01/01/2000,KOA,HI,AWP,WE,Federal Contract Tower,64,4,5,0,73,3,6,19,0,28,67,10,24,0,101,58,0,58,159
01/02/2000,KOA,HI,AWP,WE,Federal Contract Tower,83,5,6,2,96,0,13,42,0,55,83,18,48,2,151,76,0,76,227
01/03/2000,KOA,HI,AWP,WE,Federal Contract Tower,71,5,6,6,88,0,23,32,8,63,71,28,38,14,151,50,50,100,251
01/04/2000,KOA,HI,AWP,WE,Federal Contract Tower,72,5,6,6,89,0,24,54,0,78,72,29,60,6,167,46,28,74,241
01/05/2000,KOA,HI,AWP,WE,Federal Contract Tower,71,6,6,7,90,0,30,42,15,87,71,36,48,22,177,98,52,150,327
01/06/2000,KOA,HI,AWP,WE,Federal Contract Tower,70,5,5,5,85,0,14,65,0,79,70,19,70,5,164,92,22,114,278
01/07/2000,KOA,HI,AWP,WE,Federal Contract Tower,70,5,5,5,85,2,14,33,1,50,72,19,38,6,135,128,10,138,273
01/08/2000,KOA,HI,AWP,WE,Federal Contract Tower,64,4,5,3,76,3,15,32,0,50,67,19,37,3,126,54,22,76,202
01/09/2000,KOA,HI,AWP,WE,Federal Contract Tower,74,5,5,4,88,5,19,40,0,64,79,24,45,4,152,58,26,84,236
01/10/2000,KOA,HI,AWP,WE,Federal Contract Tower,68,5,5,4,82,3,21,32,0,56,71,26,37,4,138,74,60,134,272
01/11/2000,KOA,HI,AWP,WE,Federal Contract Tower,74,5,5,6,90,0,23,36,2,61,74,28,41,8,151,26,16,42,193
01/12/2000,KOA,HI,AWP,WE,Federal Contract Tower,74,4,6,6,90,0,18,49,0,67,74,22,55,6,157,74,52,126,283
01/13/2000,KOA,HI,AWP,WE,Federal Contract Tower,70,4,7,7,88,0,22,45,9,76,70,26,52,16,164,124,24,148,312
01/14/2000,KOA,HI,AWP,WE,Federal Contract Tower,73,4,6,6,89,0,23,33,3,59,73,27,39,9,148,88,30,118,266
01/15/2000,KOA,HI,AWP,WE,Federal Contract Tower,69,4,6,5,84,8,13,31,0,52,77,17,37,5,136,46,2,48,184
01/16/2000,KOA,HI,AWP,WE,Federal Contract Tower,70,4,6,2,82,4,19,38,0,61,74,23,44,2,143,94,10,104,247
01/17/2000,KOA,HI,AWP,WE,Federal Contract Tower,62,3,6,0,71,7,24,43,0,74,69,27,49,0,145,78,0,78,223
01/18/2000,KOA,HI,AWP,WE,Federal Contract Tower,73,4,6,5,88,2,15,58,11,86,75,19,64,16,174,98,30,128,302
01/19/2000,KOA,HI,AWP,WE,Federal Contract Tower,68,4,6,4,82,0,29,60,2,91,68,33,66,6,173,66,20,86,259
01/20/2000,KOA,HI,AWP,WE,Federal Contract Tower,72,4,6,5,87,0,26,46,19,91,72,30,52,24,178,72,166,238,416
01/21/2000,KOA,HI,AWP,WE,Federal Contract Tower,76,5,7,6,94,0,11,31,18,60,76,16,38,24,154,92,42,134,288
01/22/2000,KOA,HI,AWP,WE,Federal Contract Tower,73,4,6,5,88,8,39,35,3,85,81,43,41,8,173,66,18,84,257
01/23/2000,KOA,HI,AWP,WE,Federal Contract Tower,70,4,5,2,81,4,22,57,0,83,74,26,62,2,164,62,0,62,226
01/24/2000,KOA,HI,AWP,WE,Federal Contract Tower,72,4,5,7,88,0,20,27,11,58,72,24,32,18,146,52,68,120,266
01/25/2000,KOA,HI,AWP,WE,Federal Contract Tower,67,3,4,4,78,5,24,59,0,88,72,27,63,4,166,84,34,118,284
01/26/2000,KOA,HI,AWP,WE,Federal Contract Tower,72,4,5,6,87,0,36,43,4,83,72,40,48,10,170,68,24,92,262
01/27/2000,KOA,HI,AWP,WE,Federal Contract Tower,68,4,5,6,83,0,24,47,8,79,68,28,52,14,162,76,34,110,272
01/28/2000,KOA,HI,AWP,WE,Federal Contract Tower,68,3,5,2,78,7,17,43,0,67,75,20,48,2,145,119,0,119,264
01/29/2000,KOA,HI,AWP,WE,Federal Contract Tower,71,4,5,5,85,3,19,34,5,61,74,23,39,10,146,78,8,86,232
01/30/2000,KOA,HI,AWP,WE,Federal Contract Tower,69,4,5,0,78,6,16,31,0,53,75,20,36,0,131,42,0,42,173
01/31/2000,KOA,HI,AWP,WE,Federal Contract Tower,71,4,5,5,85,5,26,33,1,65,76,30,38,6,150,54,44,98,248
02/01/2000,KOA,HI,AWP,WE,Federal Contract Tower,77,4,4,6,91,3,27,34,0,64,80,31,38,6,155,24,24,48,203
02/02/2000,KOA,HI,AWP,WE,Federal Contract Tower,72,4,4,5,85,14,23,37,1,75,86,27,41,6,160,44,24,68,228
02/03/2000,KOA,HI,AWP,WE,Federal Contract Tower,72,4,4,5,85,10,31,54,9,104,82,35,58,14,189,38,10,48,237
02/04/2000,KOA,HI,AWP,WE,Federal Contract Tower,73,4,4,2,83,13,22,31,0,66,86,26,35,2,149,72,12,84,233
02/05/2000,KOA,HI,AWP,WE,Federal Contract Tower,66,4,4,0,74,12,19,26,0,57,78,23,30,0,131,56,0,56,187
02/06/2000,KOA,HI,AWP,WE,Federal Contract Tower,71,4,4,0,79,7,17,34,0,58,78,21,38,0,137,32,0,32,169
02/07/2000,KOA,HI,AWP,WE,Federal Contract Tower,67,4,4,0,75,3,15,45,0,63,70,19,49,0,138,24,0,24,162
02/08/2000,KOA,HI,AWP,WE,Federal Contract Tower,74,4,4,7,89,9,34,53,6,102,83,38,57,13,191,55,44,99,290
02/09/2000,KOA,HI,AWP,WE,Federal Contract Tower,64,4,3,5,76,1,32,42,0,75,65,36,45,5,151,74,46,120,271
02/10/2000,KOA,HI,AWP,WE,Federal Contract Tower,64,4,3,4,75,4,13,20,0,37,68,17,23,4,112,58,0,58,170
02/11/2000,KOA,HI,AWP,WE,Federal Contract Tower,79,5,4,7,95,1,14,20,5,40,80,19,24,12,135,64,28,92,227
02/12/2000,KOA,HI,AWP,WE,Federal Contract Tower,74,4,4,6,88,6,26,33,0,65,80,30,37,6,153,44,2,46,199
02/13/2000,KOA,HI,AWP,WE,Federal Contract Tower,76,4,4,7,91,2,15,37,3,57,78,19,41,10,148,24,18,42,190
02/14/2000,KOA,HI,AWP,WE,Federal Contract Tower,66,4,4,6,80,4,14,29,4,51,70,18,33,10,131,50,68,118,249
02/15/2000,KOA,HI,AWP,WE,Federal Contract Tower,73,4,4,7,88,1,17,66,15,99,74,21,70,22,187,68,10,78,265
02/16/2000,KOA,HI,AWP,WE,Federal Contract Tower,68,4,4,7,83,0,21,36,20,77,68,25,40,27,160,52,96,148,308
02/17/2000,KOA,HI,AWP,WE,Federal Contract Tower,70,3,5,6,84,0,28,44,12,84,70,31,49,18,168,74,50,124,292
02/18/2000,KOA,HI,AWP,WE,Federal Contract Tower,72,3,5,2,82,6,17,34,0,57,78,20,39,2,139,74,0,74,213
02/19/2000,KOA,HI,AWP,WE,Federal Contract Tower,87,4,5,4,100,6,22,79,0,107,93,26,84,4,207,60,0,60,267
02/20/2000,KOA,HI,AWP,WE,Federal Contract Tower,73,4,5,6,88,0,15,40,10,65,73,19,45,16,153,92,32,124,277
02/21/2000,KOA,HI,AWP,WE,Federal Contract Tower,69,3,5,2,79,3,18,39,0,60,72,21,44,2,139,78,22,100,239
02/22/2000,KOA,HI,AWP,WE,Federal Contract Tower,69,3,5,5,82,5,28,30,5,68,74,31,35,10,150,37,20,57,207
02/23/2000,KOA,HI,AWP,WE,Federal Contract Tower,81,4,6,8,99,0,29,55,14,98,81,33,61,22,197,78,52,130,327
02/24/2000,KOA,HI,AWP,WE,Federal Contract Tower,74,4,5,8,91,0,29,35,22,86,74,33,40,30,177,88,68,156,333
02/25/2000,KOA,HI,AWP,WE,Federal Contract Tower,70,3,4,7,84,0,19,44,7,70,70,22,48,14,154,48,22,70,224
02/26/2000,KOA,HI,AWP,WE,Federal Contract Tower,78,4,5,8,95,0,17,41,10,68,78,21,46,18,163,16,24,40,203
02/27/2000,KOA,HI,AWP,WE,Federal Contract Tower,82,4,4,8,98,0,18,38,2,58,82,22,42,10,156,18,22,40,196
02/28/2000,KOA,HI,AWP,WE,Federal Contract Tower,69,3,4,4,80,1,23,39,0,63,70,26,43,4,143,52,30,82,225
02/29/2000,KOA,HI,AWP,WE,Federal Contract Tower,72,3,4,7,86,3,35,46,4,88,75,38,50,11,174,48,13,61,235
03/01/2000,KOA,HI,AWP,WE,Federal Contract Tower,72,5,5,4,86,0,38,58,10,106,72,43,63,14,192,102,28,130,322
03/02/2000,KOA,HI,AWP,WE,Federal Contract Tower,70,5,4,4,83,0,18,49,0,67,70,23,53,4,150,56,4,60,210
03/03/2000,KOA,HI,AWP,WE,Federal Contract Tower,71,5,4,4,84,1,23,56,0,80,72,28,60,4,164,65,18,83,247
03/04/2000,KOA,HI,AWP,WE,Federal Contract Tower,75,5,5,2,87,2,20,55,0,77,77,25,60,2,164,88,16,104,268
03/05/2000,KOA,HI,AWP,WE,Federal Contract Tower,80,6,5,4,95,2,18,44,1,65,82,24,49,5,160,48,4,52,212
03/06/2000,KOA,HI,AWP,WE,Federal Contract Tower,65,5,4,2,76,3,21,47,0,71,68,26,51,2,147,80,0,80,227
03/07/2000,KOA,HI,AWP,WE,Federal Contract Tower,73,5,5,4,87,0,21,58,4,83,73,26,63,8,170,88,24,112,282
03/08/2000,KOA,HI,AWP,WE,Federal Contract Tower,70,5,5,4,84,0,27,57,8,92,70,32,62,12,176,78,26,104,280
03/09/2000,KOA,HI,AWP,WE,Federal Contract Tower,70,5,6,4,85,0,32,54,6,92,70,37,60,10,177,80,42,122,299
03/10/2000,KOA,HI,AWP,WE,Federal Contract Tower,77,5,6,4,92,0,21,43,4,68,77,26,49,8,160,128,20,148,308
03/11/2000,KOA,HI,AWP,WE,Federal Contract Tower,80,6,6,0,92,2,15,51,0,68,82,21,57,0,160,78,0,78,238
03/12/2000,KOA,HI,AWP,WE,Federal Contract Tower,77,5,6,0,88,6,27,50,0,83,83,32,56,0,171,24,0,24,195
03/13/2000,KOA,HI,AWP,WE,Federal Contract Tower,69,5,5,4,83,0,18,37,6,61,69,23,42,10,144,72,28,100,244
03/14/2000,KOA,HI,AWP,WE,Federal Contract Tower,74,5,6,2,87,4,24,53,0,81,78,29,59,2,168,105,0,105,273
03/15/2000,KOA,HI,AWP,WE,Federal Contract Tower,68,5,5,3,81,5,19,48,1,73,73,24,53,4,154,90,0,90,244
03/16/2000,KOA,HI,AWP,WE,Federal Contract Tower,72,5,5,4,86,0,18,56,6,80,72,23,61,10,166,96,6,102,268
03/17/2000,KOA,HI,AWP,WE,Federal Contract Tower,75,4,6,5,90,0,17,38,5,60,75,21,44,10,150,83,20,103,253
03/18/2000,KOA,HI,AWP,WE,Federal Contract Tower,75,4,6,4,89,11,9,30,0,50,86,13,36,4,139,64,6,70,209
03/19/2000,KOA,HI,AWP,WE,Federal Contract Tower,70,4,5,4,83,5,17,34,0,56,75,21,39,4,139,58,0,58,197
03/20/2000,KOA,HI,AWP,WE,Federal Contract Tower,71,4,5,5,85,0,17,34,7,58,71,21,39,12,143,84,4,88,231
03/21/2000,KOA,HI,AWP,WE,Federal Contract Tower,76,4,6,5,91,0,24,23,11,58,76,28,29,16,149,61,42,103,252
03/22/2000,KOA,HI,AWP,WE,Federal Contract Tower,73,5,6,6,90,0,21,55,22,98,73,26,61,28,188,64,74,138,326
03/23/2000,KOA,HI,AWP,WE,Federal Contract Tower,75,4,5,4,88,0,26,53,0,79,75,30,58,4,167,70,48,118,285
03/24/2000,KOA,HI,AWP,WE,Federal Contract Tower,72,4,4,0,80,7,17,21,0,45,79,21,25,0,125,82,0,82,207
03/25/2000,KOA,HI,AWP,WE,Federal Contract Tower,79,4,5,0,88,1,22,47,0,70,80,26,52,0,158,68,0,68,226
03/26/2000,KOA,HI,AWP,WE,Federal Contract Tower,80,5,5,0,90,7,17,30,0,54,87,22,35,0,144,52,0,52,196
03/27/2000,KOA,HI,AWP,WE,Federal Contract Tower,68,4,4,4,80,3,19,38,2,62,71,23,42,6,142,104,12,116,258
03/28/2000,KOA,HI,AWP,WE,Federal Contract Tower,72,4,5,0,81,0,20,71,0,91,72,24,76,0,172,126,0,126,298
03/29/2000,KOA,HI,AWP,WE,Federal Contract Tower,72,4,5,4,85,0,35,60,2,97,72,39,65,6,182,86,2,88,270
03/30/2000,KOA,HI,AWP,WE,Federal Contract Tower,70,4,6,4,84,0,19,44,12,75,70,23,50,16,159,62,22,84,243
03/31/2000,KOA,HI,AWP,WE,Federal Contract Tower,74,4,6,4,88,0,15,41,10,66,74,19,47,14,154,88,28,116,270
04/01/2000,KOA,HI,AWP,WE,Federal Contract Tower,78,4,5,6,93,0,12,47,0,59,78,16,52,6,152,66,20,86,238
04/02/2000,KOA,HI,AWP,WE,Federal Contract Tower,80,4,5,4,93,2,14,20,0,36,82,18,25,4,129,12,10,22,151
04/03/2000,KOA,HI,AWP,WE,Federal Contract Tower,80,4,6,4,94,0,18,33,7,58,80,22,39,11,152,100,40,140,292
04/04/2000,KOA,HI,AWP,WE,Federal Contract Tower,82,4,5,4,95,0,22,45,10,77,82,26,50,14,172,56,58,114,286
04/05/2000,KOA,HI,AWP,WE,Federal Contract Tower,73,4,5,3,85,5,20,35,3,63,78,24,40,6,148,58,2,60,208
04/06/2000,KOA,HI,AWP,WE,Federal Contract Tower,80,4,6,4,94,0,20,62,12,94,80,24,68,16,188,122,62,184,372
04/07/2000,KOA,HI,AWP,WE,Federal Contract Tower,77,4,5,0,86,3,20,39,0,62,80,24,44,0,148,62,0,62,210
04/08/2000,KOA,HI,AWP,WE,Federal Contract Tower,77,4,5,1,87,5,13,44,0,62,82,17,49,1,149,80,0,80,229
04/09/2000,KOA,HI,AWP,WE,Federal Contract Tower,74,4,5,2,85,5,16,21,0,42,79,20,26,2,127,0,0,0,127
04/10/2000,KOA,HI,AWP,WE,Federal Contract Tower,74,4,5,2,85,6,30,36,0,72,80,34,41,2,157,34,52,86,243
04/11/2000,KOA,HI,AWP,WE,Federal Contract Tower,73,4,5,0,82,6,27,48,0,81,79,31,53,0,163,79,0,79,242
04/12/2000,KOA,HI,AWP,WE,Federal Contract Tower,76,4,6,0,86,5,25,54,0,84,81,29,60,0,170,40,0,40,210
04/13/2000,KOA,HI,AWP,WE,Federal Contract Tower,79,4,7,4,94,0,28,57,8,93,79,32,64,12,187,122,76,198,385
04/14/2000,KOA,HI,AWP,WE,Federal Contract Tower,80,4,6,0,90,4,26,51,0,81,84,30,57,0,171,96,0,96,267
04/15/2000,KOA,HI,AWP,WE,Federal Contract Tower,82,4,6,4,96,0,51,55,4,110,82,55,61,8,206,52,6,58,264
04/16/2000,KOA,HI,AWP,WE,Federal Contract Tower,77,4,6,0,87,5,25,40,0,70,82,29,46,0,157,56,0,56,213
04/17/2000,KOA,HI,AWP,WE,Federal Contract Tower,72,4,6,2,84,5,21,50,0,76,77,25,56,2,160,90,32,122,282
04/18/2000,KOA,HI,AWP,WE,Federal Contract Tower,82,5,7,4,98,0,28,47,10,85,82,33,54,14,183,63,54,117,300
04/19/2000,KOA,HI,AWP,WE,Federal Contract Tower,72,3,7,5,87,0,25,46,9,80,72,28,53,14,167,82,56,138,305
04/20/2000,KOA,HI,AWP,WE,Federal Contract Tower,81,3,6,2,92,1,30,55,0,86,82,33,61,2,178,110,2,112,290
04/21/2000,KOA,HI,AWP,WE,Federal Contract Tower,77,3,6,4,90,5,32,56,0,93,82,35,62,4,183,43,22,65,248
04/22/2000,KOA,HI,AWP,WE,Federal Contract Tower,78,3,7,5,93,0,17,41,3,61,78,20,48,8,154,97,32,129,283
04/23/2000,KOA,HI,AWP,WE,Federal Contract Tower,80,3,6,0,89,4,24,36,0,64,84,27,42,0,153,48,0,48,201
04/24/2000,KOA,HI,AWP,WE,Federal Contract Tower,72,3,6,2,83,6,28,41,0,75,78,31,47,2,158,102,2,104,262
04/25/2000,KOA,HI,AWP,WE,Federal Contract Tower,79,3,7,5,94,0,42,44,30,116,79,45,51,35,210,80,66,146,356
04/26/2000,KOA,HI,AWP,WE,Federal Contract Tower,81,3,5,5,94,0,35,54,3,92,81,38,59,8,186,66,40,106,292
04/27/2000,KOA,HI,AWP,WE,Federal Contract Tower,83,3,6,5,97,0,50,48,7,105,83,53,54,12,202,28,48,76,278
04/28/2000,KOA,HI,AWP,WE,Federal Contract Tower,77,3,4,0,84,1,23,48,0,72,78,26,52,0,156,62,0,62,218
04/29/2000,KOA,HI,AWP,WE,Federal Contract Tower,79,3,5,3,90,5,19,44,0,68,84,22,49,3,158,86,0,86,244
04/30/2000,KOA,HI,AWP,WE,Federal Contract Tower,82,3,5,2,92,1,16,39,0,56,83,19,44,2,148,16,8,24,172
05/01/2000,KOA,HI,AWP,WE,Federal Contract Tower,77,4,3,6,90,1,28,46,2,77,78,32,49,8,167,104,18,122,289
05/02/2000,KOA,HI,AWP,WE,Federal Contract Tower,82,4,4,5,95,1,35,38,1,75,83,39,42,6,170,68,36,104,274
05/03/2000,KOA,HI,AWP,WE,Federal Contract Tower,81,4,4,6,95,0,49,47,17,113,81,53,51,23,208,64,64,128,336
05/04/2000,KOA,HI,AWP,WE,Federal Contract Tower,78,4,3,0,85,6,23,48,0,77,84,27,51,0,162,88,0,88,250
05/05/2000,KOA,HI,AWP,WE,Federal Contract Tower,75,4,3,0,82,8,20,60,0,88,83,24,63,0,170,77,0,77,247
05/06/2000,KOA,HI,AWP,WE,Federal Contract Tower,78,4,3,0,85,4,25,62,0,91,82,29,65,0,176,58,0,58,234
05/07/2000,KOA,HI,AWP,WE,Federal Contract Tower,80,4,4,0,88,8,22,26,0,56,88,26,30,0,144,32,0,32,176
05/08/2000,KOA,HI,AWP,WE,Federal Contract Tower,79,4,4,6,93,3,28,36,4,71,82,32,40,10,164,44,0,44,208
05/09/2000,KOA,HI,AWP,WE,Federal Contract Tower,84,4,4,7,99,0,27,47,9,83,84,31,51,16,182,76,32,108,290
05/10/2000,KOA,HI,AWP,WE,Federal Contract Tower,79,4,4,6,93,1,35,41,10,87,80,39,45,16,180,86,64,150,330
05/11/2000,KOA,HI,AWP,WE,Federal Contract Tower,82,4,4,6,96,0,8,41,4,53,82,12,45,10,149,54,42,96,245
05/12/2000,KOA,HI,AWP,WE,Federal Contract Tower,82,4,4,6,96,0,17,45,6,68,82,21,49,12,164,40,18,58,222
05/13/2000,KOA,HI,AWP,WE,Federal Contract Tower,75,3,4,0,82,5,15,54,0,74,80,18,58,0,156,72,0,72,228
05/14/2000,KOA,HI,AWP,WE,Federal Contract Tower,74,3,4,0,81,8,16,39,0,63,82,19,43,0,144,32,0,32,176
05/15/2000,KOA,HI,AWP,WE,Federal Contract Tower,79,3,5,6,93,0,27,38,6,71,79,30,43,12,164,38,44,82,246
05/16/2000,KOA,HI,AWP,WE,Federal Contract Tower,84,3,5,6,98,0,29,45,4,78,84,32,50,10,176,62,54,116,292
05/17/2000,KOA,HI,AWP,WE,Federal Contract Tower,76,3,5,6,90,0,31,35,4,70,76,34,40,10,160,54,88,142,302
05/18/2000,KOA,HI,AWP,WE,Federal Contract Tower,78,3,4,5,90,0,18,31,3,52,78,21,35,8,142,116,20,136,278
05/19/2000,KOA,HI,AWP,WE,Federal Contract Tower,83,3,6,6,98,0,23,44,12,79,83,26,50,18,177,77,44,121,298
05/20/2000,KOA,HI,AWP,WE,Federal Contract Tower,80,3,5,6,94,0,52,92,12,156,80,55,97,18,250,76,24,100,350
05/21/2000,KOA,HI,AWP,WE,Federal Contract Tower,80,3,4,5,92,5,18,32,21,76,85,21,36,26,168,54,20,74,242
05/22/2000,KOA,HI,AWP,WE,Federal Contract Tower,77,3,4,5,89,4,21,38,5,68,81,24,42,10,157,26,10,36,193
05/23/2000,KOA,HI,AWP,WE,Federal Contract Tower,86,4,5,6,101,0,27,62,16,105,86,31,67,22,206,74,50,124,330
05/24/2000,KOA,HI,AWP,WE,Federal Contract Tower,83,3,4,6,96,0,37,53,12,102,83,40,57,18,198,78,36,114,312
05/25/2000,KOA,HI,AWP,WE,Federal Contract Tower,76,3,3,0,82,6,28,52,0,86,82,31,55,0,168,88,0,88,256
05/26/2000,KOA,HI,AWP,WE,Federal Contract Tower,84,3,4,7,98,0,14,25,7,46,84,17,29,14,144,64,42,106,250
05/27/2000,KOA,HI,AWP,WE,Federal Contract Tower,78,3,3,6,90,8,13,36,0,57,86,16,39,6,147,56,14,70,217
05/28/2000,KOA,HI,AWP,WE,Federal Contract Tower,80,3,3,4,90,5,15,20,0,40,85,18,23,4,130,30,34,64,194
05/29/2000,KOA,HI,AWP,WE,Federal Contract Tower,84,3,4,0,91,7,29,39,0,75,91,32,43,0,166,54,0,54,220
05/30/2000,KOA,HI,AWP,WE,Federal Contract Tower,78,3,4,7,92,0,24,48,13,85,78,27,52,20,177,88,26,114,291
05/31/2000,KOA,HI,AWP,WE,Federal Contract Tower,76,3,4,6,89,0,29,55,4,88,76,32,59,10,177,112,58,170,347
06/01/2000,KOA,HI,AWP,WE,Federal Contract Tower,80,4,3,5,92,1,21,45,11,78,81,25,48,16,170,114,18,132,302
06/02/2000,KOA,HI,AWP,WE,Federal Contract Tower,81,4,3,0,88,3,17,57,0,77,84,21,60,0,165,90,0,90,255
06/03/2000,KOA,HI,AWP,WE,Federal Contract Tower,77,4,3,1,85,5,8,49,0,62,82,12,52,1,147,64,0,64,211
06/04/2000,KOA,HI,AWP,WE,Federal Contract Tower,82,4,3,0,89,4,22,26,0,52,86,26,29,0,141,22,0,22,163
06/05/2000,KOA,HI,AWP,WE,Federal Contract Tower,76,4,3,4,87,2,31,51,2,86,78,35,54,6,173,98,74,172,345
06/06/2000,KOA,HI,AWP,WE,Federal Contract Tower,84,4,3,6,97,0,34,61,4,99,84,38,64,10,196,98,36,134,330
06/07/2000,KOA,HI,AWP,WE,Federal Contract Tower,80,4,3,6,93,0,30,53,9,92,80,34,56,15,185,134,74,208,393
06/08/2000,KOA,HI,AWP,WE,Federal Contract Tower,74,4,3,3,84,5,19,51,0,75,79,23,54,3,159,162,0,162,321
06/09/2000,KOA,HI,AWP,WE,Federal Contract Tower,82,5,3,5,95,0,23,61,3,87,82,28,64,8,182,95,6,101,283
06/10/2000,KOA,HI,AWP,WE,Federal Contract Tower,78,4,3,2,87,7,15,38,0,60,85,19,41,2,147,106,2,108,255
06/11/2000,KOA,HI,AWP,WE,Federal Contract Tower,77,3,4,0,84,4,14,42,0,60,81,17,46,0,144,28,0,28,172
06/12/2000,KOA,HI,AWP,WE,Federal Contract Tower,79,3,4,5,91,0,29,57,13,99,79,32,61,18,190,74,46,120,310
06/13/2000,KOA,HI,AWP,WE,Federal Contract Tower,82,4,4,6,96,0,42,44,18,104,82,46,48,24,200,71,76,147,347
06/14/2000,KOA,HI,AWP,WE,Federal Contract Tower,74,3,4,4,85,1,40,52,2,95,75,43,56,6,180,78,12,90,270
06/15/2000,KOA,HI,AWP,WE,Federal Contract Tower,79,4,5,6,94,0,37,32,4,73,79,41,37,10,167,102,24,126,293
06/16/2000,KOA,HI,AWP,WE,Federal Contract Tower,84,4,4,5,97,1,30,68,1,100,85,34,72,6,197,172,22,194,391
06/17/2000,KOA,HI,AWP,WE,Federal Contract Tower,76,3,4,0,83,7,22,44,0,73,83,25,48,0,156,114,0,114,270
06/18/2000,KOA,HI,AWP,WE,Federal Contract Tower,79,3,4,0,86,8,21,20,0,49,87,24,24,0,135,32,0,32,167
06/19/2000,KOA,HI,AWP,WE,Federal Contract Tower,81,3,4,4,92,1,39,52,2,94,82,42,56,6,186,160,28,188,374
06/20/2000,KOA,HI,AWP,WE,Federal Contract Tower,82,3,4,4,93,0,31,48,2,81,82,34,52,6,174,146,8,154,328
06/21/2000,KOA,HI,AWP,WE,Federal Contract Tower,78,3,4,4,89,2,30,27,2,61,80,33,31,6,150,154,36,190,340
06/22/2000,KOA,HI,AWP,WE,Federal Contract Tower,90,4,4,4,102,0,19,53,0,72,90,23,57,4,174,230,42,272,446
06/23/2000,KOA,HI,AWP,WE,Federal Contract Tower,86,3,3,6,98,0,24,55,4,83,86,27,58,10,181,120,8,128,309
06/24/2000,KOA,HI,AWP,WE,Federal Contract Tower,84,3,3,4,94,2,21,40,0,63,86,24,43,4,157,48,0,48,205
06/25/2000,KOA,HI,AWP,WE,Federal Contract Tower,88,3,3,6,100,2,20,22,0,44,90,23,25,6,144,44,4,48,192
06/26/2000,KOA,HI,AWP,WE,Federal Contract Tower,73,3,3,4,83,6,23,55,8,92,79,26,58,12,175,128,8,136,311
06/27/2000,KOA,HI,AWP,WE,Federal Contract Tower,86,4,3,6,99,0,42,49,12,103,86,46,52,18,202,145,86,231,433
06/28/2000,KOA,HI,AWP,WE,Federal Contract Tower,84,4,3,5,96,0,29,50,9,88,84,33,53,14,184,172,56,228,412
06/29/2000,KOA,HI,AWP,WE,Federal Contract Tower,81,4,3,5,93,0,45,56,9,110,81,49,59,14,203,202,30,232,435
06/30/2000,KOA,HI,AWP,WE,Federal Contract Tower,85,4,3,0,92,3,36,57,0,96,88,40,60,0,188,88,0,88,276
07/01/2000,KOA,HI,AWP,WE,Federal Contract Tower,82,4,4,0,90,8,15,22,0,45,90,19,26,0,135,52,0,52,187
07/02/2000,KOA,HI,AWP,WE,Federal Contract Tower,83,4,4,2,93,4,13,11,0,28,87,17,15,2,121,22,28,50,171
07/03/2000,KOA,HI,AWP,WE,Federal Contract Tower,83,4,3,4,94,0,34,37,6,77,83,38,40,10,171,80,46,126,297
07/04/2000,KOA,HI,AWP,WE,Federal Contract Tower,81,4,3,0,88,4,29,46,0,79,85,33,49,0,167,62,0,62,229
07/05/2000,KOA,HI,AWP,WE,Federal Contract Tower,86,4,3,4,97,0,38,78,0,116,86,42,81,4,213,202,48,250,463
07/06/2000,KOA,HI,AWP,WE,Federal Contract Tower,85,4,3,4,96,5,24,58,6,93,90,28,61,10,189,102,22,124,313
07/07/2000,KOA,HI,AWP,WE,Federal Contract Tower,88,4,4,4,100,0,28,48,6,82,88,32,52,10,182,130,52,182,364
07/08/2000,KOA,HI,AWP,WE,Federal Contract Tower,87,4,3,4,98,0,17,44,2,63,87,21,47,6,161,102,22,124,285
07/09/2000,KOA,HI,AWP,WE,Federal Contract Tower,91,4,4,0,99,3,22,33,0,58,94,26,37,0,157,32,0,32,189
07/10/2000,KOA,HI,AWP,WE,Federal Contract Tower,83,4,3,4,94,0,34,50,0,84,83,38,53,4,178,136,2,138,316
07/11/2000,KOA,HI,AWP,WE,Federal Contract Tower,84,4,3,4,95,0,31,49,6,86,84,35,52,10,181,98,38,136,317
07/12/2000,KOA,HI,AWP,WE,Federal Contract Tower,84,4,3,4,95,0,33,59,6,98,84,37,62,10,193,154,22,176,369
07/13/2000,KOA,HI,AWP,WE,Federal Contract Tower,79,4,3,3,89,2,35,43,5,85,81,39,46,8,174,84,10,94,268
07/14/2000,KOA,HI,AWP,WE,Federal Contract Tower,85,4,3,4,96,3,33,49,2,87,88,37,52,6,183,100,26,126,309
07/15/2000,KOA,HI,AWP,WE,Federal Contract Tower,87,4,3,4,98,0,22,60,6,88,87,26,63,10,186,76,22,98,284
07/16/2000,KOA,HI,AWP,WE,Federal Contract Tower,85,4,3,0,92,6,19,28,0,53,91,23,31,0,145,44,0,44,189
07/17/2000,KOA,HI,AWP,WE,Federal Contract Tower,83,4,3,5,95,0,37,43,5,85,83,41,46,10,180,118,40,158,338
07/18/2000,KOA,HI,AWP,WE,Federal Contract Tower,85,4,3,5,97,0,31,61,1,93,85,35,64,6,190,114,4,118,308
07/19/2000,KOA,HI,AWP,WE,Federal Contract Tower,86,4,4,5,99,0,33,42,7,82,86,37,46,12,181,64,56,120,301
07/20/2000,KOA,HI,AWP,WE,Federal Contract Tower,84,4,3,5,96,0,37,41,9,87,84,41,44,14,183,104,28,132,315
07/21/2000,KOA,HI,AWP,WE,Federal Contract Tower,90,3,5,5,103,0,21,43,5,69,90,24,48,10,172,104,26,130,302
07/22/2000,KOA,HI,AWP,WE,Federal Contract Tower,83,3,4,5,95,5,15,41,3,64,88,18,45,8,159,82,6,88,247
07/23/2000,KOA,HI,AWP,WE,Federal Contract Tower,94,4,5,4,107,0,28,59,6,93,94,32,64,10,200,92,0,92,292
07/24/2000,KOA,HI,AWP,WE,Federal Contract Tower,76,3,4,4,87,3,22,44,4,73,79,25,48,8,160,114,2,116,276
07/25/2000,KOA,HI,AWP,WE,Federal Contract Tower,82,3,5,5,95,0,24,53,17,94,82,27,58,22,189,98,28,126,315
07/26/2000,KOA,HI,AWP,WE,Federal Contract Tower,76,3,4,4,87,0,16,59,9,84,76,19,63,13,171,92,94,186,357
07/27/2000,KOA,HI,AWP,WE,Federal Contract Tower,85,4,5,4,98,0,22,32,14,68,85,26,37,18,166,52,54,106,272
07/28/2000,KOA,HI,AWP,WE,Federal Contract Tower,84,3,4,4,95,4,23,30,4,61,88,26,34,8,156,44,14,58,214
07/29/2000,KOA,HI,AWP,WE,Federal Contract Tower,91,3,5,4,103,0,21,27,6,54,91,24,32,10,157,28,14,42,199
07/30/2000,KOA,HI,AWP,WE,Federal Contract Tower,92,3,5,4,104,5,22,24,0,51,97,25,29,4,155,36,6,42,197
07/31/2000,KOA,HI,AWP,WE,Federal Contract Tower,89,3,5,4,101,0,24,18,2,44,89,27,23,6,145,58,32,90,235
08/01/2000,KOA,HI,AWP,WE,Federal Contract Tower,79,4,4,6,93,6,38,20,2,66,85,42,24,8,159,52,46,98,257
08/02/2000,KOA,HI,AWP,WE,Federal Contract Tower,83,4,4,6,97,0,14,21,4,39,83,18,25,10,136,40,64,104,240
08/03/2000,KOA,HI,AWP,WE,Federal Contract Tower,84,4,4,2,94,3,20,30,0,53,87,24,34,2,147,20,2,22,169
08/04/2000,KOA,HI,AWP,WE,Federal Contract Tower,90,5,4,7,106,0,18,37,3,58,90,23,41,10,164,48,82,130,294
08/05/2000,KOA,HI,AWP,WE,Federal Contract Tower,87,5,4,6,102,3,17,40,0,60,90,22,44,6,162,48,44,92,254
08/06/2000,KOA,HI,AWP,WE,Federal Contract Tower,84,4,4,2,94,5,19,35,0,59,89,23,39,2,153,30,10,40,193
08/07/2000,KOA,HI,AWP,WE,Federal Contract Tower,83,5,4,7,99,0,23,42,2,67,83,28,46,9,166,16,72,88,254
08/08/2000,KOA,HI,AWP,WE,Federal Contract Tower,77,4,4,6,91,5,31,51,4,91,82,35,55,10,182,76,32,108,290
08/09/2000,KOA,HI,AWP,WE,Federal Contract Tower,81,5,4,6,96,0,18,44,6,68,81,23,48,12,164,56,36,92,256
08/10/2000,KOA,HI,AWP,WE,Federal Contract Tower,81,5,4,6,96,0,24,39,4,67,81,29,43,10,163,92,8,100,263
08/11/2000,KOA,HI,AWP,WE,Federal Contract Tower,87,5,4,4,100,1,19,35,0,55,88,24,39,4,155,58,48,106,261
08/12/2000,KOA,HI,AWP,WE,Federal Contract Tower,86,4,4,2,96,9,26,43,0,78,95,30,47,2,174,42,30,72,246
08/13/2000,KOA,HI,AWP,WE,Federal Contract Tower,94,5,4,2,105,7,28,33,0,68,101,33,37,2,173,46,8,54,227
08/14/2000,KOA,HI,AWP,WE,Federal Contract Tower,86,5,4,6,101,0,26,54,8,88,86,31,58,14,189,24,68,92,281
08/15/2000,KOA,HI,AWP,WE,Federal Contract Tower,83,4,4,6,97,2,36,44,14,96,85,40,48,20,193,62,36,98,291
08/16/2000,KOA,HI,AWP,WE,Federal Contract Tower,83,4,4,4,95,4,22,33,0,59,87,26,37,4,154,88,6,94,248
08/17/2000,KOA,HI,AWP,WE,Federal Contract Tower,86,3,5,6,100,4,36,40,0,80,90,39,45,6,180,116,18,134,314
08/18/2000,KOA,HI,AWP,WE,Federal Contract Tower,84,3,5,2,94,4,13,19,0,36,88,16,24,2,130,108,0,108,238
08/19/2000,KOA,HI,AWP,WE,Federal Contract Tower,85,3,5,0,93,5,25,59,0,89,90,28,64,0,182,78,0,78,260
08/20/2000,KOA,HI,AWP,WE,Federal Contract Tower,91,4,5,0,100,2,16,29,0,47,93,20,34,0,147,58,0,58,205
08/21/2000,KOA,HI,AWP,WE,Federal Contract Tower,83,3,5,4,95,0,27,27,0,54,83,30,32,4,149,76,2,78,227
08/22/2000,KOA,HI,AWP,WE,Federal Contract Tower,87,4,5,6,102,0,35,53,9,97,87,39,58,15,199,88,56,144,343
08/23/2000,KOA,HI,AWP,WE,Federal Contract Tower,80,3,4,4,91,2,20,37,0,59,82,23,41,4,150,68,28,96,246
08/24/2000,KOA,HI,AWP,WE,Federal Contract Tower,82,4,4,8,98,0,11,38,0,49,82,15,42,8,147,40,32,72,219
08/25/2000,KOA,HI,AWP,WE,Federal Contract Tower,88,4,4,6,102,1,25,43,2,71,89,29,47,8,173,44,12,56,229
08/26/2000,KOA,HI,AWP,WE,Federal Contract Tower,80,3,4,2,89,7,19,31,0,57,87,22,35,2,146,68,4,72,218
08/27/2000,KOA,HI,AWP,WE,Federal Contract Tower,83,3,4,0,90,7,12,38,0,57,90,15,42,0,147,26,0,26,173
08/28/2000,KOA,HI,AWP,WE,Federal Contract Tower,83,4,4,6,97,0,19,42,7,68,83,23,46,13,165,42,0,42,207
08/29/2000,KOA,HI,AWP,WE,Federal Contract Tower,82,3,4,7,96,0,19,44,5,68,82,22,48,12,164,66,72,138,302
08/30/2000,KOA,HI,AWP,WE,Federal Contract Tower,79,4,4,2,89,0,6,24,0,30,79,10,28,2,119,52,22,74,193
08/31/2000,KOA,HI,AWP,WE,Federal Contract Tower,83,4,4,7,98,0,22,29,5,56,83,26,33,12,154,58,92,150,304
09/01/2000,KOA,HI,AWP,WE,Federal Contract Tower,85,5,4,2,96,4,12,36,0,52,89,17,40,2,148,36,8,44,192
09/02/2000,KOA,HI,AWP,WE,Federal Contract Tower,74,4,4,0,82,11,8,28,0,47,85,12,32,0,129,22,0,22,151
09/03/2000,KOA,HI,AWP,WE,Federal Contract Tower,84,4,4,7,99,5,11,26,1,43,89,15,30,8,142,16,32,48,190
09/04/2000,KOA,HI,AWP,WE,Federal Contract Tower,84,4,4,7,99,4,9,32,2,47,88,13,36,9,146,26,46,72,218
09/05/2000,KOA,HI,AWP,WE,Federal Contract Tower,82,5,5,6,98,0,9,41,18,68,82,14,46,24,166,57,112,169,335
09/06/2000,KOA,HI,AWP,WE,Federal Contract Tower,76,4,5,4,89,0,11,37,0,48,76,15,42,4,137,68,98,166,303
09/07/2000,KOA,HI,AWP,WE,Federal Contract Tower,77,4,4,0,85,5,19,23,0,47,82,23,27,0,132,18,0,18,150
09/08/2000,KOA,HI,AWP,WE,Federal Contract Tower,76,4,4,4,88,3,16,30,0,49,79,20,34,4,137,22,16,38,175
09/09/2000,KOA,HI,AWP,WE,Federal Contract Tower,69,4,4,0,77,9,13,55,0,77,78,17,59,0,154,56,0,56,210
09/10/2000,KOA,HI,AWP,WE,Federal Contract Tower,73,4,4,0,81,7,13,33,0,53,80,17,37,0,134,34,0,34,168
09/11/2000,KOA,HI,AWP,WE,Federal Contract Tower,75,4,4,2,85,7,18,43,0,68,82,22,47,2,153,78,38,116,269
09/12/2000,KOA,HI,AWP,WE,Federal Contract Tower,80,5,5,8,98,0,19,55,18,92,80,24,60,26,190,88,40,128,318
09/13/2000,KOA,HI,AWP,WE,Federal Contract Tower,84,5,5,9,103,0,21,56,5,82,84,26,61,14,185,58,78,136,321
09/14/2000,KOA,HI,AWP,WE,Federal Contract Tower,79,4,5,7,95,0,17,60,1,78,79,21,65,8,173,96,24,120,293
09/15/2000,KOA,HI,AWP,WE,Federal Contract Tower,77,4,5,6,92,4,15,49,0,68,81,19,54,6,160,56,44,100,260
09/16/2000,KOA,HI,AWP,WE,Federal Contract Tower,74,4,4,2,84,11,8,42,0,61,85,12,46,2,145,108,0,108,253
09/17/2000,KOA,HI,AWP,WE,Federal Contract Tower,72,4,4,7,87,8,11,52,61,132,80,15,56,68,219,0,0,0,219
09/18/2000,KOA,HI,AWP,WE,Federal Contract Tower,72,4,4,2,82,8,8,39,0,55,80,12,43,2,137,80,0,80,217
09/19/2000,KOA,HI,AWP,WE,Federal Contract Tower,80,4,6,7,97,0,14,66,9,89,80,18,72,16,186,138,38,176,362
09/20/2000,KOA,HI,AWP,WE,Federal Contract Tower,74,3,5,2,84,1,17,81,0,99,75,20,86,2,183,172,0,172,355
09/21/2000,KOA,HI,AWP,WE,Federal Contract Tower,76,3,5,6,90,2,20,39,1,62,78,23,44,7,152,78,0,78,230
09/22/2000,KOA,HI,AWP,WE,Federal Contract Tower,77,3,5,7,92,0,13,43,1,57,77,16,48,8,149,88,12,100,249
09/23/2000,KOA,HI,AWP,WE,Federal Contract Tower,76,3,5,6,90,5,14,77,0,96,81,17,82,6,186,106,18,124,310
09/24/2000,KOA,HI,AWP,WE,Federal Contract Tower,78,3,5,0,86,7,9,40,0,56,85,12,45,0,142,66,0,66,208
09/25/2000,KOA,HI,AWP,WE,Federal Contract Tower,81,3,6,5,95,0,24,33,0,57,81,27,39,5,152,142,42,184,336
09/26/2000,KOA,HI,AWP,WE,Federal Contract Tower,82,4,6,7,99,0,21,59,7,87,82,25,65,14,186,82,94,176,362
09/27/2000,KOA,HI,AWP,WE,Federal Contract Tower,81,4,7,8,100,0,20,33,20,73,81,24,40,28,173,84,42,126,299
09/28/2000,KOA,HI,AWP,WE,Federal Contract Tower,86,5,6,10,107,0,10,30,22,62,86,15,36,32,169,88,116,204,373
09/29/2000,KOA,HI,AWP,WE,Federal Contract Tower,80,4,5,8,97,0,23,51,8,82,80,27,56,16,179,82,22,104,283
09/30/2000,KOA,HI,AWP,WE,Federal Contract Tower,73,3,4,3,83,9,11,45,0,65,82,14,49,3,148,54,0,54,202
10/01/2000,KOA,HI,AWP,WE,Federal Contract Tower,76,5,2,0,83,6,14,51,0,71,82,19,53,0,154,120,0,120,274
10/02/2000,KOA,HI,AWP,WE,Federal Contract Tower,80,5,2,4,91,1,23,49,0,73,81,28,51,4,164,120,16,136,300
10/03/2000,KOA,HI,AWP,WE,Federal Contract Tower,82,5,2,4,93,0,11,63,2,76,82,16,65,6,169,92,18,110,279
10/04/2000,KOA,HI,AWP,WE,Federal Contract Tower,77,5,2,0,84,5,17,30,0,52,82,22,32,0,136,146,0,146,282
10/05/2000,KOA,HI,AWP,WE,Federal Contract Tower,82,5,2,5,94,0,21,40,3,64,82,26,42,8,158,86,12,98,256
10/06/2000,KOA,HI,AWP,WE,Federal Contract Tower,87,5,3,5,100,0,8,38,6,52,87,13,41,11,152,110,88,198,350
10/07/2000,KOA,HI,AWP,WE,Federal Contract Tower,74,4,2,0,80,8,2,37,0,47,82,6,39,0,127,100,0,100,227
10/08/2000,KOA,HI,AWP,WE,Federal Contract Tower,76,4,2,0,82,7,17,35,0,59,83,21,37,0,141,98,0,98,239
10/09/2000,KOA,HI,AWP,WE,Federal Contract Tower,82,4,3,4,93,0,14,30,2,46,82,18,33,6,139,88,32,120,259
10/10/2000,KOA,HI,AWP,WE,Federal Contract Tower,81,4,3,4,92,0,17,55,10,82,81,21,58,14,174,84,58,142,316
10/11/2000,KOA,HI,AWP,WE,Federal Contract Tower,79,4,3,2,88,2,24,59,0,85,81,28,62,2,173,84,2,86,259
10/12/2000,KOA,HI,AWP,WE,Federal Contract Tower,80,5,4,6,95,0,14,40,10,64,80,19,44,16,159,92,48,140,299
10/13/2000,KOA,HI,AWP,WE,Federal Contract Tower,73,3,3,2,81,6,15,52,0,73,79,18,55,2,154,58,2,60,214
10/14/2000,KOA,HI,AWP,WE,Federal Contract Tower,77,4,3,2,86,3,13,37,0,53,80,17,40,2,139,78,28,106,245
10/15/2000,KOA,HI,AWP,WE,Federal Contract Tower,76,3,3,4,86,6,20,38,0,64,82,23,41,4,150,64,0,64,214
10/16/2000,KOA,HI,AWP,WE,Federal Contract Tower,79,4,3,5,91,2,17,47,1,67,81,21,50,6,158,102,36,138,296
10/17/2000,KOA,HI,AWP,WE,Federal Contract Tower,85,4,4,5,98,0,22,76,7,105,85,26,80,12,203,134,24,158,361
10/18/2000,KOA,HI,AWP,WE,Federal Contract Tower,77,4,3,5,89,1,23,65,7,96,78,27,68,12,185,184,44,228,413
10/19/2000,KOA,HI,AWP,WE,Federal Contract Tower,8,4,4,6,22,0,25,66,6,97,8,29,70,12,119,156,42,198,317
10/20/2000,KOA,HI,AWP,WE,Federal Contract Tower,80,4,3,2,89,1,24,41,0,66,81,28,44,2,155,100,0,100,255
10/21/2000,KOA,HI,AWP,WE,Federal Contract Tower,79,4,3,4,90,5,17,51,0,73,84,21,54,4,163,102,6,108,271
10/22/2000,KOA,HI,AWP,WE,Federal Contract Tower,78,4,3,2,87,5,15,45,0,65,83,19,48,2,152,148,0,148,300
10/23/2000,KOA,HI,AWP,WE,Federal Contract Tower,81,4,4,5,94,0,26,76,6,108,81,30,80,11,202,70,56,126,328
10/24/2000,KOA,HI,AWP,WE,Federal Contract Tower,77,3,3,0,83,3,23,57,0,83,80,26,60,0,166,66,0,66,232
10/25/2000,KOA,HI,AWP,WE,Federal Contract Tower,82,4,4,5,95,0,21,71,11,103,82,25,75,16,198,134,2,136,334
10/26/2000,KOA,HI,AWP,WE,Federal Contract Tower,83,4,4,4,95,0,17,53,4,74,83,21,57,8,169,108,92,200,369
10/27/2000,KOA,HI,AWP,WE,Federal Contract Tower,81,4,2,4,91,0,16,54,0,70,81,20,56,4,161,104,22,126,287
10/28/2000,KOA,HI,AWP,WE,Federal Contract Tower,77,4,2,5,88,2,15,50,1,68,79,19,52,6,156,128,14,142,298
10/29/2000,KOA,HI,AWP,WE,Federal Contract Tower,76,3,2,0,81,5,20,31,0,56,81,23,33,0,137,96,0,96,233
10/30/2000,KOA,HI,AWP,WE,Federal Contract Tower,80,4,2,6,92,0,20,49,4,73,80,24,51,10,165,102,86,188,353
10/31/2000,KOA,HI,AWP,WE,Federal Contract Tower,80,4,2,5,91,0,23,43,19,85,80,27,45,24,176,90,24,114,290
11/01/2000,KOA,HI,AWP,WE,Federal Contract Tower,82,5,7,5,99,0,9,40,11,60,82,14,47,16,159,74,36,110,269
11/02/2000,KOA,HI,AWP,WE,Federal Contract Tower,76,4,4,0,84,2,4,4,0,10,78,8,8,0,94,18,0,18,112
11/03/2000,KOA,HI,AWP,WE,Federal Contract Tower,77,5,5,5,92,0,23,45,8,76,77,28,50,13,168,98,18,116,284
11/04/2000,KOA,HI,AWP,WE,Federal Contract Tower,77,5,5,5,92,0,12,44,3,59,77,17,49,8,151,90,6,96,247
11/05/2000,KOA,HI,AWP,WE,Federal Contract Tower,78,4,6,3,91,3,22,43,0,68,81,26,49,3,159,82,0,82,241
11/06/2000,KOA,HI,AWP,WE,Federal Contract Tower,80,5,6,5,96,0,32,49,5,86,80,37,55,10,182,96,24,120,302
11/07/2000,KOA,HI,AWP,WE,Federal Contract Tower,73,4,5,0,82,7,28,55,0,90,80,32,60,0,172,96,0,96,268
11/08/2000,KOA,HI,AWP,WE,Federal Contract Tower,85,5,7,5,102,0,33,53,7,93,85,38,60,12,195,98,12,110,305
11/09/2000,KOA,HI,AWP,WE,Federal Contract Tower,78,4,6,4,92,5,35,55,10,105,83,39,61,14,197,116,18,134,331
11/10/2000,KOA,HI,AWP,WE,Federal Contract Tower,82,5,5,5,97,0,31,56,2,89,82,36,61,7,186,82,0,82,268
11/11/2000,KOA,HI,AWP,WE,Federal Contract Tower,74,4,5,2,85,6,16,51,0,73,80,20,56,2,158,90,0,90,248
11/12/2000,KOA,HI,AWP,WE,Federal Contract Tower,77,4,6,2,89,8,12,19,0,39,85,16,25,2,128,72,0,72,200
11/13/2000,KOA,HI,AWP,WE,Federal Contract Tower,84,5,6,5,100,0,12,31,3,46,84,17,37,8,146,84,0,84,230
11/14/2000,KOA,HI,AWP,WE,Federal Contract Tower,84,5,5,2,96,0,27,75,0,102,84,32,80,2,198,156,0,156,354
11/15/2000,KOA,HI,AWP,WE,Federal Contract Tower,84,4,5,6,99,0,25,67,10,102,84,29,72,16,201,164,26,190,391
11/16/2000,KOA,HI,AWP,WE,Federal Contract Tower,87,4,5,6,102,0,15,46,3,64,87,19,51,9,166,84,4,88,254
11/17/2000,KOA,HI,AWP,WE,Federal Contract Tower,81,4,5,6,96,0,20,41,10,71,81,24,46,16,167,100,88,188,355
11/18/2000,KOA,HI,AWP,WE,Federal Contract Tower,75,3,4,0,82,7,21,61,0,89,82,24,65,0,171,102,0,102,273
11/19/2000,KOA,HI,AWP,WE,Federal Contract Tower,75,3,4,0,82,7,13,38,0,58,82,16,42,0,140,86,0,86,226
11/20/2000,KOA,HI,AWP,WE,Federal Contract Tower,82,4,4,6,96,0,18,22,6,46,82,22,26,12,142,122,72,194,336
11/21/2000,KOA,HI,AWP,WE,Federal Contract Tower,80,4,5,6,95,0,19,78,18,115,80,23,83,24,210,124,46,170,380
11/22/2000,KOA,HI,AWP,WE,Federal Contract Tower,82,4,5,2,93,0,25,63,0,88,82,29,68,2,181,92,28,120,301
11/23/2000,KOA,HI,AWP,WE,Federal Contract Tower,74,3,5,0,82,7,20,22,0,49,81,23,27,0,131,0,0,0,131
11/24/2000,KOA,HI,AWP,WE,Federal Contract Tower,81,3,6,4,94,1,12,49,4,66,82,15,55,8,160,108,14,122,282
11/25/2000,KOA,HI,AWP,WE,Federal Contract Tower,81,3,6,0,90,5,19,38,0,62,86,22,44,0,152,72,0,72,224
11/26/2000,KOA,HI,AWP,WE,Federal Contract Tower,84,4,5,2,95,2,19,70,0,91,86,23,75,2,186,46,0,46,232
11/27/2000,KOA,HI,AWP,WE,Federal Contract Tower,76,3,5,5,89,1,29,41,1,72,77,32,46,6,161,79,50,129,290
11/28/2000,KOA,HI,AWP,WE,Federal Contract Tower,76,3,5,5,89,1,22,52,1,76,77,25,57,6,165,120,56,176,341
11/29/2000,KOA,HI,AWP,WE,Federal Contract Tower,78,3,6,2,89,4,23,65,0,92,82,26,71,2,181,94,42,136,317
11/30/2000,KOA,HI,AWP,WE,Federal Contract Tower,81,3,6,5,95,1,23,50,3,77,82,26,56,8,172,106,32,138,310
12/01/2000,KOA,HI,AWP,WE,Federal Contract Tower,74,4,7,2,87,2,25,46,0,73,76,29,53,2,160,104,0,104,264
12/02/2000,KOA,HI,AWP,WE,Federal Contract Tower,77,5,6,4,92,7,11,37,2,57,84,16,43,6,149,84,18,102,251
12/03/2000,KOA,HI,AWP,WE,Federal Contract Tower,71,4,6,0,81,8,18,29,0,55,79,22,35,0,136,38,0,38,174
12/04/2000,KOA,HI,AWP,WE,Federal Contract Tower,78,5,6,4,93,7,28,53,0,88,85,33,59,4,181,114,14,128,309
12/05/2000,KOA,HI,AWP,WE,Federal Contract Tower,74,4,6,4,88,6,28,67,0,101,80,32,73,4,189,118,28,146,335
12/06/2000,KOA,HI,AWP,WE,Federal Contract Tower,83,5,9,5,102,0,31,63,1,95,83,36,72,6,197,66,56,122,319
12/07/2000,KOA,HI,AWP,WE,Federal Contract Tower,82,5,9,5,101,0,27,32,13,72,82,32,41,18,173,110,72,182,355
12/08/2000,KOA,HI,AWP,WE,Federal Contract Tower,70,4,7,4,85,10,17,57,0,84,80,21,64,4,169,106,8,114,283
12/09/2000,KOA,HI,AWP,WE,Federal Contract Tower,78,5,8,4,95,0,7,37,2,46,78,12,45,6,141,58,12,70,211
12/10/2000,KOA,HI,AWP,WE,Federal Contract Tower,76,5,7,2,90,7,19,54,0,80,83,24,61,2,170,88,0,88,258
12/11/2000,KOA,HI,AWP,WE,Federal Contract Tower,79,5,7,5,96,0,16,32,9,57,79,21,39,14,153,62,66,128,281
12/12/2000,KOA,HI,AWP,WE,Federal Contract Tower,78,5,8,4,95,2,25,50,2,79,80,30,58,6,174,78,22,100,274
12/13/2000,KOA,HI,AWP,WE,Federal Contract Tower,84,5,8,5,102,0,28,59,5,92,84,33,67,10,194,98,28,126,320
12/14/2000,KOA,HI,AWP,WE,Federal Contract Tower,82,4,8,4,98,0,28,57,0,85,82,32,65,4,183,106,12,118,301
12/15/2000,KOA,HI,AWP,WE,Federal Contract Tower,76,4,7,0,87,4,23,51,0,78,80,27,58,0,165,98,0,98,263
12/16/2000,KOA,HI,AWP,WE,Federal Contract Tower,77,4,7,0,88,5,26,56,0,87,82,30,63,0,175,124,0,124,299
12/17/2000,KOA,HI,AWP,WE,Federal Contract Tower,82,4,9,7,102,0,25,54,9,88,82,29,63,16,190,70,56,126,316
12/18/2000,KOA,HI,AWP,WE,Federal Contract Tower,78,4,8,2,92,4,26,36,0,66,82,30,44,2,158,76,10,86,244
12/19/2000,KOA,HI,AWP,WE,Federal Contract Tower,76,4,8,6,94,0,25,61,18,104,76,29,69,24,198,104,44,148,346
12/20/2000,KOA,HI,AWP,WE,Federal Contract Tower,78,4,8,4,94,0,23,48,0,71,78,27,56,4,165,132,76,208,373
12/21/2000,KOA,HI,AWP,WE,Federal Contract Tower,85,5,8,7,105,0,31,39,9,79,85,36,47,16,184,98,128,226,410
12/22/2000,KOA,HI,AWP,WE,Federal Contract Tower,77,4,7,0,88,0,32,70,0,102,77,36,77,0,190,140,0,140,330
12/23/2000,KOA,HI,AWP,WE,Federal Contract Tower,85,4,8,6,103,0,25,61,1,87,85,29,69,7,190,122,24,146,336
12/24/2000,KOA,HI,AWP,WE,Federal Contract Tower,77,4,6,0,87,5,15,30,0,50,82,19,36,0,137,40,0,40,177
12/25/2000,KOA,HI,AWP,WE,Federal Contract Tower,70,0,6,0,76,8,0,0,0,8,78,0,6,0,84,0,0,0,84
12/26/2000,KOA,HI,AWP,WE,Federal Contract Tower,84,4,7,4,99,0,32,91,0,123,84,36,98,4,222,138,46,184,406
12/27/2000,KOA,HI,AWP,WE,Federal Contract Tower,82,4,7,4,97,0,35,60,0,95,82,39,67,4,192,60,46,106,298
12/28/2000,KOA,HI,AWP,WE,Federal Contract Tower,83,4,8,6,101,0,24,56,4,84,83,28,64,10,185,84,62,146,331
12/29/2000,KOA,HI,AWP,WE,Federal Contract Tower,83,4,7,4,98,0,30,46,0,76,83,34,53,4,174,128,0,128,302
12/30/2000,KOA,HI,AWP,WE,Federal Contract Tower,74,3,7,0,84,7,17,44,0,68,81,20,51,0,152,136,0,136,288
12/31/2000,KOA,HI,AWP,WE,Federal Contract Tower,79,4,8,0,91,3,20,54,0,77,82,24,62,0,168,68,0,68,236
01/01/2001,KOA,HI,AWP,WE,Federal Contract Tower,84,4,7,0,95,0,2,43,0,45,84,6,50,0,140,0,0,0,140
01/02/2001,KOA,HI,AWP,WE,Federal Contract Tower,84,4,8,8,104,0,27,54,8,89,84,31,62,16,193,138,58,196,389
01/03/2001,KOA,HI,AWP,WE,Federal Contract Tower,89,4,8,8,109,0,23,80,8,111,89,27,88,16,220,186,86,272,492
01/04/2001,KOA,HI,AWP,WE,Federal Contract Tower,81,4,7,8,100,0,14,51,2,67,81,18,58,10,167,102,96,198,365
01/05/2001,KOA,HI,AWP,WE,Federal Contract Tower,78,3,6,6,93,3,11,46,0,60,81,14,52,6,153,176,14,190,343
01/06/2001,KOA,HI,AWP,WE,Federal Contract Tower,81,3,6,6,96,2,15,61,0,78,83,18,67,6,174,116,20,136,310
01/07/2001,KOA,HI,AWP,WE,Federal Contract Tower,78,3,6,2,89,3,19,42,0,64,81,22,48,2,153,40,4,44,197
01/08/2001,KOA,HI,AWP,WE,Federal Contract Tower,73,3,6,7,89,0,28,62,10,100,73,31,68,17,189,186,16,202,391
01/09/2001,KOA,HI,AWP,WE,Federal Contract Tower,76,3,6,7,92,0,21,83,9,113,76,24,89,16,205,136,96,232,437
01/10/2001,KOA,HI,AWP,WE,Federal Contract Tower,80,4,6,8,98,0,17,51,16,84,80,21,57,24,182,168,58,226,408
01/11/2001,KOA,HI,AWP,WE,Federal Contract Tower,65,3,5,4,77,7,23,53,0,83,72,26,58,4,160,138,4,142,302
01/12/2001,KOA,HI,AWP,WE,Federal Contract Tower,73,3,5,7,88,0,22,35,3,60,73,25,40,10,148,50,20,70,218
01/13/2001,KOA,HI,AWP,WE,Federal Contract Tower,65,3,5,0,73,10,11,62,0,83,75,14,67,0,156,82,0,82,238
01/14/2001,KOA,HI,AWP,WE,Federal Contract Tower,66,3,5,0,74,12,8,30,0,50,78,11,35,0,124,64,0,64,188
01/15/2001,KOA,HI,AWP,WE,Federal Contract Tower,65,3,5,0,73,7,18,41,0,66,72,21,46,0,139,62,0,62,201
01/16/2001,KOA,HI,AWP,WE,Federal Contract Tower,70,3,6,7,86,0,10,70,9,89,70,13,76,16,175,74,32,106,281
01/17/2001,KOA,HI,AWP,WE,Federal Contract Tower,72,3,5,2,82,4,23,62,0,89,76,26,67,2,171,82,16,98,269
01/18/2001,KOA,HI,AWP,WE,Federal Contract Tower,75,3,7,7,92,0,30,45,11,86,75,33,52,18,178,172,72,244,422
01/19/2001,KOA,HI,AWP,WE,Federal Contract Tower,77,3,7,7,94,0,9,48,9,66,77,12,55,16,160,88,8,96,256
01/20/2001,KOA,HI,AWP,WE,Federal Contract Tower,69,3,6,2,80,6,16,45,0,67,75,19,51,2,147,136,2,138,285
01/21/2001,KOA,HI,AWP,WE,Federal Contract Tower,67,2,6,0,75,9,17,48,0,74,76,19,54,0,149,116,0,116,265
01/22/2001,KOA,HI,AWP,WE,Federal Contract Tower,72,2,6,6,86,0,24,52,4,80,72,26,58,10,166,126,42,168,334
01/23/2001,KOA,HI,AWP,WE,Federal Contract Tower,72,2,7,6,87,0,30,76,0,106,72,32,83,6,193,100,6,106,299
01/24/2001,KOA,HI,AWP,WE,Federal Contract Tower,73,2,7,6,88,0,19,57,20,96,73,21,64,26,184,78,40,118,302
01/25/2001,KOA,HI,AWP,WE,Federal Contract Tower,75,2,8,6,91,0,30,60,12,102,75,32,68,18,193,196,88,284,477
01/26/2001,KOA,HI,AWP,WE,Federal Contract Tower,77,2,7,4,90,0,19,61,0,80,77,21,68,4,170,86,0,86,256
01/27/2001,KOA,HI,AWP,WE,Federal Contract Tower,60,2,5,2,69,12,16,61,0,89,72,18,66,2,158,132,0,132,290
01/28/2001,KOA,HI,AWP,WE,Federal Contract Tower,68,2,6,0,76,10,14,54,0,78,78,16,60,0,154,102,0,102,256
01/29/2001,KOA,HI,AWP,WE,Federal Contract Tower,66,2,5,4,77,6,26,65,0,97,72,28,70,4,174,102,0,102,276
01/30/2001,KOA,HI,AWP,WE,Federal Contract Tower,70,2,7,7,86,0,22,63,13,98,70,24,70,20,184,198,78,276,460
01/31/2001,KOA,HI,AWP,WE,Federal Contract Tower,66,2,5,6,79,3,26,63,0,92,69,28,68,6,171,110,12,122,293
02/01/2001,KOA,HI,AWP,WE,Federal Contract Tower,73,3,5,8,89,0,38,79,2,119,73,41,84,10,208,162,58,220,428
02/02/2001,KOA,HI,AWP,WE,Federal Contract Tower,77,3,4,8,92,0,14,49,8,71,77,17,53,16,163,92,26,118,281
02/03/2001,KOA,HI,AWP,WE,Federal Contract Tower,66,3,3,0,72,9,12,48,0,69,75,15,51,0,141,82,0,82,223
02/04/2001,KOA,HI,AWP,WE,Federal Contract Tower,83,3,5,8,99,6,14,28,2,50,89,17,33,10,149,26,0,26,175
02/05/2001,KOA,HI,AWP,WE,Federal Contract Tower,72,3,4,7,86,0,16,85,1,102,72,19,89,8,188,108,28,136,324
02/06/2001,KOA,HI,AWP,WE,Federal Contract Tower,70,3,5,9,87,0,13,56,23,92,70,16,61,32,179,112,66,178,357
02/07/2001,KOA,HI,AWP,WE,Federal Contract Tower,68,3,4,8,83,0,25,84,9,118,68,28,88,17,201,132,26,158,359
02/08/2001,KOA,HI,AWP,WE,Federal Contract Tower,71,3,4,4,82,1,5,29,0,35,72,8,33,4,117,66,18,84,201
02/09/2001,KOA,HI,AWP,WE,Federal Contract Tower,75,3,5,8,91,0,7,51,0,58,75,10,56,8,149,90,40,130,279
02/10/2001,KOA,HI,AWP,WE,Federal Contract Tower,69,3,4,0,76,1,12,43,0,56,70,15,47,0,132,66,0,66,198
02/11/2001,KOA,HI,AWP,WE,Federal Contract Tower,65,3,3,0,71,13,8,26,0,47,78,11,29,0,118,32,0,32,150
02/12/2001,KOA,HI,AWP,WE,Federal Contract Tower,68,3,4,0,75,4,24,60,0,88,72,27,64,0,163,92,0,92,255
02/13/2001,KOA,HI,AWP,WE,Federal Contract Tower,69,3,4,2,78,3,14,44,0,61,72,17,48,2,139,98,8,106,245
02/14/2001,KOA,HI,AWP,WE,Federal Contract Tower,70,3,4,6,83,2,8,37,0,47,72,11,41,6,130,78,28,106,236
02/15/2001,KOA,HI,AWP,WE,Federal Contract Tower,71,2,5,5,83,1,27,43,1,72,72,29,48,6,155,112,16,128,283
02/16/2001,KOA,HI,AWP,WE,Federal Contract Tower,75,2,5,6,88,3,20,58,2,83,78,22,63,8,171,86,12,98,269
02/17/2001,KOA,HI,AWP,WE,Federal Contract Tower,77,2,5,7,91,0,29,67,3,99,77,31,72,10,190,92,10,102,292
02/18/2001,KOA,HI,AWP,WE,Federal Contract Tower,69,2,5,2,78,5,28,55,0,88,74,30,60,2,166,52,0,52,218
02/19/2001,KOA,HI,AWP,WE,Federal Contract Tower,70,2,5,2,79,5,24,67,0,96,75,26,72,2,175,132,8,140,315
02/20/2001,KOA,HI,AWP,WE,Federal Contract Tower,70,2,5,7,84,0,16,59,11,86,70,18,64,18,170,82,10,92,262
02/21/2001,KOA,HI,AWP,WE,Federal Contract Tower,83,2,6,8,99,0,28,54,4,86,83,30,60,12,185,118,46,164,349
02/22/2001,KOA,HI,AWP,WE,Federal Contract Tower,74,2,5,6,87,4,22,53,0,79,78,24,58,6,166,84,32,116,282
02/23/2001,KOA,HI,AWP,WE,Federal Contract Tower,74,2,4,7,87,0,10,61,3,74,74,12,65,10,161,114,10,124,285
02/24/2001,KOA,HI,AWP,WE,Federal Contract Tower,71,2,4,6,83,2,13,61,9,85,73,15,65,15,168,136,20,156,324
02/25/2001,KOA,HI,AWP,WE,Federal Contract Tower,65,2,3,0,70,9,17,43,0,69,74,19,46,0,139,90,0,90,229
02/26/2001,KOA,HI,AWP,WE,Federal Contract Tower,69,2,4,6,81,3,24,48,5,80,72,26,52,11,161,118,38,156,317
02/27/2001,KOA,HI,AWP,WE,Federal Contract Tower,72,2,5,9,88,0,26,59,7,92,72,28,64,16,180,84,58,142,322
02/28/2001,KOA,HI,AWP,WE,Federal Contract Tower,69,2,4,7,82,0,26,64,3,93,69,28,68,10,175,132,28,160,335
03/01/2001,KOA,HI,AWP,WE,Federal Contract Tower,70,3,5,6,84,3,25,40,0,68,73,28,45,6,152,96,42,138,290
03/02/2001,KOA,HI,AWP,WE,Federal Contract Tower,69,3,5,7,84,2,16,54,7,79,71,19,59,14,163,82,4,86,249
03/03/2001,KOA,HI,AWP,WE,Federal Contract Tower,72,3,5,7,87,5,21,37,0,63,77,24,42,7,150,86,28,114,264
03/04/2001,KOA,HI,AWP,WE,Federal Contract Tower,70,3,5,7,85,11,11,33,1,56,81,14,38,8,141,48,14,62,203
03/05/2001,KOA,HI,AWP,WE,Federal Contract Tower,72,3,5,7,87,0,25,46,1,72,72,28,51,8,159,96,72,168,327
03/06/2001,KOA,HI,AWP,WE,Federal Contract Tower,72,3,5,8,88,0,27,73,6,106,72,30,78,14,194,98,30,128,322
03/07/2001,KOA,HI,AWP,WE,Federal Contract Tower,64,3,4,6,77,1,41,58,0,100,65,44,62,6,177,84,2,86,263
03/08/2001,KOA,HI,AWP,WE,Federal Contract Tower,76,3,5,8,92,1,17,39,8,65,77,20,44,16,157,92,84,176,333
03/09/2001,KOA,HI,AWP,WE,Federal Contract Tower,72,3,5,0,80,6,13,44,0,63,78,16,49,0,143,92,0,92,235
03/10/2001,KOA,HI,AWP,WE,Federal Contract Tower,69,3,5,0,77,6,5,33,0,44,75,8,38,0,121,84,0,84,205
03/11/2001,KOA,HI,AWP,WE,Federal Contract Tower,71,3,5,0,79,6,12,52,0,70,77,15,57,0,149,92,0,92,241
03/12/2001,KOA,HI,AWP,WE,Federal Contract Tower,72,3,5,7,87,1,23,49,3,76,73,26,54,10,163,68,4,72,235
03/13/2001,KOA,HI,AWP,WE,Federal Contract Tower,64,3,4,6,77,6,29,74,0,109,70,32,78,6,186,144,6,150,336
03/14/2001,KOA,HI,AWP,WE,Federal Contract Tower,71,3,5,7,86,3,15,31,15,64,74,18,36,22,150,68,38,106,256
03/15/2001,KOA,HI,AWP,WE,Federal Contract Tower,74,3,6,8,91,0,23,42,16,81,74,26,48,24,172,140,32,172,344
03/16/2001,KOA,HI,AWP,WE,Federal Contract Tower,74,3,6,8,91,0,19,65,4,88,74,22,71,12,179,128,30,158,337
03/17/2001,KOA,HI,AWP,WE,Federal Contract Tower,70,3,4,0,77,4,13,52,0,69,74,16,56,0,146,98,0,98,244
03/18/2001,KOA,HI,AWP,WE,Federal Contract Tower,68,3,4,6,81,9,13,73,2,97,77,16,77,8,178,66,6,72,250
03/19/2001,KOA,HI,AWP,WE,Federal Contract Tower,64,2,5,4,75,7,23,56,0,86,71,25,61,4,161,80,0,80,241
03/20/2001,KOA,HI,AWP,WE,Federal Contract Tower,66,2,6,7,81,0,24,68,13,105,66,26,74,20,186,136,98,234,420
03/21/2001,KOA,HI,AWP,WE,Federal Contract Tower,67,2,5,6,80,0,18,67,2,87,67,20,72,8,167,82,0,82,249
03/22/2001,KOA,HI,AWP,WE,Federal Contract Tower,71,2,6,6,85,1,28,62,4,95,72,30,68,10,180,144,0,144,324
03/23/2001,KOA,HI,AWP,WE,Federal Contract Tower,76,2,6,7,91,0,26,52,9,87,76,28,58,16,178,98,36,134,312
03/24/2001,KOA,HI,AWP,WE,Federal Contract Tower,77,2,5,8,92,0,20,47,8,75,77,22,52,16,167,126,4,130,297
03/25/2001,KOA,HI,AWP,WE,Federal Contract Tower,70,2,5,4,81,6,16,43,0,65,76,18,48,4,146,102,0,102,248
03/26/2001,KOA,HI,AWP,WE,Federal Contract Tower,69,2,4,6,81,2,19,44,0,65,71,21,48,6,146,136,0,136,282
03/27/2001,KOA,HI,AWP,WE,Federal Contract Tower,68,2,5,8,83,0,23,64,18,105,68,25,69,26,188,74,64,138,326
03/28/2001,KOA,HI,AWP,WE,Federal Contract Tower,71,2,6,8,87,0,18,39,4,61,71,20,45,12,148,84,82,166,314
03/29/2001,KOA,HI,AWP,WE,Federal Contract Tower,74,2,6,8,90,0,21,62,2,85,74,23,68,10,175,80,28,108,283
03/30/2001,KOA,HI,AWP,WE,Federal Contract Tower,82,3,6,8,99,0,15,47,4,66,82,18,53,12,165,86,56,142,307
03/31/2001,KOA,HI,AWP,WE,Federal Contract Tower,80,3,5,8,96,0,13,47,12,72,80,16,52,20,168,76,56,132,300
04/01/2001,KOA,HI,AWP,WE,Federal Contract Tower,84,1,7,6,98,1,20,19,0,40,85,21,26,6,138,32,8,40,178
04/02/2001,KOA,HI,AWP,WE,Federal Contract Tower,83,4,4,12,103,1,30,52,0,83,84,34,56,12,186,66,12,78,264
04/03/2001,KOA,HI,AWP,WE,Federal Contract Tower,81,3,12,2,98,1,24,44,0,69,82,27,56,2,167,78,0,78,245
04/04/2001,KOA,HI,AWP,WE,Federal Contract Tower,75,3,4,8,90,1,25,47,4,77,76,28,51,12,167,128,58,186,353
04/05/2001,KOA,HI,AWP,WE,Federal Contract Tower,81,3,11,4,99,0,16,39,0,55,81,19,50,4,154,94,52,146,300
04/06/2001,KOA,HI,AWP,WE,Federal Contract Tower,82,2,13,3,100,0,21,27,3,51,82,23,40,6,151,88,40,128,279
04/07/2001,KOA,HI,AWP,WE,Federal Contract Tower,79,0,9,5,93,0,19,66,3,88,79,19,75,8,181,60,20,80,261
04/08/2001,KOA,HI,AWP,WE,Federal Contract Tower,86,0,10,0,96,1,9,19,8,37,87,9,29,8,133,32,0,32,165
04/09/2001,KOA,HI,AWP,WE,Federal Contract Tower,79,2,7,11,99,0,33,34,3,70,79,35,41,14,169,44,34,78,247
04/10/2001,KOA,HI,AWP,WE,Federal Contract Tower,78,4,5,6,93,0,20,53,8,81,78,24,58,14,174,80,48,128,302
04/11/2001,KOA,HI,AWP,WE,Federal Contract Tower,76,2,5,10,93,0,23,64,10,97,76,25,69,20,190,128,82,210,400
04/12/2001,KOA,HI,AWP,WE,Federal Contract Tower,77,2,7,6,92,0,22,51,2,75,77,24,58,8,167,92,44,136,303
04/13/2001,KOA,HI,AWP,WE,Federal Contract Tower,83,2,7,4,96,1,31,68,0,100,84,33,75,4,196,116,26,142,338
04/14/2001,KOA,HI,AWP,WE,Federal Contract Tower,86,2,15,0,103,0,25,48,0,73,86,27,63,0,176,83,0,83,259
04/15/2001,KOA,HI,AWP,WE,Federal Contract Tower,88,0,1,0,89,0,11,22,0,33,88,11,23,0,122,48,0,48,170
04/16/2001,KOA,HI,AWP,WE,Federal Contract Tower,82,4,7,4,97,0,31,27,2,60,82,35,34,6,157,22,26,48,205
04/17/2001,KOA,HI,AWP,WE,Federal Contract Tower,80,2,6,10,98,0,17,53,8,78,80,19,59,18,176,96,56,152,328
04/18/2001,KOA,HI,AWP,WE,Federal Contract Tower,71,2,1,12,86,0,30,63,0,93,71,32,64,12,179,90,74,164,343
04/19/2001,KOA,HI,AWP,WE,Federal Contract Tower,81,2,3,15,101,0,29,49,0,78,81,31,52,15,179,104,72,176,355
04/20/2001,KOA,HI,AWP,WE,Federal Contract Tower,86,5,14,0,105,0,9,46,0,55,86,14,60,0,160,64,0,64,224
04/21/2001,KOA,HI,AWP,WE,Federal Contract Tower,87,0,11,0,98,0,14,43,2,59,87,14,54,2,157,92,2,94,251
04/22/2001,KOA,HI,AWP,WE,Federal Contract Tower,84,0,8,0,92,0,29,27,0,56,84,29,35,0,148,14,0,14,162
04/23/2001,KOA,HI,AWP,WE,Federal Contract Tower,81,2,3,7,93,0,22,25,1,48,81,24,28,8,141,36,26,62,203
04/24/2001,KOA,HI,AWP,WE,Federal Contract Tower,80,3,5,14,102,0,36,60,4,100,80,39,65,18,202,96,70,166,368
04/25/2001,KOA,HI,AWP,WE,Federal Contract Tower,74,4,4,4,86,0,28,64,0,92,74,32,68,4,178,106,30,136,314
04/26/2001,KOA,HI,AWP,WE,Federal Contract Tower,80,5,0,10,95,0,30,44,0,74,80,35,44,10,169,114,56,170,339
04/27/2001,KOA,HI,AWP,WE,Federal Contract Tower,90,4,3,6,103,0,15,33,4,52,90,19,36,10,155,155,72,227,382
04/28/2001,KOA,HI,AWP,WE,Federal Contract Tower,90,0,5,2,97,0,11,39,6,56,90,11,44,8,153,128,22,150,303
04/29/2001,KOA,HI,AWP,WE,Federal Contract Tower,86,1,7,0,94,0,11,27,0,38,86,12,34,0,132,28,0,28,160
04/30/2001,KOA,HI,AWP,WE,Federal Contract Tower,81,4,1,6,92,0,28,53,0,81,81,32,54,6,173,84,34,118,291
05/01/2001,KOA,HI,AWP,WE,Federal Contract Tower,81,2,3,8,94,0,24,47,0,71,81,26,50,8,165,68,20,88,253
05/02/2001,KOA,HI,AWP,WE,Federal Contract Tower,74,2,2,6,84,0,23,58,6,87,74,25,60,12,171,120,58,178,349
05/03/2001,KOA,HI,AWP,WE,Federal Contract Tower,81,2,1,7,91,0,27,58,5,90,81,29,59,12,181,124,90,214,395
05/04/2001,KOA,HI,AWP,WE,Federal Contract Tower,86,2,2,3,93,0,15,46,3,64,86,17,48,6,157,64,16,80,237
05/05/2001,KOA,HI,AWP,WE,Federal Contract Tower,87,0,3,0,90,0,14,42,0,56,87,14,45,0,146,42,0,42,188
05/06/2001,KOA,HI,AWP,WE,Federal Contract Tower,87,2,3,0,92,0,18,23,0,41,87,20,26,0,133,18,0,18,151
05/07/2001,KOA,HI,AWP,WE,Federal Contract Tower,81,2,2,0,85,0,27,40,0,67,81,29,42,0,152,94,0,94,246
05/08/2001,KOA,HI,AWP,WE,Federal Contract Tower,78,2,4,5,89,0,24,50,3,77,78,26,54,8,166,94,38,132,298
05/09/2001,KOA,HI,AWP,WE,Federal Contract Tower,77,2,7,7,93,0,34,65,3,102,77,36,72,10,195,84,72,156,351
05/10/2001,KOA,HI,AWP,WE,Federal Contract Tower,79,2,1,8,90,0,37,65,2,104,79,39,66,10,194,68,120,188,382
05/11/2001,KOA,HI,AWP,WE,Federal Contract Tower,88,2,7,2,99,0,21,22,0,43,88,23,29,2,142,57,19,76,218
05/12/2001,KOA,HI,AWP,WE,Federal Contract Tower,86,0,8,0,94,0,26,41,2,69,86,26,49,2,163,50,0,50,213
05/13/2001,KOA,HI,AWP,WE,Federal Contract Tower,88,0,4,0,92,0,17,21,0,38,88,17,25,0,130,32,0,32,162
05/14/2001,KOA,HI,AWP,WE,Federal Contract Tower,83,4,3,18,108,0,24,32,0,56,83,28,35,18,164,74,84,158,322
05/15/2001,KOA,HI,AWP,WE,Federal Contract Tower,76,2,0,4,82,0,25,74,2,101,76,27,74,6,183,104,44,148,331
05/16/2001,KOA,HI,AWP,WE,Federal Contract Tower,78,2,8,6,94,0,23,62,0,85,78,25,70,6,179,162,82,244,423
05/17/2001,KOA,HI,AWP,WE,Federal Contract Tower,80,2,1,0,83,0,32,58,0,90,80,34,59,0,173,148,0,148,321
05/18/2001,KOA,HI,AWP,WE,Federal Contract Tower,85,2,3,7,97,0,29,44,9,82,85,31,47,16,179,78,34,112,291
05/19/2001,KOA,HI,AWP,WE,Federal Contract Tower,81,0,3,2,86,0,18,32,0,50,81,18,35,2,136,76,0,76,212
05/20/2001,KOA,HI,AWP,WE,Federal Contract Tower,87,0,11,1,99,0,15,27,1,43,87,15,38,2,142,42,4,46,188
05/21/2001,KOA,HI,AWP,WE,Federal Contract Tower,79,2,5,4,90,0,33,47,0,80,79,35,52,4,170,74,0,74,244
05/22/2001,KOA,HI,AWP,WE,Federal Contract Tower,79,2,5,3,89,0,30,72,3,105,79,32,77,6,194,98,28,126,320
05/23/2001,KOA,HI,AWP,WE,Federal Contract Tower,78,2,5,4,89,0,37,49,0,86,78,39,54,4,175,86,0,86,261
05/24/2001,KOA,HI,AWP,WE,Federal Contract Tower,78,2,11,8,99,0,38,43,2,83,78,40,54,10,182,58,104,162,344
05/25/2001,KOA,HI,AWP,WE,Federal Contract Tower,90,4,6,2,102,0,18,35,0,53,90,22,41,2,155,58,26,84,239
05/26/2001,KOA,HI,AWP,WE,Federal Contract Tower,80,1,5,0,86,6,18,27,0,51,86,19,32,0,137,28,0,28,165
05/27/2001,KOA,HI,AWP,WE,Federal Contract Tower,88,0,2,0,90,0,16,20,0,36,88,16,22,0,126,42,0,42,168
05/28/2001,KOA,HI,AWP,WE,Federal Contract Tower,89,0,12,0,101,0,27,53,0,80,89,27,65,0,181,32,0,32,213
05/29/2001,KOA,HI,AWP,WE,Federal Contract Tower,72,8,10,4,94,0,36,52,0,88,72,44,62,4,182,102,22,124,306
05/30/2001,KOA,HI,AWP,WE,Federal Contract Tower,76,2,2,6,86,0,36,53,0,89,76,38,55,6,175,86,14,100,275
05/31/2001,KOA,HI,AWP,WE,Federal Contract Tower,77,2,6,0,85,0,38,62,0,100,77,40,68,0,185,72,0,72,257
06/01/2001,KOA,HI,AWP,WE,Federal Contract Tower,79,4,10,4,97,1,12,23,2,38,80,16,33,6,135,46,12,58,193
06/02/2001,KOA,HI,AWP,WE,Federal Contract Tower,86,0,6,4,96,1,10,37,0,48,87,10,43,4,144,78,32,110,254
06/03/2001,KOA,HI,AWP,WE,Federal Contract Tower,88,0,5,1,94,1,15,25,0,41,89,15,30,1,135,40,0,40,175
06/04/2001,KOA,HI,AWP,WE,Federal Contract Tower,78,3,5,5,91,1,27,32,9,69,79,30,37,14,160,80,4,84,244
06/05/2001,KOA,HI,AWP,WE,Federal Contract Tower,72,2,7,6,87,0,28,45,0,73,72,30,52,6,160,88,38,126,286
06/06/2001,KOA,HI,AWP,WE,Federal Contract Tower,77,4,3,4,88,0,41,41,4,86,77,45,44,8,174,96,0,96,270
06/07/2001,KOA,HI,AWP,WE,Federal Contract Tower,80,2,4,34,120,0,36,58,0,94,80,38,62,34,214,110,90,200,414
06/08/2001,KOA,HI,AWP,WE,Federal Contract Tower,84,2,0,8,94,0,33,59,12,104,84,35,59,20,198,130,62,192,390
06/09/2001,KOA,HI,AWP,WE,Federal Contract Tower,89,0,4,4,97,0,20,39,0,59,89,20,43,4,156,72,42,114,270
06/10/2001,KOA,HI,AWP,WE,Federal Contract Tower,89,0,5,0,94,0,21,45,0,66,89,21,50,0,160,46,0,46,206
06/11/2001,KOA,HI,AWP,WE,Federal Contract Tower,88,2,4,14,108,0,29,44,0,73,88,31,48,14,181,82,34,116,297
06/12/2001,KOA,HI,AWP,WE,Federal Contract Tower,81,3,2,14,100,0,41,55,8,104,81,44,57,22,204,96,60,156,360
06/13/2001,KOA,HI,AWP,WE,Federal Contract Tower,85,2,6,8,101,0,48,70,0,118,85,50,76,8,219,64,20,84,303
06/14/2001,KOA,HI,AWP,WE,Federal Contract Tower,77,2,12,4,95,0,30,63,2,95,77,32,75,6,190,104,22,126,316
06/15/2001,KOA,HI,AWP,WE,Federal Contract Tower,85,3,4,2,94,0,29,50,0,79,85,32,54,2,173,73,20,93,266
06/16/2001,KOA,HI,AWP,WE,Federal Contract Tower,97,0,5,0,102,0,27,40,0,67,97,27,45,0,169,68,0,68,237
06/17/2001,KOA,HI,AWP,WE,Federal Contract Tower,90,0,6,0,96,0,31,47,0,78,90,31,53,0,174,58,0,58,232
06/18/2001,KOA,HI,AWP,WE,Federal Contract Tower,88,2,5,8,103,0,26,32,0,58,88,28,37,8,161,30,34,64,225
06/19/2001,KOA,HI,AWP,WE,Federal Contract Tower,78,2,13,13,106,0,51,47,7,105,78,53,60,20,211,76,58,134,345
06/20/2001,KOA,HI,AWP,WE,Federal Contract Tower,85,3,4,0,92,0,44,22,2,68,85,47,26,2,160,52,0,52,212
06/21/2001,KOA,HI,AWP,WE,Federal Contract Tower,87,2,5,4,98,0,32,34,10,76,87,34,39,14,174,96,20,116,290
06/22/2001,KOA,HI,AWP,WE,Federal Contract Tower,87,2,5,11,105,0,20,36,0,56,87,22,41,11,161,62,30,92,253
06/23/2001,KOA,HI,AWP,WE,Federal Contract Tower,88,0,6,6,100,0,12,33,2,47,88,12,39,8,147,66,14,80,227
06/24/2001,KOA,HI,AWP,WE,Federal Contract Tower,84,0,6,6,96,0,21,42,6,69,84,21,48,12,165,86,24,110,275
06/25/2001,KOA,HI,AWP,WE,Federal Contract Tower,84,2,4,14,104,0,8,49,4,61,84,10,53,18,165,108,66,174,339
06/26/2001,KOA,HI,AWP,WE,Federal Contract Tower,82,2,5,4,93,0,28,54,4,86,82,30,59,8,179,94,26,120,299
06/27/2001,KOA,HI,AWP,WE,Federal Contract Tower,83,2,2,4,91,0,44,41,0,85,83,46,43,4,176,44,22,66,242
06/28/2001,KOA,HI,AWP,WE,Federal Contract Tower,85,2,4,4,95,0,37,62,8,107,85,39,66,12,202,108,40,148,350
06/29/2001,KOA,HI,AWP,WE,Federal Contract Tower,89,4,10,0,103,0,25,36,0,61,89,29,46,0,164,82,0,82,246
06/30/2001,KOA,HI,AWP,WE,Federal Contract Tower,88,0,6,1,95,0,12,31,1,44,88,12,37,2,139,62,0,62,201
07/01/2001,KOA,HI,AWP,WE,Federal Contract Tower,91,0,5,0,96,0,24,33,0,57,91,24,38,0,153,52,0,52,205
07/02/2001,KOA,HI,AWP,WE,Federal Contract Tower,88,6,7,17,118,0,24,34,1,59,88,30,41,18,177,68,108,176,353
07/03/2001,KOA,HI,AWP,WE,Federal Contract Tower,86,4,13,1,104,0,33,40,3,76,86,37,53,4,180,74,44,118,298
07/04/2001,KOA,HI,AWP,WE,Federal Contract Tower,85,0,4,0,89,0,38,24,0,62,85,38,28,0,151,66,0,66,217
07/05/2001,KOA,HI,AWP,WE,Federal Contract Tower,86,2,4,11,103,0,34,43,5,82,86,36,47,16,185,52,92,144,329
07/06/2001,KOA,HI,AWP,WE,Federal Contract Tower,85,2,5,5,97,0,27,34,1,62,85,29,39,6,159,68,46,114,273
07/07/2001,KOA,HI,AWP,WE,Federal Contract Tower,89,0,4,1,94,0,27,60,1,88,89,27,64,2,182,110,2,112,294
07/08/2001,KOA,HI,AWP,WE,Federal Contract Tower,92,0,4,0,96,0,22,37,0,59,92,22,41,0,155,96,0,96,251
07/09/2001,KOA,HI,AWP,WE,Federal Contract Tower,87,2,5,7,101,0,36,46,1,83,87,38,51,8,184,76,12,88,272
07/10/2001,KOA,HI,AWP,WE,Federal Contract Tower,87,2,4,7,100,0,34,68,19,121,87,36,72,26,221,128,32,160,381
07/11/2001,KOA,HI,AWP,WE,Federal Contract Tower,84,2,2,2,90,0,50,74,0,124,84,52,76,2,214,119,26,145,359
07/12/2001,KOA,HI,AWP,WE,Federal Contract Tower,84,4,3,8,99,0,40,51,2,93,84,44,54,10,192,96,38,134,326
07/13/2001,KOA,HI,AWP,WE,Federal Contract Tower,88,2,3,2,95,0,40,62,4,106,88,42,65,6,201,122,38,160,361
07/14/2001,KOA,HI,AWP,WE,Federal Contract Tower,86,2,5,2,95,0,32,54,0,86,86,34,59,2,181,98,30,128,309
07/15/2001,KOA,HI,AWP,WE,Federal Contract Tower,88,1,10,6,105,0,19,57,0,76,88,20,67,6,181,104,26,130,311
07/16/2001,KOA,HI,AWP,WE,Federal Contract Tower,86,2,0,4,92,0,37,83,2,122,86,39,83,6,214,120,94,214,428
07/17/2001,KOA,HI,AWP,WE,Federal Contract Tower,80,4,9,4,97,0,36,65,4,105,80,40,74,8,202,104,36,140,342
07/18/2001,KOA,HI,AWP,WE,Federal Contract Tower,83,4,4,2,93,0,36,81,4,121,83,40,85,6,214,180,6,186,400
07/19/2001,KOA,HI,AWP,WE,Federal Contract Tower,88,5,4,6,103,0,58,63,0,121,88,63,67,6,224,106,54,160,384
07/20/2001,KOA,HI,AWP,WE,Federal Contract Tower,85,2,3,4,94,0,34,54,0,88,85,36,57,4,182,102,58,160,342
07/21/2001,KOA,HI,AWP,WE,Federal Contract Tower,80,1,4,6,91,5,38,63,1,107,85,39,67,7,198,96,10,106,304
07/22/2001,KOA,HI,AWP,WE,Federal Contract Tower,89,0,2,0,91,0,23,48,0,71,89,23,50,0,162,82,0,82,244
07/23/2001,KOA,HI,AWP,WE,Federal Contract Tower,88,2,2,10,102,0,53,35,0,88,88,55,37,10,190,52,48,100,290
07/24/2001,KOA,HI,AWP,WE,Federal Contract Tower,80,2,2,6,90,0,51,74,8,133,80,53,76,14,223,132,88,220,443
07/25/2001,KOA,HI,AWP,WE,Federal Contract Tower,85,2,0,4,91,0,47,73,12,132,85,49,73,16,223,94,110,204,427
07/26/2001,KOA,HI,AWP,WE,Federal Contract Tower,88,2,8,16,114,0,27,33,5,65,88,29,41,21,179,62,78,140,319
07/27/2001,KOA,HI,AWP,WE,Federal Contract Tower,88,0,4,4,96,0,41,65,4,110,88,41,69,8,206,154,52,206,412
07/28/2001,KOA,HI,AWP,WE,Federal Contract Tower,87,1,13,2,103,0,34,51,4,89,87,35,64,6,192,113,6,119,311
07/29/2001,KOA,HI,AWP,WE,Federal Contract Tower,88,0,9,0,97,0,24,44,0,68,88,24,53,0,165,88,0,88,253
07/30/2001,KOA,HI,AWP,WE,Federal Contract Tower,86,2,3,17,108,0,32,28,9,69,86,34,31,26,177,58,94,152,329
07/31/2001,KOA,HI,AWP,WE,Federal Contract Tower,84,2,4,0,90,0,48,57,10,115,84,50,61,10,205,112,22,134,339
08/01/2001,KOA,HI,AWP,WE,Federal Contract Tower,84,2,2,4,92,1,58,54,2,115,85,60,56,6,207,98,38,136,343
08/02/2001,KOA,HI,AWP,WE,Federal Contract Tower,83,1,5,4,93,0,38,50,0,88,83,39,55,4,181,86,24,110,291
08/03/2001,KOA,HI,AWP,WE,Federal Contract Tower,85,3,18,3,109,0,21,25,3,49,85,24,43,6,158,106,0,106,264
08/04/2001,KOA,HI,AWP,WE,Federal Contract Tower,88,0,4,6,98,0,31,30,6,67,88,31,34,12,165,102,104,206,371
08/05/2001,KOA,HI,AWP,WE,Federal Contract Tower,89,0,1,0,90,0,32,20,0,52,89,32,21,0,142,18,0,18,160
08/06/2001,KOA,HI,AWP,WE,Federal Contract Tower,86,3,4,17,110,0,42,58,0,100,86,45,62,17,210,112,92,204,414
08/07/2001,KOA,HI,AWP,WE,Federal Contract Tower,82,5,7,6,100,0,32,75,2,109,82,37,82,8,209,130,64,194,403
08/08/2001,KOA,HI,AWP,WE,Federal Contract Tower,83,4,3,6,96,0,49,54,2,105,83,53,57,8,201,88,22,110,311
08/09/2001,KOA,HI,AWP,WE,Federal Contract Tower,89,6,16,8,119,0,32,53,2,87,89,38,69,10,206,104,20,124,330
08/10/2001,KOA,HI,AWP,WE,Federal Contract Tower,87,6,11,6,110,0,29,31,0,60,87,35,42,6,170,64,71,135,305
08/11/2001,KOA,HI,AWP,WE,Federal Contract Tower,87,0,9,0,96,0,34,37,0,71,87,34,46,0,167,66,0,66,233
08/12/2001,KOA,HI,AWP,WE,Federal Contract Tower,93,0,4,0,97,0,24,37,0,61,93,24,41,0,158,56,0,56,214
08/13/2001,KOA,HI,AWP,WE,Federal Contract Tower,88,2,5,20,115,0,47,76,0,123,88,49,81,20,238,60,84,144,382
08/14/2001,KOA,HI,AWP,WE,Federal Contract Tower,85,2,3,8,98,0,42,88,4,134,85,44,91,12,232,90,38,128,360
08/15/2001,KOA,HI,AWP,WE,Federal Contract Tower,84,2,6,10,102,0,52,93,6,151,84,54,99,16,253,96,124,220,473
08/16/2001,KOA,HI,AWP,WE,Federal Contract Tower,82,4,1,12,99,0,38,51,0,89,82,42,52,12,188,86,16,102,290
08/17/2001,KOA,HI,AWP,WE,Federal Contract Tower,88,4,4,2,98,0,23,32,0,55,88,27,36,2,153,49,22,71,224
08/18/2001,KOA,HI,AWP,WE,Federal Contract Tower,90,2,6,11,109,0,23,27,8,58,90,25,33,19,167,80,44,124,291
08/19/2001,KOA,HI,AWP,WE,Federal Contract Tower,94,0,9,10,113,0,15,37,0,52,94,15,46,10,165,78,34,112,277
08/20/2001,KOA,HI,AWP,WE,Federal Contract Tower,77,2,9,16,104,0,40,5,0,45,77,42,14,16,149,78,88,166,315
08/21/2001,KOA,HI,AWP,WE,Federal Contract Tower,78,4,5,14,101,0,44,57,8,109,78,48,62,22,210,88,110,198,408
08/22/2001,KOA,HI,AWP,WE,Federal Contract Tower,74,3,3,20,100,0,49,68,0,117,74,52,71,20,217,98,98,196,413
08/23/2001,KOA,HI,AWP,WE,Federal Contract Tower,79,2,4,12,97,0,35,64,2,101,79,37,68,14,198,124,96,220,418
08/24/2001,KOA,HI,AWP,WE,Federal Contract Tower,88,2,7,10,107,0,19,36,0,55,88,21,43,10,162,106,82,188,350
08/25/2001,KOA,HI,AWP,WE,Federal Contract Tower,86,1,7,12,106,0,25,28,2,55,86,26,35,14,161,78,66,144,305
08/26/2001,KOA,HI,AWP,WE,Federal Contract Tower,89,0,7,0,96,0,14,38,2,54,89,14,45,2,150,82,0,82,232
08/27/2001,KOA,HI,AWP,WE,Federal Contract Tower,82,2,6,12,102,0,39,63,0,102,82,41,69,12,204,136,28,164,368
08/28/2001,KOA,HI,AWP,WE,Federal Contract Tower,78,2,10,22,112,0,36,81,4,121,78,38,91,26,233,148,60,208,441
08/29/2001,KOA,HI,AWP,WE,Federal Contract Tower,78,2,4,19,103,0,30,62,7,99,78,32,66,26,202,110,156,266,468
08/30/2001,KOA,HI,AWP,WE,Federal Contract Tower,80,4,7,4,95,0,23,54,4,81,80,27,61,8,176,98,42,140,316
08/31/2001,KOA,HI,AWP,WE,Federal Contract Tower,90,4,5,8,107,0,31,41,0,72,90,35,46,8,179,78,14,92,271
09/01/2001,KOA,HI,AWP,WE,Federal Contract Tower,83,1,7,2,93,1,17,17,0,35,84,18,24,2,128,14,8,22,150
09/02/2001,KOA,HI,AWP,WE,Federal Contract Tower,91,1,10,8,110,0,23,29,0,52,91,24,39,8,162,34,18,52,214
09/03/2001,KOA,HI,AWP,WE,Federal Contract Tower,87,1,10,0,98,0,45,45,0,90,87,46,55,0,188,170,0,170,358
09/04/2001,KOA,HI,AWP,WE,Federal Contract Tower,76,3,4,12,95,0,44,50,8,102,76,47,54,20,197,78,98,176,373
09/05/2001,KOA,HI,AWP,WE,Federal Contract Tower,75,2,7,24,108,0,51,57,14,122,75,53,64,38,230,110,126,236,466
09/06/2001,KOA,HI,AWP,WE,Federal Contract Tower,81,2,4,14,101,0,69,52,54,175,81,71,56,68,276,152,68,220,496
09/07/2001,KOA,HI,AWP,WE,Federal Contract Tower,84,2,2,17,105,0,25,44,5,74,84,27,46,22,179,112,70,182,361
09/08/2001,KOA,HI,AWP,WE,Federal Contract Tower,77,0,1,2,80,0,13,44,2,59,77,13,45,4,139,108,20,128,267
09/09/2001,KOA,HI,AWP,WE,Federal Contract Tower,85,0,8,10,103,0,29,35,0,64,85,29,43,10,167,62,20,82,249
09/10/2001,KOA,HI,AWP,WE,Federal Contract Tower,81,2,4,8,95,0,28,72,4,104,81,30,76,12,199,110,44,154,353
09/11/2001,KOA,HI,AWP,WE,Federal Contract Tower,2,6,0,0,8,0,0,0,0,0,2,6,0,0,8,0,0,0,8
09/12/2001,KOA,HI,AWP,WE,Federal Contract Tower,0,4,0,0,4,0,0,0,0,0,0,4,0,0,4,0,0,0,4
09/13/2001,KOA,HI,AWP,WE,Federal Contract Tower,37,12,0,4,53,0,20,0,0,20,37,32,0,4,73,0,10,10,83
09/14/2001,KOA,HI,AWP,WE,Federal Contract Tower,87,3,0,0,90,0,25,0,0,25,87,28,0,0,115,0,0,0,115
09/15/2001,KOA,HI,AWP,WE,Federal Contract Tower,80,3,6,2,91,0,15,2,3,20,80,18,8,5,111,2,22,24,135
09/16/2001,KOA,HI,AWP,WE,Federal Contract Tower,87,0,5,6,98,0,13,0,0,13,87,13,5,6,111,0,14,14,125
09/17/2001,KOA,HI,AWP,WE,Federal Contract Tower,81,3,18,4,106,0,29,0,0,29,81,32,18,4,135,0,40,40,175
09/18/2001,KOA,HI,AWP,WE,Federal Contract Tower,68,8,8,2,86,0,20,0,0,20,68,28,8,2,106,0,42,42,148
09/19/2001,KOA,HI,AWP,WE,Federal Contract Tower,76,2,17,2,97,0,50,0,0,50,76,52,17,2,147,0,26,26,173
09/20/2001,KOA,HI,AWP,WE,Federal Contract Tower,71,6,17,2,96,0,52,33,2,87,71,58,50,4,183,48,0,48,231
09/21/2001,KOA,HI,AWP,WE,Federal Contract Tower,85,4,7,0,96,0,18,36,3,57,85,22,43,3,153,148,4,152,305
09/22/2001,KOA,HI,AWP,WE,Federal Contract Tower,78,0,11,0,89,0,23,18,4,45,78,23,29,4,134,152,10,162,296
09/23/2001,KOA,HI,AWP,WE,Federal Contract Tower,87,0,5,0,92,0,15,16,0,31,87,15,21,0,123,58,0,58,181
09/24/2001,KOA,HI,AWP,WE,Federal Contract Tower,65,8,9,4,86,0,28,61,2,91,65,36,70,6,177,156,34,190,367
09/25/2001,KOA,HI,AWP,WE,Federal Contract Tower,60,6,6,6,78,0,37,72,8,117,60,43,78,14,195,132,88,220,415
09/26/2001,KOA,HI,AWP,WE,Federal Contract Tower,63,13,8,10,94,0,31,76,6,113,63,44,84,16,207,136,80,216,423
09/27/2001,KOA,HI,AWP,WE,Federal Contract Tower,61,8,7,7,83,0,35,76,3,114,61,43,83,10,197,180,20,200,397
09/28/2001,KOA,HI,AWP,WE,Federal Contract Tower,60,3,6,4,73,0,40,67,0,107,60,43,73,4,180,202,0,202,382
09/29/2001,KOA,HI,AWP,WE,Federal Contract Tower,66,8,2,6,82,0,19,53,0,72,66,27,55,6,154,175,18,193,347
09/30/2001,KOA,HI,AWP,WE,Federal Contract Tower,68,8,4,0,80,0,20,30,0,50,68,28,34,0,130,108,0,108,238
10/01/2001,KOA,HI,AWP,WE,Federal Contract Tower,66,6,1,11,84,0,34,53,19,106,66,40,54,30,190,152,86,238,428
10/02/2001,KOA,HI,AWP,WE,Federal Contract Tower,72,11,5,14,102,0,13,57,2,72,72,24,62,16,174,164,42,206,380
10/03/2001,KOA,HI,AWP,WE,Federal Contract Tower,57,6,8,10,81,0,34,63,14,111,57,40,71,24,192,128,44,172,364
10/04/2001,KOA,HI,AWP,WE,Federal Contract Tower,72,10,10,2,94,0,44,75,4,123,72,54,85,6,217,170,0,170,387
10/05/2001,KOA,HI,AWP,WE,Federal Contract Tower,64,10,5,8,87,0,16,66,16,98,64,26,71,24,185,154,22,176,361
10/06/2001,KOA,HI,AWP,WE,Federal Contract Tower,62,8,2,0,72,0,9,40,0,49,62,17,42,0,121,104,0,104,225
10/07/2001,KOA,HI,AWP,WE,Federal Contract Tower,70,6,9,0,85,0,16,26,8,50,70,22,35,8,135,106,0,106,241
10/08/2001,KOA,HI,AWP,WE,Federal Contract Tower,76,8,2,0,86,0,34,90,2,126,76,42,92,2,212,198,0,198,410
10/09/2001,KOA,HI,AWP,WE,Federal Contract Tower,62,8,7,2,79,0,34,53,0,87,62,42,60,2,166,118,54,172,338
10/10/2001,KOA,HI,AWP,WE,Federal Contract Tower,60,14,6,18,98,0,18,57,2,77,60,32,63,20,175,224,82,306,481
10/11/2001,KOA,HI,AWP,WE,Federal Contract Tower,61,12,4,20,97,0,12,62,0,74,61,24,66,20,171,180,104,284,455
10/12/2001,KOA,HI,AWP,WE,Federal Contract Tower,62,8,8,10,88,0,22,31,0,53,62,30,39,10,141,156,14,170,311
10/13/2001,KOA,HI,AWP,WE,Federal Contract Tower,64,6,10,4,84,0,20,37,3,60,64,26,47,7,144,104,20,124,268
10/14/2001,KOA,HI,AWP,WE,Federal Contract Tower,61,7,13,2,83,0,24,68,0,92,61,31,81,2,175,94,0,94,269
10/15/2001,KOA,HI,AWP,WE,Federal Contract Tower,62,8,10,2,82,0,32,63,0,95,62,40,73,2,177,188,30,218,395
10/16/2001,KOA,HI,AWP,WE,Federal Contract Tower,56,9,5,0,70,0,36,62,0,98,56,45,67,0,168,164,0,164,332
10/17/2001,KOA,HI,AWP,WE,Federal Contract Tower,58,8,7,2,75,0,34,45,18,97,58,42,52,20,172,162,52,214,386
10/18/2001,KOA,HI,AWP,WE,Federal Contract Tower,62,9,6,6,83,0,37,46,0,83,62,46,52,6,166,94,0,94,260
10/19/2001,KOA,HI,AWP,WE,Federal Contract Tower,58,9,1,2,70,0,6,53,0,59,58,15,54,2,129,112,10,122,251
10/20/2001,KOA,HI,AWP,WE,Federal Contract Tower,62,7,3,2,74,0,10,22,0,32,62,17,25,2,106,126,18,144,250
10/21/2001,KOA,HI,AWP,WE,Federal Contract Tower,64,7,6,0,77,0,23,27,0,50,64,30,33,0,127,70,0,70,197
10/22/2001,KOA,HI,AWP,WE,Federal Contract Tower,59,8,5,0,72,0,35,61,2,98,59,43,66,2,170,204,0,204,374
10/23/2001,KOA,HI,AWP,WE,Federal Contract Tower,64,10,1,13,88,0,34,63,0,97,64,44,64,13,185,122,26,148,333
10/24/2001,KOA,HI,AWP,WE,Federal Contract Tower,58,11,2,3,74,0,24,51,0,75,58,35,53,3,149,172,0,172,321
10/25/2001,KOA,HI,AWP,WE,Federal Contract Tower,59,10,2,12,83,0,30,45,0,75,59,40,47,12,158,154,56,210,368
10/26/2001,KOA,HI,AWP,WE,Federal Contract Tower,63,11,4,4,82,0,15,47,2,64,63,26,51,6,146,164,10,174,320
10/27/2001,KOA,HI,AWP,WE,Federal Contract Tower,57,7,3,0,67,0,27,29,0,56,57,34,32,0,123,62,0,62,185
10/28/2001,KOA,HI,AWP,WE,Federal Contract Tower,62,7,4,0,73,0,11,24,0,35,62,18,28,0,108,48,0,48,156
10/29/2001,KOA,HI,AWP,WE,Federal Contract Tower,61,8,9,4,82,0,40,48,0,88,61,48,57,4,170,156,0,156,326
10/30/2001,KOA,HI,AWP,WE,Federal Contract Tower,56,9,5,2,72,0,39,55,0,94,56,48,60,2,166,108,0,108,274
10/31/2001,KOA,HI,AWP,WE,Federal Contract Tower,55,8,5,4,72,0,33,46,2,81,55,41,51,6,153,148,26,174,327
11/01/2001,KOA,HI,AWP,WE,Federal Contract Tower,57,11,9,7,84,1,14,39,1,55,58,25,48,8,139,72,22,94,233
11/02/2001,KOA,HI,AWP,WE,Federal Contract Tower,53,11,8,0,72,1,11,39,2,53,54,22,47,2,125,228,0,228,353
11/03/2001,KOA,HI,AWP,WE,Federal Contract Tower,51,7,7,14,79,1,15,24,4,44,52,22,31,18,123,124,42,166,289
11/04/2001,KOA,HI,AWP,WE,Federal Contract Tower,61,6,1,0,68,1,15,51,0,67,62,21,52,0,135,130,0,130,265
11/05/2001,KOA,HI,AWP,WE,Federal Contract Tower,59,11,5,6,81,1,25,55,0,81,60,36,60,6,162,172,96,268,430
11/06/2001,KOA,HI,AWP,WE,Federal Contract Tower,59,8,4,2,73,1,35,71,2,109,60,43,75,4,182,94,42,136,318
11/07/2001,KOA,HI,AWP,WE,Federal Contract Tower,52,9,4,4,69,1,34,60,0,95,53,43,64,4,164,92,28,120,284
11/08/2001,KOA,HI,AWP,WE,Federal Contract Tower,61,9,8,2,80,1,28,61,0,90,62,37,69,2,170,128,28,156,326
11/09/2001,KOA,HI,AWP,WE,Federal Contract Tower,58,8,9,0,75,1,49,36,4,90,59,57,45,4,165,102,10,112,277
11/10/2001,KOA,HI,AWP,WE,Federal Contract Tower,55,9,7,3,74,0,35,35,6,76,55,44,42,9,150,135,6,141,291
11/11/2001,KOA,HI,AWP,WE,Federal Contract Tower,59,6,8,0,73,1,33,35,0,69,60,39,43,0,142,64,0,64,206
11/12/2001,KOA,HI,AWP,WE,Federal Contract Tower,61,8,3,0,72,1,22,54,0,77,62,30,57,0,149,102,0,102,251
11/13/2001,KOA,HI,AWP,WE,Federal Contract Tower,58,10,7,2,77,0,33,75,0,108,58,43,82,2,185,124,10,134,319
11/14/2001,KOA,HI,AWP,WE,Federal Contract Tower,55,16,10,8,89,0,30,64,0,94,55,46,74,8,183,150,48,198,381
11/15/2001,KOA,HI,AWP,WE,Federal Contract Tower,56,12,5,7,80,0,25,87,3,115,56,37,92,10,195,112,38,150,345
11/16/2001,KOA,HI,AWP,WE,Federal Contract Tower,60,10,8,11,89,0,21,64,0,85,60,31,72,11,174,153,32,185,359
11/17/2001,KOA,HI,AWP,WE,Federal Contract Tower,58,5,5,0,68,0,37,65,6,108,58,42,70,6,176,55,0,55,231
11/18/2001,KOA,HI,AWP,WE,Federal Contract Tower,59,6,3,0,68,0,16,42,0,58,59,22,45,0,126,38,0,38,164
11/19/2001,KOA,HI,AWP,WE,Federal Contract Tower,62,9,0,4,75,0,20,57,0,77,62,29,57,4,152,116,66,182,334
11/20/2001,KOA,HI,AWP,WE,Federal Contract Tower,54,8,8,2,72,0,26,71,10,107,54,34,79,12,179,116,18,134,313
11/21/2001,KOA,HI,AWP,WE,Federal Contract Tower,55,10,7,3,75,0,31,95,9,135,55,41,102,12,210,178,52,230,440
11/22/2001,KOA,HI,AWP,WE,Federal Contract Tower,60,6,3,0,69,0,26,53,0,79,60,32,56,0,148,120,0,120,268
11/23/2001,KOA,HI,AWP,WE,Federal Contract Tower,58,8,5,0,71,1,31,60,0,92,59,39,65,0,163,132,0,132,295
11/24/2001,KOA,HI,AWP,WE,Federal Contract Tower,66,7,5,0,78,0,32,60,2,94,66,39,65,2,172,90,0,90,262
11/25/2001,KOA,HI,AWP,WE,Federal Contract Tower,69,6,11,0,86,0,32,41,0,73,69,38,52,0,159,108,0,108,267
11/26/2001,KOA,HI,AWP,WE,Federal Contract Tower,60,10,11,10,91,0,13,13,0,26,60,23,24,10,117,26,34,60,177
11/27/2001,KOA,HI,AWP,WE,Federal Contract Tower,53,7,0,0,60,0,0,6,0,6,53,7,6,0,66,0,0,0,66
11/28/2001,KOA,HI,AWP,WE,Federal Contract Tower,58,9,0,2,69,0,31,49,0,80,58,40,49,2,149,68,0,68,217
11/29/2001,KOA,HI,AWP,WE,Federal Contract Tower,58,11,5,8,82,0,39,44,10,93,58,50,49,18,175,112,30,142,317
11/30/2001,KOA,HI,AWP,WE,Federal Contract Tower,65,8,9,6,88,0,35,75,0,110,65,43,84,6,198,240,58,298,496
12/01/2001,KOA,HI,AWP,WE,Federal Contract Tower,55,6,6,4,71,1,16,38,0,55,56,22,44,4,126,162,42,204,330
12/02/2001,KOA,HI,AWP,WE,Federal Contract Tower,61,3,5,1,70,0,20,68,1,89,61,23,73,2,159,110,6,116,275
12/03/2001,KOA,HI,AWP,WE,Federal Contract Tower,60,8,6,8,82,4,21,45,0,70,64,29,51,8,152,210,46,256,408
12/04/2001,KOA,HI,AWP,WE,Federal Contract Tower,57,8,8,27,100,1,21,48,3,73,58,29,56,30,173,82,32,114,287
12/05/2001,KOA,HI,AWP,WE,Federal Contract Tower,59,11,1,11,82,1,35,50,3,89,60,46,51,14,171,162,62,224,395
12/06/2001,KOA,HI,AWP,WE,Federal Contract Tower,69,10,4,18,101,1,18,54,0,73,70,28,58,18,174,208,74,282,456
12/07/2001,KOA,HI,AWP,WE,Federal Contract Tower,56,10,5,7,78,2,32,47,29,110,58,42,52,36,188,81,92,173,361
12/08/2001,KOA,HI,AWP,WE,Federal Contract Tower,59,8,7,0,74,0,42,72,0,114,59,50,79,0,188,182,0,182,370
12/09/2001,KOA,HI,AWP,WE,Federal Contract Tower,60,5,8,1,74,0,21,10,1,32,60,26,18,2,106,2,0,2,108
12/10/2001,KOA,HI,AWP,WE,Federal Contract Tower,61,8,6,7,82,0,34,26,5,65,61,42,32,12,147,62,44,106,253
12/11/2001,KOA,HI,AWP,WE,Federal Contract Tower,56,10,3,19,88,0,32,53,27,112,56,42,56,46,200,152,142,294,494
12/12/2001,KOA,HI,AWP,WE,Federal Contract Tower,59,7,5,11,82,0,22,37,3,62,59,29,42,14,144,134,52,186,330
12/13/2001,KOA,HI,AWP,WE,Federal Contract Tower,54,12,0,8,74,0,10,23,0,33,54,22,23,8,107,72,56,128,235
12/14/2001,KOA,HI,AWP,WE,Federal Contract Tower,54,8,5,7,74,0,15,35,0,50,54,23,40,7,124,97,32,129,253
12/15/2001,KOA,HI,AWP,WE,Federal Contract Tower,58,8,5,2,73,0,29,56,0,85,58,37,61,2,158,196,4,200,358
12/16/2001,KOA,HI,AWP,WE,Federal Contract Tower,58,8,3,18,87,0,25,52,3,80,58,33,55,21,167,170,56,226,393
12/17/2001,KOA,HI,AWP,WE,Federal Contract Tower,61,12,7,10,90,0,34,57,14,105,61,46,64,24,195,92,64,156,351
12/18/2001,KOA,HI,AWP,WE,Federal Contract Tower,56,16,2,26,100,0,20,57,8,85,56,36,59,34,185,84,106,190,375
12/19/2001,KOA,HI,AWP,WE,Federal Contract Tower,59,9,8,4,80,0,41,45,2,88,59,50,53,6,168,88,38,126,294
12/20/2001,KOA,HI,AWP,WE,Federal Contract Tower,54,10,5,18,87,0,17,44,0,61,54,27,49,18,148,98,86,184,332
12/21/2001,KOA,HI,AWP,WE,Federal Contract Tower,63,10,25,19,117,0,13,23,4,40,63,23,48,23,157,144,166,310,467
12/22/2001,KOA,HI,AWP,WE,Federal Contract Tower,62,7,15,0,84,0,35,44,0,79,62,42,59,0,163,74,0,74,237
12/23/2001,KOA,HI,AWP,WE,Federal Contract Tower,65,7,12,0,84,0,42,43,0,85,65,49,55,0,169,58,0,58,227
12/24/2001,KOA,HI,AWP,WE,Federal Contract Tower,58,8,9,0,75,1,52,61,0,114,59,60,70,0,189,58,0,58,247
12/25/2001,KOA,HI,AWP,WE,Federal Contract Tower,54,6,6,0,66,0,0,17,0,17,54,6,23,0,83,28,0,28,111
12/26/2001,KOA,HI,AWP,WE,Federal Contract Tower,63,20,3,4,90,0,45,48,0,93,63,65,51,4,183,88,82,170,353
12/27/2001,KOA,HI,AWP,WE,Federal Contract Tower,58,34,5,0,97,0,20,41,0,61,58,54,46,0,158,122,0,122,280
12/28/2001,KOA,HI,AWP,WE,Federal Contract Tower,63,9,7,17,96,0,31,54,41,126,63,40,61,58,222,189,130,319,541
12/29/2001,KOA,HI,AWP,WE,Federal Contract Tower,62,8,9,0,79,0,35,55,0,90,62,43,64,0,169,70,0,70,239
12/30/2001,KOA,HI,AWP,WE,Federal Contract Tower,58,17,20,0,95,0,11,4,0,15,58,28,24,0,110,0,0,0,110
12/31/2001,KOA,HI,AWP,WE,Federal Contract Tower,56,8,5,0,69,0,31,60,0,91,56,39,65,0,160,152,0,152,312
01/01/2002,KOA,HI,AWP,WE,Federal Contract Tower,56,7,11,0,74,2,19,38,0,59,58,26,49,0,133,52,0,52,185
01/02/2002,KOA,HI,AWP,WE,Federal Contract Tower,58,33,1,6,98,1,20,73,5,99,59,53,74,11,197,108,58,166,363
01/03/2002,KOA,HI,AWP,WE,Federal Contract Tower,60,29,5,7,101,1,31,53,0,85,61,60,58,7,186,86,72,158,344
01/04/2002,KOA,HI,AWP,WE,Federal Contract Tower,65,7,25,4,101,2,46,40,25,113,67,53,65,29,214,140,20,160,374
01/05/2002,KOA,HI,AWP,WE,Federal Contract Tower,62,7,24,7,100,1,48,48,13,110,63,55,72,20,210,218,29,247,457
01/06/2002,KOA,HI,AWP,WE,Federal Contract Tower,58,13,10,0,81,0,13,24,0,37,58,26,34,0,118,38,0,38,156
01/07/2002,KOA,HI,AWP,WE,Federal Contract Tower,61,9,8,8,86,1,25,48,6,80,62,34,56,14,166,122,42,164,330
01/08/2002,KOA,HI,AWP,WE,Federal Contract Tower,57,7,3,13,80,1,44,52,9,106,58,51,55,22,186,86,56,142,328
01/09/2002,KOA,HI,AWP,WE,Federal Contract Tower,54,10,1,10,75,0,40,66,0,106,54,50,67,10,181,98,114,212,393
01/10/2002,KOA,HI,AWP,WE,Federal Contract Tower,62,11,1,21,95,0,25,43,3,71,62,36,44,24,166,56,60,116,282
01/11/2002,KOA,HI,AWP,WE,Federal Contract Tower,61,7,7,15,90,0,43,55,31,129,61,50,62,46,219,128,130,258,477
01/12/2002,KOA,HI,AWP,WE,Federal Contract Tower,60,6,10,0,76,0,58,75,7,140,60,64,85,7,216,80,6,86,302
01/13/2002,KOA,HI,AWP,WE,Federal Contract Tower,58,5,15,0,78,1,18,43,0,62,59,23,58,0,140,76,0,76,216
01/14/2002,KOA,HI,AWP,WE,Federal Contract Tower,63,7,4,3,77,0,23,48,1,72,63,30,52,4,149,142,46,188,337
01/15/2002,KOA,HI,AWP,WE,Federal Contract Tower,57,7,4,2,70,0,31,44,4,79,57,38,48,6,149,170,22,192,341
01/16/2002,KOA,HI,AWP,WE,Federal Contract Tower,57,8,4,5,74,0,35,58,5,98,57,43,62,10,172,156,48,204,376
01/17/2002,KOA,HI,AWP,WE,Federal Contract Tower,58,11,7,11,87,0,26,32,3,61,58,37,39,14,148,94,30,124,272
01/18/2002,KOA,HI,AWP,WE,Federal Contract Tower,65,4,4,19,92,1,44,54,1,100,66,48,58,20,192,210,122,332,524
01/19/2002,KOA,HI,AWP,WE,Federal Contract Tower,65,5,5,0,75,1,11,32,0,44,66,16,37,0,119,156,0,156,275
01/20/2002,KOA,HI,AWP,WE,Federal Contract Tower,59,4,7,0,70,1,32,32,0,65,60,36,39,0,135,86,0,86,221
01/21/2002,KOA,HI,AWP,WE,Federal Contract Tower,63,7,5,0,75,1,35,41,0,77,64,42,46,0,152,190,0,190,342
01/22/2002,KOA,HI,AWP,WE,Federal Contract Tower,57,10,3,11,81,1,15,39,3,58,58,25,42,14,139,80,22,102,241
01/23/2002,KOA,HI,AWP,WE,Federal Contract Tower,56,6,4,6,72,1,47,53,0,101,57,53,57,6,173,68,30,98,271
01/24/2002,KOA,HI,AWP,WE,Federal Contract Tower,56,10,10,6,82,1,36,66,6,109,57,46,76,12,191,110,38,148,339
01/25/2002,KOA,HI,AWP,WE,Federal Contract Tower,61,8,5,8,82,1,30,39,2,72,62,38,44,10,154,124,44,168,322
01/26/2002,KOA,HI,AWP,WE,Federal Contract Tower,61,5,4,4,74,1,33,25,6,65,62,38,29,10,139,216,36,252,391
01/27/2002,KOA,HI,AWP,WE,Federal Contract Tower,60,8,6,17,91,1,24,33,1,59,61,32,39,18,150,86,32,118,268
01/28/2002,KOA,HI,AWP,WE,Federal Contract Tower,63,7,2,23,95,1,28,55,7,91,64,35,57,30,186,138,8,146,332
01/29/2002,KOA,HI,AWP,WE,Federal Contract Tower,58,14,7,19,98,1,6,17,0,24,59,20,24,19,122,46,72,118,240
01/30/2002,KOA,HI,AWP,WE,Federal Contract Tower,55,7,7,18,87,1,11,25,0,37,56,18,32,18,124,52,68,120,244
01/31/2002,KOA,HI,AWP,WE,Federal Contract Tower,60,7,5,30,102,1,31,38,10,80,61,38,43,40,182,84,104,188,370
02/01/2002,KOA,HI,AWP,WE,Federal Contract Tower,64,6,8,4,82,0,39,44,14,97,64,45,52,18,179,151,78,229,408
02/02/2002,KOA,HI,AWP,WE,Federal Contract Tower,61,6,8,0,75,0,28,33,0,61,61,34,41,0,136,222,0,222,358
02/03/2002,KOA,HI,AWP,WE,Federal Contract Tower,58,5,4,0,67,0,32,46,0,78,58,37,50,0,145,92,0,92,237
02/04/2002,KOA,HI,AWP,WE,Federal Contract Tower,63,7,9,18,97,0,47,28,2,77,63,54,37,20,174,56,104,160,334
02/05/2002,KOA,HI,AWP,WE,Federal Contract Tower,58,7,6,9,80,0,35,70,11,116,58,42,76,20,196,144,42,186,382
02/06/2002,KOA,HI,AWP,WE,Federal Contract Tower,57,3,2,16,78,0,42,54,8,104,57,45,56,24,182,116,150,266,448
02/07/2002,KOA,HI,AWP,WE,Federal Contract Tower,68,7,3,4,82,0,54,71,0,125,68,61,74,4,207,124,12,136,343
02/08/2002,KOA,HI,AWP,WE,Federal Contract Tower,64,8,8,21,101,0,29,34,7,70,64,37,42,28,171,161,210,371,542
02/09/2002,KOA,HI,AWP,WE,Federal Contract Tower,69,6,6,6,87,0,31,43,2,76,69,37,49,8,163,80,38,118,281
02/10/2002,KOA,HI,AWP,WE,Federal Contract Tower,60,9,2,0,71,0,21,28,0,49,60,30,30,0,120,210,0,210,330
02/11/2002,KOA,HI,AWP,WE,Federal Contract Tower,61,6,4,10,81,0,21,31,0,52,61,27,35,10,133,56,24,80,213
02/12/2002,KOA,HI,AWP,WE,Federal Contract Tower,60,9,4,32,105,0,41,80,3,124,60,50,84,35,229,160,30,190,419
02/13/2002,KOA,HI,AWP,WE,Federal Contract Tower,54,8,3,10,75,0,52,59,20,131,54,60,62,30,206,174,70,244,450
02/14/2002,KOA,HI,AWP,WE,Federal Contract Tower,60,7,8,10,85,0,30,52,4,86,60,37,60,14,171,150,75,225,396
02/15/2002,KOA,HI,AWP,WE,Federal Contract Tower,69,6,9,4,88,0,42,28,0,70,69,48,37,4,158,219,42,261,419
02/16/2002,KOA,HI,AWP,WE,Federal Contract Tower,70,6,8,0,84,0,34,57,0,91,70,40,65,0,175,112,0,112,287
02/17/2002,KOA,HI,AWP,WE,Federal Contract Tower,59,4,4,4,71,0,34,39,0,73,59,38,43,4,144,32,8,40,184
02/18/2002,KOA,HI,AWP,WE,Federal Contract Tower,71,7,16,0,94,0,31,44,0,75,71,38,60,0,169,154,0,154,323
02/19/2002,KOA,HI,AWP,WE,Federal Contract Tower,57,6,4,14,81,0,46,46,2,94,57,52,50,16,175,116,28,144,319
02/20/2002,KOA,HI,AWP,WE,Federal Contract Tower,56,6,5,12,79,0,19,42,4,65,56,25,47,16,144,58,40,98,242
02/21/2002,KOA,HI,AWP,WE,Federal Contract Tower,57,8,6,8,79,0,49,71,4,124,57,57,77,12,203,126,46,172,375
02/22/2002,KOA,HI,AWP,WE,Federal Contract Tower,62,7,6,8,83,0,36,43,15,94,62,43,49,23,177,188,121,309,486
02/23/2002,KOA,HI,AWP,WE,Federal Contract Tower,65,6,16,0,87,0,22,33,2,57,65,28,49,2,144,156,0,156,300
02/24/2002,KOA,HI,AWP,WE,Federal Contract Tower,63,4,6,2,75,0,10,20,0,30,63,14,26,2,105,32,16,48,153
02/25/2002,KOA,HI,AWP,WE,Federal Contract Tower,64,6,3,4,77,0,16,18,0,34,64,22,21,4,111,72,6,78,189
02/26/2002,KOA,HI,AWP,WE,Federal Contract Tower,56,6,2,32,96,0,0,22,8,30,56,6,24,40,126,50,42,92,218
02/27/2002,KOA,HI,AWP,WE,Federal Contract Tower,59,6,5,14,84,0,56,73,6,135,59,62,78,20,219,202,16,218,437
02/28/2002,KOA,HI,AWP,WE,Federal Contract Tower,62,7,6,9,84,0,49,65,9,123,62,56,71,18,207,166,36,202,409
03/01/2002,KOA,HI,AWP,WE,Federal Contract Tower,54,8,4,5,71,1,41,54,1,97,55,49,58,6,168,206,0,206,374
03/02/2002,KOA,HI,AWP,WE,Federal Contract Tower,69,6,3,0,78,0,30,49,0,79,69,36,52,0,157,170,0,170,327
03/03/2002,KOA,HI,AWP,WE,Federal Contract Tower,60,8,4,4,76,0,21,27,0,48,60,29,31,4,124,86,0,86,210
03/04/2002,KOA,HI,AWP,WE,Federal Contract Tower,64,7,0,2,73,0,26,49,2,77,64,33,49,4,150,180,28,208,358
03/05/2002,KOA,HI,AWP,WE,Federal Contract Tower,56,9,2,2,69,0,24,54,0,78,56,33,56,2,147,142,36,178,325
03/06/2002,KOA,HI,AWP,WE,Federal Contract Tower,68,8,5,18,99,0,41,42,8,91,68,49,47,26,190,130,110,240,430
03/07/2002,KOA,HI,AWP,WE,Federal Contract Tower,55,9,0,2,66,0,35,45,4,84,55,44,45,6,150,106,36,142,292
03/08/2002,KOA,HI,AWP,WE,Federal Contract Tower,63,6,6,19,94,0,49,60,9,118,63,55,66,28,212,210,73,283,495
03/09/2002,KOA,HI,AWP,WE,Federal Contract Tower,70,8,8,5,91,0,40,42,1,83,70,48,50,6,174,249,39,288,462
03/10/2002,KOA,HI,AWP,WE,Federal Contract Tower,60,4,4,0,68,0,22,47,0,69,60,26,51,0,137,120,0,120,257
03/11/2002,KOA,HI,AWP,WE,Federal Contract Tower,64,6,4,10,84,0,32,72,0,104,64,38,76,10,188,230,18,248,436
03/12/2002,KOA,HI,AWP,WE,Federal Contract Tower,62,6,15,16,99,0,40,61,4,105,62,46,76,20,204,166,54,220,424
03/13/2002,KOA,HI,AWP,WE,Federal Contract Tower,57,10,9,6,82,0,62,76,12,150,57,72,85,18,232,136,16,152,384
03/14/2002,KOA,HI,AWP,WE,Federal Contract Tower,57,8,5,4,74,0,41,48,0,89,57,49,53,4,163,112,38,150,313
03/15/2002,KOA,HI,AWP,WE,Federal Contract Tower,66,6,11,16,99,0,51,63,114,228,66,57,74,130,327,175,130,305,632
03/16/2002,KOA,HI,AWP,WE,Federal Contract Tower,64,8,8,2,82,0,28,34,0,62,64,36,42,2,144,82,28,110,254
03/17/2002,KOA,HI,AWP,WE,Federal Contract Tower,64,4,9,0,77,0,25,27,0,52,64,29,36,0,129,40,0,40,169
03/18/2002,KOA,HI,AWP,WE,Federal Contract Tower,59,10,0,24,93,0,33,19,2,54,59,43,19,26,147,2,28,30,177
03/19/2002,KOA,HI,AWP,WE,Federal Contract Tower,57,12,8,26,103,0,28,68,6,102,57,40,76,32,205,82,124,206,411
03/20/2002,KOA,HI,AWP,WE,Federal Contract Tower,56,13,1,8,78,0,52,39,0,91,56,65,40,8,169,124,22,146,315
03/21/2002,KOA,HI,AWP,WE,Federal Contract Tower,61,11,4,5,81,0,32,50,8,90,61,43,54,13,171,104,46,150,321
03/22/2002,KOA,HI,AWP,WE,Federal Contract Tower,69,7,6,9,91,0,35,38,3,76,69,42,44,12,167,150,82,232,399
03/23/2002,KOA,HI,AWP,WE,Federal Contract Tower,68,8,8,0,84,0,40,79,0,119,68,48,87,0,203,188,0,188,391
03/24/2002,KOA,HI,AWP,WE,Federal Contract Tower,70,6,11,16,103,0,18,16,0,34,70,24,27,16,137,78,18,96,233
03/25/2002,KOA,HI,AWP,WE,Federal Contract Tower,64,8,13,25,110,0,39,50,0,89,64,47,63,25,199,36,62,98,297
03/26/2002,KOA,HI,AWP,WE,Federal Contract Tower,66,8,6,17,97,0,41,81,2,124,66,49,87,19,221,166,24,190,411
03/27/2002,KOA,HI,AWP,WE,Federal Contract Tower,60,10,19,12,101,0,46,42,8,96,60,56,61,20,197,36,120,156,353
03/28/2002,KOA,HI,AWP,WE,Federal Contract Tower,65,18,9,4,96,0,63,63,6,132,65,81,72,10,228,70,14,84,312
03/29/2002,KOA,HI,AWP,WE,Federal Contract Tower,67,8,12,9,96,0,28,51,7,86,67,36,63,16,182,168,16,184,366
03/30/2002,KOA,HI,AWP,WE,Federal Contract Tower,66,12,14,8,100,0,53,84,0,137,66,65,98,8,237,234,20,254,491
03/31/2002,KOA,HI,AWP,WE,Federal Contract Tower,68,6,14,0,88,0,33,51,0,84,68,39,65,0,172,84,0,84,256
04/01/2002,KOA,HI,AWP,WE,Federal Contract Tower,60,10,14,16,100,0,38,66,15,119,60,48,80,31,219,78,118,196,415
04/02/2002,KOA,HI,AWP,WE,Federal Contract Tower,59,10,6,8,83,0,75,79,10,164,59,85,85,18,247,220,14,234,481
04/03/2002,KOA,HI,AWP,WE,Federal Contract Tower,51,12,4,8,75,0,42,48,7,97,51,54,52,15,172,90,4,94,266
04/04/2002,KOA,HI,AWP,WE,Federal Contract Tower,66,13,4,4,87,0,41,60,7,108,66,54,64,11,195,116,0,116,311
04/05/2002,KOA,HI,AWP,WE,Federal Contract Tower,59,11,9,10,89,0,32,74,1,107,59,43,83,11,196,144,52,196,392
04/06/2002,KOA,HI,AWP,WE,Federal Contract Tower,61,5,23,6,95,0,52,63,0,115,61,57,86,6,210,200,19,219,429
04/07/2002,KOA,HI,AWP,WE,Federal Contract Tower,73,3,14,0,90,0,36,18,0,54,73,39,32,0,144,68,0,68,212
04/08/2002,KOA,HI,AWP,WE,Federal Contract Tower,65,4,2,8,79,0,36,51,4,91,65,40,53,12,170,68,16,84,254
04/09/2002,KOA,HI,AWP,WE,Federal Contract Tower,69,4,4,5,82,0,36,72,2,110,69,40,76,7,192,136,0,136,328
04/10/2002,KOA,HI,AWP,WE,Federal Contract Tower,65,5,0,10,80,0,38,71,0,109,65,43,71,10,189,94,70,164,353
04/11/2002,KOA,HI,AWP,WE,Federal Contract Tower,64,14,1,19,98,0,25,90,4,119,64,39,91,23,217,164,72,236,453
04/12/2002,KOA,HI,AWP,WE,Federal Contract Tower,75,6,7,6,94,0,53,80,4,137,75,59,87,10,231,210,16,226,457
04/13/2002,KOA,HI,AWP,WE,Federal Contract Tower,70,2,16,4,92,0,26,73,0,99,70,28,89,4,191,142,0,142,333
04/14/2002,KOA,HI,AWP,WE,Federal Contract Tower,74,2,9,2,87,0,34,36,4,74,74,36,45,6,161,34,0,34,195
04/15/2002,KOA,HI,AWP,WE,Federal Contract Tower,70,4,1,0,75,0,36,63,18,117,70,40,64,18,192,182,0,182,374
04/16/2002,KOA,HI,AWP,WE,Federal Contract Tower,64,5,3,16,88,0,50,81,15,146,64,55,84,31,234,180,118,298,532
04/17/2002,KOA,HI,AWP,WE,Federal Contract Tower,62,4,10,14,90,0,42,73,14,129,62,46,83,28,219,122,18,140,359
04/18/2002,KOA,HI,AWP,WE,Federal Contract Tower,68,8,0,10,86,0,39,63,2,104,68,47,63,12,190,116,32,148,338
04/19/2002,KOA,HI,AWP,WE,Federal Contract Tower,70,4,10,8,92,0,34,43,2,79,70,38,53,10,171,129,0,129,300
04/20/2002,KOA,HI,AWP,WE,Federal Contract Tower,65,3,14,4,86,0,48,65,4,117,65,51,79,8,203,164,34,198,401
04/21/2002,KOA,HI,AWP,WE,Federal Contract Tower,66,3,19,11,99,0,39,43,14,96,66,42,62,25,195,132,0,132,327
04/22/2002,KOA,HI,AWP,WE,Federal Contract Tower,69,4,1,11,85,0,19,60,4,83,69,23,61,15,168,166,60,226,394
04/23/2002,KOA,HI,AWP,WE,Federal Contract Tower,61,4,7,6,78,0,56,92,2,150,61,60,99,8,228,194,0,194,422
04/24/2002,KOA,HI,AWP,WE,Federal Contract Tower,68,4,0,19,91,0,34,67,0,101,68,38,67,19,192,138,86,224,416
04/25/2002,KOA,HI,AWP,WE,Federal Contract Tower,74,7,1,1,83,0,34,55,4,93,74,41,56,5,176,84,22,106,282
04/26/2002,KOA,HI,AWP,WE,Federal Contract Tower,70,5,8,0,83,0,42,57,0,99,70,47,65,0,182,157,0,157,339
04/27/2002,KOA,HI,AWP,WE,Federal Contract Tower,67,3,6,0,76,0,39,63,0,102,67,42,69,0,178,196,0,196,374
04/28/2002,KOA,HI,AWP,WE,Federal Contract Tower,70,2,6,8,86,0,52,54,2,108,70,54,60,10,194,134,14,148,342
04/29/2002,KOA,HI,AWP,WE,Federal Contract Tower,67,6,6,17,96,0,17,26,1,44,67,23,32,18,140,113,36,149,289
04/30/2002,KOA,HI,AWP,WE,Federal Contract Tower,65,4,5,17,91,0,45,53,3,101,65,49,58,20,192,206,112,318,510
05/01/2002,KOA,HI,AWP,WE,Federal Contract Tower,66,8,10,0,84,0,31,58,4,93,66,39,68,4,177,106,2,108,285
05/02/2002,KOA,HI,AWP,WE,Federal Contract Tower,68,11,1,10,90,0,37,62,0,99,68,48,63,10,189,106,52,158,347
05/03/2002,KOA,HI,AWP,WE,Federal Contract Tower,70,6,5,22,103,0,19,44,8,71,70,25,49,30,174,156,34,190,364
05/04/2002,KOA,HI,AWP,WE,Federal Contract Tower,66,8,4,6,84,0,7,32,8,47,66,15,36,14,131,180,38,218,349
05/05/2002,KOA,HI,AWP,WE,Federal Contract Tower,70,9,10,16,105,0,6,16,0,22,70,15,26,16,127,28,32,60,187
05/06/2002,KOA,HI,AWP,WE,Federal Contract Tower,68,8,5,8,89,0,26,38,2,66,68,34,43,10,155,130,88,218,373
05/07/2002,KOA,HI,AWP,WE,Federal Contract Tower,60,4,4,14,82,0,31,55,8,94,60,35,59,22,176,108,134,242,418
05/08/2002,KOA,HI,AWP,WE,Federal Contract Tower,65,4,1,18,88,0,39,36,0,75,65,43,37,18,163,98,116,214,377
05/09/2002,KOA,HI,AWP,WE,Federal Contract Tower,66,8,8,26,108,0,23,62,2,87,66,31,70,28,195,86,122,208,403
05/10/2002,KOA,HI,AWP,WE,Federal Contract Tower,65,6,7,21,99,0,24,46,7,77,65,30,53,28,176,144,242,386,562
05/11/2002,KOA,HI,AWP,WE,Federal Contract Tower,68,2,11,10,91,0,20,27,2,49,68,22,38,12,140,128,30,158,298
05/12/2002,KOA,HI,AWP,WE,Federal Contract Tower,68,2,12,4,86,0,20,20,4,44,68,22,32,8,130,100,26,126,256
05/13/2002,KOA,HI,AWP,WE,Federal Contract Tower,68,8,5,7,88,0,7,6,1,14,68,15,11,8,102,40,32,72,174
05/14/2002,KOA,HI,AWP,WE,Federal Contract Tower,65,5,5,18,93,0,17,59,4,80,65,22,64,22,173,98,142,240,413
05/15/2002,KOA,HI,AWP,WE,Federal Contract Tower,66,5,0,20,91,0,31,58,0,89,66,36,58,20,180,58,112,170,350
05/16/2002,KOA,HI,AWP,WE,Federal Contract Tower,68,11,0,12,91,0,20,60,4,84,68,31,60,16,175,140,40,180,355
05/17/2002,KOA,HI,AWP,WE,Federal Contract Tower,70,4,7,2,83,0,26,38,4,68,70,30,45,6,151,148,48,196,347
05/18/2002,KOA,HI,AWP,WE,Federal Contract Tower,69,2,3,2,76,0,14,22,0,36,69,16,25,2,112,192,2,194,306
05/19/2002,KOA,HI,AWP,WE,Federal Contract Tower,78,2,0,0,80,0,21,39,0,60,78,23,39,0,140,146,0,146,286
05/20/2002,KOA,HI,AWP,WE,Federal Contract Tower,67,4,2,4,77,0,29,39,2,70,67,33,41,6,147,86,0,86,233
05/21/2002,KOA,HI,AWP,WE,Federal Contract Tower,62,6,2,2,72,0,47,22,2,71,62,53,24,4,143,48,2,50,193
05/22/2002,KOA,HI,AWP,WE,Federal Contract Tower,65,5,1,14,85,0,37,47,0,84,65,42,48,14,169,64,68,132,301
05/23/2002,KOA,HI,AWP,WE,Federal Contract Tower,66,8,2,8,84,0,40,51,0,91,66,48,53,8,175,62,8,70,245
05/24/2002,KOA,HI,AWP,WE,Federal Contract Tower,84,4,5,2,95,0,26,44,2,72,84,30,49,4,167,184,50,234,401
05/25/2002,KOA,HI,AWP,WE,Federal Contract Tower,70,3,4,0,77,0,26,28,0,54,70,29,32,0,131,148,0,148,279
05/26/2002,KOA,HI,AWP,WE,Federal Contract Tower,68,2,3,0,73,0,15,20,0,35,68,17,23,0,108,84,0,84,192
05/27/2002,KOA,HI,AWP,WE,Federal Contract Tower,92,1,6,0,99,0,37,39,0,76,92,38,45,0,175,86,0,86,261
05/28/2002,KOA,HI,AWP,WE,Federal Contract Tower,67,4,4,6,81,0,36,36,6,78,67,40,40,12,159,56,36,92,251
05/29/2002,KOA,HI,AWP,WE,Federal Contract Tower,65,6,2,10,83,0,39,49,4,92,65,45,51,14,175,88,86,174,349
05/30/2002,KOA,HI,AWP,WE,Federal Contract Tower,66,4,2,4,76,0,31,77,4,112,66,35,79,8,188,176,42,218,406
05/31/2002,KOA,HI,AWP,WE,Federal Contract Tower,69,6,4,3,82,0,25,45,0,70,69,31,49,3,152,100,46,146,298
06/01/2002,KOA,HI,AWP,WE,Federal Contract Tower,65,2,6,4,77,0,20,35,0,55,65,22,41,4,132,116,50,166,298
06/02/2002,KOA,HI,AWP,WE,Federal Contract Tower,70,2,5,0,77,0,22,20,0,42,70,24,25,0,119,78,0,78,197
06/03/2002,KOA,HI,AWP,WE,Federal Contract Tower,71,4,5,4,84,0,45,53,0,98,71,49,58,4,182,68,8,76,258
06/04/2002,KOA,HI,AWP,WE,Federal Contract Tower,66,4,7,10,87,0,33,70,2,105,66,37,77,12,192,136,44,180,372
06/05/2002,KOA,HI,AWP,WE,Federal Contract Tower,65,4,1,18,88,0,30,45,2,77,65,34,46,20,165,90,30,120,285
06/06/2002,KOA,HI,AWP,WE,Federal Contract Tower,66,8,5,13,92,0,30,59,11,100,66,38,64,24,192,140,60,200,392
06/07/2002,KOA,HI,AWP,WE,Federal Contract Tower,74,7,9,8,98,0,30,27,6,63,74,37,36,14,161,64,38,102,263
06/08/2002,KOA,HI,AWP,WE,Federal Contract Tower,66,10,6,0,82,0,36,39,0,75,66,46,45,0,157,152,0,152,309
06/09/2002,KOA,HI,AWP,WE,Federal Contract Tower,74,4,2,2,82,0,38,46,0,84,74,42,48,2,166,108,0,108,274
06/10/2002,KOA,HI,AWP,WE,Federal Contract Tower,66,6,6,17,95,0,39,40,1,80,66,45,46,18,175,108,48,156,331
06/11/2002,KOA,HI,AWP,WE,Federal Contract Tower,63,8,12,4,87,0,34,56,10,100,63,42,68,14,187,98,8,106,293
06/12/2002,KOA,HI,AWP,WE,Federal Contract Tower,70,13,2,0,85,0,26,49,4,79,70,39,51,4,164,102,0,102,266
06/13/2002,KOA,HI,AWP,WE,Federal Contract Tower,69,10,4,3,86,0,32,51,5,88,69,42,55,8,174,82,28,110,284
06/14/2002,KOA,HI,AWP,WE,Federal Contract Tower,73,5,10,2,90,0,31,38,0,69,73,36,48,2,159,86,26,112,271
06/15/2002,KOA,HI,AWP,WE,Federal Contract Tower,72,3,12,0,87,0,35,25,0,60,72,38,37,0,147,102,0,102,249
06/16/2002,KOA,HI,AWP,WE,Federal Contract Tower,83,2,7,0,92,0,27,24,0,51,83,29,31,0,143,136,0,136,279
06/17/2002,KOA,HI,AWP,WE,Federal Contract Tower,72,3,6,3,84,0,34,67,1,102,72,37,73,4,186,86,2,88,274
06/18/2002,KOA,HI,AWP,WE,Federal Contract Tower,64,6,6,23,99,0,26,50,7,83,64,32,56,30,182,96,94,190,372
06/19/2002,KOA,HI,AWP,WE,Federal Contract Tower,66,8,6,2,82,0,33,41,0,74,66,41,47,2,156,130,0,130,286
06/20/2002,KOA,HI,AWP,WE,Federal Contract Tower,73,13,4,10,100,0,13,47,2,62,73,26,51,12,162,106,28,134,296
06/21/2002,KOA,HI,AWP,WE,Federal Contract Tower,84,6,4,4,98,0,48,70,0,118,84,54,74,4,216,208,0,208,424
06/22/2002,KOA,HI,AWP,WE,Federal Contract Tower,71,2,9,0,82,0,19,49,0,68,71,21,58,0,150,125,0,125,275
06/23/2002,KOA,HI,AWP,WE,Federal Contract Tower,79,5,4,4,92,0,25,32,6,63,79,30,36,10,155,154,18,172,327
06/24/2002,KOA,HI,AWP,WE,Federal Contract Tower,73,8,12,0,93,0,39,59,0,98,73,47,71,0,191,190,0,190,381
06/25/2002,KOA,HI,AWP,WE,Federal Contract Tower,65,6,4,4,79,0,34,35,0,69,65,40,39,4,148,104,58,162,310
06/26/2002,KOA,HI,AWP,WE,Federal Contract Tower,65,9,1,20,95,0,56,50,2,108,65,65,51,22,203,110,36,146,349
06/27/2002,KOA,HI,AWP,WE,Federal Contract Tower,71,8,4,10,93,0,38,54,9,101,71,46,58,19,194,96,36,132,326
06/28/2002,KOA,HI,AWP,WE,Federal Contract Tower,74,6,4,4,88,0,38,27,0,65,74,44,31,4,153,69,51,120,273
06/29/2002,KOA,HI,AWP,WE,Federal Contract Tower,76,2,4,0,82,0,35,50,0,85,76,37,54,0,167,104,0,104,271
06/30/2002,KOA,HI,AWP,WE,Federal Contract Tower,78,2,5,0,85,0,32,14,0,46,78,34,19,0,131,70,0,70,201
07/01/2002,KOA,HI,AWP,WE,Federal Contract Tower,71,4,4,0,79,0,28,41,0,69,71,32,45,0,148,96,0,96,244
07/02/2002,KOA,HI,AWP,WE,Federal Contract Tower,72,6,7,4,89,0,31,62,0,93,72,37,69,4,182,88,32,120,302
07/03/2002,KOA,HI,AWP,WE,Federal Contract Tower,73,16,3,20,112,0,28,75,8,111,73,44,78,28,223,32,50,82,305
07/04/2002,KOA,HI,AWP,WE,Federal Contract Tower,73,4,4,0,81,0,24,49,2,75,73,28,53,2,156,32,0,32,188
07/05/2002,KOA,HI,AWP,WE,Federal Contract Tower,75,6,11,0,92,0,34,47,0,81,75,40,58,0,173,152,0,152,325
07/06/2002,KOA,HI,AWP,WE,Federal Contract Tower,76,1,11,0,88,0,22,37,0,59,76,23,48,0,147,146,0,146,293
07/07/2002,KOA,HI,AWP,WE,Federal Contract Tower,77,4,9,0,90,0,35,36,6,77,77,39,45,6,167,82,0,82,249
07/08/2002,KOA,HI,AWP,WE,Federal Contract Tower,73,7,10,0,90,0,43,52,6,101,73,50,62,6,191,174,0,174,365
07/09/2002,KOA,HI,AWP,WE,Federal Contract Tower,69,10,4,5,88,0,37,71,13,121,69,47,75,18,209,156,42,198,407
07/10/2002,KOA,HI,AWP,WE,Federal Contract Tower,69,6,2,10,87,0,36,64,0,100,69,42,66,10,187,108,26,134,321
07/11/2002,KOA,HI,AWP,WE,Federal Contract Tower,73,9,4,12,98,0,39,41,10,90,73,48,45,22,188,80,30,110,298
07/12/2002,KOA,HI,AWP,WE,Federal Contract Tower,78,4,3,4,89,0,28,59,3,90,78,32,62,7,179,222,118,340,519
07/13/2002,KOA,HI,AWP,WE,Federal Contract Tower,78,2,2,2,84,0,19,43,2,64,78,21,45,4,148,108,18,126,274
07/14/2002,KOA,HI,AWP,WE,Federal Contract Tower,83,6,4,0,93,0,42,41,4,87,83,48,45,4,180,102,0,102,282
07/15/2002,KOA,HI,AWP,WE,Federal Contract Tower,75,6,7,25,113,0,54,46,5,105,75,60,53,30,218,122,72,194,412
07/16/2002,KOA,HI,AWP,WE,Federal Contract Tower,68,4,2,18,92,0,28,56,8,92,68,32,58,26,184,134,82,216,400
07/17/2002,KOA,HI,AWP,WE,Federal Contract Tower,68,4,3,20,95,0,29,50,4,83,68,33,53,24,178,132,72,204,382
07/18/2002,KOA,HI,AWP,WE,Federal Contract Tower,70,8,0,4,82,0,36,59,6,101,70,44,59,10,183,104,72,176,359
07/19/2002,KOA,HI,AWP,WE,Federal Contract Tower,79,4,5,4,92,0,35,68,10,113,79,39,73,14,205,138,48,186,391
07/20/2002,KOA,HI,AWP,WE,Federal Contract Tower,79,2,8,0,89,0,32,40,0,72,79,34,48,0,161,174,0,174,335
07/21/2002,KOA,HI,AWP,WE,Federal Contract Tower,80,4,3,0,87,0,31,44,0,75,80,35,47,0,162,184,0,184,346
07/22/2002,KOA,HI,AWP,WE,Federal Contract Tower,73,6,4,0,83,0,48,75,2,125,73,54,79,2,208,182,0,182,390
07/23/2002,KOA,HI,AWP,WE,Federal Contract Tower,69,4,10,0,83,0,43,41,0,84,69,47,51,0,167,206,0,206,373
07/24/2002,KOA,HI,AWP,WE,Federal Contract Tower,70,12,0,6,88,0,46,52,14,112,70,58,52,20,200,118,28,146,346
07/25/2002,KOA,HI,AWP,WE,Federal Contract Tower,74,9,5,0,88,0,29,56,2,87,74,38,61,2,175,132,0,132,307
07/26/2002,KOA,HI,AWP,WE,Federal Contract Tower,80,6,7,14,107,0,33,58,8,99,80,39,65,22,206,334,90,424,630
07/27/2002,KOA,HI,AWP,WE,Federal Contract Tower,75,4,6,8,93,0,27,48,0,75,75,31,54,8,168,202,42,244,412
07/28/2002,KOA,HI,AWP,WE,Federal Contract Tower,79,4,4,0,87,0,55,62,10,127,79,59,66,10,214,184,0,184,398
07/29/2002,KOA,HI,AWP,WE,Federal Contract Tower,76,4,5,2,87,0,39,80,8,127,76,43,85,10,214,198,6,204,418
07/30/2002,KOA,HI,AWP,WE,Federal Contract Tower,72,6,5,4,87,0,50,70,14,134,72,56,75,18,221,126,24,150,371
07/31/2002,KOA,HI,AWP,WE,Federal Contract Tower,71,7,3,2,83,0,40,69,2,111,71,47,72,4,194,112,20,132,326
08/01/2002,KOA,HI,AWP,WE,Federal Contract Tower,73,9,0,5,87,0,20,65,5,90,73,29,65,10,177,96,26,122,299
08/02/2002,KOA,HI,AWP,WE,Federal Contract Tower,71,6,9,16,102,3,42,46,20,111,74,48,55,36,213,236,178,414,627
08/03/2002,KOA,HI,AWP,WE,Federal Contract Tower,75,4,3,0,82,0,50,71,0,121,75,54,74,0,203,170,0,170,373
08/04/2002,KOA,HI,AWP,WE,Federal Contract Tower,76,1,7,2,86,0,56,64,2,122,76,57,71,4,208,202,54,256,464
08/05/2002,KOA,HI,AWP,WE,Federal Contract Tower,73,4,3,9,89,0,39,79,1,119,73,43,82,10,208,178,0,178,386
08/06/2002,KOA,HI,AWP,WE,Federal Contract Tower,72,6,2,18,98,0,32,50,18,100,72,38,52,36,198,68,100,168,366
08/07/2002,KOA,HI,AWP,WE,Federal Contract Tower,69,6,4,4,83,0,32,50,8,90,69,38,54,12,173,96,24,120,293
08/08/2002,KOA,HI,AWP,WE,Federal Contract Tower,75,12,4,28,119,0,50,48,0,98,75,62,52,28,217,112,78,190,407
08/09/2002,KOA,HI,AWP,WE,Federal Contract Tower,79,6,7,4,96,0,80,97,0,177,79,86,104,4,273,230,38,268,541
08/10/2002,KOA,HI,AWP,WE,Federal Contract Tower,82,4,12,2,100,0,80,92,8,180,82,84,104,10,280,232,42,274,554
08/11/2002,KOA,HI,AWP,WE,Federal Contract Tower,81,4,11,2,98,0,67,88,2,157,81,71,99,4,255,242,16,258,513
08/12/2002,KOA,HI,AWP,WE,Federal Contract Tower,76,9,10,5,100,0,44,66,5,115,76,53,76,10,215,132,72,204,419
08/13/2002,KOA,HI,AWP,WE,Federal Contract Tower,72,11,5,4,92,0,49,72,10,131,72,60,77,14,223,76,66,142,365
08/14/2002,KOA,HI,AWP,WE,Federal Contract Tower,62,9,1,14,86,0,30,48,0,78,62,39,49,14,164,104,62,166,330
08/15/2002,KOA,HI,AWP,WE,Federal Contract Tower,75,8,3,12,98,0,41,37,8,86,75,49,40,20,184,120,52,172,356
08/16/2002,KOA,HI,AWP,WE,Federal Contract Tower,80,6,7,4,97,0,40,43,44,127,80,46,50,48,224,225,88,313,537
08/17/2002,KOA,HI,AWP,WE,Federal Contract Tower,76,4,8,2,90,0,50,87,22,159,76,54,95,24,249,228,24,252,501
08/18/2002,KOA,HI,AWP,WE,Federal Contract Tower,82,1,6,4,93,0,59,62,32,153,82,60,68,36,246,140,52,192,438
08/19/2002,KOA,HI,AWP,WE,Federal Contract Tower,73,5,3,12,93,0,56,68,4,128,73,61,71,16,221,134,58,192,413
08/20/2002,KOA,HI,AWP,WE,Federal Contract Tower,75,6,3,12,96,0,40,53,12,105,75,46,56,24,201,148,64,212,413
08/21/2002,KOA,HI,AWP,WE,Federal Contract Tower,72,9,3,17,101,0,46,44,4,94,72,55,47,21,195,70,94,164,359
08/22/2002,KOA,HI,AWP,WE,Federal Contract Tower,74,7,1,10,92,0,31,51,8,90,74,38,52,18,182,120,30,150,332
08/23/2002,KOA,HI,AWP,WE,Federal Contract Tower,73,4,10,6,93,0,43,77,0,120,73,47,87,6,213,172,56,228,441
08/24/2002,KOA,HI,AWP,WE,Federal Contract Tower,76,5,12,0,93,0,45,66,8,119,76,50,78,8,212,174,0,174,386
08/25/2002,KOA,HI,AWP,WE,Federal Contract Tower,77,3,7,0,87,0,45,54,0,99,77,48,61,0,186,114,0,114,300
08/26/2002,KOA,HI,AWP,WE,Federal Contract Tower,74,7,5,22,108,0,37,50,12,99,74,44,55,34,207,88,80,168,375
08/27/2002,KOA,HI,AWP,WE,Federal Contract Tower,72,5,4,24,105,0,33,68,6,107,72,38,72,30,212,98,68,166,378
08/28/2002,KOA,HI,AWP,WE,Federal Contract Tower,70,6,4,0,80,0,45,63,0,108,70,51,67,0,188,52,0,52,240
08/29/2002,KOA,HI,AWP,WE,Federal Contract Tower,74,11,1,2,88,0,36,66,4,106,74,47,67,6,194,68,6,74,268
08/30/2002,KOA,HI,AWP,WE,Federal Contract Tower,88,12,22,12,134,0,38,62,2,102,88,50,84,14,236,184,38,222,458
08/31/2002,KOA,HI,AWP,WE,Federal Contract Tower,70,4,6,0,80,0,52,42,0,94,70,56,48,0,174,110,0,110,284
09/01/2002,KOA,HI,AWP,WE,Federal Contract Tower,77,1,5,6,89,0,24,45,2,71,77,25,50,8,160,54,22,76,236
09/02/2002,KOA,HI,AWP,WE,Federal Contract Tower,83,4,7,8,102,0,37,33,0,70,83,41,40,8,172,52,14,66,238
09/03/2002,KOA,HI,AWP,WE,Federal Contract Tower,66,4,3,24,97,0,31,70,9,110,66,35,73,33,207,84,62,146,353
09/04/2002,KOA,HI,AWP,WE,Federal Contract Tower,65,12,5,10,92,0,26,59,6,91,65,38,64,16,183,72,24,96,279
09/05/2002,KOA,HI,AWP,WE,Federal Contract Tower,66,5,2,0,73,0,24,54,0,78,66,29,56,0,151,72,0,72,223
09/06/2002,KOA,HI,AWP,WE,Federal Contract Tower,64,5,7,1,77,0,44,70,0,114,64,49,77,1,191,130,0,130,321
09/07/2002,KOA,HI,AWP,WE,Federal Contract Tower,64,4,2,2,72,0,29,41,0,70,64,33,43,2,142,48,10,58,200
09/08/2002,KOA,HI,AWP,WE,Federal Contract Tower,66,3,5,1,75,0,49,43,1,93,66,52,48,2,168,56,0,56,224
09/09/2002,KOA,HI,AWP,WE,Federal Contract Tower,69,6,2,8,85,0,13,22,14,49,69,19,24,22,134,50,38,88,222
09/10/2002,KOA,HI,AWP,WE,Federal Contract Tower,64,8,3,24,99,0,39,43,4,86,64,47,46,28,185,92,138,230,415
09/11/2002,KOA,HI,AWP,WE,Federal Contract Tower,59,7,4,8,78,0,32,58,4,94,59,39,62,12,172,110,48,158,330
09/12/2002,KOA,HI,AWP,WE,Federal Contract Tower,68,11,4,2,85,0,17,67,6,90,68,28,71,8,175,106,12,118,293
09/13/2002,KOA,HI,AWP,WE,Federal Contract Tower,63,6,2,4,75,0,26,31,2,59,63,32,33,6,134,92,46,138,272
09/14/2002,KOA,HI,AWP,WE,Federal Contract Tower,66,2,4,8,80,0,32,39,4,75,66,34,43,12,155,70,44,114,269
09/15/2002,KOA,HI,AWP,WE,Federal Contract Tower,63,2,4,8,77,0,33,58,2,93,63,35,62,10,170,164,26,190,360
09/16/2002,KOA,HI,AWP,WE,Federal Contract Tower,67,6,3,2,78,0,36,60,4,100,67,42,63,6,178,142,28,170,348
09/17/2002,KOA,HI,AWP,WE,Federal Contract Tower,64,6,6,4,80,0,42,56,2,100,64,48,62,6,180,132,22,154,334
09/18/2002,KOA,HI,AWP,WE,Federal Contract Tower,61,10,2,0,73,0,23,61,0,84,61,33,63,0,157,158,0,158,315
09/19/2002,KOA,HI,AWP,WE,Federal Contract Tower,61,8,2,10,81,0,42,78,0,120,61,50,80,10,201,130,72,202,403
09/20/2002,KOA,HI,AWP,WE,Federal Contract Tower,64,4,1,6,75,0,24,31,6,61,64,28,32,12,136,196,38,234,370
09/21/2002,KOA,HI,AWP,WE,Federal Contract Tower,64,2,4,0,70,0,52,93,0,145,64,54,97,0,215,172,0,172,387
09/22/2002,KOA,HI,AWP,WE,Federal Contract Tower,64,2,4,0,70,0,34,51,0,85,64,36,55,0,155,162,0,162,317
09/23/2002,KOA,HI,AWP,WE,Federal Contract Tower,61,7,4,0,72,0,36,47,8,91,61,43,51,8,163,132,0,132,295
09/24/2002,KOA,HI,AWP,WE,Federal Contract Tower,64,6,3,16,89,0,41,84,4,129,64,47,87,20,218,162,92,254,472
09/25/2002,KOA,HI,AWP,WE,Federal Contract Tower,59,10,1,10,80,0,62,81,0,143,59,72,82,10,223,110,58,168,391
09/26/2002,KOA,HI,AWP,WE,Federal Contract Tower,65,5,11,4,85,0,45,37,2,84,65,50,48,6,169,132,48,180,349
09/27/2002,KOA,HI,AWP,WE,Federal Contract Tower,66,4,2,8,80,0,34,69,0,103,66,38,71,8,183,114,56,170,353
09/28/2002,KOA,HI,AWP,WE,Federal Contract Tower,64,2,2,0,68,0,27,34,0,61,64,29,36,0,129,142,0,142,271
09/29/2002,KOA,HI,AWP,WE,Federal Contract Tower,66,2,13,0,81,0,31,53,2,86,66,33,66,2,167,82,0,82,249
09/30/2002,KOA,HI,AWP,WE,Federal Contract Tower,60,7,0,0,67,0,33,57,0,90,60,40,57,0,157,92,0,92,249
10/01/2002,KOA,HI,AWP,WE,Federal Contract Tower,51,6,1,2,60,0,34,66,6,106,51,40,67,8,166,138,42,180,346
10/02/2002,KOA,HI,AWP,WE,Federal Contract Tower,61,8,2,2,73,0,29,42,0,71,61,37,44,2,144,78,36,114,258
10/03/2002,KOA,HI,AWP,WE,Federal Contract Tower,63,11,3,2,79,0,34,49,4,87,63,45,52,6,166,120,72,192,358
10/04/2002,KOA,HI,AWP,WE,Federal Contract Tower,66,7,2,2,77,0,21,46,2,69,66,28,48,4,146,254,46,300,446
10/05/2002,KOA,HI,AWP,WE,Federal Contract Tower,66,2,9,2,79,0,18,34,0,52,66,20,43,2,131,94,0,94,225
10/06/2002,KOA,HI,AWP,WE,Federal Contract Tower,64,4,4,2,74,0,19,51,0,70,64,23,55,2,144,160,0,160,304
10/07/2002,KOA,HI,AWP,WE,Federal Contract Tower,65,6,3,1,75,0,34,49,1,84,65,40,52,2,159,84,0,84,243
10/08/2002,KOA,HI,AWP,WE,Federal Contract Tower,57,5,1,2,65,0,41,61,2,104,57,46,62,4,169,166,40,206,375
10/09/2002,KOA,HI,AWP,WE,Federal Contract Tower,63,8,0,12,83,0,40,57,0,97,63,48,57,12,180,102,32,134,314
10/10/2002,KOA,HI,AWP,WE,Federal Contract Tower,60,8,2,6,76,0,44,59,6,109,60,52,61,12,185,120,82,202,387
10/11/2002,KOA,HI,AWP,WE,Federal Contract Tower,64,8,5,2,79,0,32,33,0,65,64,40,38,2,144,170,48,218,362
10/12/2002,KOA,HI,AWP,WE,Federal Contract Tower,66,2,2,4,74,0,70,74,2,146,66,72,76,6,220,242,54,296,516
10/13/2002,KOA,HI,AWP,WE,Federal Contract Tower,68,2,6,0,76,0,42,39,2,83,68,44,45,2,159,134,4,138,297
10/14/2002,KOA,HI,AWP,WE,Federal Contract Tower,67,4,4,0,75,0,26,57,0,83,67,30,61,0,158,160,0,160,318
10/15/2002,KOA,HI,AWP,WE,Federal Contract Tower,70,20,14,14,118,0,10,0,0,10,70,30,14,14,128,106,12,118,246
10/16/2002,KOA,HI,AWP,WE,Federal Contract Tower,62,6,0,8,76,0,42,66,2,110,62,48,66,10,186,112,58,170,356
10/17/2002,KOA,HI,AWP,WE,Federal Contract Tower,67,6,4,22,99,0,64,62,8,134,67,70,66,30,233,148,132,280,513
10/18/2002,KOA,HI,AWP,WE,Federal Contract Tower,71,9,2,12,94,0,39,87,0,126,71,48,89,12,220,112,42,154,374
10/19/2002,KOA,HI,AWP,WE,Federal Contract Tower,68,4,16,4,92,0,62,94,0,156,68,66,110,4,248,178,58,236,484
10/20/2002,KOA,HI,AWP,WE,Federal Contract Tower,70,3,10,0,83,0,50,94,8,152,70,53,104,8,235,172,0,172,407
10/21/2002,KOA,HI,AWP,WE,Federal Contract Tower,65,4,2,10,81,0,31,63,2,96,65,35,65,12,177,104,70,174,351
10/22/2002,KOA,HI,AWP,WE,Federal Contract Tower,58,7,2,14,81,0,54,69,4,127,58,61,71,18,208,218,142,360,568
10/23/2002,KOA,HI,AWP,WE,Federal Contract Tower,58,11,1,8,78,0,41,61,0,102,58,52,62,8,180,62,52,114,294
10/24/2002,KOA,HI,AWP,WE,Federal Contract Tower,61,14,2,2,79,0,35,92,0,127,61,49,94,2,206,124,42,166,372
10/25/2002,KOA,HI,AWP,WE,Federal Contract Tower,66,8,2,12,88,0,34,43,8,85,66,42,45,20,173,126,48,174,347
10/26/2002,KOA,HI,AWP,WE,Federal Contract Tower,66,2,6,2,76,0,36,51,0,87,66,38,57,2,163,164,0,164,327
10/27/2002,KOA,HI,AWP,WE,Federal Contract Tower,61,3,5,4,73,0,36,52,4,92,61,39,57,8,165,112,0,112,277
10/28/2002,KOA,HI,AWP,WE,Federal Contract Tower,63,6,2,15,86,0,36,50,9,95,63,42,52,24,181,42,10,52,233
10/29/2002,KOA,HI,AWP,WE,Federal Contract Tower,58,6,5,18,87,0,54,77,10,141,58,60,82,28,228,134,90,224,452
10/30/2002,KOA,HI,AWP,WE,Federal Contract Tower,65,10,1,4,80,0,43,63,16,122,65,53,64,20,202,136,38,174,376
10/31/2002,KOA,HI,AWP,WE,Federal Contract Tower,61,7,3,17,88,0,25,63,9,97,61,32,66,26,185,80,50,130,315
11/01/2002,KOA,HI,AWP,WE,Federal Contract Tower,68,9,1,18,96,0,39,84,8,131,68,48,85,26,227,112,60,172,399
11/02/2002,KOA,HI,AWP,WE,Federal Contract Tower,62,5,1,0,68,0,23,57,0,80,62,28,58,0,148,122,0,122,270
11/03/2002,KOA,HI,AWP,WE,Federal Contract Tower,62,0,2,0,64,0,22,39,0,61,62,22,41,0,125,54,0,54,179
11/04/2002,KOA,HI,AWP,WE,Federal Contract Tower,65,6,3,0,74,0,44,41,0,85,65,50,44,0,159,104,0,104,263
11/05/2002,KOA,HI,AWP,WE,Federal Contract Tower,62,8,3,9,82,0,27,73,3,103,62,35,76,12,185,104,36,140,325
11/06/2002,KOA,HI,AWP,WE,Federal Contract Tower,56,9,0,7,72,0,36,71,3,110,56,45,71,10,182,122,22,144,326
11/07/2002,KOA,HI,AWP,WE,Federal Contract Tower,60,9,3,13,85,0,31,79,25,135,60,40,82,38,220,132,64,196,416
11/08/2002,KOA,HI,AWP,WE,Federal Contract Tower,62,6,2,3,73,0,31,50,1,82,62,37,52,4,155,148,40,188,343
11/09/2002,KOA,HI,AWP,WE,Federal Contract Tower,62,6,6,0,74,0,35,36,0,71,62,41,42,0,145,172,0,172,317
11/10/2002,KOA,HI,AWP,WE,Federal Contract Tower,64,2,6,12,84,0,34,73,2,109,64,36,79,14,193,130,40,170,363
11/11/2002,KOA,HI,AWP,WE,Federal Contract Tower,67,3,3,0,73,0,24,63,0,87,67,27,66,0,160,153,0,153,313
11/12/2002,KOA,HI,AWP,WE,Federal Contract Tower,56,6,7,7,76,0,30,60,11,101,56,36,67,18,177,78,62,140,317
11/13/2002,KOA,HI,AWP,WE,Federal Contract Tower,60,10,3,9,82,0,37,66,7,110,60,47,69,16,192,154,38,192,384
11/14/2002,KOA,HI,AWP,WE,Federal Contract Tower,61,7,4,19,91,0,34,68,7,109,61,41,72,26,200,80,52,132,332
11/15/2002,KOA,HI,AWP,WE,Federal Contract Tower,62,6,5,3,76,0,28,35,1,64,62,34,40,4,140,106,22,128,268
11/16/2002,KOA,HI,AWP,WE,Federal Contract Tower,62,4,2,17,85,0,48,77,1,126,62,52,79,18,211,282,80,362,573
11/17/2002,KOA,HI,AWP,WE,Federal Contract Tower,61,5,5,0,71,0,29,40,2,71,61,34,45,2,142,118,0,118,260
11/18/2002,KOA,HI,AWP,WE,Federal Contract Tower,64,6,0,27,97,0,45,72,1,118,64,51,72,28,215,68,46,114,329
11/19/2002,KOA,HI,AWP,WE,Federal Contract Tower,60,7,10,10,87,0,34,56,12,102,60,41,66,22,189,90,38,128,317
11/20/2002,KOA,HI,AWP,WE,Federal Contract Tower,63,9,1,8,81,0,35,78,14,127,63,44,79,22,208,102,58,160,368
11/21/2002,KOA,HI,AWP,WE,Federal Contract Tower,61,12,3,2,78,0,30,55,0,85,61,42,58,2,163,80,36,116,279
11/22/2002,KOA,HI,AWP,WE,Federal Contract Tower,62,8,4,0,74,0,32,32,0,64,62,40,36,0,138,122,0,122,260
11/23/2002,KOA,HI,AWP,WE,Federal Contract Tower,69,4,6,0,79,0,58,56,0,114,69,62,62,0,193,182,0,182,375
11/24/2002,KOA,HI,AWP,WE,Federal Contract Tower,60,7,3,0,70,7,46,72,0,125,67,53,75,0,195,120,0,120,315
11/25/2002,KOA,HI,AWP,WE,Federal Contract Tower,62,6,5,0,73,0,29,59,0,88,62,35,64,0,161,112,0,112,273
11/26/2002,KOA,HI,AWP,WE,Federal Contract Tower,58,8,9,12,87,0,36,47,18,101,58,44,56,30,188,78,64,142,330
11/27/2002,KOA,HI,AWP,WE,Federal Contract Tower,68,6,11,2,87,0,50,50,4,104,68,56,61,6,191,82,86,168,359
11/28/2002,KOA,HI,AWP,WE,Federal Contract Tower,60,2,0,0,62,0,32,42,0,74,60,34,42,0,136,82,0,82,218
11/29/2002,KOA,HI,AWP,WE,Federal Contract Tower,64,9,12,0,85,0,35,30,0,65,64,44,42,0,150,120,0,120,270
11/30/2002,KOA,HI,AWP,WE,Federal Contract Tower,68,8,4,0,80,0,42,72,0,114,68,50,76,0,194,128,0,128,322
12/01/2002,KOA,HI,AWP,WE,Federal Contract Tower,68,3,18,0,89,0,41,51,0,92,68,44,69,0,181,92,0,92,273
12/02/2002,KOA,HI,AWP,WE,Federal Contract Tower,61,6,4,36,107,0,41,54,0,95,61,47,58,36,202,48,68,116,318
12/03/2002,KOA,HI,AWP,WE,Federal Contract Tower,54,6,2,14,76,0,24,56,6,86,54,30,58,20,162,142,68,210,372
12/04/2002,KOA,HI,AWP,WE,Federal Contract Tower,56,8,2,8,74,0,50,70,10,130,56,58,72,18,204,110,42,152,356
12/05/2002,KOA,HI,AWP,WE,Federal Contract Tower,56,9,4,16,85,0,35,56,8,99,56,44,60,24,184,102,82,184,368
12/06/2002,KOA,HI,AWP,WE,Federal Contract Tower,66,6,7,4,83,0,28,45,6,79,66,34,52,10,162,108,52,160,322
12/07/2002,KOA,HI,AWP,WE,Federal Contract Tower,57,7,10,8,82,0,17,38,0,55,57,24,48,8,137,148,36,184,321
12/08/2002,KOA,HI,AWP,WE,Federal Contract Tower,61,2,7,0,70,0,52,49,2,103,61,54,56,2,173,110,30,140,313
12/09/2002,KOA,HI,AWP,WE,Federal Contract Tower,58,7,1,14,80,0,44,48,0,92,58,51,49,14,172,32,104,136,308
12/10/2002,KOA,HI,AWP,WE,Federal Contract Tower,55,10,5,12,82,0,30,65,4,99,55,40,70,16,181,128,50,178,359
12/11/2002,KOA,HI,AWP,WE,Federal Contract Tower,55,10,4,24,93,0,40,66,0,106,55,50,70,24,199,92,92,184,383
12/12/2002,KOA,HI,AWP,WE,Federal Contract Tower,56,13,2,2,73,0,59,72,0,131,56,72,74,2,204,102,12,114,318
12/13/2002,KOA,HI,AWP,WE,Federal Contract Tower,66,8,10,4,88,0,40,47,0,87,66,48,57,4,175,110,8,118,293
12/14/2002,KOA,HI,AWP,WE,Federal Contract Tower,66,6,2,4,78,0,37,46,0,83,66,43,48,4,161,156,42,198,359
12/15/2002,KOA,HI,AWP,WE,Federal Contract Tower,57,3,2,1,63,0,32,54,1,87,57,35,56,2,150,186,0,186,336
12/16/2002,KOA,HI,AWP,WE,Federal Contract Tower,56,13,2,25,96,0,44,57,1,102,56,57,59,26,198,80,86,166,364
12/17/2002,KOA,HI,AWP,WE,Federal Contract Tower,58,9,12,13,92,0,23,57,5,85,58,32,69,18,177,110,32,142,319
12/18/2002,KOA,HI,AWP,WE,Federal Contract Tower,65,14,4,10,93,0,48,54,14,116,65,62,58,24,209,148,82,230,439
12/19/2002,KOA,HI,AWP,WE,Federal Contract Tower,62,10,6,6,84,0,68,66,6,140,62,78,72,12,224,132,48,180,404
12/20/2002,KOA,HI,AWP,WE,Federal Contract Tower,66,11,9,4,90,0,27,53,4,84,66,38,62,8,174,186,14,200,374
12/21/2002,KOA,HI,AWP,WE,Federal Contract Tower,74,8,18,2,102,0,47,44,0,91,74,55,62,2,193,166,32,198,391
12/22/2002,KOA,HI,AWP,WE,Federal Contract Tower,67,7,17,2,93,0,35,36,6,77,67,42,53,8,170,154,22,176,346
12/23/2002,KOA,HI,AWP,WE,Federal Contract Tower,67,9,13,2,91,0,38,51,2,91,67,47,64,4,182,74,42,116,298
12/24/2002,KOA,HI,AWP,WE,Federal Contract Tower,60,10,7,0,77,0,56,48,0,104,60,66,55,0,181,86,0,86,267
12/25/2002,KOA,HI,AWP,WE,Federal Contract Tower,57,7,0,0,64,0,29,40,2,71,57,36,40,2,135,82,0,82,217
12/26/2002,KOA,HI,AWP,WE,Federal Contract Tower,74,23,0,0,97,0,35,79,0,114,74,58,79,0,211,102,0,102,313
12/27/2002,KOA,HI,AWP,WE,Federal Contract Tower,74,11,24,4,113,0,46,58,0,104,74,57,82,4,217,152,56,208,425
12/28/2002,KOA,HI,AWP,WE,Federal Contract Tower,79,27,18,0,124,0,29,46,0,75,79,56,64,0,199,196,0,196,395
12/29/2002,KOA,HI,AWP,WE,Federal Contract Tower,68,1,13,0,82,0,40,35,0,75,68,41,48,0,157,46,0,46,203
12/30/2002,KOA,HI,AWP,WE,Federal Contract Tower,64,6,6,0,76,0,76,48,0,124,64,82,54,0,200,74,0,74,274
12/31/2002,KOA,HI,AWP,WE,Federal Contract Tower,60,8,7,0,75,0,48,58,0,106,60,56,65,0,181,76,0,76,257
01/01/2003,KOA,HI,AWP,WE,Federal Contract Tower,59,6,12,0,77,1,74,48,0,123,60,80,60,0,200,100,0,100,300
01/02/2003,KOA,HI,AWP,WE,Federal Contract Tower,69,11,30,0,110,1,69,40,2,112,70,80,70,2,222,152,10,162,384
01/03/2003,KOA,HI,AWP,WE,Federal Contract Tower,72,12,24,6,114,0,43,48,12,103,72,55,72,18,217,140,48,188,405
01/04/2003,KOA,HI,AWP,WE,Federal Contract Tower,68,9,22,7,106,0,39,28,13,80,68,48,50,20,186,138,28,166,352
01/05/2003,KOA,HI,AWP,WE,Federal Contract Tower,69,5,16,0,90,0,43,50,0,93,69,48,66,0,183,90,0,90,273
01/06/2003,KOA,HI,AWP,WE,Federal Contract Tower,59,5,2,1,67,0,36,40,1,77,59,41,42,2,144,20,18,38,182
01/07/2003,KOA,HI,AWP,WE,Federal Contract Tower,66,5,3,6,80,0,55,72,0,127,66,60,75,6,207,82,30,112,319
01/08/2003,KOA,HI,AWP,WE,Federal Contract Tower,57,5,12,4,78,0,67,50,6,123,57,72,62,10,201,46,16,62,263
01/09/2003,KOA,HI,AWP,WE,Federal Contract Tower,57,5,5,24,91,2,35,45,6,88,59,40,50,30,179,80,30,110,289
01/10/2003,KOA,HI,AWP,WE,Federal Contract Tower,65,6,8,18,97,0,34,37,6,77,65,40,45,24,174,142,54,196,370
01/11/2003,KOA,HI,AWP,WE,Federal Contract Tower,58,2,10,4,74,0,29,40,4,73,58,31,50,8,147,76,54,130,277
01/12/2003,KOA,HI,AWP,WE,Federal Contract Tower,56,1,6,1,64,0,23,36,0,59,56,24,42,1,123,52,0,52,175
01/13/2003,KOA,HI,AWP,WE,Federal Contract Tower,57,6,16,12,91,0,38,43,0,81,57,44,59,12,172,70,80,150,322
01/14/2003,KOA,HI,AWP,WE,Federal Contract Tower,57,4,6,12,79,0,38,52,4,94,57,42,58,16,173,70,78,148,321
01/15/2003,KOA,HI,AWP,WE,Federal Contract Tower,54,5,5,16,80,0,37,39,0,76,54,42,44,16,156,48,16,64,220
01/16/2003,KOA,HI,AWP,WE,Federal Contract Tower,56,7,7,5,75,0,24,42,5,71,56,31,49,10,146,86,24,110,256
01/17/2003,KOA,HI,AWP,WE,Federal Contract Tower,65,4,8,8,85,0,33,49,0,82,65,37,57,8,167,168,48,216,383
01/18/2003,KOA,HI,AWP,WE,Federal Contract Tower,60,2,3,0,65,0,34,45,4,83,60,36,48,4,148,146,0,146,294
01/19/2003,KOA,HI,AWP,WE,Federal Contract Tower,57,1,10,0,68,0,32,26,0,58,57,33,36,0,126,140,0,140,266
01/20/2003,KOA,HI,AWP,WE,Federal Contract Tower,62,4,23,0,89,0,33,21,0,54,62,37,44,0,143,98,0,98,241
01/21/2003,KOA,HI,AWP,WE,Federal Contract Tower,60,6,2,6,74,0,30,76,18,124,60,36,78,24,198,94,52,146,344
01/22/2003,KOA,HI,AWP,WE,Federal Contract Tower,54,5,4,0,63,0,28,34,0,62,54,33,38,0,125,60,0,60,185
01/23/2003,KOA,HI,AWP,WE,Federal Contract Tower,60,6,3,10,79,2,36,51,0,89,62,42,54,10,168,86,22,108,276
01/24/2003,KOA,HI,AWP,WE,Federal Contract Tower,62,8,4,26,100,0,36,42,4,82,62,44,46,30,182,126,144,270,452
01/25/2003,KOA,HI,AWP,WE,Federal Contract Tower,57,4,10,1,72,1,30,46,0,77,58,34,56,1,149,168,0,168,317
01/26/2003,KOA,HI,AWP,WE,Federal Contract Tower,60,3,9,1,73,0,22,26,0,48,60,25,35,1,121,78,0,78,199
01/27/2003,KOA,HI,AWP,WE,Federal Contract Tower,62,4,16,5,87,0,53,42,3,98,62,57,58,8,185,122,52,174,359
01/28/2003,KOA,HI,AWP,WE,Federal Contract Tower,60,6,9,6,81,0,36,40,2,78,60,42,49,8,159,62,8,70,229
01/29/2003,KOA,HI,AWP,WE,Federal Contract Tower,56,4,8,4,72,0,46,51,10,107,56,50,59,14,179,82,62,144,323
01/30/2003,KOA,HI,AWP,WE,Federal Contract Tower,59,4,7,20,90,0,44,53,16,113,59,48,60,36,203,110,100,210,413
01/31/2003,KOA,HI,AWP,WE,Federal Contract Tower,61,4,7,15,87,0,42,44,3,89,61,46,51,18,176,116,84,200,376
02/01/2003,KOA,HI,AWP,WE,Federal Contract Tower,62,2,11,0,75,0,40,37,0,77,62,42,48,0,152,132,0,132,284
02/02/2003,KOA,HI,AWP,WE,Federal Contract Tower,65,2,5,0,72,0,38,56,0,94,65,40,61,0,166,106,0,106,272
02/03/2003,KOA,HI,AWP,WE,Federal Contract Tower,61,6,1,11,79,0,23,34,11,68,61,29,35,22,147,110,32,142,289
02/04/2003,KOA,HI,AWP,WE,Federal Contract Tower,57,4,8,28,97,0,36,66,2,104,57,40,74,30,201,106,54,160,361
02/05/2003,KOA,HI,AWP,WE,Federal Contract Tower,57,4,7,2,70,0,24,44,0,68,57,28,51,2,138,86,8,94,232
02/06/2003,KOA,HI,AWP,WE,Federal Contract Tower,60,4,5,2,71,0,18,37,0,55,60,22,42,2,126,82,18,100,226
02/07/2003,KOA,HI,AWP,WE,Federal Contract Tower,62,8,7,2,79,0,25,53,6,84,62,33,60,8,163,68,26,94,257
02/08/2003,KOA,HI,AWP,WE,Federal Contract Tower,62,2,3,0,67,0,31,52,0,83,62,33,55,0,150,174,0,174,324
02/09/2003,KOA,HI,AWP,WE,Federal Contract Tower,60,3,5,0,68,0,41,48,0,89,60,44,53,0,157,112,0,112,269
02/10/2003,KOA,HI,AWP,WE,Federal Contract Tower,61,8,4,4,77,0,42,39,4,85,61,50,43,8,162,102,32,134,296
02/11/2003,KOA,HI,AWP,WE,Federal Contract Tower,59,4,9,30,102,0,36,49,5,90,59,40,58,35,192,72,110,182,374
02/12/2003,KOA,HI,AWP,WE,Federal Contract Tower,56,6,1,36,99,0,46,77,4,127,56,52,78,40,226,110,92,202,428
02/13/2003,KOA,HI,AWP,WE,Federal Contract Tower,64,14,7,22,107,0,28,63,10,101,64,42,70,32,208,136,84,220,428
02/14/2003,KOA,HI,AWP,WE,Federal Contract Tower,62,6,9,14,91,0,36,56,2,94,62,42,65,16,185,104,26,130,315
02/15/2003,KOA,HI,AWP,WE,Federal Contract Tower,71,6,13,4,94,0,46,43,4,93,71,52,56,8,187,182,40,222,409
02/16/2003,KOA,HI,AWP,WE,Federal Contract Tower,63,4,4,0,71,0,27,57,0,84,63,31,61,0,155,128,0,128,283
02/17/2003,KOA,HI,AWP,WE,Federal Contract Tower,68,4,5,0,77,0,43,102,0,145,68,47,107,0,222,198,0,198,420
02/18/2003,KOA,HI,AWP,WE,Federal Contract Tower,63,10,6,6,85,0,31,61,4,96,63,41,67,10,181,198,38,236,417
02/19/2003,KOA,HI,AWP,WE,Federal Contract Tower,60,12,5,28,105,0,47,60,0,107,60,59,65,28,212,224,78,302,514
02/20/2003,KOA,HI,AWP,WE,Federal Contract Tower,64,7,18,6,95,0,39,57,12,108,64,46,75,18,203,178,58,236,439
02/21/2003,KOA,HI,AWP,WE,Federal Contract Tower,67,13,5,10,95,0,34,45,16,95,67,47,50,26,190,206,52,258,448
02/22/2003,KOA,HI,AWP,WE,Federal Contract Tower,64,4,10,0,78,0,30,35,2,67,64,34,45,2,145,188,0,188,333
02/23/2003,KOA,HI,AWP,WE,Federal Contract Tower,63,6,13,0,82,0,74,74,12,160,63,80,87,12,242,216,0,216,458
02/24/2003,KOA,HI,AWP,WE,Federal Contract Tower,62,7,5,8,82,0,42,72,0,114,62,49,77,8,196,186,44,230,426
02/25/2003,KOA,HI,AWP,WE,Federal Contract Tower,55,5,2,8,70,0,33,66,6,105,55,38,68,14,175,178,26,204,379
02/26/2003,KOA,HI,AWP,WE,Federal Contract Tower,58,4,3,2,67,0,33,65,2,100,58,37,68,4,167,160,12,172,339
02/27/2003,KOA,HI,AWP,WE,Federal Contract Tower,63,6,5,2,76,0,38,70,8,116,63,44,75,10,192,170,0,170,362
02/28/2003,KOA,HI,AWP,WE,Federal Contract Tower,64,8,8,10,90,0,27,49,8,84,64,35,57,18,174,188,46,234,408
03/01/2003,KOA,HI,AWP,WE,Federal Contract Tower,64,2,15,5,86,0,34,59,3,96,64,36,74,8,182,168,28,196,378
03/02/2003,KOA,HI,AWP,WE,Federal Contract Tower,61,2,2,0,65,0,37,56,0,93,61,39,58,0,158,116,0,116,274
03/03/2003,KOA,HI,AWP,WE,Federal Contract Tower,65,4,5,27,101,0,44,85,3,132,65,48,90,30,233,182,96,278,511
03/04/2003,KOA,HI,AWP,WE,Federal Contract Tower,62,2,6,14,84,0,38,72,14,124,62,40,78,28,208,160,54,214,422
03/05/2003,KOA,HI,AWP,WE,Federal Contract Tower,60,2,6,16,84,0,32,64,0,96,60,34,70,16,180,140,70,210,390
03/06/2003,KOA,HI,AWP,WE,Federal Contract Tower,62,2,6,6,76,0,18,34,9,61,62,20,40,15,137,124,82,206,343
03/07/2003,KOA,HI,AWP,WE,Federal Contract Tower,68,2,15,8,93,0,24,19,0,43,68,26,34,8,136,194,46,240,376
03/08/2003,KOA,HI,AWP,WE,Federal Contract Tower,68,4,6,0,78,0,30,49,8,87,68,34,55,8,165,156,24,180,345
03/09/2003,KOA,HI,AWP,WE,Federal Contract Tower,64,2,7,2,75,1,25,30,0,56,65,27,37,2,131,122,0,122,253
03/10/2003,KOA,HI,AWP,WE,Federal Contract Tower,65,4,4,7,80,0,39,83,6,128,65,43,87,13,208,170,68,238,446
03/11/2003,KOA,HI,AWP,WE,Federal Contract Tower,68,2,8,2,80,0,42,67,0,109,68,44,75,2,189,124,10,134,323
03/12/2003,KOA,HI,AWP,WE,Federal Contract Tower,65,5,6,4,80,0,30,75,4,109,65,35,81,8,189,134,12,146,335
03/13/2003,KOA,HI,AWP,WE,Federal Contract Tower,68,4,4,1,77,0,38,76,1,115,68,42,80,2,192,150,22,172,364
03/14/2003,KOA,HI,AWP,WE,Federal Contract Tower,70,3,3,13,89,0,35,75,1,111,70,38,78,14,200,180,52,232,432
03/15/2003,KOA,HI,AWP,WE,Federal Contract Tower,68,3,10,0,81,0,17,49,0,66,68,20,59,0,147,138,0,138,285
03/16/2003,KOA,HI,AWP,WE,Federal Contract Tower,64,2,6,2,74,0,32,77,4,113,64,34,83,6,187,66,16,82,269
03/17/2003,KOA,HI,AWP,WE,Federal Contract Tower,68,5,3,0,76,0,19,45,0,64,68,24,48,0,140,122,0,122,262
03/18/2003,KOA,HI,AWP,WE,Federal Contract Tower,69,3,9,6,87,0,29,69,2,100,69,32,78,8,187,152,0,152,339
03/19/2003,KOA,HI,AWP,WE,Federal Contract Tower,66,2,6,2,76,0,25,52,0,77,66,27,58,2,153,184,6,190,343
03/20/2003,KOA,HI,AWP,WE,Federal Contract Tower,70,2,2,4,78,0,44,68,2,114,70,46,70,6,192,168,26,194,386
03/21/2003,KOA,HI,AWP,WE,Federal Contract Tower,72,2,6,2,82,0,16,58,0,74,72,18,64,2,156,124,10,134,290
03/22/2003,KOA,HI,AWP,WE,Federal Contract Tower,76,4,10,0,90,0,37,40,6,83,76,41,50,6,173,150,0,150,323
03/23/2003,KOA,HI,AWP,WE,Federal Contract Tower,66,2,7,2,77,0,18,53,2,73,66,20,60,4,150,153,0,153,303
03/24/2003,KOA,HI,AWP,WE,Federal Contract Tower,70,1,9,12,92,0,45,61,0,106,70,46,70,12,198,170,24,194,392
03/25/2003,KOA,HI,AWP,WE,Federal Contract Tower,68,2,9,12,91,0,38,59,12,109,68,40,68,24,200,134,38,172,372
03/26/2003,KOA,HI,AWP,WE,Federal Contract Tower,66,4,3,6,79,0,36,79,12,127,66,40,82,18,206,116,73,189,395
03/27/2003,KOA,HI,AWP,WE,Federal Contract Tower,70,2,5,25,102,0,27,50,11,88,70,29,55,36,190,125,72,197,387
03/28/2003,KOA,HI,AWP,WE,Federal Contract Tower,68,2,11,2,83,0,11,46,1,58,68,13,57,3,141,120,0,120,261
03/29/2003,KOA,HI,AWP,WE,Federal Contract Tower,70,8,14,2,94,0,21,20,22,63,70,29,34,24,157,144,8,152,309
03/30/2003,KOA,HI,AWP,WE,Federal Contract Tower,68,4,15,0,87,0,20,21,10,51,68,24,36,10,138,102,0,102,240
03/31/2003,KOA,HI,AWP,WE,Federal Contract Tower,68,4,11,5,88,0,28,58,3,89,68,32,69,8,177,168,0,168,345
04/01/2003,KOA,HI,AWP,WE,Federal Contract Tower,58,4,10,24,96,0,40,50,10,100,58,44,60,34,196,130,86,216,412
04/02/2003,KOA,HI,AWP,WE,Federal Contract Tower,56,2,4,6,68,0,37,67,16,120,56,39,71,22,188,146,53,199,387
04/03/2003,KOA,HI,AWP,WE,Federal Contract Tower,58,2,9,2,71,0,18,55,6,79,58,20,64,8,150,118,22,140,290
04/04/2003,KOA,HI,AWP,WE,Federal Contract Tower,62,3,6,6,77,0,16,50,7,73,62,19,56,13,150,114,78,192,342
04/05/2003,KOA,HI,AWP,WE,Federal Contract Tower,58,3,5,0,66,0,32,39,0,71,58,35,44,0,137,56,0,56,193
04/06/2003,KOA,HI,AWP,WE,Federal Contract Tower,62,4,13,0,79,0,15,42,0,57,62,19,55,0,136,92,0,92,228
04/07/2003,KOA,HI,AWP,WE,Federal Contract Tower,62,3,6,8,79,0,23,38,2,63,62,26,44,10,142,108,54,162,304
04/08/2003,KOA,HI,AWP,WE,Federal Contract Tower,60,2,10,10,82,0,33,30,10,73,60,35,40,20,155,104,44,148,303
04/09/2003,KOA,HI,AWP,WE,Federal Contract Tower,59,5,4,12,80,0,27,55,14,96,59,32,59,26,176,78,94,172,348
04/10/2003,KOA,HI,AWP,WE,Federal Contract Tower,59,3,3,14,79,0,41,63,0,104,59,44,66,14,183,44,72,116,299
04/11/2003,KOA,HI,AWP,WE,Federal Contract Tower,59,2,12,4,77,0,18,33,2,53,59,20,45,6,130,80,18,98,228
04/12/2003,KOA,HI,AWP,WE,Federal Contract Tower,57,3,16,2,78,0,29,49,0,78,57,32,65,2,156,176,0,176,332
04/13/2003,KOA,HI,AWP,WE,Federal Contract Tower,58,2,15,2,77,0,25,36,2,63,58,27,51,4,140,180,0,180,320
04/14/2003,KOA,HI,AWP,WE,Federal Contract Tower,58,5,7,8,78,0,38,53,2,93,58,43,60,10,171,278,26,304,475
04/15/2003,KOA,HI,AWP,WE,Federal Contract Tower,57,3,5,18,83,0,24,53,4,81,57,27,58,22,164,160,38,198,362
04/16/2003,KOA,HI,AWP,WE,Federal Contract Tower,57,2,6,4,69,0,36,49,0,85,57,38,55,4,154,146,24,170,324
04/17/2003,KOA,HI,AWP,WE,Federal Contract Tower,64,3,10,0,77,0,36,64,0,100,64,39,74,0,177,238,0,238,415
04/18/2003,KOA,HI,AWP,WE,Federal Contract Tower,59,4,6,3,72,0,32,37,3,72,59,36,43,6,144,174,40,214,358
04/19/2003,KOA,HI,AWP,WE,Federal Contract Tower,60,5,11,0,76,0,29,46,8,83,60,34,57,8,159,248,0,248,407
04/20/2003,KOA,HI,AWP,WE,Federal Contract Tower,59,2,14,0,75,0,24,33,0,57,59,26,47,0,132,88,0,88,220
04/21/2003,KOA,HI,AWP,WE,Federal Contract Tower,58,6,10,4,78,0,18,36,2,56,58,24,46,6,134,142,28,170,304
04/22/2003,KOA,HI,AWP,WE,Federal Contract Tower,59,3,8,8,78,0,63,64,14,141,59,66,72,22,219,166,38,204,423
04/23/2003,KOA,HI,AWP,WE,Federal Contract Tower,56,4,7,4,71,0,32,42,10,84,56,36,49,14,155,86,32,118,273
04/24/2003,KOA,HI,AWP,WE,Federal Contract Tower,61,6,9,14,90,0,42,41,8,91,61,48,50,22,181,108,42,150,331
04/25/2003,KOA,HI,AWP,WE,Federal Contract Tower,64,3,8,8,83,0,18,37,2,57,64,21,45,10,140,166,6,172,312
04/26/2003,KOA,HI,AWP,WE,Federal Contract Tower,58,2,11,0,71,0,31,34,2,67,58,33,45,2,138,132,2,134,272
04/27/2003,KOA,HI,AWP,WE,Federal Contract Tower,62,2,5,0,69,0,31,60,0,91,62,33,65,0,160,210,0,210,370
04/28/2003,KOA,HI,AWP,WE,Federal Contract Tower,58,5,8,0,71,0,38,42,0,80,58,43,50,0,151,90,0,90,241
04/29/2003,KOA,HI,AWP,WE,Federal Contract Tower,59,2,6,11,78,0,42,59,13,114,59,44,65,24,192,148,36,184,376
04/30/2003,KOA,HI,AWP,WE,Federal Contract Tower,57,5,4,8,74,0,23,57,6,86,57,28,61,14,160,136,42,178,338
05/01/2003,KOA,HI,AWP,WE,Federal Contract Tower,61,5,7,9,82,0,24,43,15,82,61,29,50,24,164,88,58,146,310
05/02/2003,KOA,HI,AWP,WE,Federal Contract Tower,61,4,6,2,73,0,19,35,4,58,61,23,41,6,131,104,0,104,235
05/03/2003,KOA,HI,AWP,WE,Federal Contract Tower,57,2,5,0,64,0,32,52,2,86,57,34,57,2,150,126,0,126,276
05/04/2003,KOA,HI,AWP,WE,Federal Contract Tower,60,2,6,0,68,0,47,49,2,98,60,49,55,2,166,154,0,154,320
05/05/2003,KOA,HI,AWP,WE,Federal Contract Tower,59,10,5,13,87,0,27,57,1,85,59,37,62,14,172,136,64,200,372
05/06/2003,KOA,HI,AWP,WE,Federal Contract Tower,58,7,3,14,82,0,35,55,0,90,58,42,58,14,172,128,46,174,346
05/07/2003,KOA,HI,AWP,WE,Federal Contract Tower,55,2,10,10,77,0,21,47,0,68,55,23,57,10,145,124,44,168,313
05/08/2003,KOA,HI,AWP,WE,Federal Contract Tower,61,4,4,3,72,0,18,38,3,59,61,22,42,6,131,202,10,212,343
05/09/2003,KOA,HI,AWP,WE,Federal Contract Tower,59,6,9,10,84,0,18,52,0,70,59,24,61,10,154,176,32,208,362
05/10/2003,KOA,HI,AWP,WE,Federal Contract Tower,60,4,10,1,75,0,24,33,1,58,60,28,43,2,133,182,0,182,315
05/11/2003,KOA,HI,AWP,WE,Federal Contract Tower,58,1,6,0,65,0,28,38,0,66,58,29,44,0,131,150,0,150,281
05/12/2003,KOA,HI,AWP,WE,Federal Contract Tower,57,4,0,2,63,0,31,55,0,86,57,35,55,2,149,72,22,94,243
05/13/2003,KOA,HI,AWP,WE,Federal Contract Tower,56,4,2,6,68,0,28,55,8,91,56,32,57,14,159,76,28,104,263
05/14/2003,KOA,HI,AWP,WE,Federal Contract Tower,55,4,4,10,73,0,34,55,0,89,55,38,59,10,162,142,28,170,332
05/15/2003,KOA,HI,AWP,WE,Federal Contract Tower,59,7,4,0,70,0,18,40,0,58,59,25,44,0,128,72,0,72,200
05/16/2003,KOA,HI,AWP,WE,Federal Contract Tower,59,5,7,2,73,0,29,58,6,93,59,34,65,8,166,122,18,140,306
05/17/2003,KOA,HI,AWP,WE,Federal Contract Tower,59,3,2,0,64,0,31,60,0,91,59,34,62,0,155,192,0,192,347
05/18/2003,KOA,HI,AWP,WE,Federal Contract Tower,58,3,7,0,68,0,48,70,6,124,58,51,77,6,192,114,2,116,308
05/19/2003,KOA,HI,AWP,WE,Federal Contract Tower,59,5,2,17,83,0,34,65,3,102,59,39,67,20,185,124,118,242,427
05/20/2003,KOA,HI,AWP,WE,Federal Contract Tower,58,5,7,6,76,0,22,37,6,65,58,27,44,12,141,98,38,136,277
05/21/2003,KOA,HI,AWP,WE,Federal Contract Tower,55,4,8,6,73,0,19,51,6,76,55,23,59,12,149,120,58,178,327
05/22/2003,KOA,HI,AWP,WE,Federal Contract Tower,59,4,7,9,79,0,26,58,5,89,59,30,65,14,168,104,36,140,308
05/23/2003,KOA,HI,AWP,WE,Federal Contract Tower,67,4,7,18,96,0,22,51,10,83,67,26,58,28,179,118,4,122,301
05/24/2003,KOA,HI,AWP,WE,Federal Contract Tower,61,4,2,0,67,0,49,68,0,117,61,53,70,0,184,190,0,190,374
05/25/2003,KOA,HI,AWP,WE,Federal Contract Tower,60,1,4,0,65,0,43,43,0,86,60,44,47,0,151,142,0,142,293
05/26/2003,KOA,HI,AWP,WE,Federal Contract Tower,69,2,7,0,78,0,58,65,0,123,69,60,72,0,201,210,0,210,411
05/27/2003,KOA,HI,AWP,WE,Federal Contract Tower,58,6,3,14,81,0,28,56,2,86,58,34,59,16,167,76,38,114,281
05/28/2003,KOA,HI,AWP,WE,Federal Contract Tower,54,5,1,14,74,0,23,63,6,92,54,28,64,20,166,150,106,256,422
05/29/2003,KOA,HI,AWP,WE,Federal Contract Tower,59,4,1,4,68,0,19,59,2,80,59,23,60,6,148,212,10,222,370
05/30/2003,KOA,HI,AWP,WE,Federal Contract Tower,60,4,4,0,68,0,25,49,2,76,60,29,53,2,144,130,0,130,274
05/31/2003,KOA,HI,AWP,WE,Federal Contract Tower,57,5,6,3,71,0,38,56,3,97,57,43,62,6,168,176,15,191,359
06/01/2003,KOA,HI,AWP,WE,Federal Contract Tower,61,2,6,2,71,0,60,55,4,119,61,62,61,6,190,234,52,286,476
06/02/2003,KOA,HI,AWP,WE,Federal Contract Tower,59,6,4,0,69,0,36,44,0,80,59,42,48,0,149,242,0,242,391
06/03/2003,KOA,HI,AWP,WE,Federal Contract Tower,57,5,5,18,85,0,37,59,18,114,57,42,64,36,199,244,44,288,487
06/04/2003,KOA,HI,AWP,WE,Federal Contract Tower,55,5,4,2,66,0,41,62,6,109,55,46,66,8,175,224,38,262,437
06/05/2003,KOA,HI,AWP,WE,Federal Contract Tower,59,5,6,12,82,0,24,52,6,82,59,29,58,18,164,124,60,184,348
06/06/2003,KOA,HI,AWP,WE,Federal Contract Tower,63,5,4,0,72,0,36,40,4,80,63,41,44,4,152,78,0,78,230
06/07/2003,KOA,HI,AWP,WE,Federal Contract Tower,56,4,1,0,61,0,35,50,2,87,56,39,51,2,148,186,14,200,348
06/08/2003,KOA,HI,AWP,WE,Federal Contract Tower,63,1,2,0,66,0,53,57,0,110,63,54,59,0,176,132,0,132,308
06/09/2003,KOA,HI,AWP,WE,Federal Contract Tower,59,4,3,14,80,0,44,50,0,94,59,48,53,14,174,162,44,206,380
06/10/2003,KOA,HI,AWP,WE,Federal Contract Tower,59,5,2,5,71,0,35,51,5,91,59,40,53,10,162,154,12,166,328
06/11/2003,KOA,HI,AWP,WE,Federal Contract Tower,55,5,5,38,103,0,28,53,8,89,55,33,58,46,192,84,72,156,348
06/12/2003,KOA,HI,AWP,WE,Federal Contract Tower,59,5,8,17,89,0,30,39,11,80,59,35,47,28,169,70,24,94,263
06/13/2003,KOA,HI,AWP,WE,Federal Contract Tower,63,6,10,0,79,0,42,43,4,89,63,48,53,4,168,166,0,166,334
06/14/2003,KOA,HI,AWP,WE,Federal Contract Tower,62,2,9,0,73,0,43,49,8,100,62,45,58,8,173,182,26,208,381
06/15/2003,KOA,HI,AWP,WE,Federal Contract Tower,65,2,10,0,77,0,36,23,0,59,65,38,33,0,136,28,0,28,164
06/16/2003,KOA,HI,AWP,WE,Federal Contract Tower,62,3,1,6,72,0,44,51,6,101,62,47,52,12,173,126,52,178,351
06/17/2003,KOA,HI,AWP,WE,Federal Contract Tower,58,3,7,17,85,0,35,51,3,89,58,38,58,20,174,118,36,154,328
06/18/2003,KOA,HI,AWP,WE,Federal Contract Tower,57,11,8,6,82,0,26,44,2,72,57,37,52,8,154,142,30,172,326
06/19/2003,KOA,HI,AWP,WE,Federal Contract Tower,64,8,10,5,87,0,30,29,7,66,64,38,39,12,153,66,12,78,231
06/20/2003,KOA,HI,AWP,WE,Federal Contract Tower,70,5,9,6,90,0,19,34,2,55,70,24,43,8,145,106,20,126,271
06/21/2003,KOA,HI,AWP,WE,Federal Contract Tower,66,4,10,0,80,0,48,49,2,99,66,52,59,2,179,182,0,182,361
06/22/2003,KOA,HI,AWP,WE,Federal Contract Tower,64,2,12,0,78,0,29,27,0,56,64,31,39,0,134,36,0,36,170
06/23/2003,KOA,HI,AWP,WE,Federal Contract Tower,72,4,5,18,99,0,49,47,14,110,72,53,52,32,209,120,20,140,349
06/24/2003,KOA,HI,AWP,WE,Federal Contract Tower,68,6,12,16,102,0,32,62,4,98,68,38,74,20,200,184,102,286,486
06/25/2003,KOA,HI,AWP,WE,Federal Contract Tower,69,4,8,11,92,0,49,49,1,99,69,53,57,12,191,108,28,136,327
06/26/2003,KOA,HI,AWP,WE,Federal Contract Tower,68,5,7,9,89,0,34,35,3,72,68,39,42,12,161,70,32,102,263
06/27/2003,KOA,HI,AWP,WE,Federal Contract Tower,68,8,10,2,88,0,31,58,0,89,68,39,68,2,177,118,0,118,295
06/28/2003,KOA,HI,AWP,WE,Federal Contract Tower,70,5,5,0,80,0,52,45,0,97,70,57,50,0,177,146,0,146,323
06/29/2003,KOA,HI,AWP,WE,Federal Contract Tower,67,3,5,0,75,0,60,62,8,130,67,63,67,8,205,154,0,154,359
06/30/2003,KOA,HI,AWP,WE,Federal Contract Tower,66,2,6,8,82,0,60,64,26,150,66,62,70,34,232,218,96,314,546
07/01/2003,KOA,HI,AWP,WE,Federal Contract Tower,66,4,5,30,105,0,37,57,2,96,66,41,62,32,201,124,66,190,391
07/02/2003,KOA,HI,AWP,WE,Federal Contract Tower,62,4,8,8,82,0,46,48,8,102,62,50,56,16,184,202,54,256,440
07/03/2003,KOA,HI,AWP,WE,Federal Contract Tower,71,6,9,8,94,0,34,44,4,82,71,40,53,12,176,122,38,160,336
07/04/2003,KOA,HI,AWP,WE,Federal Contract Tower,62,2,4,7,75,0,42,42,7,91,62,44,46,14,166,146,6,152,318
07/05/2003,KOA,HI,AWP,WE,Federal Contract Tower,70,2,4,0,76,0,43,47,0,90,70,45,51,0,166,136,0,136,302
07/06/2003,KOA,HI,AWP,WE,Federal Contract Tower,69,1,4,0,74,0,62,69,2,133,69,63,73,2,207,158,12,170,377
07/07/2003,KOA,HI,AWP,WE,Federal Contract Tower,69,7,7,0,83,0,34,32,0,66,69,41,39,0,149,98,0,98,247
07/08/2003,KOA,HI,AWP,WE,Federal Contract Tower,66,4,11,26,107,0,47,51,4,102,66,51,62,30,209,148,120,268,477
07/09/2003,KOA,HI,AWP,WE,Federal Contract Tower,64,6,6,6,82,0,42,44,6,92,64,48,50,12,174,82,62,144,318
07/10/2003,KOA,HI,AWP,WE,Federal Contract Tower,65,4,4,2,75,0,31,36,0,67,65,35,40,2,142,68,8,76,218
07/11/2003,KOA,HI,AWP,WE,Federal Contract Tower,65,4,3,11,83,0,38,50,3,91,65,42,53,14,174,70,32,102,276
07/12/2003,KOA,HI,AWP,WE,Federal Contract Tower,65,6,3,2,76,0,28,59,0,87,65,34,62,2,163,138,0,138,301
07/13/2003,KOA,HI,AWP,WE,Federal Contract Tower,67,2,2,0,71,0,52,63,0,115,67,54,65,0,186,170,0,170,356
07/14/2003,KOA,HI,AWP,WE,Federal Contract Tower,67,4,2,14,87,0,34,51,0,85,67,38,53,14,172,128,46,174,346
07/15/2003,KOA,HI,AWP,WE,Federal Contract Tower,64,4,0,40,108,0,30,48,0,78,64,34,48,40,186,116,90,206,392
07/16/2003,KOA,HI,AWP,WE,Federal Contract Tower,64,4,0,2,70,0,52,58,8,118,64,56,58,10,188,172,22,194,382
07/17/2003,KOA,HI,AWP,WE,Federal Contract Tower,70,2,5,22,99,0,49,81,14,144,70,51,86,36,243,126,100,226,469
07/18/2003,KOA,HI,AWP,WE,Federal Contract Tower,69,4,6,6,85,0,38,38,10,86,69,42,44,16,171,110,90,200,371
07/19/2003,KOA,HI,AWP,WE,Federal Contract Tower,67,5,2,0,74,0,36,43,0,79,67,41,45,0,153,156,0,156,309
07/20/2003,KOA,HI,AWP,WE,Federal Contract Tower,66,2,5,0,73,0,18,29,0,47,66,20,34,0,120,112,0,112,232
07/21/2003,KOA,HI,AWP,WE,Federal Contract Tower,69,4,2,2,77,0,48,47,0,95,69,52,49,2,172,124,32,156,328
07/22/2003,KOA,HI,AWP,WE,Federal Contract Tower,65,4,2,14,85,0,39,60,2,101,65,43,62,16,186,134,58,192,378
07/23/2003,KOA,HI,AWP,WE,Federal Contract Tower,64,4,6,2,76,0,38,62,6,106,64,42,68,8,182,96,26,122,304
07/24/2003,KOA,HI,AWP,WE,Federal Contract Tower,70,4,10,14,98,0,36,44,0,80,70,40,54,14,178,110,36,146,324
07/25/2003,KOA,HI,AWP,WE,Federal Contract Tower,69,5,5,11,90,0,40,46,1,87,69,45,51,12,177,132,38,170,347
07/26/2003,KOA,HI,AWP,WE,Federal Contract Tower,66,4,9,0,79,0,36,35,0,71,66,40,44,0,150,128,0,128,278
07/27/2003,KOA,HI,AWP,WE,Federal Contract Tower,64,3,5,0,72,0,38,62,0,100,64,41,67,0,172,108,0,108,280
07/28/2003,KOA,HI,AWP,WE,Federal Contract Tower,68,8,5,2,83,0,48,60,2,110,68,56,65,4,193,84,0,84,277
07/29/2003,KOA,HI,AWP,WE,Federal Contract Tower,68,4,9,9,90,0,42,43,5,90,68,46,52,14,180,92,42,134,314
07/30/2003,KOA,HI,AWP,WE,Federal Contract Tower,64,4,13,7,88,0,45,45,1,91,64,49,58,8,179,94,34,128,307
07/31/2003,KOA,HI,AWP,WE,Federal Contract Tower,74,5,3,2,84,0,40,57,1,98,74,45,60,3,182,130,22,152,334
08/01/2003,KOA,HI,AWP,WE,Federal Contract Tower,69,4,5,8,86,0,37,60,2,99,69,41,65,10,185,108,28,136,321
08/02/2003,KOA,HI,AWP,WE,Federal Contract Tower,69,3,9,0,81,0,45,49,2,96,69,48,58,2,177,116,0,116,293
08/03/2003,KOA,HI,AWP,WE,Federal Contract Tower,67,1,3,13,84,0,43,50,1,94,67,44,53,14,178,122,60,182,360
08/04/2003,KOA,HI,AWP,WE,Federal Contract Tower,68,4,8,6,86,0,33,48,4,85,68,37,56,10,171,176,48,224,395
08/05/2003,KOA,HI,AWP,WE,Federal Contract Tower,68,3,5,9,85,0,35,44,3,82,68,38,49,12,167,98,68,166,333
08/06/2003,KOA,HI,AWP,WE,Federal Contract Tower,65,6,4,10,85,0,41,68,18,127,65,47,72,28,212,102,68,170,382
08/07/2003,KOA,HI,AWP,WE,Federal Contract Tower,67,4,3,18,92,0,44,49,14,107,67,48,52,32,199,114,100,214,413
08/08/2003,KOA,HI,AWP,WE,Federal Contract Tower,66,5,11,30,112,0,50,48,20,118,66,55,59,50,230,130,114,244,474
08/09/2003,KOA,HI,AWP,WE,Federal Contract Tower,64,1,12,1,78,1,33,42,0,76,65,34,54,1,154,117,0,117,271
08/10/2003,KOA,HI,AWP,WE,Federal Contract Tower,63,2,3,0,68,0,45,39,0,84,63,47,42,0,152,114,0,114,266
08/11/2003,KOA,HI,AWP,WE,Federal Contract Tower,65,3,0,0,68,0,35,33,0,68,65,38,33,0,136,210,0,210,346
08/12/2003,KOA,HI,AWP,WE,Federal Contract Tower,72,3,4,16,95,0,25,62,6,93,72,28,66,22,188,84,68,152,340
08/13/2003,KOA,HI,AWP,WE,Federal Contract Tower,67,4,7,2,80,0,44,65,2,111,67,48,72,4,191,106,32,138,329
08/14/2003,KOA,HI,AWP,WE,Federal Contract Tower,72,5,12,6,95,0,61,54,6,121,72,66,66,12,216,112,32,144,360
08/15/2003,KOA,HI,AWP,WE,Federal Contract Tower,67,5,9,12,93,0,38,27,8,73,67,43,36,20,166,46,68,114,280
08/16/2003,KOA,HI,AWP,WE,Federal Contract Tower,69,4,8,10,91,0,25,41,0,66,69,29,49,10,157,136,0,136,293
08/17/2003,KOA,HI,AWP,WE,Federal Contract Tower,73,4,6,0,83,0,51,46,0,97,73,55,52,0,180,120,0,120,300
08/18/2003,KOA,HI,AWP,WE,Federal Contract Tower,67,5,4,6,82,0,48,53,0,101,67,53,57,6,183,134,32,166,349
08/19/2003,KOA,HI,AWP,WE,Federal Contract Tower,68,4,4,18,94,0,44,70,6,120,68,48,74,24,214,116,78,194,408
08/20/2003,KOA,HI,AWP,WE,Federal Contract Tower,66,10,8,2,86,0,43,60,2,105,66,53,68,4,191,106,16,122,313
08/21/2003,KOA,HI,AWP,WE,Federal Contract Tower,65,4,6,9,84,0,54,39,5,98,65,58,45,14,182,86,40,126,308
08/22/2003,KOA,HI,AWP,WE,Federal Contract Tower,65,5,12,5,87,0,35,34,5,74,65,40,46,10,161,52,34,86,247
08/23/2003,KOA,HI,AWP,WE,Federal Contract Tower,62,4,8,4,78,3,36,38,4,81,65,40,46,8,159,52,34,86,245
08/24/2003,KOA,HI,AWP,WE,Federal Contract Tower,62,5,4,0,71,0,34,40,7,81,62,39,44,7,152,162,0,162,314
08/25/2003,KOA,HI,AWP,WE,Federal Contract Tower,59,4,1,0,64,3,26,52,0,81,62,30,53,0,145,92,0,92,237
08/26/2003,KOA,HI,AWP,WE,Federal Contract Tower,59,7,5,8,79,0,38,65,0,103,59,45,70,8,182,162,54,216,398
08/27/2003,KOA,HI,AWP,WE,Federal Contract Tower,62,5,8,18,93,0,37,60,16,113,62,42,68,34,206,130,122,252,458
08/28/2003,KOA,HI,AWP,WE,Federal Contract Tower,62,5,2,5,74,2,49,56,23,130,64,54,58,28,204,84,56,140,344
08/29/2003,KOA,HI,AWP,WE,Federal Contract Tower,69,5,4,0,78,0,34,59,0,93,69,39,63,0,171,68,0,68,239
08/30/2003,KOA,HI,AWP,WE,Federal Contract Tower,60,4,4,0,68,0,16,42,0,58,60,20,46,0,126,104,0,104,230
08/31/2003,KOA,HI,AWP,WE,Federal Contract Tower,65,3,6,0,74,0,28,52,0,80,65,31,58,0,154,48,0,48,202
09/01/2003,KOA,HI,AWP,WE,Federal Contract Tower,68,3,0,0,71,0,9,14,6,29,68,12,14,6,100,0,2,2,102
09/02/2003,KOA,HI,AWP,WE,Federal Contract Tower,52,3,2,8,65,8,45,50,0,103,60,48,52,8,168,104,24,128,296
09/03/2003,KOA,HI,AWP,WE,Federal Contract Tower,52,4,1,16,73,0,33,47,10,90,52,37,48,26,163,88,56,144,307
09/04/2003,KOA,HI,AWP,WE,Federal Contract Tower,58,5,4,21,88,0,41,28,21,90,58,46,32,42,178,74,56,130,308
09/05/2003,KOA,HI,AWP,WE,Federal Contract Tower,64,4,1,3,72,0,23,37,8,68,64,27,38,11,140,98,20,118,258
09/06/2003,KOA,HI,AWP,WE,Federal Contract Tower,56,4,1,5,66,0,22,29,1,52,56,26,30,6,118,124,28,152,270
09/07/2003,KOA,HI,AWP,WE,Federal Contract Tower,60,3,3,0,66,0,32,15,2,49,60,35,18,2,115,38,6,44,159
09/08/2003,KOA,HI,AWP,WE,Federal Contract Tower,55,4,0,9,68,0,28,55,3,86,55,32,55,12,154,110,16,126,280
09/09/2003,KOA,HI,AWP,WE,Federal Contract Tower,52,4,3,35,94,0,44,49,7,100,52,48,52,42,194,96,88,184,378
09/10/2003,KOA,HI,AWP,WE,Federal Contract Tower,54,4,5,42,105,0,48,51,18,117,54,52,56,60,222,96,130,226,448
09/11/2003,KOA,HI,AWP,WE,Federal Contract Tower,51,4,1,18,74,0,31,51,16,98,51,35,52,34,172,116,112,228,400
09/12/2003,KOA,HI,AWP,WE,Federal Contract Tower,66,3,4,6,79,0,42,39,6,87,66,45,43,12,166,124,34,158,324
09/13/2003,KOA,HI,AWP,WE,Federal Contract Tower,62,4,6,6,78,0,31,34,2,67,62,35,40,8,145,142,20,162,307
09/14/2003,KOA,HI,AWP,WE,Federal Contract Tower,62,2,4,2,70,0,33,50,2,85,62,35,54,4,155,88,0,88,243
09/15/2003,KOA,HI,AWP,WE,Federal Contract Tower,55,4,1,15,75,0,45,57,3,105,55,49,58,18,180,104,68,172,352
09/16/2003,KOA,HI,AWP,WE,Federal Contract Tower,55,3,7,36,101,0,29,45,8,82,55,32,52,44,183,152,80,232,415
09/17/2003,KOA,HI,AWP,WE,Federal Contract Tower,51,5,3,34,93,0,53,54,8,115,51,58,57,42,208,154,64,218,426
09/18/2003,KOA,HI,AWP,WE,Federal Contract Tower,55,4,6,15,80,0,35,58,7,100,55,39,64,22,180,194,50,244,424
09/19/2003,KOA,HI,AWP,WE,Federal Contract Tower,65,4,13,12,94,0,23,29,6,58,65,27,42,18,152,124,16,140,292
09/20/2003,KOA,HI,AWP,WE,Federal Contract Tower,60,4,5,6,75,0,52,33,4,89,60,56,38,10,164,140,16,156,320
09/21/2003,KOA,HI,AWP,WE,Federal Contract Tower,60,2,1,2,65,0,36,31,2,69,60,38,32,4,134,56,12,68,202
09/22/2003,KOA,HI,AWP,WE,Federal Contract Tower,57,4,3,8,72,0,37,46,0,83,57,41,49,8,155,146,24,170,325
09/23/2003,KOA,HI,AWP,WE,Federal Contract Tower,52,4,5,14,75,0,50,45,20,115,52,54,50,34,190,148,56,204,394
09/24/2003,KOA,HI,AWP,WE,Federal Contract Tower,53,5,4,12,74,0,30,44,8,82,53,35,48,20,156,170,46,216,372
09/25/2003,KOA,HI,AWP,WE,Federal Contract Tower,53,4,5,6,68,0,36,34,2,72,53,40,39,8,140,68,8,76,216
09/26/2003,KOA,HI,AWP,WE,Federal Contract Tower,61,5,0,2,68,0,26,24,2,52,61,31,24,4,120,142,2,144,264
09/27/2003,KOA,HI,AWP,WE,Federal Contract Tower,53,4,4,0,61,0,31,52,0,83,53,35,56,0,144,84,0,84,228
09/28/2003,KOA,HI,AWP,WE,Federal Contract Tower,52,3,3,12,70,0,46,65,6,117,52,49,68,18,187,154,52,206,393
09/29/2003,KOA,HI,AWP,WE,Federal Contract Tower,52,2,1,17,72,0,47,67,1,115,52,49,68,18,187,154,52,206,393
09/30/2003,KOA,HI,AWP,WE,Federal Contract Tower,51,4,1,17,73,0,40,46,3,89,51,44,47,20,162,186,62,248,410
10/01/2003,KOA,HI,AWP,WE,Federal Contract Tower,54,5,5,10,74,0,35,47,20,102,54,40,52,30,176,154,108,262,438
10/02/2003,KOA,HI,AWP,WE,Federal Contract Tower,53,4,4,9,70,0,28,46,1,75,53,32,50,10,145,186,78,264,409
10/03/2003,KOA,HI,AWP,WE,Federal Contract Tower,55,4,5,9,73,6,21,31,2,60,61,25,36,11,133,62,12,74,207
10/04/2003,KOA,HI,AWP,WE,Federal Contract Tower,54,5,5,8,72,0,27,37,4,68,54,32,42,12,140,112,32,144,284
10/05/2003,KOA,HI,AWP,WE,Federal Contract Tower,56,5,5,8,74,4,22,23,0,49,60,27,28,8,123,72,0,72,195
10/06/2003,KOA,HI,AWP,WE,Federal Contract Tower,57,5,5,8,75,0,38,51,12,101,57,43,56,20,176,140,54,194,370
10/07/2003,KOA,HI,AWP,WE,Federal Contract Tower,51,6,7,13,77,0,32,55,49,136,51,38,62,62,213,154,86,240,453
10/08/2003,KOA,HI,AWP,WE,Federal Contract Tower,52,5,5,8,70,0,41,49,12,102,52,46,54,20,172,152,60,212,384
10/09/2003,KOA,HI,AWP,WE,Federal Contract Tower,55,5,6,10,76,0,33,48,8,89,55,38,54,18,165,114,62,176,341
10/10/2003,KOA,HI,AWP,WE,Federal Contract Tower,65,6,6,10,87,0,29,44,16,89,65,35,50,26,176,152,26,178,354
10/11/2003,KOA,HI,AWP,WE,Federal Contract Tower,53,4,5,0,62,11,22,29,0,62,64,26,34,0,124,154,0,154,278
10/12/2003,KOA,HI,AWP,WE,Federal Contract Tower,52,4,5,0,61,9,33,35,0,77,61,37,40,0,138,102,0,102,240
10/13/2003,KOA,HI,AWP,WE,Federal Contract Tower,49,4,4,0,57,8,38,39,0,85,57,42,43,0,142,118,0,118,260
10/14/2003,KOA,HI,AWP,WE,Federal Contract Tower,58,5,6,10,79,0,42,42,14,98,58,47,48,24,177,106,38,144,321
10/15/2003,KOA,HI,AWP,WE,Federal Contract Tower,52,4,5,4,65,3,25,59,0,87,55,29,64,4,152,128,12,140,292
10/16/2003,KOA,HI,AWP,WE,Federal Contract Tower,54,4,4,4,66,4,38,62,0,104,58,42,66,4,170,130,0,130,300
10/17/2003,KOA,HI,AWP,WE,Federal Contract Tower,56,4,5,8,73,6,34,45,4,89,62,38,50,12,162,84,20,104,266
10/18/2003,KOA,HI,AWP,WE,Federal Contract Tower,59,4,6,2,71,2,34,38,0,74,61,38,44,2,145,112,0,112,257
10/19/2003,KOA,HI,AWP,WE,Federal Contract Tower,56,3,5,2,66,6,32,26,0,64,62,35,31,2,130,12,10,22,152
10/20/2003,KOA,HI,AWP,WE,Federal Contract Tower,64,4,6,9,83,5,53,56,2,116,69,57,62,11,199,172,48,220,419
10/21/2003,KOA,HI,AWP,WE,Federal Contract Tower,59,4,6,8,77,1,32,41,3,77,60,36,47,11,154,166,4,170,324
10/22/2003,KOA,HI,AWP,WE,Federal Contract Tower,52,3,6,7,68,0,44,54,2,100,52,47,60,9,168,184,44,228,396
10/23/2003,KOA,HI,AWP,WE,Federal Contract Tower,57,4,6,9,76,0,42,54,19,115,57,46,60,28,191,140,128,268,459
10/24/2003,KOA,HI,AWP,WE,Federal Contract Tower,61,4,6,6,77,0,23,47,0,70,61,27,53,6,147,160,10,170,317
10/25/2003,KOA,HI,AWP,WE,Federal Contract Tower,55,3,5,8,71,2,27,26,0,55,57,30,31,8,126,128,46,174,300
10/26/2003,KOA,HI,AWP,WE,Federal Contract Tower,49,3,4,7,63,7,36,32,0,75,56,39,36,7,138,116,64,180,318
10/27/2003,KOA,HI,AWP,WE,Federal Contract Tower,48,3,4,2,57,4,40,58,0,102,52,43,62,2,159,194,0,194,353
10/28/2003,KOA,HI,AWP,WE,Federal Contract Tower,58,4,5,9,76,0,50,57,13,120,58,54,62,22,196,196,76,272,468
10/29/2003,KOA,HI,AWP,WE,Federal Contract Tower,49,3,4,8,64,5,39,60,6,110,54,42,64,14,174,282,2,284,458
10/30/2003,KOA,HI,AWP,WE,Federal Contract Tower,52,3,4,8,67,0,42,46,2,90,52,45,50,10,157,146,30,176,333
10/31/2003,KOA,HI,AWP,WE,Federal Contract Tower,59,4,5,8,76,0,40,47,4,91,59,44,52,12,167,118,50,168,335
11/01/2003,KOA,HI,AWP,WE,Federal Contract Tower,50,4,5,6,65,3,29,37,0,69,53,33,42,6,134,190,26,216,350
11/02/2003,KOA,HI,AWP,WE,Federal Contract Tower,49,4,4,2,59,9,25,47,0,81,58,29,51,2,140,132,0,132,272
11/03/2003,KOA,HI,AWP,WE,Federal Contract Tower,50,4,5,5,64,7,46,34,1,88,57,50,39,6,152,116,26,142,294
11/04/2003,KOA,HI,AWP,WE,Federal Contract Tower,56,5,5,6,72,0,37,66,8,111,56,42,71,14,183,156,58,214,397
11/05/2003,KOA,HI,AWP,WE,Federal Contract Tower,52,5,5,5,67,0,36,60,13,109,52,41,65,18,176,224,44,268,444
11/06/2003,KOA,HI,AWP,WE,Federal Contract Tower,57,5,5,4,71,1,43,68,0,112,58,48,73,4,183,208,26,234,417
11/07/2003,KOA,HI,AWP,WE,Federal Contract Tower,56,5,5,5,71,1,35,40,3,79,57,40,45,8,150,206,26,232,382
11/08/2003,KOA,HI,AWP,WE,Federal Contract Tower,53,5,5,2,65,5,38,43,0,86,58,43,48,2,151,252,0,252,403
11/09/2003,KOA,HI,AWP,WE,Federal Contract Tower,52,5,5,6,68,5,30,38,0,73,57,35,43,6,141,162,38,200,341
11/10/2003,KOA,HI,AWP,WE,Federal Contract Tower,48,4,4,2,58,7,42,73,0,122,55,46,77,2,180,224,0,224,404
11/11/2003,KOA,HI,AWP,WE,Federal Contract Tower,51,4,5,4,64,3,46,59,0,108,54,50,64,4,172,172,68,240,412
11/12/2003,KOA,HI,AWP,WE,Federal Contract Tower,52,5,5,7,69,0,39,46,11,96,52,44,51,18,165,130,92,222,387
11/13/2003,KOA,HI,AWP,WE,Federal Contract Tower,54,5,6,8,73,0,42,42,17,101,54,47,48,25,174,194,46,240,414
11/14/2003,KOA,HI,AWP,WE,Federal Contract Tower,56,6,6,8,76,0,28,33,9,70,56,34,39,17,146,140,81,221,367
11/15/2003,KOA,HI,AWP,WE,Federal Contract Tower,49,4,4,0,57,3,46,54,0,103,52,50,58,0,160,164,0,164,324
11/16/2003,KOA,HI,AWP,WE,Federal Contract Tower,53,4,6,6,69,4,20,21,0,45,57,24,27,6,114,66,22,88,202
11/17/2003,KOA,HI,AWP,WE,Federal Contract Tower,49,3,5,0,57,3,42,43,0,88,52,45,48,0,145,210,0,210,355
11/18/2003,KOA,HI,AWP,WE,Federal Contract Tower,52,4,8,7,71,0,38,46,21,105,52,42,54,28,176,166,62,228,404
11/19/2003,KOA,HI,AWP,WE,Federal Contract Tower,52,4,7,7,70,0,29,16,11,56,52,33,23,18,126,48,38,86,212
11/20/2003,KOA,HI,AWP,WE,Federal Contract Tower,56,4,7,7,74,0,37,34,10,81,56,41,41,17,155,62,32,94,249
11/21/2003,KOA,HI,AWP,WE,Federal Contract Tower,56,4,6,4,70,5,37,42,0,84,61,41,48,4,154,118,0,118,272
11/22/2003,KOA,HI,AWP,WE,Federal Contract Tower,56,4,6,0,66,2,38,33,0,73,58,42,39,0,139,272,0,272,411
11/23/2003,KOA,HI,AWP,WE,Federal Contract Tower,49,3,6,0,58,7,31,46,0,84,56,34,52,0,142,114,0,114,256
11/24/2003,KOA,HI,AWP,WE,Federal Contract Tower,52,4,6,5,67,0,30,43,3,76,52,34,49,8,143,196,94,290,433
11/25/2003,KOA,HI,AWP,WE,Federal Contract Tower,55,4,6,6,71,0,38,58,6,102,55,42,64,12,173,150,34,184,357
11/26/2003,KOA,HI,AWP,WE,Federal Contract Tower,62,4,7,6,79,0,38,54,6,98,62,42,61,12,177,140,28,168,345
11/27/2003,KOA,HI,AWP,WE,Federal Contract Tower,46,3,6,0,55,4,31,32,0,67,50,34,38,0,122,80,0,80,202
11/28/2003,KOA,HI,AWP,WE,Federal Contract Tower,56,4,6,0,66,5,39,40,0,84,61,43,46,0,150,186,0,186,336
11/29/2003,KOA,HI,AWP,WE,Federal Contract Tower,54,4,6,0,64,0,29,36,0,65,54,33,42,0,129,178,0,178,307
11/30/2003,KOA,HI,AWP,WE,Federal Contract Tower,67,5,7,4,83,0,27,42,0,69,67,32,49,4,152,142,0,142,294
12/01/2003,KOA,HI,AWP,WE,Federal Contract Tower,44,5,8,4,61,9,21,40,0,70,53,26,48,4,131,88,0,88,219
12/02/2003,KOA,HI,AWP,WE,Federal Contract Tower,55,6,11,8,80,0,42,53,14,109,55,48,64,22,189,148,56,204,393
12/03/2003,KOA,HI,AWP,WE,Federal Contract Tower,53,6,10,7,76,0,40,46,17,103,53,46,56,24,179,152,88,240,419
12/04/2003,KOA,HI,AWP,WE,Federal Contract Tower,54,6,11,7,78,0,43,38,31,112,54,49,49,38,190,128,104,232,422
12/05/2003,KOA,HI,AWP,WE,Federal Contract Tower,54,6,9,4,73,5,28,34,0,67,59,34,43,4,140,68,18,86,226
12/06/2003,KOA,HI,AWP,WE,Federal Contract Tower,41,4,8,0,53,11,42,34,0,87,52,46,42,0,140,214,0,214,354
12/07/2003,KOA,HI,AWP,WE,Federal Contract Tower,44,5,8,0,57,14,31,40,0,85,58,36,48,0,142,110,0,110,252
12/08/2003,KOA,HI,AWP,WE,Federal Contract Tower,52,5,10,6,73,2,36,37,10,85,54,41,47,16,158,172,36,208,366
12/09/2003,KOA,HI,AWP,WE,Federal Contract Tower,53,6,9,7,75,0,32,53,21,106,53,38,62,28,181,120,66,186,367
12/10/2003,KOA,HI,AWP,WE,Federal Contract Tower,53,6,9,7,75,1,26,48,3,78,54,32,57,10,153,124,24,148,301
12/11/2003,KOA,HI,AWP,WE,Federal Contract Tower,54,6,10,7,77,0,27,29,17,73,54,33,39,24,150,122,42,164,314
12/12/2003,KOA,HI,AWP,WE,Federal Contract Tower,61,6,11,8,86,0,19,32,4,55,61,25,43,12,141,34,8,42,183
12/13/2003,KOA,HI,AWP,WE,Federal Contract Tower,54,6,9,7,76,0,36,34,3,73,54,42,43,10,149,36,12,48,197
12/14/2003,KOA,HI,AWP,WE,Federal Contract Tower,52,4,10,0,66,7,29,31,0,67,59,33,41,0,133,34,0,34,167
12/15/2003,KOA,HI,AWP,WE,Federal Contract Tower,55,5,11,9,80,0,32,34,9,75,55,37,45,18,155,112,82,194,349
12/16/2003,KOA,HI,AWP,WE,Federal Contract Tower,53,5,9,8,75,2,32,23,6,63,55,37,32,14,138,106,46,152,290
12/17/2003,KOA,HI,AWP,WE,Federal Contract Tower,56,5,10,8,79,0,38,46,8,92,56,43,56,16,171,72,20,92,263
12/18/2003,KOA,HI,AWP,WE,Federal Contract Tower,49,4,9,3,65,9,32,43,0,84,58,36,52,3,149,54,16,70,219
12/19/2003,KOA,HI,AWP,WE,Federal Contract Tower,74,6,13,6,99,0,48,55,0,103,74,54,68,6,202,132,16,148,350
12/20/2003,KOA,HI,AWP,WE,Federal Contract Tower,67,7,13,2,89,0,45,55,0,100,67,52,68,2,189,146,0,146,335
12/21/2003,KOA,HI,AWP,WE,Federal Contract Tower,66,6,11,0,83,2,27,53,0,82,68,33,64,0,165,126,0,126,291
12/22/2003,KOA,HI,AWP,WE,Federal Contract Tower,72,8,14,12,106,0,44,57,26,127,72,52,71,38,233,92,34,126,359
12/23/2003,KOA,HI,AWP,WE,Federal Contract Tower,62,6,12,10,90,0,46,44,10,100,62,52,56,20,190,108,34,142,332
12/24/2003,KOA,HI,AWP,WE,Federal Contract Tower,59,5,10,9,83,0,47,48,3,98,59,52,58,12,181,106,24,130,311
12/25/2003,KOA,HI,AWP,WE,Federal Contract Tower,45,4,8,0,57,9,6,22,0,37,54,10,30,0,94,46,0,46,140
12/26/2003,KOA,HI,AWP,WE,Federal Contract Tower,74,7,14,0,95,0,51,44,0,95,74,58,58,0,190,60,0,60,250
12/27/2003,KOA,HI,AWP,WE,Federal Contract Tower,68,6,12,0,86,2,66,49,0,117,70,72,61,0,203,69,0,69,272
12/28/2003,KOA,HI,AWP,WE,Federal Contract Tower,66,6,12,0,84,6,47,24,0,77,72,53,36,0,161,44,0,44,205
12/29/2003,KOA,HI,AWP,WE,Federal Contract Tower,63,6,13,9,91,0,20,15,7,42,63,26,28,16,133,6,26,32,165
12/30/2003,KOA,HI,AWP,WE,Federal Contract Tower,60,5,11,8,84,0,38,45,4,87,60,43,56,12,171,94,30,124,295
12/31/2003,KOA,HI,AWP,WE,Federal Contract Tower,61,6,11,0,78,0,40,57,0,97,61,46,68,0,175,82,0,82,257
01/01/2004,KOA,HI,AWP,WE,Federal Contract Tower,58,7,10,0,75,0,28,38,0,66,58,35,48,0,141,36,0,36,177
01/02/2004,KOA,HI,AWP,WE,Federal Contract Tower,65,8,12,0,85,0,30,32,0,62,65,38,44,0,147,28,0,28,175
01/03/2004,KOA,HI,AWP,WE,Federal Contract Tower,68,9,14,0,91,0,26,49,0,75,68,35,63,0,166,52,0,52,218
01/04/2004,KOA,HI,AWP,WE,Federal Contract Tower,66,7,11,0,84,0,19,30,0,49,66,26,41,0,133,22,0,22,155
01/05/2004,KOA,HI,AWP,WE,Federal Contract Tower,57,6,9,0,72,5,38,59,0,102,62,44,68,0,174,134,0,134,308
01/06/2004,KOA,HI,AWP,WE,Federal Contract Tower,58,6,9,4,77,7,52,59,0,118,65,58,68,4,195,132,0,132,327
01/07/2004,KOA,HI,AWP,WE,Federal Contract Tower,56,6,8,4,74,0,43,75,6,124,56,49,83,10,198,166,78,244,442
01/08/2004,KOA,HI,AWP,WE,Federal Contract Tower,60,7,10,4,81,0,30,61,2,93,60,37,71,6,174,92,30,122,296
01/09/2004,KOA,HI,AWP,WE,Federal Contract Tower,57,6,8,4,75,5,37,58,1,101,62,43,66,5,176,160,16,176,352
01/10/2004,KOA,HI,AWP,WE,Federal Contract Tower,57,6,8,4,75,1,34,38,2,75,58,40,46,6,150,148,22,170,320
01/11/2004,KOA,HI,AWP,WE,Federal Contract Tower,50,4,8,0,62,10,32,46,0,88,60,36,54,0,150,154,0,154,304
01/12/2004,KOA,HI,AWP,WE,Federal Contract Tower,51,5,8,4,68,5,37,42,2,86,56,42,50,6,154,110,18,128,282
01/13/2004,KOA,HI,AWP,WE,Federal Contract Tower,55,6,9,6,76,0,33,58,20,111,55,39,67,26,187,162,46,208,395
01/14/2004,KOA,HI,AWP,WE,Federal Contract Tower,57,5,8,4,74,5,44,49,0,98,62,49,57,4,172,82,0,82,254
01/15/2004,KOA,HI,AWP,WE,Federal Contract Tower,60,6,10,5,81,0,49,73,5,127,60,55,83,10,208,180,0,180,388
01/16/2004,KOA,HI,AWP,WE,Federal Contract Tower,60,6,9,5,80,6,43,50,1,100,66,49,59,6,180,106,28,134,314
01/17/2004,KOA,HI,AWP,WE,Federal Contract Tower,56,5,8,0,69,3,29,51,0,83,59,34,59,0,152,282,0,282,434
01/18/2004,KOA,HI,AWP,WE,Federal Contract Tower,53,4,7,0,64,7,30,60,0,97,60,34,67,0,161,124,0,124,285
01/19/2004,KOA,HI,AWP,WE,Federal Contract Tower,51,4,7,0,62,7,22,72,0,101,58,26,79,0,163,122,0,122,285
01/20/2004,KOA,HI,AWP,WE,Federal Contract Tower,58,5,8,5,76,0,35,56,5,96,58,40,64,10,172,182,88,270,442
01/21/2004,KOA,HI,AWP,WE,Federal Contract Tower,56,5,8,5,74,0,42,58,7,107,56,47,66,12,181,272,44,316,497
01/22/2004,KOA,HI,AWP,WE,Federal Contract Tower,54,5,6,5,70,7,33,31,5,76,61,38,37,10,146,116,24,140,286
01/23/2004,KOA,HI,AWP,WE,Federal Contract Tower,65,6,9,6,86,0,26,27,4,57,65,32,36,10,143,126,58,184,327
01/24/2004,KOA,HI,AWP,WE,Federal Contract Tower,55,5,6,0,66,3,35,54,0,92,58,40,60,0,158,120,0,120,278
01/25/2004,KOA,HI,AWP,WE,Federal Contract Tower,57,5,7,0,69,5,45,73,0,123,62,50,80,0,192,130,0,130,322
01/26/2004,KOA,HI,AWP,WE,Federal Contract Tower,68,6,10,6,90,0,39,31,10,80,68,45,41,16,170,106,104,210,380
01/27/2004,KOA,HI,AWP,WE,Federal Contract Tower,55,5,8,4,72,3,51,56,4,114,58,56,64,8,186,140,78,218,404
01/28/2004,KOA,HI,AWP,WE,Federal Contract Tower,56,5,9,4,74,0,29,54,10,93,56,34,63,14,167,192,58,250,417
01/29/2004,KOA,HI,AWP,WE,Federal Contract Tower,58,5,8,4,75,4,37,41,10,92,62,42,49,14,167,202,26,228,395
01/30/2004,KOA,HI,AWP,WE,Federal Contract Tower,64,7,11,5,87,0,39,59,19,117,64,46,70,24,204,238,52,290,494
01/31/2004,KOA,HI,AWP,WE,Federal Contract Tower,58,5,8,4,75,2,30,43,16,91,60,35,51,20,166,88,0,88,254
02/01/2004,KOA,HI,AWP,WE,Federal Contract Tower,47,4,7,4,62,13,22,28,0,63,60,26,35,4,125,106,0,106,231
02/02/2004,KOA,HI,AWP,WE,Federal Contract Tower,56,5,7,5,73,0,40,69,5,114,56,45,76,10,187,152,12,164,351
02/03/2004,KOA,HI,AWP,WE,Federal Contract Tower,56,5,7,5,73,0,29,36,5,70,56,34,43,10,143,164,56,220,363
02/04/2004,KOA,HI,AWP,WE,Federal Contract Tower,56,5,7,5,73,0,29,54,9,92,56,34,61,14,165,164,56,220,385
02/05/2004,KOA,HI,AWP,WE,Federal Contract Tower,61,5,9,6,81,0,45,52,8,105,61,50,61,14,186,144,42,186,372
02/06/2004,KOA,HI,AWP,WE,Federal Contract Tower,62,6,9,6,83,0,29,30,12,71,62,35,39,18,154,114,12,126,280
02/07/2004,KOA,HI,AWP,WE,Federal Contract Tower,56,5,8,1,70,0,40,57,0,97,56,45,65,1,167,170,0,170,337
02/08/2004,KOA,HI,AWP,WE,Federal Contract Tower,50,5,7,0,62,10,37,34,0,81,60,42,41,0,143,86,0,86,229
02/09/2004,KOA,HI,AWP,WE,Federal Contract Tower,56,5,8,6,75,0,54,60,8,122,56,59,68,14,197,116,86,202,399
02/10/2004,KOA,HI,AWP,WE,Federal Contract Tower,58,5,8,6,77,0,59,61,4,124,58,64,69,10,201,190,78,268,469
02/11/2004,KOA,HI,AWP,WE,Federal Contract Tower,51,5,7,0,63,5,42,52,0,99,56,47,59,0,162,174,0,174,336
02/12/2004,KOA,HI,AWP,WE,Federal Contract Tower,61,6,10,7,84,0,54,66,15,135,61,60,76,22,219,80,60,140,359
02/13/2004,KOA,HI,AWP,WE,Federal Contract Tower,67,6,10,2,85,2,40,33,0,75,69,46,43,2,160,90,2,92,252
02/14/2004,KOA,HI,AWP,WE,Federal Contract Tower,59,5,8,2,74,3,39,62,0,104,62,44,70,2,178,140,0,140,318
02/15/2004,KOA,HI,AWP,WE,Federal Contract Tower,49,4,7,5,65,11,54,73,1,139,60,58,80,6,204,100,0,100,304
02/16/2004,KOA,HI,AWP,WE,Federal Contract Tower,58,5,9,0,72,0,53,71,0,124,58,58,80,0,196,102,0,102,298
02/17/2004,KOA,HI,AWP,WE,Federal Contract Tower,73,6,11,7,97,5,36,49,1,91,78,42,60,8,188,270,20,290,478
02/18/2004,KOA,HI,AWP,WE,Federal Contract Tower,56,6,10,7,79,0,50,56,25,131,56,56,66,32,210,188,152,340,550
02/19/2004,KOA,HI,AWP,WE,Federal Contract Tower,61,4,9,7,81,0,52,80,3,135,61,56,89,10,216,198,56,254,470
02/20/2004,KOA,HI,AWP,WE,Federal Contract Tower,62,5,10,8,85,0,40,48,5,93,62,45,58,13,178,164,6,170,348
02/21/2004,KOA,HI,AWP,WE,Federal Contract Tower,60,4,8,0,72,0,54,53,0,107,60,58,61,0,179,150,0,150,329
02/22/2004,KOA,HI,AWP,WE,Federal Contract Tower,55,4,7,2,68,5,61,75,0,141,60,65,82,2,209,112,0,112,321
02/23/2004,KOA,HI,AWP,WE,Federal Contract Tower,68,5,9,8,90,0,55,69,6,130,68,60,78,14,220,102,70,172,392
02/24/2004,KOA,HI,AWP,WE,Federal Contract Tower,57,4,8,8,77,0,42,44,6,92,57,46,52,14,169,178,66,244,413
02/25/2004,KOA,HI,AWP,WE,Federal Contract Tower,57,4,8,6,75,0,41,60,0,101,57,45,68,6,176,236,64,300,476
02/26/2004,KOA,HI,AWP,WE,Federal Contract Tower,56,4,8,7,75,0,47,67,3,117,56,51,75,10,192,152,32,184,376
02/27/2004,KOA,HI,AWP,WE,Federal Contract Tower,51,3,6,3,63,6,8,17,0,31,57,11,23,3,94,60,0,60,154
02/28/2004,KOA,HI,AWP,WE,Federal Contract Tower,55,4,8,0,67,8,5,2,0,15,63,9,10,0,82,0,20,20,102
02/29/2004,KOA,HI,AWP,WE,Federal Contract Tower,60,4,8,6,78,0,71,55,6,132,60,75,63,12,210,86,18,104,314
03/01/2004,KOA,HI,AWP,WE,Federal Contract Tower,57,8,11,4,80,0,48,57,0,105,57,56,68,4,185,232,64,296,481
03/02/2004,KOA,HI,AWP,WE,Federal Contract Tower,60,8,11,4,83,0,23,43,0,66,60,31,54,4,149,212,0,212,361
03/03/2004,KOA,HI,AWP,WE,Federal Contract Tower,59,8,11,4,82,0,25,37,0,62,59,33,48,4,144,238,0,238,382
03/04/2004,KOA,HI,AWP,WE,Federal Contract Tower,54,7,10,4,75,6,41,38,0,85,60,48,48,4,160,172,24,196,356
03/05/2004,KOA,HI,AWP,WE,Federal Contract Tower,60,8,11,5,84,0,49,35,3,87,60,57,46,8,171,156,28,184,355
03/06/2004,KOA,HI,AWP,WE,Federal Contract Tower,49,6,9,0,64,9,40,77,0,126,58,46,86,0,190,220,0,220,410
03/07/2004,KOA,HI,AWP,WE,Federal Contract Tower,47,6,9,0,62,13,51,67,0,131,60,57,76,0,193,172,0,172,365
03/08/2004,KOA,HI,AWP,WE,Federal Contract Tower,60,8,12,5,85,0,39,50,9,98,60,47,62,14,183,54,26,80,263
03/09/2004,KOA,HI,AWP,WE,Federal Contract Tower,55,7,10,4,76,5,38,56,2,101,60,45,66,6,177,169,44,213,390
03/10/2004,KOA,HI,AWP,WE,Federal Contract Tower,53,6,10,4,73,3,48,54,10,115,56,54,64,14,188,220,14,234,422
03/11/2004,KOA,HI,AWP,WE,Federal Contract Tower,57,6,10,4,77,3,47,55,0,105,60,53,65,4,182,138,6,144,326
03/12/2004,KOA,HI,AWP,WE,Federal Contract Tower,62,6,11,6,85,0,37,47,1,85,62,43,58,7,170,86,4,90,260
03/13/2004,KOA,HI,AWP,WE,Federal Contract Tower,57,7,11,0,75,0,52,53,0,105,57,59,64,0,180,104,0,104,284
03/14/2004,KOA,HI,AWP,WE,Federal Contract Tower,57,6,10,0,73,4,39,19,0,62,61,45,29,0,135,42,0,42,177
03/15/2004,KOA,HI,AWP,WE,Federal Contract Tower,54,5,9,2,70,3,34,47,0,84,57,39,56,2,154,86,0,86,240
03/16/2004,KOA,HI,AWP,WE,Federal Contract Tower,57,6,10,5,78,0,39,40,7,86,57,45,50,12,164,190,98,288,452
03/17/2004,KOA,HI,AWP,WE,Federal Contract Tower,59,7,10,6,82,0,42,30,2,74,59,49,40,8,156,188,36,224,380
03/18/2004,KOA,HI,AWP,WE,Federal Contract Tower,55,6,8,0,69,5,64,70,0,139,60,70,78,0,208,144,0,144,352
03/19/2004,KOA,HI,AWP,WE,Federal Contract Tower,64,7,11,5,87,0,45,43,0,88,64,52,54,5,175,60,4,64,239
03/20/2004,KOA,HI,AWP,WE,Federal Contract Tower,63,7,11,6,87,0,59,58,4,121,63,66,69,10,208,100,80,180,388
03/21/2004,KOA,HI,AWP,WE,Federal Contract Tower,63,6,10,6,85,3,46,63,0,112,66,52,73,6,197,138,24,162,359
03/22/2004,KOA,HI,AWP,WE,Federal Contract Tower,58,7,10,6,81,0,35,45,4,84,58,42,55,10,165,238,24,262,427
03/23/2004,KOA,HI,AWP,WE,Federal Contract Tower,56,6,9,2,73,3,37,53,0,93,59,43,62,2,166,74,2,76,242
03/24/2004,KOA,HI,AWP,WE,Federal Contract Tower,60,8,12,6,86,0,24,51,1,76,60,32,63,7,162,224,62,286,448
03/25/2004,KOA,HI,AWP,WE,Federal Contract Tower,61,7,13,5,86,0,57,38,7,102,61,64,51,12,188,166,64,230,418
03/26/2004,KOA,HI,AWP,WE,Federal Contract Tower,64,7,13,4,88,0,49,25,0,74,64,56,38,4,162,122,32,154,316
03/27/2004,KOA,HI,AWP,WE,Federal Contract Tower,60,7,11,4,82,5,35,39,3,82,65,42,50,7,164,186,26,212,376
03/28/2004,KOA,HI,AWP,WE,Federal Contract Tower,54,5,10,0,69,11,53,69,0,133,65,58,79,0,202,102,0,102,304
03/29/2004,KOA,HI,AWP,WE,Federal Contract Tower,53,5,10,2,70,2,48,31,0,81,55,53,41,2,151,104,24,128,279
03/30/2004,KOA,HI,AWP,WE,Federal Contract Tower,60,7,12,5,84,0,27,24,9,60,60,34,36,14,144,162,30,192,336
03/31/2004,KOA,HI,AWP,WE,Federal Contract Tower,60,7,11,4,82,0,42,47,10,99,60,49,58,14,181,112,24,136,317
04/01/2004,KOA,HI,AWP,WE,Federal Contract Tower,60,6,8,10,84,0,42,41,4,87,60,48,49,14,171,68,22,90,261
04/02/2004,KOA,HI,AWP,WE,Federal Contract Tower,63,6,9,4,82,1,44,27,0,72,64,50,36,4,154,64,20,84,238
04/03/2004,KOA,HI,AWP,WE,Federal Contract Tower,62,6,10,4,82,0,58,71,0,129,62,64,81,4,211,110,0,110,321
04/04/2004,KOA,HI,AWP,WE,Federal Contract Tower,55,5,8,0,68,10,30,29,0,69,65,35,37,0,137,96,0,96,233
04/05/2004,KOA,HI,AWP,WE,Federal Contract Tower,61,6,10,10,87,0,52,43,14,109,61,58,53,24,196,152,36,188,384
04/06/2004,KOA,HI,AWP,WE,Federal Contract Tower,60,8,12,12,92,0,29,42,20,91,60,37,54,32,183,162,130,292,475
04/07/2004,KOA,HI,AWP,WE,Federal Contract Tower,62,6,9,11,88,0,50,40,5,95,62,56,49,16,183,110,74,184,367
04/08/2004,KOA,HI,AWP,WE,Federal Contract Tower,57,5,8,0,70,8,46,60,0,114,65,51,68,0,184,88,0,88,272
04/09/2004,KOA,HI,AWP,WE,Federal Contract Tower,66,6,10,2,84,1,53,43,0,97,67,59,53,2,181,64,0,64,245
04/10/2004,KOA,HI,AWP,WE,Federal Contract Tower,61,6,9,0,76,0,48,62,0,110,61,54,71,0,186,132,0,132,318
04/11/2004,KOA,HI,AWP,WE,Federal Contract Tower,58,5,9,2,74,7,28,42,0,77,65,33,51,2,151,46,0,46,197
04/12/2004,KOA,HI,AWP,WE,Federal Contract Tower,60,6,9,8,83,0,42,24,0,66,60,48,33,8,149,38,0,38,187
04/13/2004,KOA,HI,AWP,WE,Federal Contract Tower,60,6,9,10,85,0,40,35,10,85,60,46,44,20,170,188,94,282,452
04/14/2004,KOA,HI,AWP,WE,Federal Contract Tower,59,5,9,6,79,3,38,54,0,95,62,43,63,6,174,126,74,200,374
04/15/2004,KOA,HI,AWP,WE,Federal Contract Tower,51,5,7,4,67,7,65,29,0,101,58,70,36,4,168,78,62,140,308
04/16/2004,KOA,HI,AWP,WE,Federal Contract Tower,56,5,8,8,77,6,40,24,4,74,62,45,32,12,151,132,4,136,287
04/17/2004,KOA,HI,AWP,WE,Federal Contract Tower,60,5,11,9,85,0,34,58,3,95,60,39,69,12,180,92,24,116,296
04/18/2004,KOA,HI,AWP,WE,Federal Contract Tower,56,4,9,8,77,4,35,24,5,68,60,39,33,13,145,34,0,34,179
04/19/2004,KOA,HI,AWP,WE,Federal Contract Tower,58,5,10,9,82,0,46,58,15,119,58,51,68,24,201,130,80,210,411
04/20/2004,KOA,HI,AWP,WE,Federal Contract Tower,60,5,10,10,85,0,34,44,14,92,60,39,54,24,177,122,108,230,407
04/21/2004,KOA,HI,AWP,WE,Federal Contract Tower,60,5,11,9,85,0,47,35,13,95,60,52,46,22,180,104,68,172,352
04/22/2004,KOA,HI,AWP,WE,Federal Contract Tower,59,4,10,8,81,2,52,40,0,94,61,56,50,8,175,178,0,178,353
04/23/2004,KOA,HI,AWP,WE,Federal Contract Tower,64,5,10,8,87,4,47,35,0,86,68,52,45,8,173,128,8,136,309
04/24/2004,KOA,HI,AWP,WE,Federal Contract Tower,59,4,8,9,80,3,18,24,0,45,62,22,32,9,125,132,0,132,257
04/25/2004,KOA,HI,AWP,WE,Federal Contract Tower,48,4,6,0,58,14,37,52,0,103,62,41,58,0,161,78,0,78,239
04/26/2004,KOA,HI,AWP,WE,Federal Contract Tower,57,4,8,6,75,2,29,44,0,75,59,33,52,6,150,106,64,170,320
04/27/2004,KOA,HI,AWP,WE,Federal Contract Tower,55,4,8,4,71,5,43,36,0,84,60,47,44,4,155,212,14,226,381
04/28/2004,KOA,HI,AWP,WE,Federal Contract Tower,60,5,9,9,83,0,45,48,9,102,60,50,57,18,185,178,70,248,433
04/29/2004,KOA,HI,AWP,WE,Federal Contract Tower,51,4,7,6,68,9,59,63,0,131,60,63,70,6,199,184,36,220,419
04/30/2004,KOA,HI,AWP,WE,Federal Contract Tower,60,5,8,5,78,4,53,38,0,95,64,58,46,5,173,200,34,234,407
05/01/2004,KOA,HI,AWP,WE,Federal Contract Tower,46,9,7,0,62,11,34,29,0,74,57,43,36,0,136,164,0,164,300
05/02/2004,KOA,HI,AWP,WE,Federal Contract Tower,47,8,7,2,64,15,39,58,0,112,62,47,65,2,176,64,0,64,240
05/03/2004,KOA,HI,AWP,WE,Federal Contract Tower,52,10,7,4,73,2,46,51,2,101,54,56,58,6,174,244,32,276,450
05/04/2004,KOA,HI,AWP,WE,Federal Contract Tower,55,14,9,5,83,0,22,46,15,83,55,36,55,20,166,196,104,300,466
05/05/2004,KOA,HI,AWP,WE,Federal Contract Tower,60,14,10,5,89,0,22,48,23,93,60,36,58,28,182,208,74,282,464
05/06/2004,KOA,HI,AWP,WE,Federal Contract Tower,56,11,8,4,79,2,46,51,5,104,58,57,59,9,183,198,10,208,391
05/07/2004,KOA,HI,AWP,WE,Federal Contract Tower,54,11,7,0,72,10,39,30,0,79,64,50,37,0,151,232,0,232,383
05/08/2004,KOA,HI,AWP,WE,Federal Contract Tower,53,10,6,5,74,2,26,51,1,80,55,36,57,6,154,198,0,198,352
05/09/2004,KOA,HI,AWP,WE,Federal Contract Tower,51,10,7,0,68,12,26,49,0,87,63,36,56,0,155,0,0,0,155
05/10/2004,KOA,HI,AWP,WE,Federal Contract Tower,46,9,6,2,63,10,55,65,0,130,56,64,71,2,193,242,54,296,489
05/11/2004,KOA,HI,AWP,WE,Federal Contract Tower,58,14,8,6,86,0,41,44,14,99,58,55,52,20,185,284,126,410,595
05/12/2004,KOA,HI,AWP,WE,Federal Contract Tower,58,15,10,6,89,0,47,47,6,100,58,62,57,12,189,224,82,306,495
05/13/2004,KOA,HI,AWP,WE,Federal Contract Tower,57,11,7,0,75,4,68,63,0,135,61,79,70,0,210,218,0,218,428
05/14/2004,KOA,HI,AWP,WE,Federal Contract Tower,63,13,8,4,88,2,45,36,0,83,65,58,44,4,171,246,44,290,461
05/15/2004,KOA,HI,AWP,WE,Federal Contract Tower,47,8,6,0,61,8,48,40,0,96,55,56,46,0,157,310,0,310,467
05/16/2004,KOA,HI,AWP,WE,Federal Contract Tower,58,10,7,0,75,3,53,64,0,120,61,63,71,0,195,44,0,44,239
05/17/2004,KOA,HI,AWP,WE,Federal Contract Tower,51,9,6,4,70,3,49,48,18,118,54,58,54,22,188,174,30,204,392
05/18/2004,KOA,HI,AWP,WE,Federal Contract Tower,57,10,7,4,78,1,45,59,0,105,58,55,66,4,183,256,0,256,439
05/19/2004,KOA,HI,AWP,WE,Federal Contract Tower,52,9,6,0,67,2,16,15,0,33,54,25,21,0,100,92,0,92,192
05/20/2004,KOA,HI,AWP,WE,Federal Contract Tower,57,11,8,6,82,0,71,51,10,132,57,82,59,16,214,218,76,294,508
05/21/2004,KOA,HI,AWP,WE,Federal Contract Tower,59,12,8,4,83,0,57,46,0,103,59,69,54,4,186,176,52,228,414
05/22/2004,KOA,HI,AWP,WE,Federal Contract Tower,51,9,6,0,66,2,60,34,0,96,53,69,40,0,162,128,0,128,290
05/23/2004,KOA,HI,AWP,WE,Federal Contract Tower,59,10,7,0,76,1,55,65,0,121,60,65,72,0,197,36,0,36,233
05/24/2004,KOA,HI,AWP,WE,Federal Contract Tower,54,11,6,0,71,1,70,38,0,109,55,81,44,0,180,142,0,142,322
05/25/2004,KOA,HI,AWP,WE,Federal Contract Tower,58,12,7,4,81,0,54,48,8,110,58,66,55,12,191,198,84,282,473
05/26/2004,KOA,HI,AWP,WE,Federal Contract Tower,59,12,8,5,84,0,46,52,1,99,59,58,60,6,183,246,52,298,481
05/27/2004,KOA,HI,AWP,WE,Federal Contract Tower,56,11,7,0,74,0,59,46,0,105,56,70,53,0,179,158,0,158,337
05/28/2004,KOA,HI,AWP,WE,Federal Contract Tower,68,15,10,6,99,0,54,72,0,126,68,69,82,6,225,132,68,200,425
05/29/2004,KOA,HI,AWP,WE,Federal Contract Tower,59,12,7,0,78,4,49,40,0,93,63,61,47,0,171,208,0,208,379
05/30/2004,KOA,HI,AWP,WE,Federal Contract Tower,57,11,7,0,75,1,39,56,0,96,58,50,63,0,171,82,0,82,253
05/31/2004,KOA,HI,AWP,WE,Federal Contract Tower,62,12,8,0,82,0,48,61,0,109,62,60,69,0,191,162,0,162,353
06/01/2004,KOA,HI,AWP,WE,Federal Contract Tower,58,15,9,6,88,0,48,49,20,117,58,63,58,26,205,184,68,252,457
06/02/2004,KOA,HI,AWP,WE,Federal Contract Tower,58,18,11,8,95,0,43,46,12,101,58,61,57,20,196,228,82,310,506
06/03/2004,KOA,HI,AWP,WE,Federal Contract Tower,57,14,10,4,85,1,59,50,0,110,58,73,60,4,195,158,14,172,367
06/04/2004,KOA,HI,AWP,WE,Federal Contract Tower,56,14,9,6,85,4,53,33,2,92,60,67,42,8,177,202,10,212,389
06/05/2004,KOA,HI,AWP,WE,Federal Contract Tower,51,13,8,2,74,3,39,35,0,77,54,52,43,2,151,129,22,151,302
06/06/2004,KOA,HI,AWP,WE,Federal Contract Tower,53,13,9,0,75,7,41,31,0,79,60,54,40,0,154,6,0,6,160
06/07/2004,KOA,HI,AWP,WE,Federal Contract Tower,58,16,10,8,92,0,55,67,6,128,58,71,77,14,220,162,42,204,424
06/08/2004,KOA,HI,AWP,WE,Federal Contract Tower,57,14,9,5,85,3,39,56,0,98,60,53,65,5,183,192,38,230,413
06/09/2004,KOA,HI,AWP,WE,Federal Contract Tower,60,20,11,10,101,0,44,47,8,99,60,64,58,18,200,266,136,402,602
06/10/2004,KOA,HI,AWP,WE,Federal Contract Tower,62,15,9,8,94,4,55,50,0,109,66,70,59,8,203,104,44,148,351
06/11/2004,KOA,HI,AWP,WE,Federal Contract Tower,62,14,9,2,87,10,47,47,0,104,72,61,56,2,191,140,0,140,331
06/12/2004,KOA,HI,AWP,WE,Federal Contract Tower,68,17,11,9,105,0,35,26,9,70,68,52,37,18,175,226,16,242,417
06/13/2004,KOA,HI,AWP,WE,Federal Contract Tower,64,15,9,4,92,4,35,55,0,94,68,50,64,4,186,10,0,10,196
06/14/2004,KOA,HI,AWP,WE,Federal Contract Tower,61,14,8,4,87,3,66,51,0,120,64,80,59,4,207,98,48,146,353
06/15/2004,KOA,HI,AWP,WE,Federal Contract Tower,68,16,9,9,102,2,56,41,3,102,70,72,50,12,204,228,88,316,520
06/16/2004,KOA,HI,AWP,WE,Federal Contract Tower,64,17,10,9,100,0,49,29,20,98,64,66,39,29,198,164,72,236,434
06/17/2004,KOA,HI,AWP,WE,Federal Contract Tower,60,13,8,4,85,6,54,45,0,105,66,67,53,4,190,40,0,40,230
06/18/2004,KOA,HI,AWP,WE,Federal Contract Tower,62,14,9,0,85,10,59,36,0,105,72,73,45,0,190,114,0,114,304
06/19/2004,KOA,HI,AWP,WE,Federal Contract Tower,65,15,10,6,96,0,47,36,0,83,65,62,46,6,179,68,66,134,313
06/20/2004,KOA,HI,AWP,WE,Federal Contract Tower,58,13,9,0,80,11,54,48,0,113,69,67,57,0,193,90,0,90,283
06/21/2004,KOA,HI,AWP,WE,Federal Contract Tower,62,14,8,2,86,2,45,60,0,107,64,59,68,2,193,60,14,74,267
06/22/2004,KOA,HI,AWP,WE,Federal Contract Tower,64,16,10,9,99,0,45,61,11,117,64,61,71,20,216,114,54,168,384
06/23/2004,KOA,HI,AWP,WE,Federal Contract Tower,64,20,12,9,105,0,40,59,15,114,64,60,71,24,219,160,96,256,475
06/24/2004,KOA,HI,AWP,WE,Federal Contract Tower,62,15,8,6,91,2,53,46,0,101,64,68,54,6,192,122,0,122,314
06/25/2004,KOA,HI,AWP,WE,Federal Contract Tower,66,16,9,7,98,3,51,36,9,99,69,67,45,16,197,98,46,144,341
06/26/2004,KOA,HI,AWP,WE,Federal Contract Tower,55,14,7,3,79,12,45,24,0,81,67,59,31,3,160,66,48,114,274
06/27/2004,KOA,HI,AWP,WE,Federal Contract Tower,60,15,8,3,86,7,51,77,0,135,67,66,85,3,221,40,0,40,261
06/28/2004,KOA,HI,AWP,WE,Federal Contract Tower,65,18,10,8,101,0,48,64,4,116,65,66,74,12,217,174,64,238,455
06/29/2004,KOA,HI,AWP,WE,Federal Contract Tower,64,16,9,6,95,3,47,62,0,112,67,63,71,6,207,216,64,280,487
06/30/2004,KOA,HI,AWP,WE,Federal Contract Tower,65,17,9,8,99,0,46,57,8,111,65,63,66,16,210,192,106,298,508
07/01/2004,KOA,HI,AWP,WE,Federal Contract Tower,66,16,8,6,96,0,60,61,18,139,66,76,69,24,235,165,96,261,496
07/02/2004,KOA,HI,AWP,WE,Federal Contract Tower,69,17,8,6,100,2,55,36,0,93,71,72,44,6,193,66,34,100,293
07/03/2004,KOA,HI,AWP,WE,Federal Contract Tower,65,15,8,0,88,0,44,41,0,85,65,59,49,0,173,128,0,128,301
07/04/2004,KOA,HI,AWP,WE,Federal Contract Tower,60,15,7,0,82,10,35,39,0,84,70,50,46,0,166,84,0,84,250
07/05/2004,KOA,HI,AWP,WE,Federal Contract Tower,60,15,8,0,83,0,76,52,0,128,60,91,60,0,211,214,0,214,425
07/06/2004,KOA,HI,AWP,WE,Federal Contract Tower,64,17,8,6,95,0,42,59,0,101,64,59,67,6,196,212,82,294,490
07/07/2004,KOA,HI,AWP,WE,Federal Contract Tower,61,15,6,6,88,3,51,37,4,95,64,66,43,10,183,230,66,296,479
07/08/2004,KOA,HI,AWP,WE,Federal Contract Tower,60,15,6,0,81,4,49,58,0,111,64,64,64,0,192,220,0,220,412
07/09/2004,KOA,HI,AWP,WE,Federal Contract Tower,62,15,7,0,84,8,54,43,0,105,70,69,50,0,189,114,0,114,303
07/10/2004,KOA,HI,AWP,WE,Federal Contract Tower,63,15,7,0,85,2,58,44,0,104,65,73,51,0,189,254,0,254,443
07/11/2004,KOA,HI,AWP,WE,Federal Contract Tower,63,15,7,0,85,5,57,62,0,124,68,72,69,0,209,204,0,204,413
07/12/2004,KOA,HI,AWP,WE,Federal Contract Tower,64,16,7,7,94,0,58,42,9,109,64,74,49,16,203,184,64,248,451
07/13/2004,KOA,HI,AWP,WE,Federal Contract Tower,63,17,8,8,96,0,31,28,6,65,63,48,36,14,161,222,36,258,419
07/14/2004,KOA,HI,AWP,WE,Federal Contract Tower,64,15,7,7,93,0,58,54,3,115,64,73,61,10,208,304,76,380,588
07/15/2004,KOA,HI,AWP,WE,Federal Contract Tower,64,17,8,7,96,0,50,48,13,111,64,67,56,20,207,244,78,322,529
07/16/2004,KOA,HI,AWP,WE,Federal Contract Tower,66,15,7,5,93,4,60,39,0,103,70,75,46,5,196,264,2,266,462
07/17/2004,KOA,HI,AWP,WE,Federal Contract Tower,61,13,6,6,86,4,57,40,0,101,65,70,46,6,187,236,26,262,449
07/18/2004,KOA,HI,AWP,WE,Federal Contract Tower,62,14,6,0,82,7,49,53,0,109,69,63,59,0,191,114,0,114,305
07/19/2004,KOA,HI,AWP,WE,Federal Contract Tower,58,13,6,4,81,4,68,53,0,125,62,81,59,4,206,208,32,240,446
07/20/2004,KOA,HI,AWP,WE,Federal Contract Tower,65,15,7,7,94,0,48,52,5,105,65,63,59,12,199,212,0,212,411
07/21/2004,KOA,HI,AWP,WE,Federal Contract Tower,65,14,7,7,93,0,55,58,3,116,65,69,65,10,209,272,0,272,481
07/22/2004,KOA,HI,AWP,WE,Federal Contract Tower,65,16,8,7,96,0,45,51,7,103,65,61,59,14,199,172,56,228,427
07/23/2004,KOA,HI,AWP,WE,Federal Contract Tower,65,14,6,2,87,5,56,49,0,110,70,70,55,2,197,222,0,222,419
07/24/2004,KOA,HI,AWP,WE,Federal Contract Tower,63,15,7,4,89,2,43,22,0,67,65,58,29,4,156,80,0,80,236
07/25/2004,KOA,HI,AWP,WE,Federal Contract Tower,61,14,6,0,81,5,53,48,0,106,66,67,54,0,187,148,0,148,335
07/26/2004,KOA,HI,AWP,WE,Federal Contract Tower,62,15,7,5,89,0,55,54,5,114,62,70,61,10,203,194,62,256,459
07/27/2004,KOA,HI,AWP,WE,Federal Contract Tower,64,19,8,7,98,0,33,52,17,102,64,52,60,24,200,242,136,378,578
07/28/2004,KOA,HI,AWP,WE,Federal Contract Tower,64,15,7,6,92,0,50,35,4,89,64,65,42,10,181,202,108,310,491
07/29/2004,KOA,HI,AWP,WE,Federal Contract Tower,58,13,6,4,81,6,60,57,0,123,64,73,63,4,204,206,36,242,446
07/30/2004,KOA,HI,AWP,WE,Federal Contract Tower,67,15,7,6,95,3,57,51,1,112,70,72,58,7,207,126,2,128,335
07/31/2004,KOA,HI,AWP,WE,Federal Contract Tower,64,15,7,5,91,1,46,36,1,84,65,61,43,6,175,156,0,156,331
08/01/2004,KOA,HI,AWP,WE,Federal Contract Tower,58,15,8,0,81,10,48,53,0,111,68,63,61,0,192,32,0,32,224
08/02/2004,KOA,HI,AWP,WE,Federal Contract Tower,62,18,9,8,97,0,62,54,4,120,62,80,63,12,217,202,24,226,443
08/03/2004,KOA,HI,AWP,WE,Federal Contract Tower,64,18,9,9,100,0,26,19,5,50,64,44,28,14,150,146,62,208,358
08/04/2004,KOA,HI,AWP,WE,Federal Contract Tower,66,17,9,8,100,1,66,57,2,126,67,83,66,10,226,258,84,342,568
08/05/2004,KOA,HI,AWP,WE,Federal Contract Tower,59,16,8,6,89,7,62,47,0,116,66,78,55,6,205,230,0,230,435
08/06/2004,KOA,HI,AWP,WE,Federal Contract Tower,66,18,9,8,101,6,55,51,14,126,72,73,60,22,227,266,54,320,547
08/07/2004,KOA,HI,AWP,WE,Federal Contract Tower,64,17,9,8,98,0,67,39,2,108,64,84,48,10,206,306,10,316,522
08/08/2004,KOA,HI,AWP,WE,Federal Contract Tower,59,16,8,2,85,12,52,40,0,104,71,68,48,2,189,112,4,116,305
08/09/2004,KOA,HI,AWP,WE,Federal Contract Tower,58,15,8,6,87,4,72,34,0,110,62,87,42,6,197,230,32,262,459
08/10/2004,KOA,HI,AWP,WE,Federal Contract Tower,67,21,10,10,108,0,41,53,14,108,67,62,63,24,216,256,92,348,564
08/11/2004,KOA,HI,AWP,WE,Federal Contract Tower,66,21,11,10,108,0,29,63,16,108,66,50,74,26,216,306,142,448,664
08/12/2004,KOA,HI,AWP,WE,Federal Contract Tower,62,16,8,8,94,4,57,60,1,122,66,73,68,9,216,198,38,236,452
08/13/2004,KOA,HI,AWP,WE,Federal Contract Tower,65,17,9,8,99,5,32,49,6,92,70,49,58,14,191,248,38,286,477
08/14/2004,KOA,HI,AWP,WE,Federal Contract Tower,58,15,8,0,81,7,51,48,0,106,65,66,56,0,187,238,0,238,425
08/15/2004,KOA,HI,AWP,WE,Federal Contract Tower,58,16,8,0,82,9,44,52,0,105,67,60,60,0,187,82,0,82,269
08/16/2004,KOA,HI,AWP,WE,Federal Contract Tower,62,18,9,9,98,0,51,64,3,118,62,69,73,12,216,278,46,324,540
08/17/2004,KOA,HI,AWP,WE,Federal Contract Tower,65,21,9,11,106,0,51,56,13,120,65,72,65,24,226,226,120,346,572
08/18/2004,KOA,HI,AWP,WE,Federal Contract Tower,64,20,10,11,105,0,20,41,7,68,64,40,51,18,173,264,108,372,545
08/19/2004,KOA,HI,AWP,WE,Federal Contract Tower,69,17,8,10,104,2,68,61,5,136,71,85,69,15,240,206,34,240,480
08/20/2004,KOA,HI,AWP,WE,Federal Contract Tower,65,16,8,6,95,5,54,42,0,101,70,70,50,6,196,190,0,190,386
08/21/2004,KOA,HI,AWP,WE,Federal Contract Tower,62,15,7,0,84,4,30,48,0,82,66,45,55,0,166,139,0,139,305
08/22/2004,KOA,HI,AWP,WE,Federal Contract Tower,64,15,8,0,87,6,52,63,0,121,70,67,71,0,208,218,0,218,426
08/23/2004,KOA,HI,AWP,WE,Federal Contract Tower,60,17,8,8,93,0,59,69,0,128,60,76,77,8,221,136,24,160,381
08/24/2004,KOA,HI,AWP,WE,Federal Contract Tower,64,15,8,8,95,0,49,44,0,93,64,64,52,8,188,208,56,264,452
08/25/2004,KOA,HI,AWP,WE,Federal Contract Tower,63,16,8,8,95,0,40,66,0,106,63,56,74,8,201,266,58,324,525
08/26/2004,KOA,HI,AWP,WE,Federal Contract Tower,62,16,7,9,94,0,49,46,5,100,62,65,53,14,194,198,48,246,440
08/27/2004,KOA,HI,AWP,WE,Federal Contract Tower,68,17,8,9,102,2,45,48,0,95,70,62,56,9,197,228,20,248,445
08/28/2004,KOA,HI,AWP,WE,Federal Contract Tower,59,15,7,2,83,4,47,39,0,90,63,62,46,2,173,254,36,290,463
08/29/2004,KOA,HI,AWP,WE,Federal Contract Tower,66,17,8,9,100,0,40,38,9,87,66,57,46,18,187,152,0,152,339
08/30/2004,KOA,HI,AWP,WE,Federal Contract Tower,61,16,7,8,92,0,42,43,6,91,61,58,50,14,183,132,62,194,377
08/31/2004,KOA,HI,AWP,WE,Federal Contract Tower,59,15,7,0,81,3,42,43,0,88,62,57,50,0,169,186,0,186,355
09/01/2004,KOA,HI,AWP,WE,Federal Contract Tower,57,18,8,4,87,6,45,53,0,104,63,63,61,4,191,254,22,276,467
09/02/2004,KOA,HI,AWP,WE,Federal Contract Tower,62,23,10,12,107,0,34,64,22,120,62,57,74,34,227,174,102,276,503
09/03/2004,KOA,HI,AWP,WE,Federal Contract Tower,63,20,8,6,97,5,39,37,0,81,68,59,45,6,178,162,40,202,380
09/04/2004,KOA,HI,AWP,WE,Federal Contract Tower,55,18,7,2,82,9,25,23,0,57,64,43,30,2,139,146,18,164,303
09/05/2004,KOA,HI,AWP,WE,Federal Contract Tower,55,17,7,0,79,11,27,27,0,65,66,44,34,0,144,88,0,88,232
09/06/2004,KOA,HI,AWP,WE,Federal Contract Tower,58,19,8,5,90,2,41,52,0,95,60,60,60,5,185,92,0,92,277
09/07/2004,KOA,HI,AWP,WE,Federal Contract Tower,58,18,8,9,93,0,48,50,3,101,58,66,58,12,194,224,42,266,460
09/08/2004,KOA,HI,AWP,WE,Federal Contract Tower,57,19,8,9,93,0,41,48,1,90,57,60,56,10,183,272,46,318,501
09/09/2004,KOA,HI,AWP,WE,Federal Contract Tower,55,18,7,9,89,1,49,52,9,111,56,67,59,18,200,268,60,328,528
09/10/2004,KOA,HI,AWP,WE,Federal Contract Tower,54,17,7,8,86,4,40,55,0,99,58,57,62,8,185,258,52,310,495
09/11/2004,KOA,HI,AWP,WE,Federal Contract Tower,50,15,7,4,76,4,31,32,0,67,54,46,39,4,143,130,50,180,323
09/12/2004,KOA,HI,AWP,WE,Federal Contract Tower,46,15,6,0,67,9,44,64,0,117,55,59,70,0,184,62,0,62,246
09/13/2004,KOA,HI,AWP,WE,Federal Contract Tower,58,18,8,0,84,1,69,78,0,148,59,87,86,0,232,274,0,274,506
09/14/2004,KOA,HI,AWP,WE,Federal Contract Tower,60,29,11,16,116,0,37,54,46,137,60,66,65,62,253,314,164,478,731
09/15/2004,KOA,HI,AWP,WE,Federal Contract Tower,55,17,6,10,88,4,43,46,0,93,59,60,52,10,181,182,74,256,437
09/16/2004,KOA,HI,AWP,WE,Federal Contract Tower,56,17,6,9,88,0,34,34,0,68,56,51,40,9,156,230,50,280,436
09/17/2004,KOA,HI,AWP,WE,Federal Contract Tower,58,17,7,10,92,0,30,42,0,72,58,47,49,10,164,162,2,164,328
09/18/2004,KOA,HI,AWP,WE,Federal Contract Tower,50,14,6,9,79,5,39,50,1,95,55,53,56,10,174,112,0,112,286
09/19/2004,KOA,HI,AWP,WE,Federal Contract Tower,47,14,5,0,66,7,30,42,0,79,54,44,47,0,145,48,0,48,193
09/20/2004,KOA,HI,AWP,WE,Federal Contract Tower,56,19,7,12,94,0,49,42,24,115,56,68,49,36,209,245,80,325,534
09/21/2004,KOA,HI,AWP,WE,Federal Contract Tower,58,17,7,10,92,0,36,37,4,77,58,53,44,14,169,186,24,210,379
09/22/2004,KOA,HI,AWP,WE,Federal Contract Tower,56,17,7,10,90,0,40,38,4,82,56,57,45,14,172,146,34,180,352
09/23/2004,KOA,HI,AWP,WE,Federal Contract Tower,60,19,7,9,95,0,41,53,17,111,60,60,60,26,206,228,28,256,462
09/24/2004,KOA,HI,AWP,WE,Federal Contract Tower,57,19,7,10,93,0,39,37,10,86,57,58,44,20,179,142,28,170,349
09/25/2004,KOA,HI,AWP,WE,Federal Contract Tower,49,16,5,8,78,5,32,31,2,70,54,48,36,10,148,126,0,126,274
09/26/2004,KOA,HI,AWP,WE,Federal Contract Tower,47,15,5,8,75,7,33,53,4,97,54,48,58,12,172,62,24,86,258
09/27/2004,KOA,HI,AWP,WE,Federal Contract Tower,56,23,8,11,98,0,48,46,17,111,56,71,54,28,209,58,42,100,309
09/28/2004,KOA,HI,AWP,WE,Federal Contract Tower,56,18,7,9,90,0,33,31,3,67,56,51,38,12,157,166,24,190,347
09/29/2004,KOA,HI,AWP,WE,Federal Contract Tower,56,17,6,0,79,4,34,49,0,87,60,51,55,0,166,202,0,202,368
09/30/2004,KOA,HI,AWP,WE,Federal Contract Tower,54,17,6,2,79,3,49,57,0,109,57,66,63,2,188,98,12,110,298
10/01/2004,KOA,HI,AWP,WE,Federal Contract Tower,56,20,3,1,80,0,44,55,0,99,56,64,58,1,179,198,0,198,377
10/02/2004,KOA,HI,AWP,WE,Federal Contract Tower,55,19,7,4,85,0,33,25,2,60,55,52,32,6,145,182,6,188,333
10/03/2004,KOA,HI,AWP,WE,Federal Contract Tower,55,15,2,9,81,0,45,68,1,114,55,60,70,10,195,92,36,128,323
10/04/2004,KOA,HI,AWP,WE,Federal Contract Tower,56,21,2,24,103,0,46,50,4,100,56,67,52,28,203,124,72,196,399
10/05/2004,KOA,HI,AWP,WE,Federal Contract Tower,58,23,2,18,101,0,29,51,0,80,58,52,53,18,181,212,44,256,437
10/06/2004,KOA,HI,AWP,WE,Federal Contract Tower,58,22,6,38,124,0,36,41,0,77,58,58,47,38,201,156,90,246,447
10/07/2004,KOA,HI,AWP,WE,Federal Contract Tower,57,19,6,19,101,0,61,60,3,124,57,80,66,22,225,218,0,218,443
10/08/2004,KOA,HI,AWP,WE,Federal Contract Tower,56,23,2,9,90,0,45,55,9,109,56,68,57,18,199,226,0,226,425
10/09/2004,KOA,HI,AWP,WE,Federal Contract Tower,57,19,2,3,81,0,39,39,1,79,57,58,41,4,160,234,0,234,394
10/10/2004,KOA,HI,AWP,WE,Federal Contract Tower,55,20,8,2,85,0,42,44,0,86,55,62,52,2,171,32,0,32,203
10/11/2004,KOA,HI,AWP,WE,Federal Contract Tower,58,19,1,0,78,0,42,48,0,90,58,61,49,0,168,234,0,234,402
10/12/2004,KOA,HI,AWP,WE,Federal Contract Tower,60,24,8,12,104,0,44,55,0,99,60,68,63,12,203,162,98,260,463
10/13/2004,KOA,HI,AWP,WE,Federal Contract Tower,57,23,6,22,108,0,42,32,0,74,57,65,38,22,182,162,88,250,432
10/14/2004,KOA,HI,AWP,WE,Federal Contract Tower,55,23,5,4,87,0,38,44,18,100,55,61,49,22,187,178,38,216,403
10/15/2004,KOA,HI,AWP,WE,Federal Contract Tower,58,22,7,0,87,0,44,55,0,99,58,66,62,0,186,184,0,184,370
10/16/2004,KOA,HI,AWP,WE,Federal Contract Tower,56,17,6,0,79,0,47,51,0,98,56,64,57,0,177,18,0,18,195
10/17/2004,KOA,HI,AWP,WE,Federal Contract Tower,54,14,9,0,77,0,56,57,0,113,54,70,66,0,190,102,0,102,292
10/18/2004,KOA,HI,AWP,WE,Federal Contract Tower,56,19,8,6,89,0,57,57,0,114,56,76,65,6,203,246,18,264,467
10/19/2004,KOA,HI,AWP,WE,Federal Contract Tower,58,21,10,22,111,0,37,46,0,83,58,58,56,22,194,246,78,324,518
10/20/2004,KOA,HI,AWP,WE,Federal Contract Tower,64,16,3,16,99,0,51,61,0,112,64,67,64,16,211,278,114,392,603
10/21/2004,KOA,HI,AWP,WE,Federal Contract Tower,64,20,3,14,101,0,46,41,0,87,64,66,44,14,188,308,85,393,581
10/22/2004,KOA,HI,AWP,WE,Federal Contract Tower,60,21,0,2,83,4,29,33,4,70,64,50,33,6,153,270,20,290,443
10/23/2004,KOA,HI,AWP,WE,Federal Contract Tower,55,20,5,0,80,6,50,55,2,113,61,70,60,2,193,316,0,316,509
10/24/2004,KOA,HI,AWP,WE,Federal Contract Tower,55,17,7,0,79,0,32,31,0,63,55,49,38,0,142,274,0,274,416
10/25/2004,KOA,HI,AWP,WE,Federal Contract Tower,61,24,2,2,89,10,40,64,0,114,71,64,66,2,203,156,48,204,407
10/26/2004,KOA,HI,AWP,WE,Federal Contract Tower,60,20,4,18,102,0,41,38,0,79,60,61,42,18,181,178,64,242,423
10/27/2004,KOA,HI,AWP,WE,Federal Contract Tower,60,21,6,22,109,0,10,47,0,57,60,31,53,22,166,296,62,358,524
10/28/2004,KOA,HI,AWP,WE,Federal Contract Tower,58,20,3,11,92,0,43,36,9,88,58,63,39,20,180,220,82,302,482
10/29/2004,KOA,HI,AWP,WE,Federal Contract Tower,58,22,2,0,82,0,37,19,0,56,58,59,21,0,138,102,0,102,240
10/30/2004,KOA,HI,AWP,WE,Federal Contract Tower,56,20,4,0,80,0,30,34,0,64,56,50,38,0,144,200,0,200,344
10/31/2004,KOA,HI,AWP,WE,Federal Contract Tower,55,19,11,0,85,0,50,37,0,87,55,69,48,0,172,96,0,96,268
11/01/2004,KOA,HI,AWP,WE,Federal Contract Tower,59,19,6,16,100,0,55,49,2,106,59,74,55,18,206,112,62,174,380
11/02/2004,KOA,HI,AWP,WE,Federal Contract Tower,56,22,6,9,93,0,45,60,0,105,56,67,66,9,198,308,40,348,546
11/03/2004,KOA,HI,AWP,WE,Federal Contract Tower,54,24,4,40,122,0,60,54,0,114,54,84,58,40,236,272,96,368,604
11/04/2004,KOA,HI,AWP,WE,Federal Contract Tower,55,23,5,20,103,0,43,41,12,96,55,66,46,32,199,230,82,312,511
11/05/2004,KOA,HI,AWP,WE,Federal Contract Tower,55,28,5,0,88,0,27,29,0,56,55,55,34,0,144,150,0,150,294
11/06/2004,KOA,HI,AWP,WE,Federal Contract Tower,55,22,3,0,80,0,25,24,0,49,55,47,27,0,129,130,0,130,259
11/07/2004,KOA,HI,AWP,WE,Federal Contract Tower,54,16,5,0,75,0,32,46,0,78,54,48,51,0,153,192,0,192,345
11/08/2004,KOA,HI,AWP,WE,Federal Contract Tower,56,22,7,11,96,0,42,40,0,82,56,64,47,11,178,104,84,188,366
11/09/2004,KOA,HI,AWP,WE,Federal Contract Tower,56,22,6,12,96,0,46,56,2,104,56,68,62,14,200,196,102,298,498
11/10/2004,KOA,HI,AWP,WE,Federal Contract Tower,58,21,4,10,93,0,42,42,0,84,58,63,46,10,177,164,52,216,393
11/11/2004,KOA,HI,AWP,WE,Federal Contract Tower,55,18,6,0,79,0,44,34,8,86,55,62,40,8,165,176,0,176,341
11/12/2004,KOA,HI,AWP,WE,Federal Contract Tower,54,23,15,2,94,0,68,70,0,138,54,91,85,2,232,232,32,264,496
11/13/2004,KOA,HI,AWP,WE,Federal Contract Tower,55,20,10,0,85,0,42,42,0,84,55,62,52,0,169,216,0,216,385
11/14/2004,KOA,HI,AWP,WE,Federal Contract Tower,54,25,11,0,90,0,48,31,0,79,54,73,42,0,169,114,0,114,283
11/15/2004,KOA,HI,AWP,WE,Federal Contract Tower,55,22,10,2,89,0,23,38,1,62,55,45,48,3,151,168,42,210,361
11/16/2004,KOA,HI,AWP,WE,Federal Contract Tower,54,25,4,6,89,4,44,55,4,107,58,69,59,10,196,198,128,326,522
11/17/2004,KOA,HI,AWP,WE,Federal Contract Tower,58,23,10,26,117,0,39,58,2,99,58,62,68,28,216,236,68,304,520
11/18/2004,KOA,HI,AWP,WE,Federal Contract Tower,55,22,8,3,88,0,38,42,3,83,55,60,50,6,171,226,10,236,407
11/19/2004,KOA,HI,AWP,WE,Federal Contract Tower,55,21,14,0,90,0,32,26,0,58,55,53,40,0,148,184,0,184,332
11/20/2004,KOA,HI,AWP,WE,Federal Contract Tower,55,19,10,0,84,0,28,61,0,89,55,47,71,0,173,238,0,238,411
11/21/2004,KOA,HI,AWP,WE,Federal Contract Tower,55,18,2,0,75,0,50,36,0,86,55,68,38,0,161,132,0,132,293
11/22/2004,KOA,HI,AWP,WE,Federal Contract Tower,56,24,5,0,85,0,42,61,0,103,56,66,66,0,188,282,0,282,470
11/23/2004,KOA,HI,AWP,WE,Federal Contract Tower,57,25,6,0,88,0,39,44,0,83,57,64,50,0,171,142,0,142,313
11/24/2004,KOA,HI,AWP,WE,Federal Contract Tower,58,24,5,2,89,0,49,48,4,101,58,73,53,6,190,190,60,250,440
11/25/2004,KOA,HI,AWP,WE,Federal Contract Tower,54,20,6,0,80,0,36,47,0,83,54,56,53,0,163,122,0,122,285
11/26/2004,KOA,HI,AWP,WE,Federal Contract Tower,51,21,3,0,75,0,51,62,0,113,51,72,65,0,188,222,0,222,410
11/27/2004,KOA,HI,AWP,WE,Federal Contract Tower,55,19,12,0,86,0,49,24,0,73,55,68,36,0,159,156,0,156,315
11/28/2004,KOA,HI,AWP,WE,Federal Contract Tower,56,26,19,0,101,0,47,41,0,88,56,73,60,0,189,124,0,124,313
11/29/2004,KOA,HI,AWP,WE,Federal Contract Tower,57,25,10,1,93,0,49,54,1,104,57,74,64,2,197,236,26,262,459
11/30/2004,KOA,HI,AWP,WE,Federal Contract Tower,57,24,3,12,96,0,49,53,0,102,57,73,56,12,198,226,42,268,466
12/01/2004,KOA,HI,AWP,WE,Federal Contract Tower,55,21,8,10,94,0,46,37,6,89,55,67,45,16,183,204,94,298,481
12/02/2004,KOA,HI,AWP,WE,Federal Contract Tower,57,28,6,10,101,0,35,56,8,99,57,63,62,18,200,228,64,292,492
12/03/2004,KOA,HI,AWP,WE,Federal Contract Tower,55,23,1,2,81,0,38,31,0,69,55,61,32,2,150,192,8,200,350
12/04/2004,KOA,HI,AWP,WE,Federal Contract Tower,58,19,3,0,80,0,26,26,0,52,58,45,29,0,132,260,0,260,392
12/05/2004,KOA,HI,AWP,WE,Federal Contract Tower,57,19,13,1,90,0,48,50,0,98,57,67,63,1,188,104,0,104,292
12/06/2004,KOA,HI,AWP,WE,Federal Contract Tower,57,31,4,10,102,0,57,48,0,105,57,88,52,10,207,212,72,284,491
12/07/2004,KOA,HI,AWP,WE,Federal Contract Tower,55,28,6,10,99,0,35,39,4,78,55,63,45,14,177,244,38,282,459
12/08/2004,KOA,HI,AWP,WE,Federal Contract Tower,55,27,7,0,89,0,28,50,0,78,55,55,57,0,167,224,0,224,391
12/09/2004,KOA,HI,AWP,WE,Federal Contract Tower,55,24,3,4,86,0,36,30,2,68,55,60,33,6,154,154,54,208,362
12/10/2004,KOA,HI,AWP,WE,Federal Contract Tower,55,27,2,0,84,0,30,12,0,42,55,57,14,0,126,0,0,0,126
12/11/2004,KOA,HI,AWP,WE,Federal Contract Tower,56,23,4,0,83,0,32,62,0,94,56,55,66,0,177,238,0,238,415
12/12/2004,KOA,HI,AWP,WE,Federal Contract Tower,54,16,11,0,81,0,37,36,0,73,54,53,47,0,154,202,0,202,356
12/13/2004,KOA,HI,AWP,WE,Federal Contract Tower,55,28,4,4,91,0,36,41,4,81,55,64,45,8,172,162,84,246,418
12/14/2004,KOA,HI,AWP,WE,Federal Contract Tower,55,24,4,20,103,0,35,42,0,77,55,59,46,20,180,212,162,374,554
12/15/2004,KOA,HI,AWP,WE,Federal Contract Tower,55,35,6,2,98,0,32,47,0,79,55,67,53,2,177,174,2,176,353
12/16/2004,KOA,HI,AWP,WE,Federal Contract Tower,55,31,6,0,92,0,50,42,0,92,55,81,48,0,184,204,0,204,388
12/17/2004,KOA,HI,AWP,WE,Federal Contract Tower,60,33,16,2,111,0,26,39,2,67,60,59,55,4,178,196,0,196,374
12/18/2004,KOA,HI,AWP,WE,Federal Contract Tower,61,27,11,8,107,0,31,43,2,76,61,58,54,10,183,186,0,186,369
12/19/2004,KOA,HI,AWP,WE,Federal Contract Tower,59,21,15,6,101,0,34,62,0,96,59,55,77,6,197,164,0,164,361
12/20/2004,KOA,HI,AWP,WE,Federal Contract Tower,58,40,11,8,117,0,25,33,0,58,58,65,44,8,175,220,48,268,443
12/21/2004,KOA,HI,AWP,WE,Federal Contract Tower,58,30,9,22,119,0,22,67,0,89,58,52,76,22,208,184,46,230,438
12/22/2004,KOA,HI,AWP,WE,Federal Contract Tower,59,32,10,28,129,2,31,39,0,72,61,63,49,28,201,216,106,322,523
12/23/2004,KOA,HI,AWP,WE,Federal Contract Tower,58,25,12,0,95,0,55,40,0,95,58,80,52,0,190,146,0,146,336
12/24/2004,KOA,HI,AWP,WE,Federal Contract Tower,58,30,8,0,96,0,37,29,0,66,58,67,37,0,162,90,0,90,252
12/25/2004,KOA,HI,AWP,WE,Federal Contract Tower,59,16,8,0,83,0,18,19,0,37,59,34,27,0,120,48,0,48,168
12/26/2004,KOA,HI,AWP,WE,Federal Contract Tower,63,28,21,0,112,0,50,43,0,93,63,78,64,0,205,16,0,16,221
12/27/2004,KOA,HI,AWP,WE,Federal Contract Tower,61,28,23,0,112,0,47,25,0,72,61,75,48,0,184,86,0,86,270
12/28/2004,KOA,HI,AWP,WE,Federal Contract Tower,56,22,10,0,88,0,32,50,0,82,56,54,60,0,170,250,0,250,420
12/29/2004,KOA,HI,AWP,WE,Federal Contract Tower,63,23,11,6,103,0,33,38,0,71,63,56,49,6,174,252,56,308,482
12/30/2004,KOA,HI,AWP,WE,Federal Contract Tower,58,23,14,0,95,0,34,22,0,56,58,57,36,0,151,120,0,120,271
12/31/2004,KOA,HI,AWP,WE,Federal Contract Tower,62,22,23,0,107,0,58,60,0,118,62,80,83,0,225,72,0,72,297
01/01/2005,KOA,HI,AWP,WE,Federal Contract Tower,59,23,44,0,126,0,47,30,0,77,59,70,74,0,203,82,0,82,285
01/02/2005,KOA,HI,AWP,WE,Federal Contract Tower,65,39,38,0,142,0,47,36,0,83,65,86,74,0,225,72,0,72,297
01/03/2005,KOA,HI,AWP,WE,Federal Contract Tower,63,32,12,2,109,0,39,43,2,84,63,71,55,4,193,84,0,84,277
01/04/2005,KOA,HI,AWP,WE,Federal Contract Tower,58,26,11,16,111,0,0,0,0,0,58,26,11,16,111,260,94,354,465
01/05/2005,KOA,HI,AWP,WE,Federal Contract Tower,60,28,7,0,95,0,35,32,0,67,60,63,39,0,162,242,0,242,404
01/06/2005,KOA,HI,AWP,WE,Federal Contract Tower,56,26,16,0,98,0,43,18,0,61,56,69,34,0,159,280,0,280,439
01/07/2005,KOA,HI,AWP,WE,Federal Contract Tower,59,26,12,0,97,0,67,70,0,137,59,93,82,0,234,258,0,258,492
01/08/2005,KOA,HI,AWP,WE,Federal Contract Tower,60,21,4,0,85,0,31,26,0,57,60,52,30,0,142,140,0,140,282
01/09/2005,KOA,HI,AWP,WE,Federal Contract Tower,53,28,4,0,85,0,10,6,0,16,53,38,10,0,101,0,0,0,101
01/10/2005,KOA,HI,AWP,WE,Federal Contract Tower,59,31,7,3,100,0,12,61,5,78,59,43,68,8,178,64,0,64,242
01/11/2005,KOA,HI,AWP,WE,Federal Contract Tower,60,26,9,32,127,0,39,34,0,73,60,65,43,32,200,282,114,396,596
01/12/2005,KOA,HI,AWP,WE,Federal Contract Tower,59,6,6,12,83,0,90,65,12,167,59,96,71,24,250,252,73,325,575
01/13/2005,KOA,HI,AWP,WE,Federal Contract Tower,59,18,5,17,99,0,36,21,8,65,59,54,26,25,164,156,106,262,426
01/14/2005,KOA,HI,AWP,WE,Federal Contract Tower,58,26,4,7,95,0,40,20,5,65,58,66,24,12,160,126,56,182,342
01/15/2005,KOA,HI,AWP,WE,Federal Contract Tower,62,29,5,0,96,0,92,56,0,148,62,121,61,0,244,208,0,208,452
01/16/2005,KOA,HI,AWP,WE,Federal Contract Tower,54,18,9,0,81,0,39,47,0,86,54,57,56,0,167,158,0,158,325
01/17/2005,KOA,HI,AWP,WE,Federal Contract Tower,60,26,8,0,94,0,44,50,0,94,60,70,58,0,188,240,0,240,428
01/18/2005,KOA,HI,AWP,WE,Federal Contract Tower,57,27,11,28,123,0,31,32,0,63,57,58,43,28,186,232,66,298,484
01/19/2005,KOA,HI,AWP,WE,Federal Contract Tower,61,23,7,24,115,0,39,41,0,80,61,62,48,24,195,236,110,346,541
01/20/2005,KOA,HI,AWP,WE,Federal Contract Tower,58,27,6,17,108,0,43,40,11,94,58,70,46,28,202,182,118,300,502
01/21/2005,KOA,HI,AWP,WE,Federal Contract Tower,58,24,3,4,89,0,32,14,2,48,58,56,17,6,137,162,92,254,391
01/22/2005,KOA,HI,AWP,WE,Federal Contract Tower,61,21,6,0,88,0,47,48,0,95,61,68,54,0,183,268,0,268,451
01/23/2005,KOA,HI,AWP,WE,Federal Contract Tower,55,17,7,0,79,0,46,40,0,86,55,63,47,0,165,64,0,64,229
01/24/2005,KOA,HI,AWP,WE,Federal Contract Tower,60,20,8,17,105,0,44,33,0,77,60,64,41,17,182,174,92,266,448
01/25/2005,KOA,HI,AWP,WE,Federal Contract Tower,57,16,4,18,95,0,40,44,0,84,57,56,48,18,179,218,134,352,531
01/26/2005,KOA,HI,AWP,WE,Federal Contract Tower,60,14,3,16,93,0,48,44,0,92,60,62,47,16,185,162,118,280,465
01/27/2005,KOA,HI,AWP,WE,Federal Contract Tower,57,26,0,4,87,0,28,46,4,78,57,54,46,8,165,132,62,194,359
01/28/2005,KOA,HI,AWP,WE,Federal Contract Tower,59,23,8,0,90,0,37,13,0,50,59,60,21,0,140,152,0,152,292
01/29/2005,KOA,HI,AWP,WE,Federal Contract Tower,60,19,8,1,88,0,32,34,1,67,60,51,42,2,155,108,0,108,263
01/30/2005,KOA,HI,AWP,WE,Federal Contract Tower,56,17,6,0,79,0,50,36,0,86,56,67,42,0,165,46,0,46,211
01/31/2005,KOA,HI,AWP,WE,Federal Contract Tower,57,22,5,8,92,0,44,46,0,90,57,66,51,8,182,186,34,220,402
02/01/2005,KOA,HI,AWP,WE,Federal Contract Tower,58,19,10,24,111,0,17,19,0,36,58,36,29,24,147,172,56,228,375
02/02/2005,KOA,HI,AWP,WE,Federal Contract Tower,60,28,38,0,126,0,28,25,0,53,60,56,63,0,179,236,0,236,415
02/03/2005,KOA,HI,AWP,WE,Federal Contract Tower,60,27,8,7,102,0,35,42,0,77,60,62,50,7,179,188,130,318,497
02/04/2005,KOA,HI,AWP,WE,Federal Contract Tower,59,21,2,3,85,0,21,21,1,43,59,42,23,4,128,174,14,188,316
02/05/2005,KOA,HI,AWP,WE,Federal Contract Tower,58,20,2,4,84,0,39,37,2,78,58,59,39,6,162,192,0,192,354
02/06/2005,KOA,HI,AWP,WE,Federal Contract Tower,58,15,10,0,83,0,41,37,0,78,58,56,47,0,161,174,0,174,335
02/07/2005,KOA,HI,AWP,WE,Federal Contract Tower,70,19,4,2,95,0,60,51,6,117,70,79,55,8,212,208,22,230,442
02/08/2005,KOA,HI,AWP,WE,Federal Contract Tower,60,21,5,22,108,0,42,29,0,71,60,63,34,22,179,174,26,200,379
02/09/2005,KOA,HI,AWP,WE,Federal Contract Tower,63,21,10,20,114,0,33,48,0,81,63,54,58,20,195,262,164,426,621
02/10/2005,KOA,HI,AWP,WE,Federal Contract Tower,58,23,6,9,96,0,47,20,5,72,58,70,26,14,168,188,70,258,426
02/11/2005,KOA,HI,AWP,WE,Federal Contract Tower,58,22,5,2,87,0,23,35,0,58,58,45,40,2,145,194,30,224,369
02/12/2005,KOA,HI,AWP,WE,Federal Contract Tower,64,18,6,0,88,0,29,27,2,58,64,47,33,2,146,250,0,250,396
02/13/2005,KOA,HI,AWP,WE,Federal Contract Tower,60,14,4,0,78,0,47,45,0,92,60,61,49,0,170,92,0,92,262
02/14/2005,KOA,HI,AWP,WE,Federal Contract Tower,59,25,5,0,89,0,46,67,0,113,59,71,72,0,202,232,0,232,434
02/15/2005,KOA,HI,AWP,WE,Federal Contract Tower,58,19,5,10,92,0,59,45,0,104,58,78,50,10,196,216,62,278,474
02/16/2005,KOA,HI,AWP,WE,Federal Contract Tower,62,18,5,4,89,1,42,59,0,102,63,60,64,4,191,226,0,226,417
02/17/2005,KOA,HI,AWP,WE,Federal Contract Tower,63,23,6,4,96,0,60,84,0,144,63,83,90,4,240,220,12,232,472
02/18/2005,KOA,HI,AWP,WE,Federal Contract Tower,61,28,14,10,113,0,45,62,4,111,61,73,76,14,224,204,64,268,492
02/19/2005,KOA,HI,AWP,WE,Federal Contract Tower,58,30,11,0,99,0,43,55,0,98,58,73,66,0,197,276,0,276,473
02/20/2005,KOA,HI,AWP,WE,Federal Contract Tower,55,16,10,0,81,0,41,36,0,77,55,57,46,0,158,84,0,84,242
02/21/2005,KOA,HI,AWP,WE,Federal Contract Tower,64,21,14,1,100,0,59,83,3,145,64,80,97,4,245,262,12,274,519
02/22/2005,KOA,HI,AWP,WE,Federal Contract Tower,60,19,11,6,96,0,53,75,0,128,60,72,86,6,224,198,24,222,446
02/23/2005,KOA,HI,AWP,WE,Federal Contract Tower,59,21,8,13,101,0,53,61,9,123,59,74,69,22,224,184,80,264,488
02/24/2005,KOA,HI,AWP,WE,Federal Contract Tower,60,22,7,37,126,0,47,50,0,97,60,69,57,37,223,148,10,158,381
02/25/2005,KOA,HI,AWP,WE,Federal Contract Tower,59,25,15,0,99,0,30,39,0,69,59,55,54,0,168,116,0,116,284
02/26/2005,KOA,HI,AWP,WE,Federal Contract Tower,58,18,7,4,87,0,45,76,0,121,58,63,83,4,208,262,0,262,470
02/27/2005,KOA,HI,AWP,WE,Federal Contract Tower,55,23,4,0,82,0,41,42,0,83,55,64,46,0,165,162,0,162,327
02/28/2005,KOA,HI,AWP,WE,Federal Contract Tower,63,22,7,2,94,0,40,71,0,111,63,62,78,2,205,194,0,194,399
03/01/2005,KOA,HI,AWP,WE,Federal Contract Tower,60,26,6,19,111,0,43,58,0,101,60,69,64,19,212,210,174,384,596
03/02/2005,KOA,HI,AWP,WE,Federal Contract Tower,59,18,2,0,79,0,37,42,0,79,59,55,44,0,158,172,0,172,330
03/03/2005,KOA,HI,AWP,WE,Federal Contract Tower,58,22,5,8,93,0,32,48,6,86,58,54,53,14,179,186,88,274,453
03/04/2005,KOA,HI,AWP,WE,Federal Contract Tower,59,17,3,9,88,0,46,78,0,124,59,63,81,9,212,252,0,252,464
03/05/2005,KOA,HI,AWP,WE,Federal Contract Tower,59,16,6,0,81,0,29,36,0,65,59,45,42,0,146,314,0,314,460
03/06/2005,KOA,HI,AWP,WE,Federal Contract Tower,55,15,3,1,74,0,58,61,2,121,55,73,64,3,195,246,0,246,441
03/07/2005,KOA,HI,AWP,WE,Federal Contract Tower,61,18,3,15,97,0,54,56,0,110,61,72,59,15,207,182,48,230,437
03/08/2005,KOA,HI,AWP,WE,Federal Contract Tower,58,18,6,24,106,0,30,38,2,70,58,48,44,26,176,216,102,318,494
03/09/2005,KOA,HI,AWP,WE,Federal Contract Tower,62,24,22,18,126,0,24,58,2,84,62,48,80,20,210,204,52,256,466
03/10/2005,KOA,HI,AWP,WE,Federal Contract Tower,57,26,2,13,98,0,44,36,9,89,57,70,38,22,187,164,74,238,425
03/11/2005,KOA,HI,AWP,WE,Federal Contract Tower,60,24,10,11,105,0,35,31,0,66,60,59,41,11,171,278,12,290,461
03/12/2005,KOA,HI,AWP,WE,Federal Contract Tower,58,21,16,0,95,0,13,5,0,18,58,34,21,0,113,58,0,58,171
03/13/2005,KOA,HI,AWP,WE,Federal Contract Tower,56,17,4,0,77,0,39,39,0,78,56,56,43,0,155,142,0,142,297
03/14/2005,KOA,HI,AWP,WE,Federal Contract Tower,61,22,4,10,97,0,39,39,0,78,61,61,43,10,175,82,48,130,305
03/15/2005,KOA,HI,AWP,WE,Federal Contract Tower,59,24,4,12,99,0,28,37,0,65,59,52,41,12,164,168,42,210,374
03/16/2005,KOA,HI,AWP,WE,Federal Contract Tower,60,19,12,10,101,0,42,57,0,99,60,61,69,10,200,194,18,212,412
03/17/2005,KOA,HI,AWP,WE,Federal Contract Tower,58,20,19,12,109,0,43,48,0,91,58,63,67,12,200,244,18,262,462
03/18/2005,KOA,HI,AWP,WE,Federal Contract Tower,59,21,11,3,94,0,44,53,0,97,59,65,64,3,191,222,0,222,413
03/19/2005,KOA,HI,AWP,WE,Federal Contract Tower,61,22,20,0,103,0,63,54,0,117,61,85,74,0,220,306,0,306,526
03/20/2005,KOA,HI,AWP,WE,Federal Contract Tower,69,19,13,0,101,0,61,45,0,106,69,80,58,0,207,182,0,182,389
03/21/2005,KOA,HI,AWP,WE,Federal Contract Tower,61,24,12,4,101,0,59,56,0,115,61,83,68,4,216,242,48,290,506
03/22/2005,KOA,HI,AWP,WE,Federal Contract Tower,57,28,12,18,115,0,63,104,2,169,57,91,116,20,284,404,34,438,722
03/23/2005,KOA,HI,AWP,WE,Federal Contract Tower,59,21,11,6,97,0,81,104,0,185,59,102,115,6,282,278,18,296,578
03/24/2005,KOA,HI,AWP,WE,Federal Contract Tower,60,24,19,12,115,0,61,91,0,152,60,85,110,12,267,410,40,450,717
03/25/2005,KOA,HI,AWP,WE,Federal Contract Tower,63,25,20,0,108,0,49,45,0,94,63,74,65,0,202,252,0,252,454
03/26/2005,KOA,HI,AWP,WE,Federal Contract Tower,60,33,15,0,108,0,25,28,0,53,60,58,43,0,161,204,0,204,365
03/27/2005,KOA,HI,AWP,WE,Federal Contract Tower,59,22,11,0,92,0,60,62,0,122,59,82,73,0,214,149,0,149,363
03/28/2005,KOA,HI,AWP,WE,Federal Contract Tower,61,27,7,10,105,0,65,72,2,139,61,92,79,12,244,336,0,336,580
03/29/2005,KOA,HI,AWP,WE,Federal Contract Tower,59,28,12,19,118,0,45,89,0,134,59,73,101,19,252,300,26,326,578
03/30/2005,KOA,HI,AWP,WE,Federal Contract Tower,59,23,7,0,89,0,64,85,0,149,59,87,92,0,238,222,0,222,460
03/31/2005,KOA,HI,AWP,WE,Federal Contract Tower,57,25,10,13,105,0,66,47,25,138,57,91,57,38,243,190,42,232,475
04/01/2005,KOA,HI,AWP,WE,Federal Contract Tower,59,31,11,4,105,0,47,52,2,101,59,78,63,6,206,160,4,164,370
04/02/2005,KOA,HI,AWP,WE,Federal Contract Tower,59,23,17,12,111,0,32,50,0,82,59,55,67,12,193,182,0,182,375
04/03/2005,KOA,HI,AWP,WE,Federal Contract Tower,62,18,19,0,99,0,43,53,0,96,62,61,72,0,195,86,0,86,281
04/04/2005,KOA,HI,AWP,WE,Federal Contract Tower,62,26,12,14,114,0,40,57,0,97,62,66,69,14,211,228,94,322,533
04/05/2005,KOA,HI,AWP,WE,Federal Contract Tower,60,42,3,0,105,0,1,40,0,41,60,43,43,0,146,208,0,208,354
04/06/2005,KOA,HI,AWP,WE,Federal Contract Tower,60,21,6,10,97,0,39,21,0,60,60,60,27,10,157,212,70,282,439
04/07/2005,KOA,HI,AWP,WE,Federal Contract Tower,62,24,5,3,94,0,33,51,5,89,62,57,56,8,183,178,38,216,399
04/08/2005,KOA,HI,AWP,WE,Federal Contract Tower,62,27,17,2,108,0,44,67,0,111,62,71,84,2,219,184,0,184,403
04/09/2005,KOA,HI,AWP,WE,Federal Contract Tower,65,19,12,0,96,0,22,37,0,59,65,41,49,0,155,124,0,124,279
04/10/2005,KOA,HI,AWP,WE,Federal Contract Tower,63,18,11,2,94,0,29,40,2,71,63,47,51,4,165,118,16,134,299
04/11/2005,KOA,HI,AWP,WE,Federal Contract Tower,63,19,11,0,93,0,46,45,4,95,63,65,56,4,188,282,12,294,482
04/12/2005,KOA,HI,AWP,WE,Federal Contract Tower,57,23,3,0,83,0,43,49,0,92,57,66,52,0,175,182,0,182,357
04/13/2005,KOA,HI,AWP,WE,Federal Contract Tower,57,22,3,6,88,0,57,79,8,144,57,79,82,14,232,206,0,206,438
04/14/2005,KOA,HI,AWP,WE,Federal Contract Tower,62,20,7,13,102,0,49,61,7,117,62,69,68,20,219,234,50,284,503
04/15/2005,KOA,HI,AWP,WE,Federal Contract Tower,63,20,9,2,94,0,30,25,0,55,63,50,34,2,149,134,28,162,311
04/16/2005,KOA,HI,AWP,WE,Federal Contract Tower,66,21,6,0,93,0,41,33,2,76,66,62,39,2,169,122,0,122,291
04/17/2005,KOA,HI,AWP,WE,Federal Contract Tower,66,15,9,0,90,0,35,35,0,70,66,50,44,0,160,182,0,182,342
04/18/2005,KOA,HI,AWP,WE,Federal Contract Tower,65,21,4,2,92,0,64,37,0,101,65,85,41,2,193,154,52,206,399
04/19/2005,KOA,HI,AWP,WE,Federal Contract Tower,60,18,2,16,96,0,39,45,0,84,60,57,47,16,180,238,82,320,500
04/20/2005,KOA,HI,AWP,WE,Federal Contract Tower,65,21,7,6,99,0,50,42,0,92,65,71,49,6,191,220,56,276,467
04/21/2005,KOA,HI,AWP,WE,Federal Contract Tower,60,17,6,21,104,0,59,69,11,139,60,76,75,32,243,272,142,414,657
04/22/2005,KOA,HI,AWP,WE,Federal Contract Tower,64,24,12,2,102,0,33,35,0,68,64,57,47,2,170,186,14,200,370
04/23/2005,KOA,HI,AWP,WE,Federal Contract Tower,67,16,12,3,98,0,33,35,3,71,67,49,47,6,169,184,36,220,389
04/24/2005,KOA,HI,AWP,WE,Federal Contract Tower,64,18,5,0,87,0,37,38,0,75,64,55,43,0,162,106,0,106,268
04/25/2005,KOA,HI,AWP,WE,Federal Contract Tower,63,18,9,6,96,0,45,43,6,94,63,63,52,12,190,264,64,328,518
04/26/2005,KOA,HI,AWP,WE,Federal Contract Tower,60,22,12,29,123,0,37,61,3,101,60,59,73,32,224,292,172,464,688
04/27/2005,KOA,HI,AWP,WE,Federal Contract Tower,60,20,2,22,104,0,46,60,10,116,60,66,62,32,220,196,82,278,498
04/28/2005,KOA,HI,AWP,WE,Federal Contract Tower,61,24,1,10,96,0,27,52,8,87,61,51,53,18,183,182,44,226,409
04/29/2005,KOA,HI,AWP,WE,Federal Contract Tower,62,21,10,4,97,0,21,30,0,51,62,42,40,4,148,244,22,266,414
04/30/2005,KOA,HI,AWP,WE,Federal Contract Tower,63,14,6,0,83,0,29,29,0,58,63,43,35,0,141,124,2,126,267
05/01/2005,KOA,HI,AWP,WE,Federal Contract Tower,63,17,4,0,84,0,28,52,0,80,63,45,56,0,164,252,0,252,416
05/02/2005,KOA,HI,AWP,WE,Federal Contract Tower,63,18,3,20,104,0,43,50,0,93,63,61,53,20,197,336,62,398,595
05/03/2005,KOA,HI,AWP,WE,Federal Contract Tower,60,22,6,16,104,0,25,58,0,83,60,47,64,16,187,376,84,460,647
05/04/2005,KOA,HI,AWP,WE,Federal Contract Tower,60,23,1,4,88,0,39,47,8,94,60,62,48,12,182,260,78,338,520
05/05/2005,KOA,HI,AWP,WE,Federal Contract Tower,63,19,7,6,95,0,44,60,6,110,63,63,67,12,205,256,56,312,517
05/06/2005,KOA,HI,AWP,WE,Federal Contract Tower,64,20,8,7,99,0,33,34,3,70,64,53,42,10,169,220,16,236,405
05/07/2005,KOA,HI,AWP,WE,Federal Contract Tower,63,17,5,5,90,0,40,71,0,111,63,57,76,5,201,320,18,338,539
05/08/2005,KOA,HI,AWP,WE,Federal Contract Tower,65,18,4,3,90,0,31,49,0,80,65,49,53,3,170,186,0,186,356
05/09/2005,KOA,HI,AWP,WE,Federal Contract Tower,63,23,6,1,93,0,39,61,0,100,63,62,67,1,193,134,0,134,327
05/10/2005,KOA,HI,AWP,WE,Federal Contract Tower,58,23,6,6,93,0,52,58,4,114,58,75,64,10,207,268,38,306,513
05/11/2005,KOA,HI,AWP,WE,Federal Contract Tower,62,23,1,18,104,0,41,67,0,108,62,64,68,18,212,202,104,306,518
05/12/2005,KOA,HI,AWP,WE,Federal Contract Tower,62,22,7,5,96,0,34,52,1,87,62,56,59,6,183,282,34,316,499
05/13/2005,KOA,HI,AWP,WE,Federal Contract Tower,64,19,4,0,87,0,40,43,0,83,64,59,47,0,170,316,0,316,486
05/14/2005,KOA,HI,AWP,WE,Federal Contract Tower,62,20,8,4,94,0,32,46,0,78,62,52,54,4,172,393,0,393,565
05/15/2005,KOA,HI,AWP,WE,Federal Contract Tower,67,26,13,4,110,0,36,30,4,70,67,62,43,8,180,162,0,162,342
05/16/2005,KOA,HI,AWP,WE,Federal Contract Tower,66,21,9,5,101,0,42,63,1,106,66,63,72,6,207,294,12,306,513
05/17/2005,KOA,HI,AWP,WE,Federal Contract Tower,59,20,6,12,97,0,39,56,4,99,59,59,62,16,196,190,48,238,434
05/18/2005,KOA,HI,AWP,WE,Federal Contract Tower,58,21,8,14,101,0,24,39,0,63,58,45,47,14,164,234,46,280,444
05/19/2005,KOA,HI,AWP,WE,Federal Contract Tower,61,20,1,4,86,0,39,45,4,88,61,59,46,8,174,278,0,278,452
05/20/2005,KOA,HI,AWP,WE,Federal Contract Tower,63,22,1,7,93,0,33,57,5,95,63,55,58,12,188,276,24,300,488
05/21/2005,KOA,HI,AWP,WE,Federal Contract Tower,61,20,6,4,91,0,40,48,0,88,61,60,54,4,179,256,0,256,435
05/22/2005,KOA,HI,AWP,WE,Federal Contract Tower,64,18,0,0,82,0,45,43,2,90,64,63,43,2,172,162,8,170,342
05/23/2005,KOA,HI,AWP,WE,Federal Contract Tower,63,24,5,20,112,0,38,34,2,74,63,62,39,22,186,156,132,288,474
05/24/2005,KOA,HI,AWP,WE,Federal Contract Tower,58,24,5,24,111,0,33,42,0,75,58,57,47,24,186,252,128,380,566
05/25/2005,KOA,HI,AWP,WE,Federal Contract Tower,60,23,5,4,92,0,25,53,0,78,60,48,58,4,170,192,0,192,362
05/26/2005,KOA,HI,AWP,WE,Federal Contract Tower,61,25,9,4,99,0,37,44,3,84,61,62,53,7,183,186,52,238,421
05/27/2005,KOA,HI,AWP,WE,Federal Contract Tower,69,19,9,12,109,0,36,48,10,94,69,55,57,22,203,182,40,222,425
05/28/2005,KOA,HI,AWP,WE,Federal Contract Tower,63,19,5,0,87,0,37,45,2,84,63,56,50,2,171,344,0,344,515
05/29/2005,KOA,HI,AWP,WE,Federal Contract Tower,65,12,8,0,85,0,39,35,2,76,65,51,43,2,161,126,0,126,287
05/30/2005,KOA,HI,AWP,WE,Federal Contract Tower,69,12,7,10,98,0,53,66,0,119,69,65,73,10,217,242,0,242,459
05/31/2005,KOA,HI,AWP,WE,Federal Contract Tower,60,21,4,22,107,0,50,79,0,129,60,71,83,22,236,268,82,350,586
06/01/2005,KOA,HI,AWP,WE,Federal Contract Tower,58,22,6,16,102,0,43,43,2,88,58,65,49,18,190,218,62,280,470
06/02/2005,KOA,HI,AWP,WE,Federal Contract Tower,62,25,4,9,100,0,37,51,7,95,62,62,55,16,195,168,86,254,449
06/03/2005,KOA,HI,AWP,WE,Federal Contract Tower,65,23,3,6,97,0,42,48,6,96,65,65,51,12,193,262,12,274,467
06/04/2005,KOA,HI,AWP,WE,Federal Contract Tower,61,18,9,8,96,0,20,31,0,51,61,38,40,8,147,224,2,226,373
06/05/2005,KOA,HI,AWP,WE,Federal Contract Tower,61,17,9,0,87,0,22,36,0,58,61,39,45,0,145,138,0,138,283
06/06/2005,KOA,HI,AWP,WE,Federal Contract Tower,64,25,3,4,96,0,38,66,2,106,64,63,69,6,202,162,48,210,412
06/07/2005,KOA,HI,AWP,WE,Federal Contract Tower,59,18,10,4,91,0,36,42,2,80,59,54,52,6,171,168,12,180,351
06/08/2005,KOA,HI,AWP,WE,Federal Contract Tower,60,27,12,10,109,0,27,40,0,67,60,54,52,10,176,134,42,176,352
06/09/2005,KOA,HI,AWP,WE,Federal Contract Tower,60,17,3,7,87,0,38,50,6,94,60,55,53,13,181,194,66,260,441
06/10/2005,KOA,HI,AWP,WE,Federal Contract Tower,66,52,7,4,129,0,6,16,0,22,66,58,23,4,151,232,41,273,424
06/11/2005,KOA,HI,AWP,WE,Federal Contract Tower,65,17,5,0,87,0,26,29,1,56,65,43,34,1,143,270,0,270,413
06/12/2005,KOA,HI,AWP,WE,Federal Contract Tower,73,22,4,0,99,0,51,49,0,100,73,73,53,0,199,154,0,154,353
06/13/2005,KOA,HI,AWP,WE,Federal Contract Tower,65,21,10,20,116,0,52,28,2,82,65,73,38,22,198,248,40,288,486
06/14/2005,KOA,HI,AWP,WE,Federal Contract Tower,60,19,6,28,113,0,28,43,0,71,60,47,49,28,184,224,108,332,516
06/15/2005,KOA,HI,AWP,WE,Federal Contract Tower,61,19,4,14,98,0,32,54,0,86,61,51,58,14,184,212,30,242,426
06/16/2005,KOA,HI,AWP,WE,Federal Contract Tower,64,21,5,2,92,0,47,30,0,77,64,68,35,2,169,214,38,252,421
06/17/2005,KOA,HI,AWP,WE,Federal Contract Tower,64,25,3,12,104,0,37,32,1,70,64,62,35,13,174,196,36,232,406
06/18/2005,KOA,HI,AWP,WE,Federal Contract Tower,66,19,7,2,94,0,51,56,2,109,66,70,63,4,203,290,0,290,493
06/19/2005,KOA,HI,AWP,WE,Federal Contract Tower,68,20,7,12,107,0,42,49,0,91,68,62,56,12,198,88,0,88,286
06/20/2005,KOA,HI,AWP,WE,Federal Contract Tower,67,28,8,16,119,0,29,24,0,53,67,57,32,16,172,94,42,136,308
06/21/2005,KOA,HI,AWP,WE,Federal Contract Tower,62,26,2,28,118,0,5,40,0,45,62,31,42,28,163,204,62,266,429
06/22/2005,KOA,HI,AWP,WE,Federal Contract Tower,63,22,5,12,102,0,45,36,0,81,63,67,41,12,183,248,100,348,531
06/23/2005,KOA,HI,AWP,WE,Federal Contract Tower,63,27,7,7,104,0,45,29,5,79,63,72,36,12,183,272,64,336,519
06/24/2005,KOA,HI,AWP,WE,Federal Contract Tower,70,23,6,4,103,0,41,33,0,74,70,64,39,4,177,302,0,302,479
06/25/2005,KOA,HI,AWP,WE,Federal Contract Tower,72,17,7,4,100,0,26,35,0,61,72,43,42,4,161,204,0,204,365
06/26/2005,KOA,HI,AWP,WE,Federal Contract Tower,74,20,10,0,104,0,34,49,0,83,74,54,59,0,187,186,0,186,373
06/27/2005,KOA,HI,AWP,WE,Federal Contract Tower,75,19,8,8,110,0,54,45,4,103,75,73,53,12,213,264,0,264,477
06/28/2005,KOA,HI,AWP,WE,Federal Contract Tower,64,29,6,16,115,0,51,66,0,117,64,80,72,16,232,194,98,292,524
06/29/2005,KOA,HI,AWP,WE,Federal Contract Tower,68,26,7,14,115,0,52,43,2,97,68,78,50,16,212,252,52,304,516
06/30/2005,KOA,HI,AWP,WE,Federal Contract Tower,73,27,7,8,115,0,37,42,8,87,73,64,49,16,202,266,30,296,498
07/01/2005,KOA,HI,AWP,WE,Federal Contract Tower,71,31,7,0,109,0,23,49,0,72,71,54,56,0,181,212,0,212,393
07/02/2005,KOA,HI,AWP,WE,Federal Contract Tower,68,27,6,0,101,0,24,40,2,66,68,51,46,2,167,304,0,304,471
07/03/2005,KOA,HI,AWP,WE,Federal Contract Tower,75,22,2,6,105,0,27,19,0,46,75,49,21,6,151,92,0,92,243
07/04/2005,KOA,HI,AWP,WE,Federal Contract Tower,72,22,2,0,96,0,32,81,0,113,72,54,83,0,209,210,0,210,419
07/05/2005,KOA,HI,AWP,WE,Federal Contract Tower,71,26,7,2,106,0,26,62,0,88,71,52,69,2,194,226,12,238,432
07/06/2005,KOA,HI,AWP,WE,Federal Contract Tower,68,28,2,16,114,0,37,47,2,86,68,65,49,18,200,284,22,306,506
07/07/2005,KOA,HI,AWP,WE,Federal Contract Tower,70,25,3,42,140,0,46,50,1,97,70,71,53,43,237,150,88,238,475
07/08/2005,KOA,HI,AWP,WE,Federal Contract Tower,72,32,8,27,139,0,29,40,0,69,72,61,48,27,208,272,0,272,480
07/09/2005,KOA,HI,AWP,WE,Federal Contract Tower,66,32,6,0,104,0,28,39,0,67,66,60,45,0,171,188,0,188,359
07/10/2005,KOA,HI,AWP,WE,Federal Contract Tower,75,26,13,1,115,0,32,28,1,61,75,58,41,2,176,172,0,172,348
07/11/2005,KOA,HI,AWP,WE,Federal Contract Tower,72,34,5,10,121,0,27,59,0,86,72,61,64,10,207,196,72,268,475
07/12/2005,KOA,HI,AWP,WE,Federal Contract Tower,70,32,6,22,130,0,26,61,0,87,70,58,67,22,217,286,144,430,647
07/13/2005,KOA,HI,AWP,WE,Federal Contract Tower,66,31,6,30,133,0,56,57,0,113,66,87,63,30,246,182,162,344,590
07/14/2005,KOA,HI,AWP,WE,Federal Contract Tower,72,28,1,9,110,0,38,57,5,100,72,66,58,14,210,178,30,208,418
07/15/2005,KOA,HI,AWP,WE,Federal Contract Tower,74,34,4,0,112,0,24,36,0,60,74,58,40,0,172,192,0,192,364
07/16/2005,KOA,HI,AWP,WE,Federal Contract Tower,70,26,6,10,112,0,28,52,0,80,70,54,58,10,192,216,8,224,416
07/17/2005,KOA,HI,AWP,WE,Federal Contract Tower,76,27,3,0,106,0,36,46,0,82,76,63,49,0,188,104,0,104,292
07/18/2005,KOA,HI,AWP,WE,Federal Contract Tower,74,30,4,3,111,0,50,46,1,97,74,80,50,4,208,132,0,132,340
07/19/2005,KOA,HI,AWP,WE,Federal Contract Tower,68,31,8,8,115,0,29,45,0,74,68,60,53,8,189,162,60,222,411
07/20/2005,KOA,HI,AWP,WE,Federal Contract Tower,71,26,2,12,111,0,56,50,0,106,71,82,52,12,217,220,82,302,519
07/21/2005,KOA,HI,AWP,WE,Federal Contract Tower,68,32,1,2,103,0,51,59,0,110,68,83,60,2,213,264,30,294,507
07/22/2005,KOA,HI,AWP,WE,Federal Contract Tower,74,30,7,8,119,0,29,47,0,76,74,59,54,8,195,230,54,284,479
07/23/2005,KOA,HI,AWP,WE,Federal Contract Tower,72,25,4,0,101,0,48,65,0,113,72,73,69,0,214,286,0,286,500
07/24/2005,KOA,HI,AWP,WE,Federal Contract Tower,73,23,9,0,105,0,36,33,0,69,73,59,42,0,174,102,0,102,276
07/25/2005,KOA,HI,AWP,WE,Federal Contract Tower,71,31,6,12,120,0,50,72,2,124,71,81,78,14,244,250,54,304,548
07/26/2005,KOA,HI,AWP,WE,Federal Contract Tower,69,29,6,2,106,0,27,55,2,84,69,56,61,4,190,244,52,296,486
07/27/2005,KOA,HI,AWP,WE,Federal Contract Tower,69,29,5,24,127,0,54,53,0,107,69,83,58,24,234,182,78,260,494
07/28/2005,KOA,HI,AWP,WE,Federal Contract Tower,70,36,3,3,112,0,43,40,9,92,70,79,43,12,204,188,44,232,436
07/29/2005,KOA,HI,AWP,WE,Federal Contract Tower,71,28,6,4,109,0,38,46,2,86,71,66,52,6,195,204,18,222,417
07/30/2005,KOA,HI,AWP,WE,Federal Contract Tower,73,22,0,24,119,0,49,66,5,120,73,71,66,29,239,268,36,304,543
07/31/2005,KOA,HI,AWP,WE,Federal Contract Tower,74,22,9,2,107,0,39,33,0,72,74,61,42,2,179,186,0,186,365
08/01/2005,KOA,HI,AWP,WE,Federal Contract Tower,73,32,10,33,148,0,50,62,1,113,73,82,72,34,261,134,176,310,571
08/02/2005,KOA,HI,AWP,WE,Federal Contract Tower,68,27,8,8,111,0,36,61,2,99,68,63,69,10,210,192,52,244,454
08/03/2005,KOA,HI,AWP,WE,Federal Contract Tower,70,26,7,12,115,0,42,51,16,109,70,68,58,28,224,196,94,290,514
08/04/2005,KOA,HI,AWP,WE,Federal Contract Tower,68,35,7,14,124,0,36,41,12,89,68,71,48,26,213,232,64,296,509
08/05/2005,KOA,HI,AWP,WE,Federal Contract Tower,72,32,14,7,125,0,51,40,1,92,72,83,54,8,217,188,58,246,463
08/06/2005,KOA,HI,AWP,WE,Federal Contract Tower,71,30,6,2,109,0,37,39,0,76,71,67,45,2,185,280,0,280,465
08/07/2005,KOA,HI,AWP,WE,Federal Contract Tower,78,29,7,0,114,0,26,40,2,68,78,55,47,2,182,228,0,228,410
08/08/2005,KOA,HI,AWP,WE,Federal Contract Tower,70,30,9,7,116,0,46,69,13,128,70,76,78,20,244,232,0,232,476
08/09/2005,KOA,HI,AWP,WE,Federal Contract Tower,65,33,6,24,128,0,49,80,0,129,65,82,86,24,257,262,170,432,689
08/10/2005,KOA,HI,AWP,WE,Federal Contract Tower,70,27,5,18,120,0,42,51,0,93,70,69,56,18,213,180,46,226,439
08/11/2005,KOA,HI,AWP,WE,Federal Contract Tower,68,28,3,13,112,0,59,51,5,115,68,87,54,18,227,264,40,304,531
08/12/2005,KOA,HI,AWP,WE,Federal Contract Tower,71,29,7,4,111,0,42,38,6,86,71,71,45,10,197,240,26,266,463
08/13/2005,KOA,HI,AWP,WE,Federal Contract Tower,69,20,14,0,103,0,45,33,0,78,69,65,47,0,181,182,0,182,363
08/14/2005,KOA,HI,AWP,WE,Federal Contract Tower,76,25,5,0,106,0,48,53,2,103,76,73,58,2,209,172,0,172,381
08/15/2005,KOA,HI,AWP,WE,Federal Contract Tower,71,26,5,17,119,0,55,47,1,103,71,81,52,18,222,144,96,240,462
08/16/2005,KOA,HI,AWP,WE,Federal Contract Tower,66,35,2,24,127,0,37,60,6,103,66,72,62,30,230,316,122,438,668
08/17/2005,KOA,HI,AWP,WE,Federal Contract Tower,67,30,3,18,118,0,59,57,0,116,67,89,60,18,234,230,110,340,574
08/18/2005,KOA,HI,AWP,WE,Federal Contract Tower,68,29,3,16,116,0,43,45,0,88,68,72,48,16,204,146,122,268,472
08/19/2005,KOA,HI,AWP,WE,Federal Contract Tower,70,31,9,2,112,0,43,39,0,82,70,74,48,2,194,140,0,140,334
08/20/2005,KOA,HI,AWP,WE,Federal Contract Tower,68,28,8,0,104,0,33,17,4,54,68,61,25,4,158,178,0,178,336
08/21/2005,KOA,HI,AWP,WE,Federal Contract Tower,73,27,4,0,104,0,35,49,0,84,73,62,53,0,188,182,0,182,370
08/22/2005,KOA,HI,AWP,WE,Federal Contract Tower,68,30,7,18,123,0,51,55,0,106,68,81,62,18,229,224,112,336,565
08/23/2005,KOA,HI,AWP,WE,Federal Contract Tower,57,28,7,10,102,0,24,48,0,72,57,52,55,10,174,182,44,226,400
08/24/2005,KOA,HI,AWP,WE,Federal Contract Tower,57,24,16,24,121,0,41,51,0,92,57,65,67,24,213,224,90,314,527
08/25/2005,KOA,HI,AWP,WE,Federal Contract Tower,59,32,18,12,121,0,23,50,2,75,59,55,68,14,196,154,130,284,480
08/26/2005,KOA,HI,AWP,WE,Federal Contract Tower,66,25,25,0,116,0,40,36,0,76,66,65,61,0,192,204,0,204,396
08/27/2005,KOA,HI,AWP,WE,Federal Contract Tower,61,22,10,4,97,0,40,51,0,91,61,62,61,4,188,262,0,262,450
08/28/2005,KOA,HI,AWP,WE,Federal Contract Tower,67,22,16,5,110,0,37,46,1,84,67,59,62,6,194,110,12,122,316
08/29/2005,KOA,HI,AWP,WE,Federal Contract Tower,65,26,3,28,122,0,56,78,0,134,65,82,81,28,256,184,72,256,512
08/30/2005,KOA,HI,AWP,WE,Federal Contract Tower,60,25,22,4,111,0,49,67,6,122,60,74,89,10,233,202,20,222,455
08/31/2005,KOA,HI,AWP,WE,Federal Contract Tower,60,29,32,22,143,0,32,22,2,56,60,61,54,24,199,212,60,272,471
09/01/2005,KOA,HI,AWP,WE,Federal Contract Tower,60,25,16,4,105,0,32,43,0,75,60,57,59,4,180,264,28,292,472
09/02/2005,KOA,HI,AWP,WE,Federal Contract Tower,69,28,12,0,109,0,36,36,0,72,69,64,48,0,181,212,0,212,393
09/03/2005,KOA,HI,AWP,WE,Federal Contract Tower,62,28,13,0,103,0,19,49,0,68,62,47,62,0,171,166,0,166,337
09/04/2005,KOA,HI,AWP,WE,Federal Contract Tower,61,23,6,0,90,0,50,47,0,97,61,73,53,0,187,116,0,116,303
09/05/2005,KOA,HI,AWP,WE,Federal Contract Tower,63,20,19,0,102,0,45,68,0,113,63,65,87,0,215,158,0,158,373
09/06/2005,KOA,HI,AWP,WE,Federal Contract Tower,58,23,10,8,99,0,34,43,0,77,58,57,53,8,176,178,48,226,402
09/07/2005,KOA,HI,AWP,WE,Federal Contract Tower,60,22,3,24,109,0,45,42,0,87,60,67,45,24,196,128,64,192,388
09/08/2005,KOA,HI,AWP,WE,Federal Contract Tower,58,23,9,5,95,0,40,56,3,99,58,63,65,8,194,228,60,288,482
09/09/2005,KOA,HI,AWP,WE,Federal Contract Tower,60,22,6,11,99,0,38,27,7,72,60,60,33,18,171,156,46,202,373
09/10/2005,KOA,HI,AWP,WE,Federal Contract Tower,57,20,11,2,90,0,40,38,2,80,57,60,49,4,170,154,28,182,352
09/11/2005,KOA,HI,AWP,WE,Federal Contract Tower,59,16,5,0,80,0,35,58,0,93,59,51,63,0,173,118,0,118,291
09/12/2005,KOA,HI,AWP,WE,Federal Contract Tower,58,19,6,2,85,0,39,37,2,78,58,58,43,4,163,128,24,152,315
09/13/2005,KOA,HI,AWP,WE,Federal Contract Tower,58,18,24,19,119,0,33,22,11,66,58,51,46,30,185,192,104,296,481
09/14/2005,KOA,HI,AWP,WE,Federal Contract Tower,60,18,0,3,81,0,28,43,1,72,60,46,43,4,153,130,40,170,323
09/15/2005,KOA,HI,AWP,WE,Federal Contract Tower,57,21,7,9,94,0,28,50,4,82,57,49,57,13,176,156,56,212,388
09/16/2005,KOA,HI,AWP,WE,Federal Contract Tower,60,25,6,14,105,0,34,39,7,80,60,59,45,21,185,204,48,252,437
09/17/2005,KOA,HI,AWP,WE,Federal Contract Tower,56,18,3,7,84,0,42,46,3,91,56,60,49,10,175,178,68,246,421
09/18/2005,KOA,HI,AWP,WE,Federal Contract Tower,61,22,5,4,92,0,35,30,0,65,61,57,35,4,157,166,32,198,355
09/19/2005,KOA,HI,AWP,WE,Federal Contract Tower,58,24,5,30,117,0,46,69,0,115,58,70,74,30,232,178,82,260,492
09/20/2005,KOA,HI,AWP,WE,Federal Contract Tower,54,17,6,10,87,0,31,46,0,77,54,48,52,10,164,192,32,224,388
09/21/2005,KOA,HI,AWP,WE,Federal Contract Tower,56,25,10,6,97,0,38,35,0,73,56,63,45,6,170,162,44,206,376
09/22/2005,KOA,HI,AWP,WE,Federal Contract Tower,54,24,3,20,101,0,10,26,0,36,54,34,29,20,137,90,42,132,269
09/23/2005,KOA,HI,AWP,WE,Federal Contract Tower,58,24,4,0,86,0,31,43,2,76,58,55,47,2,162,154,0,154,316
09/24/2005,KOA,HI,AWP,WE,Federal Contract Tower,55,17,4,3,79,0,40,43,1,84,55,57,47,4,163,162,12,174,337
09/25/2005,KOA,HI,AWP,WE,Federal Contract Tower,59,19,7,8,93,0,36,45,14,95,59,55,52,22,188,106,38,144,332
09/26/2005,KOA,HI,AWP,WE,Federal Contract Tower,59,20,5,11,95,0,36,38,8,82,59,56,43,19,177,144,26,170,347
09/27/2005,KOA,HI,AWP,WE,Federal Contract Tower,56,17,1,12,86,0,25,33,22,80,56,42,34,34,166,174,66,240,406
09/28/2005,KOA,HI,AWP,WE,Federal Contract Tower,55,19,3,24,101,0,40,43,0,83,55,59,46,24,184,158,44,202,386
09/29/2005,KOA,HI,AWP,WE,Federal Contract Tower,56,18,9,4,87,0,34,39,2,75,56,52,48,6,162,176,0,176,338
09/30/2005,KOA,HI,AWP,WE,Federal Contract Tower,60,28,4,11,103,0,27,36,6,69,60,55,40,17,172,166,54,220,392
10/01/2005,KOA,HI,AWP,WE,Federal Contract Tower,58,16,2,10,86,0,13,40,0,53,58,29,42,10,139,202,62,264,403
10/02/2005,KOA,HI,AWP,WE,Federal Contract Tower,56,15,5,2,78,0,43,51,2,96,56,58,56,4,174,142,0,142,316
10/03/2005,KOA,HI,AWP,WE,Federal Contract Tower,59,22,3,8,92,0,45,39,2,86,59,67,42,10,178,142,24,166,344
10/04/2005,KOA,HI,AWP,WE,Federal Contract Tower,58,20,7,20,105,0,29,66,2,97,58,49,73,22,202,198,92,290,492
10/05/2005,KOA,HI,AWP,WE,Federal Contract Tower,58,25,7,6,96,0,26,27,2,55,58,51,34,8,151,154,46,200,351
10/06/2005,KOA,HI,AWP,WE,Federal Contract Tower,56,24,4,5,89,0,39,49,6,94,56,63,53,11,183,230,38,268,451
10/07/2005,KOA,HI,AWP,WE,Federal Contract Tower,57,23,4,0,84,0,31,42,0,73,57,54,46,0,157,216,0,216,373
10/08/2005,KOA,HI,AWP,WE,Federal Contract Tower,58,20,8,7,93,0,39,45,5,89,58,59,53,12,182,184,0,184,366
10/09/2005,KOA,HI,AWP,WE,Federal Contract Tower,57,12,6,8,83,0,40,44,0,84,57,52,50,8,167,132,18,150,317
10/10/2005,KOA,HI,AWP,WE,Federal Contract Tower,61,16,7,0,84,0,35,38,2,75,61,51,45,2,159,172,0,172,331
10/11/2005,KOA,HI,AWP,WE,Federal Contract Tower,59,22,2,12,95,0,26,44,10,80,59,48,46,22,175,190,104,294,469
10/12/2005,KOA,HI,AWP,WE,Federal Contract Tower,58,23,5,22,108,0,39,51,0,90,58,62,56,22,198,164,54,218,416
10/13/2005,KOA,HI,AWP,WE,Federal Contract Tower,60,22,4,16,102,0,41,42,10,93,60,63,46,26,195,140,72,212,407
10/14/2005,KOA,HI,AWP,WE,Federal Contract Tower,59,26,6,12,103,0,36,46,10,92,59,62,52,22,195,224,84,308,503
10/15/2005,KOA,HI,AWP,WE,Federal Contract Tower,59,18,6,0,83,0,47,56,0,103,59,65,62,0,186,112,0,112,298
10/16/2005,KOA,HI,AWP,WE,Federal Contract Tower,59,17,8,0,84,0,31,39,0,70,59,48,47,0,154,124,0,124,278
10/17/2005,KOA,HI,AWP,WE,Federal Contract Tower,63,25,6,12,106,0,39,53,2,94,63,64,59,14,200,172,32,204,404
10/18/2005,KOA,HI,AWP,WE,Federal Contract Tower,59,23,8,33,123,0,40,45,1,86,59,63,53,34,209,92,164,256,465
10/19/2005,KOA,HI,AWP,WE,Federal Contract Tower,57,18,5,32,112,0,36,48,1,85,57,54,53,33,197,166,144,310,507
10/20/2005,KOA,HI,AWP,WE,Federal Contract Tower,57,27,2,14,100,0,40,47,11,98,57,67,49,25,198,180,48,228,426
10/21/2005,KOA,HI,AWP,WE,Federal Contract Tower,53,21,2,10,86,0,20,32,2,54,53,41,34,12,140,74,50,124,264
10/22/2005,KOA,HI,AWP,WE,Federal Contract Tower,58,17,10,0,85,0,28,51,0,79,58,45,61,0,164,150,0,150,314
10/23/2005,KOA,HI,AWP,WE,Federal Contract Tower,59,31,10,4,104,0,18,51,6,75,59,49,61,10,179,164,32,196,375
10/24/2005,KOA,HI,AWP,WE,Federal Contract Tower,62,21,17,12,112,0,50,60,1,111,62,71,77,13,223,172,44,216,439
10/25/2005,KOA,HI,AWP,WE,Federal Contract Tower,57,27,6,12,102,1,35,55,6,97,58,62,61,18,199,256,72,328,527
10/26/2005,KOA,HI,AWP,WE,Federal Contract Tower,60,20,1,6,87,0,46,42,0,88,60,66,43,6,175,222,32,254,429
10/27/2005,KOA,HI,AWP,WE,Federal Contract Tower,59,22,2,5,88,0,41,47,5,93,59,63,49,10,181,232,46,278,459
10/28/2005,KOA,HI,AWP,WE,Federal Contract Tower,57,23,5,0,85,0,34,45,0,79,57,57,50,0,164,198,0,198,362
10/29/2005,KOA,HI,AWP,WE,Federal Contract Tower,57,21,7,0,85,0,25,64,0,89,57,46,71,0,174,212,0,212,386
10/30/2005,KOA,HI,AWP,WE,Federal Contract Tower,55,20,11,6,92,0,31,45,2,78,55,51,56,8,170,132,12,144,314
10/31/2005,KOA,HI,AWP,WE,Federal Contract Tower,58,21,4,8,91,0,26,46,2,74,58,47,50,10,165,224,52,276,441
11/01/2005,KOA,HI,AWP,WE,Federal Contract Tower,56,22,5,30,113,1,40,62,0,103,57,62,67,30,216,312,132,444,660
11/02/2005,KOA,HI,AWP,WE,Federal Contract Tower,57,28,12,42,139,0,37,50,0,87,57,65,62,42,226,306,122,428,654
11/03/2005,KOA,HI,AWP,WE,Federal Contract Tower,55,28,7,10,100,0,49,53,14,116,55,77,60,24,216,243,74,317,533
11/04/2005,KOA,HI,AWP,WE,Federal Contract Tower,57,22,6,7,92,0,36,36,2,74,57,58,42,9,166,180,36,216,382
11/05/2005,KOA,HI,AWP,WE,Federal Contract Tower,52,25,5,0,82,0,39,42,0,81,52,64,47,0,163,226,0,226,389
11/06/2005,KOA,HI,AWP,WE,Federal Contract Tower,56,21,4,0,81,0,39,55,0,94,56,60,59,0,175,218,0,218,393
11/07/2005,KOA,HI,AWP,WE,Federal Contract Tower,58,23,4,22,107,0,29,33,0,62,58,52,37,22,169,182,72,254,423
11/08/2005,KOA,HI,AWP,WE,Federal Contract Tower,56,25,3,18,102,0,42,47,4,93,56,67,50,22,195,234,68,302,497
11/09/2005,KOA,HI,AWP,WE,Federal Contract Tower,56,24,8,14,102,0,53,82,0,135,56,77,90,14,237,324,94,418,655
11/10/2005,KOA,HI,AWP,WE,Federal Contract Tower,55,28,10,5,98,0,46,38,1,85,55,74,48,6,183,252,54,306,489
11/11/2005,KOA,HI,AWP,WE,Federal Contract Tower,56,24,9,0,89,0,36,44,0,80,56,60,53,0,169,234,0,234,403
11/12/2005,KOA,HI,AWP,WE,Federal Contract Tower,57,24,4,9,94,0,20,33,0,53,57,44,37,9,147,232,48,280,427
11/13/2005,KOA,HI,AWP,WE,Federal Contract Tower,57,18,5,6,86,0,37,56,0,93,57,55,61,6,179,254,12,266,445
11/14/2005,KOA,HI,AWP,WE,Federal Contract Tower,60,24,5,0,89,0,28,46,0,74,60,52,51,0,163,250,0,250,413
11/15/2005,KOA,HI,AWP,WE,Federal Contract Tower,56,23,10,8,97,0,31,26,0,57,56,54,36,8,154,218,82,300,454
11/16/2005,KOA,HI,AWP,WE,Federal Contract Tower,58,24,6,6,94,0,23,38,0,61,58,47,44,6,155,232,98,330,485
11/17/2005,KOA,HI,AWP,WE,Federal Contract Tower,58,27,8,11,104,0,42,54,7,103,58,69,62,18,207,238,30,268,475
11/18/2005,KOA,HI,AWP,WE,Federal Contract Tower,60,33,5,4,102,0,19,67,1,87,60,52,72,5,189,190,22,212,401
11/19/2005,KOA,HI,AWP,WE,Federal Contract Tower,57,21,12,4,94,0,45,38,0,83,57,66,50,4,177,196,27,223,400
11/20/2005,KOA,HI,AWP,WE,Federal Contract Tower,59,21,2,2,84,0,20,59,0,79,59,41,61,2,163,184,12,196,359
11/21/2005,KOA,HI,AWP,WE,Federal Contract Tower,58,30,5,0,93,0,27,68,0,95,58,57,73,0,188,212,0,212,400
11/22/2005,KOA,HI,AWP,WE,Federal Contract Tower,57,34,7,10,108,0,29,65,0,94,57,63,72,10,202,286,90,376,578
11/23/2005,KOA,HI,AWP,WE,Federal Contract Tower,60,33,13,2,108,0,48,56,2,106,60,81,69,4,214,262,0,262,476
11/24/2005,KOA,HI,AWP,WE,Federal Contract Tower,56,22,3,0,81,0,39,49,2,90,56,61,52,2,171,86,0,86,257
11/25/2005,KOA,HI,AWP,WE,Federal Contract Tower,58,25,1,0,84,0,20,73,0,93,58,45,74,0,177,182,0,182,359
11/26/2005,KOA,HI,AWP,WE,Federal Contract Tower,57,20,13,1,91,0,44,41,0,85,57,64,54,1,176,174,13,187,363
11/27/2005,KOA,HI,AWP,WE,Federal Contract Tower,60,33,27,0,120,0,40,48,0,88,60,73,75,0,208,232,0,232,440
11/28/2005,KOA,HI,AWP,WE,Federal Contract Tower,58,30,11,4,103,0,45,38,2,85,58,75,49,6,188,224,12,236,424
11/29/2005,KOA,HI,AWP,WE,Federal Contract Tower,55,23,11,22,111,0,38,71,0,109,55,61,82,22,220,282,66,348,568
11/30/2005,KOA,HI,AWP,WE,Federal Contract Tower,54,22,4,3,83,0,54,56,1,111,54,76,60,4,194,254,0,254,448
12/01/2005,KOA,HI,AWP,WE,Federal Contract Tower,57,25,5,9,96,0,49,75,3,127,57,74,80,12,223,174,70,244,467
12/02/2005,KOA,HI,AWP,WE,Federal Contract Tower,57,27,5,7,96,0,28,53,3,84,57,55,58,10,180,196,4,200,380
12/03/2005,KOA,HI,AWP,WE,Federal Contract Tower,57,23,11,0,91,0,19,45,2,66,57,42,56,2,157,292,0,292,449
12/04/2005,KOA,HI,AWP,WE,Federal Contract Tower,55,26,9,12,102,0,27,36,0,63,55,53,45,12,165,252,24,276,441
12/05/2005,KOA,HI,AWP,WE,Federal Contract Tower,59,23,4,4,90,0,26,60,4,90,59,49,64,8,180,282,24,306,486
12/06/2005,KOA,HI,AWP,WE,Federal Contract Tower,57,24,3,20,104,0,14,43,2,59,57,38,46,22,163,292,54,346,509
12/07/2005,KOA,HI,AWP,WE,Federal Contract Tower,56,29,10,14,109,0,9,18,0,27,56,38,28,14,136,174,24,198,334
12/08/2005,KOA,HI,AWP,WE,Federal Contract Tower,58,26,3,11,98,0,32,50,3,85,58,58,53,14,183,168,48,216,399
12/09/2005,KOA,HI,AWP,WE,Federal Contract Tower,57,28,3,14,102,0,27,37,4,68,57,55,40,18,170,228,50,278,448
12/10/2005,KOA,HI,AWP,WE,Federal Contract Tower,56,19,4,12,91,0,19,52,0,71,56,38,56,12,162,180,40,220,382
12/11/2005,KOA,HI,AWP,WE,Federal Contract Tower,55,17,5,12,89,0,35,34,0,69,55,52,39,12,158,216,0,216,374
12/12/2005,KOA,HI,AWP,WE,Federal Contract Tower,58,32,1,15,106,0,42,52,1,95,58,74,53,16,201,212,82,294,495
12/13/2005,KOA,HI,AWP,WE,Federal Contract Tower,54,25,2,9,90,0,23,41,0,64,54,48,43,9,154,256,90,346,500
12/14/2005,KOA,HI,AWP,WE,Federal Contract Tower,56,26,4,4,90,0,28,32,0,60,56,54,36,4,150,280,40,320,470
12/15/2005,KOA,HI,AWP,WE,Federal Contract Tower,59,22,5,3,89,0,43,58,1,102,59,65,63,4,191,230,16,246,437
12/16/2005,KOA,HI,AWP,WE,Federal Contract Tower,62,33,8,10,113,0,37,27,0,64,62,70,35,10,177,218,12,230,407
12/17/2005,KOA,HI,AWP,WE,Federal Contract Tower,59,25,16,0,100,0,28,28,0,56,59,53,44,0,156,158,0,158,314
12/18/2005,KOA,HI,AWP,WE,Federal Contract Tower,55,30,9,2,96,0,29,47,0,76,55,59,56,2,172,224,32,256,428
12/19/2005,KOA,HI,AWP,WE,Federal Contract Tower,63,22,15,14,114,0,39,31,0,70,63,61,46,14,184,174,46,220,404
12/20/2005,KOA,HI,AWP,WE,Federal Contract Tower,59,26,8,18,111,0,24,54,0,78,59,50,62,18,189,162,2,164,353
12/21/2005,KOA,HI,AWP,WE,Federal Contract Tower,56,26,11,18,111,0,28,51,0,79,56,54,62,18,190,194,72,266,456
12/22/2005,KOA,HI,AWP,WE,Federal Contract Tower,64,33,16,8,121,0,54,38,2,94,64,87,54,10,215,192,62,254,469
12/23/2005,KOA,HI,AWP,WE,Federal Contract Tower,66,29,14,0,109,0,51,26,2,79,66,80,40,2,188,134,8,142,330
12/24/2005,KOA,HI,AWP,WE,Federal Contract Tower,60,24,8,0,92,0,30,39,0,69,60,54,47,0,161,140,0,140,301
12/25/2005,KOA,HI,AWP,WE,Federal Contract Tower,58,28,5,0,91,0,16,4,0,20,58,44,9,0,111,28,0,28,139
12/26/2005,KOA,HI,AWP,WE,Federal Contract Tower,67,30,21,4,122,0,39,37,0,76,67,69,58,4,198,162,12,174,372
12/27/2005,KOA,HI,AWP,WE,Federal Contract Tower,60,28,18,10,116,0,41,62,0,103,60,69,80,10,219,190,44,234,453
12/28/2005,KOA,HI,AWP,WE,Federal Contract Tower,60,27,10,10,107,0,37,62,0,99,60,64,72,10,206,128,36,164,370
12/29/2005,KOA,HI,AWP,WE,Federal Contract Tower,62,27,11,4,104,0,51,42,6,99,62,78,53,10,203,130,88,218,421
12/30/2005,KOA,HI,AWP,WE,Federal Contract Tower,69,32,17,0,118,0,39,24,0,63,69,71,41,0,181,150,0,150,331
12/31/2005,KOA,HI,AWP,WE,Federal Contract Tower,59,25,12,0,96,0,27,31,0,58,59,52,43,0,154,126,0,126,280
01/01/2006,KOA,HI,AWP,WE,Federal Contract Tower,65,31,18,0,114,0,27,11,0,38,65,58,29,0,152,16,0,16,168
01/02/2006,KOA,HI,AWP,WE,Federal Contract Tower,72,29,25,0,126,0,45,44,0,89,72,74,69,0,215,124,0,124,339
01/03/2006,KOA,HI,AWP,WE,Federal Contract Tower,62,27,9,15,113,0,39,53,0,92,62,66,62,15,205,98,48,146,351
01/04/2006,KOA,HI,AWP,WE,Federal Contract Tower,58,23,4,30,115,0,37,54,0,91,58,60,58,30,206,90,120,210,416
01/05/2006,KOA,HI,AWP,WE,Federal Contract Tower,62,24,14,15,115,0,46,35,7,88,62,70,49,22,203,118,98,216,419
01/06/2006,KOA,HI,AWP,WE,Federal Contract Tower,63,30,10,15,118,0,25,30,0,55,63,55,40,15,173,140,40,180,353
01/07/2006,KOA,HI,AWP,WE,Federal Contract Tower,62,25,16,2,105,0,35,39,0,74,62,60,55,2,179,76,0,76,255
01/08/2006,KOA,HI,AWP,WE,Federal Contract Tower,61,26,6,1,94,0,26,28,1,55,61,52,34,2,149,94,0,94,243
01/09/2006,KOA,HI,AWP,WE,Federal Contract Tower,65,29,6,4,104,0,36,60,0,96,65,65,66,4,200,172,42,214,414
01/10/2006,KOA,HI,AWP,WE,Federal Contract Tower,60,21,4,20,105,0,37,48,1,86,60,58,52,21,191,104,90,194,385
01/11/2006,KOA,HI,AWP,WE,Federal Contract Tower,57,25,5,2,89,0,31,48,1,80,57,56,53,3,169,118,32,150,319
01/12/2006,KOA,HI,AWP,WE,Federal Contract Tower,61,22,7,7,97,0,29,38,1,68,61,51,45,8,165,178,14,192,357
01/13/2006,KOA,HI,AWP,WE,Federal Contract Tower,65,25,8,5,103,0,41,30,5,76,65,66,38,10,179,118,18,136,315
01/14/2006,KOA,HI,AWP,WE,Federal Contract Tower,63,25,12,6,106,0,25,28,2,55,63,50,40,8,161,166,8,174,335
01/15/2006,KOA,HI,AWP,WE,Federal Contract Tower,61,21,9,2,93,0,43,32,0,75,61,64,41,2,168,154,0,154,322
01/16/2006,KOA,HI,AWP,WE,Federal Contract Tower,64,22,7,2,95,0,33,37,0,70,64,55,44,2,165,158,0,158,323
01/17/2006,KOA,HI,AWP,WE,Federal Contract Tower,57,27,13,6,103,0,33,53,0,86,57,60,66,6,189,120,20,140,329
01/18/2006,KOA,HI,AWP,WE,Federal Contract Tower,58,23,11,12,104,0,45,54,0,99,58,68,65,12,203,190,100,290,493
01/19/2006,KOA,HI,AWP,WE,Federal Contract Tower,61,23,5,18,107,0,37,53,8,98,61,60,58,26,205,242,60,302,507
01/20/2006,KOA,HI,AWP,WE,Federal Contract Tower,62,25,11,6,104,0,36,34,0,70,62,61,45,6,174,196,18,214,388
01/21/2006,KOA,HI,AWP,WE,Federal Contract Tower,61,18,7,8,94,0,36,30,0,66,61,54,37,8,160,98,22,120,280
01/22/2006,KOA,HI,AWP,WE,Federal Contract Tower,62,23,9,4,98,0,19,29,2,50,62,42,38,6,148,118,0,118,266
01/23/2006,KOA,HI,AWP,WE,Federal Contract Tower,61,22,10,17,110,0,36,62,11,109,61,58,72,28,219,254,98,352,571
01/24/2006,KOA,HI,AWP,WE,Federal Contract Tower,57,28,11,15,111,0,28,37,0,65,57,56,48,15,176,170,40,210,386
01/25/2006,KOA,HI,AWP,WE,Federal Contract Tower,63,23,5,28,119,0,53,67,0,120,63,76,72,28,239,180,90,270,509
01/26/2006,KOA,HI,AWP,WE,Federal Contract Tower,60,28,5,14,107,0,21,49,4,74,60,49,54,18,181,144,100,244,425
01/27/2006,KOA,HI,AWP,WE,Federal Contract Tower,61,26,8,8,103,0,39,38,4,81,61,65,46,12,184,116,6,122,306
01/28/2006,KOA,HI,AWP,WE,Federal Contract Tower,62,22,7,10,101,0,30,32,0,62,62,52,39,10,163,62,0,62,225
01/29/2006,KOA,HI,AWP,WE,Federal Contract Tower,59,28,14,6,107,0,33,46,2,81,59,61,60,8,188,164,130,294,482
01/30/2006,KOA,HI,AWP,WE,Federal Contract Tower,69,20,7,14,110,0,40,56,4,100,69,60,63,18,210,124,32,156,366
01/31/2006,KOA,HI,AWP,WE,Federal Contract Tower,62,20,8,0,90,0,43,56,0,99,62,63,64,0,189,190,0,190,379
02/01/2006,KOA,HI,AWP,WE,Federal Contract Tower,59,22,9,8,98,0,34,58,0,92,59,56,67,8,190,226,52,278,468
02/02/2006,KOA,HI,AWP,WE,Federal Contract Tower,60,25,5,12,102,0,21,44,4,69,60,46,49,16,171,268,100,368,539
02/03/2006,KOA,HI,AWP,WE,Federal Contract Tower,66,25,6,4,101,0,30,38,2,70,66,55,44,6,171,134,30,164,335
02/04/2006,KOA,HI,AWP,WE,Federal Contract Tower,60,21,3,5,89,2,23,14,1,40,62,44,17,6,129,4,18,22,151
02/05/2006,KOA,HI,AWP,WE,Federal Contract Tower,61,23,3,0,87,0,23,46,0,69,61,46,49,0,156,212,0,212,368
02/06/2006,KOA,HI,AWP,WE,Federal Contract Tower,65,18,10,14,107,4,36,38,0,78,69,54,48,14,185,124,62,186,371
02/07/2006,KOA,HI,AWP,WE,Federal Contract Tower,58,20,11,11,100,0,34,48,0,82,58,54,59,11,182,169,44,213,395
02/08/2006,KOA,HI,AWP,WE,Federal Contract Tower,57,25,9,11,102,0,35,37,0,72,57,60,46,11,174,120,22,142,316
02/09/2006,KOA,HI,AWP,WE,Federal Contract Tower,62,25,4,10,101,0,28,18,8,54,62,53,22,18,155,84,30,114,269
02/10/2006,KOA,HI,AWP,WE,Federal Contract Tower,65,25,3,16,109,0,40,42,20,102,65,65,45,36,211,150,36,186,397
02/11/2006,KOA,HI,AWP,WE,Federal Contract Tower,63,17,8,2,90,0,41,36,0,77,63,58,44,2,167,82,14,96,263
02/12/2006,KOA,HI,AWP,WE,Federal Contract Tower,53,27,13,0,93,6,27,44,6,83,59,54,57,6,176,102,0,102,278
02/13/2006,KOA,HI,AWP,WE,Federal Contract Tower,65,20,4,1,90,0,33,26,3,62,65,53,30,4,152,42,14,56,208
02/14/2006,KOA,HI,AWP,WE,Federal Contract Tower,58,28,8,25,119,0,28,44,0,72,58,56,52,25,191,125,80,205,396
02/15/2006,KOA,HI,AWP,WE,Federal Contract Tower,56,20,16,11,103,0,35,52,0,87,56,55,68,11,190,134,78,212,402
02/16/2006,KOA,HI,AWP,WE,Federal Contract Tower,58,22,1,12,93,0,46,50,14,110,58,68,51,26,203,182,92,274,477
02/17/2006,KOA,HI,AWP,WE,Federal Contract Tower,65,22,9,14,110,0,33,29,0,62,65,55,38,14,172,92,44,136,308
02/18/2006,KOA,HI,AWP,WE,Federal Contract Tower,63,23,9,2,97,0,35,39,0,74,63,58,48,2,171,76,0,76,247
02/19/2006,KOA,HI,AWP,WE,Federal Contract Tower,61,19,9,5,94,0,40,24,5,69,61,59,33,10,163,232,18,250,413
02/20/2006,KOA,HI,AWP,WE,Federal Contract Tower,64,19,6,6,95,0,43,42,2,87,64,62,48,8,182,282,26,308,490
02/21/2006,KOA,HI,AWP,WE,Federal Contract Tower,57,24,9,9,99,0,25,39,0,64,57,49,48,9,163,134,63,197,360
02/22/2006,KOA,HI,AWP,WE,Federal Contract Tower,58,25,10,13,106,0,31,45,0,76,58,56,55,13,182,330,44,374,556
02/23/2006,KOA,HI,AWP,WE,Federal Contract Tower,60,22,8,16,106,0,41,27,9,77,60,63,35,25,183,226,54,280,463
02/24/2006,KOA,HI,AWP,WE,Federal Contract Tower,61,24,6,6,97,0,43,44,0,87,61,67,50,6,184,226,44,270,454
02/25/2006,KOA,HI,AWP,WE,Federal Contract Tower,63,21,2,8,94,0,23,40,6,69,63,44,42,14,163,176,16,192,355
02/26/2006,KOA,HI,AWP,WE,Federal Contract Tower,58,26,9,0,93,0,24,25,0,49,58,50,34,0,142,170,0,170,312
02/27/2006,KOA,HI,AWP,WE,Federal Contract Tower,64,23,4,18,109,0,37,57,2,96,64,60,61,20,205,242,82,324,529
02/28/2006,KOA,HI,AWP,WE,Federal Contract Tower,57,18,4,37,116,0,35,46,0,81,57,53,50,37,197,120,122,242,439
03/01/2006,KOA,HI,AWP,WE,Federal Contract Tower,56,22,9,18,105,0,18,26,0,44,56,40,35,18,149,118,135,253,402
03/02/2006,KOA,HI,AWP,WE,Federal Contract Tower,61,21,10,40,132,0,25,39,17,81,61,46,49,57,213,158,164,322,535
03/03/2006,KOA,HI,AWP,WE,Federal Contract Tower,61,31,11,16,119,0,20,38,2,60,61,51,49,18,179,180,108,288,467
03/04/2006,KOA,HI,AWP,WE,Federal Contract Tower,61,18,14,8,101,0,42,58,10,110,61,60,72,18,211,212,62,274,485
03/05/2006,KOA,HI,AWP,WE,Federal Contract Tower,59,18,8,0,85,0,33,38,2,73,59,51,46,2,158,138,6,144,302
03/06/2006,KOA,HI,AWP,WE,Federal Contract Tower,60,23,7,16,106,0,38,59,0,97,60,61,66,16,203,180,16,196,399
03/07/2006,KOA,HI,AWP,WE,Federal Contract Tower,60,25,7,16,108,0,29,37,0,66,60,54,44,16,174,155,46,201,375
03/08/2006,KOA,HI,AWP,WE,Federal Contract Tower,58,30,15,13,116,0,25,52,0,77,58,55,67,13,193,180,42,222,415
03/09/2006,KOA,HI,AWP,WE,Federal Contract Tower,62,28,8,20,118,0,17,33,6,56,62,45,41,26,174,204,196,400,574
03/10/2006,KOA,HI,AWP,WE,Federal Contract Tower,64,22,13,34,133,0,36,25,0,61,64,58,38,34,194,154,82,236,430
03/11/2006,KOA,HI,AWP,WE,Federal Contract Tower,64,20,11,7,102,0,35,11,0,46,64,55,22,7,148,104,16,120,268
03/12/2006,KOA,HI,AWP,WE,Federal Contract Tower,58,24,10,2,94,0,33,25,0,58,58,57,35,2,152,112,0,112,264
03/13/2006,KOA,HI,AWP,WE,Federal Contract Tower,63,20,4,19,106,0,34,33,2,69,63,54,37,21,175,122,62,184,359
03/14/2006,KOA,HI,AWP,WE,Federal Contract Tower,58,18,2,0,78,0,41,52,0,93,58,59,54,0,171,150,4,154,325
03/15/2006,KOA,HI,AWP,WE,Federal Contract Tower,58,18,7,7,90,0,20,39,0,59,58,38,46,7,149,90,28,118,267
03/16/2006,KOA,HI,AWP,WE,Federal Contract Tower,58,24,2,7,91,0,29,31,3,63,58,53,33,10,154,190,82,272,426
03/17/2006,KOA,HI,AWP,WE,Federal Contract Tower,64,29,3,9,105,0,30,31,1,62,64,59,34,10,167,124,0,124,291
03/18/2006,KOA,HI,AWP,WE,Federal Contract Tower,65,23,6,11,105,0,27,13,0,40,65,50,19,11,145,92,16,108,253
03/19/2006,KOA,HI,AWP,WE,Federal Contract Tower,64,38,3,0,105,0,7,11,0,18,64,45,14,0,123,0,0,0,123
03/20/2006,KOA,HI,AWP,WE,Federal Contract Tower,66,27,5,6,104,0,43,37,1,81,66,70,42,7,185,154,56,210,395
03/21/2006,KOA,HI,AWP,WE,Federal Contract Tower,58,28,10,3,99,0,37,41,0,78,58,65,51,3,177,190,52,242,419
03/22/2006,KOA,HI,AWP,WE,Federal Contract Tower,58,21,3,10,92,0,38,55,0,93,58,59,58,10,185,234,56,290,475
03/23/2006,KOA,HI,AWP,WE,Federal Contract Tower,64,28,10,10,112,0,27,22,6,55,64,55,32,16,167,52,88,140,307
03/24/2006,KOA,HI,AWP,WE,Federal Contract Tower,69,26,7,2,104,0,34,9,0,43,69,60,16,2,147,102,0,102,249
03/25/2006,KOA,HI,AWP,WE,Federal Contract Tower,69,22,3,0,94,0,40,37,0,77,69,62,40,0,171,74,0,74,245
03/26/2006,KOA,HI,AWP,WE,Federal Contract Tower,60,30,4,16,110,0,27,39,0,66,60,57,43,16,176,60,2,62,238
03/27/2006,KOA,HI,AWP,WE,Federal Contract Tower,63,30,5,2,100,0,19,14,0,33,63,49,19,2,133,0,0,0,133
03/28/2006,KOA,HI,AWP,WE,Federal Contract Tower,58,22,7,0,87,0,36,42,0,78,58,58,49,0,165,160,0,160,325
03/29/2006,KOA,HI,AWP,WE,Federal Contract Tower,62,25,7,10,104,0,33,51,0,84,62,58,58,10,188,190,54,244,432
03/30/2006,KOA,HI,AWP,WE,Federal Contract Tower,63,21,11,4,99,0,37,41,4,82,63,58,52,8,181,208,34,242,423
03/31/2006,KOA,HI,AWP,WE,Federal Contract Tower,60,28,19,6,113,0,26,21,0,47,60,54,40,6,160,158,36,194,354
04/01/2006,KOA,HI,AWP,WE,Federal Contract Tower,64,27,5,4,100,0,27,14,0,41,64,54,19,4,141,62,10,72,213
04/02/2006,KOA,HI,AWP,WE,Federal Contract Tower,64,21,10,2,97,0,34,28,0,62,64,55,38,2,159,46,0,46,205
04/03/2006,KOA,HI,AWP,WE,Federal Contract Tower,65,15,2,4,86,0,43,31,0,74,65,58,33,4,160,192,18,210,370
04/04/2006,KOA,HI,AWP,WE,Federal Contract Tower,57,18,9,18,102,0,42,34,2,78,57,60,43,20,180,120,60,180,360
04/05/2006,KOA,HI,AWP,WE,Federal Contract Tower,57,17,12,9,95,0,37,44,0,81,57,54,56,9,176,126,50,176,352
04/06/2006,KOA,HI,AWP,WE,Federal Contract Tower,58,18,12,4,92,0,40,31,3,74,58,58,43,7,166,138,68,206,372
04/07/2006,KOA,HI,AWP,WE,Federal Contract Tower,67,29,12,0,108,0,22,35,0,57,67,51,47,0,165,80,0,80,245
04/08/2006,KOA,HI,AWP,WE,Federal Contract Tower,73,12,12,2,99,0,22,24,0,46,73,34,36,2,145,42,0,42,187
04/09/2006,KOA,HI,AWP,WE,Federal Contract Tower,64,18,11,4,97,0,32,22,2,56,64,50,33,6,153,96,0,96,249
04/10/2006,KOA,HI,AWP,WE,Federal Contract Tower,64,16,3,12,95,0,42,47,2,91,64,58,50,14,186,128,64,192,378
04/11/2006,KOA,HI,AWP,WE,Federal Contract Tower,62,15,6,10,93,0,58,41,0,99,62,73,47,10,192,143,110,253,445
04/12/2006,KOA,HI,AWP,WE,Federal Contract Tower,57,23,4,15,99,0,22,43,0,65,57,45,47,15,164,178,85,263,427
04/13/2006,KOA,HI,AWP,WE,Federal Contract Tower,61,22,11,8,102,0,25,27,4,56,61,47,38,12,158,88,82,170,328
04/14/2006,KOA,HI,AWP,WE,Federal Contract Tower,60,26,13,8,107,0,24,21,0,45,60,50,34,8,152,112,44,156,308
04/15/2006,KOA,HI,AWP,WE,Federal Contract Tower,64,18,16,0,98,0,34,30,0,64,64,52,46,0,162,46,0,46,208
04/16/2006,KOA,HI,AWP,WE,Federal Contract Tower,67,20,17,0,104,0,36,40,4,80,67,56,57,4,184,154,0,154,338
04/17/2006,KOA,HI,AWP,WE,Federal Contract Tower,66,15,9,12,102,0,43,48,6,97,66,58,57,18,199,108,74,182,381
04/18/2006,KOA,HI,AWP,WE,Federal Contract Tower,58,23,2,8,91,0,27,40,0,67,58,50,42,8,158,132,16,148,306
04/19/2006,KOA,HI,AWP,WE,Federal Contract Tower,63,17,12,5,97,0,39,40,0,79,63,56,52,5,176,196,20,216,392
04/20/2006,KOA,HI,AWP,WE,Federal Contract Tower,65,14,7,5,91,0,36,26,3,65,65,50,33,8,156,142,60,202,358
04/21/2006,KOA,HI,AWP,WE,Federal Contract Tower,68,15,6,17,106,0,39,19,8,66,68,54,25,25,172,66,70,136,308
04/22/2006,KOA,HI,AWP,WE,Federal Contract Tower,73,15,12,16,116,0,32,32,0,64,73,47,44,16,180,72,0,72,252
04/23/2006,KOA,HI,AWP,WE,Federal Contract Tower,62,22,7,0,91,0,29,39,0,68,62,51,46,0,159,144,0,144,303
04/24/2006,KOA,HI,AWP,WE,Federal Contract Tower,59,19,6,26,110,0,20,40,8,68,59,39,46,34,178,108,28,136,314
04/25/2006,KOA,HI,AWP,WE,Federal Contract Tower,61,18,9,6,94,0,30,55,0,85,61,48,64,6,179,130,24,154,333
04/26/2006,KOA,HI,AWP,WE,Federal Contract Tower,63,17,8,10,98,0,35,47,4,86,63,52,55,14,184,146,68,214,398
04/27/2006,KOA,HI,AWP,WE,Federal Contract Tower,65,14,5,2,86,0,34,57,0,91,65,48,62,2,177,167,46,213,390
04/28/2006,KOA,HI,AWP,WE,Federal Contract Tower,69,18,5,2,94,0,34,33,0,67,69,52,38,2,161,160,20,180,341
04/29/2006,KOA,HI,AWP,WE,Federal Contract Tower,70,14,4,1,89,0,53,133,1,187,70,67,137,2,276,90,6,96,372
04/30/2006,KOA,HI,AWP,WE,Federal Contract Tower,64,17,6,0,87,0,21,44,0,65,64,38,50,0,152,96,0,96,248
05/01/2006,KOA,HI,AWP,WE,Federal Contract Tower,63,16,2,8,89,0,39,44,0,83,63,55,46,8,172,202,28,230,402
05/02/2006,KOA,HI,AWP,WE,Federal Contract Tower,61,17,3,25,106,0,33,41,0,74,61,50,44,25,180,182,78,260,440
05/03/2006,KOA,HI,AWP,WE,Federal Contract Tower,63,14,6,6,89,0,40,70,0,110,63,54,76,6,199,182,88,270,469
05/04/2006,KOA,HI,AWP,WE,Federal Contract Tower,65,12,7,1,85,0,38,51,0,89,65,50,58,1,174,160,0,160,334
05/05/2006,KOA,HI,AWP,WE,Federal Contract Tower,69,25,5,0,99,0,18,21,3,42,69,43,26,3,141,148,0,148,289
05/06/2006,KOA,HI,AWP,WE,Federal Contract Tower,72,11,4,2,89,0,29,38,0,67,72,40,42,2,156,50,6,56,212
05/07/2006,KOA,HI,AWP,WE,Federal Contract Tower,70,22,4,0,96,0,0,0,0,0,70,22,4,0,96,72,0,72,168
05/08/2006,KOA,HI,AWP,WE,Federal Contract Tower,67,14,2,4,87,0,51,61,0,112,67,65,63,4,199,204,72,276,475
05/09/2006,KOA,HI,AWP,WE,Federal Contract Tower,60,20,3,0,83,0,30,39,0,69,60,50,42,0,152,138,0,138,290
05/10/2006,KOA,HI,AWP,WE,Federal Contract Tower,60,15,10,10,95,0,34,31,0,65,60,49,41,10,160,150,35,185,345
05/11/2006,KOA,HI,AWP,WE,Federal Contract Tower,67,14,10,15,106,0,39,44,0,83,67,53,54,15,189,190,178,368,557
05/12/2006,KOA,HI,AWP,WE,Federal Contract Tower,65,21,7,9,102,0,37,42,0,79,65,58,49,9,181,156,58,214,395
05/13/2006,KOA,HI,AWP,WE,Federal Contract Tower,70,11,3,1,85,0,44,44,0,88,70,55,47,1,173,116,4,120,293
05/14/2006,KOA,HI,AWP,WE,Federal Contract Tower,69,19,8,0,96,0,22,45,0,67,69,41,53,0,163,84,0,84,247
05/15/2006,KOA,HI,AWP,WE,Federal Contract Tower,68,16,5,2,91,0,45,54,4,103,68,61,59,6,194,202,52,254,448
05/16/2006,KOA,HI,AWP,WE,Federal Contract Tower,62,18,5,9,94,0,41,47,2,90,62,59,52,11,184,136,164,300,484
05/17/2006,KOA,HI,AWP,WE,Federal Contract Tower,62,18,9,1,90,0,41,56,0,97,62,59,65,1,187,240,94,334,521
05/18/2006,KOA,HI,AWP,WE,Federal Contract Tower,63,20,11,10,104,0,44,53,10,107,63,64,64,20,211,242,52,294,505
05/19/2006,KOA,HI,AWP,WE,Federal Contract Tower,14,21,7,0,42,60,48,46,2,156,74,69,53,2,198,78,2,80,278
05/20/2006,KOA,HI,AWP,WE,Federal Contract Tower,69,15,5,2,91,0,15,27,0,42,69,30,32,2,133,34,0,34,167
05/21/2006,KOA,HI,AWP,WE,Federal Contract Tower,70,19,3,0,92,0,43,37,0,80,70,62,40,0,172,92,0,92,264
05/22/2006,KOA,HI,AWP,WE,Federal Contract Tower,60,21,7,11,99,0,39,34,1,74,60,60,41,12,173,130,110,240,413
05/23/2006,KOA,HI,AWP,WE,Federal Contract Tower,61,23,5,22,111,0,39,58,0,97,61,62,63,22,208,114,108,222,430
05/24/2006,KOA,HI,AWP,WE,Federal Contract Tower,61,21,8,8,98,0,37,42,0,79,61,58,50,8,177,120,110,230,407
05/25/2006,KOA,HI,AWP,WE,Federal Contract Tower,70,16,10,10,106,0,45,59,0,104,70,61,69,10,210,248,46,294,504
05/26/2006,KOA,HI,AWP,WE,Federal Contract Tower,72,20,17,0,109,0,44,59,2,105,72,64,76,2,214,102,0,102,316
05/27/2006,KOA,HI,AWP,WE,Federal Contract Tower,69,20,7,0,96,0,30,57,0,87,69,50,64,0,183,96,0,96,279
05/28/2006,KOA,HI,AWP,WE,Federal Contract Tower,71,21,2,0,94,0,47,41,0,88,71,68,43,0,182,82,0,82,264
05/29/2006,KOA,HI,AWP,WE,Federal Contract Tower,76,21,8,2,107,0,37,48,0,85,76,58,56,2,192,136,42,178,370
05/30/2006,KOA,HI,AWP,WE,Federal Contract Tower,66,13,8,10,97,0,47,54,1,102,66,60,62,11,199,150,80,230,429
05/31/2006,KOA,HI,AWP,WE,Federal Contract Tower,64,15,8,5,92,0,39,42,2,83,64,54,50,7,175,174,58,232,407
06/01/2006,KOA,HI,AWP,WE,Federal Contract Tower,74,29,3,8,114,0,40,55,4,99,74,69,58,12,213,242,120,362,575
06/02/2006,KOA,HI,AWP,WE,Federal Contract Tower,78,22,7,12,119,0,50,49,0,99,78,72,56,12,218,182,70,252,470
06/03/2006,KOA,HI,AWP,WE,Federal Contract Tower,78,17,8,1,104,0,35,33,0,68,78,52,41,1,172,204,0,204,376
06/04/2006,KOA,HI,AWP,WE,Federal Contract Tower,76,17,11,0,104,0,43,34,0,77,76,60,45,0,181,134,0,134,315
06/05/2006,KOA,HI,AWP,WE,Federal Contract Tower,71,12,6,0,89,0,55,43,4,102,71,67,49,4,191,184,0,184,375
06/06/2006,KOA,HI,AWP,WE,Federal Contract Tower,71,14,4,13,102,0,55,65,5,125,71,69,69,18,227,264,86,350,577
06/07/2006,KOA,HI,AWP,WE,Federal Contract Tower,69,13,6,3,91,0,50,48,0,98,69,63,54,3,189,180,74,254,443
06/08/2006,KOA,HI,AWP,WE,Federal Contract Tower,80,16,9,8,113,0,49,46,8,103,80,65,55,16,216,262,90,352,568
06/09/2006,KOA,HI,AWP,WE,Federal Contract Tower,98,24,11,5,138,0,36,51,0,87,98,60,62,5,225,220,42,262,487
06/10/2006,KOA,HI,AWP,WE,Federal Contract Tower,96,14,8,2,120,0,47,48,2,97,96,61,56,4,217,188,0,188,405
06/11/2006,KOA,HI,AWP,WE,Federal Contract Tower,90,12,4,6,112,0,40,40,0,80,90,52,44,6,192,182,20,202,394
06/12/2006,KOA,HI,AWP,WE,Federal Contract Tower,92,17,10,7,126,1,40,45,3,89,93,57,55,10,215,192,42,234,449
06/13/2006,KOA,HI,AWP,WE,Federal Contract Tower,86,19,15,4,124,0,51,53,0,104,86,70,68,4,228,220,42,262,490
06/14/2006,KOA,HI,AWP,WE,Federal Contract Tower,116,17,20,5,158,0,43,51,0,94,116,60,71,5,252,220,54,274,526
06/15/2006,KOA,HI,AWP,WE,Federal Contract Tower,90,15,7,6,118,0,56,51,3,110,90,71,58,9,228,360,80,440,668
06/16/2006,KOA,HI,AWP,WE,Federal Contract Tower,96,20,8,6,130,0,47,45,2,94,96,67,53,8,224,208,38,246,470
06/17/2006,KOA,HI,AWP,WE,Federal Contract Tower,91,15,9,0,115,0,34,13,2,49,91,49,22,2,164,152,0,152,316
06/18/2006,KOA,HI,AWP,WE,Federal Contract Tower,94,13,4,0,111,0,38,26,0,64,94,51,30,0,175,132,0,132,307
06/19/2006,KOA,HI,AWP,WE,Federal Contract Tower,91,15,9,3,118,0,52,40,1,93,91,67,49,4,211,214,42,256,467
06/20/2006,KOA,HI,AWP,WE,Federal Contract Tower,84,15,8,9,116,0,33,46,0,79,84,48,54,9,195,214,36,250,445
06/21/2006,KOA,HI,AWP,WE,Federal Contract Tower,92,18,7,10,127,0,37,58,0,95,92,55,65,10,222,168,80,248,470
06/22/2006,KOA,HI,AWP,WE,Federal Contract Tower,100,18,7,10,135,0,57,50,8,115,100,75,57,18,250,258,48,306,556
06/23/2006,KOA,HI,AWP,WE,Federal Contract Tower,92,27,12,2,133,0,55,48,0,103,92,82,60,2,236,216,36,252,488
06/24/2006,KOA,HI,AWP,WE,Federal Contract Tower,94,11,8,0,113,0,26,40,0,66,94,37,48,0,179,106,0,106,285
06/25/2006,KOA,HI,AWP,WE,Federal Contract Tower,93,17,7,0,117,0,43,34,0,77,93,60,41,0,194,68,0,68,262
06/26/2006,KOA,HI,AWP,WE,Federal Contract Tower,99,14,8,1,122,0,43,39,9,91,99,57,47,10,213,204,12,216,429
06/27/2006,KOA,HI,AWP,WE,Federal Contract Tower,92,19,8,2,121,0,39,46,4,89,92,58,54,6,210,160,36,196,406
06/28/2006,KOA,HI,AWP,WE,Federal Contract Tower,91,17,11,10,129,0,45,60,0,105,91,62,71,10,234,180,149,329,563
06/29/2006,KOA,HI,AWP,WE,Federal Contract Tower,100,14,8,16,138,0,49,36,1,86,100,63,44,17,224,190,120,310,534
06/30/2006,KOA,HI,AWP,WE,Federal Contract Tower,105,20,13,1,139,0,48,42,2,92,105,68,55,3,231,124,0,124,355
07/01/2006,KOA,HI,AWP,WE,Federal Contract Tower,106,25,2,4,137,0,36,30,0,66,106,61,32,4,203,86,10,96,299
07/02/2006,KOA,HI,AWP,WE,Federal Contract Tower,102,17,4,0,123,0,60,50,0,110,102,77,54,0,233,162,0,162,395
07/03/2006,KOA,HI,AWP,WE,Federal Contract Tower,103,18,7,2,130,0,40,39,2,81,103,58,46,4,211,202,12,214,425
07/04/2006,KOA,HI,AWP,WE,Federal Contract Tower,97,12,7,1,117,0,32,42,1,75,97,44,49,2,192,124,0,124,316
07/05/2006,KOA,HI,AWP,WE,Federal Contract Tower,96,27,6,10,139,0,37,45,0,82,96,64,51,10,221,136,148,284,505
07/06/2006,KOA,HI,AWP,WE,Federal Contract Tower,106,16,8,17,147,0,51,47,7,105,106,67,55,24,252,200,96,296,548
07/07/2006,KOA,HI,AWP,WE,Federal Contract Tower,104,27,5,12,148,0,45,53,6,104,104,72,58,18,252,194,94,288,540
07/08/2006,KOA,HI,AWP,WE,Federal Contract Tower,105,22,3,0,130,0,51,41,0,92,105,73,44,0,222,60,0,60,282
07/09/2006,KOA,HI,AWP,WE,Federal Contract Tower,103,14,10,0,127,0,46,37,0,83,103,60,47,0,210,118,0,118,328
07/10/2006,KOA,HI,AWP,WE,Federal Contract Tower,112,21,7,10,150,0,56,42,2,100,112,77,49,12,250,218,112,330,580
07/11/2006,KOA,HI,AWP,WE,Federal Contract Tower,101,23,6,11,141,0,49,58,0,107,101,72,64,11,248,192,108,300,548
07/12/2006,KOA,HI,AWP,WE,Federal Contract Tower,104,19,8,10,141,0,39,56,2,97,104,58,64,12,238,236,98,334,572
07/13/2006,KOA,HI,AWP,WE,Federal Contract Tower,107,19,7,6,139,0,50,70,6,126,107,69,77,12,265,216,76,292,557
07/14/2006,KOA,HI,AWP,WE,Federal Contract Tower,104,20,10,16,150,0,58,59,0,117,104,78,69,16,267,248,58,306,573
07/15/2006,KOA,HI,AWP,WE,Federal Contract Tower,103,25,3,2,133,0,47,54,2,103,103,72,57,4,236,180,38,218,454
07/16/2006,KOA,HI,AWP,WE,Federal Contract Tower,102,21,4,0,127,0,37,37,0,74,102,58,41,0,201,82,0,82,283
07/17/2006,KOA,HI,AWP,WE,Federal Contract Tower,106,11,8,18,143,0,56,40,2,98,106,67,48,20,241,178,74,252,493
07/18/2006,KOA,HI,AWP,WE,Federal Contract Tower,100,14,8,24,146,0,43,52,0,95,100,57,60,24,241,140,199,339,580
07/19/2006,KOA,HI,AWP,WE,Federal Contract Tower,105,14,0,22,141,0,44,63,0,107,105,58,63,22,248,168,160,328,576
07/20/2006,KOA,HI,AWP,WE,Federal Contract Tower,109,25,7,20,161,0,47,57,14,118,109,72,64,34,279,246,114,360,639
07/21/2006,KOA,HI,AWP,WE,Federal Contract Tower,103,18,10,6,137,0,37,39,0,76,103,55,49,6,213,146,40,186,399
07/22/2006,KOA,HI,AWP,WE,Federal Contract Tower,104,19,7,0,130,0,40,33,0,73,104,59,40,0,203,142,0,142,345
07/23/2006,KOA,HI,AWP,WE,Federal Contract Tower,107,12,2,0,121,0,40,36,0,76,107,52,38,0,197,68,0,68,265
07/24/2006,KOA,HI,AWP,WE,Federal Contract Tower,111,17,2,10,140,0,45,40,0,85,111,62,42,10,225,162,104,266,491
07/25/2006,KOA,HI,AWP,WE,Federal Contract Tower,106,13,12,8,139,0,51,28,0,79,106,64,40,8,218,180,64,244,462
07/26/2006,KOA,HI,AWP,WE,Federal Contract Tower,104,14,10,6,134,0,44,48,0,92,104,58,58,6,226,160,60,220,446
07/27/2006,KOA,HI,AWP,WE,Federal Contract Tower,106,21,8,12,147,0,49,60,3,112,106,70,68,15,259,192,92,284,543
07/28/2006,KOA,HI,AWP,WE,Federal Contract Tower,105,24,6,14,149,0,41,42,0,83,105,65,48,14,232,196,98,294,526
07/29/2006,KOA,HI,AWP,WE,Federal Contract Tower,105,22,4,0,131,0,20,40,0,60,105,42,44,0,191,70,0,70,261
07/30/2006,KOA,HI,AWP,WE,Federal Contract Tower,103,17,3,0,123,0,42,49,0,91,103,59,52,0,214,68,0,68,282
07/31/2006,KOA,HI,AWP,WE,Federal Contract Tower,106,19,3,0,128,0,65,54,0,119,106,84,57,0,247,140,0,140,387
08/01/2006,KOA,HI,AWP,WE,Federal Contract Tower,99,16,8,29,152,0,41,47,9,97,99,57,55,38,249,200,97,297,546
08/02/2006,KOA,HI,AWP,WE,Federal Contract Tower,102,14,14,22,152,0,35,45,0,80,102,49,59,22,232,230,72,302,534
08/03/2006,KOA,HI,AWP,WE,Federal Contract Tower,101,16,12,22,151,0,46,44,16,106,101,62,56,38,257,254,76,330,587
08/04/2006,KOA,HI,AWP,WE,Federal Contract Tower,105,27,12,7,151,0,52,42,5,99,105,79,54,12,250,224,60,284,534
08/05/2006,KOA,HI,AWP,WE,Federal Contract Tower,102,15,10,0,127,0,57,58,0,115,102,72,68,0,242,184,0,184,426
08/06/2006,KOA,HI,AWP,WE,Federal Contract Tower,103,22,9,2,136,0,44,49,2,95,103,66,58,4,231,102,0,102,333
08/07/2006,KOA,HI,AWP,WE,Federal Contract Tower,103,18,8,5,134,0,60,61,0,121,103,78,69,5,255,238,0,238,493
08/08/2006,KOA,HI,AWP,WE,Federal Contract Tower,100,14,2,12,128,0,41,59,6,106,100,55,61,18,234,240,72,312,546
08/09/2006,KOA,HI,AWP,WE,Federal Contract Tower,111,16,5,13,145,0,69,70,5,144,111,85,75,18,289,246,36,282,571
08/10/2006,KOA,HI,AWP,WE,Federal Contract Tower,104,20,5,10,139,0,50,65,2,117,104,70,70,12,256,198,118,316,572
08/11/2006,KOA,HI,AWP,WE,Federal Contract Tower,106,23,10,4,143,0,52,47,2,101,106,75,57,6,244,228,24,252,496
08/12/2006,KOA,HI,AWP,WE,Federal Contract Tower,108,24,3,2,137,0,60,59,0,119,108,84,62,2,256,126,36,162,418
08/13/2006,KOA,HI,AWP,WE,Federal Contract Tower,99,26,12,0,137,0,38,52,0,90,99,64,64,0,227,162,0,162,389
08/14/2006,KOA,HI,AWP,WE,Federal Contract Tower,101,22,22,13,158,0,66,77,1,144,101,88,99,14,302,286,102,388,690
08/15/2006,KOA,HI,AWP,WE,Federal Contract Tower,92,20,22,17,151,0,57,53,4,114,92,77,75,21,265,232,48,280,545
08/16/2006,KOA,HI,AWP,WE,Federal Contract Tower,102,20,8,9,139,0,49,38,0,87,102,69,46,9,226,134,32,166,392
08/17/2006,KOA,HI,AWP,WE,Federal Contract Tower,103,23,11,16,153,0,72,67,3,142,103,95,78,19,295,251,62,313,608
08/18/2006,KOA,HI,AWP,WE,Federal Contract Tower,108,18,5,1,132,0,67,32,0,99,108,85,37,1,231,285,8,293,524
08/19/2006,KOA,HI,AWP,WE,Federal Contract Tower,104,21,8,1,134,0,41,38,1,80,104,62,46,2,214,82,0,82,296
08/20/2006,KOA,HI,AWP,WE,Federal Contract Tower,101,15,9,2,127,0,64,40,0,104,101,79,49,2,231,18,0,18,249
08/21/2006,KOA,HI,AWP,WE,Federal Contract Tower,98,19,12,10,139,0,43,47,2,92,98,62,59,12,231,246,42,288,519
08/22/2006,KOA,HI,AWP,WE,Federal Contract Tower,92,24,8,4,128,0,62,57,0,119,92,86,65,4,247,238,72,310,557
08/23/2006,KOA,HI,AWP,WE,Federal Contract Tower,90,16,12,10,128,0,59,60,6,125,90,75,72,16,253,142,34,176,429
08/24/2006,KOA,HI,AWP,WE,Federal Contract Tower,101,13,4,24,142,0,55,48,10,113,101,68,52,34,255,110,110,220,475
08/25/2006,KOA,HI,AWP,WE,Federal Contract Tower,103,15,3,0,121,0,50,40,0,90,103,65,43,0,211,144,0,144,355
08/26/2006,KOA,HI,AWP,WE,Federal Contract Tower,91,21,8,3,123,0,31,31,0,62,91,52,39,3,185,100,0,100,285
08/27/2006,KOA,HI,AWP,WE,Federal Contract Tower,101,19,8,0,128,0,29,22,0,51,101,48,30,0,179,0,0,0,179
08/28/2006,KOA,HI,AWP,WE,Federal Contract Tower,103,14,16,4,137,0,45,48,0,93,103,59,64,4,230,202,28,230,460
08/29/2006,KOA,HI,AWP,WE,Federal Contract Tower,98,12,2,10,122,0,69,86,6,161,98,81,88,16,283,168,70,238,521
08/30/2006,KOA,HI,AWP,WE,Federal Contract Tower,92,14,3,16,125,0,51,59,6,116,92,65,62,22,241,182,74,256,497
08/31/2006,KOA,HI,AWP,WE,Federal Contract Tower,105,12,5,0,122,0,50,43,0,93,105,62,48,0,215,138,0,138,353
09/01/2006,KOA,HI,AWP,WE,Federal Contract Tower,108,22,4,8,142,0,36,48,2,86,108,58,52,10,228,124,32,156,384
09/02/2006,KOA,HI,AWP,WE,Federal Contract Tower,102,19,4,7,132,0,40,32,0,72,102,59,36,7,204,128,50,178,382
09/03/2006,KOA,HI,AWP,WE,Federal Contract Tower,98,13,4,0,115,0,39,22,0,61,98,52,26,0,176,62,0,62,238
09/04/2006,KOA,HI,AWP,WE,Federal Contract Tower,95,17,16,1,129,0,69,52,1,122,95,86,68,2,251,172,0,172,423
09/05/2006,KOA,HI,AWP,WE,Federal Contract Tower,99,16,1,16,132,0,61,48,0,109,99,77,49,16,241,184,76,260,501
09/06/2006,KOA,HI,AWP,WE,Federal Contract Tower,89,14,3,30,136,0,72,56,0,128,89,86,59,30,264,168,124,292,556
09/07/2006,KOA,HI,AWP,WE,Federal Contract Tower,96,16,2,12,126,0,44,55,5,104,96,60,57,17,230,182,66,248,478
09/08/2006,KOA,HI,AWP,WE,Federal Contract Tower,90,23,4,4,121,0,43,39,0,82,90,66,43,4,203,166,26,192,395
09/09/2006,KOA,HI,AWP,WE,Federal Contract Tower,95,15,5,0,115,0,50,37,0,87,95,65,42,0,202,114,0,114,316
09/10/2006,KOA,HI,AWP,WE,Federal Contract Tower,92,15,2,0,109,0,31,29,2,62,92,46,31,2,171,32,0,32,203
09/11/2006,KOA,HI,AWP,WE,Federal Contract Tower,95,22,2,10,129,0,39,26,0,65,95,61,28,10,194,202,32,234,428
09/12/2006,KOA,HI,AWP,WE,Federal Contract Tower,98,13,1,15,127,0,54,53,5,112,98,67,54,20,239,184,80,264,503
09/13/2006,KOA,HI,AWP,WE,Federal Contract Tower,87,21,1,5,114,0,29,44,3,76,87,50,45,8,190,221,4,225,415
09/14/2006,KOA,HI,AWP,WE,Federal Contract Tower,94,16,2,7,119,0,49,70,0,119,94,65,72,7,238,190,54,244,482
09/15/2006,KOA,HI,AWP,WE,Federal Contract Tower,96,20,6,4,126,0,32,39,1,72,96,52,45,5,198,196,0,196,394
09/16/2006,KOA,HI,AWP,WE,Federal Contract Tower,92,20,10,2,124,0,35,26,0,61,92,55,36,2,185,132,0,132,317
09/17/2006,KOA,HI,AWP,WE,Federal Contract Tower,94,20,9,1,124,0,39,32,0,71,94,59,41,1,195,30,0,30,225
09/18/2006,KOA,HI,AWP,WE,Federal Contract Tower,95,19,2,10,126,0,39,35,0,74,95,58,37,10,200,204,64,268,468
09/19/2006,KOA,HI,AWP,WE,Federal Contract Tower,87,19,7,10,123,0,53,51,0,104,87,72,58,10,227,228,82,310,537
09/20/2006,KOA,HI,AWP,WE,Federal Contract Tower,89,18,3,10,120,0,34,52,0,86,89,52,55,10,206,190,82,272,478
09/21/2006,KOA,HI,AWP,WE,Federal Contract Tower,90,20,1,16,127,0,44,63,6,113,90,64,64,22,240,238,116,354,594
09/22/2006,KOA,HI,AWP,WE,Federal Contract Tower,90,27,9,13,139,0,35,26,0,61,90,62,35,13,200,146,60,206,406
09/23/2006,KOA,HI,AWP,WE,Federal Contract Tower,83,26,2,0,111,0,29,44,0,73,83,55,46,0,184,98,0,98,282
09/24/2006,KOA,HI,AWP,WE,Federal Contract Tower,95,19,5,0,119,0,40,28,0,68,95,59,33,0,187,72,0,72,259
09/25/2006,KOA,HI,AWP,WE,Federal Contract Tower,89,22,3,5,119,0,44,43,3,90,89,66,46,8,209,224,52,276,485
09/26/2006,KOA,HI,AWP,WE,Federal Contract Tower,81,24,3,16,124,0,38,44,0,82,81,62,47,16,206,144,56,200,406
09/27/2006,KOA,HI,AWP,WE,Federal Contract Tower,85,18,3,10,116,0,49,65,2,116,85,67,68,12,232,164,110,274,506
09/28/2006,KOA,HI,AWP,WE,Federal Contract Tower,90,25,3,14,132,0,53,64,8,125,90,78,67,22,257,214,126,340,597
09/29/2006,KOA,HI,AWP,WE,Federal Contract Tower,90,19,5,6,120,0,41,41,8,90,90,60,46,14,210,214,124,338,548
09/30/2006,KOA,HI,AWP,WE,Federal Contract Tower,90,23,7,1,121,0,32,24,1,57,90,55,31,2,178,90,6,96,274
10/01/2006,KOA,HI,AWP,WE,Federal Contract Tower,87,29,6,0,122,0,30,42,0,72,87,59,48,0,194,92,0,92,286
10/02/2006,KOA,HI,AWP,WE,Federal Contract Tower,85,29,8,16,138,0,19,32,2,53,85,48,40,18,191,190,54,244,435
10/03/2006,KOA,HI,AWP,WE,Federal Contract Tower,84,26,4,12,126,0,32,36,0,68,84,58,40,12,194,86,50,136,330
10/04/2006,KOA,HI,AWP,WE,Federal Contract Tower,82,24,2,6,114,0,46,76,4,126,82,70,78,10,240,138,74,212,452
10/05/2006,KOA,HI,AWP,WE,Federal Contract Tower,90,30,12,12,144,0,42,72,4,118,90,72,84,16,262,178,120,298,560
10/06/2006,KOA,HI,AWP,WE,Federal Contract Tower,85,27,9,3,124,0,30,33,5,68,85,57,42,8,192,168,26,194,386
10/07/2006,KOA,HI,AWP,WE,Federal Contract Tower,94,27,3,0,124,0,28,35,0,63,94,55,38,0,187,108,0,108,295
10/08/2006,KOA,HI,AWP,WE,Federal Contract Tower,94,25,6,0,125,0,43,30,0,73,94,68,36,0,198,82,0,82,280
10/09/2006,KOA,HI,AWP,WE,Federal Contract Tower,91,22,4,0,117,0,29,55,2,86,91,51,59,2,203,202,0,202,405
10/10/2006,KOA,HI,AWP,WE,Federal Contract Tower,84,28,4,15,131,0,37,49,2,88,84,65,53,17,219,82,64,146,365
10/11/2006,KOA,HI,AWP,WE,Federal Contract Tower,81,24,9,26,140,0,31,38,0,69,81,55,47,26,209,166,128,294,503
10/12/2006,KOA,HI,AWP,WE,Federal Contract Tower,86,27,8,12,133,0,33,54,9,96,86,60,62,21,229,116,114,230,459
10/13/2006,KOA,HI,AWP,WE,Federal Contract Tower,83,27,8,3,121,0,32,31,0,63,83,59,39,3,184,64,52,116,300
10/14/2006,KOA,HI,AWP,WE,Federal Contract Tower,84,30,4,3,121,0,22,34,2,58,84,52,38,5,179,108,24,132,311
10/15/2006,KOA,HI,AWP,WE,Federal Contract Tower,72,23,7,10,112,0,17,26,0,43,72,40,33,10,155,16,0,16,171
10/16/2006,KOA,HI,AWP,WE,Federal Contract Tower,89,33,8,4,134,0,7,17,5,29,89,40,25,9,163,0,0,0,163
10/17/2006,KOA,HI,AWP,WE,Federal Contract Tower,86,27,1,18,132,0,33,45,0,78,86,60,46,18,210,32,42,74,284
10/18/2006,KOA,HI,AWP,WE,Federal Contract Tower,82,25,6,15,128,0,37,44,0,81,82,62,50,15,209,144,52,196,405
10/19/2006,KOA,HI,AWP,WE,Federal Contract Tower,85,28,8,5,126,0,39,42,17,98,85,67,50,22,224,196,86,282,506
10/20/2006,KOA,HI,AWP,WE,Federal Contract Tower,87,33,3,13,136,0,18,49,1,68,87,51,52,14,204,124,22,146,350
10/21/2006,KOA,HI,AWP,WE,Federal Contract Tower,89,32,4,3,128,0,13,35,1,49,89,45,39,4,177,20,16,36,213
10/22/2006,KOA,HI,AWP,WE,Federal Contract Tower,84,22,8,2,116,0,33,29,0,62,84,55,37,2,178,42,0,42,220
10/23/2006,KOA,HI,AWP,WE,Federal Contract Tower,90,30,6,13,139,0,34,38,1,73,90,64,44,14,212,142,56,198,410
10/24/2006,KOA,HI,AWP,WE,Federal Contract Tower,89,25,8,12,134,0,39,49,0,88,89,64,57,12,222,182,100,282,504
10/25/2006,KOA,HI,AWP,WE,Federal Contract Tower,85,35,6,10,136,0,47,52,0,99,85,82,58,10,235,190,82,272,507
10/26/2006,KOA,HI,AWP,WE,Federal Contract Tower,88,29,5,15,137,0,39,70,9,118,88,68,75,24,255,268,88,356,611
10/27/2006,KOA,HI,AWP,WE,Federal Contract Tower,90,26,7,20,143,0,31,39,0,70,90,57,46,20,213,168,70,238,451
10/28/2006,KOA,HI,AWP,WE,Federal Contract Tower,85,29,5,6,125,0,35,27,0,62,85,64,32,6,187,68,0,68,255
10/29/2006,KOA,HI,AWP,WE,Federal Contract Tower,84,20,3,0,107,0,30,31,2,63,84,50,34,2,170,108,0,108,278
10/30/2006,KOA,HI,AWP,WE,Federal Contract Tower,87,26,9,11,133,0,28,45,0,73,87,54,54,11,206,130,82,212,418
10/31/2006,KOA,HI,AWP,WE,Federal Contract Tower,84,23,9,10,126,0,28,37,0,65,84,51,46,10,191,204,92,296,487
11/01/2006,KOA,HI,AWP,WE,Federal Contract Tower,83,23,6,14,126,0,43,57,4,104,83,66,63,18,230,144,122,266,496
11/02/2006,KOA,HI,AWP,WE,Federal Contract Tower,86,38,2,10,136,0,12,43,6,61,86,50,45,16,197,224,48,272,469
11/03/2006,KOA,HI,AWP,WE,Federal Contract Tower,86,30,4,13,133,0,26,25,5,56,86,56,29,18,189,100,64,164,353
11/04/2006,KOA,HI,AWP,WE,Federal Contract Tower,85,28,7,3,123,0,36,25,0,61,85,64,32,3,184,128,0,128,312
11/05/2006,KOA,HI,AWP,WE,Federal Contract Tower,79,20,7,0,106,0,27,26,0,53,79,47,33,0,159,68,0,68,227
11/06/2006,KOA,HI,AWP,WE,Federal Contract Tower,84,22,8,6,120,0,26,31,4,61,84,48,39,10,181,252,82,334,515
11/07/2006,KOA,HI,AWP,WE,Federal Contract Tower,79,26,2,18,125,0,40,75,0,115,79,66,77,18,240,202,78,280,520
11/08/2006,KOA,HI,AWP,WE,Federal Contract Tower,84,22,3,27,136,0,42,59,0,101,84,64,62,27,237,176,128,304,541
11/09/2006,KOA,HI,AWP,WE,Federal Contract Tower,88,30,10,15,143,0,32,56,7,95,88,62,66,22,238,130,74,204,442
11/10/2006,KOA,HI,AWP,WE,Federal Contract Tower,86,26,3,0,115,0,42,46,0,88,86,68,49,0,203,178,0,178,381
11/11/2006,KOA,HI,AWP,WE,Federal Contract Tower,86,22,8,0,116,0,23,30,0,53,86,45,38,0,169,90,0,90,259
11/12/2006,KOA,HI,AWP,WE,Federal Contract Tower,83,27,4,0,114,0,30,30,2,62,83,57,34,2,176,82,0,82,258
11/13/2006,KOA,HI,AWP,WE,Federal Contract Tower,88,25,3,10,126,0,37,35,0,72,88,62,38,10,198,204,108,312,510
11/14/2006,KOA,HI,AWP,WE,Federal Contract Tower,83,24,1,14,122,0,52,50,0,102,83,76,51,14,224,210,104,314,538
11/15/2006,KOA,HI,AWP,WE,Federal Contract Tower,81,25,8,10,124,0,26,46,10,82,81,51,54,20,206,136,78,214,420
11/16/2006,KOA,HI,AWP,WE,Federal Contract Tower,85,30,4,3,122,0,31,50,1,82,85,61,54,4,204,270,28,298,502
11/17/2006,KOA,HI,AWP,WE,Federal Contract Tower,91,28,5,4,128,0,31,37,2,70,91,59,42,6,198,122,18,140,338
11/18/2006,KOA,HI,AWP,WE,Federal Contract Tower,88,27,10,1,126,0,25,28,7,60,88,52,38,8,186,146,28,174,360
11/19/2006,KOA,HI,AWP,WE,Federal Contract Tower,85,21,4,1,111,0,33,38,1,72,85,54,42,2,183,92,0,92,275
11/20/2006,KOA,HI,AWP,WE,Federal Contract Tower,88,27,3,0,118,0,29,37,0,66,88,56,40,0,184,182,0,182,366
11/21/2006,KOA,HI,AWP,WE,Federal Contract Tower,84,30,5,14,133,0,42,66,0,108,84,72,71,14,241,148,34,182,423
11/22/2006,KOA,HI,AWP,WE,Federal Contract Tower,84,26,10,0,120,0,55,52,0,107,84,81,62,0,227,128,0,128,355
11/23/2006,KOA,HI,AWP,WE,Federal Contract Tower,80,26,7,0,113,0,36,35,0,71,80,62,42,0,184,102,0,102,286
11/24/2006,KOA,HI,AWP,WE,Federal Contract Tower,84,25,4,0,113,0,27,44,0,71,84,52,48,0,184,152,0,152,336
11/25/2006,KOA,HI,AWP,WE,Federal Contract Tower,87,27,7,0,121,0,20,35,0,55,87,47,42,0,176,84,0,84,260
11/26/2006,KOA,HI,AWP,WE,Federal Contract Tower,92,33,10,0,135,0,25,34,0,59,92,58,44,0,194,64,0,64,258
11/27/2006,KOA,HI,AWP,WE,Federal Contract Tower,85,22,7,5,119,0,39,46,3,88,85,61,53,8,207,182,0,182,389
11/28/2006,KOA,HI,AWP,WE,Federal Contract Tower,81,23,14,6,124,0,41,60,0,101,81,64,74,6,225,188,44,232,457
11/29/2006,KOA,HI,AWP,WE,Federal Contract Tower,82,26,4,16,128,0,38,51,8,97,82,64,55,24,225,120,82,202,427
11/30/2006,KOA,HI,AWP,WE,Federal Contract Tower,90,30,7,4,131,0,26,33,2,61,90,56,40,6,192,194,36,230,422
12/01/2006,KOA,HI,AWP,WE,Federal Contract Tower,87,23,7,4,121,0,23,31,0,54,87,46,38,4,175,110,28,138,313
12/02/2006,KOA,HI,AWP,WE,Federal Contract Tower,86,26,2,0,114,0,12,32,0,44,86,38,34,0,158,198,0,198,356
12/03/2006,KOA,HI,AWP,WE,Federal Contract Tower,82,21,0,2,105,0,33,46,0,79,82,54,46,2,184,162,0,162,346
12/04/2006,KOA,HI,AWP,WE,Federal Contract Tower,89,20,12,5,126,0,37,48,1,86,89,57,60,6,212,162,52,214,426
12/05/2006,KOA,HI,AWP,WE,Federal Contract Tower,81,27,7,11,126,0,51,63,0,114,81,78,70,11,240,106,68,174,414
12/06/2006,KOA,HI,AWP,WE,Federal Contract Tower,82,24,17,3,126,0,33,72,3,108,82,57,89,6,234,126,22,148,382
12/07/2006,KOA,HI,AWP,WE,Federal Contract Tower,90,27,9,8,134,0,49,51,5,105,90,76,60,13,239,182,44,226,465
12/08/2006,KOA,HI,AWP,WE,Federal Contract Tower,88,17,15,1,121,0,37,30,3,70,88,54,45,4,191,132,4,136,327
12/09/2006,KOA,HI,AWP,WE,Federal Contract Tower,86,21,2,0,109,0,38,48,0,86,86,59,50,0,195,150,0,150,345
12/10/2006,KOA,HI,AWP,WE,Federal Contract Tower,80,21,6,0,107,0,22,20,0,42,80,43,26,0,149,112,0,112,261
12/11/2006,KOA,HI,AWP,WE,Federal Contract Tower,87,19,5,8,119,0,38,28,0,66,87,57,33,8,185,172,62,234,419
12/12/2006,KOA,HI,AWP,WE,Federal Contract Tower,85,21,8,8,122,2,56,59,0,117,87,77,67,8,239,98,72,170,409
12/13/2006,KOA,HI,AWP,WE,Federal Contract Tower,78,24,4,0,106,0,34,62,0,96,78,58,66,0,202,160,0,160,362
12/14/2006,KOA,HI,AWP,WE,Federal Contract Tower,89,25,5,8,127,0,38,66,2,106,89,63,71,10,233,246,106,352,585
12/15/2006,KOA,HI,AWP,WE,Federal Contract Tower,91,21,8,28,148,0,47,44,0,91,91,68,52,28,239,212,110,322,561
12/16/2006,KOA,HI,AWP,WE,Federal Contract Tower,88,27,9,0,124,0,29,34,2,65,88,56,43,2,189,148,0,148,337
12/17/2006,KOA,HI,AWP,WE,Federal Contract Tower,85,22,6,0,113,0,33,33,0,66,85,55,39,0,179,76,0,76,255
12/18/2006,KOA,HI,AWP,WE,Federal Contract Tower,89,21,10,2,122,0,35,36,0,71,89,56,46,2,193,176,36,212,405
12/19/2006,KOA,HI,AWP,WE,Federal Contract Tower,85,22,6,15,128,0,39,41,0,80,85,61,47,15,208,120,86,206,414
12/20/2006,KOA,HI,AWP,WE,Federal Contract Tower,82,28,11,6,127,0,35,51,12,98,82,63,62,18,225,126,50,176,401
12/21/2006,KOA,HI,AWP,WE,Federal Contract Tower,92,22,16,4,134,0,52,45,0,97,92,74,61,4,231,142,40,182,413
12/22/2006,KOA,HI,AWP,WE,Federal Contract Tower,95,31,23,3,152,0,36,45,8,89,95,67,68,11,241,174,66,240,481
12/23/2006,KOA,HI,AWP,WE,Federal Contract Tower,91,34,14,0,139,0,25,36,0,61,91,59,50,0,200,152,0,152,352
12/24/2006,KOA,HI,AWP,WE,Federal Contract Tower,85,17,8,0,110,0,46,45,0,91,85,63,53,0,201,132,0,132,333
12/25/2006,KOA,HI,AWP,WE,Federal Contract Tower,79,17,11,0,107,0,10,11,0,21,79,27,22,0,128,6,0,6,134
12/26/2006,KOA,HI,AWP,WE,Federal Contract Tower,90,22,34,4,150,0,41,46,0,87,90,63,80,4,237,60,20,80,317
12/27/2006,KOA,HI,AWP,WE,Federal Contract Tower,89,26,20,3,138,0,42,66,7,115,89,68,86,10,253,104,24,128,381
12/28/2006,KOA,HI,AWP,WE,Federal Contract Tower,94,23,18,12,147,0,63,73,12,148,94,86,91,24,295,182,64,246,541
12/29/2006,KOA,HI,AWP,WE,Federal Contract Tower,94,26,19,10,149,0,35,38,0,73,94,61,57,10,222,150,38,188,410
12/30/2006,KOA,HI,AWP,WE,Federal Contract Tower,92,31,16,0,139,0,50,38,0,88,92,81,54,0,227,140,0,140,367
12/31/2006,KOA,HI,AWP,WE,Federal Contract Tower,83,28,19,0,130,0,41,25,0,66,83,69,44,0,196,162,0,162,358
01/01/2007,KOA,HI,AWP,WE,Federal Contract Tower,84,28,32,0,144,0,41,11,0,52,84,69,43,0,196,8,0,8,204
01/02/2007,KOA,HI,AWP,WE,Federal Contract Tower,90,30,19,0,139,0,46,38,0,84,90,76,57,0,223,138,0,138,361
01/03/2007,KOA,HI,AWP,WE,Federal Contract Tower,85,24,16,7,132,0,45,47,5,97,85,69,63,12,229,128,24,152,381
01/04/2007,KOA,HI,AWP,WE,Federal Contract Tower,90,26,15,6,137,0,37,39,10,86,90,63,54,16,223,164,66,230,453
01/05/2007,KOA,HI,AWP,WE,Federal Contract Tower,88,24,12,6,130,0,31,30,3,64,88,55,42,9,194,122,26,148,342
01/06/2007,KOA,HI,AWP,WE,Federal Contract Tower,91,27,20,11,149,0,33,35,1,69,91,60,55,12,218,138,66,204,422
01/07/2007,KOA,HI,AWP,WE,Federal Contract Tower,82,18,11,0,111,0,23,37,0,60,82,41,48,0,171,182,0,182,353
01/08/2007,KOA,HI,AWP,WE,Federal Contract Tower,81,18,1,10,110,0,45,41,0,86,81,63,42,10,196,144,148,292,488
01/09/2007,KOA,HI,AWP,WE,Federal Contract Tower,83,14,3,25,125,0,51,56,3,110,83,65,59,28,235,138,54,192,427
01/10/2007,KOA,HI,AWP,WE,Federal Contract Tower,80,13,5,20,118,0,49,59,8,116,80,62,64,28,234,154,140,294,528
01/11/2007,KOA,HI,AWP,WE,Federal Contract Tower,86,17,6,7,116,0,45,44,7,96,86,62,50,14,212,178,100,278,490
01/12/2007,KOA,HI,AWP,WE,Federal Contract Tower,86,19,12,6,123,0,47,40,4,91,86,66,52,10,214,140,28,168,382
01/13/2007,KOA,HI,AWP,WE,Federal Contract Tower,89,20,8,2,119,0,38,35,0,73,89,58,43,2,192,134,0,134,326
01/14/2007,KOA,HI,AWP,WE,Federal Contract Tower,80,18,7,0,105,0,29,44,0,73,80,47,51,0,178,92,0,92,270
01/15/2007,KOA,HI,AWP,WE,Federal Contract Tower,87,9,1,0,97,0,35,35,0,70,87,44,36,0,167,242,0,242,409
01/16/2007,KOA,HI,AWP,WE,Federal Contract Tower,83,10,3,5,101,0,58,60,0,118,83,68,63,5,219,78,22,100,319
01/17/2007,KOA,HI,AWP,WE,Federal Contract Tower,80,15,1,10,106,0,44,69,8,121,80,59,70,18,227,176,98,274,501
01/18/2007,KOA,HI,AWP,WE,Federal Contract Tower,84,15,5,10,114,0,51,57,12,120,84,66,62,22,234,190,76,266,500
01/19/2007,KOA,HI,AWP,WE,Federal Contract Tower,84,21,3,15,123,0,38,32,5,75,84,59,35,20,198,140,64,204,402
01/20/2007,KOA,HI,AWP,WE,Federal Contract Tower,84,18,11,0,113,0,24,29,2,55,84,42,40,2,168,106,10,116,284
01/21/2007,KOA,HI,AWP,WE,Federal Contract Tower,78,19,6,0,103,0,30,31,0,61,78,49,37,0,164,64,0,64,228
01/22/2007,KOA,HI,AWP,WE,Federal Contract Tower,85,14,6,15,120,0,51,40,1,92,85,65,46,16,212,160,62,222,434
01/23/2007,KOA,HI,AWP,WE,Federal Contract Tower,84,14,5,20,123,0,30,63,0,93,84,44,68,20,216,112,136,248,464
01/24/2007,KOA,HI,AWP,WE,Federal Contract Tower,79,12,9,14,114,0,40,53,4,97,79,52,62,18,211,134,32,166,377
01/25/2007,KOA,HI,AWP,WE,Federal Contract Tower,84,15,5,2,106,0,39,39,6,84,84,54,44,8,190,208,32,240,430
01/26/2007,KOA,HI,AWP,WE,Federal Contract Tower,86,20,8,8,122,0,37,40,4,81,86,57,48,12,203,132,18,150,353
01/27/2007,KOA,HI,AWP,WE,Federal Contract Tower,82,18,3,0,103,0,36,54,0,90,82,54,57,0,193,96,0,96,289
01/28/2007,KOA,HI,AWP,WE,Federal Contract Tower,82,14,7,2,105,0,40,41,0,81,82,54,48,2,186,106,46,152,338
01/29/2007,KOA,HI,AWP,WE,Federal Contract Tower,83,12,2,8,105,0,30,29,0,59,83,42,31,8,164,48,2,50,214
01/30/2007,KOA,HI,AWP,WE,Federal Contract Tower,81,17,1,20,119,0,40,39,0,79,81,57,40,20,198,48,126,174,372
01/31/2007,KOA,HI,AWP,WE,Federal Contract Tower,79,12,2,8,101,0,28,50,0,78,79,40,52,8,179,122,32,154,333
02/01/2007,KOA,HI,AWP,WE,Federal Contract Tower,85,28,5,11,129,0,6,13,11,30,85,34,18,22,159,88,88,176,335
02/02/2007,KOA,HI,AWP,WE,Federal Contract Tower,85,19,3,4,111,0,27,33,0,60,85,46,36,4,171,130,20,150,321
02/03/2007,KOA,HI,AWP,WE,Federal Contract Tower,83,14,0,0,97,0,56,61,0,117,83,70,61,0,214,164,0,164,378
02/04/2007,KOA,HI,AWP,WE,Federal Contract Tower,82,12,2,0,96,0,38,43,0,81,82,50,45,0,177,112,0,112,289
02/05/2007,KOA,HI,AWP,WE,Federal Contract Tower,85,10,4,18,117,0,35,47,0,82,85,45,51,18,199,244,128,372,571
02/06/2007,KOA,HI,AWP,WE,Federal Contract Tower,84,14,6,12,116,0,47,33,2,82,84,61,39,14,198,146,58,204,402
02/07/2007,KOA,HI,AWP,WE,Federal Contract Tower,80,16,7,18,121,0,37,58,4,99,80,53,65,22,220,218,120,338,558
02/08/2007,KOA,HI,AWP,WE,Federal Contract Tower,90,25,8,16,139,0,30,39,10,79,90,55,47,26,218,214,126,340,558
02/09/2007,KOA,HI,AWP,WE,Federal Contract Tower,86,16,8,6,116,0,32,39,0,71,86,48,47,6,187,94,26,120,307
02/10/2007,KOA,HI,AWP,WE,Federal Contract Tower,87,16,6,0,109,0,33,34,2,69,87,49,40,2,178,110,4,114,292
02/11/2007,KOA,HI,AWP,WE,Federal Contract Tower,82,13,8,0,103,0,40,35,0,75,82,53,43,0,178,122,0,122,300
02/12/2007,KOA,HI,AWP,WE,Federal Contract Tower,88,15,1,6,110,0,32,49,2,83,88,47,50,8,193,242,32,274,467
02/13/2007,KOA,HI,AWP,WE,Federal Contract Tower,83,12,2,6,103,0,46,70,0,116,83,58,72,6,219,182,78,260,479
02/14/2007,KOA,HI,AWP,WE,Federal Contract Tower,91,12,0,29,132,0,55,58,9,122,91,67,58,38,254,192,98,290,544
02/15/2007,KOA,HI,AWP,WE,Federal Contract Tower,88,16,5,13,122,0,44,45,3,92,88,60,50,16,214,172,90,262,476
02/16/2007,KOA,HI,AWP,WE,Federal Contract Tower,85,15,16,3,119,0,34,31,0,65,85,49,47,3,184,86,28,114,298
02/17/2007,KOA,HI,AWP,WE,Federal Contract Tower,90,17,9,1,117,0,36,39,2,77,90,53,48,3,194,110,0,110,304
02/18/2007,KOA,HI,AWP,WE,Federal Contract Tower,79,16,12,0,107,0,26,39,0,65,79,42,51,0,172,104,0,104,276
02/19/2007,KOA,HI,AWP,WE,Federal Contract Tower,91,14,11,0,116,0,47,49,0,96,91,61,60,0,212,256,0,256,468
02/20/2007,KOA,HI,AWP,WE,Federal Contract Tower,98,18,7,17,140,0,51,53,0,104,98,69,60,17,244,128,92,220,464
02/21/2007,KOA,HI,AWP,WE,Federal Contract Tower,88,14,6,13,121,0,58,68,0,126,88,72,74,13,247,252,92,344,591
02/22/2007,KOA,HI,AWP,WE,Federal Contract Tower,88,20,3,7,118,0,31,47,7,85,88,51,50,14,203,220,104,324,527
02/23/2007,KOA,HI,AWP,WE,Federal Contract Tower,91,15,2,7,115,0,40,47,8,95,91,55,49,15,210,166,68,234,444
02/24/2007,KOA,HI,AWP,WE,Federal Contract Tower,85,16,11,4,116,0,29,27,6,62,85,45,38,10,178,126,10,136,314
02/25/2007,KOA,HI,AWP,WE,Federal Contract Tower,81,13,17,4,115,0,29,14,0,43,81,42,31,4,158,86,24,110,268
02/26/2007,KOA,HI,AWP,WE,Federal Contract Tower,83,17,10,12,122,0,43,32,0,75,83,60,42,12,197,168,82,250,447
02/27/2007,KOA,HI,AWP,WE,Federal Contract Tower,84,14,7,0,105,0,52,52,0,104,84,66,59,0,209,126,0,126,335
02/28/2007,KOA,HI,AWP,WE,Federal Contract Tower,86,17,4,12,119,0,42,64,0,106,86,59,68,12,225,248,88,336,561
03/01/2007,KOA,HI,AWP,WE,Federal Contract Tower,83,18,14,14,129,0,33,40,6,79,83,51,54,20,208,204,80,284,492
03/02/2007,KOA,HI,AWP,WE,Federal Contract Tower,84,17,5,1,107,0,35,43,0,78,84,52,48,1,185,208,20,228,413
03/03/2007,KOA,HI,AWP,WE,Federal Contract Tower,86,16,5,8,115,0,31,33,10,74,86,47,38,18,189,88,54,142,331
03/04/2007,KOA,HI,AWP,WE,Federal Contract Tower,78,14,13,0,105,0,33,27,0,60,78,47,40,0,165,82,0,82,247
03/05/2007,KOA,HI,AWP,WE,Federal Contract Tower,86,14,7,12,119,0,34,41,0,75,86,48,48,12,194,186,62,248,442
03/06/2007,KOA,HI,AWP,WE,Federal Contract Tower,86,15,2,17,120,0,50,44,7,101,86,65,46,24,221,90,74,164,385
03/07/2007,KOA,HI,AWP,WE,Federal Contract Tower,88,14,6,16,124,0,53,47,6,106,88,67,53,22,230,206,72,278,508
03/08/2007,KOA,HI,AWP,WE,Federal Contract Tower,86,20,7,10,123,0,32,40,4,76,86,52,47,14,199,226,96,322,521
03/09/2007,KOA,HI,AWP,WE,Federal Contract Tower,87,13,4,9,113,0,36,37,0,73,87,49,41,9,186,102,20,122,308
03/10/2007,KOA,HI,AWP,WE,Federal Contract Tower,84,27,13,6,130,0,15,22,6,43,84,42,35,12,173,96,88,184,357
03/11/2007,KOA,HI,AWP,WE,Federal Contract Tower,94,21,11,0,126,0,15,34,0,49,94,36,45,0,175,174,0,174,349
03/12/2007,KOA,HI,AWP,WE,Federal Contract Tower,98,23,11,14,146,0,28,60,0,88,98,51,71,14,234,192,82,274,508
03/13/2007,KOA,HI,AWP,WE,Federal Contract Tower,92,17,2,16,127,0,41,50,0,91,92,58,52,16,218,204,94,298,516
03/14/2007,KOA,HI,AWP,WE,Federal Contract Tower,100,18,2,3,123,0,45,53,1,99,100,63,55,4,222,194,98,292,514
03/15/2007,KOA,HI,AWP,WE,Federal Contract Tower,97,23,0,5,125,0,31,46,1,78,97,54,46,6,203,208,46,254,457
03/16/2007,KOA,HI,AWP,WE,Federal Contract Tower,100,18,9,2,129,0,32,33,0,65,100,50,42,2,194,174,2,176,370
03/17/2007,KOA,HI,AWP,WE,Federal Contract Tower,97,16,14,2,129,0,32,22,0,54,97,48,36,2,183,118,0,118,301
03/18/2007,KOA,HI,AWP,WE,Federal Contract Tower,99,22,17,0,138,0,35,27,0,62,99,57,44,0,200,242,0,242,442
03/19/2007,KOA,HI,AWP,WE,Federal Contract Tower,100,14,10,12,136,0,32,33,0,65,100,46,43,12,201,256,44,300,501
03/20/2007,KOA,HI,AWP,WE,Federal Contract Tower,97,14,13,11,135,0,52,57,1,110,97,66,70,12,245,290,68,358,603
03/21/2007,KOA,HI,AWP,WE,Federal Contract Tower,105,14,12,2,133,0,46,53,0,99,105,60,65,2,232,244,8,252,484
03/22/2007,KOA,HI,AWP,WE,Federal Contract Tower,98,14,5,12,129,0,35,46,0,81,98,49,51,12,210,282,90,372,582
03/23/2007,KOA,HI,AWP,WE,Federal Contract Tower,103,16,14,6,139,0,40,58,0,98,103,56,72,6,237,304,92,396,633
03/24/2007,KOA,HI,AWP,WE,Federal Contract Tower,101,14,13,0,128,0,39,42,0,81,101,53,55,0,209,260,0,260,469
03/25/2007,KOA,HI,AWP,WE,Federal Contract Tower,95,23,18,1,137,0,38,45,1,84,95,61,63,2,221,212,8,220,441
03/26/2007,KOA,HI,AWP,WE,Federal Contract Tower,99,15,13,4,131,0,64,58,68,190,99,79,71,72,321,176,72,248,569
03/27/2007,KOA,HI,AWP,WE,Federal Contract Tower,95,13,10,9,127,0,43,49,0,92,95,56,59,9,219,176,86,262,481
03/28/2007,KOA,HI,AWP,WE,Federal Contract Tower,104,20,6,5,135,0,36,36,0,72,104,56,42,5,207,112,48,160,367
03/29/2007,KOA,HI,AWP,WE,Federal Contract Tower,101,12,8,8,129,0,36,29,0,65,101,48,37,8,194,180,56,236,430
03/30/2007,KOA,HI,AWP,WE,Federal Contract Tower,98,20,13,3,134,0,32,30,3,65,98,52,43,6,199,106,28,134,333
03/31/2007,KOA,HI,AWP,WE,Federal Contract Tower,99,18,13,0,130,0,34,25,2,61,99,52,38,2,191,162,0,162,353
04/01/2007,KOA,HI,AWP,WE,Federal Contract Tower,94,16,8,1,119,0,39,32,1,72,94,55,40,2,191,182,0,182,373
04/02/2007,KOA,HI,AWP,WE,Federal Contract Tower,99,13,5,9,126,0,33,32,1,66,99,46,37,10,192,262,26,288,480
04/03/2007,KOA,HI,AWP,WE,Federal Contract Tower,95,13,4,11,123,0,44,47,2,93,95,57,51,13,216,150,80,230,446
04/04/2007,KOA,HI,AWP,WE,Federal Contract Tower,95,14,10,10,129,0,47,38,0,85,95,61,48,10,214,182,146,328,542
04/05/2007,KOA,HI,AWP,WE,Federal Contract Tower,97,17,6,12,132,0,29,56,2,87,97,46,62,14,219,224,38,262,481
04/06/2007,KOA,HI,AWP,WE,Federal Contract Tower,100,12,21,2,135,0,56,38,0,94,100,68,59,2,229,192,18,210,439
04/07/2007,KOA,HI,AWP,WE,Federal Contract Tower,98,17,9,0,124,0,33,29,0,62,98,50,38,0,186,78,0,78,264
04/08/2007,KOA,HI,AWP,WE,Federal Contract Tower,93,15,8,0,116,0,44,29,0,73,93,59,37,0,189,96,0,96,285
04/09/2007,KOA,HI,AWP,WE,Federal Contract Tower,98,12,8,4,122,0,50,83,2,135,98,62,91,6,257,212,62,274,531
04/10/2007,KOA,HI,AWP,WE,Federal Contract Tower,91,16,7,0,114,0,41,31,0,72,91,57,38,0,186,298,0,298,484
04/11/2007,KOA,HI,AWP,WE,Federal Contract Tower,92,18,13,4,127,0,54,52,0,106,92,72,65,4,233,240,4,244,477
04/12/2007,KOA,HI,AWP,WE,Federal Contract Tower,96,16,8,16,136,0,47,35,8,90,96,63,43,24,226,264,120,384,610
04/13/2007,KOA,HI,AWP,WE,Federal Contract Tower,97,20,10,2,129,0,32,28,2,62,97,52,38,4,191,158,12,170,361
04/14/2007,KOA,HI,AWP,WE,Federal Contract Tower,100,14,16,0,130,0,28,24,0,52,100,42,40,0,182,72,0,72,254
04/15/2007,KOA,HI,AWP,WE,Federal Contract Tower,92,15,16,0,123,0,23,24,0,47,92,38,40,0,170,162,0,162,332
04/16/2007,KOA,HI,AWP,WE,Federal Contract Tower,94,18,8,30,150,0,36,48,2,86,94,54,56,32,236,204,96,300,536
04/17/2007,KOA,HI,AWP,WE,Federal Contract Tower,89,12,16,4,121,0,58,66,0,124,89,70,82,4,245,172,48,220,465
04/18/2007,KOA,HI,AWP,WE,Federal Contract Tower,88,17,15,21,141,0,38,41,3,82,88,55,56,24,223,174,112,286,509
04/19/2007,KOA,HI,AWP,WE,Federal Contract Tower,88,20,14,11,133,0,40,36,6,82,88,60,50,17,215,258,72,330,545
04/20/2007,KOA,HI,AWP,WE,Federal Contract Tower,95,12,8,0,115,0,40,33,0,73,95,52,41,0,188,168,0,168,356
04/21/2007,KOA,HI,AWP,WE,Federal Contract Tower,96,14,4,0,114,0,34,28,0,62,96,48,32,0,176,140,0,140,316
04/22/2007,KOA,HI,AWP,WE,Federal Contract Tower,89,12,5,0,106,0,35,24,0,59,89,47,29,0,165,112,0,112,277
04/23/2007,KOA,HI,AWP,WE,Federal Contract Tower,96,14,5,6,121,0,42,38,2,82,96,56,43,8,203,186,84,270,473
04/24/2007,KOA,HI,AWP,WE,Federal Contract Tower,94,19,6,9,128,0,48,49,3,100,94,67,55,12,228,170,76,246,474
04/25/2007,KOA,HI,AWP,WE,Federal Contract Tower,91,15,5,16,127,0,49,66,6,121,91,64,71,22,248,198,64,262,510
04/26/2007,KOA,HI,AWP,WE,Federal Contract Tower,89,18,9,22,138,0,25,45,0,70,89,43,54,22,208,188,38,226,434
04/27/2007,KOA,HI,AWP,WE,Federal Contract Tower,95,19,2,4,120,0,33,30,1,64,95,52,32,5,184,132,36,168,352
04/28/2007,KOA,HI,AWP,WE,Federal Contract Tower,92,16,5,9,122,0,30,34,1,65,92,46,39,10,187,104,0,104,291
04/29/2007,KOA,HI,AWP,WE,Federal Contract Tower,88,10,6,0,104,0,26,23,0,49,88,36,29,0,153,132,0,132,285
04/30/2007,KOA,HI,AWP,WE,Federal Contract Tower,93,10,9,2,114,0,37,53,4,94,93,47,62,6,208,152,8,160,368
05/01/2007,KOA,HI,AWP,WE,Federal Contract Tower,87,17,8,6,118,0,31,44,2,77,87,48,52,8,195,188,22,210,405
05/02/2007,KOA,HI,AWP,WE,Federal Contract Tower,91,12,8,7,118,0,37,47,3,87,91,49,55,10,205,196,16,212,417
05/03/2007,KOA,HI,AWP,WE,Federal Contract Tower,85,15,3,5,108,0,49,41,3,93,85,64,44,8,201,264,78,342,543
05/04/2007,KOA,HI,AWP,WE,Federal Contract Tower,90,19,6,2,117,0,20,42,2,64,90,39,48,4,181,186,2,188,369
05/05/2007,KOA,HI,AWP,WE,Federal Contract Tower,90,13,6,0,109,0,55,32,0,87,90,68,38,0,196,192,0,192,388
05/06/2007,KOA,HI,AWP,WE,Federal Contract Tower,82,15,6,8,111,0,33,27,0,60,82,48,33,8,171,146,0,146,317
05/07/2007,KOA,HI,AWP,WE,Federal Contract Tower,91,12,9,3,115,0,36,47,0,83,91,48,56,3,198,268,6,274,472
05/08/2007,KOA,HI,AWP,WE,Federal Contract Tower,80,16,4,11,111,0,23,40,1,64,80,39,44,12,175,247,12,259,434
05/09/2007,KOA,HI,AWP,WE,Federal Contract Tower,80,21,5,2,108,0,45,53,0,98,80,66,58,2,206,242,0,242,448
05/10/2007,KOA,HI,AWP,WE,Federal Contract Tower,84,14,6,4,108,0,46,58,0,104,84,60,64,4,212,224,18,242,454
05/11/2007,KOA,HI,AWP,WE,Federal Contract Tower,90,12,10,1,113,0,22,30,1,53,90,34,40,2,166,198,16,214,380
05/12/2007,KOA,HI,AWP,WE,Federal Contract Tower,90,15,1,1,107,0,40,48,2,90,90,55,49,3,197,128,18,146,343
05/13/2007,KOA,HI,AWP,WE,Federal Contract Tower,88,12,3,0,103,0,46,35,0,81,88,58,38,0,184,162,0,162,346
05/14/2007,KOA,HI,AWP,WE,Federal Contract Tower,83,15,11,6,115,0,33,38,0,71,83,48,49,6,186,144,54,198,384
05/15/2007,KOA,HI,AWP,WE,Federal Contract Tower,84,12,7,3,106,0,39,44,3,86,84,51,51,6,192,240,14,254,446
05/16/2007,KOA,HI,AWP,WE,Federal Contract Tower,84,12,3,9,108,0,30,39,1,70,84,42,42,10,178,162,22,184,362
05/17/2007,KOA,HI,AWP,WE,Federal Contract Tower,85,16,8,2,111,0,34,51,2,87,85,50,59,4,198,116,6,122,320
05/18/2007,KOA,HI,AWP,WE,Federal Contract Tower,92,17,5,14,128,0,22,57,4,83,92,39,62,18,211,138,28,166,377
05/19/2007,KOA,HI,AWP,WE,Federal Contract Tower,90,13,1,0,104,0,35,40,0,75,90,48,41,0,179,110,0,110,289
05/20/2007,KOA,HI,AWP,WE,Federal Contract Tower,80,13,3,0,96,0,29,34,0,63,80,42,37,0,159,132,0,132,291
05/21/2007,KOA,HI,AWP,WE,Federal Contract Tower,91,20,1,17,129,0,25,34,7,66,91,45,35,24,195,114,64,178,373
05/22/2007,KOA,HI,AWP,WE,Federal Contract Tower,80,12,4,8,104,0,43,50,0,93,80,55,54,8,197,144,48,192,389
05/23/2007,KOA,HI,AWP,WE,Federal Contract Tower,83,13,10,19,125,0,25,23,9,57,83,38,33,28,182,126,28,154,336
05/24/2007,KOA,HI,AWP,WE,Federal Contract Tower,82,15,9,33,139,0,26,27,3,56,82,41,36,36,195,86,118,204,399
05/25/2007,KOA,HI,AWP,WE,Federal Contract Tower,94,18,5,4,121,0,33,22,1,56,94,51,27,5,177,130,18,148,325
05/26/2007,KOA,HI,AWP,WE,Federal Contract Tower,97,15,5,0,117,0,24,13,0,37,97,39,18,0,154,142,0,142,296
05/27/2007,KOA,HI,AWP,WE,Federal Contract Tower,91,11,8,0,110,0,50,29,0,79,91,61,37,0,189,102,0,102,291
05/28/2007,KOA,HI,AWP,WE,Federal Contract Tower,97,10,9,0,116,0,42,69,0,111,97,52,78,0,227,164,0,164,391
05/29/2007,KOA,HI,AWP,WE,Federal Contract Tower,83,17,7,9,116,0,47,57,1,105,83,64,64,10,221,84,64,148,369
05/30/2007,KOA,HI,AWP,WE,Federal Contract Tower,82,15,4,9,110,0,19,17,1,37,82,34,21,10,147,204,54,258,405
05/31/2007,KOA,HI,AWP,WE,Federal Contract Tower,85,15,7,9,116,0,26,27,7,60,85,41,34,16,176,214,54,268,444
06/01/2007,KOA,HI,AWP,WE,Federal Contract Tower,93,15,4,0,112,0,48,46,0,94,93,63,50,0,206,206,0,206,412
06/02/2007,KOA,HI,AWP,WE,Federal Contract Tower,95,13,3,0,111,0,39,29,0,68,95,52,32,0,179,174,0,174,353
06/03/2007,KOA,HI,AWP,WE,Federal Contract Tower,92,11,5,0,108,0,33,25,0,58,92,44,30,0,166,86,0,86,252
06/04/2007,KOA,HI,AWP,WE,Federal Contract Tower,93,17,8,4,122,0,35,32,2,69,93,52,40,6,191,198,64,262,453
06/05/2007,KOA,HI,AWP,WE,Federal Contract Tower,90,11,4,14,119,0,47,53,0,100,90,58,57,14,219,178,52,230,449
06/06/2007,KOA,HI,AWP,WE,Federal Contract Tower,88,14,4,1,107,0,47,48,1,96,88,61,52,2,203,146,10,156,359
06/07/2007,KOA,HI,AWP,WE,Federal Contract Tower,102,15,5,14,136,0,35,22,2,59,102,50,27,16,195,160,20,180,375
06/08/2007,KOA,HI,AWP,WE,Federal Contract Tower,97,17,8,1,123,0,33,35,1,69,97,50,43,2,192,186,0,186,378
06/09/2007,KOA,HI,AWP,WE,Federal Contract Tower,98,15,5,0,118,0,46,34,0,80,98,61,39,0,198,92,0,92,290
06/10/2007,KOA,HI,AWP,WE,Federal Contract Tower,98,13,4,0,115,0,35,41,0,76,98,48,45,0,191,62,0,62,253
06/11/2007,KOA,HI,AWP,WE,Federal Contract Tower,97,11,3,11,122,0,39,39,3,81,97,50,42,14,203,166,58,224,427
06/12/2007,KOA,HI,AWP,WE,Federal Contract Tower,92,12,12,4,120,0,46,67,0,113,92,58,79,4,233,194,22,216,449
06/13/2007,KOA,HI,AWP,WE,Federal Contract Tower,92,20,5,6,123,0,38,36,0,74,92,58,41,6,197,88,36,124,321
06/14/2007,KOA,HI,AWP,WE,Federal Contract Tower,95,15,5,6,121,0,37,47,4,88,95,52,52,10,209,166,64,230,439
06/15/2007,KOA,HI,AWP,WE,Federal Contract Tower,98,16,5,12,131,0,42,34,4,80,98,58,39,16,211,92,80,172,383
06/16/2007,KOA,HI,AWP,WE,Federal Contract Tower,103,13,7,10,133,0,58,58,0,116,103,71,65,10,249,190,20,210,459
06/17/2007,KOA,HI,AWP,WE,Federal Contract Tower,94,10,6,4,114,0,49,33,0,82,94,59,39,4,196,115,32,147,343
06/18/2007,KOA,HI,AWP,WE,Federal Contract Tower,96,14,9,22,141,0,34,50,3,87,96,48,59,25,228,160,78,238,466
06/19/2007,KOA,HI,AWP,WE,Federal Contract Tower,97,16,6,14,133,0,62,75,0,137,97,78,81,14,270,202,54,256,526
06/20/2007,KOA,HI,AWP,WE,Federal Contract Tower,92,18,7,14,131,0,54,40,0,94,92,72,47,14,225,108,44,152,377
06/21/2007,KOA,HI,AWP,WE,Federal Contract Tower,96,17,7,10,130,0,33,38,6,77,96,50,45,16,207,162,74,236,443
06/22/2007,KOA,HI,AWP,WE,Federal Contract Tower,86,18,7,5,116,0,44,44,0,88,86,62,51,5,204,132,60,192,396
06/23/2007,KOA,HI,AWP,WE,Federal Contract Tower,94,18,8,0,120,0,53,55,0,108,94,71,63,0,228,97,0,97,325
06/24/2007,KOA,HI,AWP,WE,Federal Contract Tower,88,17,6,1,112,0,37,20,1,58,88,54,26,2,170,112,14,126,296
06/25/2007,KOA,HI,AWP,WE,Federal Contract Tower,93,16,5,3,117,0,43,37,3,83,93,59,42,6,200,176,18,194,394
06/26/2007,KOA,HI,AWP,WE,Federal Contract Tower,93,18,2,4,117,0,51,43,0,94,93,69,45,4,211,186,0,186,397
06/27/2007,KOA,HI,AWP,WE,Federal Contract Tower,90,19,3,14,126,0,34,43,0,77,90,53,46,14,203,122,32,154,357
06/28/2007,KOA,HI,AWP,WE,Federal Contract Tower,94,16,7,6,123,0,34,28,2,64,94,50,35,8,187,174,38,212,399
06/29/2007,KOA,HI,AWP,WE,Federal Contract Tower,100,15,7,5,127,0,34,19,3,56,100,49,26,8,183,135,46,181,364
06/30/2007,KOA,HI,AWP,WE,Federal Contract Tower,95,14,11,4,124,0,49,35,8,92,95,63,46,12,216,138,28,166,382
07/01/2007,KOA,HI,AWP,WE,Federal Contract Tower,91,14,5,0,110,0,39,37,0,76,91,53,42,0,186,92,0,92,278
07/02/2007,KOA,HI,AWP,WE,Federal Contract Tower,95,19,6,9,129,0,32,36,5,73,95,51,42,14,202,146,92,238,440
07/03/2007,KOA,HI,AWP,WE,Federal Contract Tower,90,16,4,20,130,0,50,43,0,93,90,66,47,20,223,86,156,242,465
07/04/2007,KOA,HI,AWP,WE,Federal Contract Tower,83,8,5,0,96,0,42,57,0,99,83,50,62,0,195,218,0,218,413
07/05/2007,KOA,HI,AWP,WE,Federal Contract Tower,98,18,4,7,127,0,37,43,5,85,98,55,47,12,212,264,60,324,536
07/06/2007,KOA,HI,AWP,WE,Federal Contract Tower,96,13,6,3,118,0,45,47,3,95,96,58,53,6,213,188,24,212,425
07/07/2007,KOA,HI,AWP,WE,Federal Contract Tower,98,15,11,0,124,0,31,32,0,63,98,46,43,0,187,172,0,172,359
07/08/2007,KOA,HI,AWP,WE,Federal Contract Tower,93,12,3,0,108,0,34,32,0,66,93,46,35,0,174,174,0,174,348
07/09/2007,KOA,HI,AWP,WE,Federal Contract Tower,94,15,3,19,131,0,46,47,1,94,94,61,50,20,225,230,88,318,543
07/10/2007,KOA,HI,AWP,WE,Federal Contract Tower,95,15,4,16,130,0,41,53,0,94,95,56,57,16,224,240,50,290,514
07/11/2007,KOA,HI,AWP,WE,Federal Contract Tower,90,14,3,12,119,0,39,52,0,91,90,53,55,12,210,236,104,340,550
07/12/2007,KOA,HI,AWP,WE,Federal Contract Tower,94,15,5,12,126,0,34,55,8,97,94,49,60,20,223,152,80,232,455
07/13/2007,KOA,HI,AWP,WE,Federal Contract Tower,97,16,8,9,130,0,47,51,5,103,97,63,59,14,233,124,60,184,417
07/14/2007,KOA,HI,AWP,WE,Federal Contract Tower,94,15,5,5,119,0,52,33,3,88,94,67,38,8,207,128,16,144,351
07/15/2007,KOA,HI,AWP,WE,Federal Contract Tower,91,16,4,2,113,0,39,40,7,86,91,55,44,9,199,94,12,106,305
07/16/2007,KOA,HI,AWP,WE,Federal Contract Tower,95,24,6,25,150,0,9,27,1,37,95,33,33,26,187,82,106,188,375
07/17/2007,KOA,HI,AWP,WE,Federal Contract Tower,94,18,8,5,125,0,36,47,0,83,94,54,55,5,208,148,60,208,416
07/18/2007,KOA,HI,AWP,WE,Federal Contract Tower,92,15,3,10,120,0,53,52,0,105,92,68,55,10,225,140,124,264,489
07/19/2007,KOA,HI,AWP,WE,Federal Contract Tower,100,15,3,11,129,0,34,44,4,82,100,49,47,15,211,214,110,324,535
07/20/2007,KOA,HI,AWP,WE,Federal Contract Tower,97,16,1,0,114,0,29,32,0,61,97,45,33,0,175,144,0,144,319
07/21/2007,KOA,HI,AWP,WE,Federal Contract Tower,98,27,7,0,132,0,22,17,0,39,98,49,24,0,171,76,0,76,247
07/22/2007,KOA,HI,AWP,WE,Federal Contract Tower,94,16,7,0,117,0,44,19,0,63,94,60,26,0,180,94,0,94,274
07/23/2007,KOA,HI,AWP,WE,Federal Contract Tower,93,13,4,6,116,0,38,39,0,77,93,51,43,6,193,204,82,286,479
07/24/2007,KOA,HI,AWP,WE,Federal Contract Tower,93,17,6,14,130,0,61,69,0,130,93,78,75,14,260,188,58,246,506
07/25/2007,KOA,HI,AWP,WE,Federal Contract Tower,86,12,4,3,105,0,28,56,0,84,86,40,60,3,189,183,60,243,432
07/26/2007,KOA,HI,AWP,WE,Federal Contract Tower,98,19,8,20,145,0,34,68,16,118,98,53,76,36,263,176,134,310,573
07/27/2007,KOA,HI,AWP,WE,Federal Contract Tower,103,14,6,6,129,0,33,37,8,78,103,47,43,14,207,126,36,162,369
07/28/2007,KOA,HI,AWP,WE,Federal Contract Tower,105,16,8,13,142,0,31,19,1,51,105,47,27,14,193,44,58,102,295
07/29/2007,KOA,HI,AWP,WE,Federal Contract Tower,95,14,7,0,116,0,32,27,0,59,95,46,34,0,175,112,0,112,287
07/30/2007,KOA,HI,AWP,WE,Federal Contract Tower,96,13,15,9,133,0,41,64,5,110,96,54,79,14,243,254,52,306,549
07/31/2007,KOA,HI,AWP,WE,Federal Contract Tower,91,14,1,25,131,0,44,52,0,96,91,58,53,25,227,146,126,272,499
08/01/2007,KOA,HI,AWP,WE,Federal Contract Tower,92,14,8,12,126,0,28,43,0,71,92,42,51,12,197,160,98,258,455
08/02/2007,KOA,HI,AWP,WE,Federal Contract Tower,102,15,7,13,137,0,45,49,11,105,102,60,56,24,242,256,86,342,584
08/03/2007,KOA,HI,AWP,WE,Federal Contract Tower,102,14,9,2,127,0,39,43,2,84,102,53,52,4,211,196,40,236,447
08/04/2007,KOA,HI,AWP,WE,Federal Contract Tower,98,17,7,19,141,0,39,36,5,80,98,56,43,24,221,166,12,178,399
08/05/2007,KOA,HI,AWP,WE,Federal Contract Tower,95,10,7,0,112,0,29,28,0,57,95,39,35,0,169,104,0,104,273
08/06/2007,KOA,HI,AWP,WE,Federal Contract Tower,97,15,6,1,119,0,36,43,1,80,97,51,49,2,199,248,12,260,459
08/07/2007,KOA,HI,AWP,WE,Federal Contract Tower,94,19,6,7,126,0,48,55,1,104,94,67,61,8,230,268,0,268,498
08/08/2007,KOA,HI,AWP,WE,Federal Contract Tower,94,14,10,16,134,0,42,37,0,79,94,56,47,16,213,160,65,225,438
08/09/2007,KOA,HI,AWP,WE,Federal Contract Tower,98,20,3,7,128,0,41,38,7,86,98,61,41,14,214,240,68,308,522
08/10/2007,KOA,HI,AWP,WE,Federal Contract Tower,104,11,9,0,124,0,45,29,0,74,104,56,38,0,198,146,0,146,344
08/11/2007,KOA,HI,AWP,WE,Federal Contract Tower,101,16,4,1,122,0,28,20,0,48,101,44,24,1,170,54,0,54,224
08/12/2007,KOA,HI,AWP,WE,Federal Contract Tower,92,15,10,8,125,0,41,35,0,76,92,56,45,8,201,94,0,94,295
08/13/2007,KOA,HI,AWP,WE,Federal Contract Tower,96,19,6,15,136,0,47,65,1,113,96,66,71,16,249,170,104,274,523
08/14/2007,KOA,HI,AWP,WE,Federal Contract Tower,95,20,8,1,124,0,24,28,1,53,95,44,36,2,177,82,0,82,259
08/15/2007,KOA,HI,AWP,WE,Federal Contract Tower,97,20,6,8,131,0,30,13,8,51,97,50,19,16,182,106,64,170,352
08/16/2007,KOA,HI,AWP,WE,Federal Contract Tower,105,20,7,6,138,0,41,40,0,81,105,61,47,6,219,154,30,184,403
08/17/2007,KOA,HI,AWP,WE,Federal Contract Tower,100,15,11,8,134,0,46,37,2,85,100,61,48,10,219,262,62,324,543
08/18/2007,KOA,HI,AWP,WE,Federal Contract Tower,96,15,6,4,121,0,37,20,2,59,96,52,26,6,180,94,6,100,280
08/19/2007,KOA,HI,AWP,WE,Federal Contract Tower,99,21,13,2,135,0,37,32,1,70,99,58,45,3,205,126,0,126,331
08/20/2007,KOA,HI,AWP,WE,Federal Contract Tower,95,13,8,2,118,0,39,57,2,98,95,52,65,4,216,242,0,242,458
08/21/2007,KOA,HI,AWP,WE,Federal Contract Tower,93,15,1,7,116,0,36,65,8,109,93,51,66,15,225,212,42,254,479
08/22/2007,KOA,HI,AWP,WE,Federal Contract Tower,92,14,3,7,116,0,40,39,1,80,92,54,42,8,196,128,30,158,354
08/23/2007,KOA,HI,AWP,WE,Federal Contract Tower,100,15,7,8,130,0,53,57,8,118,100,68,64,16,248,162,56,218,466
08/24/2007,KOA,HI,AWP,WE,Federal Contract Tower,100,17,10,7,134,0,34,54,0,88,100,51,64,7,222,168,30,198,420
08/25/2007,KOA,HI,AWP,WE,Federal Contract Tower,93,15,8,0,116,0,42,30,0,72,93,57,38,0,188,128,0,128,316
08/26/2007,KOA,HI,AWP,WE,Federal Contract Tower,94,14,12,0,120,0,39,45,0,84,94,53,57,0,204,124,0,124,328
08/27/2007,KOA,HI,AWP,WE,Federal Contract Tower,97,14,12,4,127,0,47,27,0,74,97,61,39,4,201,154,44,198,399
08/28/2007,KOA,HI,AWP,WE,Federal Contract Tower,92,13,5,15,125,0,49,46,0,95,92,62,51,15,220,196,66,262,482
08/29/2007,KOA,HI,AWP,WE,Federal Contract Tower,89,12,7,6,114,0,33,35,0,68,89,45,42,6,182,124,48,172,354
08/30/2007,KOA,HI,AWP,WE,Federal Contract Tower,99,18,6,22,145,0,28,38,10,76,99,46,44,32,221,216,118,334,555
08/31/2007,KOA,HI,AWP,WE,Federal Contract Tower,96,12,6,10,124,0,43,38,2,83,96,55,44,12,207,165,30,195,402
09/01/2007,KOA,HI,AWP,WE,Federal Contract Tower,98,15,6,0,119,0,37,50,2,89,98,52,56,2,208,96,0,96,304
09/02/2007,KOA,HI,AWP,WE,Federal Contract Tower,92,12,9,0,113,0,35,29,0,64,92,47,38,0,177,82,0,82,259
09/03/2007,KOA,HI,AWP,WE,Federal Contract Tower,94,8,9,0,111,0,34,41,2,77,94,42,50,2,188,116,0,116,304
09/04/2007,KOA,HI,AWP,WE,Federal Contract Tower,82,16,5,13,116,0,41,42,0,83,82,57,47,13,199,128,62,190,389
09/05/2007,KOA,HI,AWP,WE,Federal Contract Tower,83,14,4,11,112,0,51,42,0,93,83,65,46,11,205,80,68,148,353
09/06/2007,KOA,HI,AWP,WE,Federal Contract Tower,80,14,8,4,106,0,36,40,3,79,80,50,48,7,185,174,81,255,440
09/07/2007,KOA,HI,AWP,WE,Federal Contract Tower,90,19,7,11,127,0,40,48,5,93,90,59,55,16,220,184,88,272,492
09/08/2007,KOA,HI,AWP,WE,Federal Contract Tower,82,11,6,2,101,0,31,30,2,63,82,42,36,4,164,42,8,50,214
09/09/2007,KOA,HI,AWP,WE,Federal Contract Tower,80,14,3,2,99,0,34,34,0,68,80,48,37,2,167,146,32,178,345
09/10/2007,KOA,HI,AWP,WE,Federal Contract Tower,81,23,3,10,117,0,26,35,2,63,81,49,38,12,180,94,46,140,320
09/11/2007,KOA,HI,AWP,WE,Federal Contract Tower,82,13,5,10,110,0,44,61,0,105,82,57,66,10,215,134,88,222,437
09/12/2007,KOA,HI,AWP,WE,Federal Contract Tower,79,13,3,16,111,0,29,37,3,69,79,42,40,19,180,94,166,260,440
09/13/2007,KOA,HI,AWP,WE,Federal Contract Tower,87,11,8,13,119,0,34,21,9,64,87,45,29,22,183,105,56,161,344
09/14/2007,KOA,HI,AWP,WE,Federal Contract Tower,80,15,6,5,106,0,45,42,5,92,80,60,48,10,198,108,44,152,350
09/15/2007,KOA,HI,AWP,WE,Federal Contract Tower,87,12,4,11,114,0,36,22,0,58,87,48,26,11,172,78,52,130,302
09/16/2007,KOA,HI,AWP,WE,Federal Contract Tower,82,14,2,0,98,0,35,40,0,75,82,49,42,0,173,168,0,168,341
09/17/2007,KOA,HI,AWP,WE,Federal Contract Tower,84,12,2,8,106,0,43,36,6,85,84,55,38,14,191,139,74,213,404
09/18/2007,KOA,HI,AWP,WE,Federal Contract Tower,82,12,3,6,103,0,42,22,0,64,82,54,25,6,167,123,26,149,316
09/19/2007,KOA,HI,AWP,WE,Federal Contract Tower,80,14,0,11,105,0,46,50,3,99,80,60,50,14,204,110,26,136,340
09/20/2007,KOA,HI,AWP,WE,Federal Contract Tower,89,12,6,4,111,0,33,34,3,70,89,45,40,7,181,138,40,178,359
09/21/2007,KOA,HI,AWP,WE,Federal Contract Tower,84,13,6,6,109,0,47,35,1,83,84,60,41,7,192,78,72,150,342
09/22/2007,KOA,HI,AWP,WE,Federal Contract Tower,85,14,6,3,108,0,38,32,1,71,85,52,38,4,179,64,0,64,243
09/23/2007,KOA,HI,AWP,WE,Federal Contract Tower,76,12,9,13,110,0,36,29,1,66,76,48,38,14,176,96,24,120,296
09/24/2007,KOA,HI,AWP,WE,Federal Contract Tower,82,12,0,7,101,0,30,29,3,62,82,42,29,10,163,84,78,162,325
09/25/2007,KOA,HI,AWP,WE,Federal Contract Tower,83,11,2,22,118,0,50,46,0,96,83,61,48,22,214,106,82,188,402
09/26/2007,KOA,HI,AWP,WE,Federal Contract Tower,84,13,2,6,105,0,43,27,1,71,84,56,29,7,176,140,38,178,354
09/27/2007,KOA,HI,AWP,WE,Federal Contract Tower,82,14,4,3,103,0,48,41,5,94,82,62,45,8,197,186,40,226,423
09/28/2007,KOA,HI,AWP,WE,Federal Contract Tower,84,17,6,0,107,0,44,49,0,93,84,61,55,0,200,122,0,122,322
09/29/2007,KOA,HI,AWP,WE,Federal Contract Tower,85,17,8,0,110,0,28,24,0,52,85,45,32,0,162,64,0,64,226
09/30/2007,KOA,HI,AWP,WE,Federal Contract Tower,77,10,4,0,91,0,39,44,0,83,77,49,48,0,174,146,0,146,320
10/01/2007,KOA,HI,AWP,WE,Federal Contract Tower,81,13,5,4,103,0,23,23,6,52,81,36,28,10,155,156,30,186,341
10/02/2007,KOA,HI,AWP,WE,Federal Contract Tower,92,23,6,7,128,0,41,34,3,78,92,64,40,10,206,158,42,200,406
10/03/2007,KOA,HI,AWP,WE,Federal Contract Tower,78,20,7,14,119,0,48,52,0,100,78,68,59,14,219,104,98,202,421
10/04/2007,KOA,HI,AWP,WE,Federal Contract Tower,87,18,7,8,120,0,36,25,6,67,87,54,32,14,187,116,44,160,347
10/05/2007,KOA,HI,AWP,WE,Federal Contract Tower,83,18,5,3,109,0,36,38,3,77,83,54,43,6,186,204,0,204,390
10/06/2007,KOA,HI,AWP,WE,Federal Contract Tower,92,19,10,3,124,0,47,29,0,76,92,66,39,3,200,144,48,192,392
10/07/2007,KOA,HI,AWP,WE,Federal Contract Tower,79,18,4,0,101,0,48,52,0,100,79,66,56,0,201,132,0,132,333
10/08/2007,KOA,HI,AWP,WE,Federal Contract Tower,88,16,1,0,105,0,54,56,2,112,88,70,57,2,217,361,0,361,578
10/09/2007,KOA,HI,AWP,WE,Federal Contract Tower,81,17,8,23,129,0,53,44,3,100,81,70,52,26,229,185,60,245,474
10/10/2007,KOA,HI,AWP,WE,Federal Contract Tower,77,21,2,13,113,0,55,39,1,95,77,76,41,14,208,83,125,208,416
10/11/2007,KOA,HI,AWP,WE,Federal Contract Tower,85,11,5,2,103,0,75,57,1,133,85,86,62,3,236,236,63,299,535
10/12/2007,KOA,HI,AWP,WE,Federal Contract Tower,83,23,4,9,119,0,50,27,0,77,83,73,31,9,196,164,0,164,360
10/13/2007,KOA,HI,AWP,WE,Federal Contract Tower,89,11,6,7,113,0,25,36,6,67,89,36,42,13,180,57,60,117,297
10/14/2007,KOA,HI,AWP,WE,Federal Contract Tower,80,16,7,5,108,0,36,25,0,61,80,52,32,5,169,56,35,91,260
10/15/2007,KOA,HI,AWP,WE,Federal Contract Tower,86,20,1,12,119,0,54,50,15,119,86,74,51,27,238,118,110,228,466
10/16/2007,KOA,HI,AWP,WE,Federal Contract Tower,87,19,5,5,116,0,45,49,0,94,87,64,54,5,210,81,56,137,347
10/17/2007,KOA,HI,AWP,WE,Federal Contract Tower,83,14,1,3,101,0,33,39,0,72,83,47,40,3,173,108,20,128,301
10/18/2007,KOA,HI,AWP,WE,Federal Contract Tower,77,16,8,14,115,0,53,65,8,126,77,69,73,22,241,268,42,310,551
10/19/2007,KOA,HI,AWP,WE,Federal Contract Tower,84,14,5,19,122,0,57,58,15,130,84,71,63,34,252,202,56,258,510
10/20/2007,KOA,HI,AWP,WE,Federal Contract Tower,87,15,4,4,110,0,34,36,0,70,87,49,40,4,180,124,0,124,304
10/21/2007,KOA,HI,AWP,WE,Federal Contract Tower,73,14,3,1,91,0,39,39,0,78,73,53,42,1,169,144,0,144,313
10/22/2007,KOA,HI,AWP,WE,Federal Contract Tower,77,15,1,19,112,0,34,33,2,69,77,49,34,21,181,172,44,216,397
10/23/2007,KOA,HI,AWP,WE,Federal Contract Tower,84,14,6,7,111,0,47,55,0,102,84,61,61,7,213,182,38,220,433
10/24/2007,KOA,HI,AWP,WE,Federal Contract Tower,79,25,6,15,125,0,55,56,2,113,79,80,62,17,238,88,40,128,366
10/25/2007,KOA,HI,AWP,WE,Federal Contract Tower,87,13,4,2,106,0,49,54,4,107,87,62,58,6,213,164,8,172,385
10/26/2007,KOA,HI,AWP,WE,Federal Contract Tower,85,16,9,2,112,0,40,61,3,104,85,56,70,5,216,108,32,140,356
10/27/2007,KOA,HI,AWP,WE,Federal Contract Tower,90,11,5,0,106,0,35,39,3,77,90,46,44,3,183,156,0,156,339
10/28/2007,KOA,HI,AWP,WE,Federal Contract Tower,79,11,2,0,92,0,45,48,0,93,79,56,50,0,185,96,0,96,281
10/29/2007,KOA,HI,AWP,WE,Federal Contract Tower,79,15,6,3,103,0,38,48,2,88,79,53,54,5,191,122,53,175,366
10/30/2007,KOA,HI,AWP,WE,Federal Contract Tower,82,16,17,1,116,0,47,32,3,82,82,63,49,4,198,162,50,212,410
10/31/2007,KOA,HI,AWP,WE,Federal Contract Tower,78,12,2,3,95,0,53,37,2,92,78,65,39,5,187,50,46,96,283
11/01/2007,KOA,HI,AWP,WE,Federal Contract Tower,85,16,7,21,129,0,53,59,8,120,85,69,66,29,249,122,36,158,407
11/02/2007,KOA,HI,AWP,WE,Federal Contract Tower,82,18,5,4,109,0,29,54,9,92,82,47,59,13,201,109,0,109,310
11/03/2007,KOA,HI,AWP,WE,Federal Contract Tower,91,16,3,2,112,0,34,34,5,73,91,50,37,7,185,160,0,160,345
11/04/2007,KOA,HI,AWP,WE,Federal Contract Tower,74,18,5,0,97,0,24,20,0,44,74,42,25,0,141,96,0,96,237
11/05/2007,KOA,HI,AWP,WE,Federal Contract Tower,84,12,4,1,101,0,44,62,1,107,84,56,66,2,208,180,40,220,428
11/06/2007,KOA,HI,AWP,WE,Federal Contract Tower,81,19,15,0,115,0,39,44,0,83,81,58,59,0,198,252,0,252,450
11/07/2007,KOA,HI,AWP,WE,Federal Contract Tower,74,22,4,10,110,0,33,75,1,109,74,55,79,11,219,106,76,182,401
11/08/2007,KOA,HI,AWP,WE,Federal Contract Tower,83,15,6,7,111,0,36,32,7,75,83,51,38,14,186,200,8,208,394
11/09/2007,KOA,HI,AWP,WE,Federal Contract Tower,86,20,8,7,121,0,36,40,1,77,86,56,48,8,198,278,16,294,492
11/10/2007,KOA,HI,AWP,WE,Federal Contract Tower,83,13,3,0,99,0,31,37,0,68,83,44,40,0,167,180,0,180,347
11/11/2007,KOA,HI,AWP,WE,Federal Contract Tower,77,12,8,0,97,0,28,58,0,86,77,40,66,0,183,208,0,208,391
11/12/2007,KOA,HI,AWP,WE,Federal Contract Tower,90,11,7,0,108,0,44,89,0,133,90,55,96,0,241,234,0,234,475
11/13/2007,KOA,HI,AWP,WE,Federal Contract Tower,80,18,5,12,115,0,43,61,0,104,80,61,66,12,219,274,38,312,531
11/14/2007,KOA,HI,AWP,WE,Federal Contract Tower,78,16,8,6,108,0,50,70,5,125,78,66,78,11,233,212,26,238,471
11/15/2007,KOA,HI,AWP,WE,Federal Contract Tower,83,13,7,7,110,0,39,54,2,95,83,52,61,9,205,316,12,328,533
11/16/2007,KOA,HI,AWP,WE,Federal Contract Tower,84,18,9,0,111,0,38,57,0,95,84,56,66,0,206,240,0,240,446
11/17/2007,KOA,HI,AWP,WE,Federal Contract Tower,85,15,9,0,109,0,22,26,4,52,85,37,35,4,161,238,0,238,399
11/18/2007,KOA,HI,AWP,WE,Federal Contract Tower,77,16,8,0,101,0,32,45,0,77,77,48,53,0,178,302,0,302,480
11/19/2007,KOA,HI,AWP,WE,Federal Contract Tower,79,13,3,1,96,0,43,76,1,120,79,56,79,2,216,226,2,228,444
11/20/2007,KOA,HI,AWP,WE,Federal Contract Tower,84,15,8,0,107,0,47,70,0,117,84,62,78,0,224,270,0,270,494
11/21/2007,KOA,HI,AWP,WE,Federal Contract Tower,80,12,9,4,105,0,61,75,0,136,80,73,84,4,241,224,0,224,465
11/22/2007,KOA,HI,AWP,WE,Federal Contract Tower,80,7,4,0,91,0,38,48,0,86,80,45,52,0,177,260,0,260,437
11/23/2007,KOA,HI,AWP,WE,Federal Contract Tower,87,14,8,0,109,0,40,61,0,101,87,54,69,0,210,302,0,302,512
11/24/2007,KOA,HI,AWP,WE,Federal Contract Tower,90,21,9,0,120,0,33,41,0,74,90,54,50,0,194,244,0,244,438
11/25/2007,KOA,HI,AWP,WE,Federal Contract Tower,76,22,19,0,117,0,38,56,0,94,76,60,75,0,211,320,0,320,531
11/26/2007,KOA,HI,AWP,WE,Federal Contract Tower,83,17,7,7,114,0,30,74,0,104,83,47,81,7,218,256,14,270,488
11/27/2007,KOA,HI,AWP,WE,Federal Contract Tower,93,18,28,10,149,0,28,15,15,58,93,46,43,25,207,172,44,216,423
11/28/2007,KOA,HI,AWP,WE,Federal Contract Tower,87,8,4,1,100,0,39,49,25,113,87,47,53,26,213,148,14,162,375
11/29/2007,KOA,HI,AWP,WE,Federal Contract Tower,105,16,6,5,132,0,44,66,3,113,105,60,72,8,245,266,20,286,531
11/30/2007,KOA,HI,AWP,WE,Federal Contract Tower,88,21,9,6,124,0,38,48,1,87,88,59,57,7,211,198,24,222,433
12/01/2007,KOA,HI,AWP,WE,Federal Contract Tower,82,13,2,10,107,0,40,42,2,84,82,53,44,12,191,168,12,180,371
12/02/2007,KOA,HI,AWP,WE,Federal Contract Tower,76,26,2,2,106,0,22,34,0,56,76,48,36,2,162,156,0,156,318
12/03/2007,KOA,HI,AWP,WE,Federal Contract Tower,81,26,4,20,131,0,2,13,2,17,81,28,17,22,148,77,16,93,241
12/04/2007,KOA,HI,AWP,WE,Federal Contract Tower,70,17,5,5,97,0,26,47,0,73,70,43,52,5,170,164,114,278,448
12/05/2007,KOA,HI,AWP,WE,Federal Contract Tower,72,5,1,0,78,0,10,0,0,10,72,15,1,0,88,0,0,0,88
12/06/2007,KOA,HI,AWP,WE,Federal Contract Tower,78,24,0,2,104,0,14,11,3,28,78,38,11,5,132,46,4,50,182
12/07/2007,KOA,HI,AWP,WE,Federal Contract Tower,85,21,0,0,106,0,24,22,4,50,85,45,22,4,156,44,0,44,200
12/08/2007,KOA,HI,AWP,WE,Federal Contract Tower,83,15,2,4,104,0,17,17,5,39,83,32,19,9,143,63,2,65,208
12/09/2007,KOA,HI,AWP,WE,Federal Contract Tower,78,20,2,0,100,0,29,44,0,73,78,49,46,0,173,186,0,186,359
12/10/2007,KOA,HI,AWP,WE,Federal Contract Tower,84,11,4,8,107,0,35,60,0,95,84,46,64,8,202,184,20,204,406
12/11/2007,KOA,HI,AWP,WE,Federal Contract Tower,76,12,7,25,120,0,30,45,7,82,76,42,52,32,202,212,42,254,456
12/12/2007,KOA,HI,AWP,WE,Federal Contract Tower,78,13,6,6,103,0,30,52,3,85,78,43,58,9,188,166,62,228,416
12/13/2007,KOA,HI,AWP,WE,Federal Contract Tower,84,16,5,9,114,0,23,42,4,69,84,39,47,13,183,250,18,268,451
12/14/2007,KOA,HI,AWP,WE,Federal Contract Tower,89,21,9,0,119,0,23,58,0,81,89,44,67,0,200,212,0,212,412
12/15/2007,KOA,HI,AWP,WE,Federal Contract Tower,85,11,1,0,97,0,31,35,0,66,85,42,36,0,163,194,0,194,357
12/16/2007,KOA,HI,AWP,WE,Federal Contract Tower,79,18,6,0,103,0,23,28,0,51,79,41,34,0,154,162,0,162,316
12/17/2007,KOA,HI,AWP,WE,Federal Contract Tower,83,18,8,5,114,0,29,37,0,66,83,47,45,5,180,156,32,188,368
12/18/2007,KOA,HI,AWP,WE,Federal Contract Tower,87,22,6,6,121,0,42,54,0,96,87,64,60,6,217,118,46,164,381
12/19/2007,KOA,HI,AWP,WE,Federal Contract Tower,80,23,13,29,145,0,35,52,2,89,80,58,65,31,234,120,134,254,488
12/20/2007,KOA,HI,AWP,WE,Federal Contract Tower,84,17,13,2,116,0,39,41,1,81,84,56,54,3,197,106,10,116,313
12/21/2007,KOA,HI,AWP,WE,Federal Contract Tower,89,19,13,5,126,0,40,66,5,111,89,59,79,10,237,218,56,274,511
12/22/2007,KOA,HI,AWP,WE,Federal Contract Tower,85,15,21,0,121,0,26,44,0,70,85,41,65,0,191,108,0,108,299
12/23/2007,KOA,HI,AWP,WE,Federal Contract Tower,84,19,20,0,123,0,25,32,0,57,84,44,52,0,180,80,0,80,260
12/24/2007,KOA,HI,AWP,WE,Federal Contract Tower,93,16,9,0,118,0,19,31,0,50,93,35,40,0,168,120,0,120,288
12/25/2007,KOA,HI,AWP,WE,Federal Contract Tower,82,16,5,0,103,0,7,7,0,14,82,23,12,0,117,30,0,30,147
12/26/2007,KOA,HI,AWP,WE,Federal Contract Tower,84,21,34,8,147,0,53,49,1,103,84,74,83,9,250,162,42,204,454
12/27/2007,KOA,HI,AWP,WE,Federal Contract Tower,90,20,24,9,143,0,52,53,6,111,90,72,77,15,254,232,10,242,496
12/28/2007,KOA,HI,AWP,WE,Federal Contract Tower,88,17,26,14,145,0,25,32,2,59,88,42,58,16,204,94,22,116,320
12/29/2007,KOA,HI,AWP,WE,Federal Contract Tower,87,10,10,0,107,0,30,50,0,80,87,40,60,0,187,216,0,216,403
12/30/2007,KOA,HI,AWP,WE,Federal Contract Tower,82,16,21,0,119,0,41,35,0,76,82,57,56,0,195,106,0,106,301
12/31/2007,KOA,HI,AWP,WE,Federal Contract Tower,87,20,10,0,117,0,42,60,0,102,87,62,70,0,219,211,0,211,430
01/01/2008,KOA,HI,AWP,WE,Federal Contract Tower,84,13,26,0,123,0,56,39,0,95,84,69,65,0,218,126,0,126,344
01/02/2008,KOA,HI,AWP,WE,Federal Contract Tower,86,25,30,11,152,0,37,30,5,72,86,62,60,16,224,160,136,296,520
01/03/2008,KOA,HI,AWP,WE,Federal Contract Tower,90,22,18,26,156,0,34,35,17,86,90,56,53,43,242,116,100,216,458
01/04/2008,KOA,HI,AWP,WE,Federal Contract Tower,85,15,26,15,141,0,50,36,5,91,85,65,62,20,232,142,30,172,404
01/05/2008,KOA,HI,AWP,WE,Federal Contract Tower,89,21,26,4,140,0,43,25,3,71,89,64,51,7,211,220,28,248,459
01/06/2008,KOA,HI,AWP,WE,Federal Contract Tower,81,12,16,0,109,0,41,31,0,72,81,53,47,0,181,138,0,138,319
01/07/2008,KOA,HI,AWP,WE,Federal Contract Tower,93,14,13,7,127,0,44,54,6,104,93,58,67,13,231,256,42,298,529
01/08/2008,KOA,HI,AWP,WE,Federal Contract Tower,81,23,11,12,127,0,59,85,0,144,81,82,96,12,271,154,130,284,555
01/09/2008,KOA,HI,AWP,WE,Federal Contract Tower,84,13,6,20,123,0,62,56,14,132,84,75,62,34,255,194,152,346,601
01/10/2008,KOA,HI,AWP,WE,Federal Contract Tower,86,20,14,12,132,0,44,78,14,136,86,64,92,26,268,146,48,194,462
01/11/2008,KOA,HI,AWP,WE,Federal Contract Tower,84,10,10,11,115,0,51,36,1,88,84,61,46,12,203,46,52,98,301
01/12/2008,KOA,HI,AWP,WE,Federal Contract Tower,85,18,8,3,114,0,28,47,1,76,85,46,55,4,190,202,10,212,402
01/13/2008,KOA,HI,AWP,WE,Federal Contract Tower,83,22,9,4,118,0,26,20,0,46,83,48,29,4,164,78,4,82,246
01/14/2008,KOA,HI,AWP,WE,Federal Contract Tower,90,12,9,14,125,0,35,29,0,64,90,47,38,14,189,211,70,281,470
01/15/2008,KOA,HI,AWP,WE,Federal Contract Tower,86,15,5,16,122,0,47,62,12,121,86,62,67,28,243,164,56,220,463
01/16/2008,KOA,HI,AWP,WE,Federal Contract Tower,83,12,15,13,123,0,42,51,4,97,83,54,66,17,220,106,56,162,382
01/17/2008,KOA,HI,AWP,WE,Federal Contract Tower,85,17,11,10,123,0,46,60,22,128,85,63,71,32,251,110,70,180,431
01/18/2008,KOA,HI,AWP,WE,Federal Contract Tower,84,10,7,10,111,0,17,36,6,59,84,27,43,16,170,116,16,132,302
01/19/2008,KOA,HI,AWP,WE,Federal Contract Tower,86,15,7,0,108,0,22,48,0,70,86,37,55,0,178,112,0,112,290
01/20/2008,KOA,HI,AWP,WE,Federal Contract Tower,80,11,6,0,97,0,36,46,2,84,80,47,52,2,181,97,0,97,278
01/21/2008,KOA,HI,AWP,WE,Federal Contract Tower,86,12,6,2,106,0,32,58,0,90,86,44,64,2,196,234,0,234,430
01/22/2008,KOA,HI,AWP,WE,Federal Contract Tower,82,9,5,5,101,0,42,68,0,110,82,51,73,5,211,174,26,200,411
01/23/2008,KOA,HI,AWP,WE,Federal Contract Tower,82,12,6,12,112,0,43,50,0,93,82,55,56,12,205,204,20,224,429
01/24/2008,KOA,HI,AWP,WE,Federal Contract Tower,83,11,6,8,108,0,49,48,4,101,83,60,54,12,209,186,18,204,413
01/25/2008,KOA,HI,AWP,WE,Federal Contract Tower,83,13,5,0,101,0,38,55,0,93,83,51,60,0,194,128,0,128,322
01/26/2008,KOA,HI,AWP,WE,Federal Contract Tower,88,12,5,4,109,0,34,56,1,91,88,46,61,5,200,128,38,166,366
01/27/2008,KOA,HI,AWP,WE,Federal Contract Tower,82,17,6,0,105,0,29,55,0,84,82,46,61,0,189,152,0,152,341
01/28/2008,KOA,HI,AWP,WE,Federal Contract Tower,86,18,4,3,111,0,37,51,0,88,86,55,55,3,199,292,0,292,491
01/29/2008,KOA,HI,AWP,WE,Federal Contract Tower,80,8,4,6,98,0,42,44,0,86,80,50,48,6,184,60,0,60,244
01/30/2008,KOA,HI,AWP,WE,Federal Contract Tower,82,17,5,5,109,0,53,64,12,129,82,70,69,17,238,306,50,356,594
01/31/2008,KOA,HI,AWP,WE,Federal Contract Tower,77,6,5,0,88,0,42,76,0,118,77,48,81,0,206,206,0,206,412
02/01/2008,KOA,HI,AWP,WE,Federal Contract Tower,82,11,6,5,104,0,19,37,0,56,82,30,43,5,160,90,20,110,270
02/02/2008,KOA,HI,AWP,WE,Federal Contract Tower,87,13,2,5,107,0,19,17,1,37,87,32,19,6,144,24,0,24,168
02/03/2008,KOA,HI,AWP,WE,Federal Contract Tower,82,12,2,0,96,0,28,31,0,59,82,40,33,0,155,118,0,118,273
02/04/2008,KOA,HI,AWP,WE,Federal Contract Tower,85,9,5,19,118,0,25,44,3,72,85,34,49,22,190,290,42,332,522
02/05/2008,KOA,HI,AWP,WE,Federal Contract Tower,85,12,18,36,151,0,30,31,0,61,85,42,49,36,212,188,70,258,470
02/06/2008,KOA,HI,AWP,WE,Federal Contract Tower,87,16,3,17,123,0,41,55,4,100,87,57,58,21,223,146,96,242,465
02/07/2008,KOA,HI,AWP,WE,Federal Contract Tower,89,9,4,13,115,0,47,55,1,103,89,56,59,14,218,154,52,206,424
02/08/2008,KOA,HI,AWP,WE,Federal Contract Tower,85,14,8,15,122,0,39,65,5,109,85,53,73,20,231,122,12,134,365
02/09/2008,KOA,HI,AWP,WE,Federal Contract Tower,86,11,4,10,111,3,39,56,2,100,89,50,60,12,211,192,12,204,415
02/10/2008,KOA,HI,AWP,WE,Federal Contract Tower,79,7,4,0,90,0,38,50,1,89,79,45,54,1,179,162,0,162,341
02/11/2008,KOA,HI,AWP,WE,Federal Contract Tower,86,10,5,22,123,0,34,69,4,107,86,44,74,26,230,278,52,330,560
02/12/2008,KOA,HI,AWP,WE,Federal Contract Tower,103,14,10,10,137,0,12,39,3,54,103,26,49,13,191,154,66,220,411
02/13/2008,KOA,HI,AWP,WE,Federal Contract Tower,84,12,8,10,114,0,43,73,3,119,84,55,81,13,233,110,12,122,355
02/14/2008,KOA,HI,AWP,WE,Federal Contract Tower,89,12,13,9,123,0,49,47,3,99,89,61,60,12,222,205,116,321,543
02/15/2008,KOA,HI,AWP,WE,Federal Contract Tower,88,13,11,8,120,0,47,37,1,85,88,60,48,9,205,162,31,193,398
02/16/2008,KOA,HI,AWP,WE,Federal Contract Tower,86,14,12,4,116,0,22,35,0,57,86,36,47,4,173,92,0,92,265
02/17/2008,KOA,HI,AWP,WE,Federal Contract Tower,82,7,3,5,97,0,27,51,0,78,82,34,54,5,175,136,44,180,355
02/18/2008,KOA,HI,AWP,WE,Federal Contract Tower,88,10,13,4,115,0,32,80,0,112,88,42,93,4,227,180,8,188,415
02/19/2008,KOA,HI,AWP,WE,Federal Contract Tower,89,11,4,29,133,0,40,63,1,104,89,51,67,30,237,170,78,248,485
02/20/2008,KOA,HI,AWP,WE,Federal Contract Tower,86,17,12,30,145,0,45,47,3,95,86,62,59,33,240,168,118,286,526
02/21/2008,KOA,HI,AWP,WE,Federal Contract Tower,90,14,4,2,110,1,47,127,0,175,91,61,131,2,285,126,14,140,425
02/22/2008,KOA,HI,AWP,WE,Federal Contract Tower,86,9,9,2,106,0,43,45,0,88,86,52,54,2,194,102,12,114,308
02/23/2008,KOA,HI,AWP,WE,Federal Contract Tower,85,15,11,0,111,0,25,35,0,60,85,40,46,0,171,118,0,118,289
02/24/2008,KOA,HI,AWP,WE,Federal Contract Tower,84,10,13,0,107,0,35,35,0,70,84,45,48,0,177,150,0,150,327
02/25/2008,KOA,HI,AWP,WE,Federal Contract Tower,88,13,9,11,121,0,33,81,2,116,88,46,90,13,237,240,26,266,503
02/26/2008,KOA,HI,AWP,WE,Federal Contract Tower,85,17,2,6,110,0,54,61,13,128,85,71,63,19,238,232,100,332,570
02/27/2008,KOA,HI,AWP,WE,Federal Contract Tower,84,13,7,17,121,0,42,64,4,110,84,55,71,21,231,232,46,278,509
02/28/2008,KOA,HI,AWP,WE,Federal Contract Tower,91,14,7,18,130,0,22,41,8,71,91,36,48,26,201,234,58,292,493
02/29/2008,KOA,HI,AWP,WE,Federal Contract Tower,83,12,6,3,104,0,36,55,3,94,83,48,61,6,198,118,32,150,348
03/01/2008,KOA,HI,AWP,WE,Federal Contract Tower,85,11,10,3,109,1,48,33,1,83,86,59,43,4,192,220,22,242,434
03/02/2008,KOA,HI,AWP,WE,Federal Contract Tower,84,11,11,0,106,0,35,36,0,71,84,46,47,0,177,120,0,120,297
03/03/2008,KOA,HI,AWP,WE,Federal Contract Tower,91,12,3,4,110,0,47,55,0,102,91,59,58,4,212,150,34,184,396
03/04/2008,KOA,HI,AWP,WE,Federal Contract Tower,88,12,4,35,139,0,42,64,5,111,88,54,68,40,250,202,61,263,513
03/05/2008,KOA,HI,AWP,WE,Federal Contract Tower,90,14,4,27,135,0,52,55,2,109,90,66,59,29,244,270,44,314,558
03/06/2008,KOA,HI,AWP,WE,Federal Contract Tower,90,13,4,7,114,0,25,48,5,78,90,38,52,12,192,198,72,270,462
03/07/2008,KOA,HI,AWP,WE,Federal Contract Tower,93,13,8,0,114,0,50,59,0,109,93,63,67,0,223,178,0,178,401
03/08/2008,KOA,HI,AWP,WE,Federal Contract Tower,90,16,8,0,114,0,33,47,0,80,90,49,55,0,194,238,0,238,432
03/09/2008,KOA,HI,AWP,WE,Federal Contract Tower,94,9,15,0,118,0,36,41,0,77,94,45,56,0,195,160,0,160,355
03/10/2008,KOA,HI,AWP,WE,Federal Contract Tower,99,14,14,7,134,0,39,54,4,97,99,53,68,11,231,256,116,372,603
03/11/2008,KOA,HI,AWP,WE,Federal Contract Tower,94,14,8,6,122,0,43,52,6,101,94,57,60,12,223,206,19,225,448
03/12/2008,KOA,HI,AWP,WE,Federal Contract Tower,94,23,9,4,130,0,43,66,1,110,94,66,75,5,240,169,44,213,453
03/13/2008,KOA,HI,AWP,WE,Federal Contract Tower,101,10,2,0,113,0,41,39,0,80,101,51,41,0,193,114,0,114,307
03/14/2008,KOA,HI,AWP,WE,Federal Contract Tower,102,15,8,0,125,0,47,53,2,102,102,62,61,2,227,188,0,188,415
03/15/2008,KOA,HI,AWP,WE,Federal Contract Tower,98,12,11,0,121,0,17,39,0,56,98,29,50,0,177,106,0,106,283
03/16/2008,KOA,HI,AWP,WE,Federal Contract Tower,97,9,3,0,109,0,43,35,0,78,97,52,38,0,187,104,0,104,291
03/17/2008,KOA,HI,AWP,WE,Federal Contract Tower,92,18,4,16,130,0,39,55,8,102,92,57,59,24,232,152,146,298,530
03/18/2008,KOA,HI,AWP,WE,Federal Contract Tower,92,19,7,11,129,0,44,48,3,95,92,63,55,14,224,176,12,188,412
03/19/2008,KOA,HI,AWP,WE,Federal Contract Tower,90,14,2,7,113,0,45,50,7,102,90,59,52,14,215,96,24,120,335
03/20/2008,KOA,HI,AWP,WE,Federal Contract Tower,100,18,13,9,140,0,50,50,3,103,100,68,63,12,243,154,54,208,451
03/21/2008,KOA,HI,AWP,WE,Federal Contract Tower,102,20,12,4,138,0,43,58,2,103,102,63,70,6,241,132,20,152,393
03/22/2008,KOA,HI,AWP,WE,Federal Contract Tower,96,20,13,0,129,0,37,46,0,83,96,57,59,0,212,172,0,172,384
03/23/2008,KOA,HI,AWP,WE,Federal Contract Tower,97,11,6,5,119,0,30,31,0,61,97,41,37,5,180,92,0,92,272
03/24/2008,KOA,HI,AWP,WE,Federal Contract Tower,94,19,3,4,120,0,53,69,2,124,94,72,72,6,244,108,8,116,360
03/25/2008,KOA,HI,AWP,WE,Federal Contract Tower,90,19,3,7,119,0,49,54,6,109,90,68,57,13,228,96,8,104,332
03/26/2008,KOA,HI,AWP,WE,Federal Contract Tower,91,14,5,12,122,0,48,63,1,112,91,62,68,13,234,96,14,110,344
03/27/2008,KOA,HI,AWP,WE,Federal Contract Tower,99,16,6,8,129,0,52,39,4,95,99,68,45,12,224,96,14,110,334
03/28/2008,KOA,HI,AWP,WE,Federal Contract Tower,102,22,7,12,143,0,33,50,2,85,102,55,57,14,228,168,30,198,426
03/29/2008,KOA,HI,AWP,WE,Federal Contract Tower,99,14,13,0,126,0,39,42,0,81,99,53,55,0,207,70,0,70,277
03/30/2008,KOA,HI,AWP,WE,Federal Contract Tower,95,10,19,0,124,0,28,47,0,75,95,38,66,0,199,134,0,134,333
03/31/2008,KOA,HI,AWP,WE,Federal Contract Tower,94,11,4,9,118,0,53,33,3,89,94,64,37,12,207,158,30,188,395
04/01/2008,KOA,HI,AWP,WE,Federal Contract Tower,73,16,1,8,98,0,42,57,1,100,73,58,58,9,198,76,42,118,316
04/02/2008,KOA,HI,AWP,WE,Federal Contract Tower,72,15,11,5,103,0,34,29,2,65,72,49,40,7,168,159,32,191,359
04/03/2008,KOA,HI,AWP,WE,Federal Contract Tower,75,12,7,15,109,0,46,49,2,97,75,58,56,17,206,60,18,78,284
04/04/2008,KOA,HI,AWP,WE,Federal Contract Tower,73,13,11,6,103,0,50,54,0,104,73,63,65,6,207,142,18,160,367
04/05/2008,KOA,HI,AWP,WE,Federal Contract Tower,73,14,9,1,97,3,36,33,0,72,76,50,42,1,169,150,0,150,319
04/06/2008,KOA,HI,AWP,WE,Federal Contract Tower,71,6,6,0,83,0,40,48,0,88,71,46,54,0,171,162,0,162,333
04/07/2008,KOA,HI,AWP,WE,Federal Contract Tower,70,10,4,5,89,0,52,74,1,127,70,62,78,6,216,166,28,194,410
04/08/2008,KOA,HI,AWP,WE,Federal Contract Tower,67,14,5,9,95,0,48,51,0,99,67,62,56,9,194,128,46,174,368
04/09/2008,KOA,HI,AWP,WE,Federal Contract Tower,67,16,6,5,94,0,50,45,0,95,67,66,51,5,189,88,60,148,337
04/10/2008,KOA,HI,AWP,WE,Federal Contract Tower,81,20,14,17,132,0,45,53,9,107,81,65,67,26,239,206,32,238,477
04/11/2008,KOA,HI,AWP,WE,Federal Contract Tower,72,13,11,4,100,0,38,53,4,95,72,51,64,8,195,180,54,234,429
04/12/2008,KOA,HI,AWP,WE,Federal Contract Tower,75,20,11,0,106,0,27,54,0,81,75,47,65,0,187,216,0,216,403
04/13/2008,KOA,HI,AWP,WE,Federal Contract Tower,74,10,11,9,104,0,45,40,0,85,74,55,51,9,189,112,20,132,321
04/14/2008,KOA,HI,AWP,WE,Federal Contract Tower,70,9,7,5,91,0,47,46,5,98,70,56,53,10,189,110,10,120,309
04/15/2008,KOA,HI,AWP,WE,Federal Contract Tower,58,8,4,4,74,0,46,47,0,93,58,54,51,4,167,122,18,140,307
04/16/2008,KOA,HI,AWP,WE,Federal Contract Tower,66,15,1,2,84,0,55,64,0,119,66,70,65,2,203,76,0,76,279
04/17/2008,KOA,HI,AWP,WE,Federal Contract Tower,75,23,4,0,102,0,34,63,0,97,75,57,67,0,199,148,0,148,347
04/18/2008,KOA,HI,AWP,WE,Federal Contract Tower,84,9,11,6,110,1,43,56,1,101,85,52,67,7,211,208,28,236,447
04/19/2008,KOA,HI,AWP,WE,Federal Contract Tower,73,12,5,1,91,0,40,41,1,82,73,52,46,2,173,150,0,150,323
04/20/2008,KOA,HI,AWP,WE,Federal Contract Tower,69,8,4,0,81,0,32,45,0,77,69,40,49,0,158,118,0,118,276
04/21/2008,KOA,HI,AWP,WE,Federal Contract Tower,69,8,4,4,85,0,41,43,0,84,69,49,47,4,169,248,30,278,447
04/22/2008,KOA,HI,AWP,WE,Federal Contract Tower,65,9,4,6,84,0,39,38,0,77,65,48,42,6,161,114,20,134,295
04/23/2008,KOA,HI,AWP,WE,Federal Contract Tower,64,14,11,8,97,0,45,54,0,99,64,59,65,8,196,168,34,202,398
04/24/2008,KOA,HI,AWP,WE,Federal Contract Tower,70,10,11,6,97,0,49,51,0,100,70,59,62,6,197,164,32,196,393
04/25/2008,KOA,HI,AWP,WE,Federal Contract Tower,68,11,13,0,92,1,28,45,0,74,69,39,58,0,166,156,0,156,322
04/26/2008,KOA,HI,AWP,WE,Federal Contract Tower,70,16,2,0,88,0,34,50,0,84,70,50,52,0,172,132,0,132,304
04/27/2008,KOA,HI,AWP,WE,Federal Contract Tower,68,17,5,0,90,0,34,24,0,58,68,51,29,0,148,150,0,150,298
04/28/2008,KOA,HI,AWP,WE,Federal Contract Tower,69,11,6,0,86,0,40,36,0,76,69,51,42,0,162,190,0,190,352
04/29/2008,KOA,HI,AWP,WE,Federal Contract Tower,62,19,4,5,90,0,43,58,0,101,62,62,62,5,191,262,8,270,461
04/30/2008,KOA,HI,AWP,WE,Federal Contract Tower,68,29,5,17,119,0,45,54,1,100,68,74,59,18,219,186,98,284,503
05/01/2008,KOA,HI,AWP,WE,Federal Contract Tower,72,22,11,0,105,0,19,46,2,67,72,41,57,2,172,192,12,204,376
05/02/2008,KOA,HI,AWP,WE,Federal Contract Tower,76,14,2,7,99,0,30,45,0,75,76,44,47,7,174,126,56,182,356
05/03/2008,KOA,HI,AWP,WE,Federal Contract Tower,70,18,2,1,91,0,34,43,1,78,70,52,45,2,169,268,0,268,437
05/04/2008,KOA,HI,AWP,WE,Federal Contract Tower,72,9,6,0,87,0,36,39,0,75,72,45,45,0,162,170,0,170,332
05/05/2008,KOA,HI,AWP,WE,Federal Contract Tower,71,8,5,9,93,0,35,53,1,89,71,43,58,10,182,164,82,246,428
05/06/2008,KOA,HI,AWP,WE,Federal Contract Tower,66,9,4,0,79,0,48,63,0,111,66,57,67,0,190,204,0,204,394
05/07/2008,KOA,HI,AWP,WE,Federal Contract Tower,70,10,2,0,82,0,36,64,0,100,70,46,66,0,182,210,28,238,420
05/08/2008,KOA,HI,AWP,WE,Federal Contract Tower,70,11,5,1,87,0,37,64,1,102,70,48,69,2,189,140,66,206,395
05/09/2008,KOA,HI,AWP,WE,Federal Contract Tower,72,11,11,5,99,0,42,37,0,79,72,53,48,5,178,82,8,90,268
05/10/2008,KOA,HI,AWP,WE,Federal Contract Tower,68,15,3,0,86,0,27,48,4,79,68,42,51,4,165,118,0,118,283
05/11/2008,KOA,HI,AWP,WE,Federal Contract Tower,68,12,3,0,83,0,35,36,2,73,68,47,39,2,156,138,0,138,294
05/12/2008,KOA,HI,AWP,WE,Federal Contract Tower,64,7,4,13,88,0,37,62,0,99,64,44,66,13,187,156,14,170,357
05/13/2008,KOA,HI,AWP,WE,Federal Contract Tower,67,9,3,2,81,0,54,59,6,119,67,63,62,8,200,128,0,128,328
05/14/2008,KOA,HI,AWP,WE,Federal Contract Tower,65,14,4,6,89,0,47,62,4,113,65,61,66,10,202,180,18,198,400
05/15/2008,KOA,HI,AWP,WE,Federal Contract Tower,72,9,11,0,92,0,43,62,0,105,72,52,73,0,197,196,0,196,393
05/16/2008,KOA,HI,AWP,WE,Federal Contract Tower,74,20,5,6,105,0,20,42,0,62,74,40,47,6,167,120,0,120,287
05/17/2008,KOA,HI,AWP,WE,Federal Contract Tower,71,8,4,0,83,0,25,42,0,67,71,33,46,0,150,132,0,132,282
05/18/2008,KOA,HI,AWP,WE,Federal Contract Tower,71,6,5,0,82,0,30,49,0,79,71,36,54,0,161,112,0,112,273
05/19/2008,KOA,HI,AWP,WE,Federal Contract Tower,69,16,5,10,100,0,47,33,0,80,69,63,38,10,180,124,4,128,308
05/20/2008,KOA,HI,AWP,WE,Federal Contract Tower,69,10,5,3,87,0,54,52,6,112,69,64,57,9,199,226,10,236,435
05/21/2008,KOA,HI,AWP,WE,Federal Contract Tower,72,19,3,9,103,0,44,54,1,99,72,63,57,10,202,310,54,364,566
05/22/2008,KOA,HI,AWP,WE,Federal Contract Tower,75,18,3,2,98,0,45,71,4,120,75,63,74,6,218,156,6,162,380
05/23/2008,KOA,HI,AWP,WE,Federal Contract Tower,75,15,5,2,97,0,24,31,5,60,75,39,36,7,157,96,18,114,271
05/24/2008,KOA,HI,AWP,WE,Federal Contract Tower,74,13,9,4,100,0,31,46,4,81,74,44,55,8,181,140,8,148,329
05/25/2008,KOA,HI,AWP,WE,Federal Contract Tower,66,6,8,1,81,0,39,45,0,84,66,45,53,1,165,178,0,178,343
05/26/2008,KOA,HI,AWP,WE,Federal Contract Tower,73,6,2,0,81,0,39,44,0,83,73,45,46,0,164,252,0,252,416
05/27/2008,KOA,HI,AWP,WE,Federal Contract Tower,72,14,6,6,98,0,46,68,1,115,72,60,74,7,213,222,8,230,443
05/28/2008,KOA,HI,AWP,WE,Federal Contract Tower,64,18,3,3,88,0,50,66,0,116,64,68,69,3,204,178,38,216,420
05/29/2008,KOA,HI,AWP,WE,Federal Contract Tower,72,20,8,6,106,0,32,56,0,88,72,52,64,6,194,214,60,274,468
05/30/2008,KOA,HI,AWP,WE,Federal Contract Tower,72,13,5,1,91,0,33,62,1,96,72,46,67,2,187,186,12,198,385
05/31/2008,KOA,HI,AWP,WE,Federal Contract Tower,69,13,5,0,87,0,35,48,2,85,69,48,53,2,172,168,0,168,340
06/01/2008,KOA,HI,AWP,WE,Federal Contract Tower,67,7,6,0,80,0,30,25,0,55,67,37,31,0,135,114,0,114,249
06/02/2008,KOA,HI,AWP,WE,Federal Contract Tower,68,16,2,2,88,0,37,60,7,104,68,53,62,9,192,318,14,332,524
06/03/2008,KOA,HI,AWP,WE,Federal Contract Tower,63,13,3,12,91,0,33,44,8,85,63,46,47,20,176,264,40,304,480
06/04/2008,KOA,HI,AWP,WE,Federal Contract Tower,64,14,4,8,90,0,45,77,0,122,64,59,81,8,212,202,34,236,448
06/05/2008,KOA,HI,AWP,WE,Federal Contract Tower,71,16,2,3,92,0,25,54,0,79,71,41,56,3,171,180,10,190,361
06/06/2008,KOA,HI,AWP,WE,Federal Contract Tower,73,13,11,0,97,0,27,36,0,63,73,40,47,0,160,184,0,184,344
06/07/2008,KOA,HI,AWP,WE,Federal Contract Tower,68,16,1,4,89,0,36,41,0,77,68,52,42,4,166,170,6,176,342
06/08/2008,KOA,HI,AWP,WE,Federal Contract Tower,66,9,3,0,78,0,39,18,0,57,66,48,21,0,135,22,0,22,157
06/09/2008,KOA,HI,AWP,WE,Federal Contract Tower,71,6,5,3,85,0,37,43,0,80,71,43,48,3,165,160,8,168,333
06/10/2008,KOA,HI,AWP,WE,Federal Contract Tower,68,18,1,7,94,0,43,69,7,119,68,61,70,14,213,174,76,250,463
06/11/2008,KOA,HI,AWP,WE,Federal Contract Tower,65,20,1,4,90,0,49,69,0,118,65,69,70,4,208,266,12,278,486
06/12/2008,KOA,HI,AWP,WE,Federal Contract Tower,73,16,2,5,96,0,37,47,5,89,73,53,49,10,185,106,32,138,323
06/13/2008,KOA,HI,AWP,WE,Federal Contract Tower,70,15,8,1,94,0,36,45,0,81,70,51,53,1,175,130,6,136,311
06/14/2008,KOA,HI,AWP,WE,Federal Contract Tower,72,17,6,0,95,0,43,88,4,135,72,60,94,4,230,80,0,80,310
06/15/2008,KOA,HI,AWP,WE,Federal Contract Tower,68,11,8,0,87,0,29,22,0,51,68,40,30,0,138,30,0,30,168
06/16/2008,KOA,HI,AWP,WE,Federal Contract Tower,73,9,7,3,92,0,30,41,1,72,73,39,48,4,164,174,24,198,362
06/17/2008,KOA,HI,AWP,WE,Federal Contract Tower,70,12,8,3,93,0,50,46,1,97,70,62,54,4,190,118,32,150,340
06/18/2008,KOA,HI,AWP,WE,Federal Contract Tower,66,21,9,3,99,0,21,36,12,69,66,42,45,15,168,102,24,126,294
06/19/2008,KOA,HI,AWP,WE,Federal Contract Tower,70,17,4,4,95,2,33,39,4,78,72,50,43,8,173,70,8,78,251
06/20/2008,KOA,HI,AWP,WE,Federal Contract Tower,74,8,9,0,91,0,46,36,5,87,74,54,45,5,178,139,0,139,317
06/21/2008,KOA,HI,AWP,WE,Federal Contract Tower,73,13,5,0,91,0,26,51,0,77,73,39,56,0,168,50,0,50,218
06/22/2008,KOA,HI,AWP,WE,Federal Contract Tower,72,9,4,2,87,0,37,25,0,62,72,46,29,2,149,52,16,68,217
06/23/2008,KOA,HI,AWP,WE,Federal Contract Tower,71,10,5,1,87,0,43,13,2,58,71,53,18,3,145,94,20,114,259
06/24/2008,KOA,HI,AWP,WE,Federal Contract Tower,68,13,8,6,95,0,45,27,0,72,68,58,35,6,167,130,8,138,305
06/25/2008,KOA,HI,AWP,WE,Federal Contract Tower,69,8,4,1,82,0,49,41,0,90,69,57,45,1,172,110,30,140,312
06/26/2008,KOA,HI,AWP,WE,Federal Contract Tower,71,19,3,4,97,0,28,46,2,76,71,47,49,6,173,108,16,124,297
06/27/2008,KOA,HI,AWP,WE,Federal Contract Tower,77,13,17,1,108,0,37,50,1,88,77,50,67,2,196,58,2,60,256
06/28/2008,KOA,HI,AWP,WE,Federal Contract Tower,71,10,13,0,94,0,34,31,0,65,71,44,44,0,159,46,0,46,205
06/29/2008,KOA,HI,AWP,WE,Federal Contract Tower,67,8,14,0,89,0,39,35,6,80,67,47,49,6,169,34,0,34,203
06/30/2008,KOA,HI,AWP,WE,Federal Contract Tower,70,22,5,2,99,0,34,24,0,58,70,56,29,2,157,92,22,114,271
07/01/2008,KOA,HI,AWP,WE,Federal Contract Tower,69,21,13,7,110,69,60,38,12,179,138,81,51,19,289,72,68,140,429
07/02/2008,KOA,HI,AWP,WE,Federal Contract Tower,69,14,4,2,89,69,74,55,2,200,138,88,59,4,289,120,0,120,409
07/03/2008,KOA,HI,AWP,WE,Federal Contract Tower,72,9,4,9,94,72,53,43,13,181,144,62,47,22,275,92,6,98,373
07/04/2008,KOA,HI,AWP,WE,Federal Contract Tower,69,6,1,0,76,70,44,39,4,157,139,50,40,4,233,70,0,70,303
07/05/2008,KOA,HI,AWP,WE,Federal Contract Tower,71,10,5,0,86,71,47,45,0,163,142,57,50,0,249,134,0,134,383
07/06/2008,KOA,HI,AWP,WE,Federal Contract Tower,72,14,6,0,92,72,53,38,0,163,144,67,44,0,255,64,0,64,319
07/07/2008,KOA,HI,AWP,WE,Federal Contract Tower,75,13,5,8,101,75,52,33,8,168,150,65,38,16,269,56,14,70,339
07/08/2008,KOA,HI,AWP,WE,Federal Contract Tower,67,11,1,15,94,67,55,48,16,186,134,66,49,31,280,106,78,184,464
07/09/2008,KOA,HI,AWP,WE,Federal Contract Tower,71,10,2,21,104,71,65,90,24,250,142,75,92,45,354,86,34,120,474
07/10/2008,KOA,HI,AWP,WE,Federal Contract Tower,75,10,7,2,94,75,49,45,0,169,150,59,52,2,263,84,0,84,347
07/11/2008,KOA,HI,AWP,WE,Federal Contract Tower,74,16,15,5,110,74,53,39,7,173,148,69,54,12,283,40,4,44,327
07/12/2008,KOA,HI,AWP,WE,Federal Contract Tower,67,19,5,2,93,67,55,47,2,171,134,74,52,4,264,44,22,66,330
07/13/2008,KOA,HI,AWP,WE,Federal Contract Tower,69,14,7,1,91,69,38,25,1,133,138,52,32,2,224,30,0,30,254
07/14/2008,KOA,HI,AWP,WE,Federal Contract Tower,70,8,8,2,88,70,56,26,2,154,140,64,34,4,242,18,12,30,272
07/15/2008,KOA,HI,AWP,WE,Federal Contract Tower,67,12,1,5,85,67,70,55,6,198,134,82,56,11,283,138,42,180,463
07/16/2008,KOA,HI,AWP,WE,Federal Contract Tower,75,18,9,7,109,75,76,68,7,226,150,94,77,14,335,74,8,82,417
07/17/2008,KOA,HI,AWP,WE,Federal Contract Tower,70,24,12,3,109,70,57,32,3,162,140,81,44,6,271,74,38,112,383
07/18/2008,KOA,HI,AWP,WE,Federal Contract Tower,74,10,17,2,103,74,50,73,7,204,148,60,90,9,307,159,44,203,510
07/19/2008,KOA,HI,AWP,WE,Federal Contract Tower,72,12,1,0,85,71,47,47,0,165,143,59,48,0,250,72,0,72,322
07/20/2008,KOA,HI,AWP,WE,Federal Contract Tower,68,10,4,0,82,68,53,26,0,147,136,63,30,0,229,76,0,76,305
07/21/2008,KOA,HI,AWP,WE,Federal Contract Tower,71,20,7,0,98,0,49,27,18,94,71,69,34,18,192,116,30,146,338
07/22/2008,KOA,HI,AWP,WE,Federal Contract Tower,70,17,6,2,95,70,57,34,4,165,140,74,40,6,260,172,4,176,436
07/23/2008,KOA,HI,AWP,WE,Federal Contract Tower,69,13,3,10,95,69,54,62,14,199,138,67,65,24,294,254,78,332,626
07/24/2008,KOA,HI,AWP,WE,Federal Contract Tower,73,17,1,3,94,73,50,35,4,162,146,67,36,7,256,122,12,134,390
07/25/2008,KOA,HI,AWP,WE,Federal Contract Tower,75,9,8,1,93,75,55,28,0,158,150,64,36,1,251,138,0,138,389
07/26/2008,KOA,HI,AWP,WE,Federal Contract Tower,71,13,7,0,91,71,44,55,0,170,142,57,62,0,261,136,0,136,397
07/27/2008,KOA,HI,AWP,WE,Federal Contract Tower,68,11,3,0,82,68,51,22,0,141,136,62,25,0,223,30,0,30,253
07/28/2008,KOA,HI,AWP,WE,Federal Contract Tower,73,11,2,0,86,73,55,42,0,170,146,66,44,0,256,136,0,136,392
07/29/2008,KOA,HI,AWP,WE,Federal Contract Tower,67,24,9,4,104,67,62,54,4,187,134,86,63,8,291,140,4,144,435
07/30/2008,KOA,HI,AWP,WE,Federal Contract Tower,65,14,4,3,86,65,63,63,5,196,130,77,67,8,282,136,12,148,430
07/31/2008,KOA,HI,AWP,WE,Federal Contract Tower,76,13,6,1,96,76,50,46,2,174,152,63,52,3,270,92,8,100,370
08/01/2008,KOA,HI,AWP,WE,Federal Contract Tower,73,17,9,1,100,73,60,88,0,221,146,77,97,1,321,140,2,142,463
08/02/2008,KOA,HI,AWP,WE,Federal Contract Tower,72,22,4,0,98,72,53,38,0,163,144,75,42,0,261,36,0,36,297
08/03/2008,KOA,HI,AWP,WE,Federal Contract Tower,72,14,14,8,108,72,55,79,4,210,144,69,93,12,318,108,24,132,450
08/04/2008,KOA,HI,AWP,WE,Federal Contract Tower,74,6,1,2,83,0,43,33,2,78,74,49,34,4,161,204,0,204,365
08/05/2008,KOA,HI,AWP,WE,Federal Contract Tower,70,11,0,5,86,0,39,60,0,99,70,50,60,5,185,170,16,186,371
08/06/2008,KOA,HI,AWP,WE,Federal Contract Tower,70,17,2,4,93,0,58,101,5,164,70,75,103,9,257,186,38,224,481
08/07/2008,KOA,HI,AWP,WE,Federal Contract Tower,69,19,6,3,97,0,58,71,1,130,69,77,77,4,227,102,8,110,337
08/08/2008,KOA,HI,AWP,WE,Federal Contract Tower,75,20,8,2,105,0,45,56,0,101,75,65,64,2,206,138,4,142,348
08/09/2008,KOA,HI,AWP,WE,Federal Contract Tower,70,13,8,4,95,0,30,45,0,75,70,43,53,4,170,74,18,92,262
08/10/2008,KOA,HI,AWP,WE,Federal Contract Tower,67,15,14,0,96,2,32,28,0,62,69,47,42,0,158,70,0,70,228
08/11/2008,KOA,HI,AWP,WE,Federal Contract Tower,73,15,3,1,92,0,46,24,1,71,73,61,27,2,163,166,4,170,333
08/12/2008,KOA,HI,AWP,WE,Federal Contract Tower,71,15,9,8,103,0,55,76,1,132,71,70,85,9,235,112,58,170,405
08/13/2008,KOA,HI,AWP,WE,Federal Contract Tower,67,13,2,2,84,0,54,64,11,129,67,67,66,13,213,128,8,136,349
08/14/2008,KOA,HI,AWP,WE,Federal Contract Tower,73,10,8,6,97,0,48,50,5,103,73,58,58,11,200,130,10,140,340
08/15/2008,KOA,HI,AWP,WE,Federal Contract Tower,75,11,11,0,97,0,46,46,0,92,75,57,57,0,189,102,0,102,291
08/16/2008,KOA,HI,AWP,WE,Federal Contract Tower,71,17,6,0,94,0,22,35,0,57,71,39,41,0,151,66,0,66,217
08/17/2008,KOA,HI,AWP,WE,Federal Contract Tower,71,12,3,0,86,0,40,17,0,57,71,52,20,0,143,52,0,52,195
08/18/2008,KOA,HI,AWP,WE,Federal Contract Tower,68,21,6,22,117,3,42,36,1,82,71,63,42,23,199,134,8,142,341
08/19/2008,KOA,HI,AWP,WE,Federal Contract Tower,69,8,5,5,87,0,54,44,2,100,69,62,49,7,187,178,30,208,395
08/20/2008,KOA,HI,AWP,WE,Federal Contract Tower,70,9,8,4,91,0,55,73,3,131,70,64,81,7,222,108,12,120,342
08/21/2008,KOA,HI,AWP,WE,Federal Contract Tower,70,13,9,2,94,0,42,53,2,97,70,55,62,4,191,210,13,223,414
08/22/2008,KOA,HI,AWP,WE,Federal Contract Tower,75,14,8,4,101,0,47,38,2,87,75,61,46,6,188,114,30,144,332
08/23/2008,KOA,HI,AWP,WE,Federal Contract Tower,70,15,7,0,92,0,35,30,0,65,70,50,37,0,157,88,0,88,245
08/24/2008,KOA,HI,AWP,WE,Federal Contract Tower,68,15,15,0,98,0,25,20,0,45,68,40,35,0,143,50,8,58,201
08/25/2008,KOA,HI,AWP,WE,Federal Contract Tower,68,10,3,5,86,0,38,35,0,73,68,48,38,5,159,54,2,56,215
08/26/2008,KOA,HI,AWP,WE,Federal Contract Tower,65,10,2,0,77,0,40,24,0,64,65,50,26,0,141,110,0,110,251
08/27/2008,KOA,HI,AWP,WE,Federal Contract Tower,67,14,3,2,86,0,47,40,0,87,67,61,43,2,173,170,6,176,349
08/28/2008,KOA,HI,AWP,WE,Federal Contract Tower,66,18,2,2,88,3,57,46,1,107,69,75,48,3,195,162,26,188,383
08/29/2008,KOA,HI,AWP,WE,Federal Contract Tower,76,14,5,0,95,0,36,37,0,73,76,50,42,0,168,70,0,70,238
08/30/2008,KOA,HI,AWP,WE,Federal Contract Tower,71,14,6,0,91,0,25,40,0,65,71,39,46,0,156,114,0,114,270
08/31/2008,KOA,HI,AWP,WE,Federal Contract Tower,65,16,5,0,86,1,31,11,0,43,66,47,16,0,129,34,0,34,163
09/01/2008,KOA,HI,AWP,WE,Federal Contract Tower,70,13,4,0,87,0,41,33,0,74,70,54,37,0,161,134,0,134,295
09/02/2008,KOA,HI,AWP,WE,Federal Contract Tower,59,11,9,5,84,0,41,53,4,98,59,52,62,9,182,134,28,162,344
09/03/2008,KOA,HI,AWP,WE,Federal Contract Tower,59,13,2,10,84,0,54,52,7,113,59,67,54,17,197,152,18,170,367
09/04/2008,KOA,HI,AWP,WE,Federal Contract Tower,62,12,2,5,81,0,54,45,1,100,62,66,47,6,181,120,14,134,315
09/05/2008,KOA,HI,AWP,WE,Federal Contract Tower,67,15,2,5,89,0,34,31,1,66,67,49,33,6,155,38,20,58,213
09/06/2008,KOA,HI,AWP,WE,Federal Contract Tower,60,14,5,3,82,0,22,31,0,53,60,36,36,3,135,68,10,78,213
09/07/2008,KOA,HI,AWP,WE,Federal Contract Tower,56,15,2,0,73,26,20,0,0,46,82,35,2,0,119,36,0,36,155
09/08/2008,KOA,HI,AWP,WE,Federal Contract Tower,63,12,2,6,83,0,38,42,0,80,63,50,44,6,163,164,0,164,327
09/09/2008,KOA,HI,AWP,WE,Federal Contract Tower,56,15,0,13,84,0,54,53,0,107,56,69,53,13,191,198,20,218,409
09/10/2008,KOA,HI,AWP,WE,Federal Contract Tower,59,9,3,0,71,0,47,70,3,120,59,56,73,3,191,162,0,162,353
09/11/2008,KOA,HI,AWP,WE,Federal Contract Tower,64,10,2,2,78,0,52,70,3,125,64,62,72,5,203,218,22,240,443
09/12/2008,KOA,HI,AWP,WE,Federal Contract Tower,66,10,9,0,85,0,45,38,0,83,66,55,47,0,168,108,0,108,276
09/13/2008,KOA,HI,AWP,WE,Federal Contract Tower,63,11,4,12,90,0,37,37,0,74,63,48,41,12,164,56,26,82,246
09/14/2008,KOA,HI,AWP,WE,Federal Contract Tower,61,16,3,2,82,0,23,15,0,38,61,39,18,2,120,28,0,28,148
09/15/2008,KOA,HI,AWP,WE,Federal Contract Tower,61,11,2,8,82,0,40,24,0,64,61,51,26,8,146,98,32,130,276
09/16/2008,KOA,HI,AWP,WE,Federal Contract Tower,54,10,7,12,83,0,63,60,0,123,54,73,67,12,206,172,34,206,412
09/17/2008,KOA,HI,AWP,WE,Federal Contract Tower,58,10,1,12,81,0,66,53,1,120,58,76,54,13,201,182,56,238,439
09/18/2008,KOA,HI,AWP,WE,Federal Contract Tower,62,23,4,9,98,0,51,55,4,110,62,74,59,13,208,174,30,204,412
09/19/2008,KOA,HI,AWP,WE,Federal Contract Tower,62,14,1,4,81,0,45,46,0,91,62,59,47,4,172,100,0,100,272
09/20/2008,KOA,HI,AWP,WE,Federal Contract Tower,65,7,1,1,74,0,38,32,0,70,65,45,33,1,144,128,0,128,272
09/21/2008,KOA,HI,AWP,WE,Federal Contract Tower,56,7,5,0,68,0,37,20,4,61,56,44,25,4,129,6,0,6,135
09/22/2008,KOA,HI,AWP,WE,Federal Contract Tower,66,10,7,11,94,0,39,36,3,78,66,49,43,14,172,142,34,176,348
09/23/2008,KOA,HI,AWP,WE,Federal Contract Tower,56,16,3,0,75,0,62,53,0,115,56,78,56,0,190,192,0,192,382
09/24/2008,KOA,HI,AWP,WE,Federal Contract Tower,59,8,1,0,68,0,56,61,0,117,59,64,62,0,185,262,0,262,447
09/25/2008,KOA,HI,AWP,WE,Federal Contract Tower,63,10,3,5,81,0,42,48,4,94,63,52,51,9,175,184,22,206,381
09/26/2008,KOA,HI,AWP,WE,Federal Contract Tower,62,17,5,0,84,0,53,49,2,104,62,70,54,2,188,234,0,234,422
09/27/2008,KOA,HI,AWP,WE,Federal Contract Tower,63,21,6,0,90,0,39,40,0,79,63,60,46,0,169,68,0,68,237
09/28/2008,KOA,HI,AWP,WE,Federal Contract Tower,60,11,2,0,73,0,31,16,0,47,60,42,18,0,120,4,0,4,124
09/29/2008,KOA,HI,AWP,WE,Federal Contract Tower,64,17,2,8,91,0,45,44,2,91,64,62,46,10,182,156,78,234,416
09/30/2008,KOA,HI,AWP,WE,Federal Contract Tower,57,101,3,27,188,0,54,41,0,95,57,155,44,27,283,156,42,198,481
10/01/2008,KOA,HI,AWP,WE,Federal Contract Tower,63,10,4,8,85,0,51,69,1,121,63,61,73,9,206,200,18,218,424
10/02/2008,KOA,HI,AWP,WE,Federal Contract Tower,67,10,2,8,87,0,34,65,0,99,67,44,67,8,186,212,6,218,404
10/03/2008,KOA,HI,AWP,WE,Federal Contract Tower,66,15,3,5,89,0,42,53,0,95,66,57,56,5,184,208,16,224,408
10/04/2008,KOA,HI,AWP,WE,Federal Contract Tower,65,13,3,9,90,0,27,23,3,53,65,40,26,12,143,20,18,38,181
10/05/2008,KOA,HI,AWP,WE,Federal Contract Tower,62,11,3,0,76,0,31,31,0,62,62,42,34,0,138,12,0,12,150
10/06/2008,KOA,HI,AWP,WE,Federal Contract Tower,63,13,7,0,83,0,34,29,2,65,63,47,36,2,148,168,0,168,316
10/07/2008,KOA,HI,AWP,WE,Federal Contract Tower,60,10,6,4,80,0,44,51,1,96,60,54,57,5,176,210,26,236,412
10/08/2008,KOA,HI,AWP,WE,Federal Contract Tower,59,13,10,4,86,0,47,67,2,116,59,60,77,6,202,212,40,252,454
10/09/2008,KOA,HI,AWP,WE,Federal Contract Tower,66,11,2,7,86,0,44,64,4,112,66,55,66,11,198,216,20,236,434
10/10/2008,KOA,HI,AWP,WE,Federal Contract Tower,67,19,8,9,103,0,41,46,2,89,67,60,54,11,192,88,6,94,286
10/11/2008,KOA,HI,AWP,WE,Federal Contract Tower,68,15,2,0,85,0,23,36,2,61,68,38,38,2,146,0,0,0,146
10/12/2008,KOA,HI,AWP,WE,Federal Contract Tower,66,10,8,0,84,0,35,13,0,48,66,45,21,0,132,46,0,46,178
10/13/2008,KOA,HI,AWP,WE,Federal Contract Tower,70,16,8,1,95,0,49,44,0,93,70,65,52,1,188,122,0,122,310
10/14/2008,KOA,HI,AWP,WE,Federal Contract Tower,61,18,7,26,112,0,51,51,4,106,61,69,58,30,218,180,100,280,498
10/15/2008,KOA,HI,AWP,WE,Federal Contract Tower,60,19,1,2,82,0,42,68,0,110,60,61,69,2,192,190,24,214,406
10/16/2008,KOA,HI,AWP,WE,Federal Contract Tower,66,17,3,7,93,0,43,60,2,105,66,60,63,9,198,188,26,214,412
10/17/2008,KOA,HI,AWP,WE,Federal Contract Tower,66,10,2,4,82,0,39,46,3,88,66,49,48,7,170,166,30,196,366
10/18/2008,KOA,HI,AWP,WE,Federal Contract Tower,67,14,5,3,89,0,26,31,0,57,67,40,36,3,146,42,0,42,188
10/19/2008,KOA,HI,AWP,WE,Federal Contract Tower,66,10,1,4,81,0,30,28,8,66,66,40,29,12,147,72,6,78,225
10/20/2008,KOA,HI,AWP,WE,Federal Contract Tower,63,13,1,11,88,0,42,43,11,96,63,55,44,22,184,160,16,176,360
10/21/2008,KOA,HI,AWP,WE,Federal Contract Tower,56,16,6,15,93,0,36,56,1,93,56,52,62,16,186,130,28,158,344
10/22/2008,KOA,HI,AWP,WE,Federal Contract Tower,56,14,4,6,80,0,52,58,12,122,56,66,62,18,202,204,8,212,414
10/23/2008,KOA,HI,AWP,WE,Federal Contract Tower,64,11,2,7,84,0,43,51,8,102,64,54,53,15,186,192,8,200,386
10/24/2008,KOA,HI,AWP,WE,Federal Contract Tower,67,15,4,3,89,0,53,28,0,81,67,68,32,3,170,100,6,106,276
10/25/2008,KOA,HI,AWP,WE,Federal Contract Tower,67,21,4,6,98,0,16,25,0,41,67,37,29,6,139,100,0,100,239
10/26/2008,KOA,HI,AWP,WE,Federal Contract Tower,66,9,4,0,79,0,38,16,0,54,66,47,20,0,133,48,0,48,181
10/27/2008,KOA,HI,AWP,WE,Federal Contract Tower,65,12,2,7,86,0,39,33,1,73,65,51,35,8,159,90,24,114,273
10/28/2008,KOA,HI,AWP,WE,Federal Contract Tower,55,13,0,10,78,0,36,51,0,87,55,49,51,10,165,174,68,242,407
10/29/2008,KOA,HI,AWP,WE,Federal Contract Tower,56,14,7,11,88,0,46,54,2,102,56,60,61,13,190,154,36,190,380
10/30/2008,KOA,HI,AWP,WE,Federal Contract Tower,61,21,3,7,92,0,40,43,6,89,61,61,46,13,181,222,32,254,435
10/31/2008,KOA,HI,AWP,WE,Federal Contract Tower,65,13,4,17,99,0,33,49,0,82,65,46,53,17,181,94,20,114,295
11/01/2008,KOA,HI,AWP,WE,Federal Contract Tower,65,15,3,0,83,0,20,27,0,47,65,35,30,0,130,20,0,20,150
11/02/2008,KOA,HI,AWP,WE,Federal Contract Tower,64,11,9,0,84,0,34,25,0,59,64,45,34,0,143,56,0,56,199
11/03/2008,KOA,HI,AWP,WE,Federal Contract Tower,67,9,8,10,94,0,42,37,0,79,67,51,45,10,173,219,36,255,428
11/04/2008,KOA,HI,AWP,WE,Federal Contract Tower,56,10,2,23,91,0,30,38,0,68,56,40,40,23,159,184,28,212,371
11/05/2008,KOA,HI,AWP,WE,Federal Contract Tower,62,13,4,12,91,0,43,55,0,98,62,56,59,12,189,154,16,170,359
11/06/2008,KOA,HI,AWP,WE,Federal Contract Tower,67,11,4,2,84,0,34,45,0,79,67,45,49,2,163,158,14,172,335
11/07/2008,KOA,HI,AWP,WE,Federal Contract Tower,67,18,7,12,104,0,40,44,0,84,67,58,51,12,188,132,12,144,332
11/08/2008,KOA,HI,AWP,WE,Federal Contract Tower,64,10,0,4,78,0,25,31,2,58,64,35,31,6,136,96,0,96,232
11/09/2008,KOA,HI,AWP,WE,Federal Contract Tower,66,8,11,0,85,0,33,20,0,53,66,41,31,0,138,66,0,66,204
11/10/2008,KOA,HI,AWP,WE,Federal Contract Tower,66,15,0,6,87,0,46,38,0,84,66,61,38,6,171,204,36,240,411
11/11/2008,KOA,HI,AWP,WE,Federal Contract Tower,64,14,4,0,82,0,41,43,0,84,64,55,47,0,166,222,0,222,388
11/12/2008,KOA,HI,AWP,WE,Federal Contract Tower,61,11,5,14,91,0,47,61,0,108,61,58,66,14,199,308,18,326,525
11/13/2008,KOA,HI,AWP,WE,Federal Contract Tower,67,15,3,4,89,0,33,64,2,99,67,48,67,6,188,295,30,325,513
11/14/2008,KOA,HI,AWP,WE,Federal Contract Tower,63,27,10,9,109,0,31,33,0,64,63,58,43,9,173,138,20,158,331
11/15/2008,KOA,HI,AWP,WE,Federal Contract Tower,62,13,2,10,87,0,24,46,3,73,62,37,48,13,160,112,4,116,276
11/16/2008,KOA,HI,AWP,WE,Federal Contract Tower,67,19,2,0,88,0,32,21,0,53,67,51,23,0,141,28,0,28,169
11/17/2008,KOA,HI,AWP,WE,Federal Contract Tower,65,11,1,22,99,0,32,34,0,66,65,43,35,22,165,264,50,314,479
11/18/2008,KOA,HI,AWP,WE,Federal Contract Tower,63,9,4,4,80,0,28,30,0,58,63,37,34,4,138,170,12,182,320
11/19/2008,KOA,HI,AWP,WE,Federal Contract Tower,72,27,3,10,112,0,51,65,0,116,72,78,68,10,228,260,24,284,512
11/20/2008,KOA,HI,AWP,WE,Federal Contract Tower,75,20,2,6,103,0,34,45,0,79,75,54,47,6,182,126,0,126,308
11/21/2008,KOA,HI,AWP,WE,Federal Contract Tower,72,19,4,4,99,0,37,40,0,77,72,56,44,4,176,192,0,192,368
11/22/2008,KOA,HI,AWP,WE,Federal Contract Tower,75,19,11,1,106,0,21,13,0,34,75,40,24,1,140,48,0,48,188
11/23/2008,KOA,HI,AWP,WE,Federal Contract Tower,71,13,7,0,91,0,29,19,0,48,71,42,26,0,139,112,0,112,251
11/24/2008,KOA,HI,AWP,WE,Federal Contract Tower,78,17,6,7,108,0,31,26,1,58,78,48,32,8,166,154,4,158,324
11/25/2008,KOA,HI,AWP,WE,Federal Contract Tower,67,17,10,25,119,0,37,23,2,62,67,54,33,27,181,150,86,236,417
11/26/2008,KOA,HI,AWP,WE,Federal Contract Tower,78,12,4,1,95,0,38,53,1,92,78,50,57,2,187,332,2,334,521
11/27/2008,KOA,HI,AWP,WE,Federal Contract Tower,74,10,5,0,89,0,26,23,0,49,74,36,28,0,138,112,0,112,250
11/28/2008,KOA,HI,AWP,WE,Federal Contract Tower,79,16,2,4,101,0,47,40,0,87,79,63,42,4,188,112,24,136,324
11/29/2008,KOA,HI,AWP,WE,Federal Contract Tower,78,20,9,0,107,1,34,39,0,74,79,54,48,0,181,132,0,132,313
11/30/2008,KOA,HI,AWP,WE,Federal Contract Tower,82,14,9,0,105,0,38,18,0,56,82,52,27,0,161,14,0,14,175
12/01/2008,KOA,HI,AWP,WE,Federal Contract Tower,80,20,7,12,119,0,45,24,2,71,80,65,31,14,190,142,22,164,354
12/02/2008,KOA,HI,AWP,WE,Federal Contract Tower,76,17,1,24,118,0,38,30,1,69,76,55,31,25,187,130,92,222,409
12/03/2008,KOA,HI,AWP,WE,Federal Contract Tower,67,18,2,14,101,0,40,41,2,83,67,58,43,16,184,212,54,266,450
12/04/2008,KOA,HI,AWP,WE,Federal Contract Tower,78,13,4,18,113,0,44,40,0,84,78,57,44,18,197,146,6,152,349
12/05/2008,KOA,HI,AWP,WE,Federal Contract Tower,79,18,1,0,98,0,37,45,0,82,79,55,46,0,180,174,0,174,354
12/06/2008,KOA,HI,AWP,WE,Federal Contract Tower,73,12,4,8,97,0,24,40,3,67,73,36,44,11,164,132,36,168,332
12/07/2008,KOA,HI,AWP,WE,Federal Contract Tower,75,17,0,0,92,0,41,18,0,59,75,58,18,0,151,20,0,20,171
12/08/2008,KOA,HI,AWP,WE,Federal Contract Tower,79,13,5,5,102,0,37,36,3,76,79,50,41,8,178,250,40,290,468
12/09/2008,KOA,HI,AWP,WE,Federal Contract Tower,72,25,1,10,108,0,34,22,6,62,72,59,23,16,170,216,38,254,424
12/10/2008,KOA,HI,AWP,WE,Federal Contract Tower,74,23,4,17,118,0,34,34,1,69,74,57,38,18,187,158,68,226,413
12/11/2008,KOA,HI,AWP,WE,Federal Contract Tower,71,35,5,0,111,0,7,20,0,27,71,42,25,0,138,62,0,62,200
12/12/2008,KOA,HI,AWP,WE,Federal Contract Tower,71,13,4,2,90,0,43,33,2,78,71,56,37,4,168,180,0,180,348
12/13/2008,KOA,HI,AWP,WE,Federal Contract Tower,70,16,1,2,89,0,29,37,1,67,70,45,38,3,156,82,18,100,256
12/14/2008,KOA,HI,AWP,WE,Federal Contract Tower,74,28,2,1,105,0,12,17,0,29,74,40,19,1,134,28,0,28,162
12/15/2008,KOA,HI,AWP,WE,Federal Contract Tower,80,15,4,9,108,0,29,38,0,67,80,44,42,9,175,184,68,252,427
12/16/2008,KOA,HI,AWP,WE,Federal Contract Tower,68,23,8,10,109,0,47,38,0,85,68,70,46,10,194,144,94,238,432
12/17/2008,KOA,HI,AWP,WE,Federal Contract Tower,79,24,5,6,114,0,31,46,0,77,79,55,51,6,191,180,100,280,471
12/18/2008,KOA,HI,AWP,WE,Federal Contract Tower,84,17,8,17,126,0,39,42,2,83,84,56,50,19,209,180,48,228,437
12/19/2008,KOA,HI,AWP,WE,Federal Contract Tower,75,16,6,26,123,0,27,26,0,53,75,43,32,26,176,84,158,242,418
12/20/2008,KOA,HI,AWP,WE,Federal Contract Tower,81,19,13,9,122,0,22,34,0,56,81,41,47,9,178,174,0,174,352
12/21/2008,KOA,HI,AWP,WE,Federal Contract Tower,78,15,11,0,104,0,36,21,0,57,78,51,32,0,161,54,0,54,215
12/22/2008,KOA,HI,AWP,WE,Federal Contract Tower,86,20,11,28,145,0,37,28,0,65,86,57,39,28,210,180,120,300,510
12/23/2008,KOA,HI,AWP,WE,Federal Contract Tower,83,16,9,17,125,0,42,46,1,89,83,58,55,18,214,120,40,160,374
12/24/2008,KOA,HI,AWP,WE,Federal Contract Tower,82,20,6,26,134,0,32,45,13,90,82,52,51,39,224,142,36,178,402
12/25/2008,KOA,HI,AWP,WE,Federal Contract Tower,80,16,11,4,111,0,30,42,0,72,80,46,53,4,183,170,0,170,353
12/26/2008,KOA,HI,AWP,WE,Federal Contract Tower,80,24,20,0,124,0,26,32,0,58,80,50,52,0,182,98,0,98,280
12/27/2008,KOA,HI,AWP,WE,Federal Contract Tower,85,17,19,0,121,0,44,37,0,81,85,61,56,0,202,86,0,86,288
12/28/2008,KOA,HI,AWP,WE,Federal Contract Tower,82,18,17,1,118,0,41,37,1,79,82,59,54,2,197,36,0,36,233
12/29/2008,KOA,HI,AWP,WE,Federal Contract Tower,88,17,9,19,133,0,54,14,4,72,88,71,23,23,205,90,96,186,391
12/30/2008,KOA,HI,AWP,WE,Federal Contract Tower,76,22,12,9,119,0,41,43,1,85,76,63,55,10,204,178,0,178,382
12/31/2008,KOA,HI,AWP,WE,Federal Contract Tower,83,19,11,0,113,0,54,39,0,93,83,73,50,0,206,86,0,86,292
01/01/2009,KOA,HI,AWP,WE,Federal Contract Tower,80,11,7,0,98,0,44,30,0,74,80,55,37,0,172,30,0,30,202
01/02/2009,KOA,HI,AWP,WE,Federal Contract Tower,88,15,27,0,130,0,52,26,0,78,88,67,53,0,208,34,0,34,242
01/03/2009,KOA,HI,AWP,WE,Federal Contract Tower,82,19,25,4,130,0,37,35,1,73,82,56,60,5,203,130,0,130,333
01/04/2009,KOA,HI,AWP,WE,Federal Contract Tower,82,10,17,0,109,0,37,22,3,62,82,47,39,3,171,68,0,68,239
01/05/2009,KOA,HI,AWP,WE,Federal Contract Tower,83,16,10,17,126,0,46,25,1,72,83,62,35,18,198,140,64,204,402
01/06/2009,KOA,HI,AWP,WE,Federal Contract Tower,79,19,10,24,132,0,37,35,1,73,79,56,45,25,205,110,80,190,395
01/07/2009,KOA,HI,AWP,WE,Federal Contract Tower,80,16,8,11,115,0,41,36,1,78,80,57,44,12,193,116,80,196,389
01/08/2009,KOA,HI,AWP,WE,Federal Contract Tower,74,15,5,6,100,0,39,28,4,71,74,54,33,10,171,84,42,126,297
01/09/2009,KOA,HI,AWP,WE,Federal Contract Tower,79,11,11,13,114,0,37,33,0,70,79,48,44,13,184,84,44,128,312
01/10/2009,KOA,HI,AWP,WE,Federal Contract Tower,78,17,7,8,110,0,22,33,0,55,78,39,40,8,165,64,4,68,233
01/11/2009,KOA,HI,AWP,WE,Federal Contract Tower,79,10,7,0,96,0,17,2,2,21,79,27,9,2,117,4,0,4,121
01/12/2009,KOA,HI,AWP,WE,Federal Contract Tower,72,18,6,18,114,0,40,42,1,83,72,58,48,19,197,120,46,166,363
01/13/2009,KOA,HI,AWP,WE,Federal Contract Tower,77,19,3,8,107,0,42,54,5,101,77,61,57,13,208,84,22,106,314
01/14/2009,KOA,HI,AWP,WE,Federal Contract Tower,71,25,4,1,101,0,47,35,0,82,71,72,39,1,183,24,0,24,207
01/15/2009,KOA,HI,AWP,WE,Federal Contract Tower,80,15,4,7,106,0,39,31,1,71,80,54,35,8,177,84,36,120,297
01/16/2009,KOA,HI,AWP,WE,Federal Contract Tower,80,22,7,19,128,0,21,25,0,46,80,43,32,19,174,20,32,52,226
01/17/2009,KOA,HI,AWP,WE,Federal Contract Tower,80,10,6,2,98,0,31,25,0,56,80,41,31,2,154,48,0,48,202
01/18/2009,KOA,HI,AWP,WE,Federal Contract Tower,81,14,5,4,104,0,32,14,0,46,81,46,19,4,150,10,0,10,160
01/19/2009,KOA,HI,AWP,WE,Federal Contract Tower,80,11,4,0,95,0,39,27,0,66,80,50,31,0,161,24,0,24,185
01/20/2009,KOA,HI,AWP,WE,Federal Contract Tower,66,7,1,18,92,0,39,42,0,81,66,46,43,18,173,96,114,210,383
01/21/2009,KOA,HI,AWP,WE,Federal Contract Tower,80,11,7,0,98,0,44,30,0,74,80,55,37,0,172,30,0,30,202
01/22/2009,KOA,HI,AWP,WE,Federal Contract Tower,82,8,3,13,106,0,33,58,1,92,82,41,61,14,198,90,68,158,356
01/23/2009,KOA,HI,AWP,WE,Federal Contract Tower,75,12,5,6,98,0,34,36,7,77,75,46,41,13,175,92,36,128,303
01/24/2009,KOA,HI,AWP,WE,Federal Contract Tower,91,7,6,13,117,0,33,28,10,71,91,40,34,23,188,88,30,118,306
01/25/2009,KOA,HI,AWP,WE,Federal Contract Tower,79,12,2,2,95,0,29,10,0,39,79,41,12,2,134,40,0,40,174
01/26/2009,KOA,HI,AWP,WE,Federal Contract Tower,85,8,4,25,122,0,38,32,0,70,85,46,36,25,192,160,78,238,430
01/27/2009,KOA,HI,AWP,WE,Federal Contract Tower,86,22,4,24,136,0,35,43,0,78,86,57,47,24,214,218,190,408,622
01/28/2009,KOA,HI,AWP,WE,Federal Contract Tower,80,29,5,9,123,0,34,64,3,101,80,63,69,12,224,138,54,192,416
01/29/2009,KOA,HI,AWP,WE,Federal Contract Tower,75,18,1,2,96,0,49,52,0,101,75,67,53,2,197,130,2,132,329
01/30/2009,KOA,HI,AWP,WE,Federal Contract Tower,79,18,2,10,109,0,37,29,0,66,79,55,31,10,175,88,0,88,263
01/31/2009,KOA,HI,AWP,WE,Federal Contract Tower,80,15,1,4,100,0,23,26,6,55,80,38,27,10,155,38,12,50,205
02/01/2009,KOA,HI,AWP,WE,Federal Contract Tower,80,15,2,0,97,0,26,12,0,38,80,41,14,0,135,30,0,30,165
02/02/2009,KOA,HI,AWP,WE,Federal Contract Tower,79,17,6,13,115,0,24,16,1,41,79,41,22,14,156,66,0,66,222
02/03/2009,KOA,HI,AWP,WE,Federal Contract Tower,79,17,6,13,115,0,24,16,1,41,79,41,22,14,156,66,0,66,222
02/04/2009,KOA,HI,AWP,WE,Federal Contract Tower,75,16,2,24,117,0,43,44,3,90,75,59,46,27,207,106,142,248,455
02/05/2009,KOA,HI,AWP,WE,Federal Contract Tower,80,13,4,11,108,0,39,37,3,79,80,52,41,14,187,84,42,126,313
02/06/2009,KOA,HI,AWP,WE,Federal Contract Tower,70,14,2,0,86,0,37,44,0,81,70,51,46,0,167,76,2,78,245
02/07/2009,KOA,HI,AWP,WE,Federal Contract Tower,78,18,4,0,100,0,17,23,0,40,78,35,27,0,140,4,3,7,147
02/08/2009,KOA,HI,AWP,WE,Federal Contract Tower,76,8,1,2,87,0,30,26,0,56,76,38,27,2,143,66,0,66,209
02/09/2009,KOA,HI,AWP,WE,Federal Contract Tower,76,13,4,8,101,0,34,35,0,69,76,47,39,8,170,78,10,88,258
02/10/2009,KOA,HI,AWP,WE,Federal Contract Tower,77,23,2,8,110,0,31,18,0,49,77,54,20,8,159,92,18,110,269
02/11/2009,KOA,HI,AWP,WE,Federal Contract Tower,73,17,0,6,96,0,50,39,1,90,73,67,39,7,186,114,20,134,320
02/12/2009,KOA,HI,AWP,WE,Federal Contract Tower,79,19,4,4,106,0,35,45,2,82,79,54,49,6,188,134,44,178,366
02/13/2009,KOA,HI,AWP,WE,Federal Contract Tower,82,15,4,12,113,0,36,27,7,70,82,51,31,19,183,64,66,130,313
02/14/2009,KOA,HI,AWP,WE,Federal Contract Tower,82,12,5,0,99,0,44,30,0,74,82,56,35,0,173,44,0,44,217
02/15/2009,KOA,HI,AWP,WE,Federal Contract Tower,73,15,5,0,93,0,36,24,0,60,73,51,29,0,153,22,0,22,175
02/16/2009,KOA,HI,AWP,WE,Federal Contract Tower,72,17,3,11,103,0,34,18,1,53,72,51,21,12,156,76,84,160,316
02/17/2009,KOA,HI,AWP,WE,Federal Contract Tower,77,16,6,38,137,0,31,29,4,64,77,47,35,42,201,96,78,174,375
02/18/2009,KOA,HI,AWP,WE,Federal Contract Tower,79,12,5,24,120,0,43,42,3,88,79,55,47,27,208,106,56,162,370
02/19/2009,KOA,HI,AWP,WE,Federal Contract Tower,78,15,6,25,124,0,34,26,2,62,78,49,32,27,186,62,12,74,260
02/20/2009,KOA,HI,AWP,WE,Federal Contract Tower,78,21,3,8,110,0,28,26,3,57,78,49,29,11,167,92,28,120,287
02/21/2009,KOA,HI,AWP,WE,Federal Contract Tower,80,13,9,10,112,0,36,26,4,66,80,49,35,14,178,48,68,116,294
02/22/2009,KOA,HI,AWP,WE,Federal Contract Tower,76,8,7,0,91,0,23,19,0,42,76,31,26,0,133,40,0,40,173
02/23/2009,KOA,HI,AWP,WE,Federal Contract Tower,81,12,6,1,100,0,40,44,0,84,81,52,50,1,184,66,16,82,266
02/24/2009,KOA,HI,AWP,WE,Federal Contract Tower,82,10,8,10,110,0,44,33,4,81,82,54,41,14,191,84,56,140,331
02/25/2009,KOA,HI,AWP,WE,Federal Contract Tower,80,19,3,30,132,0,32,31,4,67,80,51,34,34,199,44,20,64,263
02/26/2009,KOA,HI,AWP,WE,Federal Contract Tower,75,14,4,18,111,0,35,23,7,65,75,49,27,25,176,14,8,22,198
02/27/2009,KOA,HI,AWP,WE,Federal Contract Tower,76,18,4,1,99,0,28,26,0,54,76,46,30,1,153,8,0,8,161
02/28/2009,KOA,HI,AWP,WE,Federal Contract Tower,79,15,9,0,103,0,24,17,0,41,79,39,26,0,144,0,0,0,144
03/01/2009,KOA,HI,AWP,WE,Federal Contract Tower,75,27,6,0,108,0,27,27,0,54,75,54,33,0,162,36,0,36,198
03/02/2009,KOA,HI,AWP,WE,Federal Contract Tower,77,21,8,16,122,0,31,23,2,56,77,52,31,18,178,138,66,204,382
03/03/2009,KOA,HI,AWP,WE,Federal Contract Tower,76,13,9,4,102,0,40,19,0,59,76,53,28,4,161,128,20,148,309
03/04/2009,KOA,HI,AWP,WE,Federal Contract Tower,81,15,3,0,99,0,34,35,0,69,81,49,38,0,168,126,0,126,294
03/05/2009,KOA,HI,AWP,WE,Federal Contract Tower,78,18,5,3,104,0,30,34,2,66,78,48,39,5,170,94,6,100,270
03/06/2009,KOA,HI,AWP,WE,Federal Contract Tower,77,27,14,7,125,0,18,37,5,60,77,45,51,12,185,84,79,163,348
03/07/2009,KOA,HI,AWP,WE,Federal Contract Tower,88,24,8,0,120,0,14,16,2,32,88,38,24,2,152,160,0,160,312
03/08/2009,KOA,HI,AWP,WE,Federal Contract Tower,79,25,6,8,118,0,8,10,0,18,79,33,16,8,136,22,0,22,158
03/09/2009,KOA,HI,AWP,WE,Federal Contract Tower,81,18,3,15,117,0,29,42,0,71,81,47,45,15,188,80,30,110,298
03/10/2009,KOA,HI,AWP,WE,Federal Contract Tower,80,25,4,21,130,0,30,34,0,64,80,55,38,21,194,114,50,164,358
03/11/2009,KOA,HI,AWP,WE,Federal Contract Tower,82,19,2,4,107,0,39,47,0,86,82,58,49,4,193,52,16,68,261
03/12/2009,KOA,HI,AWP,WE,Federal Contract Tower,80,24,4,2,110,0,29,51,0,80,80,53,55,2,190,44,10,54,244
03/13/2009,KOA,HI,AWP,WE,Federal Contract Tower,84,14,9,3,110,0,39,21,1,61,84,53,30,4,171,158,12,170,341
03/14/2009,KOA,HI,AWP,WE,Federal Contract Tower,89,25,3,5,122,0,16,16,1,33,89,41,19,6,155,14,18,32,187
03/15/2009,KOA,HI,AWP,WE,Federal Contract Tower,78,23,10,0,111,0,22,13,0,35,78,45,23,0,146,4,0,4,150
03/16/2009,KOA,HI,AWP,WE,Federal Contract Tower,79,26,2,6,113,0,19,41,1,61,79,45,43,7,174,72,18,90,264
03/17/2009,KOA,HI,AWP,WE,Federal Contract Tower,82,27,4,11,124,0,28,21,1,50,82,55,25,12,174,60,18,78,252
03/18/2009,KOA,HI,AWP,WE,Federal Contract Tower,81,14,4,8,107,0,46,46,6,98,81,60,50,14,205,154,8,162,367
03/19/2009,KOA,HI,AWP,WE,Federal Contract Tower,78,24,7,4,113,0,18,45,0,63,78,42,52,4,176,118,28,146,322
03/20/2009,KOA,HI,AWP,WE,Federal Contract Tower,91,19,8,10,128,0,33,29,0,62,91,52,37,10,190,106,42,148,338
03/21/2009,KOA,HI,AWP,WE,Federal Contract Tower,82,17,11,2,112,0,34,20,0,54,82,51,31,2,166,60,0,60,226
03/22/2009,KOA,HI,AWP,WE,Federal Contract Tower,78,17,2,0,97,0,24,15,0,39,78,41,17,0,136,26,0,26,162
03/23/2009,KOA,HI,AWP,WE,Federal Contract Tower,64,15,4,7,90,0,43,25,0,68,64,58,29,7,158,0,0,0,158
03/24/2009,KOA,HI,AWP,WE,Federal Contract Tower,82,15,6,9,112,0,39,28,2,69,82,54,34,11,181,138,10,148,329
03/25/2009,KOA,HI,AWP,WE,Federal Contract Tower,81,19,2,6,108,0,33,32,10,75,81,52,34,16,183,76,10,86,269
03/26/2009,KOA,HI,AWP,WE,Federal Contract Tower,82,20,10,2,114,0,24,42,0,66,82,44,52,2,180,120,16,136,316
03/27/2009,KOA,HI,AWP,WE,Federal Contract Tower,85,11,12,1,109,0,26,38,0,64,85,37,50,1,173,82,22,104,277
03/28/2009,KOA,HI,AWP,WE,Federal Contract Tower,85,16,17,12,130,0,30,32,0,62,85,46,49,12,192,86,0,86,278
03/29/2009,KOA,HI,AWP,WE,Federal Contract Tower,83,11,18,0,112,0,26,15,0,41,83,37,33,0,153,20,0,20,173
03/30/2009,KOA,HI,AWP,WE,Federal Contract Tower,84,15,7,9,115,0,24,28,0,52,84,39,35,9,167,92,34,126,293
03/31/2009,KOA,HI,AWP,WE,Federal Contract Tower,83,19,5,17,124,0,27,15,2,44,83,46,20,19,168,88,30,118,286
04/01/2009,KOA,HI,AWP,WE,Federal Contract Tower,79,25,2,6,112,0,27,39,3,69,79,52,41,9,181,136,22,158,339
04/02/2009,KOA,HI,AWP,WE,Federal Contract Tower,84,17,6,22,129,0,33,32,4,69,84,50,38,26,198,46,40,86,284
04/03/2009,KOA,HI,AWP,WE,Federal Contract Tower,87,23,10,3,123,0,27,40,0,67,87,50,50,3,190,172,0,172,362
04/04/2009,KOA,HI,AWP,WE,Federal Contract Tower,86,25,14,1,126,0,17,20,0,37,86,42,34,1,163,70,0,70,233
04/05/2009,KOA,HI,AWP,WE,Federal Contract Tower,81,15,17,0,113,0,19,13,0,32,81,34,30,0,145,48,0,48,193
04/06/2009,KOA,HI,AWP,WE,Federal Contract Tower,82,16,5,19,122,2,24,27,1,54,84,40,32,20,176,62,4,66,242
04/07/2009,KOA,HI,AWP,WE,Federal Contract Tower,79,20,10,27,136,0,27,27,0,54,79,47,37,27,190,156,16,172,362
04/08/2009,KOA,HI,AWP,WE,Federal Contract Tower,79,21,8,11,119,0,28,30,3,61,79,49,38,14,180,162,46,208,388
04/09/2009,KOA,HI,AWP,WE,Federal Contract Tower,82,22,5,8,117,0,22,38,2,62,82,44,43,10,179,146,14,160,339
04/10/2009,KOA,HI,AWP,WE,Federal Contract Tower,85,31,11,27,154,0,13,20,1,34,85,44,31,28,188,100,28,128,316
04/11/2009,KOA,HI,AWP,WE,Federal Contract Tower,85,20,9,16,130,0,26,41,0,67,85,46,50,16,197,68,42,110,307
04/12/2009,KOA,HI,AWP,WE,Federal Contract Tower,76,23,10,0,109,0,15,37,0,52,76,38,47,0,161,30,0,30,191
04/13/2009,KOA,HI,AWP,WE,Federal Contract Tower,81,26,5,5,117,0,30,35,4,69,81,56,40,9,186,194,14,208,394
04/14/2009,KOA,HI,AWP,WE,Federal Contract Tower,79,30,8,10,127,0,27,31,0,58,79,57,39,10,185,90,8,98,283
04/15/2009,KOA,HI,AWP,WE,Federal Contract Tower,80,26,4,8,118,0,25,45,1,71,80,51,49,9,189,132,28,160,349
04/16/2009,KOA,HI,AWP,WE,Federal Contract Tower,81,27,7,7,122,0,21,49,11,81,81,48,56,18,203,140,12,152,355
04/17/2009,KOA,HI,AWP,WE,Federal Contract Tower,83,23,8,4,118,0,34,41,2,77,83,57,49,6,195,80,6,86,281
04/18/2009,KOA,HI,AWP,WE,Federal Contract Tower,85,25,13,7,130,0,16,27,4,47,85,41,40,11,177,50,14,64,241
04/19/2009,KOA,HI,AWP,WE,Federal Contract Tower,74,12,8,1,95,0,34,26,0,60,74,46,34,1,155,18,0,18,173
04/20/2009,KOA,HI,AWP,WE,Federal Contract Tower,80,26,3,18,127,0,21,39,1,61,80,47,42,19,188,70,12,82,270
04/21/2009,KOA,HI,AWP,WE,Federal Contract Tower,78,31,5,31,145,0,24,21,1,46,78,55,26,32,191,64,50,114,305
04/22/2009,KOA,HI,AWP,WE,Federal Contract Tower,77,23,6,17,123,0,38,59,6,103,77,61,65,23,226,74,40,114,340
04/23/2009,KOA,HI,AWP,WE,Federal Contract Tower,81,30,8,11,130,0,22,37,10,69,81,52,45,21,199,134,32,166,365
04/24/2009,KOA,HI,AWP,WE,Federal Contract Tower,82,28,3,16,129,0,13,26,1,40,82,41,29,17,169,126,36,162,331
04/25/2009,KOA,HI,AWP,WE,Federal Contract Tower,81,26,8,8,123,0,17,29,2,48,81,43,37,10,171,46,36,82,253
04/26/2009,KOA,HI,AWP,WE,Federal Contract Tower,74,18,4,0,96,0,23,30,0,53,74,41,34,0,149,46,0,46,195
04/27/2009,KOA,HI,AWP,WE,Federal Contract Tower,77,22,1,27,127,0,25,26,0,51,77,47,27,27,178,54,24,78,256
04/28/2009,KOA,HI,AWP,WE,Federal Contract Tower,77,23,5,6,111,0,31,30,0,61,77,54,35,6,172,68,14,82,254
04/29/2009,KOA,HI,AWP,WE,Federal Contract Tower,79,19,6,12,116,0,35,48,0,83,79,54,54,12,199,136,26,162,361
04/30/2009,KOA,HI,AWP,WE,Federal Contract Tower,81,27,9,9,126,0,29,55,5,89,81,56,64,14,215,180,20,200,415
05/01/2009,KOA,HI,AWP,WE,Federal Contract Tower,83,26,7,11,127,0,17,25,16,58,83,43,32,27,185,84,62,146,331
05/02/2009,KOA,HI,AWP,WE,Federal Contract Tower,80,22,6,4,112,0,26,30,1,57,80,48,36,5,169,54,10,64,233
05/03/2009,KOA,HI,AWP,WE,Federal Contract Tower,77,23,6,0,106,0,7,22,0,29,77,30,28,0,135,52,2,54,189
05/04/2009,KOA,HI,AWP,WE,Federal Contract Tower,73,28,6,9,116,0,18,35,0,53,73,46,41,9,169,166,0,166,335
05/05/2009,KOA,HI,AWP,WE,Federal Contract Tower,82,31,6,15,134,0,10,37,1,48,82,41,43,16,182,136,16,152,334
05/06/2009,KOA,HI,AWP,WE,Federal Contract Tower,78,28,10,20,136,0,15,41,9,65,78,43,51,29,201,84,84,168,369
05/07/2009,KOA,HI,AWP,WE,Federal Contract Tower,80,26,7,38,151,0,20,36,10,66,80,46,43,48,217,114,62,176,393
05/08/2009,KOA,HI,AWP,WE,Federal Contract Tower,84,26,5,18,133,0,21,42,3,66,84,47,47,21,199,146,18,164,363
05/09/2009,KOA,HI,AWP,WE,Federal Contract Tower,82,17,6,4,109,0,22,28,0,50,82,39,34,4,159,46,30,76,235
05/10/2009,KOA,HI,AWP,WE,Federal Contract Tower,74,20,1,0,95,0,19,16,0,35,74,39,17,0,130,0,0,0,130
05/11/2009,KOA,HI,AWP,WE,Federal Contract Tower,78,26,5,13,122,0,22,25,16,63,78,48,30,29,185,76,24,100,285
05/12/2009,KOA,HI,AWP,WE,Federal Contract Tower,81,24,3,11,119,0,21,40,4,65,81,45,43,15,184,130,52,182,366
05/13/2009,KOA,HI,AWP,WE,Federal Contract Tower,78,18,5,4,105,0,29,38,0,67,78,47,43,4,172,114,8,122,294
05/14/2009,KOA,HI,AWP,WE,Federal Contract Tower,81,23,4,12,120,0,21,50,3,74,81,44,54,15,194,86,20,106,300
05/15/2009,KOA,HI,AWP,WE,Federal Contract Tower,83,29,2,6,120,0,23,15,0,38,83,52,17,6,158,118,2,120,278
05/16/2009,KOA,HI,AWP,WE,Federal Contract Tower,81,25,4,0,110,0,21,33,0,54,81,46,37,0,164,36,0,36,200
05/17/2009,KOA,HI,AWP,WE,Federal Contract Tower,76,19,2,1,98,0,16,18,0,34,76,35,20,1,132,30,0,30,162
05/18/2009,KOA,HI,AWP,WE,Federal Contract Tower,79,23,3,2,107,0,20,23,1,44,79,43,26,3,151,105,16,121,272
05/19/2009,KOA,HI,AWP,WE,Federal Contract Tower,80,26,2,15,123,0,31,30,0,61,80,57,32,15,184,72,14,86,270
05/20/2009,KOA,HI,AWP,WE,Federal Contract Tower,80,18,4,4,106,0,33,47,0,80,80,51,51,4,186,38,40,78,264
05/21/2009,KOA,HI,AWP,WE,Federal Contract Tower,81,27,6,12,126,0,39,25,6,70,81,66,31,18,196,96,34,130,326
05/22/2009,KOA,HI,AWP,WE,Federal Contract Tower,89,24,4,8,125,0,25,31,0,56,89,49,35,8,181,122,0,122,303
05/23/2009,KOA,HI,AWP,WE,Federal Contract Tower,82,18,2,1,103,0,26,25,0,51,82,44,27,1,154,30,0,30,184
05/24/2009,KOA,HI,AWP,WE,Federal Contract Tower,77,24,6,0,107,0,22,15,0,37,77,46,21,0,144,44,0,44,188
05/25/2009,KOA,HI,AWP,WE,Federal Contract Tower,85,22,10,0,117,0,34,47,0,81,85,56,57,0,198,164,0,164,362
05/26/2009,KOA,HI,AWP,WE,Federal Contract Tower,80,29,4,8,121,6,25,37,0,68,86,54,41,8,189,114,24,138,327
05/27/2009,KOA,HI,AWP,WE,Federal Contract Tower,81,30,12,2,125,0,27,59,0,86,81,57,71,2,211,180,14,194,405
05/28/2009,KOA,HI,AWP,WE,Federal Contract Tower,82,37,5,7,131,0,27,34,4,65,82,64,39,11,196,158,14,172,368
05/29/2009,KOA,HI,AWP,WE,Federal Contract Tower,81,26,5,2,114,0,16,18,1,35,81,42,23,3,149,154,58,212,361
05/30/2009,KOA,HI,AWP,WE,Federal Contract Tower,85,25,1,3,114,0,23,25,1,49,85,48,26,4,163,54,14,68,231
05/31/2009,KOA,HI,AWP,WE,Federal Contract Tower,76,22,8,0,106,0,20,23,0,43,76,42,31,0,149,42,0,42,191
06/01/2009,KOA,HI,AWP,WE,Federal Contract Tower,81,13,3,0,97,0,31,28,0,59,81,44,31,0,156,147,0,147,303
06/02/2009,KOA,HI,AWP,WE,Federal Contract Tower,81,19,6,22,128,0,31,33,11,75,81,50,39,33,203,98,48,146,349
06/03/2009,KOA,HI,AWP,WE,Federal Contract Tower,79,15,6,7,107,0,35,59,1,95,79,50,65,8,202,138,22,160,362
06/04/2009,KOA,HI,AWP,WE,Federal Contract Tower,81,27,1,12,121,0,17,35,0,52,81,44,36,12,173,86,16,102,275
06/05/2009,KOA,HI,AWP,WE,Federal Contract Tower,85,23,10,6,124,0,29,38,6,73,85,52,48,12,197,208,4,212,409
06/06/2009,KOA,HI,AWP,WE,Federal Contract Tower,81,19,3,12,115,0,17,38,0,55,81,36,41,12,170,63,8,71,241
06/07/2009,KOA,HI,AWP,WE,Federal Contract Tower,76,18,13,0,107,0,15,16,0,31,76,33,29,0,138,0,0,0,138
06/08/2009,KOA,HI,AWP,WE,Federal Contract Tower,87,23,5,9,124,0,30,39,0,69,87,53,44,9,193,192,12,204,397
06/09/2009,KOA,HI,AWP,WE,Federal Contract Tower,78,29,6,8,121,0,22,32,0,54,78,51,38,8,175,122,22,144,319
06/10/2009,KOA,HI,AWP,WE,Federal Contract Tower,76,25,11,19,131,0,25,47,5,77,76,50,58,24,208,92,74,166,374
06/11/2009,KOA,HI,AWP,WE,Federal Contract Tower,84,22,2,14,122,0,24,48,3,75,84,46,50,17,197,62,14,76,273
06/12/2009,KOA,HI,AWP,WE,Federal Contract Tower,86,20,1,14,121,0,24,44,0,68,86,44,45,14,189,190,14,204,393
06/13/2009,KOA,HI,AWP,WE,Federal Contract Tower,84,18,6,1,109,0,25,29,2,56,84,43,35,3,165,77,6,83,248
06/14/2009,KOA,HI,AWP,WE,Federal Contract Tower,79,22,8,2,111,0,20,19,0,39,79,42,27,2,150,0,6,6,156
06/15/2009,KOA,HI,AWP,WE,Federal Contract Tower,85,18,4,6,113,0,30,27,0,57,85,48,31,6,170,98,26,124,294
06/16/2009,KOA,HI,AWP,WE,Federal Contract Tower,81,28,2,8,119,0,30,33,2,65,81,58,35,10,184,60,4,64,248
06/17/2009,KOA,HI,AWP,WE,Federal Contract Tower,77,27,4,22,130,0,29,50,9,88,77,56,54,31,218,130,112,242,460
06/18/2009,KOA,HI,AWP,WE,Federal Contract Tower,87,22,10,14,133,0,32,38,0,70,87,54,48,14,203,108,34,142,345
06/19/2009,KOA,HI,AWP,WE,Federal Contract Tower,95,20,13,7,135,0,32,27,1,60,95,52,40,8,195,180,36,216,411
06/20/2009,KOA,HI,AWP,WE,Federal Contract Tower,86,23,5,7,121,0,28,22,0,50,86,51,27,7,171,114,44,158,329
06/21/2009,KOA,HI,AWP,WE,Federal Contract Tower,83,20,6,1,110,0,28,6,0,34,83,48,12,1,144,60,0,60,204
06/22/2009,KOA,HI,AWP,WE,Federal Contract Tower,88,27,5,22,142,0,36,40,10,86,88,63,45,32,228,193,26,219,447
06/23/2009,KOA,HI,AWP,WE,Federal Contract Tower,90,27,5,4,126,0,26,47,2,75,90,53,52,6,201,88,18,106,307
06/24/2009,KOA,HI,AWP,WE,Federal Contract Tower,88,28,8,11,135,0,30,48,1,79,88,58,56,12,214,114,0,114,328
06/25/2009,KOA,HI,AWP,WE,Federal Contract Tower,94,26,7,18,145,0,39,44,3,86,94,65,51,21,231,144,41,185,416
06/26/2009,KOA,HI,AWP,WE,Federal Contract Tower,94,25,2,0,121,0,31,41,0,72,94,56,43,0,193,134,0,134,327
06/27/2009,KOA,HI,AWP,WE,Federal Contract Tower,90,33,5,4,132,0,18,38,0,56,90,51,43,4,188,58,0,58,246
06/28/2009,KOA,HI,AWP,WE,Federal Contract Tower,90,19,5,0,114,0,21,19,0,40,90,40,24,0,154,0,0,0,154
06/29/2009,KOA,HI,AWP,WE,Federal Contract Tower,90,28,5,2,125,0,24,44,0,68,90,52,49,2,193,197,16,213,406
06/30/2009,KOA,HI,AWP,WE,Federal Contract Tower,87,29,5,5,126,0,43,40,0,83,87,72,45,5,209,108,20,128,337
07/01/2009,KOA,HI,AWP,WE,Federal Contract Tower,90,26,6,10,132,0,29,52,0,81,90,55,58,10,213,130,8,138,351
07/02/2009,KOA,HI,AWP,WE,Federal Contract Tower,94,29,2,10,135,0,31,37,4,72,94,60,39,14,207,82,22,104,311
07/03/2009,KOA,HI,AWP,WE,Federal Contract Tower,94,34,7,1,136,0,22,37,4,63,94,56,44,5,199,112,2,114,313
07/04/2009,KOA,HI,AWP,WE,Federal Contract Tower,91,29,4,0,124,0,12,36,2,50,91,41,40,2,174,64,0,64,238
07/05/2009,KOA,HI,AWP,WE,Federal Contract Tower,88,15,10,0,113,0,31,22,0,53,88,46,32,0,166,6,0,6,172
07/06/2009,KOA,HI,AWP,WE,Federal Contract Tower,90,27,4,3,124,0,32,39,2,73,90,59,43,5,197,122,28,150,347
07/07/2009,KOA,HI,AWP,WE,Federal Contract Tower,90,22,5,15,132,0,33,31,1,65,90,55,36,16,197,132,20,152,349
07/08/2009,KOA,HI,AWP,WE,Federal Contract Tower,88,17,9,8,122,0,25,39,1,65,88,42,48,9,187,80,36,116,303
07/09/2009,KOA,HI,AWP,WE,Federal Contract Tower,91,18,2,10,121,0,29,40,3,72,91,47,42,13,193,286,22,308,501
07/10/2009,KOA,HI,AWP,WE,Federal Contract Tower,96,15,10,25,146,0,21,22,2,45,96,36,32,27,191,198,56,254,445
07/11/2009,KOA,HI,AWP,WE,Federal Contract Tower,88,15,8,27,138,0,16,31,0,47,88,31,39,27,185,88,80,168,353
07/12/2009,KOA,HI,AWP,WE,Federal Contract Tower,89,20,6,0,115,0,27,20,1,48,89,47,26,1,163,32,0,32,195
07/13/2009,KOA,HI,AWP,WE,Federal Contract Tower,91,19,4,28,142,0,31,15,1,47,91,50,19,29,189,124,48,172,361
07/14/2009,KOA,HI,AWP,WE,Federal Contract Tower,86,13,2,12,113,0,21,43,0,64,86,34,45,12,177,162,34,196,373
07/15/2009,KOA,HI,AWP,WE,Federal Contract Tower,93,18,2,5,118,0,22,40,1,63,93,40,42,6,181,248,8,256,437
07/16/2009,KOA,HI,AWP,WE,Federal Contract Tower,91,18,2,12,123,0,25,34,2,61,91,43,36,14,184,146,22,168,352
07/17/2009,KOA,HI,AWP,WE,Federal Contract Tower,95,20,7,2,124,0,26,24,0,50,95,46,31,2,174,210,6,216,390
07/18/2009,KOA,HI,AWP,WE,Federal Contract Tower,90,16,4,14,124,0,9,30,2,41,90,25,34,16,165,136,14,150,315
07/19/2009,KOA,HI,AWP,WE,Federal Contract Tower,84,9,6,0,99,0,18,16,0,34,84,27,22,0,133,22,0,22,155
07/20/2009,KOA,HI,AWP,WE,Federal Contract Tower,90,13,2,6,111,0,24,29,2,55,90,37,31,8,166,80,52,132,298
07/21/2009,KOA,HI,AWP,WE,Federal Contract Tower,91,15,7,8,121,0,28,35,10,73,91,43,42,18,194,234,44,278,472
07/22/2009,KOA,HI,AWP,WE,Federal Contract Tower,93,22,5,11,131,0,6,44,1,51,93,28,49,12,182,148,16,164,346
07/23/2009,KOA,HI,AWP,WE,Federal Contract Tower,95,18,3,8,124,0,25,17,0,42,95,43,20,8,166,158,46,204,370
07/24/2009,KOA,HI,AWP,WE,Federal Contract Tower,96,20,9,16,141,0,15,30,0,45,96,35,39,16,186,158,58,216,402
07/25/2009,KOA,HI,AWP,WE,Federal Contract Tower,89,18,3,2,112,0,20,24,0,44,89,38,27,2,156,298,10,308,464
07/26/2009,KOA,HI,AWP,WE,Federal Contract Tower,90,15,2,6,113,0,11,32,0,43,90,26,34,6,156,6,0,6,162
07/27/2009,KOA,HI,AWP,WE,Federal Contract Tower,90,19,5,9,123,0,17,27,3,47,90,36,32,12,170,137,24,161,331
07/28/2009,KOA,HI,AWP,WE,Federal Contract Tower,90,18,7,14,129,0,24,47,13,84,90,42,54,27,213,194,92,286,499
07/29/2009,KOA,HI,AWP,WE,Federal Contract Tower,88,16,3,8,115,0,28,54,0,82,88,44,57,8,197,252,50,302,499
07/30/2009,KOA,HI,AWP,WE,Federal Contract Tower,94,17,4,10,125,0,26,41,0,67,94,43,45,10,192,124,64,188,380
07/31/2009,KOA,HI,AWP,WE,Federal Contract Tower,93,20,4,8,125,0,16,40,2,58,93,36,44,10,183,248,58,306,489
08/01/2009,KOA,HI,AWP,WE,Federal Contract Tower,88,20,6,4,118,0,19,35,2,56,88,39,41,6,174,168,4,172,346
08/02/2009,KOA,HI,AWP,WE,Federal Contract Tower,89,16,3,0,108,0,13,14,0,27,89,29,17,0,135,14,0,14,149
08/03/2009,KOA,HI,AWP,WE,Federal Contract Tower,91,18,1,16,126,0,23,39,1,63,91,41,40,17,189,192,30,222,411
08/04/2009,KOA,HI,AWP,WE,Federal Contract Tower,83,13,8,28,132,0,18,20,14,52,83,31,28,42,184,82,78,160,344
08/05/2009,KOA,HI,AWP,WE,Federal Contract Tower,84,22,9,25,140,0,19,45,4,68,84,41,54,29,208,84,94,178,386
08/06/2009,KOA,HI,AWP,WE,Federal Contract Tower,92,19,6,11,128,0,32,31,0,63,92,51,37,11,191,148,16,164,355
08/07/2009,KOA,HI,AWP,WE,Federal Contract Tower,96,16,9,7,128,0,10,46,8,64,96,26,55,15,192,192,50,242,434
08/08/2009,KOA,HI,AWP,WE,Federal Contract Tower,89,22,11,3,125,0,10,48,1,59,89,32,59,4,184,92,0,92,276
08/09/2009,KOA,HI,AWP,WE,Federal Contract Tower,90,23,5,9,127,0,26,21,6,53,90,49,26,15,180,0,6,6,186
08/10/2009,KOA,HI,AWP,WE,Federal Contract Tower,88,20,4,8,120,0,18,27,1,46,88,38,31,9,166,202,30,232,398
08/11/2009,KOA,HI,AWP,WE,Federal Contract Tower,86,13,4,15,118,0,13,21,9,43,86,26,25,24,161,80,110,190,351
08/12/2009,KOA,HI,AWP,WE,Federal Contract Tower,88,24,5,35,152,0,18,20,2,40,88,42,25,37,192,122,166,288,480
08/13/2009,KOA,HI,AWP,WE,Federal Contract Tower,92,21,5,8,126,0,27,50,5,82,92,48,55,13,208,92,36,128,336
08/14/2009,KOA,HI,AWP,WE,Federal Contract Tower,93,19,3,9,124,0,22,23,3,48,93,41,26,12,172,88,30,118,290
08/15/2009,KOA,HI,AWP,WE,Federal Contract Tower,82,25,5,0,112,0,8,14,0,22,82,33,19,0,134,22,0,22,156
08/16/2009,KOA,HI,AWP,WE,Federal Contract Tower,91,14,6,0,111,0,22,22,0,44,91,36,28,0,155,0,0,0,155
08/17/2009,KOA,HI,AWP,WE,Federal Contract Tower,86,14,0,9,109,0,26,22,0,48,86,40,22,9,157,73,34,107,264
08/18/2009,KOA,HI,AWP,WE,Federal Contract Tower,84,18,2,24,128,0,23,32,1,56,84,41,34,25,184,70,60,130,314
08/19/2009,KOA,HI,AWP,WE,Federal Contract Tower,83,18,0,2,103,0,24,61,0,85,83,42,61,2,188,110,2,112,300
08/20/2009,KOA,HI,AWP,WE,Federal Contract Tower,87,22,4,27,140,0,12,46,1,59,87,34,50,28,199,112,58,170,369
08/21/2009,KOA,HI,AWP,WE,Federal Contract Tower,92,17,9,10,128,0,10,42,1,53,92,27,51,11,181,150,14,164,345
08/22/2009,KOA,HI,AWP,WE,Federal Contract Tower,85,14,7,3,109,0,5,37,8,50,85,19,44,11,159,54,22,76,235
08/23/2009,KOA,HI,AWP,WE,Federal Contract Tower,90,8,11,0,109,0,17,31,0,48,90,25,42,0,157,9,0,9,166
08/24/2009,KOA,HI,AWP,WE,Federal Contract Tower,80,16,6,24,126,0,18,34,1,53,80,34,40,25,179,88,40,128,307
08/25/2009,KOA,HI,AWP,WE,Federal Contract Tower,84,18,3,9,114,0,20,29,1,50,84,38,32,10,164,154,48,202,366
08/26/2009,KOA,HI,AWP,WE,Federal Contract Tower,81,15,2,26,124,0,26,47,0,73,81,41,49,26,197,130,24,154,351
08/27/2009,KOA,HI,AWP,WE,Federal Contract Tower,85,19,10,4,118,0,14,42,1,57,85,33,52,5,175,76,26,102,277
08/28/2009,KOA,HI,AWP,WE,Federal Contract Tower,89,8,7,4,108,0,23,31,0,54,89,31,38,4,162,106,26,132,294
08/29/2009,KOA,HI,AWP,WE,Federal Contract Tower,77,11,9,3,100,0,16,15,3,34,77,27,24,6,134,6,0,6,140
08/30/2009,KOA,HI,AWP,WE,Federal Contract Tower,82,11,11,0,104,0,21,21,0,42,82,32,32,0,146,0,0,0,146
08/31/2009,KOA,HI,AWP,WE,Federal Contract Tower,71,19,8,10,108,0,20,23,2,45,71,39,31,12,153,70,39,109,262
09/01/2009,KOA,HI,AWP,WE,Federal Contract Tower,71,24,2,15,112,0,29,41,2,72,71,53,43,17,184,116,60,176,360
09/02/2009,KOA,HI,AWP,WE,Federal Contract Tower,74,17,4,17,112,0,27,34,0,61,74,44,38,17,173,102,28,130,303
09/03/2009,KOA,HI,AWP,WE,Federal Contract Tower,79,21,5,10,115,0,17,52,0,69,79,38,57,10,184,128,0,128,312
09/04/2009,KOA,HI,AWP,WE,Federal Contract Tower,84,16,6,9,115,0,17,36,2,55,84,33,42,11,170,134,10,144,314
09/05/2009,KOA,HI,AWP,WE,Federal Contract Tower,77,15,4,0,96,0,13,35,0,48,77,28,39,0,144,60,0,60,204
09/06/2009,KOA,HI,AWP,WE,Federal Contract Tower,78,12,7,0,97,0,9,40,0,49,78,21,47,0,146,48,0,48,194
09/07/2009,KOA,HI,AWP,WE,Federal Contract Tower,83,10,7,0,100,0,19,35,0,54,83,29,42,0,154,52,0,52,206
09/08/2009,KOA,HI,AWP,WE,Federal Contract Tower,70,16,5,16,107,0,27,25,0,52,70,43,30,16,159,96,32,128,287
09/09/2009,KOA,HI,AWP,WE,Federal Contract Tower,71,20,1,12,104,0,18,30,2,50,71,38,31,14,154,108,42,150,304
09/10/2009,KOA,HI,AWP,WE,Federal Contract Tower,75,20,2,29,126,0,14,36,5,55,75,34,38,34,181,82,102,184,365
09/11/2009,KOA,HI,AWP,WE,Federal Contract Tower,81,18,5,12,116,0,20,30,0,50,81,38,35,12,166,60,18,78,244
09/12/2009,KOA,HI,AWP,WE,Federal Contract Tower,77,14,2,37,130,0,15,26,0,41,77,29,28,37,171,14,45,59,230
09/13/2009,KOA,HI,AWP,WE,Federal Contract Tower,73,9,3,11,96,0,21,20,0,41,73,30,23,11,137,12,23,35,172
09/14/2009,KOA,HI,AWP,WE,Federal Contract Tower,70,18,1,6,95,0,22,26,0,48,70,40,27,6,143,107,2,109,252
09/15/2009,KOA,HI,AWP,WE,Federal Contract Tower,76,17,3,34,130,0,29,48,1,78,76,46,51,35,208,50,22,72,280
09/16/2009,KOA,HI,AWP,WE,Federal Contract Tower,67,19,12,17,115,0,28,40,3,71,67,47,52,20,186,98,28,126,312
09/17/2009,KOA,HI,AWP,WE,Federal Contract Tower,76,14,2,2,94,0,31,53,0,84,76,45,55,2,178,134,6,140,318
09/18/2009,KOA,HI,AWP,WE,Federal Contract Tower,75,19,2,4,100,0,27,55,0,82,75,46,57,4,182,76,26,102,284
09/19/2009,KOA,HI,AWP,WE,Federal Contract Tower,70,8,3,0,81,0,20,32,0,52,70,28,35,0,133,67,0,67,200
09/20/2009,KOA,HI,AWP,WE,Federal Contract Tower,70,7,4,8,89,0,18,24,0,42,70,25,28,8,131,34,6,40,171
09/21/2009,KOA,HI,AWP,WE,Federal Contract Tower,73,13,3,9,98,0,16,31,0,47,73,29,34,9,145,170,0,170,315
09/22/2009,KOA,HI,AWP,WE,Federal Contract Tower,69,14,1,4,88,0,27,39,0,66,69,41,40,4,154,92,8,100,254
09/23/2009,KOA,HI,AWP,WE,Federal Contract Tower,71,12,0,10,93,0,22,37,2,61,71,34,37,12,154,154,44,198,352
09/24/2009,KOA,HI,AWP,WE,Federal Contract Tower,76,15,4,4,99,0,25,47,0,72,76,40,51,4,171,106,24,130,301
09/25/2009,KOA,HI,AWP,WE,Federal Contract Tower,78,17,5,2,102,0,20,37,2,59,78,37,42,4,161,158,0,158,319
09/26/2009,KOA,HI,AWP,WE,Federal Contract Tower,78,11,5,8,102,0,25,24,0,49,78,36,29,8,151,50,0,50,201
09/27/2009,KOA,HI,AWP,WE,Federal Contract Tower,72,17,2,0,91,0,8,27,0,35,72,25,29,0,126,74,0,74,200
09/28/2009,KOA,HI,AWP,WE,Federal Contract Tower,70,18,1,16,105,0,20,20,3,43,70,38,21,19,148,120,16,136,284
09/29/2009,KOA,HI,AWP,WE,Federal Contract Tower,67,12,5,1,85,0,28,23,0,51,67,40,28,1,136,202,4,206,342
09/30/2009,KOA,HI,AWP,WE,Federal Contract Tower,68,18,7,10,103,0,28,50,9,87,68,46,57,19,190,150,26,176,366
10/01/2009,KOA,HI,AWP,WE,Federal Contract Tower,77,21,4,10,112,0,30,49,3,82,77,51,53,13,194,128,32,160,354
10/02/2009,KOA,HI,AWP,WE,Federal Contract Tower,74,21,7,2,104,0,15,28,0,43,74,36,35,2,147,108,8,116,263
10/03/2009,KOA,HI,AWP,WE,Federal Contract Tower,81,19,3,2,105,0,11,33,2,46,81,30,36,4,151,76,14,90,241
10/04/2009,KOA,HI,AWP,WE,Federal Contract Tower,76,15,4,0,95,0,15,25,0,40,76,30,29,0,135,38,0,38,173
10/05/2009,KOA,HI,AWP,WE,Federal Contract Tower,73,14,4,8,99,0,29,33,0,62,73,43,37,8,161,128,24,152,313
10/06/2009,KOA,HI,AWP,WE,Federal Contract Tower,71,20,7,15,113,0,23,37,1,61,71,43,44,16,174,146,22,168,342
10/07/2009,KOA,HI,AWP,WE,Federal Contract Tower,68,24,5,23,120,0,11,46,3,60,68,35,51,26,180,180,52,232,412
10/08/2009,KOA,HI,AWP,WE,Federal Contract Tower,72,18,2,18,110,21,47,4,4,76,93,65,6,22,186,124,86,210,396
10/09/2009,KOA,HI,AWP,WE,Federal Contract Tower,81,20,8,3,112,0,21,30,1,52,81,41,38,4,164,230,8,238,402
10/10/2009,KOA,HI,AWP,WE,Federal Contract Tower,75,16,1,0,92,0,13,41,1,55,75,29,42,1,147,38,0,38,185
10/11/2009,KOA,HI,AWP,WE,Federal Contract Tower,83,9,7,6,105,0,39,39,0,78,83,48,46,6,183,22,4,26,209
10/12/2009,KOA,HI,AWP,WE,Federal Contract Tower,84,11,2,1,98,0,27,41,0,68,84,38,43,1,166,171,0,171,337
10/13/2009,KOA,HI,AWP,WE,Federal Contract Tower,67,16,3,3,89,0,20,38,0,58,67,36,41,3,147,128,8,136,283
10/14/2009,KOA,HI,AWP,WE,Federal Contract Tower,65,15,1,11,92,0,43,37,4,84,65,58,38,15,176,180,40,220,396
10/15/2009,KOA,HI,AWP,WE,Federal Contract Tower,62,11,6,16,95,0,28,62,8,98,62,39,68,24,193,122,26,148,341
10/16/2009,KOA,HI,AWP,WE,Federal Contract Tower,68,16,2,21,107,0,27,29,1,57,68,43,31,22,164,74,10,84,248
10/17/2009,KOA,HI,AWP,WE,Federal Contract Tower,64,18,4,16,102,0,30,36,9,75,64,48,40,25,177,46,58,104,281
10/18/2009,KOA,HI,AWP,WE,Federal Contract Tower,70,6,2,0,78,0,23,14,0,37,70,29,16,0,115,8,0,8,123
10/19/2009,KOA,HI,AWP,WE,Federal Contract Tower,62,11,5,6,84,0,36,59,0,95,62,47,64,6,179,134,32,166,345
10/20/2009,KOA,HI,AWP,WE,Federal Contract Tower,59,18,3,31,111,0,29,46,1,76,59,47,49,32,187,100,14,114,301
10/21/2009,KOA,HI,AWP,WE,Federal Contract Tower,59,17,4,1,81,0,35,71,3,109,59,52,75,4,190,176,2,178,368
10/22/2009,KOA,HI,AWP,WE,Federal Contract Tower,64,14,9,4,91,0,24,55,0,79,64,38,64,4,170,144,30,174,344
10/23/2009,KOA,HI,AWP,WE,Federal Contract Tower,68,17,7,6,98,0,24,48,0,72,68,41,55,6,170,94,10,104,274
10/24/2009,KOA,HI,AWP,WE,Federal Contract Tower,65,18,3,0,86,0,27,27,0,54,65,45,30,0,140,82,0,82,222
10/25/2009,KOA,HI,AWP,WE,Federal Contract Tower,67,17,4,14,102,0,20,22,0,42,67,37,26,14,144,26,0,26,170
10/26/2009,KOA,HI,AWP,WE,Federal Contract Tower,59,12,7,6,84,0,23,53,0,76,59,35,60,6,160,169,4,173,333
10/27/2009,KOA,HI,AWP,WE,Federal Contract Tower,63,19,2,6,90,0,26,57,0,83,63,45,59,6,173,188,38,226,399
10/28/2009,KOA,HI,AWP,WE,Federal Contract Tower,57,14,6,15,92,0,31,48,4,83,57,45,54,19,175,168,56,224,399
10/29/2009,KOA,HI,AWP,WE,Federal Contract Tower,64,29,5,3,101,0,21,28,2,51,64,50,33,5,152,162,22,184,336
10/30/2009,KOA,HI,AWP,WE,Federal Contract Tower,68,21,3,16,108,0,24,43,1,68,68,45,46,17,176,206,16,222,398
10/31/2009,KOA,HI,AWP,WE,Federal Contract Tower,65,26,6,4,101,0,24,30,0,54,65,50,36,4,155,94,0,94,249
11/01/2009,KOA,HI,AWP,WE,Federal Contract Tower,64,6,2,0,72,0,21,21,0,42,64,27,23,0,114,18,0,18,132
11/02/2009,KOA,HI,AWP,WE,Federal Contract Tower,61,9,3,14,87,2,25,37,0,64,63,34,40,14,151,148,14,162,313
11/03/2009,KOA,HI,AWP,WE,Federal Contract Tower,60,17,7,35,119,0,25,25,8,58,60,42,32,43,177,34,114,148,325
11/04/2009,KOA,HI,AWP,WE,Federal Contract Tower,54,12,4,15,85,0,33,44,7,84,54,45,48,22,169,146,56,202,371
11/05/2009,KOA,HI,AWP,WE,Federal Contract Tower,55,24,5,40,124,0,22,39,2,63,55,46,44,42,187,162,64,226,413
11/06/2009,KOA,HI,AWP,WE,Federal Contract Tower,63,24,2,23,112,0,17,37,2,56,63,41,39,25,168,166,44,210,378
11/07/2009,KOA,HI,AWP,WE,Federal Contract Tower,62,19,10,5,96,0,28,50,0,78,62,47,60,5,174,78,0,78,252
11/08/2009,KOA,HI,AWP,WE,Federal Contract Tower,61,23,2,0,86,0,27,30,0,57,61,50,32,0,143,26,0,26,169
11/09/2009,KOA,HI,AWP,WE,Federal Contract Tower,60,22,14,16,112,0,28,34,5,67,60,50,48,21,179,196,12,208,387
11/10/2009,KOA,HI,AWP,WE,Federal Contract Tower,57,16,4,36,113,0,25,53,2,80,57,41,57,38,193,104,106,210,403
11/11/2009,KOA,HI,AWP,WE,Federal Contract Tower,52,30,8,2,92,0,18,32,0,50,52,48,40,2,142,166,0,166,308
11/12/2009,KOA,HI,AWP,WE,Federal Contract Tower,59,22,6,6,93,0,12,31,6,49,59,34,37,12,142,186,32,218,360
11/13/2009,KOA,HI,AWP,WE,Federal Contract Tower,63,22,5,12,102,0,27,36,29,92,63,49,41,41,194,210,54,264,458
11/14/2009,KOA,HI,AWP,WE,Federal Contract Tower,63,15,1,8,87,0,39,60,11,110,63,54,61,19,197,124,22,146,343
11/15/2009,KOA,HI,AWP,WE,Federal Contract Tower,63,9,6,0,78,0,38,28,8,74,63,47,34,8,152,2,0,2,154
11/16/2009,KOA,HI,AWP,WE,Federal Contract Tower,59,25,4,13,101,0,25,42,0,67,59,50,46,13,168,234,107,341,509
11/17/2009,KOA,HI,AWP,WE,Federal Contract Tower,59,10,5,13,87,0,27,37,1,65,59,37,42,14,152,215,26,241,393
11/18/2009,KOA,HI,AWP,WE,Federal Contract Tower,56,17,3,17,93,0,29,36,2,67,56,46,39,19,160,190,58,248,408
11/19/2009,KOA,HI,AWP,WE,Federal Contract Tower,62,15,8,13,98,0,30,31,4,65,62,45,39,17,163,156,54,210,373
11/20/2009,KOA,HI,AWP,WE,Federal Contract Tower,67,15,11,13,106,0,28,33,3,64,67,43,44,16,170,184,28,212,382
11/21/2009,KOA,HI,AWP,WE,Federal Contract Tower,67,9,7,4,87,0,25,36,0,61,67,34,43,4,148,78,12,90,238
11/22/2009,KOA,HI,AWP,WE,Federal Contract Tower,62,11,12,1,86,0,24,28,0,52,62,35,40,1,138,26,0,26,164
11/23/2009,KOA,HI,AWP,WE,Federal Contract Tower,63,13,3,2,81,0,23,37,0,60,63,36,40,2,141,98,20,118,259
11/24/2009,KOA,HI,AWP,WE,Federal Contract Tower,59,20,10,7,96,0,31,43,1,75,59,51,53,8,171,13,24,37,208
11/25/2009,KOA,HI,AWP,WE,Federal Contract Tower,64,26,5,0,95,0,23,58,1,82,64,49,63,1,177,106,0,106,283
11/26/2009,KOA,HI,AWP,WE,Federal Contract Tower,55,30,4,0,89,0,14,15,0,29,55,44,19,0,118,62,0,62,180
11/27/2009,KOA,HI,AWP,WE,Federal Contract Tower,68,14,7,0,89,0,30,40,0,70,68,44,47,0,159,146,0,146,305
11/28/2009,KOA,HI,AWP,WE,Federal Contract Tower,69,18,10,0,97,0,25,20,0,45,69,43,30,0,142,46,0,46,188
11/29/2009,KOA,HI,AWP,WE,Federal Contract Tower,73,13,14,0,100,0,23,21,0,44,73,36,35,0,144,18,0,18,162
11/30/2009,KOA,HI,AWP,WE,Federal Contract Tower,63,15,5,14,97,0,31,42,3,76,63,46,47,17,173,161,38,199,372
12/01/2009,KOA,HI,AWP,WE,Federal Contract Tower,62,8,6,6,82,0,32,45,5,82,62,40,51,11,164,214,26,240,404
12/02/2009,KOA,HI,AWP,WE,Federal Contract Tower,56,19,1,15,91,0,30,75,7,112,56,49,76,22,203,166,68,234,437
12/03/2009,KOA,HI,AWP,WE,Federal Contract Tower,58,14,4,0,76,0,24,46,9,79,58,38,50,9,155,218,8,226,381
12/04/2009,KOA,HI,AWP,WE,Federal Contract Tower,69,20,7,7,103,0,10,27,18,55,69,30,34,25,158,168,32,200,358
12/05/2009,KOA,HI,AWP,WE,Federal Contract Tower,64,16,5,6,91,0,21,48,4,73,64,37,53,10,164,56,4,60,224
12/06/2009,KOA,HI,AWP,WE,Federal Contract Tower,66,24,10,2,102,0,12,4,0,16,66,36,14,2,118,0,0,0,118
12/07/2009,KOA,HI,AWP,WE,Federal Contract Tower,62,18,2,8,90,0,28,64,2,94,62,46,66,10,184,177,50,227,411
12/08/2009,KOA,HI,AWP,WE,Federal Contract Tower,59,13,4,26,102,0,23,44,0,67,59,36,48,26,169,86,96,182,351
12/09/2009,KOA,HI,AWP,WE,Federal Contract Tower,57,12,4,9,82,0,37,75,1,113,57,49,79,10,195,198,22,220,415
12/10/2009,KOA,HI,AWP,WE,Federal Contract Tower,61,15,4,20,100,0,39,63,7,109,61,54,67,27,209,224,54,278,487
12/11/2009,KOA,HI,AWP,WE,Federal Contract Tower,63,10,1,12,86,0,24,37,1,62,63,34,38,13,148,210,48,258,406
12/12/2009,KOA,HI,AWP,WE,Federal Contract Tower,65,12,4,5,86,0,15,25,14,54,65,27,29,19,140,140,0,140,280
12/13/2009,KOA,HI,AWP,WE,Federal Contract Tower,66,6,6,0,78,0,18,13,1,32,66,24,19,1,110,44,0,44,154
12/14/2009,KOA,HI,AWP,WE,Federal Contract Tower,63,9,8,9,89,0,13,53,1,67,63,22,61,10,156,231,12,243,399
12/15/2009,KOA,HI,AWP,WE,Federal Contract Tower,64,17,2,11,94,0,25,39,1,65,64,42,41,12,159,164,32,196,355
12/16/2009,KOA,HI,AWP,WE,Federal Contract Tower,62,19,4,2,87,0,19,31,3,53,62,38,35,5,140,164,6,170,310
12/17/2009,KOA,HI,AWP,WE,Federal Contract Tower,67,18,8,6,99,0,36,49,2,87,67,54,57,8,186,168,30,198,384
12/18/2009,KOA,HI,AWP,WE,Federal Contract Tower,81,22,13,13,129,0,17,51,4,72,81,39,64,17,201,154,34,188,389
12/19/2009,KOA,HI,AWP,WE,Federal Contract Tower,76,13,21,5,115,0,13,28,1,42,76,26,49,6,157,82,16,98,255
12/20/2009,KOA,HI,AWP,WE,Federal Contract Tower,72,19,12,1,104,0,9,12,0,21,72,28,24,1,125,16,0,16,141
12/21/2009,KOA,HI,AWP,WE,Federal Contract Tower,69,17,10,14,110,0,25,48,6,79,69,42,58,20,189,150,78,228,417
12/22/2009,KOA,HI,AWP,WE,Federal Contract Tower,74,14,9,7,104,0,33,49,0,82,74,47,58,7,186,96,56,152,338
12/23/2009,KOA,HI,AWP,WE,Federal Contract Tower,70,15,10,11,106,0,45,46,4,95,70,60,56,15,201,200,20,220,421
12/24/2009,KOA,HI,AWP,WE,Federal Contract Tower,71,22,9,0,102,0,39,41,0,80,71,61,50,0,182,48,0,48,230
12/25/2009,KOA,HI,AWP,WE,Federal Contract Tower,64,16,14,0,94,0,18,11,0,29,64,34,25,0,123,4,0,4,127
12/26/2009,KOA,HI,AWP,WE,Federal Contract Tower,71,26,32,0,129,0,36,25,0,61,71,62,57,0,190,84,0,84,274
12/27/2009,KOA,HI,AWP,WE,Federal Contract Tower,77,14,12,2,105,0,38,30,0,68,77,52,42,2,173,84,26,110,283
12/28/2009,KOA,HI,AWP,WE,Federal Contract Tower,70,15,13,0,98,0,36,63,9,108,70,51,76,9,206,172,0,172,378
12/29/2009,KOA,HI,AWP,WE,Federal Contract Tower,63,29,12,29,133,0,36,46,3,85,63,65,58,32,218,46,116,162,380
12/30/2009,KOA,HI,AWP,WE,Federal Contract Tower,70,23,14,4,111,0,35,55,6,96,70,58,69,10,207,224,16,240,447
12/31/2009,KOA,HI,AWP,WE,Federal Contract Tower,68,18,12,3,101,0,34,42,4,80,68,52,54,7,181,34,36,70,251
01/01/2010,KOA,HI,AWP,WE,Federal Contract Tower,68,9,15,0,92,0,37,20,0,57,68,46,35,0,149,10,0,10,159
01/02/2010,KOA,HI,AWP,WE,Federal Contract Tower,70,33,36,0,139,0,19,23,1,43,70,52,59,1,182,42,0,42,224
01/03/2010,KOA,HI,AWP,WE,Federal Contract Tower,70,3,29,0,102,0,42,33,0,75,70,45,62,0,177,18,0,18,195
01/04/2010,KOA,HI,AWP,WE,Federal Contract Tower,65,13,7,1,86,0,37,39,0,76,65,50,46,1,162,288,0,288,450
01/05/2010,KOA,HI,AWP,WE,Federal Contract Tower,62,19,4,48,133,0,25,59,2,86,62,44,63,50,219,144,68,212,431
01/06/2010,KOA,HI,AWP,WE,Federal Contract Tower,64,13,8,24,109,0,33,51,2,86,64,46,59,26,195,342,38,380,575
01/07/2010,KOA,HI,AWP,WE,Federal Contract Tower,66,22,5,3,96,0,27,38,53,118,66,49,43,56,214,186,76,262,476
01/08/2010,KOA,HI,AWP,WE,Federal Contract Tower,65,24,12,15,116,0,23,40,4,67,65,47,52,19,183,134,56,190,373
01/09/2010,KOA,HI,AWP,WE,Federal Contract Tower,71,14,12,14,111,0,28,46,7,81,71,42,58,21,192,204,50,254,446
01/10/2010,KOA,HI,AWP,WE,Federal Contract Tower,68,13,6,8,95,0,13,36,0,49,68,26,42,8,144,64,4,68,212
01/11/2010,KOA,HI,AWP,WE,Federal Contract Tower,70,17,1,12,100,0,22,46,13,81,70,39,47,25,181,236,44,280,461
01/12/2010,KOA,HI,AWP,WE,Federal Contract Tower,61,13,4,18,96,0,19,53,6,78,61,32,57,24,174,296,62,358,532
01/13/2010,KOA,HI,AWP,WE,Federal Contract Tower,62,16,0,20,98,0,34,60,12,106,62,50,60,32,204,214,68,282,486
01/14/2010,KOA,HI,AWP,WE,Federal Contract Tower,65,15,6,2,88,0,44,59,2,105,65,59,65,4,193,180,22,202,395
01/15/2010,KOA,HI,AWP,WE,Federal Contract Tower,66,14,5,9,94,0,47,60,3,110,66,61,65,12,204,296,24,320,524
01/16/2010,KOA,HI,AWP,WE,Federal Contract Tower,65,13,5,2,85,0,23,23,3,49,65,36,28,5,134,120,20,140,274
01/17/2010,KOA,HI,AWP,WE,Federal Contract Tower,63,21,6,0,90,0,24,32,1,57,63,45,38,1,147,136,2,138,285
01/18/2010,KOA,HI,AWP,WE,Federal Contract Tower,64,16,6,1,87,0,37,64,0,101,64,53,70,1,188,322,2,324,512
01/19/2010,KOA,HI,AWP,WE,Federal Contract Tower,61,11,11,7,90,0,31,55,0,86,61,42,66,7,176,380,16,396,572
01/20/2010,KOA,HI,AWP,WE,Federal Contract Tower,58,16,7,36,117,0,32,53,4,89,58,48,60,40,206,252,76,328,534
01/21/2010,KOA,HI,AWP,WE,Federal Contract Tower,60,12,10,44,126,0,32,61,3,96,60,44,71,47,222,242,56,298,520
01/22/2010,KOA,HI,AWP,WE,Federal Contract Tower,63,13,4,2,82,0,41,55,2,98,63,54,59,4,180,302,8,310,490
01/23/2010,KOA,HI,AWP,WE,Federal Contract Tower,66,9,5,14,94,0,20,39,2,61,66,29,44,16,155,46,18,64,219
01/24/2010,KOA,HI,AWP,WE,Federal Contract Tower,67,9,2,0,78,0,20,35,0,55,67,29,37,0,133,114,0,114,247
01/25/2010,KOA,HI,AWP,WE,Federal Contract Tower,60,14,3,5,82,0,33,53,1,87,60,47,56,6,169,204,8,212,381
01/26/2010,KOA,HI,AWP,WE,Federal Contract Tower,59,19,4,21,103,0,30,62,5,97,59,49,66,26,200,282,124,406,606
01/27/2010,KOA,HI,AWP,WE,Federal Contract Tower,60,26,5,27,118,0,18,55,6,79,60,44,60,33,197,246,54,300,497
01/28/2010,KOA,HI,AWP,WE,Federal Contract Tower,60,34,3,1,98,0,18,49,0,67,60,52,52,1,165,188,0,188,353
01/29/2010,KOA,HI,AWP,WE,Federal Contract Tower,63,31,7,5,106,0,21,45,0,66,63,52,52,5,172,222,4,226,398
01/30/2010,KOA,HI,AWP,WE,Federal Contract Tower,66,18,4,14,102,0,21,39,9,69,66,39,43,23,171,126,24,150,321
01/31/2010,KOA,HI,AWP,WE,Federal Contract Tower,69,8,2,1,80,0,26,33,0,59,69,34,35,1,139,114,0,114,253
02/01/2010,KOA,HI,AWP,WE,Federal Contract Tower,60,13,4,10,87,0,36,47,0,83,60,49,51,10,170,168,36,204,374
02/02/2010,KOA,HI,AWP,WE,Federal Contract Tower,58,26,2,41,127,0,19,40,3,62,58,45,42,44,189,222,46,268,457
02/03/2010,KOA,HI,AWP,WE,Federal Contract Tower,60,11,2,8,81,0,31,57,0,88,60,42,59,8,169,246,6,252,421
02/04/2010,KOA,HI,AWP,WE,Federal Contract Tower,64,13,3,23,103,0,23,50,3,76,64,36,53,26,179,206,36,242,421
02/05/2010,KOA,HI,AWP,WE,Federal Contract Tower,62,16,2,1,81,0,22,53,0,75,62,38,55,1,156,88,0,88,244
02/06/2010,KOA,HI,AWP,WE,Federal Contract Tower,66,10,4,6,86,0,25,45,6,76,66,35,49,12,162,197,24,221,383
02/07/2010,KOA,HI,AWP,WE,Federal Contract Tower,67,2,4,0,73,0,22,22,0,44,67,24,26,0,117,44,0,44,161
02/08/2010,KOA,HI,AWP,WE,Federal Contract Tower,61,23,5,5,94,0,32,46,1,79,61,55,51,6,173,192,20,212,385
02/09/2010,KOA,HI,AWP,WE,Federal Contract Tower,58,18,9,23,108,0,26,51,1,78,58,44,60,24,186,274,80,354,540
02/10/2010,KOA,HI,AWP,WE,Federal Contract Tower,62,20,3,16,101,0,34,89,2,125,62,54,92,18,226,298,30,328,554
02/11/2010,KOA,HI,AWP,WE,Federal Contract Tower,66,20,9,17,112,0,34,73,2,109,66,54,82,19,221,148,18,166,387
02/12/2010,KOA,HI,AWP,WE,Federal Contract Tower,69,25,13,4,111,0,27,76,5,108,69,52,89,9,219,260,20,280,499
02/13/2010,KOA,HI,AWP,WE,Federal Contract Tower,64,17,6,1,88,0,28,72,6,106,64,45,78,7,194,128,0,128,322
02/14/2010,KOA,HI,AWP,WE,Federal Contract Tower,68,6,5,0,79,0,27,21,0,48,68,33,26,0,127,26,0,26,153
02/15/2010,KOA,HI,AWP,WE,Federal Contract Tower,66,10,15,1,92,0,45,59,0,104,66,55,74,1,196,178,0,178,374
02/16/2010,KOA,HI,AWP,WE,Federal Contract Tower,60,14,4,13,91,0,38,65,9,112,60,52,69,22,203,228,96,324,527
02/17/2010,KOA,HI,AWP,WE,Federal Contract Tower,63,21,5,13,102,0,26,54,6,86,63,47,59,19,188,202,80,282,470
02/18/2010,KOA,HI,AWP,WE,Federal Contract Tower,64,20,7,34,125,0,39,56,20,115,64,59,63,54,240,284,104,388,628
02/19/2010,KOA,HI,AWP,WE,Federal Contract Tower,66,16,11,6,99,0,33,54,3,90,66,49,65,9,189,204,18,222,411
02/20/2010,KOA,HI,AWP,WE,Federal Contract Tower,65,16,7,8,96,0,22,36,0,58,65,38,43,8,154,132,20,152,306
02/21/2010,KOA,HI,AWP,WE,Federal Contract Tower,70,14,8,0,92,0,17,47,0,64,70,31,55,0,156,50,0,50,206
02/22/2010,KOA,HI,AWP,WE,Federal Contract Tower,60,21,2,12,95,0,27,59,0,86,60,48,61,12,181,240,2,242,423
02/23/2010,KOA,HI,AWP,WE,Federal Contract Tower,61,19,3,20,103,0,31,44,0,75,61,50,47,20,178,274,56,330,508
02/24/2010,KOA,HI,AWP,WE,Federal Contract Tower,63,22,10,5,100,0,24,46,1,71,63,46,56,6,171,220,12,232,403
02/25/2010,KOA,HI,AWP,WE,Federal Contract Tower,62,25,4,8,99,0,27,46,0,73,62,52,50,8,172,130,18,148,320
02/26/2010,KOA,HI,AWP,WE,Federal Contract Tower,66,27,1,0,94,0,15,76,2,93,66,42,77,2,187,358,0,358,545
02/27/2010,KOA,HI,AWP,WE,Federal Contract Tower,63,16,9,0,88,0,22,36,13,71,63,38,45,13,159,80,0,80,239
02/28/2010,KOA,HI,AWP,WE,Federal Contract Tower,67,19,7,0,93,0,15,16,0,31,67,34,23,0,124,20,0,20,144
03/01/2010,KOA,HI,AWP,WE,Federal Contract Tower,61,22,10,29,122,0,24,51,1,76,61,46,61,30,198,232,54,286,484
03/02/2010,KOA,HI,AWP,WE,Federal Contract Tower,61,16,9,32,118,0,23,69,7,99,61,39,78,39,217,346,28,374,591
03/03/2010,KOA,HI,AWP,WE,Federal Contract Tower,65,17,3,7,92,0,43,69,0,112,65,60,72,7,204,298,22,320,524
03/04/2010,KOA,HI,AWP,WE,Federal Contract Tower,63,21,5,9,98,0,24,43,7,74,63,45,48,16,172,212,72,284,456
03/05/2010,KOA,HI,AWP,WE,Federal Contract Tower,70,18,4,22,114,0,31,44,4,79,70,49,48,26,193,222,54,276,469
03/06/2010,KOA,HI,AWP,WE,Federal Contract Tower,62,18,3,0,83,0,22,43,0,65,62,40,46,0,148,160,0,160,308
03/07/2010,KOA,HI,AWP,WE,Federal Contract Tower,69,18,6,0,93,0,33,80,1,114,69,51,86,1,207,106,0,106,313
03/08/2010,KOA,HI,AWP,WE,Federal Contract Tower,64,20,9,1,94,0,28,40,2,70,64,48,49,3,164,118,4,122,286
03/09/2010,KOA,HI,AWP,WE,Federal Contract Tower,64,19,4,4,91,0,28,41,0,69,64,47,45,4,160,288,34,322,482
03/10/2010,KOA,HI,AWP,WE,Federal Contract Tower,61,16,4,27,108,0,40,72,2,114,61,56,76,29,222,296,66,362,584
03/11/2010,KOA,HI,AWP,WE,Federal Contract Tower,68,23,9,20,120,0,24,68,3,95,68,47,77,23,215,336,38,374,589
03/12/2010,KOA,HI,AWP,WE,Federal Contract Tower,69,19,14,5,107,0,35,69,4,108,69,54,83,9,215,364,0,364,579
03/13/2010,KOA,HI,AWP,WE,Federal Contract Tower,66,17,4,0,87,0,33,55,0,88,66,50,59,0,175,170,0,170,345
03/14/2010,KOA,HI,AWP,WE,Federal Contract Tower,74,12,4,1,91,1,23,34,1,59,75,35,38,2,150,62,4,66,216
03/15/2010,KOA,HI,AWP,WE,Federal Contract Tower,66,24,4,15,109,0,23,79,4,106,66,47,83,19,215,388,16,404,619
03/16/2010,KOA,HI,AWP,WE,Federal Contract Tower,64,15,4,4,87,0,27,63,9,99,64,42,67,13,186,294,74,368,554
03/17/2010,KOA,HI,AWP,WE,Federal Contract Tower,65,11,3,12,91,0,39,77,5,121,65,50,80,17,212,284,56,340,552
03/18/2010,KOA,HI,AWP,WE,Federal Contract Tower,68,16,4,18,106,0,32,55,1,88,68,48,59,19,194,242,54,296,490
03/19/2010,KOA,HI,AWP,WE,Federal Contract Tower,70,10,6,12,98,0,37,72,0,109,70,47,78,12,207,236,0,236,443
03/20/2010,KOA,HI,AWP,WE,Federal Contract Tower,68,15,14,0,97,0,19,57,0,76,68,34,71,0,173,302,0,302,475
03/21/2010,KOA,HI,AWP,WE,Federal Contract Tower,72,9,2,0,83,0,34,52,0,86,72,43,54,0,169,24,0,24,193
03/22/2010,KOA,HI,AWP,WE,Federal Contract Tower,66,23,3,1,93,0,19,60,0,79,66,42,63,1,172,102,0,102,274
03/23/2010,KOA,HI,AWP,WE,Federal Contract Tower,62,16,12,16,106,0,34,54,1,89,62,50,66,17,195,194,72,266,461
03/24/2010,KOA,HI,AWP,WE,Federal Contract Tower,64,12,3,27,106,0,38,58,4,100,64,50,61,31,206,212,36,248,454
03/25/2010,KOA,HI,AWP,WE,Federal Contract Tower,73,12,9,7,101,0,28,70,1,99,73,40,79,8,200,184,10,194,394
03/26/2010,KOA,HI,AWP,WE,Federal Contract Tower,73,14,6,1,94,0,30,63,3,96,73,44,69,4,190,230,32,262,452
03/27/2010,KOA,HI,AWP,WE,Federal Contract Tower,69,13,19,0,101,0,27,56,0,83,69,40,75,0,184,258,0,258,442
03/28/2010,KOA,HI,AWP,WE,Federal Contract Tower,78,9,6,12,105,0,36,35,1,72,78,45,41,13,177,50,42,92,269
03/29/2010,KOA,HI,AWP,WE,Federal Contract Tower,68,16,7,13,104,0,39,49,2,90,68,55,56,15,194,252,40,292,486
03/30/2010,KOA,HI,AWP,WE,Federal Contract Tower,62,10,1,0,73,0,32,33,0,65,62,42,34,0,138,170,0,170,308
03/31/2010,KOA,HI,AWP,WE,Federal Contract Tower,65,12,5,0,82,0,38,58,0,96,65,50,63,0,178,266,0,266,444
04/01/2010,KOA,HI,AWP,WE,Federal Contract Tower,74,25,10,10,119,0,24,61,10,95,74,49,71,20,214,236,92,328,542
04/02/2010,KOA,HI,AWP,WE,Federal Contract Tower,73,16,13,12,114,0,24,49,0,73,73,40,62,12,187,232,0,232,419
04/03/2010,KOA,HI,AWP,WE,Federal Contract Tower,80,20,6,0,106,0,28,44,0,72,80,48,50,0,178,222,0,222,400
04/04/2010,KOA,HI,AWP,WE,Federal Contract Tower,65,13,9,0,87,0,33,33,0,66,65,46,42,0,153,138,0,138,291
04/05/2010,KOA,HI,AWP,WE,Federal Contract Tower,60,11,7,7,85,0,45,58,2,105,60,56,65,9,190,178,70,248,438
04/06/2010,KOA,HI,AWP,WE,Federal Contract Tower,67,11,8,7,93,0,35,54,1,90,67,46,62,8,183,182,48,230,413
04/07/2010,KOA,HI,AWP,WE,Federal Contract Tower,65,19,8,8,100,0,24,64,2,90,65,43,72,10,190,236,10,246,436
04/08/2010,KOA,HI,AWP,WE,Federal Contract Tower,70,11,11,15,107,0,37,61,4,102,70,48,72,19,209,238,16,254,463
04/09/2010,KOA,HI,AWP,WE,Federal Contract Tower,69,18,7,8,102,0,29,34,9,72,69,47,41,17,174,176,0,176,350
04/10/2010,KOA,HI,AWP,WE,Federal Contract Tower,71,20,14,0,105,0,31,37,0,68,71,51,51,0,173,102,0,102,275
04/11/2010,KOA,HI,AWP,WE,Federal Contract Tower,71,4,10,0,85,0,36,28,0,64,71,40,38,0,149,12,0,12,161
04/12/2010,KOA,HI,AWP,WE,Federal Contract Tower,63,24,5,4,96,0,31,52,2,85,63,55,57,6,181,274,70,344,525
04/13/2010,KOA,HI,AWP,WE,Federal Contract Tower,61,23,5,14,103,0,17,40,7,64,61,40,45,21,167,132,62,194,361
04/14/2010,KOA,HI,AWP,WE,Federal Contract Tower,64,18,2,16,100,0,25,59,1,85,64,43,61,17,185,230,40,270,455
04/15/2010,KOA,HI,AWP,WE,Federal Contract Tower,65,11,1,8,85,0,46,55,0,101,65,57,56,8,186,198,26,224,410
04/16/2010,KOA,HI,AWP,WE,Federal Contract Tower,67,17,6,0,90,0,23,39,0,62,67,40,45,0,152,134,0,134,286
04/17/2010,KOA,HI,AWP,WE,Federal Contract Tower,71,15,5,4,95,0,27,36,0,63,71,42,41,4,158,152,46,198,356
04/18/2010,KOA,HI,AWP,WE,Federal Contract Tower,71,12,5,0,88,0,39,58,0,97,71,51,63,0,185,84,0,84,269
04/19/2010,KOA,HI,AWP,WE,Federal Contract Tower,63,21,6,11,101,0,25,64,12,101,63,46,70,23,202,318,36,354,556
04/20/2010,KOA,HI,AWP,WE,Federal Contract Tower,60,7,6,2,75,0,27,71,0,98,60,34,77,2,173,352,6,358,531
04/21/2010,KOA,HI,AWP,WE,Federal Contract Tower,65,10,3,0,78,0,29,85,0,114,65,39,88,0,192,260,0,260,452
04/22/2010,KOA,HI,AWP,WE,Federal Contract Tower,69,23,8,5,105,0,27,64,5,96,69,50,72,10,201,230,72,302,503
04/23/2010,KOA,HI,AWP,WE,Federal Contract Tower,67,19,8,6,100,0,28,57,1,86,67,47,65,7,186,200,14,214,400
04/24/2010,KOA,HI,AWP,WE,Federal Contract Tower,73,14,3,0,90,0,33,68,0,101,73,47,71,0,191,100,0,100,291
04/25/2010,KOA,HI,AWP,WE,Federal Contract Tower,73,5,3,0,81,0,26,31,0,57,73,31,34,0,138,60,0,60,198
04/26/2010,KOA,HI,AWP,WE,Federal Contract Tower,64,10,1,17,92,0,30,79,1,110,64,40,80,18,202,270,23,293,495
04/27/2010,KOA,HI,AWP,WE,Federal Contract Tower,61,10,2,5,78,0,34,74,12,120,61,44,76,17,198,266,36,302,500
04/28/2010,KOA,HI,AWP,WE,Federal Contract Tower,61,11,7,11,90,0,30,88,0,118,61,41,95,11,208,194,54,248,456
04/29/2010,KOA,HI,AWP,WE,Federal Contract Tower,64,16,5,6,91,0,24,60,3,87,64,40,65,9,178,248,28,276,454
04/30/2010,KOA,HI,AWP,WE,Federal Contract Tower,70,27,1,0,98,0,22,56,0,78,70,49,57,0,176,186,0,186,362
05/01/2010,KOA,HI,AWP,WE,Federal Contract Tower,70,20,5,0,95,0,21,41,0,62,70,41,46,0,157,98,0,98,255
05/02/2010,KOA,HI,AWP,WE,Federal Contract Tower,66,3,4,0,73,0,27,25,0,52,66,30,29,0,125,70,0,70,195
05/03/2010,KOA,HI,AWP,WE,Federal Contract Tower,62,20,7,4,93,0,27,58,2,87,62,47,65,6,180,242,0,242,422
05/04/2010,KOA,HI,AWP,WE,Federal Contract Tower,61,18,5,5,89,0,24,56,0,80,61,42,61,5,169,362,28,390,559
05/05/2010,KOA,HI,AWP,WE,Federal Contract Tower,65,18,5,0,88,0,29,58,0,87,65,47,63,0,175,300,0,300,475
05/06/2010,KOA,HI,AWP,WE,Federal Contract Tower,63,21,11,1,96,0,32,52,1,85,63,53,63,2,181,234,10,244,425
05/07/2010,KOA,HI,AWP,WE,Federal Contract Tower,68,24,7,4,103,0,19,58,1,78,68,43,65,5,181,185,4,189,370
05/08/2010,KOA,HI,AWP,WE,Federal Contract Tower,71,23,6,0,100,0,21,27,0,48,71,44,33,0,148,138,0,138,286
05/09/2010,KOA,HI,AWP,WE,Federal Contract Tower,66,10,4,0,80,0,19,9,0,28,66,29,13,0,108,46,0,46,154
05/10/2010,KOA,HI,AWP,WE,Federal Contract Tower,67,30,2,8,107,0,43,30,2,75,67,73,32,10,182,334,26,360,542
05/11/2010,KOA,HI,AWP,WE,Federal Contract Tower,58,18,4,5,85,0,32,49,1,82,58,50,53,6,167,310,28,338,505
05/12/2010,KOA,HI,AWP,WE,Federal Contract Tower,63,19,4,8,94,0,20,65,3,88,63,39,69,11,182,364,22,386,568
05/13/2010,KOA,HI,AWP,WE,Federal Contract Tower,59,12,3,6,80,0,32,46,2,80,59,44,49,8,160,296,8,304,464
05/14/2010,KOA,HI,AWP,WE,Federal Contract Tower,69,13,2,11,95,0,31,49,6,86,69,44,51,17,181,314,26,340,521
05/15/2010,KOA,HI,AWP,WE,Federal Contract Tower,69,16,4,0,89,0,33,55,0,88,69,49,59,0,177,232,0,232,409
05/16/2010,KOA,HI,AWP,WE,Federal Contract Tower,67,7,10,1,85,0,26,37,0,63,67,33,47,1,148,62,0,62,210
05/17/2010,KOA,HI,AWP,WE,Federal Contract Tower,65,13,2,6,86,0,22,106,4,132,65,35,108,10,218,314,38,352,570
05/18/2010,KOA,HI,AWP,WE,Federal Contract Tower,58,15,5,13,91,0,31,61,4,96,58,46,66,17,187,358,16,374,561
05/19/2010,KOA,HI,AWP,WE,Federal Contract Tower,59,17,6,6,88,0,26,55,4,85,59,43,61,10,173,372,30,402,575
05/20/2010,KOA,HI,AWP,WE,Federal Contract Tower,59,17,1,9,86,0,37,75,5,117,59,54,76,14,203,236,34,270,473
05/21/2010,KOA,HI,AWP,WE,Federal Contract Tower,72,23,3,3,101,0,20,59,0,79,72,43,62,3,180,310,14,324,504
05/22/2010,KOA,HI,AWP,WE,Federal Contract Tower,68,12,7,0,87,0,23,34,0,57,68,35,41,0,144,168,0,168,312
05/23/2010,KOA,HI,AWP,WE,Federal Contract Tower,69,16,5,0,90,0,14,25,1,40,69,30,30,1,130,16,0,16,146
05/24/2010,KOA,HI,AWP,WE,Federal Contract Tower,65,16,3,11,95,0,26,65,20,111,65,42,68,31,206,232,14,246,452
05/25/2010,KOA,HI,AWP,WE,Federal Contract Tower,56,11,4,16,87,0,36,29,3,68,56,47,33,19,155,62,32,94,249
05/26/2010,KOA,HI,AWP,WE,Federal Contract Tower,57,17,9,12,95,0,23,57,4,84,57,40,66,16,179,148,6,154,333
05/27/2010,KOA,HI,AWP,WE,Federal Contract Tower,64,16,4,8,92,2,36,54,8,100,66,52,58,16,192,182,24,206,398
05/28/2010,KOA,HI,AWP,WE,Federal Contract Tower,75,14,9,2,100,0,30,55,5,90,75,44,64,7,190,112,12,124,314
05/29/2010,KOA,HI,AWP,WE,Federal Contract Tower,68,9,7,0,84,0,43,40,0,83,68,52,47,0,167,124,0,124,291
05/30/2010,KOA,HI,AWP,WE,Federal Contract Tower,65,12,1,0,78,0,28,22,0,50,65,40,23,0,128,10,0,10,138
05/31/2010,KOA,HI,AWP,WE,Federal Contract Tower,67,18,6,3,94,0,26,50,0,76,67,44,56,3,170,258,6,264,434
06/01/2010,KOA,HI,AWP,WE,Federal Contract Tower,63,12,7,7,89,0,30,57,3,90,63,42,64,10,179,236,18,254,433
06/02/2010,KOA,HI,AWP,WE,Federal Contract Tower,61,22,1,6,90,0,26,37,0,63,61,48,38,6,153,222,6,228,381
06/03/2010,KOA,HI,AWP,WE,Federal Contract Tower,64,11,4,6,85,0,20,55,1,76,64,31,59,7,161,212,20,232,393
06/04/2010,KOA,HI,AWP,WE,Federal Contract Tower,77,12,13,8,110,0,23,48,2,73,77,35,61,10,183,200,0,200,383
06/05/2010,KOA,HI,AWP,WE,Federal Contract Tower,73,9,8,5,95,0,28,44,0,72,73,37,52,5,167,110,8,118,285
06/06/2010,KOA,HI,AWP,WE,Federal Contract Tower,69,12,5,2,88,0,28,16,0,44,69,40,21,2,132,184,0,184,316
06/07/2010,KOA,HI,AWP,WE,Federal Contract Tower,68,22,6,0,96,0,17,47,0,64,68,39,53,0,160,184,0,184,344
06/08/2010,KOA,HI,AWP,WE,Federal Contract Tower,60,13,5,0,78,0,28,41,0,69,60,41,46,0,147,210,0,210,357
06/09/2010,KOA,HI,AWP,WE,Federal Contract Tower,69,14,4,1,88,0,26,41,0,67,69,40,45,1,155,232,0,232,387
06/10/2010,KOA,HI,AWP,WE,Federal Contract Tower,77,15,9,7,108,0,29,58,2,89,77,44,67,9,197,140,16,156,353
06/11/2010,KOA,HI,AWP,WE,Federal Contract Tower,76,14,9,3,102,0,21,53,7,81,76,35,62,10,183,116,26,142,325
06/12/2010,KOA,HI,AWP,WE,Federal Contract Tower,74,8,8,0,90,0,19,37,0,56,74,27,45,0,146,88,0,88,234
06/13/2010,KOA,HI,AWP,WE,Federal Contract Tower,76,8,12,0,96,0,20,31,1,52,76,28,43,1,148,52,0,52,200
06/14/2010,KOA,HI,AWP,WE,Federal Contract Tower,73,15,3,2,93,0,20,45,0,65,73,35,48,2,158,126,0,126,284
06/15/2010,KOA,HI,AWP,WE,Federal Contract Tower,68,9,8,21,106,0,20,47,0,67,68,29,55,21,173,144,0,144,317
06/16/2010,KOA,HI,AWP,WE,Federal Contract Tower,74,15,5,2,96,0,29,37,4,70,74,44,42,6,166,210,4,214,380
06/17/2010,KOA,HI,AWP,WE,Federal Contract Tower,80,11,11,3,105,0,31,53,2,86,80,42,64,5,191,168,8,176,367
06/18/2010,KOA,HI,AWP,WE,Federal Contract Tower,79,7,6,11,103,0,30,39,0,69,79,37,45,11,172,154,14,168,340
06/19/2010,KOA,HI,AWP,WE,Federal Contract Tower,77,7,13,0,97,0,34,30,0,64,77,41,43,0,161,90,0,90,251
06/20/2010,KOA,HI,AWP,WE,Federal Contract Tower,75,5,8,0,88,0,20,20,0,40,75,25,28,0,128,4,0,4,132
06/21/2010,KOA,HI,AWP,WE,Federal Contract Tower,71,14,17,13,115,0,24,33,0,57,71,38,50,13,172,104,0,104,276
06/22/2010,KOA,HI,AWP,WE,Federal Contract Tower,72,8,5,2,87,0,33,44,1,78,72,41,49,3,165,184,24,208,373
06/23/2010,KOA,HI,AWP,WE,Federal Contract Tower,71,18,5,16,110,0,27,57,13,97,71,45,62,29,207,262,42,304,511
06/24/2010,KOA,HI,AWP,WE,Federal Contract Tower,77,17,12,10,116,0,26,60,2,88,77,43,72,12,204,148,26,174,378
06/25/2010,KOA,HI,AWP,WE,Federal Contract Tower,79,10,14,13,116,0,35,60,6,101,79,45,74,19,217,110,50,160,377
06/26/2010,KOA,HI,AWP,WE,Federal Contract Tower,75,8,8,2,93,0,31,33,1,65,75,39,41,3,158,62,0,62,220
06/27/2010,KOA,HI,AWP,WE,Federal Contract Tower,75,7,12,0,94,0,21,33,0,54,75,28,45,0,148,126,0,126,274
06/28/2010,KOA,HI,AWP,WE,Federal Contract Tower,73,22,7,6,108,0,36,48,1,85,73,58,55,7,193,156,6,162,355
06/29/2010,KOA,HI,AWP,WE,Federal Contract Tower,74,10,1,4,89,0,26,46,0,72,74,36,47,4,161,211,8,219,380
06/30/2010,KOA,HI,AWP,WE,Federal Contract Tower,71,14,5,7,97,0,39,36,1,76,71,53,41,8,173,172,18,190,363
07/01/2010,KOA,HI,AWP,WE,Federal Contract Tower,78,15,3,16,112,0,29,41,1,71,78,44,44,17,183,144,24,168,351
07/02/2010,KOA,HI,AWP,WE,Federal Contract Tower,80,20,11,3,114,0,19,36,6,61,80,39,47,9,175,168,24,192,367
07/03/2010,KOA,HI,AWP,WE,Federal Contract Tower,74,19,6,0,99,0,22,25,0,47,74,41,31,0,146,96,0,96,242
07/04/2010,KOA,HI,AWP,WE,Federal Contract Tower,76,2,4,0,82,0,27,27,2,56,76,29,31,2,138,78,0,78,216
07/05/2010,KOA,HI,AWP,WE,Federal Contract Tower,72,8,13,0,93,0,42,38,8,88,72,50,51,8,181,70,0,70,251
07/06/2010,KOA,HI,AWP,WE,Federal Contract Tower,71,7,5,26,109,0,33,47,2,82,71,40,52,28,191,218,24,242,433
07/07/2010,KOA,HI,AWP,WE,Federal Contract Tower,75,10,4,15,104,0,24,45,1,70,75,34,49,16,174,218,48,266,440
07/08/2010,KOA,HI,AWP,WE,Federal Contract Tower,80,12,2,21,115,0,26,49,12,87,80,38,51,33,202,162,60,222,424
07/09/2010,KOA,HI,AWP,WE,Federal Contract Tower,81,20,13,2,116,0,19,35,0,54,81,39,48,2,170,156,0,156,326
07/10/2010,KOA,HI,AWP,WE,Federal Contract Tower,76,10,7,10,103,0,19,27,1,47,76,29,34,11,150,68,8,76,226
07/11/2010,KOA,HI,AWP,WE,Federal Contract Tower,79,13,6,8,106,0,34,35,2,71,79,47,41,10,177,36,22,58,235
07/12/2010,KOA,HI,AWP,WE,Federal Contract Tower,75,12,4,22,113,0,23,51,2,76,75,35,55,24,189,70,34,104,293
07/13/2010,KOA,HI,AWP,WE,Federal Contract Tower,73,12,2,21,108,0,21,48,1,70,73,33,50,22,178,122,42,164,342
07/14/2010,KOA,HI,AWP,WE,Federal Contract Tower,72,16,8,20,116,0,26,34,4,64,72,42,42,24,180,148,52,200,380
07/15/2010,KOA,HI,AWP,WE,Federal Contract Tower,77,17,2,25,121,0,28,50,56,134,77,45,52,81,255,108,50,158,413
07/16/2010,KOA,HI,AWP,WE,Federal Contract Tower,81,16,4,7,108,0,24,53,31,108,81,40,57,38,216,144,48,192,408
07/17/2010,KOA,HI,AWP,WE,Federal Contract Tower,74,10,3,6,93,0,29,36,9,74,74,39,39,15,167,88,12,100,267
07/18/2010,KOA,HI,AWP,WE,Federal Contract Tower,80,5,3,9,97,0,23,28,10,61,80,28,31,19,158,78,8,86,244
07/19/2010,KOA,HI,AWP,WE,Federal Contract Tower,74,20,5,13,112,0,29,57,19,105,74,49,62,32,217,164,88,252,469
07/20/2010,KOA,HI,AWP,WE,Federal Contract Tower,69,8,8,7,92,0,26,45,9,80,69,34,53,16,172,98,82,180,352
07/21/2010,KOA,HI,AWP,WE,Federal Contract Tower,69,12,6,12,99,1,33,52,55,141,70,45,58,67,240,102,64,166,406
07/22/2010,KOA,HI,AWP,WE,Federal Contract Tower,77,14,15,14,120,0,36,39,7,82,77,50,54,21,202,152,20,172,374
07/23/2010,KOA,HI,AWP,WE,Federal Contract Tower,80,20,6,12,118,0,32,49,9,90,80,52,55,21,208,136,46,182,390
07/24/2010,KOA,HI,AWP,WE,Federal Contract Tower,77,17,5,0,99,0,28,27,0,55,77,45,32,0,154,68,0,68,222
07/25/2010,KOA,HI,AWP,WE,Federal Contract Tower,82,7,3,0,92,0,24,10,0,34,82,31,13,0,126,68,0,68,194
07/26/2010,KOA,HI,AWP,WE,Federal Contract Tower,74,16,4,3,97,0,26,41,1,68,74,42,45,4,165,68,14,82,247
07/27/2010,KOA,HI,AWP,WE,Federal Contract Tower,71,11,5,7,94,0,38,45,2,85,71,49,50,9,179,122,26,148,327
07/28/2010,KOA,HI,AWP,WE,Federal Contract Tower,72,11,4,14,101,0,36,57,12,105,72,47,61,26,206,102,36,138,344
07/29/2010,KOA,HI,AWP,WE,Federal Contract Tower,74,18,3,17,112,0,26,41,10,77,74,44,44,27,189,70,26,96,285
07/30/2010,KOA,HI,AWP,WE,Federal Contract Tower,79,18,5,4,106,0,28,45,3,76,79,46,50,7,182,60,4,64,246
07/31/2010,KOA,HI,AWP,WE,Federal Contract Tower,72,11,4,10,97,0,26,46,1,73,72,37,50,11,170,98,10,108,278
08/01/2010,KOA,HI,AWP,WE,Federal Contract Tower,80,9,8,1,98,0,46,21,0,67,80,55,29,1,165,60,0,60,225
08/02/2010,KOA,HI,AWP,WE,Federal Contract Tower,74,9,2,1,86,0,23,47,1,71,74,32,49,2,157,106,22,128,285
08/03/2010,KOA,HI,AWP,WE,Federal Contract Tower,69,11,3,5,88,0,22,57,4,83,69,33,60,9,171,118,18,136,307
08/04/2010,KOA,HI,AWP,WE,Federal Contract Tower,72,9,1,4,86,0,45,43,1,89,72,54,44,5,175,134,24,158,333
08/05/2010,KOA,HI,AWP,WE,Federal Contract Tower,78,16,2,16,112,0,34,39,7,80,78,50,41,23,192,92,80,172,364
08/06/2010,KOA,HI,AWP,WE,Federal Contract Tower,84,16,4,2,106,0,34,51,0,85,84,50,55,2,191,94,20,114,305
08/07/2010,KOA,HI,AWP,WE,Federal Contract Tower,79,13,3,8,103,0,30,46,0,76,79,43,49,8,179,48,0,48,227
08/08/2010,KOA,HI,AWP,WE,Federal Contract Tower,81,7,6,0,94,0,20,34,0,54,81,27,40,0,148,60,0,60,208
08/09/2010,KOA,HI,AWP,WE,Federal Contract Tower,78,13,6,1,98,0,23,43,0,66,78,36,49,1,164,93,6,99,263
08/10/2010,KOA,HI,AWP,WE,Federal Contract Tower,81,16,6,0,103,0,23,48,0,71,81,39,54,0,174,144,0,144,318
08/11/2010,KOA,HI,AWP,WE,Federal Contract Tower,75,10,1,10,96,0,32,51,0,83,75,42,52,10,179,98,18,116,295
08/12/2010,KOA,HI,AWP,WE,Federal Contract Tower,74,14,13,5,106,0,31,42,1,74,74,45,55,6,180,64,22,86,266
08/13/2010,KOA,HI,AWP,WE,Federal Contract Tower,80,19,12,9,120,0,32,49,8,89,80,51,61,17,209,116,64,180,389
08/14/2010,KOA,HI,AWP,WE,Federal Contract Tower,78,10,10,0,98,0,32,39,0,71,78,42,49,0,169,86,0,86,255
08/15/2010,KOA,HI,AWP,WE,Federal Contract Tower,84,3,15,0,102,0,30,41,0,71,84,33,56,0,173,76,0,76,249
08/16/2010,KOA,HI,AWP,WE,Federal Contract Tower,75,15,11,7,108,0,28,50,1,79,75,43,61,8,187,80,42,122,309
08/17/2010,KOA,HI,AWP,WE,Federal Contract Tower,73,14,2,3,92,0,36,43,0,79,73,50,45,3,171,80,24,104,275
08/18/2010,KOA,HI,AWP,WE,Federal Contract Tower,72,13,7,2,94,0,43,44,11,98,72,56,51,13,192,172,0,172,364
08/19/2010,KOA,HI,AWP,WE,Federal Contract Tower,79,15,3,3,100,0,40,61,2,103,79,55,64,5,203,96,12,108,311
08/20/2010,KOA,HI,AWP,WE,Federal Contract Tower,82,11,2,1,96,0,39,43,1,83,82,50,45,2,179,144,4,148,327
08/21/2010,KOA,HI,AWP,WE,Federal Contract Tower,75,17,4,1,97,0,32,18,0,50,75,49,22,1,147,46,0,46,193
08/22/2010,KOA,HI,AWP,WE,Federal Contract Tower,80,13,12,2,107,0,20,25,1,46,80,33,37,3,153,36,2,38,191
08/23/2010,KOA,HI,AWP,WE,Federal Contract Tower,76,20,5,21,122,0,25,42,4,71,76,45,47,25,193,80,54,134,327
08/24/2010,KOA,HI,AWP,WE,Federal Contract Tower,67,18,6,28,119,0,27,33,1,61,67,45,39,29,180,68,46,114,294
08/25/2010,KOA,HI,AWP,WE,Federal Contract Tower,72,15,9,18,114,0,38,46,3,87,72,53,55,21,201,92,44,136,337
08/26/2010,KOA,HI,AWP,WE,Federal Contract Tower,71,11,9,0,91,0,29,50,2,81,71,40,59,2,172,86,0,86,258
08/27/2010,KOA,HI,AWP,WE,Federal Contract Tower,74,23,5,14,116,0,20,30,9,59,74,43,35,23,175,82,0,82,257
08/28/2010,KOA,HI,AWP,WE,Federal Contract Tower,72,9,0,7,88,0,17,25,1,43,72,26,25,8,131,40,8,48,179
08/29/2010,KOA,HI,AWP,WE,Federal Contract Tower,75,9,7,9,100,0,26,12,0,38,75,35,19,9,138,24,10,34,172
08/30/2010,KOA,HI,AWP,WE,Federal Contract Tower,67,20,2,14,103,0,31,40,0,71,67,51,42,14,174,75,18,93,267
08/31/2010,KOA,HI,AWP,WE,Federal Contract Tower,65,10,3,8,86,0,30,44,0,74,65,40,47,8,160,164,14,178,338
09/01/2010,KOA,HI,AWP,WE,Federal Contract Tower,66,20,5,4,95,0,25,59,2,86,66,45,64,6,181,158,0,158,339
09/02/2010,KOA,HI,AWP,WE,Federal Contract Tower,73,12,6,6,97,0,28,61,2,91,73,40,67,8,188,72,68,140,328
09/03/2010,KOA,HI,AWP,WE,Federal Contract Tower,72,15,9,0,96,0,23,67,1,91,72,38,76,1,187,184,0,184,371
09/04/2010,KOA,HI,AWP,WE,Federal Contract Tower,70,7,4,0,81,0,22,24,0,46,70,29,28,0,127,54,0,54,181
09/05/2010,KOA,HI,AWP,WE,Federal Contract Tower,69,10,5,0,84,0,16,13,0,29,69,26,18,0,113,30,0,30,143
09/06/2010,KOA,HI,AWP,WE,Federal Contract Tower,74,16,10,0,100,0,24,49,0,73,74,40,59,0,173,90,0,90,263
09/07/2010,KOA,HI,AWP,WE,Federal Contract Tower,65,9,3,10,87,0,26,49,1,76,65,35,52,11,163,112,28,140,303
09/08/2010,KOA,HI,AWP,WE,Federal Contract Tower,63,14,8,23,108,0,47,51,4,102,63,61,59,27,210,68,26,94,304
09/09/2010,KOA,HI,AWP,WE,Federal Contract Tower,69,17,2,7,95,0,32,70,2,104,69,49,72,9,199,46,6,52,251
09/10/2010,KOA,HI,AWP,WE,Federal Contract Tower,70,14,8,17,109,0,30,43,7,80,70,44,51,24,189,56,58,114,303
09/11/2010,KOA,HI,AWP,WE,Federal Contract Tower,64,11,1,3,79,0,21,23,0,44,64,32,24,3,123,54,12,66,189
09/12/2010,KOA,HI,AWP,WE,Federal Contract Tower,67,10,3,0,80,0,32,16,0,48,67,42,19,0,128,10,0,10,138
09/13/2010,KOA,HI,AWP,WE,Federal Contract Tower,63,9,5,18,95,0,29,33,2,64,63,38,38,20,159,100,0,100,259
09/14/2010,KOA,HI,AWP,WE,Federal Contract Tower,59,13,0,11,83,0,28,31,1,60,59,41,31,12,143,66,6,72,215
09/15/2010,KOA,HI,AWP,WE,Federal Contract Tower,61,15,1,15,92,0,34,46,3,83,61,49,47,18,175,126,108,234,409
09/16/2010,KOA,HI,AWP,WE,Federal Contract Tower,64,16,9,15,104,0,42,41,3,86,64,58,50,18,190,64,20,84,274
09/17/2010,KOA,HI,AWP,WE,Federal Contract Tower,73,11,1,3,88,0,43,48,1,92,73,54,49,4,180,90,10,100,280
09/18/2010,KOA,HI,AWP,WE,Federal Contract Tower,64,10,2,1,77,0,30,25,1,56,64,40,27,2,133,60,16,76,209
09/19/2010,KOA,HI,AWP,WE,Federal Contract Tower,66,15,8,0,89,0,35,18,0,53,66,50,26,0,142,28,0,28,170
09/20/2010,KOA,HI,AWP,WE,Federal Contract Tower,65,16,1,16,98,0,25,48,2,75,65,41,49,18,173,112,32,144,317
09/21/2010,KOA,HI,AWP,WE,Federal Contract Tower,64,21,4,22,111,0,28,45,2,75,64,49,49,24,186,122,16,138,324
09/22/2010,KOA,HI,AWP,WE,Federal Contract Tower,63,13,2,19,97,0,29,49,7,85,63,42,51,26,182,138,66,204,386
09/23/2010,KOA,HI,AWP,WE,Federal Contract Tower,63,8,5,2,78,0,29,61,3,93,63,37,66,5,171,146,20,166,337
09/24/2010,KOA,HI,AWP,WE,Federal Contract Tower,73,20,4,0,97,0,28,52,1,81,73,48,56,1,178,114,0,114,292
09/25/2010,KOA,HI,AWP,WE,Federal Contract Tower,64,6,3,0,73,0,25,23,0,48,64,31,26,0,121,96,0,96,217
09/26/2010,KOA,HI,AWP,WE,Federal Contract Tower,68,14,5,0,87,0,19,17,0,36,68,33,22,0,123,10,0,10,133
09/27/2010,KOA,HI,AWP,WE,Federal Contract Tower,71,12,7,8,98,0,33,41,2,76,71,45,48,10,174,70,16,86,260
09/28/2010,KOA,HI,AWP,WE,Federal Contract Tower,64,19,1,4,88,0,26,39,2,67,64,45,40,6,155,136,12,148,303
09/29/2010,KOA,HI,AWP,WE,Federal Contract Tower,62,11,7,8,88,0,22,47,3,72,62,33,54,11,160,140,50,190,350
09/30/2010,KOA,HI,AWP,WE,Federal Contract Tower,66,27,6,16,115,0,30,55,0,85,66,57,61,16,200,180,24,204,404
10/01/2010,KOA,HI,AWP,WE,Federal Contract Tower,72,19,6,2,99,0,20,48,2,70,72,39,54,4,169,222,8,230,399
10/02/2010,KOA,HI,AWP,WE,Federal Contract Tower,72,11,4,4,91,0,22,44,0,66,72,33,48,4,157,104,12,116,273
10/03/2010,KOA,HI,AWP,WE,Federal Contract Tower,72,6,4,0,82,0,23,25,0,48,72,29,29,0,130,120,0,120,250
10/04/2010,KOA,HI,AWP,WE,Federal Contract Tower,71,29,4,15,119,0,25,41,1,67,71,54,45,16,186,148,18,166,352
10/05/2010,KOA,HI,AWP,WE,Federal Contract Tower,62,10,4,29,105,0,18,28,1,47,62,28,32,30,152,82,112,194,346
10/06/2010,KOA,HI,AWP,WE,Federal Contract Tower,66,18,6,8,98,0,32,50,0,82,66,50,56,8,180,162,20,182,362
10/07/2010,KOA,HI,AWP,WE,Federal Contract Tower,70,15,5,14,104,0,26,37,3,66,70,41,42,17,170,72,46,118,288
10/08/2010,KOA,HI,AWP,WE,Federal Contract Tower,74,12,2,17,105,0,26,40,2,68,74,38,42,19,173,110,48,158,331
10/09/2010,KOA,HI,AWP,WE,Federal Contract Tower,68,7,4,1,80,0,60,85,4,149,68,67,89,5,229,154,0,154,383
10/10/2010,KOA,HI,AWP,WE,Federal Contract Tower,74,16,16,1,107,0,32,25,2,59,74,48,41,3,166,48,2,50,216
10/11/2010,KOA,HI,AWP,WE,Federal Contract Tower,82,18,12,2,114,0,28,44,2,74,82,46,56,4,188,126,0,126,314
10/12/2010,KOA,HI,AWP,WE,Federal Contract Tower,68,14,2,6,90,0,23,35,6,64,68,37,37,12,154,98,36,134,288
10/13/2010,KOA,HI,AWP,WE,Federal Contract Tower,66,13,6,12,97,0,27,36,0,63,66,40,42,12,160,124,38,162,322
10/14/2010,KOA,HI,AWP,WE,Federal Contract Tower,69,12,2,26,109,0,31,28,1,60,69,43,30,27,169,124,10,134,303
10/15/2010,KOA,HI,AWP,WE,Federal Contract Tower,72,9,5,2,88,0,22,43,0,65,72,31,48,2,153,80,0,80,233
10/16/2010,KOA,HI,AWP,WE,Federal Contract Tower,70,4,6,2,82,0,34,30,0,64,70,38,36,2,146,82,0,82,228
10/17/2010,KOA,HI,AWP,WE,Federal Contract Tower,81,0,9,4,94,0,20,23,2,45,81,20,32,6,139,37,30,67,206
10/18/2010,KOA,HI,AWP,WE,Federal Contract Tower,63,9,4,4,80,0,26,37,0,63,63,35,41,4,143,128,0,128,271
10/19/2010,KOA,HI,AWP,WE,Federal Contract Tower,62,17,5,12,96,0,28,30,2,60,62,45,35,14,156,92,34,126,282
10/20/2010,KOA,HI,AWP,WE,Federal Contract Tower,64,19,8,4,95,0,25,36,2,63,64,44,44,6,158,128,44,172,330
10/21/2010,KOA,HI,AWP,WE,Federal Contract Tower,68,12,2,16,98,0,48,41,3,92,68,60,43,19,190,240,24,264,454
10/22/2010,KOA,HI,AWP,WE,Federal Contract Tower,72,12,12,0,96,0,41,43,0,84,72,53,55,0,180,134,0,134,314
10/23/2010,KOA,HI,AWP,WE,Federal Contract Tower,72,4,8,3,87,0,29,42,2,73,72,33,50,5,160,78,0,78,238
10/24/2010,KOA,HI,AWP,WE,Federal Contract Tower,67,5,5,0,77,0,32,20,0,52,67,37,25,0,129,26,0,26,155
10/25/2010,KOA,HI,AWP,WE,Federal Contract Tower,66,23,4,10,103,0,27,27,0,54,66,50,31,10,157,112,34,146,303
10/26/2010,KOA,HI,AWP,WE,Federal Contract Tower,64,19,5,12,100,0,20,12,0,32,64,39,17,12,132,112,104,216,348
10/27/2010,KOA,HI,AWP,WE,Federal Contract Tower,64,26,8,5,103,0,32,29,1,62,64,58,37,6,165,118,16,134,299
10/28/2010,KOA,HI,AWP,WE,Federal Contract Tower,63,18,5,7,93,0,33,42,2,77,63,51,47,9,170,124,12,136,306
10/29/2010,KOA,HI,AWP,WE,Federal Contract Tower,70,15,6,2,93,0,29,39,0,68,70,44,45,2,161,180,54,234,395
10/30/2010,KOA,HI,AWP,WE,Federal Contract Tower,71,10,4,0,85,0,27,22,0,49,71,37,26,0,134,122,0,122,256
10/31/2010,KOA,HI,AWP,WE,Federal Contract Tower,66,8,4,0,78,0,17,12,0,29,66,25,16,0,107,17,0,17,124
11/01/2010,KOA,HI,AWP,WE,Federal Contract Tower,62,14,8,14,98,0,32,32,7,71,62,46,40,21,169,104,14,118,287
11/02/2010,KOA,HI,AWP,WE,Federal Contract Tower,59,11,1,23,94,0,32,38,6,76,59,43,39,29,170,80,22,102,272
11/03/2010,KOA,HI,AWP,WE,Federal Contract Tower,60,16,5,18,99,0,33,56,1,90,60,49,61,19,189,170,100,270,459
11/04/2010,KOA,HI,AWP,WE,Federal Contract Tower,61,21,3,8,93,0,21,32,2,55,61,42,35,10,148,73,10,83,231
11/05/2010,KOA,HI,AWP,WE,Federal Contract Tower,73,18,3,5,99,0,15,33,4,52,73,33,36,9,151,116,28,144,295
11/06/2010,KOA,HI,AWP,WE,Federal Contract Tower,66,11,7,0,84,0,14,19,0,33,66,25,26,0,117,110,0,110,227
11/07/2010,KOA,HI,AWP,WE,Federal Contract Tower,63,8,8,3,82,0,23,19,0,42,63,31,27,3,124,12,0,12,136
11/08/2010,KOA,HI,AWP,WE,Federal Contract Tower,71,8,4,15,98,0,37,32,3,72,71,45,36,18,170,142,46,188,358
11/09/2010,KOA,HI,AWP,WE,Federal Contract Tower,58,9,4,12,83,0,37,55,4,96,58,46,59,16,179,200,0,200,379
11/10/2010,KOA,HI,AWP,WE,Federal Contract Tower,59,15,3,10,87,0,25,50,6,81,59,40,53,16,168,144,60,204,372
11/11/2010,KOA,HI,AWP,WE,Federal Contract Tower,66,7,4,3,80,0,44,55,3,102,66,51,59,6,182,156,8,164,346
11/12/2010,KOA,HI,AWP,WE,Federal Contract Tower,79,15,1,4,99,0,36,45,1,82,79,51,46,5,181,184,10,194,375
11/13/2010,KOA,HI,AWP,WE,Federal Contract Tower,69,15,2,11,97,0,36,34,1,71,69,51,36,12,168,84,2,86,254
11/14/2010,KOA,HI,AWP,WE,Federal Contract Tower,64,8,8,0,80,0,36,37,0,73,64,44,45,0,153,36,0,36,189
11/15/2010,KOA,HI,AWP,WE,Federal Contract Tower,61,22,5,23,111,0,34,43,1,78,61,56,48,24,189,151,16,167,356
11/16/2010,KOA,HI,AWP,WE,Federal Contract Tower,60,11,0,26,97,0,28,39,4,71,60,39,39,30,168,84,48,132,300
11/17/2010,KOA,HI,AWP,WE,Federal Contract Tower,64,10,7,16,97,0,35,45,13,93,64,45,52,29,190,116,66,182,372
11/18/2010,KOA,HI,AWP,WE,Federal Contract Tower,71,13,5,13,102,0,37,36,3,76,71,50,41,16,178,76,42,118,296
11/19/2010,KOA,HI,AWP,WE,Federal Contract Tower,76,21,4,0,101,0,16,27,0,43,76,37,31,0,144,64,0,64,208
11/20/2010,KOA,HI,AWP,WE,Federal Contract Tower,69,12,7,0,88,0,31,17,0,48,69,43,24,0,136,72,0,72,208
11/21/2010,KOA,HI,AWP,WE,Federal Contract Tower,65,7,8,0,80,0,32,25,0,57,65,39,33,0,137,30,0,30,167
11/22/2010,KOA,HI,AWP,WE,Federal Contract Tower,61,11,3,12,87,0,20,55,0,75,61,31,58,12,162,116,46,162,324
11/23/2010,KOA,HI,AWP,WE,Federal Contract Tower,60,12,11,14,97,0,28,63,5,96,60,40,74,19,193,90,70,160,353
11/24/2010,KOA,HI,AWP,WE,Federal Contract Tower,74,9,8,5,96,0,32,50,0,82,74,41,58,5,178,128,24,152,330
11/25/2010,KOA,HI,AWP,WE,Federal Contract Tower,63,1,6,1,71,0,24,9,0,33,63,25,15,1,104,52,0,52,156
11/26/2010,KOA,HI,AWP,WE,Federal Contract Tower,75,8,3,1,87,0,24,28,0,52,75,32,31,1,139,170,0,170,309
11/27/2010,KOA,HI,AWP,WE,Federal Contract Tower,71,11,13,1,96,0,21,25,1,47,71,32,38,2,143,90,0,90,233
11/28/2010,KOA,HI,AWP,WE,Federal Contract Tower,73,19,18,0,110,0,17,29,0,46,73,36,47,0,156,30,0,30,186
11/29/2010,KOA,HI,AWP,WE,Federal Contract Tower,66,12,2,10,90,2,31,42,0,75,68,43,44,10,165,122,6,128,293
11/30/2010,KOA,HI,AWP,WE,Federal Contract Tower,59,20,6,12,97,0,37,46,1,84,59,57,52,13,181,146,94,240,421
12/01/2010,KOA,HI,AWP,WE,Federal Contract Tower,60,8,4,21,93,0,29,43,2,74,60,37,47,23,167,140,40,180,347
12/02/2010,KOA,HI,AWP,WE,Federal Contract Tower,63,14,5,25,107,0,21,37,0,58,63,35,42,25,165,152,108,260,425
12/03/2010,KOA,HI,AWP,WE,Federal Contract Tower,69,13,4,47,133,0,29,53,12,94,69,42,57,59,227,212,88,300,527
12/04/2010,KOA,HI,AWP,WE,Federal Contract Tower,70,9,4,22,105,0,35,30,0,65,70,44,34,22,170,180,34,214,384
12/05/2010,KOA,HI,AWP,WE,Federal Contract Tower,67,3,6,0,76,0,17,21,0,38,67,20,27,0,114,54,0,54,168
12/06/2010,KOA,HI,AWP,WE,Federal Contract Tower,62,23,13,31,129,0,26,36,1,63,62,49,49,32,192,84,42,126,318
12/07/2010,KOA,HI,AWP,WE,Federal Contract Tower,61,11,1,0,73,0,29,35,0,64,61,40,36,0,137,34,0,34,171
12/08/2010,KOA,HI,AWP,WE,Federal Contract Tower,63,15,5,22,105,0,38,69,5,112,63,53,74,27,217,166,80,246,463
12/09/2010,KOA,HI,AWP,WE,Federal Contract Tower,60,8,2,27,97,0,57,65,5,127,60,65,67,32,224,100,152,252,476
12/10/2010,KOA,HI,AWP,WE,Federal Contract Tower,68,33,5,0,106,0,5,10,0,15,68,38,15,0,121,38,0,38,159
12/11/2010,KOA,HI,AWP,WE,Federal Contract Tower,72,10,5,1,88,0,27,38,0,65,72,37,43,1,153,88,6,94,247
12/12/2010,KOA,HI,AWP,WE,Federal Contract Tower,63,9,3,0,75,0,41,40,0,81,63,50,43,0,156,48,16,64,220
12/13/2010,KOA,HI,AWP,WE,Federal Contract Tower,60,13,4,15,92,0,50,57,4,111,60,63,61,19,203,96,34,130,333
12/14/2010,KOA,HI,AWP,WE,Federal Contract Tower,59,8,5,13,85,0,28,52,2,82,59,36,57,15,167,140,68,208,375
12/15/2010,KOA,HI,AWP,WE,Federal Contract Tower,63,8,5,9,85,0,31,28,0,59,63,39,33,9,144,150,22,172,316
12/16/2010,KOA,HI,AWP,WE,Federal Contract Tower,65,9,4,8,86,0,31,46,4,81,65,40,50,12,167,75,84,159,326
12/17/2010,KOA,HI,AWP,WE,Federal Contract Tower,72,15,11,4,102,0,38,76,2,116,72,53,87,6,218,118,12,130,348
12/18/2010,KOA,HI,AWP,WE,Federal Contract Tower,69,22,15,0,106,0,29,51,0,80,69,51,66,0,186,104,0,104,290
12/19/2010,KOA,HI,AWP,WE,Federal Contract Tower,73,18,11,3,105,0,11,25,2,38,73,29,36,5,143,24,18,42,185
12/20/2010,KOA,HI,AWP,WE,Federal Contract Tower,67,23,18,18,126,0,27,42,5,74,67,50,60,23,200,25,36,61,261
12/21/2010,KOA,HI,AWP,WE,Federal Contract Tower,64,28,10,10,112,0,21,28,1,50,64,49,38,11,162,202,18,220,382
12/22/2010,KOA,HI,AWP,WE,Federal Contract Tower,73,21,14,21,129,0,27,49,5,81,73,48,63,26,210,164,70,234,444
12/23/2010,KOA,HI,AWP,WE,Federal Contract Tower,69,19,26,4,118,0,32,35,1,68,69,51,61,5,186,146,2,148,334
12/24/2010,KOA,HI,AWP,WE,Federal Contract Tower,69,17,14,0,100,0,34,43,0,77,69,51,57,0,177,134,0,134,311
12/25/2010,KOA,HI,AWP,WE,Federal Contract Tower,71,7,10,0,88,0,22,11,0,33,71,29,21,0,121,0,0,0,121
12/26/2010,KOA,HI,AWP,WE,Federal Contract Tower,72,9,30,0,111,0,44,19,0,63,72,53,49,0,174,54,0,54,228
12/27/2010,KOA,HI,AWP,WE,Federal Contract Tower,71,25,17,10,123,0,49,68,0,117,71,74,85,10,240,138,14,152,392
12/28/2010,KOA,HI,AWP,WE,Federal Contract Tower,66,18,8,7,99,0,38,45,4,87,66,56,53,11,186,96,38,134,320
12/29/2010,KOA,HI,AWP,WE,Federal Contract Tower,72,10,10,9,101,0,37,47,1,85,72,47,57,10,186,76,44,120,306
12/30/2010,KOA,HI,AWP,WE,Federal Contract Tower,67,13,19,4,103,0,44,52,1,97,67,57,71,5,200,144,46,190,390
12/31/2010,KOA,HI,AWP,WE,Federal Contract Tower,70,12,16,0,98,0,29,41,0,70,70,41,57,0,168,66,0,66,234
01/01/2011,KOA,HI,AWP,WE,Federal Contract Tower,75,7,26,3,111,0,38,25,0,63,75,45,51,3,174,16,0,16,190
01/02/2011,KOA,HI,AWP,WE,Federal Contract Tower,73,11,38,4,126,0,35,31,0,66,73,46,69,4,192,84,0,84,276
01/03/2011,KOA,HI,AWP,WE,Federal Contract Tower,69,18,17,17,121,0,16,53,19,88,69,34,70,36,209,76,80,156,365
01/04/2011,KOA,HI,AWP,WE,Federal Contract Tower,59,11,16,5,91,0,24,49,9,82,59,35,65,14,173,96,40,136,309
01/05/2011,KOA,HI,AWP,WE,Federal Contract Tower,62,5,18,13,98,0,26,35,5,66,62,31,53,18,164,170,84,254,418
01/06/2011,KOA,HI,AWP,WE,Federal Contract Tower,63,10,7,31,111,0,26,32,1,59,63,36,39,32,170,98,118,216,386
01/07/2011,KOA,HI,AWP,WE,Federal Contract Tower,67,21,16,0,104,0,15,38,0,53,67,36,54,0,157,90,0,90,247
01/08/2011,KOA,HI,AWP,WE,Federal Contract Tower,70,5,8,2,85,0,19,44,1,64,70,24,52,3,149,112,14,126,275
01/09/2011,KOA,HI,AWP,WE,Federal Contract Tower,69,6,11,0,86,0,16,27,0,43,69,22,38,0,129,68,0,68,197
01/10/2011,KOA,HI,AWP,WE,Federal Contract Tower,66,12,7,47,132,0,18,31,17,66,66,30,38,64,198,94,96,190,388
01/11/2011,KOA,HI,AWP,WE,Federal Contract Tower,62,9,3,24,98,0,31,62,8,101,62,40,65,32,199,86,112,198,397
01/12/2011,KOA,HI,AWP,WE,Federal Contract Tower,63,13,6,29,111,0,14,18,4,36,63,27,24,33,147,86,72,158,305
01/13/2011,KOA,HI,AWP,WE,Federal Contract Tower,69,9,5,45,128,0,28,22,4,54,69,37,27,49,182,131,106,237,419
01/14/2011,KOA,HI,AWP,WE,Federal Contract Tower,71,9,14,6,100,0,29,60,12,101,71,38,74,18,201,111,100,211,412
01/15/2011,KOA,HI,AWP,WE,Federal Contract Tower,74,8,8,0,90,0,31,23,0,54,74,39,31,0,144,84,0,84,228
01/16/2011,KOA,HI,AWP,WE,Federal Contract Tower,64,11,7,1,83,0,22,19,0,41,64,33,26,1,124,6,0,6,130
01/17/2011,KOA,HI,AWP,WE,Federal Contract Tower,67,7,3,1,78,0,32,38,1,71,67,39,41,2,149,66,0,66,215
01/18/2011,KOA,HI,AWP,WE,Federal Contract Tower,65,9,6,23,103,3,36,74,38,151,68,45,80,61,254,145,178,323,577
01/19/2011,KOA,HI,AWP,WE,Federal Contract Tower,63,10,5,18,96,1,12,28,0,41,64,22,33,18,137,178,64,242,379
01/20/2011,KOA,HI,AWP,WE,Federal Contract Tower,66,9,9,52,136,0,39,67,18,124,66,48,76,70,260,206,106,312,572
01/21/2011,KOA,HI,AWP,WE,Federal Contract Tower,71,6,15,11,103,0,28,54,6,88,71,34,69,17,191,119,80,199,390
01/22/2011,KOA,HI,AWP,WE,Federal Contract Tower,72,6,5,6,89,0,21,46,0,67,72,27,51,6,156,101,0,101,257
01/23/2011,KOA,HI,AWP,WE,Federal Contract Tower,66,9,7,4,86,0,26,16,2,44,66,35,23,6,130,32,0,32,162
01/24/2011,KOA,HI,AWP,WE,Federal Contract Tower,65,10,7,26,108,0,37,43,4,84,65,47,50,30,192,170,78,248,440
01/25/2011,KOA,HI,AWP,WE,Federal Contract Tower,67,6,5,24,102,0,28,63,8,99,67,34,68,32,201,138,68,206,407
01/26/2011,KOA,HI,AWP,WE,Federal Contract Tower,66,8,6,25,105,0,39,72,10,121,66,47,78,35,226,174,98,272,498
01/27/2011,KOA,HI,AWP,WE,Federal Contract Tower,63,16,6,4,89,0,38,50,1,89,63,54,56,5,178,140,58,198,376
01/28/2011,KOA,HI,AWP,WE,Federal Contract Tower,68,10,4,19,101,0,42,44,9,95,68,52,48,28,196,164,82,246,442
01/29/2011,KOA,HI,AWP,WE,Federal Contract Tower,72,9,7,2,90,0,28,46,8,82,72,37,53,10,172,60,0,60,232
01/30/2011,KOA,HI,AWP,WE,Federal Contract Tower,65,10,8,0,83,0,23,16,0,39,65,33,24,0,122,42,0,42,164
01/31/2011,KOA,HI,AWP,WE,Federal Contract Tower,66,16,1,2,85,0,26,59,4,89,66,42,60,6,174,114,60,174,348
02/01/2011,KOA,HI,AWP,WE,Federal Contract Tower,66,9,3,38,116,0,37,55,1,93,66,46,58,39,209,176,164,340,549
02/02/2011,KOA,HI,AWP,WE,Federal Contract Tower,67,9,8,29,113,0,32,57,8,97,67,41,65,37,210,200,52,252,462
02/03/2011,KOA,HI,AWP,WE,Federal Contract Tower,58,12,2,15,87,0,32,50,3,85,58,44,52,18,172,148,44,192,364
02/04/2011,KOA,HI,AWP,WE,Federal Contract Tower,73,14,5,14,106,0,21,56,1,78,73,35,61,15,184,94,34,128,312
02/05/2011,KOA,HI,AWP,WE,Federal Contract Tower,78,13,7,2,100,0,37,44,1,82,78,50,51,3,182,104,60,164,346
02/06/2011,KOA,HI,AWP,WE,Federal Contract Tower,66,7,6,0,79,0,37,16,0,53,66,44,22,0,132,68,0,68,200
02/07/2011,KOA,HI,AWP,WE,Federal Contract Tower,66,17,12,20,115,0,17,25,0,42,66,34,37,20,157,134,30,164,321
02/08/2011,KOA,HI,AWP,WE,Federal Contract Tower,63,10,7,21,101,0,23,41,4,68,63,33,48,25,169,112,54,166,335
02/09/2011,KOA,HI,AWP,WE,Federal Contract Tower,62,10,9,29,110,0,26,53,11,90,62,36,62,40,200,188,96,284,484
02/10/2011,KOA,HI,AWP,WE,Federal Contract Tower,66,15,9,8,98,0,21,38,3,62,66,36,47,11,160,80,34,114,274
02/11/2011,KOA,HI,AWP,WE,Federal Contract Tower,69,9,8,7,93,0,22,43,8,73,69,31,51,15,166,54,94,148,314
02/12/2011,KOA,HI,AWP,WE,Federal Contract Tower,72,10,4,4,90,1,34,51,0,86,73,44,55,4,176,98,0,98,274
02/13/2011,KOA,HI,AWP,WE,Federal Contract Tower,65,6,2,4,77,0,46,48,0,94,65,52,50,4,171,57,0,57,228
02/14/2011,KOA,HI,AWP,WE,Federal Contract Tower,65,10,9,11,95,0,35,45,2,82,65,45,54,13,177,89,14,103,280
02/15/2011,KOA,HI,AWP,WE,Federal Contract Tower,65,11,1,24,101,0,24,41,12,77,65,35,42,36,178,170,166,336,514
02/16/2011,KOA,HI,AWP,WE,Federal Contract Tower,61,15,2,16,94,0,19,35,5,59,61,34,37,21,153,94,40,134,287
02/17/2011,KOA,HI,AWP,WE,Federal Contract Tower,70,7,5,19,101,0,51,47,9,107,70,58,52,28,208,132,42,174,382
02/18/2011,KOA,HI,AWP,WE,Federal Contract Tower,75,11,4,6,96,0,37,42,6,85,75,48,46,12,181,76,54,130,311
02/19/2011,KOA,HI,AWP,WE,Federal Contract Tower,76,9,13,0,98,0,49,28,0,77,76,58,41,0,175,44,0,44,219
02/20/2011,KOA,HI,AWP,WE,Federal Contract Tower,62,12,15,0,89,0,39,39,0,78,62,51,54,0,167,56,0,56,223
02/21/2011,KOA,HI,AWP,WE,Federal Contract Tower,73,12,6,6,97,0,41,64,1,106,73,53,70,7,203,110,28,138,341
02/22/2011,KOA,HI,AWP,WE,Federal Contract Tower,67,25,10,8,110,0,32,54,7,93,67,57,64,15,203,138,38,176,379
02/23/2011,KOA,HI,AWP,WE,Federal Contract Tower,64,25,5,15,109,0,24,48,10,82,64,49,53,25,191,214,78,292,483
02/24/2011,KOA,HI,AWP,WE,Federal Contract Tower,67,23,6,13,109,0,36,50,4,90,67,59,56,17,199,156,36,192,391
02/25/2011,KOA,HI,AWP,WE,Federal Contract Tower,67,11,7,1,86,0,39,59,3,101,67,50,66,4,187,186,12,198,385
02/26/2011,KOA,HI,AWP,WE,Federal Contract Tower,78,11,15,6,110,0,37,57,0,94,78,48,72,6,204,150,0,150,354
02/27/2011,KOA,HI,AWP,WE,Federal Contract Tower,74,16,7,1,98,0,31,21,0,52,74,47,28,1,150,36,0,36,186
02/28/2011,KOA,HI,AWP,WE,Federal Contract Tower,63,11,7,15,96,0,31,52,0,83,63,42,59,15,179,143,68,211,390
03/01/2011,KOA,HI,AWP,WE,Federal Contract Tower,70,17,9,28,124,0,30,53,14,97,70,47,62,42,221,210,136,346,567
03/02/2011,KOA,HI,AWP,WE,Federal Contract Tower,66,13,10,6,95,0,38,29,1,68,66,51,39,7,163,146,12,158,321
03/03/2011,KOA,HI,AWP,WE,Federal Contract Tower,68,11,8,10,97,0,39,66,2,107,68,50,74,12,204,108,68,176,380
03/04/2011,KOA,HI,AWP,WE,Federal Contract Tower,73,15,5,0,93,0,28,59,0,87,73,43,64,0,180,172,0,172,352
03/05/2011,KOA,HI,AWP,WE,Federal Contract Tower,69,12,11,0,92,0,10,27,0,37,69,22,38,0,129,44,0,44,173
03/06/2011,KOA,HI,AWP,WE,Federal Contract Tower,71,11,15,1,98,0,32,28,0,60,71,43,43,1,158,28,2,30,188
03/07/2011,KOA,HI,AWP,WE,Federal Contract Tower,65,8,9,18,100,0,28,43,3,74,65,36,52,21,174,90,88,178,352
03/08/2011,KOA,HI,AWP,WE,Federal Contract Tower,65,16,8,28,117,0,44,45,1,90,65,60,53,29,207,80,56,136,343
03/09/2011,KOA,HI,AWP,WE,Federal Contract Tower,69,8,3,8,88,0,56,41,9,106,69,64,44,17,194,180,78,258,452
03/10/2011,KOA,HI,AWP,WE,Federal Contract Tower,72,14,11,13,110,0,47,51,5,103,72,61,62,18,213,98,68,166,379
03/11/2011,KOA,HI,AWP,WE,Federal Contract Tower,65,7,9,0,81,0,46,56,2,104,65,53,65,2,185,50,0,50,235
03/12/2011,KOA,HI,AWP,WE,Federal Contract Tower,79,8,4,0,91,1,50,55,3,109,80,58,59,3,200,112,0,112,312
03/13/2011,KOA,HI,AWP,WE,Federal Contract Tower,78,8,5,0,91,1,56,37,0,94,79,64,42,0,185,46,0,46,231
03/14/2011,KOA,HI,AWP,WE,Federal Contract Tower,76,12,6,8,102,0,47,47,2,96,76,59,53,10,198,130,82,212,410
03/15/2011,KOA,HI,AWP,WE,Federal Contract Tower,67,11,8,15,101,0,37,48,0,85,67,48,56,15,186,259,48,307,493
03/16/2011,KOA,HI,AWP,WE,Federal Contract Tower,67,13,5,10,95,0,46,48,3,97,67,59,53,13,192,286,50,336,528
03/17/2011,KOA,HI,AWP,WE,Federal Contract Tower,73,6,2,6,87,50,50,5,0,105,123,56,7,6,192,200,24,224,416
03/18/2011,KOA,HI,AWP,WE,Federal Contract Tower,73,7,4,16,100,0,29,39,2,70,73,36,43,18,170,82,0,82,252
03/19/2011,KOA,HI,AWP,WE,Federal Contract Tower,86,12,7,0,105,0,42,26,0,68,86,54,33,0,173,104,0,104,277
03/20/2011,KOA,HI,AWP,WE,Federal Contract Tower,79,18,11,0,108,0,42,28,0,70,79,60,39,0,178,38,0,38,216
03/21/2011,KOA,HI,AWP,WE,Federal Contract Tower,72,15,6,14,107,0,38,60,2,100,72,53,66,16,207,131,56,187,394
03/22/2011,KOA,HI,AWP,WE,Federal Contract Tower,65,11,8,30,114,0,48,60,8,116,65,59,68,38,230,116,88,204,434
03/23/2011,KOA,HI,AWP,WE,Federal Contract Tower,69,7,4,11,91,0,57,36,16,109,69,64,40,27,200,126,58,184,384
03/24/2011,KOA,HI,AWP,WE,Federal Contract Tower,76,12,5,18,111,0,48,50,2,100,76,60,55,20,211,82,20,102,313
03/25/2011,KOA,HI,AWP,WE,Federal Contract Tower,76,13,22,2,113,0,54,47,1,102,76,67,69,3,215,108,32,140,355
03/26/2011,KOA,HI,AWP,WE,Federal Contract Tower,79,6,10,0,95,0,44,41,2,87,79,50,51,2,182,56,0,56,238
03/27/2011,KOA,HI,AWP,WE,Federal Contract Tower,73,19,14,0,106,0,34,32,0,66,73,53,46,0,172,30,0,30,202
03/28/2011,KOA,HI,AWP,WE,Federal Contract Tower,71,13,9,14,107,0,32,44,5,81,71,45,53,19,188,112,76,188,376
03/29/2011,KOA,HI,AWP,WE,Federal Contract Tower,66,8,9,12,95,0,40,37,10,87,66,48,46,22,182,132,54,186,368
03/30/2011,KOA,HI,AWP,WE,Federal Contract Tower,63,9,6,17,95,0,44,41,3,88,63,53,47,20,183,80,18,98,281
03/31/2011,KOA,HI,AWP,WE,Federal Contract Tower,70,13,4,22,109,0,60,51,3,114,70,73,55,25,223,114,22,136,359
04/01/2011,KOA,HI,AWP,WE,Federal Contract Tower,72,15,19,20,126,0,33,53,6,92,72,48,72,26,218,64,72,136,354
04/02/2011,KOA,HI,AWP,WE,Federal Contract Tower,65,15,11,7,98,0,40,57,3,100,65,55,68,10,198,112,20,132,330
04/03/2011,KOA,HI,AWP,WE,Federal Contract Tower,63,11,9,3,86,0,26,30,0,56,63,37,39,3,142,46,4,50,192
04/04/2011,KOA,HI,AWP,WE,Federal Contract Tower,67,12,14,8,101,0,55,45,2,102,67,67,59,10,203,100,26,126,329
04/05/2011,KOA,HI,AWP,WE,Federal Contract Tower,71,7,7,12,97,0,42,45,2,89,71,49,52,14,186,74,42,116,302
04/06/2011,KOA,HI,AWP,WE,Federal Contract Tower,67,11,2,0,80,0,39,42,0,81,67,50,44,0,161,70,0,70,231
04/07/2011,KOA,HI,AWP,WE,Federal Contract Tower,72,14,10,7,103,0,40,35,5,80,72,54,45,12,183,78,28,106,289
04/08/2011,KOA,HI,AWP,WE,Federal Contract Tower,68,20,6,20,114,0,37,61,12,110,68,57,67,32,224,174,92,266,490
04/09/2011,KOA,HI,AWP,WE,Federal Contract Tower,84,11,4,0,99,0,37,42,0,79,84,48,46,0,178,96,0,96,274
04/10/2011,KOA,HI,AWP,WE,Federal Contract Tower,80,3,8,0,91,0,36,17,0,53,80,39,25,0,144,38,0,38,182
04/11/2011,KOA,HI,AWP,WE,Federal Contract Tower,70,11,10,2,93,0,47,32,0,79,70,58,42,2,172,80,0,80,252
04/12/2011,KOA,HI,AWP,WE,Federal Contract Tower,67,10,3,17,97,0,41,47,1,89,67,51,50,18,186,96,36,132,318
04/13/2011,KOA,HI,AWP,WE,Federal Contract Tower,78,7,7,26,118,35,43,5,0,83,113,50,12,26,201,142,94,236,437
04/14/2011,KOA,HI,AWP,WE,Federal Contract Tower,69,7,5,10,91,0,54,48,1,103,69,61,53,11,194,138,32,170,364
04/15/2011,KOA,HI,AWP,WE,Federal Contract Tower,67,8,9,0,84,0,54,59,0,113,67,62,68,0,197,146,0,146,343
04/16/2011,KOA,HI,AWP,WE,Federal Contract Tower,83,12,6,0,101,0,51,41,0,92,83,63,47,0,193,80,0,80,273
04/17/2011,KOA,HI,AWP,WE,Federal Contract Tower,72,17,15,0,104,0,45,40,0,85,72,62,55,0,189,78,0,78,267
04/18/2011,KOA,HI,AWP,WE,Federal Contract Tower,69,12,6,15,102,0,45,55,1,101,69,57,61,16,203,128,104,232,435
04/19/2011,KOA,HI,AWP,WE,Federal Contract Tower,69,13,6,29,117,0,36,46,2,84,69,49,52,31,201,120,26,146,347
04/20/2011,KOA,HI,AWP,WE,Federal Contract Tower,68,12,6,2,88,0,52,52,0,104,68,64,58,2,192,64,12,76,268
04/21/2011,KOA,HI,AWP,WE,Federal Contract Tower,71,6,13,8,98,0,60,75,7,142,71,66,88,15,240,150,32,182,422
04/22/2011,KOA,HI,AWP,WE,Federal Contract Tower,72,8,9,1,90,0,43,70,3,116,72,51,79,4,206,150,0,150,356
04/23/2011,KOA,HI,AWP,WE,Federal Contract Tower,79,9,10,0,98,1,47,31,0,79,80,56,41,0,177,120,0,120,297
04/24/2011,KOA,HI,AWP,WE,Federal Contract Tower,73,9,6,0,88,0,41,23,0,64,73,50,29,0,152,64,0,64,216
04/25/2011,KOA,HI,AWP,WE,Federal Contract Tower,70,9,3,2,84,0,47,28,8,83,70,56,31,10,167,74,0,74,241
04/26/2011,KOA,HI,AWP,WE,Federal Contract Tower,65,11,2,28,106,0,30,39,5,74,65,41,41,33,180,174,122,296,476
04/27/2011,KOA,HI,AWP,WE,Federal Contract Tower,65,11,3,25,104,0,38,44,5,87,65,49,47,30,191,122,66,188,379
04/28/2011,KOA,HI,AWP,WE,Federal Contract Tower,70,11,6,26,113,0,50,50,13,113,70,61,56,39,226,104,58,162,388
04/29/2011,KOA,HI,AWP,WE,Federal Contract Tower,71,6,10,18,105,0,34,51,5,90,71,40,61,23,195,190,50,240,435
04/30/2011,KOA,HI,AWP,WE,Federal Contract Tower,79,8,3,1,91,0,46,53,0,99,79,54,56,1,190,68,0,68,258
05/01/2011,KOA,HI,AWP,WE,Federal Contract Tower,68,8,4,0,80,0,32,22,0,54,68,40,26,0,134,28,0,28,162
05/02/2011,KOA,HI,AWP,WE,Federal Contract Tower,61,13,1,14,89,0,39,36,4,79,61,52,37,18,168,80,30,110,278
05/03/2011,KOA,HI,AWP,WE,Federal Contract Tower,63,11,18,18,110,0,36,36,1,73,63,47,54,19,183,180,60,240,423
05/04/2011,KOA,HI,AWP,WE,Federal Contract Tower,66,9,5,11,91,0,27,25,1,53,66,36,30,12,144,182,52,234,378
05/05/2011,KOA,HI,AWP,WE,Federal Contract Tower,65,14,7,10,96,0,44,49,2,95,65,58,56,12,191,138,6,144,335
05/06/2011,KOA,HI,AWP,WE,Federal Contract Tower,68,18,4,10,100,0,20,26,1,47,68,38,30,11,147,42,4,46,193
05/07/2011,KOA,HI,AWP,WE,Federal Contract Tower,64,12,3,12,91,0,30,41,3,74,64,42,44,15,165,64,32,96,261
05/08/2011,KOA,HI,AWP,WE,Federal Contract Tower,65,6,5,0,76,0,32,22,0,54,65,38,27,0,130,40,0,40,170
05/09/2011,KOA,HI,AWP,WE,Federal Contract Tower,67,11,19,31,128,0,50,52,10,112,67,61,71,41,240,240,108,348,588
05/10/2011,KOA,HI,AWP,WE,Federal Contract Tower,67,9,5,26,107,0,50,40,9,99,67,59,45,35,206,110,38,148,354
05/11/2011,KOA,HI,AWP,WE,Federal Contract Tower,62,9,2,14,87,0,27,36,3,66,62,36,38,17,153,160,54,214,367
05/12/2011,KOA,HI,AWP,WE,Federal Contract Tower,68,6,1,3,78,0,0,0,0,0,68,6,1,3,78,126,44,170,248
05/13/2011,KOA,HI,AWP,WE,Federal Contract Tower,67,12,7,2,88,0,29,55,0,84,67,41,62,2,172,134,0,134,306
05/14/2011,KOA,HI,AWP,WE,Federal Contract Tower,68,8,3,0,79,2,35,23,0,60,70,43,26,0,139,104,0,104,243
05/15/2011,KOA,HI,AWP,WE,Federal Contract Tower,64,5,0,0,69,0,41,31,0,72,64,46,31,0,141,52,0,52,193
05/16/2011,KOA,HI,AWP,WE,Federal Contract Tower,63,8,2,19,92,0,44,49,0,93,63,52,51,19,185,204,0,204,389
05/17/2011,KOA,HI,AWP,WE,Federal Contract Tower,68,8,1,13,90,0,36,48,2,86,68,44,49,15,176,100,98,198,374
05/18/2011,KOA,HI,AWP,WE,Federal Contract Tower,68,10,6,6,90,0,47,44,1,92,68,57,50,7,182,86,36,122,304
05/19/2011,KOA,HI,AWP,WE,Federal Contract Tower,68,9,4,16,97,0,49,39,2,90,68,58,43,18,187,166,54,220,407
05/20/2011,KOA,HI,AWP,WE,Federal Contract Tower,75,9,3,8,95,0,36,75,1,112,75,45,78,9,207,98,12,110,317
05/21/2011,KOA,HI,AWP,WE,Federal Contract Tower,76,3,1,0,80,0,42,41,6,89,76,45,42,6,169,32,0,32,201
05/22/2011,KOA,HI,AWP,WE,Federal Contract Tower,71,9,9,0,89,0,33,23,0,56,71,42,32,0,145,46,0,46,191
05/23/2011,KOA,HI,AWP,WE,Federal Contract Tower,66,11,5,32,114,0,58,59,13,130,66,69,64,45,244,86,66,152,396
05/24/2011,KOA,HI,AWP,WE,Federal Contract Tower,67,13,4,0,84,0,45,43,0,88,67,58,47,0,172,72,0,72,244
05/25/2011,KOA,HI,AWP,WE,Federal Contract Tower,66,12,6,15,99,0,56,39,4,99,66,68,45,19,198,78,44,122,320
05/26/2011,KOA,HI,AWP,WE,Federal Contract Tower,70,15,6,17,108,0,49,58,1,108,70,64,64,18,216,66,80,146,362
05/27/2011,KOA,HI,AWP,WE,Federal Contract Tower,71,12,8,2,93,0,53,55,0,108,71,65,63,2,201,48,16,64,265
05/28/2011,KOA,HI,AWP,WE,Federal Contract Tower,73,7,5,0,85,0,57,92,2,151,73,64,97,2,236,0,6,6,242
05/29/2011,KOA,HI,AWP,WE,Federal Contract Tower,64,8,4,1,77,0,48,84,2,134,64,56,88,3,211,36,30,66,277
05/30/2011,KOA,HI,AWP,WE,Federal Contract Tower,69,13,14,2,98,0,40,39,1,80,69,53,53,3,178,116,10,126,304
05/31/2011,KOA,HI,AWP,WE,Federal Contract Tower,67,11,3,16,97,0,39,28,2,69,67,50,31,18,166,140,40,180,346
06/01/2011,KOA,HI,AWP,WE,Federal Contract Tower,68,10,11,19,108,0,35,45,1,81,68,45,56,20,189,108,46,154,343
06/02/2011,KOA,HI,AWP,WE,Federal Contract Tower,72,8,4,23,107,0,40,43,8,91,72,48,47,31,198,138,46,184,382
06/03/2011,KOA,HI,AWP,WE,Federal Contract Tower,69,20,0,4,93,0,36,62,0,98,69,56,62,4,191,96,0,96,287
06/04/2011,KOA,HI,AWP,WE,Federal Contract Tower,67,8,2,14,91,0,37,39,3,79,67,45,41,17,170,65,20,85,255
06/05/2011,KOA,HI,AWP,WE,Federal Contract Tower,70,13,8,2,93,0,36,36,0,72,70,49,44,2,165,82,0,82,247
06/06/2011,KOA,HI,AWP,WE,Federal Contract Tower,71,15,4,13,103,0,48,70,15,133,71,63,74,28,236,126,40,166,402
06/07/2011,KOA,HI,AWP,WE,Federal Contract Tower,69,15,2,24,110,0,39,40,4,83,69,54,42,28,193,208,60,268,461
06/08/2011,KOA,HI,AWP,WE,Federal Contract Tower,64,8,8,14,94,0,46,50,1,97,64,54,58,15,191,116,36,152,343
06/09/2011,KOA,HI,AWP,WE,Federal Contract Tower,69,8,1,17,95,0,49,40,1,90,69,57,41,18,185,28,0,28,213
06/10/2011,KOA,HI,AWP,WE,Federal Contract Tower,70,11,3,8,92,0,69,49,4,122,70,80,52,12,214,104,2,106,320
06/11/2011,KOA,HI,AWP,WE,Federal Contract Tower,66,5,5,1,77,0,43,43,0,86,66,48,48,1,163,130,0,130,293
06/12/2011,KOA,HI,AWP,WE,Federal Contract Tower,71,12,7,1,91,0,44,33,1,78,71,56,40,2,169,50,0,50,219
06/13/2011,KOA,HI,AWP,WE,Federal Contract Tower,68,13,5,8,94,0,54,54,14,122,68,67,59,22,216,88,66,154,370
06/14/2011,KOA,HI,AWP,WE,Federal Contract Tower,66,11,3,29,109,0,48,57,8,113,66,59,60,37,222,102,110,212,434
06/15/2011,KOA,HI,AWP,WE,Federal Contract Tower,67,14,8,32,121,0,48,52,5,105,67,62,60,37,226,142,26,168,394
06/16/2011,KOA,HI,AWP,WE,Federal Contract Tower,69,24,10,30,133,0,33,44,8,85,69,57,54,38,218,100,42,142,360
06/17/2011,KOA,HI,AWP,WE,Federal Contract Tower,74,14,7,14,109,0,33,43,1,77,74,47,50,15,186,98,32,130,316
06/18/2011,KOA,HI,AWP,WE,Federal Contract Tower,68,9,6,2,85,2,41,41,0,84,70,50,47,2,169,28,0,28,197
06/19/2011,KOA,HI,AWP,WE,Federal Contract Tower,73,14,2,0,89,0,39,18,0,57,73,53,20,0,146,36,0,36,182
06/20/2011,KOA,HI,AWP,WE,Federal Contract Tower,67,13,4,21,105,0,57,48,22,127,67,70,52,43,232,128,122,250,482
06/21/2011,KOA,HI,AWP,WE,Federal Contract Tower,65,18,7,30,120,0,31,54,7,92,65,49,61,37,212,98,108,206,418
06/22/2011,KOA,HI,AWP,WE,Federal Contract Tower,71,15,5,17,108,0,37,47,0,84,71,52,52,17,192,72,48,120,312
06/23/2011,KOA,HI,AWP,WE,Federal Contract Tower,74,12,4,35,125,0,39,34,6,79,74,51,38,41,204,42,54,96,300
06/24/2011,KOA,HI,AWP,WE,Federal Contract Tower,71,23,4,6,104,0,30,43,2,75,71,53,47,8,179,74,0,74,253
06/25/2011,KOA,HI,AWP,WE,Federal Contract Tower,73,12,13,2,100,0,39,38,1,78,73,51,51,3,178,34,10,44,222
06/26/2011,KOA,HI,AWP,WE,Federal Contract Tower,73,16,8,0,97,0,30,24,0,54,73,46,32,0,151,0,0,0,151
06/27/2011,KOA,HI,AWP,WE,Federal Contract Tower,67,11,13,14,105,0,34,37,8,79,67,45,50,22,184,120,36,156,340
06/28/2011,KOA,HI,AWP,WE,Federal Contract Tower,67,12,5,20,104,0,46,27,7,80,67,58,32,27,184,64,44,108,292
06/29/2011,KOA,HI,AWP,WE,Federal Contract Tower,69,9,14,16,108,0,42,35,4,81,69,51,49,20,189,112,92,204,393
06/30/2011,KOA,HI,AWP,WE,Federal Contract Tower,71,11,9,3,94,0,49,44,4,97,71,60,53,7,191,102,52,154,345
07/01/2011,KOA,HI,AWP,WE,Federal Contract Tower,73,15,15,0,103,0,42,58,0,100,73,57,73,0,203,154,0,154,357
07/02/2011,KOA,HI,AWP,WE,Federal Contract Tower,74,7,12,1,94,0,43,42,0,85,74,50,54,1,179,44,0,44,223
07/03/2011,KOA,HI,AWP,WE,Federal Contract Tower,73,9,12,3,97,0,34,14,0,48,73,43,26,3,145,0,6,6,151
07/04/2011,KOA,HI,AWP,WE,Federal Contract Tower,72,13,1,0,86,1,48,43,0,92,73,61,44,0,178,82,0,82,260
07/05/2011,KOA,HI,AWP,WE,Federal Contract Tower,74,12,12,30,128,0,41,29,1,71,74,53,41,31,199,78,114,192,391
07/06/2011,KOA,HI,AWP,WE,Federal Contract Tower,70,14,3,12,99,0,44,45,4,93,70,58,48,16,192,96,54,150,342
07/07/2011,KOA,HI,AWP,WE,Federal Contract Tower,73,24,7,54,158,0,23,25,3,51,73,47,32,57,209,56,56,112,321
07/08/2011,KOA,HI,AWP,WE,Federal Contract Tower,74,13,9,18,114,0,36,33,1,70,74,49,42,19,184,112,14,126,310
07/09/2011,KOA,HI,AWP,WE,Federal Contract Tower,75,8,6,2,91,0,57,50,0,107,75,65,56,2,198,26,0,26,224
07/10/2011,KOA,HI,AWP,WE,Federal Contract Tower,75,9,9,0,93,1,47,20,1,69,76,56,29,1,162,18,0,18,180
07/11/2011,KOA,HI,AWP,WE,Federal Contract Tower,74,12,2,5,93,0,53,35,0,88,74,65,37,5,181,74,22,96,277
07/12/2011,KOA,HI,AWP,WE,Federal Contract Tower,68,12,9,45,134,0,44,27,14,85,68,56,36,59,219,78,90,168,387
07/13/2011,KOA,HI,AWP,WE,Federal Contract Tower,72,14,15,16,117,0,45,24,2,71,72,59,39,18,188,128,62,190,378
07/14/2011,KOA,HI,AWP,WE,Federal Contract Tower,74,11,9,26,120,0,42,31,6,79,74,53,40,32,199,118,54,172,371
07/15/2011,KOA,HI,AWP,WE,Federal Contract Tower,74,9,3,2,88,0,39,45,0,84,74,48,48,2,172,112,0,112,284
07/16/2011,KOA,HI,AWP,WE,Federal Contract Tower,70,13,4,5,92,0,45,28,1,74,70,58,32,6,166,54,0,54,220
07/17/2011,KOA,HI,AWP,WE,Federal Contract Tower,80,4,7,2,93,0,57,13,2,72,80,61,20,4,165,22,8,30,195
07/18/2011,KOA,HI,AWP,WE,Federal Contract Tower,72,9,5,31,117,0,66,37,2,105,72,75,42,33,222,128,0,128,350
07/19/2011,KOA,HI,AWP,WE,Federal Contract Tower,69,10,3,19,101,0,42,41,6,89,69,52,44,25,190,118,94,212,402
07/20/2011,KOA,HI,AWP,WE,Federal Contract Tower,73,5,5,41,124,0,45,37,5,87,73,50,42,46,211,96,66,162,373
07/21/2011,KOA,HI,AWP,WE,Federal Contract Tower,74,14,6,10,104,0,58,45,0,103,74,72,51,10,207,136,0,136,343
07/22/2011,KOA,HI,AWP,WE,Federal Contract Tower,78,11,8,9,106,0,51,56,6,113,78,62,64,15,219,172,50,222,441
07/23/2011,KOA,HI,AWP,WE,Federal Contract Tower,71,4,6,0,81,0,48,50,0,98,71,52,56,0,179,114,0,114,293
07/24/2011,KOA,HI,AWP,WE,Federal Contract Tower,75,6,5,0,86,0,56,41,0,97,75,62,46,0,183,0,0,0,183
07/25/2011,KOA,HI,AWP,WE,Federal Contract Tower,70,12,8,0,90,0,62,70,4,136,70,74,78,4,226,78,0,78,304
07/26/2011,KOA,HI,AWP,WE,Federal Contract Tower,70,11,3,8,92,0,51,47,6,104,70,62,50,14,196,142,40,182,378
07/27/2011,KOA,HI,AWP,WE,Federal Contract Tower,73,13,4,25,115,0,52,47,1,100,73,65,51,26,215,96,26,122,337
07/28/2011,KOA,HI,AWP,WE,Federal Contract Tower,74,11,11,2,98,0,53,50,0,103,74,64,61,2,201,130,32,162,363
07/29/2011,KOA,HI,AWP,WE,Federal Contract Tower,76,19,4,0,99,0,36,49,0,85,76,55,53,0,184,162,0,162,346
07/30/2011,KOA,HI,AWP,WE,Federal Contract Tower,73,8,0,0,81,0,39,31,1,71,73,47,31,1,152,72,0,72,224
07/31/2011,KOA,HI,AWP,WE,Federal Contract Tower,74,11,6,0,91,0,39,43,0,82,74,50,49,0,173,32,0,32,205
08/01/2011,KOA,HI,AWP,WE,Federal Contract Tower,72,14,8,29,123,0,59,90,3,152,72,73,98,32,275,230,14,244,519
08/02/2011,KOA,HI,AWP,WE,Federal Contract Tower,70,17,5,23,115,0,40,39,1,80,70,57,44,24,195,136,72,208,403
08/03/2011,KOA,HI,AWP,WE,Federal Contract Tower,66,11,11,17,105,5,45,28,4,82,71,56,39,21,187,58,66,124,311
08/04/2011,KOA,HI,AWP,WE,Federal Contract Tower,74,7,11,37,129,0,54,29,9,92,74,61,40,46,221,130,100,230,451
08/05/2011,KOA,HI,AWP,WE,Federal Contract Tower,79,25,8,3,115,0,38,37,5,80,79,63,45,8,195,134,98,232,427
08/06/2011,KOA,HI,AWP,WE,Federal Contract Tower,68,14,7,3,92,0,63,60,13,136,68,77,67,16,228,72,0,72,300
08/07/2011,KOA,HI,AWP,WE,Federal Contract Tower,76,10,11,4,101,0,43,44,5,92,76,53,55,9,193,8,4,12,205
08/08/2011,KOA,HI,AWP,WE,Federal Contract Tower,72,16,5,4,97,0,59,66,8,133,72,75,71,12,230,182,6,188,418
08/09/2011,KOA,HI,AWP,WE,Federal Contract Tower,71,14,1,21,107,0,45,42,2,89,71,59,43,23,196,152,40,192,388
08/10/2011,KOA,HI,AWP,WE,Federal Contract Tower,67,11,5,7,90,0,51,28,6,85,67,62,33,13,175,138,0,138,313
08/11/2011,KOA,HI,AWP,WE,Federal Contract Tower,74,10,10,17,111,0,56,56,29,141,74,66,66,46,252,74,64,138,390
08/12/2011,KOA,HI,AWP,WE,Federal Contract Tower,75,13,11,6,105,0,44,67,3,114,75,57,78,9,219,70,22,92,311
08/13/2011,KOA,HI,AWP,WE,Federal Contract Tower,74,11,7,0,92,0,47,51,2,100,74,58,58,2,192,92,30,122,314
08/14/2011,KOA,HI,AWP,WE,Federal Contract Tower,76,11,12,0,99,0,45,31,0,76,76,56,43,0,175,84,0,84,259
08/15/2011,KOA,HI,AWP,WE,Federal Contract Tower,72,17,9,15,113,0,63,59,8,130,72,80,68,23,243,118,32,150,393
08/16/2011,KOA,HI,AWP,WE,Federal Contract Tower,68,11,5,32,116,0,51,53,10,114,68,62,58,42,230,144,70,214,444
08/17/2011,KOA,HI,AWP,WE,Federal Contract Tower,66,10,5,9,90,0,48,53,11,112,66,58,58,20,202,46,80,126,328
08/18/2011,KOA,HI,AWP,WE,Federal Contract Tower,74,11,4,8,97,0,48,61,2,111,74,59,65,10,208,96,14,110,318
08/19/2011,KOA,HI,AWP,WE,Federal Contract Tower,72,15,6,17,110,0,40,36,12,88,72,55,42,29,198,156,56,212,410
08/20/2011,KOA,HI,AWP,WE,Federal Contract Tower,73,18,5,5,101,0,72,93,8,173,73,90,98,13,274,124,16,140,414
08/21/2011,KOA,HI,AWP,WE,Federal Contract Tower,70,13,6,1,90,0,32,33,2,67,70,45,39,3,157,78,0,78,235
08/22/2011,KOA,HI,AWP,WE,Federal Contract Tower,66,10,10,20,106,0,69,68,3,140,66,79,78,23,246,92,18,110,356
08/23/2011,KOA,HI,AWP,WE,Federal Contract Tower,64,15,5,31,115,0,55,62,5,122,64,70,67,36,237,168,123,291,528
08/24/2011,KOA,HI,AWP,WE,Federal Contract Tower,68,22,9,14,113,0,34,28,3,65,68,56,37,17,178,144,58,202,380
08/25/2011,KOA,HI,AWP,WE,Federal Contract Tower,68,12,9,28,117,0,49,51,23,123,68,61,60,51,240,120,34,154,394
08/26/2011,KOA,HI,AWP,WE,Federal Contract Tower,72,14,6,9,101,0,27,53,0,80,72,41,59,9,181,126,32,158,339
08/27/2011,KOA,HI,AWP,WE,Federal Contract Tower,67,12,3,0,82,0,42,39,0,81,67,54,42,0,163,42,0,42,205
08/28/2011,KOA,HI,AWP,WE,Federal Contract Tower,68,11,1,0,80,0,27,31,0,58,68,38,32,0,138,32,0,32,170
08/29/2011,KOA,HI,AWP,WE,Federal Contract Tower,63,17,7,11,98,0,48,36,10,94,63,65,43,21,192,102,38,140,332
08/30/2011,KOA,HI,AWP,WE,Federal Contract Tower,60,16,4,12,92,0,27,37,2,66,60,43,41,14,158,114,36,150,308
08/31/2011,KOA,HI,AWP,WE,Federal Contract Tower,60,8,10,15,93,0,46,44,8,98,60,54,54,23,191,110,54,164,355
09/01/2011,KOA,HI,AWP,WE,Federal Contract Tower,69,9,6,19,103,0,47,36,3,86,69,56,42,22,189,66,38,104,293
09/02/2011,KOA,HI,AWP,WE,Federal Contract Tower,71,15,5,2,93,0,50,53,3,106,71,65,58,5,199,54,28,82,281
09/03/2011,KOA,HI,AWP,WE,Federal Contract Tower,72,26,3,4,105,0,35,37,2,74,72,61,40,6,179,32,16,48,227
09/04/2011,KOA,HI,AWP,WE,Federal Contract Tower,66,10,6,0,82,0,41,11,2,54,66,51,17,2,136,12,16,28,164
09/05/2011,KOA,HI,AWP,WE,Federal Contract Tower,69,11,8,0,88,0,56,40,0,96,69,67,48,0,184,74,0,74,258
09/06/2011,KOA,HI,AWP,WE,Federal Contract Tower,62,10,6,12,90,0,43,41,10,94,62,53,47,22,184,88,58,146,330
09/07/2011,KOA,HI,AWP,WE,Federal Contract Tower,59,11,5,18,93,0,57,38,3,98,59,68,43,21,191,56,44,100,291
09/08/2011,KOA,HI,AWP,WE,Federal Contract Tower,60,6,6,6,78,0,57,51,4,112,60,63,57,10,190,44,36,80,270
09/09/2011,KOA,HI,AWP,WE,Federal Contract Tower,65,12,6,10,93,0,46,31,0,77,65,58,37,10,170,8,8,16,186
09/10/2011,KOA,HI,AWP,WE,Federal Contract Tower,64,11,5,0,80,0,42,30,0,72,64,53,35,0,152,78,0,78,230
09/11/2011,KOA,HI,AWP,WE,Federal Contract Tower,65,5,9,0,79,0,33,20,0,53,65,38,29,0,132,0,0,0,132
09/12/2011,KOA,HI,AWP,WE,Federal Contract Tower,57,9,1,5,72,0,44,52,1,97,57,53,53,6,169,62,0,62,231
09/13/2011,KOA,HI,AWP,WE,Federal Contract Tower,59,6,4,5,74,0,44,26,4,74,59,50,30,9,148,38,22,60,208
09/14/2011,KOA,HI,AWP,WE,Federal Contract Tower,59,9,2,9,79,0,50,29,3,82,59,59,31,12,161,64,16,80,241
09/15/2011,KOA,HI,AWP,WE,Federal Contract Tower,62,14,1,23,100,0,42,23,8,73,62,56,24,31,173,38,78,116,289
09/16/2011,KOA,HI,AWP,WE,Federal Contract Tower,69,8,1,1,79,0,64,35,0,99,69,72,36,1,178,114,0,114,292
09/17/2011,KOA,HI,AWP,WE,Federal Contract Tower,64,6,2,0,72,0,51,34,0,85,64,57,36,0,157,60,2,62,219
09/18/2011,KOA,HI,AWP,WE,Federal Contract Tower,64,6,4,1,75,0,46,24,0,70,64,52,28,1,145,68,0,68,213
09/19/2011,KOA,HI,AWP,WE,Federal Contract Tower,61,10,1,26,98,0,41,30,13,84,61,51,31,39,182,90,77,167,349
09/20/2011,KOA,HI,AWP,WE,Federal Contract Tower,57,14,5,19,95,0,53,46,3,102,57,67,51,22,197,152,34,186,383
09/21/2011,KOA,HI,AWP,WE,Federal Contract Tower,61,11,3,16,91,0,54,37,0,91,61,65,40,16,182,156,6,162,344
09/22/2011,KOA,HI,AWP,WE,Federal Contract Tower,62,13,1,22,98,0,39,38,15,92,62,52,39,37,190,102,64,166,356
09/23/2011,KOA,HI,AWP,WE,Federal Contract Tower,66,8,7,11,92,0,45,52,9,106,66,53,59,20,198,146,42,188,386
09/24/2011,KOA,HI,AWP,WE,Federal Contract Tower,64,6,4,0,74,0,53,30,0,83,64,59,34,0,157,32,0,32,189
09/25/2011,KOA,HI,AWP,WE,Federal Contract Tower,64,8,4,0,76,0,44,25,0,69,64,52,29,0,145,16,0,16,161
09/26/2011,KOA,HI,AWP,WE,Federal Contract Tower,62,9,7,10,88,0,60,43,7,110,62,69,50,17,198,90,94,184,382
09/27/2011,KOA,HI,AWP,WE,Federal Contract Tower,59,13,1,15,88,0,37,19,3,59,59,50,20,18,147,78,30,108,255
09/28/2011,KOA,HI,AWP,WE,Federal Contract Tower,60,11,0,9,80,0,41,30,8,79,60,52,30,17,159,110,36,146,305
09/29/2011,KOA,HI,AWP,WE,Federal Contract Tower,63,10,5,7,85,0,32,52,4,88,63,42,57,11,173,98,36,134,307
09/30/2011,KOA,HI,AWP,WE,Federal Contract Tower,70,12,1,15,98,0,0,0,0,0,70,12,1,15,98,126,6,132,230
10/01/2011,KOA,HI,AWP,WE,Federal Contract Tower,67,4,1,0,72,0,43,44,0,87,67,47,45,0,159,164,0,164,323
10/02/2011,KOA,HI,AWP,WE,Federal Contract Tower,65,5,2,2,74,0,46,30,0,76,65,51,32,2,150,32,12,44,194
10/03/2011,KOA,HI,AWP,WE,Federal Contract Tower,66,6,0,25,97,0,44,40,6,90,66,50,40,31,187,94,50,144,331
10/04/2011,KOA,HI,AWP,WE,Federal Contract Tower,60,6,1,32,99,0,43,31,8,82,60,49,32,40,181,76,56,132,313
10/05/2011,KOA,HI,AWP,WE,Federal Contract Tower,63,6,3,5,77,0,54,46,4,104,63,60,49,9,181,122,36,158,339
10/06/2011,KOA,HI,AWP,WE,Federal Contract Tower,67,13,5,6,91,0,37,28,1,66,67,50,33,7,157,92,16,108,265
10/07/2011,KOA,HI,AWP,WE,Federal Contract Tower,70,8,3,0,81,0,33,28,3,64,70,41,31,3,145,72,0,72,217
10/08/2011,KOA,HI,AWP,WE,Federal Contract Tower,67,8,2,0,77,0,43,54,3,100,67,51,56,3,177,0,0,0,177
10/09/2011,KOA,HI,AWP,WE,Federal Contract Tower,72,3,4,0,79,0,39,23,0,62,72,42,27,0,141,40,0,40,181
10/10/2011,KOA,HI,AWP,WE,Federal Contract Tower,73,4,2,3,82,0,47,29,0,76,73,51,31,3,158,164,0,164,322
10/11/2011,KOA,HI,AWP,WE,Federal Contract Tower,60,8,2,13,83,0,41,32,4,77,60,49,34,17,160,96,30,126,286
10/12/2011,KOA,HI,AWP,WE,Federal Contract Tower,61,8,9,5,83,0,41,27,9,77,61,49,36,14,160,80,22,102,262
10/13/2011,KOA,HI,AWP,WE,Federal Contract Tower,61,7,4,12,84,0,40,43,13,96,61,47,47,25,180,152,50,202,382
10/14/2011,KOA,HI,AWP,WE,Federal Contract Tower,67,4,1,16,88,0,47,34,2,83,67,51,35,18,171,72,20,92,263
10/15/2011,KOA,HI,AWP,WE,Federal Contract Tower,68,8,4,0,80,0,41,26,0,67,68,49,30,0,147,150,0,150,297
10/16/2011,KOA,HI,AWP,WE,Federal Contract Tower,63,7,3,1,74,0,40,38,0,78,63,47,41,1,152,80,0,80,232
10/17/2011,KOA,HI,AWP,WE,Federal Contract Tower,66,10,10,17,103,0,48,23,2,73,66,58,33,19,176,63,14,77,253
10/18/2011,KOA,HI,AWP,WE,Federal Contract Tower,59,12,4,20,95,0,51,42,3,96,59,63,46,23,191,90,54,144,335
10/19/2011,KOA,HI,AWP,WE,Federal Contract Tower,61,8,6,25,100,0,38,30,3,71,61,46,36,28,171,114,74,188,359
10/20/2011,KOA,HI,AWP,WE,Federal Contract Tower,70,6,3,27,106,0,32,41,3,76,70,38,44,30,182,112,42,154,336
10/21/2011,KOA,HI,AWP,WE,Federal Contract Tower,72,5,6,12,95,0,39,38,3,80,72,44,44,15,175,160,24,184,359
10/22/2011,KOA,HI,AWP,WE,Federal Contract Tower,72,3,2,4,81,0,56,28,0,84,72,59,30,4,165,89,0,89,254
10/23/2011,KOA,HI,AWP,WE,Federal Contract Tower,68,12,0,0,80,0,42,17,0,59,68,54,17,0,139,23,0,23,162
10/24/2011,KOA,HI,AWP,WE,Federal Contract Tower,67,14,6,42,129,0,45,47,1,93,67,59,53,43,222,114,122,236,458
10/25/2011,KOA,HI,AWP,WE,Federal Contract Tower,62,9,6,20,97,0,51,52,9,112,62,60,58,29,209,140,44,184,393
10/26/2011,KOA,HI,AWP,WE,Federal Contract Tower,64,7,7,21,99,0,43,34,1,78,64,50,41,22,177,132,28,160,337
10/27/2011,KOA,HI,AWP,WE,Federal Contract Tower,61,14,15,18,108,0,42,42,2,86,61,56,57,20,194,92,44,136,330
10/28/2011,KOA,HI,AWP,WE,Federal Contract Tower,64,11,6,17,98,0,50,34,3,87,64,61,40,20,185,84,76,160,345
10/29/2011,KOA,HI,AWP,WE,Federal Contract Tower,71,8,2,29,110,0,38,20,1,59,71,46,22,30,169,32,16,48,217
10/30/2011,KOA,HI,AWP,WE,Federal Contract Tower,61,11,3,1,76,0,44,16,0,60,61,55,19,1,136,42,0,42,178
10/31/2011,KOA,HI,AWP,WE,Federal Contract Tower,63,8,1,8,80,0,43,42,1,86,63,51,43,9,166,96,24,120,286
11/01/2011,KOA,HI,AWP,WE,Federal Contract Tower,61,8,5,37,111,0,37,38,7,82,61,45,43,44,193,104,50,154,347
11/02/2011,KOA,HI,AWP,WE,Federal Contract Tower,58,10,7,10,85,0,42,27,0,69,58,52,34,10,154,202,12,214,368
11/03/2011,KOA,HI,AWP,WE,Federal Contract Tower,58,12,5,12,87,0,36,31,4,71,58,48,36,16,158,140,27,167,325
11/04/2011,KOA,HI,AWP,WE,Federal Contract Tower,63,21,3,21,108,2,37,19,4,62,65,58,22,25,170,92,50,142,312
11/05/2011,KOA,HI,AWP,WE,Federal Contract Tower,62,19,3,0,84,0,43,25,0,68,62,62,28,0,152,78,0,78,230
11/06/2011,KOA,HI,AWP,WE,Federal Contract Tower,58,20,5,6,89,0,36,18,2,56,58,56,23,8,145,55,0,55,200
11/07/2011,KOA,HI,AWP,WE,Federal Contract Tower,64,12,4,12,92,0,39,37,2,78,64,51,41,14,170,126,12,138,308
11/08/2011,KOA,HI,AWP,WE,Federal Contract Tower,52,12,7,21,92,0,39,39,9,87,52,51,46,30,179,98,104,202,381
11/09/2011,KOA,HI,AWP,WE,Federal Contract Tower,49,18,17,13,97,0,49,43,2,94,49,67,60,15,191,114,18,132,323
11/10/2011,KOA,HI,AWP,WE,Federal Contract Tower,53,18,5,9,85,0,41,27,1,69,53,59,32,10,154,148,20,168,322
11/11/2011,KOA,HI,AWP,WE,Federal Contract Tower,55,20,6,3,84,0,44,20,0,64,55,64,26,3,148,132,0,132,280
11/12/2011,KOA,HI,AWP,WE,Federal Contract Tower,57,12,3,15,87,0,42,18,0,60,57,54,21,15,147,60,30,90,237
11/13/2011,KOA,HI,AWP,WE,Federal Contract Tower,56,19,12,5,92,0,33,21,11,65,56,52,33,16,157,52,60,112,269
11/14/2011,KOA,HI,AWP,WE,Federal Contract Tower,53,22,5,37,117,0,42,54,23,119,53,64,59,60,236,120,70,190,426
11/15/2011,KOA,HI,AWP,WE,Federal Contract Tower,50,21,0,18,89,0,34,40,7,81,50,55,40,25,170,114,38,152,322
11/16/2011,KOA,HI,AWP,WE,Federal Contract Tower,51,20,0,18,89,0,43,26,3,72,51,63,26,21,161,92,22,114,275
11/17/2011,KOA,HI,AWP,WE,Federal Contract Tower,55,21,3,28,107,0,38,38,0,76,55,59,41,28,183,84,32,116,299
11/18/2011,KOA,HI,AWP,WE,Federal Contract Tower,56,18,13,3,90,0,35,23,1,59,56,53,36,4,149,128,0,128,277
11/19/2011,KOA,HI,AWP,WE,Federal Contract Tower,62,19,7,0,88,0,42,32,0,74,62,61,39,0,162,88,0,88,250
11/20/2011,KOA,HI,AWP,WE,Federal Contract Tower,55,15,10,0,80,0,49,19,0,68,55,64,29,0,148,46,0,46,194
11/21/2011,KOA,HI,AWP,WE,Federal Contract Tower,50,22,5,18,95,0,43,29,4,76,50,65,34,22,171,108,62,170,341
11/22/2011,KOA,HI,AWP,WE,Federal Contract Tower,49,22,11,18,100,2,46,44,2,94,51,68,55,20,194,124,32,156,350
11/23/2011,KOA,HI,AWP,WE,Federal Contract Tower,58,14,6,5,83,2,46,56,2,106,60,60,62,7,189,176,28,204,393
11/24/2011,KOA,HI,AWP,WE,Federal Contract Tower,48,14,0,0,62,0,36,27,0,63,48,50,27,0,125,76,0,76,201
11/25/2011,KOA,HI,AWP,WE,Federal Contract Tower,58,19,6,0,83,45,42,0,0,87,103,61,6,0,170,16,0,16,186
11/26/2011,KOA,HI,AWP,WE,Federal Contract Tower,60,18,7,0,85,4,43,30,0,77,64,61,37,0,162,62,0,62,224
11/27/2011,KOA,HI,AWP,WE,Federal Contract Tower,60,19,20,0,99,0,45,23,0,68,60,64,43,0,167,30,0,30,197
11/28/2011,KOA,HI,AWP,WE,Federal Contract Tower,61,27,4,47,139,0,53,40,12,105,61,80,44,59,244,98,106,204,448
11/29/2011,KOA,HI,AWP,WE,Federal Contract Tower,50,19,11,33,113,0,45,52,3,100,50,64,63,36,213,176,86,262,475
11/30/2011,KOA,HI,AWP,WE,Federal Contract Tower,48,19,9,12,88,0,44,49,2,95,48,63,58,14,183,150,18,168,351
12/01/2011,KOA,HI,AWP,WE,Federal Contract Tower,49,18,7,11,85,0,33,37,1,71,49,51,44,12,156,112,22,134,290
12/02/2011,KOA,HI,AWP,WE,Federal Contract Tower,53,18,10,19,100,0,35,40,2,77,53,53,50,21,177,100,32,132,309
12/03/2011,KOA,HI,AWP,WE,Federal Contract Tower,56,16,3,13,88,0,43,28,0,71,56,59,31,13,159,132,54,186,345
12/04/2011,KOA,HI,AWP,WE,Federal Contract Tower,52,14,13,0,79,0,35,32,0,67,52,49,45,0,146,44,0,44,190
12/05/2011,KOA,HI,AWP,WE,Federal Contract Tower,51,15,6,10,82,0,51,41,6,98,51,66,47,16,180,100,46,146,326
12/06/2011,KOA,HI,AWP,WE,Federal Contract Tower,49,19,3,26,97,0,40,39,7,86,49,59,42,33,183,114,48,162,345
12/07/2011,KOA,HI,AWP,WE,Federal Contract Tower,51,13,4,16,84,0,35,54,17,106,51,48,58,33,190,78,72,150,340
12/08/2011,KOA,HI,AWP,WE,Federal Contract Tower,51,18,5,13,87,0,39,31,2,72,51,57,36,15,159,102,24,126,285
12/09/2011,KOA,HI,AWP,WE,Federal Contract Tower,56,13,4,8,81,0,17,42,0,59,56,30,46,8,140,82,0,82,222
12/10/2011,KOA,HI,AWP,WE,Federal Contract Tower,59,15,6,4,84,0,29,22,3,54,59,44,28,7,138,50,48,98,236
12/11/2011,KOA,HI,AWP,WE,Federal Contract Tower,57,14,9,0,80,0,32,19,0,51,57,46,28,0,131,68,0,68,199
12/12/2011,KOA,HI,AWP,WE,Federal Contract Tower,51,17,0,19,87,0,38,31,8,77,51,55,31,27,164,152,62,214,378
12/13/2011,KOA,HI,AWP,WE,Federal Contract Tower,51,23,1,2,77,0,35,38,5,78,51,58,39,7,155,162,16,178,333
12/14/2011,KOA,HI,AWP,WE,Federal Contract Tower,48,17,4,19,88,0,40,31,3,74,48,57,35,22,162,98,48,146,308
12/15/2011,KOA,HI,AWP,WE,Federal Contract Tower,53,24,11,23,111,0,34,42,7,83,53,58,53,30,194,54,28,82,276
12/16/2011,KOA,HI,AWP,WE,Federal Contract Tower,63,28,12,3,106,0,37,17,1,55,63,65,29,4,161,108,6,114,275
12/17/2011,KOA,HI,AWP,WE,Federal Contract Tower,66,18,19,6,109,0,47,48,0,95,66,65,67,6,204,112,0,112,316
12/18/2011,KOA,HI,AWP,WE,Federal Contract Tower,55,16,18,0,89,0,38,22,2,62,55,54,40,2,151,28,0,28,179
12/19/2011,KOA,HI,AWP,WE,Federal Contract Tower,55,20,11,16,102,3,31,44,6,84,58,51,55,22,186,148,50,198,384
12/20/2011,KOA,HI,AWP,WE,Federal Contract Tower,54,25,13,31,123,1,43,46,8,98,55,68,59,39,221,56,54,110,331
12/21/2011,KOA,HI,AWP,WE,Federal Contract Tower,51,20,25,27,123,0,42,32,7,81,51,62,57,34,204,60,84,144,348
12/22/2011,KOA,HI,AWP,WE,Federal Contract Tower,58,19,10,12,99,0,43,32,6,81,58,62,42,18,180,56,38,94,274
12/23/2011,KOA,HI,AWP,WE,Federal Contract Tower,59,18,25,0,102,0,42,35,0,77,59,60,60,0,179,78,0,78,257
12/24/2011,KOA,HI,AWP,WE,Federal Contract Tower,63,17,12,0,92,0,45,19,0,64,63,62,31,0,156,22,0,22,178
12/25/2011,KOA,HI,AWP,WE,Federal Contract Tower,55,12,12,0,79,0,32,7,0,39,55,44,19,0,118,10,0,10,128
12/26/2011,KOA,HI,AWP,WE,Federal Contract Tower,60,21,24,0,105,0,43,26,0,69,60,64,50,0,174,66,0,66,240
12/27/2011,KOA,HI,AWP,WE,Federal Contract Tower,59,20,14,19,112,0,45,50,27,122,59,65,64,46,234,112,136,248,482
12/28/2011,KOA,HI,AWP,WE,Federal Contract Tower,57,15,16,8,96,0,63,55,1,119,57,78,71,9,215,62,20,82,297
12/29/2011,KOA,HI,AWP,WE,Federal Contract Tower,56,18,13,9,96,0,52,27,15,94,56,70,40,24,190,54,6,60,250
12/30/2011,KOA,HI,AWP,WE,Federal Contract Tower,62,19,18,4,103,0,48,50,1,99,62,67,68,5,202,40,0,40,242
12/31/2011,KOA,HI,AWP,WE,Federal Contract Tower,63,16,7,0,86,0,44,38,0,82,63,60,45,0,168,52,0,52,220
01/01/2012,KOA,HI,AWP,WE,Federal Contract Tower,64,25,34,0,123,0,46,16,0,62,64,71,50,0,185,26,0,26,211
01/02/2012,KOA,HI,AWP,WE,Federal Contract Tower,70,22,32,0,124,0,73,47,0,120,70,95,79,0,244,58,0,58,302
01/03/2012,KOA,HI,AWP,WE,Federal Contract Tower,57,27,17,6,107,0,46,43,5,94,57,73,60,11,201,146,68,214,415
01/04/2012,KOA,HI,AWP,WE,Federal Contract Tower,54,17,16,18,105,0,56,36,2,94,54,73,52,20,199,74,26,100,299
01/05/2012,KOA,HI,AWP,WE,Federal Contract Tower,57,13,7,29,106,0,46,34,7,87,57,59,41,36,193,94,74,168,361
01/06/2012,KOA,HI,AWP,WE,Federal Contract Tower,64,18,7,27,116,0,50,36,4,90,64,68,43,31,206,86,54,140,346
01/07/2012,KOA,HI,AWP,WE,Federal Contract Tower,66,14,9,5,94,0,54,47,0,101,66,68,56,5,195,42,0,42,237
01/08/2012,KOA,HI,AWP,WE,Federal Contract Tower,67,13,10,1,91,0,37,8,0,45,67,50,18,1,136,20,0,20,156
01/09/2012,KOA,HI,AWP,WE,Federal Contract Tower,63,14,1,7,85,0,46,43,0,89,63,60,44,7,174,96,14,110,284
01/10/2012,KOA,HI,AWP,WE,Federal Contract Tower,58,20,6,18,102,0,45,41,4,90,58,65,47,22,192,132,42,174,366
01/11/2012,KOA,HI,AWP,WE,Federal Contract Tower,56,19,8,23,106,0,50,54,3,107,56,69,62,26,213,50,110,160,373
01/12/2012,KOA,HI,AWP,WE,Federal Contract Tower,59,22,12,17,110,0,55,34,1,90,59,77,46,18,200,66,14,80,280
01/13/2012,KOA,HI,AWP,WE,Federal Contract Tower,63,15,14,18,110,0,39,27,7,73,63,54,41,25,183,64,36,100,283
01/14/2012,KOA,HI,AWP,WE,Federal Contract Tower,64,13,2,7,86,0,50,41,0,91,64,63,43,7,177,46,0,46,223
01/15/2012,KOA,HI,AWP,WE,Federal Contract Tower,58,15,7,0,80,0,31,16,0,47,58,46,23,0,127,22,0,22,149
01/16/2012,KOA,HI,AWP,WE,Federal Contract Tower,62,18,10,1,91,0,61,44,1,106,62,79,54,2,197,102,0,102,299
01/17/2012,KOA,HI,AWP,WE,Federal Contract Tower,55,17,6,34,112,0,47,34,8,89,55,64,40,42,201,106,74,180,381
01/18/2012,KOA,HI,AWP,WE,Federal Contract Tower,55,19,2,27,103,0,40,28,2,70,55,59,30,29,173,66,8,74,247
01/19/2012,KOA,HI,AWP,WE,Federal Contract Tower,56,16,5,41,118,0,31,28,6,65,56,47,33,47,183,44,68,112,295
01/20/2012,KOA,HI,AWP,WE,Federal Contract Tower,61,14,5,22,102,0,43,25,9,77,61,57,30,31,179,52,54,106,285
01/21/2012,KOA,HI,AWP,WE,Federal Contract Tower,61,15,9,4,89,0,40,22,0,62,61,55,31,4,151,2,14,16,167
01/22/2012,KOA,HI,AWP,WE,Federal Contract Tower,59,12,6,0,77,0,32,23,0,55,59,44,29,0,132,4,0,4,136
01/23/2012,KOA,HI,AWP,WE,Federal Contract Tower,59,18,1,20,98,0,44,46,4,94,59,62,47,24,192,80,74,154,346
01/24/2012,KOA,HI,AWP,WE,Federal Contract Tower,53,24,4,7,88,0,53,42,5,100,53,77,46,12,188,92,30,122,310
01/25/2012,KOA,HI,AWP,WE,Federal Contract Tower,54,15,8,19,96,0,55,47,3,105,54,70,55,22,201,68,6,74,275
01/26/2012,KOA,HI,AWP,WE,Federal Contract Tower,59,19,8,26,112,0,35,40,4,79,59,54,48,30,191,48,24,72,263
01/27/2012,KOA,HI,AWP,WE,Federal Contract Tower,63,18,2,2,85,0,42,41,0,83,63,60,43,2,168,58,0,58,226
01/28/2012,KOA,HI,AWP,WE,Federal Contract Tower,66,20,8,1,95,0,54,39,6,99,66,74,47,7,194,76,0,76,270
01/29/2012,KOA,HI,AWP,WE,Federal Contract Tower,61,13,6,2,82,0,39,37,1,77,61,52,43,3,159,12,0,12,171
01/30/2012,KOA,HI,AWP,WE,Federal Contract Tower,59,18,4,21,102,0,53,70,3,126,59,71,74,24,228,184,0,184,412
01/31/2012,KOA,HI,AWP,WE,Federal Contract Tower,59,17,3,17,96,0,40,44,2,86,59,57,47,19,182,102,36,138,320
02/01/2012,KOA,HI,AWP,WE,Federal Contract Tower,59,16,6,21,102,0,47,59,12,118,59,63,65,33,220,128,56,184,404
02/02/2012,KOA,HI,AWP,WE,Federal Contract Tower,62,21,7,19,109,0,34,35,4,73,62,55,42,23,182,74,24,98,280
02/03/2012,KOA,HI,AWP,WE,Federal Contract Tower,64,20,4,15,103,0,46,43,2,91,64,66,47,17,194,76,10,86,280
02/04/2012,KOA,HI,AWP,WE,Federal Contract Tower,69,15,4,1,89,2,54,43,0,99,71,69,47,1,188,56,6,62,250
02/05/2012,KOA,HI,AWP,WE,Federal Contract Tower,62,17,5,0,84,0,39,22,1,62,62,56,27,1,146,2,0,2,148
02/06/2012,KOA,HI,AWP,WE,Federal Contract Tower,57,19,5,24,105,0,38,49,5,92,57,57,54,29,197,116,48,164,361
02/07/2012,KOA,HI,AWP,WE,Federal Contract Tower,53,26,3,26,108,0,43,32,9,84,53,69,35,35,192,74,84,158,350
02/08/2012,KOA,HI,AWP,WE,Federal Contract Tower,56,19,7,28,110,0,48,31,9,88,56,67,38,37,198,66,44,110,308
02/09/2012,KOA,HI,AWP,WE,Federal Contract Tower,59,20,4,7,90,0,50,34,5,89,59,70,38,12,179,100,14,114,293
02/10/2012,KOA,HI,AWP,WE,Federal Contract Tower,63,22,5,10,100,0,42,47,6,95,63,64,52,16,195,90,36,126,321
02/11/2012,KOA,HI,AWP,WE,Federal Contract Tower,59,13,3,3,78,0,41,20,1,62,59,54,23,4,140,2,24,26,166
02/12/2012,KOA,HI,AWP,WE,Federal Contract Tower,62,14,7,0,83,0,33,11,0,44,62,47,18,0,127,0,0,0,127
02/13/2012,KOA,HI,AWP,WE,Federal Contract Tower,57,17,4,5,83,0,51,50,8,109,57,68,54,13,192,88,12,100,292
02/14/2012,KOA,HI,AWP,WE,Federal Contract Tower,56,17,3,10,86,0,36,39,5,80,56,53,42,15,166,62,50,112,278
02/15/2012,KOA,HI,AWP,WE,Federal Contract Tower,57,22,2,10,91,0,49,46,8,103,57,71,48,18,194,78,52,130,324
02/16/2012,KOA,HI,AWP,WE,Federal Contract Tower,58,22,4,11,95,0,46,36,1,83,58,68,40,12,178,148,30,178,356
02/17/2012,KOA,HI,AWP,WE,Federal Contract Tower,59,33,21,5,118,0,57,50,0,107,59,90,71,5,225,232,10,242,467
02/18/2012,KOA,HI,AWP,WE,Federal Contract Tower,69,16,11,19,115,0,47,30,12,89,69,63,41,31,204,144,47,191,395
02/19/2012,KOA,HI,AWP,WE,Federal Contract Tower,62,17,7,1,87,0,46,23,0,69,62,63,30,1,156,16,0,16,172
02/20/2012,KOA,HI,AWP,WE,Federal Contract Tower,63,11,11,0,85,0,67,50,0,117,63,78,61,0,202,118,6,124,326
02/21/2012,KOA,HI,AWP,WE,Federal Contract Tower,61,19,8,28,116,0,45,59,8,112,61,64,67,36,228,176,94,270,498
02/22/2012,KOA,HI,AWP,WE,Federal Contract Tower,57,23,6,15,101,0,57,40,11,108,57,80,46,26,209,118,88,206,415
02/23/2012,KOA,HI,AWP,WE,Federal Contract Tower,59,20,6,12,97,0,35,48,6,89,59,55,54,18,186,174,26,200,386
02/24/2012,KOA,HI,AWP,WE,Federal Contract Tower,63,23,6,3,95,0,52,45,2,99,63,75,51,5,194,44,24,68,262
02/25/2012,KOA,HI,AWP,WE,Federal Contract Tower,66,18,13,0,97,0,61,47,0,108,66,79,60,0,205,48,0,48,253
02/26/2012,KOA,HI,AWP,WE,Federal Contract Tower,62,16,6,0,84,0,37,35,1,73,62,53,41,1,157,116,0,116,273
02/27/2012,KOA,HI,AWP,WE,Federal Contract Tower,59,19,12,2,92,0,46,49,2,97,59,65,61,4,189,106,26,132,321
02/28/2012,KOA,HI,AWP,WE,Federal Contract Tower,59,22,6,33,120,1,44,41,9,95,60,66,47,42,215,66,96,162,377
02/29/2012,KOA,HI,AWP,WE,Federal Contract Tower,57,25,8,6,96,0,46,32,13,91,57,71,40,19,187,148,76,224,411
03/01/2012,KOA,HI,AWP,WE,Federal Contract Tower,58,26,6,19,109,0,36,36,7,79,58,62,42,26,188,52,62,114,302
03/02/2012,KOA,HI,AWP,WE,Federal Contract Tower,63,25,8,11,107,0,47,39,1,87,63,72,47,12,194,98,34,132,326
03/03/2012,KOA,HI,AWP,WE,Federal Contract Tower,67,14,9,0,90,0,35,31,0,66,67,49,40,0,156,58,0,58,214
03/04/2012,KOA,HI,AWP,WE,Federal Contract Tower,65,14,8,2,89,0,53,16,1,70,65,67,24,3,159,22,0,22,181
03/05/2012,KOA,HI,AWP,WE,Federal Contract Tower,58,40,9,7,114,0,45,48,9,102,58,85,57,16,216,94,42,136,352
03/06/2012,KOA,HI,AWP,WE,Federal Contract Tower,62,23,7,1,93,0,47,40,0,87,62,70,47,1,180,44,0,44,224
03/07/2012,KOA,HI,AWP,WE,Federal Contract Tower,59,23,5,21,108,0,47,59,9,115,59,70,64,30,223,78,44,122,345
03/08/2012,KOA,HI,AWP,WE,Federal Contract Tower,61,28,3,5,97,0,49,30,2,81,61,77,33,7,178,92,50,142,320
03/09/2012,KOA,HI,AWP,WE,Federal Contract Tower,71,24,3,0,98,0,43,19,0,62,71,67,22,0,160,38,0,38,198
03/10/2012,KOA,HI,AWP,WE,Federal Contract Tower,64,19,6,3,92,0,53,22,2,77,64,72,28,5,169,38,20,58,227
03/11/2012,KOA,HI,AWP,WE,Federal Contract Tower,73,12,4,0,89,2,41,20,0,63,75,53,24,0,152,26,0,26,178
03/12/2012,KOA,HI,AWP,WE,Federal Contract Tower,68,19,1,8,96,0,67,46,6,119,68,86,47,14,215,220,74,294,509
03/13/2012,KOA,HI,AWP,WE,Federal Contract Tower,68,21,7,19,115,0,41,27,2,70,68,62,34,21,185,212,96,308,493
03/14/2012,KOA,HI,AWP,WE,Federal Contract Tower,65,25,4,23,117,0,61,58,6,125,65,86,62,29,242,166,52,218,460
03/15/2012,KOA,HI,AWP,WE,Federal Contract Tower,70,22,6,16,114,0,44,44,5,93,70,66,50,21,207,118,74,192,399
03/16/2012,KOA,HI,AWP,WE,Federal Contract Tower,70,33,4,14,121,0,34,34,14,82,70,67,38,28,203,138,88,226,429
03/17/2012,KOA,HI,AWP,WE,Federal Contract Tower,73,21,10,7,111,0,45,30,2,77,73,66,40,9,188,44,14,58,246
03/18/2012,KOA,HI,AWP,WE,Federal Contract Tower,74,20,8,1,103,0,47,13,0,60,74,67,21,1,163,16,0,16,179
03/19/2012,KOA,HI,AWP,WE,Federal Contract Tower,65,27,3,7,102,0,56,42,0,98,65,83,45,7,200,96,0,96,296
03/20/2012,KOA,HI,AWP,WE,Federal Contract Tower,68,22,3,6,99,0,33,31,2,66,68,55,34,8,165,82,8,90,255
03/21/2012,KOA,HI,AWP,WE,Federal Contract Tower,64,22,8,6,100,0,44,34,5,83,64,66,42,11,183,174,0,174,357
03/22/2012,KOA,HI,AWP,WE,Federal Contract Tower,68,24,4,1,97,0,43,27,2,72,68,67,31,3,169,138,4,142,311
03/23/2012,KOA,HI,AWP,WE,Federal Contract Tower,72,18,6,19,115,0,45,38,2,85,72,63,44,21,200,114,32,146,346
03/24/2012,KOA,HI,AWP,WE,Federal Contract Tower,70,29,16,0,115,0,40,44,0,84,70,69,60,0,199,66,0,66,265
03/25/2012,KOA,HI,AWP,WE,Federal Contract Tower,71,17,10,0,98,0,46,33,0,79,71,63,43,0,177,30,0,30,207
03/26/2012,KOA,HI,AWP,WE,Federal Contract Tower,64,23,9,19,115,0,43,36,7,86,64,66,45,26,201,72,64,136,337
03/27/2012,KOA,HI,AWP,WE,Federal Contract Tower,66,24,5,17,112,0,43,24,8,75,66,67,29,25,187,100,30,130,317
03/28/2012,KOA,HI,AWP,WE,Federal Contract Tower,65,16,8,12,101,0,51,34,2,87,65,67,42,14,188,126,24,150,338
03/29/2012,KOA,HI,AWP,WE,Federal Contract Tower,66,24,12,22,124,0,48,50,5,103,66,72,62,27,227,54,32,86,313
03/30/2012,KOA,HI,AWP,WE,Federal Contract Tower,67,32,8,21,128,0,35,36,0,71,67,67,44,21,199,76,0,76,275
03/31/2012,KOA,HI,AWP,WE,Federal Contract Tower,73,22,10,0,105,0,42,40,0,82,73,64,50,0,187,42,0,42,229
04/01/2012,KOA,HI,AWP,WE,Federal Contract Tower,65,19,7,0,91,0,40,35,0,75,65,59,42,0,166,84,0,84,250
04/02/2012,KOA,HI,AWP,WE,Federal Contract Tower,65,21,7,12,105,0,44,50,0,94,65,65,57,12,199,132,10,142,341
04/03/2012,KOA,HI,AWP,WE,Federal Contract Tower,62,25,5,17,109,0,41,35,3,79,62,66,40,20,188,114,18,132,320
04/04/2012,KOA,HI,AWP,WE,Federal Contract Tower,62,25,15,18,120,0,39,55,0,94,62,64,70,18,214,66,38,104,318
04/05/2012,KOA,HI,AWP,WE,Federal Contract Tower,67,26,13,6,112,0,38,30,1,69,67,64,43,7,181,120,6,126,307
04/06/2012,KOA,HI,AWP,WE,Federal Contract Tower,68,21,11,8,108,0,40,50,2,92,68,61,61,10,200,76,8,84,284
04/07/2012,KOA,HI,AWP,WE,Federal Contract Tower,72,20,13,1,106,0,52,30,1,83,72,72,43,2,189,52,0,52,241
04/08/2012,KOA,HI,AWP,WE,Federal Contract Tower,69,21,10,0,100,0,37,16,0,53,69,58,26,0,153,18,0,18,171
04/09/2012,KOA,HI,AWP,WE,Federal Contract Tower,66,18,4,12,100,0,39,38,2,79,66,57,42,14,179,230,12,242,421
04/10/2012,KOA,HI,AWP,WE,Federal Contract Tower,62,20,8,28,118,0,47,40,10,97,62,67,48,38,215,88,74,162,377
04/11/2012,KOA,HI,AWP,WE,Federal Contract Tower,58,16,8,0,82,0,45,24,0,69,58,61,32,0,151,74,0,74,225
04/12/2012,KOA,HI,AWP,WE,Federal Contract Tower,61,18,9,13,101,0,43,49,1,93,61,61,58,14,194,176,8,184,378
04/13/2012,KOA,HI,AWP,WE,Federal Contract Tower,69,21,14,13,117,0,41,32,3,76,69,62,46,16,193,86,30,116,309
04/14/2012,KOA,HI,AWP,WE,Federal Contract Tower,73,18,15,3,109,0,44,38,1,83,73,62,53,4,192,116,0,116,308
04/15/2012,KOA,HI,AWP,WE,Federal Contract Tower,64,15,9,1,89,0,47,21,0,68,64,62,30,1,157,6,5,11,168
04/16/2012,KOA,HI,AWP,WE,Federal Contract Tower,65,17,4,12,98,2,44,30,15,91,67,61,34,27,189,142,86,228,417
04/17/2012,KOA,HI,AWP,WE,Federal Contract Tower,62,17,3,22,104,1,48,31,5,85,63,65,34,27,189,88,86,174,363
04/18/2012,KOA,HI,AWP,WE,Federal Contract Tower,60,16,6,22,104,0,39,42,10,91,60,55,48,32,195,166,106,272,467
04/19/2012,KOA,HI,AWP,WE,Federal Contract Tower,65,18,4,15,102,0,40,22,9,71,65,58,26,24,173,82,66,148,321
04/20/2012,KOA,HI,AWP,WE,Federal Contract Tower,67,21,4,15,107,0,39,34,7,80,67,60,38,22,187,118,93,211,398
04/21/2012,KOA,HI,AWP,WE,Federal Contract Tower,66,19,4,0,89,0,45,41,0,86,66,64,45,0,175,28,0,28,203
04/22/2012,KOA,HI,AWP,WE,Federal Contract Tower,66,14,6,0,86,0,42,23,0,65,66,56,29,0,151,14,0,14,165
04/23/2012,KOA,HI,AWP,WE,Federal Contract Tower,64,16,4,20,104,0,43,41,8,92,64,59,45,28,196,142,30,172,368
04/24/2012,KOA,HI,AWP,WE,Federal Contract Tower,62,20,7,12,101,0,44,41,3,88,62,64,48,15,189,112,34,146,335
04/25/2012,KOA,HI,AWP,WE,Federal Contract Tower,60,26,3,21,110,0,70,56,3,129,60,96,59,24,239,114,64,178,417
04/26/2012,KOA,HI,AWP,WE,Federal Contract Tower,65,19,6,23,113,0,48,41,7,96,65,67,47,30,209,68,88,156,365
04/27/2012,KOA,HI,AWP,WE,Federal Contract Tower,68,19,1,7,95,0,49,29,7,85,68,68,30,14,180,4,18,22,202
04/28/2012,KOA,HI,AWP,WE,Federal Contract Tower,67,17,2,6,92,0,44,31,4,79,67,61,33,10,171,48,6,54,225
04/29/2012,KOA,HI,AWP,WE,Federal Contract Tower,66,14,2,0,82,0,33,27,0,60,66,47,29,0,142,52,0,52,194
04/30/2012,KOA,HI,AWP,WE,Federal Contract Tower,62,13,5,10,90,0,37,38,7,82,62,50,43,17,172,98,48,146,318
05/01/2012,KOA,HI,AWP,WE,Federal Contract Tower,59,19,4,36,118,0,35,40,4,79,59,54,44,40,197,120,66,186,383
05/02/2012,KOA,HI,AWP,WE,Federal Contract Tower,57,16,10,22,105,0,46,46,2,94,57,62,56,24,199,142,50,192,391
05/03/2012,KOA,HI,AWP,WE,Federal Contract Tower,59,23,4,13,99,0,42,16,0,58,59,65,20,13,157,34,65,99,256
05/04/2012,KOA,HI,AWP,WE,Federal Contract Tower,63,17,7,1,88,0,46,32,0,78,63,63,39,1,166,52,8,60,226
05/05/2012,KOA,HI,AWP,WE,Federal Contract Tower,62,17,5,0,84,0,47,28,0,75,62,64,33,0,159,70,0,70,229
05/06/2012,KOA,HI,AWP,WE,Federal Contract Tower,62,13,6,0,81,0,37,34,0,71,62,50,40,0,152,68,0,68,220
05/07/2012,KOA,HI,AWP,WE,Federal Contract Tower,60,18,3,6,87,0,37,36,2,75,60,55,39,8,162,194,26,220,382
05/08/2012,KOA,HI,AWP,WE,Federal Contract Tower,59,15,5,16,95,0,40,48,3,91,59,55,53,19,186,200,6,206,392
05/09/2012,KOA,HI,AWP,WE,Federal Contract Tower,60,12,7,15,94,0,58,54,5,117,60,70,61,20,211,270,34,304,515
05/10/2012,KOA,HI,AWP,WE,Federal Contract Tower,59,17,4,14,94,6,50,38,5,99,65,67,42,19,193,230,66,296,489
05/11/2012,KOA,HI,AWP,WE,Federal Contract Tower,68,20,5,2,95,0,51,65,5,121,68,71,70,7,216,296,34,330,546
05/12/2012,KOA,HI,AWP,WE,Federal Contract Tower,61,18,9,0,88,0,45,40,0,85,61,63,49,0,173,54,0,54,227
05/13/2012,KOA,HI,AWP,WE,Federal Contract Tower,62,13,5,0,80,0,39,32,2,73,62,52,37,2,153,20,2,22,175
05/14/2012,KOA,HI,AWP,WE,Federal Contract Tower,61,17,2,17,97,0,38,48,5,91,61,55,50,22,188,100,38,138,326
05/15/2012,KOA,HI,AWP,WE,Federal Contract Tower,60,18,3,2,83,0,43,47,2,92,60,61,50,4,175,132,24,156,331
05/16/2012,KOA,HI,AWP,WE,Federal Contract Tower,58,15,8,10,91,0,43,50,9,102,58,58,58,19,193,178,68,246,439
05/17/2012,KOA,HI,AWP,WE,Federal Contract Tower,59,19,11,9,98,0,41,38,2,81,59,60,49,11,179,254,74,328,507
05/18/2012,KOA,HI,AWP,WE,Federal Contract Tower,68,26,5,1,100,0,42,52,1,95,68,68,57,2,195,188,16,204,399
05/19/2012,KOA,HI,AWP,WE,Federal Contract Tower,63,15,3,7,88,0,32,47,2,81,63,47,50,9,169,110,8,118,287
05/20/2012,KOA,HI,AWP,WE,Federal Contract Tower,63,9,4,0,76,0,40,19,0,59,63,49,23,0,135,6,0,6,141
05/21/2012,KOA,HI,AWP,WE,Federal Contract Tower,59,21,5,4,89,0,50,36,2,88,59,71,41,6,177,82,30,112,289
05/22/2012,KOA,HI,AWP,WE,Federal Contract Tower,58,17,0,16,91,0,40,28,8,76,58,57,28,24,167,202,58,260,427
05/23/2012,KOA,HI,AWP,WE,Federal Contract Tower,61,19,1,18,99,0,50,28,6,84,61,69,29,24,183,94,28,122,305
05/24/2012,KOA,HI,AWP,WE,Federal Contract Tower,60,18,3,18,99,0,50,54,5,109,60,68,57,23,208,180,12,192,400
05/25/2012,KOA,HI,AWP,WE,Federal Contract Tower,66,27,5,2,100,0,43,48,8,99,66,70,53,10,199,154,0,154,353
05/26/2012,KOA,HI,AWP,WE,Federal Contract Tower,65,18,6,0,89,0,43,26,0,69,65,61,32,0,158,58,0,58,216
05/27/2012,KOA,HI,AWP,WE,Federal Contract Tower,59,13,3,4,79,0,36,15,0,51,59,49,18,4,130,24,2,26,156
05/28/2012,KOA,HI,AWP,WE,Federal Contract Tower,64,10,9,1,84,0,43,51,0,94,64,53,60,1,178,188,0,188,366
05/29/2012,KOA,HI,AWP,WE,Federal Contract Tower,60,13,0,9,82,0,39,45,3,87,60,52,45,12,169,242,52,294,463
05/30/2012,KOA,HI,AWP,WE,Federal Contract Tower,57,16,4,2,79,0,43,54,6,103,57,59,58,8,182,172,34,206,388
05/31/2012,KOA,HI,AWP,WE,Federal Contract Tower,59,18,8,4,89,0,31,44,5,80,59,49,52,9,169,246,40,286,455
06/01/2012,KOA,HI,AWP,WE,Federal Contract Tower,72,19,4,4,99,0,47,62,2,111,72,66,66,6,210,186,8,194,404
06/02/2012,KOA,HI,AWP,WE,Federal Contract Tower,69,17,4,0,90,0,22,14,3,39,69,39,18,3,129,50,0,50,179
06/03/2012,KOA,HI,AWP,WE,Federal Contract Tower,67,14,5,0,86,0,42,11,3,56,67,56,16,3,142,0,0,0,142
06/04/2012,KOA,HI,AWP,WE,Federal Contract Tower,64,17,1,5,87,0,36,46,4,86,64,53,47,9,173,182,26,208,381
06/05/2012,KOA,HI,AWP,WE,Federal Contract Tower,62,15,2,15,94,0,39,34,1,74,62,54,36,16,168,214,76,290,458
06/06/2012,KOA,HI,AWP,WE,Federal Contract Tower,61,17,8,15,101,0,59,49,4,112,61,76,57,19,213,214,48,262,475
06/07/2012,KOA,HI,AWP,WE,Federal Contract Tower,71,19,8,9,107,0,51,56,7,114,71,70,64,16,221,206,48,254,475
06/08/2012,KOA,HI,AWP,WE,Federal Contract Tower,76,16,4,12,108,0,48,67,4,119,76,64,71,16,227,166,42,208,435
06/09/2012,KOA,HI,AWP,WE,Federal Contract Tower,73,16,6,4,99,0,41,34,0,75,73,57,40,4,174,58,12,70,244
06/10/2012,KOA,HI,AWP,WE,Federal Contract Tower,73,19,6,0,98,0,44,22,0,66,73,63,28,0,164,26,0,26,190
06/11/2012,KOA,HI,AWP,WE,Federal Contract Tower,68,16,3,8,95,0,40,38,0,78,68,56,41,8,173,108,0,108,281
06/12/2012,KOA,HI,AWP,WE,Federal Contract Tower,63,15,3,16,97,0,41,52,0,93,63,56,55,16,190,160,28,188,378
06/13/2012,KOA,HI,AWP,WE,Federal Contract Tower,67,13,4,23,107,0,53,53,12,118,67,66,57,35,225,170,126,296,521
06/14/2012,KOA,HI,AWP,WE,Federal Contract Tower,71,17,12,15,115,0,46,54,2,102,71,63,66,17,217,178,26,204,421
06/15/2012,KOA,HI,AWP,WE,Federal Contract Tower,77,18,2,0,97,0,66,61,0,127,77,84,63,0,224,194,6,200,424
06/16/2012,KOA,HI,AWP,WE,Federal Contract Tower,72,21,6,4,103,0,35,21,0,56,72,56,27,4,159,66,0,66,225
06/17/2012,KOA,HI,AWP,WE,Federal Contract Tower,73,15,4,0,92,0,37,12,0,49,73,52,16,0,141,24,0,24,165
06/18/2012,KOA,HI,AWP,WE,Federal Contract Tower,67,19,3,30,119,2,52,52,2,108,69,71,55,32,227,304,18,322,549
06/19/2012,KOA,HI,AWP,WE,Federal Contract Tower,68,20,9,7,104,0,46,27,2,75,68,66,36,9,179,244,34,278,457
06/20/2012,KOA,HI,AWP,WE,Federal Contract Tower,59,20,6,10,95,0,33,42,0,75,59,53,48,10,170,150,18,168,338
06/21/2012,KOA,HI,AWP,WE,Federal Contract Tower,69,21,4,16,110,0,59,55,4,118,69,80,59,20,228,202,42,244,472
06/22/2012,KOA,HI,AWP,WE,Federal Contract Tower,75,29,3,17,124,0,57,52,5,114,75,86,55,22,238,178,84,262,500
06/23/2012,KOA,HI,AWP,WE,Federal Contract Tower,69,25,3,0,97,0,44,27,0,71,69,69,30,0,168,70,0,70,238
06/24/2012,KOA,HI,AWP,WE,Federal Contract Tower,69,17,4,0,90,0,32,9,0,41,69,49,13,0,131,4,0,4,135
06/25/2012,KOA,HI,AWP,WE,Federal Contract Tower,69,17,5,4,95,0,40,44,2,86,69,57,49,6,181,190,0,190,371
06/26/2012,KOA,HI,AWP,WE,Federal Contract Tower,62,28,9,12,111,0,39,33,6,78,62,67,42,18,189,254,66,320,509
06/27/2012,KOA,HI,AWP,WE,Federal Contract Tower,64,18,9,2,93,0,53,76,2,131,64,71,85,4,224,212,0,212,436
06/28/2012,KOA,HI,AWP,WE,Federal Contract Tower,69,28,12,12,121,0,43,55,5,103,69,71,67,17,224,216,28,244,468
06/29/2012,KOA,HI,AWP,WE,Federal Contract Tower,73,16,8,4,101,0,48,51,2,101,73,64,59,6,202,170,16,186,388
06/30/2012,KOA,HI,AWP,WE,Federal Contract Tower,71,20,15,0,106,0,41,40,0,81,71,61,55,0,187,140,0,140,327
07/01/2012,KOA,HI,AWP,WE,Federal Contract Tower,72,13,5,0,90,0,43,30,1,74,72,56,35,1,164,66,0,66,230
07/02/2012,KOA,HI,AWP,WE,Federal Contract Tower,69,15,6,5,95,0,42,44,0,86,69,57,50,5,181,180,16,196,377
07/03/2012,KOA,HI,AWP,WE,Federal Contract Tower,68,20,12,15,115,0,38,52,3,93,68,58,64,18,208,144,64,208,416
07/04/2012,KOA,HI,AWP,WE,Federal Contract Tower,64,18,4,1,87,0,55,67,2,124,64,73,71,3,211,108,0,108,319
07/05/2012,KOA,HI,AWP,WE,Federal Contract Tower,68,19,11,15,113,0,52,62,15,129,68,71,73,30,242,264,40,304,546
07/06/2012,KOA,HI,AWP,WE,Federal Contract Tower,72,23,9,13,117,0,41,60,0,101,72,64,69,13,218,196,14,210,428
07/07/2012,KOA,HI,AWP,WE,Federal Contract Tower,72,28,11,12,123,0,45,37,6,88,72,73,48,18,211,72,0,72,283
07/08/2012,KOA,HI,AWP,WE,Federal Contract Tower,70,17,7,1,95,0,38,26,0,64,70,55,33,1,159,82,0,82,241
07/09/2012,KOA,HI,AWP,WE,Federal Contract Tower,67,22,5,5,99,0,42,63,3,108,67,64,68,8,207,166,0,166,373
07/10/2012,KOA,HI,AWP,WE,Federal Contract Tower,62,19,4,11,96,0,42,41,5,88,62,61,45,16,184,80,6,86,270
07/11/2012,KOA,HI,AWP,WE,Federal Contract Tower,64,16,5,3,88,0,50,51,1,102,64,66,56,4,190,180,16,196,386
07/12/2012,KOA,HI,AWP,WE,Federal Contract Tower,68,25,4,2,99,0,52,59,1,112,68,77,63,3,211,200,28,228,439
07/13/2012,KOA,HI,AWP,WE,Federal Contract Tower,75,21,3,19,118,0,54,61,3,118,75,75,64,22,236,198,26,224,460
07/14/2012,KOA,HI,AWP,WE,Federal Contract Tower,73,24,4,2,103,0,47,43,7,97,73,71,47,9,200,112,0,112,312
07/15/2012,KOA,HI,AWP,WE,Federal Contract Tower,73,17,5,0,95,0,45,24,4,73,73,62,29,4,168,12,0,12,180
07/16/2012,KOA,HI,AWP,WE,Federal Contract Tower,70,17,6,6,99,0,44,44,8,96,70,61,50,14,195,204,12,216,411
07/17/2012,KOA,HI,AWP,WE,Federal Contract Tower,67,21,3,3,94,0,53,35,24,112,67,74,38,27,206,110,30,140,346
07/18/2012,KOA,HI,AWP,WE,Federal Contract Tower,65,21,6,6,98,0,49,49,15,113,65,70,55,21,211,118,20,138,349
07/19/2012,KOA,HI,AWP,WE,Federal Contract Tower,67,13,9,39,128,0,47,55,13,115,67,60,64,52,243,196,90,286,529
07/20/2012,KOA,HI,AWP,WE,Federal Contract Tower,74,23,5,1,103,0,54,56,0,110,74,77,61,1,213,210,0,210,423
07/21/2012,KOA,HI,AWP,WE,Federal Contract Tower,71,21,2,5,99,0,44,19,15,78,71,65,21,20,177,32,0,32,209
07/22/2012,KOA,HI,AWP,WE,Federal Contract Tower,69,13,5,0,87,0,43,38,10,91,69,56,43,10,178,26,0,26,204
07/23/2012,KOA,HI,AWP,WE,Federal Contract Tower,66,17,5,13,101,0,40,56,6,102,66,57,61,19,203,168,6,174,377
07/24/2012,KOA,HI,AWP,WE,Federal Contract Tower,66,14,5,3,88,0,54,70,29,153,66,68,75,32,241,156,0,156,397
07/25/2012,KOA,HI,AWP,WE,Federal Contract Tower,67,16,6,8,97,0,60,54,9,123,67,76,60,17,220,166,12,178,398
07/26/2012,KOA,HI,AWP,WE,Federal Contract Tower,69,18,6,8,101,0,63,65,3,131,69,81,71,11,232,230,44,274,506
07/27/2012,KOA,HI,AWP,WE,Federal Contract Tower,73,19,6,3,101,0,47,49,2,98,73,66,55,5,199,130,20,150,349
07/28/2012,KOA,HI,AWP,WE,Federal Contract Tower,71,18,6,4,99,0,45,23,3,71,71,63,29,7,170,30,8,38,208
07/29/2012,KOA,HI,AWP,WE,Federal Contract Tower,71,16,5,1,93,0,56,17,0,73,71,72,22,1,166,70,0,70,236
07/30/2012,KOA,HI,AWP,WE,Federal Contract Tower,68,16,5,14,103,0,48,42,2,92,68,64,47,16,195,84,14,98,293
07/31/2012,KOA,HI,AWP,WE,Federal Contract Tower,66,13,11,19,109,0,54,34,8,96,66,67,45,27,205,112,64,176,381
08/01/2012,KOA,HI,AWP,WE,Federal Contract Tower,64,19,9,28,120,0,70,35,8,113,64,89,44,36,233,116,60,176,409
08/02/2012,KOA,HI,AWP,WE,Federal Contract Tower,68,23,2,30,123,0,55,53,22,130,68,78,55,52,253,170,86,256,509
08/03/2012,KOA,HI,AWP,WE,Federal Contract Tower,73,26,6,11,116,0,60,56,1,117,73,86,62,12,233,178,20,198,431
08/04/2012,KOA,HI,AWP,WE,Federal Contract Tower,74,20,4,0,98,0,55,24,0,79,74,75,28,0,177,74,0,74,251
08/05/2012,KOA,HI,AWP,WE,Federal Contract Tower,72,18,9,0,99,0,45,16,4,65,72,63,25,4,164,17,0,17,181
08/06/2012,KOA,HI,AWP,WE,Federal Contract Tower,67,17,6,12,102,0,42,42,16,100,67,59,48,28,202,70,28,98,300
08/07/2012,KOA,HI,AWP,WE,Federal Contract Tower,67,17,3,6,93,0,46,44,7,97,67,63,47,13,190,86,44,130,320
08/08/2012,KOA,HI,AWP,WE,Federal Contract Tower,65,16,7,14,102,0,60,50,1,111,65,76,57,15,213,316,14,330,543
08/09/2012,KOA,HI,AWP,WE,Federal Contract Tower,67,18,4,10,99,0,55,64,4,123,67,73,68,14,222,182,20,202,424
08/10/2012,KOA,HI,AWP,WE,Federal Contract Tower,74,23,3,1,101,0,57,55,0,112,74,80,58,1,213,138,18,156,369
08/11/2012,KOA,HI,AWP,WE,Federal Contract Tower,70,21,6,1,98,0,54,35,0,89,70,75,41,1,187,102,0,102,289
08/12/2012,KOA,HI,AWP,WE,Federal Contract Tower,74,19,10,0,103,0,57,27,0,84,74,76,37,0,187,56,0,56,243
08/13/2012,KOA,HI,AWP,WE,Federal Contract Tower,67,17,3,33,120,0,55,44,13,112,67,72,47,46,232,138,76,214,446
08/14/2012,KOA,HI,AWP,WE,Federal Contract Tower,64,15,6,41,126,0,46,40,10,96,64,61,46,51,222,148,90,238,460
08/15/2012,KOA,HI,AWP,WE,Federal Contract Tower,67,17,8,18,110,49,42,5,0,96,116,59,13,18,206,104,38,142,348
08/16/2012,KOA,HI,AWP,WE,Federal Contract Tower,66,25,3,25,119,0,53,40,3,96,66,78,43,28,215,170,48,218,433
08/17/2012,KOA,HI,AWP,WE,Federal Contract Tower,72,22,7,25,126,0,45,42,8,95,72,67,49,33,221,130,24,154,375
08/18/2012,KOA,HI,AWP,WE,Federal Contract Tower,69,21,4,0,94,0,53,15,0,68,69,74,19,0,162,22,0,22,184
08/19/2012,KOA,HI,AWP,WE,Federal Contract Tower,68,17,9,0,94,0,49,26,0,75,68,66,35,0,169,2,0,2,171
08/20/2012,KOA,HI,AWP,WE,Federal Contract Tower,59,18,6,0,83,0,46,47,0,93,59,64,53,0,176,90,0,90,266
08/21/2012,KOA,HI,AWP,WE,Federal Contract Tower,67,25,3,16,111,0,63,43,9,115,67,88,46,25,226,140,82,222,448
08/22/2012,KOA,HI,AWP,WE,Federal Contract Tower,57,16,6,21,100,0,56,48,15,119,57,72,54,36,219,118,38,156,375
08/23/2012,KOA,HI,AWP,WE,Federal Contract Tower,62,16,5,7,90,0,55,43,7,105,62,71,48,14,195,170,74,244,439
08/24/2012,KOA,HI,AWP,WE,Federal Contract Tower,67,20,4,3,94,0,64,44,4,112,67,84,48,7,206,176,40,216,422
08/25/2012,KOA,HI,AWP,WE,Federal Contract Tower,65,19,9,1,94,0,47,30,0,77,65,66,39,1,171,34,0,34,205
08/26/2012,KOA,HI,AWP,WE,Federal Contract Tower,64,19,4,0,87,0,49,15,1,65,64,68,19,1,152,18,0,18,170
08/27/2012,KOA,HI,AWP,WE,Federal Contract Tower,59,20,8,2,89,0,48,46,0,94,59,68,54,2,183,130,0,130,313
08/28/2012,KOA,HI,AWP,WE,Federal Contract Tower,54,22,6,15,97,0,37,38,14,89,54,59,44,29,186,88,62,150,336
08/29/2012,KOA,HI,AWP,WE,Federal Contract Tower,55,13,9,21,98,0,51,29,8,88,55,64,38,29,186,50,72,122,308
08/30/2012,KOA,HI,AWP,WE,Federal Contract Tower,57,20,5,9,91,0,56,38,3,97,57,76,43,12,188,60,8,68,256
08/31/2012,KOA,HI,AWP,WE,Federal Contract Tower,65,26,13,9,113,1,58,37,1,97,66,84,50,10,210,26,10,36,246
09/01/2012,KOA,HI,AWP,WE,Federal Contract Tower,54,20,6,4,84,0,49,36,1,86,54,69,42,5,170,22,12,34,204
09/02/2012,KOA,HI,AWP,WE,Federal Contract Tower,58,14,7,0,79,0,45,21,0,66,58,59,28,0,145,20,0,20,165
09/03/2012,KOA,HI,AWP,WE,Federal Contract Tower,58,23,10,0,91,0,48,39,1,88,58,71,49,1,179,170,0,170,349
09/04/2012,KOA,HI,AWP,WE,Federal Contract Tower,53,17,8,10,88,0,46,28,2,76,53,63,36,12,164,106,20,126,290
09/05/2012,KOA,HI,AWP,WE,Federal Contract Tower,53,13,11,22,99,3,50,40,9,102,56,63,51,31,201,118,52,170,371
09/06/2012,KOA,HI,AWP,WE,Federal Contract Tower,54,18,1,21,94,0,37,32,5,74,54,55,33,26,168,120,30,150,318
09/07/2012,KOA,HI,AWP,WE,Federal Contract Tower,62,25,4,3,94,0,42,44,4,90,62,67,48,7,184,100,22,122,306
09/08/2012,KOA,HI,AWP,WE,Federal Contract Tower,56,18,4,7,85,0,38,37,2,77,56,56,41,9,162,38,22,60,222
09/09/2012,KOA,HI,AWP,WE,Federal Contract Tower,58,17,5,0,80,0,40,34,1,75,58,57,39,1,155,10,0,10,165
09/10/2012,KOA,HI,AWP,WE,Federal Contract Tower,54,16,5,7,82,0,40,40,2,82,54,56,45,9,164,130,18,148,312
09/11/2012,KOA,HI,AWP,WE,Federal Contract Tower,51,14,2,13,80,0,40,25,9,74,51,54,27,22,154,180,22,202,356
09/12/2012,KOA,HI,AWP,WE,Federal Contract Tower,50,20,11,9,90,0,46,38,10,94,50,66,49,19,184,116,24,140,324
09/13/2012,KOA,HI,AWP,WE,Federal Contract Tower,54,23,3,19,99,0,46,34,4,84,54,69,37,23,183,120,20,140,323
09/14/2012,KOA,HI,AWP,WE,Federal Contract Tower,62,20,2,0,84,0,60,47,0,107,62,80,49,0,191,136,4,140,331
09/15/2012,KOA,HI,AWP,WE,Federal Contract Tower,53,24,2,2,81,0,45,26,2,73,53,69,28,4,154,28,0,28,182
09/16/2012,KOA,HI,AWP,WE,Federal Contract Tower,56,21,4,0,81,0,50,20,0,70,56,71,24,0,151,0,0,0,151
09/17/2012,KOA,HI,AWP,WE,Federal Contract Tower,55,17,6,11,89,0,36,32,2,70,55,53,38,13,159,66,20,86,245
09/18/2012,KOA,HI,AWP,WE,Federal Contract Tower,51,17,4,14,86,0,37,30,5,72,51,54,34,19,158,106,24,130,288
09/19/2012,KOA,HI,AWP,WE,Federal Contract Tower,52,21,3,15,91,0,61,48,8,117,52,82,51,23,208,272,38,310,518
09/20/2012,KOA,HI,AWP,WE,Federal Contract Tower,53,27,8,26,114,0,54,47,1,102,53,81,55,27,216,290,44,334,550
09/21/2012,KOA,HI,AWP,WE,Federal Contract Tower,61,27,5,6,99,0,51,46,2,99,61,78,51,8,198,152,10,162,360
09/22/2012,KOA,HI,AWP,WE,Federal Contract Tower,55,22,7,1,85,0,42,28,0,70,55,64,35,1,155,116,0,116,271
09/23/2012,KOA,HI,AWP,WE,Federal Contract Tower,58,17,2,1,78,0,44,15,0,59,58,61,17,1,137,24,0,24,161
09/24/2012,KOA,HI,AWP,WE,Federal Contract Tower,56,18,4,5,83,0,46,48,0,94,56,64,52,5,177,110,20,130,307
09/25/2012,KOA,HI,AWP,WE,Federal Contract Tower,55,30,8,5,98,0,45,58,3,106,55,75,66,8,204,158,12,170,374
09/26/2012,KOA,HI,AWP,WE,Federal Contract Tower,54,22,2,1,79,0,55,56,4,115,54,77,58,5,194,172,6,178,372
09/27/2012,KOA,HI,AWP,WE,Federal Contract Tower,53,23,5,3,84,0,46,36,2,84,53,69,41,5,168,118,6,124,292
09/28/2012,KOA,HI,AWP,WE,Federal Contract Tower,60,20,4,0,84,0,53,52,2,107,60,73,56,2,191,176,16,192,383
09/29/2012,KOA,HI,AWP,WE,Federal Contract Tower,52,19,4,1,76,0,43,23,0,66,52,62,27,1,142,40,0,40,182
09/30/2012,KOA,HI,AWP,WE,Federal Contract Tower,54,12,8,0,74,0,35,16,0,51,54,47,24,0,125,54,0,54,179
10/01/2012,KOA,HI,AWP,WE,Federal Contract Tower,57,17,5,8,87,0,44,31,2,77,57,61,36,10,164,56,32,88,252
10/02/2012,KOA,HI,AWP,WE,Federal Contract Tower,52,17,6,18,93,0,50,35,7,92,52,67,41,25,185,106,10,116,301
10/03/2012,KOA,HI,AWP,WE,Federal Contract Tower,55,17,6,4,82,0,64,36,6,106,55,81,42,10,188,154,4,158,346
10/04/2012,KOA,HI,AWP,WE,Federal Contract Tower,57,28,6,17,108,6,49,53,17,125,63,77,59,34,233,150,58,208,441
10/05/2012,KOA,HI,AWP,WE,Federal Contract Tower,63,25,5,15,108,0,52,50,2,104,63,77,55,17,212,120,52,172,384
10/06/2012,KOA,HI,AWP,WE,Federal Contract Tower,57,23,8,0,88,0,49,23,0,72,57,72,31,0,160,8,0,8,168
10/07/2012,KOA,HI,AWP,WE,Federal Contract Tower,55,16,6,1,78,0,45,25,0,70,55,61,31,1,148,0,0,0,148
10/08/2012,KOA,HI,AWP,WE,Federal Contract Tower,60,15,2,0,77,0,48,33,0,81,60,63,35,0,158,50,0,50,208
10/09/2012,KOA,HI,AWP,WE,Federal Contract Tower,55,14,5,3,77,0,44,34,3,81,55,58,39,6,158,182,36,218,376
10/10/2012,KOA,HI,AWP,WE,Federal Contract Tower,58,22,7,11,98,0,63,54,10,127,58,85,61,21,225,126,50,176,401
10/11/2012,KOA,HI,AWP,WE,Federal Contract Tower,56,20,9,22,107,0,64,62,8,134,56,84,71,30,241,166,52,218,459
10/12/2012,KOA,HI,AWP,WE,Federal Contract Tower,62,23,8,9,102,0,61,42,3,106,62,84,50,12,208,98,28,126,334
10/13/2012,KOA,HI,AWP,WE,Federal Contract Tower,55,19,3,0,77,1,40,31,0,72,56,59,34,0,149,24,0,24,173
10/14/2012,KOA,HI,AWP,WE,Federal Contract Tower,58,19,8,1,86,0,65,13,0,78,58,84,21,1,164,0,6,6,170
10/15/2012,KOA,HI,AWP,WE,Federal Contract Tower,65,26,8,8,107,0,58,34,1,93,65,84,42,9,200,154,0,154,354
10/16/2012,KOA,HI,AWP,WE,Federal Contract Tower,53,22,3,18,96,0,41,40,12,93,53,63,43,30,189,140,72,212,401
10/17/2012,KOA,HI,AWP,WE,Federal Contract Tower,55,18,5,10,88,0,53,46,6,105,55,71,51,16,193,230,24,254,447
10/18/2012,KOA,HI,AWP,WE,Federal Contract Tower,57,24,3,5,89,0,66,37,3,106,57,90,40,8,195,150,22,172,367
10/19/2012,KOA,HI,AWP,WE,Federal Contract Tower,63,25,7,8,103,0,62,40,9,111,63,87,47,17,214,162,26,188,402
10/20/2012,KOA,HI,AWP,WE,Federal Contract Tower,56,36,4,3,99,1,54,24,0,79,57,90,28,3,178,62,0,62,240
10/21/2012,KOA,HI,AWP,WE,Federal Contract Tower,59,14,4,1,78,5,57,26,0,88,64,71,30,1,166,118,0,118,284
10/22/2012,KOA,HI,AWP,WE,Federal Contract Tower,57,18,4,27,106,2,49,51,1,103,59,67,55,28,209,144,20,164,373
10/23/2012,KOA,HI,AWP,WE,Federal Contract Tower,54,14,6,8,82,6,44,43,5,98,60,58,49,13,180,146,42,188,368
10/24/2012,KOA,HI,AWP,WE,Federal Contract Tower,56,26,7,15,104,0,52,45,7,104,56,78,52,22,208,146,92,238,446
10/25/2012,KOA,HI,AWP,WE,Federal Contract Tower,58,22,6,2,88,2,52,42,5,101,60,74,48,7,189,92,50,142,331
10/26/2012,KOA,HI,AWP,WE,Federal Contract Tower,63,21,8,2,94,5,67,65,4,141,68,88,73,6,235,122,6,128,363
10/27/2012,KOA,HI,AWP,WE,Federal Contract Tower,56,22,4,0,82,2,65,19,0,86,58,87,23,0,168,18,0,18,186
10/28/2012,KOA,HI,AWP,WE,Federal Contract Tower,58,20,6,0,84,0,57,18,0,75,58,77,24,0,159,0,0,0,159
10/29/2012,KOA,HI,AWP,WE,Federal Contract Tower,56,20,9,21,106,2,60,50,12,124,58,80,59,33,230,154,58,212,442
10/30/2012,KOA,HI,AWP,WE,Federal Contract Tower,47,19,9,3,78,0,57,30,4,91,47,76,39,7,169,216,28,244,413
10/31/2012,KOA,HI,AWP,WE,Federal Contract Tower,55,19,6,9,89,2,70,46,5,123,57,89,52,14,212,156,44,200,412
11/01/2012,KOA,HI,AWP,WE,Federal Contract Tower,56,21,4,11,92,6,56,53,2,117,62,77,57,13,209,136,28,164,373
11/02/2012,KOA,HI,AWP,WE,Federal Contract Tower,64,18,4,15,101,0,85,57,2,144,64,103,61,17,245,130,10,140,385
11/03/2012,KOA,HI,AWP,WE,Federal Contract Tower,62,18,4,1,85,0,51,30,2,83,62,69,34,3,168,0,38,38,206
11/04/2012,KOA,HI,AWP,WE,Federal Contract Tower,59,20,6,0,85,0,40,21,0,61,59,60,27,0,146,44,0,44,190
11/05/2012,KOA,HI,AWP,WE,Federal Contract Tower,58,22,0,1,81,0,49,32,0,81,58,71,32,1,162,116,0,116,278
11/06/2012,KOA,HI,AWP,WE,Federal Contract Tower,54,14,0,1,69,0,46,40,1,87,54,60,40,2,156,118,8,126,282
11/07/2012,KOA,HI,AWP,WE,Federal Contract Tower,63,23,6,2,94,0,48,35,1,84,63,71,41,3,178,122,8,130,308
11/08/2012,KOA,HI,AWP,WE,Federal Contract Tower,57,26,11,4,98,0,52,48,2,102,57,78,59,6,200,90,14,104,304
11/09/2012,KOA,HI,AWP,WE,Federal Contract Tower,65,19,4,4,92,0,52,37,0,89,65,71,41,4,181,156,0,156,337
11/10/2012,KOA,HI,AWP,WE,Federal Contract Tower,64,21,4,0,89,0,53,46,0,99,64,74,50,0,188,20,0,20,208
11/11/2012,KOA,HI,AWP,WE,Federal Contract Tower,56,19,11,0,86,0,49,18,0,67,56,68,29,0,153,14,0,14,167
11/12/2012,KOA,HI,AWP,WE,Federal Contract Tower,58,18,6,0,82,0,52,39,0,91,58,70,45,0,173,110,0,110,283
11/13/2012,KOA,HI,AWP,WE,Federal Contract Tower,55,15,5,20,95,0,41,40,3,84,55,56,45,23,179,106,14,120,299
11/14/2012,KOA,HI,AWP,WE,Federal Contract Tower,61,23,6,7,97,0,56,59,2,117,61,79,65,9,214,168,44,212,426
11/15/2012,KOA,HI,AWP,WE,Federal Contract Tower,57,21,9,38,125,0,48,55,2,105,57,69,64,40,230,154,26,180,410
11/16/2012,KOA,HI,AWP,WE,Federal Contract Tower,62,25,17,10,114,0,51,51,3,105,62,76,68,13,219,226,28,254,473
11/17/2012,KOA,HI,AWP,WE,Federal Contract Tower,64,22,7,0,93,0,47,19,0,66,64,69,26,0,159,8,0,8,167
11/18/2012,KOA,HI,AWP,WE,Federal Contract Tower,59,16,11,1,87,0,47,43,2,92,59,63,54,3,179,106,0,106,285
11/19/2012,KOA,HI,AWP,WE,Federal Contract Tower,57,25,7,5,94,0,56,42,3,101,57,81,49,8,195,80,30,110,305
11/20/2012,KOA,HI,AWP,WE,Federal Contract Tower,54,24,15,14,107,0,49,40,6,95,54,73,55,20,202,168,52,220,422
11/21/2012,KOA,HI,AWP,WE,Federal Contract Tower,57,26,11,11,105,0,59,40,7,106,57,85,51,18,211,110,38,148,359
11/22/2012,KOA,HI,AWP,WE,Federal Contract Tower,54,23,7,0,84,0,44,38,0,82,54,67,45,0,166,100,0,100,266
11/23/2012,KOA,HI,AWP,WE,Federal Contract Tower,66,20,13,0,99,0,56,32,0,88,66,76,45,0,187,128,0,128,315
11/24/2012,KOA,HI,AWP,WE,Federal Contract Tower,65,32,18,2,117,0,50,29,0,79,65,82,47,2,196,40,0,40,236
11/25/2012,KOA,HI,AWP,WE,Federal Contract Tower,72,18,29,1,120,0,46,8,0,54,72,64,37,1,174,0,0,0,174
11/26/2012,KOA,HI,AWP,WE,Federal Contract Tower,58,27,8,6,99,0,45,42,2,89,58,72,50,8,188,86,32,118,306
11/27/2012,KOA,HI,AWP,WE,Federal Contract Tower,57,22,7,12,98,0,52,46,0,98,57,74,53,12,196,126,20,146,342
11/28/2012,KOA,HI,AWP,WE,Federal Contract Tower,52,28,7,18,105,0,67,62,1,130,52,95,69,19,235,226,8,234,469
11/29/2012,KOA,HI,AWP,WE,Federal Contract Tower,55,19,5,14,93,0,57,58,2,117,55,76,63,16,210,132,0,132,342
11/30/2012,KOA,HI,AWP,WE,Federal Contract Tower,61,25,7,1,94,0,55,54,2,111,61,80,61,3,205,96,28,124,329
12/01/2012,KOA,HI,AWP,WE,Federal Contract Tower,60,22,10,2,94,0,56,32,3,91,60,78,42,5,185,58,24,82,267
12/02/2012,KOA,HI,AWP,WE,Federal Contract Tower,56,16,2,0,74,0,48,4,0,52,56,64,6,0,126,6,0,6,132
12/03/2012,KOA,HI,AWP,WE,Federal Contract Tower,52,23,4,6,85,0,47,32,0,79,52,70,36,6,164,136,0,136,300
12/04/2012,KOA,HI,AWP,WE,Federal Contract Tower,49,24,2,18,93,0,37,42,2,81,49,61,44,20,174,86,14,100,274
12/05/2012,KOA,HI,AWP,WE,Federal Contract Tower,55,24,9,13,101,0,57,55,18,130,55,81,64,31,231,156,126,282,513
12/06/2012,KOA,HI,AWP,WE,Federal Contract Tower,56,29,7,16,108,0,62,58,15,135,56,91,65,31,243,218,38,256,499
12/07/2012,KOA,HI,AWP,WE,Federal Contract Tower,61,27,12,0,100,0,50,46,4,100,61,77,58,4,200,136,0,136,336
12/08/2012,KOA,HI,AWP,WE,Federal Contract Tower,66,26,3,1,96,0,52,26,1,79,66,78,29,2,175,62,0,62,237
12/09/2012,KOA,HI,AWP,WE,Federal Contract Tower,58,18,7,0,83,1,47,27,1,76,59,65,34,1,159,46,0,46,205
12/10/2012,KOA,HI,AWP,WE,Federal Contract Tower,54,19,8,8,89,0,43,47,10,100,54,62,55,18,189,124,6,130,319
12/11/2012,KOA,HI,AWP,WE,Federal Contract Tower,51,21,10,34,116,0,44,38,1,83,51,65,48,35,199,208,72,280,479
12/12/2012,KOA,HI,AWP,WE,Federal Contract Tower,54,18,5,14,91,0,54,43,3,100,54,72,48,17,191,140,42,182,373
12/13/2012,KOA,HI,AWP,WE,Federal Contract Tower,54,30,6,15,105,0,49,40,5,94,54,79,46,20,199,222,20,242,441
12/14/2012,KOA,HI,AWP,WE,Federal Contract Tower,62,27,8,6,103,0,61,33,0,94,62,88,41,6,197,76,26,102,299
12/15/2012,KOA,HI,AWP,WE,Federal Contract Tower,64,24,8,5,101,0,57,26,2,85,64,81,34,7,186,30,12,42,228
12/16/2012,KOA,HI,AWP,WE,Federal Contract Tower,58,21,8,0,87,0,56,11,0,67,58,77,19,0,154,38,0,38,192
12/17/2012,KOA,HI,AWP,WE,Federal Contract Tower,54,24,4,12,94,0,51,25,6,82,54,75,29,18,176,70,20,90,266
12/18/2012,KOA,HI,AWP,WE,Federal Contract Tower,51,22,7,7,87,0,51,13,2,66,51,73,20,9,153,52,36,88,241
12/19/2012,KOA,HI,AWP,WE,Federal Contract Tower,60,26,10,1,97,0,46,29,5,80,60,72,39,6,177,92,34,126,303
12/20/2012,KOA,HI,AWP,WE,Federal Contract Tower,67,27,11,4,109,0,55,30,6,91,67,82,41,10,200,146,12,158,358
12/21/2012,KOA,HI,AWP,WE,Federal Contract Tower,67,29,9,3,108,0,64,40,1,105,67,93,49,4,213,92,26,118,331
12/22/2012,KOA,HI,AWP,WE,Federal Contract Tower,69,34,29,0,132,0,64,35,0,99,69,98,64,0,231,30,0,30,261
12/23/2012,KOA,HI,AWP,WE,Federal Contract Tower,63,22,14,4,103,0,68,19,1,88,63,90,33,5,191,66,4,70,261
12/24/2012,KOA,HI,AWP,WE,Federal Contract Tower,59,20,8,0,87,0,68,21,0,89,59,88,29,0,176,60,0,60,236
12/25/2012,KOA,HI,AWP,WE,Federal Contract Tower,58,16,8,0,82,0,41,16,0,57,58,57,24,0,139,0,0,0,139
12/26/2012,KOA,HI,AWP,WE,Federal Contract Tower,59,24,18,1,102,0,69,24,1,94,59,93,42,2,196,86,6,92,288
12/27/2012,KOA,HI,AWP,WE,Federal Contract Tower,62,31,15,21,129,0,64,35,6,105,62,95,50,27,234,158,42,200,434
12/28/2012,KOA,HI,AWP,WE,Federal Contract Tower,67,25,14,8,114,0,74,47,0,121,67,99,61,8,235,68,40,108,343
12/29/2012,KOA,HI,AWP,WE,Federal Contract Tower,63,24,8,0,95,0,62,36,0,98,63,86,44,0,193,118,0,118,311
12/30/2012,KOA,HI,AWP,WE,Federal Contract Tower,62,28,14,0,104,0,53,23,0,76,62,81,37,0,180,86,0,86,266
12/31/2012,KOA,HI,AWP,WE,Federal Contract Tower,62,21,8,12,103,0,49,22,2,73,62,70,30,14,176,52,10,62,238
01/01/2013,KOA,HI,AWP,WE,Federal Contract Tower,62,24,28,2,116,0,44,10,0,54,62,68,38,2,170,12,0,12,182
01/02/2013,KOA,HI,AWP,WE,Federal Contract Tower,60,23,32,12,127,0,66,45,2,113,60,89,77,14,240,126,18,144,384
01/03/2013,KOA,HI,AWP,WE,Federal Contract Tower,61,29,29,23,142,0,53,51,7,111,61,82,80,30,253,80,34,114,367
01/04/2013,KOA,HI,AWP,WE,Federal Contract Tower,70,24,28,31,153,0,65,61,9,135,70,89,89,40,288,196,60,256,544
01/05/2013,KOA,HI,AWP,WE,Federal Contract Tower,70,25,26,0,121,0,54,16,1,71,70,79,42,1,192,24,0,24,216
01/06/2013,KOA,HI,AWP,WE,Federal Contract Tower,63,13,17,1,94,0,59,28,1,88,63,72,45,2,182,46,0,46,228
01/07/2013,KOA,HI,AWP,WE,Federal Contract Tower,61,18,8,13,100,0,54,33,13,100,61,72,41,26,200,132,78,210,410
01/08/2013,KOA,HI,AWP,WE,Federal Contract Tower,52,16,5,19,92,0,50,53,16,119,52,66,58,35,211,60,52,112,323
01/09/2013,KOA,HI,AWP,WE,Federal Contract Tower,59,23,10,16,108,0,58,45,11,114,59,81,55,27,222,122,172,294,516
01/10/2013,KOA,HI,AWP,WE,Federal Contract Tower,63,18,15,4,100,0,63,47,4,114,63,81,62,8,214,122,24,146,360
01/11/2013,KOA,HI,AWP,WE,Federal Contract Tower,68,22,6,4,100,0,54,44,5,103,68,76,50,9,203,64,24,88,291
01/12/2013,KOA,HI,AWP,WE,Federal Contract Tower,65,23,9,3,100,0,40,25,3,68,65,63,34,6,168,50,10,60,228
01/13/2013,KOA,HI,AWP,WE,Federal Contract Tower,65,20,6,0,91,0,46,20,0,66,65,66,26,0,157,0,0,0,157
01/14/2013,KOA,HI,AWP,WE,Federal Contract Tower,60,18,3,8,89,0,62,53,16,131,60,80,56,24,220,118,48,166,386
01/15/2013,KOA,HI,AWP,WE,Federal Contract Tower,54,27,9,11,101,0,51,36,15,102,54,78,45,26,203,42,68,110,313
01/16/2013,KOA,HI,AWP,WE,Federal Contract Tower,59,17,7,27,110,0,57,45,6,108,59,74,52,33,218,170,32,202,420
01/17/2013,KOA,HI,AWP,WE,Federal Contract Tower,63,21,9,14,107,0,62,62,4,128,63,83,71,18,235,92,44,136,371
01/18/2013,KOA,HI,AWP,WE,Federal Contract Tower,68,23,7,7,105,0,73,46,10,129,68,96,53,17,234,82,90,172,406
01/19/2013,KOA,HI,AWP,WE,Federal Contract Tower,65,20,7,6,98,0,67,28,4,99,65,87,35,10,197,0,14,14,211
01/20/2013,KOA,HI,AWP,WE,Federal Contract Tower,61,15,6,0,82,0,51,16,0,67,61,66,22,0,149,44,0,44,193
01/21/2013,KOA,HI,AWP,WE,Federal Contract Tower,62,14,8,1,85,0,55,39,1,95,62,69,47,2,180,152,0,152,332
01/22/2013,KOA,HI,AWP,WE,Federal Contract Tower,53,17,6,13,89,0,50,52,6,108,53,67,58,19,197,206,26,232,429
01/23/2013,KOA,HI,AWP,WE,Federal Contract Tower,57,21,9,11,98,0,60,34,7,101,57,81,43,18,199,208,64,272,471
01/24/2013,KOA,HI,AWP,WE,Federal Contract Tower,62,17,6,11,96,0,46,30,2,78,62,63,36,13,174,56,46,102,276
01/25/2013,KOA,HI,AWP,WE,Federal Contract Tower,69,14,7,21,111,0,61,58,5,124,69,75,65,26,235,104,30,134,369
01/26/2013,KOA,HI,AWP,WE,Federal Contract Tower,64,14,19,6,103,0,57,28,0,85,64,71,47,6,188,56,8,64,252
01/27/2013,KOA,HI,AWP,WE,Federal Contract Tower,62,16,11,11,100,0,42,27,2,71,62,58,38,13,171,8,6,14,185
01/28/2013,KOA,HI,AWP,WE,Federal Contract Tower,66,28,11,41,146,0,45,23,11,79,66,73,34,52,225,102,20,122,347
01/29/2013,KOA,HI,AWP,WE,Federal Contract Tower,57,39,11,17,124,0,26,27,5,58,57,65,38,22,182,112,94,206,388
01/30/2013,KOA,HI,AWP,WE,Federal Contract Tower,62,25,17,15,119,0,39,32,8,79,62,64,49,23,198,162,82,244,442
01/31/2013,KOA,HI,AWP,WE,Federal Contract Tower,65,24,8,8,105,0,50,43,7,100,65,74,51,15,205,176,62,238,443
02/01/2013,KOA,HI,AWP,WE,Federal Contract Tower,69,19,9,16,113,0,59,49,14,122,69,78,58,30,235,88,46,134,369
02/02/2013,KOA,HI,AWP,WE,Federal Contract Tower,63,20,4,0,87,0,52,22,5,79,63,72,26,5,166,6,2,8,174
02/03/2013,KOA,HI,AWP,WE,Federal Contract Tower,60,11,5,0,76,0,57,27,0,84,60,68,32,0,160,24,0,24,184
02/04/2013,KOA,HI,AWP,WE,Federal Contract Tower,63,18,4,16,101,0,51,39,2,92,63,69,43,18,193,92,22,114,307
02/05/2013,KOA,HI,AWP,WE,Federal Contract Tower,57,21,2,9,89,0,38,50,4,92,57,59,52,13,181,118,36,154,335
02/06/2013,KOA,HI,AWP,WE,Federal Contract Tower,60,15,6,43,124,0,57,50,11,118,60,72,56,54,242,62,94,156,398
02/07/2013,KOA,HI,AWP,WE,Federal Contract Tower,63,17,7,30,117,0,46,40,11,97,63,63,47,41,214,256,100,356,570
02/08/2013,KOA,HI,AWP,WE,Federal Contract Tower,69,13,6,18,106,0,64,53,2,119,69,77,59,20,225,186,10,196,421
02/09/2013,KOA,HI,AWP,WE,Federal Contract Tower,60,13,2,0,75,0,46,25,0,71,60,59,27,0,146,58,0,58,204
02/10/2013,KOA,HI,AWP,WE,Federal Contract Tower,66,10,7,2,85,0,54,46,0,100,66,64,53,2,185,0,0,0,185
02/11/2013,KOA,HI,AWP,WE,Federal Contract Tower,55,17,4,10,86,0,49,46,2,97,55,66,50,12,183,106,8,114,297
02/12/2013,KOA,HI,AWP,WE,Federal Contract Tower,58,20,5,14,97,0,46,65,5,116,58,66,70,19,213,118,40,158,371
02/13/2013,KOA,HI,AWP,WE,Federal Contract Tower,58,18,3,6,85,0,37,29,5,71,58,55,32,11,156,162,52,214,370
02/14/2013,KOA,HI,AWP,WE,Federal Contract Tower,64,18,4,5,91,0,49,34,4,87,64,67,38,9,178,230,0,230,408
02/15/2013,KOA,HI,AWP,WE,Federal Contract Tower,69,18,13,11,111,0,57,76,6,139,69,75,89,17,250,214,16,230,480
02/16/2013,KOA,HI,AWP,WE,Federal Contract Tower,70,21,5,0,96,0,60,35,1,96,70,81,40,1,192,140,0,140,332
02/17/2013,KOA,HI,AWP,WE,Federal Contract Tower,61,22,6,0,89,0,54,14,2,70,61,76,20,2,159,22,0,22,181
02/18/2013,KOA,HI,AWP,WE,Federal Contract Tower,61,16,11,0,88,1,45,67,0,113,62,61,78,0,201,190,0,190,391
02/19/2013,KOA,HI,AWP,WE,Federal Contract Tower,53,20,7,8,88,2,52,52,7,113,55,72,59,15,201,188,36,224,425
02/20/2013,KOA,HI,AWP,WE,Federal Contract Tower,61,19,6,10,96,0,52,50,2,104,61,71,56,12,200,250,18,268,468
02/21/2013,KOA,HI,AWP,WE,Federal Contract Tower,62,26,8,20,116,0,49,68,3,120,62,75,76,23,236,194,44,238,474
02/22/2013,KOA,HI,AWP,WE,Federal Contract Tower,68,24,14,10,116,0,48,57,9,114,68,72,71,19,230,190,42,232,462
02/23/2013,KOA,HI,AWP,WE,Federal Contract Tower,68,21,11,2,102,0,58,37,2,97,68,79,48,4,199,88,32,120,319
02/24/2013,KOA,HI,AWP,WE,Federal Contract Tower,65,15,13,1,94,0,59,29,0,88,65,74,42,1,182,10,0,10,192
02/25/2013,KOA,HI,AWP,WE,Federal Contract Tower,62,16,9,15,102,0,65,54,9,128,62,81,63,24,230,196,76,272,502
02/26/2013,KOA,HI,AWP,WE,Federal Contract Tower,56,20,7,28,111,0,52,47,7,106,56,72,54,35,217,298,68,366,583
02/27/2013,KOA,HI,AWP,WE,Federal Contract Tower,62,17,8,41,128,0,49,41,13,103,62,66,49,54,231,198,92,290,521
02/28/2013,KOA,HI,AWP,WE,Federal Contract Tower,62,29,6,14,111,0,52,32,0,84,62,81,38,14,195,236,0,236,431
03/01/2013,KOA,HI,AWP,WE,Federal Contract Tower,71,20,12,12,115,0,64,53,3,120,71,84,65,15,235,128,0,128,363
03/02/2013,KOA,HI,AWP,WE,Federal Contract Tower,66,17,11,0,94,0,46,27,0,73,66,63,38,0,167,48,0,48,215
03/03/2013,KOA,HI,AWP,WE,Federal Contract Tower,63,16,6,0,85,0,47,21,2,70,63,63,27,2,155,0,0,0,155
03/04/2013,KOA,HI,AWP,WE,Federal Contract Tower,61,16,5,21,103,0,50,32,0,82,61,66,37,21,185,72,22,94,279
03/05/2013,KOA,HI,AWP,WE,Federal Contract Tower,58,25,4,6,93,0,53,45,1,99,58,78,49,7,192,94,16,110,302
03/06/2013,KOA,HI,AWP,WE,Federal Contract Tower,60,20,13,0,93,0,61,53,0,114,60,81,66,0,207,104,0,104,311
03/07/2013,KOA,HI,AWP,WE,Federal Contract Tower,60,23,7,17,107,0,59,44,3,106,60,82,51,20,213,106,10,116,329
03/08/2013,KOA,HI,AWP,WE,Federal Contract Tower,70,21,6,0,97,0,56,42,0,98,70,77,48,0,195,100,0,100,295
03/09/2013,KOA,HI,AWP,WE,Federal Contract Tower,67,31,10,0,108,0,57,35,0,92,67,88,45,0,200,34,0,34,234
03/10/2013,KOA,HI,AWP,WE,Federal Contract Tower,64,17,11,0,92,0,49,12,0,61,64,66,23,0,153,0,0,0,153
03/11/2013,KOA,HI,AWP,WE,Federal Contract Tower,67,26,6,6,105,0,58,52,8,118,67,84,58,14,223,80,44,124,347
03/12/2013,KOA,HI,AWP,WE,Federal Contract Tower,61,20,5,18,104,0,55,55,3,113,61,75,60,21,217,142,28,170,387
03/13/2013,KOA,HI,AWP,WE,Federal Contract Tower,63,19,4,14,100,0,60,53,7,120,63,79,57,21,220,126,38,164,384
03/14/2013,KOA,HI,AWP,WE,Federal Contract Tower,65,21,13,12,111,0,67,53,4,124,65,88,66,16,235,176,68,244,479
03/15/2013,KOA,HI,AWP,WE,Federal Contract Tower,69,36,15,7,127,0,40,25,2,67,69,76,40,9,194,154,0,154,348
03/16/2013,KOA,HI,AWP,WE,Federal Contract Tower,70,25,5,0,100,0,63,35,6,104,70,88,40,6,204,90,0,90,294
03/17/2013,KOA,HI,AWP,WE,Federal Contract Tower,68,18,4,0,90,0,57,19,0,76,68,75,23,0,166,42,0,42,208
03/18/2013,KOA,HI,AWP,WE,Federal Contract Tower,61,27,8,7,103,0,54,50,13,117,61,81,58,20,220,100,74,174,394
03/19/2013,KOA,HI,AWP,WE,Federal Contract Tower,61,17,4,8,90,0,53,37,11,101,61,70,41,19,191,88,88,176,367
03/20/2013,KOA,HI,AWP,WE,Federal Contract Tower,63,28,9,14,114,0,43,38,4,85,63,71,47,18,199,114,74,188,387
03/21/2013,KOA,HI,AWP,WE,Federal Contract Tower,65,19,12,1,97,0,72,34,1,107,65,91,46,2,204,132,0,132,336
03/22/2013,KOA,HI,AWP,WE,Federal Contract Tower,73,18,18,1,110,0,82,55,30,167,73,100,73,31,277,160,6,166,443
03/23/2013,KOA,HI,AWP,WE,Federal Contract Tower,69,31,17,2,119,0,57,26,0,83,69,88,43,2,202,22,0,22,224
03/24/2013,KOA,HI,AWP,WE,Federal Contract Tower,66,18,12,0,96,0,59,13,0,72,66,77,25,0,168,4,0,4,172
03/25/2013,KOA,HI,AWP,WE,Federal Contract Tower,71,20,4,0,95,0,59,47,0,106,71,79,51,0,201,118,0,118,319
03/26/2013,KOA,HI,AWP,WE,Federal Contract Tower,63,23,9,11,106,0,67,39,3,109,63,90,48,14,215,80,74,154,369
03/27/2013,KOA,HI,AWP,WE,Federal Contract Tower,64,24,4,10,102,0,61,36,9,106,64,85,40,19,208,142,56,198,406
03/28/2013,KOA,HI,AWP,WE,Federal Contract Tower,69,19,5,4,97,0,64,50,5,119,69,83,55,9,216,156,22,178,394
03/29/2013,KOA,HI,AWP,WE,Federal Contract Tower,72,27,15,6,120,0,59,51,0,110,72,86,66,6,230,236,8,244,474
03/30/2013,KOA,HI,AWP,WE,Federal Contract Tower,72,24,14,5,115,0,51,24,0,75,72,75,38,5,190,46,0,46,236
03/31/2013,KOA,HI,AWP,WE,Federal Contract Tower,70,18,17,0,105,0,58,19,0,77,70,76,36,0,182,6,0,6,188
04/01/2013,KOA,HI,AWP,WE,Federal Contract Tower,62,19,9,0,90,0,49,51,0,100,62,68,60,0,190,110,0,110,300
04/02/2013,KOA,HI,AWP,WE,Federal Contract Tower,60,19,9,7,95,0,65,40,1,106,60,84,49,8,201,114,0,114,315
04/03/2013,KOA,HI,AWP,WE,Federal Contract Tower,62,18,13,14,107,0,63,47,3,113,62,81,60,17,220,54,36,90,310
04/04/2013,KOA,HI,AWP,WE,Federal Contract Tower,68,17,7,7,99,0,68,47,8,123,68,85,54,15,222,114,104,218,440
04/05/2013,KOA,HI,AWP,WE,Federal Contract Tower,77,24,15,10,126,0,67,57,0,124,77,91,72,10,250,274,0,274,524
04/06/2013,KOA,HI,AWP,WE,Federal Contract Tower,69,23,12,3,107,0,53,37,0,90,69,76,49,3,197,48,0,48,245
04/07/2013,KOA,HI,AWP,WE,Federal Contract Tower,70,15,8,1,94,0,49,18,0,67,70,64,26,1,161,2,0,2,163
04/08/2013,KOA,HI,AWP,WE,Federal Contract Tower,63,18,6,3,90,0,55,34,4,93,63,73,40,7,183,176,10,186,369
04/09/2013,KOA,HI,AWP,WE,Federal Contract Tower,61,17,5,13,96,0,45,45,1,91,61,62,50,14,187,252,30,282,469
04/10/2013,KOA,HI,AWP,WE,Federal Contract Tower,61,21,14,2,98,0,66,49,2,117,61,87,63,4,215,232,14,246,461
04/11/2013,KOA,HI,AWP,WE,Federal Contract Tower,65,25,5,10,105,0,62,63,6,131,65,87,68,16,236,196,32,228,464
04/12/2013,KOA,HI,AWP,WE,Federal Contract Tower,69,19,8,14,110,0,51,53,5,109,69,70,61,19,219,134,66,200,419
04/13/2013,KOA,HI,AWP,WE,Federal Contract Tower,63,19,9,10,101,0,48,32,3,83,63,67,41,13,184,72,22,94,278
04/14/2013,KOA,HI,AWP,WE,Federal Contract Tower,66,19,11,0,96,0,38,24,0,62,66,57,35,0,158,16,0,16,174
04/15/2013,KOA,HI,AWP,WE,Federal Contract Tower,63,19,7,10,99,0,51,40,5,96,63,70,47,15,195,150,40,190,385
04/16/2013,KOA,HI,AWP,WE,Federal Contract Tower,59,28,14,23,124,0,41,38,2,81,59,69,52,25,205,164,30,194,399
04/17/2013,KOA,HI,AWP,WE,Federal Contract Tower,60,16,4,23,103,0,56,48,4,108,60,72,52,27,211,184,58,242,453
04/18/2013,KOA,HI,AWP,WE,Federal Contract Tower,64,18,3,0,85,0,45,41,7,93,64,63,44,7,178,174,0,174,352
04/19/2013,KOA,HI,AWP,WE,Federal Contract Tower,71,20,5,0,96,0,55,47,0,102,71,75,52,0,198,164,0,164,362
04/20/2013,KOA,HI,AWP,WE,Federal Contract Tower,62,13,3,7,85,0,32,32,4,68,62,45,35,11,153,78,10,88,241
04/21/2013,KOA,HI,AWP,WE,Federal Contract Tower,64,21,6,0,91,0,70,25,7,102,64,91,31,7,193,14,0,14,207
04/22/2013,KOA,HI,AWP,WE,Federal Contract Tower,60,22,4,4,90,0,55,23,7,85,60,77,27,11,175,96,22,118,293
04/23/2013,KOA,HI,AWP,WE,Federal Contract Tower,60,19,6,34,119,0,53,37,5,95,60,72,43,39,214,98,82,180,394
04/24/2013,KOA,HI,AWP,WE,Federal Contract Tower,61,15,2,20,98,0,65,35,3,103,61,80,37,23,201,140,44,184,385
04/25/2013,KOA,HI,AWP,WE,Federal Contract Tower,69,29,10,14,122,12,55,41,4,112,81,84,51,18,234,92,126,218,452
04/26/2013,KOA,HI,AWP,WE,Federal Contract Tower,71,22,4,9,106,2,53,41,10,106,73,75,45,19,212,142,28,170,382
04/27/2013,KOA,HI,AWP,WE,Federal Contract Tower,64,20,10,2,96,0,51,27,3,81,64,71,37,5,177,30,14,44,221
04/28/2013,KOA,HI,AWP,WE,Federal Contract Tower,66,14,3,1,84,0,44,40,0,84,66,58,43,1,168,2,0,2,170
04/29/2013,KOA,HI,AWP,WE,Federal Contract Tower,60,16,17,12,105,0,39,30,0,69,60,55,47,12,174,94,0,94,268
04/30/2013,KOA,HI,AWP,WE,Federal Contract Tower,54,20,10,22,106,0,44,45,2,91,54,64,55,24,197,112,48,160,357
05/01/2013,KOA,HI,AWP,WE,Federal Contract Tower,57,24,15,7,103,0,52,44,1,97,57,76,59,8,200,40,30,70,270
05/02/2013,KOA,HI,AWP,WE,Federal Contract Tower,58,23,6,2,89,1,65,49,2,117,59,88,55,4,206,130,20,150,356
05/03/2013,KOA,HI,AWP,WE,Federal Contract Tower,66,20,4,3,93,0,54,51,0,105,66,74,55,3,198,56,0,56,254
05/04/2013,KOA,HI,AWP,WE,Federal Contract Tower,53,11,1,0,65,0,41,34,0,75,53,52,35,0,140,44,0,44,184
05/05/2013,KOA,HI,AWP,WE,Federal Contract Tower,62,9,3,4,78,0,32,19,0,51,62,41,22,4,129,22,12,34,163
05/06/2013,KOA,HI,AWP,WE,Federal Contract Tower,56,29,2,19,106,0,47,37,6,90,56,76,39,25,196,94,34,128,324
05/07/2013,KOA,HI,AWP,WE,Federal Contract Tower,52,19,3,17,91,0,59,56,3,118,52,78,59,20,209,76,16,92,301
05/08/2013,KOA,HI,AWP,WE,Federal Contract Tower,56,20,6,24,106,5,67,56,2,130,61,87,62,26,236,170,44,214,450
05/09/2013,KOA,HI,AWP,WE,Federal Contract Tower,57,16,2,8,83,0,65,47,8,120,57,81,49,16,203,168,94,262,465
05/10/2013,KOA,HI,AWP,WE,Federal Contract Tower,67,19,9,25,120,0,56,49,11,116,67,75,58,36,236,186,18,204,440
05/11/2013,KOA,HI,AWP,WE,Federal Contract Tower,60,20,2,0,82,0,43,21,0,64,60,63,23,0,146,34,0,34,180
05/12/2013,KOA,HI,AWP,WE,Federal Contract Tower,61,28,2,0,91,0,31,18,2,51,61,59,20,2,142,22,0,22,164
05/13/2013,KOA,HI,AWP,WE,Federal Contract Tower,59,16,4,14,93,0,56,57,17,130,59,72,61,31,223,162,80,242,465
05/14/2013,KOA,HI,AWP,WE,Federal Contract Tower,55,18,3,7,83,0,69,50,4,123,55,87,53,11,206,186,46,232,438
05/15/2013,KOA,HI,AWP,WE,Federal Contract Tower,57,17,6,25,105,0,66,63,11,140,57,83,69,36,245,152,34,186,431
05/16/2013,KOA,HI,AWP,WE,Federal Contract Tower,54,15,1,20,90,0,55,60,11,126,54,70,61,31,216,140,76,216,432
05/17/2013,KOA,HI,AWP,WE,Federal Contract Tower,64,23,3,0,90,0,55,52,0,107,64,78,55,0,197,182,0,182,379
05/18/2013,KOA,HI,AWP,WE,Federal Contract Tower,56,18,2,1,77,0,44,37,4,85,56,62,39,5,162,68,0,68,230
05/19/2013,KOA,HI,AWP,WE,Federal Contract Tower,58,18,2,0,78,0,56,66,3,125,58,74,68,3,203,32,0,32,235
05/20/2013,KOA,HI,AWP,WE,Federal Contract Tower,61,21,6,5,93,0,61,58,0,119,61,82,64,5,212,106,0,106,318
05/21/2013,KOA,HI,AWP,WE,Federal Contract Tower,57,20,3,11,91,0,50,39,3,92,57,70,42,14,183,134,42,176,359
05/22/2013,KOA,HI,AWP,WE,Federal Contract Tower,59,16,2,6,83,0,60,45,3,108,59,76,47,9,191,194,64,258,449
05/23/2013,KOA,HI,AWP,WE,Federal Contract Tower,65,15,7,17,104,0,52,45,8,105,65,67,52,25,209,130,82,212,421
05/24/2013,KOA,HI,AWP,WE,Federal Contract Tower,67,14,4,2,87,0,54,45,2,101,67,68,49,4,188,186,10,196,384
05/25/2013,KOA,HI,AWP,WE,Federal Contract Tower,58,19,4,0,81,0,42,15,0,57,58,61,19,0,138,52,0,52,190
05/26/2013,KOA,HI,AWP,WE,Federal Contract Tower,56,14,1,0,71,0,45,12,0,57,56,59,13,0,128,4,0,4,132
05/27/2013,KOA,HI,AWP,WE,Federal Contract Tower,64,13,6,0,83,0,60,46,0,106,64,73,52,0,189,108,0,108,297
05/28/2013,KOA,HI,AWP,WE,Federal Contract Tower,57,17,4,2,80,0,59,41,0,100,57,76,45,2,180,76,40,116,296
05/29/2013,KOA,HI,AWP,WE,Federal Contract Tower,57,20,2,26,105,0,57,35,5,97,57,77,37,31,202,92,62,154,356
05/30/2013,KOA,HI,AWP,WE,Federal Contract Tower,56,20,2,7,85,0,54,47,9,110,56,74,49,16,195,132,58,190,385
05/31/2013,KOA,HI,AWP,WE,Federal Contract Tower,63,20,1,15,99,0,55,51,6,112,63,75,52,21,211,168,54,222,433
06/01/2013,KOA,HI,AWP,WE,Federal Contract Tower,59,18,7,3,87,0,49,21,1,71,59,67,28,4,158,6,0,6,164
06/02/2013,KOA,HI,AWP,WE,Federal Contract Tower,61,16,5,0,82,0,47,33,1,81,61,63,38,1,163,18,0,18,181
06/03/2013,KOA,HI,AWP,WE,Federal Contract Tower,60,17,3,0,80,0,46,45,0,91,60,63,48,0,171,106,0,106,277
06/04/2013,KOA,HI,AWP,WE,Federal Contract Tower,56,23,0,36,115,0,52,28,10,90,56,75,28,46,205,136,36,172,377
06/05/2013,KOA,HI,AWP,WE,Federal Contract Tower,58,18,10,5,91,0,63,37,4,104,58,81,47,9,195,160,30,190,385
06/06/2013,KOA,HI,AWP,WE,Federal Contract Tower,63,23,5,18,109,0,68,59,1,128,63,91,64,19,237,118,28,146,383
06/07/2013,KOA,HI,AWP,WE,Federal Contract Tower,69,18,12,4,103,0,65,49,0,114,69,83,61,4,217,128,0,128,345
06/08/2013,KOA,HI,AWP,WE,Federal Contract Tower,62,20,7,4,93,0,56,21,2,79,62,76,28,6,172,34,22,56,228
06/09/2013,KOA,HI,AWP,WE,Federal Contract Tower,60,17,5,0,82,0,55,27,0,82,60,72,32,0,164,36,0,36,200
06/10/2013,KOA,HI,AWP,WE,Federal Contract Tower,65,22,3,5,95,0,56,49,1,106,65,78,52,6,201,110,44,154,355
06/11/2013,KOA,HI,AWP,WE,Federal Contract Tower,59,17,10,23,109,0,51,30,9,90,59,68,40,32,199,108,78,186,385
06/12/2013,KOA,HI,AWP,WE,Federal Contract Tower,65,19,5,15,104,0,57,31,8,96,65,76,36,23,200,132,48,180,380
06/13/2013,KOA,HI,AWP,WE,Federal Contract Tower,65,18,3,19,105,0,48,30,1,79,65,66,33,20,184,60,2,62,246
06/14/2013,KOA,HI,AWP,WE,Federal Contract Tower,73,18,6,10,107,0,46,35,7,88,73,64,41,17,195,130,36,166,361
06/15/2013,KOA,HI,AWP,WE,Federal Contract Tower,61,16,5,0,82,0,51,18,0,69,61,67,23,0,151,8,0,8,159
06/16/2013,KOA,HI,AWP,WE,Federal Contract Tower,64,14,2,0,80,0,56,19,0,75,64,70,21,0,155,40,0,40,195
06/17/2013,KOA,HI,AWP,WE,Federal Contract Tower,62,22,8,1,93,1,50,23,0,74,63,72,31,1,167,36,22,58,225
06/18/2013,KOA,HI,AWP,WE,Federal Contract Tower,55,19,7,13,94,0,47,36,13,96,55,66,43,26,190,88,150,238,428
06/19/2013,KOA,HI,AWP,WE,Federal Contract Tower,62,25,6,21,114,0,54,44,3,101,62,79,50,24,215,96,48,144,359
06/20/2013,KOA,HI,AWP,WE,Federal Contract Tower,63,22,4,25,114,0,48,33,7,88,63,70,37,32,202,148,66,214,416
06/21/2013,KOA,HI,AWP,WE,Federal Contract Tower,73,23,7,12,115,0,57,43,2,102,73,80,50,14,217,106,32,138,355
06/22/2013,KOA,HI,AWP,WE,Federal Contract Tower,67,21,7,0,95,0,50,18,0,68,67,71,25,0,163,28,0,28,191
06/23/2013,KOA,HI,AWP,WE,Federal Contract Tower,62,15,7,0,84,0,53,25,0,78,62,68,32,0,162,48,0,48,210
06/24/2013,KOA,HI,AWP,WE,Federal Contract Tower,63,20,5,14,102,0,45,33,0,78,63,65,38,14,180,68,0,68,248
06/25/2013,KOA,HI,AWP,WE,Federal Contract Tower,69,26,2,42,139,0,39,52,16,107,69,65,54,58,246,102,118,220,466
06/26/2013,KOA,HI,AWP,WE,Federal Contract Tower,64,19,5,20,108,0,50,62,3,115,64,69,67,23,223,94,30,124,347
06/27/2013,KOA,HI,AWP,WE,Federal Contract Tower,67,21,4,21,113,0,53,51,16,120,67,74,55,37,233,140,60,200,433
06/28/2013,KOA,HI,AWP,WE,Federal Contract Tower,69,17,10,13,109,0,61,56,15,132,69,78,66,28,241,110,52,162,403
06/29/2013,KOA,HI,AWP,WE,Federal Contract Tower,65,13,6,0,84,2,47,24,0,73,67,60,30,0,157,44,0,44,201
06/30/2013,KOA,HI,AWP,WE,Federal Contract Tower,64,14,6,0,84,0,54,36,0,90,64,68,42,0,174,52,0,52,226
07/01/2013,KOA,HI,AWP,WE,Federal Contract Tower,69,19,4,24,116,0,55,43,4,102,69,74,47,28,218,100,48,148,366
07/02/2013,KOA,HI,AWP,WE,Federal Contract Tower,61,18,11,23,113,0,52,39,1,92,61,70,50,24,205,116,8,124,329
07/03/2013,KOA,HI,AWP,WE,Federal Contract Tower,64,22,5,12,103,0,59,47,4,110,64,81,52,16,213,148,28,176,389
07/04/2013,KOA,HI,AWP,WE,Federal Contract Tower,65,15,4,0,84,0,44,33,0,77,65,59,37,0,161,28,0,28,189
07/05/2013,KOA,HI,AWP,WE,Federal Contract Tower,70,22,3,0,95,0,52,46,0,98,70,74,49,0,193,92,0,92,285
07/06/2013,KOA,HI,AWP,WE,Federal Contract Tower,63,19,8,0,90,0,47,18,0,65,63,66,26,0,155,4,0,4,159
07/07/2013,KOA,HI,AWP,WE,Federal Contract Tower,68,15,13,1,97,0,47,25,1,73,68,62,38,2,170,58,0,58,228
07/08/2013,KOA,HI,AWP,WE,Federal Contract Tower,68,20,9,7,104,0,59,47,5,111,68,79,56,12,215,80,16,96,311
07/09/2013,KOA,HI,AWP,WE,Federal Contract Tower,61,18,7,25,111,0,52,34,7,93,61,70,41,32,204,136,132,268,472
07/10/2013,KOA,HI,AWP,WE,Federal Contract Tower,68,20,16,16,120,0,60,51,4,115,68,80,67,20,235,162,52,214,449
07/11/2013,KOA,HI,AWP,WE,Federal Contract Tower,65,21,6,15,107,0,44,51,6,101,65,65,57,21,208,190,28,218,426
07/12/2013,KOA,HI,AWP,WE,Federal Contract Tower,69,16,7,8,100,0,45,47,17,109,69,61,54,25,209,142,46,188,397
07/13/2013,KOA,HI,AWP,WE,Federal Contract Tower,66,18,6,8,98,0,49,33,4,86,66,67,39,12,184,76,20,96,280
07/14/2013,KOA,HI,AWP,WE,Federal Contract Tower,66,16,12,0,94,0,47,20,0,67,66,63,32,0,161,40,0,40,201
07/15/2013,KOA,HI,AWP,WE,Federal Contract Tower,65,21,5,37,128,0,60,38,7,105,65,81,43,44,233,112,56,168,401
07/16/2013,KOA,HI,AWP,WE,Federal Contract Tower,62,25,3,19,109,0,47,53,3,103,62,72,56,22,212,144,72,216,428
07/17/2013,KOA,HI,AWP,WE,Federal Contract Tower,64,24,7,12,107,0,55,55,6,116,64,79,62,18,223,258,50,308,531
07/18/2013,KOA,HI,AWP,WE,Federal Contract Tower,64,24,10,27,125,0,61,56,4,121,64,85,66,31,246,126,10,136,382
07/19/2013,KOA,HI,AWP,WE,Federal Contract Tower,70,19,6,13,108,0,63,54,3,120,70,82,60,16,228,144,48,192,420
07/20/2013,KOA,HI,AWP,WE,Federal Contract Tower,62,18,6,1,87,0,52,14,0,66,62,70,20,1,153,12,0,12,165
07/21/2013,KOA,HI,AWP,WE,Federal Contract Tower,66,18,2,4,90,0,52,27,2,81,66,70,29,6,171,88,0,88,259
07/22/2013,KOA,HI,AWP,WE,Federal Contract Tower,66,22,5,13,106,0,51,63,6,120,66,73,68,19,226,114,36,150,376
07/23/2013,KOA,HI,AWP,WE,Federal Contract Tower,63,27,4,6,100,0,56,55,7,118,63,83,59,13,218,100,84,184,402
07/24/2013,KOA,HI,AWP,WE,Federal Contract Tower,66,21,0,17,104,0,66,53,8,127,66,87,53,25,231,238,68,306,537
07/25/2013,KOA,HI,AWP,WE,Federal Contract Tower,67,23,7,3,100,0,58,59,5,122,67,81,66,8,222,192,20,212,434
07/26/2013,KOA,HI,AWP,WE,Federal Contract Tower,71,19,7,1,98,0,57,60,2,119,71,76,67,3,217,144,26,170,387
07/27/2013,KOA,HI,AWP,WE,Federal Contract Tower,67,17,12,0,96,0,56,28,0,84,67,73,40,0,180,18,0,18,198
07/28/2013,KOA,HI,AWP,WE,Federal Contract Tower,68,16,8,0,92,0,53,26,1,80,68,69,34,1,172,4,0,4,176
07/29/2013,KOA,HI,AWP,WE,Federal Contract Tower,58,46,1,0,105,0,5,2,0,7,58,51,3,0,112,0,0,0,112
07/30/2013,KOA,HI,AWP,WE,Federal Contract Tower,63,19,3,4,89,0,59,41,2,102,63,78,44,6,191,172,22,194,385
07/31/2013,KOA,HI,AWP,WE,Federal Contract Tower,65,19,3,17,104,2,54,45,10,111,67,73,48,27,215,182,54,236,451
08/01/2013,KOA,HI,AWP,WE,Federal Contract Tower,63,19,5,5,92,0,57,60,4,121,63,76,65,9,213,170,28,198,411
08/02/2013,KOA,HI,AWP,WE,Federal Contract Tower,70,20,5,12,107,0,63,55,13,131,70,83,60,25,238,104,26,130,368
08/03/2013,KOA,HI,AWP,WE,Federal Contract Tower,63,16,7,2,88,0,51,24,0,75,63,67,31,2,163,70,0,70,233
08/04/2013,KOA,HI,AWP,WE,Federal Contract Tower,66,13,5,2,86,0,56,33,0,89,66,69,38,2,175,64,0,64,239
08/05/2013,KOA,HI,AWP,WE,Federal Contract Tower,63,20,8,40,131,0,65,51,15,131,63,85,59,55,262,154,104,258,520
08/06/2013,KOA,HI,AWP,WE,Federal Contract Tower,59,25,6,29,119,0,46,46,17,109,59,71,52,46,228,176,124,300,528
08/07/2013,KOA,HI,AWP,WE,Federal Contract Tower,61,22,10,30,123,0,63,44,7,114,61,85,54,37,237,76,46,122,359
08/08/2013,KOA,HI,AWP,WE,Federal Contract Tower,66,22,9,25,122,0,52,49,3,104,66,74,58,28,226,144,18,162,388
08/09/2013,KOA,HI,AWP,WE,Federal Contract Tower,66,23,6,15,110,0,58,38,2,98,66,81,44,17,208,120,28,148,356
08/10/2013,KOA,HI,AWP,WE,Federal Contract Tower,64,24,6,0,94,0,56,23,0,79,64,80,29,0,173,36,0,36,209
08/11/2013,KOA,HI,AWP,WE,Federal Contract Tower,63,16,9,0,88,0,50,14,0,64,63,66,23,0,152,16,0,16,168
08/12/2013,KOA,HI,AWP,WE,Federal Contract Tower,65,18,9,24,116,0,59,33,12,104,65,77,42,36,220,110,36,146,366
08/13/2013,KOA,HI,AWP,WE,Federal Contract Tower,59,26,1,19,105,0,42,40,12,94,59,68,41,31,199,92,66,158,357
08/14/2013,KOA,HI,AWP,WE,Federal Contract Tower,57,24,5,6,92,0,57,31,24,112,57,81,36,30,204,118,108,226,430
08/15/2013,KOA,HI,AWP,WE,Federal Contract Tower,64,27,10,7,108,0,58,56,5,119,64,85,66,12,227,118,54,172,399
08/16/2013,KOA,HI,AWP,WE,Federal Contract Tower,70,15,3,10,98,0,51,42,8,101,70,66,45,18,199,216,58,274,473
08/17/2013,KOA,HI,AWP,WE,Federal Contract Tower,67,22,9,0,98,0,45,28,9,82,67,67,37,9,180,44,4,48,228
08/18/2013,KOA,HI,AWP,WE,Federal Contract Tower,63,15,18,0,96,0,47,36,0,83,63,62,54,0,179,24,0,24,203
08/19/2013,KOA,HI,AWP,WE,Federal Contract Tower,65,18,8,26,117,0,61,42,14,117,65,79,50,40,234,116,40,156,390
08/20/2013,KOA,HI,AWP,WE,Federal Contract Tower,57,28,4,27,116,0,43,37,5,85,57,71,41,32,201,94,44,138,339
08/21/2013,KOA,HI,AWP,WE,Federal Contract Tower,54,25,0,4,83,0,40,32,6,78,54,65,32,10,161,88,2,90,251
08/22/2013,KOA,HI,AWP,WE,Federal Contract Tower,59,28,2,2,91,0,48,42,22,112,59,76,44,24,203,158,4,162,365
08/23/2013,KOA,HI,AWP,WE,Federal Contract Tower,65,24,3,16,108,0,62,40,8,110,65,86,43,24,218,158,106,264,482
08/24/2013,KOA,HI,AWP,WE,Federal Contract Tower,60,24,9,0,93,0,47,19,0,66,60,71,28,0,159,2,0,2,161
08/25/2013,KOA,HI,AWP,WE,Federal Contract Tower,59,21,5,0,85,0,37,18,14,69,59,58,23,14,154,44,0,44,198
08/26/2013,KOA,HI,AWP,WE,Federal Contract Tower,61,23,3,9,96,0,51,34,3,88,61,74,37,12,184,112,14,126,310
08/27/2013,KOA,HI,AWP,WE,Federal Contract Tower,53,29,8,12,102,0,44,31,11,86,53,73,39,23,188,138,60,198,386
08/28/2013,KOA,HI,AWP,WE,Federal Contract Tower,55,27,7,5,94,0,48,36,9,93,55,75,43,14,187,92,46,138,325
08/29/2013,KOA,HI,AWP,WE,Federal Contract Tower,60,27,6,13,106,0,45,44,7,96,60,72,50,20,202,114,40,154,356
08/30/2013,KOA,HI,AWP,WE,Federal Contract Tower,64,26,4,8,102,0,53,52,4,109,64,79,56,12,211,72,62,134,345
08/31/2013,KOA,HI,AWP,WE,Federal Contract Tower,58,29,13,0,100,0,53,25,0,78,58,82,38,0,178,40,0,40,218
09/01/2013,KOA,HI,AWP,WE,Federal Contract Tower,56,23,10,0,89,0,35,27,0,62,56,58,37,0,151,26,0,26,177
09/02/2013,KOA,HI,AWP,WE,Federal Contract Tower,55,28,15,0,98,4,47,49,6,106,59,75,64,6,204,56,0,56,260
09/03/2013,KOA,HI,AWP,WE,Federal Contract Tower,48,25,4,21,98,0,33,36,15,84,48,58,40,36,182,66,124,190,372
09/04/2013,KOA,HI,AWP,WE,Federal Contract Tower,54,26,4,20,104,0,37,40,8,85,54,63,44,28,189,66,32,98,287
09/05/2013,KOA,HI,AWP,WE,Federal Contract Tower,53,26,5,14,98,0,51,38,6,95,53,77,43,20,193,156,70,226,419
09/06/2013,KOA,HI,AWP,WE,Federal Contract Tower,60,23,4,11,98,0,52,52,0,104,60,75,56,11,202,94,20,114,316
09/07/2013,KOA,HI,AWP,WE,Federal Contract Tower,48,23,3,1,75,0,36,17,4,57,48,59,20,5,132,36,0,36,168
09/08/2013,KOA,HI,AWP,WE,Federal Contract Tower,54,24,4,0,82,0,43,15,0,58,54,67,19,0,140,38,0,38,178
09/09/2013,KOA,HI,AWP,WE,Federal Contract Tower,56,24,9,14,103,1,53,42,11,107,57,77,51,25,210,100,92,192,402
09/10/2013,KOA,HI,AWP,WE,Federal Contract Tower,52,24,0,19,95,1,44,40,3,88,53,68,40,22,183,126,34,160,343
09/11/2013,KOA,HI,AWP,WE,Federal Contract Tower,51,24,5,21,101,0,47,43,8,98,51,71,48,29,199,86,58,144,343
09/12/2013,KOA,HI,AWP,WE,Federal Contract Tower,59,25,1,7,92,0,47,35,8,90,59,72,36,15,182,94,30,124,306
09/13/2013,KOA,HI,AWP,WE,Federal Contract Tower,61,33,1,15,110,0,58,32,6,96,61,91,33,21,206,112,64,176,382
09/14/2013,KOA,HI,AWP,WE,Federal Contract Tower,52,22,4,0,78,0,69,39,0,108,52,91,43,0,186,48,0,48,234
09/15/2013,KOA,HI,AWP,WE,Federal Contract Tower,56,17,2,0,75,0,38,23,2,63,56,55,25,2,138,2,0,2,140
09/16/2013,KOA,HI,AWP,WE,Federal Contract Tower,53,23,2,18,96,6,52,41,15,114,59,75,43,33,210,52,70,122,332
09/17/2013,KOA,HI,AWP,WE,Federal Contract Tower,50,33,2,33,118,0,32,26,9,67,50,65,28,42,185,24,82,106,291
09/18/2013,KOA,HI,AWP,WE,Federal Contract Tower,52,24,6,49,131,0,34,30,6,70,52,58,36,55,201,22,64,86,287
09/19/2013,KOA,HI,AWP,WE,Federal Contract Tower,52,26,6,17,101,0,40,44,14,98,52,66,50,31,199,74,76,150,349
09/20/2013,KOA,HI,AWP,WE,Federal Contract Tower,59,17,1,25,102,0,60,37,8,105,59,77,38,33,207,94,100,194,401
09/21/2013,KOA,HI,AWP,WE,Federal Contract Tower,53,21,3,10,87,0,35,14,13,62,53,56,17,23,149,20,94,114,263
09/22/2013,KOA,HI,AWP,WE,Federal Contract Tower,55,20,4,0,79,0,42,26,0,68,55,62,30,0,147,28,0,28,175
09/23/2013,KOA,HI,AWP,WE,Federal Contract Tower,53,24,4,22,103,0,47,36,12,95,53,71,40,34,198,100,148,248,446
09/24/2013,KOA,HI,AWP,WE,Federal Contract Tower,49,30,7,32,118,0,42,36,23,101,49,72,43,55,219,134,146,280,499
09/25/2013,KOA,HI,AWP,WE,Federal Contract Tower,53,26,2,6,87,0,55,53,7,115,53,81,55,13,202,114,36,150,352
09/26/2013,KOA,HI,AWP,WE,Federal Contract Tower,57,31,4,24,116,0,54,46,15,115,57,85,50,39,231,222,78,300,531
09/27/2013,KOA,HI,AWP,WE,Federal Contract Tower,64,23,4,2,93,0,45,35,5,85,64,68,39,7,178,150,8,158,336
09/28/2013,KOA,HI,AWP,WE,Federal Contract Tower,55,23,4,0,82,0,41,21,1,63,55,64,25,1,145,24,0,24,169
09/29/2013,KOA,HI,AWP,WE,Federal Contract Tower,60,18,0,2,80,0,36,10,2,48,60,54,10,4,128,0,8,8,136
09/30/2013,KOA,HI,AWP,WE,Federal Contract Tower,55,25,2,9,91,0,40,27,6,73,55,65,29,15,164,108,50,158,322
10/01/2013,KOA,HI,AWP,WE,Federal Contract Tower,52,23,3,23,101,0,47,48,7,102,52,70,51,30,203,102,62,164,367
10/02/2013,KOA,HI,AWP,WE,Federal Contract Tower,55,22,9,13,99,60,40,5,0,105,115,62,14,13,204,160,50,210,414
10/03/2013,KOA,HI,AWP,WE,Federal Contract Tower,59,31,4,14,108,0,58,48,17,123,59,89,52,31,231,200,102,302,533
10/04/2013,KOA,HI,AWP,WE,Federal Contract Tower,62,34,3,17,116,0,51,38,5,94,62,85,41,22,210,122,104,226,436
10/05/2013,KOA,HI,AWP,WE,Federal Contract Tower,54,26,4,0,84,0,36,14,0,50,54,62,18,0,134,0,0,0,134
10/06/2013,KOA,HI,AWP,WE,Federal Contract Tower,58,16,2,0,76,0,50,28,0,78,58,66,30,0,154,50,0,50,204
10/07/2013,KOA,HI,AWP,WE,Federal Contract Tower,54,25,11,4,94,0,52,42,15,109,54,77,53,19,203,100,56,156,359
10/08/2013,KOA,HI,AWP,WE,Federal Contract Tower,54,22,7,17,100,0,43,14,14,71,54,65,21,31,171,80,44,124,295
10/09/2013,KOA,HI,AWP,WE,Federal Contract Tower,51,27,5,14,97,0,55,35,3,93,51,82,40,17,190,96,10,106,296
10/10/2013,KOA,HI,AWP,WE,Federal Contract Tower,58,28,7,20,113,0,60,36,20,116,58,88,43,40,229,116,62,178,407
10/11/2013,KOA,HI,AWP,WE,Federal Contract Tower,64,23,2,12,101,0,57,52,10,119,64,80,54,22,220,82,82,164,384
10/12/2013,KOA,HI,AWP,WE,Federal Contract Tower,51,21,8,0,80,0,47,46,0,93,51,68,54,0,173,34,0,34,207
10/13/2013,KOA,HI,AWP,WE,Federal Contract Tower,58,21,8,0,87,0,54,24,3,81,58,75,32,3,168,24,2,26,194
10/14/2013,KOA,HI,AWP,WE,Federal Contract Tower,63,28,6,0,97,0,52,45,0,97,63,80,51,0,194,142,0,142,336
10/15/2013,KOA,HI,AWP,WE,Federal Contract Tower,52,36,8,29,125,0,49,43,21,113,52,85,51,50,238,196,102,298,536
10/16/2013,KOA,HI,AWP,WE,Federal Contract Tower,55,22,3,13,93,0,69,49,4,122,55,91,52,17,215,188,92,280,495
10/17/2013,KOA,HI,AWP,WE,Federal Contract Tower,56,19,1,19,95,0,52,50,5,107,56,71,51,24,202,136,36,172,374
10/18/2013,KOA,HI,AWP,WE,Federal Contract Tower,65,24,7,0,96,0,65,74,0,139,65,89,81,0,235,258,0,258,493
10/19/2013,KOA,HI,AWP,WE,Federal Contract Tower,52,25,4,0,81,0,44,32,0,76,52,69,36,0,157,26,0,26,183
10/20/2013,KOA,HI,AWP,WE,Federal Contract Tower,57,16,4,4,81,0,48,25,4,77,57,64,29,8,158,18,4,22,180
10/21/2013,KOA,HI,AWP,WE,Federal Contract Tower,56,22,4,16,98,0,40,49,0,89,56,62,53,16,187,236,48,284,471
10/22/2013,KOA,HI,AWP,WE,Federal Contract Tower,55,24,4,12,95,0,43,41,12,96,55,67,45,24,191,126,64,190,381
10/23/2013,KOA,HI,AWP,WE,Federal Contract Tower,53,27,4,30,114,62,50,13,0,125,115,77,17,30,239,210,122,332,571
10/24/2013,KOA,HI,AWP,WE,Federal Contract Tower,57,28,7,16,108,0,54,41,9,104,57,82,48,25,212,126,168,294,506
10/25/2013,KOA,HI,AWP,WE,Federal Contract Tower,62,20,11,9,102,0,57,53,6,116,62,77,64,15,218,222,84,306,524
10/26/2013,KOA,HI,AWP,WE,Federal Contract Tower,53,20,5,1,79,0,37,27,7,71,53,57,32,8,150,40,6,46,196
10/27/2013,KOA,HI,AWP,WE,Federal Contract Tower,57,29,5,0,91,0,44,36,4,84,57,73,41,4,175,36,0,36,211
10/28/2013,KOA,HI,AWP,WE,Federal Contract Tower,56,21,1,31,109,0,44,21,9,74,56,65,22,40,183,42,82,124,307
10/29/2013,KOA,HI,AWP,WE,Federal Contract Tower,52,23,5,11,91,0,31,16,6,53,52,54,21,17,144,58,56,114,258
10/30/2013,KOA,HI,AWP,WE,Federal Contract Tower,53,28,7,5,93,0,46,48,1,95,53,74,55,6,188,126,18,144,332
10/31/2013,KOA,HI,AWP,WE,Federal Contract Tower,54,25,4,4,87,0,43,45,3,91,54,68,49,7,178,88,8,96,274
11/01/2013,KOA,HI,AWP,WE,Federal Contract Tower,63,23,6,11,103,0,46,41,0,87,63,69,47,11,190,140,18,158,348
11/02/2013,KOA,HI,AWP,WE,Federal Contract Tower,50,20,4,0,74,0,41,26,0,67,50,61,30,0,141,50,0,50,191
11/03/2013,KOA,HI,AWP,WE,Federal Contract Tower,59,18,6,0,83,0,39,15,0,54,59,57,21,0,137,34,0,34,171
11/04/2013,KOA,HI,AWP,WE,Federal Contract Tower,55,25,6,22,108,0,31,33,5,69,55,56,39,27,177,160,14,174,351
11/05/2013,KOA,HI,AWP,WE,Federal Contract Tower,52,20,2,18,92,0,38,43,3,84,52,58,45,21,176,148,24,172,348
11/06/2013,KOA,HI,AWP,WE,Federal Contract Tower,54,25,2,8,89,0,53,35,2,90,54,78,37,10,179,118,36,154,333
11/07/2013,KOA,HI,AWP,WE,Federal Contract Tower,60,22,4,8,94,0,45,36,2,83,60,67,40,10,177,94,6,100,277
11/08/2013,KOA,HI,AWP,WE,Federal Contract Tower,59,35,8,0,102,0,59,46,0,105,59,94,54,0,207,48,0,48,255
11/09/2013,KOA,HI,AWP,WE,Federal Contract Tower,52,25,6,0,83,0,43,7,0,50,52,68,13,0,133,8,0,8,141
11/10/2013,KOA,HI,AWP,WE,Federal Contract Tower,56,34,7,2,99,0,29,10,0,39,56,63,17,2,138,0,6,6,144
11/11/2013,KOA,HI,AWP,WE,Federal Contract Tower,52,26,2,0,80,0,43,26,4,73,52,69,28,4,153,92,0,92,245
11/12/2013,KOA,HI,AWP,WE,Federal Contract Tower,53,21,3,36,113,0,58,26,0,84,53,79,29,36,197,70,58,128,325
11/13/2013,KOA,HI,AWP,WE,Federal Contract Tower,54,25,5,11,95,0,49,24,0,73,54,74,29,11,168,116,18,134,302
11/14/2013,KOA,HI,AWP,WE,Federal Contract Tower,60,24,12,6,102,0,41,28,2,71,60,65,40,8,173,58,10,68,241
11/15/2013,KOA,HI,AWP,WE,Federal Contract Tower,64,26,6,18,114,0,61,43,9,113,64,87,49,27,227,150,86,236,463
11/16/2013,KOA,HI,AWP,WE,Federal Contract Tower,55,29,14,2,100,0,33,23,0,56,55,62,37,2,156,74,0,74,230
11/17/2013,KOA,HI,AWP,WE,Federal Contract Tower,55,25,13,0,93,38,25,8,0,71,93,50,21,0,164,16,0,16,180
11/18/2013,KOA,HI,AWP,WE,Federal Contract Tower,55,26,8,7,96,0,45,44,4,93,55,71,52,11,189,128,16,144,333
11/19/2013,KOA,HI,AWP,WE,Federal Contract Tower,49,20,6,10,85,0,47,45,3,95,49,67,51,13,180,64,0,64,244
11/20/2013,KOA,HI,AWP,WE,Federal Contract Tower,56,33,6,20,115,0,54,61,2,117,56,87,67,22,232,100,0,100,332
11/21/2013,KOA,HI,AWP,WE,Federal Contract Tower,57,22,6,10,95,0,40,44,10,94,57,62,50,20,189,105,40,145,334
11/22/2013,KOA,HI,AWP,WE,Federal Contract Tower,63,28,11,13,115,0,57,56,1,114,63,85,67,14,229,158,22,180,409
11/23/2013,KOA,HI,AWP,WE,Federal Contract Tower,55,19,12,0,86,0,43,22,0,65,55,62,34,0,151,10,0,10,161
11/24/2013,KOA,HI,AWP,WE,Federal Contract Tower,60,15,14,0,89,0,40,27,0,67,60,55,41,0,156,40,0,40,196
11/25/2013,KOA,HI,AWP,WE,Federal Contract Tower,57,23,8,10,98,0,47,33,7,87,57,70,41,17,185,88,22,110,295
11/26/2013,KOA,HI,AWP,WE,Federal Contract Tower,51,20,11,14,96,0,51,41,1,93,51,71,52,15,189,36,62,98,287
11/27/2013,KOA,HI,AWP,WE,Federal Contract Tower,61,26,7,12,106,0,61,70,2,133,61,87,77,14,239,70,10,80,319
11/28/2013,KOA,HI,AWP,WE,Federal Contract Tower,49,25,4,0,78,0,45,39,0,84,49,70,43,0,162,52,0,52,214
11/29/2013,KOA,HI,AWP,WE,Federal Contract Tower,64,24,9,0,97,0,46,21,0,67,64,70,30,0,164,78,0,78,242
11/30/2013,KOA,HI,AWP,WE,Federal Contract Tower,53,27,14,1,95,0,36,18,0,54,53,63,32,1,149,0,0,0,149
12/01/2013,KOA,HI,AWP,WE,Federal Contract Tower,64,25,14,0,103,0,45,18,0,63,64,70,32,0,166,4,0,4,170
12/02/2013,KOA,HI,AWP,WE,Federal Contract Tower,55,29,3,14,101,0,40,21,2,63,55,69,24,16,164,94,6,100,264
12/03/2013,KOA,HI,AWP,WE,Federal Contract Tower,50,28,4,0,82,0,43,40,0,83,50,71,44,0,165,20,0,20,185
12/04/2013,KOA,HI,AWP,WE,Federal Contract Tower,52,17,11,3,83,0,44,47,0,91,52,61,58,3,174,16,10,26,200
12/05/2013,KOA,HI,AWP,WE,Federal Contract Tower,52,17,3,8,80,0,41,41,0,82,52,58,44,8,162,40,0,40,202
12/06/2013,KOA,HI,AWP,WE,Federal Contract Tower,60,25,7,5,97,1,37,46,7,91,61,62,53,12,188,102,46,148,336
12/07/2013,KOA,HI,AWP,WE,Federal Contract Tower,51,25,3,7,86,0,45,21,2,68,51,70,24,9,154,46,2,48,202
12/08/2013,KOA,HI,AWP,WE,Federal Contract Tower,55,18,4,2,79,0,39,16,0,55,55,57,20,2,134,0,0,0,134
12/09/2013,KOA,HI,AWP,WE,Federal Contract Tower,54,23,2,22,101,0,32,28,13,73,54,55,30,35,174,78,58,136,310
12/10/2013,KOA,HI,AWP,WE,Federal Contract Tower,52,30,10,24,116,0,42,38,5,85,52,72,48,29,201,158,66,224,425
12/11/2013,KOA,HI,AWP,WE,Federal Contract Tower,54,28,3,52,137,0,54,50,8,112,54,82,53,60,249,174,52,226,475
12/12/2013,KOA,HI,AWP,WE,Federal Contract Tower,53,32,6,22,113,0,55,63,2,120,53,87,69,24,233,186,12,198,431
12/13/2013,KOA,HI,AWP,WE,Federal Contract Tower,57,24,6,4,91,0,48,49,0,97,57,72,55,4,188,156,0,156,344
12/14/2013,KOA,HI,AWP,WE,Federal Contract Tower,58,12,3,3,76,0,41,21,0,62,58,53,24,3,138,22,0,22,160
12/15/2013,KOA,HI,AWP,WE,Federal Contract Tower,56,24,5,0,85,0,42,27,0,69,56,66,32,0,154,62,0,62,216
12/16/2013,KOA,HI,AWP,WE,Federal Contract Tower,57,16,5,8,86,0,32,38,4,74,57,48,43,12,160,80,4,84,244
12/17/2013,KOA,HI,AWP,WE,Federal Contract Tower,54,21,8,17,100,0,51,51,7,109,54,72,59,24,209,58,78,136,345
12/18/2013,KOA,HI,AWP,WE,Federal Contract Tower,53,29,8,4,94,0,68,56,8,132,53,97,64,12,226,162,42,204,430
12/19/2013,KOA,HI,AWP,WE,Federal Contract Tower,63,23,12,22,120,0,58,43,9,110,63,81,55,31,230,114,67,181,411
12/20/2013,KOA,HI,AWP,WE,Federal Contract Tower,68,28,21,17,134,0,45,47,5,97,68,73,68,22,231,102,40,142,373
12/21/2013,KOA,HI,AWP,WE,Federal Contract Tower,65,33,23,0,121,0,40,23,0,63,65,73,46,0,184,16,0,16,200
12/22/2013,KOA,HI,AWP,WE,Federal Contract Tower,68,20,17,0,105,0,51,40,0,91,68,71,57,0,196,46,0,46,242
12/23/2013,KOA,HI,AWP,WE,Federal Contract Tower,62,23,22,0,107,0,43,39,0,82,62,66,61,0,189,82,0,82,271
12/24/2013,KOA,HI,AWP,WE,Federal Contract Tower,55,27,15,0,97,0,53,13,0,66,55,80,28,0,163,22,0,22,185
12/25/2013,KOA,HI,AWP,WE,Federal Contract Tower,60,23,11,0,94,0,44,6,0,50,60,67,17,0,144,4,0,4,148
12/26/2013,KOA,HI,AWP,WE,Federal Contract Tower,58,43,17,0,118,0,71,45,0,116,58,114,62,0,234,100,0,100,334
12/27/2013,KOA,HI,AWP,WE,Federal Contract Tower,68,35,12,12,127,0,76,58,4,138,68,111,70,16,265,32,62,94,359
12/28/2013,KOA,HI,AWP,WE,Federal Contract Tower,62,21,19,0,102,0,60,30,0,90,62,81,49,0,192,68,0,68,260
12/29/2013,KOA,HI,AWP,WE,Federal Contract Tower,59,24,14,0,97,0,68,40,0,108,59,92,54,0,205,48,0,48,253
12/30/2013,KOA,HI,AWP,WE,Federal Contract Tower,61,38,18,9,126,0,44,43,4,91,61,82,61,13,217,30,44,74,291
12/31/2013,KOA,HI,AWP,WE,Federal Contract Tower,61,33,19,0,113,0,53,50,2,105,61,86,69,2,218,158,0,158,376
01/01/2014,KOA,HI,AWP,WE,Federal Contract Tower,61,26,15,0,102,0,76,39,0,115,61,102,54,0,217,66,0,66,283
01/02/2014,KOA,HI,AWP,WE,Federal Contract Tower,59,36,40,1,136,0,71,63,2,136,59,107,103,3,272,202,6,208,480
01/03/2014,KOA,HI,AWP,WE,Federal Contract Tower,71,43,45,6,165,0,35,27,2,64,71,78,72,8,229,56,22,78,307
01/04/2014,KOA,HI,AWP,WE,Federal Contract Tower,58,28,37,0,123,2,46,30,0,78,60,74,67,0,201,38,0,38,239
01/05/2014,KOA,HI,AWP,WE,Federal Contract Tower,62,13,18,0,93,0,54,40,0,94,62,67,58,0,187,84,0,84,271
01/06/2014,KOA,HI,AWP,WE,Federal Contract Tower,64,21,12,5,102,0,42,43,0,85,64,63,55,5,187,82,0,82,269
01/07/2014,KOA,HI,AWP,WE,Federal Contract Tower,56,17,7,40,120,2,58,51,10,121,58,75,58,50,241,50,48,98,339
01/08/2014,KOA,HI,AWP,WE,Federal Contract Tower,59,21,5,24,109,2,62,61,9,134,61,83,66,33,243,140,42,182,425
01/09/2014,KOA,HI,AWP,WE,Federal Contract Tower,61,20,7,25,113,0,50,63,10,123,61,70,70,35,236,82,68,150,386
01/10/2014,KOA,HI,AWP,WE,Federal Contract Tower,64,20,5,5,94,0,71,66,10,147,64,91,71,15,241,204,50,254,495
01/11/2014,KOA,HI,AWP,WE,Federal Contract Tower,58,16,8,0,82,0,40,40,0,80,58,56,48,0,162,40,0,40,202
01/12/2014,KOA,HI,AWP,WE,Federal Contract Tower,59,11,9,0,79,0,45,23,0,68,59,56,32,0,147,22,2,24,171
01/13/2014,KOA,HI,AWP,WE,Federal Contract Tower,59,30,5,24,118,0,37,39,23,99,59,67,44,47,217,84,104,188,405
01/14/2014,KOA,HI,AWP,WE,Federal Contract Tower,55,31,7,29,122,2,54,55,16,127,57,85,62,45,249,94,66,160,409
01/15/2014,KOA,HI,AWP,WE,Federal Contract Tower,59,19,8,24,110,4,43,37,15,99,63,62,45,39,209,146,166,312,521
01/16/2014,KOA,HI,AWP,WE,Federal Contract Tower,59,21,8,15,103,2,35,40,10,87,61,56,48,25,190,60,64,124,314
01/17/2014,KOA,HI,AWP,WE,Federal Contract Tower,63,29,1,42,135,2,49,59,4,114,65,78,60,46,249,74,76,150,399
01/18/2014,KOA,HI,AWP,WE,Federal Contract Tower,56,18,6,4,84,0,38,23,5,66,56,56,29,9,150,18,4,22,172
01/19/2014,KOA,HI,AWP,WE,Federal Contract Tower,55,15,8,1,79,0,35,17,0,52,55,50,25,1,131,8,0,8,139
01/20/2014,KOA,HI,AWP,WE,Federal Contract Tower,65,28,10,0,103,1,34,33,0,68,66,62,43,0,171,48,0,48,219
01/21/2014,KOA,HI,AWP,WE,Federal Contract Tower,57,31,3,15,106,3,33,41,11,88,60,64,44,26,194,114,74,188,382
01/22/2014,KOA,HI,AWP,WE,Federal Contract Tower,61,59,4,2,126,0,2,5,2,9,61,61,9,4,135,38,0,38,173
01/23/2014,KOA,HI,AWP,WE,Federal Contract Tower,61,47,3,28,139,0,33,64,25,122,61,80,67,53,261,192,102,294,555
01/24/2014,KOA,HI,AWP,WE,Federal Contract Tower,63,50,1,5,119,2,29,61,3,95,65,79,62,8,214,148,32,180,394
01/25/2014,KOA,HI,AWP,WE,Federal Contract Tower,58,52,3,1,114,4,29,42,0,75,62,81,45,1,189,118,0,118,307
01/26/2014,KOA,HI,AWP,WE,Federal Contract Tower,53,40,3,0,96,4,16,25,0,45,57,56,28,0,141,6,0,6,147
01/27/2014,KOA,HI,AWP,WE,Federal Contract Tower,57,52,9,11,129,0,22,33,5,60,57,74,42,16,189,150,36,186,375
01/28/2014,KOA,HI,AWP,WE,Federal Contract Tower,54,48,6,2,110,0,3,21,0,24,54,51,27,2,134,2,0,2,136
01/29/2014,KOA,HI,AWP,WE,Federal Contract Tower,58,41,8,6,113,0,39,45,9,93,58,80,53,15,206,230,62,292,498
01/30/2014,KOA,HI,AWP,WE,Federal Contract Tower,60,45,9,14,128,0,35,55,4,94,60,80,64,18,222,154,20,174,396
01/31/2014,KOA,HI,AWP,WE,Federal Contract Tower,68,47,3,1,119,0,30,45,2,77,68,77,48,3,196,102,0,102,298
02/01/2014,KOA,HI,AWP,WE,Federal Contract Tower,59,49,3,0,111,0,19,25,0,44,59,68,28,0,155,50,0,50,205
02/02/2014,KOA,HI,AWP,WE,Federal Contract Tower,58,52,2,2,114,0,19,15,4,38,58,71,17,6,152,4,0,4,156
02/03/2014,KOA,HI,AWP,WE,Federal Contract Tower,53,50,2,3,108,0,18,28,5,51,53,68,30,8,159,108,14,122,281
02/04/2014,KOA,HI,AWP,WE,Federal Contract Tower,54,51,3,23,131,0,17,21,10,48,54,68,24,33,179,188,72,260,439
02/05/2014,KOA,HI,AWP,WE,Federal Contract Tower,60,49,6,33,148,0,24,35,2,61,60,73,41,35,209,102,8,110,319
02/06/2014,KOA,HI,AWP,WE,Federal Contract Tower,61,49,4,31,145,0,28,38,14,80,61,77,42,45,225,178,98,276,501
02/07/2014,KOA,HI,AWP,WE,Federal Contract Tower,61,53,8,12,134,2,19,40,4,65,63,72,48,16,199,136,14,150,349
02/08/2014,KOA,HI,AWP,WE,Federal Contract Tower,57,44,9,1,111,0,12,26,1,39,57,56,35,2,150,76,4,80,230
02/09/2014,KOA,HI,AWP,WE,Federal Contract Tower,54,48,3,0,105,0,17,23,0,40,54,65,26,0,145,70,4,74,219
02/10/2014,KOA,HI,AWP,WE,Federal Contract Tower,54,52,4,14,124,0,26,32,5,63,54,78,36,19,187,96,34,130,317
02/11/2014,KOA,HI,AWP,WE,Federal Contract Tower,57,51,2,18,128,0,13,44,4,61,57,64,46,22,189,224,42,266,455
02/12/2014,KOA,HI,AWP,WE,Federal Contract Tower,58,40,4,17,119,0,44,67,7,118,58,84,71,24,237,166,70,236,473
02/13/2014,KOA,HI,AWP,WE,Federal Contract Tower,60,27,13,16,116,0,47,55,13,115,60,74,68,29,231,195,124,319,550
02/14/2014,KOA,HI,AWP,WE,Federal Contract Tower,65,27,17,6,115,0,66,62,1,129,65,93,79,7,244,202,14,216,460
02/15/2014,KOA,HI,AWP,WE,Federal Contract Tower,58,26,13,0,97,0,49,30,1,80,58,75,43,1,177,132,0,132,309
02/16/2014,KOA,HI,AWP,WE,Federal Contract Tower,61,23,6,0,90,0,39,28,0,67,61,62,34,0,157,40,0,40,197
02/17/2014,KOA,HI,AWP,WE,Federal Contract Tower,58,27,14,0,99,0,39,38,2,79,58,66,52,2,178,156,0,156,334
02/18/2014,KOA,HI,AWP,WE,Federal Contract Tower,53,30,8,13,104,0,40,30,13,83,53,70,38,26,187,86,74,160,347
02/19/2014,KOA,HI,AWP,WE,Federal Contract Tower,60,22,2,11,95,0,53,43,12,108,60,75,45,23,203,204,74,278,481
02/20/2014,KOA,HI,AWP,WE,Federal Contract Tower,57,25,4,43,129,0,63,63,9,135,57,88,67,52,264,178,62,240,504
02/21/2014,KOA,HI,AWP,WE,Federal Contract Tower,66,17,10,25,118,0,56,57,11,124,66,73,67,36,242,170,34,204,446
02/22/2014,KOA,HI,AWP,WE,Federal Contract Tower,62,26,9,0,97,0,45,15,0,60,62,71,24,0,157,14,0,14,171
02/23/2014,KOA,HI,AWP,WE,Federal Contract Tower,58,21,13,4,96,0,47,29,0,76,58,68,42,4,172,42,0,42,214
02/24/2014,KOA,HI,AWP,WE,Federal Contract Tower,57,19,9,11,96,0,45,45,6,96,57,64,54,17,192,96,34,130,322
02/25/2014,KOA,HI,AWP,WE,Federal Contract Tower,51,20,3,42,116,0,37,42,16,95,51,57,45,58,211,96,90,186,397
02/26/2014,KOA,HI,AWP,WE,Federal Contract Tower,54,23,3,26,106,0,61,56,15,132,54,84,59,41,238,114,92,206,444
02/27/2014,KOA,HI,AWP,WE,Federal Contract Tower,60,20,4,28,112,0,63,34,17,114,60,83,38,45,226,104,56,160,386
02/28/2014,KOA,HI,AWP,WE,Federal Contract Tower,65,27,3,34,129,1,52,60,1,114,66,79,63,35,243,158,42,200,443
03/01/2014,KOA,HI,AWP,WE,Federal Contract Tower,63,32,13,0,108,0,37,29,0,66,63,69,42,0,174,114,0,114,288
03/02/2014,KOA,HI,AWP,WE,Federal Contract Tower,64,49,5,4,122,0,20,5,0,25,64,69,10,4,147,0,0,0,147
03/03/2014,KOA,HI,AWP,WE,Federal Contract Tower,59,50,4,26,139,0,15,25,7,47,59,65,29,33,186,64,38,102,288
03/04/2014,KOA,HI,AWP,WE,Federal Contract Tower,52,24,5,22,103,1,42,37,9,89,53,66,42,31,192,88,54,142,334
03/05/2014,KOA,HI,AWP,WE,Federal Contract Tower,59,21,9,27,116,0,62,45,6,113,59,83,54,33,229,56,26,82,311
03/06/2014,KOA,HI,AWP,WE,Federal Contract Tower,61,25,6,37,129,0,44,30,11,85,61,69,36,48,214,114,106,220,434
03/07/2014,KOA,HI,AWP,WE,Federal Contract Tower,61,41,7,34,143,0,30,35,3,68,61,71,42,37,211,124,46,170,381
03/08/2014,KOA,HI,AWP,WE,Federal Contract Tower,66,31,7,2,106,0,32,22,2,56,66,63,29,4,162,54,2,56,218
03/09/2014,KOA,HI,AWP,WE,Federal Contract Tower,59,31,2,0,92,0,36,17,0,53,59,67,19,0,145,20,0,20,165
03/10/2014,KOA,HI,AWP,WE,Federal Contract Tower,64,25,6,5,100,0,35,37,4,76,64,60,43,9,176,30,10,40,216
03/11/2014,KOA,HI,AWP,WE,Federal Contract Tower,53,23,7,16,99,0,51,35,2,88,53,74,42,18,187,170,60,230,417
03/12/2014,KOA,HI,AWP,WE,Federal Contract Tower,62,22,7,2,93,0,32,55,6,93,62,54,62,8,186,114,6,120,306
03/13/2014,KOA,HI,AWP,WE,Federal Contract Tower,63,22,4,13,102,0,51,37,4,92,63,73,41,17,194,252,16,268,462
03/14/2014,KOA,HI,AWP,WE,Federal Contract Tower,68,29,5,29,131,0,43,40,20,103,68,72,45,49,234,204,50,254,488
03/15/2014,KOA,HI,AWP,WE,Federal Contract Tower,64,33,6,1,104,0,30,24,0,54,64,63,30,1,158,44,14,58,216
03/16/2014,KOA,HI,AWP,WE,Federal Contract Tower,62,20,3,3,88,0,33,3,1,37,62,53,6,4,125,0,0,0,125
03/17/2014,KOA,HI,AWP,WE,Federal Contract Tower,65,31,7,20,123,0,58,31,7,96,65,89,38,27,219,94,54,148,367
03/18/2014,KOA,HI,AWP,WE,Federal Contract Tower,56,23,14,22,115,0,50,32,4,86,56,73,46,26,201,46,36,82,283
03/19/2014,KOA,HI,AWP,WE,Federal Contract Tower,61,24,6,17,108,0,49,26,15,90,61,73,32,32,198,201,114,315,513
03/20/2014,KOA,HI,AWP,WE,Federal Contract Tower,64,29,9,27,129,0,53,59,11,123,64,82,68,38,252,90,60,150,402
03/21/2014,KOA,HI,AWP,WE,Federal Contract Tower,69,39,12,8,128,0,52,35,3,90,69,91,47,11,218,134,36,170,388
03/22/2014,KOA,HI,AWP,WE,Federal Contract Tower,64,35,6,12,117,0,44,23,11,78,64,79,29,23,195,30,30,60,255
03/23/2014,KOA,HI,AWP,WE,Federal Contract Tower,62,30,5,5,102,0,41,17,3,61,62,71,22,8,163,28,14,42,205
03/24/2014,KOA,HI,AWP,WE,Federal Contract Tower,61,28,5,29,123,0,47,41,12,100,61,75,46,41,223,152,50,202,425
03/25/2014,KOA,HI,AWP,WE,Federal Contract Tower,59,22,13,16,110,0,46,37,6,89,59,68,50,22,199,136,78,214,413
03/26/2014,KOA,HI,AWP,WE,Federal Contract Tower,68,19,6,8,101,0,50,50,7,107,68,69,56,15,208,200,34,234,442
03/27/2014,KOA,HI,AWP,WE,Federal Contract Tower,63,19,3,5,90,0,57,44,1,102,63,76,47,6,192,102,18,120,312
03/28/2014,KOA,HI,AWP,WE,Federal Contract Tower,68,39,15,11,133,0,50,44,2,96,68,89,59,13,229,54,56,110,339
03/29/2014,KOA,HI,AWP,WE,Federal Contract Tower,69,33,13,4,119,0,38,31,2,71,69,71,44,6,190,88,4,92,282
03/30/2014,KOA,HI,AWP,WE,Federal Contract Tower,63,18,15,0,96,0,43,28,0,71,63,61,43,0,167,52,0,52,219
03/31/2014,KOA,HI,AWP,WE,Federal Contract Tower,57,30,5,7,99,0,25,21,3,49,57,55,26,10,148,84,6,90,238
04/01/2014,KOA,HI,AWP,WE,Federal Contract Tower,55,20,7,32,114,0,38,25,10,73,55,58,32,42,187,92,112,204,391
04/02/2014,KOA,HI,AWP,WE,Federal Contract Tower,59,23,10,21,113,0,56,50,10,116,59,79,60,31,229,100,70,170,399
04/03/2014,KOA,HI,AWP,WE,Federal Contract Tower,59,20,4,27,110,0,44,26,8,78,59,64,30,35,188,104,70,174,362
04/04/2014,KOA,HI,AWP,WE,Federal Contract Tower,65,24,14,17,120,0,50,50,3,103,65,74,64,20,223,78,18,96,319
04/05/2014,KOA,HI,AWP,WE,Federal Contract Tower,62,19,8,2,91,0,37,36,4,77,62,56,44,6,168,70,24,94,262
04/06/2014,KOA,HI,AWP,WE,Federal Contract Tower,60,12,7,0,79,0,53,37,0,90,60,65,44,0,169,88,0,88,257
04/07/2014,KOA,HI,AWP,WE,Federal Contract Tower,56,20,1,4,81,0,42,32,3,77,56,62,33,7,158,48,22,70,228
04/08/2014,KOA,HI,AWP,WE,Federal Contract Tower,58,22,5,16,101,0,45,9,0,54,58,67,14,16,155,100,22,122,277
04/09/2014,KOA,HI,AWP,WE,Federal Contract Tower,53,12,5,7,77,0,56,36,4,96,53,68,41,11,173,60,36,96,269
04/10/2014,KOA,HI,AWP,WE,Federal Contract Tower,61,18,8,17,104,0,53,54,11,118,61,71,62,28,222,46,104,150,372
04/11/2014,KOA,HI,AWP,WE,Federal Contract Tower,70,16,8,5,99,0,47,47,3,97,70,63,55,8,196,146,60,206,402
04/12/2014,KOA,HI,AWP,WE,Federal Contract Tower,60,18,15,5,98,1,39,26,0,66,61,57,41,5,164,56,0,56,220
04/13/2014,KOA,HI,AWP,WE,Federal Contract Tower,64,12,12,0,88,0,39,17,0,56,64,51,29,0,144,40,0,40,184
04/14/2014,KOA,HI,AWP,WE,Federal Contract Tower,55,20,7,5,87,0,32,29,1,62,55,52,36,6,149,106,14,120,269
04/15/2014,KOA,HI,AWP,WE,Federal Contract Tower,53,21,7,13,94,0,38,34,4,76,53,59,41,17,170,156,54,210,380
04/16/2014,KOA,HI,AWP,WE,Federal Contract Tower,56,16,10,7,89,0,63,51,4,118,56,79,61,11,207,144,12,156,363
04/17/2014,KOA,HI,AWP,WE,Federal Contract Tower,63,22,9,16,110,0,54,30,4,88,63,76,39,20,198,210,8,218,416
04/18/2014,KOA,HI,AWP,WE,Federal Contract Tower,68,24,8,0,100,0,65,61,2,128,68,89,69,2,228,108,0,108,336
04/19/2014,KOA,HI,AWP,WE,Federal Contract Tower,59,22,10,0,91,1,39,39,0,79,60,61,49,0,170,78,0,78,248
04/20/2014,KOA,HI,AWP,WE,Federal Contract Tower,56,13,6,0,75,0,27,22,0,49,56,40,28,0,124,34,0,34,158
04/21/2014,KOA,HI,AWP,WE,Federal Contract Tower,60,13,8,15,96,0,25,15,0,40,60,38,23,15,136,170,4,174,310
04/22/2014,KOA,HI,AWP,WE,Federal Contract Tower,54,11,5,2,72,0,39,33,0,72,54,50,38,2,144,126,12,138,282
04/23/2014,KOA,HI,AWP,WE,Federal Contract Tower,57,13,5,15,90,0,40,33,2,75,57,53,38,17,165,178,28,206,371
04/24/2014,KOA,HI,AWP,WE,Federal Contract Tower,58,12,3,16,89,0,38,49,6,93,58,50,52,22,182,186,14,200,382
04/25/2014,KOA,HI,AWP,WE,Federal Contract Tower,67,18,6,0,91,0,58,99,0,157,67,76,105,0,248,250,0,250,498
04/26/2014,KOA,HI,AWP,WE,Federal Contract Tower,54,12,5,0,71,0,42,28,0,70,54,54,33,0,141,110,0,110,251
04/27/2014,KOA,HI,AWP,WE,Federal Contract Tower,61,10,9,0,80,0,40,24,0,64,61,50,33,0,144,84,0,84,228
04/28/2014,KOA,HI,AWP,WE,Federal Contract Tower,55,14,7,12,88,0,56,38,2,96,55,70,45,14,184,76,20,96,280
04/29/2014,KOA,HI,AWP,WE,Federal Contract Tower,52,18,4,15,89,0,39,31,4,74,52,57,35,19,163,52,34,86,249
04/30/2014,KOA,HI,AWP,WE,Federal Contract Tower,53,10,4,3,70,0,48,33,1,82,53,58,37,4,152,100,14,114,266
05/01/2014,KOA,HI,AWP,WE,Federal Contract Tower,56,35,13,14,118,0,11,33,0,44,56,46,46,14,162,116,42,158,320
05/02/2014,KOA,HI,AWP,WE,Federal Contract Tower,63,30,3,5,101,0,23,21,1,45,63,53,24,6,146,162,0,162,308
05/03/2014,KOA,HI,AWP,WE,Federal Contract Tower,52,12,4,1,69,0,38,20,1,59,52,50,24,2,128,22,16,38,166
05/04/2014,KOA,HI,AWP,WE,Federal Contract Tower,57,6,5,2,70,0,43,10,0,53,57,49,15,2,123,0,6,6,129
05/05/2014,KOA,HI,AWP,WE,Federal Contract Tower,54,14,5,11,84,0,35,24,5,64,54,49,29,16,148,142,10,152,300
05/06/2014,KOA,HI,AWP,WE,Federal Contract Tower,51,12,1,8,72,0,32,32,0,64,51,44,33,8,136,112,0,112,248
05/07/2014,KOA,HI,AWP,WE,Federal Contract Tower,54,15,8,1,78,0,33,40,11,84,54,48,48,12,162,152,0,152,314
05/08/2014,KOA,HI,AWP,WE,Federal Contract Tower,50,19,6,4,79,0,31,26,3,60,50,50,32,7,139,304,0,304,443
05/09/2014,KOA,HI,AWP,WE,Federal Contract Tower,60,15,1,6,82,0,32,27,0,59,60,47,28,6,141,238,26,264,405
05/10/2014,KOA,HI,AWP,WE,Federal Contract Tower,52,12,3,0,67,0,37,18,0,55,52,49,21,0,122,116,0,116,238
05/11/2014,KOA,HI,AWP,WE,Federal Contract Tower,53,9,5,0,67,0,36,14,0,50,53,45,19,0,117,40,0,40,157
05/12/2014,KOA,HI,AWP,WE,Federal Contract Tower,54,20,4,6,84,0,38,41,5,84,54,58,45,11,168,316,30,346,514
05/13/2014,KOA,HI,AWP,WE,Federal Contract Tower,51,18,2,4,75,0,31,35,0,66,51,49,37,4,141,188,0,188,329
05/14/2014,KOA,HI,AWP,WE,Federal Contract Tower,54,41,5,10,110,0,19,27,0,46,54,60,32,10,156,174,40,214,370
05/15/2014,KOA,HI,AWP,WE,Federal Contract Tower,55,18,2,28,103,0,45,50,18,113,55,63,52,46,216,178,12,190,406
05/16/2014,KOA,HI,AWP,WE,Federal Contract Tower,53,12,4,11,80,0,53,59,10,122,53,65,63,21,202,334,38,372,574
05/17/2014,KOA,HI,AWP,WE,Federal Contract Tower,51,14,8,0,73,0,33,14,0,47,51,47,22,0,120,114,0,114,234
05/18/2014,KOA,HI,AWP,WE,Federal Contract Tower,53,11,4,4,72,0,34,23,6,63,53,45,27,10,135,50,4,54,189
05/19/2014,KOA,HI,AWP,WE,Federal Contract Tower,54,14,6,6,80,0,48,52,10,110,54,62,58,16,190,222,50,272,462
05/20/2014,KOA,HI,AWP,WE,Federal Contract Tower,52,14,2,11,79,0,31,49,3,83,52,45,51,14,162,215,72,287,449
05/21/2014,KOA,HI,AWP,WE,Federal Contract Tower,53,13,9,38,113,0,49,51,5,105,53,62,60,43,218,294,72,366,584
05/22/2014,KOA,HI,AWP,WE,Federal Contract Tower,59,14,1,6,80,0,38,27,3,68,59,52,28,9,148,190,48,238,386
05/23/2014,KOA,HI,AWP,WE,Federal Contract Tower,62,20,8,0,90,0,52,49,0,101,62,72,57,0,191,286,0,286,477
05/24/2014,KOA,HI,AWP,WE,Federal Contract Tower,53,9,7,0,69,0,42,26,1,69,53,51,33,1,138,102,12,114,252
05/25/2014,KOA,HI,AWP,WE,Federal Contract Tower,53,15,5,4,77,0,43,24,1,68,53,58,29,5,145,138,0,138,283
05/26/2014,KOA,HI,AWP,WE,Federal Contract Tower,57,15,10,0,82,0,26,24,1,51,57,41,34,1,133,66,0,66,199
05/27/2014,KOA,HI,AWP,WE,Federal Contract Tower,50,10,5,8,73,0,40,44,6,90,50,50,49,14,163,97,42,139,302
05/28/2014,KOA,HI,AWP,WE,Federal Contract Tower,55,17,7,28,107,0,43,53,25,121,55,60,60,53,228,310,96,406,634
05/29/2014,KOA,HI,AWP,WE,Federal Contract Tower,57,13,2,17,89,0,46,57,7,110,57,59,59,24,199,178,70,248,447
05/30/2014,KOA,HI,AWP,WE,Federal Contract Tower,68,8,7,13,96,0,53,45,3,101,68,61,52,16,197,126,74,200,397
05/31/2014,KOA,HI,AWP,WE,Federal Contract Tower,59,7,5,2,73,0,38,26,0,64,59,45,31,2,137,58,0,58,195
06/01/2014,KOA,HI,AWP,WE,Federal Contract Tower,63,11,10,0,84,0,44,20,0,64,63,55,30,0,148,46,0,46,194
06/02/2014,KOA,HI,AWP,WE,Federal Contract Tower,61,13,4,8,86,0,37,34,2,73,61,50,38,10,159,88,36,124,283
06/03/2014,KOA,HI,AWP,WE,Federal Contract Tower,59,8,4,14,85,0,34,35,3,72,59,42,39,17,157,96,32,128,285
06/04/2014,KOA,HI,AWP,WE,Federal Contract Tower,58,12,8,26,104,0,52,50,9,111,58,64,58,35,215,162,18,180,395
06/05/2014,KOA,HI,AWP,WE,Federal Contract Tower,69,12,4,8,93,0,46,37,2,85,69,58,41,10,178,154,12,166,344
06/06/2014,KOA,HI,AWP,WE,Federal Contract Tower,68,11,12,4,95,0,59,43,6,108,68,70,55,10,203,290,56,346,549
06/07/2014,KOA,HI,AWP,WE,Federal Contract Tower,64,15,5,0,84,0,45,30,0,75,64,60,35,0,159,66,0,66,225
06/08/2014,KOA,HI,AWP,WE,Federal Contract Tower,63,9,5,0,77,0,48,21,0,69,63,57,26,0,146,62,0,62,208
06/09/2014,KOA,HI,AWP,WE,Federal Contract Tower,63,9,8,3,83,0,53,55,2,110,63,62,63,5,193,236,12,248,441
06/10/2014,KOA,HI,AWP,WE,Federal Contract Tower,59,16,6,12,93,0,34,30,1,65,59,50,36,13,158,58,44,102,260
06/11/2014,KOA,HI,AWP,WE,Federal Contract Tower,59,11,7,8,85,0,45,36,5,86,59,56,43,13,171,118,42,160,331
06/12/2014,KOA,HI,AWP,WE,Federal Contract Tower,63,12,5,27,107,0,44,34,9,87,63,56,39,36,194,96,54,150,344
06/13/2014,KOA,HI,AWP,WE,Federal Contract Tower,68,19,3,6,96,0,46,46,1,93,68,65,49,7,189,140,10,150,339
06/14/2014,KOA,HI,AWP,WE,Federal Contract Tower,63,14,5,2,84,0,49,30,0,79,63,63,35,2,163,40,0,40,203
06/15/2014,KOA,HI,AWP,WE,Federal Contract Tower,62,9,5,0,76,0,56,18,0,74,62,65,23,0,150,6,0,6,156
06/16/2014,KOA,HI,AWP,WE,Federal Contract Tower,62,16,8,16,102,0,42,28,11,81,62,58,36,27,183,156,90,246,429
06/17/2014,KOA,HI,AWP,WE,Federal Contract Tower,60,10,9,17,96,0,44,31,3,78,60,54,40,20,174,112,46,158,332
06/18/2014,KOA,HI,AWP,WE,Federal Contract Tower,63,16,5,3,87,0,42,49,9,100,63,58,54,12,187,160,44,204,391
06/19/2014,KOA,HI,AWP,WE,Federal Contract Tower,62,17,5,27,111,1,44,27,13,85,63,61,32,40,196,86,98,184,380
06/20/2014,KOA,HI,AWP,WE,Federal Contract Tower,70,11,6,19,106,6,43,31,10,90,76,54,37,29,196,158,40,198,394
06/21/2014,KOA,HI,AWP,WE,Federal Contract Tower,63,14,9,2,88,0,54,27,0,81,63,68,36,2,169,44,0,44,213
06/22/2014,KOA,HI,AWP,WE,Federal Contract Tower,62,12,7,4,85,0,43,28,2,73,62,55,35,6,158,106,0,106,264
06/23/2014,KOA,HI,AWP,WE,Federal Contract Tower,62,21,4,0,87,0,42,34,0,76,62,63,38,0,163,66,0,66,229
06/24/2014,KOA,HI,AWP,WE,Federal Contract Tower,59,20,6,2,87,0,43,56,0,99,59,63,62,2,186,142,14,156,342
06/25/2014,KOA,HI,AWP,WE,Federal Contract Tower,63,9,11,0,83,0,50,56,2,108,63,59,67,2,191,156,2,158,349
06/26/2014,KOA,HI,AWP,WE,Federal Contract Tower,65,15,11,6,97,0,53,51,2,106,65,68,62,8,203,128,16,144,347
06/27/2014,KOA,HI,AWP,WE,Federal Contract Tower,72,20,4,5,101,0,54,59,3,116,72,74,63,8,217,230,30,260,477
06/28/2014,KOA,HI,AWP,WE,Federal Contract Tower,62,12,9,1,84,0,43,27,2,72,62,55,36,3,156,96,10,106,262
06/29/2014,KOA,HI,AWP,WE,Federal Contract Tower,64,10,7,0,81,0,39,19,0,58,64,49,26,0,139,66,0,66,205
06/30/2014,KOA,HI,AWP,WE,Federal Contract Tower,63,14,3,0,80,0,36,32,4,72,63,50,35,4,152,180,0,180,332
07/01/2014,KOA,HI,AWP,WE,Federal Contract Tower,61,17,6,10,94,0,49,31,1,81,61,66,37,11,175,222,6,228,403
07/02/2014,KOA,HI,AWP,WE,Federal Contract Tower,65,17,5,20,107,0,54,38,6,98,65,71,43,26,205,156,48,204,409
07/03/2014,KOA,HI,AWP,WE,Federal Contract Tower,68,12,5,16,101,0,62,49,4,115,68,74,54,20,216,164,36,200,416
07/04/2014,KOA,HI,AWP,WE,Federal Contract Tower,69,7,7,0,83,0,53,68,0,121,69,60,75,0,204,314,0,314,518
07/05/2014,KOA,HI,AWP,WE,Federal Contract Tower,63,12,5,0,80,0,39,20,2,61,63,51,25,2,141,86,10,96,237
07/06/2014,KOA,HI,AWP,WE,Federal Contract Tower,66,14,6,0,86,0,32,40,0,72,66,46,46,0,158,134,0,134,292
07/07/2014,KOA,HI,AWP,WE,Federal Contract Tower,62,16,11,7,96,0,37,42,0,79,62,53,53,7,175,212,0,212,387
07/08/2014,KOA,HI,AWP,WE,Federal Contract Tower,62,23,13,24,122,0,36,41,2,79,62,59,54,26,201,138,0,138,339
07/09/2014,KOA,HI,AWP,WE,Federal Contract Tower,67,19,6,38,130,0,44,65,11,120,67,63,71,49,250,213,84,297,547
07/10/2014,KOA,HI,AWP,WE,Federal Contract Tower,66,15,4,39,124,0,60,56,2,118,66,75,60,41,242,194,14,208,450
07/11/2014,KOA,HI,AWP,WE,Federal Contract Tower,74,14,9,5,102,0,59,66,2,127,74,73,75,7,229,358,26,384,613
07/12/2014,KOA,HI,AWP,WE,Federal Contract Tower,64,13,6,6,89,0,50,32,1,83,64,63,38,7,172,56,0,56,228
07/13/2014,KOA,HI,AWP,WE,Federal Contract Tower,61,14,5,7,87,0,38,29,1,68,61,52,34,8,155,32,6,38,193
07/14/2014,KOA,HI,AWP,WE,Federal Contract Tower,68,16,8,0,92,0,31,38,1,70,68,47,46,1,162,200,2,202,364
07/15/2014,KOA,HI,AWP,WE,Federal Contract Tower,66,20,1,14,101,0,42,45,9,96,66,62,46,23,197,174,24,198,395
07/16/2014,KOA,HI,AWP,WE,Federal Contract Tower,65,18,7,9,99,0,69,62,9,140,65,87,69,18,239,270,56,326,565
07/17/2014,KOA,HI,AWP,WE,Federal Contract Tower,68,24,3,2,97,0,60,40,2,102,68,84,43,4,199,190,74,264,463
07/18/2014,KOA,HI,AWP,WE,Federal Contract Tower,72,15,7,10,104,0,57,49,4,110,72,72,56,14,214,286,34,320,534
07/19/2014,KOA,HI,AWP,WE,Federal Contract Tower,63,18,7,1,89,0,37,27,2,66,63,55,34,3,155,110,4,114,269
07/20/2014,KOA,HI,AWP,WE,Federal Contract Tower,69,35,0,4,108,0,32,10,5,47,69,67,10,9,155,0,6,6,161
07/21/2014,KOA,HI,AWP,WE,Federal Contract Tower,68,27,3,5,103,0,42,34,2,78,68,69,37,7,181,202,16,218,399
07/22/2014,KOA,HI,AWP,WE,Federal Contract Tower,66,27,9,3,105,0,41,57,8,106,66,68,66,11,211,196,4,200,411
07/23/2014,KOA,HI,AWP,WE,Federal Contract Tower,70,20,9,7,106,0,78,57,0,135,70,98,66,7,241,232,0,232,473
07/24/2014,KOA,HI,AWP,WE,Federal Contract Tower,68,14,7,13,102,0,68,53,8,129,68,82,60,21,231,254,52,306,537
07/25/2014,KOA,HI,AWP,WE,Federal Contract Tower,73,15,7,12,107,0,55,61,2,118,73,70,68,14,225,266,8,274,499
07/26/2014,KOA,HI,AWP,WE,Federal Contract Tower,65,20,12,2,99,0,54,45,0,99,65,74,57,2,198,68,14,82,280
07/27/2014,KOA,HI,AWP,WE,Federal Contract Tower,67,14,6,4,91,0,38,25,6,69,67,52,31,10,160,60,0,60,220
07/28/2014,KOA,HI,AWP,WE,Federal Contract Tower,67,14,7,5,93,0,56,74,2,132,67,70,81,7,225,254,0,254,479
07/29/2014,KOA,HI,AWP,WE,Federal Contract Tower,62,16,17,4,99,0,54,66,0,120,62,70,83,4,219,198,0,198,417
07/30/2014,KOA,HI,AWP,WE,Federal Contract Tower,67,14,8,6,95,0,48,62,2,112,67,62,70,8,207,258,0,258,465
07/31/2014,KOA,HI,AWP,WE,Federal Contract Tower,65,16,7,8,96,0,61,54,4,119,65,77,61,12,215,228,38,266,481
08/01/2014,KOA,HI,AWP,WE,Federal Contract Tower,72,22,10,11,115,0,54,65,5,124,72,76,75,16,239,250,36,286,525
08/02/2014,KOA,HI,AWP,WE,Federal Contract Tower,66,14,5,1,86,0,50,27,0,77,66,64,32,1,163,102,0,102,265
08/03/2014,KOA,HI,AWP,WE,Federal Contract Tower,69,10,5,6,90,0,52,20,0,72,69,62,25,6,162,116,0,116,278
08/04/2014,KOA,HI,AWP,WE,Federal Contract Tower,68,21,11,22,122,0,48,53,9,110,68,69,64,31,232,280,52,332,564
08/05/2014,KOA,HI,AWP,WE,Federal Contract Tower,61,16,7,0,84,0,51,43,3,97,61,67,50,3,181,180,2,182,363
08/06/2014,KOA,HI,AWP,WE,Federal Contract Tower,66,13,14,15,108,0,58,48,2,108,66,71,62,17,216,172,0,172,388
08/07/2014,KOA,HI,AWP,WE,Federal Contract Tower,55,8,6,0,69,0,13,7,0,20,55,21,13,0,89,26,0,26,115
08/08/2014,KOA,HI,AWP,WE,Federal Contract Tower,76,7,4,0,87,0,29,3,0,32,76,36,7,0,119,4,0,4,123
08/09/2014,KOA,HI,AWP,WE,Federal Contract Tower,66,14,2,0,82,0,46,12,0,58,66,60,14,0,140,0,0,0,140
08/10/2014,KOA,HI,AWP,WE,Federal Contract Tower,65,15,7,0,87,0,54,15,0,69,65,69,22,0,156,50,0,50,206
08/11/2014,KOA,HI,AWP,WE,Federal Contract Tower,68,11,2,3,84,0,48,34,1,83,68,59,36,4,167,102,0,102,269
08/12/2014,KOA,HI,AWP,WE,Federal Contract Tower,65,16,5,19,105,0,32,33,3,68,65,48,38,22,173,140,30,170,343
08/13/2014,KOA,HI,AWP,WE,Federal Contract Tower,70,23,5,7,105,0,58,46,5,109,70,81,51,12,214,154,62,216,430
08/14/2014,KOA,HI,AWP,WE,Federal Contract Tower,67,16,4,10,97,0,57,46,7,110,67,73,50,17,207,148,46,194,401
08/15/2014,KOA,HI,AWP,WE,Federal Contract Tower,76,15,16,10,117,0,52,51,3,106,76,67,67,13,223,132,0,132,355
08/16/2014,KOA,HI,AWP,WE,Federal Contract Tower,71,11,6,0,88,0,57,29,0,86,71,68,35,0,174,30,0,30,204
08/17/2014,KOA,HI,AWP,WE,Federal Contract Tower,66,9,11,0,86,0,38,28,0,66,66,47,39,0,152,0,0,0,152
08/18/2014,KOA,HI,AWP,WE,Federal Contract Tower,69,15,7,8,99,0,41,39,0,80,69,56,46,8,179,124,0,124,303
08/19/2014,KOA,HI,AWP,WE,Federal Contract Tower,63,20,8,28,119,0,40,48,4,92,63,60,56,32,211,160,34,194,405
08/20/2014,KOA,HI,AWP,WE,Federal Contract Tower,70,19,7,5,101,0,49,59,6,114,70,68,66,11,215,248,34,282,497
08/21/2014,KOA,HI,AWP,WE,Federal Contract Tower,69,16,15,2,102,0,48,40,2,90,69,64,55,4,192,188,16,204,396
08/22/2014,KOA,HI,AWP,WE,Federal Contract Tower,75,18,13,9,115,0,63,68,4,135,75,81,81,13,250,276,66,342,592
08/23/2014,KOA,HI,AWP,WE,Federal Contract Tower,64,11,9,0,84,0,27,21,0,48,64,38,30,0,132,58,0,58,190
08/24/2014,KOA,HI,AWP,WE,Federal Contract Tower,66,12,12,1,91,0,26,27,0,53,66,38,39,1,144,72,0,72,216
08/25/2014,KOA,HI,AWP,WE,Federal Contract Tower,70,25,12,13,120,0,46,71,15,132,70,71,83,28,252,234,58,292,544
08/26/2014,KOA,HI,AWP,WE,Federal Contract Tower,62,17,9,10,98,1,33,24,8,66,63,50,33,18,164,170,98,268,432
08/27/2014,KOA,HI,AWP,WE,Federal Contract Tower,71,12,8,0,91,0,53,62,0,115,71,65,70,0,206,214,0,214,420
08/28/2014,KOA,HI,AWP,WE,Federal Contract Tower,69,14,2,11,96,0,60,50,6,116,69,74,52,17,212,294,4,298,510
08/29/2014,KOA,HI,AWP,WE,Federal Contract Tower,78,18,9,1,106,0,54,46,0,100,78,72,55,1,206,288,0,288,494
08/30/2014,KOA,HI,AWP,WE,Federal Contract Tower,70,10,6,4,90,0,43,39,0,82,70,53,45,4,172,88,0,88,260
08/31/2014,KOA,HI,AWP,WE,Federal Contract Tower,66,20,4,0,90,0,31,36,0,67,66,51,40,0,157,110,0,110,267
09/01/2014,KOA,HI,AWP,WE,Federal Contract Tower,67,11,9,0,87,0,39,35,0,74,67,50,44,0,161,172,0,172,333
09/02/2014,KOA,HI,AWP,WE,Federal Contract Tower,60,11,4,3,78,0,32,31,4,67,60,43,35,7,145,194,42,236,381
09/03/2014,KOA,HI,AWP,WE,Federal Contract Tower,54,16,4,18,92,0,42,33,6,81,54,58,37,24,173,184,22,206,379
09/04/2014,KOA,HI,AWP,WE,Federal Contract Tower,54,21,1,11,87,0,48,34,4,86,54,69,35,15,173,320,18,338,511
09/05/2014,KOA,HI,AWP,WE,Federal Contract Tower,62,16,18,22,118,0,39,30,2,71,62,55,48,24,189,170,28,198,387
09/06/2014,KOA,HI,AWP,WE,Federal Contract Tower,58,13,10,6,87,0,39,13,9,61,58,52,23,15,148,2,54,56,204
09/07/2014,KOA,HI,AWP,WE,Federal Contract Tower,60,12,3,0,75,0,44,19,0,63,60,56,22,0,138,4,0,4,142
09/08/2014,KOA,HI,AWP,WE,Federal Contract Tower,54,16,1,7,78,0,28,38,3,69,54,44,39,10,147,198,38,236,383
09/09/2014,KOA,HI,AWP,WE,Federal Contract Tower,53,17,1,5,76,0,39,36,3,78,53,56,37,8,154,342,34,376,530
09/10/2014,KOA,HI,AWP,WE,Federal Contract Tower,52,13,2,40,107,0,39,51,11,101,52,52,53,51,208,304,40,344,552
09/11/2014,KOA,HI,AWP,WE,Federal Contract Tower,56,14,3,29,102,0,44,34,9,87,56,58,37,38,189,266,112,378,567
09/12/2014,KOA,HI,AWP,WE,Federal Contract Tower,61,18,4,17,100,0,49,57,3,109,61,67,61,20,209,402,26,428,637
09/13/2014,KOA,HI,AWP,WE,Federal Contract Tower,58,16,2,0,76,0,39,22,0,61,58,55,24,0,137,60,0,60,197
09/14/2014,KOA,HI,AWP,WE,Federal Contract Tower,58,16,5,0,79,0,51,29,0,80,58,67,34,0,159,42,0,42,201
09/15/2014,KOA,HI,AWP,WE,Federal Contract Tower,53,25,1,11,90,0,45,48,2,95,53,70,49,13,185,214,30,244,429
09/16/2014,KOA,HI,AWP,WE,Federal Contract Tower,56,13,2,17,88,0,33,34,2,69,56,46,36,19,157,234,24,258,415
09/17/2014,KOA,HI,AWP,WE,Federal Contract Tower,53,21,2,31,107,0,33,34,7,74,53,54,36,38,181,158,16,174,355
09/18/2014,KOA,HI,AWP,WE,Federal Contract Tower,60,20,7,5,92,0,47,46,9,102,60,67,53,14,194,176,58,234,428
09/19/2014,KOA,HI,AWP,WE,Federal Contract Tower,60,23,2,3,88,0,56,41,2,99,60,79,43,5,187,174,0,174,361
09/20/2014,KOA,HI,AWP,WE,Federal Contract Tower,60,14,4,0,78,0,41,27,0,68,60,55,31,0,146,20,0,20,166
09/21/2014,KOA,HI,AWP,WE,Federal Contract Tower,63,13,2,2,80,0,27,12,0,39,63,40,14,2,119,28,12,40,159
09/22/2014,KOA,HI,AWP,WE,Federal Contract Tower,53,14,2,20,89,0,48,43,13,104,53,62,45,33,193,206,8,214,407
09/23/2014,KOA,HI,AWP,WE,Federal Contract Tower,55,9,4,19,87,0,40,53,3,96,55,49,57,22,183,200,18,218,401
09/24/2014,KOA,HI,AWP,WE,Federal Contract Tower,56,12,2,10,80,0,42,41,1,84,56,54,43,11,164,288,52,340,504
09/25/2014,KOA,HI,AWP,WE,Federal Contract Tower,54,30,8,5,97,0,39,42,5,86,54,69,50,10,183,266,20,286,469
09/26/2014,KOA,HI,AWP,WE,Federal Contract Tower,65,21,6,19,111,0,46,45,0,91,65,67,51,19,202,172,38,210,412
09/27/2014,KOA,HI,AWP,WE,Federal Contract Tower,61,16,9,0,86,0,30,19,0,49,61,46,28,0,135,176,0,176,311
09/28/2014,KOA,HI,AWP,WE,Federal Contract Tower,58,20,4,0,82,0,20,21,1,42,58,40,25,1,124,52,0,52,176
09/29/2014,KOA,HI,AWP,WE,Federal Contract Tower,58,10,7,8,83,0,35,41,16,92,58,45,48,24,175,260,64,324,499
09/30/2014,KOA,HI,AWP,WE,Federal Contract Tower,52,17,3,4,76,0,32,56,5,93,52,49,59,9,169,164,24,188,357
10/01/2014,KOA,HI,AWP,WE,Federal Contract Tower,55,17,7,27,106,0,48,51,6,105,55,65,58,33,211,252,102,354,565
10/02/2014,KOA,HI,AWP,WE,Federal Contract Tower,54,18,7,8,87,0,53,44,6,103,54,71,51,14,190,220,64,284,474
10/03/2014,KOA,HI,AWP,WE,Federal Contract Tower,65,22,5,12,104,0,54,63,4,121,65,76,68,16,225,220,6,226,451
10/04/2014,KOA,HI,AWP,WE,Federal Contract Tower,61,13,2,3,79,0,37,38,2,77,61,50,40,5,156,138,0,138,294
10/05/2014,KOA,HI,AWP,WE,Federal Contract Tower,54,12,4,1,71,0,44,28,0,72,54,56,32,1,143,22,0,22,165
10/06/2014,KOA,HI,AWP,WE,Federal Contract Tower,57,19,4,33,113,0,46,58,10,114,57,65,62,43,227,234,144,378,605
10/07/2014,KOA,HI,AWP,WE,Federal Contract Tower,59,15,2,35,111,0,45,61,10,116,59,60,63,45,227,236,128,364,591
10/08/2014,KOA,HI,AWP,WE,Federal Contract Tower,60,26,6,25,117,0,47,51,11,109,60,73,57,36,226,338,188,526,752
10/09/2014,KOA,HI,AWP,WE,Federal Contract Tower,56,23,4,20,103,0,59,63,3,125,56,82,67,23,228,226,86,312,540
10/10/2014,KOA,HI,AWP,WE,Federal Contract Tower,66,17,4,14,101,0,64,60,13,137,66,81,64,27,238,274,146,420,658
10/11/2014,KOA,HI,AWP,WE,Federal Contract Tower,60,14,6,0,80,0,38,63,0,101,60,52,69,0,181,74,0,74,255
10/12/2014,KOA,HI,AWP,WE,Federal Contract Tower,60,16,10,0,86,0,41,23,0,64,60,57,33,0,150,106,0,106,256
10/13/2014,KOA,HI,AWP,WE,Federal Contract Tower,66,25,11,0,102,0,38,36,0,74,66,63,47,0,176,212,0,212,388
10/14/2014,KOA,HI,AWP,WE,Federal Contract Tower,56,14,5,34,109,0,49,46,20,115,56,63,51,54,224,298,126,424,648
10/15/2014,KOA,HI,AWP,WE,Federal Contract Tower,57,28,6,5,96,0,47,56,8,111,57,75,62,13,207,332,58,390,597
10/16/2014,KOA,HI,AWP,WE,Federal Contract Tower,58,18,7,3,86,0,59,56,5,120,58,77,63,8,206,314,12,326,532
10/17/2014,KOA,HI,AWP,WE,Federal Contract Tower,70,21,5,0,96,0,46,40,0,86,70,67,45,0,182,266,0,266,448
10/18/2014,KOA,HI,AWP,WE,Federal Contract Tower,62,30,0,0,92,0,7,10,0,17,62,37,10,0,109,0,0,0,109
10/19/2014,KOA,HI,AWP,WE,Federal Contract Tower,60,15,8,0,83,0,37,12,0,49,60,52,20,0,132,52,2,54,186
10/20/2014,KOA,HI,AWP,WE,Federal Contract Tower,62,17,3,0,82,0,46,37,0,83,62,63,40,0,165,164,0,164,329
10/21/2014,KOA,HI,AWP,WE,Federal Contract Tower,52,18,0,17,87,0,47,41,13,101,52,65,41,30,188,198,100,298,486
10/22/2014,KOA,HI,AWP,WE,Federal Contract Tower,56,22,2,15,95,0,44,41,7,92,56,66,43,22,187,342,48,390,577
10/23/2014,KOA,HI,AWP,WE,Federal Contract Tower,57,18,2,38,115,0,44,50,11,105,57,62,52,49,220,248,114,362,582
10/24/2014,KOA,HI,AWP,WE,Federal Contract Tower,69,22,6,11,108,0,45,54,5,104,69,67,60,16,212,300,64,364,576
10/25/2014,KOA,HI,AWP,WE,Federal Contract Tower,66,12,3,0,81,0,42,36,0,78,66,54,39,0,159,56,0,56,215
10/26/2014,KOA,HI,AWP,WE,Federal Contract Tower,57,16,5,0,78,0,47,22,0,69,57,63,27,0,147,84,0,84,231
10/27/2014,KOA,HI,AWP,WE,Federal Contract Tower,58,17,4,11,90,0,37,44,4,85,58,54,48,15,175,280,34,314,489
10/28/2014,KOA,HI,AWP,WE,Federal Contract Tower,61,18,4,29,112,0,35,40,19,94,61,53,44,48,206,244,130,374,580
10/29/2014,KOA,HI,AWP,WE,Federal Contract Tower,59,16,3,19,97,0,46,50,9,105,59,62,53,28,202,314,102,416,618
10/30/2014,KOA,HI,AWP,WE,Federal Contract Tower,61,20,5,10,96,0,49,47,6,102,61,69,52,16,198,242,42,284,482
10/31/2014,KOA,HI,AWP,WE,Federal Contract Tower,68,23,6,8,105,0,41,47,1,89,68,64,53,9,194,276,68,344,538
11/01/2014,KOA,HI,AWP,WE,Federal Contract Tower,60,11,4,0,75,0,54,12,0,66,60,65,16,0,141,44,0,44,185
11/02/2014,KOA,HI,AWP,WE,Federal Contract Tower,62,12,6,0,80,0,33,21,0,54,62,45,27,0,134,38,0,38,172
11/03/2014,KOA,HI,AWP,WE,Federal Contract Tower,60,24,2,21,107,0,41,38,15,94,60,65,40,36,201,214,104,318,519
11/04/2014,KOA,HI,AWP,WE,Federal Contract Tower,56,20,4,26,106,0,32,37,14,83,56,52,41,40,189,164,120,284,473
11/05/2014,KOA,HI,AWP,WE,Federal Contract Tower,56,20,9,45,130,0,44,44,7,95,56,64,53,52,225,166,50,216,441
11/06/2014,KOA,HI,AWP,WE,Federal Contract Tower,60,20,6,11,97,0,42,40,6,88,60,62,46,17,185,148,58,206,391
11/07/2014,KOA,HI,AWP,WE,Federal Contract Tower,65,19,5,17,106,0,59,44,15,118,65,78,49,32,224,230,76,306,530
11/08/2014,KOA,HI,AWP,WE,Federal Contract Tower,57,21,4,0,82,0,35,23,0,58,57,56,27,0,140,50,0,50,190
11/09/2014,KOA,HI,AWP,WE,Federal Contract Tower,58,18,6,0,82,0,42,6,0,48,58,60,12,0,130,0,0,0,130
11/10/2014,KOA,HI,AWP,WE,Federal Contract Tower,57,23,12,5,97,0,35,34,5,74,57,58,46,10,171,204,30,234,405
11/11/2014,KOA,HI,AWP,WE,Federal Contract Tower,54,13,5,12,84,0,33,20,12,65,54,46,25,24,149,224,24,248,397
11/12/2014,KOA,HI,AWP,WE,Federal Contract Tower,56,23,10,22,111,0,34,52,17,103,56,57,62,39,214,230,114,344,558
11/13/2014,KOA,HI,AWP,WE,Federal Contract Tower,57,44,5,19,125,0,21,38,2,61,57,65,43,21,186,162,42,204,390
11/14/2014,KOA,HI,AWP,WE,Federal Contract Tower,61,22,10,40,133,0,38,53,15,106,61,60,63,55,239,140,82,222,461
11/15/2014,KOA,HI,AWP,WE,Federal Contract Tower,56,17,6,2,81,0,39,31,4,74,56,56,37,6,155,76,0,76,231
11/16/2014,KOA,HI,AWP,WE,Federal Contract Tower,62,14,4,0,80,0,37,17,0,54,62,51,21,0,134,48,0,48,182
11/17/2014,KOA,HI,AWP,WE,Federal Contract Tower,61,18,5,3,87,0,36,29,8,73,61,54,34,11,160,138,34,172,332
11/18/2014,KOA,HI,AWP,WE,Federal Contract Tower,56,10,7,22,95,0,45,40,22,107,56,55,47,44,202,230,130,360,562
11/19/2014,KOA,HI,AWP,WE,Federal Contract Tower,64,33,4,12,113,0,51,46,7,104,64,84,50,19,217,258,42,300,517
11/20/2014,KOA,HI,AWP,WE,Federal Contract Tower,64,17,7,2,90,0,45,40,10,95,64,62,47,12,185,196,18,214,399
11/21/2014,KOA,HI,AWP,WE,Federal Contract Tower,68,23,9,27,127,0,47,48,6,101,68,70,57,33,228,202,58,260,488
11/22/2014,KOA,HI,AWP,WE,Federal Contract Tower,65,22,22,0,109,0,70,28,0,98,65,92,50,0,207,60,0,60,267
11/23/2014,KOA,HI,AWP,WE,Federal Contract Tower,62,18,7,0,87,0,37,38,1,76,62,55,45,1,163,16,0,16,179
11/24/2014,KOA,HI,AWP,WE,Federal Contract Tower,62,28,3,11,104,0,34,36,11,81,62,62,39,22,185,148,112,260,445
11/25/2014,KOA,HI,AWP,WE,Federal Contract Tower,55,17,11,25,108,0,38,46,6,90,55,55,57,31,198,106,64,170,368
11/26/2014,KOA,HI,AWP,WE,Federal Contract Tower,62,18,8,16,104,0,37,53,9,99,62,55,61,25,203,240,34,274,477
11/27/2014,KOA,HI,AWP,WE,Federal Contract Tower,56,8,3,1,68,0,39,26,6,71,56,47,29,7,139,114,0,114,253
11/28/2014,KOA,HI,AWP,WE,Federal Contract Tower,60,17,9,3,89,0,54,52,7,113,60,71,61,10,202,248,0,248,450
11/29/2014,KOA,HI,AWP,WE,Federal Contract Tower,65,15,15,2,97,0,40,18,12,70,65,55,33,14,167,24,0,24,191
11/30/2014,KOA,HI,AWP,WE,Federal Contract Tower,67,15,22,2,106,0,48,31,8,87,67,63,53,10,193,86,0,86,279
12/01/2014,KOA,HI,AWP,WE,Federal Contract Tower,62,17,5,40,124,0,41,49,13,103,62,58,54,53,227,170,54,224,451
12/02/2014,KOA,HI,AWP,WE,Federal Contract Tower,58,12,1,41,112,0,35,43,5,83,58,47,44,46,195,74,150,224,419
12/03/2014,KOA,HI,AWP,WE,Federal Contract Tower,60,15,7,22,104,0,35,48,3,86,60,50,55,25,190,268,22,290,480
12/04/2014,KOA,HI,AWP,WE,Federal Contract Tower,59,23,5,27,114,0,44,71,6,121,59,67,76,33,235,184,110,294,529
12/05/2014,KOA,HI,AWP,WE,Federal Contract Tower,60,13,11,27,111,0,40,44,7,91,60,53,55,34,202,288,8,296,498
12/06/2014,KOA,HI,AWP,WE,Federal Contract Tower,59,11,6,21,97,0,32,27,4,63,59,43,33,25,160,66,8,74,234
12/07/2014,KOA,HI,AWP,WE,Federal Contract Tower,57,14,3,2,76,0,38,34,0,72,57,52,37,2,148,98,0,98,246
12/08/2014,KOA,HI,AWP,WE,Federal Contract Tower,56,18,4,23,101,0,35,61,8,104,56,53,65,31,205,146,68,214,419
12/09/2014,KOA,HI,AWP,WE,Federal Contract Tower,53,9,7,32,101,0,32,29,9,70,53,41,36,41,171,178,60,238,409
12/10/2014,KOA,HI,AWP,WE,Federal Contract Tower,59,14,3,24,100,0,42,47,9,98,59,56,50,33,198,92,46,138,336
12/11/2014,KOA,HI,AWP,WE,Federal Contract Tower,58,21,5,20,104,0,34,34,3,71,58,55,39,23,175,94,54,148,323
12/12/2014,KOA,HI,AWP,WE,Federal Contract Tower,66,22,8,17,113,0,37,36,7,80,66,59,44,24,193,238,44,282,475
12/13/2014,KOA,HI,AWP,WE,Federal Contract Tower,59,16,6,13,94,0,30,15,1,46,59,46,21,14,140,4,2,6,146
12/14/2014,KOA,HI,AWP,WE,Federal Contract Tower,63,17,2,1,83,0,29,6,5,40,63,46,8,6,123,0,0,0,123
12/15/2014,KOA,HI,AWP,WE,Federal Contract Tower,59,22,4,2,87,0,25,35,7,67,59,47,39,9,154,170,4,174,328
12/16/2014,KOA,HI,AWP,WE,Federal Contract Tower,54,21,2,28,105,0,34,31,7,72,54,55,33,35,177,208,50,258,435
12/17/2014,KOA,HI,AWP,WE,Federal Contract Tower,56,24,9,5,94,0,44,54,6,104,56,68,63,11,198,156,96,252,450
12/18/2014,KOA,HI,AWP,WE,Federal Contract Tower,66,18,7,14,105,0,51,39,14,104,66,69,46,28,209,102,102,204,413
12/19/2014,KOA,HI,AWP,WE,Federal Contract Tower,70,21,7,18,116,64,57,10,0,131,134,78,17,18,247,194,58,252,499
12/20/2014,KOA,HI,AWP,WE,Federal Contract Tower,71,22,26,0,119,0,51,40,0,91,71,73,66,0,210,64,0,64,274
12/21/2014,KOA,HI,AWP,WE,Federal Contract Tower,65,14,15,0,94,0,44,12,0,56,65,58,27,0,150,0,0,0,150
12/22/2014,KOA,HI,AWP,WE,Federal Contract Tower,63,15,12,17,107,0,57,41,4,102,63,72,53,21,209,106,104,210,419
12/23/2014,KOA,HI,AWP,WE,Federal Contract Tower,62,33,11,7,113,0,13,12,1,26,62,46,23,8,139,122,4,126,265
12/24/2014,KOA,HI,AWP,WE,Federal Contract Tower,64,25,13,0,102,0,44,30,0,74,64,69,43,0,176,114,0,114,290
12/25/2014,KOA,HI,AWP,WE,Federal Contract Tower,65,14,9,0,88,0,33,21,0,54,65,47,30,0,142,30,0,30,172
12/26/2014,KOA,HI,AWP,WE,Federal Contract Tower,80,22,32,0,134,0,66,53,0,119,80,88,85,0,253,150,0,150,403
12/27/2014,KOA,HI,AWP,WE,Federal Contract Tower,72,28,19,0,119,0,65,28,0,93,72,93,47,0,212,46,0,46,258
12/28/2014,KOA,HI,AWP,WE,Federal Contract Tower,68,17,17,0,102,0,60,19,0,79,68,77,36,0,181,72,0,72,253
12/29/2014,KOA,HI,AWP,WE,Federal Contract Tower,62,23,12,15,112,0,50,52,7,109,62,73,64,22,221,194,60,254,475
12/30/2014,KOA,HI,AWP,WE,Federal Contract Tower,69,26,9,18,122,1,47,30,3,81,70,73,39,21,203,238,66,304,507
12/31/2014,KOA,HI,AWP,WE,Federal Contract Tower,67,13,3,4,87,0,59,47,0,106,67,72,50,4,193,224,2,226,419
01/01/2015,KOA,HI,AWP,WE,Federal Contract Tower,64,18,17,0,99,0,67,24,0,91,64,85,41,0,190,6,0,6,196
01/02/2015,KOA,HI,AWP,WE,Federal Contract Tower,71,28,24,0,123,0,75,43,3,121,71,103,67,3,244,278,0,278,522
01/03/2015,KOA,HI,AWP,WE,Federal Contract Tower,72,27,40,3,142,0,23,26,3,52,72,50,66,6,194,32,0,32,226
01/04/2015,KOA,HI,AWP,WE,Federal Contract Tower,68,31,25,2,126,0,48,29,15,92,68,79,54,17,218,4,0,4,222
01/05/2015,KOA,HI,AWP,WE,Federal Contract Tower,73,13,12,18,116,0,66,52,24,142,73,79,64,42,258,160,92,252,510
01/06/2015,KOA,HI,AWP,WE,Federal Contract Tower,58,19,6,30,113,0,47,51,4,102,58,66,57,34,215,130,70,200,415
01/07/2015,KOA,HI,AWP,WE,Federal Contract Tower,61,17,5,24,107,0,53,60,4,117,61,70,65,28,224,216,92,308,532
01/08/2015,KOA,HI,AWP,WE,Federal Contract Tower,65,19,15,26,125,0,56,37,7,100,65,75,52,33,225,183,18,201,426
01/09/2015,KOA,HI,AWP,WE,Federal Contract Tower,65,17,17,10,109,0,61,69,8,138,65,78,86,18,247,392,44,436,683
01/10/2015,KOA,HI,AWP,WE,Federal Contract Tower,64,11,13,2,90,0,50,34,0,84,64,61,47,2,174,64,0,64,238
01/11/2015,KOA,HI,AWP,WE,Federal Contract Tower,60,17,6,0,83,0,37,17,0,54,60,54,23,0,137,18,0,18,155
01/12/2015,KOA,HI,AWP,WE,Federal Contract Tower,62,20,8,16,106,0,48,54,0,102,62,68,62,16,208,158,0,158,366
01/13/2015,KOA,HI,AWP,WE,Federal Contract Tower,59,11,12,21,103,0,72,48,22,142,59,83,60,43,245,210,82,292,537
01/14/2015,KOA,HI,AWP,WE,Federal Contract Tower,62,21,9,15,107,0,52,52,8,112,62,73,61,23,219,158,48,206,425
01/15/2015,KOA,HI,AWP,WE,Federal Contract Tower,64,22,13,16,115,0,50,41,2,93,64,72,54,18,208,204,18,222,430
01/16/2015,KOA,HI,AWP,WE,Federal Contract Tower,65,19,7,5,96,0,40,55,21,116,65,59,62,26,212,182,88,270,482
01/17/2015,KOA,HI,AWP,WE,Federal Contract Tower,61,12,0,0,73,0,45,25,2,72,61,57,25,2,145,68,58,126,271
01/18/2015,KOA,HI,AWP,WE,Federal Contract Tower,58,9,5,0,72,0,38,17,2,57,58,47,22,2,129,4,0,4,133
01/19/2015,KOA,HI,AWP,WE,Federal Contract Tower,66,12,7,10,95,0,59,49,2,110,66,71,56,12,205,184,2,186,391
01/20/2015,KOA,HI,AWP,WE,Federal Contract Tower,59,13,5,13,90,0,50,63,0,113,59,63,68,13,203,140,20,160,363
01/21/2015,KOA,HI,AWP,WE,Federal Contract Tower,62,19,12,8,101,0,39,37,0,76,62,58,49,8,177,124,0,124,301
01/22/2015,KOA,HI,AWP,WE,Federal Contract Tower,66,17,11,8,102,0,53,53,0,106,66,70,64,8,208,206,26,232,440
01/23/2015,KOA,HI,AWP,WE,Federal Contract Tower,68,19,14,28,129,0,38,42,0,80,68,57,56,28,209,252,22,274,483
01/24/2015,KOA,HI,AWP,WE,Federal Contract Tower,66,23,7,0,96,0,32,17,0,49,66,55,24,0,145,22,0,22,167
01/25/2015,KOA,HI,AWP,WE,Federal Contract Tower,59,25,8,2,94,0,22,18,1,41,59,47,26,3,135,2,12,14,149
01/26/2015,KOA,HI,AWP,WE,Federal Contract Tower,62,14,7,11,94,0,26,52,6,84,62,40,59,17,178,184,16,200,378
01/27/2015,KOA,HI,AWP,WE,Federal Contract Tower,58,16,9,7,90,0,36,45,2,83,58,52,54,9,173,194,42,236,409
01/28/2015,KOA,HI,AWP,WE,Federal Contract Tower,60,15,9,26,110,0,39,50,3,92,60,54,59,29,202,254,36,290,492
01/29/2015,KOA,HI,AWP,WE,Federal Contract Tower,64,15,19,15,113,0,54,50,5,109,64,69,69,20,222,234,46,280,502
01/30/2015,KOA,HI,AWP,WE,Federal Contract Tower,64,21,7,1,93,0,51,33,1,85,64,72,40,2,178,272,0,272,450
01/31/2015,KOA,HI,AWP,WE,Federal Contract Tower,64,9,7,0,80,0,62,19,0,81,64,71,26,0,161,24,0,24,185
02/01/2015,KOA,HI,AWP,WE,Federal Contract Tower,59,25,2,0,86,0,35,30,0,65,59,60,32,0,151,40,0,40,191
02/02/2015,KOA,HI,AWP,WE,Federal Contract Tower,60,19,8,2,89,0,32,34,9,75,60,51,42,11,164,228,10,238,402
02/03/2015,KOA,HI,AWP,WE,Federal Contract Tower,56,24,5,24,109,0,32,43,3,78,56,56,48,27,187,316,30,346,533
02/04/2015,KOA,HI,AWP,WE,Federal Contract Tower,61,21,11,17,110,0,46,50,6,102,61,67,61,23,212,216,42,258,470
02/05/2015,KOA,HI,AWP,WE,Federal Contract Tower,64,24,8,26,122,0,46,45,11,102,64,70,53,37,224,176,86,262,486
02/06/2015,KOA,HI,AWP,WE,Federal Contract Tower,65,21,6,22,114,0,46,60,2,108,65,67,66,24,222,238,52,290,512
02/07/2015,KOA,HI,AWP,WE,Federal Contract Tower,64,17,9,0,90,0,39,33,0,72,64,56,42,0,162,130,0,130,292
02/08/2015,KOA,HI,AWP,WE,Federal Contract Tower,60,15,4,1,80,0,32,16,0,48,60,47,20,1,128,38,0,38,166
02/09/2015,KOA,HI,AWP,WE,Federal Contract Tower,57,30,3,32,122,0,46,49,28,123,57,76,52,60,245,230,202,432,677
02/10/2015,KOA,HI,AWP,WE,Federal Contract Tower,58,38,6,26,128,0,18,38,7,63,58,56,44,33,191,370,24,394,585
02/11/2015,KOA,HI,AWP,WE,Federal Contract Tower,63,18,6,25,112,1,53,43,6,103,64,71,49,31,215,216,38,254,469
02/12/2015,KOA,HI,AWP,WE,Federal Contract Tower,67,22,13,16,118,0,57,78,7,142,67,79,91,23,260,246,60,306,566
02/13/2015,KOA,HI,AWP,WE,Federal Contract Tower,80,22,10,13,125,0,55,39,4,98,80,77,49,17,223,216,30,246,469
02/14/2015,KOA,HI,AWP,WE,Federal Contract Tower,80,19,8,0,107,0,43,3,0,46,80,62,11,0,153,0,0,0,153
02/15/2015,KOA,HI,AWP,WE,Federal Contract Tower,76,21,10,0,107,0,47,24,1,72,76,68,34,1,179,62,0,62,241
02/16/2015,KOA,HI,AWP,WE,Federal Contract Tower,71,14,6,6,97,0,58,51,0,109,71,72,57,6,206,216,4,220,426
02/17/2015,KOA,HI,AWP,WE,Federal Contract Tower,58,19,3,17,97,0,58,42,3,103,58,77,45,20,200,274,74,348,548
02/18/2015,KOA,HI,AWP,WE,Federal Contract Tower,65,18,9,3,95,0,50,54,2,106,65,68,63,5,201,344,0,344,545
02/19/2015,KOA,HI,AWP,WE,Federal Contract Tower,61,19,17,15,112,0,69,88,18,175,61,88,105,33,287,364,128,492,779
02/20/2015,KOA,HI,AWP,WE,Federal Contract Tower,72,23,5,12,112,0,60,81,1,142,72,83,86,13,254,245,0,245,499
02/21/2015,KOA,HI,AWP,WE,Federal Contract Tower,73,11,19,1,104,0,57,38,0,95,73,68,57,1,199,152,0,152,351
02/22/2015,KOA,HI,AWP,WE,Federal Contract Tower,60,20,12,0,92,0,49,21,1,71,60,69,33,1,163,12,0,12,175
02/23/2015,KOA,HI,AWP,WE,Federal Contract Tower,66,18,11,2,97,0,74,31,5,110,66,92,42,7,207,98,0,98,305
02/24/2015,KOA,HI,AWP,WE,Federal Contract Tower,59,17,4,16,96,0,61,45,12,118,59,78,49,28,214,208,66,274,488
02/25/2015,KOA,HI,AWP,WE,Federal Contract Tower,64,19,9,17,109,0,72,70,3,145,64,91,79,20,254,155,24,179,433
02/26/2015,KOA,HI,AWP,WE,Federal Contract Tower,73,14,10,18,115,0,69,62,15,146,73,83,72,33,261,242,82,324,585
02/27/2015,KOA,HI,AWP,WE,Federal Contract Tower,73,15,9,9,106,0,72,66,12,150,73,87,75,21,256,308,32,340,596
02/28/2015,KOA,HI,AWP,WE,Federal Contract Tower,75,32,6,1,114,0,30,19,2,51,75,62,25,3,165,64,0,64,229
03/01/2015,KOA,HI,AWP,WE,Federal Contract Tower,65,17,11,7,100,0,44,25,5,74,65,61,36,12,174,28,22,50,224
03/02/2015,KOA,HI,AWP,WE,Federal Contract Tower,63,21,1,12,97,0,43,51,3,97,63,64,52,15,194,294,34,328,522
03/03/2015,KOA,HI,AWP,WE,Federal Contract Tower,60,19,3,37,119,0,29,56,6,91,60,48,59,43,210,222,64,286,496
03/04/2015,KOA,HI,AWP,WE,Federal Contract Tower,65,34,3,8,110,0,17,20,0,37,65,51,23,8,147,62,10,72,219
03/05/2015,KOA,HI,AWP,WE,Federal Contract Tower,73,21,6,19,119,0,61,63,13,137,73,82,69,32,256,550,90,640,896
03/06/2015,KOA,HI,AWP,WE,Federal Contract Tower,73,17,8,7,105,0,33,34,2,69,73,50,42,9,174,98,10,108,282
03/07/2015,KOA,HI,AWP,WE,Federal Contract Tower,71,18,9,7,105,0,26,11,4,41,71,44,20,11,146,70,28,98,244
03/08/2015,KOA,HI,AWP,WE,Federal Contract Tower,74,41,4,4,123,0,14,20,2,36,74,55,24,6,159,42,0,42,201
03/09/2015,KOA,HI,AWP,WE,Federal Contract Tower,71,33,2,4,110,0,28,51,1,80,71,61,53,5,190,186,0,186,376
03/10/2015,KOA,HI,AWP,WE,Federal Contract Tower,64,12,2,13,91,0,43,55,2,100,64,55,57,15,191,262,58,320,511
03/11/2015,KOA,HI,AWP,WE,Federal Contract Tower,67,34,5,3,109,0,30,51,2,83,67,64,56,5,192,194,30,224,416
03/12/2015,KOA,HI,AWP,WE,Federal Contract Tower,71,29,0,22,122,0,56,50,5,111,71,85,50,27,233,326,40,366,599
03/13/2015,KOA,HI,AWP,WE,Federal Contract Tower,76,16,6,18,116,0,60,32,5,97,76,76,38,23,213,94,78,172,385
03/14/2015,KOA,HI,AWP,WE,Federal Contract Tower,72,16,8,10,106,0,50,25,0,75,72,66,33,10,181,122,10,132,313
03/15/2015,KOA,HI,AWP,WE,Federal Contract Tower,72,19,7,1,99,0,52,34,2,88,72,71,41,3,187,74,8,82,269
03/16/2015,KOA,HI,AWP,WE,Federal Contract Tower,71,16,3,22,112,0,62,59,2,123,71,78,62,24,235,192,54,246,481
03/17/2015,KOA,HI,AWP,WE,Federal Contract Tower,61,24,2,15,102,0,37,51,6,94,61,61,53,21,196,216,46,262,458
03/18/2015,KOA,HI,AWP,WE,Federal Contract Tower,65,21,6,19,111,0,58,62,6,126,65,79,68,25,237,276,20,296,533
03/19/2015,KOA,HI,AWP,WE,Federal Contract Tower,72,19,10,6,107,0,61,51,8,120,72,80,61,14,227,210,22,232,459
03/20/2015,KOA,HI,AWP,WE,Federal Contract Tower,80,26,7,17,130,0,84,56,14,154,80,110,63,31,284,224,60,284,568
03/21/2015,KOA,HI,AWP,WE,Federal Contract Tower,74,16,18,0,108,0,55,35,0,90,74,71,53,0,198,98,0,98,296
03/22/2015,KOA,HI,AWP,WE,Federal Contract Tower,71,12,3,0,86,0,40,38,4,82,71,52,41,4,168,62,0,62,230
03/23/2015,KOA,HI,AWP,WE,Federal Contract Tower,71,20,12,17,120,0,52,53,11,116,71,72,65,28,236,184,16,200,436
03/24/2015,KOA,HI,AWP,WE,Federal Contract Tower,64,13,5,15,97,0,36,45,2,83,64,49,50,17,180,114,20,134,314
03/25/2015,KOA,HI,AWP,WE,Federal Contract Tower,70,16,8,9,103,0,64,64,2,130,70,80,72,11,233,244,72,316,549
03/26/2015,KOA,HI,AWP,WE,Federal Contract Tower,77,19,18,7,121,0,83,57,5,145,77,102,75,12,266,222,40,262,528
03/27/2015,KOA,HI,AWP,WE,Federal Contract Tower,83,21,8,3,115,0,61,62,3,126,83,82,70,6,241,288,0,288,529
03/28/2015,KOA,HI,AWP,WE,Federal Contract Tower,74,18,20,1,113,0,45,31,1,77,74,63,51,2,190,56,8,64,254
03/29/2015,KOA,HI,AWP,WE,Federal Contract Tower,73,22,15,1,111,0,32,20,1,53,73,54,35,2,164,68,0,68,232
03/30/2015,KOA,HI,AWP,WE,Federal Contract Tower,65,25,4,8,102,0,46,65,2,113,65,71,69,10,215,324,12,336,551
03/31/2015,KOA,HI,AWP,WE,Federal Contract Tower,60,20,8,14,102,0,31,52,8,91,60,51,60,22,193,128,106,234,427
04/01/2015,KOA,HI,AWP,WE,Federal Contract Tower,64,22,13,28,127,0,67,60,10,137,64,89,73,38,264,242,92,334,598
04/02/2015,KOA,HI,AWP,WE,Federal Contract Tower,70,23,15,25,133,0,54,72,14,140,70,77,87,39,273,256,120,376,649
04/03/2015,KOA,HI,AWP,WE,Federal Contract Tower,78,26,17,4,125,0,53,61,6,120,78,79,78,10,245,308,64,372,617
04/04/2015,KOA,HI,AWP,WE,Federal Contract Tower,71,18,13,0,102,0,48,36,0,84,71,66,49,0,186,56,0,56,242
04/05/2015,KOA,HI,AWP,WE,Federal Contract Tower,69,20,5,2,96,0,50,22,0,72,69,70,27,2,168,16,0,16,184
04/06/2015,KOA,HI,AWP,WE,Federal Contract Tower,68,25,6,14,113,0,49,74,1,124,68,74,80,15,237,208,48,256,493
04/07/2015,KOA,HI,AWP,WE,Federal Contract Tower,60,22,9,24,115,0,34,30,3,67,60,56,39,27,182,234,70,304,486
04/08/2015,KOA,HI,AWP,WE,Federal Contract Tower,64,28,5,4,101,0,51,61,4,116,64,79,66,8,217,208,30,238,455
04/09/2015,KOA,HI,AWP,WE,Federal Contract Tower,65,23,11,17,116,0,52,56,11,119,65,75,67,28,235,188,60,248,483
04/10/2015,KOA,HI,AWP,WE,Federal Contract Tower,74,19,12,23,128,0,59,58,2,119,74,78,70,25,247,236,46,282,529
04/11/2015,KOA,HI,AWP,WE,Federal Contract Tower,68,29,8,0,105,0,44,28,0,72,68,73,36,0,177,96,0,96,273
04/12/2015,KOA,HI,AWP,WE,Federal Contract Tower,68,19,17,0,104,0,37,27,0,64,68,56,44,0,168,96,0,96,264
04/13/2015,KOA,HI,AWP,WE,Federal Contract Tower,67,29,10,8,114,0,37,45,2,84,67,66,55,10,198,116,10,126,324
04/14/2015,KOA,HI,AWP,WE,Federal Contract Tower,63,26,8,16,113,0,36,35,5,76,63,62,43,21,189,72,22,94,283
04/15/2015,KOA,HI,AWP,WE,Federal Contract Tower,64,27,5,8,104,0,42,44,1,87,64,69,49,9,191,162,26,188,379
04/16/2015,KOA,HI,AWP,WE,Federal Contract Tower,66,13,6,27,112,0,61,61,15,137,66,74,67,42,249,174,90,264,513
04/17/2015,KOA,HI,AWP,WE,Federal Contract Tower,73,18,3,3,97,0,52,38,6,96,73,70,41,9,193,102,38,140,333
04/18/2015,KOA,HI,AWP,WE,Federal Contract Tower,72,15,7,0,94,1,56,45,0,102,73,71,52,0,196,108,0,108,304
04/19/2015,KOA,HI,AWP,WE,Federal Contract Tower,66,21,6,0,93,0,46,42,0,88,66,67,48,0,181,224,0,224,405
04/20/2015,KOA,HI,AWP,WE,Federal Contract Tower,63,27,8,18,116,0,45,55,15,115,63,72,63,33,231,192,134,326,557
04/21/2015,KOA,HI,AWP,WE,Federal Contract Tower,59,18,4,15,96,0,34,38,7,79,59,52,42,22,175,122,52,174,349
04/22/2015,KOA,HI,AWP,WE,Federal Contract Tower,61,17,4,3,85,0,42,58,0,100,61,59,62,3,185,176,4,180,365
04/23/2015,KOA,HI,AWP,WE,Federal Contract Tower,66,23,3,18,110,0,39,56,3,98,66,62,59,21,208,196,32,228,436
04/24/2015,KOA,HI,AWP,WE,Federal Contract Tower,75,16,4,5,100,0,48,53,0,101,75,64,57,5,201,258,6,264,465
04/25/2015,KOA,HI,AWP,WE,Federal Contract Tower,65,16,8,0,89,0,46,26,0,72,65,62,34,0,161,32,0,32,193
04/26/2015,KOA,HI,AWP,WE,Federal Contract Tower,65,18,7,0,90,0,34,21,0,55,65,52,28,0,145,22,0,22,167
04/27/2015,KOA,HI,AWP,WE,Federal Contract Tower,61,40,7,1,109,0,26,38,1,65,61,66,45,2,174,176,0,176,350
04/28/2015,KOA,HI,AWP,WE,Federal Contract Tower,56,20,5,5,86,0,35,35,2,72,56,55,40,7,158,176,8,184,342
04/29/2015,KOA,HI,AWP,WE,Federal Contract Tower,63,24,9,32,128,0,35,55,9,99,63,59,64,41,227,202,54,256,483
04/30/2015,KOA,HI,AWP,WE,Federal Contract Tower,62,20,2,27,111,0,40,50,14,104,62,60,52,41,215,174,24,198,413
05/01/2015,KOA,HI,AWP,WE,Federal Contract Tower,79,26,5,2,112,0,53,56,0,109,79,79,61,2,221,198,0,198,419
05/02/2015,KOA,HI,AWP,WE,Federal Contract Tower,61,14,1,2,78,0,41,37,0,78,61,55,38,2,156,122,0,122,278
05/03/2015,KOA,HI,AWP,WE,Federal Contract Tower,62,17,5,0,84,0,43,18,0,61,62,60,23,0,145,110,0,110,255
05/04/2015,KOA,HI,AWP,WE,Federal Contract Tower,60,18,4,4,86,0,42,77,2,121,60,60,81,6,207,242,2,244,451
05/05/2015,KOA,HI,AWP,WE,Federal Contract Tower,58,20,9,6,93,0,39,57,6,102,58,59,66,12,195,262,32,294,489
05/06/2015,KOA,HI,AWP,WE,Federal Contract Tower,62,20,5,16,103,0,35,47,8,90,62,55,52,24,193,214,56,270,463
05/07/2015,KOA,HI,AWP,WE,Federal Contract Tower,62,28,10,16,116,0,50,57,10,117,62,78,67,26,233,254,52,306,539
05/08/2015,KOA,HI,AWP,WE,Federal Contract Tower,67,26,4,23,120,0,69,76,15,160,67,95,80,38,280,262,150,412,692
05/09/2015,KOA,HI,AWP,WE,Federal Contract Tower,60,21,7,1,89,0,38,37,2,77,60,59,44,3,166,106,0,106,272
05/10/2015,KOA,HI,AWP,WE,Federal Contract Tower,62,12,1,8,83,0,36,22,0,58,62,48,23,8,141,48,0,48,189
05/11/2015,KOA,HI,AWP,WE,Federal Contract Tower,61,28,1,6,96,0,41,64,7,112,61,69,65,13,208,200,46,246,454
05/12/2015,KOA,HI,AWP,WE,Federal Contract Tower,53,21,4,11,89,0,30,43,6,79,53,51,47,17,168,174,70,244,412
05/13/2015,KOA,HI,AWP,WE,Federal Contract Tower,59,24,1,7,91,0,40,58,1,99,59,64,59,8,190,280,26,306,496
05/14/2015,KOA,HI,AWP,WE,Federal Contract Tower,59,30,6,13,108,0,40,51,12,103,59,70,57,25,211,234,86,320,531
05/15/2015,KOA,HI,AWP,WE,Federal Contract Tower,68,22,6,19,115,0,60,49,8,117,68,82,55,27,232,202,62,264,496
05/16/2015,KOA,HI,AWP,WE,Federal Contract Tower,60,14,2,4,80,0,43,27,6,76,60,57,29,10,156,30,6,36,192
05/17/2015,KOA,HI,AWP,WE,Federal Contract Tower,63,13,2,7,85,0,41,42,3,86,63,54,44,10,171,60,32,92,263
05/18/2015,KOA,HI,AWP,WE,Federal Contract Tower,61,21,4,25,111,0,48,62,12,122,61,69,66,37,233,306,106,412,645
05/19/2015,KOA,HI,AWP,WE,Federal Contract Tower,57,18,3,28,106,0,38,56,15,109,57,56,59,43,215,234,96,330,545
05/20/2015,KOA,HI,AWP,WE,Federal Contract Tower,62,22,6,17,107,0,41,41,19,101,62,63,47,36,208,200,54,254,462
05/21/2015,KOA,HI,AWP,WE,Federal Contract Tower,62,28,8,25,123,0,54,74,14,142,62,82,82,39,265,234,66,300,565
05/22/2015,KOA,HI,AWP,WE,Federal Contract Tower,73,26,6,8,113,0,50,49,4,103,73,76,55,12,216,280,28,308,524
05/23/2015,KOA,HI,AWP,WE,Federal Contract Tower,63,18,2,0,83,0,42,30,0,72,63,60,32,0,155,80,0,80,235
05/24/2015,KOA,HI,AWP,WE,Federal Contract Tower,63,15,5,0,83,0,50,40,0,90,63,65,45,0,173,106,0,106,279
05/25/2015,KOA,HI,AWP,WE,Federal Contract Tower,68,12,9,0,89,0,53,52,0,105,68,65,61,0,194,197,0,197,391
05/26/2015,KOA,HI,AWP,WE,Federal Contract Tower,68,39,6,20,133,0,20,44,12,76,68,59,50,32,209,136,64,200,409
05/27/2015,KOA,HI,AWP,WE,Federal Contract Tower,75,35,3,17,130,0,16,46,8,70,75,51,49,25,200,158,92,250,450
05/28/2015,KOA,HI,AWP,WE,Federal Contract Tower,71,27,5,21,124,0,41,50,5,96,71,68,55,26,220,226,52,278,498
05/29/2015,KOA,HI,AWP,WE,Federal Contract Tower,82,15,6,6,109,0,61,54,10,125,82,76,60,16,234,208,64,272,506
05/30/2015,KOA,HI,AWP,WE,Federal Contract Tower,75,10,4,1,90,0,50,38,0,88,75,60,42,1,178,134,0,134,312
05/31/2015,KOA,HI,AWP,WE,Federal Contract Tower,77,21,7,0,105,0,32,23,0,55,77,53,30,0,160,20,0,20,180
06/01/2015,KOA,HI,AWP,WE,Federal Contract Tower,76,20,6,18,120,0,44,51,12,107,76,64,57,30,227,298,18,316,543
06/02/2015,KOA,HI,AWP,WE,Federal Contract Tower,69,24,8,9,110,0,35,36,3,74,69,59,44,12,184,228,64,292,476
06/03/2015,KOA,HI,AWP,WE,Federal Contract Tower,72,28,12,14,126,0,36,49,3,88,72,64,61,17,214,220,60,280,494
06/04/2015,KOA,HI,AWP,WE,Federal Contract Tower,76,16,6,17,115,60,44,9,0,113,136,60,15,17,228,196,46,242,470
06/05/2015,KOA,HI,AWP,WE,Federal Contract Tower,87,21,9,12,129,0,60,51,3,114,87,81,60,15,243,168,6,174,417
06/06/2015,KOA,HI,AWP,WE,Federal Contract Tower,82,15,6,2,105,0,39,13,1,53,82,54,19,3,158,44,26,70,228
06/07/2015,KOA,HI,AWP,WE,Federal Contract Tower,76,23,2,1,102,0,38,25,0,63,76,61,27,1,165,52,0,52,217
06/08/2015,KOA,HI,AWP,WE,Federal Contract Tower,76,21,5,10,112,0,51,42,10,103,76,72,47,20,215,196,68,264,479
06/09/2015,KOA,HI,AWP,WE,Federal Contract Tower,71,16,4,17,108,0,41,28,3,72,71,57,32,20,180,152,46,198,378
06/10/2015,KOA,HI,AWP,WE,Federal Contract Tower,74,14,7,9,104,0,58,57,9,124,74,72,64,18,228,204,106,310,538
06/11/2015,KOA,HI,AWP,WE,Federal Contract Tower,78,14,11,10,113,0,62,52,5,119,78,76,63,15,232,244,32,276,508
06/12/2015,KOA,HI,AWP,WE,Federal Contract Tower,81,23,11,7,122,0,63,56,9,128,81,86,67,16,250,264,30,294,544
06/13/2015,KOA,HI,AWP,WE,Federal Contract Tower,78,18,4,3,103,0,44,31,8,83,78,62,35,11,186,10,14,24,210
06/14/2015,KOA,HI,AWP,WE,Federal Contract Tower,80,26,3,0,109,0,35,25,2,62,80,61,28,2,171,90,0,90,261
06/15/2015,KOA,HI,AWP,WE,Federal Contract Tower,74,22,7,13,116,0,44,22,0,66,74,66,29,13,182,174,10,184,366
06/16/2015,KOA,HI,AWP,WE,Federal Contract Tower,73,19,6,9,107,0,32,54,1,87,73,51,60,10,194,222,40,262,456
06/17/2015,KOA,HI,AWP,WE,Federal Contract Tower,75,21,7,24,127,0,47,53,11,111,75,68,60,35,238,224,118,342,580
06/18/2015,KOA,HI,AWP,WE,Federal Contract Tower,74,19,3,21,117,0,48,47,12,107,74,67,50,33,224,206,72,278,502
06/19/2015,KOA,HI,AWP,WE,Federal Contract Tower,80,29,8,12,129,0,58,59,4,121,80,87,67,16,250,190,20,210,460
06/20/2015,KOA,HI,AWP,WE,Federal Contract Tower,81,18,8,6,113,0,49,48,2,99,81,67,56,8,212,200,8,208,420
06/21/2015,KOA,HI,AWP,WE,Federal Contract Tower,80,10,6,0,96,0,31,26,0,57,80,41,32,0,153,42,0,42,195
06/22/2015,KOA,HI,AWP,WE,Federal Contract Tower,75,24,7,9,115,0,36,38,7,81,75,60,45,16,196,166,4,170,366
06/23/2015,KOA,HI,AWP,WE,Federal Contract Tower,73,17,28,30,148,0,38,51,6,95,73,55,79,36,243,110,93,203,446
06/24/2015,KOA,HI,AWP,WE,Federal Contract Tower,75,27,7,30,139,0,43,57,10,110,75,70,64,40,249,166,86,252,501
06/25/2015,KOA,HI,AWP,WE,Federal Contract Tower,78,23,7,13,121,0,50,67,6,123,78,73,74,19,244,250,36,286,530
06/26/2015,KOA,HI,AWP,WE,Federal Contract Tower,85,16,9,29,139,0,49,53,13,115,85,65,62,42,254,188,62,250,504
06/27/2015,KOA,HI,AWP,WE,Federal Contract Tower,80,13,6,0,99,0,50,39,0,89,80,63,45,0,188,68,0,68,256
06/28/2015,KOA,HI,AWP,WE,Federal Contract Tower,77,13,6,0,96,0,48,25,0,73,77,61,31,0,169,122,0,122,291
06/29/2015,KOA,HI,AWP,WE,Federal Contract Tower,75,17,5,11,108,0,48,37,3,88,75,65,42,14,196,172,48,220,416
06/30/2015,KOA,HI,AWP,WE,Federal Contract Tower,71,16,7,9,103,0,44,37,2,83,71,60,44,11,186,128,28,156,342
07/01/2015,KOA,HI,AWP,WE,Federal Contract Tower,73,31,9,22,135,0,34,42,5,81,73,65,51,27,216,94,50,144,360
07/02/2015,KOA,HI,AWP,WE,Federal Contract Tower,74,24,8,9,115,0,26,26,13,65,74,50,34,22,180,184,58,242,422
07/03/2015,KOA,HI,AWP,WE,Federal Contract Tower,79,19,2,0,100,0,55,27,0,82,79,74,29,0,182,200,2,202,384
07/04/2015,KOA,HI,AWP,WE,Federal Contract Tower,81,6,5,0,92,0,43,26,0,69,81,49,31,0,161,26,0,26,187
07/05/2015,KOA,HI,AWP,WE,Federal Contract Tower,79,12,7,0,98,0,53,26,0,79,79,65,33,0,177,70,0,70,247
07/06/2015,KOA,HI,AWP,WE,Federal Contract Tower,73,20,4,4,101,0,61,47,6,114,73,81,51,10,215,302,18,320,535
07/07/2015,KOA,HI,AWP,WE,Federal Contract Tower,70,24,4,10,108,0,34,39,2,75,70,58,43,12,183,230,10,240,423
07/08/2015,KOA,HI,AWP,WE,Federal Contract Tower,72,21,9,29,131,0,44,46,11,101,72,65,55,40,232,84,70,154,386
07/09/2015,KOA,HI,AWP,WE,Federal Contract Tower,74,37,8,19,138,0,46,42,13,101,74,83,50,32,239,196,52,248,487
07/10/2015,KOA,HI,AWP,WE,Federal Contract Tower,83,26,6,2,117,0,61,54,0,115,83,87,60,2,232,258,4,262,494
07/11/2015,KOA,HI,AWP,WE,Federal Contract Tower,81,11,6,3,101,0,30,22,1,53,81,41,28,4,154,192,18,210,364
07/12/2015,KOA,HI,AWP,WE,Federal Contract Tower,79,11,1,0,91,0,35,22,3,60,79,46,23,3,151,112,0,112,263
07/13/2015,KOA,HI,AWP,WE,Federal Contract Tower,74,25,6,26,131,0,32,43,7,82,74,57,49,33,213,202,16,218,431
07/14/2015,KOA,HI,AWP,WE,Federal Contract Tower,70,24,3,15,112,0,34,54,13,101,70,58,57,28,213,222,54,276,489
07/15/2015,KOA,HI,AWP,WE,Federal Contract Tower,76,26,5,9,116,0,41,40,3,84,76,67,45,12,200,66,34,100,300
07/16/2015,KOA,HI,AWP,WE,Federal Contract Tower,77,24,5,10,116,0,48,43,1,92,77,72,48,11,208,132,2,134,342
07/17/2015,KOA,HI,AWP,WE,Federal Contract Tower,90,28,4,9,131,0,36,34,6,76,90,64,38,15,207,116,40,156,363
07/18/2015,KOA,HI,AWP,WE,Federal Contract Tower,79,20,5,8,112,0,55,26,4,85,79,75,31,12,197,92,16,108,305
07/19/2015,KOA,HI,AWP,WE,Federal Contract Tower,79,17,2,6,104,0,38,25,0,63,79,55,27,6,167,18,0,18,185
07/20/2015,KOA,HI,AWP,WE,Federal Contract Tower,74,19,6,9,108,0,39,40,7,86,74,58,46,16,194,170,58,228,422
07/21/2015,KOA,HI,AWP,WE,Federal Contract Tower,75,16,3,10,104,0,37,44,7,88,75,53,47,17,192,112,70,182,374
07/22/2015,KOA,HI,AWP,WE,Federal Contract Tower,72,35,6,19,132,0,45,42,7,94,72,80,48,26,226,158,18,176,402
07/23/2015,KOA,HI,AWP,WE,Federal Contract Tower,78,14,6,11,109,0,48,41,3,92,78,62,47,14,201,202,68,270,471
07/24/2015,KOA,HI,AWP,WE,Federal Contract Tower,88,22,2,14,126,0,47,51,0,98,88,69,53,14,224,176,4,180,404
07/25/2015,KOA,HI,AWP,WE,Federal Contract Tower,80,17,3,1,101,0,47,30,1,78,80,64,33,2,179,72,0,72,251
07/26/2015,KOA,HI,AWP,WE,Federal Contract Tower,79,18,9,0,106,0,54,17,0,71,79,72,26,0,177,18,0,18,195
07/27/2015,KOA,HI,AWP,WE,Federal Contract Tower,73,26,17,14,130,0,36,54,16,106,73,62,71,30,236,76,48,124,360
07/28/2015,KOA,HI,AWP,WE,Federal Contract Tower,73,20,7,16,116,0,55,68,9,132,73,75,75,25,248,172,54,226,474
07/29/2015,KOA,HI,AWP,WE,Federal Contract Tower,73,19,4,13,109,0,42,47,12,101,73,61,51,25,210,126,50,176,386
07/30/2015,KOA,HI,AWP,WE,Federal Contract Tower,73,25,10,11,119,0,45,48,2,95,73,70,58,13,214,126,50,176,390
07/31/2015,KOA,HI,AWP,WE,Federal Contract Tower,86,23,9,4,122,0,41,39,2,82,86,64,48,6,204,176,26,202,406
08/01/2015,KOA,HI,AWP,WE,Federal Contract Tower,79,17,7,4,107,0,38,32,0,70,79,55,39,4,177,38,0,38,215
08/02/2015,KOA,HI,AWP,WE,Federal Contract Tower,79,8,10,1,98,0,26,23,0,49,79,34,33,1,147,40,8,48,195
08/03/2015,KOA,HI,AWP,WE,Federal Contract Tower,77,33,8,11,129,0,18,41,10,69,77,51,49,21,198,76,28,104,302
08/04/2015,KOA,HI,AWP,WE,Federal Contract Tower,71,31,7,22,131,0,31,62,11,104,71,62,69,33,235,222,30,252,487
08/05/2015,KOA,HI,AWP,WE,Federal Contract Tower,73,25,9,30,137,0,28,45,0,73,73,53,54,30,210,116,42,158,368
08/06/2015,KOA,HI,AWP,WE,Federal Contract Tower,74,25,10,26,135,0,57,38,4,99,74,82,48,30,234,208,46,254,488
08/07/2015,KOA,HI,AWP,WE,Federal Contract Tower,82,26,10,2,120,0,43,29,2,74,82,69,39,4,194,152,0,152,346
08/08/2015,KOA,HI,AWP,WE,Federal Contract Tower,82,12,17,17,128,0,53,34,4,91,82,65,51,21,219,154,22,176,395
08/09/2015,KOA,HI,AWP,WE,Federal Contract Tower,82,11,11,4,108,0,0,0,0,0,82,11,11,4,108,20,4,24,132
08/10/2015,KOA,HI,AWP,WE,Federal Contract Tower,77,15,20,10,122,0,44,61,1,106,77,59,81,11,228,216,0,216,444
08/11/2015,KOA,HI,AWP,WE,Federal Contract Tower,75,21,11,4,111,0,34,55,4,93,75,55,66,8,204,140,20,160,364
08/12/2015,KOA,HI,AWP,WE,Federal Contract Tower,75,19,3,17,114,0,45,43,0,88,75,64,46,17,202,234,32,266,468
08/13/2015,KOA,HI,AWP,WE,Federal Contract Tower,78,21,8,0,107,0,27,33,0,60,78,48,41,0,167,188,0,188,355
08/14/2015,KOA,HI,AWP,WE,Federal Contract Tower,83,37,10,15,145,0,25,32,0,57,83,62,42,15,202,86,18,104,306
08/15/2015,KOA,HI,AWP,WE,Federal Contract Tower,81,17,11,10,119,0,38,25,2,65,81,55,36,12,184,78,4,82,266
08/16/2015,KOA,HI,AWP,WE,Federal Contract Tower,81,19,7,0,107,0,32,23,1,56,81,51,30,1,163,20,0,20,183
08/17/2015,KOA,HI,AWP,WE,Federal Contract Tower,73,31,6,2,112,0,35,49,4,88,73,66,55,6,200,54,22,76,276
08/18/2015,KOA,HI,AWP,WE,Federal Contract Tower,69,21,16,9,115,0,55,53,16,124,69,76,69,25,239,56,20,76,315
08/19/2015,KOA,HI,AWP,WE,Federal Contract Tower,75,14,8,11,108,0,34,32,4,70,75,48,40,15,178,160,14,174,352
08/20/2015,KOA,HI,AWP,WE,Federal Contract Tower,76,19,6,6,107,0,37,37,5,79,76,56,43,11,186,194,70,264,450
08/21/2015,KOA,HI,AWP,WE,Federal Contract Tower,82,21,3,4,110,0,46,32,10,88,82,67,35,14,198,136,0,136,334
08/22/2015,KOA,HI,AWP,WE,Federal Contract Tower,75,11,7,0,93,0,37,26,0,63,75,48,33,0,156,58,0,58,214
08/23/2015,KOA,HI,AWP,WE,Federal Contract Tower,77,16,9,4,106,0,30,10,14,54,77,46,19,18,160,32,0,32,192
08/24/2015,KOA,HI,AWP,WE,Federal Contract Tower,64,24,4,11,103,0,4,4,0,8,64,28,8,11,111,0,0,0,111
08/25/2015,KOA,HI,AWP,WE,Federal Contract Tower,69,19,6,19,113,0,36,46,6,88,69,55,52,25,201,90,54,144,345
08/26/2015,KOA,HI,AWP,WE,Federal Contract Tower,66,18,5,13,102,0,45,45,4,94,66,63,50,17,196,88,22,110,306
08/27/2015,KOA,HI,AWP,WE,Federal Contract Tower,72,18,5,3,98,0,28,46,11,85,72,46,51,14,183,106,14,120,303
08/28/2015,KOA,HI,AWP,WE,Federal Contract Tower,81,14,10,2,107,0,41,43,0,84,81,55,53,2,191,144,0,144,335
08/29/2015,KOA,HI,AWP,WE,Federal Contract Tower,71,16,6,1,94,0,42,26,0,68,71,58,32,1,162,54,0,54,216
08/30/2015,KOA,HI,AWP,WE,Federal Contract Tower,73,15,6,0,94,0,31,18,4,53,73,46,24,4,147,50,0,50,197
08/31/2015,KOA,HI,AWP,WE,Federal Contract Tower,64,24,1,20,109,0,36,64,1,101,64,60,65,21,210,146,20,166,376
09/01/2015,KOA,HI,AWP,WE,Federal Contract Tower,64,19,4,3,90,0,38,55,3,96,64,57,59,6,186,156,32,188,374
09/02/2015,KOA,HI,AWP,WE,Federal Contract Tower,68,22,6,13,109,0,38,39,12,89,68,60,45,25,198,208,30,238,436
09/03/2015,KOA,HI,AWP,WE,Federal Contract Tower,67,24,10,3,104,0,22,47,3,72,67,46,57,6,176,196,2,198,374
09/04/2015,KOA,HI,AWP,WE,Federal Contract Tower,80,19,6,1,106,0,38,37,0,75,80,57,43,1,181,202,0,202,383
09/05/2015,KOA,HI,AWP,WE,Federal Contract Tower,70,15,5,0,90,0,28,25,0,53,70,43,30,0,143,36,0,36,179
09/06/2015,KOA,HI,AWP,WE,Federal Contract Tower,70,11,6,0,87,0,28,29,0,57,70,39,35,0,144,10,0,10,154
09/07/2015,KOA,HI,AWP,WE,Federal Contract Tower,65,13,8,0,86,0,43,47,0,90,65,56,55,0,176,76,0,76,252
09/08/2015,KOA,HI,AWP,WE,Federal Contract Tower,63,16,2,25,106,0,33,38,13,84,63,49,40,38,190,125,23,148,338
09/09/2015,KOA,HI,AWP,WE,Federal Contract Tower,59,13,3,9,84,0,34,36,4,74,59,47,39,13,158,172,26,198,356
09/10/2015,KOA,HI,AWP,WE,Federal Contract Tower,60,26,6,11,103,0,17,39,1,57,60,43,45,12,160,114,32,146,306
09/11/2015,KOA,HI,AWP,WE,Federal Contract Tower,66,22,4,10,102,0,47,44,7,98,66,69,48,17,200,74,20,94,294
09/12/2015,KOA,HI,AWP,WE,Federal Contract Tower,60,18,1,0,79,0,28,35,1,64,60,46,36,1,143,110,0,110,253
09/13/2015,KOA,HI,AWP,WE,Federal Contract Tower,66,16,2,1,85,0,17,14,2,33,66,33,16,3,118,66,0,66,184
09/14/2015,KOA,HI,AWP,WE,Federal Contract Tower,55,17,4,8,84,0,31,53,3,87,55,48,57,11,171,162,14,176,347
09/15/2015,KOA,HI,AWP,WE,Federal Contract Tower,60,15,3,32,110,0,32,52,7,91,60,47,55,39,201,165,28,193,394
09/16/2015,KOA,HI,AWP,WE,Federal Contract Tower,58,12,4,24,98,0,32,40,7,79,58,44,44,31,177,272,89,361,538
09/17/2015,KOA,HI,AWP,WE,Federal Contract Tower,60,22,1,32,115,0,33,27,20,80,60,55,28,52,195,82,30,112,307
09/18/2015,KOA,HI,AWP,WE,Federal Contract Tower,68,22,8,11,109,0,26,40,27,93,68,48,48,38,202,96,16,112,314
09/19/2015,KOA,HI,AWP,WE,Federal Contract Tower,67,13,6,6,92,0,39,27,0,66,67,52,33,6,158,136,0,136,294
09/20/2015,KOA,HI,AWP,WE,Federal Contract Tower,65,26,2,0,93,0,24,19,0,43,65,50,21,0,136,103,0,103,239
09/21/2015,KOA,HI,AWP,WE,Federal Contract Tower,62,17,4,26,109,0,36,41,11,88,62,53,45,37,197,128,24,152,349
09/22/2015,KOA,HI,AWP,WE,Federal Contract Tower,57,12,9,36,114,0,50,56,14,120,57,62,65,50,234,142,82,224,458
09/23/2015,KOA,HI,AWP,WE,Federal Contract Tower,57,13,3,32,105,0,42,45,2,89,57,55,48,34,194,160,0,160,354
09/24/2015,KOA,HI,AWP,WE,Federal Contract Tower,64,15,0,26,105,0,38,40,7,85,64,53,40,33,190,212,20,232,422
09/25/2015,KOA,HI,AWP,WE,Federal Contract Tower,74,13,3,10,100,0,41,57,2,100,74,54,60,12,200,186,12,198,398
09/26/2015,KOA,HI,AWP,WE,Federal Contract Tower,66,15,6,0,87,0,36,27,0,63,66,51,33,0,150,26,0,26,176
09/27/2015,KOA,HI,AWP,WE,Federal Contract Tower,62,11,4,0,77,0,29,21,0,50,62,40,25,0,127,28,0,28,155
09/28/2015,KOA,HI,AWP,WE,Federal Contract Tower,64,16,3,17,100,0,32,42,3,77,64,48,45,20,177,140,18,158,335
09/29/2015,KOA,HI,AWP,WE,Federal Contract Tower,60,12,3,22,97,0,38,56,10,104,60,50,59,32,201,112,78,190,391
09/30/2015,KOA,HI,AWP,WE,Federal Contract Tower,60,19,5,16,100,0,35,56,2,93,60,54,61,18,193,274,16,290,483
10/01/2015,KOA,HI,AWP,WE,Federal Contract Tower,65,13,3,40,121,0,36,49,4,89,65,49,52,44,210,186,40,226,436
10/02/2015,KOA,HI,AWP,WE,Federal Contract Tower,69,12,3,23,107,0,42,44,8,94,69,54,47,31,201,178,146,324,525
10/03/2015,KOA,HI,AWP,WE,Federal Contract Tower,71,14,4,0,89,0,40,34,0,74,71,54,38,0,163,72,0,72,235
10/04/2015,KOA,HI,AWP,WE,Federal Contract Tower,67,20,3,0,90,0,32,24,0,56,67,52,27,0,146,82,0,82,228
10/05/2015,KOA,HI,AWP,WE,Federal Contract Tower,63,22,1,26,112,0,34,42,4,80,63,56,43,30,192,94,32,126,318
10/06/2015,KOA,HI,AWP,WE,Federal Contract Tower,61,15,8,22,106,0,46,15,1,62,61,61,23,23,168,0,48,48,216
10/07/2015,KOA,HI,AWP,WE,Federal Contract Tower,66,14,5,20,105,0,40,47,1,88,66,54,52,21,193,154,52,206,399
10/08/2015,KOA,HI,AWP,WE,Federal Contract Tower,63,22,3,24,112,0,35,26,6,67,63,57,29,30,179,60,38,98,277
10/09/2015,KOA,HI,AWP,WE,Federal Contract Tower,75,11,6,37,129,0,41,36,2,79,75,52,42,39,208,32,44,76,284
10/10/2015,KOA,HI,AWP,WE,Federal Contract Tower,71,12,5,9,97,0,21,41,3,65,71,33,46,12,162,46,0,46,208
10/11/2015,KOA,HI,AWP,WE,Federal Contract Tower,75,17,4,0,96,0,35,12,0,47,75,52,16,0,143,57,0,57,200
10/12/2015,KOA,HI,AWP,WE,Federal Contract Tower,77,20,7,0,104,0,43,36,0,79,77,63,43,0,183,76,0,76,259
10/13/2015,KOA,HI,AWP,WE,Federal Contract Tower,65,17,3,34,119,0,38,39,12,89,65,55,42,46,208,168,54,222,430
10/14/2015,KOA,HI,AWP,WE,Federal Contract Tower,62,14,8,21,105,0,48,48,4,100,62,62,56,25,205,202,90,292,497
10/15/2015,KOA,HI,AWP,WE,Federal Contract Tower,62,22,4,7,95,0,31,39,5,75,62,53,43,12,170,192,22,214,384
10/16/2015,KOA,HI,AWP,WE,Federal Contract Tower,71,29,2,1,103,0,21,28,2,51,71,50,30,3,154,246,0,246,400
10/17/2015,KOA,HI,AWP,WE,Federal Contract Tower,72,11,5,0,88,0,35,23,0,58,72,46,28,0,146,72,0,72,218
10/18/2015,KOA,HI,AWP,WE,Federal Contract Tower,67,6,3,0,76,0,31,23,0,54,67,37,26,0,130,10,0,10,140
10/19/2015,KOA,HI,AWP,WE,Federal Contract Tower,65,16,6,27,114,0,39,67,4,110,65,55,73,31,224,146,54,200,424
10/20/2015,KOA,HI,AWP,WE,Federal Contract Tower,57,14,6,18,95,0,38,45,5,88,57,52,51,23,183,118,18,136,319
10/21/2015,KOA,HI,AWP,WE,Federal Contract Tower,63,13,10,24,110,0,42,39,2,83,63,55,49,26,193,226,14,240,433
10/22/2015,KOA,HI,AWP,WE,Federal Contract Tower,65,14,7,33,119,0,40,41,5,86,65,54,48,38,205,202,34,236,441
10/23/2015,KOA,HI,AWP,WE,Federal Contract Tower,72,12,3,23,110,0,41,49,5,95,72,53,52,28,205,124,40,164,369
10/24/2015,KOA,HI,AWP,WE,Federal Contract Tower,68,13,7,2,90,0,43,40,0,83,68,56,47,2,173,62,0,62,235
10/25/2015,KOA,HI,AWP,WE,Federal Contract Tower,66,7,7,0,80,0,36,28,0,64,66,43,35,0,144,70,0,70,214
10/26/2015,KOA,HI,AWP,WE,Federal Contract Tower,63,14,4,23,104,0,36,27,6,69,63,50,31,29,173,76,54,130,303
10/27/2015,KOA,HI,AWP,WE,Federal Contract Tower,59,11,8,21,99,12,34,19,9,74,71,45,27,30,173,66,30,96,269
10/28/2015,KOA,HI,AWP,WE,Federal Contract Tower,62,12,4,6,84,0,41,21,2,64,62,53,25,8,148,56,14,70,218
10/29/2015,KOA,HI,AWP,WE,Federal Contract Tower,60,16,12,21,109,0,35,29,10,74,60,51,41,31,183,74,34,108,291
10/30/2015,KOA,HI,AWP,WE,Federal Contract Tower,75,14,3,8,100,0,39,43,8,90,75,53,46,16,190,92,0,92,282
10/31/2015,KOA,HI,AWP,WE,Federal Contract Tower,65,9,3,0,77,0,31,20,0,51,65,40,23,0,128,60,0,60,188
11/01/2015,KOA,HI,AWP,WE,Federal Contract Tower,61,7,4,0,72,0,30,12,0,42,61,37,16,0,114,130,0,130,244
11/02/2015,KOA,HI,AWP,WE,Federal Contract Tower,60,16,5,35,116,0,29,28,14,71,60,45,33,49,187,170,84,254,441
11/03/2015,KOA,HI,AWP,WE,Federal Contract Tower,55,15,2,33,105,0,29,37,7,73,55,44,39,40,178,164,56,220,398
11/04/2015,KOA,HI,AWP,WE,Federal Contract Tower,62,13,5,2,82,0,31,35,2,68,62,44,40,4,150,68,6,74,224
11/05/2015,KOA,HI,AWP,WE,Federal Contract Tower,58,20,5,32,115,0,30,19,5,54,58,50,24,37,169,50,20,70,239
11/06/2015,KOA,HI,AWP,WE,Federal Contract Tower,70,14,3,25,112,0,40,38,12,90,70,54,41,37,202,156,76,232,434
11/07/2015,KOA,HI,AWP,WE,Federal Contract Tower,61,12,4,7,84,0,47,35,1,83,61,59,39,8,167,132,0,132,299
11/08/2015,KOA,HI,AWP,WE,Federal Contract Tower,58,9,4,0,71,0,37,37,0,74,58,46,41,0,145,68,0,68,213
11/09/2015,KOA,HI,AWP,WE,Federal Contract Tower,58,19,4,15,96,0,38,49,7,94,58,57,53,22,190,166,36,202,392
11/10/2015,KOA,HI,AWP,WE,Federal Contract Tower,53,14,10,16,93,0,33,49,6,88,53,47,59,22,181,176,68,244,425
11/11/2015,KOA,HI,AWP,WE,Federal Contract Tower,57,10,5,0,72,0,39,32,0,71,57,49,37,0,143,228,0,228,371
11/12/2015,KOA,HI,AWP,WE,Federal Contract Tower,57,16,8,21,102,0,39,48,1,88,57,55,56,22,190,232,72,304,494
11/13/2015,KOA,HI,AWP,WE,Federal Contract Tower,71,15,5,35,126,0,23,57,3,83,71,38,62,38,209,258,66,324,533
11/14/2015,KOA,HI,AWP,WE,Federal Contract Tower,61,12,7,1,81,0,38,47,1,86,61,50,54,2,167,198,4,202,369
11/15/2015,KOA,HI,AWP,WE,Federal Contract Tower,63,11,9,5,88,0,33,39,4,76,63,44,48,9,164,88,6,94,258
11/16/2015,KOA,HI,AWP,WE,Federal Contract Tower,59,12,7,19,97,0,30,40,15,85,59,42,47,34,182,172,60,232,414
11/17/2015,KOA,HI,AWP,WE,Federal Contract Tower,55,12,12,35,114,0,28,47,9,84,55,40,59,44,198,192,94,286,484
11/18/2015,KOA,HI,AWP,WE,Federal Contract Tower,57,17,8,33,115,0,25,41,6,72,57,42,49,39,187,10,68,78,265
11/19/2015,KOA,HI,AWP,WE,Federal Contract Tower,59,31,8,31,129,0,24,38,6,68,59,55,46,37,197,56,60,116,313
11/20/2015,KOA,HI,AWP,WE,Federal Contract Tower,71,32,13,14,130,0,11,15,2,28,71,43,28,16,158,100,30,130,288
11/21/2015,KOA,HI,AWP,WE,Federal Contract Tower,69,23,14,13,119,9,40,38,9,96,78,63,52,22,215,112,0,112,327
11/22/2015,KOA,HI,AWP,WE,Federal Contract Tower,66,12,8,2,88,0,34,31,0,65,66,46,39,2,153,142,0,142,295
11/23/2015,KOA,HI,AWP,WE,Federal Contract Tower,61,16,5,11,93,0,32,53,6,91,61,48,58,17,184,192,53,245,429
11/24/2015,KOA,HI,AWP,WE,Federal Contract Tower,59,34,7,15,115,0,24,52,0,76,59,58,59,15,191,126,6,132,323
11/25/2015,KOA,HI,AWP,WE,Federal Contract Tower,60,26,6,1,93,0,43,48,2,93,60,69,54,3,186,160,0,160,346
11/26/2015,KOA,HI,AWP,WE,Federal Contract Tower,59,9,2,0,70,0,41,35,0,76,59,50,37,0,146,192,0,192,338
11/27/2015,KOA,HI,AWP,WE,Federal Contract Tower,68,17,2,0,87,0,37,25,0,62,68,54,27,0,149,126,0,126,275
11/28/2015,KOA,HI,AWP,WE,Federal Contract Tower,68,10,11,2,91,0,48,16,2,66,68,58,27,4,157,124,0,124,281
11/29/2015,KOA,HI,AWP,WE,Federal Contract Tower,72,15,10,0,97,0,37,33,0,70,72,52,43,0,167,72,0,72,239
11/30/2015,KOA,HI,AWP,WE,Federal Contract Tower,60,15,7,15,97,0,51,40,4,95,60,66,47,19,192,40,12,52,244
12/01/2015,KOA,HI,AWP,WE,Federal Contract Tower,55,14,11,15,95,0,34,56,2,92,55,48,67,17,187,188,32,220,407
12/02/2015,KOA,HI,AWP,WE,Federal Contract Tower,61,18,3,21,103,0,30,41,9,80,61,48,44,30,183,228,64,292,475
12/03/2015,KOA,HI,AWP,WE,Federal Contract Tower,58,15,3,13,89,0,42,43,6,91,58,57,46,19,180,142,38,180,360
12/04/2015,KOA,HI,AWP,WE,Federal Contract Tower,57,12,7,6,82,1,35,32,7,75,58,47,39,13,157,230,2,232,389
12/05/2015,KOA,HI,AWP,WE,Federal Contract Tower,61,12,10,0,83,0,35,36,0,71,61,47,46,0,154,176,0,176,330
12/06/2015,KOA,HI,AWP,WE,Federal Contract Tower,61,10,4,0,75,0,33,21,0,54,61,43,25,0,129,112,0,112,241
12/07/2015,KOA,HI,AWP,WE,Federal Contract Tower,56,17,3,7,83,0,29,53,4,86,56,46,56,11,169,154,40,194,363
12/08/2015,KOA,HI,AWP,WE,Federal Contract Tower,55,16,3,12,86,0,36,58,1,95,55,52,61,13,181,136,20,156,337
12/09/2015,KOA,HI,AWP,WE,Federal Contract Tower,57,23,6,25,111,0,33,45,6,84,57,56,51,31,195,190,84,274,469
12/10/2015,KOA,HI,AWP,WE,Federal Contract Tower,59,17,0,22,98,0,28,24,0,52,59,45,24,22,150,136,30,166,316
12/11/2015,KOA,HI,AWP,WE,Federal Contract Tower,61,19,2,7,89,0,38,34,0,72,61,57,36,7,161,252,16,268,429
12/12/2015,KOA,HI,AWP,WE,Federal Contract Tower,60,13,6,1,80,0,37,35,0,72,60,50,41,1,152,110,0,110,262
12/13/2015,KOA,HI,AWP,WE,Federal Contract Tower,61,14,5,0,80,0,28,20,0,48,61,42,25,0,128,68,0,68,196
12/14/2015,KOA,HI,AWP,WE,Federal Contract Tower,63,21,4,10,98,0,37,56,6,99,63,58,60,16,197,148,20,168,365
12/15/2015,KOA,HI,AWP,WE,Federal Contract Tower,54,21,6,28,109,0,43,40,11,94,54,64,46,39,203,230,80,310,513
12/16/2015,KOA,HI,AWP,WE,Federal Contract Tower,56,16,4,20,96,0,56,52,3,111,56,72,56,23,207,250,46,296,503
12/17/2015,KOA,HI,AWP,WE,Federal Contract Tower,69,21,4,28,122,0,40,52,5,97,69,61,56,33,219,226,30,256,475
12/18/2015,KOA,HI,AWP,WE,Federal Contract Tower,79,23,14,1,117,0,34,35,1,70,79,57,49,2,187,177,12,189,376
12/19/2015,KOA,HI,AWP,WE,Federal Contract Tower,76,29,19,0,124,0,30,22,0,52,76,59,41,0,176,60,0,60,236
12/20/2015,KOA,HI,AWP,WE,Federal Contract Tower,71,14,14,3,102,0,46,15,0,61,71,60,29,3,163,20,4,24,187
12/21/2015,KOA,HI,AWP,WE,Federal Contract Tower,72,29,12,6,119,0,34,57,6,97,72,63,69,12,216,192,72,264,480
12/22/2015,KOA,HI,AWP,WE,Federal Contract Tower,68,21,12,21,122,0,42,43,2,87,68,63,55,23,209,142,102,244,453
12/23/2015,KOA,HI,AWP,WE,Federal Contract Tower,71,30,20,23,144,0,68,41,1,110,71,98,61,24,254,98,18,116,370
12/24/2015,KOA,HI,AWP,WE,Federal Contract Tower,65,24,14,0,103,0,54,21,0,75,65,78,35,0,178,70,0,70,248
12/25/2015,KOA,HI,AWP,WE,Federal Contract Tower,68,16,16,0,100,0,34,3,0,37,68,50,19,0,137,0,0,0,137
12/26/2015,KOA,HI,AWP,WE,Federal Contract Tower,77,22,22,0,121,0,75,32,0,107,77,97,54,0,228,74,0,74,302
12/27/2015,KOA,HI,AWP,WE,Federal Contract Tower,72,12,20,0,104,0,75,19,0,94,72,87,39,0,198,98,0,98,296
12/28/2015,KOA,HI,AWP,WE,Federal Contract Tower,69,24,10,7,110,0,55,36,9,100,69,79,46,16,210,44,30,74,284
12/29/2015,KOA,HI,AWP,WE,Federal Contract Tower,65,23,6,14,108,0,59,39,3,101,65,82,45,17,209,50,12,62,271
12/30/2015,KOA,HI,AWP,WE,Federal Contract Tower,68,24,10,12,114,0,56,32,5,93,68,80,42,17,207,92,30,122,329
12/31/2015,KOA,HI,AWP,WE,Federal Contract Tower,69,22,8,0,99,0,66,31,0,97,69,88,39,0,196,72,0,72,268
01/01/2016,KOA,HI,AWP,WE,Federal Contract Tower,75,12,13,0,100,0,68,10,0,78,75,80,23,0,178,42,0,42,220
01/02/2016,KOA,HI,AWP,WE,Federal Contract Tower,73,23,34,1,131,0,54,34,0,88,73,77,68,1,219,71,8,79,298
01/03/2016,KOA,HI,AWP,WE,Federal Contract Tower,70,15,30,0,115,0,43,18,3,64,70,58,48,3,179,20,8,28,207
01/04/2016,KOA,HI,AWP,WE,Federal Contract Tower,70,14,16,10,110,0,51,44,0,95,70,65,60,10,205,120,0,120,325
01/05/2016,KOA,HI,AWP,WE,Federal Contract Tower,56,22,15,18,111,0,37,41,2,80,56,59,56,20,191,124,30,154,345
01/06/2016,KOA,HI,AWP,WE,Federal Contract Tower,59,23,9,16,107,0,42,44,5,91,59,65,53,21,198,72,40,112,310
01/07/2016,KOA,HI,AWP,WE,Federal Contract Tower,65,21,9,2,97,0,48,51,3,102,65,69,60,5,199,132,4,136,335
01/08/2016,KOA,HI,AWP,WE,Federal Contract Tower,67,10,4,7,88,0,39,44,4,87,67,49,48,11,175,160,32,192,367
01/09/2016,KOA,HI,AWP,WE,Federal Contract Tower,65,11,8,8,92,0,40,37,13,90,65,51,45,21,182,182,2,184,366
01/10/2016,KOA,HI,AWP,WE,Federal Contract Tower,67,3,8,0,78,0,39,29,0,68,67,42,37,0,146,94,0,94,240
01/11/2016,KOA,HI,AWP,WE,Federal Contract Tower,62,13,3,43,121,0,47,52,9,108,62,60,55,52,229,92,46,138,367
01/12/2016,KOA,HI,AWP,WE,Federal Contract Tower,56,16,6,22,100,0,38,65,16,119,56,54,71,38,219,74,36,110,329
01/13/2016,KOA,HI,AWP,WE,Federal Contract Tower,60,12,4,15,91,0,44,25,9,78,60,56,29,24,169,114,94,208,377
01/14/2016,KOA,HI,AWP,WE,Federal Contract Tower,63,15,8,21,107,0,39,35,13,87,63,54,43,34,194,186,46,232,426
01/15/2016,KOA,HI,AWP,WE,Federal Contract Tower,64,17,6,4,91,0,35,46,3,84,64,52,52,7,175,154,46,200,375
01/16/2016,KOA,HI,AWP,WE,Federal Contract Tower,65,18,6,0,89,1,39,35,0,75,66,57,41,0,164,98,0,98,262
01/17/2016,KOA,HI,AWP,WE,Federal Contract Tower,59,8,6,0,73,0,35,16,0,51,59,43,22,0,124,36,0,36,160
01/18/2016,KOA,HI,AWP,WE,Federal Contract Tower,65,13,8,0,86,0,43,48,0,91,65,56,56,0,177,72,0,72,249
01/19/2016,KOA,HI,AWP,WE,Federal Contract Tower,56,16,3,18,93,0,33,44,7,84,56,49,47,25,177,108,36,144,321
01/20/2016,KOA,HI,AWP,WE,Federal Contract Tower,61,16,5,12,94,0,34,67,0,101,61,50,72,12,195,288,8,296,491
01/21/2016,KOA,HI,AWP,WE,Federal Contract Tower,63,20,9,2,94,0,34,47,1,82,63,54,56,3,176,144,4,148,324
01/22/2016,KOA,HI,AWP,WE,Federal Contract Tower,65,18,7,9,99,0,49,44,0,93,65,67,51,9,192,146,10,156,348
01/23/2016,KOA,HI,AWP,WE,Federal Contract Tower,69,14,6,0,89,10,40,35,0,85,79,54,41,0,174,114,0,114,288
01/24/2016,KOA,HI,AWP,WE,Federal Contract Tower,63,7,3,0,73,0,37,23,0,60,63,44,26,0,133,28,0,28,161
01/25/2016,KOA,HI,AWP,WE,Federal Contract Tower,62,19,5,13,99,0,43,60,4,107,62,62,65,17,206,140,40,180,386
01/26/2016,KOA,HI,AWP,WE,Federal Contract Tower,57,28,7,25,117,0,27,36,15,78,57,55,43,40,195,88,122,210,405
01/27/2016,KOA,HI,AWP,WE,Federal Contract Tower,58,14,5,10,87,0,38,40,8,86,58,52,45,18,173,140,66,206,379
01/28/2016,KOA,HI,AWP,WE,Federal Contract Tower,71,20,9,9,109,0,51,44,7,102,71,71,53,16,211,188,34,222,433
01/29/2016,KOA,HI,AWP,WE,Federal Contract Tower,69,17,9,1,96,0,54,44,2,100,69,71,53,3,196,192,2,194,390
01/30/2016,KOA,HI,AWP,WE,Federal Contract Tower,63,18,9,0,90,0,47,34,3,84,63,65,43,3,174,68,4,72,246
01/31/2016,KOA,HI,AWP,WE,Federal Contract Tower,66,8,8,4,86,0,34,27,2,63,66,42,35,6,149,32,6,38,187
02/01/2016,KOA,HI,AWP,WE,Federal Contract Tower,62,18,8,3,91,0,51,50,4,105,62,69,58,7,196,82,28,110,306
02/02/2016,KOA,HI,AWP,WE,Federal Contract Tower,57,16,12,18,103,0,34,43,6,83,57,50,55,24,186,114,44,158,344
02/03/2016,KOA,HI,AWP,WE,Federal Contract Tower,59,13,3,12,87,0,34,39,12,85,59,47,42,24,172,127,56,183,355
02/04/2016,KOA,HI,AWP,WE,Federal Contract Tower,64,19,6,21,110,0,39,30,8,77,64,58,36,29,187,53,50,103,290
02/05/2016,KOA,HI,AWP,WE,Federal Contract Tower,73,15,7,3,98,0,35,32,0,67,73,50,39,3,165,212,16,228,393
02/06/2016,KOA,HI,AWP,WE,Federal Contract Tower,66,15,4,3,88,0,46,26,0,72,66,61,30,3,160,72,0,72,232
02/07/2016,KOA,HI,AWP,WE,Federal Contract Tower,62,18,4,2,86,0,16,3,13,32,62,34,7,15,118,0,0,0,118
02/08/2016,KOA,HI,AWP,WE,Federal Contract Tower,64,16,5,12,97,0,48,50,11,109,64,64,55,23,206,118,16,134,340
02/09/2016,KOA,HI,AWP,WE,Federal Contract Tower,55,16,8,7,86,0,46,38,6,90,55,62,46,13,176,114,52,166,342
02/10/2016,KOA,HI,AWP,WE,Federal Contract Tower,59,13,8,8,88,0,51,43,2,96,59,64,51,10,184,92,32,124,308
02/11/2016,KOA,HI,AWP,WE,Federal Contract Tower,68,14,7,13,102,0,41,48,3,92,68,55,55,16,194,106,28,134,328
02/12/2016,KOA,HI,AWP,WE,Federal Contract Tower,76,19,18,0,113,0,51,32,0,83,76,70,50,0,196,102,0,102,298
02/13/2016,KOA,HI,AWP,WE,Federal Contract Tower,73,15,13,2,103,0,55,17,1,73,73,70,30,3,176,34,0,34,210
02/14/2016,KOA,HI,AWP,WE,Federal Contract Tower,71,9,8,4,92,0,48,10,0,58,71,57,18,4,150,20,0,20,170
02/15/2016,KOA,HI,AWP,WE,Federal Contract Tower,58,18,9,4,89,0,47,38,2,87,58,65,47,6,176,192,8,200,376
02/16/2016,KOA,HI,AWP,WE,Federal Contract Tower,72,15,5,21,113,0,41,28,8,77,72,56,33,29,190,58,46,104,294
02/17/2016,KOA,HI,AWP,WE,Federal Contract Tower,56,20,10,25,111,0,35,35,3,73,56,55,45,28,184,104,56,160,344
02/18/2016,KOA,HI,AWP,WE,Federal Contract Tower,60,17,2,31,110,0,36,31,19,86,60,53,33,50,196,214,42,256,452
02/19/2016,KOA,HI,AWP,WE,Federal Contract Tower,70,26,8,25,129,0,47,53,14,114,70,73,61,39,243,210,32,242,485
02/20/2016,KOA,HI,AWP,WE,Federal Contract Tower,69,21,16,0,106,0,47,20,7,74,69,68,36,7,180,60,2,62,242
02/21/2016,KOA,HI,AWP,WE,Federal Contract Tower,61,11,13,8,93,0,38,19,8,65,61,49,32,16,158,32,10,42,200
02/22/2016,KOA,HI,AWP,WE,Federal Contract Tower,61,10,7,11,89,0,47,50,7,104,61,57,57,18,193,88,30,118,311
02/23/2016,KOA,HI,AWP,WE,Federal Contract Tower,55,17,1,36,109,0,44,60,11,115,55,61,61,47,224,174,28,202,426
02/24/2016,KOA,HI,AWP,WE,Federal Contract Tower,58,15,7,19,99,0,37,51,3,91,58,52,58,22,190,138,116,254,444
02/25/2016,KOA,HI,AWP,WE,Federal Contract Tower,67,12,6,23,108,0,36,49,5,90,67,48,55,28,198,126,58,184,382
02/26/2016,KOA,HI,AWP,WE,Federal Contract Tower,70,16,6,8,100,0,56,49,5,110,70,72,55,13,210,202,22,224,434
02/27/2016,KOA,HI,AWP,WE,Federal Contract Tower,65,12,6,2,85,0,42,37,5,84,65,54,43,7,169,38,2,40,209
02/28/2016,KOA,HI,AWP,WE,Federal Contract Tower,64,10,9,1,84,0,43,7,2,52,64,53,16,3,136,22,0,22,158
02/29/2016,KOA,HI,AWP,WE,Federal Contract Tower,64,15,17,21,117,0,35,37,4,76,64,50,54,25,193,146,54,200,393
03/01/2016,KOA,HI,AWP,WE,Federal Contract Tower,59,19,3,17,98,0,37,46,4,87,59,56,49,21,185,168,6,174,359
03/02/2016,KOA,HI,AWP,WE,Federal Contract Tower,62,21,12,42,137,0,19,38,8,65,62,40,50,50,202,140,56,196,398
03/03/2016,KOA,HI,AWP,WE,Federal Contract Tower,67,14,8,47,136,0,41,49,6,96,67,55,57,53,232,82,128,210,442
03/04/2016,KOA,HI,AWP,WE,Federal Contract Tower,73,25,7,8,113,0,37,53,1,91,73,62,60,9,204,264,4,268,472
03/05/2016,KOA,HI,AWP,WE,Federal Contract Tower,68,16,7,1,92,0,38,30,1,69,68,54,37,2,161,66,2,68,229
03/06/2016,KOA,HI,AWP,WE,Federal Contract Tower,67,9,3,0,79,0,47,26,0,73,67,56,29,0,152,28,0,28,180
03/07/2016,KOA,HI,AWP,WE,Federal Contract Tower,63,17,10,33,123,0,39,55,5,99,63,56,65,38,222,106,31,137,359
03/08/2016,KOA,HI,AWP,WE,Federal Contract Tower,61,24,7,13,105,0,36,51,7,94,61,60,58,20,199,158,28,186,385
03/09/2016,KOA,HI,AWP,WE,Federal Contract Tower,59,17,3,11,90,0,41,10,2,53,59,58,13,13,143,0,12,12,155
03/10/2016,KOA,HI,AWP,WE,Federal Contract Tower,66,11,7,25,109,0,27,20,1,48,66,38,27,26,157,38,26,64,221
03/11/2016,KOA,HI,AWP,WE,Federal Contract Tower,78,13,14,13,118,0,35,36,12,83,78,48,50,25,201,214,30,244,445
03/12/2016,KOA,HI,AWP,WE,Federal Contract Tower,71,17,13,2,103,0,28,31,2,61,71,45,44,4,164,208,8,216,380
03/13/2016,KOA,HI,AWP,WE,Federal Contract Tower,78,6,9,0,93,0,50,25,0,75,78,56,34,0,168,36,0,36,204
03/14/2016,KOA,HI,AWP,WE,Federal Contract Tower,66,17,2,13,98,0,46,75,5,126,66,63,77,18,224,202,28,230,454
03/15/2016,KOA,HI,AWP,WE,Federal Contract Tower,65,15,5,4,89,0,42,58,3,103,65,57,63,7,192,176,2,178,370
03/16/2016,KOA,HI,AWP,WE,Federal Contract Tower,66,20,10,15,111,0,43,38,13,94,66,63,48,28,205,94,68,162,367
03/17/2016,KOA,HI,AWP,WE,Federal Contract Tower,76,11,8,22,117,0,47,40,3,90,76,58,48,25,207,132,54,186,393
03/18/2016,KOA,HI,AWP,WE,Federal Contract Tower,78,27,13,16,134,0,55,51,3,109,78,82,64,19,243,244,64,308,551
03/19/2016,KOA,HI,AWP,WE,Federal Contract Tower,74,14,14,3,105,0,45,36,0,81,74,59,50,3,186,96,6,102,288
03/20/2016,KOA,HI,AWP,WE,Federal Contract Tower,83,10,9,3,105,0,51,30,2,83,83,61,39,5,188,152,2,154,342
03/21/2016,KOA,HI,AWP,WE,Federal Contract Tower,68,20,5,4,97,0,48,60,10,118,68,68,65,14,215,176,30,206,421
03/22/2016,KOA,HI,AWP,WE,Federal Contract Tower,69,14,5,12,100,0,57,37,22,116,69,71,42,34,216,122,50,172,388
03/23/2016,KOA,HI,AWP,WE,Federal Contract Tower,68,24,7,12,111,0,37,39,5,81,68,61,46,17,192,124,20,144,336
03/24/2016,KOA,HI,AWP,WE,Federal Contract Tower,76,17,17,13,123,0,41,37,6,84,76,58,54,19,207,174,56,230,437
03/25/2016,KOA,HI,AWP,WE,Federal Contract Tower,76,24,15,9,124,0,45,38,5,88,76,69,53,14,212,154,36,190,402
03/26/2016,KOA,HI,AWP,WE,Federal Contract Tower,81,15,13,0,109,0,47,15,0,62,81,62,28,0,171,42,0,42,213
03/27/2016,KOA,HI,AWP,WE,Federal Contract Tower,76,7,18,0,101,0,31,24,0,55,76,38,42,0,156,38,0,38,194
03/28/2016,KOA,HI,AWP,WE,Federal Contract Tower,69,12,13,2,96,0,46,42,7,95,69,58,55,9,191,134,0,134,325
03/29/2016,KOA,HI,AWP,WE,Federal Contract Tower,65,16,15,9,105,0,49,50,11,110,65,65,65,20,215,136,36,172,387
03/30/2016,KOA,HI,AWP,WE,Federal Contract Tower,69,13,15,15,112,0,42,35,5,82,69,55,50,20,194,88,68,156,350
03/31/2016,KOA,HI,AWP,WE,Federal Contract Tower,71,14,16,12,113,1,44,37,13,95,72,58,53,25,208,130,78,208,416
04/01/2016,KOA,HI,AWP,WE,Federal Contract Tower,84,16,9,10,119,0,54,39,3,96,84,70,48,13,215,194,8,202,417
04/02/2016,KOA,HI,AWP,WE,Federal Contract Tower,84,15,12,0,111,0,47,13,0,60,84,62,25,0,171,66,0,66,237
04/03/2016,KOA,HI,AWP,WE,Federal Contract Tower,76,9,16,2,103,0,39,14,0,53,76,48,30,2,156,50,0,50,206
04/04/2016,KOA,HI,AWP,WE,Federal Contract Tower,70,11,6,17,104,0,51,38,8,97,70,62,44,25,201,138,96,234,435
04/05/2016,KOA,HI,AWP,WE,Federal Contract Tower,64,15,6,18,103,0,49,48,11,108,64,64,54,29,211,76,64,140,351
04/06/2016,KOA,HI,AWP,WE,Federal Contract Tower,64,28,10,5,107,0,19,8,1,28,64,47,18,6,135,4,10,14,149
04/07/2016,KOA,HI,AWP,WE,Federal Contract Tower,63,31,15,9,118,0,19,28,14,61,63,50,43,23,179,182,62,244,423
04/08/2016,KOA,HI,AWP,WE,Federal Contract Tower,75,21,9,12,117,0,63,26,0,89,75,84,35,12,206,164,38,202,408
04/09/2016,KOA,HI,AWP,WE,Federal Contract Tower,76,9,8,0,93,0,45,25,0,70,76,54,33,0,163,104,0,104,267
04/10/2016,KOA,HI,AWP,WE,Federal Contract Tower,76,11,11,0,98,0,43,13,0,56,76,54,24,0,154,60,0,60,214
04/11/2016,KOA,HI,AWP,WE,Federal Contract Tower,62,15,12,22,111,0,41,43,6,90,62,56,55,28,201,128,28,156,357
04/12/2016,KOA,HI,AWP,WE,Federal Contract Tower,60,14,13,22,109,0,40,38,6,84,60,54,51,28,193,128,106,234,427
04/13/2016,KOA,HI,AWP,WE,Federal Contract Tower,64,24,11,20,119,0,29,47,12,88,64,53,58,32,207,154,38,192,399
04/14/2016,KOA,HI,AWP,WE,Federal Contract Tower,69,18,5,24,116,0,40,37,1,78,69,58,42,25,194,154,32,186,380
04/15/2016,KOA,HI,AWP,WE,Federal Contract Tower,73,13,4,16,106,0,43,35,0,78,73,56,39,16,184,146,16,162,346
04/16/2016,KOA,HI,AWP,WE,Federal Contract Tower,73,10,13,1,97,0,52,26,2,80,73,62,39,3,177,56,0,56,233
04/17/2016,KOA,HI,AWP,WE,Federal Contract Tower,71,12,12,2,97,0,41,26,6,73,71,53,38,8,170,20,0,20,190
04/18/2016,KOA,HI,AWP,WE,Federal Contract Tower,63,13,13,4,93,0,35,47,1,83,63,48,60,5,176,90,6,96,272
04/19/2016,KOA,HI,AWP,WE,Federal Contract Tower,51,14,4,7,76,0,36,65,9,110,51,50,69,16,186,100,26,126,312
04/20/2016,KOA,HI,AWP,WE,Federal Contract Tower,60,17,11,2,90,0,37,37,8,82,60,54,48,10,172,108,26,134,306
04/21/2016,KOA,HI,AWP,WE,Federal Contract Tower,63,12,7,8,90,0,38,40,12,90,63,50,47,20,180,106,42,148,328
04/22/2016,KOA,HI,AWP,WE,Federal Contract Tower,72,15,2,0,89,0,52,50,8,110,72,67,52,8,199,108,0,108,307
04/23/2016,KOA,HI,AWP,WE,Federal Contract Tower,68,27,2,4,101,0,27,21,7,55,68,54,23,11,156,50,18,68,224
04/24/2016,KOA,HI,AWP,WE,Federal Contract Tower,71,18,7,0,96,0,39,26,0,65,71,57,33,0,161,18,0,18,179
04/25/2016,KOA,HI,AWP,WE,Federal Contract Tower,63,13,6,4,86,1,43,51,2,97,64,56,57,6,183,108,0,108,291
04/26/2016,KOA,HI,AWP,WE,Federal Contract Tower,8,14,3,20,45,0,39,54,2,95,8,53,57,22,140,90,54,144,284
04/27/2016,KOA,HI,AWP,WE,Federal Contract Tower,62,11,2,7,82,0,34,32,10,76,62,45,34,17,158,140,8,148,306
04/28/2016,KOA,HI,AWP,WE,Federal Contract Tower,67,13,16,18,114,0,39,38,4,81,67,52,54,22,195,154,42,196,391
04/29/2016,KOA,HI,AWP,WE,Federal Contract Tower,74,17,10,6,107,0,48,49,1,98,74,65,59,7,205,178,12,190,395
04/30/2016,KOA,HI,AWP,WE,Federal Contract Tower,70,9,2,0,81,0,50,26,0,76,70,59,28,0,157,44,0,44,201
05/01/2016,KOA,HI,AWP,WE,Federal Contract Tower,67,6,5,0,78,0,44,8,0,52,67,50,13,0,130,6,0,6,136
05/02/2016,KOA,HI,AWP,WE,Federal Contract Tower,52,15,5,4,76,1,32,39,4,76,53,47,44,8,152,144,20,164,316
05/03/2016,KOA,HI,AWP,WE,Federal Contract Tower,57,13,3,33,106,0,35,44,5,84,57,48,47,38,190,150,68,218,408
05/04/2016,KOA,HI,AWP,WE,Federal Contract Tower,60,24,6,52,142,0,39,39,12,90,60,63,45,64,232,170,114,284,516
05/05/2016,KOA,HI,AWP,WE,Federal Contract Tower,63,10,3,21,97,0,47,38,3,88,63,57,41,24,185,136,56,192,377
05/06/2016,KOA,HI,AWP,WE,Federal Contract Tower,71,25,9,12,117,0,33,25,0,58,71,58,34,12,175,134,4,138,313
05/07/2016,KOA,HI,AWP,WE,Federal Contract Tower,67,18,4,0,89,0,46,30,0,76,67,64,34,0,165,62,0,62,227
05/08/2016,KOA,HI,AWP,WE,Federal Contract Tower,66,20,2,0,88,0,25,3,0,28,66,45,5,0,116,10,0,10,126
05/09/2016,KOA,HI,AWP,WE,Federal Contract Tower,60,27,3,19,109,0,17,30,7,54,60,44,33,26,163,126,62,188,351
05/10/2016,KOA,HI,AWP,WE,Federal Contract Tower,59,17,1,28,105,0,123,32,5,160,59,140,33,33,265,84,30,114,379
05/11/2016,KOA,HI,AWP,WE,Federal Contract Tower,58,29,2,42,131,0,26,34,3,63,58,55,36,45,194,136,108,244,438
05/12/2016,KOA,HI,AWP,WE,Federal Contract Tower,64,21,4,30,119,0,34,39,6,79,64,55,43,36,198,202,60,262,460
05/13/2016,KOA,HI,AWP,WE,Federal Contract Tower,70,32,1,10,113,0,75,33,3,111,70,107,34,13,224,126,88,214,438
05/14/2016,KOA,HI,AWP,WE,Federal Contract Tower,67,18,7,6,98,0,31,8,1,40,67,49,15,7,138,58,2,60,198
05/15/2016,KOA,HI,AWP,WE,Federal Contract Tower,70,9,12,9,100,0,31,12,1,44,70,40,24,10,144,0,44,44,188
05/16/2016,KOA,HI,AWP,WE,Federal Contract Tower,60,12,2,15,89,0,42,42,6,90,60,54,44,21,179,120,64,184,363
05/17/2016,KOA,HI,AWP,WE,Federal Contract Tower,60,15,0,24,99,0,39,34,8,81,60,54,34,32,180,106,76,182,362
05/18/2016,KOA,HI,AWP,WE,Federal Contract Tower,60,15,5,27,107,0,46,32,18,96,60,61,37,45,203,156,162,318,521
05/19/2016,KOA,HI,AWP,WE,Federal Contract Tower,67,13,6,33,119,0,42,51,9,102,67,55,57,42,221,204,128,332,553
05/20/2016,KOA,HI,AWP,WE,Federal Contract Tower,72,15,7,27,121,0,32,44,2,78,72,47,51,29,199,156,32,188,387
05/21/2016,KOA,HI,AWP,WE,Federal Contract Tower,65,9,2,0,76,0,38,18,0,56,65,47,20,0,132,50,0,50,182
05/22/2016,KOA,HI,AWP,WE,Federal Contract Tower,69,9,2,0,80,0,41,19,4,64,69,50,21,4,144,30,0,30,174
05/23/2016,KOA,HI,AWP,WE,Federal Contract Tower,61,15,4,27,107,0,37,43,5,85,61,52,47,32,192,130,16,146,338
05/24/2016,KOA,HI,AWP,WE,Federal Contract Tower,59,15,8,16,98,0,30,29,8,67,59,45,37,24,165,110,42,152,317
05/25/2016,KOA,HI,AWP,WE,Federal Contract Tower,61,32,3,13,109,0,20,14,13,47,61,52,17,26,156,36,46,82,238
05/26/2016,KOA,HI,AWP,WE,Federal Contract Tower,66,13,7,25,111,0,51,45,26,122,66,64,52,51,233,218,42,260,493
05/27/2016,KOA,HI,AWP,WE,Federal Contract Tower,78,19,12,6,115,0,39,47,1,87,78,58,59,7,202,206,18,224,426
05/28/2016,KOA,HI,AWP,WE,Federal Contract Tower,68,15,4,3,90,0,46,17,1,64,68,61,21,4,154,0,6,6,160
05/29/2016,KOA,HI,AWP,WE,Federal Contract Tower,67,14,4,0,85,0,37,11,0,48,67,51,15,0,133,6,0,6,139
05/30/2016,KOA,HI,AWP,WE,Federal Contract Tower,71,16,9,0,96,0,46,38,2,86,71,62,47,2,182,144,0,144,326
05/31/2016,KOA,HI,AWP,WE,Federal Contract Tower,64,18,4,6,92,0,37,30,7,74,64,55,34,13,166,144,56,200,366
06/01/2016,KOA,HI,AWP,WE,Federal Contract Tower,68,22,6,32,128,0,29,50,9,88,68,51,56,41,216,230,82,312,528
06/02/2016,KOA,HI,AWP,WE,Federal Contract Tower,72,18,4,11,105,0,59,35,1,95,72,77,39,12,200,128,14,142,342
06/03/2016,KOA,HI,AWP,WE,Federal Contract Tower,78,20,3,25,126,0,44,48,2,94,78,64,51,27,220,130,16,146,366
06/04/2016,KOA,HI,AWP,WE,Federal Contract Tower,75,16,5,0,96,0,26,9,0,35,75,42,14,0,131,2,0,2,133
06/05/2016,KOA,HI,AWP,WE,Federal Contract Tower,73,12,9,0,94,0,33,7,0,40,73,45,16,0,134,0,0,0,134
06/06/2016,KOA,HI,AWP,WE,Federal Contract Tower,74,31,7,37,149,0,28,22,12,62,74,59,29,49,211,66,84,150,361
06/07/2016,KOA,HI,AWP,WE,Federal Contract Tower,70,16,7,20,113,0,45,24,10,79,70,61,31,30,192,72,36,108,300
06/08/2016,KOA,HI,AWP,WE,Federal Contract Tower,74,14,4,28,120,0,40,33,9,82,74,54,37,37,202,80,40,120,322
06/09/2016,KOA,HI,AWP,WE,Federal Contract Tower,75,15,9,22,121,0,51,36,2,89,75,66,45,24,210,134,52,186,396
06/10/2016,KOA,HI,AWP,WE,Federal Contract Tower,80,12,13,6,111,0,38,34,2,74,80,50,47,8,185,124,20,144,329
06/11/2016,KOA,HI,AWP,WE,Federal Contract Tower,78,18,9,2,107,0,49,13,0,62,78,67,22,2,169,28,8,36,205
06/12/2016,KOA,HI,AWP,WE,Federal Contract Tower,76,13,6,2,97,0,45,16,0,61,76,58,22,2,158,74,2,76,234
06/13/2016,KOA,HI,AWP,WE,Federal Contract Tower,71,18,6,17,112,0,44,23,16,83,71,62,29,33,195,88,70,158,353
06/14/2016,KOA,HI,AWP,WE,Federal Contract Tower,74,35,10,36,155,0,25,32,6,63,74,60,42,42,218,198,66,264,482
06/15/2016,KOA,HI,AWP,WE,Federal Contract Tower,77,15,4,24,120,1,62,50,10,123,78,77,54,34,243,112,56,168,411
06/16/2016,KOA,HI,AWP,WE,Federal Contract Tower,82,18,8,15,123,0,62,39,5,106,82,80,47,20,229,150,30,180,409
06/17/2016,KOA,HI,AWP,WE,Federal Contract Tower,89,23,13,22,147,0,94,59,13,166,89,117,72,35,313,86,54,140,453
06/18/2016,KOA,HI,AWP,WE,Federal Contract Tower,85,22,8,6,121,0,43,22,4,69,85,65,30,10,190,14,2,16,206
06/19/2016,KOA,HI,AWP,WE,Federal Contract Tower,85,11,11,0,107,0,45,17,4,66,85,56,28,4,173,56,0,56,229
06/20/2016,KOA,HI,AWP,WE,Federal Contract Tower,82,17,10,16,125,0,49,49,6,104,82,66,59,22,229,66,64,130,359
06/21/2016,KOA,HI,AWP,WE,Federal Contract Tower,81,15,2,14,112,0,48,64,9,121,81,63,66,23,233,85,66,151,384
06/22/2016,KOA,HI,AWP,WE,Federal Contract Tower,77,19,3,17,116,0,62,46,17,125,77,81,49,34,241,88,96,184,425
06/23/2016,KOA,HI,AWP,WE,Federal Contract Tower,81,15,4,13,113,0,50,51,15,116,81,65,55,28,229,56,98,154,383
06/24/2016,KOA,HI,AWP,WE,Federal Contract Tower,92,16,2,3,113,0,56,30,8,94,92,72,32,11,207,114,0,114,321
06/25/2016,KOA,HI,AWP,WE,Federal Contract Tower,81,9,1,0,91,0,46,21,2,69,81,55,22,2,160,12,0,12,172
06/26/2016,KOA,HI,AWP,WE,Federal Contract Tower,90,8,4,0,102,0,40,14,2,56,90,48,18,2,158,34,0,34,192
06/27/2016,KOA,HI,AWP,WE,Federal Contract Tower,83,18,2,22,125,0,51,40,3,94,83,69,42,25,219,200,18,218,437
06/28/2016,KOA,HI,AWP,WE,Federal Contract Tower,78,14,2,40,134,0,45,47,24,116,78,59,49,64,250,68,100,168,418
06/29/2016,KOA,HI,AWP,WE,Federal Contract Tower,80,17,7,13,117,0,57,33,10,100,80,74,40,23,217,112,50,162,379
06/30/2016,KOA,HI,AWP,WE,Federal Contract Tower,89,7,8,6,110,0,57,48,5,110,89,64,56,11,220,78,26,104,324
07/01/2016,KOA,HI,AWP,WE,Federal Contract Tower,97,15,8,5,125,0,51,67,9,127,97,66,75,14,252,90,0,90,342
07/02/2016,KOA,HI,AWP,WE,Federal Contract Tower,84,15,5,0,104,0,40,15,3,58,84,55,20,3,162,22,2,24,186
07/03/2016,KOA,HI,AWP,WE,Federal Contract Tower,86,15,4,1,106,0,38,17,0,55,86,53,21,1,161,38,0,38,199
07/04/2016,KOA,HI,AWP,WE,Federal Contract Tower,79,9,3,0,91,0,46,37,2,85,79,55,40,2,176,38,2,40,216
07/05/2016,KOA,HI,AWP,WE,Federal Contract Tower,79,14,8,19,120,0,54,31,10,95,79,68,39,29,215,20,52,72,287
07/06/2016,KOA,HI,AWP,WE,Federal Contract Tower,82,15,9,24,130,39,37,20,0,96,121,52,29,24,226,58,68,126,352
07/07/2016,KOA,HI,AWP,WE,Federal Contract Tower,91,11,11,32,145,0,49,35,35,119,91,60,46,67,264,86,90,176,440
07/08/2016,KOA,HI,AWP,WE,Federal Contract Tower,90,18,4,3,115,0,40,28,19,87,90,58,32,22,202,50,18,68,270
07/09/2016,KOA,HI,AWP,WE,Federal Contract Tower,84,18,3,4,109,0,41,6,25,72,84,59,9,29,181,50,16,66,247
07/10/2016,KOA,HI,AWP,WE,Federal Contract Tower,91,7,3,8,109,0,39,18,4,61,91,46,21,12,170,22,12,34,204
07/11/2016,KOA,HI,AWP,WE,Federal Contract Tower,84,13,7,18,122,0,68,44,5,117,84,81,51,23,239,88,0,88,327
07/12/2016,KOA,HI,AWP,WE,Federal Contract Tower,78,17,9,13,117,0,37,32,10,79,78,54,41,23,196,28,46,74,270
07/13/2016,KOA,HI,AWP,WE,Federal Contract Tower,86,6,5,16,113,0,50,30,4,84,86,56,35,20,197,30,30,60,257
07/14/2016,KOA,HI,AWP,WE,Federal Contract Tower,90,12,6,10,118,0,51,38,24,113,90,63,44,34,231,52,62,114,345
07/15/2016,KOA,HI,AWP,WE,Federal Contract Tower,91,16,3,21,131,0,51,26,14,91,91,67,29,35,222,62,42,104,326
07/16/2016,KOA,HI,AWP,WE,Federal Contract Tower,86,19,7,3,115,0,34,15,5,54,86,53,22,8,169,22,10,32,201
07/17/2016,KOA,HI,AWP,WE,Federal Contract Tower,88,11,2,8,109,0,41,16,3,60,88,52,18,11,169,40,0,40,209
07/18/2016,KOA,HI,AWP,WE,Federal Contract Tower,84,14,3,3,104,0,44,24,15,83,84,58,27,18,187,60,28,88,275
07/19/2016,KOA,HI,AWP,WE,Federal Contract Tower,81,21,5,6,113,0,39,38,3,80,81,60,43,9,193,54,14,68,261
07/20/2016,KOA,HI,AWP,WE,Federal Contract Tower,87,9,4,5,105,0,53,49,8,110,87,62,53,13,215,64,36,100,315
07/21/2016,KOA,HI,AWP,WE,Federal Contract Tower,87,18,9,11,125,0,41,26,20,87,87,59,35,31,212,124,106,230,442
07/22/2016,KOA,HI,AWP,WE,Federal Contract Tower,97,12,2,25,136,0,52,67,47,166,97,64,69,72,302,102,92,194,496
07/23/2016,KOA,HI,AWP,WE,Federal Contract Tower,99,26,4,0,129,0,10,2,0,12,99,36,6,0,141,4,0,4,145
07/24/2016,KOA,HI,AWP,WE,Federal Contract Tower,87,21,4,5,117,0,12,9,0,21,87,33,13,5,138,22,14,36,174
07/25/2016,KOA,HI,AWP,WE,Federal Contract Tower,89,16,12,6,123,0,56,47,8,111,89,72,59,14,234,168,30,198,432
07/26/2016,KOA,HI,AWP,WE,Federal Contract Tower,79,9,8,9,105,0,51,55,24,130,79,60,63,33,235,88,80,168,403
07/27/2016,KOA,HI,AWP,WE,Federal Contract Tower,92,11,4,5,112,0,54,46,4,104,92,65,50,9,216,124,44,168,384
07/28/2016,KOA,HI,AWP,WE,Federal Contract Tower,87,13,10,15,125,0,58,67,1,126,87,71,77,16,251,162,32,194,445
07/29/2016,KOA,HI,AWP,WE,Federal Contract Tower,93,11,9,0,113,0,50,54,0,104,93,61,63,0,217,190,0,190,407
07/30/2016,KOA,HI,AWP,WE,Federal Contract Tower,83,12,9,2,106,0,53,21,4,78,83,65,30,6,184,18,0,18,202
07/31/2016,KOA,HI,AWP,WE,Federal Contract Tower,88,19,8,5,120,0,43,7,10,60,88,62,15,15,180,0,0,0,180
08/01/2016,KOA,HI,AWP,WE,Federal Contract Tower,86,16,10,4,116,0,47,36,17,100,86,63,46,21,216,160,0,160,376
08/02/2016,KOA,HI,AWP,WE,Federal Contract Tower,84,17,12,9,122,0,42,39,15,96,84,59,51,24,218,44,48,92,310
08/03/2016,KOA,HI,AWP,WE,Federal Contract Tower,89,14,7,7,117,0,63,33,6,102,89,77,40,13,219,66,56,122,341
08/04/2016,KOA,HI,AWP,WE,Federal Contract Tower,90,11,9,6,116,0,70,28,7,105,90,81,37,13,221,42,14,56,277
08/05/2016,KOA,HI,AWP,WE,Federal Contract Tower,93,12,4,10,119,0,61,42,10,113,93,73,46,20,232,96,54,150,382
08/06/2016,KOA,HI,AWP,WE,Federal Contract Tower,89,12,6,0,107,0,53,16,0,69,89,65,22,0,176,60,0,60,236
08/07/2016,KOA,HI,AWP,WE,Federal Contract Tower,89,11,9,0,109,0,35,14,0,49,89,46,23,0,158,56,0,56,214
08/08/2016,KOA,HI,AWP,WE,Federal Contract Tower,90,9,14,10,123,0,47,37,5,89,90,56,51,15,212,94,0,94,306
08/09/2016,KOA,HI,AWP,WE,Federal Contract Tower,82,13,9,19,123,0,43,47,12,102,82,56,56,31,225,134,24,158,383
08/10/2016,KOA,HI,AWP,WE,Federal Contract Tower,87,19,12,23,141,0,51,54,11,116,87,70,66,34,257,120,72,192,449
08/11/2016,KOA,HI,AWP,WE,Federal Contract Tower,90,13,10,16,129,0,51,24,13,88,90,64,34,29,217,76,48,124,341
08/12/2016,KOA,HI,AWP,WE,Federal Contract Tower,94,12,14,1,121,0,52,37,1,90,94,64,51,2,211,148,2,150,361
08/13/2016,KOA,HI,AWP,WE,Federal Contract Tower,89,19,10,0,118,0,48,8,6,62,89,67,18,6,180,40,0,40,220
08/14/2016,KOA,HI,AWP,WE,Federal Contract Tower,92,8,7,3,110,0,33,19,1,53,92,41,26,4,163,2,0,2,165
08/15/2016,KOA,HI,AWP,WE,Federal Contract Tower,90,15,12,6,123,0,45,34,9,88,90,60,46,15,211,108,10,118,329
08/16/2016,KOA,HI,AWP,WE,Federal Contract Tower,86,10,9,6,111,0,44,29,4,77,86,54,38,10,188,88,0,88,276
08/17/2016,KOA,HI,AWP,WE,Federal Contract Tower,86,16,3,8,113,0,45,22,1,68,86,61,25,9,181,54,2,56,237
08/18/2016,KOA,HI,AWP,WE,Federal Contract Tower,78,14,5,12,109,0,41,28,6,75,78,55,33,18,184,70,2,72,256
08/19/2016,KOA,HI,AWP,WE,Federal Contract Tower,94,12,7,6,119,0,46,35,0,81,94,58,42,6,200,78,6,84,284
08/20/2016,KOA,HI,AWP,WE,Federal Contract Tower,87,13,7,0,107,0,45,27,4,76,87,58,34,4,183,10,0,10,193
08/21/2016,KOA,HI,AWP,WE,Federal Contract Tower,95,9,10,0,114,0,35,14,0,49,95,44,24,0,163,34,0,34,197
08/22/2016,KOA,HI,AWP,WE,Federal Contract Tower,87,20,10,13,130,0,33,39,7,79,87,53,49,20,209,102,50,152,361
08/23/2016,KOA,HI,AWP,WE,Federal Contract Tower,86,17,11,9,123,0,33,49,12,94,86,50,60,21,217,114,14,128,345
08/24/2016,KOA,HI,AWP,WE,Federal Contract Tower,86,13,10,23,132,0,59,39,10,108,86,72,49,33,240,78,42,120,360
08/25/2016,KOA,HI,AWP,WE,Federal Contract Tower,85,14,7,6,112,0,56,43,9,108,85,70,50,15,220,86,38,124,344
08/26/2016,KOA,HI,AWP,WE,Federal Contract Tower,95,11,6,9,121,0,24,34,11,69,95,35,40,20,190,64,30,94,284
08/27/2016,KOA,HI,AWP,WE,Federal Contract Tower,91,10,10,0,111,0,38,18,4,60,91,48,28,4,171,46,0,46,217
08/28/2016,KOA,HI,AWP,WE,Federal Contract Tower,89,12,6,0,107,0,35,17,0,52,89,47,23,0,159,36,0,36,195
08/29/2016,KOA,HI,AWP,WE,Federal Contract Tower,86,12,6,17,121,0,47,50,18,115,86,59,56,35,236,48,52,100,336
08/30/2016,KOA,HI,AWP,WE,Federal Contract Tower,82,12,3,25,122,0,34,35,5,74,82,46,38,30,196,130,70,200,396
08/31/2016,KOA,HI,AWP,WE,Federal Contract Tower,84,14,3,12,113,1,20,20,7,48,85,34,23,19,161,72,22,94,255
09/01/2016,KOA,HI,AWP,WE,Federal Contract Tower,86,11,2,16,115,0,35,15,11,61,86,46,17,27,176,70,42,112,288
09/02/2016,KOA,HI,AWP,WE,Federal Contract Tower,96,12,4,9,121,0,39,29,0,68,96,51,33,9,189,98,36,134,323
09/03/2016,KOA,HI,AWP,WE,Federal Contract Tower,89,12,5,0,106,0,32,19,0,51,89,44,24,0,157,38,0,38,195
09/04/2016,KOA,HI,AWP,WE,Federal Contract Tower,88,7,4,0,99,0,37,3,0,40,88,44,7,0,139,0,0,0,139
09/05/2016,KOA,HI,AWP,WE,Federal Contract Tower,84,6,6,0,96,0,41,36,0,77,84,47,42,0,173,86,0,86,259
09/06/2016,KOA,HI,AWP,WE,Federal Contract Tower,68,12,3,6,89,0,36,24,6,66,68,48,27,12,155,48,26,74,229
09/07/2016,KOA,HI,AWP,WE,Federal Contract Tower,67,12,7,27,113,0,38,47,2,87,67,50,54,29,200,106,14,120,320
09/08/2016,KOA,HI,AWP,WE,Federal Contract Tower,70,11,8,11,100,0,35,45,19,99,70,46,53,30,199,84,56,140,339
09/09/2016,KOA,HI,AWP,WE,Federal Contract Tower,76,12,2,14,104,0,41,27,12,80,76,53,29,26,184,144,82,226,410
09/10/2016,KOA,HI,AWP,WE,Federal Contract Tower,73,11,8,2,94,0,24,24,0,48,73,35,32,2,142,38,0,38,180
09/11/2016,KOA,HI,AWP,WE,Federal Contract Tower,72,11,6,2,91,0,29,13,0,42,72,40,19,2,133,6,0,6,139
09/12/2016,KOA,HI,AWP,WE,Federal Contract Tower,65,10,8,12,95,0,34,38,34,106,65,44,46,46,201,46,70,116,317
09/14/2016,KOA,HI,AWP,WE,Federal Contract Tower,71,20,3,11,105,0,21,23,10,54,71,41,26,21,159,52,42,94,253
09/15/2016,KOA,HI,AWP,WE,Federal Contract Tower,77,16,1,12,106,0,39,36,1,76,77,55,37,13,182,84,20,104,286
09/16/2016,KOA,HI,AWP,WE,Federal Contract Tower,79,9,11,1,100,0,46,54,11,111,79,55,65,12,211,134,0,134,345
09/17/2016,KOA,HI,AWP,WE,Federal Contract Tower,74,7,12,6,99,0,31,17,3,51,74,38,29,9,150,124,10,134,284
09/18/2016,KOA,HI,AWP,WE,Federal Contract Tower,70,12,7,0,89,0,33,15,8,56,70,45,22,8,145,20,0,20,165
09/19/2016,KOA,HI,AWP,WE,Federal Contract Tower,70,5,16,0,91,0,42,50,0,92,70,47,66,0,183,132,0,132,315
09/20/2016,KOA,HI,AWP,WE,Federal Contract Tower,66,12,10,4,92,0,42,33,0,75,66,54,43,4,167,88,0,88,255
09/21/2016,KOA,HI,AWP,WE,Federal Contract Tower,70,10,8,1,89,0,34,41,0,75,70,44,49,1,164,58,0,58,222
09/22/2016,KOA,HI,AWP,WE,Federal Contract Tower,73,11,8,2,94,0,49,33,0,82,73,60,41,2,176,86,0,86,262
09/23/2016,KOA,HI,AWP,WE,Federal Contract Tower,79,13,7,9,108,0,43,41,0,84,79,56,48,9,192,148,6,154,346
09/24/2016,KOA,HI,AWP,WE,Federal Contract Tower,77,9,11,4,101,0,36,27,2,65,77,45,38,6,166,66,20,86,252
09/25/2016,KOA,HI,AWP,WE,Federal Contract Tower,74,10,13,0,97,0,27,16,1,44,74,37,29,1,141,40,0,40,181
09/26/2016,KOA,HI,AWP,WE,Federal Contract Tower,70,9,6,7,92,0,36,40,3,79,70,45,46,10,171,112,6,118,289
09/27/2016,KOA,HI,AWP,WE,Federal Contract Tower,66,11,3,7,87,0,39,33,3,75,66,50,36,10,162,46,4,50,212
09/28/2016,KOA,HI,AWP,WE,Federal Contract Tower,73,11,6,12,102,0,45,42,2,89,73,56,48,14,191,76,0,76,267
09/29/2016,KOA,HI,AWP,WE,Federal Contract Tower,78,10,10,3,101,0,47,39,2,88,78,57,49,5,189,106,8,114,303
09/30/2016,KOA,HI,AWP,WE,Federal Contract Tower,82,11,7,0,100,0,54,52,0,106,82,65,59,0,206,92,0,92,298
10/01/2016,KOA,HI,AWP,WE,Federal Contract Tower,79,18,3,3,103,0,40,33,1,74,79,58,36,4,177,92,2,94,271
10/02/2016,KOA,HI,AWP,WE,Federal Contract Tower,73,12,7,0,92,0,32,14,0,46,73,44,21,0,138,82,0,82,220
10/03/2016,KOA,HI,AWP,WE,Federal Contract Tower,75,11,5,10,101,0,37,69,1,107,75,48,74,11,208,76,10,86,294
10/04/2016,KOA,HI,AWP,WE,Federal Contract Tower,67,6,2,17,92,0,40,28,8,76,67,46,30,25,168,134,0,134,302
10/05/2016,KOA,HI,AWP,WE,Federal Contract Tower,72,4,5,10,91,0,41,50,10,101,72,45,55,20,192,138,4,142,334
10/06/2016,KOA,HI,AWP,WE,Federal Contract Tower,81,9,7,10,107,0,61,66,6,133,81,70,73,16,240,70,52,122,362
10/07/2016,KOA,HI,AWP,WE,Federal Contract Tower,87,14,3,14,118,0,53,49,7,109,87,67,52,21,227,194,10,204,431
10/08/2016,KOA,HI,AWP,WE,Federal Contract Tower,76,11,7,0,94,0,46,48,0,94,76,57,55,0,188,110,0,110,298
10/09/2016,KOA,HI,AWP,WE,Federal Contract Tower,77,12,13,1,103,0,47,29,2,78,77,59,42,3,181,38,0,38,219
10/10/2016,KOA,HI,AWP,WE,Federal Contract Tower,90,8,6,0,104,0,53,53,25,131,90,61,59,25,235,64,0,64,299
10/11/2016,KOA,HI,AWP,WE,Federal Contract Tower,69,10,3,22,104,0,60,75,7,142,69,70,78,29,246,232,24,256,502
10/12/2016,KOA,HI,AWP,WE,Federal Contract Tower,72,8,7,12,99,0,45,65,11,121,72,53,72,23,220,60,4,64,284
10/13/2016,KOA,HI,AWP,WE,Federal Contract Tower,74,11,4,13,102,0,44,41,3,88,74,55,45,16,190,96,26,122,312
10/14/2016,KOA,HI,AWP,WE,Federal Contract Tower,84,16,3,11,114,0,50,46,5,101,84,66,49,16,215,110,20,130,345
10/15/2016,KOA,HI,AWP,WE,Federal Contract Tower,78,9,6,0,93,0,49,33,0,82,78,58,39,0,175,102,0,102,277
10/16/2016,KOA,HI,AWP,WE,Federal Contract Tower,79,10,5,2,96,0,35,19,11,65,79,45,24,13,161,48,0,48,209
10/17/2016,KOA,HI,AWP,WE,Federal Contract Tower,75,9,5,32,121,0,56,63,24,143,75,65,68,56,264,102,36,138,402
10/18/2016,KOA,HI,AWP,WE,Federal Contract Tower,69,12,5,7,93,0,37,43,14,94,69,49,48,21,187,64,12,76,263
10/19/2016,KOA,HI,AWP,WE,Federal Contract Tower,75,20,7,16,118,0,28,53,8,89,75,48,60,24,207,108,70,178,385
10/20/2016,KOA,HI,AWP,WE,Federal Contract Tower,75,6,4,1,86,0,44,48,1,93,75,50,52,2,179,108,0,108,287
10/21/2016,KOA,HI,AWP,WE,Federal Contract Tower,84,13,4,0,101,0,47,57,5,109,84,60,61,5,210,232,0,232,442
10/22/2016,KOA,HI,AWP,WE,Federal Contract Tower,76,10,7,0,93,0,43,14,0,57,76,53,21,0,150,40,0,40,190
10/23/2016,KOA,HI,AWP,WE,Federal Contract Tower,80,9,8,0,97,0,44,20,1,65,80,53,28,1,162,30,0,30,192
10/24/2016,KOA,HI,AWP,WE,Federal Contract Tower,73,12,9,3,97,0,35,53,1,89,73,47,62,4,186,108,0,108,294
10/25/2016,KOA,HI,AWP,WE,Federal Contract Tower,66,11,3,3,83,0,33,27,3,63,66,44,30,6,146,26,20,46,192
10/26/2016,KOA,HI,AWP,WE,Federal Contract Tower,81,13,15,10,119,0,47,42,5,94,81,60,57,15,213,156,8,164,377
10/27/2016,KOA,HI,AWP,WE,Federal Contract Tower,74,10,4,16,104,0,39,67,6,112,74,49,71,22,216,162,46,208,424
10/28/2016,KOA,HI,AWP,WE,Federal Contract Tower,88,13,11,9,121,0,43,32,3,78,88,56,43,12,199,176,30,206,405
10/29/2016,KOA,HI,AWP,WE,Federal Contract Tower,79,11,3,2,95,0,40,25,5,70,79,51,28,7,165,48,0,48,213
10/30/2016,KOA,HI,AWP,WE,Federal Contract Tower,79,6,5,0,90,0,41,28,12,81,79,47,33,12,171,20,0,20,191
10/31/2016,KOA,HI,AWP,WE,Federal Contract Tower,73,7,2,7,89,0,23,57,8,88,73,30,59,15,177,120,42,162,339
11/01/2016,KOA,HI,AWP,WE,Federal Contract Tower,69,17,3,19,108,0,54,76,6,136,69,71,79,25,244,122,42,164,408
11/02/2016,KOA,HI,AWP,WE,Federal Contract Tower,73,14,5,19,111,0,36,38,11,85,73,50,43,30,196,168,30,198,394
11/03/2016,KOA,HI,AWP,WE,Federal Contract Tower,75,6,8,4,93,0,32,50,0,82,75,38,58,4,175,144,26,170,345
11/04/2016,KOA,HI,AWP,WE,Federal Contract Tower,87,10,6,14,117,0,39,58,2,99,87,49,64,16,216,208,40,248,464
11/05/2016,KOA,HI,AWP,WE,Federal Contract Tower,79,9,7,2,97,0,30,21,4,55,79,39,28,6,152,28,0,28,180
11/06/2016,KOA,HI,AWP,WE,Federal Contract Tower,81,7,4,3,95,0,31,17,3,51,81,38,21,6,146,60,0,60,206
11/07/2016,KOA,HI,AWP,WE,Federal Contract Tower,73,14,6,23,116,0,46,53,17,116,73,60,59,40,232,114,38,152,384
11/08/2016,KOA,HI,AWP,WE,Federal Contract Tower,71,13,4,14,102,0,33,79,8,120,71,46,83,22,222,190,32,222,444
11/09/2016,KOA,HI,AWP,WE,Federal Contract Tower,72,9,7,5,93,0,52,65,4,121,72,61,72,9,214,134,46,180,394
11/10/2016,KOA,HI,AWP,WE,Federal Contract Tower,79,27,10,1,117,0,49,83,3,135,79,76,93,4,252,194,0,194,446
11/11/2016,KOA,HI,AWP,WE,Federal Contract Tower,89,10,8,0,107,0,43,64,2,109,89,53,72,2,216,174,0,174,390
11/12/2016,KOA,HI,AWP,WE,Federal Contract Tower,82,12,3,0,97,0,39,33,0,72,82,51,36,0,169,84,0,84,253
11/13/2016,KOA,HI,AWP,WE,Federal Contract Tower,81,12,4,0,97,0,39,22,0,61,81,51,26,0,158,46,0,46,204
11/14/2016,KOA,HI,AWP,WE,Federal Contract Tower,73,10,13,5,101,0,48,85,4,137,73,58,98,9,238,284,36,320,558
11/15/2016,KOA,HI,AWP,WE,Federal Contract Tower,68,18,8,19,113,0,34,64,6,104,68,52,72,25,217,164,54,218,435
11/16/2016,KOA,HI,AWP,WE,Federal Contract Tower,78,10,7,15,110,0,43,57,2,102,78,53,64,17,212,166,8,174,386
11/17/2016,KOA,HI,AWP,WE,Federal Contract Tower,84,10,2,15,111,0,51,57,12,120,84,61,59,27,231,210,102,312,543
11/18/2016,KOA,HI,AWP,WE,Federal Contract Tower,87,18,9,10,124,0,40,61,5,106,87,58,70,15,230,288,4,292,522
11/19/2016,KOA,HI,AWP,WE,Federal Contract Tower,87,22,9,2,120,0,38,38,0,76,87,60,47,2,196,88,0,88,284
11/20/2016,KOA,HI,AWP,WE,Federal Contract Tower,77,10,18,0,105,0,33,23,0,56,77,43,41,0,161,62,0,62,223
11/21/2016,KOA,HI,AWP,WE,Federal Contract Tower,74,15,25,20,134,0,35,62,21,118,74,50,87,41,252,218,90,308,560
11/22/2016,KOA,HI,AWP,WE,Federal Contract Tower,71,14,4,39,128,0,49,50,3,102,71,63,54,42,230,232,38,270,500
11/23/2016,KOA,HI,AWP,WE,Federal Contract Tower,79,19,9,4,111,0,47,31,0,78,79,66,40,4,189,132,0,132,321
11/24/2016,KOA,HI,AWP,WE,Federal Contract Tower,71,10,4,0,85,0,37,19,0,56,71,47,23,0,141,50,0,50,191
11/25/2016,KOA,HI,AWP,WE,Federal Contract Tower,83,17,4,0,104,0,53,38,0,91,83,70,42,0,195,50,0,50,245
11/26/2016,KOA,HI,AWP,WE,Federal Contract Tower,86,14,12,3,115,0,37,9,0,46,86,51,21,3,161,22,0,22,183
11/27/2016,KOA,HI,AWP,WE,Federal Contract Tower,81,21,16,0,118,0,35,16,0,51,81,56,32,0,169,20,0,20,189
11/28/2016,KOA,HI,AWP,WE,Federal Contract Tower,83,16,9,6,114,0,51,57,11,119,83,67,66,17,233,210,60,270,503
11/29/2016,KOA,HI,AWP,WE,Federal Contract Tower,75,13,8,9,105,0,29,53,9,91,75,42,61,18,196,212,26,238,434
11/30/2016,KOA,HI,AWP,WE,Federal Contract Tower,78,10,5,21,114,0,39,60,10,109,78,49,65,31,223,140,44,184,407
12/01/2016,KOA,HI,AWP,WE,Federal Contract Tower,84,25,4,31,144,0,36,40,4,80,84,61,44,35,224,176,58,234,458
12/02/2016,KOA,HI,AWP,WE,Federal Contract Tower,85,13,3,4,105,0,36,73,4,113,85,49,76,8,218,226,14,240,458
12/03/2016,KOA,HI,AWP,WE,Federal Contract Tower,84,12,3,2,101,1,32,22,4,59,85,44,25,6,160,48,22,70,230
12/04/2016,KOA,HI,AWP,WE,Federal Contract Tower,81,24,3,2,110,0,34,15,7,56,81,58,18,9,166,28,0,28,194
12/05/2016,KOA,HI,AWP,WE,Federal Contract Tower,79,20,2,9,110,0,26,41,11,78,79,46,43,20,188,110,14,124,312
12/06/2016,KOA,HI,AWP,WE,Federal Contract Tower,77,12,9,5,103,0,51,54,20,125,77,63,63,25,228,230,6,236,464
12/07/2016,KOA,HI,AWP,WE,Federal Contract Tower,82,12,8,9,111,0,45,61,7,113,82,57,69,16,224,130,10,140,364
12/08/2016,KOA,HI,AWP,WE,Federal Contract Tower,83,35,4,10,132,0,20,50,7,77,83,55,54,17,209,136,2,138,347
12/09/2016,KOA,HI,AWP,WE,Federal Contract Tower,85,30,3,18,136,0,38,49,13,100,85,68,52,31,236,162,0,162,398
12/10/2016,KOA,HI,AWP,WE,Federal Contract Tower,81,26,4,2,113,0,15,14,2,31,81,41,18,4,144,2,2,4,148
12/11/2016,KOA,HI,AWP,WE,Federal Contract Tower,78,9,10,0,97,0,35,26,1,62,78,44,36,1,159,24,0,24,183
12/12/2016,KOA,HI,AWP,WE,Federal Contract Tower,80,16,10,4,110,0,26,39,5,70,80,42,49,9,180,158,42,200,380
12/13/2016,KOA,HI,AWP,WE,Federal Contract Tower,76,10,5,4,95,0,38,87,10,135,76,48,92,14,230,46,20,66,296
12/14/2016,KOA,HI,AWP,WE,Federal Contract Tower,77,8,9,7,101,0,54,55,11,120,77,62,64,18,221,172,66,238,459
12/15/2016,KOA,HI,AWP,WE,Federal Contract Tower,83,38,9,14,144,0,30,53,4,87,83,68,62,18,231,204,56,260,491
12/16/2016,KOA,HI,AWP,WE,Federal Contract Tower,88,26,11,10,135,0,25,54,0,79,88,51,65,10,214,140,0,140,354
12/17/2016,KOA,HI,AWP,WE,Federal Contract Tower,94,13,17,1,125,0,38,26,1,65,94,51,43,2,190,48,2,50,240
12/18/2016,KOA,HI,AWP,WE,Federal Contract Tower,84,39,19,0,142,0,8,1,0,9,84,47,20,0,151,0,0,0,151
12/19/2016,KOA,HI,AWP,WE,Federal Contract Tower,88,19,12,25,144,0,50,70,11,131,88,69,82,36,275,180,38,218,493
12/20/2016,KOA,HI,AWP,WE,Federal Contract Tower,84,19,11,14,128,1,51,48,5,105,85,70,59,19,233,166,30,196,429
12/21/2016,KOA,HI,AWP,WE,Federal Contract Tower,95,10,9,19,133,0,53,72,24,149,95,63,81,43,282,116,120,236,518
12/22/2016,KOA,HI,AWP,WE,Federal Contract Tower,86,16,15,28,145,0,64,38,13,115,86,80,53,41,260,76,30,106,366
12/23/2016,KOA,HI,AWP,WE,Federal Contract Tower,96,16,23,0,135,0,53,49,0,102,96,69,72,0,237,60,0,60,297
12/24/2016,KOA,HI,AWP,WE,Federal Contract Tower,93,22,19,0,134,0,52,19,0,71,93,74,38,0,205,4,0,4,209
12/25/2016,KOA,HI,AWP,WE,Federal Contract Tower,84,14,10,0,108,0,28,8,0,36,84,42,18,0,144,0,0,0,144
12/26/2016,KOA,HI,AWP,WE,Federal Contract Tower,88,26,24,0,138,0,55,19,0,74,88,81,43,0,212,100,0,100,312
12/27/2016,KOA,HI,AWP,WE,Federal Contract Tower,89,16,22,23,150,0,55,40,10,105,89,71,62,33,255,38,96,134,389
12/28/2016,KOA,HI,AWP,WE,Federal Contract Tower,88,16,15,7,126,1,72,40,11,124,89,88,55,18,250,156,38,194,444
12/29/2016,KOA,HI,AWP,WE,Federal Contract Tower,93,20,15,21,149,0,62,53,6,121,93,82,68,27,270,162,72,234,504
12/30/2016,KOA,HI,AWP,WE,Federal Contract Tower,98,29,19,0,146,0,56,42,0,98,98,85,61,0,244,130,0,130,374
12/31/2016,KOA,HI,AWP,WE,Federal Contract Tower,92,22,15,0,129,0,46,24,0,70,92,68,39,0,199,14,0,14,213
01/01/2017,KOA,HI,AWP,WE,Federal Contract Tower,81,22,44,0,147,0,40,4,0,44,81,62,48,0,191,10,0,10,201
01/02/2017,KOA,HI,AWP,WE,Federal Contract Tower,84,30,37,0,151,0,63,53,0,116,84,93,90,0,267,218,0,218,485
01/03/2017,KOA,HI,AWP,WE,Federal Contract Tower,73,13,16,28,130,0,54,42,11,107,73,67,58,39,237,104,50,154,391
01/04/2017,KOA,HI,AWP,WE,Federal Contract Tower,75,17,12,14,118,0,51,52,1,104,75,68,64,15,222,98,8,106,328
01/05/2017,KOA,HI,AWP,WE,Federal Contract Tower,78,12,13,5,108,0,49,53,4,106,78,61,66,9,214,200,44,244,458
01/06/2017,KOA,HI,AWP,WE,Federal Contract Tower,85,17,10,3,115,0,57,44,6,107,85,74,54,9,222,202,4,206,428
01/07/2017,KOA,HI,AWP,WE,Federal Contract Tower,85,13,9,8,115,0,38,32,3,73,85,51,41,11,188,88,14,102,290
01/08/2017,KOA,HI,AWP,WE,Federal Contract Tower,78,15,11,3,107,0,38,23,1,62,78,53,34,4,169,38,0,38,207
01/09/2017,KOA,HI,AWP,WE,Federal Contract Tower,72,12,5,8,97,0,48,81,3,132,72,60,86,11,229,110,28,138,367
01/10/2017,KOA,HI,AWP,WE,Federal Contract Tower,65,10,4,3,82,0,46,52,5,103,65,56,56,8,185,122,28,150,335
01/11/2017,KOA,HI,AWP,WE,Federal Contract Tower,70,15,9,7,101,0,43,49,3,95,70,58,58,10,196,132,36,168,364
01/12/2017,KOA,HI,AWP,WE,Federal Contract Tower,84,21,7,31,143,0,57,68,4,129,84,78,75,35,272,74,66,140,412
01/13/2017,KOA,HI,AWP,WE,Federal Contract Tower,87,14,8,0,109,0,52,42,5,99,87,66,50,5,208,130,60,190,398
01/14/2017,KOA,HI,AWP,WE,Federal Contract Tower,90,12,10,0,112,0,56,12,0,68,90,68,22,0,180,58,0,58,238
01/15/2017,KOA,HI,AWP,WE,Federal Contract Tower,79,17,5,6,107,0,34,18,0,52,79,51,23,6,159,18,0,18,177
01/16/2017,KOA,HI,AWP,WE,Federal Contract Tower,77,13,16,2,108,0,41,30,3,74,77,54,46,5,182,88,0,88,270
01/17/2017,KOA,HI,AWP,WE,Federal Contract Tower,67,15,1,11,94,0,33,47,6,86,67,48,48,17,180,76,18,94,274
01/18/2017,KOA,HI,AWP,WE,Federal Contract Tower,72,15,6,23,116,0,37,46,5,88,72,52,52,28,204,50,66,116,320
01/19/2017,KOA,HI,AWP,WE,Federal Contract Tower,74,15,15,10,114,0,55,47,10,112,74,70,62,20,226,92,34,126,352
01/20/2017,KOA,HI,AWP,WE,Federal Contract Tower,85,19,12,0,116,0,45,55,0,100,85,64,67,0,216,104,0,104,320
01/21/2017,KOA,HI,AWP,WE,Federal Contract Tower,89,14,10,0,113,0,36,14,0,50,89,50,24,0,163,24,0,24,187
01/22/2017,KOA,HI,AWP,WE,Federal Contract Tower,77,12,8,0,97,0,31,12,0,43,77,43,20,0,140,10,0,10,150
01/23/2017,KOA,HI,AWP,WE,Federal Contract Tower,75,11,6,8,100,0,44,52,6,102,75,55,58,14,202,156,52,208,410
01/24/2017,KOA,HI,AWP,WE,Federal Contract Tower,67,14,11,17,109,0,48,39,21,108,67,62,50,38,217,114,114,228,445
01/25/2017,KOA,HI,AWP,WE,Federal Contract Tower,70,20,10,9,109,0,35,33,3,71,70,55,43,12,180,80,8,88,268
01/26/2017,KOA,HI,AWP,WE,Federal Contract Tower,77,11,11,8,107,0,64,47,7,118,77,75,58,15,225,138,14,152,377
01/27/2017,KOA,HI,AWP,WE,Federal Contract Tower,84,20,7,4,115,0,52,31,1,84,84,72,38,5,199,147,12,159,358
01/28/2017,KOA,HI,AWP,WE,Federal Contract Tower,88,30,8,4,130,0,36,22,0,58,88,66,30,4,188,18,0,18,206
01/29/2017,KOA,HI,AWP,WE,Federal Contract Tower,76,16,4,0,96,0,28,7,0,35,76,44,11,0,131,0,0,0,131
01/30/2017,KOA,HI,AWP,WE,Federal Contract Tower,70,13,9,9,101,0,44,23,7,74,70,57,32,16,175,8,26,34,209
01/31/2017,KOA,HI,AWP,WE,Federal Contract Tower,69,8,8,6,91,0,43,42,11,96,69,51,50,17,187,30,20,50,237
02/01/2017,KOA,HI,AWP,WE,Federal Contract Tower,80,16,6,18,120,0,62,68,5,135,80,78,74,23,255,128,46,174,429
02/02/2017,KOA,HI,AWP,WE,Federal Contract Tower,78,16,4,3,101,0,44,31,4,79,78,60,35,7,180,70,12,82,262
02/03/2017,KOA,HI,AWP,WE,Federal Contract Tower,87,14,5,4,110,0,47,40,7,94,87,61,45,11,204,62,62,124,328
02/04/2017,KOA,HI,AWP,WE,Federal Contract Tower,83,17,2,1,103,0,44,14,5,63,83,61,16,6,166,12,22,34,200
02/05/2017,KOA,HI,AWP,WE,Federal Contract Tower,78,11,0,2,91,0,36,19,4,59,78,47,19,6,150,12,8,20,170
02/06/2017,KOA,HI,AWP,WE,Federal Contract Tower,69,25,1,3,98,0,26,16,1,43,69,51,17,4,141,52,4,56,197
02/08/2017,KOA,HI,AWP,WE,Federal Contract Tower,79,10,6,12,107,7,35,60,10,112,86,45,66,22,219,100,42,142,361
02/09/2017,KOA,HI,AWP,WE,Federal Contract Tower,77,12,7,25,121,8,44,57,15,124,85,56,64,40,245,60,24,84,329
02/10/2017,KOA,HI,AWP,WE,Federal Contract Tower,86,17,6,3,112,1,58,60,11,130,87,75,66,14,242,60,6,66,308
02/11/2017,KOA,HI,AWP,WE,Federal Contract Tower,82,23,5,2,112,0,46,5,3,54,82,69,10,5,166,0,0,0,166
02/12/2017,KOA,HI,AWP,WE,Federal Contract Tower,80,11,0,3,94,0,49,18,1,68,80,60,18,4,162,0,0,0,162
02/13/2017,KOA,HI,AWP,WE,Federal Contract Tower,79,12,4,10,105,44,56,19,0,119,123,68,23,10,224,32,22,54,278
02/14/2017,KOA,HI,AWP,WE,Federal Contract Tower,69,17,3,17,106,0,49,55,4,108,69,66,58,21,214,36,14,50,264
02/15/2017,KOA,HI,AWP,WE,Federal Contract Tower,76,21,12,4,113,0,53,54,2,109,76,74,66,6,222,10,28,38,260
02/16/2017,KOA,HI,AWP,WE,Federal Contract Tower,76,27,7,3,113,0,40,43,1,84,76,67,50,4,197,84,6,90,287
02/17/2017,KOA,HI,AWP,WE,Federal Contract Tower,92,20,8,3,123,0,59,37,0,96,92,79,45,3,219,54,0,54,273
02/18/2017,KOA,HI,AWP,WE,Federal Contract Tower,91,24,17,1,133,0,52,21,2,75,91,76,38,3,208,46,4,50,258
02/19/2017,KOA,HI,AWP,WE,Federal Contract Tower,89,14,6,0,109,0,32,11,0,43,89,46,17,0,152,26,0,26,178
02/20/2017,KOA,HI,AWP,WE,Federal Contract Tower,80,14,9,0,103,0,40,51,0,91,80,54,60,0,194,132,0,132,326
02/21/2017,KOA,HI,AWP,WE,Federal Contract Tower,74,18,8,31,131,0,62,61,3,126,74,80,69,34,257,76,14,90,347
02/22/2017,KOA,HI,AWP,WE,Federal Contract Tower,78,14,5,17,114,0,38,63,19,120,78,52,68,36,234,104,38,142,376
02/23/2017,KOA,HI,AWP,WE,Federal Contract Tower,83,13,12,13,121,0,63,66,21,150,83,76,78,34,271,143,26,169,440
02/24/2017,KOA,HI,AWP,WE,Federal Contract Tower,96,14,13,1,124,0,76,89,4,169,96,90,102,5,293,98,0,98,391
02/25/2017,KOA,HI,AWP,WE,Federal Contract Tower,89,18,18,0,125,0,47,27,1,75,89,65,45,1,200,44,0,44,244
02/26/2017,KOA,HI,AWP,WE,Federal Contract Tower,91,15,8,2,116,0,39,23,2,64,91,54,31,4,180,10,0,10,190
02/27/2017,KOA,HI,AWP,WE,Federal Contract Tower,79,13,5,17,114,0,43,70,3,116,79,56,75,20,230,226,0,226,456
02/28/2017,KOA,HI,AWP,WE,Federal Contract Tower,76,13,6,1,96,0,24,46,11,81,76,37,52,12,177,164,0,164,341
03/01/2017,KOA,HI,AWP,WE,Federal Contract Tower,84,20,9,0,113,3,25,22,3,53,87,45,31,3,166,10,0,10,176
03/02/2017,KOA,HI,AWP,WE,Federal Contract Tower,80,11,6,10,107,1,48,42,12,103,81,59,48,22,210,42,0,42,252
03/03/2017,KOA,HI,AWP,WE,Federal Contract Tower,92,11,5,17,125,2,84,81,0,167,94,95,86,17,292,136,0,136,428
03/04/2017,KOA,HI,AWP,WE,Federal Contract Tower,88,15,6,4,113,0,58,35,0,93,88,73,41,4,206,35,6,41,247
03/05/2017,KOA,HI,AWP,WE,Federal Contract Tower,83,16,5,0,104,0,51,16,2,69,83,67,21,2,173,16,0,16,189
03/06/2017,KOA,HI,AWP,WE,Federal Contract Tower,81,17,5,25,128,0,54,63,1,118,81,71,68,26,246,56,0,56,302
03/07/2017,KOA,HI,AWP,WE,Federal Contract Tower,76,16,4,8,104,0,32,42,0,74,76,48,46,8,178,38,0,38,216
03/08/2017,KOA,HI,AWP,WE,Federal Contract Tower,80,18,8,5,111,0,30,33,3,66,80,48,41,8,177,60,4,64,241
03/09/2017,KOA,HI,AWP,WE,Federal Contract Tower,87,11,8,5,111,0,40,42,5,87,87,51,50,10,198,100,16,116,314
03/10/2017,KOA,HI,AWP,WE,Federal Contract Tower,90,12,11,0,113,0,43,47,0,90,90,55,58,0,203,92,0,92,295
03/11/2017,KOA,HI,AWP,WE,Federal Contract Tower,92,12,9,0,113,0,50,36,6,92,92,62,45,6,205,16,4,20,225
03/12/2017,KOA,HI,AWP,WE,Federal Contract Tower,79,18,5,0,102,0,43,35,0,78,79,61,40,0,180,68,0,68,248
03/13/2017,KOA,HI,AWP,WE,Federal Contract Tower,87,16,8,3,114,0,61,76,5,142,87,77,84,8,256,58,12,70,326
03/14/2017,KOA,HI,AWP,WE,Federal Contract Tower,84,16,3,3,106,0,43,41,4,88,84,59,44,7,194,48,0,48,242
03/15/2017,KOA,HI,AWP,WE,Federal Contract Tower,85,15,10,0,110,0,49,42,0,91,85,64,52,0,201,84,0,84,285
03/16/2017,KOA,HI,AWP,WE,Federal Contract Tower,91,14,10,3,118,0,53,44,1,98,91,67,54,4,216,96,0,96,312
03/17/2017,KOA,HI,AWP,WE,Federal Contract Tower,103,15,9,5,132,0,56,41,1,98,103,71,50,6,230,140,0,140,370
03/18/2017,KOA,HI,AWP,WE,Federal Contract Tower,103,16,13,0,132,0,54,48,0,102,103,70,61,0,234,90,0,90,324
03/19/2017,KOA,HI,AWP,WE,Federal Contract Tower,96,11,6,0,113,0,52,27,0,79,96,63,33,0,192,8,0,8,200
03/20/2017,KOA,HI,AWP,WE,Federal Contract Tower,91,17,6,6,120,0,78,86,5,169,91,95,92,11,289,128,6,134,423
03/21/2017,KOA,HI,AWP,WE,Federal Contract Tower,85,11,8,4,108,0,58,71,2,131,85,69,79,6,239,90,8,98,337
03/22/2017,KOA,HI,AWP,WE,Federal Contract Tower,91,9,12,10,122,0,43,44,7,94,91,52,56,17,216,88,8,96,312
03/23/2017,KOA,HI,AWP,WE,Federal Contract Tower,97,9,14,2,122,0,62,68,2,132,97,71,82,4,254,142,0,142,396
03/24/2017,KOA,HI,AWP,WE,Federal Contract Tower,95,14,7,1,117,0,63,57,2,122,95,77,64,3,239,122,4,126,365
03/25/2017,KOA,HI,AWP,WE,Federal Contract Tower,108,15,12,0,135,0,66,35,0,101,108,81,47,0,236,62,0,62,298
03/26/2017,KOA,HI,AWP,WE,Federal Contract Tower,104,11,7,1,123,0,54,22,0,76,104,65,29,1,199,66,0,66,265
03/27/2017,KOA,HI,AWP,WE,Federal Contract Tower,92,7,6,7,112,0,61,67,4,132,92,68,73,11,244,32,4,36,280
03/29/2017,KOA,HI,AWP,WE,Federal Contract Tower,93,10,8,10,121,0,40,47,6,93,93,50,55,16,214,126,14,140,354
03/30/2017,KOA,HI,AWP,WE,Federal Contract Tower,99,13,16,5,133,0,51,55,3,109,99,64,71,8,242,124,28,152,394
04/01/2017,KOA,HI,AWP,WE,Federal Contract Tower,105,9,9,0,123,0,50,12,0,62,105,59,21,0,185,34,0,34,219
04/03/2017,KOA,HI,AWP,WE,Federal Contract Tower,92,8,7,8,115,0,60,58,5,123,92,68,65,13,238,66,4,70,308
04/04/2017,KOA,HI,AWP,WE,Federal Contract Tower,82,11,4,0,97,0,41,43,0,84,82,52,47,0,181,148,0,148,329
04/05/2017,KOA,HI,AWP,WE,Federal Contract Tower,83,17,7,1,108,0,43,46,0,89,83,60,53,1,197,144,0,144,341
04/06/2017,KOA,HI,AWP,WE,Federal Contract Tower,89,14,5,4,112,0,53,46,0,99,89,67,51,4,211,128,0,128,339
04/07/2017,KOA,HI,AWP,WE,Federal Contract Tower,93,20,12,0,125,0,50,39,0,89,93,70,51,0,214,54,0,54,268
04/08/2017,KOA,HI,AWP,WE,Federal Contract Tower,100,12,15,0,127,0,57,36,0,93,100,69,51,0,220,22,0,22,242
04/09/2017,KOA,HI,AWP,WE,Federal Contract Tower,92,15,13,1,121,0,45,47,0,92,92,60,60,1,213,46,20,66,279
04/10/2017,KOA,HI,AWP,WE,Federal Contract Tower,87,11,4,6,108,0,80,52,4,136,87,91,56,10,244,120,18,138,382
04/11/2017,KOA,HI,AWP,WE,Federal Contract Tower,83,14,4,11,112,0,49,57,5,111,83,63,61,16,223,176,22,198,421
04/12/2017,KOA,HI,AWP,WE,Federal Contract Tower,92,15,8,8,123,0,46,40,7,93,92,61,48,15,216,54,34,88,304
04/13/2017,KOA,HI,AWP,WE,Federal Contract Tower,90,17,7,7,121,0,51,31,5,87,90,68,38,12,208,60,52,112,320
04/14/2017,KOA,HI,AWP,WE,Federal Contract Tower,98,17,12,0,127,0,67,48,2,117,98,84,60,2,244,94,0,94,338
04/15/2017,KOA,HI,AWP,WE,Federal Contract Tower,99,11,9,0,119,0,50,25,0,75,99,61,34,0,194,20,0,20,214
04/16/2017,KOA,HI,AWP,WE,Federal Contract Tower,93,14,12,0,119,0,51,23,0,74,93,65,35,0,193,20,0,20,213
04/17/2017,KOA,HI,AWP,WE,Federal Contract Tower,85,24,7,7,123,0,49,62,9,120,85,73,69,16,243,90,8,98,341
04/18/2017,KOA,HI,AWP,WE,Federal Contract Tower,80,16,10,4,110,0,37,41,0,78,80,53,51,4,188,54,0,54,242
04/19/2017,KOA,HI,AWP,WE,Federal Contract Tower,87,11,7,6,111,0,38,36,4,78,87,49,43,10,189,124,42,166,355
04/20/2017,KOA,HI,AWP,WE,Federal Contract Tower,83,16,8,8,115,0,57,41,5,103,83,73,49,13,218,76,8,84,302
04/21/2017,KOA,HI,AWP,WE,Federal Contract Tower,91,17,7,0,115,0,74,47,0,121,91,91,54,0,236,104,0,104,340
04/22/2017,KOA,HI,AWP,WE,Federal Contract Tower,93,8,8,0,109,0,51,23,0,74,93,59,31,0,183,48,0,48,231
04/23/2017,KOA,HI,AWP,WE,Federal Contract Tower,94,9,5,0,108,0,61,11,0,72,94,70,16,0,180,2,0,2,182
04/24/2017,KOA,HI,AWP,WE,Federal Contract Tower,85,21,3,12,121,0,41,37,7,85,85,62,40,19,206,100,0,100,306
04/25/2017,KOA,HI,AWP,WE,Federal Contract Tower,81,15,4,2,102,0,40,43,2,85,81,55,47,4,187,84,4,88,275
04/26/2017,KOA,HI,AWP,WE,Federal Contract Tower,84,14,6,5,109,0,37,37,5,79,84,51,43,10,188,68,22,90,278
04/27/2017,KOA,HI,AWP,WE,Federal Contract Tower,83,16,3,6,108,0,64,60,10,134,83,80,63,16,242,138,24,162,404
04/28/2017,KOA,HI,AWP,WE,Federal Contract Tower,83,21,6,5,115,0,46,47,2,95,83,67,53,7,210,204,16,220,430
04/29/2017,KOA,HI,AWP,WE,Federal Contract Tower,83,27,7,0,117,0,26,18,0,44,83,53,25,0,161,30,0,30,191
04/30/2017,KOA,HI,AWP,WE,Federal Contract Tower,91,35,5,0,131,0,4,0,0,4,91,39,5,0,135,12,0,12,147
05/01/2017,KOA,HI,AWP,WE,Federal Contract Tower,81,13,0,0,94,0,40,20,0,60,81,53,20,0,154,16,0,16,170
05/02/2017,KOA,HI,AWP,WE,Federal Contract Tower,77,9,5,2,93,0,66,51,1,118,77,75,56,3,211,76,0,76,287
05/03/2017,KOA,HI,AWP,WE,Federal Contract Tower,81,9,8,8,106,0,41,32,7,80,81,50,40,15,186,64,30,94,280
05/04/2017,KOA,HI,AWP,WE,Federal Contract Tower,78,19,6,8,111,0,45,45,2,92,78,64,51,10,203,134,8,142,345
05/05/2017,KOA,HI,AWP,WE,Federal Contract Tower,86,14,5,4,109,0,52,50,4,106,86,66,55,8,215,90,0,90,305
05/06/2017,KOA,HI,AWP,WE,Federal Contract Tower,88,13,4,0,105,0,81,47,0,128,88,94,51,0,233,86,0,86,319
05/07/2017,KOA,HI,AWP,WE,Federal Contract Tower,86,9,8,0,103,0,43,16,0,59,86,52,24,0,162,42,0,42,204
05/08/2017,KOA,HI,AWP,WE,Federal Contract Tower,82,20,2,10,114,0,44,66,4,114,82,64,68,14,228,92,0,92,320
05/09/2017,KOA,HI,AWP,WE,Federal Contract Tower,83,6,9,15,113,0,57,49,2,108,83,63,58,17,221,130,0,130,351
05/10/2017,KOA,HI,AWP,WE,Federal Contract Tower,84,13,8,4,109,0,45,39,8,92,84,58,47,12,201,112,26,138,339
05/11/2017,KOA,HI,AWP,WE,Federal Contract Tower,75,14,4,8,101,0,49,52,18,119,75,63,56,26,220,114,12,126,346
05/12/2017,KOA,HI,AWP,WE,Federal Contract Tower,91,21,10,6,128,0,58,51,4,113,91,79,61,10,241,96,0,96,337
05/13/2017,KOA,HI,AWP,WE,Federal Contract Tower,84,13,4,0,101,0,58,43,0,101,84,71,47,0,202,54,0,54,256
05/14/2017,KOA,HI,AWP,WE,Federal Contract Tower,90,7,2,0,99,0,43,16,1,60,90,50,18,1,159,8,0,8,167
05/15/2017,KOA,HI,AWP,WE,Federal Contract Tower,78,18,2,2,100,0,46,41,4,91,78,64,43,6,191,76,10,86,277
05/16/2017,KOA,HI,AWP,WE,Federal Contract Tower,86,10,0,2,98,0,43,40,4,87,86,53,40,6,185,108,10,118,303
05/18/2017,KOA,HI,AWP,WE,Federal Contract Tower,83,18,18,2,121,0,58,51,7,116,83,76,69,9,237,176,0,176,413
05/19/2017,KOA,HI,AWP,WE,Federal Contract Tower,89,18,17,1,125,0,59,46,4,109,89,77,63,5,234,136,0,136,370
05/20/2017,KOA,HI,AWP,WE,Federal Contract Tower,84,18,15,0,117,0,72,48,1,121,84,90,63,1,238,74,0,74,312
05/21/2017,KOA,HI,AWP,WE,Federal Contract Tower,93,10,18,0,121,0,58,33,2,93,93,68,51,2,214,12,0,12,226
05/22/2017,KOA,HI,AWP,WE,Federal Contract Tower,83,19,8,13,123,0,41,38,0,79,83,60,46,13,202,84,18,102,304
05/23/2017,KOA,HI,AWP,WE,Federal Contract Tower,82,19,4,4,109,0,41,60,8,109,82,60,64,12,218,110,4,114,332
05/24/2017,KOA,HI,AWP,WE,Federal Contract Tower,84,10,4,3,101,0,48,54,2,104,84,58,58,5,205,86,14,100,305
05/25/2017,KOA,HI,AWP,WE,Federal Contract Tower,88,17,4,14,123,0,40,39,1,80,88,57,43,15,203,116,24,140,343
05/26/2017,KOA,HI,AWP,WE,Federal Contract Tower,101,16,5,4,126,0,68,59,3,130,101,84,64,7,256,152,52,204,460
05/27/2017,KOA,HI,AWP,WE,Federal Contract Tower,91,14,10,0,115,0,66,23,0,89,91,80,33,0,204,22,0,22,226
05/28/2017,KOA,HI,AWP,WE,Federal Contract Tower,96,12,9,0,117,0,48,8,0,56,96,60,17,0,173,36,0,36,209
05/29/2017,KOA,HI,AWP,WE,Federal Contract Tower,92,19,7,0,118,0,63,38,0,101,92,82,45,0,219,44,0,44,263
05/30/2017,KOA,HI,AWP,WE,Federal Contract Tower,87,14,6,5,112,0,51,40,2,93,87,65,46,7,205,70,12,82,287
05/31/2017,KOA,HI,AWP,WE,Federal Contract Tower,94,16,2,12,124,0,48,27,10,85,94,64,29,22,209,86,24,110,319
06/01/2017,KOA,HI,AWP,WE,Federal Contract Tower,98,13,2,13,126,0,47,46,0,93,98,60,48,13,219,96,0,96,315
06/02/2017,KOA,HI,AWP,WE,Federal Contract Tower,103,15,1,2,121,0,50,36,2,88,103,65,37,4,209,86,0,86,295
06/03/2017,KOA,HI,AWP,WE,Federal Contract Tower,103,11,5,2,121,0,47,17,2,66,103,58,22,4,187,24,8,32,219
06/04/2017,KOA,HI,AWP,WE,Federal Contract Tower,105,11,4,0,120,0,65,5,0,70,105,76,9,0,190,16,0,16,206
06/05/2017,KOA,HI,AWP,WE,Federal Contract Tower,106,6,7,8,127,5,62,43,1,111,111,68,50,9,238,52,0,52,290
06/06/2017,KOA,HI,AWP,WE,Federal Contract Tower,105,13,5,2,125,0,38,33,8,79,105,51,38,10,204,34,4,38,242
06/07/2017,KOA,HI,AWP,WE,Federal Contract Tower,100,13,3,10,126,0,41,43,11,95,100,54,46,21,221,76,8,84,305
06/08/2017,KOA,HI,AWP,WE,Federal Contract Tower,102,12,1,10,125,0,44,31,10,85,102,56,32,20,210,40,0,40,250
06/09/2017,KOA,HI,AWP,WE,Federal Contract Tower,110,14,6,6,136,0,59,49,1,109,110,73,55,7,245,128,0,128,373
06/10/2017,KOA,HI,AWP,WE,Federal Contract Tower,103,21,3,1,128,0,43,21,0,64,103,64,24,1,192,80,0,80,272
06/11/2017,KOA,HI,AWP,WE,Federal Contract Tower,115,22,2,1,140,0,47,16,0,63,115,69,18,1,203,28,0,28,231
06/12/2017,KOA,HI,AWP,WE,Federal Contract Tower,107,20,6,1,134,0,56,43,12,111,107,76,49,13,245,124,32,156,401
06/13/2017,KOA,HI,AWP,WE,Federal Contract Tower,102,10,10,3,125,0,52,41,5,98,102,62,51,8,223,160,4,164,387
06/14/2017,KOA,HI,AWP,WE,Federal Contract Tower,106,13,10,2,131,0,53,42,21,116,106,66,52,23,247,124,12,136,383
06/15/2017,KOA,HI,AWP,WE,Federal Contract Tower,99,12,9,7,127,0,55,37,12,104,99,67,46,19,231,134,12,146,377
06/16/2017,KOA,HI,AWP,WE,Federal Contract Tower,106,15,10,6,137,0,54,53,3,110,106,69,63,9,247,130,0,130,377
06/17/2017,KOA,HI,AWP,WE,Federal Contract Tower,103,15,8,0,126,0,38,12,0,50,103,53,20,0,176,16,0,16,192
06/18/2017,KOA,HI,AWP,WE,Federal Contract Tower,113,4,3,0,120,0,55,18,0,73,113,59,21,0,193,0,0,0,193
06/19/2017,KOA,HI,AWP,WE,Federal Contract Tower,105,8,7,1,121,0,66,71,9,146,105,74,78,10,267,128,0,128,395
06/20/2017,KOA,HI,AWP,WE,Federal Contract Tower,100,13,6,5,124,0,46,40,5,91,100,59,46,10,215,246,20,266,481
06/21/2017,KOA,HI,AWP,WE,Federal Contract Tower,105,11,4,5,125,0,34,40,4,78,105,45,44,9,203,98,18,116,319
06/22/2017,KOA,HI,AWP,WE,Federal Contract Tower,106,15,3,4,128,0,53,74,1,128,106,68,77,5,256,82,10,92,348
06/23/2017,KOA,HI,AWP,WE,Federal Contract Tower,117,14,13,20,164,0,65,59,2,126,117,79,72,22,290,292,14,306,596
06/24/2017,KOA,HI,AWP,WE,Federal Contract Tower,106,16,10,0,132,0,52,17,0,69,106,68,27,0,201,32,0,32,233
06/25/2017,KOA,HI,AWP,WE,Federal Contract Tower,111,7,11,0,129,0,52,21,0,73,111,59,32,0,202,56,0,56,258
06/26/2017,KOA,HI,AWP,WE,Federal Contract Tower,117,20,6,11,154,0,81,92,2,175,117,101,98,13,329,160,10,170,499
06/27/2017,KOA,HI,AWP,WE,Federal Contract Tower,103,13,10,20,146,0,45,70,13,128,103,58,80,33,274,164,50,214,488
06/28/2017,KOA,HI,AWP,WE,Federal Contract Tower,107,7,10,10,134,0,47,65,5,117,107,54,75,15,251,168,36,204,455
06/29/2017,KOA,HI,AWP,WE,Federal Contract Tower,99,11,5,9,124,0,58,32,9,99,99,69,37,18,223,134,0,134,357
06/30/2017,KOA,HI,AWP,WE,Federal Contract Tower,106,19,31,10,166,0,90,63,6,159,106,109,94,16,325,218,2,220,545
07/01/2017,KOA,HI,AWP,WE,Federal Contract Tower,100,17,14,0,131,0,81,44,0,125,100,98,58,0,256,46,0,46,302
07/02/2017,KOA,HI,AWP,WE,Federal Contract Tower,115,10,12,0,137,0,57,22,0,79,115,67,34,0,216,46,0,46,262
07/03/2017,KOA,HI,AWP,WE,Federal Contract Tower,112,17,8,0,137,0,76,64,2,142,112,93,72,2,279,106,0,106,385
07/04/2017,KOA,HI,AWP,WE,Federal Contract Tower,103,10,4,1,118,0,58,43,2,103,103,68,47,3,221,132,0,132,353
07/05/2017,KOA,HI,AWP,WE,Federal Contract Tower,108,15,8,9,140,0,54,42,9,105,108,69,50,18,245,126,2,128,373
07/06/2017,KOA,HI,AWP,WE,Federal Contract Tower,107,14,13,4,138,1,64,45,6,116,108,78,58,10,254,96,0,96,350
07/07/2017,KOA,HI,AWP,WE,Federal Contract Tower,113,14,8,27,162,0,66,41,5,112,113,80,49,32,274,230,0,230,504
07/08/2017,KOA,HI,AWP,WE,Federal Contract Tower,111,14,7,2,134,0,87,35,13,135,111,101,42,15,269,64,16,80,349
07/09/2017,KOA,HI,AWP,WE,Federal Contract Tower,113,11,10,0,134,0,70,16,0,86,113,81,26,0,220,16,0,16,236
07/10/2017,KOA,HI,AWP,WE,Federal Contract Tower,111,10,8,17,146,0,65,67,10,142,111,75,75,27,288,162,14,176,464
07/11/2017,KOA,HI,AWP,WE,Federal Contract Tower,106,15,13,2,136,0,69,48,1,118,106,84,61,3,254,120,4,124,378
07/12/2017,KOA,HI,AWP,WE,Federal Contract Tower,107,13,3,3,126,0,56,41,1,98,107,69,44,4,224,104,0,104,328
07/13/2017,KOA,HI,AWP,WE,Federal Contract Tower,91,12,6,5,114,0,80,69,3,152,91,92,75,8,266,148,0,148,414
07/14/2017,KOA,HI,AWP,WE,Federal Contract Tower,115,13,11,5,144,0,81,57,8,146,115,94,68,13,290,100,2,102,392
07/15/2017,KOA,HI,AWP,WE,Federal Contract Tower,110,6,4,0,120,0,72,32,16,120,110,78,36,16,240,92,0,92,332
07/16/2017,KOA,HI,AWP,WE,Federal Contract Tower,111,11,5,0,127,0,61,22,0,83,111,72,27,0,210,6,0,6,216
07/17/2017,KOA,HI,AWP,WE,Federal Contract Tower,110,16,12,8,146,0,66,43,9,118,110,82,55,17,264,140,16,156,420
07/18/2017,KOA,HI,AWP,WE,Federal Contract Tower,102,9,3,3,117,0,72,56,4,132,102,81,59,7,249,164,14,178,427
07/19/2017,KOA,HI,AWP,WE,Federal Contract Tower,110,24,10,8,152,0,56,56,5,117,110,80,66,13,269,124,12,136,405
07/20/2017,KOA,HI,AWP,WE,Federal Contract Tower,103,13,7,18,141,0,70,43,10,123,103,83,50,28,264,98,38,136,400
07/21/2017,KOA,HI,AWP,WE,Federal Contract Tower,114,22,7,9,152,0,60,46,3,109,114,82,53,12,261,126,16,142,403
07/22/2017,KOA,HI,AWP,WE,Federal Contract Tower,106,14,4,0,124,0,62,11,0,73,106,76,15,0,197,24,0,24,221
07/23/2017,KOA,HI,AWP,WE,Federal Contract Tower,116,8,6,0,130,0,69,15,0,84,116,77,21,0,214,38,0,38,252
07/24/2017,KOA,HI,AWP,WE,Federal Contract Tower,104,16,4,13,137,0,75,55,13,143,104,91,59,26,280,82,20,102,382
07/25/2017,KOA,HI,AWP,WE,Federal Contract Tower,103,11,5,3,122,0,68,52,6,126,103,79,57,9,248,190,0,190,438
07/26/2017,KOA,HI,AWP,WE,Federal Contract Tower,110,12,12,2,136,0,58,55,1,114,110,70,67,3,250,132,0,132,382
07/27/2017,KOA,HI,AWP,WE,Federal Contract Tower,106,15,8,0,129,0,47,42,24,113,106,62,50,24,242,130,40,170,412
07/28/2017,KOA,HI,AWP,WE,Federal Contract Tower,118,24,7,3,152,0,56,54,7,117,118,80,61,10,269,142,4,146,415
07/29/2017,KOA,HI,AWP,WE,Federal Contract Tower,109,11,19,0,139,0,71,29,0,100,109,82,48,0,239,44,0,44,283
07/30/2017,KOA,HI,AWP,WE,Federal Contract Tower,116,13,5,0,134,0,66,30,0,96,116,79,35,0,230,14,0,14,244
07/31/2017,KOA,HI,AWP,WE,Federal Contract Tower,113,9,13,6,141,0,58,51,3,112,113,67,64,9,253,148,22,170,423
08/01/2017,KOA,HI,AWP,WE,Federal Contract Tower,103,12,4,13,132,0,72,54,3,129,103,84,58,16,261,126,20,146,407
08/02/2017,KOA,HI,AWP,WE,Federal Contract Tower,107,12,2,2,123,1,82,52,1,136,108,94,54,3,259,162,8,170,429
08/03/2017,KOA,HI,AWP,WE,Federal Contract Tower,104,16,7,5,132,0,81,50,1,132,104,97,57,6,264,134,18,152,416
08/04/2017,KOA,HI,AWP,WE,Federal Contract Tower,115,10,10,6,141,0,71,32,14,117,115,81,42,20,258,88,0,88,346
08/05/2017,KOA,HI,AWP,WE,Federal Contract Tower,105,14,14,1,134,0,78,35,0,113,105,92,49,1,247,32,0,32,279
08/06/2017,KOA,HI,AWP,WE,Federal Contract Tower,109,13,15,0,137,0,75,17,0,92,109,88,32,0,229,20,0,20,249
08/07/2017,KOA,HI,AWP,WE,Federal Contract Tower,106,13,10,7,136,0,83,63,6,152,106,96,73,13,288,110,0,110,398
08/08/2017,KOA,HI,AWP,WE,Federal Contract Tower,104,13,2,6,125,0,71,42,3,116,104,84,44,9,241,132,22,154,395
08/09/2017,KOA,HI,AWP,WE,Federal Contract Tower,104,14,8,4,130,0,68,56,5,129,104,82,64,9,259,108,12,120,379
08/11/2017,KOA,HI,AWP,WE,Federal Contract Tower,109,15,15,2,141,0,57,49,2,108,109,72,64,4,249,140,0,140,389
08/12/2017,KOA,HI,AWP,WE,Federal Contract Tower,97,11,9,0,117,0,87,35,2,124,97,98,44,2,241,86,0,86,327
08/13/2017,KOA,HI,AWP,WE,Federal Contract Tower,110,9,13,6,138,0,74,27,2,103,110,83,40,8,241,108,0,108,349
08/14/2017,KOA,HI,AWP,WE,Federal Contract Tower,105,14,9,4,132,0,86,95,0,181,105,100,104,4,313,232,4,236,549
08/15/2017,KOA,HI,AWP,WE,Federal Contract Tower,98,15,9,7,129,0,48,62,3,113,98,63,71,10,242,204,16,220,462
08/16/2017,KOA,HI,AWP,WE,Federal Contract Tower,95,18,7,7,127,10,69,48,7,134,105,87,55,14,261,194,20,214,475
08/17/2017,KOA,HI,AWP,WE,Federal Contract Tower,99,12,15,12,138,0,73,72,4,149,99,85,87,16,287,182,0,182,469
08/18/2017,KOA,HI,AWP,WE,Federal Contract Tower,111,12,19,2,144,0,83,82,0,165,111,95,101,2,309,230,0,230,539
08/19/2017,KOA,HI,AWP,WE,Federal Contract Tower,101,18,20,5,144,0,63,47,0,110,101,81,67,5,254,167,0,167,421
08/20/2017,KOA,HI,AWP,WE,Federal Contract Tower,110,11,15,0,136,0,51,21,0,72,110,62,36,0,208,36,0,36,244
08/21/2017,KOA,HI,AWP,WE,Federal Contract Tower,108,15,5,0,128,0,44,85,0,129,108,59,90,0,257,226,0,226,483
08/22/2017,KOA,HI,AWP,WE,Federal Contract Tower,91,16,7,4,118,0,55,108,9,172,91,71,115,13,290,260,30,290,580
08/23/2017,KOA,HI,AWP,WE,Federal Contract Tower,97,13,14,1,125,0,64,100,2,166,97,77,114,3,291,246,0,246,537
08/24/2017,KOA,HI,AWP,WE,Federal Contract Tower,100,13,12,7,132,0,67,56,4,127,100,80,68,11,259,156,4,160,419
08/25/2017,KOA,HI,AWP,WE,Federal Contract Tower,116,12,15,2,145,0,74,54,1,129,116,86,69,3,274,240,0,240,514
08/26/2017,KOA,HI,AWP,WE,Federal Contract Tower,100,12,8,2,122,0,65,46,5,116,100,77,54,7,238,130,8,138,376
08/27/2017,KOA,HI,AWP,WE,Federal Contract Tower,107,11,7,1,126,0,43,30,2,75,107,54,37,3,201,80,0,80,281
08/28/2017,KOA,HI,AWP,WE,Federal Contract Tower,94,9,4,6,113,0,57,74,0,131,94,66,78,6,244,188,0,188,432
08/29/2017,KOA,HI,AWP,WE,Federal Contract Tower,91,6,6,6,109,0,36,43,1,80,91,42,49,7,189,176,8,184,373
08/30/2017,KOA,HI,AWP,WE,Federal Contract Tower,90,18,9,7,124,0,38,60,0,98,90,56,69,7,222,92,0,92,314
08/31/2017,KOA,HI,AWP,WE,Federal Contract Tower,96,17,6,5,124,0,46,80,6,132,96,63,86,11,256,148,18,166,422
09/01/2017,KOA,HI,AWP,WE,Federal Contract Tower,101,21,4,3,129,0,49,38,8,95,101,70,42,11,224,86,0,86,310
09/02/2017,KOA,HI,AWP,WE,Federal Contract Tower,98,12,3,0,113,0,45,13,1,59,98,57,16,1,172,38,0,38,210
09/03/2017,KOA,HI,AWP,WE,Federal Contract Tower,93,7,1,3,104,0,60,30,1,91,93,67,31,4,195,104,0,104,299
09/04/2017,KOA,HI,AWP,WE,Federal Contract Tower,101,10,4,1,116,0,68,63,0,131,101,78,67,1,247,112,0,112,359
09/05/2017,KOA,HI,AWP,WE,Federal Contract Tower,79,23,3,16,121,0,32,28,1,61,79,55,31,17,182,72,12,84,266
09/06/2017,KOA,HI,AWP,WE,Federal Contract Tower,80,12,2,38,132,0,47,46,0,93,80,59,48,38,225,148,4,152,377
09/07/2017,KOA,HI,AWP,WE,Federal Contract Tower,82,15,3,32,132,0,45,45,9,99,82,60,48,41,231,94,58,152,383
09/08/2017,KOA,HI,AWP,WE,Federal Contract Tower,95,10,5,7,117,0,40,42,11,93,95,50,47,18,210,104,0,104,314
09/09/2017,KOA,HI,AWP,WE,Federal Contract Tower,94,10,6,8,118,0,42,10,7,59,94,52,16,15,177,60,26,86,263
09/10/2017,KOA,HI,AWP,WE,Federal Contract Tower,90,8,1,0,99,0,39,12,5,56,90,47,13,5,155,18,2,20,175
09/11/2017,KOA,HI,AWP,WE,Federal Contract Tower,87,23,2,3,115,0,29,32,3,64,87,52,34,6,179,120,0,120,299
09/12/2017,KOA,HI,AWP,WE,Federal Contract Tower,76,10,5,9,100,0,38,34,11,83,76,48,39,20,183,54,22,76,259
09/13/2017,KOA,HI,AWP,WE,Federal Contract Tower,78,17,5,1,101,0,34,42,3,79,78,51,47,4,180,102,16,118,298
09/14/2017,KOA,HI,AWP,WE,Federal Contract Tower,79,16,4,3,102,0,39,40,26,105,79,55,44,29,207,158,0,158,365
09/15/2017,KOA,HI,AWP,WE,Federal Contract Tower,88,9,8,17,122,0,65,95,27,187,88,74,103,44,309,172,0,172,481
09/16/2017,KOA,HI,AWP,WE,Federal Contract Tower,85,8,7,7,107,0,61,48,6,115,85,69,55,13,222,80,0,80,302
09/17/2017,KOA,HI,AWP,WE,Federal Contract Tower,85,7,3,0,95,0,46,23,4,73,85,53,26,4,168,2,0,2,170
09/18/2017,KOA,HI,AWP,WE,Federal Contract Tower,83,5,2,5,95,0,66,75,8,149,83,71,77,13,244,162,0,162,406
09/19/2017,KOA,HI,AWP,WE,Federal Contract Tower,74,7,1,0,82,0,42,62,0,104,74,49,63,0,186,168,0,168,354
09/20/2017,KOA,HI,AWP,WE,Federal Contract Tower,78,9,4,1,92,0,38,67,2,107,78,47,71,3,199,134,0,134,333
09/21/2017,KOA,HI,AWP,WE,Federal Contract Tower,83,6,3,8,100,0,51,84,6,141,83,57,87,14,241,162,0,162,403
09/22/2017,KOA,HI,AWP,WE,Federal Contract Tower,89,12,5,7,113,0,41,95,3,139,89,53,100,10,252,144,4,148,400
09/23/2017,KOA,HI,AWP,WE,Federal Contract Tower,82,8,3,1,94,0,61,34,0,95,82,69,37,1,189,52,0,52,241
09/24/2017,KOA,HI,AWP,WE,Federal Contract Tower,84,4,2,0,90,0,53,25,6,84,84,57,27,6,174,44,0,44,218
09/25/2017,KOA,HI,AWP,WE,Federal Contract Tower,83,5,4,5,97,0,44,89,0,133,83,49,93,5,230,84,0,84,314
09/26/2017,KOA,HI,AWP,WE,Federal Contract Tower,74,7,7,2,90,0,56,56,2,114,74,63,63,4,204,174,2,176,380
09/27/2017,KOA,HI,AWP,WE,Federal Contract Tower,79,12,4,0,95,0,47,56,0,103,79,59,60,0,198,230,0,230,428
09/28/2017,KOA,HI,AWP,WE,Federal Contract Tower,85,8,5,0,98,0,50,71,1,122,85,58,76,1,220,154,0,154,374
09/29/2017,KOA,HI,AWP,WE,Federal Contract Tower,87,14,5,4,110,0,59,47,22,128,87,73,52,26,238,140,18,158,396
10/01/2017,KOA,HI,AWP,WE,Federal Contract Tower,86,6,7,0,99,0,40,15,2,57,86,46,22,2,156,20,0,20,176
10/02/2017,KOA,HI,AWP,WE,Federal Contract Tower,88,4,4,16,112,0,56,84,2,142,88,60,88,18,254,138,30,168,422
10/03/2017,KOA,HI,AWP,WE,Federal Contract Tower,78,7,7,15,107,0,53,77,11,141,78,60,84,26,248,138,28,166,414
10/04/2017,KOA,HI,AWP,WE,Federal Contract Tower,77,5,6,14,102,0,36,59,6,101,77,41,65,20,203,218,6,224,427
10/05/2017,KOA,HI,AWP,WE,Federal Contract Tower,85,11,4,23,123,0,64,72,11,147,85,75,76,34,270,154,24,178,448
10/06/2017,KOA,HI,AWP,WE,Federal Contract Tower,95,10,12,2,119,0,57,79,2,138,95,67,91,4,257,172,0,172,429
10/07/2017,KOA,HI,AWP,WE,Federal Contract Tower,95,9,7,4,115,0,57,39,4,100,95,66,46,8,215,22,0,22,237
10/08/2017,KOA,HI,AWP,WE,Federal Contract Tower,93,9,10,0,112,0,40,18,0,58,93,49,28,0,170,38,0,38,208
10/09/2017,KOA,HI,AWP,WE,Federal Contract Tower,91,9,3,0,103,0,62,67,0,129,91,71,70,0,232,124,0,124,356
10/10/2017,KOA,HI,AWP,WE,Federal Contract Tower,80,12,7,1,100,0,45,52,9,106,80,57,59,10,206,86,0,86,292
10/11/2017,KOA,HI,AWP,WE,Federal Contract Tower,84,12,6,17,119,0,42,52,3,97,84,54,58,20,216,190,14,204,420
10/12/2017,KOA,HI,AWP,WE,Federal Contract Tower,85,12,10,5,112,0,51,84,8,143,85,63,94,13,255,198,2,200,455
10/13/2017,KOA,HI,AWP,WE,Federal Contract Tower,94,19,3,3,119,0,44,73,4,121,94,63,76,7,240,22,12,34,274
10/14/2017,KOA,HI,AWP,WE,Federal Contract Tower,81,11,5,24,121,0,45,70,2,117,81,56,75,26,238,24,8,32,270
10/15/2017,KOA,HI,AWP,WE,Federal Contract Tower,97,7,12,2,118,0,59,27,0,86,97,66,39,2,204,30,10,40,244
10/16/2017,KOA,HI,AWP,WE,Federal Contract Tower,107,14,6,4,131,0,65,58,17,140,107,79,64,21,271,178,18,196,467
10/17/2017,KOA,HI,AWP,WE,Federal Contract Tower,86,12,4,11,113,0,39,25,9,73,86,51,29,20,186,20,6,26,212
10/18/2017,KOA,HI,AWP,WE,Federal Contract Tower,82,9,5,7,103,0,38,15,1,54,82,47,20,8,157,14,28,42,199
10/19/2017,KOA,HI,AWP,WE,Federal Contract Tower,81,12,4,9,106,0,44,45,14,103,81,56,49,23,209,58,34,92,301
10/20/2017,KOA,HI,AWP,WE,Federal Contract Tower,96,12,11,0,119,0,43,59,0,102,96,55,70,0,221,128,0,128,349
10/21/2017,KOA,HI,AWP,WE,Federal Contract Tower,85,11,5,6,107,0,72,37,4,113,85,83,42,10,220,34,0,34,254
10/22/2017,KOA,HI,AWP,WE,Federal Contract Tower,85,5,7,3,100,0,63,66,1,130,85,68,73,4,230,44,4,48,278
10/23/2017,KOA,HI,AWP,WE,Federal Contract Tower,87,8,10,17,122,0,53,78,3,134,87,61,88,20,256,88,42,130,386
10/24/2017,KOA,HI,AWP,WE,Federal Contract Tower,81,32,7,1,121,0,3,2,3,8,81,35,9,4,129,6,2,8,137
10/25/2017,KOA,HI,AWP,WE,Federal Contract Tower,81,30,12,12,135,0,11,34,5,50,81,41,46,17,185,44,30,74,259
10/26/2017,KOA,HI,AWP,WE,Federal Contract Tower,84,17,10,26,137,0,56,68,3,127,84,73,78,29,264,114,28,142,406
10/27/2017,KOA,HI,AWP,WE,Federal Contract Tower,88,16,6,0,110,0,62,75,0,137,88,78,81,0,247,138,0,138,385
10/28/2017,KOA,HI,AWP,WE,Federal Contract Tower,88,8,7,5,108,0,47,34,0,81,88,55,41,5,189,34,18,52,241
10/29/2017,KOA,HI,AWP,WE,Federal Contract Tower,85,9,12,5,111,0,58,26,0,84,85,67,38,5,195,40,2,42,237
10/30/2017,KOA,HI,AWP,WE,Federal Contract Tower,90,12,6,2,110,4,53,39,5,101,94,65,45,7,211,30,10,40,251
10/31/2017,KOA,HI,AWP,WE,Federal Contract Tower,71,7,3,1,82,0,38,55,3,96,71,45,58,4,178,92,6,98,276
11/01/2017,KOA,HI,AWP,WE,Federal Contract Tower,80,16,12,9,117,0,36,52,5,93,80,52,64,14,210,78,22,100,310
11/02/2017,KOA,HI,AWP,WE,Federal Contract Tower,81,13,21,26,141,0,47,39,4,90,81,60,60,30,231,108,20,128,359
11/03/2017,KOA,HI,AWP,WE,Federal Contract Tower,92,12,9,10,123,0,58,48,6,112,92,70,57,16,235,92,0,92,327
11/04/2017,KOA,HI,AWP,WE,Federal Contract Tower,86,9,9,1,105,0,47,29,6,82,86,56,38,7,187,24,0,24,211
11/05/2017,KOA,HI,AWP,WE,Federal Contract Tower,87,10,8,1,106,0,59,35,0,94,87,69,43,1,200,26,0,26,226
11/06/2017,KOA,HI,AWP,WE,Federal Contract Tower,87,12,15,4,118,0,64,43,1,108,87,76,58,5,226,76,0,76,302
11/07/2017,KOA,HI,AWP,WE,Federal Contract Tower,79,11,6,12,108,0,29,25,5,59,79,40,31,17,167,82,8,90,257
11/08/2017,KOA,HI,AWP,WE,Federal Contract Tower,83,21,10,12,126,0,34,52,6,92,83,55,62,18,218,32,26,58,276
11/09/2017,KOA,HI,AWP,WE,Federal Contract Tower,86,9,8,7,110,0,47,62,7,116,86,56,70,14,226,94,0,94,320
11/10/2017,KOA,HI,AWP,WE,Federal Contract Tower,93,15,3,0,111,0,52,46,0,98,93,67,49,0,209,138,0,138,347
11/11/2017,KOA,HI,AWP,WE,Federal Contract Tower,84,22,11,0,117,0,28,17,0,45,84,50,28,0,162,46,0,46,208
11/12/2017,KOA,HI,AWP,WE,Federal Contract Tower,83,10,5,7,105,0,53,16,0,69,83,63,21,7,174,46,18,64,238
11/13/2017,KOA,HI,AWP,WE,Federal Contract Tower,78,12,13,23,126,0,59,58,17,134,78,71,71,40,260,86,46,132,392
11/14/2017,KOA,HI,AWP,WE,Federal Contract Tower,71,7,10,3,91,0,27,62,5,94,71,34,72,8,185,142,16,158,343
11/15/2017,KOA,HI,AWP,WE,Federal Contract Tower,70,8,5,17,100,0,35,38,11,84,70,43,43,28,184,164,6,170,354
11/16/2017,KOA,HI,AWP,WE,Federal Contract Tower,75,10,5,3,93,0,58,66,4,128,75,68,71,7,221,86,16,102,323
11/17/2017,KOA,HI,AWP,WE,Federal Contract Tower,82,10,11,0,103,0,46,61,1,108,82,56,72,1,211,122,0,122,333
11/18/2017,KOA,HI,AWP,WE,Federal Contract Tower,80,10,17,0,107,0,50,27,4,81,80,60,44,4,188,12,0,12,200
11/19/2017,KOA,HI,AWP,WE,Federal Contract Tower,78,8,10,1,97,0,53,33,3,89,78,61,43,4,186,34,0,34,220
11/20/2017,KOA,HI,AWP,WE,Federal Contract Tower,85,13,10,7,115,1,48,51,9,109,86,61,61,16,224,34,28,62,286
11/21/2017,KOA,HI,AWP,WE,Federal Contract Tower,72,14,4,20,110,0,42,57,11,110,72,56,61,31,220,78,54,132,352
11/23/2017,KOA,HI,AWP,WE,Federal Contract Tower,73,6,3,0,82,0,45,24,0,69,73,51,27,0,151,26,0,26,177
11/24/2017,KOA,HI,AWP,WE,Federal Contract Tower,75,9,16,0,100,0,62,30,0,92,75,71,46,0,192,42,0,42,234
11/25/2017,KOA,HI,AWP,WE,Federal Contract Tower,85,11,29,6,131,0,76,46,0,122,85,87,75,6,253,56,0,56,309
11/26/2017,KOA,HI,AWP,WE,Federal Contract Tower,82,21,19,0,122,0,50,31,0,81,82,71,50,0,203,110,0,110,313
11/27/2017,KOA,HI,AWP,WE,Federal Contract Tower,77,9,8,22,116,0,48,42,8,98,77,57,50,30,214,160,18,178,392
11/28/2017,KOA,HI,AWP,WE,Federal Contract Tower,73,6,5,23,107,0,32,46,2,80,73,38,51,25,187,164,16,180,367
11/29/2017,KOA,HI,AWP,WE,Federal Contract Tower,77,5,4,11,97,0,28,47,4,79,77,33,51,15,176,142,8,150,326
11/30/2017,KOA,HI,AWP,WE,Federal Contract Tower,79,7,9,12,107,0,50,38,2,90,79,57,47,14,197,152,6,158,355
12/01/2017,KOA,HI,AWP,WE,Federal Contract Tower,85,10,12,12,119,0,58,54,0,112,85,68,66,12,231,130,6,136,367
12/02/2017,KOA,HI,AWP,WE,Federal Contract Tower,82,11,12,0,105,0,54,24,4,82,82,65,36,4,187,66,0,66,253
12/03/2017,KOA,HI,AWP,WE,Federal Contract Tower,72,9,5,0,86,0,36,32,5,73,72,45,37,5,159,32,0,32,191
12/04/2017,KOA,HI,AWP,WE,Federal Contract Tower,77,11,10,0,98,0,67,79,0,146,77,78,89,0,244,192,2,194,438
12/05/2017,KOA,HI,AWP,WE,Federal Contract Tower,75,10,8,5,98,0,41,21,1,63,75,51,29,6,161,40,0,40,201
12/06/2017,KOA,HI,AWP,WE,Federal Contract Tower,76,9,4,2,91,0,44,59,4,107,76,53,63,6,198,104,0,104,302
12/07/2017,KOA,HI,AWP,WE,Federal Contract Tower,75,7,3,0,85,0,65,75,0,140,75,72,78,0,225,106,0,106,331
12/08/2017,KOA,HI,AWP,WE,Federal Contract Tower,82,10,4,1,97,0,54,68,0,122,82,64,72,1,219,94,0,94,313
12/09/2017,KOA,HI,AWP,WE,Federal Contract Tower,82,10,9,0,101,0,55,21,8,84,82,65,30,8,185,40,8,48,233
12/10/2017,KOA,HI,AWP,WE,Federal Contract Tower,74,11,4,0,89,0,41,24,1,66,74,52,28,1,155,76,0,76,231
12/11/2017,KOA,HI,AWP,WE,Federal Contract Tower,74,5,7,20,106,0,59,75,3,137,74,64,82,23,243,138,10,148,391
12/12/2017,KOA,HI,AWP,WE,Federal Contract Tower,71,7,4,19,101,0,43,62,9,114,71,50,66,28,215,130,42,172,387
12/13/2017,KOA,HI,AWP,WE,Federal Contract Tower,71,12,2,36,121,0,40,43,1,84,71,52,45,37,205,100,58,158,363
12/14/2017,KOA,HI,AWP,WE,Federal Contract Tower,76,12,4,16,108,0,41,21,0,62,76,53,25,16,170,26,16,42,212
12/15/2017,KOA,HI,AWP,WE,Federal Contract Tower,87,17,13,0,117,0,64,35,0,99,87,81,48,0,216,30,1,31,247
12/16/2017,KOA,HI,AWP,WE,Federal Contract Tower,89,24,18,0,131,0,41,20,0,61,89,65,38,0,192,60,0,60,252
12/17/2017,KOA,HI,AWP,WE,Federal Contract Tower,86,14,8,0,108,0,47,32,0,79,86,61,40,0,187,36,0,36,223
12/18/2017,KOA,HI,AWP,WE,Federal Contract Tower,81,8,12,1,102,0,58,41,0,99,81,66,53,1,201,128,0,128,329
12/19/2017,KOA,HI,AWP,WE,Federal Contract Tower,76,28,5,9,118,0,36,3,2,41,76,64,8,11,159,0,36,36,195
12/20/2017,KOA,HI,AWP,WE,Federal Contract Tower,86,28,23,6,143,0,19,6,0,25,86,47,29,6,168,24,0,24,192
12/21/2017,KOA,HI,AWP,WE,Federal Contract Tower,90,17,12,7,126,0,64,65,3,132,90,81,77,10,258,136,24,160,418
12/22/2017,KOA,HI,AWP,WE,Federal Contract Tower,99,15,24,0,138,0,67,42,0,109,99,82,66,0,247,12,0,12,259
12/23/2017,KOA,HI,AWP,WE,Federal Contract Tower,103,18,13,0,134,0,74,40,0,114,103,92,53,0,248,50,0,50,298
12/24/2017,KOA,HI,AWP,WE,Federal Contract Tower,88,8,16,0,112,0,80,24,0,104,88,88,40,0,216,40,0,40,256
12/25/2017,KOA,HI,AWP,WE,Federal Contract Tower,83,8,10,0,101,0,54,14,2,70,83,62,24,2,171,4,4,8,179
12/26/2017,KOA,HI,AWP,WE,Federal Contract Tower,93,20,31,0,144,0,67,23,0,90,93,87,54,0,234,24,0,24,258
12/27/2017,KOA,HI,AWP,WE,Federal Contract Tower,92,33,15,6,146,0,59,65,9,133,92,92,80,15,279,116,8,124,403
12/28/2017,KOA,HI,AWP,WE,Federal Contract Tower,90,20,18,4,132,0,84,68,8,160,90,104,86,12,292,114,22,136,428
12/29/2017,KOA,HI,AWP,WE,Federal Contract Tower,99,19,11,0,129,0,0,9,0,9,99,19,20,0,138,56,0,56,194
12/30/2017,KOA,HI,AWP,WE,Federal Contract Tower,97,17,19,0,133,0,71,58,0,129,97,88,77,0,262,126,0,126,388
12/31/2017,KOA,HI,AWP,WE,Federal Contract Tower,95,9,15,0,119,0,84,22,0,106,95,93,37,0,225,20,0,20,245
01/01/2018,KOA,HI,AWP,WE,Federal Contract Tower,88,23,21,0,132,0,82,34,0,116,88,105,55,0,248,8,0,8,256
01/02/2018,KOA,HI,AWP,WE,Federal Contract Tower,84,31,32,4,151,0,55,54,3,112,84,86,86,7,263,88,6,94,357
01/03/2018,KOA,HI,AWP,WE,Federal Contract Tower,83,21,14,7,125,0,61,37,1,99,83,82,51,8,224,92,6,98,322
01/04/2018,KOA,HI,AWP,WE,Federal Contract Tower,86,14,19,20,139,0,75,41,1,117,86,89,60,21,256,98,20,118,374
01/05/2018,KOA,HI,AWP,WE,Federal Contract Tower,93,21,17,0,131,0,70,48,0,118,93,91,65,0,249,140,0,140,389
01/06/2018,KOA,HI,AWP,WE,Federal Contract Tower,85,20,27,6,138,0,77,41,4,122,85,97,68,10,260,56,18,74,334
01/07/2018,KOA,HI,AWP,WE,Federal Contract Tower,90,13,8,2,113,0,55,27,5,87,90,68,35,7,200,80,8,88,288
01/08/2018,KOA,HI,AWP,WE,Federal Contract Tower,73,21,5,12,111,0,62,50,4,116,73,83,55,16,227,214,24,238,465
01/09/2018,KOA,HI,AWP,WE,Federal Contract Tower,67,15,8,18,108,0,52,77,34,163,67,67,85,52,271,218,80,298,569
01/10/2018,KOA,HI,AWP,WE,Federal Contract Tower,75,20,4,14,113,0,80,80,4,164,75,100,84,18,277,250,4,254,531
01/11/2018,KOA,HI,AWP,WE,Federal Contract Tower,76,10,10,16,112,0,74,66,11,151,76,84,76,27,263,228,92,320,583
01/12/2018,KOA,HI,AWP,WE,Federal Contract Tower,81,16,17,0,114,0,70,67,0,137,81,86,84,0,251,134,22,156,407
01/13/2018,KOA,HI,AWP,WE,Federal Contract Tower,81,23,6,3,113,0,68,34,11,113,81,91,40,14,226,58,32,90,316
01/14/2018,KOA,HI,AWP,WE,Federal Contract Tower,80,13,3,0,96,0,65,28,2,95,80,78,31,2,191,86,0,86,277
01/15/2018,KOA,HI,AWP,WE,Federal Contract Tower,76,16,7,0,99,0,80,88,0,168,76,96,95,0,267,166,0,166,433
01/16/2018,KOA,HI,AWP,WE,Federal Contract Tower,67,15,5,3,90,0,59,59,3,121,67,74,64,6,211,176,0,176,387
01/17/2018,KOA,HI,AWP,WE,Federal Contract Tower,75,19,11,8,113,0,31,44,1,76,75,50,55,9,189,160,8,168,357
01/18/2018,KOA,HI,AWP,WE,Federal Contract Tower,79,13,7,6,105,0,70,57,7,134,79,83,64,13,239,228,6,234,473
01/19/2018,KOA,HI,AWP,WE,Federal Contract Tower,86,22,7,14,129,0,60,44,11,115,86,82,51,25,244,184,66,250,494
01/20/2018,KOA,HI,AWP,WE,Federal Contract Tower,84,15,9,2,110,0,58,30,2,90,84,73,39,4,200,32,32,64,264
01/21/2018,KOA,HI,AWP,WE,Federal Contract Tower,83,16,4,0,103,0,63,32,0,95,83,79,36,0,198,64,0,64,262
01/22/2018,KOA,HI,AWP,WE,Federal Contract Tower,72,21,4,13,110,0,54,78,4,136,72,75,82,17,246,204,38,242,488
01/23/2018,KOA,HI,AWP,WE,Federal Contract Tower,73,20,8,11,112,0,46,43,5,94,73,66,51,16,206,118,16,134,340
01/24/2018,KOA,HI,AWP,WE,Federal Contract Tower,78,16,6,25,125,0,55,39,6,100,78,71,45,31,225,154,36,190,415
01/25/2018,KOA,HI,AWP,WE,Federal Contract Tower,79,18,7,22,126,0,51,55,10,116,79,69,62,32,242,134,56,190,432
01/26/2018,KOA,HI,AWP,WE,Federal Contract Tower,88,21,5,17,131,0,70,37,3,110,88,91,42,20,241,100,0,100,341
01/27/2018,KOA,HI,AWP,WE,Federal Contract Tower,85,40,8,0,133,0,0,0,0,0,85,40,8,0,133,30,0,30,163
01/28/2018,KOA,HI,AWP,WE,Federal Contract Tower,77,14,13,0,104,0,49,29,1,79,77,63,42,1,183,50,0,50,233
01/29/2018,KOA,HI,AWP,WE,Federal Contract Tower,76,14,3,21,114,0,82,69,2,153,76,96,72,23,267,60,12,72,339
01/30/2018,KOA,HI,AWP,WE,Federal Contract Tower,72,16,9,11,108,0,57,41,5,103,72,73,50,16,211,154,10,164,375
01/31/2018,KOA,HI,AWP,WE,Federal Contract Tower,76,20,9,17,122,0,53,25,3,81,76,73,34,20,203,122,10,132,335
02/01/2018,KOA,HI,AWP,WE,Federal Contract Tower,78,14,6,2,100,0,60,30,2,92,78,74,36,4,192,166,34,200,392
02/02/2018,KOA,HI,AWP,WE,Federal Contract Tower,87,11,9,6,113,0,58,51,2,111,87,69,60,8,224,228,0,228,452
02/03/2018,KOA,HI,AWP,WE,Federal Contract Tower,79,21,4,0,104,0,59,21,0,80,79,80,25,0,184,6,0,6,190
02/04/2018,KOA,HI,AWP,WE,Federal Contract Tower,84,20,7,0,111,0,47,21,0,68,84,67,28,0,179,70,0,70,249
02/05/2018,KOA,HI,AWP,WE,Federal Contract Tower,77,29,5,3,114,0,54,69,1,124,77,83,74,4,238,220,8,228,466
02/06/2018,KOA,HI,AWP,WE,Federal Contract Tower,70,12,6,2,90,0,47,50,1,98,70,59,56,3,188,212,16,228,416
02/07/2018,KOA,HI,AWP,WE,Federal Contract Tower,82,16,8,26,132,0,44,48,2,94,82,60,56,28,226,156,4,160,386
02/08/2018,KOA,HI,AWP,WE,Federal Contract Tower,81,17,11,20,129,0,68,47,8,123,81,85,58,28,252,208,22,230,482
02/09/2018,KOA,HI,AWP,WE,Federal Contract Tower,88,16,9,4,117,0,71,35,7,113,88,87,44,11,230,52,8,60,290
02/10/2018,KOA,HI,AWP,WE,Federal Contract Tower,84,12,4,8,108,0,66,35,0,101,84,78,39,8,209,44,8,52,261
02/11/2018,KOA,HI,AWP,WE,Federal Contract Tower,81,9,9,8,107,0,62,32,0,94,81,71,41,8,201,24,0,24,225
02/12/2018,KOA,HI,AWP,WE,Federal Contract Tower,82,10,7,2,101,0,63,66,5,134,82,73,73,7,235,114,0,114,349
02/13/2018,KOA,HI,AWP,WE,Federal Contract Tower,73,21,9,6,109,0,65,73,3,141,73,86,82,9,250,126,42,168,418
02/14/2018,KOA,HI,AWP,WE,Federal Contract Tower,80,18,14,9,121,0,44,57,4,105,80,62,71,13,226,110,54,164,390
02/15/2018,KOA,HI,AWP,WE,Federal Contract Tower,88,45,7,11,151,0,8,4,0,12,88,53,11,11,163,4,14,18,181
02/16/2018,KOA,HI,AWP,WE,Federal Contract Tower,95,48,21,0,164,0,50,50,9,109,95,98,71,9,273,124,0,124,397
02/17/2018,KOA,HI,AWP,WE,Federal Contract Tower,88,19,11,7,125,0,64,17,3,84,88,83,28,10,209,62,26,88,297
02/18/2018,KOA,HI,AWP,WE,Federal Contract Tower,81,23,7,4,115,0,38,23,10,71,81,61,30,14,186,34,0,34,220
02/19/2018,KOA,HI,AWP,WE,Federal Contract Tower,86,11,10,1,108,0,70,78,2,150,86,81,88,3,258,134,22,156,414
02/20/2018,KOA,HI,AWP,WE,Federal Contract Tower,77,16,9,3,105,2,45,61,9,117,79,61,70,12,222,118,2,120,342
02/21/2018,KOA,HI,AWP,WE,Federal Contract Tower,84,11,6,7,108,0,58,46,6,110,84,69,52,13,218,204,12,216,434
02/22/2018,KOA,HI,AWP,WE,Federal Contract Tower,85,19,8,12,124,0,65,44,8,117,85,84,52,20,241,214,80,294,535
02/23/2018,KOA,HI,AWP,WE,Federal Contract Tower,90,15,14,7,126,0,62,54,2,118,90,77,68,9,244,148,0,148,392
02/24/2018,KOA,HI,AWP,WE,Federal Contract Tower,93,27,17,0,137,0,53,27,12,92,93,80,44,12,229,68,14,82,311
02/25/2018,KOA,HI,AWP,WE,Federal Contract Tower,85,17,16,0,118,0,59,32,5,96,85,76,48,5,214,102,0,102,316
02/26/2018,KOA,HI,AWP,WE,Federal Contract Tower,84,19,3,12,118,0,58,57,8,123,84,77,60,20,241,143,0,143,384
02/27/2018,KOA,HI,AWP,WE,Federal Contract Tower,77,14,9,5,105,0,39,41,5,85,77,53,50,10,190,158,34,192,382
02/28/2018,KOA,HI,AWP,WE,Federal Contract Tower,85,13,4,2,104,0,48,47,4,99,85,61,51,6,203,180,0,180,383
03/01/2018,KOA,HI,AWP,WE,Federal Contract Tower,90,18,13,3,124,0,62,62,0,124,90,80,75,3,248,228,14,242,490
03/02/2018,KOA,HI,AWP,WE,Federal Contract Tower,94,15,7,25,141,0,51,57,0,108,94,66,64,25,249,134,0,134,383
03/03/2018,KOA,HI,AWP,WE,Federal Contract Tower,83,19,9,1,112,0,50,28,0,78,83,69,37,1,190,26,0,26,216
03/04/2018,KOA,HI,AWP,WE,Federal Contract Tower,88,14,6,2,110,0,56,40,0,96,88,70,46,2,206,30,0,30,236
03/05/2018,KOA,HI,AWP,WE,Federal Contract Tower,83,17,8,20,128,0,65,65,18,148,83,82,73,38,276,158,36,194,470
03/06/2018,KOA,HI,AWP,WE,Federal Contract Tower,77,9,7,2,95,0,50,59,3,112,77,59,66,5,207,108,16,124,331
03/07/2018,KOA,HI,AWP,WE,Federal Contract Tower,85,11,5,11,112,0,43,57,5,105,85,54,62,16,217,120,48,168,385
03/08/2018,KOA,HI,AWP,WE,Federal Contract Tower,83,17,10,17,127,0,50,39,7,96,83,67,49,24,223,196,34,230,453
03/09/2018,KOA,HI,AWP,WE,Federal Contract Tower,93,12,15,0,120,0,51,41,0,92,93,63,56,0,212,40,0,40,252
03/10/2018,KOA,HI,AWP,WE,Federal Contract Tower,85,14,12,0,111,0,52,24,2,78,85,66,36,2,189,54,0,54,243
03/11/2018,KOA,HI,AWP,WE,Federal Contract Tower,94,6,7,0,107,0,70,22,2,94,94,76,29,2,201,32,0,32,233
03/12/2018,KOA,HI,AWP,WE,Federal Contract Tower,90,28,6,17,141,0,60,67,21,148,90,88,73,38,289,185,36,221,510
03/13/2018,KOA,HI,AWP,WE,Federal Contract Tower,79,21,9,8,117,0,42,51,8,101,79,63,60,16,218,179,36,215,433
03/14/2018,KOA,HI,AWP,WE,Federal Contract Tower,86,21,4,4,115,0,36,48,7,91,86,57,52,11,206,166,56,222,428
03/15/2018,KOA,HI,AWP,WE,Federal Contract Tower,88,11,8,14,121,0,68,58,5,131,88,79,66,19,252,164,32,196,448
03/16/2018,KOA,HI,AWP,WE,Federal Contract Tower,95,18,18,5,136,0,71,69,1,141,95,89,87,6,277,148,0,148,425
03/17/2018,KOA,HI,AWP,WE,Federal Contract Tower,95,16,19,0,130,0,64,43,0,107,95,80,62,0,237,62,0,62,299
03/18/2018,KOA,HI,AWP,WE,Federal Contract Tower,101,23,10,0,134,0,48,26,4,78,101,71,36,4,212,68,0,68,280
03/19/2018,KOA,HI,AWP,WE,Federal Contract Tower,84,20,9,23,136,0,59,46,8,113,84,79,55,31,249,182,34,216,465
03/20/2018,KOA,HI,AWP,WE,Federal Contract Tower,84,9,13,22,128,0,37,69,10,116,84,46,82,32,244,152,16,168,412
03/21/2018,KOA,HI,AWP,WE,Federal Contract Tower,90,13,10,2,115,0,51,73,2,126,90,64,83,4,241,240,2,242,483
03/22/2018,KOA,HI,AWP,WE,Federal Contract Tower,92,13,9,5,119,0,63,48,6,117,92,76,57,11,236,216,4,220,456
03/23/2018,KOA,HI,AWP,WE,Federal Contract Tower,99,19,7,9,134,0,93,81,3,177,99,112,88,12,311,260,22,282,593
03/24/2018,KOA,HI,AWP,WE,Federal Contract Tower,100,39,21,0,160,0,19,6,0,25,100,58,27,0,185,2,0,2,187
03/25/2018,KOA,HI,AWP,WE,Federal Contract Tower,97,9,15,1,122,0,64,39,0,103,97,73,54,1,225,90,0,90,315
03/26/2018,KOA,HI,AWP,WE,Federal Contract Tower,82,39,10,6,137,0,50,36,8,94,82,89,46,14,231,194,8,202,433
03/27/2018,KOA,HI,AWP,WE,Federal Contract Tower,82,8,10,0,100,0,63,88,0,151,82,71,98,0,251,152,0,152,403
03/28/2018,KOA,HI,AWP,WE,Federal Contract Tower,90,14,11,3,118,0,70,89,4,163,90,84,100,7,281,190,36,226,507
03/29/2018,KOA,HI,AWP,WE,Federal Contract Tower,100,11,9,4,124,0,92,114,4,210,100,103,123,8,334,280,30,310,644
03/30/2018,KOA,HI,AWP,WE,Federal Contract Tower,104,18,10,2,134,0,0,0,0,0,104,18,10,2,134,170,4,174,308
03/31/2018,KOA,HI,AWP,WE,Federal Contract Tower,94,17,30,0,141,0,75,42,0,117,94,92,72,0,258,40,0,40,298
04/01/2018,KOA,HI,AWP,WE,Federal Contract Tower,103,17,15,0,135,0,52,26,0,78,103,69,41,0,213,116,0,116,329
04/02/2018,KOA,HI,AWP,WE,Federal Contract Tower,87,28,9,11,135,0,62,66,9,137,87,90,75,20,272,174,38,212,484
04/03/2018,KOA,HI,AWP,WE,Federal Contract Tower,84,11,18,6,119,0,41,62,4,107,84,52,80,10,226,190,26,216,442
04/04/2018,KOA,HI,AWP,WE,Federal Contract Tower,89,20,11,10,130,0,69,63,6,138,89,89,74,16,268,196,20,216,484
04/05/2018,KOA,HI,AWP,WE,Federal Contract Tower,82,14,10,6,112,0,66,71,1,138,82,80,81,7,250,154,6,160,410
04/06/2018,KOA,HI,AWP,WE,Federal Contract Tower,99,30,9,19,157,0,62,59,22,143,99,92,68,41,300,225,46,271,571
04/07/2018,KOA,HI,AWP,WE,Federal Contract Tower,89,30,15,2,136,0,15,7,1,23,89,45,22,3,159,58,0,58,217
04/08/2018,KOA,HI,AWP,WE,Federal Contract Tower,93,25,14,3,135,0,46,18,1,65,93,71,32,4,200,18,0,18,218
04/09/2018,KOA,HI,AWP,WE,Federal Contract Tower,86,29,8,0,123,0,30,52,1,83,86,59,60,1,206,100,0,100,306
04/10/2018,KOA,HI,AWP,WE,Federal Contract Tower,81,11,9,29,130,0,52,63,4,119,81,63,72,33,249,196,0,196,445
04/11/2018,KOA,HI,AWP,WE,Federal Contract Tower,84,20,9,10,123,0,50,50,3,103,84,70,59,13,226,110,24,134,360
04/12/2018,KOA,HI,AWP,WE,Federal Contract Tower,87,13,5,0,105,0,54,31,1,86,87,67,36,1,191,64,0,64,255
04/13/2018,KOA,HI,AWP,WE,Federal Contract Tower,97,13,7,6,123,0,69,79,3,151,97,82,86,9,274,218,16,234,508
04/14/2018,KOA,HI,AWP,WE,Federal Contract Tower,93,18,7,2,120,0,50,20,1,71,93,68,27,3,191,20,0,20,211
04/15/2018,KOA,HI,AWP,WE,Federal Contract Tower,95,13,6,1,115,0,51,22,0,73,95,64,28,1,188,18,0,18,206
04/16/2018,KOA,HI,AWP,WE,Federal Contract Tower,85,15,7,4,111,0,55,85,2,142,85,70,92,6,253,112,6,118,371
04/17/2018,KOA,HI,AWP,WE,Federal Contract Tower,77,10,7,6,100,0,36,50,1,87,77,46,57,7,187,114,0,114,301
04/18/2018,KOA,HI,AWP,WE,Federal Contract Tower,85,7,5,4,101,0,38,64,7,109,85,45,69,11,210,158,22,180,390
04/19/2018,KOA,HI,AWP,WE,Federal Contract Tower,89,11,6,33,139,0,49,58,2,109,89,60,64,35,248,254,20,274,522
04/20/2018,KOA,HI,AWP,WE,Federal Contract Tower,100,7,9,26,142,0,61,77,4,142,100,68,86,30,284,108,26,134,418
04/21/2018,KOA,HI,AWP,WE,Federal Contract Tower,91,15,8,0,114,0,57,45,0,102,91,72,53,0,216,44,0,44,260
04/22/2018,KOA,HI,AWP,WE,Federal Contract Tower,90,6,7,0,103,0,49,43,0,92,90,55,50,0,195,36,0,36,231
04/23/2018,KOA,HI,AWP,WE,Federal Contract Tower,85,8,12,21,126,0,56,51,1,108,85,64,63,22,234,172,8,180,414
04/24/2018,KOA,HI,AWP,WE,Federal Contract Tower,81,17,10,12,120,0,38,54,8,100,81,55,64,20,220,98,22,120,340
04/25/2018,KOA,HI,AWP,WE,Federal Contract Tower,86,9,8,14,117,0,40,48,2,90,86,49,56,16,207,178,38,216,423
04/26/2018,KOA,HI,AWP,WE,Federal Contract Tower,86,17,13,14,130,0,51,47,2,100,86,68,60,16,230,184,70,254,484
04/27/2018,KOA,HI,AWP,WE,Federal Contract Tower,97,11,8,0,116,0,68,52,0,120,97,79,60,0,236,214,0,214,450
04/28/2018,KOA,HI,AWP,WE,Federal Contract Tower,88,36,5,0,129,0,18,33,0,51,88,54,38,0,180,30,0,30,210
04/29/2018,KOA,HI,AWP,WE,Federal Contract Tower,99,39,7,0,145,0,7,4,0,11,99,46,11,0,156,14,0,14,170
04/30/2018,KOA,HI,AWP,WE,Federal Contract Tower,84,26,6,7,123,0,40,68,18,126,84,66,74,25,249,180,0,180,429
05/01/2018,KOA,HI,AWP,WE,Federal Contract Tower,81,6,6,17,110,0,39,57,2,98,81,45,63,19,208,194,32,226,434
05/02/2018,KOA,HI,AWP,WE,Federal Contract Tower,85,7,8,15,115,0,39,59,4,102,85,46,67,19,217,248,42,290,507
05/03/2018,KOA,HI,AWP,WE,Federal Contract Tower,86,17,14,16,133,0,53,36,2,91,86,70,50,18,224,120,56,176,400
05/04/2018,KOA,HI,AWP,WE,Federal Contract Tower,100,16,6,8,130,0,64,46,6,116,100,80,52,14,246,217,0,217,463
05/05/2018,KOA,HI,AWP,WE,Federal Contract Tower,86,18,13,0,117,0,64,43,8,115,86,82,56,8,232,32,0,32,264
05/06/2018,KOA,HI,AWP,WE,Federal Contract Tower,96,19,6,0,121,0,49,34,1,84,96,68,40,1,205,92,0,92,297
05/07/2018,KOA,HI,AWP,WE,Federal Contract Tower,85,24,13,2,124,0,37,40,7,84,85,61,53,9,208,152,0,152,360
05/08/2018,KOA,HI,AWP,WE,Federal Contract Tower,83,16,7,9,115,0,29,78,0,107,83,45,85,9,222,174,0,174,396
05/09/2018,KOA,HI,AWP,WE,Federal Contract Tower,87,9,4,4,104,0,34,20,12,66,87,43,24,16,170,220,0,220,390
05/10/2018,KOA,HI,AWP,WE,Federal Contract Tower,90,28,3,1,122,0,46,64,1,111,90,74,67,2,233,374,0,374,607
05/11/2018,KOA,HI,AWP,WE,Federal Contract Tower,96,4,10,0,110,0,68,72,0,140,96,72,82,0,250,178,0,178,428
05/12/2018,KOA,HI,AWP,WE,Federal Contract Tower,88,12,7,0,107,0,55,29,22,106,88,67,36,22,213,22,0,22,235
05/13/2018,KOA,HI,AWP,WE,Federal Contract Tower,95,6,11,0,112,0,40,27,0,67,95,46,38,0,179,82,0,82,261
05/14/2018,KOA,HI,AWP,WE,Federal Contract Tower,83,6,11,16,116,0,53,61,7,121,83,59,72,23,237,176,8,184,421
05/15/2018,KOA,HI,AWP,WE,Federal Contract Tower,80,7,13,14,114,0,38,48,2,88,80,45,61,16,202,158,0,158,360
05/16/2018,KOA,HI,AWP,WE,Federal Contract Tower,85,8,3,16,112,0,47,49,0,96,85,55,52,16,208,190,0,190,398
05/17/2018,KOA,HI,AWP,WE,Federal Contract Tower,93,20,12,2,127,0,34,36,2,72,93,54,48,4,199,238,0,238,437
05/18/2018,KOA,HI,AWP,WE,Federal Contract Tower,95,5,12,0,112,0,74,67,6,147,95,79,79,6,259,206,0,206,465
05/19/2018,KOA,HI,AWP,WE,Federal Contract Tower,86,10,7,0,103,0,50,28,0,78,86,60,35,0,181,38,0,38,219
05/20/2018,KOA,HI,AWP,WE,Federal Contract Tower,94,19,6,0,119,0,23,27,0,50,94,42,33,0,169,100,0,100,269
05/21/2018,KOA,HI,AWP,WE,Federal Contract Tower,90,13,7,0,110,0,45,50,6,101,90,58,57,6,211,188,0,188,399
05/22/2018,KOA,HI,AWP,WE,Federal Contract Tower,84,10,9,5,108,0,40,87,3,130,84,50,96,8,238,294,26,320,558
05/23/2018,KOA,HI,AWP,WE,Federal Contract Tower,89,7,7,4,107,0,59,70,0,129,89,66,77,4,236,258,0,258,494
05/24/2018,KOA,HI,AWP,WE,Federal Contract Tower,92,12,11,2,117,0,52,62,1,115,92,64,73,3,232,210,14,224,456
05/25/2018,KOA,HI,AWP,WE,Federal Contract Tower,107,9,6,1,123,0,79,70,3,152,107,88,76,4,275,178,0,178,453
05/26/2018,KOA,HI,AWP,WE,Federal Contract Tower,91,14,4,0,109,0,56,35,0,91,91,70,39,0,200,86,0,86,286
05/27/2018,KOA,HI,AWP,WE,Federal Contract Tower,98,21,3,0,122,0,47,24,0,71,98,68,27,0,193,62,0,62,255
05/28/2018,KOA,HI,AWP,WE,Federal Contract Tower,97,18,17,0,132,0,62,73,0,135,97,80,90,0,267,190,0,190,457
05/29/2018,KOA,HI,AWP,WE,Federal Contract Tower,95,30,3,7,135,0,35,30,2,67,95,65,33,9,202,158,10,168,370
05/30/2018,KOA,HI,AWP,WE,Federal Contract Tower,95,14,3,12,124,0,37,71,21,129,95,51,74,33,253,226,28,254,507
05/31/2018,KOA,HI,AWP,WE,Federal Contract Tower,97,12,9,1,119,0,62,47,1,110,97,74,56,2,229,182,0,182,411
06/01/2018,KOA,HI,AWP,WE,Federal Contract Tower,89,18,9,1,117,0,58,55,3,116,89,76,64,4,233,136,0,136,369
06/02/2018,KOA,HI,AWP,WE,Federal Contract Tower,90,17,2,0,109,0,75,36,0,111,90,92,38,0,220,22,0,22,242
06/03/2018,KOA,HI,AWP,WE,Federal Contract Tower,97,11,5,0,113,0,55,32,0,87,97,66,37,0,200,44,0,44,244
06/04/2018,KOA,HI,AWP,WE,Federal Contract Tower,100,5,2,6,113,0,56,49,2,107,100,61,51,8,220,120,6,126,346
06/05/2018,KOA,HI,AWP,WE,Federal Contract Tower,94,6,3,3,106,0,43,61,0,104,94,49,64,3,210,144,6,150,360
06/06/2018,KOA,HI,AWP,WE,Federal Contract Tower,96,11,0,2,109,0,61,66,0,127,96,72,66,2,236,204,0,204,440
06/07/2018,KOA,HI,AWP,WE,Federal Contract Tower,97,14,3,0,114,0,44,48,0,92,97,58,51,0,206,104,0,104,310
06/08/2018,KOA,HI,AWP,WE,Federal Contract Tower,106,12,2,0,120,0,45,58,0,103,106,57,60,0,223,162,0,162,385
06/09/2018,KOA,HI,AWP,WE,Federal Contract Tower,94,20,4,0,118,0,48,45,0,93,94,68,49,0,211,35,0,35,246
06/10/2018,KOA,HI,AWP,WE,Federal Contract Tower,105,10,5,2,122,0,70,31,0,101,105,80,36,2,223,20,4,24,247
06/11/2018,KOA,HI,AWP,WE,Federal Contract Tower,97,9,6,13,125,0,65,87,2,154,97,74,93,15,279,126,14,140,419
06/12/2018,KOA,HI,AWP,WE,Federal Contract Tower,95,7,3,14,119,0,41,38,1,80,95,48,41,15,199,142,0,142,341
06/13/2018,KOA,HI,AWP,WE,Federal Contract Tower,99,6,7,17,129,0,48,71,1,120,99,54,78,18,249,138,28,166,415
06/14/2018,KOA,HI,AWP,WE,Federal Contract Tower,101,14,1,4,120,0,53,47,0,100,101,67,48,4,220,134,0,134,354
06/15/2018,KOA,HI,AWP,WE,Federal Contract Tower,104,17,8,7,136,0,58,41,1,100,104,75,49,8,236,194,0,194,430
06/16/2018,KOA,HI,AWP,WE,Federal Contract Tower,96,12,11,1,120,0,48,34,1,83,96,60,45,2,203,22,12,34,237
06/17/2018,KOA,HI,AWP,WE,Federal Contract Tower,102,9,12,2,125,0,54,26,0,80,102,63,38,2,205,0,0,0,205
06/18/2018,KOA,HI,AWP,WE,Federal Contract Tower,98,11,7,4,120,0,50,60,3,113,98,61,67,7,233,86,10,96,329
06/19/2018,KOA,HI,AWP,WE,Federal Contract Tower,96,8,4,5,113,0,54,53,3,110,96,62,57,8,223,105,10,115,338
06/20/2018,KOA,HI,AWP,WE,Federal Contract Tower,94,11,6,12,123,0,45,50,3,98,94,56,56,15,221,176,18,194,415
06/21/2018,KOA,HI,AWP,WE,Federal Contract Tower,100,10,3,3,116,0,53,43,6,102,100,63,46,9,218,176,8,184,402
06/22/2018,KOA,HI,AWP,WE,Federal Contract Tower,102,6,3,3,114,0,54,45,3,102,102,60,48,6,216,108,6,114,330
06/23/2018,KOA,HI,AWP,WE,Federal Contract Tower,96,4,10,13,123,0,70,24,2,96,96,74,34,15,219,20,0,20,239
06/24/2018,KOA,HI,AWP,WE,Federal Contract Tower,100,5,6,0,111,0,58,18,0,76,100,63,24,0,187,34,0,34,221
06/25/2018,KOA,HI,AWP,WE,Federal Contract Tower,100,9,6,2,117,0,54,54,0,108,100,63,60,2,225,114,0,114,339
06/26/2018,KOA,HI,AWP,WE,Federal Contract Tower,97,10,2,3,112,0,54,28,2,84,97,64,30,5,196,150,8,158,354
06/27/2018,KOA,HI,AWP,WE,Federal Contract Tower,104,19,4,8,135,0,60,36,6,102,104,79,40,14,237,144,6,150,387
06/29/2018,KOA,HI,AWP,WE,Federal Contract Tower,106,10,11,9,136,0,81,49,2,132,106,91,60,11,268,168,0,168,436
06/30/2018,KOA,HI,AWP,WE,Federal Contract Tower,94,12,1,0,107,0,71,38,11,120,94,83,39,11,227,22,0,22,249
07/02/2018,KOA,HI,AWP,WE,Federal Contract Tower,87,27,5,4,123,0,59,56,1,116,87,86,61,5,239,112,6,118,357
07/03/2018,KOA,HI,AWP,WE,Federal Contract Tower,93,9,5,27,134,0,60,45,1,106,93,69,50,28,240,128,40,168,408
07/04/2018,KOA,HI,AWP,WE,Federal Contract Tower,87,2,1,0,90,0,84,48,0,132,87,86,49,0,222,132,0,132,354
07/05/2018,KOA,HI,AWP,WE,Federal Contract Tower,96,9,5,4,114,0,84,53,2,139,96,93,58,6,253,136,20,156,409
07/06/2018,KOA,HI,AWP,WE,Federal Contract Tower,100,7,7,2,116,0,72,85,4,161,100,79,92,6,277,186,4,190,467
07/07/2018,KOA,HI,AWP,WE,Federal Contract Tower,94,23,8,26,151,0,39,15,3,57,94,62,23,29,208,44,18,62,270
07/08/2018,KOA,HI,AWP,WE,Federal Contract Tower,99,11,2,0,112,1,64,30,0,95,100,75,32,0,207,18,0,18,225
07/09/2018,KOA,HI,AWP,WE,Federal Contract Tower,93,11,6,8,118,0,62,55,1,118,93,73,61,9,236,114,38,152,388
07/10/2018,KOA,HI,AWP,WE,Federal Contract Tower,91,13,4,6,114,0,53,51,0,104,91,66,55,6,218,184,0,184,402
07/11/2018,KOA,HI,AWP,WE,Federal Contract Tower,91,13,10,5,119,2,54,71,15,142,93,67,81,20,261,178,0,178,439
07/12/2018,KOA,HI,AWP,WE,Federal Contract Tower,97,23,5,0,125,0,61,80,15,156,97,84,85,15,281,182,0,182,463
07/13/2018,KOA,HI,AWP,WE,Federal Contract Tower,101,14,11,14,140,0,71,103,6,180,101,85,114,20,320,216,12,228,548
07/14/2018,KOA,HI,AWP,WE,Federal Contract Tower,90,16,1,7,114,0,57,39,7,103,90,73,40,14,217,54,2,56,273
07/15/2018,KOA,HI,AWP,WE,Federal Contract Tower,97,14,7,8,126,0,67,49,7,123,97,81,56,15,249,42,8,50,299
07/16/2018,KOA,HI,AWP,WE,Federal Contract Tower,91,9,4,11,115,0,52,58,0,110,91,61,62,11,225,160,0,160,385
07/17/2018,KOA,HI,AWP,WE,Federal Contract Tower,95,15,6,11,127,0,60,46,2,108,95,75,52,13,235,218,6,224,459
07/18/2018,KOA,HI,AWP,WE,Federal Contract Tower,95,13,10,3,121,0,64,71,11,146,95,77,81,14,267,180,18,198,465
07/19/2018,KOA,HI,AWP,WE,Federal Contract Tower,95,8,8,0,111,0,86,69,6,161,95,94,77,6,272,150,0,150,422
07/20/2018,KOA,HI,AWP,WE,Federal Contract Tower,104,9,4,2,119,0,70,76,3,149,104,79,80,5,268,126,2,128,396
07/21/2018,KOA,HI,AWP,WE,Federal Contract Tower,89,15,3,4,111,0,51,43,5,99,89,66,46,9,210,6,0,6,216
07/22/2018,KOA,HI,AWP,WE,Federal Contract Tower,97,10,8,20,135,0,62,39,2,103,97,72,47,22,238,10,78,88,326
07/23/2018,KOA,HI,AWP,WE,Federal Contract Tower,88,10,4,12,114,0,74,60,1,135,88,84,64,13,249,96,2,98,347
07/24/2018,KOA,HI,AWP,WE,Federal Contract Tower,92,10,5,18,125,0,75,51,13,139,92,85,56,31,264,136,8,144,408
07/25/2018,KOA,HI,AWP,WE,Federal Contract Tower,94,8,7,12,121,0,45,39,0,84,94,53,46,12,205,90,4,94,299
07/26/2018,KOA,HI,AWP,WE,Federal Contract Tower,93,14,3,9,119,0,85,80,2,167,93,99,83,11,286,140,26,166,452
07/27/2018,KOA,HI,AWP,WE,Federal Contract Tower,101,13,6,6,126,0,66,73,0,139,101,79,79,6,265,66,20,86,351
07/28/2018,KOA,HI,AWP,WE,Federal Contract Tower,91,12,3,0,106,0,57,36,0,93,91,69,39,0,199,22,0,22,221
07/29/2018,KOA,HI,AWP,WE,Federal Contract Tower,100,7,7,2,116,0,63,31,3,97,100,70,38,5,213,54,0,54,267
07/30/2018,KOA,HI,AWP,WE,Federal Contract Tower,93,11,7,1,112,0,90,61,5,156,93,101,68,6,268,116,20,136,404
07/31/2018,KOA,HI,AWP,WE,Federal Contract Tower,91,6,13,1,111,0,60,36,1,97,91,66,49,2,208,160,0,160,368
08/01/2018,KOA,HI,AWP,WE,Federal Contract Tower,96,9,10,2,117,0,49,35,0,84,96,58,45,2,201,120,0,120,321
08/02/2018,KOA,HI,AWP,WE,Federal Contract Tower,100,10,3,15,128,0,75,49,4,128,100,85,52,19,256,150,30,180,436
08/03/2018,KOA,HI,AWP,WE,Federal Contract Tower,105,13,8,6,132,0,59,58,7,124,105,72,66,13,256,120,14,134,390
08/04/2018,KOA,HI,AWP,WE,Federal Contract Tower,92,13,5,6,116,0,73,42,2,117,92,86,47,8,233,82,0,82,315
08/05/2018,KOA,HI,AWP,WE,Federal Contract Tower,101,5,9,0,115,0,72,41,0,113,101,77,50,0,228,56,0,56,284
08/06/2018,KOA,HI,AWP,WE,Federal Contract Tower,97,8,8,2,115,2,75,77,9,163,99,83,85,11,278,84,24,108,386
08/07/2018,KOA,HI,AWP,WE,Federal Contract Tower,95,14,12,10,131,0,74,39,4,117,95,88,51,14,248,88,16,104,352
08/08/2018,KOA,HI,AWP,WE,Federal Contract Tower,92,19,3,3,117,0,24,14,2,40,92,43,17,5,157,140,8,148,305
08/09/2018,KOA,HI,AWP,WE,Federal Contract Tower,100,20,5,4,129,0,52,35,3,90,100,72,40,7,219,108,8,116,335
08/10/2018,KOA,HI,AWP,WE,Federal Contract Tower,98,14,10,8,130,0,52,48,3,103,98,66,58,11,233,106,12,118,351
08/11/2018,KOA,HI,AWP,WE,Federal Contract Tower,93,14,14,1,122,0,63,37,4,104,93,77,51,5,226,24,0,24,250
08/12/2018,KOA,HI,AWP,WE,Federal Contract Tower,97,9,6,0,112,0,51,33,0,84,97,60,39,0,196,4,0,4,200
08/13/2018,KOA,HI,AWP,WE,Federal Contract Tower,94,9,1,20,124,0,52,33,0,85,94,61,34,20,209,100,22,122,331
08/14/2018,KOA,HI,AWP,WE,Federal Contract Tower,98,15,7,8,128,0,59,31,4,94,98,74,38,12,222,73,14,87,309
08/15/2018,KOA,HI,AWP,WE,Federal Contract Tower,97,16,11,0,124,0,33,50,10,93,97,49,61,10,217,104,0,104,321
08/16/2018,KOA,HI,AWP,WE,Federal Contract Tower,93,15,6,11,125,0,56,63,3,122,93,71,69,14,247,86,2,88,335
08/17/2018,KOA,HI,AWP,WE,Federal Contract Tower,102,9,9,0,120,0,45,74,0,119,102,54,83,0,239,124,0,124,363
08/18/2018,KOA,HI,AWP,WE,Federal Contract Tower,96,10,5,1,112,0,60,53,6,119,96,70,58,7,231,50,2,52,283
08/19/2018,KOA,HI,AWP,WE,Federal Contract Tower,97,15,14,0,126,0,31,20,1,52,97,46,34,1,178,20,2,22,200
08/20/2018,KOA,HI,AWP,WE,Federal Contract Tower,92,11,7,14,124,0,78,75,4,157,92,89,82,18,281,184,4,188,469
08/21/2018,KOA,HI,AWP,WE,Federal Contract Tower,80,19,6,6,111,0,57,36,1,94,80,76,42,7,205,92,8,100,305
08/22/2018,KOA,HI,AWP,WE,Federal Contract Tower,86,22,11,5,124,0,30,21,0,51,86,52,32,5,175,18,0,18,193
08/23/2018,KOA,HI,AWP,WE,Federal Contract Tower,86,13,2,0,101,0,13,0,0,13,86,26,2,0,114,6,0,6,120
08/24/2018,KOA,HI,AWP,WE,Federal Contract Tower,92,13,2,0,107,0,3,0,0,3,92,16,2,0,110,0,0,0,110
08/25/2018,KOA,HI,AWP,WE,Federal Contract Tower,89,16,7,0,112,0,14,11,0,25,89,30,18,0,137,6,0,6,143
08/26/2018,KOA,HI,AWP,WE,Federal Contract Tower,90,9,4,0,103,0,26,20,0,46,90,35,24,0,149,18,0,18,167
08/27/2018,KOA,HI,AWP,WE,Federal Contract Tower,87,15,8,4,114,0,49,42,0,91,87,64,50,4,205,76,0,76,281
08/28/2018,KOA,HI,AWP,WE,Federal Contract Tower,79,10,4,14,107,1,32,42,3,78,80,42,46,17,185,70,32,102,287
08/29/2018,KOA,HI,AWP,WE,Federal Contract Tower,85,7,2,15,109,0,28,42,8,78,85,35,44,23,187,154,12,166,353
08/30/2018,KOA,HI,AWP,WE,Federal Contract Tower,93,18,6,1,118,0,41,37,0,78,93,59,43,1,196,127,8,135,331
08/31/2018,KOA,HI,AWP,WE,Federal Contract Tower,100,13,7,0,120,0,69,74,0,143,100,82,81,0,263,150,0,150,413
09/01/2018,KOA,HI,AWP,WE,Federal Contract Tower,84,10,5,2,101,0,62,45,0,107,84,72,50,2,208,48,0,48,256
09/02/2018,KOA,HI,AWP,WE,Federal Contract Tower,94,3,2,0,99,0,39,34,0,73,94,42,36,0,172,16,0,16,188
09/03/2018,KOA,HI,AWP,WE,Federal Contract Tower,86,9,6,3,104,0,54,35,1,90,86,63,41,4,194,52,0,52,246
09/04/2018,KOA,HI,AWP,WE,Federal Contract Tower,70,14,6,3,93,0,32,31,3,66,70,46,37,6,159,112,12,124,283
09/05/2018,KOA,HI,AWP,WE,Federal Contract Tower,71,7,2,2,82,0,49,31,2,82,71,56,33,4,164,104,0,104,268
09/06/2018,KOA,HI,AWP,WE,Federal Contract Tower,78,11,2,5,96,0,51,13,6,70,78,62,15,11,166,42,22,64,230
09/07/2018,KOA,HI,AWP,WE,Federal Contract Tower,86,13,10,1,110,0,43,55,0,98,86,56,65,1,208,80,0,80,288
09/08/2018,KOA,HI,AWP,WE,Federal Contract Tower,75,7,6,1,89,0,39,37,1,77,75,46,43,2,166,82,0,82,248
09/09/2018,KOA,HI,AWP,WE,Federal Contract Tower,81,5,5,1,92,0,33,17,0,50,81,38,22,1,142,6,0,6,148
09/10/2018,KOA,HI,AWP,WE,Federal Contract Tower,75,8,4,1,88,0,63,51,0,114,75,71,55,1,202,124,8,132,334
09/11/2018,KOA,HI,AWP,WE,Federal Contract Tower,72,22,0,0,94,0,26,34,4,64,72,48,34,4,158,72,0,72,230
09/12/2018,KOA,HI,AWP,WE,Federal Contract Tower,76,21,2,1,100,0,23,29,3,55,76,44,31,4,155,188,0,188,343
09/13/2018,KOA,HI,AWP,WE,Federal Contract Tower,79,18,0,4,101,0,40,49,4,93,79,58,49,8,194,114,8,122,316
09/14/2018,KOA,HI,AWP,WE,Federal Contract Tower,82,11,4,2,99,0,40,60,4,104,82,51,64,6,203,140,0,140,343
09/15/2018,KOA,HI,AWP,WE,Federal Contract Tower,75,10,3,15,103,0,43,34,5,82,75,53,37,20,185,34,20,54,239
09/16/2018,KOA,HI,AWP,WE,Federal Contract Tower,76,3,6,0,85,0,34,21,9,64,76,37,27,9,149,22,0,22,171
09/17/2018,KOA,HI,AWP,WE,Federal Contract Tower,77,11,12,12,112,0,41,37,0,78,77,52,49,12,190,102,0,102,292
09/18/2018,KOA,HI,AWP,WE,Federal Contract Tower,73,8,4,10,95,0,35,45,1,81,73,43,49,11,176,114,0,114,290
09/19/2018,KOA,HI,AWP,WE,Federal Contract Tower,78,7,3,11,99,0,51,53,4,108,78,58,56,15,207,122,8,130,337
09/20/2018,KOA,HI,AWP,WE,Federal Contract Tower,74,10,3,6,93,0,38,47,5,90,74,48,50,11,183,188,18,206,389
09/21/2018,KOA,HI,AWP,WE,Federal Contract Tower,86,12,2,6,106,0,37,58,2,97,86,49,60,8,203,54,4,58,261
09/23/2018,KOA,HI,AWP,WE,Federal Contract Tower,83,13,5,0,101,0,33,21,4,58,83,46,26,4,159,38,0,38,197
09/24/2018,KOA,HI,AWP,WE,Federal Contract Tower,74,10,4,6,94,0,39,44,6,89,74,49,48,12,183,75,16,91,274
09/25/2018,KOA,HI,AWP,WE,Federal Contract Tower,71,10,2,18,101,0,36,32,3,71,71,46,34,21,172,66,22,88,260
09/26/2018,KOA,HI,AWP,WE,Federal Contract Tower,74,11,2,5,92,0,30,16,2,48,74,41,18,7,140,34,48,82,222
09/27/2018,KOA,HI,AWP,WE,Federal Contract Tower,75,24,1,2,102,0,39,23,0,62,75,63,24,2,164,166,6,172,336
09/28/2018,KOA,HI,AWP,WE,Federal Contract Tower,85,11,5,1,102,0,39,48,1,88,85,50,53,2,190,122,0,122,312
09/29/2018,KOA,HI,AWP,WE,Federal Contract Tower,73,9,4,0,86,0,32,39,0,71,73,41,43,0,157,32,0,32,189
09/30/2018,KOA,HI,AWP,WE,Federal Contract Tower,79,7,2,0,88,0,35,25,2,62,79,42,27,2,150,32,16,48,198
10/01/2018,KOA,HI,AWP,WE,Federal Contract Tower,80,11,6,3,100,0,39,24,1,64,80,50,30,4,164,98,24,122,286
10/02/2018,KOA,HI,AWP,WE,Federal Contract Tower,79,12,0,3,94,0,39,34,1,74,79,51,34,4,168,120,8,128,296
10/03/2018,KOA,HI,AWP,WE,Federal Contract Tower,82,9,8,7,106,0,53,60,5,118,82,62,68,12,224,182,4,186,410
10/04/2018,KOA,HI,AWP,WE,Federal Contract Tower,84,6,3,8,101,0,52,51,7,110,84,58,54,15,211,132,14,146,357
10/05/2018,KOA,HI,AWP,WE,Federal Contract Tower,89,12,7,5,113,0,52,57,1,110,89,64,64,6,223,98,0,98,321
10/06/2018,KOA,HI,AWP,WE,Federal Contract Tower,80,7,9,8,104,0,44,27,1,72,80,51,36,9,176,14,26,40,216
10/07/2018,KOA,HI,AWP,WE,Federal Contract Tower,86,9,8,2,105,0,30,21,4,55,86,39,29,6,160,0,0,0,160
10/08/2018,KOA,HI,AWP,WE,Federal Contract Tower,77,8,9,0,94,0,46,38,1,85,77,54,47,1,179,136,0,136,315
10/09/2018,KOA,HI,AWP,WE,Federal Contract Tower,79,9,3,9,100,0,46,39,2,87,79,55,42,11,187,92,0,92,279
10/10/2018,KOA,HI,AWP,WE,Federal Contract Tower,81,11,8,5,105,0,58,59,5,122,81,69,67,10,227,150,10,160,387
10/11/2018,KOA,HI,AWP,WE,Federal Contract Tower,84,9,11,12,116,0,47,58,1,106,84,56,69,13,222,130,40,170,392
10/12/2018,KOA,HI,AWP,WE,Federal Contract Tower,86,22,7,7,122,0,56,64,4,124,86,78,71,11,246,88,28,116,362
10/13/2018,KOA,HI,AWP,WE,Federal Contract Tower,78,10,9,7,104,0,31,10,7,48,78,41,19,14,152,6,0,6,158
10/14/2018,KOA,HI,AWP,WE,Federal Contract Tower,89,9,11,0,109,0,51,40,5,96,89,60,51,5,205,42,0,42,247
10/15/2018,KOA,HI,AWP,WE,Federal Contract Tower,92,15,3,1,111,0,53,38,2,93,92,68,41,3,204,98,0,98,302
10/16/2018,KOA,HI,AWP,WE,Federal Contract Tower,76,10,4,10,100,0,44,36,3,83,76,54,40,13,183,184,20,204,387
10/17/2018,KOA,HI,AWP,WE,Federal Contract Tower,78,8,4,10,100,0,41,34,4,79,78,49,38,14,179,92,6,98,277
10/18/2018,KOA,HI,AWP,WE,Federal Contract Tower,86,23,7,21,137,0,42,59,7,108,86,65,66,28,245,145,18,163,408
10/19/2018,KOA,HI,AWP,WE,Federal Contract Tower,85,15,9,0,109,0,37,44,0,81,85,52,53,0,190,176,0,176,366
10/20/2018,KOA,HI,AWP,WE,Federal Contract Tower,79,6,7,1,93,0,41,29,0,70,79,47,36,1,163,46,4,50,213
10/21/2018,KOA,HI,AWP,WE,Federal Contract Tower,84,10,10,0,104,0,50,25,0,75,84,60,35,0,179,12,0,12,191
10/22/2018,KOA,HI,AWP,WE,Federal Contract Tower,77,8,9,7,101,0,42,42,6,90,77,50,51,13,191,46,14,60,251
10/23/2018,KOA,HI,AWP,WE,Federal Contract Tower,76,11,5,1,93,0,43,37,4,84,76,54,42,5,177,110,10,120,297
10/24/2018,KOA,HI,AWP,WE,Federal Contract Tower,79,12,7,2,100,0,30,37,1,68,79,42,44,3,168,106,24,130,298
10/25/2018,KOA,HI,AWP,WE,Federal Contract Tower,80,14,6,2,102,0,52,45,0,97,80,66,51,2,199,84,0,84,283
10/26/2018,KOA,HI,AWP,WE,Federal Contract Tower,84,17,5,0,106,0,44,42,6,92,84,61,47,6,198,56,0,56,254
10/27/2018,KOA,HI,AWP,WE,Federal Contract Tower,74,7,3,2,86,0,39,19,4,62,74,46,22,6,148,26,18,44,192
10/28/2018,KOA,HI,AWP,WE,Federal Contract Tower,85,6,8,2,101,0,30,25,2,57,85,36,33,4,158,52,0,52,210
10/29/2018,KOA,HI,AWP,WE,Federal Contract Tower,80,16,5,15,116,0,46,37,3,86,80,62,42,18,202,101,30,131,333
10/30/2018,KOA,HI,AWP,WE,Federal Contract Tower,80,19,5,5,109,0,28,26,1,55,80,47,31,6,164,72,2,74,238
10/31/2018,KOA,HI,AWP,WE,Federal Contract Tower,68,14,2,15,99,0,32,37,1,70,68,46,39,16,169,90,10,100,269
11/01/2018,KOA,HI,AWP,WE,Federal Contract Tower,89,16,10,15,130,0,52,52,13,117,89,68,62,28,247,110,50,160,407
11/02/2018,KOA,HI,AWP,WE,Federal Contract Tower,84,12,9,5,110,0,44,58,1,103,84,56,67,6,213,112,0,112,325
11/03/2018,KOA,HI,AWP,WE,Federal Contract Tower,77,9,6,12,104,0,26,29,4,59,77,35,35,16,163,20,0,20,183
11/04/2018,KOA,HI,AWP,WE,Federal Contract Tower,83,11,8,6,108,0,33,22,0,55,83,44,30,6,163,18,0,18,181
11/05/2018,KOA,HI,AWP,WE,Federal Contract Tower,79,19,8,12,118,0,41,45,0,86,79,60,53,12,204,86,0,86,290
11/06/2018,KOA,HI,AWP,WE,Federal Contract Tower,74,12,7,6,99,0,46,35,5,86,74,58,42,11,185,104,24,128,313
11/07/2018,KOA,HI,AWP,WE,Federal Contract Tower,80,9,7,11,107,0,31,27,2,60,80,40,34,13,167,90,14,104,271
11/08/2018,KOA,HI,AWP,WE,Federal Contract Tower,85,9,6,8,108,0,45,51,7,103,85,54,57,15,211,50,46,96,307
11/09/2018,KOA,HI,AWP,WE,Federal Contract Tower,84,11,7,8,110,0,40,44,0,84,84,51,51,8,194,106,0,106,300
11/10/2018,KOA,HI,AWP,WE,Federal Contract Tower,86,17,4,12,119,0,25,5,2,32,86,42,9,14,151,18,20,38,189
11/11/2018,KOA,HI,AWP,WE,Federal Contract Tower,87,9,8,4,108,0,44,10,0,54,87,53,18,4,162,10,0,10,172
11/12/2018,KOA,HI,AWP,WE,Federal Contract Tower,79,12,7,0,98,0,46,55,0,101,79,58,62,0,199,88,0,88,287
11/13/2018,KOA,HI,AWP,WE,Federal Contract Tower,81,12,3,1,97,0,58,47,10,115,81,70,50,11,212,80,6,86,298
11/14/2018,KOA,HI,AWP,WE,Federal Contract Tower,83,17,7,15,122,0,38,58,11,107,83,55,65,26,229,116,38,154,383
11/15/2018,KOA,HI,AWP,WE,Federal Contract Tower,86,9,7,3,105,0,39,47,8,94,86,48,54,11,199,100,24,124,323
11/16/2018,KOA,HI,AWP,WE,Federal Contract Tower,94,18,15,9,136,0,55,47,2,104,94,73,62,11,240,138,16,154,394
11/17/2018,KOA,HI,AWP,WE,Federal Contract Tower,87,25,17,0,129,0,39,32,0,71,87,64,49,0,200,49,0,49,249
11/19/2018,KOA,HI,AWP,WE,Federal Contract Tower,90,9,10,13,122,1,49,40,2,92,91,58,50,15,214,170,0,170,384
11/20/2018,KOA,HI,AWP,WE,Federal Contract Tower,83,12,12,28,135,0,40,37,3,80,83,52,49,31,215,170,2,172,387
11/21/2018,KOA,HI,AWP,WE,Federal Contract Tower,91,11,10,21,133,0,70,80,4,154,91,81,90,25,287,260,8,268,555
11/22/2018,KOA,HI,AWP,WE,Federal Contract Tower,85,9,4,0,98,0,59,43,0,102,85,68,47,0,200,182,0,182,382
11/23/2018,KOA,HI,AWP,WE,Federal Contract Tower,90,11,6,0,107,0,48,67,0,115,90,59,73,0,222,180,0,180,402
11/24/2018,KOA,HI,AWP,WE,Federal Contract Tower,85,18,20,0,123,0,64,33,0,97,85,82,53,0,220,64,0,64,284
11/25/2018,KOA,HI,AWP,WE,Federal Contract Tower,92,21,15,0,128,0,51,32,0,83,92,72,47,0,211,32,0,32,243
11/26/2018,KOA,HI,AWP,WE,Federal Contract Tower,89,14,10,0,113,0,49,29,2,80,89,63,39,2,193,206,0,206,399
11/27/2018,KOA,HI,AWP,WE,Federal Contract Tower,83,10,13,4,110,0,42,58,1,101,83,52,71,5,211,154,12,166,377
11/28/2018,KOA,HI,AWP,WE,Federal Contract Tower,78,10,8,7,103,0,33,60,4,97,78,43,68,11,200,134,18,152,352
11/29/2018,KOA,HI,AWP,WE,Federal Contract Tower,84,11,6,12,113,0,37,49,3,89,84,48,55,15,202,164,32,196,398
11/30/2018,KOA,HI,AWP,WE,Federal Contract Tower,84,6,8,14,112,0,49,56,0,105,84,55,64,14,217,135,8,143,360
12/01/2018,KOA,HI,AWP,WE,Federal Contract Tower,81,13,6,5,105,0,43,24,5,72,81,56,30,10,177,60,18,78,255
12/02/2018,KOA,HI,AWP,WE,Federal Contract Tower,86,9,3,0,98,0,46,31,2,79,86,55,34,2,177,46,0,46,223
12/03/2018,KOA,HI,AWP,WE,Federal Contract Tower,80,6,7,16,109,0,43,39,1,83,80,49,46,17,192,95,34,129,321
12/04/2018,KOA,HI,AWP,WE,Federal Contract Tower,80,9,5,10,104,0,33,44,7,84,80,42,49,17,188,98,10,108,296
12/05/2018,KOA,HI,AWP,WE,Federal Contract Tower,78,9,2,0,89,0,43,50,1,94,78,52,52,1,183,162,2,164,347
12/06/2018,KOA,HI,AWP,WE,Federal Contract Tower,88,8,1,1,98,0,0,0,0,0,88,8,1,1,98,126,6,132,230
12/07/2018,KOA,HI,AWP,WE,Federal Contract Tower,83,8,8,4,103,0,38,53,5,96,83,46,61,9,199,184,0,184,383
12/08/2018,KOA,HI,AWP,WE,Federal Contract Tower,81,5,7,3,96,0,53,24,0,77,81,58,31,3,173,44,0,44,217
12/09/2018,KOA,HI,AWP,WE,Federal Contract Tower,84,11,6,0,101,0,37,22,0,59,84,48,28,0,160,60,0,60,220
12/10/2018,KOA,HI,AWP,WE,Federal Contract Tower,82,7,9,22,120,0,51,60,0,111,82,58,69,22,231,188,20,208,439
12/11/2018,KOA,HI,AWP,WE,Federal Contract Tower,84,14,7,10,115,0,26,42,13,81,84,40,49,23,196,120,32,152,348
12/12/2018,KOA,HI,AWP,WE,Federal Contract Tower,85,8,9,5,107,0,27,43,2,72,85,35,52,7,179,122,30,152,331
12/13/2018,KOA,HI,AWP,WE,Federal Contract Tower,93,11,7,0,111,0,36,44,8,88,93,47,51,8,199,160,20,180,379
12/14/2018,KOA,HI,AWP,WE,Federal Contract Tower,85,7,4,2,98,0,56,54,2,112,85,63,58,4,210,114,0,114,324
12/15/2018,KOA,HI,AWP,WE,Federal Contract Tower,89,10,10,0,109,0,48,16,0,64,89,58,26,0,173,24,0,24,197
12/16/2018,KOA,HI,AWP,WE,Federal Contract Tower,85,8,7,2,102,0,57,14,0,71,85,65,21,2,173,0,0,0,173
12/17/2018,KOA,HI,AWP,WE,Federal Contract Tower,82,12,8,3,105,0,34,42,0,76,82,46,50,3,181,124,20,144,325
12/18/2018,KOA,HI,AWP,WE,Federal Contract Tower,86,9,6,2,103,0,37,56,2,95,86,46,62,4,198,126,0,126,324
12/19/2018,KOA,HI,AWP,WE,Federal Contract Tower,93,18,8,4,123,0,33,32,2,67,93,51,40,6,190,88,0,88,278
12/20/2018,KOA,HI,AWP,WE,Federal Contract Tower,91,6,5,6,108,0,45,56,3,104,91,51,61,9,212,114,12,126,338
12/21/2018,KOA,HI,AWP,WE,Federal Contract Tower,98,9,13,9,129,0,46,48,6,100,98,55,61,15,229,52,18,70,299
12/22/2018,KOA,HI,AWP,WE,Federal Contract Tower,92,5,20,0,117,0,29,39,0,68,92,34,59,0,185,20,0,20,205
12/23/2018,KOA,HI,AWP,WE,Federal Contract Tower,97,10,14,0,121,0,39,28,0,67,97,49,42,0,188,22,0,22,210
12/24/2018,KOA,HI,AWP,WE,Federal Contract Tower,93,12,10,2,117,0,29,35,0,64,93,41,45,2,181,80,2,82,263
12/25/2018,KOA,HI,AWP,WE,Federal Contract Tower,90,18,3,0,111,0,22,12,0,34,90,40,15,0,145,10,0,10,155
12/26/2018,KOA,HI,AWP,WE,Federal Contract Tower,97,19,32,6,154,0,67,29,1,97,97,86,61,7,251,94,4,98,349
12/28/2018,KOA,HI,AWP,WE,Federal Contract Tower,104,17,14,4,139,0,45,59,7,111,104,62,73,11,250,124,22,146,396
12/29/2018,KOA,HI,AWP,WE,Federal Contract Tower,93,12,18,2,125,0,83,38,0,121,93,95,56,2,246,58,0,58,304
12/30/2018,KOA,HI,AWP,WE,Federal Contract Tower,97,13,16,0,126,0,61,42,0,103,97,74,58,0,229,64,0,64,293
12/31/2018,KOA,HI,AWP,WE,Federal Contract Tower,95,10,11,0,116,0,60,56,0,116,95,70,67,0,232,206,0,206,438
01/01/2019,KOA,HI,AWP,WE,Federal Contract Tower,86,12,17,0,115,0,54,36,0,90,86,66,53,0,205,110,0,110,315
01/03/2019,KOA,HI,AWP,WE,Federal Contract Tower,93,10,26,35,164,0,59,27,9,95,93,69,53,44,259,42,78,120,379
01/04/2019,KOA,HI,AWP,WE,Federal Contract Tower,96,18,23,6,143,0,55,56,0,111,96,73,79,6,254,136,0,136,390
01/05/2019,KOA,HI,AWP,WE,Federal Contract Tower,87,17,20,0,124,0,49,38,2,89,87,66,58,2,213,50,0,50,263
01/06/2019,KOA,HI,AWP,WE,Federal Contract Tower,92,14,18,0,124,0,46,22,0,68,92,60,40,0,192,116,0,116,308
01/07/2019,KOA,HI,AWP,WE,Federal Contract Tower,79,13,5,4,101,0,61,58,4,123,79,74,63,8,224,175,0,175,399
01/08/2019,KOA,HI,AWP,WE,Federal Contract Tower,76,16,9,21,122,0,55,58,8,121,76,71,67,29,243,176,124,300,543
01/09/2019,KOA,HI,AWP,WE,Federal Contract Tower,79,14,11,11,115,0,62,78,8,148,79,76,89,19,263,142,78,220,483
01/10/2019,KOA,HI,AWP,WE,Federal Contract Tower,81,9,9,8,107,0,54,63,2,119,81,63,72,10,226,158,20,178,404
01/11/2019,KOA,HI,AWP,WE,Federal Contract Tower,81,21,5,4,111,0,57,73,1,131,81,78,78,5,242,144,20,164,406
01/12/2019,KOA,HI,AWP,WE,Federal Contract Tower,85,8,9,3,105,0,52,41,4,97,85,60,50,7,202,12,10,22,224
01/13/2019,KOA,HI,AWP,WE,Federal Contract Tower,89,7,11,0,107,0,41,26,0,67,89,48,37,0,174,28,2,30,204
01/14/2019,KOA,HI,AWP,WE,Federal Contract Tower,72,11,11,8,102,0,54,70,0,124,72,65,81,8,226,120,2,122,348
01/15/2019,KOA,HI,AWP,WE,Federal Contract Tower,67,16,10,3,96,1,41,53,3,98,68,57,63,6,194,128,22,150,344
01/16/2019,KOA,HI,AWP,WE,Federal Contract Tower,72,24,9,0,105,0,50,70,4,124,72,74,79,4,229,148,4,152,381
01/17/2019,KOA,HI,AWP,WE,Federal Contract Tower,83,24,10,12,129,0,60,41,8,109,83,84,51,20,238,108,34,142,380
01/18/2019,KOA,HI,AWP,WE,Federal Contract Tower,86,13,12,21,132,0,51,36,5,92,86,64,48,26,224,218,36,254,478
01/19/2019,KOA,HI,AWP,WE,Federal Contract Tower,79,9,16,16,120,0,55,50,4,109,79,64,66,20,229,116,10,126,355
01/20/2019,KOA,HI,AWP,WE,Federal Contract Tower,81,4,7,0,92,0,48,50,0,98,81,52,57,0,190,58,0,58,248
01/21/2019,KOA,HI,AWP,WE,Federal Contract Tower,77,11,9,0,97,0,58,56,1,115,77,69,65,1,212,204,0,204,416
01/22/2019,KOA,HI,AWP,WE,Federal Contract Tower,69,11,15,4,99,0,46,46,8,100,69,57,61,12,199,176,12,188,387
01/23/2019,KOA,HI,AWP,WE,Federal Contract Tower,72,12,7,6,97,0,39,37,5,81,72,51,44,11,178,190,16,206,384
01/24/2019,KOA,HI,AWP,WE,Federal Contract Tower,80,13,22,7,122,0,61,66,0,127,80,74,88,7,249,142,10,152,401
01/25/2019,KOA,HI,AWP,WE,Federal Contract Tower,84,16,10,2,112,0,52,71,0,123,84,68,81,2,235,170,0,170,405
01/26/2019,KOA,HI,AWP,WE,Federal Contract Tower,80,15,8,0,103,0,43,30,2,75,80,58,38,2,178,42,0,42,220
01/27/2019,KOA,HI,AWP,WE,Federal Contract Tower,82,9,9,2,102,0,52,16,0,68,82,61,25,2,170,18,0,18,188
01/28/2019,KOA,HI,AWP,WE,Federal Contract Tower,77,8,2,10,97,0,37,19,11,67,77,45,21,21,164,66,20,86,250
01/29/2019,KOA,HI,AWP,WE,Federal Contract Tower,70,12,3,13,98,0,38,52,1,91,70,50,55,14,189,44,62,106,295
01/30/2019,KOA,HI,AWP,WE,Federal Contract Tower,70,15,6,2,93,0,45,39,6,90,70,60,45,8,183,156,12,168,351
01/31/2019,KOA,HI,AWP,WE,Federal Contract Tower,77,29,8,9,123,0,44,19,3,66,77,73,27,12,189,124,0,124,313
02/01/2019,KOA,HI,AWP,WE,Federal Contract Tower,84,15,2,6,107,0,41,56,0,97,84,56,58,6,204,176,0,176,380
02/02/2019,KOA,HI,AWP,WE,Federal Contract Tower,80,24,11,0,115,0,23,16,0,39,80,47,27,0,154,28,0,28,182
02/03/2019,KOA,HI,AWP,WE,Federal Contract Tower,80,11,17,0,108,0,49,25,0,74,80,60,42,0,182,48,0,48,230
02/04/2019,KOA,HI,AWP,WE,Federal Contract Tower,79,9,11,10,109,0,54,39,3,96,79,63,50,13,205,76,12,88,293
02/05/2019,KOA,HI,AWP,WE,Federal Contract Tower,70,11,9,10,100,0,38,36,9,83,70,49,45,19,183,108,8,116,299
02/06/2019,KOA,HI,AWP,WE,Federal Contract Tower,73,9,7,39,128,0,30,42,0,72,73,39,49,39,200,116,38,154,354
02/07/2019,KOA,HI,AWP,WE,Federal Contract Tower,79,10,4,7,100,0,53,36,15,104,79,63,40,22,204,134,36,170,374
02/08/2019,KOA,HI,AWP,WE,Federal Contract Tower,79,9,5,0,93,0,65,57,6,128,79,74,62,6,221,106,0,106,327
02/09/2019,KOA,HI,AWP,WE,Federal Contract Tower,80,10,3,10,103,0,83,36,10,129,80,93,39,20,232,32,12,44,276
02/10/2019,KOA,HI,AWP,WE,Federal Contract Tower,83,24,5,0,112,0,11,2,0,13,83,35,7,0,125,4,0,4,129
02/11/2019,KOA,HI,AWP,WE,Federal Contract Tower,74,13,4,18,109,0,69,68,1,138,74,82,72,19,247,128,10,138,385
02/12/2019,KOA,HI,AWP,WE,Federal Contract Tower,71,8,8,7,94,0,58,54,11,123,71,66,62,18,217,150,14,164,381
02/13/2019,KOA,HI,AWP,WE,Federal Contract Tower,76,16,6,2,100,0,50,42,4,96,76,66,48,6,196,80,10,90,286
02/14/2019,KOA,HI,AWP,WE,Federal Contract Tower,74,10,10,5,99,0,54,30,4,88,74,64,40,9,187,74,26,100,287
02/15/2019,KOA,HI,AWP,WE,Federal Contract Tower,86,17,11,2,116,0,56,29,5,90,86,73,40,7,206,50,0,50,256
02/16/2019,KOA,HI,AWP,WE,Federal Contract Tower,86,12,11,0,109,0,48,41,0,89,86,60,52,0,198,40,0,40,238
02/17/2019,KOA,HI,AWP,WE,Federal Contract Tower,86,10,11,0,107,0,37,13,1,51,86,47,24,1,158,28,0,28,186
02/18/2019,KOA,HI,AWP,WE,Federal Contract Tower,80,14,12,0,106,0,44,34,0,78,80,58,46,0,184,97,0,97,281
02/19/2019,KOA,HI,AWP,WE,Federal Contract Tower,76,39,10,9,134,0,0,8,2,10,76,39,18,11,144,8,8,16,160
02/20/2019,KOA,HI,AWP,WE,Federal Contract Tower,76,15,7,14,112,0,39,20,7,66,76,54,27,21,178,74,20,94,272
02/21/2019,KOA,HI,AWP,WE,Federal Contract Tower,82,15,8,4,109,0,43,33,0,76,82,58,41,4,185,92,10,102,287
02/22/2019,KOA,HI,AWP,WE,Federal Contract Tower,78,10,11,11,110,0,70,56,3,129,78,80,67,14,239,168,14,182,421
02/23/2019,KOA,HI,AWP,WE,Federal Contract Tower,85,16,10,0,111,0,48,39,2,89,85,64,49,2,200,86,18,104,304
02/24/2019,KOA,HI,AWP,WE,Federal Contract Tower,84,8,8,0,100,0,46,19,2,67,84,54,27,2,167,22,10,32,199
02/25/2019,KOA,HI,AWP,WE,Federal Contract Tower,76,10,4,20,110,0,51,38,1,90,76,61,42,21,200,114,28,142,342
02/26/2019,KOA,HI,AWP,WE,Federal Contract Tower,74,18,8,2,102,0,39,40,4,83,74,57,48,6,185,54,12,66,251
02/27/2019,KOA,HI,AWP,WE,Federal Contract Tower,79,12,10,0,101,0,36,25,0,61,79,48,35,0,162,44,0,44,206
02/28/2019,KOA,HI,AWP,WE,Federal Contract Tower,87,13,7,3,110,0,56,52,0,108,87,69,59,3,218,112,8,120,338
03/01/2019,KOA,HI,AWP,WE,Federal Contract Tower,84,14,5,5,108,0,47,84,3,134,84,61,89,8,242,220,24,244,486
03/02/2019,KOA,HI,AWP,WE,Federal Contract Tower,82,10,10,0,102,0,45,45,2,92,82,55,55,2,194,64,0,64,258
03/03/2019,KOA,HI,AWP,WE,Federal Contract Tower,81,11,6,1,99,0,48,20,1,69,81,59,26,2,168,14,0,14,182
03/04/2019,KOA,HI,AWP,WE,Federal Contract Tower,81,11,9,7,108,0,41,46,0,87,81,52,55,7,195,58,0,58,253
03/05/2019,KOA,HI,AWP,WE,Federal Contract Tower,74,10,10,2,96,0,44,68,0,112,74,54,78,2,208,74,0,74,282
03/06/2019,KOA,HI,AWP,WE,Federal Contract Tower,80,14,8,4,106,0,23,59,0,82,80,37,67,4,188,112,16,128,316
03/07/2019,KOA,HI,AWP,WE,Federal Contract Tower,80,12,4,31,127,0,46,46,3,95,80,58,50,34,222,202,14,216,438
03/08/2019,KOA,HI,AWP,WE,Federal Contract Tower,84,12,7,0,103,0,53,60,0,113,84,65,67,0,216,184,0,184,400
03/09/2019,KOA,HI,AWP,WE,Federal Contract Tower,88,8,14,3,113,0,57,40,4,101,88,65,54,7,214,40,20,60,274
03/10/2019,KOA,HI,AWP,WE,Federal Contract Tower,88,14,8,0,110,0,47,30,0,77,88,61,38,0,187,60,0,60,247
03/11/2019,KOA,HI,AWP,WE,Federal Contract Tower,82,13,11,9,115,0,56,67,12,135,82,69,78,21,250,168,52,220,470
03/12/2019,KOA,HI,AWP,WE,Federal Contract Tower,76,12,4,6,98,0,50,37,8,95,76,62,41,14,193,188,28,216,409
03/13/2019,KOA,HI,AWP,WE,Federal Contract Tower,76,13,16,8,113,0,42,62,0,104,76,55,78,8,217,140,0,140,357
03/14/2019,KOA,HI,AWP,WE,Federal Contract Tower,83,8,9,14,114,0,67,65,1,133,83,75,74,15,247,148,8,156,403
03/15/2019,KOA,HI,AWP,WE,Federal Contract Tower,96,8,10,4,118,0,52,71,10,133,96,60,81,14,251,118,28,146,397
03/16/2019,KOA,HI,AWP,WE,Federal Contract Tower,90,14,3,0,107,0,77,53,2,132,90,91,56,2,239,64,0,64,303
03/17/2019,KOA,HI,AWP,WE,Federal Contract Tower,91,17,7,0,115,0,52,39,2,93,91,69,46,2,208,76,0,76,284
03/18/2019,KOA,HI,AWP,WE,Federal Contract Tower,86,10,8,9,113,0,67,93,10,170,86,77,101,19,283,192,24,216,499
03/20/2019,KOA,HI,AWP,WE,Federal Contract Tower,87,9,9,31,136,0,55,76,4,135,87,64,85,35,271,208,12,220,491
03/21/2019,KOA,HI,AWP,WE,Federal Contract Tower,85,10,5,26,126,0,63,60,4,127,85,73,65,30,253,212,0,212,465
03/22/2019,KOA,HI,AWP,WE,Federal Contract Tower,97,8,13,0,118,0,50,64,0,114,97,58,77,0,232,186,0,186,418
03/23/2019,KOA,HI,AWP,WE,Federal Contract Tower,90,9,12,2,113,0,91,50,3,144,90,100,62,5,257,62,0,62,319
03/24/2019,KOA,HI,AWP,WE,Federal Contract Tower,99,10,17,2,128,0,63,30,2,95,99,73,47,4,223,56,0,56,279
03/25/2019,KOA,HI,AWP,WE,Federal Contract Tower,86,13,12,1,112,0,74,79,16,169,86,87,91,17,281,144,22,166,447
03/26/2019,KOA,HI,AWP,WE,Federal Contract Tower,77,6,7,12,102,0,53,58,5,116,77,59,65,17,218,118,50,168,386
03/27/2019,KOA,HI,AWP,WE,Federal Contract Tower,81,12,16,9,118,0,37,35,4,76,81,49,51,13,194,138,6,144,338
03/28/2019,KOA,HI,AWP,WE,Federal Contract Tower,81,7,13,5,106,0,0,0,0,0,81,7,13,5,106,138,18,156,262
03/29/2019,KOA,HI,AWP,WE,Federal Contract Tower,91,16,10,1,118,0,78,79,11,168,91,94,89,12,286,268,0,268,554
03/30/2019,KOA,HI,AWP,WE,Federal Contract Tower,87,10,16,1,114,0,54,31,15,100,87,64,47,16,214,18,0,18,232
03/31/2019,KOA,HI,AWP,WE,Federal Contract Tower,86,7,16,1,110,0,39,35,1,75,86,46,51,2,185,0,0,0,185
04/01/2019,KOA,HI,AWP,WE,Federal Contract Tower,87,8,8,17,120,0,51,64,4,119,87,59,72,21,239,206,22,228,467
04/02/2019,KOA,HI,AWP,WE,Federal Contract Tower,75,6,2,26,109,0,37,57,6,100,75,43,59,32,209,116,24,140,349
04/03/2019,KOA,HI,AWP,WE,Federal Contract Tower,84,7,14,9,114,0,51,43,6,100,84,58,57,15,214,178,0,178,392
04/04/2019,KOA,HI,AWP,WE,Federal Contract Tower,81,7,7,11,106,0,0,0,0,0,81,7,7,11,106,170,42,212,318
04/05/2019,KOA,HI,AWP,WE,Federal Contract Tower,90,10,12,3,115,0,52,86,3,141,90,62,98,6,256,114,22,136,392
04/06/2019,KOA,HI,AWP,WE,Federal Contract Tower,84,7,12,0,103,0,61,45,12,118,84,68,57,12,221,30,0,30,251
04/07/2019,KOA,HI,AWP,WE,Federal Contract Tower,89,5,13,0,107,0,74,23,1,98,89,79,36,1,205,48,0,48,253
04/08/2019,KOA,HI,AWP,WE,Federal Contract Tower,80,8,8,10,106,0,54,59,5,118,80,62,67,15,224,196,18,214,438
04/09/2019,KOA,HI,AWP,WE,Federal Contract Tower,78,14,3,17,112,0,57,54,4,115,78,71,57,21,227,120,34,154,381
04/10/2019,KOA,HI,AWP,WE,Federal Contract Tower,81,12,6,9,108,0,38,49,3,90,81,50,55,12,198,176,44,220,418
04/11/2019,KOA,HI,AWP,WE,Federal Contract Tower,78,12,2,8,100,0,56,40,20,116,78,68,42,28,216,174,30,204,420
04/12/2019,KOA,HI,AWP,WE,Federal Contract Tower,85,13,7,1,106,0,56,61,8,125,85,69,68,9,231,204,0,204,435
04/13/2019,KOA,HI,AWP,WE,Federal Contract Tower,84,11,15,0,110,0,43,29,4,76,84,54,44,4,186,84,2,86,272
04/14/2019,KOA,HI,AWP,WE,Federal Contract Tower,98,6,14,0,118,0,54,36,4,94,98,60,50,4,212,14,0,14,226
04/15/2019,KOA,HI,AWP,WE,Federal Contract Tower,86,10,10,6,112,0,55,63,7,125,86,65,73,13,237,88,12,100,337
04/16/2019,KOA,HI,AWP,WE,Federal Contract Tower,75,12,6,13,106,0,40,45,14,99,75,52,51,27,205,60,30,90,295
04/17/2019,KOA,HI,AWP,WE,Federal Contract Tower,86,5,9,10,110,0,50,51,12,113,86,55,60,22,223,110,42,152,375
04/18/2019,KOA,HI,AWP,WE,Federal Contract Tower,82,9,11,8,110,0,58,62,3,123,82,67,73,11,233,112,18,130,363
04/20/2019,KOA,HI,AWP,WE,Federal Contract Tower,85,7,11,0,103,0,44,29,0,73,85,51,40,0,176,32,0,32,208
04/21/2019,KOA,HI,AWP,WE,Federal Contract Tower,86,3,12,0,101,0,37,27,0,64,86,40,39,0,165,36,0,36,201
04/22/2019,KOA,HI,AWP,WE,Federal Contract Tower,79,7,13,1,100,0,52,47,0,99,79,59,60,1,199,179,10,189,388
04/23/2019,KOA,HI,AWP,WE,Federal Contract Tower,73,6,4,4,87,0,49,15,19,83,73,55,19,23,170,142,26,168,338
04/24/2019,KOA,HI,AWP,WE,Federal Contract Tower,85,9,12,0,106,0,46,59,4,109,85,55,71,4,215,148,0,148,363
04/25/2019,KOA,HI,AWP,WE,Federal Contract Tower,85,12,9,6,112,0,51,54,1,106,85,63,63,7,218,126,20,146,364
04/26/2019,KOA,HI,AWP,WE,Federal Contract Tower,90,13,14,5,122,0,65,79,6,150,90,78,93,11,272,163,0,163,435
04/27/2019,KOA,HI,AWP,WE,Federal Contract Tower,82,18,8,1,109,0,60,17,0,77,82,78,25,1,186,56,0,56,242
04/28/2019,KOA,HI,AWP,WE,Federal Contract Tower,86,16,11,5,118,0,59,23,7,89,86,75,34,12,207,58,0,58,265
04/29/2019,KOA,HI,AWP,WE,Federal Contract Tower,78,15,5,2,100,0,50,41,1,92,78,65,46,3,192,178,0,178,370
04/30/2019,KOA,HI,AWP,WE,Federal Contract Tower,78,14,5,3,100,0,35,39,17,91,78,49,44,20,191,138,0,138,329
05/01/2019,KOA,HI,AWP,WE,Federal Contract Tower,80,11,8,10,109,0,39,56,8,103,80,50,64,18,212,148,4,152,364
05/02/2019,KOA,HI,AWP,WE,Federal Contract Tower,82,12,11,12,117,0,49,41,5,95,82,61,52,17,212,131,24,155,367
05/03/2019,KOA,HI,AWP,WE,Federal Contract Tower,89,12,6,10,117,0,45,68,0,113,89,57,74,10,230,162,0,162,392
05/04/2019,KOA,HI,AWP,WE,Federal Contract Tower,81,22,4,1,108,0,40,15,0,55,81,62,19,1,163,22,0,22,185
05/05/2019,KOA,HI,AWP,WE,Federal Contract Tower,82,6,10,8,106,0,46,6,0,52,82,52,16,8,158,0,0,0,158
05/06/2019,KOA,HI,AWP,WE,Federal Contract Tower,86,11,6,8,111,0,54,25,3,82,86,65,31,11,193,103,10,113,306
05/07/2019,KOA,HI,AWP,WE,Federal Contract Tower,73,9,4,13,99,0,31,39,5,75,73,40,43,18,174,166,54,220,394
05/09/2019,KOA,HI,AWP,WE,Federal Contract Tower,83,7,5,8,103,0,40,56,1,97,83,47,61,9,200,172,12,184,384
05/10/2019,KOA,HI,AWP,WE,Federal Contract Tower,84,11,8,18,121,0,52,54,2,108,84,63,62,20,229,170,8,178,407
05/11/2019,KOA,HI,AWP,WE,Federal Contract Tower,81,7,10,0,98,0,52,27,4,83,81,59,37,4,181,46,0,46,227
05/12/2019,KOA,HI,AWP,WE,Federal Contract Tower,98,8,4,0,110,0,50,16,0,66,98,58,20,0,176,35,0,35,211
05/13/2019,KOA,HI,AWP,WE,Federal Contract Tower,91,11,8,4,114,0,35,30,2,67,91,46,38,6,181,160,0,160,341
05/14/2019,KOA,HI,AWP,WE,Federal Contract Tower,81,11,7,7,106,0,27,33,4,64,81,38,40,11,170,194,20,214,384
05/15/2019,KOA,HI,AWP,WE,Federal Contract Tower,91,11,3,21,126,0,36,39,5,80,91,47,42,26,206,186,16,202,408
05/16/2019,KOA,HI,AWP,WE,Federal Contract Tower,97,17,7,4,125,0,45,37,8,90,97,62,44,12,215,166,2,168,383
05/17/2019,KOA,HI,AWP,WE,Federal Contract Tower,96,13,7,7,123,0,43,79,8,130,96,56,86,15,253,146,30,176,429
05/18/2019,KOA,HI,AWP,WE,Federal Contract Tower,93,6,4,0,103,0,49,19,0,68,93,55,23,0,171,16,0,16,187
05/19/2019,KOA,HI,AWP,WE,Federal Contract Tower,93,8,4,4,109,0,47,39,1,87,93,55,43,5,196,42,8,50,246
05/20/2019,KOA,HI,AWP,WE,Federal Contract Tower,89,9,4,12,114,0,41,59,6,106,89,50,63,18,220,199,12,211,431
05/21/2019,KOA,HI,AWP,WE,Federal Contract Tower,86,6,8,5,105,0,37,50,14,101,86,43,58,19,206,146,2,148,354
05/22/2019,KOA,HI,AWP,WE,Federal Contract Tower,91,8,9,9,117,0,37,58,22,117,91,45,67,31,234,140,12,152,386
05/23/2019,KOA,HI,AWP,WE,Federal Contract Tower,89,10,8,8,115,0,53,60,18,131,89,63,68,26,246,142,10,152,398
05/24/2019,KOA,HI,AWP,WE,Federal Contract Tower,102,12,13,0,127,0,55,60,2,117,102,67,73,2,244,118,0,118,362
05/25/2019,KOA,HI,AWP,WE,Federal Contract Tower,94,11,7,0,112,0,52,25,0,77,94,63,32,0,189,24,0,24,213
05/26/2019,KOA,HI,AWP,WE,Federal Contract Tower,97,7,9,4,117,0,68,30,4,102,97,75,39,8,219,14,0,14,233
05/27/2019,KOA,HI,AWP,WE,Federal Contract Tower,98,6,16,0,120,0,70,53,0,123,98,76,69,0,243,60,0,60,303
05/28/2019,KOA,HI,AWP,WE,Federal Contract Tower,94,15,3,4,116,0,51,40,0,91,94,66,43,4,207,100,12,112,319
05/29/2019,KOA,HI,AWP,WE,Federal Contract Tower,95,5,15,4,119,0,34,33,6,73,95,39,48,10,192,140,24,164,356
05/31/2019,KOA,HI,AWP,WE,Federal Contract Tower,101,10,14,2,127,0,0,0,0,0,101,10,14,2,127,90,4,94,221
06/01/2019,KOA,HI,AWP,WE,Federal Contract Tower,99,12,6,0,117,0,46,28,8,82,99,58,34,8,199,32,0,32,231
06/02/2019,KOA,HI,AWP,WE,Federal Contract Tower,100,13,9,0,122,0,30,2,2,34,100,43,11,2,156,6,0,6,162
06/03/2019,KOA,HI,AWP,WE,Federal Contract Tower,100,16,6,13,135,0,37,49,2,88,100,53,55,15,223,91,22,113,336
06/04/2019,KOA,HI,AWP,WE,Federal Contract Tower,91,16,11,5,123,0,29,40,2,71,91,45,51,7,194,159,8,167,361
06/05/2019,KOA,HI,AWP,WE,Federal Contract Tower,93,13,14,17,137,0,27,50,7,84,93,40,64,24,221,158,34,192,413
06/06/2019,KOA,HI,AWP,WE,Federal Contract Tower,100,18,15,20,153,0,42,47,14,103,100,60,62,34,256,132,22,154,410
06/07/2019,KOA,HI,AWP,WE,Federal Contract Tower,106,14,12,0,132,0,60,56,5,121,106,74,68,5,253,190,0,190,443
06/08/2019,KOA,HI,AWP,WE,Federal Contract Tower,90,13,3,0,106,0,42,22,0,64,90,55,25,0,170,32,0,32,202
06/09/2019,KOA,HI,AWP,WE,Federal Contract Tower,102,8,4,0,114,8,47,28,0,83,110,55,32,0,197,24,0,24,221
06/10/2019,KOA,HI,AWP,WE,Federal Contract Tower,108,16,14,13,151,0,63,44,0,107,108,79,58,13,258,126,0,126,384
06/11/2019,KOA,HI,AWP,WE,Federal Contract Tower,97,10,8,0,115,0,39,37,0,76,97,49,45,0,191,140,0,140,331
06/12/2019,KOA,HI,AWP,WE,Federal Contract Tower,104,10,7,3,124,0,36,48,3,87,104,46,55,6,211,156,30,186,397
06/13/2019,KOA,HI,AWP,WE,Federal Contract Tower,104,10,12,7,133,0,42,49,2,93,104,52,61,9,226,116,14,130,356
06/14/2019,KOA,HI,AWP,WE,Federal Contract Tower,101,12,6,12,131,0,51,52,10,113,101,63,58,22,244,94,0,94,338
06/15/2019,KOA,HI,AWP,WE,Federal Contract Tower,100,11,14,6,131,0,39,38,2,79,100,50,52,8,210,8,10,18,228
06/16/2019,KOA,HI,AWP,WE,Federal Contract Tower,101,8,6,0,115,0,41,18,3,62,101,49,24,3,177,22,0,22,199
06/17/2019,KOA,HI,AWP,WE,Federal Contract Tower,101,14,9,6,130,0,36,32,2,70,101,50,41,8,200,78,2,80,280
06/18/2019,KOA,HI,AWP,WE,Federal Contract Tower,97,11,8,5,121,0,42,32,5,79,97,53,40,10,200,102,8,110,310
06/19/2019,KOA,HI,AWP,WE,Federal Contract Tower,101,11,4,20,136,0,38,29,9,76,101,49,33,29,212,56,10,66,278
06/20/2019,KOA,HI,AWP,WE,Federal Contract Tower,101,16,11,13,141,0,51,53,6,110,101,67,64,19,251,162,28,190,441
06/21/2019,KOA,HI,AWP,WE,Federal Contract Tower,109,14,17,0,140,0,72,55,0,127,109,86,72,0,267,90,0,90,357
06/22/2019,KOA,HI,AWP,WE,Federal Contract Tower,103,11,4,0,118,0,55,18,0,73,103,66,22,0,191,24,0,24,215
06/23/2019,KOA,HI,AWP,WE,Federal Contract Tower,105,7,8,0,120,0,49,26,0,75,105,56,34,0,195,40,0,40,235
06/24/2019,KOA,HI,AWP,WE,Federal Contract Tower,99,12,7,9,127,0,53,46,2,101,99,65,53,11,228,92,10,102,330
06/25/2019,KOA,HI,AWP,WE,Federal Contract Tower,98,22,11,8,139,0,33,29,2,64,98,55,40,10,203,144,26,170,373
06/26/2019,KOA,HI,AWP,WE,Federal Contract Tower,106,25,9,12,152,0,28,51,5,84,106,53,60,17,236,116,6,122,358
06/27/2019,KOA,HI,AWP,WE,Federal Contract Tower,106,16,4,15,141,0,67,53,2,122,106,83,57,17,263,110,38,148,411
06/28/2019,KOA,HI,AWP,WE,Federal Contract Tower,109,13,11,3,136,0,44,65,1,110,109,57,76,4,246,170,0,170,416
06/29/2019,KOA,HI,AWP,WE,Federal Contract Tower,95,14,3,0,112,0,40,21,2,63,95,54,24,2,175,10,0,10,185
06/30/2019,KOA,HI,AWP,WE,Federal Contract Tower,103,6,7,0,116,0,53,24,2,79,103,59,31,2,195,42,0,42,237
07/01/2019,KOA,HI,AWP,WE,Federal Contract Tower,97,11,12,8,128,0,37,40,4,81,97,48,52,12,209,158,24,182,391
07/02/2019,KOA,HI,AWP,WE,Federal Contract Tower,96,13,11,31,151,0,43,51,3,97,96,56,62,34,248,88,42,130,378
07/03/2019,KOA,HI,AWP,WE,Federal Contract Tower,104,8,11,4,127,0,52,46,5,103,104,60,57,9,230,104,24,128,358
07/04/2019,KOA,HI,AWP,WE,Federal Contract Tower,93,6,5,0,104,0,56,46,0,102,93,62,51,0,206,148,0,148,354
07/05/2019,KOA,HI,AWP,WE,Federal Contract Tower,99,17,3,0,119,0,44,51,0,95,99,61,54,0,214,144,0,144,358
07/06/2019,KOA,HI,AWP,WE,Federal Contract Tower,102,20,4,0,126,0,38,24,0,62,102,58,28,0,188,2,0,2,190
07/07/2019,KOA,HI,AWP,WE,Federal Contract Tower,105,11,21,0,137,0,51,17,0,68,105,62,38,0,205,62,0,62,267
07/08/2019,KOA,HI,AWP,WE,Federal Contract Tower,101,15,10,19,145,0,30,34,1,65,101,45,44,20,210,80,6,86,296
07/09/2019,KOA,HI,AWP,WE,Federal Contract Tower,96,16,4,13,129,0,29,33,0,62,96,45,37,13,191,186,0,186,377
07/10/2019,KOA,HI,AWP,WE,Federal Contract Tower,100,19,4,6,129,0,39,49,0,88,100,58,53,6,217,200,0,200,417
07/11/2019,KOA,HI,AWP,WE,Federal Contract Tower,102,19,13,24,158,0,0,8,0,8,102,19,21,24,166,132,48,180,346
07/12/2019,KOA,HI,AWP,WE,Federal Contract Tower,104,13,7,2,126,0,52,52,5,109,104,65,59,7,235,154,10,164,399
07/13/2019,KOA,HI,AWP,WE,Federal Contract Tower,105,7,3,0,115,0,39,23,4,66,105,46,26,4,181,40,0,40,221
07/14/2019,KOA,HI,AWP,WE,Federal Contract Tower,104,8,1,4,117,0,50,17,6,73,104,58,18,10,190,36,0,36,226
07/15/2019,KOA,HI,AWP,WE,Federal Contract Tower,97,8,10,2,117,0,44,49,8,101,97,52,59,10,218,162,22,184,402
07/16/2019,KOA,HI,AWP,WE,Federal Contract Tower,96,12,9,15,132,0,32,43,3,78,96,44,52,18,210,138,40,178,388
07/17/2019,KOA,HI,AWP,WE,Federal Contract Tower,108,19,5,4,136,0,46,33,5,84,108,65,38,9,220,78,8,86,306
07/18/2019,KOA,HI,AWP,WE,Federal Contract Tower,100,15,6,23,144,0,71,45,2,118,100,86,51,25,262,150,26,176,438
07/19/2019,KOA,HI,AWP,WE,Federal Contract Tower,105,7,2,17,131,0,57,50,10,117,105,64,52,27,248,126,42,168,416
07/20/2019,KOA,HI,AWP,WE,Federal Contract Tower,99,13,4,11,127,0,38,25,1,64,99,51,29,12,191,30,4,34,225
07/21/2019,KOA,HI,AWP,WE,Federal Contract Tower,104,14,5,0,123,0,63,30,0,93,104,77,35,0,216,48,0,48,264
07/22/2019,KOA,HI,AWP,WE,Federal Contract Tower,99,15,7,19,140,0,43,19,2,64,99,58,26,21,204,70,0,70,274
07/23/2019,KOA,HI,AWP,WE,Federal Contract Tower,93,12,2,9,116,0,41,18,1,60,93,53,20,10,176,84,22,106,282
07/24/2019,KOA,HI,AWP,WE,Federal Contract Tower,101,7,11,7,126,0,42,44,4,90,101,49,55,11,216,128,22,150,366
07/25/2019,KOA,HI,AWP,WE,Federal Contract Tower,99,16,7,6,128,0,48,61,2,111,99,64,68,8,239,0,0,0,239
07/26/2019,KOA,HI,AWP,WE,Federal Contract Tower,102,10,7,6,125,0,39,55,5,99,102,49,62,11,224,118,12,130,354
07/27/2019,KOA,HI,AWP,WE,Federal Contract Tower,103,19,5,0,127,0,45,26,0,71,103,64,31,0,198,16,0,16,214
07/28/2019,KOA,HI,AWP,WE,Federal Contract Tower,107,11,5,0,123,0,48,30,0,78,107,59,35,0,201,6,0,6,207
07/29/2019,KOA,HI,AWP,WE,Federal Contract Tower,101,9,9,1,120,0,49,40,1,90,101,58,49,2,210,94,0,94,304
07/30/2019,KOA,HI,AWP,WE,Federal Contract Tower,104,10,3,0,117,0,52,39,0,91,104,62,42,0,208,76,0,76,284
07/31/2019,KOA,HI,AWP,WE,Federal Contract Tower,102,15,6,3,126,0,39,40,8,87,102,54,46,11,213,106,16,122,335
08/01/2019,KOA,HI,AWP,WE,Federal Contract Tower,103,18,12,1,134,0,66,50,3,119,103,84,62,4,253,130,0,130,383
08/03/2019,KOA,HI,AWP,WE,Federal Contract Tower,98,12,7,0,117,0,59,23,0,82,98,71,30,0,199,6,0,6,205
08/04/2019,KOA,HI,AWP,WE,Federal Contract Tower,98,4,10,0,112,0,38,27,2,67,98,42,37,2,179,44,0,44,223
08/05/2019,KOA,HI,AWP,WE,Federal Contract Tower,96,16,7,7,126,0,57,36,6,99,96,73,43,13,225,52,18,70,295
08/06/2019,KOA,HI,AWP,WE,Federal Contract Tower,98,17,5,13,133,0,37,31,2,70,98,54,36,15,203,76,4,80,283
08/07/2019,KOA,HI,AWP,WE,Federal Contract Tower,101,16,4,5,126,0,51,31,7,89,101,67,35,12,215,106,16,122,337
08/08/2019,KOA,HI,AWP,WE,Federal Contract Tower,100,12,4,1,117,0,54,39,0,93,100,66,43,1,210,154,0,154,364
08/09/2019,KOA,HI,AWP,WE,Federal Contract Tower,111,12,12,0,135,0,53,33,2,88,111,65,45,2,223,107,0,107,330
08/10/2019,KOA,HI,AWP,WE,Federal Contract Tower,94,14,13,1,122,0,37,22,1,60,94,51,35,2,182,30,0,30,212
08/11/2019,KOA,HI,AWP,WE,Federal Contract Tower,103,12,16,1,132,0,42,15,0,57,103,54,31,1,189,60,0,60,249
08/12/2019,KOA,HI,AWP,WE,Federal Contract Tower,100,14,9,10,133,0,51,38,0,89,100,65,47,10,222,103,0,103,325
08/13/2019,KOA,HI,AWP,WE,Federal Contract Tower,96,16,12,8,132,0,47,36,3,86,96,63,48,11,218,82,6,88,306
08/14/2019,KOA,HI,AWP,WE,Federal Contract Tower,98,9,13,0,120,0,63,48,1,112,98,72,61,1,232,132,0,132,364
08/15/2019,KOA,HI,AWP,WE,Federal Contract Tower,99,14,12,2,127,0,47,23,6,76,99,61,35,8,203,110,8,118,321
08/16/2019,KOA,HI,AWP,WE,Federal Contract Tower,108,15,4,3,130,0,39,36,0,75,108,54,40,3,205,142,8,150,355
08/17/2019,KOA,HI,AWP,WE,Federal Contract Tower,99,12,8,0,119,0,46,38,0,84,99,58,46,0,203,5,0,5,208
08/18/2019,KOA,HI,AWP,WE,Federal Contract Tower,96,9,12,0,117,0,51,18,3,72,96,60,30,3,189,36,0,36,225
08/19/2019,KOA,HI,AWP,WE,Federal Contract Tower,99,12,8,13,132,0,46,35,12,93,99,58,43,25,225,98,0,98,323
08/20/2019,KOA,HI,AWP,WE,Federal Contract Tower,88,9,9,19,125,0,49,21,4,74,88,58,30,23,199,116,6,122,321
08/21/2019,KOA,HI,AWP,WE,Federal Contract Tower,90,16,11,6,123,0,44,42,0,86,90,60,53,6,209,128,20,148,357
08/22/2019,KOA,HI,AWP,WE,Federal Contract Tower,94,9,14,32,149,0,58,37,2,97,94,67,51,34,246,140,10,150,396
08/23/2019,KOA,HI,AWP,WE,Federal Contract Tower,97,15,9,2,123,0,58,45,25,128,97,73,54,27,251,154,0,154,405
08/24/2019,KOA,HI,AWP,WE,Federal Contract Tower,89,8,9,0,106,0,72,36,2,110,89,80,45,2,216,52,0,52,268
08/25/2019,KOA,HI,AWP,WE,Federal Contract Tower,96,14,6,0,116,0,52,25,0,77,96,66,31,0,193,36,0,36,229
08/26/2019,KOA,HI,AWP,WE,Federal Contract Tower,91,14,11,4,120,0,68,43,5,116,91,82,54,9,236,156,12,168,404
08/27/2019,KOA,HI,AWP,WE,Federal Contract Tower,92,13,7,6,118,0,41,44,5,90,92,54,51,11,208,118,22,140,348
08/28/2019,KOA,HI,AWP,WE,Federal Contract Tower,88,14,4,1,107,0,41,49,1,91,88,55,53,2,198,164,2,166,364
08/29/2019,KOA,HI,AWP,WE,Federal Contract Tower,89,11,7,2,109,0,66,61,0,127,89,77,68,2,236,182,10,192,428
08/30/2019,KOA,HI,AWP,WE,Federal Contract Tower,95,12,13,0,120,0,65,63,2,130,95,77,76,2,250,217,6,223,473
08/31/2019,KOA,HI,AWP,WE,Federal Contract Tower,86,11,12,0,109,0,71,35,2,108,86,82,47,2,217,68,0,68,285
09/01/2019,KOA,HI,AWP,WE,Federal Contract Tower,85,8,6,0,99,0,44,11,0,55,85,52,17,0,154,12,0,12,166
09/02/2019,KOA,HI,AWP,WE,Federal Contract Tower,86,13,10,0,109,0,43,37,0,80,86,56,47,0,189,43,0,43,232
09/03/2019,KOA,HI,AWP,WE,Federal Contract Tower,77,14,5,4,100,0,38,40,8,86,77,52,45,12,186,68,14,82,268
09/04/2019,KOA,HI,AWP,WE,Federal Contract Tower,79,15,7,5,106,0,24,29,0,53,79,39,36,5,159,132,10,142,301
09/05/2019,KOA,HI,AWP,WE,Federal Contract Tower,84,11,7,4,106,0,44,49,0,93,84,55,56,4,199,208,0,208,407
09/06/2019,KOA,HI,AWP,WE,Federal Contract Tower,89,12,3,27,131,0,54,32,3,89,89,66,35,30,220,172,0,172,392
09/07/2019,KOA,HI,AWP,WE,Federal Contract Tower,80,8,4,0,92,0,62,43,0,105,80,70,47,0,197,70,0,70,267
09/08/2019,KOA,HI,AWP,WE,Federal Contract Tower,84,10,2,1,97,0,45,22,0,67,84,55,24,1,164,52,0,52,216
09/09/2019,KOA,HI,AWP,WE,Federal Contract Tower,79,17,5,4,105,0,57,40,6,103,79,74,45,10,208,108,20,128,336
09/10/2019,KOA,HI,AWP,WE,Federal Contract Tower,80,14,6,0,100,0,36,28,6,70,80,50,34,6,170,84,0,84,254
09/11/2019,KOA,HI,AWP,WE,Federal Contract Tower,75,10,5,6,96,0,32,55,5,92,75,42,60,11,188,128,12,140,328
09/12/2019,KOA,HI,AWP,WE,Federal Contract Tower,90,13,5,1,109,0,42,34,2,78,90,55,39,3,187,128,0,128,315
09/13/2019,KOA,HI,AWP,WE,Federal Contract Tower,93,14,7,4,118,0,57,61,10,128,93,71,68,14,246,136,0,136,382
09/14/2019,KOA,HI,AWP,WE,Federal Contract Tower,82,10,4,0,96,0,40,20,2,62,82,50,24,2,158,14,0,14,172
09/15/2019,KOA,HI,AWP,WE,Federal Contract Tower,82,11,4,0,97,0,49,18,0,67,82,60,22,0,164,22,0,22,186
09/16/2019,KOA,HI,AWP,WE,Federal Contract Tower,81,11,9,9,110,0,52,50,5,107,81,63,59,14,217,162,12,174,391
09/17/2019,KOA,HI,AWP,WE,Federal Contract Tower,83,16,6,16,121,0,30,50,5,85,83,46,56,21,206,138,12,150,356
09/18/2019,KOA,HI,AWP,WE,Federal Contract Tower,81,12,4,8,105,0,36,31,2,69,81,48,35,10,174,78,0,78,252
09/19/2019,KOA,HI,AWP,WE,Federal Contract Tower,89,8,3,8,108,0,0,0,0,0,89,8,3,8,108,84,20,104,212
09/20/2019,KOA,HI,AWP,WE,Federal Contract Tower,90,17,4,14,125,0,38,25,12,75,90,55,29,26,200,124,8,132,332
09/21/2019,KOA,HI,AWP,WE,Federal Contract Tower,84,17,9,0,110,0,41,14,0,55,84,58,23,0,165,12,0,12,177
09/22/2019,KOA,HI,AWP,WE,Federal Contract Tower,84,9,3,0,96,0,34,25,0,59,84,43,28,0,155,24,0,24,179
09/23/2019,KOA,HI,AWP,WE,Federal Contract Tower,82,13,5,2,102,0,51,43,0,94,82,64,48,2,196,106,0,106,302
09/24/2019,KOA,HI,AWP,WE,Federal Contract Tower,79,19,4,1,103,0,40,52,5,97,79,59,56,6,200,174,12,186,386
09/25/2019,KOA,HI,AWP,WE,Federal Contract Tower,81,10,5,9,105,0,44,40,3,87,81,54,45,12,192,162,30,192,384
09/26/2019,KOA,HI,AWP,WE,Federal Contract Tower,91,14,3,1,109,0,0,0,0,0,91,14,3,1,109,106,16,122,231
09/27/2019,KOA,HI,AWP,WE,Federal Contract Tower,89,16,9,0,114,0,54,50,4,108,89,70,59,4,222,124,0,124,346
09/28/2019,KOA,HI,AWP,WE,Federal Contract Tower,84,19,5,0,108,0,37,9,0,46,84,56,14,0,154,18,4,22,176
09/29/2019,KOA,HI,AWP,WE,Federal Contract Tower,85,10,6,0,101,0,41,4,2,47,85,51,10,2,148,16,0,16,164
09/30/2019,KOA,HI,AWP,WE,Federal Contract Tower,79,14,5,14,112,0,0,0,0,0,79,14,5,14,112,82,26,108,220
10/01/2019,KOA,HI,AWP,WE,Federal Contract Tower,81,16,7,16,120,0,0,0,0,0,81,16,7,16,120,172,10,182,302
10/02/2019,KOA,HI,AWP,WE,Federal Contract Tower,72,14,23,19,128,0,63,46,18,127,72,77,69,37,255,158,16,174,429
10/03/2019,KOA,HI,AWP,WE,Federal Contract Tower,88,12,4,23,127,0,60,47,5,112,88,72,51,28,239,200,0,200,439
10/04/2019,KOA,HI,AWP,WE,Federal Contract Tower,96,20,9,7,132,0,39,79,7,125,96,59,88,14,257,278,0,278,535
10/05/2019,KOA,HI,AWP,WE,Federal Contract Tower,85,10,4,2,101,0,47,29,2,78,85,57,33,4,179,64,0,64,243
10/06/2019,KOA,HI,AWP,WE,Federal Contract Tower,83,11,8,5,107,0,47,32,0,79,83,58,40,5,186,20,0,20,206
10/07/2019,KOA,HI,AWP,WE,Federal Contract Tower,81,13,2,7,103,0,67,66,4,137,81,80,68,11,240,160,0,160,400
10/08/2019,KOA,HI,AWP,WE,Federal Contract Tower,81,11,5,10,107,0,63,65,8,136,81,74,70,18,243,180,18,198,441
10/09/2019,KOA,HI,AWP,WE,Federal Contract Tower,82,17,4,9,112,0,42,37,2,81,82,59,41,11,193,170,20,190,383
10/10/2019,KOA,HI,AWP,WE,Federal Contract Tower,93,21,6,16,136,0,67,48,13,128,93,88,54,29,264,126,30,156,420
10/11/2019,KOA,HI,AWP,WE,Federal Contract Tower,91,17,4,1,113,0,51,54,6,111,91,68,58,7,224,198,0,198,422
10/12/2019,KOA,HI,AWP,WE,Federal Contract Tower,84,13,8,2,107,0,69,22,4,95,84,82,30,6,202,36,0,36,238
10/13/2019,KOA,HI,AWP,WE,Federal Contract Tower,94,13,6,0,113,0,57,41,3,101,94,70,47,3,214,72,0,72,286
10/14/2019,KOA,HI,AWP,WE,Federal Contract Tower,90,13,12,3,118,0,74,86,0,160,90,87,98,3,278,222,0,222,500
10/15/2019,KOA,HI,AWP,WE,Federal Contract Tower,82,9,0,3,94,0,54,61,4,119,82,63,61,7,213,256,0,256,469
10/16/2019,KOA,HI,AWP,WE,Federal Contract Tower,78,21,9,14,122,0,38,47,3,88,78,59,56,17,210,144,14,158,368
10/17/2019,KOA,HI,AWP,WE,Federal Contract Tower,87,12,12,11,122,0,0,0,0,0,87,12,12,11,122,196,0,196,318
10/18/2019,KOA,HI,AWP,WE,Federal Contract Tower,94,19,7,2,122,0,33,39,5,77,94,52,46,7,199,224,0,224,423
10/19/2019,KOA,HI,AWP,WE,Federal Contract Tower,77,8,4,5,94,0,32,17,3,52,77,40,21,8,146,70,0,70,216
10/20/2019,KOA,HI,AWP,WE,Federal Contract Tower,87,14,6,0,107,0,49,29,2,80,87,63,35,2,187,42,0,42,229
10/21/2019,KOA,HI,AWP,WE,Federal Contract Tower,83,14,3,7,107,0,49,47,4,100,83,63,50,11,207,138,0,138,345
10/22/2019,KOA,HI,AWP,WE,Federal Contract Tower,80,17,7,8,112,0,44,45,10,99,80,61,52,18,211,230,54,284,495
10/23/2019,KOA,HI,AWP,WE,Federal Contract Tower,83,14,9,1,107,0,39,30,5,74,83,53,39,6,181,142,26,168,349
10/24/2019,KOA,HI,AWP,WE,Federal Contract Tower,88,14,9,16,127,0,62,59,10,131,88,76,68,26,258,100,64,164,422
10/25/2019,KOA,HI,AWP,WE,Federal Contract Tower,96,10,4,10,120,0,55,31,17,103,96,65,35,27,223,218,14,232,455
10/26/2019,KOA,HI,AWP,WE,Federal Contract Tower,84,4,6,4,98,0,59,39,6,104,84,63,45,10,202,64,0,64,266
10/27/2019,KOA,HI,AWP,WE,Federal Contract Tower,84,5,7,2,98,1,48,22,4,75,85,53,29,6,173,30,2,32,205
10/28/2019,KOA,HI,AWP,WE,Federal Contract Tower,86,16,4,16,122,0,51,35,4,90,86,67,39,20,212,172,8,180,392
10/29/2019,KOA,HI,AWP,WE,Federal Contract Tower,86,11,7,21,125,0,36,51,0,87,86,47,58,21,212,170,4,174,386
10/30/2019,KOA,HI,AWP,WE,Federal Contract Tower,84,10,5,13,112,0,46,41,8,95,84,56,46,21,207,172,36,208,415
10/31/2019,KOA,HI,AWP,WE,Federal Contract Tower,79,12,1,8,100,0,36,40,8,84,79,48,41,16,184,208,20,228,412
11/01/2019,KOA,HI,AWP,WE,Federal Contract Tower,95,12,9,2,118,0,72,43,2,117,95,84,52,4,235,186,8,194,429
11/02/2019,KOA,HI,AWP,WE,Federal Contract Tower,79,5,4,1,89,0,42,32,2,76,79,47,36,3,165,52,0,52,217
11/03/2019,KOA,HI,AWP,WE,Federal Contract Tower,85,8,7,8,108,0,42,20,1,63,85,50,27,9,171,28,10,38,209
11/04/2019,KOA,HI,AWP,WE,Federal Contract Tower,80,6,2,5,93,0,59,72,6,137,80,65,74,11,230,192,20,212,442
11/05/2019,KOA,HI,AWP,WE,Federal Contract Tower,86,11,6,9,112,0,59,72,5,136,86,70,78,14,248,214,72,286,534
11/06/2019,KOA,HI,AWP,WE,Federal Contract Tower,88,6,9,5,108,0,40,40,3,83,88,46,49,8,191,136,10,146,337
11/07/2019,KOA,HI,AWP,WE,Federal Contract Tower,85,13,8,19,125,0,52,50,5,107,85,65,58,24,232,222,24,246,478
11/08/2019,KOA,HI,AWP,WE,Federal Contract Tower,95,14,9,15,133,0,54,51,4,109,95,68,60,19,242,166,0,166,408
11/09/2019,KOA,HI,AWP,WE,Federal Contract Tower,92,14,1,0,107,0,41,50,2,93,92,55,51,2,200,36,0,36,236
11/10/2019,KOA,HI,AWP,WE,Federal Contract Tower,82,6,5,0,93,0,41,31,2,74,82,47,36,2,167,44,0,44,211
11/11/2019,KOA,HI,AWP,WE,Federal Contract Tower,83,11,4,0,98,0,44,60,2,106,83,55,64,2,204,186,0,186,390
11/12/2019,KOA,HI,AWP,WE,Federal Contract Tower,85,7,3,1,96,0,31,49,13,93,85,38,52,14,189,154,20,174,363
11/13/2019,KOA,HI,AWP,WE,Federal Contract Tower,88,10,5,5,108,0,40,66,8,114,88,50,71,13,222,142,36,178,400
11/14/2019,KOA,HI,AWP,WE,Federal Contract Tower,91,17,6,7,121,0,62,58,1,121,91,79,64,8,242,196,0,196,438
11/15/2019,KOA,HI,AWP,WE,Federal Contract Tower,100,13,14,3,130,0,71,53,2,126,100,84,67,5,256,138,14,152,408
11/16/2019,KOA,HI,AWP,WE,Federal Contract Tower,91,11,8,0,110,0,45,26,0,71,91,56,34,0,181,60,0,60,241
11/17/2019,KOA,HI,AWP,WE,Federal Contract Tower,89,15,9,6,119,0,38,14,12,64,89,53,23,18,183,38,0,38,221
11/18/2019,KOA,HI,AWP,WE,Federal Contract Tower,85,22,8,25,140,0,53,36,21,110,85,75,44,46,250,174,84,258,508
11/19/2019,KOA,HI,AWP,WE,Federal Contract Tower,85,11,5,16,117,0,28,52,5,85,85,39,57,21,202,154,44,198,400
11/20/2019,KOA,HI,AWP,WE,Federal Contract Tower,87,5,7,6,105,0,36,38,5,79,87,41,45,11,184,194,34,228,412
11/21/2019,KOA,HI,AWP,WE,Federal Contract Tower,91,15,7,10,123,0,45,53,3,101,91,60,60,13,224,186,42,228,452
11/22/2019,KOA,HI,AWP,WE,Federal Contract Tower,99,17,13,10,139,0,48,37,14,99,99,65,50,24,238,151,54,205,443
11/23/2019,KOA,HI,AWP,WE,Federal Contract Tower,92,16,11,0,119,0,55,38,4,97,92,71,49,4,216,122,0,122,338
11/24/2019,KOA,HI,AWP,WE,Federal Contract Tower,94,13,11,0,118,0,46,36,0,82,94,59,47,0,200,66,0,66,266
11/25/2019,KOA,HI,AWP,WE,Federal Contract Tower,93,7,10,2,112,0,77,76,7,160,93,84,86,9,272,192,6,198,470
11/26/2019,KOA,HI,AWP,WE,Federal Contract Tower,90,12,9,3,114,0,45,60,5,110,90,57,69,8,224,139,34,173,397
11/27/2019,KOA,HI,AWP,WE,Federal Contract Tower,97,17,5,6,125,0,47,59,3,109,97,64,64,9,234,227,24,251,485
11/28/2019,KOA,HI,AWP,WE,Federal Contract Tower,86,7,5,0,98,0,40,38,0,78,86,47,43,0,176,195,0,195,371
11/29/2019,KOA,HI,AWP,WE,Federal Contract Tower,97,9,8,0,114,0,48,98,0,146,97,57,106,0,260,158,0,158,418
11/30/2019,KOA,HI,AWP,WE,Federal Contract Tower,90,16,27,0,133,0,60,42,0,102,90,76,69,0,235,220,0,220,455
12/01/2019,KOA,HI,AWP,WE,Federal Contract Tower,97,17,21,0,135,0,51,35,0,86,97,68,56,0,221,24,0,24,245
12/02/2019,KOA,HI,AWP,WE,Federal Contract Tower,88,21,14,3,126,0,53,49,1,103,88,74,63,4,229,132,21,153,382
12/03/2019,KOA,HI,AWP,WE,Federal Contract Tower,86,15,13,9,123,0,40,44,8,92,86,55,57,17,215,240,44,284,499
12/04/2019,KOA,HI,AWP,WE,Federal Contract Tower,93,15,7,12,127,0,43,45,3,91,93,58,52,15,218,212,16,228,446
12/05/2019,KOA,HI,AWP,WE,Federal Contract Tower,91,11,15,2,119,0,57,44,0,101,91,68,59,2,220,180,24,204,424
12/06/2019,KOA,HI,AWP,WE,Federal Contract Tower,97,23,2,0,122,0,47,35,0,82,97,70,37,0,204,200,0,200,404
12/07/2019,KOA,HI,AWP,WE,Federal Contract Tower,90,8,5,0,103,0,52,54,0,106,90,60,59,0,209,134,0,134,343
12/08/2019,KOA,HI,AWP,WE,Federal Contract Tower,92,12,3,0,107,0,46,28,0,74,92,58,31,0,181,42,0,42,223
12/09/2019,KOA,HI,AWP,WE,Federal Contract Tower,86,10,10,0,106,0,53,64,8,125,86,63,74,8,231,186,0,186,417
12/10/2019,KOA,HI,AWP,WE,Federal Contract Tower,90,10,6,2,108,0,37,36,10,83,90,47,42,12,191,152,16,168,359
12/11/2019,KOA,HI,AWP,WE,Federal Contract Tower,83,14,7,11,115,0,41,46,2,89,83,55,53,13,204,216,34,250,454
12/12/2019,KOA,HI,AWP,WE,Federal Contract Tower,89,10,3,6,108,0,39,47,7,93,89,49,50,13,201,130,32,162,363
12/13/2019,KOA,HI,AWP,WE,Federal Contract Tower,97,12,7,6,122,0,36,24,7,67,97,48,31,13,189,146,18,164,353
12/14/2019,KOA,HI,AWP,WE,Federal Contract Tower,96,11,10,0,117,0,50,39,0,89,96,61,49,0,206,78,0,78,284
12/15/2019,KOA,HI,AWP,WE,Federal Contract Tower,92,8,4,1,105,0,40,13,1,54,92,48,17,2,159,54,0,54,213
12/16/2019,KOA,HI,AWP,WE,Federal Contract Tower,91,9,8,15,123,0,43,46,2,91,91,52,54,17,214,308,26,334,548
12/17/2019,KOA,HI,AWP,WE,Federal Contract Tower,87,4,3,2,96,0,54,40,4,98,87,58,43,6,194,158,10,168,362
12/18/2019,KOA,HI,AWP,WE,Federal Contract Tower,93,14,5,11,123,0,38,44,3,85,93,52,49,14,208,164,20,184,392
12/19/2019,KOA,HI,AWP,WE,Federal Contract Tower,102,13,13,5,133,0,48,54,0,102,102,61,67,5,235,168,5,173,408
12/20/2019,KOA,HI,AWP,WE,Federal Contract Tower,106,17,9,5,137,0,50,29,9,88,106,67,38,14,225,144,16,160,385
12/21/2019,KOA,HI,AWP,WE,Federal Contract Tower,110,24,22,0,156,0,29,14,0,43,110,53,36,0,199,72,0,72,271
12/22/2019,KOA,HI,AWP,WE,Federal Contract Tower,106,17,11,0,134,0,50,2,0,52,106,67,13,0,186,0,0,0,186
12/23/2019,KOA,HI,AWP,WE,Federal Contract Tower,100,15,17,5,137,0,59,38,4,101,100,74,55,9,238,86,42,128,366
12/24/2019,KOA,HI,AWP,WE,Federal Contract Tower,103,15,8,0,126,0,39,43,0,82,103,54,51,0,208,98,0,98,306
12/25/2019,KOA,HI,AWP,WE,Federal Contract Tower,101,20,5,0,126,0,16,5,0,21,101,36,10,0,147,22,0,22,169
12/26/2019,KOA,HI,AWP,WE,Federal Contract Tower,107,14,32,6,159,0,61,38,1,100,107,75,70,7,259,140,60,200,459
12/27/2019,KOA,HI,AWP,WE,Federal Contract Tower,114,14,20,14,162,0,105,64,1,170,114,119,84,15,332,98,34,132,464
12/28/2019,KOA,HI,AWP,WE,Federal Contract Tower,108,12,17,0,137,0,62,37,0,99,108,74,54,0,236,32,0,32,268
12/29/2019,KOA,HI,AWP,WE,Federal Contract Tower,105,15,15,0,135,0,62,26,0,88,105,77,41,0,223,72,0,72,295
12/30/2019,KOA,HI,AWP,WE,Federal Contract Tower,102,14,10,3,129,0,58,43,1,102,102,72,53,4,231,192,20,212,443
12/31/2019,KOA,HI,AWP,WE,Federal Contract Tower,101,17,10,0,128,0,47,46,0,93,101,64,56,0,221,160,0,160,381
01/01/2020,KOA,HI,AWP,WE,Federal Contract Tower,98,12,13,0,123,0,29,27,5,61,98,41,40,5,184,94,0,94,278
01/02/2020,KOA,HI,AWP,WE,Federal Contract Tower,103,17,23,3,146,0,64,56,0,120,103,81,79,3,266,154,16,170,436
01/03/2020,KOA,HI,AWP,WE,Federal Contract Tower,105,19,27,10,161,0,41,43,5,89,105,60,70,15,250,158,40,198,448
01/04/2020,KOA,HI,AWP,WE,Federal Contract Tower,103,20,24,2,149,0,65,37,0,102,103,85,61,2,251,40,0,40,291
01/05/2020,KOA,HI,AWP,WE,Federal Contract Tower,102,22,9,0,133,0,44,25,0,69,102,66,34,0,202,80,0,80,282
01/06/2020,KOA,HI,AWP,WE,Federal Contract Tower,95,11,6,18,130,0,47,50,1,98,95,58,56,19,228,170,22,192,420
01/07/2020,KOA,HI,AWP,WE,Federal Contract Tower,86,20,7,13,126,0,34,28,5,67,86,54,35,18,193,86,12,98,291
01/08/2020,KOA,HI,AWP,WE,Federal Contract Tower,87,14,10,8,119,0,25,42,0,67,87,39,52,8,186,278,32,310,496
01/09/2020,KOA,HI,AWP,WE,Federal Contract Tower,89,21,8,17,135,0,34,32,6,72,89,55,40,23,207,194,48,242,449
01/10/2020,KOA,HI,AWP,WE,Federal Contract Tower,97,12,10,1,120,0,48,44,7,99,97,60,54,8,219,120,10,130,349
01/11/2020,KOA,HI,AWP,WE,Federal Contract Tower,92,24,10,0,126,0,46,40,0,86,92,70,50,0,212,58,0,58,270
01/12/2020,KOA,HI,AWP,WE,Federal Contract Tower,88,23,5,0,116,0,19,0,0,19,88,42,5,0,135,0,0,0,135
01/13/2020,KOA,HI,AWP,WE,Federal Contract Tower,84,12,6,16,118,0,41,53,7,101,84,53,59,23,219,240,0,240,459
01/14/2020,KOA,HI,AWP,WE,Federal Contract Tower,80,11,8,11,110,0,44,47,3,94,80,55,55,14,204,202,18,220,424
01/15/2020,KOA,HI,AWP,WE,Federal Contract Tower,80,8,7,6,101,0,49,55,5,109,80,57,62,11,210,198,22,220,430
01/16/2020,KOA,HI,AWP,WE,Federal Contract Tower,90,23,8,1,122,0,45,44,3,92,90,68,52,4,214,278,26,304,518
01/17/2020,KOA,HI,AWP,WE,Federal Contract Tower,92,26,13,5,136,0,41,35,1,77,92,67,48,6,213,190,14,204,417
01/18/2020,KOA,HI,AWP,WE,Federal Contract Tower,90,15,12,2,119,0,51,27,0,78,90,66,39,2,197,68,0,68,265
01/19/2020,KOA,HI,AWP,WE,Federal Contract Tower,96,10,10,0,116,0,48,26,0,74,96,58,36,0,190,18,0,18,208
01/20/2020,KOA,HI,AWP,WE,Federal Contract Tower,91,10,10,0,111,0,44,59,2,105,91,54,69,2,216,238,0,238,454
01/21/2020,KOA,HI,AWP,WE,Federal Contract Tower,81,17,9,1,108,0,35,51,17,103,81,52,60,18,211,204,8,212,423
01/22/2020,KOA,HI,AWP,WE,Federal Contract Tower,90,11,11,8,120,0,34,53,7,94,90,45,64,15,214,150,2,152,366
01/23/2020,KOA,HI,AWP,WE,Federal Contract Tower,91,13,10,13,127,0,44,51,5,100,91,57,61,18,227,150,44,194,421
01/24/2020,KOA,HI,AWP,WE,Federal Contract Tower,98,16,14,12,140,0,58,52,2,112,98,74,66,14,252,172,22,194,446
01/25/2020,KOA,HI,AWP,WE,Federal Contract Tower,98,6,8,0,112,0,49,42,0,91,98,55,50,0,203,60,0,60,263
01/26/2020,KOA,HI,AWP,WE,Federal Contract Tower,90,12,4,0,106,0,41,26,0,67,90,53,30,0,173,28,0,28,201
01/27/2020,KOA,HI,AWP,WE,Federal Contract Tower,82,11,8,6,107,0,51,45,2,98,82,62,53,8,205,192,0,192,397
01/28/2020,KOA,HI,AWP,WE,Federal Contract Tower,80,11,12,18,121,0,32,37,3,72,80,43,49,21,193,100,28,128,321
01/29/2020,KOA,HI,AWP,WE,Federal Contract Tower,89,5,11,8,113,0,37,40,4,81,89,42,51,12,194,174,0,174,368
01/30/2020,KOA,HI,AWP,WE,Federal Contract Tower,93,7,6,8,114,0,29,51,4,84,93,36,57,12,198,248,12,260,458
01/31/2020,KOA,HI,AWP,WE,Federal Contract Tower,96,12,7,9,124,0,34,32,1,67,96,46,39,10,191,140,10,150,341
02/01/2020,KOA,HI,AWP,WE,Federal Contract Tower,96,12,5,0,113,0,43,25,0,68,96,55,30,0,181,38,0,38,219
02/02/2020,KOA,HI,AWP,WE,Federal Contract Tower,95,7,5,1,108,0,37,18,1,56,95,44,23,2,164,34,0,34,198
02/03/2020,KOA,HI,AWP,WE,Federal Contract Tower,91,14,5,5,115,0,39,55,1,95,91,53,60,6,210,200,8,208,418
02/04/2020,KOA,HI,AWP,WE,Federal Contract Tower,80,8,13,7,108,0,38,31,1,70,80,46,44,8,178,206,0,206,384
02/05/2020,KOA,HI,AWP,WE,Federal Contract Tower,87,10,16,8,121,0,32,55,2,89,87,42,71,10,210,170,4,174,384
02/06/2020,KOA,HI,AWP,WE,Federal Contract Tower,94,23,5,5,127,0,7,18,2,27,94,30,23,7,154,166,22,188,342
02/07/2020,KOA,HI,AWP,WE,Federal Contract Tower,95,11,13,0,119,0,45,49,2,96,95,56,62,2,215,238,0,238,453
02/08/2020,KOA,HI,AWP,WE,Federal Contract Tower,99,7,5,1,112,0,30,39,1,70,99,37,44,2,182,116,0,116,298
02/09/2020,KOA,HI,AWP,WE,Federal Contract Tower,92,11,7,0,110,0,25,34,0,59,92,36,41,0,169,110,0,110,279
02/10/2020,KOA,HI,AWP,WE,Federal Contract Tower,90,21,6,4,121,0,22,24,0,46,90,43,30,4,167,122,0,122,289
02/11/2020,KOA,HI,AWP,WE,Federal Contract Tower,81,5,11,9,106,0,47,63,3,113,81,52,74,12,219,136,36,172,391
02/12/2020,KOA,HI,AWP,WE,Federal Contract Tower,91,8,10,4,113,0,39,52,3,94,91,47,62,7,207,200,14,214,421
02/13/2020,KOA,HI,AWP,WE,Federal Contract Tower,93,15,6,15,129,0,63,57,27,147,93,78,63,42,276,194,42,236,512
02/14/2020,KOA,HI,AWP,WE,Federal Contract Tower,101,7,12,0,120,0,47,28,3,78,101,54,40,3,198,134,0,134,332
02/15/2020,KOA,HI,AWP,WE,Federal Contract Tower,100,18,8,0,126,0,45,27,4,76,100,63,35,4,202,40,0,40,242
02/16/2020,KOA,HI,AWP,WE,Federal Contract Tower,91,13,18,0,122,0,43,25,2,70,91,56,43,2,192,48,0,48,240
02/17/2020,KOA,HI,AWP,WE,Federal Contract Tower,91,6,11,0,108,0,40,66,0,106,91,46,77,0,214,220,0,220,434
02/18/2020,KOA,HI,AWP,WE,Federal Contract Tower,91,12,10,19,132,0,46,46,5,97,91,58,56,24,229,212,16,228,457
02/19/2020,KOA,HI,AWP,WE,Federal Contract Tower,94,10,12,17,133,0,34,53,2,89,94,44,65,19,222,228,0,228,450
02/20/2020,KOA,HI,AWP,WE,Federal Contract Tower,95,13,1,10,119,0,32,63,0,95,95,45,64,10,214,344,14,358,572
02/21/2020,KOA,HI,AWP,WE,Federal Contract Tower,100,10,15,7,132,0,37,49,1,87,100,47,64,8,219,208,0,208,427
02/22/2020,KOA,HI,AWP,WE,Federal Contract Tower,98,13,10,0,121,0,47,60,4,111,98,60,70,4,232,96,0,96,328
02/23/2020,KOA,HI,AWP,WE,Federal Contract Tower,91,15,16,0,122,0,37,16,0,53,91,52,32,0,175,12,0,12,187
02/24/2020,KOA,HI,AWP,WE,Federal Contract Tower,89,13,11,4,117,0,38,57,3,98,89,51,68,7,215,264,0,264,479
02/25/2020,KOA,HI,AWP,WE,Federal Contract Tower,86,7,15,11,119,0,46,48,1,95,86,53,63,12,214,270,2,272,486
02/26/2020,KOA,HI,AWP,WE,Federal Contract Tower,88,9,6,11,114,0,39,47,3,89,88,48,53,14,203,212,4,216,419
02/27/2020,KOA,HI,AWP,WE,Federal Contract Tower,99,12,13,5,129,0,46,51,3,100,99,58,64,8,229,148,18,166,395
02/28/2020,KOA,HI,AWP,WE,Federal Contract Tower,98,10,8,8,124,0,33,42,13,88,98,43,50,21,212,228,16,244,456
02/29/2020,KOA,HI,AWP,WE,Federal Contract Tower,96,14,10,2,122,0,40,21,4,65,96,54,31,6,187,72,0,72,259
03/01/2020,KOA,HI,AWP,WE,Federal Contract Tower,96,11,6,0,113,0,38,24,0,62,96,49,30,0,175,94,0,94,269
03/02/2020,KOA,HI,AWP,WE,Federal Contract Tower,92,12,11,1,116,0,49,68,6,123,92,61,79,7,239,236,0,236,475
03/03/2020,KOA,HI,AWP,WE,Federal Contract Tower,89,6,11,6,112,0,27,65,2,94,89,33,76,8,206,348,24,372,578
03/04/2020,KOA,HI,AWP,WE,Federal Contract Tower,90,10,9,3,112,0,21,59,0,80,90,31,68,3,192,290,14,304,496
03/05/2020,KOA,HI,AWP,WE,Federal Contract Tower,92,6,11,13,122,0,39,59,7,105,92,45,70,20,227,252,36,288,515
03/06/2020,KOA,HI,AWP,WE,Federal Contract Tower,104,11,8,2,125,0,37,37,6,80,104,48,45,8,205,224,0,224,429
03/07/2020,KOA,HI,AWP,WE,Federal Contract Tower,103,18,9,0,130,0,20,16,3,39,103,38,25,3,169,154,26,180,349
03/08/2020,KOA,HI,AWP,WE,Federal Contract Tower,104,6,6,0,116,0,25,25,2,52,104,31,31,2,168,130,0,130,298
03/09/2020,KOA,HI,AWP,WE,Federal Contract Tower,100,7,11,14,132,0,36,49,4,89,100,43,60,18,221,210,18,228,449
03/10/2020,KOA,HI,AWP,WE,Federal Contract Tower,93,8,3,0,104,0,21,36,8,65,93,29,39,8,169,166,0,166,335
03/11/2020,KOA,HI,AWP,WE,Federal Contract Tower,101,7,7,10,125,0,25,45,3,73,101,32,52,13,198,198,32,230,428
03/12/2020,KOA,HI,AWP,WE,Federal Contract Tower,98,8,8,10,124,0,35,49,0,84,98,43,57,10,208,196,36,232,440
03/13/2020,KOA,HI,AWP,WE,Federal Contract Tower,106,19,6,1,132,0,22,26,3,51,106,41,32,4,183,176,0,176,359
03/14/2020,KOA,HI,AWP,WE,Federal Contract Tower,105,18,10,0,133,0,21,9,2,32,105,39,19,2,165,64,0,64,229
03/15/2020,KOA,HI,AWP,WE,Federal Contract Tower,102,9,7,0,118,0,26,16,0,42,102,35,23,0,160,50,0,50,210
03/16/2020,KOA,HI,AWP,WE,Federal Contract Tower,100,14,16,1,131,0,32,71,4,107,100,46,87,5,238,320,0,320,558
03/17/2020,KOA,HI,AWP,WE,Federal Contract Tower,108,18,16,0,142,0,25,53,0,78,108,43,69,0,220,172,0,172,392
03/18/2020,KOA,HI,AWP,WE,Federal Contract Tower,104,21,8,2,135,0,30,52,3,85,104,51,60,5,220,176,18,194,414
03/19/2020,KOA,HI,AWP,WE,Federal Contract Tower,98,13,10,14,135,0,26,39,2,67,98,39,49,16,202,156,0,156,358
03/20/2020,KOA,HI,AWP,WE,Federal Contract Tower,108,11,14,26,159,0,27,40,6,73,108,38,54,32,232,232,10,242,474
03/21/2020,KOA,HI,AWP,WE,Federal Contract Tower,97,12,7,0,116,0,26,30,0,56,97,38,37,0,172,64,0,64,236
03/22/2020,KOA,HI,AWP,WE,Federal Contract Tower,95,5,7,0,107,0,16,20,0,36,95,21,27,0,143,64,0,64,207
03/23/2020,KOA,HI,AWP,WE,Federal Contract Tower,98,8,4,17,127,0,26,42,3,71,98,34,46,20,198,300,12,312,510
03/24/2020,KOA,HI,AWP,WE,Federal Contract Tower,79,3,4,15,101,0,16,26,0,42,79,19,30,15,143,236,0,236,379
03/25/2020,KOA,HI,AWP,WE,Federal Contract Tower,74,8,9,5,96,0,13,38,0,51,74,21,47,5,147,294,8,302,449
03/26/2020,KOA,HI,AWP,WE,Federal Contract Tower,65,11,6,6,88,0,8,21,0,29,65,19,27,6,117,154,14,168,285
03/27/2020,KOA,HI,AWP,WE,Federal Contract Tower,51,7,4,6,68,0,19,30,0,49,51,26,34,6,117,142,0,142,259
03/28/2020,KOA,HI,AWP,WE,Federal Contract Tower,30,3,4,0,37,0,11,22,0,33,30,14,26,0,70,130,0,130,200
03/29/2020,KOA,HI,AWP,WE,Federal Contract Tower,39,2,3,4,48,0,4,10,0,14,39,6,13,4,62,18,0,18,80
03/30/2020,KOA,HI,AWP,WE,Federal Contract Tower,41,3,4,0,48,0,10,26,0,36,41,13,30,0,84,202,0,202,286
03/31/2020,KOA,HI,AWP,WE,Federal Contract Tower,46,3,0,4,53,0,11,34,0,45,46,14,34,4,98,226,0,226,324
04/01/2020,KOA,HI,AWP,WE,Federal Contract Tower,30,3,1,2,36,0,12,32,0,44,30,15,33,2,80,148,20,168,248
04/03/2020,KOA,HI,AWP,WE,Federal Contract Tower,30,1,4,10,45,0,8,28,0,36,30,9,32,10,81,142,0,142,223
04/04/2020,KOA,HI,AWP,WE,Federal Contract Tower,19,4,1,0,24,0,15,13,0,28,19,19,14,0,52,82,0,82,134
04/05/2020,KOA,HI,AWP,WE,Federal Contract Tower,19,5,2,2,28,0,2,12,0,14,19,7,14,2,42,60,0,60,102
04/06/2020,KOA,HI,AWP,WE,Federal Contract Tower,17,6,7,2,32,0,6,28,0,34,17,12,35,2,66,166,0,166,232
04/07/2020,KOA,HI,AWP,WE,Federal Contract Tower,20,2,3,8,33,0,11,21,0,32,20,13,24,8,65,66,26,92,157
04/08/2020,KOA,HI,AWP,WE,Federal Contract Tower,19,1,6,1,27,0,6,34,1,41,19,7,40,2,68,180,12,192,260
04/09/2020,KOA,HI,AWP,WE,Federal Contract Tower,19,5,5,0,29,0,11,30,0,41,19,16,35,0,70,98,0,98,168
04/10/2020,KOA,HI,AWP,WE,Federal Contract Tower,17,2,5,0,24,0,12,28,0,40,17,14,33,0,64,102,0,102,166
04/11/2020,KOA,HI,AWP,WE,Federal Contract Tower,14,8,5,0,27,0,11,16,0,27,14,19,21,0,54,74,0,74,128
04/12/2020,KOA,HI,AWP,WE,Federal Contract Tower,13,1,0,0,14,0,2,6,0,8,13,3,6,0,22,46,0,46,68
04/13/2020,KOA,HI,AWP,WE,Federal Contract Tower,14,4,1,1,20,0,5,33,0,38,14,9,34,1,58,150,0,150,208
04/14/2020,KOA,HI,AWP,WE,Federal Contract Tower,19,4,7,17,47,0,9,22,1,32,19,13,29,18,79,218,34,252,331
04/15/2020,KOA,HI,AWP,WE,Federal Contract Tower,18,2,1,0,21,0,4,23,5,32,18,6,24,5,53,120,8,128,181
04/16/2020,KOA,HI,AWP,WE,Federal Contract Tower,18,3,4,2,27,0,11,32,0,43,18,14,36,2,70,154,6,160,230
04/17/2020,KOA,HI,AWP,WE,Federal Contract Tower,19,4,8,0,31,0,4,29,3,36,19,8,37,3,67,250,0,250,317
04/18/2020,KOA,HI,AWP,WE,Federal Contract Tower,12,1,2,0,15,0,19,15,0,34,12,20,17,0,49,26,0,26,75
04/19/2020,KOA,HI,AWP,WE,Federal Contract Tower,17,1,3,0,21,0,3,11,0,14,17,4,14,0,35,12,0,12,47
04/20/2020,KOA,HI,AWP,WE,Federal Contract Tower,18,1,5,0,24,0,7,23,0,30,18,8,28,0,54,70,0,70,124
04/21/2020,KOA,HI,AWP,WE,Federal Contract Tower,18,2,1,9,30,0,4,33,0,37,18,6,34,9,67,208,32,240,307
04/22/2020,KOA,HI,AWP,WE,Federal Contract Tower,16,9,4,0,29,0,7,39,0,46,16,16,43,0,75,176,0,176,251
04/23/2020,KOA,HI,AWP,WE,Federal Contract Tower,19,1,4,23,47,0,7,21,2,30,19,8,25,25,77,183,36,219,296
04/24/2020,KOA,HI,AWP,WE,Federal Contract Tower,18,3,6,3,30,0,8,34,4,46,18,11,40,7,76,190,16,206,282
04/25/2020,KOA,HI,AWP,WE,Federal Contract Tower,16,1,5,0,22,0,15,11,2,28,16,16,16,2,50,28,0,28,78
04/26/2020,KOA,HI,AWP,WE,Federal Contract Tower,17,2,0,0,19,0,4,5,0,9,17,6,5,0,28,0,0,0,28
04/27/2020,KOA,HI,AWP,WE,Federal Contract Tower,19,2,2,8,31,0,7,24,0,31,19,9,26,8,62,116,0,116,178
04/28/2020,KOA,HI,AWP,WE,Federal Contract Tower,18,2,5,9,34,0,4,30,1,35,18,6,35,10,69,188,12,200,269
04/29/2020,KOA,HI,AWP,WE,Federal Contract Tower,18,7,3,6,34,0,6,30,0,36,18,13,33,6,70,130,0,130,200
04/30/2020,KOA,HI,AWP,WE,Federal Contract Tower,18,2,7,1,28,0,7,30,0,37,18,9,37,1,65,154,12,166,231
05/01/2020,KOA,HI,AWP,WE,Federal Contract Tower,19,6,4,4,33,0,4,26,0,30,19,10,30,4,63,126,20,146,209
05/02/2020,KOA,HI,AWP,WE,Federal Contract Tower,14,3,2,0,19,0,9,4,2,15,14,12,6,2,34,0,0,0,34
05/03/2020,KOA,HI,AWP,WE,Federal Contract Tower,20,2,2,0,24,0,5,11,0,16,20,7,13,0,40,18,0,18,58
05/04/2020,KOA,HI,AWP,WE,Federal Contract Tower,23,8,4,6,41,0,10,15,0,25,23,18,19,6,66,150,0,150,216
05/05/2020,KOA,HI,AWP,WE,Federal Contract Tower,20,4,7,26,57,0,5,20,3,28,20,9,27,29,85,172,20,192,277
05/06/2020,KOA,HI,AWP,WE,Federal Contract Tower,20,0,6,5,31,0,5,29,2,36,20,5,35,7,67,180,52,232,299
05/07/2020,KOA,HI,AWP,WE,Federal Contract Tower,21,3,4,1,29,0,8,28,1,37,21,11,32,2,66,86,28,114,180
05/08/2020,KOA,HI,AWP,WE,Federal Contract Tower,20,2,6,0,28,0,11,21,0,32,20,13,27,0,60,134,0,134,194
05/09/2020,KOA,HI,AWP,WE,Federal Contract Tower,18,4,1,0,23,0,9,8,0,17,18,13,9,0,40,6,0,6,46
05/10/2020,KOA,HI,AWP,WE,Federal Contract Tower,20,1,1,0,22,0,11,12,0,23,20,12,13,0,45,32,0,32,77
05/11/2020,KOA,HI,AWP,WE,Federal Contract Tower,21,2,4,2,29,0,8,24,0,32,21,10,28,2,61,138,10,148,209
05/12/2020,KOA,HI,AWP,WE,Federal Contract Tower,20,5,2,12,39,0,4,32,5,41,20,9,34,17,80,154,28,182,262
05/13/2020,KOA,HI,AWP,WE,Federal Contract Tower,20,3,4,5,32,0,6,43,1,50,20,9,47,6,82,193,20,213,295
05/14/2020,KOA,HI,AWP,WE,Federal Contract Tower,20,3,4,3,30,0,9,28,5,42,20,12,32,8,72,94,8,102,174
05/15/2020,KOA,HI,AWP,WE,Federal Contract Tower,21,7,6,23,57,0,5,30,0,35,21,12,36,23,92,120,0,120,212
05/16/2020,KOA,HI,AWP,WE,Federal Contract Tower,19,6,0,0,25,0,8,12,0,20,19,14,12,0,45,56,0,56,101
05/17/2020,KOA,HI,AWP,WE,Federal Contract Tower,20,4,1,0,25,0,10,12,0,22,20,14,13,0,47,8,0,8,55
05/18/2020,KOA,HI,AWP,WE,Federal Contract Tower,21,5,5,4,35,0,8,21,0,29,21,13,26,4,64,148,26,174,238
05/19/2020,KOA,HI,AWP,WE,Federal Contract Tower,20,4,5,25,54,0,12,18,4,34,20,16,23,29,88,122,24,146,234
05/20/2020,KOA,HI,AWP,WE,Federal Contract Tower,19,5,5,3,32,0,11,30,4,45,19,16,35,7,77,142,8,150,227
05/21/2020,KOA,HI,AWP,WE,Federal Contract Tower,22,6,4,17,49,0,7,6,9,22,22,13,10,26,71,84,28,112,183
05/22/2020,KOA,HI,AWP,WE,Federal Contract Tower,23,5,8,5,41,0,10,24,0,34,23,15,32,5,75,184,0,184,259
05/23/2020,KOA,HI,AWP,WE,Federal Contract Tower,18,10,5,0,33,0,8,17,0,25,18,18,22,0,58,28,0,28,86
05/24/2020,KOA,HI,AWP,WE,Federal Contract Tower,21,3,6,0,30,0,8,12,0,20,21,11,18,0,50,46,0,46,96
05/25/2020,KOA,HI,AWP,WE,Federal Contract Tower,17,9,3,0,29,0,6,24,1,31,17,15,27,1,60,102,2,104,164
05/26/2020,KOA,HI,AWP,WE,Federal Contract Tower,24,10,2,6,42,0,10,31,2,43,24,20,33,8,85,146,10,156,241
05/27/2020,KOA,HI,AWP,WE,Federal Contract Tower,19,3,6,4,32,0,5,37,3,45,19,8,43,7,77,134,2,136,213
05/28/2020,KOA,HI,AWP,WE,Federal Contract Tower,20,4,2,16,42,0,6,36,4,46,20,10,38,20,88,150,12,162,250
05/29/2020,KOA,HI,AWP,WE,Federal Contract Tower,23,2,7,4,36,0,7,40,0,47,23,9,47,4,83,192,0,192,275
05/30/2020,KOA,HI,AWP,WE,Federal Contract Tower,18,6,3,0,27,0,11,10,0,21,18,17,13,0,48,16,0,16,64
05/31/2020,KOA,HI,AWP,WE,Federal Contract Tower,21,2,7,0,30,0,6,10,0,16,21,8,17,0,46,8,0,8,54
06/01/2020,KOA,HI,AWP,WE,Federal Contract Tower,26,1,10,0,37,0,11,42,0,53,26,12,52,0,90,260,0,260,350
06/02/2020,KOA,HI,AWP,WE,Federal Contract Tower,26,5,5,4,40,0,7,40,1,48,26,12,45,5,88,106,10,116,204
06/03/2020,KOA,HI,AWP,WE,Federal Contract Tower,21,4,1,4,30,0,4,40,1,45,21,8,41,5,75,274,12,286,361
06/04/2020,KOA,HI,AWP,WE,Federal Contract Tower,26,5,7,1,39,0,9,20,1,30,26,14,27,2,69,148,14,162,231
06/05/2020,KOA,HI,AWP,WE,Federal Contract Tower,26,0,6,6,38,0,9,49,0,58,26,9,55,6,96,234,0,234,330
06/06/2020,KOA,HI,AWP,WE,Federal Contract Tower,19,5,1,0,25,0,11,8,0,19,19,16,9,0,44,30,0,30,74
06/07/2020,KOA,HI,AWP,WE,Federal Contract Tower,25,2,3,0,30,0,5,8,0,13,25,7,11,0,43,24,0,24,67
06/08/2020,KOA,HI,AWP,WE,Federal Contract Tower,26,7,7,6,46,0,11,41,0,52,26,18,48,6,98,214,0,214,312
06/09/2020,KOA,HI,AWP,WE,Federal Contract Tower,32,0,4,37,73,0,10,24,9,43,32,10,28,46,116,74,50,124,240
06/10/2020,KOA,HI,AWP,WE,Federal Contract Tower,24,2,6,7,39,0,9,38,11,58,24,11,44,18,97,196,20,216,313
06/11/2020,KOA,HI,AWP,WE,Federal Contract Tower,25,1,3,22,51,0,8,18,10,36,25,9,21,32,87,150,25,175,262
06/12/2020,KOA,HI,AWP,WE,Federal Contract Tower,27,5,4,7,43,0,10,39,2,51,27,15,43,9,94,114,0,114,208
06/13/2020,KOA,HI,AWP,WE,Federal Contract Tower,21,8,6,0,35,0,13,8,4,25,21,21,14,4,60,8,0,8,68
06/14/2020,KOA,HI,AWP,WE,Federal Contract Tower,25,3,6,3,37,0,5,6,2,13,25,8,12,5,50,26,22,48,98
06/15/2020,KOA,HI,AWP,WE,Federal Contract Tower,26,5,9,10,50,0,10,32,6,48,26,15,41,16,98,170,4,174,272
06/16/2020,KOA,HI,AWP,WE,Federal Contract Tower,25,4,9,22,60,0,9,38,15,62,25,13,47,37,122,90,28,118,240
06/17/2020,KOA,HI,AWP,WE,Federal Contract Tower,25,3,7,13,48,0,10,36,5,51,25,13,43,18,99,158,20,178,277
06/18/2020,KOA,HI,AWP,WE,Federal Contract Tower,29,1,12,4,46,0,13,37,0,50,29,14,49,4,96,180,0,180,276
06/19/2020,KOA,HI,AWP,WE,Federal Contract Tower,32,5,8,0,45,0,10,47,0,57,32,15,55,0,102,236,0,236,338
06/20/2020,KOA,HI,AWP,WE,Federal Contract Tower,23,7,3,2,35,0,15,23,0,38,23,22,26,2,73,26,0,26,99
06/21/2020,KOA,HI,AWP,WE,Federal Contract Tower,30,2,7,2,41,0,11,17,0,28,30,13,24,2,69,60,0,60,129
06/22/2020,KOA,HI,AWP,WE,Federal Contract Tower,29,0,12,9,50,0,16,32,1,49,29,16,44,10,99,182,6,188,287
06/23/2020,KOA,HI,AWP,WE,Federal Contract Tower,29,4,9,4,46,0,11,52,5,68,29,15,61,9,114,194,6,200,314
06/24/2020,KOA,HI,AWP,WE,Federal Contract Tower,23,6,6,6,41,0,17,52,0,69,23,23,58,6,110,94,0,94,204
06/25/2020,KOA,HI,AWP,WE,Federal Contract Tower,26,7,5,11,49,0,8,24,0,32,26,15,29,11,81,106,4,110,191
06/26/2020,KOA,HI,AWP,WE,Federal Contract Tower,33,2,5,2,42,0,15,36,2,53,33,17,41,4,95,110,0,110,205
06/27/2020,KOA,HI,AWP,WE,Federal Contract Tower,21,2,6,0,29,0,12,8,0,20,21,14,14,0,49,6,0,6,55
06/28/2020,KOA,HI,AWP,WE,Federal Contract Tower,34,2,4,0,40,0,7,17,0,24,34,9,21,0,64,36,0,36,100
06/29/2020,KOA,HI,AWP,WE,Federal Contract Tower,31,5,1,26,63,0,19,17,8,44,31,24,18,34,107,98,6,104,211
06/30/2020,KOA,HI,AWP,WE,Federal Contract Tower,31,4,2,4,41,0,10,28,1,39,31,14,30,5,80,128,6,134,214
07/01/2020,KOA,HI,AWP,WE,Federal Contract Tower,42,1,7,4,54,0,18,38,1,57,42,19,45,5,111,134,22,156,267
07/02/2020,KOA,HI,AWP,WE,Federal Contract Tower,43,6,5,1,55,0,13,36,0,49,43,19,41,1,104,114,6,120,224
07/03/2020,KOA,HI,AWP,WE,Federal Contract Tower,43,11,8,0,62,0,16,37,0,53,43,27,45,0,115,144,0,144,259
07/04/2020,KOA,HI,AWP,WE,Federal Contract Tower,27,1,7,0,35,0,5,16,0,21,27,6,23,0,56,22,0,22,78
07/05/2020,KOA,HI,AWP,WE,Federal Contract Tower,41,0,5,0,46,0,16,6,0,22,41,16,11,0,68,6,0,6,74
07/06/2020,KOA,HI,AWP,WE,Federal Contract Tower,41,8,3,8,60,0,14,36,1,51,41,22,39,9,111,90,22,112,223
07/07/2020,KOA,HI,AWP,WE,Federal Contract Tower,37,0,3,17,57,0,15,33,7,55,37,15,36,24,112,124,20,144,256
07/08/2020,KOA,HI,AWP,WE,Federal Contract Tower,41,2,5,6,54,0,19,32,1,52,41,21,37,7,106,160,10,170,276
07/09/2020,KOA,HI,AWP,WE,Federal Contract Tower,41,8,4,4,57,0,20,44,0,64,41,28,48,4,121,154,16,170,291
07/10/2020,KOA,HI,AWP,WE,Federal Contract Tower,43,5,7,10,65,0,15,41,1,57,43,20,48,11,122,188,0,188,310
07/11/2020,KOA,HI,AWP,WE,Federal Contract Tower,30,0,6,0,36,0,16,18,0,34,30,16,24,0,70,58,0,58,128
07/12/2020,KOA,HI,AWP,WE,Federal Contract Tower,37,5,5,0,47,0,13,11,0,24,37,18,16,0,71,44,0,44,115
07/13/2020,KOA,HI,AWP,WE,Federal Contract Tower,41,6,7,13,67,0,8,44,3,55,41,14,51,16,122,240,16,256,378
07/14/2020,KOA,HI,AWP,WE,Federal Contract Tower,41,3,4,9,57,0,16,21,0,37,41,19,25,9,94,134,6,140,234
07/15/2020,KOA,HI,AWP,WE,Federal Contract Tower,44,2,5,4,55,0,25,45,0,70,44,27,50,4,125,212,0,212,337
07/16/2020,KOA,HI,AWP,WE,Federal Contract Tower,39,3,0,6,48,0,10,40,8,58,39,13,40,14,106,138,18,156,262
07/17/2020,KOA,HI,AWP,WE,Federal Contract Tower,44,6,4,17,71,0,21,44,5,70,44,27,48,22,141,220,12,232,373
07/18/2020,KOA,HI,AWP,WE,Federal Contract Tower,30,5,8,0,43,0,17,14,2,33,30,22,22,2,76,30,0,30,106
07/19/2020,KOA,HI,AWP,WE,Federal Contract Tower,40,3,1,2,46,0,19,6,0,25,40,22,7,2,71,8,0,8,79
07/20/2020,KOA,HI,AWP,WE,Federal Contract Tower,41,4,5,8,58,0,11,21,5,37,41,15,26,13,95,166,0,166,261
07/21/2020,KOA,HI,AWP,WE,Federal Contract Tower,39,3,3,2,47,0,16,34,0,50,39,19,37,2,97,174,0,174,271
07/22/2020,KOA,HI,AWP,WE,Federal Contract Tower,39,6,3,4,52,0,12,51,8,71,39,18,54,12,123,154,8,162,285
07/23/2020,KOA,HI,AWP,WE,Federal Contract Tower,41,3,1,0,45,0,10,31,0,41,41,13,32,0,86,156,0,156,242
07/24/2020,KOA,HI,AWP,WE,Federal Contract Tower,53,2,1,8,64,0,20,37,3,60,53,22,38,11,124,188,0,188,312
07/25/2020,KOA,HI,AWP,WE,Federal Contract Tower,41,10,0,0,51,0,20,7,0,27,41,30,7,0,78,10,0,10,88
07/26/2020,KOA,HI,AWP,WE,Federal Contract Tower,9,2,0,5,16,0,0,0,0,0,9,2,0,5,16,0,0,0,16
07/27/2020,KOA,HI,AWP,WE,Federal Contract Tower,51,9,3,0,63,0,18,38,1,57,51,27,41,1,120,172,0,172,292
07/28/2020,KOA,HI,AWP,WE,Federal Contract Tower,46,0,4,16,66,0,12,41,9,62,46,12,45,25,128,202,28,230,358
07/29/2020,KOA,HI,AWP,WE,Federal Contract Tower,41,3,2,8,54,0,23,16,14,53,41,26,18,22,107,164,10,174,281
07/30/2020,KOA,HI,AWP,WE,Federal Contract Tower,44,5,0,4,53,0,11,34,7,52,44,16,34,11,105,210,2,212,317
07/31/2020,KOA,HI,AWP,WE,Federal Contract Tower,46,3,4,3,56,0,16,31,1,48,46,19,35,4,104,188,0,188,292
08/01/2020,KOA,HI,AWP,WE,Federal Contract Tower,38,8,4,3,53,0,20,9,10,39,38,28,13,13,92,34,0,34,126
08/02/2020,KOA,HI,AWP,WE,Federal Contract Tower,40,1,5,0,46,0,11,9,4,24,40,12,14,4,70,0,0,0,70
08/03/2020,KOA,HI,AWP,WE,Federal Contract Tower,38,6,5,6,55,0,13,39,4,56,38,19,44,10,111,210,2,212,323
08/04/2020,KOA,HI,AWP,WE,Federal Contract Tower,42,6,2,2,52,0,10,29,4,43,42,16,31,6,95,108,0,108,203
08/05/2020,KOA,HI,AWP,WE,Federal Contract Tower,38,3,7,7,55,0,13,33,9,55,38,16,40,16,110,212,0,212,322
08/06/2020,KOA,HI,AWP,WE,Federal Contract Tower,43,8,8,8,67,0,9,35,10,54,43,17,43,18,121,158,36,194,315
08/07/2020,KOA,HI,AWP,WE,Federal Contract Tower,46,1,5,11,63,0,9,21,3,33,46,10,26,14,96,204,14,218,314
08/08/2020,KOA,HI,AWP,WE,Federal Contract Tower,33,6,8,0,47,0,17,10,3,30,33,23,18,3,77,6,0,6,83
08/09/2020,KOA,HI,AWP,WE,Federal Contract Tower,41,6,5,0,52,0,14,15,0,29,41,20,20,0,81,6,0,6,87
08/10/2020,KOA,HI,AWP,WE,Federal Contract Tower,43,6,6,1,56,0,13,48,2,63,43,19,54,3,119,284,0,284,403
08/11/2020,KOA,HI,AWP,WE,Federal Contract Tower,39,2,1,1,43,0,7,34,1,42,39,9,35,2,85,136,4,140,225
08/12/2020,KOA,HI,AWP,WE,Federal Contract Tower,29,2,7,1,39,0,9,45,1,55,29,11,52,2,94,122,16,138,232
08/13/2020,KOA,HI,AWP,WE,Federal Contract Tower,30,2,5,3,40,0,7,52,2,61,30,9,57,5,101,184,26,210,311
08/14/2020,KOA,HI,AWP,WE,Federal Contract Tower,32,5,6,0,43,0,13,28,3,44,32,18,34,3,87,168,0,168,255
08/15/2020,KOA,HI,AWP,WE,Federal Contract Tower,25,7,6,0,38,0,12,19,0,31,25,19,25,0,69,44,0,44,113
08/16/2020,KOA,HI,AWP,WE,Federal Contract Tower,27,11,8,0,46,0,11,14,0,25,27,22,22,0,71,10,0,10,81
08/17/2020,KOA,HI,AWP,WE,Federal Contract Tower,30,4,6,7,47,0,6,49,2,57,30,10,55,9,104,190,4,194,298
08/18/2020,KOA,HI,AWP,WE,Federal Contract Tower,29,4,5,2,40,0,20,29,2,51,29,24,34,4,91,126,6,132,223
08/20/2020,KOA,HI,AWP,WE,Federal Contract Tower,30,3,3,25,61,0,9,34,12,55,30,12,37,37,116,178,78,256,372
08/21/2020,KOA,HI,AWP,WE,Federal Contract Tower,30,2,9,18,59,0,3,30,2,35,30,5,39,20,94,234,0,234,328
08/22/2020,KOA,HI,AWP,WE,Federal Contract Tower,24,2,2,0,28,0,10,38,0,48,24,12,40,0,76,8,0,8,84
08/23/2020,KOA,HI,AWP,WE,Federal Contract Tower,27,0,1,0,28,0,5,10,0,15,27,5,11,0,43,4,0,4,47
08/24/2020,KOA,HI,AWP,WE,Federal Contract Tower,30,1,4,1,36,0,6,41,2,49,30,7,45,3,85,156,0,156,241
08/25/2020,KOA,HI,AWP,WE,Federal Contract Tower,34,2,3,15,54,0,6,27,5,38,34,8,30,20,92,150,44,194,286
08/26/2020,KOA,HI,AWP,WE,Federal Contract Tower,26,4,3,0,33,0,6,26,4,36,26,10,29,4,69,188,0,188,257
08/27/2020,KOA,HI,AWP,WE,Federal Contract Tower,29,8,6,3,46,0,6,33,5,44,29,14,39,8,90,124,18,142,232
08/28/2020,KOA,HI,AWP,WE,Federal Contract Tower,32,1,8,6,47,0,7,58,8,73,32,8,66,14,120,214,0,214,334
08/29/2020,KOA,HI,AWP,WE,Federal Contract Tower,22,3,1,0,26,0,8,14,0,22,22,11,15,0,48,2,0,2,50
08/30/2020,KOA,HI,AWP,WE,Federal Contract Tower,28,2,1,2,33,0,7,6,6,19,28,9,7,8,52,6,0,6,58
08/31/2020,KOA,HI,AWP,WE,Federal Contract Tower,31,5,4,0,40,0,7,54,0,61,31,12,58,0,101,198,0,198,299
09/02/2020,KOA,HI,AWP,WE,Federal Contract Tower,25,1,7,10,43,0,4,25,0,29,25,5,32,10,72,174,26,200,272
09/03/2020,KOA,HI,AWP,WE,Federal Contract Tower,30,2,4,6,42,0,7,27,1,35,30,9,31,7,77,178,38,216,293
09/04/2020,KOA,HI,AWP,WE,Federal Contract Tower,31,0,9,1,41,0,13,41,2,56,31,13,50,3,97,164,0,164,261
09/05/2020,KOA,HI,AWP,WE,Federal Contract Tower,24,4,5,1,34,0,11,10,0,21,24,15,15,1,55,0,0,0,55
09/06/2020,KOA,HI,AWP,WE,Federal Contract Tower,19,4,5,0,28,0,3,23,0,26,19,7,28,0,54,44,0,44,98
09/07/2020,KOA,HI,AWP,WE,Federal Contract Tower,23,1,8,6,38,0,8,48,0,56,23,9,56,6,94,202,0,202,296
09/08/2020,KOA,HI,AWP,WE,Federal Contract Tower,21,4,4,1,30,0,6,29,0,35,21,10,33,1,65,128,18,146,211
09/09/2020,KOA,HI,AWP,WE,Federal Contract Tower,24,7,0,2,33,0,7,50,6,63,24,14,50,8,96,250,18,268,364
09/10/2020,KOA,HI,AWP,WE,Federal Contract Tower,25,1,3,8,37,0,2,30,3,35,25,3,33,11,72,154,14,168,240
09/11/2020,KOA,HI,AWP,WE,Federal Contract Tower,27,1,1,2,31,0,6,42,0,48,27,7,43,2,79,186,14,200,279
09/12/2020,KOA,HI,AWP,WE,Federal Contract Tower,27,11,3,0,41,0,8,29,0,37,27,19,32,0,78,100,0,100,178
09/13/2020,KOA,HI,AWP,WE,Federal Contract Tower,23,1,3,0,27,0,1,22,0,23,23,2,25,0,50,152,0,152,202
09/14/2020,KOA,HI,AWP,WE,Federal Contract Tower,27,3,9,9,48,0,10,32,4,46,27,13,41,13,94,120,20,140,234
09/15/2020,KOA,HI,AWP,WE,Federal Contract Tower,26,4,7,7,44,0,14,22,2,38,26,18,29,9,82,188,38,226,308
09/16/2020,KOA,HI,AWP,WE,Federal Contract Tower,24,2,1,7,34,0,11,69,6,86,24,13,70,13,120,190,10,200,320
09/17/2020,KOA,HI,AWP,WE,Federal Contract Tower,24,4,8,1,37,0,4,34,4,42,24,8,42,5,79,168,2,170,249
09/18/2020,KOA,HI,AWP,WE,Federal Contract Tower,29,0,4,5,38,0,5,41,7,53,29,5,45,12,91,146,0,146,237
09/19/2020,KOA,HI,AWP,WE,Federal Contract Tower,21,7,4,18,50,0,8,3,0,11,21,15,7,18,61,24,0,24,85
09/20/2020,KOA,HI,AWP,WE,Federal Contract Tower,21,6,3,0,30,0,3,15,0,18,21,9,18,0,48,18,0,18,66
09/21/2020,KOA,HI,AWP,WE,Federal Contract Tower,25,7,17,17,66,0,9,39,4,52,25,16,56,21,118,270,2,272,390
09/22/2020,KOA,HI,AWP,WE,Federal Contract Tower,23,4,0,16,43,0,5,21,2,28,23,9,21,18,71,164,20,184,255
09/23/2020,KOA,HI,AWP,WE,Federal Contract Tower,24,4,5,11,44,0,6,36,5,47,24,10,41,16,91,266,4,270,361
09/24/2020,KOA,HI,AWP,WE,Federal Contract Tower,25,4,4,13,46,0,7,32,15,54,25,11,36,28,100,244,58,302,402
09/25/2020,KOA,HI,AWP,WE,Federal Contract Tower,28,2,8,40,78,0,9,29,9,47,28,11,37,49,125,206,0,206,331
09/26/2020,KOA,HI,AWP,WE,Federal Contract Tower,18,4,2,0,24,0,11,14,0,25,18,15,16,0,49,54,0,54,103
09/27/2020,KOA,HI,AWP,WE,Federal Contract Tower,23,1,2,0,26,0,2,14,0,16,23,3,16,0,42,4,0,4,46
09/28/2020,KOA,HI,AWP,WE,Federal Contract Tower,27,4,5,8,44,0,6,37,6,49,27,10,42,14,93,194,14,208,301
09/29/2020,KOA,HI,AWP,WE,Federal Contract Tower,24,4,9,9,46,0,6,29,2,37,24,10,38,11,83,116,14,130,213
09/30/2020,KOA,HI,AWP,WE,Federal Contract Tower,31,5,2,1,39,0,7,40,6,53,31,12,42,7,92,254,40,294,386
10/01/2020,KOA,HI,AWP,WE,Federal Contract Tower,24,9,6,10,49,0,17,29,9,55,24,26,35,19,104,172,34,206,310
10/02/2020,KOA,HI,AWP,WE,Federal Contract Tower,26,3,15,0,44,0,6,37,0,43,26,9,52,0,87,204,0,204,291
10/03/2020,KOA,HI,AWP,WE,Federal Contract Tower,24,2,13,2,41,0,12,9,2,23,24,14,22,4,64,22,0,22,86
10/04/2020,KOA,HI,AWP,WE,Federal Contract Tower,19,3,2,0,24,0,8,18,0,26,19,11,20,0,50,30,0,30,80
10/05/2020,KOA,HI,AWP,WE,Federal Contract Tower,25,3,5,21,54,0,6,43,2,51,25,9,48,23,105,176,16,192,297
10/06/2020,KOA,HI,AWP,WE,Federal Contract Tower,31,5,0,2,38,0,9,36,0,45,31,14,36,2,83,154,26,180,263
10/07/2020,KOA,HI,AWP,WE,Federal Contract Tower,22,6,2,12,42,0,5,27,1,33,22,11,29,13,75,224,10,234,309
10/08/2020,KOA,HI,AWP,WE,Federal Contract Tower,27,2,12,12,53,0,8,21,3,32,27,10,33,15,85,180,44,224,309
10/09/2020,KOA,HI,AWP,WE,Federal Contract Tower,26,10,0,0,36,0,7,50,14,71,26,17,50,14,107,188,2,190,297
10/10/2020,KOA,HI,AWP,WE,Federal Contract Tower,26,5,2,0,33,0,8,3,0,11,26,13,5,0,44,0,0,0,44
10/11/2020,KOA,HI,AWP,WE,Federal Contract Tower,24,5,5,0,34,0,1,11,4,16,24,6,16,4,50,18,0,18,68
10/12/2020,KOA,HI,AWP,WE,Federal Contract Tower,28,3,1,0,32,0,4,28,0,32,28,7,29,0,64,78,0,78,142
10/13/2020,KOA,HI,AWP,WE,Federal Contract Tower,28,8,4,5,45,0,6,15,1,22,28,14,19,6,67,110,54,164,231
10/14/2020,KOA,HI,AWP,WE,Federal Contract Tower,24,3,4,23,54,0,9,31,1,41,24,12,35,24,95,98,12,110,205
10/15/2020,KOA,HI,AWP,WE,Federal Contract Tower,45,5,5,16,71,0,12,29,0,41,45,17,34,16,112,60,0,60,172
10/16/2020,KOA,HI,AWP,WE,Federal Contract Tower,46,6,8,2,62,0,9,41,4,54,46,15,49,6,116,210,0,210,326
10/17/2020,KOA,HI,AWP,WE,Federal Contract Tower,38,5,6,1,50,0,6,3,0,9,38,11,9,1,59,2,0,2,61
10/18/2020,KOA,HI,AWP,WE,Federal Contract Tower,43,1,2,2,48,0,9,12,2,23,43,10,14,4,71,40,0,40,111
10/19/2020,KOA,HI,AWP,WE,Federal Contract Tower,45,9,4,5,63,0,7,33,10,50,45,16,37,15,113,170,2,172,285
10/20/2020,KOA,HI,AWP,WE,Federal Contract Tower,39,5,7,2,53,0,9,21,10,40,39,14,28,12,93,72,24,96,189
10/21/2020,KOA,HI,AWP,WE,Federal Contract Tower,37,4,8,9,58,0,5,44,1,50,37,9,52,10,108,206,16,222,330
10/22/2020,KOA,HI,AWP,WE,Federal Contract Tower,42,5,7,8,62,0,10,23,12,45,42,15,30,20,107,196,16,212,319
10/23/2020,KOA,HI,AWP,WE,Federal Contract Tower,43,10,6,9,68,0,5,27,8,40,43,15,33,17,108,114,10,124,232
10/24/2020,KOA,HI,AWP,WE,Federal Contract Tower,39,6,6,0,51,0,12,18,6,36,39,18,24,6,87,8,0,8,95
10/25/2020,KOA,HI,AWP,WE,Federal Contract Tower,38,7,7,0,52,0,3,9,0,12,38,10,16,0,64,8,0,8,72
10/26/2020,KOA,HI,AWP,WE,Federal Contract Tower,44,4,11,1,60,0,8,34,8,50,44,12,45,9,110,112,0,112,222
10/27/2020,KOA,HI,AWP,WE,Federal Contract Tower,36,9,3,17,65,0,6,8,7,21,36,15,11,24,86,143,18,161,247
10/28/2020,KOA,HI,AWP,WE,Federal Contract Tower,39,2,6,21,68,0,5,45,1,51,39,7,51,22,119,258,16,274,393
10/29/2020,KOA,HI,AWP,WE,Federal Contract Tower,42,10,8,4,64,0,8,18,0,26,42,18,26,4,90,82,0,82,172
10/30/2020,KOA,HI,AWP,WE,Federal Contract Tower,41,11,7,4,63,0,10,26,4,40,41,21,33,8,103,126,6,132,235
10/31/2020,KOA,HI,AWP,WE,Federal Contract Tower,36,2,2,1,41,0,10,6,0,16,36,12,8,1,57,0,0,0,57
11/01/2020,KOA,HI,AWP,WE,Federal Contract Tower,38,3,13,0,54,0,9,14,0,23,38,12,27,0,77,28,0,28,105
11/02/2020,KOA,HI,AWP,WE,Federal Contract Tower,45,8,6,2,61,0,6,31,10,47,45,14,37,12,108,96,10,106,214
11/03/2020,KOA,HI,AWP,WE,Federal Contract Tower,42,4,11,3,60,0,6,30,5,41,42,10,41,8,101,202,0,202,303
11/04/2020,KOA,HI,AWP,WE,Federal Contract Tower,39,7,4,2,52,0,3,30,0,33,39,10,34,2,85,146,0,146,231
11/05/2020,KOA,HI,AWP,WE,Federal Contract Tower,44,4,6,2,56,0,8,28,1,37,44,12,34,3,93,154,24,178,271
11/06/2020,KOA,HI,AWP,WE,Federal Contract Tower,46,7,14,3,70,0,8,32,14,54,46,15,46,17,124,122,8,130,254
11/07/2020,KOA,HI,AWP,WE,Federal Contract Tower,37,7,7,4,55,0,9,17,6,32,37,16,24,10,87,30,12,42,129
11/08/2020,KOA,HI,AWP,WE,Federal Contract Tower,41,10,5,0,56,0,11,23,2,36,41,21,28,2,92,4,0,4,96
11/09/2020,KOA,HI,AWP,WE,Federal Contract Tower,46,4,5,12,67,0,8,37,4,49,46,12,42,16,116,244,0,244,360
11/10/2020,KOA,HI,AWP,WE,Federal Contract Tower,38,6,3,13,60,0,5,20,5,30,38,11,23,18,90,124,26,150,240
11/11/2020,KOA,HI,AWP,WE,Federal Contract Tower,38,8,12,4,62,0,7,24,0,31,38,15,36,4,93,198,0,198,291
11/12/2020,KOA,HI,AWP,WE,Federal Contract Tower,47,10,5,8,70,0,12,48,3,63,47,22,53,11,133,216,10,226,359
11/13/2020,KOA,HI,AWP,WE,Federal Contract Tower,47,9,10,12,78,0,11,20,1,32,47,20,30,13,110,156,6,162,272
11/14/2020,KOA,HI,AWP,WE,Federal Contract Tower,40,4,3,0,47,0,10,16,2,28,40,14,19,2,75,2,0,2,77
11/15/2020,KOA,HI,AWP,WE,Federal Contract Tower,41,3,11,0,55,0,10,19,0,29,41,13,30,0,84,30,0,30,114
11/16/2020,KOA,HI,AWP,WE,Federal Contract Tower,44,6,9,7,66,0,11,42,3,56,44,17,51,10,122,78,14,92,214
11/17/2020,KOA,HI,AWP,WE,Federal Contract Tower,43,8,9,27,87,0,20,46,1,67,43,28,55,28,154,108,18,126,280
11/18/2020,KOA,HI,AWP,WE,Federal Contract Tower,46,10,3,23,82,0,3,35,3,41,46,13,38,26,123,118,46,164,287
11/19/2020,KOA,HI,AWP,WE,Federal Contract Tower,49,12,6,10,77,0,0,0,0,0,49,12,6,10,77,202,26,228,305
11/20/2020,KOA,HI,AWP,WE,Federal Contract Tower,56,3,15,19,93,0,12,33,8,53,56,15,48,27,146,124,2,126,272
11/21/2020,KOA,HI,AWP,WE,Federal Contract Tower,53,10,20,0,83,0,21,11,0,32,53,31,31,0,115,18,0,18,133
11/22/2020,KOA,HI,AWP,WE,Federal Contract Tower,55,4,10,0,69,0,10,1,0,11,55,14,11,0,80,0,0,0,80
11/23/2020,KOA,HI,AWP,WE,Federal Contract Tower,52,3,9,1,65,0,7,23,3,33,52,10,32,4,98,172,0,172,270
11/24/2020,KOA,HI,AWP,WE,Federal Contract Tower,58,6,8,9,81,0,9,16,4,29,58,15,24,13,110,106,34,140,250
11/25/2020,KOA,HI,AWP,WE,Federal Contract Tower,52,6,5,6,69,0,15,33,0,48,52,21,38,6,117,160,3,163,280
11/26/2020,KOA,HI,AWP,WE,Federal Contract Tower,50,2,4,0,56,0,8,20,0,28,50,10,24,0,84,88,0,88,172
11/27/2020,KOA,HI,AWP,WE,Federal Contract Tower,54,3,12,0,69,0,11,37,0,48,54,14,49,0,117,164,0,164,281
11/28/2020,KOA,HI,AWP,WE,Federal Contract Tower,50,6,18,0,74,0,12,20,0,32,50,18,38,0,106,4,0,4,110
11/29/2020,KOA,HI,AWP,WE,Federal Contract Tower,57,11,17,1,86,0,10,13,3,26,57,21,30,4,112,20,0,20,132
11/30/2020,KOA,HI,AWP,WE,Federal Contract Tower,57,5,15,2,79,0,14,41,9,64,57,19,56,11,143,138,12,150,293
12/01/2020,KOA,HI,AWP,WE,Federal Contract Tower,45,7,14,6,72,0,9,39,8,56,45,16,53,14,128,154,28,182,310
12/02/2020,KOA,HI,AWP,WE,Federal Contract Tower,48,8,11,11,78,0,20,33,2,55,48,28,44,13,133,256,28,284,417
12/03/2020,KOA,HI,AWP,WE,Federal Contract Tower,51,6,17,5,79,0,5,38,9,52,51,11,55,14,131,138,20,158,289
12/04/2020,KOA,HI,AWP,WE,Federal Contract Tower,52,9,8,2,71,0,13,28,0,41,52,22,36,2,112,208,14,222,334
12/05/2020,KOA,HI,AWP,WE,Federal Contract Tower,42,6,11,10,69,0,14,8,6,28,42,20,19,16,97,30,18,48,145
12/06/2020,KOA,HI,AWP,WE,Federal Contract Tower,51,2,11,0,64,0,13,7,0,20,51,15,18,0,84,2,0,2,86
12/07/2020,KOA,HI,AWP,WE,Federal Contract Tower,53,7,15,16,91,0,14,44,3,61,53,21,59,19,152,92,14,106,258
12/08/2020,KOA,HI,AWP,WE,Federal Contract Tower,50,12,6,7,75,0,11,18,0,29,50,23,24,7,104,142,44,186,290
12/09/2020,KOA,HI,AWP,WE,Federal Contract Tower,49,7,15,5,76,0,13,48,2,63,49,20,63,7,139,220,20,240,379
12/10/2020,KOA,HI,AWP,WE,Federal Contract Tower,55,3,10,25,93,0,15,32,5,52,55,18,42,30,145,178,24,202,347
12/11/2020,KOA,HI,AWP,WE,Federal Contract Tower,54,14,13,4,85,0,10,37,8,55,54,24,50,12,140,190,8,198,338
12/12/2020,KOA,HI,AWP,WE,Federal Contract Tower,44,14,13,5,76,0,15,9,3,27,44,29,22,8,103,40,8,48,151
12/13/2020,KOA,HI,AWP,WE,Federal Contract Tower,54,4,8,0,66,0,13,17,0,30,54,17,25,0,96,28,0,28,124
12/14/2020,KOA,HI,AWP,WE,Federal Contract Tower,54,10,5,17,86,0,10,33,0,43,54,20,38,17,129,280,0,280,409
12/15/2020,KOA,HI,AWP,WE,Federal Contract Tower,48,1,3,9,61,0,12,34,2,48,48,13,37,11,109,142,22,164,273
12/16/2020,KOA,HI,AWP,WE,Federal Contract Tower,52,8,10,2,72,0,9,32,3,44,52,17,42,5,116,168,10,178,294
12/17/2020,KOA,HI,AWP,WE,Federal Contract Tower,62,5,11,1,79,0,10,25,0,35,62,15,36,1,114,100,0,100,214
12/18/2020,KOA,HI,AWP,WE,Federal Contract Tower,60,13,17,0,90,0,16,28,5,49,60,29,45,5,139,160,0,160,299
12/19/2020,KOA,HI,AWP,WE,Federal Contract Tower,69,9,24,0,102,0,11,11,0,22,69,20,35,0,124,0,0,0,124
12/20/2020,KOA,HI,AWP,WE,Federal Contract Tower,65,7,19,0,91,0,10,16,0,26,65,17,35,0,117,72,0,72,189
12/21/2020,KOA,HI,AWP,WE,Federal Contract Tower,64,8,14,5,91,0,15,31,1,47,64,23,45,6,138,210,0,210,348
12/22/2020,KOA,HI,AWP,WE,Federal Contract Tower,65,6,7,6,84,0,15,35,4,54,65,21,42,10,138,118,34,152,290
12/23/2020,KOA,HI,AWP,WE,Federal Contract Tower,60,7,18,6,91,0,28,32,4,64,60,35,50,10,155,78,8,86,241
12/24/2020,KOA,HI,AWP,WE,Federal Contract Tower,62,6,13,3,84,0,22,34,1,57,62,28,47,4,141,114,0,114,255
12/25/2020,KOA,HI,AWP,WE,Federal Contract Tower,48,4,11,0,63,0,12,5,0,17,48,16,16,0,80,14,0,14,94
12/26/2020,KOA,HI,AWP,WE,Federal Contract Tower,66,27,21,2,116,0,31,20,0,51,66,58,41,2,167,20,0,20,187
12/27/2020,KOA,HI,AWP,WE,Federal Contract Tower,65,12,13,0,90,0,22,12,0,34,65,34,25,0,124,2,0,2,126
12/28/2020,KOA,HI,AWP,WE,Federal Contract Tower,62,7,10,12,91,0,19,28,0,47,62,26,38,12,138,144,0,144,282
12/29/2020,KOA,HI,AWP,WE,Federal Contract Tower,66,10,13,3,92,0,13,28,3,44,66,23,41,6,136,110,16,126,262
12/30/2020,KOA,HI,AWP,WE,Federal Contract Tower,65,15,12,18,110,0,18,42,0,60,65,33,54,18,170,132,6,138,308
12/31/2020,KOA,HI,AWP,WE,Federal Contract Tower,63,11,6,1,81,0,24,35,1,60,63,35,41,2,141,150,0,150,291
01/01/2021,KOA,HI,AWP,WE,Federal Contract Tower,57,8,12,0,77,0,13,8,0,21,57,21,20,0,98,48,0,48,146
01/02/2021,KOA,HI,AWP,WE,Federal Contract Tower,60,16,18,0,94,0,33,12,0,45,60,49,30,0,139,0,0,0,139
01/03/2021,KOA,HI,AWP,WE,Federal Contract Tower,64,20,22,0,106,0,23,27,0,50,64,43,49,0,156,60,0,60,216
01/04/2021,KOA,HI,AWP,WE,Federal Contract Tower,61,6,17,1,85,0,11,26,2,39,61,17,43,3,124,126,0,126,250
01/05/2021,KOA,HI,AWP,WE,Federal Contract Tower,55,11,7,1,74,0,17,22,1,40,55,28,29,2,114,73,14,87,201
01/06/2021,KOA,HI,AWP,WE,Federal Contract Tower,54,6,9,10,79,0,9,37,2,48,54,15,46,12,127,100,38,138,265
01/07/2021,KOA,HI,AWP,WE,Federal Contract Tower,62,4,13,3,82,0,20,28,3,51,62,24,41,6,133,188,12,200,333
01/08/2021,KOA,HI,AWP,WE,Federal Contract Tower,55,7,11,5,78,0,9,42,2,53,55,16,53,7,131,160,20,180,311
01/09/2021,KOA,HI,AWP,WE,Federal Contract Tower,55,10,12,2,79,0,11,11,1,23,55,21,23,3,102,40,8,48,150
01/10/2021,KOA,HI,AWP,WE,Federal Contract Tower,56,14,13,0,83,0,14,26,0,40,56,28,39,0,123,26,0,26,149
01/11/2021,KOA,HI,AWP,WE,Federal Contract Tower,58,10,7,12,87,0,19,39,0,58,58,29,46,12,145,89,0,89,234
01/12/2021,KOA,HI,AWP,WE,Federal Contract Tower,52,6,8,29,95,0,9,37,0,46,52,15,45,29,141,150,26,176,317
01/13/2021,KOA,HI,AWP,WE,Federal Contract Tower,54,6,7,21,88,0,12,29,1,42,54,18,36,22,130,208,22,230,360
01/14/2021,KOA,HI,AWP,WE,Federal Contract Tower,57,6,9,0,72,0,15,40,2,57,57,21,49,2,129,236,0,236,365
01/15/2021,KOA,HI,AWP,WE,Federal Contract Tower,60,10,15,12,97,0,13,27,2,42,60,23,42,14,139,124,0,124,263
01/16/2021,KOA,HI,AWP,WE,Federal Contract Tower,56,18,10,0,84,0,11,17,0,28,56,29,27,0,112,4,0,4,116
01/17/2021,KOA,HI,AWP,WE,Federal Contract Tower,55,11,16,0,82,0,3,9,0,12,55,14,25,0,94,28,0,28,122
01/18/2021,KOA,HI,AWP,WE,Federal Contract Tower,59,18,7,0,84,0,6,17,0,23,59,24,24,0,107,86,0,86,193
01/19/2021,KOA,HI,AWP,WE,Federal Contract Tower,54,9,2,3,68,0,8,26,3,37,54,17,28,6,105,152,18,170,275
01/20/2021,KOA,HI,AWP,WE,Federal Contract Tower,52,7,3,4,66,0,13,24,15,52,52,20,27,19,118,134,0,134,252
01/21/2021,KOA,HI,AWP,WE,Federal Contract Tower,59,15,8,22,104,0,7,24,31,62,59,22,32,53,166,128,24,152,318
01/22/2021,KOA,HI,AWP,WE,Federal Contract Tower,61,12,8,1,82,1,11,25,6,43,62,23,33,7,125,144,0,144,269
01/23/2021,KOA,HI,AWP,WE,Federal Contract Tower,53,12,10,3,78,0,15,13,2,30,53,27,23,5,108,12,6,18,126
01/24/2021,KOA,HI,AWP,WE,Federal Contract Tower,53,15,10,0,78,0,15,12,0,27,53,30,22,0,105,64,0,64,169
01/25/2021,KOA,HI,AWP,WE,Federal Contract Tower,56,15,9,2,82,0,2,7,2,11,56,17,16,4,93,46,0,46,139
01/26/2021,KOA,HI,AWP,WE,Federal Contract Tower,51,10,11,12,84,0,8,23,15,46,51,18,34,27,130,180,10,190,320
01/27/2021,KOA,HI,AWP,WE,Federal Contract Tower,52,9,3,6,70,0,7,26,2,35,52,16,29,8,105,134,10,144,249
01/28/2021,KOA,HI,AWP,WE,Federal Contract Tower,61,14,5,23,103,0,8,35,7,50,61,22,40,30,153,108,30,138,291
01/29/2021,KOA,HI,AWP,WE,Federal Contract Tower,61,12,8,1,82,0,6,40,1,47,61,18,48,2,129,144,0,144,273
01/30/2021,KOA,HI,AWP,WE,Federal Contract Tower,52,10,10,5,77,0,10,15,3,28,52,20,25,8,105,12,14,26,131
01/31/2021,KOA,HI,AWP,WE,Federal Contract Tower,56,7,12,0,75,0,13,21,0,34,56,20,33,0,109,16,0,16,125
02/01/2021,KOA,HI,AWP,WE,Federal Contract Tower,55,11,14,7,87,0,17,46,4,67,55,28,60,11,154,166,26,192,346
02/02/2021,KOA,HI,AWP,WE,Federal Contract Tower,52,3,8,1,64,0,26,25,2,53,52,29,33,3,117,98,24,122,239
02/03/2021,KOA,HI,AWP,WE,Federal Contract Tower,50,14,4,5,73,0,9,7,3,19,50,23,11,8,92,102,0,102,194
02/04/2021,KOA,HI,AWP,WE,Federal Contract Tower,57,11,13,13,94,0,9,19,7,35,57,20,32,20,129,94,22,116,245
02/05/2021,KOA,HI,AWP,WE,Federal Contract Tower,60,8,5,0,73,0,17,30,1,48,60,25,35,1,121,198,0,198,319
02/06/2021,KOA,HI,AWP,WE,Federal Contract Tower,52,7,13,0,72,0,18,25,2,45,52,25,38,2,117,0,0,0,117
02/07/2021,KOA,HI,AWP,WE,Federal Contract Tower,52,13,5,2,72,0,13,14,0,27,52,26,19,2,99,28,0,28,127
02/08/2021,KOA,HI,AWP,WE,Federal Contract Tower,52,4,4,0,60,0,20,40,2,62,52,24,44,2,122,62,0,62,184
02/09/2021,KOA,HI,AWP,WE,Federal Contract Tower,50,6,6,4,66,0,17,12,2,31,50,23,18,6,97,51,32,83,180
02/10/2021,KOA,HI,AWP,WE,Federal Contract Tower,49,5,12,3,69,0,14,44,3,61,49,19,56,6,130,146,32,178,308
02/11/2021,KOA,HI,AWP,WE,Federal Contract Tower,64,10,4,20,98,0,25,28,14,67,64,35,32,34,165,118,18,136,301
02/12/2021,KOA,HI,AWP,WE,Federal Contract Tower,67,7,5,8,87,0,19,21,10,50,67,26,26,18,137,192,16,208,345
02/13/2021,KOA,HI,AWP,WE,Federal Contract Tower,53,10,9,1,73,0,13,38,3,54,53,23,47,4,127,52,16,68,195
02/14/2021,KOA,HI,AWP,WE,Federal Contract Tower,55,6,12,0,73,1,13,20,0,34,56,19,32,0,107,56,0,56,163
02/15/2021,KOA,HI,AWP,WE,Federal Contract Tower,56,4,16,0,76,0,21,45,1,67,56,25,61,1,143,196,0,196,339
02/16/2021,KOA,HI,AWP,WE,Federal Contract Tower,56,8,10,5,79,0,18,55,2,75,56,26,65,7,154,130,14,144,298
02/17/2021,KOA,HI,AWP,WE,Federal Contract Tower,55,8,11,1,75,0,26,23,2,51,55,34,34,3,126,112,6,118,244
02/18/2021,KOA,HI,AWP,WE,Federal Contract Tower,59,9,9,10,87,0,17,16,15,48,59,26,25,25,135,114,42,156,291
02/19/2021,KOA,HI,AWP,WE,Federal Contract Tower,63,3,16,3,85,0,13,38,7,58,63,16,54,10,143,142,14,156,299
02/20/2021,KOA,HI,AWP,WE,Federal Contract Tower,58,7,17,10,92,0,21,8,0,29,58,28,25,10,121,22,0,22,143
02/21/2021,KOA,HI,AWP,WE,Federal Contract Tower,60,8,15,6,89,0,19,22,2,43,60,27,37,8,132,24,0,24,156
02/22/2021,KOA,HI,AWP,WE,Federal Contract Tower,61,8,14,14,97,0,15,25,7,47,61,23,39,21,144,124,0,124,268
02/23/2021,KOA,HI,AWP,WE,Federal Contract Tower,62,5,9,26,102,0,12,45,1,58,62,17,54,27,160,178,6,184,344
02/24/2021,KOA,HI,AWP,WE,Federal Contract Tower,61,5,13,31,110,0,11,43,2,56,61,16,56,33,166,154,32,186,352
02/25/2021,KOA,HI,AWP,WE,Federal Contract Tower,66,8,9,16,99,0,16,61,10,87,66,24,70,26,186,224,26,250,436
02/26/2021,KOA,HI,AWP,WE,Federal Contract Tower,64,10,9,13,96,0,13,26,12,51,64,23,35,25,147,130,0,130,277
02/27/2021,KOA,HI,AWP,WE,Federal Contract Tower,55,12,14,1,82,0,20,13,4,37,55,32,27,5,119,14,16,30,149
02/28/2021,KOA,HI,AWP,WE,Federal Contract Tower,59,9,12,0,80,0,20,12,5,37,59,29,24,5,117,32,16,48,165
03/01/2021,KOA,HI,AWP,WE,Federal Contract Tower,60,6,26,9,101,0,25,32,4,61,60,31,58,13,162,152,12,164,326
03/02/2021,KOA,HI,AWP,WE,Federal Contract Tower,56,11,12,15,94,0,17,34,4,55,56,28,46,19,149,160,14,174,323
03/03/2021,KOA,HI,AWP,WE,Federal Contract Tower,57,10,14,6,87,0,15,31,0,46,57,25,45,6,133,134,7,141,274
03/04/2021,KOA,HI,AWP,WE,Federal Contract Tower,64,12,9,6,91,0,17,29,1,47,64,29,38,7,138,116,20,136,274
03/05/2021,KOA,HI,AWP,WE,Federal Contract Tower,63,11,14,2,90,0,20,31,5,56,63,31,45,7,146,84,0,84,230
03/06/2021,KOA,HI,AWP,WE,Federal Contract Tower,55,8,10,1,74,0,16,16,2,34,55,24,26,3,108,14,0,14,122
03/07/2021,KOA,HI,AWP,WE,Federal Contract Tower,59,5,7,1,72,0,19,17,0,36,59,24,24,1,108,8,0,8,116
03/08/2021,KOA,HI,AWP,WE,Federal Contract Tower,60,26,6,0,92,0,10,46,0,56,60,36,52,0,148,114,0,114,262
03/09/2021,KOA,HI,AWP,WE,Federal Contract Tower,63,13,4,6,86,0,13,19,0,32,63,26,23,6,118,64,0,64,182
03/10/2021,KOA,HI,AWP,WE,Federal Contract Tower,60,8,9,1,78,0,27,42,1,70,60,35,51,2,148,168,20,188,336
03/11/2021,KOA,HI,AWP,WE,Federal Contract Tower,69,11,16,12,108,0,21,30,13,64,69,32,46,25,172,157,24,181,353
03/12/2021,KOA,HI,AWP,WE,Federal Contract Tower,64,9,18,20,111,0,19,33,11,63,64,28,51,31,174,182,4,186,360
03/13/2021,KOA,HI,AWP,WE,Federal Contract Tower,61,20,18,4,103,0,10,4,0,14,61,30,22,4,117,0,0,0,117
03/14/2021,KOA,HI,AWP,WE,Federal Contract Tower,62,11,13,7,93,0,19,8,2,29,62,30,21,9,122,24,12,36,158
03/15/2021,KOA,HI,AWP,WE,Federal Contract Tower,64,8,15,5,92,0,16,29,12,57,64,24,44,17,149,178,0,178,327
03/16/2021,KOA,HI,AWP,WE,Federal Contract Tower,65,15,17,5,102,0,18,40,3,61,65,33,57,8,163,116,28,144,307
03/17/2021,KOA,HI,AWP,WE,Federal Contract Tower,63,6,18,10,97,1,20,22,6,49,64,26,40,16,146,142,22,164,310
03/18/2021,KOA,HI,AWP,WE,Federal Contract Tower,68,11,17,8,104,0,16,38,10,64,68,27,55,18,168,184,36,220,388
03/19/2021,KOA,HI,AWP,WE,Federal Contract Tower,70,6,20,14,110,0,27,40,4,71,70,33,60,18,181,152,18,170,351
03/20/2021,KOA,HI,AWP,WE,Federal Contract Tower,69,11,15,1,96,0,27,21,1,49,69,38,36,2,145,44,0,44,189
03/21/2021,KOA,HI,AWP,WE,Federal Contract Tower,60,5,14,0,79,0,17,24,0,41,60,22,38,0,120,48,0,48,168
03/22/2021,KOA,HI,AWP,WE,Federal Contract Tower,62,10,19,20,111,0,21,35,1,57,62,31,54,21,168,186,26,212,380
03/23/2021,KOA,HI,AWP,WE,Federal Contract Tower,64,6,17,3,90,0,17,35,0,52,64,23,52,3,142,130,12,142,284
03/24/2021,KOA,HI,AWP,WE,Federal Contract Tower,63,5,18,1,87,0,18,54,0,72,63,23,72,1,159,176,8,184,343
03/25/2021,KOA,HI,AWP,WE,Federal Contract Tower,66,6,14,0,86,0,21,32,0,53,66,27,46,0,139,72,0,72,211
03/26/2021,KOA,HI,AWP,WE,Federal Contract Tower,70,8,19,3,100,0,23,39,3,65,70,31,58,6,165,154,0,154,319
03/27/2021,KOA,HI,AWP,WE,Federal Contract Tower,68,16,15,3,102,0,26,25,1,52,68,42,40,4,154,22,0,22,176
03/28/2021,KOA,HI,AWP,WE,Federal Contract Tower,64,13,12,6,95,0,17,8,0,25,64,30,20,6,120,34,0,34,154
03/29/2021,KOA,HI,AWP,WE,Federal Contract Tower,65,6,11,3,85,0,19,29,5,53,65,25,40,8,138,58,8,66,204
03/30/2021,KOA,HI,AWP,WE,Federal Contract Tower,65,13,8,8,94,0,15,21,1,37,65,28,29,9,131,38,28,66,197
03/31/2021,KOA,HI,AWP,WE,Federal Contract Tower,67,6,13,17,103,0,28,50,0,78,67,34,63,17,181,138,28,166,347
04/01/2021,KOA,HI,AWP,WE,Federal Contract Tower,64,19,25,18,126,0,19,52,4,75,64,38,77,22,201,130,40,170,371
04/02/2021,KOA,HI,AWP,WE,Federal Contract Tower,66,15,22,8,111,0,19,49,0,68,66,34,71,8,179,154,0,154,333
04/03/2021,KOA,HI,AWP,WE,Federal Contract Tower,70,20,20,11,121,0,26,32,1,59,70,46,52,12,180,18,26,44,224
04/04/2021,KOA,HI,AWP,WE,Federal Contract Tower,60,9,9,0,78,0,29,15,0,44,60,38,24,0,122,18,0,18,140
04/05/2021,KOA,HI,AWP,WE,Federal Contract Tower,63,11,14,16,104,0,20,33,2,55,63,31,47,18,159,242,20,262,421
04/06/2021,KOA,HI,AWP,WE,Federal Contract Tower,64,7,16,21,108,0,18,43,3,64,64,25,59,24,172,276,4,280,452
04/07/2021,KOA,HI,AWP,WE,Federal Contract Tower,70,7,3,0,80,0,22,38,4,64,70,29,41,4,144,204,0,204,348
04/08/2021,KOA,HI,AWP,WE,Federal Contract Tower,71,12,10,0,93,0,29,36,24,89,71,41,46,24,182,156,0,156,338
04/09/2021,KOA,HI,AWP,WE,Federal Contract Tower,74,13,21,4,112,0,23,44,3,70,74,36,65,7,182,148,20,168,350
04/10/2021,KOA,HI,AWP,WE,Federal Contract Tower,77,27,14,10,128,0,24,33,2,59,77,51,47,12,187,46,4,50,237
04/11/2021,KOA,HI,AWP,WE,Federal Contract Tower,74,13,16,2,105,0,19,23,2,44,74,32,39,4,149,6,0,6,155
04/12/2021,KOA,HI,AWP,WE,Federal Contract Tower,74,12,6,3,95,0,19,52,1,72,74,31,58,4,167,176,0,176,343
04/13/2021,KOA,HI,AWP,WE,Federal Contract Tower,70,3,11,4,88,0,15,41,0,56,70,18,52,4,144,80,6,86,230
04/14/2021,KOA,HI,AWP,WE,Federal Contract Tower,74,5,11,5,95,0,16,47,1,64,74,21,58,6,159,150,4,154,313
04/15/2021,KOA,HI,AWP,WE,Federal Contract Tower,74,8,12,9,103,0,26,52,0,78,74,34,64,9,181,182,18,200,381
04/16/2021,KOA,HI,AWP,WE,Federal Contract Tower,80,6,14,5,105,0,24,40,4,68,80,30,54,9,173,90,0,90,263
04/17/2021,KOA,HI,AWP,WE,Federal Contract Tower,76,6,13,2,97,0,33,25,0,58,76,39,38,2,155,62,0,62,217
04/18/2021,KOA,HI,AWP,WE,Federal Contract Tower,72,2,10,0,84,0,19,29,0,48,72,21,39,0,132,6,0,6,138
04/19/2021,KOA,HI,AWP,WE,Federal Contract Tower,78,2,13,2,95,0,24,76,0,100,78,26,89,2,195,192,8,200,395
04/20/2021,KOA,HI,AWP,WE,Federal Contract Tower,74,10,7,7,98,0,15,47,0,62,74,25,54,7,160,134,0,134,294
04/21/2021,KOA,HI,AWP,WE,Federal Contract Tower,70,9,13,30,122,0,19,49,1,69,70,28,62,31,191,172,32,204,395
04/22/2021,KOA,HI,AWP,WE,Federal Contract Tower,79,8,8,4,99,0,16,41,0,57,79,24,49,4,156,132,0,132,288
04/23/2021,KOA,HI,AWP,WE,Federal Contract Tower,75,12,22,10,119,0,20,32,6,58,75,32,54,16,177,170,14,184,361
04/24/2021,KOA,HI,AWP,WE,Federal Contract Tower,72,7,7,0,86,0,27,22,0,49,72,34,29,0,135,128,0,128,263
04/25/2021,KOA,HI,AWP,WE,Federal Contract Tower,76,5,6,0,87,0,32,43,0,75,76,37,49,0,162,12,0,12,174
04/26/2021,KOA,HI,AWP,WE,Federal Contract Tower,77,6,8,15,106,0,23,49,3,75,77,29,57,18,181,174,36,210,391
04/27/2021,KOA,HI,AWP,WE,Federal Contract Tower,74,10,4,12,100,0,23,37,0,60,74,33,41,12,160,130,16,146,306
04/28/2021,KOA,HI,AWP,WE,Federal Contract Tower,70,15,15,20,120,0,14,39,0,53,70,29,54,20,173,114,2,116,289
04/29/2021,KOA,HI,AWP,WE,Federal Contract Tower,77,13,8,25,123,0,28,35,1,64,77,41,43,26,187,108,36,144,331
04/30/2021,KOA,HI,AWP,WE,Federal Contract Tower,74,5,10,0,89,0,24,31,12,67,74,29,41,12,156,100,4,104,260
05/01/2021,KOA,HI,AWP,WE,Federal Contract Tower,75,14,5,6,100,0,50,12,4,66,75,64,17,10,166,50,0,50,216
05/02/2021,KOA,HI,AWP,WE,Federal Contract Tower,78,5,18,2,103,0,8,19,3,30,78,13,37,5,133,6,0,6,139
05/03/2021,KOA,HI,AWP,WE,Federal Contract Tower,76,7,15,8,106,0,10,54,0,64,76,17,69,8,170,122,6,128,298
05/04/2021,KOA,HI,AWP,WE,Federal Contract Tower,69,8,12,23,112,0,18,37,0,55,69,26,49,23,167,120,6,126,293
05/05/2021,KOA,HI,AWP,WE,Federal Contract Tower,69,12,12,19,112,0,23,28,2,53,69,35,40,21,165,112,56,168,333
05/06/2021,KOA,HI,AWP,WE,Federal Contract Tower,75,5,3,0,83,0,20,32,0,52,75,25,35,0,135,76,0,76,211
05/07/2021,KOA,HI,AWP,WE,Federal Contract Tower,79,8,9,3,99,0,24,26,3,53,79,32,35,6,152,66,0,66,218
05/08/2021,KOA,HI,AWP,WE,Federal Contract Tower,74,16,8,0,98,0,26,23,0,49,74,42,31,0,147,56,0,56,203
05/09/2021,KOA,HI,AWP,WE,Federal Contract Tower,82,6,11,1,100,0,13,30,0,43,82,19,41,1,143,8,0,8,151
05/10/2021,KOA,HI,AWP,WE,Federal Contract Tower,80,8,14,1,103,0,16,30,0,46,80,24,44,1,149,116,0,116,265
05/11/2021,KOA,HI,AWP,WE,Federal Contract Tower,69,10,12,34,125,0,15,44,0,59,69,25,56,34,184,176,26,202,386
05/12/2021,KOA,HI,AWP,WE,Federal Contract Tower,74,6,8,5,93,0,24,37,4,65,74,30,45,9,158,142,14,156,314
05/13/2021,KOA,HI,AWP,WE,Federal Contract Tower,77,10,10,1,98,0,27,34,3,64,77,37,44,4,162,82,12,94,256
05/14/2021,KOA,HI,AWP,WE,Federal Contract Tower,81,6,7,2,96,0,24,38,2,64,81,30,45,4,160,126,0,126,286
05/15/2021,KOA,HI,AWP,WE,Federal Contract Tower,73,9,8,0,90,0,27,15,2,44,73,36,23,2,134,78,0,78,212
05/16/2021,KOA,HI,AWP,WE,Federal Contract Tower,84,8,8,0,100,0,15,20,0,35,84,23,28,0,135,16,0,16,151
05/17/2021,KOA,HI,AWP,WE,Federal Contract Tower,82,1,9,3,95,0,20,45,0,65,82,21,54,3,160,84,8,92,252
05/18/2021,KOA,HI,AWP,WE,Federal Contract Tower,76,2,10,9,97,0,22,67,2,91,76,24,77,11,188,126,26,152,340
05/19/2021,KOA,HI,AWP,WE,Federal Contract Tower,76,7,6,24,113,0,27,37,3,67,76,34,43,27,180,156,28,184,364
05/20/2021,KOA,HI,AWP,WE,Federal Contract Tower,83,8,16,21,128,0,31,31,1,63,83,39,47,22,191,96,0,96,287
05/21/2021,KOA,HI,AWP,WE,Federal Contract Tower,79,5,16,27,127,0,30,34,6,70,79,35,50,33,197,164,8,172,369
05/22/2021,KOA,HI,AWP,WE,Federal Contract Tower,74,2,13,3,92,0,24,28,5,57,74,26,41,8,149,48,0,48,197
05/23/2021,KOA,HI,AWP,WE,Federal Contract Tower,79,6,3,1,89,0,27,36,0,63,79,33,39,1,152,46,0,46,198
05/24/2021,KOA,HI,AWP,WE,Federal Contract Tower,80,6,10,2,98,0,25,30,2,57,80,31,40,4,155,138,34,172,327
05/25/2021,KOA,HI,AWP,WE,Federal Contract Tower,78,11,17,1,107,6,33,47,1,87,84,44,64,2,194,100,36,136,330
05/26/2021,KOA,HI,AWP,WE,Federal Contract Tower,73,8,9,0,90,0,33,48,5,86,73,41,57,5,176,135,8,143,319
05/27/2021,KOA,HI,AWP,WE,Federal Contract Tower,79,5,16,20,120,0,32,43,0,75,79,37,59,20,195,82,16,98,293
05/28/2021,KOA,HI,AWP,WE,Federal Contract Tower,75,7,14,1,97,0,27,43,1,71,75,34,57,2,168,101,0,101,269
05/29/2021,KOA,HI,AWP,WE,Federal Contract Tower,74,10,4,0,88,0,26,49,0,75,74,36,53,0,163,37,0,37,200
05/30/2021,KOA,HI,AWP,WE,Federal Contract Tower,76,1,4,0,81,0,19,22,1,42,76,20,26,1,123,8,0,8,131
05/31/2021,KOA,HI,AWP,WE,Federal Contract Tower,80,4,10,0,94,0,28,51,1,80,80,32,61,1,174,116,0,116,290
06/01/2021,KOA,HI,AWP,WE,Federal Contract Tower,96,10,5,4,115,0,26,44,2,72,96,36,49,6,187,116,16,132,319
06/02/2021,KOA,HI,AWP,WE,Federal Contract Tower,91,5,12,5,113,0,28,47,3,78,91,33,59,8,191,186,52,238,429
06/03/2021,KOA,HI,AWP,WE,Federal Contract Tower,102,6,15,0,123,0,26,49,4,79,102,32,64,4,202,126,0,126,328
06/04/2021,KOA,HI,AWP,WE,Federal Contract Tower,102,11,10,3,126,0,32,45,3,80,102,43,55,6,206,82,0,82,288
06/05/2021,KOA,HI,AWP,WE,Federal Contract Tower,93,8,12,6,119,0,28,19,13,60,93,36,31,19,179,8,0,8,187
06/06/2021,KOA,HI,AWP,WE,Federal Contract Tower,97,14,12,1,124,0,28,12,10,50,97,42,24,11,174,10,0,10,184
06/07/2021,KOA,HI,AWP,WE,Federal Contract Tower,101,5,16,2,124,0,24,36,10,70,101,29,52,12,194,50,22,72,266
06/08/2021,KOA,HI,AWP,WE,Federal Contract Tower,101,8,11,11,131,0,0,0,0,0,101,8,11,11,131,90,24,114,245
06/09/2021,KOA,HI,AWP,WE,Federal Contract Tower,100,8,9,0,117,0,25,45,0,70,100,33,54,0,187,217,0,217,404
06/10/2021,KOA,HI,AWP,WE,Federal Contract Tower,100,14,15,2,131,0,34,28,3,65,100,48,43,5,196,156,8,164,360
06/11/2021,KOA,HI,AWP,WE,Federal Contract Tower,99,8,4,0,111,0,22,56,0,78,99,30,60,0,189,128,0,128,317
06/12/2021,KOA,HI,AWP,WE,Federal Contract Tower,97,11,8,0,116,0,30,17,0,47,97,41,25,0,163,40,0,40,203
06/13/2021,KOA,HI,AWP,WE,Federal Contract Tower,91,6,4,0,101,0,27,23,2,52,91,33,27,2,153,48,0,48,201
06/14/2021,KOA,HI,AWP,WE,Federal Contract Tower,97,3,8,0,108,0,28,36,0,64,97,31,44,0,172,44,0,44,216
06/15/2021,KOA,HI,AWP,WE,Federal Contract Tower,94,16,4,4,118,0,29,70,0,99,94,45,74,4,217,102,8,110,327
06/16/2021,KOA,HI,AWP,WE,Federal Contract Tower,95,6,9,4,114,0,26,39,0,65,95,32,48,4,179,146,20,166,345
06/17/2021,KOA,HI,AWP,WE,Federal Contract Tower,103,8,14,3,128,0,28,42,0,70,103,36,56,3,198,70,0,70,268
06/18/2021,KOA,HI,AWP,WE,Federal Contract Tower,95,11,12,1,119,0,25,47,2,74,95,36,59,3,193,126,0,126,319
06/19/2021,KOA,HI,AWP,WE,Federal Contract Tower,93,8,11,2,114,0,27,30,3,60,93,35,41,5,174,0,6,6,180
06/20/2021,KOA,HI,AWP,WE,Federal Contract Tower,94,5,10,0,109,0,25,22,0,47,94,30,32,0,156,0,0,0,156
06/21/2021,KOA,HI,AWP,WE,Federal Contract Tower,98,22,5,1,126,0,0,0,0,0,98,22,5,1,126,130,0,130,256
06/22/2021,KOA,HI,AWP,WE,Federal Contract Tower,96,6,6,1,109,0,27,63,5,95,96,33,69,6,204,108,16,124,328
06/23/2021,KOA,HI,AWP,WE,Federal Contract Tower,95,13,5,19,132,0,23,41,0,64,95,36,46,19,196,62,6,68,264
06/24/2021,KOA,HI,AWP,WE,Federal Contract Tower,101,7,12,4,124,0,33,43,4,80,101,40,55,8,204,54,24,78,282
06/25/2021,KOA,HI,AWP,WE,Federal Contract Tower,92,9,6,6,113,0,34,43,6,83,92,43,49,12,196,38,0,38,234
06/26/2021,KOA,HI,AWP,WE,Federal Contract Tower,90,10,10,1,111,0,22,28,4,54,90,32,38,5,165,62,0,62,227
06/27/2021,KOA,HI,AWP,WE,Federal Contract Tower,100,11,12,0,123,0,26,26,6,58,100,37,38,6,181,2,0,2,183
06/28/2021,KOA,HI,AWP,WE,Federal Contract Tower,101,6,12,0,119,0,28,37,0,65,101,34,49,0,184,58,0,58,242
06/29/2021,KOA,HI,AWP,WE,Federal Contract Tower,93,10,8,5,116,0,24,35,3,62,93,34,43,8,178,40,4,44,222
06/30/2021,KOA,HI,AWP,WE,Federal Contract Tower,101,11,3,6,121,0,27,35,0,62,101,38,38,6,183,136,20,156,339
07/01/2021,KOA,HI,AWP,WE,Federal Contract Tower,105,9,15,8,137,0,24,29,0,53,105,33,44,8,190,146,0,146,336
07/02/2021,KOA,HI,AWP,WE,Federal Contract Tower,104,18,14,0,136,0,27,35,0,62,104,45,49,0,198,52,0,52,250
07/03/2021,KOA,HI,AWP,WE,Federal Contract Tower,95,8,8,9,120,0,29,25,0,54,95,37,33,9,174,0,0,0,174
07/04/2021,KOA,HI,AWP,WE,Federal Contract Tower,89,3,5,0,97,0,26,13,0,39,89,29,18,0,136,16,0,16,152
07/05/2021,KOA,HI,AWP,WE,Federal Contract Tower,94,12,9,0,115,0,23,34,0,57,94,35,43,0,172,132,0,132,304
07/06/2021,KOA,HI,AWP,WE,Federal Contract Tower,94,12,13,3,122,0,27,32,0,59,94,39,45,3,181,68,8,76,257
07/07/2021,KOA,HI,AWP,WE,Federal Contract Tower,95,6,11,14,126,0,27,35,2,64,95,33,46,16,190,124,6,130,320
07/08/2021,KOA,HI,AWP,WE,Federal Contract Tower,100,19,10,18,147,0,26,44,1,71,100,45,54,19,218,128,36,164,382
07/09/2021,KOA,HI,AWP,WE,Federal Contract Tower,102,12,6,11,131,0,28,44,2,74,102,40,50,13,205,62,40,102,307
07/10/2021,KOA,HI,AWP,WE,Federal Contract Tower,95,11,7,2,115,0,31,24,0,55,95,42,31,2,170,30,20,50,220
07/11/2021,KOA,HI,AWP,WE,Federal Contract Tower,98,13,11,0,122,0,31,18,0,49,98,44,29,0,171,56,0,56,227
07/12/2021,KOA,HI,AWP,WE,Federal Contract Tower,101,10,14,6,131,0,33,37,4,74,101,43,51,10,205,180,0,180,385
07/13/2021,KOA,HI,AWP,WE,Federal Contract Tower,96,10,6,2,114,0,31,33,0,64,96,41,39,2,178,100,0,100,278
07/14/2021,KOA,HI,AWP,WE,Federal Contract Tower,103,12,6,10,131,0,28,26,0,54,103,40,32,10,185,142,38,180,365
07/15/2021,KOA,HI,AWP,WE,Federal Contract Tower,107,7,7,7,128,0,33,26,5,64,107,40,33,12,192,68,13,81,273
07/16/2021,KOA,HI,AWP,WE,Federal Contract Tower,99,11,9,1,120,0,29,33,0,62,99,40,42,1,182,74,10,84,266
07/17/2021,KOA,HI,AWP,WE,Federal Contract Tower,96,7,11,0,114,0,25,28,3,56,96,32,39,3,170,42,0,42,212
07/18/2021,KOA,HI,AWP,WE,Federal Contract Tower,100,10,1,0,111,0,27,31,3,61,100,37,32,3,172,12,0,12,184
07/19/2021,KOA,HI,AWP,WE,Federal Contract Tower,103,11,9,17,140,0,26,31,0,57,103,37,40,17,197,70,9,79,276
07/20/2021,KOA,HI,AWP,WE,Federal Contract Tower,97,14,4,9,124,0,37,37,1,75,97,51,41,10,199,74,22,96,295
07/21/2021,KOA,HI,AWP,WE,Federal Contract Tower,96,10,15,20,141,0,34,36,2,72,96,44,51,22,213,128,46,174,387
07/22/2021,KOA,HI,AWP,WE,Federal Contract Tower,101,16,6,3,126,0,29,39,0,68,101,45,45,3,194,176,4,180,374
07/23/2021,KOA,HI,AWP,WE,Federal Contract Tower,99,15,6,8,128,0,23,29,2,54,99,38,35,10,182,108,10,118,300
07/24/2021,KOA,HI,AWP,WE,Federal Contract Tower,93,7,8,0,108,0,36,28,0,64,93,43,36,0,172,26,0,26,198
07/25/2021,KOA,HI,AWP,WE,Federal Contract Tower,99,15,0,0,114,0,17,28,0,45,99,32,28,0,159,38,0,38,197
07/26/2021,KOA,HI,AWP,WE,Federal Contract Tower,106,6,3,0,115,0,33,35,0,68,106,39,38,0,183,44,0,44,227
07/27/2021,KOA,HI,AWP,WE,Federal Contract Tower,102,3,8,4,117,0,25,25,3,53,102,28,33,7,170,135,36,171,341
07/28/2021,KOA,HI,AWP,WE,Federal Contract Tower,100,6,13,5,124,0,30,42,0,72,100,36,55,5,196,112,22,134,330
07/29/2021,KOA,HI,AWP,WE,Federal Contract Tower,105,8,10,1,124,0,26,25,0,51,105,34,35,1,175,82,2,84,259
07/30/2021,KOA,HI,AWP,WE,Federal Contract Tower,104,7,6,6,123,0,22,37,6,65,104,29,43,12,188,24,16,40,228
07/31/2021,KOA,HI,AWP,WE,Federal Contract Tower,93,12,10,1,116,0,23,34,5,62,93,35,44,6,178,8,0,8,186
08/01/2021,KOA,HI,AWP,WE,Federal Contract Tower,100,14,11,1,126,0,27,31,7,65,100,41,42,8,191,0,0,0,191
08/02/2021,KOA,HI,AWP,WE,Federal Contract Tower,108,14,9,7,138,0,21,24,0,45,108,35,33,7,183,114,22,136,319
08/03/2021,KOA,HI,AWP,WE,Federal Contract Tower,106,13,5,16,140,0,23,36,2,61,106,36,41,18,201,128,20,148,349
08/04/2021,KOA,HI,AWP,WE,Federal Contract Tower,100,7,5,9,121,0,25,38,0,63,100,32,43,9,184,78,10,88,272
08/05/2021,KOA,HI,AWP,WE,Federal Contract Tower,109,12,11,6,138,0,20,20,2,42,109,32,31,8,180,30,12,42,222
08/06/2021,KOA,HI,AWP,WE,Federal Contract Tower,105,12,11,5,133,0,24,27,0,51,105,36,38,5,184,56,6,62,246
08/07/2021,KOA,HI,AWP,WE,Federal Contract Tower,98,9,10,4,121,0,23,34,0,57,98,32,44,4,178,14,2,16,194
08/08/2021,KOA,HI,AWP,WE,Federal Contract Tower,102,7,13,0,122,0,29,33,0,62,102,36,46,0,184,4,0,4,188
08/09/2021,KOA,HI,AWP,WE,Federal Contract Tower,104,13,21,7,145,0,40,40,0,80,104,53,61,7,225,34,4,38,263
08/10/2021,KOA,HI,AWP,WE,Federal Contract Tower,103,6,17,0,126,0,34,39,0,73,103,40,56,0,199,46,0,46,245
08/11/2021,KOA,HI,AWP,WE,Federal Contract Tower,102,5,10,1,118,0,29,39,0,68,102,34,49,1,186,30,2,32,218
08/12/2021,KOA,HI,AWP,WE,Federal Contract Tower,108,8,30,13,159,0,38,46,1,85,108,46,76,14,244,82,28,110,354
08/13/2021,KOA,HI,AWP,WE,Federal Contract Tower,106,5,18,13,142,0,31,46,0,77,106,36,64,13,219,96,20,116,335
08/15/2021,KOA,HI,AWP,WE,Federal Contract Tower,103,11,10,0,124,0,30,22,0,52,103,41,32,0,176,22,0,22,198
08/16/2021,KOA,HI,AWP,WE,Federal Contract Tower,101,12,7,2,122,0,35,35,2,72,101,47,42,4,194,76,18,94,288
08/17/2021,KOA,HI,AWP,WE,Federal Contract Tower,103,7,7,21,138,0,27,40,0,67,103,34,47,21,205,54,0,54,259
08/18/2021,KOA,HI,AWP,WE,Federal Contract Tower,97,4,12,7,120,0,30,39,1,70,97,34,51,8,190,174,14,188,378
08/19/2021,KOA,HI,AWP,WE,Federal Contract Tower,110,6,12,2,130,0,30,36,6,72,110,36,48,8,202,84,8,92,294
08/20/2021,KOA,HI,AWP,WE,Federal Contract Tower,104,6,6,0,116,0,33,46,0,79,104,39,52,0,195,72,0,72,267
08/21/2021,KOA,HI,AWP,WE,Federal Contract Tower,91,9,9,8,117,0,20,22,0,42,91,29,31,8,159,8,18,26,185
08/22/2021,KOA,HI,AWP,WE,Federal Contract Tower,102,9,16,1,128,0,23,26,1,50,102,32,42,2,178,100,8,108,286
08/23/2021,KOA,HI,AWP,WE,Federal Contract Tower,105,18,13,7,143,0,19,32,2,53,105,37,45,9,196,128,4,132,328
08/24/2021,KOA,HI,AWP,WE,Federal Contract Tower,95,3,11,2,111,0,25,32,0,57,95,28,43,2,168,116,16,132,300
08/25/2021,KOA,HI,AWP,WE,Federal Contract Tower,103,11,6,5,125,0,16,40,3,59,103,27,46,8,184,102,14,116,300
08/26/2021,KOA,HI,AWP,WE,Federal Contract Tower,100,5,9,3,117,0,34,29,3,66,100,39,38,6,183,122,16,138,321
08/27/2021,KOA,HI,AWP,WE,Federal Contract Tower,108,10,8,1,127,0,16,36,3,55,108,26,44,4,182,70,22,92,274
08/28/2021,KOA,HI,AWP,WE,Federal Contract Tower,93,6,5,0,104,0,22,25,0,47,93,28,30,0,151,22,0,22,173
08/29/2021,KOA,HI,AWP,WE,Federal Contract Tower,98,5,0,0,103,0,28,32,0,60,98,33,32,0,163,16,0,16,179
08/30/2021,KOA,HI,AWP,WE,Federal Contract Tower,104,9,4,4,121,0,31,33,0,64,104,40,37,4,185,54,6,60,245
08/31/2021,KOA,HI,AWP,WE,Federal Contract Tower,100,7,4,8,119,0,21,39,0,60,100,28,43,8,179,98,21,119,298
09/01/2021,KOA,HI,AWP,WE,Federal Contract Tower,96,4,9,5,114,0,19,25,3,47,96,23,34,8,161,114,16,130,291
09/02/2021,KOA,HI,AWP,WE,Federal Contract Tower,106,5,8,6,125,0,25,37,3,65,106,30,45,9,190,98,42,140,330
09/03/2021,KOA,HI,AWP,WE,Federal Contract Tower,106,7,6,0,119,0,20,36,2,58,106,27,42,2,177,86,0,86,263
09/04/2021,KOA,HI,AWP,WE,Federal Contract Tower,94,8,7,0,109,0,32,33,0,65,94,40,40,0,174,32,0,32,206
09/05/2021,KOA,HI,AWP,WE,Federal Contract Tower,96,9,9,4,118,0,21,24,0,45,96,30,33,4,163,6,0,6,169
09/06/2021,KOA,HI,AWP,WE,Federal Contract Tower,107,9,11,6,133,0,31,33,2,66,107,40,44,8,199,68,0,68,267
09/07/2021,KOA,HI,AWP,WE,Federal Contract Tower,100,6,7,3,116,0,21,30,1,52,100,27,37,4,168,154,3,157,325
09/08/2021,KOA,HI,AWP,WE,Federal Contract Tower,94,7,6,7,114,0,21,36,2,59,94,28,42,9,173,84,8,92,265
09/09/2021,KOA,HI,AWP,WE,Federal Contract Tower,99,8,7,7,121,0,22,27,1,50,99,30,34,8,171,114,12,126,297
09/10/2021,KOA,HI,AWP,WE,Federal Contract Tower,94,5,9,22,130,0,23,32,0,55,94,28,41,22,185,122,26,148,333
09/11/2021,KOA,HI,AWP,WE,Federal Contract Tower,91,5,7,3,106,0,30,27,4,61,91,35,34,7,167,0,10,10,177
09/12/2021,KOA,HI,AWP,WE,Federal Contract Tower,97,10,3,0,110,0,12,10,0,22,97,22,13,0,132,8,0,8,140
09/13/2021,KOA,HI,AWP,WE,Federal Contract Tower,89,6,6,8,109,0,23,31,3,57,89,29,37,11,166,56,14,70,236
09/14/2021,KOA,HI,AWP,WE,Federal Contract Tower,96,6,7,0,109,0,27,32,1,60,96,33,39,1,169,56,0,56,225
09/15/2021,KOA,HI,AWP,WE,Federal Contract Tower,93,8,0,3,104,0,20,39,5,64,93,28,39,8,168,94,20,114,282
09/16/2021,KOA,HI,AWP,WE,Federal Contract Tower,99,5,6,2,112,0,24,25,0,49,99,29,31,2,161,108,6,114,275
09/17/2021,KOA,HI,AWP,WE,Federal Contract Tower,94,4,2,13,113,0,23,26,2,51,94,27,28,15,164,168,0,168,332
09/18/2021,KOA,HI,AWP,WE,Federal Contract Tower,90,6,7,0,103,0,37,25,0,62,90,43,32,0,165,56,0,56,221
09/19/2021,KOA,HI,AWP,WE,Federal Contract Tower,94,4,2,0,100,0,27,17,0,44,94,31,19,0,144,46,0,46,190
09/20/2021,KOA,HI,AWP,WE,Federal Contract Tower,95,9,5,0,109,0,24,28,1,53,95,33,33,1,162,112,12,124,286
09/21/2021,KOA,HI,AWP,WE,Federal Contract Tower,93,5,2,13,113,0,20,26,6,52,93,25,28,19,165,80,44,124,289
09/22/2021,KOA,HI,AWP,WE,Federal Contract Tower,97,5,3,8,113,0,19,37,1,57,97,24,40,9,170,164,18,182,352
09/23/2021,KOA,HI,AWP,WE,Federal Contract Tower,96,9,5,9,119,0,26,23,13,62,96,35,28,22,181,114,16,130,311
09/24/2021,KOA,HI,AWP,WE,Federal Contract Tower,95,6,5,9,115,0,18,34,2,54,95,24,39,11,169,192,0,192,361
09/25/2021,KOA,HI,AWP,WE,Federal Contract Tower,84,9,2,0,95,0,25,11,10,46,84,34,13,10,141,8,0,8,149
09/26/2021,KOA,HI,AWP,WE,Federal Contract Tower,92,5,3,2,102,0,22,12,0,34,92,27,15,2,136,30,16,46,182
09/27/2021,KOA,HI,AWP,WE,Federal Contract Tower,97,5,3,15,120,0,27,26,5,58,97,32,29,20,178,76,20,96,274
09/28/2021,KOA,HI,AWP,WE,Federal Contract Tower,94,7,5,12,118,0,28,26,3,57,94,35,31,15,175,47,20,67,242
09/29/2021,KOA,HI,AWP,WE,Federal Contract Tower,98,13,4,13,128,0,35,31,6,72,98,48,35,19,200,74,8,82,282
09/30/2021,KOA,HI,AWP,WE,Federal Contract Tower,106,9,7,3,125,0,28,37,6,71,106,37,44,9,196,84,6,90,286
10/01/2021,KOA,HI,AWP,WE,Federal Contract Tower,94,8,14,16,132,0,25,46,5,76,94,33,60,21,208,160,32,192,400
10/02/2021,KOA,HI,AWP,WE,Federal Contract Tower,86,4,5,0,95,0,34,19,0,53,86,38,24,0,148,0,0,0,148
10/03/2021,KOA,HI,AWP,WE,Federal Contract Tower,90,8,5,4,107,0,21,14,0,35,90,29,19,4,142,26,0,26,168
10/04/2021,KOA,HI,AWP,WE,Federal Contract Tower,92,4,6,0,102,0,22,18,0,40,92,26,24,0,142,142,0,142,284
10/05/2021,KOA,HI,AWP,WE,Federal Contract Tower,93,6,15,6,120,0,30,36,0,66,93,36,51,6,186,42,24,66,252
10/06/2021,KOA,HI,AWP,WE,Federal Contract Tower,91,6,12,2,111,0,25,35,0,60,91,31,47,2,171,130,0,130,301
10/07/2021,KOA,HI,AWP,WE,Federal Contract Tower,101,5,3,0,109,0,39,34,1,74,101,44,37,1,183,102,0,102,285
10/08/2021,KOA,HI,AWP,WE,Federal Contract Tower,96,4,5,4,109,0,30,32,5,67,96,34,37,9,176,98,0,98,274
10/09/2021,KOA,HI,AWP,WE,Federal Contract Tower,93,11,2,0,106,0,27,11,2,40,93,38,13,2,146,62,16,78,224
10/10/2021,KOA,HI,AWP,WE,Federal Contract Tower,85,8,9,0,102,0,27,9,2,38,85,35,18,2,140,8,0,8,148
10/11/2021,KOA,HI,AWP,WE,Federal Contract Tower,91,9,6,0,106,0,27,44,0,71,91,36,50,0,177,82,0,82,259
10/12/2021,KOA,HI,AWP,WE,Federal Contract Tower,92,9,7,0,108,0,24,34,0,58,92,33,41,0,166,129,0,129,295
10/13/2021,KOA,HI,AWP,WE,Federal Contract Tower,94,10,6,10,120,0,25,39,2,66,94,35,45,12,186,144,20,164,350
10/14/2021,KOA,HI,AWP,WE,Federal Contract Tower,103,6,5,12,126,0,31,33,4,68,103,37,38,16,194,148,24,172,366
10/15/2021,KOA,HI,AWP,WE,Federal Contract Tower,95,5,8,0,108,0,30,32,0,62,95,35,40,0,170,124,0,124,294
10/16/2021,KOA,HI,AWP,WE,Federal Contract Tower,89,13,4,0,106,0,24,23,0,47,89,37,27,0,153,40,0,40,193
10/17/2021,KOA,HI,AWP,WE,Federal Contract Tower,88,5,5,0,98,0,25,29,1,55,88,30,34,1,153,40,0,40,193
10/18/2021,KOA,HI,AWP,WE,Federal Contract Tower,99,6,6,3,114,0,28,38,0,66,99,34,44,3,180,118,24,142,322
10/19/2021,KOA,HI,AWP,WE,Federal Contract Tower,98,3,7,0,108,0,31,41,0,72,98,34,48,0,180,58,0,58,238
10/20/2021,KOA,HI,AWP,WE,Federal Contract Tower,93,8,6,3,110,0,26,42,2,70,93,34,48,5,180,80,12,92,272
10/21/2021,KOA,HI,AWP,WE,Federal Contract Tower,102,5,8,14,129,0,31,37,1,69,102,36,45,15,198,60,34,94,292
10/22/2021,KOA,HI,AWP,WE,Federal Contract Tower,93,7,8,5,113,0,30,31,6,67,93,37,39,11,180,48,0,48,228
10/23/2021,KOA,HI,AWP,WE,Federal Contract Tower,89,11,3,0,103,0,20,19,0,39,89,31,22,0,142,50,0,50,192
10/24/2021,KOA,HI,AWP,WE,Federal Contract Tower,93,5,6,4,108,0,35,20,0,55,93,40,26,4,163,2,6,8,171
10/25/2021,KOA,HI,AWP,WE,Federal Contract Tower,94,8,7,6,115,0,31,33,3,67,94,39,40,9,182,72,8,80,262
10/26/2021,KOA,HI,AWP,WE,Federal Contract Tower,93,8,5,5,111,0,30,26,0,56,93,38,31,5,167,84,20,104,271
10/27/2021,KOA,HI,AWP,WE,Federal Contract Tower,90,8,3,2,103,0,27,54,1,82,90,35,57,3,185,26,0,26,211
10/28/2021,KOA,HI,AWP,WE,Federal Contract Tower,98,7,17,15,137,0,27,36,0,63,98,34,53,15,200,112,40,152,352
10/29/2021,KOA,HI,AWP,WE,Federal Contract Tower,96,8,10,0,114,0,24,41,0,65,96,32,51,0,179,74,0,74,253
10/30/2021,KOA,HI,AWP,WE,Federal Contract Tower,86,5,7,0,98,0,22,23,0,45,86,27,30,0,143,0,0,0,143
10/31/2021,KOA,HI,AWP,WE,Federal Contract Tower,86,2,7,0,95,0,22,16,2,40,86,24,23,2,135,0,0,0,135
11/01/2021,KOA,HI,AWP,WE,Federal Contract Tower,94,4,10,12,120,0,27,28,2,57,94,31,38,14,177,78,6,84,261
11/02/2021,KOA,HI,AWP,WE,Federal Contract Tower,94,2,3,8,107,0,23,45,2,70,94,25,48,10,177,64,16,80,257
11/03/2021,KOA,HI,AWP,WE,Federal Contract Tower,93,3,5,9,110,0,22,31,1,54,93,25,36,10,164,74,8,82,246
11/04/2021,KOA,HI,AWP,WE,Federal Contract Tower,102,4,9,1,116,0,25,29,8,62,102,29,38,9,178,126,0,126,304
11/05/2021,KOA,HI,AWP,WE,Federal Contract Tower,100,7,9,2,118,0,30,49,2,81,100,37,58,4,199,108,10,118,317
11/06/2021,KOA,HI,AWP,WE,Federal Contract Tower,86,9,3,6,104,0,30,20,2,52,86,39,23,8,156,2,0,2,158
11/07/2021,KOA,HI,AWP,WE,Federal Contract Tower,89,3,9,0,101,0,21,14,0,35,89,24,23,0,136,6,0,6,142
11/08/2021,KOA,HI,AWP,WE,Federal Contract Tower,96,6,6,5,113,0,29,41,1,71,96,35,47,6,184,128,10,138,322
11/09/2021,KOA,HI,AWP,WE,Federal Contract Tower,92,7,12,4,115,0,33,45,1,79,92,40,57,5,194,78,26,104,298
11/10/2021,KOA,HI,AWP,WE,Federal Contract Tower,88,4,14,10,116,0,33,51,0,84,88,37,65,10,200,148,0,148,348
11/11/2021,KOA,HI,AWP,WE,Federal Contract Tower,95,6,11,0,112,0,33,55,0,88,95,39,66,0,200,48,0,48,248
11/12/2021,KOA,HI,AWP,WE,Federal Contract Tower,90,5,8,0,103,0,27,59,4,90,90,32,67,4,193,108,0,108,301
11/13/2021,KOA,HI,AWP,WE,Federal Contract Tower,85,13,12,0,110,0,32,39,7,78,85,45,51,7,188,16,0,16,204
11/14/2021,KOA,HI,AWP,WE,Federal Contract Tower,89,16,5,1,111,0,25,14,3,42,89,41,19,4,153,0,0,0,153
11/15/2021,KOA,HI,AWP,WE,Federal Contract Tower,89,10,10,4,113,0,24,38,0,62,89,34,48,4,175,206,2,208,383
11/16/2021,KOA,HI,AWP,WE,Federal Contract Tower,94,2,7,5,108,0,29,46,0,75,94,31,53,5,183,154,44,198,381
11/17/2021,KOA,HI,AWP,WE,Federal Contract Tower,89,14,8,2,113,0,28,57,0,85,89,42,65,2,198,136,6,142,340
11/18/2021,KOA,HI,AWP,WE,Federal Contract Tower,100,13,14,6,133,0,35,59,0,94,100,48,73,6,227,194,22,216,443
11/19/2021,KOA,HI,AWP,WE,Federal Contract Tower,96,16,11,1,124,0,46,50,0,96,96,62,61,1,220,66,6,72,292
11/20/2021,KOA,HI,AWP,WE,Federal Contract Tower,97,11,16,0,124,0,24,29,0,53,97,35,45,0,177,8,0,8,185
11/21/2021,KOA,HI,AWP,WE,Federal Contract Tower,96,9,22,0,127,0,43,36,0,79,96,52,58,0,206,32,0,32,238
11/22/2021,KOA,HI,AWP,WE,Federal Contract Tower,101,12,11,11,135,0,35,36,3,74,101,47,47,14,209,150,14,164,373
11/23/2021,KOA,HI,AWP,WE,Federal Contract Tower,99,7,11,20,137,0,33,48,2,83,99,40,59,22,220,146,18,164,384
11/24/2021,KOA,HI,AWP,WE,Federal Contract Tower,97,10,8,14,129,0,36,54,0,90,97,46,62,14,219,88,30,118,337
11/25/2021,KOA,HI,AWP,WE,Federal Contract Tower,88,4,8,0,100,0,29,21,0,50,88,33,29,0,150,62,0,62,212
11/26/2021,KOA,HI,AWP,WE,Federal Contract Tower,91,13,7,3,114,0,29,33,0,62,91,42,40,3,176,68,0,68,244
11/27/2021,KOA,HI,AWP,WE,Federal Contract Tower,96,13,20,0,129,0,30,19,0,49,96,43,39,0,178,4,0,4,182
11/28/2021,KOA,HI,AWP,WE,Federal Contract Tower,97,15,33,0,145,0,20,9,0,29,97,35,42,0,174,12,0,12,186
11/29/2021,KOA,HI,AWP,WE,Federal Contract Tower,102,12,10,0,124,0,15,18,0,33,102,27,28,0,157,52,0,52,209
11/30/2021,KOA,HI,AWP,WE,Federal Contract Tower,94,9,13,6,122,0,28,23,0,51,94,37,36,6,173,166,18,184,357
12/01/2021,KOA,HI,AWP,WE,Federal Contract Tower,88,11,7,1,107,0,19,41,11,71,88,30,48,12,178,108,0,108,286
12/02/2021,KOA,HI,AWP,WE,Federal Contract Tower,93,3,19,7,122,0,35,51,0,86,93,38,70,7,208,188,8,196,404
12/03/2021,KOA,HI,AWP,WE,Federal Contract Tower,98,20,8,1,127,0,12,15,0,27,98,32,23,1,154,98,0,98,252
12/04/2021,KOA,HI,AWP,WE,Federal Contract Tower,86,26,12,0,124,0,15,1,1,17,86,41,13,1,141,14,0,14,155
12/06/2021,KOA,HI,AWP,WE,Federal Contract Tower,91,13,11,2,117,0,6,26,2,34,91,19,37,4,151,160,0,160,311
12/07/2021,KOA,HI,AWP,WE,Federal Contract Tower,86,17,11,8,122,0,10,12,2,24,86,27,23,10,146,96,0,96,242
12/08/2021,KOA,HI,AWP,WE,Federal Contract Tower,90,11,13,8,122,0,27,46,4,77,90,38,59,12,199,90,42,132,331
12/09/2021,KOA,HI,AWP,WE,Federal Contract Tower,96,10,13,3,122,0,45,40,0,85,96,55,53,3,207,72,6,78,285
12/10/2021,KOA,HI,AWP,WE,Federal Contract Tower,93,6,14,4,117,0,28,55,2,85,93,34,69,6,202,112,20,132,334
12/11/2021,KOA,HI,AWP,WE,Federal Contract Tower,89,5,8,0,102,0,20,23,2,45,89,25,31,2,147,2,0,2,149
12/12/2021,KOA,HI,AWP,WE,Federal Contract Tower,86,6,11,0,103,0,21,22,2,45,86,27,33,2,148,4,0,4,152
12/13/2021,KOA,HI,AWP,WE,Federal Contract Tower,92,5,10,4,111,0,17,43,0,60,92,22,53,4,171,176,0,176,347
12/14/2021,KOA,HI,AWP,WE,Federal Contract Tower,90,4,9,4,107,0,27,53,2,82,90,31,62,6,189,128,12,140,329
12/15/2021,KOA,HI,AWP,WE,Federal Contract Tower,86,11,13,2,112,0,25,39,2,66,86,36,52,4,178,156,4,160,338
12/16/2021,KOA,HI,AWP,WE,Federal Contract Tower,108,14,16,1,139,0,32,35,1,68,108,46,51,2,207,130,8,138,345
12/17/2021,KOA,HI,AWP,WE,Federal Contract Tower,102,9,19,0,130,0,42,58,7,107,102,51,77,7,237,134,0,134,371
12/18/2021,KOA,HI,AWP,WE,Federal Contract Tower,109,21,23,1,154,0,35,25,6,66,109,56,48,7,220,10,0,10,230
12/19/2021,KOA,HI,AWP,WE,Federal Contract Tower,99,22,18,3,142,0,17,24,9,50,99,39,42,12,192,58,0,58,250
12/20/2021,KOA,HI,AWP,WE,Federal Contract Tower,106,14,13,5,138,0,39,45,3,87,106,53,58,8,225,190,20,210,435
12/21/2021,KOA,HI,AWP,WE,Federal Contract Tower,102,16,15,6,139,0,28,49,8,85,102,44,64,14,224,100,58,158,382
12/22/2021,KOA,HI,AWP,WE,Federal Contract Tower,107,19,12,0,138,0,27,32,0,59,107,46,44,0,197,46,0,46,243
12/23/2021,KOA,HI,AWP,WE,Federal Contract Tower,110,14,23,1,148,0,36,45,0,81,110,50,68,1,229,132,0,132,361
12/24/2021,KOA,HI,AWP,WE,Federal Contract Tower,104,10,15,0,129,0,36,38,0,74,104,46,53,0,203,26,0,26,229
12/25/2021,KOA,HI,AWP,WE,Federal Contract Tower,92,8,7,0,107,0,19,14,0,33,92,27,21,0,140,18,0,18,158
12/26/2021,KOA,HI,AWP,WE,Federal Contract Tower,95,15,33,0,143,0,46,33,0,79,95,61,66,0,222,8,0,8,230
12/27/2021,KOA,HI,AWP,WE,Federal Contract Tower,107,12,26,6,151,0,56,60,0,116,107,68,86,6,267,36,0,36,303
12/28/2021,KOA,HI,AWP,WE,Federal Contract Tower,100,10,11,8,129,0,47,74,0,121,100,57,85,8,250,84,0,84,334
12/29/2021,KOA,HI,AWP,WE,Federal Contract Tower,98,16,13,0,127,0,37,47,0,84,98,53,60,0,211,52,0,52,263
12/30/2021,KOA,HI,AWP,WE,Federal Contract Tower,93,10,11,5,119,0,29,37,0,66,93,39,48,5,185,78,12,90,275
12/31/2021,KOA,HI,AWP,WE,Federal Contract Tower,94,11,18,1,124,0,18,30,0,48,94,29,48,1,172,122,2,124,296
01/01/2022,KOA,HI,AWP,WE,Federal Contract Tower,87,11,29,0,127,0,37,20,0,57,87,48,49,0,184,0,0,0,184
01/02/2022,KOA,HI,AWP,WE,Federal Contract Tower,95,18,37,0,150,0,26,25,0,51,95,44,62,0,201,36,0,36,237
01/03/2022,KOA,HI,AWP,WE,Federal Contract Tower,99,14,27,0,140,0,35,55,0,90,99,49,82,0,230,111,0,111,341
01/04/2022,KOA,HI,AWP,WE,Federal Contract Tower,95,5,24,12,136,0,27,32,5,64,95,32,56,17,200,118,8,126,326
01/05/2022,KOA,HI,AWP,WE,Federal Contract Tower,92,10,11,6,119,0,27,44,2,73,92,37,55,8,192,54,26,80,272
01/06/2022,KOA,HI,AWP,WE,Federal Contract Tower,94,3,18,4,119,0,35,55,10,100,94,38,73,14,219,62,18,80,299
01/07/2022,KOA,HI,AWP,WE,Federal Contract Tower,95,6,17,17,135,0,25,52,0,77,95,31,69,17,212,68,26,94,306
01/08/2022,KOA,HI,AWP,WE,Federal Contract Tower,82,11,14,0,107,0,30,36,0,66,82,41,50,0,173,8,0,8,181
01/09/2022,KOA,HI,AWP,WE,Federal Contract Tower,89,10,12,1,112,0,33,40,5,78,89,43,52,6,190,20,10,30,220
01/10/2022,KOA,HI,AWP,WE,Federal Contract Tower,95,9,16,15,135,0,24,60,6,90,95,33,76,21,225,164,0,164,389
01/11/2022,KOA,HI,AWP,WE,Federal Contract Tower,90,15,11,2,118,0,30,42,0,72,90,45,53,2,190,100,0,100,290
01/12/2022,KOA,HI,AWP,WE,Federal Contract Tower,92,11,9,14,126,0,27,57,9,93,92,38,66,23,219,136,24,160,379
01/13/2022,KOA,HI,AWP,WE,Federal Contract Tower,90,10,16,3,119,0,32,63,2,97,90,42,79,5,216,106,28,134,350
01/14/2022,KOA,HI,AWP,WE,Federal Contract Tower,85,7,12,1,105,0,26,54,2,82,85,33,66,3,187,162,8,170,357
01/15/2022,KOA,HI,AWP,WE,Federal Contract Tower,81,9,10,3,103,0,19,38,0,57,81,28,48,3,160,2,0,2,162
01/16/2022,KOA,HI,AWP,WE,Federal Contract Tower,82,3,6,5,96,0,23,41,0,64,82,26,47,5,160,16,0,16,176
01/17/2022,KOA,HI,AWP,WE,Federal Contract Tower,88,10,11,0,109,0,31,38,0,69,88,41,49,0,178,90,0,90,268
01/18/2022,KOA,HI,AWP,WE,Federal Contract Tower,90,7,8,17,122,0,23,38,0,61,90,30,46,17,183,114,4,118,301
01/19/2022,KOA,HI,AWP,WE,Federal Contract Tower,78,15,8,1,102,0,24,50,1,75,78,39,58,2,177,70,10,80,257
01/20/2022,KOA,HI,AWP,WE,Federal Contract Tower,84,9,9,0,102,0,26,33,2,61,84,35,42,2,163,46,0,46,209
01/21/2022,KOA,HI,AWP,WE,Federal Contract Tower,83,4,12,0,99,0,29,34,2,65,83,33,46,2,164,58,0,58,222
01/22/2022,KOA,HI,AWP,WE,Federal Contract Tower,81,11,9,1,102,0,23,17,2,42,81,34,26,3,144,22,0,22,166
01/23/2022,KOA,HI,AWP,WE,Federal Contract Tower,83,13,7,0,103,0,24,41,4,69,83,37,48,4,172,46,0,46,218
01/24/2022,KOA,HI,AWP,WE,Federal Contract Tower,85,12,5,3,105,0,24,46,0,70,85,36,51,3,175,88,0,88,263
01/25/2022,KOA,HI,AWP,WE,Federal Contract Tower,82,6,14,3,105,0,32,60,6,98,82,38,74,9,203,168,20,188,391
01/26/2022,KOA,HI,AWP,WE,Federal Contract Tower,83,10,8,22,123,0,36,49,0,85,83,46,57,22,208,144,22,166,374
01/27/2022,KOA,HI,AWP,WE,Federal Contract Tower,85,12,13,8,118,0,19,67,2,88,85,31,80,10,206,222,8,230,436
01/28/2022,KOA,HI,AWP,WE,Federal Contract Tower,83,13,14,6,116,0,21,47,3,71,83,34,61,9,187,214,2,216,403
01/29/2022,KOA,HI,AWP,WE,Federal Contract Tower,76,7,13,2,98,0,20,34,8,62,76,27,47,10,160,0,0,0,160
01/30/2022,KOA,HI,AWP,WE,Federal Contract Tower,79,4,13,0,96,0,16,23,2,41,79,20,36,2,137,66,0,66,203
01/31/2022,KOA,HI,AWP,WE,Federal Contract Tower,83,9,15,7,114,0,26,79,2,107,83,35,94,9,221,178,12,190,411
02/01/2022,KOA,HI,AWP,WE,Federal Contract Tower,87,3,8,12,110,0,41,69,2,112,87,44,77,14,222,118,24,142,364
02/02/2022,KOA,HI,AWP,WE,Federal Contract Tower,86,11,2,16,115,0,32,51,0,83,86,43,53,16,198,210,14,224,422
02/03/2022,KOA,HI,AWP,WE,Federal Contract Tower,89,5,5,15,114,0,39,54,10,103,89,44,59,25,217,136,12,148,365
02/04/2022,KOA,HI,AWP,WE,Federal Contract Tower,85,9,11,5,110,0,25,47,3,75,85,34,58,8,185,100,10,110,295
02/05/2022,KOA,HI,AWP,WE,Federal Contract Tower,84,12,19,3,118,0,25,33,0,58,84,37,52,3,176,38,24,62,238
02/06/2022,KOA,HI,AWP,WE,Federal Contract Tower,82,9,14,7,112,0,27,23,1,51,82,36,37,8,163,26,0,26,189
02/07/2022,KOA,HI,AWP,WE,Federal Contract Tower,86,10,15,10,121,0,28,66,0,94,86,38,81,10,215,258,20,278,493
02/08/2022,KOA,HI,AWP,WE,Federal Contract Tower,89,8,3,8,108,0,34,75,13,122,89,42,78,21,230,96,26,122,352
02/09/2022,KOA,HI,AWP,WE,Federal Contract Tower,85,5,4,1,95,0,28,69,5,102,85,33,73,6,197,292,14,306,503
02/10/2022,KOA,HI,AWP,WE,Federal Contract Tower,91,9,14,6,120,0,27,57,0,84,91,36,71,6,204,156,10,166,370
02/11/2022,KOA,HI,AWP,WE,Federal Contract Tower,84,6,5,2,97,0,29,64,0,93,84,35,69,2,190,132,6,138,328
02/12/2022,KOA,HI,AWP,WE,Federal Contract Tower,84,13,10,3,110,0,34,35,1,70,84,47,45,4,180,10,0,10,190
02/13/2022,KOA,HI,AWP,WE,Federal Contract Tower,78,6,6,0,90,0,31,33,0,64,78,37,39,0,154,48,0,48,202
02/14/2022,KOA,HI,AWP,WE,Federal Contract Tower,90,11,12,0,113,0,26,59,0,85,90,37,71,0,198,154,12,166,364
02/15/2022,KOA,HI,AWP,WE,Federal Contract Tower,97,12,9,2,120,0,28,55,10,93,97,40,64,12,213,147,20,167,380
02/16/2022,KOA,HI,AWP,WE,Federal Contract Tower,88,4,9,0,101,0,28,56,2,86,88,32,65,2,187,58,0,58,245
02/17/2022,KOA,HI,AWP,WE,Federal Contract Tower,88,14,13,22,137,0,32,51,3,86,88,46,64,25,223,151,12,163,386
02/18/2022,KOA,HI,AWP,WE,Federal Contract Tower,100,11,10,3,124,0,34,63,0,97,100,45,73,3,221,134,0,134,355
02/19/2022,KOA,HI,AWP,WE,Federal Contract Tower,83,13,14,0,110,0,29,18,0,47,83,42,32,0,157,0,0,0,157
02/20/2022,KOA,HI,AWP,WE,Federal Contract Tower,84,13,5,1,103,0,41,41,1,83,84,54,46,2,186,30,0,30,216
02/21/2022,KOA,HI,AWP,WE,Federal Contract Tower,84,3,18,0,105,0,29,76,0,105,84,32,94,0,210,180,0,180,390
02/22/2022,KOA,HI,AWP,WE,Federal Contract Tower,86,3,10,12,111,0,26,54,2,82,86,29,64,14,193,188,32,220,413
02/23/2022,KOA,HI,AWP,WE,Federal Contract Tower,89,7,13,0,109,0,31,59,0,90,89,38,72,0,199,134,0,134,333
02/24/2022,KOA,HI,AWP,WE,Federal Contract Tower,90,4,9,12,115,0,35,56,8,99,90,39,65,20,214,170,18,188,402
02/25/2022,KOA,HI,AWP,WE,Federal Contract Tower,88,6,13,0,107,0,30,55,8,93,88,36,68,8,200,174,0,174,374
02/26/2022,KOA,HI,AWP,WE,Federal Contract Tower,83,15,15,5,118,0,29,25,1,55,83,44,40,6,173,30,0,30,203
02/27/2022,KOA,HI,AWP,WE,Federal Contract Tower,78,14,15,0,107,0,19,30,0,49,78,33,45,0,156,4,4,8,164
02/28/2022,KOA,HI,AWP,WE,Federal Contract Tower,87,6,16,3,112,0,32,47,0,79,87,38,63,3,191,113,8,121,312
03/01/2022,KOA,HI,AWP,WE,Federal Contract Tower,90,6,13,1,110,0,25,51,0,76,90,31,64,1,186,150,4,154,340
03/02/2022,KOA,HI,AWP,WE,Federal Contract Tower,89,15,7,2,113,0,24,38,2,64,89,39,45,4,177,66,0,66,243
03/03/2022,KOA,HI,AWP,WE,Federal Contract Tower,95,9,12,7,123,0,27,48,1,76,95,36,60,8,199,142,6,148,347
03/04/2022,KOA,HI,AWP,WE,Federal Contract Tower,95,3,13,4,115,0,26,40,0,66,95,29,53,4,181,140,0,140,321
03/05/2022,KOA,HI,AWP,WE,Federal Contract Tower,87,12,10,5,114,0,25,24,0,49,87,37,34,5,163,18,2,20,183
03/06/2022,KOA,HI,AWP,WE,Federal Contract Tower,93,14,20,0,127,1,38,22,0,61,94,52,42,0,188,18,0,18,206
03/07/2022,KOA,HI,AWP,WE,Federal Contract Tower,91,9,10,5,115,0,35,45,0,80,91,44,55,5,195,150,2,152,347
03/08/2022,KOA,HI,AWP,WE,Federal Contract Tower,88,8,13,1,110,0,35,43,5,83,88,43,56,6,193,136,38,174,367
03/09/2022,KOA,HI,AWP,WE,Federal Contract Tower,95,10,13,0,118,0,31,37,1,69,95,41,50,1,187,156,2,158,345
03/10/2022,KOA,HI,AWP,WE,Federal Contract Tower,103,18,9,4,134,0,31,34,0,65,103,49,43,4,199,122,14,136,335
03/11/2022,KOA,HI,AWP,WE,Federal Contract Tower,100,5,12,0,117,0,35,54,0,89,100,40,66,0,206,138,0,138,344
03/12/2022,KOA,HI,AWP,WE,Federal Contract Tower,90,10,16,1,117,0,31,17,0,48,90,41,33,1,165,8,6,14,179
03/13/2022,KOA,HI,AWP,WE,Federal Contract Tower,106,14,8,0,128,0,33,19,0,52,106,47,27,0,180,2,0,2,182
03/14/2022,KOA,HI,AWP,WE,Federal Contract Tower,106,6,10,10,132,0,33,53,4,90,106,39,63,14,222,194,0,194,416
03/15/2022,KOA,HI,AWP,WE,Federal Contract Tower,95,14,4,2,115,0,35,56,0,91,95,49,60,2,206,188,22,210,416
03/16/2022,KOA,HI,AWP,WE,Federal Contract Tower,96,7,14,0,117,0,30,56,0,86,96,37,70,0,203,182,0,182,385
03/17/2022,KOA,HI,AWP,WE,Federal Contract Tower,103,8,9,9,129,0,32,50,3,85,103,40,59,12,214,142,28,170,384
03/18/2022,KOA,HI,AWP,WE,Federal Contract Tower,102,17,16,0,135,0,33,51,1,85,102,50,67,1,220,154,0,154,374
03/19/2022,KOA,HI,AWP,WE,Federal Contract Tower,94,13,17,0,124,0,27,48,5,80,94,40,65,5,204,7,0,7,211
03/20/2022,KOA,HI,AWP,WE,Federal Contract Tower,100,15,18,0,133,0,27,49,0,76,100,42,67,0,209,4,0,4,213
03/21/2022,KOA,HI,AWP,WE,Federal Contract Tower,107,12,7,2,128,0,24,58,5,87,107,36,65,7,215,192,0,192,407
03/22/2022,KOA,HI,AWP,WE,Federal Contract Tower,90,13,9,1,113,0,30,54,1,85,90,43,63,2,198,88,24,112,310
03/23/2022,KOA,HI,AWP,WE,Federal Contract Tower,99,12,14,3,128,0,30,36,3,69,99,42,50,6,197,114,8,122,319
03/24/2022,KOA,HI,AWP,WE,Federal Contract Tower,95,8,9,12,124,0,28,33,4,65,95,36,42,16,189,104,52,156,345
03/25/2022,KOA,HI,AWP,WE,Federal Contract Tower,103,20,15,5,143,0,29,46,0,75,103,49,61,5,218,162,30,192,410
03/26/2022,KOA,HI,AWP,WE,Federal Contract Tower,96,25,16,1,138,0,35,25,1,61,96,60,41,2,199,22,0,22,221
03/27/2022,KOA,HI,AWP,WE,Federal Contract Tower,100,9,17,0,126,0,24,13,0,37,100,33,30,0,163,0,0,0,163
03/28/2022,KOA,HI,AWP,WE,Federal Contract Tower,104,11,8,17,140,0,31,54,11,96,104,42,62,28,236,74,20,94,330
03/29/2022,KOA,HI,AWP,WE,Federal Contract Tower,90,17,6,1,114,0,29,43,0,72,90,46,49,1,186,70,0,70,256
03/30/2022,KOA,HI,AWP,WE,Federal Contract Tower,95,6,15,6,122,0,17,48,2,67,95,23,63,8,189,178,18,196,385
03/31/2022,KOA,HI,AWP,WE,Federal Contract Tower,102,7,14,2,125,0,20,33,6,59,102,27,47,8,184,140,0,140,324
04/01/2022,KOA,HI,AWP,WE,Federal Contract Tower,100,13,20,1,134,0,20,30,0,50,100,33,50,1,184,94,0,94,278
04/02/2022,KOA,HI,AWP,WE,Federal Contract Tower,98,19,15,0,132,0,25,22,0,47,98,44,37,0,179,24,0,24,203
04/03/2022,KOA,HI,AWP,WE,Federal Contract Tower,93,8,15,0,116,0,18,29,0,47,93,26,44,0,163,5,0,5,168
04/04/2022,KOA,HI,AWP,WE,Federal Contract Tower,102,3,8,8,121,0,25,36,3,64,102,28,44,11,185,88,0,88,273
04/05/2022,KOA,HI,AWP,WE,Federal Contract Tower,87,10,6,6,109,0,22,39,1,62,87,32,45,7,171,84,40,124,295
04/06/2022,KOA,HI,AWP,WE,Federal Contract Tower,91,13,4,8,116,0,23,35,0,58,91,36,39,8,174,106,0,106,280
04/07/2022,KOA,HI,AWP,WE,Federal Contract Tower,92,5,10,19,126,0,20,27,1,48,92,25,37,20,174,136,6,142,316
04/08/2022,KOA,HI,AWP,WE,Federal Contract Tower,99,18,17,5,139,0,17,34,6,57,99,35,51,11,196,182,12,194,390
04/09/2022,KOA,HI,AWP,WE,Federal Contract Tower,93,22,11,0,126,0,25,31,4,60,93,47,42,4,186,53,6,59,245
04/10/2022,KOA,HI,AWP,WE,Federal Contract Tower,96,5,7,1,109,0,28,11,6,45,96,33,18,7,154,0,0,0,154
04/11/2022,KOA,HI,AWP,WE,Federal Contract Tower,98,10,12,4,124,0,24,49,7,80,98,34,61,11,204,160,20,180,384
04/12/2022,KOA,HI,AWP,WE,Federal Contract Tower,88,11,14,12,125,0,27,32,1,60,88,38,46,13,185,149,31,180,365
04/13/2022,KOA,HI,AWP,WE,Federal Contract Tower,95,5,25,3,128,0,36,38,0,74,95,41,63,3,202,63,10,73,275
04/14/2022,KOA,HI,AWP,WE,Federal Contract Tower,103,3,13,11,130,0,16,45,3,64,103,19,58,14,194,178,50,228,422
04/15/2022,KOA,HI,AWP,WE,Federal Contract Tower,93,15,16,8,132,0,24,46,0,70,93,39,62,8,202,108,0,108,310
04/16/2022,KOA,HI,AWP,WE,Federal Contract Tower,85,15,14,2,116,0,19,14,0,33,85,34,28,2,149,30,0,30,179
04/17/2022,KOA,HI,AWP,WE,Federal Contract Tower,93,12,16,0,121,0,24,30,0,54,93,36,46,0,175,22,0,22,197
04/18/2022,KOA,HI,AWP,WE,Federal Contract Tower,99,6,20,0,125,0,22,53,0,75,99,28,73,0,200,222,0,222,422
04/19/2022,KOA,HI,AWP,WE,Federal Contract Tower,86,11,7,4,108,0,26,42,5,73,86,37,49,9,181,159,9,168,349
04/20/2022,KOA,HI,AWP,WE,Federal Contract Tower,98,3,11,3,115,0,36,57,5,98,98,39,68,8,213,125,18,143,356
04/21/2022,KOA,HI,AWP,WE,Federal Contract Tower,98,4,10,1,113,0,23,48,0,71,98,27,58,1,184,226,0,226,410
04/22/2022,KOA,HI,AWP,WE,Federal Contract Tower,98,13,15,1,127,0,22,49,11,82,98,35,64,12,209,134,0,134,343
04/23/2022,KOA,HI,AWP,WE,Federal Contract Tower,89,12,16,0,117,0,19,37,0,56,89,31,53,0,173,20,0,20,193
04/24/2022,KOA,HI,AWP,WE,Federal Contract Tower,87,8,7,0,102,0,22,13,0,35,87,30,20,0,137,0,0,0,137
04/25/2022,KOA,HI,AWP,WE,Federal Contract Tower,98,12,5,1,116,0,26,54,0,80,98,38,59,1,196,226,4,230,426
04/26/2022,KOA,HI,AWP,WE,Federal Contract Tower,89,3,6,3,101,0,24,36,4,64,89,27,42,7,165,182,30,212,377
04/27/2022,KOA,HI,AWP,WE,Federal Contract Tower,94,3,12,2,111,0,23,41,2,66,94,26,53,4,177,128,0,128,305
04/28/2022,KOA,HI,AWP,WE,Federal Contract Tower,97,6,4,7,114,0,31,33,0,64,97,37,37,7,178,68,10,78,256
04/29/2022,KOA,HI,AWP,WE,Federal Contract Tower,97,9,3,1,110,0,23,47,4,74,97,32,50,5,184,110,1,111,295
04/30/2022,KOA,HI,AWP,WE,Federal Contract Tower,88,16,9,0,113,0,22,26,3,51,88,38,35,3,164,44,0,44,208
05/01/2022,KOA,HI,AWP,WE,Federal Contract Tower,94,14,7,4,119,0,18,4,2,24,94,32,11,6,143,0,0,0,143
05/02/2022,KOA,HI,AWP,WE,Federal Contract Tower,99,6,6,0,111,0,13,31,3,47,99,19,37,3,158,58,0,58,216
05/03/2022,KOA,HI,AWP,WE,Federal Contract Tower,88,12,6,8,114,0,18,46,7,71,88,30,52,15,185,109,36,145,330
05/04/2022,KOA,HI,AWP,WE,Federal Contract Tower,91,4,2,2,99,0,24,56,4,84,91,28,58,6,183,132,16,148,331
05/05/2022,KOA,HI,AWP,WE,Federal Contract Tower,101,6,4,6,117,0,31,44,2,77,101,37,48,8,194,112,12,124,318
05/06/2022,KOA,HI,AWP,WE,Federal Contract Tower,96,16,12,17,141,0,30,42,2,74,96,46,54,19,215,104,15,119,334
05/07/2022,KOA,HI,AWP,WE,Federal Contract Tower,91,11,9,2,113,0,21,29,0,50,91,32,38,2,163,16,0,16,179
05/08/2022,KOA,HI,AWP,WE,Federal Contract Tower,96,6,5,1,108,0,21,12,1,34,96,27,17,2,142,6,10,16,158
05/09/2022,KOA,HI,AWP,WE,Federal Contract Tower,97,3,6,1,107,0,24,40,2,66,97,27,46,3,173,106,14,120,293
05/10/2022,KOA,HI,AWP,WE,Federal Contract Tower,90,4,8,3,105,0,14,50,24,88,90,18,58,27,193,108,22,130,323
05/11/2022,KOA,HI,AWP,WE,Federal Contract Tower,98,4,6,4,112,0,32,52,0,84,98,36,58,4,196,101,50,151,347
05/12/2022,KOA,HI,AWP,WE,Federal Contract Tower,98,8,4,2,112,0,38,53,0,91,98,46,57,2,203,86,12,98,301
05/13/2022,KOA,HI,AWP,WE,Federal Contract Tower,100,4,5,16,125,0,23,35,0,58,100,27,40,16,183,91,4,95,278
05/14/2022,KOA,HI,AWP,WE,Federal Contract Tower,88,4,8,21,121,0,25,28,3,56,88,29,36,24,177,44,26,70,247
05/15/2022,KOA,HI,AWP,WE,Federal Contract Tower,6,4,10,2,22,0,16,33,0,49,6,20,43,2,71,12,0,12,83
05/16/2022,KOA,HI,AWP,WE,Federal Contract Tower,100,9,10,2,121,0,40,56,0,96,100,49,66,2,217,92,0,92,309
05/17/2022,KOA,HI,AWP,WE,Federal Contract Tower,92,11,4,0,107,0,31,41,0,72,92,42,45,0,179,186,0,186,365
05/18/2022,KOA,HI,AWP,WE,Federal Contract Tower,88,18,10,7,123,0,24,54,3,81,88,42,64,10,204,32,18,50,254
05/19/2022,KOA,HI,AWP,WE,Federal Contract Tower,105,11,12,10,138,0,29,33,0,62,105,40,45,10,200,66,14,80,280
05/20/2022,KOA,HI,AWP,WE,Federal Contract Tower,107,2,12,0,121,0,31,44,4,79,107,33,56,4,200,134,0,134,334
05/21/2022,KOA,HI,AWP,WE,Federal Contract Tower,89,1,9,0,99,0,34,36,0,70,89,35,45,0,169,26,0,26,195
05/22/2022,KOA,HI,AWP,WE,Federal Contract Tower,99,3,7,0,109,0,27,37,0,64,99,30,44,0,173,92,0,92,265
05/23/2022,KOA,HI,AWP,WE,Federal Contract Tower,101,4,8,10,123,0,27,71,6,104,101,31,79,16,227,104,0,104,331
05/24/2022,KOA,HI,AWP,WE,Federal Contract Tower,88,4,7,8,107,0,30,51,7,88,88,34,58,15,195,90,40,130,325
05/25/2022,KOA,HI,AWP,WE,Federal Contract Tower,98,9,5,9,121,0,33,63,4,100,98,42,68,13,221,92,40,132,353
05/26/2022,KOA,HI,AWP,WE,Federal Contract Tower,101,8,12,7,128,0,23,75,2,100,101,31,87,9,228,74,12,86,314
05/27/2022,KOA,HI,AWP,WE,Federal Contract Tower,101,10,7,8,126,0,36,69,0,105,101,46,76,8,231,38,2,40,271
05/28/2022,KOA,HI,AWP,WE,Federal Contract Tower,92,7,7,2,108,0,21,27,0,48,92,28,34,2,156,47,8,55,211
05/29/2022,KOA,HI,AWP,WE,Federal Contract Tower,95,5,8,1,109,0,22,12,1,35,95,27,20,2,144,22,4,26,170
05/30/2022,KOA,HI,AWP,WE,Federal Contract Tower,104,7,6,1,118,0,23,27,3,53,104,30,33,4,171,117,0,117,288
05/31/2022,KOA,HI,AWP,WE,Federal Contract Tower,91,6,11,22,130,0,23,26,0,49,91,29,37,22,179,122,0,122,301
06/01/2022,KOA,HI,AWP,WE,Federal Contract Tower,97,8,10,2,117,0,28,40,0,68,97,36,50,2,185,116,0,116,301
06/02/2022,KOA,HI,AWP,WE,Federal Contract Tower,96,9,12,5,122,0,25,31,5,61,96,34,43,10,183,72,6,78,261
06/03/2022,KOA,HI,AWP,WE,Federal Contract Tower,97,9,6,0,112,0,30,36,0,66,97,39,42,0,178,86,0,86,264
06/04/2022,KOA,HI,AWP,WE,Federal Contract Tower,91,12,6,2,111,0,29,26,2,57,91,41,32,4,168,8,10,18,186
06/05/2022,KOA,HI,AWP,WE,Federal Contract Tower,100,8,9,0,117,0,15,23,0,38,100,23,32,0,155,10,0,10,165
06/06/2022,KOA,HI,AWP,WE,Federal Contract Tower,100,6,7,1,114,0,26,50,0,76,100,32,57,1,190,43,0,43,233
06/07/2022,KOA,HI,AWP,WE,Federal Contract Tower,100,3,5,0,108,0,23,30,0,53,100,26,35,0,161,140,0,140,301
06/09/2022,KOA,HI,AWP,WE,Federal Contract Tower,108,6,7,9,130,0,15,46,3,64,108,21,53,12,194,78,0,78,272
06/10/2022,KOA,HI,AWP,WE,Federal Contract Tower,99,8,9,1,117,0,17,35,0,52,99,25,44,1,169,102,0,102,271
06/11/2022,KOA,HI,AWP,WE,Federal Contract Tower,94,5,7,1,107,0,18,21,6,45,94,23,28,7,152,8,0,8,160
06/12/2022,KOA,HI,AWP,WE,Federal Contract Tower,101,10,7,8,126,0,18,15,0,33,101,28,22,8,159,22,0,22,181
06/13/2022,KOA,HI,AWP,WE,Federal Contract Tower,103,9,8,2,122,0,18,56,2,76,103,27,64,4,198,118,0,118,316
06/14/2022,KOA,HI,AWP,WE,Federal Contract Tower,103,2,5,10,120,0,19,48,5,72,103,21,53,15,192,118,16,134,326
06/15/2022,KOA,HI,AWP,WE,Federal Contract Tower,107,10,6,3,126,0,19,35,5,59,107,29,41,8,185,130,18,148,333
06/16/2022,KOA,HI,AWP,WE,Federal Contract Tower,107,7,3,19,136,0,20,28,0,48,107,27,31,19,184,78,42,120,304
06/17/2022,KOA,HI,AWP,WE,Federal Contract Tower,104,4,5,0,113,0,19,21,0,40,104,23,26,0,153,90,0,90,243
06/18/2022,KOA,HI,AWP,WE,Federal Contract Tower,5,5,14,4,28,0,18,28,3,49,5,23,42,7,77,0,0,0,77
06/19/2022,KOA,HI,AWP,WE,Federal Contract Tower,100,9,9,0,118,0,15,25,0,40,100,24,34,0,158,64,0,64,222
06/20/2022,KOA,HI,AWP,WE,Federal Contract Tower,103,9,10,0,122,0,19,54,5,78,103,28,64,5,200,64,0,64,264
06/21/2022,KOA,HI,AWP,WE,Federal Contract Tower,102,5,6,0,113,0,20,41,0,61,102,25,47,0,174,130,0,130,304
06/22/2022,KOA,HI,AWP,WE,Federal Contract Tower,105,6,7,7,125,0,19,35,3,57,105,25,42,10,182,10,4,14,196
06/23/2022,KOA,HI,AWP,WE,Federal Contract Tower,107,17,4,3,131,0,22,40,1,63,107,39,44,4,194,89,12,101,295
06/24/2022,KOA,HI,AWP,WE,Federal Contract Tower,105,12,6,0,123,0,15,44,0,59,105,27,50,0,182,43,0,43,225
06/25/2022,KOA,HI,AWP,WE,Federal Contract Tower,103,8,5,0,116,0,19,39,0,58,103,27,44,0,174,34,0,34,208
06/26/2022,KOA,HI,AWP,WE,Federal Contract Tower,105,6,12,1,124,0,10,24,1,35,105,16,36,2,159,34,0,34,193
06/27/2022,KOA,HI,AWP,WE,Federal Contract Tower,104,9,12,16,141,0,17,67,0,84,104,26,79,16,225,148,4,152,377
06/28/2022,KOA,HI,AWP,WE,Federal Contract Tower,106,13,9,12,140,0,12,39,1,52,106,25,48,13,192,104,22,126,318
06/29/2022,KOA,HI,AWP,WE,Federal Contract Tower,108,9,7,2,126,0,23,48,0,71,108,32,55,2,197,142,10,152,349
06/30/2022,KOA,HI,AWP,WE,Federal Contract Tower,108,1,12,4,125,0,19,37,2,58,108,20,49,6,183,142,0,142,325
07/01/2022,KOA,HI,AWP,WE,Federal Contract Tower,105,5,7,0,117,0,22,60,0,82,105,27,67,0,199,139,0,139,338
07/02/2022,KOA,HI,AWP,WE,Federal Contract Tower,100,6,4,0,110,0,27,35,0,62,100,33,39,0,172,8,0,8,180
07/03/2022,KOA,HI,AWP,WE,Federal Contract Tower,104,1,6,0,111,0,31,9,1,41,104,32,15,1,152,4,0,4,156
07/04/2022,KOA,HI,AWP,WE,Federal Contract Tower,93,6,9,0,108,0,19,23,0,42,93,25,32,0,150,80,0,80,230
07/05/2022,KOA,HI,AWP,WE,Federal Contract Tower,99,7,4,8,118,0,22,50,0,72,99,29,54,8,190,88,14,102,292
07/06/2022,KOA,HI,AWP,WE,Federal Contract Tower,104,8,5,3,120,0,19,47,2,68,104,27,52,5,188,147,36,183,371
07/07/2022,KOA,HI,AWP,WE,Federal Contract Tower,112,6,4,8,130,0,16,45,2,63,112,22,49,10,193,110,12,122,315
07/08/2022,KOA,HI,AWP,WE,Federal Contract Tower,112,12,2,2,128,0,21,34,0,55,112,33,36,2,183,150,8,158,341
07/09/2022,KOA,HI,AWP,WE,Federal Contract Tower,104,15,8,2,129,0,27,35,2,64,104,42,43,4,193,12,0,12,205
07/10/2022,KOA,HI,AWP,WE,Federal Contract Tower,93,23,13,6,135,0,20,27,0,47,93,43,40,6,182,60,0,60,242
07/11/2022,KOA,HI,AWP,WE,Federal Contract Tower,110,7,6,8,131,0,20,44,2,66,110,27,50,10,197,126,2,128,325
07/12/2022,KOA,HI,AWP,WE,Federal Contract Tower,101,7,4,5,117,0,24,39,8,71,101,31,43,13,188,102,26,128,316
07/13/2022,KOA,HI,AWP,WE,Federal Contract Tower,104,8,5,15,132,0,24,32,8,64,104,32,37,23,196,142,50,192,388
07/14/2022,KOA,HI,AWP,WE,Federal Contract Tower,114,7,2,10,133,0,24,31,15,70,114,31,33,25,203,87,14,101,304
07/15/2022,KOA,HI,AWP,WE,Federal Contract Tower,108,7,11,1,127,0,19,42,5,66,108,26,53,6,193,75,15,90,283
07/16/2022,KOA,HI,AWP,WE,Federal Contract Tower,101,13,6,2,122,0,19,25,1,45,101,32,31,3,167,8,4,12,179
07/17/2022,KOA,HI,AWP,WE,Federal Contract Tower,110,6,8,0,124,0,17,17,0,34,110,23,25,0,158,12,0,12,170
07/18/2022,KOA,HI,AWP,WE,Federal Contract Tower,111,3,9,6,129,0,20,63,8,91,111,23,72,14,220,160,4,164,384
07/19/2022,KOA,HI,AWP,WE,Federal Contract Tower,101,3,11,2,117,0,27,45,10,82,101,30,56,12,199,60,12,72,271
07/20/2022,KOA,HI,AWP,WE,Federal Contract Tower,102,14,9,6,131,0,16,36,4,56,102,30,45,10,187,104,10,114,301
07/21/2022,KOA,HI,AWP,WE,Federal Contract Tower,114,8,6,5,133,0,36,42,2,80,114,44,48,7,213,76,2,78,291
07/22/2022,KOA,HI,AWP,WE,Federal Contract Tower,106,4,5,0,115,0,32,39,0,71,106,36,44,0,186,154,0,154,340
07/23/2022,KOA,HI,AWP,WE,Federal Contract Tower,100,10,14,1,125,0,27,29,15,71,100,37,43,16,196,28,8,36,232
07/24/2022,KOA,HI,AWP,WE,Federal Contract Tower,110,9,5,7,131,0,15,18,3,36,110,24,23,10,167,0,10,10,177
07/25/2022,KOA,HI,AWP,WE,Federal Contract Tower,106,3,5,6,120,0,18,34,2,54,106,21,39,8,174,178,0,178,352
07/26/2022,KOA,HI,AWP,WE,Federal Contract Tower,103,7,5,4,119,0,18,34,1,53,103,25,39,5,172,124,10,134,306
07/27/2022,KOA,HI,AWP,WE,Federal Contract Tower,103,8,6,2,119,0,24,36,2,62,103,32,42,4,181,84,0,84,265
07/28/2022,KOA,HI,AWP,WE,Federal Contract Tower,111,3,9,1,124,0,25,48,5,78,111,28,57,6,202,60,6,66,268
07/29/2022,KOA,HI,AWP,WE,Federal Contract Tower,108,4,5,2,119,0,21,46,7,74,108,25,51,9,193,53,1,54,247
07/30/2022,KOA,HI,AWP,WE,Federal Contract Tower,102,4,6,4,116,0,22,19,2,43,102,26,25,6,159,0,26,26,185
07/31/2022,KOA,HI,AWP,WE,Federal Contract Tower,108,2,6,0,116,0,18,21,6,45,108,20,27,6,161,8,0,8,169
08/01/2022,KOA,HI,AWP,WE,Federal Contract Tower,106,9,5,3,123,0,24,57,2,83,106,33,62,5,206,156,18,174,380
08/02/2022,KOA,HI,AWP,WE,Federal Contract Tower,100,1,6,9,116,0,22,50,2,74,100,23,56,11,190,114,24,138,328
08/03/2022,KOA,HI,AWP,WE,Federal Contract Tower,109,7,9,7,132,0,26,36,2,64,109,33,45,9,196,79,30,109,305
08/04/2022,KOA,HI,AWP,WE,Federal Contract Tower,113,5,10,21,149,0,20,57,2,79,113,25,67,23,228,56,8,64,292
08/05/2022,KOA,HI,AWP,WE,Federal Contract Tower,112,3,7,4,126,0,21,38,9,68,112,24,45,13,194,107,0,107,301
08/06/2022,KOA,HI,AWP,WE,Federal Contract Tower,99,5,11,1,116,0,25,50,2,77,99,30,61,3,193,10,4,14,207
08/07/2022,KOA,HI,AWP,WE,Federal Contract Tower,109,6,12,0,127,0,15,27,4,46,109,21,39,4,173,6,0,6,179
08/08/2022,KOA,HI,AWP,WE,Federal Contract Tower,105,11,10,12,138,0,20,43,1,64,105,31,53,13,202,192,0,192,394
08/09/2022,KOA,HI,AWP,WE,Federal Contract Tower,100,6,8,0,114,0,32,32,2,66,100,38,40,2,180,128,8,136,316
08/10/2022,KOA,HI,AWP,WE,Federal Contract Tower,98,6,10,2,116,0,23,50,1,74,98,29,60,3,190,37,8,45,235
08/11/2022,KOA,HI,AWP,WE,Federal Contract Tower,111,4,11,3,129,0,23,26,4,53,111,27,37,7,182,93,0,93,275
08/12/2022,KOA,HI,AWP,WE,Federal Contract Tower,105,4,17,12,138,1,18,42,4,65,106,22,59,16,203,76,4,80,283
08/13/2022,KOA,HI,AWP,WE,Federal Contract Tower,98,13,10,2,123,0,16,20,0,36,98,29,30,2,159,0,0,0,159
08/14/2022,KOA,HI,AWP,WE,Federal Contract Tower,108,6,6,0,120,0,15,12,0,27,108,21,18,0,147,6,0,6,153
08/15/2022,KOA,HI,AWP,WE,Federal Contract Tower,104,9,8,4,125,0,21,39,2,62,104,30,47,6,187,50,22,72,259
08/16/2022,KOA,HI,AWP,WE,Federal Contract Tower,96,15,5,9,125,0,19,45,3,67,96,34,50,12,192,58,0,58,250
08/17/2022,KOA,HI,AWP,WE,Federal Contract Tower,96,10,3,5,114,0,21,54,4,79,96,31,57,9,193,57,13,70,263
08/18/2022,KOA,HI,AWP,WE,Federal Contract Tower,109,6,3,5,123,0,22,41,2,65,109,28,44,7,188,112,0,112,300
08/19/2022,KOA,HI,AWP,WE,Federal Contract Tower,107,10,7,1,125,0,31,41,2,74,107,41,48,3,199,82,0,82,281
08/20/2022,KOA,HI,AWP,WE,Federal Contract Tower,95,4,8,0,107,0,26,24,0,50,95,30,32,0,157,4,0,4,161
08/21/2022,KOA,HI,AWP,WE,Federal Contract Tower,100,8,8,2,118,0,18,26,1,45,100,26,34,3,163,4,0,4,167
08/22/2022,KOA,HI,AWP,WE,Federal Contract Tower,98,10,8,0,116,0,16,42,1,59,98,26,50,1,175,168,0,168,343
08/23/2022,KOA,HI,AWP,WE,Federal Contract Tower,97,11,1,5,114,0,21,41,6,68,97,32,42,11,182,168,16,184,366
08/24/2022,KOA,HI,AWP,WE,Federal Contract Tower,99,4,8,1,112,0,28,56,1,85,99,32,64,2,197,97,0,97,294
08/25/2022,KOA,HI,AWP,WE,Federal Contract Tower,110,5,16,8,139,0,18,62,0,80,110,23,78,8,219,142,42,184,403
08/26/2022,KOA,HI,AWP,WE,Federal Contract Tower,102,7,15,7,131,0,26,64,2,92,102,33,79,9,223,77,29,106,329
08/27/2022,KOA,HI,AWP,WE,Federal Contract Tower,100,5,7,3,115,0,24,30,0,54,100,29,37,3,169,45,0,45,214
08/28/2022,KOA,HI,AWP,WE,Federal Contract Tower,101,10,10,0,121,0,20,38,0,58,101,30,48,0,179,18,0,18,197
08/29/2022,KOA,HI,AWP,WE,Federal Contract Tower,98,7,10,1,116,0,23,40,1,64,98,30,50,2,180,118,14,132,312
08/30/2022,KOA,HI,AWP,WE,Federal Contract Tower,96,12,11,0,119,0,26,58,0,84,96,38,69,0,203,194,0,194,397
08/31/2022,KOA,HI,AWP,WE,Federal Contract Tower,87,5,7,3,102,0,31,55,0,86,87,36,62,3,188,136,4,140,328
09/01/2022,KOA,HI,AWP,WE,Federal Contract Tower,107,5,11,3,126,0,36,40,13,89,107,41,51,16,215,114,0,114,329
09/02/2022,KOA,HI,AWP,WE,Federal Contract Tower,103,7,5,0,115,0,19,33,0,52,103,26,38,0,167,156,0,156,323
09/03/2022,KOA,HI,AWP,WE,Federal Contract Tower,98,6,9,0,113,0,18,24,0,42,98,24,33,0,155,28,0,28,183
09/04/2022,KOA,HI,AWP,WE,Federal Contract Tower,99,6,9,0,114,0,13,22,0,35,99,19,31,0,149,0,0,0,149
09/05/2022,KOA,HI,AWP,WE,Federal Contract Tower,101,13,4,0,118,0,16,36,0,52,101,29,40,0,170,112,0,112,282
09/06/2022,KOA,HI,AWP,WE,Federal Contract Tower,92,5,7,6,110,0,19,44,0,63,92,24,51,6,173,191,4,195,368
09/07/2022,KOA,HI,AWP,WE,Federal Contract Tower,83,11,8,0,102,0,17,37,1,55,83,28,45,1,157,108,8,116,273
09/08/2022,KOA,HI,AWP,WE,Federal Contract Tower,92,9,9,1,111,0,19,34,0,53,92,28,43,1,164,112,2,114,278
09/09/2022,KOA,HI,AWP,WE,Federal Contract Tower,100,8,8,4,120,0,11,35,0,46,100,19,43,4,166,95,8,103,269
09/10/2022,KOA,HI,AWP,WE,Federal Contract Tower,93,3,14,3,113,0,19,32,2,53,93,22,46,5,166,26,2,28,194
09/11/2022,KOA,HI,AWP,WE,Federal Contract Tower,88,2,10,1,101,0,17,15,0,32,88,19,25,1,133,4,0,4,137
09/12/2022,KOA,HI,AWP,WE,Federal Contract Tower,82,11,6,0,99,0,21,46,0,67,82,32,52,0,166,58,0,58,224
09/13/2022,KOA,HI,AWP,WE,Federal Contract Tower,95,8,7,22,132,0,14,31,1,46,95,22,38,23,178,49,6,55,233
09/14/2022,KOA,HI,AWP,WE,Federal Contract Tower,86,6,3,9,104,0,17,45,3,65,86,23,48,12,169,126,14,140,309
09/15/2022,KOA,HI,AWP,WE,Federal Contract Tower,94,4,9,0,107,0,15,50,0,65,94,19,59,0,172,137,0,137,309
09/16/2022,KOA,HI,AWP,WE,Federal Contract Tower,88,4,7,3,102,0,15,53,1,69,88,19,60,4,171,210,13,223,394
09/17/2022,KOA,HI,AWP,WE,Federal Contract Tower,90,7,3,0,100,0,25,26,0,51,90,32,29,0,151,62,0,62,213
09/18/2022,KOA,HI,AWP,WE,Federal Contract Tower,88,7,6,0,101,0,16,20,0,36,88,23,26,0,137,22,0,22,159
09/19/2022,KOA,HI,AWP,WE,Federal Contract Tower,87,10,2,13,112,0,15,28,3,46,87,25,30,16,158,79,42,121,279
09/20/2022,KOA,HI,AWP,WE,Federal Contract Tower,87,9,4,17,117,0,22,31,3,56,87,31,35,20,173,84,24,108,281
09/21/2022,KOA,HI,AWP,WE,Federal Contract Tower,89,5,6,5,105,0,24,52,2,78,89,29,58,7,183,155,0,155,338
09/22/2022,KOA,HI,AWP,WE,Federal Contract Tower,92,10,6,2,110,0,20,49,0,69,92,30,55,2,179,155,0,155,334
09/23/2022,KOA,HI,AWP,WE,Federal Contract Tower,89,6,12,14,121,0,17,51,0,68,89,23,63,14,189,110,0,110,299
09/24/2022,KOA,HI,AWP,WE,Federal Contract Tower,88,10,5,0,103,0,23,28,4,55,88,33,33,4,158,20,0,20,178
09/25/2022,KOA,HI,AWP,WE,Federal Contract Tower,90,5,8,0,103,0,20,12,0,32,90,25,20,0,135,6,0,6,141
09/26/2022,KOA,HI,AWP,WE,Federal Contract Tower,90,3,5,7,105,0,24,24,1,49,90,27,29,8,154,111,0,111,265
09/27/2022,KOA,HI,AWP,WE,Federal Contract Tower,85,3,9,9,106,0,18,41,2,61,85,21,50,11,167,124,28,152,319
09/28/2022,KOA,HI,AWP,WE,Federal Contract Tower,92,0,9,6,107,0,24,39,0,63,92,24,48,6,170,126,0,126,296
09/29/2022,KOA,HI,AWP,WE,Federal Contract Tower,91,7,6,10,114,0,18,43,5,66,91,25,49,15,180,168,33,201,381
09/30/2022,KOA,HI,AWP,WE,Federal Contract Tower,94,3,11,6,114,0,22,45,2,69,94,25,56,8,183,211,14,225,408
10/01/2022,KOA,HI,AWP,WE,Federal Contract Tower,92,3,7,0,102,0,34,32,0,66,92,37,39,0,168,6,0,6,174
10/02/2022,KOA,HI,AWP,WE,Federal Contract Tower,95,5,6,5,111,0,14,15,0,29,95,19,21,5,140,10,0,10,150
10/03/2022,KOA,HI,AWP,WE,Federal Contract Tower,86,7,4,0,97,0,14,29,4,47,86,21,33,4,144,130,16,146,290
10/04/2022,KOA,HI,AWP,WE,Federal Contract Tower,83,7,6,0,96,0,22,42,1,65,83,29,48,1,161,198,0,198,359
10/05/2022,KOA,HI,AWP,WE,Federal Contract Tower,88,5,4,19,116,0,12,48,8,68,88,17,52,27,184,148,28,176,360
10/06/2022,KOA,HI,AWP,WE,Federal Contract Tower,94,4,10,16,124,0,15,30,0,45,94,19,40,16,169,26,23,49,218
10/07/2022,KOA,HI,AWP,WE,Federal Contract Tower,93,11,6,0,110,0,42,44,0,86,93,53,50,0,196,76,0,76,272
10/08/2022,KOA,HI,AWP,WE,Federal Contract Tower,92,7,1,1,101,0,35,32,0,67,92,42,33,1,168,13,0,13,181
10/09/2022,KOA,HI,AWP,WE,Federal Contract Tower,102,6,8,0,116,0,24,22,0,46,102,30,30,0,162,18,0,18,180
10/10/2022,KOA,HI,AWP,WE,Federal Contract Tower,96,6,4,0,106,0,34,48,0,82,96,40,52,0,188,180,0,180,368
10/11/2022,KOA,HI,AWP,WE,Federal Contract Tower,87,10,4,7,108,0,34,39,3,76,87,44,43,10,184,172,0,172,356
10/12/2022,KOA,HI,AWP,WE,Federal Contract Tower,85,6,7,3,101,0,13,45,2,60,85,19,52,5,161,149,6,155,316
10/13/2022,KOA,HI,AWP,WE,Federal Contract Tower,90,2,11,4,107,0,13,35,0,48,90,15,46,4,155,119,28,147,302
10/14/2022,KOA,HI,AWP,WE,Federal Contract Tower,89,2,12,11,114,0,19,46,2,67,89,21,58,13,181,127,20,147,328
10/15/2022,KOA,HI,AWP,WE,Federal Contract Tower,92,5,3,0,100,0,19,26,0,45,92,24,29,0,145,50,0,50,195
10/17/2022,KOA,HI,AWP,WE,Federal Contract Tower,92,4,8,0,104,0,18,53,4,75,92,22,61,4,179,162,0,162,341
10/18/2022,KOA,HI,AWP,WE,Federal Contract Tower,79,7,8,1,95,0,23,62,7,92,79,30,70,8,187,116,46,162,349
10/19/2022,KOA,HI,AWP,WE,Federal Contract Tower,87,5,9,10,111,0,31,55,1,87,87,36,64,11,198,188,8,196,394
10/20/2022,KOA,HI,AWP,WE,Federal Contract Tower,96,5,7,4,112,0,17,59,2,78,96,22,66,6,190,219,27,246,436
10/21/2022,KOA,HI,AWP,WE,Federal Contract Tower,92,4,10,3,109,0,19,32,2,53,92,23,42,5,162,140,20,160,322
10/22/2022,KOA,HI,AWP,WE,Federal Contract Tower,92,11,5,0,108,0,17,19,0,36,92,28,24,0,144,31,0,31,175
10/23/2022,KOA,HI,AWP,WE,Federal Contract Tower,96,5,2,0,103,0,14,5,0,19,96,19,7,0,122,4,0,4,126
10/24/2022,KOA,HI,AWP,WE,Federal Contract Tower,91,5,4,6,106,0,22,44,0,66,91,27,48,6,172,156,0,156,328
10/25/2022,KOA,HI,AWP,WE,Federal Contract Tower,77,5,5,10,97,0,15,39,2,56,77,20,44,12,153,173,12,185,338
10/26/2022,KOA,HI,AWP,WE,Federal Contract Tower,93,6,6,2,107,0,17,32,0,49,93,23,38,2,156,178,0,178,334
10/27/2022,KOA,HI,AWP,WE,Federal Contract Tower,90,9,7,0,106,0,17,24,0,41,90,26,31,0,147,124,0,124,271
10/28/2022,KOA,HI,AWP,WE,Federal Contract Tower,91,14,8,6,119,0,21,27,1,49,91,35,35,7,168,104,0,104,272
10/29/2022,KOA,HI,AWP,WE,Federal Contract Tower,91,5,4,0,100,0,23,30,4,57,91,28,34,4,157,34,0,34,191
10/30/2022,KOA,HI,AWP,WE,Federal Contract Tower,90,2,4,0,96,0,14,14,0,28,90,16,18,0,124,9,0,9,133
10/31/2022,KOA,HI,AWP,WE,Federal Contract Tower,90,4,6,10,110,0,12,31,0,43,90,16,37,10,153,159,12,171,324
11/01/2022,KOA,HI,AWP,WE,Federal Contract Tower,81,6,12,19,118,0,26,39,1,66,81,32,51,20,184,154,10,164,348
11/02/2022,KOA,HI,AWP,WE,Federal Contract Tower,90,8,11,2,111,0,20,36,0,56,90,28,47,2,167,158,0,158,325
11/03/2022,KOA,HI,AWP,WE,Federal Contract Tower,95,7,8,4,114,1,27,49,2,79,96,34,57,6,193,126,0,126,319
11/04/2022,KOA,HI,AWP,WE,Federal Contract Tower,91,5,4,2,102,0,14,30,4,48,91,19,34,6,150,109,4,113,263
11/05/2022,KOA,HI,AWP,WE,Federal Contract Tower,90,5,5,0,100,0,24,21,2,47,90,29,26,2,147,16,0,16,163
11/06/2022,KOA,HI,AWP,WE,Federal Contract Tower,92,14,5,1,112,0,16,9,0,25,92,30,14,1,137,2,0,2,139
11/07/2022,KOA,HI,AWP,WE,Federal Contract Tower,87,8,6,7,108,0,15,38,3,56,87,23,44,10,164,130,10,140,304
11/08/2022,KOA,HI,AWP,WE,Federal Contract Tower,82,6,6,1,95,0,9,42,5,56,82,15,48,6,151,184,30,214,365
11/09/2022,KOA,HI,AWP,WE,Federal Contract Tower,84,5,8,12,109,0,15,27,2,44,84,20,35,14,153,192,20,212,365
11/10/2022,KOA,HI,AWP,WE,Federal Contract Tower,85,6,7,15,113,0,21,35,4,60,85,27,42,19,173,136,40,176,349
11/11/2022,KOA,HI,AWP,WE,Federal Contract Tower,88,3,2,1,94,0,19,26,12,57,88,22,28,13,151,53,0,53,204
11/12/2022,KOA,HI,AWP,WE,Federal Contract Tower,90,8,8,1,107,0,17,14,1,32,90,25,22,2,139,2,7,9,148
11/13/2022,KOA,HI,AWP,WE,Federal Contract Tower,88,6,12,0,106,0,17,24,4,45,88,23,36,4,151,6,6,12,163
11/14/2022,KOA,HI,AWP,WE,Federal Contract Tower,86,8,7,0,101,0,19,48,0,67,86,27,55,0,168,204,0,204,372
11/15/2022,KOA,HI,AWP,WE,Federal Contract Tower,80,3,8,9,100,0,21,36,3,60,80,24,44,12,160,222,6,228,388
11/16/2022,KOA,HI,AWP,WE,Federal Contract Tower,89,5,7,4,105,0,17,52,9,78,89,22,59,13,183,110,2,112,295
11/17/2022,KOA,HI,AWP,WE,Federal Contract Tower,91,4,6,0,101,0,18,52,0,70,91,22,58,0,171,182,0,182,353
11/18/2022,KOA,HI,AWP,WE,Federal Contract Tower,95,15,14,2,126,0,20,37,4,61,95,35,51,6,187,154,0,154,341
11/19/2022,KOA,HI,AWP,WE,Federal Contract Tower,100,13,20,0,133,0,21,18,0,39,100,34,38,0,172,14,3,17,189
11/20/2022,KOA,HI,AWP,WE,Federal Contract Tower,90,7,21,0,118,0,20,18,2,40,90,27,39,2,158,14,8,22,180
11/21/2022,KOA,HI,AWP,WE,Federal Contract Tower,96,4,9,0,109,0,14,37,2,53,96,18,46,2,162,226,0,226,388
11/22/2022,KOA,HI,AWP,WE,Federal Contract Tower,91,7,14,9,121,0,29,60,0,89,91,36,74,9,210,158,18,176,386
11/23/2022,KOA,HI,AWP,WE,Federal Contract Tower,90,6,9,0,105,0,53,39,0,92,90,59,48,0,197,142,0,142,339
11/24/2022,KOA,HI,AWP,WE,Federal Contract Tower,80,5,3,0,88,0,8,11,0,19,80,13,14,0,107,8,0,8,115
11/25/2022,KOA,HI,AWP,WE,Federal Contract Tower,88,8,17,0,113,0,22,17,0,39,88,30,34,0,152,38,0,38,190
11/26/2022,KOA,HI,AWP,WE,Federal Contract Tower,101,12,15,0,128,0,17,32,0,49,101,29,47,0,177,46,0,46,223
11/27/2022,KOA,HI,AWP,WE,Federal Contract Tower,94,22,23,0,139,0,14,31,0,45,94,36,54,0,184,30,0,30,214
11/28/2022,KOA,HI,AWP,WE,Federal Contract Tower,87,5,11,1,104,0,13,52,5,70,87,18,63,6,174,240,30,270,444
11/29/2022,KOA,HI,AWP,WE,Federal Contract Tower,84,6,9,2,101,0,15,53,3,71,84,21,62,5,172,124,0,124,296
11/30/2022,KOA,HI,AWP,WE,Federal Contract Tower,84,7,8,2,101,0,24,58,3,85,84,31,66,5,186,70,12,82,268
12/01/2022,KOA,HI,AWP,WE,Federal Contract Tower,86,4,6,0,96,0,26,32,4,62,86,30,38,4,158,28,18,46,204
12/02/2022,KOA,HI,AWP,WE,Federal Contract Tower,90,5,15,0,110,0,39,53,0,92,90,44,68,0,202,229,0,229,431
12/03/2022,KOA,HI,AWP,WE,Federal Contract Tower,90,5,13,1,109,0,43,51,0,94,90,48,64,1,203,70,0,70,273
12/05/2022,KOA,HI,AWP,WE,Federal Contract Tower,88,6,4,7,105,0,42,65,3,110,88,48,69,10,215,210,12,222,437
12/06/2022,KOA,HI,AWP,WE,Federal Contract Tower,84,9,6,7,106,0,18,44,0,62,84,27,50,7,168,264,0,264,432
12/07/2022,KOA,HI,AWP,WE,Federal Contract Tower,85,6,6,13,110,0,44,63,4,111,85,50,69,17,221,192,10,202,423
12/08/2022,KOA,HI,AWP,WE,Federal Contract Tower,87,7,6,22,122,0,75,51,1,127,87,82,57,23,249,126,46,172,421
12/09/2022,KOA,HI,AWP,WE,Federal Contract Tower,86,7,4,0,97,0,67,67,0,134,86,74,71,0,231,168,0,168,399
12/10/2022,KOA,HI,AWP,WE,Federal Contract Tower,91,3,8,2,104,0,64,30,2,96,91,67,38,4,200,40,0,40,240
12/11/2022,KOA,HI,AWP,WE,Federal Contract Tower,89,4,10,3,106,0,28,55,0,83,89,32,65,3,189,66,6,72,261
12/12/2022,KOA,HI,AWP,WE,Federal Contract Tower,89,8,15,1,113,0,23,45,6,74,89,31,60,7,187,240,32,272,459
12/13/2022,KOA,HI,AWP,WE,Federal Contract Tower,84,5,4,0,93,0,22,56,5,83,84,27,60,5,176,122,20,142,318
12/14/2022,KOA,HI,AWP,WE,Federal Contract Tower,86,3,12,1,102,0,24,65,0,89,86,27,77,1,191,144,0,144,335
12/15/2022,KOA,HI,AWP,WE,Federal Contract Tower,93,9,13,18,133,0,37,52,0,89,93,46,65,18,222,155,28,183,405
12/16/2022,KOA,HI,AWP,WE,Federal Contract Tower,93,7,7,0,107,0,20,43,0,63,93,27,50,0,170,160,0,160,330
12/17/2022,KOA,HI,AWP,WE,Federal Contract Tower,103,24,22,0,149,0,14,26,0,40,103,38,48,0,189,24,0,24,213
12/18/2022,KOA,HI,AWP,WE,Federal Contract Tower,99,15,10,0,124,0,15,12,0,27,99,30,22,0,151,8,0,8,159
12/19/2022,KOA,HI,AWP,WE,Federal Contract Tower,84,9,12,0,105,0,0,0,0,0,84,9,12,0,105,0,0,0,105
12/20/2022,KOA,HI,AWP,WE,Federal Contract Tower,84,12,18,2,116,0,9,12,0,21,84,21,30,2,137,14,2,16,153
12/21/2022,KOA,HI,AWP,WE,Federal Contract Tower,96,19,10,5,130,0,27,47,1,75,96,46,57,6,205,136,4,140,345
12/22/2022,KOA,HI,AWP,WE,Federal Contract Tower,107,13,24,4,148,0,38,47,3,88,107,51,71,7,236,83,20,103,339
12/23/2022,KOA,HI,AWP,WE,Federal Contract Tower,92,9,23,0,124,0,46,41,0,87,92,55,64,0,211,86,0,86,297
12/24/2022,KOA,HI,AWP,WE,Federal Contract Tower,89,7,21,4,121,0,31,44,0,75,89,38,65,4,196,38,0,38,234
12/25/2022,KOA,HI,AWP,WE,Federal Contract Tower,85,9,11,0,105,0,16,11,0,27,85,25,22,0,132,0,0,0,132
12/26/2022,KOA,HI,AWP,WE,Federal Contract Tower,88,6,34,2,130,0,39,51,0,90,88,45,85,2,220,126,0,126,346
12/27/2022,KOA,HI,AWP,WE,Federal Contract Tower,103,3,16,14,136,0,37,43,3,83,103,40,59,17,219,136,8,144,363
12/28/2022,KOA,HI,AWP,WE,Federal Contract Tower,100,14,15,17,146,0,25,50,0,75,100,39,65,17,221,119,9,128,349
12/29/2022,KOA,HI,AWP,WE,Federal Contract Tower,105,12,14,8,139,0,42,52,0,94,105,54,66,8,233,203,42,245,478
12/30/2022,KOA,HI,AWP,WE,Federal Contract Tower,102,6,10,0,118,0,48,40,0,88,102,54,50,0,206,96,0,96,302
12/31/2022,KOA,HI,AWP,WE,Federal Contract Tower,102,5,19,0,126,0,40,32,0,72,102,45,51,0,198,48,0,48,246
01/01/2023,KOA,HI,AWP,WE,Federal Contract Tower,101,10,30,4,145,0,17,14,0,31,101,27,44,4,176,0,0,0,176
01/02/2023,KOA,HI,AWP,WE,Federal Contract Tower,97,20,30,5,152,0,21,60,4,85,97,41,90,9,237,170,0,170,407
01/03/2023,KOA,HI,AWP,WE,Federal Contract Tower,98,12,26,1,137,0,19,55,2,76,98,31,81,3,213,275,12,287,500
01/04/2023,KOA,HI,AWP,WE,Federal Contract Tower,95,17,24,1,137,0,41,51,0,92,95,58,75,1,229,155,5,160,389
01/05/2023,KOA,HI,AWP,WE,Federal Contract Tower,105,5,18,2,130,0,23,31,5,59,105,28,49,7,189,141,24,165,354
01/06/2023,KOA,HI,AWP,WE,Federal Contract Tower,105,6,14,0,125,0,27,41,0,68,105,33,55,0,193,201,23,224,417
01/07/2023,KOA,HI,AWP,WE,Federal Contract Tower,93,8,10,0,111,0,40,32,2,74,93,48,42,2,185,79,6,85,270
01/08/2023,KOA,HI,AWP,WE,Federal Contract Tower,106,2,10,0,118,0,23,24,0,47,106,25,34,0,165,92,0,92,257
01/09/2023,KOA,HI,AWP,WE,Federal Contract Tower,101,7,8,5,121,0,26,64,1,91,101,33,72,6,212,138,0,138,350
01/10/2023,KOA,HI,AWP,WE,Federal Contract Tower,93,4,10,14,121,0,17,59,7,83,93,21,69,21,204,139,17,156,360
01/11/2023,KOA,HI,AWP,WE,Federal Contract Tower,96,10,4,8,118,0,15,46,11,72,96,25,50,19,190,140,8,148,338
01/12/2023,KOA,HI,AWP,WE,Federal Contract Tower,103,5,12,5,125,0,55,63,1,119,103,60,75,6,244,68,14,82,326
01/13/2023,KOA,HI,AWP,WE,Federal Contract Tower,98,15,8,4,125,0,32,53,0,85,98,47,61,4,210,144,2,146,356
01/14/2023,KOA,HI,AWP,WE,Federal Contract Tower,92,11,8,1,112,0,32,42,5,79,92,43,50,6,191,42,0,42,233
01/15/2023,KOA,HI,AWP,WE,Federal Contract Tower,91,13,9,1,114,0,23,29,5,57,91,36,38,6,171,30,0,30,201
01/16/2023,KOA,HI,AWP,WE,Federal Contract Tower,97,13,13,4,127,0,28,45,7,80,97,41,58,11,207,174,4,178,385
01/17/2023,KOA,HI,AWP,WE,Federal Contract Tower,93,9,4,10,116,0,22,75,4,101,93,31,79,14,217,220,2,222,439
01/18/2023,KOA,HI,AWP,WE,Federal Contract Tower,98,2,7,5,112,0,26,58,14,98,98,28,65,19,210,164,11,175,385
01/19/2023,KOA,HI,AWP,WE,Federal Contract Tower,100,11,7,3,121,0,34,44,0,78,100,45,51,3,199,129,14,143,342
01/20/2023,KOA,HI,AWP,WE,Federal Contract Tower,100,4,4,11,119,0,35,47,0,82,100,39,51,11,201,150,22,172,373
01/21/2023,KOA,HI,AWP,WE,Federal Contract Tower,95,5,6,4,110,0,44,31,0,75,95,49,37,4,185,72,0,72,257
01/22/2023,KOA,HI,AWP,WE,Federal Contract Tower,98,12,9,0,119,0,30,24,6,60,98,42,33,6,179,6,0,6,185
01/23/2023,KOA,HI,AWP,WE,Federal Contract Tower,95,8,3,2,108,0,23,57,14,94,95,31,60,16,202,256,0,256,458
01/24/2023,KOA,HI,AWP,WE,Federal Contract Tower,95,10,4,0,109,0,22,41,5,68,95,32,45,5,177,206,0,206,383
01/25/2023,KOA,HI,AWP,WE,Federal Contract Tower,99,10,11,1,121,0,22,50,0,72,99,32,61,1,193,136,0,136,329
01/26/2023,KOA,HI,AWP,WE,Federal Contract Tower,97,7,9,3,116,0,26,24,0,50,97,33,33,3,166,215,17,232,398
01/27/2023,KOA,HI,AWP,WE,Federal Contract Tower,99,16,10,2,127,0,26,38,0,64,99,42,48,2,191,144,0,144,335
01/28/2023,KOA,HI,AWP,WE,Federal Contract Tower,93,16,4,2,115,0,31,26,0,57,93,47,30,2,172,58,0,58,230
01/29/2023,KOA,HI,AWP,WE,Federal Contract Tower,97,11,3,0,111,0,20,13,0,33,97,31,16,0,144,2,0,2,146
01/30/2023,KOA,HI,AWP,WE,Federal Contract Tower,95,11,6,6,118,0,18,36,2,56,95,29,42,8,174,168,8,176,350
01/31/2023,KOA,HI,AWP,WE,Federal Contract Tower,96,16,7,1,120,0,17,45,5,67,96,33,52,6,187,210,0,210,397
02/01/2023,KOA,HI,AWP,WE,Federal Contract Tower,95,9,6,2,112,0,17,76,4,97,95,26,82,6,209,194,0,194,403
02/02/2023,KOA,HI,AWP,WE,Federal Contract Tower,103,4,6,6,119,0,30,53,11,94,103,34,59,17,213,93,12,105,318
02/03/2023,KOA,HI,AWP,WE,Federal Contract Tower,100,8,5,4,117,0,30,32,0,62,100,38,37,4,179,136,10,146,325
02/04/2023,KOA,HI,AWP,WE,Federal Contract Tower,90,6,8,0,104,0,27,37,0,64,90,33,45,0,168,66,0,66,234
02/05/2023,KOA,HI,AWP,WE,Federal Contract Tower,101,6,7,0,114,0,18,28,0,46,101,24,35,0,160,2,0,2,162
02/06/2023,KOA,HI,AWP,WE,Federal Contract Tower,99,10,6,13,128,0,39,47,0,86,99,49,53,13,214,198,0,198,412
02/07/2023,KOA,HI,AWP,WE,Federal Contract Tower,92,1,7,12,112,0,20,56,1,77,92,21,63,13,189,201,5,206,395
02/08/2023,KOA,HI,AWP,WE,Federal Contract Tower,102,5,8,0,115,0,18,46,0,64,102,23,54,0,179,222,0,222,401
02/09/2023,KOA,HI,AWP,WE,Federal Contract Tower,99,10,7,23,139,0,22,30,0,52,99,32,37,23,191,231,55,286,477
02/10/2023,KOA,HI,AWP,WE,Federal Contract Tower,98,13,10,0,121,0,19,30,0,49,98,32,40,0,170,189,0,189,359
02/11/2023,KOA,HI,AWP,WE,Federal Contract Tower,94,11,14,8,127,0,16,24,0,40,94,27,38,8,167,114,0,114,281
02/12/2023,KOA,HI,AWP,WE,Federal Contract Tower,97,6,4,1,108,0,19,29,2,50,97,25,33,3,158,22,0,22,180
02/13/2023,KOA,HI,AWP,WE,Federal Contract Tower,96,14,10,5,125,0,31,58,0,89,96,45,68,5,214,172,2,174,388
02/14/2023,KOA,HI,AWP,WE,Federal Contract Tower,88,4,7,8,107,0,8,65,2,75,88,12,72,10,182,125,11,136,318
02/15/2023,KOA,HI,AWP,WE,Federal Contract Tower,99,4,12,7,122,0,18,51,0,69,99,22,63,7,191,214,15,229,420
02/16/2023,KOA,HI,AWP,WE,Federal Contract Tower,101,8,6,3,118,0,26,51,0,77,101,34,57,3,195,155,7,162,357
02/17/2023,KOA,HI,AWP,WE,Federal Contract Tower,102,19,8,0,129,0,0,14,0,14,102,19,22,0,143,59,0,59,202
02/18/2023,KOA,HI,AWP,WE,Federal Contract Tower,97,16,7,0,120,0,14,9,0,23,97,30,16,0,143,0,0,0,143
02/19/2023,KOA,HI,AWP,WE,Federal Contract Tower,100,6,9,0,115,0,24,29,0,53,100,30,38,0,168,36,0,36,204
02/20/2023,KOA,HI,AWP,WE,Federal Contract Tower,91,9,9,4,113,0,24,37,0,61,91,33,46,4,174,120,0,120,294
02/21/2023,KOA,HI,AWP,WE,Federal Contract Tower,97,7,3,5,112,0,28,30,0,58,97,35,33,5,170,163,34,197,367
02/22/2023,KOA,HI,AWP,WE,Federal Contract Tower,103,5,4,20,132,0,22,51,0,73,103,27,55,20,205,176,7,183,388
02/23/2023,KOA,HI,AWP,WE,Federal Contract Tower,97,6,8,13,124,0,29,38,1,68,97,35,46,14,192,190,1,191,383
02/24/2023,KOA,HI,AWP,WE,Federal Contract Tower,96,4,11,5,116,0,31,39,2,72,96,35,50,7,188,171,2,173,361
02/25/2023,KOA,HI,AWP,WE,Federal Contract Tower,96,7,16,0,119,0,24,17,2,43,96,31,33,2,162,20,4,24,186
02/26/2023,KOA,HI,AWP,WE,Federal Contract Tower,97,8,13,0,118,0,16,24,0,40,97,24,37,0,158,58,0,58,216
02/27/2023,KOA,HI,AWP,WE,Federal Contract Tower,98,2,10,10,120,0,12,57,0,69,98,14,67,10,189,260,6,266,455
02/28/2023,KOA,HI,AWP,WE,Federal Contract Tower,94,4,8,0,106,0,17,47,0,64,94,21,55,0,170,188,0,188,358
03/01/2023,KOA,HI,AWP,WE,Federal Contract Tower,99,7,5,13,124,0,15,55,3,73,99,22,60,16,197,312,18,330,527
03/02/2023,KOA,HI,AWP,WE,Federal Contract Tower,100,2,5,25,132,0,12,23,0,35,100,14,28,25,167,200,9,209,376
03/03/2023,KOA,HI,AWP,WE,Federal Contract Tower,99,9,8,4,120,0,19,48,2,69,99,28,56,6,189,191,2,193,382
03/04/2023,KOA,HI,AWP,WE,Federal Contract Tower,95,10,5,2,112,0,29,53,0,82,95,39,58,2,194,58,0,58,252
03/05/2023,KOA,HI,AWP,WE,Federal Contract Tower,100,7,7,1,115,0,23,22,1,46,100,30,29,2,161,38,0,38,199
03/06/2023,KOA,HI,AWP,WE,Federal Contract Tower,97,10,8,0,115,0,14,54,0,68,97,24,62,0,183,208,0,208,391
03/07/2023,KOA,HI,AWP,WE,Federal Contract Tower,96,11,5,15,127,0,27,35,0,62,96,38,40,15,189,172,8,180,369
03/08/2023,KOA,HI,AWP,WE,Federal Contract Tower,103,11,9,0,123,0,8,8,0,16,103,19,17,0,139,58,0,58,197
03/09/2023,KOA,HI,AWP,WE,Federal Contract Tower,102,5,10,3,120,0,19,30,1,50,102,24,40,4,170,105,2,107,277
03/10/2023,KOA,HI,AWP,WE,Federal Contract Tower,102,3,9,0,114,0,31,75,0,106,102,34,84,0,220,132,0,132,352
03/11/2023,KOA,HI,AWP,WE,Federal Contract Tower,97,11,10,0,118,0,29,31,0,60,97,40,41,0,178,24,0,24,202
03/12/2023,KOA,HI,AWP,WE,Federal Contract Tower,102,7,6,2,117,0,16,10,0,26,102,23,16,2,143,44,10,54,197
03/13/2023,KOA,HI,AWP,WE,Federal Contract Tower,98,6,2,13,119,0,39,47,5,91,98,45,49,18,210,182,6,188,398
03/14/2023,KOA,HI,AWP,WE,Federal Contract Tower,96,8,7,2,113,0,31,45,3,79,96,39,52,5,192,170,7,177,369
03/15/2023,KOA,HI,AWP,WE,Federal Contract Tower,96,9,6,1,112,0,30,59,0,89,96,39,65,1,201,274,0,274,475
03/16/2023,KOA,HI,AWP,WE,Federal Contract Tower,103,11,15,5,134,0,13,48,2,63,103,24,63,7,197,171,2,173,370
03/17/2023,KOA,HI,AWP,WE,Federal Contract Tower,102,9,10,0,121,0,14,41,0,55,102,23,51,0,176,84,0,84,260
03/18/2023,KOA,HI,AWP,WE,Federal Contract Tower,103,8,7,2,120,1,27,34,0,62,104,35,41,2,182,82,0,82,264
03/19/2023,KOA,HI,AWP,WE,Federal Contract Tower,98,12,9,0,119,0,14,16,0,30,98,26,25,0,149,14,0,14,163
03/20/2023,KOA,HI,AWP,WE,Federal Contract Tower,99,10,9,0,118,0,37,52,0,89,99,47,61,0,207,192,0,192,399
03/21/2023,KOA,HI,AWP,WE,Federal Contract Tower,97,6,7,6,116,0,16,36,2,54,97,22,43,8,170,94,34,128,298
03/22/2023,KOA,HI,AWP,WE,Federal Contract Tower,100,9,19,2,130,0,8,57,0,65,100,17,76,2,195,220,0,220,415
03/23/2023,KOA,HI,AWP,WE,Federal Contract Tower,110,10,10,6,136,1,20,24,6,51,111,30,34,12,187,173,6,179,366
03/24/2023,KOA,HI,AWP,WE,Federal Contract Tower,105,3,17,12,137,0,29,42,0,71,105,32,59,12,208,195,20,215,423
03/25/2023,KOA,HI,AWP,WE,Federal Contract Tower,107,11,8,2,128,0,44,40,0,84,107,55,48,2,212,52,0,52,264
03/26/2023,KOA,HI,AWP,WE,Federal Contract Tower,108,4,15,0,127,0,22,8,0,30,108,26,23,0,157,10,0,10,167
03/27/2023,KOA,HI,AWP,WE,Federal Contract Tower,103,11,9,17,140,0,16,52,2,70,103,27,61,19,210,206,8,214,424
03/28/2023,KOA,HI,AWP,WE,Federal Contract Tower,98,9,3,9,119,0,27,35,2,64,98,36,38,11,183,114,12,126,309
03/29/2023,KOA,HI,AWP,WE,Federal Contract Tower,105,3,1,2,111,1,16,38,2,57,106,19,39,4,168,178,25,203,371
03/30/2023,KOA,HI,AWP,WE,Federal Contract Tower,99,8,12,12,131,0,25,49,0,74,99,33,61,12,205,124,10,134,339
03/31/2023,KOA,HI,AWP,WE,Federal Contract Tower,101,10,11,5,127,0,25,38,0,63,101,35,49,5,190,84,4,88,278
04/01/2023,KOA,HI,AWP,WE,Federal Contract Tower,111,9,26,1,147,0,20,28,0,48,111,29,54,1,195,63,8,71,266
04/02/2023,KOA,HI,AWP,WE,Federal Contract Tower,96,14,14,0,124,0,8,11,2,21,96,22,25,2,145,22,0,22,167
04/03/2023,KOA,HI,AWP,WE,Federal Contract Tower,100,5,10,4,119,0,9,47,0,56,100,14,57,4,175,203,0,203,378
04/04/2023,KOA,HI,AWP,WE,Federal Contract Tower,100,4,7,16,127,0,21,56,7,84,100,25,63,23,211,137,10,147,358
04/05/2023,KOA,HI,AWP,WE,Federal Contract Tower,102,2,8,3,115,0,27,54,1,82,102,29,62,4,197,124,14,138,335
04/06/2023,KOA,HI,AWP,WE,Federal Contract Tower,96,8,13,7,124,0,17,39,1,57,96,25,52,8,181,160,18,178,359
04/07/2023,KOA,HI,AWP,WE,Federal Contract Tower,98,10,18,0,126,0,24,69,0,93,98,34,87,0,219,189,0,189,408
04/08/2023,KOA,HI,AWP,WE,Federal Contract Tower,115,10,18,0,143,0,14,32,0,46,115,24,50,0,189,57,0,57,246
04/09/2023,KOA,HI,AWP,WE,Federal Contract Tower,102,6,10,0,118,1,12,26,0,39,103,18,36,0,157,10,0,10,167
04/10/2023,KOA,HI,AWP,WE,Federal Contract Tower,101,6,9,6,122,0,13,31,1,45,101,19,40,7,167,144,2,146,313
04/11/2023,KOA,HI,AWP,WE,Federal Contract Tower,94,12,10,8,124,0,17,47,1,65,94,29,57,9,189,200,17,217,406
04/12/2023,KOA,HI,AWP,WE,Federal Contract Tower,95,9,17,8,129,0,24,47,2,73,95,33,64,10,202,168,28,196,398
04/13/2023,KOA,HI,AWP,WE,Federal Contract Tower,100,1,7,4,112,1,20,39,1,61,101,21,46,5,173,227,25,252,425
04/14/2023,KOA,HI,AWP,WE,Federal Contract Tower,100,4,9,5,118,0,20,48,3,71,100,24,57,8,189,192,22,214,403
04/15/2023,KOA,HI,AWP,WE,Federal Contract Tower,103,7,15,5,130,0,12,21,1,34,103,19,36,6,164,32,33,65,229
04/16/2023,KOA,HI,AWP,WE,Federal Contract Tower,93,5,6,4,108,0,22,24,1,47,93,27,30,5,155,40,2,42,197
04/17/2023,KOA,HI,AWP,WE,Federal Contract Tower,103,5,9,10,127,0,20,56,1,77,103,25,65,11,204,182,34,216,420
04/18/2023,KOA,HI,AWP,WE,Federal Contract Tower,91,8,11,2,112,0,24,36,0,60,91,32,47,2,172,102,12,114,286
04/19/2023,KOA,HI,AWP,WE,Federal Contract Tower,91,5,6,8,110,0,8,4,0,12,91,13,10,8,122,0,0,0,122
04/20/2023,KOA,HI,AWP,WE,Federal Contract Tower,108,9,15,2,134,0,17,41,0,58,108,26,56,2,192,101,16,117,309
04/21/2023,KOA,HI,AWP,WE,Federal Contract Tower,96,9,8,0,113,0,27,33,2,62,96,36,41,2,175,66,0,66,241
04/22/2023,KOA,HI,AWP,WE,Federal Contract Tower,100,6,13,0,119,0,23,20,0,43,100,29,33,0,162,105,0,105,267
04/23/2023,KOA,HI,AWP,WE,Federal Contract Tower,99,7,18,0,124,0,17,7,0,24,99,24,25,0,148,0,0,0,148
04/24/2023,KOA,HI,AWP,WE,Federal Contract Tower,96,2,15,0,113,0,17,62,0,79,96,19,77,0,192,218,0,218,410
04/25/2023,KOA,HI,AWP,WE,Federal Contract Tower,96,3,8,3,110,0,25,46,1,72,96,28,54,4,182,201,15,216,398
04/26/2023,KOA,HI,AWP,WE,Federal Contract Tower,93,6,5,2,106,0,12,35,0,47,93,18,40,2,153,133,0,133,286
04/27/2023,KOA,HI,AWP,WE,Federal Contract Tower,105,10,10,4,129,0,25,41,0,66,105,35,51,4,195,104,24,128,323
04/28/2023,KOA,HI,AWP,WE,Federal Contract Tower,99,4,9,1,113,0,26,28,2,56,99,30,37,3,169,148,0,148,317
04/29/2023,KOA,HI,AWP,WE,Federal Contract Tower,100,10,4,0,114,0,15,7,0,22,100,25,11,0,136,14,6,20,156
04/30/2023,KOA,HI,AWP,WE,Federal Contract Tower,101,5,8,0,114,0,19,12,0,31,101,24,20,0,145,54,0,54,199
05/01/2023,KOA,HI,AWP,WE,Federal Contract Tower,95,8,10,2,115,0,21,48,0,69,95,29,58,2,184,174,40,214,398
05/02/2023,KOA,HI,AWP,WE,Federal Contract Tower,94,2,12,2,110,0,23,62,0,85,94,25,74,2,195,166,0,166,361
05/03/2023,KOA,HI,AWP,WE,Federal Contract Tower,98,3,1,5,107,0,16,41,0,57,98,19,42,5,164,154,20,174,338
05/04/2023,KOA,HI,AWP,WE,Federal Contract Tower,98,3,5,1,107,0,11,40,2,53,98,14,45,3,160,130,5,135,295
05/05/2023,KOA,HI,AWP,WE,Federal Contract Tower,98,9,12,1,120,0,17,29,2,48,98,26,41,3,168,110,4,114,282
05/06/2023,KOA,HI,AWP,WE,Federal Contract Tower,97,6,4,2,109,0,19,14,4,37,97,25,18,6,146,44,0,44,190
05/07/2023,KOA,HI,AWP,WE,Federal Contract Tower,100,7,5,2,114,0,18,30,0,48,100,25,35,2,162,24,0,24,186
05/08/2023,KOA,HI,AWP,WE,Federal Contract Tower,104,4,4,2,114,0,18,38,0,56,104,22,42,2,170,126,0,126,296
05/09/2023,KOA,HI,AWP,WE,Federal Contract Tower,94,2,10,7,113,0,28,42,0,70,94,30,52,7,183,177,2,179,362
05/10/2023,KOA,HI,AWP,WE,Federal Contract Tower,98,1,5,11,115,0,13,46,3,62,98,14,51,14,177,155,36,191,368
05/11/2023,KOA,HI,AWP,WE,Federal Contract Tower,102,6,4,0,112,0,17,39,0,56,102,23,43,0,168,54,0,54,222
05/12/2023,KOA,HI,AWP,WE,Federal Contract Tower,89,3,2,0,94,0,15,45,0,60,89,18,47,0,154,40,0,40,194
05/13/2023,KOA,HI,AWP,WE,Federal Contract Tower,96,1,2,0,99,0,23,23,0,46,96,24,25,0,145,32,0,32,177
05/14/2023,KOA,HI,AWP,WE,Federal Contract Tower,98,7,8,1,114,0,23,5,1,29,98,30,13,2,143,0,0,0,143
05/15/2023,KOA,HI,AWP,WE,Federal Contract Tower,98,5,5,7,115,0,22,43,1,66,98,27,48,8,181,164,28,192,373
05/16/2023,KOA,HI,AWP,WE,Federal Contract Tower,97,5,7,5,114,0,26,46,0,72,97,31,53,5,186,89,0,89,275
05/17/2023,KOA,HI,AWP,WE,Federal Contract Tower,100,3,7,3,113,0,15,46,0,61,100,18,53,3,174,111,12,123,297
05/18/2023,KOA,HI,AWP,WE,Federal Contract Tower,98,6,3,7,114,0,12,48,0,60,98,18,51,7,174,160,22,182,356
05/19/2023,KOA,HI,AWP,WE,Federal Contract Tower,98,14,6,1,119,0,25,26,0,51,98,39,32,1,170,22,17,39,209
05/20/2023,KOA,HI,AWP,WE,Federal Contract Tower,97,1,15,0,113,0,28,22,0,50,97,29,37,0,163,30,0,30,193
05/21/2023,KOA,HI,AWP,WE,Federal Contract Tower,98,6,5,0,109,0,17,13,0,30,98,23,18,0,139,60,0,60,199
05/22/2023,KOA,HI,AWP,WE,Federal Contract Tower,99,5,6,4,114,0,19,49,0,68,99,24,55,4,182,134,0,134,316
05/23/2023,KOA,HI,AWP,WE,Federal Contract Tower,92,4,4,9,109,0,29,48,1,78,92,33,52,10,187,164,8,172,359
05/24/2023,KOA,HI,AWP,WE,Federal Contract Tower,95,8,6,9,118,0,19,47,0,66,95,27,53,9,184,202,1,203,387
05/25/2023,KOA,HI,AWP,WE,Federal Contract Tower,100,5,4,9,118,0,17,11,0,28,100,22,15,9,146,151,0,151,297
05/26/2023,KOA,HI,AWP,WE,Federal Contract Tower,100,4,8,0,112,0,14,43,0,57,100,18,51,0,169,210,0,210,379
05/27/2023,KOA,HI,AWP,WE,Federal Contract Tower,101,12,4,0,117,0,17,33,0,50,101,29,37,0,167,54,0,54,221
05/28/2023,KOA,HI,AWP,WE,Federal Contract Tower,93,4,5,0,102,0,21,26,0,47,93,25,31,0,149,28,0,28,177
05/29/2023,KOA,HI,AWP,WE,Federal Contract Tower,102,5,5,0,112,0,12,43,0,55,102,17,48,0,167,176,0,176,343
05/30/2023,KOA,HI,AWP,WE,Federal Contract Tower,92,11,4,1,108,0,12,47,3,62,92,23,51,4,170,248,0,248,418
05/31/2023,KOA,HI,AWP,WE,Federal Contract Tower,92,1,6,20,119,0,15,49,0,64,92,16,55,20,183,153,6,159,342
06/01/2023,KOA,HI,AWP,WE,Federal Contract Tower,103,4,12,1,120,0,17,34,0,51,103,21,46,1,171,148,0,148,319
06/02/2023,KOA,HI,AWP,WE,Federal Contract Tower,103,4,4,6,117,0,10,40,0,50,103,14,44,6,167,230,2,232,399
06/03/2023,KOA,HI,AWP,WE,Federal Contract Tower,100,3,5,0,108,0,21,30,0,51,100,24,35,0,159,92,0,92,251
06/04/2023,KOA,HI,AWP,WE,Federal Contract Tower,106,3,5,0,114,0,10,12,0,22,106,13,17,0,136,46,0,46,182
06/05/2023,KOA,HI,AWP,WE,Federal Contract Tower,104,2,8,8,122,0,12,37,0,49,104,14,45,8,171,143,0,143,314
06/06/2023,KOA,HI,AWP,WE,Federal Contract Tower,100,1,9,27,137,0,27,31,2,60,100,28,40,29,197,73,17,90,287
06/07/2023,KOA,HI,AWP,WE,Federal Contract Tower,102,7,2,8,119,0,31,41,0,72,102,38,43,8,191,89,0,89,280
06/08/2023,KOA,HI,AWP,WE,Federal Contract Tower,103,2,3,15,123,0,23,34,4,61,103,25,37,19,184,155,46,201,385
06/09/2023,KOA,HI,AWP,WE,Federal Contract Tower,104,5,5,11,125,0,19,41,1,61,104,24,46,12,186,134,4,138,324
06/10/2023,KOA,HI,AWP,WE,Federal Contract Tower,103,3,5,0,111,0,24,25,0,49,103,27,30,0,160,24,0,24,184
06/11/2023,KOA,HI,AWP,WE,Federal Contract Tower,105,4,3,0,112,0,24,22,0,46,105,28,25,0,158,82,0,82,240
06/12/2023,KOA,HI,AWP,WE,Federal Contract Tower,105,1,11,2,119,0,23,29,0,52,105,24,40,2,171,115,1,116,287
06/13/2023,KOA,HI,AWP,WE,Federal Contract Tower,102,0,9,3,114,0,18,67,0,85,102,18,76,3,199,118,10,128,327
06/14/2023,KOA,HI,AWP,WE,Federal Contract Tower,104,6,5,10,125,0,21,50,0,71,104,27,55,10,196,206,0,206,402
06/15/2023,KOA,HI,AWP,WE,Federal Contract Tower,107,4,5,1,117,0,29,52,0,81,107,33,57,1,198,76,2,78,276
06/16/2023,KOA,HI,AWP,WE,Federal Contract Tower,104,3,5,1,113,0,26,60,0,86,104,29,65,1,199,189,0,189,388
06/17/2023,KOA,HI,AWP,WE,Federal Contract Tower,105,9,3,1,118,0,35,33,0,68,105,44,36,1,186,94,0,94,280
06/18/2023,KOA,HI,AWP,WE,Federal Contract Tower,103,7,3,0,113,0,23,13,0,36,103,30,16,0,149,26,0,26,175
06/19/2023,KOA,HI,AWP,WE,Federal Contract Tower,106,7,5,0,118,0,24,58,0,82,106,31,63,0,200,198,0,198,398
06/20/2023,KOA,HI,AWP,WE,Federal Contract Tower,101,3,1,1,106,0,15,57,0,72,101,18,58,1,178,142,2,144,322
06/21/2023,KOA,HI,AWP,WE,Federal Contract Tower,100,0,5,23,128,0,26,46,0,72,100,26,51,23,200,213,18,231,431
06/22/2023,KOA,HI,AWP,WE,Federal Contract Tower,106,2,2,28,138,0,17,44,0,61,106,19,46,28,199,152,2,154,353
06/23/2023,KOA,HI,AWP,WE,Federal Contract Tower,105,4,4,17,130,0,27,52,0,79,105,31,56,17,209,161,0,161,370
06/24/2023,KOA,HI,AWP,WE,Federal Contract Tower,99,4,7,0,110,0,26,21,0,47,99,30,28,0,157,89,6,95,252
06/25/2023,KOA,HI,AWP,WE,Federal Contract Tower,104,2,6,4,116,0,17,26,0,43,104,19,32,4,159,66,6,72,231
06/26/2023,KOA,HI,AWP,WE,Federal Contract Tower,102,4,7,3,116,0,18,30,0,48,102,22,37,3,164,144,0,144,308
06/27/2023,KOA,HI,AWP,WE,Federal Contract Tower,101,1,7,24,133,0,28,42,4,74,101,29,49,28,207,157,50,207,414
06/28/2023,KOA,HI,AWP,WE,Federal Contract Tower,97,1,5,9,112,0,24,54,4,82,97,25,59,13,194,117,0,117,311
06/29/2023,KOA,HI,AWP,WE,Federal Contract Tower,113,7,8,8,136,0,15,41,6,62,113,22,49,14,198,210,0,210,408
06/30/2023,KOA,HI,AWP,WE,Federal Contract Tower,99,15,7,2,123,0,17,61,6,84,99,32,68,8,207,116,0,116,323
07/01/2023,KOA,HI,AWP,WE,Federal Contract Tower,107,9,8,0,124,0,31,17,0,48,107,40,25,0,172,39,0,39,211
07/02/2023,KOA,HI,AWP,WE,Federal Contract Tower,102,7,5,0,114,0,20,18,0,38,102,27,23,0,152,54,0,54,206
07/03/2023,KOA,HI,AWP,WE,Federal Contract Tower,105,2,7,0,114,0,24,23,0,47,105,26,30,0,161,138,0,138,299
07/04/2023,KOA,HI,AWP,WE,Federal Contract Tower,96,3,8,0,107,0,34,48,0,82,96,37,56,0,189,219,0,219,408
07/05/2023,KOA,HI,AWP,WE,Federal Contract Tower,98,3,5,10,116,0,29,46,2,77,98,32,51,12,193,172,12,184,377
07/06/2023,KOA,HI,AWP,WE,Federal Contract Tower,109,5,11,0,125,0,23,38,8,69,109,28,49,8,194,62,2,64,258
07/07/2023,KOA,HI,AWP,WE,Federal Contract Tower,105,8,9,4,126,0,24,38,0,62,105,32,47,4,188,154,8,162,350
07/08/2023,KOA,HI,AWP,WE,Federal Contract Tower,103,4,8,0,115,0,36,22,2,60,103,40,30,2,175,90,0,90,265
07/09/2023,KOA,HI,AWP,WE,Federal Contract Tower,105,2,4,0,111,0,17,21,0,38,105,19,25,0,149,56,0,56,205
07/10/2023,KOA,HI,AWP,WE,Federal Contract Tower,102,6,9,4,121,0,13,40,10,63,102,19,49,14,184,36,0,36,220
07/11/2023,KOA,HI,AWP,WE,Federal Contract Tower,100,5,11,14,130,0,17,33,0,50,100,22,44,14,180,83,22,105,285
07/12/2023,KOA,HI,AWP,WE,Federal Contract Tower,100,3,5,0,108,0,17,59,0,76,100,20,64,0,184,135,0,135,319
07/13/2023,KOA,HI,AWP,WE,Federal Contract Tower,104,5,8,5,122,0,21,45,1,67,104,26,53,6,189,259,11,270,459
07/14/2023,KOA,HI,AWP,WE,Federal Contract Tower,104,6,4,1,115,0,25,24,0,49,104,31,28,1,164,126,8,134,298
07/15/2023,KOA,HI,AWP,WE,Federal Contract Tower,103,3,5,1,112,0,24,31,8,63,103,27,36,9,175,48,20,68,243
07/16/2023,KOA,HI,AWP,WE,Federal Contract Tower,108,0,3,1,112,0,23,6,2,31,108,23,9,3,143,44,10,54,197
07/18/2023,KOA,HI,AWP,WE,Federal Contract Tower,102,3,4,3,112,0,15,17,2,34,102,18,21,5,146,94,10,104,250
07/19/2023,KOA,HI,AWP,WE,Federal Contract Tower,100,4,3,5,112,0,11,31,0,42,100,15,34,5,154,116,6,122,276
07/20/2023,KOA,HI,AWP,WE,Federal Contract Tower,109,12,9,2,132,0,25,28,11,64,109,37,37,13,196,138,0,138,334
07/21/2023,KOA,HI,AWP,WE,Federal Contract Tower,103,9,3,2,117,0,26,34,1,61,103,35,37,3,178,74,0,74,252
07/22/2023,KOA,HI,AWP,WE,Federal Contract Tower,105,5,3,1,114,0,23,20,8,51,105,28,23,9,165,37,0,37,202
07/23/2023,KOA,HI,AWP,WE,Federal Contract Tower,106,3,5,2,116,0,34,18,0,52,106,37,23,2,168,56,0,56,224
07/24/2023,KOA,HI,AWP,WE,Federal Contract Tower,104,6,4,0,114,0,26,34,0,60,104,32,38,0,174,118,0,118,292
07/25/2023,KOA,HI,AWP,WE,Federal Contract Tower,101,8,6,7,122,0,36,29,2,67,101,44,35,9,189,80,2,82,271
07/26/2023,KOA,HI,AWP,WE,Federal Contract Tower,97,1,4,7,109,0,39,43,0,82,97,40,47,7,191,170,10,180,371
07/27/2023,KOA,HI,AWP,WE,Federal Contract Tower,111,0,4,2,117,0,30,42,0,72,111,30,46,2,189,119,8,127,316
07/28/2023,KOA,HI,AWP,WE,Federal Contract Tower,105,5,10,10,130,0,27,37,2,66,105,32,47,12,196,86,0,86,282
07/29/2023,KOA,HI,AWP,WE,Federal Contract Tower,104,5,6,0,115,0,25,26,4,55,104,30,32,4,170,32,0,32,202
07/30/2023,KOA,HI,AWP,WE,Federal Contract Tower,103,3,4,5,115,0,30,10,5,45,103,33,14,10,160,24,0,24,184
07/31/2023,KOA,HI,AWP,WE,Federal Contract Tower,105,11,6,4,126,0,12,24,8,44,105,23,30,12,170,24,2,26,196
08/01/2023,KOA,HI,AWP,WE,Federal Contract Tower,100,7,9,4,120,0,25,25,0,50,100,32,34,4,170,110,6,116,286
08/02/2023,KOA,HI,AWP,WE,Federal Contract Tower,100,1,4,8,113,0,15,33,0,48,100,16,37,8,161,155,0,155,316
08/03/2023,KOA,HI,AWP,WE,Federal Contract Tower,112,4,4,7,127,0,28,33,0,61,112,32,37,7,188,101,11,112,300
08/04/2023,KOA,HI,AWP,WE,Federal Contract Tower,104,4,13,3,124,0,28,43,0,71,104,32,56,3,195,141,4,145,340
08/05/2023,KOA,HI,AWP,WE,Federal Contract Tower,105,5,6,0,116,0,33,22,0,55,105,38,28,0,171,11,0,11,182
08/06/2023,KOA,HI,AWP,WE,Federal Contract Tower,105,7,11,0,123,0,28,16,2,46,105,35,27,2,169,24,0,24,193
08/07/2023,KOA,HI,AWP,WE,Federal Contract Tower,102,7,4,7,120,0,29,27,3,59,102,36,31,10,179,124,8,132,311
08/08/2023,KOA,HI,AWP,WE,Federal Contract Tower,99,5,3,6,113,0,24,35,1,60,99,29,38,7,173,242,16,258,431
08/09/2023,KOA,HI,AWP,WE,Federal Contract Tower,101,6,7,1,115,0,22,39,10,71,101,28,46,11,186,204,0,204,390
08/10/2023,KOA,HI,AWP,WE,Federal Contract Tower,106,4,15,9,134,0,21,33,6,60,106,25,48,15,194,101,42,143,337
08/11/2023,KOA,HI,AWP,WE,Federal Contract Tower,103,2,12,4,121,0,24,57,11,92,103,26,69,15,213,124,10,134,347
08/12/2023,KOA,HI,AWP,WE,Federal Contract Tower,105,2,14,0,121,0,26,59,0,85,105,28,73,0,206,33,0,33,239
08/14/2023,KOA,HI,AWP,WE,Federal Contract Tower,97,7,9,7,120,0,26,72,0,98,97,33,81,7,218,128,2,130,348
08/15/2023,KOA,HI,AWP,WE,Federal Contract Tower,101,2,18,17,138,0,29,55,4,88,101,31,73,21,226,121,10,131,357
08/16/2023,KOA,HI,AWP,WE,Federal Contract Tower,101,6,6,0,113,0,33,45,0,78,101,39,51,0,191,118,0,118,309
08/17/2023,KOA,HI,AWP,WE,Federal Contract Tower,111,7,7,2,127,0,24,52,3,79,111,31,59,5,206,187,16,203,409
08/18/2023,KOA,HI,AWP,WE,Federal Contract Tower,104,12,5,0,121,0,16,64,0,80,104,28,69,0,201,125,0,125,326
08/19/2023,KOA,HI,AWP,WE,Federal Contract Tower,102,11,10,0,123,0,32,35,0,67,102,43,45,0,190,78,0,78,268
08/20/2023,KOA,HI,AWP,WE,Federal Contract Tower,98,6,5,6,115,0,17,15,2,34,98,23,20,8,149,18,0,18,167
08/21/2023,KOA,HI,AWP,WE,Federal Contract Tower,105,7,12,0,124,0,10,58,0,68,105,17,70,0,192,142,0,142,334
08/22/2023,KOA,HI,AWP,WE,Federal Contract Tower,100,9,13,4,126,0,26,63,2,91,100,35,76,6,217,105,28,133,350
08/23/2023,KOA,HI,AWP,WE,Federal Contract Tower,102,4,9,4,119,0,19,56,0,75,102,23,65,4,194,114,0,114,308
08/24/2023,KOA,HI,AWP,WE,Federal Contract Tower,101,3,6,4,114,0,25,43,0,68,101,28,49,4,182,176,20,196,378
08/25/2023,KOA,HI,AWP,WE,Federal Contract Tower,105,5,6,0,116,0,13,51,0,64,105,18,57,0,180,149,0,149,329
08/26/2023,KOA,HI,AWP,WE,Federal Contract Tower,102,5,9,0,116,0,19,33,0,52,102,24,42,0,168,69,0,69,237
08/27/2023,KOA,HI,AWP,WE,Federal Contract Tower,97,5,9,0,111,0,11,24,0,35,97,16,33,0,146,0,0,0,146
08/28/2023,KOA,HI,AWP,WE,Federal Contract Tower,101,5,6,17,129,0,44,54,0,98,101,49,60,17,227,140,14,154,381
08/29/2023,KOA,HI,AWP,WE,Federal Contract Tower,96,5,9,24,134,0,25,45,2,72,96,30,54,26,206,88,26,114,320
08/30/2023,KOA,HI,AWP,WE,Federal Contract Tower,99,5,12,12,128,0,8,48,3,59,99,13,60,15,187,199,18,217,404
08/31/2023,KOA,HI,AWP,WE,Federal Contract Tower,108,3,9,9,129,0,23,37,1,61,108,26,46,10,190,212,0,212,402
