01/01/2000,LAF,IN,AGL,CE,Towers with Display (VFR),1,1,5,0,7,2,3,16,0,21,3,4,21,0,28,18,0,18,46
01/02/2000,LAF,IN,AGL,CE,Towers with Display (VFR),0,0,1,0,1,0,9,1,0,10,0,9,2,0,11,0,0,0,11
01/03/2000,LAF,IN,AGL,CE,Towers with Display (VFR),0,4,6,0,10,0,4,0,0,4,0,8,6,0,14,6,0,6,20
01/04/2000,LAF,IN,AGL,CE,Towers with Display (VFR),0,6,7,0,13,0,1,3,0,4,0,7,10,0,17,6,0,6,23
01/05/2000,LAF,IN,AGL,CE,Towers with Display (VFR),0,13,21,0,34,0,0,16,0,16,0,13,37,0,50,12,0,12,62
01/06/2000,LAF,IN,AGL,CE,Towers with Display (VFR),0,14,24,0,38,0,0,66,0,66,0,14,90,0,104,160,0,160,264
01/07/2000,LAF,IN,AGL,CE,Towers with Display (VFR),0,11,18,0,29,0,0,62,0,62,0,11,80,0,91,134,0,134,225
01/08/2000,LAF,IN,AGL,CE,Towers with Display (VFR),0,12,23,0,35,0,0,86,0,86,0,12,109,0,121,142,0,142,263
01/09/2000,LAF,IN,AGL,CE,Towers with Display (VFR),0,7,11,0,18,0,2,13,0,15,0,9,24,0,33,16,0,16,49
01/10/2000,LAF,IN,AGL,CE,Towers with Display (VFR),0,10,16,0,26,0,1,19,0,20,0,11,35,0,46,14,0,14,60
01/11/2000,LAF,IN,AGL,CE,Towers with Display (VFR),0,11,16,0,27,0,1,17,0,18,0,12,33,0,45,24,0,24,69
01/12/2000,LAF,IN,AGL,CE,Towers with Display (VFR),0,12,26,0,38,0,0,134,0,134,0,12,160,0,172,274,0,274,446
01/13/2000,LAF,IN,AGL,CE,Towers with Display (VFR),0,9,15,0,24,0,2,28,0,30,0,11,43,0,54,60,0,60,114
01/14/2000,LAF,IN,AGL,CE,Towers with Display (VFR),0,15,25,0,40,0,0,197,0,197,0,15,222,0,237,362,0,362,599
01/15/2000,LAF,IN,AGL,CE,Towers with Display (VFR),0,11,20,0,31,0,2,154,0,156,0,13,174,0,187,366,0,366,553
01/16/2000,LAF,IN,AGL,CE,Towers with Display (VFR),0,7,14,0,21,0,0,62,0,62,0,7,76,0,83,104,0,104,187
01/17/2000,LAF,IN,AGL,CE,Towers with Display (VFR),0,10,21,0,31,0,0,52,0,52,0,10,73,0,83,76,0,76,159
01/18/2000,LAF,IN,AGL,CE,Towers with Display (VFR),0,14,25,0,39,0,3,117,0,120,0,17,142,0,159,478,0,478,637
01/19/2000,LAF,IN,AGL,CE,Towers with Display (VFR),0,5,12,0,17,0,0,98,0,98,0,5,110,0,115,228,0,228,343
01/20/2000,LAF,IN,AGL,CE,Towers with Display (VFR),0,3,6,0,9,0,6,51,1,58,0,9,57,1,67,84,0,84,151
01/21/2000,LAF,IN,AGL,CE,Towers with Display (VFR),0,12,23,0,35,0,1,147,0,148,0,13,170,0,183,222,0,222,405
01/22/2000,LAF,IN,AGL,CE,Towers with Display (VFR),0,9,17,0,26,0,0,18,0,18,0,9,35,0,44,48,0,48,92
01/23/2000,LAF,IN,AGL,CE,Towers with Display (VFR),0,5,12,0,17,0,0,60,0,60,0,5,72,0,77,158,0,158,235
01/24/2000,LAF,IN,AGL,CE,Towers with Display (VFR),0,13,31,0,44,0,0,155,4,159,0,13,186,4,203,345,0,345,548
01/25/2000,LAF,IN,AGL,CE,Towers with Display (VFR),0,11,19,0,30,0,7,23,0,30,0,18,42,0,60,50,0,50,110
01/26/2000,LAF,IN,AGL,CE,Towers with Display (VFR),0,17,38,0,55,0,0,181,0,181,0,17,219,0,236,484,0,484,720
01/27/2000,LAF,IN,AGL,CE,Towers with Display (VFR),0,12,34,0,46,0,0,199,0,199,0,12,233,0,245,519,0,519,764
01/28/2000,LAF,IN,AGL,CE,Towers with Display (VFR),0,12,27,0,39,0,0,140,0,140,0,12,167,0,179,286,0,286,465
01/29/2000,LAF,IN,AGL,CE,Towers with Display (VFR),0,8,15,0,23,0,1,27,0,28,0,9,42,0,51,60,0,60,111
01/30/2000,LAF,IN,AGL,CE,Towers with Display (VFR),0,2,1,0,3,0,4,0,0,4,0,6,1,0,7,0,0,0,7
01/31/2000,LAF,IN,AGL,CE,Towers with Display (VFR),0,9,24,0,33,0,0,199,0,199,0,9,223,0,232,258,0,258,490
02/01/2000,LAF,IN,AGL,CE,Towers with Display (VFR),0,9,44,0,53,0,0,230,0,230,0,9,274,0,283,575,0,575,858
02/02/2000,LAF,IN,AGL,CE,Towers with Display (VFR),0,9,39,0,48,0,2,120,0,122,0,11,159,0,170,394,0,394,564
02/03/2000,LAF,IN,AGL,CE,Towers with Display (VFR),0,10,44,0,54,0,2,105,0,107,0,12,149,0,161,94,0,94,255
02/04/2000,LAF,IN,AGL,CE,Towers with Display (VFR),0,7,31,0,38,0,6,12,0,18,0,13,43,0,56,26,0,26,82
02/05/2000,LAF,IN,AGL,CE,Towers with Display (VFR),0,8,37,0,45,0,2,131,0,133,0,10,168,0,178,266,0,266,444
02/06/2000,LAF,IN,AGL,CE,Towers with Display (VFR),0,8,35,0,43,0,0,119,0,119,0,8,154,0,162,124,0,124,286
02/07/2000,LAF,IN,AGL,CE,Towers with Display (VFR),0,11,45,0,56,0,2,103,0,105,0,13,148,0,161,209,0,209,370
02/08/2000,LAF,IN,AGL,CE,Towers with Display (VFR),0,16,66,0,82,0,0,212,0,212,0,16,278,0,294,584,0,584,878
02/09/2000,LAF,IN,AGL,CE,Towers with Display (VFR),0,11,62,0,73,0,0,211,0,211,0,11,273,0,284,530,0,530,814
02/10/2000,LAF,IN,AGL,CE,Towers with Display (VFR),0,9,70,0,79,2,0,63,0,65,2,9,133,0,144,140,0,140,284
02/11/2000,LAF,IN,AGL,CE,Towers with Display (VFR),0,7,25,0,32,0,2,55,0,57,0,9,80,0,89,234,0,234,323
02/12/2000,LAF,IN,AGL,CE,Towers with Display (VFR),0,9,37,0,46,0,2,194,0,196,0,11,231,0,242,202,0,202,444
02/13/2000,LAF,IN,AGL,CE,Towers with Display (VFR),0,3,2,0,5,0,8,0,0,8,0,11,2,0,13,0,0,0,13
02/14/2000,LAF,IN,AGL,CE,Towers with Display (VFR),0,5,21,0,26,0,8,21,0,29,0,13,42,0,55,108,0,108,163
02/15/2000,LAF,IN,AGL,CE,Towers with Display (VFR),0,8,35,0,43,0,1,59,0,60,0,9,94,0,103,226,0,226,329
02/16/2000,LAF,IN,AGL,CE,Towers with Display (VFR),0,6,29,0,35,0,3,94,0,97,0,9,123,0,132,330,0,330,462
02/17/2000,LAF,IN,AGL,CE,Towers with Display (VFR),0,10,56,0,66,0,0,215,1,216,0,10,271,1,282,412,0,412,694
02/18/2000,LAF,IN,AGL,CE,Towers with Display (VFR),0,1,10,0,11,0,0,0,1,1,0,1,10,1,12,0,0,0,12
02/19/2000,LAF,IN,AGL,CE,Towers with Display (VFR),0,3,17,0,20,1,5,25,0,31,1,8,42,0,51,50,0,50,101
02/20/2000,LAF,IN,AGL,CE,Towers with Display (VFR),0,6,28,0,34,0,1,139,0,140,0,7,167,0,174,128,0,128,302
02/21/2000,LAF,IN,AGL,CE,Towers with Display (VFR),0,11,59,0,70,0,0,221,0,221,0,11,280,0,291,378,0,378,669
02/22/2000,LAF,IN,AGL,CE,Towers with Display (VFR),0,9,66,0,75,0,0,182,0,182,0,9,248,0,257,286,0,286,543
02/23/2000,LAF,IN,AGL,CE,Towers with Display (VFR),0,12,65,0,77,0,0,211,0,211,0,12,276,0,288,265,0,265,553
02/24/2000,LAF,IN,AGL,CE,Towers with Display (VFR),0,8,42,0,50,0,0,31,0,31,0,8,73,0,81,82,0,82,163
02/25/2000,LAF,IN,AGL,CE,Towers with Display (VFR),0,11,59,0,70,0,0,166,0,166,0,11,225,0,236,304,0,304,540
02/26/2000,LAF,IN,AGL,CE,Towers with Display (VFR),0,6,29,0,35,1,3,23,0,27,1,9,52,0,62,55,0,55,117
02/27/2000,LAF,IN,AGL,CE,Towers with Display (VFR),0,6,29,0,35,1,1,136,0,138,1,7,165,0,173,222,0,222,395
02/28/2000,LAF,IN,AGL,CE,Towers with Display (VFR),0,9,71,0,80,0,0,289,0,289,0,9,360,0,369,489,0,489,858
02/29/2000,LAF,IN,AGL,CE,Towers with Display (VFR),0,11,66,0,77,0,0,177,0,177,0,11,243,0,254,260,0,260,514
03/01/2000,LAF,IN,AGL,CE,Towers with Display (VFR),0,7,54,0,61,0,0,62,0,62,0,7,116,0,123,145,0,145,268
03/02/2000,LAF,IN,AGL,CE,Towers with Display (VFR),0,9,56,0,65,0,0,185,0,185,0,9,241,0,250,602,0,602,852
03/03/2000,LAF,IN,AGL,CE,Towers with Display (VFR),0,9,74,0,83,0,0,235,0,235,0,9,309,0,318,399,0,399,717
03/04/2000,LAF,IN,AGL,CE,Towers with Display (VFR),0,9,44,0,53,0,0,220,0,220,0,9,264,0,273,323,0,323,596
03/05/2000,LAF,IN,AGL,CE,Towers with Display (VFR),0,5,23,0,28,0,3,170,0,173,0,8,193,0,201,142,0,142,343
03/06/2000,LAF,IN,AGL,CE,Towers with Display (VFR),0,9,63,0,72,0,0,256,0,256,0,9,319,0,328,491,0,491,819
03/07/2000,LAF,IN,AGL,CE,Towers with Display (VFR),0,11,84,0,95,0,0,221,0,221,0,11,305,0,316,385,0,385,701
03/08/2000,LAF,IN,AGL,CE,Towers with Display (VFR),0,10,44,0,54,0,0,116,0,116,0,10,160,0,170,139,0,139,309
03/09/2000,LAF,IN,AGL,CE,Towers with Display (VFR),0,9,43,0,52,0,1,39,0,40,0,10,82,0,92,37,0,37,129
03/10/2000,LAF,IN,AGL,CE,Towers with Display (VFR),0,8,39,0,47,0,4,60,0,64,0,12,99,0,111,204,0,204,315
03/11/2000,LAF,IN,AGL,CE,Towers with Display (VFR),0,4,11,0,15,0,3,0,0,3,0,7,11,0,18,0,0,0,18
03/12/2000,LAF,IN,AGL,CE,Towers with Display (VFR),0,4,14,0,18,0,3,69,0,72,0,7,83,0,90,124,0,124,214
03/13/2000,LAF,IN,AGL,CE,Towers with Display (VFR),0,3,20,0,23,0,6,26,0,32,0,9,46,0,55,72,0,72,127
03/14/2000,LAF,IN,AGL,CE,Towers with Display (VFR),0,7,47,0,54,2,0,94,0,96,2,7,141,0,150,192,0,192,342
03/15/2000,LAF,IN,AGL,CE,Towers with Display (VFR),0,5,30,0,35,0,3,41,0,44,0,8,71,0,79,118,0,118,197
03/16/2000,LAF,IN,AGL,CE,Towers with Display (VFR),0,6,34,0,40,0,3,11,0,14,0,9,45,0,54,2,0,2,56
03/17/2000,LAF,IN,AGL,CE,Towers with Display (VFR),0,9,95,0,104,0,0,9,0,9,0,9,104,0,113,100,0,100,213
03/18/2000,LAF,IN,AGL,CE,Towers with Display (VFR),0,5,27,0,32,0,4,60,0,64,0,9,87,0,96,78,0,78,174
03/19/2000,LAF,IN,AGL,CE,Towers with Display (VFR),0,4,17,0,21,0,3,0,0,3,0,7,17,0,24,0,0,0,24
03/20/2000,LAF,IN,AGL,CE,Towers with Display (VFR),0,8,44,0,52,0,3,8,0,11,0,11,52,0,63,35,0,35,98
03/21/2000,LAF,IN,AGL,CE,Towers with Display (VFR),0,9,65,0,74,0,0,167,0,167,0,9,232,0,241,674,0,674,915
03/22/2000,LAF,IN,AGL,CE,Towers with Display (VFR),0,9,49,0,58,0,1,120,0,121,0,10,169,0,179,416,0,416,595
03/23/2000,LAF,IN,AGL,CE,Towers with Display (VFR),0,9,66,0,75,1,0,197,0,198,1,9,263,0,273,362,0,362,635
03/24/2000,LAF,IN,AGL,CE,Towers with Display (VFR),0,10,50,0,60,0,2,109,0,111,0,12,159,0,171,156,0,156,327
03/25/2000,LAF,IN,AGL,CE,Towers with Display (VFR),0,6,31,0,37,0,3,110,0,113,0,9,141,0,150,92,0,92,242
03/26/2000,LAF,IN,AGL,CE,Towers with Display (VFR),0,7,37,0,44,0,1,201,0,202,0,8,238,0,246,187,0,187,433
03/27/2000,LAF,IN,AGL,CE,Towers with Display (VFR),0,9,52,0,61,0,0,140,0,140,0,9,192,0,201,228,0,228,429
03/28/2000,LAF,IN,AGL,CE,Towers with Display (VFR),0,6,31,0,37,0,1,68,0,69,0,7,99,0,106,70,0,70,176
03/29/2000,LAF,IN,AGL,CE,Towers with Display (VFR),0,9,65,0,74,0,0,210,0,210,0,9,275,0,284,493,0,493,777
03/30/2000,LAF,IN,AGL,CE,Towers with Display (VFR),0,11,67,0,78,0,0,219,0,219,0,11,286,0,297,302,0,302,599
03/31/2000,LAF,IN,AGL,CE,Towers with Display (VFR),0,8,42,0,50,0,4,209,0,213,0,12,251,0,263,371,0,371,634
04/01/2000,LAF,IN,AGL,CE,Towers with Display (VFR),0,8,38,0,46,0,1,208,0,209,0,9,246,0,255,316,0,316,571
04/02/2000,LAF,IN,AGL,CE,Towers with Display (VFR),0,7,34,1,42,0,0,42,1,43,0,7,76,2,85,156,0,156,241
04/03/2000,LAF,IN,AGL,CE,Towers with Display (VFR),0,8,43,0,51,0,0,167,0,167,0,8,210,0,218,546,0,546,764
04/04/2000,LAF,IN,AGL,CE,Towers with Display (VFR),0,8,43,0,51,0,0,107,0,107,0,8,150,0,158,260,0,260,418
04/05/2000,LAF,IN,AGL,CE,Towers with Display (VFR),0,8,40,0,48,0,2,153,0,155,0,10,193,0,203,196,0,196,399
04/06/2000,LAF,IN,AGL,CE,Towers with Display (VFR),0,9,55,0,64,0,0,192,0,192,0,9,247,0,256,308,0,308,564
04/07/2000,LAF,IN,AGL,CE,Towers with Display (VFR),0,6,30,0,36,0,2,18,0,20,0,8,48,0,56,51,0,51,107
04/08/2000,LAF,IN,AGL,CE,Towers with Display (VFR),0,3,18,0,21,0,4,30,0,34,0,7,48,0,55,20,0,20,75
04/09/2000,LAF,IN,AGL,CE,Towers with Display (VFR),0,5,29,0,34,0,1,83,0,84,0,6,112,0,118,62,0,62,180
04/10/2000,LAF,IN,AGL,CE,Towers with Display (VFR),0,6,58,0,64,0,0,213,0,213,0,6,271,0,277,438,0,438,715
04/11/2000,LAF,IN,AGL,CE,Towers with Display (VFR),0,9,55,0,64,0,0,81,0,81,0,9,136,0,145,160,0,160,305
04/12/2000,LAF,IN,AGL,CE,Towers with Display (VFR),0,11,57,0,68,0,0,247,0,247,0,11,304,0,315,458,0,458,773
04/13/2000,LAF,IN,AGL,CE,Towers with Display (VFR),0,9,60,0,69,0,0,247,0,247,0,9,307,0,316,368,0,368,684
04/14/2000,LAF,IN,AGL,CE,Towers with Display (VFR),0,8,41,0,49,0,3,205,0,208,0,11,246,0,257,320,0,320,577
04/15/2000,LAF,IN,AGL,CE,Towers with Display (VFR),0,3,15,0,18,0,3,171,0,174,0,6,186,0,192,264,0,264,456
04/16/2000,LAF,IN,AGL,CE,Towers with Display (VFR),0,5,26,0,31,0,1,46,0,47,0,6,72,0,78,16,0,16,94
04/17/2000,LAF,IN,AGL,CE,Towers with Display (VFR),0,9,45,0,54,0,0,5,0,5,0,9,50,0,59,16,0,16,75
04/18/2000,LAF,IN,AGL,CE,Towers with Display (VFR),0,10,49,0,59,0,1,96,0,97,0,11,145,0,156,354,0,354,510
04/19/2000,LAF,IN,AGL,CE,Towers with Display (VFR),0,6,58,0,64,0,0,143,0,143,0,6,201,0,207,262,0,262,469
04/20/2000,LAF,IN,AGL,CE,Towers with Display (VFR),0,2,13,0,15,0,0,41,0,41,0,2,54,0,56,108,0,108,164
04/21/2000,LAF,IN,AGL,CE,Towers with Display (VFR),0,2,11,0,13,0,2,13,2,17,0,4,24,2,30,10,0,10,40
04/22/2000,LAF,IN,AGL,CE,Towers with Display (VFR),0,6,32,0,38,0,4,224,0,228,0,10,256,0,266,306,0,306,572
04/23/2000,LAF,IN,AGL,CE,Towers with Display (VFR),0,5,28,0,33,0,1,85,0,86,0,6,113,0,119,74,0,74,193
04/24/2000,LAF,IN,AGL,CE,Towers with Display (VFR),0,7,51,0,58,0,0,240,0,240,0,7,291,0,298,330,0,330,628
04/25/2000,LAF,IN,AGL,CE,Towers with Display (VFR),0,9,59,0,68,0,0,261,2,263,0,9,320,2,331,486,0,486,817
04/26/2000,LAF,IN,AGL,CE,Towers with Display (VFR),0,8,45,0,53,0,0,186,1,187,0,8,231,1,240,538,0,538,778
04/27/2000,LAF,IN,AGL,CE,Towers with Display (VFR),0,8,55,0,63,0,0,259,0,259,0,8,314,0,322,376,0,376,698
04/28/2000,LAF,IN,AGL,CE,Towers with Display (VFR),0,8,41,0,49,0,4,206,0,210,0,12,247,0,259,439,0,439,698
04/29/2000,LAF,IN,AGL,CE,Towers with Display (VFR),0,3,20,0,23,0,5,174,0,179,0,8,194,0,202,286,0,286,488
04/30/2000,LAF,IN,AGL,CE,Towers with Display (VFR),0,5,30,0,35,0,1,228,0,229,0,6,258,0,264,244,0,244,508
05/01/2000,LAF,IN,AGL,CE,Towers with Display (VFR),0,7,36,0,43,0,0,32,0,32,0,7,68,0,75,80,0,80,155
05/02/2000,LAF,IN,AGL,CE,Towers with Display (VFR),0,10,41,0,51,0,0,215,0,215,0,10,256,0,266,308,0,308,574
05/03/2000,LAF,IN,AGL,CE,Towers with Display (VFR),0,7,34,0,41,0,0,203,0,203,0,7,237,0,244,420,0,420,664
05/04/2000,LAF,IN,AGL,CE,Towers with Display (VFR),0,10,37,0,47,0,0,154,0,154,0,10,191,0,201,264,0,264,465
05/05/2000,LAF,IN,AGL,CE,Towers with Display (VFR),0,6,19,0,25,0,1,104,0,105,0,7,123,0,130,212,0,212,342
05/06/2000,LAF,IN,AGL,CE,Towers with Display (VFR),0,5,16,0,21,0,2,70,0,72,0,7,86,0,93,126,0,126,219
05/07/2000,LAF,IN,AGL,CE,Towers with Display (VFR),0,6,18,0,24,0,3,9,0,12,0,9,27,0,36,14,0,14,50
05/08/2000,LAF,IN,AGL,CE,Towers with Display (VFR),0,7,23,0,30,0,0,63,0,63,0,7,86,0,93,102,0,102,195
05/09/2000,LAF,IN,AGL,CE,Towers with Display (VFR),0,3,22,0,25,0,0,57,2,59,0,3,79,2,84,112,0,112,196
05/10/2000,LAF,IN,AGL,CE,Towers with Display (VFR),0,9,35,0,44,0,2,0,0,2,0,11,35,0,46,151,0,151,197
05/11/2000,LAF,IN,AGL,CE,Towers with Display (VFR),0,7,34,0,41,0,0,55,0,55,0,7,89,0,96,44,0,44,140
05/12/2000,LAF,IN,AGL,CE,Towers with Display (VFR),0,7,28,0,35,0,0,34,0,34,0,7,62,0,69,52,0,52,121
05/13/2000,LAF,IN,AGL,CE,Towers with Display (VFR),0,3,13,0,16,0,6,54,0,60,0,9,67,0,76,96,0,96,172
05/14/2000,LAF,IN,AGL,CE,Towers with Display (VFR),0,6,23,0,29,0,4,59,0,63,0,10,82,0,92,40,0,40,132
05/15/2000,LAF,IN,AGL,CE,Towers with Display (VFR),0,5,25,0,30,0,0,119,0,119,0,5,144,0,149,304,0,304,453
05/16/2000,LAF,IN,AGL,CE,Towers with Display (VFR),0,4,19,0,23,0,5,49,0,54,0,9,68,0,77,156,0,156,233
05/17/2000,LAF,IN,AGL,CE,Towers with Display (VFR),0,5,22,0,27,0,2,28,0,30,0,7,50,0,57,106,0,106,163
05/18/2000,LAF,IN,AGL,CE,Towers with Display (VFR),0,3,19,0,22,0,0,40,0,40,0,3,59,0,62,36,0,36,98
05/19/2000,LAF,IN,AGL,CE,Towers with Display (VFR),0,6,34,0,40,0,0,3,0,3,0,6,37,0,43,6,0,6,49
05/20/2000,LAF,IN,AGL,CE,Towers with Display (VFR),0,10,43,0,53,0,0,36,0,36,0,10,79,0,89,160,0,160,249
05/21/2000,LAF,IN,AGL,CE,Towers with Display (VFR),0,4,19,0,23,0,3,67,0,70,0,7,86,0,93,156,0,156,249
05/22/2000,LAF,IN,AGL,CE,Towers with Display (VFR),0,8,39,0,47,0,0,73,0,73,0,8,112,0,120,138,0,138,258
05/23/2000,LAF,IN,AGL,CE,Towers with Display (VFR),0,7,39,0,46,0,0,92,1,93,0,7,131,1,139,137,0,137,276
05/24/2000,LAF,IN,AGL,CE,Towers with Display (VFR),0,7,34,0,41,0,0,84,0,84,0,7,118,0,125,49,0,49,174
05/25/2000,LAF,IN,AGL,CE,Towers with Display (VFR),0,8,37,0,45,0,0,100,1,101,0,8,137,1,146,112,0,112,258
05/26/2000,LAF,IN,AGL,CE,Towers with Display (VFR),0,5,19,0,24,0,3,69,1,73,0,8,88,1,97,129,0,129,226
05/27/2000,LAF,IN,AGL,CE,Towers with Display (VFR),0,3,12,0,15,0,4,5,0,9,0,7,17,0,24,18,0,18,42
05/28/2000,LAF,IN,AGL,CE,Towers with Display (VFR),0,3,18,0,21,0,0,17,0,17,0,3,35,0,38,0,0,0,38
05/29/2000,LAF,IN,AGL,CE,Towers with Display (VFR),0,5,22,0,27,0,0,120,0,120,0,5,142,0,147,104,0,104,251
05/30/2000,LAF,IN,AGL,CE,Towers with Display (VFR),0,5,28,0,33,0,0,82,0,82,0,5,110,0,115,72,0,72,187
05/31/2000,LAF,IN,AGL,CE,Towers with Display (VFR),0,4,22,0,26,0,0,69,0,69,0,4,91,0,95,236,0,236,331
06/01/2000,LAF,IN,AGL,CE,Towers with Display (VFR),0,8,35,0,43,0,0,4,0,4,0,8,39,0,47,119,0,119,166
06/02/2000,LAF,IN,AGL,CE,Towers with Display (VFR),0,5,32,0,37,0,0,95,0,95,0,5,127,0,132,138,0,138,270
06/03/2000,LAF,IN,AGL,CE,Towers with Display (VFR),0,8,28,0,36,0,0,57,0,57,0,8,85,0,93,94,0,94,187
06/04/2000,LAF,IN,AGL,CE,Towers with Display (VFR),0,5,13,0,18,0,2,73,0,75,0,7,86,0,93,75,0,75,168
06/05/2000,LAF,IN,AGL,CE,Towers with Display (VFR),0,10,30,0,40,0,0,5,0,5,0,10,35,0,45,6,0,6,51
06/06/2000,LAF,IN,AGL,CE,Towers with Display (VFR),0,4,27,0,31,0,0,73,0,73,0,4,100,0,104,171,0,171,275
06/07/2000,LAF,IN,AGL,CE,Towers with Display (VFR),0,11,41,0,52,0,0,141,0,141,0,11,182,0,193,200,0,200,393
06/08/2000,LAF,IN,AGL,CE,Towers with Display (VFR),0,14,48,0,62,0,0,96,0,96,0,14,144,0,158,158,0,158,316
06/09/2000,LAF,IN,AGL,CE,Towers with Display (VFR),0,10,31,0,41,0,0,90,0,90,0,10,121,0,131,184,0,184,315
06/10/2000,LAF,IN,AGL,CE,Towers with Display (VFR),0,4,10,0,14,0,1,32,0,33,0,5,42,0,47,26,0,26,73
06/11/2000,LAF,IN,AGL,CE,Towers with Display (VFR),0,6,15,0,21,0,1,37,0,38,0,7,52,0,59,34,0,34,93
06/12/2000,LAF,IN,AGL,CE,Towers with Display (VFR),0,9,27,0,36,0,2,32,0,34,0,11,59,0,70,104,0,104,174
06/13/2000,LAF,IN,AGL,CE,Towers with Display (VFR),0,7,18,0,25,0,0,70,0,70,0,7,88,0,95,122,0,122,217
06/14/2000,LAF,IN,AGL,CE,Towers with Display (VFR),0,6,16,0,22,0,2,30,0,32,0,8,46,0,54,33,0,33,87
06/15/2000,LAF,IN,AGL,CE,Towers with Display (VFR),0,6,35,0,41,0,0,213,0,213,0,6,248,0,254,248,0,248,502
06/16/2000,LAF,IN,AGL,CE,Towers with Display (VFR),0,6,22,0,28,0,4,81,0,85,0,10,103,0,113,164,0,164,277
06/17/2000,LAF,IN,AGL,CE,Towers with Display (VFR),0,8,28,0,36,0,1,88,0,89,0,9,116,0,125,44,0,44,169
06/18/2000,LAF,IN,AGL,CE,Towers with Display (VFR),0,1,6,0,7,0,6,46,0,52,0,7,52,0,59,40,0,40,99
06/19/2000,LAF,IN,AGL,CE,Towers with Display (VFR),0,9,30,0,39,0,4,171,0,175,0,13,201,0,214,236,0,236,450
06/20/2000,LAF,IN,AGL,CE,Towers with Display (VFR),0,6,19,0,25,0,2,60,0,62,0,8,79,0,87,132,0,132,219
06/21/2000,LAF,IN,AGL,CE,Towers with Display (VFR),0,12,41,0,53,0,0,91,0,91,0,12,132,0,144,203,0,203,347
06/22/2000,LAF,IN,AGL,CE,Towers with Display (VFR),0,10,41,0,51,0,0,174,0,174,0,10,215,0,225,280,0,280,505
06/23/2000,LAF,IN,AGL,CE,Towers with Display (VFR),0,9,30,0,39,0,0,162,0,162,0,9,192,0,201,328,0,328,529
06/24/2000,LAF,IN,AGL,CE,Towers with Display (VFR),0,6,20,0,26,0,5,36,0,41,0,11,56,0,67,134,0,134,201
06/25/2000,LAF,IN,AGL,CE,Towers with Display (VFR),0,4,14,0,18,0,4,74,0,78,0,8,88,0,96,114,0,114,210
06/26/2000,LAF,IN,AGL,CE,Towers with Display (VFR),0,8,27,0,35,0,2,80,0,82,0,10,107,0,117,388,0,388,505
06/27/2000,LAF,IN,AGL,CE,Towers with Display (VFR),0,8,31,0,39,0,0,164,0,164,0,8,195,0,203,378,0,378,581
06/28/2000,LAF,IN,AGL,CE,Towers with Display (VFR),0,12,46,0,58,0,0,188,0,188,0,12,234,0,246,506,0,506,752
06/29/2000,LAF,IN,AGL,CE,Towers with Display (VFR),0,10,35,0,45,0,2,199,0,201,0,12,234,0,246,506,0,506,752
06/30/2000,LAF,IN,AGL,CE,Towers with Display (VFR),0,7,31,0,38,0,0,150,0,150,0,7,181,0,188,352,0,352,540
07/01/2000,LAF,IN,AGL,CE,Towers with Display (VFR),0,8,19,0,27,0,0,128,0,128,0,8,147,0,155,82,0,82,237
07/02/2000,LAF,IN,AGL,CE,Towers with Display (VFR),0,5,17,0,22,0,0,57,0,57,0,5,74,0,79,40,0,40,119
07/03/2000,LAF,IN,AGL,CE,Towers with Display (VFR),0,7,15,0,22,0,5,31,0,36,0,12,46,0,58,76,0,76,134
07/04/2000,LAF,IN,AGL,CE,Towers with Display (VFR),0,8,19,0,27,0,0,16,0,16,0,8,35,0,43,38,0,38,81
07/05/2000,LAF,IN,AGL,CE,Towers with Display (VFR),0,12,31,0,43,0,0,109,0,109,0,12,140,0,152,416,0,416,568
07/06/2000,LAF,IN,AGL,CE,Towers with Display (VFR),0,11,39,0,50,0,0,117,0,117,0,11,156,0,167,422,0,422,589
07/07/2000,LAF,IN,AGL,CE,Towers with Display (VFR),0,10,31,0,41,0,0,188,0,188,0,10,219,0,229,424,0,424,653
07/08/2000,LAF,IN,AGL,CE,Towers with Display (VFR),0,7,21,0,28,0,0,89,0,89,0,7,110,0,117,108,0,108,225
07/09/2000,LAF,IN,AGL,CE,Towers with Display (VFR),0,7,15,0,22,0,1,63,0,64,0,8,78,0,86,72,0,72,158
07/10/2000,LAF,IN,AGL,CE,Towers with Display (VFR),0,11,25,0,36,0,1,0,0,1,0,12,25,0,37,143,0,143,180
07/11/2000,LAF,IN,AGL,CE,Towers with Display (VFR),0,10,31,0,41,0,0,76,0,76,0,10,107,0,117,176,0,176,293
07/12/2000,LAF,IN,AGL,CE,Towers with Display (VFR),0,8,22,0,30,0,0,160,0,160,0,8,182,0,190,338,0,338,528
07/13/2000,LAF,IN,AGL,CE,Towers with Display (VFR),0,10,32,0,42,0,0,187,0,187,0,10,219,0,229,404,0,404,633
07/14/2000,LAF,IN,AGL,CE,Towers with Display (VFR),0,10,29,0,39,0,0,104,0,104,0,10,133,0,143,217,0,217,360
07/15/2000,LAF,IN,AGL,CE,Towers with Display (VFR),0,8,18,0,26,0,1,77,0,78,0,9,95,0,104,76,0,76,180
07/16/2000,LAF,IN,AGL,CE,Towers with Display (VFR),0,6,17,0,23,0,2,73,0,75,0,8,90,0,98,60,0,60,158
07/17/2000,LAF,IN,AGL,CE,Towers with Display (VFR),0,11,37,0,48,0,0,139,0,139,0,11,176,0,187,238,0,238,425
07/18/2000,LAF,IN,AGL,CE,Towers with Display (VFR),0,10,40,0,50,0,0,186,0,186,0,10,226,0,236,334,0,334,570
07/19/2000,LAF,IN,AGL,CE,Towers with Display (VFR),0,11,32,0,43,0,0,146,0,146,0,11,178,0,189,224,0,224,413
07/20/2000,LAF,IN,AGL,CE,Towers with Display (VFR),0,14,45,0,59,0,0,178,0,178,0,14,223,0,237,240,0,240,477
07/21/2000,LAF,IN,AGL,CE,Towers with Display (VFR),0,11,33,0,44,0,0,182,0,182,0,11,215,0,226,234,0,234,460
07/22/2000,LAF,IN,AGL,CE,Towers with Display (VFR),0,8,22,0,30,0,2,98,0,100,0,10,120,0,130,46,0,46,176
07/23/2000,LAF,IN,AGL,CE,Towers with Display (VFR),0,8,21,0,29,0,0,75,0,75,0,8,96,0,104,60,0,60,164
07/24/2000,LAF,IN,AGL,CE,Towers with Display (VFR),0,9,29,0,38,0,0,156,0,156,0,9,185,0,194,231,0,231,425
07/25/2000,LAF,IN,AGL,CE,Towers with Display (VFR),0,11,29,0,40,0,0,107,0,107,0,11,136,0,147,267,0,267,414
07/26/2000,LAF,IN,AGL,CE,Towers with Display (VFR),0,12,35,0,47,0,0,168,0,168,0,12,203,0,215,300,0,300,515
07/27/2000,LAF,IN,AGL,CE,Towers with Display (VFR),0,6,18,0,24,0,4,105,0,109,0,10,123,0,133,198,0,198,331
07/28/2000,LAF,IN,AGL,CE,Towers with Display (VFR),0,11,32,0,43,0,0,99,0,99,0,11,131,0,142,140,0,140,282
07/29/2000,LAF,IN,AGL,CE,Towers with Display (VFR),0,4,13,0,17,0,0,21,0,21,0,4,34,0,38,16,0,16,54
07/30/2000,LAF,IN,AGL,CE,Towers with Display (VFR),0,8,23,0,31,0,1,23,0,24,0,9,46,0,55,18,0,18,73
07/31/2000,LAF,IN,AGL,CE,Towers with Display (VFR),0,10,25,0,35,0,0,78,0,78,0,10,103,0,113,184,0,184,297
08/01/2000,LAF,IN,AGL,CE,Towers with Display (VFR),0,9,23,0,32,0,1,141,0,142,0,10,164,0,174,316,0,316,490
08/02/2000,LAF,IN,AGL,CE,Towers with Display (VFR),0,10,29,0,39,0,0,103,0,103,0,10,132,0,142,110,0,110,252
08/03/2000,LAF,IN,AGL,CE,Towers with Display (VFR),0,9,36,0,45,0,0,110,0,110,0,9,146,0,155,272,0,272,427
08/04/2000,LAF,IN,AGL,CE,Towers with Display (VFR),0,12,39,0,51,0,0,160,0,160,0,12,199,0,211,339,0,339,550
08/05/2000,LAF,IN,AGL,CE,Towers with Display (VFR),0,7,18,0,25,0,0,132,0,132,0,7,150,0,157,295,0,295,452
08/06/2000,LAF,IN,AGL,CE,Towers with Display (VFR),0,6,15,0,21,0,1,29,0,30,0,7,44,0,51,68,0,68,119
08/07/2000,LAF,IN,AGL,CE,Towers with Display (VFR),0,8,19,0,27,0,3,104,0,107,0,11,123,0,134,83,0,83,217
08/08/2000,LAF,IN,AGL,CE,Towers with Display (VFR),0,9,30,0,39,0,0,62,0,62,0,9,92,0,101,132,0,132,233
08/09/2000,LAF,IN,AGL,CE,Towers with Display (VFR),0,13,33,0,46,0,0,62,0,62,0,13,95,0,108,140,0,140,248
08/10/2000,LAF,IN,AGL,CE,Towers with Display (VFR),0,10,26,0,36,0,0,118,0,118,0,10,144,0,154,126,0,126,280
08/11/2000,LAF,IN,AGL,CE,Towers with Display (VFR),0,10,26,0,36,0,0,108,0,108,0,10,134,0,144,78,0,78,222
08/12/2000,LAF,IN,AGL,CE,Towers with Display (VFR),0,8,20,0,28,0,1,100,0,101,0,9,120,0,129,62,0,62,191
08/13/2000,LAF,IN,AGL,CE,Towers with Display (VFR),0,8,21,0,29,0,3,59,0,62,0,11,80,0,91,46,0,46,137
08/14/2000,LAF,IN,AGL,CE,Towers with Display (VFR),0,9,21,0,30,0,5,83,0,88,0,14,104,0,118,160,0,160,278
08/15/2000,LAF,IN,AGL,CE,Towers with Display (VFR),0,8,19,0,27,0,4,66,0,70,0,12,85,0,97,74,0,74,171
08/16/2000,LAF,IN,AGL,CE,Towers with Display (VFR),0,11,40,0,51,0,0,117,0,117,0,11,157,0,168,164,0,164,332
08/17/2000,LAF,IN,AGL,CE,Towers with Display (VFR),0,6,20,0,26,0,0,84,0,84,0,6,104,0,110,168,0,168,278
08/18/2000,LAF,IN,AGL,CE,Towers with Display (VFR),0,16,40,0,56,0,0,130,0,130,0,16,170,0,186,202,0,202,388
08/19/2000,LAF,IN,AGL,CE,Towers with Display (VFR),0,10,24,0,34,0,1,134,0,135,0,11,158,0,169,130,0,130,299
08/20/2000,LAF,IN,AGL,CE,Towers with Display (VFR),0,7,16,0,23,0,6,76,0,82,0,13,92,0,105,84,0,84,189
08/21/2000,LAF,IN,AGL,CE,Towers with Display (VFR),0,7,22,0,29,0,3,99,0,102,0,10,121,0,131,124,0,124,255
08/22/2000,LAF,IN,AGL,CE,Towers with Display (VFR),0,4,14,0,18,0,4,25,0,29,0,8,39,0,47,48,0,48,95
08/23/2000,LAF,IN,AGL,CE,Towers with Display (VFR),0,8,32,0,40,0,0,152,0,152,0,8,184,0,192,216,0,216,408
08/24/2000,LAF,IN,AGL,CE,Towers with Display (VFR),0,9,35,0,44,0,0,186,0,186,0,9,221,0,230,124,0,124,354
08/25/2000,LAF,IN,AGL,CE,Towers with Display (VFR),0,11,37,0,48,0,0,169,0,169,0,11,206,0,217,272,0,272,489
08/26/2000,LAF,IN,AGL,CE,Towers with Display (VFR),0,4,14,0,18,0,4,89,0,93,0,8,103,0,111,196,0,196,307
08/27/2000,LAF,IN,AGL,CE,Towers with Display (VFR),0,6,17,0,23,0,4,73,0,77,0,10,90,0,100,134,0,134,234
08/28/2000,LAF,IN,AGL,CE,Towers with Display (VFR),0,9,26,0,35,0,0,167,0,167,0,9,193,0,202,434,0,434,636
08/29/2000,LAF,IN,AGL,CE,Towers with Display (VFR),0,7,29,0,36,0,0,206,0,206,0,7,235,0,242,446,0,446,688
08/30/2000,LAF,IN,AGL,CE,Towers with Display (VFR),0,8,28,0,36,0,0,158,0,158,0,8,186,0,194,359,0,359,553
08/31/2000,LAF,IN,AGL,CE,Towers with Display (VFR),0,10,40,0,50,0,0,209,0,209,0,10,249,0,259,290,0,290,549
09/01/2000,LAF,IN,AGL,CE,Towers with Display (VFR),0,9,43,0,52,0,5,205,0,210,0,14,248,0,262,306,0,306,568
09/02/2000,LAF,IN,AGL,CE,Towers with Display (VFR),0,8,43,0,51,0,3,167,0,170,0,11,210,0,221,200,0,200,421
09/03/2000,LAF,IN,AGL,CE,Towers with Display (VFR),0,6,32,0,38,0,6,64,0,70,0,12,96,0,108,58,0,58,166
09/04/2000,LAF,IN,AGL,CE,Towers with Display (VFR),0,5,28,0,33,0,4,59,0,63,0,9,87,0,96,134,0,134,230
09/05/2000,LAF,IN,AGL,CE,Towers with Display (VFR),0,9,50,0,59,0,0,192,0,192,0,9,242,0,251,614,0,614,865
09/06/2000,LAF,IN,AGL,CE,Towers with Display (VFR),0,7,36,0,43,0,2,194,0,196,0,9,230,0,239,400,0,400,639
09/07/2000,LAF,IN,AGL,CE,Towers with Display (VFR),0,10,44,0,54,0,3,200,0,203,0,13,244,0,257,377,0,377,634
09/08/2000,LAF,IN,AGL,CE,Towers with Display (VFR),0,9,57,0,66,0,0,231,0,231,0,9,288,0,297,492,0,492,789
09/09/2000,LAF,IN,AGL,CE,Towers with Display (VFR),0,9,53,0,62,0,0,100,0,100,0,9,153,0,162,206,0,206,368
09/10/2000,LAF,IN,AGL,CE,Towers with Display (VFR),0,6,27,0,33,0,3,7,0,10,0,9,34,0,43,2,0,2,45
09/11/2000,LAF,IN,AGL,CE,Towers with Display (VFR),0,6,46,0,52,0,0,326,0,326,0,6,372,0,378,320,0,320,698
09/12/2000,LAF,IN,AGL,CE,Towers with Display (VFR),0,9,43,1,53,0,0,163,0,163,0,9,206,1,216,448,0,448,664
09/13/2000,LAF,IN,AGL,CE,Towers with Display (VFR),0,9,51,0,60,0,0,251,0,251,0,9,302,0,311,440,0,440,751
09/14/2000,LAF,IN,AGL,CE,Towers with Display (VFR),0,9,41,0,50,0,2,91,0,93,0,11,132,0,143,278,0,278,421
09/15/2000,LAF,IN,AGL,CE,Towers with Display (VFR),0,10,44,0,54,0,2,160,0,162,0,12,204,0,216,204,0,204,420
09/16/2000,LAF,IN,AGL,CE,Towers with Display (VFR),0,8,37,0,45,0,2,220,0,222,0,10,257,0,267,346,0,346,613
09/17/2000,LAF,IN,AGL,CE,Towers with Display (VFR),0,5,23,0,28,0,4,174,0,178,0,9,197,0,206,98,0,98,304
09/18/2000,LAF,IN,AGL,CE,Towers with Display (VFR),0,7,37,0,44,0,0,235,0,235,0,7,272,0,279,756,0,756,1035
09/19/2000,LAF,IN,AGL,CE,Towers with Display (VFR),0,9,51,0,60,0,0,214,0,214,0,9,265,0,274,436,0,436,710
09/20/2000,LAF,IN,AGL,CE,Towers with Display (VFR),0,9,45,0,54,0,0,84,0,84,0,9,129,0,138,272,0,272,410
09/21/2000,LAF,IN,AGL,CE,Towers with Display (VFR),0,9,48,0,57,0,0,296,0,296,0,9,344,0,353,718,0,718,1071
09/22/2000,LAF,IN,AGL,CE,Towers with Display (VFR),0,9,45,0,54,1,0,159,0,160,1,9,204,0,214,438,0,438,652
09/23/2000,LAF,IN,AGL,CE,Towers with Display (VFR),0,6,27,0,33,3,1,54,0,58,3,7,81,0,91,174,0,174,265
09/24/2000,LAF,IN,AGL,CE,Towers with Display (VFR),0,7,30,0,37,0,2,44,1,47,0,9,74,1,84,74,0,74,158
09/25/2000,LAF,IN,AGL,CE,Towers with Display (VFR),0,8,47,0,55,0,0,26,8,34,0,8,73,8,89,106,0,106,195
09/26/2000,LAF,IN,AGL,CE,Towers with Display (VFR),0,9,63,0,72,0,0,241,0,241,0,9,304,0,313,740,0,740,1053
09/27/2000,LAF,IN,AGL,CE,Towers with Display (VFR),0,9,60,0,69,0,0,217,0,217,0,9,277,0,286,704,0,704,990
09/28/2000,LAF,IN,AGL,CE,Towers with Display (VFR),0,11,51,0,62,0,0,266,0,266,0,11,317,0,328,718,0,718,1046
09/29/2000,LAF,IN,AGL,CE,Towers with Display (VFR),0,10,60,0,70,0,0,244,0,244,0,10,304,0,314,655,0,655,969
09/30/2000,LAF,IN,AGL,CE,Towers with Display (VFR),0,9,40,0,49,3,1,226,0,230,3,10,266,0,279,426,0,426,705
10/01/2000,LAF,IN,AGL,CE,Towers with Display (VFR),0,4,26,0,30,0,5,136,0,141,0,9,162,0,171,180,0,180,351
10/02/2000,LAF,IN,AGL,CE,Towers with Display (VFR),0,9,62,0,71,0,0,206,0,206,0,9,268,0,277,561,0,561,838
10/03/2000,LAF,IN,AGL,CE,Towers with Display (VFR),0,5,65,0,70,0,0,224,0,224,0,5,289,0,294,578,0,578,872
10/04/2000,LAF,IN,AGL,CE,Towers with Display (VFR),0,9,63,0,72,0,0,19,0,19,0,9,82,0,91,36,0,36,127
10/05/2000,LAF,IN,AGL,CE,Towers with Display (VFR),0,12,70,0,82,0,0,2,0,2,0,12,72,0,84,0,0,0,84
10/06/2000,LAF,IN,AGL,CE,Towers with Display (VFR),1,9,67,0,77,1,0,145,0,146,2,9,212,0,223,204,0,204,427
10/07/2000,LAF,IN,AGL,CE,Towers with Display (VFR),1,11,60,0,72,1,1,96,0,98,2,12,156,0,170,198,0,198,368
10/08/2000,LAF,IN,AGL,CE,Towers with Display (VFR),0,4,26,0,30,0,5,48,0,53,0,9,74,0,83,116,0,116,199
10/09/2000,LAF,IN,AGL,CE,Towers with Display (VFR),0,6,34,0,40,0,3,108,0,111,0,9,142,0,151,196,0,196,347
10/10/2000,LAF,IN,AGL,CE,Towers with Display (VFR),0,7,37,0,44,0,2,146,0,148,0,9,183,0,192,254,0,254,446
10/11/2000,LAF,IN,AGL,CE,Towers with Display (VFR),0,11,55,0,66,0,0,249,0,249,0,11,304,0,315,768,0,768,1083
10/12/2000,LAF,IN,AGL,CE,Towers with Display (VFR),0,9,66,0,75,0,0,275,0,275,0,9,341,0,350,520,0,520,870
10/13/2000,LAF,IN,AGL,CE,Towers with Display (VFR),0,9,65,0,74,0,0,212,0,212,0,9,277,0,286,398,0,398,684
10/14/2000,LAF,IN,AGL,CE,Towers with Display (VFR),0,6,32,0,38,0,5,155,0,160,0,11,187,0,198,268,0,268,466
10/15/2000,LAF,IN,AGL,CE,Towers with Display (VFR),0,8,41,0,49,0,1,69,0,70,0,9,110,0,119,252,0,252,371
10/16/2000,LAF,IN,AGL,CE,Towers with Display (VFR),0,8,68,0,76,0,0,89,0,89,0,8,157,0,165,194,0,194,359
10/17/2000,LAF,IN,AGL,CE,Towers with Display (VFR),0,7,51,0,58,0,0,137,0,137,0,7,188,0,195,524,0,524,719
10/18/2000,LAF,IN,AGL,CE,Towers with Display (VFR),0,8,43,0,51,0,1,215,0,216,0,9,258,0,267,632,0,632,899
10/19/2000,LAF,IN,AGL,CE,Towers with Display (VFR),0,8,44,0,52,0,9,146,0,155,0,17,190,0,207,309,0,309,516
10/20/2000,LAF,IN,AGL,CE,Towers with Display (VFR),0,3,19,0,22,2,3,141,0,146,2,6,160,0,168,295,0,295,463
10/21/2000,LAF,IN,AGL,CE,Towers with Display (VFR),0,9,49,0,58,2,3,166,0,171,2,12,215,0,229,287,0,287,516
10/22/2000,LAF,IN,AGL,CE,Towers with Display (VFR),0,5,27,0,32,0,2,72,0,74,0,7,99,0,106,149,0,149,255
10/23/2000,LAF,IN,AGL,CE,Towers with Display (VFR),0,9,50,0,59,0,0,94,0,94,0,9,144,0,153,268,0,268,421
10/24/2000,LAF,IN,AGL,CE,Towers with Display (VFR),0,10,66,0,76,0,0,138,0,138,0,10,204,0,214,398,0,398,612
10/25/2000,LAF,IN,AGL,CE,Towers with Display (VFR),0,8,61,0,69,0,0,71,1,72,0,8,132,1,141,333,0,333,474
10/26/2000,LAF,IN,AGL,CE,Towers with Display (VFR),0,10,63,0,73,0,0,130,0,130,0,10,193,0,203,311,0,311,514
10/27/2000,LAF,IN,AGL,CE,Towers with Display (VFR),0,9,58,0,67,0,0,125,0,125,0,9,183,0,192,254,0,254,446
10/28/2000,LAF,IN,AGL,CE,Towers with Display (VFR),0,8,60,0,68,2,0,103,0,105,2,8,163,0,173,158,0,158,331
10/29/2000,LAF,IN,AGL,CE,Towers with Display (VFR),0,6,35,0,41,0,3,147,0,150,0,9,182,0,191,218,0,218,409
10/30/2000,LAF,IN,AGL,CE,Towers with Display (VFR),0,0,58,0,58,0,0,212,1,213,0,0,270,1,271,434,0,434,705
10/31/2000,LAF,IN,AGL,CE,Towers with Display (VFR),0,10,65,0,75,0,0,217,0,217,0,10,282,0,292,476,0,476,768
11/01/2000,LAF,IN,AGL,CE,Towers with Display (VFR),0,13,54,0,67,0,0,210,0,210,0,13,264,0,277,440,0,440,717
11/02/2000,LAF,IN,AGL,CE,Towers with Display (VFR),0,11,68,0,79,0,0,231,0,231,0,11,299,0,310,388,0,388,698
11/03/2000,LAF,IN,AGL,CE,Towers with Display (VFR),0,8,47,0,55,0,0,199,0,199,0,8,246,0,254,316,0,316,570
11/04/2000,LAF,IN,AGL,CE,Towers with Display (VFR),0,10,41,0,51,0,0,205,0,205,0,10,246,0,256,358,0,358,614
11/05/2000,LAF,IN,AGL,CE,Towers with Display (VFR),0,7,21,0,28,0,1,172,0,173,0,8,193,0,201,148,0,148,349
11/06/2000,LAF,IN,AGL,CE,Towers with Display (VFR),0,11,41,0,52,0,0,84,0,84,0,11,125,0,136,90,0,90,226
11/07/2000,LAF,IN,AGL,CE,Towers with Display (VFR),0,12,35,0,47,0,0,66,0,66,0,12,101,0,113,144,0,144,257
11/08/2000,LAF,IN,AGL,CE,Towers with Display (VFR),0,11,41,0,52,0,0,178,0,178,0,11,219,0,230,560,0,560,790
11/09/2000,LAF,IN,AGL,CE,Towers with Display (VFR),0,4,11,0,15,0,2,7,0,9,0,6,18,0,24,32,0,32,56
11/10/2000,LAF,IN,AGL,CE,Towers with Display (VFR),0,6,17,0,23,2,1,37,0,40,2,7,54,0,63,114,0,114,177
11/11/2000,LAF,IN,AGL,CE,Towers with Display (VFR),0,9,35,0,44,2,0,117,0,119,2,9,152,0,163,314,0,314,477
11/12/2000,LAF,IN,AGL,CE,Towers with Display (VFR),0,8,25,0,33,0,1,119,0,120,0,9,144,0,153,180,0,180,333
11/13/2000,LAF,IN,AGL,CE,Towers with Display (VFR),0,7,20,0,27,0,0,33,0,33,0,7,53,0,60,132,0,132,192
11/14/2000,LAF,IN,AGL,CE,Towers with Display (VFR),0,5,20,0,25,0,7,1,0,8,0,12,21,0,33,6,0,6,39
11/15/2000,LAF,IN,AGL,CE,Towers with Display (VFR),0,13,52,0,65,0,0,189,0,189,0,13,241,0,254,308,0,308,562
11/16/2000,LAF,IN,AGL,CE,Towers with Display (VFR),0,9,33,0,42,0,0,65,0,65,0,9,98,0,107,94,0,94,201
11/17/2000,LAF,IN,AGL,CE,Towers with Display (VFR),0,6,40,0,46,0,0,39,0,39,0,6,79,0,85,52,0,52,137
11/18/2000,LAF,IN,AGL,CE,Towers with Display (VFR),0,11,39,0,50,0,0,158,0,158,0,11,197,0,208,308,0,308,516
11/19/2000,LAF,IN,AGL,CE,Towers with Display (VFR),0,7,23,0,30,0,4,65,0,69,0,11,88,0,99,64,0,64,163
11/20/2000,LAF,IN,AGL,CE,Towers with Display (VFR),0,9,29,0,38,0,0,19,0,19,0,9,48,0,57,78,0,78,135
11/21/2000,LAF,IN,AGL,CE,Towers with Display (VFR),0,10,34,0,44,0,0,153,0,153,0,10,187,0,197,294,0,294,491
11/22/2000,LAF,IN,AGL,CE,Towers with Display (VFR),0,9,32,0,41,0,1,104,0,105,0,10,136,0,146,88,0,88,234
11/23/2000,LAF,IN,AGL,CE,Towers with Display (VFR),0,2,8,0,10,0,3,19,0,22,0,5,27,0,32,0,0,0,32
11/24/2000,LAF,IN,AGL,CE,Towers with Display (VFR),0,5,18,0,23,0,2,66,0,68,0,7,84,0,91,111,0,111,202
11/25/2000,LAF,IN,AGL,CE,Towers with Display (VFR),0,2,4,0,6,0,6,0,0,6,0,8,4,0,12,0,0,0,12
11/26/2000,LAF,IN,AGL,CE,Towers with Display (VFR),0,5,14,0,19,0,4,0,0,4,0,9,14,0,23,0,0,0,23
11/27/2000,LAF,IN,AGL,CE,Towers with Display (VFR),0,7,21,0,28,0,4,0,0,4,0,11,21,0,32,0,0,0,32
11/28/2000,LAF,IN,AGL,CE,Towers with Display (VFR),0,17,60,0,77,0,0,199,0,199,0,17,259,0,276,358,0,358,634
11/29/2000,LAF,IN,AGL,CE,Towers with Display (VFR),0,6,23,0,29,0,5,34,0,39,0,11,57,0,68,112,0,112,180
11/30/2000,LAF,IN,AGL,CE,Towers with Display (VFR),0,9,31,0,40,0,1,23,0,24,0,10,54,0,64,234,0,234,298
12/01/2000,LAF,IN,AGL,CE,Towers with Display (VFR),0,6,16,0,22,0,3,13,0,16,0,9,29,0,38,24,0,24,62
12/02/2000,LAF,IN,AGL,CE,Towers with Display (VFR),0,10,36,0,46,0,0,161,0,161,0,10,197,0,207,152,0,152,359
12/03/2000,LAF,IN,AGL,CE,Towers with Display (VFR),0,10,22,0,32,0,17,154,0,171,0,27,176,0,203,210,0,210,413
12/04/2000,LAF,IN,AGL,CE,Towers with Display (VFR),0,10,36,0,46,0,0,155,0,155,0,10,191,0,201,350,0,350,551
12/05/2000,LAF,IN,AGL,CE,Towers with Display (VFR),0,11,43,0,54,0,0,98,0,98,0,11,141,0,152,322,0,322,474
12/06/2000,LAF,IN,AGL,CE,Towers with Display (VFR),0,11,31,0,42,0,0,149,0,149,0,11,180,0,191,334,0,334,525
12/07/2000,LAF,IN,AGL,CE,Towers with Display (VFR),0,7,27,0,34,0,0,133,0,133,0,7,160,0,167,266,0,266,433
12/08/2000,LAF,IN,AGL,CE,Towers with Display (VFR),0,10,37,0,47,0,0,61,0,61,0,10,98,0,108,460,0,460,568
12/09/2000,LAF,IN,AGL,CE,Towers with Display (VFR),0,9,22,0,31,0,0,189,0,189,0,9,211,0,220,352,0,352,572
12/10/2000,LAF,IN,AGL,CE,Towers with Display (VFR),0,4,8,0,12,0,5,1,0,6,0,9,9,0,18,0,0,0,18
12/11/2000,LAF,IN,AGL,CE,Towers with Display (VFR),0,1,12,0,13,0,0,5,0,5,0,1,17,0,18,0,0,0,18
12/12/2000,LAF,IN,AGL,CE,Towers with Display (VFR),1,2,28,0,31,6,0,151,0,157,7,2,179,0,188,364,0,364,552
12/13/2000,LAF,IN,AGL,CE,Towers with Display (VFR),0,4,11,0,15,0,0,41,0,41,0,4,52,0,56,64,0,64,120
12/14/2000,LAF,IN,AGL,CE,Towers with Display (VFR),0,9,19,0,28,0,1,31,0,32,0,10,50,0,60,104,0,104,164
12/15/2000,LAF,IN,AGL,CE,Towers with Display (VFR),0,5,16,0,21,0,0,3,0,3,0,5,19,0,24,0,0,0,24
12/16/2000,LAF,IN,AGL,CE,Towers with Display (VFR),0,4,9,0,13,0,3,0,0,3,0,7,9,0,16,0,0,0,16
12/17/2000,LAF,IN,AGL,CE,Towers with Display (VFR),0,3,4,0,7,0,3,0,0,3,0,6,4,0,10,0,0,0,10
12/18/2000,LAF,IN,AGL,CE,Towers with Display (VFR),0,11,25,0,36,0,1,58,0,59,0,12,83,0,95,128,0,128,223
12/19/2000,LAF,IN,AGL,CE,Towers with Display (VFR),0,6,14,0,20,0,4,16,0,20,0,10,30,0,40,22,0,22,62
12/20/2000,LAF,IN,AGL,CE,Towers with Display (VFR),0,8,20,0,28,0,2,48,0,50,0,10,68,0,78,14,0,14,92
12/21/2000,LAF,IN,AGL,CE,Towers with Display (VFR),0,7,16,0,23,0,3,7,0,10,0,10,23,0,33,0,0,0,33
12/22/2000,LAF,IN,AGL,CE,Towers with Display (VFR),0,5,13,0,18,0,4,28,0,32,0,9,41,0,50,30,0,30,80
12/23/2000,LAF,IN,AGL,CE,Towers with Display (VFR),0,5,12,0,17,3,24,17,0,44,3,29,29,0,61,68,0,68,129
12/24/2000,LAF,IN,AGL,CE,Towers with Display (VFR),0,2,5,0,7,0,0,14,0,14,0,2,19,0,21,6,0,6,27
12/25/2000,LAF,IN,AGL,CE,Towers with Display (VFR),0,4,7,0,11,0,4,0,0,4,0,8,7,0,15,2,0,2,17
12/26/2000,LAF,IN,AGL,CE,Towers with Display (VFR),0,8,11,0,19,0,0,0,0,0,0,8,11,0,19,3,0,3,22
12/27/2000,LAF,IN,AGL,CE,Towers with Display (VFR),0,6,16,0,22,0,0,5,0,5,0,6,21,0,27,4,0,4,31
12/28/2000,LAF,IN,AGL,CE,Towers with Display (VFR),0,6,15,0,21,0,2,47,0,49,0,8,62,0,70,49,0,49,119
12/29/2000,LAF,IN,AGL,CE,Towers with Display (VFR),0,9,20,0,29,5,5,0,0,10,5,14,20,0,39,32,0,32,71
12/30/2000,LAF,IN,AGL,CE,Towers with Display (VFR),0,5,12,0,17,5,0,1,0,6,5,5,13,0,23,26,0,26,49
12/31/2000,LAF,IN,AGL,CE,Towers with Display (VFR),0,4,11,0,15,0,5,9,0,14,0,9,20,0,29,36,0,36,65
01/01/2001,LAF,IN,AGL,CE,Towers with Display (VFR),0,3,8,0,11,0,0,8,0,8,0,3,16,0,19,0,0,0,19
01/02/2001,LAF,IN,AGL,CE,Towers with Display (VFR),0,9,23,0,32,0,0,33,0,33,0,9,56,0,65,38,0,38,103
01/03/2001,LAF,IN,AGL,CE,Towers with Display (VFR),1,8,16,0,25,2,1,0,0,3,3,9,16,0,28,0,0,0,28
01/04/2001,LAF,IN,AGL,CE,Towers with Display (VFR),0,9,17,0,26,0,0,9,0,9,0,9,26,0,35,32,0,32,67
01/05/2001,LAF,IN,AGL,CE,Towers with Display (VFR),0,9,19,0,28,0,2,32,0,34,0,11,51,0,62,26,0,26,88
01/06/2001,LAF,IN,AGL,CE,Towers with Display (VFR),0,6,23,0,29,0,0,117,0,117,0,6,140,0,146,160,0,160,306
01/07/2001,LAF,IN,AGL,CE,Towers with Display (VFR),0,9,31,0,40,0,0,68,0,68,0,9,99,0,108,154,0,154,262
01/08/2001,LAF,IN,AGL,CE,Towers with Display (VFR),0,7,12,0,19,0,2,37,0,39,0,9,49,0,58,72,0,72,130
01/09/2001,LAF,IN,AGL,CE,Towers with Display (VFR),0,10,26,0,36,0,0,99,0,99,0,10,125,0,135,200,0,200,335
01/10/2001,LAF,IN,AGL,CE,Towers with Display (VFR),0,11,30,0,41,0,4,154,0,158,0,15,184,0,199,372,0,372,571
01/11/2001,LAF,IN,AGL,CE,Towers with Display (VFR),0,10,29,0,39,0,0,191,0,191,0,10,220,0,230,386,0,386,616
01/12/2001,LAF,IN,AGL,CE,Towers with Display (VFR),0,10,29,0,39,0,2,50,0,52,0,12,79,0,91,62,0,62,153
01/13/2001,LAF,IN,AGL,CE,Towers with Display (VFR),0,8,30,0,38,0,0,69,0,69,0,8,99,0,107,326,0,326,433
01/14/2001,LAF,IN,AGL,CE,Towers with Display (VFR),0,5,9,0,14,0,4,0,0,4,0,9,9,0,18,4,0,4,22
01/15/2001,LAF,IN,AGL,CE,Towers with Display (VFR),0,9,22,0,31,0,1,0,0,1,0,10,22,0,32,0,0,0,32
01/16/2001,LAF,IN,AGL,CE,Towers with Display (VFR),0,8,22,0,30,0,2,14,0,16,0,10,36,0,46,26,0,26,72
01/17/2001,LAF,IN,AGL,CE,Towers with Display (VFR),0,7,18,0,25,0,2,3,0,5,0,9,21,0,30,6,0,6,36
01/18/2001,LAF,IN,AGL,CE,Towers with Display (VFR),0,11,32,0,43,0,0,47,0,47,0,11,79,0,90,86,0,86,176
01/19/2001,LAF,IN,AGL,CE,Towers with Display (VFR),0,7,18,0,25,0,4,6,0,10,0,11,24,0,35,42,0,42,77
01/20/2001,LAF,IN,AGL,CE,Towers with Display (VFR),0,7,21,0,28,0,2,171,0,173,0,9,192,0,201,330,0,330,531
01/21/2001,LAF,IN,AGL,CE,Towers with Display (VFR),0,10,31,0,41,0,0,146,0,146,0,10,177,0,187,172,0,172,359
01/22/2001,LAF,IN,AGL,CE,Towers with Display (VFR),0,11,39,0,50,0,0,197,0,197,0,11,236,0,247,368,0,368,615
01/23/2001,LAF,IN,AGL,CE,Towers with Display (VFR),0,8,30,0,38,0,0,208,0,208,0,8,238,0,246,434,0,434,680
01/24/2001,LAF,IN,AGL,CE,Towers with Display (VFR),0,11,31,0,42,0,2,86,0,88,0,13,117,0,130,320,0,320,450
01/25/2001,LAF,IN,AGL,CE,Towers with Display (VFR),0,11,44,0,55,0,0,240,0,240,0,11,284,0,295,476,0,476,771
01/26/2001,LAF,IN,AGL,CE,Towers with Display (VFR),0,2,15,0,17,0,0,31,0,31,0,2,46,0,48,36,0,36,84
01/27/2001,LAF,IN,AGL,CE,Towers with Display (VFR),0,9,24,0,33,0,1,122,0,123,0,10,146,0,156,300,0,300,456
01/28/2001,LAF,IN,AGL,CE,Towers with Display (VFR),0,6,23,0,29,0,0,53,0,53,0,6,76,0,82,74,0,74,156
01/29/2001,LAF,IN,AGL,CE,Towers with Display (VFR),0,6,18,0,24,0,3,59,0,62,0,9,77,0,86,138,0,138,224
01/30/2001,LAF,IN,AGL,CE,Towers with Display (VFR),0,10,36,0,46,0,0,33,0,33,0,10,69,0,79,88,0,88,167
01/31/2001,LAF,IN,AGL,CE,Towers with Display (VFR),0,6,17,0,23,0,4,0,0,4,0,10,17,0,27,34,0,34,61
02/01/2001,LAF,IN,AGL,CE,Towers with Display (VFR),0,11,65,0,76,0,0,205,0,205,0,11,270,0,281,566,0,566,847
02/02/2001,LAF,IN,AGL,CE,Towers with Display (VFR),0,7,56,0,63,0,0,146,0,146,0,7,202,0,209,283,0,283,492
02/03/2001,LAF,IN,AGL,CE,Towers with Display (VFR),0,6,39,0,45,0,0,141,0,141,0,6,180,0,186,140,0,140,326
02/04/2001,LAF,IN,AGL,CE,Towers with Display (VFR),0,5,29,0,34,0,6,54,0,60,0,11,83,0,94,134,0,134,228
02/05/2001,LAF,IN,AGL,CE,Towers with Display (VFR),0,4,13,0,17,0,7,0,0,7,0,11,13,0,24,0,0,0,24
02/06/2001,LAF,IN,AGL,CE,Towers with Display (VFR),0,4,24,0,28,0,2,10,0,12,0,6,34,0,40,34,0,34,74
02/07/2001,LAF,IN,AGL,CE,Towers with Display (VFR),0,7,38,0,45,0,3,117,0,120,0,10,155,0,165,381,0,381,546
02/08/2001,LAF,IN,AGL,CE,Towers with Display (VFR),0,9,53,0,62,0,3,137,0,140,0,12,190,0,202,392,0,392,594
02/09/2001,LAF,IN,AGL,CE,Towers with Display (VFR),0,3,8,0,11,0,4,0,0,4,0,7,8,0,15,0,0,0,15
02/10/2001,LAF,IN,AGL,CE,Towers with Display (VFR),0,8,48,0,56,0,0,155,0,155,0,8,203,0,211,456,0,456,667
02/11/2001,LAF,IN,AGL,CE,Towers with Display (VFR),0,9,53,0,62,0,0,197,0,197,0,9,250,0,259,226,0,226,485
02/12/2001,LAF,IN,AGL,CE,Towers with Display (VFR),0,9,53,0,62,0,0,218,0,218,0,9,271,0,280,622,0,622,902
02/13/2001,LAF,IN,AGL,CE,Towers with Display (VFR),0,7,36,0,43,0,4,0,0,4,0,11,36,0,47,4,0,4,51
02/14/2001,LAF,IN,AGL,CE,Towers with Display (VFR),0,4,23,0,27,0,3,0,0,3,0,7,23,0,30,0,0,0,30
02/15/2001,LAF,IN,AGL,CE,Towers with Display (VFR),0,3,20,0,23,0,0,0,0,0,0,3,20,0,23,2,0,2,25
02/16/2001,LAF,IN,AGL,CE,Towers with Display (VFR),0,1,11,0,12,0,4,4,0,8,0,5,15,0,20,34,0,34,54
02/17/2001,LAF,IN,AGL,CE,Towers with Display (VFR),0,2,43,0,45,0,0,204,0,204,0,2,247,0,249,346,0,346,595
02/18/2001,LAF,IN,AGL,CE,Towers with Display (VFR),0,3,45,0,48,0,0,175,0,175,0,3,220,0,223,262,0,262,485
02/19/2001,LAF,IN,AGL,CE,Towers with Display (VFR),0,3,40,0,43,0,0,182,0,182,0,3,222,0,225,320,0,320,545
02/20/2001,LAF,IN,AGL,CE,Towers with Display (VFR),0,7,45,0,52,0,0,217,0,217,0,7,262,0,269,564,0,564,833
02/21/2001,LAF,IN,AGL,CE,Towers with Display (VFR),0,5,51,0,56,0,0,205,0,205,0,5,256,0,261,450,0,450,711
02/22/2001,LAF,IN,AGL,CE,Towers with Display (VFR),0,3,48,0,51,0,0,91,0,91,0,3,139,0,142,292,0,292,434
02/23/2001,LAF,IN,AGL,CE,Towers with Display (VFR),0,6,55,0,61,0,0,230,0,230,0,6,285,0,291,645,0,645,936
02/24/2001,LAF,IN,AGL,CE,Towers with Display (VFR),0,2,27,0,29,0,0,41,0,41,0,2,68,0,70,94,0,94,164
02/25/2001,LAF,IN,AGL,CE,Towers with Display (VFR),0,1,7,0,8,0,2,1,0,3,0,3,8,0,11,3,0,3,14
02/26/2001,LAF,IN,AGL,CE,Towers with Display (VFR),0,3,50,0,53,0,0,214,0,214,0,3,264,0,267,740,0,740,1007
02/27/2001,LAF,IN,AGL,CE,Towers with Display (VFR),0,3,37,0,40,0,0,177,0,177,0,3,214,0,217,560,0,560,777
02/28/2001,LAF,IN,AGL,CE,Towers with Display (VFR),0,3,68,0,71,0,0,254,0,254,0,3,322,0,325,414,0,414,739
03/01/2001,LAF,IN,AGL,CE,Towers with Display (VFR),0,3,67,0,70,0,0,244,0,244,0,3,311,0,314,422,0,422,736
03/02/2001,LAF,IN,AGL,CE,Towers with Display (VFR),0,2,38,0,40,0,2,58,0,60,0,4,96,0,100,274,0,274,374
03/03/2001,LAF,IN,AGL,CE,Towers with Display (VFR),0,1,57,0,58,0,0,162,0,162,0,1,219,0,220,268,0,268,488
03/04/2001,LAF,IN,AGL,CE,Towers with Display (VFR),0,2,25,0,27,0,1,0,0,1,0,3,25,0,28,41,0,41,69
03/05/2001,LAF,IN,AGL,CE,Towers with Display (VFR),0,2,31,0,33,0,0,67,0,67,0,2,98,0,100,136,0,136,236
03/06/2001,LAF,IN,AGL,CE,Towers with Display (VFR),0,0,56,0,56,0,0,144,0,144,0,0,200,0,200,404,0,404,604
03/07/2001,LAF,IN,AGL,CE,Towers with Display (VFR),0,5,76,0,81,0,0,230,0,230,0,5,306,0,311,548,0,548,859
03/08/2001,LAF,IN,AGL,CE,Towers with Display (VFR),0,1,37,0,38,0,0,110,0,110,0,1,147,0,148,388,0,388,536
03/09/2001,LAF,IN,AGL,CE,Towers with Display (VFR),0,2,71,0,73,0,0,194,0,194,0,2,265,0,267,296,0,296,563
03/10/2001,LAF,IN,AGL,CE,Towers with Display (VFR),0,2,45,0,47,0,0,120,0,120,0,2,165,0,167,130,0,130,297
03/11/2001,LAF,IN,AGL,CE,Towers with Display (VFR),0,2,22,0,24,0,2,65,0,67,0,4,87,0,91,128,0,128,219
03/12/2001,LAF,IN,AGL,CE,Towers with Display (VFR),0,3,25,0,28,0,1,3,0,4,0,4,28,0,32,6,0,6,38
03/13/2001,LAF,IN,AGL,CE,Towers with Display (VFR),0,2,15,0,17,0,0,13,0,13,0,2,28,0,30,0,0,0,30
03/14/2001,LAF,IN,AGL,CE,Towers with Display (VFR),0,3,36,0,39,0,0,126,0,126,0,3,162,0,165,160,0,160,325
03/15/2001,LAF,IN,AGL,CE,Towers with Display (VFR),0,3,25,0,28,0,0,39,0,39,0,3,64,0,67,80,0,80,147
03/16/2001,LAF,IN,AGL,CE,Towers with Display (VFR),0,1,12,0,13,0,2,2,0,4,0,3,14,0,17,8,0,8,25
03/17/2001,LAF,IN,AGL,CE,Towers with Display (VFR),0,0,13,0,13,0,4,158,0,162,0,4,171,0,175,38,0,38,213
03/18/2001,LAF,IN,AGL,CE,Towers with Display (VFR),0,2,32,0,34,0,1,133,0,134,0,3,165,0,168,102,0,102,270
03/19/2001,LAF,IN,AGL,CE,Towers with Display (VFR),0,3,60,0,63,2,0,198,0,200,2,3,258,0,263,442,0,442,705
03/20/2001,LAF,IN,AGL,CE,Towers with Display (VFR),0,2,71,0,73,0,0,200,0,200,0,2,271,0,273,538,0,538,811
03/21/2001,LAF,IN,AGL,CE,Towers with Display (VFR),0,4,64,0,68,0,0,195,0,195,0,4,259,0,263,454,0,454,717
03/22/2001,LAF,IN,AGL,CE,Towers with Display (VFR),0,4,65,0,69,2,3,190,0,195,2,7,255,0,264,362,0,362,626
03/23/2001,LAF,IN,AGL,CE,Towers with Display (VFR),0,4,64,0,68,0,0,116,0,116,0,4,180,0,184,332,0,332,516
03/24/2001,LAF,IN,AGL,CE,Towers with Display (VFR),0,3,42,0,45,0,0,115,0,115,0,3,157,0,160,208,0,208,368
03/25/2001,LAF,IN,AGL,CE,Towers with Display (VFR),0,1,23,0,24,0,5,9,0,14,0,6,32,0,38,53,0,53,91
03/26/2001,LAF,IN,AGL,CE,Towers with Display (VFR),0,4,57,0,61,0,0,192,0,192,0,4,249,0,253,550,0,550,803
03/27/2001,LAF,IN,AGL,CE,Towers with Display (VFR),0,6,79,0,85,1,0,281,0,282,1,6,360,0,367,548,0,548,915
03/28/2001,LAF,IN,AGL,CE,Towers with Display (VFR),0,3,67,0,70,2,0,242,0,244,2,3,309,0,314,562,0,562,876
03/29/2001,LAF,IN,AGL,CE,Towers with Display (VFR),0,1,26,0,27,0,2,45,0,47,0,3,71,0,74,160,0,160,234
03/30/2001,LAF,IN,AGL,CE,Towers with Display (VFR),0,4,57,0,61,0,0,191,0,191,0,4,248,0,252,462,0,462,714
03/31/2001,LAF,IN,AGL,CE,Towers with Display (VFR),0,2,52,0,54,0,0,136,0,136,0,2,188,0,190,450,0,450,640
04/01/2001,LAF,IN,AGL,CE,Towers with Display (VFR),0,2,27,0,29,0,1,75,0,76,0,3,102,0,105,86,0,86,191
04/02/2001,LAF,IN,AGL,CE,Towers with Display (VFR),0,2,35,0,37,0,0,239,0,239,0,2,274,0,276,582,0,582,858
04/03/2001,LAF,IN,AGL,CE,Towers with Display (VFR),0,4,64,0,68,0,0,187,0,187,0,4,251,0,255,500,0,500,755
04/04/2001,LAF,IN,AGL,CE,Towers with Display (VFR),0,5,57,0,62,0,0,18,0,18,0,5,75,0,80,442,0,442,522
04/05/2001,LAF,IN,AGL,CE,Towers with Display (VFR),0,3,63,0,66,0,0,202,0,202,0,3,265,0,268,256,0,256,524
04/06/2001,LAF,IN,AGL,CE,Towers with Display (VFR),0,5,49,0,54,0,2,32,0,34,0,7,81,0,88,142,0,142,230
04/07/2001,LAF,IN,AGL,CE,Towers with Display (VFR),0,2,18,0,20,0,0,38,0,38,0,2,56,0,58,64,0,64,122
04/08/2001,LAF,IN,AGL,CE,Towers with Display (VFR),0,3,30,0,33,0,0,135,0,135,0,3,165,0,168,233,0,233,401
04/09/2001,LAF,IN,AGL,CE,Towers with Display (VFR),0,3,59,0,62,0,0,173,0,173,0,3,232,0,235,442,0,442,677
04/10/2001,LAF,IN,AGL,CE,Towers with Display (VFR),0,5,45,0,50,0,0,68,0,68,0,5,113,0,118,129,0,129,247
04/11/2001,LAF,IN,AGL,CE,Towers with Display (VFR),0,5,66,0,71,0,0,91,0,91,0,5,157,0,162,118,0,118,280
04/12/2001,LAF,IN,AGL,CE,Towers with Display (VFR),0,3,26,0,29,0,0,53,0,53,0,3,79,0,82,162,0,162,244
04/13/2001,LAF,IN,AGL,CE,Towers with Display (VFR),0,4,41,0,45,0,0,237,0,237,0,4,278,0,282,334,0,334,616
04/14/2001,LAF,IN,AGL,CE,Towers with Display (VFR),0,1,25,0,26,0,0,172,0,172,0,1,197,0,198,210,0,210,408
04/15/2001,LAF,IN,AGL,CE,Towers with Display (VFR),0,3,27,0,30,0,2,48,0,50,0,5,75,0,80,52,0,52,132
04/16/2001,LAF,IN,AGL,CE,Towers with Display (VFR),0,3,32,0,35,0,3,81,0,84,0,6,113,0,119,114,0,114,233
04/17/2001,LAF,IN,AGL,CE,Towers with Display (VFR),0,2,27,0,29,0,1,33,0,34,0,3,60,0,63,95,0,95,158
04/18/2001,LAF,IN,AGL,CE,Towers with Display (VFR),0,5,81,0,86,0,0,253,0,253,0,5,334,0,339,337,0,337,676
04/19/2001,LAF,IN,AGL,CE,Towers with Display (VFR),0,4,46,0,50,0,0,227,0,227,0,4,273,0,277,308,0,308,585
04/20/2001,LAF,IN,AGL,CE,Towers with Display (VFR),0,2,32,0,34,0,2,96,0,98,0,4,128,0,132,124,0,124,256
04/21/2001,LAF,IN,AGL,CE,Towers with Display (VFR),0,1,15,0,16,0,1,17,0,18,0,2,32,0,34,0,0,0,34
04/22/2001,LAF,IN,AGL,CE,Towers with Display (VFR),0,2,32,0,34,0,1,82,0,83,0,3,114,0,117,226,0,226,343
04/23/2001,LAF,IN,AGL,CE,Towers with Display (VFR),0,1,17,0,18,0,3,64,0,67,0,4,81,0,85,120,0,120,205
04/24/2001,LAF,IN,AGL,CE,Towers with Display (VFR),0,3,73,0,76,0,0,238,0,238,0,3,311,0,314,440,0,440,754
04/25/2001,LAF,IN,AGL,CE,Towers with Display (VFR),0,2,39,0,41,0,0,245,0,245,0,2,284,0,286,540,0,540,826
04/26/2001,LAF,IN,AGL,CE,Towers with Display (VFR),0,5,56,0,61,0,1,226,0,227,0,6,282,0,288,580,0,580,868
04/27/2001,LAF,IN,AGL,CE,Towers with Display (VFR),0,3,35,0,38,0,0,231,0,231,0,3,266,0,269,320,0,320,589
04/28/2001,LAF,IN,AGL,CE,Towers with Display (VFR),0,2,22,0,24,0,0,180,0,180,0,2,202,0,204,258,0,258,462
04/29/2001,LAF,IN,AGL,CE,Towers with Display (VFR),0,1,21,0,22,0,2,169,0,171,0,3,190,0,193,158,0,158,351
04/30/2001,LAF,IN,AGL,CE,Towers with Display (VFR),0,3,34,0,37,0,0,184,0,184,0,3,218,0,221,316,0,316,537
05/01/2001,LAF,IN,AGL,CE,Towers with Display (VFR),0,4,21,0,25,0,0,139,0,139,0,4,160,0,164,188,0,188,352
05/02/2001,LAF,IN,AGL,CE,Towers with Display (VFR),0,2,33,0,35,0,0,194,0,194,0,2,227,0,229,246,0,246,475
05/03/2001,LAF,IN,AGL,CE,Towers with Display (VFR),0,3,30,0,33,0,0,207,0,207,0,3,237,0,240,279,0,279,519
05/04/2001,LAF,IN,AGL,CE,Towers with Display (VFR),0,3,33,0,36,0,0,127,0,127,0,3,160,0,163,238,0,238,401
05/05/2001,LAF,IN,AGL,CE,Towers with Display (VFR),0,3,19,0,22,0,1,108,0,109,0,4,127,0,131,162,0,162,293
05/06/2001,LAF,IN,AGL,CE,Towers with Display (VFR),0,3,15,0,18,0,0,72,0,72,0,3,87,0,90,89,0,89,179
05/07/2001,LAF,IN,AGL,CE,Towers with Display (VFR),0,2,19,0,21,0,0,27,0,27,0,2,46,0,48,58,0,58,106
05/08/2001,LAF,IN,AGL,CE,Towers with Display (VFR),0,3,36,0,39,0,0,113,0,113,0,3,149,0,152,204,0,204,356
05/09/2001,LAF,IN,AGL,CE,Towers with Display (VFR),0,4,28,0,32,0,0,139,0,139,0,4,167,0,171,206,0,206,377
05/10/2001,LAF,IN,AGL,CE,Towers with Display (VFR),0,3,29,0,32,0,0,56,0,56,0,3,85,0,88,86,0,86,174
05/11/2001,LAF,IN,AGL,CE,Towers with Display (VFR),0,5,36,0,41,0,1,60,0,61,0,6,96,0,102,66,0,66,168
05/12/2001,LAF,IN,AGL,CE,Towers with Display (VFR),0,2,21,0,23,0,2,55,0,57,0,4,76,0,80,38,0,38,118
05/13/2001,LAF,IN,AGL,CE,Towers with Display (VFR),0,1,13,0,14,0,3,74,0,77,0,4,87,0,91,98,0,98,189
05/14/2001,LAF,IN,AGL,CE,Towers with Display (VFR),0,3,19,0,22,0,0,43,0,43,0,3,62,0,65,164,0,164,229
05/15/2001,LAF,IN,AGL,CE,Towers with Display (VFR),0,3,25,0,28,0,2,76,0,78,0,5,101,0,106,122,0,122,228
05/16/2001,LAF,IN,AGL,CE,Towers with Display (VFR),0,3,26,0,29,0,1,67,0,68,0,4,93,0,97,168,0,168,265
05/17/2001,LAF,IN,AGL,CE,Towers with Display (VFR),0,3,29,0,32,0,0,56,0,56,0,3,85,0,88,92,0,92,180
05/18/2001,LAF,IN,AGL,CE,Towers with Display (VFR),0,3,32,0,35,0,0,18,0,18,0,3,50,0,53,38,0,38,91
05/19/2001,LAF,IN,AGL,CE,Towers with Display (VFR),0,4,29,0,33,0,0,46,0,46,0,4,75,0,79,112,0,112,191
05/20/2001,LAF,IN,AGL,CE,Towers with Display (VFR),0,3,26,0,29,0,1,75,0,76,0,4,101,0,105,98,0,98,203
05/21/2001,LAF,IN,AGL,CE,Towers with Display (VFR),0,5,34,0,39,0,0,14,0,14,0,5,48,0,53,4,0,4,57
05/22/2001,LAF,IN,AGL,CE,Towers with Display (VFR),0,6,29,0,35,0,0,75,0,75,0,6,104,0,110,68,0,68,178
05/23/2001,LAF,IN,AGL,CE,Towers with Display (VFR),0,7,26,0,33,0,0,32,0,32,0,7,58,0,65,40,0,40,105
05/24/2001,LAF,IN,AGL,CE,Towers with Display (VFR),0,3,26,0,29,0,1,52,0,53,0,4,78,0,82,142,0,142,224
05/25/2001,LAF,IN,AGL,CE,Towers with Display (VFR),0,4,29,0,33,0,0,39,1,40,0,4,68,1,73,52,0,52,125
05/26/2001,LAF,IN,AGL,CE,Towers with Display (VFR),0,3,23,0,26,0,1,0,0,1,0,4,23,0,27,0,0,0,27
05/27/2001,LAF,IN,AGL,CE,Towers with Display (VFR),0,2,6,0,8,0,4,25,0,29,0,6,31,0,37,32,0,32,69
05/28/2001,LAF,IN,AGL,CE,Towers with Display (VFR),0,3,22,0,25,0,0,81,0,81,0,3,103,0,106,74,0,74,180
05/29/2001,LAF,IN,AGL,CE,Towers with Display (VFR),0,4,21,0,25,0,0,77,0,77,0,4,98,0,102,148,0,148,250
05/30/2001,LAF,IN,AGL,CE,Towers with Display (VFR),0,3,24,0,27,0,0,103,0,103,0,3,127,0,130,194,0,194,324
05/31/2001,LAF,IN,AGL,CE,Towers with Display (VFR),0,3,35,0,38,0,0,29,0,29,0,3,64,0,67,30,0,30,97
06/01/2001,LAF,IN,AGL,CE,Towers with Display (VFR),0,3,21,0,24,0,0,22,0,22,0,3,43,0,46,24,0,24,70
06/02/2001,LAF,IN,AGL,CE,Towers with Display (VFR),0,3,16,0,19,0,0,38,0,38,0,3,54,0,57,28,0,28,85
06/03/2001,LAF,IN,AGL,CE,Towers with Display (VFR),0,4,17,0,21,0,0,67,0,67,0,4,84,0,88,120,0,120,208
06/04/2001,LAF,IN,AGL,CE,Towers with Display (VFR),0,4,11,0,15,0,0,6,0,6,0,4,17,0,21,32,0,32,53
06/05/2001,LAF,IN,AGL,CE,Towers with Display (VFR),0,4,20,0,24,0,0,9,0,9,0,4,29,0,33,16,0,16,49
06/06/2001,LAF,IN,AGL,CE,Towers with Display (VFR),0,5,25,0,30,0,0,30,0,30,0,5,55,0,60,92,0,92,152
06/07/2001,LAF,IN,AGL,CE,Towers with Display (VFR),0,6,22,0,28,0,0,45,0,45,0,6,67,0,73,62,0,62,135
06/08/2001,LAF,IN,AGL,CE,Towers with Display (VFR),0,4,12,0,16,0,0,103,0,103,0,4,115,0,119,62,0,62,181
06/09/2001,LAF,IN,AGL,CE,Towers with Display (VFR),0,2,4,0,6,0,0,86,0,86,0,2,90,0,92,52,0,52,144
06/10/2001,LAF,IN,AGL,CE,Towers with Display (VFR),0,2,3,0,5,0,0,66,0,66,0,2,69,0,71,68,0,68,139
06/11/2001,LAF,IN,AGL,CE,Towers with Display (VFR),0,5,9,0,14,0,6,89,0,95,0,11,98,0,109,162,0,162,271
06/12/2001,LAF,IN,AGL,CE,Towers with Display (VFR),0,5,52,0,57,0,0,152,0,152,0,5,204,0,209,300,0,300,509
06/13/2001,LAF,IN,AGL,CE,Towers with Display (VFR),0,6,37,0,43,0,0,158,0,158,0,6,195,0,201,246,0,246,447
06/14/2001,LAF,IN,AGL,CE,Towers with Display (VFR),0,3,25,0,28,0,0,172,0,172,0,3,197,0,200,234,0,234,434
06/15/2001,LAF,IN,AGL,CE,Towers with Display (VFR),0,3,24,0,27,0,0,86,0,86,0,3,110,0,113,192,0,192,305
06/16/2001,LAF,IN,AGL,CE,Towers with Display (VFR),0,2,21,0,23,0,0,115,0,115,0,2,136,0,138,146,0,146,284
06/17/2001,LAF,IN,AGL,CE,Towers with Display (VFR),0,3,22,0,25,0,0,67,0,67,0,3,89,0,92,86,0,86,178
06/18/2001,LAF,IN,AGL,CE,Towers with Display (VFR),0,3,30,0,33,0,0,126,0,126,0,3,156,0,159,222,0,222,381
06/19/2001,LAF,IN,AGL,CE,Towers with Display (VFR),0,6,30,0,36,0,1,90,0,91,0,7,120,0,127,264,0,264,391
06/20/2001,LAF,IN,AGL,CE,Towers with Display (VFR),0,3,56,0,59,0,0,156,0,156,0,3,212,0,215,396,0,396,611
06/21/2001,LAF,IN,AGL,CE,Towers with Display (VFR),0,3,30,0,33,0,0,23,0,23,0,3,53,0,56,80,0,80,136
06/22/2001,LAF,IN,AGL,CE,Towers with Display (VFR),0,3,51,0,54,0,0,128,0,128,0,3,179,0,182,36,0,36,218
06/23/2001,LAF,IN,AGL,CE,Towers with Display (VFR),0,2,41,0,43,0,0,99,0,99,0,2,140,0,142,174,0,174,316
06/24/2001,LAF,IN,AGL,CE,Towers with Display (VFR),0,3,20,0,23,0,0,84,0,84,0,3,104,0,107,72,0,72,179
06/25/2001,LAF,IN,AGL,CE,Towers with Display (VFR),0,5,50,0,55,0,0,153,0,153,0,5,203,0,208,334,0,334,542
06/26/2001,LAF,IN,AGL,CE,Towers with Display (VFR),0,3,56,0,59,0,0,172,0,172,0,3,228,0,231,314,0,314,545
06/27/2001,LAF,IN,AGL,CE,Towers with Display (VFR),0,3,48,0,51,0,0,167,0,167,0,3,215,0,218,412,0,412,630
06/28/2001,LAF,IN,AGL,CE,Towers with Display (VFR),0,4,38,0,42,0,0,143,0,143,0,4,181,0,185,424,0,424,609
06/29/2001,LAF,IN,AGL,CE,Towers with Display (VFR),0,6,41,0,47,0,0,140,0,140,0,6,181,0,187,360,0,360,547
06/30/2001,LAF,IN,AGL,CE,Towers with Display (VFR),0,2,13,2,17,0,0,62,0,62,0,2,75,2,79,92,0,92,171
07/01/2001,LAF,IN,AGL,CE,Towers with Display (VFR),0,2,16,0,18,0,0,18,0,18,0,2,34,0,36,70,0,70,106
07/02/2001,LAF,IN,AGL,CE,Towers with Display (VFR),0,4,39,0,43,0,0,178,0,178,0,4,217,0,221,338,0,338,559
07/03/2001,LAF,IN,AGL,CE,Towers with Display (VFR),0,1,14,0,15,0,0,26,0,26,0,1,40,0,41,22,0,22,63
07/04/2001,LAF,IN,AGL,CE,Towers with Display (VFR),0,2,12,0,14,0,0,36,0,36,0,2,48,0,50,36,0,36,86
07/05/2001,LAF,IN,AGL,CE,Towers with Display (VFR),0,2,46,0,48,0,0,169,0,169,0,2,215,0,217,242,0,242,459
07/06/2001,LAF,IN,AGL,CE,Towers with Display (VFR),0,3,36,0,39,0,0,161,0,161,0,3,197,0,200,358,0,358,558
07/07/2001,LAF,IN,AGL,CE,Towers with Display (VFR),0,2,20,0,22,0,0,19,0,19,0,2,39,0,41,34,0,34,75
07/08/2001,LAF,IN,AGL,CE,Towers with Display (VFR),0,3,17,0,20,0,0,16,0,16,0,3,33,0,36,22,0,22,58
07/09/2001,LAF,IN,AGL,CE,Towers with Display (VFR),0,3,31,0,34,0,0,84,0,84,0,3,115,0,118,328,0,328,446
07/10/2001,LAF,IN,AGL,CE,Towers with Display (VFR),0,3,25,0,28,0,0,148,0,148,0,3,173,0,176,280,0,280,456
07/11/2001,LAF,IN,AGL,CE,Towers with Display (VFR),0,8,23,0,31,0,0,211,0,211,0,8,234,0,242,254,0,254,496
07/12/2001,LAF,IN,AGL,CE,Towers with Display (VFR),0,3,35,0,38,0,0,183,0,183,0,3,218,0,221,460,0,460,681
07/13/2001,LAF,IN,AGL,CE,Towers with Display (VFR),0,4,18,0,22,0,0,161,0,161,0,4,179,0,183,260,0,260,443
07/14/2001,LAF,IN,AGL,CE,Towers with Display (VFR),0,2,27,0,29,0,0,97,0,97,0,2,124,0,126,102,0,102,228
07/15/2001,LAF,IN,AGL,CE,Towers with Display (VFR),0,2,13,0,15,0,0,88,0,88,0,2,101,0,103,146,0,146,249
07/16/2001,LAF,IN,AGL,CE,Towers with Display (VFR),0,5,20,0,25,0,0,166,0,166,0,5,186,0,191,410,0,410,601
07/17/2001,LAF,IN,AGL,CE,Towers with Display (VFR),0,5,32,0,37,0,0,140,0,140,0,5,172,0,177,294,0,294,471
07/18/2001,LAF,IN,AGL,CE,Towers with Display (VFR),0,8,24,0,32,0,0,33,0,33,0,8,57,0,65,108,0,108,173
07/19/2001,LAF,IN,AGL,CE,Towers with Display (VFR),0,6,24,0,30,0,0,94,0,94,0,6,118,0,124,296,0,296,420
07/20/2001,LAF,IN,AGL,CE,Towers with Display (VFR),0,5,21,0,26,0,0,66,0,66,0,5,87,0,92,160,0,160,252
07/21/2001,LAF,IN,AGL,CE,Towers with Display (VFR),0,1,25,0,26,0,0,34,0,34,0,1,59,0,60,160,0,160,220
07/22/2001,LAF,IN,AGL,CE,Towers with Display (VFR),0,3,23,0,26,0,0,40,0,40,0,3,63,0,66,136,0,136,202
07/23/2001,LAF,IN,AGL,CE,Towers with Display (VFR),0,3,28,0,31,0,0,85,0,85,0,3,113,0,116,360,0,360,476
07/24/2001,LAF,IN,AGL,CE,Towers with Display (VFR),0,3,29,0,32,0,0,134,0,134,0,3,163,0,166,358,0,358,524
07/25/2001,LAF,IN,AGL,CE,Towers with Display (VFR),0,3,18,0,21,0,0,45,0,45,0,3,63,0,66,242,0,242,308
07/26/2001,LAF,IN,AGL,CE,Towers with Display (VFR),0,3,38,0,41,0,0,112,0,112,0,3,150,0,153,218,0,218,371
07/27/2001,LAF,IN,AGL,CE,Towers with Display (VFR),0,3,10,0,13,0,0,112,0,112,0,3,122,0,125,198,0,198,323
07/28/2001,LAF,IN,AGL,CE,Towers with Display (VFR),0,2,27,0,29,0,0,35,0,35,0,2,62,0,64,102,0,102,166
07/29/2001,LAF,IN,AGL,CE,Towers with Display (VFR),0,4,13,0,17,0,0,55,0,55,0,4,68,0,72,68,0,68,140
07/30/2001,LAF,IN,AGL,CE,Towers with Display (VFR),0,5,21,0,26,0,0,155,0,155,0,5,176,0,181,198,0,198,379
07/31/2001,LAF,IN,AGL,CE,Towers with Display (VFR),0,3,19,0,22,0,0,150,0,150,0,3,169,0,172,244,0,244,416
08/01/2001,LAF,IN,AGL,CE,Towers with Display (VFR),0,3,23,0,26,0,0,126,0,126,0,3,149,0,152,248,0,248,400
08/02/2001,LAF,IN,AGL,CE,Towers with Display (VFR),0,3,30,0,33,0,0,52,0,52,0,3,82,0,85,70,0,70,155
08/03/2001,LAF,IN,AGL,CE,Towers with Display (VFR),0,3,25,0,28,0,0,71,0,71,0,3,96,0,99,160,0,160,259
08/04/2001,LAF,IN,AGL,CE,Towers with Display (VFR),0,2,19,0,21,0,0,144,0,144,0,2,163,0,165,78,0,78,243
08/05/2001,LAF,IN,AGL,CE,Towers with Display (VFR),0,3,12,0,15,0,0,42,0,42,0,3,54,0,57,38,0,38,95
08/06/2001,LAF,IN,AGL,CE,Towers with Display (VFR),0,3,20,0,23,0,0,104,0,104,0,3,124,0,127,218,0,218,345
08/07/2001,LAF,IN,AGL,CE,Towers with Display (VFR),0,3,21,0,24,0,0,88,0,88,0,3,109,0,112,156,0,156,268
08/08/2001,LAF,IN,AGL,CE,Towers with Display (VFR),0,3,26,0,29,0,0,85,0,85,0,3,111,0,114,138,0,138,252
08/09/2001,LAF,IN,AGL,CE,Towers with Display (VFR),0,2,10,0,12,0,0,43,0,43,0,2,53,0,55,118,0,118,173
08/10/2001,LAF,IN,AGL,CE,Towers with Display (VFR),0,3,25,0,28,0,0,61,0,61,0,3,86,0,89,102,0,102,191
08/11/2001,LAF,IN,AGL,CE,Towers with Display (VFR),0,2,19,0,21,0,0,88,0,88,0,2,107,0,109,74,0,74,183
08/12/2001,LAF,IN,AGL,CE,Towers with Display (VFR),0,3,9,0,12,0,0,72,0,72,0,3,81,0,84,28,0,28,112
08/13/2001,LAF,IN,AGL,CE,Towers with Display (VFR),0,5,12,0,17,0,0,168,0,168,0,5,180,0,185,88,0,88,273
08/14/2001,LAF,IN,AGL,CE,Towers with Display (VFR),0,3,12,0,15,0,0,115,0,115,0,3,127,0,130,106,0,106,236
08/15/2001,LAF,IN,AGL,CE,Towers with Display (VFR),0,3,30,0,33,0,0,92,0,92,0,3,122,0,125,90,0,90,215
08/16/2001,LAF,IN,AGL,CE,Towers with Display (VFR),0,6,29,0,35,0,0,21,0,21,0,6,50,0,56,42,0,42,98
08/17/2001,LAF,IN,AGL,CE,Towers with Display (VFR),0,5,27,0,32,0,0,179,0,179,0,5,206,0,211,204,0,204,415
08/18/2001,LAF,IN,AGL,CE,Towers with Display (VFR),0,2,18,0,20,0,0,50,0,50,0,2,68,0,70,94,0,94,164
08/19/2001,LAF,IN,AGL,CE,Towers with Display (VFR),0,4,23,0,27,0,0,33,0,33,0,4,56,0,60,66,0,66,126
08/20/2001,LAF,IN,AGL,CE,Towers with Display (VFR),0,5,15,0,20,0,0,94,0,94,0,5,109,0,114,142,0,142,256
08/21/2001,LAF,IN,AGL,CE,Towers with Display (VFR),0,6,27,0,33,0,0,119,0,119,0,6,146,0,152,148,0,148,300
08/22/2001,LAF,IN,AGL,CE,Towers with Display (VFR),0,4,19,0,23,0,0,178,0,178,0,4,197,0,201,204,0,204,405
08/23/2001,LAF,IN,AGL,CE,Towers with Display (VFR),0,5,37,0,42,0,0,104,0,104,0,5,141,0,146,263,0,263,409
08/24/2001,LAF,IN,AGL,CE,Towers with Display (VFR),0,3,37,0,40,0,0,80,0,80,0,3,117,0,120,240,0,240,360
08/25/2001,LAF,IN,AGL,CE,Towers with Display (VFR),0,2,14,0,16,0,0,70,0,70,0,2,84,0,86,226,0,226,312
08/26/2001,LAF,IN,AGL,CE,Towers with Display (VFR),0,6,16,0,22,0,0,79,0,79,0,6,95,0,101,122,0,122,223
08/27/2001,LAF,IN,AGL,CE,Towers with Display (VFR),0,3,31,0,34,0,0,244,0,244,0,3,275,0,278,606,0,606,884
08/28/2001,LAF,IN,AGL,CE,Towers with Display (VFR),0,7,36,0,43,0,0,265,0,265,0,7,301,0,308,508,0,508,816
08/29/2001,LAF,IN,AGL,CE,Towers with Display (VFR),0,3,36,0,39,0,0,274,0,274,0,3,310,0,313,522,0,522,835
08/30/2001,LAF,IN,AGL,CE,Towers with Display (VFR),0,1,32,0,33,0,0,126,0,126,0,1,158,0,159,198,0,198,357
08/31/2001,LAF,IN,AGL,CE,Towers with Display (VFR),0,4,45,0,49,0,0,135,0,135,0,4,180,0,184,228,0,228,412
09/01/2001,LAF,IN,AGL,CE,Towers with Display (VFR),0,2,20,0,22,0,0,186,0,186,0,2,206,0,208,304,0,304,512
09/02/2001,LAF,IN,AGL,CE,Towers with Display (VFR),0,3,17,0,20,0,0,137,0,137,0,3,154,0,157,144,0,144,301
09/03/2001,LAF,IN,AGL,CE,Towers with Display (VFR),0,3,27,0,30,0,0,143,0,143,0,3,170,0,173,188,0,188,361
09/04/2001,LAF,IN,AGL,CE,Towers with Display (VFR),0,3,39,0,42,0,0,198,0,198,0,3,237,0,240,428,0,428,668
09/05/2001,LAF,IN,AGL,CE,Towers with Display (VFR),0,7,48,0,55,0,0,232,0,232,0,7,280,0,287,523,0,523,810
09/06/2001,LAF,IN,AGL,CE,Towers with Display (VFR),0,3,58,0,61,0,0,243,0,243,0,3,301,0,304,510,0,510,814
09/07/2001,LAF,IN,AGL,CE,Towers with Display (VFR),0,1,37,0,38,0,0,103,0,103,0,1,140,0,141,212,0,212,353
09/08/2001,LAF,IN,AGL,CE,Towers with Display (VFR),0,2,26,0,28,0,0,55,0,55,0,2,81,0,83,112,0,112,195
09/09/2001,LAF,IN,AGL,CE,Towers with Display (VFR),0,0,9,0,9,0,1,16,0,17,0,1,25,0,26,26,0,26,52
09/10/2001,LAF,IN,AGL,CE,Towers with Display (VFR),0,3,63,1,67,0,0,221,0,221,0,3,284,1,288,594,0,594,882
09/11/2001,LAF,IN,AGL,CE,Towers with Display (VFR),0,1,12,0,13,0,0,29,0,29,0,1,41,0,42,54,0,54,96
09/12/2001,LAF,IN,AGL,CE,Towers with Display (VFR),0,0,0,0,0,0,0,0,0,0,0,0,0,0,0,0,0,0,0
09/13/2001,LAF,IN,AGL,CE,Towers with Display (VFR),0,0,0,0,0,0,0,0,0,0,0,0,0,0,0,0,0,0,0
09/14/2001,LAF,IN,AGL,CE,Towers with Display (VFR),0,1,2,1,4,0,0,0,0,0,0,1,2,1,4,0,0,0,4
09/15/2001,LAF,IN,AGL,CE,Towers with Display (VFR),0,3,11,0,14,0,0,0,0,0,0,3,11,0,14,0,0,0,14
09/16/2001,LAF,IN,AGL,CE,Towers with Display (VFR),0,6,22,0,28,0,0,0,0,0,0,6,22,0,28,0,0,0,28
09/17/2001,LAF,IN,AGL,CE,Towers with Display (VFR),0,5,28,0,33,0,0,0,0,0,0,5,28,0,33,0,0,0,33
09/18/2001,LAF,IN,AGL,CE,Towers with Display (VFR),0,2,27,0,29,0,0,0,0,0,0,2,27,0,29,0,0,0,29
09/19/2001,LAF,IN,AGL,CE,Towers with Display (VFR),0,6,14,0,20,0,0,0,0,0,0,6,14,0,20,0,0,0,20
09/20/2001,LAF,IN,AGL,CE,Towers with Display (VFR),0,3,64,0,67,0,0,26,0,26,0,3,90,0,93,0,0,0,93
09/21/2001,LAF,IN,AGL,CE,Towers with Display (VFR),0,3,61,0,64,0,0,34,0,34,0,3,95,0,98,6,0,6,104
09/22/2001,LAF,IN,AGL,CE,Towers with Display (VFR),0,4,42,0,46,0,3,76,0,79,0,7,118,0,125,46,0,46,171
09/23/2001,LAF,IN,AGL,CE,Towers with Display (VFR),0,4,18,1,23,0,0,54,0,54,0,4,72,1,77,84,0,84,161
09/24/2001,LAF,IN,AGL,CE,Towers with Display (VFR),0,3,39,0,42,0,0,99,0,99,0,3,138,0,141,284,0,284,425
09/25/2001,LAF,IN,AGL,CE,Towers with Display (VFR),0,5,55,0,60,0,0,224,0,224,0,5,279,0,284,742,0,742,1026
09/26/2001,LAF,IN,AGL,CE,Towers with Display (VFR),0,6,58,0,64,0,0,250,0,250,0,6,308,0,314,558,0,558,872
09/27/2001,LAF,IN,AGL,CE,Towers with Display (VFR),0,2,102,0,104,0,0,275,0,275,0,2,377,0,379,654,0,654,1033
09/28/2001,LAF,IN,AGL,CE,Towers with Display (VFR),2,3,76,0,81,0,0,235,0,235,2,3,311,0,316,768,0,768,1084
09/29/2001,LAF,IN,AGL,CE,Towers with Display (VFR),2,3,48,0,53,0,0,196,0,196,2,3,244,0,249,516,0,516,765
09/30/2001,LAF,IN,AGL,CE,Towers with Display (VFR),0,3,36,0,39,0,0,149,0,149,0,3,185,0,188,76,0,76,264
10/01/2001,LAF,IN,AGL,CE,Towers with Display (VFR),0,3,76,0,79,0,0,270,0,270,0,3,346,0,349,1100,0,1100,1449
10/02/2001,LAF,IN,AGL,CE,Towers with Display (VFR),0,3,77,0,80,0,0,311,0,311,0,3,388,0,391,920,0,920,1311
10/03/2001,LAF,IN,AGL,CE,Towers with Display (VFR),0,3,62,1,66,0,0,153,0,153,0,3,215,1,219,384,0,384,603
10/04/2001,LAF,IN,AGL,CE,Towers with Display (VFR),0,3,74,0,77,0,0,223,0,223,0,3,297,0,300,497,0,497,797
10/05/2001,LAF,IN,AGL,CE,Towers with Display (VFR),0,6,53,0,59,0,0,1,0,1,0,6,54,0,60,4,0,4,64
10/06/2001,LAF,IN,AGL,CE,Towers with Display (VFR),2,4,57,0,63,0,0,118,0,118,2,4,175,0,181,66,0,66,247
10/07/2001,LAF,IN,AGL,CE,Towers with Display (VFR),0,3,24,0,27,0,0,110,0,110,0,3,134,0,137,192,0,192,329
10/08/2001,LAF,IN,AGL,CE,Towers with Display (VFR),0,3,37,0,40,0,0,100,0,100,0,3,137,0,140,130,0,130,270
10/09/2001,LAF,IN,AGL,CE,Towers with Display (VFR),0,3,45,0,48,0,0,81,0,81,0,3,126,0,129,66,0,66,195
10/10/2001,LAF,IN,AGL,CE,Towers with Display (VFR),0,3,31,0,34,0,0,23,0,23,0,3,54,0,57,26,0,26,83
10/11/2001,LAF,IN,AGL,CE,Towers with Display (VFR),0,5,58,0,63,0,0,0,0,0,0,5,58,0,63,2,0,2,65
10/12/2001,LAF,IN,AGL,CE,Towers with Display (VFR),2,3,49,0,54,0,0,0,0,0,2,3,49,0,54,0,0,0,54
10/13/2001,LAF,IN,AGL,CE,Towers with Display (VFR),2,3,15,0,20,0,0,8,0,8,2,3,23,0,28,46,0,46,74
10/14/2001,LAF,IN,AGL,CE,Towers with Display (VFR),0,6,21,0,27,0,0,73,0,73,0,6,94,0,100,228,0,228,328
10/15/2001,LAF,IN,AGL,CE,Towers with Display (VFR),0,3,69,0,72,0,0,199,0,199,0,3,268,0,271,520,0,520,791
10/16/2001,LAF,IN,AGL,CE,Towers with Display (VFR),0,3,29,0,32,0,0,46,0,46,0,3,75,0,78,206,0,206,284
10/17/2001,LAF,IN,AGL,CE,Towers with Display (VFR),0,8,61,5,74,0,0,261,0,261,0,8,322,5,335,592,0,592,927
10/18/2001,LAF,IN,AGL,CE,Towers with Display (VFR),0,3,59,0,62,0,0,243,0,243,0,3,302,0,305,695,0,695,1000
10/19/2001,LAF,IN,AGL,CE,Towers with Display (VFR),0,5,50,2,57,0,0,158,0,158,0,5,208,2,215,458,0,458,673
10/20/2001,LAF,IN,AGL,CE,Towers with Display (VFR),0,2,30,1,33,0,0,171,0,171,0,2,201,1,204,380,0,380,584
10/21/2001,LAF,IN,AGL,CE,Towers with Display (VFR),0,5,26,0,31,0,0,78,0,78,0,5,104,0,109,198,0,198,307
10/22/2001,LAF,IN,AGL,CE,Towers with Display (VFR),0,4,43,0,47,0,0,147,0,147,0,4,190,0,194,404,0,404,598
10/23/2001,LAF,IN,AGL,CE,Towers with Display (VFR),0,3,33,0,36,0,0,70,0,70,0,3,103,0,106,456,0,456,562
10/24/2001,LAF,IN,AGL,CE,Towers with Display (VFR),0,1,28,0,29,0,0,30,0,30,0,1,58,0,59,126,0,126,185
10/25/2001,LAF,IN,AGL,CE,Towers with Display (VFR),0,7,20,0,27,0,0,4,0,4,0,7,24,0,31,4,0,4,35
10/26/2001,LAF,IN,AGL,CE,Towers with Display (VFR),0,5,26,1,32,0,0,71,0,71,0,5,97,1,103,106,0,106,209
10/27/2001,LAF,IN,AGL,CE,Towers with Display (VFR),0,7,49,0,56,0,0,138,0,138,0,7,187,0,194,208,0,208,402
10/28/2001,LAF,IN,AGL,CE,Towers with Display (VFR),0,3,47,2,52,0,0,182,0,182,0,3,229,2,234,254,0,254,488
10/29/2001,LAF,IN,AGL,CE,Towers with Display (VFR),0,3,55,0,58,0,0,233,0,233,0,3,288,0,291,590,0,590,881
10/30/2001,LAF,IN,AGL,CE,Towers with Display (VFR),0,3,70,0,73,0,0,228,0,228,0,3,298,0,301,613,0,613,914
10/31/2001,LAF,IN,AGL,CE,Towers with Display (VFR),0,3,55,0,58,0,0,222,0,222,0,3,277,0,280,516,0,516,796
11/01/2001,LAF,IN,AGL,CE,Towers with Display (VFR),0,5,49,0,54,0,0,102,0,102,0,5,151,0,156,164,0,164,320
11/02/2001,LAF,IN,AGL,CE,Towers with Display (VFR),0,4,45,0,49,0,0,125,0,125,0,4,170,0,174,304,0,304,478
11/03/2001,LAF,IN,AGL,CE,Towers with Display (VFR),0,5,61,0,66,0,0,240,0,240,0,5,301,0,306,116,0,116,422
11/04/2001,LAF,IN,AGL,CE,Towers with Display (VFR),0,6,48,0,54,0,0,169,0,169,0,6,217,0,223,124,0,124,347
11/05/2001,LAF,IN,AGL,CE,Towers with Display (VFR),0,7,66,0,73,0,0,177,0,177,0,7,243,0,250,472,0,472,722
11/06/2001,LAF,IN,AGL,CE,Towers with Display (VFR),0,6,75,0,81,0,0,271,0,271,0,6,346,0,352,480,0,480,832
11/07/2001,LAF,IN,AGL,CE,Towers with Display (VFR),0,7,44,0,51,0,0,236,0,236,0,7,280,0,287,428,0,428,715
11/08/2001,LAF,IN,AGL,CE,Towers with Display (VFR),2,3,45,0,50,0,0,111,0,111,2,3,156,0,161,208,0,208,369
11/09/2001,LAF,IN,AGL,CE,Towers with Display (VFR),2,5,55,0,62,0,0,206,0,206,2,5,261,0,268,464,0,464,732
11/10/2001,LAF,IN,AGL,CE,Towers with Display (VFR),2,2,38,0,42,0,0,140,0,140,2,2,178,0,182,246,0,246,428
11/11/2001,LAF,IN,AGL,CE,Towers with Display (VFR),0,5,25,0,30,0,0,166,0,166,0,5,191,0,196,180,0,180,376
11/12/2001,LAF,IN,AGL,CE,Towers with Display (VFR),0,3,46,0,49,0,0,202,0,202,0,3,248,0,251,410,0,410,661
11/13/2001,LAF,IN,AGL,CE,Towers with Display (VFR),0,6,77,0,83,0,0,166,0,166,0,6,243,0,249,278,0,278,527
11/14/2001,LAF,IN,AGL,CE,Towers with Display (VFR),0,3,45,0,48,0,0,198,0,198,0,3,243,0,246,323,0,323,569
11/15/2001,LAF,IN,AGL,CE,Towers with Display (VFR),0,7,69,0,76,0,0,244,0,244,0,7,313,0,320,463,0,463,783
11/16/2001,LAF,IN,AGL,CE,Towers with Display (VFR),2,3,54,0,59,0,0,121,0,121,2,3,175,0,180,292,0,292,472
11/17/2001,LAF,IN,AGL,CE,Towers with Display (VFR),2,2,31,0,35,0,0,0,0,0,2,2,31,0,35,2,0,2,37
11/18/2001,LAF,IN,AGL,CE,Towers with Display (VFR),0,4,37,0,41,0,0,28,0,28,0,4,65,0,69,92,0,92,161
11/19/2001,LAF,IN,AGL,CE,Towers with Display (VFR),0,3,44,0,47,0,0,65,0,65,0,3,109,0,112,280,0,280,392
11/20/2001,LAF,IN,AGL,CE,Towers with Display (VFR),0,3,63,0,66,0,0,201,0,201,0,3,264,0,267,362,0,362,629
11/21/2001,LAF,IN,AGL,CE,Towers with Display (VFR),0,6,19,0,25,0,0,67,0,67,0,6,86,0,92,100,0,100,192
11/22/2001,LAF,IN,AGL,CE,Towers with Display (VFR),0,2,4,0,6,0,0,33,0,33,0,2,37,0,39,0,0,0,39
11/23/2001,LAF,IN,AGL,CE,Towers with Display (VFR),0,3,24,0,27,0,0,56,0,56,0,3,80,0,83,16,0,16,99
11/24/2001,LAF,IN,AGL,CE,Towers with Display (VFR),0,4,4,0,8,0,0,1,0,1,0,4,5,0,9,0,0,0,9
11/25/2001,LAF,IN,AGL,CE,Towers with Display (VFR),0,6,22,0,28,0,0,28,0,28,0,6,50,0,56,8,0,8,64
11/26/2001,LAF,IN,AGL,CE,Towers with Display (VFR),0,5,44,0,49,0,0,155,0,155,0,5,199,0,204,326,0,326,530
11/27/2001,LAF,IN,AGL,CE,Towers with Display (VFR),0,3,42,0,45,0,0,100,0,100,0,3,142,0,145,224,0,224,369
11/28/2001,LAF,IN,AGL,CE,Towers with Display (VFR),0,3,24,0,27,0,0,3,0,3,0,3,27,0,30,0,0,0,30
11/29/2001,LAF,IN,AGL,CE,Towers with Display (VFR),0,5,36,0,41,0,0,0,0,0,0,5,36,0,41,0,0,0,41
11/30/2001,LAF,IN,AGL,CE,Towers with Display (VFR),0,5,28,3,36,0,0,0,0,0,0,5,28,3,36,2,0,2,38
12/01/2001,LAF,IN,AGL,CE,Towers with Display (VFR),0,4,34,0,38,0,0,121,0,121,0,4,155,0,159,264,0,264,423
12/02/2001,LAF,IN,AGL,CE,Towers with Display (VFR),0,3,37,0,40,0,0,163,0,163,0,3,200,0,203,238,0,238,441
12/03/2001,LAF,IN,AGL,CE,Towers with Display (VFR),0,3,58,0,61,0,0,208,0,208,0,3,266,0,269,478,0,478,747
12/04/2001,LAF,IN,AGL,CE,Towers with Display (VFR),0,3,48,0,51,0,0,194,0,194,0,3,242,0,245,398,0,398,643
12/05/2001,LAF,IN,AGL,CE,Towers with Display (VFR),0,5,42,0,47,0,0,136,0,136,0,5,178,0,183,265,0,265,448
12/06/2001,LAF,IN,AGL,CE,Towers with Display (VFR),0,5,53,0,58,0,0,174,0,174,0,5,227,0,232,400,0,400,632
12/07/2001,LAF,IN,AGL,CE,Towers with Display (VFR),0,3,22,0,25,0,0,0,0,0,0,3,22,0,25,0,0,0,25
12/08/2001,LAF,IN,AGL,CE,Towers with Display (VFR),0,2,14,0,16,0,0,5,0,5,0,2,19,0,21,14,0,14,35
12/09/2001,LAF,IN,AGL,CE,Towers with Display (VFR),0,3,29,0,32,0,0,169,0,169,0,3,198,0,201,302,0,302,503
12/10/2001,LAF,IN,AGL,CE,Towers with Display (VFR),0,5,38,0,43,0,0,219,0,219,0,5,257,0,262,422,0,422,684
12/11/2001,LAF,IN,AGL,CE,Towers with Display (VFR),0,4,57,0,61,0,0,203,0,203,0,4,260,0,264,396,0,396,660
12/12/2001,LAF,IN,AGL,CE,Towers with Display (VFR),0,3,29,0,32,0,0,0,0,0,0,3,29,0,32,0,0,0,32
12/13/2001,LAF,IN,AGL,CE,Towers with Display (VFR),0,7,19,0,26,0,0,16,0,16,0,7,35,0,42,34,0,34,76
12/14/2001,LAF,IN,AGL,CE,Towers with Display (VFR),0,3,17,0,20,0,0,0,0,0,0,3,17,0,20,0,0,0,20
12/15/2001,LAF,IN,AGL,CE,Towers with Display (VFR),0,2,35,0,37,0,0,1,0,1,0,2,36,0,38,4,0,4,42
12/16/2001,LAF,IN,AGL,CE,Towers with Display (VFR),0,3,25,0,28,0,0,4,0,4,0,3,29,0,32,2,0,2,34
12/17/2001,LAF,IN,AGL,CE,Towers with Display (VFR),0,3,23,0,26,0,0,0,0,0,0,3,23,0,26,0,0,0,26
12/18/2001,LAF,IN,AGL,CE,Towers with Display (VFR),0,3,45,0,48,0,0,76,0,76,0,3,121,0,124,110,0,110,234
12/19/2001,LAF,IN,AGL,CE,Towers with Display (VFR),0,3,34,0,37,0,0,57,0,57,0,3,91,0,94,108,0,108,202
12/20/2001,LAF,IN,AGL,CE,Towers with Display (VFR),0,4,41,0,45,0,0,144,0,144,0,4,185,0,189,186,0,186,375
12/21/2001,LAF,IN,AGL,CE,Towers with Display (VFR),0,4,33,0,37,0,0,160,0,160,0,4,193,0,197,278,0,278,475
12/22/2001,LAF,IN,AGL,CE,Towers with Display (VFR),0,2,15,0,17,0,0,31,0,31,0,2,46,0,48,30,0,30,78
12/23/2001,LAF,IN,AGL,CE,Towers with Display (VFR),0,3,4,0,7,0,0,0,0,0,0,3,4,0,7,0,0,0,7
12/24/2001,LAF,IN,AGL,CE,Towers with Display (VFR),0,3,16,0,19,0,0,2,0,2,0,3,18,0,21,24,0,24,45
12/25/2001,LAF,IN,AGL,CE,Towers with Display (VFR),4,3,2,0,9,0,0,13,0,13,4,3,15,0,22,12,0,12,34
12/26/2001,LAF,IN,AGL,CE,Towers with Display (VFR),0,5,20,0,25,0,0,25,0,25,0,5,45,0,50,34,0,34,84
12/27/2001,LAF,IN,AGL,CE,Towers with Display (VFR),0,3,16,0,19,0,0,33,0,33,0,3,49,0,52,10,0,10,62
12/28/2001,LAF,IN,AGL,CE,Towers with Display (VFR),0,3,3,2,8,0,0,17,0,17,0,3,20,2,25,14,0,14,39
12/29/2001,LAF,IN,AGL,CE,Towers with Display (VFR),3,2,14,0,19,0,0,12,0,12,3,2,26,0,31,2,0,2,33
12/30/2001,LAF,IN,AGL,CE,Towers with Display (VFR),0,3,7,0,10,0,0,35,0,35,0,3,42,0,45,26,0,26,71
12/31/2001,LAF,IN,AGL,CE,Towers with Display (VFR),0,4,6,0,10,0,0,29,0,29,0,4,35,0,39,42,0,42,81
01/01/2002,LAF,IN,AGL,CE,Towers with Display (VFR),4,5,3,0,12,0,0,17,0,17,4,5,20,0,29,12,0,12,41
01/02/2002,LAF,IN,AGL,CE,Towers with Display (VFR),0,6,19,0,25,0,0,52,0,52,0,6,71,0,77,140,0,140,217
01/03/2002,LAF,IN,AGL,CE,Towers with Display (VFR),0,6,28,2,36,0,0,82,0,82,0,6,110,2,118,94,0,94,212
01/04/2002,LAF,IN,AGL,CE,Towers with Display (VFR),0,5,18,0,23,0,0,46,0,46,0,5,64,0,69,104,0,104,173
01/05/2002,LAF,IN,AGL,CE,Towers with Display (VFR),0,2,17,0,19,0,0,57,0,57,0,2,74,0,76,190,0,190,266
01/06/2002,LAF,IN,AGL,CE,Towers with Display (VFR),0,3,15,0,18,0,0,15,0,15,0,3,30,0,33,52,0,52,85
01/07/2002,LAF,IN,AGL,CE,Towers with Display (VFR),0,6,27,0,33,0,0,88,0,88,0,6,115,0,121,128,0,128,249
01/08/2002,LAF,IN,AGL,CE,Towers with Display (VFR),0,3,23,0,26,0,0,99,0,99,0,3,122,0,125,154,0,154,279
01/09/2002,LAF,IN,AGL,CE,Towers with Display (VFR),0,2,30,0,32,0,0,149,0,149,0,2,179,0,181,240,0,240,421
01/10/2002,LAF,IN,AGL,CE,Towers with Display (VFR),0,3,23,2,28,0,0,170,0,170,0,3,193,2,198,408,0,408,606
01/11/2002,LAF,IN,AGL,CE,Towers with Display (VFR),0,5,21,0,26,0,0,152,0,152,0,5,173,0,178,396,0,396,574
01/12/2002,LAF,IN,AGL,CE,Towers with Display (VFR),0,5,20,0,25,0,0,145,0,145,0,5,165,0,170,350,0,350,520
01/13/2002,LAF,IN,AGL,CE,Towers with Display (VFR),0,4,29,0,33,0,0,140,0,140,0,4,169,0,173,200,0,200,373
01/14/2002,LAF,IN,AGL,CE,Towers with Display (VFR),0,3,17,1,21,0,0,105,1,106,0,3,122,2,127,184,0,184,311
01/15/2002,LAF,IN,AGL,CE,Towers with Display (VFR),0,5,27,5,37,0,0,144,0,144,0,5,171,5,181,369,0,369,550
01/16/2002,LAF,IN,AGL,CE,Towers with Display (VFR),0,7,22,0,29,0,0,176,0,176,0,7,198,0,205,432,0,432,637
01/17/2002,LAF,IN,AGL,CE,Towers with Display (VFR),0,3,29,2,34,0,0,187,0,187,0,3,216,2,221,540,0,540,761
01/18/2002,LAF,IN,AGL,CE,Towers with Display (VFR),0,6,41,0,47,0,0,177,0,177,0,6,218,0,224,362,0,362,586
01/19/2002,LAF,IN,AGL,CE,Towers with Display (VFR),0,2,34,0,36,0,0,138,0,138,0,2,172,0,174,368,0,368,542
01/20/2002,LAF,IN,AGL,CE,Towers with Display (VFR),0,5,27,2,34,0,0,57,0,57,0,5,84,2,91,172,0,172,263
01/21/2002,LAF,IN,AGL,CE,Towers with Display (VFR),0,4,24,0,28,0,0,77,0,77,0,4,101,0,105,70,0,70,175
01/22/2002,LAF,IN,AGL,CE,Towers with Display (VFR),0,5,28,0,33,0,0,168,0,168,0,5,196,0,201,316,0,316,517
01/23/2002,LAF,IN,AGL,CE,Towers with Display (VFR),0,4,43,0,47,0,0,0,0,0,0,4,43,0,47,4,0,4,51
01/24/2002,LAF,IN,AGL,CE,Towers with Display (VFR),0,3,24,0,27,0,0,135,0,135,0,3,159,0,162,348,0,348,510
01/25/2002,LAF,IN,AGL,CE,Towers with Display (VFR),0,5,35,0,40,0,0,232,0,232,0,5,267,0,272,302,0,302,574
01/26/2002,LAF,IN,AGL,CE,Towers with Display (VFR),0,6,39,0,45,0,0,219,0,219,0,6,258,0,264,184,0,184,448
01/27/2002,LAF,IN,AGL,CE,Towers with Display (VFR),0,5,19,0,24,0,0,149,0,149,0,5,168,0,173,154,0,154,327
01/28/2002,LAF,IN,AGL,CE,Towers with Display (VFR),0,3,61,0,64,0,0,202,0,202,0,3,263,0,266,500,0,500,766
01/29/2002,LAF,IN,AGL,CE,Towers with Display (VFR),0,10,25,0,35,0,0,30,0,30,0,10,55,0,65,116,0,116,181
01/30/2002,LAF,IN,AGL,CE,Towers with Display (VFR),0,3,11,0,14,0,4,0,0,4,0,7,11,0,18,0,0,0,18
01/31/2002,LAF,IN,AGL,CE,Towers with Display (VFR),0,6,12,0,18,0,0,0,0,0,0,6,12,0,18,0,0,0,18
02/01/2002,LAF,IN,AGL,CE,Towers with Display (VFR),0,2,23,0,25,0,1,26,0,27,0,3,49,0,52,48,0,48,100
02/02/2002,LAF,IN,AGL,CE,Towers with Display (VFR),0,4,46,0,50,0,0,203,0,203,0,4,249,0,253,340,0,340,593
02/03/2002,LAF,IN,AGL,CE,Towers with Display (VFR),0,3,23,0,26,0,0,125,0,125,0,3,148,0,151,116,0,116,267
02/04/2002,LAF,IN,AGL,CE,Towers with Display (VFR),0,3,39,3,45,0,0,158,0,158,0,3,197,3,203,580,0,580,783
02/05/2002,LAF,IN,AGL,CE,Towers with Display (VFR),0,3,53,0,56,0,0,206,0,206,0,3,259,0,262,470,0,470,732
02/06/2002,LAF,IN,AGL,CE,Towers with Display (VFR),0,3,43,0,46,0,0,249,0,249,0,3,292,0,295,638,0,638,933
02/07/2002,LAF,IN,AGL,CE,Towers with Display (VFR),0,3,46,0,49,0,0,127,0,127,0,3,173,0,176,212,0,212,388
02/08/2002,LAF,IN,AGL,CE,Towers with Display (VFR),0,3,54,0,57,0,0,160,0,160,0,3,214,0,217,284,0,284,501
02/09/2002,LAF,IN,AGL,CE,Towers with Display (VFR),0,3,37,0,40,0,0,188,0,188,0,3,225,0,228,215,0,215,443
02/10/2002,LAF,IN,AGL,CE,Towers with Display (VFR),0,1,8,0,9,0,0,9,0,9,0,1,17,0,18,28,0,28,46
02/11/2002,LAF,IN,AGL,CE,Towers with Display (VFR),0,5,58,0,63,0,0,165,0,165,0,5,223,0,228,58,0,58,286
02/12/2002,LAF,IN,AGL,CE,Towers with Display (VFR),0,3,50,0,53,0,0,114,0,114,0,3,164,0,167,212,0,212,379
02/13/2002,LAF,IN,AGL,CE,Towers with Display (VFR),0,4,68,0,72,0,0,210,0,210,0,4,278,0,282,572,0,572,854
02/14/2002,LAF,IN,AGL,CE,Towers with Display (VFR),0,5,66,0,71,0,0,195,0,195,0,5,261,0,266,494,0,494,760
02/15/2002,LAF,IN,AGL,CE,Towers with Display (VFR),0,3,44,0,47,0,0,97,0,97,0,3,141,0,144,192,0,192,336
02/16/2002,LAF,IN,AGL,CE,Towers with Display (VFR),0,3,36,0,39,0,0,101,0,101,0,3,137,0,140,142,0,142,282
02/17/2002,LAF,IN,AGL,CE,Towers with Display (VFR),0,3,13,0,16,0,0,135,0,135,0,3,148,0,151,124,0,124,275
02/18/2002,LAF,IN,AGL,CE,Towers with Display (VFR),0,8,51,0,59,0,0,211,0,211,0,8,262,0,270,366,0,366,636
02/19/2002,LAF,IN,AGL,CE,Towers with Display (VFR),0,3,21,0,24,0,0,8,0,8,0,3,29,0,32,14,0,14,46
02/20/2002,LAF,IN,AGL,CE,Towers with Display (VFR),0,3,30,0,33,0,0,7,0,7,0,3,37,0,40,20,0,20,60
02/21/2002,LAF,IN,AGL,CE,Towers with Display (VFR),0,3,23,0,26,0,0,30,0,30,0,3,53,0,56,54,0,54,110
02/22/2002,LAF,IN,AGL,CE,Towers with Display (VFR),0,3,59,0,62,0,0,180,2,182,0,3,239,2,244,434,0,434,678
02/23/2002,LAF,IN,AGL,CE,Towers with Display (VFR),0,2,60,0,62,0,0,193,0,193,0,2,253,0,255,262,0,262,517
02/24/2002,LAF,IN,AGL,CE,Towers with Display (VFR),0,3,12,0,15,0,0,96,0,96,0,3,108,0,111,92,0,92,203
02/25/2002,LAF,IN,AGL,CE,Towers with Display (VFR),0,3,14,0,17,0,0,34,0,34,0,3,48,0,51,80,0,80,131
02/26/2002,LAF,IN,AGL,CE,Towers with Display (VFR),0,1,5,0,6,0,0,0,0,0,0,1,5,0,6,0,0,0,6
02/27/2002,LAF,IN,AGL,CE,Towers with Display (VFR),0,3,11,0,14,0,0,10,0,10,0,3,21,0,24,94,0,94,118
02/28/2002,LAF,IN,AGL,CE,Towers with Display (VFR),0,3,83,0,86,0,0,196,0,196,0,3,279,0,282,442,0,442,724
03/01/2002,LAF,IN,AGL,CE,Towers with Display (VFR),2,2,52,0,56,0,1,161,0,162,2,3,213,0,218,350,0,350,568
03/02/2002,LAF,IN,AGL,CE,Towers with Display (VFR),0,1,7,0,8,0,2,2,0,4,0,3,9,0,12,32,0,32,44
03/03/2002,LAF,IN,AGL,CE,Towers with Display (VFR),0,4,13,0,17,0,1,9,0,10,0,5,22,0,27,20,0,20,47
03/04/2002,LAF,IN,AGL,CE,Towers with Display (VFR),0,1,62,0,63,0,0,189,0,189,0,1,251,0,252,408,0,408,660
03/05/2002,LAF,IN,AGL,CE,Towers with Display (VFR),0,3,67,0,70,0,0,236,0,236,0,3,303,0,306,574,0,574,880
03/06/2002,LAF,IN,AGL,CE,Towers with Display (VFR),0,5,62,0,67,0,0,221,0,221,0,5,283,0,288,532,0,532,820
03/07/2002,LAF,IN,AGL,CE,Towers with Display (VFR),0,2,83,0,85,0,0,120,0,120,0,2,203,0,205,424,0,424,629
03/08/2002,LAF,IN,AGL,CE,Towers with Display (VFR),0,4,19,0,23,0,0,23,0,23,0,4,42,0,46,50,0,50,96
03/09/2002,LAF,IN,AGL,CE,Towers with Display (VFR),0,1,7,0,8,0,0,0,0,0,0,1,7,0,8,0,0,0,8
03/10/2002,LAF,IN,AGL,CE,Towers with Display (VFR),0,3,13,0,16,0,0,27,0,27,0,3,40,0,43,64,0,64,107
03/11/2002,LAF,IN,AGL,CE,Towers with Display (VFR),0,3,25,0,28,0,0,69,0,69,0,3,94,0,97,86,0,86,183
03/12/2002,LAF,IN,AGL,CE,Towers with Display (VFR),0,5,30,0,35,0,0,29,0,29,0,5,59,0,64,86,0,86,150
03/13/2002,LAF,IN,AGL,CE,Towers with Display (VFR),0,3,31,0,34,0,0,82,0,82,0,3,113,0,116,136,0,136,252
03/14/2002,LAF,IN,AGL,CE,Towers with Display (VFR),3,5,21,0,29,0,0,52,0,52,3,5,73,0,81,56,0,56,137
03/15/2002,LAF,IN,AGL,CE,Towers with Display (VFR),0,3,16,0,19,0,0,17,0,17,0,3,33,0,36,2,0,2,38
03/16/2002,LAF,IN,AGL,CE,Towers with Display (VFR),2,2,23,0,27,0,0,81,0,81,2,2,104,0,108,252,0,252,360
03/17/2002,LAF,IN,AGL,CE,Towers with Display (VFR),0,1,32,0,33,0,3,25,0,28,0,4,57,0,61,40,0,40,101
03/18/2002,LAF,IN,AGL,CE,Towers with Display (VFR),1,5,29,0,35,0,0,114,0,114,1,5,143,0,149,392,0,392,541
03/19/2002,LAF,IN,AGL,CE,Towers with Display (VFR),0,7,59,0,66,0,0,60,0,60,0,7,119,0,126,168,0,168,294
03/20/2002,LAF,IN,AGL,CE,Towers with Display (VFR),0,3,14,0,17,0,0,20,0,20,0,3,34,0,37,226,0,226,263
03/21/2002,LAF,IN,AGL,CE,Towers with Display (VFR),0,4,8,0,12,0,0,30,0,30,0,4,38,0,42,36,0,36,78
03/22/2002,LAF,IN,AGL,CE,Towers with Display (VFR),0,7,46,1,54,0,0,179,0,179,0,7,225,1,233,190,0,190,423
03/23/2002,LAF,IN,AGL,CE,Towers with Display (VFR),0,8,53,0,61,0,0,175,0,175,0,8,228,0,236,290,0,290,526
03/24/2002,LAF,IN,AGL,CE,Towers with Display (VFR),0,7,21,0,28,0,0,15,0,15,0,7,36,0,43,42,0,42,85
03/25/2002,LAF,IN,AGL,CE,Towers with Display (VFR),0,3,6,0,9,0,0,0,0,0,0,3,6,0,9,0,0,0,9
03/26/2002,LAF,IN,AGL,CE,Towers with Display (VFR),0,4,7,0,11,0,0,8,0,8,0,4,15,0,19,0,0,0,19
03/27/2002,LAF,IN,AGL,CE,Towers with Display (VFR),0,3,66,0,69,0,0,168,0,168,0,3,234,0,237,109,0,109,346
03/28/2002,LAF,IN,AGL,CE,Towers with Display (VFR),0,2,56,0,58,0,0,172,0,172,0,2,228,0,230,234,0,234,464
03/29/2002,LAF,IN,AGL,CE,Towers with Display (VFR),0,4,54,0,58,0,0,53,0,53,0,4,107,0,111,60,0,60,171
03/30/2002,LAF,IN,AGL,CE,Towers with Display (VFR),0,2,63,0,65,0,0,135,0,135,0,2,198,0,200,310,0,310,510
03/31/2002,LAF,IN,AGL,CE,Towers with Display (VFR),0,3,13,0,16,0,0,44,0,44,0,3,57,0,60,40,0,40,100
04/01/2002,LAF,IN,AGL,CE,Towers with Display (VFR),0,3,66,0,69,0,0,189,0,189,0,3,255,0,258,410,0,410,668
04/02/2002,LAF,IN,AGL,CE,Towers with Display (VFR),0,3,36,0,39,0,0,68,0,68,0,3,104,0,107,122,0,122,229
04/03/2002,LAF,IN,AGL,CE,Towers with Display (VFR),0,3,64,0,67,0,0,149,0,149,0,3,213,0,216,426,0,426,642
04/04/2002,LAF,IN,AGL,CE,Towers with Display (VFR),0,3,53,0,56,0,0,150,0,150,0,3,203,0,206,472,0,472,678
04/05/2002,LAF,IN,AGL,CE,Towers with Display (VFR),0,3,71,0,74,0,0,209,0,209,0,3,280,0,283,424,0,424,707
04/06/2002,LAF,IN,AGL,CE,Towers with Display (VFR),0,6,49,0,55,0,0,207,0,207,0,6,256,0,262,346,0,346,608
04/07/2002,LAF,IN,AGL,CE,Towers with Display (VFR),0,5,36,0,41,0,0,69,0,69,0,5,105,0,110,130,0,130,240
04/08/2002,LAF,IN,AGL,CE,Towers with Display (VFR),0,3,22,0,25,0,0,15,0,15,0,3,37,0,40,44,0,44,84
04/09/2002,LAF,IN,AGL,CE,Towers with Display (VFR),0,3,57,0,60,0,0,67,0,67,0,3,124,0,127,140,0,140,267
04/10/2002,LAF,IN,AGL,CE,Towers with Display (VFR),0,3,65,0,68,0,0,235,0,235,0,3,300,0,303,405,0,405,708
04/11/2002,LAF,IN,AGL,CE,Towers with Display (VFR),0,7,72,0,79,0,0,233,0,233,0,7,305,0,312,386,0,386,698
04/12/2002,LAF,IN,AGL,CE,Towers with Display (VFR),0,8,40,0,48,0,0,14,0,14,0,8,54,0,62,98,0,98,160
04/13/2002,LAF,IN,AGL,CE,Towers with Display (VFR),0,4,66,3,73,0,0,120,0,120,0,4,186,3,193,286,0,286,479
04/14/2002,LAF,IN,AGL,CE,Towers with Display (VFR),0,5,28,1,34,0,0,102,0,102,0,5,130,1,136,130,0,130,266
04/15/2002,LAF,IN,AGL,CE,Towers with Display (VFR),0,4,47,0,51,0,1,218,0,219,0,5,265,0,270,352,0,352,622
04/16/2002,LAF,IN,AGL,CE,Towers with Display (VFR),0,2,67,0,69,0,0,217,0,217,0,2,284,0,286,462,0,462,748
04/17/2002,LAF,IN,AGL,CE,Towers with Display (VFR),0,3,52,0,55,0,0,175,0,175,0,3,227,0,230,391,0,391,621
04/18/2002,LAF,IN,AGL,CE,Towers with Display (VFR),0,7,57,0,64,0,0,177,0,177,0,7,234,0,241,313,0,313,554
04/19/2002,LAF,IN,AGL,CE,Towers with Display (VFR),0,5,50,0,55,0,0,139,0,139,0,5,189,0,194,350,0,350,544
04/20/2002,LAF,IN,AGL,CE,Towers with Display (VFR),0,4,35,0,39,0,0,9,0,9,0,4,44,0,48,12,0,12,60
04/21/2002,LAF,IN,AGL,CE,Towers with Display (VFR),0,4,15,0,19,0,0,3,0,3,0,4,18,0,22,6,0,6,28
04/22/2002,LAF,IN,AGL,CE,Towers with Display (VFR),0,2,39,0,41,0,0,75,0,75,0,2,114,0,116,200,0,200,316
04/23/2002,LAF,IN,AGL,CE,Towers with Display (VFR),0,4,66,0,70,0,0,227,0,227,0,4,293,0,297,446,0,446,743
04/24/2002,LAF,IN,AGL,CE,Towers with Display (VFR),0,7,35,0,42,0,0,105,0,105,0,7,140,0,147,220,0,220,367
04/25/2002,LAF,IN,AGL,CE,Towers with Display (VFR),0,3,30,0,33,0,0,126,0,126,0,3,156,0,159,250,10,260,419
04/26/2002,LAF,IN,AGL,CE,Towers with Display (VFR),0,3,49,0,52,0,0,192,0,192,0,3,241,0,244,338,10,348,592
04/27/2002,LAF,IN,AGL,CE,Towers with Display (VFR),0,4,18,0,22,0,0,21,0,21,0,4,39,0,43,60,0,60,103
04/28/2002,LAF,IN,AGL,CE,Towers with Display (VFR),0,3,18,0,21,0,0,19,0,19,0,3,37,0,40,50,0,50,90
04/29/2002,LAF,IN,AGL,CE,Towers with Display (VFR),0,5,31,0,36,0,0,147,0,147,0,5,178,0,183,392,0,392,575
04/30/2002,LAF,IN,AGL,CE,Towers with Display (VFR),0,3,44,0,47,0,0,184,0,184,0,3,228,0,231,364,0,364,595
05/01/2002,LAF,IN,AGL,CE,Towers with Display (VFR),0,1,23,0,24,0,1,90,0,91,0,2,113,0,115,232,0,232,347
05/02/2002,LAF,IN,AGL,CE,Towers with Display (VFR),0,3,31,0,34,0,0,68,0,68,0,3,99,0,102,148,0,148,250
05/03/2002,LAF,IN,AGL,CE,Towers with Display (VFR),1,3,36,0,40,0,0,214,0,214,1,3,250,0,254,252,0,252,506
05/04/2002,LAF,IN,AGL,CE,Towers with Display (VFR),0,2,19,0,21,0,0,143,0,143,0,2,162,0,164,178,0,178,342
05/05/2002,LAF,IN,AGL,CE,Towers with Display (VFR),0,4,13,0,17,0,0,76,0,76,0,4,89,0,93,108,0,108,201
05/06/2002,LAF,IN,AGL,CE,Towers with Display (VFR),0,4,15,0,19,0,0,30,0,30,0,4,45,0,49,130,0,130,179
05/07/2002,LAF,IN,AGL,CE,Towers with Display (VFR),1,6,26,0,33,0,0,38,0,38,1,6,64,0,71,90,0,90,161
05/08/2002,LAF,IN,AGL,CE,Towers with Display (VFR),0,3,25,0,28,0,0,27,0,27,0,3,52,0,55,84,0,84,139
05/09/2002,LAF,IN,AGL,CE,Towers with Display (VFR),2,5,14,0,21,0,0,26,0,26,2,5,40,0,47,50,0,50,97
05/10/2002,LAF,IN,AGL,CE,Towers with Display (VFR),0,4,39,0,43,0,0,140,0,140,0,4,179,0,183,268,0,268,451
05/11/2002,LAF,IN,AGL,CE,Towers with Display (VFR),0,4,11,0,15,0,0,8,0,8,0,4,19,0,23,48,0,48,71
05/12/2002,LAF,IN,AGL,CE,Towers with Display (VFR),0,11,6,0,17,0,0,1,0,1,0,11,7,0,18,0,0,0,18
05/13/2002,LAF,IN,AGL,CE,Towers with Display (VFR),0,3,19,0,22,0,0,7,0,7,0,3,26,0,29,16,0,16,45
05/14/2002,LAF,IN,AGL,CE,Towers with Display (VFR),0,3,29,0,32,0,0,82,0,82,0,3,111,0,114,158,0,158,272
05/15/2002,LAF,IN,AGL,CE,Towers with Display (VFR),0,3,35,0,38,0,0,177,0,177,0,3,212,0,215,234,0,234,449
05/16/2002,LAF,IN,AGL,CE,Towers with Display (VFR),0,3,25,0,28,0,0,35,0,35,0,3,60,0,63,76,0,76,139
05/17/2002,LAF,IN,AGL,CE,Towers with Display (VFR),0,5,23,0,28,0,0,48,0,48,0,5,71,0,76,86,0,86,162
05/18/2002,LAF,IN,AGL,CE,Towers with Display (VFR),0,2,21,0,23,0,0,57,0,57,0,2,78,0,80,70,0,70,150
05/19/2002,LAF,IN,AGL,CE,Towers with Display (VFR),0,3,20,0,23,0,0,21,0,21,0,3,41,0,44,44,0,44,88
05/20/2002,LAF,IN,AGL,CE,Towers with Display (VFR),0,7,35,0,42,0,0,63,0,63,0,7,98,0,105,154,0,154,259
05/21/2002,LAF,IN,AGL,CE,Towers with Display (VFR),0,5,37,0,42,0,0,102,0,102,0,5,139,0,144,294,0,294,438
05/22/2002,LAF,IN,AGL,CE,Towers with Display (VFR),0,7,33,0,40,0,0,108,0,108,0,7,141,0,148,206,0,206,354
05/23/2002,LAF,IN,AGL,CE,Towers with Display (VFR),0,7,26,0,33,0,0,76,0,76,0,7,102,0,109,100,0,100,209
05/24/2002,LAF,IN,AGL,CE,Towers with Display (VFR),0,3,38,0,41,0,0,58,0,58,0,3,96,0,99,96,0,96,195
05/25/2002,LAF,IN,AGL,CE,Towers with Display (VFR),0,3,11,0,14,0,0,8,0,8,0,3,19,0,22,6,0,6,28
05/26/2002,LAF,IN,AGL,CE,Towers with Display (VFR),0,2,14,0,16,0,0,77,0,77,0,2,91,0,93,104,0,104,197
05/27/2002,LAF,IN,AGL,CE,Towers with Display (VFR),0,7,16,0,23,0,0,110,0,110,0,7,126,0,133,148,0,148,281
05/28/2002,LAF,IN,AGL,CE,Towers with Display (VFR),0,3,35,0,38,0,0,70,0,70,0,3,105,0,108,196,0,196,304
05/29/2002,LAF,IN,AGL,CE,Towers with Display (VFR),0,9,26,0,35,0,0,69,0,69,0,9,95,0,104,156,0,156,260
05/30/2002,LAF,IN,AGL,CE,Towers with Display (VFR),1,8,40,0,49,0,0,110,0,110,1,8,150,0,159,208,0,208,367
05/31/2002,LAF,IN,AGL,CE,Towers with Display (VFR),0,3,26,0,29,0,0,63,0,63,0,3,89,0,92,80,0,80,172
06/01/2002,LAF,IN,AGL,CE,Towers with Display (VFR),0,3,17,0,20,0,0,48,0,48,0,3,65,0,68,108,0,108,176
06/02/2002,LAF,IN,AGL,CE,Towers with Display (VFR),0,3,19,0,22,0,0,30,0,30,0,3,49,0,52,50,0,50,102
06/03/2002,LAF,IN,AGL,CE,Towers with Display (VFR),0,3,33,0,36,0,0,47,0,47,0,3,80,0,83,94,0,94,177
06/04/2002,LAF,IN,AGL,CE,Towers with Display (VFR),0,5,29,0,34,0,0,63,0,63,0,5,92,0,97,82,0,82,179
06/05/2002,LAF,IN,AGL,CE,Towers with Display (VFR),0,12,29,0,41,0,0,9,0,9,0,12,38,0,50,8,0,8,58
06/06/2002,LAF,IN,AGL,CE,Towers with Display (VFR),0,5,50,0,55,0,0,27,0,27,0,5,77,0,82,100,0,100,182
06/07/2002,LAF,IN,AGL,CE,Towers with Display (VFR),0,7,27,0,34,0,0,121,0,121,0,7,148,0,155,148,0,148,303
06/08/2002,LAF,IN,AGL,CE,Towers with Display (VFR),0,2,22,0,24,0,0,66,0,66,0,2,88,0,90,44,0,44,134
06/09/2002,LAF,IN,AGL,CE,Towers with Display (VFR),0,3,22,0,25,0,0,42,0,42,0,3,64,0,67,100,0,100,167
06/10/2002,LAF,IN,AGL,CE,Towers with Display (VFR),0,3,27,0,30,0,0,82,0,82,0,3,109,0,112,132,0,132,244
06/11/2002,LAF,IN,AGL,CE,Towers with Display (VFR),0,3,28,0,31,0,0,68,0,68,0,3,96,0,99,128,0,128,227
06/12/2002,LAF,IN,AGL,CE,Towers with Display (VFR),0,5,38,0,43,0,0,86,0,86,0,5,124,0,129,184,0,184,313
06/13/2002,LAF,IN,AGL,CE,Towers with Display (VFR),0,2,26,0,28,0,0,53,0,53,0,2,79,0,81,48,0,48,129
06/14/2002,LAF,IN,AGL,CE,Towers with Display (VFR),0,5,32,0,37,0,0,111,0,111,0,5,143,0,148,144,0,144,292
06/15/2002,LAF,IN,AGL,CE,Towers with Display (VFR),0,2,23,0,25,0,0,83,0,83,0,2,106,0,108,118,0,118,226
06/16/2002,LAF,IN,AGL,CE,Towers with Display (VFR),0,2,10,0,12,0,0,74,0,74,0,2,84,0,86,98,0,98,184
06/17/2002,LAF,IN,AGL,CE,Towers with Display (VFR),0,2,41,0,43,0,0,117,0,117,0,2,158,0,160,216,0,216,376
06/18/2002,LAF,IN,AGL,CE,Towers with Display (VFR),0,2,67,0,69,0,0,168,0,168,0,2,235,0,237,290,0,290,527
06/19/2002,LAF,IN,AGL,CE,Towers with Display (VFR),0,2,61,0,63,0,0,153,0,153,0,2,214,0,216,314,0,314,530
06/20/2002,LAF,IN,AGL,CE,Towers with Display (VFR),0,2,64,0,66,0,0,147,6,153,0,2,211,6,219,368,0,368,587
06/21/2002,LAF,IN,AGL,CE,Towers with Display (VFR),0,3,62,0,65,0,0,135,0,135,0,3,197,0,200,352,0,352,552
06/22/2002,LAF,IN,AGL,CE,Towers with Display (VFR),0,1,18,0,19,0,0,81,0,81,0,1,99,0,100,162,0,162,262
06/23/2002,LAF,IN,AGL,CE,Towers with Display (VFR),0,2,11,0,13,0,0,57,0,57,0,2,68,0,70,122,0,122,192
06/24/2002,LAF,IN,AGL,CE,Towers with Display (VFR),0,2,48,0,50,0,0,149,0,149,0,2,197,0,199,354,0,354,553
06/25/2002,LAF,IN,AGL,CE,Towers with Display (VFR),0,2,55,0,57,0,0,97,0,97,0,2,152,0,154,302,0,302,456
06/26/2002,LAF,IN,AGL,CE,Towers with Display (VFR),0,2,56,0,58,0,0,122,0,122,0,2,178,0,180,326,0,326,506
06/27/2002,LAF,IN,AGL,CE,Towers with Display (VFR),0,4,57,0,61,0,0,118,0,118,0,4,175,0,179,312,0,312,491
06/28/2002,LAF,IN,AGL,CE,Towers with Display (VFR),0,2,62,0,64,0,0,156,0,156,0,2,218,0,220,367,0,367,587
06/29/2002,LAF,IN,AGL,CE,Towers with Display (VFR),0,2,16,0,18,0,0,116,6,122,0,2,132,6,140,140,0,140,280
06/30/2002,LAF,IN,AGL,CE,Towers with Display (VFR),0,2,15,0,17,0,0,43,0,43,0,2,58,0,60,74,0,74,134
07/01/2002,LAF,IN,AGL,CE,Towers with Display (VFR),0,0,51,0,51,0,0,151,0,151,0,0,202,0,202,324,0,324,526
07/02/2002,LAF,IN,AGL,CE,Towers with Display (VFR),0,2,69,0,71,0,0,175,0,175,0,2,244,0,246,343,0,343,589
07/03/2002,LAF,IN,AGL,CE,Towers with Display (VFR),0,2,54,0,56,0,0,146,0,146,0,2,200,0,202,228,0,228,430
07/04/2002,LAF,IN,AGL,CE,Towers with Display (VFR),0,1,12,0,13,0,0,47,0,47,0,1,59,0,60,48,0,48,108
07/05/2002,LAF,IN,AGL,CE,Towers with Display (VFR),0,1,33,0,34,0,0,69,0,69,0,1,102,0,103,104,0,104,207
07/06/2002,LAF,IN,AGL,CE,Towers with Display (VFR),0,1,15,0,16,0,0,76,0,76,0,1,91,0,92,16,0,16,108
07/07/2002,LAF,IN,AGL,CE,Towers with Display (VFR),0,2,9,0,11,0,0,48,0,48,0,2,57,0,59,34,0,34,93
07/08/2002,LAF,IN,AGL,CE,Towers with Display (VFR),0,4,52,0,56,0,0,124,0,124,0,4,176,0,180,202,0,202,382
07/09/2002,LAF,IN,AGL,CE,Towers with Display (VFR),0,2,19,0,21,0,0,46,0,46,0,2,65,0,67,148,0,148,215
07/10/2002,LAF,IN,AGL,CE,Towers with Display (VFR),0,2,59,2,63,0,0,110,0,110,0,2,169,2,173,145,0,145,318
07/11/2002,LAF,IN,AGL,CE,Towers with Display (VFR),0,2,53,0,55,0,0,140,0,140,0,2,193,0,195,150,0,150,345
07/12/2002,LAF,IN,AGL,CE,Towers with Display (VFR),0,2,51,0,53,0,0,125,0,125,0,2,176,0,178,130,0,130,308
07/13/2002,LAF,IN,AGL,CE,Towers with Display (VFR),0,2,14,0,16,0,0,73,0,73,0,2,87,0,89,68,0,68,157
07/14/2002,LAF,IN,AGL,CE,Towers with Display (VFR),0,4,22,0,26,0,0,57,0,57,0,4,79,0,83,22,0,22,105
07/15/2002,LAF,IN,AGL,CE,Towers with Display (VFR),0,2,49,0,51,0,0,122,0,122,0,2,171,0,173,135,0,135,308
07/16/2002,LAF,IN,AGL,CE,Towers with Display (VFR),0,2,36,0,38,0,0,153,0,153,0,2,189,0,191,192,0,192,383
07/17/2002,LAF,IN,AGL,CE,Towers with Display (VFR),0,2,29,0,31,0,0,89,0,89,0,2,118,0,120,230,0,230,350
07/18/2002,LAF,IN,AGL,CE,Towers with Display (VFR),0,0,33,0,33,0,0,109,0,109,0,0,142,0,142,194,0,194,336
07/19/2002,LAF,IN,AGL,CE,Towers with Display (VFR),0,2,33,0,35,0,0,59,0,59,0,2,92,0,94,62,0,62,156
07/20/2002,LAF,IN,AGL,CE,Towers with Display (VFR),0,3,18,1,22,0,0,75,0,75,0,3,93,1,97,162,8,170,267
07/21/2002,LAF,IN,AGL,CE,Towers with Display (VFR),0,2,18,0,20,0,0,72,0,72,0,2,90,0,92,76,0,76,168
07/22/2002,LAF,IN,AGL,CE,Towers with Display (VFR),0,0,36,0,36,0,0,107,0,107,0,0,143,0,143,202,0,202,345
07/23/2002,LAF,IN,AGL,CE,Towers with Display (VFR),0,2,41,0,43,0,0,85,0,85,0,2,126,0,128,211,0,211,339
07/24/2002,LAF,IN,AGL,CE,Towers with Display (VFR),0,2,34,3,39,0,0,179,0,179,0,2,213,3,218,298,0,298,516
07/25/2002,LAF,IN,AGL,CE,Towers with Display (VFR),0,2,29,0,31,0,0,141,0,141,0,2,170,0,172,228,0,228,400
07/26/2002,LAF,IN,AGL,CE,Towers with Display (VFR),0,0,31,0,31,0,0,73,0,73,0,0,104,0,104,106,0,106,210
07/27/2002,LAF,IN,AGL,CE,Towers with Display (VFR),0,1,17,0,18,0,0,27,0,27,0,1,44,0,45,6,0,6,51
07/28/2002,LAF,IN,AGL,CE,Towers with Display (VFR),0,2,19,0,21,0,0,39,0,39,0,2,58,0,60,42,0,42,102
07/29/2002,LAF,IN,AGL,CE,Towers with Display (VFR),0,0,38,0,38,0,0,82,0,82,0,0,120,0,120,164,0,164,284
07/30/2002,LAF,IN,AGL,CE,Towers with Display (VFR),0,3,34,0,37,0,0,146,0,146,0,3,180,0,183,208,0,208,391
07/31/2002,LAF,IN,AGL,CE,Towers with Display (VFR),0,3,31,0,34,0,0,196,0,196,0,3,227,0,230,364,0,364,594
08/01/2002,LAF,IN,AGL,CE,Towers with Display (VFR),0,4,30,0,34,0,0,120,0,120,0,4,150,0,154,190,0,190,344
08/02/2002,LAF,IN,AGL,CE,Towers with Display (VFR),0,5,22,0,27,0,0,68,0,68,0,5,90,0,95,146,0,146,241
08/03/2002,LAF,IN,AGL,CE,Towers with Display (VFR),0,0,16,0,16,0,0,60,0,60,0,0,76,0,76,56,0,56,132
08/04/2002,LAF,IN,AGL,CE,Towers with Display (VFR),0,4,17,0,21,0,0,47,0,47,0,4,64,0,68,36,0,36,104
08/05/2002,LAF,IN,AGL,CE,Towers with Display (VFR),0,4,23,0,27,0,0,77,0,77,0,4,100,0,104,130,0,130,234
08/06/2002,LAF,IN,AGL,CE,Towers with Display (VFR),0,2,25,0,27,0,0,90,0,90,0,2,115,0,117,166,0,166,283
08/07/2002,LAF,IN,AGL,CE,Towers with Display (VFR),0,2,17,0,19,0,0,114,0,114,0,2,131,0,133,124,0,124,257
08/08/2002,LAF,IN,AGL,CE,Towers with Display (VFR),0,2,22,0,24,0,0,73,0,73,0,2,95,0,97,96,0,96,193
08/09/2002,LAF,IN,AGL,CE,Towers with Display (VFR),0,8,22,0,30,0,0,96,0,96,0,8,118,0,126,134,0,134,260
08/10/2002,LAF,IN,AGL,CE,Towers with Display (VFR),0,2,9,0,11,0,0,49,0,49,0,2,58,0,60,32,0,32,92
08/11/2002,LAF,IN,AGL,CE,Towers with Display (VFR),0,6,16,0,22,0,0,38,0,38,0,6,54,0,60,56,0,56,116
08/12/2002,LAF,IN,AGL,CE,Towers with Display (VFR),0,2,18,0,20,0,0,65,0,65,0,2,83,0,85,88,0,88,173
08/13/2002,LAF,IN,AGL,CE,Towers with Display (VFR),0,2,12,0,14,0,0,33,0,33,0,2,45,0,47,68,0,68,115
08/14/2002,LAF,IN,AGL,CE,Towers with Display (VFR),0,4,14,0,18,0,0,26,0,26,0,4,40,0,44,52,0,52,96
08/15/2002,LAF,IN,AGL,CE,Towers with Display (VFR),0,2,28,0,30,0,0,136,0,136,0,2,164,0,166,228,0,228,394
08/16/2002,LAF,IN,AGL,CE,Towers with Display (VFR),0,2,23,0,25,0,0,86,0,86,0,2,109,0,111,160,0,160,271
08/17/2002,LAF,IN,AGL,CE,Towers with Display (VFR),0,1,11,0,12,0,0,30,0,30,0,1,41,0,42,74,0,74,116
08/18/2002,LAF,IN,AGL,CE,Towers with Display (VFR),0,2,25,0,27,0,0,80,0,80,0,2,105,0,107,42,0,42,149
08/19/2002,LAF,IN,AGL,CE,Towers with Display (VFR),0,3,18,0,21,0,0,31,0,31,0,3,49,0,52,30,0,30,82
08/20/2002,LAF,IN,AGL,CE,Towers with Display (VFR),0,2,16,0,18,0,0,70,0,70,0,2,86,0,88,132,0,132,220
08/21/2002,LAF,IN,AGL,CE,Towers with Display (VFR),0,2,30,0,32,0,0,206,0,206,0,2,236,0,238,254,0,254,492
08/22/2002,LAF,IN,AGL,CE,Towers with Display (VFR),0,2,17,0,19,0,0,186,0,186,0,2,203,0,205,322,0,322,527
08/23/2002,LAF,IN,AGL,CE,Towers with Display (VFR),0,2,20,0,22,0,0,106,0,106,0,2,126,0,128,335,0,335,463
08/24/2002,LAF,IN,AGL,CE,Towers with Display (VFR),0,2,23,0,25,0,0,90,0,90,0,2,113,0,115,328,0,328,443
08/25/2002,LAF,IN,AGL,CE,Towers with Display (VFR),0,1,21,0,22,0,0,109,0,109,0,1,130,0,131,178,0,178,309
08/26/2002,LAF,IN,AGL,CE,Towers with Display (VFR),0,2,36,0,38,0,0,160,0,160,0,2,196,0,198,394,0,394,592
08/27/2002,LAF,IN,AGL,CE,Towers with Display (VFR),0,2,48,0,50,0,0,219,0,219,0,2,267,0,269,463,0,463,732
08/28/2002,LAF,IN,AGL,CE,Towers with Display (VFR),0,2,42,0,44,0,0,242,0,242,0,2,284,0,286,530,0,530,816
08/29/2002,LAF,IN,AGL,CE,Towers with Display (VFR),0,2,33,0,35,0,0,216,0,216,0,2,249,0,251,304,0,304,555
08/30/2002,LAF,IN,AGL,CE,Towers with Display (VFR),0,5,63,0,68,0,0,208,0,208,0,5,271,0,276,372,0,372,648
08/31/2002,LAF,IN,AGL,CE,Towers with Display (VFR),0,4,30,0,34,0,0,153,0,153,0,4,183,0,187,144,0,144,331
09/01/2002,LAF,IN,AGL,CE,Towers with Display (VFR),0,1,19,1,21,0,1,108,0,109,0,2,127,1,130,75,0,75,205
09/02/2002,LAF,IN,AGL,CE,Towers with Display (VFR),0,3,37,0,40,0,0,93,0,93,0,3,130,0,133,93,0,93,226
09/03/2002,LAF,IN,AGL,CE,Towers with Display (VFR),0,3,38,0,41,0,0,168,0,168,0,3,206,0,209,406,0,406,615
09/04/2002,LAF,IN,AGL,CE,Towers with Display (VFR),0,3,48,0,51,0,0,221,0,221,0,3,269,0,272,618,0,618,890
09/05/2002,LAF,IN,AGL,CE,Towers with Display (VFR),0,3,67,0,70,0,0,280,0,280,0,3,347,0,350,582,0,582,932
09/06/2002,LAF,IN,AGL,CE,Towers with Display (VFR),0,3,51,0,54,0,0,177,0,177,0,3,228,0,231,515,0,515,746
09/07/2002,LAF,IN,AGL,CE,Towers with Display (VFR),0,2,40,0,42,0,0,151,0,151,0,2,191,0,193,406,0,406,599
09/08/2002,LAF,IN,AGL,CE,Towers with Display (VFR),0,3,38,0,41,0,0,105,0,105,0,3,143,0,146,78,0,78,224
09/09/2002,LAF,IN,AGL,CE,Towers with Display (VFR),0,3,56,0,59,0,0,153,0,153,0,3,209,0,212,498,0,498,710
09/10/2002,LAF,IN,AGL,CE,Towers with Display (VFR),0,3,68,0,71,0,0,179,0,179,0,3,247,0,250,414,0,414,664
09/11/2002,LAF,IN,AGL,CE,Towers with Display (VFR),0,3,62,0,65,0,0,268,0,268,0,3,330,0,333,592,0,592,925
09/12/2002,LAF,IN,AGL,CE,Towers with Display (VFR),0,5,66,1,72,0,0,264,0,264,0,5,330,1,336,638,0,638,974
09/13/2002,LAF,IN,AGL,CE,Towers with Display (VFR),0,3,55,0,58,0,0,214,0,214,0,3,269,0,272,452,0,452,724
09/14/2002,LAF,IN,AGL,CE,Towers with Display (VFR),0,5,38,0,43,0,0,101,0,101,0,5,139,0,144,90,0,90,234
09/15/2002,LAF,IN,AGL,CE,Towers with Display (VFR),0,3,33,0,36,0,0,29,0,29,0,3,62,0,65,106,0,106,171
09/16/2002,LAF,IN,AGL,CE,Towers with Display (VFR),0,5,54,0,59,0,0,143,0,143,0,5,197,0,202,490,0,490,692
09/17/2002,LAF,IN,AGL,CE,Towers with Display (VFR),0,7,76,0,83,0,0,198,0,198,0,7,274,0,281,474,0,474,755
09/18/2002,LAF,IN,AGL,CE,Towers with Display (VFR),0,6,36,1,43,0,0,77,0,77,0,6,113,1,120,370,2,372,492
09/19/2002,LAF,IN,AGL,CE,Towers with Display (VFR),0,3,38,0,41,0,0,93,0,93,0,3,131,0,134,298,0,298,432
09/20/2002,LAF,IN,AGL,CE,Towers with Display (VFR),2,4,38,0,44,0,0,1,0,1,2,4,39,0,45,0,0,0,45
09/21/2002,LAF,IN,AGL,CE,Towers with Display (VFR),1,1,56,1,59,0,0,189,0,189,1,1,245,1,248,72,0,72,320
09/22/2002,LAF,IN,AGL,CE,Towers with Display (VFR),0,6,31,0,37,0,0,81,0,81,0,6,112,0,118,100,0,100,218
09/23/2002,LAF,IN,AGL,CE,Towers with Display (VFR),0,5,60,0,65,0,2,169,0,171,0,7,229,0,236,594,0,594,830
09/24/2002,LAF,IN,AGL,CE,Towers with Display (VFR),0,3,98,0,101,0,0,242,0,242,0,3,340,0,343,582,0,582,925
09/25/2002,LAF,IN,AGL,CE,Towers with Display (VFR),0,3,56,2,61,0,0,203,0,203,0,3,259,2,264,531,0,531,795
09/26/2002,LAF,IN,AGL,CE,Towers with Display (VFR),0,4,73,2,79,0,0,202,0,202,0,4,275,2,281,618,0,618,899
09/27/2002,LAF,IN,AGL,CE,Towers with Display (VFR),1,7,80,2,90,0,0,123,0,123,1,7,203,2,213,204,0,204,417
09/28/2002,LAF,IN,AGL,CE,Towers with Display (VFR),1,2,46,0,49,0,0,61,0,61,1,2,107,0,110,41,0,41,151
09/29/2002,LAF,IN,AGL,CE,Towers with Display (VFR),0,3,41,0,44,0,1,151,0,152,0,4,192,0,196,151,0,151,347
09/30/2002,LAF,IN,AGL,CE,Towers with Display (VFR),0,3,78,0,81,0,0,161,0,161,0,3,239,0,242,470,0,470,712
10/01/2002,LAF,IN,AGL,CE,Towers with Display (VFR),0,3,72,0,75,0,0,241,0,241,0,3,313,0,316,638,0,638,954
10/02/2002,LAF,IN,AGL,CE,Towers with Display (VFR),0,5,60,1,66,0,0,141,0,141,0,5,201,1,207,528,0,528,735
10/03/2002,LAF,IN,AGL,CE,Towers with Display (VFR),0,4,39,1,44,0,0,104,2,106,0,4,143,3,150,350,16,366,516
10/04/2002,LAF,IN,AGL,CE,Towers with Display (VFR),1,4,19,1,25,0,0,21,0,21,1,4,40,1,46,100,0,100,146
10/05/2002,LAF,IN,AGL,CE,Towers with Display (VFR),2,1,41,0,44,0,0,125,2,127,2,1,166,2,171,136,4,140,311
10/06/2002,LAF,IN,AGL,CE,Towers with Display (VFR),0,3,12,0,15,0,0,14,0,14,0,3,26,0,29,18,0,18,47
10/07/2002,LAF,IN,AGL,CE,Towers with Display (VFR),0,3,29,0,32,0,0,92,0,92,0,3,121,0,124,108,0,108,232
10/08/2002,LAF,IN,AGL,CE,Towers with Display (VFR),0,6,49,0,55,0,0,132,0,132,0,6,181,0,187,68,0,68,255
10/09/2002,LAF,IN,AGL,CE,Towers with Display (VFR),0,3,50,0,53,0,0,188,0,188,0,3,238,0,241,502,0,502,743
10/10/2002,LAF,IN,AGL,CE,Towers with Display (VFR),0,5,75,0,80,0,0,206,0,206,0,5,281,0,286,531,0,531,817
10/11/2002,LAF,IN,AGL,CE,Towers with Display (VFR),0,5,75,0,80,0,0,215,0,215,0,5,290,0,295,294,0,294,589
10/12/2002,LAF,IN,AGL,CE,Towers with Display (VFR),0,1,50,0,51,0,0,13,0,13,0,1,63,0,64,32,0,32,96
10/13/2002,LAF,IN,AGL,CE,Towers with Display (VFR),0,3,23,0,26,0,0,118,0,118,0,3,141,0,144,84,0,84,228
10/14/2002,LAF,IN,AGL,CE,Towers with Display (VFR),0,5,64,0,69,0,2,181,0,183,0,7,245,0,252,482,0,482,734
10/15/2002,LAF,IN,AGL,CE,Towers with Display (VFR),0,3,69,0,72,0,0,260,0,260,0,3,329,0,332,546,0,546,878
10/16/2002,LAF,IN,AGL,CE,Towers with Display (VFR),0,3,56,0,59,0,0,173,0,173,0,3,229,0,232,394,0,394,626
10/17/2002,LAF,IN,AGL,CE,Towers with Display (VFR),0,3,65,0,68,0,0,194,0,194,0,3,259,0,262,534,0,534,796
10/18/2002,LAF,IN,AGL,CE,Towers with Display (VFR),3,3,50,1,57,0,0,76,0,76,3,3,126,1,133,123,0,123,256
10/19/2002,LAF,IN,AGL,CE,Towers with Display (VFR),2,7,67,0,76,0,0,177,0,177,2,7,244,0,253,108,0,108,361
10/20/2002,LAF,IN,AGL,CE,Towers with Display (VFR),0,3,22,2,27,0,0,148,0,148,0,3,170,2,175,154,0,154,329
10/21/2002,LAF,IN,AGL,CE,Towers with Display (VFR),0,7,58,0,65,0,0,172,0,172,0,7,230,0,237,358,0,358,595
10/22/2002,LAF,IN,AGL,CE,Towers with Display (VFR),0,10,46,0,56,0,0,207,0,207,0,10,253,0,263,574,0,574,837
10/23/2002,LAF,IN,AGL,CE,Towers with Display (VFR),0,3,36,0,39,0,0,151,0,151,0,3,187,0,190,374,0,374,564
10/24/2002,LAF,IN,AGL,CE,Towers with Display (VFR),0,5,39,0,44,0,0,125,0,125,0,5,164,0,169,322,0,322,491
10/25/2002,LAF,IN,AGL,CE,Towers with Display (VFR),0,7,38,0,45,0,0,0,0,0,0,7,38,0,45,0,0,0,45
10/26/2002,LAF,IN,AGL,CE,Towers with Display (VFR),0,3,16,0,19,0,0,6,0,6,0,3,22,0,25,22,0,22,47
10/27/2002,LAF,IN,AGL,CE,Towers with Display (VFR),0,6,26,0,32,0,0,135,0,135,0,6,161,0,167,114,0,114,281
10/28/2002,LAF,IN,AGL,CE,Towers with Display (VFR),0,4,55,0,59,0,0,158,0,158,0,4,213,0,217,233,0,233,450
10/29/2002,LAF,IN,AGL,CE,Towers with Display (VFR),0,4,27,0,31,0,0,19,0,19,0,4,46,0,50,0,0,0,50
10/30/2002,LAF,IN,AGL,CE,Towers with Display (VFR),0,4,28,0,32,0,0,122,0,122,0,4,150,0,154,580,0,580,734
10/31/2002,LAF,IN,AGL,CE,Towers with Display (VFR),0,4,42,1,47,0,0,171,6,177,0,4,213,7,224,350,0,350,574
11/01/2002,LAF,IN,AGL,CE,Towers with Display (VFR),0,0,10,0,10,0,6,192,1,199,0,6,202,1,209,208,0,208,417
11/02/2002,LAF,IN,AGL,CE,Towers with Display (VFR),0,1,31,0,32,0,1,172,0,173,0,2,203,0,205,134,0,134,339
11/03/2002,LAF,IN,AGL,CE,Towers with Display (VFR),0,5,17,0,22,0,1,83,0,84,0,6,100,0,106,22,0,22,128
11/04/2002,LAF,IN,AGL,CE,Towers with Display (VFR),0,5,27,0,32,0,1,57,0,58,0,6,84,0,90,270,0,270,360
11/05/2002,LAF,IN,AGL,CE,Towers with Display (VFR),0,3,20,0,23,0,0,2,0,2,0,3,22,0,25,0,0,0,25
11/06/2002,LAF,IN,AGL,CE,Towers with Display (VFR),0,6,29,0,35,0,0,20,0,20,0,6,49,0,55,82,0,82,137
11/07/2002,LAF,IN,AGL,CE,Towers with Display (VFR),0,6,52,0,58,0,0,194,0,194,0,6,246,0,252,234,0,234,486
11/08/2002,LAF,IN,AGL,CE,Towers with Display (VFR),0,7,46,0,53,0,0,124,0,124,0,7,170,0,177,186,0,186,363
11/09/2002,LAF,IN,AGL,CE,Towers with Display (VFR),0,3,58,0,61,2,0,69,0,71,2,3,127,0,132,32,0,32,164
11/10/2002,LAF,IN,AGL,CE,Towers with Display (VFR),0,4,26,0,30,0,0,13,0,13,0,4,39,0,43,28,0,28,71
11/11/2002,LAF,IN,AGL,CE,Towers with Display (VFR),0,4,33,0,37,0,0,108,0,108,0,4,141,0,145,424,0,424,569
11/12/2002,LAF,IN,AGL,CE,Towers with Display (VFR),0,5,31,0,36,0,0,133,0,133,0,5,164,0,169,446,0,446,615
11/13/2002,LAF,IN,AGL,CE,Towers with Display (VFR),0,4,42,0,46,0,0,199,0,199,0,4,241,0,245,320,0,320,565
11/14/2002,LAF,IN,AGL,CE,Towers with Display (VFR),0,4,30,0,34,0,0,204,0,204,0,4,234,0,238,398,0,398,636
11/15/2002,LAF,IN,AGL,CE,Towers with Display (VFR),2,7,26,0,35,0,0,4,0,4,2,7,30,0,39,28,0,28,67
11/16/2002,LAF,IN,AGL,CE,Towers with Display (VFR),2,2,11,0,15,0,0,121,0,121,2,2,132,0,136,212,0,212,348
11/17/2002,LAF,IN,AGL,CE,Towers with Display (VFR),0,6,21,0,27,0,0,111,0,111,0,6,132,0,138,152,0,152,290
11/18/2002,LAF,IN,AGL,CE,Towers with Display (VFR),0,4,23,0,27,0,0,135,0,135,0,4,158,0,162,260,0,260,422
11/19/2002,LAF,IN,AGL,CE,Towers with Display (VFR),0,4,27,0,31,0,0,202,0,202,0,4,229,0,233,350,0,350,583
11/20/2002,LAF,IN,AGL,CE,Towers with Display (VFR),0,4,32,0,36,0,0,185,0,185,0,4,217,0,221,392,0,392,613
11/21/2002,LAF,IN,AGL,CE,Towers with Display (VFR),0,7,20,0,27,0,0,75,0,75,0,7,95,0,102,194,0,194,296
11/22/2002,LAF,IN,AGL,CE,Towers with Display (VFR),0,4,29,0,33,0,0,98,0,98,0,4,127,0,131,200,0,200,331
11/23/2002,LAF,IN,AGL,CE,Towers with Display (VFR),0,5,32,0,37,0,0,116,0,116,0,5,148,0,153,76,0,76,229
11/24/2002,LAF,IN,AGL,CE,Towers with Display (VFR),0,4,16,0,20,0,0,113,0,113,0,4,129,0,133,168,0,168,301
11/25/2002,LAF,IN,AGL,CE,Towers with Display (VFR),0,5,31,0,36,0,0,110,0,110,0,5,141,0,146,230,0,230,376
11/26/2002,LAF,IN,AGL,CE,Towers with Display (VFR),0,6,25,0,31,0,0,30,0,30,0,6,55,0,61,120,0,120,181
11/27/2002,LAF,IN,AGL,CE,Towers with Display (VFR),0,6,24,0,30,0,0,56,0,56,0,6,80,0,86,96,0,96,182
11/28/2002,LAF,IN,AGL,CE,Towers with Display (VFR),0,1,8,0,9,0,0,17,0,17,0,1,25,0,26,14,0,14,40
11/29/2002,LAF,IN,AGL,CE,Towers with Display (VFR),0,1,6,0,7,0,0,26,0,26,0,1,32,0,33,48,0,48,81
11/30/2002,LAF,IN,AGL,CE,Towers with Display (VFR),0,0,0,0,0,0,3,18,0,21,0,3,18,0,21,0,0,0,21
12/01/2002,LAF,IN,AGL,CE,Towers with Display (VFR),0,9,24,0,33,0,1,27,0,28,0,10,51,0,61,26,0,26,87
12/02/2002,LAF,IN,AGL,CE,Towers with Display (VFR),0,10,18,0,28,0,1,95,0,96,0,11,113,0,124,206,0,206,330
12/03/2002,LAF,IN,AGL,CE,Towers with Display (VFR),0,12,12,0,24,0,1,131,0,132,0,13,143,0,156,146,0,146,302
12/04/2002,LAF,IN,AGL,CE,Towers with Display (VFR),0,7,27,0,34,0,1,147,0,148,0,8,174,0,182,208,0,208,390
12/05/2002,LAF,IN,AGL,CE,Towers with Display (VFR),0,9,10,0,19,0,1,117,0,118,0,10,127,0,137,372,0,372,509
12/06/2002,LAF,IN,AGL,CE,Towers with Display (VFR),0,9,26,0,35,0,1,89,0,90,0,10,115,0,125,180,0,180,305
12/07/2002,LAF,IN,AGL,CE,Towers with Display (VFR),0,5,21,0,26,0,1,76,0,77,0,6,97,0,103,142,0,142,245
12/08/2002,LAF,IN,AGL,CE,Towers with Display (VFR),0,9,10,0,19,0,1,75,0,76,0,10,85,0,95,96,0,96,191
12/09/2002,LAF,IN,AGL,CE,Towers with Display (VFR),0,8,15,0,23,0,0,105,0,105,0,8,120,0,128,162,0,162,290
12/10/2002,LAF,IN,AGL,CE,Towers with Display (VFR),0,11,15,0,26,0,0,85,0,85,0,11,100,0,111,214,0,214,325
12/11/2002,LAF,IN,AGL,CE,Towers with Display (VFR),0,10,22,0,32,0,0,82,0,82,0,10,104,0,114,160,0,160,274
12/12/2002,LAF,IN,AGL,CE,Towers with Display (VFR),0,11,22,0,33,0,0,1,0,1,0,11,23,0,34,16,0,16,50
12/13/2002,LAF,IN,AGL,CE,Towers with Display (VFR),0,11,16,0,27,0,0,23,0,23,0,11,39,0,50,34,0,34,84
12/14/2002,LAF,IN,AGL,CE,Towers with Display (VFR),0,6,18,0,24,0,0,40,0,40,0,6,58,0,64,96,0,96,160
12/15/2002,LAF,IN,AGL,CE,Towers with Display (VFR),0,12,26,0,38,0,0,53,0,53,0,12,79,0,91,130,0,130,221
12/16/2002,LAF,IN,AGL,CE,Towers with Display (VFR),0,10,27,0,37,0,0,95,0,95,0,10,122,0,132,96,0,96,228
12/17/2002,LAF,IN,AGL,CE,Towers with Display (VFR),0,12,13,0,25,0,0,22,0,22,0,12,35,0,47,54,0,54,101
12/18/2002,LAF,IN,AGL,CE,Towers with Display (VFR),0,9,17,0,26,0,0,12,0,12,0,9,29,0,38,0,0,0,38
12/19/2002,LAF,IN,AGL,CE,Towers with Display (VFR),0,9,9,0,18,0,0,2,0,2,0,9,11,0,20,0,0,0,20
12/20/2002,LAF,IN,AGL,CE,Towers with Display (VFR),0,6,12,3,21,0,0,11,0,11,0,6,23,3,32,18,0,18,50
12/21/2002,LAF,IN,AGL,CE,Towers with Display (VFR),0,4,9,0,13,0,0,29,0,29,0,4,38,0,42,18,0,18,60
12/22/2002,LAF,IN,AGL,CE,Towers with Display (VFR),0,4,4,0,8,0,0,11,1,12,0,4,15,1,20,18,0,18,38
12/23/2002,LAF,IN,AGL,CE,Towers with Display (VFR),0,8,21,0,29,0,0,63,0,63,0,8,84,0,92,98,0,98,190
12/24/2002,LAF,IN,AGL,CE,Towers with Display (VFR),0,6,7,0,13,0,0,18,0,18,0,6,25,0,31,14,0,14,45
12/25/2002,LAF,IN,AGL,CE,Towers with Display (VFR),0,3,0,0,3,0,0,0,0,0,0,3,0,0,3,0,0,0,3
12/26/2002,LAF,IN,AGL,CE,Towers with Display (VFR),5,10,19,0,34,0,0,0,0,0,5,10,19,0,34,0,0,0,34
12/27/2002,LAF,IN,AGL,CE,Towers with Display (VFR),3,6,3,0,12,0,0,16,0,16,3,6,19,0,28,6,0,6,34
12/28/2002,LAF,IN,AGL,CE,Towers with Display (VFR),0,5,4,0,9,0,0,16,0,16,0,5,20,0,25,20,0,20,45
12/29/2002,LAF,IN,AGL,CE,Towers with Display (VFR),0,4,14,0,18,4,0,40,0,44,4,4,54,0,62,52,0,52,114
12/30/2002,LAF,IN,AGL,CE,Towers with Display (VFR),0,11,12,0,23,0,0,2,0,2,0,11,14,0,25,2,0,2,27
12/31/2002,LAF,IN,AGL,CE,Towers with Display (VFR),2,4,6,0,12,0,0,27,0,27,2,4,33,0,39,52,0,52,91
01/01/2003,LAF,IN,AGL,CE,Towers with Display (VFR),0,4,2,0,6,0,0,12,0,12,0,4,14,0,18,0,0,0,18
01/02/2003,LAF,IN,AGL,CE,Towers with Display (VFR),0,3,6,0,9,0,0,1,0,1,0,3,7,0,10,0,0,0,10
01/03/2003,LAF,IN,AGL,CE,Towers with Display (VFR),0,6,10,0,16,0,0,18,0,18,0,6,28,0,34,60,0,60,94
01/04/2003,LAF,IN,AGL,CE,Towers with Display (VFR),0,3,12,0,15,0,4,24,0,28,0,7,36,0,43,50,0,50,93
01/05/2003,LAF,IN,AGL,CE,Towers with Display (VFR),0,3,6,0,9,0,0,0,0,0,0,3,6,0,9,0,0,0,9
01/06/2003,LAF,IN,AGL,CE,Towers with Display (VFR),0,7,3,0,10,0,0,20,2,22,0,7,23,2,32,34,0,34,66
01/07/2003,LAF,IN,AGL,CE,Towers with Display (VFR),0,8,13,0,21,0,0,46,0,46,0,8,59,0,67,72,0,72,139
01/08/2003,LAF,IN,AGL,CE,Towers with Display (VFR),0,7,22,0,29,0,0,64,0,64,0,7,86,0,93,104,0,104,197
01/09/2003,LAF,IN,AGL,CE,Towers with Display (VFR),0,8,21,2,31,0,0,42,0,42,0,8,63,2,73,96,0,96,169
01/10/2003,LAF,IN,AGL,CE,Towers with Display (VFR),0,5,10,0,15,0,0,15,0,15,0,5,25,0,30,50,0,50,80
01/11/2003,LAF,IN,AGL,CE,Towers with Display (VFR),0,2,9,0,11,0,0,60,0,60,0,2,69,0,71,42,0,42,113
01/12/2003,LAF,IN,AGL,CE,Towers with Display (VFR),0,4,11,0,15,0,0,61,0,61,0,4,72,0,76,84,0,84,160
01/13/2003,LAF,IN,AGL,CE,Towers with Display (VFR),2,11,13,0,26,0,0,33,0,33,2,11,46,0,59,54,0,54,113
01/14/2003,LAF,IN,AGL,CE,Towers with Display (VFR),0,6,21,0,27,0,0,33,0,33,0,6,54,0,60,40,0,40,100
01/15/2003,LAF,IN,AGL,CE,Towers with Display (VFR),3,6,17,0,26,0,0,147,0,147,3,6,164,0,173,296,0,296,469
01/16/2003,LAF,IN,AGL,CE,Towers with Display (VFR),0,8,17,0,25,0,0,4,0,4,0,8,21,0,29,4,0,4,33
01/17/2003,LAF,IN,AGL,CE,Towers with Display (VFR),0,8,41,0,49,0,0,165,0,165,0,8,206,0,214,398,0,398,612
01/18/2003,LAF,IN,AGL,CE,Towers with Display (VFR),0,5,16,0,21,0,0,54,0,54,0,5,70,0,75,126,0,126,201
01/19/2003,LAF,IN,AGL,CE,Towers with Display (VFR),0,4,8,0,12,0,0,58,0,58,0,4,66,0,70,56,0,56,126
01/20/2003,LAF,IN,AGL,CE,Towers with Display (VFR),0,6,25,0,31,0,0,54,0,54,0,6,79,0,85,86,0,86,171
01/21/2003,LAF,IN,AGL,CE,Towers with Display (VFR),0,13,28,0,41,0,0,156,0,156,0,13,184,0,197,186,0,186,383
01/22/2003,LAF,IN,AGL,CE,Towers with Display (VFR),0,7,39,0,46,0,0,155,0,155,0,7,194,0,201,408,0,408,609
01/23/2003,LAF,IN,AGL,CE,Towers with Display (VFR),0,6,17,0,23,0,0,106,0,106,0,6,123,0,129,176,0,176,305
01/24/2003,LAF,IN,AGL,CE,Towers with Display (VFR),0,5,34,2,41,0,0,142,0,142,0,5,176,2,183,284,0,284,467
01/25/2003,LAF,IN,AGL,CE,Towers with Display (VFR),0,2,34,0,36,0,0,154,0,154,0,2,188,0,190,426,0,426,616
01/26/2003,LAF,IN,AGL,CE,Towers with Display (VFR),0,6,13,0,19,0,0,31,0,31,0,6,44,0,50,4,0,4,54
01/27/2003,LAF,IN,AGL,CE,Towers with Display (VFR),0,8,29,0,37,0,0,119,0,119,0,8,148,0,156,238,0,238,394
01/28/2003,LAF,IN,AGL,CE,Towers with Display (VFR),0,8,32,0,40,0,0,114,0,114,0,8,146,0,154,194,0,194,348
01/29/2003,LAF,IN,AGL,CE,Towers with Display (VFR),0,7,41,0,48,0,0,69,0,69,0,7,110,0,117,325,0,325,442
01/30/2003,LAF,IN,AGL,CE,Towers with Display (VFR),0,6,47,0,53,0,0,188,0,188,0,6,235,0,241,246,0,246,487
01/31/2003,LAF,IN,AGL,CE,Towers with Display (VFR),0,10,15,0,25,0,0,7,0,7,0,10,22,0,32,16,0,16,48
02/01/2003,LAF,IN,AGL,CE,Towers with Display (VFR),0,4,13,0,17,0,0,22,0,22,0,4,35,0,39,154,0,154,193
02/02/2003,LAF,IN,AGL,CE,Towers with Display (VFR),1,6,24,0,31,0,0,38,0,38,1,6,62,0,69,18,0,18,87
02/03/2003,LAF,IN,AGL,CE,Towers with Display (VFR),0,8,12,0,20,0,0,1,0,1,0,8,13,0,21,0,0,0,21
02/04/2003,LAF,IN,AGL,CE,Towers with Display (VFR),0,5,24,0,29,2,1,9,0,12,2,6,33,0,41,100,0,100,141
02/05/2003,LAF,IN,AGL,CE,Towers with Display (VFR),0,5,51,0,56,0,0,199,0,199,0,5,250,0,255,510,0,510,765
02/06/2003,LAF,IN,AGL,CE,Towers with Display (VFR),0,7,10,0,17,0,0,0,0,0,0,7,10,0,17,0,0,0,17
02/07/2003,LAF,IN,AGL,CE,Towers with Display (VFR),0,10,57,0,67,0,0,117,0,117,0,10,174,0,184,414,0,414,598
02/08/2003,LAF,IN,AGL,CE,Towers with Display (VFR),0,5,43,0,48,0,0,148,0,148,0,5,191,0,196,260,0,260,456
02/09/2003,LAF,IN,AGL,CE,Towers with Display (VFR),0,4,27,0,31,0,0,126,0,126,0,4,153,0,157,108,0,108,265
02/10/2003,LAF,IN,AGL,CE,Towers with Display (VFR),0,6,29,0,35,0,0,59,0,59,0,6,88,0,94,280,0,280,374
02/11/2003,LAF,IN,AGL,CE,Towers with Display (VFR),0,7,44,0,51,0,0,157,0,157,0,7,201,0,208,310,0,310,518
02/12/2003,LAF,IN,AGL,CE,Towers with Display (VFR),2,10,61,0,73,0,0,162,0,162,2,10,223,0,235,478,0,478,713
02/13/2003,LAF,IN,AGL,CE,Towers with Display (VFR),0,6,61,0,67,0,0,169,0,169,0,6,230,0,236,440,0,440,676
02/14/2003,LAF,IN,AGL,CE,Towers with Display (VFR),0,6,37,0,43,0,0,51,0,51,0,6,88,0,94,174,0,174,268
02/15/2003,LAF,IN,AGL,CE,Towers with Display (VFR),0,0,0,0,0,0,0,1,0,1,0,0,1,0,1,0,0,0,1
02/16/2003,LAF,IN,AGL,CE,Towers with Display (VFR),0,3,10,0,13,0,0,9,0,9,0,3,19,0,22,22,0,22,44
02/17/2003,LAF,IN,AGL,CE,Towers with Display (VFR),0,6,55,0,61,0,0,171,0,171,0,6,226,0,232,676,0,676,908
02/18/2003,LAF,IN,AGL,CE,Towers with Display (VFR),1,6,19,0,26,0,0,0,0,0,1,6,19,0,26,0,0,0,26
02/19/2003,LAF,IN,AGL,CE,Towers with Display (VFR),0,11,59,0,70,0,0,156,0,156,0,11,215,0,226,426,0,426,652
02/20/2003,LAF,IN,AGL,CE,Towers with Display (VFR),0,7,64,0,71,0,0,223,0,223,0,7,287,0,294,518,0,518,812
02/21/2003,LAF,IN,AGL,CE,Towers with Display (VFR),0,9,55,0,64,0,0,66,0,66,0,9,121,0,130,196,0,196,326
02/22/2003,LAF,IN,AGL,CE,Towers with Display (VFR),0,4,1,0,5,0,0,0,0,0,0,4,1,0,5,0,0,0,5
02/23/2003,LAF,IN,AGL,CE,Towers with Display (VFR),0,7,27,0,34,0,0,49,0,49,0,7,76,0,83,98,0,98,181
02/24/2003,LAF,IN,AGL,CE,Towers with Display (VFR),0,6,41,0,47,0,0,73,0,73,0,6,114,0,120,118,0,118,238
02/25/2003,LAF,IN,AGL,CE,Towers with Display (VFR),0,8,76,0,84,0,0,215,0,215,0,8,291,0,299,518,0,518,817
02/26/2003,LAF,IN,AGL,CE,Towers with Display (VFR),0,6,69,0,75,0,0,187,0,187,0,6,256,0,262,544,0,544,806
02/27/2003,LAF,IN,AGL,CE,Towers with Display (VFR),0,5,80,0,85,0,0,201,0,201,0,5,281,0,286,548,0,548,834
02/28/2003,LAF,IN,AGL,CE,Towers with Display (VFR),2,6,71,0,79,0,0,196,0,196,2,6,267,0,275,312,0,312,587
03/01/2003,LAF,IN,AGL,CE,Towers with Display (VFR),0,6,4,0,10,0,0,5,0,5,0,6,9,0,15,26,0,26,41
03/02/2003,LAF,IN,AGL,CE,Towers with Display (VFR),0,4,13,0,17,0,3,0,0,3,0,7,13,0,20,6,0,6,26
03/03/2003,LAF,IN,AGL,CE,Towers with Display (VFR),0,6,64,0,70,0,0,224,0,224,0,6,288,0,294,422,0,422,716
03/04/2003,LAF,IN,AGL,CE,Towers with Display (VFR),0,6,37,0,43,0,0,134,0,134,0,6,171,0,177,246,0,246,423
03/05/2003,LAF,IN,AGL,CE,Towers with Display (VFR),0,4,14,0,18,0,0,20,0,20,0,4,34,0,38,152,0,152,190
03/06/2003,LAF,IN,AGL,CE,Towers with Display (VFR),0,6,66,0,72,0,0,175,0,175,0,6,241,0,247,280,0,280,527
03/07/2003,LAF,IN,AGL,CE,Towers with Display (VFR),0,9,59,0,68,0,0,149,0,149,0,9,208,0,217,350,0,350,567
03/08/2003,LAF,IN,AGL,CE,Towers with Display (VFR),0,1,43,0,44,0,0,124,0,124,0,1,167,0,168,288,0,288,456
03/09/2003,LAF,IN,AGL,CE,Towers with Display (VFR),0,4,29,0,33,0,0,100,0,100,0,4,129,0,133,78,0,78,211
03/10/2003,LAF,IN,AGL,CE,Towers with Display (VFR),0,6,57,0,63,0,0,208,0,208,0,6,265,0,271,520,0,520,791
03/11/2003,LAF,IN,AGL,CE,Towers with Display (VFR),0,6,60,0,66,0,0,220,0,220,0,6,280,0,286,454,0,454,740
03/12/2003,LAF,IN,AGL,CE,Towers with Display (VFR),0,5,60,0,65,0,0,47,0,47,0,5,107,0,112,82,0,82,194
03/13/2003,LAF,IN,AGL,CE,Towers with Display (VFR),0,6,38,0,44,0,0,14,0,14,0,6,52,0,58,7,0,7,65
03/14/2003,LAF,IN,AGL,CE,Towers with Display (VFR),0,6,49,0,55,0,0,171,0,171,0,6,220,0,226,277,0,277,503
03/15/2003,LAF,IN,AGL,CE,Towers with Display (VFR),0,2,17,0,19,0,0,39,0,39,0,2,56,0,58,118,0,118,176
03/16/2003,LAF,IN,AGL,CE,Towers with Display (VFR),0,3,13,0,16,0,0,48,0,48,0,3,61,0,64,70,0,70,134
03/17/2003,LAF,IN,AGL,CE,Towers with Display (VFR),0,7,11,0,18,0,0,56,0,56,0,7,67,0,74,62,0,62,136
03/18/2003,LAF,IN,AGL,CE,Towers with Display (VFR),0,6,13,0,19,0,0,15,0,15,0,6,28,0,34,30,0,30,64
03/19/2003,LAF,IN,AGL,CE,Towers with Display (VFR),2,7,11,0,20,0,0,14,0,14,2,7,25,0,34,22,0,22,56
03/20/2003,LAF,IN,AGL,CE,Towers with Display (VFR),1,8,5,0,14,0,0,7,0,7,1,8,12,0,21,44,0,44,65
03/21/2003,LAF,IN,AGL,CE,Towers with Display (VFR),0,5,13,0,18,0,0,10,0,10,0,5,23,0,28,34,0,34,62
03/22/2003,LAF,IN,AGL,CE,Towers with Display (VFR),0,5,14,0,19,0,0,47,0,47,0,5,61,0,66,78,0,78,144
03/23/2003,LAF,IN,AGL,CE,Towers with Display (VFR),0,4,16,0,20,0,0,98,0,98,0,4,114,0,118,100,0,100,218
03/24/2003,LAF,IN,AGL,CE,Towers with Display (VFR),0,10,42,0,52,0,0,160,0,160,0,10,202,0,212,270,0,270,482
03/25/2003,LAF,IN,AGL,CE,Towers with Display (VFR),0,6,51,0,57,0,0,132,0,132,0,6,183,0,189,334,0,334,523
03/26/2003,LAF,IN,AGL,CE,Towers with Display (VFR),0,7,68,0,75,0,0,205,0,205,0,7,273,0,280,398,0,398,678
03/27/2003,LAF,IN,AGL,CE,Towers with Display (VFR),0,6,35,0,41,0,0,145,0,145,0,6,180,0,186,198,0,198,384
03/28/2003,LAF,IN,AGL,CE,Towers with Display (VFR),0,2,11,0,13,0,5,0,0,5,0,7,11,0,18,8,0,8,26
03/29/2003,LAF,IN,AGL,CE,Towers with Display (VFR),0,5,31,0,36,0,0,139,2,141,0,5,170,2,177,384,0,384,561
03/30/2003,LAF,IN,AGL,CE,Towers with Display (VFR),0,4,35,0,39,0,0,140,0,140,0,4,175,0,179,112,0,112,291
03/31/2003,LAF,IN,AGL,CE,Towers with Display (VFR),0,5,41,0,46,0,0,217,0,217,0,5,258,0,263,440,0,440,703
04/01/2003,LAF,IN,AGL,CE,Towers with Display (VFR),0,5,34,0,39,0,0,170,0,170,0,5,204,0,209,246,0,246,455
04/02/2003,LAF,IN,AGL,CE,Towers with Display (VFR),0,8,74,0,82,0,0,202,4,206,0,8,276,4,288,378,0,378,666
04/03/2003,LAF,IN,AGL,CE,Towers with Display (VFR),0,6,66,0,72,0,0,230,0,230,0,6,296,0,302,516,0,516,818
04/04/2003,LAF,IN,AGL,CE,Towers with Display (VFR),0,5,21,0,26,0,0,41,0,41,0,5,62,0,67,98,0,98,165
04/05/2003,LAF,IN,AGL,CE,Towers with Display (VFR),0,3,23,0,26,0,0,40,0,40,0,3,63,0,66,86,0,86,152
04/06/2003,LAF,IN,AGL,CE,Towers with Display (VFR),0,4,6,0,10,0,0,40,0,40,0,4,46,0,50,132,0,132,182
04/07/2003,LAF,IN,AGL,CE,Towers with Display (VFR),0,5,32,0,37,0,1,0,0,1,0,6,32,0,38,14,0,14,52
04/08/2003,LAF,IN,AGL,CE,Towers with Display (VFR),0,5,16,0,21,0,0,1,0,1,0,5,17,0,22,0,0,0,22
04/09/2003,LAF,IN,AGL,CE,Towers with Display (VFR),0,7,56,1,64,0,0,170,0,170,0,7,226,1,234,372,0,372,606
04/10/2003,LAF,IN,AGL,CE,Towers with Display (VFR),0,5,63,0,68,0,0,239,0,239,0,5,302,0,307,480,0,480,787
04/11/2003,LAF,IN,AGL,CE,Towers with Display (VFR),0,7,53,1,61,0,0,258,3,261,0,7,311,4,322,320,0,320,642
04/12/2003,LAF,IN,AGL,CE,Towers with Display (VFR),0,2,36,1,39,0,0,198,1,199,0,2,234,2,238,260,0,260,498
04/13/2003,LAF,IN,AGL,CE,Towers with Display (VFR),0,3,26,0,29,0,2,169,0,171,0,5,195,0,200,86,0,86,286
04/14/2003,LAF,IN,AGL,CE,Towers with Display (VFR),0,6,42,0,48,0,0,201,0,201,0,6,243,0,249,322,0,322,571
04/15/2003,LAF,IN,AGL,CE,Towers with Display (VFR),0,4,28,0,32,0,1,118,0,119,0,5,146,0,151,222,0,222,373
04/16/2003,LAF,IN,AGL,CE,Towers with Display (VFR),0,5,26,0,31,0,0,110,0,110,0,5,136,0,141,286,0,286,427
04/17/2003,LAF,IN,AGL,CE,Towers with Display (VFR),0,5,21,0,26,0,0,30,0,30,0,5,51,0,56,100,0,100,156
04/18/2003,LAF,IN,AGL,CE,Towers with Display (VFR),0,5,46,0,51,0,0,104,0,104,0,5,150,0,155,358,0,358,513
04/19/2003,LAF,IN,AGL,CE,Towers with Display (VFR),0,2,23,0,25,0,0,102,0,102,0,2,125,0,127,118,0,118,245
04/20/2003,LAF,IN,AGL,CE,Towers with Display (VFR),0,2,20,0,22,0,4,2,0,6,0,6,22,0,28,0,0,0,28
04/21/2003,LAF,IN,AGL,CE,Towers with Display (VFR),0,5,42,0,47,0,0,80,0,80,0,5,122,0,127,242,0,242,369
04/22/2003,LAF,IN,AGL,CE,Towers with Display (VFR),0,5,37,0,42,0,2,175,2,179,0,7,212,2,221,574,0,574,795
04/23/2003,LAF,IN,AGL,CE,Towers with Display (VFR),0,5,47,0,52,0,0,253,0,253,0,5,300,0,305,425,4,429,734
04/24/2003,LAF,IN,AGL,CE,Towers with Display (VFR),0,5,34,0,39,0,0,181,0,181,0,5,215,0,220,324,0,324,544
04/25/2003,LAF,IN,AGL,CE,Towers with Display (VFR),0,5,52,0,57,0,0,19,0,19,0,5,71,0,76,20,0,20,96
04/26/2003,LAF,IN,AGL,CE,Towers with Display (VFR),0,1,34,0,35,0,0,167,0,167,0,1,201,0,202,322,0,322,524
04/27/2003,LAF,IN,AGL,CE,Towers with Display (VFR),0,3,25,0,28,0,1,174,0,175,0,4,199,0,203,133,0,133,336
04/28/2003,LAF,IN,AGL,CE,Towers with Display (VFR),0,3,27,0,30,0,2,147,0,149,0,5,174,0,179,340,0,340,519
04/29/2003,LAF,IN,AGL,CE,Towers with Display (VFR),0,4,33,0,37,0,1,186,0,187,0,5,219,0,224,456,0,456,680
04/30/2003,LAF,IN,AGL,CE,Towers with Display (VFR),0,5,40,0,45,0,0,137,0,137,0,5,177,0,182,354,0,354,536
05/01/2003,LAF,IN,AGL,CE,Towers with Display (VFR),0,8,18,0,26,0,0,25,0,25,0,8,43,0,51,50,0,50,101
05/02/2003,LAF,IN,AGL,CE,Towers with Display (VFR),0,9,21,0,30,0,0,52,0,52,0,9,73,0,82,102,0,102,184
05/03/2003,LAF,IN,AGL,CE,Towers with Display (VFR),0,2,20,0,22,0,0,171,0,171,0,2,191,0,193,302,0,302,495
05/04/2003,LAF,IN,AGL,CE,Towers with Display (VFR),0,4,10,0,14,0,0,66,0,66,0,4,76,0,80,86,0,86,166
05/05/2003,LAF,IN,AGL,CE,Towers with Display (VFR),0,6,18,0,24,0,0,129,0,129,0,6,147,0,153,210,0,210,363
05/06/2003,LAF,IN,AGL,CE,Towers with Display (VFR),0,5,34,1,40,0,0,174,0,174,0,5,208,1,214,398,0,398,612
05/07/2003,LAF,IN,AGL,CE,Towers with Display (VFR),0,10,25,0,35,0,0,74,0,74,0,10,99,0,109,272,0,272,381
05/08/2003,LAF,IN,AGL,CE,Towers with Display (VFR),0,10,27,0,37,0,0,49,0,49,0,10,76,0,86,142,0,142,228
05/09/2003,LAF,IN,AGL,CE,Towers with Display (VFR),0,5,32,3,40,0,0,100,0,100,0,5,132,3,140,272,0,272,412
05/10/2003,LAF,IN,AGL,CE,Towers with Display (VFR),0,2,11,0,13,0,0,35,0,35,0,2,46,0,48,136,0,136,184
05/11/2003,LAF,IN,AGL,CE,Towers with Display (VFR),0,4,4,0,8,0,0,2,0,2,0,4,6,0,10,0,0,0,10
05/12/2003,LAF,IN,AGL,CE,Towers with Display (VFR),0,6,27,0,33,0,0,63,0,63,0,6,90,0,96,56,0,56,152
05/13/2003,LAF,IN,AGL,CE,Towers with Display (VFR),0,5,36,0,41,0,0,105,0,105,0,5,141,0,146,172,0,172,318
05/14/2003,LAF,IN,AGL,CE,Towers with Display (VFR),0,5,31,0,36,0,0,64,0,64,0,5,95,0,100,92,0,92,192
05/15/2003,LAF,IN,AGL,CE,Towers with Display (VFR),0,6,17,0,23,0,0,17,0,17,0,6,34,0,40,28,0,28,68
05/16/2003,LAF,IN,AGL,CE,Towers with Display (VFR),0,8,33,1,42,0,0,65,0,65,0,8,98,1,107,172,0,172,279
05/17/2003,LAF,IN,AGL,CE,Towers with Display (VFR),0,2,18,0,20,0,0,15,0,15,0,2,33,0,35,26,0,26,61
05/18/2003,LAF,IN,AGL,CE,Towers with Display (VFR),0,5,30,0,35,0,0,17,0,17,0,5,47,0,52,50,0,50,102
05/19/2003,LAF,IN,AGL,CE,Towers with Display (VFR),0,6,26,0,32,0,0,27,0,27,0,6,53,0,59,66,0,66,125
05/20/2003,LAF,IN,AGL,CE,Towers with Display (VFR),0,9,19,0,28,0,0,19,0,19,0,9,38,0,47,14,0,14,61
05/21/2003,LAF,IN,AGL,CE,Towers with Display (VFR),0,5,24,0,29,0,0,85,0,85,0,5,109,0,114,142,0,142,256
05/22/2003,LAF,IN,AGL,CE,Towers with Display (VFR),0,9,21,0,30,0,0,98,0,98,0,9,119,0,128,150,0,150,278
05/23/2003,LAF,IN,AGL,CE,Towers with Display (VFR),0,7,20,0,27,0,0,79,0,79,0,7,99,0,106,152,0,152,258
05/24/2003,LAF,IN,AGL,CE,Towers with Display (VFR),0,3,15,2,20,0,0,71,0,71,0,3,86,2,91,116,0,116,207
05/25/2003,LAF,IN,AGL,CE,Towers with Display (VFR),0,4,4,0,8,0,0,35,0,35,0,4,39,0,43,2,0,2,45
05/26/2003,LAF,IN,AGL,CE,Towers with Display (VFR),0,5,11,0,16,0,0,78,0,78,0,5,89,0,94,44,0,44,138
05/27/2003,LAF,IN,AGL,CE,Towers with Display (VFR),0,5,25,0,30,0,0,58,0,58,0,5,83,0,88,126,0,126,214
05/28/2003,LAF,IN,AGL,CE,Towers with Display (VFR),0,5,11,0,16,0,0,26,0,26,0,5,37,0,42,50,0,50,92
05/29/2003,LAF,IN,AGL,CE,Towers with Display (VFR),0,8,22,0,30,0,0,67,0,67,0,8,89,0,97,86,0,86,183
05/30/2003,LAF,IN,AGL,CE,Towers with Display (VFR),0,5,13,1,19,0,0,58,0,58,0,5,71,1,77,123,0,123,200
05/31/2003,LAF,IN,AGL,CE,Towers with Display (VFR),0,2,6,0,8,0,0,12,0,12,0,2,18,0,20,10,0,10,30
06/01/2003,LAF,IN,AGL,CE,Towers with Display (VFR),0,2,15,0,17,0,2,68,0,70,0,4,83,0,87,78,0,78,165
06/02/2003,LAF,IN,AGL,CE,Towers with Display (VFR),0,3,19,0,22,0,2,66,0,68,0,5,85,0,90,124,0,124,214
06/03/2003,LAF,IN,AGL,CE,Towers with Display (VFR),0,4,27,0,31,0,2,3,0,5,0,6,30,0,36,20,0,20,56
06/04/2003,LAF,IN,AGL,CE,Towers with Display (VFR),0,5,27,0,32,0,0,76,0,76,0,5,103,0,108,160,0,160,268
06/05/2003,LAF,IN,AGL,CE,Towers with Display (VFR),0,5,13,0,18,0,0,86,0,86,0,5,99,0,104,112,0,112,216
06/06/2003,LAF,IN,AGL,CE,Towers with Display (VFR),0,5,17,0,22,0,0,39,2,41,0,5,56,2,63,60,0,60,123
06/07/2003,LAF,IN,AGL,CE,Towers with Display (VFR),0,2,18,0,20,0,0,60,0,60,0,2,78,0,80,80,0,80,160
06/08/2003,LAF,IN,AGL,CE,Towers with Display (VFR),0,4,8,0,12,0,0,26,0,26,0,4,34,0,38,38,0,38,76
06/09/2003,LAF,IN,AGL,CE,Towers with Display (VFR),0,5,29,0,34,0,0,74,0,74,0,5,103,0,108,108,0,108,216
06/10/2003,LAF,IN,AGL,CE,Towers with Display (VFR),0,4,29,0,33,0,0,22,0,22,0,4,51,0,55,48,0,48,103
06/11/2003,LAF,IN,AGL,CE,Towers with Display (VFR),0,6,23,0,29,0,0,13,0,13,0,6,36,0,42,64,0,64,106
06/12/2003,LAF,IN,AGL,CE,Towers with Display (VFR),0,8,29,0,37,0,0,35,0,35,0,8,64,0,72,100,0,100,172
06/13/2003,LAF,IN,AGL,CE,Towers with Display (VFR),0,6,13,4,23,0,0,4,0,4,0,6,17,4,27,0,0,0,27
06/14/2003,LAF,IN,AGL,CE,Towers with Display (VFR),0,2,16,0,18,0,0,29,0,29,0,2,45,0,47,24,0,24,71
06/15/2003,LAF,IN,AGL,CE,Towers with Display (VFR),0,4,15,1,20,0,0,66,0,66,0,4,81,1,86,84,0,84,170
06/16/2003,LAF,IN,AGL,CE,Towers with Display (VFR),0,6,38,0,44,0,0,77,0,77,0,6,115,0,121,92,0,92,213
06/17/2003,LAF,IN,AGL,CE,Towers with Display (VFR),0,6,22,0,28,0,0,111,0,111,0,6,133,0,139,236,0,236,375
06/18/2003,LAF,IN,AGL,CE,Towers with Display (VFR),0,6,34,0,40,0,0,106,0,106,0,6,140,0,146,146,0,146,292
06/19/2003,LAF,IN,AGL,CE,Towers with Display (VFR),0,7,47,0,54,0,0,77,0,77,0,7,124,0,131,76,0,76,207
06/20/2003,LAF,IN,AGL,CE,Towers with Display (VFR),0,5,48,0,53,0,0,141,0,141,0,5,189,0,194,114,0,114,308
06/21/2003,LAF,IN,AGL,CE,Towers with Display (VFR),0,3,8,0,11,0,0,166,0,166,0,3,174,0,177,106,0,106,283
06/22/2003,LAF,IN,AGL,CE,Towers with Display (VFR),0,5,16,0,21,0,0,88,0,88,0,5,104,0,109,84,0,84,193
06/23/2003,LAF,IN,AGL,CE,Towers with Display (VFR),0,10,45,0,55,0,0,155,0,155,0,10,200,0,210,270,0,270,480
06/24/2003,LAF,IN,AGL,CE,Towers with Display (VFR),0,6,41,0,47,0,0,126,0,126,0,6,167,0,173,186,0,186,359
06/25/2003,LAF,IN,AGL,CE,Towers with Display (VFR),0,10,51,2,63,0,0,145,0,145,0,10,196,2,208,274,0,274,482
06/26/2003,LAF,IN,AGL,CE,Towers with Display (VFR),0,8,35,0,43,0,0,31,0,31,0,8,66,0,74,50,0,50,124
06/27/2003,LAF,IN,AGL,CE,Towers with Display (VFR),0,5,32,4,41,0,0,126,0,126,0,5,158,4,167,182,0,182,349
06/28/2003,LAF,IN,AGL,CE,Towers with Display (VFR),0,3,19,0,22,0,0,45,0,45,0,3,64,0,67,40,0,40,107
06/29/2003,LAF,IN,AGL,CE,Towers with Display (VFR),0,4,14,2,20,0,0,41,0,41,0,4,55,2,61,46,4,50,111
06/30/2003,LAF,IN,AGL,CE,Towers with Display (VFR),0,5,47,0,52,0,0,120,1,121,0,5,167,1,173,224,0,224,397
07/01/2003,LAF,IN,AGL,CE,Towers with Display (VFR),0,6,38,1,45,0,0,86,0,86,0,6,124,1,131,260,0,260,391
07/02/2003,LAF,IN,AGL,CE,Towers with Display (VFR),0,5,39,0,44,0,0,88,0,88,0,5,127,0,132,138,0,138,270
07/03/2003,LAF,IN,AGL,CE,Towers with Display (VFR),0,6,54,0,60,0,0,134,0,134,0,6,188,0,194,226,0,226,420
07/04/2003,LAF,IN,AGL,CE,Towers with Display (VFR),0,3,1,0,4,0,0,18,0,18,0,3,19,0,22,20,0,20,42
07/05/2003,LAF,IN,AGL,CE,Towers with Display (VFR),0,2,16,0,18,0,0,14,0,14,0,2,30,0,32,14,0,14,46
07/06/2003,LAF,IN,AGL,CE,Towers with Display (VFR),0,5,16,0,21,0,0,39,0,39,0,5,55,0,60,36,0,36,96
07/07/2003,LAF,IN,AGL,CE,Towers with Display (VFR),0,8,45,0,53,0,0,85,0,85,0,8,130,0,138,104,0,104,242
07/08/2003,LAF,IN,AGL,CE,Towers with Display (VFR),0,7,30,0,37,0,0,81,0,81,0,7,111,0,118,92,0,92,210
07/09/2003,LAF,IN,AGL,CE,Towers with Display (VFR),0,4,17,0,21,0,0,0,0,0,0,4,17,0,21,0,0,0,21
07/10/2003,LAF,IN,AGL,CE,Towers with Display (VFR),0,5,34,0,39,0,0,65,0,65,0,5,99,0,104,194,0,194,298
07/11/2003,LAF,IN,AGL,CE,Towers with Display (VFR),0,7,43,0,50,0,0,118,0,118,0,7,161,0,168,158,0,158,326
07/12/2003,LAF,IN,AGL,CE,Towers with Display (VFR),0,4,20,0,24,0,0,133,0,133,0,4,153,0,157,78,0,78,235
07/13/2003,LAF,IN,AGL,CE,Towers with Display (VFR),0,7,7,0,14,0,0,128,0,128,0,7,135,0,142,90,0,90,232
07/14/2003,LAF,IN,AGL,CE,Towers with Display (VFR),0,7,29,0,36,0,1,124,0,125,0,8,153,0,161,160,0,160,321
07/15/2003,LAF,IN,AGL,CE,Towers with Display (VFR),0,11,19,0,30,0,0,24,0,24,0,11,43,0,54,48,0,48,102
07/16/2003,LAF,IN,AGL,CE,Towers with Display (VFR),0,6,34,0,40,0,0,147,0,147,0,6,181,0,187,226,0,226,413
07/17/2003,LAF,IN,AGL,CE,Towers with Display (VFR),0,7,30,0,37,0,0,155,0,155,0,7,185,0,192,230,0,230,422
07/18/2003,LAF,IN,AGL,CE,Towers with Display (VFR),0,5,23,0,28,0,0,77,0,77,0,5,100,0,105,266,0,266,371
07/19/2003,LAF,IN,AGL,CE,Towers with Display (VFR),0,2,12,0,14,0,0,78,0,78,0,2,90,0,92,96,0,96,188
07/20/2003,LAF,IN,AGL,CE,Towers with Display (VFR),0,4,13,0,17,0,0,43,0,43,0,4,56,0,60,88,0,88,148
07/21/2003,LAF,IN,AGL,CE,Towers with Display (VFR),0,7,29,0,36,0,0,64,0,64,0,7,93,0,100,130,0,130,230
07/22/2003,LAF,IN,AGL,CE,Towers with Display (VFR),0,5,37,0,42,0,0,73,0,73,0,5,110,0,115,184,0,184,299
07/23/2003,LAF,IN,AGL,CE,Towers with Display (VFR),0,5,35,0,40,0,0,113,0,113,0,5,148,0,153,195,0,195,348
07/24/2003,LAF,IN,AGL,CE,Towers with Display (VFR),0,5,26,0,31,0,0,139,0,139,0,5,165,0,170,238,0,238,408
07/25/2003,LAF,IN,AGL,CE,Towers with Display (VFR),0,5,19,4,28,0,0,123,0,123,0,5,142,4,151,138,0,138,289
07/26/2003,LAF,IN,AGL,CE,Towers with Display (VFR),0,2,15,0,17,0,0,62,0,62,0,2,77,0,79,58,0,58,137
07/27/2003,LAF,IN,AGL,CE,Towers with Display (VFR),0,6,23,0,29,0,0,51,0,51,0,6,74,0,80,28,0,28,108
07/28/2003,LAF,IN,AGL,CE,Towers with Display (VFR),0,5,28,0,33,0,0,51,0,51,0,5,79,0,84,126,0,126,210
07/29/2003,LAF,IN,AGL,CE,Towers with Display (VFR),0,5,42,0,47,0,0,134,0,134,0,5,176,0,181,312,0,312,493
07/30/2003,LAF,IN,AGL,CE,Towers with Display (VFR),0,5,29,0,34,0,0,137,0,137,0,5,166,0,171,352,0,352,523
07/31/2003,LAF,IN,AGL,CE,Towers with Display (VFR),0,5,24,0,29,0,0,94,0,94,0,5,118,0,123,156,0,156,279
08/01/2003,LAF,IN,AGL,CE,Towers with Display (VFR),0,11,23,0,34,0,0,83,0,83,0,11,106,0,117,157,0,157,274
08/02/2003,LAF,IN,AGL,CE,Towers with Display (VFR),0,2,11,3,16,0,0,17,0,17,0,2,28,3,33,50,0,50,83
08/03/2003,LAF,IN,AGL,CE,Towers with Display (VFR),0,4,15,0,19,0,0,44,0,44,0,4,59,0,63,88,0,88,151
08/04/2003,LAF,IN,AGL,CE,Towers with Display (VFR),0,7,20,0,27,0,0,68,0,68,0,7,88,0,95,216,0,216,311
08/05/2003,LAF,IN,AGL,CE,Towers with Display (VFR),0,6,43,0,49,0,0,106,0,106,0,6,149,0,155,312,0,312,467
08/06/2003,LAF,IN,AGL,CE,Towers with Display (VFR),0,10,22,0,32,0,0,100,0,100,0,10,122,0,132,202,0,202,334
08/07/2003,LAF,IN,AGL,CE,Towers with Display (VFR),0,5,18,3,26,0,0,91,0,91,0,5,109,3,117,116,4,120,237
08/08/2003,LAF,IN,AGL,CE,Towers with Display (VFR),0,6,17,0,23,0,0,58,0,58,0,6,75,0,81,130,0,130,211
08/09/2003,LAF,IN,AGL,CE,Towers with Display (VFR),0,2,17,0,19,0,0,18,0,18,0,2,35,0,37,18,0,18,55
08/10/2003,LAF,IN,AGL,CE,Towers with Display (VFR),0,5,9,0,14,0,0,85,0,85,0,5,94,0,99,106,0,106,205
08/11/2003,LAF,IN,AGL,CE,Towers with Display (VFR),0,5,18,0,23,0,0,75,0,75,0,5,93,0,98,164,0,164,262
08/12/2003,LAF,IN,AGL,CE,Towers with Display (VFR),0,9,15,0,24,0,0,35,0,35,0,9,50,0,59,100,0,100,159
08/13/2003,LAF,IN,AGL,CE,Towers with Display (VFR),0,6,22,0,28,0,0,16,0,16,0,6,38,0,44,48,0,48,92
08/14/2003,LAF,IN,AGL,CE,Towers with Display (VFR),0,5,29,2,36,0,0,72,0,72,0,5,101,2,108,142,0,142,250
08/15/2003,LAF,IN,AGL,CE,Towers with Display (VFR),0,7,21,0,28,0,0,67,0,67,0,7,88,0,95,124,0,124,219
08/16/2003,LAF,IN,AGL,CE,Towers with Display (VFR),0,2,12,0,14,0,0,46,0,46,0,2,58,0,60,82,0,82,142
08/17/2003,LAF,IN,AGL,CE,Towers with Display (VFR),0,4,15,0,19,0,0,65,0,65,0,4,80,0,84,73,0,73,157
08/18/2003,LAF,IN,AGL,CE,Towers with Display (VFR),0,5,25,0,30,0,0,110,0,110,0,5,135,0,140,148,0,148,288
08/19/2003,LAF,IN,AGL,CE,Towers with Display (VFR),0,4,21,0,25,0,0,80,0,80,0,4,101,0,105,196,0,196,301
08/20/2003,LAF,IN,AGL,CE,Towers with Display (VFR),0,5,38,0,43,0,0,88,0,88,0,5,126,0,131,134,0,134,265
08/21/2003,LAF,IN,AGL,CE,Towers with Display (VFR),0,6,25,0,31,0,1,81,0,82,0,7,106,0,113,142,0,142,255
08/22/2003,LAF,IN,AGL,CE,Towers with Display (VFR),0,7,33,0,40,0,0,120,0,120,0,7,153,0,160,166,0,166,326
08/23/2003,LAF,IN,AGL,CE,Towers with Display (VFR),0,2,20,0,22,0,0,88,0,88,0,2,108,0,110,85,0,85,195
08/24/2003,LAF,IN,AGL,CE,Towers with Display (VFR),2,5,21,0,28,0,0,88,3,91,2,5,109,3,119,86,0,86,205
08/25/2003,LAF,IN,AGL,CE,Towers with Display (VFR),0,7,15,0,22,0,0,65,0,65,0,7,80,0,87,98,0,98,185
08/26/2003,LAF,IN,AGL,CE,Towers with Display (VFR),0,5,8,0,13,0,0,47,0,47,0,5,55,0,60,86,0,86,146
08/27/2003,LAF,IN,AGL,CE,Towers with Display (VFR),0,4,22,0,26,0,0,163,0,163,0,4,185,0,189,158,0,158,347
08/28/2003,LAF,IN,AGL,CE,Towers with Display (VFR),0,6,12,0,18,0,0,158,0,158,0,6,170,0,176,294,0,294,470
08/29/2003,LAF,IN,AGL,CE,Towers with Display (VFR),0,2,20,0,22,0,0,1,0,1,0,2,21,0,23,0,0,0,23
08/30/2003,LAF,IN,AGL,CE,Towers with Display (VFR),0,2,26,0,28,0,0,184,0,184,0,2,210,0,212,238,0,238,450
08/31/2003,LAF,IN,AGL,CE,Towers with Display (VFR),0,4,10,0,14,0,0,8,0,8,0,4,18,0,22,6,0,6,28
09/01/2003,LAF,IN,AGL,CE,Towers with Display (VFR),0,2,7,0,9,0,0,1,0,1,0,2,8,0,10,0,0,0,10
09/02/2003,LAF,IN,AGL,CE,Towers with Display (VFR),0,3,15,0,18,0,0,1,0,1,0,3,16,0,19,2,0,2,21
09/03/2003,LAF,IN,AGL,CE,Towers with Display (VFR),0,5,22,0,27,0,0,96,0,96,0,5,118,0,123,342,0,342,465
09/04/2003,LAF,IN,AGL,CE,Towers with Display (VFR),0,3,34,0,37,0,0,229,0,229,0,3,263,0,266,382,0,382,648
09/05/2003,LAF,IN,AGL,CE,Towers with Display (VFR),0,6,39,0,45,0,0,233,0,233,0,6,272,0,278,439,0,439,717
09/06/2003,LAF,IN,AGL,CE,Towers with Display (VFR),0,5,35,0,40,0,0,257,0,257,0,5,292,0,297,90,0,90,387
09/07/2003,LAF,IN,AGL,CE,Towers with Display (VFR),0,5,25,0,30,0,0,153,0,153,0,5,178,0,183,68,0,68,251
09/08/2003,LAF,IN,AGL,CE,Towers with Display (VFR),0,3,41,0,44,0,0,259,0,259,0,3,300,0,303,396,0,396,699
09/09/2003,LAF,IN,AGL,CE,Towers with Display (VFR),0,3,33,3,39,0,0,228,0,228,0,3,261,3,267,424,0,424,691
09/10/2003,LAF,IN,AGL,CE,Towers with Display (VFR),0,3,55,0,58,0,0,151,0,151,0,3,206,0,209,326,0,326,535
09/11/2003,LAF,IN,AGL,CE,Towers with Display (VFR),0,3,52,0,55,0,0,188,0,188,0,3,240,0,243,520,0,520,763
09/12/2003,LAF,IN,AGL,CE,Towers with Display (VFR),2,6,42,2,52,0,0,160,1,161,2,6,202,3,213,340,0,340,553
09/13/2003,LAF,IN,AGL,CE,Towers with Display (VFR),2,2,34,0,38,0,0,165,0,165,2,2,199,0,203,322,0,322,525
09/14/2003,LAF,IN,AGL,CE,Towers with Display (VFR),0,4,23,0,27,0,0,39,0,39,0,4,62,0,66,54,0,54,120
09/15/2003,LAF,IN,AGL,CE,Towers with Display (VFR),0,3,19,0,22,0,0,235,0,235,0,3,254,0,257,566,0,566,823
09/16/2003,LAF,IN,AGL,CE,Towers with Display (VFR),0,3,57,0,60,0,0,245,0,245,0,3,302,0,305,772,0,772,1077
09/17/2003,LAF,IN,AGL,CE,Towers with Display (VFR),0,3,45,0,48,0,0,192,0,192,0,3,237,0,240,446,0,446,686
09/18/2003,LAF,IN,AGL,CE,Towers with Display (VFR),0,4,48,0,52,0,0,290,0,290,0,4,338,0,342,580,0,580,922
09/19/2003,LAF,IN,AGL,CE,Towers with Display (VFR),0,3,46,0,49,0,0,144,0,144,0,3,190,0,193,412,0,412,605
09/20/2003,LAF,IN,AGL,CE,Towers with Display (VFR),1,2,59,2,64,0,0,180,0,180,1,2,239,2,244,104,0,104,348
09/21/2003,LAF,IN,AGL,CE,Towers with Display (VFR),0,4,31,0,35,0,0,163,0,163,0,4,194,0,198,160,0,160,358
09/22/2003,LAF,IN,AGL,CE,Towers with Display (VFR),0,5,31,0,36,0,0,110,0,110,0,5,141,0,146,431,0,431,577
09/23/2003,LAF,IN,AGL,CE,Towers with Display (VFR),0,3,59,0,62,0,0,196,0,196,0,3,255,0,258,640,0,640,898
09/24/2003,LAF,IN,AGL,CE,Towers with Display (VFR),0,3,36,0,39,0,0,116,0,116,0,3,152,0,155,260,0,260,415
09/25/2003,LAF,IN,AGL,CE,Towers with Display (VFR),0,6,64,0,70,0,1,222,0,223,0,7,286,0,293,575,0,575,868
09/26/2003,LAF,IN,AGL,CE,Towers with Display (VFR),0,3,57,0,60,0,0,142,0,142,0,3,199,0,202,395,0,395,597
09/27/2003,LAF,IN,AGL,CE,Towers with Display (VFR),0,10,68,0,78,0,0,150,7,157,0,10,218,7,235,99,0,99,334
09/28/2003,LAF,IN,AGL,CE,Towers with Display (VFR),0,6,30,0,36,0,0,83,1,84,0,6,113,1,120,108,0,108,228
09/29/2003,LAF,IN,AGL,CE,Towers with Display (VFR),0,5,80,0,85,0,0,193,0,193,0,5,273,0,278,626,0,626,904
09/30/2003,LAF,IN,AGL,CE,Towers with Display (VFR),0,3,78,0,81,0,0,206,0,206,0,3,284,0,287,576,0,576,863
10/01/2003,LAF,IN,AGL,CE,Towers with Display (VFR),0,3,75,0,78,0,0,206,0,206,0,3,281,0,284,557,0,557,841
10/02/2003,LAF,IN,AGL,CE,Towers with Display (VFR),0,9,94,0,103,0,0,216,0,216,0,9,310,0,319,582,0,582,901
10/03/2003,LAF,IN,AGL,CE,Towers with Display (VFR),0,7,64,0,71,0,0,75,0,75,0,7,139,0,146,182,0,182,328
10/04/2003,LAF,IN,AGL,CE,Towers with Display (VFR),0,6,56,0,62,0,4,172,0,176,0,10,228,0,238,208,0,208,446
10/05/2003,LAF,IN,AGL,CE,Towers with Display (VFR),0,3,27,0,30,0,1,149,0,150,0,4,176,0,180,99,0,99,279
10/06/2003,LAF,IN,AGL,CE,Towers with Display (VFR),0,3,68,0,71,0,0,215,0,215,0,3,283,0,286,532,0,532,818
10/07/2003,LAF,IN,AGL,CE,Towers with Display (VFR),0,3,69,0,72,0,0,222,2,224,0,3,291,2,296,474,0,474,770
10/08/2003,LAF,IN,AGL,CE,Towers with Display (VFR),0,3,57,0,60,0,0,225,0,225,0,3,282,0,285,397,0,397,682
10/09/2003,LAF,IN,AGL,CE,Towers with Display (VFR),0,7,68,0,75,0,0,189,0,189,0,7,257,0,264,480,0,480,744
10/10/2003,LAF,IN,AGL,CE,Towers with Display (VFR),0,5,67,1,73,0,0,131,1,132,0,5,198,2,205,338,2,340,545
10/11/2003,LAF,IN,AGL,CE,Towers with Display (VFR),0,4,45,0,49,2,3,114,0,119,2,7,159,0,168,45,0,45,213
10/12/2003,LAF,IN,AGL,CE,Towers with Display (VFR),0,2,23,0,25,0,2,102,0,104,0,4,125,0,129,36,0,36,165
10/13/2003,LAF,IN,AGL,CE,Towers with Display (VFR),0,2,23,0,25,0,5,87,0,92,0,7,110,0,117,162,0,162,279
10/14/2003,LAF,IN,AGL,CE,Towers with Display (VFR),0,4,38,0,42,0,1,5,0,6,0,5,43,0,48,0,0,0,48
10/15/2003,LAF,IN,AGL,CE,Towers with Display (VFR),0,3,51,0,54,0,0,183,0,183,0,3,234,0,237,396,0,396,633
10/16/2003,LAF,IN,AGL,CE,Towers with Display (VFR),0,4,57,1,62,0,0,147,1,148,0,4,204,2,210,284,6,290,500
10/17/2003,LAF,IN,AGL,CE,Towers with Display (VFR),0,4,46,0,50,2,1,171,2,176,2,5,217,2,226,320,2,322,548
10/18/2003,LAF,IN,AGL,CE,Towers with Display (VFR),0,2,34,0,36,2,0,134,0,136,2,2,168,0,172,214,0,214,386
10/19/2003,LAF,IN,AGL,CE,Towers with Display (VFR),0,3,33,0,36,0,1,114,3,118,0,4,147,3,154,78,0,78,232
10/20/2003,LAF,IN,AGL,CE,Towers with Display (VFR),0,3,38,0,41,0,0,108,0,108,0,3,146,0,149,256,0,256,405
10/21/2003,LAF,IN,AGL,CE,Towers with Display (VFR),0,3,44,0,47,0,0,164,0,164,0,3,208,0,211,390,0,390,601
10/22/2003,LAF,IN,AGL,CE,Towers with Display (VFR),0,5,56,0,61,0,4,162,2,168,0,9,218,2,229,512,0,512,741
10/23/2003,LAF,IN,AGL,CE,Towers with Display (VFR),0,3,56,0,59,0,0,166,0,166,0,3,222,0,225,343,0,343,568
10/24/2003,LAF,IN,AGL,CE,Towers with Display (VFR),0,6,70,0,76,1,0,167,0,168,1,6,237,0,244,282,0,282,526
10/25/2003,LAF,IN,AGL,CE,Towers with Display (VFR),0,3,36,0,39,1,3,12,0,16,1,6,48,0,55,20,0,20,75
10/26/2003,LAF,IN,AGL,CE,Towers with Display (VFR),0,2,20,0,22,0,2,88,0,90,0,4,108,0,112,106,0,106,218
10/27/2003,LAF,IN,AGL,CE,Towers with Display (VFR),0,3,33,0,36,0,1,75,0,76,0,4,108,0,112,132,0,132,244
10/28/2003,LAF,IN,AGL,CE,Towers with Display (VFR),0,2,25,0,27,0,3,6,0,9,0,5,31,0,36,56,0,56,92
10/29/2003,LAF,IN,AGL,CE,Towers with Display (VFR),0,6,56,0,62,0,0,199,0,199,0,6,255,0,261,374,0,374,635
10/30/2003,LAF,IN,AGL,CE,Towers with Display (VFR),0,4,47,0,51,0,0,138,0,138,0,4,185,0,189,292,0,292,481
10/31/2003,LAF,IN,AGL,CE,Towers with Display (VFR),0,4,46,0,50,0,0,75,0,75,0,4,121,0,125,68,0,68,193
11/01/2003,LAF,IN,AGL,CE,Towers with Display (VFR),0,4,44,0,48,0,0,25,0,25,0,4,69,0,73,2,0,2,75
11/02/2003,LAF,IN,AGL,CE,Towers with Display (VFR),0,2,37,0,39,0,0,66,0,66,0,2,103,0,105,132,0,132,237
11/03/2003,LAF,IN,AGL,CE,Towers with Display (VFR),0,6,56,0,62,0,0,211,0,211,0,6,267,0,273,468,0,468,741
11/04/2003,LAF,IN,AGL,CE,Towers with Display (VFR),0,4,35,0,39,0,0,154,0,154,0,4,189,0,193,358,0,358,551
11/05/2003,LAF,IN,AGL,CE,Towers with Display (VFR),0,5,37,0,42,0,0,21,0,21,0,5,58,0,63,86,0,86,149
11/06/2003,LAF,IN,AGL,CE,Towers with Display (VFR),0,4,36,0,40,0,0,180,0,180,0,4,216,0,220,490,0,490,710
11/07/2003,LAF,IN,AGL,CE,Towers with Display (VFR),1,4,70,0,75,1,0,192,1,194,2,4,262,1,269,302,0,302,571
11/08/2003,LAF,IN,AGL,CE,Towers with Display (VFR),1,4,47,0,52,1,0,203,0,204,2,4,250,0,256,116,0,116,372
11/09/2003,LAF,IN,AGL,CE,Towers with Display (VFR),0,4,25,0,29,0,0,143,0,143,0,4,168,0,172,180,0,180,352
11/10/2003,LAF,IN,AGL,CE,Towers with Display (VFR),0,4,58,0,62,0,0,180,0,180,0,4,238,0,242,320,0,320,562
11/11/2003,LAF,IN,AGL,CE,Towers with Display (VFR),0,3,19,0,22,0,1,10,0,11,0,4,29,0,33,36,0,36,69
11/12/2003,LAF,IN,AGL,CE,Towers with Display (VFR),0,4,22,0,26,0,0,35,0,35,0,4,57,0,61,48,0,48,109
11/13/2003,LAF,IN,AGL,CE,Towers with Display (VFR),0,8,47,0,55,0,2,108,0,110,0,10,155,0,165,246,0,246,411
11/14/2003,LAF,IN,AGL,CE,Towers with Display (VFR),0,8,58,0,66,1,0,153,0,154,1,8,211,0,220,344,0,344,564
11/15/2003,LAF,IN,AGL,CE,Towers with Display (VFR),0,2,16,0,18,0,0,1,0,1,0,2,17,0,19,0,0,0,19
11/16/2003,LAF,IN,AGL,CE,Towers with Display (VFR),0,3,19,0,22,2,1,4,0,7,2,4,23,0,29,10,0,10,39
11/17/2003,LAF,IN,AGL,CE,Towers with Display (VFR),0,3,26,0,29,0,3,78,0,81,0,6,104,0,110,220,0,220,330
11/18/2003,LAF,IN,AGL,CE,Towers with Display (VFR),0,2,17,0,19,0,2,1,0,3,0,4,18,0,22,16,0,16,38
11/19/2003,LAF,IN,AGL,CE,Towers with Display (VFR),0,6,41,0,47,0,0,166,0,166,0,6,207,0,213,354,0,354,567
11/20/2003,LAF,IN,AGL,CE,Towers with Display (VFR),0,5,35,0,40,0,2,176,0,178,0,7,211,0,218,368,0,368,586
11/21/2003,LAF,IN,AGL,CE,Towers with Display (VFR),0,6,46,0,52,0,1,211,0,212,0,7,257,0,264,322,0,322,586
11/22/2003,LAF,IN,AGL,CE,Towers with Display (VFR),0,3,27,0,30,0,0,127,2,129,0,3,154,2,159,220,0,220,379
11/23/2003,LAF,IN,AGL,CE,Towers with Display (VFR),0,0,8,0,8,1,2,9,0,12,1,2,17,0,20,24,0,24,44
11/24/2003,LAF,IN,AGL,CE,Towers with Display (VFR),0,4,27,0,31,0,2,43,0,45,0,6,70,0,76,102,0,102,178
11/25/2003,LAF,IN,AGL,CE,Towers with Display (VFR),0,3,27,0,30,0,0,124,0,124,0,3,151,0,154,304,0,304,458
11/26/2003,LAF,IN,AGL,CE,Towers with Display (VFR),0,2,19,0,21,0,4,45,0,49,0,6,64,0,70,74,0,74,144
11/27/2003,LAF,IN,AGL,CE,Towers with Display (VFR),0,0,6,0,6,0,2,0,0,2,0,2,6,0,8,0,0,0,8
11/28/2003,LAF,IN,AGL,CE,Towers with Display (VFR),0,0,6,0,6,0,4,0,0,4,0,4,6,0,10,0,0,0,10
11/29/2003,LAF,IN,AGL,CE,Towers with Display (VFR),0,1,13,0,14,0,3,23,0,26,0,4,36,0,40,52,0,52,92
11/30/2003,LAF,IN,AGL,CE,Towers with Display (VFR),0,3,21,0,24,0,0,64,0,64,0,3,85,0,88,116,0,116,204
12/01/2003,LAF,IN,AGL,CE,Towers with Display (VFR),0,5,22,0,27,0,0,113,0,113,0,5,135,0,140,156,0,156,296
12/02/2003,LAF,IN,AGL,CE,Towers with Display (VFR),0,6,30,0,36,0,0,139,0,139,0,6,169,0,175,409,0,409,584
12/03/2003,LAF,IN,AGL,CE,Towers with Display (VFR),0,5,21,0,26,0,0,113,0,113,0,5,134,0,139,354,0,354,493
12/04/2003,LAF,IN,AGL,CE,Towers with Display (VFR),0,3,9,0,12,0,1,2,0,3,0,4,11,0,15,12,0,12,27
12/05/2003,LAF,IN,AGL,CE,Towers with Display (VFR),0,4,12,0,16,0,3,1,0,4,0,7,13,0,20,8,0,8,28
12/06/2003,LAF,IN,AGL,CE,Towers with Display (VFR),0,2,16,0,18,0,0,83,0,83,0,2,99,0,101,278,0,278,379
12/07/2003,LAF,IN,AGL,CE,Towers with Display (VFR),0,4,18,0,22,0,0,77,0,77,0,4,95,0,99,172,0,172,271
12/08/2003,LAF,IN,AGL,CE,Towers with Display (VFR),0,5,23,0,28,0,0,124,0,124,0,5,147,0,152,234,0,234,386
12/09/2003,LAF,IN,AGL,CE,Towers with Display (VFR),0,4,20,0,24,0,0,15,0,15,0,4,35,0,39,70,0,70,109
12/10/2003,LAF,IN,AGL,CE,Towers with Display (VFR),0,8,22,0,30,0,3,0,0,3,0,11,22,0,33,2,0,2,35
12/11/2003,LAF,IN,AGL,CE,Towers with Display (VFR),0,6,19,0,25,0,0,71,2,73,0,6,90,2,98,198,0,198,296
12/12/2003,LAF,IN,AGL,CE,Towers with Display (VFR),0,6,25,0,31,0,0,191,0,191,0,6,216,0,222,312,0,312,534
12/13/2003,LAF,IN,AGL,CE,Towers with Display (VFR),0,4,11,0,15,0,0,74,0,74,0,4,85,0,89,180,0,180,269
12/14/2003,LAF,IN,AGL,CE,Towers with Display (VFR),0,1,4,0,5,0,1,5,0,6,0,2,9,0,11,16,0,16,27
12/15/2003,LAF,IN,AGL,CE,Towers with Display (VFR),0,6,20,0,26,0,1,28,0,29,0,7,48,0,55,14,0,14,69
12/16/2003,LAF,IN,AGL,CE,Towers with Display (VFR),0,5,15,0,20,0,4,11,0,15,0,9,26,0,35,96,0,96,131
12/17/2003,LAF,IN,AGL,CE,Towers with Display (VFR),0,4,15,0,19,0,0,32,0,32,0,4,47,0,51,150,0,150,201
12/18/2003,LAF,IN,AGL,CE,Towers with Display (VFR),0,4,16,0,20,0,0,35,0,35,0,4,51,0,55,68,0,68,123
12/19/2003,LAF,IN,AGL,CE,Towers with Display (VFR),0,4,18,0,22,0,0,48,0,48,0,4,66,0,70,160,0,160,230
12/20/2003,LAF,IN,AGL,CE,Towers with Display (VFR),0,2,22,0,24,0,0,90,0,90,0,2,112,0,114,128,0,128,242
12/21/2003,LAF,IN,AGL,CE,Towers with Display (VFR),0,4,13,0,17,0,2,45,0,47,0,6,58,0,64,20,0,20,84
12/22/2003,LAF,IN,AGL,CE,Towers with Display (VFR),0,4,13,0,17,0,0,41,0,41,0,4,54,0,58,88,0,88,146
12/23/2003,LAF,IN,AGL,CE,Towers with Display (VFR),0,4,9,0,13,3,0,0,0,3,3,4,9,0,16,0,0,0,16
12/24/2003,LAF,IN,AGL,CE,Towers with Display (VFR),0,2,7,0,9,0,2,4,0,6,0,4,11,0,15,6,0,6,21
12/25/2003,LAF,IN,AGL,CE,Towers with Display (VFR),0,0,4,0,4,0,2,3,0,5,0,2,7,0,9,0,0,0,9
12/26/2003,LAF,IN,AGL,CE,Towers with Display (VFR),0,5,18,0,23,0,2,74,0,76,0,7,92,0,99,82,0,82,181
12/27/2003,LAF,IN,AGL,CE,Towers with Display (VFR),0,2,11,0,13,0,0,63,0,63,0,2,74,0,76,88,0,88,164
12/28/2003,LAF,IN,AGL,CE,Towers with Display (VFR),0,2,12,0,14,8,0,10,0,18,8,2,22,0,32,48,0,48,80
12/29/2003,LAF,IN,AGL,CE,Towers with Display (VFR),0,3,9,0,12,1,2,0,0,3,1,5,9,0,15,0,0,0,15
12/30/2003,LAF,IN,AGL,CE,Towers with Display (VFR),0,3,9,0,12,1,1,46,0,48,1,4,55,0,60,66,0,66,126
12/31/2003,LAF,IN,AGL,CE,Towers with Display (VFR),0,1,5,0,6,0,3,31,0,34,0,4,36,0,40,56,0,56,96
01/01/2004,LAF,IN,AGL,CE,Towers with Display (VFR),0,1,6,0,7,0,3,9,0,12,0,4,15,0,19,4,0,4,23
01/02/2004,LAF,IN,AGL,CE,Towers with Display (VFR),1,2,9,0,12,1,0,0,0,1,2,2,9,0,13,0,0,0,13
01/03/2004,LAF,IN,AGL,CE,Towers with Display (VFR),0,3,8,0,11,0,1,19,0,20,0,4,27,0,31,82,0,82,113
01/04/2004,LAF,IN,AGL,CE,Towers with Display (VFR),0,2,3,0,5,0,2,0,0,2,0,4,3,0,7,0,0,0,7
01/05/2004,LAF,IN,AGL,CE,Towers with Display (VFR),0,4,11,0,15,0,0,7,0,7,0,4,18,0,22,0,0,0,22
01/06/2004,LAF,IN,AGL,CE,Towers with Display (VFR),0,2,8,0,10,2,0,36,0,38,2,2,44,0,48,44,0,44,92
01/07/2004,LAF,IN,AGL,CE,Towers with Display (VFR),0,6,15,0,21,0,2,63,0,65,0,8,78,0,86,86,0,86,172
01/08/2004,LAF,IN,AGL,CE,Towers with Display (VFR),0,4,22,0,26,0,0,27,0,27,0,4,49,0,53,44,0,44,97
01/09/2004,LAF,IN,AGL,CE,Towers with Display (VFR),0,4,15,0,19,0,0,20,0,20,0,4,35,0,39,20,0,20,59
01/10/2004,LAF,IN,AGL,CE,Towers with Display (VFR),0,0,4,0,4,0,2,54,0,56,0,2,58,0,60,74,0,74,134
01/11/2004,LAF,IN,AGL,CE,Towers with Display (VFR),0,2,14,0,16,0,0,42,0,42,0,2,56,0,58,42,0,42,100
01/12/2004,LAF,IN,AGL,CE,Towers with Display (VFR),0,4,13,0,17,0,1,0,0,1,0,5,13,0,18,4,0,4,22
01/13/2004,LAF,IN,AGL,CE,Towers with Display (VFR),0,5,19,0,24,0,0,70,0,70,0,5,89,0,94,194,0,194,288
01/14/2004,LAF,IN,AGL,CE,Towers with Display (VFR),0,4,19,0,23,0,0,90,0,90,0,4,109,0,113,178,0,178,291
01/15/2004,LAF,IN,AGL,CE,Towers with Display (VFR),0,4,17,0,21,0,0,179,0,179,0,4,196,0,200,476,0,476,676
01/16/2004,LAF,IN,AGL,CE,Towers with Display (VFR),0,4,18,0,22,0,0,167,0,167,0,4,185,0,189,308,0,308,497
01/17/2004,LAF,IN,AGL,CE,Towers with Display (VFR),0,0,1,0,1,0,0,0,0,0,0,0,1,0,1,0,0,0,1
01/18/2004,LAF,IN,AGL,CE,Towers with Display (VFR),0,3,12,0,15,0,3,24,0,27,0,6,36,0,42,66,0,66,108
01/19/2004,LAF,IN,AGL,CE,Towers with Display (VFR),0,6,28,0,34,0,3,81,0,84,0,9,109,0,118,158,0,158,276
01/20/2004,LAF,IN,AGL,CE,Towers with Display (VFR),0,4,29,0,33,1,0,180,0,181,1,4,209,0,214,440,0,440,654
01/21/2004,LAF,IN,AGL,CE,Towers with Display (VFR),0,5,28,0,33,0,0,179,0,179,0,5,207,0,212,278,0,278,490
01/22/2004,LAF,IN,AGL,CE,Towers with Display (VFR),0,6,27,0,33,0,6,163,0,169,0,12,190,0,202,228,0,228,430
01/23/2004,LAF,IN,AGL,CE,Towers with Display (VFR),0,4,23,0,27,0,0,147,0,147,0,4,170,0,174,354,0,354,528
01/24/2004,LAF,IN,AGL,CE,Towers with Display (VFR),0,2,15,0,17,0,0,114,0,114,0,2,129,0,131,210,0,210,341
01/25/2004,LAF,IN,AGL,CE,Towers with Display (VFR),0,0,5,0,5,0,2,9,0,11,0,2,14,0,16,4,0,4,20
01/26/2004,LAF,IN,AGL,CE,Towers with Display (VFR),0,0,5,0,5,0,0,0,0,0,0,0,5,0,5,0,0,0,5
01/27/2004,LAF,IN,AGL,CE,Towers with Display (VFR),0,2,8,0,10,0,2,0,0,2,0,4,8,0,12,0,0,0,12
01/28/2004,LAF,IN,AGL,CE,Towers with Display (VFR),0,5,36,0,41,0,0,211,0,211,0,5,247,0,252,562,0,562,814
01/29/2004,LAF,IN,AGL,CE,Towers with Display (VFR),0,4,17,0,21,0,0,107,0,107,0,4,124,0,128,332,0,332,460
01/30/2004,LAF,IN,AGL,CE,Towers with Display (VFR),0,5,35,0,40,0,0,148,0,148,0,5,183,0,188,184,0,184,372
01/31/2004,LAF,IN,AGL,CE,Towers with Display (VFR),0,4,36,0,40,0,0,136,0,136,0,4,172,0,176,218,0,218,394
02/01/2004,LAF,IN,AGL,CE,Towers with Display (VFR),0,3,24,0,27,0,0,106,0,106,0,3,130,0,133,96,0,96,229
02/02/2004,LAF,IN,AGL,CE,Towers with Display (VFR),0,2,14,0,16,0,3,42,0,45,0,5,56,0,61,140,0,140,201
02/03/2004,LAF,IN,AGL,CE,Towers with Display (VFR),0,2,14,0,16,0,3,22,0,25,0,5,36,0,41,238,0,238,279
02/04/2004,LAF,IN,AGL,CE,Towers with Display (VFR),0,5,57,0,62,0,5,211,0,216,0,10,268,0,278,598,0,598,876
02/05/2004,LAF,IN,AGL,CE,Towers with Display (VFR),0,0,23,0,23,0,0,53,0,53,0,0,76,0,76,52,0,52,128
02/06/2004,LAF,IN,AGL,CE,Towers with Display (VFR),0,2,13,0,15,0,3,0,0,3,0,5,13,0,18,28,0,28,46
02/07/2004,LAF,IN,AGL,CE,Towers with Display (VFR),0,1,5,0,6,0,6,0,0,6,0,7,5,0,12,0,0,0,12
02/08/2004,LAF,IN,AGL,CE,Towers with Display (VFR),0,2,16,0,18,0,0,50,0,50,0,2,66,0,68,150,0,150,218
02/09/2004,LAF,IN,AGL,CE,Towers with Display (VFR),0,5,48,0,53,0,1,151,0,152,0,6,199,0,205,516,0,516,721
02/10/2004,LAF,IN,AGL,CE,Towers with Display (VFR),0,4,48,0,52,0,0,193,0,193,0,4,241,0,245,606,0,606,851
02/11/2004,LAF,IN,AGL,CE,Towers with Display (VFR),0,5,64,0,69,0,0,213,0,213,0,5,277,0,282,530,0,530,812
02/12/2004,LAF,IN,AGL,CE,Towers with Display (VFR),0,4,44,0,48,0,1,156,0,157,0,5,200,0,205,662,0,662,867
02/13/2004,LAF,IN,AGL,CE,Towers with Display (VFR),0,4,41,0,45,0,4,95,0,99,0,8,136,0,144,346,0,346,490
02/14/2004,LAF,IN,AGL,CE,Towers with Display (VFR),0,2,54,0,56,0,0,209,0,209,0,2,263,0,265,350,0,350,615
02/15/2004,LAF,IN,AGL,CE,Towers with Display (VFR),0,0,32,0,32,0,0,139,0,139,0,0,171,0,171,104,0,104,275
02/16/2004,LAF,IN,AGL,CE,Towers with Display (VFR),0,2,43,0,45,0,0,219,0,219,0,2,262,0,264,508,0,508,772
02/17/2004,LAF,IN,AGL,CE,Towers with Display (VFR),0,3,69,0,72,0,0,208,0,208,0,3,277,0,280,708,0,708,988
02/18/2004,LAF,IN,AGL,CE,Towers with Display (VFR),0,6,75,0,81,0,8,178,0,186,0,14,253,0,267,590,0,590,857
02/19/2004,LAF,IN,AGL,CE,Towers with Display (VFR),0,7,93,0,100,0,2,227,0,229,0,9,320,0,329,672,0,672,1001
02/20/2004,LAF,IN,AGL,CE,Towers with Display (VFR),0,3,38,0,41,0,2,28,0,30,0,5,66,0,71,84,0,84,155
02/21/2004,LAF,IN,AGL,CE,Towers with Display (VFR),0,1,41,0,42,0,0,94,0,94,0,1,135,0,136,278,0,278,414
02/22/2004,LAF,IN,AGL,CE,Towers with Display (VFR),0,0,37,0,37,0,0,175,0,175,0,0,212,0,212,134,0,134,346
02/23/2004,LAF,IN,AGL,CE,Towers with Display (VFR),0,1,60,0,61,0,0,149,0,149,0,1,209,0,210,390,0,390,600
02/24/2004,LAF,IN,AGL,CE,Towers with Display (VFR),0,2,35,0,37,0,0,16,0,16,0,2,51,0,53,100,0,100,153
02/25/2004,LAF,IN,AGL,CE,Towers with Display (VFR),0,3,75,0,78,0,0,241,0,241,0,3,316,0,319,518,0,518,837
02/26/2004,LAF,IN,AGL,CE,Towers with Display (VFR),0,0,104,0,104,0,0,244,0,244,0,0,348,0,348,436,0,436,784
02/27/2004,LAF,IN,AGL,CE,Towers with Display (VFR),0,4,66,0,70,0,0,231,0,231,0,4,297,0,301,362,0,362,663
02/28/2004,LAF,IN,AGL,CE,Towers with Display (VFR),0,0,60,0,60,0,0,237,0,237,0,0,297,0,297,342,0,342,639
02/29/2004,LAF,IN,AGL,CE,Towers with Display (VFR),0,3,41,0,44,0,1,153,0,154,0,4,194,0,198,208,0,208,406
03/01/2004,LAF,IN,AGL,CE,Towers with Display (VFR),0,0,26,0,26,0,0,15,0,15,0,0,41,0,41,4,0,4,45
03/02/2004,LAF,IN,AGL,CE,Towers with Display (VFR),0,2,73,0,75,0,1,189,0,190,0,3,262,0,265,696,0,696,961
03/03/2004,LAF,IN,AGL,CE,Towers with Display (VFR),0,1,82,0,83,0,0,159,0,159,0,1,241,0,242,610,0,610,852
03/04/2004,LAF,IN,AGL,CE,Towers with Display (VFR),0,1,32,0,33,0,0,0,0,0,0,1,32,0,33,0,0,0,33
03/05/2004,LAF,IN,AGL,CE,Towers with Display (VFR),0,1,19,0,20,0,0,10,1,11,0,1,29,1,31,26,2,28,59
03/06/2004,LAF,IN,AGL,CE,Towers with Display (VFR),0,2,45,0,47,1,0,133,0,134,1,2,178,0,181,432,0,432,613
03/07/2004,LAF,IN,AGL,CE,Towers with Display (VFR),0,0,14,0,14,0,0,13,2,15,0,0,27,2,29,16,0,16,45
03/08/2004,LAF,IN,AGL,CE,Towers with Display (VFR),0,2,64,0,66,0,0,196,0,196,0,2,260,0,262,512,0,512,774
03/09/2004,LAF,IN,AGL,CE,Towers with Display (VFR),0,0,85,0,85,0,0,195,0,195,0,0,280,0,280,512,0,512,792
03/10/2004,LAF,IN,AGL,CE,Towers with Display (VFR),0,1,44,0,45,0,0,214,0,214,0,1,258,0,259,516,0,516,775
03/11/2004,LAF,IN,AGL,CE,Towers with Display (VFR),0,2,44,0,46,0,0,79,1,80,0,2,123,1,126,124,2,126,252
03/12/2004,LAF,IN,AGL,CE,Towers with Display (VFR),0,3,64,0,67,0,0,160,2,162,0,3,224,2,229,312,0,312,541
03/13/2004,LAF,IN,AGL,CE,Towers with Display (VFR),0,1,25,0,26,0,0,86,0,86,0,1,111,0,112,94,0,94,206
03/14/2004,LAF,IN,AGL,CE,Towers with Display (VFR),0,0,5,0,5,0,1,10,0,11,0,1,15,0,16,20,0,20,36
03/15/2004,LAF,IN,AGL,CE,Towers with Display (VFR),0,0,26,0,26,0,2,41,0,43,0,2,67,0,69,44,0,44,113
03/16/2004,LAF,IN,AGL,CE,Towers with Display (VFR),0,0,5,0,5,0,2,0,0,2,0,2,5,0,7,6,0,6,13
03/17/2004,LAF,IN,AGL,CE,Towers with Display (VFR),0,0,12,0,12,0,1,1,0,2,0,1,13,0,14,0,0,0,14
03/18/2004,LAF,IN,AGL,CE,Towers with Display (VFR),0,0,22,0,22,0,1,8,0,9,0,1,30,0,31,10,0,10,41
03/19/2004,LAF,IN,AGL,CE,Towers with Display (VFR),0,0,20,0,20,2,3,42,0,47,2,3,62,0,67,66,0,66,133
03/20/2004,LAF,IN,AGL,CE,Towers with Display (VFR),0,0,22,0,22,0,2,20,0,22,0,2,42,0,44,48,0,48,92
03/21/2004,LAF,IN,AGL,CE,Towers with Display (VFR),0,0,16,0,16,0,0,23,0,23,0,0,39,0,39,24,0,24,63
03/22/2004,LAF,IN,AGL,CE,Towers with Display (VFR),0,0,61,0,61,0,0,170,0,170,0,0,231,0,231,518,0,518,749
03/23/2004,LAF,IN,AGL,CE,Towers with Display (VFR),0,1,66,0,67,0,0,208,0,208,0,1,274,0,275,438,0,438,713
03/24/2004,LAF,IN,AGL,CE,Towers with Display (VFR),0,1,72,0,73,0,0,152,0,152,0,1,224,0,225,490,0,490,715
03/25/2004,LAF,IN,AGL,CE,Towers with Display (VFR),0,1,54,0,55,0,0,60,0,60,0,1,114,0,115,258,0,258,373
03/26/2004,LAF,IN,AGL,CE,Towers with Display (VFR),0,0,25,0,25,0,4,2,0,6,0,4,27,0,31,26,0,26,57
03/27/2004,LAF,IN,AGL,CE,Towers with Display (VFR),0,0,35,0,35,0,0,63,0,63,0,0,98,0,98,166,0,166,264
03/28/2004,LAF,IN,AGL,CE,Towers with Display (VFR),0,0,17,0,17,0,0,86,0,86,0,0,103,0,103,162,0,162,265
03/29/2004,LAF,IN,AGL,CE,Towers with Display (VFR),0,0,64,0,64,0,0,208,0,208,0,0,272,0,272,562,0,562,834
03/30/2004,LAF,IN,AGL,CE,Towers with Display (VFR),0,0,40,0,40,0,0,55,0,55,0,0,95,0,95,160,0,160,255
03/31/2004,LAF,IN,AGL,CE,Towers with Display (VFR),0,0,62,0,62,0,0,149,0,149,0,0,211,0,211,326,0,326,537
04/01/2004,LAF,IN,AGL,CE,Towers with Display (VFR),0,1,70,0,71,0,0,217,0,217,0,1,287,0,288,268,0,268,556
04/02/2004,LAF,IN,AGL,CE,Towers with Display (VFR),0,2,63,0,65,0,0,200,0,200,0,2,263,0,265,114,0,114,379
04/03/2004,LAF,IN,AGL,CE,Towers with Display (VFR),0,0,30,0,30,0,0,136,0,136,0,0,166,0,166,162,0,162,328
04/04/2004,LAF,IN,AGL,CE,Towers with Display (VFR),0,1,18,0,19,0,1,55,0,56,0,2,73,0,75,14,0,14,89
04/05/2004,LAF,IN,AGL,CE,Towers with Display (VFR),0,2,41,0,43,0,0,207,0,207,0,2,248,0,250,608,0,608,858
04/06/2004,LAF,IN,AGL,CE,Towers with Display (VFR),0,2,53,0,55,0,0,172,0,172,0,2,225,0,227,334,0,334,561
04/07/2004,LAF,IN,AGL,CE,Towers with Display (VFR),0,1,62,0,63,0,0,239,0,239,0,1,301,0,302,416,0,416,718
04/08/2004,LAF,IN,AGL,CE,Towers with Display (VFR),0,4,56,0,60,0,3,139,0,142,0,7,195,0,202,304,0,304,506
04/09/2004,LAF,IN,AGL,CE,Towers with Display (VFR),0,1,43,0,44,0,0,228,0,228,0,1,271,0,272,302,0,302,574
04/10/2004,LAF,IN,AGL,CE,Towers with Display (VFR),0,2,32,0,34,0,0,160,0,160,0,2,192,0,194,232,0,232,426
04/11/2004,LAF,IN,AGL,CE,Towers with Display (VFR),0,1,11,0,12,0,1,70,0,71,0,2,81,0,83,46,0,46,129
04/12/2004,LAF,IN,AGL,CE,Towers with Display (VFR),0,2,30,0,32,0,0,99,0,99,0,2,129,0,131,220,0,220,351
04/13/2004,LAF,IN,AGL,CE,Towers with Display (VFR),0,2,33,0,35,0,9,40,0,49,0,11,73,0,84,48,0,48,132
04/14/2004,LAF,IN,AGL,CE,Towers with Display (VFR),0,3,63,0,66,0,0,234,0,234,0,3,297,0,300,397,0,397,697
04/15/2004,LAF,IN,AGL,CE,Towers with Display (VFR),0,3,62,0,65,0,0,187,0,187,0,3,249,0,252,350,0,350,602
04/16/2004,LAF,IN,AGL,CE,Towers with Display (VFR),0,2,53,0,55,0,3,164,0,167,0,5,217,0,222,232,0,232,454
04/17/2004,LAF,IN,AGL,CE,Towers with Display (VFR),0,0,46,0,46,0,0,162,2,164,0,0,208,2,210,320,0,320,530
04/18/2004,LAF,IN,AGL,CE,Towers with Display (VFR),0,0,9,0,9,0,0,52,0,52,0,0,61,0,61,24,0,24,85
04/19/2004,LAF,IN,AGL,CE,Towers with Display (VFR),0,0,38,0,38,0,0,36,0,36,0,0,74,0,74,36,0,36,110
04/20/2004,LAF,IN,AGL,CE,Towers with Display (VFR),0,0,18,0,18,0,1,34,0,35,0,1,52,0,53,104,0,104,157
04/21/2004,LAF,IN,AGL,CE,Towers with Display (VFR),0,2,44,0,46,0,0,132,0,132,0,2,176,0,178,354,0,354,532
04/22/2004,LAF,IN,AGL,CE,Towers with Display (VFR),0,2,46,0,48,0,3,86,0,89,0,5,132,0,137,300,0,300,437
04/23/2004,LAF,IN,AGL,CE,Towers with Display (VFR),0,1,42,0,43,0,0,160,0,160,0,1,202,0,203,326,0,326,529
04/24/2004,LAF,IN,AGL,CE,Towers with Display (VFR),0,0,27,0,27,0,0,134,0,134,0,0,161,0,161,206,0,206,367
04/25/2004,LAF,IN,AGL,CE,Towers with Display (VFR),0,0,23,0,23,0,0,25,0,25,0,0,48,0,48,28,0,28,76
04/26/2004,LAF,IN,AGL,CE,Towers with Display (VFR),0,0,19,0,19,0,0,97,0,97,0,0,116,0,116,204,0,204,320
04/27/2004,LAF,IN,AGL,CE,Towers with Display (VFR),0,1,41,0,42,0,0,191,0,191,0,1,232,0,233,386,0,386,619
04/28/2004,LAF,IN,AGL,CE,Towers with Display (VFR),0,1,19,0,20,0,2,72,0,74,0,3,91,0,94,84,0,84,178
04/29/2004,LAF,IN,AGL,CE,Towers with Display (VFR),0,1,28,0,29,0,0,129,0,129,0,1,157,0,158,406,0,406,564
04/30/2004,LAF,IN,AGL,CE,Towers with Display (VFR),0,1,28,0,29,0,0,121,0,121,0,1,149,0,150,380,0,380,530
05/01/2004,LAF,IN,AGL,CE,Towers with Display (VFR),0,0,18,0,18,0,0,3,0,3,0,0,21,0,21,0,0,0,21
05/02/2004,LAF,IN,AGL,CE,Towers with Display (VFR),0,0,10,0,10,0,0,75,0,75,0,0,85,0,85,140,0,140,225
05/03/2004,LAF,IN,AGL,CE,Towers with Display (VFR),0,0,24,0,24,0,0,127,0,127,0,0,151,0,151,322,0,322,473
05/04/2004,LAF,IN,AGL,CE,Towers with Display (VFR),0,2,22,0,24,0,1,86,0,87,0,3,108,0,111,180,0,180,291
05/05/2004,LAF,IN,AGL,CE,Towers with Display (VFR),0,2,40,0,42,0,0,154,0,154,0,2,194,0,196,350,0,350,546
05/06/2004,LAF,IN,AGL,CE,Towers with Display (VFR),0,5,53,0,58,0,0,120,0,120,0,5,173,0,178,152,0,152,330
05/07/2004,LAF,IN,AGL,CE,Towers with Display (VFR),0,0,20,0,20,0,0,41,0,41,0,0,61,0,61,98,0,98,159
05/08/2004,LAF,IN,AGL,CE,Towers with Display (VFR),0,0,13,0,13,0,0,70,6,76,0,0,83,6,89,56,0,56,145
05/09/2004,LAF,IN,AGL,CE,Towers with Display (VFR),0,0,13,0,13,0,0,57,0,57,0,0,70,0,70,64,0,64,134
05/10/2004,LAF,IN,AGL,CE,Towers with Display (VFR),0,0,37,0,37,0,0,61,0,61,0,0,98,0,98,64,0,64,162
05/11/2004,LAF,IN,AGL,CE,Towers with Display (VFR),0,0,15,0,15,0,0,65,0,65,0,0,80,0,80,108,0,108,188
05/12/2004,LAF,IN,AGL,CE,Towers with Display (VFR),0,0,30,0,30,0,0,76,0,76,0,0,106,0,106,60,0,60,166
05/13/2004,LAF,IN,AGL,CE,Towers with Display (VFR),0,3,31,0,34,0,0,15,0,15,0,3,46,0,49,48,0,48,97
05/14/2004,LAF,IN,AGL,CE,Towers with Display (VFR),0,3,29,0,32,0,1,10,0,11,0,4,39,0,43,40,0,40,83
05/15/2004,LAF,IN,AGL,CE,Towers with Display (VFR),0,2,17,0,19,0,0,56,0,56,0,2,73,0,75,74,0,74,149
05/16/2004,LAF,IN,AGL,CE,Towers with Display (VFR),0,1,17,0,18,0,3,64,0,67,0,4,81,0,85,86,0,86,171
05/17/2004,LAF,IN,AGL,CE,Towers with Display (VFR),0,1,19,0,20,0,0,43,0,43,0,1,62,0,63,70,0,70,133
05/18/2004,LAF,IN,AGL,CE,Towers with Display (VFR),0,1,14,0,15,0,3,23,0,26,0,4,37,0,41,28,0,28,69
05/19/2004,LAF,IN,AGL,CE,Towers with Display (VFR),0,2,31,0,33,0,3,43,0,46,0,5,74,0,79,124,0,124,203
05/20/2004,LAF,IN,AGL,CE,Towers with Display (VFR),0,0,26,0,26,0,0,37,0,37,0,0,63,0,63,148,0,148,211
05/21/2004,LAF,IN,AGL,CE,Towers with Display (VFR),0,0,23,0,23,0,0,50,0,50,0,0,73,0,73,122,0,122,195
05/22/2004,LAF,IN,AGL,CE,Towers with Display (VFR),0,1,18,0,19,0,1,46,0,47,0,2,64,0,66,16,0,16,82
05/23/2004,LAF,IN,AGL,CE,Towers with Display (VFR),0,0,11,0,11,0,0,9,0,9,0,0,20,0,20,0,0,0,20
05/24/2004,LAF,IN,AGL,CE,Towers with Display (VFR),0,2,29,0,31,0,2,88,0,90,0,4,117,0,121,110,0,110,231
05/25/2004,LAF,IN,AGL,CE,Towers with Display (VFR),0,1,24,0,25,0,4,49,0,53,0,5,73,0,78,106,0,106,184
05/26/2004,LAF,IN,AGL,CE,Towers with Display (VFR),0,0,23,0,23,0,0,91,0,91,0,0,114,0,114,134,0,134,248
05/27/2004,LAF,IN,AGL,CE,Towers with Display (VFR),0,2,25,0,27,1,1,29,0,31,1,3,54,0,58,84,0,84,142
05/28/2004,LAF,IN,AGL,CE,Towers with Display (VFR),0,2,36,0,38,2,2,94,0,98,2,4,130,0,136,84,0,84,220
05/29/2004,LAF,IN,AGL,CE,Towers with Display (VFR),0,0,12,0,12,0,0,81,0,81,0,0,93,0,93,86,0,86,179
05/30/2004,LAF,IN,AGL,CE,Towers with Display (VFR),0,0,5,0,5,0,0,4,0,4,0,0,9,0,9,14,0,14,23
05/31/2004,LAF,IN,AGL,CE,Towers with Display (VFR),0,0,12,0,12,0,0,20,6,26,0,0,32,6,38,12,0,12,50
06/01/2004,LAF,IN,AGL,CE,Towers with Display (VFR),0,1,19,0,20,0,1,48,0,49,0,2,67,0,69,102,0,102,171
06/02/2004,LAF,IN,AGL,CE,Towers with Display (VFR),1,1,23,0,25,0,4,52,0,56,1,5,75,0,81,124,0,124,205
06/03/2004,LAF,IN,AGL,CE,Towers with Display (VFR),0,2,36,0,38,0,2,82,0,84,0,4,118,0,122,111,0,111,233
06/04/2004,LAF,IN,AGL,CE,Towers with Display (VFR),0,1,30,0,31,0,6,79,0,85,0,7,109,0,116,52,0,52,168
06/05/2004,LAF,IN,AGL,CE,Towers with Display (VFR),0,0,26,0,26,0,0,69,0,69,0,0,95,0,95,130,0,130,225
06/06/2004,LAF,IN,AGL,CE,Towers with Display (VFR),0,0,12,0,12,0,4,16,0,20,0,4,28,0,32,54,0,54,86
06/07/2004,LAF,IN,AGL,CE,Towers with Display (VFR),0,0,25,0,25,0,0,68,0,68,0,0,93,0,93,158,0,158,251
06/08/2004,LAF,IN,AGL,CE,Towers with Display (VFR),0,1,33,0,34,2,0,62,0,64,2,1,95,0,98,160,0,160,258
06/09/2004,LAF,IN,AGL,CE,Towers with Display (VFR),0,0,23,0,23,2,0,54,0,56,2,0,77,0,79,64,0,64,143
06/10/2004,LAF,IN,AGL,CE,Towers with Display (VFR),0,0,17,0,17,0,0,40,0,40,0,0,57,0,57,13,0,13,70
06/11/2004,LAF,IN,AGL,CE,Towers with Display (VFR),0,1,17,0,18,0,6,12,0,18,0,7,29,0,36,42,0,42,78
06/12/2004,LAF,IN,AGL,CE,Towers with Display (VFR),0,0,7,0,7,0,0,16,0,16,0,0,23,0,23,22,0,22,45
06/13/2004,LAF,IN,AGL,CE,Towers with Display (VFR),0,0,14,0,14,1,0,45,0,46,1,0,59,0,60,66,0,66,126
06/14/2004,LAF,IN,AGL,CE,Towers with Display (VFR),0,2,28,0,30,0,3,45,0,48,0,5,73,0,78,44,0,44,122
06/15/2004,LAF,IN,AGL,CE,Towers with Display (VFR),0,1,33,0,34,0,0,126,0,126,0,1,159,0,160,166,0,166,326
06/16/2004,LAF,IN,AGL,CE,Towers with Display (VFR),0,1,33,0,34,0,0,71,0,71,0,1,104,0,105,168,0,168,273
06/17/2004,LAF,IN,AGL,CE,Towers with Display (VFR),0,0,30,0,30,0,0,112,0,112,0,0,142,0,142,160,0,160,302
06/18/2004,LAF,IN,AGL,CE,Towers with Display (VFR),0,2,38,0,40,0,0,112,0,112,0,2,150,0,152,164,0,164,316
06/19/2004,LAF,IN,AGL,CE,Towers with Display (VFR),0,0,14,0,14,0,0,74,0,74,0,0,88,0,88,94,0,94,182
06/20/2004,LAF,IN,AGL,CE,Towers with Display (VFR),0,0,17,0,17,0,2,65,0,67,0,2,82,0,84,18,0,18,102
06/21/2004,LAF,IN,AGL,CE,Towers with Display (VFR),0,0,37,0,37,0,0,96,0,96,0,0,133,0,133,168,0,168,301
06/22/2004,LAF,IN,AGL,CE,Towers with Display (VFR),0,0,44,0,44,0,0,123,0,123,0,0,167,0,167,320,0,320,487
06/23/2004,LAF,IN,AGL,CE,Towers with Display (VFR),0,1,50,0,51,0,0,174,0,174,0,1,224,0,225,230,0,230,455
06/24/2004,LAF,IN,AGL,CE,Towers with Display (VFR),0,0,53,0,53,0,0,137,0,137,0,0,190,0,190,282,0,282,472
06/25/2004,LAF,IN,AGL,CE,Towers with Display (VFR),0,0,35,0,35,0,0,69,0,69,0,0,104,0,104,128,0,128,232
06/26/2004,LAF,IN,AGL,CE,Towers with Display (VFR),0,0,26,0,26,0,0,137,0,137,0,0,163,0,163,170,0,170,333
06/27/2004,LAF,IN,AGL,CE,Towers with Display (VFR),0,0,14,0,14,0,0,76,0,76,0,0,90,0,90,128,0,128,218
06/28/2004,LAF,IN,AGL,CE,Towers with Display (VFR),0,0,51,0,51,0,0,110,0,110,0,0,161,0,161,250,0,250,411
06/29/2004,LAF,IN,AGL,CE,Towers with Display (VFR),0,2,56,0,58,0,0,172,0,172,0,2,228,0,230,258,0,258,488
06/30/2004,LAF,IN,AGL,CE,Towers with Display (VFR),0,3,53,0,56,0,0,129,0,129,0,3,182,0,185,198,0,198,383
07/01/2004,LAF,IN,AGL,CE,Towers with Display (VFR),0,0,34,0,34,0,0,102,0,102,0,0,136,0,136,156,0,156,292
07/02/2004,LAF,IN,AGL,CE,Towers with Display (VFR),0,0,44,0,44,0,0,110,0,110,0,0,154,0,154,168,0,168,322
07/03/2004,LAF,IN,AGL,CE,Towers with Display (VFR),0,1,2,0,3,0,0,13,0,13,0,1,15,0,16,38,0,38,54
07/04/2004,LAF,IN,AGL,CE,Towers with Display (VFR),0,0,2,0,2,0,0,18,0,18,0,0,20,0,20,4,0,4,24
07/05/2004,LAF,IN,AGL,CE,Towers with Display (VFR),0,0,15,0,15,0,0,41,0,41,0,0,56,0,56,38,0,38,94
07/06/2004,LAF,IN,AGL,CE,Towers with Display (VFR),0,2,29,0,31,0,4,82,0,86,0,6,111,0,117,134,0,134,251
07/07/2004,LAF,IN,AGL,CE,Towers with Display (VFR),0,0,56,0,56,0,0,115,0,115,0,0,171,0,171,138,0,138,309
07/08/2004,LAF,IN,AGL,CE,Towers with Display (VFR),0,3,42,0,45,0,0,107,0,107,0,3,149,0,152,104,0,104,256
07/09/2004,LAF,IN,AGL,CE,Towers with Display (VFR),0,1,24,0,25,0,0,86,0,86,0,1,110,0,111,166,0,166,277
07/10/2004,LAF,IN,AGL,CE,Towers with Display (VFR),0,0,5,0,5,0,0,23,0,23,0,0,28,0,28,16,0,16,44
07/11/2004,LAF,IN,AGL,CE,Towers with Display (VFR),0,0,11,0,11,0,0,24,0,24,0,0,35,0,35,12,0,12,47
07/12/2004,LAF,IN,AGL,CE,Towers with Display (VFR),0,2,27,0,29,0,0,63,0,63,0,2,90,0,92,102,0,102,194
07/13/2004,LAF,IN,AGL,CE,Towers with Display (VFR),0,2,30,0,32,0,0,78,0,78,0,2,108,0,110,86,0,86,196
07/14/2004,LAF,IN,AGL,CE,Towers with Display (VFR),0,3,36,0,39,0,4,110,0,114,0,7,146,0,153,82,0,82,235
07/15/2004,LAF,IN,AGL,CE,Towers with Display (VFR),0,3,44,0,47,0,1,177,0,178,0,4,221,0,225,142,0,142,367
07/16/2004,LAF,IN,AGL,CE,Towers with Display (VFR),0,2,37,0,39,0,0,83,0,83,0,2,120,0,122,85,0,85,207
07/17/2004,LAF,IN,AGL,CE,Towers with Display (VFR),0,0,7,0,7,0,0,69,0,69,0,0,76,0,76,70,0,70,146
07/18/2004,LAF,IN,AGL,CE,Towers with Display (VFR),0,0,16,0,16,0,0,53,0,53,0,0,69,0,69,36,0,36,105
07/19/2004,LAF,IN,AGL,CE,Towers with Display (VFR),0,0,36,0,36,0,0,94,0,94,0,0,130,0,130,122,0,122,252
07/20/2004,LAF,IN,AGL,CE,Towers with Display (VFR),0,2,48,0,50,0,5,99,2,106,0,7,147,2,156,218,0,218,374
07/21/2004,LAF,IN,AGL,CE,Towers with Display (VFR),0,2,37,0,39,0,2,48,3,53,0,4,85,3,92,194,0,194,286
07/22/2004,LAF,IN,AGL,CE,Towers with Display (VFR),0,0,21,0,21,0,0,87,0,87,0,0,108,0,108,154,0,154,262
07/23/2004,LAF,IN,AGL,CE,Towers with Display (VFR),0,1,28,0,29,0,1,100,0,101,0,2,128,0,130,170,0,170,300
07/24/2004,LAF,IN,AGL,CE,Towers with Display (VFR),0,0,13,0,13,0,0,133,0,133,0,0,146,0,146,80,0,80,226
07/25/2004,LAF,IN,AGL,CE,Towers with Display (VFR),0,0,16,0,16,0,0,61,0,61,0,0,77,0,77,47,0,47,124
07/26/2004,LAF,IN,AGL,CE,Towers with Display (VFR),0,1,22,0,23,0,1,59,0,60,0,2,81,0,83,134,0,134,217
07/27/2004,LAF,IN,AGL,CE,Towers with Display (VFR),0,2,34,0,36,0,3,96,0,99,0,5,130,0,135,146,0,146,281
07/28/2004,LAF,IN,AGL,CE,Towers with Display (VFR),0,1,30,0,31,0,1,102,0,103,0,2,132,0,134,206,0,206,340
07/29/2004,LAF,IN,AGL,CE,Towers with Display (VFR),0,0,24,0,24,0,0,126,0,126,0,0,150,0,150,248,0,248,398
07/30/2004,LAF,IN,AGL,CE,Towers with Display (VFR),0,0,17,0,17,0,0,7,0,7,0,0,24,0,24,10,0,10,34
07/31/2004,LAF,IN,AGL,CE,Towers with Display (VFR),0,0,17,0,17,0,0,41,0,41,0,0,58,0,58,30,0,30,88
08/01/2004,LAF,IN,AGL,CE,Towers with Display (VFR),0,0,31,0,31,0,0,48,0,48,0,0,79,0,79,10,0,10,89
08/02/2004,LAF,IN,AGL,CE,Towers with Display (VFR),0,0,15,0,15,0,0,79,0,79,0,0,94,0,94,112,0,112,206
08/03/2004,LAF,IN,AGL,CE,Towers with Display (VFR),0,1,18,0,19,0,0,102,3,105,0,1,120,3,124,136,0,136,260
08/04/2004,LAF,IN,AGL,CE,Towers with Display (VFR),0,0,20,0,20,0,0,28,0,28,0,0,48,0,48,18,0,18,66
08/05/2004,LAF,IN,AGL,CE,Towers with Display (VFR),0,0,23,0,23,0,0,103,0,103,0,0,126,0,126,138,0,138,264
08/06/2004,LAF,IN,AGL,CE,Towers with Display (VFR),0,2,32,0,34,0,0,90,0,90,0,2,122,0,124,69,0,69,193
08/07/2004,LAF,IN,AGL,CE,Towers with Display (VFR),0,3,26,0,29,0,0,76,0,76,0,3,102,0,105,64,0,64,169
08/08/2004,LAF,IN,AGL,CE,Towers with Display (VFR),0,1,6,0,7,0,0,58,0,58,0,1,64,0,65,62,0,62,127
08/09/2004,LAF,IN,AGL,CE,Towers with Display (VFR),0,0,20,0,20,0,0,37,0,37,0,0,57,0,57,62,0,62,119
08/10/2004,LAF,IN,AGL,CE,Towers with Display (VFR),0,0,23,0,23,0,0,60,0,60,0,0,83,0,83,68,0,68,151
08/11/2004,LAF,IN,AGL,CE,Towers with Display (VFR),0,2,24,0,26,0,0,84,0,84,0,2,108,0,110,90,0,90,200
08/12/2004,LAF,IN,AGL,CE,Towers with Display (VFR),0,2,22,0,24,0,2,41,0,43,0,4,63,0,67,60,0,60,127
08/13/2004,LAF,IN,AGL,CE,Towers with Display (VFR),0,0,30,0,30,0,0,58,0,58,0,0,88,0,88,72,0,72,160
08/14/2004,LAF,IN,AGL,CE,Towers with Display (VFR),0,1,14,1,16,0,3,73,5,81,0,4,87,6,97,88,0,88,185
08/15/2004,LAF,IN,AGL,CE,Towers with Display (VFR),0,1,17,0,18,0,1,70,0,71,0,2,87,0,89,46,0,46,135
08/16/2004,LAF,IN,AGL,CE,Towers with Display (VFR),0,0,29,0,29,0,0,76,0,76,0,0,105,0,105,64,0,64,169
08/17/2004,LAF,IN,AGL,CE,Towers with Display (VFR),0,0,25,0,25,0,0,89,0,89,0,0,114,0,114,124,0,124,238
08/18/2004,LAF,IN,AGL,CE,Towers with Display (VFR),0,2,33,0,35,0,0,66,0,66,0,2,99,0,101,106,0,106,207
08/19/2004,LAF,IN,AGL,CE,Towers with Display (VFR),0,1,21,0,22,0,0,88,0,88,0,1,109,0,110,136,0,136,246
08/20/2004,LAF,IN,AGL,CE,Towers with Display (VFR),0,0,22,0,22,0,0,22,0,22,0,0,44,0,44,24,0,24,68
08/21/2004,LAF,IN,AGL,CE,Towers with Display (VFR),0,0,10,0,10,0,0,120,0,120,0,0,130,0,130,172,0,172,302
08/22/2004,LAF,IN,AGL,CE,Towers with Display (VFR),0,1,18,0,19,0,1,95,0,96,0,2,113,0,115,102,0,102,217
08/23/2004,LAF,IN,AGL,CE,Towers with Display (VFR),0,2,22,0,24,0,0,80,0,80,0,2,102,0,104,156,0,156,260
08/24/2004,LAF,IN,AGL,CE,Towers with Display (VFR),0,0,25,0,25,0,0,51,0,51,0,0,76,0,76,78,0,78,154
08/25/2004,LAF,IN,AGL,CE,Towers with Display (VFR),0,1,14,0,15,0,1,21,0,22,0,2,35,0,37,16,0,16,53
08/26/2004,LAF,IN,AGL,CE,Towers with Display (VFR),0,2,33,0,35,0,0,232,0,232,0,2,265,0,267,236,0,236,503
08/27/2004,LAF,IN,AGL,CE,Towers with Display (VFR),0,1,28,0,29,0,0,124,0,124,0,1,152,0,153,296,0,296,449
08/28/2004,LAF,IN,AGL,CE,Towers with Display (VFR),0,0,9,0,9,0,2,109,0,111,0,2,118,0,120,230,0,230,350
08/29/2004,LAF,IN,AGL,CE,Towers with Display (VFR),0,2,29,0,31,0,0,43,0,43,0,2,72,0,74,80,0,80,154
08/30/2004,LAF,IN,AGL,CE,Towers with Display (VFR),0,2,22,0,24,0,2,228,0,230,0,4,250,0,254,278,0,278,532
08/31/2004,LAF,IN,AGL,CE,Towers with Display (VFR),0,2,43,0,45,0,0,257,0,257,0,2,300,0,302,328,0,328,630
09/01/2004,LAF,IN,AGL,CE,Towers with Display (VFR),0,0,40,0,40,0,4,243,2,249,0,4,283,2,289,476,0,476,765
09/02/2004,LAF,IN,AGL,CE,Towers with Display (VFR),0,1,49,0,50,0,5,283,0,288,0,6,332,0,338,381,0,381,719
09/03/2004,LAF,IN,AGL,CE,Towers with Display (VFR),0,0,36,0,36,0,2,95,0,97,0,2,131,0,133,208,0,208,341
09/04/2004,LAF,IN,AGL,CE,Towers with Display (VFR),1,0,39,0,40,1,2,92,0,95,2,2,131,0,135,212,0,212,347
09/05/2004,LAF,IN,AGL,CE,Towers with Display (VFR),1,0,29,0,30,1,4,59,0,64,2,4,88,0,94,4,0,4,98
09/06/2004,LAF,IN,AGL,CE,Towers with Display (VFR),0,0,16,0,16,0,0,43,0,43,0,0,59,0,59,46,0,46,105
09/07/2004,LAF,IN,AGL,CE,Towers with Display (VFR),0,0,36,0,36,0,0,192,0,192,0,0,228,0,228,356,0,356,584
09/08/2004,LAF,IN,AGL,CE,Towers with Display (VFR),0,1,40,0,41,0,2,189,0,191,0,3,229,0,232,324,0,324,556
09/09/2004,LAF,IN,AGL,CE,Towers with Display (VFR),0,0,41,0,41,0,0,257,0,257,0,0,298,0,298,646,0,646,944
09/10/2004,LAF,IN,AGL,CE,Towers with Display (VFR),0,0,59,0,59,0,0,229,4,233,0,0,288,4,292,472,6,478,770
09/11/2004,LAF,IN,AGL,CE,Towers with Display (VFR),0,2,50,0,52,0,1,193,11,205,0,3,243,11,257,136,0,136,393
09/12/2004,LAF,IN,AGL,CE,Towers with Display (VFR),0,1,26,0,27,0,1,147,3,151,0,2,173,3,178,88,0,88,266
09/13/2004,LAF,IN,AGL,CE,Towers with Display (VFR),0,2,41,0,43,0,0,153,0,153,0,2,194,0,196,616,0,616,812
09/14/2004,LAF,IN,AGL,CE,Towers with Display (VFR),0,1,44,1,46,0,4,189,2,195,0,5,233,3,241,826,0,826,1067
09/15/2004,LAF,IN,AGL,CE,Towers with Display (VFR),0,0,38,0,38,0,0,173,0,173,0,0,211,0,211,496,0,496,707
09/16/2004,LAF,IN,AGL,CE,Towers with Display (VFR),0,1,81,0,82,0,0,222,0,222,0,1,303,0,304,682,0,682,986
09/17/2004,LAF,IN,AGL,CE,Towers with Display (VFR),0,0,50,0,50,0,0,227,0,227,0,0,277,0,277,508,0,508,785
09/18/2004,LAF,IN,AGL,CE,Towers with Display (VFR),0,1,42,0,43,0,1,217,0,218,0,2,259,0,261,466,0,466,727
09/19/2004,LAF,IN,AGL,CE,Towers with Display (VFR),0,0,30,0,30,0,0,141,0,141,0,0,171,0,171,136,0,136,307
09/20/2004,LAF,IN,AGL,CE,Towers with Display (VFR),0,2,63,0,65,0,1,244,0,245,0,3,307,0,310,838,0,838,1148
09/21/2004,LAF,IN,AGL,CE,Towers with Display (VFR),0,0,83,0,83,0,0,275,0,275,0,0,358,0,358,782,0,782,1140
09/22/2004,LAF,IN,AGL,CE,Towers with Display (VFR),0,0,56,0,56,0,0,299,0,299,0,0,355,0,355,778,0,778,1133
09/23/2004,LAF,IN,AGL,CE,Towers with Display (VFR),0,2,82,0,84,0,2,301,0,303,0,4,383,0,387,648,4,652,1039
09/24/2004,LAF,IN,AGL,CE,Towers with Display (VFR),0,1,59,0,60,0,0,242,0,242,0,1,301,0,302,378,0,378,680
09/25/2004,LAF,IN,AGL,CE,Towers with Display (VFR),0,0,53,0,53,0,0,189,0,189,0,0,242,0,242,414,0,414,656
09/26/2004,LAF,IN,AGL,CE,Towers with Display (VFR),0,0,18,0,18,2,0,144,0,146,2,0,162,0,164,112,0,112,276
09/27/2004,LAF,IN,AGL,CE,Towers with Display (VFR),0,2,61,0,63,0,1,220,0,221,0,3,281,0,284,736,0,736,1020
09/28/2004,LAF,IN,AGL,CE,Towers with Display (VFR),0,1,52,0,53,0,4,98,0,102,0,5,150,0,155,146,0,146,301
09/29/2004,LAF,IN,AGL,CE,Towers with Display (VFR),0,2,65,0,67,0,1,326,0,327,0,3,391,0,394,536,0,536,930
09/30/2004,LAF,IN,AGL,CE,Towers with Display (VFR),0,2,76,0,78,0,2,330,0,332,0,4,406,0,410,634,0,634,1044
10/01/2004,LAF,IN,AGL,CE,Tower without Radar,0,16,80,0,96,0,0,198,0,198,0,16,278,0,294,328,0,328,622
10/02/2004,LAF,IN,AGL,CE,Tower without Radar,0,0,45,0,45,0,1,124,0,125,0,1,169,0,170,180,0,180,350
10/03/2004,LAF,IN,AGL,CE,Tower without Radar,0,2,22,0,24,0,0,161,0,161,0,2,183,0,185,114,0,114,299
10/04/2004,LAF,IN,AGL,CE,Tower without Radar,0,1,51,0,52,0,1,246,0,247,0,2,297,0,299,564,0,564,863
10/05/2004,LAF,IN,AGL,CE,Tower without Radar,0,1,73,0,74,0,0,242,0,242,0,1,315,0,316,546,0,546,862
10/06/2004,LAF,IN,AGL,CE,Tower without Radar,0,1,56,1,58,0,0,245,0,245,0,1,301,1,303,532,0,532,835
10/07/2004,LAF,IN,AGL,CE,Tower without Radar,0,0,73,2,75,0,0,236,0,236,0,0,309,2,311,500,0,500,811
10/08/2004,LAF,IN,AGL,CE,Tower without Radar,5,1,60,0,66,0,1,25,0,26,5,2,85,0,92,40,0,40,132
10/09/2004,LAF,IN,AGL,CE,Tower without Radar,0,0,25,0,25,0,0,138,0,138,0,0,163,0,163,190,0,190,353
10/10/2004,LAF,IN,AGL,CE,Tower without Radar,0,2,36,0,38,0,0,102,0,102,0,2,138,0,140,68,0,68,208
10/11/2004,LAF,IN,AGL,CE,Tower without Radar,0,0,21,0,21,0,0,79,0,79,0,0,100,0,100,188,0,188,288
10/12/2004,LAF,IN,AGL,CE,Tower without Radar,0,4,27,0,31,0,0,86,0,86,0,4,113,0,117,148,0,148,265
10/13/2004,LAF,IN,AGL,CE,Tower without Radar,0,1,39,0,40,0,0,0,0,0,0,1,39,0,40,0,0,0,40
10/14/2004,LAF,IN,AGL,CE,Tower without Radar,0,1,23,0,24,0,0,5,0,5,0,1,28,0,29,10,0,10,39
10/15/2004,LAF,IN,AGL,CE,Tower without Radar,0,13,48,0,61,0,0,15,0,15,0,13,63,0,76,50,0,50,126
10/16/2004,LAF,IN,AGL,CE,Tower without Radar,1,17,39,0,57,0,1,35,0,36,1,18,74,0,93,16,0,16,109
10/17/2004,LAF,IN,AGL,CE,Tower without Radar,0,4,28,0,32,0,0,133,0,133,0,4,161,0,165,88,0,88,253
10/18/2004,LAF,IN,AGL,CE,Tower without Radar,0,2,15,0,17,0,0,0,0,0,0,2,15,0,17,0,0,0,17
10/19/2004,LAF,IN,AGL,CE,Tower without Radar,0,1,33,0,34,0,0,0,0,0,0,1,33,0,34,2,0,2,36
10/20/2004,LAF,IN,AGL,CE,Tower without Radar,0,2,42,4,48,0,0,7,1,8,0,2,49,5,56,6,0,6,62
10/21/2004,LAF,IN,AGL,CE,Tower without Radar,0,2,66,0,68,0,0,83,2,85,0,2,149,2,153,240,0,240,393
10/22/2004,LAF,IN,AGL,CE,Tower without Radar,0,4,64,1,69,0,0,131,0,131,0,4,195,1,200,192,0,192,392
10/23/2004,LAF,IN,AGL,CE,Tower without Radar,1,7,24,0,32,0,2,19,0,21,1,9,43,0,53,0,0,0,53
10/24/2004,LAF,IN,AGL,CE,Tower without Radar,0,2,42,0,44,0,2,163,0,165,0,4,205,0,209,134,0,134,343
10/25/2004,LAF,IN,AGL,CE,Tower without Radar,0,0,60,0,60,0,1,243,0,244,0,1,303,0,304,526,0,526,830
10/26/2004,LAF,IN,AGL,CE,Tower without Radar,0,2,73,0,75,0,1,186,0,187,0,3,259,0,262,380,0,380,642
10/27/2004,LAF,IN,AGL,CE,Tower without Radar,0,0,48,0,48,0,2,15,0,17,0,2,63,0,65,38,0,38,103
10/28/2004,LAF,IN,AGL,CE,Tower without Radar,0,1,27,0,28,0,0,7,0,7,0,1,34,0,35,16,0,16,51
10/29/2004,LAF,IN,AGL,CE,Tower without Radar,0,3,28,0,31,0,0,76,0,76,0,3,104,0,107,244,0,244,351
10/30/2004,LAF,IN,AGL,CE,Tower without Radar,0,0,12,0,12,0,0,44,0,44,0,0,56,0,56,40,0,40,96
10/31/2004,LAF,IN,AGL,CE,Tower without Radar,0,0,31,0,31,0,2,123,0,125,0,2,154,0,156,168,0,168,324
11/01/2004,LAF,IN,AGL,CE,Tower without Radar,0,4,10,0,14,0,0,15,0,15,0,4,25,0,29,54,0,54,83
11/02/2004,LAF,IN,AGL,CE,Tower without Radar,0,0,25,0,25,0,0,7,0,7,0,0,32,0,32,36,0,36,68
11/03/2004,LAF,IN,AGL,CE,Tower without Radar,0,3,48,0,51,0,0,177,0,177,0,3,225,0,228,374,0,374,602
11/04/2004,LAF,IN,AGL,CE,Tower without Radar,0,2,24,0,26,0,0,24,0,24,0,2,48,0,50,74,0,74,124
11/05/2004,LAF,IN,AGL,CE,Tower without Radar,2,1,44,0,47,0,0,170,0,170,2,1,214,0,217,346,0,346,563
11/06/2004,LAF,IN,AGL,CE,Tower without Radar,0,3,39,0,42,0,0,185,0,185,0,3,224,0,227,258,0,258,485
11/07/2004,LAF,IN,AGL,CE,Tower without Radar,0,5,45,0,50,0,0,122,0,122,0,5,167,0,172,104,0,104,276
11/08/2004,LAF,IN,AGL,CE,Tower without Radar,0,2,41,0,43,0,0,189,0,189,0,2,230,0,232,306,0,306,538
11/09/2004,LAF,IN,AGL,CE,Tower without Radar,0,4,59,0,63,0,2,220,0,222,0,6,279,0,285,474,0,474,759
11/10/2004,LAF,IN,AGL,CE,Tower without Radar,0,1,35,4,40,0,1,210,0,211,0,2,245,4,251,362,0,362,613
11/11/2004,LAF,IN,AGL,CE,Tower without Radar,0,0,23,2,25,0,0,16,0,16,0,0,39,2,41,36,0,36,77
11/12/2004,LAF,IN,AGL,CE,Tower without Radar,0,3,46,0,49,0,0,180,0,180,0,3,226,0,229,221,0,221,450
11/13/2004,LAF,IN,AGL,CE,Tower without Radar,2,1,67,0,70,0,0,220,0,220,2,1,287,0,290,198,0,198,488
11/14/2004,LAF,IN,AGL,CE,Tower without Radar,0,0,28,0,28,0,0,167,0,167,0,0,195,0,195,134,0,134,329
11/15/2004,LAF,IN,AGL,CE,Tower without Radar,0,0,32,0,32,0,0,180,0,180,0,0,212,0,212,454,0,454,666
11/16/2004,LAF,IN,AGL,CE,Tower without Radar,0,2,51,0,53,0,0,191,0,191,0,2,242,0,244,516,0,516,760
11/17/2004,LAF,IN,AGL,CE,Tower without Radar,0,5,35,0,40,0,0,100,0,100,0,5,135,0,140,332,0,332,472
11/18/2004,LAF,IN,AGL,CE,Tower without Radar,0,2,49,0,51,0,0,150,0,150,0,2,199,0,201,420,0,420,621
11/19/2004,LAF,IN,AGL,CE,Tower without Radar,0,2,35,2,39,0,1,4,0,5,0,3,39,2,44,0,0,0,44
11/20/2004,LAF,IN,AGL,CE,Tower without Radar,0,5,29,0,34,0,3,19,4,26,0,8,48,4,60,0,0,0,60
11/21/2004,LAF,IN,AGL,CE,Tower without Radar,0,0,21,0,21,0,0,109,2,111,0,0,130,2,132,154,0,154,286
11/22/2004,LAF,IN,AGL,CE,Tower without Radar,0,0,47,3,50,0,2,134,0,136,0,2,181,3,186,320,0,320,506
11/23/2004,LAF,IN,AGL,CE,Tower without Radar,0,1,25,0,26,0,0,33,0,33,0,1,58,0,59,120,0,120,179
11/24/2004,LAF,IN,AGL,CE,Tower without Radar,0,1,20,0,21,0,0,2,0,2,0,1,22,0,23,0,0,0,23
11/25/2004,LAF,IN,AGL,CE,Tower without Radar,0,2,8,0,10,0,1,30,0,31,0,3,38,0,41,38,0,38,79
11/26/2004,LAF,IN,AGL,CE,Tower without Radar,0,0,27,0,27,0,0,22,0,22,0,0,49,0,49,40,0,40,89
11/27/2004,LAF,IN,AGL,CE,Tower without Radar,0,0,4,0,4,0,0,0,0,0,0,0,4,0,4,0,0,0,4
11/28/2004,LAF,IN,AGL,CE,Tower without Radar,0,3,27,0,30,0,1,57,0,58,0,4,84,0,88,44,0,44,132
11/29/2004,LAF,IN,AGL,CE,Tower without Radar,0,1,12,0,13,0,0,45,0,45,0,1,57,0,58,156,0,156,214
11/30/2004,LAF,IN,AGL,CE,Tower without Radar,0,0,21,0,21,0,0,8,0,8,0,0,29,0,29,16,0,16,45
12/01/2004,LAF,IN,AGL,CE,Tower without Radar,0,0,31,0,31,0,0,167,0,167,0,0,198,0,198,404,0,404,602
12/02/2004,LAF,IN,AGL,CE,Tower without Radar,1,0,25,0,26,0,2,175,0,177,1,2,200,0,203,454,0,454,657
12/03/2004,LAF,IN,AGL,CE,Tower without Radar,0,0,37,0,37,0,0,162,0,162,0,0,199,0,199,348,0,348,547
12/04/2004,LAF,IN,AGL,CE,Tower without Radar,0,1,30,0,31,0,1,147,0,148,0,2,177,0,179,300,0,300,479
12/05/2004,LAF,IN,AGL,CE,Tower without Radar,0,0,10,0,10,0,0,122,0,122,0,0,132,0,132,194,0,194,326
12/06/2004,LAF,IN,AGL,CE,Tower without Radar,0,1,11,0,12,0,1,13,0,14,0,2,24,0,26,50,0,50,76
12/07/2004,LAF,IN,AGL,CE,Tower without Radar,0,2,17,1,20,0,0,12,0,12,0,2,29,1,32,0,0,0,32
12/08/2004,LAF,IN,AGL,CE,Tower without Radar,0,0,29,0,29,0,0,168,0,168,0,0,197,0,197,424,0,424,621
12/09/2004,LAF,IN,AGL,CE,Tower without Radar,0,0,25,0,25,0,0,134,0,134,0,0,159,0,159,402,0,402,561
12/10/2004,LAF,IN,AGL,CE,Tower without Radar,0,1,16,0,17,0,1,1,0,2,0,2,17,0,19,6,0,6,25
12/11/2004,LAF,IN,AGL,CE,Tower without Radar,0,0,8,0,8,0,0,40,0,40,0,0,48,0,48,142,0,142,190
12/12/2004,LAF,IN,AGL,CE,Tower without Radar,0,0,7,0,7,0,0,11,0,11,0,0,18,0,18,10,0,10,28
12/13/2004,LAF,IN,AGL,CE,Tower without Radar,0,0,14,0,14,0,0,28,0,28,0,0,42,0,42,30,0,30,72
12/14/2004,LAF,IN,AGL,CE,Tower without Radar,0,0,21,0,21,0,1,166,0,167,0,1,187,0,188,318,0,318,506
12/15/2004,LAF,IN,AGL,CE,Tower without Radar,0,6,31,0,37,0,0,161,0,161,0,6,192,0,198,286,0,286,484
12/16/2004,LAF,IN,AGL,CE,Tower without Radar,0,2,30,0,32,0,1,106,0,107,0,3,136,0,139,164,0,164,303
12/17/2004,LAF,IN,AGL,CE,Tower without Radar,0,0,45,0,45,0,0,112,0,112,0,0,157,0,157,170,0,170,327
12/18/2004,LAF,IN,AGL,CE,Tower without Radar,0,0,15,0,15,0,0,45,0,45,0,0,60,0,60,54,0,54,114
12/19/2004,LAF,IN,AGL,CE,Tower without Radar,0,0,5,0,5,0,2,3,0,5,0,2,8,0,10,8,0,8,18
12/20/2004,LAF,IN,AGL,CE,Tower without Radar,0,0,14,0,14,0,0,11,0,11,0,0,25,0,25,24,0,24,49
12/21/2004,LAF,IN,AGL,CE,Tower without Radar,0,2,21,0,23,0,0,89,0,89,0,2,110,0,112,170,0,170,282
12/22/2004,LAF,IN,AGL,CE,Tower without Radar,0,2,7,0,9,0,0,30,0,30,0,2,37,0,39,20,0,20,59
12/23/2004,LAF,IN,AGL,CE,Tower without Radar,0,1,10,0,11,0,0,6,0,6,0,1,16,0,17,0,0,0,17
12/24/2004,LAF,IN,AGL,CE,Tower without Radar,0,0,8,0,8,0,0,14,0,14,0,0,22,0,22,18,0,18,40
12/25/2004,LAF,IN,AGL,CE,Tower without Radar,0,0,2,0,2,0,2,3,0,5,0,2,5,0,7,0,0,0,7
12/26/2004,LAF,IN,AGL,CE,Tower without Radar,3,3,6,0,12,0,2,4,0,6,3,5,10,0,18,4,0,4,22
12/27/2004,LAF,IN,AGL,CE,Tower without Radar,0,4,18,0,22,0,0,25,0,25,0,4,43,0,47,38,0,38,85
12/28/2004,LAF,IN,AGL,CE,Tower without Radar,4,0,15,0,19,0,0,38,0,38,4,0,53,0,57,34,0,34,91
12/29/2004,LAF,IN,AGL,CE,Tower without Radar,4,0,7,0,11,0,0,6,0,6,4,0,13,0,17,14,0,14,31
12/30/2004,LAF,IN,AGL,CE,Tower without Radar,0,0,13,0,13,0,2,0,0,2,0,2,13,0,15,0,0,0,15
12/31/2004,LAF,IN,AGL,CE,Tower without Radar,0,0,4,0,4,0,1,11,0,12,0,1,15,0,16,38,0,38,54
01/01/2005,LAF,IN,AGL,CE,Tower without Radar,0,2,2,0,4,0,0,4,0,4,0,2,6,0,8,2,0,2,10
01/02/2005,LAF,IN,AGL,CE,Tower without Radar,0,3,5,0,8,0,0,0,0,0,0,3,5,0,8,0,0,0,8
01/03/2005,LAF,IN,AGL,CE,Tower without Radar,0,3,3,0,6,0,0,0,0,0,0,3,3,0,6,0,0,0,6
01/04/2005,LAF,IN,AGL,CE,Tower without Radar,0,0,10,0,10,0,0,0,0,0,0,0,10,0,10,0,0,0,10
01/05/2005,LAF,IN,AGL,CE,Tower without Radar,0,0,4,0,4,0,0,0,0,0,0,0,4,0,4,0,0,0,4
01/06/2005,LAF,IN,AGL,CE,Tower without Radar,0,3,17,0,20,0,0,0,0,0,0,3,17,0,20,0,0,0,20
01/07/2005,LAF,IN,AGL,CE,Tower without Radar,0,0,2,0,2,0,0,9,0,9,0,0,11,0,11,58,0,58,69
01/08/2005,LAF,IN,AGL,CE,Tower without Radar,0,0,9,0,9,0,0,4,0,4,0,0,13,0,13,0,0,0,13
01/09/2005,LAF,IN,AGL,CE,Tower without Radar,0,4,19,0,23,0,0,22,0,22,0,4,41,0,45,34,0,34,79
01/10/2005,LAF,IN,AGL,CE,Tower without Radar,0,1,24,0,25,0,1,7,0,8,0,2,31,0,33,2,0,2,35
01/11/2005,LAF,IN,AGL,CE,Tower without Radar,0,3,9,0,12,0,0,0,0,0,0,3,9,0,12,0,0,0,12
01/12/2005,LAF,IN,AGL,CE,Tower without Radar,0,2,31,0,33,0,0,45,0,45,0,2,76,0,78,42,0,42,120
01/13/2005,LAF,IN,AGL,CE,Tower without Radar,0,0,3,0,3,0,0,0,0,0,0,0,3,0,3,0,0,0,3
01/14/2005,LAF,IN,AGL,CE,Tower without Radar,0,0,19,0,19,0,0,167,0,167,0,0,186,0,186,334,0,334,520
01/15/2005,LAF,IN,AGL,CE,Tower without Radar,0,0,11,0,11,0,0,131,0,131,0,0,142,0,142,288,0,288,430
01/16/2005,LAF,IN,AGL,CE,Tower without Radar,0,0,10,0,10,0,2,48,0,50,0,2,58,0,60,66,0,66,126
01/17/2005,LAF,IN,AGL,CE,Tower without Radar,0,5,25,0,30,0,0,41,0,41,0,5,66,0,71,48,0,48,119
01/18/2005,LAF,IN,AGL,CE,Tower without Radar,0,2,27,0,29,0,0,185,0,185,0,2,212,0,214,384,0,384,598
01/19/2005,LAF,IN,AGL,CE,Tower without Radar,0,4,17,0,21,0,2,20,0,22,0,6,37,0,43,0,0,0,43
01/20/2005,LAF,IN,AGL,CE,Tower without Radar,0,0,7,0,7,0,0,2,0,2,0,0,9,0,9,2,0,2,11
01/21/2005,LAF,IN,AGL,CE,Tower without Radar,0,1,33,0,34,0,1,171,0,172,0,2,204,0,206,368,0,368,574
01/22/2005,LAF,IN,AGL,CE,Tower without Radar,4,3,0,0,7,0,0,0,0,0,4,3,0,0,7,0,0,0,7
01/23/2005,LAF,IN,AGL,CE,Tower without Radar,0,6,24,0,30,0,0,94,0,94,0,6,118,0,124,66,0,66,190
01/24/2005,LAF,IN,AGL,CE,Tower without Radar,0,2,39,0,41,0,0,204,0,204,0,2,243,0,245,492,0,492,737
01/25/2005,LAF,IN,AGL,CE,Tower without Radar,2,5,18,1,26,0,1,201,0,202,2,6,219,1,228,486,1,487,715
01/26/2005,LAF,IN,AGL,CE,Tower without Radar,0,3,13,0,16,0,0,31,0,31,0,3,44,0,47,58,0,58,105
01/27/2005,LAF,IN,AGL,CE,Tower without Radar,0,2,36,0,38,0,0,211,0,211,0,2,247,0,249,530,0,530,779
01/28/2005,LAF,IN,AGL,CE,Tower without Radar,0,4,31,0,35,0,0,181,0,181,0,4,212,0,216,202,0,202,418
01/29/2005,LAF,IN,AGL,CE,Tower without Radar,0,2,8,0,10,0,0,22,0,22,0,2,30,0,32,50,0,50,82
01/30/2005,LAF,IN,AGL,CE,Tower without Radar,2,2,26,0,30,0,0,104,0,104,2,2,130,0,134,56,0,56,190
01/31/2005,LAF,IN,AGL,CE,Tower without Radar,0,1,40,0,41,0,0,46,0,46,0,1,86,0,87,56,0,56,143
02/01/2005,LAF,IN,AGL,CE,Tower without Radar,2,2,42,0,46,0,0,17,0,17,2,2,59,0,63,40,0,40,103
02/02/2005,LAF,IN,AGL,CE,Tower without Radar,0,6,34,0,40,0,0,129,0,129,0,6,163,0,169,282,0,282,451
02/03/2005,LAF,IN,AGL,CE,Tower without Radar,0,0,40,0,40,0,0,174,0,174,0,0,214,0,214,570,0,570,784
02/04/2005,LAF,IN,AGL,CE,Tower without Radar,0,2,34,0,36,0,0,51,0,51,0,2,85,0,87,16,0,16,103
02/05/2005,LAF,IN,AGL,CE,Tower without Radar,0,2,32,0,34,0,0,135,0,135,0,2,167,0,169,218,0,218,387
02/06/2005,LAF,IN,AGL,CE,Tower without Radar,2,3,24,0,29,0,0,112,0,112,2,3,136,0,141,130,0,130,271
02/07/2005,LAF,IN,AGL,CE,Tower without Radar,0,1,18,0,19,0,0,0,0,0,0,1,18,0,19,0,0,0,19
02/08/2005,LAF,IN,AGL,CE,Tower without Radar,2,4,21,0,27,0,0,6,0,6,2,4,27,0,33,18,0,18,51
02/09/2005,LAF,IN,AGL,CE,Tower without Radar,0,1,19,0,20,0,0,6,0,6,0,1,25,0,26,6,0,6,32
02/10/2005,LAF,IN,AGL,CE,Tower without Radar,0,0,62,0,62,0,0,226,0,226,0,0,288,0,288,714,0,714,1002
02/11/2005,LAF,IN,AGL,CE,Tower without Radar,0,4,66,0,70,0,0,187,0,187,0,4,253,0,257,486,0,486,743
02/12/2005,LAF,IN,AGL,CE,Tower without Radar,0,2,37,0,39,0,1,214,0,215,0,3,251,0,254,364,0,364,618
02/13/2005,LAF,IN,AGL,CE,Tower without Radar,0,0,23,0,23,0,0,1,0,1,0,0,24,0,24,2,0,2,26
02/14/2005,LAF,IN,AGL,CE,Tower without Radar,0,1,19,0,20,0,0,26,0,26,0,1,45,0,46,190,0,190,236
02/15/2005,LAF,IN,AGL,CE,Tower without Radar,0,2,58,0,60,0,0,164,0,164,0,2,222,0,224,430,0,430,654
02/16/2005,LAF,IN,AGL,CE,Tower without Radar,0,4,31,0,35,0,1,156,0,157,0,5,187,0,192,536,0,536,728
02/17/2005,LAF,IN,AGL,CE,Tower without Radar,0,2,61,0,63,0,0,166,0,166,0,2,227,0,229,394,0,394,623
02/18/2005,LAF,IN,AGL,CE,Tower without Radar,2,0,57,0,59,0,2,237,0,239,2,2,294,0,298,376,0,376,674
02/19/2005,LAF,IN,AGL,CE,Tower without Radar,0,3,51,0,54,0,1,195,0,196,0,4,246,0,250,390,0,390,640
02/20/2005,LAF,IN,AGL,CE,Tower without Radar,0,0,5,0,5,0,0,0,0,0,0,0,5,0,5,0,0,0,5
02/21/2005,LAF,IN,AGL,CE,Tower without Radar,0,0,20,0,20,0,0,5,0,5,0,0,25,0,25,36,0,36,61
02/22/2005,LAF,IN,AGL,CE,Tower without Radar,0,0,18,0,18,0,0,31,0,31,0,0,49,0,49,166,0,166,215
02/23/2005,LAF,IN,AGL,CE,Tower without Radar,0,2,85,0,87,0,0,195,0,195,0,2,280,0,282,584,0,584,866
02/24/2005,LAF,IN,AGL,CE,Tower without Radar,0,0,94,0,94,0,0,188,0,188,0,0,282,0,282,576,0,576,858
02/25/2005,LAF,IN,AGL,CE,Tower without Radar,0,0,61,2,63,0,0,110,0,110,0,0,171,2,173,392,9,401,574
02/26/2005,LAF,IN,AGL,CE,Tower without Radar,0,0,61,0,61,0,0,171,0,171,0,0,232,0,232,260,0,260,492
02/27/2005,LAF,IN,AGL,CE,Tower without Radar,0,4,56,0,60,0,0,96,0,96,0,4,152,0,156,134,0,134,290
02/28/2005,LAF,IN,AGL,CE,Tower without Radar,0,2,12,0,14,0,0,0,0,0,0,2,12,0,14,0,0,0,14
03/01/2005,LAF,IN,AGL,CE,Tower without Radar,0,2,29,0,31,0,1,20,0,21,0,3,49,0,52,26,0,26,78
03/02/2005,LAF,IN,AGL,CE,Tower without Radar,0,2,72,0,74,0,0,207,0,207,0,2,279,0,281,508,0,508,789
03/03/2005,LAF,IN,AGL,CE,Tower without Radar,0,0,101,0,101,0,0,196,0,196,0,0,297,0,297,544,0,544,841
03/04/2005,LAF,IN,AGL,CE,Tower without Radar,0,0,71,0,71,0,0,182,0,182,0,0,253,0,253,372,0,372,625
03/05/2005,LAF,IN,AGL,CE,Tower without Radar,0,2,11,0,13,0,0,11,0,11,0,2,22,0,24,8,0,8,32
03/06/2005,LAF,IN,AGL,CE,Tower without Radar,0,0,40,0,40,0,1,79,0,80,0,1,119,0,120,90,0,90,210
03/07/2005,LAF,IN,AGL,CE,Tower without Radar,0,0,16,0,16,0,1,30,0,31,0,1,46,0,47,66,0,66,113
03/08/2005,LAF,IN,AGL,CE,Tower without Radar,0,1,57,0,58,0,0,168,0,168,0,1,225,0,226,352,0,352,578
03/09/2005,LAF,IN,AGL,CE,Tower without Radar,0,0,76,0,76,0,0,206,0,206,0,0,282,0,282,410,0,410,692
03/10/2005,LAF,IN,AGL,CE,Tower without Radar,0,1,43,0,44,0,0,60,0,60,0,1,103,0,104,128,0,128,232
03/11/2005,LAF,IN,AGL,CE,Tower without Radar,0,0,27,0,27,0,0,6,0,6,0,0,33,0,33,6,0,6,39
03/12/2005,LAF,IN,AGL,CE,Tower without Radar,0,0,25,0,25,0,0,59,0,59,0,0,84,0,84,242,0,242,326
03/13/2005,LAF,IN,AGL,CE,Tower without Radar,0,0,20,0,20,0,0,62,0,62,0,0,82,0,82,32,0,32,114
03/14/2005,LAF,IN,AGL,CE,Tower without Radar,0,1,44,0,45,0,3,81,0,84,0,4,125,0,129,196,0,196,325
03/15/2005,LAF,IN,AGL,CE,Tower without Radar,0,0,35,0,35,0,0,87,0,87,0,0,122,0,122,88,0,88,210
03/16/2005,LAF,IN,AGL,CE,Tower without Radar,0,3,30,2,35,0,0,43,0,43,0,3,73,2,78,166,0,166,244
03/17/2005,LAF,IN,AGL,CE,Tower without Radar,1,1,17,0,19,0,0,47,0,47,1,1,64,0,66,34,0,34,100
03/18/2005,LAF,IN,AGL,CE,Tower without Radar,0,5,17,0,22,0,0,38,0,38,0,5,55,0,60,32,0,32,92
03/19/2005,LAF,IN,AGL,CE,Tower without Radar,0,2,16,0,18,0,0,9,0,9,0,2,25,0,27,0,0,0,27
03/20/2005,LAF,IN,AGL,CE,Tower without Radar,0,3,34,0,37,0,0,42,0,42,0,3,76,0,79,31,0,31,110
03/21/2005,LAF,IN,AGL,CE,Tower without Radar,0,0,66,0,66,0,1,210,0,211,0,1,276,0,277,430,0,430,707
03/22/2005,LAF,IN,AGL,CE,Tower without Radar,0,0,58,0,58,0,0,142,0,142,0,0,200,0,200,240,0,240,440
03/23/2005,LAF,IN,AGL,CE,Tower without Radar,2,0,21,0,23,0,0,15,0,15,2,0,36,0,38,124,0,124,162
03/24/2005,LAF,IN,AGL,CE,Tower without Radar,0,0,63,0,63,0,1,202,0,203,0,1,265,0,266,470,0,470,736
03/25/2005,LAF,IN,AGL,CE,Tower without Radar,0,0,7,0,7,0,0,0,0,0,0,0,7,0,7,0,0,0,7
03/26/2005,LAF,IN,AGL,CE,Tower without Radar,0,1,12,0,13,0,0,0,0,0,0,1,12,0,13,6,0,6,19
03/27/2005,LAF,IN,AGL,CE,Tower without Radar,0,0,4,0,4,0,1,11,0,12,0,1,15,0,16,36,0,36,52
03/28/2005,LAF,IN,AGL,CE,Tower without Radar,0,1,74,3,78,0,0,191,0,191,0,1,265,3,269,414,0,414,683
03/29/2005,LAF,IN,AGL,CE,Tower without Radar,0,2,59,3,64,0,1,203,0,204,0,3,262,3,268,360,0,360,628
03/30/2005,LAF,IN,AGL,CE,Tower without Radar,0,0,38,0,38,0,0,121,0,121,0,0,159,0,159,190,0,190,349
03/31/2005,LAF,IN,AGL,CE,Tower without Radar,0,2,48,1,51,0,3,97,0,100,0,5,145,1,151,248,0,248,399
04/01/2005,LAF,IN,AGL,CE,Tower without Radar,0,0,59,0,59,0,0,197,0,197,0,0,256,0,256,346,0,346,602
04/02/2005,LAF,IN,AGL,CE,Tower without Radar,0,0,7,0,7,0,1,31,0,32,0,1,38,0,39,22,0,22,61
04/03/2005,LAF,IN,AGL,CE,Tower without Radar,0,0,44,0,44,0,0,194,0,194,0,0,238,0,238,78,0,78,316
04/04/2005,LAF,IN,AGL,CE,Tower without Radar,0,0,62,0,62,0,0,213,0,213,0,0,275,0,275,489,0,489,764
04/05/2005,LAF,IN,AGL,CE,Tower without Radar,0,0,75,0,75,0,0,264,0,264,0,0,339,0,339,480,0,480,819
04/06/2005,LAF,IN,AGL,CE,Tower without Radar,0,2,84,0,86,0,1,223,0,224,0,3,307,0,310,360,0,360,670
04/07/2005,LAF,IN,AGL,CE,Tower without Radar,0,1,50,0,51,0,0,39,0,39,0,1,89,0,90,146,0,146,236
04/08/2005,LAF,IN,AGL,CE,Tower without Radar,0,0,76,0,76,0,0,247,0,247,0,0,323,0,323,494,0,494,817
04/09/2005,LAF,IN,AGL,CE,Tower without Radar,0,1,50,0,51,0,0,226,0,226,0,1,276,0,277,311,0,311,588
04/10/2005,LAF,IN,AGL,CE,Tower without Radar,0,1,21,0,22,0,0,121,0,121,0,1,142,0,143,110,2,112,255
04/11/2005,LAF,IN,AGL,CE,Tower without Radar,0,0,54,0,54,0,0,176,0,176,0,0,230,0,230,448,0,448,678
04/12/2005,LAF,IN,AGL,CE,Tower without Radar,0,0,31,0,31,0,0,40,0,40,0,0,71,0,71,132,0,132,203
04/13/2005,LAF,IN,AGL,CE,Tower without Radar,0,6,71,0,77,0,0,169,0,169,0,6,240,0,246,456,0,456,702
04/14/2005,LAF,IN,AGL,CE,Tower without Radar,0,5,49,0,54,0,0,238,1,239,0,5,287,1,293,616,0,616,909
04/15/2005,LAF,IN,AGL,CE,Tower without Radar,0,4,50,0,54,0,1,219,0,220,0,5,269,0,274,496,0,496,770
04/16/2005,LAF,IN,AGL,CE,Tower without Radar,0,2,40,1,43,0,0,227,0,227,0,2,267,1,270,304,0,304,574
04/17/2005,LAF,IN,AGL,CE,Tower without Radar,0,0,33,0,33,0,0,139,0,139,0,0,172,0,172,112,0,112,284
04/18/2005,LAF,IN,AGL,CE,Tower without Radar,0,0,53,0,53,0,0,188,0,188,0,0,241,0,241,406,0,406,647
04/19/2005,LAF,IN,AGL,CE,Tower without Radar,0,2,48,0,50,0,1,176,0,177,0,3,224,0,227,376,0,376,603
04/20/2005,LAF,IN,AGL,CE,Tower without Radar,0,0,42,0,42,0,0,181,0,181,0,0,223,0,223,354,0,354,577
04/21/2005,LAF,IN,AGL,CE,Tower without Radar,0,0,37,0,37,0,0,47,0,47,0,0,84,0,84,292,0,292,376
04/22/2005,LAF,IN,AGL,CE,Tower without Radar,0,0,12,0,12,0,0,0,0,0,0,0,12,0,12,0,0,0,12
04/23/2005,LAF,IN,AGL,CE,Tower without Radar,0,0,11,0,11,0,0,2,0,2,0,0,13,0,13,0,0,0,13
04/24/2005,LAF,IN,AGL,CE,Tower without Radar,0,0,13,0,13,0,0,48,0,48,0,0,61,0,61,120,0,120,181
04/25/2005,LAF,IN,AGL,CE,Tower without Radar,0,0,50,0,50,0,0,179,0,179,0,0,229,0,229,424,0,424,653
04/26/2005,LAF,IN,AGL,CE,Tower without Radar,0,0,21,0,21,0,1,86,0,87,0,1,107,0,108,282,0,282,390
04/27/2005,LAF,IN,AGL,CE,Tower without Radar,0,0,39,0,39,0,0,127,0,127,0,0,166,0,166,374,0,374,540
04/28/2005,LAF,IN,AGL,CE,Tower without Radar,0,0,46,0,46,0,0,161,0,161,0,0,207,0,207,514,0,514,721
04/29/2005,LAF,IN,AGL,CE,Tower without Radar,0,2,28,1,31,0,0,72,0,72,0,2,100,1,103,194,0,194,297
04/30/2005,LAF,IN,AGL,CE,Tower without Radar,0,0,16,0,16,0,0,116,0,116,0,0,132,0,132,340,0,340,472
05/01/2005,LAF,IN,AGL,CE,Tower without Radar,0,2,15,0,17,0,1,59,1,61,0,3,74,1,78,93,6,99,177
05/02/2005,LAF,IN,AGL,CE,Tower without Radar,0,0,28,0,28,0,0,99,0,99,0,0,127,0,127,246,0,246,373
05/03/2005,LAF,IN,AGL,CE,Tower without Radar,0,0,26,0,26,0,2,146,0,148,0,2,172,0,174,324,0,324,498
05/04/2005,LAF,IN,AGL,CE,Tower without Radar,0,0,41,0,41,0,0,154,3,157,0,0,195,3,198,362,0,362,560
05/05/2005,LAF,IN,AGL,CE,Tower without Radar,0,2,29,0,31,0,0,154,0,154,0,2,183,0,185,256,0,256,441
05/06/2005,LAF,IN,AGL,CE,Tower without Radar,0,2,28,0,30,0,0,131,0,131,0,2,159,0,161,230,0,230,391
05/07/2005,LAF,IN,AGL,CE,Tower without Radar,0,0,20,0,20,0,1,74,0,75,0,1,94,0,95,144,0,144,239
05/08/2005,LAF,IN,AGL,CE,Tower without Radar,0,0,9,0,9,0,3,98,0,101,0,3,107,0,110,62,0,62,172
05/09/2005,LAF,IN,AGL,CE,Tower without Radar,0,2,15,0,17,0,1,94,0,95,0,3,109,0,112,172,0,172,284
05/10/2005,LAF,IN,AGL,CE,Tower without Radar,0,1,21,0,22,0,0,121,0,121,0,1,142,0,143,110,2,112,255
05/11/2005,LAF,IN,AGL,CE,Tower without Radar,0,1,23,0,24,0,0,73,0,73,0,1,96,0,97,66,0,66,163
05/12/2005,LAF,IN,AGL,CE,Tower without Radar,0,1,18,0,19,0,2,58,0,60,0,3,76,0,79,44,0,44,123
05/13/2005,LAF,IN,AGL,CE,Tower without Radar,0,2,26,0,28,0,0,36,0,36,0,2,62,0,64,30,0,30,94
05/14/2005,LAF,IN,AGL,CE,Tower without Radar,0,1,20,0,21,0,1,24,0,25,0,2,44,0,46,18,0,18,64
05/15/2005,LAF,IN,AGL,CE,Tower without Radar,0,1,32,0,33,0,1,61,0,62,0,2,93,0,95,48,0,48,143
05/16/2005,LAF,IN,AGL,CE,Tower without Radar,0,0,22,0,22,0,4,95,0,99,0,4,117,0,121,78,0,78,199
05/17/2005,LAF,IN,AGL,CE,Tower without Radar,0,0,27,0,27,0,0,76,0,76,0,0,103,0,103,86,0,86,189
05/18/2005,LAF,IN,AGL,CE,Tower without Radar,0,1,21,0,22,0,0,103,0,103,0,1,124,0,125,154,0,154,279
05/19/2005,LAF,IN,AGL,CE,Tower without Radar,0,1,23,0,24,0,0,18,0,18,0,1,41,0,42,4,0,4,46
05/20/2005,LAF,IN,AGL,CE,Tower without Radar,0,3,24,1,28,0,1,29,0,30,0,4,53,1,58,7,1,8,66
05/21/2005,LAF,IN,AGL,CE,Tower without Radar,0,0,13,2,15,0,1,63,0,64,0,1,76,2,79,126,0,126,205
05/22/2005,LAF,IN,AGL,CE,Tower without Radar,0,2,13,0,15,0,0,51,0,51,0,2,64,0,66,77,0,77,143
05/23/2005,LAF,IN,AGL,CE,Tower without Radar,0,0,21,0,21,0,0,40,0,40,0,0,61,0,61,38,0,38,99
05/24/2005,LAF,IN,AGL,CE,Tower without Radar,0,0,30,0,30,0,0,95,0,95,0,0,125,0,125,166,0,166,291
05/25/2005,LAF,IN,AGL,CE,Tower without Radar,0,2,24,0,26,0,0,100,0,100,0,2,124,0,126,154,0,154,280
05/26/2005,LAF,IN,AGL,CE,Tower without Radar,0,1,24,0,25,0,0,79,0,79,0,1,103,0,104,162,0,162,266
05/27/2005,LAF,IN,AGL,CE,Tower without Radar,0,6,23,0,29,0,0,77,0,77,0,6,100,0,106,86,0,86,192
05/28/2005,LAF,IN,AGL,CE,Tower without Radar,0,0,12,0,12,0,3,63,0,66,0,3,75,0,78,70,0,70,148
05/29/2005,LAF,IN,AGL,CE,Tower without Radar,0,0,8,0,8,0,3,89,0,92,0,3,97,0,100,104,0,104,204
05/30/2005,LAF,IN,AGL,CE,Tower without Radar,0,0,10,0,10,0,0,65,0,65,0,0,75,0,75,92,0,92,167
05/31/2005,LAF,IN,AGL,CE,Tower without Radar,0,5,28,0,33,0,0,83,0,83,0,5,111,0,116,106,0,106,222
06/01/2005,LAF,IN,AGL,CE,Tower without Radar,0,0,19,0,19,0,0,72,0,72,0,0,91,0,91,106,0,106,197
06/02/2005,LAF,IN,AGL,CE,Tower without Radar,0,2,28,0,30,0,0,6,0,6,0,2,34,0,36,0,0,0,36
06/03/2005,LAF,IN,AGL,CE,Tower without Radar,0,0,23,0,23,0,1,23,0,24,0,1,46,0,47,84,0,84,131
06/04/2005,LAF,IN,AGL,CE,Tower without Radar,0,1,8,0,9,0,0,49,0,49,0,1,57,0,58,74,0,74,132
06/05/2005,LAF,IN,AGL,CE,Tower without Radar,0,3,9,0,12,0,0,34,0,34,0,3,43,0,46,38,0,38,84
06/06/2005,LAF,IN,AGL,CE,Tower without Radar,0,0,29,0,29,0,0,74,0,74,0,0,103,0,103,114,0,114,217
06/07/2005,LAF,IN,AGL,CE,Tower without Radar,0,0,21,0,21,0,0,65,0,65,0,0,86,0,86,44,0,44,130
06/08/2005,LAF,IN,AGL,CE,Tower without Radar,0,3,28,0,31,0,0,50,0,50,0,3,78,0,81,80,0,80,161
06/09/2005,LAF,IN,AGL,CE,Tower without Radar,0,2,35,0,37,0,0,94,0,94,0,2,129,0,131,58,0,58,189
06/10/2005,LAF,IN,AGL,CE,Tower without Radar,0,2,12,0,14,0,0,37,0,37,0,2,49,0,51,56,0,56,107
06/11/2005,LAF,IN,AGL,CE,Tower without Radar,0,0,5,2,7,0,0,38,2,40,0,0,43,4,47,30,0,30,77
06/12/2005,LAF,IN,AGL,CE,Tower without Radar,0,2,16,0,18,0,0,3,0,3,0,2,19,0,21,8,0,8,29
06/13/2005,LAF,IN,AGL,CE,Tower without Radar,0,1,26,0,27,0,0,53,0,53,0,1,79,0,80,106,0,106,186
06/14/2005,LAF,IN,AGL,CE,Tower without Radar,0,3,6,0,9,0,0,90,0,90,0,3,96,0,99,166,0,166,265
06/15/2005,LAF,IN,AGL,CE,Tower without Radar,0,3,18,0,21,0,0,96,0,96,0,3,114,0,117,208,0,208,325
06/16/2005,LAF,IN,AGL,CE,Tower without Radar,0,1,36,0,37,0,0,114,0,114,0,1,150,0,151,170,0,170,321
06/17/2005,LAF,IN,AGL,CE,Tower without Radar,0,0,34,0,34,0,0,168,0,168,0,0,202,0,202,202,0,202,404
06/18/2005,LAF,IN,AGL,CE,Tower without Radar,0,0,14,3,17,0,0,113,1,114,0,0,127,4,131,98,0,98,229
06/19/2005,LAF,IN,AGL,CE,Tower without Radar,0,0,16,1,17,0,0,119,2,121,0,0,135,3,138,54,1,55,193
06/20/2005,LAF,IN,AGL,CE,Tower without Radar,0,0,33,0,33,0,0,155,0,155,0,0,188,0,188,154,0,154,342
06/21/2005,LAF,IN,AGL,CE,Tower without Radar,0,0,25,0,25,0,1,152,0,153,0,1,177,0,178,124,0,124,302
06/22/2005,LAF,IN,AGL,CE,Tower without Radar,0,0,49,0,49,0,1,120,0,121,0,1,169,0,170,196,0,196,366
06/23/2005,LAF,IN,AGL,CE,Tower without Radar,0,3,52,0,55,0,1,122,0,123,0,4,174,0,178,172,0,172,350
06/24/2005,LAF,IN,AGL,CE,Tower without Radar,0,2,37,0,39,0,0,125,0,125,0,2,162,0,164,219,0,219,383
06/25/2005,LAF,IN,AGL,CE,Tower without Radar,0,0,17,0,17,0,0,37,0,37,0,0,54,0,54,110,0,110,164
06/26/2005,LAF,IN,AGL,CE,Tower without Radar,0,0,11,0,11,0,0,35,0,35,0,0,46,0,46,118,0,118,164
06/27/2005,LAF,IN,AGL,CE,Tower without Radar,0,2,37,0,39,0,0,96,0,96,0,2,133,0,135,192,0,192,327
06/28/2005,LAF,IN,AGL,CE,Tower without Radar,0,1,28,0,29,0,0,41,0,41,0,1,69,0,70,66,0,66,136
06/29/2005,LAF,IN,AGL,CE,Tower without Radar,0,0,41,0,41,0,0,106,0,106,0,0,147,0,147,375,0,375,522
06/30/2005,LAF,IN,AGL,CE,Tower without Radar,0,0,37,0,37,0,0,93,0,93,0,0,130,0,130,268,0,268,398
07/01/2005,LAF,IN,AGL,CE,Tower without Radar,0,4,20,0,24,0,0,102,0,102,0,4,122,0,126,256,0,256,382
07/02/2005,LAF,IN,AGL,CE,Tower without Radar,0,2,12,0,14,0,0,62,0,62,0,2,74,0,76,44,0,44,120
07/03/2005,LAF,IN,AGL,CE,Tower without Radar,0,0,10,0,10,0,2,46,0,48,0,2,56,0,58,0,0,0,58
07/04/2005,LAF,IN,AGL,CE,Tower without Radar,0,0,5,0,5,0,0,34,0,34,0,0,39,0,39,22,0,22,61
07/05/2005,LAF,IN,AGL,CE,Tower without Radar,0,0,32,0,32,0,0,123,0,123,0,0,155,0,155,290,0,290,445
07/06/2005,LAF,IN,AGL,CE,Tower without Radar,0,0,22,0,22,0,0,107,0,107,0,0,129,0,129,164,0,164,293
07/07/2005,LAF,IN,AGL,CE,Tower without Radar,0,0,34,0,34,0,0,148,0,148,0,0,182,0,182,326,0,326,508
07/08/2005,LAF,IN,AGL,CE,Tower without Radar,0,2,33,0,35,0,0,132,0,132,0,2,165,0,167,154,0,154,321
07/09/2005,LAF,IN,AGL,CE,Tower without Radar,0,2,15,0,17,0,1,86,0,87,0,3,101,0,104,48,0,48,152
07/10/2005,LAF,IN,AGL,CE,Tower without Radar,0,0,20,0,20,0,1,72,0,73,0,1,92,0,93,38,0,38,131
07/11/2005,LAF,IN,AGL,CE,Tower without Radar,0,0,26,0,26,0,0,133,0,133,0,0,159,0,159,226,0,226,385
07/12/2005,LAF,IN,AGL,CE,Tower without Radar,0,4,22,0,26,0,0,56,0,56,0,4,78,0,82,164,0,164,246
07/13/2005,LAF,IN,AGL,CE,Tower without Radar,0,1,19,0,20,0,1,34,0,35,0,2,53,0,55,54,0,54,109
07/14/2005,LAF,IN,AGL,CE,Tower without Radar,0,3,12,0,15,0,0,72,0,72,0,3,84,0,87,188,0,188,275
07/15/2005,LAF,IN,AGL,CE,Tower without Radar,0,2,23,0,25,0,0,38,0,38,0,2,61,0,63,40,0,40,103
07/16/2005,LAF,IN,AGL,CE,Tower without Radar,0,1,13,0,14,0,0,11,0,11,0,1,24,0,25,80,0,80,105
07/17/2005,LAF,IN,AGL,CE,Tower without Radar,0,0,10,0,10,0,0,25,0,25,0,0,35,0,35,42,0,42,77
07/18/2005,LAF,IN,AGL,CE,Tower without Radar,0,0,20,0,20,0,0,75,0,75,0,0,95,0,95,106,0,106,201
07/19/2005,LAF,IN,AGL,CE,Tower without Radar,0,1,35,0,36,0,0,208,0,208,0,1,243,0,244,290,0,290,534
07/20/2005,LAF,IN,AGL,CE,Tower without Radar,0,1,25,0,26,0,0,172,0,172,0,1,197,0,198,308,0,308,506
07/21/2005,LAF,IN,AGL,CE,Tower without Radar,0,3,27,0,30,0,0,137,0,137,0,3,164,0,167,172,0,172,339
07/22/2005,LAF,IN,AGL,CE,Tower without Radar,0,2,19,0,21,0,1,121,0,122,0,3,140,0,143,190,0,190,333
07/23/2005,LAF,IN,AGL,CE,Tower without Radar,0,1,26,0,27,0,2,103,0,105,0,3,129,0,132,106,0,106,238
07/24/2005,LAF,IN,AGL,CE,Tower without Radar,0,2,31,0,33,0,1,51,0,52,0,3,82,0,85,72,0,72,157
07/25/2005,LAF,IN,AGL,CE,Tower without Radar,0,0,12,0,12,0,0,102,0,102,0,0,114,0,114,284,0,284,398
07/26/2005,LAF,IN,AGL,CE,Tower without Radar,0,0,16,0,16,0,0,49,0,49,0,0,65,0,65,80,0,80,145
07/27/2005,LAF,IN,AGL,CE,Tower without Radar,0,0,21,0,21,0,0,116,0,116,0,0,137,0,137,228,0,228,365
07/28/2005,LAF,IN,AGL,CE,Tower without Radar,0,1,17,0,18,0,1,127,2,130,0,2,144,2,148,266,0,266,414
07/29/2005,LAF,IN,AGL,CE,Tower without Radar,0,4,24,0,28,0,0,123,0,123,0,4,147,0,151,258,0,258,409
07/30/2005,LAF,IN,AGL,CE,Tower without Radar,0,0,16,0,16,0,0,79,0,79,0,0,95,0,95,48,0,48,143
07/31/2005,LAF,IN,AGL,CE,Tower without Radar,0,0,18,0,18,0,0,59,0,59,0,0,77,0,77,58,0,58,135
08/01/2005,LAF,IN,AGL,CE,Tower without Radar,0,0,24,0,24,0,0,83,0,83,0,0,107,0,107,140,0,140,247
08/02/2005,LAF,IN,AGL,CE,Tower without Radar,0,2,18,0,20,0,0,62,0,62,0,2,80,0,82,160,0,160,242
08/03/2005,LAF,IN,AGL,CE,Tower without Radar,0,0,27,0,27,0,0,91,0,91,0,0,118,0,118,182,0,182,300
08/04/2005,LAF,IN,AGL,CE,Tower without Radar,0,2,23,0,25,0,1,41,0,42,0,3,64,0,67,56,0,56,123
08/05/2005,LAF,IN,AGL,CE,Tower without Radar,0,0,28,0,28,0,0,90,0,90,0,0,118,0,118,152,0,152,270
08/06/2005,LAF,IN,AGL,CE,Tower without Radar,0,2,12,0,14,0,2,59,0,61,0,4,71,0,75,28,0,28,103
08/07/2005,LAF,IN,AGL,CE,Tower without Radar,0,0,8,1,9,0,0,48,1,49,0,0,56,2,58,68,0,68,126
08/08/2005,LAF,IN,AGL,CE,Tower without Radar,0,2,18,0,20,0,6,25,0,31,0,8,43,0,51,58,0,58,109
08/09/2005,LAF,IN,AGL,CE,Tower without Radar,0,0,16,0,16,0,0,62,0,62,0,0,78,0,78,124,0,124,202
08/10/2005,LAF,IN,AGL,CE,Tower without Radar,0,1,18,0,19,0,0,52,0,52,0,1,70,0,71,54,0,54,125
08/11/2005,LAF,IN,AGL,CE,Tower without Radar,0,3,13,0,16,0,1,53,0,54,0,4,66,0,70,142,0,142,212
08/12/2005,LAF,IN,AGL,CE,Tower without Radar,0,6,31,0,37,0,0,41,0,41,0,6,72,0,78,84,0,84,162
08/13/2005,LAF,IN,AGL,CE,Tower without Radar,0,2,12,0,14,0,0,23,0,23,0,2,35,0,37,34,0,34,71
08/14/2005,LAF,IN,AGL,CE,Tower without Radar,0,2,10,0,12,0,0,1,0,1,0,2,11,0,13,0,0,0,13
08/15/2005,LAF,IN,AGL,CE,Tower without Radar,0,0,28,0,28,0,0,18,0,18,0,0,46,0,46,18,0,18,64
08/16/2005,LAF,IN,AGL,CE,Tower without Radar,0,3,26,0,29,0,0,93,0,93,0,3,119,0,122,132,0,132,254
08/17/2005,LAF,IN,AGL,CE,Tower without Radar,0,5,23,0,28,0,1,109,0,110,0,6,132,0,138,166,0,166,304
08/18/2005,LAF,IN,AGL,CE,Tower without Radar,0,0,32,0,32,0,0,34,0,34,0,0,66,0,66,108,0,108,174
08/19/2005,LAF,IN,AGL,CE,Tower without Radar,0,0,23,0,23,0,1,126,0,127,0,1,149,0,150,158,0,158,308
08/20/2005,LAF,IN,AGL,CE,Tower without Radar,0,0,15,0,15,0,1,66,0,67,0,1,81,0,82,44,0,44,126
08/21/2005,LAF,IN,AGL,CE,Tower without Radar,0,0,9,0,9,0,1,70,0,71,0,1,79,0,80,38,0,38,118
08/22/2005,LAF,IN,AGL,CE,Tower without Radar,0,0,23,0,23,0,0,64,0,64,0,0,87,0,87,98,0,98,185
08/23/2005,LAF,IN,AGL,CE,Tower without Radar,0,2,22,1,25,0,0,72,0,72,0,2,94,1,97,82,0,82,179
08/24/2005,LAF,IN,AGL,CE,Tower without Radar,0,1,8,0,9,0,0,158,1,159,0,1,166,1,168,105,0,105,273
08/25/2005,LAF,IN,AGL,CE,Tower without Radar,0,1,11,0,12,0,1,184,0,185,0,2,195,0,197,152,2,154,351
08/26/2005,LAF,IN,AGL,CE,Tower without Radar,0,0,21,0,21,0,0,164,0,164,0,0,185,0,185,214,0,214,399
08/27/2005,LAF,IN,AGL,CE,Tower without Radar,0,0,13,0,13,0,0,87,0,87,0,0,100,0,100,78,0,78,178
08/28/2005,LAF,IN,AGL,CE,Tower without Radar,0,0,20,0,20,0,39,125,0,164,0,39,145,0,184,100,0,100,284
08/29/2005,LAF,IN,AGL,CE,Tower without Radar,0,0,24,0,24,0,13,166,0,179,0,13,190,0,203,328,0,328,531
08/30/2005,LAF,IN,AGL,CE,Tower without Radar,0,0,18,0,18,0,0,18,0,18,0,0,36,0,36,22,0,22,58
08/31/2005,LAF,IN,AGL,CE,Tower without Radar,0,0,27,0,27,0,0,192,0,192,0,0,219,0,219,340,0,340,559
09/01/2005,LAF,IN,AGL,CE,Tower without Radar,0,0,47,0,47,0,0,239,0,239,0,0,286,0,286,450,0,450,736
09/02/2005,LAF,IN,AGL,CE,Tower without Radar,0,2,32,0,34,0,0,224,0,224,0,2,256,0,258,233,0,233,491
09/03/2005,LAF,IN,AGL,CE,Tower without Radar,0,0,28,0,28,0,1,161,0,162,0,1,189,0,190,272,0,272,462
09/04/2005,LAF,IN,AGL,CE,Tower without Radar,0,0,22,0,22,0,1,69,0,70,0,1,91,0,92,16,0,16,108
09/05/2005,LAF,IN,AGL,CE,Tower without Radar,0,3,17,0,20,0,0,68,0,68,0,3,85,0,88,34,0,34,122
09/06/2005,LAF,IN,AGL,CE,Tower without Radar,0,0,24,0,24,0,0,168,0,168,0,0,192,0,192,348,0,348,540
09/07/2005,LAF,IN,AGL,CE,Tower without Radar,0,2,45,0,47,0,0,179,0,179,0,2,224,0,226,574,0,574,800
09/08/2005,LAF,IN,AGL,CE,Tower without Radar,0,0,47,0,47,0,0,104,0,104,0,0,151,0,151,398,0,398,549
09/09/2005,LAF,IN,AGL,CE,Tower without Radar,0,2,48,0,50,0,0,140,0,140,0,2,188,0,190,349,0,349,539
09/10/2005,LAF,IN,AGL,CE,Tower without Radar,0,10,28,0,38,0,0,61,0,61,0,10,89,0,99,0,0,0,99
09/11/2005,LAF,IN,AGL,CE,Tower without Radar,0,4,26,0,30,0,0,62,0,62,0,4,88,0,92,111,0,111,203
09/12/2005,LAF,IN,AGL,CE,Tower without Radar,0,0,34,1,35,0,0,117,0,117,0,0,151,1,152,474,0,474,626
09/13/2005,LAF,IN,AGL,CE,Tower without Radar,0,0,47,0,47,0,0,184,0,184,0,0,231,0,231,562,0,562,793
09/14/2005,LAF,IN,AGL,CE,Tower without Radar,0,0,31,0,31,0,0,110,0,110,0,0,141,0,141,570,0,570,711
09/15/2005,LAF,IN,AGL,CE,Tower without Radar,0,2,32,0,34,0,0,141,0,141,0,2,173,0,175,340,0,340,515
09/16/2005,LAF,IN,AGL,CE,Tower without Radar,2,3,28,0,33,0,0,24,0,24,2,3,52,0,57,0,0,0,57
09/17/2005,LAF,IN,AGL,CE,Tower without Radar,0,0,24,0,24,0,0,165,0,165,0,0,189,0,189,338,0,338,527
09/18/2005,LAF,IN,AGL,CE,Tower without Radar,0,1,16,0,17,0,2,67,0,69,0,3,83,0,86,72,0,72,158
09/19/2005,LAF,IN,AGL,CE,Tower without Radar,0,2,9,0,11,0,0,24,0,24,0,2,33,0,35,30,0,30,65
09/20/2005,LAF,IN,AGL,CE,Tower without Radar,0,2,72,0,74,0,0,151,0,151,0,2,223,0,225,493,0,493,718
09/21/2005,LAF,IN,AGL,CE,Tower without Radar,0,0,45,0,45,0,0,90,0,90,0,0,135,0,135,446,0,446,581
09/22/2005,LAF,IN,AGL,CE,Tower without Radar,0,0,55,0,55,0,0,129,0,129,0,0,184,0,184,352,0,352,536
09/23/2005,LAF,IN,AGL,CE,Tower without Radar,0,7,31,0,38,0,0,1,0,1,0,7,32,0,39,0,0,0,39
09/24/2005,LAF,IN,AGL,CE,Tower without Radar,1,0,41,0,42,0,4,105,0,109,1,4,146,0,151,354,0,354,505
09/25/2005,LAF,IN,AGL,CE,Tower without Radar,0,3,18,0,21,0,0,0,0,0,0,3,18,0,21,0,0,0,21
09/26/2005,LAF,IN,AGL,CE,Tower without Radar,0,0,48,0,48,0,0,156,0,156,0,0,204,0,204,492,0,492,696
09/27/2005,LAF,IN,AGL,CE,Tower without Radar,0,0,102,0,102,0,0,165,0,165,0,0,267,0,267,552,0,552,819
09/28/2005,LAF,IN,AGL,CE,Tower without Radar,0,0,44,0,44,0,3,144,0,147,0,3,188,0,191,416,0,416,607
09/29/2005,LAF,IN,AGL,CE,Tower without Radar,0,2,89,2,93,0,0,201,0,201,0,2,290,2,294,726,2,728,1022
09/30/2005,LAF,IN,AGL,CE,Tower without Radar,0,3,71,0,74,0,0,263,0,263,0,3,334,0,337,709,0,709,1046
10/01/2005,LAF,IN,AGL,CE,Tower without Radar,0,4,74,0,78,0,0,230,0,230,0,4,304,0,308,420,0,420,728
10/02/2005,LAF,IN,AGL,CE,Tower without Radar,0,3,50,0,53,0,0,36,0,36,0,3,86,0,89,32,0,32,121
10/03/2005,LAF,IN,AGL,CE,Tower without Radar,0,0,59,0,59,0,0,175,0,175,0,0,234,0,234,602,0,602,836
10/04/2005,LAF,IN,AGL,CE,Tower without Radar,0,5,69,0,74,0,0,162,0,162,0,5,231,0,236,592,0,592,828
10/05/2005,LAF,IN,AGL,CE,Tower without Radar,0,0,81,0,81,0,0,213,0,213,0,0,294,0,294,566,0,566,860
10/06/2005,LAF,IN,AGL,CE,Tower without Radar,0,2,59,0,61,0,0,187,0,187,0,2,246,0,248,654,0,654,902
10/07/2005,LAF,IN,AGL,CE,Tower without Radar,1,6,104,0,111,0,0,202,0,202,1,6,306,0,313,416,0,416,729
10/08/2005,LAF,IN,AGL,CE,Tower without Radar,2,2,46,0,50,0,0,107,0,107,2,2,153,0,157,190,0,190,347
10/09/2005,LAF,IN,AGL,CE,Tower without Radar,0,0,31,0,31,0,0,83,0,83,0,0,114,0,114,84,0,84,198
10/10/2005,LAF,IN,AGL,CE,Tower without Radar,0,0,33,0,33,0,0,19,0,19,0,0,52,0,52,116,0,116,168
10/11/2005,LAF,IN,AGL,CE,Tower without Radar,0,4,43,0,47,0,0,15,0,15,0,4,58,0,62,34,0,34,96
10/12/2005,LAF,IN,AGL,CE,Tower without Radar,0,0,38,0,38,0,0,54,0,54,0,0,92,0,92,260,0,260,352
10/13/2005,LAF,IN,AGL,CE,Tower without Radar,0,4,64,0,68,0,0,95,0,95,0,4,159,0,163,314,0,314,477
10/14/2005,LAF,IN,AGL,CE,Tower without Radar,0,5,63,3,71,0,0,158,0,158,0,5,221,3,229,282,0,282,511
10/15/2005,LAF,IN,AGL,CE,Tower without Radar,0,0,47,0,47,0,0,156,2,158,0,0,203,2,205,98,2,100,305
10/16/2005,LAF,IN,AGL,CE,Tower without Radar,0,5,42,3,50,0,0,171,0,171,0,5,213,3,221,58,0,58,279
10/17/2005,LAF,IN,AGL,CE,Tower without Radar,0,0,69,0,69,0,0,162,0,162,0,0,231,0,231,446,0,446,677
10/18/2005,LAF,IN,AGL,CE,Tower without Radar,0,0,87,0,87,0,0,230,0,230,0,0,317,0,317,580,0,580,897
10/19/2005,LAF,IN,AGL,CE,Tower without Radar,0,0,54,0,54,0,0,143,0,143,0,0,197,0,197,440,0,440,637
10/20/2005,LAF,IN,AGL,CE,Tower without Radar,0,0,46,0,46,0,0,35,0,35,0,0,81,0,81,80,0,80,161
10/21/2005,LAF,IN,AGL,CE,Tower without Radar,0,4,71,0,75,0,0,98,0,98,0,4,169,0,173,276,0,276,449
10/22/2005,LAF,IN,AGL,CE,Tower without Radar,0,0,37,0,37,0,0,149,0,149,0,0,186,0,186,294,0,294,480
10/23/2005,LAF,IN,AGL,CE,Tower without Radar,0,1,31,0,32,0,0,70,0,70,0,1,101,0,102,98,0,98,200
10/24/2005,LAF,IN,AGL,CE,Tower without Radar,0,1,36,0,37,0,0,80,0,80,0,1,116,0,117,370,0,370,487
10/25/2005,LAF,IN,AGL,CE,Tower without Radar,0,3,54,0,57,0,0,132,0,132,0,3,186,0,189,460,0,460,649
10/26/2005,LAF,IN,AGL,CE,Tower without Radar,0,1,52,0,53,0,0,140,0,140,0,1,192,0,193,538,0,538,731
10/27/2005,LAF,IN,AGL,CE,Tower without Radar,0,5,64,0,69,0,1,162,0,163,0,6,226,0,232,416,0,416,648
10/28/2005,LAF,IN,AGL,CE,Tower without Radar,2,6,57,0,65,0,0,168,0,168,2,6,225,0,233,250,0,250,483
10/29/2005,LAF,IN,AGL,CE,Tower without Radar,0,1,22,0,23,0,0,139,0,139,0,1,161,0,162,278,0,278,440
10/30/2005,LAF,IN,AGL,CE,Tower without Radar,0,1,25,0,26,0,0,107,0,107,0,1,132,0,133,64,0,64,197
10/31/2005,LAF,IN,AGL,CE,Tower without Radar,0,2,36,0,38,0,2,103,0,105,0,4,139,0,143,264,0,264,407
11/01/2005,LAF,IN,AGL,CE,Tower without Radar,0,7,58,1,66,0,0,96,0,96,0,7,154,1,162,266,0,266,428
11/02/2005,LAF,IN,AGL,CE,Tower without Radar,0,4,62,0,66,0,0,159,6,165,0,4,221,6,231,306,0,306,537
11/03/2005,LAF,IN,AGL,CE,Tower without Radar,0,2,47,0,49,0,0,118,0,118,0,2,165,0,167,194,0,194,361
11/04/2005,LAF,IN,AGL,CE,Tower without Radar,2,2,60,0,64,0,0,203,0,203,2,2,263,0,267,370,0,370,637
11/05/2005,LAF,IN,AGL,CE,Tower without Radar,3,2,42,0,47,0,0,85,0,85,3,2,127,0,132,214,0,214,346
11/06/2005,LAF,IN,AGL,CE,Tower without Radar,0,0,33,0,33,0,0,28,0,28,0,0,61,0,61,0,0,0,61
11/07/2005,LAF,IN,AGL,CE,Tower without Radar,0,2,54,0,56,0,1,142,0,143,0,3,196,0,199,290,0,290,489
11/08/2005,LAF,IN,AGL,CE,Tower without Radar,0,5,61,0,66,0,1,147,0,148,0,6,208,0,214,464,0,464,678
11/09/2005,LAF,IN,AGL,CE,Tower without Radar,0,2,22,1,25,0,0,38,0,38,0,2,60,1,63,70,0,70,133
11/10/2005,LAF,IN,AGL,CE,Tower without Radar,0,1,69,0,70,0,0,187,0,187,0,1,256,0,257,438,0,438,695
11/11/2005,LAF,IN,AGL,CE,Tower without Radar,0,0,48,0,48,0,0,161,0,161,0,0,209,0,209,196,0,196,405
11/12/2005,LAF,IN,AGL,CE,Tower without Radar,0,1,28,0,29,0,1,102,0,103,0,2,130,0,132,84,0,84,216
11/13/2005,LAF,IN,AGL,CE,Tower without Radar,0,0,15,0,15,0,0,24,0,24,0,0,39,0,39,16,0,16,55
11/14/2005,LAF,IN,AGL,CE,Tower without Radar,0,2,27,0,29,0,0,117,0,117,0,2,144,0,146,234,0,234,380
11/15/2005,LAF,IN,AGL,CE,Tower without Radar,0,5,8,0,13,0,0,1,0,1,0,5,9,0,14,0,0,0,14
11/16/2005,LAF,IN,AGL,CE,Tower without Radar,0,0,18,0,18,0,0,7,2,9,0,0,25,2,27,6,0,6,33
11/17/2005,LAF,IN,AGL,CE,Tower without Radar,0,2,45,0,47,0,0,188,0,188,0,2,233,0,235,620,0,620,855
11/18/2005,LAF,IN,AGL,CE,Tower without Radar,0,2,40,0,42,0,0,145,0,145,0,2,185,0,187,246,0,246,433
11/19/2005,LAF,IN,AGL,CE,Tower without Radar,0,0,22,0,22,0,0,118,0,118,0,0,140,0,140,224,0,224,364
11/20/2005,LAF,IN,AGL,CE,Tower without Radar,0,0,23,0,23,0,2,105,0,107,0,2,128,0,130,158,0,158,288
11/21/2005,LAF,IN,AGL,CE,Tower without Radar,0,7,25,0,32,0,0,79,0,79,0,7,104,0,111,182,0,182,293
11/22/2005,LAF,IN,AGL,CE,Tower without Radar,0,2,29,0,31,0,0,49,0,49,0,2,78,0,80,104,0,104,184
11/23/2005,LAF,IN,AGL,CE,Tower without Radar,0,1,16,0,17,0,0,5,0,5,0,1,21,0,22,12,0,12,34
11/24/2005,LAF,IN,AGL,CE,Tower without Radar,0,2,0,0,2,0,0,0,0,0,0,2,0,0,2,0,0,0,2
11/25/2005,LAF,IN,AGL,CE,Tower without Radar,0,0,2,0,2,0,0,25,0,25,0,0,27,0,27,24,0,24,51
11/26/2005,LAF,IN,AGL,CE,Tower without Radar,0,0,13,0,13,0,2,28,0,30,0,2,41,0,43,34,0,34,77
11/27/2005,LAF,IN,AGL,CE,Tower without Radar,0,4,25,0,29,0,0,7,0,7,0,4,32,0,36,0,0,0,36
11/28/2005,LAF,IN,AGL,CE,Tower without Radar,0,0,15,0,15,0,0,14,0,14,0,0,29,0,29,28,0,28,57
11/29/2005,LAF,IN,AGL,CE,Tower without Radar,0,2,28,0,30,0,0,84,0,84,0,2,112,0,114,242,0,242,356
11/30/2005,LAF,IN,AGL,CE,Tower without Radar,0,2,14,0,16,0,0,128,0,128,0,2,142,0,144,512,0,512,656
12/01/2005,LAF,IN,AGL,CE,Tower without Radar,0,0,18,0,18,0,0,6,0,6,0,0,24,0,24,0,0,0,24
12/02/2005,LAF,IN,AGL,CE,Tower without Radar,0,0,36,0,36,0,0,164,0,164,0,0,200,0,200,358,0,358,558
12/03/2005,LAF,IN,AGL,CE,Tower without Radar,0,0,14,0,14,0,0,107,0,107,0,0,121,0,121,310,0,310,431
12/04/2005,LAF,IN,AGL,CE,Tower without Radar,0,0,8,0,8,0,3,6,0,9,0,3,14,0,17,0,0,0,17
12/05/2005,LAF,IN,AGL,CE,Tower without Radar,0,0,33,0,33,0,0,87,0,87,0,0,120,0,120,306,0,306,426
12/06/2005,LAF,IN,AGL,CE,Tower without Radar,0,2,27,0,29,0,2,92,0,94,0,4,119,0,123,278,0,278,401
12/07/2005,LAF,IN,AGL,CE,Tower without Radar,0,1,21,0,22,0,0,118,0,118,0,1,139,0,140,350,0,350,490
12/08/2005,LAF,IN,AGL,CE,Tower without Radar,0,0,7,0,7,0,0,59,0,59,0,0,66,0,66,160,0,160,226
12/09/2005,LAF,IN,AGL,CE,Tower without Radar,0,0,9,0,9,0,3,13,0,16,0,3,22,0,25,86,0,86,111
12/10/2005,LAF,IN,AGL,CE,Tower without Radar,0,0,17,0,17,0,2,72,0,74,0,2,89,0,91,240,0,240,331
12/11/2005,LAF,IN,AGL,CE,Tower without Radar,0,0,6,0,6,0,7,3,0,10,0,7,9,0,16,2,0,2,18
12/12/2005,LAF,IN,AGL,CE,Tower without Radar,0,0,16,0,16,0,1,102,0,103,0,1,118,0,119,336,0,336,455
12/13/2005,LAF,IN,AGL,CE,Tower without Radar,0,0,11,0,11,0,1,27,0,28,0,1,38,0,39,164,0,164,203
12/14/2005,LAF,IN,AGL,CE,Tower without Radar,0,0,11,0,11,0,0,3,0,3,0,0,14,0,14,0,0,0,14
12/15/2005,LAF,IN,AGL,CE,Tower without Radar,0,0,10,0,10,0,0,11,0,11,0,0,21,0,21,8,0,8,29
12/16/2005,LAF,IN,AGL,CE,Tower without Radar,0,1,18,0,19,0,1,37,0,38,0,2,55,0,57,42,0,42,99
12/17/2005,LAF,IN,AGL,CE,Tower without Radar,0,1,20,0,21,0,0,108,0,108,0,1,128,0,129,60,0,60,189
12/18/2005,LAF,IN,AGL,CE,Tower without Radar,0,0,7,0,7,0,0,12,0,12,0,0,19,0,19,38,0,38,57
12/19/2005,LAF,IN,AGL,CE,Tower without Radar,0,1,7,0,8,0,1,47,0,48,0,2,54,0,56,76,0,76,132
12/20/2005,LAF,IN,AGL,CE,Tower without Radar,0,0,30,0,30,0,0,86,0,86,0,0,116,0,116,202,0,202,318
12/21/2005,LAF,IN,AGL,CE,Tower without Radar,0,1,24,0,25,0,0,45,0,45,0,1,69,0,70,68,0,68,138
12/22/2005,LAF,IN,AGL,CE,Tower without Radar,0,1,24,0,25,0,0,50,0,50,0,1,74,0,75,90,0,90,165
12/23/2005,LAF,IN,AGL,CE,Tower without Radar,0,0,14,0,14,0,0,34,0,34,0,0,48,0,48,54,0,54,102
12/24/2005,LAF,IN,AGL,CE,Tower without Radar,0,0,0,0,0,0,0,4,0,4,0,0,4,0,4,0,0,0,4
12/25/2005,LAF,IN,AGL,CE,Tower without Radar,0,0,0,0,0,0,0,0,0,0,0,0,0,0,0,0,0,0,0
12/26/2005,LAF,IN,AGL,CE,Tower without Radar,0,2,4,0,6,0,0,10,0,10,0,2,14,0,16,18,0,18,34
12/27/2005,LAF,IN,AGL,CE,Tower without Radar,0,1,10,0,11,0,0,26,0,26,0,1,36,0,37,88,0,88,125
12/28/2005,LAF,IN,AGL,CE,Tower without Radar,0,2,4,0,6,0,0,0,0,0,0,2,4,0,6,0,0,0,6
12/29/2005,LAF,IN,AGL,CE,Tower without Radar,0,0,13,0,13,0,0,2,0,2,0,0,15,0,15,6,0,6,21
12/30/2005,LAF,IN,AGL,CE,Tower without Radar,0,0,8,0,8,0,0,0,0,0,0,0,8,0,8,0,0,0,8
12/31/2005,LAF,IN,AGL,CE,Tower without Radar,0,2,1,0,3,0,1,4,0,5,0,3,5,0,8,14,0,14,22
01/01/2006,LAF,IN,AGL,CE,Tower without Radar,0,4,4,0,8,0,1,17,0,18,0,5,21,0,26,6,0,6,32
01/02/2006,LAF,IN,AGL,CE,Tower without Radar,0,2,5,0,7,0,0,2,0,2,0,2,7,0,9,20,0,20,29
01/03/2006,LAF,IN,AGL,CE,Tower without Radar,0,2,19,0,21,0,0,0,0,0,0,2,19,0,21,2,0,2,23
01/04/2006,LAF,IN,AGL,CE,Tower without Radar,0,0,12,0,12,0,2,3,0,5,0,2,15,0,17,28,0,28,45
01/05/2006,LAF,IN,AGL,CE,Tower without Radar,0,2,8,0,10,0,0,10,0,10,0,2,18,0,20,14,0,14,34
01/06/2006,LAF,IN,AGL,CE,Tower without Radar,0,1,9,0,10,0,0,18,0,18,0,1,27,0,28,64,0,64,92
01/07/2006,LAF,IN,AGL,CE,Tower without Radar,0,0,19,0,19,0,1,59,0,60,0,1,78,0,79,96,0,96,175
01/08/2006,LAF,IN,AGL,CE,Tower without Radar,0,0,15,0,15,0,0,64,0,64,0,0,79,0,79,78,0,78,157
01/09/2006,LAF,IN,AGL,CE,Tower without Radar,0,0,13,0,13,0,0,26,0,26,0,0,39,0,39,70,0,70,109
01/10/2006,LAF,IN,AGL,CE,Tower without Radar,1,0,16,0,17,0,0,16,0,16,1,0,32,0,33,36,0,36,69
01/11/2006,LAF,IN,AGL,CE,Tower without Radar,0,3,14,0,17,0,0,3,0,3,0,3,17,0,20,8,0,8,28
01/12/2006,LAF,IN,AGL,CE,Tower without Radar,0,2,40,0,42,0,0,202,0,202,0,2,242,0,244,476,0,476,720
01/13/2006,LAF,IN,AGL,CE,Tower without Radar,0,2,13,0,15,0,0,1,0,1,0,2,14,0,16,0,0,0,16
01/14/2006,LAF,IN,AGL,CE,Tower without Radar,0,1,15,0,16,0,0,88,0,88,0,1,103,0,104,158,0,158,262
01/15/2006,LAF,IN,AGL,CE,Tower without Radar,0,0,15,1,16,0,0,83,1,84,0,0,98,2,100,106,0,106,206
01/16/2006,LAF,IN,AGL,CE,Tower without Radar,0,2,21,0,23,0,0,83,0,83,0,2,104,0,106,136,0,136,242
01/17/2006,LAF,IN,AGL,CE,Tower without Radar,1,2,10,0,13,0,0,2,0,2,1,2,12,0,15,0,0,0,15
01/18/2006,LAF,IN,AGL,CE,Tower without Radar,0,0,28,0,28,0,0,115,0,115,0,0,143,0,143,146,0,146,289
01/19/2006,LAF,IN,AGL,CE,Tower without Radar,0,0,39,0,39,0,0,149,0,149,0,0,188,0,188,336,0,336,524
01/20/2006,LAF,IN,AGL,CE,Tower without Radar,0,0,11,0,11,0,0,45,0,45,0,0,56,0,56,304,0,304,360
01/21/2006,LAF,IN,AGL,CE,Tower without Radar,0,0,18,0,18,0,0,75,0,75,0,0,93,0,93,308,0,308,401
01/22/2006,LAF,IN,AGL,CE,Tower without Radar,0,0,37,0,37,0,1,106,0,107,0,1,143,0,144,198,0,198,342
01/23/2006,LAF,IN,AGL,CE,Tower without Radar,0,0,3,0,3,0,0,0,0,0,0,0,3,0,3,0,0,0,3
01/24/2006,LAF,IN,AGL,CE,Tower without Radar,0,0,35,0,35,0,2,91,0,93,0,2,126,0,128,112,0,112,240
01/25/2006,LAF,IN,AGL,CE,Tower without Radar,0,4,31,0,35,0,0,211,0,211,0,4,242,0,246,488,0,488,734
01/26/2006,LAF,IN,AGL,CE,Tower without Radar,0,1,46,0,47,0,0,186,0,186,0,1,232,0,233,513,0,513,746
01/27/2006,LAF,IN,AGL,CE,Tower without Radar,0,0,42,0,42,0,0,176,0,176,0,0,218,0,218,430,0,430,648
01/28/2006,LAF,IN,AGL,CE,Tower without Radar,0,0,33,0,33,0,1,144,0,145,0,1,177,0,178,352,0,352,530
01/29/2006,LAF,IN,AGL,CE,Tower without Radar,0,0,13,0,13,0,2,6,0,8,0,2,19,0,21,22,0,22,43
01/30/2006,LAF,IN,AGL,CE,Tower without Radar,0,0,19,0,19,0,0,54,3,57,0,0,73,3,76,180,0,180,256
01/31/2006,LAF,IN,AGL,CE,Tower without Radar,0,1,41,0,42,0,1,171,0,172,0,2,212,0,214,566,0,566,780
02/01/2006,LAF,IN,AGL,CE,Tower without Radar,3,1,51,0,55,0,0,152,1,153,3,1,203,1,208,526,2,528,736
02/02/2006,LAF,IN,AGL,CE,Tower without Radar,0,3,30,0,33,0,0,36,0,36,0,3,66,0,69,140,0,140,209
02/03/2006,LAF,IN,AGL,CE,Tower without Radar,0,2,30,0,32,0,0,73,0,73,0,2,103,0,105,206,0,206,311
02/04/2006,LAF,IN,AGL,CE,Tower without Radar,0,2,5,0,7,0,0,3,0,3,0,2,8,0,10,6,0,6,16
02/05/2006,LAF,IN,AGL,CE,Tower without Radar,0,2,8,0,10,0,0,20,0,20,0,2,28,0,30,58,0,58,88
02/06/2006,LAF,IN,AGL,CE,Tower without Radar,0,4,45,0,49,0,0,201,0,201,0,4,246,0,250,546,0,546,796
02/07/2006,LAF,IN,AGL,CE,Tower without Radar,0,2,66,0,68,0,3,194,0,197,0,5,260,0,265,466,0,466,731
02/08/2006,LAF,IN,AGL,CE,Tower without Radar,0,0,68,0,68,0,0,199,0,199,0,0,267,0,267,528,0,528,795
02/09/2006,LAF,IN,AGL,CE,Tower without Radar,0,1,72,0,73,0,0,196,0,196,0,1,268,0,269,624,0,624,893
02/10/2006,LAF,IN,AGL,CE,Tower without Radar,0,0,68,0,68,0,0,161,0,161,0,0,229,0,229,433,0,433,662
02/11/2006,LAF,IN,AGL,CE,Tower without Radar,0,2,12,0,14,0,0,21,0,21,0,2,33,0,35,122,0,122,157
02/12/2006,LAF,IN,AGL,CE,Tower without Radar,0,2,12,0,14,0,0,21,0,21,0,2,33,0,35,122,0,122,157
02/13/2006,LAF,IN,AGL,CE,Tower without Radar,0,0,38,0,38,0,0,140,0,140,0,0,178,0,178,362,0,362,540
02/14/2006,LAF,IN,AGL,CE,Tower without Radar,0,0,94,0,94,0,0,203,0,203,0,0,297,0,297,399,0,399,696
02/15/2006,LAF,IN,AGL,CE,Tower without Radar,0,2,65,0,67,0,0,163,0,163,0,2,228,0,230,422,0,422,652
02/16/2006,LAF,IN,AGL,CE,Tower without Radar,0,3,20,0,23,0,0,13,0,13,0,3,33,0,36,18,0,18,54
02/17/2006,LAF,IN,AGL,CE,Tower without Radar,0,3,61,0,64,0,0,169,0,169,0,3,230,0,233,497,0,497,730
02/18/2006,LAF,IN,AGL,CE,Tower without Radar,0,6,76,0,82,0,0,110,0,110,0,6,186,0,192,304,0,304,496
02/19/2006,LAF,IN,AGL,CE,Tower without Radar,0,0,29,0,29,0,1,71,0,72,0,1,100,0,101,122,0,122,223
02/20/2006,LAF,IN,AGL,CE,Tower without Radar,0,4,61,0,65,0,1,143,0,144,0,5,204,0,209,352,0,352,561
02/21/2006,LAF,IN,AGL,CE,Tower without Radar,0,3,97,0,100,0,3,203,0,206,0,6,300,0,306,706,0,706,1012
02/22/2006,LAF,IN,AGL,CE,Tower without Radar,0,9,75,0,84,0,1,233,0,234,0,10,308,0,318,595,0,595,913
02/23/2006,LAF,IN,AGL,CE,Tower without Radar,0,3,85,0,88,0,0,186,0,186,0,3,271,0,274,450,0,450,724
02/24/2006,LAF,IN,AGL,CE,Tower without Radar,0,0,62,0,62,0,0,183,0,183,0,0,245,0,245,343,0,343,588
02/25/2006,LAF,IN,AGL,CE,Tower without Radar,0,0,36,0,36,0,1,50,0,51,0,1,86,0,87,68,0,68,155
02/26/2006,LAF,IN,AGL,CE,Tower without Radar,0,0,38,0,38,0,0,156,0,156,0,0,194,0,194,114,0,114,308
02/27/2006,LAF,IN,AGL,CE,Tower without Radar,0,0,56,0,56,0,0,155,0,155,0,0,211,0,211,482,0,482,693
02/28/2006,LAF,IN,AGL,CE,Tower without Radar,0,2,79,0,81,0,0,184,0,184,0,2,263,0,265,588,0,588,853
03/01/2006,LAF,IN,AGL,CE,Tower without Radar,0,0,67,0,67,0,0,175,0,175,0,0,242,0,242,548,0,548,790
03/02/2006,LAF,IN,AGL,CE,Tower without Radar,0,0,44,0,44,0,0,65,0,65,0,0,109,0,109,96,0,96,205
03/03/2006,LAF,IN,AGL,CE,Tower without Radar,0,2,67,0,69,0,0,171,0,171,0,2,238,0,240,252,0,252,492
03/04/2006,LAF,IN,AGL,CE,Tower without Radar,0,4,62,0,66,0,2,229,0,231,0,6,291,0,297,404,0,404,701
03/05/2006,LAF,IN,AGL,CE,Tower without Radar,0,5,13,0,18,0,0,12,0,12,0,5,25,0,30,0,0,0,30
03/06/2006,LAF,IN,AGL,CE,Tower without Radar,0,3,14,0,17,0,0,1,0,1,0,3,15,0,18,0,0,0,18
03/07/2006,LAF,IN,AGL,CE,Tower without Radar,0,2,46,0,48,0,2,164,0,166,0,4,210,0,214,396,0,396,610
03/08/2006,LAF,IN,AGL,CE,Tower without Radar,0,2,25,0,27,0,0,28,0,28,0,2,53,0,55,124,0,124,179
03/09/2006,LAF,IN,AGL,CE,Tower without Radar,0,0,22,0,22,0,0,0,0,0,0,0,22,0,22,0,0,0,22
03/10/2006,LAF,IN,AGL,CE,Tower without Radar,0,0,57,0,57,0,0,18,0,18,0,0,75,0,75,66,0,66,141
03/11/2006,LAF,IN,AGL,CE,Tower without Radar,0,0,22,0,22,0,0,16,0,16,0,0,38,0,38,36,0,36,74
03/12/2006,LAF,IN,AGL,CE,Tower without Radar,0,0,12,0,12,0,0,16,0,16,0,0,28,0,28,34,0,34,62
03/13/2006,LAF,IN,AGL,CE,Tower without Radar,0,0,15,0,15,0,0,4,0,4,0,0,19,0,19,8,0,8,27
03/14/2006,LAF,IN,AGL,CE,Tower without Radar,0,1,17,0,18,0,0,12,0,12,0,1,29,0,30,12,0,12,42
03/15/2006,LAF,IN,AGL,CE,Tower without Radar,0,1,25,0,26,0,0,74,0,74,0,1,99,0,100,74,2,76,176
03/16/2006,LAF,IN,AGL,CE,Tower without Radar,0,0,17,0,17,0,0,13,0,13,0,0,30,0,30,58,0,58,88
03/17/2006,LAF,IN,AGL,CE,Tower without Radar,0,7,16,0,23,0,0,17,0,17,0,7,33,0,40,60,0,60,100
03/18/2006,LAF,IN,AGL,CE,Tower without Radar,0,0,19,0,19,0,0,72,0,72,0,0,91,0,91,88,0,88,179
03/19/2006,LAF,IN,AGL,CE,Tower without Radar,0,2,29,0,31,0,0,128,0,128,0,2,157,0,159,162,0,162,321
03/20/2006,LAF,IN,AGL,CE,Tower without Radar,0,3,46,0,49,0,0,156,0,156,0,3,202,0,205,388,0,388,593
03/21/2006,LAF,IN,AGL,CE,Tower without Radar,0,1,5,0,6,0,0,15,0,15,0,1,20,0,21,72,0,72,93
03/22/2006,LAF,IN,AGL,CE,Tower without Radar,0,0,60,0,60,0,0,176,0,176,0,0,236,0,236,396,0,396,632
03/23/2006,LAF,IN,AGL,CE,Tower without Radar,0,1,66,0,67,0,0,166,0,166,0,1,232,0,233,444,0,444,677
03/24/2006,LAF,IN,AGL,CE,Tower without Radar,0,5,9,0,14,0,0,2,0,2,0,5,11,0,16,0,0,0,16
03/25/2006,LAF,IN,AGL,CE,Tower without Radar,0,1,22,0,23,0,0,55,0,55,0,1,77,0,78,170,0,170,248
03/26/2006,LAF,IN,AGL,CE,Tower without Radar,1,0,44,0,45,0,1,143,2,146,1,1,187,2,191,204,0,204,395
03/27/2006,LAF,IN,AGL,CE,Tower without Radar,0,1,43,0,44,0,1,150,0,151,0,2,193,0,195,396,0,396,591
03/28/2006,LAF,IN,AGL,CE,Tower without Radar,0,2,33,0,35,0,0,38,0,38,0,2,71,0,73,116,0,116,189
03/29/2006,LAF,IN,AGL,CE,Tower without Radar,0,0,64,1,65,0,0,78,0,78,0,0,142,1,143,432,0,432,575
03/30/2006,LAF,IN,AGL,CE,Tower without Radar,0,2,55,0,57,0,0,176,8,184,0,2,231,8,241,493,0,493,734
03/31/2006,LAF,IN,AGL,CE,Tower without Radar,0,3,16,0,19,0,0,6,0,6,0,3,22,0,25,4,0,4,29
04/01/2006,LAF,IN,AGL,CE,Tower without Radar,0,1,42,0,43,0,0,87,0,87,0,1,129,0,130,430,0,430,560
04/02/2006,LAF,IN,AGL,CE,Tower without Radar,0,0,29,0,29,0,0,33,0,33,0,0,62,0,62,54,0,54,116
04/03/2006,LAF,IN,AGL,CE,Tower without Radar,0,0,0,0,0,0,0,36,0,36,0,0,36,0,36,146,0,146,182
04/04/2006,LAF,IN,AGL,CE,Tower without Radar,0,0,85,0,85,0,1,195,0,196,0,1,280,0,281,256,0,256,537
04/05/2006,LAF,IN,AGL,CE,Tower without Radar,0,1,54,0,55,0,0,250,0,250,0,1,304,0,305,458,0,458,763
04/06/2006,LAF,IN,AGL,CE,Tower without Radar,0,2,28,0,30,0,0,53,0,53,0,2,81,0,83,214,0,214,297
04/07/2006,LAF,IN,AGL,CE,Tower without Radar,0,3,37,0,40,0,0,120,0,120,0,3,157,0,160,242,0,242,402
04/08/2006,LAF,IN,AGL,CE,Tower without Radar,0,2,32,0,34,0,0,169,0,169,0,2,201,0,203,396,0,396,599
04/09/2006,LAF,IN,AGL,CE,Tower without Radar,0,3,30,0,33,0,0,162,0,162,0,3,192,0,195,146,0,146,341
04/10/2006,LAF,IN,AGL,CE,Tower without Radar,0,0,48,0,48,0,0,172,0,172,0,0,220,0,220,394,0,394,614
04/11/2006,LAF,IN,AGL,CE,Tower without Radar,0,0,49,0,49,0,0,124,0,124,0,0,173,0,173,230,0,230,403
04/12/2006,LAF,IN,AGL,CE,Tower without Radar,0,0,8,0,8,0,0,19,0,19,0,0,27,0,27,10,0,10,37
04/13/2006,LAF,IN,AGL,CE,Tower without Radar,0,0,43,0,43,0,0,190,0,190,0,0,233,0,233,376,0,376,609
04/14/2006,LAF,IN,AGL,CE,Tower without Radar,0,0,26,0,26,0,0,128,0,128,0,0,154,0,154,410,0,410,564
04/15/2006,LAF,IN,AGL,CE,Tower without Radar,0,0,25,0,25,0,0,140,0,140,0,0,165,0,165,482,0,482,647
04/16/2006,LAF,IN,AGL,CE,Tower without Radar,0,0,10,0,10,0,1,34,1,36,0,1,44,1,46,50,0,50,96
04/17/2006,LAF,IN,AGL,CE,Tower without Radar,0,0,40,0,40,0,0,130,0,130,0,0,170,0,170,384,0,384,554
04/18/2006,LAF,IN,AGL,CE,Tower without Radar,0,0,50,0,50,0,0,226,0,226,0,0,276,0,276,458,0,458,734
04/19/2006,LAF,IN,AGL,CE,Tower without Radar,0,2,50,0,52,0,1,197,0,198,0,3,247,0,250,554,0,554,804
04/20/2006,LAF,IN,AGL,CE,Tower without Radar,0,1,58,0,59,0,1,166,0,167,0,2,224,0,226,470,0,470,696
04/21/2006,LAF,IN,AGL,CE,Tower without Radar,0,2,26,0,28,0,0,136,0,136,0,2,162,0,164,532,1,533,697
04/22/2006,LAF,IN,AGL,CE,Tower without Radar,0,0,8,0,8,0,1,115,0,116,0,1,123,0,124,240,0,240,364
04/23/2006,LAF,IN,AGL,CE,Tower without Radar,0,8,24,0,32,0,0,155,0,155,0,8,179,0,187,252,0,252,439
04/24/2006,LAF,IN,AGL,CE,Tower without Radar,0,0,40,0,40,0,2,131,0,133,0,2,171,0,173,416,0,416,589
04/25/2006,LAF,IN,AGL,CE,Tower without Radar,0,3,17,0,20,0,1,22,0,23,0,4,39,0,43,46,0,46,89
04/26/2006,LAF,IN,AGL,CE,Tower without Radar,0,0,47,0,47,0,0,146,0,146,0,0,193,0,193,418,0,418,611
04/27/2006,LAF,IN,AGL,CE,Tower without Radar,0,0,33,0,33,0,0,183,0,183,0,0,216,0,216,582,0,582,798
04/28/2006,LAF,IN,AGL,CE,Tower without Radar,0,0,34,0,34,0,0,110,0,110,0,0,144,0,144,302,0,302,446
04/29/2006,LAF,IN,AGL,CE,Tower without Radar,0,0,34,0,34,0,2,66,0,68,0,2,100,0,102,246,0,246,348
04/30/2006,LAF,IN,AGL,CE,Tower without Radar,2,0,13,0,15,0,0,1,0,1,2,0,14,0,16,0,0,0,16
05/01/2006,LAF,IN,AGL,CE,Tower without Radar,0,0,17,0,17,0,0,47,0,47,0,0,64,0,64,380,0,380,444
05/02/2006,LAF,IN,AGL,CE,Tower without Radar,0,1,43,0,44,0,2,119,0,121,0,3,162,0,165,242,0,242,407
05/03/2006,LAF,IN,AGL,CE,Tower without Radar,0,3,22,0,25,0,0,130,0,130,0,3,152,0,155,382,0,382,537
05/04/2006,LAF,IN,AGL,CE,Tower without Radar,0,0,36,0,36,0,1,117,0,118,0,1,153,0,154,272,0,272,426
05/05/2006,LAF,IN,AGL,CE,Tower without Radar,0,0,36,0,36,0,0,104,0,104,0,0,140,0,140,272,0,272,412
05/06/2006,LAF,IN,AGL,CE,Tower without Radar,0,0,13,0,13,0,0,99,0,99,0,0,112,0,112,144,0,144,256
05/07/2006,LAF,IN,AGL,CE,Tower without Radar,0,0,17,0,17,0,0,82,0,82,0,0,99,0,99,160,0,160,259
05/08/2006,LAF,IN,AGL,CE,Tower without Radar,0,3,24,2,29,0,0,64,0,64,0,3,88,2,93,146,0,146,239
05/09/2006,LAF,IN,AGL,CE,Tower without Radar,0,0,22,0,22,0,0,36,0,36,0,0,58,0,58,80,0,80,138
05/10/2006,LAF,IN,AGL,CE,Tower without Radar,0,0,10,0,10,0,0,7,0,7,0,0,17,0,17,8,0,8,25
05/11/2006,LAF,IN,AGL,CE,Tower without Radar,0,4,18,1,23,0,0,4,0,4,0,4,22,1,27,0,0,0,27
05/12/2006,LAF,IN,AGL,CE,Tower without Radar,0,1,25,1,27,0,1,5,0,6,0,2,30,1,33,4,0,4,37
05/13/2006,LAF,IN,AGL,CE,Tower without Radar,0,0,10,0,10,0,0,18,0,18,0,0,28,0,28,20,0,20,48
05/14/2006,LAF,IN,AGL,CE,Tower without Radar,0,2,16,0,18,0,0,6,0,6,0,2,22,0,24,0,0,0,24
05/15/2006,LAF,IN,AGL,CE,Tower without Radar,0,0,30,0,30,0,0,7,0,7,0,0,37,0,37,12,0,12,49
05/16/2006,LAF,IN,AGL,CE,Tower without Radar,0,6,28,2,36,0,0,15,0,15,0,6,43,2,51,22,0,22,73
05/17/2006,LAF,IN,AGL,CE,Tower without Radar,0,0,24,0,24,0,0,44,0,44,0,0,68,0,68,124,0,124,192
05/18/2006,LAF,IN,AGL,CE,Tower without Radar,0,0,15,0,15,0,1,29,0,30,0,1,44,0,45,28,0,28,73
05/19/2006,LAF,IN,AGL,CE,Tower without Radar,0,0,27,0,27,0,0,47,0,47,0,0,74,0,74,82,0,82,156
05/20/2006,LAF,IN,AGL,CE,Tower without Radar,0,0,14,0,14,0,0,69,0,69,0,0,83,0,83,90,0,90,173
05/21/2006,LAF,IN,AGL,CE,Tower without Radar,0,0,10,0,10,0,1,49,0,50,0,1,59,0,60,84,0,84,144
05/22/2006,LAF,IN,AGL,CE,Tower without Radar,0,0,13,0,13,0,0,62,0,62,0,0,75,0,75,48,0,48,123
05/23/2006,LAF,IN,AGL,CE,Tower without Radar,0,0,23,0,23,0,0,91,0,91,0,0,114,0,114,120,0,120,234
05/24/2006,LAF,IN,AGL,CE,Tower without Radar,0,0,24,0,24,0,0,52,0,52,0,0,76,0,76,116,0,116,192
05/25/2006,LAF,IN,AGL,CE,Tower without Radar,0,0,15,0,15,0,0,30,0,30,0,0,45,0,45,72,2,74,119
05/26/2006,LAF,IN,AGL,CE,Tower without Radar,0,0,22,0,22,0,0,31,0,31,0,0,53,0,53,58,0,58,111
05/27/2006,LAF,IN,AGL,CE,Tower without Radar,0,0,19,0,19,0,1,49,0,50,0,1,68,0,69,82,0,82,151
05/28/2006,LAF,IN,AGL,CE,Tower without Radar,0,0,11,0,11,0,0,39,0,39,0,0,50,0,50,44,0,44,94
05/29/2006,LAF,IN,AGL,CE,Tower without Radar,0,0,16,0,16,0,0,36,0,36,0,0,52,0,52,84,0,84,136
05/30/2006,LAF,IN,AGL,CE,Tower without Radar,0,1,35,0,36,0,0,38,0,38,0,1,73,0,74,44,0,44,118
05/31/2006,LAF,IN,AGL,CE,Tower without Radar,0,0,16,0,16,0,0,36,0,36,0,0,52,0,52,92,0,92,144
06/01/2006,LAF,IN,AGL,CE,Tower without Radar,0,0,29,0,29,0,0,28,0,28,0,0,57,0,57,76,0,76,133
06/02/2006,LAF,IN,AGL,CE,Tower without Radar,0,0,23,0,23,0,0,55,0,55,0,0,78,0,78,110,0,110,188
06/03/2006,LAF,IN,AGL,CE,Tower without Radar,0,0,4,0,4,0,1,52,0,53,0,1,56,0,57,90,0,90,147
06/04/2006,LAF,IN,AGL,CE,Tower without Radar,0,0,17,0,17,0,1,50,0,51,0,1,67,0,68,32,0,32,100
06/05/2006,LAF,IN,AGL,CE,Tower without Radar,0,1,30,0,31,0,0,70,0,70,0,1,100,0,101,80,0,80,181
06/06/2006,LAF,IN,AGL,CE,Tower without Radar,0,1,29,0,30,0,0,66,0,66,0,1,95,0,96,128,0,128,224
06/07/2006,LAF,IN,AGL,CE,Tower without Radar,0,3,17,0,20,0,0,51,0,51,0,3,68,0,71,136,0,136,207
06/08/2006,LAF,IN,AGL,CE,Tower without Radar,0,2,25,0,27,0,0,41,0,41,0,2,66,0,68,62,0,62,130
06/09/2006,LAF,IN,AGL,CE,Tower without Radar,0,1,13,2,16,0,0,69,0,69,0,1,82,2,85,125,2,127,212
06/10/2006,LAF,IN,AGL,CE,Tower without Radar,0,0,6,0,6,0,0,0,0,0,0,0,6,0,6,0,0,0,6
06/11/2006,LAF,IN,AGL,CE,Tower without Radar,0,0,10,0,10,0,3,36,0,39,0,3,46,0,49,86,0,86,135
06/12/2006,LAF,IN,AGL,CE,Tower without Radar,0,7,19,0,26,0,0,66,1,67,0,7,85,1,93,106,0,106,199
06/13/2006,LAF,IN,AGL,CE,Tower without Radar,0,1,17,0,18,0,0,112,0,112,0,1,129,0,130,128,0,128,258
06/14/2006,LAF,IN,AGL,CE,Tower without Radar,0,0,26,0,26,0,0,140,0,140,0,0,166,0,166,236,0,236,402
06/15/2006,LAF,IN,AGL,CE,Tower without Radar,0,1,26,0,27,0,0,157,0,157,0,1,183,0,184,170,0,170,354
06/16/2006,LAF,IN,AGL,CE,Tower without Radar,0,1,22,0,23,0,0,117,0,117,0,1,139,0,140,190,0,190,330
06/17/2006,LAF,IN,AGL,CE,Tower without Radar,0,0,10,0,10,0,1,73,0,74,0,1,83,0,84,124,0,124,208
06/18/2006,LAF,IN,AGL,CE,Tower without Radar,0,0,7,0,7,0,0,14,0,14,0,0,21,0,21,28,0,28,49
06/19/2006,LAF,IN,AGL,CE,Tower without Radar,0,1,21,0,22,0,1,76,0,77,0,2,97,0,99,130,0,130,229
06/20/2006,LAF,IN,AGL,CE,Tower without Radar,0,0,33,0,33,0,0,118,0,118,0,0,151,0,151,220,0,220,371
06/21/2006,LAF,IN,AGL,CE,Tower without Radar,0,0,33,0,33,0,0,110,0,110,0,0,143,0,143,266,0,266,409
06/22/2006,LAF,IN,AGL,CE,Tower without Radar,0,0,28,0,28,0,0,76,0,76,0,0,104,0,104,238,0,238,342
06/23/2006,LAF,IN,AGL,CE,Tower without Radar,0,0,26,0,26,0,0,115,0,115,0,0,141,0,141,304,0,304,445
06/24/2006,LAF,IN,AGL,CE,Tower without Radar,0,0,16,0,16,0,0,73,0,73,0,0,89,0,89,116,0,116,205
06/25/2006,LAF,IN,AGL,CE,Tower without Radar,0,0,13,0,13,0,1,43,0,44,0,1,56,0,57,42,0,42,99
06/26/2006,LAF,IN,AGL,CE,Tower without Radar,0,0,21,0,21,0,1,63,0,64,0,1,84,0,85,222,0,222,307
06/27/2006,LAF,IN,AGL,CE,Tower without Radar,0,0,29,0,29,0,0,79,0,79,0,0,108,0,108,230,0,230,338
06/28/2006,LAF,IN,AGL,CE,Tower without Radar,0,4,25,0,29,0,1,117,0,118,0,5,142,0,147,212,0,212,359
06/29/2006,LAF,IN,AGL,CE,Tower without Radar,0,2,25,0,27,0,0,127,0,127,0,2,152,0,154,262,0,262,416
06/30/2006,LAF,IN,AGL,CE,Tower without Radar,0,0,33,0,33,0,0,96,0,96,0,0,129,0,129,284,0,284,413
07/01/2006,LAF,IN,AGL,CE,Tower without Radar,0,0,14,0,14,0,0,34,0,34,0,0,48,0,48,26,0,26,74
07/02/2006,LAF,IN,AGL,CE,Tower without Radar,0,0,9,0,9,0,0,21,0,21,0,0,30,0,30,28,0,28,58
07/03/2006,LAF,IN,AGL,CE,Tower without Radar,0,0,13,0,13,0,0,61,0,61,0,0,74,0,74,202,0,202,276
07/04/2006,LAF,IN,AGL,CE,Tower without Radar,0,0,9,0,9,0,1,8,0,9,0,1,17,0,18,32,0,32,50
07/05/2006,LAF,IN,AGL,CE,Tower without Radar,0,0,19,0,19,0,2,100,0,102,0,2,119,0,121,184,0,184,305
07/06/2006,LAF,IN,AGL,CE,Tower without Radar,0,1,29,0,30,0,0,105,0,105,0,1,134,0,135,222,0,222,357
07/07/2006,LAF,IN,AGL,CE,Tower without Radar,0,0,24,2,26,0,1,114,0,115,0,1,138,2,141,188,0,188,329
07/08/2006,LAF,IN,AGL,CE,Tower without Radar,0,0,7,1,8,0,1,72,0,73,0,1,79,1,81,162,0,162,243
07/09/2006,LAF,IN,AGL,CE,Tower without Radar,0,1,7,0,8,0,4,27,0,31,0,5,34,0,39,44,0,44,83
07/10/2006,LAF,IN,AGL,CE,Tower without Radar,0,0,27,0,27,0,0,92,0,92,0,0,119,0,119,202,0,202,321
07/11/2006,LAF,IN,AGL,CE,Tower without Radar,0,0,10,0,10,0,0,3,0,3,0,0,13,0,13,6,0,6,19
07/12/2006,LAF,IN,AGL,CE,Tower without Radar,0,1,28,0,29,0,0,4,0,4,0,1,32,0,33,6,0,6,39
07/13/2006,LAF,IN,AGL,CE,Tower without Radar,0,0,0,0,0,0,0,0,0,0,0,0,0,0,0,0,0,0,0
07/14/2006,LAF,IN,AGL,CE,Tower without Radar,0,0,4,0,4,0,0,0,0,0,0,0,4,0,4,0,0,0,4
07/15/2006,LAF,IN,AGL,CE,Tower without Radar,0,0,8,1,9,0,1,55,0,56,0,1,63,1,65,94,0,94,159
07/16/2006,LAF,IN,AGL,CE,Tower without Radar,0,0,11,0,11,0,1,28,0,29,0,1,39,0,40,40,0,40,80
07/17/2006,LAF,IN,AGL,CE,Tower without Radar,0,1,13,0,14,0,0,92,0,92,0,1,105,0,106,116,0,116,222
07/18/2006,LAF,IN,AGL,CE,Tower without Radar,0,0,35,0,35,0,0,94,0,94,0,0,129,0,129,250,0,250,379
07/19/2006,LAF,IN,AGL,CE,Tower without Radar,0,0,26,0,26,0,0,77,0,77,0,0,103,0,103,178,0,178,281
07/20/2006,LAF,IN,AGL,CE,Tower without Radar,0,0,18,0,18,0,0,39,0,39,0,0,57,0,57,90,0,90,147
07/21/2006,LAF,IN,AGL,CE,Tower without Radar,0,3,23,0,26,0,0,60,0,60,0,3,83,0,86,224,0,224,310
07/22/2006,LAF,IN,AGL,CE,Tower without Radar,0,0,18,0,18,0,1,61,0,62,0,1,79,0,80,94,0,94,174
07/23/2006,LAF,IN,AGL,CE,Tower without Radar,0,0,16,0,16,0,0,82,0,82,0,0,98,0,98,70,0,70,168
07/24/2006,LAF,IN,AGL,CE,Tower without Radar,0,0,16,0,16,0,1,116,0,117,0,1,132,0,133,250,0,250,383
07/25/2006,LAF,IN,AGL,CE,Tower without Radar,0,2,22,0,24,0,0,116,0,116,0,2,138,0,140,160,0,160,300
07/26/2006,LAF,IN,AGL,CE,Tower without Radar,0,0,22,0,22,0,0,92,0,92,0,0,114,0,114,152,0,152,266
07/27/2006,LAF,IN,AGL,CE,Tower without Radar,0,3,17,0,20,0,1,61,0,62,0,4,78,0,82,96,0,96,178
07/28/2006,LAF,IN,AGL,CE,Tower without Radar,0,0,21,0,21,0,0,21,0,21,0,0,42,0,42,0,0,0,42
07/29/2006,LAF,IN,AGL,CE,Tower without Radar,0,0,16,1,17,0,0,51,0,51,0,0,67,1,68,60,0,60,128
07/30/2006,LAF,IN,AGL,CE,Tower without Radar,0,0,14,0,14,0,0,34,0,34,0,0,48,0,48,128,0,128,176
07/31/2006,LAF,IN,AGL,CE,Tower without Radar,0,1,13,0,14,0,0,92,0,92,0,1,105,0,106,126,0,126,232
08/01/2006,LAF,IN,AGL,CE,Tower without Radar,1,0,20,0,21,0,1,115,0,116,1,1,135,0,137,280,0,280,417
08/02/2006,LAF,IN,AGL,CE,Tower without Radar,0,1,18,0,19,0,0,87,0,87,0,1,105,0,106,166,0,166,272
08/03/2006,LAF,IN,AGL,CE,Tower without Radar,0,0,32,0,32,0,0,42,0,42,0,0,74,0,74,138,0,138,212
08/04/2006,LAF,IN,AGL,CE,Tower without Radar,0,0,17,0,17,0,0,67,0,67,0,0,84,0,84,100,0,100,184
08/05/2006,LAF,IN,AGL,CE,Tower without Radar,0,0,14,0,14,0,0,57,0,57,0,0,71,0,71,48,0,48,119
08/06/2006,LAF,IN,AGL,CE,Tower without Radar,0,1,17,0,18,0,1,54,0,55,0,2,71,0,73,72,0,72,145
08/07/2006,LAF,IN,AGL,CE,Tower without Radar,0,3,14,0,17,0,0,30,0,30,0,3,44,0,47,38,0,38,85
08/08/2006,LAF,IN,AGL,CE,Tower without Radar,0,3,26,0,29,0,1,61,0,62,0,4,87,0,91,90,0,90,181
08/09/2006,LAF,IN,AGL,CE,Tower without Radar,0,1,18,0,19,0,0,39,0,39,0,1,57,0,58,134,0,134,192
08/10/2006,LAF,IN,AGL,CE,Tower without Radar,0,0,14,0,14,0,0,3,0,3,0,0,17,0,17,30,0,30,47
08/11/2006,LAF,IN,AGL,CE,Tower without Radar,0,0,28,0,28,0,0,22,0,22,0,0,50,0,50,34,0,34,84
08/12/2006,LAF,IN,AGL,CE,Tower without Radar,0,0,18,0,18,0,0,79,0,79,0,0,97,0,97,24,0,24,121
08/13/2006,LAF,IN,AGL,CE,Tower without Radar,0,0,9,0,9,0,1,63,0,64,0,1,72,0,73,34,0,34,107
08/14/2006,LAF,IN,AGL,CE,Tower without Radar,0,0,9,0,9,0,0,9,0,9,0,0,18,0,18,16,0,16,34
08/15/2006,LAF,IN,AGL,CE,Tower without Radar,0,0,20,0,20,0,0,39,0,39,0,0,59,0,59,74,0,74,133
08/16/2006,LAF,IN,AGL,CE,Tower without Radar,0,2,25,0,27,0,0,78,0,78,0,2,103,0,105,143,0,143,248
08/17/2006,LAF,IN,AGL,CE,Tower without Radar,0,0,22,0,22,0,0,89,0,89,0,0,111,0,111,178,0,178,289
08/18/2006,LAF,IN,AGL,CE,Tower without Radar,0,0,13,0,13,0,0,61,0,61,0,0,74,0,74,90,0,90,164
08/19/2006,LAF,IN,AGL,CE,Tower without Radar,0,0,7,0,7,0,1,18,0,19,0,1,25,0,26,60,0,60,86
08/20/2006,LAF,IN,AGL,CE,Tower without Radar,0,0,22,0,22,0,0,73,0,73,0,0,95,0,95,74,0,74,169
08/21/2006,LAF,IN,AGL,CE,Tower without Radar,0,0,8,1,9,0,0,45,0,45,0,0,53,1,54,34,2,36,90
08/22/2006,LAF,IN,AGL,CE,Tower without Radar,0,0,28,0,28,0,0,68,0,68,0,0,96,0,96,86,0,86,182
08/23/2006,LAF,IN,AGL,CE,Tower without Radar,0,3,25,0,28,0,0,200,0,200,0,3,225,0,228,272,0,272,500
08/24/2006,LAF,IN,AGL,CE,Tower without Radar,0,2,15,0,17,0,0,158,0,158,0,2,173,0,175,368,0,368,543
08/25/2006,LAF,IN,AGL,CE,Tower without Radar,0,1,25,0,26,0,0,158,0,158,0,1,183,0,184,266,0,266,450
08/26/2006,LAF,IN,AGL,CE,Tower without Radar,0,0,11,0,11,0,0,21,0,21,0,0,32,0,32,78,0,78,110
08/27/2006,LAF,IN,AGL,CE,Tower without Radar,0,0,15,0,15,0,0,36,0,36,0,0,51,0,51,72,0,72,123
08/28/2006,LAF,IN,AGL,CE,Tower without Radar,0,0,19,0,19,0,0,11,0,11,0,0,30,0,30,18,0,18,48
08/29/2006,LAF,IN,AGL,CE,Tower without Radar,0,4,35,0,39,0,0,10,0,10,0,4,45,0,49,4,0,4,53
08/30/2006,LAF,IN,AGL,CE,Tower without Radar,0,2,30,0,32,0,0,55,0,55,0,2,85,0,87,148,0,148,235
08/31/2006,LAF,IN,AGL,CE,Tower without Radar,0,0,30,0,30,0,0,145,0,145,0,0,175,0,175,440,0,440,615
09/01/2006,LAF,IN,AGL,CE,Tower without Radar,0,0,33,0,33,0,0,111,0,111,0,0,144,0,144,274,0,274,418
09/02/2006,LAF,IN,AGL,CE,Tower without Radar,0,0,22,0,22,0,2,99,0,101,0,2,121,0,123,98,0,98,221
09/03/2006,LAF,IN,AGL,CE,Tower without Radar,0,0,20,0,20,0,1,93,0,94,0,1,113,0,114,70,0,70,184
09/04/2006,LAF,IN,AGL,CE,Tower without Radar,0,0,16,0,16,0,0,78,0,78,0,0,94,0,94,130,0,130,224
09/05/2006,LAF,IN,AGL,CE,Tower without Radar,0,0,28,0,28,0,0,124,0,124,0,0,152,0,152,256,0,256,408
09/06/2006,LAF,IN,AGL,CE,Tower without Radar,0,3,34,0,37,0,0,168,0,168,0,3,202,0,205,296,0,296,501
09/07/2006,LAF,IN,AGL,CE,Tower without Radar,0,0,64,0,64,0,0,205,0,205,0,0,269,0,269,512,0,512,781
09/08/2006,LAF,IN,AGL,CE,Tower without Radar,0,0,51,0,51,0,0,208,0,208,0,0,259,0,259,374,0,374,633
09/09/2006,LAF,IN,AGL,CE,Tower without Radar,0,2,42,0,44,0,1,148,0,149,0,3,190,0,193,142,0,142,335
09/10/2006,LAF,IN,AGL,CE,Tower without Radar,0,4,28,0,32,0,2,43,0,45,0,6,71,0,77,50,0,50,127
09/11/2006,LAF,IN,AGL,CE,Tower without Radar,0,0,29,0,29,0,1,51,0,52,0,1,80,0,81,146,0,146,227
09/12/2006,LAF,IN,AGL,CE,Tower without Radar,0,0,23,0,23,0,0,35,0,35,0,0,58,0,58,174,0,174,232
09/13/2006,LAF,IN,AGL,CE,Tower without Radar,0,2,31,1,34,0,0,16,0,16,0,2,47,1,50,56,0,56,106
09/14/2006,LAF,IN,AGL,CE,Tower without Radar,0,2,62,0,64,0,0,193,0,193,0,2,255,0,257,471,0,471,728
09/15/2006,LAF,IN,AGL,CE,Tower without Radar,0,2,43,0,45,0,0,185,0,185,0,2,228,0,230,442,0,442,672
09/16/2006,LAF,IN,AGL,CE,Tower without Radar,0,0,44,0,44,0,1,91,0,92,0,1,135,0,136,66,0,66,202
09/17/2006,LAF,IN,AGL,CE,Tower without Radar,0,0,17,0,17,0,0,101,0,101,0,0,118,0,118,134,0,134,252
09/18/2006,LAF,IN,AGL,CE,Tower without Radar,0,0,30,0,30,0,0,118,0,118,0,0,148,0,148,334,0,334,482
09/19/2006,LAF,IN,AGL,CE,Tower without Radar,0,2,59,0,61,0,0,197,0,197,0,2,256,0,258,484,0,484,742
09/20/2006,LAF,IN,AGL,CE,Tower without Radar,0,2,35,0,37,0,0,189,0,189,0,2,224,0,226,570,0,570,796
09/21/2006,LAF,IN,AGL,CE,Tower without Radar,0,9,76,0,85,0,0,276,0,276,0,9,352,0,361,610,0,610,971
09/22/2006,LAF,IN,AGL,CE,Tower without Radar,0,3,20,1,24,0,0,17,0,17,0,3,37,1,41,106,0,106,147
09/23/2006,LAF,IN,AGL,CE,Tower without Radar,2,6,18,0,26,0,0,24,0,24,2,6,42,0,50,6,0,6,56
09/24/2006,LAF,IN,AGL,CE,Tower without Radar,0,2,23,1,26,0,0,62,0,62,0,2,85,1,88,148,0,148,236
09/25/2006,LAF,IN,AGL,CE,Tower without Radar,0,2,34,0,36,0,1,202,0,203,0,3,236,0,239,538,0,538,777
09/26/2006,LAF,IN,AGL,CE,Tower without Radar,0,8,83,0,91,0,0,264,0,264,0,8,347,0,355,502,0,502,857
09/27/2006,LAF,IN,AGL,CE,Tower without Radar,0,1,64,0,65,0,0,213,0,213,0,1,277,0,278,484,0,484,762
09/28/2006,LAF,IN,AGL,CE,Tower without Radar,0,0,81,0,81,0,0,190,0,190,0,0,271,0,271,493,0,493,764
09/29/2006,LAF,IN,AGL,CE,Tower without Radar,0,1,61,0,62,0,0,192,0,192,0,1,253,0,254,484,0,484,738
09/30/2006,LAF,IN,AGL,CE,Tower without Radar,0,0,42,0,42,0,1,129,0,130,0,1,171,0,172,352,0,352,524
10/01/2006,LAF,IN,AGL,CE,Tower without Radar,0,1,30,0,31,0,2,145,0,147,0,3,175,0,178,206,0,206,384
10/02/2006,LAF,IN,AGL,CE,Tower without Radar,0,3,52,0,55,0,0,207,0,207,0,3,259,0,262,466,0,466,728
10/03/2006,LAF,IN,AGL,CE,Tower without Radar,0,2,86,0,88,0,1,259,0,260,0,3,345,0,348,552,0,552,900
10/04/2006,LAF,IN,AGL,CE,Tower without Radar,1,0,60,0,61,0,2,148,5,155,1,2,208,5,216,400,0,400,616
10/05/2006,LAF,IN,AGL,CE,Tower without Radar,0,1,40,1,42,0,1,182,2,185,0,2,222,3,227,614,0,614,841
10/06/2006,LAF,IN,AGL,CE,Tower without Radar,2,2,61,0,65,0,0,185,0,185,2,2,246,0,250,450,0,450,700
10/07/2006,LAF,IN,AGL,CE,Tower without Radar,1,0,22,0,23,0,0,120,0,120,1,0,142,0,143,280,0,280,423
10/08/2006,LAF,IN,AGL,CE,Tower without Radar,0,0,19,0,19,0,1,95,0,96,0,1,114,0,115,420,0,420,535
10/09/2006,LAF,IN,AGL,CE,Tower without Radar,0,5,18,1,24,0,3,103,0,106,0,8,121,1,130,314,0,314,444
10/10/2006,LAF,IN,AGL,CE,Tower without Radar,1,1,51,1,54,0,1,156,0,157,1,2,207,1,211,360,0,360,571
10/11/2006,LAF,IN,AGL,CE,Tower without Radar,0,0,35,0,35,0,1,10,0,11,0,1,45,0,46,58,0,58,104
10/12/2006,LAF,IN,AGL,CE,Tower without Radar,0,0,16,0,16,0,0,48,0,48,0,0,64,0,64,56,0,56,120
10/13/2006,LAF,IN,AGL,CE,Tower without Radar,0,0,19,0,19,0,0,38,0,38,0,0,57,0,57,46,0,46,103
10/14/2006,LAF,IN,AGL,CE,Tower without Radar,0,1,26,0,27,0,0,107,0,107,0,1,133,0,134,198,0,198,332
10/15/2006,LAF,IN,AGL,CE,Tower without Radar,0,2,16,0,18,0,1,112,0,113,0,3,128,0,131,208,0,208,339
10/16/2006,LAF,IN,AGL,CE,Tower without Radar,0,4,34,0,38,0,0,130,0,130,0,4,164,0,168,326,0,326,494
10/17/2006,LAF,IN,AGL,CE,Tower without Radar,0,2,35,0,37,0,0,24,0,24,0,2,59,0,61,144,0,144,205
10/18/2006,LAF,IN,AGL,CE,Tower without Radar,0,1,70,0,71,0,0,173,0,173,0,1,243,0,244,604,0,604,848
10/19/2006,LAF,IN,AGL,CE,Tower without Radar,0,2,34,1,37,0,0,46,0,46,0,2,80,1,83,260,0,260,343
10/20/2006,LAF,IN,AGL,CE,Tower without Radar,1,1,60,0,62,0,0,177,0,177,1,1,237,0,239,366,0,366,605
10/21/2006,LAF,IN,AGL,CE,Tower without Radar,1,10,54,0,65,0,1,150,0,151,1,11,204,0,216,102,0,102,318
10/22/2006,LAF,IN,AGL,CE,Tower without Radar,0,3,15,0,18,0,0,25,0,25,0,3,40,0,43,42,0,42,85
10/23/2006,LAF,IN,AGL,CE,Tower without Radar,0,2,29,0,31,0,2,184,0,186,0,4,213,0,217,520,0,520,737
10/24/2006,LAF,IN,AGL,CE,Tower without Radar,0,0,38,0,38,0,1,201,0,202,0,1,239,0,240,526,0,526,766
10/25/2006,LAF,IN,AGL,CE,Tower without Radar,0,2,32,0,34,0,1,191,0,192,0,3,223,0,226,466,0,466,692
10/26/2006,LAF,IN,AGL,CE,Tower without Radar,0,3,26,0,29,0,0,0,0,0,0,3,26,0,29,0,0,0,29
10/27/2006,LAF,IN,AGL,CE,Tower without Radar,1,7,32,0,40,0,0,0,0,0,1,7,32,0,40,0,0,0,40
10/28/2006,LAF,IN,AGL,CE,Tower without Radar,0,3,31,0,34,0,1,67,0,68,0,4,98,0,102,36,0,36,138
10/29/2006,LAF,IN,AGL,CE,Tower without Radar,0,2,31,0,33,0,0,131,0,131,0,2,162,0,164,220,0,220,384
10/30/2006,LAF,IN,AGL,CE,Tower without Radar,0,0,46,0,46,0,1,140,0,141,0,1,186,0,187,244,0,244,431
10/31/2006,LAF,IN,AGL,CE,Tower without Radar,0,0,44,0,44,0,0,181,0,181,0,0,225,0,225,526,0,526,751
11/01/2006,LAF,IN,AGL,CE,Tower without Radar,0,2,46,0,48,0,0,178,0,178,0,2,224,0,226,544,0,544,770
11/02/2006,LAF,IN,AGL,CE,Tower without Radar,0,3,51,0,54,0,0,126,0,126,0,3,177,0,180,312,0,312,492
11/03/2006,LAF,IN,AGL,CE,Tower without Radar,2,0,35,0,37,0,0,162,0,162,2,0,197,0,199,368,0,368,567
11/04/2006,LAF,IN,AGL,CE,Tower without Radar,0,3,49,0,52,0,1,135,0,136,0,4,184,0,188,328,0,328,516
11/05/2006,LAF,IN,AGL,CE,Tower without Radar,0,2,22,0,24,0,0,120,0,120,0,2,142,0,144,174,0,174,318
11/06/2006,LAF,IN,AGL,CE,Tower without Radar,0,0,34,0,34,0,0,182,0,182,0,0,216,0,216,505,0,505,721
11/07/2006,LAF,IN,AGL,CE,Tower without Radar,0,0,2,0,2,0,2,30,0,32,0,2,32,0,34,0,0,0,34
11/08/2006,LAF,IN,AGL,CE,Tower without Radar,0,1,45,0,46,0,0,109,0,109,0,1,154,0,155,488,0,488,643
11/09/2006,LAF,IN,AGL,CE,Tower without Radar,0,0,57,0,57,0,2,192,0,194,0,2,249,0,251,492,0,492,743
11/10/2006,LAF,IN,AGL,CE,Tower without Radar,0,2,33,0,35,0,0,79,0,79,0,2,112,0,114,354,0,354,468
11/11/2006,LAF,IN,AGL,CE,Tower without Radar,0,1,6,0,7,0,1,10,0,11,0,2,16,0,18,42,0,42,60
11/12/2006,LAF,IN,AGL,CE,Tower without Radar,0,0,20,0,20,0,0,93,0,93,0,0,113,0,113,96,0,96,209
11/13/2006,LAF,IN,AGL,CE,Tower without Radar,0,1,11,0,12,0,1,0,0,1,0,2,11,0,13,0,0,0,13
11/14/2006,LAF,IN,AGL,CE,Tower without Radar,0,1,55,2,58,0,0,50,0,50,0,1,105,2,108,142,0,142,250
11/15/2006,LAF,IN,AGL,CE,Tower without Radar,0,0,33,0,33,0,0,46,0,46,0,0,79,0,79,60,0,60,139
11/16/2006,LAF,IN,AGL,CE,Tower without Radar,0,5,10,0,15,0,0,0,0,0,0,5,10,0,15,0,0,0,15
11/17/2006,LAF,IN,AGL,CE,Tower without Radar,0,0,38,0,38,0,0,69,0,69,0,0,107,0,107,260,0,260,367
11/18/2006,LAF,IN,AGL,CE,Tower without Radar,0,2,41,0,43,0,1,45,0,46,0,3,86,0,89,26,0,26,115
11/19/2006,LAF,IN,AGL,CE,Tower without Radar,0,1,14,0,15,0,0,31,0,31,0,1,45,0,46,56,0,56,102
11/20/2006,LAF,IN,AGL,CE,Tower without Radar,0,0,36,0,36,0,1,193,0,194,0,1,229,0,230,390,0,390,620
11/21/2006,LAF,IN,AGL,CE,Tower without Radar,0,2,71,0,73,0,0,186,0,186,0,2,257,0,259,378,0,378,637
11/22/2006,LAF,IN,AGL,CE,Tower without Radar,0,1,28,0,29,0,0,90,0,90,0,1,118,0,119,112,0,112,231
11/23/2006,LAF,IN,AGL,CE,Tower without Radar,0,0,4,0,4,0,0,34,0,34,0,0,38,0,38,54,0,54,92
11/24/2006,LAF,IN,AGL,CE,Tower without Radar,0,0,10,0,10,0,0,34,0,34,0,0,44,0,44,50,0,50,94
11/25/2006,LAF,IN,AGL,CE,Tower without Radar,0,0,7,0,7,0,0,29,0,29,0,0,36,0,36,26,0,26,62
11/26/2006,LAF,IN,AGL,CE,Tower without Radar,0,0,34,0,34,0,1,70,0,71,0,1,104,0,105,53,0,53,158
11/27/2006,LAF,IN,AGL,CE,Tower without Radar,0,2,33,0,35,0,2,178,0,180,0,4,211,0,215,546,0,546,761
11/28/2006,LAF,IN,AGL,CE,Tower without Radar,0,3,27,0,30,0,0,155,0,155,0,3,182,0,185,432,0,432,617
11/29/2006,LAF,IN,AGL,CE,Tower without Radar,0,3,18,0,21,0,0,5,0,5,0,3,23,0,26,24,10,34,60
11/30/2006,LAF,IN,AGL,CE,Tower without Radar,0,0,7,0,7,0,0,0,0,0,0,0,7,0,7,0,0,0,7
12/01/2006,LAF,IN,AGL,CE,Tower without Radar,0,0,9,0,9,0,0,1,0,1,0,0,10,0,10,0,0,0,10
12/02/2006,LAF,IN,AGL,CE,Tower without Radar,0,0,20,0,20,0,0,186,0,186,0,0,206,0,206,344,0,344,550
12/03/2006,LAF,IN,AGL,CE,Tower without Radar,0,0,17,0,17,0,0,121,0,121,0,0,138,0,138,162,0,162,300
12/04/2006,LAF,IN,AGL,CE,Tower without Radar,0,1,0,0,1,0,0,169,0,169,0,1,169,0,170,256,0,256,426
12/05/2006,LAF,IN,AGL,CE,Tower without Radar,0,4,26,0,30,0,0,172,1,173,0,4,198,1,203,500,0,500,703
12/06/2006,LAF,IN,AGL,CE,Tower without Radar,0,2,24,0,26,0,0,168,0,168,0,2,192,0,194,414,0,414,608
12/07/2006,LAF,IN,AGL,CE,Tower without Radar,0,2,12,0,14,0,0,63,0,63,0,2,75,0,77,132,0,132,209
12/08/2006,LAF,IN,AGL,CE,Tower without Radar,0,4,21,0,25,0,0,149,0,149,0,4,170,0,174,304,0,304,478
12/09/2006,LAF,IN,AGL,CE,Tower without Radar,0,1,13,0,14,0,1,141,0,142,0,2,154,0,156,284,0,284,440
12/10/2006,LAF,IN,AGL,CE,Tower without Radar,0,0,19,0,19,0,0,95,0,95,0,0,114,0,114,136,0,136,250
12/11/2006,LAF,IN,AGL,CE,Tower without Radar,0,0,10,0,10,0,0,112,0,112,0,0,122,0,122,204,0,204,326
12/12/2006,LAF,IN,AGL,CE,Tower without Radar,0,5,15,0,20,0,0,0,0,0,0,5,15,0,20,0,0,0,20
12/13/2006,LAF,IN,AGL,CE,Tower without Radar,0,5,21,0,26,0,0,100,0,100,0,5,121,0,126,210,0,210,336
12/14/2006,LAF,IN,AGL,CE,Tower without Radar,0,3,29,0,32,0,0,151,0,151,0,3,180,0,183,316,0,316,499
12/15/2006,LAF,IN,AGL,CE,Tower without Radar,0,1,28,0,29,0,0,70,0,70,0,1,98,0,99,282,0,282,381
12/16/2006,LAF,IN,AGL,CE,Tower without Radar,0,0,23,0,23,0,0,55,0,55,0,0,78,0,78,52,0,52,130
12/17/2006,LAF,IN,AGL,CE,Tower without Radar,0,2,12,0,14,0,0,1,0,1,0,2,13,0,15,0,0,0,15
12/18/2006,LAF,IN,AGL,CE,Tower without Radar,0,1,24,2,27,0,0,70,0,70,0,1,94,2,97,186,0,186,283
12/19/2006,LAF,IN,AGL,CE,Tower without Radar,0,0,17,0,17,0,0,76,0,76,0,0,93,0,93,194,0,194,287
12/20/2006,LAF,IN,AGL,CE,Tower without Radar,0,1,16,0,17,0,0,39,0,39,0,1,55,0,56,128,0,128,184
12/21/2006,LAF,IN,AGL,CE,Tower without Radar,0,1,6,0,7,0,0,0,0,0,0,1,6,0,7,0,0,0,7
12/22/2006,LAF,IN,AGL,CE,Tower without Radar,5,0,7,0,12,0,0,1,0,1,5,0,8,0,13,0,0,0,13
12/23/2006,LAF,IN,AGL,CE,Tower without Radar,0,0,3,0,3,0,1,6,0,7,0,1,9,0,10,0,0,0,10
12/24/2006,LAF,IN,AGL,CE,Tower without Radar,2,0,2,0,4,0,0,9,0,9,2,0,11,0,13,4,0,4,17
12/25/2006,LAF,IN,AGL,CE,Tower without Radar,1,0,0,0,1,0,0,0,0,0,1,0,0,0,1,0,0,0,1
12/26/2006,LAF,IN,AGL,CE,Tower without Radar,3,0,3,0,6,0,0,6,0,6,3,0,9,0,12,0,0,0,12
12/27/2006,LAF,IN,AGL,CE,Tower without Radar,0,1,14,0,15,0,0,38,0,38,0,1,52,0,53,36,0,36,89
12/28/2006,LAF,IN,AGL,CE,Tower without Radar,0,3,7,0,10,0,0,37,0,37,0,3,44,0,47,66,0,66,113
12/29/2006,LAF,IN,AGL,CE,Tower without Radar,0,1,12,0,13,0,0,39,0,39,0,1,51,0,52,62,0,62,114
12/30/2006,LAF,IN,AGL,CE,Tower without Radar,5,0,7,0,12,0,0,33,0,33,5,0,40,0,45,26,0,26,71
12/31/2006,LAF,IN,AGL,CE,Tower without Radar,0,0,0,0,0,2,0,1,0,3,2,0,1,0,3,0,0,0,3
01/01/2007,LAF,IN,AGL,CE,Tower without Radar,0,0,1,0,1,0,0,0,0,0,0,0,1,0,1,4,0,4,5
01/02/2007,LAF,IN,AGL,CE,Tower without Radar,0,2,5,0,7,0,0,51,0,51,0,2,56,0,58,114,0,114,172
01/03/2007,LAF,IN,AGL,CE,Tower without Radar,0,2,10,0,12,0,0,50,0,50,0,2,60,0,62,56,0,56,118
01/04/2007,LAF,IN,AGL,CE,Tower without Radar,0,0,9,0,9,0,0,9,0,9,0,0,18,0,18,8,0,8,26
01/05/2007,LAF,IN,AGL,CE,Tower without Radar,0,2,4,0,6,0,0,0,0,0,0,2,4,0,6,0,0,0,6
01/06/2007,LAF,IN,AGL,CE,Tower without Radar,2,2,5,0,9,0,0,18,0,18,2,2,23,0,27,72,0,72,99
01/07/2007,LAF,IN,AGL,CE,Tower without Radar,0,5,9,0,14,0,0,3,0,3,0,5,12,0,17,0,0,0,17
01/08/2007,LAF,IN,AGL,CE,Tower without Radar,0,0,16,0,16,0,0,28,0,28,0,0,44,0,44,56,0,56,100
01/09/2007,LAF,IN,AGL,CE,Tower without Radar,0,0,11,0,11,0,0,24,0,24,0,0,35,0,35,34,0,34,69
01/10/2007,LAF,IN,AGL,CE,Tower without Radar,0,0,24,0,24,0,0,140,0,140,0,0,164,0,164,300,0,300,464
01/11/2007,LAF,IN,AGL,CE,Tower without Radar,0,3,21,0,24,0,0,132,0,132,0,3,153,0,156,276,0,276,432
01/12/2007,LAF,IN,AGL,CE,Tower without Radar,0,0,4,0,4,0,0,39,0,39,0,0,43,0,43,164,0,164,207
01/13/2007,LAF,IN,AGL,CE,Tower without Radar,0,0,7,0,7,0,0,0,0,0,0,0,7,0,7,0,0,0,7
01/14/2007,LAF,IN,AGL,CE,Tower without Radar,0,2,7,0,9,0,0,0,0,0,0,2,7,0,9,0,0,0,9
01/15/2007,LAF,IN,AGL,CE,Tower without Radar,0,0,7,0,7,0,2,63,0,65,0,2,70,0,72,0,0,0,72
01/16/2007,LAF,IN,AGL,CE,Tower without Radar,0,5,22,5,32,0,0,125,2,127,0,5,147,7,159,312,0,312,471
01/17/2007,LAF,IN,AGL,CE,Tower without Radar,0,0,30,0,30,0,0,131,0,131,0,0,161,0,161,300,0,300,461
01/18/2007,LAF,IN,AGL,CE,Tower without Radar,1,0,18,0,19,0,0,95,0,95,1,0,113,0,114,442,0,442,556
01/19/2007,LAF,IN,AGL,CE,Tower without Radar,2,0,22,0,24,0,0,142,0,142,2,0,164,0,166,248,0,248,414
01/20/2007,LAF,IN,AGL,CE,Tower without Radar,0,2,30,0,32,0,1,202,0,203,0,3,232,0,235,402,0,402,637
01/21/2007,LAF,IN,AGL,CE,Tower without Radar,0,0,0,0,0,0,0,3,0,3,0,0,3,0,3,0,0,0,3
01/22/2007,LAF,IN,AGL,CE,Tower without Radar,0,0,10,0,10,0,0,3,0,3,0,0,13,0,13,0,0,0,13
01/23/2007,LAF,IN,AGL,CE,Tower without Radar,0,1,62,0,63,0,0,184,0,184,0,1,246,0,247,510,0,510,757
01/24/2007,LAF,IN,AGL,CE,Tower without Radar,0,3,19,0,22,0,0,91,0,91,0,3,110,0,113,391,0,391,504
01/25/2007,LAF,IN,AGL,CE,Tower without Radar,0,0,65,0,65,0,0,181,0,181,0,0,246,0,246,478,0,478,724
01/26/2007,LAF,IN,AGL,CE,Tower without Radar,0,0,49,0,49,0,0,133,0,133,0,0,182,0,182,248,0,248,430
01/27/2007,LAF,IN,AGL,CE,Tower without Radar,0,0,17,0,17,0,0,33,0,33,0,0,50,0,50,18,0,18,68
01/28/2007,LAF,IN,AGL,CE,Tower without Radar,0,2,0,0,2,0,0,6,0,6,0,2,6,0,8,0,0,0,8
01/29/2007,LAF,IN,AGL,CE,Tower without Radar,0,1,46,0,47,0,0,146,0,146,0,1,192,0,193,428,0,428,621
01/30/2007,LAF,IN,AGL,CE,Tower without Radar,2,0,35,0,37,0,0,67,0,67,2,0,102,0,104,90,0,90,194
01/31/2007,LAF,IN,AGL,CE,Tower without Radar,0,5,69,0,74,0,0,179,0,179,0,5,248,0,253,440,0,440,693
02/01/2007,LAF,IN,AGL,CE,Tower without Radar,0,0,22,0,22,0,0,26,0,26,0,0,48,0,48,172,0,172,220
02/02/2007,LAF,IN,AGL,CE,Tower without Radar,0,3,32,0,35,0,0,69,0,69,0,3,101,0,104,76,0,76,180
02/03/2007,LAF,IN,AGL,CE,Tower without Radar,0,2,13,0,15,0,0,42,0,42,0,2,55,0,57,78,0,78,135
02/04/2007,LAF,IN,AGL,CE,Tower without Radar,0,1,4,0,5,0,0,39,0,39,0,1,43,0,44,26,0,26,70
02/05/2007,LAF,IN,AGL,CE,Tower without Radar,0,1,41,0,42,0,0,83,0,83,0,1,124,0,125,104,0,104,229
02/06/2007,LAF,IN,AGL,CE,Tower without Radar,0,5,27,0,32,0,0,12,0,12,0,5,39,0,44,6,0,6,50
02/07/2007,LAF,IN,AGL,CE,Tower without Radar,0,2,58,0,60,0,0,159,0,159,0,2,217,0,219,294,0,294,513
02/08/2007,LAF,IN,AGL,CE,Tower without Radar,0,0,51,0,51,0,0,157,0,157,0,0,208,0,208,272,0,272,480
02/09/2007,LAF,IN,AGL,CE,Tower without Radar,0,2,56,0,58,0,0,154,0,154,0,2,210,0,212,290,0,290,502
02/10/2007,LAF,IN,AGL,CE,Tower without Radar,0,4,30,0,34,0,0,161,0,161,0,4,191,0,195,320,0,320,515
02/11/2007,LAF,IN,AGL,CE,Tower without Radar,0,2,18,0,20,0,0,104,0,104,0,2,122,0,124,234,0,234,358
02/12/2007,LAF,IN,AGL,CE,Tower without Radar,0,0,58,0,58,0,0,148,0,148,0,0,206,0,206,598,0,598,804
02/13/2007,LAF,IN,AGL,CE,Tower without Radar,0,0,0,0,0,0,0,0,0,0,0,0,0,0,0,0,0,0,0
02/14/2007,LAF,IN,AGL,CE,Tower without Radar,0,2,1,0,3,0,0,7,0,7,0,2,8,0,10,0,0,0,10
02/15/2007,LAF,IN,AGL,CE,Tower without Radar,0,0,68,0,68,0,0,132,0,132,0,0,200,0,200,286,0,286,486
02/16/2007,LAF,IN,AGL,CE,Tower without Radar,0,2,55,0,57,0,0,90,0,90,0,2,145,0,147,256,0,256,403
02/17/2007,LAF,IN,AGL,CE,Tower without Radar,0,3,4,0,7,0,0,3,0,3,0,3,7,0,10,6,0,6,16
02/18/2007,LAF,IN,AGL,CE,Tower without Radar,0,1,38,0,39,0,1,94,0,95,0,2,132,0,134,170,0,170,304
02/19/2007,LAF,IN,AGL,CE,Tower without Radar,0,2,37,0,39,0,1,132,0,133,0,3,169,0,172,378,0,378,550
02/20/2007,LAF,IN,AGL,CE,Tower without Radar,0,7,65,0,72,0,0,186,0,186,0,7,251,0,258,686,0,686,944
02/21/2007,LAF,IN,AGL,CE,Tower without Radar,0,2,30,0,32,0,0,84,0,84,0,2,114,0,116,385,0,385,501
02/22/2007,LAF,IN,AGL,CE,Tower without Radar,0,7,51,0,58,0,0,62,0,62,0,7,113,0,120,204,0,204,324
02/23/2007,LAF,IN,AGL,CE,Tower without Radar,0,1,38,0,39,0,0,136,0,136,0,1,174,0,175,290,0,290,465
02/24/2007,LAF,IN,AGL,CE,Tower without Radar,0,0,21,0,21,0,0,46,0,46,0,0,67,0,67,120,0,120,187
02/25/2007,LAF,IN,AGL,CE,Tower without Radar,0,0,8,0,8,0,0,9,0,9,0,0,17,0,17,0,0,0,17
02/26/2007,LAF,IN,AGL,CE,Tower without Radar,0,2,17,0,19,0,0,53,0,53,0,2,70,0,72,416,0,416,488
02/27/2007,LAF,IN,AGL,CE,Tower without Radar,0,1,69,0,70,0,0,166,1,167,0,1,235,1,237,676,0,676,913
02/28/2007,LAF,IN,AGL,CE,Tower without Radar,2,0,38,0,40,0,1,131,0,132,2,1,169,0,172,332,0,332,504
03/01/2007,LAF,IN,AGL,CE,Tower without Radar,0,0,4,0,4,0,0,2,0,2,0,0,6,0,6,22,0,22,28
03/02/2007,LAF,IN,AGL,CE,Tower without Radar,0,1,0,0,1,0,0,12,0,12,0,1,12,0,13,0,0,0,13
03/03/2007,LAF,IN,AGL,CE,Tower without Radar,0,0,20,0,20,0,0,31,0,31,0,0,51,0,51,112,0,112,163
03/04/2007,LAF,IN,AGL,CE,Tower without Radar,0,0,41,0,41,0,0,142,0,142,0,0,183,0,183,116,0,116,299
03/05/2007,LAF,IN,AGL,CE,Tower without Radar,0,0,81,0,81,0,0,230,0,230,0,0,311,0,311,420,0,420,731
03/06/2007,LAF,IN,AGL,CE,Tower without Radar,0,2,86,0,88,0,0,232,0,232,0,2,318,0,320,498,0,498,818
03/07/2007,LAF,IN,AGL,CE,Tower without Radar,0,1,94,0,95,0,0,228,0,228,0,1,322,0,323,516,0,516,839
03/08/2007,LAF,IN,AGL,CE,Tower without Radar,0,3,88,0,91,0,0,166,0,166,0,3,254,0,257,478,0,478,735
03/09/2007,LAF,IN,AGL,CE,Tower without Radar,0,1,50,0,51,0,0,140,0,140,0,1,190,0,191,272,0,272,463
03/10/2007,LAF,IN,AGL,CE,Tower without Radar,0,1,14,0,15,0,0,23,0,23,0,1,37,0,38,44,0,44,82
03/11/2007,LAF,IN,AGL,CE,Tower without Radar,0,0,9,0,9,0,0,74,0,74,0,0,83,0,83,52,0,52,135
03/12/2007,LAF,IN,AGL,CE,Tower without Radar,0,0,25,0,25,0,0,44,0,44,0,0,69,0,69,46,0,46,115
03/13/2007,LAF,IN,AGL,CE,Tower without Radar,0,0,28,0,28,0,2,33,0,35,0,2,61,0,63,28,0,28,91
03/14/2007,LAF,IN,AGL,CE,Tower without Radar,2,0,24,0,26,0,1,25,0,26,2,1,49,0,52,40,0,40,92
03/15/2007,LAF,IN,AGL,CE,Tower without Radar,2,0,13,0,15,0,0,12,0,12,2,0,25,0,27,0,0,0,27
03/16/2007,LAF,IN,AGL,CE,Tower without Radar,0,0,24,0,24,0,0,28,0,28,0,0,52,0,52,14,0,14,66
03/17/2007,LAF,IN,AGL,CE,Tower without Radar,0,2,21,0,23,0,0,61,0,61,0,2,82,0,84,70,0,70,154
03/18/2007,LAF,IN,AGL,CE,Tower without Radar,0,0,29,0,29,0,0,88,0,88,0,0,117,0,117,117,0,117,234
03/19/2007,LAF,IN,AGL,CE,Tower without Radar,0,1,24,0,25,0,0,60,0,60,0,1,84,0,85,178,0,178,263
03/20/2007,LAF,IN,AGL,CE,Tower without Radar,0,4,81,0,85,1,0,225,0,226,1,4,306,0,311,349,0,349,660
03/21/2007,LAF,IN,AGL,CE,Tower without Radar,0,0,33,0,33,0,0,68,0,68,0,0,101,0,101,210,0,210,311
03/22/2007,LAF,IN,AGL,CE,Tower without Radar,0,0,117,0,117,0,0,63,0,63,0,0,180,0,180,204,0,204,384
03/23/2007,LAF,IN,AGL,CE,Tower without Radar,0,0,23,0,23,0,0,5,0,5,0,0,28,0,28,6,0,6,34
03/24/2007,LAF,IN,AGL,CE,Tower without Radar,0,1,17,0,18,0,0,41,0,41,0,1,58,0,59,192,0,192,251
03/25/2007,LAF,IN,AGL,CE,Tower without Radar,0,0,52,0,52,0,1,124,0,125,0,1,176,0,177,158,0,158,335
03/26/2007,LAF,IN,AGL,CE,Tower without Radar,0,0,56,0,56,0,0,147,0,147,0,0,203,0,203,278,0,278,481
03/27/2007,LAF,IN,AGL,CE,Tower without Radar,0,0,63,2,65,0,0,256,0,256,0,0,319,2,321,522,0,522,843
03/28/2007,LAF,IN,AGL,CE,Tower without Radar,0,0,34,0,34,0,0,3,0,3,0,0,37,0,37,2,0,2,39
03/29/2007,LAF,IN,AGL,CE,Tower without Radar,0,2,65,0,67,0,0,225,0,225,0,2,290,0,292,458,0,458,750
03/30/2007,LAF,IN,AGL,CE,Tower without Radar,0,0,53,0,53,0,0,200,0,200,0,0,253,0,253,543,0,543,796
03/31/2007,LAF,IN,AGL,CE,Tower without Radar,0,2,13,0,15,0,0,44,0,44,0,2,57,0,59,282,0,282,341
04/01/2007,LAF,IN,AGL,CE,Tower without Radar,0,1,18,0,19,0,0,44,0,44,0,1,62,0,63,22,0,22,85
04/02/2007,LAF,IN,AGL,CE,Tower without Radar,0,1,56,0,57,0,0,206,0,206,0,1,262,0,263,532,0,532,795
04/03/2007,LAF,IN,AGL,CE,Tower without Radar,0,0,25,0,25,0,0,67,0,67,0,0,92,0,92,118,0,118,210
04/04/2007,LAF,IN,AGL,CE,Tower without Radar,0,0,18,0,18,0,0,0,0,0,0,0,18,0,18,0,0,0,18
04/05/2007,LAF,IN,AGL,CE,Tower without Radar,0,2,45,0,47,0,0,48,0,48,0,2,93,0,95,52,0,52,147
04/06/2007,LAF,IN,AGL,CE,Tower without Radar,0,0,58,0,58,0,0,0,0,0,0,0,58,0,58,128,0,128,186
04/07/2007,LAF,IN,AGL,CE,Tower without Radar,0,0,20,0,20,0,2,89,0,91,0,2,109,0,111,152,0,152,263
04/08/2007,LAF,IN,AGL,CE,Tower without Radar,0,0,9,0,9,0,0,62,0,62,0,0,71,0,71,128,0,128,199
04/09/2007,LAF,IN,AGL,CE,Tower without Radar,0,2,48,2,52,0,0,182,0,182,0,2,230,2,234,444,0,444,678
04/10/2007,LAF,IN,AGL,CE,Tower without Radar,0,4,57,0,61,0,0,201,0,201,0,4,258,0,262,298,0,298,560
04/11/2007,LAF,IN,AGL,CE,Tower without Radar,0,0,20,0,20,0,0,0,0,0,0,0,20,0,20,0,0,0,20
04/12/2007,LAF,IN,AGL,CE,Tower without Radar,0,2,0,0,2,0,0,0,82,82,0,2,0,82,84,82,0,82,166
04/13/2007,LAF,IN,AGL,CE,Tower without Radar,0,3,39,2,44,0,0,149,0,149,0,3,188,2,193,316,0,316,509
04/14/2007,LAF,IN,AGL,CE,Tower without Radar,0,2,10,1,13,0,0,0,0,0,0,2,10,1,13,64,0,64,77
04/15/2007,LAF,IN,AGL,CE,Tower without Radar,0,2,21,0,23,0,1,72,0,73,0,3,93,0,96,66,0,66,162
04/16/2007,LAF,IN,AGL,CE,Tower without Radar,0,3,34,0,37,0,0,160,0,160,0,3,194,0,197,262,0,262,459
04/17/2007,LAF,IN,AGL,CE,Tower without Radar,0,2,43,0,45,0,2,231,0,233,0,4,274,0,278,388,0,388,666
04/18/2007,LAF,IN,AGL,CE,Tower without Radar,0,1,46,0,47,0,0,170,0,170,0,1,216,0,217,424,0,424,641
04/19/2007,LAF,IN,AGL,CE,Tower without Radar,0,0,0,0,0,0,2,191,0,193,0,2,191,0,193,466,0,466,659
04/20/2007,LAF,IN,AGL,CE,Tower without Radar,0,8,39,0,47,0,0,157,0,157,0,8,196,0,204,374,0,374,578
04/21/2007,LAF,IN,AGL,CE,Tower without Radar,0,2,33,1,36,0,0,134,4,138,0,2,167,5,174,342,0,342,516
04/22/2007,LAF,IN,AGL,CE,Tower without Radar,0,1,12,0,13,0,0,105,0,105,0,1,117,0,118,184,0,184,302
04/23/2007,LAF,IN,AGL,CE,Tower without Radar,0,3,11,0,14,0,0,42,0,42,0,3,53,0,56,92,0,92,148
04/24/2007,LAF,IN,AGL,CE,Tower without Radar,0,5,31,0,36,0,0,205,0,205,0,5,236,0,241,438,0,438,679
04/25/2007,LAF,IN,AGL,CE,Tower without Radar,0,0,15,0,15,0,0,0,0,0,0,0,15,0,15,0,0,0,15
04/26/2007,LAF,IN,AGL,CE,Tower without Radar,0,0,15,0,15,0,2,0,0,2,0,2,15,0,17,188,0,188,205
04/27/2007,LAF,IN,AGL,CE,Tower without Radar,0,2,29,0,31,0,0,37,0,37,0,2,66,0,68,352,0,352,420
04/28/2007,LAF,IN,AGL,CE,Tower without Radar,0,1,23,0,24,0,2,167,0,169,0,3,190,0,193,348,0,348,541
04/29/2007,LAF,IN,AGL,CE,Tower without Radar,0,0,29,0,29,0,1,161,0,162,0,1,190,0,191,358,0,358,549
04/30/2007,LAF,IN,AGL,CE,Tower without Radar,0,0,18,0,18,0,0,207,0,207,0,0,225,0,225,520,0,520,745
05/01/2007,LAF,IN,AGL,CE,Tower without Radar,0,0,22,0,22,0,0,138,0,138,0,0,160,0,160,358,0,358,518
05/02/2007,LAF,IN,AGL,CE,Tower without Radar,0,0,27,0,27,0,0,184,0,184,0,0,211,0,211,498,0,498,709
05/03/2007,LAF,IN,AGL,CE,Tower without Radar,0,0,25,0,25,0,0,143,3,146,0,0,168,3,171,420,0,420,591
05/04/2007,LAF,IN,AGL,CE,Tower without Radar,0,0,20,0,20,0,0,87,0,87,0,0,107,0,107,368,0,368,475
05/05/2007,LAF,IN,AGL,CE,Tower without Radar,0,9,18,0,27,0,2,69,0,71,0,11,87,0,98,94,0,94,192
05/06/2007,LAF,IN,AGL,CE,Tower without Radar,0,4,14,0,18,0,0,47,0,47,0,4,61,0,65,26,0,26,91
05/07/2007,LAF,IN,AGL,CE,Tower without Radar,0,3,29,0,32,0,0,114,0,114,0,3,143,0,146,248,0,248,394
05/08/2007,LAF,IN,AGL,CE,Tower without Radar,0,2,21,0,23,0,0,92,0,92,0,2,113,0,115,274,0,274,389
05/09/2007,LAF,IN,AGL,CE,Tower without Radar,0,0,27,0,27,0,0,65,0,65,0,0,92,0,92,95,0,95,187
05/10/2007,LAF,IN,AGL,CE,Tower without Radar,0,0,21,0,21,0,0,57,0,57,0,0,78,0,78,112,0,112,190
05/11/2007,LAF,IN,AGL,CE,Tower without Radar,0,5,29,0,34,0,0,66,0,66,0,5,95,0,100,119,0,119,219
05/12/2007,LAF,IN,AGL,CE,Tower without Radar,0,1,17,0,18,0,1,51,0,52,0,2,68,0,70,80,0,80,150
05/13/2007,LAF,IN,AGL,CE,Tower without Radar,0,1,17,0,18,0,0,36,0,36,0,1,53,0,54,82,0,82,136
05/14/2007,LAF,IN,AGL,CE,Tower without Radar,0,0,23,0,23,0,0,51,0,51,0,0,74,0,74,150,0,150,224
05/15/2007,LAF,IN,AGL,CE,Tower without Radar,0,0,10,0,10,0,0,32,0,32,0,0,42,0,42,122,0,122,164
05/16/2007,LAF,IN,AGL,CE,Tower without Radar,0,0,18,0,18,0,0,24,0,24,0,0,42,0,42,62,0,62,104
05/17/2007,LAF,IN,AGL,CE,Tower without Radar,0,0,22,0,22,0,0,50,0,50,0,0,72,0,72,78,0,78,150
05/18/2007,LAF,IN,AGL,CE,Tower without Radar,0,0,21,0,21,0,0,85,0,85,0,0,106,0,106,56,0,56,162
05/19/2007,LAF,IN,AGL,CE,Tower without Radar,0,0,10,0,10,0,2,38,0,40,0,2,48,0,50,72,0,72,122
05/20/2007,LAF,IN,AGL,CE,Tower without Radar,0,0,16,0,16,0,1,46,1,48,0,1,62,1,64,68,0,68,132
05/21/2007,LAF,IN,AGL,CE,Tower without Radar,0,0,17,0,17,0,0,67,0,67,0,0,84,0,84,136,0,136,220
05/22/2007,LAF,IN,AGL,CE,Tower without Radar,0,0,3,0,3,0,0,18,0,18,0,0,21,0,21,36,0,36,57
05/23/2007,LAF,IN,AGL,CE,Tower without Radar,0,2,15,0,17,0,0,53,0,53,0,2,68,0,70,126,0,126,196
05/24/2007,LAF,IN,AGL,CE,Tower without Radar,0,0,14,0,14,0,0,42,0,42,0,0,56,0,56,58,0,58,114
05/25/2007,LAF,IN,AGL,CE,Tower without Radar,0,0,13,0,13,0,0,6,0,6,0,0,19,0,19,16,0,16,35
05/26/2007,LAF,IN,AGL,CE,Tower without Radar,0,0,10,0,10,0,0,28,1,29,0,0,38,1,39,62,0,62,101
05/27/2007,LAF,IN,AGL,CE,Tower without Radar,0,0,5,0,5,0,0,8,0,8,0,0,13,0,13,2,0,2,15
05/28/2007,LAF,IN,AGL,CE,Tower without Radar,0,0,9,0,9,0,0,18,0,18,0,0,27,0,27,48,0,48,75
05/29/2007,LAF,IN,AGL,CE,Tower without Radar,0,0,19,0,19,0,0,50,0,50,0,0,69,0,69,218,0,218,287
05/30/2007,LAF,IN,AGL,CE,Tower without Radar,0,0,17,0,17,0,0,39,0,39,0,0,56,0,56,82,0,82,138
05/31/2007,LAF,IN,AGL,CE,Tower without Radar,0,0,15,0,15,0,0,39,0,39,0,0,54,0,54,120,0,120,174
06/01/2007,LAF,IN,AGL,CE,Tower without Radar,0,1,22,0,23,0,0,53,0,53,0,1,75,0,76,120,0,120,196
06/02/2007,LAF,IN,AGL,CE,Tower without Radar,0,0,9,0,9,0,0,33,0,33,0,0,42,0,42,64,0,64,106
06/03/2007,LAF,IN,AGL,CE,Tower without Radar,0,1,10,0,11,0,0,34,0,34,0,1,44,0,45,54,0,54,99
06/04/2007,LAF,IN,AGL,CE,Tower without Radar,0,0,17,0,17,0,1,17,0,18,0,1,34,0,35,36,0,36,71
06/05/2007,LAF,IN,AGL,CE,Tower without Radar,0,0,26,0,26,0,0,43,0,43,0,0,69,0,69,120,0,120,189
06/06/2007,LAF,IN,AGL,CE,Tower without Radar,0,1,32,0,33,0,1,102,0,103,0,2,134,0,136,193,0,193,329
06/07/2007,LAF,IN,AGL,CE,Tower without Radar,0,2,25,0,27,0,0,23,0,23,0,2,48,0,50,24,0,24,74
06/08/2007,LAF,IN,AGL,CE,Tower without Radar,0,0,18,0,18,0,0,15,0,15,0,0,33,0,33,32,0,32,65
06/09/2007,LAF,IN,AGL,CE,Tower without Radar,0,2,11,0,13,0,0,40,0,40,0,2,51,0,53,92,0,92,145
06/10/2007,LAF,IN,AGL,CE,Tower without Radar,0,0,21,0,21,0,0,53,0,53,0,0,74,0,74,66,0,66,140
06/11/2007,LAF,IN,AGL,CE,Tower without Radar,0,2,28,0,30,0,0,60,0,60,0,2,88,0,90,108,0,108,198
06/12/2007,LAF,IN,AGL,CE,Tower without Radar,0,0,31,0,31,0,0,106,0,106,0,0,137,0,137,170,0,170,307
06/13/2007,LAF,IN,AGL,CE,Tower without Radar,0,3,35,0,38,0,0,112,0,112,0,3,147,0,150,148,0,148,298
06/14/2007,LAF,IN,AGL,CE,Tower without Radar,0,2,39,0,41,0,0,137,0,137,0,2,176,0,178,140,1,141,319
06/15/2007,LAF,IN,AGL,CE,Tower without Radar,0,0,20,0,20,0,0,90,0,90,0,0,110,0,110,156,0,156,266
06/16/2007,LAF,IN,AGL,CE,Tower without Radar,0,4,8,0,12,0,0,39,0,39,0,4,47,0,51,54,0,54,105
06/17/2007,LAF,IN,AGL,CE,Tower without Radar,0,0,20,0,20,0,0,35,2,37,0,0,55,2,57,22,0,22,79
06/18/2007,LAF,IN,AGL,CE,Tower without Radar,0,0,15,0,15,0,0,51,0,51,0,0,66,0,66,200,0,200,266
06/19/2007,LAF,IN,AGL,CE,Tower without Radar,0,3,18,0,21,0,0,42,0,42,0,3,60,0,63,68,0,68,131
06/20/2007,LAF,IN,AGL,CE,Tower without Radar,0,0,30,0,30,0,0,125,0,125,0,0,155,0,155,262,0,262,417
06/21/2007,LAF,IN,AGL,CE,Tower without Radar,0,1,22,0,23,0,0,85,0,85,0,1,107,0,108,283,0,283,391
06/22/2007,LAF,IN,AGL,CE,Tower without Radar,0,2,26,0,28,0,0,63,0,63,0,2,89,0,91,250,0,250,341
06/23/2007,LAF,IN,AGL,CE,Tower without Radar,0,0,10,0,10,0,0,0,0,0,0,0,10,0,10,0,0,0,10
06/24/2007,LAF,IN,AGL,CE,Tower without Radar,0,0,10,0,10,0,4,4,0,8,0,4,14,0,18,0,0,0,18
06/25/2007,LAF,IN,AGL,CE,Tower without Radar,0,0,25,0,25,0,0,62,0,62,0,0,87,0,87,192,0,192,279
06/26/2007,LAF,IN,AGL,CE,Tower without Radar,0,0,27,0,27,0,0,106,0,106,0,0,133,0,133,270,0,270,403
06/27/2007,LAF,IN,AGL,CE,Tower without Radar,0,5,31,0,36,0,0,82,0,82,0,5,113,0,118,222,0,222,340
06/28/2007,LAF,IN,AGL,CE,Tower without Radar,0,2,15,0,17,0,0,8,0,8,0,2,23,0,25,2,0,2,27
06/29/2007,LAF,IN,AGL,CE,Tower without Radar,0,1,20,0,21,0,0,77,0,77,0,1,97,0,98,302,0,302,400
06/30/2007,LAF,IN,AGL,CE,Tower without Radar,0,1,15,0,16,0,2,58,0,60,0,3,73,0,76,159,0,159,235
07/01/2007,LAF,IN,AGL,CE,Tower without Radar,0,0,9,0,9,0,1,83,0,84,0,1,92,0,93,166,0,166,259
07/02/2007,LAF,IN,AGL,CE,Tower without Radar,0,0,29,0,29,0,1,76,0,77,0,1,105,0,106,236,0,236,342
07/03/2007,LAF,IN,AGL,CE,Tower without Radar,0,0,24,0,24,0,0,113,0,113,0,0,137,0,137,272,0,272,409
07/04/2007,LAF,IN,AGL,CE,Tower without Radar,0,0,7,0,7,0,1,21,0,22,0,1,28,0,29,26,0,26,55
07/05/2007,LAF,IN,AGL,CE,Tower without Radar,0,0,15,0,15,0,0,76,2,78,0,0,91,2,93,222,0,222,315
07/06/2007,LAF,IN,AGL,CE,Tower without Radar,0,2,29,0,31,0,0,96,0,96,0,2,125,0,127,168,0,168,295
07/07/2007,LAF,IN,AGL,CE,Tower without Radar,0,2,11,0,13,0,0,35,0,35,0,2,46,0,48,46,0,46,94
07/08/2007,LAF,IN,AGL,CE,Tower without Radar,0,5,11,0,16,0,1,63,0,64,0,6,74,0,80,60,0,60,140
07/09/2007,LAF,IN,AGL,CE,Tower without Radar,0,0,22,0,22,0,0,71,0,71,0,0,93,0,93,188,0,188,281
07/10/2007,LAF,IN,AGL,CE,Tower without Radar,0,0,26,0,26,0,0,61,0,61,0,0,87,0,87,110,0,110,197
07/11/2007,LAF,IN,AGL,CE,Tower without Radar,0,2,15,0,17,0,0,76,0,76,0,2,91,0,93,92,0,92,185
07/12/2007,LAF,IN,AGL,CE,Tower without Radar,0,0,21,0,21,0,0,57,0,57,0,0,78,0,78,104,0,104,182
07/13/2007,LAF,IN,AGL,CE,Tower without Radar,0,0,37,0,37,0,0,73,0,73,0,0,110,0,110,68,0,68,178
07/14/2007,LAF,IN,AGL,CE,Tower without Radar,0,0,9,0,9,0,0,59,1,60,0,0,68,1,69,40,0,40,109
07/15/2007,LAF,IN,AGL,CE,Tower without Radar,0,2,16,0,18,0,0,67,0,67,0,2,83,0,85,62,0,62,147
07/16/2007,LAF,IN,AGL,CE,Tower without Radar,0,0,30,0,30,0,2,91,0,93,0,2,121,0,123,196,0,196,319
07/17/2007,LAF,IN,AGL,CE,Tower without Radar,0,0,2,0,2,0,0,16,0,16,0,0,18,0,18,58,0,58,76
07/18/2007,LAF,IN,AGL,CE,Tower without Radar,0,2,18,0,20,0,0,42,0,42,0,2,60,0,62,56,0,56,118
07/19/2007,LAF,IN,AGL,CE,Tower without Radar,0,2,18,0,20,0,0,18,0,18,0,2,36,0,38,50,0,50,88
07/20/2007,LAF,IN,AGL,CE,Tower without Radar,0,0,25,0,25,0,0,127,1,128,0,0,152,1,153,212,0,212,365
07/21/2007,LAF,IN,AGL,CE,Tower without Radar,0,0,13,0,13,0,0,95,0,95,0,0,108,0,108,86,0,86,194
07/22/2007,LAF,IN,AGL,CE,Tower without Radar,0,2,10,0,12,0,0,71,0,71,0,2,81,0,83,10,0,10,93
07/23/2007,LAF,IN,AGL,CE,Tower without Radar,0,0,19,0,19,0,1,91,0,92,0,1,110,0,111,204,0,204,315
07/24/2007,LAF,IN,AGL,CE,Tower without Radar,0,0,17,0,17,0,0,90,0,90,0,0,107,0,107,208,0,208,315
07/25/2007,LAF,IN,AGL,CE,Tower without Radar,0,1,35,1,37,0,0,72,1,73,0,1,107,2,110,126,0,126,236
07/26/2007,LAF,IN,AGL,CE,Tower without Radar,0,0,23,0,23,0,0,43,0,43,0,0,66,0,66,102,0,102,168
07/27/2007,LAF,IN,AGL,CE,Tower without Radar,0,2,22,0,24,0,0,17,0,17,0,2,39,0,41,2,0,2,43
07/28/2007,LAF,IN,AGL,CE,Tower without Radar,0,0,16,0,16,0,1,9,0,10,0,1,25,0,26,2,0,2,28
07/29/2007,LAF,IN,AGL,CE,Tower without Radar,0,0,18,0,18,0,0,49,0,49,0,0,67,0,67,72,0,72,139
07/30/2007,LAF,IN,AGL,CE,Tower without Radar,0,2,14,0,16,0,0,86,0,86,0,2,100,0,102,126,0,126,228
07/31/2007,LAF,IN,AGL,CE,Tower without Radar,0,3,12,0,15,0,0,100,0,100,0,3,112,0,115,148,0,148,263
08/01/2007,LAF,IN,AGL,CE,Tower without Radar,0,0,26,0,26,0,0,79,2,81,0,0,105,2,107,130,0,130,237
08/02/2007,LAF,IN,AGL,CE,Tower without Radar,0,0,30,0,30,0,0,60,0,60,0,0,90,0,90,100,0,100,190
08/03/2007,LAF,IN,AGL,CE,Tower without Radar,0,3,14,0,17,0,0,41,0,41,0,3,55,0,58,65,0,65,123
08/04/2007,LAF,IN,AGL,CE,Tower without Radar,0,0,13,0,13,0,0,21,0,21,0,0,34,0,34,42,0,42,76
08/05/2007,LAF,IN,AGL,CE,Tower without Radar,0,3,7,1,11,0,0,19,0,19,0,3,26,1,30,30,0,30,60
08/06/2007,LAF,IN,AGL,CE,Tower without Radar,0,2,14,0,16,0,0,41,0,41,0,2,55,0,57,82,0,82,139
08/07/2007,LAF,IN,AGL,CE,Tower without Radar,0,0,17,0,17,0,0,44,0,44,0,0,61,0,61,48,0,48,109
08/08/2007,LAF,IN,AGL,CE,Tower without Radar,0,2,18,0,20,0,0,54,0,54,0,2,72,0,74,162,0,162,236
08/09/2007,LAF,IN,AGL,CE,Tower without Radar,0,2,15,0,17,0,0,34,0,34,0,2,49,0,51,132,0,132,183
08/10/2007,LAF,IN,AGL,CE,Tower without Radar,0,0,24,0,24,0,0,47,0,47,0,0,71,0,71,34,0,34,105
08/11/2007,LAF,IN,AGL,CE,Tower without Radar,0,2,17,0,19,0,2,69,0,71,0,4,86,0,90,44,0,44,134
08/12/2007,LAF,IN,AGL,CE,Tower without Radar,0,4,11,0,15,0,3,56,0,59,0,7,67,0,74,54,0,54,128
08/13/2007,LAF,IN,AGL,CE,Tower without Radar,0,0,11,0,11,0,0,53,0,53,0,0,64,0,64,68,0,68,132
08/14/2007,LAF,IN,AGL,CE,Tower without Radar,0,0,19,0,19,0,0,27,0,27,0,0,46,0,46,28,0,28,74
08/15/2007,LAF,IN,AGL,CE,Tower without Radar,0,0,20,0,20,0,1,32,0,33,0,1,52,0,53,48,0,48,101
08/16/2007,LAF,IN,AGL,CE,Tower without Radar,0,2,33,2,37,0,0,44,0,44,0,2,77,2,81,66,0,66,147
08/17/2007,LAF,IN,AGL,CE,Tower without Radar,0,3,27,0,30,0,0,114,0,114,0,3,141,0,144,182,0,182,326
08/18/2007,LAF,IN,AGL,CE,Tower without Radar,0,0,17,3,20,0,0,31,0,31,0,0,48,3,51,97,0,97,148
08/19/2007,LAF,IN,AGL,CE,Tower without Radar,0,0,18,0,18,0,0,46,0,46,0,0,64,0,64,100,0,100,164
08/20/2007,LAF,IN,AGL,CE,Tower without Radar,0,1,12,0,13,0,0,1,0,1,0,1,13,0,14,0,0,0,14
08/21/2007,LAF,IN,AGL,CE,Tower without Radar,0,0,8,0,8,0,0,31,0,31,0,0,39,0,39,64,0,64,103
08/22/2007,LAF,IN,AGL,CE,Tower without Radar,0,0,28,0,28,0,0,165,0,165,0,0,193,0,193,282,0,282,475
08/23/2007,LAF,IN,AGL,CE,Tower without Radar,0,3,39,0,42,0,0,166,0,166,0,3,205,0,208,358,0,358,566
08/24/2007,LAF,IN,AGL,CE,Tower without Radar,0,0,23,0,23,0,0,106,3,109,0,0,129,3,132,252,0,252,384
08/25/2007,LAF,IN,AGL,CE,Tower without Radar,0,0,8,0,8,0,2,30,0,32,0,2,38,0,40,124,0,124,164
08/26/2007,LAF,IN,AGL,CE,Tower without Radar,0,3,26,0,29,0,1,146,0,147,0,4,172,0,176,124,0,124,300
08/27/2007,LAF,IN,AGL,CE,Tower without Radar,0,1,22,0,23,0,2,168,2,172,0,3,190,2,195,392,0,392,587
08/28/2007,LAF,IN,AGL,CE,Tower without Radar,0,1,35,0,36,0,0,220,0,220,0,1,255,0,256,396,0,396,652
08/29/2007,LAF,IN,AGL,CE,Tower without Radar,0,0,29,0,29,0,1,168,0,169,0,1,197,0,198,404,0,404,602
08/30/2007,LAF,IN,AGL,CE,Tower without Radar,0,2,44,0,46,0,0,191,0,191,0,2,235,0,237,366,0,366,603
08/31/2007,LAF,IN,AGL,CE,Tower without Radar,3,2,32,0,37,0,0,197,0,197,3,2,229,0,234,400,0,400,634
09/01/2007,LAF,IN,AGL,CE,Tower without Radar,0,0,10,0,10,0,0,124,0,124,0,0,134,0,134,266,0,266,400
09/02/2007,LAF,IN,AGL,CE,Tower without Radar,0,2,11,0,13,0,0,103,0,103,0,2,114,0,116,140,0,140,256
09/03/2007,LAF,IN,AGL,CE,Tower without Radar,0,4,22,0,26,0,3,75,0,78,0,7,97,0,104,50,0,50,154
09/04/2007,LAF,IN,AGL,CE,Tower without Radar,0,0,32,0,32,0,1,201,0,202,0,1,233,0,234,484,0,484,718
09/05/2007,LAF,IN,AGL,CE,Tower without Radar,0,2,36,0,38,0,0,162,0,162,0,2,198,0,200,442,0,442,642
09/06/2007,LAF,IN,AGL,CE,Tower without Radar,0,0,25,0,25,0,0,6,0,6,0,0,31,0,31,6,0,6,37
09/07/2007,LAF,IN,AGL,CE,Tower without Radar,1,2,21,0,24,0,0,61,0,61,1,2,82,0,85,172,0,172,257
09/08/2007,LAF,IN,AGL,CE,Tower without Radar,0,3,26,0,29,0,0,1,0,1,0,3,27,0,30,0,0,0,30
09/09/2007,LAF,IN,AGL,CE,Tower without Radar,0,0,21,0,21,0,2,53,0,55,0,2,74,0,76,86,0,86,162
09/10/2007,LAF,IN,AGL,CE,Tower without Radar,0,3,56,0,59,0,0,185,0,185,0,3,241,0,244,756,0,756,1000
09/11/2007,LAF,IN,AGL,CE,Tower without Radar,0,0,68,0,68,0,0,160,0,160,0,0,228,0,228,310,0,310,538
09/12/2007,LAF,IN,AGL,CE,Tower without Radar,0,2,56,0,58,0,1,234,0,235,0,3,290,0,293,674,0,674,967
09/13/2007,LAF,IN,AGL,CE,Tower without Radar,1,2,96,0,99,0,0,221,0,221,1,2,317,0,320,682,0,682,1002
09/14/2007,LAF,IN,AGL,CE,Tower without Radar,0,10,54,0,64,0,0,163,0,163,0,10,217,0,227,580,0,580,807
09/15/2007,LAF,IN,AGL,CE,Tower without Radar,0,1,36,0,37,0,0,136,0,136,0,1,172,0,173,198,0,198,371
09/16/2007,LAF,IN,AGL,CE,Tower without Radar,0,6,25,0,31,0,0,131,0,131,0,6,156,0,162,202,0,202,364
09/17/2007,LAF,IN,AGL,CE,Tower without Radar,0,1,71,0,72,0,1,199,0,200,0,2,270,0,272,666,0,666,938
09/18/2007,LAF,IN,AGL,CE,Tower without Radar,0,7,101,0,108,0,1,186,0,187,0,8,287,0,295,572,0,572,867
09/19/2007,LAF,IN,AGL,CE,Tower without Radar,0,4,54,0,58,0,0,223,0,223,0,4,277,0,281,459,0,459,740
09/20/2007,LAF,IN,AGL,CE,Tower without Radar,0,6,100,0,106,0,0,272,0,272,0,6,372,0,378,594,0,594,972
09/21/2007,LAF,IN,AGL,CE,Tower without Radar,3,8,62,0,73,0,0,205,0,205,3,8,267,0,278,636,0,636,914
09/22/2007,LAF,IN,AGL,CE,Tower without Radar,0,5,81,0,86,0,0,185,0,185,0,5,266,0,271,236,0,236,507
09/23/2007,LAF,IN,AGL,CE,Tower without Radar,0,4,44,0,48,0,1,164,0,165,0,5,208,0,213,166,0,166,379
09/24/2007,LAF,IN,AGL,CE,Tower without Radar,0,3,57,0,60,0,0,217,0,217,0,3,274,0,277,572,0,572,849
09/25/2007,LAF,IN,AGL,CE,Tower without Radar,2,5,56,0,63,0,0,114,0,114,2,5,170,0,177,278,0,278,455
09/26/2007,LAF,IN,AGL,CE,Tower without Radar,0,0,24,0,24,0,0,0,0,0,0,0,24,0,24,0,0,0,24
09/27/2007,LAF,IN,AGL,CE,Tower without Radar,0,2,44,0,46,0,0,165,0,165,0,2,209,0,211,502,0,502,713
09/28/2007,LAF,IN,AGL,CE,Tower without Radar,4,2,64,0,70,0,0,247,0,247,4,2,311,0,317,524,0,524,841
09/29/2007,LAF,IN,AGL,CE,Tower without Radar,0,3,64,0,67,0,0,187,0,187,0,3,251,0,254,76,0,76,330
09/30/2007,LAF,IN,AGL,CE,Tower without Radar,0,2,24,0,26,0,0,140,0,140,0,2,164,0,166,134,0,134,300
10/01/2007,LAF,IN,AGL,CE,Tower without Radar,0,0,59,0,59,0,1,113,0,114,0,1,172,0,173,256,0,256,429
10/02/2007,LAF,IN,AGL,CE,Tower without Radar,0,1,62,0,63,0,0,137,0,137,0,1,199,0,200,370,0,370,570
10/03/2007,LAF,IN,AGL,CE,Tower without Radar,0,2,36,2,40,0,0,162,0,162,0,2,198,2,202,334,0,334,536
10/04/2007,LAF,IN,AGL,CE,Tower without Radar,0,7,74,0,81,0,0,203,0,203,0,7,277,0,284,682,0,682,966
10/05/2007,LAF,IN,AGL,CE,Tower without Radar,2,6,65,0,73,0,0,179,0,179,2,6,244,0,252,383,0,383,635
10/06/2007,LAF,IN,AGL,CE,Tower without Radar,0,2,51,0,53,0,0,114,0,114,0,2,165,0,167,218,0,218,385
10/07/2007,LAF,IN,AGL,CE,Tower without Radar,0,4,29,0,33,0,4,104,0,108,0,8,133,0,141,56,0,56,197
10/08/2007,LAF,IN,AGL,CE,Tower without Radar,0,0,27,0,27,0,2,75,0,77,0,2,102,0,104,44,0,44,148
10/09/2007,LAF,IN,AGL,CE,Tower without Radar,0,6,40,1,47,0,0,80,0,80,0,6,120,1,127,110,0,110,237
10/10/2007,LAF,IN,AGL,CE,Tower without Radar,0,0,60,0,60,0,0,172,0,172,0,0,232,0,232,410,0,410,642
10/11/2007,LAF,IN,AGL,CE,Tower without Radar,0,0,55,0,55,0,0,116,0,116,0,0,171,0,171,258,0,258,429
10/12/2007,LAF,IN,AGL,CE,Tower without Radar,0,5,60,0,65,0,0,222,0,222,0,5,282,0,287,474,0,474,761
10/13/2007,LAF,IN,AGL,CE,Tower without Radar,2,1,38,0,41,0,0,205,0,205,2,1,243,0,246,382,0,382,628
10/14/2007,LAF,IN,AGL,CE,Tower without Radar,0,4,20,0,24,0,2,148,0,150,0,6,168,0,174,144,0,144,318
10/15/2007,LAF,IN,AGL,CE,Tower without Radar,0,1,50,0,51,0,2,241,0,243,0,3,291,0,294,300,0,300,594
10/16/2007,LAF,IN,AGL,CE,Tower without Radar,0,1,40,0,41,0,0,70,1,71,0,1,110,1,112,292,2,294,406
10/17/2007,LAF,IN,AGL,CE,Tower without Radar,0,0,48,2,50,0,0,139,6,145,0,0,187,8,195,412,0,412,607
10/18/2007,LAF,IN,AGL,CE,Tower without Radar,0,0,18,1,19,0,0,16,0,16,0,0,34,1,35,12,0,12,47
10/19/2007,LAF,IN,AGL,CE,Tower without Radar,2,10,41,1,54,0,0,83,0,83,2,10,124,1,137,130,0,130,267
10/20/2007,LAF,IN,AGL,CE,Tower without Radar,1,3,41,0,45,0,0,194,0,194,1,3,235,0,239,154,0,154,393
10/21/2007,LAF,IN,AGL,CE,Tower without Radar,0,3,9,0,12,0,3,44,0,47,0,6,53,0,59,16,0,16,75
10/22/2007,LAF,IN,AGL,CE,Tower without Radar,0,0,50,0,50,0,0,155,0,155,0,0,205,0,205,360,0,360,565
10/23/2007,LAF,IN,AGL,CE,Tower without Radar,0,0,55,0,55,0,0,139,0,139,0,0,194,0,194,422,0,422,616
10/24/2007,LAF,IN,AGL,CE,Tower without Radar,0,2,57,0,59,0,1,139,0,140,0,3,196,0,199,236,0,236,435
10/25/2007,LAF,IN,AGL,CE,Tower without Radar,0,4,47,0,51,0,0,151,0,151,0,4,198,0,202,424,0,424,626
10/26/2007,LAF,IN,AGL,CE,Tower without Radar,2,6,62,0,70,0,0,143,0,143,2,6,205,0,213,229,0,229,442
10/27/2007,LAF,IN,AGL,CE,Tower without Radar,0,10,41,0,51,0,0,22,0,22,0,10,63,0,73,72,0,72,145
10/28/2007,LAF,IN,AGL,CE,Tower without Radar,0,4,29,0,33,0,1,153,0,154,0,5,182,0,187,238,0,238,425
10/29/2007,LAF,IN,AGL,CE,Tower without Radar,0,3,27,0,30,0,0,166,0,166,0,3,193,0,196,452,0,452,648
10/30/2007,LAF,IN,AGL,CE,Tower without Radar,0,2,50,0,52,0,0,179,0,179,0,2,229,0,231,474,0,474,705
10/31/2007,LAF,IN,AGL,CE,Tower without Radar,0,0,22,0,22,0,0,112,0,112,0,0,134,0,134,232,0,232,366
11/01/2007,LAF,IN,AGL,CE,Tower without Radar,0,2,49,0,51,0,0,168,0,168,0,2,217,0,219,368,0,368,587
11/02/2007,LAF,IN,AGL,CE,Tower without Radar,2,8,41,0,51,0,0,182,0,182,2,8,223,0,233,492,0,492,725
11/03/2007,LAF,IN,AGL,CE,Tower without Radar,2,2,24,0,28,0,0,174,0,174,2,2,198,0,202,360,0,360,562
11/04/2007,LAF,IN,AGL,CE,Tower without Radar,0,4,22,0,26,0,0,95,0,95,0,4,117,0,121,82,0,82,203
11/05/2007,LAF,IN,AGL,CE,Tower without Radar,0,0,27,0,27,0,1,80,0,81,0,1,107,0,108,230,0,230,338
11/06/2007,LAF,IN,AGL,CE,Tower without Radar,0,0,25,0,25,0,4,118,0,122,0,4,143,0,147,324,0,324,471
11/07/2007,LAF,IN,AGL,CE,Tower without Radar,0,3,31,0,34,0,3,164,0,167,0,6,195,0,201,522,0,522,723
11/08/2007,LAF,IN,AGL,CE,Tower without Radar,1,3,54,0,58,0,0,237,0,237,1,3,291,0,295,650,0,650,945
11/09/2007,LAF,IN,AGL,CE,Tower without Radar,2,0,42,0,44,0,0,173,0,173,2,0,215,0,217,336,0,336,553
11/10/2007,LAF,IN,AGL,CE,Tower without Radar,2,7,24,0,33,0,0,135,0,135,2,7,159,0,168,58,0,58,226
11/11/2007,LAF,IN,AGL,CE,Tower without Radar,0,4,18,0,22,0,0,74,0,74,0,4,92,0,96,114,0,114,210
11/12/2007,LAF,IN,AGL,CE,Tower without Radar,0,1,9,0,10,0,1,55,0,56,0,2,64,0,66,186,0,186,252
11/13/2007,LAF,IN,AGL,CE,Tower without Radar,0,6,46,0,52,0,2,147,0,149,0,8,193,0,201,256,0,256,457
11/14/2007,LAF,IN,AGL,CE,Tower without Radar,0,2,27,0,29,0,0,139,0,139,0,2,166,0,168,410,0,410,578
11/15/2007,LAF,IN,AGL,CE,Tower without Radar,0,2,18,0,20,0,1,109,0,110,0,3,127,0,130,340,0,340,470
11/16/2007,LAF,IN,AGL,CE,Tower without Radar,0,2,21,0,23,0,0,161,0,161,0,2,182,0,184,346,0,346,530
11/17/2007,LAF,IN,AGL,CE,Tower without Radar,0,2,11,0,13,0,1,120,0,121,0,3,131,0,134,320,0,320,454
11/18/2007,LAF,IN,AGL,CE,Tower without Radar,0,2,9,0,11,0,0,19,0,19,0,2,28,0,30,30,0,30,60
11/19/2007,LAF,IN,AGL,CE,Tower without Radar,0,0,28,0,28,0,0,27,0,27,0,0,55,0,55,52,0,52,107
11/20/2007,LAF,IN,AGL,CE,Tower without Radar,0,5,20,0,25,0,0,9,0,9,0,5,29,0,34,24,0,24,58
11/21/2007,LAF,IN,AGL,CE,Tower without Radar,0,0,0,0,0,0,0,8,0,8,0,0,8,0,8,0,0,0,8
11/22/2007,LAF,IN,AGL,CE,Tower without Radar,0,0,5,0,5,0,0,3,0,3,0,0,8,0,8,0,0,0,8
11/23/2007,LAF,IN,AGL,CE,Tower without Radar,0,0,8,0,8,0,0,41,0,41,0,0,49,0,49,28,0,28,77
11/24/2007,LAF,IN,AGL,CE,Tower without Radar,0,0,5,0,5,0,0,19,0,19,0,0,24,0,24,8,0,8,32
11/25/2007,LAF,IN,AGL,CE,Tower without Radar,0,0,9,0,9,0,0,30,0,30,0,0,39,0,39,56,0,56,95
11/26/2007,LAF,IN,AGL,CE,Tower without Radar,0,2,10,0,12,0,0,0,0,0,0,2,10,0,12,0,0,0,12
11/27/2007,LAF,IN,AGL,CE,Tower without Radar,0,2,38,0,40,0,0,171,0,171,0,2,209,0,211,378,0,378,589
11/28/2007,LAF,IN,AGL,CE,Tower without Radar,0,3,33,0,36,0,0,96,0,96,0,3,129,0,132,266,0,266,398
11/29/2007,LAF,IN,AGL,CE,Tower without Radar,0,8,16,0,24,0,0,129,0,129,0,8,145,0,153,396,0,396,549
11/30/2007,LAF,IN,AGL,CE,Tower without Radar,1,3,12,0,16,0,0,167,0,167,1,3,179,0,183,392,0,392,575
12/01/2007,LAF,IN,AGL,CE,Tower without Radar,0,2,3,0,5,0,0,79,0,79,0,2,82,0,84,198,0,198,282
12/02/2007,LAF,IN,AGL,CE,Tower without Radar,0,3,7,0,10,0,0,0,0,0,0,3,7,0,10,0,0,0,10
12/03/2007,LAF,IN,AGL,CE,Tower without Radar,0,2,14,0,16,0,2,77,0,79,0,4,91,0,95,246,0,246,341
12/04/2007,LAF,IN,AGL,CE,Tower without Radar,0,2,12,0,14,0,0,124,0,124,0,2,136,0,138,432,0,432,570
12/05/2007,LAF,IN,AGL,CE,Tower without Radar,0,0,5,0,5,0,0,19,0,19,0,0,24,0,24,66,0,66,90
12/06/2007,LAF,IN,AGL,CE,Tower without Radar,0,0,16,0,16,0,0,150,0,150,0,0,166,0,166,373,0,373,539
12/07/2007,LAF,IN,AGL,CE,Tower without Radar,0,4,20,0,24,0,0,2,0,2,0,4,22,0,26,6,0,6,32
12/08/2007,LAF,IN,AGL,CE,Tower without Radar,0,2,6,0,8,0,0,91,0,91,0,2,97,0,99,176,0,176,275
12/09/2007,LAF,IN,AGL,CE,Tower without Radar,0,0,5,0,5,0,0,0,0,0,0,0,5,0,5,0,0,0,5
12/10/2007,LAF,IN,AGL,CE,Tower without Radar,0,2,10,0,12,0,0,0,0,0,0,2,10,0,12,0,0,0,12
12/11/2007,LAF,IN,AGL,CE,Tower without Radar,0,2,7,0,9,0,0,0,0,0,0,2,7,0,9,0,0,0,9
12/12/2007,LAF,IN,AGL,CE,Tower without Radar,0,2,17,0,19,0,0,95,0,95,0,2,112,0,114,266,0,266,380
12/13/2007,LAF,IN,AGL,CE,Tower without Radar,0,4,12,0,16,0,0,0,0,0,0,4,12,0,16,0,0,0,16
12/14/2007,LAF,IN,AGL,CE,Tower without Radar,0,0,24,0,24,0,0,129,0,129,0,0,153,0,153,370,0,370,523
12/15/2007,LAF,IN,AGL,CE,Tower without Radar,0,1,7,0,8,0,0,2,0,2,0,1,9,0,10,2,0,2,12
12/16/2007,LAF,IN,AGL,CE,Tower without Radar,0,4,5,0,9,0,0,4,0,4,0,4,9,0,13,2,0,2,15
12/17/2007,LAF,IN,AGL,CE,Tower without Radar,0,6,15,2,23,0,0,0,0,0,0,6,15,2,23,0,0,0,23
12/18/2007,LAF,IN,AGL,CE,Tower without Radar,0,0,31,0,31,0,2,94,0,96,0,2,125,0,127,210,0,210,337
12/19/2007,LAF,IN,AGL,CE,Tower without Radar,0,0,15,0,15,0,0,66,0,66,0,0,81,0,81,158,0,158,239
12/20/2007,LAF,IN,AGL,CE,Tower without Radar,0,1,8,0,9,0,0,37,1,38,0,1,45,1,47,144,0,144,191
12/21/2007,LAF,IN,AGL,CE,Tower without Radar,0,0,4,0,4,0,0,0,0,0,0,0,4,0,4,0,0,0,4
12/22/2007,LAF,IN,AGL,CE,Tower without Radar,0,1,9,0,10,0,0,3,0,3,0,1,12,0,13,0,0,0,13
12/23/2007,LAF,IN,AGL,CE,Tower without Radar,0,0,0,0,0,0,0,0,0,0,0,0,0,0,0,0,0,0,0
12/24/2007,LAF,IN,AGL,CE,Tower without Radar,0,0,2,0,2,0,0,15,0,15,0,0,17,0,17,15,0,15,32
12/25/2007,LAF,IN,AGL,CE,Tower without Radar,0,0,3,0,3,0,0,13,0,13,0,0,16,0,16,4,0,4,20
12/26/2007,LAF,IN,AGL,CE,Tower without Radar,0,3,10,0,13,0,0,19,0,19,0,3,29,0,32,20,0,20,52
12/27/2007,LAF,IN,AGL,CE,Tower without Radar,0,1,5,0,6,0,0,0,0,0,0,1,5,0,6,0,0,0,6
12/28/2007,LAF,IN,AGL,CE,Tower without Radar,0,2,5,0,7,0,0,0,0,0,0,2,5,0,7,0,0,0,7
12/29/2007,LAF,IN,AGL,CE,Tower without Radar,0,0,9,0,9,0,0,6,0,6,0,0,15,0,15,0,0,0,15
12/30/2007,LAF,IN,AGL,CE,Tower without Radar,0,2,4,0,6,0,0,23,0,23,0,2,27,0,29,62,0,62,91
12/31/2007,LAF,IN,AGL,CE,Tower without Radar,0,2,5,0,7,0,0,29,0,29,0,2,34,0,36,32,0,32,68
01/01/2008,LAF,IN,AGL,CE,Tower without Radar,0,4,1,0,5,0,0,0,0,0,0,4,1,0,5,0,0,0,5
01/02/2008,LAF,IN,AGL,CE,Tower without Radar,0,0,14,0,14,0,0,20,0,20,0,0,34,0,34,0,0,0,34
01/03/2008,LAF,IN,AGL,CE,Tower without Radar,0,0,5,0,5,0,0,36,0,36,0,0,41,0,41,62,0,62,103
01/04/2008,LAF,IN,AGL,CE,Tower without Radar,1,1,16,0,18,0,1,36,0,37,1,2,52,0,55,6,0,6,61
01/05/2008,LAF,IN,AGL,CE,Tower without Radar,0,0,1,0,1,0,0,0,0,0,0,0,1,0,1,0,0,0,1
01/06/2008,LAF,IN,AGL,CE,Tower without Radar,2,2,14,0,18,0,3,3,0,6,2,5,17,0,24,0,0,0,24
01/07/2008,LAF,IN,AGL,CE,Tower without Radar,2,2,4,0,8,0,1,15,0,16,2,3,19,0,24,6,0,6,30
01/08/2008,LAF,IN,AGL,CE,Tower without Radar,0,4,6,0,10,0,0,2,0,2,0,4,8,0,12,6,0,6,18
01/09/2008,LAF,IN,AGL,CE,Tower without Radar,1,0,8,0,9,0,0,154,0,154,1,0,162,0,163,402,0,402,565
01/10/2008,LAF,IN,AGL,CE,Tower without Radar,0,0,9,0,9,0,0,126,0,126,0,0,135,0,135,280,0,280,415
01/11/2008,LAF,IN,AGL,CE,Tower without Radar,1,0,9,0,10,0,0,8,0,8,1,0,17,0,18,34,0,34,52
01/12/2008,LAF,IN,AGL,CE,Tower without Radar,2,2,23,0,27,0,0,188,0,188,2,2,211,0,215,412,0,412,627
01/13/2008,LAF,IN,AGL,CE,Tower without Radar,0,6,4,0,10,0,0,0,0,0,0,6,4,0,10,0,0,0,10
01/14/2008,LAF,IN,AGL,CE,Tower without Radar,0,4,7,0,11,0,0,47,0,47,0,4,54,0,58,152,0,152,210
01/15/2008,LAF,IN,AGL,CE,Tower without Radar,1,2,24,0,27,0,0,147,0,147,1,2,171,0,174,314,0,314,488
01/16/2008,LAF,IN,AGL,CE,Tower without Radar,0,2,46,0,48,0,2,231,0,233,0,4,277,0,281,542,0,542,823
01/17/2008,LAF,IN,AGL,CE,Tower without Radar,0,1,5,0,6,0,0,0,0,0,0,1,5,0,6,0,0,0,6
01/18/2008,LAF,IN,AGL,CE,Tower without Radar,0,3,31,0,34,0,0,202,0,202,0,3,233,0,236,474,0,474,710
01/19/2008,LAF,IN,AGL,CE,Tower without Radar,0,0,20,0,20,0,0,175,0,175,0,0,195,0,195,374,0,374,569
01/20/2008,LAF,IN,AGL,CE,Tower without Radar,0,0,13,0,13,0,1,58,0,59,0,1,71,0,72,164,0,164,236
01/21/2008,LAF,IN,AGL,CE,Tower without Radar,0,0,15,0,15,0,3,62,0,65,0,3,77,0,80,126,0,126,206
01/22/2008,LAF,IN,AGL,CE,Tower without Radar,0,2,11,0,13,0,0,85,0,85,0,2,96,0,98,196,0,196,294
01/23/2008,LAF,IN,AGL,CE,Tower without Radar,0,3,30,0,33,0,0,219,0,219,0,3,249,0,252,460,2,462,714
01/24/2008,LAF,IN,AGL,CE,Tower without Radar,0,3,31,0,34,0,0,160,0,160,0,3,191,0,194,308,0,308,502
01/25/2008,LAF,IN,AGL,CE,Tower without Radar,0,3,36,0,39,0,0,167,0,167,0,3,203,0,206,314,0,314,520
01/26/2008,LAF,IN,AGL,CE,Tower without Radar,0,0,13,0,13,0,0,62,0,62,0,0,75,0,75,368,0,368,443
01/27/2008,LAF,IN,AGL,CE,Tower without Radar,0,2,21,0,23,0,0,171,0,171,0,2,192,0,194,248,0,248,442
01/28/2008,LAF,IN,AGL,CE,Tower without Radar,0,0,37,0,37,0,2,149,0,151,0,2,186,0,188,266,0,266,454
01/29/2008,LAF,IN,AGL,CE,Tower without Radar,0,1,8,0,9,0,0,9,0,9,0,1,17,0,18,60,0,60,78
01/30/2008,LAF,IN,AGL,CE,Tower without Radar,2,0,34,0,36,0,1,161,0,162,2,1,195,0,198,392,0,392,590
01/31/2008,LAF,IN,AGL,CE,Tower without Radar,0,0,40,0,40,0,0,139,0,139,0,0,179,0,179,234,0,234,413
02/01/2008,LAF,IN,AGL,CE,Tower without Radar,0,0,0,0,0,0,0,1,0,1,0,0,1,0,1,0,0,0,1
02/02/2008,LAF,IN,AGL,CE,Tower without Radar,0,0,18,0,18,0,0,74,0,74,0,0,92,0,92,182,0,182,274
02/03/2008,LAF,IN,AGL,CE,Tower without Radar,0,0,4,0,4,0,0,4,0,4,0,0,8,0,8,0,0,0,8
02/04/2008,LAF,IN,AGL,CE,Tower without Radar,0,0,0,0,0,0,0,0,0,0,0,0,0,0,0,0,0,0,0
02/05/2008,LAF,IN,AGL,CE,Tower without Radar,0,0,9,0,9,0,0,8,0,8,0,0,17,0,17,0,0,0,17
02/06/2008,LAF,IN,AGL,CE,Tower without Radar,0,6,14,0,20,0,0,1,0,1,0,6,15,0,21,0,0,0,21
02/07/2008,LAF,IN,AGL,CE,Tower without Radar,0,0,22,0,22,0,0,39,0,39,0,0,61,0,61,120,0,120,181
02/08/2008,LAF,IN,AGL,CE,Tower without Radar,0,2,72,0,74,0,0,181,0,181,0,2,253,0,255,332,0,332,587
02/09/2008,LAF,IN,AGL,CE,Tower without Radar,0,0,11,0,11,0,0,87,0,87,0,0,98,0,98,432,0,432,530
02/10/2008,LAF,IN,AGL,CE,Tower without Radar,1,0,2,0,3,0,0,14,0,14,1,0,16,0,17,18,0,18,35
02/11/2008,LAF,IN,AGL,CE,Tower without Radar,1,2,54,0,57,0,2,137,0,139,1,4,191,0,196,400,0,400,596
02/12/2008,LAF,IN,AGL,CE,Tower without Radar,0,2,8,0,10,0,0,0,0,0,0,2,8,0,10,0,0,0,10
02/13/2008,LAF,IN,AGL,CE,Tower without Radar,0,2,48,0,50,0,0,171,0,171,0,2,219,0,221,530,0,530,751
02/14/2008,LAF,IN,AGL,CE,Tower without Radar,0,2,43,0,45,0,2,111,1,114,0,4,154,1,159,400,0,400,559
02/15/2008,LAF,IN,AGL,CE,Tower without Radar,0,0,41,0,41,0,1,146,0,147,0,1,187,0,188,384,0,384,572
02/16/2008,LAF,IN,AGL,CE,Tower without Radar,1,0,44,0,45,0,0,195,0,195,1,0,239,0,240,464,0,464,704
02/17/2008,LAF,IN,AGL,CE,Tower without Radar,1,0,2,0,3,0,0,0,0,0,1,0,2,0,3,0,0,0,3
02/18/2008,LAF,IN,AGL,CE,Tower without Radar,0,0,12,0,12,0,2,9,2,13,0,2,21,2,25,24,0,24,49
02/19/2008,LAF,IN,AGL,CE,Tower without Radar,0,1,51,0,52,0,0,98,0,98,0,1,149,0,150,350,0,350,500
02/20/2008,LAF,IN,AGL,CE,Tower without Radar,0,2,35,0,37,0,0,69,0,69,0,2,104,0,106,310,0,310,416
02/21/2008,LAF,IN,AGL,CE,Tower without Radar,0,0,37,0,37,0,0,92,0,92,0,0,129,0,129,228,0,228,357
02/22/2008,LAF,IN,AGL,CE,Tower without Radar,0,0,4,0,4,0,0,0,0,0,0,0,4,0,4,0,0,0,4
02/23/2008,LAF,IN,AGL,CE,Tower without Radar,0,2,52,0,54,0,0,150,0,150,0,2,202,0,204,434,0,434,638
02/24/2008,LAF,IN,AGL,CE,Tower without Radar,1,2,46,0,49,0,0,100,0,100,1,2,146,0,149,214,0,214,363
02/25/2008,LAF,IN,AGL,CE,Tower without Radar,0,2,14,0,16,0,0,0,0,0,0,2,14,0,16,0,0,0,16
02/26/2008,LAF,IN,AGL,CE,Tower without Radar,2,2,14,0,18,0,0,0,0,0,2,2,14,0,18,0,0,0,18
02/27/2008,LAF,IN,AGL,CE,Tower without Radar,0,1,68,0,69,0,0,145,0,145,0,1,213,0,214,440,0,440,654
02/28/2008,LAF,IN,AGL,CE,Tower without Radar,0,3,90,0,93,0,0,228,0,228,0,3,318,0,321,629,0,629,950
02/29/2008,LAF,IN,AGL,CE,Tower without Radar,0,3,26,0,29,0,0,54,0,54,0,3,80,0,83,110,0,110,193
03/01/2008,LAF,IN,AGL,CE,Tower without Radar,0,1,44,0,45,0,0,175,0,175,0,1,219,0,220,606,0,606,826
03/02/2008,LAF,IN,AGL,CE,Tower without Radar,0,2,18,0,20,0,0,95,0,95,0,2,113,0,115,324,0,324,439
03/03/2008,LAF,IN,AGL,CE,Tower without Radar,1,3,10,0,14,0,0,1,0,1,1,3,11,0,15,8,0,8,23
03/04/2008,LAF,IN,AGL,CE,Tower without Radar,0,0,8,0,8,0,0,7,0,7,0,0,15,0,15,12,0,12,27
03/05/2008,LAF,IN,AGL,CE,Tower without Radar,0,0,48,0,48,0,0,177,0,177,0,0,225,0,225,602,1,603,828
03/06/2008,LAF,IN,AGL,CE,Tower without Radar,0,1,12,2,15,0,1,60,1,62,0,2,72,3,77,328,2,330,407
03/07/2008,LAF,IN,AGL,CE,Tower without Radar,0,0,22,0,22,0,0,61,0,61,0,0,83,0,83,148,0,148,231
03/08/2008,LAF,IN,AGL,CE,Tower without Radar,0,2,7,0,9,0,0,32,0,32,0,2,39,0,41,36,0,36,77
03/09/2008,LAF,IN,AGL,CE,Tower without Radar,0,3,1,0,4,0,0,91,0,91,0,3,92,0,95,116,0,116,211
03/10/2008,LAF,IN,AGL,CE,Tower without Radar,0,1,14,0,15,0,0,30,0,30,0,1,44,0,45,94,0,94,139
03/11/2008,LAF,IN,AGL,CE,Tower without Radar,0,0,16,0,16,0,0,61,0,61,0,0,77,0,77,182,0,182,259
03/12/2008,LAF,IN,AGL,CE,Tower without Radar,0,2,7,0,9,0,3,52,0,55,0,5,59,0,64,78,0,78,142
03/13/2008,LAF,IN,AGL,CE,Tower without Radar,0,0,29,0,29,0,0,44,0,44,0,0,73,0,73,97,0,97,170
03/14/2008,LAF,IN,AGL,CE,Tower without Radar,0,0,14,0,14,0,1,41,0,42,0,1,55,0,56,22,0,22,78
03/15/2008,LAF,IN,AGL,CE,Tower without Radar,0,0,8,0,8,0,0,12,0,12,0,0,20,0,20,0,0,0,20
03/16/2008,LAF,IN,AGL,CE,Tower without Radar,0,0,37,0,37,0,1,68,2,71,0,1,105,2,108,48,0,48,156
03/17/2008,LAF,IN,AGL,CE,Tower without Radar,0,0,36,0,36,0,0,90,0,90,0,0,126,0,126,176,0,176,302
03/18/2008,LAF,IN,AGL,CE,Tower without Radar,3,0,30,2,35,0,0,9,0,9,3,0,39,2,44,36,0,36,80
03/19/2008,LAF,IN,AGL,CE,Tower without Radar,0,1,18,2,21,0,0,19,0,19,0,1,37,2,40,34,0,34,74
03/20/2008,LAF,IN,AGL,CE,Tower without Radar,1,3,89,0,93,0,0,242,0,242,1,3,331,0,335,410,0,410,745
03/21/2008,LAF,IN,AGL,CE,Tower without Radar,7,0,41,0,48,0,0,99,0,99,7,0,140,0,147,182,0,182,329
03/22/2008,LAF,IN,AGL,CE,Tower without Radar,0,0,6,0,6,0,1,23,0,24,0,1,29,0,30,134,0,134,164
03/23/2008,LAF,IN,AGL,CE,Tower without Radar,0,2,16,0,18,0,0,56,0,56,0,2,72,0,74,104,0,104,178
03/24/2008,LAF,IN,AGL,CE,Tower without Radar,3,2,57,0,62,0,0,163,0,163,3,2,220,0,225,316,0,316,541
03/25/2008,LAF,IN,AGL,CE,Tower without Radar,1,1,31,0,33,0,0,31,0,31,1,1,62,0,64,36,0,36,100
03/26/2008,LAF,IN,AGL,CE,Tower without Radar,2,1,73,0,76,0,0,214,0,214,2,1,287,0,290,416,0,416,706
03/27/2008,LAF,IN,AGL,CE,Tower without Radar,0,0,30,0,30,0,0,75,0,75,0,0,105,0,105,210,0,210,315
03/28/2008,LAF,IN,AGL,CE,Tower without Radar,0,0,36,0,36,0,1,147,0,148,0,1,183,0,184,352,0,352,536
03/29/2008,LAF,IN,AGL,CE,Tower without Radar,0,0,32,0,32,0,0,174,0,174,0,0,206,0,206,216,0,216,422
03/30/2008,LAF,IN,AGL,CE,Tower without Radar,0,2,10,0,12,0,2,4,0,6,0,4,14,0,18,6,0,6,24
03/31/2008,LAF,IN,AGL,CE,Tower without Radar,0,0,15,1,16,0,0,4,0,4,0,0,19,1,20,4,0,4,24
04/01/2008,LAF,IN,AGL,CE,Tower without Radar,0,2,20,0,22,0,0,30,0,30,0,2,50,0,52,70,0,70,122
04/02/2008,LAF,IN,AGL,CE,Tower without Radar,0,0,46,0,46,0,2,220,0,222,0,2,266,0,268,378,0,378,646
04/03/2008,LAF,IN,AGL,CE,Tower without Radar,0,0,66,0,66,0,1,199,0,200,0,1,265,0,266,478,0,478,744
04/04/2008,LAF,IN,AGL,CE,Tower without Radar,0,0,9,0,9,0,0,1,0,1,0,0,10,0,10,0,0,0,10
04/05/2008,LAF,IN,AGL,CE,Tower without Radar,0,1,37,0,38,0,0,207,0,207,0,1,244,0,245,404,0,404,649
04/06/2008,LAF,IN,AGL,CE,Tower without Radar,0,0,42,0,42,0,0,179,0,179,0,0,221,0,221,192,0,192,413
04/07/2008,LAF,IN,AGL,CE,Tower without Radar,0,6,62,2,70,0,0,179,0,179,0,6,241,2,249,360,3,363,612
04/08/2008,LAF,IN,AGL,CE,Tower without Radar,0,3,75,0,78,0,0,194,0,194,0,3,269,0,272,244,0,244,516
04/09/2008,LAF,IN,AGL,CE,Tower without Radar,0,1,40,2,43,0,0,68,1,69,0,1,108,3,112,302,4,306,418
04/10/2008,LAF,IN,AGL,CE,Tower without Radar,0,2,39,2,43,0,0,27,0,27,0,2,66,2,70,48,0,48,118
04/11/2008,LAF,IN,AGL,CE,Tower without Radar,0,10,22,0,32,0,0,30,0,30,0,10,52,0,62,72,0,72,134
04/12/2008,LAF,IN,AGL,CE,Tower without Radar,0,0,9,0,9,0,0,5,0,5,0,0,14,0,14,0,0,0,14
04/13/2008,LAF,IN,AGL,CE,Tower without Radar,2,3,6,0,11,0,0,13,0,13,2,3,19,0,24,50,0,50,74
04/14/2008,LAF,IN,AGL,CE,Tower without Radar,0,1,64,0,65,0,0,220,0,220,0,1,284,0,285,326,0,326,611
04/15/2008,LAF,IN,AGL,CE,Tower without Radar,0,2,61,0,63,0,0,271,0,271,0,2,332,0,334,536,0,536,870
04/16/2008,LAF,IN,AGL,CE,Tower without Radar,0,0,39,0,39,0,0,111,0,111,0,0,150,0,150,152,0,152,302
04/17/2008,LAF,IN,AGL,CE,Tower without Radar,0,0,41,1,42,0,0,179,2,181,0,0,220,3,223,398,2,400,623
04/18/2008,LAF,IN,AGL,CE,Tower without Radar,0,2,34,0,36,0,0,150,0,150,0,2,184,0,186,270,0,270,456
04/19/2008,LAF,IN,AGL,CE,Tower without Radar,0,2,32,0,34,0,0,31,2,33,0,2,63,2,67,162,0,162,229
04/20/2008,LAF,IN,AGL,CE,Tower without Radar,0,2,33,5,40,0,1,42,0,43,0,3,75,5,83,78,0,78,161
04/21/2008,LAF,IN,AGL,CE,Tower without Radar,0,2,43,0,45,0,2,213,0,215,0,4,256,0,260,392,0,392,652
04/22/2008,LAF,IN,AGL,CE,Tower without Radar,0,0,55,0,55,0,0,244,0,244,0,0,299,0,299,580,0,580,879
04/23/2008,LAF,IN,AGL,CE,Tower without Radar,0,0,42,0,42,0,0,210,0,210,0,0,252,0,252,474,0,474,726
04/24/2008,LAF,IN,AGL,CE,Tower without Radar,0,2,34,0,36,0,0,76,0,76,0,2,110,0,112,208,0,208,320
04/25/2008,LAF,IN,AGL,CE,Tower without Radar,0,0,17,0,17,0,0,89,0,89,0,0,106,0,106,206,0,206,312
04/26/2008,LAF,IN,AGL,CE,Tower without Radar,0,0,19,0,19,0,0,127,0,127,0,0,146,0,146,418,0,418,564
04/27/2008,LAF,IN,AGL,CE,Tower without Radar,0,0,20,0,20,0,3,146,0,149,0,3,166,0,169,282,0,282,451
04/28/2008,LAF,IN,AGL,CE,Tower without Radar,0,0,15,0,15,0,0,43,0,43,0,0,58,0,58,114,0,114,172
04/29/2008,LAF,IN,AGL,CE,Tower without Radar,0,2,28,0,30,0,0,178,0,178,0,2,206,0,208,458,0,458,666
04/30/2008,LAF,IN,AGL,CE,Tower without Radar,2,0,23,0,25,0,0,150,0,150,2,0,173,0,175,404,0,404,579
05/01/2008,LAF,IN,AGL,CE,Tower without Radar,0,2,39,0,41,0,0,95,0,95,0,2,134,0,136,204,0,204,340
05/02/2008,LAF,IN,AGL,CE,Tower without Radar,0,0,14,0,14,0,0,13,0,13,0,0,27,0,27,22,0,22,49
05/03/2008,LAF,IN,AGL,CE,Tower without Radar,0,2,10,0,12,0,0,38,0,38,0,2,48,0,50,56,0,56,106
05/04/2008,LAF,IN,AGL,CE,Tower without Radar,0,1,10,0,11,0,0,109,0,109,0,1,119,0,120,226,0,226,346
05/05/2008,LAF,IN,AGL,CE,Tower without Radar,0,0,28,0,28,0,2,149,0,151,0,2,177,0,179,318,0,318,497
05/06/2008,LAF,IN,AGL,CE,Tower without Radar,0,2,28,0,30,0,3,127,0,130,0,5,155,0,160,266,0,266,426
05/07/2008,LAF,IN,AGL,CE,Tower without Radar,0,4,21,0,25,0,0,31,0,31,0,4,52,0,56,166,0,166,222
05/08/2008,LAF,IN,AGL,CE,Tower without Radar,0,0,13,0,13,0,0,4,0,4,0,0,17,0,17,12,0,12,29
05/09/2008,LAF,IN,AGL,CE,Tower without Radar,0,2,23,0,25,0,0,47,0,47,0,2,70,0,72,160,0,160,232
05/10/2008,LAF,IN,AGL,CE,Tower without Radar,0,0,16,0,16,0,3,67,0,70,0,3,83,0,86,34,0,34,120
05/11/2008,LAF,IN,AGL,CE,Tower without Radar,0,3,3,0,6,0,0,0,0,0,0,3,3,0,6,0,0,0,6
05/12/2008,LAF,IN,AGL,CE,Tower without Radar,0,0,0,0,0,0,94,0,0,94,0,94,0,0,94,128,0,128,222
05/13/2008,LAF,IN,AGL,CE,Tower without Radar,0,0,0,0,0,0,75,0,0,75,0,75,0,0,75,48,0,48,123
05/14/2008,LAF,IN,AGL,CE,Tower without Radar,0,2,24,0,26,0,0,0,0,0,0,2,24,0,26,6,0,6,32
05/15/2008,LAF,IN,AGL,CE,Tower without Radar,0,2,18,0,20,0,0,21,0,21,0,2,39,0,41,46,0,46,87
05/16/2008,LAF,IN,AGL,CE,Tower without Radar,0,3,18,0,21,0,1,58,0,59,0,4,76,0,80,126,0,126,206
05/17/2008,LAF,IN,AGL,CE,Tower without Radar,0,0,13,0,13,0,0,41,0,41,0,0,54,0,54,60,0,60,114
05/18/2008,LAF,IN,AGL,CE,Tower without Radar,0,0,7,0,7,0,0,37,2,39,0,0,44,2,46,40,0,40,86
05/19/2008,LAF,IN,AGL,CE,Tower without Radar,0,1,16,0,17,0,3,52,0,55,0,4,68,0,72,222,0,222,294
05/20/2008,LAF,IN,AGL,CE,Tower without Radar,0,0,5,0,5,0,0,41,0,41,0,0,46,0,46,128,0,128,174
05/21/2008,LAF,IN,AGL,CE,Tower without Radar,0,0,20,0,20,0,0,59,0,59,0,0,79,0,79,86,0,86,165
05/22/2008,LAF,IN,AGL,CE,Tower without Radar,0,0,11,0,11,0,0,71,0,71,0,0,82,0,82,90,0,90,172
05/23/2008,LAF,IN,AGL,CE,Tower without Radar,0,0,12,0,12,0,0,5,0,5,0,0,17,0,17,12,0,12,29
05/24/2008,LAF,IN,AGL,CE,Tower without Radar,0,1,12,0,13,0,0,75,0,75,0,1,87,0,88,82,0,82,170
05/25/2008,LAF,IN,AGL,CE,Tower without Radar,0,1,15,0,16,0,0,38,0,38,0,1,53,0,54,46,0,46,100
05/26/2008,LAF,IN,AGL,CE,Tower without Radar,0,0,12,0,12,0,0,25,0,25,0,0,37,0,37,22,0,22,59
05/27/2008,LAF,IN,AGL,CE,Tower without Radar,0,0,16,0,16,0,0,9,0,9,0,0,25,0,25,6,0,6,31
05/28/2008,LAF,IN,AGL,CE,Tower without Radar,0,1,21,0,22,0,0,82,0,82,0,1,103,0,104,140,0,140,244
05/29/2008,LAF,IN,AGL,CE,Tower without Radar,0,2,14,0,16,0,0,61,0,61,0,2,75,0,77,108,0,108,185
05/30/2008,LAF,IN,AGL,CE,Tower without Radar,0,0,6,0,6,0,0,15,0,15,0,0,21,0,21,14,0,14,35
05/31/2008,LAF,IN,AGL,CE,Tower without Radar,0,5,19,0,24,0,0,20,0,20,0,5,39,0,44,26,0,26,70
06/01/2008,LAF,IN,AGL,CE,Tower without Radar,0,1,7,0,8,0,0,45,0,45,0,1,52,0,53,50,0,50,103
06/02/2008,LAF,IN,AGL,CE,Tower without Radar,0,0,18,0,18,0,1,60,0,61,0,1,78,0,79,52,0,52,131
06/03/2008,LAF,IN,AGL,CE,Tower without Radar,0,0,4,0,4,0,0,11,0,11,0,0,15,0,15,14,0,14,29
06/04/2008,LAF,IN,AGL,CE,Tower without Radar,0,1,19,0,20,0,0,50,0,50,0,1,69,0,70,148,0,148,218
06/05/2008,LAF,IN,AGL,CE,Tower without Radar,0,2,14,4,20,0,0,40,0,40,0,2,54,4,60,44,0,44,104
06/06/2008,LAF,IN,AGL,CE,Tower without Radar,0,0,11,0,11,0,0,0,0,0,0,0,11,0,11,16,0,16,27
06/07/2008,LAF,IN,AGL,CE,Tower without Radar,0,2,2,4,8,0,0,8,0,8,0,2,10,4,16,0,0,0,16
06/08/2008,LAF,IN,AGL,CE,Tower without Radar,0,1,0,0,1,0,1,0,0,1,0,2,0,0,2,34,0,34,36
06/09/2008,LAF,IN,AGL,CE,Tower without Radar,0,0,8,0,8,0,3,42,0,45,0,3,50,0,53,90,0,90,143
06/10/2008,LAF,IN,AGL,CE,Tower without Radar,0,0,17,0,17,0,0,97,0,97,0,0,114,0,114,174,0,174,288
06/11/2008,LAF,IN,AGL,CE,Tower without Radar,0,0,28,0,28,0,0,140,0,140,0,0,168,0,168,310,0,310,478
06/12/2008,LAF,IN,AGL,CE,Tower without Radar,0,0,17,0,17,0,1,141,0,142,0,1,158,0,159,180,0,180,339
06/13/2008,LAF,IN,AGL,CE,Tower without Radar,0,5,17,0,22,0,0,35,0,35,0,5,52,0,57,64,0,64,121
06/14/2008,LAF,IN,AGL,CE,Tower without Radar,0,0,16,0,16,0,0,68,0,68,0,0,84,0,84,72,0,72,156
06/15/2008,LAF,IN,AGL,CE,Tower without Radar,0,1,11,0,12,0,1,44,0,45,0,2,55,0,57,56,0,56,113
06/16/2008,LAF,IN,AGL,CE,Tower without Radar,0,0,31,0,31,0,1,140,0,141,0,1,171,0,172,180,0,180,352
06/17/2008,LAF,IN,AGL,CE,Tower without Radar,0,0,25,0,25,0,0,116,0,116,0,0,141,0,141,150,0,150,291
06/18/2008,LAF,IN,AGL,CE,Tower without Radar,0,1,32,0,33,0,1,114,0,115,0,2,146,0,148,158,0,158,306
06/19/2008,LAF,IN,AGL,CE,Tower without Radar,0,0,40,0,40,0,0,164,0,164,0,0,204,0,204,392,0,392,596
06/20/2008,LAF,IN,AGL,CE,Tower without Radar,0,0,28,0,28,0,0,130,2,132,0,0,158,2,160,246,0,246,406
06/21/2008,LAF,IN,AGL,CE,Tower without Radar,0,1,7,0,8,0,0,41,0,41,0,1,48,0,49,60,0,60,109
06/22/2008,LAF,IN,AGL,CE,Tower without Radar,0,2,26,0,28,0,0,35,0,35,0,2,61,0,63,68,0,68,131
06/23/2008,LAF,IN,AGL,CE,Tower without Radar,0,0,42,0,42,0,0,112,0,112,0,0,154,0,154,264,0,264,418
06/24/2008,LAF,IN,AGL,CE,Tower without Radar,0,0,20,0,20,0,0,137,0,137,0,0,157,0,157,398,0,398,555
06/25/2008,LAF,IN,AGL,CE,Tower without Radar,0,1,28,0,29,0,0,74,0,74,0,1,102,0,103,104,0,104,207
06/26/2008,LAF,IN,AGL,CE,Tower without Radar,0,0,26,0,26,0,0,69,0,69,0,0,95,0,95,144,0,144,239
06/27/2008,LAF,IN,AGL,CE,Tower without Radar,0,2,21,0,23,0,0,85,0,85,0,2,106,0,108,238,0,238,346
06/28/2008,LAF,IN,AGL,CE,Tower without Radar,0,0,5,0,5,0,0,25,0,25,0,0,30,0,30,74,0,74,104
06/29/2008,LAF,IN,AGL,CE,Tower without Radar,0,0,10,0,10,0,0,38,0,38,0,0,48,0,48,42,0,42,90
06/30/2008,LAF,IN,AGL,CE,Tower without Radar,0,0,36,0,36,0,1,108,0,109,0,1,144,0,145,158,0,158,303
07/01/2008,LAF,IN,AGL,CE,Tower without Radar,0,0,43,0,43,0,0,202,0,202,0,0,245,0,245,320,0,320,565
07/02/2008,LAF,IN,AGL,CE,Tower without Radar,0,0,30,0,30,0,0,97,0,97,0,0,127,0,127,112,0,112,239
07/03/2008,LAF,IN,AGL,CE,Tower without Radar,0,0,22,0,22,0,0,44,0,44,0,0,66,0,66,65,0,65,131
07/04/2008,LAF,IN,AGL,CE,Tower without Radar,0,0,10,0,10,0,0,8,0,8,0,0,18,0,18,20,0,20,38
07/05/2008,LAF,IN,AGL,CE,Tower without Radar,0,0,4,0,4,0,0,49,0,49,0,0,53,0,53,48,0,48,101
07/06/2008,LAF,IN,AGL,CE,Tower without Radar,0,0,18,0,18,0,1,57,0,58,0,1,75,0,76,42,0,42,118
07/07/2008,LAF,IN,AGL,CE,Tower without Radar,0,0,23,0,23,0,0,35,0,35,0,0,58,0,58,66,0,66,124
07/08/2008,LAF,IN,AGL,CE,Tower without Radar,0,0,22,0,22,0,1,94,0,95,0,1,116,0,117,238,0,238,355
07/09/2008,LAF,IN,AGL,CE,Tower without Radar,0,0,21,0,21,0,0,109,0,109,0,0,130,0,130,254,0,254,384
07/10/2008,LAF,IN,AGL,CE,Tower without Radar,0,0,22,0,22,0,0,140,0,140,0,0,162,0,162,224,0,224,386
07/11/2008,LAF,IN,AGL,CE,Tower without Radar,0,2,18,1,21,0,2,84,0,86,0,4,102,1,107,128,0,128,235
07/12/2008,LAF,IN,AGL,CE,Tower without Radar,0,0,2,0,2,0,1,16,2,19,0,1,18,2,21,0,2,2,23
07/13/2008,LAF,IN,AGL,CE,Tower without Radar,0,1,17,1,19,0,1,49,0,50,0,2,66,1,69,70,0,70,139
07/14/2008,LAF,IN,AGL,CE,Tower without Radar,0,1,32,0,33,0,0,121,0,121,0,1,153,0,154,228,0,228,382
07/15/2008,LAF,IN,AGL,CE,Tower without Radar,0,4,37,0,41,0,2,125,0,127,0,6,162,0,168,204,0,204,372
07/16/2008,LAF,IN,AGL,CE,Tower without Radar,2,0,37,0,39,0,0,110,0,110,2,0,147,0,149,198,0,198,347
07/17/2008,LAF,IN,AGL,CE,Tower without Radar,0,1,24,0,25,0,0,132,0,132,0,1,156,0,157,238,0,238,395
07/18/2008,LAF,IN,AGL,CE,Tower without Radar,0,0,40,0,40,0,0,111,0,111,0,0,151,0,151,152,0,152,303
07/19/2008,LAF,IN,AGL,CE,Tower without Radar,0,0,14,0,14,0,0,14,0,14,0,0,28,0,28,14,0,14,42
07/20/2008,LAF,IN,AGL,CE,Tower without Radar,0,0,21,0,21,0,0,59,0,59,0,0,80,0,80,48,0,48,128
07/21/2008,LAF,IN,AGL,CE,Tower without Radar,0,0,12,0,12,0,0,54,0,54,0,0,66,0,66,70,0,70,136
07/22/2008,LAF,IN,AGL,CE,Tower without Radar,0,2,24,0,26,0,2,101,2,105,0,4,125,2,131,194,0,194,325
07/23/2008,LAF,IN,AGL,CE,Tower without Radar,0,0,30,0,30,0,0,107,0,107,0,0,137,0,137,162,0,162,299
07/24/2008,LAF,IN,AGL,CE,Tower without Radar,0,0,33,0,33,0,0,99,0,99,0,0,132,0,132,185,0,185,317
07/25/2008,LAF,IN,AGL,CE,Tower without Radar,0,0,15,0,15,0,0,58,0,58,0,0,73,0,73,151,0,151,224
07/26/2008,LAF,IN,AGL,CE,Tower without Radar,0,0,5,0,5,0,2,46,0,48,0,2,51,0,53,21,0,21,74
07/27/2008,LAF,IN,AGL,CE,Tower without Radar,0,0,22,0,22,0,0,59,0,59,0,0,81,0,81,116,0,116,197
07/28/2008,LAF,IN,AGL,CE,Tower without Radar,0,0,12,0,12,0,0,68,0,68,0,0,80,0,80,228,0,228,308
07/29/2008,LAF,IN,AGL,CE,Tower without Radar,0,0,9,0,9,0,0,57,0,57,0,0,66,0,66,98,0,98,164
07/30/2008,LAF,IN,AGL,CE,Tower without Radar,0,1,10,0,11,0,0,53,0,53,0,1,63,0,64,86,0,86,150
07/31/2008,LAF,IN,AGL,CE,Tower without Radar,0,5,22,0,27,0,1,29,0,30,0,6,51,0,57,50,0,50,107
08/01/2008,LAF,IN,AGL,CE,Tower without Radar,0,2,10,0,12,0,0,33,0,33,0,2,43,0,45,71,0,71,116
08/02/2008,LAF,IN,AGL,CE,Tower without Radar,0,0,11,0,11,0,0,66,0,66,0,0,77,0,77,58,0,58,135
08/03/2008,LAF,IN,AGL,CE,Tower without Radar,0,19,0,0,19,0,1,80,0,81,0,20,80,0,100,104,0,104,204
08/04/2008,LAF,IN,AGL,CE,Tower without Radar,0,0,17,0,17,0,0,49,0,49,0,0,66,0,66,30,0,30,96
08/05/2008,LAF,IN,AGL,CE,Tower without Radar,0,0,13,0,13,0,3,31,0,34,0,3,44,0,47,70,0,70,117
08/06/2008,LAF,IN,AGL,CE,Tower without Radar,0,1,13,0,14,0,0,66,0,66,0,1,79,0,80,54,0,54,134
08/07/2008,LAF,IN,AGL,CE,Tower without Radar,0,0,10,0,10,0,0,62,0,62,0,0,72,0,72,72,0,72,144
08/08/2008,LAF,IN,AGL,CE,Tower without Radar,0,0,17,0,17,0,1,58,0,59,0,1,75,0,76,36,0,36,112
08/09/2008,LAF,IN,AGL,CE,Tower without Radar,0,2,11,0,13,0,0,60,0,60,0,2,71,0,73,62,0,62,135
08/10/2008,LAF,IN,AGL,CE,Tower without Radar,0,2,3,0,5,0,0,39,0,39,0,2,42,0,44,42,0,42,86
08/11/2008,LAF,IN,AGL,CE,Tower without Radar,0,2,7,0,9,0,0,36,0,36,0,2,43,0,45,46,0,46,91
08/12/2008,LAF,IN,AGL,CE,Tower without Radar,0,0,11,0,11,0,0,69,0,69,0,0,80,0,80,106,0,106,186
08/13/2008,LAF,IN,AGL,CE,Tower without Radar,0,1,19,0,20,0,0,41,0,41,0,1,60,0,61,78,0,78,139
08/14/2008,LAF,IN,AGL,CE,Tower without Radar,0,2,15,0,17,0,0,25,0,25,0,2,40,0,42,46,0,46,88
08/15/2008,LAF,IN,AGL,CE,Tower without Radar,0,2,7,0,9,0,0,66,0,66,0,2,73,0,75,82,0,82,157
08/16/2008,LAF,IN,AGL,CE,Tower without Radar,0,2,10,0,12,0,1,63,0,64,0,3,73,0,76,72,0,72,148
08/17/2008,LAF,IN,AGL,CE,Tower without Radar,0,2,12,0,14,0,0,67,0,67,0,2,79,0,81,70,0,70,151
08/18/2008,LAF,IN,AGL,CE,Tower without Radar,0,2,16,0,18,0,0,76,0,76,0,2,92,0,94,108,0,108,202
08/19/2008,LAF,IN,AGL,CE,Tower without Radar,0,1,16,0,17,0,0,63,0,63,0,1,79,0,80,40,0,40,120
08/20/2008,LAF,IN,AGL,CE,Tower without Radar,0,1,15,0,16,0,2,69,0,71,0,3,84,0,87,62,0,62,149
08/21/2008,LAF,IN,AGL,CE,Tower without Radar,0,2,20,0,22,0,2,76,0,78,0,4,96,0,100,112,0,112,212
08/22/2008,LAF,IN,AGL,CE,Tower without Radar,0,0,7,0,7,0,1,22,0,23,0,1,29,0,30,26,0,26,56
08/23/2008,LAF,IN,AGL,CE,Tower without Radar,0,0,9,0,9,0,1,59,0,60,0,1,68,0,69,66,0,66,135
08/24/2008,LAF,IN,AGL,CE,Tower without Radar,0,0,15,0,15,0,1,73,0,74,0,1,88,0,89,94,0,94,183
08/25/2008,LAF,IN,AGL,CE,Tower without Radar,0,0,15,0,15,0,2,59,0,61,0,2,74,0,76,60,0,60,136
08/26/2008,LAF,IN,AGL,CE,Tower without Radar,0,0,24,0,24,0,0,79,0,79,0,0,103,0,103,80,0,80,183
08/27/2008,LAF,IN,AGL,CE,Tower without Radar,0,0,11,0,11,0,1,126,0,127,0,1,137,0,138,186,0,186,324
08/28/2008,LAF,IN,AGL,CE,Tower without Radar,0,2,43,0,45,0,1,109,0,110,0,3,152,0,155,222,0,222,377
08/29/2008,LAF,IN,AGL,CE,Tower without Radar,0,0,24,0,24,0,0,109,0,109,0,0,133,0,133,216,0,216,349
08/30/2008,LAF,IN,AGL,CE,Tower without Radar,0,0,19,0,19,0,0,209,0,209,0,0,228,0,228,266,0,266,494
08/31/2008,LAF,IN,AGL,CE,Tower without Radar,0,0,15,0,15,0,2,94,0,96,0,2,109,0,111,86,0,86,197
09/01/2008,LAF,IN,AGL,CE,Tower without Radar,0,0,22,0,22,0,1,77,0,78,0,1,99,0,100,70,0,70,170
09/02/2008,LAF,IN,AGL,CE,Tower without Radar,0,2,40,0,42,0,0,200,0,200,0,2,240,0,242,384,0,384,626
09/03/2008,LAF,IN,AGL,CE,Tower without Radar,0,0,25,0,25,0,0,102,0,102,0,0,127,0,127,192,0,192,319
09/04/2008,LAF,IN,AGL,CE,Tower without Radar,0,2,18,0,20,0,0,2,1,3,0,2,20,1,23,4,0,4,27
09/05/2008,LAF,IN,AGL,CE,Tower without Radar,0,3,20,0,23,0,0,29,0,29,0,3,49,0,52,78,0,78,130
09/06/2008,LAF,IN,AGL,CE,Tower without Radar,0,3,33,0,36,0,0,170,0,170,0,3,203,0,206,116,0,116,322
09/07/2008,LAF,IN,AGL,CE,Tower without Radar,0,0,18,0,18,0,1,114,0,115,0,1,132,0,133,122,0,122,255
09/08/2008,LAF,IN,AGL,CE,Tower without Radar,0,0,19,0,19,0,0,163,0,163,0,0,182,0,182,320,0,320,502
09/09/2008,LAF,IN,AGL,CE,Tower without Radar,0,0,45,0,45,0,0,183,0,183,0,0,228,0,228,286,0,286,514
09/10/2008,LAF,IN,AGL,CE,Tower without Radar,0,0,35,0,35,0,0,173,0,173,0,0,208,0,208,302,0,302,510
09/11/2008,LAF,IN,AGL,CE,Tower without Radar,0,0,42,0,42,0,1,146,0,147,0,1,188,0,189,356,0,356,545
09/12/2008,LAF,IN,AGL,CE,Tower without Radar,0,6,25,0,31,0,1,23,0,24,0,7,48,0,55,37,0,37,92
09/13/2008,LAF,IN,AGL,CE,Tower without Radar,0,3,33,0,36,0,1,93,0,94,0,4,126,0,130,175,0,175,305
09/14/2008,LAF,IN,AGL,CE,Tower without Radar,0,5,3,0,8,0,4,4,0,8,0,9,7,0,16,2,0,2,18
09/15/2008,LAF,IN,AGL,CE,Tower without Radar,0,2,35,0,37,0,2,153,0,155,0,4,188,0,192,652,0,652,844
09/16/2008,LAF,IN,AGL,CE,Tower without Radar,0,0,57,0,57,0,1,215,0,216,0,1,272,0,273,560,0,560,833
09/17/2008,LAF,IN,AGL,CE,Tower without Radar,0,2,50,0,52,0,0,185,0,185,0,2,235,0,237,606,0,606,843
09/18/2008,LAF,IN,AGL,CE,Tower without Radar,0,0,64,0,64,0,0,213,0,213,0,0,277,0,277,600,0,600,877
09/19/2008,LAF,IN,AGL,CE,Tower without Radar,0,0,44,0,44,0,0,221,0,221,0,0,265,0,265,600,0,600,865
09/20/2008,LAF,IN,AGL,CE,Tower without Radar,0,3,34,0,37,0,0,108,0,108,0,3,142,0,145,94,0,94,239
09/21/2008,LAF,IN,AGL,CE,Tower without Radar,0,2,21,0,23,0,0,87,0,87,0,2,108,0,110,136,0,136,246
09/22/2008,LAF,IN,AGL,CE,Tower without Radar,0,0,43,0,43,0,0,204,0,204,0,0,247,0,247,476,0,476,723
09/23/2008,LAF,IN,AGL,CE,Tower without Radar,0,2,66,0,68,0,0,206,0,206,0,2,272,0,274,496,0,496,770
09/24/2008,LAF,IN,AGL,CE,Tower without Radar,0,5,62,0,67,0,0,177,0,177,0,5,239,0,244,596,0,596,840
09/25/2008,LAF,IN,AGL,CE,Tower without Radar,0,3,66,0,69,0,0,219,0,219,0,3,285,0,288,578,0,578,866
09/26/2008,LAF,IN,AGL,CE,Tower without Radar,0,0,67,0,67,0,2,169,0,171,0,2,236,0,238,434,0,434,672
09/27/2008,LAF,IN,AGL,CE,Tower without Radar,0,0,48,0,48,0,0,151,0,151,0,0,199,0,199,460,0,460,659
09/28/2008,LAF,IN,AGL,CE,Tower without Radar,0,0,35,0,35,0,1,142,0,143,0,1,177,0,178,76,0,76,254
09/29/2008,LAF,IN,AGL,CE,Tower without Radar,0,0,51,0,51,0,0,119,0,119,0,0,170,0,170,378,0,378,548
09/30/2008,LAF,IN,AGL,CE,Tower without Radar,0,0,23,0,23,0,0,89,0,89,0,0,112,0,112,270,0,270,382
10/01/2008,LAF,IN,AGL,CE,Tower without Radar,0,0,59,0,59,0,0,200,0,200,0,0,259,0,259,480,0,480,739
10/02/2008,LAF,IN,AGL,CE,Tower without Radar,0,1,69,0,70,0,0,204,0,204,0,1,273,0,274,458,0,458,732
10/03/2008,LAF,IN,AGL,CE,Tower without Radar,0,3,73,0,76,0,0,194,1,195,0,3,267,1,271,356,0,356,627
10/04/2008,LAF,IN,AGL,CE,Tower without Radar,1,8,46,0,55,0,0,150,0,150,1,8,196,0,205,108,0,108,313
10/05/2008,LAF,IN,AGL,CE,Tower without Radar,0,0,13,0,13,0,0,95,0,95,0,0,108,0,108,52,0,52,160
10/06/2008,LAF,IN,AGL,CE,Tower without Radar,0,0,51,0,51,0,0,197,0,197,0,0,248,0,248,348,0,348,596
10/07/2008,LAF,IN,AGL,CE,Tower without Radar,0,1,55,1,57,0,0,98,0,98,0,1,153,1,155,180,0,180,335
10/08/2008,LAF,IN,AGL,CE,Tower without Radar,0,0,34,0,34,0,0,37,0,37,0,0,71,0,71,134,0,134,205
10/09/2008,LAF,IN,AGL,CE,Tower without Radar,0,2,72,2,76,0,2,194,0,196,0,4,266,2,272,446,0,446,718
10/10/2008,LAF,IN,AGL,CE,Tower without Radar,2,3,71,0,76,0,0,165,0,165,2,3,236,0,241,296,0,296,537
10/11/2008,LAF,IN,AGL,CE,Tower without Radar,0,3,20,0,23,0,0,82,0,82,0,3,102,0,105,132,0,132,237
10/12/2008,LAF,IN,AGL,CE,Tower without Radar,0,0,10,0,10,0,0,76,0,76,0,0,86,0,86,18,0,18,104
10/13/2008,LAF,IN,AGL,CE,Tower without Radar,0,2,18,0,20,0,0,84,0,84,0,2,102,0,104,60,0,60,164
10/14/2008,LAF,IN,AGL,CE,Tower without Radar,0,0,34,0,34,0,3,58,0,61,0,3,92,0,95,38,0,38,133
10/15/2008,LAF,IN,AGL,CE,Tower without Radar,0,0,26,0,26,0,0,55,0,55,0,0,81,0,81,96,0,96,177
10/16/2008,LAF,IN,AGL,CE,Tower without Radar,0,0,73,0,73,0,0,176,0,176,0,0,249,0,249,474,0,474,723
10/17/2008,LAF,IN,AGL,CE,Tower without Radar,0,0,32,0,32,0,0,166,0,166,0,0,198,0,198,428,0,428,626
10/18/2008,LAF,IN,AGL,CE,Tower without Radar,0,0,29,0,29,0,0,121,0,121,0,0,150,0,150,300,0,300,450
10/19/2008,LAF,IN,AGL,CE,Tower without Radar,0,2,26,0,28,0,0,115,0,115,0,2,141,0,143,174,0,174,317
10/20/2008,LAF,IN,AGL,CE,Tower without Radar,0,0,46,0,46,0,0,134,0,134,0,0,180,0,180,276,0,276,456
10/21/2008,LAF,IN,AGL,CE,Tower without Radar,0,0,52,0,52,0,0,180,0,180,0,0,232,0,232,350,0,350,582
10/22/2008,LAF,IN,AGL,CE,Tower without Radar,0,2,46,0,48,0,0,168,0,168,0,2,214,0,216,310,0,310,526
10/23/2008,LAF,IN,AGL,CE,Tower without Radar,0,4,48,0,52,0,0,159,0,159,0,4,207,0,211,460,0,460,671
10/24/2008,LAF,IN,AGL,CE,Tower without Radar,1,10,16,2,29,0,0,23,1,24,1,10,39,3,53,44,0,44,97
10/25/2008,LAF,IN,AGL,CE,Tower without Radar,1,4,50,1,56,0,1,18,0,19,1,5,68,1,75,56,0,56,131
10/26/2008,LAF,IN,AGL,CE,Tower without Radar,0,5,8,0,13,0,0,21,0,21,0,5,29,0,34,8,0,8,42
10/27/2008,LAF,IN,AGL,CE,Tower without Radar,0,0,43,0,43,0,0,83,0,83,0,0,126,0,126,198,0,198,324
10/28/2008,LAF,IN,AGL,CE,Tower without Radar,0,0,55,1,56,0,0,145,6,151,0,0,200,7,207,394,6,400,607
10/29/2008,LAF,IN,AGL,CE,Tower without Radar,0,1,43,4,48,0,0,155,6,161,0,1,198,10,209,424,0,424,633
10/30/2008,LAF,IN,AGL,CE,Tower without Radar,0,2,39,1,42,0,1,162,3,166,0,3,201,4,208,496,2,498,706
10/31/2008,LAF,IN,AGL,CE,Tower without Radar,0,3,32,0,35,0,1,143,0,144,0,4,175,0,179,282,0,282,461
11/01/2008,LAF,IN,AGL,CE,Tower without Radar,2,6,35,0,43,0,0,182,0,182,2,6,217,0,225,72,0,72,297
11/02/2008,LAF,IN,AGL,CE,Tower without Radar,0,2,27,0,29,0,1,116,0,117,0,3,143,0,146,136,0,136,282
11/03/2008,LAF,IN,AGL,CE,Tower without Radar,0,0,35,0,35,0,1,130,0,131,0,1,165,0,166,302,0,302,468
11/04/2008,LAF,IN,AGL,CE,Tower without Radar,0,0,50,0,50,0,0,175,0,175,0,0,225,0,225,448,0,448,673
11/05/2008,LAF,IN,AGL,CE,Tower without Radar,0,1,33,0,34,0,2,170,0,172,0,3,203,0,206,446,0,446,652
11/06/2008,LAF,IN,AGL,CE,Tower without Radar,0,0,29,0,29,0,0,70,0,70,0,0,99,0,99,81,0,81,180
11/07/2008,LAF,IN,AGL,CE,Tower without Radar,0,0,27,0,27,0,0,114,0,114,0,0,141,0,141,244,0,244,385
11/08/2008,LAF,IN,AGL,CE,Tower without Radar,2,0,4,0,6,0,0,31,0,31,2,0,35,0,37,84,0,84,121
11/09/2008,LAF,IN,AGL,CE,Tower without Radar,0,0,5,0,5,0,0,4,0,4,0,0,9,0,9,6,0,6,15
11/10/2008,LAF,IN,AGL,CE,Tower without Radar,0,0,40,0,40,0,0,157,0,157,0,0,197,0,197,408,0,408,605
11/11/2008,LAF,IN,AGL,CE,Tower without Radar,0,0,19,0,19,0,0,82,0,82,0,0,101,0,101,268,0,268,369
11/12/2008,LAF,IN,AGL,CE,Tower without Radar,0,0,13,0,13,0,1,73,0,74,0,1,86,0,87,258,0,258,345
11/13/2008,LAF,IN,AGL,CE,Tower without Radar,0,0,35,0,35,0,1,123,0,124,0,1,158,0,159,368,0,368,527
11/14/2008,LAF,IN,AGL,CE,Tower without Radar,0,3,13,0,16,0,0,0,0,0,0,3,13,0,16,0,0,0,16
11/15/2008,LAF,IN,AGL,CE,Tower without Radar,2,1,14,0,17,0,0,20,0,20,2,1,34,0,37,46,0,46,83
11/16/2008,LAF,IN,AGL,CE,Tower without Radar,0,0,11,0,11,0,0,54,0,54,0,0,65,0,65,122,0,122,187
11/17/2008,LAF,IN,AGL,CE,Tower without Radar,0,0,22,0,22,0,1,138,0,139,0,1,160,0,161,288,0,288,449
11/18/2008,LAF,IN,AGL,CE,Tower without Radar,0,0,35,0,35,0,0,207,0,207,0,0,242,0,242,462,0,462,704
11/19/2008,LAF,IN,AGL,CE,Tower without Radar,0,0,34,0,34,0,0,92,0,92,0,0,126,0,126,254,0,254,380
11/20/2008,LAF,IN,AGL,CE,Tower without Radar,0,1,55,0,56,0,0,111,0,111,0,1,166,0,167,328,0,328,495
11/21/2008,LAF,IN,AGL,CE,Tower without Radar,0,3,39,0,42,0,1,165,0,166,0,4,204,0,208,298,6,304,512
11/22/2008,LAF,IN,AGL,CE,Tower without Radar,0,3,17,0,20,0,0,97,0,97,0,3,114,0,117,46,0,46,163
11/23/2008,LAF,IN,AGL,CE,Tower without Radar,0,1,10,0,11,0,6,121,0,127,0,7,131,0,138,186,0,186,324
11/24/2008,LAF,IN,AGL,CE,Tower without Radar,2,1,13,0,16,0,0,18,0,18,2,1,31,0,34,6,0,6,40
11/25/2008,LAF,IN,AGL,CE,Tower without Radar,0,4,21,0,25,0,0,82,0,82,0,4,103,0,107,164,0,164,271
11/26/2008,LAF,IN,AGL,CE,Tower without Radar,0,0,9,0,9,0,0,76,0,76,0,0,85,0,85,244,0,244,329
11/27/2008,LAF,IN,AGL,CE,Tower without Radar,0,0,3,0,3,0,1,3,0,4,0,1,6,0,7,0,0,0,7
11/28/2008,LAF,IN,AGL,CE,Tower without Radar,0,0,5,0,5,0,0,21,0,21,0,0,26,0,26,36,0,36,62
11/29/2008,LAF,IN,AGL,CE,Tower without Radar,0,0,10,0,10,0,1,24,0,25,0,1,34,0,35,70,0,70,105
11/30/2008,LAF,IN,AGL,CE,Tower without Radar,0,1,8,0,9,0,0,0,0,0,0,1,8,0,9,0,0,0,9
12/01/2008,LAF,IN,AGL,CE,Tower without Radar,1,2,12,0,15,0,0,0,0,0,1,2,12,0,15,0,0,0,15
12/02/2008,LAF,IN,AGL,CE,Tower without Radar,0,3,31,0,34,0,0,0,0,0,0,3,31,0,34,218,0,218,252
12/03/2008,LAF,IN,AGL,CE,Tower without Radar,0,4,11,0,15,0,0,61,0,61,0,4,72,0,76,190,0,190,266
12/04/2008,LAF,IN,AGL,CE,Tower without Radar,0,0,20,0,20,0,0,121,0,121,0,0,141,0,141,398,0,398,539
12/05/2008,LAF,IN,AGL,CE,Tower without Radar,0,0,27,0,27,0,0,149,0,149,0,0,176,0,176,396,0,396,572
12/06/2008,LAF,IN,AGL,CE,Tower without Radar,0,1,0,0,1,0,2,0,0,2,0,3,0,0,3,0,0,0,3
12/07/2008,LAF,IN,AGL,CE,Tower without Radar,0,1,56,0,57,0,1,115,0,116,0,2,171,0,173,236,0,236,409
12/08/2008,LAF,IN,AGL,CE,Tower without Radar,0,3,13,0,16,0,0,91,0,91,0,3,104,0,107,222,0,222,329
12/09/2008,LAF,IN,AGL,CE,Tower without Radar,0,0,9,0,9,0,0,1,0,1,0,0,10,0,10,4,0,4,14
12/10/2008,LAF,IN,AGL,CE,Tower without Radar,0,0,17,0,17,0,2,132,0,134,0,2,149,0,151,414,0,414,565
12/11/2008,LAF,IN,AGL,CE,Tower without Radar,0,0,27,0,27,0,0,160,0,160,0,0,187,0,187,398,0,398,585
12/12/2008,LAF,IN,AGL,CE,Tower without Radar,0,0,31,0,31,0,2,80,0,82,0,2,111,0,113,208,0,208,321
12/13/2008,LAF,IN,AGL,CE,Tower without Radar,0,1,8,0,9,0,0,72,0,72,0,1,80,0,81,140,0,140,221
12/14/2008,LAF,IN,AGL,CE,Tower without Radar,0,3,8,0,11,0,0,2,0,2,0,3,10,0,13,0,0,0,13
12/15/2008,LAF,IN,AGL,CE,Tower without Radar,0,0,9,0,9,0,4,14,0,18,0,4,23,0,27,72,0,72,99
12/16/2008,LAF,IN,AGL,CE,Tower without Radar,0,0,15,2,17,0,0,26,0,26,0,0,41,2,43,106,0,106,149
12/17/2008,LAF,IN,AGL,CE,Tower without Radar,0,0,9,1,10,0,0,9,0,9,0,0,18,1,19,14,0,14,33
12/18/2008,LAF,IN,AGL,CE,Tower without Radar,0,0,14,2,16,0,1,5,0,6,0,1,19,2,22,2,0,2,24
12/19/2008,LAF,IN,AGL,CE,Tower without Radar,0,0,12,0,12,0,0,0,0,0,0,0,12,0,12,0,0,0,12
12/20/2008,LAF,IN,AGL,CE,Tower without Radar,0,0,4,0,4,0,0,4,0,4,0,0,8,0,8,0,0,0,8
12/21/2008,LAF,IN,AGL,CE,Tower without Radar,0,0,8,0,8,0,0,1,0,1,0,0,9,0,9,0,0,0,9
12/22/2008,LAF,IN,AGL,CE,Tower without Radar,0,0,17,0,17,0,0,43,0,43,0,0,60,0,60,68,0,68,128
12/23/2008,LAF,IN,AGL,CE,Tower without Radar,0,1,7,0,8,0,0,10,0,10,0,1,17,0,18,10,0,10,28
12/24/2008,LAF,IN,AGL,CE,Tower without Radar,0,3,3,0,6,0,0,1,0,1,0,3,4,0,7,0,0,0,7
12/25/2008,LAF,IN,AGL,CE,Tower without Radar,0,0,2,0,2,0,1,12,0,13,0,1,14,0,15,0,0,0,15
12/26/2008,LAF,IN,AGL,CE,Tower without Radar,0,1,2,0,3,0,0,0,0,0,0,1,2,0,3,0,0,0,3
12/27/2008,LAF,IN,AGL,CE,Tower without Radar,0,0,5,0,5,0,0,0,0,0,0,0,5,0,5,0,0,0,5
12/28/2008,LAF,IN,AGL,CE,Tower without Radar,0,0,7,0,7,0,0,7,0,7,0,0,14,0,14,6,0,6,20
12/29/2008,LAF,IN,AGL,CE,Tower without Radar,0,0,14,0,14,0,0,15,0,15,0,0,29,0,29,28,0,28,57
12/30/2008,LAF,IN,AGL,CE,Tower without Radar,0,0,14,0,14,0,1,39,0,40,0,1,53,0,54,66,0,66,120
12/31/2008,LAF,IN,AGL,CE,Tower without Radar,0,0,7,0,7,0,0,27,0,27,0,0,34,0,34,32,0,32,66
01/01/2009,LAF,IN,AGL,CE,Tower without Radar,0,0,2,0,2,0,0,16,0,16,0,0,18,0,18,6,0,6,24
01/02/2009,LAF,IN,AGL,CE,Tower without Radar,0,0,7,0,7,0,0,34,0,34,0,0,41,0,41,54,0,54,95
01/03/2009,LAF,IN,AGL,CE,Tower without Radar,0,2,7,0,9,0,0,24,0,24,0,2,31,0,33,36,0,36,69
01/04/2009,LAF,IN,AGL,CE,Tower without Radar,2,0,0,0,2,0,0,0,0,0,2,0,0,0,2,0,0,0,2
01/05/2009,LAF,IN,AGL,CE,Tower without Radar,1,2,12,0,15,0,2,46,0,48,1,4,58,0,63,98,0,98,161
01/06/2009,LAF,IN,AGL,CE,Tower without Radar,2,2,2,0,6,0,0,1,0,1,2,2,3,0,7,0,0,0,7
01/07/2009,LAF,IN,AGL,CE,Tower without Radar,0,4,10,0,14,0,1,5,0,6,0,5,15,0,20,0,0,0,20
01/08/2009,LAF,IN,AGL,CE,Tower without Radar,0,0,15,0,15,0,0,19,0,19,0,0,34,0,34,44,0,44,78
01/09/2009,LAF,IN,AGL,CE,Tower without Radar,0,1,15,0,16,0,0,36,0,36,0,1,51,0,52,84,0,84,136
01/10/2009,LAF,IN,AGL,CE,Tower without Radar,0,0,2,0,2,0,0,0,0,0,0,0,2,0,2,0,0,0,2
01/11/2009,LAF,IN,AGL,CE,Tower without Radar,0,0,15,0,15,0,0,1,0,1,0,0,16,0,16,4,0,4,20
01/12/2009,LAF,IN,AGL,CE,Tower without Radar,0,0,7,2,9,0,0,11,0,11,0,0,18,2,20,44,0,44,64
01/13/2009,LAF,IN,AGL,CE,Tower without Radar,0,3,14,0,17,0,0,24,0,24,0,3,38,0,41,38,0,38,79
01/14/2009,LAF,IN,AGL,CE,Tower without Radar,0,3,4,0,7,0,0,0,0,0,0,3,4,0,7,0,0,0,7
01/15/2009,LAF,IN,AGL,CE,Tower without Radar,0,0,4,0,4,0,0,3,0,3,0,0,7,0,7,4,0,4,11
01/16/2009,LAF,IN,AGL,CE,Tower without Radar,0,2,5,0,7,0,0,55,0,55,0,2,60,0,62,164,0,164,226
01/17/2009,LAF,IN,AGL,CE,Tower without Radar,0,3,15,0,18,0,0,59,0,59,0,3,74,0,77,186,0,186,263
01/18/2009,LAF,IN,AGL,CE,Tower without Radar,0,1,6,0,7,0,1,18,0,19,0,2,24,0,26,6,0,6,32
01/19/2009,LAF,IN,AGL,CE,Tower without Radar,0,0,5,0,5,0,2,12,0,14,0,2,17,0,19,6,0,6,25
01/20/2009,LAF,IN,AGL,CE,Tower without Radar,0,2,10,0,12,0,0,174,0,174,0,2,184,0,186,466,0,466,652
01/21/2009,LAF,IN,AGL,CE,Tower without Radar,0,3,36,0,39,0,0,128,0,128,0,3,164,0,167,264,0,264,431
01/22/2009,LAF,IN,AGL,CE,Tower without Radar,0,0,37,0,37,0,0,181,0,181,0,0,218,0,218,338,0,338,556
01/23/2009,LAF,IN,AGL,CE,Tower without Radar,0,0,19,0,19,0,0,117,0,117,0,0,136,0,136,292,0,292,428
01/24/2009,LAF,IN,AGL,CE,Tower without Radar,0,2,28,0,30,0,0,129,0,129,0,2,157,0,159,243,0,243,402
01/25/2009,LAF,IN,AGL,CE,Tower without Radar,0,1,4,0,5,0,0,7,0,7,0,1,11,0,12,22,0,22,34
01/26/2009,LAF,IN,AGL,CE,Tower without Radar,2,0,28,0,30,0,0,166,0,166,2,0,194,0,196,450,0,450,646
01/27/2009,LAF,IN,AGL,CE,Tower without Radar,0,1,28,0,29,0,0,55,0,55,0,1,83,0,84,126,0,126,210
01/28/2009,LAF,IN,AGL,CE,Tower without Radar,2,0,10,0,12,0,0,28,0,28,2,0,38,0,40,44,0,44,84
01/29/2009,LAF,IN,AGL,CE,Tower without Radar,0,0,19,0,19,0,0,39,0,39,0,0,58,0,58,94,0,94,152
01/30/2009,LAF,IN,AGL,CE,Tower without Radar,0,0,47,0,47,0,0,125,0,125,0,0,172,0,172,240,0,240,412
01/31/2009,LAF,IN,AGL,CE,Tower without Radar,0,2,32,0,34,0,1,76,0,77,0,3,108,0,111,160,0,160,271
02/01/2009,LAF,IN,AGL,CE,Tower without Radar,0,1,23,0,24,0,1,108,0,109,0,2,131,0,133,122,0,122,255
02/02/2009,LAF,IN,AGL,CE,Tower without Radar,0,1,24,0,25,0,2,135,0,137,0,3,159,0,162,468,0,468,630
02/03/2009,LAF,IN,AGL,CE,Tower without Radar,0,0,23,0,23,0,1,53,0,54,0,1,76,0,77,144,0,144,221
02/04/2009,LAF,IN,AGL,CE,Tower without Radar,0,1,23,0,24,0,0,147,2,149,0,1,170,2,173,568,0,568,741
02/05/2009,LAF,IN,AGL,CE,Tower without Radar,0,2,50,0,52,0,0,144,0,144,0,2,194,0,196,471,0,471,667
02/06/2009,LAF,IN,AGL,CE,Tower without Radar,0,3,29,0,32,0,0,142,0,142,0,3,171,0,174,458,2,460,634
02/07/2009,LAF,IN,AGL,CE,Tower without Radar,0,0,21,0,21,0,0,43,0,43,0,0,64,0,64,42,0,42,106
02/08/2009,LAF,IN,AGL,CE,Tower without Radar,0,2,23,0,25,0,4,71,2,77,0,6,94,2,102,116,0,116,218
02/09/2009,LAF,IN,AGL,CE,Tower without Radar,0,0,33,0,33,0,0,86,0,86,0,0,119,0,119,316,0,316,435
02/10/2009,LAF,IN,AGL,CE,Tower without Radar,1,2,39,0,42,0,0,164,0,164,1,2,203,0,206,530,0,530,736
02/11/2009,LAF,IN,AGL,CE,Tower without Radar,2,0,9,0,11,0,0,0,0,0,2,0,9,0,11,0,0,0,11
02/12/2009,LAF,IN,AGL,CE,Tower without Radar,0,0,61,0,61,0,0,116,2,118,0,0,177,2,179,296,0,296,475
02/13/2009,LAF,IN,AGL,CE,Tower without Radar,0,0,71,0,71,0,2,194,0,196,0,2,265,0,267,484,0,484,751
02/14/2009,LAF,IN,AGL,CE,Tower without Radar,0,1,1,0,2,0,0,21,0,21,0,1,22,0,23,90,0,90,113
02/15/2009,LAF,IN,AGL,CE,Tower without Radar,0,0,25,0,25,0,0,82,2,84,0,0,107,2,109,60,0,60,169
02/16/2009,LAF,IN,AGL,CE,Tower without Radar,1,1,74,0,76,0,0,174,2,176,1,1,248,2,252,604,0,604,856
02/17/2009,LAF,IN,AGL,CE,Tower without Radar,0,0,82,0,82,0,0,126,2,128,0,0,208,2,210,256,0,256,466
02/18/2009,LAF,IN,AGL,CE,Tower without Radar,0,10,9,0,19,0,0,0,0,0,0,10,9,0,19,0,0,0,19
02/19/2009,LAF,IN,AGL,CE,Tower without Radar,0,0,38,0,38,0,0,73,0,73,0,0,111,0,111,190,0,190,301
02/20/2009,LAF,IN,AGL,CE,Tower without Radar,0,0,45,0,45,0,0,133,0,133,0,0,178,0,178,438,0,438,616
02/21/2009,LAF,IN,AGL,CE,Tower without Radar,0,2,2,0,4,0,0,8,0,8,0,2,10,0,12,0,0,0,12
02/22/2009,LAF,IN,AGL,CE,Tower without Radar,0,2,17,0,19,0,0,28,0,28,0,2,45,0,47,42,0,42,89
02/23/2009,LAF,IN,AGL,CE,Tower without Radar,0,2,48,0,50,0,0,147,0,147,0,2,195,0,197,702,0,702,899
02/24/2009,LAF,IN,AGL,CE,Tower without Radar,0,0,68,0,68,0,2,149,0,151,0,2,217,0,219,612,0,612,831
02/25/2009,LAF,IN,AGL,CE,Tower without Radar,0,6,26,0,32,0,2,138,0,140,0,8,164,0,172,504,0,504,676
02/26/2009,LAF,IN,AGL,CE,Tower without Radar,0,3,6,0,9,0,0,1,0,1,0,3,7,0,10,0,0,0,10
02/27/2009,LAF,IN,AGL,CE,Tower without Radar,0,5,14,0,19,0,0,4,0,4,0,5,18,0,23,42,0,42,65
02/28/2009,LAF,IN,AGL,CE,Tower without Radar,0,4,22,0,26,0,0,43,0,43,0,4,65,0,69,130,0,130,199
03/01/2009,LAF,IN,AGL,CE,Tower without Radar,0,2,22,0,24,0,0,41,0,41,0,2,63,0,65,28,0,28,93
03/02/2009,LAF,IN,AGL,CE,Tower without Radar,0,2,65,0,67,0,2,135,0,137,0,4,200,0,204,506,0,506,710
03/03/2009,LAF,IN,AGL,CE,Tower without Radar,0,0,58,0,58,0,3,161,0,164,0,3,219,0,222,582,0,582,804
03/04/2009,LAF,IN,AGL,CE,Tower without Radar,0,0,87,0,87,0,0,154,0,154,0,0,241,0,241,372,0,372,613
03/05/2009,LAF,IN,AGL,CE,Tower without Radar,0,0,16,2,18,0,0,26,0,26,0,0,42,2,44,56,0,56,100
03/06/2009,LAF,IN,AGL,CE,Tower without Radar,0,0,50,0,50,0,0,87,0,87,0,0,137,0,137,397,0,397,534
03/07/2009,LAF,IN,AGL,CE,Tower without Radar,0,2,33,0,35,0,0,52,0,52,0,2,85,0,87,134,0,134,221
03/08/2009,LAF,IN,AGL,CE,Tower without Radar,0,2,2,2,6,0,0,0,0,0,0,2,2,2,6,0,0,0,6
03/09/2009,LAF,IN,AGL,CE,Tower without Radar,0,2,26,0,28,0,0,65,0,65,0,2,91,0,93,212,0,212,305
03/10/2009,LAF,IN,AGL,CE,Tower without Radar,0,2,11,0,13,0,0,10,0,10,0,2,21,0,23,48,0,48,71
03/11/2009,LAF,IN,AGL,CE,Tower without Radar,0,2,60,0,62,0,2,83,0,85,0,4,143,0,147,180,0,180,327
03/12/2009,LAF,IN,AGL,CE,Tower without Radar,0,0,53,0,53,0,1,160,0,161,0,1,213,0,214,406,0,406,620
03/13/2009,LAF,IN,AGL,CE,Tower without Radar,0,1,51,0,52,0,1,143,0,144,0,2,194,0,196,256,2,258,454
03/14/2009,LAF,IN,AGL,CE,Tower without Radar,0,0,15,0,15,0,0,58,0,58,0,0,73,0,73,40,0,40,113
03/15/2009,LAF,IN,AGL,CE,Tower without Radar,0,2,10,0,12,0,0,58,0,58,0,2,68,0,70,38,0,38,108
03/16/2009,LAF,IN,AGL,CE,Tower without Radar,0,0,19,0,19,0,0,50,0,50,0,0,69,0,69,90,0,90,159
03/17/2009,LAF,IN,AGL,CE,Tower without Radar,2,0,29,0,31,0,0,33,0,33,2,0,62,0,64,28,0,28,92
03/18/2009,LAF,IN,AGL,CE,Tower without Radar,0,0,15,0,15,0,0,21,0,21,0,0,36,0,36,70,0,70,106
03/19/2009,LAF,IN,AGL,CE,Tower without Radar,0,2,11,0,13,1,0,15,0,16,1,2,26,0,29,4,0,4,33
03/20/2009,LAF,IN,AGL,CE,Tower without Radar,0,0,19,0,19,0,8,52,0,60,0,8,71,0,79,26,0,26,105
03/21/2009,LAF,IN,AGL,CE,Tower without Radar,0,0,14,0,14,0,0,37,0,37,0,0,51,0,51,26,0,26,77
03/22/2009,LAF,IN,AGL,CE,Tower without Radar,1,0,21,0,22,0,3,50,0,53,1,3,71,0,75,66,0,66,141
03/23/2009,LAF,IN,AGL,CE,Tower without Radar,0,1,30,0,31,0,1,94,0,95,0,2,124,0,126,252,0,252,378
03/24/2009,LAF,IN,AGL,CE,Tower without Radar,0,2,12,0,14,0,0,21,0,21,0,2,33,0,35,36,0,36,71
03/25/2009,LAF,IN,AGL,CE,Tower without Radar,1,2,33,0,36,0,0,106,0,106,1,2,139,0,142,242,0,242,384
03/26/2009,LAF,IN,AGL,CE,Tower without Radar,0,1,82,0,83,0,0,228,0,228,0,1,310,0,311,554,0,554,865
03/27/2009,LAF,IN,AGL,CE,Tower without Radar,4,0,48,0,52,0,2,164,0,166,4,2,212,0,218,432,0,432,650
03/28/2009,LAF,IN,AGL,CE,Tower without Radar,0,1,24,0,25,0,0,70,0,70,0,1,94,0,95,278,0,278,373
03/29/2009,LAF,IN,AGL,CE,Tower without Radar,0,0,3,0,3,0,1,2,0,3,0,1,5,0,6,0,0,0,6
03/30/2009,LAF,IN,AGL,CE,Tower without Radar,0,2,54,2,58,0,0,200,1,201,0,2,254,3,259,498,0,498,757
03/31/2009,LAF,IN,AGL,CE,Tower without Radar,0,1,23,2,26,0,0,32,0,32,0,1,55,2,58,54,0,54,112
04/01/2009,LAF,IN,AGL,CE,Tower without Radar,0,1,48,0,49,0,0,112,0,112,0,1,160,0,161,254,0,254,415
04/02/2009,LAF,IN,AGL,CE,Tower without Radar,0,0,38,0,38,0,0,157,0,157,0,0,195,0,195,416,0,416,611
04/03/2009,LAF,IN,AGL,CE,Tower without Radar,0,0,20,0,20,0,0,15,0,15,0,0,35,0,35,18,0,18,53
04/04/2009,LAF,IN,AGL,CE,Tower without Radar,0,1,42,0,43,0,1,146,0,147,0,2,188,0,190,234,0,234,424
04/05/2009,LAF,IN,AGL,CE,Tower without Radar,0,1,6,0,7,0,0,0,0,0,0,1,6,0,7,0,0,0,7
04/06/2009,LAF,IN,AGL,CE,Tower without Radar,0,0,3,0,3,0,0,1,0,1,0,0,4,0,4,6,0,6,10
04/07/2009,LAF,IN,AGL,CE,Tower without Radar,0,1,35,1,37,0,1,64,0,65,0,2,99,1,102,122,0,122,224
04/08/2009,LAF,IN,AGL,CE,Tower without Radar,0,0,56,0,56,0,1,203,0,204,0,1,259,0,260,402,0,402,662
04/09/2009,LAF,IN,AGL,CE,Tower without Radar,0,4,38,0,42,0,0,217,0,217,0,4,255,0,259,558,0,558,817
04/10/2009,LAF,IN,AGL,CE,Tower without Radar,0,0,11,0,11,0,0,2,0,2,0,0,13,0,13,2,0,2,15
04/11/2009,LAF,IN,AGL,CE,Tower without Radar,0,0,23,0,23,0,1,153,0,154,0,1,176,0,177,368,0,368,545
04/12/2009,LAF,IN,AGL,CE,Tower without Radar,0,0,12,0,12,0,1,73,0,74,0,1,85,0,86,88,0,88,174
04/13/2009,LAF,IN,AGL,CE,Tower without Radar,0,0,6,2,8,0,0,1,0,1,0,0,7,2,9,0,0,0,9
04/14/2009,LAF,IN,AGL,CE,Tower without Radar,0,0,5,0,5,0,0,0,0,0,0,0,5,0,5,0,0,0,5
04/15/2009,LAF,IN,AGL,CE,Tower without Radar,0,0,45,0,45,0,0,156,0,156,0,0,201,0,201,504,0,504,705
04/16/2009,LAF,IN,AGL,CE,Tower without Radar,0,3,63,0,66,0,0,203,0,203,0,3,266,0,269,507,0,507,776
04/17/2009,LAF,IN,AGL,CE,Tower without Radar,0,2,39,3,44,0,0,201,1,202,0,2,240,4,246,460,0,460,706
04/18/2009,LAF,IN,AGL,CE,Tower without Radar,0,1,21,0,22,0,0,230,0,230,0,1,251,0,252,378,0,378,630
04/19/2009,LAF,IN,AGL,CE,Tower without Radar,0,1,9,0,10,0,0,8,0,8,0,1,17,0,18,8,0,8,26
04/20/2009,LAF,IN,AGL,CE,Tower without Radar,0,0,5,1,6,0,1,7,0,8,0,1,12,1,14,12,0,12,26
04/21/2009,LAF,IN,AGL,CE,Tower without Radar,0,2,10,0,12,0,0,12,0,12,0,2,22,0,24,26,0,26,50
04/22/2009,LAF,IN,AGL,CE,Tower without Radar,0,28,0,0,28,0,0,124,0,124,0,28,124,0,152,370,0,370,522
04/23/2009,LAF,IN,AGL,CE,Tower without Radar,0,1,35,0,36,0,0,121,0,121,0,1,156,0,157,314,0,314,471
04/24/2009,LAF,IN,AGL,CE,Tower without Radar,0,3,24,0,27,0,1,113,0,114,0,4,137,0,141,382,4,386,527
04/25/2009,LAF,IN,AGL,CE,Tower without Radar,0,1,12,0,13,0,4,58,0,62,0,5,70,0,75,58,0,58,133
04/26/2009,LAF,IN,AGL,CE,Tower without Radar,0,0,17,0,17,0,2,40,0,42,0,2,57,0,59,58,0,58,117
04/27/2009,LAF,IN,AGL,CE,Tower without Radar,0,0,10,0,10,0,1,19,0,20,0,1,29,0,30,10,0,10,40
04/28/2009,LAF,IN,AGL,CE,Tower without Radar,0,0,20,0,20,0,0,0,0,0,0,0,20,0,20,4,0,4,24
04/29/2009,LAF,IN,AGL,CE,Tower without Radar,0,0,29,0,29,0,0,15,0,15,0,0,44,0,44,78,0,78,122
04/30/2009,LAF,IN,AGL,CE,Tower without Radar,0,0,11,0,11,0,0,5,0,5,0,0,16,0,16,2,0,2,18
05/01/2009,LAF,IN,AGL,CE,Tower without Radar,0,2,19,0,21,0,0,86,0,86,0,2,105,0,107,286,0,286,393
05/02/2009,LAF,IN,AGL,CE,Tower without Radar,0,0,21,0,21,0,2,158,0,160,0,2,179,0,181,500,0,500,681
05/03/2009,LAF,IN,AGL,CE,Tower without Radar,0,0,16,0,16,0,3,167,0,170,0,3,183,0,186,364,0,364,550
05/04/2009,LAF,IN,AGL,CE,Tower without Radar,0,0,25,0,25,0,2,204,0,206,0,2,229,0,231,504,0,504,735
05/05/2009,LAF,IN,AGL,CE,Tower without Radar,0,2,24,0,26,0,0,137,0,137,0,2,161,0,163,446,0,446,609
05/06/2009,LAF,IN,AGL,CE,Tower without Radar,0,2,16,0,18,0,0,85,0,85,0,2,101,0,103,322,0,322,425
05/07/2009,LAF,IN,AGL,CE,Tower without Radar,0,0,19,0,19,0,0,52,0,52,0,0,71,0,71,188,0,188,259
05/08/2009,LAF,IN,AGL,CE,Tower without Radar,0,0,25,0,25,0,0,59,0,59,0,0,84,0,84,140,0,140,224
05/09/2009,LAF,IN,AGL,CE,Tower without Radar,0,0,20,0,20,0,0,35,3,38,0,0,55,3,58,40,0,40,98
05/10/2009,LAF,IN,AGL,CE,Tower without Radar,0,0,16,1,17,0,3,88,1,92,0,3,104,2,109,126,0,126,235
05/11/2009,LAF,IN,AGL,CE,Tower without Radar,0,0,29,2,31,0,0,107,0,107,0,0,136,2,138,176,0,176,314
05/12/2009,LAF,IN,AGL,CE,Tower without Radar,0,0,30,0,30,0,0,86,0,86,0,0,116,0,116,240,0,240,356
05/13/2009,LAF,IN,AGL,CE,Tower without Radar,0,2,3,0,5,0,0,4,0,4,0,2,7,0,9,0,0,0,9
05/14/2009,LAF,IN,AGL,CE,Tower without Radar,0,0,15,0,15,0,0,63,0,63,0,0,78,0,78,204,0,204,282
05/15/2009,LAF,IN,AGL,CE,Tower without Radar,0,1,21,0,22,0,0,41,1,42,0,1,62,1,64,150,0,150,214
05/16/2009,LAF,IN,AGL,CE,Tower without Radar,0,3,11,0,14,0,0,15,0,15,0,3,26,0,29,4,0,4,33
05/17/2009,LAF,IN,AGL,CE,Tower without Radar,0,2,8,0,10,0,0,54,0,54,0,2,62,0,64,82,0,82,146
05/18/2009,LAF,IN,AGL,CE,Tower without Radar,0,6,29,0,35,0,0,73,0,73,0,6,102,0,108,182,0,182,290
05/19/2009,LAF,IN,AGL,CE,Tower without Radar,0,0,15,0,15,0,0,59,4,63,0,0,74,4,78,0,0,0,78
05/20/2009,LAF,IN,AGL,CE,Tower without Radar,0,1,15,0,16,0,1,53,0,54,0,2,68,0,70,82,0,82,152
05/21/2009,LAF,IN,AGL,CE,Tower without Radar,0,2,10,0,12,0,0,44,0,44,0,2,54,0,56,84,0,84,140
05/22/2009,LAF,IN,AGL,CE,Tower without Radar,0,0,6,0,6,0,0,98,0,98,0,0,104,0,104,85,0,85,189
05/23/2009,LAF,IN,AGL,CE,Tower without Radar,0,0,13,0,13,0,4,52,0,56,0,4,65,0,69,44,0,44,113
05/24/2009,LAF,IN,AGL,CE,Tower without Radar,0,1,4,0,5,0,2,32,0,34,0,3,36,0,39,130,0,130,169
05/25/2009,LAF,IN,AGL,CE,Tower without Radar,0,1,5,0,6,0,0,2,0,2,0,1,7,0,8,0,0,0,8
05/26/2009,LAF,IN,AGL,CE,Tower without Radar,0,0,8,0,8,0,0,14,0,14,0,0,22,0,22,40,0,40,62
05/27/2009,LAF,IN,AGL,CE,Tower without Radar,0,0,24,0,24,0,0,16,0,16,0,0,40,0,40,16,0,16,56
05/28/2009,LAF,IN,AGL,CE,Tower without Radar,0,0,19,0,19,0,0,13,0,13,0,0,32,0,32,26,0,26,58
05/29/2009,LAF,IN,AGL,CE,Tower without Radar,0,0,20,0,20,0,0,47,0,47,0,0,67,0,67,64,0,64,131
05/30/2009,LAF,IN,AGL,CE,Tower without Radar,0,0,6,0,6,0,1,23,0,24,0,1,29,0,30,48,0,48,78
05/31/2009,LAF,IN,AGL,CE,Tower without Radar,0,0,11,0,11,0,0,50,0,50,0,0,61,0,61,12,0,12,73
06/01/2009,LAF,IN,AGL,CE,Tower without Radar,0,0,9,0,9,0,1,24,0,25,0,1,33,0,34,44,0,44,78
06/02/2009,LAF,IN,AGL,CE,Tower without Radar,0,0,15,0,15,0,0,32,0,32,0,0,47,0,47,46,0,46,93
06/03/2009,LAF,IN,AGL,CE,Tower without Radar,0,0,17,0,17,0,0,12,0,12,0,0,29,0,29,34,0,34,63
06/04/2009,LAF,IN,AGL,CE,Tower without Radar,0,3,16,0,19,0,0,86,0,86,0,3,102,0,105,82,0,82,187
06/05/2009,LAF,IN,AGL,CE,Tower without Radar,0,0,10,0,10,0,0,82,0,82,0,0,92,0,92,109,0,109,201
06/06/2009,LAF,IN,AGL,CE,Tower without Radar,0,0,8,0,8,0,0,39,0,39,0,0,47,0,47,46,0,46,93
06/07/2009,LAF,IN,AGL,CE,Tower without Radar,0,1,5,0,6,0,0,21,0,21,0,1,26,0,27,12,0,12,39
06/08/2009,LAF,IN,AGL,CE,Tower without Radar,0,1,5,0,6,0,1,40,0,41,0,2,45,0,47,124,0,124,171
06/09/2009,LAF,IN,AGL,CE,Tower without Radar,0,0,18,0,18,0,4,45,0,49,0,4,63,0,67,136,0,136,203
06/10/2009,LAF,IN,AGL,CE,Tower without Radar,0,0,7,0,7,0,0,49,0,49,0,0,56,0,56,132,0,132,188
06/11/2009,LAF,IN,AGL,CE,Tower without Radar,0,4,17,0,21,0,0,34,0,34,0,4,51,0,55,41,0,41,96
06/12/2009,LAF,IN,AGL,CE,Tower without Radar,0,0,15,0,15,0,0,54,0,54,0,0,69,0,69,180,0,180,249
06/13/2009,LAF,IN,AGL,CE,Tower without Radar,0,0,10,0,10,0,1,32,0,33,0,1,42,0,43,42,0,42,85
06/14/2009,LAF,IN,AGL,CE,Tower without Radar,0,0,2,0,2,0,2,33,2,37,0,2,35,2,39,76,0,76,115
06/15/2009,LAF,IN,AGL,CE,Tower without Radar,0,0,2,0,2,0,2,33,2,37,0,2,35,2,39,62,0,62,101
06/16/2009,LAF,IN,AGL,CE,Tower without Radar,0,0,8,0,8,0,0,17,0,17,0,0,25,0,25,40,0,40,65
06/17/2009,LAF,IN,AGL,CE,Tower without Radar,0,2,22,0,24,0,0,90,0,90,0,2,112,0,114,128,0,128,242
06/18/2009,LAF,IN,AGL,CE,Tower without Radar,0,0,10,0,10,0,0,46,0,46,0,0,56,0,56,144,0,144,200
06/19/2009,LAF,IN,AGL,CE,Tower without Radar,0,2,12,0,14,0,1,55,0,56,0,3,67,0,70,94,0,94,164
06/20/2009,LAF,IN,AGL,CE,Tower without Radar,0,0,16,0,16,0,2,37,0,39,0,2,53,0,55,90,0,90,145
06/21/2009,LAF,IN,AGL,CE,Tower without Radar,0,0,10,0,10,0,0,33,0,33,0,0,43,0,43,64,0,64,107
06/22/2009,LAF,IN,AGL,CE,Tower without Radar,0,0,24,0,24,0,2,65,0,67,0,2,89,0,91,202,0,202,293
06/23/2009,LAF,IN,AGL,CE,Tower without Radar,0,0,27,0,27,0,0,80,0,80,0,0,107,0,107,150,0,150,257
06/24/2009,LAF,IN,AGL,CE,Tower without Radar,0,1,30,0,31,0,0,82,0,82,0,1,112,0,113,170,0,170,283
06/25/2009,LAF,IN,AGL,CE,Tower without Radar,0,1,18,0,19,0,0,55,0,55,0,1,73,0,74,113,0,113,187
06/26/2009,LAF,IN,AGL,CE,Tower without Radar,0,0,32,0,32,0,0,68,0,68,0,0,100,0,100,112,0,112,212
06/27/2009,LAF,IN,AGL,CE,Tower without Radar,0,0,17,0,17,0,1,64,0,65,0,1,81,0,82,76,0,76,158
06/28/2009,LAF,IN,AGL,CE,Tower without Radar,0,0,3,0,3,0,0,30,0,30,0,0,33,0,33,36,0,36,69
06/29/2009,LAF,IN,AGL,CE,Tower without Radar,0,0,13,0,13,0,1,59,0,60,0,1,72,0,73,128,0,128,201
06/30/2009,LAF,IN,AGL,CE,Tower without Radar,0,0,22,0,22,0,0,91,0,91,0,0,113,0,113,282,0,282,395
07/01/2009,LAF,IN,AGL,CE,Tower without Radar,0,0,30,0,30,0,0,50,0,50,0,0,80,0,80,212,0,212,292
07/02/2009,LAF,IN,AGL,CE,Tower without Radar,0,0,24,0,24,0,0,63,0,63,0,0,87,0,87,134,0,134,221
07/03/2009,LAF,IN,AGL,CE,Tower without Radar,0,0,5,0,5,0,0,50,0,50,0,0,55,0,55,50,0,50,105
07/04/2009,LAF,IN,AGL,CE,Tower without Radar,0,0,4,0,4,0,0,5,0,5,0,0,9,0,9,0,0,0,9
07/05/2009,LAF,IN,AGL,CE,Tower without Radar,0,0,7,0,7,0,1,32,0,33,0,1,39,0,40,76,0,76,116
07/06/2009,LAF,IN,AGL,CE,Tower without Radar,0,0,13,0,13,0,0,82,0,82,0,0,95,0,95,138,0,138,233
07/07/2009,LAF,IN,AGL,CE,Tower without Radar,0,0,17,0,17,0,1,90,0,91,0,1,107,0,108,208,0,208,316
07/08/2009,LAF,IN,AGL,CE,Tower without Radar,0,0,35,0,35,0,2,67,0,69,0,2,102,0,104,224,0,224,328
07/09/2009,LAF,IN,AGL,CE,Tower without Radar,0,0,19,0,19,0,1,50,0,51,0,1,69,0,70,136,0,136,206
07/10/2009,LAF,IN,AGL,CE,Tower without Radar,0,0,23,0,23,0,0,55,0,55,0,0,78,0,78,158,0,158,236
07/11/2009,LAF,IN,AGL,CE,Tower without Radar,0,0,3,0,3,0,1,19,0,20,0,1,22,0,23,28,0,28,51
07/12/2009,LAF,IN,AGL,CE,Tower without Radar,0,0,8,0,8,0,0,40,0,40,0,0,48,0,48,78,0,78,126
07/13/2009,LAF,IN,AGL,CE,Tower without Radar,0,0,20,0,20,0,0,86,0,86,0,0,106,0,106,204,0,204,310
07/14/2009,LAF,IN,AGL,CE,Tower without Radar,0,0,11,0,11,0,0,87,0,87,0,0,98,0,98,180,0,180,278
07/15/2009,LAF,IN,AGL,CE,Tower without Radar,0,0,5,0,5,0,0,14,5,19,0,0,19,5,24,64,0,64,88
07/16/2009,LAF,IN,AGL,CE,Tower without Radar,0,0,16,0,16,0,0,88,0,88,0,0,104,0,104,226,0,226,330
07/17/2009,LAF,IN,AGL,CE,Tower without Radar,0,0,14,0,14,0,0,75,2,77,0,0,89,2,91,108,4,112,203
07/18/2009,LAF,IN,AGL,CE,Tower without Radar,0,0,5,0,5,0,0,22,0,22,0,0,27,0,27,42,0,42,69
07/19/2009,LAF,IN,AGL,CE,Tower without Radar,0,0,16,1,17,0,0,34,0,34,0,0,50,1,51,32,0,32,83
07/20/2009,LAF,IN,AGL,CE,Tower without Radar,0,0,18,0,18,0,0,77,0,77,0,0,95,0,95,116,0,116,211
07/21/2009,LAF,IN,AGL,CE,Tower without Radar,0,0,11,0,11,0,0,79,0,79,0,0,90,0,90,170,0,170,260
07/22/2009,LAF,IN,AGL,CE,Tower without Radar,0,0,18,0,18,0,0,12,0,12,0,0,30,0,30,24,0,24,54
07/23/2009,LAF,IN,AGL,CE,Tower without Radar,0,0,22,0,22,0,0,56,0,56,0,0,78,0,78,114,0,114,192
07/24/2009,LAF,IN,AGL,CE,Tower without Radar,0,4,16,0,20,0,0,86,0,86,0,4,102,0,106,204,0,204,310
07/25/2009,LAF,IN,AGL,CE,Tower without Radar,0,0,3,0,3,0,0,22,0,22,0,0,25,0,25,16,0,16,41
07/26/2009,LAF,IN,AGL,CE,Tower without Radar,0,0,7,0,7,0,3,44,0,47,0,3,51,0,54,82,0,82,136
07/27/2009,LAF,IN,AGL,CE,Tower without Radar,0,0,9,0,9,0,1,67,0,68,0,1,76,0,77,130,0,130,207
07/28/2009,LAF,IN,AGL,CE,Tower without Radar,0,0,12,0,12,0,2,36,0,38,0,2,48,0,50,78,0,78,128
07/29/2009,LAF,IN,AGL,CE,Tower without Radar,0,1,11,0,12,0,0,64,0,64,0,1,75,0,76,184,0,184,260
07/30/2009,LAF,IN,AGL,CE,Tower without Radar,0,0,16,0,16,0,0,44,0,44,0,0,60,0,60,110,0,110,170
07/31/2009,LAF,IN,AGL,CE,Tower without Radar,0,0,13,0,13,0,0,67,0,67,0,0,80,0,80,74,0,74,154
08/01/2009,LAF,IN,AGL,CE,Tower without Radar,0,0,1,0,1,0,0,20,0,20,0,0,21,0,21,64,0,64,85
08/02/2009,LAF,IN,AGL,CE,Tower without Radar,0,1,8,0,9,0,0,24,0,24,0,1,32,0,33,226,0,226,259
08/03/2009,LAF,IN,AGL,CE,Tower without Radar,0,0,13,0,13,0,0,44,0,44,0,0,57,0,57,94,0,94,151
08/04/2009,LAF,IN,AGL,CE,Tower without Radar,0,0,13,0,13,0,0,15,0,15,0,0,28,0,28,26,0,26,54
08/05/2009,LAF,IN,AGL,CE,Tower without Radar,0,3,14,0,17,0,1,81,0,82,0,4,95,0,99,196,0,196,295
08/06/2009,LAF,IN,AGL,CE,Tower without Radar,0,2,20,0,22,0,0,83,1,84,0,2,103,1,106,150,0,150,256
08/07/2009,LAF,IN,AGL,CE,Tower without Radar,0,1,13,0,14,0,0,45,0,45,0,1,58,0,59,68,0,68,127
08/08/2009,LAF,IN,AGL,CE,Tower without Radar,0,0,5,0,5,0,0,34,0,34,0,0,39,0,39,34,0,34,73
08/09/2009,LAF,IN,AGL,CE,Tower without Radar,0,2,6,0,8,0,0,33,0,33,0,2,39,0,41,64,0,64,105
08/10/2009,LAF,IN,AGL,CE,Tower without Radar,0,0,11,0,11,0,1,34,0,35,0,1,45,0,46,46,0,46,92
08/11/2009,LAF,IN,AGL,CE,Tower without Radar,0,0,9,0,9,0,0,29,0,29,0,0,38,0,38,142,0,142,180
08/12/2009,LAF,IN,AGL,CE,Tower without Radar,0,0,11,0,11,0,0,64,0,64,0,0,75,0,75,100,0,100,175
08/13/2009,LAF,IN,AGL,CE,Tower without Radar,0,0,17,0,17,0,0,59,0,59,0,0,76,0,76,110,0,110,186
08/14/2009,LAF,IN,AGL,CE,Tower without Radar,0,0,21,0,21,0,0,50,0,50,0,0,71,0,71,82,0,82,153
08/15/2009,LAF,IN,AGL,CE,Tower without Radar,0,1,3,0,4,0,1,25,1,27,0,2,28,1,31,38,0,38,69
08/16/2009,LAF,IN,AGL,CE,Tower without Radar,0,2,3,0,5,0,2,38,0,40,0,4,41,0,45,20,0,20,65
08/17/2009,LAF,IN,AGL,CE,Tower without Radar,0,0,9,0,9,0,0,39,0,39,0,0,48,0,48,48,0,48,96
08/18/2009,LAF,IN,AGL,CE,Tower without Radar,0,0,18,0,18,0,0,16,0,16,0,0,34,0,34,30,0,30,64
08/19/2009,LAF,IN,AGL,CE,Tower without Radar,0,2,9,0,11,0,0,17,0,17,0,2,26,0,28,72,0,72,100
08/20/2009,LAF,IN,AGL,CE,Tower without Radar,0,20,17,0,37,0,0,56,0,56,0,20,73,0,93,146,0,146,239
08/21/2009,LAF,IN,AGL,CE,Tower without Radar,0,0,21,0,21,0,0,43,0,43,0,0,64,0,64,46,0,46,110
08/22/2009,LAF,IN,AGL,CE,Tower without Radar,0,1,26,0,27,0,0,33,0,33,0,1,59,0,60,44,0,44,104
08/23/2009,LAF,IN,AGL,CE,Tower without Radar,0,0,18,0,18,0,1,36,0,37,0,1,54,0,55,60,0,60,115
08/24/2009,LAF,IN,AGL,CE,Tower without Radar,0,0,17,0,17,0,0,69,0,69,0,0,86,0,86,100,0,100,186
08/25/2009,LAF,IN,AGL,CE,Tower without Radar,0,0,14,0,14,0,0,96,0,96,0,0,110,0,110,186,0,186,296
08/26/2009,LAF,IN,AGL,CE,Tower without Radar,0,6,14,0,20,0,0,104,0,104,0,6,118,0,124,190,0,190,314
08/27/2009,LAF,IN,AGL,CE,Tower without Radar,0,7,22,0,29,0,0,150,0,150,0,7,172,0,179,290,0,290,469
08/28/2009,LAF,IN,AGL,CE,Tower without Radar,0,0,19,0,19,0,0,0,0,0,0,0,19,0,19,0,0,0,19
08/29/2009,LAF,IN,AGL,CE,Tower without Radar,0,1,14,0,15,0,1,66,0,67,0,2,80,0,82,152,0,152,234
08/30/2009,LAF,IN,AGL,CE,Tower without Radar,0,1,15,0,16,0,2,92,0,94,0,3,107,0,110,120,0,120,230
08/31/2009,LAF,IN,AGL,CE,Tower without Radar,0,2,15,0,17,0,0,158,0,158,0,2,173,0,175,348,0,348,523
09/01/2009,LAF,IN,AGL,CE,Tower without Radar,0,2,28,0,30,0,0,186,0,186,0,2,214,0,216,330,0,330,546
09/02/2009,LAF,IN,AGL,CE,Tower without Radar,0,0,26,0,26,0,0,218,0,218,0,0,244,0,244,344,0,344,588
09/03/2009,LAF,IN,AGL,CE,Tower without Radar,0,2,39,0,41,0,1,201,2,204,0,3,240,2,245,436,0,436,681
09/04/2009,LAF,IN,AGL,CE,Tower without Radar,0,2,21,0,23,0,0,176,0,176,0,2,197,0,199,444,0,444,643
09/05/2009,LAF,IN,AGL,CE,Tower without Radar,0,4,42,0,46,0,0,111,0,111,0,4,153,0,157,132,0,132,289
09/06/2009,LAF,IN,AGL,CE,Tower without Radar,0,2,9,0,11,0,0,46,0,46,0,2,55,0,57,40,0,40,97
09/07/2009,LAF,IN,AGL,CE,Tower without Radar,0,0,20,0,20,0,1,34,0,35,0,1,54,0,55,86,0,86,141
09/08/2009,LAF,IN,AGL,CE,Tower without Radar,0,0,24,0,24,0,0,33,0,33,0,0,57,0,57,156,0,156,213
09/09/2009,LAF,IN,AGL,CE,Tower without Radar,1,2,20,0,23,0,0,66,0,66,1,2,86,0,89,168,0,168,257
09/10/2009,LAF,IN,AGL,CE,Tower without Radar,0,0,42,0,42,0,0,169,0,169,0,0,211,0,211,421,0,421,632
09/11/2009,LAF,IN,AGL,CE,Tower without Radar,1,0,35,0,36,0,0,142,0,142,1,0,177,0,178,530,0,530,708
09/12/2009,LAF,IN,AGL,CE,Tower without Radar,0,0,28,0,28,0,3,158,0,161,0,3,186,0,189,562,0,562,751
09/13/2009,LAF,IN,AGL,CE,Tower without Radar,1,2,8,0,11,0,0,122,0,122,1,2,130,0,133,236,0,236,369
09/14/2009,LAF,IN,AGL,CE,Tower without Radar,0,0,28,0,28,0,1,162,0,163,0,1,190,0,191,618,0,618,809
09/15/2009,LAF,IN,AGL,CE,Tower without Radar,0,1,67,0,68,0,0,163,0,163,0,1,230,0,231,566,0,566,797
09/16/2009,LAF,IN,AGL,CE,Tower without Radar,0,0,35,0,35,0,3,167,0,170,0,3,202,0,205,480,0,480,685
09/17/2009,LAF,IN,AGL,CE,Tower without Radar,0,0,50,0,50,0,0,163,0,163,0,0,213,0,213,512,0,512,725
09/18/2009,LAF,IN,AGL,CE,Tower without Radar,0,2,41,0,43,0,0,149,1,150,0,2,190,1,193,494,0,494,687
09/19/2009,LAF,IN,AGL,CE,Tower without Radar,0,6,30,0,36,0,1,142,0,143,0,7,172,0,179,192,0,192,371
09/20/2009,LAF,IN,AGL,CE,Tower without Radar,0,2,9,0,11,0,0,70,0,70,0,2,79,0,81,214,0,214,295
09/21/2009,LAF,IN,AGL,CE,Tower without Radar,0,0,26,0,26,0,0,77,0,77,0,0,103,0,103,298,0,298,401
09/22/2009,LAF,IN,AGL,CE,Tower without Radar,0,1,17,4,22,0,0,74,0,74,0,1,91,4,96,354,0,354,450
09/23/2009,LAF,IN,AGL,CE,Tower without Radar,0,1,26,1,28,0,0,149,8,157,0,1,175,9,185,524,0,524,709
09/24/2009,LAF,IN,AGL,CE,Tower without Radar,0,6,49,1,56,0,0,0,0,0,0,6,49,1,56,0,0,0,56
09/25/2009,LAF,IN,AGL,CE,Tower without Radar,0,7,47,1,55,0,0,80,0,80,0,7,127,1,135,240,0,240,375
09/26/2009,LAF,IN,AGL,CE,Tower without Radar,0,2,34,2,38,0,0,54,2,56,0,2,88,4,94,236,2,238,332
09/27/2009,LAF,IN,AGL,CE,Tower without Radar,0,9,28,1,38,0,0,65,0,65,0,9,93,1,103,66,0,66,169
09/28/2009,LAF,IN,AGL,CE,Tower without Radar,0,4,26,0,30,0,0,15,0,15,0,4,41,0,45,8,0,8,53
09/29/2009,LAF,IN,AGL,CE,Tower without Radar,0,1,54,0,55,0,1,155,4,160,0,2,209,4,215,558,0,558,773
09/30/2009,LAF,IN,AGL,CE,Tower without Radar,0,3,43,0,46,0,0,152,0,152,0,3,195,0,198,633,0,633,831
10/01/2009,LAF,IN,AGL,CE,Tower without Radar,0,2,61,0,63,0,0,166,0,166,0,2,227,0,229,402,0,402,631
10/02/2009,LAF,IN,AGL,CE,Tower without Radar,0,9,50,1,60,0,2,108,7,117,0,11,158,8,177,314,8,322,499
10/03/2009,LAF,IN,AGL,CE,Tower without Radar,0,10,29,0,39,0,3,13,0,16,0,13,42,0,55,42,0,42,97
10/04/2009,LAF,IN,AGL,CE,Tower without Radar,0,4,23,1,28,0,0,125,1,126,0,4,148,2,154,124,4,128,282
10/05/2009,LAF,IN,AGL,CE,Tower without Radar,0,0,67,1,68,0,1,192,0,193,0,1,259,1,261,634,0,634,895
10/06/2009,LAF,IN,AGL,CE,Tower without Radar,0,0,34,0,34,0,5,34,0,39,0,5,68,0,73,136,0,136,209
10/07/2009,LAF,IN,AGL,CE,Tower without Radar,0,0,40,0,40,0,0,181,0,181,0,0,221,0,221,710,0,710,931
10/08/2009,LAF,IN,AGL,CE,Tower without Radar,0,0,28,0,28,0,0,31,0,31,0,0,59,0,59,58,0,58,117
10/09/2009,LAF,IN,AGL,CE,Tower without Radar,0,3,29,1,33,0,0,87,1,88,0,3,116,2,121,280,1,281,402
10/10/2009,LAF,IN,AGL,CE,Tower without Radar,2,0,13,0,15,0,1,101,0,102,2,1,114,0,117,278,0,278,395
10/11/2009,LAF,IN,AGL,CE,Tower without Radar,0,3,20,0,23,0,0,110,0,110,0,3,130,0,133,180,0,180,313
10/12/2009,LAF,IN,AGL,CE,Tower without Radar,0,1,35,0,36,0,1,141,0,142,0,2,176,0,178,459,0,459,637
10/13/2009,LAF,IN,AGL,CE,Tower without Radar,0,2,22,0,24,0,0,125,0,125,0,2,147,0,149,272,0,272,421
10/14/2009,LAF,IN,AGL,CE,Tower without Radar,0,1,29,0,30,0,1,155,1,157,0,2,184,1,187,555,0,555,742
10/15/2009,LAF,IN,AGL,CE,Tower without Radar,0,0,38,0,38,0,0,6,0,6,0,0,44,0,44,0,0,0,44
10/16/2009,LAF,IN,AGL,CE,Tower without Radar,1,4,18,4,27,0,0,69,0,69,1,4,87,4,96,282,0,282,378
10/17/2009,LAF,IN,AGL,CE,Tower without Radar,1,1,41,2,45,0,4,152,0,156,1,5,193,2,201,254,0,254,455
10/18/2009,LAF,IN,AGL,CE,Tower without Radar,0,2,18,0,20,0,0,122,0,122,0,2,140,0,142,340,0,340,482
10/19/2009,LAF,IN,AGL,CE,Tower without Radar,0,4,43,0,47,0,0,180,0,180,0,4,223,0,227,498,0,498,725
10/20/2009,LAF,IN,AGL,CE,Tower without Radar,0,2,42,2,46,0,0,163,0,163,0,2,205,2,209,572,0,572,781
10/21/2009,LAF,IN,AGL,CE,Tower without Radar,0,0,24,0,24,0,0,173,0,173,0,0,197,0,197,641,0,641,838
10/22/2009,LAF,IN,AGL,CE,Tower without Radar,0,1,42,0,43,0,0,137,0,137,0,1,179,0,180,554,0,554,734
10/23/2009,LAF,IN,AGL,CE,Tower without Radar,0,0,13,0,13,0,1,5,0,6,0,1,18,0,19,0,0,0,19
10/24/2009,LAF,IN,AGL,CE,Tower without Radar,0,2,20,2,24,0,1,29,0,30,0,3,49,2,54,64,0,64,118
10/25/2009,LAF,IN,AGL,CE,Tower without Radar,0,0,30,0,30,0,1,116,0,117,0,1,146,0,147,126,0,126,273
10/26/2009,LAF,IN,AGL,CE,Tower without Radar,0,0,30,0,30,0,1,196,0,197,0,1,226,0,227,686,0,686,913
10/27/2009,LAF,IN,AGL,CE,Tower without Radar,0,2,29,0,31,0,0,0,0,0,0,2,29,0,31,0,0,0,31
10/28/2009,LAF,IN,AGL,CE,Tower without Radar,0,0,8,0,8,0,0,62,0,62,0,0,70,0,70,398,0,398,468
10/29/2009,LAF,IN,AGL,CE,Tower without Radar,0,5,49,0,54,0,0,190,0,190,0,5,239,0,244,596,0,596,840
10/30/2009,LAF,IN,AGL,CE,Tower without Radar,0,2,19,1,22,0,1,71,1,73,0,3,90,2,95,193,1,194,289
10/31/2009,LAF,IN,AGL,CE,Tower without Radar,2,2,19,0,23,0,0,66,0,66,2,2,85,0,89,240,0,240,329
11/01/2009,LAF,IN,AGL,CE,Tower without Radar,0,0,19,2,21,0,1,118,1,120,0,1,137,3,141,124,0,124,265
11/02/2009,LAF,IN,AGL,CE,Tower without Radar,0,0,35,0,35,0,2,163,2,167,0,2,198,2,202,474,0,474,676
11/03/2009,LAF,IN,AGL,CE,Tower without Radar,0,4,44,0,48,0,0,192,0,192,0,4,236,0,240,618,0,618,858
11/04/2009,LAF,IN,AGL,CE,Tower without Radar,0,1,30,0,31,0,2,163,0,165,0,3,193,0,196,648,0,648,844
11/05/2009,LAF,IN,AGL,CE,Tower without Radar,0,0,54,0,54,0,0,201,0,201,0,0,255,0,255,396,0,396,651
11/06/2009,LAF,IN,AGL,CE,Tower without Radar,0,2,25,0,27,0,0,145,0,145,0,2,170,0,172,378,0,378,550
11/07/2009,LAF,IN,AGL,CE,Tower without Radar,0,4,16,0,20,0,3,139,16,158,0,7,155,16,178,272,0,272,450
11/08/2009,LAF,IN,AGL,CE,Tower without Radar,0,1,23,0,24,0,1,142,0,143,0,2,165,0,167,206,0,206,373
11/09/2009,LAF,IN,AGL,CE,Tower without Radar,0,2,24,0,26,0,0,144,0,144,0,2,168,0,170,452,0,452,622
11/10/2009,LAF,IN,AGL,CE,Tower without Radar,0,2,36,0,38,0,0,99,0,99,0,2,135,0,137,374,0,374,511
11/11/2009,LAF,IN,AGL,CE,Tower without Radar,0,0,25,0,25,0,4,191,0,195,0,4,216,0,220,404,0,404,624
11/12/2009,LAF,IN,AGL,CE,Tower without Radar,0,2,29,0,31,0,0,192,0,192,0,2,221,0,223,400,0,400,623
11/13/2009,LAF,IN,AGL,CE,Tower without Radar,1,4,36,0,41,0,1,151,0,152,1,5,187,0,193,341,0,341,534
11/14/2009,LAF,IN,AGL,CE,Tower without Radar,1,4,25,0,30,0,3,124,0,127,1,7,149,0,157,130,0,130,287
11/15/2009,LAF,IN,AGL,CE,Tower without Radar,0,2,13,0,15,0,0,30,0,30,0,2,43,0,45,124,0,124,169
11/16/2009,LAF,IN,AGL,CE,Tower without Radar,0,0,2,0,2,0,1,4,0,5,0,1,6,0,7,18,0,18,25
11/17/2009,LAF,IN,AGL,CE,Tower without Radar,0,2,15,0,17,0,0,6,0,6,0,2,21,0,23,8,0,8,31
11/18/2009,LAF,IN,AGL,CE,Tower without Radar,0,1,20,0,21,0,1,75,1,77,0,2,95,1,98,350,0,350,448
11/19/2009,LAF,IN,AGL,CE,Tower without Radar,0,3,16,0,19,0,0,4,0,4,0,3,20,0,23,40,0,40,63
11/20/2009,LAF,IN,AGL,CE,Tower without Radar,0,0,10,0,10,0,0,73,0,73,0,0,83,0,83,212,0,212,295
11/21/2009,LAF,IN,AGL,CE,Tower without Radar,0,0,17,0,17,0,0,116,0,116,0,0,133,0,133,248,0,248,381
11/22/2009,LAF,IN,AGL,CE,Tower without Radar,0,3,15,0,18,0,0,86,0,86,0,3,101,0,104,224,0,224,328
11/23/2009,LAF,IN,AGL,CE,Tower without Radar,0,0,35,0,35,0,0,86,0,86,0,0,121,0,121,128,0,128,249
11/24/2009,LAF,IN,AGL,CE,Tower without Radar,0,2,15,0,17,0,0,28,0,28,0,2,43,0,45,14,0,14,59
11/25/2009,LAF,IN,AGL,CE,Tower without Radar,0,1,3,0,4,0,0,0,0,0,0,1,3,0,4,0,0,0,4
11/26/2009,LAF,IN,AGL,CE,Tower without Radar,0,2,2,0,4,0,0,3,0,3,0,2,5,0,7,0,0,0,7
11/27/2009,LAF,IN,AGL,CE,Tower without Radar,0,0,1,0,1,0,5,15,2,22,0,5,16,2,23,18,0,18,41
11/28/2009,LAF,IN,AGL,CE,Tower without Radar,0,0,5,0,5,0,0,57,0,57,0,0,62,0,62,38,0,38,100
11/29/2009,LAF,IN,AGL,CE,Tower without Radar,0,5,7,0,12,0,0,33,0,33,0,5,40,0,45,22,0,22,67
11/30/2009,LAF,IN,AGL,CE,Tower without Radar,0,1,28,0,29,0,1,136,0,137,0,2,164,0,166,288,0,288,454
12/01/2009,LAF,IN,AGL,CE,Tower without Radar,0,1,11,0,12,0,0,181,0,181,0,1,192,0,193,384,0,384,577
12/02/2009,LAF,IN,AGL,CE,Tower without Radar,0,1,19,0,20,0,1,89,0,90,0,2,108,0,110,246,0,246,356
12/03/2009,LAF,IN,AGL,CE,Tower without Radar,0,0,6,0,6,0,0,52,3,55,0,0,58,3,61,240,22,262,323
12/04/2009,LAF,IN,AGL,CE,Tower without Radar,0,2,28,0,30,0,0,101,0,101,0,2,129,0,131,266,0,266,397
12/05/2009,LAF,IN,AGL,CE,Tower without Radar,0,1,10,0,11,0,0,140,0,140,0,1,150,0,151,336,0,336,487
12/06/2009,LAF,IN,AGL,CE,Tower without Radar,0,1,8,0,9,0,0,100,0,100,0,1,108,0,109,148,0,148,257
12/07/2009,LAF,IN,AGL,CE,Tower without Radar,0,0,5,0,5,0,0,0,0,0,0,0,5,0,5,0,0,0,5
12/08/2009,LAF,IN,AGL,CE,Tower without Radar,0,1,11,0,12,0,0,41,0,41,0,1,52,0,53,212,0,212,265
12/09/2009,LAF,IN,AGL,CE,Tower without Radar,0,0,2,0,2,0,0,0,0,0,0,0,2,0,2,0,0,0,2
12/10/2009,LAF,IN,AGL,CE,Tower without Radar,0,0,13,2,15,0,1,40,0,41,0,1,53,2,56,84,0,84,140
12/11/2009,LAF,IN,AGL,CE,Tower without Radar,0,5,15,0,20,0,0,158,0,158,0,5,173,0,178,480,0,480,658
12/12/2009,LAF,IN,AGL,CE,Tower without Radar,0,5,23,0,28,0,0,138,0,138,0,5,161,0,166,328,0,328,494
12/13/2009,LAF,IN,AGL,CE,Tower without Radar,0,2,0,0,2,0,0,0,0,0,0,2,0,0,2,0,0,0,2
12/14/2009,LAF,IN,AGL,CE,Tower without Radar,0,0,11,2,13,0,0,26,0,26,0,0,37,2,39,88,0,88,127
12/15/2009,LAF,IN,AGL,CE,Tower without Radar,0,1,29,2,32,0,0,44,0,44,0,1,73,2,76,116,0,116,192
12/16/2009,LAF,IN,AGL,CE,Tower without Radar,0,2,23,0,25,0,0,139,0,139,0,2,162,0,164,352,0,352,516
12/17/2009,LAF,IN,AGL,CE,Tower without Radar,0,6,29,0,35,0,0,97,0,97,0,6,126,0,132,260,0,260,392
12/18/2009,LAF,IN,AGL,CE,Tower without Radar,0,0,14,3,17,0,2,63,0,65,0,2,77,3,82,144,0,144,226
12/19/2009,LAF,IN,AGL,CE,Tower without Radar,0,0,6,0,6,0,2,0,0,2,0,2,6,0,8,0,0,0,8
12/20/2009,LAF,IN,AGL,CE,Tower without Radar,0,0,4,0,4,0,0,0,0,0,0,0,4,0,4,0,0,0,4
12/21/2009,LAF,IN,AGL,CE,Tower without Radar,0,0,7,0,7,0,0,4,0,4,0,0,11,0,11,36,0,36,47
12/22/2009,LAF,IN,AGL,CE,Tower without Radar,0,0,3,0,3,0,0,3,0,3,0,0,6,0,6,22,0,22,28
12/23/2009,LAF,IN,AGL,CE,Tower without Radar,0,0,3,0,3,0,0,0,0,0,0,0,3,0,3,0,0,0,3
12/24/2009,LAF,IN,AGL,CE,Tower without Radar,0,0,2,0,2,0,0,0,0,0,0,0,2,0,2,0,0,0,2
12/25/2009,LAF,IN,AGL,CE,Tower without Radar,0,0,0,0,0,0,0,0,0,0,0,0,0,0,0,0,0,0,0
12/26/2009,LAF,IN,AGL,CE,Tower without Radar,0,2,0,0,2,0,0,0,0,0,0,2,0,0,2,0,0,0,2
12/27/2009,LAF,IN,AGL,CE,Tower without Radar,0,1,2,0,3,0,0,0,0,0,0,1,2,0,3,0,0,0,3
12/28/2009,LAF,IN,AGL,CE,Tower without Radar,0,6,0,0,6,0,0,0,0,0,0,6,0,0,6,0,0,0,6
12/29/2009,LAF,IN,AGL,CE,Tower without Radar,0,0,6,0,6,0,0,39,2,41,0,0,45,2,47,78,0,78,125
12/30/2009,LAF,IN,AGL,CE,Tower without Radar,0,1,4,0,5,0,0,8,0,8,0,1,12,0,13,22,0,22,35
12/31/2009,LAF,IN,AGL,CE,Tower without Radar,0,1,2,0,3,0,0,2,0,2,0,1,4,0,5,12,0,12,17
01/01/2010,LAF,IN,AGL,CE,Tower without Radar,0,1,9,0,10,0,2,3,0,5,0,3,12,0,15,8,0,8,23
01/02/2010,LAF,IN,AGL,CE,Tower without Radar,0,2,4,0,6,0,0,2,0,2,0,2,6,0,8,0,0,0,8
01/03/2010,LAF,IN,AGL,CE,Tower without Radar,0,2,9,0,11,0,0,8,0,8,0,2,17,0,19,8,0,8,27
01/04/2010,LAF,IN,AGL,CE,Tower without Radar,0,1,1,0,2,0,4,24,0,28,0,5,25,0,30,46,0,46,76
01/05/2010,LAF,IN,AGL,CE,Tower without Radar,0,0,2,2,4,0,0,20,0,20,0,0,22,2,24,60,0,60,84
01/06/2010,LAF,IN,AGL,CE,Tower without Radar,0,2,20,0,22,0,1,26,0,27,0,3,46,0,49,80,0,80,129
01/07/2010,LAF,IN,AGL,CE,Tower without Radar,0,0,1,0,1,0,0,0,0,0,0,0,1,0,1,0,0,0,1
01/08/2010,LAF,IN,AGL,CE,Tower without Radar,0,2,2,0,4,0,0,0,0,0,0,2,2,0,4,0,0,0,4
01/09/2010,LAF,IN,AGL,CE,Tower without Radar,0,2,2,0,4,0,0,9,0,9,0,2,11,0,13,80,0,80,93
01/10/2010,LAF,IN,AGL,CE,Tower without Radar,0,0,20,0,20,0,0,36,0,36,0,0,56,0,56,38,0,38,94
01/11/2010,LAF,IN,AGL,CE,Tower without Radar,0,5,9,0,14,0,0,6,0,6,0,5,15,0,20,12,0,12,32
01/12/2010,LAF,IN,AGL,CE,Tower without Radar,0,0,12,0,12,0,0,36,0,36,0,0,48,0,48,78,0,78,126
01/13/2010,LAF,IN,AGL,CE,Tower without Radar,0,2,7,0,9,0,3,100,0,103,0,5,107,0,112,234,0,234,346
01/14/2010,LAF,IN,AGL,CE,Tower without Radar,0,2,12,0,14,0,0,130,0,130,0,2,142,0,144,320,0,320,464
01/15/2010,LAF,IN,AGL,CE,Tower without Radar,0,1,5,0,6,0,0,1,0,1,0,1,6,0,7,0,0,0,7
01/16/2010,LAF,IN,AGL,CE,Tower without Radar,0,2,4,0,6,0,0,0,0,0,0,2,4,0,6,0,0,0,6
01/17/2010,LAF,IN,AGL,CE,Tower without Radar,0,1,1,0,2,0,0,0,0,0,0,1,1,0,2,0,0,0,2
01/18/2010,LAF,IN,AGL,CE,Tower without Radar,0,4,4,0,8,0,0,0,0,0,0,4,4,0,8,4,0,4,12
01/19/2010,LAF,IN,AGL,CE,Tower without Radar,0,2,3,0,5,0,0,0,0,0,0,2,3,0,5,0,0,0,5
01/20/2010,LAF,IN,AGL,CE,Tower without Radar,0,1,5,0,6,0,0,37,0,37,0,1,42,0,43,170,0,170,213
01/21/2010,LAF,IN,AGL,CE,Tower without Radar,0,0,3,0,3,0,0,0,0,0,0,0,3,0,3,0,0,0,3
01/22/2010,LAF,IN,AGL,CE,Tower without Radar,0,2,7,0,9,0,0,0,0,0,0,2,7,0,9,0,0,0,9
01/23/2010,LAF,IN,AGL,CE,Tower without Radar,1,0,7,0,8,0,2,3,0,5,1,2,10,0,13,6,0,6,19
01/24/2010,LAF,IN,AGL,CE,Tower without Radar,0,1,5,0,6,0,0,8,0,8,0,1,13,0,14,28,0,28,42
01/25/2010,LAF,IN,AGL,CE,Tower without Radar,0,1,10,0,11,0,0,23,0,23,0,1,33,0,34,52,0,52,86
01/26/2010,LAF,IN,AGL,CE,Tower without Radar,0,0,3,0,3,0,0,12,0,12,0,0,15,0,15,72,0,72,87
01/27/2010,LAF,IN,AGL,CE,Tower without Radar,0,3,13,0,16,0,0,118,0,118,0,3,131,0,134,330,0,330,464
01/28/2010,LAF,IN,AGL,CE,Tower without Radar,0,3,29,0,32,0,0,144,0,144,0,3,173,0,176,304,0,304,480
01/29/2010,LAF,IN,AGL,CE,Tower without Radar,0,0,30,0,30,0,0,112,0,112,0,0,142,0,142,242,0,242,384
01/30/2010,LAF,IN,AGL,CE,Tower without Radar,0,3,26,0,29,0,2,125,0,127,0,5,151,0,156,266,0,266,422
01/31/2010,LAF,IN,AGL,CE,Tower without Radar,0,3,28,0,31,0,0,131,0,131,0,3,159,0,162,92,0,92,254
02/01/2010,LAF,IN,AGL,CE,Tower without Radar,0,0,29,0,29,0,0,142,0,142,0,0,171,0,171,320,0,320,491
02/02/2010,LAF,IN,AGL,CE,Tower without Radar,0,2,34,0,36,0,0,139,0,139,0,2,173,0,175,372,0,372,547
02/03/2010,LAF,IN,AGL,CE,Tower without Radar,0,6,9,0,15,0,0,25,0,25,0,6,34,0,40,130,0,130,170
02/04/2010,LAF,IN,AGL,CE,Tower without Radar,0,0,51,0,51,0,0,97,1,98,0,0,148,1,149,366,0,366,515
02/05/2010,LAF,IN,AGL,CE,Tower without Radar,0,1,5,0,6,0,0,10,0,10,0,1,15,0,16,48,0,48,64
02/06/2010,LAF,IN,AGL,CE,Tower without Radar,0,0,5,0,5,0,0,21,0,21,0,0,26,0,26,32,0,32,58
02/07/2010,LAF,IN,AGL,CE,Tower without Radar,0,0,24,0,24,0,0,70,0,70,0,0,94,0,94,64,0,64,158
02/08/2010,LAF,IN,AGL,CE,Tower without Radar,0,4,28,0,32,0,0,92,0,92,0,4,120,0,124,380,0,380,504
02/09/2010,LAF,IN,AGL,CE,Tower without Radar,0,0,3,0,3,0,0,0,0,0,0,0,3,0,3,0,0,0,3
02/10/2010,LAF,IN,AGL,CE,Tower without Radar,0,0,12,0,12,0,0,32,0,32,0,0,44,0,44,168,0,168,212
02/11/2010,LAF,IN,AGL,CE,Tower without Radar,0,1,54,0,55,0,1,147,0,148,0,2,201,0,203,220,0,220,423
02/12/2010,LAF,IN,AGL,CE,Tower without Radar,0,4,56,0,60,0,0,74,0,74,0,4,130,0,134,260,0,260,394
02/13/2010,LAF,IN,AGL,CE,Tower without Radar,0,7,35,0,42,0,0,90,0,90,0,7,125,0,132,294,0,294,426
02/14/2010,LAF,IN,AGL,CE,Tower without Radar,0,2,9,0,11,0,1,42,0,43,0,3,51,0,54,92,0,92,146
02/15/2010,LAF,IN,AGL,CE,Tower without Radar,0,1,11,0,12,0,0,29,0,29,0,1,40,0,41,132,0,132,173
02/16/2010,LAF,IN,AGL,CE,Tower without Radar,0,2,5,0,7,0,0,18,2,20,0,2,23,2,27,166,0,166,193
02/17/2010,LAF,IN,AGL,CE,Tower without Radar,0,0,33,0,33,0,1,120,1,122,0,1,153,1,155,566,0,566,721
02/18/2010,LAF,IN,AGL,CE,Tower without Radar,0,2,56,0,58,0,0,158,0,158,0,2,214,0,216,556,0,556,772
02/19/2010,LAF,IN,AGL,CE,Tower without Radar,0,0,53,0,53,0,0,159,0,159,0,0,212,0,212,414,0,414,626
02/20/2010,LAF,IN,AGL,CE,Tower without Radar,0,1,14,0,15,0,0,56,0,56,0,1,70,0,71,219,0,219,290
02/21/2010,LAF,IN,AGL,CE,Tower without Radar,0,1,5,0,6,0,0,0,0,0,0,1,5,0,6,0,0,0,6
02/22/2010,LAF,IN,AGL,CE,Tower without Radar,0,2,4,0,6,0,0,0,0,0,0,2,4,0,6,0,0,0,6
02/23/2010,LAF,IN,AGL,CE,Tower without Radar,0,2,0,0,2,0,0,3,0,3,0,2,3,0,5,34,0,34,39
02/24/2010,LAF,IN,AGL,CE,Tower without Radar,0,2,4,0,6,0,0,2,0,2,0,2,6,0,8,2,0,2,10
02/25/2010,LAF,IN,AGL,CE,Tower without Radar,0,0,35,0,35,0,0,132,0,132,0,0,167,0,167,302,0,302,469
02/26/2010,LAF,IN,AGL,CE,Tower without Radar,0,0,51,0,51,0,0,116,0,116,0,0,167,0,167,276,0,276,443
02/27/2010,LAF,IN,AGL,CE,Tower without Radar,0,3,2,0,5,0,0,8,0,8,0,3,10,0,13,94,0,94,107
02/28/2010,LAF,IN,AGL,CE,Tower without Radar,0,3,10,0,13,0,0,21,0,21,0,3,31,0,34,82,0,82,116
03/01/2010,LAF,IN,AGL,CE,Tower without Radar,0,2,23,0,25,0,0,68,0,68,0,2,91,0,93,492,0,492,585
03/02/2010,LAF,IN,AGL,CE,Tower without Radar,0,0,42,0,42,0,0,84,0,84,0,0,126,0,126,418,0,418,544
03/03/2010,LAF,IN,AGL,CE,Tower without Radar,0,2,47,0,49,0,0,96,0,96,0,2,143,0,145,522,0,522,667
03/04/2010,LAF,IN,AGL,CE,Tower without Radar,0,0,59,0,59,0,0,149,0,149,0,0,208,0,208,415,0,415,623
03/05/2010,LAF,IN,AGL,CE,Tower without Radar,0,2,40,0,42,0,0,111,0,111,0,2,151,0,153,390,0,390,543
03/06/2010,LAF,IN,AGL,CE,Tower without Radar,0,1,65,0,66,0,0,167,0,167,0,1,232,0,233,386,0,386,619
03/07/2010,LAF,IN,AGL,CE,Tower without Radar,0,1,14,0,15,0,0,87,0,87,0,1,101,0,102,96,0,96,198
03/08/2010,LAF,IN,AGL,CE,Tower without Radar,0,2,17,0,19,0,0,53,0,53,0,2,70,0,72,366,0,366,438
03/09/2010,LAF,IN,AGL,CE,Tower without Radar,0,0,70,0,70,0,0,118,0,118,0,0,188,0,188,412,0,412,600
03/10/2010,LAF,IN,AGL,CE,Tower without Radar,0,0,56,0,56,0,0,66,0,66,0,0,122,0,122,370,0,370,492
03/11/2010,LAF,IN,AGL,CE,Tower without Radar,0,0,31,0,31,0,0,54,0,54,0,0,85,0,85,206,0,206,291
03/12/2010,LAF,IN,AGL,CE,Tower without Radar,0,0,31,0,31,0,0,42,0,42,0,0,73,0,73,136,0,136,209
03/13/2010,LAF,IN,AGL,CE,Tower without Radar,0,0,5,0,5,0,0,0,0,0,0,0,5,0,5,0,0,0,5
03/14/2010,LAF,IN,AGL,CE,Tower without Radar,0,0,3,0,3,0,1,8,0,9,0,1,11,0,12,0,0,0,12
03/15/2010,LAF,IN,AGL,CE,Tower without Radar,0,2,14,2,18,0,0,33,0,33,0,2,47,2,51,78,0,78,129
03/16/2010,LAF,IN,AGL,CE,Tower without Radar,0,0,4,0,4,0,0,58,0,58,0,0,62,0,62,46,0,46,108
03/17/2010,LAF,IN,AGL,CE,Tower without Radar,0,2,26,0,28,0,0,52,0,52,0,2,78,0,80,80,0,80,160
03/18/2010,LAF,IN,AGL,CE,Tower without Radar,0,0,34,0,34,0,1,85,0,86,0,1,119,0,120,50,0,50,170
03/19/2010,LAF,IN,AGL,CE,Tower without Radar,0,0,15,0,15,0,0,50,0,50,0,0,65,0,65,98,0,98,163
03/20/2010,LAF,IN,AGL,CE,Tower without Radar,0,0,13,0,13,0,0,29,0,29,0,0,42,0,42,30,0,30,72
03/21/2010,LAF,IN,AGL,CE,Tower without Radar,0,0,24,0,24,0,0,31,0,31,0,0,55,0,55,32,0,32,87
03/22/2010,LAF,IN,AGL,CE,Tower without Radar,0,3,34,0,37,0,0,110,0,110,0,3,144,0,147,356,0,356,503
03/23/2010,LAF,IN,AGL,CE,Tower without Radar,0,2,37,0,39,0,0,113,0,113,0,2,150,0,152,244,0,244,396
03/24/2010,LAF,IN,AGL,CE,Tower without Radar,0,0,53,0,53,0,0,179,0,179,0,0,232,0,232,326,0,326,558
03/25/2010,LAF,IN,AGL,CE,Tower without Radar,0,0,25,1,26,0,0,7,0,7,0,0,32,1,33,0,0,0,33
03/26/2010,LAF,IN,AGL,CE,Tower without Radar,0,3,51,0,54,0,0,168,0,168,0,3,219,0,222,470,0,470,692
03/27/2010,LAF,IN,AGL,CE,Tower without Radar,2,2,52,0,56,0,0,184,0,184,2,2,236,0,240,286,0,286,526
03/28/2010,LAF,IN,AGL,CE,Tower without Radar,0,0,8,0,8,0,0,0,0,0,0,0,8,0,8,0,0,0,8
03/29/2010,LAF,IN,AGL,CE,Tower without Radar,0,0,49,2,51,0,0,119,0,119,0,0,168,2,170,358,0,358,528
03/30/2010,LAF,IN,AGL,CE,Tower without Radar,0,0,40,1,41,0,0,119,0,119,0,0,159,1,160,274,2,276,436
03/31/2010,LAF,IN,AGL,CE,Tower without Radar,0,2,47,4,53,0,0,104,2,106,0,2,151,6,159,250,0,250,409
04/01/2010,LAF,IN,AGL,CE,Tower without Radar,0,0,61,0,61,0,0,132,0,132,0,0,193,0,193,256,0,256,449
04/02/2010,LAF,IN,AGL,CE,Tower without Radar,0,1,22,0,23,0,0,86,0,86,0,1,108,0,109,92,0,92,201
04/03/2010,LAF,IN,AGL,CE,Tower without Radar,0,2,7,0,9,0,0,31,0,31,0,2,38,0,40,74,0,74,114
04/04/2010,LAF,IN,AGL,CE,Tower without Radar,0,0,20,1,21,0,0,42,1,43,0,0,62,2,64,30,0,30,94
04/05/2010,LAF,IN,AGL,CE,Tower without Radar,0,1,43,0,44,0,0,91,0,91,0,1,134,0,135,276,0,276,411
04/06/2010,LAF,IN,AGL,CE,Tower without Radar,0,0,19,0,19,0,0,70,1,71,0,0,89,1,90,126,0,126,216
04/07/2010,LAF,IN,AGL,CE,Tower without Radar,0,0,29,0,29,0,0,35,0,35,0,0,64,0,64,57,0,57,121
04/08/2010,LAF,IN,AGL,CE,Tower without Radar,0,0,45,0,45,0,0,81,0,81,0,0,126,0,126,160,0,160,286
04/09/2010,LAF,IN,AGL,CE,Tower without Radar,0,0,56,0,56,0,0,171,0,171,0,0,227,0,227,236,0,236,463
04/10/2010,LAF,IN,AGL,CE,Tower without Radar,0,0,37,0,37,0,0,184,0,184,0,0,221,0,221,302,0,302,523
04/11/2010,LAF,IN,AGL,CE,Tower without Radar,0,2,13,0,15,0,1,127,0,128,0,3,140,0,143,172,0,172,315
04/12/2010,LAF,IN,AGL,CE,Tower without Radar,0,0,39,0,39,0,0,124,0,124,0,0,163,0,163,368,0,368,531
04/13/2010,LAF,IN,AGL,CE,Tower without Radar,0,0,38,0,38,0,0,150,0,150,0,0,188,0,188,262,0,262,450
04/14/2010,LAF,IN,AGL,CE,Tower without Radar,0,1,33,0,34,0,0,114,0,114,0,1,147,0,148,226,0,226,374
04/15/2010,LAF,IN,AGL,CE,Tower without Radar,0,2,32,0,34,0,0,136,0,136,0,2,168,0,170,308,0,308,478
04/16/2010,LAF,IN,AGL,CE,Tower without Radar,0,3,34,0,37,0,0,81,0,81,0,3,115,0,118,298,0,298,416
04/17/2010,LAF,IN,AGL,CE,Tower without Radar,0,0,16,0,16,0,1,201,0,202,0,1,217,0,218,144,0,144,362
04/18/2010,LAF,IN,AGL,CE,Tower without Radar,0,0,13,0,13,0,1,141,0,142,0,1,154,0,155,134,0,134,289
04/19/2010,LAF,IN,AGL,CE,Tower without Radar,0,0,21,0,21,0,1,132,0,133,0,1,153,0,154,396,0,396,550
04/20/2010,LAF,IN,AGL,CE,Tower without Radar,0,0,46,1,47,0,0,156,0,156,0,0,202,1,203,526,0,526,729
04/21/2010,LAF,IN,AGL,CE,Tower without Radar,0,1,46,0,47,0,1,147,0,148,0,2,193,0,195,370,0,370,565
04/22/2010,LAF,IN,AGL,CE,Tower without Radar,0,4,39,2,45,0,0,189,0,189,0,4,228,2,234,386,0,386,620
04/23/2010,LAF,IN,AGL,CE,Tower without Radar,0,4,17,2,23,0,0,39,0,39,0,4,56,2,62,180,0,180,242
04/24/2010,LAF,IN,AGL,CE,Tower without Radar,0,0,7,0,7,0,0,5,0,5,0,0,12,0,12,16,0,16,28
04/25/2010,LAF,IN,AGL,CE,Tower without Radar,0,0,4,0,4,0,0,1,0,1,0,0,5,0,5,0,0,0,5
04/26/2010,LAF,IN,AGL,CE,Tower without Radar,0,0,25,0,25,0,0,107,0,107,0,0,132,0,132,284,0,284,416
04/27/2010,LAF,IN,AGL,CE,Tower without Radar,0,0,25,0,25,0,0,137,0,137,0,0,162,0,162,294,0,294,456
04/28/2010,LAF,IN,AGL,CE,Tower without Radar,0,4,20,0,24,0,0,130,0,130,0,4,150,0,154,364,0,364,518
04/29/2010,LAF,IN,AGL,CE,Tower without Radar,0,0,12,0,12,0,0,49,0,49,0,0,61,0,61,128,0,128,189
04/30/2010,LAF,IN,AGL,CE,Tower without Radar,0,0,5,0,5,0,0,19,0,19,0,0,24,0,24,34,0,34,58
05/01/2010,LAF,IN,AGL,CE,Tower without Radar,0,0,12,3,15,0,0,6,0,6,0,0,18,3,21,26,0,26,47
05/02/2010,LAF,IN,AGL,CE,Tower without Radar,0,0,14,0,14,0,0,12,0,12,0,0,26,0,26,48,0,48,74
05/03/2010,LAF,IN,AGL,CE,Tower without Radar,0,1,24,0,25,0,0,85,0,85,0,1,109,0,110,316,0,316,426
05/04/2010,LAF,IN,AGL,CE,Tower without Radar,0,0,25,0,25,0,0,129,0,129,0,0,154,0,154,372,0,372,526
05/05/2010,LAF,IN,AGL,CE,Tower without Radar,0,0,32,0,32,0,0,79,0,79,0,0,111,0,111,246,0,246,357
05/06/2010,LAF,IN,AGL,CE,Tower without Radar,0,0,16,0,16,0,2,117,0,119,0,2,133,0,135,374,0,374,509
05/07/2010,LAF,IN,AGL,CE,Tower without Radar,0,0,16,0,16,0,0,37,0,37,0,0,53,0,53,98,0,98,151
05/08/2010,LAF,IN,AGL,CE,Tower without Radar,0,3,7,0,10,0,0,6,0,6,0,3,13,0,16,8,0,8,24
05/09/2010,LAF,IN,AGL,CE,Tower without Radar,0,0,12,0,12,0,0,103,0,103,0,0,115,0,115,114,0,114,229
05/10/2010,LAF,IN,AGL,CE,Tower without Radar,0,2,22,0,24,0,0,94,0,94,0,2,116,0,118,240,0,240,358
05/11/2010,LAF,IN,AGL,CE,Tower without Radar,0,0,28,1,29,0,0,19,0,19,0,0,47,1,48,36,2,38,86
05/12/2010,LAF,IN,AGL,CE,Tower without Radar,0,2,23,0,25,0,0,31,0,31,0,2,54,0,56,100,0,100,156
05/13/2010,LAF,IN,AGL,CE,Tower without Radar,0,0,8,0,8,0,0,12,0,12,0,0,20,0,20,16,0,16,36
05/14/2010,LAF,IN,AGL,CE,Tower without Radar,0,0,23,0,23,0,0,72,0,72,0,0,95,0,95,200,8,208,303
05/15/2010,LAF,IN,AGL,CE,Tower without Radar,0,0,15,0,15,0,0,55,0,55,0,0,70,0,70,48,0,48,118
05/16/2010,LAF,IN,AGL,CE,Tower without Radar,0,0,19,0,19,0,0,43,0,43,0,0,62,0,62,56,0,56,118
05/17/2010,LAF,IN,AGL,CE,Tower without Radar,0,0,3,0,3,0,0,4,0,4,0,0,7,0,7,14,0,14,21
05/18/2010,LAF,IN,AGL,CE,Tower without Radar,0,2,15,0,17,0,0,29,0,29,0,2,44,0,46,166,0,166,212
05/19/2010,LAF,IN,AGL,CE,Tower without Radar,0,2,15,1,18,0,2,62,0,64,0,4,77,1,82,138,0,138,220
05/20/2010,LAF,IN,AGL,CE,Tower without Radar,0,2,13,0,15,0,0,44,0,44,0,2,57,0,59,108,0,108,167
05/21/2010,LAF,IN,AGL,CE,Tower without Radar,0,0,9,0,9,0,0,0,0,0,0,0,9,0,9,1,0,1,10
05/22/2010,LAF,IN,AGL,CE,Tower without Radar,0,0,2,0,2,0,2,22,0,24,0,2,24,0,26,136,0,136,162
05/23/2010,LAF,IN,AGL,CE,Tower without Radar,0,0,22,0,22,0,0,103,0,103,0,0,125,0,125,154,0,154,279
05/24/2010,LAF,IN,AGL,CE,Tower without Radar,0,2,13,0,15,0,1,55,0,56,0,3,68,0,71,132,0,132,203
05/25/2010,LAF,IN,AGL,CE,Tower without Radar,0,1,7,0,8,0,0,49,0,49,0,1,56,0,57,64,0,64,121
05/26/2010,LAF,IN,AGL,CE,Tower without Radar,0,0,13,0,13,0,0,44,4,48,0,0,57,4,61,132,0,132,193
05/27/2010,LAF,IN,AGL,CE,Tower without Radar,0,2,20,0,22,0,0,55,0,55,0,2,75,0,77,54,0,54,131
05/28/2010,LAF,IN,AGL,CE,Tower without Radar,0,2,13,0,15,0,0,81,0,81,0,2,94,0,96,52,0,52,148
05/29/2010,LAF,IN,AGL,CE,Tower without Radar,0,0,7,0,7,0,0,52,0,52,0,0,59,0,59,52,0,52,111
05/30/2010,LAF,IN,AGL,CE,Tower without Radar,0,3,6,0,9,0,0,35,0,35,0,3,41,0,44,10,0,10,54
05/31/2010,LAF,IN,AGL,CE,Tower without Radar,0,0,5,0,5,0,0,17,0,17,0,0,22,0,22,28,0,28,50
06/01/2010,LAF,IN,AGL,CE,Tower without Radar,0,0,8,0,8,0,0,26,0,26,0,0,34,0,34,40,0,40,74
06/02/2010,LAF,IN,AGL,CE,Tower without Radar,0,0,10,0,10,0,0,24,0,24,0,0,34,0,34,80,0,80,114
06/03/2010,LAF,IN,AGL,CE,Tower without Radar,0,0,20,0,20,0,0,22,1,23,0,0,42,1,43,24,0,24,67
06/04/2010,LAF,IN,AGL,CE,Tower without Radar,0,0,10,0,10,0,0,51,0,51,0,0,61,0,61,100,0,100,161
06/05/2010,LAF,IN,AGL,CE,Tower without Radar,0,0,4,0,4,0,0,2,0,2,0,0,6,0,6,6,0,6,12
06/06/2010,LAF,IN,AGL,CE,Tower without Radar,0,0,6,0,6,0,0,20,1,21,0,0,26,1,27,28,0,28,55
06/07/2010,LAF,IN,AGL,CE,Tower without Radar,0,3,15,0,18,0,1,62,2,65,0,4,77,2,83,46,0,46,129
06/08/2010,LAF,IN,AGL,CE,Tower without Radar,0,5,11,0,16,0,3,13,0,16,0,8,24,0,32,52,0,52,84
06/09/2010,LAF,IN,AGL,CE,Tower without Radar,0,4,15,0,19,0,0,53,1,54,0,4,68,1,73,152,0,152,225
06/10/2010,LAF,IN,AGL,CE,Tower without Radar,0,0,14,0,14,0,0,117,0,117,0,0,131,0,131,82,0,82,213
06/11/2010,LAF,IN,AGL,CE,Tower without Radar,0,2,17,0,19,0,0,47,0,47,0,2,64,0,66,59,0,59,125
06/12/2010,LAF,IN,AGL,CE,Tower without Radar,0,0,9,0,9,0,0,8,0,8,0,0,17,0,17,6,0,6,23
06/13/2010,LAF,IN,AGL,CE,Tower without Radar,0,0,15,0,15,0,1,22,0,23,0,1,37,0,38,70,0,70,108
06/14/2010,LAF,IN,AGL,CE,Tower without Radar,0,0,5,1,6,0,0,13,1,14,0,0,18,2,20,48,0,48,68
06/15/2010,LAF,IN,AGL,CE,Tower without Radar,0,7,0,0,7,0,0,14,0,14,0,7,14,0,21,54,0,54,75
06/16/2010,LAF,IN,AGL,CE,Tower without Radar,0,0,21,0,21,0,0,126,0,126,0,0,147,0,147,162,0,162,309
06/17/2010,LAF,IN,AGL,CE,Tower without Radar,0,0,26,0,26,0,0,92,1,93,0,0,118,1,119,222,0,222,341
06/18/2010,LAF,IN,AGL,CE,Tower without Radar,0,1,15,0,16,1,0,67,0,68,1,1,82,0,84,116,0,116,200
06/19/2010,LAF,IN,AGL,CE,Tower without Radar,0,0,10,1,11,0,2,55,0,57,0,2,65,1,68,174,0,174,242
06/20/2010,LAF,IN,AGL,CE,Tower without Radar,0,2,9,0,11,0,0,44,0,44,0,2,53,0,55,52,0,52,107
06/21/2010,LAF,IN,AGL,CE,Tower without Radar,0,4,14,0,18,0,2,43,0,45,0,6,57,0,63,84,0,84,147
06/22/2010,LAF,IN,AGL,CE,Tower without Radar,0,4,20,0,24,0,0,49,0,49,0,4,69,0,73,148,0,148,221
06/23/2010,LAF,IN,AGL,CE,Tower without Radar,0,0,29,0,29,0,1,66,0,67,0,1,95,0,96,118,0,118,214
06/24/2010,LAF,IN,AGL,CE,Tower without Radar,0,0,48,0,48,0,0,83,0,83,0,0,131,0,131,212,0,212,343
06/25/2010,LAF,IN,AGL,CE,Tower without Radar,0,0,39,0,39,0,0,81,0,81,0,0,120,0,120,222,0,222,342
06/26/2010,LAF,IN,AGL,CE,Tower without Radar,0,0,9,0,9,0,0,44,0,44,0,0,53,0,53,72,0,72,125
06/27/2010,LAF,IN,AGL,CE,Tower without Radar,0,0,14,0,14,0,0,16,0,16,0,0,30,0,30,38,0,38,68
06/28/2010,LAF,IN,AGL,CE,Tower without Radar,0,0,18,0,18,0,0,75,0,75,0,0,93,0,93,106,0,106,199
06/29/2010,LAF,IN,AGL,CE,Tower without Radar,0,2,21,0,23,0,1,121,0,122,0,3,142,0,145,262,0,262,407
06/30/2010,LAF,IN,AGL,CE,Tower without Radar,0,0,30,0,30,0,0,95,0,95,0,0,125,0,125,304,0,304,429
07/01/2010,LAF,IN,AGL,CE,Tower without Radar,0,0,25,0,25,0,0,91,0,91,0,0,116,0,116,170,0,170,286
07/02/2010,LAF,IN,AGL,CE,Tower without Radar,0,2,19,1,22,0,0,67,0,67,0,2,86,1,89,84,0,84,173
07/03/2010,LAF,IN,AGL,CE,Tower without Radar,0,0,11,0,11,0,1,41,0,42,0,1,52,0,53,30,0,30,83
07/04/2010,LAF,IN,AGL,CE,Tower without Radar,0,0,0,0,0,0,1,36,0,37,0,1,36,0,37,10,0,10,47
07/05/2010,LAF,IN,AGL,CE,Tower without Radar,0,0,22,0,22,0,1,40,0,41,0,1,62,0,63,78,0,78,141
07/06/2010,LAF,IN,AGL,CE,Tower without Radar,0,1,31,0,32,0,0,72,0,72,0,1,103,0,104,116,0,116,220
07/07/2010,LAF,IN,AGL,CE,Tower without Radar,0,0,24,0,24,0,0,68,0,68,0,0,92,0,92,200,0,200,292
07/08/2010,LAF,IN,AGL,CE,Tower without Radar,0,0,24,0,24,0,0,32,0,32,0,0,56,0,56,80,0,80,136
07/09/2010,LAF,IN,AGL,CE,Tower without Radar,0,0,30,0,30,0,0,119,0,119,0,0,149,0,149,186,0,186,335
07/10/2010,LAF,IN,AGL,CE,Tower without Radar,0,0,9,0,9,0,0,63,0,63,0,0,72,0,72,80,0,80,152
07/11/2010,LAF,IN,AGL,CE,Tower without Radar,0,0,7,0,7,0,0,55,0,55,0,0,62,0,62,132,0,132,194
07/12/2010,LAF,IN,AGL,CE,Tower without Radar,0,1,22,0,23,0,0,38,1,39,0,1,60,1,62,110,0,110,172
07/13/2010,LAF,IN,AGL,CE,Tower without Radar,0,0,11,0,11,0,0,49,0,49,0,0,60,0,60,86,0,86,146
07/14/2010,LAF,IN,AGL,CE,Tower without Radar,0,0,23,0,23,0,0,120,0,120,0,0,143,0,143,236,0,236,379
07/15/2010,LAF,IN,AGL,CE,Tower without Radar,0,0,8,0,8,0,0,35,0,35,0,0,43,0,43,70,0,70,113
07/16/2010,LAF,IN,AGL,CE,Tower without Radar,0,0,27,2,29,0,0,84,1,85,0,0,111,3,114,200,0,200,314
07/17/2010,LAF,IN,AGL,CE,Tower without Radar,0,0,3,0,3,0,0,33,0,33,0,0,36,0,36,50,0,50,86
07/18/2010,LAF,IN,AGL,CE,Tower without Radar,0,0,5,1,6,0,0,7,0,7,0,0,12,1,13,28,0,28,41
07/19/2010,LAF,IN,AGL,CE,Tower without Radar,0,0,17,0,17,0,0,65,0,65,0,0,82,0,82,178,0,178,260
07/20/2010,LAF,IN,AGL,CE,Tower without Radar,0,0,10,0,10,0,0,31,2,33,0,0,41,2,43,74,0,74,117
07/21/2010,LAF,IN,AGL,CE,Tower without Radar,0,0,18,0,18,0,0,82,1,83,0,0,100,1,101,120,0,120,221
07/22/2010,LAF,IN,AGL,CE,Tower without Radar,0,0,27,0,27,0,0,51,2,53,0,0,78,2,80,88,0,88,168
07/23/2010,LAF,IN,AGL,CE,Tower without Radar,0,1,15,0,16,0,0,83,0,83,0,1,98,0,99,228,0,228,327
07/24/2010,LAF,IN,AGL,CE,Tower without Radar,0,2,3,0,5,0,0,52,0,52,0,2,55,0,57,20,0,20,77
07/25/2010,LAF,IN,AGL,CE,Tower without Radar,0,0,7,0,7,0,0,54,0,54,0,0,61,0,61,30,0,30,91
07/26/2010,LAF,IN,AGL,CE,Tower without Radar,0,0,24,0,24,0,0,81,0,81,0,0,105,0,105,162,0,162,267
07/27/2010,LAF,IN,AGL,CE,Tower without Radar,0,0,14,0,14,0,0,85,0,85,0,0,99,0,99,172,0,172,271
07/28/2010,LAF,IN,AGL,CE,Tower without Radar,0,0,5,1,6,0,0,33,2,35,0,0,38,3,41,22,0,22,63
07/29/2010,LAF,IN,AGL,CE,Tower without Radar,0,0,18,0,18,0,0,96,2,98,0,0,114,2,116,260,0,260,376
07/30/2010,LAF,IN,AGL,CE,Tower without Radar,0,4,15,0,19,0,1,71,0,72,0,5,86,0,91,172,0,172,263
07/31/2010,LAF,IN,AGL,CE,Tower without Radar,0,0,6,0,6,0,0,27,0,27,0,0,33,0,33,8,0,8,41
08/01/2010,LAF,IN,AGL,CE,Tower without Radar,0,2,6,0,8,0,1,41,2,44,0,3,47,2,52,76,0,76,128
08/02/2010,LAF,IN,AGL,CE,Tower without Radar,0,1,20,0,21,0,0,72,0,72,0,1,92,0,93,198,0,198,291
08/03/2010,LAF,IN,AGL,CE,Tower without Radar,0,1,20,1,22,0,0,25,0,25,0,1,45,1,47,114,0,114,161
08/04/2010,LAF,IN,AGL,CE,Tower without Radar,0,2,9,0,11,0,0,40,0,40,0,2,49,0,51,110,0,110,161
08/05/2010,LAF,IN,AGL,CE,Tower without Radar,0,0,12,0,12,0,0,50,0,50,0,0,62,0,62,166,0,166,228
08/06/2010,LAF,IN,AGL,CE,Tower without Radar,0,0,9,2,11,0,0,61,0,61,0,0,70,2,72,174,0,174,246
08/07/2010,LAF,IN,AGL,CE,Tower without Radar,0,0,9,0,9,0,0,49,0,49,0,0,58,0,58,108,0,108,166
08/08/2010,LAF,IN,AGL,CE,Tower without Radar,0,0,8,0,8,0,0,47,0,47,0,0,55,0,55,58,0,58,113
08/09/2010,LAF,IN,AGL,CE,Tower without Radar,0,0,8,0,8,0,0,56,2,58,0,0,64,2,66,88,0,88,154
08/10/2010,LAF,IN,AGL,CE,Tower without Radar,0,0,13,0,13,0,0,22,0,22,0,0,35,0,35,124,0,124,159
08/11/2010,LAF,IN,AGL,CE,Tower without Radar,0,1,5,1,7,0,0,22,6,28,0,1,27,7,35,60,0,60,95
08/12/2010,LAF,IN,AGL,CE,Tower without Radar,0,1,7,0,8,0,0,33,0,33,0,1,40,0,41,64,0,64,105
08/13/2010,LAF,IN,AGL,CE,Tower without Radar,0,2,11,0,13,0,0,51,0,51,0,2,62,0,64,82,0,82,146
08/14/2010,LAF,IN,AGL,CE,Tower without Radar,0,0,10,0,10,0,0,30,0,30,0,0,40,0,40,58,0,58,98
08/15/2010,LAF,IN,AGL,CE,Tower without Radar,0,2,3,0,5,0,0,36,0,36,0,2,39,0,41,104,0,104,145
08/16/2010,LAF,IN,AGL,CE,Tower without Radar,0,0,11,0,11,0,0,90,0,90,0,0,101,0,101,202,0,202,303
08/17/2010,LAF,IN,AGL,CE,Tower without Radar,0,0,9,0,9,0,0,87,0,87,0,0,96,0,96,256,0,256,352
08/18/2010,LAF,IN,AGL,CE,Tower without Radar,0,0,16,0,16,0,1,82,0,83,0,1,98,0,99,218,0,218,317
08/19/2010,LAF,IN,AGL,CE,Tower without Radar,0,0,24,1,25,0,0,63,0,63,0,0,87,1,88,228,0,228,316
08/20/2010,LAF,IN,AGL,CE,Tower without Radar,0,3,25,0,28,0,0,55,0,55,0,3,80,0,83,112,0,112,195
08/21/2010,LAF,IN,AGL,CE,Tower without Radar,0,1,9,1,11,0,0,12,0,12,0,1,21,1,23,22,0,22,45
08/22/2010,LAF,IN,AGL,CE,Tower without Radar,0,0,13,0,13,0,0,57,0,57,0,0,70,0,70,66,0,66,136
08/23/2010,LAF,IN,AGL,CE,Tower without Radar,0,0,20,0,20,0,1,22,0,23,0,1,42,0,43,76,0,76,119
08/24/2010,LAF,IN,AGL,CE,Tower without Radar,0,2,19,0,21,0,1,60,0,61,0,3,79,0,82,182,0,182,264
08/25/2010,LAF,IN,AGL,CE,Tower without Radar,0,0,18,2,20,0,0,118,0,118,0,0,136,2,138,134,0,134,272
08/26/2010,LAF,IN,AGL,CE,Tower without Radar,0,0,17,0,17,0,0,164,0,164,0,0,181,0,181,208,0,208,389
08/27/2010,LAF,IN,AGL,CE,Tower without Radar,0,0,24,0,24,0,0,139,0,139,0,0,163,0,163,210,0,210,373
08/28/2010,LAF,IN,AGL,CE,Tower without Radar,0,0,21,0,21,0,0,116,0,116,0,0,137,0,137,230,0,230,367
08/29/2010,LAF,IN,AGL,CE,Tower without Radar,0,0,2,0,2,0,0,41,0,41,0,0,43,0,43,88,0,88,131
08/30/2010,LAF,IN,AGL,CE,Tower without Radar,0,0,24,0,24,0,0,99,0,99,0,0,123,0,123,226,0,226,349
08/31/2010,LAF,IN,AGL,CE,Tower without Radar,0,0,35,0,35,0,0,133,0,133,0,0,168,0,168,300,4,304,472
09/01/2010,LAF,IN,AGL,CE,Tower without Radar,0,0,16,0,16,0,0,67,0,67,0,0,83,0,83,190,0,190,273
09/02/2010,LAF,IN,AGL,CE,Tower without Radar,0,0,7,0,7,0,0,29,0,29,0,0,36,0,36,110,0,110,146
09/03/2010,LAF,IN,AGL,CE,Tower without Radar,0,0,21,0,21,0,0,92,0,92,0,0,113,0,113,198,0,198,311
09/04/2010,LAF,IN,AGL,CE,Tower without Radar,0,0,18,0,18,0,1,105,0,106,0,1,123,0,124,234,0,234,358
09/05/2010,LAF,IN,AGL,CE,Tower without Radar,0,0,3,0,3,0,1,105,0,106,0,1,108,0,109,92,0,92,201
09/06/2010,LAF,IN,AGL,CE,Tower without Radar,0,1,11,0,12,0,1,35,0,36,0,2,46,0,48,60,0,60,108
09/07/2010,LAF,IN,AGL,CE,Tower without Radar,0,0,21,0,21,0,0,142,0,142,0,0,163,0,163,284,0,284,447
09/08/2010,LAF,IN,AGL,CE,Tower without Radar,0,0,31,0,31,0,0,138,0,138,0,0,169,0,169,274,0,274,443
09/09/2010,LAF,IN,AGL,CE,Tower without Radar,2,2,30,0,34,0,0,158,2,160,2,2,188,2,194,456,0,456,650
09/10/2010,LAF,IN,AGL,CE,Tower without Radar,1,1,28,0,30,0,0,96,0,96,1,1,124,0,126,410,0,410,536
09/11/2010,LAF,IN,AGL,CE,Tower without Radar,2,0,19,0,21,0,1,18,0,19,2,1,37,0,40,96,0,96,136
09/12/2010,LAF,IN,AGL,CE,Tower without Radar,0,1,26,0,27,0,0,114,0,114,0,1,140,0,141,158,0,158,299
09/13/2010,LAF,IN,AGL,CE,Tower without Radar,0,0,37,0,37,0,0,132,0,132,0,0,169,0,169,362,0,362,531
09/14/2010,LAF,IN,AGL,CE,Tower without Radar,0,2,37,0,39,0,0,154,0,154,0,2,191,0,193,456,0,456,649
09/15/2010,LAF,IN,AGL,CE,Tower without Radar,0,0,27,0,27,0,0,147,2,149,0,0,174,2,176,466,0,466,642
09/16/2010,LAF,IN,AGL,CE,Tower without Radar,0,0,33,0,33,0,1,110,0,111,0,1,143,0,144,414,0,414,558
09/17/2010,LAF,IN,AGL,CE,Tower without Radar,0,4,43,0,47,0,0,137,0,137,0,4,180,0,184,580,0,580,764
09/18/2010,LAF,IN,AGL,CE,Tower without Radar,0,0,34,0,34,0,2,80,0,82,0,2,114,0,116,180,0,180,296
09/19/2010,LAF,IN,AGL,CE,Tower without Radar,0,2,6,0,8,0,0,45,0,45,0,2,51,0,53,154,0,154,207
09/20/2010,LAF,IN,AGL,CE,Tower without Radar,0,0,30,0,30,0,0,144,0,144,0,0,174,0,174,556,0,556,730
09/21/2010,LAF,IN,AGL,CE,Tower without Radar,0,2,38,0,40,0,0,156,0,156,0,2,194,0,196,606,0,606,802
09/22/2010,LAF,IN,AGL,CE,Tower without Radar,0,1,27,0,28,0,0,80,0,80,0,1,107,0,108,258,0,258,366
09/23/2010,LAF,IN,AGL,CE,Tower without Radar,0,2,58,0,60,0,0,155,0,155,0,2,213,0,215,402,0,402,617
09/24/2010,LAF,IN,AGL,CE,Tower without Radar,0,2,22,0,24,0,0,63,0,63,0,2,85,0,87,352,0,352,439
09/25/2010,LAF,IN,AGL,CE,Tower without Radar,0,1,21,0,22,0,3,95,0,98,0,4,116,0,120,158,0,158,278
09/26/2010,LAF,IN,AGL,CE,Tower without Radar,0,6,20,0,26,0,0,103,0,103,0,6,123,0,129,44,0,44,173
09/27/2010,LAF,IN,AGL,CE,Tower without Radar,0,1,47,1,49,0,0,151,2,153,0,1,198,3,202,362,0,362,564
09/28/2010,LAF,IN,AGL,CE,Tower without Radar,0,0,45,1,46,0,0,112,0,112,0,0,157,1,158,446,0,446,604
09/29/2010,LAF,IN,AGL,CE,Tower without Radar,0,0,47,2,49,0,0,180,2,182,0,0,227,4,231,588,0,588,819
09/30/2010,LAF,IN,AGL,CE,Tower without Radar,0,2,28,0,30,0,0,117,0,117,0,2,145,0,147,260,0,260,407
10/01/2010,LAF,IN,AGL,CE,Tower without Radar,0,0,19,0,19,0,0,89,0,89,0,0,108,0,108,284,0,284,392
10/02/2010,LAF,IN,AGL,CE,Tower without Radar,0,1,15,0,16,0,0,28,0,28,0,1,43,0,44,220,0,220,264
10/03/2010,LAF,IN,AGL,CE,Tower without Radar,0,1,14,0,15,0,0,45,0,45,0,1,59,0,60,16,0,16,76
10/04/2010,LAF,IN,AGL,CE,Tower without Radar,0,0,30,0,30,0,0,148,0,148,0,0,178,0,178,314,0,314,492
10/05/2010,LAF,IN,AGL,CE,Tower without Radar,0,0,51,1,52,0,0,125,0,125,0,0,176,1,177,368,0,368,545
10/06/2010,LAF,IN,AGL,CE,Tower without Radar,0,0,35,0,35,0,0,109,0,109,0,0,144,0,144,524,0,524,668
10/07/2010,LAF,IN,AGL,CE,Tower without Radar,0,4,35,0,39,0,0,149,0,149,0,4,184,0,188,474,0,474,662
10/08/2010,LAF,IN,AGL,CE,Tower without Radar,0,2,37,0,39,0,0,149,0,149,0,2,186,0,188,286,0,286,474
10/09/2010,LAF,IN,AGL,CE,Tower without Radar,0,0,27,0,27,0,0,95,0,95,0,0,122,0,122,216,0,216,338
10/10/2010,LAF,IN,AGL,CE,Tower without Radar,0,15,0,0,15,0,0,75,0,75,0,15,75,0,90,49,1,50,140
10/11/2010,LAF,IN,AGL,CE,Tower without Radar,0,0,9,0,9,0,1,71,0,72,0,1,80,0,81,145,0,145,226
10/12/2010,LAF,IN,AGL,CE,Tower without Radar,0,0,32,1,33,0,0,78,2,80,0,0,110,3,113,158,0,158,271
10/13/2010,LAF,IN,AGL,CE,Tower without Radar,0,0,23,0,23,0,0,65,2,67,0,0,88,2,90,318,0,318,408
10/14/2010,LAF,IN,AGL,CE,Tower without Radar,0,8,33,0,41,0,0,135,0,135,0,8,168,0,176,448,0,448,624
10/15/2010,LAF,IN,AGL,CE,Tower without Radar,0,10,28,0,38,0,0,187,0,187,0,10,215,0,225,407,12,419,644
10/16/2010,LAF,IN,AGL,CE,Tower without Radar,2,6,31,0,39,0,0,113,0,113,2,6,144,0,152,52,0,52,204
10/17/2010,LAF,IN,AGL,CE,Tower without Radar,0,5,23,1,29,0,0,106,0,106,0,5,129,1,135,120,0,120,255
10/18/2010,LAF,IN,AGL,CE,Tower without Radar,0,2,29,0,31,0,0,96,0,96,0,2,125,0,127,378,0,378,505
10/19/2010,LAF,IN,AGL,CE,Tower without Radar,0,0,31,0,31,0,1,84,0,85,0,1,115,0,116,412,0,412,528
10/20/2010,LAF,IN,AGL,CE,Tower without Radar,0,2,15,1,18,0,0,77,0,77,0,2,92,1,95,280,0,280,375
10/21/2010,LAF,IN,AGL,CE,Tower without Radar,1,1,23,1,26,0,0,105,0,105,1,1,128,1,131,323,0,323,454
10/22/2010,LAF,IN,AGL,CE,Tower without Radar,0,3,28,0,31,0,0,129,0,129,0,3,157,0,160,380,0,380,540
10/23/2010,LAF,IN,AGL,CE,Tower without Radar,2,1,24,0,27,0,0,100,0,100,2,1,124,0,127,344,0,344,471
10/24/2010,LAF,IN,AGL,CE,Tower without Radar,0,2,12,0,14,0,0,34,0,34,0,2,46,0,48,44,0,44,92
10/25/2010,LAF,IN,AGL,CE,Tower without Radar,0,0,16,0,16,0,0,61,0,61,0,0,77,0,77,358,0,358,435
10/26/2010,LAF,IN,AGL,CE,Tower without Radar,0,0,6,0,6,0,0,2,0,2,0,0,8,0,8,0,0,0,8
10/27/2010,LAF,IN,AGL,CE,Tower without Radar,0,1,8,0,9,0,3,55,1,59,0,4,63,1,68,200,2,202,270
10/28/2010,LAF,IN,AGL,CE,Tower without Radar,0,1,42,0,43,0,0,92,0,92,0,1,134,0,135,236,0,236,371
10/29/2010,LAF,IN,AGL,CE,Tower without Radar,0,0,25,0,25,0,0,147,0,147,0,0,172,0,172,401,0,401,573
10/30/2010,LAF,IN,AGL,CE,Tower without Radar,0,0,19,0,19,0,0,97,0,97,0,0,116,0,116,188,0,188,304
10/31/2010,LAF,IN,AGL,CE,Tower without Radar,0,3,12,0,15,0,3,93,2,98,0,6,105,2,113,64,2,66,179
11/01/2010,LAF,IN,AGL,CE,Tower without Radar,0,2,20,0,22,0,0,114,0,114,0,2,134,0,136,504,0,504,640
11/02/2010,LAF,IN,AGL,CE,Tower without Radar,0,1,16,0,17,0,0,158,0,158,0,1,174,0,175,482,0,482,657
11/03/2010,LAF,IN,AGL,CE,Tower without Radar,0,0,32,0,32,0,2,122,0,124,0,2,154,0,156,524,0,524,680
11/04/2010,LAF,IN,AGL,CE,Tower without Radar,0,0,29,0,29,0,0,84,0,84,0,0,113,0,113,362,0,362,475
11/05/2010,LAF,IN,AGL,CE,Tower without Radar,0,8,16,0,24,0,0,60,0,60,0,8,76,0,84,226,0,226,310
11/06/2010,LAF,IN,AGL,CE,Tower without Radar,2,2,28,0,32,0,0,154,0,154,2,2,182,0,186,180,0,180,366
11/07/2010,LAF,IN,AGL,CE,Tower without Radar,0,6,11,0,17,0,0,81,0,81,0,6,92,0,98,72,0,72,170
11/08/2010,LAF,IN,AGL,CE,Tower without Radar,0,0,29,0,29,0,0,128,0,128,0,0,157,0,157,342,0,342,499
11/09/2010,LAF,IN,AGL,CE,Tower without Radar,0,0,41,0,41,0,2,148,0,150,0,2,189,0,191,444,0,444,635
11/10/2010,LAF,IN,AGL,CE,Tower without Radar,0,1,28,0,29,0,0,176,0,176,0,1,204,0,205,444,0,444,649
11/11/2010,LAF,IN,AGL,CE,Tower without Radar,0,2,29,0,31,0,0,131,0,131,0,2,160,0,162,372,0,372,534
11/12/2010,LAF,IN,AGL,CE,Tower without Radar,0,4,20,2,26,0,0,183,0,183,0,4,203,2,209,332,0,332,541
11/13/2010,LAF,IN,AGL,CE,Tower without Radar,2,3,26,0,31,0,0,32,0,32,2,3,58,0,63,78,0,78,141
11/14/2010,LAF,IN,AGL,CE,Tower without Radar,0,2,11,0,13,0,0,73,0,73,0,2,84,0,86,78,0,78,164
11/15/2010,LAF,IN,AGL,CE,Tower without Radar,0,2,19,0,21,0,0,114,0,114,0,2,133,0,135,376,0,376,511
11/16/2010,LAF,IN,AGL,CE,Tower without Radar,0,4,17,0,21,0,0,43,0,43,0,4,60,0,64,134,0,134,198
11/17/2010,LAF,IN,AGL,CE,Tower without Radar,0,0,11,0,11,0,0,102,0,102,0,0,113,0,113,306,0,306,419
11/18/2010,LAF,IN,AGL,CE,Tower without Radar,0,4,21,0,25,0,0,138,0,138,0,4,159,0,163,348,0,348,511
11/19/2010,LAF,IN,AGL,CE,Tower without Radar,0,6,22,0,28,0,0,60,0,60,0,6,82,0,88,162,0,162,250
11/20/2010,LAF,IN,AGL,CE,Tower without Radar,2,0,7,0,9,0,0,7,0,7,2,0,14,0,16,6,0,6,22
11/21/2010,LAF,IN,AGL,CE,Tower without Radar,0,1,3,0,4,0,0,7,0,7,0,1,10,0,11,0,0,0,11
11/22/2010,LAF,IN,AGL,CE,Tower without Radar,0,0,9,0,9,0,0,7,0,7,0,0,16,0,16,16,0,16,32
11/23/2010,LAF,IN,AGL,CE,Tower without Radar,0,0,29,0,29,0,0,99,0,99,0,0,128,0,128,248,0,248,376
11/24/2010,LAF,IN,AGL,CE,Tower without Radar,0,0,3,0,3,0,0,4,0,4,0,0,7,0,7,0,0,0,7
11/25/2010,LAF,IN,AGL,CE,Tower without Radar,0,0,1,0,1,0,0,0,0,0,0,0,1,0,1,0,0,0,1
11/26/2010,LAF,IN,AGL,CE,Tower without Radar,0,2,2,0,4,0,0,18,0,18,0,2,20,0,22,6,0,6,28
11/27/2010,LAF,IN,AGL,CE,Tower without Radar,0,2,14,0,16,0,0,60,0,60,0,2,74,0,76,15,0,15,91
11/28/2010,LAF,IN,AGL,CE,Tower without Radar,0,0,13,0,13,0,0,55,0,55,0,0,68,0,68,18,0,18,86
11/29/2010,LAF,IN,AGL,CE,Tower without Radar,0,2,12,0,14,0,0,63,2,65,0,2,75,2,79,220,0,220,299
11/30/2010,LAF,IN,AGL,CE,Tower without Radar,0,2,8,0,10,0,0,4,0,4,0,2,12,0,14,40,0,40,54
12/01/2010,LAF,IN,AGL,CE,Tower without Radar,0,5,5,0,10,0,0,3,0,3,0,5,8,0,13,24,0,24,37
12/02/2010,LAF,IN,AGL,CE,Tower without Radar,0,4,16,0,20,0,0,136,0,136,0,4,152,0,156,258,0,258,414
12/03/2010,LAF,IN,AGL,CE,Tower without Radar,0,1,14,0,15,0,0,135,0,135,0,1,149,0,150,251,0,251,401
12/04/2010,LAF,IN,AGL,CE,Tower without Radar,3,1,2,0,6,0,0,0,0,0,3,1,2,0,6,0,0,0,6
12/05/2010,LAF,IN,AGL,CE,Tower without Radar,0,3,2,0,5,0,0,5,0,5,0,3,7,0,10,2,0,2,12
12/06/2010,LAF,IN,AGL,CE,Tower without Radar,0,0,8,0,8,0,0,62,2,64,0,0,70,2,72,190,0,190,262
12/07/2010,LAF,IN,AGL,CE,Tower without Radar,0,0,17,0,17,0,0,97,0,97,0,0,114,0,114,274,0,274,388
12/08/2010,LAF,IN,AGL,CE,Tower without Radar,0,0,17,0,17,0,2,116,0,118,0,2,133,0,135,320,0,320,455
12/09/2010,LAF,IN,AGL,CE,Tower without Radar,0,0,15,0,15,0,0,89,0,89,0,0,104,0,104,194,0,194,298
12/10/2010,LAF,IN,AGL,CE,Tower without Radar,0,1,18,1,20,0,0,110,0,110,0,1,128,1,130,196,0,196,326
12/11/2010,LAF,IN,AGL,CE,Tower without Radar,0,0,4,0,4,0,0,2,0,2,0,0,6,0,6,0,0,0,6
12/12/2010,LAF,IN,AGL,CE,Tower without Radar,0,0,2,0,2,0,0,0,0,0,0,0,2,0,2,0,0,0,2
12/13/2010,LAF,IN,AGL,CE,Tower without Radar,0,0,4,0,4,0,2,7,0,9,0,2,11,0,13,24,0,24,37
12/14/2010,LAF,IN,AGL,CE,Tower without Radar,0,0,10,0,10,0,0,81,0,81,0,0,91,0,91,280,0,280,371
12/15/2010,LAF,IN,AGL,CE,Tower without Radar,0,2,21,0,23,0,0,126,0,126,0,2,147,0,149,250,0,250,399
12/16/2010,LAF,IN,AGL,CE,Tower without Radar,0,0,13,0,13,0,0,29,0,29,0,0,42,0,42,64,0,64,106
12/17/2010,LAF,IN,AGL,CE,Tower without Radar,0,1,18,1,20,0,0,35,0,35,0,1,53,1,55,108,2,110,165
12/18/2010,LAF,IN,AGL,CE,Tower without Radar,0,1,17,0,18,0,0,59,0,59,0,1,76,0,77,158,0,158,235
12/19/2010,LAF,IN,AGL,CE,Tower without Radar,0,0,7,0,7,0,0,21,0,21,0,0,28,0,28,10,0,10,38
12/20/2010,LAF,IN,AGL,CE,Tower without Radar,0,0,2,0,2,0,0,29,0,29,0,0,31,0,31,84,0,84,115
12/21/2010,LAF,IN,AGL,CE,Tower without Radar,0,2,6,0,8,0,0,0,0,0,0,2,6,0,8,0,0,0,8
12/22/2010,LAF,IN,AGL,CE,Tower without Radar,0,0,8,0,8,0,0,0,0,0,0,0,8,0,8,0,0,0,8
12/23/2010,LAF,IN,AGL,CE,Tower without Radar,0,1,8,0,9,0,0,21,0,21,0,1,29,0,30,30,0,30,60
12/24/2010,LAF,IN,AGL,CE,Tower without Radar,0,0,2,0,2,0,0,0,0,0,0,0,2,0,2,0,0,0,2
12/25/2010,LAF,IN,AGL,CE,Tower without Radar,0,0,0,0,0,0,0,0,0,0,0,0,0,0,0,0,0,0,0
12/26/2010,LAF,IN,AGL,CE,Tower without Radar,0,0,0,0,0,0,0,3,0,3,0,0,3,0,3,0,0,0,3
12/27/2010,LAF,IN,AGL,CE,Tower without Radar,0,4,7,0,11,0,0,10,0,10,0,4,17,0,21,24,0,24,45
12/28/2010,LAF,IN,AGL,CE,Tower without Radar,0,0,10,0,10,0,0,32,0,32,0,0,42,0,42,26,0,26,68
12/29/2010,LAF,IN,AGL,CE,Tower without Radar,0,1,2,0,3,0,0,15,0,15,0,1,17,0,18,24,0,24,42
12/30/2010,LAF,IN,AGL,CE,Tower without Radar,0,0,4,0,4,0,0,25,0,25,0,0,29,0,29,18,0,18,47
12/31/2010,LAF,IN,AGL,CE,Tower without Radar,0,0,1,0,1,0,0,2,0,2,0,0,3,0,3,0,0,0,3
01/01/2011,LAF,IN,AGL,CE,Tower without Radar,0,0,0,2,2,0,0,2,0,2,0,0,2,2,4,18,0,18,22
01/02/2011,LAF,IN,AGL,CE,Tower without Radar,0,2,7,0,9,0,0,17,0,17,0,2,24,0,26,20,0,20,46
01/03/2011,LAF,IN,AGL,CE,Tower without Radar,0,0,6,0,6,0,0,32,0,32,0,0,38,0,38,32,0,32,70
01/04/2011,LAF,IN,AGL,CE,Tower without Radar,0,2,10,0,12,0,0,22,0,22,0,2,32,0,34,38,0,38,72
01/05/2011,LAF,IN,AGL,CE,Tower without Radar,0,0,7,0,7,0,0,33,0,33,0,0,40,0,40,54,0,54,94
01/06/2011,LAF,IN,AGL,CE,Tower without Radar,1,0,6,0,7,0,0,4,0,4,1,0,10,0,11,22,0,22,33
01/07/2011,LAF,IN,AGL,CE,Tower without Radar,0,3,7,0,10,0,0,30,0,30,0,3,37,0,40,58,0,58,98
01/08/2011,LAF,IN,AGL,CE,Tower without Radar,0,2,2,0,4,0,0,21,0,21,0,2,23,0,25,36,0,36,61
01/09/2011,LAF,IN,AGL,CE,Tower without Radar,0,4,16,0,20,0,0,50,0,50,0,4,66,0,70,30,0,30,100
01/10/2011,LAF,IN,AGL,CE,Tower without Radar,0,0,14,3,17,0,0,44,4,48,0,0,58,7,65,98,0,98,163
01/11/2011,LAF,IN,AGL,CE,Tower without Radar,0,0,3,0,3,0,0,0,0,0,0,0,3,0,3,0,0,0,3
01/12/2011,LAF,IN,AGL,CE,Tower without Radar,0,4,5,0,9,0,0,6,0,6,0,4,11,0,15,12,0,12,27
01/13/2011,LAF,IN,AGL,CE,Tower without Radar,0,2,26,0,28,0,0,101,0,101,0,2,127,0,129,340,0,340,469
01/14/2011,LAF,IN,AGL,CE,Tower without Radar,0,4,22,0,26,0,0,110,0,110,0,4,132,0,136,312,0,312,448
01/15/2011,LAF,IN,AGL,CE,Tower without Radar,0,3,5,0,8,0,0,37,0,37,0,3,42,0,45,286,0,286,331
01/16/2011,LAF,IN,AGL,CE,Tower without Radar,0,3,3,1,7,0,0,33,0,33,0,3,36,1,40,76,0,76,116
01/17/2011,LAF,IN,AGL,CE,Tower without Radar,0,1,18,0,19,0,0,20,0,20,0,1,38,0,39,70,0,70,109
01/18/2011,LAF,IN,AGL,CE,Tower without Radar,0,4,7,0,11,0,0,0,0,0,0,4,7,0,11,0,0,0,11
01/19/2011,LAF,IN,AGL,CE,Tower without Radar,0,6,9,0,15,0,0,20,0,20,0,6,29,0,35,136,0,136,171
01/20/2011,LAF,IN,AGL,CE,Tower without Radar,0,0,6,0,6,0,0,0,0,0,0,0,6,0,6,0,0,0,6
01/21/2011,LAF,IN,AGL,CE,Tower without Radar,1,0,35,1,37,0,0,110,0,110,1,0,145,1,147,289,0,289,436
01/22/2011,LAF,IN,AGL,CE,Tower without Radar,0,4,8,1,13,0,0,17,0,17,0,4,25,1,30,40,0,40,70
01/23/2011,LAF,IN,AGL,CE,Tower without Radar,0,4,9,0,13,0,0,92,0,92,0,4,101,0,105,104,0,104,209
01/24/2011,LAF,IN,AGL,CE,Tower without Radar,0,4,4,0,8,0,0,13,0,13,0,4,17,0,21,74,0,74,95
01/25/2011,LAF,IN,AGL,CE,Tower without Radar,0,1,7,0,8,0,0,0,0,0,0,1,7,0,8,0,0,0,8
01/26/2011,LAF,IN,AGL,CE,Tower without Radar,0,1,9,0,10,0,0,13,0,13,0,1,22,0,23,50,0,50,73
01/27/2011,LAF,IN,AGL,CE,Tower without Radar,0,0,3,0,3,0,0,1,0,1,0,0,4,0,4,0,0,0,4
01/28/2011,LAF,IN,AGL,CE,Tower without Radar,0,4,18,0,22,0,0,49,0,49,0,4,67,0,71,148,0,148,219
01/29/2011,LAF,IN,AGL,CE,Tower without Radar,1,0,5,2,8,0,0,10,0,10,1,0,15,2,18,32,0,32,50
01/30/2011,LAF,IN,AGL,CE,Tower without Radar,0,0,8,2,10,0,0,28,0,28,0,0,36,2,38,160,0,160,198
01/31/2011,LAF,IN,AGL,CE,Tower without Radar,0,3,25,0,28,0,0,86,0,86,0,3,111,0,114,178,0,178,292
02/01/2011,LAF,IN,AGL,CE,Tower without Radar,0,0,0,0,0,0,0,0,0,0,0,0,0,0,0,0,0,0,0
02/02/2011,LAF,IN,AGL,CE,Tower without Radar,0,4,0,0,4,0,0,0,0,0,0,4,0,0,4,0,0,0,4
02/03/2011,LAF,IN,AGL,CE,Tower without Radar,0,3,33,0,36,0,0,136,0,136,0,3,169,0,172,404,0,404,576
02/04/2011,LAF,IN,AGL,CE,Tower without Radar,0,0,54,0,54,0,0,127,0,127,0,0,181,0,181,244,0,244,425
02/05/2011,LAF,IN,AGL,CE,Tower without Radar,0,5,1,0,6,0,0,1,0,1,0,5,2,0,7,8,0,8,15
02/06/2011,LAF,IN,AGL,CE,Tower without Radar,0,3,1,0,4,0,0,1,0,1,0,3,2,0,5,0,0,0,5
02/07/2011,LAF,IN,AGL,CE,Tower without Radar,0,0,18,0,18,0,0,58,0,58,0,0,76,0,76,226,0,226,302
02/08/2011,LAF,IN,AGL,CE,Tower without Radar,0,0,50,0,50,0,0,112,0,112,0,0,162,0,162,346,0,346,508
02/09/2011,LAF,IN,AGL,CE,Tower without Radar,0,3,25,0,28,0,0,142,1,143,0,3,167,1,171,216,4,220,391
02/10/2011,LAF,IN,AGL,CE,Tower without Radar,0,0,57,0,57,0,0,153,0,153,0,0,210,0,210,384,0,384,594
02/11/2011,LAF,IN,AGL,CE,Tower without Radar,0,1,58,0,59,0,0,96,0,96,0,1,154,0,155,276,0,276,431
02/12/2011,LAF,IN,AGL,CE,Tower without Radar,0,1,23,0,24,0,0,117,0,117,0,1,140,0,141,206,0,206,347
02/13/2011,LAF,IN,AGL,CE,Tower without Radar,0,2,3,0,5,0,0,67,0,67,0,2,70,0,72,58,0,58,130
02/14/2011,LAF,IN,AGL,CE,Tower without Radar,0,0,21,0,21,0,0,95,0,95,0,0,116,0,116,304,0,304,420
02/15/2011,LAF,IN,AGL,CE,Tower without Radar,0,9,63,0,72,0,0,135,0,135,0,9,198,0,207,330,0,330,537
02/16/2011,LAF,IN,AGL,CE,Tower without Radar,0,4,27,0,31,0,0,108,0,108,0,4,135,0,139,412,0,412,551
02/17/2011,LAF,IN,AGL,CE,Tower without Radar,0,3,32,0,35,0,0,77,0,77,0,3,109,0,112,270,0,270,382
02/18/2011,LAF,IN,AGL,CE,Tower without Radar,0,0,59,0,59,0,0,99,0,99,0,0,158,0,158,261,0,261,419
02/19/2011,LAF,IN,AGL,CE,Tower without Radar,2,2,33,0,37,0,0,159,0,159,2,2,192,0,196,264,0,264,460
02/20/2011,LAF,IN,AGL,CE,Tower without Radar,1,4,7,0,12,0,1,11,0,12,1,5,18,0,24,8,0,8,32
02/21/2011,LAF,IN,AGL,CE,Tower without Radar,0,0,10,0,10,0,0,0,0,0,0,0,10,0,10,0,0,0,10
02/22/2011,LAF,IN,AGL,CE,Tower without Radar,0,0,15,1,16,0,0,2,0,2,0,0,17,1,18,16,0,16,34
02/23/2011,LAF,IN,AGL,CE,Tower without Radar,0,2,10,4,16,0,0,84,0,84,0,2,94,4,100,524,0,524,624
02/24/2011,LAF,IN,AGL,CE,Tower without Radar,0,4,14,0,18,0,0,2,0,2,0,4,16,0,20,0,0,0,20
02/25/2011,LAF,IN,AGL,CE,Tower without Radar,0,3,19,0,22,0,0,40,0,40,0,3,59,0,62,208,0,208,270
02/26/2011,LAF,IN,AGL,CE,Tower without Radar,0,2,22,0,24,0,0,29,0,29,0,2,51,0,53,332,0,332,385
02/27/2011,LAF,IN,AGL,CE,Tower without Radar,0,2,3,0,5,0,0,16,0,16,0,2,19,0,21,18,0,18,39
02/28/2011,LAF,IN,AGL,CE,Tower without Radar,0,0,3,0,3,0,0,19,0,19,0,0,22,0,22,212,0,212,234
03/01/2011,LAF,IN,AGL,CE,Tower without Radar,1,0,80,0,81,0,0,143,0,143,1,0,223,0,224,296,0,296,520
03/02/2011,LAF,IN,AGL,CE,Tower without Radar,0,5,70,0,75,0,2,132,0,134,0,7,202,0,209,218,0,218,427
03/03/2011,LAF,IN,AGL,CE,Tower without Radar,0,0,51,0,51,0,1,133,0,134,0,1,184,0,185,384,0,384,569
03/04/2011,LAF,IN,AGL,CE,Tower without Radar,0,4,38,0,42,0,0,49,0,49,0,4,87,0,91,166,0,166,257
03/05/2011,LAF,IN,AGL,CE,Tower without Radar,0,2,1,0,3,0,0,0,0,0,0,2,1,0,3,0,0,0,3
03/06/2011,LAF,IN,AGL,CE,Tower without Radar,0,3,4,0,7,0,3,19,2,24,0,6,23,2,31,38,0,38,69
03/07/2011,LAF,IN,AGL,CE,Tower without Radar,0,0,17,0,17,0,0,48,0,48,0,0,65,0,65,344,0,344,409
03/08/2011,LAF,IN,AGL,CE,Tower without Radar,0,0,63,0,63,0,0,133,0,133,0,0,196,0,196,290,0,290,486
03/09/2011,LAF,IN,AGL,CE,Tower without Radar,0,2,22,0,24,0,0,0,0,0,0,2,22,0,24,0,0,0,24
03/10/2011,LAF,IN,AGL,CE,Tower without Radar,0,0,16,0,16,0,0,26,0,26,0,0,42,0,42,180,0,180,222
03/11/2011,LAF,IN,AGL,CE,Tower without Radar,0,1,72,0,73,0,0,136,0,136,0,1,208,0,209,114,0,114,323
03/12/2011,LAF,IN,AGL,CE,Tower without Radar,0,0,10,0,10,0,0,11,0,11,0,0,21,0,21,32,0,32,53
03/13/2011,LAF,IN,AGL,CE,Tower without Radar,0,1,14,0,15,0,0,24,0,24,0,1,38,0,39,28,0,28,67
03/14/2011,LAF,IN,AGL,CE,Tower without Radar,0,0,17,0,17,0,0,39,0,39,0,0,56,0,56,144,0,144,200
03/15/2011,LAF,IN,AGL,CE,Tower without Radar,0,1,6,0,7,0,0,0,0,0,0,1,6,0,7,0,0,0,7
03/16/2011,LAF,IN,AGL,CE,Tower without Radar,0,0,28,0,28,0,0,44,0,44,0,0,72,0,72,126,0,126,198
03/17/2011,LAF,IN,AGL,CE,Tower without Radar,0,2,15,0,17,0,0,19,0,19,0,2,34,0,36,43,0,43,79
03/18/2011,LAF,IN,AGL,CE,Tower without Radar,2,0,18,0,20,0,0,31,0,31,2,0,49,0,51,54,0,54,105
03/19/2011,LAF,IN,AGL,CE,Tower without Radar,0,0,9,0,9,0,0,77,0,77,0,0,86,0,86,112,0,112,198
03/20/2011,LAF,IN,AGL,CE,Tower without Radar,0,2,6,0,8,0,1,7,0,8,0,3,13,0,16,16,0,16,32
03/21/2011,LAF,IN,AGL,CE,Tower without Radar,0,0,44,2,46,0,0,122,0,122,0,0,166,2,168,284,0,284,452
03/22/2011,LAF,IN,AGL,CE,Tower without Radar,0,0,58,0,58,0,0,103,0,103,0,0,161,0,161,301,0,301,462
03/23/2011,LAF,IN,AGL,CE,Tower without Radar,0,0,29,0,29,0,0,71,0,71,0,0,100,0,100,168,0,168,268
03/24/2011,LAF,IN,AGL,CE,Tower without Radar,0,0,33,0,33,0,0,68,0,68,0,0,101,0,101,308,0,308,409
03/25/2011,LAF,IN,AGL,CE,Tower without Radar,0,0,39,0,39,0,0,134,0,134,0,0,173,0,173,190,0,190,363
03/26/2011,LAF,IN,AGL,CE,Tower without Radar,0,2,29,0,31,0,1,98,0,99,0,3,127,0,130,114,0,114,244
03/27/2011,LAF,IN,AGL,CE,Tower without Radar,0,2,22,0,24,0,0,96,0,96,0,2,118,0,120,74,0,74,194
03/28/2011,LAF,IN,AGL,CE,Tower without Radar,0,2,33,2,37,0,0,130,0,130,0,2,163,2,167,242,0,242,409
03/29/2011,LAF,IN,AGL,CE,Tower without Radar,0,0,58,1,59,0,0,131,0,131,0,0,189,1,190,302,0,302,492
03/30/2011,LAF,IN,AGL,CE,Tower without Radar,0,0,38,0,38,0,0,134,2,136,0,0,172,2,174,292,0,292,466
03/31/2011,LAF,IN,AGL,CE,Tower without Radar,0,3,74,0,77,0,0,167,0,167,0,3,241,0,244,382,0,382,626
04/01/2011,LAF,IN,AGL,CE,Tower without Radar,0,0,31,0,31,0,0,82,0,82,0,0,113,0,113,270,0,270,383
04/02/2011,LAF,IN,AGL,CE,Tower without Radar,0,0,29,0,29,0,1,92,2,95,0,1,121,2,124,164,0,164,288
04/03/2011,LAF,IN,AGL,CE,Tower without Radar,0,0,9,0,9,0,1,10,0,11,0,1,19,0,20,0,0,0,20
04/04/2011,LAF,IN,AGL,CE,Tower without Radar,0,0,14,0,14,0,0,7,0,7,0,0,21,0,21,30,0,30,51
04/05/2011,LAF,IN,AGL,CE,Tower without Radar,0,0,67,0,67,0,0,152,0,152,0,0,219,0,219,292,0,292,511
04/06/2011,LAF,IN,AGL,CE,Tower without Radar,0,0,36,0,36,0,0,93,0,93,0,0,129,0,129,170,0,170,299
04/07/2011,LAF,IN,AGL,CE,Tower without Radar,0,3,63,0,66,0,0,125,0,125,0,3,188,0,191,348,0,348,539
04/08/2011,LAF,IN,AGL,CE,Tower without Radar,0,0,21,1,22,0,0,0,0,0,0,0,21,1,22,0,0,0,22
04/09/2011,LAF,IN,AGL,CE,Tower without Radar,0,0,14,1,15,0,0,53,0,53,0,0,67,1,68,110,0,110,178
04/10/2011,LAF,IN,AGL,CE,Tower without Radar,0,0,6,0,6,0,0,40,0,40,0,0,46,0,46,50,0,50,96
04/11/2011,LAF,IN,AGL,CE,Tower without Radar,0,0,21,0,21,0,2,68,0,70,0,2,89,0,91,184,0,184,275
04/12/2011,LAF,IN,AGL,CE,Tower without Radar,0,0,41,0,41,0,0,132,0,132,0,0,173,0,173,186,0,186,359
04/13/2011,LAF,IN,AGL,CE,Tower without Radar,0,3,37,0,40,0,0,135,0,135,0,3,172,0,175,260,0,260,435
04/14/2011,LAF,IN,AGL,CE,Tower without Radar,0,4,36,0,40,0,0,124,0,124,0,4,160,0,164,230,0,230,394
04/15/2011,LAF,IN,AGL,CE,Tower without Radar,0,1,6,0,7,0,1,17,0,18,0,2,23,0,25,38,0,38,63
04/16/2011,LAF,IN,AGL,CE,Tower without Radar,0,0,7,0,7,0,0,2,0,2,0,0,9,0,9,16,0,16,25
04/17/2011,LAF,IN,AGL,CE,Tower without Radar,0,0,8,0,8,0,1,53,0,54,0,1,61,0,62,128,0,128,190
04/18/2011,LAF,IN,AGL,CE,Tower without Radar,0,0,47,0,47,0,0,100,0,100,0,0,147,0,147,360,0,360,507
04/19/2011,LAF,IN,AGL,CE,Tower without Radar,0,2,11,0,13,0,0,0,0,0,0,2,11,0,13,4,0,4,17
04/20/2011,LAF,IN,AGL,CE,Tower without Radar,0,1,26,0,27,0,0,38,0,38,0,1,64,0,65,308,0,308,373
04/21/2011,LAF,IN,AGL,CE,Tower without Radar,0,2,56,0,58,0,0,207,0,207,0,2,263,0,265,398,0,398,663
04/22/2011,LAF,IN,AGL,CE,Tower without Radar,0,2,7,0,9,0,0,11,0,11,0,2,18,0,20,92,0,92,112
04/23/2011,LAF,IN,AGL,CE,Tower without Radar,0,1,9,0,10,0,0,76,0,76,0,1,85,0,86,292,0,292,378
04/24/2011,LAF,IN,AGL,CE,Tower without Radar,0,1,6,0,7,0,0,28,0,28,0,1,34,0,35,68,0,68,103
04/25/2011,LAF,IN,AGL,CE,Tower without Radar,0,0,9,0,9,0,0,1,0,1,0,0,10,0,10,10,0,10,20
04/26/2011,LAF,IN,AGL,CE,Tower without Radar,0,1,2,0,3,0,0,14,0,14,0,1,16,0,17,58,0,58,75
04/27/2011,LAF,IN,AGL,CE,Tower without Radar,0,1,11,0,12,0,0,0,0,0,0,1,11,0,12,0,0,0,12
04/28/2011,LAF,IN,AGL,CE,Tower without Radar,0,1,26,0,27,0,0,63,0,63,0,1,89,0,90,88,0,88,178
04/29/2011,LAF,IN,AGL,CE,Tower without Radar,0,0,32,1,33,0,0,174,0,174,0,0,206,1,207,500,0,500,707
04/30/2011,LAF,IN,AGL,CE,Tower without Radar,0,0,5,0,5,0,0,58,0,58,0,0,63,0,63,164,0,164,227
05/01/2011,LAF,IN,AGL,CE,Tower without Radar,0,0,14,0,14,0,0,63,1,64,0,0,77,1,78,242,0,242,320
05/02/2011,LAF,IN,AGL,CE,Tower without Radar,0,1,30,0,31,0,3,95,0,98,0,4,125,0,129,360,0,360,489
05/03/2011,LAF,IN,AGL,CE,Tower without Radar,0,3,19,0,22,0,0,118,0,118,0,3,137,0,140,362,0,362,502
05/04/2011,LAF,IN,AGL,CE,Tower without Radar,0,0,22,0,22,0,0,124,0,124,0,0,146,0,146,362,0,362,508
05/05/2011,LAF,IN,AGL,CE,Tower without Radar,0,0,19,0,19,0,4,108,0,112,0,4,127,0,131,282,0,282,413
05/06/2011,LAF,IN,AGL,CE,Tower without Radar,0,0,24,0,24,0,0,69,0,69,0,0,93,0,93,238,0,238,331
05/07/2011,LAF,IN,AGL,CE,Tower without Radar,0,0,8,0,8,0,0,38,0,38,0,0,46,0,46,140,0,140,186
05/08/2011,LAF,IN,AGL,CE,Tower without Radar,0,0,10,0,10,0,0,32,0,32,0,0,42,0,42,60,0,60,102
05/09/2011,LAF,IN,AGL,CE,Tower without Radar,0,6,16,0,22,0,0,77,0,77,0,6,93,0,99,242,0,242,341
05/10/2011,LAF,IN,AGL,CE,Tower without Radar,0,4,21,0,25,0,0,90,0,90,0,4,111,0,115,313,0,313,428
05/11/2011,LAF,IN,AGL,CE,Tower without Radar,0,3,9,0,12,0,0,84,0,84,0,3,93,0,96,358,0,358,454
05/12/2011,LAF,IN,AGL,CE,Tower without Radar,0,0,14,3,17,0,0,49,1,50,0,0,63,4,67,132,0,132,199
05/13/2011,LAF,IN,AGL,CE,Tower without Radar,0,0,18,2,20,0,0,47,0,47,0,0,65,2,67,124,0,124,191
05/14/2011,LAF,IN,AGL,CE,Tower without Radar,0,1,7,0,8,0,0,0,0,0,0,1,7,0,8,0,0,0,8
05/15/2011,LAF,IN,AGL,CE,Tower without Radar,0,0,14,0,14,0,0,0,0,0,0,0,14,0,14,0,0,0,14
05/16/2011,LAF,IN,AGL,CE,Tower without Radar,0,0,20,0,20,0,0,47,0,47,0,0,67,0,67,88,0,88,155
05/17/2011,LAF,IN,AGL,CE,Tower without Radar,0,0,21,0,21,0,0,64,0,64,0,0,85,0,85,198,0,198,283
05/18/2011,LAF,IN,AGL,CE,Tower without Radar,0,3,15,0,18,0,0,21,0,21,0,3,36,0,39,126,0,126,165
05/19/2011,LAF,IN,AGL,CE,Tower without Radar,0,0,29,0,29,0,0,44,0,44,0,0,73,0,73,144,0,144,217
05/20/2011,LAF,IN,AGL,CE,Tower without Radar,0,2,17,0,19,0,0,94,0,94,0,2,111,0,113,192,0,192,305
05/21/2011,LAF,IN,AGL,CE,Tower without Radar,0,1,9,0,10,0,0,58,0,58,0,1,67,0,68,86,0,86,154
05/22/2011,LAF,IN,AGL,CE,Tower without Radar,0,0,7,0,7,0,0,13,2,15,0,0,20,2,22,12,0,12,34
05/23/2011,LAF,IN,AGL,CE,Tower without Radar,0,0,13,0,13,0,0,14,0,14,0,0,27,0,27,40,0,40,67
05/24/2011,LAF,IN,AGL,CE,Tower without Radar,0,0,21,0,21,0,0,58,0,58,0,0,79,0,79,250,0,250,329
05/25/2011,LAF,IN,AGL,CE,Tower without Radar,0,0,3,0,3,0,0,14,0,14,0,0,17,0,17,52,0,52,69
05/26/2011,LAF,IN,AGL,CE,Tower without Radar,0,0,10,0,10,0,0,0,0,0,0,0,10,0,10,0,0,0,10
05/27/2011,LAF,IN,AGL,CE,Tower without Radar,0,0,12,0,12,0,0,10,0,10,0,0,22,0,22,28,0,28,50
05/28/2011,LAF,IN,AGL,CE,Tower without Radar,0,0,7,0,7,0,0,6,0,6,0,0,13,0,13,16,0,16,29
05/29/2011,LAF,IN,AGL,CE,Tower without Radar,0,0,9,0,9,0,0,47,0,47,0,0,56,0,56,50,0,50,106
05/30/2011,LAF,IN,AGL,CE,Tower without Radar,0,1,8,0,9,0,0,42,0,42,0,1,50,0,51,42,0,42,93
05/31/2011,LAF,IN,AGL,CE,Tower without Radar,0,0,11,0,11,0,0,61,0,61,0,0,72,0,72,102,0,102,174
06/01/2011,LAF,IN,AGL,CE,Tower without Radar,0,0,25,1,26,0,0,76,2,78,0,0,101,3,104,118,0,118,222
06/02/2011,LAF,IN,AGL,CE,Tower without Radar,0,0,19,0,19,0,0,64,1,65,0,0,83,1,84,304,0,304,388
06/03/2011,LAF,IN,AGL,CE,Tower without Radar,0,0,12,0,12,0,0,50,2,52,0,0,62,2,64,134,0,134,198
06/04/2011,LAF,IN,AGL,CE,Tower without Radar,0,0,9,0,9,0,0,18,0,18,0,0,27,0,27,90,0,90,117
06/05/2011,LAF,IN,AGL,CE,Tower without Radar,0,0,11,0,11,0,0,17,0,17,0,0,28,0,28,16,0,16,44
06/06/2011,LAF,IN,AGL,CE,Tower without Radar,0,0,15,0,15,0,2,46,0,48,0,2,61,0,63,198,0,198,261
06/07/2011,LAF,IN,AGL,CE,Tower without Radar,0,0,17,0,17,0,0,56,0,56,0,0,73,0,73,138,0,138,211
06/08/2011,LAF,IN,AGL,CE,Tower without Radar,0,0,7,0,7,0,1,62,0,63,0,1,69,0,70,188,0,188,258
06/09/2011,LAF,IN,AGL,CE,Tower without Radar,0,0,16,0,16,0,2,48,0,50,0,2,64,0,66,164,0,164,230
06/10/2011,LAF,IN,AGL,CE,Tower without Radar,0,0,16,0,16,0,0,27,0,27,0,0,43,0,43,82,0,82,125
06/11/2011,LAF,IN,AGL,CE,Tower without Radar,0,0,7,0,7,0,0,25,0,25,0,0,32,0,32,56,0,56,88
06/12/2011,LAF,IN,AGL,CE,Tower without Radar,0,0,8,0,8,0,0,53,0,53,0,0,61,0,61,50,0,50,111
06/13/2011,LAF,IN,AGL,CE,Tower without Radar,0,4,13,0,17,0,0,68,0,68,0,4,81,0,85,160,0,160,245
06/14/2011,LAF,IN,AGL,CE,Tower without Radar,0,0,23,0,23,0,0,78,1,79,0,0,101,1,102,172,0,172,274
06/15/2011,LAF,IN,AGL,CE,Tower without Radar,0,0,3,0,3,0,0,30,0,30,0,0,33,0,33,92,0,92,125
06/16/2011,LAF,IN,AGL,CE,Tower without Radar,0,2,28,2,32,0,0,100,0,100,0,2,128,2,132,124,8,132,264
06/17/2011,LAF,IN,AGL,CE,Tower without Radar,0,0,24,0,24,0,0,93,0,93,0,0,117,0,117,220,0,220,337
06/18/2011,LAF,IN,AGL,CE,Tower without Radar,0,0,5,0,5,0,0,37,0,37,0,0,42,0,42,80,0,80,122
06/19/2011,LAF,IN,AGL,CE,Tower without Radar,0,0,8,0,8,0,0,41,2,43,0,0,49,2,51,92,0,92,143
06/20/2011,LAF,IN,AGL,CE,Tower without Radar,0,2,14,0,16,0,0,7,0,7,0,2,21,0,23,0,0,0,23
06/21/2011,LAF,IN,AGL,CE,Tower without Radar,0,5,30,1,36,0,0,89,0,89,0,5,119,1,125,136,0,136,261
06/22/2011,LAF,IN,AGL,CE,Tower without Radar,0,0,19,1,20,0,0,21,0,21,0,0,40,1,41,72,4,76,117
06/23/2011,LAF,IN,AGL,CE,Tower without Radar,0,0,34,0,34,0,0,34,0,34,0,0,68,0,68,116,0,116,184
06/24/2011,LAF,IN,AGL,CE,Tower without Radar,0,5,34,0,39,0,0,62,0,62,0,5,96,0,101,280,0,280,381
06/25/2011,LAF,IN,AGL,CE,Tower without Radar,0,0,12,0,12,0,0,68,0,68,0,0,80,0,80,190,0,190,270
06/26/2011,LAF,IN,AGL,CE,Tower without Radar,0,0,6,0,6,0,2,40,0,42,0,2,46,0,48,104,0,104,152
06/27/2011,LAF,IN,AGL,CE,Tower without Radar,0,9,28,0,37,0,0,76,0,76,0,9,104,0,113,194,0,194,307
06/28/2011,LAF,IN,AGL,CE,Tower without Radar,0,3,48,0,51,0,1,113,0,114,0,4,161,0,165,210,0,210,375
06/29/2011,LAF,IN,AGL,CE,Tower without Radar,0,1,33,0,34,0,1,108,0,109,0,2,141,0,143,282,0,282,425
06/30/2011,LAF,IN,AGL,CE,Tower without Radar,0,0,47,0,47,0,0,83,0,83,0,0,130,0,130,270,0,270,400
07/01/2011,LAF,IN,AGL,CE,Tower without Radar,0,0,15,0,15,0,1,6,0,7,0,1,21,0,22,12,0,12,34
07/02/2011,LAF,IN,AGL,CE,Tower without Radar,0,0,5,0,5,0,0,18,0,18,0,0,23,0,23,72,0,72,95
07/03/2011,LAF,IN,AGL,CE,Tower without Radar,0,0,3,0,3,0,1,39,0,40,0,1,42,0,43,40,0,40,83
07/04/2011,LAF,IN,AGL,CE,Tower without Radar,0,0,7,0,7,0,1,44,0,45,0,1,51,0,52,64,0,64,116
07/05/2011,LAF,IN,AGL,CE,Tower without Radar,0,3,33,0,36,0,0,96,0,96,0,3,129,0,132,280,0,280,412
07/06/2011,LAF,IN,AGL,CE,Tower without Radar,0,0,28,0,28,0,0,78,0,78,0,0,106,0,106,194,0,194,300
07/07/2011,LAF,IN,AGL,CE,Tower without Radar,0,1,28,0,29,0,0,63,0,63,0,1,91,0,92,208,2,210,302
07/08/2011,LAF,IN,AGL,CE,Tower without Radar,0,0,40,0,40,0,0,99,0,99,0,0,139,0,139,244,0,244,383
07/09/2011,LAF,IN,AGL,CE,Tower without Radar,0,1,11,2,14,0,0,88,0,88,0,1,99,2,102,96,4,100,202
07/10/2011,LAF,IN,AGL,CE,Tower without Radar,0,0,17,0,17,0,0,49,0,49,0,0,66,0,66,78,0,78,144
07/11/2011,LAF,IN,AGL,CE,Tower without Radar,0,0,22,0,22,0,0,60,0,60,0,0,82,0,82,186,0,186,268
07/12/2011,LAF,IN,AGL,CE,Tower without Radar,0,0,33,0,33,0,0,81,0,81,0,0,114,0,114,186,0,186,300
07/13/2011,LAF,IN,AGL,CE,Tower without Radar,0,1,27,0,28,0,0,103,0,103,0,1,130,0,131,234,0,234,365
07/14/2011,LAF,IN,AGL,CE,Tower without Radar,0,2,36,0,38,0,1,100,0,101,0,3,136,0,139,294,0,294,433
07/15/2011,LAF,IN,AGL,CE,Tower without Radar,0,0,24,1,25,0,0,77,0,77,0,0,101,1,102,154,0,154,256
07/16/2011,LAF,IN,AGL,CE,Tower without Radar,0,0,10,1,11,0,0,62,0,62,0,0,72,1,73,170,0,170,243
07/17/2011,LAF,IN,AGL,CE,Tower without Radar,0,0,12,0,12,0,0,45,0,45,0,0,57,0,57,74,0,74,131
07/18/2011,LAF,IN,AGL,CE,Tower without Radar,0,0,22,0,22,0,0,44,0,44,0,0,66,0,66,174,0,174,240
07/19/2011,LAF,IN,AGL,CE,Tower without Radar,0,1,16,0,17,0,0,79,0,79,0,1,95,0,96,182,0,182,278
07/20/2011,LAF,IN,AGL,CE,Tower without Radar,0,2,23,0,25,0,0,77,0,77,0,2,100,0,102,190,0,190,292
07/21/2011,LAF,IN,AGL,CE,Tower without Radar,0,2,20,2,24,0,0,83,2,85,0,2,103,4,109,196,0,196,305
07/22/2011,LAF,IN,AGL,CE,Tower without Radar,0,0,14,0,14,0,0,80,0,80,0,0,94,0,94,144,0,144,238
07/23/2011,LAF,IN,AGL,CE,Tower without Radar,0,0,7,0,7,0,0,37,0,37,0,0,44,0,44,65,0,65,109
07/24/2011,LAF,IN,AGL,CE,Tower without Radar,0,0,12,0,12,0,0,27,0,27,0,0,39,0,39,28,0,28,67
07/25/2011,LAF,IN,AGL,CE,Tower without Radar,0,0,16,0,16,0,0,62,0,62,0,0,78,0,78,194,0,194,272
07/26/2011,LAF,IN,AGL,CE,Tower without Radar,0,3,17,0,20,0,3,77,0,80,0,6,94,0,100,226,0,226,326
07/27/2011,LAF,IN,AGL,CE,Tower without Radar,0,3,16,0,19,0,0,63,0,63,0,3,79,0,82,336,0,336,418
07/28/2011,LAF,IN,AGL,CE,Tower without Radar,0,0,17,0,17,0,0,69,0,69,0,0,86,0,86,182,0,182,268
07/29/2011,LAF,IN,AGL,CE,Tower without Radar,0,0,12,0,12,0,1,36,0,37,0,1,48,0,49,84,0,84,133
07/30/2011,LAF,IN,AGL,CE,Tower without Radar,0,1,13,0,14,0,0,66,1,67,0,1,79,1,81,156,0,156,237
07/31/2011,LAF,IN,AGL,CE,Tower without Radar,0,1,18,0,19,0,1,32,0,33,0,2,50,0,52,30,0,30,82
08/01/2011,LAF,IN,AGL,CE,Tower without Radar,0,2,12,0,14,0,0,65,0,65,0,2,77,0,79,160,0,160,239
08/02/2011,LAF,IN,AGL,CE,Tower without Radar,0,0,18,5,23,0,0,66,0,66,0,0,84,5,89,186,0,186,275
08/03/2011,LAF,IN,AGL,CE,Tower without Radar,0,0,12,0,12,0,0,64,0,64,0,0,76,0,76,198,2,200,276
08/04/2011,LAF,IN,AGL,CE,Tower without Radar,0,0,12,0,12,0,0,88,0,88,0,0,100,0,100,140,0,140,240
08/05/2011,LAF,IN,AGL,CE,Tower without Radar,0,1,8,0,9,0,0,55,0,55,0,1,63,0,64,104,0,104,168
08/06/2011,LAF,IN,AGL,CE,Tower without Radar,0,0,5,0,5,0,0,39,0,39,0,0,44,0,44,108,0,108,152
08/07/2011,LAF,IN,AGL,CE,Tower without Radar,0,1,3,0,4,0,0,16,0,16,0,1,19,0,20,52,0,52,72
08/08/2011,LAF,IN,AGL,CE,Tower without Radar,0,0,15,0,15,0,0,47,0,47,0,0,62,0,62,72,0,72,134
08/09/2011,LAF,IN,AGL,CE,Tower without Radar,0,0,21,0,21,0,0,29,4,33,0,0,50,4,54,124,0,124,178
08/10/2011,LAF,IN,AGL,CE,Tower without Radar,0,0,20,0,20,0,0,54,0,54,0,0,74,0,74,146,0,146,220
08/11/2011,LAF,IN,AGL,CE,Tower without Radar,0,3,23,0,26,0,0,79,0,79,0,3,102,0,105,102,0,102,207
08/12/2011,LAF,IN,AGL,CE,Tower without Radar,0,2,9,0,11,0,0,66,0,66,0,2,75,0,77,134,0,134,211
08/13/2011,LAF,IN,AGL,CE,Tower without Radar,0,0,3,0,3,0,0,41,0,41,0,0,44,0,44,148,0,148,192
08/14/2011,LAF,IN,AGL,CE,Tower without Radar,0,0,11,0,11,0,1,12,0,13,0,1,23,0,24,16,0,16,40
08/15/2011,LAF,IN,AGL,CE,Tower without Radar,0,0,16,0,16,0,0,37,2,39,0,0,53,2,55,40,6,46,101
08/16/2011,LAF,IN,AGL,CE,Tower without Radar,0,0,23,0,23,0,0,45,1,46,0,0,68,1,69,74,0,74,143
08/17/2011,LAF,IN,AGL,CE,Tower without Radar,0,3,12,0,15,0,0,61,0,61,0,3,73,0,76,278,0,278,354
08/18/2011,LAF,IN,AGL,CE,Tower without Radar,0,0,15,0,15,0,0,49,0,49,0,0,64,0,64,214,0,214,278
08/19/2011,LAF,IN,AGL,CE,Tower without Radar,0,3,22,0,25,0,0,48,0,48,0,3,70,0,73,102,0,102,175
08/20/2011,LAF,IN,AGL,CE,Tower without Radar,0,1,10,0,11,0,0,41,0,41,0,1,51,0,52,140,0,140,192
08/21/2011,LAF,IN,AGL,CE,Tower without Radar,0,3,7,0,10,0,0,30,0,30,0,3,37,0,40,30,0,30,70
08/22/2011,LAF,IN,AGL,CE,Tower without Radar,0,0,13,0,13,0,0,36,0,36,0,0,49,0,49,70,4,74,123
08/23/2011,LAF,IN,AGL,CE,Tower without Radar,0,0,18,0,18,0,0,43,0,43,0,0,61,0,61,50,0,50,111
08/24/2011,LAF,IN,AGL,CE,Tower without Radar,0,0,17,0,17,0,0,94,0,94,0,0,111,0,111,186,0,186,297
08/25/2011,LAF,IN,AGL,CE,Tower without Radar,0,0,28,0,28,0,0,168,0,168,0,0,196,0,196,244,0,244,440
08/26/2011,LAF,IN,AGL,CE,Tower without Radar,0,1,15,0,16,0,0,134,0,134,0,1,149,0,150,250,0,250,400
08/27/2011,LAF,IN,AGL,CE,Tower without Radar,0,0,12,0,12,0,1,108,0,109,0,1,120,0,121,288,0,288,409
08/28/2011,LAF,IN,AGL,CE,Tower without Radar,0,0,14,0,14,0,0,92,0,92,0,0,106,0,106,102,0,102,208
08/29/2011,LAF,IN,AGL,CE,Tower without Radar,0,0,20,0,20,0,0,108,0,108,0,0,128,0,128,254,0,254,382
08/30/2011,LAF,IN,AGL,CE,Tower without Radar,0,0,23,0,23,0,0,159,0,159,0,0,182,0,182,366,0,366,548
08/31/2011,LAF,IN,AGL,CE,Tower without Radar,0,1,25,0,26,0,0,123,0,123,0,1,148,0,149,268,0,268,417
09/01/2011,LAF,IN,AGL,CE,Tower without Radar,0,2,17,0,19,0,0,149,5,154,0,2,166,5,173,350,0,350,523
09/02/2011,LAF,IN,AGL,CE,Tower without Radar,2,2,36,0,40,0,0,174,0,174,2,2,210,0,214,324,0,324,538
09/03/2011,LAF,IN,AGL,CE,Tower without Radar,2,0,14,0,16,0,0,65,0,65,2,0,79,0,81,70,0,70,151
09/04/2011,LAF,IN,AGL,CE,Tower without Radar,0,0,6,0,6,0,0,19,0,19,0,0,25,0,25,20,0,20,45
09/05/2011,LAF,IN,AGL,CE,Tower without Radar,0,0,13,0,13,0,1,31,0,32,0,1,44,0,45,14,8,22,67
09/06/2011,LAF,IN,AGL,CE,Tower without Radar,0,2,39,2,43,0,0,149,0,149,0,2,188,2,192,406,0,406,598
09/07/2011,LAF,IN,AGL,CE,Tower without Radar,0,0,31,0,31,0,0,131,0,131,0,0,162,0,162,448,0,448,610
09/08/2011,LAF,IN,AGL,CE,Tower without Radar,0,0,17,0,17,0,0,6,0,6,0,0,23,0,23,2,0,2,25
09/09/2011,LAF,IN,AGL,CE,Tower without Radar,1,1,16,0,18,0,0,24,0,24,1,1,40,0,42,198,0,198,240
09/10/2011,LAF,IN,AGL,CE,Tower without Radar,0,0,11,0,11,0,0,47,0,47,0,0,58,0,58,302,0,302,360
09/11/2011,LAF,IN,AGL,CE,Tower without Radar,0,0,7,0,7,0,0,37,0,37,0,0,44,0,44,98,0,98,142
09/12/2011,LAF,IN,AGL,CE,Tower without Radar,0,0,26,0,26,0,0,155,0,155,0,0,181,0,181,614,0,614,795
09/13/2011,LAF,IN,AGL,CE,Tower without Radar,0,2,40,0,42,0,0,174,1,175,0,2,214,1,217,680,0,680,897
09/14/2011,LAF,IN,AGL,CE,Tower without Radar,0,0,43,0,43,0,2,113,0,115,0,2,156,0,158,488,0,488,646
09/15/2011,LAF,IN,AGL,CE,Tower without Radar,0,0,69,0,69,0,2,146,0,148,0,2,215,0,217,748,0,748,965
09/16/2011,LAF,IN,AGL,CE,Tower without Radar,0,0,57,0,57,0,0,142,0,142,0,0,199,0,199,472,0,472,671
09/17/2011,LAF,IN,AGL,CE,Tower without Radar,0,0,32,0,32,0,0,142,0,142,0,0,174,0,174,152,0,152,326
09/18/2011,LAF,IN,AGL,CE,Tower without Radar,0,0,20,0,20,0,0,55,0,55,0,0,75,0,75,102,0,102,177
09/19/2011,LAF,IN,AGL,CE,Tower without Radar,0,0,13,0,13,0,0,8,0,8,0,0,21,0,21,42,0,42,63
09/20/2011,LAF,IN,AGL,CE,Tower without Radar,0,2,43,2,47,0,0,90,0,90,0,2,133,2,137,418,0,418,555
09/21/2011,LAF,IN,AGL,CE,Tower without Radar,0,1,31,2,34,0,0,99,0,99,0,1,130,2,133,454,0,454,587
09/22/2011,LAF,IN,AGL,CE,Tower without Radar,0,2,56,3,61,0,0,139,0,139,0,2,195,3,200,352,0,352,552
09/23/2011,LAF,IN,AGL,CE,Tower without Radar,0,1,49,0,50,0,0,71,0,71,0,1,120,0,121,74,0,74,195
09/24/2011,LAF,IN,AGL,CE,Tower without Radar,0,0,12,0,12,0,0,21,0,21,0,0,33,0,33,46,0,46,79
09/25/2011,LAF,IN,AGL,CE,Tower without Radar,0,0,13,0,13,0,2,15,0,17,0,2,28,0,30,22,0,22,52
09/26/2011,LAF,IN,AGL,CE,Tower without Radar,0,2,40,0,42,0,0,98,0,98,0,2,138,0,140,402,0,402,542
09/27/2011,LAF,IN,AGL,CE,Tower without Radar,0,2,28,0,30,0,0,10,0,10,0,2,38,0,40,38,0,38,78
09/28/2011,LAF,IN,AGL,CE,Tower without Radar,0,4,23,0,27,0,0,32,0,32,0,4,55,0,59,162,0,162,221
09/29/2011,LAF,IN,AGL,CE,Tower without Radar,0,3,55,0,58,0,0,131,0,131,0,3,186,0,189,256,0,256,445
09/30/2011,LAF,IN,AGL,CE,Tower without Radar,0,0,26,0,26,0,0,63,0,63,0,0,89,0,89,164,0,164,253
10/01/2011,LAF,IN,AGL,CE,Tower without Radar,0,2,30,0,32,0,0,115,0,115,0,2,145,0,147,162,0,162,309
10/02/2011,LAF,IN,AGL,CE,Tower without Radar,0,3,14,0,17,0,3,99,0,102,0,6,113,0,119,128,0,128,247
10/03/2011,LAF,IN,AGL,CE,Tower without Radar,0,0,33,0,33,0,2,153,0,155,0,2,186,0,188,354,0,354,542
10/04/2011,LAF,IN,AGL,CE,Tower without Radar,0,0,56,0,56,0,0,125,0,125,0,0,181,0,181,300,0,300,481
10/05/2011,LAF,IN,AGL,CE,Tower without Radar,0,3,35,0,38,0,0,141,0,141,0,3,176,0,179,346,0,346,525
10/06/2011,LAF,IN,AGL,CE,Tower without Radar,0,3,50,0,53,0,1,145,0,146,0,4,195,0,199,406,0,406,605
10/07/2011,LAF,IN,AGL,CE,Tower without Radar,2,7,37,0,46,0,0,154,0,154,2,7,191,0,200,346,0,346,546
10/08/2011,LAF,IN,AGL,CE,Tower without Radar,2,3,33,0,38,0,0,85,0,85,2,3,118,0,123,36,0,36,159
10/09/2011,LAF,IN,AGL,CE,Tower without Radar,0,3,6,0,9,0,1,57,0,58,0,4,63,0,67,38,0,38,105
10/10/2011,LAF,IN,AGL,CE,Tower without Radar,0,0,10,0,10,0,4,50,0,54,0,4,60,0,64,96,0,96,160
10/11/2011,LAF,IN,AGL,CE,Tower without Radar,0,2,51,0,53,0,0,67,0,67,0,2,118,0,120,80,0,80,200
10/12/2011,LAF,IN,AGL,CE,Tower without Radar,0,2,38,0,40,0,0,128,0,128,0,2,166,0,168,454,0,454,622
10/13/2011,LAF,IN,AGL,CE,Tower without Radar,0,3,17,0,20,0,0,2,0,2,0,3,19,0,22,0,0,0,22
10/14/2011,LAF,IN,AGL,CE,Tower without Radar,1,0,12,2,15,0,0,70,0,70,1,0,82,2,85,226,0,226,311
10/15/2011,LAF,IN,AGL,CE,Tower without Radar,2,0,10,0,12,0,0,51,0,51,2,0,61,0,63,126,0,126,189
10/16/2011,LAF,IN,AGL,CE,Tower without Radar,0,0,13,0,13,0,0,38,0,38,0,0,51,0,51,66,0,66,117
10/17/2011,LAF,IN,AGL,CE,Tower without Radar,0,2,22,0,24,0,0,86,0,86,0,2,108,0,110,352,0,352,462
10/18/2011,LAF,IN,AGL,CE,Tower without Radar,0,0,15,0,15,0,0,6,0,6,0,0,21,0,21,8,0,8,29
10/19/2011,LAF,IN,AGL,CE,Tower without Radar,0,0,4,0,4,0,0,0,0,0,0,0,4,0,4,0,0,0,4
10/20/2011,LAF,IN,AGL,CE,Tower without Radar,0,2,18,3,23,0,0,9,0,9,0,2,27,3,32,28,0,28,60
10/21/2011,LAF,IN,AGL,CE,Tower without Radar,0,5,35,0,40,0,2,136,1,139,0,7,171,1,179,352,0,352,531
10/22/2011,LAF,IN,AGL,CE,Tower without Radar,0,3,24,0,27,0,1,98,2,101,0,4,122,2,128,146,0,146,274
10/23/2011,LAF,IN,AGL,CE,Tower without Radar,0,3,7,1,11,0,0,100,1,101,0,3,107,2,112,114,0,114,226
10/24/2011,LAF,IN,AGL,CE,Tower without Radar,0,0,16,0,16,0,0,105,0,105,0,0,121,0,121,336,0,336,457
10/25/2011,LAF,IN,AGL,CE,Tower without Radar,0,0,46,0,46,0,0,143,0,143,0,0,189,0,189,273,0,273,462
10/26/2011,LAF,IN,AGL,CE,Tower without Radar,0,4,33,0,37,0,0,35,0,35,0,4,68,0,72,106,0,106,178
10/27/2011,LAF,IN,AGL,CE,Tower without Radar,0,7,14,0,21,0,0,68,0,68,0,7,82,0,89,342,0,342,431
10/28/2011,LAF,IN,AGL,CE,Tower without Radar,0,0,32,0,32,0,0,110,0,110,0,0,142,0,142,316,0,316,458
10/29/2011,LAF,IN,AGL,CE,Tower without Radar,2,0,28,0,30,0,0,128,0,128,2,0,156,0,158,338,0,338,496
10/30/2011,LAF,IN,AGL,CE,Tower without Radar,0,5,6,0,11,0,0,31,0,31,0,5,37,0,42,10,0,10,52
10/31/2011,LAF,IN,AGL,CE,Tower without Radar,0,1,21,0,22,0,0,140,0,140,0,1,161,0,162,302,0,302,464
11/01/2011,LAF,IN,AGL,CE,Tower without Radar,0,0,46,0,46,0,0,185,0,185,0,0,231,0,231,396,0,396,627
11/02/2011,LAF,IN,AGL,CE,Tower without Radar,0,4,37,0,41,0,3,112,0,115,0,7,149,0,156,362,0,362,518
11/03/2011,LAF,IN,AGL,CE,Tower without Radar,0,0,23,0,23,0,0,23,0,23,0,0,46,0,46,98,0,98,144
11/04/2011,LAF,IN,AGL,CE,Tower without Radar,0,3,30,0,33,0,0,178,0,178,0,3,208,0,211,488,0,488,699
11/05/2011,LAF,IN,AGL,CE,Tower without Radar,0,0,17,0,17,0,0,134,0,134,0,0,151,0,151,318,0,318,469
11/06/2011,LAF,IN,AGL,CE,Tower without Radar,0,0,7,0,7,0,0,30,0,30,0,0,37,0,37,106,0,106,143
11/07/2011,LAF,IN,AGL,CE,Tower without Radar,0,1,20,0,21,0,0,10,0,10,0,1,30,0,31,4,0,4,35
11/08/2011,LAF,IN,AGL,CE,Tower without Radar,0,1,34,0,35,0,0,117,1,118,0,1,151,1,153,313,0,313,466
11/09/2011,LAF,IN,AGL,CE,Tower without Radar,0,0,5,0,5,0,0,1,0,1,0,0,6,0,6,0,0,0,6
11/10/2011,LAF,IN,AGL,CE,Tower without Radar,0,3,20,0,23,0,0,80,1,81,0,3,100,1,104,194,0,194,298
11/11/2011,LAF,IN,AGL,CE,Tower without Radar,0,2,35,0,37,0,0,140,0,140,0,2,175,0,177,388,0,388,565
11/12/2011,LAF,IN,AGL,CE,Tower without Radar,1,1,35,0,37,0,0,96,0,96,1,1,131,0,133,119,0,119,252
11/13/2011,LAF,IN,AGL,CE,Tower without Radar,0,3,10,0,13,0,0,6,0,6,0,3,16,0,19,2,0,2,21
11/14/2011,LAF,IN,AGL,CE,Tower without Radar,0,0,14,0,14,0,0,9,0,9,0,0,23,0,23,36,0,36,59
11/15/2011,LAF,IN,AGL,CE,Tower without Radar,1,1,47,0,49,0,0,120,0,120,1,1,167,0,169,332,0,332,501
11/16/2011,LAF,IN,AGL,CE,Tower without Radar,1,2,26,0,29,0,0,133,2,135,1,2,159,2,164,396,0,396,560
11/17/2011,LAF,IN,AGL,CE,Tower without Radar,0,2,33,0,35,0,0,83,0,83,0,2,116,0,118,206,0,206,324
11/18/2011,LAF,IN,AGL,CE,Tower without Radar,1,1,26,1,29,0,0,62,0,62,1,1,88,1,91,86,0,86,177
11/19/2011,LAF,IN,AGL,CE,Tower without Radar,2,0,19,0,21,0,0,33,0,33,2,0,52,0,54,50,0,50,104
11/20/2011,LAF,IN,AGL,CE,Tower without Radar,0,1,10,0,11,0,0,107,0,107,0,1,117,0,118,438,0,438,556
11/21/2011,LAF,IN,AGL,CE,Tower without Radar,0,0,19,0,19,0,0,62,0,62,0,0,81,0,81,362,0,362,443
11/22/2011,LAF,IN,AGL,CE,Tower without Radar,0,1,18,0,19,0,0,0,0,0,0,1,18,0,19,0,0,0,19
11/23/2011,LAF,IN,AGL,CE,Tower without Radar,0,4,19,1,24,0,0,58,0,58,0,4,77,1,82,116,0,116,198
11/24/2011,LAF,IN,AGL,CE,Tower without Radar,0,4,6,0,10,0,0,12,0,12,0,4,18,0,22,56,0,56,78
11/25/2011,LAF,IN,AGL,CE,Tower without Radar,0,0,10,0,10,0,0,27,0,27,0,0,37,0,37,48,0,48,85
11/26/2011,LAF,IN,AGL,CE,Tower without Radar,0,0,8,0,8,0,0,13,0,13,0,0,21,0,21,64,0,64,85
11/27/2011,LAF,IN,AGL,CE,Tower without Radar,0,4,12,0,16,0,0,0,0,0,0,4,12,0,16,0,0,0,16
11/28/2011,LAF,IN,AGL,CE,Tower without Radar,0,3,21,0,24,0,0,38,0,38,0,3,59,0,62,200,0,200,262
11/29/2011,LAF,IN,AGL,CE,Tower without Radar,0,0,6,0,6,0,0,1,0,1,0,0,7,0,7,0,0,0,7
11/30/2011,LAF,IN,AGL,CE,Tower without Radar,0,4,25,0,29,0,3,138,0,141,0,7,163,0,170,488,0,488,658
12/01/2011,LAF,IN,AGL,CE,Tower without Radar,0,2,33,0,35,0,0,127,0,127,0,2,160,0,162,436,0,436,598
12/02/2011,LAF,IN,AGL,CE,Tower without Radar,0,0,23,0,23,0,0,90,0,90,0,0,113,0,113,436,0,436,549
12/03/2011,LAF,IN,AGL,CE,Tower without Radar,0,2,20,0,22,0,0,136,0,136,0,2,156,0,158,454,0,454,612
12/04/2011,LAF,IN,AGL,CE,Tower without Radar,0,2,3,0,5,0,0,5,0,5,0,2,8,0,10,26,0,26,36
12/05/2011,LAF,IN,AGL,CE,Tower without Radar,0,2,3,0,5,0,0,89,0,89,0,2,92,0,94,50,0,50,144
12/06/2011,LAF,IN,AGL,CE,Tower without Radar,0,0,23,0,23,0,0,119,0,119,0,0,142,0,142,518,0,518,660
12/07/2011,LAF,IN,AGL,CE,Tower without Radar,0,0,26,0,26,0,0,114,0,114,0,0,140,0,140,460,0,460,600
12/08/2011,LAF,IN,AGL,CE,Tower without Radar,0,1,35,0,36,0,0,115,0,115,0,1,150,0,151,354,0,354,505
12/09/2011,LAF,IN,AGL,CE,Tower without Radar,0,2,17,0,19,0,0,39,0,39,0,2,56,0,58,146,0,146,204
12/10/2011,LAF,IN,AGL,CE,Tower without Radar,0,4,12,2,18,0,4,120,0,124,0,8,132,2,142,240,0,240,382
12/11/2011,LAF,IN,AGL,CE,Tower without Radar,0,2,24,0,26,0,1,96,0,97,0,3,120,0,123,244,0,244,367
12/12/2011,LAF,IN,AGL,CE,Tower without Radar,0,0,29,0,29,0,0,99,0,99,0,0,128,0,128,440,0,440,568
12/13/2011,LAF,IN,AGL,CE,Tower without Radar,0,0,16,0,16,0,0,63,0,63,0,0,79,0,79,402,0,402,481
12/14/2011,LAF,IN,AGL,CE,Tower without Radar,0,0,11,0,11,0,1,0,0,1,0,1,11,0,12,0,0,0,12
12/15/2011,LAF,IN,AGL,CE,Tower without Radar,0,1,19,0,20,0,0,11,0,11,0,1,30,0,31,40,0,40,71
12/16/2011,LAF,IN,AGL,CE,Tower without Radar,0,1,19,0,20,0,0,87,0,87,0,1,106,0,107,292,0,292,399
12/17/2011,LAF,IN,AGL,CE,Tower without Radar,0,0,12,0,12,0,0,33,0,33,0,0,45,0,45,112,0,112,157
12/18/2011,LAF,IN,AGL,CE,Tower without Radar,0,0,15,0,15,0,0,44,0,44,0,0,59,0,59,80,0,80,139
12/19/2011,LAF,IN,AGL,CE,Tower without Radar,0,2,14,0,16,0,0,32,0,32,0,2,46,0,48,176,0,176,224
12/20/2011,LAF,IN,AGL,CE,Tower without Radar,0,0,8,0,8,0,0,3,0,3,0,0,11,0,11,2,0,2,13
12/21/2011,LAF,IN,AGL,CE,Tower without Radar,0,2,7,0,9,0,0,0,0,0,0,2,7,0,9,0,0,0,9
12/22/2011,LAF,IN,AGL,CE,Tower without Radar,0,8,40,0,48,0,0,16,0,16,0,8,56,0,64,56,0,56,120
12/23/2011,LAF,IN,AGL,CE,Tower without Radar,0,0,16,0,16,0,0,33,0,33,0,0,49,0,49,44,0,44,93
12/24/2011,LAF,IN,AGL,CE,Tower without Radar,0,0,1,0,1,0,0,6,0,6,0,0,7,0,7,8,0,8,15
12/25/2011,LAF,IN,AGL,CE,Tower without Radar,0,0,0,0,0,0,0,0,0,0,0,0,0,0,0,0,0,0,0
12/26/2011,LAF,IN,AGL,CE,Tower without Radar,0,2,4,0,6,0,0,23,0,23,0,2,27,0,29,24,0,24,53
12/27/2011,LAF,IN,AGL,CE,Tower without Radar,0,4,2,0,6,0,0,0,0,0,0,4,2,0,6,0,0,0,6
12/28/2011,LAF,IN,AGL,CE,Tower without Radar,0,1,10,0,11,0,0,24,0,24,0,1,34,0,35,24,0,24,59
12/29/2011,LAF,IN,AGL,CE,Tower without Radar,1,1,0,1,3,0,0,17,0,17,1,1,17,1,20,24,0,24,44
12/30/2011,LAF,IN,AGL,CE,Tower without Radar,0,1,4,0,5,0,0,0,0,0,0,1,4,0,5,0,0,0,5
12/31/2011,LAF,IN,AGL,CE,Tower without Radar,0,0,3,0,3,0,0,0,0,0,0,0,3,0,3,0,0,0,3
01/01/2012,LAF,IN,AGL,CE,Tower without Radar,0,1,2,0,3,0,1,1,0,2,0,2,3,0,5,0,0,0,5
01/02/2012,LAF,IN,AGL,CE,Tower without Radar,0,1,3,0,4,0,0,1,0,1,0,1,4,0,5,0,0,0,5
01/03/2012,LAF,IN,AGL,CE,Tower without Radar,0,2,9,0,11,0,0,24,0,24,0,2,33,0,35,28,0,28,63
01/04/2012,LAF,IN,AGL,CE,Tower without Radar,2,0,16,0,18,0,0,27,0,27,2,0,43,0,45,60,0,60,105
01/05/2012,LAF,IN,AGL,CE,Tower without Radar,0,0,11,0,11,0,0,42,0,42,0,0,53,0,53,58,0,58,111
01/06/2012,LAF,IN,AGL,CE,Tower without Radar,0,1,18,0,19,0,0,43,0,43,0,1,61,0,62,88,0,88,150
01/07/2012,LAF,IN,AGL,CE,Tower without Radar,0,0,16,0,16,36,0,0,0,36,36,0,16,0,52,118,0,118,170
01/08/2012,LAF,IN,AGL,CE,Tower without Radar,0,0,11,1,12,0,0,0,0,0,0,0,11,1,12,36,0,36,48
01/09/2012,LAF,IN,AGL,CE,Tower without Radar,0,4,12,0,16,0,0,21,0,21,0,4,33,0,37,76,0,76,113
01/10/2012,LAF,IN,AGL,CE,Tower without Radar,0,0,19,0,19,0,0,67,0,67,0,0,86,0,86,220,0,220,306
01/11/2012,LAF,IN,AGL,CE,Tower without Radar,0,3,13,0,16,0,0,27,0,27,0,3,40,0,43,144,0,144,187
01/12/2012,LAF,IN,AGL,CE,Tower without Radar,0,0,0,0,0,0,0,0,0,0,0,0,0,0,0,0,0,0,0
01/13/2012,LAF,IN,AGL,CE,Tower without Radar,0,0,5,0,5,0,0,0,0,0,0,0,5,0,5,0,0,0,5
01/14/2012,LAF,IN,AGL,CE,Tower without Radar,0,1,6,0,7,0,0,76,2,78,0,1,82,2,85,250,0,250,335
01/15/2012,LAF,IN,AGL,CE,Tower without Radar,0,1,7,0,8,0,0,60,0,60,0,1,67,0,68,170,0,170,238
01/16/2012,LAF,IN,AGL,CE,Tower without Radar,0,2,3,0,5,0,0,16,0,16,0,2,19,0,21,28,0,28,49
01/17/2012,LAF,IN,AGL,CE,Tower without Radar,0,0,11,0,11,0,0,0,0,0,0,0,11,0,11,0,0,0,11
01/18/2012,LAF,IN,AGL,CE,Tower without Radar,0,0,20,0,20,0,0,139,0,139,0,0,159,0,159,514,0,514,673
01/19/2012,LAF,IN,AGL,CE,Tower without Radar,0,0,17,0,17,0,0,6,0,6,0,0,23,0,23,30,0,30,53
01/20/2012,LAF,IN,AGL,CE,Tower without Radar,0,1,7,2,10,0,0,40,0,40,0,1,47,2,50,214,0,214,264
01/21/2012,LAF,IN,AGL,CE,Tower without Radar,0,3,18,0,21,0,0,104,0,104,0,3,122,0,125,480,0,480,605
01/22/2012,LAF,IN,AGL,CE,Tower without Radar,0,3,4,0,7,0,0,0,0,0,0,3,4,0,7,0,0,0,7
01/23/2012,LAF,IN,AGL,CE,Tower without Radar,1,1,12,0,14,0,0,0,0,0,1,1,12,0,14,70,0,70,84
01/24/2012,LAF,IN,AGL,CE,Tower without Radar,0,2,47,0,49,0,0,128,0,128,0,2,175,0,177,398,0,398,575
01/25/2012,LAF,IN,AGL,CE,Tower without Radar,0,0,9,0,9,0,0,55,0,55,0,0,64,0,64,276,0,276,340
01/26/2012,LAF,IN,AGL,CE,Tower without Radar,0,0,1,0,1,0,0,0,0,0,0,0,1,0,1,0,0,0,1
01/27/2012,LAF,IN,AGL,CE,Tower without Radar,0,0,26,0,26,0,0,84,0,84,0,0,110,0,110,230,0,230,340
01/28/2012,LAF,IN,AGL,CE,Tower without Radar,0,3,9,0,12,0,0,60,0,60,0,3,69,0,72,228,0,228,300
01/29/2012,LAF,IN,AGL,CE,Tower without Radar,0,0,5,0,5,0,0,26,0,26,0,0,31,0,31,98,0,98,129
01/30/2012,LAF,IN,AGL,CE,Tower without Radar,0,0,23,0,23,0,0,126,0,126,0,0,149,0,149,350,0,350,499
01/31/2012,LAF,IN,AGL,CE,Tower without Radar,0,0,22,0,22,0,0,131,0,131,0,0,153,0,153,214,0,214,367
02/01/2012,LAF,IN,AGL,CE,Tower without Radar,0,2,28,0,30,0,0,126,0,126,0,2,154,0,156,474,0,474,630
02/02/2012,LAF,IN,AGL,CE,Tower without Radar,0,3,38,0,41,0,0,73,0,73,0,3,111,0,114,256,0,256,370
02/03/2012,LAF,IN,AGL,CE,Tower without Radar,0,0,34,0,34,0,0,69,0,69,0,0,103,0,103,327,0,327,430
02/04/2012,LAF,IN,AGL,CE,Tower without Radar,0,0,4,0,4,0,0,0,0,0,0,0,4,0,4,0,0,0,4
02/05/2012,LAF,IN,AGL,CE,Tower without Radar,0,4,19,0,23,0,0,39,0,39,0,4,58,0,62,68,0,68,130
02/06/2012,LAF,IN,AGL,CE,Tower without Radar,0,3,8,0,11,0,0,1,0,1,0,3,9,0,12,0,0,0,12
02/07/2012,LAF,IN,AGL,CE,Tower without Radar,0,0,21,0,21,0,0,21,0,21,0,0,42,0,42,66,0,66,108
02/08/2012,LAF,IN,AGL,CE,Tower without Radar,0,0,8,0,8,0,0,27,0,27,0,0,35,0,35,264,0,264,299
02/09/2012,LAF,IN,AGL,CE,Tower without Radar,0,0,60,0,60,0,0,165,0,165,0,0,225,0,225,540,0,540,765
02/10/2012,LAF,IN,AGL,CE,Tower without Radar,0,0,10,0,10,0,0,25,0,25,0,0,35,0,35,62,0,62,97
02/11/2012,LAF,IN,AGL,CE,Tower without Radar,0,0,4,0,4,0,0,43,0,43,0,0,47,0,47,130,0,130,177
02/12/2012,LAF,IN,AGL,CE,Tower without Radar,0,0,25,0,25,0,0,92,0,92,0,0,117,0,117,126,0,126,243
02/13/2012,LAF,IN,AGL,CE,Tower without Radar,0,0,36,0,36,0,1,101,0,102,0,1,137,0,138,318,0,318,456
02/14/2012,LAF,IN,AGL,CE,Tower without Radar,0,0,5,0,5,0,0,2,0,2,0,0,7,0,7,0,0,0,7
02/15/2012,LAF,IN,AGL,CE,Tower without Radar,0,0,40,0,40,0,0,86,0,86,0,0,126,0,126,358,0,358,484
02/16/2012,LAF,IN,AGL,CE,Tower without Radar,0,4,28,0,32,0,0,52,0,52,0,4,80,0,84,262,2,264,348
02/17/2012,LAF,IN,AGL,CE,Tower without Radar,0,2,45,0,47,0,0,162,0,162,0,2,207,0,209,454,0,454,663
02/18/2012,LAF,IN,AGL,CE,Tower without Radar,0,2,31,0,33,0,0,86,0,86,0,2,117,0,119,272,0,272,391
02/19/2012,LAF,IN,AGL,CE,Tower without Radar,1,0,14,0,15,0,0,90,0,90,1,0,104,0,105,92,0,92,197
02/20/2012,LAF,IN,AGL,CE,Tower without Radar,0,3,43,0,46,0,0,147,0,147,0,3,190,0,193,370,0,370,563
02/21/2012,LAF,IN,AGL,CE,Tower without Radar,0,2,8,0,10,0,0,11,0,11,0,2,19,0,21,128,0,128,149
02/22/2012,LAF,IN,AGL,CE,Tower without Radar,0,3,33,1,37,0,1,112,0,113,0,4,145,1,150,493,2,495,645
02/23/2012,LAF,IN,AGL,CE,Tower without Radar,0,0,53,0,53,0,0,70,0,70,0,0,123,0,123,328,0,328,451
02/24/2012,LAF,IN,AGL,CE,Tower without Radar,0,3,15,0,18,0,0,3,0,3,0,3,18,0,21,30,0,30,51
02/25/2012,LAF,IN,AGL,CE,Tower without Radar,0,0,18,0,18,0,0,103,0,103,0,0,121,0,121,312,0,312,433
02/26/2012,LAF,IN,AGL,CE,Tower without Radar,0,1,12,0,13,0,0,31,0,31,0,1,43,0,44,60,0,60,104
02/27/2012,LAF,IN,AGL,CE,Tower without Radar,0,2,46,1,49,0,2,103,0,105,0,4,149,1,154,200,2,202,356
02/28/2012,LAF,IN,AGL,CE,Tower without Radar,0,1,62,0,63,0,0,176,0,176,0,1,238,0,239,388,0,388,627
02/29/2012,LAF,IN,AGL,CE,Tower without Radar,0,5,9,0,14,0,0,7,0,7,0,5,16,0,21,56,0,56,77
03/01/2012,LAF,IN,AGL,CE,Tower without Radar,0,1,48,0,49,0,0,92,0,92,0,1,140,0,141,464,0,464,605
03/02/2012,LAF,IN,AGL,CE,Tower without Radar,0,0,23,0,23,0,0,25,0,25,0,0,48,0,48,124,0,124,172
03/03/2012,LAF,IN,AGL,CE,Tower without Radar,0,1,20,0,21,0,0,43,0,43,0,1,63,0,64,84,0,84,148
03/04/2012,LAF,IN,AGL,CE,Tower without Radar,0,1,22,0,23,0,0,59,0,59,0,1,81,0,82,158,0,158,240
03/05/2012,LAF,IN,AGL,CE,Tower without Radar,0,4,24,0,28,0,0,117,0,117,0,4,141,0,145,366,0,366,511
03/06/2012,LAF,IN,AGL,CE,Tower without Radar,0,2,29,0,31,0,0,69,0,69,0,2,98,0,100,44,0,44,144
03/07/2012,LAF,IN,AGL,CE,Tower without Radar,0,4,3,0,7,0,0,5,0,5,0,4,8,0,12,2,0,2,14
03/08/2012,LAF,IN,AGL,CE,Tower without Radar,0,4,14,0,18,0,0,18,0,18,0,4,32,0,36,26,0,26,62
03/09/2012,LAF,IN,AGL,CE,Tower without Radar,0,1,31,0,32,0,0,73,0,73,0,1,104,0,105,84,2,86,191
03/10/2012,LAF,IN,AGL,CE,Tower without Radar,0,1,16,0,17,0,0,93,0,93,0,1,109,0,110,150,0,150,260
03/11/2012,LAF,IN,AGL,CE,Tower without Radar,0,0,7,0,7,0,0,39,0,39,0,0,46,0,46,50,0,50,96
03/12/2012,LAF,IN,AGL,CE,Tower without Radar,0,4,7,0,11,0,0,1,0,1,0,4,8,0,12,0,0,0,12
03/13/2012,LAF,IN,AGL,CE,Tower without Radar,0,2,16,0,18,0,0,49,0,49,0,2,65,0,67,58,0,58,125
03/14/2012,LAF,IN,AGL,CE,Tower without Radar,2,0,18,1,21,0,0,38,0,38,2,0,56,1,59,50,2,52,111
03/15/2012,LAF,IN,AGL,CE,Tower without Radar,4,0,11,0,15,0,0,43,0,43,4,0,54,0,58,40,0,40,98
03/16/2012,LAF,IN,AGL,CE,Tower without Radar,0,0,12,0,12,0,0,43,0,43,0,0,55,0,55,50,0,50,105
03/17/2012,LAF,IN,AGL,CE,Tower without Radar,0,0,17,0,17,0,0,45,0,45,0,0,62,0,62,64,0,64,126
03/18/2012,LAF,IN,AGL,CE,Tower without Radar,2,0,14,0,16,0,1,53,0,54,2,1,67,0,70,36,0,36,106
03/19/2012,LAF,IN,AGL,CE,Tower without Radar,0,0,33,0,33,0,0,75,0,75,0,0,108,0,108,350,0,350,458
03/20/2012,LAF,IN,AGL,CE,Tower without Radar,0,0,59,0,59,0,0,124,0,124,0,0,183,0,183,198,0,198,381
03/21/2012,LAF,IN,AGL,CE,Tower without Radar,0,2,24,0,26,0,0,73,0,73,0,2,97,0,99,227,1,228,327
03/22/2012,LAF,IN,AGL,CE,Tower without Radar,0,0,59,0,59,0,0,133,0,133,0,0,192,0,192,294,0,294,486
03/23/2012,LAF,IN,AGL,CE,Tower without Radar,0,1,9,0,10,0,0,10,0,10,0,1,19,0,20,70,0,70,90
03/24/2012,LAF,IN,AGL,CE,Tower without Radar,0,0,27,0,27,0,0,101,2,103,0,0,128,2,130,266,0,266,396
03/25/2012,LAF,IN,AGL,CE,Tower without Radar,0,0,23,0,23,0,0,50,0,50,0,0,73,0,73,90,0,90,163
03/26/2012,LAF,IN,AGL,CE,Tower without Radar,0,0,32,0,32,0,0,113,0,113,0,0,145,0,145,284,0,284,429
03/27/2012,LAF,IN,AGL,CE,Tower without Radar,0,0,47,0,47,0,0,140,0,140,0,0,187,0,187,272,0,272,459
03/28/2012,LAF,IN,AGL,CE,Tower without Radar,0,2,20,1,23,0,0,88,0,88,0,2,108,1,111,166,0,166,277
03/29/2012,LAF,IN,AGL,CE,Tower without Radar,0,3,39,0,42,0,1,168,0,169,0,4,207,0,211,368,0,368,579
03/30/2012,LAF,IN,AGL,CE,Tower without Radar,0,0,27,0,27,0,0,70,0,70,0,0,97,0,97,230,0,230,327
03/31/2012,LAF,IN,AGL,CE,Tower without Radar,0,0,19,0,19,0,0,24,0,24,0,0,43,0,43,86,0,86,129
04/01/2012,LAF,IN,AGL,CE,Tower without Radar,0,0,18,0,18,0,0,24,0,24,0,0,42,0,42,84,0,84,126
04/02/2012,LAF,IN,AGL,CE,Tower without Radar,0,0,18,0,18,0,0,72,0,72,0,0,90,0,90,230,0,230,320
04/03/2012,LAF,IN,AGL,CE,Tower without Radar,0,0,34,0,34,0,0,125,0,125,0,0,159,0,159,303,0,303,462
04/04/2012,LAF,IN,AGL,CE,Tower without Radar,0,0,24,0,24,0,0,114,0,114,0,0,138,0,138,441,0,441,579
04/05/2012,LAF,IN,AGL,CE,Tower without Radar,0,2,44,1,47,0,0,126,0,126,0,2,170,1,173,160,0,160,333
04/06/2012,LAF,IN,AGL,CE,Tower without Radar,0,0,20,0,20,0,10,161,0,171,0,10,181,0,191,330,0,330,521
04/07/2012,LAF,IN,AGL,CE,Tower without Radar,0,0,16,0,16,0,2,122,0,124,0,2,138,0,140,158,0,158,298
04/08/2012,LAF,IN,AGL,CE,Tower without Radar,0,2,8,0,10,0,0,42,0,42,0,2,50,0,52,52,0,52,104
04/09/2012,LAF,IN,AGL,CE,Tower without Radar,0,0,23,0,23,0,0,46,0,46,0,0,69,0,69,94,0,94,163
04/10/2012,LAF,IN,AGL,CE,Tower without Radar,0,0,20,0,20,0,0,34,0,34,0,0,54,0,54,54,0,54,108
04/11/2012,LAF,IN,AGL,CE,Tower without Radar,0,0,41,0,41,0,2,134,0,136,0,2,175,0,177,248,0,248,425
04/12/2012,LAF,IN,AGL,CE,Tower without Radar,0,2,32,0,34,0,0,164,0,164,0,2,196,0,198,362,0,362,560
04/13/2012,LAF,IN,AGL,CE,Tower without Radar,0,0,27,1,28,0,0,106,0,106,0,0,133,1,134,186,0,186,320
04/14/2012,LAF,IN,AGL,CE,Tower without Radar,0,0,18,0,18,0,0,18,2,20,0,0,36,2,38,56,0,56,94
04/15/2012,LAF,IN,AGL,CE,Tower without Radar,0,2,10,1,13,0,0,8,1,9,0,2,18,2,22,8,0,8,30
04/16/2012,LAF,IN,AGL,CE,Tower without Radar,2,0,13,0,15,0,0,4,0,4,2,0,17,0,19,10,0,10,29
04/17/2012,LAF,IN,AGL,CE,Tower without Radar,0,4,29,0,33,0,0,144,0,144,0,4,173,0,177,420,0,420,597
04/18/2012,LAF,IN,AGL,CE,Tower without Radar,0,1,20,0,21,0,0,159,0,159,0,1,179,0,180,346,0,346,526
04/19/2012,LAF,IN,AGL,CE,Tower without Radar,0,4,28,0,32,0,0,137,0,137,0,4,165,0,169,278,0,278,447
04/20/2012,LAF,IN,AGL,CE,Tower without Radar,0,1,15,0,16,0,0,38,0,38,0,1,53,0,54,116,0,116,170
04/21/2012,LAF,IN,AGL,CE,Tower without Radar,0,0,12,0,12,0,0,63,0,63,0,0,75,0,75,262,0,262,337
04/22/2012,LAF,IN,AGL,CE,Tower without Radar,0,0,12,0,12,0,0,71,2,73,0,0,83,2,85,144,0,144,229
04/23/2012,LAF,IN,AGL,CE,Tower without Radar,0,1,16,0,17,0,0,23,4,27,0,1,39,4,44,88,0,88,132
04/24/2012,LAF,IN,AGL,CE,Tower without Radar,0,2,24,0,26,0,0,145,0,145,0,2,169,0,171,598,0,598,769
04/25/2012,LAF,IN,AGL,CE,Tower without Radar,0,5,35,0,40,0,0,113,0,113,0,5,148,0,153,310,0,310,463
04/26/2012,LAF,IN,AGL,CE,Tower without Radar,0,4,24,0,28,0,0,47,0,47,0,4,71,0,75,24,0,24,99
04/27/2012,LAF,IN,AGL,CE,Tower without Radar,0,0,28,0,28,0,0,172,0,172,0,0,200,0,200,406,0,406,606
04/28/2012,LAF,IN,AGL,CE,Tower without Radar,0,0,4,0,4,0,0,8,0,8,0,0,12,0,12,80,0,80,92
04/29/2012,LAF,IN,AGL,CE,Tower without Radar,0,0,15,0,15,0,0,45,0,45,0,0,60,0,60,216,0,216,276
04/30/2012,LAF,IN,AGL,CE,Tower without Radar,0,0,19,0,19,0,0,46,0,46,0,0,65,0,65,324,0,324,389
05/01/2012,LAF,IN,AGL,CE,Tower without Radar,0,0,13,0,13,0,0,8,0,8,0,0,21,0,21,114,0,114,135
05/02/2012,LAF,IN,AGL,CE,Tower without Radar,0,2,13,0,15,0,0,131,0,131,0,2,144,0,146,356,0,356,502
05/03/2012,LAF,IN,AGL,CE,Tower without Radar,0,0,19,0,19,0,0,126,1,127,0,0,145,1,146,362,0,362,508
05/04/2012,LAF,IN,AGL,CE,Tower without Radar,0,0,17,0,17,0,0,62,0,62,0,0,79,0,79,228,0,228,307
05/05/2012,LAF,IN,AGL,CE,Tower without Radar,0,1,20,0,21,0,0,29,0,29,0,1,49,0,50,86,0,86,136
05/06/2012,LAF,IN,AGL,CE,Tower without Radar,0,2,16,0,18,0,0,76,0,76,0,2,92,0,94,136,0,136,230
05/07/2012,LAF,IN,AGL,CE,Tower without Radar,0,0,8,0,8,0,0,30,0,30,0,0,38,0,38,216,0,216,254
05/08/2012,LAF,IN,AGL,CE,Tower without Radar,0,3,16,0,19,0,1,71,0,72,0,4,87,0,91,168,0,168,259
05/09/2012,LAF,IN,AGL,CE,Tower without Radar,0,3,23,0,26,0,0,68,0,68,0,3,91,0,94,154,0,154,248
05/10/2012,LAF,IN,AGL,CE,Tower without Radar,0,4,17,0,21,0,1,96,0,97,0,5,113,0,118,238,0,238,356
05/11/2012,LAF,IN,AGL,CE,Tower without Radar,0,1,31,0,32,0,0,84,0,84,0,1,115,0,116,148,0,148,264
05/12/2012,LAF,IN,AGL,CE,Tower without Radar,0,2,18,0,20,0,0,55,0,55,0,2,73,0,75,84,0,84,159
05/13/2012,LAF,IN,AGL,CE,Tower without Radar,0,3,17,0,20,0,0,44,0,44,0,3,61,0,64,58,0,58,122
05/14/2012,LAF,IN,AGL,CE,Tower without Radar,0,0,12,0,12,0,0,52,0,52,0,0,64,0,64,104,0,104,168
05/15/2012,LAF,IN,AGL,CE,Tower without Radar,0,2,17,0,19,0,0,75,0,75,0,2,92,0,94,136,0,136,230
05/16/2012,LAF,IN,AGL,CE,Tower without Radar,2,23,0,0,25,0,1,45,0,46,2,24,45,0,71,144,0,144,215
05/17/2012,LAF,IN,AGL,CE,Tower without Radar,0,1,20,0,21,0,0,55,0,55,0,1,75,0,76,90,0,90,166
05/18/2012,LAF,IN,AGL,CE,Tower without Radar,0,0,12,0,12,0,0,45,0,45,0,0,57,0,57,86,0,86,143
05/19/2012,LAF,IN,AGL,CE,Tower without Radar,0,2,9,0,11,0,0,53,0,53,0,2,62,0,64,92,0,92,156
05/20/2012,LAF,IN,AGL,CE,Tower without Radar,0,0,14,0,14,0,0,28,4,32,0,0,42,4,46,60,0,60,106
05/21/2012,LAF,IN,AGL,CE,Tower without Radar,0,0,10,0,10,0,0,16,2,18,0,0,26,2,28,106,0,106,134
05/22/2012,LAF,IN,AGL,CE,Tower without Radar,0,0,5,0,5,0,0,50,0,50,0,0,55,0,55,102,0,102,157
05/23/2012,LAF,IN,AGL,CE,Tower without Radar,0,2,17,0,19,0,0,55,0,55,0,2,72,0,74,128,0,128,202
05/24/2012,LAF,IN,AGL,CE,Tower without Radar,0,0,13,2,15,0,2,37,0,39,0,2,50,2,54,68,0,68,122
05/25/2012,LAF,IN,AGL,CE,Tower without Radar,0,2,18,0,20,0,0,64,0,64,0,2,82,0,84,148,0,148,232
05/26/2012,LAF,IN,AGL,CE,Tower without Radar,0,0,7,0,7,0,0,45,0,45,0,0,52,0,52,64,0,64,116
05/27/2012,LAF,IN,AGL,CE,Tower without Radar,0,0,16,0,16,0,0,22,0,22,0,0,38,0,38,26,0,26,64
05/28/2012,LAF,IN,AGL,CE,Tower without Radar,0,1,9,0,10,0,0,21,0,21,0,1,30,0,31,36,0,36,67
05/29/2012,LAF,IN,AGL,CE,Tower without Radar,0,2,13,0,15,0,0,0,0,0,0,2,13,0,15,0,0,0,15
05/30/2012,LAF,IN,AGL,CE,Tower without Radar,0,0,10,0,10,0,0,38,0,38,0,0,48,0,48,198,0,198,246
05/31/2012,LAF,IN,AGL,CE,Tower without Radar,0,0,15,0,15,0,0,27,0,27,0,0,42,0,42,140,0,140,182
06/01/2012,LAF,IN,AGL,CE,Tower without Radar,0,3,15,0,18,0,0,11,0,11,0,3,26,0,29,74,0,74,103
06/02/2012,LAF,IN,AGL,CE,Tower without Radar,0,0,2,0,2,0,0,40,0,40,0,0,42,0,42,174,0,174,216
06/03/2012,LAF,IN,AGL,CE,Tower without Radar,0,2,5,0,7,0,0,45,0,45,0,2,50,0,52,86,0,86,138
06/04/2012,LAF,IN,AGL,CE,Tower without Radar,0,1,16,0,17,0,0,40,0,40,0,1,56,0,57,52,0,52,109
06/05/2012,LAF,IN,AGL,CE,Tower without Radar,0,3,14,0,17,0,0,48,0,48,0,3,62,0,65,138,0,138,203
06/06/2012,LAF,IN,AGL,CE,Tower without Radar,0,2,7,0,9,0,0,54,3,57,0,2,61,3,66,180,0,180,246
06/07/2012,LAF,IN,AGL,CE,Tower without Radar,0,0,13,0,13,0,0,57,0,57,0,0,70,0,70,178,0,178,248
06/08/2012,LAF,IN,AGL,CE,Tower without Radar,0,0,17,0,17,0,0,57,0,57,0,0,74,0,74,122,0,122,196
06/09/2012,LAF,IN,AGL,CE,Tower without Radar,0,0,10,0,10,0,0,42,0,42,0,0,52,0,52,104,0,104,156
06/10/2012,LAF,IN,AGL,CE,Tower without Radar,0,0,8,0,8,0,0,26,0,26,0,0,34,0,34,48,0,48,82
06/11/2012,LAF,IN,AGL,CE,Tower without Radar,0,0,15,0,15,0,0,28,0,28,0,0,43,0,43,92,0,92,135
06/12/2012,LAF,IN,AGL,CE,Tower without Radar,0,2,15,0,17,0,2,81,1,84,0,4,96,1,101,206,0,206,307
06/13/2012,LAF,IN,AGL,CE,Tower without Radar,0,2,20,0,22,0,0,122,1,123,0,2,142,1,145,286,0,286,431
06/14/2012,LAF,IN,AGL,CE,Tower without Radar,0,1,23,1,25,0,0,104,0,104,0,1,127,1,129,188,0,188,317
06/15/2012,LAF,IN,AGL,CE,Tower without Radar,0,3,35,0,38,0,1,83,0,84,0,4,118,0,122,220,0,220,342
06/16/2012,LAF,IN,AGL,CE,Tower without Radar,0,0,12,0,12,0,0,56,0,56,0,0,68,0,68,108,0,108,176
06/17/2012,LAF,IN,AGL,CE,Tower without Radar,0,2,15,0,17,0,0,25,0,25,0,2,40,0,42,78,0,78,120
06/18/2012,LAF,IN,AGL,CE,Tower without Radar,0,3,27,0,30,0,0,60,0,60,0,3,87,0,90,92,0,92,182
06/19/2012,LAF,IN,AGL,CE,Tower without Radar,0,1,42,0,43,0,0,76,0,76,0,1,118,0,119,262,0,262,381
06/20/2012,LAF,IN,AGL,CE,Tower without Radar,0,0,34,0,34,0,1,72,0,73,0,1,106,0,107,324,0,324,431
06/21/2012,LAF,IN,AGL,CE,Tower without Radar,0,5,17,0,22,0,2,66,0,68,0,7,83,0,90,134,0,134,224
06/22/2012,LAF,IN,AGL,CE,Tower without Radar,0,0,39,0,39,0,0,78,0,78,0,0,117,0,117,144,0,144,261
06/23/2012,LAF,IN,AGL,CE,Tower without Radar,0,0,11,0,11,0,0,61,0,61,0,0,72,0,72,138,0,138,210
06/24/2012,LAF,IN,AGL,CE,Tower without Radar,0,0,19,0,19,0,0,48,0,48,0,0,67,0,67,90,0,90,157
06/25/2012,LAF,IN,AGL,CE,Tower without Radar,0,2,31,0,33,1,5,77,0,83,1,7,108,0,116,226,0,226,342
06/26/2012,LAF,IN,AGL,CE,Tower without Radar,0,1,31,0,32,0,0,90,0,90,0,1,121,0,122,174,0,174,296
06/27/2012,LAF,IN,AGL,CE,Tower without Radar,0,0,24,0,24,0,1,90,0,91,0,1,114,0,115,230,0,230,345
06/28/2012,LAF,IN,AGL,CE,Tower without Radar,0,0,26,0,26,0,0,59,0,59,0,0,85,0,85,136,0,136,221
06/29/2012,LAF,IN,AGL,CE,Tower without Radar,0,2,21,0,23,0,0,54,0,54,0,2,75,0,77,144,0,144,221
06/30/2012,LAF,IN,AGL,CE,Tower without Radar,0,2,9,0,11,0,0,25,0,25,0,2,34,0,36,64,0,64,100
07/01/2012,LAF,IN,AGL,CE,Tower without Radar,0,0,9,0,9,0,0,38,1,39,0,0,47,1,48,18,0,18,66
07/02/2012,LAF,IN,AGL,CE,Tower without Radar,0,2,23,0,25,0,0,74,0,74,0,2,97,0,99,194,0,194,293
07/03/2012,LAF,IN,AGL,CE,Tower without Radar,0,2,18,0,20,0,2,85,0,87,0,4,103,0,107,162,0,162,269
07/04/2012,LAF,IN,AGL,CE,Tower without Radar,0,0,5,0,5,0,0,22,0,22,0,0,27,0,27,40,0,40,67
07/05/2012,LAF,IN,AGL,CE,Tower without Radar,0,2,14,0,16,0,0,56,0,56,0,2,70,0,72,96,0,96,168
07/06/2012,LAF,IN,AGL,CE,Tower without Radar,0,0,16,0,16,0,0,68,0,68,0,0,84,0,84,114,0,114,198
07/07/2012,LAF,IN,AGL,CE,Tower without Radar,0,0,5,0,5,0,2,40,0,42,0,2,45,0,47,122,0,122,169
07/08/2012,LAF,IN,AGL,CE,Tower without Radar,0,0,6,0,6,0,0,31,0,31,0,0,37,0,37,68,0,68,105
07/09/2012,LAF,IN,AGL,CE,Tower without Radar,0,2,17,0,19,0,2,71,0,73,0,4,88,0,92,234,0,234,326
07/10/2012,LAF,IN,AGL,CE,Tower without Radar,0,2,21,0,23,0,0,98,0,98,0,2,119,0,121,196,0,196,317
07/11/2012,LAF,IN,AGL,CE,Tower without Radar,0,0,18,0,18,0,0,67,1,68,0,0,85,1,86,152,0,152,238
07/12/2012,LAF,IN,AGL,CE,Tower without Radar,0,6,24,0,30,0,1,75,0,76,0,7,99,0,106,242,0,242,348
07/13/2012,LAF,IN,AGL,CE,Tower without Radar,0,2,16,2,20,0,0,82,4,86,0,2,98,6,106,210,2,212,318
07/14/2012,LAF,IN,AGL,CE,Tower without Radar,0,0,14,2,16,0,0,66,0,66,0,0,80,2,82,182,0,182,264
07/15/2012,LAF,IN,AGL,CE,Tower without Radar,0,0,6,0,6,0,0,32,0,32,0,0,38,0,38,82,0,82,120
07/16/2012,LAF,IN,AGL,CE,Tower without Radar,0,0,27,0,27,0,0,73,0,73,0,0,100,0,100,252,0,252,352
07/17/2012,LAF,IN,AGL,CE,Tower without Radar,0,0,17,0,17,0,0,61,0,61,0,0,78,0,78,264,0,264,342
07/18/2012,LAF,IN,AGL,CE,Tower without Radar,0,1,34,0,35,0,0,57,0,57,0,1,91,0,92,240,0,240,332
07/19/2012,LAF,IN,AGL,CE,Tower without Radar,0,0,11,0,11,0,0,44,0,44,0,0,55,0,55,118,0,118,173
07/20/2012,LAF,IN,AGL,CE,Tower without Radar,0,0,20,0,20,0,0,25,0,25,0,0,45,0,45,120,0,120,165
07/21/2012,LAF,IN,AGL,CE,Tower without Radar,0,0,25,0,25,0,0,57,0,57,0,0,82,0,82,120,0,120,202
07/22/2012,LAF,IN,AGL,CE,Tower without Radar,0,0,7,0,7,0,0,43,0,43,0,0,50,0,50,170,0,170,220
07/23/2012,LAF,IN,AGL,CE,Tower without Radar,0,0,10,0,10,0,0,75,0,75,0,0,85,0,85,286,0,286,371
07/24/2012,LAF,IN,AGL,CE,Tower without Radar,0,1,5,0,6,0,0,59,0,59,0,1,64,0,65,200,0,200,265
07/25/2012,LAF,IN,AGL,CE,Tower without Radar,0,0,4,0,4,0,0,100,0,100,0,0,104,0,104,242,0,242,346
07/26/2012,LAF,IN,AGL,CE,Tower without Radar,0,2,14,2,18,0,0,58,0,58,0,2,72,2,76,190,0,190,266
07/27/2012,LAF,IN,AGL,CE,Tower without Radar,0,0,11,0,11,0,1,67,2,70,0,1,78,2,81,162,0,162,243
07/28/2012,LAF,IN,AGL,CE,Tower without Radar,0,0,8,0,8,0,0,40,0,40,0,0,48,0,48,26,0,26,74
07/29/2012,LAF,IN,AGL,CE,Tower without Radar,0,0,3,0,3,0,0,31,0,31,0,0,34,0,34,26,0,26,60
07/30/2012,LAF,IN,AGL,CE,Tower without Radar,0,0,11,0,11,0,0,71,0,71,0,0,82,0,82,196,0,196,278
07/31/2012,LAF,IN,AGL,CE,Tower without Radar,0,0,15,0,15,0,0,40,0,40,0,0,55,0,55,152,0,152,207
08/01/2012,LAF,IN,AGL,CE,Tower without Radar,0,3,20,2,25,0,0,79,0,79,0,3,99,2,104,238,2,240,344
08/02/2012,LAF,IN,AGL,CE,Tower without Radar,0,1,14,0,15,0,0,57,0,57,0,1,71,0,72,166,0,166,238
08/03/2012,LAF,IN,AGL,CE,Tower without Radar,0,0,19,0,19,0,0,67,0,67,0,0,86,0,86,126,0,126,212
08/04/2012,LAF,IN,AGL,CE,Tower without Radar,0,0,11,0,11,0,0,26,0,26,0,0,37,0,37,30,0,30,67
08/05/2012,LAF,IN,AGL,CE,Tower without Radar,0,0,10,1,11,0,0,29,0,29,0,0,39,1,40,62,0,62,102
08/06/2012,LAF,IN,AGL,CE,Tower without Radar,0,0,12,1,13,0,0,70,0,70,0,0,82,1,83,124,0,124,207
08/07/2012,LAF,IN,AGL,CE,Tower without Radar,0,2,12,0,14,0,0,43,0,43,0,2,55,0,57,32,0,32,89
08/08/2012,LAF,IN,AGL,CE,Tower without Radar,0,8,17,0,25,0,1,28,0,29,0,9,45,0,54,18,0,18,72
08/09/2012,LAF,IN,AGL,CE,Tower without Radar,0,0,16,1,17,0,0,20,0,20,0,0,36,1,37,40,0,40,77
08/10/2012,LAF,IN,AGL,CE,Tower without Radar,0,4,27,1,32,0,0,16,0,16,0,4,43,1,48,4,0,4,52
08/11/2012,LAF,IN,AGL,CE,Tower without Radar,0,0,13,0,13,0,0,30,0,30,0,0,43,0,43,40,0,40,83
08/12/2012,LAF,IN,AGL,CE,Tower without Radar,0,2,17,0,19,0,0,50,0,50,0,2,67,0,69,56,0,56,125
08/13/2012,LAF,IN,AGL,CE,Tower without Radar,0,0,9,0,9,0,0,24,0,24,0,0,33,0,33,70,0,70,103
08/14/2012,LAF,IN,AGL,CE,Tower without Radar,0,1,17,0,18,0,0,27,0,27,0,1,44,0,45,42,0,42,87
08/15/2012,LAF,IN,AGL,CE,Tower without Radar,0,0,14,0,14,0,0,58,0,58,0,0,72,0,72,68,0,68,140
08/16/2012,LAF,IN,AGL,CE,Tower without Radar,0,0,6,0,6,0,0,16,0,16,0,0,22,0,22,28,0,28,50
08/17/2012,LAF,IN,AGL,CE,Tower without Radar,0,3,18,2,23,0,0,50,0,50,0,3,68,2,73,84,0,84,157
08/18/2012,LAF,IN,AGL,CE,Tower without Radar,0,0,17,0,17,0,0,70,0,70,0,0,87,0,87,112,0,112,199
08/19/2012,LAF,IN,AGL,CE,Tower without Radar,0,1,11,0,12,0,0,47,0,47,0,1,58,0,59,66,0,66,125
08/20/2012,LAF,IN,AGL,CE,Tower without Radar,0,0,10,0,10,0,0,34,0,34,0,0,44,0,44,34,0,34,78
08/21/2012,LAF,IN,AGL,CE,Tower without Radar,0,1,10,0,11,0,0,48,0,48,0,1,58,0,59,82,0,82,141
08/22/2012,LAF,IN,AGL,CE,Tower without Radar,0,3,21,0,24,0,0,115,0,115,0,3,136,0,139,178,0,178,317
08/23/2012,LAF,IN,AGL,CE,Tower without Radar,0,2,27,0,29,0,0,123,0,123,0,2,150,0,152,324,0,324,476
08/24/2012,LAF,IN,AGL,CE,Tower without Radar,0,0,21,0,21,0,0,152,0,152,0,0,173,0,173,336,0,336,509
08/25/2012,LAF,IN,AGL,CE,Tower without Radar,0,0,10,0,10,0,0,161,0,161,0,0,171,0,171,354,0,354,525
08/26/2012,LAF,IN,AGL,CE,Tower without Radar,0,0,7,0,7,0,0,40,0,40,0,0,47,0,47,106,0,106,153
08/27/2012,LAF,IN,AGL,CE,Tower without Radar,0,0,17,0,17,0,0,58,0,58,0,0,75,0,75,194,0,194,269
08/28/2012,LAF,IN,AGL,CE,Tower without Radar,0,0,19,0,19,0,0,169,14,183,0,0,188,14,202,264,0,264,466
08/29/2012,LAF,IN,AGL,CE,Tower without Radar,0,0,14,0,14,0,0,175,0,175,0,0,189,0,189,388,0,388,577
08/30/2012,LAF,IN,AGL,CE,Tower without Radar,0,0,32,0,32,0,0,194,0,194,0,0,226,0,226,486,0,486,712
08/31/2012,LAF,IN,AGL,CE,Tower without Radar,0,2,25,0,27,0,0,114,0,114,0,2,139,0,141,290,0,290,431
09/01/2012,LAF,IN,AGL,CE,Tower without Radar,0,7,7,0,14,0,0,11,0,11,0,7,18,0,25,58,0,58,83
09/02/2012,LAF,IN,AGL,CE,Tower without Radar,0,1,7,0,8,0,0,7,0,7,0,1,14,0,15,12,0,12,27
09/03/2012,LAF,IN,AGL,CE,Tower without Radar,0,2,11,0,13,0,1,12,0,13,0,3,23,0,26,52,0,52,78
09/04/2012,LAF,IN,AGL,CE,Tower without Radar,0,3,24,0,27,0,0,88,0,88,0,3,112,0,115,334,0,334,449
09/05/2012,LAF,IN,AGL,CE,Tower without Radar,0,0,22,0,22,0,2,76,0,78,0,2,98,0,100,376,0,376,476
09/06/2012,LAF,IN,AGL,CE,Tower without Radar,0,0,37,0,37,0,0,154,0,154,0,0,191,0,191,575,0,575,766
09/07/2012,LAF,IN,AGL,CE,Tower without Radar,0,2,11,0,13,0,1,34,0,35,0,3,45,0,48,205,0,205,253
09/08/2012,LAF,IN,AGL,CE,Tower without Radar,0,0,7,0,7,0,0,106,0,106,0,0,113,0,113,542,0,542,655
09/09/2012,LAF,IN,AGL,CE,Tower without Radar,0,0,11,0,11,0,0,51,4,55,0,0,62,4,66,64,0,64,130
09/10/2012,LAF,IN,AGL,CE,Tower without Radar,0,2,20,0,22,0,0,151,0,151,0,2,171,0,173,562,0,562,735
09/11/2012,LAF,IN,AGL,CE,Tower without Radar,0,0,36,0,36,0,0,161,0,161,0,0,197,0,197,612,0,612,809
09/12/2012,LAF,IN,AGL,CE,Tower without Radar,0,3,25,0,28,0,0,165,0,165,0,3,190,0,193,542,0,542,735
09/13/2012,LAF,IN,AGL,CE,Tower without Radar,0,2,42,0,44,0,0,124,0,124,0,2,166,0,168,468,0,468,636
09/14/2012,LAF,IN,AGL,CE,Tower without Radar,0,2,22,0,24,0,0,97,0,97,0,2,119,0,121,390,0,390,511
09/15/2012,LAF,IN,AGL,CE,Tower without Radar,0,0,32,0,32,0,0,105,2,107,0,0,137,2,139,126,0,126,265
09/16/2012,LAF,IN,AGL,CE,Tower without Radar,0,0,7,0,7,0,0,79,0,79,0,0,86,0,86,103,0,103,189
09/17/2012,LAF,IN,AGL,CE,Tower without Radar,0,0,20,0,20,0,0,80,0,80,0,0,100,0,100,338,0,338,438
09/18/2012,LAF,IN,AGL,CE,Tower without Radar,0,0,10,0,10,0,1,40,0,41,0,1,50,0,51,286,4,290,341
09/19/2012,LAF,IN,AGL,CE,Tower without Radar,0,0,31,1,32,0,1,127,0,128,0,1,158,1,160,262,0,262,422
09/20/2012,LAF,IN,AGL,CE,Tower without Radar,0,3,38,1,42,0,0,168,0,168,0,3,206,1,210,236,0,236,446
09/21/2012,LAF,IN,AGL,CE,Tower without Radar,0,14,29,0,43,0,0,90,0,90,0,14,119,0,133,266,0,266,399
09/22/2012,LAF,IN,AGL,CE,Tower without Radar,0,2,5,2,9,0,0,6,0,6,0,2,11,2,15,8,2,10,25
09/23/2012,LAF,IN,AGL,CE,Tower without Radar,2,0,16,0,18,0,0,94,0,94,2,0,110,0,112,62,0,62,174
09/24/2012,LAF,IN,AGL,CE,Tower without Radar,1,0,38,0,39,0,1,143,0,144,1,1,181,0,183,268,0,268,451
09/25/2012,LAF,IN,AGL,CE,Tower without Radar,0,0,26,0,26,0,1,48,0,49,0,1,74,0,75,246,0,246,321
09/26/2012,LAF,IN,AGL,CE,Tower without Radar,0,0,21,0,21,0,0,18,0,18,0,0,39,0,39,84,0,84,123
09/27/2012,LAF,IN,AGL,CE,Tower without Radar,0,2,26,2,30,0,0,67,0,67,0,2,93,2,97,258,0,258,355
09/28/2012,LAF,IN,AGL,CE,Tower without Radar,2,2,44,0,48,0,0,120,0,120,2,2,164,0,168,382,0,382,550
09/29/2012,LAF,IN,AGL,CE,Tower without Radar,1,1,17,0,19,0,0,79,0,79,1,1,96,0,98,183,0,183,281
09/30/2012,LAF,IN,AGL,CE,Tower without Radar,0,0,14,0,14,0,1,80,0,81,0,1,94,0,95,118,0,118,213
10/01/2012,LAF,IN,AGL,CE,Tower without Radar,0,1,33,0,34,0,1,89,0,90,0,2,122,0,124,180,0,180,304
10/02/2012,LAF,IN,AGL,CE,Tower without Radar,0,0,37,0,37,0,0,22,0,22,0,0,59,0,59,222,0,222,281
10/03/2012,LAF,IN,AGL,CE,Tower without Radar,0,1,24,0,25,0,1,51,0,52,0,2,75,0,77,180,0,180,257
10/04/2012,LAF,IN,AGL,CE,Tower without Radar,0,6,47,0,53,0,1,157,0,158,0,7,204,0,211,392,0,392,603
10/05/2012,LAF,IN,AGL,CE,Tower without Radar,2,1,18,0,21,0,0,1,0,1,2,1,19,0,22,2,0,2,24
10/06/2012,LAF,IN,AGL,CE,Tower without Radar,1,1,31,0,33,0,0,90,0,90,1,1,121,0,123,132,0,132,255
10/07/2012,LAF,IN,AGL,CE,Tower without Radar,0,4,15,0,19,0,0,63,0,63,0,4,78,0,82,126,0,126,208
10/08/2012,LAF,IN,AGL,CE,Tower without Radar,0,0,25,0,25,0,0,68,0,68,0,0,93,0,93,190,0,190,283
10/09/2012,LAF,IN,AGL,CE,Tower without Radar,0,0,21,0,21,0,0,59,0,59,0,0,80,0,80,104,0,104,184
10/10/2012,LAF,IN,AGL,CE,Tower without Radar,0,1,34,0,35,0,1,64,0,65,0,2,98,0,100,244,0,244,344
10/11/2012,LAF,IN,AGL,CE,Tower without Radar,0,2,44,0,46,0,0,135,0,135,0,2,179,0,181,384,0,384,565
10/12/2012,LAF,IN,AGL,CE,Tower without Radar,2,2,56,0,60,0,0,133,0,133,2,2,189,0,193,380,0,380,573
10/13/2012,LAF,IN,AGL,CE,Tower without Radar,3,0,28,0,31,0,0,80,0,80,3,0,108,0,111,130,0,130,241
10/14/2012,LAF,IN,AGL,CE,Tower without Radar,0,1,12,0,13,0,1,2,0,3,0,2,14,0,16,0,0,0,16
10/15/2012,LAF,IN,AGL,CE,Tower without Radar,1,0,33,0,34,0,0,94,0,94,1,0,127,0,128,328,0,328,456
10/16/2012,LAF,IN,AGL,CE,Tower without Radar,0,0,21,0,21,0,2,156,0,158,0,2,177,0,179,396,0,396,575
10/17/2012,LAF,IN,AGL,CE,Tower without Radar,0,0,13,0,13,0,0,47,0,47,0,0,60,0,60,124,0,124,184
10/18/2012,LAF,IN,AGL,CE,Tower without Radar,0,0,18,0,18,0,0,66,0,66,0,0,84,0,84,256,0,256,340
10/19/2012,LAF,IN,AGL,CE,Tower without Radar,0,1,21,0,22,0,0,0,0,0,0,1,21,0,22,0,0,0,22
10/20/2012,LAF,IN,AGL,CE,Tower without Radar,1,0,11,0,12,0,1,42,0,43,1,1,53,0,55,172,0,172,227
10/21/2012,LAF,IN,AGL,CE,Tower without Radar,0,0,8,0,8,0,2,83,0,85,0,2,91,0,93,96,0,96,189
10/22/2012,LAF,IN,AGL,CE,Tower without Radar,0,0,20,0,20,0,3,96,0,99,0,3,116,0,119,256,0,256,375
10/23/2012,LAF,IN,AGL,CE,Tower without Radar,0,1,8,1,10,0,0,9,0,9,0,1,17,1,19,124,2,126,145
10/24/2012,LAF,IN,AGL,CE,Tower without Radar,0,3,25,0,28,0,0,171,0,171,0,3,196,0,199,470,0,470,669
10/25/2012,LAF,IN,AGL,CE,Tower without Radar,0,1,27,0,28,0,0,89,0,89,0,1,116,0,117,214,0,214,331
10/26/2012,LAF,IN,AGL,CE,Tower without Radar,1,1,27,0,29,0,0,72,2,74,1,1,99,2,103,342,0,342,445
10/27/2012,LAF,IN,AGL,CE,Tower without Radar,0,0,19,0,19,0,0,100,0,100,0,0,119,0,119,260,0,260,379
10/28/2012,LAF,IN,AGL,CE,Tower without Radar,0,0,9,1,10,0,0,69,0,69,0,0,78,1,79,108,2,110,189
10/29/2012,LAF,IN,AGL,CE,Tower without Radar,0,0,17,0,17,0,0,79,0,79,0,0,96,0,96,152,0,152,248
10/30/2012,LAF,IN,AGL,CE,Tower without Radar,0,1,4,0,5,0,0,1,0,1,0,1,5,0,6,0,0,0,6
10/31/2012,LAF,IN,AGL,CE,Tower without Radar,0,0,25,0,25,0,0,74,0,74,0,0,99,0,99,264,0,264,363
11/01/2012,LAF,IN,AGL,CE,Tower without Radar,0,1,35,0,36,0,0,156,0,156,0,1,191,0,192,414,0,414,606
11/02/2012,LAF,IN,AGL,CE,Tower without Radar,1,4,34,0,39,0,1,163,0,164,1,5,197,0,203,496,0,496,699
11/03/2012,LAF,IN,AGL,CE,Tower without Radar,0,3,17,2,22,0,0,37,0,37,0,3,54,2,59,78,0,78,137
11/04/2012,LAF,IN,AGL,CE,Tower without Radar,0,2,9,0,11,0,1,54,4,59,0,3,63,4,70,122,0,122,192
11/05/2012,LAF,IN,AGL,CE,Tower without Radar,0,2,23,1,26,0,0,117,0,117,0,2,140,1,143,322,4,326,469
11/06/2012,LAF,IN,AGL,CE,Tower without Radar,0,1,20,0,21,0,1,129,0,130,0,2,149,0,151,366,0,366,517
11/07/2012,LAF,IN,AGL,CE,Tower without Radar,0,3,26,0,29,0,0,32,0,32,0,3,58,0,61,250,0,250,311
11/08/2012,LAF,IN,AGL,CE,Tower without Radar,0,0,14,0,14,0,1,21,0,22,0,1,35,0,36,152,0,152,188
11/09/2012,LAF,IN,AGL,CE,Tower without Radar,2,0,33,0,35,0,0,139,0,139,2,0,172,0,174,234,0,234,408
11/10/2012,LAF,IN,AGL,CE,Tower without Radar,2,0,19,0,21,0,0,119,0,119,2,0,138,0,140,250,0,250,390
11/11/2012,LAF,IN,AGL,CE,Tower without Radar,0,1,2,0,3,0,0,8,0,8,0,1,10,0,11,12,0,12,23
11/12/2012,LAF,IN,AGL,CE,Tower without Radar,0,0,18,0,18,0,0,52,0,52,0,0,70,0,70,214,0,214,284
11/13/2012,LAF,IN,AGL,CE,Tower without Radar,0,0,42,2,44,0,0,213,0,213,0,0,255,2,257,487,0,487,744
11/14/2012,LAF,IN,AGL,CE,Tower without Radar,0,2,27,0,29,0,0,161,0,161,0,2,188,0,190,508,0,508,698
11/15/2012,LAF,IN,AGL,CE,Tower without Radar,0,5,50,0,55,0,0,156,0,156,0,5,206,0,211,398,0,398,609
11/16/2012,LAF,IN,AGL,CE,Tower without Radar,0,0,20,0,20,0,0,95,0,95,0,0,115,0,115,286,0,286,401
11/17/2012,LAF,IN,AGL,CE,Tower without Radar,0,1,12,0,13,0,0,113,0,113,0,1,125,0,126,442,0,442,568
11/18/2012,LAF,IN,AGL,CE,Tower without Radar,0,2,15,0,17,0,0,114,0,114,0,2,129,0,131,208,0,208,339
11/19/2012,LAF,IN,AGL,CE,Tower without Radar,0,1,23,0,24,0,0,119,0,119,0,1,142,0,143,334,0,334,477
11/20/2012,LAF,IN,AGL,CE,Tower without Radar,0,3,31,0,34,0,0,119,0,119,0,3,150,0,153,298,0,298,451
11/21/2012,LAF,IN,AGL,CE,Tower without Radar,0,0,8,0,8,0,0,17,0,17,0,0,25,0,25,30,0,30,55
11/22/2012,LAF,IN,AGL,CE,Tower without Radar,0,0,7,0,7,0,0,5,0,5,0,0,12,0,12,0,0,0,12
11/23/2012,LAF,IN,AGL,CE,Tower without Radar,0,0,5,0,5,0,0,4,0,4,0,0,9,0,9,1,0,1,10
11/24/2012,LAF,IN,AGL,CE,Tower without Radar,0,3,18,0,21,0,0,30,0,30,0,3,48,0,51,10,0,10,61
11/25/2012,LAF,IN,AGL,CE,Tower without Radar,0,2,17,0,19,0,0,55,0,55,0,2,72,0,74,42,0,42,116
11/26/2012,LAF,IN,AGL,CE,Tower without Radar,1,0,8,0,9,0,0,104,0,104,1,0,112,0,113,296,0,296,409
11/27/2012,LAF,IN,AGL,CE,Tower without Radar,2,0,46,0,48,0,0,172,0,172,2,0,218,0,220,302,0,302,522
11/28/2012,LAF,IN,AGL,CE,Tower without Radar,0,0,28,0,28,0,0,141,0,141,0,0,169,0,169,328,0,328,497
11/29/2012,LAF,IN,AGL,CE,Tower without Radar,1,2,28,0,31,0,0,133,0,133,1,2,161,0,164,280,0,280,444
11/30/2012,LAF,IN,AGL,CE,Tower without Radar,0,2,10,0,12,0,0,134,0,134,0,2,144,0,146,272,0,272,418
12/01/2012,LAF,IN,AGL,CE,Tower without Radar,0,0,23,0,23,0,0,137,0,137,0,0,160,0,160,342,0,342,502
12/02/2012,LAF,IN,AGL,CE,Tower without Radar,0,2,12,0,14,0,2,40,0,42,0,4,52,0,56,136,0,136,192
12/03/2012,LAF,IN,AGL,CE,Tower without Radar,0,0,5,0,5,0,0,22,0,22,0,0,27,0,27,64,0,64,91
12/04/2012,LAF,IN,AGL,CE,Tower without Radar,0,0,10,0,10,0,0,84,0,84,0,0,94,0,94,188,0,188,282
12/05/2012,LAF,IN,AGL,CE,Tower without Radar,0,7,30,0,37,0,0,146,0,146,0,7,176,0,183,340,0,340,523
12/06/2012,LAF,IN,AGL,CE,Tower without Radar,0,2,24,0,26,0,0,136,0,136,0,2,160,0,162,272,0,272,434
12/07/2012,LAF,IN,AGL,CE,Tower without Radar,1,2,25,0,28,0,0,17,0,17,1,2,42,0,45,34,0,34,79
12/08/2012,LAF,IN,AGL,CE,Tower without Radar,2,2,1,0,5,0,0,24,0,24,2,2,25,0,29,142,0,142,171
12/09/2012,LAF,IN,AGL,CE,Tower without Radar,0,2,8,0,10,0,0,0,0,0,0,2,8,0,10,0,0,0,10
12/10/2012,LAF,IN,AGL,CE,Tower without Radar,0,0,7,2,9,0,0,3,0,3,0,0,10,2,12,44,0,44,56
12/11/2012,LAF,IN,AGL,CE,Tower without Radar,0,0,21,0,21,0,0,168,0,168,0,0,189,0,189,478,0,478,667
12/12/2012,LAF,IN,AGL,CE,Tower without Radar,0,3,30,0,33,0,0,185,0,185,0,3,215,0,218,458,4,462,680
12/13/2012,LAF,IN,AGL,CE,Tower without Radar,0,0,21,0,21,0,0,160,0,160,0,0,181,0,181,410,0,410,591
12/14/2012,LAF,IN,AGL,CE,Tower without Radar,0,1,23,0,24,0,0,153,0,153,0,1,176,0,177,300,0,300,477
12/15/2012,LAF,IN,AGL,CE,Tower without Radar,0,1,11,0,12,0,1,5,0,6,0,2,16,0,18,0,0,0,18
12/16/2012,LAF,IN,AGL,CE,Tower without Radar,1,1,11,2,15,0,3,20,8,31,1,4,31,10,46,34,0,34,80
12/17/2012,LAF,IN,AGL,CE,Tower without Radar,0,0,4,0,4,0,0,0,0,0,0,0,4,0,4,0,0,0,4
12/18/2012,LAF,IN,AGL,CE,Tower without Radar,0,0,20,0,20,0,0,10,1,11,0,0,30,1,31,82,0,82,113
12/19/2012,LAF,IN,AGL,CE,Tower without Radar,0,0,19,0,19,0,0,23,0,23,0,0,42,0,42,96,0,96,138
12/20/2012,LAF,IN,AGL,CE,Tower without Radar,0,2,0,0,2,0,0,0,0,0,0,2,0,0,2,0,0,0,2
12/21/2012,LAF,IN,AGL,CE,Tower without Radar,0,3,6,0,9,0,0,1,0,1,0,3,7,0,10,0,0,0,10
12/22/2012,LAF,IN,AGL,CE,Tower without Radar,0,0,9,0,9,0,0,39,0,39,0,0,48,0,48,102,0,102,150
12/23/2012,LAF,IN,AGL,CE,Tower without Radar,0,4,8,0,12,0,0,26,0,26,0,4,34,0,38,90,0,90,128
12/24/2012,LAF,IN,AGL,CE,Tower without Radar,0,2,1,0,3,0,0,2,0,2,0,2,3,0,5,0,0,0,5
12/25/2012,LAF,IN,AGL,CE,Tower without Radar,0,0,0,0,0,0,0,1,0,1,0,0,1,0,1,0,0,0,1
12/26/2012,LAF,IN,AGL,CE,Tower without Radar,0,0,0,0,0,0,0,0,0,0,0,0,0,0,0,0,0,0,0
12/27/2012,LAF,IN,AGL,CE,Tower without Radar,0,2,8,0,10,0,0,12,0,12,0,2,20,0,22,12,0,12,34
12/28/2012,LAF,IN,AGL,CE,Tower without Radar,3,0,5,0,8,0,1,3,0,4,3,1,8,0,12,10,0,10,22
12/29/2012,LAF,IN,AGL,CE,Tower without Radar,0,0,1,0,1,0,0,2,0,2,0,0,3,0,3,0,0,0,3
12/30/2012,LAF,IN,AGL,CE,Tower without Radar,3,1,8,0,12,0,0,22,0,22,3,1,30,0,34,26,0,26,60
12/31/2012,LAF,IN,AGL,CE,Tower without Radar,0,2,1,0,3,0,0,1,0,1,0,2,2,0,4,8,0,8,12
01/01/2013,LAF,IN,AGL,CE,Tower without Radar,2,3,4,0,9,0,0,28,0,28,2,3,32,0,37,32,0,32,69
01/02/2013,LAF,IN,AGL,CE,Tower without Radar,1,0,13,0,14,0,1,26,0,27,1,1,39,0,41,112,0,112,153
01/03/2013,LAF,IN,AGL,CE,Tower without Radar,0,0,1,0,1,0,0,17,0,17,0,0,18,0,18,154,0,154,172
01/04/2013,LAF,IN,AGL,CE,Tower without Radar,2,1,9,0,12,0,0,39,0,39,2,1,48,0,51,144,0,144,195
01/05/2013,LAF,IN,AGL,CE,Tower without Radar,2,2,17,0,21,0,0,49,0,49,2,2,66,0,70,88,0,88,158
01/06/2013,LAF,IN,AGL,CE,Tower without Radar,0,3,5,0,8,0,0,5,0,5,0,3,10,0,13,18,0,18,31
01/07/2013,LAF,IN,AGL,CE,Tower without Radar,0,1,14,0,15,0,0,45,0,45,0,1,59,0,60,52,0,52,112
01/08/2013,LAF,IN,AGL,CE,Tower without Radar,1,1,15,0,17,0,0,101,0,101,1,1,116,0,118,372,0,372,490
01/09/2013,LAF,IN,AGL,CE,Tower without Radar,0,0,24,0,24,0,2,144,2,148,0,2,168,2,172,412,0,412,584
01/10/2013,LAF,IN,AGL,CE,Tower without Radar,0,2,13,0,15,0,1,105,0,106,0,3,118,0,121,274,0,274,395
01/11/2013,LAF,IN,AGL,CE,Tower without Radar,0,0,20,0,20,0,0,78,0,78,0,0,98,0,98,402,0,402,500
01/12/2013,LAF,IN,AGL,CE,Tower without Radar,2,0,11,0,13,0,0,129,0,129,2,0,140,0,142,328,0,328,470
01/13/2013,LAF,IN,AGL,CE,Tower without Radar,2,0,2,0,4,0,0,0,0,0,2,0,2,0,4,0,0,0,4
01/14/2013,LAF,IN,AGL,CE,Tower without Radar,0,0,20,0,20,0,0,113,0,113,0,0,133,0,133,458,0,458,591
01/15/2013,LAF,IN,AGL,CE,Tower without Radar,2,2,23,0,27,0,0,214,0,214,2,2,237,0,241,594,0,594,835
01/16/2013,LAF,IN,AGL,CE,Tower without Radar,0,2,40,0,42,0,0,192,0,192,0,2,232,0,234,368,0,368,602
01/17/2013,LAF,IN,AGL,CE,Tower without Radar,0,1,25,0,26,0,0,137,0,137,0,1,162,0,163,386,0,386,549
01/18/2013,LAF,IN,AGL,CE,Tower without Radar,1,1,22,0,24,0,0,115,0,115,1,1,137,0,139,126,0,126,265
01/19/2013,LAF,IN,AGL,CE,Tower without Radar,1,2,25,0,28,0,0,56,0,56,1,2,81,0,84,112,0,112,196
01/20/2013,LAF,IN,AGL,CE,Tower without Radar,0,2,8,0,10,0,0,36,0,36,0,2,44,0,46,22,0,22,68
01/21/2013,LAF,IN,AGL,CE,Tower without Radar,0,0,11,0,11,0,0,11,0,11,0,0,22,0,22,16,0,16,38
01/22/2013,LAF,IN,AGL,CE,Tower without Radar,0,4,27,0,31,0,0,127,0,127,0,4,154,0,158,224,0,224,382
01/23/2013,LAF,IN,AGL,CE,Tower without Radar,2,1,24,0,27,0,0,87,0,87,2,1,111,0,114,158,0,158,272
01/24/2013,LAF,IN,AGL,CE,Tower without Radar,0,0,35,0,35,0,0,136,0,136,0,0,171,0,171,462,0,462,633
01/25/2013,LAF,IN,AGL,CE,Tower without Radar,0,0,14,0,14,0,0,39,0,39,0,0,53,0,53,222,0,222,275
01/26/2013,LAF,IN,AGL,CE,Tower without Radar,1,2,26,0,29,0,1,140,0,141,1,3,166,0,170,358,0,358,528
01/27/2013,LAF,IN,AGL,CE,Tower without Radar,1,1,4,0,6,0,0,16,0,16,1,1,20,0,22,14,0,14,36
01/28/2013,LAF,IN,AGL,CE,Tower without Radar,0,1,13,0,14,0,0,0,0,0,0,1,13,0,14,0,0,0,14
01/29/2013,LAF,IN,AGL,CE,Tower without Radar,0,0,10,0,10,0,0,0,0,0,0,0,10,0,10,0,0,0,10
01/30/2013,LAF,IN,AGL,CE,Tower without Radar,2,0,10,2,14,0,0,3,0,3,2,0,13,2,17,0,0,0,17
01/31/2013,LAF,IN,AGL,CE,Tower without Radar,0,0,16,0,16,0,0,12,0,12,0,0,28,0,28,10,0,10,38
02/01/2013,LAF,IN,AGL,CE,Tower without Radar,0,0,41,0,41,0,0,146,0,146,0,0,187,0,187,242,0,242,429
02/02/2013,LAF,IN,AGL,CE,Tower without Radar,0,1,2,0,3,0,0,0,0,0,0,1,2,0,3,0,0,0,3
02/03/2013,LAF,IN,AGL,CE,Tower without Radar,0,1,3,1,5,0,0,4,0,4,0,1,7,1,9,0,0,0,9
02/04/2013,LAF,IN,AGL,CE,Tower without Radar,2,0,29,0,31,0,0,113,0,113,2,0,142,0,144,384,0,384,528
02/05/2013,LAF,IN,AGL,CE,Tower without Radar,0,0,27,0,27,0,0,130,0,130,0,0,157,0,157,480,0,480,637
02/06/2013,LAF,IN,AGL,CE,Tower without Radar,0,0,43,0,43,0,0,184,0,184,0,0,227,0,227,674,0,674,901
02/07/2013,LAF,IN,AGL,CE,Tower without Radar,0,0,43,0,43,0,0,155,0,155,0,0,198,0,198,426,0,426,624
02/08/2013,LAF,IN,AGL,CE,Tower without Radar,2,0,2,0,4,0,0,5,0,5,2,0,7,0,9,14,0,14,23
02/09/2013,LAF,IN,AGL,CE,Tower without Radar,0,2,28,0,30,0,0,116,0,116,0,2,144,0,146,356,0,356,502
02/10/2013,LAF,IN,AGL,CE,Tower without Radar,2,0,3,0,5,0,0,4,0,4,2,0,7,0,9,2,0,2,11
02/11/2013,LAF,IN,AGL,CE,Tower without Radar,0,1,5,0,6,0,0,1,0,1,0,1,6,0,7,0,0,0,7
02/12/2013,LAF,IN,AGL,CE,Tower without Radar,0,1,24,0,25,0,0,70,0,70,0,1,94,0,95,628,0,628,723
02/13/2013,LAF,IN,AGL,CE,Tower without Radar,0,6,49,0,55,0,0,166,0,166,0,6,215,0,221,382,0,382,603
02/14/2013,LAF,IN,AGL,CE,Tower without Radar,0,0,27,0,27,0,0,113,0,113,0,0,140,0,140,292,0,292,432
02/15/2013,LAF,IN,AGL,CE,Tower without Radar,0,2,15,0,17,0,0,32,0,32,0,2,47,0,49,40,0,40,89
02/16/2013,LAF,IN,AGL,CE,Tower without Radar,1,1,21,0,23,0,0,110,0,110,1,1,131,0,133,254,0,254,387
02/17/2013,LAF,IN,AGL,CE,Tower without Radar,3,1,13,0,17,0,0,82,0,82,3,1,95,0,99,96,0,96,195
02/18/2013,LAF,IN,AGL,CE,Tower without Radar,0,2,17,0,19,0,0,47,0,47,0,2,64,0,66,104,0,104,170
02/19/2013,LAF,IN,AGL,CE,Tower without Radar,0,1,6,0,7,0,0,0,0,0,0,1,6,0,7,0,0,0,7
02/20/2013,LAF,IN,AGL,CE,Tower without Radar,0,0,36,4,40,0,2,161,0,163,0,2,197,4,203,288,6,294,497
02/21/2013,LAF,IN,AGL,CE,Tower without Radar,0,1,16,0,17,0,0,90,0,90,0,1,106,0,107,460,0,460,567
02/22/2013,LAF,IN,AGL,CE,Tower without Radar,0,0,8,0,8,0,0,3,0,3,0,0,11,0,11,4,0,4,15
02/23/2013,LAF,IN,AGL,CE,Tower without Radar,0,2,15,0,17,0,0,91,2,93,0,2,106,2,110,346,0,346,456
02/24/2013,LAF,IN,AGL,CE,Tower without Radar,0,2,19,0,21,0,0,119,0,119,0,2,138,0,140,62,0,62,202
02/25/2013,LAF,IN,AGL,CE,Tower without Radar,0,0,31,0,31,0,0,133,0,133,0,0,164,0,164,218,0,218,382
02/26/2013,LAF,IN,AGL,CE,Tower without Radar,1,0,3,0,4,0,0,0,0,0,1,0,3,0,4,0,0,0,4
02/27/2013,LAF,IN,AGL,CE,Tower without Radar,0,1,3,0,4,0,0,0,0,0,0,1,3,0,4,0,0,0,4
02/28/2013,LAF,IN,AGL,CE,Tower without Radar,0,2,15,0,17,0,0,5,0,5,0,2,20,0,22,12,0,12,34
03/01/2013,LAF,IN,AGL,CE,Tower without Radar,0,2,3,0,5,0,0,14,0,14,0,2,17,0,19,98,0,98,117
03/02/2013,LAF,IN,AGL,CE,Tower without Radar,1,0,6,1,8,0,0,30,0,30,1,0,36,1,38,124,0,124,162
03/03/2013,LAF,IN,AGL,CE,Tower without Radar,2,1,6,0,9,0,1,85,0,86,2,2,91,0,95,250,0,250,345
03/04/2013,LAF,IN,AGL,CE,Tower without Radar,0,1,29,0,30,0,0,92,0,92,0,1,121,0,122,134,0,134,256
03/05/2013,LAF,IN,AGL,CE,Tower without Radar,0,1,2,0,3,0,0,4,0,4,0,1,6,0,7,14,0,14,21
03/06/2013,LAF,IN,AGL,CE,Tower without Radar,0,0,5,0,5,0,0,2,0,2,0,0,7,0,7,0,0,0,7
03/07/2013,LAF,IN,AGL,CE,Tower without Radar,0,4,62,0,66,0,0,171,0,171,0,4,233,0,237,480,0,480,717
03/08/2013,LAF,IN,AGL,CE,Tower without Radar,2,1,32,0,35,0,0,131,0,131,2,1,163,0,166,252,0,252,418
03/09/2013,LAF,IN,AGL,CE,Tower without Radar,2,0,25,3,30,0,0,58,2,60,2,0,83,5,90,40,0,40,130
03/10/2013,LAF,IN,AGL,CE,Tower without Radar,0,0,4,0,4,0,0,13,0,13,0,0,17,0,17,20,0,20,37
03/11/2013,LAF,IN,AGL,CE,Tower without Radar,0,0,6,0,6,0,0,0,0,0,0,0,6,0,6,0,0,0,6
03/12/2013,LAF,IN,AGL,CE,Tower without Radar,0,0,14,0,14,0,0,22,0,22,0,0,36,0,36,42,0,42,78
03/13/2013,LAF,IN,AGL,CE,Tower without Radar,0,0,10,0,10,0,0,5,0,5,0,0,15,0,15,6,0,6,21
03/14/2013,LAF,IN,AGL,CE,Tower without Radar,0,0,11,0,11,0,0,34,0,34,0,0,45,0,45,76,0,76,121
03/15/2013,LAF,IN,AGL,CE,Tower without Radar,0,4,17,0,21,0,0,31,0,31,0,4,48,0,52,68,0,68,120
03/16/2013,LAF,IN,AGL,CE,Tower without Radar,0,0,5,0,5,0,0,0,0,0,0,0,5,0,5,0,0,0,5
03/17/2013,LAF,IN,AGL,CE,Tower without Radar,0,7,7,0,14,0,0,28,0,28,0,7,35,0,42,26,0,26,68
03/18/2013,LAF,IN,AGL,CE,Tower without Radar,0,0,2,0,2,0,0,0,0,0,0,0,2,0,2,0,0,0,2
03/19/2013,LAF,IN,AGL,CE,Tower without Radar,0,2,10,0,12,0,0,56,0,56,0,2,66,0,68,138,0,138,206
03/20/2013,LAF,IN,AGL,CE,Tower without Radar,0,2,38,0,40,0,0,132,0,132,0,2,170,0,172,256,0,256,428
03/21/2013,LAF,IN,AGL,CE,Tower without Radar,0,3,44,0,47,0,0,162,0,162,0,3,206,0,209,294,0,294,503
03/22/2013,LAF,IN,AGL,CE,Tower without Radar,0,1,26,0,27,0,0,135,0,135,0,1,161,0,162,262,0,262,424
03/23/2013,LAF,IN,AGL,CE,Tower without Radar,0,0,36,0,36,0,0,120,0,120,0,0,156,0,156,274,0,274,430
03/24/2013,LAF,IN,AGL,CE,Tower without Radar,0,0,4,0,4,0,0,0,0,0,0,0,4,0,4,0,0,0,4
03/25/2013,LAF,IN,AGL,CE,Tower without Radar,0,0,4,0,4,0,0,2,0,2,0,0,6,0,6,0,0,0,6
03/26/2013,LAF,IN,AGL,CE,Tower without Radar,0,0,22,0,22,0,0,104,0,104,0,0,126,0,126,316,0,316,442
03/27/2013,LAF,IN,AGL,CE,Tower without Radar,0,0,46,0,46,0,0,99,4,103,0,0,145,4,149,322,0,322,471
03/28/2013,LAF,IN,AGL,CE,Tower without Radar,0,0,31,0,31,0,0,136,0,136,0,0,167,0,167,392,0,392,559
03/29/2013,LAF,IN,AGL,CE,Tower without Radar,0,0,33,0,33,0,1,153,0,154,0,1,186,0,187,290,0,290,477
03/30/2013,LAF,IN,AGL,CE,Tower without Radar,0,0,38,0,38,0,1,95,0,96,0,1,133,0,134,266,0,266,400
03/31/2013,LAF,IN,AGL,CE,Tower without Radar,0,0,24,0,24,0,0,23,0,23,0,0,47,0,47,2,0,2,49
04/01/2013,LAF,IN,AGL,CE,Tower without Radar,0,0,23,0,23,0,0,75,0,75,0,0,98,0,98,176,0,176,274
04/02/2013,LAF,IN,AGL,CE,Tower without Radar,0,2,27,0,29,0,0,81,0,81,0,2,108,0,110,224,0,224,334
04/03/2013,LAF,IN,AGL,CE,Tower without Radar,0,0,28,0,28,0,0,128,0,128,0,0,156,0,156,274,0,274,430
04/04/2013,LAF,IN,AGL,CE,Tower without Radar,0,0,36,0,36,0,0,138,0,138,0,0,174,0,174,370,0,370,544
04/05/2013,LAF,IN,AGL,CE,Tower without Radar,0,0,36,0,36,0,0,153,0,153,0,0,189,0,189,302,0,302,491
04/06/2013,LAF,IN,AGL,CE,Tower without Radar,0,0,11,0,11,0,0,36,0,36,0,0,47,0,47,72,0,72,119
04/07/2013,LAF,IN,AGL,CE,Tower without Radar,0,2,8,0,10,0,0,70,0,70,0,2,78,0,80,126,0,126,206
04/08/2013,LAF,IN,AGL,CE,Tower without Radar,0,0,16,0,16,0,0,26,0,26,0,0,42,0,42,62,0,62,104
04/09/2013,LAF,IN,AGL,CE,Tower without Radar,0,1,25,0,26,0,0,53,0,53,0,1,78,0,79,158,0,158,237
04/10/2013,LAF,IN,AGL,CE,Tower without Radar,0,5,10,0,15,0,0,35,0,35,0,5,45,0,50,166,0,166,216
04/11/2013,LAF,IN,AGL,CE,Tower without Radar,0,2,12,0,14,0,0,7,0,7,0,2,19,0,21,40,0,40,61
04/12/2013,LAF,IN,AGL,CE,Tower without Radar,0,1,41,0,42,0,0,85,0,85,0,1,126,0,127,346,0,346,473
04/13/2013,LAF,IN,AGL,CE,Tower without Radar,0,3,16,0,19,0,0,103,0,103,0,3,119,0,122,176,0,176,298
04/14/2013,LAF,IN,AGL,CE,Tower without Radar,0,6,11,1,18,0,0,59,1,60,0,6,70,2,78,88,0,88,166
04/15/2013,LAF,IN,AGL,CE,Tower without Radar,0,0,32,0,32,0,0,67,0,67,0,0,99,0,99,182,0,182,281
04/16/2013,LAF,IN,AGL,CE,Tower without Radar,0,1,13,0,14,0,0,17,0,17,0,1,30,0,31,58,0,58,89
04/17/2013,LAF,IN,AGL,CE,Tower without Radar,0,2,14,0,16,0,0,46,0,46,0,2,60,0,62,420,0,420,482
04/18/2013,LAF,IN,AGL,CE,Tower without Radar,0,3,10,0,13,0,0,1,0,1,0,3,11,0,14,0,0,0,14
04/19/2013,LAF,IN,AGL,CE,Tower without Radar,0,0,10,0,10,0,0,26,0,26,0,0,36,0,36,44,0,44,80
04/20/2013,LAF,IN,AGL,CE,Tower without Radar,0,0,23,0,23,0,0,145,0,145,0,0,168,0,168,296,0,296,464
04/21/2013,LAF,IN,AGL,CE,Tower without Radar,0,0,3,0,3,0,3,101,0,104,0,3,104,0,107,112,0,112,219
04/22/2013,LAF,IN,AGL,CE,Tower without Radar,0,0,26,0,26,0,1,144,0,145,0,1,170,0,171,272,0,272,443
04/23/2013,LAF,IN,AGL,CE,Tower without Radar,0,0,19,4,23,0,0,88,0,88,0,0,107,4,111,254,0,254,365
04/24/2013,LAF,IN,AGL,CE,Tower without Radar,0,2,6,0,8,0,0,24,0,24,0,2,30,0,32,210,0,210,242
04/25/2013,LAF,IN,AGL,CE,Tower without Radar,0,2,30,0,32,0,0,85,0,85,0,2,115,0,117,128,0,128,245
04/26/2013,LAF,IN,AGL,CE,Tower without Radar,0,0,13,4,17,0,0,192,0,192,0,0,205,4,209,316,0,316,525
04/27/2013,LAF,IN,AGL,CE,Tower without Radar,0,1,22,0,23,0,0,102,0,102,0,1,124,0,125,300,0,300,425
04/28/2013,LAF,IN,AGL,CE,Tower without Radar,0,0,11,0,11,0,0,0,0,0,0,0,11,0,11,0,0,0,11
04/29/2013,LAF,IN,AGL,CE,Tower without Radar,2,0,28,0,30,0,0,115,0,115,2,0,143,0,145,304,0,304,449
04/30/2013,LAF,IN,AGL,CE,Tower without Radar,0,0,26,0,26,0,0,126,0,126,0,0,152,0,152,264,0,264,416
05/01/2013,LAF,IN,AGL,CE,Tower without Radar,0,0,12,0,12,0,0,123,0,123,0,0,135,0,135,348,0,348,483
05/02/2013,LAF,IN,AGL,CE,Tower without Radar,0,0,14,0,14,0,0,95,0,95,0,0,109,0,109,214,0,214,323
05/03/2013,LAF,IN,AGL,CE,Tower without Radar,0,2,23,0,25,0,0,58,0,58,0,2,81,0,83,252,0,252,335
05/04/2013,LAF,IN,AGL,CE,Tower without Radar,0,1,9,0,10,0,0,60,0,60,0,1,69,0,70,224,0,224,294
05/05/2013,LAF,IN,AGL,CE,Tower without Radar,0,1,5,0,6,0,0,38,2,40,0,1,43,2,46,88,0,88,134
05/06/2013,LAF,IN,AGL,CE,Tower without Radar,0,2,16,0,18,0,0,84,2,86,0,2,100,2,104,228,0,228,332
05/07/2013,LAF,IN,AGL,CE,Tower without Radar,0,2,20,0,22,0,0,110,0,110,0,2,130,0,132,246,0,246,378
05/08/2013,LAF,IN,AGL,CE,Tower without Radar,0,0,30,0,30,0,0,96,0,96,0,0,126,0,126,270,0,270,396
05/09/2013,LAF,IN,AGL,CE,Tower without Radar,0,7,25,0,32,0,0,54,0,54,0,7,79,0,86,136,0,136,222
05/10/2013,LAF,IN,AGL,CE,Tower without Radar,0,1,15,0,16,0,0,2,0,2,0,1,17,0,18,0,0,0,18
05/11/2013,LAF,IN,AGL,CE,Tower without Radar,0,5,5,0,10,0,0,7,0,7,0,5,12,0,17,8,0,8,25
05/12/2013,LAF,IN,AGL,CE,Tower without Radar,0,3,9,0,12,0,0,27,0,27,0,3,36,0,39,24,0,24,63
05/13/2013,LAF,IN,AGL,CE,Tower without Radar,0,0,20,0,20,0,0,65,0,65,0,0,85,0,85,96,0,96,181
05/14/2013,LAF,IN,AGL,CE,Tower without Radar,0,0,12,0,12,0,0,53,0,53,0,0,65,0,65,126,4,130,195
05/15/2013,LAF,IN,AGL,CE,Tower without Radar,0,5,12,0,17,0,1,33,0,34,0,6,45,0,51,32,0,32,83
05/16/2013,LAF,IN,AGL,CE,Tower without Radar,0,2,9,0,11,0,0,31,0,31,0,2,40,0,42,128,0,128,170
05/17/2013,LAF,IN,AGL,CE,Tower without Radar,0,2,19,0,21,0,0,33,0,33,0,2,52,0,54,90,0,90,144
05/18/2013,LAF,IN,AGL,CE,Tower without Radar,0,0,7,0,7,0,0,20,0,20,0,0,27,0,27,66,0,66,93
05/19/2013,LAF,IN,AGL,CE,Tower without Radar,0,2,12,0,14,0,1,31,0,32,0,3,43,0,46,54,0,54,100
05/20/2013,LAF,IN,AGL,CE,Tower without Radar,0,0,7,0,7,0,0,25,0,25,0,0,32,0,32,46,0,46,78
05/21/2013,LAF,IN,AGL,CE,Tower without Radar,0,8,9,0,17,0,0,29,0,29,0,8,38,0,46,84,0,84,130
05/22/2013,LAF,IN,AGL,CE,Tower without Radar,0,4,10,0,14,0,0,39,0,39,0,4,49,0,53,124,0,124,177
05/23/2013,LAF,IN,AGL,CE,Tower without Radar,0,4,10,0,14,0,0,3,0,3,0,4,13,0,17,10,0,10,27
05/24/2013,LAF,IN,AGL,CE,Tower without Radar,0,1,17,0,18,0,0,87,4,91,0,1,104,4,109,132,0,132,241
05/25/2013,LAF,IN,AGL,CE,Tower without Radar,0,0,4,0,4,0,0,51,0,51,0,0,55,0,55,82,0,82,137
05/26/2013,LAF,IN,AGL,CE,Tower without Radar,0,0,12,0,12,0,0,26,0,26,0,0,38,0,38,62,0,62,100
05/27/2013,LAF,IN,AGL,CE,Tower without Radar,0,0,1,0,1,0,0,14,1,15,0,0,15,1,16,64,0,64,80
05/28/2013,LAF,IN,AGL,CE,Tower without Radar,0,0,14,0,14,0,0,28,0,28,0,0,42,0,42,82,0,82,124
05/29/2013,LAF,IN,AGL,CE,Tower without Radar,0,1,26,0,27,0,0,75,0,75,0,1,101,0,102,162,0,162,264
05/30/2013,LAF,IN,AGL,CE,Tower without Radar,0,0,13,0,13,0,0,14,0,14,0,0,27,0,27,8,0,8,35
05/31/2013,LAF,IN,AGL,CE,Tower without Radar,0,0,9,0,9,0,0,12,0,12,0,0,21,0,21,52,0,52,73
06/01/2013,LAF,IN,AGL,CE,Tower without Radar,0,2,1,0,3,0,0,3,0,3,0,2,4,0,6,2,0,2,8
06/02/2013,LAF,IN,AGL,CE,Tower without Radar,0,2,8,0,10,0,0,10,0,10,0,2,18,0,20,96,0,96,116
06/03/2013,LAF,IN,AGL,CE,Tower without Radar,0,0,21,2,23,0,0,79,1,80,0,0,100,3,103,174,0,174,277
06/04/2013,LAF,IN,AGL,CE,Tower without Radar,0,0,15,0,15,0,0,61,0,61,0,0,76,0,76,268,0,268,344
06/05/2013,LAF,IN,AGL,CE,Tower without Radar,0,0,13,0,13,0,0,59,0,59,0,0,72,0,72,186,0,186,258
06/06/2013,LAF,IN,AGL,CE,Tower without Radar,0,0,19,1,20,0,1,41,0,42,0,1,60,1,62,244,0,244,306
06/07/2013,LAF,IN,AGL,CE,Tower without Radar,0,0,16,0,16,0,2,35,0,37,0,2,51,0,53,270,0,270,323
06/08/2013,LAF,IN,AGL,CE,Tower without Radar,0,0,16,2,18,0,0,66,0,66,0,0,82,2,84,110,0,110,194
06/09/2013,LAF,IN,AGL,CE,Tower without Radar,0,0,8,1,9,0,0,35,0,35,0,0,43,1,44,102,0,102,146
06/10/2013,LAF,IN,AGL,CE,Tower without Radar,0,0,9,0,9,0,0,37,0,37,0,0,46,0,46,128,0,128,174
06/11/2013,LAF,IN,AGL,CE,Tower without Radar,0,1,23,0,24,0,0,59,0,59,0,1,82,0,83,118,0,118,201
06/12/2013,LAF,IN,AGL,CE,Tower without Radar,0,0,15,0,15,0,0,75,0,75,0,0,90,0,90,160,0,160,250
06/13/2013,LAF,IN,AGL,CE,Tower without Radar,0,1,15,0,16,0,0,62,2,64,0,1,77,2,80,30,0,30,110
06/14/2013,LAF,IN,AGL,CE,Tower without Radar,0,3,16,0,19,0,0,91,0,91,0,3,107,0,110,234,0,234,344
06/15/2013,LAF,IN,AGL,CE,Tower without Radar,0,1,11,0,12,0,0,42,0,42,0,1,53,0,54,46,0,46,100
06/16/2013,LAF,IN,AGL,CE,Tower without Radar,0,2,9,0,11,0,0,22,0,22,0,2,31,0,33,46,0,46,79
06/17/2013,LAF,IN,AGL,CE,Tower without Radar,0,0,12,0,12,0,0,42,0,42,0,0,54,0,54,42,0,42,96
06/18/2013,LAF,IN,AGL,CE,Tower without Radar,0,0,20,0,20,0,0,80,0,80,0,0,100,0,100,186,0,186,286
06/19/2013,LAF,IN,AGL,CE,Tower without Radar,0,0,24,0,24,0,0,76,0,76,0,0,100,0,100,194,0,194,294
06/20/2013,LAF,IN,AGL,CE,Tower without Radar,0,0,33,0,33,0,0,81,0,81,0,0,114,0,114,296,0,296,410
06/21/2013,LAF,IN,AGL,CE,Tower without Radar,0,0,17,0,17,0,0,57,0,57,0,0,74,0,74,168,0,168,242
06/22/2013,LAF,IN,AGL,CE,Tower without Radar,0,0,10,0,10,0,0,44,0,44,0,0,54,0,54,80,0,80,134
06/23/2013,LAF,IN,AGL,CE,Tower without Radar,0,0,5,0,5,0,0,21,4,25,0,0,26,4,30,64,0,64,94
06/24/2013,LAF,IN,AGL,CE,Tower without Radar,1,0,20,0,21,0,0,49,0,49,1,0,69,0,70,150,0,150,220
06/25/2013,LAF,IN,AGL,CE,Tower without Radar,0,0,25,0,25,0,0,66,1,67,0,0,91,1,92,142,0,142,234
06/26/2013,LAF,IN,AGL,CE,Tower without Radar,0,0,14,0,14,0,0,46,0,46,0,0,60,0,60,170,0,170,230
06/27/2013,LAF,IN,AGL,CE,Tower without Radar,0,4,25,0,29,0,0,94,0,94,0,4,119,0,123,220,0,220,343
06/28/2013,LAF,IN,AGL,CE,Tower without Radar,0,3,15,0,18,0,0,44,0,44,0,3,59,0,62,76,0,76,138
06/29/2013,LAF,IN,AGL,CE,Tower without Radar,0,0,12,0,12,0,0,2,0,2,0,0,14,0,14,0,0,0,14
06/30/2013,LAF,IN,AGL,CE,Tower without Radar,0,2,4,0,6,0,0,14,0,14,0,2,18,0,20,42,0,42,62
07/01/2013,LAF,IN,AGL,CE,Tower without Radar,0,0,16,0,16,0,0,40,0,40,0,0,56,0,56,170,0,170,226
07/02/2013,LAF,IN,AGL,CE,Tower without Radar,0,0,22,0,22,0,0,8,0,8,0,0,30,0,30,50,0,50,80
07/03/2013,LAF,IN,AGL,CE,Tower without Radar,0,0,14,0,14,0,0,46,0,46,0,0,60,0,60,242,0,242,302
07/04/2013,LAF,IN,AGL,CE,Tower without Radar,0,0,11,0,11,0,0,47,0,47,0,0,58,0,58,84,0,84,142
07/05/2013,LAF,IN,AGL,CE,Tower without Radar,0,0,8,0,8,0,0,43,0,43,0,0,51,0,51,86,0,86,137
07/06/2013,LAF,IN,AGL,CE,Tower without Radar,0,1,15,0,16,0,0,5,0,5,0,1,20,0,21,22,0,22,43
07/07/2013,LAF,IN,AGL,CE,Tower without Radar,0,1,10,0,11,0,0,25,0,25,0,1,35,0,36,82,0,82,118
07/08/2013,LAF,IN,AGL,CE,Tower without Radar,0,1,17,0,18,0,0,59,0,59,0,1,76,0,77,152,0,152,229
07/09/2013,LAF,IN,AGL,CE,Tower without Radar,0,0,16,0,16,0,0,56,0,56,0,0,72,0,72,164,0,164,236
07/10/2013,LAF,IN,AGL,CE,Tower without Radar,0,0,18,0,18,0,0,57,0,57,0,0,75,0,75,134,0,134,209
07/11/2013,LAF,IN,AGL,CE,Tower without Radar,0,0,14,1,15,0,0,91,0,91,0,0,105,1,106,182,18,200,306
07/12/2013,LAF,IN,AGL,CE,Tower without Radar,0,0,10,0,10,0,0,81,0,81,0,0,91,0,91,84,4,88,179
07/13/2013,LAF,IN,AGL,CE,Tower without Radar,0,0,13,0,13,0,0,76,0,76,0,0,89,0,89,84,0,84,173
07/14/2013,LAF,IN,AGL,CE,Tower without Radar,0,0,6,0,6,0,0,56,0,56,0,0,62,0,62,20,0,20,82
07/15/2013,LAF,IN,AGL,CE,Tower without Radar,0,0,24,1,25,0,0,68,0,68,0,0,92,1,93,150,0,150,243
07/16/2013,LAF,IN,AGL,CE,Tower without Radar,0,2,15,0,17,0,1,66,0,67,0,3,81,0,84,142,0,142,226
07/17/2013,LAF,IN,AGL,CE,Tower without Radar,0,1,26,0,27,0,0,74,0,74,0,1,100,0,101,194,0,194,295
07/18/2013,LAF,IN,AGL,CE,Tower without Radar,0,0,15,0,15,0,0,75,0,75,0,0,90,0,90,182,0,182,272
07/19/2013,LAF,IN,AGL,CE,Tower without Radar,0,5,14,0,19,0,0,52,0,52,0,5,66,0,71,120,0,120,191
07/20/2013,LAF,IN,AGL,CE,Tower without Radar,0,2,6,0,8,0,0,27,0,27,0,2,33,0,35,80,0,80,115
07/21/2013,LAF,IN,AGL,CE,Tower without Radar,0,0,6,0,6,0,0,35,0,35,0,0,41,0,41,74,0,74,115
07/22/2013,LAF,IN,AGL,CE,Tower without Radar,0,13,7,0,20,0,2,39,0,41,0,15,46,0,61,124,0,124,185
07/23/2013,LAF,IN,AGL,CE,Tower without Radar,0,2,21,0,23,0,2,65,0,67,0,4,86,0,90,178,0,178,268
07/24/2013,LAF,IN,AGL,CE,Tower without Radar,0,0,6,0,6,0,0,65,0,65,0,0,71,0,71,180,0,180,251
07/25/2013,LAF,IN,AGL,CE,Tower without Radar,0,0,13,0,13,0,0,68,0,68,0,0,81,0,81,134,0,134,215
07/26/2013,LAF,IN,AGL,CE,Tower without Radar,0,0,22,0,22,0,0,40,0,40,0,0,62,0,62,130,0,130,192
07/27/2013,LAF,IN,AGL,CE,Tower without Radar,0,0,19,0,19,0,0,52,0,52,0,0,71,0,71,52,0,52,123
07/28/2013,LAF,IN,AGL,CE,Tower without Radar,0,0,5,0,5,0,0,25,0,25,0,0,30,0,30,30,0,30,60
07/29/2013,LAF,IN,AGL,CE,Tower without Radar,0,0,13,0,13,0,0,45,0,45,0,0,58,0,58,104,0,104,162
07/30/2013,LAF,IN,AGL,CE,Tower without Radar,0,0,15,0,15,0,0,46,0,46,0,0,61,0,61,130,0,130,191
07/31/2013,LAF,IN,AGL,CE,Tower without Radar,0,0,18,0,18,0,0,2,0,2,0,0,20,0,20,10,0,10,30
08/01/2013,LAF,IN,AGL,CE,Tower without Radar,0,0,22,0,22,0,0,64,2,66,0,0,86,2,88,64,0,64,152
08/02/2013,LAF,IN,AGL,CE,Tower without Radar,0,3,25,0,28,0,0,60,0,60,0,3,85,0,88,154,0,154,242
08/03/2013,LAF,IN,AGL,CE,Tower without Radar,0,0,8,0,8,0,1,35,0,36,0,1,43,0,44,82,0,82,126
08/04/2013,LAF,IN,AGL,CE,Tower without Radar,0,0,12,0,12,0,0,46,0,46,0,0,58,0,58,60,0,60,118
08/05/2013,LAF,IN,AGL,CE,Tower without Radar,0,0,7,0,7,0,0,19,0,19,0,0,26,0,26,28,0,28,54
08/06/2013,LAF,IN,AGL,CE,Tower without Radar,0,0,10,0,10,0,0,12,0,12,0,0,22,0,22,52,0,52,74
08/07/2013,LAF,IN,AGL,CE,Tower without Radar,0,0,10,0,10,0,0,27,0,27,0,0,37,0,37,76,0,76,113
08/08/2013,LAF,IN,AGL,CE,Tower without Radar,0,0,16,0,16,0,0,7,0,7,0,0,23,0,23,4,0,4,27
08/09/2013,LAF,IN,AGL,CE,Tower without Radar,0,2,22,0,24,0,0,69,0,69,0,2,91,0,93,116,0,116,209
08/10/2013,LAF,IN,AGL,CE,Tower without Radar,0,0,10,0,10,0,0,50,0,50,0,0,60,0,60,48,0,48,108
08/11/2013,LAF,IN,AGL,CE,Tower without Radar,0,2,16,0,18,0,3,62,0,65,0,5,78,0,83,68,0,68,151
08/12/2013,LAF,IN,AGL,CE,Tower without Radar,0,0,8,0,8,0,0,16,0,16,0,0,24,0,24,30,0,30,54
08/13/2013,LAF,IN,AGL,CE,Tower without Radar,0,4,7,2,13,0,0,37,0,37,0,4,44,2,50,34,8,42,92
08/14/2013,LAF,IN,AGL,CE,Tower without Radar,0,0,22,0,22,0,0,45,0,45,0,0,67,0,67,70,0,70,137
08/15/2013,LAF,IN,AGL,CE,Tower without Radar,0,0,12,0,12,0,0,80,0,80,0,0,92,0,92,154,0,154,246
08/16/2013,LAF,IN,AGL,CE,Tower without Radar,0,2,18,1,21,0,0,69,0,69,0,2,87,1,90,148,0,148,238
08/17/2013,LAF,IN,AGL,CE,Tower without Radar,0,0,10,0,10,0,0,44,0,44,0,0,54,0,54,42,0,42,96
08/18/2013,LAF,IN,AGL,CE,Tower without Radar,0,0,6,0,6,0,0,35,0,35,0,0,41,0,41,54,0,54,95
08/19/2013,LAF,IN,AGL,CE,Tower without Radar,0,2,8,0,10,0,0,28,0,28,0,2,36,0,38,78,0,78,116
08/20/2013,LAF,IN,AGL,CE,Tower without Radar,0,1,7,0,8,0,0,25,0,25,0,1,32,0,33,104,0,104,137
08/21/2013,LAF,IN,AGL,CE,Tower without Radar,0,0,16,0,16,0,0,77,0,77,0,0,93,0,93,128,0,128,221
08/22/2013,LAF,IN,AGL,CE,Tower without Radar,0,0,9,0,9,0,0,28,0,28,0,0,37,0,37,72,0,72,109
08/23/2013,LAF,IN,AGL,CE,Tower without Radar,0,1,19,0,20,0,1,69,0,70,0,2,88,0,90,150,0,150,240
08/24/2013,LAF,IN,AGL,CE,Tower without Radar,0,5,19,0,24,0,0,132,0,132,0,5,151,0,156,208,0,208,364
08/25/2013,LAF,IN,AGL,CE,Tower without Radar,0,2,8,0,10,0,0,69,0,69,0,2,77,0,79,144,0,144,223
08/26/2013,LAF,IN,AGL,CE,Tower without Radar,0,0,27,2,29,0,0,109,0,109,0,0,136,2,138,176,0,176,314
08/27/2013,LAF,IN,AGL,CE,Tower without Radar,0,7,28,0,35,0,0,108,0,108,0,7,136,0,143,222,0,222,365
08/28/2013,LAF,IN,AGL,CE,Tower without Radar,0,0,23,0,23,0,0,124,0,124,0,0,147,0,147,270,0,270,417
08/29/2013,LAF,IN,AGL,CE,Tower without Radar,0,4,29,2,35,0,0,65,0,65,0,4,94,2,100,200,0,200,300
08/30/2013,LAF,IN,AGL,CE,Tower without Radar,0,2,32,0,34,0,0,132,0,132,0,2,164,0,166,344,0,344,510
08/31/2013,LAF,IN,AGL,CE,Tower without Radar,0,0,16,0,16,0,0,77,0,77,0,0,93,0,93,208,0,208,301
09/01/2013,LAF,IN,AGL,CE,Tower without Radar,0,0,5,0,5,0,0,1,0,1,0,0,6,0,6,4,0,4,10
09/02/2013,LAF,IN,AGL,CE,Tower without Radar,0,0,16,0,16,0,0,37,0,37,0,0,53,0,53,66,0,66,119
09/03/2013,LAF,IN,AGL,CE,Tower without Radar,0,6,23,0,29,0,0,128,0,128,0,6,151,0,157,308,0,308,465
09/04/2013,LAF,IN,AGL,CE,Tower without Radar,0,1,27,0,28,0,0,104,0,104,0,1,131,0,132,234,0,234,366
09/05/2013,LAF,IN,AGL,CE,Tower without Radar,0,3,29,0,32,0,0,153,0,153,0,3,182,0,185,314,0,314,499
09/06/2013,LAF,IN,AGL,CE,Tower without Radar,0,0,43,0,43,0,0,159,0,159,0,0,202,0,202,246,0,246,448
09/07/2013,LAF,IN,AGL,CE,Tower without Radar,0,0,23,0,23,0,1,106,0,107,0,1,129,0,130,94,0,94,224
09/08/2013,LAF,IN,AGL,CE,Tower without Radar,0,0,19,0,19,0,0,63,0,63,0,0,82,0,82,108,0,108,190
09/09/2013,LAF,IN,AGL,CE,Tower without Radar,0,1,34,0,35,0,0,140,0,140,0,1,174,0,175,291,0,291,466
09/10/2013,LAF,IN,AGL,CE,Tower without Radar,0,1,24,0,25,0,0,86,0,86,0,1,110,0,111,292,0,292,403
09/11/2013,LAF,IN,AGL,CE,Tower without Radar,0,2,39,0,41,0,0,105,0,105,0,2,144,0,146,244,0,244,390
09/12/2013,LAF,IN,AGL,CE,Tower without Radar,0,3,29,0,32,0,0,59,0,59,0,3,88,0,91,100,0,100,191
09/13/2013,LAF,IN,AGL,CE,Tower without Radar,0,3,47,0,50,0,1,147,0,148,0,4,194,0,198,350,0,350,548
09/14/2013,LAF,IN,AGL,CE,Tower without Radar,0,11,52,0,63,0,0,115,1,116,0,11,167,1,179,302,0,302,481
09/15/2013,LAF,IN,AGL,CE,Tower without Radar,0,4,20,0,24,0,0,56,0,56,0,4,76,0,80,74,0,74,154
09/16/2013,LAF,IN,AGL,CE,Tower without Radar,0,0,43,0,43,0,0,47,0,47,0,0,90,0,90,272,0,272,362
09/17/2013,LAF,IN,AGL,CE,Tower without Radar,0,0,29,0,29,0,0,133,0,133,0,0,162,0,162,356,0,356,518
09/18/2013,LAF,IN,AGL,CE,Tower without Radar,0,0,67,0,67,0,0,103,0,103,0,0,170,0,170,302,0,302,472
09/19/2013,LAF,IN,AGL,CE,Tower without Radar,0,0,25,2,27,0,0,64,0,64,0,0,89,2,91,268,0,268,359
09/20/2013,LAF,IN,AGL,CE,Tower without Radar,2,0,28,0,30,0,0,31,0,31,2,0,59,0,61,102,0,102,163
09/21/2013,LAF,IN,AGL,CE,Tower without Radar,0,2,39,0,41,0,0,102,0,102,0,2,141,0,143,208,0,208,351
09/22/2013,LAF,IN,AGL,CE,Tower without Radar,0,0,7,0,7,0,0,68,0,68,0,0,75,0,75,116,0,116,191
09/23/2013,LAF,IN,AGL,CE,Tower without Radar,0,0,34,0,34,0,0,148,6,154,0,0,182,6,188,372,0,372,560
09/24/2013,LAF,IN,AGL,CE,Tower without Radar,0,0,30,1,31,0,0,125,0,125,0,0,155,1,156,398,6,404,560
09/25/2013,LAF,IN,AGL,CE,Tower without Radar,0,1,47,0,48,0,0,134,0,134,0,1,181,0,182,360,0,360,542
09/26/2013,LAF,IN,AGL,CE,Tower without Radar,0,5,41,1,47,0,0,145,0,145,0,5,186,1,192,420,0,420,612
09/27/2013,LAF,IN,AGL,CE,Tower without Radar,0,3,49,2,54,0,1,145,0,146,0,4,194,2,200,324,0,324,524
09/28/2013,LAF,IN,AGL,CE,Tower without Radar,0,4,39,0,43,0,0,105,0,105,0,4,144,0,148,86,0,86,234
09/29/2013,LAF,IN,AGL,CE,Tower without Radar,0,5,15,0,20,0,0,25,0,25,0,5,40,0,45,66,0,66,111
09/30/2013,LAF,IN,AGL,CE,Tower without Radar,0,1,24,0,25,0,0,48,0,48,0,1,72,0,73,204,0,204,277
10/01/2013,LAF,IN,AGL,CE,Tower without Radar,0,3,27,0,30,0,0,63,0,63,0,3,90,0,93,192,0,192,285
10/02/2013,LAF,IN,AGL,CE,Tower without Radar,0,13,24,0,37,0,0,26,0,26,0,13,50,0,63,142,0,142,205
10/03/2013,LAF,IN,AGL,CE,Tower without Radar,0,1,37,0,38,0,0,72,0,72,0,1,109,0,110,248,0,248,358
10/04/2013,LAF,IN,AGL,CE,Tower without Radar,0,2,46,0,48,0,0,97,0,97,0,2,143,0,145,402,0,402,547
10/05/2013,LAF,IN,AGL,CE,Tower without Radar,0,2,13,0,15,0,0,4,0,4,0,2,17,0,19,0,0,0,19
10/06/2013,LAF,IN,AGL,CE,Tower without Radar,0,2,7,0,9,0,0,15,0,15,0,2,22,0,24,10,0,10,34
10/07/2013,LAF,IN,AGL,CE,Tower without Radar,0,0,11,0,11,0,0,36,0,36,0,0,47,0,47,100,0,100,147
10/08/2013,LAF,IN,AGL,CE,Tower without Radar,0,0,29,0,29,0,0,70,1,71,0,0,99,1,100,194,0,194,294
10/09/2013,LAF,IN,AGL,CE,Tower without Radar,0,1,37,0,38,0,0,144,0,144,0,1,181,0,182,354,0,354,536
10/10/2013,LAF,IN,AGL,CE,Tower without Radar,0,4,33,0,37,0,0,143,0,143,0,4,176,0,180,440,0,440,620
10/11/2013,LAF,IN,AGL,CE,Tower without Radar,2,4,56,0,62,0,0,165,0,165,2,4,221,0,227,458,0,458,685
10/12/2013,LAF,IN,AGL,CE,Tower without Radar,2,2,32,0,36,0,0,125,0,125,2,2,157,0,161,276,0,276,437
10/13/2013,LAF,IN,AGL,CE,Tower without Radar,0,5,17,0,22,0,0,103,0,103,0,5,120,0,125,444,0,444,569
10/14/2013,LAF,IN,AGL,CE,Tower without Radar,0,2,36,0,38,0,0,178,0,178,0,2,214,0,216,254,0,254,470
10/15/2013,LAF,IN,AGL,CE,Tower without Radar,0,9,41,0,50,0,0,70,0,70,0,9,111,0,120,244,0,244,364
10/16/2013,LAF,IN,AGL,CE,Tower without Radar,0,4,35,0,39,0,0,102,0,102,0,4,137,0,141,242,0,242,383
10/17/2013,LAF,IN,AGL,CE,Tower without Radar,0,3,7,0,10,0,0,65,0,65,0,3,72,0,75,166,0,166,241
10/18/2013,LAF,IN,AGL,CE,Tower without Radar,0,3,47,0,50,0,0,127,0,127,0,3,174,0,177,315,0,315,492
10/19/2013,LAF,IN,AGL,CE,Tower without Radar,0,2,12,0,14,0,0,27,0,27,0,2,39,0,41,16,0,16,57
10/20/2013,LAF,IN,AGL,CE,Tower without Radar,0,3,6,0,9,0,0,33,0,33,0,3,39,0,42,92,0,92,134
10/21/2013,LAF,IN,AGL,CE,Tower without Radar,0,4,41,0,45,0,0,95,0,95,0,4,136,0,140,274,0,274,414
10/22/2013,LAF,IN,AGL,CE,Tower without Radar,0,6,22,0,28,0,0,92,0,92,0,6,114,0,120,270,0,270,390
10/23/2013,LAF,IN,AGL,CE,Tower without Radar,0,1,35,0,36,0,0,110,0,110,0,1,145,0,146,402,0,402,548
10/24/2013,LAF,IN,AGL,CE,Tower without Radar,0,0,14,0,14,0,0,59,0,59,0,0,73,0,73,140,0,140,213
10/25/2013,LAF,IN,AGL,CE,Tower without Radar,0,3,47,0,50,0,0,136,0,136,0,3,183,0,186,340,0,340,526
10/26/2013,LAF,IN,AGL,CE,Tower without Radar,0,0,25,0,25,0,0,90,0,90,0,0,115,0,115,172,0,172,287
10/27/2013,LAF,IN,AGL,CE,Tower without Radar,0,4,11,0,15,0,0,84,0,84,0,4,95,0,99,70,0,70,169
10/28/2013,LAF,IN,AGL,CE,Tower without Radar,0,1,31,0,32,0,0,143,0,143,0,1,174,0,175,266,0,266,441
10/29/2013,LAF,IN,AGL,CE,Tower without Radar,0,2,19,0,21,0,0,130,0,130,0,2,149,0,151,392,0,392,543
10/30/2013,LAF,IN,AGL,CE,Tower without Radar,0,0,15,0,15,0,0,0,0,0,0,0,15,0,15,0,0,0,15
10/31/2013,LAF,IN,AGL,CE,Tower without Radar,0,2,5,0,7,0,0,1,0,1,0,2,6,0,8,0,0,0,8
11/01/2013,LAF,IN,AGL,CE,Tower without Radar,2,5,31,0,38,0,1,46,0,47,2,6,77,0,85,196,0,196,281
11/02/2013,LAF,IN,AGL,CE,Tower without Radar,2,2,39,0,43,0,0,88,0,88,2,2,127,0,131,84,0,84,215
11/03/2013,LAF,IN,AGL,CE,Tower without Radar,0,0,16,0,16,0,0,87,0,87,0,0,103,0,103,130,0,130,233
11/04/2013,LAF,IN,AGL,CE,Tower without Radar,0,0,29,0,29,0,0,104,0,104,0,0,133,0,133,170,0,170,303
11/05/2013,LAF,IN,AGL,CE,Tower without Radar,0,4,32,0,36,0,1,144,0,145,0,5,176,0,181,420,0,420,601
11/06/2013,LAF,IN,AGL,CE,Tower without Radar,0,1,15,0,16,0,0,0,0,0,0,1,15,0,16,0,0,0,16
11/07/2013,LAF,IN,AGL,CE,Tower without Radar,0,2,30,0,32,0,0,154,0,154,0,2,184,0,186,348,0,348,534
11/08/2013,LAF,IN,AGL,CE,Tower without Radar,1,3,33,0,37,0,0,199,0,199,1,3,232,0,236,382,0,382,618
11/09/2013,LAF,IN,AGL,CE,Tower without Radar,0,6,40,0,46,0,0,62,0,62,0,6,102,0,108,64,0,64,172
11/10/2013,LAF,IN,AGL,CE,Tower without Radar,0,1,13,0,14,0,0,62,0,62,0,1,75,0,76,128,0,128,204
11/11/2013,LAF,IN,AGL,CE,Tower without Radar,0,0,24,0,24,0,0,66,0,66,0,0,90,0,90,204,0,204,294
11/12/2013,LAF,IN,AGL,CE,Tower without Radar,0,0,19,0,19,0,0,82,0,82,0,0,101,0,101,268,0,268,369
11/13/2013,LAF,IN,AGL,CE,Tower without Radar,0,0,20,0,20,0,0,152,0,152,0,0,172,0,172,400,0,400,572
11/14/2013,LAF,IN,AGL,CE,Tower without Radar,0,0,33,0,33,0,0,124,0,124,0,0,157,0,157,328,0,328,485
11/15/2013,LAF,IN,AGL,CE,Tower without Radar,2,6,23,0,31,0,0,123,0,123,2,6,146,0,154,330,0,330,484
11/16/2013,LAF,IN,AGL,CE,Tower without Radar,2,0,14,0,16,0,0,7,0,7,2,0,21,0,23,2,0,2,25
11/17/2013,LAF,IN,AGL,CE,Tower without Radar,0,0,2,0,2,0,0,0,0,0,0,0,2,0,2,0,0,0,2
11/18/2013,LAF,IN,AGL,CE,Tower without Radar,0,0,14,0,14,0,0,12,2,14,0,0,26,2,28,18,0,18,46
11/19/2013,LAF,IN,AGL,CE,Tower without Radar,0,1,27,1,29,0,0,137,0,137,0,1,164,1,166,414,0,414,580
11/20/2013,LAF,IN,AGL,CE,Tower without Radar,0,3,25,0,28,0,0,162,0,162,0,3,187,0,190,428,0,428,618
11/21/2013,LAF,IN,AGL,CE,Tower without Radar,0,1,14,1,16,0,0,62,0,62,0,1,76,1,78,140,0,140,218
11/22/2013,LAF,IN,AGL,CE,Tower without Radar,0,4,13,3,20,0,0,9,0,9,0,4,22,3,29,54,0,54,83
11/23/2013,LAF,IN,AGL,CE,Tower without Radar,0,1,13,0,14,0,0,67,0,67,0,1,80,0,81,82,0,82,163
11/24/2013,LAF,IN,AGL,CE,Tower without Radar,0,4,14,1,19,0,0,80,1,81,0,4,94,2,100,86,0,86,186
11/25/2013,LAF,IN,AGL,CE,Tower without Radar,0,0,23,0,23,0,0,122,0,122,0,0,145,0,145,346,0,346,491
11/26/2013,LAF,IN,AGL,CE,Tower without Radar,0,0,13,0,13,0,0,109,0,109,0,0,122,0,122,272,0,272,394
11/27/2013,LAF,IN,AGL,CE,Tower without Radar,0,1,3,0,4,0,0,30,0,30,0,1,33,0,34,70,0,70,104
11/28/2013,LAF,IN,AGL,CE,Tower without Radar,8,2,4,0,14,0,0,3,0,3,8,2,7,0,17,0,0,0,17
11/29/2013,LAF,IN,AGL,CE,Tower without Radar,0,0,11,0,11,0,0,34,0,34,0,0,45,0,45,16,2,18,63
11/30/2013,LAF,IN,AGL,CE,Tower without Radar,0,0,10,0,10,0,0,11,0,11,0,0,21,0,21,0,0,0,21
12/01/2013,LAF,IN,AGL,CE,Tower without Radar,0,4,19,0,23,0,0,36,0,36,0,4,55,0,59,18,0,18,77
12/02/2013,LAF,IN,AGL,CE,Tower without Radar,0,0,16,0,16,0,0,110,0,110,0,0,126,0,126,402,0,402,528
12/03/2013,LAF,IN,AGL,CE,Tower without Radar,0,6,12,0,18,0,0,11,0,11,0,6,23,0,29,10,0,10,39
12/04/2013,LAF,IN,AGL,CE,Tower without Radar,0,4,11,0,15,0,0,1,0,1,0,4,12,0,16,0,0,0,16
12/05/2013,LAF,IN,AGL,CE,Tower without Radar,0,0,13,0,13,0,0,69,0,69,0,0,82,0,82,294,0,294,376
12/06/2013,LAF,IN,AGL,CE,Tower without Radar,0,2,10,0,12,0,0,141,0,141,0,2,151,0,153,526,0,526,679
12/07/2013,LAF,IN,AGL,CE,Tower without Radar,0,2,12,0,14,0,0,172,0,172,0,2,184,0,186,422,0,422,608
12/08/2013,LAF,IN,AGL,CE,Tower without Radar,0,0,3,0,3,0,0,4,0,4,0,0,7,0,7,20,0,20,27
12/09/2013,LAF,IN,AGL,CE,Tower without Radar,0,0,6,0,6,0,0,29,0,29,0,0,35,0,35,216,0,216,251
12/10/2013,LAF,IN,AGL,CE,Tower without Radar,0,0,6,1,7,0,0,89,0,89,0,0,95,1,96,210,0,210,306
12/11/2013,LAF,IN,AGL,CE,Tower without Radar,0,6,18,0,24,0,0,88,0,88,0,6,106,0,112,410,0,410,522
12/12/2013,LAF,IN,AGL,CE,Tower without Radar,0,0,17,0,17,0,0,137,0,137,0,0,154,0,154,374,0,374,528
12/13/2013,LAF,IN,AGL,CE,Tower without Radar,0,1,22,0,23,0,0,138,0,138,0,1,160,0,161,358,0,358,519
12/14/2013,LAF,IN,AGL,CE,Tower without Radar,0,2,3,0,5,0,0,0,0,0,0,2,3,0,5,0,0,0,5
12/15/2013,LAF,IN,AGL,CE,Tower without Radar,0,1,2,0,3,0,0,6,0,6,0,1,8,0,9,18,0,18,27
12/16/2013,LAF,IN,AGL,CE,Tower without Radar,0,0,5,0,5,0,0,8,0,8,0,0,13,0,13,10,0,10,23
12/17/2013,LAF,IN,AGL,CE,Tower without Radar,0,5,18,0,23,0,0,4,0,4,0,5,22,0,27,12,0,12,39
12/18/2013,LAF,IN,AGL,CE,Tower without Radar,0,2,10,0,12,0,0,103,0,103,0,2,113,0,115,338,0,338,453
12/19/2013,LAF,IN,AGL,CE,Tower without Radar,1,0,8,0,9,0,0,58,0,58,1,0,66,0,67,190,0,190,257
12/20/2013,LAF,IN,AGL,CE,Tower without Radar,1,5,2,0,8,0,0,0,0,0,1,5,2,0,8,0,0,0,8
12/21/2013,LAF,IN,AGL,CE,Tower without Radar,2,1,0,0,3,0,0,0,0,0,2,1,0,0,3,0,0,0,3
12/22/2013,LAF,IN,AGL,CE,Tower without Radar,2,0,4,0,6,0,0,0,0,0,2,0,4,0,6,0,0,0,6
12/23/2013,LAF,IN,AGL,CE,Tower without Radar,0,2,4,0,6,0,0,1,0,1,0,2,5,0,7,0,0,0,7
12/24/2013,LAF,IN,AGL,CE,Tower without Radar,0,0,4,0,4,0,0,12,0,12,0,0,16,0,16,16,0,16,32
12/25/2013,LAF,IN,AGL,CE,Tower without Radar,0,0,2,0,2,0,0,1,0,1,0,0,3,0,3,0,0,0,3
12/26/2013,LAF,IN,AGL,CE,Tower without Radar,0,3,6,0,9,0,0,8,0,8,0,3,14,0,17,44,0,44,61
12/27/2013,LAF,IN,AGL,CE,Tower without Radar,0,0,3,0,3,0,0,16,0,16,0,0,19,0,19,56,0,56,75
12/28/2013,LAF,IN,AGL,CE,Tower without Radar,0,4,9,0,13,0,0,27,0,27,0,4,36,0,40,46,0,46,86
12/29/2013,LAF,IN,AGL,CE,Tower without Radar,0,0,7,0,7,0,0,2,0,2,0,0,9,0,9,28,0,28,37
12/30/2013,LAF,IN,AGL,CE,Tower without Radar,0,2,10,0,12,0,0,3,0,3,0,2,13,0,15,6,0,6,21
12/31/2013,LAF,IN,AGL,CE,Tower without Radar,0,1,5,0,6,0,0,8,0,8,0,1,13,0,14,16,0,16,30
01/01/2014,LAF,IN,AGL,CE,Tower without Radar,0,2,0,0,2,0,0,1,0,1,0,2,1,0,3,0,0,0,3
01/02/2014,LAF,IN,AGL,CE,Tower without Radar,0,0,0,0,0,0,0,0,0,0,0,0,0,0,0,0,0,0,0
01/03/2014,LAF,IN,AGL,CE,Tower without Radar,1,0,2,0,3,0,2,2,0,4,1,2,4,0,7,4,0,4,11
01/04/2014,LAF,IN,AGL,CE,Tower without Radar,1,0,4,0,5,0,0,17,0,17,1,0,21,0,22,32,0,32,54
01/05/2014,LAF,IN,AGL,CE,Tower without Radar,0,0,0,0,0,0,0,0,0,0,0,0,0,0,0,0,0,0,0
01/06/2014,LAF,IN,AGL,CE,Tower without Radar,2,0,0,0,2,0,1,0,0,1,2,1,0,0,3,0,0,0,3
01/07/2014,LAF,IN,AGL,CE,Tower without Radar,0,3,4,0,7,0,2,7,0,9,0,5,11,0,16,16,0,16,32
01/08/2014,LAF,IN,AGL,CE,Tower without Radar,0,1,11,0,12,0,1,10,0,11,0,2,21,0,23,40,0,40,63
01/09/2014,LAF,IN,AGL,CE,Tower without Radar,0,6,6,0,12,0,0,4,0,4,0,6,10,0,16,18,0,18,34
01/10/2014,LAF,IN,AGL,CE,Tower without Radar,0,0,2,0,2,0,0,3,0,3,0,0,5,0,5,22,0,22,27
01/11/2014,LAF,IN,AGL,CE,Tower without Radar,0,4,6,0,10,0,0,4,0,4,0,4,10,0,14,34,0,34,48
01/12/2014,LAF,IN,AGL,CE,Tower without Radar,2,1,22,0,25,0,0,28,0,28,2,1,50,0,53,66,0,66,119
01/13/2014,LAF,IN,AGL,CE,Tower without Radar,0,2,9,0,11,0,1,36,0,37,0,3,45,0,48,90,0,90,138
01/14/2014,LAF,IN,AGL,CE,Tower without Radar,0,3,10,0,13,0,0,33,0,33,0,3,43,0,46,116,0,116,162
01/15/2014,LAF,IN,AGL,CE,Tower without Radar,0,4,12,0,16,0,0,25,0,25,0,4,37,0,41,148,0,148,189
01/16/2014,LAF,IN,AGL,CE,Tower without Radar,0,0,6,0,6,0,0,0,0,0,0,0,6,0,6,0,0,0,6
01/17/2014,LAF,IN,AGL,CE,Tower without Radar,1,5,23,0,29,0,0,18,0,18,1,5,41,0,47,32,0,32,79
01/18/2014,LAF,IN,AGL,CE,Tower without Radar,1,1,5,0,7,0,0,34,0,34,1,1,39,0,41,104,0,104,145
01/19/2014,LAF,IN,AGL,CE,Tower without Radar,0,0,2,0,2,0,0,17,0,17,0,0,19,0,19,6,0,6,25
01/20/2014,LAF,IN,AGL,CE,Tower without Radar,0,2,3,0,5,0,0,37,0,37,0,2,40,0,42,46,0,46,88
01/21/2014,LAF,IN,AGL,CE,Tower without Radar,0,0,14,0,14,0,0,55,0,55,0,0,69,0,69,64,0,64,133
01/22/2014,LAF,IN,AGL,CE,Tower without Radar,0,0,5,0,5,0,0,16,0,16,0,0,21,0,21,98,0,98,119
01/23/2014,LAF,IN,AGL,CE,Tower without Radar,0,0,3,0,3,0,0,67,0,67,0,0,70,0,70,238,0,238,308
01/24/2014,LAF,IN,AGL,CE,Tower without Radar,0,3,5,0,8,0,0,43,0,43,0,3,48,0,51,134,0,134,185
01/25/2014,LAF,IN,AGL,CE,Tower without Radar,0,2,2,0,4,0,0,0,0,0,0,2,2,0,4,0,0,0,4
01/26/2014,LAF,IN,AGL,CE,Tower without Radar,0,0,4,0,4,0,0,2,0,2,0,0,6,0,6,0,0,0,6
01/27/2014,LAF,IN,AGL,CE,Tower without Radar,0,0,7,0,7,0,0,52,0,52,0,0,59,0,59,90,0,90,149
01/28/2014,LAF,IN,AGL,CE,Tower without Radar,0,0,23,0,23,0,0,119,0,119,0,0,142,0,142,282,0,282,424
01/29/2014,LAF,IN,AGL,CE,Tower without Radar,2,2,16,0,20,0,0,127,5,132,2,2,143,5,152,342,0,342,494
01/30/2014,LAF,IN,AGL,CE,Tower without Radar,0,8,19,0,27,0,0,63,0,63,0,8,82,0,90,44,0,44,134
01/31/2014,LAF,IN,AGL,CE,Tower without Radar,0,0,6,0,6,0,0,30,0,30,0,0,36,0,36,134,0,134,170
02/01/2014,LAF,IN,AGL,CE,Tower without Radar,0,2,2,0,4,0,0,0,0,0,0,2,2,0,4,0,0,0,4
02/02/2014,LAF,IN,AGL,CE,Tower without Radar,0,3,4,0,7,0,0,26,0,26,0,3,30,0,33,90,0,90,123
02/03/2014,LAF,IN,AGL,CE,Tower without Radar,0,0,27,0,27,0,0,185,0,185,0,0,212,0,212,462,0,462,674
02/04/2014,LAF,IN,AGL,CE,Tower without Radar,0,1,11,0,12,0,0,74,0,74,0,1,85,0,86,130,0,130,216
02/05/2014,LAF,IN,AGL,CE,Tower without Radar,0,3,2,0,5,0,0,2,0,2,0,3,4,0,7,0,0,0,7
02/06/2014,LAF,IN,AGL,CE,Tower without Radar,1,6,19,0,26,0,0,68,0,68,1,6,87,0,94,208,0,208,302
02/07/2014,LAF,IN,AGL,CE,Tower without Radar,0,2,26,0,28,0,0,160,0,160,0,2,186,0,188,276,0,276,464
02/08/2014,LAF,IN,AGL,CE,Tower without Radar,1,4,4,0,9,0,0,31,0,31,1,4,35,0,40,66,0,66,106
02/09/2014,LAF,IN,AGL,CE,Tower without Radar,2,0,3,0,5,0,0,19,0,19,2,0,22,0,24,102,0,102,126
02/10/2014,LAF,IN,AGL,CE,Tower without Radar,0,0,38,0,38,0,0,123,0,123,0,0,161,0,161,274,0,274,435
02/11/2014,LAF,IN,AGL,CE,Tower without Radar,0,0,22,0,22,0,0,110,0,110,0,0,132,0,132,236,0,236,368
02/12/2014,LAF,IN,AGL,CE,Tower without Radar,0,2,30,0,32,0,0,145,0,145,0,2,175,0,177,346,0,346,523
02/13/2014,LAF,IN,AGL,CE,Tower without Radar,0,0,20,0,20,0,0,147,0,147,0,0,167,0,167,384,0,384,551
02/14/2014,LAF,IN,AGL,CE,Tower without Radar,0,4,15,0,19,0,0,28,0,28,0,4,43,0,47,134,0,134,181
02/15/2014,LAF,IN,AGL,CE,Tower without Radar,0,2,26,0,28,0,0,85,0,85,0,2,111,0,113,168,0,168,281
02/16/2014,LAF,IN,AGL,CE,Tower without Radar,0,3,2,0,5,0,0,13,0,13,0,3,15,0,18,24,0,24,42
02/17/2014,LAF,IN,AGL,CE,Tower without Radar,0,2,5,0,7,0,0,5,0,5,0,2,10,0,12,28,0,28,40
02/18/2014,LAF,IN,AGL,CE,Tower without Radar,0,1,24,1,26,0,0,134,0,134,0,1,158,1,160,258,0,258,418
02/19/2014,LAF,IN,AGL,CE,Tower without Radar,0,5,37,0,42,0,0,165,0,165,0,5,202,0,207,438,0,438,645
02/20/2014,LAF,IN,AGL,CE,Tower without Radar,0,4,0,0,4,0,0,0,0,0,0,4,0,0,4,0,0,0,4
02/21/2014,LAF,IN,AGL,CE,Tower without Radar,0,2,14,0,16,0,0,15,0,15,0,2,29,0,31,20,2,22,53
02/22/2014,LAF,IN,AGL,CE,Tower without Radar,0,2,17,0,19,0,1,139,0,140,0,3,156,0,159,396,0,396,555
02/23/2014,LAF,IN,AGL,CE,Tower without Radar,0,2,11,0,13,0,2,46,0,48,0,4,57,0,61,144,0,144,205
02/24/2014,LAF,IN,AGL,CE,Tower without Radar,0,1,33,0,34,0,1,129,0,130,0,2,162,0,164,444,0,444,608
02/25/2014,LAF,IN,AGL,CE,Tower without Radar,0,1,8,0,9,0,0,54,0,54,0,1,62,0,63,416,0,416,479
02/26/2014,LAF,IN,AGL,CE,Tower without Radar,0,2,29,0,31,0,0,164,0,164,0,2,193,0,195,398,0,398,593
02/27/2014,LAF,IN,AGL,CE,Tower without Radar,0,0,28,0,28,0,1,73,1,75,0,1,101,1,103,194,0,194,297
02/28/2014,LAF,IN,AGL,CE,Tower without Radar,0,1,40,1,42,0,0,136,0,136,0,1,176,1,178,290,0,290,468
03/01/2014,LAF,IN,AGL,CE,Tower without Radar,2,0,22,0,24,0,0,106,0,106,2,0,128,0,130,196,0,196,326
03/02/2014,LAF,IN,AGL,CE,Tower without Radar,2,2,1,0,5,0,0,9,0,9,2,2,10,0,14,38,0,38,52
03/03/2014,LAF,IN,AGL,CE,Tower without Radar,0,0,29,0,29,0,1,120,0,121,0,1,149,0,150,270,0,270,420
03/04/2014,LAF,IN,AGL,CE,Tower without Radar,0,4,34,0,38,0,0,127,0,127,0,4,161,0,165,348,0,348,513
03/05/2014,LAF,IN,AGL,CE,Tower without Radar,0,1,23,0,24,0,0,72,0,72,0,1,95,0,96,272,0,272,368
03/06/2014,LAF,IN,AGL,CE,Tower without Radar,0,2,43,0,45,0,0,156,0,156,0,2,199,0,201,348,0,348,549
03/07/2014,LAF,IN,AGL,CE,Tower without Radar,0,2,54,0,56,0,0,149,0,149,0,2,203,0,205,400,0,400,605
03/08/2014,LAF,IN,AGL,CE,Tower without Radar,0,0,13,2,15,0,0,3,1,4,0,0,16,3,19,34,2,36,55
03/09/2014,LAF,IN,AGL,CE,Tower without Radar,0,3,14,0,17,0,3,64,0,67,0,6,78,0,84,140,0,140,224
03/10/2014,LAF,IN,AGL,CE,Tower without Radar,0,0,35,0,35,0,0,130,0,130,0,0,165,0,165,356,0,356,521
03/11/2014,LAF,IN,AGL,CE,Tower without Radar,0,0,52,0,52,0,0,159,0,159,0,0,211,0,211,518,0,518,729
03/12/2014,LAF,IN,AGL,CE,Tower without Radar,0,0,2,0,2,0,0,2,0,2,0,0,4,0,4,0,0,0,4
03/13/2014,LAF,IN,AGL,CE,Tower without Radar,0,0,42,0,42,0,0,116,0,116,0,0,158,0,158,308,0,308,466
03/14/2014,LAF,IN,AGL,CE,Tower without Radar,0,2,28,0,30,0,0,29,0,29,0,2,57,0,59,98,0,98,157
03/15/2014,LAF,IN,AGL,CE,Tower without Radar,0,0,22,0,22,0,1,95,0,96,0,1,117,0,118,220,0,220,338
03/16/2014,LAF,IN,AGL,CE,Tower without Radar,0,0,5,0,5,0,0,5,0,5,0,0,10,0,10,22,0,22,32
03/17/2014,LAF,IN,AGL,CE,Tower without Radar,0,2,9,0,11,0,2,42,0,44,0,4,51,0,55,186,0,186,241
03/18/2014,LAF,IN,AGL,CE,Tower without Radar,0,0,18,0,18,0,0,31,0,31,0,0,49,0,49,114,0,114,163
03/19/2014,LAF,IN,AGL,CE,Tower without Radar,0,0,4,0,4,0,0,10,0,10,0,0,14,0,14,18,0,18,32
03/20/2014,LAF,IN,AGL,CE,Tower without Radar,3,0,10,0,13,0,0,60,0,60,3,0,70,0,73,144,0,144,217
03/21/2014,LAF,IN,AGL,CE,Tower without Radar,0,1,10,0,11,0,0,40,0,40,0,1,50,0,51,62,0,62,113
03/22/2014,LAF,IN,AGL,CE,Tower without Radar,0,0,16,0,16,0,0,20,0,20,0,0,36,0,36,12,0,12,48
03/23/2014,LAF,IN,AGL,CE,Tower without Radar,0,0,14,0,14,0,1,20,0,21,0,1,34,0,35,10,0,10,45
03/24/2014,LAF,IN,AGL,CE,Tower without Radar,0,0,31,0,31,0,2,72,0,74,0,2,103,0,105,276,0,276,381
03/25/2014,LAF,IN,AGL,CE,Tower without Radar,0,0,11,0,11,0,0,2,0,2,0,0,13,0,13,0,0,0,13
03/26/2014,LAF,IN,AGL,CE,Tower without Radar,0,0,46,2,48,0,0,169,0,169,0,0,215,2,217,488,0,488,705
03/27/2014,LAF,IN,AGL,CE,Tower without Radar,0,3,2,0,5,0,0,6,0,6,0,3,8,0,11,30,0,30,41
03/28/2014,LAF,IN,AGL,CE,Tower without Radar,0,1,11,0,12,0,0,25,0,25,0,1,36,0,37,132,0,132,169
03/29/2014,LAF,IN,AGL,CE,Tower without Radar,0,0,6,0,6,0,0,0,0,0,0,0,6,0,6,0,0,0,6
03/30/2014,LAF,IN,AGL,CE,Tower without Radar,0,3,20,0,23,0,0,97,0,97,0,3,117,0,120,82,0,82,202
03/31/2014,LAF,IN,AGL,CE,Tower without Radar,0,0,17,0,17,0,0,78,0,78,0,0,95,0,95,132,0,132,227
04/01/2014,LAF,IN,AGL,CE,Tower without Radar,0,1,16,1,18,0,0,38,0,38,0,1,54,1,56,72,2,74,130
04/02/2014,LAF,IN,AGL,CE,Tower without Radar,0,2,20,0,22,0,0,71,0,71,0,2,91,0,93,308,0,308,401
04/03/2014,LAF,IN,AGL,CE,Tower without Radar,0,0,4,0,4,0,0,0,0,0,0,0,4,0,4,0,0,0,4
04/04/2014,LAF,IN,AGL,CE,Tower without Radar,0,0,13,0,13,0,0,3,0,3,0,0,16,0,16,0,0,0,16
04/05/2014,LAF,IN,AGL,CE,Tower without Radar,0,0,28,0,28,0,0,134,0,134,0,0,162,0,162,302,0,302,464
04/06/2014,LAF,IN,AGL,CE,Tower without Radar,0,0,29,0,29,0,0,93,0,93,0,0,122,0,122,114,0,114,236
04/07/2014,LAF,IN,AGL,CE,Tower without Radar,0,0,20,0,20,0,0,42,0,42,0,0,62,0,62,96,0,96,158
04/08/2014,LAF,IN,AGL,CE,Tower without Radar,0,0,25,1,26,0,0,106,0,106,0,0,131,1,132,302,0,302,434
04/09/2014,LAF,IN,AGL,CE,Tower without Radar,0,4,26,0,30,0,0,184,0,184,0,4,210,0,214,484,0,484,698
04/10/2014,LAF,IN,AGL,CE,Tower without Radar,0,0,20,0,20,0,1,64,0,65,0,1,84,0,85,210,0,210,295
04/11/2014,LAF,IN,AGL,CE,Tower without Radar,0,2,43,0,45,0,1,182,0,183,0,3,225,0,228,506,0,506,734
04/12/2014,LAF,IN,AGL,CE,Tower without Radar,0,1,23,0,24,0,1,102,0,103,0,2,125,0,127,142,0,142,269
04/13/2014,LAF,IN,AGL,CE,Tower without Radar,0,0,9,0,9,0,0,20,0,20,0,0,29,0,29,48,0,48,77
04/14/2014,LAF,IN,AGL,CE,Tower without Radar,0,1,15,0,16,0,0,0,0,0,0,1,15,0,16,0,0,0,16
04/15/2014,LAF,IN,AGL,CE,Tower without Radar,0,4,22,1,27,0,0,66,0,66,0,4,88,1,93,206,0,206,299
04/16/2014,LAF,IN,AGL,CE,Tower without Radar,0,0,37,0,37,0,0,126,0,126,0,0,163,0,163,310,0,310,473
04/17/2014,LAF,IN,AGL,CE,Tower without Radar,0,0,44,0,44,0,0,161,0,161,0,0,205,0,205,536,0,536,741
04/18/2014,LAF,IN,AGL,CE,Tower without Radar,0,1,66,0,67,0,0,193,0,193,0,1,259,0,260,423,0,423,683
04/19/2014,LAF,IN,AGL,CE,Tower without Radar,0,0,13,0,13,0,0,185,0,185,0,0,198,0,198,225,0,225,423
04/20/2014,LAF,IN,AGL,CE,Tower without Radar,0,0,10,0,10,0,0,36,0,36,0,0,46,0,46,52,0,52,98
04/21/2014,LAF,IN,AGL,CE,Tower without Radar,0,0,29,0,29,0,0,91,0,91,0,0,120,0,120,298,0,298,418
04/22/2014,LAF,IN,AGL,CE,Tower without Radar,0,2,5,0,7,0,0,70,0,70,0,2,75,0,77,136,0,136,213
04/23/2014,LAF,IN,AGL,CE,Tower without Radar,0,1,33,0,34,0,0,192,0,192,0,1,225,0,226,488,0,488,714
04/24/2014,LAF,IN,AGL,CE,Tower without Radar,0,2,21,1,24,0,0,67,0,67,0,2,88,1,91,150,0,150,241
04/25/2014,LAF,IN,AGL,CE,Tower without Radar,0,4,31,0,35,0,0,47,0,47,0,4,78,0,82,62,0,62,144
04/26/2014,LAF,IN,AGL,CE,Tower without Radar,0,0,20,0,20,0,0,129,0,129,0,0,149,0,149,298,0,298,447
04/27/2014,LAF,IN,AGL,CE,Tower without Radar,0,0,4,0,4,0,0,20,0,20,0,0,24,0,24,22,0,22,46
04/28/2014,LAF,IN,AGL,CE,Tower without Radar,0,1,14,2,17,0,0,11,0,11,0,1,25,2,28,52,0,52,80
04/29/2014,LAF,IN,AGL,CE,Tower without Radar,0,0,15,0,15,0,0,35,0,35,0,0,50,0,50,84,0,84,134
04/30/2014,LAF,IN,AGL,CE,Tower without Radar,0,1,20,0,21,0,0,102,0,102,0,1,122,0,123,426,0,426,549
05/01/2014,LAF,IN,AGL,CE,Tower without Radar,0,2,30,0,32,0,0,80,0,80,0,2,110,0,112,404,0,404,516
05/02/2014,LAF,IN,AGL,CE,Tower without Radar,0,1,20,0,21,0,0,85,0,85,0,1,105,0,106,536,0,536,642
05/03/2014,LAF,IN,AGL,CE,Tower without Radar,0,2,17,0,19,0,0,70,0,70,0,2,87,0,89,134,0,134,223
05/04/2014,LAF,IN,AGL,CE,Tower without Radar,0,0,22,0,22,0,0,94,0,94,0,0,116,0,116,216,0,216,332
05/05/2014,LAF,IN,AGL,CE,Tower without Radar,2,1,19,0,22,0,0,111,0,111,2,1,130,0,133,292,0,292,425
05/06/2014,LAF,IN,AGL,CE,Tower without Radar,0,1,34,0,35,0,0,133,0,133,0,1,167,0,168,260,0,260,428
05/07/2014,LAF,IN,AGL,CE,Tower without Radar,0,1,16,0,17,0,0,112,0,112,0,1,128,0,129,313,0,313,442
05/08/2014,LAF,IN,AGL,CE,Tower without Radar,0,0,30,2,32,0,0,102,0,102,0,0,132,2,134,186,0,186,320
05/09/2014,LAF,IN,AGL,CE,Tower without Radar,0,1,6,0,7,0,0,30,0,30,0,1,36,0,37,114,0,114,151
05/10/2014,LAF,IN,AGL,CE,Tower without Radar,0,0,15,0,15,0,0,87,0,87,0,0,102,0,102,254,0,254,356
05/11/2014,LAF,IN,AGL,CE,Tower without Radar,0,1,0,0,1,0,0,39,0,39,0,1,39,0,40,98,0,98,138
05/12/2014,LAF,IN,AGL,CE,Tower without Radar,0,0,11,0,11,0,0,40,0,40,0,0,51,0,51,130,0,130,181
05/13/2014,LAF,IN,AGL,CE,Tower without Radar,0,0,11,0,11,0,0,5,0,5,0,0,16,0,16,28,0,28,44
05/14/2014,LAF,IN,AGL,CE,Tower without Radar,0,2,7,2,11,0,0,19,0,19,0,2,26,2,30,104,2,106,136
05/15/2014,LAF,IN,AGL,CE,Tower without Radar,0,0,17,0,17,0,0,30,0,30,0,0,47,0,47,138,0,138,185
05/16/2014,LAF,IN,AGL,CE,Tower without Radar,0,3,11,0,14,0,0,9,0,9,0,3,20,0,23,18,0,18,41
05/17/2014,LAF,IN,AGL,CE,Tower without Radar,0,4,14,0,18,0,0,62,0,62,0,4,76,0,80,128,0,128,208
05/18/2014,LAF,IN,AGL,CE,Tower without Radar,0,4,7,0,11,0,0,55,0,55,0,4,62,0,66,158,0,158,224
05/19/2014,LAF,IN,AGL,CE,Tower without Radar,0,6,28,0,34,0,0,87,0,87,0,6,115,0,121,138,0,138,259
05/20/2014,LAF,IN,AGL,CE,Tower without Radar,0,3,14,0,17,0,0,86,0,86,0,3,100,0,103,286,0,286,389
05/21/2014,LAF,IN,AGL,CE,Tower without Radar,0,1,9,0,10,0,0,52,0,52,0,1,61,0,62,180,0,180,242
05/22/2014,LAF,IN,AGL,CE,Tower without Radar,0,2,18,0,20,0,0,120,0,120,0,2,138,0,140,196,0,196,336
05/23/2014,LAF,IN,AGL,CE,Tower without Radar,0,0,25,0,25,0,0,91,4,95,0,0,116,4,120,160,0,160,280
05/24/2014,LAF,IN,AGL,CE,Tower without Radar,0,0,8,0,8,0,0,65,0,65,0,0,73,0,73,140,0,140,213
05/25/2014,LAF,IN,AGL,CE,Tower without Radar,0,0,7,0,7,0,0,37,0,37,0,0,44,0,44,94,0,94,138
05/26/2014,LAF,IN,AGL,CE,Tower without Radar,0,0,6,0,6,0,0,44,0,44,0,0,50,0,50,66,0,66,116
05/27/2014,LAF,IN,AGL,CE,Tower without Radar,0,0,15,0,15,0,0,92,0,92,0,0,107,0,107,242,0,242,349
05/28/2014,LAF,IN,AGL,CE,Tower without Radar,0,1,11,0,12,0,0,40,2,42,0,1,51,2,54,124,0,124,178
05/29/2014,LAF,IN,AGL,CE,Tower without Radar,0,2,14,0,16,0,0,39,0,39,0,2,53,0,55,136,0,136,191
05/30/2014,LAF,IN,AGL,CE,Tower without Radar,1,0,7,0,8,0,0,72,0,72,1,0,79,0,80,236,0,236,316
05/31/2014,LAF,IN,AGL,CE,Tower without Radar,0,0,7,0,7,0,0,59,0,59,0,0,66,0,66,82,0,82,148
06/01/2014,LAF,IN,AGL,CE,Tower without Radar,0,0,6,3,9,0,0,31,0,31,0,0,37,3,40,66,4,70,110
06/02/2014,LAF,IN,AGL,CE,Tower without Radar,0,0,18,0,18,0,0,6,0,6,0,0,24,0,24,12,0,12,36
06/03/2014,LAF,IN,AGL,CE,Tower without Radar,0,1,16,0,17,0,0,44,0,44,0,1,60,0,61,266,0,266,327
06/04/2014,LAF,IN,AGL,CE,Tower without Radar,0,0,10,0,10,0,0,15,0,15,0,0,25,0,25,48,0,48,73
06/05/2014,LAF,IN,AGL,CE,Tower without Radar,0,2,18,0,20,0,0,78,0,78,0,2,96,0,98,304,0,304,402
06/06/2014,LAF,IN,AGL,CE,Tower without Radar,0,6,14,0,20,0,0,64,0,64,0,6,78,0,84,170,0,170,254
06/07/2014,LAF,IN,AGL,CE,Tower without Radar,0,1,8,0,9,0,0,46,0,46,0,1,54,0,55,94,0,94,149
06/08/2014,LAF,IN,AGL,CE,Tower without Radar,0,0,8,0,8,0,0,22,0,22,0,0,30,0,30,20,0,20,50
06/09/2014,LAF,IN,AGL,CE,Tower without Radar,0,0,22,0,22,0,0,84,0,84,0,0,106,0,106,164,0,164,270
06/10/2014,LAF,IN,AGL,CE,Tower without Radar,0,2,6,0,8,0,1,7,0,8,0,3,13,0,16,38,0,38,54
06/11/2014,LAF,IN,AGL,CE,Tower without Radar,0,2,16,0,18,0,0,56,0,56,0,2,72,0,74,128,0,128,202
06/12/2014,LAF,IN,AGL,CE,Tower without Radar,0,3,20,0,23,1,1,42,0,44,1,4,62,0,67,100,0,100,167
06/13/2014,LAF,IN,AGL,CE,Tower without Radar,0,0,5,0,5,0,0,85,0,85,0,0,90,0,90,174,0,174,264
06/14/2014,LAF,IN,AGL,CE,Tower without Radar,0,0,3,0,3,0,0,54,0,54,0,0,57,0,57,178,0,178,235
06/15/2014,LAF,IN,AGL,CE,Tower without Radar,0,1,8,0,9,0,0,37,0,37,0,1,45,0,46,66,0,66,112
06/16/2014,LAF,IN,AGL,CE,Tower without Radar,0,2,12,0,14,0,0,64,5,69,0,2,76,5,83,172,0,172,255
06/17/2014,LAF,IN,AGL,CE,Tower without Radar,0,2,25,0,27,0,1,59,0,60,0,3,84,0,87,80,0,80,167
06/18/2014,LAF,IN,AGL,CE,Tower without Radar,0,0,24,0,24,0,1,68,1,70,0,1,92,1,94,264,0,264,358
06/19/2014,LAF,IN,AGL,CE,Tower without Radar,0,2,18,0,20,0,0,64,0,64,0,2,82,0,84,236,0,236,320
06/20/2014,LAF,IN,AGL,CE,Tower without Radar,0,0,12,0,12,0,0,59,0,59,0,0,71,0,71,256,0,256,327
06/21/2014,LAF,IN,AGL,CE,Tower without Radar,0,0,15,0,15,0,0,39,0,39,0,0,54,0,54,54,0,54,108
06/22/2014,LAF,IN,AGL,CE,Tower without Radar,0,0,20,0,20,0,0,73,0,73,0,0,93,0,93,174,0,174,267
06/23/2014,LAF,IN,AGL,CE,Tower without Radar,0,5,18,0,23,0,0,72,0,72,0,5,90,0,95,184,0,184,279
06/24/2014,LAF,IN,AGL,CE,Tower without Radar,0,1,9,0,10,0,0,5,0,5,0,1,14,0,15,64,0,64,79
06/25/2014,LAF,IN,AGL,CE,Tower without Radar,0,3,37,0,40,0,0,94,2,96,0,3,131,2,136,234,0,234,370
06/26/2014,LAF,IN,AGL,CE,Tower without Radar,0,4,25,0,29,0,1,87,0,88,0,5,112,0,117,202,0,202,319
06/27/2014,LAF,IN,AGL,CE,Tower without Radar,0,0,23,0,23,0,0,128,0,128,0,0,151,0,151,360,0,360,511
06/28/2014,LAF,IN,AGL,CE,Tower without Radar,0,0,4,0,4,0,0,20,0,20,0,0,24,0,24,32,0,32,56
06/29/2014,LAF,IN,AGL,CE,Tower without Radar,0,0,7,0,7,0,0,23,0,23,0,0,30,0,30,96,0,96,126
06/30/2014,LAF,IN,AGL,CE,Tower without Radar,0,0,9,0,9,0,0,34,0,34,0,0,43,0,43,80,0,80,123
07/01/2014,LAF,IN,AGL,CE,Tower without Radar,0,1,13,0,14,0,0,86,0,86,0,1,99,0,100,332,0,332,432
07/02/2014,LAF,IN,AGL,CE,Tower without Radar,0,0,20,0,20,0,0,100,0,100,0,0,120,0,120,372,0,372,492
07/03/2014,LAF,IN,AGL,CE,Tower without Radar,0,0,22,0,22,0,0,96,3,99,0,0,118,3,121,248,0,248,369
07/04/2014,LAF,IN,AGL,CE,Tower without Radar,0,0,6,0,6,0,0,68,0,68,0,0,74,0,74,146,0,146,220
07/05/2014,LAF,IN,AGL,CE,Tower without Radar,0,1,8,0,9,0,0,49,0,49,0,1,57,0,58,84,0,84,142
07/06/2014,LAF,IN,AGL,CE,Tower without Radar,0,0,17,0,17,0,0,24,2,26,0,0,41,2,43,46,0,46,89
07/07/2014,LAF,IN,AGL,CE,Tower without Radar,0,0,12,0,12,0,0,70,1,71,0,0,82,1,83,252,0,252,335
07/08/2014,LAF,IN,AGL,CE,Tower without Radar,0,2,9,0,11,0,0,34,0,34,0,2,43,0,45,70,0,70,115
07/09/2014,LAF,IN,AGL,CE,Tower without Radar,0,0,48,0,48,0,0,130,0,130,0,0,178,0,178,334,0,334,512
07/10/2014,LAF,IN,AGL,CE,Tower without Radar,0,2,42,0,44,0,0,152,0,152,0,2,194,0,196,402,0,402,598
07/11/2014,LAF,IN,AGL,CE,Tower without Radar,0,4,13,0,17,0,1,98,0,99,0,5,111,0,116,403,0,403,519
07/12/2014,LAF,IN,AGL,CE,Tower without Radar,0,0,4,0,4,0,0,13,0,13,0,0,17,0,17,34,0,34,51
07/13/2014,LAF,IN,AGL,CE,Tower without Radar,0,0,5,0,5,0,0,17,1,18,0,0,22,1,23,32,0,32,55
07/14/2014,LAF,IN,AGL,CE,Tower without Radar,0,1,16,0,17,0,0,30,0,30,0,1,46,0,47,68,0,68,115
07/15/2014,LAF,IN,AGL,CE,Tower without Radar,0,0,22,0,22,0,0,63,0,63,0,0,85,0,85,234,0,234,319
07/16/2014,LAF,IN,AGL,CE,Tower without Radar,0,0,20,0,20,0,1,109,0,110,0,1,129,0,130,302,0,302,432
07/17/2014,LAF,IN,AGL,CE,Tower without Radar,0,2,24,2,28,0,0,120,0,120,0,2,144,2,148,352,0,352,500
07/18/2014,LAF,IN,AGL,CE,Tower without Radar,0,3,18,0,21,0,0,131,0,131,0,3,149,0,152,282,0,282,434
07/19/2014,LAF,IN,AGL,CE,Tower without Radar,0,0,12,0,12,0,1,30,0,31,0,1,42,0,43,130,0,130,173
07/20/2014,LAF,IN,AGL,CE,Tower without Radar,0,0,5,0,5,0,0,42,0,42,0,0,47,0,47,70,0,70,117
07/21/2014,LAF,IN,AGL,CE,Tower without Radar,0,0,15,0,15,0,0,98,0,98,0,0,113,0,113,378,0,378,491
07/22/2014,LAF,IN,AGL,CE,Tower without Radar,0,1,10,0,11,0,0,91,1,92,0,1,101,1,103,324,0,324,427
07/23/2014,LAF,IN,AGL,CE,Tower without Radar,0,6,27,0,33,0,0,68,0,68,0,6,95,0,101,124,0,124,225
07/24/2014,LAF,IN,AGL,CE,Tower without Radar,0,0,16,0,16,0,0,110,0,110,0,0,126,0,126,375,0,375,501
07/25/2014,LAF,IN,AGL,CE,Tower without Radar,0,1,16,0,17,0,0,80,0,80,0,1,96,0,97,264,0,264,361
07/26/2014,LAF,IN,AGL,CE,Tower without Radar,0,2,4,0,6,0,0,36,0,36,0,2,40,0,42,54,0,54,96
07/27/2014,LAF,IN,AGL,CE,Tower without Radar,0,2,10,0,12,0,0,7,0,7,0,2,17,0,19,0,0,0,19
07/28/2014,LAF,IN,AGL,CE,Tower without Radar,0,2,5,0,7,0,0,50,0,50,0,2,55,0,57,186,0,186,243
07/29/2014,LAF,IN,AGL,CE,Tower without Radar,0,4,4,0,8,0,0,69,1,70,0,4,73,1,78,190,0,190,268
07/30/2014,LAF,IN,AGL,CE,Tower without Radar,0,2,16,0,18,0,0,110,0,110,0,2,126,0,128,432,0,432,560
07/31/2014,LAF,IN,AGL,CE,Tower without Radar,0,0,12,0,12,0,0,100,0,100,0,0,112,0,112,274,0,274,386
08/01/2014,LAF,IN,AGL,CE,Tower without Radar,0,0,11,0,11,0,0,57,0,57,0,0,68,0,68,182,0,182,250
08/02/2014,LAF,IN,AGL,CE,Tower without Radar,0,0,7,0,7,0,0,37,0,37,0,0,44,0,44,114,0,114,158
08/03/2014,LAF,IN,AGL,CE,Tower without Radar,0,0,10,0,10,0,0,47,1,48,0,0,57,1,58,40,4,44,102
08/04/2014,LAF,IN,AGL,CE,Tower without Radar,0,2,9,0,11,0,1,77,0,78,0,3,86,0,89,206,0,206,295
08/05/2014,LAF,IN,AGL,CE,Tower without Radar,0,2,13,0,15,0,1,84,2,87,0,3,97,2,102,184,4,188,290
08/06/2014,LAF,IN,AGL,CE,Tower without Radar,0,1,8,1,10,0,0,45,9,54,0,1,53,10,64,146,0,146,210
08/07/2014,LAF,IN,AGL,CE,Tower without Radar,0,4,17,0,21,0,2,80,5,87,0,6,97,5,108,164,0,164,272
08/08/2014,LAF,IN,AGL,CE,Tower without Radar,0,5,9,0,14,0,0,36,1,37,0,5,45,1,51,92,0,92,143
08/09/2014,LAF,IN,AGL,CE,Tower without Radar,0,1,7,0,8,0,0,49,0,49,0,1,56,0,57,74,0,74,131
08/10/2014,LAF,IN,AGL,CE,Tower without Radar,0,1,5,0,6,0,0,14,0,14,0,1,19,0,20,24,0,24,44
08/11/2014,LAF,IN,AGL,CE,Tower without Radar,0,1,6,0,7,0,0,6,0,6,0,1,12,0,13,36,0,36,49
08/12/2014,LAF,IN,AGL,CE,Tower without Radar,0,2,16,0,18,0,0,13,0,13,0,2,29,0,31,14,0,14,45
08/13/2014,LAF,IN,AGL,CE,Tower without Radar,0,1,10,0,11,0,0,107,1,108,0,1,117,1,119,432,0,432,551
08/14/2014,LAF,IN,AGL,CE,Tower without Radar,0,0,7,0,7,0,0,78,0,78,0,0,85,0,85,214,0,214,299
08/15/2014,LAF,IN,AGL,CE,Tower without Radar,0,3,20,0,23,0,0,73,0,73,0,3,93,0,96,130,0,130,226
08/16/2014,LAF,IN,AGL,CE,Tower without Radar,0,0,10,0,10,0,0,14,0,14,0,0,24,0,24,18,0,18,42
08/17/2014,LAF,IN,AGL,CE,Tower without Radar,0,0,11,0,11,0,0,32,1,33,0,0,43,1,44,106,0,106,150
08/18/2014,LAF,IN,AGL,CE,Tower without Radar,0,0,11,0,11,0,0,35,0,35,0,0,46,0,46,114,0,114,160
08/19/2014,LAF,IN,AGL,CE,Tower without Radar,0,0,9,0,9,0,0,34,0,34,0,0,43,0,43,130,0,130,173
08/20/2014,LAF,IN,AGL,CE,Tower without Radar,0,2,16,0,18,0,0,92,0,92,0,2,108,0,110,314,0,314,424
08/21/2014,LAF,IN,AGL,CE,Tower without Radar,0,0,11,0,11,0,0,57,0,57,0,0,68,0,68,264,0,264,332
08/22/2014,LAF,IN,AGL,CE,Tower without Radar,0,0,2,0,2,0,0,19,0,19,0,0,21,0,21,124,0,124,145
08/23/2014,LAF,IN,AGL,CE,Tower without Radar,0,0,12,0,12,0,2,39,0,41,0,2,51,0,53,116,0,116,169
08/24/2014,LAF,IN,AGL,CE,Tower without Radar,0,0,6,0,6,0,1,28,0,29,0,1,34,0,35,74,0,74,109
08/25/2014,LAF,IN,AGL,CE,Tower without Radar,0,1,16,0,17,0,0,49,0,49,0,1,65,0,66,182,0,182,248
08/26/2014,LAF,IN,AGL,CE,Tower without Radar,0,1,6,0,7,0,0,49,0,49,0,1,55,0,56,74,0,74,130
08/27/2014,LAF,IN,AGL,CE,Tower without Radar,0,0,12,1,13,0,0,78,0,78,0,0,90,1,91,216,0,216,307
08/28/2014,LAF,IN,AGL,CE,Tower without Radar,0,2,21,0,23,0,0,156,0,156,0,2,177,0,179,220,0,220,399
08/29/2014,LAF,IN,AGL,CE,Tower without Radar,0,2,18,0,20,0,0,217,0,217,0,2,235,0,237,404,0,404,641
08/30/2014,LAF,IN,AGL,CE,Tower without Radar,0,0,8,0,8,0,0,72,0,72,0,0,80,0,80,94,0,94,174
08/31/2014,LAF,IN,AGL,CE,Tower without Radar,0,0,8,0,8,0,0,20,0,20,0,0,28,0,28,72,0,72,100
09/01/2014,LAF,IN,AGL,CE,Tower without Radar,0,3,3,0,6,0,0,12,0,12,0,3,15,0,18,46,0,46,64
09/02/2014,LAF,IN,AGL,CE,Tower without Radar,0,1,12,0,13,0,2,32,0,34,0,3,44,0,47,82,0,82,129
09/03/2014,LAF,IN,AGL,CE,Tower without Radar,0,0,21,1,22,0,0,157,0,157,0,0,178,1,179,446,0,446,625
09/04/2014,LAF,IN,AGL,CE,Tower without Radar,0,0,27,0,27,0,0,177,0,177,0,0,204,0,204,522,0,522,726
09/05/2014,LAF,IN,AGL,CE,Tower without Radar,0,1,19,0,20,0,0,134,0,134,0,1,153,0,154,370,0,370,524
09/06/2014,LAF,IN,AGL,CE,Tower without Radar,0,2,9,0,11,0,0,47,0,47,0,2,56,0,58,46,0,46,104
09/07/2014,LAF,IN,AGL,CE,Tower without Radar,0,0,14,0,14,0,0,108,0,108,0,0,122,0,122,138,0,138,260
09/08/2014,LAF,IN,AGL,CE,Tower without Radar,0,0,14,0,14,0,0,171,0,171,0,0,185,0,185,380,0,380,565
09/09/2014,LAF,IN,AGL,CE,Tower without Radar,0,0,25,1,26,0,0,184,1,185,0,0,209,2,211,446,0,446,657
09/10/2014,LAF,IN,AGL,CE,Tower without Radar,0,2,2,0,4,0,0,0,0,0,0,2,2,0,4,0,0,0,4
09/11/2014,LAF,IN,AGL,CE,Tower without Radar,0,2,18,1,21,0,0,4,1,5,0,2,22,2,26,46,0,46,72
09/12/2014,LAF,IN,AGL,CE,Tower without Radar,0,0,17,0,17,0,0,27,0,27,0,0,44,0,44,88,0,88,132
09/13/2014,LAF,IN,AGL,CE,Tower without Radar,0,0,14,0,14,0,1,131,0,132,0,1,145,0,146,256,0,256,402
09/14/2014,LAF,IN,AGL,CE,Tower without Radar,0,1,12,0,13,0,0,146,0,146,0,1,158,0,159,298,0,298,457
09/15/2014,LAF,IN,AGL,CE,Tower without Radar,0,2,10,0,12,0,0,72,0,72,0,2,82,0,84,118,0,118,202
09/16/2014,LAF,IN,AGL,CE,Tower without Radar,0,0,40,0,40,0,1,134,0,135,0,1,174,0,175,333,0,333,508
09/17/2014,LAF,IN,AGL,CE,Tower without Radar,0,0,18,0,18,0,0,128,0,128,0,0,146,0,146,220,0,220,366
09/18/2014,LAF,IN,AGL,CE,Tower without Radar,0,2,27,0,29,0,0,144,0,144,0,2,171,0,173,320,0,320,493
09/19/2014,LAF,IN,AGL,CE,Tower without Radar,0,0,21,0,21,0,1,162,0,163,0,1,183,0,184,414,0,414,598
09/20/2014,LAF,IN,AGL,CE,Tower without Radar,0,0,17,0,17,0,0,121,0,121,0,0,138,0,138,86,0,86,224
09/21/2014,LAF,IN,AGL,CE,Tower without Radar,0,0,9,0,9,0,1,35,1,37,0,1,44,1,46,68,0,68,114
09/22/2014,LAF,IN,AGL,CE,Tower without Radar,0,3,11,0,14,0,0,159,0,159,0,3,170,0,173,390,0,390,563
09/23/2014,LAF,IN,AGL,CE,Tower without Radar,0,2,45,0,47,0,0,146,0,146,0,2,191,0,193,652,0,652,845
09/24/2014,LAF,IN,AGL,CE,Tower without Radar,0,2,20,0,22,0,0,140,0,140,0,2,160,0,162,518,0,518,680
09/25/2014,LAF,IN,AGL,CE,Tower without Radar,0,1,36,0,37,0,0,169,0,169,0,1,205,0,206,680,0,680,886
09/26/2014,LAF,IN,AGL,CE,Tower without Radar,0,5,44,0,49,0,1,166,0,167,0,6,210,0,216,400,0,400,616
09/27/2014,LAF,IN,AGL,CE,Tower without Radar,2,2,41,0,45,0,1,176,0,177,2,3,217,0,222,226,0,226,448
09/28/2014,LAF,IN,AGL,CE,Tower without Radar,0,2,10,0,12,0,3,91,0,94,0,5,101,0,106,196,0,196,302
09/29/2014,LAF,IN,AGL,CE,Tower without Radar,2,3,35,0,40,0,0,112,0,112,2,3,147,0,152,310,0,310,462
09/30/2014,LAF,IN,AGL,CE,Tower without Radar,0,0,38,0,38,0,0,112,0,112,0,0,150,0,150,456,0,456,606
10/01/2014,LAF,IN,AGL,CE,Tower without Radar,0,1,27,1,29,0,0,175,0,175,0,1,202,1,204,658,0,658,862
10/02/2014,LAF,IN,AGL,CE,Tower without Radar,0,1,12,0,13,0,0,75,0,75,0,1,87,0,88,232,0,232,320
10/03/2014,LAF,IN,AGL,CE,Tower without Radar,0,2,8,0,10,0,0,36,0,36,0,2,44,0,46,168,0,168,214
10/04/2014,LAF,IN,AGL,CE,Tower without Radar,0,0,8,0,8,0,0,55,0,55,0,0,63,0,63,140,0,140,203
10/05/2014,LAF,IN,AGL,CE,Tower without Radar,0,2,9,0,11,0,0,77,0,77,0,2,86,0,88,136,0,136,224
10/06/2014,LAF,IN,AGL,CE,Tower without Radar,0,0,21,0,21,0,0,116,0,116,0,0,137,0,137,394,0,394,531
10/07/2014,LAF,IN,AGL,CE,Tower without Radar,0,0,32,0,32,0,0,102,0,102,0,0,134,0,134,280,0,280,414
10/08/2014,LAF,IN,AGL,CE,Tower without Radar,0,5,38,1,44,0,0,210,0,210,0,5,248,1,254,520,0,520,774
10/09/2014,LAF,IN,AGL,CE,Tower without Radar,0,2,20,0,22,0,0,53,0,53,0,2,73,0,75,175,0,175,250
10/10/2014,LAF,IN,AGL,CE,Tower without Radar,2,4,42,1,49,0,0,162,0,162,2,4,204,1,211,418,0,418,629
10/11/2014,LAF,IN,AGL,CE,Tower without Radar,1,1,38,0,40,0,0,115,0,115,1,1,153,0,155,130,0,130,285
10/12/2014,LAF,IN,AGL,CE,Tower without Radar,0,4,10,0,14,0,0,28,0,28,0,4,38,0,42,70,0,70,112
10/13/2014,LAF,IN,AGL,CE,Tower without Radar,0,1,3,0,4,0,1,1,0,2,0,2,4,0,6,0,0,0,6
10/14/2014,LAF,IN,AGL,CE,Tower without Radar,0,3,10,0,13,0,1,26,0,27,0,4,36,0,40,40,0,40,80
10/15/2014,LAF,IN,AGL,CE,Tower without Radar,0,0,8,2,10,0,0,0,0,0,0,0,8,2,10,0,0,0,10
10/16/2014,LAF,IN,AGL,CE,Tower without Radar,2,3,43,0,48,0,0,28,0,28,2,3,71,0,76,93,0,93,169
10/17/2014,LAF,IN,AGL,CE,Tower without Radar,2,5,24,0,31,0,0,111,0,111,2,5,135,0,142,272,0,272,414
10/18/2014,LAF,IN,AGL,CE,Tower without Radar,2,7,13,0,22,0,2,46,0,48,2,9,59,0,70,234,0,234,304
10/19/2014,LAF,IN,AGL,CE,Tower without Radar,0,4,16,0,20,0,0,135,0,135,0,4,151,0,155,308,0,308,463
10/20/2014,LAF,IN,AGL,CE,Tower without Radar,1,2,20,0,23,0,0,133,0,133,1,2,153,0,156,356,0,356,512
10/21/2014,LAF,IN,AGL,CE,Tower without Radar,0,1,29,0,30,0,0,131,0,131,0,1,160,0,161,454,0,454,615
10/22/2014,LAF,IN,AGL,CE,Tower without Radar,0,1,24,0,25,0,0,187,0,187,0,1,211,0,212,456,0,456,668
10/23/2014,LAF,IN,AGL,CE,Tower without Radar,0,1,19,0,20,0,0,124,0,124,0,1,143,0,144,562,0,562,706
10/24/2014,LAF,IN,AGL,CE,Tower without Radar,0,3,31,0,34,0,0,130,0,130,0,3,161,0,164,210,0,210,374
10/25/2014,LAF,IN,AGL,CE,Tower without Radar,0,0,19,0,19,0,0,139,0,139,0,0,158,0,158,300,0,300,458
10/26/2014,LAF,IN,AGL,CE,Tower without Radar,0,1,23,0,24,0,0,120,0,120,0,1,143,0,144,186,0,186,330
10/27/2014,LAF,IN,AGL,CE,Tower without Radar,2,1,21,0,24,0,0,81,0,81,2,1,102,0,105,158,0,158,263
10/28/2014,LAF,IN,AGL,CE,Tower without Radar,0,1,12,0,13,0,0,87,0,87,0,1,99,0,100,200,0,200,300
10/29/2014,LAF,IN,AGL,CE,Tower without Radar,0,0,29,0,29,0,0,105,0,105,0,0,134,0,134,332,0,332,466
10/30/2014,LAF,IN,AGL,CE,Tower without Radar,0,1,38,0,39,0,0,142,0,142,0,1,180,0,181,330,0,330,511
10/31/2014,LAF,IN,AGL,CE,Tower without Radar,1,0,7,0,8,0,0,2,0,2,1,0,9,0,10,0,0,0,10
11/01/2014,LAF,IN,AGL,CE,Tower without Radar,0,3,16,0,19,0,0,103,0,103,0,3,119,0,122,274,0,274,396
11/02/2014,LAF,IN,AGL,CE,Tower without Radar,0,1,8,0,9,0,0,97,0,97,0,1,105,0,106,60,0,60,166
11/03/2014,LAF,IN,AGL,CE,Tower without Radar,0,3,18,0,21,0,1,83,0,84,0,4,101,0,105,272,0,272,377
11/04/2014,LAF,IN,AGL,CE,Tower without Radar,0,1,11,0,12,0,0,1,0,1,0,1,12,0,13,0,0,0,13
11/05/2014,LAF,IN,AGL,CE,Tower without Radar,0,4,40,0,44,0,0,137,0,137,0,4,177,0,181,288,0,288,469
11/06/2014,LAF,IN,AGL,CE,Tower without Radar,0,2,10,0,12,0,0,0,0,0,0,2,10,0,12,0,0,0,12
11/07/2014,LAF,IN,AGL,CE,Tower without Radar,2,7,28,0,37,0,1,161,0,162,2,8,189,0,199,482,0,482,681
11/08/2014,LAF,IN,AGL,CE,Tower without Radar,2,2,35,0,39,0,0,114,0,114,2,2,149,0,153,153,0,153,306
11/09/2014,LAF,IN,AGL,CE,Tower without Radar,0,1,16,0,17,0,0,91,0,91,0,1,107,0,108,158,0,158,266
11/10/2014,LAF,IN,AGL,CE,Tower without Radar,0,5,15,0,20,0,1,61,0,62,0,6,76,0,82,62,0,62,144
11/11/2014,LAF,IN,AGL,CE,Tower without Radar,0,2,4,0,6,0,0,31,0,31,0,2,35,0,37,58,0,58,95
11/12/2014,LAF,IN,AGL,CE,Tower without Radar,0,4,14,0,18,0,0,86,0,86,0,4,100,0,104,396,0,396,500
11/13/2014,LAF,IN,AGL,CE,Tower without Radar,0,0,30,0,30,0,0,114,0,114,0,0,144,0,144,372,0,372,516
11/14/2014,LAF,IN,AGL,CE,Tower without Radar,0,1,27,0,28,0,0,107,0,107,0,1,134,0,135,244,0,244,379
11/15/2014,LAF,IN,AGL,CE,Tower without Radar,0,3,18,0,21,0,0,181,0,181,0,3,199,0,202,326,0,326,528
11/16/2014,LAF,IN,AGL,CE,Tower without Radar,0,3,7,1,11,0,0,13,0,13,0,3,20,1,24,62,0,62,86
11/17/2014,LAF,IN,AGL,CE,Tower without Radar,0,1,9,0,10,0,0,29,0,29,0,1,38,0,39,130,0,130,169
11/18/2014,LAF,IN,AGL,CE,Tower without Radar,0,0,20,0,20,0,0,73,0,73,0,0,93,0,93,172,0,172,265
11/19/2014,LAF,IN,AGL,CE,Tower without Radar,0,4,11,0,15,0,0,26,0,26,0,4,37,0,41,102,0,102,143
11/20/2014,LAF,IN,AGL,CE,Tower without Radar,0,2,32,0,34,0,0,119,0,119,0,2,151,0,153,240,0,240,393
11/21/2014,LAF,IN,AGL,CE,Tower without Radar,0,6,22,0,28,0,0,110,0,110,0,6,132,0,138,230,0,230,368
11/22/2014,LAF,IN,AGL,CE,Tower without Radar,0,2,11,0,13,0,0,31,0,31,0,2,42,0,44,50,0,50,94
11/23/2014,LAF,IN,AGL,CE,Tower without Radar,0,2,7,0,9,0,0,23,0,23,0,2,30,0,32,48,0,48,80
11/24/2014,LAF,IN,AGL,CE,Tower without Radar,0,1,1,0,2,0,2,0,0,2,0,3,1,0,4,0,0,0,4
11/25/2014,LAF,IN,AGL,CE,Tower without Radar,0,4,16,0,20,0,0,34,0,34,0,4,50,0,54,114,0,114,168
11/26/2014,LAF,IN,AGL,CE,Tower without Radar,0,0,7,0,7,0,0,9,0,9,0,0,16,0,16,46,0,46,62
11/27/2014,LAF,IN,AGL,CE,Tower without Radar,0,0,1,0,1,0,0,0,0,0,0,0,1,0,1,0,0,0,1
11/28/2014,LAF,IN,AGL,CE,Tower without Radar,0,0,3,0,3,0,0,23,0,23,0,0,26,0,26,14,0,14,40
11/29/2014,LAF,IN,AGL,CE,Tower without Radar,0,0,0,0,0,0,1,17,0,18,0,1,17,0,18,20,0,20,38
11/30/2014,LAF,IN,AGL,CE,Tower without Radar,0,0,9,0,9,0,0,4,0,4,0,0,13,0,13,4,0,4,17
12/01/2014,LAF,IN,AGL,CE,Tower without Radar,1,1,26,0,28,0,0,69,0,69,1,1,95,0,97,144,0,144,241
12/02/2014,LAF,IN,AGL,CE,Tower without Radar,0,0,11,0,11,0,0,7,0,7,0,0,18,0,18,18,0,18,36
12/03/2014,LAF,IN,AGL,CE,Tower without Radar,0,1,22,0,23,0,0,128,0,128,0,1,150,0,151,390,0,390,541
12/04/2014,LAF,IN,AGL,CE,Tower without Radar,0,1,27,0,28,0,0,138,0,138,0,1,165,0,166,358,0,358,524
12/05/2014,LAF,IN,AGL,CE,Tower without Radar,0,1,5,0,6,0,0,0,0,0,0,1,5,0,6,0,0,0,6
12/06/2014,LAF,IN,AGL,CE,Tower without Radar,0,2,13,0,15,0,0,57,0,57,0,2,70,0,72,164,0,164,236
12/07/2014,LAF,IN,AGL,CE,Tower without Radar,0,2,13,0,15,0,0,115,0,115,0,2,128,0,130,192,0,192,322
12/08/2014,LAF,IN,AGL,CE,Tower without Radar,0,2,12,0,14,0,0,58,0,58,0,2,70,0,72,176,0,176,248
12/09/2014,LAF,IN,AGL,CE,Tower without Radar,0,0,3,0,3,0,0,0,0,0,0,0,3,0,3,0,0,0,3
12/10/2014,LAF,IN,AGL,CE,Tower without Radar,1,3,14,0,18,0,0,62,0,62,1,3,76,0,80,266,0,266,346
12/11/2014,LAF,IN,AGL,CE,Tower without Radar,0,2,9,0,11,0,0,115,0,115,0,2,124,0,126,430,0,430,556
12/12/2014,LAF,IN,AGL,CE,Tower without Radar,2,0,5,0,7,0,0,4,0,4,2,0,9,0,11,8,0,8,19
12/13/2014,LAF,IN,AGL,CE,Tower without Radar,0,0,20,0,20,0,0,86,0,86,0,0,106,0,106,252,0,252,358
12/14/2014,LAF,IN,AGL,CE,Tower without Radar,1,2,7,0,10,0,0,0,0,0,1,2,7,0,10,0,0,0,10
12/15/2014,LAF,IN,AGL,CE,Tower without Radar,0,0,7,0,7,0,1,4,0,5,0,1,11,0,12,22,0,22,34
12/16/2014,LAF,IN,AGL,CE,Tower without Radar,0,0,13,0,13,0,0,0,0,0,0,0,13,0,13,0,0,0,13
12/17/2014,LAF,IN,AGL,CE,Tower without Radar,0,0,12,0,12,0,0,12,0,12,0,0,24,0,24,54,0,54,78
12/18/2014,LAF,IN,AGL,CE,Tower without Radar,0,2,15,0,17,0,0,62,0,62,0,2,77,0,79,302,0,302,381
12/19/2014,LAF,IN,AGL,CE,Tower without Radar,0,5,22,0,27,0,1,34,0,35,0,6,56,0,62,164,0,164,226
12/20/2014,LAF,IN,AGL,CE,Tower without Radar,0,1,16,0,17,0,0,42,0,42,0,1,58,0,59,114,0,114,173
12/21/2014,LAF,IN,AGL,CE,Tower without Radar,0,1,7,0,8,0,0,40,0,40,0,1,47,0,48,28,0,28,76
12/22/2014,LAF,IN,AGL,CE,Tower without Radar,0,0,10,0,10,0,0,27,0,27,0,0,37,0,37,28,0,28,65
12/23/2014,LAF,IN,AGL,CE,Tower without Radar,0,1,6,0,7,0,0,25,0,25,0,1,31,0,32,62,0,62,94
12/24/2014,LAF,IN,AGL,CE,Tower without Radar,0,3,1,0,4,0,0,0,0,0,0,3,1,0,4,0,0,0,4
12/25/2014,LAF,IN,AGL,CE,Tower without Radar,0,0,2,0,2,0,0,2,0,2,0,0,4,0,4,0,0,0,4
12/26/2014,LAF,IN,AGL,CE,Tower without Radar,0,0,3,0,3,0,0,26,0,26,0,0,29,0,29,28,0,28,57
12/27/2014,LAF,IN,AGL,CE,Tower without Radar,0,1,4,0,5,0,0,0,0,0,0,1,4,0,5,0,0,0,5
12/28/2014,LAF,IN,AGL,CE,Tower without Radar,0,4,4,0,8,0,0,3,0,3,0,4,7,0,11,0,0,0,11
12/29/2014,LAF,IN,AGL,CE,Tower without Radar,0,1,12,0,13,0,0,34,0,34,0,1,46,0,47,52,0,52,99
12/30/2014,LAF,IN,AGL,CE,Tower without Radar,1,0,5,0,6,0,1,18,0,19,1,1,23,0,25,20,0,20,45
12/31/2014,LAF,IN,AGL,CE,Tower without Radar,1,6,7,0,14,0,2,28,0,30,1,8,35,0,44,63,0,63,107
01/01/2015,LAF,IN,AGL,CE,Tower without Radar,0,2,1,0,3,0,0,10,0,10,0,2,11,0,13,0,0,0,13
01/02/2015,LAF,IN,AGL,CE,Tower without Radar,1,2,9,0,12,0,0,25,0,25,1,2,34,0,37,8,0,8,45
01/03/2015,LAF,IN,AGL,CE,Tower without Radar,1,0,1,0,2,0,0,0,0,0,1,0,1,0,2,0,0,0,2
01/04/2015,LAF,IN,AGL,CE,Tower without Radar,1,0,1,0,2,0,0,0,0,0,1,0,1,0,2,0,0,0,2
01/05/2015,LAF,IN,AGL,CE,Tower without Radar,0,0,7,0,7,0,0,28,0,28,0,0,35,0,35,66,0,66,101
01/06/2015,LAF,IN,AGL,CE,Tower without Radar,2,1,11,0,14,0,0,15,0,15,2,1,26,0,29,72,0,72,101
01/07/2015,LAF,IN,AGL,CE,Tower without Radar,1,1,6,0,8,0,0,6,0,6,1,1,12,0,14,4,0,4,18
01/08/2015,LAF,IN,AGL,CE,Tower without Radar,0,1,14,0,15,0,0,17,0,17,0,1,31,0,32,78,0,78,110
01/09/2015,LAF,IN,AGL,CE,Tower without Radar,0,0,4,0,4,0,0,9,0,9,0,0,13,0,13,2,0,2,15
01/10/2015,LAF,IN,AGL,CE,Tower without Radar,0,3,9,0,12,0,0,50,0,50,0,3,59,0,62,66,4,70,132
01/11/2015,LAF,IN,AGL,CE,Tower without Radar,0,0,1,0,1,0,0,6,0,6,0,0,7,0,7,20,0,20,27
01/12/2015,LAF,IN,AGL,CE,Tower without Radar,0,0,8,0,8,0,0,4,0,4,0,0,12,0,12,2,0,2,14
01/13/2015,LAF,IN,AGL,CE,Tower without Radar,0,0,16,0,16,0,0,57,0,57,0,0,73,0,73,228,0,228,301
01/14/2015,LAF,IN,AGL,CE,Tower without Radar,0,2,28,0,30,0,0,101,0,101,0,2,129,0,131,238,0,238,369
01/15/2015,LAF,IN,AGL,CE,Tower without Radar,0,3,22,0,25,0,0,95,0,95,0,3,117,0,120,276,0,276,396
01/16/2015,LAF,IN,AGL,CE,Tower without Radar,1,2,20,0,23,0,0,83,0,83,1,2,103,0,106,294,0,294,400
01/17/2015,LAF,IN,AGL,CE,Tower without Radar,2,1,9,0,12,0,0,91,0,91,2,1,100,0,103,280,0,280,383
01/18/2015,LAF,IN,AGL,CE,Tower without Radar,0,2,2,0,4,0,0,40,0,40,0,2,42,0,44,62,0,62,106
01/19/2015,LAF,IN,AGL,CE,Tower without Radar,0,0,14,0,14,0,0,70,0,70,0,0,84,0,84,112,0,112,196
01/20/2015,LAF,IN,AGL,CE,Tower without Radar,0,4,9,0,13,0,0,50,0,50,0,4,59,0,63,228,0,228,291
01/21/2015,LAF,IN,AGL,CE,Tower without Radar,0,6,6,0,12,0,0,6,2,8,0,6,12,2,20,48,0,48,68
01/22/2015,LAF,IN,AGL,CE,Tower without Radar,0,5,20,0,25,0,0,123,0,123,0,5,143,0,148,490,0,490,638
01/23/2015,LAF,IN,AGL,CE,Tower without Radar,0,3,17,0,20,0,0,70,0,70,0,3,87,0,90,316,0,316,406
01/24/2015,LAF,IN,AGL,CE,Tower without Radar,4,2,16,0,22,0,0,105,0,105,4,2,121,0,127,214,0,214,341
01/25/2015,LAF,IN,AGL,CE,Tower without Radar,0,2,3,0,5,0,0,0,0,0,0,2,3,0,5,0,0,0,5
01/26/2015,LAF,IN,AGL,CE,Tower without Radar,0,0,24,0,24,0,0,79,0,79,0,0,103,0,103,350,0,350,453
01/27/2015,LAF,IN,AGL,CE,Tower without Radar,0,0,17,0,17,0,0,63,0,63,0,0,80,0,80,154,0,154,234
01/28/2015,LAF,IN,AGL,CE,Tower without Radar,0,2,16,0,18,0,0,124,0,124,0,2,140,0,142,282,0,282,424
01/29/2015,LAF,IN,AGL,CE,Tower without Radar,1,2,5,0,8,0,0,24,0,24,1,2,29,0,32,70,0,70,102
01/30/2015,LAF,IN,AGL,CE,Tower without Radar,0,1,21,0,22,0,0,100,0,100,0,1,121,0,122,292,0,292,414
01/31/2015,LAF,IN,AGL,CE,Tower without Radar,0,0,12,0,12,0,0,157,0,157,0,0,169,0,169,272,0,272,441
02/01/2015,LAF,IN,AGL,CE,Tower without Radar,0,0,0,0,0,0,0,0,0,0,0,0,0,0,0,0,0,0,0
02/02/2015,LAF,IN,AGL,CE,Tower without Radar,0,0,7,0,7,0,0,41,0,41,0,0,48,0,48,184,0,184,232
02/03/2015,LAF,IN,AGL,CE,Tower without Radar,0,4,19,0,23,0,0,117,0,117,0,4,136,0,140,352,0,352,492
02/04/2015,LAF,IN,AGL,CE,Tower without Radar,0,4,13,0,17,0,1,29,0,30,0,5,42,0,47,140,0,140,187
02/05/2015,LAF,IN,AGL,CE,Tower without Radar,0,2,36,0,38,0,0,145,0,145,0,2,181,0,183,352,0,352,535
02/06/2015,LAF,IN,AGL,CE,Tower without Radar,0,2,32,0,34,0,0,105,0,105,0,2,137,0,139,354,0,354,493
02/07/2015,LAF,IN,AGL,CE,Tower without Radar,5,0,20,0,25,0,0,144,0,144,5,0,164,0,169,182,0,182,351
02/08/2015,LAF,IN,AGL,CE,Tower without Radar,0,2,3,0,5,0,0,27,0,27,0,2,30,0,32,86,0,86,118
02/09/2015,LAF,IN,AGL,CE,Tower without Radar,0,1,9,0,10,0,0,0,0,0,0,1,9,0,10,0,0,0,10
02/10/2015,LAF,IN,AGL,CE,Tower without Radar,0,0,40,0,40,0,0,154,0,154,0,0,194,0,194,374,0,374,568
02/11/2015,LAF,IN,AGL,CE,Tower without Radar,2,3,17,0,22,0,0,35,0,35,2,3,52,0,57,170,0,170,227
02/12/2015,LAF,IN,AGL,CE,Tower without Radar,0,2,8,1,11,0,0,19,0,19,0,2,27,1,30,52,0,52,82
02/13/2015,LAF,IN,AGL,CE,Tower without Radar,0,4,32,2,38,0,0,128,2,130,0,4,160,4,168,334,0,334,502
02/14/2015,LAF,IN,AGL,CE,Tower without Radar,1,0,5,0,6,0,0,2,0,2,1,0,7,0,8,0,0,0,8
02/15/2015,LAF,IN,AGL,CE,Tower without Radar,0,4,13,0,17,0,0,101,0,101,0,4,114,0,118,266,0,266,384
02/16/2015,LAF,IN,AGL,CE,Tower without Radar,0,3,34,0,37,0,0,108,0,108,0,3,142,0,145,268,0,268,413
02/17/2015,LAF,IN,AGL,CE,Tower without Radar,0,4,34,1,39,0,0,108,0,108,0,4,142,1,147,426,0,426,573
02/18/2015,LAF,IN,AGL,CE,Tower without Radar,0,2,3,0,5,0,0,8,0,8,0,2,11,0,13,12,0,12,25
02/19/2015,LAF,IN,AGL,CE,Tower without Radar,0,2,27,0,29,0,0,113,0,113,0,2,140,0,142,218,0,218,360
02/20/2015,LAF,IN,AGL,CE,Tower without Radar,1,1,23,2,27,0,0,64,0,64,1,1,87,2,91,140,0,140,231
02/21/2015,LAF,IN,AGL,CE,Tower without Radar,0,0,5,0,5,0,0,21,0,21,0,0,26,0,26,102,0,102,128
02/22/2015,LAF,IN,AGL,CE,Tower without Radar,0,0,1,0,1,0,0,37,0,37,0,0,38,0,38,168,0,168,206
02/23/2015,LAF,IN,AGL,CE,Tower without Radar,0,2,32,0,34,0,0,101,0,101,0,2,133,0,135,260,0,260,395
02/24/2015,LAF,IN,AGL,CE,Tower without Radar,0,5,21,0,26,0,0,68,0,68,0,5,89,0,94,230,0,230,324
02/25/2015,LAF,IN,AGL,CE,Tower without Radar,0,4,38,0,42,0,0,157,0,157,0,4,195,0,199,356,0,356,555
02/26/2015,LAF,IN,AGL,CE,Tower without Radar,0,3,16,0,19,0,0,16,0,16,0,3,32,0,35,14,0,14,49
02/27/2015,LAF,IN,AGL,CE,Tower without Radar,2,2,36,0,40,0,0,152,0,152,2,2,188,0,192,316,0,316,508
02/28/2015,LAF,IN,AGL,CE,Tower without Radar,2,3,33,0,38,0,0,132,0,132,2,3,165,0,170,300,0,300,470
03/01/2015,LAF,IN,AGL,CE,Tower without Radar,0,0,0,0,0,0,0,0,0,0,0,0,0,0,0,0,0,0,0
03/02/2015,LAF,IN,AGL,CE,Tower without Radar,0,0,40,0,40,0,0,134,0,134,0,0,174,0,174,312,0,312,486
03/03/2015,LAF,IN,AGL,CE,Tower without Radar,2,0,3,0,5,0,0,0,0,0,2,0,3,0,5,0,0,0,5
03/04/2015,LAF,IN,AGL,CE,Tower without Radar,0,0,20,0,20,0,0,60,0,60,0,0,80,0,80,206,0,206,286
03/05/2015,LAF,IN,AGL,CE,Tower without Radar,0,0,33,0,33,0,0,152,0,152,0,0,185,0,185,514,0,514,699
03/06/2015,LAF,IN,AGL,CE,Tower without Radar,0,0,31,2,33,0,0,80,0,80,0,0,111,2,113,232,0,232,345
03/07/2015,LAF,IN,AGL,CE,Tower without Radar,0,2,27,0,29,0,0,103,0,103,0,2,130,0,132,390,0,390,522
03/08/2015,LAF,IN,AGL,CE,Tower without Radar,0,0,8,0,8,0,0,67,0,67,0,0,75,0,75,210,0,210,285
03/09/2015,LAF,IN,AGL,CE,Tower without Radar,0,7,28,0,35,0,0,131,0,131,0,7,159,0,166,326,0,326,492
03/10/2015,LAF,IN,AGL,CE,Tower without Radar,0,0,23,0,23,0,0,0,0,0,0,0,23,0,23,0,0,0,23
03/11/2015,LAF,IN,AGL,CE,Tower without Radar,0,0,27,0,27,0,0,77,0,77,0,0,104,0,104,260,0,260,364
03/12/2015,LAF,IN,AGL,CE,Tower without Radar,0,5,36,0,41,0,0,148,0,148,0,5,184,0,189,438,0,438,627
03/13/2015,LAF,IN,AGL,CE,Tower without Radar,0,1,12,0,13,0,0,8,0,8,0,1,20,0,21,20,0,20,41
03/14/2015,LAF,IN,AGL,CE,Tower without Radar,0,0,10,0,10,0,0,45,0,45,0,0,55,0,55,54,0,54,109
03/15/2015,LAF,IN,AGL,CE,Tower without Radar,0,0,6,0,6,0,0,55,0,55,0,0,61,0,61,100,0,100,161
03/16/2015,LAF,IN,AGL,CE,Tower without Radar,0,1,14,0,15,0,0,33,0,33,0,1,47,0,48,162,0,162,210
03/17/2015,LAF,IN,AGL,CE,Tower without Radar,0,0,13,0,13,0,0,5,0,5,0,0,18,0,18,4,0,4,22
03/18/2015,LAF,IN,AGL,CE,Tower without Radar,0,0,20,0,20,0,0,54,0,54,0,0,74,0,74,184,0,184,258
03/19/2015,LAF,IN,AGL,CE,Tower without Radar,0,4,17,0,21,0,0,61,0,61,0,4,78,0,82,124,0,124,206
03/20/2015,LAF,IN,AGL,CE,Tower without Radar,0,0,6,0,6,0,0,4,0,4,0,0,10,0,10,50,0,50,60
03/21/2015,LAF,IN,AGL,CE,Tower without Radar,0,2,10,0,12,0,0,54,0,54,0,2,64,0,66,88,0,88,154
03/22/2015,LAF,IN,AGL,CE,Tower without Radar,0,0,18,0,18,0,0,85,0,85,0,0,103,0,103,142,0,142,245
03/23/2015,LAF,IN,AGL,CE,Tower without Radar,0,0,9,0,9,0,0,25,0,25,0,0,34,0,34,140,0,140,174
03/24/2015,LAF,IN,AGL,CE,Tower without Radar,0,0,37,0,37,0,0,123,0,123,0,0,160,0,160,520,2,522,682
03/25/2015,LAF,IN,AGL,CE,Tower without Radar,0,0,16,0,16,0,0,7,0,7,0,0,23,0,23,52,0,52,75
03/26/2015,LAF,IN,AGL,CE,Tower without Radar,0,0,12,0,12,0,0,49,0,49,0,0,61,0,61,158,0,158,219
03/27/2015,LAF,IN,AGL,CE,Tower without Radar,0,0,4,0,4,0,0,47,0,47,0,0,51,0,51,86,0,86,137
03/28/2015,LAF,IN,AGL,CE,Tower without Radar,0,0,19,0,19,0,0,166,0,166,0,0,185,0,185,394,0,394,579
03/29/2015,LAF,IN,AGL,CE,Tower without Radar,0,0,5,0,5,0,0,27,0,27,0,0,32,0,32,44,0,44,76
03/30/2015,LAF,IN,AGL,CE,Tower without Radar,0,0,34,0,34,0,0,143,0,143,0,0,177,0,177,296,0,296,473
03/31/2015,LAF,IN,AGL,CE,Tower without Radar,0,0,27,0,27,0,0,85,0,85,0,0,112,0,112,140,0,140,252
04/01/2015,LAF,IN,AGL,CE,Tower without Radar,0,3,40,0,43,0,0,161,0,161,0,3,201,0,204,409,0,409,613
04/02/2015,LAF,IN,AGL,CE,Tower without Radar,0,2,18,0,20,0,0,11,0,11,0,2,29,0,31,124,0,124,155
04/03/2015,LAF,IN,AGL,CE,Tower without Radar,0,1,19,0,20,0,0,38,0,38,0,1,57,0,58,116,0,116,174
04/04/2015,LAF,IN,AGL,CE,Tower without Radar,0,0,33,0,33,0,0,145,0,145,0,0,178,0,178,246,0,246,424
04/05/2015,LAF,IN,AGL,CE,Tower without Radar,0,0,10,0,10,0,0,35,0,35,0,0,45,0,45,36,0,36,81
04/06/2015,LAF,IN,AGL,CE,Tower without Radar,0,4,37,0,41,0,0,95,0,95,0,4,132,0,136,296,0,296,432
04/07/2015,LAF,IN,AGL,CE,Tower without Radar,0,0,7,0,7,0,0,1,0,1,0,0,8,0,8,10,0,10,18
04/08/2015,LAF,IN,AGL,CE,Tower without Radar,0,0,18,0,18,0,0,42,0,42,0,0,60,0,60,196,0,196,256
04/09/2015,LAF,IN,AGL,CE,Tower without Radar,0,2,14,0,16,0,0,16,0,16,0,2,30,0,32,28,0,28,60
04/10/2015,LAF,IN,AGL,CE,Tower without Radar,0,0,18,0,18,0,0,49,0,49,0,0,67,0,67,48,0,48,115
04/11/2015,LAF,IN,AGL,CE,Tower without Radar,0,0,22,0,22,0,0,173,0,173,0,0,195,0,195,338,0,338,533
04/12/2015,LAF,IN,AGL,CE,Tower without Radar,0,6,3,0,9,0,0,101,0,101,0,6,104,0,110,290,0,290,400
04/13/2015,LAF,IN,AGL,CE,Tower without Radar,0,4,22,0,26,0,0,59,0,59,0,4,81,0,85,168,0,168,253
04/14/2015,LAF,IN,AGL,CE,Tower without Radar,0,1,45,0,46,0,0,190,0,190,0,1,235,0,236,440,0,440,676
04/15/2015,LAF,IN,AGL,CE,Tower without Radar,0,1,17,0,18,0,0,49,0,49,0,1,66,0,67,132,0,132,199
04/16/2015,LAF,IN,AGL,CE,Tower without Radar,0,2,43,2,47,0,0,4,0,4,0,2,47,2,51,68,0,68,119
04/17/2015,LAF,IN,AGL,CE,Tower without Radar,0,0,30,0,30,0,0,142,1,143,0,0,172,1,173,282,0,282,455
04/18/2015,LAF,IN,AGL,CE,Tower without Radar,0,0,20,0,20,0,0,225,0,225,0,0,245,0,245,198,0,198,443
04/19/2015,LAF,IN,AGL,CE,Tower without Radar,0,2,9,0,11,0,0,6,0,6,0,2,15,0,17,16,0,16,33
04/20/2015,LAF,IN,AGL,CE,Tower without Radar,0,1,10,0,11,0,0,7,0,7,0,1,17,0,18,12,0,12,30
04/21/2015,LAF,IN,AGL,CE,Tower without Radar,0,0,25,0,25,0,0,60,0,60,0,0,85,0,85,50,0,50,135
04/22/2015,LAF,IN,AGL,CE,Tower without Radar,0,0,29,0,29,0,0,65,0,65,0,0,94,0,94,164,0,164,258
04/23/2015,LAF,IN,AGL,CE,Tower without Radar,0,2,26,0,28,0,0,99,0,99,0,2,125,0,127,302,0,302,429
04/24/2015,LAF,IN,AGL,CE,Tower without Radar,0,0,27,0,27,0,0,154,0,154,0,0,181,0,181,392,0,392,573
04/25/2015,LAF,IN,AGL,CE,Tower without Radar,0,0,10,2,12,0,0,1,0,1,0,0,11,2,13,0,2,2,15
04/26/2015,LAF,IN,AGL,CE,Tower without Radar,0,0,18,0,18,0,0,130,0,130,0,0,148,0,148,172,0,172,320
04/27/2015,LAF,IN,AGL,CE,Tower without Radar,2,0,17,0,19,0,0,80,0,80,2,0,97,0,99,108,0,108,207
04/28/2015,LAF,IN,AGL,CE,Tower without Radar,0,0,41,0,41,0,0,193,0,193,0,0,234,0,234,557,0,557,791
04/29/2015,LAF,IN,AGL,CE,Tower without Radar,0,0,29,0,29,0,0,158,0,158,0,0,187,0,187,390,0,390,577
04/30/2015,LAF,IN,AGL,CE,Tower without Radar,0,4,30,0,34,0,0,95,0,95,0,4,125,0,129,318,0,318,447
05/01/2015,LAF,IN,AGL,CE,Tower without Radar,0,0,27,0,27,0,0,131,0,131,0,0,158,0,158,430,0,430,588
05/02/2015,LAF,IN,AGL,CE,Tower without Radar,0,2,15,0,17,0,0,107,0,107,0,2,122,0,124,474,0,474,598
05/03/2015,LAF,IN,AGL,CE,Tower without Radar,0,1,2,0,3,0,0,84,0,84,0,1,86,0,87,214,0,214,301
05/04/2015,LAF,IN,AGL,CE,Tower without Radar,0,3,21,0,24,0,0,47,0,47,0,3,68,0,71,142,0,142,213
05/05/2015,LAF,IN,AGL,CE,Tower without Radar,0,0,23,0,23,0,0,108,0,108,0,0,131,0,131,334,0,334,465
05/06/2015,LAF,IN,AGL,CE,Tower without Radar,0,0,21,3,24,0,0,96,0,96,0,0,117,3,120,305,0,305,425
05/07/2015,LAF,IN,AGL,CE,Tower without Radar,0,1,28,0,29,0,1,110,0,111,0,2,138,0,140,286,0,286,426
05/08/2015,LAF,IN,AGL,CE,Tower without Radar,0,2,18,0,20,0,0,91,0,91,0,2,109,0,111,304,0,304,415
05/09/2015,LAF,IN,AGL,CE,Tower without Radar,0,0,9,0,9,0,0,22,0,22,0,0,31,0,31,36,0,36,67
05/10/2015,LAF,IN,AGL,CE,Tower without Radar,0,0,1,1,2,0,0,6,0,6,0,0,7,1,8,12,0,12,20
05/11/2015,LAF,IN,AGL,CE,Tower without Radar,0,0,5,0,5,0,0,8,0,8,0,0,13,0,13,26,0,26,39
05/12/2015,LAF,IN,AGL,CE,Tower without Radar,0,0,25,0,25,0,0,83,0,83,0,0,108,0,108,206,0,206,314
05/13/2015,LAF,IN,AGL,CE,Tower without Radar,0,0,27,0,27,0,1,102,0,103,0,1,129,0,130,290,0,290,420
05/14/2015,LAF,IN,AGL,CE,Tower without Radar,0,0,29,0,29,0,0,88,0,88,0,0,117,0,117,374,0,374,491
05/15/2015,LAF,IN,AGL,CE,Tower without Radar,0,0,16,0,16,0,2,44,0,46,0,2,60,0,62,254,0,254,316
05/16/2015,LAF,IN,AGL,CE,Tower without Radar,0,1,13,0,14,0,0,4,0,4,0,1,17,0,18,0,0,0,18
05/17/2015,LAF,IN,AGL,CE,Tower without Radar,0,1,9,0,10,0,0,2,0,2,0,1,11,0,12,0,0,0,12
05/18/2015,LAF,IN,AGL,CE,Tower without Radar,0,0,18,0,18,0,0,89,0,89,0,0,107,0,107,240,0,240,347
05/19/2015,LAF,IN,AGL,CE,Tower without Radar,0,2,25,0,27,0,0,73,0,73,0,2,98,0,100,272,0,272,372
05/20/2015,LAF,IN,AGL,CE,Tower without Radar,0,0,20,0,20,0,0,47,0,47,0,0,67,0,67,174,0,174,241
05/21/2015,LAF,IN,AGL,CE,Tower without Radar,0,0,18,0,18,0,0,69,0,69,0,0,87,0,87,206,0,206,293
05/22/2015,LAF,IN,AGL,CE,Tower without Radar,0,0,6,0,6,0,0,104,0,104,0,0,110,0,110,156,0,156,266
05/23/2015,LAF,IN,AGL,CE,Tower without Radar,0,0,7,0,7,0,0,80,0,80,0,0,87,0,87,162,0,162,249
05/24/2015,LAF,IN,AGL,CE,Tower without Radar,0,1,3,0,4,0,0,39,0,39,0,1,42,0,43,106,0,106,149
05/25/2015,LAF,IN,AGL,CE,Tower without Radar,0,0,3,0,3,0,0,1,0,1,0,0,4,0,4,0,0,0,4
05/26/2015,LAF,IN,AGL,CE,Tower without Radar,0,0,15,0,15,0,0,7,0,7,0,0,22,0,22,14,0,14,36
05/27/2015,LAF,IN,AGL,CE,Tower without Radar,0,0,9,0,9,0,0,43,0,43,0,0,52,0,52,198,0,198,250
05/28/2015,LAF,IN,AGL,CE,Tower without Radar,0,0,15,0,15,0,0,85,0,85,0,0,100,0,100,272,0,272,372
05/29/2015,LAF,IN,AGL,CE,Tower without Radar,0,1,19,0,20,0,0,66,0,66,0,1,85,0,86,302,0,302,388
05/30/2015,LAF,IN,AGL,CE,Tower without Radar,0,0,6,0,6,0,0,3,0,3,0,0,9,0,9,0,0,0,9
05/31/2015,LAF,IN,AGL,CE,Tower without Radar,0,0,11,0,11,0,0,3,0,3,0,0,14,0,14,0,0,0,14
06/01/2015,LAF,IN,AGL,CE,Tower without Radar,0,0,12,0,12,0,0,33,0,33,0,0,45,0,45,172,0,172,217
06/02/2015,LAF,IN,AGL,CE,Tower without Radar,0,0,20,0,20,0,0,110,0,110,0,0,130,0,130,374,0,374,504
06/03/2015,LAF,IN,AGL,CE,Tower without Radar,0,4,18,0,22,0,0,78,0,78,0,4,96,0,100,272,0,272,372
06/04/2015,LAF,IN,AGL,CE,Tower without Radar,0,2,25,0,27,0,0,85,0,85,0,2,110,0,112,241,0,241,353
06/05/2015,LAF,IN,AGL,CE,Tower without Radar,0,2,23,0,25,0,1,50,0,51,0,3,73,0,76,120,0,120,196
06/06/2015,LAF,IN,AGL,CE,Tower without Radar,0,2,8,1,11,0,0,46,0,46,0,2,54,1,57,96,4,100,157
06/07/2015,LAF,IN,AGL,CE,Tower without Radar,0,1,2,0,3,0,0,13,0,13,0,1,15,0,16,6,0,6,22
06/08/2015,LAF,IN,AGL,CE,Tower without Radar,0,0,22,0,22,0,0,23,0,23,0,0,45,0,45,62,0,62,107
06/09/2015,LAF,IN,AGL,CE,Tower without Radar,0,0,27,2,29,0,1,61,1,63,0,1,88,3,92,218,0,218,310
06/10/2015,LAF,IN,AGL,CE,Tower without Radar,0,2,31,0,33,0,0,56,0,56,0,2,87,0,89,168,0,168,257
06/11/2015,LAF,IN,AGL,CE,Tower without Radar,0,0,31,0,31,0,0,90,0,90,0,0,121,0,121,216,0,216,337
06/12/2015,LAF,IN,AGL,CE,Tower without Radar,0,2,17,0,19,0,0,25,0,25,0,2,42,0,44,28,0,28,72
06/13/2015,LAF,IN,AGL,CE,Tower without Radar,0,0,8,0,8,0,0,24,0,24,0,0,32,0,32,94,0,94,126
06/14/2015,LAF,IN,AGL,CE,Tower without Radar,0,2,4,3,9,0,0,24,1,25,0,2,28,4,34,22,0,22,56
06/15/2015,LAF,IN,AGL,CE,Tower without Radar,0,2,17,0,19,0,0,18,0,18,0,2,35,0,37,22,0,22,59
06/16/2015,LAF,IN,AGL,CE,Tower without Radar,0,0,24,2,26,0,0,69,0,69,0,0,93,2,95,215,0,215,310
06/17/2015,LAF,IN,AGL,CE,Tower without Radar,0,1,15,0,16,0,0,1,0,1,0,1,16,0,17,2,0,2,19
06/18/2015,LAF,IN,AGL,CE,Tower without Radar,0,1,13,0,14,0,0,18,0,18,0,1,31,0,32,118,0,118,150
06/19/2015,LAF,IN,AGL,CE,Tower without Radar,0,0,7,0,7,0,0,0,0,0,0,0,7,0,7,0,0,0,7
06/20/2015,LAF,IN,AGL,CE,Tower without Radar,0,0,13,0,13,0,0,27,0,27,0,0,40,0,40,60,0,60,100
06/21/2015,LAF,IN,AGL,CE,Tower without Radar,0,1,12,0,13,0,0,40,0,40,0,1,52,0,53,100,0,100,153
06/22/2015,LAF,IN,AGL,CE,Tower without Radar,0,2,17,0,19,0,0,69,0,69,0,2,86,0,88,172,0,172,260
06/23/2015,LAF,IN,AGL,CE,Tower without Radar,0,1,29,0,30,0,0,102,0,102,0,1,131,0,132,166,0,166,298
06/24/2015,LAF,IN,AGL,CE,Tower without Radar,0,1,33,1,35,0,0,105,0,105,0,1,138,1,140,190,0,190,330
06/25/2015,LAF,IN,AGL,CE,Tower without Radar,0,2,15,0,17,0,0,40,0,40,0,2,55,0,57,66,0,66,123
06/26/2015,LAF,IN,AGL,CE,Tower without Radar,0,2,5,0,7,0,0,0,0,0,0,2,5,0,7,0,0,0,7
06/27/2015,LAF,IN,AGL,CE,Tower without Radar,0,0,11,0,11,0,0,24,0,24,0,0,35,0,35,34,0,34,69
06/28/2015,LAF,IN,AGL,CE,Tower without Radar,0,1,13,0,14,0,0,98,0,98,0,1,111,0,112,192,0,192,304
06/29/2015,LAF,IN,AGL,CE,Tower without Radar,0,0,16,0,16,0,0,14,0,14,0,0,30,0,30,92,0,92,122
06/30/2015,LAF,IN,AGL,CE,Tower without Radar,0,1,32,0,33,0,1,90,0,91,0,2,122,0,124,246,0,246,370
07/01/2015,LAF,IN,AGL,CE,Tower without Radar,0,0,50,0,50,0,0,112,0,112,0,0,162,0,162,290,0,290,452
07/02/2015,LAF,IN,AGL,CE,Tower without Radar,0,1,30,0,31,0,0,78,2,80,0,1,108,2,111,234,0,234,345
07/03/2015,LAF,IN,AGL,CE,Tower without Radar,0,1,10,0,11,0,0,45,0,45,0,1,55,0,56,146,0,146,202
07/04/2015,LAF,IN,AGL,CE,Tower without Radar,0,1,5,0,6,0,0,24,0,24,0,1,29,0,30,34,0,34,64
07/05/2015,LAF,IN,AGL,CE,Tower without Radar,0,0,6,0,6,0,0,31,0,31,0,0,37,0,37,24,0,24,61
07/06/2015,LAF,IN,AGL,CE,Tower without Radar,0,1,26,0,27,0,0,76,0,76,0,1,102,0,103,300,0,300,403
07/07/2015,LAF,IN,AGL,CE,Tower without Radar,0,0,15,0,15,0,0,6,0,6,0,0,21,0,21,38,0,38,59
07/08/2015,LAF,IN,AGL,CE,Tower without Radar,0,0,18,0,18,0,0,6,0,6,0,0,24,0,24,74,0,74,98
07/09/2015,LAF,IN,AGL,CE,Tower without Radar,0,0,17,0,17,0,0,0,0,0,0,0,17,0,17,0,0,0,17
07/10/2015,LAF,IN,AGL,CE,Tower without Radar,0,1,25,0,26,0,0,31,0,31,0,1,56,0,57,110,0,110,167
07/11/2015,LAF,IN,AGL,CE,Tower without Radar,0,0,17,0,17,0,5,51,0,56,0,5,68,0,73,198,0,198,271
07/12/2015,LAF,IN,AGL,CE,Tower without Radar,0,0,12,0,12,0,1,29,0,30,0,1,41,0,42,56,0,56,98
07/13/2015,LAF,IN,AGL,CE,Tower without Radar,0,0,5,0,5,0,3,32,0,35,0,3,37,0,40,122,0,122,162
07/14/2015,LAF,IN,AGL,CE,Tower without Radar,0,0,22,0,22,0,0,73,0,73,0,0,95,0,95,249,0,249,344
07/15/2015,LAF,IN,AGL,CE,Tower without Radar,0,0,17,0,17,0,0,51,0,51,0,0,68,0,68,174,0,174,242
07/16/2015,LAF,IN,AGL,CE,Tower without Radar,0,0,38,0,38,0,7,92,0,99,0,7,130,0,137,282,0,282,419
07/17/2015,LAF,IN,AGL,CE,Tower without Radar,0,0,12,0,12,0,0,43,0,43,0,0,55,0,55,170,0,170,225
07/18/2015,LAF,IN,AGL,CE,Tower without Radar,0,1,11,0,12,0,2,84,0,86,0,3,95,0,98,128,0,128,226
07/19/2015,LAF,IN,AGL,CE,Tower without Radar,0,0,5,0,5,0,1,12,0,13,0,1,17,0,18,44,0,44,62
07/20/2015,LAF,IN,AGL,CE,Tower without Radar,0,0,23,0,23,0,0,52,3,55,0,0,75,3,78,252,0,252,330
07/21/2015,LAF,IN,AGL,CE,Tower without Radar,0,2,20,0,22,0,1,81,0,82,0,3,101,0,104,304,0,304,408
07/22/2015,LAF,IN,AGL,CE,Tower without Radar,0,0,39,0,39,0,1,77,0,78,0,1,116,0,117,190,0,190,307
07/23/2015,LAF,IN,AGL,CE,Tower without Radar,0,2,15,0,17,0,1,75,0,76,0,3,90,0,93,200,0,200,293
07/24/2015,LAF,IN,AGL,CE,Tower without Radar,0,1,10,0,11,0,0,80,2,82,0,1,90,2,93,104,0,104,197
07/25/2015,LAF,IN,AGL,CE,Tower without Radar,0,0,3,0,3,0,2,23,0,25,0,2,26,0,28,46,0,46,74
07/26/2015,LAF,IN,AGL,CE,Tower without Radar,0,0,6,0,6,0,0,25,0,25,0,0,31,0,31,24,0,24,55
07/27/2015,LAF,IN,AGL,CE,Tower without Radar,0,0,15,0,15,0,2,50,0,52,0,2,65,0,67,158,0,158,225
07/28/2015,LAF,IN,AGL,CE,Tower without Radar,0,0,34,0,34,0,2,57,0,59,0,2,91,0,93,146,0,146,239
07/29/2015,LAF,IN,AGL,CE,Tower without Radar,0,0,23,1,24,0,0,35,4,39,0,0,58,5,63,66,0,66,129
07/30/2015,LAF,IN,AGL,CE,Tower without Radar,0,0,20,0,20,0,3,91,0,94,0,3,111,0,114,280,0,280,394
07/31/2015,LAF,IN,AGL,CE,Tower without Radar,0,1,14,0,15,0,1,69,0,70,0,2,83,0,85,166,0,166,251
08/01/2015,LAF,IN,AGL,CE,Tower without Radar,0,1,6,0,7,0,0,62,0,62,0,1,68,0,69,148,0,148,217
08/02/2015,LAF,IN,AGL,CE,Tower without Radar,0,0,10,0,10,0,0,45,0,45,0,0,55,0,55,106,0,106,161
08/03/2015,LAF,IN,AGL,CE,Tower without Radar,0,0,7,0,7,0,4,70,2,76,0,4,77,2,83,246,8,254,337
08/04/2015,LAF,IN,AGL,CE,Tower without Radar,0,0,29,0,29,0,0,87,0,87,0,0,116,0,116,176,0,176,292
08/05/2015,LAF,IN,AGL,CE,Tower without Radar,2,3,17,0,22,0,0,69,2,71,2,3,86,2,93,208,0,208,301
08/06/2015,LAF,IN,AGL,CE,Tower without Radar,0,0,15,0,15,0,0,40,0,40,0,0,55,0,55,108,6,114,169
08/07/2015,LAF,IN,AGL,CE,Tower without Radar,0,0,25,0,25,0,2,73,0,75,0,2,98,0,100,100,0,100,200
08/08/2015,LAF,IN,AGL,CE,Tower without Radar,0,2,9,0,11,0,1,51,0,52,0,3,60,0,63,52,0,52,115
08/09/2015,LAF,IN,AGL,CE,Tower without Radar,0,0,7,0,7,0,0,2,0,2,0,0,9,0,9,0,0,0,9
08/10/2015,LAF,IN,AGL,CE,Tower without Radar,0,0,7,0,7,0,0,11,0,11,0,0,18,0,18,62,0,62,80
08/11/2015,LAF,IN,AGL,CE,Tower without Radar,0,3,24,0,27,0,1,80,0,81,0,4,104,0,108,132,0,132,240
08/12/2015,LAF,IN,AGL,CE,Tower without Radar,0,0,32,0,32,0,0,87,0,87,0,0,119,0,119,282,0,282,401
08/13/2015,LAF,IN,AGL,CE,Tower without Radar,0,1,22,0,23,0,0,97,0,97,0,1,119,0,120,228,0,228,348
08/14/2015,LAF,IN,AGL,CE,Tower without Radar,0,0,28,0,28,0,0,72,0,72,0,0,100,0,100,150,0,150,250
08/15/2015,LAF,IN,AGL,CE,Tower without Radar,0,0,7,0,7,0,0,51,0,51,0,0,58,0,58,70,0,70,128
08/16/2015,LAF,IN,AGL,CE,Tower without Radar,0,0,20,0,20,0,1,75,0,76,0,1,95,0,96,90,0,90,186
08/17/2015,LAF,IN,AGL,CE,Tower without Radar,0,0,8,0,8,0,0,43,0,43,0,0,51,0,51,76,0,76,127
08/18/2015,LAF,IN,AGL,CE,Tower without Radar,0,0,14,0,14,0,0,18,0,18,0,0,32,0,32,16,0,16,48
08/19/2015,LAF,IN,AGL,CE,Tower without Radar,0,2,23,0,25,0,0,62,0,62,0,2,85,0,87,196,0,196,283
08/20/2015,LAF,IN,AGL,CE,Tower without Radar,0,1,16,0,17,0,1,73,0,74,0,2,89,0,91,126,0,126,217
08/21/2015,LAF,IN,AGL,CE,Tower without Radar,0,2,18,0,20,0,0,102,0,102,0,2,120,0,122,188,0,188,310
08/22/2015,LAF,IN,AGL,CE,Tower without Radar,0,0,8,0,8,0,2,75,0,77,0,2,83,0,85,126,0,126,211
08/23/2015,LAF,IN,AGL,CE,Tower without Radar,0,2,5,0,7,0,2,45,0,47,0,4,50,0,54,104,0,104,158
08/24/2015,LAF,IN,AGL,CE,Tower without Radar,0,1,20,0,21,0,0,63,0,63,0,1,83,0,84,114,0,114,198
08/25/2015,LAF,IN,AGL,CE,Tower without Radar,0,3,40,0,43,0,1,57,0,58,0,4,97,0,101,156,0,156,257
08/26/2015,LAF,IN,AGL,CE,Tower without Radar,0,3,17,0,20,0,0,84,0,84,0,3,101,0,104,302,0,302,406
08/27/2015,LAF,IN,AGL,CE,Tower without Radar,0,0,39,0,39,0,0,184,0,184,0,0,223,0,223,386,0,386,609
08/28/2015,LAF,IN,AGL,CE,Tower without Radar,0,0,16,0,16,0,1,139,0,140,0,1,155,0,156,430,0,430,586
08/29/2015,LAF,IN,AGL,CE,Tower without Radar,0,0,5,0,5,0,2,101,0,103,0,2,106,0,108,390,0,390,498
08/30/2015,LAF,IN,AGL,CE,Tower without Radar,0,0,6,0,6,0,0,60,0,60,0,0,66,0,66,252,0,252,318
08/31/2015,LAF,IN,AGL,CE,Tower without Radar,0,0,18,0,18,0,0,126,0,126,0,0,144,0,144,380,0,380,524
09/01/2015,LAF,IN,AGL,CE,Tower without Radar,0,0,13,0,13,0,0,108,0,108,0,0,121,0,121,414,0,414,535
09/02/2015,LAF,IN,AGL,CE,Tower without Radar,0,0,26,0,26,0,0,135,0,135,0,0,161,0,161,418,0,418,579
09/03/2015,LAF,IN,AGL,CE,Tower without Radar,0,2,26,0,28,0,0,149,1,150,0,2,175,1,178,268,0,268,446
09/04/2015,LAF,IN,AGL,CE,Tower without Radar,0,1,18,0,19,0,0,146,0,146,0,1,164,0,165,324,0,324,489
09/05/2015,LAF,IN,AGL,CE,Tower without Radar,2,0,11,0,13,0,0,81,0,81,2,0,92,0,94,178,0,178,272
09/06/2015,LAF,IN,AGL,CE,Tower without Radar,0,0,5,0,5,0,0,109,0,109,0,0,114,0,114,112,0,112,226
09/07/2015,LAF,IN,AGL,CE,Tower without Radar,0,2,11,0,13,0,1,44,0,45,0,3,55,0,58,66,0,66,124
09/08/2015,LAF,IN,AGL,CE,Tower without Radar,0,0,27,0,27,0,1,107,0,108,0,1,134,0,135,148,0,148,283
09/09/2015,LAF,IN,AGL,CE,Tower without Radar,0,2,20,1,23,0,0,98,0,98,0,2,118,1,121,330,0,330,451
09/10/2015,LAF,IN,AGL,CE,Tower without Radar,0,2,40,0,42,0,0,139,0,139,0,2,179,0,181,406,0,406,587
09/11/2015,LAF,IN,AGL,CE,Tower without Radar,0,2,9,0,11,0,1,33,0,34,0,3,42,0,45,130,0,130,175
09/12/2015,LAF,IN,AGL,CE,Tower without Radar,0,2,20,0,22,0,0,99,0,99,0,2,119,0,121,94,0,94,215
09/13/2015,LAF,IN,AGL,CE,Tower without Radar,0,0,11,0,11,0,0,93,0,93,0,0,104,0,104,142,0,142,246
09/14/2015,LAF,IN,AGL,CE,Tower without Radar,0,1,15,0,16,0,0,150,0,150,0,1,165,0,166,318,0,318,484
09/15/2015,LAF,IN,AGL,CE,Tower without Radar,0,0,26,0,26,0,0,136,0,136,0,0,162,0,162,446,0,446,608
09/16/2015,LAF,IN,AGL,CE,Tower without Radar,0,0,23,0,23,0,0,151,0,151,0,0,174,0,174,288,0,288,462
09/17/2015,LAF,IN,AGL,CE,Tower without Radar,0,0,31,0,31,0,2,161,0,163,0,2,192,0,194,416,0,416,610
09/18/2015,LAF,IN,AGL,CE,Tower without Radar,1,3,23,1,28,0,0,151,0,151,1,3,174,1,179,458,0,458,637
09/19/2015,LAF,IN,AGL,CE,Tower without Radar,0,1,33,0,34,0,0,20,2,22,0,1,53,2,56,4,0,4,60
09/20/2015,LAF,IN,AGL,CE,Tower without Radar,0,2,15,0,17,0,0,89,0,89,0,2,104,0,106,172,0,172,278
09/21/2015,LAF,IN,AGL,CE,Tower without Radar,1,0,12,0,13,0,0,140,0,140,1,0,152,0,153,390,0,390,543
09/22/2015,LAF,IN,AGL,CE,Tower without Radar,0,0,21,0,21,0,0,154,0,154,0,0,175,0,175,430,0,430,605
09/23/2015,LAF,IN,AGL,CE,Tower without Radar,0,1,42,0,43,0,0,143,0,143,0,1,185,0,186,354,0,354,540
09/24/2015,LAF,IN,AGL,CE,Tower without Radar,0,3,18,0,21,0,1,53,4,58,0,4,71,4,79,130,0,130,209
09/25/2015,LAF,IN,AGL,CE,Tower without Radar,0,2,12,0,14,0,2,43,0,45,0,4,55,0,59,112,0,112,171
09/26/2015,LAF,IN,AGL,CE,Tower without Radar,0,2,19,0,21,0,2,118,0,120,0,4,137,0,141,162,0,162,303
09/27/2015,LAF,IN,AGL,CE,Tower without Radar,0,0,12,0,12,0,1,62,0,63,0,1,74,0,75,210,0,210,285
09/28/2015,LAF,IN,AGL,CE,Tower without Radar,0,1,30,0,31,0,1,142,0,143,0,2,172,0,174,580,0,580,754
09/29/2015,LAF,IN,AGL,CE,Tower without Radar,0,0,17,0,17,0,0,116,0,116,0,0,133,0,133,380,0,380,513
09/30/2015,LAF,IN,AGL,CE,Tower without Radar,0,2,32,0,34,0,0,117,0,117,0,2,149,0,151,415,0,415,566
10/01/2015,LAF,IN,AGL,CE,Tower without Radar,0,0,26,0,26,0,0,136,0,136,0,0,162,0,162,306,0,306,468
10/02/2015,LAF,IN,AGL,CE,Tower without Radar,0,2,17,0,19,0,0,59,0,59,0,2,76,0,78,66,0,66,144
10/03/2015,LAF,IN,AGL,CE,Tower without Radar,2,0,25,0,27,0,0,43,1,44,2,0,68,1,71,114,6,120,191
10/04/2015,LAF,IN,AGL,CE,Tower without Radar,0,0,15,1,16,0,0,27,0,27,0,0,42,1,43,84,0,84,127
10/05/2015,LAF,IN,AGL,CE,Tower without Radar,0,0,27,6,33,0,3,118,0,121,0,3,145,6,154,232,0,232,386
10/06/2015,LAF,IN,AGL,CE,Tower without Radar,0,0,29,1,30,0,0,45,0,45,0,0,74,1,75,251,0,251,326
10/07/2015,LAF,IN,AGL,CE,Tower without Radar,0,1,17,1,19,0,0,158,0,158,0,1,175,1,177,420,0,420,597
10/08/2015,LAF,IN,AGL,CE,Tower without Radar,0,3,35,0,38,0,0,160,0,160,0,3,195,0,198,466,0,466,664
10/09/2015,LAF,IN,AGL,CE,Tower without Radar,1,2,33,0,36,0,0,69,0,69,1,2,102,0,105,250,0,250,355
10/10/2015,LAF,IN,AGL,CE,Tower without Radar,1,2,19,0,22,0,0,89,0,89,1,2,108,0,111,156,0,156,267
10/11/2015,LAF,IN,AGL,CE,Tower without Radar,0,4,17,0,21,0,1,70,0,71,0,5,87,0,92,140,0,140,232
10/12/2015,LAF,IN,AGL,CE,Tower without Radar,0,2,19,0,21,0,1,45,0,46,0,3,64,0,67,126,0,126,193
10/13/2015,LAF,IN,AGL,CE,Tower without Radar,0,0,16,0,16,0,0,68,0,68,0,0,84,0,84,54,0,54,138
10/14/2015,LAF,IN,AGL,CE,Tower without Radar,0,4,30,0,34,0,0,116,0,116,0,4,146,0,150,300,0,300,450
10/15/2015,LAF,IN,AGL,CE,Tower without Radar,0,2,32,0,34,0,1,119,0,120,0,3,151,0,154,430,0,430,584
10/16/2015,LAF,IN,AGL,CE,Tower without Radar,0,4,47,0,51,0,0,154,0,154,0,4,201,0,205,362,0,362,567
10/17/2015,LAF,IN,AGL,CE,Tower without Radar,0,2,17,0,19,0,1,122,0,123,0,3,139,0,142,168,0,168,310
10/18/2015,LAF,IN,AGL,CE,Tower without Radar,0,1,15,0,16,0,2,100,0,102,0,3,115,0,118,140,0,140,258
10/19/2015,LAF,IN,AGL,CE,Tower without Radar,2,1,12,0,15,0,4,65,0,69,2,5,77,0,84,148,0,148,232
10/20/2015,LAF,IN,AGL,CE,Tower without Radar,1,0,28,0,29,0,0,125,0,125,1,0,153,0,154,340,0,340,494
10/21/2015,LAF,IN,AGL,CE,Tower without Radar,0,1,28,0,29,0,1,130,0,131,0,2,158,0,160,256,0,256,416
10/22/2015,LAF,IN,AGL,CE,Tower without Radar,0,1,29,0,30,0,1,176,0,177,0,2,205,0,207,404,0,404,611
10/23/2015,LAF,IN,AGL,CE,Tower without Radar,0,1,41,0,42,0,0,190,0,190,0,1,231,0,232,392,0,392,624
10/24/2015,LAF,IN,AGL,CE,Tower without Radar,0,0,16,0,16,0,0,20,0,20,0,0,36,0,36,42,0,42,78
10/25/2015,LAF,IN,AGL,CE,Tower without Radar,0,0,5,0,5,0,1,92,0,93,0,1,97,0,98,180,0,180,278
10/26/2015,LAF,IN,AGL,CE,Tower without Radar,0,0,21,0,21,0,1,139,0,140,0,1,160,0,161,334,0,334,495
10/27/2015,LAF,IN,AGL,CE,Tower without Radar,0,0,28,0,28,0,0,0,0,0,0,0,28,0,28,0,0,0,28
10/28/2015,LAF,IN,AGL,CE,Tower without Radar,0,0,39,0,39,0,0,0,0,0,0,0,39,0,39,2,0,2,41
10/29/2015,LAF,IN,AGL,CE,Tower without Radar,0,4,25,0,29,0,0,64,0,64,0,4,89,0,93,184,0,184,277
10/30/2015,LAF,IN,AGL,CE,Tower without Radar,2,1,43,0,46,0,0,146,0,146,2,1,189,0,192,326,0,326,518
10/31/2015,LAF,IN,AGL,CE,Tower without Radar,2,4,22,0,28,0,0,30,0,30,2,4,52,0,58,24,0,24,82
11/01/2015,LAF,IN,AGL,CE,Tower without Radar,0,4,23,0,27,0,2,85,0,87,0,6,108,0,114,164,0,164,278
11/02/2015,LAF,IN,AGL,CE,Tower without Radar,0,2,33,0,35,0,1,147,0,148,0,3,180,0,183,380,0,380,563
11/03/2015,LAF,IN,AGL,CE,Tower without Radar,0,6,37,0,43,0,0,152,0,152,0,6,189,0,195,404,0,404,599
11/04/2015,LAF,IN,AGL,CE,Tower without Radar,0,2,27,0,29,0,0,128,0,128,0,2,155,0,157,392,0,392,549
11/05/2015,LAF,IN,AGL,CE,Tower without Radar,0,6,28,0,34,0,0,82,0,82,0,6,110,0,116,284,0,284,400
11/06/2015,LAF,IN,AGL,CE,Tower without Radar,0,6,40,1,47,0,4,70,0,74,0,10,110,1,121,172,0,172,293
11/07/2015,LAF,IN,AGL,CE,Tower without Radar,0,6,35,0,41,0,1,121,0,122,0,7,156,0,163,40,0,40,203
11/08/2015,LAF,IN,AGL,CE,Tower without Radar,0,2,13,1,16,0,1,89,2,92,0,3,102,3,108,158,6,164,272
11/09/2015,LAF,IN,AGL,CE,Tower without Radar,0,1,22,0,23,0,0,130,0,130,0,1,152,0,153,424,0,424,577
11/10/2015,LAF,IN,AGL,CE,Tower without Radar,0,1,19,0,20,0,0,91,0,91,0,1,110,0,111,254,0,254,365
11/11/2015,LAF,IN,AGL,CE,Tower without Radar,0,0,10,0,10,0,0,69,0,69,0,0,79,0,79,176,0,176,255
11/12/2015,LAF,IN,AGL,CE,Tower without Radar,0,0,6,0,6,0,0,4,2,6,0,0,10,2,12,0,0,0,12
11/13/2015,LAF,IN,AGL,CE,Tower without Radar,0,0,23,0,23,0,0,30,0,30,0,0,53,0,53,2,0,2,55
11/14/2015,LAF,IN,AGL,CE,Tower without Radar,0,0,28,0,28,0,3,153,0,156,0,3,181,0,184,262,0,262,446
11/15/2015,LAF,IN,AGL,CE,Tower without Radar,0,0,19,0,19,0,0,83,0,83,0,0,102,0,102,178,0,178,280
11/16/2015,LAF,IN,AGL,CE,Tower without Radar,0,0,42,0,42,0,1,94,0,95,0,1,136,0,137,202,0,202,339
11/17/2015,LAF,IN,AGL,CE,Tower without Radar,0,0,16,0,16,0,0,10,0,10,0,0,26,0,26,8,0,8,34
11/18/2015,LAF,IN,AGL,CE,Tower without Radar,0,0,12,0,12,0,0,7,0,7,0,0,19,0,19,4,0,4,23
11/19/2015,LAF,IN,AGL,CE,Tower without Radar,2,2,27,0,31,0,0,88,0,88,2,2,115,0,119,194,0,194,313
11/20/2015,LAF,IN,AGL,CE,Tower without Radar,1,2,29,0,32,0,0,126,0,126,1,2,155,0,158,354,0,354,512
11/21/2015,LAF,IN,AGL,CE,Tower without Radar,2,0,0,0,2,0,0,0,0,0,2,0,0,0,2,0,0,0,2
11/22/2015,LAF,IN,AGL,CE,Tower without Radar,0,1,12,0,13,0,3,68,0,71,0,4,80,0,84,90,0,90,174
11/23/2015,LAF,IN,AGL,CE,Tower without Radar,0,4,28,0,32,0,0,131,0,131,0,4,159,0,163,240,2,242,405
11/24/2015,LAF,IN,AGL,CE,Tower without Radar,0,1,24,0,25,0,0,71,0,71,0,1,95,0,96,144,0,144,240
11/25/2015,LAF,IN,AGL,CE,Tower without Radar,0,1,25,1,27,0,0,33,0,33,0,1,58,1,60,44,0,44,104
11/26/2015,LAF,IN,AGL,CE,Tower without Radar,0,0,0,0,0,0,0,6,0,6,0,0,6,0,6,0,0,0,6
11/27/2015,LAF,IN,AGL,CE,Tower without Radar,1,6,6,0,13,0,0,0,0,0,1,6,6,0,13,0,0,0,13
11/28/2015,LAF,IN,AGL,CE,Tower without Radar,1,0,4,0,5,0,0,0,0,0,1,0,4,0,5,0,0,0,5
11/29/2015,LAF,IN,AGL,CE,Tower without Radar,0,4,13,0,17,0,0,45,0,45,0,4,58,0,62,60,0,60,122
11/30/2015,LAF,IN,AGL,CE,Tower without Radar,2,1,16,0,19,0,0,70,0,70,2,1,86,0,89,168,0,168,257
12/01/2015,LAF,IN,AGL,CE,Tower without Radar,0,0,31,0,31,0,0,69,0,69,0,0,100,0,100,166,0,166,266
12/02/2015,LAF,IN,AGL,CE,Tower without Radar,0,3,11,0,14,0,0,5,0,5,0,3,16,0,19,14,0,14,33
12/03/2015,LAF,IN,AGL,CE,Tower without Radar,0,3,24,0,27,0,1,70,0,71,0,4,94,0,98,270,0,270,368
12/04/2015,LAF,IN,AGL,CE,Tower without Radar,0,1,12,0,13,0,0,0,0,0,0,1,12,0,13,0,0,0,13
12/05/2015,LAF,IN,AGL,CE,Tower without Radar,0,0,11,0,11,0,0,36,0,36,0,0,47,0,47,62,0,62,109
12/06/2015,LAF,IN,AGL,CE,Tower without Radar,0,1,22,0,23,0,0,113,0,113,0,1,135,0,136,192,0,192,328
12/07/2015,LAF,IN,AGL,CE,Tower without Radar,0,0,1,0,1,0,0,0,0,0,0,0,1,0,1,0,0,0,1
12/08/2015,LAF,IN,AGL,CE,Tower without Radar,0,0,8,0,8,0,0,75,0,75,0,0,83,0,83,282,0,282,365
12/09/2015,LAF,IN,AGL,CE,Tower without Radar,0,5,19,0,24,0,1,89,0,90,0,6,108,0,114,294,0,294,408
12/10/2015,LAF,IN,AGL,CE,Tower without Radar,0,2,26,0,28,0,0,107,0,107,0,2,133,0,135,188,0,188,323
12/11/2015,LAF,IN,AGL,CE,Tower without Radar,0,4,28,0,32,0,0,107,0,107,0,4,135,0,139,208,0,208,347
12/12/2015,LAF,IN,AGL,CE,Tower without Radar,0,0,20,0,20,0,2,4,0,6,0,2,24,0,26,2,0,2,28
12/13/2015,LAF,IN,AGL,CE,Tower without Radar,0,1,20,0,21,0,1,40,0,41,0,2,60,0,62,90,0,90,152
12/14/2015,LAF,IN,AGL,CE,Tower without Radar,0,0,11,0,11,0,0,11,0,11,0,0,22,0,22,16,0,16,38
12/15/2015,LAF,IN,AGL,CE,Tower without Radar,0,2,24,2,28,0,0,8,0,8,0,2,32,2,36,28,0,28,64
12/16/2015,LAF,IN,AGL,CE,Tower without Radar,0,0,41,0,41,0,0,40,0,40,0,0,81,0,81,82,0,82,163
12/17/2015,LAF,IN,AGL,CE,Tower without Radar,0,5,13,0,18,0,0,45,0,45,0,5,58,0,63,136,0,136,199
12/18/2015,LAF,IN,AGL,CE,Tower without Radar,0,0,24,0,24,0,3,60,0,63,0,3,84,0,87,58,4,62,149
12/19/2015,LAF,IN,AGL,CE,Tower without Radar,0,2,17,0,19,0,0,70,0,70,0,2,87,0,89,98,0,98,187
12/20/2015,LAF,IN,AGL,CE,Tower without Radar,0,2,7,0,9,0,0,19,0,19,0,2,26,0,28,2,0,2,30
12/21/2015,LAF,IN,AGL,CE,Tower without Radar,1,0,10,0,11,0,0,2,0,2,1,0,12,0,13,2,0,2,15
12/22/2015,LAF,IN,AGL,CE,Tower without Radar,0,4,6,0,10,0,0,4,0,4,0,4,10,0,14,4,0,4,18
12/23/2015,LAF,IN,AGL,CE,Tower without Radar,0,1,5,0,6,0,0,0,0,0,0,1,5,0,6,0,0,0,6
12/24/2015,LAF,IN,AGL,CE,Tower without Radar,0,1,8,0,9,0,2,18,0,20,0,3,26,0,29,8,0,8,37
12/25/2015,LAF,IN,AGL,CE,Tower without Radar,0,1,0,0,1,0,1,11,0,12,0,2,11,0,13,2,0,2,15
12/26/2015,LAF,IN,AGL,CE,Tower without Radar,0,3,1,0,4,0,0,0,0,0,0,3,1,0,4,0,0,0,4
12/27/2015,LAF,IN,AGL,CE,Tower without Radar,0,0,1,0,1,0,0,3,0,3,0,0,4,0,4,0,0,0,4
12/28/2015,LAF,IN,AGL,CE,Tower without Radar,0,2,0,0,2,0,0,0,0,0,0,2,0,0,2,0,0,0,2
12/29/2015,LAF,IN,AGL,CE,Tower without Radar,0,1,1,0,2,0,0,1,0,1,0,1,2,0,3,0,0,0,3
12/30/2015,LAF,IN,AGL,CE,Tower without Radar,0,2,3,0,5,0,2,9,0,11,0,4,12,0,16,14,0,14,30
12/31/2015,LAF,IN,AGL,CE,Tower without Radar,0,1,1,0,2,0,0,9,0,9,0,1,10,0,11,4,0,4,15
01/01/2016,LAF,IN,AGL,CE,Tower without Radar,0,3,0,0,3,0,0,7,0,7,0,3,7,0,10,0,0,0,10
01/02/2016,LAF,IN,AGL,CE,Tower without Radar,0,2,8,0,10,0,0,27,0,27,0,2,35,0,37,6,0,6,43
01/03/2016,LAF,IN,AGL,CE,Tower without Radar,0,2,4,0,6,0,2,4,0,6,0,4,8,0,12,0,0,0,12
01/04/2016,LAF,IN,AGL,CE,Tower without Radar,0,0,21,0,21,0,0,29,0,29,0,0,50,0,50,66,0,66,116
01/05/2016,LAF,IN,AGL,CE,Tower without Radar,0,0,23,0,23,0,1,27,0,28,0,1,50,0,51,22,0,22,73
01/06/2016,LAF,IN,AGL,CE,Tower without Radar,0,0,25,0,25,0,1,55,0,56,0,1,80,0,81,128,0,128,209
01/07/2016,LAF,IN,AGL,CE,Tower without Radar,0,1,21,0,22,0,1,44,0,45,0,2,65,0,67,112,0,112,179
01/08/2016,LAF,IN,AGL,CE,Tower without Radar,0,0,3,0,3,0,0,0,0,0,0,0,3,0,3,0,0,0,3
01/09/2016,LAF,IN,AGL,CE,Tower without Radar,0,2,1,0,3,0,0,0,0,0,0,2,1,0,3,0,0,0,3
01/10/2016,LAF,IN,AGL,CE,Tower without Radar,0,0,5,0,5,0,0,0,0,0,0,0,5,0,5,0,0,0,5
01/11/2016,LAF,IN,AGL,CE,Tower without Radar,0,0,13,0,13,0,1,20,0,21,0,1,33,0,34,28,0,28,62
01/12/2016,LAF,IN,AGL,CE,Tower without Radar,0,3,5,0,8,0,1,5,0,6,0,4,10,0,14,0,0,0,14
01/13/2016,LAF,IN,AGL,CE,Tower without Radar,0,1,26,0,27,0,0,55,0,55,0,1,81,0,82,114,0,114,196
01/14/2016,LAF,IN,AGL,CE,Tower without Radar,0,2,27,0,29,0,0,129,0,129,0,2,156,0,158,268,0,268,426
01/15/2016,LAF,IN,AGL,CE,Tower without Radar,0,2,3,0,5,0,1,16,0,17,0,3,19,0,22,122,0,122,144
01/16/2016,LAF,IN,AGL,CE,Tower without Radar,0,0,1,0,1,0,2,37,0,39,0,2,38,0,40,278,0,278,318
01/17/2016,LAF,IN,AGL,CE,Tower without Radar,2,3,2,0,7,0,1,13,0,14,2,4,15,0,21,12,0,12,33
01/18/2016,LAF,IN,AGL,CE,Tower without Radar,0,2,16,0,18,0,0,73,0,73,0,2,89,0,91,200,0,200,291
01/19/2016,LAF,IN,AGL,CE,Tower without Radar,0,4,25,0,29,0,0,143,0,143,0,4,168,0,172,266,0,266,438
01/20/2016,LAF,IN,AGL,CE,Tower without Radar,0,1,13,0,14,0,1,44,0,45,0,2,57,0,59,48,0,48,107
01/21/2016,LAF,IN,AGL,CE,Tower without Radar,0,0,25,0,25,0,0,145,0,145,0,0,170,0,170,298,0,298,468
01/22/2016,LAF,IN,AGL,CE,Tower without Radar,0,0,30,0,30,0,0,74,0,74,0,0,104,0,104,218,0,218,322
01/23/2016,LAF,IN,AGL,CE,Tower without Radar,0,2,25,0,27,0,0,176,0,176,0,2,201,0,203,404,0,404,607
01/24/2016,LAF,IN,AGL,CE,Tower without Radar,1,3,17,0,21,0,1,102,0,103,1,4,119,0,124,146,0,146,270
01/25/2016,LAF,IN,AGL,CE,Tower without Radar,1,4,9,0,14,0,0,49,0,49,1,4,58,0,63,122,0,122,185
01/26/2016,LAF,IN,AGL,CE,Tower without Radar,4,0,8,0,12,0,0,9,0,9,4,0,17,0,21,84,0,84,105
01/27/2016,LAF,IN,AGL,CE,Tower without Radar,0,1,35,0,36,0,0,84,0,84,0,1,119,0,120,260,0,260,380
01/28/2016,LAF,IN,AGL,CE,Tower without Radar,1,0,26,0,27,0,0,121,0,121,1,0,147,0,148,318,0,318,466
01/29/2016,LAF,IN,AGL,CE,Tower without Radar,2,2,21,0,25,0,1,160,0,161,2,3,181,0,186,372,0,372,558
01/30/2016,LAF,IN,AGL,CE,Tower without Radar,0,3,19,0,22,0,1,132,0,133,0,4,151,0,155,352,0,352,507
01/31/2016,LAF,IN,AGL,CE,Tower without Radar,0,0,5,0,5,0,0,25,0,25,0,0,30,0,30,66,0,66,96
02/01/2016,LAF,IN,AGL,CE,Tower without Radar,2,0,19,0,21,0,0,77,0,77,2,0,96,0,98,176,0,176,274
02/02/2016,LAF,IN,AGL,CE,Tower without Radar,0,0,17,0,17,0,0,30,0,30,0,0,47,0,47,28,0,28,75
02/03/2016,LAF,IN,AGL,CE,Tower without Radar,0,0,17,0,17,0,0,44,0,44,0,0,61,0,61,92,0,92,153
02/04/2016,LAF,IN,AGL,CE,Tower without Radar,0,0,28,0,28,0,1,90,0,91,0,1,118,0,119,216,0,216,335
02/05/2016,LAF,IN,AGL,CE,Tower without Radar,0,0,18,0,18,0,0,80,0,80,0,0,98,0,98,366,0,366,464
02/06/2016,LAF,IN,AGL,CE,Tower without Radar,0,1,31,0,32,0,0,158,2,160,0,1,189,2,192,279,0,279,471
02/07/2016,LAF,IN,AGL,CE,Tower without Radar,0,1,9,0,10,0,0,33,0,33,0,1,42,0,43,122,0,122,165
02/08/2016,LAF,IN,AGL,CE,Tower without Radar,0,0,6,0,6,0,0,7,0,7,0,0,13,0,13,20,0,20,33
02/09/2016,LAF,IN,AGL,CE,Tower without Radar,0,1,6,0,7,0,0,1,0,1,0,1,7,0,8,0,0,0,8
02/10/2016,LAF,IN,AGL,CE,Tower without Radar,0,2,33,0,35,0,0,123,0,123,0,2,156,0,158,322,0,322,480
02/11/2016,LAF,IN,AGL,CE,Tower without Radar,0,0,33,0,33,0,0,142,0,142,0,0,175,0,175,381,0,381,556
02/12/2016,LAF,IN,AGL,CE,Tower without Radar,3,2,15,0,20,0,0,35,0,35,3,2,50,0,55,158,0,158,213
02/13/2016,LAF,IN,AGL,CE,Tower without Radar,4,0,36,0,40,0,0,132,0,132,4,0,168,0,172,190,0,190,362
02/14/2016,LAF,IN,AGL,CE,Tower without Radar,2,0,1,0,3,0,0,1,0,1,2,0,2,0,4,28,0,28,32
02/15/2016,LAF,IN,AGL,CE,Tower without Radar,0,2,5,0,7,0,0,1,0,1,0,2,6,0,8,0,0,0,8
02/16/2016,LAF,IN,AGL,CE,Tower without Radar,0,2,10,2,14,0,0,4,0,4,0,2,14,2,18,10,0,10,28
02/17/2016,LAF,IN,AGL,CE,Tower without Radar,0,4,43,1,48,0,0,106,0,106,0,4,149,1,154,260,0,260,414
02/18/2016,LAF,IN,AGL,CE,Tower without Radar,0,2,44,0,46,0,0,137,0,137,0,2,181,0,183,310,0,310,493
02/19/2016,LAF,IN,AGL,CE,Tower without Radar,0,0,3,0,3,0,0,1,0,1,0,0,4,0,4,0,0,0,4
02/20/2016,LAF,IN,AGL,CE,Tower without Radar,0,2,18,0,20,0,2,142,0,144,0,4,160,0,164,326,0,326,490
02/21/2016,LAF,IN,AGL,CE,Tower without Radar,0,2,14,0,16,0,0,58,0,58,0,2,72,0,74,146,0,146,220
02/22/2016,LAF,IN,AGL,CE,Tower without Radar,0,0,22,0,22,0,0,114,0,114,0,0,136,0,136,316,0,316,452
02/23/2016,LAF,IN,AGL,CE,Tower without Radar,0,1,28,0,29,0,0,125,0,125,0,1,153,0,154,426,0,426,580
02/24/2016,LAF,IN,AGL,CE,Tower without Radar,0,0,0,0,0,0,0,0,0,0,0,0,0,0,0,0,0,0,0
02/25/2016,LAF,IN,AGL,CE,Tower without Radar,2,1,4,0,7,0,0,11,0,11,2,1,15,0,18,34,0,34,52
02/26/2016,LAF,IN,AGL,CE,Tower without Radar,1,0,20,0,21,0,0,115,0,115,1,0,135,0,136,282,0,282,418
02/27/2016,LAF,IN,AGL,CE,Tower without Radar,1,8,50,0,59,0,1,156,0,157,1,9,206,0,216,210,0,210,426
02/28/2016,LAF,IN,AGL,CE,Tower without Radar,0,3,3,0,6,0,1,11,0,12,0,4,14,0,18,2,0,2,20
02/29/2016,LAF,IN,AGL,CE,Tower without Radar,1,0,20,0,21,0,2,112,0,114,1,2,132,0,135,400,0,400,535
03/01/2016,LAF,IN,AGL,CE,Tower without Radar,0,0,28,0,28,0,0,45,0,45,0,0,73,0,73,146,0,146,219
03/02/2016,LAF,IN,AGL,CE,Tower without Radar,1,0,41,0,42,0,0,160,0,160,1,0,201,0,202,356,0,356,558
03/03/2016,LAF,IN,AGL,CE,Tower without Radar,0,0,17,0,17,0,0,11,0,11,0,0,28,0,28,18,0,18,46
03/04/2016,LAF,IN,AGL,CE,Tower without Radar,0,0,12,0,12,0,2,142,0,144,0,2,154,0,156,386,0,386,542
03/05/2016,LAF,IN,AGL,CE,Tower without Radar,1,0,6,0,7,0,0,4,0,4,1,0,10,0,11,38,0,38,49
03/06/2016,LAF,IN,AGL,CE,Tower without Radar,0,3,21,0,24,0,0,89,0,89,0,3,110,0,113,228,0,228,341
03/07/2016,LAF,IN,AGL,CE,Tower without Radar,0,1,15,0,16,0,3,108,0,111,0,4,123,0,127,150,0,150,277
03/08/2016,LAF,IN,AGL,CE,Tower without Radar,0,1,36,0,37,0,0,123,0,123,0,1,159,0,160,240,0,240,400
03/09/2016,LAF,IN,AGL,CE,Tower without Radar,0,2,33,0,35,0,0,80,0,80,0,2,113,0,115,208,0,208,323
03/10/2016,LAF,IN,AGL,CE,Tower without Radar,0,5,25,0,30,0,0,37,0,37,0,5,62,0,67,142,0,142,209
03/11/2016,LAF,IN,AGL,CE,Tower without Radar,0,0,26,0,26,0,0,137,0,137,0,0,163,0,163,246,0,246,409
03/12/2016,LAF,IN,AGL,CE,Tower without Radar,0,0,5,0,5,0,1,15,0,16,0,1,20,0,21,8,0,8,29
03/13/2016,LAF,IN,AGL,CE,Tower without Radar,0,0,2,0,2,0,0,0,0,0,0,0,2,0,2,0,0,0,2
03/14/2016,LAF,IN,AGL,CE,Tower without Radar,0,2,12,0,14,0,0,3,0,3,0,2,15,0,17,0,0,0,17
03/15/2016,LAF,IN,AGL,CE,Tower without Radar,2,0,15,0,17,0,1,33,0,34,2,1,48,0,51,54,0,54,105
03/16/2016,LAF,IN,AGL,CE,Tower without Radar,0,3,7,0,10,0,0,12,2,14,0,3,19,2,24,0,0,0,24
03/17/2016,LAF,IN,AGL,CE,Tower without Radar,0,1,22,0,23,0,0,31,0,31,0,1,53,0,54,28,0,28,82
03/18/2016,LAF,IN,AGL,CE,Tower without Radar,0,0,5,0,5,0,0,44,0,44,0,0,49,0,49,46,0,46,95
03/19/2016,LAF,IN,AGL,CE,Tower without Radar,0,0,11,0,11,0,4,24,0,28,0,4,35,0,39,30,0,30,69
03/20/2016,LAF,IN,AGL,CE,Tower without Radar,0,0,27,0,27,0,0,45,0,45,0,0,72,0,72,80,0,80,152
03/21/2016,LAF,IN,AGL,CE,Tower without Radar,0,2,30,0,32,0,0,133,0,133,0,2,163,0,165,170,0,170,335
03/22/2016,LAF,IN,AGL,CE,Tower without Radar,0,3,25,0,28,0,0,54,0,54,0,3,79,0,82,90,0,90,172
03/23/2016,LAF,IN,AGL,CE,Tower without Radar,0,5,25,2,32,0,0,128,0,128,0,5,153,2,160,180,0,180,340
03/24/2016,LAF,IN,AGL,CE,Tower without Radar,0,2,7,2,11,0,0,11,0,11,0,2,18,2,22,8,0,8,30
03/25/2016,LAF,IN,AGL,CE,Tower without Radar,0,0,19,0,19,0,0,120,0,120,0,0,139,0,139,302,0,302,441
03/26/2016,LAF,IN,AGL,CE,Tower without Radar,0,4,9,0,13,0,0,195,0,195,0,4,204,0,208,194,0,194,402
03/27/2016,LAF,IN,AGL,CE,Tower without Radar,0,0,5,0,5,0,1,31,0,32,0,1,36,0,37,26,0,26,63
03/28/2016,LAF,IN,AGL,CE,Tower without Radar,0,5,24,0,29,0,1,90,0,91,0,6,114,0,120,230,0,230,350
03/29/2016,LAF,IN,AGL,CE,Tower without Radar,0,6,36,1,43,0,0,158,0,158,0,6,194,1,201,175,0,175,376
03/30/2016,LAF,IN,AGL,CE,Tower without Radar,0,1,38,0,39,0,1,66,0,67,0,2,104,0,106,72,0,72,178
03/31/2016,LAF,IN,AGL,CE,Tower without Radar,0,1,6,0,7,0,2,5,0,7,0,3,11,0,14,0,0,0,14
04/01/2016,LAF,IN,AGL,CE,Tower without Radar,0,0,27,0,27,0,1,83,0,84,0,1,110,0,111,130,0,130,241
04/02/2016,LAF,IN,AGL,CE,Tower without Radar,0,0,9,0,9,0,0,20,0,20,0,0,29,0,29,56,0,56,85
04/03/2016,LAF,IN,AGL,CE,Tower without Radar,0,2,8,0,10,0,0,60,0,60,0,2,68,0,70,106,0,106,176
04/04/2016,LAF,IN,AGL,CE,Tower without Radar,0,1,3,0,4,0,2,23,0,25,0,3,26,0,29,26,0,26,55
04/05/2016,LAF,IN,AGL,CE,Tower without Radar,0,0,57,0,57,0,0,194,0,194,0,0,251,0,251,302,0,302,553
04/06/2016,LAF,IN,AGL,CE,Tower without Radar,0,0,4,0,4,0,0,18,0,18,0,0,22,0,22,22,0,22,44
04/07/2016,LAF,IN,AGL,CE,Tower without Radar,0,2,13,0,15,0,0,25,0,25,0,2,38,0,40,72,0,72,112
04/08/2016,LAF,IN,AGL,CE,Tower without Radar,0,1,18,0,19,0,0,49,0,49,0,1,67,0,68,78,0,78,146
04/09/2016,LAF,IN,AGL,CE,Tower without Radar,0,1,31,0,32,0,0,160,0,160,0,1,191,0,192,174,0,174,366
04/10/2016,LAF,IN,AGL,CE,Tower without Radar,0,0,6,0,6,0,0,14,0,14,0,0,20,0,20,12,0,12,32
04/11/2016,LAF,IN,AGL,CE,Tower without Radar,0,2,40,0,42,0,1,65,0,66,0,3,105,0,108,172,0,172,280
04/12/2016,LAF,IN,AGL,CE,Tower without Radar,0,2,38,3,43,0,0,189,0,189,0,2,227,3,232,246,0,246,478
04/13/2016,LAF,IN,AGL,CE,Tower without Radar,0,0,45,0,45,0,0,202,0,202,0,0,247,0,247,224,0,224,471
04/14/2016,LAF,IN,AGL,CE,Tower without Radar,0,0,55,0,55,0,0,169,0,169,0,0,224,0,224,222,0,222,446
04/15/2016,LAF,IN,AGL,CE,Tower without Radar,4,1,42,0,47,0,1,160,0,161,4,2,202,0,208,258,0,258,466
04/16/2016,LAF,IN,AGL,CE,Tower without Radar,4,1,21,0,26,0,0,197,2,199,4,1,218,2,225,92,0,92,317
04/17/2016,LAF,IN,AGL,CE,Tower without Radar,0,4,28,0,32,0,1,111,0,112,0,5,139,0,144,90,0,90,234
04/18/2016,LAF,IN,AGL,CE,Tower without Radar,0,0,36,0,36,0,0,151,0,151,0,0,187,0,187,254,0,254,441
04/19/2016,LAF,IN,AGL,CE,Tower without Radar,0,0,28,1,29,0,0,131,0,131,0,0,159,1,160,302,0,302,462
04/20/2016,LAF,IN,AGL,CE,Tower without Radar,0,2,41,0,43,0,0,146,0,146,0,2,187,0,189,264,0,264,453
04/21/2016,LAF,IN,AGL,CE,Tower without Radar,0,4,8,0,12,0,0,22,0,22,0,4,30,0,34,20,0,20,54
04/22/2016,LAF,IN,AGL,CE,Tower without Radar,0,1,29,0,30,0,0,24,0,24,0,1,53,0,54,18,0,18,72
04/23/2016,LAF,IN,AGL,CE,Tower without Radar,0,0,21,0,21,0,0,140,0,140,0,0,161,0,161,202,0,202,363
04/24/2016,LAF,IN,AGL,CE,Tower without Radar,0,2,23,0,25,0,1,142,0,143,0,3,165,0,168,160,0,160,328
04/25/2016,LAF,IN,AGL,CE,Tower without Radar,2,2,23,0,27,0,2,114,0,116,2,4,137,0,143,148,0,148,291
04/26/2016,LAF,IN,AGL,CE,Tower without Radar,0,2,37,0,39,0,0,119,0,119,0,2,156,0,158,262,0,262,420
04/27/2016,LAF,IN,AGL,CE,Tower without Radar,2,0,22,0,24,0,0,11,0,11,2,0,33,0,35,66,0,66,101
04/28/2016,LAF,IN,AGL,CE,Tower without Radar,0,4,22,0,26,0,2,29,0,31,0,6,51,0,57,190,0,190,247
04/29/2016,LAF,IN,AGL,CE,Tower without Radar,0,1,19,0,20,0,0,33,0,33,0,1,52,0,53,70,0,70,123
04/30/2016,LAF,IN,AGL,CE,Tower without Radar,0,0,3,0,3,0,0,3,0,3,0,0,6,0,6,0,0,0,6
05/01/2016,LAF,IN,AGL,CE,Tower without Radar,0,0,8,0,8,0,0,12,0,12,0,0,20,0,20,22,0,22,42
05/02/2016,LAF,IN,AGL,CE,Tower without Radar,0,0,26,0,26,0,0,7,0,7,0,0,33,0,33,4,0,4,37
05/03/2016,LAF,IN,AGL,CE,Tower without Radar,0,0,24,0,24,0,2,147,0,149,0,2,171,0,173,188,0,188,361
05/04/2016,LAF,IN,AGL,CE,Tower without Radar,0,0,28,0,28,0,0,32,0,32,0,0,60,0,60,48,0,48,108
05/05/2016,LAF,IN,AGL,CE,Tower without Radar,0,0,25,2,27,0,0,70,3,73,0,0,95,5,100,112,0,112,212
05/06/2016,LAF,IN,AGL,CE,Tower without Radar,0,1,38,0,39,0,2,181,0,183,0,3,219,0,222,308,0,308,530
05/07/2016,LAF,IN,AGL,CE,Tower without Radar,0,0,6,0,6,0,1,38,0,39,0,1,44,0,45,40,0,40,85
05/08/2016,LAF,IN,AGL,CE,Tower without Radar,0,0,7,0,7,0,0,47,0,47,0,0,54,0,54,64,0,64,118
05/09/2016,LAF,IN,AGL,CE,Tower without Radar,0,0,13,0,13,0,1,70,0,71,0,1,83,0,84,156,0,156,240
05/10/2016,LAF,IN,AGL,CE,Tower without Radar,0,0,18,0,18,0,0,27,0,27,0,0,45,0,45,126,0,126,171
05/11/2016,LAF,IN,AGL,CE,Tower without Radar,0,1,30,0,31,0,0,60,0,60,0,1,90,0,91,148,0,148,239
05/12/2016,LAF,IN,AGL,CE,Tower without Radar,0,0,17,0,17,0,0,49,0,49,0,0,66,0,66,114,0,114,180
05/13/2016,LAF,IN,AGL,CE,Tower without Radar,0,2,49,3,54,0,0,157,0,157,0,2,206,3,211,272,0,272,483
05/14/2016,LAF,IN,AGL,CE,Tower without Radar,0,0,3,0,3,0,2,10,0,12,0,2,13,0,15,8,0,8,23
05/15/2016,LAF,IN,AGL,CE,Tower without Radar,0,2,6,0,8,0,0,50,0,50,0,2,56,0,58,92,0,92,150
05/16/2016,LAF,IN,AGL,CE,Tower without Radar,0,0,0,0,0,0,3,1,0,4,0,3,1,0,4,0,0,0,4
05/17/2016,LAF,IN,AGL,CE,Tower without Radar,0,0,0,0,0,0,2,2,0,4,0,2,2,0,4,0,0,0,4
05/18/2016,LAF,IN,AGL,CE,Tower without Radar,0,0,20,0,20,0,0,144,0,144,0,0,164,0,164,202,0,202,366
05/19/2016,LAF,IN,AGL,CE,Tower without Radar,0,0,30,0,30,0,0,144,0,144,0,0,174,0,174,224,0,224,398
05/20/2016,LAF,IN,AGL,CE,Tower without Radar,0,0,21,0,21,0,3,108,0,111,0,3,129,0,132,184,0,184,316
05/21/2016,LAF,IN,AGL,CE,Tower without Radar,0,0,2,0,2,0,2,47,0,49,0,2,49,0,51,66,0,66,117
05/22/2016,LAF,IN,AGL,CE,Tower without Radar,0,0,2,0,2,0,1,49,0,50,0,1,51,0,52,54,0,54,106
05/23/2016,LAF,IN,AGL,CE,Tower without Radar,0,4,24,0,28,0,1,129,0,130,0,5,153,0,158,218,0,218,376
05/24/2016,LAF,IN,AGL,CE,Tower without Radar,0,5,31,0,36,0,1,117,0,118,0,6,148,0,154,120,0,120,274
05/25/2016,LAF,IN,AGL,CE,Tower without Radar,0,5,18,0,23,0,1,80,0,81,0,6,98,0,104,194,0,194,298
05/26/2016,LAF,IN,AGL,CE,Tower without Radar,0,0,9,0,9,0,1,49,0,50,0,1,58,0,59,150,0,150,209
05/27/2016,LAF,IN,AGL,CE,Tower without Radar,0,1,25,0,26,0,2,78,0,80,0,3,103,0,106,124,0,124,230
05/28/2016,LAF,IN,AGL,CE,Tower without Radar,0,0,3,0,3,0,1,21,0,22,0,1,24,0,25,16,0,16,41
05/29/2016,LAF,IN,AGL,CE,Tower without Radar,0,0,3,0,3,0,3,59,0,62,0,3,62,0,65,320,0,320,385
05/30/2016,LAF,IN,AGL,CE,Tower without Radar,0,0,9,0,9,0,1,61,0,62,0,1,70,0,71,220,0,220,291
05/31/2016,LAF,IN,AGL,CE,Tower without Radar,0,0,24,0,24,0,1,85,0,86,0,1,109,0,110,234,0,234,344
06/01/2016,LAF,IN,AGL,CE,Tower without Radar,0,0,17,0,17,0,0,65,0,65,0,0,82,0,82,172,0,172,254
06/02/2016,LAF,IN,AGL,CE,Tower without Radar,0,0,27,0,27,0,0,157,0,157,0,0,184,0,184,268,0,268,452
06/03/2016,LAF,IN,AGL,CE,Tower without Radar,0,0,26,0,26,0,3,151,0,154,0,3,177,0,180,250,0,250,430
06/04/2016,LAF,IN,AGL,CE,Tower without Radar,0,0,0,0,0,0,0,0,0,0,0,0,0,0,0,0,0,0,0
06/05/2016,LAF,IN,AGL,CE,Tower without Radar,0,0,3,0,3,0,1,1,0,2,0,1,4,0,5,0,0,0,5
06/06/2016,LAF,IN,AGL,CE,Tower without Radar,0,0,6,0,6,0,3,55,0,58,0,3,61,0,64,102,0,102,166
06/07/2016,LAF,IN,AGL,CE,Tower without Radar,0,6,23,0,29,0,0,106,0,106,0,6,129,0,135,282,0,282,417
06/08/2016,LAF,IN,AGL,CE,Tower without Radar,0,2,20,0,22,0,2,114,0,116,0,4,134,0,138,232,0,232,370
06/09/2016,LAF,IN,AGL,CE,Tower without Radar,0,0,26,0,26,0,0,110,0,110,0,0,136,0,136,282,0,282,418
06/10/2016,LAF,IN,AGL,CE,Tower without Radar,0,1,26,0,27,0,1,94,4,99,0,2,120,4,126,120,0,120,246
06/11/2016,LAF,IN,AGL,CE,Tower without Radar,0,0,4,0,4,0,1,79,0,80,0,1,83,0,84,74,0,74,158
06/12/2016,LAF,IN,AGL,CE,Tower without Radar,0,1,6,0,7,0,1,75,0,76,0,2,81,0,83,102,0,102,185
06/13/2016,LAF,IN,AGL,CE,Tower without Radar,0,3,21,0,24,0,4,97,0,101,0,7,118,0,125,146,0,146,271
06/14/2016,LAF,IN,AGL,CE,Tower without Radar,0,0,24,0,24,0,3,53,0,56,0,3,77,0,80,206,0,206,286
06/15/2016,LAF,IN,AGL,CE,Tower without Radar,0,2,44,0,46,0,1,82,0,83,0,3,126,0,129,162,0,162,291
06/16/2016,LAF,IN,AGL,CE,Tower without Radar,0,2,39,0,41,0,1,111,2,114,0,3,150,2,155,252,0,252,407
06/17/2016,LAF,IN,AGL,CE,Tower without Radar,0,1,38,0,39,0,2,122,0,124,0,3,160,0,163,206,0,206,369
06/18/2016,LAF,IN,AGL,CE,Tower without Radar,0,0,9,0,9,0,5,86,0,91,0,5,95,0,100,140,0,140,240
06/19/2016,LAF,IN,AGL,CE,Tower without Radar,0,0,7,0,7,0,2,60,0,62,0,2,67,0,69,110,0,110,179
06/20/2016,LAF,IN,AGL,CE,Tower without Radar,0,0,38,0,38,0,1,88,2,91,0,1,126,2,129,94,0,94,223
06/21/2016,LAF,IN,AGL,CE,Tower without Radar,0,1,45,1,47,0,0,125,0,125,0,1,170,1,172,296,0,296,468
06/22/2016,LAF,IN,AGL,CE,Tower without Radar,0,1,18,0,19,0,0,17,0,17,0,1,35,0,36,54,0,54,90
06/23/2016,LAF,IN,AGL,CE,Tower without Radar,0,0,22,0,22,0,2,100,2,104,0,2,122,2,126,304,0,304,430
06/24/2016,LAF,IN,AGL,CE,Tower without Radar,0,0,44,0,44,0,0,121,0,121,0,0,165,0,165,180,0,180,345
06/25/2016,LAF,IN,AGL,CE,Tower without Radar,0,0,1,0,1,0,1,98,0,99,0,1,99,0,100,196,0,196,296
06/26/2016,LAF,IN,AGL,CE,Tower without Radar,0,2,6,1,9,0,0,29,1,30,0,2,35,2,39,124,0,124,163
06/27/2016,LAF,IN,AGL,CE,Tower without Radar,0,0,41,0,41,0,1,120,0,121,0,1,161,0,162,184,0,184,346
06/28/2016,LAF,IN,AGL,CE,Tower without Radar,0,0,44,0,44,0,2,111,3,116,0,2,155,3,160,220,0,220,380
06/29/2016,LAF,IN,AGL,CE,Tower without Radar,0,1,52,0,53,0,2,142,0,144,0,3,194,0,197,286,0,286,483
06/30/2016,LAF,IN,AGL,CE,Tower without Radar,0,0,48,0,48,0,0,82,0,82,0,0,130,0,130,312,0,312,442
07/01/2016,LAF,IN,AGL,CE,Tower without Radar,0,1,28,0,29,0,2,63,0,65,0,3,91,0,94,126,0,126,220
07/02/2016,LAF,IN,AGL,CE,Tower without Radar,0,1,11,0,12,0,4,73,0,77,0,5,84,0,89,256,0,256,345
07/03/2016,LAF,IN,AGL,CE,Tower without Radar,0,1,6,0,7,0,0,0,0,0,0,1,6,0,7,0,0,0,7
07/04/2016,LAF,IN,AGL,CE,Tower without Radar,0,0,5,0,5,0,0,1,0,1,0,0,6,0,6,0,0,0,6
07/05/2016,LAF,IN,AGL,CE,Tower without Radar,0,2,44,0,46,0,0,87,0,87,0,2,131,0,133,284,0,284,417
07/06/2016,LAF,IN,AGL,CE,Tower without Radar,0,0,33,0,33,0,1,60,0,61,0,1,93,0,94,146,0,146,240
07/07/2016,LAF,IN,AGL,CE,Tower without Radar,0,0,13,0,13,0,1,31,0,32,0,1,44,0,45,128,0,128,173
07/08/2016,LAF,IN,AGL,CE,Tower without Radar,0,0,37,0,37,0,1,77,0,78,0,1,114,0,115,332,0,332,447
07/09/2016,LAF,IN,AGL,CE,Tower without Radar,0,0,9,0,9,0,3,84,0,87,0,3,93,0,96,160,0,160,256
07/10/2016,LAF,IN,AGL,CE,Tower without Radar,0,0,10,0,10,0,0,87,0,87,0,0,97,0,97,130,0,130,227
07/11/2016,LAF,IN,AGL,CE,Tower without Radar,0,0,29,0,29,0,1,107,0,108,0,1,136,0,137,288,0,288,425
07/12/2016,LAF,IN,AGL,CE,Tower without Radar,0,0,22,0,22,0,2,81,0,83,0,2,103,0,105,234,0,234,339
07/13/2016,LAF,IN,AGL,CE,Tower without Radar,0,0,19,0,19,0,0,8,0,8,0,0,27,0,27,6,0,6,33
07/14/2016,LAF,IN,AGL,CE,Tower without Radar,0,1,31,0,32,0,0,123,0,123,0,1,154,0,155,318,0,318,473
07/15/2016,LAF,IN,AGL,CE,Tower without Radar,0,1,36,2,39,0,2,120,0,122,0,3,156,2,161,296,4,300,461
07/16/2016,LAF,IN,AGL,CE,Tower without Radar,0,0,22,0,22,0,3,97,0,100,0,3,119,0,122,262,0,262,384
07/17/2016,LAF,IN,AGL,CE,Tower without Radar,0,1,3,0,4,0,0,57,0,57,0,1,60,0,61,136,0,136,197
07/18/2016,LAF,IN,AGL,CE,Tower without Radar,0,3,18,0,21,0,1,43,0,44,0,4,61,0,65,148,0,148,213
07/19/2016,LAF,IN,AGL,CE,Tower without Radar,0,0,34,0,34,0,2,72,0,74,0,2,106,0,108,180,0,180,288
07/20/2016,LAF,IN,AGL,CE,Tower without Radar,0,1,32,0,33,0,1,123,0,124,0,2,155,0,157,320,0,320,477
07/21/2016,LAF,IN,AGL,CE,Tower without Radar,0,4,26,0,30,0,0,48,0,48,0,4,74,0,78,149,0,149,227
07/22/2016,LAF,IN,AGL,CE,Tower without Radar,0,3,24,1,28,0,2,79,0,81,0,5,103,1,109,206,0,206,315
07/23/2016,LAF,IN,AGL,CE,Tower without Radar,0,0,17,0,17,0,0,64,0,64,0,0,81,0,81,190,0,190,271
07/24/2016,LAF,IN,AGL,CE,Tower without Radar,0,0,9,0,9,0,2,42,1,45,0,2,51,1,54,104,0,104,158
07/25/2016,LAF,IN,AGL,CE,Tower without Radar,0,0,17,0,17,0,4,76,0,80,0,4,93,0,97,312,0,312,409
07/26/2016,LAF,IN,AGL,CE,Tower without Radar,0,1,28,0,29,0,2,107,1,110,0,3,135,1,139,232,0,232,371
07/27/2016,LAF,IN,AGL,CE,Tower without Radar,0,0,26,1,27,0,0,94,0,94,0,0,120,1,121,256,0,256,377
07/28/2016,LAF,IN,AGL,CE,Tower without Radar,0,0,25,1,26,0,1,49,5,55,0,1,74,6,81,172,0,172,253
07/29/2016,LAF,IN,AGL,CE,Tower without Radar,0,3,14,0,17,0,1,42,0,43,0,4,56,0,60,118,0,118,178
07/30/2016,LAF,IN,AGL,CE,Tower without Radar,0,0,8,0,8,0,0,20,0,20,0,0,28,0,28,28,0,28,56
07/31/2016,LAF,IN,AGL,CE,Tower without Radar,0,0,5,0,5,0,0,28,0,28,0,0,33,0,33,42,0,42,75
08/01/2016,LAF,IN,AGL,CE,Tower without Radar,0,0,38,0,38,0,2,90,0,92,0,2,128,0,130,276,0,276,406
08/02/2016,LAF,IN,AGL,CE,Tower without Radar,0,0,34,0,34,0,3,89,0,92,0,3,123,0,126,200,0,200,326
08/03/2016,LAF,IN,AGL,CE,Tower without Radar,0,0,23,0,23,0,1,80,0,81,0,1,103,0,104,162,0,162,266
08/04/2016,LAF,IN,AGL,CE,Tower without Radar,0,3,27,0,30,0,0,85,0,85,0,3,112,0,115,96,0,96,211
08/05/2016,LAF,IN,AGL,CE,Tower without Radar,0,1,20,0,21,0,1,67,0,68,0,2,87,0,89,168,0,168,257
08/06/2016,LAF,IN,AGL,CE,Tower without Radar,0,0,8,0,8,0,0,53,0,53,0,0,61,0,61,80,0,80,141
08/07/2016,LAF,IN,AGL,CE,Tower without Radar,0,0,2,0,2,0,2,38,0,40,0,2,40,0,42,80,0,80,122
08/08/2016,LAF,IN,AGL,CE,Tower without Radar,0,1,27,0,28,0,2,86,4,92,0,3,113,4,120,122,0,122,242
08/09/2016,LAF,IN,AGL,CE,Tower without Radar,0,0,22,0,22,0,0,102,0,102,0,0,124,0,124,154,0,154,278
08/10/2016,LAF,IN,AGL,CE,Tower without Radar,0,6,28,0,34,0,0,74,0,74,0,6,102,0,108,162,0,162,270
08/11/2016,LAF,IN,AGL,CE,Tower without Radar,0,1,13,0,14,0,0,64,0,64,0,1,77,0,78,234,0,234,312
08/12/2016,LAF,IN,AGL,CE,Tower without Radar,0,0,4,0,4,0,0,23,0,23,0,0,27,0,27,64,0,64,91
08/13/2016,LAF,IN,AGL,CE,Tower without Radar,0,3,0,0,3,0,0,3,0,3,0,3,3,0,6,0,0,0,6
08/14/2016,LAF,IN,AGL,CE,Tower without Radar,0,0,12,0,12,0,0,31,0,31,0,0,43,0,43,48,0,48,91
08/15/2016,LAF,IN,AGL,CE,Tower without Radar,0,4,5,0,9,0,0,1,0,1,0,4,6,0,10,4,0,4,14
08/16/2016,LAF,IN,AGL,CE,Tower without Radar,0,1,17,0,18,0,1,13,0,14,0,2,30,0,32,66,0,66,98
08/17/2016,LAF,IN,AGL,CE,Tower without Radar,0,5,24,0,29,0,0,38,0,38,0,5,62,0,67,132,0,132,199
08/18/2016,LAF,IN,AGL,CE,Tower without Radar,0,1,28,0,29,0,0,70,0,70,0,1,98,0,99,152,0,152,251
08/19/2016,LAF,IN,AGL,CE,Tower without Radar,0,0,19,0,19,0,1,21,0,22,0,1,40,0,41,32,0,32,73
08/20/2016,LAF,IN,AGL,CE,Tower without Radar,0,0,1,0,1,0,0,3,0,3,0,0,4,0,4,0,0,0,4
08/21/2016,LAF,IN,AGL,CE,Tower without Radar,0,0,11,0,11,0,0,78,0,78,0,0,89,0,89,132,0,132,221
08/22/2016,LAF,IN,AGL,CE,Tower without Radar,0,2,7,0,9,0,1,73,2,76,0,3,80,2,85,228,0,228,313
08/23/2016,LAF,IN,AGL,CE,Tower without Radar,0,1,26,0,27,0,1,73,0,74,0,2,99,0,101,158,0,158,259
08/24/2016,LAF,IN,AGL,CE,Tower without Radar,0,1,27,0,28,0,0,34,1,35,0,1,61,1,63,84,0,84,147
08/25/2016,LAF,IN,AGL,CE,Tower without Radar,0,2,42,0,44,0,0,152,1,153,0,2,194,1,197,207,0,207,404
08/26/2016,LAF,IN,AGL,CE,Tower without Radar,0,0,22,0,22,0,0,82,0,82,0,0,104,0,104,182,0,182,286
08/27/2016,LAF,IN,AGL,CE,Tower without Radar,1,0,35,0,36,0,2,105,0,107,1,2,140,0,143,260,0,260,403
08/28/2016,LAF,IN,AGL,CE,Tower without Radar,0,0,9,0,9,0,1,60,0,61,0,1,69,0,70,150,0,150,220
08/29/2016,LAF,IN,AGL,CE,Tower without Radar,0,0,37,0,37,0,2,165,1,168,0,2,202,1,205,354,0,354,559
08/30/2016,LAF,IN,AGL,CE,Tower without Radar,0,3,31,0,34,0,2,109,0,111,0,5,140,0,145,294,0,294,439
08/31/2016,LAF,IN,AGL,CE,Tower without Radar,0,0,37,0,37,0,0,125,0,125,0,0,162,0,162,352,0,352,514
09/01/2016,LAF,IN,AGL,CE,Tower without Radar,0,0,40,0,40,0,1,185,0,186,0,1,225,0,226,337,0,337,563
09/02/2016,LAF,IN,AGL,CE,Tower without Radar,0,3,38,0,41,0,0,206,0,206,0,3,244,0,247,290,0,290,537
09/03/2016,LAF,IN,AGL,CE,Tower without Radar,0,1,12,0,13,0,0,155,0,155,0,1,167,0,168,72,0,72,240
09/04/2016,LAF,IN,AGL,CE,Tower without Radar,0,0,10,0,10,0,3,82,0,85,0,3,92,0,95,168,0,168,263
09/05/2016,LAF,IN,AGL,CE,Tower without Radar,0,0,13,0,13,0,0,62,0,62,0,0,75,0,75,116,0,116,191
09/06/2016,LAF,IN,AGL,CE,Tower without Radar,0,0,29,1,30,0,1,145,0,146,0,1,174,1,176,347,0,347,523
09/07/2016,LAF,IN,AGL,CE,Tower without Radar,0,0,35,0,35,0,1,148,0,149,0,1,183,0,184,370,0,370,554
09/08/2016,LAF,IN,AGL,CE,Tower without Radar,0,0,4,0,4,0,0,35,0,35,0,0,39,0,39,98,0,98,137
09/09/2016,LAF,IN,AGL,CE,Tower without Radar,0,2,20,0,22,0,0,15,0,15,0,2,35,0,37,136,0,136,173
09/10/2016,LAF,IN,AGL,CE,Tower without Radar,0,5,10,0,15,0,1,18,0,19,0,6,28,0,34,28,0,28,62
09/11/2016,LAF,IN,AGL,CE,Tower without Radar,0,1,14,0,15,0,1,162,0,163,0,2,176,0,178,262,0,262,440
09/12/2016,LAF,IN,AGL,CE,Tower without Radar,0,0,37,1,38,0,0,170,0,170,0,0,207,1,208,444,0,444,652
09/13/2016,LAF,IN,AGL,CE,Tower without Radar,0,2,41,2,45,0,0,172,0,172,0,2,213,2,217,300,0,300,517
09/14/2016,LAF,IN,AGL,CE,Tower without Radar,0,0,21,0,21,0,1,49,0,50,0,1,70,0,71,208,0,208,279
09/15/2016,LAF,IN,AGL,CE,Tower without Radar,0,6,48,0,54,0,2,203,0,205,0,8,251,0,259,382,0,382,641
09/16/2016,LAF,IN,AGL,CE,Tower without Radar,0,0,25,0,25,0,2,107,0,109,0,2,132,0,134,288,0,288,422
09/17/2016,LAF,IN,AGL,CE,Tower without Radar,0,0,16,0,16,0,0,27,0,27,0,0,43,0,43,136,0,136,179
09/18/2016,LAF,IN,AGL,CE,Tower without Radar,0,0,21,0,21,0,1,130,0,131,0,1,151,0,152,346,0,346,498
09/19/2016,LAF,IN,AGL,CE,Tower without Radar,0,4,30,0,34,0,1,164,0,165,0,5,194,0,199,418,0,418,617
09/20/2016,LAF,IN,AGL,CE,Tower without Radar,0,2,54,0,56,0,0,152,0,152,0,2,206,0,208,322,0,322,530
09/21/2016,LAF,IN,AGL,CE,Tower without Radar,0,1,24,0,25,0,0,134,0,134,0,1,158,0,159,368,0,368,527
09/22/2016,LAF,IN,AGL,CE,Tower without Radar,1,2,34,0,37,0,0,144,0,144,1,2,178,0,181,436,0,436,617
09/23/2016,LAF,IN,AGL,CE,Tower without Radar,2,6,34,0,42,0,2,166,0,168,2,8,200,0,210,380,0,380,590
09/24/2016,LAF,IN,AGL,CE,Tower without Radar,4,3,20,0,27,0,2,60,0,62,4,5,80,0,89,74,0,74,163
09/25/2016,LAF,IN,AGL,CE,Tower without Radar,0,5,16,0,21,0,0,82,0,82,0,5,98,0,103,158,0,158,261
09/26/2016,LAF,IN,AGL,CE,Tower without Radar,3,0,35,0,38,0,0,157,0,157,3,0,192,0,195,254,0,254,449
09/27/2016,LAF,IN,AGL,CE,Tower without Radar,0,0,36,0,36,0,1,110,4,115,0,1,146,4,151,154,0,154,305
09/28/2016,LAF,IN,AGL,CE,Tower without Radar,0,1,28,2,31,0,0,114,0,114,0,1,142,2,145,418,0,418,563
09/29/2016,LAF,IN,AGL,CE,Tower without Radar,0,2,30,0,32,0,0,62,0,62,0,2,92,0,94,224,0,224,318
09/30/2016,LAF,IN,AGL,CE,Tower without Radar,1,2,11,0,14,0,1,19,0,20,1,3,30,0,34,120,0,120,154
10/01/2016,LAF,IN,AGL,CE,Tower without Radar,0,1,6,0,7,0,0,0,0,0,0,1,6,0,7,0,0,0,7
10/02/2016,LAF,IN,AGL,CE,Tower without Radar,0,0,7,0,7,0,1,17,0,18,0,1,24,0,25,86,0,86,111
10/03/2016,LAF,IN,AGL,CE,Tower without Radar,0,0,4,0,4,0,0,103,0,103,0,0,107,0,107,296,0,296,403
10/04/2016,LAF,IN,AGL,CE,Tower without Radar,0,0,27,0,27,0,0,236,0,236,0,0,263,0,263,405,0,405,668
10/05/2016,LAF,IN,AGL,CE,Tower without Radar,0,0,17,0,17,0,2,132,0,134,0,2,149,0,151,320,0,320,471
10/06/2016,LAF,IN,AGL,CE,Tower without Radar,0,2,40,0,42,0,1,203,0,204,0,3,243,0,246,433,0,433,679
10/07/2016,LAF,IN,AGL,CE,Tower without Radar,0,3,30,0,33,0,0,170,0,170,0,3,200,0,203,280,0,280,483
10/08/2016,LAF,IN,AGL,CE,Tower without Radar,0,0,9,0,9,0,0,109,1,110,0,0,118,1,119,214,0,214,333
10/09/2016,LAF,IN,AGL,CE,Tower without Radar,0,2,5,0,7,0,4,72,0,76,0,6,77,0,83,76,0,76,159
10/10/2016,LAF,IN,AGL,CE,Tower without Radar,0,1,9,0,10,0,0,78,0,78,0,1,87,0,88,156,0,156,244
10/11/2016,LAF,IN,AGL,CE,Tower without Radar,0,0,32,0,32,0,3,149,0,152,0,3,181,0,184,153,0,153,337
10/12/2016,LAF,IN,AGL,CE,Tower without Radar,0,5,12,0,17,0,0,120,0,120,0,5,132,0,137,152,0,152,289
10/13/2016,LAF,IN,AGL,CE,Tower without Radar,0,3,9,1,13,0,1,95,0,96,0,4,104,1,109,262,0,262,371
10/14/2016,LAF,IN,AGL,CE,Tower without Radar,1,3,8,4,16,0,0,65,10,75,1,3,73,14,91,138,0,138,229
10/15/2016,LAF,IN,AGL,CE,Tower without Radar,1,5,28,1,35,0,0,47,1,48,1,5,75,2,83,56,0,56,139
10/16/2016,LAF,IN,AGL,CE,Tower without Radar,0,4,12,5,21,0,0,32,0,32,0,4,44,5,53,52,0,52,105
10/17/2016,LAF,IN,AGL,CE,Tower without Radar,0,1,14,0,15,0,2,123,0,125,0,3,137,0,140,194,0,194,334
10/18/2016,LAF,IN,AGL,CE,Tower without Radar,0,1,21,0,22,0,0,155,0,155,0,1,176,0,177,428,0,428,605
10/19/2016,LAF,IN,AGL,CE,Tower without Radar,0,0,15,0,15,0,2,153,0,155,0,2,168,0,170,312,0,312,482
10/20/2016,LAF,IN,AGL,CE,Tower without Radar,0,1,18,0,19,0,1,16,0,17,0,2,34,0,36,78,0,78,114
10/21/2016,LAF,IN,AGL,CE,Tower without Radar,1,2,14,0,17,0,0,192,4,196,1,2,206,4,213,470,0,470,683
10/22/2016,LAF,IN,AGL,CE,Tower without Radar,0,0,14,0,14,0,0,187,0,187,0,0,201,0,201,358,0,358,559
10/23/2016,LAF,IN,AGL,CE,Tower without Radar,1,0,10,0,11,0,0,104,0,104,1,0,114,0,115,66,0,66,181
10/24/2016,LAF,IN,AGL,CE,Tower without Radar,1,0,8,0,9,0,1,179,0,180,1,1,187,0,189,414,0,414,603
10/25/2016,LAF,IN,AGL,CE,Tower without Radar,0,0,8,0,8,0,0,222,0,222,0,0,230,0,230,437,0,437,667
10/26/2016,LAF,IN,AGL,CE,Tower without Radar,0,0,10,0,10,0,0,136,0,136,0,0,146,0,146,244,0,244,390
10/27/2016,LAF,IN,AGL,CE,Tower without Radar,0,3,15,0,18,0,0,53,0,53,0,3,68,0,71,134,0,134,205
10/28/2016,LAF,IN,AGL,CE,Tower without Radar,2,5,9,0,16,0,2,204,0,206,2,7,213,0,222,444,0,444,666
10/29/2016,LAF,IN,AGL,CE,Tower without Radar,2,1,6,0,9,0,2,130,0,132,2,3,136,0,141,110,0,110,251
10/30/2016,LAF,IN,AGL,CE,Tower without Radar,0,0,13,0,13,0,1,60,0,61,0,1,73,0,74,130,0,130,204
10/31/2016,LAF,IN,AGL,CE,Tower without Radar,0,1,9,0,10,0,5,216,0,221,0,6,225,0,231,436,0,436,667
11/01/2016,LAF,IN,AGL,CE,Tower without Radar,0,2,12,0,14,0,2,160,0,162,0,4,172,0,176,384,0,384,560
11/02/2016,LAF,IN,AGL,CE,Tower without Radar,0,1,12,0,13,0,0,114,0,114,0,1,126,0,127,288,0,288,415
11/03/2016,LAF,IN,AGL,CE,Tower without Radar,0,5,21,0,26,0,1,63,0,64,0,6,84,0,90,174,0,174,264
11/04/2016,LAF,IN,AGL,CE,Tower without Radar,3,3,16,0,22,1,0,137,4,142,4,3,153,4,164,356,0,356,520
11/05/2016,LAF,IN,AGL,CE,Tower without Radar,0,4,9,0,13,0,0,143,0,143,0,4,152,0,156,144,0,144,300
11/06/2016,LAF,IN,AGL,CE,Tower without Radar,2,2,13,0,17,0,2,110,0,112,2,4,123,0,129,174,0,174,303
11/07/2016,LAF,IN,AGL,CE,Tower without Radar,0,3,20,0,23,0,0,159,0,159,0,3,179,0,182,468,0,468,650
11/08/2016,LAF,IN,AGL,CE,Tower without Radar,0,6,14,0,20,0,0,22,0,22,0,6,36,0,42,66,0,66,108
11/09/2016,LAF,IN,AGL,CE,Tower without Radar,0,6,22,0,28,0,0,169,0,169,0,6,191,0,197,420,0,420,617
11/10/2016,LAF,IN,AGL,CE,Tower without Radar,0,3,16,0,19,0,0,158,0,158,0,3,174,0,177,348,0,348,525
11/11/2016,LAF,IN,AGL,CE,Tower without Radar,0,5,17,0,22,0,2,147,0,149,0,7,164,0,171,150,0,150,321
11/12/2016,LAF,IN,AGL,CE,Tower without Radar,0,5,14,0,19,0,1,166,0,167,0,6,180,0,186,134,0,134,320
11/13/2016,LAF,IN,AGL,CE,Tower without Radar,2,3,17,0,22,0,1,141,0,142,2,4,158,0,164,282,0,282,446
11/14/2016,LAF,IN,AGL,CE,Tower without Radar,0,9,1,0,10,0,0,171,0,171,0,9,172,0,181,436,0,436,617
11/15/2016,LAF,IN,AGL,CE,Tower without Radar,0,6,8,0,14,0,2,154,2,158,0,8,162,2,172,408,0,408,580
11/16/2016,LAF,IN,AGL,CE,Tower without Radar,1,2,13,0,16,0,0,119,0,119,1,2,132,0,135,372,0,372,507
11/17/2016,LAF,IN,AGL,CE,Tower without Radar,2,1,7,1,11,0,0,177,0,177,2,1,184,1,188,434,0,434,622
11/18/2016,LAF,IN,AGL,CE,Tower without Radar,1,7,10,0,18,0,0,49,0,49,1,7,59,0,67,114,0,114,181
11/19/2016,LAF,IN,AGL,CE,Tower without Radar,1,0,7,0,8,0,1,4,0,5,1,1,11,0,13,0,0,0,13
11/20/2016,LAF,IN,AGL,CE,Tower without Radar,0,0,10,0,10,0,0,87,0,87,0,0,97,0,97,148,0,148,245
11/21/2016,LAF,IN,AGL,CE,Tower without Radar,0,2,7,0,9,0,1,154,0,155,0,3,161,0,164,324,0,324,488
11/22/2016,LAF,IN,AGL,CE,Tower without Radar,0,5,8,2,15,0,0,142,0,142,0,5,150,2,157,364,0,364,521
11/23/2016,LAF,IN,AGL,CE,Tower without Radar,0,2,6,0,8,0,0,1,0,1,0,2,7,0,9,0,0,0,9
11/24/2016,LAF,IN,AGL,CE,Tower without Radar,0,1,2,0,3,0,0,2,0,2,0,1,4,0,5,0,0,0,5
11/25/2016,LAF,IN,AGL,CE,Tower without Radar,0,1,6,0,7,0,1,4,0,5,0,2,10,0,12,0,0,0,12
11/26/2016,LAF,IN,AGL,CE,Tower without Radar,0,0,4,0,4,0,0,12,0,12,0,0,16,0,16,32,0,32,48
11/27/2016,LAF,IN,AGL,CE,Tower without Radar,0,2,16,0,18,0,0,8,0,8,0,2,24,0,26,0,0,0,26
11/28/2016,LAF,IN,AGL,CE,Tower without Radar,0,2,8,0,10,0,0,2,0,2,0,2,10,0,12,2,0,2,14
11/29/2016,LAF,IN,AGL,CE,Tower without Radar,0,6,18,0,24,0,1,117,0,118,0,7,135,0,142,249,0,249,391
11/30/2016,LAF,IN,AGL,CE,Tower without Radar,0,1,8,0,9,0,1,157,0,158,0,2,165,0,167,435,0,435,602
12/01/2016,LAF,IN,AGL,CE,Tower without Radar,0,2,7,3,12,0,0,56,0,56,0,2,63,3,68,218,0,218,286
12/02/2016,LAF,IN,AGL,CE,Tower without Radar,0,3,16,0,19,0,0,51,0,51,0,3,67,0,70,296,0,296,366
12/03/2016,LAF,IN,AGL,CE,Tower without Radar,0,4,6,0,10,0,1,119,0,120,0,5,125,0,130,342,0,342,472
12/04/2016,LAF,IN,AGL,CE,Tower without Radar,0,4,4,0,8,0,1,9,0,10,0,5,13,0,18,20,0,20,38
12/05/2016,LAF,IN,AGL,CE,Tower without Radar,0,2,11,0,13,0,0,40,0,40,0,2,51,0,53,192,0,192,245
12/06/2016,LAF,IN,AGL,CE,Tower without Radar,0,2,8,0,10,0,0,65,0,65,0,2,73,0,75,168,0,168,243
12/07/2016,LAF,IN,AGL,CE,Tower without Radar,0,5,11,0,16,0,0,160,1,161,0,5,171,1,177,350,0,350,527
12/08/2016,LAF,IN,AGL,CE,Tower without Radar,0,8,8,0,16,0,0,8,4,12,0,8,16,4,28,7,0,7,35
12/09/2016,LAF,IN,AGL,CE,Tower without Radar,0,6,14,0,20,0,0,77,0,77,0,6,91,0,97,208,0,208,305
12/10/2016,LAF,IN,AGL,CE,Tower without Radar,0,5,4,0,9,0,1,112,0,113,0,6,116,0,122,268,0,268,390
12/11/2016,LAF,IN,AGL,CE,Tower without Radar,0,3,1,0,4,0,0,0,0,0,0,3,1,0,4,0,0,0,4
12/12/2016,LAF,IN,AGL,CE,Tower without Radar,0,0,12,0,12,0,0,62,0,62,0,0,74,0,74,210,0,210,284
12/13/2016,LAF,IN,AGL,CE,Tower without Radar,0,1,10,0,11,0,0,48,0,48,0,1,58,0,59,105,0,105,164
12/14/2016,LAF,IN,AGL,CE,Tower without Radar,0,4,21,1,26,0,2,161,10,173,0,6,182,11,199,202,0,202,401
12/15/2016,LAF,IN,AGL,CE,Tower without Radar,0,5,19,0,24,0,0,142,0,142,0,5,161,0,166,264,0,264,430
12/16/2016,LAF,IN,AGL,CE,Tower without Radar,0,1,9,0,10,0,0,93,0,93,0,1,102,0,103,150,0,150,253
12/17/2016,LAF,IN,AGL,CE,Tower without Radar,0,0,0,0,0,0,0,0,0,0,0,0,0,0,0,0,0,0,0
12/18/2016,LAF,IN,AGL,CE,Tower without Radar,0,0,5,0,5,0,1,5,0,6,0,1,10,0,11,10,0,10,21
12/19/2016,LAF,IN,AGL,CE,Tower without Radar,0,2,5,0,7,0,4,59,0,63,0,6,64,0,70,106,0,106,176
12/20/2016,LAF,IN,AGL,CE,Tower without Radar,0,0,14,0,14,0,0,53,0,53,0,0,67,0,67,48,0,48,115
12/21/2016,LAF,IN,AGL,CE,Tower without Radar,0,0,6,0,6,0,1,53,0,54,0,1,59,0,60,76,0,76,136
12/22/2016,LAF,IN,AGL,CE,Tower without Radar,0,1,5,0,6,0,1,40,2,43,0,2,45,2,49,72,0,72,121
12/23/2016,LAF,IN,AGL,CE,Tower without Radar,0,1,9,0,10,0,1,15,0,16,0,2,24,0,26,14,0,14,40
12/24/2016,LAF,IN,AGL,CE,Tower without Radar,0,1,1,0,2,0,0,0,0,0,0,1,1,0,2,0,0,0,2
12/25/2016,LAF,IN,AGL,CE,Tower without Radar,0,1,0,0,1,0,0,0,0,0,0,1,0,0,1,0,0,0,1
12/26/2016,LAF,IN,AGL,CE,Tower without Radar,0,3,5,0,8,0,2,2,0,4,0,5,7,0,12,0,0,0,12
12/27/2016,LAF,IN,AGL,CE,Tower without Radar,1,0,0,0,1,0,1,32,0,33,1,1,32,0,34,20,0,20,54
12/28/2016,LAF,IN,AGL,CE,Tower without Radar,0,0,8,0,8,0,1,53,7,61,0,1,61,7,69,20,0,20,89
12/29/2016,LAF,IN,AGL,CE,Tower without Radar,0,0,2,0,2,0,0,24,0,24,0,0,26,0,26,10,0,10,36
12/30/2016,LAF,IN,AGL,CE,Tower without Radar,0,2,13,0,15,0,1,31,0,32,0,3,44,0,47,34,0,34,81
12/31/2016,LAF,IN,AGL,CE,Tower without Radar,1,2,4,0,7,0,2,7,0,9,1,4,11,0,16,6,0,6,22
01/01/2017,LAF,IN,AGL,CE,Tower without Radar,1,0,1,0,2,0,0,30,0,30,1,0,31,0,32,8,0,8,40
01/02/2017,LAF,IN,AGL,CE,Tower without Radar,0,0,6,0,6,0,0,1,0,1,0,0,7,0,7,0,0,0,7
01/03/2017,LAF,IN,AGL,CE,Tower without Radar,0,4,5,0,9,0,0,0,0,0,0,4,5,0,9,0,0,0,9
01/04/2017,LAF,IN,AGL,CE,Tower without Radar,2,0,8,0,10,0,1,31,0,32,2,1,39,0,42,4,0,4,46
01/05/2017,LAF,IN,AGL,CE,Tower without Radar,0,0,7,0,7,0,0,0,0,0,0,0,7,0,7,0,0,0,7
01/06/2017,LAF,IN,AGL,CE,Tower without Radar,2,1,6,0,9,0,0,24,0,24,2,1,30,0,33,30,0,30,63
01/07/2017,LAF,IN,AGL,CE,Tower without Radar,4,0,11,0,15,0,1,24,0,25,4,1,35,0,40,20,0,20,60
01/08/2017,LAF,IN,AGL,CE,Tower without Radar,0,0,15,0,15,0,1,41,0,42,0,1,56,0,57,34,0,34,91
01/09/2017,LAF,IN,AGL,CE,Tower without Radar,0,1,11,0,12,0,0,92,0,92,0,1,103,0,104,214,0,214,318
01/10/2017,LAF,IN,AGL,CE,Tower without Radar,0,1,11,2,14,0,1,132,0,133,0,2,143,2,147,174,0,174,321
01/11/2017,LAF,IN,AGL,CE,Tower without Radar,2,2,8,0,12,0,0,37,0,37,2,2,45,0,49,58,0,58,107
01/12/2017,LAF,IN,AGL,CE,Tower without Radar,0,2,9,0,11,0,0,2,0,2,0,2,11,0,13,0,0,0,13
01/13/2017,LAF,IN,AGL,CE,Tower without Radar,0,1,11,0,12,0,0,143,0,143,0,1,154,0,155,356,0,356,511
01/14/2017,LAF,IN,AGL,CE,Tower without Radar,2,1,2,0,5,0,0,0,0,0,2,1,2,0,5,0,0,0,5
01/15/2017,LAF,IN,AGL,CE,Tower without Radar,1,3,3,0,7,0,0,63,0,63,1,3,66,0,70,218,0,218,288
01/16/2017,LAF,IN,AGL,CE,Tower without Radar,0,3,4,0,7,0,0,0,0,0,0,3,4,0,7,0,0,0,7
01/17/2017,LAF,IN,AGL,CE,Tower without Radar,0,4,7,0,11,0,0,0,0,0,0,4,7,0,11,0,0,0,11
01/18/2017,LAF,IN,AGL,CE,Tower without Radar,0,0,6,0,6,0,0,3,0,3,0,0,9,0,9,0,0,0,9
01/19/2017,LAF,IN,AGL,CE,Tower without Radar,0,7,20,0,27,0,0,83,0,83,0,7,103,0,110,306,0,306,416
01/20/2017,LAF,IN,AGL,CE,Tower without Radar,2,1,10,0,13,0,0,2,0,2,2,1,12,0,15,26,0,26,41
01/21/2017,LAF,IN,AGL,CE,Tower without Radar,4,2,9,0,15,0,0,179,0,179,4,2,188,0,194,288,0,288,482
01/22/2017,LAF,IN,AGL,CE,Tower without Radar,0,4,4,0,8,0,0,48,0,48,0,4,52,0,56,112,0,112,168
01/23/2017,LAF,IN,AGL,CE,Tower without Radar,2,1,3,0,6,0,0,5,0,5,2,1,8,0,11,22,0,22,33
01/24/2017,LAF,IN,AGL,CE,Tower without Radar,0,2,5,0,7,0,0,81,0,81,0,2,86,0,88,502,0,502,590
01/25/2017,LAF,IN,AGL,CE,Tower without Radar,0,3,12,0,15,0,1,94,2,97,0,4,106,2,112,160,0,160,272
01/26/2017,LAF,IN,AGL,CE,Tower without Radar,0,4,4,0,8,0,1,29,1,31,0,5,33,1,39,88,0,88,127
01/27/2017,LAF,IN,AGL,CE,Tower without Radar,0,0,6,0,6,0,1,36,0,37,0,1,42,0,43,110,0,110,153
01/28/2017,LAF,IN,AGL,CE,Tower without Radar,2,0,5,0,7,0,1,28,0,29,2,1,33,0,36,136,0,136,172
01/29/2017,LAF,IN,AGL,CE,Tower without Radar,0,1,3,0,4,0,2,20,0,22,0,3,23,0,26,80,0,80,106
01/30/2017,LAF,IN,AGL,CE,Tower without Radar,0,6,13,0,19,0,1,165,0,166,0,7,178,0,185,252,0,252,437
01/31/2017,LAF,IN,AGL,CE,Tower without Radar,0,2,4,2,8,0,0,92,0,92,0,2,96,2,100,134,0,134,234
02/01/2017,LAF,IN,AGL,CE,Tower without Radar,0,0,14,0,14,0,0,162,0,162,0,0,176,0,176,245,0,245,421
02/02/2017,LAF,IN,AGL,CE,Tower without Radar,0,3,16,0,19,0,1,133,0,134,0,4,149,0,153,220,0,220,373
02/03/2017,LAF,IN,AGL,CE,Tower without Radar,0,2,7,0,9,0,0,157,0,157,0,2,164,0,166,302,0,302,468
02/04/2017,LAF,IN,AGL,CE,Tower without Radar,2,0,2,0,4,0,3,151,0,154,2,3,153,0,158,256,0,256,414
02/05/2017,LAF,IN,AGL,CE,Tower without Radar,0,0,2,0,2,0,1,115,0,116,0,1,117,0,118,116,0,116,234
02/06/2017,LAF,IN,AGL,CE,Tower without Radar,0,1,18,0,19,0,1,80,0,81,0,2,98,0,100,178,0,178,278
02/07/2017,LAF,IN,AGL,CE,Tower without Radar,0,1,11,0,12,0,0,6,0,6,0,1,17,0,18,10,0,10,28
02/08/2017,LAF,IN,AGL,CE,Tower without Radar,0,1,4,2,7,0,0,11,0,11,0,1,15,2,18,32,0,32,50
02/09/2017,LAF,IN,AGL,CE,Tower without Radar,0,1,11,2,14,0,1,132,0,133,0,2,143,2,147,174,0,174,321
02/10/2017,LAF,IN,AGL,CE,Tower without Radar,1,3,5,0,9,0,0,111,0,111,1,3,116,0,120,170,0,170,290
02/11/2017,LAF,IN,AGL,CE,Tower without Radar,0,2,5,0,7,0,0,170,0,170,0,2,175,0,177,284,0,284,461
02/12/2017,LAF,IN,AGL,CE,Tower without Radar,0,0,12,0,12,0,1,28,0,29,0,1,40,0,41,56,0,56,97
02/13/2017,LAF,IN,AGL,CE,Tower without Radar,1,0,9,0,10,0,0,217,0,217,1,0,226,0,227,374,0,374,601
02/14/2017,LAF,IN,AGL,CE,Tower without Radar,0,7,14,0,21,0,0,175,0,175,0,7,189,0,196,315,0,315,511
02/15/2017,LAF,IN,AGL,CE,Tower without Radar,0,2,6,0,8,0,0,154,1,155,0,2,160,1,163,308,13,321,484
02/16/2017,LAF,IN,AGL,CE,Tower without Radar,0,7,9,0,16,0,1,183,0,184,0,8,192,0,200,230,0,230,430
02/17/2017,LAF,IN,AGL,CE,Tower without Radar,1,6,5,0,12,2,1,191,0,194,3,7,196,0,206,280,0,280,486
02/18/2017,LAF,IN,AGL,CE,Tower without Radar,1,2,5,0,8,0,1,173,0,174,1,3,178,0,182,274,0,274,456
02/19/2017,LAF,IN,AGL,CE,Tower without Radar,1,2,15,0,18,0,1,95,0,96,1,3,110,0,114,162,0,162,276
02/20/2017,LAF,IN,AGL,CE,Tower without Radar,2,1,20,0,23,0,2,161,0,163,2,3,181,0,186,256,0,256,442
02/21/2017,LAF,IN,AGL,CE,Tower without Radar,0,2,15,0,17,0,0,177,0,177,0,2,192,0,194,392,0,392,586
02/22/2017,LAF,IN,AGL,CE,Tower without Radar,0,3,25,2,30,0,0,60,0,60,0,3,85,2,90,142,0,142,232
02/23/2017,LAF,IN,AGL,CE,Tower without Radar,0,4,15,0,19,0,0,83,0,83,0,4,98,0,102,268,0,268,370
02/24/2017,LAF,IN,AGL,CE,Tower without Radar,2,0,10,0,12,0,0,14,2,16,2,0,24,2,28,22,0,22,50
02/25/2017,LAF,IN,AGL,CE,Tower without Radar,2,4,2,0,8,0,2,15,0,17,2,6,17,0,25,16,0,16,41
02/26/2017,LAF,IN,AGL,CE,Tower without Radar,0,0,13,0,13,0,1,88,0,89,0,1,101,0,102,106,0,106,208
02/27/2017,LAF,IN,AGL,CE,Tower without Radar,0,0,10,0,10,0,0,194,0,194,0,0,204,0,204,372,0,372,576
02/28/2017,LAF,IN,AGL,CE,Tower without Radar,0,1,11,0,12,0,0,0,0,0,0,1,11,0,12,0,0,0,12
03/01/2017,LAF,IN,AGL,CE,Tower without Radar,0,3,3,0,6,0,1,4,0,5,0,4,7,0,11,16,0,16,27
03/02/2017,LAF,IN,AGL,CE,Tower without Radar,0,5,5,0,10,0,1,116,0,117,0,6,121,0,127,354,0,354,481
03/03/2017,LAF,IN,AGL,CE,Tower without Radar,0,1,16,0,17,0,0,164,0,164,0,1,180,0,181,306,0,306,487
03/04/2017,LAF,IN,AGL,CE,Tower without Radar,0,1,2,0,3,0,2,140,0,142,0,3,142,0,145,222,0,222,367
03/05/2017,LAF,IN,AGL,CE,Tower without Radar,0,1,12,0,13,0,0,84,0,84,0,1,96,0,97,68,0,68,165
03/06/2017,LAF,IN,AGL,CE,Tower without Radar,0,2,8,0,10,0,0,8,0,8,0,2,16,0,18,34,0,34,52
03/07/2017,LAF,IN,AGL,CE,Tower without Radar,0,0,6,0,6,0,0,98,0,98,0,0,104,0,104,196,0,196,300
03/08/2017,LAF,IN,AGL,CE,Tower without Radar,0,5,10,0,15,0,1,44,0,45,0,6,54,0,60,104,0,104,164
03/09/2017,LAF,IN,AGL,CE,Tower without Radar,2,6,22,1,31,0,1,143,0,144,2,7,165,1,175,344,0,344,519
03/10/2017,LAF,IN,AGL,CE,Tower without Radar,1,3,28,0,32,0,0,98,0,98,1,3,126,0,130,218,0,218,348
03/11/2017,LAF,IN,AGL,CE,Tower without Radar,0,1,12,0,13,0,1,75,0,76,0,2,87,0,89,190,0,190,279
03/12/2017,LAF,IN,AGL,CE,Tower without Radar,0,0,12,0,12,0,1,35,0,36,0,1,47,0,48,28,0,28,76
03/13/2017,LAF,IN,AGL,CE,Tower without Radar,0,0,5,0,5,0,0,0,2,2,0,0,5,2,7,0,0,0,7
03/14/2017,LAF,IN,AGL,CE,Tower without Radar,0,0,10,0,10,0,0,40,0,40,0,0,50,0,50,34,0,34,84
03/15/2017,LAF,IN,AGL,CE,Tower without Radar,0,4,14,0,18,0,0,87,0,87,0,4,101,0,105,138,0,138,243
03/16/2017,LAF,IN,AGL,CE,Tower without Radar,0,4,17,0,21,0,1,82,0,83,0,5,99,0,104,268,0,268,372
03/17/2017,LAF,IN,AGL,CE,Tower without Radar,0,1,3,0,4,0,1,9,0,10,0,2,12,0,14,62,0,62,76
03/18/2017,LAF,IN,AGL,CE,Tower without Radar,0,0,4,0,4,0,1,13,0,14,0,1,17,0,18,32,0,32,50
03/19/2017,LAF,IN,AGL,CE,Tower without Radar,0,2,19,0,21,0,0,64,0,64,0,2,83,0,85,114,0,114,199
03/20/2017,LAF,IN,AGL,CE,Tower without Radar,0,0,9,0,9,0,0,13,0,13,0,0,22,0,22,22,0,22,44
03/21/2017,LAF,IN,AGL,CE,Tower without Radar,1,4,20,0,25,0,0,133,0,133,1,4,153,0,158,214,0,214,372
03/22/2017,LAF,IN,AGL,CE,Tower without Radar,0,1,25,0,26,0,0,232,0,232,0,1,257,0,258,300,0,300,558
03/23/2017,LAF,IN,AGL,CE,Tower without Radar,0,3,17,2,22,0,0,201,1,202,0,3,218,3,224,392,0,392,616
03/24/2017,LAF,IN,AGL,CE,Tower without Radar,2,0,6,0,8,0,3,89,2,94,2,3,95,2,102,148,0,148,250
03/25/2017,LAF,IN,AGL,CE,Tower without Radar,0,0,10,0,10,0,0,75,0,75,0,0,85,0,85,64,0,64,149
03/26/2017,LAF,IN,AGL,CE,Tower without Radar,0,0,3,0,3,0,0,19,0,19,0,0,22,0,22,82,0,82,104
03/27/2017,LAF,IN,AGL,CE,Tower without Radar,0,0,17,0,17,0,0,127,0,127,0,0,144,0,144,324,0,324,468
03/28/2017,LAF,IN,AGL,CE,Tower without Radar,0,0,29,0,29,0,1,29,0,30,0,1,58,0,59,162,0,162,221
03/29/2017,LAF,IN,AGL,CE,Tower without Radar,0,2,14,0,16,0,0,167,0,167,0,2,181,0,183,326,0,326,509
03/30/2017,LAF,IN,AGL,CE,Tower without Radar,0,0,3,0,3,0,1,17,0,18,0,1,20,0,21,40,0,40,61
03/31/2017,LAF,IN,AGL,CE,Tower without Radar,0,4,8,0,12,0,0,0,0,0,0,4,8,0,12,0,0,0,12
04/01/2017,LAF,IN,AGL,CE,Tower without Radar,0,5,21,0,26,0,2,206,0,208,0,7,227,0,234,268,0,268,502
04/02/2017,LAF,IN,AGL,CE,Tower without Radar,0,2,6,0,8,0,3,145,0,148,0,5,151,0,156,216,0,216,372
04/03/2017,LAF,IN,AGL,CE,Tower without Radar,0,2,8,0,10,0,0,29,0,29,0,2,37,0,39,126,0,126,165
04/04/2017,LAF,IN,AGL,CE,Tower without Radar,0,0,13,0,13,0,1,23,0,24,0,1,36,0,37,130,0,130,167
04/05/2017,LAF,IN,AGL,CE,Tower without Radar,0,4,5,0,9,0,0,4,0,4,0,4,9,0,13,10,0,10,23
04/06/2017,LAF,IN,AGL,CE,Tower without Radar,0,1,4,0,5,0,0,1,0,1,0,1,5,0,6,0,0,0,6
04/07/2017,LAF,IN,AGL,CE,Tower without Radar,1,5,12,0,18,0,3,76,0,79,1,8,88,0,97,112,0,112,209
04/08/2017,LAF,IN,AGL,CE,Tower without Radar,0,4,17,0,21,0,2,194,0,196,0,6,211,0,217,400,0,400,617
04/09/2017,LAF,IN,AGL,CE,Tower without Radar,0,0,2,0,2,0,2,50,0,52,0,2,52,0,54,14,0,14,68
04/10/2017,LAF,IN,AGL,CE,Tower without Radar,0,2,7,0,9,0,1,25,0,26,0,3,32,0,35,66,0,66,101
04/11/2017,LAF,IN,AGL,CE,Tower without Radar,0,2,16,0,18,0,1,160,0,161,0,3,176,0,179,584,0,584,763
04/12/2017,LAF,IN,AGL,CE,Tower without Radar,0,5,15,2,22,0,0,175,2,177,0,5,190,4,199,426,0,426,625
04/13/2017,LAF,IN,AGL,CE,Tower without Radar,0,1,16,0,17,0,0,189,0,189,0,1,205,0,206,442,0,442,648
04/14/2017,LAF,IN,AGL,CE,Tower without Radar,0,1,10,0,11,0,1,137,0,138,0,2,147,0,149,322,0,322,471
04/15/2017,LAF,IN,AGL,CE,Tower without Radar,0,0,5,0,5,0,2,87,0,89,0,2,92,0,94,140,0,140,234
04/16/2017,LAF,IN,AGL,CE,Tower without Radar,0,0,6,0,6,0,1,23,0,24,0,1,29,0,30,46,0,46,76
04/17/2017,LAF,IN,AGL,CE,Tower without Radar,0,0,12,0,12,0,2,237,0,239,0,2,249,0,251,364,0,364,615
04/18/2017,LAF,IN,AGL,CE,Tower without Radar,0,3,20,1,24,0,0,165,1,166,0,3,185,2,190,364,0,364,554
04/19/2017,LAF,IN,AGL,CE,Tower without Radar,0,0,10,0,10,0,1,104,0,105,0,1,114,0,115,276,0,276,391
04/20/2017,LAF,IN,AGL,CE,Tower without Radar,0,0,7,0,7,0,0,75,0,75,0,0,82,0,82,142,0,142,224
04/21/2017,LAF,IN,AGL,CE,Tower without Radar,1,7,8,0,16,0,0,142,0,142,1,7,150,0,158,332,0,332,490
04/22/2017,LAF,IN,AGL,CE,Tower without Radar,4,4,10,0,18,0,0,71,0,71,4,4,81,0,89,20,0,20,109
04/23/2017,LAF,IN,AGL,CE,Tower without Radar,0,2,6,0,8,0,7,164,0,171,0,9,170,0,179,270,0,270,449
04/24/2017,LAF,IN,AGL,CE,Tower without Radar,3,0,11,0,14,0,0,146,0,146,3,0,157,0,160,358,0,358,518
04/25/2017,LAF,IN,AGL,CE,Tower without Radar,3,1,13,0,17,0,0,138,0,138,3,1,151,0,155,386,0,386,541
04/26/2017,LAF,IN,AGL,CE,Tower without Radar,0,2,18,0,20,0,1,115,0,116,0,3,133,0,136,226,0,226,362
04/27/2017,LAF,IN,AGL,CE,Tower without Radar,0,1,15,0,16,0,0,21,0,21,0,1,36,0,37,52,0,52,89
04/28/2017,LAF,IN,AGL,CE,Tower without Radar,0,0,6,0,6,0,0,84,0,84,0,0,90,0,90,232,0,232,322
04/29/2017,LAF,IN,AGL,CE,Tower without Radar,0,1,2,0,3,0,0,0,0,0,0,1,2,0,3,0,0,0,3
04/30/2017,LAF,IN,AGL,CE,Tower without Radar,0,0,1,0,1,0,1,2,0,3,0,1,3,0,4,0,0,0,4
05/01/2017,LAF,IN,AGL,CE,Tower without Radar,0,2,3,0,5,0,3,52,0,55,0,5,55,0,60,126,0,126,186
05/02/2017,LAF,IN,AGL,CE,Tower without Radar,0,0,12,0,12,0,0,37,0,37,0,0,49,0,49,36,0,36,85
05/03/2017,LAF,IN,AGL,CE,Tower without Radar,0,7,8,0,15,0,0,183,0,183,0,7,191,0,198,408,0,408,606
05/04/2017,LAF,IN,AGL,CE,Tower without Radar,0,0,8,0,8,0,0,0,0,0,0,0,8,0,8,0,0,0,8
05/05/2017,LAF,IN,AGL,CE,Tower without Radar,0,0,10,0,10,0,2,16,0,18,0,2,26,0,28,6,0,6,34
05/06/2017,LAF,IN,AGL,CE,Tower without Radar,0,2,7,0,9,0,3,61,0,64,0,5,68,0,73,54,0,54,127
05/07/2017,LAF,IN,AGL,CE,Tower without Radar,0,4,15,0,19,0,4,148,0,152,0,8,163,0,171,218,0,218,389
05/08/2017,LAF,IN,AGL,CE,Tower without Radar,0,1,11,0,12,0,1,151,0,152,0,2,162,0,164,400,0,400,564
05/09/2017,LAF,IN,AGL,CE,Tower without Radar,0,2,15,0,17,0,2,19,0,21,0,4,34,0,38,110,0,110,148
05/10/2017,LAF,IN,AGL,CE,Tower without Radar,0,5,13,1,19,0,0,126,0,126,0,5,139,1,145,320,0,320,465
05/11/2017,LAF,IN,AGL,CE,Tower without Radar,0,5,23,0,28,0,0,11,0,11,0,5,34,0,39,148,0,148,187
05/12/2017,LAF,IN,AGL,CE,Tower without Radar,0,4,11,0,15,0,1,116,2,119,0,5,127,2,134,158,0,158,292
05/13/2017,LAF,IN,AGL,CE,Tower without Radar,0,3,12,0,15,0,0,97,0,97,0,3,109,0,112,186,0,186,298
05/14/2017,LAF,IN,AGL,CE,Tower without Radar,0,8,10,0,18,0,1,57,0,58,0,9,67,0,76,58,0,58,134
05/15/2017,LAF,IN,AGL,CE,Tower without Radar,0,3,29,0,32,0,0,104,0,104,0,3,133,0,136,374,0,374,510
05/16/2017,LAF,IN,AGL,CE,Tower without Radar,0,6,15,0,21,0,0,87,0,87,0,6,102,0,108,216,0,216,324
05/17/2017,LAF,IN,AGL,CE,Tower without Radar,0,1,19,0,20,0,0,36,0,36,0,1,55,0,56,56,0,56,112
05/18/2017,LAF,IN,AGL,CE,Tower without Radar,0,0,20,2,22,0,0,74,0,74,0,0,94,2,96,46,0,46,142
05/19/2017,LAF,IN,AGL,CE,Tower without Radar,0,0,4,0,4,0,0,2,0,2,0,0,6,0,6,10,0,10,16
05/20/2017,LAF,IN,AGL,CE,Tower without Radar,0,0,2,0,2,0,0,4,0,4,0,0,6,0,6,26,0,26,32
05/21/2017,LAF,IN,AGL,CE,Tower without Radar,0,0,9,0,9,0,1,54,0,55,0,1,63,0,64,116,0,116,180
05/22/2017,LAF,IN,AGL,CE,Tower without Radar,0,0,16,0,16,0,0,154,0,154,0,0,170,0,170,388,0,388,558
05/23/2017,LAF,IN,AGL,CE,Tower without Radar,0,3,16,0,19,0,0,144,0,144,0,3,160,0,163,406,0,406,569
05/24/2017,LAF,IN,AGL,CE,Tower without Radar,0,0,14,2,16,0,0,6,0,6,0,0,20,2,22,62,0,62,84
05/25/2017,LAF,IN,AGL,CE,Tower without Radar,0,2,9,0,11,0,0,10,0,10,0,2,19,0,21,66,0,66,87
05/26/2017,LAF,IN,AGL,CE,Tower without Radar,0,0,11,0,11,0,0,97,0,97,0,0,108,0,108,278,0,278,386
05/27/2017,LAF,IN,AGL,CE,Tower without Radar,0,0,9,0,9,0,1,26,0,27,0,1,35,0,36,124,0,124,160
05/28/2017,LAF,IN,AGL,CE,Tower without Radar,0,0,0,0,0,0,1,4,0,5,0,1,4,0,5,0,0,0,5
05/29/2017,LAF,IN,AGL,CE,Tower without Radar,0,0,3,0,3,0,1,92,0,93,0,1,95,0,96,138,0,138,234
05/30/2017,LAF,IN,AGL,CE,Tower without Radar,0,0,8,0,8,0,0,140,0,140,0,0,148,0,148,266,0,266,414
05/31/2017,LAF,IN,AGL,CE,Tower without Radar,0,2,18,0,20,0,0,139,0,139,0,2,157,0,159,340,0,340,499
06/01/2017,LAF,IN,AGL,CE,Tower without Radar,0,1,14,1,16,0,0,182,1,183,0,1,196,2,199,464,0,464,663
06/02/2017,LAF,IN,AGL,CE,Tower without Radar,0,1,7,0,8,0,0,121,0,121,0,1,128,0,129,372,0,372,501
06/03/2017,LAF,IN,AGL,CE,Tower without Radar,0,1,13,0,14,0,0,106,2,108,0,1,119,2,122,336,0,336,458
06/04/2017,LAF,IN,AGL,CE,Tower without Radar,0,0,4,0,4,0,1,67,0,68,0,1,71,0,72,198,0,198,270
06/05/2017,LAF,IN,AGL,CE,Tower without Radar,0,4,13,0,17,0,0,138,0,138,0,4,151,0,155,210,0,210,365
06/06/2017,LAF,IN,AGL,CE,Tower without Radar,0,0,12,0,12,0,0,151,3,154,0,0,163,3,166,210,0,210,376
06/07/2017,LAF,IN,AGL,CE,Tower without Radar,0,0,14,0,14,0,0,129,0,129,0,0,143,0,143,162,0,162,305
06/08/2017,LAF,IN,AGL,CE,Tower without Radar,0,1,16,0,17,0,0,155,0,155,0,1,171,0,172,346,0,346,518
06/09/2017,LAF,IN,AGL,CE,Tower without Radar,0,2,12,0,14,0,1,120,0,121,0,3,132,0,135,156,0,156,291
06/10/2017,LAF,IN,AGL,CE,Tower without Radar,0,2,9,0,11,0,2,90,0,92,0,4,99,0,103,146,0,146,249
06/11/2017,LAF,IN,AGL,CE,Tower without Radar,0,4,4,0,8,0,2,67,0,69,0,6,71,0,77,64,0,64,141
06/12/2017,LAF,IN,AGL,CE,Tower without Radar,0,4,15,0,19,0,1,158,0,159,0,5,173,0,178,324,0,324,502
06/13/2017,LAF,IN,AGL,CE,Tower without Radar,0,0,15,0,15,0,0,110,0,110,0,0,125,0,125,172,0,172,297
06/14/2017,LAF,IN,AGL,CE,Tower without Radar,0,0,12,0,12,0,0,110,0,110,0,0,122,0,122,194,0,194,316
06/15/2017,LAF,IN,AGL,CE,Tower without Radar,0,1,11,0,12,0,0,164,0,164,0,1,175,0,176,282,0,282,458
06/16/2017,LAF,IN,AGL,CE,Tower without Radar,0,0,12,0,12,0,2,115,0,117,0,2,127,0,129,244,0,244,373
06/17/2017,LAF,IN,AGL,CE,Tower without Radar,0,0,9,0,9,0,0,81,0,81,0,0,90,0,90,172,0,172,262
06/18/2017,LAF,IN,AGL,CE,Tower without Radar,0,0,6,0,6,0,0,59,0,59,0,0,65,0,65,142,0,142,207
06/19/2017,LAF,IN,AGL,CE,Tower without Radar,0,0,7,0,7,0,1,152,0,153,0,1,159,0,160,414,0,414,574
06/20/2017,LAF,IN,AGL,CE,Tower without Radar,0,0,19,0,19,0,0,159,0,159,0,0,178,0,178,340,0,340,518
06/21/2017,LAF,IN,AGL,CE,Tower without Radar,0,0,35,0,35,0,1,166,3,170,0,1,201,3,205,318,0,318,523
06/22/2017,LAF,IN,AGL,CE,Tower without Radar,0,0,20,0,20,0,0,94,0,94,0,0,114,0,114,196,0,196,310
06/23/2017,LAF,IN,AGL,CE,Tower without Radar,0,0,6,0,6,0,2,32,0,34,0,2,38,0,40,84,0,84,124
06/24/2017,LAF,IN,AGL,CE,Tower without Radar,0,0,10,0,10,0,0,97,0,97,0,0,107,0,107,110,0,110,217
06/25/2017,LAF,IN,AGL,CE,Tower without Radar,0,0,2,0,2,0,1,51,0,52,0,1,53,0,54,60,0,60,114
06/26/2017,LAF,IN,AGL,CE,Tower without Radar,0,0,7,0,7,0,0,97,0,97,0,0,104,0,104,232,0,232,336
06/27/2017,LAF,IN,AGL,CE,Tower without Radar,0,2,17,0,19,0,1,168,0,169,0,3,185,0,188,358,0,358,546
06/28/2017,LAF,IN,AGL,CE,Tower without Radar,0,1,10,0,11,0,2,126,0,128,0,3,136,0,139,284,0,284,423
06/29/2017,LAF,IN,AGL,CE,Tower without Radar,0,0,7,0,7,0,0,36,0,36,0,0,43,0,43,86,0,86,129
06/30/2017,LAF,IN,AGL,CE,Tower without Radar,0,0,12,0,12,0,0,26,0,26,0,0,38,0,38,52,0,52,90
07/01/2017,LAF,IN,AGL,CE,Tower without Radar,0,2,12,0,14,0,7,109,0,116,0,9,121,0,130,280,0,280,410
07/02/2017,LAF,IN,AGL,CE,Tower without Radar,0,0,10,0,10,0,0,72,0,72,0,0,82,0,82,146,0,146,228
07/03/2017,LAF,IN,AGL,CE,Tower without Radar,0,0,0,0,0,2,6,139,0,147,2,6,139,0,147,162,0,162,309
07/04/2017,LAF,IN,AGL,CE,Tower without Radar,0,0,6,0,6,0,0,34,0,34,0,0,40,0,40,130,0,130,170
07/05/2017,LAF,IN,AGL,CE,Tower without Radar,0,4,6,0,10,0,0,109,0,109,0,4,115,0,119,202,0,202,321
07/06/2017,LAF,IN,AGL,CE,Tower without Radar,0,0,16,0,16,0,0,112,0,112,0,0,128,0,128,330,0,330,458
07/07/2017,LAF,IN,AGL,CE,Tower without Radar,0,0,7,0,7,0,0,88,0,88,0,0,95,0,95,218,0,218,313
07/08/2017,LAF,IN,AGL,CE,Tower without Radar,0,0,3,0,3,0,2,83,0,85,0,2,86,0,88,286,0,286,374
07/09/2017,LAF,IN,AGL,CE,Tower without Radar,0,1,5,0,6,0,2,76,0,78,0,3,81,0,84,174,0,174,258
07/10/2017,LAF,IN,AGL,CE,Tower without Radar,0,0,7,0,7,0,0,38,0,38,0,0,45,0,45,150,0,150,195
07/11/2017,LAF,IN,AGL,CE,Tower without Radar,0,1,18,0,19,0,0,42,2,44,0,1,60,2,63,94,0,94,157
07/12/2017,LAF,IN,AGL,CE,Tower without Radar,0,0,21,0,21,0,0,134,0,134,0,0,155,0,155,198,0,198,353
07/13/2017,LAF,IN,AGL,CE,Tower without Radar,0,0,20,0,20,0,1,74,0,75,0,1,94,0,95,140,0,140,235
07/14/2017,LAF,IN,AGL,CE,Tower without Radar,0,1,24,0,25,0,0,100,0,100,0,1,124,0,125,142,0,142,267
07/15/2017,LAF,IN,AGL,CE,Tower without Radar,0,0,12,0,12,0,2,85,0,87,0,2,97,0,99,224,0,224,323
07/16/2017,LAF,IN,AGL,CE,Tower without Radar,0,0,6,0,6,0,0,48,0,48,0,0,54,0,54,102,0,102,156
07/17/2017,LAF,IN,AGL,CE,Tower without Radar,0,0,10,0,10,0,3,180,0,183,0,3,190,0,193,266,0,266,459
07/18/2017,LAF,IN,AGL,CE,Tower without Radar,0,0,11,0,11,0,0,190,0,190,0,0,201,0,201,380,0,380,581
07/19/2017,LAF,IN,AGL,CE,Tower without Radar,0,1,24,0,25,0,0,125,3,128,0,1,149,3,153,399,0,399,552
07/20/2017,LAF,IN,AGL,CE,Tower without Radar,0,0,23,0,23,0,0,83,0,83,0,0,106,0,106,282,0,282,388
07/21/2017,LAF,IN,AGL,CE,Tower without Radar,0,0,6,0,6,0,1,111,0,112,0,1,117,0,118,258,0,258,376
07/22/2017,LAF,IN,AGL,CE,Tower without Radar,0,0,13,0,13,0,0,43,0,43,0,0,56,0,56,150,0,150,206
07/23/2017,LAF,IN,AGL,CE,Tower without Radar,0,0,3,0,3,0,1,34,0,35,0,1,37,0,38,80,0,80,118
07/24/2017,LAF,IN,AGL,CE,Tower without Radar,0,2,24,0,26,0,6,127,5,138,0,8,151,5,164,368,0,368,532
07/25/2017,LAF,IN,AGL,CE,Tower without Radar,0,2,22,0,24,0,1,147,4,152,0,3,169,4,176,182,0,182,358
07/26/2017,LAF,IN,AGL,CE,Tower without Radar,0,3,16,0,19,0,0,118,1,119,0,3,134,1,138,434,0,434,572
07/27/2017,LAF,IN,AGL,CE,Tower without Radar,0,1,19,0,20,0,0,43,0,43,0,1,62,0,63,130,0,130,193
07/28/2017,LAF,IN,AGL,CE,Tower without Radar,0,2,10,0,12,1,1,102,0,104,1,3,112,0,116,256,0,256,372
07/29/2017,LAF,IN,AGL,CE,Tower without Radar,0,0,0,0,0,0,0,0,0,0,0,0,0,0,0,0,0,0,0
07/30/2017,LAF,IN,AGL,CE,Tower without Radar,0,0,0,0,0,0,0,0,0,0,0,0,0,0,0,0,0,0,0
07/31/2017,LAF,IN,AGL,CE,Tower without Radar,0,0,0,0,0,0,0,0,0,0,0,0,0,0,0,0,0,0,0
08/01/2017,LAF,IN,AGL,CE,Tower without Radar,0,0,11,0,11,0,0,74,0,74,0,0,85,0,85,148,0,148,233
08/02/2017,LAF,IN,AGL,CE,Tower without Radar,0,2,14,0,16,0,0,78,0,78,0,2,92,0,94,180,0,180,274
08/03/2017,LAF,IN,AGL,CE,Tower without Radar,0,2,13,0,15,0,0,61,0,61,0,2,74,0,76,120,0,120,196
08/04/2017,LAF,IN,AGL,CE,Tower without Radar,0,3,7,0,10,0,1,64,0,65,0,4,71,0,75,168,0,168,243
08/05/2017,LAF,IN,AGL,CE,Tower without Radar,0,1,2,0,3,0,2,70,0,72,0,3,72,0,75,129,0,129,204
08/06/2017,LAF,IN,AGL,CE,Tower without Radar,0,4,6,0,10,0,0,49,0,49,0,4,55,0,59,116,0,116,175
08/07/2017,LAF,IN,AGL,CE,Tower without Radar,0,0,8,0,8,0,0,106,0,106,0,0,114,0,114,230,0,230,344
08/08/2017,LAF,IN,AGL,CE,Tower without Radar,0,4,8,0,12,0,2,127,0,129,0,6,135,0,141,196,0,196,337
08/09/2017,LAF,IN,AGL,CE,Tower without Radar,0,3,15,0,18,0,1,121,0,122,0,4,136,0,140,264,0,264,404
08/10/2017,LAF,IN,AGL,CE,Tower without Radar,0,0,18,0,18,0,0,84,0,84,0,0,102,0,102,224,2,226,328
08/11/2017,LAF,IN,AGL,CE,Tower without Radar,0,0,2,0,2,0,0,84,0,84,0,0,86,0,86,176,0,176,262
08/12/2017,LAF,IN,AGL,CE,Tower without Radar,0,2,2,0,4,0,1,53,0,54,0,3,55,0,58,50,0,50,108
08/13/2017,LAF,IN,AGL,CE,Tower without Radar,0,0,10,0,10,0,0,42,0,42,0,0,52,0,52,112,0,112,164
08/14/2017,LAF,IN,AGL,CE,Tower without Radar,0,4,17,0,21,1,0,33,0,34,1,4,50,0,55,82,0,82,137
08/15/2017,LAF,IN,AGL,CE,Tower without Radar,0,0,4,0,4,0,0,59,0,59,0,0,63,0,63,136,0,136,199
08/16/2017,LAF,IN,AGL,CE,Tower without Radar,0,4,12,0,16,0,0,100,0,100,0,4,112,0,116,188,0,188,304
08/17/2017,LAF,IN,AGL,CE,Tower without Radar,0,1,14,0,15,0,0,53,0,53,0,1,67,0,68,190,0,190,258
08/18/2017,LAF,IN,AGL,CE,Tower without Radar,0,3,30,0,33,0,0,108,0,108,0,3,138,0,141,236,0,236,377
08/19/2017,LAF,IN,AGL,CE,Tower without Radar,0,0,12,0,12,0,1,80,2,83,0,1,92,2,95,230,0,230,325
08/20/2017,LAF,IN,AGL,CE,Tower without Radar,0,0,14,0,14,0,0,87,2,89,0,0,101,2,103,176,0,176,279
08/21/2017,LAF,IN,AGL,CE,Tower without Radar,0,0,20,0,20,0,1,54,0,55,0,1,74,0,75,122,0,122,197
08/22/2017,LAF,IN,AGL,CE,Tower without Radar,0,6,9,0,15,0,0,30,0,30,0,6,39,0,45,96,0,96,141
08/23/2017,LAF,IN,AGL,CE,Tower without Radar,0,6,14,1,21,0,1,212,2,215,0,7,226,3,236,232,0,232,468
08/24/2017,LAF,IN,AGL,CE,Tower without Radar,0,1,26,0,27,0,1,212,2,215,0,2,238,2,242,318,0,318,560
08/25/2017,LAF,IN,AGL,CE,Tower without Radar,0,3,19,0,22,0,2,219,1,222,0,5,238,1,244,350,0,350,594
08/26/2017,LAF,IN,AGL,CE,Tower without Radar,0,0,11,0,11,0,2,137,4,143,0,2,148,4,154,306,0,306,460
08/27/2017,LAF,IN,AGL,CE,Tower without Radar,0,2,14,0,16,0,0,137,0,137,0,2,151,0,153,238,0,238,391
08/28/2017,LAF,IN,AGL,CE,Tower without Radar,0,1,18,0,19,0,0,162,0,162,0,1,180,0,181,315,0,315,496
08/29/2017,LAF,IN,AGL,CE,Tower without Radar,0,5,23,0,28,0,0,108,0,108,0,5,131,0,136,106,0,106,242
08/30/2017,LAF,IN,AGL,CE,Tower without Radar,0,3,24,2,29,0,1,239,0,240,0,4,263,2,269,394,0,394,663
08/31/2017,LAF,IN,AGL,CE,Tower without Radar,0,0,42,0,42,0,3,136,0,139,0,3,178,0,181,228,0,228,409
09/01/2017,LAF,IN,AGL,CE,Tower without Radar,0,1,22,1,24,0,0,167,3,170,0,1,189,4,194,152,0,152,346
09/02/2017,LAF,IN,AGL,CE,Tower without Radar,0,2,6,0,8,0,1,193,0,194,0,3,199,0,202,156,0,156,358
09/03/2017,LAF,IN,AGL,CE,Tower without Radar,0,0,6,0,6,0,2,98,0,100,0,2,104,0,106,134,0,134,240
09/04/2017,LAF,IN,AGL,CE,Tower without Radar,0,3,16,0,19,0,3,34,0,37,0,6,50,0,56,34,0,34,90
09/05/2017,LAF,IN,AGL,CE,Tower without Radar,0,4,15,0,19,0,1,182,0,183,0,5,197,0,202,258,0,258,460
09/06/2017,LAF,IN,AGL,CE,Tower without Radar,0,0,14,0,14,0,1,191,0,192,0,1,205,0,206,274,0,274,480
09/07/2017,LAF,IN,AGL,CE,Tower without Radar,0,0,34,0,34,0,2,208,0,210,0,2,242,0,244,258,0,258,502
09/08/2017,LAF,IN,AGL,CE,Tower without Radar,0,2,43,0,45,0,0,214,1,215,0,2,257,1,260,332,0,332,592
09/09/2017,LAF,IN,AGL,CE,Tower without Radar,0,0,28,0,28,0,0,199,0,199,0,0,227,0,227,188,0,188,415
09/10/2017,LAF,IN,AGL,CE,Tower without Radar,0,0,11,0,11,0,2,115,0,117,0,2,126,0,128,268,0,268,396
09/11/2017,LAF,IN,AGL,CE,Tower without Radar,0,0,35,0,35,0,1,216,1,218,0,1,251,1,253,362,0,362,615
09/12/2017,LAF,IN,AGL,CE,Tower without Radar,0,1,16,0,17,0,2,248,0,250,0,3,264,0,267,402,0,402,669
09/13/2017,LAF,IN,AGL,CE,Tower without Radar,0,5,34,0,39,0,0,16,0,16,0,5,50,0,55,104,0,104,159
09/14/2017,LAF,IN,AGL,CE,Tower without Radar,0,0,36,0,36,0,1,134,0,135,0,1,170,0,171,274,0,274,445
09/15/2017,LAF,IN,AGL,CE,Tower without Radar,1,0,13,0,14,0,0,281,0,281,1,0,294,0,295,442,0,442,737
09/16/2017,LAF,IN,AGL,CE,Tower without Radar,1,3,15,0,19,0,2,186,0,188,1,5,201,0,207,386,0,386,593
09/17/2017,LAF,IN,AGL,CE,Tower without Radar,0,0,10,1,11,0,0,89,1,90,0,0,99,2,101,288,0,288,389
09/18/2017,LAF,IN,AGL,CE,Tower without Radar,2,0,17,2,21,0,1,71,4,76,2,1,88,6,97,276,0,276,373
09/19/2017,LAF,IN,AGL,CE,Tower without Radar,0,2,20,0,22,0,0,94,0,94,0,2,114,0,116,282,0,282,398
09/20/2017,LAF,IN,AGL,CE,Tower without Radar,0,0,27,0,27,0,0,212,0,212,0,0,239,0,239,390,0,390,629
09/21/2017,LAF,IN,AGL,CE,Tower without Radar,0,0,18,0,18,0,1,235,0,236,0,1,253,0,254,436,0,436,690
09/22/2017,LAF,IN,AGL,CE,Tower without Radar,1,5,24,0,30,0,0,214,5,219,1,5,238,5,249,318,0,318,567
09/23/2017,LAF,IN,AGL,CE,Tower without Radar,3,2,33,0,38,0,0,195,2,197,3,2,228,2,235,274,0,274,509
09/24/2017,LAF,IN,AGL,CE,Tower without Radar,0,4,21,1,26,0,0,140,0,140,0,4,161,1,166,182,0,182,348
09/25/2017,LAF,IN,AGL,CE,Tower without Radar,0,1,19,0,20,0,0,229,0,229,0,1,248,0,249,464,0,464,713
09/26/2017,LAF,IN,AGL,CE,Tower without Radar,0,0,15,0,15,0,0,243,0,243,0,0,258,0,258,560,0,560,818
09/27/2017,LAF,IN,AGL,CE,Tower without Radar,0,3,30,0,33,0,0,154,0,154,0,3,184,0,187,456,0,456,643
09/28/2017,LAF,IN,AGL,CE,Tower without Radar,0,2,19,0,21,0,6,246,0,252,0,8,265,0,273,462,0,462,735
09/29/2017,LAF,IN,AGL,CE,Tower without Radar,0,0,25,0,25,0,0,212,0,212,0,0,237,0,237,244,0,244,481
09/30/2017,LAF,IN,AGL,CE,Tower without Radar,0,0,18,0,18,0,0,168,0,168,0,0,186,0,186,516,0,516,702
10/01/2017,LAF,IN,AGL,CE,Tower without Radar,0,2,10,0,12,0,0,119,0,119,0,2,129,0,131,114,0,114,245
10/02/2017,LAF,IN,AGL,CE,Tower without Radar,0,1,24,0,25,0,2,173,0,175,0,3,197,0,200,248,0,248,448
10/03/2017,LAF,IN,AGL,CE,Tower without Radar,0,0,15,0,15,0,0,142,0,142,0,0,157,0,157,400,0,400,557
10/04/2017,LAF,IN,AGL,CE,Tower without Radar,0,4,9,0,13,0,0,122,0,122,0,4,131,0,135,410,0,410,545
10/05/2017,LAF,IN,AGL,CE,Tower without Radar,0,4,17,0,21,0,0,36,0,36,0,4,53,0,57,92,0,92,149
10/06/2017,LAF,IN,AGL,CE,Tower without Radar,0,12,24,0,36,0,1,19,0,20,0,13,43,0,56,68,0,68,124
10/07/2017,LAF,IN,AGL,CE,Tower without Radar,1,1,7,0,9,0,0,20,0,20,1,1,27,0,29,24,0,24,53
10/08/2017,LAF,IN,AGL,CE,Tower without Radar,0,1,9,0,10,0,0,91,0,91,0,1,100,0,101,130,0,130,231
10/09/2017,LAF,IN,AGL,CE,Tower without Radar,0,2,10,0,12,0,0,67,0,67,0,2,77,0,79,168,0,168,247
10/10/2017,LAF,IN,AGL,CE,Tower without Radar,0,6,18,0,24,0,1,94,0,95,0,7,112,0,119,234,0,234,353
10/11/2017,LAF,IN,AGL,CE,Tower without Radar,0,2,10,0,12,0,0,0,0,0,0,2,10,0,12,0,0,0,12
10/12/2017,LAF,IN,AGL,CE,Tower without Radar,0,5,43,2,50,0,0,3,0,3,0,5,46,2,53,0,0,0,53
10/13/2017,LAF,IN,AGL,CE,Tower without Radar,2,5,32,0,39,0,0,163,1,164,2,5,195,1,203,528,0,528,731
10/14/2017,LAF,IN,AGL,CE,Tower without Radar,0,1,16,0,17,0,0,185,0,185,0,1,201,0,202,234,0,234,436
10/15/2017,LAF,IN,AGL,CE,Tower without Radar,0,0,10,0,10,0,0,6,0,6,0,0,16,0,16,12,0,12,28
10/16/2017,LAF,IN,AGL,CE,Tower without Radar,0,2,12,0,14,0,0,256,0,256,0,2,268,0,270,414,0,414,684
10/17/2017,LAF,IN,AGL,CE,Tower without Radar,0,0,12,0,12,0,0,197,0,197,0,0,209,0,209,332,0,332,541
10/18/2017,LAF,IN,AGL,CE,Tower without Radar,0,2,22,0,24,0,0,198,0,198,0,2,220,0,222,324,0,324,546
10/19/2017,LAF,IN,AGL,CE,Tower without Radar,0,10,20,0,30,0,0,273,0,273,0,10,293,0,303,412,0,412,715
10/20/2017,LAF,IN,AGL,CE,Tower without Radar,2,0,15,0,17,0,1,234,0,235,2,1,249,0,252,340,0,340,592
10/21/2017,LAF,IN,AGL,CE,Tower without Radar,4,3,8,0,15,0,0,184,0,184,4,3,192,0,199,190,0,190,389
10/22/2017,LAF,IN,AGL,CE,Tower without Radar,0,2,12,0,14,0,2,23,0,25,0,4,35,0,39,40,0,40,79
10/23/2017,LAF,IN,AGL,CE,Tower without Radar,2,2,6,0,10,0,0,1,0,1,2,2,7,0,11,0,0,0,11
10/24/2017,LAF,IN,AGL,CE,Tower without Radar,0,3,9,0,12,0,0,24,0,24,0,3,33,0,36,100,0,100,136
10/25/2017,LAF,IN,AGL,CE,Tower without Radar,0,2,15,0,17,0,0,155,0,155,0,2,170,0,172,292,0,292,464
10/26/2017,LAF,IN,AGL,CE,Tower without Radar,0,4,16,0,20,0,0,172,0,172,0,4,188,0,192,194,0,194,386
10/27/2017,LAF,IN,AGL,CE,Tower without Radar,2,8,5,0,15,0,0,66,0,66,2,8,71,0,81,224,0,224,305
10/28/2017,LAF,IN,AGL,CE,Tower without Radar,0,5,3,0,8,0,0,41,0,41,0,5,44,0,49,120,0,120,169
10/29/2017,LAF,IN,AGL,CE,Tower without Radar,0,5,12,0,17,0,2,98,0,100,0,7,110,0,117,240,0,240,357
10/30/2017,LAF,IN,AGL,CE,Tower without Radar,0,2,4,0,6,0,0,71,0,71,0,2,75,0,77,106,0,106,183
10/31/2017,LAF,IN,AGL,CE,Tower without Radar,0,3,16,0,19,0,1,215,0,216,0,4,231,0,235,344,0,344,579
11/01/2017,LAF,IN,AGL,CE,Tower without Radar,0,4,8,0,12,0,0,18,0,18,0,4,26,0,30,104,0,104,134
11/02/2017,LAF,IN,AGL,CE,Tower without Radar,0,5,28,0,33,0,0,11,0,11,0,5,39,0,44,64,0,64,108
11/03/2017,LAF,IN,AGL,CE,Tower without Radar,0,1,24,0,25,0,3,168,0,171,0,4,192,0,196,352,0,352,548
11/04/2017,LAF,IN,AGL,CE,Tower without Radar,0,9,14,0,23,0,0,0,0,0,0,9,14,0,23,0,0,0,23
11/05/2017,LAF,IN,AGL,CE,Tower without Radar,0,6,9,0,15,0,0,0,0,0,0,6,9,0,15,0,0,0,15
11/06/2017,LAF,IN,AGL,CE,Tower without Radar,0,2,8,0,10,0,1,177,0,178,0,3,185,0,188,386,0,386,574
11/07/2017,LAF,IN,AGL,CE,Tower without Radar,0,1,14,0,15,0,0,176,0,176,0,1,190,0,191,296,0,296,487
11/08/2017,LAF,IN,AGL,CE,Tower without Radar,0,0,24,0,24,0,2,266,0,268,0,2,290,0,292,386,0,386,678
11/09/2017,LAF,IN,AGL,CE,Tower without Radar,0,4,12,0,16,0,0,166,0,166,0,4,178,0,182,318,0,318,500
11/10/2017,LAF,IN,AGL,CE,Tower without Radar,0,8,8,0,16,0,1,227,0,228,0,9,235,0,244,318,0,318,562
11/11/2017,LAF,IN,AGL,CE,Tower without Radar,1,3,3,0,7,0,1,185,0,186,1,4,188,0,193,200,0,200,393
11/12/2017,LAF,IN,AGL,CE,Tower without Radar,0,1,4,0,5,0,0,24,0,24,0,1,28,0,29,98,0,98,127
11/13/2017,LAF,IN,AGL,CE,Tower without Radar,1,3,5,0,9,0,0,23,0,23,1,3,28,0,32,144,0,144,176
11/14/2017,LAF,IN,AGL,CE,Tower without Radar,0,3,14,0,17,0,0,239,0,239,0,3,253,0,256,414,0,414,670
11/15/2017,LAF,IN,AGL,CE,Tower without Radar,0,3,17,0,20,0,1,2,0,3,0,4,19,0,23,4,0,4,27
11/16/2017,LAF,IN,AGL,CE,Tower without Radar,0,1,14,0,15,0,1,96,0,97,0,2,110,0,112,436,0,436,548
11/17/2017,LAF,IN,AGL,CE,Tower without Radar,0,4,15,0,19,1,0,107,0,108,1,4,122,0,127,216,0,216,343
11/18/2017,LAF,IN,AGL,CE,Tower without Radar,0,0,1,0,1,0,0,0,0,0,0,0,1,0,1,0,0,0,1
11/19/2017,LAF,IN,AGL,CE,Tower without Radar,0,1,13,0,14,0,2,70,0,72,0,3,83,0,86,206,0,206,292
11/20/2017,LAF,IN,AGL,CE,Tower without Radar,0,5,9,0,14,0,3,128,0,131,0,8,137,0,145,190,0,190,335
11/21/2017,LAF,IN,AGL,CE,Tower without Radar,0,1,22,0,23,0,0,115,0,115,0,1,137,0,138,220,0,220,358
11/22/2017,LAF,IN,AGL,CE,Tower without Radar,0,2,13,0,15,0,2,120,0,122,0,4,133,0,137,148,0,148,285
11/23/2017,LAF,IN,AGL,CE,Tower without Radar,0,2,6,0,8,0,0,11,0,11,0,2,17,0,19,0,0,0,19
11/24/2017,LAF,IN,AGL,CE,Tower without Radar,0,1,5,0,6,0,0,35,0,35,0,1,40,0,41,6,0,6,47
11/25/2017,LAF,IN,AGL,CE,Tower without Radar,0,0,12,0,12,0,4,60,0,64,0,4,72,0,76,0,0,0,76
11/26/2017,LAF,IN,AGL,CE,Tower without Radar,0,4,24,0,28,0,2,57,0,59,0,6,81,0,87,58,0,58,145
11/27/2017,LAF,IN,AGL,CE,Tower without Radar,0,6,8,0,14,0,0,160,0,160,0,6,168,0,174,234,0,234,408
11/28/2017,LAF,IN,AGL,CE,Tower without Radar,0,2,8,0,10,0,1,99,2,102,0,3,107,2,112,116,0,116,228
11/29/2017,LAF,IN,AGL,CE,Tower without Radar,1,3,14,0,18,0,3,202,0,205,1,6,216,0,223,332,0,332,555
11/30/2017,LAF,IN,AGL,CE,Tower without Radar,0,3,11,1,15,0,1,143,2,146,0,4,154,3,161,206,0,206,367
12/01/2017,LAF,IN,AGL,CE,Tower without Radar,0,1,12,2,15,0,0,179,0,179,0,1,191,2,194,296,0,296,490
12/02/2017,LAF,IN,AGL,CE,Tower without Radar,0,0,7,0,7,0,0,186,0,186,0,0,193,0,193,300,0,300,493
12/03/2017,LAF,IN,AGL,CE,Tower without Radar,0,3,9,0,12,0,0,166,0,166,0,3,175,0,178,218,0,218,396
12/04/2017,LAF,IN,AGL,CE,Tower without Radar,0,1,9,0,10,0,0,35,0,35,0,1,44,0,45,10,0,10,55
12/05/2017,LAF,IN,AGL,CE,Tower without Radar,0,2,12,0,14,0,4,21,0,25,0,6,33,0,39,32,0,32,71
12/06/2017,LAF,IN,AGL,CE,Tower without Radar,0,0,24,0,24,0,1,154,0,155,0,1,178,0,179,208,0,208,387
12/07/2017,LAF,IN,AGL,CE,Tower without Radar,0,1,16,0,17,0,0,126,0,126,0,1,142,0,143,448,0,448,591
12/08/2017,LAF,IN,AGL,CE,Tower without Radar,0,0,12,0,12,0,1,200,0,201,0,1,212,0,213,416,0,416,629
12/09/2017,LAF,IN,AGL,CE,Tower without Radar,0,0,4,0,4,0,2,8,1,11,0,2,12,1,15,14,0,14,29
12/10/2017,LAF,IN,AGL,CE,Tower without Radar,0,2,7,0,9,0,0,100,0,100,0,2,107,0,109,226,0,226,335
12/11/2017,LAF,IN,AGL,CE,Tower without Radar,0,4,4,0,8,0,0,157,0,157,0,4,161,0,165,296,0,296,461
12/12/2017,LAF,IN,AGL,CE,Tower without Radar,0,1,9,0,10,0,5,45,0,50,0,6,54,0,60,126,0,126,186
12/13/2017,LAF,IN,AGL,CE,Tower without Radar,0,0,9,0,9,0,0,45,0,45,0,0,54,0,54,32,0,32,86
12/14/2017,LAF,IN,AGL,CE,Tower without Radar,0,1,9,0,10,0,1,155,0,156,0,2,164,0,166,404,0,404,570
12/15/2017,LAF,IN,AGL,CE,Tower without Radar,0,3,12,0,15,0,0,76,0,76,0,3,88,0,91,166,0,166,257
12/16/2017,LAF,IN,AGL,CE,Tower without Radar,0,3,3,0,6,0,0,87,0,87,0,3,90,0,93,194,0,194,287
12/17/2017,LAF,IN,AGL,CE,Tower without Radar,0,3,4,0,7,0,1,16,0,17,0,4,20,0,24,24,0,24,48
12/18/2017,LAF,IN,AGL,CE,Tower without Radar,0,1,6,0,7,0,3,8,0,11,0,4,14,0,18,34,0,34,52
12/19/2017,LAF,IN,AGL,CE,Tower without Radar,0,5,11,0,16,0,0,42,0,42,0,5,53,0,58,100,0,100,158
12/20/2017,LAF,IN,AGL,CE,Tower without Radar,0,0,3,0,3,0,2,80,0,82,0,2,83,0,85,100,0,100,185
12/21/2017,LAF,IN,AGL,CE,Tower without Radar,0,2,6,0,8,0,0,38,0,38,0,2,44,0,46,82,0,82,128
12/22/2017,LAF,IN,AGL,CE,Tower without Radar,2,6,13,0,21,0,0,1,0,1,2,6,14,0,22,0,0,0,22
12/23/2017,LAF,IN,AGL,CE,Tower without Radar,2,3,1,0,6,0,0,9,0,9,2,3,10,0,15,6,0,6,21
12/24/2017,LAF,IN,AGL,CE,Tower without Radar,0,0,0,0,0,0,0,0,0,0,0,0,0,0,0,0,0,0,0
12/25/2017,LAF,IN,AGL,CE,Tower without Radar,3,2,3,0,8,0,1,8,0,9,3,3,11,0,17,0,0,0,17
12/26/2017,LAF,IN,AGL,CE,Tower without Radar,0,1,4,0,5,0,0,7,0,7,0,1,11,0,12,0,0,0,12
12/27/2017,LAF,IN,AGL,CE,Tower without Radar,0,4,11,0,15,0,0,20,0,20,0,4,31,0,35,38,0,38,73
12/28/2017,LAF,IN,AGL,CE,Tower without Radar,3,6,7,0,16,0,0,24,0,24,3,6,31,0,40,34,0,34,74
12/29/2017,LAF,IN,AGL,CE,Tower without Radar,0,0,3,0,3,0,0,0,0,0,0,0,3,0,3,0,0,0,3
12/30/2017,LAF,IN,AGL,CE,Tower without Radar,0,4,0,0,4,0,5,1,0,6,0,9,1,0,10,2,0,2,12
12/31/2017,LAF,IN,AGL,CE,Tower without Radar,0,1,1,0,2,0,0,4,0,4,0,1,5,0,6,2,0,2,8
01/01/2018,LAF,IN,AGL,CE,Tower without Radar,0,2,1,0,3,0,3,2,0,5,0,5,3,0,8,0,0,0,8
01/02/2018,LAF,IN,AGL,CE,Tower without Radar,0,5,0,0,5,0,0,9,0,9,0,5,9,0,14,4,0,4,18
01/03/2018,LAF,IN,AGL,CE,Tower without Radar,0,4,8,0,12,0,1,0,0,1,0,5,8,0,13,0,0,0,13
01/04/2018,LAF,IN,AGL,CE,Tower without Radar,0,1,3,0,4,0,0,35,0,35,0,1,38,0,39,46,0,46,85
01/05/2018,LAF,IN,AGL,CE,Tower without Radar,4,2,3,0,9,0,0,41,0,41,4,2,44,0,50,40,0,40,90
01/06/2018,LAF,IN,AGL,CE,Tower without Radar,2,1,5,0,8,0,1,21,0,22,2,2,26,0,30,26,0,26,56
01/07/2018,LAF,IN,AGL,CE,Tower without Radar,0,2,4,0,6,0,2,17,0,19,0,4,21,0,25,36,0,36,61
01/08/2018,LAF,IN,AGL,CE,Tower without Radar,2,0,0,0,2,0,0,0,0,0,2,0,0,0,2,0,0,0,2
01/09/2018,LAF,IN,AGL,CE,Tower without Radar,0,3,3,0,6,0,0,0,0,0,0,3,3,0,6,0,0,0,6
01/10/2018,LAF,IN,AGL,CE,Tower without Radar,0,5,6,0,11,0,0,2,0,2,0,5,8,0,13,0,0,0,13
01/11/2018,LAF,IN,AGL,CE,Tower without Radar,0,2,3,0,5,0,0,13,0,13,0,2,16,0,18,46,0,46,64
01/12/2018,LAF,IN,AGL,CE,Tower without Radar,0,2,0,0,2,0,0,0,0,0,0,2,0,0,2,0,0,0,2
01/13/2018,LAF,IN,AGL,CE,Tower without Radar,2,0,2,0,4,0,1,54,0,55,2,1,56,0,59,62,0,62,121
01/14/2018,LAF,IN,AGL,CE,Tower without Radar,0,2,4,0,6,0,1,124,0,125,0,3,128,0,131,236,0,236,367
01/15/2018,LAF,IN,AGL,CE,Tower without Radar,0,0,1,0,1,0,0,0,0,0,0,0,1,0,1,0,0,0,1
01/16/2018,LAF,IN,AGL,CE,Tower without Radar,2,2,8,1,13,0,0,15,1,16,2,2,23,2,29,22,0,22,51
01/17/2018,LAF,IN,AGL,CE,Tower without Radar,0,0,7,0,7,0,0,183,0,183,0,0,190,0,190,354,0,354,544
01/18/2018,LAF,IN,AGL,CE,Tower without Radar,2,4,10,0,16,0,1,89,0,90,2,5,99,0,106,196,0,196,302
01/19/2018,LAF,IN,AGL,CE,Tower without Radar,2,2,6,0,10,0,2,160,0,162,2,4,166,0,172,176,0,176,348
01/20/2018,LAF,IN,AGL,CE,Tower without Radar,3,1,14,0,18,0,1,154,0,155,3,2,168,0,173,330,0,330,503
01/21/2018,LAF,IN,AGL,CE,Tower without Radar,0,0,1,0,1,0,0,0,0,0,0,0,1,0,1,0,0,0,1
01/22/2018,LAF,IN,AGL,CE,Tower without Radar,0,1,7,0,8,0,2,4,0,6,0,3,11,0,14,12,0,12,26
01/23/2018,LAF,IN,AGL,CE,Tower without Radar,0,3,14,0,17,0,0,4,0,4,0,3,18,0,21,6,0,6,27
01/24/2018,LAF,IN,AGL,CE,Tower without Radar,0,3,1,0,4,0,0,8,0,8,0,3,9,0,12,14,0,14,26
01/25/2018,LAF,IN,AGL,CE,Tower without Radar,1,7,19,0,27,0,0,245,0,245,1,7,264,0,272,356,0,356,628
01/26/2018,LAF,IN,AGL,CE,Tower without Radar,0,1,8,0,9,0,1,142,0,143,0,2,150,0,152,218,0,218,370
01/27/2018,LAF,IN,AGL,CE,Tower without Radar,2,0,11,2,15,0,2,122,0,124,2,2,133,2,139,188,0,188,327
01/28/2018,LAF,IN,AGL,CE,Tower without Radar,2,1,5,0,8,0,0,213,0,213,2,1,218,0,221,264,0,264,485
01/29/2018,LAF,IN,AGL,CE,Tower without Radar,0,0,5,0,5,0,0,6,0,6,0,0,11,0,11,30,0,30,41
01/30/2018,LAF,IN,AGL,CE,Tower without Radar,1,1,6,0,8,0,0,225,0,225,1,1,231,0,233,404,0,404,637
01/31/2018,LAF,IN,AGL,CE,Tower without Radar,0,2,9,0,11,0,0,123,0,123,0,2,132,0,134,206,0,206,340
02/01/2018,LAF,IN,AGL,CE,Tower without Radar,0,2,9,0,11,0,1,137,0,138,0,3,146,0,149,324,0,324,473
02/02/2018,LAF,IN,AGL,CE,Tower without Radar,1,2,11,0,14,0,0,217,1,218,1,2,228,1,232,278,2,280,512
02/03/2018,LAF,IN,AGL,CE,Tower without Radar,0,0,6,0,6,0,0,139,0,139,0,0,145,0,145,170,0,170,315
02/04/2018,LAF,IN,AGL,CE,Tower without Radar,0,1,1,0,2,0,0,0,0,0,0,1,1,0,2,0,0,0,2
02/05/2018,LAF,IN,AGL,CE,Tower without Radar,0,2,13,0,15,0,0,158,0,158,0,2,171,0,173,332,0,332,505
02/06/2018,LAF,IN,AGL,CE,Tower without Radar,4,2,21,0,27,0,1,154,0,155,4,3,175,0,182,218,0,218,400
02/07/2018,LAF,IN,AGL,CE,Tower without Radar,3,5,17,0,25,0,0,107,0,107,3,5,124,0,132,354,0,354,486
02/08/2018,LAF,IN,AGL,CE,Tower without Radar,1,2,22,1,26,0,2,168,1,171,1,4,190,2,197,326,0,326,523
02/09/2018,LAF,IN,AGL,CE,Tower without Radar,0,2,17,0,19,0,0,161,0,161,0,2,178,0,180,296,0,296,476
02/10/2018,LAF,IN,AGL,CE,Tower without Radar,0,0,3,0,3,0,0,0,0,0,0,0,3,0,3,0,0,0,3
02/11/2018,LAF,IN,AGL,CE,Tower without Radar,2,0,1,0,3,0,1,11,0,12,2,1,12,0,15,32,0,32,47
02/12/2018,LAF,IN,AGL,CE,Tower without Radar,0,2,17,0,19,0,0,214,0,214,0,2,231,0,233,392,0,392,625
02/13/2018,LAF,IN,AGL,CE,Tower without Radar,0,4,23,0,27,0,0,253,0,253,0,4,276,0,280,416,0,416,696
02/14/2018,LAF,IN,AGL,CE,Tower without Radar,2,1,16,0,19,0,0,31,0,31,2,1,47,0,50,38,0,38,88
02/15/2018,LAF,IN,AGL,CE,Tower without Radar,0,2,27,1,30,0,0,18,1,19,0,2,45,2,49,56,0,56,105
02/16/2018,LAF,IN,AGL,CE,Tower without Radar,0,0,10,1,11,0,2,146,0,148,0,2,156,1,159,282,0,282,441
02/17/2018,LAF,IN,AGL,CE,Tower without Radar,0,2,9,1,12,0,0,109,1,110,0,2,118,2,122,294,0,294,416
02/18/2018,LAF,IN,AGL,CE,Tower without Radar,0,1,25,3,29,0,1,82,1,84,0,2,107,4,113,162,0,162,275
02/19/2018,LAF,IN,AGL,CE,Tower without Radar,0,0,7,0,7,0,0,1,0,1,0,0,8,0,8,2,0,2,10
02/20/2018,LAF,IN,AGL,CE,Tower without Radar,0,0,4,0,4,0,0,5,0,5,0,0,9,0,9,6,0,6,15
02/21/2018,LAF,IN,AGL,CE,Tower without Radar,0,2,21,0,23,0,0,57,0,57,0,2,78,0,80,204,0,204,284
02/22/2018,LAF,IN,AGL,CE,Tower without Radar,0,3,13,0,16,0,0,22,0,22,0,3,35,0,38,134,0,134,172
02/23/2018,LAF,IN,AGL,CE,Tower without Radar,2,2,24,0,28,0,0,3,0,3,2,2,27,0,31,6,0,6,37
02/24/2018,LAF,IN,AGL,CE,Tower without Radar,6,0,4,0,10,0,0,0,0,0,6,0,4,0,10,2,0,2,12
02/25/2018,LAF,IN,AGL,CE,Tower without Radar,0,4,15,0,19,0,0,139,0,139,0,4,154,0,158,302,0,302,460
02/26/2018,LAF,IN,AGL,CE,Tower without Radar,0,0,36,0,36,0,2,271,0,273,0,2,307,0,309,434,0,434,743
02/27/2018,LAF,IN,AGL,CE,Tower without Radar,1,2,18,0,21,0,1,234,0,235,1,3,252,0,256,450,0,450,706
02/28/2018,LAF,IN,AGL,CE,Tower without Radar,2,3,15,0,20,0,0,125,0,125,2,3,140,0,145,302,0,302,447
03/01/2018,LAF,IN,AGL,CE,Tower without Radar,0,1,8,0,9,0,0,2,0,2,0,1,10,0,11,6,0,6,17
03/02/2018,LAF,IN,AGL,CE,Tower without Radar,0,2,32,0,34,0,0,259,0,259,0,2,291,0,293,322,0,322,615
03/03/2018,LAF,IN,AGL,CE,Tower without Radar,0,0,23,0,23,0,2,269,0,271,0,2,292,0,294,386,0,386,680
03/04/2018,LAF,IN,AGL,CE,Tower without Radar,0,1,12,0,13,0,1,133,0,134,0,2,145,0,147,314,0,314,461
03/05/2018,LAF,IN,AGL,CE,Tower without Radar,1,4,15,0,20,0,0,106,0,106,1,4,121,0,126,188,0,188,314
03/06/2018,LAF,IN,AGL,CE,Tower without Radar,0,0,9,0,9,0,0,61,0,61,0,0,70,0,70,130,0,130,200
03/07/2018,LAF,IN,AGL,CE,Tower without Radar,0,0,6,1,7,0,4,62,0,66,0,4,68,1,73,212,0,212,285
03/08/2018,LAF,IN,AGL,CE,Tower without Radar,1,2,19,0,22,0,0,128,2,130,1,2,147,2,152,302,0,302,454
03/09/2018,LAF,IN,AGL,CE,Tower without Radar,2,0,28,0,30,0,1,187,0,188,2,1,215,0,218,406,0,406,624
03/10/2018,LAF,IN,AGL,CE,Tower without Radar,0,0,8,0,8,0,1,123,0,124,0,1,131,0,132,186,0,186,318
03/11/2018,LAF,IN,AGL,CE,Tower without Radar,0,0,10,0,10,0,0,54,0,54,0,0,64,0,64,106,0,106,170
03/12/2018,LAF,IN,AGL,CE,Tower without Radar,0,1,14,0,15,0,1,26,0,27,0,2,40,0,42,76,0,76,118
03/13/2018,LAF,IN,AGL,CE,Tower without Radar,0,2,13,0,15,0,1,64,0,65,0,3,77,0,80,48,0,48,128
03/14/2018,LAF,IN,AGL,CE,Tower without Radar,0,1,17,0,18,0,1,76,0,77,0,2,93,0,95,82,0,82,177
03/15/2018,LAF,IN,AGL,CE,Tower without Radar,0,1,25,0,26,0,1,94,0,95,0,2,119,0,121,130,0,130,251
03/16/2018,LAF,IN,AGL,CE,Tower without Radar,0,0,40,0,40,1,0,111,0,112,1,0,151,0,152,146,0,146,298
03/17/2018,LAF,IN,AGL,CE,Tower without Radar,0,4,3,0,7,0,0,4,0,4,0,4,7,0,11,0,0,0,11
03/18/2018,LAF,IN,AGL,CE,Tower without Radar,0,1,21,0,22,0,0,97,0,97,0,1,118,0,119,138,0,138,257
03/19/2018,LAF,IN,AGL,CE,Tower without Radar,0,1,17,0,18,0,1,165,0,166,0,2,182,0,184,195,0,195,379
03/20/2018,LAF,IN,AGL,CE,Tower without Radar,0,0,18,0,18,1,1,143,0,145,1,1,161,0,163,250,0,250,413
03/21/2018,LAF,IN,AGL,CE,Tower without Radar,2,1,17,0,20,0,0,142,0,142,2,1,159,0,162,192,0,192,354
03/22/2018,LAF,IN,AGL,CE,Tower without Radar,0,0,36,0,36,0,0,173,0,173,0,0,209,0,209,330,0,330,539
03/23/2018,LAF,IN,AGL,CE,Tower without Radar,2,0,47,0,49,0,0,187,0,187,2,0,234,0,236,286,0,286,522
03/24/2018,LAF,IN,AGL,CE,Tower without Radar,2,0,1,0,3,0,0,1,0,1,2,0,2,0,4,0,0,0,4
03/25/2018,LAF,IN,AGL,CE,Tower without Radar,0,0,10,0,10,0,2,84,6,92,0,2,94,6,102,134,0,134,236
03/26/2018,LAF,IN,AGL,CE,Tower without Radar,0,0,5,0,5,0,0,173,4,177,0,0,178,4,182,368,0,368,550
03/27/2018,LAF,IN,AGL,CE,Tower without Radar,0,3,20,0,23,0,0,0,0,0,0,3,20,0,23,0,0,0,23
03/28/2018,LAF,IN,AGL,CE,Tower without Radar,3,2,29,0,34,0,0,3,0,3,3,2,32,0,37,14,0,14,51
03/29/2018,LAF,IN,AGL,CE,Tower without Radar,5,2,26,0,33,0,0,0,0,0,5,2,26,0,33,0,0,0,33
03/30/2018,LAF,IN,AGL,CE,Tower without Radar,0,0,22,0,22,0,0,266,0,266,0,0,288,0,288,374,0,374,662
03/31/2018,LAF,IN,AGL,CE,Tower without Radar,0,3,4,0,7,0,0,36,0,36,0,3,40,0,43,124,0,124,167
04/01/2018,LAF,IN,AGL,CE,Tower without Radar,0,0,4,0,4,0,2,45,0,47,0,2,49,0,51,56,0,56,107
04/02/2018,LAF,IN,AGL,CE,Tower without Radar,0,2,9,0,11,0,0,161,0,161,0,2,170,0,172,514,0,514,686
04/03/2018,LAF,IN,AGL,CE,Tower without Radar,0,3,4,0,7,0,0,0,0,0,0,3,4,0,7,0,0,0,7
04/04/2018,LAF,IN,AGL,CE,Tower without Radar,0,2,16,0,18,0,0,13,0,13,0,2,29,0,31,64,0,64,95
04/05/2018,LAF,IN,AGL,CE,Tower without Radar,2,1,15,0,18,0,1,211,0,212,2,2,226,0,230,474,0,474,704
04/06/2018,LAF,IN,AGL,CE,Tower without Radar,0,0,11,1,12,0,0,131,7,138,0,0,142,8,150,254,0,254,404
04/07/2018,LAF,IN,AGL,CE,Tower without Radar,0,1,17,0,18,0,0,221,0,221,0,1,238,0,239,358,0,358,597
04/08/2018,LAF,IN,AGL,CE,Tower without Radar,0,0,12,0,12,0,3,124,0,127,0,3,136,0,139,276,0,276,415
04/09/2018,LAF,IN,AGL,CE,Tower without Radar,0,0,0,0,0,0,0,18,0,18,0,0,18,0,18,118,0,118,136
04/10/2018,LAF,IN,AGL,CE,Tower without Radar,0,2,38,0,40,0,0,158,0,158,0,2,196,0,198,406,0,406,604
04/11/2018,LAF,IN,AGL,CE,Tower without Radar,0,1,16,0,17,0,0,164,0,164,0,1,180,0,181,302,0,302,483
04/12/2018,LAF,IN,AGL,CE,Tower without Radar,0,1,8,0,9,0,1,70,0,71,0,2,78,0,80,70,0,70,150
04/13/2018,LAF,IN,AGL,CE,Tower without Radar,0,2,5,0,7,0,0,31,1,32,0,2,36,1,39,22,0,22,61
04/14/2018,LAF,IN,AGL,CE,Tower without Radar,5,0,3,0,8,0,0,10,0,10,5,0,13,0,18,46,0,46,64
04/15/2018,LAF,IN,AGL,CE,Tower without Radar,0,4,5,0,9,0,1,20,1,22,0,5,25,1,31,82,0,82,113
04/16/2018,LAF,IN,AGL,CE,Tower without Radar,0,0,1,0,1,0,0,1,0,1,0,0,2,0,2,0,0,0,2
04/17/2018,LAF,IN,AGL,CE,Tower without Radar,1,5,21,0,27,0,0,210,0,210,1,5,231,0,237,364,0,364,601
04/18/2018,LAF,IN,AGL,CE,Tower without Radar,0,1,19,0,20,0,0,177,0,177,0,1,196,0,197,346,0,346,543
04/19/2018,LAF,IN,AGL,CE,Tower without Radar,0,2,16,0,18,0,1,145,0,146,0,3,161,0,164,246,0,246,410
04/20/2018,LAF,IN,AGL,CE,Tower without Radar,0,1,15,0,16,0,0,206,0,206,0,1,221,0,222,394,0,394,616
04/21/2018,LAF,IN,AGL,CE,Tower without Radar,0,0,12,0,12,0,0,148,0,148,0,0,160,0,160,224,0,224,384
04/22/2018,LAF,IN,AGL,CE,Tower without Radar,0,1,10,0,11,0,1,125,0,126,0,2,135,0,137,136,0,136,273
04/23/2018,LAF,IN,AGL,CE,Tower without Radar,0,0,14,0,14,0,0,105,0,105,0,0,119,0,119,218,0,218,337
04/24/2018,LAF,IN,AGL,CE,Tower without Radar,0,3,19,0,22,0,0,32,0,32,0,3,51,0,54,130,0,130,184
04/25/2018,LAF,IN,AGL,CE,Tower without Radar,0,6,19,0,25,0,0,146,0,146,0,6,165,0,171,138,0,138,309
04/26/2018,LAF,IN,AGL,CE,Tower without Radar,0,3,34,0,37,0,0,242,0,242,0,3,276,0,279,416,0,416,695
04/27/2018,LAF,IN,AGL,CE,Tower without Radar,0,1,12,0,13,0,0,224,0,224,0,1,236,0,237,356,0,356,593
04/28/2018,LAF,IN,AGL,CE,Tower without Radar,0,1,9,0,10,0,0,106,0,106,0,1,115,0,116,122,0,122,238
04/29/2018,LAF,IN,AGL,CE,Tower without Radar,0,1,8,0,9,0,1,137,0,138,0,2,145,0,147,334,0,334,481
04/30/2018,LAF,IN,AGL,CE,Tower without Radar,0,4,8,2,14,0,1,165,0,166,0,5,173,2,180,242,0,242,422
05/01/2018,LAF,IN,AGL,CE,Tower without Radar,0,0,6,0,6,0,0,131,0,131,0,0,137,0,137,168,0,168,305
05/02/2018,LAF,IN,AGL,CE,Tower without Radar,0,0,11,0,11,0,0,94,0,94,0,0,105,0,105,116,0,116,221
05/03/2018,LAF,IN,AGL,CE,Tower without Radar,0,3,14,0,17,0,0,28,0,28,0,3,42,0,45,180,0,180,225
05/04/2018,LAF,IN,AGL,CE,Tower without Radar,0,3,12,0,15,0,0,52,0,52,0,3,64,0,67,80,0,80,147
05/05/2018,LAF,IN,AGL,CE,Tower without Radar,0,1,22,0,23,0,6,142,0,148,0,7,164,0,171,266,0,266,437
05/06/2018,LAF,IN,AGL,CE,Tower without Radar,0,2,10,0,12,0,1,76,0,77,0,3,86,0,89,194,0,194,283
05/07/2018,LAF,IN,AGL,CE,Tower without Radar,0,1,16,0,17,0,1,165,0,166,0,2,181,0,183,260,0,260,443
05/08/2018,LAF,IN,AGL,CE,Tower without Radar,1,2,14,0,17,0,0,128,0,128,1,2,142,0,145,298,0,298,443
05/09/2018,LAF,IN,AGL,CE,Tower without Radar,0,2,5,0,7,0,0,37,3,40,0,2,42,3,47,106,0,106,153
05/10/2018,LAF,IN,AGL,CE,Tower without Radar,0,4,15,0,19,0,0,105,0,105,0,4,120,0,124,306,0,306,430
05/11/2018,LAF,IN,AGL,CE,Tower without Radar,0,4,7,2,13,0,1,73,0,74,0,5,80,2,87,232,0,232,319
05/12/2018,LAF,IN,AGL,CE,Tower without Radar,0,3,6,0,9,0,0,48,0,48,0,3,54,0,57,124,0,124,181
05/13/2018,LAF,IN,AGL,CE,Tower without Radar,0,4,6,0,10,0,0,51,0,51,0,4,57,0,61,130,0,130,191
05/14/2018,LAF,IN,AGL,CE,Tower without Radar,0,3,1,0,4,0,1,72,0,73,0,4,73,0,77,96,0,96,173
05/15/2018,LAF,IN,AGL,CE,Tower without Radar,0,0,5,0,5,0,0,37,0,37,0,0,42,0,42,76,0,76,118
05/16/2018,LAF,IN,AGL,CE,Tower without Radar,0,0,11,0,11,0,1,154,0,155,0,1,165,0,166,316,0,316,482
05/17/2018,LAF,IN,AGL,CE,Tower without Radar,0,2,11,0,13,0,3,139,0,142,0,5,150,0,155,188,0,188,343
05/18/2018,LAF,IN,AGL,CE,Tower without Radar,0,1,11,0,12,0,0,39,0,39,0,1,50,0,51,80,0,80,131
05/19/2018,LAF,IN,AGL,CE,Tower without Radar,0,0,4,0,4,0,0,20,0,20,0,0,24,0,24,64,0,64,88
05/20/2018,LAF,IN,AGL,CE,Tower without Radar,0,1,3,0,4,0,1,51,0,52,0,2,54,0,56,128,0,128,184
05/21/2018,LAF,IN,AGL,CE,Tower without Radar,0,0,8,0,8,0,0,88,0,88,0,0,96,0,96,256,0,256,352
05/22/2018,LAF,IN,AGL,CE,Tower without Radar,0,0,27,0,27,0,1,134,0,135,0,1,161,0,162,234,0,234,396
05/23/2018,LAF,IN,AGL,CE,Tower without Radar,0,1,16,0,17,0,0,146,0,146,0,1,162,0,163,292,0,292,455
05/24/2018,LAF,IN,AGL,CE,Tower without Radar,0,2,9,0,11,0,1,178,0,179,0,3,187,0,190,238,0,238,428
05/25/2018,LAF,IN,AGL,CE,Tower without Radar,0,0,14,0,14,0,2,157,0,159,0,2,171,0,173,304,0,304,477
05/26/2018,LAF,IN,AGL,CE,Tower without Radar,0,1,9,0,10,0,1,32,0,33,0,2,41,0,43,112,0,112,155
05/27/2018,LAF,IN,AGL,CE,Tower without Radar,0,0,1,0,1,0,1,63,0,64,0,1,64,0,65,110,0,110,175
05/28/2018,LAF,IN,AGL,CE,Tower without Radar,0,0,0,0,0,0,0,52,0,52,0,0,52,0,52,62,0,62,114
05/29/2018,LAF,IN,AGL,CE,Tower without Radar,0,0,6,0,6,0,1,100,0,101,0,1,106,0,107,148,0,148,255
05/30/2018,LAF,IN,AGL,CE,Tower without Radar,0,0,3,0,3,0,1,24,0,25,0,1,27,0,28,58,0,58,86
05/31/2018,LAF,IN,AGL,CE,Tower without Radar,0,0,4,0,4,0,0,118,0,118,0,0,122,0,122,296,0,296,418
06/01/2018,LAF,IN,AGL,CE,Tower without Radar,0,0,8,0,8,0,2,65,0,67,0,2,73,0,75,240,0,240,315
06/02/2018,LAF,IN,AGL,CE,Tower without Radar,0,1,8,0,9,0,1,45,0,46,0,2,53,0,55,158,0,158,213
06/03/2018,LAF,IN,AGL,CE,Tower without Radar,0,2,6,0,8,0,1,10,0,11,0,3,16,0,19,4,0,4,23
06/04/2018,LAF,IN,AGL,CE,Tower without Radar,0,0,12,0,12,0,1,149,0,150,0,1,161,0,162,202,0,202,364
06/05/2018,LAF,IN,AGL,CE,Tower without Radar,0,0,10,0,10,0,0,89,0,89,0,0,99,0,99,152,0,152,251
06/06/2018,LAF,IN,AGL,CE,Tower without Radar,0,2,7,0,9,0,0,180,4,184,0,2,187,4,193,316,0,316,509
06/07/2018,LAF,IN,AGL,CE,Tower without Radar,0,7,9,0,16,0,0,93,0,93,0,7,102,0,109,240,0,240,349
06/08/2018,LAF,IN,AGL,CE,Tower without Radar,0,0,4,0,4,0,0,87,0,87,0,0,91,0,91,242,0,242,333
06/09/2018,LAF,IN,AGL,CE,Tower without Radar,0,0,8,0,8,0,2,52,0,54,0,2,60,0,62,98,0,98,160
06/10/2018,LAF,IN,AGL,CE,Tower without Radar,0,0,3,0,3,0,0,0,0,0,0,0,3,0,3,0,0,0,3
06/11/2018,LAF,IN,AGL,CE,Tower without Radar,0,2,11,0,13,0,0,67,0,67,0,2,78,0,80,122,0,122,202
06/12/2018,LAF,IN,AGL,CE,Tower without Radar,0,0,8,0,8,0,0,129,0,129,0,0,137,0,137,476,0,476,613
06/13/2018,LAF,IN,AGL,CE,Tower without Radar,0,0,22,0,22,0,0,144,0,144,0,0,166,0,166,154,0,154,320
06/14/2018,LAF,IN,AGL,CE,Tower without Radar,0,0,8,0,8,0,0,281,0,281,0,0,289,0,289,358,0,358,647
06/15/2018,LAF,IN,AGL,CE,Tower without Radar,0,0,4,0,4,0,0,191,0,191,0,0,195,0,195,526,0,526,721
06/16/2018,LAF,IN,AGL,CE,Tower without Radar,0,0,3,0,3,0,1,138,0,139,0,1,141,0,142,354,0,354,496
06/17/2018,LAF,IN,AGL,CE,Tower without Radar,0,0,3,0,3,0,1,95,0,96,0,1,98,0,99,78,0,78,177
06/18/2018,LAF,IN,AGL,CE,Tower without Radar,0,0,4,0,4,0,1,243,0,244,0,1,247,0,248,592,0,592,840
06/19/2018,LAF,IN,AGL,CE,Tower without Radar,0,0,10,0,10,0,0,96,0,96,0,0,106,0,106,176,0,176,282
06/20/2018,LAF,IN,AGL,CE,Tower without Radar,0,0,18,0,18,0,0,91,0,91,0,0,109,0,109,224,0,224,333
06/21/2018,LAF,IN,AGL,CE,Tower without Radar,0,0,7,0,7,0,0,0,0,0,0,0,7,0,7,0,0,0,7
06/22/2018,LAF,IN,AGL,CE,Tower without Radar,0,0,7,0,7,0,1,48,0,49,0,1,55,0,56,132,0,132,188
06/23/2018,LAF,IN,AGL,CE,Tower without Radar,0,0,19,0,19,0,1,87,0,88,0,1,106,0,107,202,0,202,309
06/24/2018,LAF,IN,AGL,CE,Tower without Radar,0,0,9,0,9,0,0,129,0,129,0,0,138,0,138,152,0,152,290
06/25/2018,LAF,IN,AGL,CE,Tower without Radar,0,3,20,0,23,0,0,224,0,224,0,3,244,0,247,290,0,290,537
06/26/2018,LAF,IN,AGL,CE,Tower without Radar,0,0,11,0,11,0,0,94,0,94,0,0,105,0,105,258,0,258,363
06/27/2018,LAF,IN,AGL,CE,Tower without Radar,0,0,35,0,35,0,0,166,0,166,0,0,201,0,201,376,0,376,577
06/28/2018,LAF,IN,AGL,CE,Tower without Radar,0,2,18,0,20,0,0,217,0,217,0,2,235,0,237,376,0,376,613
06/29/2018,LAF,IN,AGL,CE,Tower without Radar,0,1,10,0,11,0,1,220,0,221,0,2,230,0,232,320,0,320,552
06/30/2018,LAF,IN,AGL,CE,Tower without Radar,0,0,13,0,13,0,1,141,0,142,0,1,154,0,155,178,0,178,333
07/01/2018,LAF,IN,AGL,CE,Tower without Radar,0,0,3,0,3,0,2,32,0,34,0,2,35,0,37,52,0,52,89
07/02/2018,LAF,IN,AGL,CE,Tower without Radar,0,2,15,0,17,0,0,160,0,160,0,2,175,0,177,302,0,302,479
07/03/2018,LAF,IN,AGL,CE,Tower without Radar,0,0,11,0,11,0,0,161,0,161,0,0,172,0,172,220,0,220,392
07/04/2018,LAF,IN,AGL,CE,Tower without Radar,0,0,7,0,7,0,2,88,0,90,0,2,95,0,97,180,0,180,277
07/05/2018,LAF,IN,AGL,CE,Tower without Radar,0,0,8,0,8,0,0,26,0,26,0,0,34,0,34,64,0,64,98
07/06/2018,LAF,IN,AGL,CE,Tower without Radar,0,1,23,0,24,0,1,133,0,134,0,2,156,0,158,160,0,160,318
07/07/2018,LAF,IN,AGL,CE,Tower without Radar,0,0,7,0,7,0,5,139,0,144,0,5,146,0,151,272,0,272,423
07/08/2018,LAF,IN,AGL,CE,Tower without Radar,0,0,11,0,11,0,1,112,0,113,0,1,123,0,124,110,0,110,234
07/09/2018,LAF,IN,AGL,CE,Tower without Radar,0,3,13,0,16,0,2,223,0,225,0,5,236,0,241,256,0,256,497
07/10/2018,LAF,IN,AGL,CE,Tower without Radar,0,0,11,0,11,0,0,117,0,117,0,0,128,0,128,190,0,190,318
07/11/2018,LAF,IN,AGL,CE,Tower without Radar,0,0,14,0,14,0,0,220,0,220,0,0,234,0,234,270,0,270,504
07/12/2018,LAF,IN,AGL,CE,Tower without Radar,0,1,4,0,5,0,1,192,0,193,0,2,196,0,198,284,0,284,482
07/13/2018,LAF,IN,AGL,CE,Tower without Radar,0,0,11,0,11,0,2,163,0,165,0,2,174,0,176,248,0,248,424
07/14/2018,LAF,IN,AGL,CE,Tower without Radar,0,0,2,0,2,0,0,68,0,68,0,0,70,0,70,132,0,132,202
07/15/2018,LAF,IN,AGL,CE,Tower without Radar,0,0,4,0,4,0,0,73,0,73,0,0,77,0,77,124,0,124,201
07/16/2018,LAF,IN,AGL,CE,Tower without Radar,0,0,9,0,9,0,0,61,0,61,0,0,70,0,70,214,0,214,284
07/17/2018,LAF,IN,AGL,CE,Tower without Radar,0,0,10,0,10,0,0,168,0,168,0,0,178,0,178,314,0,314,492
07/18/2018,LAF,IN,AGL,CE,Tower without Radar,0,0,11,0,11,0,1,227,0,228,0,1,238,0,239,356,0,356,595
07/19/2018,LAF,IN,AGL,CE,Tower without Radar,0,0,7,0,7,0,0,165,0,165,0,0,172,0,172,286,0,286,458
07/20/2018,LAF,IN,AGL,CE,Tower without Radar,0,1,7,0,8,0,0,43,0,43,0,1,50,0,51,120,0,120,171
07/21/2018,LAF,IN,AGL,CE,Tower without Radar,0,0,12,0,12,0,0,7,0,7,0,0,19,0,19,10,0,10,29
07/22/2018,LAF,IN,AGL,CE,Tower without Radar,0,1,16,0,17,0,0,7,0,7,0,1,23,0,24,4,0,4,28
07/23/2018,LAF,IN,AGL,CE,Tower without Radar,0,3,15,0,18,0,0,149,0,149,0,3,164,0,167,414,0,414,581
07/24/2018,LAF,IN,AGL,CE,Tower without Radar,0,3,23,2,28,0,0,165,0,165,0,3,188,2,193,308,0,308,501
07/25/2018,LAF,IN,AGL,CE,Tower without Radar,0,1,6,0,7,0,0,154,6,160,0,1,160,6,167,316,0,316,483
07/26/2018,LAF,IN,AGL,CE,Tower without Radar,0,4,13,0,17,0,0,98,3,101,0,4,111,3,118,238,0,238,356
07/27/2018,LAF,IN,AGL,CE,Tower without Radar,0,1,5,0,6,0,1,143,0,144,0,2,148,0,150,294,0,294,444
07/28/2018,LAF,IN,AGL,CE,Tower without Radar,0,1,4,0,5,0,1,92,0,93,0,2,96,0,98,238,0,238,336
07/29/2018,LAF,IN,AGL,CE,Tower without Radar,0,0,7,0,7,0,0,36,0,36,0,0,43,0,43,92,0,92,135
07/30/2018,LAF,IN,AGL,CE,Tower without Radar,0,3,12,0,15,0,1,18,0,19,0,4,30,0,34,82,0,82,116
07/31/2018,LAF,IN,AGL,CE,Tower without Radar,0,2,7,2,11,0,0,25,0,25,0,2,32,2,36,106,0,106,142
08/01/2018,LAF,IN,AGL,CE,Tower without Radar,0,0,11,0,11,0,0,82,4,86,0,0,93,4,97,222,0,222,319
08/02/2018,LAF,IN,AGL,CE,Tower without Radar,0,0,9,0,9,0,0,199,0,199,0,0,208,0,208,240,0,240,448
08/03/2018,LAF,IN,AGL,CE,Tower without Radar,0,4,5,0,9,0,1,133,4,138,0,5,138,4,147,226,0,226,373
08/04/2018,LAF,IN,AGL,CE,Tower without Radar,0,5,6,0,11,0,2,112,3,117,0,7,118,3,128,158,0,158,286
08/05/2018,LAF,IN,AGL,CE,Tower without Radar,0,0,7,0,7,0,3,75,0,78,0,3,82,0,85,86,0,86,171
08/06/2018,LAF,IN,AGL,CE,Tower without Radar,0,6,7,0,13,0,2,61,2,65,0,8,68,2,78,184,0,184,262
08/07/2018,LAF,IN,AGL,CE,Tower without Radar,0,6,7,0,13,0,0,84,0,84,0,6,91,0,97,138,0,138,235
08/08/2018,LAF,IN,AGL,CE,Tower without Radar,0,8,13,0,21,0,0,33,0,33,0,8,46,0,54,67,0,67,121
08/09/2018,LAF,IN,AGL,CE,Tower without Radar,0,5,15,0,20,0,2,121,0,123,0,7,136,0,143,210,0,210,353
08/10/2018,LAF,IN,AGL,CE,Tower without Radar,0,5,11,0,16,0,0,64,0,64,0,5,75,0,80,92,0,92,172
08/11/2018,LAF,IN,AGL,CE,Tower without Radar,0,1,4,0,5,0,0,70,0,70,0,1,74,0,75,164,0,164,239
08/12/2018,LAF,IN,AGL,CE,Tower without Radar,1,2,11,0,14,0,0,81,0,81,1,2,92,0,95,118,0,118,213
08/13/2018,LAF,IN,AGL,CE,Tower without Radar,0,6,14,0,20,0,1,63,0,64,0,7,77,0,84,120,0,120,204
08/14/2018,LAF,IN,AGL,CE,Tower without Radar,0,8,6,0,14,0,1,69,0,70,0,9,75,0,84,72,0,72,156
08/15/2018,LAF,IN,AGL,CE,Tower without Radar,0,0,12,0,12,0,0,32,0,32,0,0,44,0,44,132,0,132,176
08/16/2018,LAF,IN,AGL,CE,Tower without Radar,0,1,16,0,17,0,0,9,0,9,0,1,25,0,26,22,0,22,48
08/17/2018,LAF,IN,AGL,CE,Tower without Radar,0,6,12,0,18,0,0,17,0,17,0,6,29,0,35,46,0,46,81
08/18/2018,LAF,IN,AGL,CE,Tower without Radar,0,2,21,0,23,0,0,67,0,67,0,2,88,0,90,158,0,158,248
08/19/2018,LAF,IN,AGL,CE,Tower without Radar,0,2,14,0,16,0,2,119,0,121,0,4,133,0,137,164,0,164,301
08/20/2018,LAF,IN,AGL,CE,Tower without Radar,0,1,10,0,11,0,1,42,0,43,0,2,52,0,54,104,0,104,158
08/21/2018,LAF,IN,AGL,CE,Tower without Radar,0,1,14,0,15,0,0,11,0,11,0,1,25,0,26,90,0,90,116
08/22/2018,LAF,IN,AGL,CE,Tower without Radar,0,4,18,0,22,0,2,219,0,221,0,6,237,0,243,376,0,376,619
08/23/2018,LAF,IN,AGL,CE,Tower without Radar,0,2,18,0,20,0,1,282,0,283,0,3,300,0,303,346,0,346,649
08/24/2018,LAF,IN,AGL,CE,Tower without Radar,0,2,9,0,11,0,1,185,0,186,0,3,194,0,197,344,0,344,541
08/25/2018,LAF,IN,AGL,CE,Tower without Radar,0,0,25,0,25,0,0,36,0,36,0,0,61,0,61,38,0,38,99
08/26/2018,LAF,IN,AGL,CE,Tower without Radar,0,1,17,0,18,0,0,154,0,154,0,1,171,0,172,216,0,216,388
08/27/2018,LAF,IN,AGL,CE,Tower without Radar,0,0,19,0,19,0,1,211,0,212,0,1,230,0,231,282,0,282,513
08/28/2018,LAF,IN,AGL,CE,Tower without Radar,0,1,15,0,16,0,2,243,0,245,0,3,258,0,261,352,0,352,613
08/29/2018,LAF,IN,AGL,CE,Tower without Radar,0,4,24,0,28,0,0,170,0,170,0,4,194,0,198,350,0,350,548
08/30/2018,LAF,IN,AGL,CE,Tower without Radar,0,15,25,0,40,0,1,220,0,221,0,16,245,0,261,290,0,290,551
08/31/2018,LAF,IN,AGL,CE,Tower without Radar,0,6,35,0,41,0,2,225,0,227,0,8,260,0,268,368,0,368,636
09/01/2018,LAF,IN,AGL,CE,Tower without Radar,0,1,17,0,18,0,1,170,0,171,0,2,187,0,189,390,0,390,579
09/02/2018,LAF,IN,AGL,CE,Tower without Radar,0,0,10,0,10,0,2,87,0,89,0,2,97,0,99,162,0,162,261
09/03/2018,LAF,IN,AGL,CE,Tower without Radar,0,2,12,0,14,0,1,81,0,82,0,3,93,0,96,152,0,152,248
09/04/2018,LAF,IN,AGL,CE,Tower without Radar,0,2,33,0,35,0,1,230,2,233,0,3,263,2,268,376,0,376,644
09/05/2018,LAF,IN,AGL,CE,Tower without Radar,0,0,15,0,15,0,3,262,2,267,0,3,277,2,282,378,0,378,660
09/06/2018,LAF,IN,AGL,CE,Tower without Radar,0,0,49,0,49,0,0,78,0,78,0,0,127,0,127,368,0,368,495
09/07/2018,LAF,IN,AGL,CE,Tower without Radar,0,5,24,2,31,0,0,1,0,1,0,5,25,2,32,6,0,6,38
09/08/2018,LAF,IN,AGL,CE,Tower without Radar,0,0,21,0,21,0,0,1,0,1,0,0,22,0,22,2,0,2,24
09/09/2018,LAF,IN,AGL,CE,Tower without Radar,0,2,31,0,33,0,0,23,0,23,0,2,54,0,56,106,0,106,162
09/10/2018,LAF,IN,AGL,CE,Tower without Radar,0,1,32,0,33,0,0,223,0,223,0,1,255,0,256,426,0,426,682
09/11/2018,LAF,IN,AGL,CE,Tower without Radar,3,1,16,1,21,0,0,275,0,275,3,1,291,1,296,368,0,368,664
09/12/2018,LAF,IN,AGL,CE,Tower without Radar,0,1,19,0,20,0,1,284,0,285,0,2,303,0,305,418,0,418,723
09/13/2018,LAF,IN,AGL,CE,Tower without Radar,1,8,20,0,29,0,1,269,0,270,1,9,289,0,299,420,0,420,719
09/14/2018,LAF,IN,AGL,CE,Tower without Radar,0,2,31,0,33,0,1,310,0,311,0,3,341,0,344,478,0,478,822
09/15/2018,LAF,IN,AGL,CE,Tower without Radar,0,5,11,0,16,0,3,254,0,257,0,8,265,0,273,242,0,242,515
09/16/2018,LAF,IN,AGL,CE,Tower without Radar,0,0,17,0,17,0,0,171,0,171,0,0,188,0,188,230,0,230,418
09/17/2018,LAF,IN,AGL,CE,Tower without Radar,0,2,16,0,18,0,0,237,4,241,0,2,253,4,259,378,0,378,637
09/18/2018,LAF,IN,AGL,CE,Tower without Radar,1,6,16,0,23,0,1,145,0,146,1,7,161,0,169,252,0,252,421
09/19/2018,LAF,IN,AGL,CE,Tower without Radar,0,4,7,0,11,0,0,216,0,216,0,4,223,0,227,334,0,334,561
09/20/2018,LAF,IN,AGL,CE,Tower without Radar,0,6,23,0,29,0,2,249,0,251,0,8,272,0,280,328,0,328,608
09/21/2018,LAF,IN,AGL,CE,Tower without Radar,1,4,21,0,26,0,1,93,1,95,1,5,114,1,121,234,0,234,355
09/22/2018,LAF,IN,AGL,CE,Tower without Radar,1,4,15,1,21,0,0,154,1,155,1,4,169,2,176,68,0,68,244
09/23/2018,LAF,IN,AGL,CE,Tower without Radar,0,2,19,0,21,0,0,178,0,178,0,2,197,0,199,276,0,276,475
09/24/2018,LAF,IN,AGL,CE,Tower without Radar,0,0,31,0,31,0,0,55,0,55,0,0,86,0,86,246,0,246,332
09/25/2018,LAF,IN,AGL,CE,Tower without Radar,0,5,22,0,27,0,0,26,0,26,0,5,48,0,53,148,0,148,201
09/26/2018,LAF,IN,AGL,CE,Tower without Radar,0,0,30,0,30,0,2,232,0,234,0,2,262,0,264,410,0,410,674
09/27/2018,LAF,IN,AGL,CE,Tower without Radar,0,1,27,1,29,0,3,269,0,272,0,4,296,1,301,412,0,412,713
09/28/2018,LAF,IN,AGL,CE,Tower without Radar,2,5,31,0,38,0,1,242,0,243,2,6,273,0,281,310,0,310,591
09/29/2018,LAF,IN,AGL,CE,Tower without Radar,0,0,19,0,19,0,0,203,0,203,0,0,222,0,222,314,0,314,536
09/30/2018,LAF,IN,AGL,CE,Tower without Radar,0,1,10,0,11,0,0,112,0,112,0,1,122,0,123,194,0,194,317
10/01/2018,LAF,IN,AGL,CE,Tower without Radar,0,1,17,0,18,0,1,182,0,183,0,2,199,0,201,294,0,294,495
10/02/2018,LAF,IN,AGL,CE,Tower without Radar,0,2,46,0,48,0,0,131,0,131,0,2,177,0,179,400,0,400,579
10/03/2018,LAF,IN,AGL,CE,Tower without Radar,0,2,17,0,19,0,1,194,0,195,0,3,211,0,214,314,0,314,528
10/04/2018,LAF,IN,AGL,CE,Tower without Radar,0,2,14,1,17,0,0,113,1,114,0,2,127,2,131,188,0,188,319
10/05/2018,LAF,IN,AGL,CE,Tower without Radar,0,5,16,0,21,0,0,40,0,40,0,5,56,0,61,132,12,144,205
10/06/2018,LAF,IN,AGL,CE,Tower without Radar,0,1,10,0,11,0,0,50,0,50,0,1,60,0,61,214,0,214,275
10/07/2018,LAF,IN,AGL,CE,Tower without Radar,0,3,4,0,7,0,0,55,0,55,0,3,59,0,62,314,0,314,376
10/08/2018,LAF,IN,AGL,CE,Tower without Radar,0,2,9,0,11,0,0,114,0,114,0,2,123,0,125,472,0,472,597
10/09/2018,LAF,IN,AGL,CE,Tower without Radar,0,8,26,0,34,0,0,145,0,145,0,8,171,0,179,344,0,344,523
10/10/2018,LAF,IN,AGL,CE,Tower without Radar,0,8,16,0,24,0,0,3,0,3,0,8,19,0,27,10,0,10,37
10/11/2018,LAF,IN,AGL,CE,Tower without Radar,0,5,10,0,15,0,0,127,0,127,0,5,137,0,142,178,0,178,320
10/12/2018,LAF,IN,AGL,CE,Tower without Radar,2,3,13,0,18,0,0,82,0,82,2,3,95,0,100,188,0,188,288
10/13/2018,LAF,IN,AGL,CE,Tower without Radar,2,2,22,0,26,0,1,185,0,186,2,3,207,0,212,208,0,208,420
10/14/2018,LAF,IN,AGL,CE,Tower without Radar,0,2,21,0,23,0,0,69,2,71,0,2,90,2,94,164,4,168,262
10/15/2018,LAF,IN,AGL,CE,Tower without Radar,0,7,18,0,25,0,0,78,0,78,0,7,96,0,103,138,0,138,241
10/16/2018,LAF,IN,AGL,CE,Tower without Radar,1,7,28,0,36,0,1,238,0,239,1,8,266,0,275,368,0,368,643
10/17/2018,LAF,IN,AGL,CE,Tower without Radar,0,0,11,0,11,0,0,123,0,123,0,0,134,0,134,140,0,140,274
10/18/2018,LAF,IN,AGL,CE,Tower without Radar,0,3,10,0,13,0,0,254,0,254,0,3,264,0,267,320,0,320,587
10/19/2018,LAF,IN,AGL,CE,Tower without Radar,3,3,19,2,27,0,0,208,1,209,3,3,227,3,236,440,0,440,676
10/20/2018,LAF,IN,AGL,CE,Tower without Radar,0,10,12,0,22,0,0,86,2,88,0,10,98,2,110,86,0,86,196
10/21/2018,LAF,IN,AGL,CE,Tower without Radar,0,3,11,2,16,0,0,120,0,120,0,3,131,2,136,188,0,188,324
10/22/2018,LAF,IN,AGL,CE,Tower without Radar,0,2,23,0,25,0,1,263,0,264,0,3,286,0,289,422,0,422,711
10/23/2018,LAF,IN,AGL,CE,Tower without Radar,1,4,4,0,9,0,1,249,0,250,1,5,253,0,259,317,0,317,576
10/24/2018,LAF,IN,AGL,CE,Tower without Radar,0,2,11,0,13,0,0,251,0,251,0,2,262,0,264,380,0,380,644
10/25/2018,LAF,IN,AGL,CE,Tower without Radar,0,7,10,1,18,0,1,235,0,236,0,8,245,1,254,356,0,356,610
10/26/2018,LAF,IN,AGL,CE,Tower without Radar,1,2,13,0,16,0,0,16,0,16,1,2,29,0,32,48,0,48,80
10/27/2018,LAF,IN,AGL,CE,Tower without Radar,2,0,4,0,6,0,2,156,0,158,2,2,160,0,164,266,0,266,430
10/28/2018,LAF,IN,AGL,CE,Tower without Radar,0,3,7,0,10,0,1,20,0,21,0,4,27,0,31,18,0,18,49
10/29/2018,LAF,IN,AGL,CE,Tower without Radar,0,3,5,0,8,0,5,224,0,229,0,8,229,0,237,482,0,482,719
10/30/2018,LAF,IN,AGL,CE,Tower without Radar,0,3,12,0,15,0,2,175,0,177,0,5,187,0,192,318,0,318,510
10/31/2018,LAF,IN,AGL,CE,Tower without Radar,0,3,24,0,27,0,0,24,0,24,0,3,48,0,51,174,0,174,225
11/01/2018,LAF,IN,AGL,CE,Tower without Radar,0,2,11,0,13,0,0,5,0,5,0,2,16,0,18,40,0,40,58
11/02/2018,LAF,IN,AGL,CE,Tower without Radar,0,5,18,0,23,0,0,202,0,202,0,5,220,0,225,446,0,446,671
11/03/2018,LAF,IN,AGL,CE,Tower without Radar,0,2,22,0,24,0,0,165,1,166,0,2,187,1,190,202,0,202,392
11/04/2018,LAF,IN,AGL,CE,Tower without Radar,0,2,26,3,31,0,0,41,0,41,0,2,67,3,72,22,4,26,98
11/05/2018,LAF,IN,AGL,CE,Tower without Radar,0,6,12,0,18,0,0,162,0,162,0,6,174,0,180,318,0,318,498
11/06/2018,LAF,IN,AGL,CE,Tower without Radar,0,0,11,0,11,0,0,26,0,26,0,0,37,0,37,70,0,70,107
11/07/2018,LAF,IN,AGL,CE,Tower without Radar,0,3,10,0,13,0,1,232,0,233,0,4,242,0,246,372,0,372,618
11/08/2018,LAF,IN,AGL,CE,Tower without Radar,0,3,28,0,31,0,0,222,0,222,0,3,250,0,253,580,0,580,833
11/09/2018,LAF,IN,AGL,CE,Tower without Radar,2,2,5,0,9,0,0,15,0,15,2,2,20,0,24,40,0,40,64
11/10/2018,LAF,IN,AGL,CE,Tower without Radar,0,0,10,0,10,0,1,169,0,170,0,1,179,0,180,278,0,278,458
11/11/2018,LAF,IN,AGL,CE,Tower without Radar,0,0,21,0,21,0,1,127,0,128,0,1,148,0,149,184,0,184,333
11/12/2018,LAF,IN,AGL,CE,Tower without Radar,0,1,11,0,12,0,0,141,0,141,0,1,152,0,153,252,0,252,405
11/13/2018,LAF,IN,AGL,CE,Tower without Radar,2,1,14,0,17,0,0,120,0,120,2,1,134,0,137,378,0,378,515
11/14/2018,LAF,IN,AGL,CE,Tower without Radar,0,2,20,0,22,0,2,178,0,180,0,4,198,0,202,298,0,298,500
11/15/2018,LAF,IN,AGL,CE,Tower without Radar,1,3,2,0,6,0,0,3,0,3,1,3,5,0,9,8,0,8,17
11/16/2018,LAF,IN,AGL,CE,Tower without Radar,1,8,11,1,21,0,0,56,0,56,1,8,67,1,77,322,0,322,399
11/17/2018,LAF,IN,AGL,CE,Tower without Radar,0,10,5,0,15,0,0,22,2,24,0,10,27,2,39,34,0,34,73
11/18/2018,LAF,IN,AGL,CE,Tower without Radar,0,3,5,0,8,0,1,1,0,2,0,4,6,0,10,0,0,0,10
11/19/2018,LAF,IN,AGL,CE,Tower without Radar,0,4,5,0,9,0,2,14,0,16,0,6,19,0,25,36,0,36,61
11/20/2018,LAF,IN,AGL,CE,Tower without Radar,0,8,10,0,18,0,3,67,0,70,0,11,77,0,88,278,0,278,366
11/21/2018,LAF,IN,AGL,CE,Tower without Radar,0,4,10,0,14,0,0,41,0,41,0,4,51,0,55,112,0,112,167
11/22/2018,LAF,IN,AGL,CE,Tower without Radar,0,0,4,0,4,0,0,6,0,6,0,0,10,0,10,4,0,4,14
11/23/2018,LAF,IN,AGL,CE,Tower without Radar,0,0,7,0,7,0,0,25,0,25,0,0,32,0,32,16,0,16,48
11/24/2018,LAF,IN,AGL,CE,Tower without Radar,0,1,8,0,9,0,0,12,0,12,0,1,20,0,21,6,0,6,27
11/25/2018,LAF,IN,AGL,CE,Tower without Radar,0,0,14,0,14,0,0,31,0,31,0,0,45,0,45,64,0,64,109
11/26/2018,LAF,IN,AGL,CE,Tower without Radar,0,1,9,0,10,0,0,0,0,0,0,1,9,0,10,0,0,0,10
11/27/2018,LAF,IN,AGL,CE,Tower without Radar,1,3,8,0,12,0,0,11,0,11,1,3,19,0,23,30,0,30,53
11/28/2018,LAF,IN,AGL,CE,Tower without Radar,0,1,19,0,20,0,1,261,0,262,0,2,280,0,282,448,0,448,730
11/29/2018,LAF,IN,AGL,CE,Tower without Radar,1,0,17,0,18,0,1,153,0,154,1,1,170,0,172,242,0,242,414
11/30/2018,LAF,IN,AGL,CE,Tower without Radar,0,4,3,0,7,0,0,16,0,16,0,4,19,0,23,88,0,88,111
12/01/2018,LAF,IN,AGL,CE,Tower without Radar,0,1,4,0,5,0,0,0,0,0,0,1,4,0,5,0,0,0,5
12/02/2018,LAF,IN,AGL,CE,Tower without Radar,0,0,11,0,11,0,0,88,0,88,0,0,99,0,99,202,0,202,301
12/03/2018,LAF,IN,AGL,CE,Tower without Radar,0,1,11,0,12,0,1,4,0,5,0,2,15,0,17,18,0,18,35
12/04/2018,LAF,IN,AGL,CE,Tower without Radar,0,2,6,0,8,0,0,84,0,84,0,2,90,0,92,390,0,390,482
12/05/2018,LAF,IN,AGL,CE,Tower without Radar,2,1,17,0,20,0,1,89,0,90,2,2,106,0,110,264,0,264,374
12/06/2018,LAF,IN,AGL,CE,Tower without Radar,0,2,13,0,15,0,0,40,0,40,0,2,53,0,55,74,0,74,129
12/07/2018,LAF,IN,AGL,CE,Tower without Radar,0,8,12,0,20,0,3,257,0,260,0,11,269,0,280,484,0,484,764
12/08/2018,LAF,IN,AGL,CE,Tower without Radar,1,0,10,0,11,0,0,166,0,166,1,0,176,0,177,316,0,316,493
12/09/2018,LAF,IN,AGL,CE,Tower without Radar,0,0,7,0,7,0,1,144,0,145,0,1,151,0,152,218,0,218,370
12/10/2018,LAF,IN,AGL,CE,Tower without Radar,0,2,8,0,10,0,0,2,0,2,0,2,10,0,12,4,0,4,16
12/11/2018,LAF,IN,AGL,CE,Tower without Radar,1,0,8,0,9,0,1,263,0,264,1,1,271,0,273,254,0,254,527
12/12/2018,LAF,IN,AGL,CE,Tower without Radar,0,2,13,0,15,0,1,130,0,131,0,3,143,0,146,260,0,260,406
12/13/2018,LAF,IN,AGL,CE,Tower without Radar,1,4,16,0,21,0,0,8,0,8,1,4,24,0,29,2,0,2,31
12/14/2018,LAF,IN,AGL,CE,Tower without Radar,0,6,13,0,19,0,0,3,0,3,0,6,16,0,22,4,0,4,26
12/15/2018,LAF,IN,AGL,CE,Tower without Radar,1,5,9,0,15,0,1,72,0,73,1,6,81,0,88,78,0,78,166
12/16/2018,LAF,IN,AGL,CE,Tower without Radar,0,6,7,4,17,0,1,64,2,67,0,7,71,6,84,72,0,72,156
12/17/2018,LAF,IN,AGL,CE,Tower without Radar,0,5,9,0,14,0,3,84,0,87,0,8,93,0,101,150,0,150,251
12/18/2018,LAF,IN,AGL,CE,Tower without Radar,0,6,8,0,14,0,0,87,0,87,0,6,95,0,101,172,0,172,273
12/19/2018,LAF,IN,AGL,CE,Tower without Radar,0,5,10,0,15,0,0,62,0,62,0,5,72,0,77,80,0,80,157
12/20/2018,LAF,IN,AGL,CE,Tower without Radar,1,4,8,0,13,0,0,18,0,18,1,4,26,0,31,60,0,60,91
12/21/2018,LAF,IN,AGL,CE,Tower without Radar,3,5,5,0,13,0,0,2,0,2,3,5,7,0,15,12,0,12,27
12/22/2018,LAF,IN,AGL,CE,Tower without Radar,0,2,8,0,10,0,1,25,0,26,0,3,33,0,36,34,0,34,70
12/23/2018,LAF,IN,AGL,CE,Tower without Radar,0,0,0,0,0,0,2,10,0,12,0,2,10,0,12,12,0,12,24
12/24/2018,LAF,IN,AGL,CE,Tower without Radar,4,0,0,0,4,0,1,34,0,35,4,1,34,0,39,2,0,2,41
12/25/2018,LAF,IN,AGL,CE,Tower without Radar,0,0,0,0,0,0,0,2,0,2,0,0,2,0,2,0,0,0,2
12/26/2018,LAF,IN,AGL,CE,Tower without Radar,0,2,12,0,14,0,0,28,0,28,0,2,40,0,42,74,0,74,116
12/27/2018,LAF,IN,AGL,CE,Tower without Radar,0,5,1,0,6,1,2,2,0,5,1,7,3,0,11,0,0,0,11
12/28/2018,LAF,IN,AGL,CE,Tower without Radar,2,2,7,0,11,0,1,0,0,1,2,3,7,0,12,0,0,0,12
12/29/2018,LAF,IN,AGL,CE,Tower without Radar,0,4,4,0,8,0,0,1,0,1,0,4,5,0,9,0,0,0,9
12/30/2018,LAF,IN,AGL,CE,Tower without Radar,0,2,14,0,16,0,0,27,0,27,0,2,41,0,43,44,0,44,87
12/31/2018,LAF,IN,AGL,CE,Tower without Radar,0,1,0,0,1,0,0,0,0,0,0,1,0,0,1,0,0,0,1
01/01/2019,LAF,IN,AGL,CE,Tower without Radar,0,2,1,0,3,0,0,0,0,0,0,2,1,0,3,0,0,0,3
01/02/2019,LAF,IN,AGL,CE,Tower without Radar,0,1,6,0,7,0,0,3,0,3,0,1,9,0,10,8,0,8,18
01/03/2019,LAF,IN,AGL,CE,Tower without Radar,0,4,7,0,11,0,0,71,0,71,0,4,78,0,82,150,0,150,232
01/04/2019,LAF,IN,AGL,CE,Tower without Radar,2,2,10,0,14,0,3,68,0,71,2,5,78,0,85,96,0,96,181
01/05/2019,LAF,IN,AGL,CE,Tower without Radar,2,0,15,0,17,0,0,69,0,69,2,0,84,0,86,48,0,48,134
01/06/2019,LAF,IN,AGL,CE,Tower without Radar,0,2,16,0,18,0,0,57,0,57,0,2,73,0,75,76,0,76,151
01/07/2019,LAF,IN,AGL,CE,Tower without Radar,0,8,5,0,13,0,0,8,0,8,0,8,13,0,21,2,0,2,23
01/08/2019,LAF,IN,AGL,CE,Tower without Radar,0,4,14,0,18,0,0,34,0,34,0,4,48,0,52,32,0,32,84
01/09/2019,LAF,IN,AGL,CE,Tower without Radar,0,1,14,0,15,0,1,81,0,82,0,2,95,0,97,214,0,214,311
01/10/2019,LAF,IN,AGL,CE,Tower without Radar,1,4,12,0,17,0,3,171,0,174,1,7,183,0,191,396,0,396,587
01/11/2019,LAF,IN,AGL,CE,Tower without Radar,0,2,8,0,10,0,0,105,0,105,0,2,113,0,115,394,0,394,509
01/12/2019,LAF,IN,AGL,CE,Tower without Radar,0,0,0,0,0,0,0,0,0,0,0,0,0,0,0,0,0,0,0
01/13/2019,LAF,IN,AGL,CE,Tower without Radar,1,2,4,0,7,0,0,9,0,9,1,2,13,0,16,58,0,58,74
01/14/2019,LAF,IN,AGL,CE,Tower without Radar,0,0,9,0,9,0,0,121,0,121,0,0,130,0,130,218,0,218,348
01/15/2019,LAF,IN,AGL,CE,Tower without Radar,0,4,3,0,7,0,0,0,0,0,0,4,3,0,7,0,0,0,7
01/16/2019,LAF,IN,AGL,CE,Tower without Radar,0,2,5,0,7,0,0,36,0,36,0,2,41,0,43,122,0,122,165
01/17/2019,LAF,IN,AGL,CE,Tower without Radar,0,1,2,0,3,0,0,0,0,0,0,1,2,0,3,0,0,0,3
01/18/2019,LAF,IN,AGL,CE,Tower without Radar,1,3,9,0,13,0,0,17,0,17,1,3,26,0,30,84,0,84,114
01/19/2019,LAF,IN,AGL,CE,Tower without Radar,0,0,0,0,0,0,0,0,0,0,0,0,0,0,0,0,0,0,0
01/20/2019,LAF,IN,AGL,CE,Tower without Radar,0,0,10,0,10,0,0,121,0,121,0,0,131,0,131,112,0,112,243
01/21/2019,LAF,IN,AGL,CE,Tower without Radar,0,0,9,0,9,0,0,39,0,39,0,0,48,0,48,56,0,56,104
01/22/2019,LAF,IN,AGL,CE,Tower without Radar,1,6,14,0,21,0,0,49,0,49,1,6,63,0,70,16,0,16,86
01/23/2019,LAF,IN,AGL,CE,Tower without Radar,0,3,2,0,5,0,0,0,0,0,0,3,2,0,5,0,0,0,5
01/24/2019,LAF,IN,AGL,CE,Tower without Radar,0,4,11,0,15,0,0,85,0,85,0,4,96,0,100,202,0,202,302
01/25/2019,LAF,IN,AGL,CE,Tower without Radar,0,0,10,0,10,0,3,229,0,232,0,3,239,0,242,306,0,306,548
01/26/2019,LAF,IN,AGL,CE,Tower without Radar,1,3,12,0,16,0,0,132,0,132,1,3,144,0,148,106,0,106,254
01/27/2019,LAF,IN,AGL,CE,Tower without Radar,0,3,21,0,24,0,0,182,0,182,0,3,203,0,206,220,0,220,426
01/28/2019,LAF,IN,AGL,CE,Tower without Radar,1,0,4,0,5,0,0,1,0,1,1,0,5,0,6,0,0,0,6
01/29/2019,LAF,IN,AGL,CE,Tower without Radar,1,0,6,0,7,0,0,41,0,41,1,0,47,0,48,58,0,58,106
01/30/2019,LAF,IN,AGL,CE,Tower without Radar,2,11,4,0,17,0,1,0,0,1,2,12,4,0,18,0,0,0,18
01/31/2019,LAF,IN,AGL,CE,Tower without Radar,0,1,17,1,19,0,2,197,0,199,0,3,214,1,218,172,0,172,390
02/01/2019,LAF,IN,AGL,CE,Tower without Radar,0,4,22,0,26,0,2,206,0,208,0,6,228,0,234,228,0,228,462
02/02/2019,LAF,IN,AGL,CE,Tower without Radar,2,1,10,0,13,0,0,26,0,26,2,1,36,0,39,18,0,18,57
02/03/2019,LAF,IN,AGL,CE,Tower without Radar,0,5,61,0,66,0,0,162,0,162,0,5,223,0,228,174,0,174,402
02/04/2019,LAF,IN,AGL,CE,Tower without Radar,0,0,27,0,27,0,0,29,0,29,0,0,56,0,56,72,0,72,128
02/05/2019,LAF,IN,AGL,CE,Tower without Radar,0,8,24,0,32,0,0,4,0,4,0,8,28,0,36,0,0,0,36
02/06/2019,LAF,IN,AGL,CE,Tower without Radar,0,4,28,0,32,0,0,0,0,0,0,4,28,0,32,6,0,6,38
02/07/2019,LAF,IN,AGL,CE,Tower without Radar,0,4,8,0,12,0,0,1,0,1,0,4,9,0,13,2,0,2,15
02/08/2019,LAF,IN,AGL,CE,Tower without Radar,2,0,12,0,14,0,1,136,0,137,2,1,148,0,151,124,0,124,275
02/09/2019,LAF,IN,AGL,CE,Tower without Radar,2,2,26,0,30,0,3,273,0,276,2,5,299,0,306,332,0,332,638
02/10/2019,LAF,IN,AGL,CE,Tower without Radar,0,7,3,0,10,0,0,28,0,28,0,7,31,0,38,48,0,48,86
02/11/2019,LAF,IN,AGL,CE,Tower without Radar,0,2,2,0,4,0,0,0,0,0,0,2,2,0,4,0,0,0,4
02/12/2019,LAF,IN,AGL,CE,Tower without Radar,0,6,3,0,9,0,0,0,0,0,0,6,3,0,9,0,0,0,9
02/13/2019,LAF,IN,AGL,CE,Tower without Radar,0,10,26,0,36,0,0,127,0,127,0,10,153,0,163,140,0,140,303
02/14/2019,LAF,IN,AGL,CE,Tower without Radar,0,4,19,1,24,0,0,207,0,207,0,4,226,1,231,200,0,200,431
02/15/2019,LAF,IN,AGL,CE,Tower without Radar,1,1,28,0,30,0,0,155,0,155,1,1,183,0,185,310,0,310,495
02/16/2019,LAF,IN,AGL,CE,Tower without Radar,2,2,15,0,19,0,0,122,0,122,2,2,137,0,141,372,0,372,513
02/17/2019,LAF,IN,AGL,CE,Tower without Radar,0,0,4,0,4,0,0,0,0,0,0,0,4,0,4,0,0,0,4
02/18/2019,LAF,IN,AGL,CE,Tower without Radar,0,2,11,0,13,0,0,81,0,81,0,2,92,0,94,274,0,274,368
02/19/2019,LAF,IN,AGL,CE,Tower without Radar,1,1,30,0,32,0,0,260,5,265,1,1,290,5,297,344,0,344,641
02/20/2019,LAF,IN,AGL,CE,Tower without Radar,0,5,3,0,8,0,0,0,0,0,0,5,3,0,8,0,0,0,8
02/21/2019,LAF,IN,AGL,CE,Tower without Radar,0,2,35,0,37,0,0,223,0,223,0,2,258,0,260,396,0,396,656
02/22/2019,LAF,IN,AGL,CE,Tower without Radar,2,1,27,0,30,0,1,289,0,290,2,2,316,0,320,288,0,288,608
02/23/2019,LAF,IN,AGL,CE,Tower without Radar,0,0,24,0,24,0,0,0,0,0,0,0,24,0,24,2,0,2,26
02/24/2019,LAF,IN,AGL,CE,Tower without Radar,3,1,10,0,14,0,0,0,0,0,3,1,10,0,14,0,0,0,14
02/25/2019,LAF,IN,AGL,CE,Tower without Radar,0,0,27,0,27,0,0,191,0,191,0,0,218,0,218,236,0,236,454
02/26/2019,LAF,IN,AGL,CE,Tower without Radar,0,3,29,0,32,0,3,221,0,224,0,6,250,0,256,276,0,276,532
02/27/2019,LAF,IN,AGL,CE,Tower without Radar,0,4,18,0,22,0,0,140,0,140,0,4,158,0,162,282,0,282,444
02/28/2019,LAF,IN,AGL,CE,Tower without Radar,0,2,15,0,17,0,0,171,0,171,0,2,186,0,188,269,0,269,457
03/01/2019,LAF,IN,AGL,CE,Tower without Radar,0,2,30,0,32,0,0,214,0,214,0,2,244,0,246,282,0,282,528
03/02/2019,LAF,IN,AGL,CE,Tower without Radar,1,2,12,0,15,0,0,37,0,37,1,2,49,0,52,218,0,218,270
03/03/2019,LAF,IN,AGL,CE,Tower without Radar,0,0,3,0,3,0,2,1,0,3,0,2,4,0,6,0,0,0,6
03/04/2019,LAF,IN,AGL,CE,Tower without Radar,1,3,28,0,32,0,1,127,0,128,1,4,155,0,160,142,0,142,302
03/05/2019,LAF,IN,AGL,CE,Tower without Radar,0,0,19,0,19,0,0,64,0,64,0,0,83,0,83,92,0,92,175
03/06/2019,LAF,IN,AGL,CE,Tower without Radar,0,9,18,0,27,0,1,157,2,160,0,10,175,2,187,244,0,244,431
03/07/2019,LAF,IN,AGL,CE,Tower without Radar,0,3,13,0,16,0,0,166,0,166,0,3,179,0,182,278,0,278,460
03/08/2019,LAF,IN,AGL,CE,Tower without Radar,0,0,6,0,6,0,1,54,0,55,0,1,60,0,61,126,0,126,187
03/09/2019,LAF,IN,AGL,CE,Tower without Radar,0,0,6,0,6,0,0,0,0,0,0,0,6,0,6,0,0,0,6
03/10/2019,LAF,IN,AGL,CE,Tower without Radar,0,2,7,0,9,0,2,3,0,5,0,4,10,0,14,0,0,0,14
03/11/2019,LAF,IN,AGL,CE,Tower without Radar,0,1,14,0,15,0,0,82,0,82,0,1,96,0,97,56,0,56,153
03/12/2019,LAF,IN,AGL,CE,Tower without Radar,0,2,11,0,13,0,0,84,0,84,0,2,95,0,97,90,0,90,187
03/13/2019,LAF,IN,AGL,CE,Tower without Radar,0,2,13,0,15,0,1,19,0,20,0,3,32,0,35,14,0,14,49
03/14/2019,LAF,IN,AGL,CE,Tower without Radar,0,0,5,0,5,0,0,1,0,1,0,0,6,0,6,0,0,0,6
03/15/2019,LAF,IN,AGL,CE,Tower without Radar,0,0,5,0,5,0,0,2,0,2,0,0,7,0,7,0,0,0,7
03/16/2019,LAF,IN,AGL,CE,Tower without Radar,0,0,15,0,15,0,0,44,0,44,0,0,59,0,59,28,0,28,87
03/17/2019,LAF,IN,AGL,CE,Tower without Radar,0,0,15,0,15,0,0,8,0,8,0,0,23,0,23,20,0,20,43
03/18/2019,LAF,IN,AGL,CE,Tower without Radar,0,1,17,0,18,0,0,163,0,163,0,1,180,0,181,324,0,324,505
03/19/2019,LAF,IN,AGL,CE,Tower without Radar,2,4,21,0,27,0,0,263,0,263,2,4,284,0,290,302,0,302,592
03/20/2019,LAF,IN,AGL,CE,Tower without Radar,1,1,15,0,17,0,1,50,0,51,1,2,65,0,68,146,0,146,214
03/21/2019,LAF,IN,AGL,CE,Tower without Radar,0,2,20,0,22,0,0,1,0,1,0,2,21,0,23,4,0,4,27
03/22/2019,LAF,IN,AGL,CE,Tower without Radar,0,2,6,0,8,0,0,100,0,100,0,2,106,0,108,58,0,58,166
03/23/2019,LAF,IN,AGL,CE,Tower without Radar,0,0,9,0,9,0,0,227,0,227,0,0,236,0,236,360,0,360,596
03/24/2019,LAF,IN,AGL,CE,Tower without Radar,0,2,15,0,17,0,1,44,0,45,0,3,59,0,62,182,0,182,244
03/25/2019,LAF,IN,AGL,CE,Tower without Radar,0,0,11,0,11,0,0,134,0,134,0,0,145,0,145,232,0,232,377
03/26/2019,LAF,IN,AGL,CE,Tower without Radar,0,5,16,0,21,0,1,285,0,286,0,6,301,0,307,256,0,256,563
03/27/2019,LAF,IN,AGL,CE,Tower without Radar,1,1,14,0,16,0,0,253,0,253,1,1,267,0,269,360,0,360,629
03/28/2019,LAF,IN,AGL,CE,Tower without Radar,0,3,18,0,21,0,0,125,0,125,0,3,143,0,146,206,0,206,352
03/29/2019,LAF,IN,AGL,CE,Tower without Radar,0,1,14,0,15,0,0,0,0,0,0,1,14,0,15,0,0,0,15
03/30/2019,LAF,IN,AGL,CE,Tower without Radar,0,0,15,0,15,0,0,0,0,0,0,0,15,0,15,10,0,10,25
03/31/2019,LAF,IN,AGL,CE,Tower without Radar,0,1,13,0,14,0,3,135,0,138,0,4,148,0,152,154,0,154,306
04/01/2019,LAF,IN,AGL,CE,Tower without Radar,0,4,18,0,22,0,1,192,0,193,0,5,210,0,215,280,0,280,495
04/02/2019,LAF,IN,AGL,CE,Tower without Radar,0,4,17,0,21,0,2,254,0,256,0,6,271,0,277,330,0,330,607
04/03/2019,LAF,IN,AGL,CE,Tower without Radar,0,0,14,0,14,0,3,216,0,219,0,3,230,0,233,440,0,440,673
04/04/2019,LAF,IN,AGL,CE,Tower without Radar,1,2,8,0,11,0,0,83,0,83,1,2,91,0,94,118,0,118,212
04/05/2019,LAF,IN,AGL,CE,Tower without Radar,0,4,31,0,35,0,0,66,0,66,0,4,97,0,101,318,0,318,419
04/06/2019,LAF,IN,AGL,CE,Tower without Radar,0,1,12,0,13,0,0,176,0,176,0,1,188,0,189,264,0,264,453
04/07/2019,LAF,IN,AGL,CE,Tower without Radar,0,2,13,0,15,0,0,58,0,58,0,2,71,0,73,180,0,180,253
04/08/2019,LAF,IN,AGL,CE,Tower without Radar,0,2,12,0,14,0,0,183,0,183,0,2,195,0,197,334,0,334,531
04/09/2019,LAF,IN,AGL,CE,Tower without Radar,0,7,13,0,20,0,0,277,0,277,0,7,290,0,297,308,0,308,605
04/10/2019,LAF,IN,AGL,CE,Tower without Radar,0,3,10,0,13,0,0,89,7,96,0,3,99,7,109,244,0,244,353
04/11/2019,LAF,IN,AGL,CE,Tower without Radar,0,5,5,1,11,0,0,32,0,32,0,5,37,1,43,46,0,46,89
04/12/2019,LAF,IN,AGL,CE,Tower without Radar,0,2,11,1,14,0,1,40,7,48,0,3,51,8,62,80,0,80,142
04/13/2019,LAF,IN,AGL,CE,Tower without Radar,5,2,18,0,25,1,0,189,3,193,6,2,207,3,218,108,0,108,326
04/14/2019,LAF,IN,AGL,CE,Tower without Radar,0,4,4,0,8,0,0,0,1,1,0,4,4,1,9,0,0,0,9
04/15/2019,LAF,IN,AGL,CE,Tower without Radar,0,0,3,0,3,0,0,238,0,238,0,0,241,0,241,448,0,448,689
04/16/2019,LAF,IN,AGL,CE,Tower without Radar,0,9,15,0,24,0,0,170,0,170,0,9,185,0,194,276,0,276,470
04/17/2019,LAF,IN,AGL,CE,Tower without Radar,0,10,20,0,30,0,0,178,0,178,0,10,198,0,208,416,0,416,624
04/18/2019,LAF,IN,AGL,CE,Tower without Radar,0,1,14,0,15,0,0,4,0,4,0,1,18,0,19,8,0,8,27
04/19/2019,LAF,IN,AGL,CE,Tower without Radar,0,0,6,0,6,0,0,5,0,5,0,0,11,0,11,16,0,16,27
04/20/2019,LAF,IN,AGL,CE,Tower without Radar,0,0,9,0,9,0,0,23,0,23,0,0,32,0,32,32,0,32,64
04/21/2019,LAF,IN,AGL,CE,Tower without Radar,0,1,9,0,10,0,6,159,0,165,0,7,168,0,175,250,0,250,425
04/22/2019,LAF,IN,AGL,CE,Tower without Radar,0,1,13,0,14,0,3,162,0,165,0,4,175,0,179,284,0,284,463
04/23/2019,LAF,IN,AGL,CE,Tower without Radar,1,8,18,0,27,0,0,20,0,20,1,8,38,0,47,98,0,98,145
04/24/2019,LAF,IN,AGL,CE,Tower without Radar,0,0,12,0,12,0,2,172,0,174,0,2,184,0,186,340,0,340,526
04/25/2019,LAF,IN,AGL,CE,Tower without Radar,0,3,41,0,44,0,0,0,0,0,0,3,41,0,44,12,0,12,56
04/26/2019,LAF,IN,AGL,CE,Tower without Radar,0,7,16,0,23,0,0,77,0,77,0,7,93,0,100,62,0,62,162
04/27/2019,LAF,IN,AGL,CE,Tower without Radar,0,6,4,0,10,0,1,86,0,87,0,7,90,0,97,226,0,226,323
04/28/2019,LAF,IN,AGL,CE,Tower without Radar,0,5,20,0,25,0,0,176,0,176,0,5,196,0,201,312,0,312,513
04/29/2019,LAF,IN,AGL,CE,Tower without Radar,0,3,10,0,13,0,1,15,0,16,0,4,25,0,29,10,0,10,39
04/30/2019,LAF,IN,AGL,CE,Tower without Radar,0,0,10,0,10,0,0,1,0,1,0,0,11,0,11,0,0,0,11
05/01/2019,LAF,IN,AGL,CE,Tower without Radar,0,2,26,0,28,0,3,42,0,45,0,5,68,0,73,146,0,146,219
05/02/2019,LAF,IN,AGL,CE,Tower without Radar,0,0,4,0,4,0,1,7,0,8,0,1,11,0,12,14,0,14,26
05/03/2019,LAF,IN,AGL,CE,Tower without Radar,0,0,27,0,27,0,0,6,0,6,0,0,33,0,33,56,0,56,89
05/04/2019,LAF,IN,AGL,CE,Tower without Radar,0,4,18,0,22,0,1,57,0,58,0,5,75,0,80,176,0,176,256
05/05/2019,LAF,IN,AGL,CE,Tower without Radar,0,2,7,0,9,0,0,132,0,132,0,2,139,0,141,218,0,218,359
05/06/2019,LAF,IN,AGL,CE,Tower without Radar,0,1,8,0,9,0,1,170,0,171,0,2,178,0,180,232,0,232,412
05/07/2019,LAF,IN,AGL,CE,Tower without Radar,0,2,8,0,10,0,1,174,0,175,0,3,182,0,185,368,0,368,553
05/08/2019,LAF,IN,AGL,CE,Tower without Radar,0,3,13,0,16,0,0,96,0,96,0,3,109,0,112,136,0,136,248
05/09/2019,LAF,IN,AGL,CE,Tower without Radar,0,0,20,0,20,0,0,15,0,15,0,0,35,0,35,64,0,64,99
05/10/2019,LAF,IN,AGL,CE,Tower without Radar,0,1,16,0,17,0,0,72,0,72,0,1,88,0,89,258,0,258,347
05/11/2019,LAF,IN,AGL,CE,Tower without Radar,0,1,10,0,11,0,1,60,0,61,0,2,70,0,72,152,0,152,224
05/12/2019,LAF,IN,AGL,CE,Tower without Radar,0,1,17,0,18,0,0,0,0,0,0,1,17,0,18,0,0,0,18
05/13/2019,LAF,IN,AGL,CE,Tower without Radar,0,0,2,0,2,0,0,86,0,86,0,0,88,0,88,194,0,194,282
05/14/2019,LAF,IN,AGL,CE,Tower without Radar,0,3,15,5,23,0,0,220,0,220,0,3,235,5,243,440,0,440,683
05/15/2019,LAF,IN,AGL,CE,Tower without Radar,0,3,7,0,10,0,0,167,0,167,0,3,174,0,177,318,0,318,495
05/16/2019,LAF,IN,AGL,CE,Tower without Radar,0,2,16,0,18,0,0,79,0,79,0,2,95,0,97,178,0,178,275
05/17/2019,LAF,IN,AGL,CE,Tower without Radar,0,2,12,0,14,0,0,121,0,121,0,2,133,0,135,286,0,286,421
05/18/2019,LAF,IN,AGL,CE,Tower without Radar,0,1,11,3,15,0,0,106,0,106,0,1,117,3,121,100,0,100,221
05/19/2019,LAF,IN,AGL,CE,Tower without Radar,0,1,9,0,10,0,0,20,0,20,0,1,29,0,30,28,0,28,58
05/20/2019,LAF,IN,AGL,CE,Tower without Radar,1,0,44,0,45,0,1,80,0,81,1,1,124,0,126,206,0,206,332
05/21/2019,LAF,IN,AGL,CE,Tower without Radar,0,11,12,0,23,0,1,114,0,115,0,12,126,0,138,168,0,168,306
05/22/2019,LAF,IN,AGL,CE,Tower without Radar,1,5,18,0,24,0,0,135,0,135,1,5,153,0,159,236,0,236,395
05/23/2019,LAF,IN,AGL,CE,Tower without Radar,0,5,22,0,27,0,0,126,0,126,0,5,148,0,153,352,0,352,505
05/24/2019,LAF,IN,AGL,CE,Tower without Radar,0,3,11,0,14,0,0,112,0,112,0,3,123,0,126,234,0,234,360
05/25/2019,LAF,IN,AGL,CE,Tower without Radar,0,0,5,0,5,0,0,85,0,85,0,0,90,0,90,158,0,158,248
05/26/2019,LAF,IN,AGL,CE,Tower without Radar,0,0,1,0,1,0,0,34,0,34,0,0,35,0,35,100,0,100,135
05/27/2019,LAF,IN,AGL,CE,Tower without Radar,0,0,9,0,9,0,1,100,0,101,0,1,109,0,110,112,0,112,222
05/28/2019,LAF,IN,AGL,CE,Tower without Radar,0,0,10,0,10,0,2,110,0,112,0,2,120,0,122,232,0,232,354
05/29/2019,LAF,IN,AGL,CE,Tower without Radar,0,2,12,0,14,0,1,117,0,118,0,3,129,0,132,348,0,348,480
05/30/2019,LAF,IN,AGL,CE,Tower without Radar,0,0,13,0,13,0,0,82,2,84,0,0,95,2,97,232,0,232,329
05/31/2019,LAF,IN,AGL,CE,Tower without Radar,0,2,4,0,6,0,0,146,0,146,0,2,150,0,152,354,0,354,506
06/01/2019,LAF,IN,AGL,CE,Tower without Radar,0,0,0,0,0,0,1,83,0,84,0,1,83,0,84,140,0,140,224
06/02/2019,LAF,IN,AGL,CE,Tower without Radar,0,2,7,0,9,0,4,52,0,56,0,6,59,0,65,104,0,104,169
06/03/2019,LAF,IN,AGL,CE,Tower without Radar,0,0,7,0,7,0,0,181,0,181,0,0,188,0,188,346,0,346,534
06/04/2019,LAF,IN,AGL,CE,Tower without Radar,0,5,6,0,11,0,1,120,0,121,0,6,126,0,132,310,0,310,442
06/05/2019,LAF,IN,AGL,CE,Tower without Radar,0,3,10,0,13,0,0,39,0,39,0,3,49,0,52,160,0,160,212
06/06/2019,LAF,IN,AGL,CE,Tower without Radar,0,4,12,1,17,0,0,166,0,166,0,4,178,1,183,260,0,260,443
06/07/2019,LAF,IN,AGL,CE,Tower without Radar,0,5,8,0,13,0,1,98,0,99,0,6,106,0,112,196,0,196,308
06/08/2019,LAF,IN,AGL,CE,Tower without Radar,0,2,5,0,7,0,2,101,2,105,0,4,106,2,112,234,0,234,346
06/09/2019,LAF,IN,AGL,CE,Tower without Radar,0,0,5,0,5,0,0,9,0,9,0,0,14,0,14,36,0,36,50
06/10/2019,LAF,IN,AGL,CE,Tower without Radar,0,2,11,0,13,0,0,128,0,128,0,2,139,0,141,108,0,108,249
06/11/2019,LAF,IN,AGL,CE,Tower without Radar,0,3,14,0,17,0,4,289,0,293,0,7,303,0,310,334,0,334,644
06/12/2019,LAF,IN,AGL,CE,Tower without Radar,0,3,9,0,12,0,0,201,0,201,0,3,210,0,213,320,0,320,533
06/13/2019,LAF,IN,AGL,CE,Tower without Radar,0,3,11,0,14,0,0,107,0,107,0,3,118,0,121,202,0,202,323
06/14/2019,LAF,IN,AGL,CE,Tower without Radar,0,2,17,0,19,0,0,202,0,202,0,2,219,0,221,326,0,326,547
06/15/2019,LAF,IN,AGL,CE,Tower without Radar,0,0,4,0,4,0,0,22,0,22,0,0,26,0,26,104,0,104,130
06/16/2019,LAF,IN,AGL,CE,Tower without Radar,0,0,12,0,12,0,0,63,0,63,0,0,75,0,75,260,0,260,335
06/17/2019,LAF,IN,AGL,CE,Tower without Radar,0,5,20,0,25,0,0,66,0,66,0,5,86,0,91,418,0,418,509
06/18/2019,LAF,IN,AGL,CE,Tower without Radar,0,1,49,0,50,0,0,129,0,129,0,1,178,0,179,518,0,518,697
06/19/2019,LAF,IN,AGL,CE,Tower without Radar,0,5,11,0,16,0,0,194,0,194,0,5,205,0,210,474,0,474,684
06/20/2019,LAF,IN,AGL,CE,Tower without Radar,0,2,22,0,24,0,0,40,0,40,0,2,62,0,64,324,0,324,388
06/21/2019,LAF,IN,AGL,CE,Tower without Radar,0,2,11,0,13,0,0,201,0,201,0,2,212,0,214,496,0,496,710
06/22/2019,LAF,IN,AGL,CE,Tower without Radar,0,0,21,0,21,0,1,157,0,158,0,1,178,0,179,640,0,640,819
06/23/2019,LAF,IN,AGL,CE,Tower without Radar,0,1,16,0,17,0,0,64,0,64,0,1,80,0,81,132,0,132,213
06/24/2019,LAF,IN,AGL,CE,Tower without Radar,0,0,35,0,35,0,0,115,0,115,0,0,150,0,150,344,0,344,494
06/25/2019,LAF,IN,AGL,CE,Tower without Radar,0,0,15,0,15,0,0,323,2,325,0,0,338,2,340,532,0,532,872
06/26/2019,LAF,IN,AGL,CE,Tower without Radar,0,0,16,0,16,0,0,253,0,253,0,0,269,0,269,650,0,650,919
06/27/2019,LAF,IN,AGL,CE,Tower without Radar,0,0,23,0,23,0,0,241,0,241,0,0,264,0,264,456,0,456,720
06/28/2019,LAF,IN,AGL,CE,Tower without Radar,0,0,14,0,14,0,1,199,0,200,0,1,213,0,214,338,0,338,552
06/29/2019,LAF,IN,AGL,CE,Tower without Radar,0,0,7,0,7,0,2,163,0,165,0,2,170,0,172,394,0,394,566
06/30/2019,LAF,IN,AGL,CE,Tower without Radar,0,0,4,0,4,0,0,67,0,67,0,0,71,0,71,128,0,128,199
07/01/2019,LAF,IN,AGL,CE,Tower without Radar,0,1,16,0,17,0,2,222,0,224,0,3,238,0,241,406,0,406,647
07/02/2019,LAF,IN,AGL,CE,Tower without Radar,0,0,16,0,16,0,0,219,0,219,0,0,235,0,235,410,0,410,645
07/03/2019,LAF,IN,AGL,CE,Tower without Radar,0,5,21,0,26,0,2,164,0,166,0,7,185,0,192,450,0,450,642
07/04/2019,LAF,IN,AGL,CE,Tower without Radar,0,0,9,0,9,0,0,88,0,88,0,0,97,0,97,102,0,102,199
07/05/2019,LAF,IN,AGL,CE,Tower without Radar,0,0,10,0,10,0,0,63,0,63,0,0,73,0,73,136,0,136,209
07/06/2019,LAF,IN,AGL,CE,Tower without Radar,0,0,14,0,14,0,0,58,0,58,0,0,72,0,72,62,0,62,134
07/07/2019,LAF,IN,AGL,CE,Tower without Radar,0,0,30,0,30,0,0,28,0,28,0,0,58,0,58,20,0,20,78
07/08/2019,LAF,IN,AGL,CE,Tower without Radar,0,5,33,0,38,0,0,224,0,224,0,5,257,0,262,330,0,330,592
07/09/2019,LAF,IN,AGL,CE,Tower without Radar,0,3,24,0,27,0,0,219,0,219,0,3,243,0,246,360,0,360,606
07/10/2019,LAF,IN,AGL,CE,Tower without Radar,0,3,18,0,21,0,0,166,0,166,0,3,184,0,187,306,0,306,493
07/11/2019,LAF,IN,AGL,CE,Tower without Radar,0,0,9,0,9,0,0,195,0,195,0,0,204,0,204,338,0,338,542
07/12/2019,LAF,IN,AGL,CE,Tower without Radar,0,1,17,0,18,0,1,199,0,200,0,2,216,0,218,376,0,376,594
07/13/2019,LAF,IN,AGL,CE,Tower without Radar,0,2,8,0,10,0,0,134,0,134,0,2,142,0,144,294,0,294,438
07/14/2019,LAF,IN,AGL,CE,Tower without Radar,0,2,7,0,9,0,0,52,0,52,0,2,59,0,61,94,0,94,155
07/15/2019,LAF,IN,AGL,CE,Tower without Radar,0,0,33,0,33,0,2,167,0,169,0,2,200,0,202,304,0,304,506
07/16/2019,LAF,IN,AGL,CE,Tower without Radar,0,4,20,0,24,0,0,41,0,41,0,4,61,0,65,184,0,184,249
07/17/2019,LAF,IN,AGL,CE,Tower without Radar,0,3,17,0,20,0,0,112,0,112,0,3,129,0,132,266,0,266,398
07/18/2019,LAF,IN,AGL,CE,Tower without Radar,0,5,23,0,28,0,1,197,0,198,0,6,220,0,226,302,0,302,528
07/19/2019,LAF,IN,AGL,CE,Tower without Radar,0,3,19,0,22,0,1,153,0,154,0,4,172,0,176,254,0,254,430
07/20/2019,LAF,IN,AGL,CE,Tower without Radar,0,1,12,0,13,0,0,97,0,97,0,1,109,0,110,264,0,264,374
07/21/2019,LAF,IN,AGL,CE,Tower without Radar,0,0,10,0,10,0,0,62,0,62,0,0,72,0,72,136,0,136,208
07/22/2019,LAF,IN,AGL,CE,Tower without Radar,0,1,9,0,10,0,0,106,0,106,0,1,115,0,116,200,0,200,316
07/23/2019,LAF,IN,AGL,CE,Tower without Radar,0,4,22,0,26,0,2,155,0,157,0,6,177,0,183,342,0,342,525
07/24/2019,LAF,IN,AGL,CE,Tower without Radar,0,10,10,0,20,0,1,156,2,159,0,11,166,2,179,260,0,260,439
07/25/2019,LAF,IN,AGL,CE,Tower without Radar,0,8,9,0,17,0,0,151,0,151,0,8,160,0,168,352,0,352,520
07/26/2019,LAF,IN,AGL,CE,Tower without Radar,0,6,12,0,18,0,1,150,0,151,0,7,162,0,169,308,0,308,477
07/27/2019,LAF,IN,AGL,CE,Tower without Radar,0,0,9,0,9,0,1,80,0,81,0,1,89,0,90,198,0,198,288
07/28/2019,LAF,IN,AGL,CE,Tower without Radar,0,2,14,1,17,0,0,64,0,64,0,2,78,1,81,86,0,86,167
07/29/2019,LAF,IN,AGL,CE,Tower without Radar,0,2,16,0,18,0,0,40,0,40,0,2,56,0,58,186,0,186,244
07/30/2019,LAF,IN,AGL,CE,Tower without Radar,0,1,17,0,18,0,1,122,0,123,0,2,139,0,141,200,0,200,341
07/31/2019,LAF,IN,AGL,CE,Tower without Radar,0,4,18,6,28,0,0,161,0,161,0,4,179,6,189,226,0,226,415
08/01/2019,LAF,IN,AGL,CE,Tower without Radar,0,6,17,0,23,0,0,140,0,140,0,6,157,0,163,252,0,252,415
08/02/2019,LAF,IN,AGL,CE,Tower without Radar,0,1,16,0,17,0,0,123,0,123,0,1,139,0,140,244,0,244,384
08/03/2019,LAF,IN,AGL,CE,Tower without Radar,0,0,9,0,9,0,0,62,0,62,0,0,71,0,71,122,0,122,193
08/04/2019,LAF,IN,AGL,CE,Tower without Radar,0,0,5,0,5,0,1,45,0,46,0,1,50,0,51,40,0,40,91
08/05/2019,LAF,IN,AGL,CE,Tower without Radar,0,0,6,0,6,0,0,66,0,66,0,0,72,0,72,116,0,116,188
08/06/2019,LAF,IN,AGL,CE,Tower without Radar,0,6,17,0,23,0,0,53,0,53,0,6,70,0,76,102,0,102,178
08/07/2019,LAF,IN,AGL,CE,Tower without Radar,0,0,10,0,10,0,0,76,0,76,0,0,86,0,86,126,0,126,212
08/08/2019,LAF,IN,AGL,CE,Tower without Radar,0,2,10,0,12,0,0,36,0,36,0,2,46,0,48,64,0,64,112
08/09/2019,LAF,IN,AGL,CE,Tower without Radar,0,2,22,0,24,0,0,94,0,94,0,2,116,0,118,128,0,128,246
08/10/2019,LAF,IN,AGL,CE,Tower without Radar,0,0,6,0,6,0,0,55,0,55,0,0,61,0,61,54,0,54,115
08/11/2019,LAF,IN,AGL,CE,Tower without Radar,0,3,10,0,13,0,0,39,0,39,0,3,49,0,52,62,0,62,114
08/12/2019,LAF,IN,AGL,CE,Tower without Radar,0,5,22,0,27,0,0,28,0,28,0,5,50,0,55,114,0,114,169
08/13/2019,LAF,IN,AGL,CE,Tower without Radar,0,4,20,0,24,0,0,45,0,45,0,4,65,0,69,92,0,92,161
08/14/2019,LAF,IN,AGL,CE,Tower without Radar,0,5,33,0,38,0,0,67,0,67,0,5,100,0,105,132,0,132,237
08/15/2019,LAF,IN,AGL,CE,Tower without Radar,0,7,27,0,34,0,0,52,0,52,0,7,79,0,86,80,0,80,166
08/16/2019,LAF,IN,AGL,CE,Tower without Radar,0,2,21,0,23,0,0,112,0,112,0,2,133,0,135,206,0,206,341
08/17/2019,LAF,IN,AGL,CE,Tower without Radar,0,3,5,0,8,0,0,30,0,30,0,3,35,0,38,68,0,68,106
08/18/2019,LAF,IN,AGL,CE,Tower without Radar,0,0,5,0,5,0,0,54,0,54,0,0,59,0,59,170,0,170,229
08/19/2019,LAF,IN,AGL,CE,Tower without Radar,0,3,24,0,27,0,0,64,0,64,0,3,88,0,91,250,0,250,341
08/20/2019,LAF,IN,AGL,CE,Tower without Radar,0,3,16,2,21,0,0,76,0,76,0,3,92,2,97,260,0,260,357
08/21/2019,LAF,IN,AGL,CE,Tower without Radar,0,3,18,0,21,0,0,122,0,122,0,3,140,0,143,220,0,220,363
08/22/2019,LAF,IN,AGL,CE,Tower without Radar,0,0,34,0,34,0,0,147,0,147,0,0,181,0,181,202,0,202,383
08/23/2019,LAF,IN,AGL,CE,Tower without Radar,0,2,29,1,32,0,3,230,1,234,0,5,259,2,266,296,0,296,562
08/24/2019,LAF,IN,AGL,CE,Tower without Radar,0,2,22,0,24,0,0,249,0,249,0,2,271,0,273,176,0,176,449
08/25/2019,LAF,IN,AGL,CE,Tower without Radar,0,0,28,0,28,0,0,154,0,154,0,0,182,0,182,262,0,262,444
08/26/2019,LAF,IN,AGL,CE,Tower without Radar,0,2,26,0,28,0,0,9,0,9,0,2,35,0,37,0,0,0,37
08/27/2019,LAF,IN,AGL,CE,Tower without Radar,0,4,47,0,51,0,0,183,0,183,0,4,230,0,234,298,0,298,532
08/28/2019,LAF,IN,AGL,CE,Tower without Radar,2,3,33,4,42,0,0,191,0,191,2,3,224,4,233,320,0,320,553
08/29/2019,LAF,IN,AGL,CE,Tower without Radar,0,6,31,0,37,0,0,235,0,235,0,6,266,0,272,416,0,416,688
08/30/2019,LAF,IN,AGL,CE,Tower without Radar,0,9,53,0,62,0,0,230,0,230,0,9,283,0,292,344,0,344,636
08/31/2019,LAF,IN,AGL,CE,Tower without Radar,2,5,29,0,36,0,2,172,0,174,2,7,201,0,210,348,0,348,558
09/01/2019,LAF,IN,AGL,CE,Tower without Radar,0,1,8,0,9,0,1,21,0,22,0,2,29,0,31,16,0,16,47
09/02/2019,LAF,IN,AGL,CE,Tower without Radar,0,2,19,0,21,0,2,67,0,69,0,4,86,0,90,100,0,100,190
09/03/2019,LAF,IN,AGL,CE,Tower without Radar,0,0,20,0,20,0,1,79,0,80,0,1,99,0,100,182,0,182,282
09/04/2019,LAF,IN,AGL,CE,Tower without Radar,0,0,27,0,27,0,1,172,0,173,0,1,199,0,200,150,0,150,350
09/05/2019,LAF,IN,AGL,CE,Tower without Radar,0,3,30,0,33,0,0,243,0,243,0,3,273,0,276,318,0,318,594
09/06/2019,LAF,IN,AGL,CE,Tower without Radar,2,2,57,0,61,0,0,104,0,104,2,2,161,0,165,392,0,392,557
09/07/2019,LAF,IN,AGL,CE,Tower without Radar,0,4,25,0,29,0,2,189,0,191,0,6,214,0,220,184,0,184,404
09/08/2019,LAF,IN,AGL,CE,Tower without Radar,0,2,49,0,51,0,0,61,0,61,0,2,110,0,112,234,0,234,346
09/09/2019,LAF,IN,AGL,CE,Tower without Radar,0,0,45,0,45,0,1,166,1,168,0,1,211,1,213,330,0,330,543
09/10/2019,LAF,IN,AGL,CE,Tower without Radar,0,3,33,0,36,0,0,211,0,211,0,3,244,0,247,386,0,386,633
09/11/2019,LAF,IN,AGL,CE,Tower without Radar,0,6,31,0,37,0,2,181,0,183,0,8,212,0,220,380,0,380,600
09/12/2019,LAF,IN,AGL,CE,Tower without Radar,0,8,33,0,41,0,1,217,0,218,0,9,250,0,259,460,0,460,719
09/13/2019,LAF,IN,AGL,CE,Tower without Radar,2,6,36,0,44,0,0,186,2,188,2,6,222,2,232,270,0,270,502
09/14/2019,LAF,IN,AGL,CE,Tower without Radar,1,4,34,0,39,0,0,221,0,221,1,4,255,0,260,286,0,286,546
09/15/2019,LAF,IN,AGL,CE,Tower without Radar,0,1,10,2,13,0,0,39,0,39,0,1,49,2,52,150,0,150,202
09/16/2019,LAF,IN,AGL,CE,Tower without Radar,0,1,48,0,49,0,1,186,0,187,0,2,234,0,236,428,0,428,664
09/17/2019,LAF,IN,AGL,CE,Tower without Radar,0,5,62,0,67,0,2,202,1,205,0,7,264,1,272,410,0,410,682
09/18/2019,LAF,IN,AGL,CE,Tower without Radar,0,4,37,0,41,0,0,173,0,173,0,4,210,0,214,278,0,278,492
09/19/2019,LAF,IN,AGL,CE,Tower without Radar,0,3,49,0,52,0,0,221,0,221,0,3,270,0,273,274,0,274,547
09/20/2019,LAF,IN,AGL,CE,Tower without Radar,0,4,45,0,49,0,1,202,0,203,0,5,247,0,252,380,0,380,632
09/21/2019,LAF,IN,AGL,CE,Tower without Radar,0,0,36,0,36,0,0,178,0,178,0,0,214,0,214,314,0,314,528
09/22/2019,LAF,IN,AGL,CE,Tower without Radar,0,2,13,0,15,0,1,41,0,42,0,3,54,0,57,16,0,16,73
09/23/2019,LAF,IN,AGL,CE,Tower without Radar,0,0,62,0,62,0,0,133,0,133,0,0,195,0,195,298,0,298,493
09/24/2019,LAF,IN,AGL,CE,Tower without Radar,0,0,43,0,43,0,0,195,0,195,0,0,238,0,238,428,0,428,666
09/25/2019,LAF,IN,AGL,CE,Tower without Radar,0,0,22,0,22,0,1,119,0,120,0,1,141,0,142,358,0,358,500
09/26/2019,LAF,IN,AGL,CE,Tower without Radar,0,4,41,0,45,0,0,206,0,206,0,4,247,0,251,280,0,280,531
09/27/2019,LAF,IN,AGL,CE,Tower without Radar,2,3,21,1,27,0,0,89,0,89,2,3,110,1,116,124,0,124,240
09/28/2019,LAF,IN,AGL,CE,Tower without Radar,1,8,18,0,27,0,0,129,0,129,1,8,147,0,156,200,0,200,356
09/29/2019,LAF,IN,AGL,CE,Tower without Radar,0,3,13,0,16,0,0,42,0,42,0,3,55,0,58,192,0,192,250
09/30/2019,LAF,IN,AGL,CE,Tower without Radar,0,2,50,0,52,0,1,221,0,222,0,3,271,0,274,256,0,256,530
10/01/2019,LAF,IN,AGL,CE,Tower without Radar,0,1,46,0,47,0,0,194,0,194,0,1,240,0,241,264,0,264,505
10/02/2019,LAF,IN,AGL,CE,Tower without Radar,0,5,11,0,16,0,0,117,0,117,0,5,128,0,133,264,0,264,397
10/03/2019,LAF,IN,AGL,CE,Tower without Radar,0,10,42,0,52,0,0,112,0,112,0,10,154,0,164,170,0,170,334
10/04/2019,LAF,IN,AGL,CE,Tower without Radar,2,8,39,0,49,0,0,233,0,233,2,8,272,0,282,334,0,334,616
10/05/2019,LAF,IN,AGL,CE,Tower without Radar,4,7,10,0,21,0,2,113,0,115,4,9,123,0,136,174,0,174,310
10/06/2019,LAF,IN,AGL,CE,Tower without Radar,0,0,13,8,21,0,1,69,0,70,0,1,82,8,91,196,0,196,287
10/07/2019,LAF,IN,AGL,CE,Tower without Radar,0,4,17,0,21,0,0,92,0,92,0,4,109,0,113,196,0,196,309
10/08/2019,LAF,IN,AGL,CE,Tower without Radar,2,7,43,0,52,0,0,132,0,132,2,7,175,0,184,198,0,198,382
10/09/2019,LAF,IN,AGL,CE,Tower without Radar,0,2,51,0,53,0,0,192,12,204,0,2,243,12,257,294,0,294,551
10/10/2019,LAF,IN,AGL,CE,Tower without Radar,0,0,36,0,36,0,0,159,0,159,0,0,195,0,195,244,0,244,439
10/11/2019,LAF,IN,AGL,CE,Tower without Radar,1,5,45,0,51,0,0,2,0,2,1,5,47,0,53,2,0,2,55
10/12/2019,LAF,IN,AGL,CE,Tower without Radar,0,3,28,0,31,0,0,126,0,126,0,3,154,0,157,62,0,62,219
10/13/2019,LAF,IN,AGL,CE,Tower without Radar,0,3,20,0,23,0,1,90,0,91,0,4,110,0,114,196,0,196,310
10/14/2019,LAF,IN,AGL,CE,Tower without Radar,0,2,38,0,40,0,0,217,0,217,0,2,255,0,257,370,0,370,627
10/15/2019,LAF,IN,AGL,CE,Tower without Radar,0,7,38,2,47,0,0,175,3,178,0,7,213,5,225,330,0,330,555
10/16/2019,LAF,IN,AGL,CE,Tower without Radar,0,2,27,0,29,0,1,84,0,85,0,3,111,0,114,224,0,224,338
10/17/2019,LAF,IN,AGL,CE,Tower without Radar,0,1,17,0,18,0,0,221,0,221,0,1,238,0,239,378,0,378,617
10/18/2019,LAF,IN,AGL,CE,Tower without Radar,2,1,42,0,45,0,0,208,0,208,2,1,250,0,253,436,0,436,689
10/19/2019,LAF,IN,AGL,CE,Tower without Radar,2,0,19,2,23,0,0,183,2,185,2,0,202,4,208,236,0,236,444
10/20/2019,LAF,IN,AGL,CE,Tower without Radar,1,0,17,0,18,0,4,102,0,106,1,4,119,0,124,156,0,156,280
10/21/2019,LAF,IN,AGL,CE,Tower without Radar,0,1,9,0,10,0,1,25,0,26,0,2,34,0,36,38,0,38,74
10/22/2019,LAF,IN,AGL,CE,Tower without Radar,0,2,19,0,21,0,0,79,0,79,0,2,98,0,100,148,0,148,248
10/23/2019,LAF,IN,AGL,CE,Tower without Radar,2,5,29,0,36,0,0,166,0,166,2,5,195,0,202,208,0,208,410
10/24/2019,LAF,IN,AGL,CE,Tower without Radar,1,8,36,0,45,0,0,147,0,147,1,8,183,0,192,342,0,342,534
10/25/2019,LAF,IN,AGL,CE,Tower without Radar,0,10,49,0,59,0,0,273,0,273,0,10,322,0,332,378,0,378,710
10/26/2019,LAF,IN,AGL,CE,Tower without Radar,0,7,15,0,22,0,0,5,0,5,0,7,20,0,27,10,0,10,37
10/27/2019,LAF,IN,AGL,CE,Tower without Radar,0,14,24,0,38,0,1,108,0,109,0,15,132,0,147,140,0,140,287
10/28/2019,LAF,IN,AGL,CE,Tower without Radar,0,4,26,0,30,0,0,75,0,75,0,4,101,0,105,182,0,182,287
10/29/2019,LAF,IN,AGL,CE,Tower without Radar,0,6,34,0,40,0,0,0,0,0,0,6,34,0,40,2,0,2,42
10/30/2019,LAF,IN,AGL,CE,Tower without Radar,0,9,11,0,20,0,0,0,0,0,0,9,11,0,20,2,0,2,22
10/31/2019,LAF,IN,AGL,CE,Tower without Radar,0,12,9,0,21,0,0,0,0,0,0,12,9,0,21,0,0,0,21
11/01/2019,LAF,IN,AGL,CE,Tower without Radar,2,8,44,0,54,0,0,183,0,183,2,8,227,0,237,354,0,354,591
11/02/2019,LAF,IN,AGL,CE,Tower without Radar,0,10,29,0,39,0,0,41,0,41,0,10,70,0,80,4,0,4,84
11/03/2019,LAF,IN,AGL,CE,Tower without Radar,0,4,19,0,23,0,1,113,0,114,0,5,132,0,137,120,0,120,257
11/04/2019,LAF,IN,AGL,CE,Tower without Radar,0,5,17,0,22,0,0,169,0,169,0,5,186,0,191,328,0,328,519
11/05/2019,LAF,IN,AGL,CE,Tower without Radar,0,7,25,0,32,0,1,175,0,176,0,8,200,0,208,442,0,442,650
11/06/2019,LAF,IN,AGL,CE,Tower without Radar,0,4,31,0,35,0,0,130,0,130,0,4,161,0,165,344,0,344,509
11/07/2019,LAF,IN,AGL,CE,Tower without Radar,0,10,21,0,31,0,0,114,0,114,0,10,135,0,145,278,0,278,423
11/08/2019,LAF,IN,AGL,CE,Tower without Radar,0,5,34,0,39,0,0,199,0,199,0,5,233,0,238,378,0,378,616
11/09/2019,LAF,IN,AGL,CE,Tower without Radar,0,4,31,0,35,0,0,143,0,143,0,4,174,0,178,274,0,274,452
11/10/2019,LAF,IN,AGL,CE,Tower without Radar,0,4,11,0,15,0,0,122,0,122,0,4,133,0,137,238,0,238,375
11/11/2019,LAF,IN,AGL,CE,Tower without Radar,0,5,1,0,6,0,0,0,0,0,0,5,1,0,6,0,0,0,6
11/12/2019,LAF,IN,AGL,CE,Tower without Radar,2,6,14,0,22,0,0,136,0,136,2,6,150,0,158,256,0,256,414
11/13/2019,LAF,IN,AGL,CE,Tower without Radar,0,5,32,0,37,0,0,172,0,172,0,5,204,0,209,387,0,387,596
11/14/2019,LAF,IN,AGL,CE,Tower without Radar,0,10,29,0,39,0,0,161,0,161,0,10,190,0,200,482,0,482,682
11/15/2019,LAF,IN,AGL,CE,Tower without Radar,0,9,19,0,28,0,0,210,0,210,0,9,229,0,238,438,0,438,676
11/16/2019,LAF,IN,AGL,CE,Tower without Radar,0,9,8,0,17,0,1,196,0,197,0,10,204,0,214,376,0,376,590
11/17/2019,LAF,IN,AGL,CE,Tower without Radar,0,0,6,0,6,0,0,105,0,105,0,0,111,0,111,266,0,266,377
11/18/2019,LAF,IN,AGL,CE,Tower without Radar,0,14,13,0,27,0,0,1,0,1,0,14,14,0,28,0,0,0,28
11/19/2019,LAF,IN,AGL,CE,Tower without Radar,0,12,23,0,35,0,0,74,0,74,0,12,97,0,109,188,0,188,297
11/20/2019,LAF,IN,AGL,CE,Tower without Radar,0,3,28,0,31,0,0,103,0,103,0,3,131,0,134,298,0,298,432
11/21/2019,LAF,IN,AGL,CE,Tower without Radar,0,0,18,0,18,0,0,6,0,6,0,0,24,0,24,30,0,30,54
11/22/2019,LAF,IN,AGL,CE,Tower without Radar,2,7,23,0,32,0,0,186,0,186,2,7,209,0,218,386,0,386,604
11/23/2019,LAF,IN,AGL,CE,Tower without Radar,0,1,16,0,17,0,0,58,0,58,0,1,74,0,75,160,0,160,235
11/24/2019,LAF,IN,AGL,CE,Tower without Radar,0,0,14,0,14,0,1,145,0,146,0,1,159,0,160,234,0,234,394
11/25/2019,LAF,IN,AGL,CE,Tower without Radar,0,7,20,2,29,0,0,190,0,190,0,7,210,2,219,402,0,402,621
11/26/2019,LAF,IN,AGL,CE,Tower without Radar,0,3,29,0,32,0,0,69,0,69,0,3,98,0,101,176,0,176,277
11/27/2019,LAF,IN,AGL,CE,Tower without Radar,1,7,4,0,12,0,0,0,0,0,1,7,4,0,12,0,0,0,12
11/28/2019,LAF,IN,AGL,CE,Tower without Radar,0,1,1,0,2,0,0,8,0,8,0,1,9,0,10,6,0,6,16
11/29/2019,LAF,IN,AGL,CE,Tower without Radar,0,0,10,0,10,0,0,26,0,26,0,0,36,0,36,102,0,102,138
11/30/2019,LAF,IN,AGL,CE,Tower without Radar,0,0,5,0,5,0,0,0,0,0,0,0,5,0,5,0,0,0,5
12/01/2019,LAF,IN,AGL,CE,Tower without Radar,0,5,7,0,12,0,0,9,0,9,0,5,16,0,21,12,0,12,33
12/02/2019,LAF,IN,AGL,CE,Tower without Radar,0,9,7,0,16,0,1,21,0,22,0,10,28,0,38,128,0,128,166
12/03/2019,LAF,IN,AGL,CE,Tower without Radar,0,3,15,0,18,0,1,114,0,115,0,4,129,0,133,266,0,266,399
12/04/2019,LAF,IN,AGL,CE,Tower without Radar,0,5,23,0,28,0,0,151,0,151,0,5,174,0,179,212,0,212,391
12/05/2019,LAF,IN,AGL,CE,Tower without Radar,0,4,58,0,62,0,0,221,0,221,0,4,279,0,283,402,0,402,685
12/06/2019,LAF,IN,AGL,CE,Tower without Radar,0,6,12,0,18,0,2,81,0,83,0,8,93,0,101,164,0,164,265
12/07/2019,LAF,IN,AGL,CE,Tower without Radar,0,2,21,0,23,0,0,206,0,206,0,2,227,0,229,326,0,326,555
12/08/2019,LAF,IN,AGL,CE,Tower without Radar,0,6,13,0,19,0,0,56,0,56,0,6,69,0,75,202,0,202,277
12/09/2019,LAF,IN,AGL,CE,Tower without Radar,0,5,18,0,23,0,0,0,0,0,0,5,18,0,23,0,0,0,23
12/10/2019,LAF,IN,AGL,CE,Tower without Radar,0,4,18,0,22,0,0,152,0,152,0,4,170,0,174,416,0,416,590
12/11/2019,LAF,IN,AGL,CE,Tower without Radar,0,8,26,0,34,0,0,55,0,55,0,8,81,0,89,188,0,188,277
12/12/2019,LAF,IN,AGL,CE,Tower without Radar,0,9,17,0,26,0,0,122,0,122,0,9,139,0,148,281,0,281,429
12/13/2019,LAF,IN,AGL,CE,Tower without Radar,0,6,9,0,15,0,0,141,0,141,0,6,150,0,156,302,0,302,458
12/14/2019,LAF,IN,AGL,CE,Tower without Radar,0,5,4,0,9,0,0,40,0,40,0,5,44,0,49,50,0,50,99
12/15/2019,LAF,IN,AGL,CE,Tower without Radar,0,3,4,0,7,0,2,32,0,34,0,5,36,0,41,106,0,106,147
12/16/2019,LAF,IN,AGL,CE,Tower without Radar,0,3,5,0,8,0,0,5,0,5,0,3,10,0,13,28,0,28,41
12/17/2019,LAF,IN,AGL,CE,Tower without Radar,0,0,24,0,24,0,2,49,0,51,0,2,73,0,75,124,0,124,199
12/18/2019,LAF,IN,AGL,CE,Tower without Radar,0,5,21,0,26,0,0,64,0,64,0,5,85,0,90,140,0,140,230
12/19/2019,LAF,IN,AGL,CE,Tower without Radar,0,1,7,0,8,0,0,33,0,33,0,1,40,0,41,90,0,90,131
12/20/2019,LAF,IN,AGL,CE,Tower without Radar,0,0,14,0,14,0,0,51,0,51,0,0,65,0,65,126,0,126,191
12/21/2019,LAF,IN,AGL,CE,Tower without Radar,0,2,8,0,10,0,0,45,0,45,0,2,53,0,55,64,0,64,119
12/22/2019,LAF,IN,AGL,CE,Tower without Radar,0,2,12,0,14,0,1,30,0,31,0,3,42,0,45,40,0,40,85
12/23/2019,LAF,IN,AGL,CE,Tower without Radar,0,0,7,0,7,0,1,38,0,39,0,1,45,0,46,32,0,32,78
12/24/2019,LAF,IN,AGL,CE,Tower without Radar,0,0,0,0,0,0,2,14,0,16,0,2,14,0,16,22,0,22,38
12/25/2019,LAF,IN,AGL,CE,Tower without Radar,0,1,0,0,1,0,4,0,0,4,0,5,0,0,5,2,0,2,7
12/26/2019,LAF,IN,AGL,CE,Tower without Radar,0,1,3,0,4,0,2,10,0,12,0,3,13,0,16,70,0,70,86
12/27/2019,LAF,IN,AGL,CE,Tower without Radar,0,6,14,0,20,0,0,6,0,6,0,6,20,0,26,32,0,32,58
12/28/2019,LAF,IN,AGL,CE,Tower without Radar,0,3,5,0,8,0,0,6,0,6,0,3,11,0,14,0,0,0,14
12/29/2019,LAF,IN,AGL,CE,Tower without Radar,0,0,1,0,1,0,0,9,0,9,0,0,10,0,10,26,0,26,36
12/30/2019,LAF,IN,AGL,CE,Tower without Radar,0,4,4,0,8,0,0,3,0,3,0,4,7,0,11,4,0,4,15
12/31/2019,LAF,IN,AGL,CE,Tower without Radar,0,2,2,0,4,0,0,0,0,0,0,2,2,0,4,0,0,0,4
01/01/2020,LAF,IN,AGL,CE,Tower without Radar,0,1,2,0,3,0,0,21,0,21,0,1,23,0,24,20,0,20,44
01/02/2020,LAF,IN,AGL,CE,Tower without Radar,1,0,9,0,10,0,0,22,0,22,1,0,31,0,32,16,0,16,48
01/03/2020,LAF,IN,AGL,CE,Tower without Radar,0,7,4,0,11,0,0,0,0,0,0,7,4,0,11,0,0,0,11
01/04/2020,LAF,IN,AGL,CE,Tower without Radar,0,4,0,0,4,0,0,6,0,6,0,4,6,0,10,14,0,14,24
01/05/2020,LAF,IN,AGL,CE,Tower without Radar,0,2,5,0,7,0,0,36,0,36,0,2,41,0,43,20,0,20,63
01/06/2020,LAF,IN,AGL,CE,Tower without Radar,0,2,10,0,12,0,1,31,0,32,0,3,41,0,44,108,0,108,152
01/07/2020,LAF,IN,AGL,CE,Tower without Radar,0,1,4,0,5,0,0,37,0,37,0,1,41,0,42,148,0,148,190
01/08/2020,LAF,IN,AGL,CE,Tower without Radar,1,2,15,2,20,0,4,43,0,47,1,6,58,2,67,72,0,72,139
01/09/2020,LAF,IN,AGL,CE,Tower without Radar,0,0,5,0,5,0,1,23,0,24,0,1,28,0,29,8,0,8,37
01/10/2020,LAF,IN,AGL,CE,Tower without Radar,0,5,5,0,10,0,0,0,0,0,0,5,5,0,10,0,0,0,10
01/11/2020,LAF,IN,AGL,CE,Tower without Radar,0,2,0,0,2,0,0,0,0,0,0,2,0,0,2,0,0,0,2
01/12/2020,LAF,IN,AGL,CE,Tower without Radar,1,4,11,0,16,0,0,1,0,1,1,4,12,0,17,0,0,0,17
01/13/2020,LAF,IN,AGL,CE,Tower without Radar,0,4,10,0,14,0,0,44,0,44,0,4,54,0,58,246,0,246,304
01/14/2020,LAF,IN,AGL,CE,Tower without Radar,0,2,5,0,7,0,0,6,0,6,0,2,11,0,13,44,0,44,57
01/15/2020,LAF,IN,AGL,CE,Tower without Radar,0,0,5,0,5,0,0,0,0,0,0,0,5,0,5,0,0,0,5
01/16/2020,LAF,IN,AGL,CE,Tower without Radar,0,0,23,0,23,0,1,156,0,157,0,1,179,0,180,332,0,332,512
01/17/2020,LAF,IN,AGL,CE,Tower without Radar,1,1,13,0,15,0,0,184,0,184,1,1,197,0,199,226,0,226,425
01/18/2020,LAF,IN,AGL,CE,Tower without Radar,2,0,2,0,4,0,0,0,0,0,2,0,2,0,4,0,0,0,4
01/19/2020,LAF,IN,AGL,CE,Tower without Radar,0,0,10,0,10,0,0,13,0,13,0,0,23,0,23,60,0,60,83
01/20/2020,LAF,IN,AGL,CE,Tower without Radar,0,0,19,0,19,0,1,53,0,54,0,1,72,0,73,242,0,242,315
01/21/2020,LAF,IN,AGL,CE,Tower without Radar,0,9,27,0,36,0,0,175,0,175,0,9,202,0,211,442,0,442,653
01/22/2020,LAF,IN,AGL,CE,Tower without Radar,0,0,40,0,40,0,1,188,0,189,0,1,228,0,229,404,0,404,633
01/23/2020,LAF,IN,AGL,CE,Tower without Radar,2,1,18,0,21,0,0,67,0,67,2,1,85,0,88,242,0,242,330
01/24/2020,LAF,IN,AGL,CE,Tower without Radar,1,4,5,0,10,0,0,0,0,0,1,4,5,0,10,0,0,0,10
01/25/2020,LAF,IN,AGL,CE,Tower without Radar,0,0,6,0,6,0,0,0,0,0,0,0,6,0,6,0,0,0,6
01/26/2020,LAF,IN,AGL,CE,Tower without Radar,2,0,22,0,24,0,0,36,0,36,2,0,58,0,60,118,0,118,178
01/27/2020,LAF,IN,AGL,CE,Tower without Radar,0,2,4,0,6,0,0,4,0,4,0,2,8,0,10,24,0,24,34
01/28/2020,LAF,IN,AGL,CE,Tower without Radar,0,0,6,0,6,0,0,0,0,0,0,0,6,0,6,0,0,0,6
01/29/2020,LAF,IN,AGL,CE,Tower without Radar,0,2,32,0,34,0,0,143,0,143,0,2,175,0,177,416,0,416,593
01/30/2020,LAF,IN,AGL,CE,Tower without Radar,1,1,37,0,39,0,0,186,0,186,1,1,223,0,225,356,0,356,581
01/31/2020,LAF,IN,AGL,CE,Tower without Radar,0,5,12,0,17,0,0,33,0,33,0,5,45,0,50,68,0,68,118
02/01/2020,LAF,IN,AGL,CE,Tower without Radar,1,1,2,0,4,0,0,3,0,3,1,1,5,0,7,18,0,18,25
02/02/2020,LAF,IN,AGL,CE,Tower without Radar,2,3,4,0,9,0,1,69,0,70,2,4,73,0,79,110,0,110,189
02/03/2020,LAF,IN,AGL,CE,Tower without Radar,0,0,40,0,40,0,0,235,0,235,0,0,275,0,275,365,0,365,640
02/04/2020,LAF,IN,AGL,CE,Tower without Radar,0,4,26,0,30,0,0,26,0,26,0,4,52,0,56,248,0,248,304
02/05/2020,LAF,IN,AGL,CE,Tower without Radar,0,4,26,0,30,0,0,97,0,97,0,4,123,0,127,222,0,222,349
02/06/2020,LAF,IN,AGL,CE,Tower without Radar,0,4,7,0,11,0,0,0,0,0,0,4,7,0,11,0,0,0,11
02/07/2020,LAF,IN,AGL,CE,Tower without Radar,0,6,25,0,31,0,0,242,0,242,0,6,267,0,273,416,0,416,689
02/08/2020,LAF,IN,AGL,CE,Tower without Radar,2,2,1,0,5,0,0,9,0,9,2,2,10,0,14,38,0,38,52
02/09/2020,LAF,IN,AGL,CE,Tower without Radar,2,5,5,0,12,0,0,30,0,30,2,5,35,0,42,98,0,98,140
02/10/2020,LAF,IN,AGL,CE,Tower without Radar,0,3,24,0,27,0,1,23,0,24,0,4,47,0,51,88,0,88,139
02/11/2020,LAF,IN,AGL,CE,Tower without Radar,0,4,41,0,45,0,2,178,0,180,0,6,219,0,225,478,0,478,703
02/12/2020,LAF,IN,AGL,CE,Tower without Radar,0,4,40,0,44,0,0,142,0,142,0,4,182,0,186,204,0,204,390
02/13/2020,LAF,IN,AGL,CE,Tower without Radar,0,3,8,0,11,0,0,0,0,0,0,3,8,0,11,0,0,0,11
02/14/2020,LAF,IN,AGL,CE,Tower without Radar,0,4,44,0,48,0,0,206,0,206,0,4,250,0,254,362,0,362,616
02/15/2020,LAF,IN,AGL,CE,Tower without Radar,2,2,21,0,25,0,0,130,0,130,2,2,151,0,155,254,0,254,409
02/16/2020,LAF,IN,AGL,CE,Tower without Radar,0,1,27,0,28,0,1,96,0,97,0,2,123,0,125,270,0,270,395
02/17/2020,LAF,IN,AGL,CE,Tower without Radar,0,3,33,0,36,0,3,97,0,100,0,6,130,0,136,152,0,152,288
02/18/2020,LAF,IN,AGL,CE,Tower without Radar,0,3,18,0,21,0,0,35,0,35,0,3,53,0,56,190,0,190,246
02/19/2020,LAF,IN,AGL,CE,Tower without Radar,0,8,56,0,64,0,0,233,0,233,0,8,289,0,297,272,0,272,569
02/20/2020,LAF,IN,AGL,CE,Tower without Radar,1,5,49,0,55,0,1,195,0,196,1,6,244,0,251,328,0,328,579
02/21/2020,LAF,IN,AGL,CE,Tower without Radar,1,3,38,0,42,0,0,210,0,210,1,3,248,0,252,259,0,259,511
02/22/2020,LAF,IN,AGL,CE,Tower without Radar,1,4,44,0,49,0,1,178,0,179,1,5,222,0,228,214,0,214,442
02/23/2020,LAF,IN,AGL,CE,Tower without Radar,0,0,22,0,22,0,1,131,0,132,0,1,153,0,154,202,0,202,356
02/24/2020,LAF,IN,AGL,CE,Tower without Radar,0,2,43,0,45,0,0,1,0,1,0,2,44,0,46,0,0,0,46
02/25/2020,LAF,IN,AGL,CE,Tower without Radar,0,3,10,0,13,0,0,0,0,0,0,3,10,0,13,0,0,0,13
02/26/2020,LAF,IN,AGL,CE,Tower without Radar,0,3,6,0,9,0,0,0,0,0,0,3,6,0,9,0,0,0,9
02/27/2020,LAF,IN,AGL,CE,Tower without Radar,0,6,45,0,51,0,0,175,0,175,0,6,220,0,226,216,0,216,442
02/28/2020,LAF,IN,AGL,CE,Tower without Radar,0,5,34,0,39,0,0,96,0,96,0,5,130,0,135,228,0,228,363
02/29/2020,LAF,IN,AGL,CE,Tower without Radar,1,0,37,0,38,0,1,239,0,240,1,1,276,0,278,357,0,357,635
03/01/2020,LAF,IN,AGL,CE,Tower without Radar,0,2,21,0,23,0,2,78,0,80,0,4,99,0,103,110,0,110,213
03/02/2020,LAF,IN,AGL,CE,Tower without Radar,0,6,25,0,31,0,0,56,0,56,0,6,81,0,87,128,0,128,215
03/03/2020,LAF,IN,AGL,CE,Tower without Radar,0,0,39,0,39,0,0,139,0,139,0,0,178,0,178,242,0,242,420
03/04/2020,LAF,IN,AGL,CE,Tower without Radar,0,0,40,0,40,0,0,171,0,171,0,0,211,0,211,280,0,280,491
03/05/2020,LAF,IN,AGL,CE,Tower without Radar,0,0,26,0,26,0,1,115,0,116,0,1,141,0,142,240,0,240,382
03/06/2020,LAF,IN,AGL,CE,Tower without Radar,2,0,1,0,3,0,2,57,0,59,2,2,58,0,62,194,0,194,256
03/07/2020,LAF,IN,AGL,CE,Tower without Radar,2,0,39,0,41,0,0,207,0,207,2,0,246,0,248,267,0,267,515
03/08/2020,LAF,IN,AGL,CE,Tower without Radar,0,0,19,0,19,0,0,80,0,80,0,0,99,0,99,48,0,48,147
03/09/2020,LAF,IN,AGL,CE,Tower without Radar,0,2,17,0,19,0,0,74,0,74,0,2,91,0,93,110,0,110,203
03/10/2020,LAF,IN,AGL,CE,Tower without Radar,0,5,24,0,29,0,0,3,0,3,0,5,27,0,32,14,0,14,46
03/11/2020,LAF,IN,AGL,CE,Tower without Radar,0,4,8,0,12,0,0,20,0,20,0,4,28,0,32,156,0,156,188
03/12/2020,LAF,IN,AGL,CE,Tower without Radar,0,0,39,0,39,0,0,38,0,38,0,0,77,0,77,172,0,172,249
03/13/2020,LAF,IN,AGL,CE,Tower without Radar,0,5,36,0,41,0,2,168,0,170,0,7,204,0,211,292,0,292,503
03/14/2020,LAF,IN,AGL,CE,Tower without Radar,0,2,5,0,7,0,0,1,0,1,0,2,6,0,8,4,0,4,12
03/15/2020,LAF,IN,AGL,CE,Tower without Radar,0,0,21,0,21,0,0,81,0,81,0,0,102,0,102,189,0,189,291
03/16/2020,LAF,IN,AGL,CE,Tower without Radar,0,3,15,0,18,0,1,53,0,54,0,4,68,0,72,234,0,234,306
03/17/2020,LAF,IN,AGL,CE,Tower without Radar,0,0,19,0,19,0,0,119,0,119,0,0,138,0,138,352,0,352,490
03/18/2020,LAF,IN,AGL,CE,Tower without Radar,0,2,3,0,5,0,0,46,0,46,0,2,49,0,51,142,0,142,193
03/19/2020,LAF,IN,AGL,CE,Tower without Radar,0,0,7,0,7,0,0,0,0,0,0,0,7,0,7,0,0,0,7
03/20/2020,LAF,IN,AGL,CE,Tower without Radar,0,4,19,0,23,0,0,20,0,20,0,4,39,0,43,64,0,64,107
03/21/2020,LAF,IN,AGL,CE,Tower without Radar,0,4,8,0,12,0,0,60,0,60,0,4,68,0,72,172,0,172,244
03/22/2020,LAF,IN,AGL,CE,Tower without Radar,0,1,2,0,3,0,0,42,0,42,0,1,44,0,45,50,0,50,95
03/23/2020,LAF,IN,AGL,CE,Tower without Radar,0,0,7,0,7,0,0,17,0,17,0,0,24,0,24,110,0,110,134
03/24/2020,LAF,IN,AGL,CE,Tower without Radar,0,1,14,0,15,0,0,22,0,22,0,1,36,0,37,149,0,149,186
03/25/2020,LAF,IN,AGL,CE,Tower without Radar,0,0,2,0,2,0,0,6,0,6,0,0,8,0,8,4,0,4,12
03/26/2020,LAF,IN,AGL,CE,Tower without Radar,0,1,1,0,2,0,0,2,0,2,0,1,3,0,4,0,0,0,4
03/27/2020,LAF,IN,AGL,CE,Tower without Radar,0,0,5,0,5,0,0,3,0,3,0,0,8,0,8,6,0,6,14
03/28/2020,LAF,IN,AGL,CE,Tower without Radar,0,0,0,0,0,0,0,0,0,0,0,0,0,0,0,0,0,0,0
03/29/2020,LAF,IN,AGL,CE,Tower without Radar,0,0,0,0,0,0,0,0,0,0,0,0,0,0,0,0,0,0,0
03/30/2020,LAF,IN,AGL,CE,Tower without Radar,0,0,4,0,4,0,0,5,0,5,0,0,9,0,9,0,0,0,9
03/31/2020,LAF,IN,AGL,CE,Tower without Radar,0,0,0,0,0,0,0,4,0,4,0,0,4,0,4,2,0,2,6
04/01/2020,LAF,IN,AGL,CE,Tower without Radar,0,0,2,0,2,0,0,4,0,4,0,0,6,0,6,0,0,0,6
04/02/2020,LAF,IN,AGL,CE,Tower without Radar,0,0,2,0,2,0,1,5,0,6,0,1,7,0,8,2,0,2,10
04/03/2020,LAF,IN,AGL,CE,Tower without Radar,0,0,5,0,5,0,1,11,0,12,0,1,16,0,17,6,0,6,23
04/04/2020,LAF,IN,AGL,CE,Tower without Radar,0,0,7,0,7,0,0,0,0,0,0,0,7,0,7,0,0,0,7
04/05/2020,LAF,IN,AGL,CE,Tower without Radar,0,0,4,0,4,0,1,17,0,18,0,1,21,0,22,16,0,16,38
04/06/2020,LAF,IN,AGL,CE,Tower without Radar,0,0,3,0,3,0,1,9,0,10,0,1,12,0,13,10,0,10,23
04/07/2020,LAF,IN,AGL,CE,Tower without Radar,0,0,3,0,3,0,0,11,0,11,0,0,14,0,14,14,0,14,28
04/08/2020,LAF,IN,AGL,CE,Tower without Radar,0,0,2,0,2,0,0,10,0,10,0,0,12,0,12,14,0,14,26
04/09/2020,LAF,IN,AGL,CE,Tower without Radar,0,0,1,0,1,0,0,1,0,1,0,0,2,0,2,4,0,4,6
04/10/2020,LAF,IN,AGL,CE,Tower without Radar,0,0,1,0,1,0,0,10,0,10,0,0,11,0,11,10,0,10,21
04/11/2020,LAF,IN,AGL,CE,Tower without Radar,0,0,2,0,2,0,0,6,0,6,0,0,8,0,8,12,0,12,20
04/12/2020,LAF,IN,AGL,CE,Tower without Radar,0,0,2,0,2,0,0,0,0,0,0,0,2,0,2,0,0,0,2
04/13/2020,LAF,IN,AGL,CE,Tower without Radar,0,0,2,0,2,0,0,0,0,0,0,0,2,0,2,0,0,0,2
04/14/2020,LAF,IN,AGL,CE,Tower without Radar,0,1,4,0,5,0,0,12,0,12,0,1,16,0,17,12,0,12,29
04/15/2020,LAF,IN,AGL,CE,Tower without Radar,0,0,0,0,0,0,0,1,0,1,0,0,1,0,1,1,0,1,2
04/16/2020,LAF,IN,AGL,CE,Tower without Radar,0,0,3,0,3,0,0,10,0,10,0,0,13,0,13,4,0,4,17
04/17/2020,LAF,IN,AGL,CE,Tower without Radar,0,2,1,0,3,0,0,0,0,0,0,2,1,0,3,0,0,0,3
04/18/2020,LAF,IN,AGL,CE,Tower without Radar,0,0,3,0,3,0,1,15,0,16,0,1,18,0,19,4,0,4,23
04/19/2020,LAF,IN,AGL,CE,Tower without Radar,0,0,6,0,6,0,0,5,0,5,0,0,11,0,11,8,0,8,19
04/20/2020,LAF,IN,AGL,CE,Tower without Radar,0,0,1,0,1,0,1,14,0,15,0,1,15,0,16,0,0,0,16
04/21/2020,LAF,IN,AGL,CE,Tower without Radar,0,0,3,0,3,0,0,9,0,9,0,0,12,0,12,4,0,4,16
04/22/2020,LAF,IN,AGL,CE,Tower without Radar,0,0,7,0,7,0,2,35,0,37,0,2,42,0,44,6,0,6,50
04/23/2020,LAF,IN,AGL,CE,Tower without Radar,0,1,1,0,2,0,0,0,0,0,0,1,1,0,2,0,0,0,2
04/24/2020,LAF,IN,AGL,CE,Tower without Radar,0,0,1,0,1,0,2,33,0,35,0,2,34,0,36,22,0,22,58
04/25/2020,LAF,IN,AGL,CE,Tower without Radar,0,0,5,0,5,0,2,3,0,5,0,2,8,0,10,0,0,0,10
04/26/2020,LAF,IN,AGL,CE,Tower without Radar,0,1,0,0,1,0,1,7,0,8,0,2,7,0,9,0,0,0,9
04/27/2020,LAF,IN,AGL,CE,Tower without Radar,0,0,2,0,2,0,1,7,0,8,0,1,9,0,10,8,0,8,18
04/28/2020,LAF,IN,AGL,CE,Tower without Radar,0,0,9,0,9,0,0,13,0,13,0,0,22,0,22,30,0,30,52
04/29/2020,LAF,IN,AGL,CE,Tower without Radar,0,0,7,1,8,0,0,1,1,2,0,0,8,2,10,8,0,8,18
04/30/2020,LAF,IN,AGL,CE,Tower without Radar,0,0,4,0,4,0,1,2,0,3,0,1,6,0,7,0,0,0,7
05/01/2020,LAF,IN,AGL,CE,Tower without Radar,0,0,5,0,5,0,0,34,0,34,0,0,39,0,39,26,0,26,65
05/02/2020,LAF,IN,AGL,CE,Tower without Radar,0,0,6,0,6,0,3,42,0,45,0,3,48,0,51,106,0,106,157
05/03/2020,LAF,IN,AGL,CE,Tower without Radar,0,0,6,0,6,0,0,28,0,28,0,0,34,0,34,96,0,96,130
05/04/2020,LAF,IN,AGL,CE,Tower without Radar,0,0,1,0,1,0,1,41,0,42,0,1,42,0,43,86,0,86,129
05/05/2020,LAF,IN,AGL,CE,Tower without Radar,0,0,6,0,6,0,2,13,0,15,0,2,19,0,21,104,0,104,125
05/06/2020,LAF,IN,AGL,CE,Tower without Radar,0,1,15,0,16,0,0,37,0,37,0,1,52,0,53,24,0,24,77
05/07/2020,LAF,IN,AGL,CE,Tower without Radar,0,2,7,0,9,0,0,27,0,27,0,2,34,0,36,58,0,58,94
05/08/2020,LAF,IN,AGL,CE,Tower without Radar,0,0,1,0,1,0,0,13,0,13,0,0,14,0,14,2,0,2,16
05/09/2020,LAF,IN,AGL,CE,Tower without Radar,0,2,4,0,6,0,1,40,0,41,0,3,44,0,47,100,0,100,147
05/10/2020,LAF,IN,AGL,CE,Tower without Radar,0,2,1,0,3,0,0,6,0,6,0,2,7,0,9,8,0,8,17
05/11/2020,LAF,IN,AGL,CE,Tower without Radar,0,3,5,0,8,0,3,46,0,49,0,6,51,0,57,194,0,194,251
05/12/2020,LAF,IN,AGL,CE,Tower without Radar,0,0,8,0,8,0,0,59,0,59,0,0,67,0,67,110,0,110,177
05/13/2020,LAF,IN,AGL,CE,Tower without Radar,0,1,8,0,9,0,0,60,0,60,0,1,68,0,69,98,0,98,167
05/14/2020,LAF,IN,AGL,CE,Tower without Radar,0,2,0,0,2,0,1,11,0,12,0,3,11,0,14,74,0,74,88
05/15/2020,LAF,IN,AGL,CE,Tower without Radar,0,1,2,0,3,0,0,27,0,27,0,1,29,0,30,92,0,92,122
05/16/2020,LAF,IN,AGL,CE,Tower without Radar,0,0,4,0,4,0,0,47,0,47,0,0,51,0,51,134,0,134,185
05/17/2020,LAF,IN,AGL,CE,Tower without Radar,0,1,0,0,1,0,0,7,0,7,0,1,7,0,8,24,0,24,32
05/18/2020,LAF,IN,AGL,CE,Tower without Radar,0,0,7,0,7,0,1,38,0,39,0,1,45,0,46,212,0,212,258
05/19/2020,LAF,IN,AGL,CE,Tower without Radar,0,0,22,2,24,0,0,0,0,0,0,0,22,2,24,38,0,38,62
05/20/2020,LAF,IN,AGL,CE,Tower without Radar,0,1,15,4,20,0,0,19,18,37,0,1,34,22,57,146,0,146,203
05/21/2020,LAF,IN,AGL,CE,Tower without Radar,0,0,15,4,19,0,1,29,8,38,0,1,44,12,57,118,0,118,175
05/22/2020,LAF,IN,AGL,CE,Tower without Radar,0,0,9,0,9,0,2,45,4,51,0,2,54,4,60,176,0,176,236
05/23/2020,LAF,IN,AGL,CE,Tower without Radar,0,0,2,25,27,0,0,34,5,39,0,0,36,30,66,186,0,186,252
05/24/2020,LAF,IN,AGL,CE,Tower without Radar,0,2,9,0,11,0,1,45,0,46,0,3,54,0,57,50,0,50,107
05/25/2020,LAF,IN,AGL,CE,Tower without Radar,0,0,30,0,30,0,0,18,0,18,0,0,48,0,48,158,0,158,206
05/26/2020,LAF,IN,AGL,CE,Tower without Radar,0,0,11,0,11,0,1,38,0,39,0,1,49,0,50,104,0,104,154
05/27/2020,LAF,IN,AGL,CE,Tower without Radar,0,1,5,0,6,0,0,34,0,34,0,1,39,0,40,76,0,76,116
05/28/2020,LAF,IN,AGL,CE,Tower without Radar,0,1,14,0,15,0,1,33,0,34,0,2,47,0,49,64,0,64,113
05/29/2020,LAF,IN,AGL,CE,Tower without Radar,0,0,2,0,2,0,0,31,0,31,0,0,33,0,33,106,0,106,139
05/30/2020,LAF,IN,AGL,CE,Tower without Radar,0,0,1,0,1,0,1,55,0,56,0,1,56,0,57,134,0,134,191
05/31/2020,LAF,IN,AGL,CE,Tower without Radar,0,0,3,0,3,0,0,40,0,40,0,0,43,0,43,100,0,100,143
06/01/2020,LAF,IN,AGL,CE,Tower without Radar,0,1,5,0,6,0,0,37,0,37,0,1,42,0,43,146,0,146,189
06/02/2020,LAF,IN,AGL,CE,Tower without Radar,0,0,2,0,2,0,0,53,0,53,0,0,55,0,55,94,0,94,149
06/03/2020,LAF,IN,AGL,CE,Tower without Radar,0,0,10,0,10,0,0,39,0,39,0,0,49,0,49,212,0,212,261
06/04/2020,LAF,IN,AGL,CE,Tower without Radar,0,0,7,0,7,0,0,23,0,23,0,0,30,0,30,100,0,100,130
06/05/2020,LAF,IN,AGL,CE,Tower without Radar,0,0,1,0,1,0,0,36,0,36,0,0,37,0,37,170,0,170,207
06/06/2020,LAF,IN,AGL,CE,Tower without Radar,0,0,7,1,8,0,1,46,0,47,0,1,53,1,55,76,0,76,131
06/07/2020,LAF,IN,AGL,CE,Tower without Radar,0,0,2,0,2,0,0,37,0,37,0,0,39,0,39,88,0,88,127
06/08/2020,LAF,IN,AGL,CE,Tower without Radar,0,0,11,0,11,0,0,49,0,49,0,0,60,0,60,170,0,170,230
06/09/2020,LAF,IN,AGL,CE,Tower without Radar,0,0,2,0,2,0,0,13,0,13,0,0,15,0,15,6,0,6,21
06/10/2020,LAF,IN,AGL,CE,Tower without Radar,0,0,2,0,2,0,0,15,0,15,0,0,17,0,17,12,0,12,29
06/11/2020,LAF,IN,AGL,CE,Tower without Radar,0,0,9,0,9,0,0,53,0,53,0,0,62,0,62,156,0,156,218
06/12/2020,LAF,IN,AGL,CE,Tower without Radar,0,0,0,0,0,0,0,63,0,63,0,0,63,0,63,116,0,116,179
06/13/2020,LAF,IN,AGL,CE,Tower without Radar,0,0,0,0,0,0,0,37,0,37,0,0,37,0,37,78,0,78,115
06/14/2020,LAF,IN,AGL,CE,Tower without Radar,0,2,8,0,10,0,0,29,0,29,0,2,37,0,39,84,0,84,123
06/15/2020,LAF,IN,AGL,CE,Tower without Radar,0,2,3,0,5,0,0,55,0,55,0,2,58,0,60,170,0,170,230
06/16/2020,LAF,IN,AGL,CE,Tower without Radar,0,2,1,0,3,0,0,50,0,50,0,2,51,0,53,140,0,140,193
06/17/2020,LAF,IN,AGL,CE,Tower without Radar,2,0,5,0,7,0,1,60,0,61,2,1,65,0,68,164,0,164,232
06/18/2020,LAF,IN,AGL,CE,Tower without Radar,0,0,4,0,4,0,0,57,0,57,0,0,61,0,61,116,0,116,177
06/19/2020,LAF,IN,AGL,CE,Tower without Radar,0,5,9,0,14,0,0,58,0,58,0,5,67,0,72,178,0,178,250
06/20/2020,LAF,IN,AGL,CE,Tower without Radar,0,0,4,0,4,0,0,61,0,61,0,0,65,0,65,128,0,128,193
06/21/2020,LAF,IN,AGL,CE,Tower without Radar,0,0,5,0,5,0,0,13,0,13,0,0,18,0,18,92,0,92,110
06/22/2020,LAF,IN,AGL,CE,Tower without Radar,0,0,0,0,0,0,0,28,0,28,0,0,28,0,28,114,0,114,142
06/23/2020,LAF,IN,AGL,CE,Tower without Radar,0,2,9,0,11,0,0,24,0,24,0,2,33,0,35,74,0,74,109
06/24/2020,LAF,IN,AGL,CE,Tower without Radar,0,0,13,0,13,0,0,56,0,56,0,0,69,0,69,128,0,128,197
06/25/2020,LAF,IN,AGL,CE,Tower without Radar,0,3,7,0,10,0,0,61,0,61,0,3,68,0,71,166,0,166,237
06/26/2020,LAF,IN,AGL,CE,Tower without Radar,0,0,5,0,5,0,0,43,0,43,0,0,48,0,48,110,0,110,158
06/27/2020,LAF,IN,AGL,CE,Tower without Radar,0,0,1,0,1,0,0,6,0,6,0,0,7,0,7,10,0,10,17
06/28/2020,LAF,IN,AGL,CE,Tower without Radar,0,0,4,0,4,0,0,26,0,26,0,0,30,0,30,206,0,206,236
06/29/2020,LAF,IN,AGL,CE,Tower without Radar,0,1,2,0,3,0,0,16,0,16,0,1,18,0,19,60,0,60,79
06/30/2020,LAF,IN,AGL,CE,Tower without Radar,0,1,5,0,6,0,0,51,0,51,0,1,56,0,57,168,0,168,225
07/01/2020,LAF,IN,AGL,CE,Tower without Radar,0,0,3,0,3,0,2,41,0,43,0,2,44,0,46,200,0,200,246
07/02/2020,LAF,IN,AGL,CE,Tower without Radar,0,0,3,2,5,0,2,57,0,59,0,2,60,2,64,118,0,118,182
07/03/2020,LAF,IN,AGL,CE,Tower without Radar,0,0,6,0,6,0,0,40,0,40,0,0,46,0,46,102,0,102,148
07/04/2020,LAF,IN,AGL,CE,Tower without Radar,0,0,1,0,1,0,0,18,0,18,0,0,19,0,19,24,0,24,43
07/05/2020,LAF,IN,AGL,CE,Tower without Radar,0,4,4,0,8,0,0,40,0,40,0,4,44,0,48,50,0,50,98
07/06/2020,LAF,IN,AGL,CE,Tower without Radar,0,1,14,0,15,0,0,66,0,66,0,1,80,0,81,164,0,164,245
07/07/2020,LAF,IN,AGL,CE,Tower without Radar,0,2,9,0,11,0,1,66,0,67,0,3,75,0,78,286,0,286,364
07/08/2020,LAF,IN,AGL,CE,Tower without Radar,0,4,14,0,18,0,1,86,0,87,0,5,100,0,105,336,0,336,441
07/09/2020,LAF,IN,AGL,CE,Tower without Radar,0,0,34,0,34,0,0,108,0,108,0,0,142,0,142,342,0,342,484
07/10/2020,LAF,IN,AGL,CE,Tower without Radar,0,0,7,0,7,0,0,60,2,62,0,0,67,2,69,188,0,188,257
07/11/2020,LAF,IN,AGL,CE,Tower without Radar,0,0,13,0,13,0,0,72,0,72,0,0,85,0,85,220,0,220,305
07/12/2020,LAF,IN,AGL,CE,Tower without Radar,0,0,2,0,2,0,3,38,0,41,0,3,40,0,43,200,0,200,243
07/13/2020,LAF,IN,AGL,CE,Tower without Radar,0,0,36,0,36,0,0,253,0,253,0,0,289,0,289,332,0,332,621
07/14/2020,LAF,IN,AGL,CE,Tower without Radar,0,1,30,0,31,0,0,246,0,246,0,1,276,0,277,534,0,534,811
07/15/2020,LAF,IN,AGL,CE,Tower without Radar,0,0,30,0,30,0,1,166,0,167,0,1,196,0,197,550,0,550,747
07/16/2020,LAF,IN,AGL,CE,Tower without Radar,0,0,48,0,48,0,0,104,0,104,0,0,152,0,152,320,0,320,472
07/17/2020,LAF,IN,AGL,CE,Tower without Radar,0,0,38,0,38,0,0,236,0,236,0,0,274,0,274,498,0,498,772
07/18/2020,LAF,IN,AGL,CE,Tower without Radar,0,0,27,0,27,0,0,237,0,237,0,0,264,0,264,402,0,402,666
07/19/2020,LAF,IN,AGL,CE,Tower without Radar,0,1,7,0,8,0,1,36,0,37,0,2,43,0,45,116,0,116,161
07/20/2020,LAF,IN,AGL,CE,Tower without Radar,0,2,45,0,47,0,1,206,0,207,0,3,251,0,254,316,0,316,570
07/21/2020,LAF,IN,AGL,CE,Tower without Radar,0,1,21,0,22,0,1,106,0,107,0,2,127,0,129,210,0,210,339
07/22/2020,LAF,IN,AGL,CE,Tower without Radar,0,1,53,0,54,0,0,65,0,65,0,1,118,0,119,346,0,346,465
07/23/2020,LAF,IN,AGL,CE,Tower without Radar,0,1,46,0,47,0,3,219,0,222,0,4,265,0,269,318,0,318,587
07/24/2020,LAF,IN,AGL,CE,Tower without Radar,0,1,46,0,47,0,0,207,0,207,0,1,253,0,254,326,0,326,580
07/25/2020,LAF,IN,AGL,CE,Tower without Radar,0,2,24,0,26,0,0,178,0,178,0,2,202,0,204,426,0,426,630
07/26/2020,LAF,IN,AGL,CE,Tower without Radar,0,7,18,0,25,0,0,83,0,83,0,7,101,0,108,150,0,150,258
07/27/2020,LAF,IN,AGL,CE,Tower without Radar,0,0,16,0,16,0,0,51,0,51,0,0,67,0,67,70,0,70,137
07/28/2020,LAF,IN,AGL,CE,Tower without Radar,0,2,39,0,41,0,2,187,0,189,0,4,226,0,230,334,0,334,564
07/29/2020,LAF,IN,AGL,CE,Tower without Radar,0,0,29,0,29,0,0,162,0,162,0,0,191,0,191,380,0,380,571
07/30/2020,LAF,IN,AGL,CE,Tower without Radar,0,2,29,0,31,0,0,26,0,26,0,2,55,0,57,140,0,140,197
07/31/2020,LAF,IN,AGL,CE,Tower without Radar,0,3,50,0,53,0,0,174,0,174,0,3,224,0,227,354,0,354,581
08/01/2020,LAF,IN,AGL,CE,Tower without Radar,0,2,9,0,11,0,0,24,0,24,0,2,33,0,35,162,0,162,197
08/02/2020,LAF,IN,AGL,CE,Tower without Radar,0,0,14,0,14,0,0,85,0,85,0,0,99,0,99,196,0,196,295
08/03/2020,LAF,IN,AGL,CE,Tower without Radar,1,4,33,0,38,0,0,56,0,56,1,4,89,0,94,146,0,146,240
08/04/2020,LAF,IN,AGL,CE,Tower without Radar,0,2,22,0,24,0,0,105,0,105,0,2,127,0,129,348,0,348,477
08/05/2020,LAF,IN,AGL,CE,Tower without Radar,0,4,18,0,22,0,0,175,0,175,0,4,193,0,197,456,0,456,653
08/06/2020,LAF,IN,AGL,CE,Tower without Radar,0,0,34,0,34,0,1,127,2,130,0,1,161,2,164,284,0,284,448
08/07/2020,LAF,IN,AGL,CE,Tower without Radar,0,1,23,0,24,0,0,205,0,205,0,1,228,0,229,352,0,352,581
08/08/2020,LAF,IN,AGL,CE,Tower without Radar,0,0,11,0,11,0,3,154,0,157,0,3,165,0,168,382,0,382,550
08/09/2020,LAF,IN,AGL,CE,Tower without Radar,0,3,5,0,8,0,7,75,0,82,0,10,80,0,90,280,0,280,370
08/10/2020,LAF,IN,AGL,CE,Tower without Radar,0,3,12,0,15,0,1,63,0,64,0,4,75,0,79,166,0,166,245
08/11/2020,LAF,IN,AGL,CE,Tower without Radar,0,5,17,0,22,0,0,74,1,75,0,5,91,1,97,338,0,338,435
08/12/2020,LAF,IN,AGL,CE,Tower without Radar,0,0,23,1,24,0,1,132,0,133,0,1,155,1,157,224,0,224,381
08/13/2020,LAF,IN,AGL,CE,Tower without Radar,0,4,31,0,35,0,1,133,0,134,0,5,164,0,169,294,0,294,463
08/14/2020,LAF,IN,AGL,CE,Tower without Radar,0,1,23,0,24,0,0,114,0,114,0,1,137,0,138,224,0,224,362
08/15/2020,LAF,IN,AGL,CE,Tower without Radar,0,1,13,0,14,0,1,66,0,67,0,2,79,0,81,244,0,244,325
08/16/2020,LAF,IN,AGL,CE,Tower without Radar,0,6,14,0,20,0,1,51,0,52,0,7,65,0,72,162,0,162,234
08/17/2020,LAF,IN,AGL,CE,Tower without Radar,0,6,16,0,22,0,0,56,0,56,0,6,72,0,78,220,0,220,298
08/18/2020,LAF,IN,AGL,CE,Tower without Radar,0,13,9,0,22,0,1,60,0,61,0,14,69,0,83,154,0,154,237
08/19/2020,LAF,IN,AGL,CE,Tower without Radar,0,8,22,0,30,0,0,159,0,159,0,8,181,0,189,395,0,395,584
08/20/2020,LAF,IN,AGL,CE,Tower without Radar,0,5,41,0,46,0,0,162,0,162,0,5,203,0,208,376,0,376,584
08/21/2020,LAF,IN,AGL,CE,Tower without Radar,0,6,37,0,43,0,0,131,2,133,0,6,168,2,176,400,0,400,576
08/22/2020,LAF,IN,AGL,CE,Tower without Radar,0,7,19,0,26,0,0,122,0,122,0,7,141,0,148,256,0,256,404
08/23/2020,LAF,IN,AGL,CE,Tower without Radar,0,3,16,0,19,0,0,81,1,82,0,3,97,1,101,143,0,143,244
08/24/2020,LAF,IN,AGL,CE,Tower without Radar,0,2,22,1,25,0,0,107,0,107,0,2,129,1,132,266,0,266,398
08/25/2020,LAF,IN,AGL,CE,Tower without Radar,0,0,21,2,23,0,0,174,0,174,0,0,195,2,197,436,0,436,633
08/26/2020,LAF,IN,AGL,CE,Tower without Radar,0,3,41,0,44,0,127,215,0,342,0,130,256,0,386,437,0,437,823
08/27/2020,LAF,IN,AGL,CE,Tower without Radar,1,43,35,1,80,0,100,138,0,238,1,143,173,1,318,300,0,300,618
08/28/2020,LAF,IN,AGL,CE,Tower without Radar,0,40,13,0,53,0,120,145,0,265,0,160,158,0,318,262,0,262,580
08/29/2020,LAF,IN,AGL,CE,Tower without Radar,0,33,9,0,42,0,139,168,0,307,0,172,177,0,349,420,0,420,769
08/30/2020,LAF,IN,AGL,CE,Tower without Radar,0,12,16,0,28,0,56,148,6,210,0,68,164,6,238,246,0,246,484
08/31/2020,LAF,IN,AGL,CE,Tower without Radar,0,54,15,0,69,0,148,136,0,284,0,202,151,0,353,334,0,334,687
09/01/2020,LAF,IN,AGL,CE,Tower without Radar,0,33,5,0,38,0,1,14,0,15,0,34,19,0,53,136,0,136,189
09/02/2020,LAF,IN,AGL,CE,Tower without Radar,0,55,19,0,74,0,85,80,0,165,0,140,99,0,239,295,0,295,534
09/03/2020,LAF,IN,AGL,CE,Tower without Radar,0,53,12,0,65,0,80,80,0,160,0,133,92,0,225,204,0,204,429
09/04/2020,LAF,IN,AGL,CE,Tower without Radar,0,58,16,0,74,0,173,181,0,354,0,231,197,0,428,380,0,380,808
09/05/2020,LAF,IN,AGL,CE,Tower without Radar,0,30,11,0,41,0,79,109,0,188,0,109,120,0,229,308,0,308,537
09/06/2020,LAF,IN,AGL,CE,Tower without Radar,0,9,14,0,23,0,14,32,0,46,0,23,46,0,69,116,0,116,185
09/07/2020,LAF,IN,AGL,CE,Tower without Radar,0,10,8,0,18,0,32,53,0,85,0,42,61,0,103,196,0,196,299
09/08/2020,LAF,IN,AGL,CE,Tower without Radar,0,13,11,0,24,0,45,51,0,96,0,58,62,0,120,182,0,182,302
09/09/2020,LAF,IN,AGL,CE,Tower without Radar,0,47,27,0,74,0,92,106,0,198,0,139,133,0,272,312,0,312,584
09/10/2020,LAF,IN,AGL,CE,Tower without Radar,0,54,27,0,81,0,31,38,0,69,0,85,65,0,150,268,0,268,418
09/11/2020,LAF,IN,AGL,CE,Tower without Radar,0,73,24,0,97,0,80,84,0,164,0,153,108,0,261,282,0,282,543
09/12/2020,LAF,IN,AGL,CE,Tower without Radar,0,36,30,0,66,0,15,37,0,52,0,51,67,0,118,274,0,274,392
09/13/2020,LAF,IN,AGL,CE,Tower without Radar,0,23,33,0,56,0,55,111,0,166,0,78,144,0,222,338,0,338,560
09/14/2020,LAF,IN,AGL,CE,Tower without Radar,0,42,32,0,74,0,148,162,0,310,0,190,194,0,384,362,0,362,746
09/15/2020,LAF,IN,AGL,CE,Tower without Radar,0,45,24,0,69,0,135,159,0,294,0,180,183,0,363,426,0,426,789
09/16/2020,LAF,IN,AGL,CE,Tower without Radar,0,70,25,0,95,0,108,139,0,247,0,178,164,0,342,442,0,442,784
09/17/2020,LAF,IN,AGL,CE,Tower without Radar,0,57,7,0,64,0,66,94,0,160,0,123,101,0,224,463,0,463,687
09/18/2020,LAF,IN,AGL,CE,Tower without Radar,0,90,15,0,105,0,119,136,0,255,0,209,151,0,360,348,0,348,708
09/19/2020,LAF,IN,AGL,CE,Tower without Radar,0,57,10,0,67,0,102,146,0,248,0,159,156,0,315,318,0,318,633
09/20/2020,LAF,IN,AGL,CE,Tower without Radar,0,6,17,0,23,0,51,113,0,164,0,57,130,0,187,134,0,134,321
09/21/2020,LAF,IN,AGL,CE,Tower without Radar,0,28,15,0,43,0,97,119,0,216,0,125,134,0,259,226,0,226,485
09/22/2020,LAF,IN,AGL,CE,Tower without Radar,0,49,36,0,85,0,80,114,0,194,0,129,150,0,279,358,0,358,637
09/23/2020,LAF,IN,AGL,CE,Tower without Radar,0,50,14,0,64,0,69,124,0,193,0,119,138,0,257,480,0,480,737
09/24/2020,LAF,IN,AGL,CE,Tower without Radar,0,62,26,0,88,0,100,144,0,244,0,162,170,0,332,328,0,328,660
09/25/2020,LAF,IN,AGL,CE,Tower without Radar,0,61,30,0,91,0,123,108,0,231,0,184,138,0,322,482,0,482,804
09/26/2020,LAF,IN,AGL,CE,Tower without Radar,0,33,10,0,43,0,46,52,0,98,0,79,62,0,141,88,0,88,229
09/27/2020,LAF,IN,AGL,CE,Tower without Radar,0,10,29,0,39,0,27,52,1,80,0,37,81,1,119,220,0,220,339
09/28/2020,LAF,IN,AGL,CE,Tower without Radar,0,26,8,0,34,0,13,30,0,43,0,39,38,0,77,120,0,120,197
09/29/2020,LAF,IN,AGL,CE,Tower without Radar,0,41,20,0,61,0,83,75,0,158,0,124,95,0,219,180,0,180,399
09/30/2020,LAF,IN,AGL,CE,Tower without Radar,0,22,13,0,35,0,62,76,0,138,0,84,89,0,173,201,0,201,374
10/01/2020,LAF,IN,AGL,CE,Tower without Radar,0,38,28,0,66,0,119,87,1,207,0,157,115,1,273,204,0,204,477
10/02/2020,LAF,IN,AGL,CE,Tower without Radar,0,54,27,0,81,0,119,125,0,244,0,173,152,0,325,360,0,360,685
10/03/2020,LAF,IN,AGL,CE,Tower without Radar,0,58,20,0,78,0,129,138,2,269,0,187,158,2,347,410,0,410,757
10/04/2020,LAF,IN,AGL,CE,Tower without Radar,0,4,13,0,17,0,18,40,0,58,0,22,53,0,75,198,0,198,273
10/05/2020,LAF,IN,AGL,CE,Tower without Radar,0,37,8,0,45,0,123,99,0,222,0,160,107,0,267,222,0,222,489
10/06/2020,LAF,IN,AGL,CE,Tower without Radar,0,31,20,0,51,0,115,51,0,166,0,146,71,0,217,220,0,220,437
10/07/2020,LAF,IN,AGL,CE,Tower without Radar,0,46,12,0,58,0,117,108,0,225,0,163,120,0,283,356,0,356,639
10/08/2020,LAF,IN,AGL,CE,Tower without Radar,0,39,7,0,46,0,112,140,2,254,0,151,147,2,300,436,0,436,736
10/09/2020,LAF,IN,AGL,CE,Tower without Radar,0,51,15,0,66,0,90,92,0,182,0,141,107,0,248,234,0,234,482
10/10/2020,LAF,IN,AGL,CE,Tower without Radar,0,23,12,0,35,0,74,88,0,162,0,97,100,0,197,342,0,342,539
10/11/2020,LAF,IN,AGL,CE,Tower without Radar,0,7,9,0,16,0,35,55,0,90,0,42,64,0,106,180,0,180,286
10/12/2020,LAF,IN,AGL,CE,Tower without Radar,0,17,17,0,34,0,1,11,0,12,0,18,28,0,46,54,0,54,100
10/13/2020,LAF,IN,AGL,CE,Tower without Radar,0,35,20,0,55,0,105,79,0,184,0,140,99,0,239,308,0,308,547
10/14/2020,LAF,IN,AGL,CE,Tower without Radar,0,23,10,0,33,0,73,49,0,122,0,96,59,0,155,152,0,152,307
10/15/2020,LAF,IN,AGL,CE,Tower without Radar,0,38,19,0,57,0,116,61,0,177,0,154,80,0,234,294,0,294,528
10/16/2020,LAF,IN,AGL,CE,Tower without Radar,0,19,9,0,28,0,97,109,2,208,0,116,118,2,236,298,0,298,534
10/17/2020,LAF,IN,AGL,CE,Tower without Radar,0,0,9,0,9,0,49,56,0,105,0,49,65,0,114,138,0,138,252
10/18/2020,LAF,IN,AGL,CE,Tower without Radar,0,2,20,0,22,0,44,56,0,100,0,46,76,0,122,192,0,192,314
10/19/2020,LAF,IN,AGL,CE,Tower without Radar,0,13,22,0,35,0,26,23,0,49,0,39,45,0,84,286,0,286,370
10/20/2020,LAF,IN,AGL,CE,Tower without Radar,0,19,17,0,36,0,57,48,0,105,0,76,65,0,141,524,0,524,665
10/21/2020,LAF,IN,AGL,CE,Tower without Radar,0,25,19,0,44,3,38,40,0,81,3,63,59,0,125,302,0,302,427
10/22/2020,LAF,IN,AGL,CE,Tower without Radar,0,28,42,2,72,0,112,114,0,226,0,140,156,2,298,278,0,278,576
10/23/2020,LAF,IN,AGL,CE,Tower without Radar,1,7,6,0,14,0,38,35,0,73,1,45,41,0,87,182,0,182,269
10/24/2020,LAF,IN,AGL,CE,Tower without Radar,0,6,16,0,22,0,137,133,0,270,0,143,149,0,292,239,0,239,531
10/25/2020,LAF,IN,AGL,CE,Tower without Radar,0,4,10,0,14,0,61,90,0,151,0,65,100,0,165,196,0,196,361
10/26/2020,LAF,IN,AGL,CE,Tower without Radar,0,11,2,0,13,0,21,26,0,47,0,32,28,0,60,186,0,186,246
10/27/2020,LAF,IN,AGL,CE,Tower without Radar,0,0,18,0,18,0,14,5,0,19,0,14,23,0,37,86,0,86,123
10/28/2020,LAF,IN,AGL,CE,Tower without Radar,0,28,11,0,39,0,119,78,0,197,0,147,89,0,236,408,0,408,644
10/29/2020,LAF,IN,AGL,CE,Tower without Radar,0,22,16,0,38,0,127,76,0,203,0,149,92,0,241,248,0,248,489
10/30/2020,LAF,IN,AGL,CE,Tower without Radar,0,56,44,0,100,0,63,126,2,191,0,119,170,2,291,376,0,376,667
10/31/2020,LAF,IN,AGL,CE,Tower without Radar,0,6,11,0,17,0,97,108,2,207,0,103,119,2,224,298,0,298,522
11/01/2020,LAF,IN,AGL,CE,Tower without Radar,0,0,1,0,1,0,0,4,0,4,0,0,5,0,5,6,0,6,11
11/02/2020,LAF,IN,AGL,CE,Tower without Radar,0,30,16,0,46,0,110,100,0,210,0,140,116,0,256,358,0,358,614
11/03/2020,LAF,IN,AGL,CE,Tower without Radar,0,22,34,0,56,0,104,135,0,239,0,126,169,0,295,402,0,402,697
11/04/2020,LAF,IN,AGL,CE,Tower without Radar,0,27,17,0,44,0,127,125,2,254,0,154,142,2,298,352,8,360,658
11/05/2020,LAF,IN,AGL,CE,Tower without Radar,0,10,18,0,28,0,98,111,0,209,0,108,129,0,237,428,0,428,665
11/06/2020,LAF,IN,AGL,CE,Tower without Radar,0,14,10,0,24,0,116,137,0,253,0,130,147,0,277,284,0,284,561
11/07/2020,LAF,IN,AGL,CE,Tower without Radar,0,27,17,0,44,0,98,130,0,228,0,125,147,0,272,252,0,252,524
11/08/2020,LAF,IN,AGL,CE,Tower without Radar,0,29,16,0,45,0,45,84,0,129,0,74,100,0,174,152,0,152,326
11/09/2020,LAF,IN,AGL,CE,Tower without Radar,0,22,12,0,34,0,86,87,0,173,0,108,99,0,207,84,0,84,291
11/10/2020,LAF,IN,AGL,CE,Tower without Radar,0,2,12,0,14,0,21,51,0,72,0,23,63,0,86,18,0,18,104
11/11/2020,LAF,IN,AGL,CE,Tower without Radar,0,10,8,0,18,0,79,77,0,156,0,89,85,0,174,370,0,370,544
11/12/2020,LAF,IN,AGL,CE,Tower without Radar,0,21,29,0,50,0,141,117,0,258,0,162,146,0,308,252,0,252,560
11/13/2020,LAF,IN,AGL,CE,Tower without Radar,0,5,8,0,13,0,106,109,0,215,0,111,117,0,228,282,0,282,510
11/14/2020,LAF,IN,AGL,CE,Tower without Radar,0,0,5,0,5,0,77,64,0,141,0,77,69,0,146,300,0,300,446
11/15/2020,LAF,IN,AGL,CE,Tower without Radar,0,2,6,0,8,0,0,1,0,1,0,2,7,0,9,0,0,0,9
11/16/2020,LAF,IN,AGL,CE,Tower without Radar,0,13,11,0,24,0,116,113,0,229,0,129,124,0,253,312,0,312,565
11/17/2020,LAF,IN,AGL,CE,Tower without Radar,0,10,9,0,19,0,96,115,0,211,0,106,124,0,230,338,0,338,568
11/18/2020,LAF,IN,AGL,CE,Tower without Radar,0,5,18,0,23,0,79,88,0,167,0,84,106,0,190,163,0,163,353
11/19/2020,LAF,IN,AGL,CE,Tower without Radar,1,1,5,0,7,0,0,11,0,11,1,1,16,0,18,16,0,16,34
11/20/2020,LAF,IN,AGL,CE,Tower without Radar,0,21,19,2,42,0,112,115,6,233,0,133,134,8,275,372,0,372,647
11/21/2020,LAF,IN,AGL,CE,Tower without Radar,0,6,24,0,30,0,77,103,0,180,0,83,127,0,210,430,0,430,640
11/22/2020,LAF,IN,AGL,CE,Tower without Radar,0,3,1,2,6,0,0,5,0,5,0,3,6,2,11,16,0,16,27
11/23/2020,LAF,IN,AGL,CE,Tower without Radar,2,10,18,4,34,0,57,97,0,154,2,67,115,4,188,288,0,288,476
11/24/2020,LAF,IN,AGL,CE,Tower without Radar,0,9,8,0,17,0,43,33,0,76,0,52,41,0,93,178,0,178,271
11/25/2020,LAF,IN,AGL,CE,Tower without Radar,0,3,6,0,9,0,0,0,0,0,0,3,6,0,9,0,0,0,9
11/26/2020,LAF,IN,AGL,CE,Tower without Radar,0,0,0,0,0,0,0,1,0,1,0,0,1,0,1,0,0,0,1
11/27/2020,LAF,IN,AGL,CE,Tower without Radar,4,1,5,0,10,0,5,44,0,49,4,6,49,0,59,146,0,146,205
11/28/2020,LAF,IN,AGL,CE,Tower without Radar,2,5,11,0,18,0,1,66,0,67,2,6,77,0,85,106,0,106,191
11/29/2020,LAF,IN,AGL,CE,Tower without Radar,0,2,7,0,9,0,0,60,0,60,0,2,67,0,69,140,0,140,209
11/30/2020,LAF,IN,AGL,CE,Tower without Radar,0,0,1,0,1,0,0,1,0,1,0,0,2,0,2,0,0,0,2
12/01/2020,LAF,IN,AGL,CE,Tower without Radar,0,0,13,0,13,0,78,61,0,139,0,78,74,0,152,384,0,384,536
12/02/2020,LAF,IN,AGL,CE,Tower without Radar,0,8,8,0,16,0,86,87,0,173,0,94,95,0,189,328,0,328,517
12/03/2020,LAF,IN,AGL,CE,Tower without Radar,0,5,24,0,29,0,75,62,0,137,0,80,86,0,166,288,0,288,454
12/04/2020,LAF,IN,AGL,CE,Tower without Radar,2,11,12,0,25,0,74,75,0,149,2,85,87,0,174,292,0,292,466
12/05/2020,LAF,IN,AGL,CE,Tower without Radar,2,4,2,0,8,0,46,44,0,90,2,50,46,0,98,90,0,90,188
12/06/2020,LAF,IN,AGL,CE,Tower without Radar,0,9,6,0,15,0,26,49,0,75,0,35,55,0,90,242,0,242,332
12/07/2020,LAF,IN,AGL,CE,Tower without Radar,1,16,8,0,25,0,63,65,0,128,1,79,73,0,153,280,0,280,433
12/08/2020,LAF,IN,AGL,CE,Tower without Radar,0,9,13,0,22,0,50,45,0,95,0,59,58,0,117,326,0,326,443
12/09/2020,LAF,IN,AGL,CE,Tower without Radar,0,18,31,0,49,0,83,75,0,158,0,101,106,0,207,212,0,212,419
12/10/2020,LAF,IN,AGL,CE,Tower without Radar,0,19,31,0,50,0,76,116,0,192,0,95,147,0,242,364,0,364,606
12/11/2020,LAF,IN,AGL,CE,Tower without Radar,0,0,28,0,28,0,37,65,0,102,0,37,93,0,130,204,0,204,334
12/12/2020,LAF,IN,AGL,CE,Tower without Radar,0,0,0,0,0,0,0,0,0,0,0,0,0,0,0,0,0,0,0
12/13/2020,LAF,IN,AGL,CE,Tower without Radar,0,0,10,0,10,0,5,44,0,49,0,5,54,0,59,74,0,74,133
12/14/2020,LAF,IN,AGL,CE,Tower without Radar,0,3,7,0,10,0,42,67,0,109,0,45,74,0,119,224,0,224,343
12/15/2020,LAF,IN,AGL,CE,Tower without Radar,0,6,12,0,18,0,57,73,0,130,0,63,85,0,148,168,0,168,316
12/16/2020,LAF,IN,AGL,CE,Tower without Radar,0,1,4,0,5,0,0,0,0,0,0,1,4,0,5,0,0,0,5
12/17/2020,LAF,IN,AGL,CE,Tower without Radar,0,3,9,0,12,0,2,7,0,9,0,5,16,0,21,28,0,28,49
12/18/2020,LAF,IN,AGL,CE,Tower without Radar,0,5,24,2,31,0,36,51,0,87,0,41,75,2,118,144,0,144,262
12/19/2020,LAF,IN,AGL,CE,Tower without Radar,0,4,17,0,21,0,1,28,0,29,0,5,45,0,50,104,0,104,154
12/20/2020,LAF,IN,AGL,CE,Tower without Radar,0,5,2,0,7,0,7,28,0,35,0,12,30,0,42,104,0,104,146
12/21/2020,LAF,IN,AGL,CE,Tower without Radar,0,3,2,0,5,0,0,14,0,14,0,3,16,0,19,58,0,58,77
12/22/2020,LAF,IN,AGL,CE,Tower without Radar,0,4,16,0,20,0,2,70,0,72,0,6,86,0,92,102,0,102,194
12/23/2020,LAF,IN,AGL,CE,Tower without Radar,0,4,5,0,9,0,0,6,0,6,0,4,11,0,15,2,0,2,17
12/24/2020,LAF,IN,AGL,CE,Tower without Radar,1,1,5,0,7,0,1,9,0,10,1,2,14,0,17,0,0,0,17
12/25/2020,LAF,IN,AGL,CE,Tower without Radar,0,4,3,0,7,0,0,0,0,0,0,4,3,0,7,0,0,0,7
12/26/2020,LAF,IN,AGL,CE,Tower without Radar,1,0,5,0,6,0,2,33,0,35,1,2,38,0,41,50,0,50,91
12/27/2020,LAF,IN,AGL,CE,Tower without Radar,0,2,3,0,5,0,1,28,0,29,0,3,31,0,34,6,0,6,40
12/28/2020,LAF,IN,AGL,CE,Tower without Radar,0,2,2,0,4,0,0,4,0,4,0,2,6,0,8,4,0,4,12
12/29/2020,LAF,IN,AGL,CE,Tower without Radar,0,1,8,0,9,0,0,42,0,42,0,1,50,0,51,74,0,74,125
12/30/2020,LAF,IN,AGL,CE,Tower without Radar,0,1,0,0,1,0,0,0,0,0,0,1,0,0,1,0,0,0,1
12/31/2020,LAF,IN,AGL,CE,Tower without Radar,0,0,4,0,4,0,1,12,0,13,0,1,16,0,17,32,0,32,49
01/01/2021,LAF,IN,AGL,CE,Tower without Radar,0,1,0,0,1,0,0,0,0,0,0,1,0,0,1,0,0,0,1
01/02/2021,LAF,IN,AGL,CE,Tower without Radar,0,1,4,0,5,0,0,0,0,0,0,1,4,0,5,0,0,0,5
01/03/2021,LAF,IN,AGL,CE,Tower without Radar,0,2,3,0,5,0,0,0,0,0,0,2,3,0,5,0,0,0,5
01/04/2021,LAF,IN,AGL,CE,Tower without Radar,0,2,4,0,6,0,5,43,0,48,0,7,47,0,54,132,0,132,186
01/05/2021,LAF,IN,AGL,CE,Tower without Radar,0,1,1,0,2,0,1,1,0,2,0,2,2,0,4,0,0,0,4
01/06/2021,LAF,IN,AGL,CE,Tower without Radar,0,4,6,2,12,0,6,40,0,46,0,10,46,2,58,154,0,154,212
01/07/2021,LAF,IN,AGL,CE,Tower without Radar,2,0,11,0,13,0,0,44,0,44,2,0,55,0,57,120,0,120,177
01/08/2021,LAF,IN,AGL,CE,Tower without Radar,0,5,2,0,7,0,4,41,0,45,0,9,43,0,52,60,0,60,112
01/09/2021,LAF,IN,AGL,CE,Tower without Radar,0,2,15,0,17,0,0,23,0,23,0,2,38,0,40,80,0,80,120
01/10/2021,LAF,IN,AGL,CE,Tower without Radar,0,6,3,0,9,0,2,12,0,14,0,8,15,0,23,36,0,36,59
01/11/2021,LAF,IN,AGL,CE,Tower without Radar,0,0,6,0,6,0,0,0,0,0,0,0,6,0,6,0,0,0,6
01/12/2021,LAF,IN,AGL,CE,Tower without Radar,0,2,10,2,14,0,30,60,0,90,0,32,70,2,104,196,0,196,300
01/13/2021,LAF,IN,AGL,CE,Tower without Radar,0,1,15,0,16,0,49,80,0,129,0,50,95,0,145,220,0,220,365
01/14/2021,LAF,IN,AGL,CE,Tower without Radar,0,21,10,0,31,0,26,59,0,85,0,47,69,0,116,256,0,256,372
01/15/2021,LAF,IN,AGL,CE,Tower without Radar,0,2,16,0,18,0,5,20,0,25,0,7,36,0,43,102,0,102,145
01/16/2021,LAF,IN,AGL,CE,Tower without Radar,0,3,4,0,7,0,0,0,0,0,0,3,4,0,7,0,0,0,7
01/17/2021,LAF,IN,AGL,CE,Tower without Radar,0,1,7,0,8,0,0,1,0,1,0,1,8,0,9,16,0,16,25
01/18/2021,LAF,IN,AGL,CE,Tower without Radar,0,3,7,0,10,0,0,26,0,26,0,3,33,0,36,86,0,86,122
01/19/2021,LAF,IN,AGL,CE,Tower without Radar,0,25,23,0,48,0,21,74,0,95,0,46,97,0,143,269,0,269,412
01/20/2021,LAF,IN,AGL,CE,Tower without Radar,0,7,20,0,27,0,76,109,0,185,0,83,129,0,212,400,0,400,612
01/21/2021,LAF,IN,AGL,CE,Tower without Radar,0,13,11,0,24,0,120,107,0,227,0,133,118,0,251,324,0,324,575
01/22/2021,LAF,IN,AGL,CE,Tower without Radar,0,39,25,0,64,0,116,114,0,230,0,155,139,0,294,294,0,294,588
01/23/2021,LAF,IN,AGL,CE,Tower without Radar,0,16,31,0,47,0,103,142,0,245,0,119,173,0,292,354,0,354,646
01/24/2021,LAF,IN,AGL,CE,Tower without Radar,0,3,3,0,6,0,4,2,0,6,0,7,5,0,12,36,0,36,48
01/25/2021,LAF,IN,AGL,CE,Tower without Radar,0,0,0,0,0,0,16,10,0,26,0,16,10,0,26,144,0,144,170
01/26/2021,LAF,IN,AGL,CE,Tower without Radar,0,0,2,0,2,0,0,0,0,0,0,0,2,0,2,0,0,0,2
01/27/2021,LAF,IN,AGL,CE,Tower without Radar,0,6,36,0,42,0,65,71,0,136,0,71,107,0,178,438,0,438,616
01/28/2021,LAF,IN,AGL,CE,Tower without Radar,0,23,19,4,46,0,149,129,4,282,0,172,148,8,328,312,0,312,640
01/29/2021,LAF,IN,AGL,CE,Tower without Radar,2,73,16,0,91,0,142,117,0,259,2,215,133,0,350,354,0,354,704
01/30/2021,LAF,IN,AGL,CE,Tower without Radar,0,11,2,0,13,0,62,55,0,117,0,73,57,0,130,134,0,134,264
01/31/2021,LAF,IN,AGL,CE,Tower without Radar,1,3,1,0,5,0,0,0,0,0,1,3,1,0,5,0,0,0,5
02/01/2021,LAF,IN,AGL,CE,Tower without Radar,0,11,27,0,38,0,54,64,0,118,0,65,91,0,156,246,0,246,402
02/02/2021,LAF,IN,AGL,CE,Tower without Radar,0,41,19,0,60,0,62,69,0,131,0,103,88,0,191,289,0,289,480
02/03/2021,LAF,IN,AGL,CE,Tower without Radar,0,53,25,0,78,0,120,145,0,265,0,173,170,0,343,380,0,380,723
02/04/2021,LAF,IN,AGL,CE,Tower without Radar,0,19,10,0,29,0,37,45,0,82,0,56,55,0,111,85,0,85,196
02/05/2021,LAF,IN,AGL,CE,Tower without Radar,0,21,16,0,37,0,47,61,0,108,0,68,77,0,145,164,0,164,309
02/06/2021,LAF,IN,AGL,CE,Tower without Radar,2,30,13,0,45,0,97,140,0,237,2,127,153,0,282,248,0,248,530
02/07/2021,LAF,IN,AGL,CE,Tower without Radar,0,0,19,0,19,0,34,37,0,71,0,34,56,0,90,174,0,174,264
02/08/2021,LAF,IN,AGL,CE,Tower without Radar,0,7,1,0,8,0,15,21,0,36,0,22,22,0,44,106,0,106,150
02/09/2021,LAF,IN,AGL,CE,Tower without Radar,0,28,14,0,42,0,46,52,0,98,0,74,66,0,140,178,0,178,318
02/10/2021,LAF,IN,AGL,CE,Tower without Radar,0,6,10,0,16,0,25,28,0,53,0,31,38,0,69,100,0,100,169
02/11/2021,LAF,IN,AGL,CE,Tower without Radar,0,52,12,2,66,0,123,122,2,247,0,175,134,4,313,200,0,200,513
02/12/2021,LAF,IN,AGL,CE,Tower without Radar,0,32,10,0,42,0,107,103,0,210,0,139,113,0,252,278,0,278,530
02/13/2021,LAF,IN,AGL,CE,Tower without Radar,1,10,5,0,16,0,64,73,0,137,1,74,78,0,153,342,0,342,495
02/14/2021,LAF,IN,AGL,CE,Tower without Radar,0,21,8,0,29,0,36,45,0,81,0,57,53,0,110,164,0,164,274
02/15/2021,LAF,IN,AGL,CE,Tower without Radar,0,0,0,0,0,0,0,0,0,0,0,0,0,0,0,0,0,0,0
02/16/2021,LAF,IN,AGL,CE,Tower without Radar,0,0,12,0,12,0,1,26,0,27,0,1,38,0,39,50,0,50,89
02/17/2021,LAF,IN,AGL,CE,Tower without Radar,0,62,19,0,81,0,81,68,0,149,0,143,87,0,230,284,0,284,514
02/18/2021,LAF,IN,AGL,CE,Tower without Radar,0,18,7,0,25,0,47,59,0,106,0,65,66,0,131,190,0,190,321
02/19/2021,LAF,IN,AGL,CE,Tower without Radar,0,49,9,0,58,0,94,72,0,166,0,143,81,0,224,268,0,268,492
02/20/2021,LAF,IN,AGL,CE,Tower without Radar,1,16,10,0,27,0,80,124,0,204,1,96,134,0,231,272,0,272,503
02/21/2021,LAF,IN,AGL,CE,Tower without Radar,0,10,7,0,17,0,44,42,0,86,0,54,49,0,103,146,0,146,249
02/22/2021,LAF,IN,AGL,CE,Tower without Radar,0,19,9,0,28,0,33,34,0,67,0,52,43,0,95,100,0,100,195
02/23/2021,LAF,IN,AGL,CE,Tower without Radar,0,45,41,0,86,0,97,80,0,177,0,142,121,0,263,256,0,256,519
02/24/2021,LAF,IN,AGL,CE,Tower without Radar,0,48,22,0,70,0,89,106,0,195,0,137,128,0,265,289,0,289,554
02/25/2021,LAF,IN,AGL,CE,Tower without Radar,0,56,26,0,82,0,104,115,0,219,0,160,141,0,301,446,0,446,747
02/26/2021,LAF,IN,AGL,CE,Tower without Radar,0,32,30,0,62,0,82,121,0,203,0,114,151,0,265,251,0,251,516
02/27/2021,LAF,IN,AGL,CE,Tower without Radar,0,14,23,0,37,0,34,68,0,102,0,48,91,0,139,168,0,168,307
02/28/2021,LAF,IN,AGL,CE,Tower without Radar,0,13,21,0,34,0,0,3,0,3,0,13,24,0,37,6,0,6,43
03/01/2021,LAF,IN,AGL,CE,Tower without Radar,0,27,34,0,61,0,78,98,0,176,0,105,132,0,237,302,0,302,539
03/02/2021,LAF,IN,AGL,CE,Tower without Radar,0,27,15,0,42,0,102,89,0,191,0,129,104,0,233,250,0,250,483
03/03/2021,LAF,IN,AGL,CE,Tower without Radar,0,17,35,0,52,0,106,129,0,235,0,123,164,0,287,270,0,270,557
03/04/2021,LAF,IN,AGL,CE,Tower without Radar,0,49,20,0,69,0,122,94,0,216,0,171,114,0,285,330,0,330,615
03/05/2021,LAF,IN,AGL,CE,Tower without Radar,0,71,13,0,84,0,105,107,0,212,0,176,120,0,296,266,0,266,562
03/06/2021,LAF,IN,AGL,CE,Tower without Radar,0,37,10,0,47,0,75,128,0,203,0,112,138,0,250,250,0,250,500
03/07/2021,LAF,IN,AGL,CE,Tower without Radar,0,0,19,0,19,0,45,118,0,163,0,45,137,0,182,246,0,246,428
03/08/2021,LAF,IN,AGL,CE,Tower without Radar,0,75,9,0,84,0,84,102,0,186,0,159,111,0,270,308,0,308,578
03/09/2021,LAF,IN,AGL,CE,Tower without Radar,0,28,21,0,49,0,96,120,0,216,0,124,141,0,265,440,0,440,705
03/10/2021,LAF,IN,AGL,CE,Tower without Radar,0,9,24,0,33,0,4,25,0,29,0,13,49,0,62,34,0,34,96
03/11/2021,LAF,IN,AGL,CE,Tower without Radar,0,13,18,0,31,0,29,42,0,71,0,42,60,0,102,102,0,102,204
03/12/2021,LAF,IN,AGL,CE,Tower without Radar,0,28,30,0,58,0,112,162,0,274,0,140,192,0,332,495,0,495,827
03/13/2021,LAF,IN,AGL,CE,Tower without Radar,0,27,21,0,48,0,69,116,2,187,0,96,137,2,235,372,0,372,607
03/14/2021,LAF,IN,AGL,CE,Tower without Radar,0,20,18,0,38,0,55,88,0,143,0,75,106,0,181,260,0,260,441
03/15/2021,LAF,IN,AGL,CE,Tower without Radar,0,0,7,0,7,0,0,0,0,0,0,0,7,0,7,0,0,0,7
03/16/2021,LAF,IN,AGL,CE,Tower without Radar,0,8,36,0,44,0,0,0,0,0,0,8,36,0,44,24,0,24,68
03/17/2021,LAF,IN,AGL,CE,Tower without Radar,0,8,16,0,24,0,23,40,0,63,0,31,56,0,87,142,0,142,229
03/18/2021,LAF,IN,AGL,CE,Tower without Radar,0,8,4,0,12,0,0,0,0,0,0,8,4,0,12,0,0,0,12
03/19/2021,LAF,IN,AGL,CE,Tower without Radar,0,52,24,0,76,0,91,90,0,181,0,143,114,0,257,260,0,260,517
03/20/2021,LAF,IN,AGL,CE,Tower without Radar,1,24,22,0,47,0,83,133,0,216,1,107,155,0,263,297,0,297,560
03/21/2021,LAF,IN,AGL,CE,Tower without Radar,0,6,11,0,17,0,47,91,0,138,0,53,102,0,155,174,0,174,329
03/22/2021,LAF,IN,AGL,CE,Tower without Radar,0,35,15,0,50,0,87,85,0,172,0,122,100,0,222,266,0,266,488
03/23/2021,LAF,IN,AGL,CE,Tower without Radar,0,18,13,0,31,0,54,72,0,126,0,72,85,0,157,150,0,150,307
03/24/2021,LAF,IN,AGL,CE,Tower without Radar,0,15,13,0,28,0,38,42,0,80,0,53,55,0,108,162,0,162,270
03/25/2021,LAF,IN,AGL,CE,Tower without Radar,0,20,35,0,55,0,74,56,0,130,0,94,91,0,185,334,0,334,519
03/26/2021,LAF,IN,AGL,CE,Tower without Radar,0,34,27,0,61,0,10,8,0,18,0,44,35,0,79,130,0,130,209
03/27/2021,LAF,IN,AGL,CE,Tower without Radar,0,23,12,1,36,0,79,93,0,172,0,102,105,1,208,286,0,286,494
03/28/2021,LAF,IN,AGL,CE,Tower without Radar,0,0,0,0,0,0,0,5,0,5,0,0,5,0,5,6,0,6,11
03/29/2021,LAF,IN,AGL,CE,Tower without Radar,0,53,26,0,79,0,81,121,0,202,0,134,147,0,281,200,0,200,481
03/30/2021,LAF,IN,AGL,CE,Tower without Radar,0,7,8,0,15,0,14,24,0,38,0,21,32,0,53,56,0,56,109
03/31/2021,LAF,IN,AGL,CE,Tower without Radar,0,38,17,0,55,0,50,77,0,127,0,88,94,0,182,166,0,166,348
04/01/2021,LAF,IN,AGL,CE,Tower without Radar,3,15,22,0,40,0,39,46,2,87,3,54,68,2,127,166,0,166,293
04/02/2021,LAF,IN,AGL,CE,Tower without Radar,0,29,27,0,56,0,99,152,0,251,0,128,179,0,307,388,0,388,695
04/03/2021,LAF,IN,AGL,CE,Tower without Radar,0,9,13,0,22,0,53,88,0,141,0,62,101,0,163,178,0,178,341
04/04/2021,LAF,IN,AGL,CE,Tower without Radar,0,2,9,0,11,0,31,64,0,95,0,33,73,0,106,200,0,200,306
04/05/2021,LAF,IN,AGL,CE,Tower without Radar,0,33,23,0,56,0,64,95,0,159,0,97,118,0,215,248,0,248,463
04/06/2021,LAF,IN,AGL,CE,Tower without Radar,0,23,35,0,58,0,93,105,0,198,0,116,140,0,256,426,0,426,682
04/07/2021,LAF,IN,AGL,CE,Tower without Radar,0,18,16,0,34,0,45,83,0,128,0,63,99,0,162,246,0,246,408
04/08/2021,LAF,IN,AGL,CE,Tower without Radar,3,17,21,0,41,0,15,18,0,33,3,32,39,0,74,118,0,118,192
04/09/2021,LAF,IN,AGL,CE,Tower without Radar,0,6,22,1,29,0,65,92,0,157,0,71,114,1,186,336,0,336,522
04/10/2021,LAF,IN,AGL,CE,Tower without Radar,0,16,13,0,29,0,23,31,0,54,0,39,44,0,83,151,0,151,234
04/11/2021,LAF,IN,AGL,CE,Tower without Radar,0,1,23,0,24,0,3,6,0,9,0,4,29,0,33,48,0,48,81
04/12/2021,LAF,IN,AGL,CE,Tower without Radar,0,9,24,0,33,0,37,89,0,126,0,46,113,0,159,330,0,330,489
04/13/2021,LAF,IN,AGL,CE,Tower without Radar,0,29,20,0,49,0,95,149,0,244,0,124,169,0,293,360,0,360,653
04/14/2021,LAF,IN,AGL,CE,Tower without Radar,0,26,12,0,38,0,88,98,0,186,0,114,110,0,224,252,0,252,476
04/15/2021,LAF,IN,AGL,CE,Tower without Radar,0,22,13,0,35,0,72,109,0,181,0,94,122,0,216,300,0,300,516
04/16/2021,LAF,IN,AGL,CE,Tower without Radar,0,28,33,0,61,0,85,82,0,167,0,113,115,0,228,374,0,374,602
04/17/2021,LAF,IN,AGL,CE,Tower without Radar,0,23,9,0,32,0,57,96,0,153,0,80,105,0,185,218,0,218,403
04/18/2021,LAF,IN,AGL,CE,Tower without Radar,0,6,20,0,26,0,27,102,0,129,0,33,122,0,155,338,0,338,493
04/19/2021,LAF,IN,AGL,CE,Tower without Radar,0,21,11,0,32,0,36,61,0,97,0,57,72,0,129,134,0,134,263
04/20/2021,LAF,IN,AGL,CE,Tower without Radar,0,7,7,0,14,0,3,13,0,16,0,10,20,0,30,58,0,58,88
04/21/2021,LAF,IN,AGL,CE,Tower without Radar,0,3,15,0,18,0,7,30,0,37,0,10,45,0,55,74,0,74,129
04/22/2021,LAF,IN,AGL,CE,Tower without Radar,0,25,19,0,44,0,83,100,0,183,0,108,119,0,227,328,0,328,555
04/23/2021,LAF,IN,AGL,CE,Tower without Radar,0,25,16,0,41,0,92,107,0,199,0,117,123,0,240,324,0,324,564
04/24/2021,LAF,IN,AGL,CE,Tower without Radar,0,2,9,0,11,0,27,39,0,66,0,29,48,0,77,224,0,224,301
04/25/2021,LAF,IN,AGL,CE,Tower without Radar,0,3,22,1,26,0,26,98,0,124,0,29,120,1,150,208,0,208,358
04/26/2021,LAF,IN,AGL,CE,Tower without Radar,0,5,13,0,18,0,32,59,0,91,0,37,72,0,109,106,0,106,215
04/27/2021,LAF,IN,AGL,CE,Tower without Radar,0,7,10,0,17,0,29,63,0,92,0,36,73,0,109,114,0,114,223
04/28/2021,LAF,IN,AGL,CE,Tower without Radar,0,1,18,0,19,0,14,40,0,54,0,15,58,0,73,276,0,276,349
04/29/2021,LAF,IN,AGL,CE,Tower without Radar,0,4,17,0,21,0,0,30,0,30,0,4,47,0,51,56,0,56,107
04/30/2021,LAF,IN,AGL,CE,Tower without Radar,0,2,13,0,15,0,23,76,0,99,0,25,89,0,114,70,0,70,184
05/01/2021,LAF,IN,AGL,CE,Tower without Radar,0,6,7,0,13,0,25,58,0,83,0,31,65,0,96,162,0,162,258
05/02/2021,LAF,IN,AGL,CE,Tower without Radar,0,8,7,0,15,0,16,43,0,59,0,24,50,0,74,110,0,110,184
05/03/2021,LAF,IN,AGL,CE,Tower without Radar,0,4,21,0,25,0,4,8,0,12,0,8,29,0,37,94,0,94,131
05/04/2021,LAF,IN,AGL,CE,Tower without Radar,0,13,18,0,31,0,3,30,0,33,0,16,48,0,64,102,0,102,166
05/05/2021,LAF,IN,AGL,CE,Tower without Radar,0,17,5,0,22,0,65,128,0,193,0,82,133,0,215,212,0,212,427
05/06/2021,LAF,IN,AGL,CE,Tower without Radar,0,17,13,0,30,0,45,54,0,99,0,62,67,0,129,254,0,254,383
05/07/2021,LAF,IN,AGL,CE,Tower without Radar,0,6,31,0,37,0,38,95,0,133,0,44,126,0,170,214,0,214,384
05/08/2021,LAF,IN,AGL,CE,Tower without Radar,0,6,19,0,25,0,11,92,0,103,0,17,111,0,128,324,0,324,452
05/09/2021,LAF,IN,AGL,CE,Tower without Radar,0,0,4,0,4,0,0,0,0,0,0,0,4,0,4,0,0,0,4
05/10/2021,LAF,IN,AGL,CE,Tower without Radar,0,14,18,0,32,0,32,93,0,125,0,46,111,0,157,232,0,232,389
05/11/2021,LAF,IN,AGL,CE,Tower without Radar,0,3,26,0,29,0,23,127,0,150,0,26,153,0,179,124,0,124,303
05/12/2021,LAF,IN,AGL,CE,Tower without Radar,0,4,12,0,16,0,19,94,0,113,0,23,106,0,129,222,0,222,351
05/13/2021,LAF,IN,AGL,CE,Tower without Radar,0,7,43,0,50,0,20,81,0,101,0,27,124,0,151,242,0,242,393
05/14/2021,LAF,IN,AGL,CE,Tower without Radar,0,15,14,0,29,0,18,73,0,91,0,33,87,0,120,214,0,214,334
05/15/2021,LAF,IN,AGL,CE,Tower without Radar,0,9,10,0,19,0,2,69,0,71,0,11,79,0,90,52,0,52,142
05/16/2021,LAF,IN,AGL,CE,Tower without Radar,0,6,12,0,18,0,1,80,0,81,0,7,92,0,99,178,0,178,277
05/17/2021,LAF,IN,AGL,CE,Tower without Radar,0,1,24,0,25,0,1,17,0,18,0,2,41,0,43,56,0,56,99
05/18/2021,LAF,IN,AGL,CE,Tower without Radar,0,27,16,0,43,0,89,67,2,158,0,116,83,2,201,302,0,302,503
05/19/2021,LAF,IN,AGL,CE,Tower without Radar,0,37,18,0,55,0,84,62,0,146,0,121,80,0,201,336,0,336,537
05/20/2021,LAF,IN,AGL,CE,Tower without Radar,0,25,19,2,46,0,69,92,0,161,0,94,111,2,207,334,0,334,541
05/21/2021,LAF,IN,AGL,CE,Tower without Radar,0,29,24,0,53,0,71,84,1,156,0,100,108,1,209,234,0,234,443
05/22/2021,LAF,IN,AGL,CE,Tower without Radar,0,9,8,1,18,0,31,85,0,116,0,40,93,1,134,266,0,266,400
05/23/2021,LAF,IN,AGL,CE,Tower without Radar,0,21,16,0,37,0,44,77,0,121,0,65,93,0,158,292,0,292,450
05/24/2021,LAF,IN,AGL,CE,Tower without Radar,0,24,7,0,31,0,82,80,0,162,0,106,87,0,193,406,0,406,599
05/25/2021,LAF,IN,AGL,CE,Tower without Radar,0,33,15,1,49,0,94,77,1,172,0,127,92,2,221,304,0,304,525
05/26/2021,LAF,IN,AGL,CE,Tower without Radar,0,18,13,0,31,0,54,60,0,114,0,72,73,0,145,260,0,260,405
05/27/2021,LAF,IN,AGL,CE,Tower without Radar,0,21,16,0,37,0,86,69,0,155,0,107,85,0,192,234,0,234,426
05/28/2021,LAF,IN,AGL,CE,Tower without Radar,0,30,34,0,64,0,2,4,0,6,0,32,38,0,70,52,0,52,122
05/29/2021,LAF,IN,AGL,CE,Tower without Radar,0,8,4,0,12,0,34,67,10,111,0,42,71,10,123,186,0,186,309
05/30/2021,LAF,IN,AGL,CE,Tower without Radar,0,0,5,0,5,0,32,75,1,108,0,32,80,1,113,136,0,136,249
05/31/2021,LAF,IN,AGL,CE,Tower without Radar,0,0,4,0,4,0,17,70,0,87,0,17,74,0,91,146,0,146,237
06/01/2021,LAF,IN,AGL,CE,Tower without Radar,0,49,21,0,70,0,97,84,0,181,0,146,105,0,251,402,0,402,653
06/02/2021,LAF,IN,AGL,CE,Tower without Radar,0,20,33,0,53,0,13,26,0,39,0,33,59,0,92,232,0,232,324
06/03/2021,LAF,IN,AGL,CE,Tower without Radar,0,48,21,1,70,0,102,106,1,209,0,150,127,2,279,453,4,457,736
06/04/2021,LAF,IN,AGL,CE,Tower without Radar,0,38,42,0,80,0,73,112,0,185,0,111,154,0,265,342,0,342,607
06/05/2021,LAF,IN,AGL,CE,Tower without Radar,0,4,6,0,10,0,52,100,0,152,0,56,106,0,162,240,0,240,402
06/06/2021,LAF,IN,AGL,CE,Tower without Radar,0,11,4,0,15,0,43,64,0,107,0,54,68,0,122,186,0,186,308
06/07/2021,LAF,IN,AGL,CE,Tower without Radar,0,7,25,0,32,0,22,29,0,51,0,29,54,0,83,218,0,218,301
06/08/2021,LAF,IN,AGL,CE,Tower without Radar,0,22,24,0,46,0,46,72,0,118,0,68,96,0,164,450,0,450,614
06/09/2021,LAF,IN,AGL,CE,Tower without Radar,0,39,14,0,53,0,78,73,0,151,0,117,87,0,204,434,0,434,638
06/10/2021,LAF,IN,AGL,CE,Tower without Radar,0,32,26,0,58,0,73,118,0,191,0,105,144,0,249,374,0,374,623
06/11/2021,LAF,IN,AGL,CE,Tower without Radar,0,24,26,4,54,0,77,119,0,196,0,101,145,4,250,330,0,330,580
06/12/2021,LAF,IN,AGL,CE,Tower without Radar,0,5,3,0,8,0,31,80,2,113,0,36,83,2,121,134,0,134,255
06/13/2021,LAF,IN,AGL,CE,Tower without Radar,0,12,2,0,14,0,34,88,0,122,0,46,90,0,136,188,0,188,324
06/14/2021,LAF,IN,AGL,CE,Tower without Radar,0,28,7,0,35,0,39,104,0,143,0,67,111,0,178,106,0,106,284
06/15/2021,LAF,IN,AGL,CE,Tower without Radar,0,17,39,0,56,0,104,135,0,239,0,121,174,0,295,232,0,232,527
06/16/2021,LAF,IN,AGL,CE,Tower without Radar,0,33,12,0,45,0,114,144,0,258,0,147,156,0,303,302,0,302,605
06/17/2021,LAF,IN,AGL,CE,Tower without Radar,0,12,17,0,29,0,87,116,0,203,0,99,133,0,232,320,0,320,552
06/18/2021,LAF,IN,AGL,CE,Tower without Radar,0,7,23,0,30,0,27,89,0,116,0,34,112,0,146,290,0,290,436
06/19/2021,LAF,IN,AGL,CE,Tower without Radar,0,4,7,0,11,0,23,94,0,117,0,27,101,0,128,320,0,320,448
06/20/2021,LAF,IN,AGL,CE,Tower without Radar,0,0,5,0,5,0,14,91,0,105,0,14,96,0,110,248,0,248,358
06/21/2021,LAF,IN,AGL,CE,Tower without Radar,0,21,9,0,30,0,60,104,0,164,0,81,113,0,194,446,0,446,640
06/22/2021,LAF,IN,AGL,CE,Tower without Radar,0,18,9,0,27,0,111,199,0,310,0,129,208,0,337,496,0,496,833
06/23/2021,LAF,IN,AGL,CE,Tower without Radar,0,13,16,0,29,0,82,136,0,218,0,95,152,0,247,346,0,346,593
06/24/2021,LAF,IN,AGL,CE,Tower without Radar,0,27,9,0,36,0,55,74,0,129,0,82,83,0,165,260,0,260,425
06/25/2021,LAF,IN,AGL,CE,Tower without Radar,0,2,5,0,7,0,14,60,0,74,0,16,65,0,81,342,0,342,423
06/26/2021,LAF,IN,AGL,CE,Tower without Radar,0,0,4,0,4,0,7,29,0,36,0,7,33,0,40,94,0,94,134
06/27/2021,LAF,IN,AGL,CE,Tower without Radar,0,1,3,0,4,0,9,43,0,52,0,10,46,0,56,198,0,198,254
06/28/2021,LAF,IN,AGL,CE,Tower without Radar,0,22,7,0,29,0,73,129,0,202,0,95,136,0,231,482,0,482,713
06/29/2021,LAF,IN,AGL,CE,Tower without Radar,0,10,15,0,25,0,31,80,0,111,0,41,95,0,136,356,0,356,492
06/30/2021,LAF,IN,AGL,CE,Tower without Radar,0,7,24,0,31,0,28,58,0,86,0,35,82,0,117,266,0,266,383
07/01/2021,LAF,IN,AGL,CE,Tower without Radar,0,31,14,1,46,0,47,104,1,152,0,78,118,2,198,230,0,230,428
07/02/2021,LAF,IN,AGL,CE,Tower without Radar,0,8,20,0,28,0,77,142,0,219,0,85,162,0,247,320,0,320,567
07/03/2021,LAF,IN,AGL,CE,Tower without Radar,0,3,7,0,10,0,38,124,0,162,0,41,131,0,172,360,0,360,532
07/04/2021,LAF,IN,AGL,CE,Tower without Radar,0,4,6,0,10,0,0,53,0,53,0,4,59,0,63,110,0,110,173
07/05/2021,LAF,IN,AGL,CE,Tower without Radar,0,4,9,0,13,0,4,106,0,110,0,8,115,0,123,346,0,346,469
07/06/2021,LAF,IN,AGL,CE,Tower without Radar,0,13,12,0,25,0,82,98,0,180,0,95,110,0,205,324,0,324,529
07/07/2021,LAF,IN,AGL,CE,Tower without Radar,0,18,10,0,28,0,64,120,0,184,0,82,130,0,212,428,0,428,640
07/08/2021,LAF,IN,AGL,CE,Tower without Radar,0,14,8,0,22,0,6,32,0,38,0,20,40,0,60,214,0,214,274
07/09/2021,LAF,IN,AGL,CE,Tower without Radar,0,34,17,0,51,0,92,139,0,231,0,126,156,0,282,456,0,456,738
07/10/2021,LAF,IN,AGL,CE,Tower without Radar,0,8,29,0,37,0,14,55,0,69,0,22,84,0,106,310,0,310,416
07/11/2021,LAF,IN,AGL,CE,Tower without Radar,0,0,10,0,10,0,1,4,0,5,0,1,14,0,15,4,0,4,19
07/12/2021,LAF,IN,AGL,CE,Tower without Radar,0,1,14,0,15,0,5,8,0,13,0,6,22,0,28,42,0,42,70
07/13/2021,LAF,IN,AGL,CE,Tower without Radar,0,7,16,0,23,0,31,56,0,87,0,38,72,0,110,200,0,200,310
07/14/2021,LAF,IN,AGL,CE,Tower without Radar,0,10,14,0,24,0,104,142,0,246,0,114,156,0,270,428,0,428,698
07/15/2021,LAF,IN,AGL,CE,Tower without Radar,0,1,18,0,19,0,59,104,4,167,0,60,122,4,186,226,0,226,412
07/16/2021,LAF,IN,AGL,CE,Tower without Radar,0,7,13,0,20,0,3,16,0,19,0,10,29,0,39,36,0,36,75
07/17/2021,LAF,IN,AGL,CE,Tower without Radar,0,0,13,0,13,0,3,38,0,41,0,3,51,0,54,164,0,164,218
07/18/2021,LAF,IN,AGL,CE,Tower without Radar,0,8,17,0,25,0,24,74,0,98,0,32,91,0,123,148,0,148,271
07/19/2021,LAF,IN,AGL,CE,Tower without Radar,0,12,7,0,19,0,105,144,0,249,0,117,151,0,268,350,0,350,618
07/20/2021,LAF,IN,AGL,CE,Tower without Radar,0,13,6,0,19,0,84,141,2,227,0,97,147,2,246,312,0,312,558
07/21/2021,LAF,IN,AGL,CE,Tower without Radar,0,9,21,0,30,0,64,83,0,147,0,73,104,0,177,446,0,446,623
07/22/2021,LAF,IN,AGL,CE,Tower without Radar,0,12,13,0,25,0,74,121,0,195,0,86,134,0,220,380,0,380,600
07/23/2021,LAF,IN,AGL,CE,Tower without Radar,0,14,22,0,36,0,35,67,0,102,0,49,89,0,138,274,0,274,412
07/24/2021,LAF,IN,AGL,CE,Tower without Radar,0,1,18,0,19,0,5,85,0,90,0,6,103,0,109,214,0,214,323
07/25/2021,LAF,IN,AGL,CE,Tower without Radar,0,1,11,0,12,0,3,41,0,44,0,4,52,0,56,44,0,44,100
07/26/2021,LAF,IN,AGL,CE,Tower without Radar,0,1,7,0,8,0,13,52,0,65,0,14,59,0,73,4,0,4,77
07/27/2021,LAF,IN,AGL,CE,Tower without Radar,0,33,11,0,44,0,62,122,0,184,0,95,133,0,228,296,0,296,524
07/28/2021,LAF,IN,AGL,CE,Tower without Radar,0,11,18,0,29,0,51,73,0,124,0,62,91,0,153,184,0,184,337
07/29/2021,LAF,IN,AGL,CE,Tower without Radar,0,3,14,0,17,0,21,69,1,91,0,24,83,1,108,193,0,193,301
07/30/2021,LAF,IN,AGL,CE,Tower without Radar,0,2,7,0,9,0,34,93,0,127,0,36,100,0,136,220,0,220,356
07/31/2021,LAF,IN,AGL,CE,Tower without Radar,0,3,11,0,14,0,19,65,0,84,0,22,76,0,98,86,0,86,184
08/01/2021,LAF,IN,AGL,CE,Tower without Radar,0,3,18,0,21,0,1,49,0,50,0,4,67,0,71,58,0,58,129
08/02/2021,LAF,IN,AGL,CE,Tower without Radar,0,28,5,0,33,0,49,100,0,149,0,77,105,0,182,348,0,348,530
08/03/2021,LAF,IN,AGL,CE,Tower without Radar,0,25,23,0,48,0,46,99,0,145,0,71,122,0,193,320,0,320,513
08/04/2021,LAF,IN,AGL,CE,Tower without Radar,0,4,12,0,16,0,44,109,0,153,0,48,121,0,169,218,0,218,387
08/05/2021,LAF,IN,AGL,CE,Tower without Radar,0,5,6,0,11,0,46,103,0,149,0,51,109,0,160,242,0,242,402
08/06/2021,LAF,IN,AGL,CE,Tower without Radar,0,3,8,0,11,0,15,63,2,80,0,18,71,2,91,228,0,228,319
08/07/2021,LAF,IN,AGL,CE,Tower without Radar,0,0,13,0,13,0,2,57,0,59,0,2,70,0,72,108,0,108,180
08/08/2021,LAF,IN,AGL,CE,Tower without Radar,0,0,8,0,8,0,6,44,0,50,0,6,52,0,58,48,0,48,106
08/09/2021,LAF,IN,AGL,CE,Tower without Radar,0,2,10,0,12,0,1,10,2,13,0,3,20,2,25,46,0,46,71
08/10/2021,LAF,IN,AGL,CE,Tower without Radar,0,9,14,0,23,0,26,73,0,99,0,35,87,0,122,206,0,206,328
08/11/2021,LAF,IN,AGL,CE,Tower without Radar,0,4,10,0,14,0,11,23,0,34,0,15,33,0,48,76,0,76,124
08/12/2021,LAF,IN,AGL,CE,Tower without Radar,0,0,3,0,3,0,0,7,0,7,0,0,10,0,10,6,0,6,16
08/13/2021,LAF,IN,AGL,CE,Tower without Radar,0,2,21,0,23,0,24,35,0,59,0,26,56,0,82,148,0,148,230
08/14/2021,LAF,IN,AGL,CE,Tower without Radar,0,1,15,0,16,0,2,61,0,63,0,3,76,0,79,66,0,66,145
08/15/2021,LAF,IN,AGL,CE,Tower without Radar,0,4,17,0,21,0,0,65,0,65,0,4,82,0,86,42,0,42,128
08/16/2021,LAF,IN,AGL,CE,Tower without Radar,0,2,8,0,10,0,1,50,0,51,0,3,58,0,61,172,0,172,233
08/17/2021,LAF,IN,AGL,CE,Tower without Radar,0,2,18,0,20,0,3,29,0,32,0,5,47,0,52,56,0,56,108
08/18/2021,LAF,IN,AGL,CE,Tower without Radar,0,5,11,2,18,0,2,31,0,33,0,7,42,2,51,44,0,44,95
08/19/2021,LAF,IN,AGL,CE,Tower without Radar,0,6,32,0,38,0,27,53,0,80,0,33,85,0,118,226,0,226,344
08/20/2021,LAF,IN,AGL,CE,Tower without Radar,0,28,15,0,43,0,52,70,0,122,0,80,85,0,165,202,0,202,367
08/21/2021,LAF,IN,AGL,CE,Tower without Radar,0,14,27,0,41,0,14,88,0,102,0,28,115,0,143,208,0,208,351
08/22/2021,LAF,IN,AGL,CE,Tower without Radar,0,2,6,0,8,0,1,45,0,46,0,3,51,0,54,96,0,96,150
08/23/2021,LAF,IN,AGL,CE,Tower without Radar,0,4,17,0,21,0,20,67,0,87,0,24,84,0,108,168,0,168,276
08/24/2021,LAF,IN,AGL,CE,Tower without Radar,0,7,19,0,26,0,42,73,0,115,0,49,92,0,141,160,0,160,301
08/25/2021,LAF,IN,AGL,CE,Tower without Radar,0,8,12,0,20,0,58,54,0,112,0,66,66,0,132,200,0,200,332
08/26/2021,LAF,IN,AGL,CE,Tower without Radar,0,8,10,0,18,0,20,42,0,62,0,28,52,0,80,166,0,166,246
08/27/2021,LAF,IN,AGL,CE,Tower without Radar,0,23,22,0,45,0,88,109,0,197,0,111,131,0,242,184,0,184,426
08/28/2021,LAF,IN,AGL,CE,Tower without Radar,0,18,11,0,29,0,110,82,0,192,0,128,93,0,221,338,0,338,559
08/29/2021,LAF,IN,AGL,CE,Tower without Radar,0,14,9,0,23,0,23,48,0,71,0,37,57,0,94,76,0,76,170
08/30/2021,LAF,IN,AGL,CE,Tower without Radar,0,39,7,0,46,0,97,84,0,181,0,136,91,0,227,466,0,466,693
08/31/2021,LAF,IN,AGL,CE,Tower without Radar,0,25,10,0,35,0,112,84,0,196,0,137,94,0,231,218,0,218,449
09/01/2021,LAF,IN,AGL,CE,Tower without Radar,0,49,27,1,77,0,93,127,0,220,0,142,154,1,297,202,0,202,499
09/02/2021,LAF,IN,AGL,CE,Tower without Radar,0,68,27,0,95,0,113,117,0,230,0,181,144,0,325,312,0,312,637
09/03/2021,LAF,IN,AGL,CE,Tower without Radar,2,51,16,0,69,0,109,121,0,230,2,160,137,0,299,360,0,360,659
09/04/2021,LAF,IN,AGL,CE,Tower without Radar,0,32,20,0,52,0,30,20,0,50,0,62,40,0,102,102,0,102,204
09/05/2021,LAF,IN,AGL,CE,Tower without Radar,0,17,15,1,33,0,35,54,2,91,0,52,69,3,124,140,0,140,264
09/06/2021,LAF,IN,AGL,CE,Tower without Radar,0,0,27,0,27,0,0,126,0,126,0,0,153,0,153,190,0,190,343
09/07/2021,LAF,IN,AGL,CE,Tower without Radar,0,34,5,0,39,0,88,44,0,132,0,122,49,0,171,90,0,90,261
09/08/2021,LAF,IN,AGL,CE,Tower without Radar,0,45,11,0,56,0,123,99,0,222,0,168,110,0,278,268,0,268,546
09/09/2021,LAF,IN,AGL,CE,Tower without Radar,0,45,8,0,53,0,122,117,0,239,0,167,125,0,292,214,0,214,506
09/10/2021,LAF,IN,AGL,CE,Tower without Radar,1,82,16,0,99,0,127,125,0,252,1,209,141,0,351,292,0,292,643
09/11/2021,LAF,IN,AGL,CE,Tower without Radar,0,40,16,0,56,0,98,115,0,213,0,138,131,0,269,156,0,156,425
09/12/2021,LAF,IN,AGL,CE,Tower without Radar,0,13,6,0,19,0,10,38,0,48,0,23,44,0,67,60,0,60,127
09/13/2021,LAF,IN,AGL,CE,Tower without Radar,0,39,24,0,63,0,92,98,0,190,0,131,122,0,253,240,0,240,493
09/14/2021,LAF,IN,AGL,CE,Tower without Radar,0,60,21,0,81,0,58,60,0,118,0,118,81,0,199,194,0,194,393
09/15/2021,LAF,IN,AGL,CE,Tower without Radar,0,64,22,0,86,0,116,106,0,222,0,180,128,0,308,298,0,298,606
09/16/2021,LAF,IN,AGL,CE,Tower without Radar,0,51,22,0,73,0,120,114,2,236,0,171,136,2,309,283,0,283,592
09/17/2021,LAF,IN,AGL,CE,Tower without Radar,0,45,14,0,59,0,101,104,0,205,0,146,118,0,264,360,0,360,624
09/18/2021,LAF,IN,AGL,CE,Tower without Radar,0,26,17,0,43,0,70,96,0,166,0,96,113,0,209,240,0,240,449
09/19/2021,LAF,IN,AGL,CE,Tower without Radar,0,4,12,0,16,0,16,73,0,89,0,20,85,0,105,104,0,104,209
09/20/2021,LAF,IN,AGL,CE,Tower without Radar,0,32,9,0,41,0,4,17,0,21,0,36,26,0,62,110,0,110,172
09/21/2021,LAF,IN,AGL,CE,Tower without Radar,0,13,34,0,47,0,4,9,0,13,0,17,43,0,60,34,0,34,94
09/22/2021,LAF,IN,AGL,CE,Tower without Radar,0,21,16,0,37,0,15,8,0,23,0,36,24,0,60,64,0,64,124
09/23/2021,LAF,IN,AGL,CE,Tower without Radar,0,31,23,0,54,0,88,100,0,188,0,119,123,0,242,212,0,212,454
09/24/2021,LAF,IN,AGL,CE,Tower without Radar,0,64,21,0,85,0,79,118,0,197,0,143,139,0,282,402,0,402,684
09/25/2021,LAF,IN,AGL,CE,Tower without Radar,0,17,20,0,37,0,36,86,0,122,0,53,106,0,159,106,0,106,265
09/26/2021,LAF,IN,AGL,CE,Tower without Radar,0,15,26,0,41,0,22,84,4,110,0,37,110,4,151,176,0,176,327
09/27/2021,LAF,IN,AGL,CE,Tower without Radar,0,23,29,1,53,0,67,70,0,137,0,90,99,1,190,168,0,168,358
09/28/2021,LAF,IN,AGL,CE,Tower without Radar,1,22,20,1,44,0,91,93,0,184,1,113,113,1,228,242,0,242,470
09/29/2021,LAF,IN,AGL,CE,Tower without Radar,0,56,18,1,75,0,112,143,0,255,0,168,161,1,330,332,0,332,662
09/30/2021,LAF,IN,AGL,CE,Tower without Radar,0,34,19,0,53,0,104,129,2,235,0,138,148,2,288,315,0,315,603
10/01/2021,LAF,IN,AGL,CE,Tower without Radar,1,61,50,0,112,0,103,134,0,237,1,164,184,0,349,302,0,302,651
10/02/2021,LAF,IN,AGL,CE,Tower without Radar,1,9,29,0,39,0,14,16,0,30,1,23,45,0,69,52,0,52,121
10/03/2021,LAF,IN,AGL,CE,Tower without Radar,0,7,36,0,43,0,1,8,0,9,0,8,44,0,52,22,0,22,74
10/04/2021,LAF,IN,AGL,CE,Tower without Radar,0,21,23,0,44,0,14,22,0,36,0,35,45,0,80,156,0,156,236
10/05/2021,LAF,IN,AGL,CE,Tower without Radar,0,59,23,2,84,0,28,29,0,57,0,87,52,2,141,168,0,168,309
10/06/2021,LAF,IN,AGL,CE,Tower without Radar,0,58,20,0,78,0,28,28,0,56,0,86,48,0,134,220,0,220,354
10/07/2021,LAF,IN,AGL,CE,Tower without Radar,0,43,23,0,66,0,69,75,0,144,0,112,98,0,210,456,0,456,666
10/08/2021,LAF,IN,AGL,CE,Tower without Radar,0,25,31,0,56,0,23,43,0,66,0,48,74,0,122,226,0,226,348
10/09/2021,LAF,IN,AGL,CE,Tower without Radar,0,14,24,0,38,0,69,81,0,150,0,83,105,0,188,212,0,212,400
10/10/2021,LAF,IN,AGL,CE,Tower without Radar,0,10,8,0,18,0,16,58,0,74,0,26,66,0,92,38,0,38,130
10/11/2021,LAF,IN,AGL,CE,Tower without Radar,0,4,11,0,15,0,9,24,0,33,0,13,35,0,48,50,0,50,98
10/12/2021,LAF,IN,AGL,CE,Tower without Radar,0,8,33,0,41,0,3,16,0,19,0,11,49,0,60,22,0,22,82
10/13/2021,LAF,IN,AGL,CE,Tower without Radar,0,31,28,0,59,0,84,92,0,176,0,115,120,0,235,198,0,198,433
10/14/2021,LAF,IN,AGL,CE,Tower without Radar,0,37,31,0,68,0,58,41,0,99,0,95,72,0,167,234,0,234,401
10/15/2021,LAF,IN,AGL,CE,Tower without Radar,2,18,21,0,41,0,0,0,0,0,2,18,21,0,41,0,0,0,41
10/16/2021,LAF,IN,AGL,CE,Tower without Radar,0,52,16,0,68,0,93,86,0,179,0,145,102,0,247,176,0,176,423
10/17/2021,LAF,IN,AGL,CE,Tower without Radar,0,10,10,0,20,0,39,91,0,130,0,49,101,0,150,162,0,162,312
10/18/2021,LAF,IN,AGL,CE,Tower without Radar,0,32,19,0,51,0,143,118,0,261,0,175,137,0,312,334,0,334,646
10/19/2021,LAF,IN,AGL,CE,Tower without Radar,0,31,19,0,50,0,124,112,0,236,0,155,131,0,286,308,0,308,594
10/20/2021,LAF,IN,AGL,CE,Tower without Radar,0,49,13,0,62,0,134,85,0,219,0,183,98,0,281,278,0,278,559
10/21/2021,LAF,IN,AGL,CE,Tower without Radar,0,20,16,1,37,0,68,55,4,127,0,88,71,5,164,258,0,258,422
10/22/2021,LAF,IN,AGL,CE,Tower without Radar,1,34,51,0,86,0,4,0,0,4,1,38,51,0,90,4,0,4,94
10/23/2021,LAF,IN,AGL,CE,Tower without Radar,1,19,24,0,44,0,56,96,0,152,1,75,120,0,196,159,0,159,355
10/24/2021,LAF,IN,AGL,CE,Tower without Radar,0,8,18,1,27,0,0,0,0,0,0,8,18,1,27,0,0,0,27
10/25/2021,LAF,IN,AGL,CE,Tower without Radar,0,4,14,0,18,0,0,0,0,0,0,4,14,0,18,0,0,0,18
10/26/2021,LAF,IN,AGL,CE,Tower without Radar,0,34,31,0,65,0,133,139,0,272,0,167,170,0,337,404,0,404,741
10/27/2021,LAF,IN,AGL,CE,Tower without Radar,0,34,10,1,45,0,114,127,0,241,0,148,137,1,286,324,0,324,610
10/28/2021,LAF,IN,AGL,CE,Tower without Radar,1,22,25,0,48,0,7,5,0,12,1,29,30,0,60,88,0,88,148
10/29/2021,LAF,IN,AGL,CE,Tower without Radar,2,13,20,0,35,0,16,5,1,22,2,29,25,1,57,66,0,66,123
10/30/2021,LAF,IN,AGL,CE,Tower without Radar,1,11,20,0,32,0,9,28,0,37,1,20,48,0,69,168,0,168,237
10/31/2021,LAF,IN,AGL,CE,Tower without Radar,2,12,19,0,33,0,55,89,0,144,2,67,108,0,177,206,0,206,383
11/01/2021,LAF,IN,AGL,CE,Tower without Radar,0,49,7,0,56,0,122,115,0,237,0,171,122,0,293,286,0,286,579
11/02/2021,LAF,IN,AGL,CE,Tower without Radar,0,33,8,0,41,0,106,114,0,220,0,139,122,0,261,266,0,266,527
11/03/2021,LAF,IN,AGL,CE,Tower without Radar,2,48,31,0,81,0,113,140,0,253,2,161,171,0,334,448,0,448,782
11/04/2021,LAF,IN,AGL,CE,Tower without Radar,0,44,14,0,58,0,112,105,0,217,0,156,119,0,275,360,0,360,635
11/05/2021,LAF,IN,AGL,CE,Tower without Radar,1,32,23,0,56,0,126,118,0,244,1,158,141,0,300,280,0,280,580
11/06/2021,LAF,IN,AGL,CE,Tower without Radar,0,4,34,0,38,0,80,128,0,208,0,84,162,0,246,114,0,114,360
11/07/2021,LAF,IN,AGL,CE,Tower without Radar,0,6,17,0,23,0,58,104,0,162,0,64,121,0,185,150,0,150,335
11/08/2021,LAF,IN,AGL,CE,Tower without Radar,0,16,15,0,31,0,79,122,0,201,0,95,137,0,232,410,0,410,642
11/09/2021,LAF,IN,AGL,CE,Tower without Radar,0,16,23,0,39,0,101,102,0,203,0,117,125,0,242,376,0,376,618
11/10/2021,LAF,IN,AGL,CE,Tower without Radar,0,20,10,0,30,0,65,59,0,124,0,85,69,0,154,288,0,288,442
11/11/2021,LAF,IN,AGL,CE,Tower without Radar,0,5,7,0,12,0,25,15,1,41,0,30,22,1,53,72,0,72,125
11/12/2021,LAF,IN,AGL,CE,Tower without Radar,2,6,12,0,20,0,38,19,0,57,2,44,31,0,77,32,0,32,109
11/13/2021,LAF,IN,AGL,CE,Tower without Radar,0,8,0,0,8,0,15,31,0,46,0,23,31,0,54,202,0,202,256
11/14/2021,LAF,IN,AGL,CE,Tower without Radar,0,0,0,0,0,0,0,2,0,2,0,0,2,0,2,0,0,0,2
11/15/2021,LAF,IN,AGL,CE,Tower without Radar,0,35,11,0,46,0,76,37,0,113,0,111,48,0,159,216,0,216,375
11/16/2021,LAF,IN,AGL,CE,Tower without Radar,0,20,31,0,51,0,131,131,0,262,0,151,162,0,313,302,0,302,615
11/17/2021,LAF,IN,AGL,CE,Tower without Radar,0,4,40,0,44,0,28,21,0,49,0,32,61,0,93,232,0,232,325
11/18/2021,LAF,IN,AGL,CE,Tower without Radar,1,5,4,0,10,0,44,55,0,99,1,49,59,0,109,114,0,114,223
11/19/2021,LAF,IN,AGL,CE,Tower without Radar,0,27,23,0,50,0,146,149,0,295,0,173,172,0,345,489,0,489,834
11/20/2021,LAF,IN,AGL,CE,Tower without Radar,0,6,5,0,11,0,84,112,0,196,0,90,117,0,207,222,0,222,429
11/21/2021,LAF,IN,AGL,CE,Tower without Radar,1,3,19,0,23,0,11,14,0,25,1,14,33,0,48,108,0,108,156
11/22/2021,LAF,IN,AGL,CE,Tower without Radar,0,17,30,0,47,0,123,113,0,236,0,140,143,0,283,254,0,254,537
11/23/2021,LAF,IN,AGL,CE,Tower without Radar,0,10,32,0,42,0,96,97,0,193,0,106,129,0,235,200,0,200,435
11/24/2021,LAF,IN,AGL,CE,Tower without Radar,0,5,5,0,10,0,8,21,0,29,0,13,26,0,39,18,0,18,57
11/25/2021,LAF,IN,AGL,CE,Tower without Radar,0,0,1,0,1,0,0,0,0,0,0,0,1,0,1,0,0,0,1
11/26/2021,LAF,IN,AGL,CE,Tower without Radar,0,4,14,0,18,0,3,58,0,61,0,7,72,0,79,48,0,48,127
11/27/2021,LAF,IN,AGL,CE,Tower without Radar,0,0,15,0,15,0,0,30,0,30,0,0,45,0,45,34,0,34,79
11/28/2021,LAF,IN,AGL,CE,Tower without Radar,0,4,29,0,33,0,1,58,0,59,0,5,87,0,92,34,0,34,126
11/29/2021,LAF,IN,AGL,CE,Tower without Radar,2,31,20,0,53,0,119,85,0,204,2,150,105,0,257,226,0,226,483
11/30/2021,LAF,IN,AGL,CE,Tower without Radar,1,25,34,0,60,0,113,99,0,212,1,138,133,0,272,332,0,332,604
12/01/2021,LAF,IN,AGL,CE,Tower without Radar,0,14,9,0,23,0,66,55,0,121,0,80,64,0,144,258,0,258,402
12/02/2021,LAF,IN,AGL,CE,Tower without Radar,0,20,10,0,30,0,142,87,0,229,0,162,97,0,259,268,0,268,527
12/03/2021,LAF,IN,AGL,CE,Tower without Radar,0,17,11,0,28,0,119,153,0,272,0,136,164,0,300,268,0,268,568
12/04/2021,LAF,IN,AGL,CE,Tower without Radar,0,11,18,0,29,0,69,120,0,189,0,80,138,0,218,216,0,216,434
12/05/2021,LAF,IN,AGL,CE,Tower without Radar,0,4,6,0,10,0,18,12,0,30,0,22,18,0,40,28,0,28,68
12/06/2021,LAF,IN,AGL,CE,Tower without Radar,0,4,16,0,20,0,0,5,0,5,0,4,21,0,25,0,0,0,25
12/07/2021,LAF,IN,AGL,CE,Tower without Radar,3,11,20,0,34,0,100,104,0,204,3,111,124,0,238,356,0,356,594
12/08/2021,LAF,IN,AGL,CE,Tower without Radar,2,17,31,0,50,0,97,126,0,223,2,114,157,0,273,338,0,338,611
12/09/2021,LAF,IN,AGL,CE,Tower without Radar,0,11,10,0,21,0,52,58,2,112,0,63,68,2,133,162,2,164,297
12/10/2021,LAF,IN,AGL,CE,Tower without Radar,0,0,29,0,29,0,0,0,0,0,0,0,29,0,29,0,0,0,29
12/11/2021,LAF,IN,AGL,CE,Tower without Radar,0,2,1,0,3,0,5,5,0,10,0,7,6,0,13,10,0,10,23
12/12/2021,LAF,IN,AGL,CE,Tower without Radar,0,12,19,0,31,0,60,110,0,170,0,72,129,0,201,258,0,258,459
12/13/2021,LAF,IN,AGL,CE,Tower without Radar,0,4,14,0,18,0,95,145,0,240,0,99,159,0,258,286,0,286,544
12/14/2021,LAF,IN,AGL,CE,Tower without Radar,0,7,27,0,34,0,79,106,0,185,0,86,133,0,219,214,0,214,433
12/15/2021,LAF,IN,AGL,CE,Tower without Radar,0,1,23,0,24,0,9,15,0,24,0,10,38,0,48,50,0,50,98
12/16/2021,LAF,IN,AGL,CE,Tower without Radar,1,8,8,0,17,0,43,42,0,85,1,51,50,0,102,110,2,112,214
12/17/2021,LAF,IN,AGL,CE,Tower without Radar,0,6,33,0,39,0,78,81,0,159,0,84,114,0,198,242,0,242,440
12/18/2021,LAF,IN,AGL,CE,Tower without Radar,0,3,3,0,6,0,0,0,0,0,0,3,3,0,6,0,0,0,6
12/19/2021,LAF,IN,AGL,CE,Tower without Radar,0,3,6,0,9,0,0,43,0,43,0,3,49,0,52,102,0,102,154
12/20/2021,LAF,IN,AGL,CE,Tower without Radar,0,8,33,0,41,0,55,55,0,110,0,63,88,0,151,142,0,142,293
12/21/2021,LAF,IN,AGL,CE,Tower without Radar,0,13,14,0,27,0,25,37,0,62,0,38,51,0,89,82,0,82,171
12/22/2021,LAF,IN,AGL,CE,Tower without Radar,0,2,10,0,12,0,16,85,0,101,0,18,95,0,113,113,0,113,226
12/23/2021,LAF,IN,AGL,CE,Tower without Radar,0,0,3,0,3,0,3,30,0,33,0,3,33,0,36,53,0,53,89
12/24/2021,LAF,IN,AGL,CE,Tower without Radar,0,0,0,0,0,0,1,4,0,5,0,1,4,0,5,14,0,14,19
12/25/2021,LAF,IN,AGL,CE,Tower without Radar,1,3,0,0,4,0,0,0,0,0,1,3,0,0,4,0,0,0,4
12/26/2021,LAF,IN,AGL,CE,Tower without Radar,3,3,7,0,13,0,2,22,0,24,3,5,29,0,37,22,0,22,59
12/27/2021,LAF,IN,AGL,CE,Tower without Radar,0,2,1,0,3,0,0,24,0,24,0,2,25,0,27,36,0,36,63
12/28/2021,LAF,IN,AGL,CE,Tower without Radar,0,0,2,0,2,0,1,2,0,3,0,1,4,0,5,12,0,12,17
12/29/2021,LAF,IN,AGL,CE,Tower without Radar,0,1,0,0,1,0,0,0,0,0,0,1,0,0,1,0,0,0,1
12/30/2021,LAF,IN,AGL,CE,Tower without Radar,0,2,2,0,4,0,0,0,0,0,0,2,2,0,4,0,0,0,4
12/31/2021,LAF,IN,AGL,CE,Tower without Radar,0,2,6,0,8,0,0,3,0,3,0,2,9,0,11,0,0,0,11
01/01/2022,LAF,IN,AGL,CE,Tower without Radar,2,1,2,0,5,0,0,0,0,0,2,1,2,0,5,0,0,0,5
01/02/2022,LAF,IN,AGL,CE,Tower without Radar,2,2,1,0,5,0,1,11,0,12,2,3,12,0,17,36,0,36,53
01/03/2022,LAF,IN,AGL,CE,Tower without Radar,1,3,7,0,11,0,15,67,0,82,1,18,74,0,93,100,0,100,193
01/04/2022,LAF,IN,AGL,CE,Tower without Radar,0,4,5,0,9,0,11,42,0,53,0,15,47,0,62,112,0,112,174
01/05/2022,LAF,IN,AGL,CE,Tower without Radar,0,4,0,0,4,0,0,0,0,0,0,4,0,0,4,0,0,0,4
01/06/2022,LAF,IN,AGL,CE,Tower without Radar,0,0,9,0,9,0,6,14,0,20,0,6,23,0,29,90,0,90,119
01/07/2022,LAF,IN,AGL,CE,Tower without Radar,2,13,23,0,38,0,53,69,0,122,2,66,92,0,160,136,0,136,296
01/08/2022,LAF,IN,AGL,CE,Tower without Radar,0,4,11,0,15,0,0,11,0,11,0,4,22,0,26,2,0,2,28
01/09/2022,LAF,IN,AGL,CE,Tower without Radar,2,2,8,0,12,0,1,7,0,8,2,3,15,0,20,0,0,0,20
01/10/2022,LAF,IN,AGL,CE,Tower without Radar,0,0,14,0,14,0,56,73,0,129,0,56,87,0,143,165,0,165,308
01/11/2022,LAF,IN,AGL,CE,Tower without Radar,0,11,26,0,37,0,47,92,0,139,0,58,118,0,176,140,0,140,316
01/12/2022,LAF,IN,AGL,CE,Tower without Radar,0,31,20,0,51,0,84,83,0,167,0,115,103,0,218,212,0,212,430
01/13/2022,LAF,IN,AGL,CE,Tower without Radar,0,17,2,0,19,0,90,96,0,186,0,107,98,0,205,262,0,262,467
01/14/2022,LAF,IN,AGL,CE,Tower without Radar,0,28,9,0,37,0,46,50,0,96,0,74,59,0,133,496,0,496,629
01/15/2022,LAF,IN,AGL,CE,Tower without Radar,4,19,7,0,30,0,48,76,0,124,4,67,83,0,154,230,0,230,384
01/16/2022,LAF,IN,AGL,CE,Tower without Radar,0,22,10,0,32,0,41,109,0,150,0,63,119,0,182,170,0,170,352
01/17/2022,LAF,IN,AGL,CE,Tower without Radar,0,2,13,0,15,0,0,41,0,41,0,2,54,0,56,152,0,152,208
01/18/2022,LAF,IN,AGL,CE,Tower without Radar,0,16,19,0,35,0,73,90,0,163,0,89,109,0,198,194,0,194,392
01/19/2022,LAF,IN,AGL,CE,Tower without Radar,0,36,16,0,52,0,83,71,0,154,0,119,87,0,206,256,0,256,462
01/20/2022,LAF,IN,AGL,CE,Tower without Radar,0,21,24,0,45,0,43,63,0,106,0,64,87,0,151,130,0,130,281
01/21/2022,LAF,IN,AGL,CE,Tower without Radar,0,70,32,0,102,0,104,118,0,222,0,174,150,0,324,314,0,314,638
01/22/2022,LAF,IN,AGL,CE,Tower without Radar,0,21,13,0,34,0,73,73,0,146,0,94,86,0,180,286,0,286,466
01/23/2022,LAF,IN,AGL,CE,Tower without Radar,0,15,1,0,16,0,21,18,0,39,0,36,19,0,55,126,0,126,181
01/24/2022,LAF,IN,AGL,CE,Tower without Radar,0,13,5,0,18,0,2,6,0,8,0,15,11,0,26,18,0,18,44
01/25/2022,LAF,IN,AGL,CE,Tower without Radar,0,44,27,0,71,0,106,102,0,208,0,150,129,0,279,234,0,234,513
01/26/2022,LAF,IN,AGL,CE,Tower without Radar,5,30,16,0,51,0,84,91,0,175,5,114,107,0,226,200,0,200,426
01/27/2022,LAF,IN,AGL,CE,Tower without Radar,1,13,8,0,22,0,6,12,0,18,1,19,20,0,40,76,0,76,116
01/28/2022,LAF,IN,AGL,CE,Tower without Radar,0,38,9,0,47,0,79,71,0,150,0,117,80,0,197,210,0,210,407
01/29/2022,LAF,IN,AGL,CE,Tower without Radar,3,50,33,0,86,0,73,90,0,163,3,123,123,0,249,276,0,276,525
01/30/2022,LAF,IN,AGL,CE,Tower without Radar,1,20,10,0,31,0,46,113,0,159,1,66,123,0,190,144,0,144,334
01/31/2022,LAF,IN,AGL,CE,Tower without Radar,0,51,15,0,66,0,119,97,0,216,0,170,112,0,282,272,0,272,554
02/01/2022,LAF,IN,AGL,CE,Tower without Radar,2,31,30,0,63,0,44,54,0,98,2,75,84,0,161,88,0,88,249
02/02/2022,LAF,IN,AGL,CE,Tower without Radar,0,0,0,0,0,0,0,0,0,0,0,0,0,0,0,0,0,0,0
02/03/2022,LAF,IN,AGL,CE,Tower without Radar,0,0,0,0,0,0,0,0,0,0,0,0,0,0,0,0,0,0,0
02/04/2022,LAF,IN,AGL,CE,Tower without Radar,0,3,9,0,12,0,0,48,0,48,0,3,57,0,60,28,0,28,88
02/05/2022,LAF,IN,AGL,CE,Tower without Radar,0,18,14,0,32,0,49,77,0,126,0,67,91,0,158,128,0,128,286
02/06/2022,LAF,IN,AGL,CE,Tower without Radar,0,35,13,0,48,0,35,81,0,116,0,70,94,0,164,118,0,118,282
02/07/2022,LAF,IN,AGL,CE,Tower without Radar,0,19,17,0,36,0,47,45,0,92,0,66,62,0,128,452,0,452,580
02/08/2022,LAF,IN,AGL,CE,Tower without Radar,0,50,23,0,73,0,95,92,0,187,0,145,115,0,260,206,0,206,466
02/09/2022,LAF,IN,AGL,CE,Tower without Radar,1,63,32,0,96,0,105,84,0,189,1,168,116,0,285,180,0,180,465
02/10/2022,LAF,IN,AGL,CE,Tower without Radar,0,23,12,0,35,0,37,64,0,101,0,60,76,0,136,302,0,302,438
02/11/2022,LAF,IN,AGL,CE,Tower without Radar,0,1,19,0,20,0,9,28,0,37,0,10,47,0,57,70,0,70,127
02/12/2022,LAF,IN,AGL,CE,Tower without Radar,4,35,2,0,41,0,23,26,0,49,4,58,28,0,90,78,0,78,168
02/13/2022,LAF,IN,AGL,CE,Tower without Radar,2,3,17,0,22,0,15,29,0,44,2,18,46,0,66,106,0,106,172
02/14/2022,LAF,IN,AGL,CE,Tower without Radar,0,50,27,0,77,0,100,101,0,201,0,150,128,0,278,242,0,242,520
02/15/2022,LAF,IN,AGL,CE,Tower without Radar,0,49,19,0,68,0,124,98,0,222,0,173,117,0,290,220,0,220,510
02/16/2022,LAF,IN,AGL,CE,Tower without Radar,0,2,5,0,7,0,0,2,0,2,0,2,7,0,9,0,0,0,9
02/17/2022,LAF,IN,AGL,CE,Tower without Radar,0,0,1,0,1,0,0,0,0,0,0,0,1,0,1,0,0,0,1
02/18/2022,LAF,IN,AGL,CE,Tower without Radar,0,20,11,0,31,0,40,65,0,105,0,60,76,0,136,170,0,170,306
02/19/2022,LAF,IN,AGL,CE,Tower without Radar,4,46,16,0,66,0,85,113,0,198,4,131,129,0,264,160,0,160,424
02/20/2022,LAF,IN,AGL,CE,Tower without Radar,3,1,16,0,20,0,9,70,0,79,3,10,86,0,99,120,0,120,219
02/21/2022,LAF,IN,AGL,CE,Tower without Radar,0,86,35,0,121,0,93,128,0,221,0,179,163,0,342,166,0,166,508
02/22/2022,LAF,IN,AGL,CE,Tower without Radar,0,18,18,0,36,0,4,8,0,12,0,22,26,0,48,42,0,42,90
02/23/2022,LAF,IN,AGL,CE,Tower without Radar,0,11,6,0,17,0,23,58,0,81,0,34,64,0,98,274,0,274,372
02/24/2022,LAF,IN,AGL,CE,Tower without Radar,2,3,3,0,8,0,0,4,0,4,2,3,7,0,12,16,0,16,28
02/25/2022,LAF,IN,AGL,CE,Tower without Radar,2,2,1,0,5,0,7,12,0,19,2,9,13,0,24,122,0,122,146
02/26/2022,LAF,IN,AGL,CE,Tower without Radar,3,70,9,0,82,0,82,107,0,189,3,152,116,0,271,289,0,289,560
02/27/2022,LAF,IN,AGL,CE,Tower without Radar,0,30,9,0,39,0,65,128,0,193,0,95,137,0,232,148,0,148,380
02/28/2022,LAF,IN,AGL,CE,Tower without Radar,0,79,17,0,96,0,105,87,0,192,0,184,104,0,288,148,0,148,436
03/01/2022,LAF,IN,AGL,CE,Tower without Radar,0,60,23,0,83,0,118,129,0,247,0,178,152,0,330,294,0,294,624
03/02/2022,LAF,IN,AGL,CE,Tower without Radar,0,86,22,0,108,0,128,129,0,257,0,214,151,0,365,252,0,252,617
03/03/2022,LAF,IN,AGL,CE,Tower without Radar,0,65,17,0,82,0,91,119,0,210,0,156,136,0,292,200,0,200,492
03/04/2022,LAF,IN,AGL,CE,Tower without Radar,0,58,20,0,78,0,94,116,0,210,0,152,136,0,288,182,0,182,470
03/05/2022,LAF,IN,AGL,CE,Tower without Radar,0,17,12,0,29,0,40,76,0,116,0,57,88,0,145,112,0,112,257
03/06/2022,LAF,IN,AGL,CE,Tower without Radar,0,15,23,0,38,0,30,47,0,77,0,45,70,0,115,212,0,212,327
03/07/2022,LAF,IN,AGL,CE,Tower without Radar,0,10,2,0,12,0,9,9,0,18,0,19,11,0,30,74,0,74,104
03/08/2022,LAF,IN,AGL,CE,Tower without Radar,0,35,21,0,56,0,77,103,0,180,0,112,124,0,236,444,0,444,680
03/09/2022,LAF,IN,AGL,CE,Tower without Radar,0,38,7,0,45,0,61,96,0,157,0,99,103,0,202,82,0,82,284
03/10/2022,LAF,IN,AGL,CE,Tower without Radar,0,52,23,0,75,0,73,110,0,183,0,125,133,0,258,259,0,259,517
03/11/2022,LAF,IN,AGL,CE,Tower without Radar,0,17,15,0,32,0,13,14,0,27,0,30,29,0,59,32,0,32,91
03/12/2022,LAF,IN,AGL,CE,Tower without Radar,0,19,15,0,34,0,15,41,0,56,0,34,56,0,90,154,0,154,244
03/13/2022,LAF,IN,AGL,CE,Tower without Radar,0,0,9,0,9,0,2,38,0,40,0,2,47,0,49,19,0,19,68
03/14/2022,LAF,IN,AGL,CE,Tower without Radar,0,21,25,0,46,0,37,67,0,104,0,58,92,0,150,67,0,67,217
03/15/2022,LAF,IN,AGL,CE,Tower without Radar,0,17,21,0,38,0,57,94,0,151,0,74,115,0,189,150,4,154,343
03/16/2022,LAF,IN,AGL,CE,Tower without Radar,0,16,30,0,46,0,27,90,0,117,0,43,120,0,163,168,0,168,331
03/17/2022,LAF,IN,AGL,CE,Tower without Radar,0,17,20,0,37,0,36,95,0,131,0,53,115,0,168,261,0,261,429
03/18/2022,LAF,IN,AGL,CE,Tower without Radar,0,9,17,0,26,0,9,15,0,24,0,18,32,0,50,60,0,60,110
03/19/2022,LAF,IN,AGL,CE,Tower without Radar,0,1,8,0,9,0,0,0,0,0,0,1,8,0,9,0,0,0,9
03/20/2022,LAF,IN,AGL,CE,Tower without Radar,0,9,18,0,27,0,11,123,0,134,0,20,141,0,161,118,0,118,279
03/21/2022,LAF,IN,AGL,CE,Tower without Radar,0,50,22,0,72,0,114,110,0,224,0,164,132,0,296,188,0,188,484
03/22/2022,LAF,IN,AGL,CE,Tower without Radar,0,24,26,1,51,0,11,19,0,30,0,35,45,1,81,94,0,94,175
03/23/2022,LAF,IN,AGL,CE,Tower without Radar,0,26,19,0,45,0,1,10,0,11,0,27,29,0,56,18,0,18,74
03/24/2022,LAF,IN,AGL,CE,Tower without Radar,0,4,5,0,9,0,2,11,0,13,0,6,16,0,22,98,0,98,120
03/25/2022,LAF,IN,AGL,CE,Tower without Radar,0,4,7,0,11,0,2,4,0,6,0,6,11,0,17,22,0,22,39
03/26/2022,LAF,IN,AGL,CE,Tower without Radar,1,5,7,0,13,0,12,53,0,65,1,17,60,0,78,186,0,186,264
03/27/2022,LAF,IN,AGL,CE,Tower without Radar,0,10,19,0,29,0,59,109,0,168,0,69,128,0,197,114,0,114,311
03/28/2022,LAF,IN,AGL,CE,Tower without Radar,0,58,10,0,68,0,117,128,0,245,0,175,138,0,313,158,0,158,471
03/29/2022,LAF,IN,AGL,CE,Tower without Radar,0,52,17,0,69,0,88,95,0,183,0,140,112,0,252,158,0,158,410
03/30/2022,LAF,IN,AGL,CE,Tower without Radar,0,4,12,0,16,0,10,22,0,32,0,14,34,0,48,66,0,66,114
03/31/2022,LAF,IN,AGL,CE,Tower without Radar,0,3,4,0,7,0,4,3,0,7,0,7,7,0,14,48,0,48,62
04/01/2022,LAF,IN,AGL,CE,Tower without Radar,0,48,15,0,63,0,107,107,0,214,0,155,122,0,277,372,0,372,649
04/02/2022,LAF,IN,AGL,CE,Tower without Radar,0,34,16,0,50,0,58,67,0,125,0,92,83,0,175,160,0,160,335
04/03/2022,LAF,IN,AGL,CE,Tower without Radar,0,32,34,0,66,0,84,124,1,209,0,116,158,1,275,326,0,326,601
04/04/2022,LAF,IN,AGL,CE,Tower without Radar,0,57,30,0,87,0,106,114,0,220,0,163,144,0,307,358,0,358,665
04/05/2022,LAF,IN,AGL,CE,Tower without Radar,0,42,15,0,57,0,82,72,0,154,0,124,87,0,211,270,0,270,481
04/06/2022,LAF,IN,AGL,CE,Tower without Radar,0,28,19,0,47,0,14,26,0,40,0,42,45,0,87,92,0,92,179
04/07/2022,LAF,IN,AGL,CE,Tower without Radar,0,15,22,0,37,0,30,54,0,84,0,45,76,0,121,116,0,116,237
04/08/2022,LAF,IN,AGL,CE,Tower without Radar,0,7,15,1,23,0,24,18,1,43,0,31,33,2,66,180,0,180,246
04/09/2022,LAF,IN,AGL,CE,Tower without Radar,7,6,11,2,26,0,2,78,3,83,7,8,89,5,109,24,0,24,133
04/10/2022,LAF,IN,AGL,CE,Tower without Radar,0,25,34,4,63,0,58,121,0,179,0,83,155,4,242,160,0,160,402
04/11/2022,LAF,IN,AGL,CE,Tower without Radar,0,31,32,0,63,0,108,118,0,226,0,139,150,0,289,400,0,400,689
04/12/2022,LAF,IN,AGL,CE,Tower without Radar,0,48,35,0,83,0,84,120,0,204,0,132,155,0,287,244,0,244,531
04/13/2022,LAF,IN,AGL,CE,Tower without Radar,0,4,2,0,6,0,4,0,0,4,0,8,2,0,10,0,0,0,10
04/14/2022,LAF,IN,AGL,CE,Tower without Radar,0,9,15,0,24,0,62,72,0,134,0,71,87,0,158,114,0,114,272
04/15/2022,LAF,IN,AGL,CE,Tower without Radar,0,15,23,0,38,0,85,118,0,203,0,100,141,0,241,184,0,184,425
04/16/2022,LAF,IN,AGL,CE,Tower without Radar,0,26,17,0,43,0,76,117,0,193,0,102,134,0,236,246,0,246,482
04/17/2022,LAF,IN,AGL,CE,Tower without Radar,0,4,17,0,21,0,59,97,0,156,0,63,114,0,177,164,0,164,341
04/18/2022,LAF,IN,AGL,CE,Tower without Radar,0,4,2,0,6,0,0,4,0,4,0,4,6,0,10,0,0,0,10
04/19/2022,LAF,IN,AGL,CE,Tower without Radar,0,59,28,0,87,0,106,106,0,212,0,165,134,0,299,336,0,336,635
04/20/2022,LAF,IN,AGL,CE,Tower without Radar,0,50,21,0,71,0,70,67,0,137,0,120,88,0,208,274,0,274,482
04/21/2022,LAF,IN,AGL,CE,Tower without Radar,0,23,23,0,46,0,79,76,0,155,0,102,99,0,201,324,0,324,525
04/22/2022,LAF,IN,AGL,CE,Tower without Radar,0,26,35,0,61,0,87,100,0,187,0,113,135,0,248,240,0,240,488
04/23/2022,LAF,IN,AGL,CE,Tower without Radar,0,3,12,0,15,0,25,53,0,78,0,28,65,0,93,72,0,72,165
04/24/2022,LAF,IN,AGL,CE,Tower without Radar,0,11,2,0,13,0,4,5,0,9,0,15,7,0,22,6,0,6,28
04/25/2022,LAF,IN,AGL,CE,Tower without Radar,0,33,10,0,43,0,101,95,0,196,0,134,105,0,239,339,0,339,578
04/26/2022,LAF,IN,AGL,CE,Tower without Radar,0,26,25,1,52,0,91,105,2,198,0,117,130,3,250,214,0,214,464
04/27/2022,LAF,IN,AGL,CE,Tower without Radar,0,28,34,0,62,0,117,154,0,271,0,145,188,0,333,232,0,232,565
04/28/2022,LAF,IN,AGL,CE,Tower without Radar,0,19,20,0,39,0,94,122,0,216,0,113,142,0,255,322,0,322,577
04/29/2022,LAF,IN,AGL,CE,Tower without Radar,0,37,10,0,47,0,85,104,0,189,0,122,114,0,236,204,0,204,440
04/30/2022,LAF,IN,AGL,CE,Tower without Radar,0,1,8,0,9,0,12,26,0,38,0,13,34,0,47,80,0,80,127
05/01/2022,LAF,IN,AGL,CE,Tower without Radar,0,2,34,0,36,0,30,69,0,99,0,32,103,0,135,206,0,206,341
05/02/2022,LAF,IN,AGL,CE,Tower without Radar,0,18,44,0,62,0,83,162,0,245,0,101,206,0,307,294,0,294,601
05/03/2022,LAF,IN,AGL,CE,Tower without Radar,0,6,34,0,40,0,0,0,0,0,0,6,34,0,40,9,0,9,49
05/04/2022,LAF,IN,AGL,CE,Tower without Radar,0,24,67,0,91,0,32,52,0,84,0,56,119,0,175,224,0,224,399
05/05/2022,LAF,IN,AGL,CE,Tower without Radar,0,27,24,0,51,0,32,26,0,58,0,59,50,0,109,134,0,134,243
05/06/2022,LAF,IN,AGL,CE,Tower without Radar,0,4,15,0,19,0,0,0,0,0,0,4,15,0,19,0,0,0,19
05/07/2022,LAF,IN,AGL,CE,Tower without Radar,0,17,18,0,35,0,39,119,0,158,0,56,137,0,193,192,0,192,385
05/08/2022,LAF,IN,AGL,CE,Tower without Radar,0,2,12,0,14,0,7,87,0,94,0,9,99,0,108,102,0,102,210
05/09/2022,LAF,IN,AGL,CE,Tower without Radar,0,4,20,0,24,0,23,79,0,102,0,27,99,0,126,66,0,66,192
05/10/2022,LAF,IN,AGL,CE,Tower without Radar,0,20,14,0,34,0,61,113,0,174,0,81,127,0,208,150,0,150,358
05/11/2022,LAF,IN,AGL,CE,Tower without Radar,0,7,25,0,32,0,50,133,0,183,0,57,158,0,215,196,0,196,411
05/12/2022,LAF,IN,AGL,CE,Tower without Radar,0,21,39,0,60,0,58,109,0,167,0,79,148,0,227,128,0,128,355
05/13/2022,LAF,IN,AGL,CE,Tower without Radar,0,28,22,0,50,0,48,147,0,195,0,76,169,0,245,232,0,232,477
05/14/2022,LAF,IN,AGL,CE,Tower without Radar,0,2,8,0,10,0,2,68,0,70,0,4,76,0,80,84,0,84,164
05/15/2022,LAF,IN,AGL,CE,Tower without Radar,0,5,8,0,13,0,0,52,0,52,0,5,60,0,65,60,0,60,125
05/16/2022,LAF,IN,AGL,CE,Tower without Radar,0,17,17,0,34,0,25,81,2,108,0,42,98,2,142,132,0,132,274
05/17/2022,LAF,IN,AGL,CE,Tower without Radar,2,21,26,0,49,0,83,113,0,196,2,104,139,0,245,224,0,224,469
05/18/2022,LAF,IN,AGL,CE,Tower without Radar,0,14,23,0,37,0,11,35,0,46,0,25,58,0,83,172,0,172,255
05/19/2022,LAF,IN,AGL,CE,Tower without Radar,0,28,7,0,35,0,56,57,0,113,0,84,64,0,148,166,0,166,314
05/20/2022,LAF,IN,AGL,CE,Tower without Radar,0,9,4,0,13,0,21,47,0,68,0,30,51,0,81,64,0,64,145
05/21/2022,LAF,IN,AGL,CE,Tower without Radar,0,0,4,0,4,0,1,8,0,9,0,1,12,0,13,8,0,8,21
05/22/2022,LAF,IN,AGL,CE,Tower without Radar,0,1,7,0,8,0,0,61,0,61,0,1,68,0,69,102,0,102,171
05/23/2022,LAF,IN,AGL,CE,Tower without Radar,0,48,15,0,63,0,136,128,0,264,0,184,143,0,327,302,0,302,629
05/24/2022,LAF,IN,AGL,CE,Tower without Radar,0,34,23,0,57,0,102,129,0,231,0,136,152,0,288,232,0,232,520
05/25/2022,LAF,IN,AGL,CE,Tower without Radar,0,14,4,0,18,0,1,10,0,11,0,15,14,0,29,16,0,16,45
05/26/2022,LAF,IN,AGL,CE,Tower without Radar,0,19,12,0,31,0,23,32,0,55,0,42,44,0,86,113,0,113,199
05/27/2022,LAF,IN,AGL,CE,Tower without Radar,0,27,31,0,58,0,12,17,0,29,0,39,48,0,87,116,0,116,203
05/28/2022,LAF,IN,AGL,CE,Tower without Radar,0,15,7,0,22,0,52,105,0,157,0,67,112,0,179,265,0,265,444
05/29/2022,LAF,IN,AGL,CE,Tower without Radar,0,1,6,0,7,0,6,59,0,65,0,7,65,0,72,16,0,16,88
05/30/2022,LAF,IN,AGL,CE,Tower without Radar,0,11,9,0,20,0,15,66,0,81,0,26,75,0,101,60,0,60,161
05/31/2022,LAF,IN,AGL,CE,Tower without Radar,0,38,13,0,51,0,85,99,0,184,0,123,112,0,235,178,0,178,413
06/01/2022,LAF,IN,AGL,CE,Tower without Radar,0,35,13,0,48,0,66,70,0,136,0,101,83,0,184,282,0,282,466
06/02/2022,LAF,IN,AGL,CE,Tower without Radar,0,37,11,0,48,0,111,112,0,223,0,148,123,0,271,288,0,288,559
06/03/2022,LAF,IN,AGL,CE,Tower without Radar,0,47,21,0,68,0,111,116,0,227,0,158,137,0,295,306,0,306,601
06/04/2022,LAF,IN,AGL,CE,Tower without Radar,0,21,7,0,28,0,53,105,0,158,0,74,112,0,186,258,0,258,444
06/05/2022,LAF,IN,AGL,CE,Tower without Radar,0,0,12,0,12,0,6,75,0,81,0,6,87,0,93,106,0,106,199
06/06/2022,LAF,IN,AGL,CE,Tower without Radar,0,23,11,0,34,0,60,40,0,100,0,83,51,0,134,136,0,136,270
06/07/2022,LAF,IN,AGL,CE,Tower without Radar,0,43,39,0,82,0,42,47,0,89,0,85,86,0,171,186,0,186,357
06/08/2022,LAF,IN,AGL,CE,Tower without Radar,0,29,12,0,41,0,48,71,0,119,0,77,83,0,160,232,0,232,392
06/09/2022,LAF,IN,AGL,CE,Tower without Radar,0,24,15,0,39,0,115,112,0,227,0,139,127,0,266,332,0,332,598
06/10/2022,LAF,IN,AGL,CE,Tower without Radar,0,42,19,0,61,0,83,90,0,173,0,125,109,0,234,250,0,250,484
06/11/2022,LAF,IN,AGL,CE,Tower without Radar,0,18,16,0,34,0,28,64,0,92,0,46,80,0,126,130,0,130,256
06/12/2022,LAF,IN,AGL,CE,Tower without Radar,0,5,4,0,9,0,1,23,0,24,0,6,27,0,33,32,0,32,65
06/13/2022,LAF,IN,AGL,CE,Tower without Radar,0,20,15,0,35,0,34,91,0,125,0,54,106,0,160,86,0,86,246
06/14/2022,LAF,IN,AGL,CE,Tower without Radar,0,34,13,0,47,0,109,143,0,252,0,143,156,0,299,178,0,178,477
06/15/2022,LAF,IN,AGL,CE,Tower without Radar,0,15,19,0,34,0,78,156,2,236,0,93,175,2,270,224,0,224,494
06/16/2022,LAF,IN,AGL,CE,Tower without Radar,0,18,26,0,44,0,59,117,0,176,0,77,143,0,220,296,0,296,516
06/17/2022,LAF,IN,AGL,CE,Tower without Radar,0,30,21,0,51,0,75,139,0,214,0,105,160,0,265,262,0,262,527
06/18/2022,LAF,IN,AGL,CE,Tower without Radar,0,8,3,0,11,0,53,116,0,169,0,61,119,0,180,140,0,140,320
06/19/2022,LAF,IN,AGL,CE,Tower without Radar,0,0,11,0,11,0,12,77,0,89,0,12,88,0,100,152,0,152,252
06/20/2022,LAF,IN,AGL,CE,Tower without Radar,0,22,9,0,31,0,93,134,0,227,0,115,143,0,258,352,0,352,610
06/21/2022,LAF,IN,AGL,CE,Tower without Radar,0,30,12,0,42,0,71,132,0,203,0,101,144,0,245,354,0,354,599
06/22/2022,LAF,IN,AGL,CE,Tower without Radar,0,34,28,0,62,0,71,124,0,195,0,105,152,0,257,258,0,258,515
06/23/2022,LAF,IN,AGL,CE,Tower without Radar,0,19,7,1,27,0,112,143,1,256,0,131,150,2,283,328,0,328,611
06/24/2022,LAF,IN,AGL,CE,Tower without Radar,0,37,12,0,49,0,67,124,0,191,0,104,136,0,240,234,0,234,474
06/25/2022,LAF,IN,AGL,CE,Tower without Radar,0,7,3,0,10,0,19,80,0,99,0,26,83,0,109,170,0,170,279
06/26/2022,LAF,IN,AGL,CE,Tower without Radar,0,5,10,0,15,0,4,64,0,68,0,9,74,0,83,94,0,94,177
06/27/2022,LAF,IN,AGL,CE,Tower without Radar,0,15,9,0,24,0,70,160,0,230,0,85,169,0,254,171,0,171,425
06/28/2022,LAF,IN,AGL,CE,Tower without Radar,0,18,9,0,27,0,97,144,0,241,0,115,153,0,268,294,0,294,562
06/29/2022,LAF,IN,AGL,CE,Tower without Radar,0,7,8,0,15,0,96,133,0,229,0,103,141,0,244,284,0,284,528
06/30/2022,LAF,IN,AGL,CE,Tower without Radar,0,5,4,0,9,0,78,130,0,208,0,83,134,0,217,284,0,284,501
07/01/2022,LAF,IN,AGL,CE,Tower without Radar,0,16,7,0,23,0,30,93,0,123,0,46,100,0,146,124,0,124,270
07/02/2022,LAF,IN,AGL,CE,Tower without Radar,0,1,13,0,14,0,30,110,0,140,0,31,123,0,154,222,0,222,376
07/03/2022,LAF,IN,AGL,CE,Tower without Radar,0,0,5,0,5,0,4,62,0,66,0,4,67,0,71,58,0,58,129
07/04/2022,LAF,IN,AGL,CE,Tower without Radar,0,1,20,0,21,0,0,82,0,82,0,1,102,0,103,134,0,134,237
07/05/2022,LAF,IN,AGL,CE,Tower without Radar,0,11,10,0,21,0,45,104,0,149,0,56,114,0,170,199,0,199,369
07/06/2022,LAF,IN,AGL,CE,Tower without Radar,0,13,11,0,24,0,32,75,0,107,0,45,86,0,131,274,0,274,405
07/07/2022,LAF,IN,AGL,CE,Tower without Radar,0,8,3,0,11,0,59,62,0,121,0,67,65,0,132,164,0,164,296
07/08/2022,LAF,IN,AGL,CE,Tower without Radar,0,4,14,0,18,0,0,1,0,1,0,4,15,0,19,0,0,0,19
07/09/2022,LAF,IN,AGL,CE,Tower without Radar,0,12,13,0,25,0,25,104,0,129,0,37,117,0,154,184,0,184,338
07/10/2022,LAF,IN,AGL,CE,Tower without Radar,0,0,13,0,13,0,0,91,0,91,0,0,104,0,104,128,0,128,232
07/11/2022,LAF,IN,AGL,CE,Tower without Radar,0,9,11,1,21,0,55,130,1,186,0,64,141,2,207,145,0,145,352
07/12/2022,LAF,IN,AGL,CE,Tower without Radar,0,19,21,0,40,0,43,124,0,167,0,62,145,0,207,112,0,112,319
07/13/2022,LAF,IN,AGL,CE,Tower without Radar,0,8,9,0,17,0,38,114,2,154,0,46,123,2,171,110,0,110,281
07/14/2022,LAF,IN,AGL,CE,Tower without Radar,0,7,12,0,19,0,45,137,0,182,0,52,149,0,201,150,0,150,351
07/15/2022,LAF,IN,AGL,CE,Tower without Radar,0,0,15,0,15,0,21,67,0,88,0,21,82,0,103,190,0,190,293
07/16/2022,LAF,IN,AGL,CE,Tower without Radar,0,16,10,0,26,0,20,115,0,135,0,36,125,0,161,158,0,158,319
07/17/2022,LAF,IN,AGL,CE,Tower without Radar,0,0,22,0,22,0,0,1,0,1,0,0,23,0,23,0,0,0,23
07/18/2022,LAF,IN,AGL,CE,Tower without Radar,0,13,25,0,38,0,18,69,0,87,0,31,94,0,125,94,0,94,219
07/19/2022,LAF,IN,AGL,CE,Tower without Radar,0,21,18,2,41,0,45,129,0,174,0,66,147,2,215,182,0,182,397
07/20/2022,LAF,IN,AGL,CE,Tower without Radar,0,9,25,0,34,0,22,88,0,110,0,31,113,0,144,112,0,112,256
07/21/2022,LAF,IN,AGL,CE,Tower without Radar,0,6,11,0,17,0,38,116,0,154,0,44,127,0,171,170,0,170,341
07/22/2022,LAF,IN,AGL,CE,Tower without Radar,0,0,4,0,4,0,39,114,0,153,0,39,118,0,157,168,0,168,325
07/23/2022,LAF,IN,AGL,CE,Tower without Radar,0,2,3,0,5,0,0,15,8,23,0,2,18,8,28,8,0,8,36
07/24/2022,LAF,IN,AGL,CE,Tower without Radar,0,3,4,0,7,0,0,32,0,32,0,3,36,0,39,52,0,52,91
07/25/2022,LAF,IN,AGL,CE,Tower without Radar,0,17,12,0,29,0,46,120,0,166,0,63,132,0,195,216,0,216,411
07/26/2022,LAF,IN,AGL,CE,Tower without Radar,0,11,23,0,34,0,11,75,0,86,0,22,98,0,120,288,0,288,408
07/27/2022,LAF,IN,AGL,CE,Tower without Radar,0,4,20,0,24,0,28,25,0,53,0,32,45,0,77,124,0,124,201
07/28/2022,LAF,IN,AGL,CE,Tower without Radar,0,18,19,0,37,0,43,99,0,142,0,61,118,0,179,140,0,140,319
07/29/2022,LAF,IN,AGL,CE,Tower without Radar,0,8,9,0,17,0,39,124,0,163,0,47,133,0,180,194,0,194,374
07/30/2022,LAF,IN,AGL,CE,Tower without Radar,0,18,13,0,31,0,17,111,0,128,0,35,124,0,159,212,0,212,371
07/31/2022,LAF,IN,AGL,CE,Tower without Radar,0,3,11,0,14,0,2,113,0,115,0,5,124,0,129,128,0,128,257
08/01/2022,LAF,IN,AGL,CE,Tower without Radar,0,4,9,0,13,0,20,84,0,104,0,24,93,0,117,148,0,148,265
08/02/2022,LAF,IN,AGL,CE,Tower without Radar,0,8,21,0,29,0,34,86,0,120,0,42,107,0,149,202,0,202,351
08/03/2022,LAF,IN,AGL,CE,Tower without Radar,0,15,12,0,27,0,18,76,0,94,0,33,88,0,121,87,0,87,208
08/04/2022,LAF,IN,AGL,CE,Tower without Radar,0,20,18,0,38,0,15,78,0,93,0,35,96,0,131,330,0,330,461
08/05/2022,LAF,IN,AGL,CE,Tower without Radar,0,25,14,0,39,0,11,48,0,59,0,36,62,0,98,142,0,142,240
08/06/2022,LAF,IN,AGL,CE,Tower without Radar,0,6,10,0,16,0,4,48,0,52,0,10,58,0,68,76,0,76,144
08/07/2022,LAF,IN,AGL,CE,Tower without Radar,0,7,15,0,22,0,3,27,1,31,0,10,42,1,53,28,0,28,81
08/08/2022,LAF,IN,AGL,CE,Tower without Radar,0,10,20,0,30,0,11,40,0,51,0,21,60,0,81,62,0,62,143
08/09/2022,LAF,IN,AGL,CE,Tower without Radar,0,2,31,0,33,0,5,40,0,45,0,7,71,0,78,76,0,76,154
08/10/2022,LAF,IN,AGL,CE,Tower without Radar,0,1,14,0,15,0,8,69,0,77,0,9,83,0,92,90,0,90,182
08/11/2022,LAF,IN,AGL,CE,Tower without Radar,0,9,32,0,41,0,10,53,0,63,0,19,85,0,104,68,0,68,172
08/12/2022,LAF,IN,AGL,CE,Tower without Radar,0,13,17,0,30,0,7,85,0,92,0,20,102,0,122,108,0,108,230
08/13/2022,LAF,IN,AGL,CE,Tower without Radar,0,0,11,0,11,0,0,70,0,70,0,0,81,0,81,72,0,72,153
08/14/2022,LAF,IN,AGL,CE,Tower without Radar,0,0,18,0,18,0,0,10,0,10,0,0,28,0,28,80,0,80,108
08/15/2022,LAF,IN,AGL,CE,Tower without Radar,0,7,21,0,28,0,2,40,0,42,0,9,61,0,70,74,0,74,144
08/16/2022,LAF,IN,AGL,CE,Tower without Radar,0,4,28,0,32,0,6,63,0,69,0,10,91,0,101,58,0,58,159
08/17/2022,LAF,IN,AGL,CE,Tower without Radar,0,16,37,0,53,0,10,55,0,65,0,26,92,0,118,48,0,48,166
08/18/2022,LAF,IN,AGL,CE,Tower without Radar,1,20,25,2,48,0,33,72,0,105,1,53,97,2,153,126,0,126,279
08/19/2022,LAF,IN,AGL,CE,Tower without Radar,0,27,35,0,62,0,59,92,0,151,0,86,127,0,213,154,0,154,367
08/20/2022,LAF,IN,AGL,CE,Tower without Radar,0,1,6,0,7,0,0,51,0,51,0,1,57,0,58,71,0,71,129
08/21/2022,LAF,IN,AGL,CE,Tower without Radar,0,4,16,0,20,0,1,33,0,34,0,5,49,0,54,60,0,60,114
08/22/2022,LAF,IN,AGL,CE,Tower without Radar,0,12,24,0,36,0,14,63,0,77,0,26,87,0,113,76,0,76,189
08/23/2022,LAF,IN,AGL,CE,Tower without Radar,0,6,19,0,25,0,15,85,0,100,0,21,104,0,125,84,0,84,209
08/24/2022,LAF,IN,AGL,CE,Tower without Radar,0,26,20,0,46,0,61,98,1,160,0,87,118,1,206,200,0,200,406
08/25/2022,LAF,IN,AGL,CE,Tower without Radar,0,22,24,0,46,0,54,101,0,155,0,76,125,0,201,154,0,154,355
08/26/2022,LAF,IN,AGL,CE,Tower without Radar,0,33,16,0,49,0,68,86,0,154,0,101,102,0,203,164,0,164,367
08/27/2022,LAF,IN,AGL,CE,Tower without Radar,0,34,14,0,48,0,64,111,0,175,0,98,125,0,223,232,0,232,455
08/28/2022,LAF,IN,AGL,CE,Tower without Radar,0,9,12,0,21,0,20,102,0,122,0,29,114,0,143,134,0,134,277
08/29/2022,LAF,IN,AGL,CE,Tower without Radar,0,24,15,0,39,0,30,55,0,85,0,54,70,0,124,98,0,98,222
08/30/2022,LAF,IN,AGL,CE,Tower without Radar,0,32,22,0,54,0,45,79,0,124,0,77,101,0,178,68,0,68,246
08/31/2022,LAF,IN,AGL,CE,Tower without Radar,0,35,23,0,58,0,99,116,2,217,0,134,139,2,275,190,0,190,465
09/01/2022,LAF,IN,AGL,CE,Tower without Radar,0,52,24,0,76,0,93,103,1,197,0,145,127,1,273,144,0,144,417
09/02/2022,LAF,IN,AGL,CE,Tower without Radar,0,68,32,0,100,0,73,95,1,169,0,141,127,1,269,182,0,182,451
09/03/2022,LAF,IN,AGL,CE,Tower without Radar,0,46,20,1,67,0,41,96,0,137,0,87,116,1,204,100,0,100,304
09/04/2022,LAF,IN,AGL,CE,Tower without Radar,0,4,14,1,19,0,2,46,0,48,0,6,60,1,67,186,0,186,253
09/05/2022,LAF,IN,AGL,CE,Tower without Radar,0,2,32,0,34,0,0,11,0,11,0,2,43,0,45,20,0,20,65
09/06/2022,LAF,IN,AGL,CE,Tower without Radar,0,52,19,0,71,0,23,51,0,74,0,75,70,0,145,138,0,138,283
09/07/2022,LAF,IN,AGL,CE,Tower without Radar,0,42,24,1,67,0,81,131,0,212,0,123,155,1,279,192,0,192,471
09/08/2022,LAF,IN,AGL,CE,Tower without Radar,0,51,19,1,71,0,102,121,0,223,0,153,140,1,294,204,0,204,498
09/09/2022,LAF,IN,AGL,CE,Tower without Radar,0,58,20,0,78,0,120,151,0,271,0,178,171,0,349,266,0,266,615
09/10/2022,LAF,IN,AGL,CE,Tower without Radar,0,19,10,0,29,0,45,74,3,122,0,64,84,3,151,126,0,126,277
09/11/2022,LAF,IN,AGL,CE,Tower without Radar,0,5,21,0,26,0,0,4,0,4,0,5,25,0,30,14,0,14,44
09/12/2022,LAF,IN,AGL,CE,Tower without Radar,0,51,8,0,59,0,45,51,0,96,0,96,59,0,155,128,0,128,283
09/13/2022,LAF,IN,AGL,CE,Tower without Radar,0,35,21,0,56,0,18,44,0,62,0,53,65,0,118,138,0,138,256
09/14/2022,LAF,IN,AGL,CE,Tower without Radar,0,57,20,0,77,0,83,120,0,203,0,140,140,0,280,212,0,212,492
09/15/2022,LAF,IN,AGL,CE,Tower without Radar,0,57,23,0,80,0,88,134,0,222,0,145,157,0,302,268,0,268,570
09/16/2022,LAF,IN,AGL,CE,Tower without Radar,0,58,22,0,80,0,107,129,0,236,0,165,151,0,316,242,0,242,558
09/17/2022,LAF,IN,AGL,CE,Tower without Radar,2,39,9,0,50,0,70,120,0,190,2,109,129,0,240,244,0,244,484
09/18/2022,LAF,IN,AGL,CE,Tower without Radar,0,10,22,0,32,0,53,116,0,169,0,63,138,0,201,86,0,86,287
09/19/2022,LAF,IN,AGL,CE,Tower without Radar,0,60,38,0,98,0,51,76,0,127,0,111,114,0,225,254,0,254,479
09/20/2022,LAF,IN,AGL,CE,Tower without Radar,0,56,17,2,75,0,82,119,0,201,0,138,136,2,276,262,0,262,538
09/21/2022,LAF,IN,AGL,CE,Tower without Radar,0,40,26,0,66,0,63,114,0,177,0,103,140,0,243,338,0,338,581
09/22/2022,LAF,IN,AGL,CE,Tower without Radar,1,41,28,0,70,0,31,84,2,117,1,72,112,2,187,78,0,78,265
09/23/2022,LAF,IN,AGL,CE,Tower without Radar,0,67,36,0,103,0,68,126,0,194,0,135,162,0,297,252,0,252,549
09/24/2022,LAF,IN,AGL,CE,Tower without Radar,1,31,34,0,66,0,49,83,0,132,1,80,117,0,198,174,0,174,372
09/25/2022,LAF,IN,AGL,CE,Tower without Radar,0,16,29,0,45,0,4,49,0,53,0,20,78,0,98,115,0,115,213
09/26/2022,LAF,IN,AGL,CE,Tower without Radar,0,64,26,0,90,0,45,93,0,138,0,109,119,0,228,122,0,122,350
09/27/2022,LAF,IN,AGL,CE,Tower without Radar,0,41,31,0,72,0,48,93,0,141,0,89,124,0,213,172,0,172,385
09/28/2022,LAF,IN,AGL,CE,Tower without Radar,0,93,13,0,106,0,64,109,0,173,0,157,122,0,279,206,0,206,485
09/29/2022,LAF,IN,AGL,CE,Tower without Radar,0,71,38,0,109,0,99,162,0,261,0,170,200,0,370,314,0,314,684
09/30/2022,LAF,IN,AGL,CE,Tower without Radar,1,75,33,0,109,0,108,146,1,255,1,183,179,1,364,303,0,303,667
10/01/2022,LAF,IN,AGL,CE,Tower without Radar,2,44,9,0,55,0,57,109,0,166,2,101,118,0,221,208,0,208,429
10/02/2022,LAF,IN,AGL,CE,Tower without Radar,1,22,21,0,44,0,28,84,0,112,1,50,105,0,156,198,0,198,354
10/03/2022,LAF,IN,AGL,CE,Tower without Radar,0,72,25,0,97,0,70,105,0,175,0,142,130,0,272,254,0,254,526
10/04/2022,LAF,IN,AGL,CE,Tower without Radar,1,87,19,0,107,0,84,116,0,200,1,171,135,0,307,238,0,238,545
10/05/2022,LAF,IN,AGL,CE,Tower without Radar,0,50,15,0,65,0,66,101,0,167,0,116,116,0,232,311,0,311,543
10/06/2022,LAF,IN,AGL,CE,Tower without Radar,0,64,16,0,80,0,88,115,0,203,0,152,131,0,283,168,0,168,451
10/07/2022,LAF,IN,AGL,CE,Tower without Radar,0,55,35,0,90,0,63,113,0,176,0,118,148,0,266,205,0,205,471
10/08/2022,LAF,IN,AGL,CE,Tower without Radar,1,22,7,0,30,0,32,58,0,90,1,54,65,0,120,126,0,126,246
10/09/2022,LAF,IN,AGL,CE,Tower without Radar,0,2,4,0,6,0,30,57,0,87,0,32,61,0,93,94,0,94,187
10/10/2022,LAF,IN,AGL,CE,Tower without Radar,0,4,16,0,20,0,17,71,0,88,0,21,87,0,108,176,0,176,284
10/11/2022,LAF,IN,AGL,CE,Tower without Radar,3,20,25,0,48,0,27,50,0,77,3,47,75,0,125,57,0,57,182
10/12/2022,LAF,IN,AGL,CE,Tower without Radar,0,8,15,0,23,0,5,37,0,42,0,13,52,0,65,60,0,60,125
10/13/2022,LAF,IN,AGL,CE,Tower without Radar,0,35,5,0,40,0,36,74,0,110,0,71,79,0,150,105,0,105,255
10/14/2022,LAF,IN,AGL,CE,Tower without Radar,0,43,23,0,66,0,34,59,0,93,0,77,82,0,159,92,0,92,251
10/15/2022,LAF,IN,AGL,CE,Tower without Radar,0,28,25,0,53,0,59,78,0,137,0,87,103,0,190,140,0,140,330
10/16/2022,LAF,IN,AGL,CE,Tower without Radar,0,9,21,0,30,0,32,67,0,99,0,41,88,0,129,138,0,138,267
10/17/2022,LAF,IN,AGL,CE,Tower without Radar,0,63,20,0,83,0,59,65,0,124,0,122,85,0,207,170,0,170,377
10/18/2022,LAF,IN,AGL,CE,Tower without Radar,0,88,29,0,117,0,50,49,0,99,0,138,78,0,216,100,0,100,316
10/19/2022,LAF,IN,AGL,CE,Tower without Radar,0,88,36,0,124,0,90,100,0,190,0,178,136,0,314,191,0,191,505
10/20/2022,LAF,IN,AGL,CE,Tower without Radar,0,80,29,0,109,0,83,108,1,192,0,163,137,1,301,212,0,212,513
10/21/2022,LAF,IN,AGL,CE,Tower without Radar,2,41,26,0,69,0,67,128,15,210,2,108,154,15,279,224,0,224,503
10/22/2022,LAF,IN,AGL,CE,Tower without Radar,0,40,23,0,63,0,67,110,0,177,0,107,133,0,240,326,0,326,566
10/23/2022,LAF,IN,AGL,CE,Tower without Radar,1,6,11,0,18,0,12,80,0,92,1,18,91,0,110,132,0,132,242
10/24/2022,LAF,IN,AGL,CE,Tower without Radar,0,41,25,0,66,0,100,119,0,219,0,141,144,0,285,388,0,388,673
10/25/2022,LAF,IN,AGL,CE,Tower without Radar,0,30,13,0,43,0,22,48,0,70,0,52,61,0,113,80,0,80,193
10/26/2022,LAF,IN,AGL,CE,Tower without Radar,0,53,20,0,73,0,42,52,0,94,0,95,72,0,167,168,0,168,335
10/27/2022,LAF,IN,AGL,CE,Tower without Radar,0,7,12,0,19,0,89,117,0,206,0,96,129,0,225,482,0,482,707
10/28/2022,LAF,IN,AGL,CE,Tower without Radar,0,9,15,0,24,0,15,108,0,123,0,24,123,0,147,80,0,80,227
10/29/2022,LAF,IN,AGL,CE,Tower without Radar,0,83,30,0,113,0,82,98,2,182,0,165,128,2,295,162,0,162,457
10/30/2022,LAF,IN,AGL,CE,Tower without Radar,0,22,16,0,38,0,16,50,0,66,0,38,66,0,104,132,0,132,236
10/31/2022,LAF,IN,AGL,CE,Tower without Radar,0,14,28,0,42,0,1,4,0,5,0,15,32,0,47,0,0,0,47
11/01/2022,LAF,IN,AGL,CE,Tower without Radar,0,61,33,0,94,0,40,76,0,116,0,101,109,0,210,146,0,146,356
11/02/2022,LAF,IN,AGL,CE,Tower without Radar,0,67,23,0,90,0,81,115,0,196,0,148,138,0,286,254,0,254,540
11/03/2022,LAF,IN,AGL,CE,Tower without Radar,0,88,34,0,122,0,80,108,0,188,0,168,142,0,310,216,0,216,526
11/04/2022,LAF,IN,AGL,CE,Tower without Radar,2,29,21,2,54,0,48,85,3,136,2,77,106,5,190,101,8,109,299
11/05/2022,LAF,IN,AGL,CE,Tower without Radar,2,1,3,0,6,0,0,2,0,2,2,1,5,0,8,4,0,4,12
11/06/2022,LAF,IN,AGL,CE,Tower without Radar,0,46,35,0,81,0,49,91,0,140,0,95,126,0,221,92,0,92,313
11/07/2022,LAF,IN,AGL,CE,Tower without Radar,0,69,34,0,103,0,98,114,0,212,0,167,148,0,315,260,0,260,575
11/08/2022,LAF,IN,AGL,CE,Tower without Radar,0,101,34,0,135,0,69,94,0,163,0,170,128,0,298,166,0,166,464
11/09/2022,LAF,IN,AGL,CE,Tower without Radar,0,58,15,0,73,0,83,119,0,202,0,141,134,0,275,248,0,248,523
11/10/2022,LAF,IN,AGL,CE,Tower without Radar,0,70,36,0,106,0,106,142,0,248,0,176,178,0,354,280,0,280,634
11/11/2022,LAF,IN,AGL,CE,Tower without Radar,0,57,31,0,88,0,18,24,0,42,0,75,55,0,130,96,0,96,226
11/12/2022,LAF,IN,AGL,CE,Tower without Radar,0,3,2,0,5,0,6,17,0,23,0,9,19,0,28,102,0,102,130
11/13/2022,LAF,IN,AGL,CE,Tower without Radar,0,31,16,0,47,0,59,128,0,187,0,90,144,0,234,206,0,206,440
11/14/2022,LAF,IN,AGL,CE,Tower without Radar,0,113,23,0,136,0,88,108,0,196,0,201,131,0,332,198,0,198,530
11/15/2022,LAF,IN,AGL,CE,Tower without Radar,0,4,3,0,7,0,1,0,0,1,0,5,3,0,8,2,0,2,10
11/16/2022,LAF,IN,AGL,CE,Tower without Radar,0,6,9,0,15,0,3,3,0,6,0,9,12,0,21,9,0,9,30
11/17/2022,LAF,IN,AGL,CE,Tower without Radar,0,50,32,0,82,0,33,44,0,77,0,83,76,0,159,196,0,196,355
11/18/2022,LAF,IN,AGL,CE,Tower without Radar,0,16,16,2,34,0,9,26,0,35,0,25,42,2,69,120,0,120,189
11/19/2022,LAF,IN,AGL,CE,Tower without Radar,0,16,14,0,30,0,22,35,0,57,0,38,49,0,87,42,0,42,129
11/20/2022,LAF,IN,AGL,CE,Tower without Radar,0,47,22,0,69,0,45,106,0,151,0,92,128,0,220,178,0,178,398
11/21/2022,LAF,IN,AGL,CE,Tower without Radar,0,70,12,0,82,0,74,86,0,160,0,144,98,0,242,124,0,124,366
11/22/2022,LAF,IN,AGL,CE,Tower without Radar,2,46,24,0,72,0,60,94,0,154,2,106,118,0,226,152,0,152,378
11/23/2022,LAF,IN,AGL,CE,Tower without Radar,0,19,15,0,34,0,8,51,0,59,0,27,66,0,93,94,0,94,187
11/24/2022,LAF,IN,AGL,CE,Tower without Radar,0,0,2,0,2,0,0,6,0,6,0,0,8,0,8,0,0,0,8
11/25/2022,LAF,IN,AGL,CE,Tower without Radar,0,2,4,0,6,0,0,7,0,7,0,2,11,0,13,2,0,2,15
11/26/2022,LAF,IN,AGL,CE,Tower without Radar,0,2,15,0,17,0,0,33,0,33,0,2,48,0,50,6,0,6,56
11/27/2022,LAF,IN,AGL,CE,Tower without Radar,0,1,6,0,7,0,0,0,0,0,0,1,6,0,7,0,0,0,7
11/28/2022,LAF,IN,AGL,CE,Tower without Radar,0,57,27,0,84,0,61,58,0,119,0,118,85,0,203,320,0,320,523
11/29/2022,LAF,IN,AGL,CE,Tower without Radar,0,18,6,0,24,0,14,32,0,46,0,32,38,0,70,44,0,44,114
11/30/2022,LAF,IN,AGL,CE,Tower without Radar,0,2,11,0,13,0,7,30,0,37,0,9,41,0,50,50,0,50,100
12/01/2022,LAF,IN,AGL,CE,Tower without Radar,0,98,43,0,141,0,131,145,0,276,0,229,188,0,417,216,0,216,633
12/02/2022,LAF,IN,AGL,CE,Tower without Radar,0,23,0,0,23,0,24,27,0,51,0,47,27,0,74,42,0,42,116
12/03/2022,LAF,IN,AGL,CE,Tower without Radar,2,18,11,0,31,0,16,50,0,66,2,34,61,0,97,96,0,96,193
12/04/2022,LAF,IN,AGL,CE,Tower without Radar,2,9,21,0,32,0,28,81,0,109,2,37,102,0,141,138,0,138,279
12/05/2022,LAF,IN,AGL,CE,Tower without Radar,0,54,18,0,72,0,56,88,0,144,0,110,106,0,216,294,0,294,510
12/06/2022,LAF,IN,AGL,CE,Tower without Radar,0,51,30,0,81,0,0,1,0,1,0,51,31,0,82,0,0,0,82
12/07/2022,LAF,IN,AGL,CE,Tower without Radar,0,74,33,0,107,0,30,38,0,68,0,104,71,0,175,130,0,130,305
12/08/2022,LAF,IN,AGL,CE,Tower without Radar,0,87,23,0,110,0,56,67,0,123,0,143,90,0,233,398,0,398,631
12/09/2022,LAF,IN,AGL,CE,Tower without Radar,0,16,2,0,18,0,0,0,0,0,0,16,2,0,18,0,0,0,18
12/10/2022,LAF,IN,AGL,CE,Tower without Radar,2,15,7,0,24,0,0,0,0,0,2,15,7,0,24,0,0,0,24
12/11/2022,LAF,IN,AGL,CE,Tower without Radar,0,1,14,0,15,0,10,34,0,44,0,11,48,0,59,136,0,136,195
12/12/2022,LAF,IN,AGL,CE,Tower without Radar,0,93,31,0,124,0,59,78,0,137,0,152,109,0,261,254,0,254,515
12/13/2022,LAF,IN,AGL,CE,Tower without Radar,0,57,36,0,93,0,59,94,0,153,0,116,130,0,246,118,0,118,364
12/14/2022,LAF,IN,AGL,CE,Tower without Radar,0,20,29,0,49,0,0,0,0,0,0,20,29,0,49,6,0,6,55
12/15/2022,LAF,IN,AGL,CE,Tower without Radar,0,48,23,0,71,0,30,74,0,104,0,78,97,0,175,140,0,140,315
12/16/2022,LAF,IN,AGL,CE,Tower without Radar,0,11,16,0,27,0,10,26,0,36,0,21,42,0,63,44,0,44,107
12/17/2022,LAF,IN,AGL,CE,Tower without Radar,0,4,9,0,13,0,3,19,0,22,0,7,28,0,35,90,0,90,125
12/18/2022,LAF,IN,AGL,CE,Tower without Radar,0,8,17,0,25,0,6,28,0,34,0,14,45,0,59,78,0,78,137
12/19/2022,LAF,IN,AGL,CE,Tower without Radar,0,10,6,0,16,0,7,45,0,52,0,17,51,0,68,67,0,67,135
12/20/2022,LAF,IN,AGL,CE,Tower without Radar,0,15,16,0,31,0,11,40,0,51,0,26,56,0,82,56,0,56,138
12/21/2022,LAF,IN,AGL,CE,Tower without Radar,0,11,16,0,27,0,8,7,0,15,0,19,23,0,42,36,0,36,78
12/22/2022,LAF,IN,AGL,CE,Tower without Radar,0,0,2,0,2,0,0,0,0,0,0,0,2,0,2,0,0,0,2
12/23/2022,LAF,IN,AGL,CE,Tower without Radar,0,0,0,0,0,0,0,0,0,0,0,0,0,0,0,0,0,0,0
12/24/2022,LAF,IN,AGL,CE,Tower without Radar,0,0,1,0,1,0,2,3,0,5,0,2,4,0,6,0,0,0,6
12/25/2022,LAF,IN,AGL,CE,Tower without Radar,0,0,0,0,0,0,0,4,0,4,0,0,4,0,4,0,0,0,4
12/26/2022,LAF,IN,AGL,CE,Tower without Radar,0,0,5,0,5,0,0,0,0,0,0,0,5,0,5,0,0,0,5
12/27/2022,LAF,IN,AGL,CE,Tower without Radar,0,7,5,0,12,0,0,15,0,15,0,7,20,0,27,20,0,20,47
12/28/2022,LAF,IN,AGL,CE,Tower without Radar,0,0,8,0,8,0,1,17,0,18,0,1,25,0,26,0,0,0,26
12/29/2022,LAF,IN,AGL,CE,Tower without Radar,0,3,0,0,3,0,1,5,0,6,0,4,5,0,9,4,0,4,13
12/30/2022,LAF,IN,AGL,CE,Tower without Radar,1,4,14,0,19,0,1,2,0,3,1,5,16,0,22,0,0,0,22
12/31/2022,LAF,IN,AGL,CE,Tower without Radar,0,1,3,0,4,0,2,11,0,13,0,3,14,0,17,14,0,14,31
01/01/2023,LAF,IN,AGL,CE,Tower without Radar,0,3,0,0,3,0,0,0,0,0,0,3,0,0,3,0,0,0,3
01/02/2023,LAF,IN,AGL,CE,Tower without Radar,0,0,2,0,2,0,0,0,0,0,0,0,2,0,2,0,0,0,2
01/03/2023,LAF,IN,AGL,CE,Tower without Radar,1,1,7,0,9,0,0,0,0,0,1,1,7,0,9,0,0,0,9
01/04/2023,LAF,IN,AGL,CE,Tower without Radar,2,0,10,0,12,0,17,34,0,51,2,17,44,0,63,98,0,98,161
01/05/2023,LAF,IN,AGL,CE,Tower without Radar,0,2,0,0,2,0,6,14,0,20,0,8,14,0,22,14,0,14,36
01/06/2023,LAF,IN,AGL,CE,Tower without Radar,1,4,6,0,11,0,5,13,0,18,1,9,19,0,29,38,0,38,67
01/07/2023,LAF,IN,AGL,CE,Tower without Radar,2,28,8,2,40,0,25,48,4,77,2,53,56,6,117,84,0,84,201
01/08/2023,LAF,IN,AGL,CE,Tower without Radar,0,5,11,0,16,0,16,34,0,50,0,21,45,0,66,102,0,102,168
01/09/2023,LAF,IN,AGL,CE,Tower without Radar,0,36,39,0,75,0,68,99,0,167,0,104,138,0,242,259,0,259,501
01/10/2023,LAF,IN,AGL,CE,Tower without Radar,0,70,22,0,92,0,69,92,0,161,0,139,114,0,253,152,0,152,405
01/11/2023,LAF,IN,AGL,CE,Tower without Radar,0,32,58,0,90,0,29,25,0,54,0,61,83,0,144,90,0,90,234
01/12/2023,LAF,IN,AGL,CE,Tower without Radar,2,0,2,0,4,0,0,0,0,0,2,0,2,0,4,0,0,0,4
01/13/2023,LAF,IN,AGL,CE,Tower without Radar,0,3,11,0,14,0,0,5,0,5,0,3,16,0,19,2,0,2,21
01/14/2023,LAF,IN,AGL,CE,Tower without Radar,0,46,18,0,64,0,60,95,0,155,0,106,113,0,219,380,0,380,599
01/15/2023,LAF,IN,AGL,CE,Tower without Radar,1,99,47,0,147,0,76,107,0,183,1,175,154,0,330,156,0,156,486
01/16/2023,LAF,IN,AGL,CE,Tower without Radar,1,2,5,0,8,0,0,8,0,8,1,2,13,0,16,2,0,2,18
01/17/2023,LAF,IN,AGL,CE,Tower without Radar,0,21,15,0,36,0,19,5,0,24,0,40,20,0,60,136,0,136,196
01/18/2023,LAF,IN,AGL,CE,Tower without Radar,2,7,9,0,18,0,1,3,0,4,2,8,12,0,22,18,0,18,40
01/19/2023,LAF,IN,AGL,CE,Tower without Radar,0,15,3,0,18,0,1,9,0,10,0,16,12,0,28,18,0,18,46
01/20/2023,LAF,IN,AGL,CE,Tower without Radar,2,22,12,0,36,0,27,39,0,66,2,49,51,0,102,258,0,258,360
01/21/2023,LAF,IN,AGL,CE,Tower without Radar,3,1,5,0,9,0,7,42,0,49,3,8,47,0,58,252,0,252,310
01/22/2023,LAF,IN,AGL,CE,Tower without Radar,1,4,1,0,6,0,0,0,0,0,1,4,1,0,6,0,0,0,6
01/23/2023,LAF,IN,AGL,CE,Tower without Radar,0,15,12,0,27,0,9,28,0,37,0,24,40,0,64,88,0,88,152
01/24/2023,LAF,IN,AGL,CE,Tower without Radar,0,15,19,2,36,0,10,45,0,55,0,25,64,2,91,136,0,136,227
01/25/2023,LAF,IN,AGL,CE,Tower without Radar,0,1,1,0,2,0,0,0,0,0,0,1,1,0,2,0,0,0,2
01/26/2023,LAF,IN,AGL,CE,Tower without Radar,0,7,6,0,13,0,1,0,0,1,0,8,6,0,14,0,0,0,14
01/27/2023,LAF,IN,AGL,CE,Tower without Radar,1,53,14,0,68,0,47,56,0,103,1,100,70,0,171,132,0,132,303
01/28/2023,LAF,IN,AGL,CE,Tower without Radar,1,66,34,0,101,0,101,132,0,233,1,167,166,0,334,178,0,178,512
01/29/2023,LAF,IN,AGL,CE,Tower without Radar,2,11,4,0,17,0,1,1,0,2,2,12,5,0,19,0,0,0,19
01/30/2023,LAF,IN,AGL,CE,Tower without Radar,0,35,15,0,50,0,35,30,0,65,0,70,45,0,115,94,0,94,209
01/31/2023,LAF,IN,AGL,CE,Tower without Radar,0,81,44,0,125,0,136,134,0,270,0,217,178,0,395,210,0,210,605
02/01/2023,LAF,IN,AGL,CE,Tower without Radar,0,70,16,2,88,0,96,133,0,229,0,166,149,2,317,196,0,196,513
02/02/2023,LAF,IN,AGL,CE,Tower without Radar,0,95,16,0,111,0,119,97,0,216,0,214,113,0,327,178,0,178,505
02/03/2023,LAF,IN,AGL,CE,Tower without Radar,0,83,24,0,107,0,104,109,0,213,0,187,133,0,320,174,0,174,494
02/04/2023,LAF,IN,AGL,CE,Tower without Radar,0,18,8,0,26,0,30,43,0,73,0,48,51,0,99,68,0,68,167
02/05/2023,LAF,IN,AGL,CE,Tower without Radar,0,27,6,1,34,0,40,74,0,114,0,67,80,1,148,58,0,58,206
02/06/2023,LAF,IN,AGL,CE,Tower without Radar,0,81,29,0,110,0,88,119,0,207,0,169,148,0,317,168,0,168,485
02/07/2023,LAF,IN,AGL,CE,Tower without Radar,0,55,42,0,97,0,78,83,0,161,0,133,125,0,258,236,0,236,494
02/08/2023,LAF,IN,AGL,CE,Tower without Radar,0,103,32,2,137,0,87,98,0,185,0,190,130,2,322,176,0,176,498
02/09/2023,LAF,IN,AGL,CE,Tower without Radar,0,3,2,0,5,0,0,2,0,2,0,3,4,0,7,8,0,8,15
02/10/2023,LAF,IN,AGL,CE,Tower without Radar,0,37,24,0,61,0,39,71,0,110,0,76,95,0,171,138,0,138,309
02/11/2023,LAF,IN,AGL,CE,Tower without Radar,0,45,25,0,70,0,86,119,0,205,0,131,144,0,275,242,0,242,517
02/12/2023,LAF,IN,AGL,CE,Tower without Radar,0,32,15,0,47,0,60,100,0,160,0,92,115,0,207,208,0,208,415
02/13/2023,LAF,IN,AGL,CE,Tower without Radar,0,79,40,0,119,0,105,116,0,221,0,184,156,0,340,168,0,168,508
02/14/2023,LAF,IN,AGL,CE,Tower without Radar,3,62,24,0,89,0,85,80,0,165,3,147,104,0,254,136,0,136,390
02/15/2023,LAF,IN,AGL,CE,Tower without Radar,2,14,21,0,37,0,13,47,0,60,2,27,68,0,97,116,0,116,213
02/16/2023,LAF,IN,AGL,CE,Tower without Radar,0,34,19,0,53,0,0,0,0,0,0,34,19,0,53,0,0,0,53
02/17/2023,LAF,IN,AGL,CE,Tower without Radar,3,34,11,1,49,0,25,45,0,70,3,59,56,1,119,158,0,158,277
02/18/2023,LAF,IN,AGL,CE,Tower without Radar,0,63,31,0,94,0,76,96,0,172,0,139,127,0,266,166,0,166,432
02/19/2023,LAF,IN,AGL,CE,Tower without Radar,2,35,21,0,58,0,36,95,0,131,2,71,116,0,189,128,0,128,317
02/20/2023,LAF,IN,AGL,CE,Tower without Radar,0,110,49,0,159,0,113,145,0,258,0,223,194,0,417,220,0,220,637
02/21/2023,LAF,IN,AGL,CE,Tower without Radar,2,94,45,0,141,0,80,94,0,174,2,174,139,0,315,262,0,262,577
02/22/2023,LAF,IN,AGL,CE,Tower without Radar,1,3,5,0,9,0,0,0,0,0,1,3,5,0,9,0,0,0,9
02/23/2023,LAF,IN,AGL,CE,Tower without Radar,1,3,24,0,28,0,4,16,0,20,1,7,40,0,48,42,0,42,90
02/24/2023,LAF,IN,AGL,CE,Tower without Radar,0,107,33,0,140,0,115,155,2,272,0,222,188,2,412,391,0,391,803
02/25/2023,LAF,IN,AGL,CE,Tower without Radar,0,32,18,0,50,0,48,88,0,136,0,80,106,0,186,330,0,330,516
02/26/2023,LAF,IN,AGL,CE,Tower without Radar,1,38,30,0,69,0,51,110,0,161,1,89,140,0,230,244,0,244,474
02/27/2023,LAF,IN,AGL,CE,Tower without Radar,0,0,7,0,7,0,0,0,0,0,0,0,7,0,7,0,0,0,7
02/28/2023,LAF,IN,AGL,CE,Tower without Radar,0,76,42,0,118,0,65,93,0,158,0,141,135,0,276,306,0,306,582
03/01/2023,LAF,IN,AGL,CE,Tower without Radar,4,97,33,0,134,0,90,117,0,207,4,187,150,0,341,248,0,248,589
03/02/2023,LAF,IN,AGL,CE,Tower without Radar,0,89,14,0,103,0,97,107,0,204,0,186,121,0,307,238,0,238,545
03/03/2023,LAF,IN,AGL,CE,Tower without Radar,1,0,1,0,2,0,0,0,0,0,1,0,1,0,2,0,0,0,2
03/04/2023,LAF,IN,AGL,CE,Tower without Radar,2,54,16,0,72,0,59,115,0,174,2,113,131,0,246,196,0,196,442
03/05/2023,LAF,IN,AGL,CE,Tower without Radar,2,29,8,0,39,0,42,76,0,118,2,71,84,0,157,146,0,146,303
03/06/2023,LAF,IN,AGL,CE,Tower without Radar,0,58,33,0,91,0,91,130,0,221,0,149,163,0,312,270,0,270,582
03/07/2023,LAF,IN,AGL,CE,Tower without Radar,0,71,20,0,91,0,83,85,0,168,0,154,105,0,259,292,0,292,551
03/08/2023,LAF,IN,AGL,CE,Tower without Radar,0,88,31,0,119,0,75,113,0,188,0,163,144,0,307,180,0,180,487
03/09/2023,LAF,IN,AGL,CE,Tower without Radar,0,52,21,0,73,0,72,75,0,147,0,124,96,0,220,234,0,234,454
03/10/2023,LAF,IN,AGL,CE,Tower without Radar,0,4,11,0,15,0,7,6,0,13,0,11,17,0,28,74,0,74,102
03/11/2023,LAF,IN,AGL,CE,Tower without Radar,0,10,4,0,14,0,34,48,0,82,0,44,52,0,96,118,0,118,214
03/12/2023,LAF,IN,AGL,CE,Tower without Radar,0,5,2,0,7,0,0,0,0,0,0,5,2,0,7,0,0,0,7
03/13/2023,LAF,IN,AGL,CE,Tower without Radar,0,6,5,0,11,0,6,6,0,12,0,12,11,0,23,46,0,46,69
03/14/2023,LAF,IN,AGL,CE,Tower without Radar,0,39,24,0,63,0,37,56,0,93,0,76,80,0,156,112,0,112,268
03/15/2023,LAF,IN,AGL,CE,Tower without Radar,0,31,20,0,51,0,36,48,0,84,0,67,68,0,135,170,0,170,305
03/16/2023,LAF,IN,AGL,CE,Tower without Radar,0,17,6,0,23,0,12,22,0,34,0,29,28,0,57,84,0,84,141
03/17/2023,LAF,IN,AGL,CE,Tower without Radar,0,7,1,0,8,0,0,0,0,0,0,7,1,0,8,0,0,0,8
03/18/2023,LAF,IN,AGL,CE,Tower without Radar,0,5,4,0,9,0,0,0,0,0,0,5,4,0,9,0,0,0,9
03/19/2023,LAF,IN,AGL,CE,Tower without Radar,0,24,20,0,44,0,45,52,0,97,0,69,72,0,141,106,0,106,247
03/20/2023,LAF,IN,AGL,CE,Tower without Radar,0,53,27,1,81,0,61,60,0,121,0,114,87,1,202,110,0,110,312
03/21/2023,LAF,IN,AGL,CE,Tower without Radar,2,124,34,0,160,0,104,85,0,189,2,228,119,0,349,260,0,260,609
03/22/2023,LAF,IN,AGL,CE,Tower without Radar,0,36,47,0,83,0,0,1,0,1,0,36,48,0,84,0,0,0,84
03/23/2023,LAF,IN,AGL,CE,Tower without Radar,0,68,36,0,104,0,0,1,0,1,0,68,37,0,105,38,0,38,143
03/24/2023,LAF,IN,AGL,CE,Tower without Radar,0,67,26,0,93,0,7,2,0,9,0,74,28,0,102,64,0,64,166
03/25/2023,LAF,IN,AGL,CE,Tower without Radar,0,0,0,0,0,0,0,0,0,0,0,0,0,0,0,0,0,0,0
03/26/2023,LAF,IN,AGL,CE,Tower without Radar,0,50,20,0,70,0,89,106,0,195,0,139,126,0,265,266,0,266,531
03/27/2023,LAF,IN,AGL,CE,Tower without Radar,0,61,46,2,109,0,12,7,0,19,0,73,53,2,128,192,0,192,320
03/28/2023,LAF,IN,AGL,CE,Tower without Radar,0,111,33,0,144,0,123,108,0,231,0,234,141,0,375,198,0,198,573
03/29/2023,LAF,IN,AGL,CE,Tower without Radar,0,60,35,2,97,0,68,73,0,141,0,128,108,2,238,130,0,130,368
03/30/2023,LAF,IN,AGL,CE,Tower without Radar,1,102,18,0,121,0,134,111,0,245,1,236,129,0,366,254,0,254,620
03/31/2023,LAF,IN,AGL,CE,Tower without Radar,1,13,7,0,21,0,5,3,0,8,1,18,10,0,29,6,0,6,35
04/01/2023,LAF,IN,AGL,CE,Tower without Radar,0,0,3,0,3,0,0,0,0,0,0,0,3,0,3,0,0,0,3
04/02/2023,LAF,IN,AGL,CE,Tower without Radar,0,74,39,0,113,0,91,106,0,197,0,165,145,0,310,234,0,234,544
04/03/2023,LAF,IN,AGL,CE,Tower without Radar,0,60,49,0,109,0,132,118,0,250,0,192,167,0,359,288,0,288,647
04/04/2023,LAF,IN,AGL,CE,Tower without Radar,0,21,17,0,38,0,7,3,0,10,0,28,20,0,48,26,0,26,74
04/05/2023,LAF,IN,AGL,CE,Tower without Radar,0,2,8,0,10,0,1,4,0,5,0,3,12,0,15,4,0,4,19
04/06/2023,LAF,IN,AGL,CE,Tower without Radar,2,91,45,0,138,0,118,107,0,225,2,209,152,0,363,278,0,278,641
04/07/2023,LAF,IN,AGL,CE,Tower without Radar,0,77,45,0,122,0,126,143,0,269,0,203,188,0,391,344,0,344,735
04/08/2023,LAF,IN,AGL,CE,Tower without Radar,0,40,42,0,82,0,117,130,0,247,0,157,172,0,329,264,0,264,593
04/09/2023,LAF,IN,AGL,CE,Tower without Radar,0,38,24,0,62,0,72,88,0,160,0,110,112,0,222,182,0,182,404
04/10/2023,LAF,IN,AGL,CE,Tower without Radar,0,62,36,0,98,0,114,111,0,225,0,176,147,0,323,310,0,310,633
04/11/2023,LAF,IN,AGL,CE,Tower without Radar,0,52,38,0,90,0,113,99,0,212,0,165,137,0,302,204,0,204,506
04/12/2023,LAF,IN,AGL,CE,Tower without Radar,0,82,55,0,137,0,100,105,0,205,0,182,160,0,342,186,0,186,528
04/13/2023,LAF,IN,AGL,CE,Tower without Radar,0,58,44,0,102,0,97,127,0,224,0,155,171,0,326,188,0,188,514
04/14/2023,LAF,IN,AGL,CE,Tower without Radar,3,41,31,6,81,0,83,117,8,208,3,124,148,14,289,144,0,144,433
04/15/2023,LAF,IN,AGL,CE,Tower without Radar,7,5,30,0,42,0,19,149,12,180,7,24,179,12,222,12,0,12,234
04/16/2023,LAF,IN,AGL,CE,Tower without Radar,0,8,4,1,13,0,0,0,1,1,0,8,4,2,14,0,0,0,14
04/17/2023,LAF,IN,AGL,CE,Tower without Radar,0,4,7,0,11,0,10,9,0,19,0,14,16,0,30,60,0,60,90
04/18/2023,LAF,IN,AGL,CE,Tower without Radar,0,63,36,0,99,0,87,126,0,213,0,150,162,0,312,234,0,234,546
04/19/2023,LAF,IN,AGL,CE,Tower without Radar,0,56,28,0,84,0,46,88,0,134,0,102,116,0,218,132,0,132,350
04/20/2023,LAF,IN,AGL,CE,Tower without Radar,1,1,12,2,16,0,8,17,0,25,1,9,29,2,41,40,0,40,81
04/21/2023,LAF,IN,AGL,CE,Tower without Radar,0,49,33,0,82,0,84,103,0,187,0,133,136,0,269,234,0,234,503
04/22/2023,LAF,IN,AGL,CE,Tower without Radar,0,21,21,0,42,0,37,47,0,84,0,58,68,0,126,100,0,100,226
04/23/2023,LAF,IN,AGL,CE,Tower without Radar,0,25,15,0,40,0,42,63,0,105,0,67,78,0,145,152,0,152,297
04/24/2023,LAF,IN,AGL,CE,Tower without Radar,0,36,24,0,60,0,71,107,0,178,0,107,131,0,238,168,0,168,406
04/25/2023,LAF,IN,AGL,CE,Tower without Radar,0,52,24,0,76,0,66,79,0,145,0,118,103,0,221,362,0,362,583
04/26/2023,LAF,IN,AGL,CE,Tower without Radar,2,64,22,0,88,0,68,113,0,181,2,132,135,0,269,198,0,198,467
04/27/2023,LAF,IN,AGL,CE,Tower without Radar,0,53,53,0,106,0,89,141,0,230,0,142,194,0,336,298,0,298,634
04/28/2023,LAF,IN,AGL,CE,Tower without Radar,0,57,28,0,85,0,36,34,0,70,0,93,62,0,155,178,0,178,333
04/29/2023,LAF,IN,AGL,CE,Tower without Radar,0,16,11,0,27,0,53,61,0,114,0,69,72,0,141,120,0,120,261
04/30/2023,LAF,IN,AGL,CE,Tower without Radar,0,12,11,0,23,0,16,22,0,38,0,28,33,0,61,122,0,122,183
05/01/2023,LAF,IN,AGL,CE,Tower without Radar,0,6,8,0,14,0,4,0,0,4,0,10,8,0,18,34,0,34,52
05/02/2023,LAF,IN,AGL,CE,Tower without Radar,0,29,23,0,52,0,69,70,0,139,0,98,93,0,191,232,0,232,423
05/03/2023,LAF,IN,AGL,CE,Tower without Radar,1,42,51,0,94,0,81,90,0,171,1,123,141,0,265,228,0,228,493
05/04/2023,LAF,IN,AGL,CE,Tower without Radar,1,45,61,0,107,0,90,148,0,238,1,135,209,0,345,202,0,202,547
05/05/2023,LAF,IN,AGL,CE,Tower without Radar,2,33,26,1,62,0,62,101,0,163,2,95,127,1,225,108,0,108,333
05/06/2023,LAF,IN,AGL,CE,Tower without Radar,1,43,39,2,85,0,66,88,0,154,1,109,127,2,239,198,0,198,437
05/07/2023,LAF,IN,AGL,CE,Tower without Radar,0,4,8,0,12,0,1,29,0,30,0,5,37,0,42,70,0,70,112
05/08/2023,LAF,IN,AGL,CE,Tower without Radar,0,30,33,0,63,0,34,46,0,80,0,64,79,0,143,128,0,128,271
05/09/2023,LAF,IN,AGL,CE,Tower without Radar,3,33,35,4,75,0,59,112,0,171,3,92,147,4,246,278,0,278,524
05/10/2023,LAF,IN,AGL,CE,Tower without Radar,1,65,25,0,91,0,68,138,0,206,1,133,163,0,297,208,0,208,505
05/11/2023,LAF,IN,AGL,CE,Tower without Radar,1,37,48,0,86,0,77,136,0,213,1,114,184,0,299,207,2,209,508
05/12/2023,LAF,IN,AGL,CE,Tower without Radar,0,19,17,1,37,0,22,64,0,86,0,41,81,1,123,188,0,188,311
05/13/2023,LAF,IN,AGL,CE,Tower without Radar,0,3,29,0,32,0,0,23,0,23,0,3,52,0,55,46,0,46,101
05/14/2023,LAF,IN,AGL,CE,Tower without Radar,0,4,19,0,23,0,1,36,0,37,0,5,55,0,60,12,0,12,72
05/15/2023,LAF,IN,AGL,CE,Tower without Radar,0,21,20,2,43,0,69,108,0,177,0,90,128,2,220,220,0,220,440
05/16/2023,LAF,IN,AGL,CE,Tower without Radar,0,32,15,0,47,0,86,94,0,180,0,118,109,0,227,232,0,232,459
05/17/2023,LAF,IN,AGL,CE,Tower without Radar,5,38,28,0,71,0,84,92,0,176,5,122,120,0,247,178,0,178,425
05/18/2023,LAF,IN,AGL,CE,Tower without Radar,0,36,35,0,71,0,110,98,0,208,0,146,133,0,279,114,0,114,393
05/19/2023,LAF,IN,AGL,CE,Tower without Radar,0,27,13,0,40,0,66,43,0,109,0,93,56,0,149,128,0,128,277
05/20/2023,LAF,IN,AGL,CE,Tower without Radar,0,4,20,0,24,0,63,70,0,133,0,67,90,0,157,114,0,114,271
05/21/2023,LAF,IN,AGL,CE,Tower without Radar,0,1,8,0,9,0,4,63,0,67,0,5,71,0,76,62,0,62,138
05/22/2023,LAF,IN,AGL,CE,Tower without Radar,0,46,21,0,67,0,80,67,0,147,0,126,88,0,214,144,0,144,358
05/23/2023,LAF,IN,AGL,CE,Tower without Radar,0,14,39,2,55,0,62,62,0,124,0,76,101,2,179,162,0,162,341
05/24/2023,LAF,IN,AGL,CE,Tower without Radar,0,39,20,0,59,0,92,109,0,201,0,131,129,0,260,178,0,178,438
05/25/2023,LAF,IN,AGL,CE,Tower without Radar,0,35,20,0,55,0,81,100,0,181,0,116,120,0,236,162,0,162,398
05/26/2023,LAF,IN,AGL,CE,Tower without Radar,0,40,13,0,53,0,85,90,0,175,0,125,103,0,228,254,0,254,482
05/27/2023,LAF,IN,AGL,CE,Tower without Radar,0,18,18,0,36,0,63,78,0,141,0,81,96,0,177,172,0,172,349
05/28/2023,LAF,IN,AGL,CE,Tower without Radar,0,0,12,0,12,0,9,61,0,70,0,9,73,0,82,104,0,104,186
05/29/2023,LAF,IN,AGL,CE,Tower without Radar,0,4,22,0,26,0,8,80,0,88,0,12,102,0,114,120,0,120,234
05/30/2023,LAF,IN,AGL,CE,Tower without Radar,0,38,38,0,76,0,112,111,0,223,0,150,149,0,299,308,0,308,607
05/31/2023,LAF,IN,AGL,CE,Tower without Radar,1,40,23,0,64,0,80,82,0,162,1,120,105,0,226,216,0,216,442
06/01/2023,LAF,IN,AGL,CE,Tower without Radar,0,35,45,0,80,0,97,105,0,202,0,132,150,0,282,238,0,238,520
06/02/2023,LAF,IN,AGL,CE,Tower without Radar,0,31,29,0,60,0,84,102,0,186,0,115,131,0,246,258,0,258,504
06/03/2023,LAF,IN,AGL,CE,Tower without Radar,0,5,18,0,23,0,37,100,0,137,0,42,118,0,160,140,0,140,300
06/04/2023,LAF,IN,AGL,CE,Tower without Radar,0,2,18,0,20,0,10,66,0,76,0,12,84,0,96,122,8,130,226
06/05/2023,LAF,IN,AGL,CE,Tower without Radar,0,27,29,4,60,0,116,103,0,219,0,143,132,4,279,378,0,378,657
06/06/2023,LAF,IN,AGL,CE,Tower without Radar,0,28,26,0,54,0,84,92,0,176,0,112,118,0,230,222,0,222,452
06/07/2023,LAF,IN,AGL,CE,Tower without Radar,0,12,43,0,55,7,80,93,0,180,7,92,136,0,235,274,0,274,509
06/08/2023,LAF,IN,AGL,CE,Tower without Radar,0,17,18,0,35,0,78,104,0,182,0,95,122,0,217,240,0,240,457
06/09/2023,LAF,IN,AGL,CE,Tower without Radar,0,18,18,0,36,0,86,112,0,198,0,104,130,0,234,162,0,162,396
06/10/2023,LAF,IN,AGL,CE,Tower without Radar,0,21,9,0,30,0,47,76,0,123,0,68,85,0,153,182,0,182,335
06/11/2023,LAF,IN,AGL,CE,Tower without Radar,2,1,12,0,15,0,3,10,0,13,2,4,22,0,28,18,0,18,46
06/12/2023,LAF,IN,AGL,CE,Tower without Radar,0,18,21,0,39,0,62,103,0,165,0,80,124,0,204,236,0,236,440
06/13/2023,LAF,IN,AGL,CE,Tower without Radar,1,21,28,0,50,0,44,99,0,143,1,65,127,0,193,270,0,270,463
06/14/2023,LAF,IN,AGL,CE,Tower without Radar,0,27,25,0,52,0,60,105,2,167,0,87,130,2,219,252,0,252,471
06/15/2023,LAF,IN,AGL,CE,Tower without Radar,0,42,25,0,67,0,67,133,0,200,0,109,158,0,267,276,0,276,543
06/16/2023,LAF,IN,AGL,CE,Tower without Radar,0,48,40,0,88,0,38,72,0,110,0,86,112,0,198,266,0,266,464
06/17/2023,LAF,IN,AGL,CE,Tower without Radar,0,27,9,0,36,0,51,124,0,175,0,78,133,0,211,236,0,236,447
06/18/2023,LAF,IN,AGL,CE,Tower without Radar,0,2,9,0,11,0,18,72,0,90,0,20,81,0,101,146,0,146,247
06/19/2023,LAF,IN,AGL,CE,Tower without Radar,0,35,25,0,60,0,56,120,0,176,0,91,145,0,236,216,0,216,452
06/20/2023,LAF,IN,AGL,CE,Tower without Radar,0,29,39,0,68,0,68,113,0,181,0,97,152,0,249,120,0,120,369
06/21/2023,LAF,IN,AGL,CE,Tower without Radar,1,61,14,0,76,0,63,93,0,156,1,124,107,0,232,188,0,188,420
06/22/2023,LAF,IN,AGL,CE,Tower without Radar,1,43,25,0,69,0,83,131,0,214,1,126,156,0,283,180,0,180,463
06/23/2023,LAF,IN,AGL,CE,Tower without Radar,0,54,27,0,81,0,95,116,0,211,0,149,143,0,292,188,0,188,480
06/24/2023,LAF,IN,AGL,CE,Tower without Radar,0,30,18,0,48,0,48,127,0,175,0,78,145,0,223,176,0,176,399
06/25/2023,LAF,IN,AGL,CE,Tower without Radar,0,1,5,1,7,0,4,17,2,23,0,5,22,3,30,6,0,6,36
06/26/2023,LAF,IN,AGL,CE,Tower without Radar,0,58,9,0,67,0,40,33,0,73,0,98,42,0,140,154,0,154,294
06/27/2023,LAF,IN,AGL,CE,Tower without Radar,0,57,38,0,95,0,2,6,0,8,0,59,44,0,103,0,0,0,103
06/28/2023,LAF,IN,AGL,CE,Tower without Radar,0,57,22,0,79,0,0,0,0,0,0,57,22,0,79,0,0,0,79
06/29/2023,LAF,IN,AGL,CE,Tower without Radar,0,32,14,0,46,0,31,26,0,57,0,63,40,0,103,94,0,94,197
06/30/2023,LAF,IN,AGL,CE,Tower without Radar,0,38,14,0,52,0,50,118,0,168,0,88,132,0,220,210,0,210,430
07/01/2023,LAF,IN,AGL,CE,Tower without Radar,0,14,6,0,20,0,26,76,0,102,0,40,82,0,122,178,0,178,300
07/02/2023,LAF,IN,AGL,CE,Tower without Radar,0,1,1,0,2,0,2,14,0,16,0,3,15,0,18,58,0,58,76
07/03/2023,LAF,IN,AGL,CE,Tower without Radar,0,34,13,0,47,0,55,122,0,177,0,89,135,0,224,182,0,182,406
07/04/2023,LAF,IN,AGL,CE,Tower without Radar,0,4,16,0,20,0,8,104,0,112,0,12,120,0,132,236,0,236,368
07/05/2023,LAF,IN,AGL,CE,Tower without Radar,0,31,15,0,46,0,54,116,0,170,0,85,131,0,216,316,0,316,532
07/06/2023,LAF,IN,AGL,CE,Tower without Radar,0,63,20,0,83,0,34,83,0,117,0,97,103,0,200,228,0,228,428
07/07/2023,LAF,IN,AGL,CE,Tower without Radar,0,67,13,0,80,0,84,136,0,220,0,151,149,0,300,264,0,264,564
07/08/2023,LAF,IN,AGL,CE,Tower without Radar,0,16,16,0,32,0,13,37,0,50,0,29,53,0,82,224,0,224,306
07/09/2023,LAF,IN,AGL,CE,Tower without Radar,0,0,14,0,14,0,4,92,0,96,0,4,106,0,110,200,0,200,310
07/10/2023,LAF,IN,AGL,CE,Tower without Radar,0,30,27,0,57,0,79,127,0,206,0,109,154,0,263,278,0,278,541
07/11/2023,LAF,IN,AGL,CE,Tower without Radar,0,63,19,0,82,0,72,124,0,196,0,135,143,0,278,276,0,276,554
07/12/2023,LAF,IN,AGL,CE,Tower without Radar,0,18,17,0,35,0,21,89,0,110,0,39,106,0,145,358,0,358,503
07/13/2023,LAF,IN,AGL,CE,Tower without Radar,0,36,21,0,57,0,20,55,0,75,0,56,76,0,132,210,0,210,342
07/14/2023,LAF,IN,AGL,CE,Tower without Radar,0,62,15,0,77,0,87,147,0,234,0,149,162,0,311,182,0,182,493
07/15/2023,LAF,IN,AGL,CE,Tower without Radar,0,10,16,0,26,0,13,72,0,85,0,23,88,0,111,192,0,192,303
07/16/2023,LAF,IN,AGL,CE,Tower without Radar,0,0,12,0,12,0,1,47,0,48,0,1,59,0,60,104,0,104,164
07/17/2023,LAF,IN,AGL,CE,Tower without Radar,0,6,2,0,8,0,33,52,0,85,0,39,54,0,93,286,0,286,379
07/18/2023,LAF,IN,AGL,CE,Tower without Radar,0,44,22,0,66,0,69,130,0,199,0,113,152,0,265,258,0,258,523
07/19/2023,LAF,IN,AGL,CE,Tower without Radar,0,42,7,0,49,0,57,126,0,183,0,99,133,0,232,206,0,206,438
07/20/2023,LAF,IN,AGL,CE,Tower without Radar,0,19,23,0,42,0,15,35,0,50,0,34,58,0,92,124,0,124,216
07/21/2023,LAF,IN,AGL,CE,Tower without Radar,0,21,10,0,31,0,68,139,0,207,0,89,149,0,238,224,0,224,462
07/22/2023,LAF,IN,AGL,CE,Tower without Radar,0,5,12,0,17,0,46,138,0,184,0,51,150,0,201,294,0,294,495
07/23/2023,LAF,IN,AGL,CE,Tower without Radar,0,3,16,0,19,0,11,55,7,73,0,14,71,7,92,122,0,122,214
07/24/2023,LAF,IN,AGL,CE,Tower without Radar,0,25,21,0,46,0,63,105,0,168,0,88,126,0,214,238,0,238,452
07/25/2023,LAF,IN,AGL,CE,Tower without Radar,0,18,18,0,36,0,36,87,0,123,0,54,105,0,159,150,0,150,309
07/26/2023,LAF,IN,AGL,CE,Tower without Radar,0,16,10,0,26,0,26,60,0,86,0,42,70,0,112,98,0,98,210
07/27/2023,LAF,IN,AGL,CE,Tower without Radar,0,19,13,0,32,0,33,105,0,138,0,52,118,0,170,206,0,206,376
07/28/2023,LAF,IN,AGL,CE,Tower without Radar,0,36,12,0,48,0,16,97,3,116,0,52,109,3,164,184,0,184,348
07/29/2023,LAF,IN,AGL,CE,Tower without Radar,0,19,18,0,37,0,7,45,0,52,0,26,63,0,89,64,0,64,153
07/30/2023,LAF,IN,AGL,CE,Tower without Radar,0,6,15,0,21,0,1,65,0,66,0,7,80,0,87,158,0,158,245
07/31/2023,LAF,IN,AGL,CE,Tower without Radar,0,10,41,0,51,0,33,113,0,146,0,43,154,0,197,122,0,122,319
08/01/2023,LAF,IN,AGL,CE,Tower without Radar,0,5,32,0,37,0,35,109,0,144,0,40,141,0,181,90,0,90,271
08/02/2023,LAF,IN,AGL,CE,Tower without Radar,0,25,34,0,59,0,41,94,0,135,0,66,128,0,194,206,0,206,400
08/03/2023,LAF,IN,AGL,CE,Tower without Radar,0,18,38,0,56,0,29,105,0,134,0,47,143,0,190,100,0,100,290
08/04/2023,LAF,IN,AGL,CE,Tower without Radar,0,18,31,0,49,0,21,81,0,102,0,39,112,0,151,122,0,122,273
08/05/2023,LAF,IN,AGL,CE,Tower without Radar,0,0,11,0,11,0,2,44,0,46,0,2,55,0,57,74,0,74,131
08/06/2023,LAF,IN,AGL,CE,Tower without Radar,0,2,10,2,14,0,0,5,0,5,0,2,15,2,19,52,0,52,71
08/07/2023,LAF,IN,AGL,CE,Tower without Radar,0,5,12,0,17,0,4,12,0,16,0,9,24,0,33,24,0,24,57
08/08/2023,LAF,IN,AGL,CE,Tower without Radar,0,32,22,0,54,0,25,59,2,86,0,57,81,2,140,43,0,43,183
08/09/2023,LAF,IN,AGL,CE,Tower without Radar,0,4,12,1,17,0,18,43,0,61,0,22,55,1,78,62,0,62,140
08/10/2023,LAF,IN,AGL,CE,Tower without Radar,0,0,14,0,14,0,8,50,2,60,0,8,64,2,74,122,0,122,196
08/11/2023,LAF,IN,AGL,CE,Tower without Radar,0,0,4,0,4,0,17,33,0,50,0,17,37,0,54,70,0,70,124
08/12/2023,LAF,IN,AGL,CE,Tower without Radar,0,5,17,0,22,0,2,41,0,43,0,7,58,0,65,14,0,14,79
08/13/2023,LAF,IN,AGL,CE,Tower without Radar,0,4,13,0,17,0,2,50,6,58,0,6,63,6,75,62,0,62,137
08/14/2023,LAF,IN,AGL,CE,Tower without Radar,0,2,15,1,18,0,3,8,0,11,0,5,23,1,29,10,0,10,39
08/15/2023,LAF,IN,AGL,CE,Tower without Radar,0,13,38,0,51,0,7,22,0,29,0,20,60,0,80,76,0,76,156
08/16/2023,LAF,IN,AGL,CE,Tower without Radar,0,20,17,0,37,0,27,48,0,75,0,47,65,0,112,176,0,176,288
08/17/2023,LAF,IN,AGL,CE,Tower without Radar,0,14,32,0,46,0,26,39,0,65,0,40,71,0,111,96,0,96,207
08/18/2023,LAF,IN,AGL,CE,Tower without Radar,0,22,25,0,47,0,39,57,0,96,0,61,82,0,143,100,0,100,243
08/19/2023,LAF,IN,AGL,CE,Tower without Radar,0,14,20,0,34,0,32,83,0,115,0,46,103,0,149,134,0,134,283
08/20/2023,LAF,IN,AGL,CE,Tower without Radar,0,2,38,0,40,0,2,90,0,92,0,4,128,0,132,104,0,104,236
08/21/2023,LAF,IN,AGL,CE,Tower without Radar,0,7,36,0,43,0,33,63,0,96,0,40,99,0,139,180,0,180,319
08/22/2023,LAF,IN,AGL,CE,Tower without Radar,0,19,21,0,40,0,61,62,0,123,0,80,83,0,163,206,0,206,369
08/23/2023,LAF,IN,AGL,CE,Tower without Radar,0,26,18,0,44,0,100,79,0,179,0,126,97,0,223,272,0,272,495
08/24/2023,LAF,IN,AGL,CE,Tower without Radar,0,30,11,0,41,0,75,62,0,137,0,105,73,0,178,124,0,124,302
08/25/2023,LAF,IN,AGL,CE,Tower without Radar,0,25,30,0,55,0,147,101,0,248,0,172,131,0,303,274,0,274,577
08/26/2023,LAF,IN,AGL,CE,Tower without Radar,0,30,35,0,65,0,76,72,0,148,0,106,107,0,213,198,0,198,411
08/27/2023,LAF,IN,AGL,CE,Tower without Radar,1,29,13,0,43,0,67,94,0,161,1,96,107,0,204,238,0,238,442
08/28/2023,LAF,IN,AGL,CE,Tower without Radar,0,35,20,0,55,0,116,106,0,222,0,151,126,0,277,187,0,187,464
08/29/2023,LAF,IN,AGL,CE,Tower without Radar,0,36,33,1,70,0,117,102,1,220,0,153,135,2,290,260,0,260,550
08/30/2023,LAF,IN,AGL,CE,Tower without Radar,1,44,30,0,75,0,125,97,0,222,1,169,127,0,297,236,0,236,533
08/31/2023,LAF,IN,AGL,CE,Tower without Radar,0,73,36,0,109,0,143,147,0,290,0,216,183,0,399,276,0,276,675
