01/01/2000,LAL,FL,ASO,ES,Federal Contract Tower,0,0,4,0,4,0,0,82,0,82,0,0,86,0,86,34,0,34,120
01/02/2000,LAL,FL,ASO,ES,Federal Contract Tower,0,0,25,0,25,0,0,192,0,192,0,0,217,0,217,91,0,91,308
01/03/2000,LAL,FL,ASO,ES,Federal Contract Tower,0,1,27,1,29,0,2,143,8,153,0,3,170,9,182,120,15,135,317
01/04/2000,LAL,FL,ASO,ES,Federal Contract Tower,0,1,71,3,75,0,0,111,1,112,0,1,182,4,187,166,30,196,383
01/05/2000,LAL,FL,ASO,ES,Federal Contract Tower,0,1,48,3,52,0,0,150,4,154,0,1,198,7,206,204,19,223,429
01/06/2000,LAL,FL,ASO,ES,Federal Contract Tower,0,2,55,2,59,0,0,179,4,183,0,2,234,6,242,206,13,219,461
01/07/2000,LAL,FL,ASO,ES,Federal Contract Tower,0,2,101,5,108,0,0,88,4,92,0,2,189,9,200,176,5,181,381
01/08/2000,LAL,FL,ASO,ES,Federal Contract Tower,0,0,32,1,33,0,0,67,0,67,0,0,99,1,100,66,2,68,168
01/09/2000,LAL,FL,ASO,ES,Federal Contract Tower,0,0,23,1,24,0,1,150,3,154,0,1,173,4,178,109,0,109,287
01/10/2000,LAL,FL,ASO,ES,Federal Contract Tower,0,0,40,0,40,0,3,55,0,58,0,3,95,0,98,76,0,76,174
01/11/2000,LAL,FL,ASO,ES,Federal Contract Tower,0,0,49,3,52,0,3,243,1,247,0,3,292,4,299,323,20,343,642
01/12/2000,LAL,FL,ASO,ES,Federal Contract Tower,0,0,52,3,55,0,7,211,12,230,0,7,263,15,285,300,15,315,600
01/13/2000,LAL,FL,ASO,ES,Federal Contract Tower,0,0,46,2,48,0,1,240,8,249,0,1,286,10,297,323,11,334,631
01/14/2000,LAL,FL,ASO,ES,Federal Contract Tower,0,0,36,2,38,0,2,84,6,92,0,2,120,8,130,41,14,55,185
01/15/2000,LAL,FL,ASO,ES,Federal Contract Tower,0,0,29,1,30,0,4,192,7,203,0,4,221,8,233,236,10,246,479
01/16/2000,LAL,FL,ASO,ES,Federal Contract Tower,0,0,23,1,24,0,6,200,4,210,0,6,223,5,234,192,0,192,426
01/17/2000,LAL,FL,ASO,ES,Federal Contract Tower,0,0,54,0,54,0,1,231,0,232,0,1,285,0,286,382,0,382,668
01/18/2000,LAL,FL,ASO,ES,Federal Contract Tower,0,0,56,2,58,0,4,173,0,177,0,4,229,2,235,217,0,217,452
01/19/2000,LAL,FL,ASO,ES,Federal Contract Tower,0,3,101,2,106,0,0,75,0,75,0,3,176,2,181,184,4,188,369
01/20/2000,LAL,FL,ASO,ES,Federal Contract Tower,0,0,46,1,47,0,2,70,0,72,0,2,116,1,119,92,0,92,211
01/21/2000,LAL,FL,ASO,ES,Federal Contract Tower,0,0,52,3,55,0,5,185,1,191,0,5,237,4,246,283,2,285,531
01/22/2000,LAL,FL,ASO,ES,Federal Contract Tower,0,0,32,2,34,0,2,292,1,295,0,2,324,3,329,230,12,242,571
01/23/2000,LAL,FL,ASO,ES,Federal Contract Tower,0,0,25,1,26,0,1,206,0,207,0,1,231,1,233,190,0,190,423
01/24/2000,LAL,FL,ASO,ES,Federal Contract Tower,0,0,48,0,48,0,2,7,0,9,0,2,55,0,57,16,0,16,73
01/25/2000,LAL,FL,ASO,ES,Federal Contract Tower,0,0,45,2,47,0,2,121,2,125,0,2,166,4,172,211,5,216,388
01/26/2000,LAL,FL,ASO,ES,Federal Contract Tower,0,0,55,3,58,0,0,164,1,165,0,0,219,4,223,189,14,203,426
01/27/2000,LAL,FL,ASO,ES,Federal Contract Tower,0,2,57,2,61,0,0,209,4,213,0,2,266,6,274,331,18,349,623
01/28/2000,LAL,FL,ASO,ES,Federal Contract Tower,0,0,52,3,55,0,0,154,3,157,0,0,206,6,212,267,19,286,498
01/29/2000,LAL,FL,ASO,ES,Federal Contract Tower,0,0,67,0,67,0,0,318,0,318,0,0,385,0,385,223,0,223,608
01/30/2000,LAL,FL,ASO,ES,Federal Contract Tower,0,0,38,0,38,0,0,155,0,155,0,0,193,0,193,83,0,83,276
01/31/2000,LAL,FL,ASO,ES,Federal Contract Tower,0,0,72,2,74,0,0,0,2,2,0,0,72,4,76,52,2,54,130
02/01/2000,LAL,FL,ASO,ES,Federal Contract Tower,0,0,45,2,47,0,0,227,0,227,0,0,272,2,274,230,0,230,504
02/02/2000,LAL,FL,ASO,ES,Federal Contract Tower,0,1,74,2,77,0,1,189,0,190,0,2,263,2,267,231,6,237,504
02/03/2000,LAL,FL,ASO,ES,Federal Contract Tower,0,0,101,4,105,0,0,149,3,152,0,0,250,7,257,355,4,359,616
02/04/2000,LAL,FL,ASO,ES,Federal Contract Tower,0,0,55,2,57,0,0,247,2,249,0,0,302,4,306,159,6,165,471
02/05/2000,LAL,FL,ASO,ES,Federal Contract Tower,0,1,25,1,27,0,3,321,3,327,0,4,346,4,354,182,10,192,546
02/06/2000,LAL,FL,ASO,ES,Federal Contract Tower,0,0,39,2,41,0,0,258,10,268,0,0,297,12,309,167,19,186,495
02/07/2000,LAL,FL,ASO,ES,Federal Contract Tower,0,1,35,0,36,0,2,279,0,281,0,3,314,0,317,278,0,278,595
02/08/2000,LAL,FL,ASO,ES,Federal Contract Tower,0,1,35,2,38,0,7,233,8,248,0,8,268,10,286,237,10,247,533
02/09/2000,LAL,FL,ASO,ES,Federal Contract Tower,0,1,50,3,54,0,2,176,5,183,0,3,226,8,237,134,52,186,423
02/10/2000,LAL,FL,ASO,ES,Federal Contract Tower,0,0,50,2,52,0,0,292,2,294,0,0,342,4,346,263,3,266,612
02/11/2000,LAL,FL,ASO,ES,Federal Contract Tower,0,1,44,2,47,0,3,231,11,245,0,4,275,13,292,218,6,224,516
02/12/2000,LAL,FL,ASO,ES,Federal Contract Tower,0,1,40,2,43,0,1,286,11,298,0,2,326,13,341,169,55,224,565
02/13/2000,LAL,FL,ASO,ES,Federal Contract Tower,0,0,44,2,46,0,0,172,2,174,0,0,216,4,220,156,2,158,378
02/14/2000,LAL,FL,ASO,ES,Federal Contract Tower,0,0,32,0,32,0,0,34,0,34,0,0,66,0,66,41,0,41,107
02/15/2000,LAL,FL,ASO,ES,Federal Contract Tower,0,1,44,1,46,0,0,217,3,220,0,1,261,4,266,315,12,327,593
02/16/2000,LAL,FL,ASO,ES,Federal Contract Tower,0,1,67,2,70,0,1,260,5,266,0,2,327,7,336,163,10,173,509
02/17/2000,LAL,FL,ASO,ES,Federal Contract Tower,0,0,38,2,40,0,3,243,5,251,0,3,281,7,291,315,13,328,619
02/18/2000,LAL,FL,ASO,ES,Federal Contract Tower,0,1,84,3,88,0,2,212,1,215,0,3,296,4,303,234,8,242,545
02/19/2000,LAL,FL,ASO,ES,Federal Contract Tower,0,0,52,2,54,0,2,234,0,236,0,2,286,2,290,280,2,282,572
02/20/2000,LAL,FL,ASO,ES,Federal Contract Tower,0,0,70,4,74,0,0,106,0,106,0,0,176,4,180,135,0,135,315
02/21/2000,LAL,FL,ASO,ES,Federal Contract Tower,0,0,42,0,42,0,1,199,0,200,0,1,241,0,242,221,0,221,463
02/22/2000,LAL,FL,ASO,ES,Federal Contract Tower,0,0,55,3,58,0,1,162,7,170,0,1,217,10,228,247,46,293,521
02/23/2000,LAL,FL,ASO,ES,Federal Contract Tower,0,0,69,4,73,0,2,174,8,184,0,2,243,12,257,183,47,230,487
02/24/2000,LAL,FL,ASO,ES,Federal Contract Tower,0,0,65,3,68,0,3,167,3,173,0,3,232,6,241,258,2,260,501
02/25/2000,LAL,FL,ASO,ES,Federal Contract Tower,0,0,49,2,51,0,0,196,4,200,0,0,245,6,251,211,17,228,479
02/26/2000,LAL,FL,ASO,ES,Federal Contract Tower,0,0,36,2,38,0,2,280,0,282,0,2,316,2,320,246,2,248,568
02/27/2000,LAL,FL,ASO,ES,Federal Contract Tower,0,0,40,0,40,0,2,166,0,168,0,2,206,0,208,185,0,185,393
02/28/2000,LAL,FL,ASO,ES,Federal Contract Tower,0,0,76,2,78,0,4,146,0,150,0,4,222,2,228,344,19,363,591
02/29/2000,LAL,FL,ASO,ES,Federal Contract Tower,0,0,51,3,54,0,1,187,3,191,0,1,238,6,245,442,23,465,710
03/01/2000,LAL,FL,ASO,ES,Federal Contract Tower,0,0,40,2,42,0,2,204,4,210,0,2,244,6,252,331,9,340,592
03/02/2000,LAL,FL,ASO,ES,Federal Contract Tower,0,2,69,2,73,0,3,177,2,182,0,5,246,4,255,302,10,312,567
03/03/2000,LAL,FL,ASO,ES,Federal Contract Tower,0,2,66,2,70,0,0,168,9,177,0,2,234,11,247,223,42,265,512
03/04/2000,LAL,FL,ASO,ES,Federal Contract Tower,0,1,53,1,55,0,37,163,0,200,0,38,216,1,255,188,59,247,502
03/05/2000,LAL,FL,ASO,ES,Federal Contract Tower,0,1,31,1,33,0,0,237,5,242,0,1,268,6,275,266,15,281,556
03/06/2000,LAL,FL,ASO,ES,Federal Contract Tower,0,2,51,2,55,0,0,154,2,156,0,2,205,4,211,178,4,182,393
03/07/2000,LAL,FL,ASO,ES,Federal Contract Tower,0,2,50,2,54,0,0,208,5,213,0,2,258,7,267,198,4,202,469
03/08/2000,LAL,FL,ASO,ES,Federal Contract Tower,0,2,63,2,67,0,4,178,0,182,0,6,241,2,249,155,2,157,406
03/09/2000,LAL,FL,ASO,ES,Federal Contract Tower,0,0,47,2,49,0,0,248,2,250,0,0,295,4,299,224,10,234,533
03/10/2000,LAL,FL,ASO,ES,Federal Contract Tower,0,1,44,1,46,0,3,258,0,261,0,4,302,1,307,159,0,159,466
03/11/2000,LAL,FL,ASO,ES,Federal Contract Tower,0,1,32,2,35,2,1,137,0,140,2,2,169,2,175,76,0,76,251
03/12/2000,LAL,FL,ASO,ES,Federal Contract Tower,0,0,48,1,49,0,0,111,0,111,0,0,159,1,160,87,0,87,247
03/13/2000,LAL,FL,ASO,ES,Federal Contract Tower,0,2,54,2,58,0,0,206,0,206,0,2,260,2,264,240,0,240,504
03/14/2000,LAL,FL,ASO,ES,Federal Contract Tower,0,0,63,2,65,2,0,202,7,211,2,0,265,9,276,212,0,212,488
03/15/2000,LAL,FL,ASO,ES,Federal Contract Tower,0,2,55,2,59,0,2,246,3,251,0,4,301,5,310,152,2,154,464
03/16/2000,LAL,FL,ASO,ES,Federal Contract Tower,0,2,55,1,58,0,1,124,9,134,0,3,179,10,192,152,25,177,369
03/17/2000,LAL,FL,ASO,ES,Federal Contract Tower,0,2,78,2,82,0,1,180,6,187,0,3,258,8,269,409,2,411,680
03/18/2000,LAL,FL,ASO,ES,Federal Contract Tower,0,0,31,1,32,0,3,286,0,289,0,3,317,1,321,178,2,180,501
03/19/2000,LAL,FL,ASO,ES,Federal Contract Tower,0,0,44,2,46,0,1,63,0,64,0,1,107,2,110,42,2,44,154
03/20/2000,LAL,FL,ASO,ES,Federal Contract Tower,0,1,53,2,56,0,3,160,0,163,0,4,213,2,219,289,0,289,508
03/21/2000,LAL,FL,ASO,ES,Federal Contract Tower,0,0,39,0,39,0,4,265,0,269,0,4,304,0,308,402,0,402,710
03/22/2000,LAL,FL,ASO,ES,Federal Contract Tower,0,1,82,4,87,0,3,204,4,211,0,4,286,8,298,291,12,303,601
03/23/2000,LAL,FL,ASO,ES,Federal Contract Tower,0,0,36,2,38,0,4,204,4,212,0,4,240,6,250,397,27,424,674
03/24/2000,LAL,FL,ASO,ES,Federal Contract Tower,0,1,51,2,54,0,1,195,10,206,0,2,246,12,260,260,19,279,539
03/25/2000,LAL,FL,ASO,ES,Federal Contract Tower,0,0,34,0,34,0,0,356,0,356,0,0,390,0,390,191,0,191,581
03/26/2000,LAL,FL,ASO,ES,Federal Contract Tower,0,0,35,0,35,0,1,160,0,161,0,1,195,0,196,258,0,258,454
03/27/2000,LAL,FL,ASO,ES,Federal Contract Tower,0,1,54,2,57,0,5,35,3,43,0,6,89,5,100,60,4,64,164
03/28/2000,LAL,FL,ASO,ES,Federal Contract Tower,0,1,80,3,84,0,1,205,2,208,0,2,285,5,292,443,6,449,741
03/29/2000,LAL,FL,ASO,ES,Federal Contract Tower,0,0,47,2,49,0,3,247,4,254,0,3,294,6,303,300,10,310,613
03/30/2000,LAL,FL,ASO,ES,Federal Contract Tower,0,0,47,0,47,0,2,134,0,136,0,2,181,0,183,130,0,130,313
03/31/2000,LAL,FL,ASO,ES,Federal Contract Tower,0,0,54,2,56,0,0,118,3,121,0,0,172,5,177,107,6,113,290
04/01/2000,LAL,FL,ASO,ES,Federal Contract Tower,0,2,38,1,41,0,0,161,0,161,0,2,199,1,202,143,2,145,347
04/02/2000,LAL,FL,ASO,ES,Federal Contract Tower,0,1,19,0,20,0,3,152,2,157,0,4,171,2,177,76,2,78,255
04/03/2000,LAL,FL,ASO,ES,Federal Contract Tower,0,1,32,1,34,0,1,183,2,186,0,2,215,3,220,200,4,204,424
04/04/2000,LAL,FL,ASO,ES,Federal Contract Tower,0,1,54,2,57,0,0,75,0,75,0,1,129,2,132,111,4,115,247
04/05/2000,LAL,FL,ASO,ES,Federal Contract Tower,0,2,38,1,41,0,0,319,11,330,0,2,357,12,371,143,24,167,538
04/06/2000,LAL,FL,ASO,ES,Federal Contract Tower,0,1,31,2,34,0,1,434,4,439,0,2,465,6,473,135,0,135,608
04/07/2000,LAL,FL,ASO,ES,Federal Contract Tower,0,0,10,0,10,0,0,2321,0,2321,0,0,2331,0,2331,56,0,56,2387
04/08/2000,LAL,FL,ASO,ES,Federal Contract Tower,0,0,0,0,0,0,0,3743,0,3743,0,0,3743,0,3743,467,0,467,4210
04/09/2000,LAL,FL,ASO,ES,Federal Contract Tower,0,0,0,0,0,0,0,4384,0,4384,0,0,4384,0,4384,3614,0,3614,7998
04/10/2000,LAL,FL,ASO,ES,Federal Contract Tower,0,0,0,0,0,0,0,3709,0,3709,0,0,3709,0,3709,3914,0,3914,7623
04/11/2000,LAL,FL,ASO,ES,Federal Contract Tower,0,0,0,0,0,0,0,3766,0,3766,0,0,3766,0,3766,5613,0,5613,9379
04/12/2000,LAL,FL,ASO,ES,Federal Contract Tower,0,0,0,0,0,0,0,2465,0,2465,0,0,2465,0,2465,3578,0,3578,6043
04/13/2000,LAL,FL,ASO,ES,Federal Contract Tower,0,0,0,0,0,0,0,2532,0,2532,0,0,2532,0,2532,3392,0,3392,5924
04/14/2000,LAL,FL,ASO,ES,Federal Contract Tower,0,0,0,0,0,0,0,311,0,311,0,0,311,0,311,153,0,153,464
04/15/2000,LAL,FL,ASO,ES,Federal Contract Tower,0,0,113,0,113,0,0,583,0,583,0,0,696,0,696,647,0,647,1343
04/16/2000,LAL,FL,ASO,ES,Federal Contract Tower,0,2,44,2,48,0,3,206,3,212,0,5,250,5,260,159,4,163,423
04/17/2000,LAL,FL,ASO,ES,Federal Contract Tower,0,1,28,2,31,0,1,222,2,225,0,2,250,4,256,241,4,245,501
04/18/2000,LAL,FL,ASO,ES,Federal Contract Tower,0,2,41,1,44,0,1,228,6,235,0,3,269,7,279,172,0,172,451
04/19/2000,LAL,FL,ASO,ES,Federal Contract Tower,0,2,50,2,54,0,3,262,7,272,0,5,312,9,326,294,14,308,634
04/20/2000,LAL,FL,ASO,ES,Federal Contract Tower,0,1,28,1,30,0,2,241,6,249,0,3,269,7,279,172,0,172,451
04/21/2000,LAL,FL,ASO,ES,Federal Contract Tower,0,0,31,2,33,0,0,205,6,211,0,0,236,8,244,304,14,318,562
04/22/2000,LAL,FL,ASO,ES,Federal Contract Tower,0,0,18,0,18,0,2,217,4,223,0,2,235,4,241,224,12,236,477
04/23/2000,LAL,FL,ASO,ES,Federal Contract Tower,0,0,29,0,29,0,1,161,0,162,0,1,190,0,191,287,0,287,478
04/24/2000,LAL,FL,ASO,ES,Federal Contract Tower,0,1,43,2,46,0,1,100,9,110,0,2,143,11,156,279,19,298,454
04/25/2000,LAL,FL,ASO,ES,Federal Contract Tower,0,1,49,2,52,0,0,129,6,135,0,1,178,8,187,337,11,348,535
04/26/2000,LAL,FL,ASO,ES,Federal Contract Tower,0,0,35,1,36,0,0,272,5,277,0,0,307,6,313,382,10,392,705
04/27/2000,LAL,FL,ASO,ES,Federal Contract Tower,0,1,53,2,56,0,2,234,9,245,0,3,287,11,301,328,9,337,638
04/28/2000,LAL,FL,ASO,ES,Federal Contract Tower,0,1,38,1,40,0,1,179,4,184,0,2,217,5,224,383,24,407,631
04/29/2000,LAL,FL,ASO,ES,Federal Contract Tower,0,0,28,2,30,0,10,168,4,182,0,10,196,6,212,208,10,218,430
04/30/2000,LAL,FL,ASO,ES,Federal Contract Tower,0,1,43,1,45,0,1,216,0,217,0,2,259,1,262,202,0,202,464
05/01/2000,LAL,FL,ASO,ES,Federal Contract Tower,0,1,39,1,41,0,3,207,0,210,0,4,246,1,251,298,10,308,559
05/02/2000,LAL,FL,ASO,ES,Federal Contract Tower,1,1,48,2,52,1,2,225,0,228,2,3,273,2,280,421,10,431,711
05/03/2000,LAL,FL,ASO,ES,Federal Contract Tower,0,2,59,2,63,0,0,203,0,203,0,2,262,2,266,363,7,370,636
05/04/2000,LAL,FL,ASO,ES,Federal Contract Tower,0,2,36,1,39,0,0,189,0,189,0,2,225,1,228,262,0,262,490
05/05/2000,LAL,FL,ASO,ES,Federal Contract Tower,0,1,45,2,48,0,0,210,0,210,0,1,255,2,258,274,2,276,534
05/06/2000,LAL,FL,ASO,ES,Federal Contract Tower,0,1,23,0,24,0,6,222,0,228,0,7,245,0,252,115,0,115,367
05/07/2000,LAL,FL,ASO,ES,Federal Contract Tower,0,2,34,1,37,0,2,138,2,142,0,4,172,3,179,78,0,78,257
05/08/2000,LAL,FL,ASO,ES,Federal Contract Tower,0,2,54,2,58,0,0,168,1,169,0,2,222,3,227,285,10,295,522
05/09/2000,LAL,FL,ASO,ES,Federal Contract Tower,0,2,43,2,47,0,2,171,3,176,0,4,214,5,223,148,6,154,377
05/10/2000,LAL,FL,ASO,ES,Federal Contract Tower,0,0,50,2,52,0,0,172,9,181,0,0,222,11,233,314,26,340,573
05/11/2000,LAL,FL,ASO,ES,Federal Contract Tower,0,2,63,3,68,0,0,135,6,141,0,2,198,9,209,325,4,329,538
05/12/2000,LAL,FL,ASO,ES,Federal Contract Tower,0,3,60,3,66,0,0,193,7,200,0,3,253,10,266,358,33,391,657
05/13/2000,LAL,FL,ASO,ES,Federal Contract Tower,0,2,34,1,37,0,0,218,0,218,0,2,252,1,255,257,0,257,512
05/14/2000,LAL,FL,ASO,ES,Federal Contract Tower,0,0,26,1,27,0,0,121,1,122,0,0,147,2,149,92,0,92,241
05/15/2000,LAL,FL,ASO,ES,Federal Contract Tower,0,1,56,1,58,0,0,134,0,134,0,1,190,1,192,215,0,215,407
05/16/2000,LAL,FL,ASO,ES,Federal Contract Tower,0,3,50,2,55,0,2,184,0,186,0,5,234,2,241,291,4,295,536
05/17/2000,LAL,FL,ASO,ES,Federal Contract Tower,0,3,58,2,63,0,1,191,6,198,0,4,249,8,261,277,21,298,559
05/18/2000,LAL,FL,ASO,ES,Federal Contract Tower,0,1,47,4,52,0,4,201,5,210,0,5,248,9,262,303,28,331,593
05/19/2000,LAL,FL,ASO,ES,Federal Contract Tower,0,1,44,2,47,0,4,178,4,186,0,5,222,6,233,225,16,241,474
05/20/2000,LAL,FL,ASO,ES,Federal Contract Tower,0,0,24,0,24,0,7,176,7,190,0,7,200,7,214,141,12,153,367
05/21/2000,LAL,FL,ASO,ES,Federal Contract Tower,0,0,18,0,18,0,7,145,12,164,0,7,163,12,182,110,14,124,306
05/22/2000,LAL,FL,ASO,ES,Federal Contract Tower,0,1,30,1,32,0,1,162,10,173,0,2,192,11,205,182,20,202,407
05/23/2000,LAL,FL,ASO,ES,Federal Contract Tower,0,2,51,2,55,0,0,179,11,190,0,2,230,13,245,261,24,285,530
05/24/2000,LAL,FL,ASO,ES,Federal Contract Tower,0,1,48,3,52,0,10,185,23,218,0,11,233,26,270,241,42,283,553
05/25/2000,LAL,FL,ASO,ES,Federal Contract Tower,0,2,62,3,67,0,7,132,15,154,0,9,194,18,221,248,18,266,487
05/26/2000,LAL,FL,ASO,ES,Federal Contract Tower,0,1,31,1,33,0,10,155,5,170,0,11,186,6,203,152,14,166,369
05/27/2000,LAL,FL,ASO,ES,Federal Contract Tower,0,1,30,1,32,0,6,142,7,155,0,7,172,8,187,85,12,97,284
05/28/2000,LAL,FL,ASO,ES,Federal Contract Tower,0,0,15,0,15,0,2,85,17,104,0,2,100,17,119,49,22,71,190
05/29/2000,LAL,FL,ASO,ES,Federal Contract Tower,0,0,21,0,21,0,6,115,11,132,0,6,136,11,153,62,21,83,236
05/30/2000,LAL,FL,ASO,ES,Federal Contract Tower,0,1,30,1,32,0,4,196,6,206,0,5,226,7,238,129,14,143,381
05/31/2000,LAL,FL,ASO,ES,Federal Contract Tower,0,1,31,1,33,0,7,138,10,155,0,8,169,11,188,73,27,100,288
06/01/2000,LAL,FL,ASO,ES,Federal Contract Tower,0,2,42,2,46,0,4,118,4,126,0,6,160,6,172,161,10,171,343
06/02/2000,LAL,FL,ASO,ES,Federal Contract Tower,0,2,34,2,38,0,6,180,5,191,0,8,214,7,229,206,22,228,457
06/03/2000,LAL,FL,ASO,ES,Federal Contract Tower,0,0,25,1,26,0,0,190,3,193,0,0,215,4,219,188,4,192,411
06/04/2000,LAL,FL,ASO,ES,Federal Contract Tower,0,1,19,0,20,0,7,138,10,155,0,8,157,10,175,66,32,98,273
06/05/2000,LAL,FL,ASO,ES,Federal Contract Tower,0,2,24,1,27,0,0,141,3,144,0,2,165,4,171,200,8,208,379
06/06/2000,LAL,FL,ASO,ES,Federal Contract Tower,0,2,33,2,37,0,0,179,13,192,0,2,212,15,229,340,40,380,609
06/07/2000,LAL,FL,ASO,ES,Federal Contract Tower,0,3,64,3,70,0,2,104,1,107,0,5,168,4,177,295,10,305,482
06/08/2000,LAL,FL,ASO,ES,Federal Contract Tower,0,1,18,0,19,0,4,134,10,148,0,5,152,10,167,357,26,383,550
06/09/2000,LAL,FL,ASO,ES,Federal Contract Tower,0,2,26,1,29,0,2,177,7,186,0,4,203,8,215,292,6,298,513
06/10/2000,LAL,FL,ASO,ES,Federal Contract Tower,0,2,32,1,35,0,0,180,16,196,0,2,212,17,231,160,19,179,410
06/11/2000,LAL,FL,ASO,ES,Federal Contract Tower,0,2,25,1,28,0,3,93,9,105,0,5,118,10,133,33,12,45,178
06/12/2000,LAL,FL,ASO,ES,Federal Contract Tower,0,2,47,3,52,0,1,145,5,151,0,3,192,8,203,201,16,217,420
06/13/2000,LAL,FL,ASO,ES,Federal Contract Tower,0,1,43,2,46,0,0,193,3,196,0,1,236,5,242,248,10,258,500
06/14/2000,LAL,FL,ASO,ES,Federal Contract Tower,0,3,51,2,56,0,8,199,6,213,0,11,250,8,269,277,16,293,562
06/15/2000,LAL,FL,ASO,ES,Federal Contract Tower,0,2,43,2,47,0,17,163,8,188,0,19,206,10,235,287,58,345,580
06/16/2000,LAL,FL,ASO,ES,Federal Contract Tower,0,2,49,3,54,0,3,171,1,175,0,5,220,4,229,218,12,230,459
06/17/2000,LAL,FL,ASO,ES,Federal Contract Tower,0,1,32,2,35,0,3,159,3,165,0,4,191,5,200,218,14,232,432
06/18/2000,LAL,FL,ASO,ES,Federal Contract Tower,0,0,17,1,18,0,1,127,6,134,0,1,144,7,152,105,14,119,271
06/19/2000,LAL,FL,ASO,ES,Federal Contract Tower,0,1,38,3,42,0,7,178,7,192,0,8,216,10,234,257,12,269,503
06/20/2000,LAL,FL,ASO,ES,Federal Contract Tower,0,1,39,2,42,0,0,108,10,118,0,1,147,12,160,252,8,260,420
06/21/2000,LAL,FL,ASO,ES,Federal Contract Tower,0,1,33,1,35,0,1,148,5,154,0,2,181,6,189,222,12,234,423
06/22/2000,LAL,FL,ASO,ES,Federal Contract Tower,0,2,56,2,60,0,6,137,5,148,0,8,193,7,208,300,9,309,517
06/23/2000,LAL,FL,ASO,ES,Federal Contract Tower,0,2,59,2,63,0,1,96,0,97,0,3,155,2,160,195,0,195,355
06/24/2000,LAL,FL,ASO,ES,Federal Contract Tower,0,0,13,0,13,0,4,112,4,120,0,4,125,4,133,62,0,62,195
06/25/2000,LAL,FL,ASO,ES,Federal Contract Tower,0,0,14,0,14,0,0,155,0,155,0,0,169,0,169,31,0,31,200
06/26/2000,LAL,FL,ASO,ES,Federal Contract Tower,0,1,47,3,51,0,7,99,0,106,0,8,146,3,157,165,0,165,322
06/27/2000,LAL,FL,ASO,ES,Federal Contract Tower,0,1,43,2,46,0,1,109,0,110,0,2,152,2,156,171,0,171,327
06/28/2000,LAL,FL,ASO,ES,Federal Contract Tower,0,1,42,1,44,0,1,139,0,140,0,2,181,1,184,260,4,264,448
06/29/2000,LAL,FL,ASO,ES,Federal Contract Tower,0,2,69,4,75,0,2,122,1,125,0,4,191,5,200,221,4,225,425
06/30/2000,LAL,FL,ASO,ES,Federal Contract Tower,0,2,49,2,53,0,0,71,3,74,0,2,120,5,127,109,6,115,242
07/01/2000,LAL,FL,ASO,ES,Federal Contract Tower,0,1,35,0,36,0,1,45,0,46,0,2,80,0,82,42,0,42,124
07/02/2000,LAL,FL,ASO,ES,Federal Contract Tower,0,1,18,0,19,0,1,129,0,130,0,2,147,0,149,75,0,75,224
07/03/2000,LAL,FL,ASO,ES,Federal Contract Tower,0,1,22,2,25,0,0,151,1,152,0,1,173,3,177,115,2,117,294
07/04/2000,LAL,FL,ASO,ES,Federal Contract Tower,0,0,10,0,10,0,0,124,0,124,0,0,134,0,134,121,0,121,255
07/05/2000,LAL,FL,ASO,ES,Federal Contract Tower,0,0,55,3,58,0,0,137,0,137,0,0,192,3,195,280,2,282,477
07/06/2000,LAL,FL,ASO,ES,Federal Contract Tower,0,2,53,3,58,0,3,136,5,144,0,5,189,8,202,200,14,214,416
07/07/2000,LAL,FL,ASO,ES,Federal Contract Tower,0,2,48,3,53,0,5,98,6,109,0,7,146,9,162,259,13,272,434
07/08/2000,LAL,FL,ASO,ES,Federal Contract Tower,0,2,49,3,54,0,5,48,2,55,0,7,97,5,109,123,4,127,236
07/09/2000,LAL,FL,ASO,ES,Federal Contract Tower,0,2,49,3,54,0,0,89,1,90,0,2,138,4,144,108,22,130,274
07/10/2000,LAL,FL,ASO,ES,Federal Contract Tower,0,0,64,4,68,0,0,150,5,155,0,0,214,9,223,275,2,277,500
07/11/2000,LAL,FL,ASO,ES,Federal Contract Tower,0,0,46,3,49,0,0,154,0,154,0,0,200,3,203,267,0,267,470
07/12/2000,LAL,FL,ASO,ES,Federal Contract Tower,0,0,38,1,39,0,0,158,0,158,0,0,196,1,197,293,2,295,492
07/13/2000,LAL,FL,ASO,ES,Federal Contract Tower,0,1,42,3,46,0,0,126,6,132,0,1,168,9,178,231,14,245,423
07/14/2000,LAL,FL,ASO,ES,Federal Contract Tower,0,2,59,3,64,0,0,63,0,63,0,2,122,3,127,168,15,183,310
07/15/2000,LAL,FL,ASO,ES,Federal Contract Tower,0,1,29,2,32,0,1,10,1,12,0,2,39,3,44,84,0,84,128
07/16/2000,LAL,FL,ASO,ES,Federal Contract Tower,0,0,43,3,46,0,6,124,2,132,0,6,167,5,178,158,14,172,350
07/17/2000,LAL,FL,ASO,ES,Federal Contract Tower,0,1,81,3,85,0,1,112,0,113,0,2,193,3,198,215,2,217,415
07/18/2000,LAL,FL,ASO,ES,Federal Contract Tower,0,0,64,4,68,0,0,92,14,106,0,0,156,18,174,246,7,253,427
07/19/2000,LAL,FL,ASO,ES,Federal Contract Tower,0,1,69,5,75,0,1,181,1,183,0,2,250,6,258,275,21,296,554
07/20/2000,LAL,FL,ASO,ES,Federal Contract Tower,0,1,107,7,115,0,0,62,11,73,0,1,169,18,188,202,6,208,396
07/21/2000,LAL,FL,ASO,ES,Federal Contract Tower,0,1,65,2,68,0,5,43,0,48,0,6,108,2,116,139,0,139,255
07/22/2000,LAL,FL,ASO,ES,Federal Contract Tower,0,0,35,1,36,0,2,85,0,87,0,2,120,1,123,283,0,283,406
07/23/2000,LAL,FL,ASO,ES,Federal Contract Tower,0,0,29,2,31,0,1,108,2,111,0,1,137,4,142,114,2,116,258
07/24/2000,LAL,FL,ASO,ES,Federal Contract Tower,0,0,34,0,34,0,5,74,0,79,0,5,108,0,113,110,0,110,223
07/25/2000,LAL,FL,ASO,ES,Federal Contract Tower,0,1,52,3,56,0,1,137,1,139,0,2,189,4,195,353,11,364,559
07/26/2000,LAL,FL,ASO,ES,Federal Contract Tower,0,0,42,3,45,0,2,139,2,143,0,2,181,5,188,312,14,326,514
07/27/2000,LAL,FL,ASO,ES,Federal Contract Tower,0,1,57,4,62,0,0,175,4,179,0,1,232,8,241,327,4,331,572
07/28/2000,LAL,FL,ASO,ES,Federal Contract Tower,0,0,61,4,65,0,0,135,6,141,0,0,196,10,206,258,9,267,473
07/29/2000,LAL,FL,ASO,ES,Federal Contract Tower,0,0,31,0,31,0,0,207,0,207,0,0,238,0,238,226,0,226,464
07/30/2000,LAL,FL,ASO,ES,Federal Contract Tower,0,0,23,1,24,0,0,73,0,73,0,0,96,1,97,108,2,110,207
07/31/2000,LAL,FL,ASO,ES,Federal Contract Tower,0,0,48,3,51,0,0,137,4,141,0,0,185,7,192,201,9,210,402
08/01/2000,LAL,FL,ASO,ES,Federal Contract Tower,0,0,65,5,70,0,0,124,0,124,0,0,189,5,194,354,10,364,558
08/02/2000,LAL,FL,ASO,ES,Federal Contract Tower,0,2,45,3,50,0,0,125,3,128,0,2,170,6,178,165,3,168,346
08/03/2000,LAL,FL,ASO,ES,Federal Contract Tower,0,0,67,1,68,0,0,148,0,148,0,0,215,1,216,309,0,309,525
08/04/2000,LAL,FL,ASO,ES,Federal Contract Tower,0,2,54,3,59,0,3,124,3,130,0,5,178,6,189,204,14,218,407
08/05/2000,LAL,FL,ASO,ES,Federal Contract Tower,0,0,42,2,44,0,0,146,0,146,0,0,188,2,190,166,0,166,356
08/06/2000,LAL,FL,ASO,ES,Federal Contract Tower,0,1,21,1,23,0,2,179,5,186,0,3,200,6,209,93,12,105,314
08/07/2000,LAL,FL,ASO,ES,Federal Contract Tower,0,2,77,2,81,0,0,159,0,159,0,2,236,2,240,304,0,304,544
08/08/2000,LAL,FL,ASO,ES,Federal Contract Tower,0,1,47,3,51,0,0,216,6,222,0,1,263,9,273,243,19,262,535
08/09/2000,LAL,FL,ASO,ES,Federal Contract Tower,0,0,50,3,53,0,0,123,7,130,0,0,173,10,183,187,8,195,378
08/10/2000,LAL,FL,ASO,ES,Federal Contract Tower,0,2,34,2,38,0,0,162,3,165,0,2,196,5,203,253,10,263,466
08/11/2000,LAL,FL,ASO,ES,Federal Contract Tower,0,1,65,4,70,0,0,81,10,91,0,1,146,14,161,101,2,103,264
08/12/2000,LAL,FL,ASO,ES,Federal Contract Tower,0,0,16,0,16,0,0,43,3,46,0,0,59,3,62,27,0,27,89
08/13/2000,LAL,FL,ASO,ES,Federal Contract Tower,0,0,16,1,17,0,0,93,4,97,0,0,109,5,114,89,2,91,205
08/14/2000,LAL,FL,ASO,ES,Federal Contract Tower,0,1,61,2,64,0,0,122,0,122,0,1,183,2,186,239,0,239,425
08/15/2000,LAL,FL,ASO,ES,Federal Contract Tower,0,2,57,2,61,0,2,121,0,123,0,4,178,2,184,278,4,282,466
08/16/2000,LAL,FL,ASO,ES,Federal Contract Tower,0,0,64,4,68,0,0,160,6,166,0,0,224,10,234,135,22,157,391
08/17/2000,LAL,FL,ASO,ES,Federal Contract Tower,0,2,43,1,46,0,4,185,4,193,0,6,228,5,239,180,10,190,429
08/18/2000,LAL,FL,ASO,ES,Federal Contract Tower,0,2,54,2,58,0,4,207,4,215,0,6,261,6,273,220,2,222,495
08/19/2000,LAL,FL,ASO,ES,Federal Contract Tower,0,0,27,2,29,0,3,210,2,215,0,3,237,4,244,174,8,182,426
08/20/2000,LAL,FL,ASO,ES,Federal Contract Tower,0,0,24,2,26,0,1,138,2,141,0,1,162,4,167,117,4,121,288
08/21/2000,LAL,FL,ASO,ES,Federal Contract Tower,0,0,25,2,27,0,0,141,0,141,0,0,166,2,168,121,0,121,289
08/22/2000,LAL,FL,ASO,ES,Federal Contract Tower,0,2,71,4,77,0,1,91,2,94,0,3,162,6,171,149,4,153,324
08/23/2000,LAL,FL,ASO,ES,Federal Contract Tower,0,1,59,4,64,0,2,148,1,151,0,3,207,5,215,216,5,221,436
08/24/2000,LAL,FL,ASO,ES,Federal Contract Tower,0,1,54,3,58,0,1,140,3,144,0,2,194,6,202,199,32,231,433
08/25/2000,LAL,FL,ASO,ES,Federal Contract Tower,0,0,34,3,37,0,0,142,0,142,0,0,176,3,179,223,2,225,404
08/26/2000,LAL,FL,ASO,ES,Federal Contract Tower,0,0,26,1,27,0,2,201,0,203,0,2,227,1,230,123,2,125,355
08/27/2000,LAL,FL,ASO,ES,Federal Contract Tower,0,0,31,0,31,0,0,197,0,197,0,0,228,0,228,113,0,113,341
08/28/2000,LAL,FL,ASO,ES,Federal Contract Tower,0,1,52,3,56,0,0,116,1,117,0,1,168,4,173,160,23,183,356
08/29/2000,LAL,FL,ASO,ES,Federal Contract Tower,0,2,78,0,80,0,0,61,0,61,0,2,139,0,141,303,0,303,444
08/30/2000,LAL,FL,ASO,ES,Federal Contract Tower,0,1,60,0,61,0,3,125,0,128,0,4,185,0,189,166,37,203,392
08/31/2000,LAL,FL,ASO,ES,Federal Contract Tower,0,1,50,3,54,0,0,110,1,111,0,1,160,4,165,207,4,211,376
09/01/2000,LAL,FL,ASO,ES,Federal Contract Tower,0,2,62,1,65,0,5,133,0,138,0,7,195,1,203,150,0,150,353
09/02/2000,LAL,FL,ASO,ES,Federal Contract Tower,0,0,22,0,22,0,0,192,3,195,0,0,214,3,217,155,1,156,373
09/03/2000,LAL,FL,ASO,ES,Federal Contract Tower,0,0,18,0,18,0,0,105,0,105,0,0,123,0,123,80,0,80,203
09/04/2000,LAL,FL,ASO,ES,Federal Contract Tower,0,1,27,0,28,0,1,204,2,207,0,2,231,2,235,116,0,116,351
09/05/2000,LAL,FL,ASO,ES,Federal Contract Tower,0,1,33,1,35,0,1,128,0,129,0,2,161,1,164,208,0,208,372
09/06/2000,LAL,FL,ASO,ES,Federal Contract Tower,0,2,64,3,69,0,0,130,6,136,0,2,194,9,205,291,6,297,502
09/07/2000,LAL,FL,ASO,ES,Federal Contract Tower,0,2,71,2,75,0,0,79,6,85,0,2,150,8,160,173,10,183,343
09/08/2000,LAL,FL,ASO,ES,Federal Contract Tower,0,0,65,2,67,0,0,101,0,101,0,0,166,2,168,86,0,86,254
09/09/2000,LAL,FL,ASO,ES,Federal Contract Tower,0,4,116,1,121,0,1,23,0,24,0,5,139,1,145,162,0,162,307
09/10/2000,LAL,FL,ASO,ES,Federal Contract Tower,0,0,24,0,24,0,0,137,0,137,0,0,161,0,161,139,0,139,300
09/11/2000,LAL,FL,ASO,ES,Federal Contract Tower,0,2,41,0,43,0,0,183,0,183,0,2,224,0,226,109,0,109,335
09/12/2000,LAL,FL,ASO,ES,Federal Contract Tower,0,0,46,1,47,0,0,183,3,186,0,0,229,4,233,228,12,240,473
09/13/2000,LAL,FL,ASO,ES,Federal Contract Tower,0,2,65,3,70,0,0,153,0,153,0,2,218,3,223,203,6,209,432
09/14/2000,LAL,FL,ASO,ES,Federal Contract Tower,0,2,47,1,50,0,0,175,5,180,0,2,222,6,230,186,58,244,474
09/15/2000,LAL,FL,ASO,ES,Federal Contract Tower,0,0,44,2,46,0,0,139,2,141,0,0,183,4,187,143,7,150,337
09/16/2000,LAL,FL,ASO,ES,Federal Contract Tower,0,0,30,2,32,0,3,54,0,57,0,3,84,2,89,88,4,92,181
09/17/2000,LAL,FL,ASO,ES,Federal Contract Tower,0,0,4,1,5,0,0,3,0,3,0,0,7,1,8,0,0,0,8
09/18/2000,LAL,FL,ASO,ES,Federal Contract Tower,0,0,35,0,35,0,0,120,0,120,0,0,155,0,155,249,0,249,404
09/19/2000,LAL,FL,ASO,ES,Federal Contract Tower,0,2,74,2,78,0,2,167,0,169,0,4,241,2,247,365,4,369,616
09/20/2000,LAL,FL,ASO,ES,Federal Contract Tower,0,1,59,3,63,0,2,114,1,117,0,3,173,4,180,187,6,193,373
09/21/2000,LAL,FL,ASO,ES,Federal Contract Tower,0,1,65,2,68,0,0,124,1,125,0,1,189,3,193,289,7,296,489
09/22/2000,LAL,FL,ASO,ES,Federal Contract Tower,0,1,69,2,72,0,4,63,0,67,0,5,132,2,139,90,6,96,235
09/23/2000,LAL,FL,ASO,ES,Federal Contract Tower,0,0,43,1,44,0,0,201,4,205,0,0,244,5,249,192,4,196,445
09/24/2000,LAL,FL,ASO,ES,Federal Contract Tower,0,0,24,0,24,0,1,187,4,192,0,1,211,4,216,180,3,183,399
09/25/2000,LAL,FL,ASO,ES,Federal Contract Tower,0,0,43,1,44,0,0,139,1,140,0,0,182,2,184,205,13,218,402
09/26/2000,LAL,FL,ASO,ES,Federal Contract Tower,0,1,81,2,84,0,0,122,2,124,0,1,203,4,208,302,11,313,521
09/27/2000,LAL,FL,ASO,ES,Federal Contract Tower,0,1,83,3,87,0,0,170,3,173,0,1,253,6,260,236,4,240,500
09/28/2000,LAL,FL,ASO,ES,Federal Contract Tower,0,1,93,3,97,0,0,150,3,153,0,1,243,6,250,323,12,335,585
09/29/2000,LAL,FL,ASO,ES,Federal Contract Tower,0,2,73,1,76,0,1,174,0,175,0,3,247,1,251,242,44,286,537
09/30/2000,LAL,FL,ASO,ES,Federal Contract Tower,0,2,73,0,75,0,31,153,0,184,0,33,226,0,259,194,0,194,453
10/01/2000,LAL,FL,ASO,ES,Federal Contract Tower,0,1,45,1,47,0,64,47,0,111,0,65,92,1,158,87,0,87,245
10/02/2000,LAL,FL,ASO,ES,Federal Contract Tower,0,2,54,1,57,0,0,142,0,142,0,2,196,1,199,140,0,140,339
10/03/2000,LAL,FL,ASO,ES,Federal Contract Tower,0,3,80,2,85,0,0,0,0,0,0,3,80,2,85,83,2,85,170
10/04/2000,LAL,FL,ASO,ES,Federal Contract Tower,0,1,96,5,102,0,0,60,5,65,0,1,156,10,167,160,0,160,327
10/05/2000,LAL,FL,ASO,ES,Federal Contract Tower,0,0,55,3,58,0,0,152,0,152,0,0,207,3,210,175,2,177,387
10/06/2000,LAL,FL,ASO,ES,Federal Contract Tower,0,2,39,2,43,0,1,209,1,211,0,3,248,3,254,175,6,181,435
10/07/2000,LAL,FL,ASO,ES,Federal Contract Tower,0,2,63,0,65,0,0,191,0,191,0,2,254,0,256,121,0,121,377
10/08/2000,LAL,FL,ASO,ES,Federal Contract Tower,0,0,45,3,48,0,0,105,0,105,0,0,150,3,153,152,6,158,311
10/09/2000,LAL,FL,ASO,ES,Federal Contract Tower,0,2,36,2,40,0,1,83,2,86,0,3,119,4,126,105,7,112,238
10/10/2000,LAL,FL,ASO,ES,Federal Contract Tower,0,3,52,0,55,0,1,211,0,212,0,4,263,0,267,339,0,339,606
10/11/2000,LAL,FL,ASO,ES,Federal Contract Tower,0,1,52,1,54,0,0,228,0,228,0,1,280,1,282,219,2,221,503
10/12/2000,LAL,FL,ASO,ES,Federal Contract Tower,0,0,27,1,28,0,0,189,6,195,0,0,216,7,223,228,10,238,461
10/13/2000,LAL,FL,ASO,ES,Federal Contract Tower,0,0,37,2,39,0,0,164,4,168,0,0,201,6,207,182,0,182,389
10/14/2000,LAL,FL,ASO,ES,Federal Contract Tower,0,0,46,2,48,0,0,195,0,195,0,0,241,2,243,182,4,186,429
10/15/2000,LAL,FL,ASO,ES,Federal Contract Tower,0,2,25,1,28,0,2,171,1,174,0,4,196,2,202,119,0,119,321
10/16/2000,LAL,FL,ASO,ES,Federal Contract Tower,0,2,41,2,45,2,2,145,0,149,2,4,186,2,194,234,9,243,437
10/17/2000,LAL,FL,ASO,ES,Federal Contract Tower,0,2,43,3,48,0,5,198,5,208,0,7,241,8,256,296,25,321,577
10/18/2000,LAL,FL,ASO,ES,Federal Contract Tower,0,2,36,1,39,0,3,208,8,219,0,5,244,9,258,246,46,292,550
10/19/2000,LAL,FL,ASO,ES,Federal Contract Tower,0,1,43,3,47,0,3,163,6,172,0,4,206,9,219,184,39,223,442
10/20/2000,LAL,FL,ASO,ES,Federal Contract Tower,0,1,63,3,67,0,0,118,2,120,0,1,181,5,187,112,0,112,299
10/21/2000,LAL,FL,ASO,ES,Federal Contract Tower,0,0,31,1,32,0,0,172,4,176,0,0,203,5,208,189,2,191,399
10/22/2000,LAL,FL,ASO,ES,Federal Contract Tower,0,1,27,0,28,0,1,141,0,142,0,2,168,0,170,85,0,85,255
10/23/2000,LAL,FL,ASO,ES,Federal Contract Tower,0,0,47,3,50,0,0,81,3,84,0,0,128,6,134,119,18,137,271
10/24/2000,LAL,FL,ASO,ES,Federal Contract Tower,0,2,52,2,56,0,0,110,2,112,0,2,162,4,168,209,0,209,377
10/25/2000,LAL,FL,ASO,ES,Federal Contract Tower,0,2,68,4,74,0,0,145,5,150,0,2,213,9,224,215,23,238,462
10/26/2000,LAL,FL,ASO,ES,Federal Contract Tower,0,2,64,3,69,0,0,118,11,129,0,2,182,14,198,153,37,190,388
10/27/2000,LAL,FL,ASO,ES,Federal Contract Tower,0,1,47,3,51,0,7,241,7,255,0,8,288,10,306,193,18,211,517
10/28/2000,LAL,FL,ASO,ES,Federal Contract Tower,0,1,41,2,44,0,29,235,4,268,0,30,276,6,312,212,6,218,530
10/29/2000,LAL,FL,ASO,ES,Federal Contract Tower,0,2,51,2,55,0,33,189,11,233,0,35,240,13,288,74,6,80,368
10/30/2000,LAL,FL,ASO,ES,Federal Contract Tower,0,1,39,2,42,0,4,105,4,113,0,5,144,6,155,190,12,202,357
10/31/2000,LAL,FL,ASO,ES,Federal Contract Tower,0,1,36,2,39,0,0,194,2,196,0,1,230,4,235,253,4,257,492
11/01/2000,LAL,FL,ASO,ES,Federal Contract Tower,0,3,59,0,62,0,2,176,0,178,0,5,235,0,240,251,0,251,491
11/02/2000,LAL,FL,ASO,ES,Federal Contract Tower,0,0,51,1,52,0,0,250,0,250,0,0,301,1,302,258,0,258,560
11/03/2000,LAL,FL,ASO,ES,Federal Contract Tower,0,2,39,1,42,0,0,154,3,157,0,2,193,4,199,249,6,255,454
11/04/2000,LAL,FL,ASO,ES,Federal Contract Tower,0,0,22,0,22,0,0,334,1,335,0,0,356,1,357,732,2,734,1091
11/05/2000,LAL,FL,ASO,ES,Federal Contract Tower,0,1,33,1,35,0,0,81,4,85,0,1,114,5,120,87,4,91,211
11/06/2000,LAL,FL,ASO,ES,Federal Contract Tower,0,4,74,2,80,0,1,91,1,93,0,5,165,3,173,96,4,100,273
11/07/2000,LAL,FL,ASO,ES,Federal Contract Tower,0,1,55,1,57,0,0,171,0,171,0,1,226,1,228,308,2,310,538
11/08/2000,LAL,FL,ASO,ES,Federal Contract Tower,0,1,41,2,44,0,4,185,2,191,0,5,226,4,235,192,6,198,433
11/09/2000,LAL,FL,ASO,ES,Federal Contract Tower,0,1,30,2,33,0,4,146,4,154,0,5,176,6,187,337,18,355,542
11/10/2000,LAL,FL,ASO,ES,Federal Contract Tower,0,0,49,2,51,0,0,134,4,138,0,0,183,6,189,224,4,228,417
11/11/2000,LAL,FL,ASO,ES,Federal Contract Tower,0,0,24,1,25,0,2,227,4,233,0,2,251,5,258,114,8,122,380
11/12/2000,LAL,FL,ASO,ES,Federal Contract Tower,0,0,27,1,28,0,2,153,1,156,0,2,180,2,184,99,0,99,283
11/13/2000,LAL,FL,ASO,ES,Federal Contract Tower,0,0,42,0,42,0,0,196,0,196,0,0,238,0,238,239,0,239,477
11/14/2000,LAL,FL,ASO,ES,Federal Contract Tower,0,3,59,0,62,0,0,107,0,107,0,3,166,0,169,278,13,291,460
11/15/2000,LAL,FL,ASO,ES,Federal Contract Tower,0,2,45,2,49,0,1,184,1,186,0,3,229,3,235,361,10,371,606
11/16/2000,LAL,FL,ASO,ES,Federal Contract Tower,0,0,30,1,31,0,7,192,8,207,0,7,222,9,238,158,24,182,420
11/17/2000,LAL,FL,ASO,ES,Federal Contract Tower,0,0,42,2,44,0,0,136,0,136,0,0,178,2,180,159,0,159,339
11/18/2000,LAL,FL,ASO,ES,Federal Contract Tower,0,1,44,2,47,0,5,215,1,221,0,6,259,3,268,138,8,146,414
11/19/2000,LAL,FL,ASO,ES,Federal Contract Tower,0,0,27,0,27,0,0,111,0,111,0,0,138,0,138,85,0,85,223
11/20/2000,LAL,FL,ASO,ES,Federal Contract Tower,0,3,83,2,88,0,0,99,0,99,0,3,182,2,187,198,0,198,385
11/21/2000,LAL,FL,ASO,ES,Federal Contract Tower,0,1,43,0,44,0,5,194,0,199,0,6,237,0,243,142,0,142,385
11/22/2000,LAL,FL,ASO,ES,Federal Contract Tower,0,0,24,1,25,0,4,230,1,235,0,4,254,2,260,266,8,274,534
11/23/2000,LAL,FL,ASO,ES,Federal Contract Tower,0,0,2,0,2,0,0,97,0,97,0,0,99,0,99,42,0,42,141
11/24/2000,LAL,FL,ASO,ES,Federal Contract Tower,0,0,11,0,11,0,0,135,0,135,0,0,146,0,146,54,0,54,200
11/25/2000,LAL,FL,ASO,ES,Federal Contract Tower,0,0,31,0,31,0,0,27,1,28,0,0,58,1,59,55,0,55,114
11/26/2000,LAL,FL,ASO,ES,Federal Contract Tower,0,2,60,0,62,0,2,0,0,2,0,4,60,0,64,37,0,37,101
11/27/2000,LAL,FL,ASO,ES,Federal Contract Tower,0,0,50,0,50,0,0,157,0,157,0,0,207,0,207,296,0,296,503
11/28/2000,LAL,FL,ASO,ES,Federal Contract Tower,0,0,36,1,37,0,0,199,0,199,0,0,235,1,236,399,2,401,637
11/29/2000,LAL,FL,ASO,ES,Federal Contract Tower,0,1,42,1,44,0,1,173,7,181,0,2,215,8,225,168,24,192,417
11/30/2000,LAL,FL,ASO,ES,Federal Contract Tower,0,1,45,1,47,0,0,188,3,191,0,1,233,4,238,256,9,265,503
12/01/2000,LAL,FL,ASO,ES,Federal Contract Tower,0,2,62,1,65,0,4,210,0,214,0,6,272,1,279,155,21,176,455
12/02/2000,LAL,FL,ASO,ES,Federal Contract Tower,0,2,52,0,54,0,3,284,0,287,0,5,336,0,341,125,0,125,466
12/03/2000,LAL,FL,ASO,ES,Federal Contract Tower,0,2,53,2,57,0,0,23,2,25,0,2,76,4,82,28,2,30,112
12/04/2000,LAL,FL,ASO,ES,Federal Contract Tower,0,1,46,2,49,0,0,183,5,188,0,1,229,7,237,221,30,251,488
12/05/2000,LAL,FL,ASO,ES,Federal Contract Tower,0,3,52,2,57,0,1,164,5,170,0,4,216,7,227,320,23,343,570
12/06/2000,LAL,FL,ASO,ES,Federal Contract Tower,0,3,52,2,57,0,0,183,13,196,0,3,235,15,253,232,19,251,504
12/07/2000,LAL,FL,ASO,ES,Federal Contract Tower,0,3,52,2,57,0,1,202,1,204,0,4,254,3,261,263,2,265,526
12/08/2000,LAL,FL,ASO,ES,Federal Contract Tower,0,3,53,2,58,0,4,185,3,192,0,7,238,5,250,157,16,173,423
12/09/2000,LAL,FL,ASO,ES,Federal Contract Tower,0,2,50,2,54,0,0,189,7,196,0,2,239,9,250,130,10,140,390
12/10/2000,LAL,FL,ASO,ES,Federal Contract Tower,0,1,45,0,46,0,0,162,0,162,0,1,207,0,208,134,0,134,342
12/11/2000,LAL,FL,ASO,ES,Federal Contract Tower,0,6,107,0,113,0,1,58,0,59,0,7,165,0,172,105,0,105,277
12/12/2000,LAL,FL,ASO,ES,Federal Contract Tower,0,0,69,0,69,0,0,72,0,72,0,0,141,0,141,94,0,94,235
12/13/2000,LAL,FL,ASO,ES,Federal Contract Tower,0,5,79,3,87,0,6,96,6,108,0,11,175,9,195,108,12,120,315
12/14/2000,LAL,FL,ASO,ES,Federal Contract Tower,0,4,76,3,83,0,0,193,5,198,0,4,269,8,281,233,44,277,558
12/15/2000,LAL,FL,ASO,ES,Federal Contract Tower,0,1,54,3,58,0,0,123,7,130,0,1,177,10,188,153,23,176,364
12/16/2000,LAL,FL,ASO,ES,Federal Contract Tower,0,0,22,1,23,0,0,158,3,161,0,0,180,4,184,86,2,88,272
12/17/2000,LAL,FL,ASO,ES,Federal Contract Tower,0,1,31,1,33,0,1,33,0,34,0,2,64,1,67,60,0,60,127
12/18/2000,LAL,FL,ASO,ES,Federal Contract Tower,0,2,39,2,43,0,4,176,4,184,0,6,215,6,227,210,8,218,445
12/19/2000,LAL,FL,ASO,ES,Federal Contract Tower,0,3,51,2,56,0,1,42,0,43,0,4,93,2,99,30,0,30,129
12/20/2000,LAL,FL,ASO,ES,Federal Contract Tower,0,3,63,2,68,0,3,184,0,187,0,6,247,2,255,248,4,252,507
12/21/2000,LAL,FL,ASO,ES,Federal Contract Tower,0,1,44,0,45,0,0,148,0,148,0,1,192,0,193,187,0,187,380
12/22/2000,LAL,FL,ASO,ES,Federal Contract Tower,0,1,38,1,40,0,0,121,0,121,0,1,159,1,161,146,0,146,307
12/23/2000,LAL,FL,ASO,ES,Federal Contract Tower,0,1,22,0,23,0,0,114,2,116,0,1,136,2,139,86,4,90,229
12/24/2000,LAL,FL,ASO,ES,Federal Contract Tower,0,1,28,0,29,0,2,43,0,45,0,3,71,0,74,51,0,51,125
12/25/2000,LAL,FL,ASO,ES,Federal Contract Tower,0,0,4,0,4,0,5,26,0,31,0,5,30,0,35,10,0,10,45
12/26/2000,LAL,FL,ASO,ES,Federal Contract Tower,0,2,44,0,46,0,4,135,0,139,0,6,179,0,185,117,0,117,302
12/27/2000,LAL,FL,ASO,ES,Federal Contract Tower,0,1,24,0,25,0,0,202,4,206,0,1,226,4,231,129,5,134,365
12/28/2000,LAL,FL,ASO,ES,Federal Contract Tower,0,0,44,0,44,0,0,1,0,1,0,0,45,0,45,21,0,21,66
12/29/2000,LAL,FL,ASO,ES,Federal Contract Tower,0,1,66,2,69,0,0,58,0,58,0,1,124,2,127,118,2,120,247
12/30/2000,LAL,FL,ASO,ES,Federal Contract Tower,0,1,21,0,22,0,0,153,0,153,0,1,174,0,175,54,0,54,229
12/31/2000,LAL,FL,ASO,ES,Federal Contract Tower,0,0,11,0,11,0,5,104,0,109,0,5,115,0,120,104,0,104,224
01/01/2001,LAL,FL,ASO,ES,Federal Contract Tower,0,0,12,0,12,0,4,162,0,166,0,4,174,0,178,81,0,81,259
01/02/2001,LAL,FL,ASO,ES,Federal Contract Tower,0,4,31,0,35,0,2,144,0,146,0,6,175,0,181,225,0,225,406
01/03/2001,LAL,FL,ASO,ES,Federal Contract Tower,0,3,26,0,29,0,0,156,0,156,0,3,182,0,185,128,0,128,313
01/04/2001,LAL,FL,ASO,ES,Federal Contract Tower,0,4,39,3,46,0,2,146,4,152,0,6,185,7,198,189,55,244,442
01/05/2001,LAL,FL,ASO,ES,Federal Contract Tower,0,2,25,3,30,0,4,239,0,243,0,6,264,3,273,151,0,151,424
01/06/2001,LAL,FL,ASO,ES,Federal Contract Tower,0,0,23,2,25,0,0,239,2,241,0,0,262,4,266,156,6,162,428
01/07/2001,LAL,FL,ASO,ES,Federal Contract Tower,0,2,20,1,23,0,1,224,3,228,0,3,244,4,251,170,2,172,423
01/08/2001,LAL,FL,ASO,ES,Federal Contract Tower,0,0,36,0,36,0,0,48,0,48,0,0,84,0,84,29,0,29,113
01/09/2001,LAL,FL,ASO,ES,Federal Contract Tower,0,1,22,2,25,0,0,193,2,195,0,1,215,4,220,123,18,141,361
01/10/2001,LAL,FL,ASO,ES,Federal Contract Tower,0,4,42,2,48,0,9,226,3,238,0,13,268,5,286,216,8,224,510
01/11/2001,LAL,FL,ASO,ES,Federal Contract Tower,0,6,69,4,79,0,13,212,3,228,0,19,281,7,307,282,18,300,607
01/12/2001,LAL,FL,ASO,ES,Federal Contract Tower,0,3,76,4,83,0,0,173,0,173,0,3,249,4,256,256,0,256,512
01/13/2001,LAL,FL,ASO,ES,Federal Contract Tower,0,3,83,0,86,0,0,125,0,125,0,3,208,0,211,188,0,188,399
01/14/2001,LAL,FL,ASO,ES,Federal Contract Tower,0,2,25,0,27,0,0,197,0,197,0,2,222,0,224,173,0,173,397
01/15/2001,LAL,FL,ASO,ES,Federal Contract Tower,0,3,42,1,46,0,0,226,1,227,0,3,268,2,273,344,0,344,617
01/16/2001,LAL,FL,ASO,ES,Federal Contract Tower,0,0,52,2,54,0,0,238,2,240,0,0,290,4,294,280,6,286,580
01/17/2001,LAL,FL,ASO,ES,Federal Contract Tower,0,3,46,2,51,0,3,211,3,217,0,6,257,5,268,282,36,318,586
01/18/2001,LAL,FL,ASO,ES,Federal Contract Tower,0,4,61,2,67,0,0,197,3,200,0,4,258,5,267,279,11,290,557
01/19/2001,LAL,FL,ASO,ES,Federal Contract Tower,0,5,73,3,81,0,0,54,2,56,0,5,127,5,137,115,0,115,252
01/20/2001,LAL,FL,ASO,ES,Federal Contract Tower,0,2,39,1,42,0,0,14,1,15,0,2,53,2,57,57,4,61,118
01/21/2001,LAL,FL,ASO,ES,Federal Contract Tower,0,0,25,1,26,0,0,250,3,253,0,0,275,4,279,113,30,143,422
01/22/2001,LAL,FL,ASO,ES,Federal Contract Tower,0,4,42,1,47,0,3,175,0,178,0,7,217,1,225,235,0,235,460
01/23/2001,LAL,FL,ASO,ES,Federal Contract Tower,0,2,33,1,36,0,0,176,0,176,0,2,209,1,212,205,0,205,417
01/24/2001,LAL,FL,ASO,ES,Federal Contract Tower,0,2,28,1,31,0,4,180,5,189,0,6,208,6,220,348,10,358,578
01/25/2001,LAL,FL,ASO,ES,Federal Contract Tower,0,4,50,2,56,0,3,190,6,199,0,7,240,8,255,122,30,152,407
01/26/2001,LAL,FL,ASO,ES,Federal Contract Tower,0,3,46,2,51,0,1,182,7,190,0,4,228,9,241,348,8,356,597
01/27/2001,LAL,FL,ASO,ES,Federal Contract Tower,0,1,19,0,20,0,0,253,8,261,0,1,272,8,281,309,14,323,604
01/28/2001,LAL,FL,ASO,ES,Federal Contract Tower,0,5,63,2,70,0,1,94,3,98,0,6,157,5,168,33,11,44,212
01/29/2001,LAL,FL,ASO,ES,Federal Contract Tower,0,2,39,1,42,0,0,177,4,181,0,2,216,5,223,364,5,369,592
01/30/2001,LAL,FL,ASO,ES,Federal Contract Tower,0,2,47,2,51,0,0,56,4,60,0,2,103,6,111,69,2,71,182
01/31/2001,LAL,FL,ASO,ES,Federal Contract Tower,0,5,63,2,70,0,0,95,6,101,0,5,158,8,171,431,14,445,616
02/01/2001,LAL,FL,ASO,ES,Federal Contract Tower,0,2,75,4,81,0,0,110,1,111,0,2,185,5,192,465,2,467,659
02/02/2001,LAL,FL,ASO,ES,Federal Contract Tower,0,2,83,4,89,0,0,14,0,14,0,2,97,4,103,11,4,15,118
02/03/2001,LAL,FL,ASO,ES,Federal Contract Tower,0,0,77,1,78,0,0,77,0,77,0,0,154,1,155,102,2,104,259
02/04/2001,LAL,FL,ASO,ES,Federal Contract Tower,0,2,61,3,66,0,0,5,0,5,0,2,66,3,71,4,0,4,75
02/05/2001,LAL,FL,ASO,ES,Federal Contract Tower,0,2,45,2,49,0,5,271,0,276,0,7,316,2,325,413,0,413,738
02/06/2001,LAL,FL,ASO,ES,Federal Contract Tower,0,2,54,3,59,0,1,299,0,300,0,3,353,3,359,543,36,579,938
02/07/2001,LAL,FL,ASO,ES,Federal Contract Tower,0,3,64,3,70,0,1,298,8,307,0,4,362,11,377,360,18,378,755
02/08/2001,LAL,FL,ASO,ES,Federal Contract Tower,0,3,58,3,64,0,7,304,1,312,0,10,362,4,376,388,32,420,796
02/09/2001,LAL,FL,ASO,ES,Federal Contract Tower,0,1,41,2,44,0,0,340,3,343,0,1,381,5,387,330,21,351,738
02/10/2001,LAL,FL,ASO,ES,Federal Contract Tower,0,2,42,2,46,0,0,328,3,331,0,2,370,5,377,340,18,358,735
02/11/2001,LAL,FL,ASO,ES,Federal Contract Tower,0,1,36,2,39,0,0,217,0,217,0,1,253,2,256,181,2,183,439
02/12/2001,LAL,FL,ASO,ES,Federal Contract Tower,0,3,72,2,77,0,1,215,0,216,0,4,287,2,293,366,0,366,659
02/13/2001,LAL,FL,ASO,ES,Federal Contract Tower,0,2,47,3,52,0,1,173,2,176,0,3,220,5,228,328,10,338,566
02/14/2001,LAL,FL,ASO,ES,Federal Contract Tower,0,1,51,4,56,0,0,248,2,250,0,1,299,6,306,368,28,396,702
02/15/2001,LAL,FL,ASO,ES,Federal Contract Tower,0,2,69,3,74,0,7,254,3,264,0,9,323,6,338,232,8,240,578
02/16/2001,LAL,FL,ASO,ES,Federal Contract Tower,0,1,46,2,49,0,5,275,0,280,0,6,321,2,329,283,2,285,614
02/17/2001,LAL,FL,ASO,ES,Federal Contract Tower,0,1,36,2,39,0,2,225,0,227,0,3,261,2,266,272,6,278,544
02/18/2001,LAL,FL,ASO,ES,Federal Contract Tower,0,2,64,2,68,0,0,38,0,38,0,2,102,2,106,22,4,26,132
02/19/2001,LAL,FL,ASO,ES,Federal Contract Tower,0,1,40,2,43,0,9,238,4,251,0,10,278,6,294,302,12,314,608
02/20/2001,LAL,FL,ASO,ES,Federal Contract Tower,0,1,47,2,50,0,6,309,2,317,0,7,356,4,367,489,6,495,862
02/21/2001,LAL,FL,ASO,ES,Federal Contract Tower,0,1,48,2,51,0,2,227,0,229,0,3,275,2,280,289,2,291,571
02/22/2001,LAL,FL,ASO,ES,Federal Contract Tower,0,1,35,2,38,0,4,241,0,245,0,5,276,2,283,371,3,374,657
02/23/2001,LAL,FL,ASO,ES,Federal Contract Tower,0,2,72,4,78,0,1,180,6,187,0,3,252,10,265,175,3,178,443
02/24/2001,LAL,FL,ASO,ES,Federal Contract Tower,0,0,46,0,46,0,0,229,0,229,0,0,275,0,275,284,0,284,559
02/25/2001,LAL,FL,ASO,ES,Federal Contract Tower,0,1,35,1,37,0,2,210,2,214,0,3,245,3,251,196,26,222,473
02/26/2001,LAL,FL,ASO,ES,Federal Contract Tower,0,1,43,2,46,0,1,277,6,284,0,2,320,8,330,495,21,516,846
02/27/2001,LAL,FL,ASO,ES,Federal Contract Tower,0,0,28,2,30,0,3,270,4,277,0,3,298,6,307,290,20,310,617
02/28/2001,LAL,FL,ASO,ES,Federal Contract Tower,0,1,53,3,57,0,6,256,2,264,0,7,309,5,321,289,12,301,622
03/01/2001,LAL,FL,ASO,ES,Federal Contract Tower,0,2,50,3,55,0,0,247,1,248,0,2,297,4,303,270,3,273,576
03/02/2001,LAL,FL,ASO,ES,Federal Contract Tower,0,1,57,3,61,0,0,231,8,239,0,1,288,11,300,301,5,306,606
03/03/2001,LAL,FL,ASO,ES,Federal Contract Tower,0,3,45,0,48,0,5,196,0,201,0,8,241,0,249,142,0,142,391
03/04/2001,LAL,FL,ASO,ES,Federal Contract Tower,0,0,12,1,13,0,0,5,1,6,0,0,17,2,19,26,0,26,45
03/05/2001,LAL,FL,ASO,ES,Federal Contract Tower,0,2,31,2,35,0,4,122,2,128,0,6,153,4,163,71,10,81,244
03/06/2001,LAL,FL,ASO,ES,Federal Contract Tower,0,2,27,2,31,0,6,123,2,131,0,8,150,4,162,164,8,172,334
03/07/2001,LAL,FL,ASO,ES,Federal Contract Tower,0,3,47,2,52,0,4,274,0,278,0,7,321,2,330,264,4,268,598
03/08/2001,LAL,FL,ASO,ES,Federal Contract Tower,0,0,41,2,43,0,0,375,0,375,0,0,416,2,418,429,4,433,851
03/09/2001,LAL,FL,ASO,ES,Federal Contract Tower,0,1,48,3,52,0,0,260,8,268,0,1,308,11,320,302,8,310,630
03/10/2001,LAL,FL,ASO,ES,Federal Contract Tower,0,2,59,3,64,0,0,191,0,191,0,2,250,3,255,213,2,215,470
03/11/2001,LAL,FL,ASO,ES,Federal Contract Tower,0,3,36,2,41,0,2,227,11,240,0,5,263,13,281,191,10,201,482
03/12/2001,LAL,FL,ASO,ES,Federal Contract Tower,0,4,51,2,57,0,0,224,0,224,0,4,275,2,281,264,8,272,553
03/13/2001,LAL,FL,ASO,ES,Federal Contract Tower,0,2,49,3,54,0,0,18,14,32,0,2,67,17,86,50,0,50,136
03/14/2001,LAL,FL,ASO,ES,Federal Contract Tower,0,0,57,3,60,0,0,238,3,241,0,0,295,6,301,295,2,297,598
03/15/2001,LAL,FL,ASO,ES,Federal Contract Tower,0,2,83,5,90,0,0,89,1,90,0,2,172,6,180,147,7,154,334
03/16/2001,LAL,FL,ASO,ES,Federal Contract Tower,0,0,74,1,75,0,0,98,0,98,0,0,172,1,173,193,0,193,366
03/17/2001,LAL,FL,ASO,ES,Federal Contract Tower,0,2,40,2,44,0,1,299,0,300,0,3,339,2,344,354,0,354,698
03/18/2001,LAL,FL,ASO,ES,Federal Contract Tower,0,2,35,0,37,0,0,135,0,135,0,2,170,0,172,192,0,192,364
03/19/2001,LAL,FL,ASO,ES,Federal Contract Tower,0,3,47,2,52,0,0,7,0,7,0,3,54,2,59,36,0,36,95
03/20/2001,LAL,FL,ASO,ES,Federal Contract Tower,0,5,77,3,85,0,0,166,1,167,0,5,243,4,252,299,4,303,555
03/21/2001,LAL,FL,ASO,ES,Federal Contract Tower,0,5,90,4,99,0,0,178,0,178,0,5,268,4,277,296,4,300,577
03/22/2001,LAL,FL,ASO,ES,Federal Contract Tower,0,3,48,0,51,0,5,297,0,302,0,8,345,0,353,384,0,384,737
03/23/2001,LAL,FL,ASO,ES,Federal Contract Tower,0,3,37,1,41,0,2,285,3,290,0,5,322,4,331,333,2,335,666
03/24/2001,LAL,FL,ASO,ES,Federal Contract Tower,0,2,33,1,36,0,0,379,1,380,0,2,412,2,416,306,4,310,726
03/25/2001,LAL,FL,ASO,ES,Federal Contract Tower,0,1,23,0,24,0,4,249,0,253,0,5,272,0,277,260,0,260,537
03/26/2001,LAL,FL,ASO,ES,Federal Contract Tower,0,5,79,2,86,0,0,186,0,186,0,5,265,2,272,439,0,439,711
03/27/2001,LAL,FL,ASO,ES,Federal Contract Tower,0,4,54,2,60,0,3,293,17,313,0,7,347,19,373,486,41,527,900
03/28/2001,LAL,FL,ASO,ES,Federal Contract Tower,0,4,60,2,66,0,1,310,0,311,0,5,370,2,377,294,0,294,671
03/29/2001,LAL,FL,ASO,ES,Federal Contract Tower,0,2,19,0,21,0,1,24,0,25,0,3,43,0,46,18,0,18,64
03/30/2001,LAL,FL,ASO,ES,Federal Contract Tower,0,3,42,2,47,0,0,144,0,144,0,3,186,2,191,281,0,281,472
03/31/2001,LAL,FL,ASO,ES,Federal Contract Tower,0,3,49,2,54,0,0,19,1,20,0,3,68,3,74,62,0,62,136
04/01/2001,LAL,FL,ASO,ES,Federal Contract Tower,0,2,23,0,25,0,0,221,0,221,0,2,244,0,246,175,0,175,421
04/02/2001,LAL,FL,ASO,ES,Federal Contract Tower,0,2,34,2,38,0,8,266,0,274,0,10,300,2,312,295,0,295,607
04/03/2001,LAL,FL,ASO,ES,Federal Contract Tower,0,2,30,0,32,0,3,297,0,300,0,5,327,0,332,427,0,427,759
04/04/2001,LAL,FL,ASO,ES,Federal Contract Tower,0,2,36,0,38,0,1,298,0,299,0,3,334,0,337,265,0,265,602
04/05/2001,LAL,FL,ASO,ES,Federal Contract Tower,0,2,51,3,56,0,7,443,1,451,0,9,494,4,507,117,2,119,626
04/06/2001,LAL,FL,ASO,ES,Federal Contract Tower,0,0,6,0,6,0,0,1393,0,1393,0,0,1399,0,1399,92,0,92,1491
04/07/2001,LAL,FL,ASO,ES,Federal Contract Tower,0,0,0,0,0,0,0,1939,0,1939,0,0,1939,0,1939,520,0,520,2459
04/08/2001,LAL,FL,ASO,ES,Federal Contract Tower,0,0,0,0,0,0,0,2695,0,2695,0,0,2695,0,2695,4584,0,4584,7279
04/09/2001,LAL,FL,ASO,ES,Federal Contract Tower,0,0,0,0,0,0,0,3709,0,3709,0,0,3709,0,3709,3126,0,3126,6835
04/10/2001,LAL,FL,ASO,ES,Federal Contract Tower,0,0,0,0,0,0,0,4511,0,4511,0,0,4511,0,4511,2473,0,2473,6984
04/11/2001,LAL,FL,ASO,ES,Federal Contract Tower,0,0,0,0,0,0,0,4190,0,4190,0,0,4190,0,4190,2524,0,2524,6714
04/12/2001,LAL,FL,ASO,ES,Federal Contract Tower,0,0,0,0,0,0,0,2085,0,2085,0,0,2085,0,2085,4572,0,4572,6657
04/13/2001,LAL,FL,ASO,ES,Federal Contract Tower,0,0,0,0,0,0,0,2364,0,2364,0,0,2364,0,2364,3733,0,3733,6097
04/14/2001,LAL,FL,ASO,ES,Federal Contract Tower,0,0,12,0,12,0,0,1426,0,1426,0,0,1438,0,1438,1609,0,1609,3047
04/15/2001,LAL,FL,ASO,ES,Federal Contract Tower,0,1,29,2,32,0,0,171,3,174,0,1,200,5,206,25,2,27,233
04/16/2001,LAL,FL,ASO,ES,Federal Contract Tower,0,3,42,2,47,0,2,230,0,232,0,5,272,2,279,150,0,150,429
04/17/2001,LAL,FL,ASO,ES,Federal Contract Tower,0,2,41,2,45,0,5,229,1,235,0,7,270,3,280,255,6,261,541
04/18/2001,LAL,FL,ASO,ES,Federal Contract Tower,0,2,48,2,52,0,0,191,5,196,0,2,239,7,248,227,3,230,478
04/19/2001,LAL,FL,ASO,ES,Federal Contract Tower,0,1,30,1,32,0,9,315,1,325,0,10,345,2,357,270,0,270,627
04/20/2001,LAL,FL,ASO,ES,Federal Contract Tower,0,3,43,0,46,0,0,257,0,257,0,3,300,0,303,329,0,329,632
04/21/2001,LAL,FL,ASO,ES,Federal Contract Tower,0,1,21,0,22,0,0,243,0,243,0,1,264,0,265,241,0,241,506
04/22/2001,LAL,FL,ASO,ES,Federal Contract Tower,0,1,19,2,22,0,0,159,0,159,0,1,178,2,181,143,0,143,324
04/23/2001,LAL,FL,ASO,ES,Federal Contract Tower,0,3,42,1,46,0,0,182,1,183,0,3,224,2,229,304,0,304,533
04/24/2001,LAL,FL,ASO,ES,Federal Contract Tower,0,0,62,0,62,0,0,259,0,259,0,0,321,0,321,413,0,413,734
04/25/2001,LAL,FL,ASO,ES,Federal Contract Tower,0,3,56,2,61,0,0,137,0,137,0,3,193,2,198,364,7,371,569
04/26/2001,LAL,FL,ASO,ES,Federal Contract Tower,0,1,83,3,87,0,0,314,6,320,0,1,397,9,407,408,13,421,828
04/27/2001,LAL,FL,ASO,ES,Federal Contract Tower,0,2,48,2,52,0,0,283,4,287,0,2,331,6,339,345,6,351,690
04/28/2001,LAL,FL,ASO,ES,Federal Contract Tower,0,1,28,0,29,0,3,257,0,260,0,4,285,0,289,266,0,266,555
04/29/2001,LAL,FL,ASO,ES,Federal Contract Tower,0,1,21,1,23,0,2,92,0,94,0,3,113,1,117,92,0,92,209
04/30/2001,LAL,FL,ASO,ES,Federal Contract Tower,0,0,40,1,41,0,0,103,0,103,0,0,143,1,144,171,0,171,315
05/01/2001,LAL,FL,ASO,ES,Federal Contract Tower,0,2,33,1,36,0,0,86,11,97,0,2,119,12,133,141,0,141,274
05/02/2001,LAL,FL,ASO,ES,Federal Contract Tower,0,2,49,0,51,0,0,302,0,302,0,2,351,0,353,411,0,411,764
05/03/2001,LAL,FL,ASO,ES,Federal Contract Tower,0,2,59,0,61,0,0,151,0,151,0,2,210,0,212,242,2,244,456
05/04/2001,LAL,FL,ASO,ES,Federal Contract Tower,0,2,44,2,48,0,1,228,0,229,0,3,272,2,277,329,0,329,606
05/05/2001,LAL,FL,ASO,ES,Federal Contract Tower,0,1,33,0,34,0,0,253,0,253,0,1,286,0,287,278,0,278,565
05/06/2001,LAL,FL,ASO,ES,Federal Contract Tower,0,0,19,1,20,0,5,264,3,272,0,5,283,4,292,194,4,198,490
05/07/2001,LAL,FL,ASO,ES,Federal Contract Tower,0,1,37,2,40,0,1,178,0,179,0,2,215,2,219,214,2,216,435
05/08/2001,LAL,FL,ASO,ES,Federal Contract Tower,0,2,53,2,57,0,0,219,0,219,0,2,272,2,276,315,6,321,597
05/09/2001,LAL,FL,ASO,ES,Federal Contract Tower,0,2,65,3,70,0,6,159,1,166,0,8,224,4,236,402,7,409,645
05/10/2001,LAL,FL,ASO,ES,Federal Contract Tower,0,2,46,2,50,0,5,250,1,256,0,7,296,3,306,366,2,368,674
05/11/2001,LAL,FL,ASO,ES,Federal Contract Tower,0,2,44,2,48,0,1,250,12,263,0,3,294,14,311,261,0,261,572
05/12/2001,LAL,FL,ASO,ES,Federal Contract Tower,0,0,30,0,30,0,0,282,0,282,0,0,312,0,312,288,0,288,600
05/13/2001,LAL,FL,ASO,ES,Federal Contract Tower,0,0,19,1,20,0,2,122,8,132,0,2,141,9,152,62,3,65,217
05/14/2001,LAL,FL,ASO,ES,Federal Contract Tower,0,3,57,1,61,0,1,227,1,229,0,4,284,2,290,447,0,447,737
05/15/2001,LAL,FL,ASO,ES,Federal Contract Tower,0,3,59,0,62,0,3,159,0,162,0,6,218,0,224,397,0,397,621
05/16/2001,LAL,FL,ASO,ES,Federal Contract Tower,0,2,45,0,47,0,4,234,0,238,0,6,279,0,285,369,0,369,654
05/17/2001,LAL,FL,ASO,ES,Federal Contract Tower,0,2,53,1,56,0,7,162,3,172,0,9,215,4,228,342,0,342,570
05/18/2001,LAL,FL,ASO,ES,Federal Contract Tower,0,3,63,1,67,0,6,248,5,259,0,9,311,6,326,248,0,248,574
05/19/2001,LAL,FL,ASO,ES,Federal Contract Tower,0,2,45,1,48,0,2,207,1,210,0,4,252,2,258,216,0,216,474
05/20/2001,LAL,FL,ASO,ES,Federal Contract Tower,0,3,18,3,24,0,5,124,7,136,0,8,142,10,160,87,0,87,247
05/21/2001,LAL,FL,ASO,ES,Federal Contract Tower,0,1,34,1,36,0,4,161,3,168,0,5,195,4,204,139,2,141,345
05/22/2001,LAL,FL,ASO,ES,Federal Contract Tower,0,2,52,1,55,0,2,132,3,137,0,4,184,4,192,224,2,226,418
05/23/2001,LAL,FL,ASO,ES,Federal Contract Tower,0,1,64,2,67,0,0,206,0,206,0,1,270,2,273,221,13,234,507
05/24/2001,LAL,FL,ASO,ES,Federal Contract Tower,0,2,69,2,73,0,2,181,0,183,0,4,250,2,256,248,0,248,504
05/25/2001,LAL,FL,ASO,ES,Federal Contract Tower,0,1,40,0,41,0,4,176,0,180,0,5,216,0,221,204,0,204,425
05/26/2001,LAL,FL,ASO,ES,Federal Contract Tower,0,1,40,0,41,0,3,141,0,144,0,4,181,0,185,79,0,79,264
05/27/2001,LAL,FL,ASO,ES,Federal Contract Tower,0,0,12,0,12,0,0,110,4,114,0,0,122,4,126,92,0,92,218
05/28/2001,LAL,FL,ASO,ES,Federal Contract Tower,0,0,24,0,24,0,1,138,2,141,0,1,162,2,165,92,2,94,259
05/29/2001,LAL,FL,ASO,ES,Federal Contract Tower,0,1,37,1,39,0,1,178,1,180,0,2,215,2,219,213,0,213,432
05/30/2001,LAL,FL,ASO,ES,Federal Contract Tower,0,2,50,0,52,0,3,220,0,223,0,5,270,0,275,247,0,247,522
05/31/2001,LAL,FL,ASO,ES,Federal Contract Tower,0,3,59,1,63,0,9,228,1,238,0,12,287,2,301,298,4,302,603
06/01/2001,LAL,FL,ASO,ES,Federal Contract Tower,0,3,29,1,33,0,2,118,1,121,0,5,147,2,154,142,2,144,298
06/02/2001,LAL,FL,ASO,ES,Federal Contract Tower,0,0,22,0,22,0,0,202,0,202,0,0,224,0,224,222,0,222,446
06/03/2001,LAL,FL,ASO,ES,Federal Contract Tower,0,4,33,0,37,0,0,136,0,136,0,4,169,0,173,118,0,118,291
06/04/2001,LAL,FL,ASO,ES,Federal Contract Tower,0,6,43,0,49,0,0,164,1,165,0,6,207,1,214,189,0,189,403
06/05/2001,LAL,FL,ASO,ES,Federal Contract Tower,0,1,30,4,35,0,0,195,1,196,0,1,225,5,231,219,2,221,452
06/06/2001,LAL,FL,ASO,ES,Federal Contract Tower,0,0,44,0,44,0,3,209,0,212,0,3,253,0,256,222,0,222,478
06/07/2001,LAL,FL,ASO,ES,Federal Contract Tower,0,7,47,1,55,0,3,180,3,186,0,10,227,4,241,291,24,315,556
06/08/2001,LAL,FL,ASO,ES,Federal Contract Tower,0,2,45,5,52,0,1,199,2,202,0,3,244,7,254,268,0,268,522
06/09/2001,LAL,FL,ASO,ES,Federal Contract Tower,0,0,30,0,30,0,0,198,0,198,0,0,228,0,228,170,0,170,398
06/10/2001,LAL,FL,ASO,ES,Federal Contract Tower,0,2,20,1,23,0,0,126,1,127,0,2,146,2,150,60,0,60,210
06/11/2001,LAL,FL,ASO,ES,Federal Contract Tower,0,4,34,0,38,0,3,181,0,184,0,7,215,0,222,233,0,233,455
06/12/2001,LAL,FL,ASO,ES,Federal Contract Tower,0,3,70,2,75,0,0,182,0,182,0,3,252,2,257,317,14,331,588
06/13/2001,LAL,FL,ASO,ES,Federal Contract Tower,0,7,60,4,71,0,0,225,6,231,0,7,285,10,302,310,10,320,622
06/14/2001,LAL,FL,ASO,ES,Federal Contract Tower,0,7,47,7,61,0,1,182,0,183,0,8,229,7,244,285,34,319,563
06/15/2001,LAL,FL,ASO,ES,Federal Contract Tower,0,0,34,0,34,0,2,233,2,237,0,2,267,2,271,241,0,241,512
06/16/2001,LAL,FL,ASO,ES,Federal Contract Tower,0,0,30,0,30,0,4,218,0,222,0,4,248,0,252,224,0,224,476
06/17/2001,LAL,FL,ASO,ES,Federal Contract Tower,0,3,18,0,21,0,4,124,0,128,0,7,142,0,149,61,0,61,210
06/18/2001,LAL,FL,ASO,ES,Federal Contract Tower,0,2,40,6,48,0,4,176,0,180,0,6,216,6,228,197,10,207,435
06/19/2001,LAL,FL,ASO,ES,Federal Contract Tower,0,8,42,4,54,0,3,226,2,231,0,11,268,6,285,345,4,349,634
06/20/2001,LAL,FL,ASO,ES,Federal Contract Tower,0,4,62,1,67,0,3,220,0,223,0,7,282,1,290,353,0,353,643
06/21/2001,LAL,FL,ASO,ES,Federal Contract Tower,0,4,44,2,50,0,0,220,0,220,0,4,264,2,270,212,0,212,482
06/22/2001,LAL,FL,ASO,ES,Federal Contract Tower,0,5,66,0,71,0,0,144,0,144,0,5,210,0,215,284,0,284,499
06/23/2001,LAL,FL,ASO,ES,Federal Contract Tower,0,0,31,0,31,0,0,34,0,34,0,0,65,0,65,66,0,66,131
06/24/2001,LAL,FL,ASO,ES,Federal Contract Tower,0,2,12,0,14,0,0,73,0,73,0,2,85,0,87,64,0,64,151
06/25/2001,LAL,FL,ASO,ES,Federal Contract Tower,0,2,52,2,56,0,3,234,0,237,0,5,286,2,293,256,3,259,552
06/26/2001,LAL,FL,ASO,ES,Federal Contract Tower,0,0,43,0,43,0,4,264,0,268,0,4,307,0,311,379,0,379,690
06/27/2001,LAL,FL,ASO,ES,Federal Contract Tower,0,2,51,0,53,0,1,188,0,189,0,3,239,0,242,266,0,266,508
06/28/2001,LAL,FL,ASO,ES,Federal Contract Tower,0,0,100,0,100,0,3,186,0,189,0,3,286,0,289,287,0,287,576
06/29/2001,LAL,FL,ASO,ES,Federal Contract Tower,0,5,112,2,119,0,2,182,0,184,0,7,294,2,303,349,0,349,652
06/30/2001,LAL,FL,ASO,ES,Federal Contract Tower,0,0,50,0,50,0,0,160,1,161,0,0,210,1,211,207,0,207,418
07/01/2001,LAL,FL,ASO,ES,Federal Contract Tower,0,1,39,0,40,0,0,121,0,121,0,1,160,0,161,130,0,130,291
07/02/2001,LAL,FL,ASO,ES,Federal Contract Tower,0,2,36,0,38,0,4,192,0,196,0,6,228,0,234,342,0,342,576
07/03/2001,LAL,FL,ASO,ES,Federal Contract Tower,0,1,40,0,41,0,6,178,0,184,0,7,218,0,225,225,6,231,456
07/04/2001,LAL,FL,ASO,ES,Federal Contract Tower,0,1,11,0,12,0,0,115,0,115,0,1,126,0,127,105,0,105,232
07/05/2001,LAL,FL,ASO,ES,Federal Contract Tower,0,2,50,0,52,0,2,130,0,132,0,4,180,0,184,184,0,184,368
07/06/2001,LAL,FL,ASO,ES,Federal Contract Tower,0,1,29,0,30,0,0,157,0,157,0,1,186,0,187,243,0,243,430
07/07/2001,LAL,FL,ASO,ES,Federal Contract Tower,0,0,45,0,45,0,4,178,2,184,0,4,223,2,229,145,0,145,374
07/08/2001,LAL,FL,ASO,ES,Federal Contract Tower,0,0,36,0,36,0,1,143,0,144,0,1,179,0,180,153,0,153,333
07/09/2001,LAL,FL,ASO,ES,Federal Contract Tower,0,0,47,2,49,0,0,93,0,93,0,0,140,2,142,311,0,311,453
07/10/2001,LAL,FL,ASO,ES,Federal Contract Tower,0,3,41,0,44,0,0,144,0,144,0,3,185,0,188,208,0,208,396
07/11/2001,LAL,FL,ASO,ES,Federal Contract Tower,0,6,76,2,84,0,0,76,0,76,0,6,152,2,160,193,10,203,363
07/12/2001,LAL,FL,ASO,ES,Federal Contract Tower,0,2,58,5,65,0,0,158,1,159,0,2,216,6,224,222,6,228,452
07/13/2001,LAL,FL,ASO,ES,Federal Contract Tower,0,0,37,2,39,0,0,108,0,108,0,0,145,2,147,206,2,208,355
07/14/2001,LAL,FL,ASO,ES,Federal Contract Tower,0,1,29,0,30,0,0,44,0,44,0,1,73,0,74,48,0,48,122
07/15/2001,LAL,FL,ASO,ES,Federal Contract Tower,0,3,47,0,50,0,1,133,6,140,0,4,180,6,190,159,4,163,353
07/16/2001,LAL,FL,ASO,ES,Federal Contract Tower,0,7,34,0,41,0,0,222,0,222,0,7,256,0,263,331,0,331,594
07/17/2001,LAL,FL,ASO,ES,Federal Contract Tower,0,3,54,0,57,0,2,160,2,164,0,5,214,2,221,213,0,213,434
07/18/2001,LAL,FL,ASO,ES,Federal Contract Tower,0,4,75,0,79,0,1,192,4,197,0,5,267,4,276,336,0,336,612
07/19/2001,LAL,FL,ASO,ES,Federal Contract Tower,0,13,80,0,93,0,1,187,6,194,0,14,267,6,287,313,6,319,606
07/20/2001,LAL,FL,ASO,ES,Federal Contract Tower,0,3,58,0,61,0,6,135,0,141,0,9,193,0,202,132,0,132,334
07/21/2001,LAL,FL,ASO,ES,Federal Contract Tower,0,2,23,1,26,0,2,72,5,79,0,4,95,6,105,94,0,94,199
07/22/2001,LAL,FL,ASO,ES,Federal Contract Tower,0,0,52,0,52,0,2,43,0,45,0,2,95,0,97,90,0,90,187
07/23/2001,LAL,FL,ASO,ES,Federal Contract Tower,0,1,59,0,60,0,2,3,0,5,0,3,62,0,65,77,0,77,142
07/24/2001,LAL,FL,ASO,ES,Federal Contract Tower,0,3,58,0,61,0,4,130,7,141,0,7,188,7,202,339,0,339,541
07/25/2001,LAL,FL,ASO,ES,Federal Contract Tower,0,3,68,2,73,0,1,187,14,202,0,4,255,16,275,322,6,328,603
07/26/2001,LAL,FL,ASO,ES,Federal Contract Tower,0,4,61,12,77,0,0,217,8,225,0,4,278,20,302,242,14,256,558
07/27/2001,LAL,FL,ASO,ES,Federal Contract Tower,0,0,47,4,51,0,0,178,0,178,0,0,225,4,229,299,0,299,528
07/28/2001,LAL,FL,ASO,ES,Federal Contract Tower,0,0,12,0,12,0,0,193,0,193,0,0,205,0,205,261,0,261,466
07/29/2001,LAL,FL,ASO,ES,Federal Contract Tower,0,6,24,2,32,0,2,195,0,197,0,8,219,2,229,148,0,148,377
07/30/2001,LAL,FL,ASO,ES,Federal Contract Tower,0,1,27,2,30,0,1,187,0,188,0,2,214,2,218,345,3,348,566
07/31/2001,LAL,FL,ASO,ES,Federal Contract Tower,0,3,54,0,57,0,0,86,1,87,0,3,140,1,144,333,0,333,477
08/01/2001,LAL,FL,ASO,ES,Federal Contract Tower,0,4,86,4,94,0,0,121,0,121,0,4,207,4,215,270,19,289,504
08/02/2001,LAL,FL,ASO,ES,Federal Contract Tower,0,0,92,0,92,0,0,16,0,16,0,0,108,0,108,122,0,122,230
08/03/2001,LAL,FL,ASO,ES,Federal Contract Tower,0,0,86,3,89,0,0,18,2,20,0,0,104,5,109,176,2,178,287
08/04/2001,LAL,FL,ASO,ES,Federal Contract Tower,0,1,64,1,66,0,1,65,0,66,0,2,129,1,132,268,0,268,400
08/05/2001,LAL,FL,ASO,ES,Federal Contract Tower,0,1,33,0,34,0,0,123,0,123,0,1,156,0,157,157,0,157,314
08/06/2001,LAL,FL,ASO,ES,Federal Contract Tower,0,3,36,2,41,0,1,177,0,178,0,4,213,2,219,181,8,189,408
08/07/2001,LAL,FL,ASO,ES,Federal Contract Tower,0,0,58,0,58,0,1,182,2,185,0,1,240,2,243,404,0,404,647
08/08/2001,LAL,FL,ASO,ES,Federal Contract Tower,0,0,41,6,47,0,0,223,0,223,0,0,264,6,270,501,12,513,783
08/09/2001,LAL,FL,ASO,ES,Federal Contract Tower,0,0,37,2,39,0,0,152,0,152,0,0,189,2,191,195,4,199,390
08/10/2001,LAL,FL,ASO,ES,Federal Contract Tower,0,1,65,1,67,0,3,153,4,160,0,4,218,5,227,214,11,225,452
08/11/2001,LAL,FL,ASO,ES,Federal Contract Tower,0,4,40,0,44,0,0,365,0,365,0,4,405,0,409,97,0,97,506
08/12/2001,LAL,FL,ASO,ES,Federal Contract Tower,0,0,33,0,33,0,2,194,0,196,0,2,227,0,229,239,0,239,468
08/13/2001,LAL,FL,ASO,ES,Federal Contract Tower,0,2,47,5,54,0,0,157,5,162,0,2,204,10,216,307,44,351,567
08/14/2001,LAL,FL,ASO,ES,Federal Contract Tower,0,4,66,9,79,0,2,224,0,226,0,6,290,9,305,340,36,376,681
08/15/2001,LAL,FL,ASO,ES,Federal Contract Tower,0,4,68,10,82,0,2,121,0,123,0,6,189,10,205,259,22,281,486
08/16/2001,LAL,FL,ASO,ES,Federal Contract Tower,0,6,42,2,50,0,4,118,2,124,0,10,160,4,174,113,0,113,287
08/17/2001,LAL,FL,ASO,ES,Federal Contract Tower,0,2,51,0,53,0,1,170,0,171,0,3,221,0,224,181,0,181,405
08/18/2001,LAL,FL,ASO,ES,Federal Contract Tower,0,0,46,0,46,0,0,221,6,227,0,0,267,6,273,177,41,218,491
08/19/2001,LAL,FL,ASO,ES,Federal Contract Tower,0,2,21,1,24,0,0,188,1,189,0,2,209,2,213,137,8,145,358
08/20/2001,LAL,FL,ASO,ES,Federal Contract Tower,0,3,46,5,54,0,0,228,0,228,0,3,274,5,282,261,28,289,571
08/21/2001,LAL,FL,ASO,ES,Federal Contract Tower,0,0,33,1,34,0,4,186,1,191,0,4,219,2,225,275,5,280,505
08/22/2001,LAL,FL,ASO,ES,Federal Contract Tower,0,3,68,2,73,0,1,264,3,268,0,4,332,5,341,331,8,339,680
08/23/2001,LAL,FL,ASO,ES,Federal Contract Tower,0,7,79,4,90,0,0,191,0,191,0,7,270,4,281,348,9,357,638
08/24/2001,LAL,FL,ASO,ES,Federal Contract Tower,0,3,79,0,82,0,0,184,4,188,0,3,263,4,270,257,0,257,527
08/25/2001,LAL,FL,ASO,ES,Federal Contract Tower,0,2,11,0,13,0,0,260,0,260,0,2,271,0,273,129,0,129,402
08/26/2001,LAL,FL,ASO,ES,Federal Contract Tower,0,3,26,0,29,0,0,187,0,187,0,3,213,0,216,214,0,214,430
08/27/2001,LAL,FL,ASO,ES,Federal Contract Tower,0,3,43,6,52,0,0,227,9,236,0,3,270,15,288,360,5,365,653
08/28/2001,LAL,FL,ASO,ES,Federal Contract Tower,0,0,30,0,30,0,0,187,2,189,0,0,217,2,219,302,0,302,521
08/29/2001,LAL,FL,ASO,ES,Federal Contract Tower,0,2,66,2,70,0,0,236,0,236,0,2,302,2,306,339,7,346,652
08/30/2001,LAL,FL,ASO,ES,Federal Contract Tower,0,5,50,4,59,0,1,156,0,157,0,6,206,4,216,257,0,257,473
08/31/2001,LAL,FL,ASO,ES,Federal Contract Tower,0,1,43,2,46,0,0,201,0,201,0,1,244,2,247,178,2,180,427
09/01/2001,LAL,FL,ASO,ES,Federal Contract Tower,0,0,59,0,59,0,0,156,0,156,0,0,215,0,215,139,0,139,354
09/02/2001,LAL,FL,ASO,ES,Federal Contract Tower,0,0,14,0,14,0,0,108,0,108,0,0,122,0,122,35,0,35,157
09/03/2001,LAL,FL,ASO,ES,Federal Contract Tower,0,3,21,0,24,0,1,182,0,183,0,4,203,0,207,76,0,76,283
09/04/2001,LAL,FL,ASO,ES,Federal Contract Tower,0,3,43,0,46,0,3,158,0,161,0,6,201,0,207,187,0,187,394
09/05/2001,LAL,FL,ASO,ES,Federal Contract Tower,0,7,51,1,59,0,0,156,0,156,0,7,207,1,215,146,0,146,361
09/06/2001,LAL,FL,ASO,ES,Federal Contract Tower,0,4,56,4,64,0,2,95,0,97,0,6,151,4,161,206,4,210,371
09/07/2001,LAL,FL,ASO,ES,Federal Contract Tower,0,0,67,3,70,0,0,70,1,71,0,0,137,4,141,151,0,151,292
09/08/2001,LAL,FL,ASO,ES,Federal Contract Tower,0,1,34,0,35,0,0,151,0,151,0,1,185,0,186,169,0,169,355
09/09/2001,LAL,FL,ASO,ES,Federal Contract Tower,0,1,36,0,37,0,0,53,0,53,0,1,89,0,90,100,0,100,190
09/10/2001,LAL,FL,ASO,ES,Federal Contract Tower,0,0,76,4,80,0,0,75,0,75,0,0,151,4,155,230,20,250,405
09/11/2001,LAL,FL,ASO,ES,Federal Contract Tower,0,0,25,4,29,0,0,8,0,8,0,0,33,4,37,28,4,32,69
09/12/2001,LAL,FL,ASO,ES,Federal Contract Tower,0,0,0,0,0,0,0,0,0,0,0,0,0,0,0,2,0,2,2
09/13/2001,LAL,FL,ASO,ES,Federal Contract Tower,0,0,4,0,4,0,0,0,0,0,0,0,4,0,4,0,0,0,4
09/14/2001,LAL,FL,ASO,ES,Federal Contract Tower,0,0,3,0,3,0,0,0,0,0,0,0,3,0,3,0,0,0,3
09/15/2001,LAL,FL,ASO,ES,Federal Contract Tower,0,2,18,2,22,0,0,0,0,0,0,2,18,2,22,0,6,6,28
09/16/2001,LAL,FL,ASO,ES,Federal Contract Tower,0,1,53,2,56,0,4,0,0,4,0,5,53,2,60,23,0,23,83
09/17/2001,LAL,FL,ASO,ES,Federal Contract Tower,0,4,119,0,123,0,0,0,0,0,0,4,119,0,123,92,0,92,215
09/18/2001,LAL,FL,ASO,ES,Federal Contract Tower,0,4,120,2,126,0,0,0,0,0,0,4,120,2,126,98,6,104,230
09/19/2001,LAL,FL,ASO,ES,Federal Contract Tower,0,5,171,2,178,0,0,0,0,0,0,5,171,2,178,45,0,45,223
09/20/2001,LAL,FL,ASO,ES,Federal Contract Tower,0,0,149,6,155,0,0,1,0,1,0,0,150,6,156,99,2,101,257
09/21/2001,LAL,FL,ASO,ES,Federal Contract Tower,0,3,125,24,152,0,0,19,0,19,0,3,144,24,171,84,8,92,263
09/22/2001,LAL,FL,ASO,ES,Federal Contract Tower,0,3,51,0,54,0,4,46,0,50,0,7,97,0,104,55,0,55,159
09/23/2001,LAL,FL,ASO,ES,Federal Contract Tower,0,1,63,24,88,0,0,72,2,74,0,1,135,26,162,72,2,74,236
09/24/2001,LAL,FL,ASO,ES,Federal Contract Tower,0,9,74,0,83,0,0,69,0,69,0,9,143,0,152,227,0,227,379
09/25/2001,LAL,FL,ASO,ES,Federal Contract Tower,0,7,114,1,122,0,0,114,0,114,0,7,228,1,236,423,0,423,659
09/26/2001,LAL,FL,ASO,ES,Federal Contract Tower,0,9,145,1,155,0,1,64,0,65,0,10,209,1,220,368,0,368,588
09/27/2001,LAL,FL,ASO,ES,Federal Contract Tower,0,1,97,0,98,0,0,6,0,6,0,1,103,0,104,108,0,108,212
09/28/2001,LAL,FL,ASO,ES,Federal Contract Tower,0,2,90,2,94,0,0,44,0,44,0,2,134,2,138,182,0,182,320
09/29/2001,LAL,FL,ASO,ES,Federal Contract Tower,0,0,84,0,84,0,0,17,0,17,0,0,101,0,101,135,0,135,236
09/30/2001,LAL,FL,ASO,ES,Federal Contract Tower,0,2,81,0,83,0,1,70,0,71,0,3,151,0,154,70,0,70,224
10/01/2001,LAL,FL,ASO,ES,Federal Contract Tower,0,1,55,1,57,0,0,142,5,147,0,1,197,6,204,220,7,227,431
10/02/2001,LAL,FL,ASO,ES,Federal Contract Tower,0,4,82,2,88,0,3,195,0,198,0,7,277,2,286,453,8,461,747
10/03/2001,LAL,FL,ASO,ES,Federal Contract Tower,0,2,121,0,123,0,0,201,0,201,0,2,322,0,324,388,0,388,712
10/04/2001,LAL,FL,ASO,ES,Federal Contract Tower,0,3,90,6,99,0,0,167,0,167,0,3,257,6,266,411,1,412,678
10/05/2001,LAL,FL,ASO,ES,Federal Contract Tower,0,0,82,6,88,0,0,175,0,175,0,0,257,6,263,306,0,306,569
10/06/2001,LAL,FL,ASO,ES,Federal Contract Tower,0,0,83,0,83,0,0,112,0,112,0,0,195,0,195,276,0,276,471
10/07/2001,LAL,FL,ASO,ES,Federal Contract Tower,0,0,55,2,57,0,0,31,0,31,0,0,86,2,88,82,2,84,172
10/08/2001,LAL,FL,ASO,ES,Federal Contract Tower,0,0,71,3,74,0,0,103,0,103,0,0,174,3,177,206,8,214,391
10/09/2001,LAL,FL,ASO,ES,Federal Contract Tower,0,4,65,2,71,0,0,86,2,88,0,4,151,4,159,185,10,195,354
10/10/2001,LAL,FL,ASO,ES,Federal Contract Tower,0,11,82,2,95,0,1,124,1,126,0,12,206,3,221,264,3,267,488
10/11/2001,LAL,FL,ASO,ES,Federal Contract Tower,0,3,87,6,96,0,0,161,0,161,0,3,248,6,257,336,2,338,595
10/12/2001,LAL,FL,ASO,ES,Federal Contract Tower,0,4,72,7,83,0,0,170,1,171,0,4,242,8,254,393,6,399,653
10/13/2001,LAL,FL,ASO,ES,Federal Contract Tower,0,1,55,0,56,0,0,169,0,169,0,1,224,0,225,184,0,184,409
10/14/2001,LAL,FL,ASO,ES,Federal Contract Tower,0,3,45,0,48,0,2,57,0,59,0,5,102,0,107,87,0,87,194
10/15/2001,LAL,FL,ASO,ES,Federal Contract Tower,0,7,71,2,80,0,0,135,0,135,0,7,206,2,215,318,44,362,577
10/16/2001,LAL,FL,ASO,ES,Federal Contract Tower,0,4,59,7,70,0,0,161,2,163,0,4,220,9,233,456,14,470,703
10/17/2001,LAL,FL,ASO,ES,Federal Contract Tower,0,9,38,5,52,0,0,211,0,211,0,9,249,5,263,352,2,354,617
10/18/2001,LAL,FL,ASO,ES,Federal Contract Tower,0,12,51,2,65,0,0,167,1,168,0,12,218,3,233,325,4,329,562
10/19/2001,LAL,FL,ASO,ES,Federal Contract Tower,0,6,28,4,38,0,1,153,0,154,0,7,181,4,192,406,2,408,600
10/20/2001,LAL,FL,ASO,ES,Federal Contract Tower,0,3,52,2,57,0,1,50,0,51,0,4,102,2,108,119,2,121,229
10/21/2001,LAL,FL,ASO,ES,Federal Contract Tower,0,6,59,2,67,0,0,35,0,35,0,6,94,2,102,70,0,70,172
10/22/2001,LAL,FL,ASO,ES,Federal Contract Tower,0,6,80,1,87,0,0,88,1,89,0,6,168,2,176,205,0,205,381
10/23/2001,LAL,FL,ASO,ES,Federal Contract Tower,0,10,55,2,67,0,0,95,0,95,0,10,150,2,162,345,4,349,511
10/24/2001,LAL,FL,ASO,ES,Federal Contract Tower,2,9,56,0,67,0,0,90,2,92,2,9,146,2,159,240,0,240,399
10/25/2001,LAL,FL,ASO,ES,Federal Contract Tower,0,5,79,2,86,0,0,90,0,90,0,5,169,2,176,234,9,243,419
10/26/2001,LAL,FL,ASO,ES,Federal Contract Tower,0,5,57,3,65,0,5,107,9,121,0,10,164,12,186,178,4,182,368
10/27/2001,LAL,FL,ASO,ES,Federal Contract Tower,0,5,28,2,35,0,16,139,0,155,0,21,167,2,190,90,0,90,280
10/28/2001,LAL,FL,ASO,ES,Federal Contract Tower,0,3,31,5,39,0,21,154,9,184,0,24,185,14,223,73,0,73,296
10/29/2001,LAL,FL,ASO,ES,Federal Contract Tower,0,2,52,3,57,0,0,122,7,129,0,2,174,10,186,179,0,179,365
10/30/2001,LAL,FL,ASO,ES,Federal Contract Tower,0,5,33,5,43,0,0,155,0,155,0,5,188,5,198,101,8,109,307
10/31/2001,LAL,FL,ASO,ES,Federal Contract Tower,0,3,34,0,37,0,0,154,6,160,0,3,188,6,197,308,16,324,521
11/01/2001,LAL,FL,ASO,ES,Federal Contract Tower,0,9,47,0,56,0,3,154,0,157,0,12,201,0,213,231,0,231,444
11/02/2001,LAL,FL,ASO,ES,Federal Contract Tower,0,2,70,2,74,0,3,127,2,132,0,5,197,4,206,206,6,212,418
11/03/2001,LAL,FL,ASO,ES,Federal Contract Tower,0,0,21,0,21,0,0,214,0,214,0,0,235,0,235,419,0,419,654
11/04/2001,LAL,FL,ASO,ES,Federal Contract Tower,0,4,29,0,33,0,0,69,0,69,0,4,98,0,102,24,0,24,126
11/05/2001,LAL,FL,ASO,ES,Federal Contract Tower,0,4,17,3,24,0,0,33,3,36,0,4,50,6,60,14,12,26,86
11/06/2001,LAL,FL,ASO,ES,Federal Contract Tower,0,1,30,2,33,0,1,202,5,208,0,2,232,7,241,304,5,309,550
11/07/2001,LAL,FL,ASO,ES,Federal Contract Tower,0,6,53,8,67,0,0,249,2,251,0,6,302,10,318,315,17,332,650
11/08/2001,LAL,FL,ASO,ES,Federal Contract Tower,0,7,51,4,62,0,0,269,1,270,0,7,320,5,332,342,4,346,678
11/09/2001,LAL,FL,ASO,ES,Federal Contract Tower,0,7,70,0,77,0,0,204,2,206,0,7,274,2,283,286,0,286,569
11/10/2001,LAL,FL,ASO,ES,Federal Contract Tower,0,1,46,0,47,0,5,238,0,243,0,6,284,0,290,138,0,138,428
11/11/2001,LAL,FL,ASO,ES,Federal Contract Tower,0,3,49,1,53,0,3,140,1,144,0,6,189,2,197,107,2,109,306
11/12/2001,LAL,FL,ASO,ES,Federal Contract Tower,0,7,63,0,70,0,0,181,0,181,0,7,244,0,251,314,0,314,565
11/13/2001,LAL,FL,ASO,ES,Federal Contract Tower,0,2,66,2,70,0,0,144,0,144,0,2,210,2,214,220,0,220,434
11/14/2001,LAL,FL,ASO,ES,Federal Contract Tower,0,0,125,0,125,0,0,1,0,1,0,0,126,0,126,149,0,149,275
11/15/2001,LAL,FL,ASO,ES,Federal Contract Tower,0,4,113,0,117,0,0,0,0,0,0,4,113,0,117,112,0,112,229
11/16/2001,LAL,FL,ASO,ES,Federal Contract Tower,0,3,49,13,65,0,2,250,0,252,0,5,299,13,317,320,10,330,647
11/17/2001,LAL,FL,ASO,ES,Federal Contract Tower,0,3,32,0,35,0,1,186,0,187,0,4,218,0,222,178,0,178,400
11/18/2001,LAL,FL,ASO,ES,Federal Contract Tower,0,6,40,9,55,0,0,131,0,131,0,6,171,9,186,135,12,147,333
11/19/2001,LAL,FL,ASO,ES,Federal Contract Tower,0,2,83,3,88,0,0,97,0,97,0,2,180,3,185,120,3,123,308
11/20/2001,LAL,FL,ASO,ES,Federal Contract Tower,0,1,52,2,55,0,0,179,0,179,0,1,231,2,234,306,16,322,556
11/21/2001,LAL,FL,ASO,ES,Federal Contract Tower,0,3,64,0,67,0,2,205,0,207,0,5,269,0,274,202,0,202,476
11/22/2001,LAL,FL,ASO,ES,Federal Contract Tower,0,0,18,0,18,0,0,69,0,69,0,0,87,0,87,61,0,61,148
11/23/2001,LAL,FL,ASO,ES,Federal Contract Tower,0,2,28,0,30,0,0,230,0,230,0,2,258,0,260,212,0,212,472
11/24/2001,LAL,FL,ASO,ES,Federal Contract Tower,0,0,22,2,24,0,0,159,0,159,0,0,181,2,183,190,7,197,380
11/25/2001,LAL,FL,ASO,ES,Federal Contract Tower,0,3,37,0,40,0,0,154,0,154,0,3,191,0,194,153,0,153,347
11/26/2001,LAL,FL,ASO,ES,Federal Contract Tower,0,3,67,4,74,0,1,135,0,136,0,4,202,4,210,244,4,248,458
11/27/2001,LAL,FL,ASO,ES,Federal Contract Tower,0,2,59,3,64,0,4,184,3,191,0,6,243,6,255,201,16,217,472
11/28/2001,LAL,FL,ASO,ES,Federal Contract Tower,0,0,62,6,68,0,1,189,1,191,0,1,251,7,259,184,36,220,479
11/29/2001,LAL,FL,ASO,ES,Federal Contract Tower,0,5,49,1,55,0,0,226,0,226,0,5,275,1,281,134,0,134,415
11/30/2001,LAL,FL,ASO,ES,Federal Contract Tower,0,1,52,1,54,0,3,234,0,237,0,4,286,1,291,206,0,206,497
12/01/2001,LAL,FL,ASO,ES,Federal Contract Tower,0,0,34,0,34,0,0,202,0,202,0,0,236,0,236,147,0,147,383
12/02/2001,LAL,FL,ASO,ES,Federal Contract Tower,0,1,34,0,35,0,1,140,0,141,0,2,174,0,176,114,0,114,290
12/03/2001,LAL,FL,ASO,ES,Federal Contract Tower,0,0,59,3,62,0,0,185,1,186,0,0,244,4,248,156,0,156,404
12/04/2001,LAL,FL,ASO,ES,Federal Contract Tower,0,5,71,2,78,0,6,163,2,171,0,11,234,4,249,146,14,160,409
12/05/2001,LAL,FL,ASO,ES,Federal Contract Tower,0,4,64,2,70,0,0,211,0,211,0,4,275,2,281,225,13,238,519
12/06/2001,LAL,FL,ASO,ES,Federal Contract Tower,0,3,55,8,66,0,1,187,0,188,0,4,242,8,254,155,6,161,415
12/07/2001,LAL,FL,ASO,ES,Federal Contract Tower,0,1,74,27,102,0,1,87,0,88,0,2,161,27,190,135,3,138,328
12/08/2001,LAL,FL,ASO,ES,Federal Contract Tower,0,0,30,0,30,0,0,69,0,69,0,0,99,0,99,63,0,63,162
12/09/2001,LAL,FL,ASO,ES,Federal Contract Tower,0,0,47,17,64,0,0,63,3,66,0,0,110,20,130,72,6,78,208
12/10/2001,LAL,FL,ASO,ES,Federal Contract Tower,0,3,60,9,72,0,0,66,0,66,0,3,126,9,138,147,27,174,312
12/11/2001,LAL,FL,ASO,ES,Federal Contract Tower,0,2,51,9,62,0,0,205,0,205,0,2,256,9,267,272,14,286,553
12/12/2001,LAL,FL,ASO,ES,Federal Contract Tower,0,8,60,2,70,0,1,148,2,151,0,9,208,4,221,172,35,207,428
12/13/2001,LAL,FL,ASO,ES,Federal Contract Tower,0,9,59,0,68,0,2,195,1,198,0,11,254,1,266,144,0,144,410
12/14/2001,LAL,FL,ASO,ES,Federal Contract Tower,0,4,39,5,48,0,0,173,0,173,0,4,212,5,221,84,14,98,319
12/15/2001,LAL,FL,ASO,ES,Federal Contract Tower,0,2,70,0,72,0,0,139,0,139,0,2,209,0,211,145,0,145,356
12/16/2001,LAL,FL,ASO,ES,Federal Contract Tower,0,2,72,2,76,0,0,79,0,79,0,2,151,2,155,94,0,94,249
12/17/2001,LAL,FL,ASO,ES,Federal Contract Tower,0,5,47,3,55,0,1,79,2,82,0,6,126,5,137,110,2,112,249
12/18/2001,LAL,FL,ASO,ES,Federal Contract Tower,0,8,51,5,64,0,0,121,2,123,0,8,172,7,187,94,3,97,284
12/19/2001,LAL,FL,ASO,ES,Federal Contract Tower,2,4,45,4,55,0,1,208,2,211,2,5,253,6,266,121,13,134,400
12/20/2001,LAL,FL,ASO,ES,Federal Contract Tower,0,6,34,6,46,0,0,171,1,172,0,6,205,7,218,110,8,118,336
12/21/2001,LAL,FL,ASO,ES,Federal Contract Tower,0,2,38,3,43,0,0,175,1,176,0,2,213,4,219,90,4,94,313
12/22/2001,LAL,FL,ASO,ES,Federal Contract Tower,0,5,23,0,28,0,0,197,0,197,0,5,220,0,225,77,0,77,302
12/23/2001,LAL,FL,ASO,ES,Federal Contract Tower,0,1,20,0,21,0,0,93,0,93,0,1,113,0,114,52,0,52,166
12/24/2001,LAL,FL,ASO,ES,Federal Contract Tower,0,3,32,0,35,0,0,46,0,46,0,3,78,0,81,36,0,36,117
12/25/2001,LAL,FL,ASO,ES,Federal Contract Tower,0,1,4,0,5,0,0,14,0,14,0,1,18,0,19,4,0,4,23
12/26/2001,LAL,FL,ASO,ES,Federal Contract Tower,0,7,27,0,34,0,0,93,0,93,0,7,120,0,127,69,0,69,196
12/27/2001,LAL,FL,ASO,ES,Federal Contract Tower,0,3,34,6,43,0,0,124,0,124,0,3,158,6,167,72,12,84,251
12/28/2001,LAL,FL,ASO,ES,Federal Contract Tower,0,0,46,2,48,0,0,131,0,131,0,0,177,2,179,93,6,99,278
12/29/2001,LAL,FL,ASO,ES,Federal Contract Tower,0,2,41,0,43,0,0,118,0,118,0,2,159,0,161,149,0,149,310
12/30/2001,LAL,FL,ASO,ES,Federal Contract Tower,0,0,18,0,18,0,0,163,0,163,0,0,181,0,181,73,0,73,254
12/31/2001,LAL,FL,ASO,ES,Federal Contract Tower,0,3,26,0,29,0,0,72,0,72,0,3,98,0,101,69,0,69,170
01/01/2002,LAL,FL,ASO,ES,Federal Contract Tower,0,3,12,0,15,0,1,131,2,134,0,4,143,2,149,31,0,31,180
01/02/2002,LAL,FL,ASO,ES,Federal Contract Tower,0,4,38,4,46,0,1,6,0,7,0,5,44,4,53,69,4,73,126
01/03/2002,LAL,FL,ASO,ES,Federal Contract Tower,0,2,57,2,61,0,1,0,0,1,0,3,57,2,62,23,8,31,93
01/04/2002,LAL,FL,ASO,ES,Federal Contract Tower,0,0,37,4,41,0,0,167,0,167,0,0,204,4,208,66,4,70,278
01/05/2002,LAL,FL,ASO,ES,Federal Contract Tower,0,6,21,0,27,0,0,158,0,158,0,6,179,0,185,63,0,63,248
01/06/2002,LAL,FL,ASO,ES,Federal Contract Tower,0,4,25,4,33,0,0,22,0,22,0,4,47,4,55,35,6,41,96
01/07/2002,LAL,FL,ASO,ES,Federal Contract Tower,0,2,40,2,44,0,2,87,0,89,0,4,127,2,133,72,2,74,207
01/08/2002,LAL,FL,ASO,ES,Federal Contract Tower,0,6,47,0,53,0,0,150,0,150,0,6,197,0,203,114,0,114,317
01/09/2002,LAL,FL,ASO,ES,Federal Contract Tower,0,8,45,4,57,0,3,161,5,169,0,11,206,9,226,136,1,137,363
01/10/2002,LAL,FL,ASO,ES,Federal Contract Tower,0,3,39,6,48,0,0,208,4,212,0,3,247,10,260,182,4,186,446
01/11/2002,LAL,FL,ASO,ES,Federal Contract Tower,0,5,26,8,39,0,0,196,3,199,0,5,222,11,238,178,8,186,424
01/12/2002,LAL,FL,ASO,ES,Federal Contract Tower,0,3,66,0,69,0,0,151,4,155,0,3,217,4,224,170,2,172,396
01/13/2002,LAL,FL,ASO,ES,Federal Contract Tower,0,0,29,4,33,0,0,195,0,195,0,0,224,4,228,137,0,137,365
01/14/2002,LAL,FL,ASO,ES,Federal Contract Tower,0,2,65,2,69,0,0,3,0,3,0,2,68,2,72,32,0,32,104
01/15/2002,LAL,FL,ASO,ES,Federal Contract Tower,0,4,94,0,98,0,0,44,0,44,0,4,138,0,142,97,0,97,239
01/16/2002,LAL,FL,ASO,ES,Federal Contract Tower,0,2,35,5,42,0,3,234,0,237,0,5,269,5,279,166,7,173,452
01/17/2002,LAL,FL,ASO,ES,Federal Contract Tower,0,2,81,4,87,0,0,60,0,60,0,2,141,4,147,74,2,76,223
01/18/2002,LAL,FL,ASO,ES,Federal Contract Tower,0,1,59,7,67,0,2,200,0,202,0,3,259,7,269,168,8,176,445
01/19/2002,LAL,FL,ASO,ES,Federal Contract Tower,0,0,18,0,18,0,0,236,0,236,0,0,254,0,254,102,0,102,356
01/20/2002,LAL,FL,ASO,ES,Federal Contract Tower,0,5,44,0,49,0,0,92,0,92,0,5,136,0,141,75,0,75,216
01/21/2002,LAL,FL,ASO,ES,Federal Contract Tower,0,2,77,5,84,0,0,69,1,70,0,2,146,6,154,93,17,110,264
01/22/2002,LAL,FL,ASO,ES,Federal Contract Tower,0,11,78,2,91,0,0,48,0,48,0,11,126,2,139,94,2,96,235
01/23/2002,LAL,FL,ASO,ES,Federal Contract Tower,0,4,78,6,88,0,0,123,0,123,0,4,201,6,211,141,42,183,394
01/24/2002,LAL,FL,ASO,ES,Federal Contract Tower,0,7,73,2,82,0,0,153,0,153,0,7,226,2,235,213,0,213,448
01/25/2002,LAL,FL,ASO,ES,Federal Contract Tower,0,6,79,5,90,0,5,103,0,108,0,11,182,5,198,126,0,126,324
01/26/2002,LAL,FL,ASO,ES,Federal Contract Tower,0,2,30,1,33,0,0,377,1,378,0,2,407,2,411,197,0,197,608
01/27/2002,LAL,FL,ASO,ES,Federal Contract Tower,0,3,42,3,48,0,0,64,0,64,0,3,106,3,112,104,2,106,218
01/28/2002,LAL,FL,ASO,ES,Federal Contract Tower,0,0,41,2,43,0,2,107,0,109,0,2,148,2,152,72,5,77,229
01/29/2002,LAL,FL,ASO,ES,Federal Contract Tower,0,0,69,2,71,0,3,124,0,127,0,3,193,2,198,164,4,168,366
01/30/2002,LAL,FL,ASO,ES,Federal Contract Tower,0,2,69,4,75,0,1,120,3,124,0,3,189,7,199,130,67,197,396
01/31/2002,LAL,FL,ASO,ES,Federal Contract Tower,0,9,51,2,62,0,2,155,0,157,0,11,206,2,219,100,16,116,335
02/01/2002,LAL,FL,ASO,ES,Federal Contract Tower,0,7,45,7,59,0,0,187,6,193,0,7,232,13,252,88,24,112,364
02/02/2002,LAL,FL,ASO,ES,Federal Contract Tower,0,0,63,0,63,0,0,139,4,143,0,0,202,4,206,164,4,168,374
02/03/2002,LAL,FL,ASO,ES,Federal Contract Tower,0,2,26,6,34,0,0,166,4,170,0,2,192,10,204,90,16,106,310
02/04/2002,LAL,FL,ASO,ES,Federal Contract Tower,0,3,29,2,34,0,0,136,0,136,0,3,165,2,170,120,2,122,292
02/05/2002,LAL,FL,ASO,ES,Federal Contract Tower,0,4,48,4,56,0,0,149,0,149,0,4,197,4,205,112,10,122,327
02/06/2002,LAL,FL,ASO,ES,Federal Contract Tower,0,2,48,7,57,0,0,130,0,130,0,2,178,7,187,60,46,106,293
02/07/2002,LAL,FL,ASO,ES,Federal Contract Tower,0,6,87,4,97,0,0,0,0,0,0,6,87,4,97,71,4,75,172
02/08/2002,LAL,FL,ASO,ES,Federal Contract Tower,0,2,72,4,78,0,4,176,2,182,0,6,248,6,260,162,0,162,422
02/09/2002,LAL,FL,ASO,ES,Federal Contract Tower,0,2,44,1,47,0,0,224,0,224,0,2,268,1,271,175,0,175,446
02/10/2002,LAL,FL,ASO,ES,Federal Contract Tower,0,2,55,0,57,0,0,11,0,11,0,2,66,0,68,43,0,43,111
02/11/2002,LAL,FL,ASO,ES,Federal Contract Tower,0,2,22,4,28,0,0,152,0,152,0,2,174,4,180,94,6,100,280
02/12/2002,LAL,FL,ASO,ES,Federal Contract Tower,0,4,59,1,64,0,0,163,0,163,0,4,222,1,227,109,0,109,336
02/13/2002,LAL,FL,ASO,ES,Federal Contract Tower,0,2,51,0,53,0,0,115,0,115,0,2,166,0,168,143,0,143,311
02/14/2002,LAL,FL,ASO,ES,Federal Contract Tower,0,4,36,1,41,0,0,111,0,111,0,4,147,1,152,134,0,134,286
02/15/2002,LAL,FL,ASO,ES,Federal Contract Tower,0,0,56,0,56,0,2,140,4,146,0,2,196,4,202,108,0,108,310
02/16/2002,LAL,FL,ASO,ES,Federal Contract Tower,0,3,28,2,33,0,0,144,0,144,0,3,172,2,177,135,0,135,312
02/17/2002,LAL,FL,ASO,ES,Federal Contract Tower,0,2,27,1,30,0,3,196,0,199,0,5,223,1,229,131,2,133,362
02/18/2002,LAL,FL,ASO,ES,Federal Contract Tower,0,4,60,0,64,0,0,174,0,174,0,4,234,0,238,153,0,153,391
02/19/2002,LAL,FL,ASO,ES,Federal Contract Tower,0,7,50,8,65,0,3,159,0,162,0,10,209,8,227,102,12,114,341
02/20/2002,LAL,FL,ASO,ES,Federal Contract Tower,0,2,39,1,42,0,2,132,0,134,0,4,171,1,176,141,0,141,317
02/21/2002,LAL,FL,ASO,ES,Federal Contract Tower,0,4,70,3,77,0,3,111,0,114,0,7,181,3,191,165,0,165,356
02/22/2002,LAL,FL,ASO,ES,Federal Contract Tower,0,0,53,8,61,0,0,0,0,0,0,0,53,8,61,49,0,49,110
02/23/2002,LAL,FL,ASO,ES,Federal Contract Tower,0,2,40,4,46,0,0,0,0,0,0,2,40,4,46,10,0,10,56
02/24/2002,LAL,FL,ASO,ES,Federal Contract Tower,0,0,28,2,30,0,0,223,4,227,0,0,251,6,257,145,0,145,402
02/25/2002,LAL,FL,ASO,ES,Federal Contract Tower,1,1,29,2,33,0,1,150,5,156,1,2,179,7,189,110,58,168,357
02/26/2002,LAL,FL,ASO,ES,Federal Contract Tower,0,0,38,5,43,0,1,193,2,196,0,1,231,7,239,167,17,184,423
02/27/2002,LAL,FL,ASO,ES,Federal Contract Tower,0,0,57,0,57,0,0,51,0,51,0,0,108,0,108,51,0,51,159
02/28/2002,LAL,FL,ASO,ES,Federal Contract Tower,0,2,48,4,54,0,2,143,2,147,0,4,191,6,201,122,2,124,325
03/01/2002,LAL,FL,ASO,ES,Federal Contract Tower,0,0,59,8,67,0,1,118,0,119,0,1,177,8,186,161,2,163,349
03/02/2002,LAL,FL,ASO,ES,Federal Contract Tower,0,7,19,0,26,0,0,41,0,41,0,7,60,0,67,45,0,45,112
03/03/2002,LAL,FL,ASO,ES,Federal Contract Tower,0,2,25,2,29,0,0,32,1,33,0,2,57,3,62,24,0,24,86
03/04/2002,LAL,FL,ASO,ES,Federal Contract Tower,0,4,57,6,67,0,0,80,3,83,0,4,137,9,150,148,8,156,306
03/05/2002,LAL,FL,ASO,ES,Federal Contract Tower,0,4,49,0,53,0,0,129,0,129,0,4,178,0,182,118,0,118,300
03/06/2002,LAL,FL,ASO,ES,Federal Contract Tower,0,4,82,4,90,0,0,146,0,146,0,4,228,4,236,157,10,167,403
03/07/2002,LAL,FL,ASO,ES,Federal Contract Tower,0,2,85,0,87,0,2,107,0,109,0,4,192,0,196,140,0,140,336
03/08/2002,LAL,FL,ASO,ES,Federal Contract Tower,0,4,44,6,54,0,0,186,1,187,0,4,230,7,241,81,0,81,322
03/09/2002,LAL,FL,ASO,ES,Federal Contract Tower,0,2,48,0,50,0,0,253,4,257,0,2,301,4,307,210,2,212,519
03/10/2002,LAL,FL,ASO,ES,Federal Contract Tower,0,1,26,1,28,0,0,242,1,243,0,1,268,2,271,166,0,166,437
03/11/2002,LAL,FL,ASO,ES,Federal Contract Tower,0,1,35,0,36,0,0,156,0,156,0,1,191,0,192,180,0,180,372
03/12/2002,LAL,FL,ASO,ES,Federal Contract Tower,0,5,51,2,58,0,2,145,0,147,0,7,196,2,205,182,22,204,409
03/13/2002,LAL,FL,ASO,ES,Federal Contract Tower,0,6,52,5,63,0,3,173,0,176,0,9,225,5,239,129,6,135,374
03/14/2002,LAL,FL,ASO,ES,Federal Contract Tower,0,6,53,0,59,0,0,189,0,189,0,6,242,0,248,195,0,195,443
03/15/2002,LAL,FL,ASO,ES,Federal Contract Tower,0,3,55,6,64,0,0,212,1,213,0,3,267,7,277,212,24,236,513
03/16/2002,LAL,FL,ASO,ES,Federal Contract Tower,0,2,47,0,49,0,0,217,0,217,0,2,264,0,266,149,0,149,415
03/17/2002,LAL,FL,ASO,ES,Federal Contract Tower,0,0,16,2,18,0,0,266,0,266,0,0,282,2,284,137,0,137,421
03/18/2002,LAL,FL,ASO,ES,Federal Contract Tower,0,1,30,9,40,0,0,180,0,180,0,1,210,9,220,179,19,198,418
03/19/2002,LAL,FL,ASO,ES,Federal Contract Tower,0,6,61,1,68,0,3,173,0,176,0,9,234,1,244,181,0,181,425
03/20/2002,LAL,FL,ASO,ES,Federal Contract Tower,0,0,50,9,59,0,0,179,0,179,0,0,229,9,238,219,34,253,491
03/21/2002,LAL,FL,ASO,ES,Federal Contract Tower,0,18,99,7,124,0,0,55,0,55,0,18,154,7,179,127,22,149,328
03/22/2002,LAL,FL,ASO,ES,Federal Contract Tower,0,0,34,5,39,0,2,158,4,164,0,2,192,9,203,150,10,160,363
03/23/2002,LAL,FL,ASO,ES,Federal Contract Tower,0,4,33,3,40,0,0,271,0,271,0,4,304,3,311,230,0,230,541
03/24/2002,LAL,FL,ASO,ES,Federal Contract Tower,0,2,31,5,38,0,0,228,1,229,0,2,259,6,267,183,0,183,450
03/25/2002,LAL,FL,ASO,ES,Federal Contract Tower,0,0,16,0,16,0,2,149,0,151,0,2,165,0,167,185,0,185,352
03/26/2002,LAL,FL,ASO,ES,Federal Contract Tower,0,2,59,0,61,0,2,132,3,137,0,4,191,3,198,157,2,159,357
03/27/2002,LAL,FL,ASO,ES,Federal Contract Tower,0,4,77,2,83,0,4,144,0,148,0,8,221,2,231,215,2,217,448
03/28/2002,LAL,FL,ASO,ES,Federal Contract Tower,0,11,45,2,58,0,4,172,0,176,0,15,217,2,234,123,2,125,359
03/29/2002,LAL,FL,ASO,ES,Federal Contract Tower,0,3,38,4,45,0,0,266,7,273,0,3,304,11,318,225,3,228,546
03/30/2002,LAL,FL,ASO,ES,Federal Contract Tower,2,4,30,0,36,0,1,233,0,234,2,5,263,0,270,243,0,243,513
03/31/2002,LAL,FL,ASO,ES,Federal Contract Tower,0,0,25,0,25,0,0,123,0,123,0,0,148,0,148,96,0,96,244
04/01/2002,LAL,FL,ASO,ES,Federal Contract Tower,0,1,58,10,69,0,3,123,0,126,0,4,181,10,195,98,28,126,321
04/02/2002,LAL,FL,ASO,ES,Federal Contract Tower,0,5,56,4,65,0,5,122,0,127,0,10,178,4,192,109,65,174,366
04/03/2002,LAL,FL,ASO,ES,Federal Contract Tower,0,1,63,1,65,0,0,29,1,30,0,1,92,2,95,16,18,34,129
04/04/2002,LAL,FL,ASO,ES,Federal Contract Tower,0,1,41,1,43,0,3,307,5,315,0,4,348,6,358,52,8,60,418
04/05/2002,LAL,FL,ASO,ES,Federal Contract Tower,0,0,20,0,20,0,0,1483,200,1683,0,0,1503,200,1703,0,0,0,1703
04/06/2002,LAL,FL,ASO,ES,Federal Contract Tower,0,0,35,0,35,0,0,2729,150,2879,0,0,2764,150,2914,0,0,0,2914
04/07/2002,LAL,FL,ASO,ES,Federal Contract Tower,0,0,18,0,18,0,0,2482,5,2487,0,0,2500,5,2505,1500,1900,3400,5905
04/08/2002,LAL,FL,ASO,ES,Federal Contract Tower,0,0,15,0,15,0,0,2485,98,2583,0,0,2500,98,2598,2500,0,2500,5098
04/09/2002,LAL,FL,ASO,ES,Federal Contract Tower,0,0,8,0,8,0,0,2492,30,2522,0,0,2500,30,2530,555,0,555,3085
04/10/2002,LAL,FL,ASO,ES,Federal Contract Tower,0,0,10,0,10,0,0,2490,45,2535,0,0,2500,45,2545,1400,0,1400,3945
04/11/2002,LAL,FL,ASO,ES,Federal Contract Tower,0,0,12,0,12,0,0,2488,40,2528,0,0,2500,40,2540,1607,0,1607,4147
04/12/2002,LAL,FL,ASO,ES,Federal Contract Tower,0,0,9,0,9,0,0,2491,13,2504,0,0,2500,13,2513,1080,0,1080,3593
04/13/2002,LAL,FL,ASO,ES,Federal Contract Tower,0,0,7,0,7,0,0,2493,16,2509,0,0,2500,16,2516,600,0,600,3116
04/14/2002,LAL,FL,ASO,ES,Federal Contract Tower,0,0,32,3,35,0,0,251,4,255,0,0,283,7,290,56,2,58,348
04/15/2002,LAL,FL,ASO,ES,Federal Contract Tower,0,2,29,0,31,0,0,151,3,154,0,2,180,3,185,102,26,128,313
04/16/2002,LAL,FL,ASO,ES,Federal Contract Tower,0,6,51,6,63,0,2,144,1,147,0,8,195,7,210,142,6,148,358
04/17/2002,LAL,FL,ASO,ES,Federal Contract Tower,0,10,43,2,55,0,0,148,0,148,0,10,191,2,203,101,4,105,308
04/18/2002,LAL,FL,ASO,ES,Federal Contract Tower,0,5,37,11,53,0,2,154,0,156,0,7,191,11,209,123,2,125,334
04/19/2002,LAL,FL,ASO,ES,Federal Contract Tower,0,4,40,9,53,0,0,213,0,213,0,4,253,9,266,154,9,163,429
04/20/2002,LAL,FL,ASO,ES,Federal Contract Tower,0,1,23,0,24,0,0,291,0,291,0,1,314,0,315,208,0,208,523
04/21/2002,LAL,FL,ASO,ES,Federal Contract Tower,0,2,37,8,47,0,0,181,1,182,0,2,218,9,229,125,0,125,354
04/22/2002,LAL,FL,ASO,ES,Federal Contract Tower,0,3,28,2,33,0,1,138,0,139,0,4,166,2,172,119,8,127,299
04/23/2002,LAL,FL,ASO,ES,Federal Contract Tower,0,0,85,1,86,0,2,105,3,110,0,2,190,4,196,146,34,180,376
04/24/2002,LAL,FL,ASO,ES,Federal Contract Tower,0,5,53,3,61,0,4,124,1,129,0,9,177,4,190,139,6,145,335
04/25/2002,LAL,FL,ASO,ES,Federal Contract Tower,0,5,42,0,47,0,2,168,4,174,0,7,210,4,221,228,0,228,449
04/26/2002,LAL,FL,ASO,ES,Federal Contract Tower,0,2,48,8,58,0,0,210,2,212,0,2,258,10,270,165,4,169,439
04/27/2002,LAL,FL,ASO,ES,Federal Contract Tower,0,2,36,0,38,0,0,293,0,293,0,2,329,0,331,170,0,170,501
04/28/2002,LAL,FL,ASO,ES,Federal Contract Tower,0,6,17,0,23,0,0,203,2,205,0,6,220,2,228,137,2,139,367
04/29/2002,LAL,FL,ASO,ES,Federal Contract Tower,0,2,43,0,45,0,1,79,2,82,0,3,122,2,127,85,6,91,218
04/30/2002,LAL,FL,ASO,ES,Federal Contract Tower,0,4,84,3,91,0,0,92,0,92,0,4,176,3,183,95,4,99,282
05/01/2002,LAL,FL,ASO,ES,Federal Contract Tower,0,5,31,2,38,0,3,110,2,115,0,8,141,4,153,57,9,66,219
05/02/2002,LAL,FL,ASO,ES,Federal Contract Tower,0,2,47,0,49,0,3,134,2,139,0,5,181,2,188,147,2,149,337
05/03/2002,LAL,FL,ASO,ES,Federal Contract Tower,0,1,18,0,19,0,5,144,6,155,0,6,162,6,174,110,0,110,284
05/04/2002,LAL,FL,ASO,ES,Federal Contract Tower,0,2,38,0,40,0,11,165,1,177,0,13,203,1,217,150,2,152,369
05/05/2002,LAL,FL,ASO,ES,Federal Contract Tower,0,4,40,2,46,0,12,152,5,169,0,16,192,7,215,107,10,117,332
05/06/2002,LAL,FL,ASO,ES,Federal Contract Tower,0,0,50,2,52,0,1,69,0,70,0,1,119,2,122,119,6,125,247
05/07/2002,LAL,FL,ASO,ES,Federal Contract Tower,0,8,54,2,64,0,2,104,0,106,0,10,158,2,170,108,0,108,278
05/08/2002,LAL,FL,ASO,ES,Federal Contract Tower,0,1,56,0,57,0,2,141,6,149,0,3,197,6,206,113,22,135,341
05/09/2002,LAL,FL,ASO,ES,Federal Contract Tower,0,3,42,2,47,0,0,168,0,168,0,3,210,2,215,156,6,162,377
05/10/2002,LAL,FL,ASO,ES,Federal Contract Tower,0,6,59,0,65,0,0,157,0,157,0,6,216,0,222,108,0,108,330
05/11/2002,LAL,FL,ASO,ES,Federal Contract Tower,0,3,46,0,49,0,0,224,0,224,0,3,270,0,273,122,0,122,395
05/12/2002,LAL,FL,ASO,ES,Federal Contract Tower,0,3,22,0,25,0,0,117,0,117,0,3,139,0,142,107,0,107,249
05/13/2002,LAL,FL,ASO,ES,Federal Contract Tower,0,4,52,2,58,0,4,104,0,108,0,8,156,2,166,78,20,98,264
05/14/2002,LAL,FL,ASO,ES,Federal Contract Tower,0,0,0,0,0,0,0,0,0,0,0,0,0,0,0,0,0,0,0
05/15/2002,LAL,FL,ASO,ES,Federal Contract Tower,0,5,41,1,47,0,2,140,1,143,0,7,181,2,190,114,19,133,323
05/16/2002,LAL,FL,ASO,ES,Federal Contract Tower,0,6,49,6,61,0,3,128,0,131,0,9,177,6,192,136,2,138,330
05/17/2002,LAL,FL,ASO,ES,Federal Contract Tower,0,4,42,14,60,0,2,128,0,130,0,6,170,14,190,109,6,115,305
05/18/2002,LAL,FL,ASO,ES,Federal Contract Tower,0,2,27,0,29,0,1,119,0,120,0,3,146,0,149,152,0,152,301
05/19/2002,LAL,FL,ASO,ES,Federal Contract Tower,0,1,37,0,38,0,0,0,0,0,0,1,37,0,38,36,0,36,74
05/20/2002,LAL,FL,ASO,ES,Federal Contract Tower,0,4,47,12,63,0,3,108,0,111,0,7,155,12,174,137,6,143,317
05/21/2002,LAL,FL,ASO,ES,Federal Contract Tower,0,5,44,4,53,0,2,110,2,114,0,7,154,6,167,133,2,135,302
05/22/2002,LAL,FL,ASO,ES,Federal Contract Tower,0,4,43,3,50,0,0,125,3,128,0,4,168,6,178,94,0,94,272
05/23/2002,LAL,FL,ASO,ES,Federal Contract Tower,0,9,59,2,70,0,0,139,2,141,0,9,198,4,211,106,10,116,327
05/24/2002,LAL,FL,ASO,ES,Federal Contract Tower,0,4,57,1,62,0,0,191,2,193,0,4,248,3,255,204,0,204,459
05/25/2002,LAL,FL,ASO,ES,Federal Contract Tower,0,1,26,0,27,0,0,138,0,138,0,1,164,0,165,114,0,114,279
05/26/2002,LAL,FL,ASO,ES,Federal Contract Tower,0,0,12,0,12,0,0,119,0,119,0,0,131,0,131,94,0,94,225
05/27/2002,LAL,FL,ASO,ES,Federal Contract Tower,0,0,25,0,25,0,0,96,0,96,0,0,121,0,121,75,0,75,196
05/28/2002,LAL,FL,ASO,ES,Federal Contract Tower,0,2,34,7,43,0,4,124,1,129,0,6,158,8,172,72,48,120,292
05/29/2002,LAL,FL,ASO,ES,Federal Contract Tower,0,7,77,1,85,0,2,57,1,60,0,9,134,2,145,92,0,92,237
05/30/2002,LAL,FL,ASO,ES,Federal Contract Tower,0,3,47,2,52,0,3,91,0,94,0,6,138,2,146,99,0,99,245
05/31/2002,LAL,FL,ASO,ES,Federal Contract Tower,0,4,49,3,56,0,0,68,3,71,0,4,117,6,127,92,13,105,232
06/01/2002,LAL,FL,ASO,ES,Federal Contract Tower,0,0,36,0,36,0,0,153,0,153,0,0,189,0,189,97,0,97,286
06/02/2002,LAL,FL,ASO,ES,Federal Contract Tower,0,1,26,1,28,0,0,111,1,112,0,1,137,2,140,114,6,120,260
06/03/2002,LAL,FL,ASO,ES,Federal Contract Tower,0,7,24,1,32,0,2,107,0,109,0,9,131,1,141,76,0,76,217
06/04/2002,LAL,FL,ASO,ES,Federal Contract Tower,0,11,69,6,86,0,1,94,0,95,0,12,163,6,181,97,10,107,288
06/05/2002,LAL,FL,ASO,ES,Federal Contract Tower,0,17,63,2,82,0,5,70,1,76,0,22,133,3,158,128,0,128,286
06/06/2002,LAL,FL,ASO,ES,Federal Contract Tower,0,9,50,2,61,0,7,116,0,123,0,16,166,2,184,109,6,115,299
06/07/2002,LAL,FL,ASO,ES,Federal Contract Tower,0,5,45,3,53,0,4,99,0,103,0,9,144,3,156,67,1,68,224
06/08/2002,LAL,FL,ASO,ES,Federal Contract Tower,0,12,69,4,85,0,3,77,0,80,0,15,146,4,165,100,3,103,268
06/09/2002,LAL,FL,ASO,ES,Federal Contract Tower,0,5,33,1,39,0,14,163,0,177,0,19,196,1,216,97,0,97,313
06/10/2002,LAL,FL,ASO,ES,Federal Contract Tower,0,6,54,2,62,0,3,70,2,75,0,9,124,4,137,141,2,143,280
06/11/2002,LAL,FL,ASO,ES,Federal Contract Tower,0,5,52,4,61,0,2,127,0,129,0,7,179,4,190,119,22,141,331
06/12/2002,LAL,FL,ASO,ES,Federal Contract Tower,0,7,74,4,85,0,0,107,0,107,0,7,181,4,192,166,14,180,372
06/13/2002,LAL,FL,ASO,ES,Federal Contract Tower,0,1,42,2,45,0,0,152,0,152,0,1,194,2,197,114,0,114,311
06/14/2002,LAL,FL,ASO,ES,Federal Contract Tower,0,1,37,4,42,0,0,153,0,153,0,1,190,4,195,195,37,232,427
06/15/2002,LAL,FL,ASO,ES,Federal Contract Tower,0,0,55,0,55,0,0,83,0,83,0,0,138,0,138,93,0,93,231
06/16/2002,LAL,FL,ASO,ES,Federal Contract Tower,0,2,45,0,47,0,0,57,0,57,0,2,102,0,104,66,0,66,170
06/17/2002,LAL,FL,ASO,ES,Federal Contract Tower,0,3,39,0,42,0,0,31,0,31,0,3,70,0,73,34,0,34,107
06/18/2002,LAL,FL,ASO,ES,Federal Contract Tower,0,8,38,0,46,0,0,21,0,21,0,8,59,0,67,29,0,29,96
06/19/2002,LAL,FL,ASO,ES,Federal Contract Tower,0,2,42,0,44,0,0,72,2,74,0,2,114,2,118,106,0,106,224
06/20/2002,LAL,FL,ASO,ES,Federal Contract Tower,0,15,74,0,89,0,0,78,0,78,0,15,152,0,167,79,0,79,246
06/21/2002,LAL,FL,ASO,ES,Federal Contract Tower,0,2,70,6,78,0,2,87,0,89,0,4,157,6,167,95,22,117,284
06/22/2002,LAL,FL,ASO,ES,Federal Contract Tower,0,0,42,4,46,0,0,36,0,36,0,0,78,4,82,65,10,75,157
06/23/2002,LAL,FL,ASO,ES,Federal Contract Tower,0,2,29,0,31,0,1,75,2,78,0,3,104,2,109,93,8,101,210
06/24/2002,LAL,FL,ASO,ES,Federal Contract Tower,0,0,34,2,36,0,0,45,0,45,0,0,79,2,81,52,6,58,139
06/25/2002,LAL,FL,ASO,ES,Federal Contract Tower,0,3,70,2,75,0,0,35,0,35,0,3,105,2,110,60,2,62,172
06/26/2002,LAL,FL,ASO,ES,Federal Contract Tower,0,2,51,1,54,0,0,106,6,112,0,2,157,7,166,72,4,76,242
06/27/2002,LAL,FL,ASO,ES,Federal Contract Tower,0,10,35,2,47,0,1,114,4,119,0,11,149,6,166,159,3,162,328
06/28/2002,LAL,FL,ASO,ES,Federal Contract Tower,0,1,36,1,38,0,4,158,2,164,0,5,194,3,202,135,0,135,337
06/29/2002,LAL,FL,ASO,ES,Federal Contract Tower,0,3,37,1,41,0,0,139,0,139,0,3,176,1,180,95,0,95,275
06/30/2002,LAL,FL,ASO,ES,Federal Contract Tower,0,0,26,2,28,0,0,88,0,88,0,0,114,2,116,32,0,32,148
07/01/2002,LAL,FL,ASO,ES,Federal Contract Tower,0,0,50,6,56,0,0,57,0,57,0,0,107,6,113,70,8,78,191
07/02/2002,LAL,FL,ASO,ES,Federal Contract Tower,0,6,77,2,85,0,0,47,0,47,0,6,124,2,132,134,7,141,273
07/03/2002,LAL,FL,ASO,ES,Federal Contract Tower,0,1,46,4,51,0,0,122,0,122,0,1,168,4,173,156,4,160,333
07/04/2002,LAL,FL,ASO,ES,Federal Contract Tower,0,2,17,0,19,0,0,93,0,93,0,2,110,0,112,72,0,72,184
07/05/2002,LAL,FL,ASO,ES,Federal Contract Tower,0,2,29,0,31,0,1,69,0,70,0,3,98,0,101,62,0,62,163
07/06/2002,LAL,FL,ASO,ES,Federal Contract Tower,0,3,38,0,41,0,2,122,0,124,0,5,160,0,165,127,0,127,292
07/07/2002,LAL,FL,ASO,ES,Federal Contract Tower,0,1,17,0,18,0,0,104,0,104,0,1,121,0,122,63,0,63,185
07/08/2002,LAL,FL,ASO,ES,Federal Contract Tower,0,5,34,0,39,0,0,66,0,66,0,5,100,0,105,45,0,45,150
07/09/2002,LAL,FL,ASO,ES,Federal Contract Tower,0,6,48,0,54,0,2,61,0,63,0,8,109,0,117,159,0,159,276
07/10/2002,LAL,FL,ASO,ES,Federal Contract Tower,0,4,49,0,53,0,4,110,0,114,0,8,159,0,167,136,0,136,303
07/11/2002,LAL,FL,ASO,ES,Federal Contract Tower,0,0,49,2,51,0,0,161,0,161,0,0,210,2,212,82,0,82,294
07/12/2002,LAL,FL,ASO,ES,Federal Contract Tower,0,4,49,3,56,0,0,54,0,54,0,4,103,3,110,97,2,99,209
07/13/2002,LAL,FL,ASO,ES,Federal Contract Tower,0,0,18,4,22,0,0,27,0,27,0,0,45,4,49,30,4,34,83
07/14/2002,LAL,FL,ASO,ES,Federal Contract Tower,0,2,24,2,28,0,0,140,2,142,0,2,164,4,170,112,0,112,282
07/15/2002,LAL,FL,ASO,ES,Federal Contract Tower,0,9,48,6,63,0,0,123,1,124,0,9,171,7,187,156,43,199,386
07/16/2002,LAL,FL,ASO,ES,Federal Contract Tower,0,3,44,0,47,0,3,126,2,131,0,6,170,2,178,151,18,169,347
07/17/2002,LAL,FL,ASO,ES,Federal Contract Tower,0,3,51,0,54,0,3,126,0,129,0,6,177,0,183,174,0,174,357
07/18/2002,LAL,FL,ASO,ES,Federal Contract Tower,0,7,43,0,50,0,0,113,0,113,0,7,156,0,163,160,0,160,323
07/19/2002,LAL,FL,ASO,ES,Federal Contract Tower,0,1,32,2,35,0,0,95,0,95,0,1,127,2,130,77,0,77,207
07/20/2002,LAL,FL,ASO,ES,Federal Contract Tower,0,6,21,0,27,0,2,167,0,169,0,8,188,0,196,93,0,93,289
07/21/2002,LAL,FL,ASO,ES,Federal Contract Tower,0,2,33,2,37,0,0,115,2,117,0,2,148,4,154,54,0,54,208
07/22/2002,LAL,FL,ASO,ES,Federal Contract Tower,0,3,26,0,29,0,0,102,1,103,0,3,128,1,132,148,0,148,280
07/23/2002,LAL,FL,ASO,ES,Federal Contract Tower,0,4,60,0,64,0,2,134,0,136,0,6,194,0,200,194,0,194,394
07/24/2002,LAL,FL,ASO,ES,Federal Contract Tower,0,2,48,0,50,0,0,132,0,132,0,2,180,0,182,179,14,193,375
07/25/2002,LAL,FL,ASO,ES,Federal Contract Tower,0,3,48,2,53,0,0,119,0,119,0,3,167,2,172,124,0,124,296
07/26/2002,LAL,FL,ASO,ES,Federal Contract Tower,0,0,39,0,39,0,0,86,2,88,0,0,125,2,127,97,9,106,233
07/27/2002,LAL,FL,ASO,ES,Federal Contract Tower,0,2,34,0,36,0,0,117,0,117,0,2,151,0,153,74,0,74,227
07/28/2002,LAL,FL,ASO,ES,Federal Contract Tower,0,2,22,0,24,0,0,124,0,124,0,2,146,0,148,115,0,115,263
07/29/2002,LAL,FL,ASO,ES,Federal Contract Tower,0,0,30,0,30,0,1,76,0,77,0,1,106,0,107,68,0,68,175
07/30/2002,LAL,FL,ASO,ES,Federal Contract Tower,0,2,39,2,43,0,3,136,0,139,0,5,175,2,182,123,0,123,305
07/31/2002,LAL,FL,ASO,ES,Federal Contract Tower,0,7,38,0,45,0,5,116,0,121,0,12,154,0,166,126,0,126,292
08/01/2002,LAL,FL,ASO,ES,Federal Contract Tower,0,3,31,1,35,0,0,119,1,120,0,3,150,2,155,97,0,97,252
08/02/2002,LAL,FL,ASO,ES,Federal Contract Tower,0,5,49,1,55,0,0,32,2,34,0,5,81,3,89,107,0,107,196
08/03/2002,LAL,FL,ASO,ES,Federal Contract Tower,0,0,27,2,29,0,0,92,1,93,0,0,119,3,122,137,4,141,263
08/04/2002,LAL,FL,ASO,ES,Federal Contract Tower,0,0,42,2,44,0,0,106,2,108,0,0,148,4,152,72,24,96,248
08/05/2002,LAL,FL,ASO,ES,Federal Contract Tower,0,0,58,2,60,0,0,89,0,89,0,0,147,2,149,100,28,128,277
08/06/2002,LAL,FL,ASO,ES,Federal Contract Tower,0,4,38,0,42,0,2,156,0,158,0,6,194,0,200,139,0,139,339
08/07/2002,LAL,FL,ASO,ES,Federal Contract Tower,0,4,45,2,51,0,0,44,2,46,0,4,89,4,97,53,10,63,160
08/08/2002,LAL,FL,ASO,ES,Federal Contract Tower,0,3,19,0,22,0,1,221,0,222,0,4,240,0,244,154,0,154,398
08/09/2002,LAL,FL,ASO,ES,Federal Contract Tower,0,3,30,2,35,0,3,110,3,116,0,6,140,5,151,100,5,105,256
08/10/2002,LAL,FL,ASO,ES,Federal Contract Tower,0,0,39,0,39,0,0,191,0,191,0,0,230,0,230,108,0,108,338
08/11/2002,LAL,FL,ASO,ES,Federal Contract Tower,0,2,35,0,37,0,0,113,0,113,0,2,148,0,150,96,0,96,246
08/12/2002,LAL,FL,ASO,ES,Federal Contract Tower,0,2,64,0,66,0,0,31,0,31,0,2,95,0,97,77,0,77,174
08/13/2002,LAL,FL,ASO,ES,Federal Contract Tower,0,0,73,2,75,0,0,55,0,55,0,0,128,2,130,103,6,109,239
08/14/2002,LAL,FL,ASO,ES,Federal Contract Tower,0,2,58,3,63,0,0,88,1,89,0,2,146,4,152,117,41,158,310
08/15/2002,LAL,FL,ASO,ES,Federal Contract Tower,0,1,12,1,14,0,4,120,4,128,0,5,132,5,142,110,8,118,260
08/16/2002,LAL,FL,ASO,ES,Federal Contract Tower,0,4,42,0,46,0,0,110,0,110,0,4,152,0,156,156,0,156,312
08/17/2002,LAL,FL,ASO,ES,Federal Contract Tower,0,0,53,0,53,0,0,189,0,189,0,0,242,0,242,121,0,121,363
08/18/2002,LAL,FL,ASO,ES,Federal Contract Tower,0,2,26,0,28,0,0,149,2,151,0,2,175,2,179,97,2,99,278
08/19/2002,LAL,FL,ASO,ES,Federal Contract Tower,0,0,50,0,50,0,0,103,0,103,0,0,153,0,153,86,0,86,239
08/20/2002,LAL,FL,ASO,ES,Federal Contract Tower,0,4,46,0,50,0,0,134,0,134,0,4,180,0,184,96,0,96,280
08/21/2002,LAL,FL,ASO,ES,Federal Contract Tower,0,3,33,1,37,0,0,120,1,121,0,3,153,2,158,112,3,115,273
08/22/2002,LAL,FL,ASO,ES,Federal Contract Tower,0,3,24,0,27,0,5,129,2,136,0,8,153,2,163,78,36,114,277
08/23/2002,LAL,FL,ASO,ES,Federal Contract Tower,0,3,28,1,32,0,0,132,14,146,0,3,160,15,178,69,46,115,293
08/24/2002,LAL,FL,ASO,ES,Federal Contract Tower,0,1,33,0,34,0,0,131,0,131,0,1,164,0,165,159,0,159,324
08/25/2002,LAL,FL,ASO,ES,Federal Contract Tower,0,1,46,0,47,0,0,131,0,131,0,1,177,0,178,58,0,58,236
08/26/2002,LAL,FL,ASO,ES,Federal Contract Tower,0,3,59,2,64,0,0,69,0,69,0,3,128,2,133,125,22,147,280
08/27/2002,LAL,FL,ASO,ES,Federal Contract Tower,0,7,61,0,68,0,0,30,0,30,0,7,91,0,98,71,0,71,169
08/28/2002,LAL,FL,ASO,ES,Federal Contract Tower,0,5,45,0,50,0,2,85,0,87,0,7,130,0,137,90,0,90,227
08/29/2002,LAL,FL,ASO,ES,Federal Contract Tower,0,6,48,1,55,0,4,77,3,84,0,10,125,4,139,92,6,98,237
08/30/2002,LAL,FL,ASO,ES,Federal Contract Tower,0,4,59,2,65,0,0,41,0,41,0,4,100,2,106,64,0,64,170
08/31/2002,LAL,FL,ASO,ES,Federal Contract Tower,0,0,0,0,0,0,4,144,0,148,0,4,144,0,148,104,0,104,252
09/01/2002,LAL,FL,ASO,ES,Federal Contract Tower,0,2,26,0,28,0,0,63,0,63,0,2,89,0,91,64,0,64,155
09/02/2002,LAL,FL,ASO,ES,Federal Contract Tower,0,8,37,0,45,0,0,85,0,85,0,8,122,0,130,129,0,129,259
09/03/2002,LAL,FL,ASO,ES,Federal Contract Tower,0,3,29,0,32,0,2,123,0,125,0,5,152,0,157,106,0,106,263
09/04/2002,LAL,FL,ASO,ES,Federal Contract Tower,0,9,36,2,47,0,0,104,0,104,0,9,140,2,151,62,5,67,218
09/05/2002,LAL,FL,ASO,ES,Federal Contract Tower,0,9,50,3,62,0,0,28,0,28,0,9,78,3,90,92,13,105,195
09/06/2002,LAL,FL,ASO,ES,Federal Contract Tower,0,3,32,9,44,0,0,123,3,126,0,3,155,12,170,124,7,131,301
09/07/2002,LAL,FL,ASO,ES,Federal Contract Tower,0,0,53,0,53,0,0,203,0,203,0,0,256,0,256,174,0,174,430
09/08/2002,LAL,FL,ASO,ES,Federal Contract Tower,0,2,21,0,23,0,0,116,0,116,0,2,137,0,139,101,0,101,240
09/09/2002,LAL,FL,ASO,ES,Federal Contract Tower,0,5,27,0,32,0,0,80,0,80,0,5,107,0,112,93,0,93,205
09/10/2002,LAL,FL,ASO,ES,Federal Contract Tower,0,7,37,2,46,0,0,193,0,193,0,7,230,2,239,213,0,213,452
09/11/2002,LAL,FL,ASO,ES,Federal Contract Tower,0,2,35,4,41,0,0,44,0,44,0,2,79,4,85,43,0,43,128
09/12/2002,LAL,FL,ASO,ES,Federal Contract Tower,0,9,66,0,75,0,0,47,0,47,0,9,113,0,122,157,0,157,279
09/13/2002,LAL,FL,ASO,ES,Federal Contract Tower,0,1,81,2,84,0,0,47,0,47,0,1,128,2,131,100,6,106,237
09/14/2002,LAL,FL,ASO,ES,Federal Contract Tower,0,0,67,0,67,0,0,87,0,87,0,0,154,0,154,151,0,151,305
09/15/2002,LAL,FL,ASO,ES,Federal Contract Tower,0,0,14,0,14,0,0,148,0,148,0,0,162,0,162,95,0,95,257
09/16/2002,LAL,FL,ASO,ES,Federal Contract Tower,0,9,39,0,48,0,0,178,0,178,0,9,217,0,226,278,0,278,504
09/17/2002,LAL,FL,ASO,ES,Federal Contract Tower,0,5,53,3,61,0,1,153,3,157,0,6,206,6,218,209,12,221,439
09/18/2002,LAL,FL,ASO,ES,Federal Contract Tower,0,2,25,2,29,0,2,191,0,193,0,4,216,2,222,170,8,178,400
09/19/2002,LAL,FL,ASO,ES,Federal Contract Tower,0,4,53,0,57,0,0,94,2,96,0,4,147,2,153,109,0,109,262
09/20/2002,LAL,FL,ASO,ES,Federal Contract Tower,0,5,44,4,53,0,0,98,4,102,0,5,142,8,155,74,2,76,231
09/21/2002,LAL,FL,ASO,ES,Federal Contract Tower,0,2,35,0,37,0,0,103,2,105,0,2,138,2,142,76,2,78,220
09/22/2002,LAL,FL,ASO,ES,Federal Contract Tower,0,3,24,0,27,0,2,171,0,173,0,5,195,0,200,125,0,125,325
09/23/2002,LAL,FL,ASO,ES,Federal Contract Tower,0,2,29,1,32,0,2,93,1,96,0,4,122,2,128,101,0,101,229
09/24/2002,LAL,FL,ASO,ES,Federal Contract Tower,0,1,33,2,36,0,1,90,0,91,0,2,123,2,127,61,2,63,190
09/25/2002,LAL,FL,ASO,ES,Federal Contract Tower,0,7,40,2,49,0,0,46,0,46,0,7,86,2,95,78,14,92,187
09/26/2002,LAL,FL,ASO,ES,Federal Contract Tower,0,3,65,0,68,0,0,59,2,61,0,3,124,2,129,59,0,59,188
09/27/2002,LAL,FL,ASO,ES,Federal Contract Tower,0,8,60,2,70,0,0,115,4,119,0,8,175,6,189,165,22,187,376
09/28/2002,LAL,FL,ASO,ES,Federal Contract Tower,0,1,50,0,51,0,0,175,0,175,0,1,225,0,226,177,0,177,403
09/29/2002,LAL,FL,ASO,ES,Federal Contract Tower,0,1,54,0,55,0,0,104,0,104,0,1,158,0,159,77,0,77,236
09/30/2002,LAL,FL,ASO,ES,Federal Contract Tower,0,7,58,2,67,0,2,63,0,65,0,9,121,2,132,39,0,39,171
10/01/2002,LAL,FL,ASO,ES,Federal Contract Tower,0,8,21,2,31,0,0,115,0,115,0,8,136,2,146,116,2,118,264
10/02/2002,LAL,FL,ASO,ES,Federal Contract Tower,0,2,40,0,42,0,1,121,3,125,0,3,161,3,167,139,39,178,345
10/03/2002,LAL,FL,ASO,ES,Federal Contract Tower,0,4,38,1,43,0,0,135,1,136,0,4,173,2,179,133,38,171,350
10/04/2002,LAL,FL,ASO,ES,Federal Contract Tower,0,1,43,2,46,0,0,161,0,161,0,1,204,2,207,85,2,87,294
10/05/2002,LAL,FL,ASO,ES,Federal Contract Tower,0,0,33,0,33,0,0,222,2,224,0,0,255,2,257,102,8,110,367
10/06/2002,LAL,FL,ASO,ES,Federal Contract Tower,0,8,26,0,34,0,0,179,0,179,0,8,205,0,213,163,0,163,376
10/07/2002,LAL,FL,ASO,ES,Federal Contract Tower,0,2,53,4,59,0,0,113,0,113,0,2,166,4,172,150,58,208,380
10/08/2002,LAL,FL,ASO,ES,Federal Contract Tower,0,6,49,0,55,0,0,97,0,97,0,6,146,0,152,85,0,85,237
10/09/2002,LAL,FL,ASO,ES,Federal Contract Tower,0,10,36,4,50,0,0,86,0,86,0,10,122,4,136,109,2,111,247
10/10/2002,LAL,FL,ASO,ES,Federal Contract Tower,0,3,84,0,87,0,0,69,2,71,0,3,153,2,158,172,1,173,331
10/11/2002,LAL,FL,ASO,ES,Federal Contract Tower,0,7,38,1,46,0,0,134,1,135,0,7,172,2,181,138,0,138,319
10/12/2002,LAL,FL,ASO,ES,Federal Contract Tower,0,0,31,0,31,0,1,217,0,218,0,1,248,0,249,88,0,88,337
10/13/2002,LAL,FL,ASO,ES,Federal Contract Tower,0,0,39,0,39,0,0,95,4,99,0,0,134,4,138,44,0,44,182
10/14/2002,LAL,FL,ASO,ES,Federal Contract Tower,0,3,44,0,47,0,0,57,0,57,0,3,101,0,104,232,0,232,336
10/15/2002,LAL,FL,ASO,ES,Federal Contract Tower,0,3,65,0,68,0,1,28,2,31,0,4,93,2,99,95,2,97,196
10/16/2002,LAL,FL,ASO,ES,Federal Contract Tower,0,3,96,7,106,0,1,94,0,95,0,4,190,7,201,135,57,192,393
10/17/2002,LAL,FL,ASO,ES,Federal Contract Tower,0,3,50,0,53,0,0,172,2,174,0,3,222,2,227,154,0,154,381
10/18/2002,LAL,FL,ASO,ES,Federal Contract Tower,0,1,31,4,36,0,1,199,4,204,0,2,230,8,240,88,22,110,350
10/19/2002,LAL,FL,ASO,ES,Federal Contract Tower,0,0,22,0,22,0,2,222,4,228,0,2,244,4,250,151,0,151,401
10/20/2002,LAL,FL,ASO,ES,Federal Contract Tower,0,0,39,0,39,0,0,182,0,182,0,0,221,0,221,157,0,157,378
10/21/2002,LAL,FL,ASO,ES,Federal Contract Tower,0,2,21,7,30,0,0,103,0,103,0,2,124,7,133,32,49,81,214
10/22/2002,LAL,FL,ASO,ES,Federal Contract Tower,0,3,54,0,57,0,0,87,0,87,0,3,141,0,144,106,0,106,250
10/23/2002,LAL,FL,ASO,ES,Federal Contract Tower,0,5,25,2,32,0,0,84,0,84,0,5,109,2,116,38,4,42,158
10/24/2002,LAL,FL,ASO,ES,Federal Contract Tower,0,2,44,4,50,0,0,102,4,106,0,2,146,8,156,192,10,202,358
10/25/2002,LAL,FL,ASO,ES,Federal Contract Tower,0,7,61,29,97,0,4,149,2,155,0,11,210,31,252,118,32,150,402
10/26/2002,LAL,FL,ASO,ES,Federal Contract Tower,0,6,21,0,27,0,31,211,0,242,0,37,232,0,269,222,0,222,491
10/27/2002,LAL,FL,ASO,ES,Federal Contract Tower,0,13,36,6,55,0,30,142,5,177,0,43,178,11,232,151,1,152,384
10/28/2002,LAL,FL,ASO,ES,Federal Contract Tower,0,0,29,3,32,0,0,141,0,141,0,0,170,3,173,101,2,103,276
10/29/2002,LAL,FL,ASO,ES,Federal Contract Tower,0,1,47,0,48,0,0,113,0,113,0,1,160,0,161,169,0,169,330
10/30/2002,LAL,FL,ASO,ES,Federal Contract Tower,0,2,46,0,48,0,0,70,2,72,0,2,116,2,120,92,0,92,212
10/31/2002,LAL,FL,ASO,ES,Federal Contract Tower,0,4,39,0,43,0,0,119,2,121,0,4,158,2,164,136,6,142,306
11/01/2002,LAL,FL,ASO,ES,Federal Contract Tower,0,0,72,0,72,0,2,106,0,108,0,2,178,0,180,75,0,75,255
11/02/2002,LAL,FL,ASO,ES,Federal Contract Tower,0,0,15,0,15,0,1,614,1,616,0,1,629,1,631,427,0,427,1058
11/03/2002,LAL,FL,ASO,ES,Federal Contract Tower,0,0,26,0,26,0,2,201,2,205,0,2,227,2,231,98,0,98,329
11/04/2002,LAL,FL,ASO,ES,Federal Contract Tower,0,0,31,2,33,0,0,110,0,110,0,0,141,2,143,55,6,61,204
11/05/2002,LAL,FL,ASO,ES,Federal Contract Tower,0,4,50,0,54,0,2,82,2,86,0,6,132,2,140,101,0,101,241
11/06/2002,LAL,FL,ASO,ES,Federal Contract Tower,0,2,41,0,43,0,0,41,4,45,0,2,82,4,88,31,0,31,119
11/07/2002,LAL,FL,ASO,ES,Federal Contract Tower,0,2,21,1,24,0,6,193,2,201,0,8,214,3,225,133,0,133,358
11/08/2002,LAL,FL,ASO,ES,Federal Contract Tower,0,2,42,2,46,0,1,246,2,249,0,3,288,4,295,184,33,217,512
11/09/2002,LAL,FL,ASO,ES,Federal Contract Tower,0,2,24,0,26,0,0,196,0,196,0,2,220,0,222,144,0,144,366
11/10/2002,LAL,FL,ASO,ES,Federal Contract Tower,0,3,40,0,43,0,0,155,0,155,0,3,195,0,198,115,0,115,313
11/11/2002,LAL,FL,ASO,ES,Federal Contract Tower,0,7,32,0,39,0,0,137,0,137,0,7,169,0,176,107,0,107,283
11/12/2002,LAL,FL,ASO,ES,Federal Contract Tower,0,5,71,0,76,0,0,29,0,29,0,5,100,0,105,94,0,94,199
11/13/2002,LAL,FL,ASO,ES,Federal Contract Tower,0,7,61,0,68,0,0,128,2,130,0,7,189,2,198,105,0,105,303
11/14/2002,LAL,FL,ASO,ES,Federal Contract Tower,0,2,46,0,48,0,2,192,0,194,0,4,238,0,242,124,0,124,366
11/15/2002,LAL,FL,ASO,ES,Federal Contract Tower,0,3,42,0,45,0,0,157,0,157,0,3,199,0,202,71,0,71,273
11/16/2002,LAL,FL,ASO,ES,Federal Contract Tower,0,0,9,0,9,0,0,0,0,0,0,0,9,0,9,0,0,0,9
11/17/2002,LAL,FL,ASO,ES,Federal Contract Tower,0,1,12,0,13,0,0,20,0,20,0,1,32,0,33,17,0,17,50
11/18/2002,LAL,FL,ASO,ES,Federal Contract Tower,0,2,47,0,49,0,1,95,0,96,0,3,142,0,145,66,0,66,211
11/19/2002,LAL,FL,ASO,ES,Federal Contract Tower,0,4,41,3,48,0,0,141,2,143,0,4,182,5,191,178,15,193,384
11/20/2002,LAL,FL,ASO,ES,Federal Contract Tower,0,5,49,0,54,0,0,124,2,126,0,5,173,2,180,102,0,102,282
11/21/2002,LAL,FL,ASO,ES,Federal Contract Tower,0,4,36,0,40,0,0,125,6,131,0,4,161,6,171,123,8,131,302
11/22/2002,LAL,FL,ASO,ES,Federal Contract Tower,0,2,28,0,30,0,2,130,0,132,0,4,158,0,162,99,0,99,261
11/23/2002,LAL,FL,ASO,ES,Federal Contract Tower,0,2,34,0,36,0,0,187,2,189,0,2,221,2,225,97,0,97,322
11/24/2002,LAL,FL,ASO,ES,Federal Contract Tower,0,0,35,2,37,0,2,191,0,193,0,2,226,2,230,109,0,109,339
11/25/2002,LAL,FL,ASO,ES,Federal Contract Tower,0,3,51,2,56,0,1,111,0,112,0,4,162,2,168,133,6,139,307
11/26/2002,LAL,FL,ASO,ES,Federal Contract Tower,0,4,32,6,42,0,0,151,0,151,0,4,183,6,193,171,41,212,405
11/27/2002,LAL,FL,ASO,ES,Federal Contract Tower,0,5,47,0,52,0,3,130,0,133,0,8,177,0,185,83,0,83,268
11/28/2002,LAL,FL,ASO,ES,Federal Contract Tower,0,0,10,0,10,0,0,60,0,60,0,0,70,0,70,27,0,27,97
11/29/2002,LAL,FL,ASO,ES,Federal Contract Tower,0,2,17,2,21,0,0,158,0,158,0,2,175,2,179,104,16,120,299
11/30/2002,LAL,FL,ASO,ES,Federal Contract Tower,0,2,22,0,24,0,2,172,0,174,0,4,194,0,198,105,0,105,303
12/01/2002,LAL,FL,ASO,ES,Federal Contract Tower,0,0,27,0,27,0,2,139,0,141,0,2,166,0,168,65,0,65,233
12/02/2002,LAL,FL,ASO,ES,Federal Contract Tower,0,9,32,6,47,0,0,100,0,100,0,9,132,6,147,106,10,116,263
12/03/2002,LAL,FL,ASO,ES,Federal Contract Tower,0,7,35,7,49,0,0,127,0,127,0,7,162,7,176,132,51,183,359
12/04/2002,LAL,FL,ASO,ES,Federal Contract Tower,0,9,47,5,61,0,0,122,0,122,0,9,169,5,183,115,7,122,305
12/05/2002,LAL,FL,ASO,ES,Federal Contract Tower,0,15,87,6,108,0,0,52,1,53,0,15,139,7,161,137,6,143,304
12/06/2002,LAL,FL,ASO,ES,Federal Contract Tower,0,4,85,4,93,0,0,0,0,0,0,4,85,4,93,74,0,74,167
12/07/2002,LAL,FL,ASO,ES,Federal Contract Tower,0,2,37,0,39,0,0,191,2,193,0,2,228,2,232,165,0,165,397
12/08/2002,LAL,FL,ASO,ES,Federal Contract Tower,0,2,41,4,47,0,0,129,0,129,0,2,170,4,176,131,2,133,309
12/09/2002,LAL,FL,ASO,ES,Federal Contract Tower,0,4,54,2,60,0,0,0,0,0,0,4,54,2,60,28,2,30,90
12/10/2002,LAL,FL,ASO,ES,Federal Contract Tower,0,4,54,4,62,0,0,29,0,29,0,4,83,4,91,65,16,81,172
12/11/2002,LAL,FL,ASO,ES,Federal Contract Tower,0,2,60,3,65,0,1,112,5,118,0,3,172,8,183,86,34,120,303
12/12/2002,LAL,FL,ASO,ES,Federal Contract Tower,0,2,44,0,46,0,0,47,0,47,0,2,91,0,93,90,0,90,183
12/13/2002,LAL,FL,ASO,ES,Federal Contract Tower,0,2,50,0,52,0,1,11,0,12,0,3,61,0,64,49,0,49,113
12/14/2002,LAL,FL,ASO,ES,Federal Contract Tower,0,1,36,0,37,0,0,125,0,125,0,1,161,0,162,97,0,97,259
12/15/2002,LAL,FL,ASO,ES,Federal Contract Tower,0,0,26,0,26,0,1,134,0,135,0,1,160,0,161,77,0,77,238
12/16/2002,LAL,FL,ASO,ES,Federal Contract Tower,0,4,33,0,37,0,0,102,0,102,0,4,135,0,139,90,0,90,229
12/17/2002,LAL,FL,ASO,ES,Federal Contract Tower,0,5,53,3,61,0,0,170,1,171,0,5,223,4,232,132,4,136,368
12/18/2002,LAL,FL,ASO,ES,Federal Contract Tower,0,5,60,2,67,0,1,164,7,172,0,6,224,9,239,98,10,108,347
12/19/2002,LAL,FL,ASO,ES,Federal Contract Tower,0,7,40,4,51,0,0,228,0,228,0,7,268,4,279,174,50,224,503
12/20/2002,LAL,FL,ASO,ES,Federal Contract Tower,0,9,35,0,44,0,0,61,0,61,0,9,96,0,105,94,0,94,199
12/21/2002,LAL,FL,ASO,ES,Federal Contract Tower,0,3,37,0,40,0,0,174,0,174,0,3,211,0,214,134,0,134,348
12/22/2002,LAL,FL,ASO,ES,Federal Contract Tower,0,2,18,0,20,0,1,130,0,131,0,3,148,0,151,143,0,143,294
12/23/2002,LAL,FL,ASO,ES,Federal Contract Tower,0,5,20,0,25,0,1,106,4,111,0,6,126,4,136,62,0,62,198
12/24/2002,LAL,FL,ASO,ES,Federal Contract Tower,0,3,28,2,33,0,0,10,0,10,0,3,38,2,43,14,0,14,57
12/25/2002,LAL,FL,ASO,ES,Federal Contract Tower,0,0,2,0,2,0,0,27,0,27,0,0,29,0,29,8,0,8,37
12/26/2002,LAL,FL,ASO,ES,Federal Contract Tower,0,2,27,2,31,0,0,159,0,159,0,2,186,2,190,51,0,51,241
12/27/2002,LAL,FL,ASO,ES,Federal Contract Tower,0,0,44,0,44,0,0,152,0,152,0,0,196,0,196,124,0,124,320
12/28/2002,LAL,FL,ASO,ES,Federal Contract Tower,0,0,12,1,13,0,0,252,1,253,0,0,264,2,266,89,2,91,357
12/29/2002,LAL,FL,ASO,ES,Federal Contract Tower,0,1,32,0,33,0,0,169,0,169,0,1,201,0,202,71,0,71,273
12/30/2002,LAL,FL,ASO,ES,Federal Contract Tower,0,4,25,4,33,0,2,154,0,156,0,6,179,4,189,99,4,103,292
12/31/2002,LAL,FL,ASO,ES,Federal Contract Tower,0,2,14,0,16,0,0,56,2,58,0,2,70,2,74,19,0,19,93
01/01/2003,LAL,FL,ASO,ES,Federal Contract Tower,0,2,5,0,7,0,0,71,0,71,0,2,76,0,78,12,0,12,90
01/02/2003,LAL,FL,ASO,ES,Federal Contract Tower,0,0,53,2,55,0,0,116,0,116,0,0,169,2,171,53,10,63,234
01/03/2003,LAL,FL,ASO,ES,Federal Contract Tower,0,4,32,2,38,0,1,62,0,63,0,5,94,2,101,57,0,57,158
01/04/2003,LAL,FL,ASO,ES,Federal Contract Tower,0,2,42,0,44,0,0,131,0,131,0,2,173,0,175,101,0,101,276
01/05/2003,LAL,FL,ASO,ES,Federal Contract Tower,0,3,32,0,35,0,0,151,0,151,0,3,183,0,186,151,0,151,337
01/06/2003,LAL,FL,ASO,ES,Federal Contract Tower,0,10,30,4,44,0,2,94,0,96,0,12,124,4,140,78,8,86,226
01/07/2003,LAL,FL,ASO,ES,Federal Contract Tower,0,4,35,10,49,0,0,128,0,128,0,4,163,10,177,77,32,109,286
01/08/2003,LAL,FL,ASO,ES,Federal Contract Tower,0,8,41,2,51,0,0,169,2,171,0,8,210,4,222,108,22,130,352
01/09/2003,LAL,FL,ASO,ES,Federal Contract Tower,0,11,32,2,45,0,1,157,0,158,0,12,189,2,203,68,12,80,283
01/10/2003,LAL,FL,ASO,ES,Federal Contract Tower,0,2,66,1,69,0,0,158,5,163,0,2,224,6,232,140,2,142,374
01/11/2003,LAL,FL,ASO,ES,Federal Contract Tower,0,2,32,3,37,0,1,336,0,337,0,3,368,3,374,73,2,75,449
01/12/2003,LAL,FL,ASO,ES,Federal Contract Tower,0,3,21,6,30,0,0,123,8,131,0,3,144,14,161,83,1,84,245
01/13/2003,LAL,FL,ASO,ES,Federal Contract Tower,0,3,29,8,40,0,0,69,0,69,0,3,98,8,109,122,47,169,278
01/14/2003,LAL,FL,ASO,ES,Federal Contract Tower,0,0,32,0,32,0,0,161,0,161,0,0,193,0,193,99,0,99,292
01/15/2003,LAL,FL,ASO,ES,Federal Contract Tower,0,3,29,4,36,0,2,187,0,189,0,5,216,4,225,105,10,115,340
01/16/2003,LAL,FL,ASO,ES,Federal Contract Tower,0,3,53,0,56,0,0,154,4,158,0,3,207,4,214,130,0,130,344
01/17/2003,LAL,FL,ASO,ES,Federal Contract Tower,0,0,56,1,57,0,2,61,5,68,0,2,117,6,125,57,14,71,196
01/18/2003,LAL,FL,ASO,ES,Federal Contract Tower,0,0,28,0,28,0,1,179,0,180,0,1,207,0,208,109,0,109,317
01/19/2003,LAL,FL,ASO,ES,Federal Contract Tower,0,3,26,6,35,0,1,146,0,147,0,4,172,6,182,65,6,71,253
01/20/2003,LAL,FL,ASO,ES,Federal Contract Tower,0,1,29,0,30,0,0,173,0,173,0,1,202,0,203,107,0,107,310
01/21/2003,LAL,FL,ASO,ES,Federal Contract Tower,0,5,32,0,37,0,0,133,0,133,0,5,165,0,170,112,0,112,282
01/22/2003,LAL,FL,ASO,ES,Federal Contract Tower,0,1,29,5,35,0,4,155,0,159,0,5,184,5,194,52,9,61,255
01/23/2003,LAL,FL,ASO,ES,Federal Contract Tower,0,0,42,2,44,0,0,50,0,50,0,0,92,2,94,50,22,72,166
01/24/2003,LAL,FL,ASO,ES,Federal Contract Tower,0,3,49,10,62,0,1,124,7,132,0,4,173,17,194,128,43,171,365
01/25/2003,LAL,FL,ASO,ES,Federal Contract Tower,0,1,36,0,37,0,1,221,0,222,0,2,257,0,259,261,0,261,520
01/26/2003,LAL,FL,ASO,ES,Federal Contract Tower,0,1,18,4,23,0,0,194,2,196,0,1,212,6,219,108,0,108,327
01/27/2003,LAL,FL,ASO,ES,Federal Contract Tower,0,2,36,2,40,0,3,113,0,116,0,5,149,2,156,58,26,84,240
01/28/2003,LAL,FL,ASO,ES,Federal Contract Tower,0,4,40,2,46,0,0,199,3,202,0,4,239,5,248,117,52,169,417
01/29/2003,LAL,FL,ASO,ES,Federal Contract Tower,0,10,46,3,59,0,3,179,0,182,0,13,225,3,241,139,4,143,384
01/30/2003,LAL,FL,ASO,ES,Federal Contract Tower,0,2,54,3,59,0,0,171,1,172,0,2,225,4,231,141,30,171,402
01/31/2003,LAL,FL,ASO,ES,Federal Contract Tower,0,2,42,10,54,0,3,113,8,124,0,5,155,18,178,111,2,113,291
02/01/2003,LAL,FL,ASO,ES,Federal Contract Tower,0,1,64,0,65,0,0,105,0,105,0,1,169,0,170,55,0,55,225
02/02/2003,LAL,FL,ASO,ES,Federal Contract Tower,0,0,35,11,46,0,0,174,5,179,0,0,209,16,225,69,7,76,301
02/03/2003,LAL,FL,ASO,ES,Federal Contract Tower,0,5,27,12,44,0,0,155,6,161,0,5,182,18,205,88,54,142,347
02/04/2003,LAL,FL,ASO,ES,Federal Contract Tower,0,4,79,2,85,0,2,77,0,79,0,6,156,2,164,146,0,146,310
02/05/2003,LAL,FL,ASO,ES,Federal Contract Tower,0,3,52,0,55,0,2,193,0,195,0,5,245,0,250,151,0,151,401
02/06/2003,LAL,FL,ASO,ES,Federal Contract Tower,0,3,24,2,29,0,3,150,0,153,0,6,174,2,182,181,16,197,379
02/07/2003,LAL,FL,ASO,ES,Federal Contract Tower,0,1,60,0,61,0,0,88,0,88,0,1,148,0,149,85,0,85,234
02/08/2003,LAL,FL,ASO,ES,Federal Contract Tower,0,0,45,0,45,0,0,191,0,191,0,0,236,0,236,207,0,207,443
02/09/2003,LAL,FL,ASO,ES,Federal Contract Tower,0,2,59,0,61,0,0,22,0,22,0,2,81,0,83,48,0,48,131
02/10/2003,LAL,FL,ASO,ES,Federal Contract Tower,0,2,46,5,53,0,0,61,0,61,0,2,107,5,114,32,15,47,161
02/11/2003,LAL,FL,ASO,ES,Federal Contract Tower,0,4,62,1,67,0,0,262,2,264,0,4,324,3,331,205,2,207,538
02/12/2003,LAL,FL,ASO,ES,Federal Contract Tower,0,0,53,1,54,0,2,197,0,199,0,2,250,1,253,186,0,186,439
02/13/2003,LAL,FL,ASO,ES,Federal Contract Tower,0,2,32,2,36,0,1,228,0,229,0,3,260,2,265,156,2,158,423
02/14/2003,LAL,FL,ASO,ES,Federal Contract Tower,0,3,78,2,83,0,2,178,1,181,0,5,256,3,264,165,0,165,429
02/15/2003,LAL,FL,ASO,ES,Federal Contract Tower,0,1,24,0,25,0,0,237,0,237,0,1,261,0,262,168,0,168,430
02/16/2003,LAL,FL,ASO,ES,Federal Contract Tower,0,0,44,2,46,0,0,0,0,0,0,0,44,2,46,39,2,41,87
02/17/2003,LAL,FL,ASO,ES,Federal Contract Tower,0,0,58,0,58,0,0,132,0,132,0,0,190,0,190,177,0,177,367
02/18/2003,LAL,FL,ASO,ES,Federal Contract Tower,0,6,60,4,70,0,2,186,3,191,0,8,246,7,261,263,18,281,542
02/19/2003,LAL,FL,ASO,ES,Federal Contract Tower,0,2,50,6,58,0,3,210,2,215,0,5,260,8,273,269,2,271,544
02/20/2003,LAL,FL,ASO,ES,Federal Contract Tower,0,5,66,4,75,0,0,93,1,94,0,5,159,5,169,134,6,140,309
02/21/2003,LAL,FL,ASO,ES,Federal Contract Tower,0,0,58,4,62,0,0,134,1,135,0,0,192,5,197,176,8,184,381
02/22/2003,LAL,FL,ASO,ES,Federal Contract Tower,0,2,49,2,53,0,0,9,0,9,0,2,58,2,62,28,0,28,90
02/23/2003,LAL,FL,ASO,ES,Federal Contract Tower,0,3,21,0,24,0,0,265,0,265,0,3,286,0,289,185,0,185,474
02/24/2003,LAL,FL,ASO,ES,Federal Contract Tower,0,1,58,5,64,0,1,227,1,229,0,2,285,6,293,190,2,192,485
02/25/2003,LAL,FL,ASO,ES,Federal Contract Tower,0,8,57,0,65,0,0,183,0,183,0,8,240,0,248,202,0,202,450
02/26/2003,LAL,FL,ASO,ES,Federal Contract Tower,0,8,46,3,57,0,0,130,1,131,0,8,176,4,188,229,6,235,423
02/27/2003,LAL,FL,ASO,ES,Federal Contract Tower,0,6,61,0,67,0,0,12,0,12,0,6,73,0,79,71,0,71,150
02/28/2003,LAL,FL,ASO,ES,Federal Contract Tower,0,2,60,1,63,0,0,0,0,0,0,2,60,1,63,26,0,26,89
03/01/2003,LAL,FL,ASO,ES,Federal Contract Tower,0,0,55,0,55,0,0,103,0,103,0,0,158,0,158,158,0,158,316
03/02/2003,LAL,FL,ASO,ES,Federal Contract Tower,0,0,41,1,42,0,0,32,0,32,0,0,73,1,74,39,0,39,113
03/03/2003,LAL,FL,ASO,ES,Federal Contract Tower,0,0,50,0,50,0,2,157,2,161,0,2,207,2,211,112,4,116,327
03/04/2003,LAL,FL,ASO,ES,Federal Contract Tower,0,2,72,2,76,0,0,109,0,109,0,2,181,2,185,120,2,122,307
03/05/2003,LAL,FL,ASO,ES,Federal Contract Tower,0,3,50,0,53,0,0,210,0,210,0,3,260,0,263,155,0,155,418
03/06/2003,LAL,FL,ASO,ES,Federal Contract Tower,0,3,73,3,79,0,0,153,1,154,0,3,226,4,233,115,4,119,352
03/07/2003,LAL,FL,ASO,ES,Federal Contract Tower,0,7,81,1,89,0,0,111,2,113,0,7,192,3,202,162,1,163,365
03/08/2003,LAL,FL,ASO,ES,Federal Contract Tower,0,2,91,0,93,0,0,102,0,102,0,2,193,0,195,155,0,155,350
03/09/2003,LAL,FL,ASO,ES,Federal Contract Tower,0,0,56,2,58,0,0,154,2,156,0,0,210,4,214,86,0,86,300
03/10/2003,LAL,FL,ASO,ES,Federal Contract Tower,0,0,53,0,53,0,3,228,2,233,0,3,281,2,286,155,4,159,445
03/11/2003,LAL,FL,ASO,ES,Federal Contract Tower,0,3,43,6,52,0,3,176,0,179,0,6,219,6,231,152,31,183,414
03/12/2003,LAL,FL,ASO,ES,Federal Contract Tower,0,1,49,2,52,0,2,140,0,142,0,3,189,2,194,210,2,212,406
03/13/2003,LAL,FL,ASO,ES,Federal Contract Tower,0,2,46,0,48,0,2,163,0,165,0,4,209,0,213,191,0,191,404
03/14/2003,LAL,FL,ASO,ES,Federal Contract Tower,0,8,90,2,100,0,0,102,0,102,0,8,192,2,202,195,6,201,403
03/15/2003,LAL,FL,ASO,ES,Federal Contract Tower,0,0,63,0,63,0,1,144,2,147,0,1,207,2,210,199,0,199,409
03/16/2003,LAL,FL,ASO,ES,Federal Contract Tower,0,5,64,0,69,0,1,64,2,67,0,6,128,2,136,46,0,46,182
03/17/2003,LAL,FL,ASO,ES,Federal Contract Tower,0,1,38,3,42,0,2,73,1,76,0,3,111,4,118,53,4,57,175
03/18/2003,LAL,FL,ASO,ES,Federal Contract Tower,0,0,64,0,64,0,1,81,6,88,0,1,145,6,152,106,2,108,260
03/19/2003,LAL,FL,ASO,ES,Federal Contract Tower,2,1,80,3,86,0,0,62,0,62,2,1,142,3,148,115,6,121,269
03/20/2003,LAL,FL,ASO,ES,Federal Contract Tower,0,2,40,6,48,0,0,58,0,58,0,2,98,6,106,59,6,65,171
03/21/2003,LAL,FL,ASO,ES,Federal Contract Tower,0,0,53,10,63,0,0,29,0,29,0,0,82,10,92,17,16,33,125
03/22/2003,LAL,FL,ASO,ES,Federal Contract Tower,2,0,43,2,47,0,0,176,0,176,2,0,219,2,223,162,4,166,389
03/23/2003,LAL,FL,ASO,ES,Federal Contract Tower,0,0,40,0,40,0,0,0,0,0,0,0,40,0,40,21,0,21,61
03/24/2003,LAL,FL,ASO,ES,Federal Contract Tower,0,0,24,8,32,0,0,170,0,170,0,0,194,8,202,117,4,121,323
03/25/2003,LAL,FL,ASO,ES,Federal Contract Tower,0,0,46,4,50,0,0,154,0,154,0,0,200,4,204,140,16,156,360
03/26/2003,LAL,FL,ASO,ES,Federal Contract Tower,0,0,50,2,52,0,0,175,0,175,0,0,225,2,227,160,2,162,389
03/27/2003,LAL,FL,ASO,ES,Federal Contract Tower,0,2,37,2,41,0,1,72,0,73,0,3,109,2,114,102,2,104,218
03/28/2003,LAL,FL,ASO,ES,Federal Contract Tower,0,1,81,0,82,0,0,164,0,164,0,1,245,0,246,126,0,126,372
03/29/2003,LAL,FL,ASO,ES,Federal Contract Tower,0,3,37,2,42,0,0,291,0,291,0,3,328,2,333,150,2,152,485
03/30/2003,LAL,FL,ASO,ES,Federal Contract Tower,0,6,34,0,40,0,0,118,0,118,0,6,152,0,158,136,0,136,294
03/31/2003,LAL,FL,ASO,ES,Federal Contract Tower,0,0,0,0,0,0,0,494,0,494,0,0,494,0,494,100,0,100,594
04/01/2003,LAL,FL,ASO,ES,Federal Contract Tower,0,0,0,0,0,0,0,2199,0,2199,0,0,2199,0,2199,0,0,0,2199
04/02/2003,LAL,FL,ASO,ES,Federal Contract Tower,0,0,0,0,0,0,0,2327,0,2327,0,0,2327,0,2327,850,0,850,3177
04/03/2003,LAL,FL,ASO,ES,Federal Contract Tower,0,0,0,0,0,0,0,2500,0,2500,0,0,2500,0,2500,1273,0,1273,3773
04/04/2003,LAL,FL,ASO,ES,Federal Contract Tower,0,0,0,0,0,0,0,2500,0,2500,0,0,2500,0,2500,1831,0,1831,4331
04/05/2003,LAL,FL,ASO,ES,Federal Contract Tower,0,0,0,0,0,0,0,2376,0,2376,0,0,2376,0,2376,1182,0,1182,3558
04/06/2003,LAL,FL,ASO,ES,Federal Contract Tower,0,0,0,0,0,0,0,2500,0,2500,0,0,2500,0,2500,1090,0,1090,3590
04/07/2003,LAL,FL,ASO,ES,Federal Contract Tower,0,0,0,0,0,0,0,1174,0,1174,0,0,1174,0,1174,953,0,953,2127
04/08/2003,LAL,FL,ASO,ES,Federal Contract Tower,0,0,0,0,0,0,0,435,0,435,0,0,435,0,435,364,0,364,799
04/09/2003,LAL,FL,ASO,ES,Federal Contract Tower,0,2,53,2,57,0,0,249,0,249,0,2,302,2,306,75,14,89,395
04/10/2003,LAL,FL,ASO,ES,Federal Contract Tower,0,3,41,2,46,0,1,129,0,130,0,4,170,2,176,90,6,96,272
04/11/2003,LAL,FL,ASO,ES,Federal Contract Tower,0,0,38,0,38,0,2,182,2,186,0,2,220,2,224,118,0,118,342
04/12/2003,LAL,FL,ASO,ES,Federal Contract Tower,0,0,26,0,26,0,0,223,2,225,0,0,249,2,251,153,0,153,404
04/13/2003,LAL,FL,ASO,ES,Federal Contract Tower,0,1,17,4,22,0,2,224,2,228,0,3,241,6,250,180,0,180,430
04/14/2003,LAL,FL,ASO,ES,Federal Contract Tower,0,6,26,4,36,0,1,152,0,153,0,7,178,4,189,124,8,132,321
04/15/2003,LAL,FL,ASO,ES,Federal Contract Tower,0,2,45,2,49,0,0,119,0,119,0,2,164,2,168,134,4,138,306
04/16/2003,LAL,FL,ASO,ES,Federal Contract Tower,0,2,53,0,55,0,0,162,0,162,0,2,215,0,217,187,0,187,404
04/17/2003,LAL,FL,ASO,ES,Federal Contract Tower,0,6,57,2,65,0,1,226,0,227,0,7,283,2,292,182,4,186,478
04/18/2003,LAL,FL,ASO,ES,Federal Contract Tower,0,1,51,2,54,0,2,209,0,211,0,3,260,2,265,171,4,175,440
04/19/2003,LAL,FL,ASO,ES,Federal Contract Tower,0,0,31,0,31,0,2,236,0,238,0,2,267,0,269,184,0,184,453
04/20/2003,LAL,FL,ASO,ES,Federal Contract Tower,0,2,18,0,20,0,0,114,0,114,0,2,132,0,134,88,0,88,222
04/21/2003,LAL,FL,ASO,ES,Federal Contract Tower,0,1,31,6,38,0,2,143,0,145,0,3,174,6,183,83,10,93,276
04/22/2003,LAL,FL,ASO,ES,Federal Contract Tower,0,3,57,0,60,0,1,130,0,131,0,4,187,0,191,203,0,203,394
04/23/2003,LAL,FL,ASO,ES,Federal Contract Tower,0,2,40,0,42,0,0,210,2,212,0,2,250,2,254,112,6,118,372
04/24/2003,LAL,FL,ASO,ES,Federal Contract Tower,0,4,42,0,46,0,0,130,2,132,0,4,172,2,178,175,6,181,359
04/25/2003,LAL,FL,ASO,ES,Federal Contract Tower,0,2,30,2,34,0,0,79,2,81,0,2,109,4,115,184,2,186,301
04/26/2003,LAL,FL,ASO,ES,Federal Contract Tower,0,2,53,2,57,0,0,105,0,105,0,2,158,2,162,198,0,198,360
04/27/2003,LAL,FL,ASO,ES,Federal Contract Tower,0,3,34,0,37,0,1,172,0,173,0,4,206,0,210,138,0,138,348
04/28/2003,LAL,FL,ASO,ES,Federal Contract Tower,0,1,44,2,47,0,0,140,0,140,0,1,184,2,187,160,0,160,347
04/29/2003,LAL,FL,ASO,ES,Federal Contract Tower,0,6,51,1,58,0,5,92,0,97,0,11,143,1,155,110,1,111,266
04/30/2003,LAL,FL,ASO,ES,Federal Contract Tower,0,4,62,2,68,0,3,71,2,76,0,7,133,4,144,157,5,162,306
05/01/2003,LAL,FL,ASO,ES,Federal Contract Tower,0,0,68,0,68,0,4,113,2,119,0,4,181,2,187,122,4,126,313
05/02/2003,LAL,FL,ASO,ES,Federal Contract Tower,0,3,35,1,39,0,0,162,6,168,0,3,197,7,207,145,2,147,354
05/03/2003,LAL,FL,ASO,ES,Federal Contract Tower,0,1,27,1,29,0,0,161,1,162,0,1,188,2,191,151,0,151,342
05/04/2003,LAL,FL,ASO,ES,Federal Contract Tower,0,0,19,2,21,0,0,227,5,232,0,0,246,7,253,102,0,102,355
05/05/2003,LAL,FL,ASO,ES,Federal Contract Tower,0,0,31,4,35,0,0,132,0,132,0,0,163,4,167,183,10,193,360
05/06/2003,LAL,FL,ASO,ES,Federal Contract Tower,0,6,45,2,53,0,1,144,2,147,0,7,189,4,200,111,8,119,319
05/07/2003,LAL,FL,ASO,ES,Federal Contract Tower,0,5,60,5,70,0,0,132,0,132,0,5,192,5,202,159,18,177,379
05/08/2003,LAL,FL,ASO,ES,Federal Contract Tower,0,2,31,4,37,0,4,163,2,169,0,6,194,6,206,90,12,102,308
05/09/2003,LAL,FL,ASO,ES,Federal Contract Tower,0,5,45,2,52,0,0,179,0,179,0,5,224,2,231,153,0,153,384
05/10/2003,LAL,FL,ASO,ES,Federal Contract Tower,0,1,22,0,23,0,1,247,0,248,0,2,269,0,271,137,0,137,408
05/11/2003,LAL,FL,ASO,ES,Federal Contract Tower,0,0,30,0,30,0,0,125,0,125,0,0,155,0,155,68,0,68,223
05/12/2003,LAL,FL,ASO,ES,Federal Contract Tower,0,4,45,2,51,0,1,141,0,142,0,5,186,2,193,131,4,135,328
05/13/2003,LAL,FL,ASO,ES,Federal Contract Tower,0,2,46,0,48,0,3,126,0,129,0,5,172,0,177,134,0,134,311
05/14/2003,LAL,FL,ASO,ES,Federal Contract Tower,0,3,49,14,66,0,0,123,0,123,0,3,172,14,189,136,31,167,356
05/15/2003,LAL,FL,ASO,ES,Federal Contract Tower,0,3,41,2,46,0,2,138,0,140,0,5,179,2,186,176,0,176,362
05/16/2003,LAL,FL,ASO,ES,Federal Contract Tower,0,0,46,11,57,0,0,141,10,151,0,0,187,21,208,224,10,234,442
05/17/2003,LAL,FL,ASO,ES,Federal Contract Tower,0,2,16,0,18,0,0,175,0,175,0,2,191,0,193,225,0,225,418
05/18/2003,LAL,FL,ASO,ES,Federal Contract Tower,0,0,25,4,29,0,0,124,0,124,0,0,149,4,153,101,0,101,254
05/19/2003,LAL,FL,ASO,ES,Federal Contract Tower,0,0,41,6,47,0,0,127,1,128,0,0,168,7,175,184,0,184,359
05/20/2003,LAL,FL,ASO,ES,Federal Contract Tower,0,3,47,0,50,0,0,151,0,151,0,3,198,0,201,109,0,109,310
05/21/2003,LAL,FL,ASO,ES,Federal Contract Tower,0,5,47,3,55,0,0,123,0,123,0,5,170,3,178,190,1,191,369
05/22/2003,LAL,FL,ASO,ES,Federal Contract Tower,0,6,42,5,53,0,0,144,1,145,0,6,186,6,198,97,24,121,319
05/23/2003,LAL,FL,ASO,ES,Federal Contract Tower,0,0,67,0,67,0,0,103,0,103,0,0,170,0,170,179,0,179,349
05/24/2003,LAL,FL,ASO,ES,Federal Contract Tower,0,0,38,0,38,0,0,163,0,163,0,0,201,0,201,133,0,133,334
05/25/2003,LAL,FL,ASO,ES,Federal Contract Tower,0,2,19,0,21,0,0,157,0,157,0,2,176,0,178,85,0,85,263
05/26/2003,LAL,FL,ASO,ES,Federal Contract Tower,0,0,26,0,26,0,0,180,0,180,0,0,206,0,206,121,0,121,327
05/27/2003,LAL,FL,ASO,ES,Federal Contract Tower,0,0,36,5,41,0,0,142,0,142,0,0,178,5,183,151,13,164,347
05/28/2003,LAL,FL,ASO,ES,Federal Contract Tower,0,0,45,1,46,0,0,115,6,121,0,0,160,7,167,151,11,162,329
05/29/2003,LAL,FL,ASO,ES,Federal Contract Tower,0,0,43,2,45,0,2,185,0,187,0,2,228,2,232,125,0,125,357
05/30/2003,LAL,FL,ASO,ES,Federal Contract Tower,0,2,43,2,47,0,2,181,4,187,0,4,224,6,234,106,0,106,340
05/31/2003,LAL,FL,ASO,ES,Federal Contract Tower,0,0,26,0,26,0,0,229,0,229,0,0,255,0,255,94,0,94,349
06/01/2003,LAL,FL,ASO,ES,Federal Contract Tower,0,4,24,8,36,0,0,191,0,191,0,4,215,8,227,96,8,104,331
06/02/2003,LAL,FL,ASO,ES,Federal Contract Tower,0,1,42,0,43,0,0,156,0,156,0,1,198,0,199,126,0,126,325
06/03/2003,LAL,FL,ASO,ES,Federal Contract Tower,0,6,37,7,50,0,2,78,0,80,0,8,115,7,130,117,9,126,256
06/04/2003,LAL,FL,ASO,ES,Federal Contract Tower,0,1,53,0,54,0,0,107,0,107,0,1,160,0,161,74,0,74,235
06/05/2003,LAL,FL,ASO,ES,Federal Contract Tower,0,0,86,0,86,0,0,113,0,113,0,0,199,0,199,112,0,112,311
06/06/2003,LAL,FL,ASO,ES,Federal Contract Tower,0,4,31,0,35,0,0,151,0,151,0,4,182,0,186,159,0,159,345
06/07/2003,LAL,FL,ASO,ES,Federal Contract Tower,0,0,22,0,22,0,0,87,0,87,0,0,109,0,109,108,0,108,217
06/08/2003,LAL,FL,ASO,ES,Federal Contract Tower,0,0,27,0,27,0,5,68,0,73,0,5,95,0,100,125,0,125,225
06/09/2003,LAL,FL,ASO,ES,Federal Contract Tower,0,2,28,0,30,0,0,85,0,85,0,2,113,0,115,96,0,96,211
06/10/2003,LAL,FL,ASO,ES,Federal Contract Tower,0,2,102,2,106,0,3,54,0,57,0,5,156,2,163,118,0,118,281
06/11/2003,LAL,FL,ASO,ES,Federal Contract Tower,0,1,50,0,51,0,1,160,0,161,0,2,210,0,212,141,0,141,353
06/12/2003,LAL,FL,ASO,ES,Federal Contract Tower,0,3,35,2,40,0,0,122,0,122,0,3,157,2,162,128,2,130,292
06/13/2003,LAL,FL,ASO,ES,Federal Contract Tower,0,1,37,5,43,0,2,177,0,179,0,3,214,5,222,91,4,95,317
06/14/2003,LAL,FL,ASO,ES,Federal Contract Tower,0,0,37,0,37,0,0,223,0,223,0,0,260,0,260,102,0,102,362
06/15/2003,LAL,FL,ASO,ES,Federal Contract Tower,0,7,26,0,33,0,0,114,0,114,0,7,140,0,147,110,0,110,257
06/16/2003,LAL,FL,ASO,ES,Federal Contract Tower,0,1,26,5,32,0,1,132,0,133,0,2,158,5,165,99,23,122,287
06/17/2003,LAL,FL,ASO,ES,Federal Contract Tower,0,6,42,0,48,0,0,139,0,139,0,6,181,0,187,102,0,102,289
06/18/2003,LAL,FL,ASO,ES,Federal Contract Tower,0,2,28,0,30,0,0,54,0,54,0,2,82,0,84,32,0,32,116
06/19/2003,LAL,FL,ASO,ES,Federal Contract Tower,0,3,42,0,45,0,0,124,0,124,0,3,166,0,169,86,0,86,255
06/20/2003,LAL,FL,ASO,ES,Federal Contract Tower,0,4,42,0,46,0,0,46,0,46,0,4,88,0,92,18,0,18,110
06/21/2003,LAL,FL,ASO,ES,Federal Contract Tower,0,1,32,0,33,0,0,28,0,28,0,1,60,0,61,39,0,39,100
06/22/2003,LAL,FL,ASO,ES,Federal Contract Tower,0,3,25,0,28,0,0,0,0,0,0,3,25,0,28,2,0,2,30
06/23/2003,LAL,FL,ASO,ES,Federal Contract Tower,0,2,65,4,71,0,0,30,2,32,0,2,95,6,103,55,4,59,162
06/24/2003,LAL,FL,ASO,ES,Federal Contract Tower,0,7,58,4,69,0,3,179,0,182,0,10,237,4,251,94,20,114,365
06/25/2003,LAL,FL,ASO,ES,Federal Contract Tower,0,0,55,0,55,0,0,215,0,215,0,0,270,0,270,169,0,169,439
06/26/2003,LAL,FL,ASO,ES,Federal Contract Tower,0,3,45,2,50,0,1,187,1,189,0,4,232,3,239,224,4,228,467
06/27/2003,LAL,FL,ASO,ES,Federal Contract Tower,0,1,35,3,39,0,0,155,3,158,0,1,190,6,197,182,8,190,387
06/28/2003,LAL,FL,ASO,ES,Federal Contract Tower,0,0,12,0,12,0,0,171,0,171,0,0,183,0,183,214,0,214,397
06/29/2003,LAL,FL,ASO,ES,Federal Contract Tower,0,2,30,0,32,0,0,137,0,137,0,2,167,0,169,211,0,211,380
06/30/2003,LAL,FL,ASO,ES,Federal Contract Tower,0,0,29,0,29,0,0,104,0,104,0,0,133,0,133,227,0,227,360
07/01/2003,LAL,FL,ASO,ES,Federal Contract Tower,0,4,43,1,48,0,0,100,0,100,0,4,143,1,148,155,3,158,306
07/02/2003,LAL,FL,ASO,ES,Federal Contract Tower,0,2,31,1,34,0,0,133,1,134,0,2,164,2,168,194,24,218,386
07/03/2003,LAL,FL,ASO,ES,Federal Contract Tower,0,0,44,0,44,0,2,175,2,179,0,2,219,2,223,224,0,224,447
07/04/2003,LAL,FL,ASO,ES,Federal Contract Tower,0,2,21,0,23,0,0,169,0,169,0,2,190,0,192,179,0,179,371
07/05/2003,LAL,FL,ASO,ES,Federal Contract Tower,0,0,19,0,19,0,0,236,0,236,0,0,255,0,255,116,0,116,371
07/06/2003,LAL,FL,ASO,ES,Federal Contract Tower,0,2,29,0,31,0,0,171,0,171,0,2,200,0,202,106,0,106,308
07/07/2003,LAL,FL,ASO,ES,Federal Contract Tower,0,2,44,0,46,0,1,128,0,129,0,3,172,0,175,104,0,104,279
07/08/2003,LAL,FL,ASO,ES,Federal Contract Tower,0,3,49,0,52,0,3,123,0,126,0,6,172,0,178,161,0,161,339
07/09/2003,LAL,FL,ASO,ES,Federal Contract Tower,0,1,35,0,36,0,0,136,0,136,0,1,171,0,172,109,0,109,281
07/10/2003,LAL,FL,ASO,ES,Federal Contract Tower,0,0,38,0,38,0,0,150,0,150,0,0,188,0,188,198,0,198,386
07/11/2003,LAL,FL,ASO,ES,Federal Contract Tower,0,4,29,0,33,0,1,122,1,124,0,5,151,1,157,130,2,132,289
07/12/2003,LAL,FL,ASO,ES,Federal Contract Tower,0,5,28,0,33,0,1,155,3,159,0,6,183,3,192,91,1,92,284
07/13/2003,LAL,FL,ASO,ES,Federal Contract Tower,0,2,44,0,46,0,0,118,0,118,0,2,162,0,164,61,0,61,225
07/14/2003,LAL,FL,ASO,ES,Federal Contract Tower,0,0,21,6,27,0,0,79,0,79,0,0,100,6,106,79,28,107,213
07/15/2003,LAL,FL,ASO,ES,Federal Contract Tower,0,6,44,0,50,0,0,165,0,165,0,6,209,0,215,161,0,161,376
07/16/2003,LAL,FL,ASO,ES,Federal Contract Tower,0,3,46,0,49,0,0,145,0,145,0,3,191,0,194,196,0,196,390
07/17/2003,LAL,FL,ASO,ES,Federal Contract Tower,0,0,25,2,27,0,0,165,2,167,0,0,190,4,194,278,2,280,474
07/18/2003,LAL,FL,ASO,ES,Federal Contract Tower,0,0,29,0,29,0,0,162,2,164,0,0,191,2,193,213,0,213,406
07/19/2003,LAL,FL,ASO,ES,Federal Contract Tower,0,2,20,0,22,0,0,167,0,167,0,2,187,0,189,183,0,183,372
07/20/2003,LAL,FL,ASO,ES,Federal Contract Tower,0,0,25,0,25,0,0,168,0,168,0,0,193,0,193,157,0,157,350
07/21/2003,LAL,FL,ASO,ES,Federal Contract Tower,0,2,38,2,42,0,0,144,0,144,0,2,182,2,186,183,6,189,375
07/22/2003,LAL,FL,ASO,ES,Federal Contract Tower,0,4,47,0,51,0,0,86,0,86,0,4,133,0,137,221,0,221,358
07/23/2003,LAL,FL,ASO,ES,Federal Contract Tower,0,3,32,0,35,0,0,140,0,140,0,3,172,0,175,169,0,169,344
07/24/2003,LAL,FL,ASO,ES,Federal Contract Tower,0,0,62,4,66,0,1,136,0,137,0,1,198,4,203,140,21,161,364
07/25/2003,LAL,FL,ASO,ES,Federal Contract Tower,0,0,38,3,41,0,0,128,2,130,0,0,166,5,171,187,0,187,358
07/26/2003,LAL,FL,ASO,ES,Federal Contract Tower,0,3,28,0,31,0,2,158,0,160,0,5,186,0,191,132,0,132,323
07/27/2003,LAL,FL,ASO,ES,Federal Contract Tower,0,5,37,1,43,0,4,132,0,136,0,9,169,1,179,157,0,157,336
07/28/2003,LAL,FL,ASO,ES,Federal Contract Tower,0,0,30,2,32,0,0,140,0,140,0,0,170,2,172,155,0,155,327
07/29/2003,LAL,FL,ASO,ES,Federal Contract Tower,0,2,36,0,38,0,0,147,0,147,0,2,183,0,185,206,0,206,391
07/30/2003,LAL,FL,ASO,ES,Federal Contract Tower,0,1,22,0,23,0,2,164,2,168,0,3,186,2,191,186,0,186,377
07/31/2003,LAL,FL,ASO,ES,Federal Contract Tower,0,0,38,5,43,0,0,114,1,115,0,0,152,6,158,128,0,128,286
08/01/2003,LAL,FL,ASO,ES,Federal Contract Tower,0,4,34,2,40,0,0,126,0,126,0,4,160,2,166,138,8,146,312
08/02/2003,LAL,FL,ASO,ES,Federal Contract Tower,0,0,39,0,39,0,0,151,0,151,0,0,190,0,190,143,0,143,333
08/03/2003,LAL,FL,ASO,ES,Federal Contract Tower,0,6,43,0,49,0,0,146,0,146,0,6,189,0,195,93,0,93,288
08/04/2003,LAL,FL,ASO,ES,Federal Contract Tower,0,0,43,4,47,0,0,125,0,125,0,0,168,4,172,156,10,166,338
08/05/2003,LAL,FL,ASO,ES,Federal Contract Tower,0,6,55,3,64,0,0,98,1,99,0,6,153,4,163,195,8,203,366
08/06/2003,LAL,FL,ASO,ES,Federal Contract Tower,0,0,48,3,51,0,0,130,7,137,0,0,178,10,188,196,18,214,402
08/07/2003,LAL,FL,ASO,ES,Federal Contract Tower,0,0,30,2,32,0,0,69,0,69,0,0,99,2,101,56,0,56,157
08/08/2003,LAL,FL,ASO,ES,Federal Contract Tower,0,2,29,3,34,0,2,106,0,108,0,4,135,3,142,127,0,127,269
08/09/2003,LAL,FL,ASO,ES,Federal Contract Tower,0,3,45,0,48,0,0,155,0,155,0,3,200,0,203,130,0,130,333
08/10/2003,LAL,FL,ASO,ES,Federal Contract Tower,0,2,28,3,33,0,0,86,0,86,0,2,114,3,119,180,12,192,311
08/11/2003,LAL,FL,ASO,ES,Federal Contract Tower,0,5,52,2,59,0,0,128,0,128,0,5,180,2,187,162,0,162,349
08/12/2003,LAL,FL,ASO,ES,Federal Contract Tower,0,2,40,2,44,0,0,213,0,213,0,2,253,2,257,184,8,192,449
08/13/2003,LAL,FL,ASO,ES,Federal Contract Tower,0,0,54,0,54,0,1,140,0,141,0,1,194,0,195,176,0,176,371
08/14/2003,LAL,FL,ASO,ES,Federal Contract Tower,0,4,39,0,43,0,0,87,1,88,0,4,126,1,131,146,0,146,277
08/15/2003,LAL,FL,ASO,ES,Federal Contract Tower,0,0,52,11,63,0,0,123,0,123,0,0,175,11,186,144,20,164,350
08/16/2003,LAL,FL,ASO,ES,Federal Contract Tower,0,2,65,0,67,0,0,130,0,130,0,2,195,0,197,197,0,197,394
08/17/2003,LAL,FL,ASO,ES,Federal Contract Tower,0,2,26,2,30,0,0,179,2,181,0,2,205,4,211,135,0,135,346
08/18/2003,LAL,FL,ASO,ES,Federal Contract Tower,0,0,47,4,51,0,0,119,0,119,0,0,166,4,170,137,8,145,315
08/19/2003,LAL,FL,ASO,ES,Federal Contract Tower,0,5,56,0,61,0,0,144,2,146,0,5,200,2,207,154,0,154,361
08/20/2003,LAL,FL,ASO,ES,Federal Contract Tower,0,6,61,2,69,0,1,73,0,74,0,7,134,2,143,101,12,113,256
08/21/2003,LAL,FL,ASO,ES,Federal Contract Tower,0,0,61,0,61,0,0,139,2,141,0,0,200,2,202,67,6,73,275
08/22/2003,LAL,FL,ASO,ES,Federal Contract Tower,0,4,58,7,69,0,0,127,0,127,0,4,185,7,196,127,39,166,362
08/23/2003,LAL,FL,ASO,ES,Federal Contract Tower,0,0,21,1,22,0,0,146,0,146,0,0,167,1,168,191,0,191,359
08/24/2003,LAL,FL,ASO,ES,Federal Contract Tower,0,4,40,2,46,0,0,142,0,142,0,4,182,2,188,157,0,157,345
08/25/2003,LAL,FL,ASO,ES,Federal Contract Tower,0,4,71,2,77,0,3,127,2,132,0,7,198,4,209,181,0,181,390
08/26/2003,LAL,FL,ASO,ES,Federal Contract Tower,0,0,47,2,49,0,0,165,0,165,0,0,212,2,214,146,8,154,368
08/27/2003,LAL,FL,ASO,ES,Federal Contract Tower,0,1,47,4,52,0,1,124,0,125,0,2,171,4,177,77,18,95,272
08/28/2003,LAL,FL,ASO,ES,Federal Contract Tower,0,0,57,0,57,0,1,163,0,164,0,1,220,0,221,137,0,137,358
08/29/2003,LAL,FL,ASO,ES,Federal Contract Tower,0,2,45,4,51,0,2,139,0,141,0,4,184,4,192,94,0,94,286
08/30/2003,LAL,FL,ASO,ES,Federal Contract Tower,0,0,31,0,31,0,0,152,0,152,0,0,183,0,183,195,0,195,378
08/31/2003,LAL,FL,ASO,ES,Federal Contract Tower,0,0,20,0,20,0,0,138,0,138,0,0,158,0,158,175,0,175,333
09/01/2003,LAL,FL,ASO,ES,Federal Contract Tower,0,2,34,2,38,0,0,195,0,195,0,2,229,2,233,92,2,94,327
09/02/2003,LAL,FL,ASO,ES,Federal Contract Tower,0,4,37,1,42,0,0,122,4,126,0,4,159,5,168,157,30,187,355
09/03/2003,LAL,FL,ASO,ES,Federal Contract Tower,0,2,51,2,55,0,0,58,0,58,0,2,109,2,113,107,8,115,228
09/04/2003,LAL,FL,ASO,ES,Federal Contract Tower,0,0,31,2,33,0,0,154,0,154,0,0,185,2,187,153,6,159,346
09/05/2003,LAL,FL,ASO,ES,Federal Contract Tower,0,2,24,0,26,0,0,121,0,121,0,2,145,0,147,112,0,112,259
09/06/2003,LAL,FL,ASO,ES,Federal Contract Tower,0,0,45,0,45,0,0,131,0,131,0,0,176,0,176,110,0,110,286
09/07/2003,LAL,FL,ASO,ES,Federal Contract Tower,0,0,52,0,52,0,0,105,0,105,0,0,157,0,157,188,0,188,345
09/08/2003,LAL,FL,ASO,ES,Federal Contract Tower,0,0,50,7,57,0,1,108,0,109,0,1,158,7,166,185,44,229,395
09/09/2003,LAL,FL,ASO,ES,Federal Contract Tower,0,4,46,0,50,0,0,141,0,141,0,4,187,0,191,124,0,124,315
09/10/2003,LAL,FL,ASO,ES,Federal Contract Tower,0,2,33,2,37,0,1,121,0,122,0,3,154,2,159,163,30,193,352
09/11/2003,LAL,FL,ASO,ES,Federal Contract Tower,0,0,44,0,44,0,0,124,0,124,0,0,168,0,168,153,0,153,321
09/12/2003,LAL,FL,ASO,ES,Federal Contract Tower,0,2,22,23,47,0,0,145,10,155,0,2,167,33,202,121,7,128,330
09/13/2003,LAL,FL,ASO,ES,Federal Contract Tower,0,0,16,2,18,0,0,221,0,221,0,0,237,2,239,160,0,160,399
09/14/2003,LAL,FL,ASO,ES,Federal Contract Tower,0,0,44,13,57,0,0,154,3,157,0,0,198,16,214,132,8,140,354
09/15/2003,LAL,FL,ASO,ES,Federal Contract Tower,0,2,47,0,49,0,0,182,0,182,0,2,229,0,231,129,0,129,360
09/16/2003,LAL,FL,ASO,ES,Federal Contract Tower,0,9,51,0,60,0,1,72,0,73,0,10,123,0,133,72,0,72,205
09/17/2003,LAL,FL,ASO,ES,Federal Contract Tower,0,0,51,0,51,0,2,123,2,127,0,2,174,2,178,155,0,155,333
09/18/2003,LAL,FL,ASO,ES,Federal Contract Tower,0,1,35,1,37,0,1,132,1,134,0,2,167,2,171,167,0,167,338
09/19/2003,LAL,FL,ASO,ES,Federal Contract Tower,0,1,42,4,47,0,2,176,0,178,0,3,218,4,225,131,8,139,364
09/20/2003,LAL,FL,ASO,ES,Federal Contract Tower,0,0,48,1,49,0,0,188,1,189,0,0,236,2,238,127,2,129,367
09/21/2003,LAL,FL,ASO,ES,Federal Contract Tower,0,0,30,4,34,0,0,195,0,195,0,0,225,4,229,120,6,126,355
09/22/2003,LAL,FL,ASO,ES,Federal Contract Tower,0,0,39,0,39,0,0,187,2,189,0,0,226,2,228,178,4,182,410
09/23/2003,LAL,FL,ASO,ES,Federal Contract Tower,0,0,37,5,42,0,3,89,0,92,0,3,126,5,134,112,11,123,257
09/24/2003,LAL,FL,ASO,ES,Federal Contract Tower,0,0,64,3,67,0,1,156,4,161,0,1,220,7,228,168,4,172,400
09/25/2003,LAL,FL,ASO,ES,Federal Contract Tower,0,0,48,2,50,0,0,112,0,112,0,0,160,2,162,154,8,162,324
09/26/2003,LAL,FL,ASO,ES,Federal Contract Tower,0,0,30,1,31,0,0,65,1,66,0,0,95,2,97,159,0,159,256
09/27/2003,LAL,FL,ASO,ES,Federal Contract Tower,0,0,15,0,15,0,0,149,6,155,0,0,164,6,170,133,0,133,303
09/28/2003,LAL,FL,ASO,ES,Federal Contract Tower,0,0,32,4,36,0,0,153,0,153,0,0,185,4,189,104,4,108,297
09/29/2003,LAL,FL,ASO,ES,Federal Contract Tower,0,6,56,2,64,0,1,138,0,139,0,7,194,2,203,155,4,159,362
09/30/2003,LAL,FL,ASO,ES,Federal Contract Tower,0,5,58,0,63,0,1,74,0,75,0,6,132,0,138,81,0,81,219
10/01/2003,LAL,FL,ASO,ES,Federal Contract Tower,0,0,37,2,39,0,0,153,0,153,0,0,190,2,192,157,0,157,349
10/02/2003,LAL,FL,ASO,ES,Federal Contract Tower,0,0,51,2,53,0,0,144,0,144,0,0,195,2,197,196,3,199,396
10/03/2003,LAL,FL,ASO,ES,Federal Contract Tower,0,3,54,5,62,0,0,132,11,143,0,3,186,16,205,175,4,179,384
10/04/2003,LAL,FL,ASO,ES,Federal Contract Tower,0,3,40,0,43,0,0,215,0,215,0,3,255,0,258,103,0,103,361
10/05/2003,LAL,FL,ASO,ES,Federal Contract Tower,0,2,24,3,29,0,1,169,6,176,0,3,193,9,205,185,0,185,390
10/06/2003,LAL,FL,ASO,ES,Federal Contract Tower,0,1,33,0,34,0,0,135,0,135,0,1,168,0,169,172,0,172,341
10/07/2003,LAL,FL,ASO,ES,Federal Contract Tower,0,3,38,4,45,0,5,79,0,84,0,8,117,4,129,144,14,158,287
10/08/2003,LAL,FL,ASO,ES,Federal Contract Tower,0,5,56,4,65,0,3,108,0,111,0,8,164,4,176,175,4,179,355
10/09/2003,LAL,FL,ASO,ES,Federal Contract Tower,0,4,44,0,48,0,0,184,0,184,0,4,228,0,232,180,0,180,412
10/10/2003,LAL,FL,ASO,ES,Federal Contract Tower,0,4,46,5,55,0,0,146,0,146,0,4,192,5,201,175,8,183,384
10/11/2003,LAL,FL,ASO,ES,Federal Contract Tower,0,2,22,0,24,0,0,173,0,173,0,2,195,0,197,219,0,219,416
10/12/2003,LAL,FL,ASO,ES,Federal Contract Tower,0,3,34,0,37,0,0,117,0,117,0,3,151,0,154,134,0,134,288
10/13/2003,LAL,FL,ASO,ES,Federal Contract Tower,0,2,39,1,42,0,0,132,0,132,0,2,171,1,174,88,0,88,262
10/14/2003,LAL,FL,ASO,ES,Federal Contract Tower,0,4,40,4,48,0,0,123,2,125,0,4,163,6,173,162,6,168,341
10/15/2003,LAL,FL,ASO,ES,Federal Contract Tower,0,1,44,0,45,0,0,125,0,125,0,1,169,0,170,170,0,170,340
10/16/2003,LAL,FL,ASO,ES,Federal Contract Tower,0,3,31,2,36,0,1,168,0,169,0,4,199,2,205,143,5,148,353
10/17/2003,LAL,FL,ASO,ES,Federal Contract Tower,0,3,46,2,51,0,0,149,0,149,0,3,195,2,200,128,14,142,342
10/18/2003,LAL,FL,ASO,ES,Federal Contract Tower,0,3,32,0,35,0,3,235,0,238,0,6,267,0,273,121,0,121,394
10/19/2003,LAL,FL,ASO,ES,Federal Contract Tower,0,3,32,0,35,0,5,170,0,175,0,8,202,0,210,166,0,166,376
10/20/2003,LAL,FL,ASO,ES,Federal Contract Tower,0,2,38,2,42,0,0,89,0,89,0,2,127,2,131,144,0,144,275
10/21/2003,LAL,FL,ASO,ES,Federal Contract Tower,0,3,40,2,45,0,1,115,0,116,0,4,155,2,161,150,10,160,321
10/22/2003,LAL,FL,ASO,ES,Federal Contract Tower,0,2,30,0,32,0,0,123,0,123,0,2,153,0,155,176,0,176,331
10/23/2003,LAL,FL,ASO,ES,Federal Contract Tower,0,4,41,2,47,0,0,161,0,161,0,4,202,2,208,178,0,178,386
10/24/2003,LAL,FL,ASO,ES,Federal Contract Tower,0,5,62,5,72,0,9,137,8,154,0,14,199,13,226,176,24,200,426
10/25/2003,LAL,FL,ASO,ES,Federal Contract Tower,0,2,28,0,30,0,18,206,0,224,0,20,234,0,254,154,0,154,408
10/26/2003,LAL,FL,ASO,ES,Federal Contract Tower,0,2,29,2,33,0,30,177,1,208,0,32,206,3,241,168,6,174,415
10/27/2003,LAL,FL,ASO,ES,Federal Contract Tower,0,4,49,4,57,0,5,124,6,135,0,9,173,10,192,133,25,158,350
10/28/2003,LAL,FL,ASO,ES,Federal Contract Tower,0,2,28,2,32,0,3,102,2,107,0,5,130,4,139,129,0,129,268
10/29/2003,LAL,FL,ASO,ES,Federal Contract Tower,0,4,44,3,51,0,1,119,1,121,0,5,163,4,172,153,0,153,325
10/30/2003,LAL,FL,ASO,ES,Federal Contract Tower,0,3,30,2,35,0,1,177,1,179,0,4,207,3,214,137,0,137,351
10/31/2003,LAL,FL,ASO,ES,Federal Contract Tower,0,2,42,3,47,0,0,103,4,107,0,2,145,7,154,200,8,208,362
11/01/2003,LAL,FL,ASO,ES,Federal Contract Tower,0,1,24,0,25,0,0,172,0,172,0,1,196,0,197,133,0,133,330
11/02/2003,LAL,FL,ASO,ES,Federal Contract Tower,0,0,24,0,24,0,0,100,0,100,0,0,124,0,124,76,0,76,200
11/03/2003,LAL,FL,ASO,ES,Federal Contract Tower,0,0,47,2,49,0,0,151,4,155,0,0,198,6,204,70,8,78,282
11/04/2003,LAL,FL,ASO,ES,Federal Contract Tower,0,0,43,0,43,0,0,142,0,142,0,0,185,0,185,136,0,136,321
11/05/2003,LAL,FL,ASO,ES,Federal Contract Tower,0,0,38,2,40,0,0,103,4,107,0,0,141,6,147,165,3,168,315
11/06/2003,LAL,FL,ASO,ES,Federal Contract Tower,0,2,48,0,50,0,2,82,0,84,0,4,130,0,134,110,0,110,244
11/07/2003,LAL,FL,ASO,ES,Federal Contract Tower,0,0,70,3,73,0,0,167,13,180,0,0,237,16,253,77,8,85,338
11/08/2003,LAL,FL,ASO,ES,Federal Contract Tower,0,0,27,2,29,0,0,524,0,524,0,0,551,2,553,273,0,273,826
11/09/2003,LAL,FL,ASO,ES,Federal Contract Tower,0,2,64,3,69,0,0,41,7,48,0,2,105,10,117,53,4,57,174
11/10/2003,LAL,FL,ASO,ES,Federal Contract Tower,0,0,71,0,71,0,0,100,0,100,0,0,171,0,171,102,0,102,273
11/11/2003,LAL,FL,ASO,ES,Federal Contract Tower,0,1,48,0,49,0,0,138,0,138,0,1,186,0,187,207,0,207,394
11/12/2003,LAL,FL,ASO,ES,Federal Contract Tower,0,1,47,0,48,0,0,203,0,203,0,1,250,0,251,202,0,202,453
11/13/2003,LAL,FL,ASO,ES,Federal Contract Tower,0,0,41,0,41,0,0,159,0,159,0,0,200,0,200,160,0,160,360
11/14/2003,LAL,FL,ASO,ES,Federal Contract Tower,0,2,47,2,51,0,3,166,6,175,0,5,213,8,226,172,18,190,416
11/15/2003,LAL,FL,ASO,ES,Federal Contract Tower,0,2,37,0,39,0,1,270,0,271,0,3,307,0,310,180,0,180,490
11/16/2003,LAL,FL,ASO,ES,Federal Contract Tower,0,0,26,3,29,0,0,225,1,226,0,0,251,4,255,132,0,132,387
11/17/2003,LAL,FL,ASO,ES,Federal Contract Tower,0,1,43,2,46,0,2,140,0,142,0,3,183,2,188,157,8,165,353
11/18/2003,LAL,FL,ASO,ES,Federal Contract Tower,0,1,60,2,63,0,5,144,0,149,0,6,204,2,212,155,4,159,371
11/19/2003,LAL,FL,ASO,ES,Federal Contract Tower,0,0,31,0,31,0,4,128,0,132,0,4,159,0,163,25,0,25,188
11/20/2003,LAL,FL,ASO,ES,Federal Contract Tower,0,1,37,1,39,0,7,209,5,221,0,8,246,6,260,99,10,109,369
11/21/2003,LAL,FL,ASO,ES,Federal Contract Tower,0,0,32,0,32,0,5,220,0,225,0,5,252,0,257,89,0,89,346
11/22/2003,LAL,FL,ASO,ES,Federal Contract Tower,0,1,33,0,34,0,0,225,0,225,0,1,258,0,259,136,0,136,395
11/23/2003,LAL,FL,ASO,ES,Federal Contract Tower,0,0,22,0,22,0,0,215,0,215,0,0,237,0,237,113,0,113,350
11/24/2003,LAL,FL,ASO,ES,Federal Contract Tower,0,1,46,2,49,0,2,127,0,129,0,3,173,2,178,186,10,196,374
11/25/2003,LAL,FL,ASO,ES,Federal Contract Tower,0,0,73,0,73,0,0,90,0,90,0,0,163,0,163,109,0,109,272
11/26/2003,LAL,FL,ASO,ES,Federal Contract Tower,0,1,48,0,49,0,2,103,0,105,0,3,151,0,154,154,0,154,308
11/27/2003,LAL,FL,ASO,ES,Federal Contract Tower,0,0,10,0,10,0,0,149,0,149,0,0,159,0,159,59,0,59,218
11/28/2003,LAL,FL,ASO,ES,Federal Contract Tower,0,0,19,0,19,0,2,185,0,187,0,2,204,0,206,152,0,152,358
11/29/2003,LAL,FL,ASO,ES,Federal Contract Tower,0,0,30,0,30,0,0,140,0,140,0,0,170,0,170,149,0,149,319
11/30/2003,LAL,FL,ASO,ES,Federal Contract Tower,0,0,29,0,29,0,0,166,0,166,0,0,195,0,195,131,0,131,326
12/01/2003,LAL,FL,ASO,ES,Federal Contract Tower,0,0,29,0,29,0,0,143,0,143,0,0,172,0,172,164,0,164,336
12/02/2003,LAL,FL,ASO,ES,Federal Contract Tower,0,3,47,2,52,0,1,107,2,110,0,4,154,4,162,118,22,140,302
12/03/2003,LAL,FL,ASO,ES,Federal Contract Tower,0,4,43,1,48,0,1,130,1,132,0,5,173,2,180,154,0,154,334
12/04/2003,LAL,FL,ASO,ES,Federal Contract Tower,0,3,45,0,48,0,1,137,0,138,0,4,182,0,186,151,0,151,337
12/05/2003,LAL,FL,ASO,ES,Federal Contract Tower,0,0,61,0,61,0,0,89,0,89,0,0,150,0,150,148,0,148,298
12/06/2003,LAL,FL,ASO,ES,Federal Contract Tower,0,0,23,0,23,0,0,181,0,181,0,0,204,0,204,56,0,56,260
12/07/2003,LAL,FL,ASO,ES,Federal Contract Tower,0,1,28,0,29,0,1,195,0,196,0,2,223,0,225,144,0,144,369
12/08/2003,LAL,FL,ASO,ES,Federal Contract Tower,0,0,44,3,47,0,0,136,3,139,0,0,180,6,186,132,29,161,347
12/09/2003,LAL,FL,ASO,ES,Federal Contract Tower,0,2,44,0,46,0,4,119,0,123,0,6,163,0,169,161,0,161,330
12/10/2003,LAL,FL,ASO,ES,Federal Contract Tower,0,3,58,2,63,0,5,105,0,110,0,8,163,2,173,82,19,101,274
12/11/2003,LAL,FL,ASO,ES,Federal Contract Tower,0,2,38,0,40,0,2,151,0,153,0,4,189,0,193,134,0,134,327
12/12/2003,LAL,FL,ASO,ES,Federal Contract Tower,0,4,65,3,72,0,5,177,15,197,0,9,242,18,269,181,0,181,450
12/13/2003,LAL,FL,ASO,ES,Federal Contract Tower,0,1,27,0,28,0,0,188,0,188,0,1,215,0,216,153,0,153,369
12/14/2003,LAL,FL,ASO,ES,Federal Contract Tower,0,0,26,2,28,0,0,54,0,54,0,0,80,2,82,70,0,70,152
12/15/2003,LAL,FL,ASO,ES,Federal Contract Tower,0,3,42,2,47,0,0,152,0,152,0,3,194,2,199,179,0,179,378
12/16/2003,LAL,FL,ASO,ES,Federal Contract Tower,0,3,42,0,45,0,0,127,0,127,0,3,169,0,172,132,0,132,304
12/17/2003,LAL,FL,ASO,ES,Federal Contract Tower,0,1,24,0,25,0,2,41,0,43,0,3,65,0,68,73,0,73,141
12/18/2003,LAL,FL,ASO,ES,Federal Contract Tower,0,2,48,2,52,0,3,171,0,174,0,5,219,2,226,183,0,183,409
12/19/2003,LAL,FL,ASO,ES,Federal Contract Tower,0,3,41,1,45,0,1,156,1,158,0,4,197,2,203,124,2,126,329
12/20/2003,LAL,FL,ASO,ES,Federal Contract Tower,0,2,46,0,48,0,1,194,0,195,0,3,240,0,243,136,0,136,379
12/21/2003,LAL,FL,ASO,ES,Federal Contract Tower,0,1,27,1,29,0,1,179,1,181,0,2,206,2,210,110,4,114,324
12/22/2003,LAL,FL,ASO,ES,Federal Contract Tower,0,1,33,1,35,0,0,143,2,145,0,1,176,3,180,154,9,163,343
12/23/2003,LAL,FL,ASO,ES,Federal Contract Tower,0,2,33,1,36,0,2,168,5,175,0,4,201,6,211,147,16,163,374
12/24/2003,LAL,FL,ASO,ES,Federal Contract Tower,0,0,17,0,17,0,0,145,0,145,0,0,162,0,162,91,0,91,253
12/25/2003,LAL,FL,ASO,ES,Federal Contract Tower,0,0,9,0,9,0,0,42,0,42,0,0,51,0,51,34,0,34,85
12/26/2003,LAL,FL,ASO,ES,Federal Contract Tower,0,1,24,0,25,0,4,228,0,232,0,5,252,0,257,108,0,108,365
12/27/2003,LAL,FL,ASO,ES,Federal Contract Tower,0,2,31,0,33,0,2,208,0,210,0,4,239,0,243,123,0,123,366
12/28/2003,LAL,FL,ASO,ES,Federal Contract Tower,0,0,16,0,16,0,0,271,0,271,0,0,287,0,287,112,0,112,399
12/29/2003,LAL,FL,ASO,ES,Federal Contract Tower,0,0,25,0,25,0,0,151,0,151,0,0,176,0,176,162,0,162,338
12/30/2003,LAL,FL,ASO,ES,Federal Contract Tower,0,2,46,2,50,0,0,185,0,185,0,2,231,2,235,170,0,170,405
12/31/2003,LAL,FL,ASO,ES,Federal Contract Tower,0,0,27,0,27,0,0,142,0,142,0,0,169,0,169,178,0,178,347
01/01/2004,LAL,FL,ASO,ES,Federal Contract Tower,0,1,11,0,12,0,1,145,0,146,0,2,156,0,158,134,2,136,294
01/02/2004,LAL,FL,ASO,ES,Federal Contract Tower,0,2,20,0,22,0,0,173,0,173,0,2,193,0,195,130,0,130,325
01/03/2004,LAL,FL,ASO,ES,Federal Contract Tower,0,0,18,0,18,0,0,173,0,173,0,0,191,0,191,107,0,107,298
01/04/2004,LAL,FL,ASO,ES,Federal Contract Tower,0,2,18,0,20,0,0,180,0,180,0,2,198,0,200,138,0,138,338
01/05/2004,LAL,FL,ASO,ES,Federal Contract Tower,0,0,33,2,35,0,0,119,0,119,0,0,152,2,154,146,26,172,326
01/06/2004,LAL,FL,ASO,ES,Federal Contract Tower,0,3,46,4,53,0,3,126,2,131,0,6,172,6,184,113,16,129,313
01/07/2004,LAL,FL,ASO,ES,Federal Contract Tower,0,3,39,4,46,0,0,171,2,173,0,3,210,6,219,98,36,134,353
01/08/2004,LAL,FL,ASO,ES,Federal Contract Tower,0,2,31,2,35,0,5,219,0,224,0,7,250,2,259,172,8,180,439
01/09/2004,LAL,FL,ASO,ES,Federal Contract Tower,0,2,56,5,63,0,0,86,23,109,0,2,142,28,172,104,42,146,318
01/10/2004,LAL,FL,ASO,ES,Federal Contract Tower,0,0,54,5,59,0,0,116,5,121,0,0,170,10,180,115,10,125,305
01/11/2004,LAL,FL,ASO,ES,Federal Contract Tower,0,0,39,3,42,0,0,169,21,190,0,0,208,24,232,174,4,178,410
01/12/2004,LAL,FL,ASO,ES,Federal Contract Tower,0,2,34,3,39,0,0,196,5,201,0,2,230,8,240,164,23,187,427
01/13/2004,LAL,FL,ASO,ES,Federal Contract Tower,0,2,32,0,34,0,2,165,0,167,0,4,197,0,201,150,0,150,351
01/14/2004,LAL,FL,ASO,ES,Federal Contract Tower,0,2,48,4,54,0,3,122,0,125,0,5,170,4,179,157,18,175,354
01/15/2004,LAL,FL,ASO,ES,Federal Contract Tower,0,2,43,0,45,0,8,115,0,123,0,10,158,0,168,142,0,142,310
01/16/2004,LAL,FL,ASO,ES,Federal Contract Tower,0,2,47,4,53,0,3,233,1,237,0,5,280,5,290,178,21,199,489
01/17/2004,LAL,FL,ASO,ES,Federal Contract Tower,0,2,41,0,43,0,5,509,0,514,0,7,550,0,557,175,0,175,732
01/18/2004,LAL,FL,ASO,ES,Federal Contract Tower,0,2,36,2,40,0,4,122,0,126,0,6,158,2,166,97,10,107,273
01/19/2004,LAL,FL,ASO,ES,Federal Contract Tower,0,2,44,0,46,0,1,114,0,115,0,3,158,0,161,86,0,86,247
01/20/2004,LAL,FL,ASO,ES,Federal Contract Tower,0,2,45,0,47,0,2,228,0,230,0,4,273,0,277,240,0,240,517
01/21/2004,LAL,FL,ASO,ES,Federal Contract Tower,0,2,40,4,46,0,0,214,4,218,0,2,254,8,264,167,8,175,439
01/22/2004,LAL,FL,ASO,ES,Federal Contract Tower,0,2,46,0,48,0,1,227,0,228,0,3,273,0,276,217,0,217,493
01/23/2004,LAL,FL,ASO,ES,Federal Contract Tower,0,2,49,5,56,0,0,184,5,189,0,2,233,10,245,157,5,162,407
01/24/2004,LAL,FL,ASO,ES,Federal Contract Tower,0,1,32,0,33,0,1,552,0,553,0,2,584,0,586,352,0,352,938
01/25/2004,LAL,FL,ASO,ES,Federal Contract Tower,0,0,35,3,38,0,0,229,4,233,0,0,264,7,271,163,6,169,440
01/26/2004,LAL,FL,ASO,ES,Federal Contract Tower,0,1,27,0,28,0,0,159,0,159,0,1,186,0,187,110,0,110,297
01/27/2004,LAL,FL,ASO,ES,Federal Contract Tower,0,1,31,0,32,0,3,161,0,164,0,4,192,0,196,107,0,107,303
01/28/2004,LAL,FL,ASO,ES,Federal Contract Tower,0,2,44,2,48,0,0,185,0,185,0,2,229,2,233,187,0,187,420
01/29/2004,LAL,FL,ASO,ES,Federal Contract Tower,0,1,34,0,35,0,0,241,0,241,0,1,275,0,276,125,0,125,401
01/30/2004,LAL,FL,ASO,ES,Federal Contract Tower,0,2,37,2,41,0,0,175,0,175,0,2,212,2,216,127,2,129,345
01/31/2004,LAL,FL,ASO,ES,Federal Contract Tower,0,2,46,2,50,0,0,150,0,150,0,2,196,2,200,130,2,132,332
02/01/2004,LAL,FL,ASO,ES,Federal Contract Tower,0,0,64,4,68,0,0,95,4,99,0,0,159,8,167,137,14,151,318
02/02/2004,LAL,FL,ASO,ES,Federal Contract Tower,0,2,40,3,45,0,2,127,1,130,0,4,167,4,175,119,0,119,294
02/03/2004,LAL,FL,ASO,ES,Federal Contract Tower,0,3,50,0,53,0,1,180,0,181,0,4,230,0,234,207,0,207,441
02/04/2004,LAL,FL,ASO,ES,Federal Contract Tower,0,3,49,0,52,0,1,205,0,206,0,4,254,0,258,168,0,168,426
02/05/2004,LAL,FL,ASO,ES,Federal Contract Tower,0,2,33,1,36,0,0,123,0,123,0,2,156,1,159,165,0,165,324
02/06/2004,LAL,FL,ASO,ES,Federal Contract Tower,0,2,42,3,47,0,4,128,3,135,0,6,170,6,182,160,20,180,362
02/07/2004,LAL,FL,ASO,ES,Federal Contract Tower,0,1,57,0,58,0,0,153,0,153,0,1,210,0,211,228,0,228,439
02/08/2004,LAL,FL,ASO,ES,Federal Contract Tower,0,2,38,0,40,0,2,233,0,235,0,4,271,0,275,154,0,154,429
02/09/2004,LAL,FL,ASO,ES,Federal Contract Tower,0,3,49,2,54,0,0,148,0,148,0,3,197,2,202,173,20,193,395
02/10/2004,LAL,FL,ASO,ES,Federal Contract Tower,0,3,49,2,54,0,0,161,0,161,0,3,210,2,215,202,0,202,417
02/11/2004,LAL,FL,ASO,ES,Federal Contract Tower,0,4,78,2,84,0,0,172,0,172,0,4,250,2,256,187,2,189,445
02/12/2004,LAL,FL,ASO,ES,Federal Contract Tower,0,2,86,5,93,0,0,126,1,127,0,2,212,6,220,199,14,213,433
02/13/2004,LAL,FL,ASO,ES,Federal Contract Tower,0,4,99,4,107,0,6,56,0,62,0,10,155,4,169,164,0,164,333
02/14/2004,LAL,FL,ASO,ES,Federal Contract Tower,0,2,52,0,54,0,0,160,0,160,0,2,212,0,214,121,0,121,335
02/15/2004,LAL,FL,ASO,ES,Federal Contract Tower,0,0,56,0,56,0,0,136,0,136,0,0,192,0,192,126,0,126,318
02/16/2004,LAL,FL,ASO,ES,Federal Contract Tower,0,0,58,0,58,0,0,138,0,138,0,0,196,0,196,141,0,141,337
02/17/2004,LAL,FL,ASO,ES,Federal Contract Tower,0,2,53,3,58,0,1,113,15,129,0,3,166,18,187,149,38,187,374
02/18/2004,LAL,FL,ASO,ES,Federal Contract Tower,0,1,50,3,54,0,0,211,5,216,0,1,261,8,270,155,12,167,437
02/19/2004,LAL,FL,ASO,ES,Federal Contract Tower,0,2,52,2,56,0,0,202,0,202,0,2,254,2,258,166,0,166,424
02/20/2004,LAL,FL,ASO,ES,Federal Contract Tower,0,2,59,4,65,0,2,136,1,139,0,4,195,5,204,201,27,228,432
02/21/2004,LAL,FL,ASO,ES,Federal Contract Tower,0,1,28,1,30,0,1,213,0,214,0,2,241,1,244,162,0,162,406
02/22/2004,LAL,FL,ASO,ES,Federal Contract Tower,0,1,39,0,40,0,1,198,0,199,0,2,237,0,239,130,0,130,369
02/23/2004,LAL,FL,ASO,ES,Federal Contract Tower,0,1,26,1,28,0,4,170,6,180,0,5,196,7,208,206,13,219,427
02/24/2004,LAL,FL,ASO,ES,Federal Contract Tower,0,2,63,0,65,0,2,120,0,122,0,4,183,0,187,123,0,123,310
02/25/2004,LAL,FL,ASO,ES,Federal Contract Tower,0,2,60,0,62,0,0,108,0,108,0,2,168,0,170,116,0,116,286
02/26/2004,LAL,FL,ASO,ES,Federal Contract Tower,0,3,75,4,82,0,2,88,3,93,0,5,163,7,175,161,10,171,346
02/27/2004,LAL,FL,ASO,ES,Federal Contract Tower,0,2,71,5,78,0,0,115,1,116,0,2,186,6,194,163,2,165,359
02/28/2004,LAL,FL,ASO,ES,Federal Contract Tower,0,1,41,0,42,0,1,213,0,214,0,2,254,0,256,133,0,133,389
02/29/2004,LAL,FL,ASO,ES,Federal Contract Tower,0,0,46,2,48,0,0,180,0,180,0,0,226,2,228,161,0,161,389
03/01/2004,LAL,FL,ASO,ES,Federal Contract Tower,0,4,55,6,65,0,0,153,1,154,0,4,208,7,219,103,8,111,330
03/02/2004,LAL,FL,ASO,ES,Federal Contract Tower,0,3,44,5,52,0,3,155,2,160,0,6,199,7,212,82,16,98,310
03/03/2004,LAL,FL,ASO,ES,Federal Contract Tower,0,2,32,0,34,0,0,111,0,111,0,2,143,0,145,111,0,111,256
03/04/2004,LAL,FL,ASO,ES,Federal Contract Tower,0,4,57,4,65,0,3,153,0,156,0,7,210,4,221,92,8,100,321
03/05/2004,LAL,FL,ASO,ES,Federal Contract Tower,0,5,88,9,102,0,0,118,20,138,0,5,206,29,240,111,24,135,375
03/06/2004,LAL,FL,ASO,ES,Federal Contract Tower,0,2,69,2,73,0,0,206,0,206,0,2,275,2,279,136,0,136,415
03/07/2004,LAL,FL,ASO,ES,Federal Contract Tower,0,4,50,5,59,0,0,66,19,85,0,4,116,24,144,66,0,66,210
03/08/2004,LAL,FL,ASO,ES,Federal Contract Tower,0,2,51,2,55,0,0,124,0,124,0,2,175,2,179,133,19,152,331
03/09/2004,LAL,FL,ASO,ES,Federal Contract Tower,0,1,31,0,32,0,0,216,0,216,0,1,247,0,248,167,0,167,415
03/10/2004,LAL,FL,ASO,ES,Federal Contract Tower,0,1,27,0,28,0,0,161,0,161,0,1,188,0,189,94,0,94,283
03/11/2004,LAL,FL,ASO,ES,Federal Contract Tower,0,4,41,4,49,0,0,195,2,197,0,4,236,6,246,154,0,154,400
03/12/2004,LAL,FL,ASO,ES,Federal Contract Tower,0,6,66,7,79,0,5,181,13,199,0,11,247,20,278,148,8,156,434
03/13/2004,LAL,FL,ASO,ES,Federal Contract Tower,0,2,34,1,37,0,0,213,0,213,0,2,247,1,250,108,0,108,358
03/14/2004,LAL,FL,ASO,ES,Federal Contract Tower,0,3,26,3,32,0,1,182,5,188,0,4,208,8,220,96,8,104,324
03/15/2004,LAL,FL,ASO,ES,Federal Contract Tower,0,7,73,8,88,0,4,76,10,90,0,11,149,18,178,92,6,98,276
03/16/2004,LAL,FL,ASO,ES,Federal Contract Tower,0,5,53,2,60,0,5,54,0,59,0,10,107,2,119,66,0,66,185
03/17/2004,LAL,FL,ASO,ES,Federal Contract Tower,0,3,31,0,34,0,0,223,0,223,0,3,254,0,257,146,0,146,403
03/18/2004,LAL,FL,ASO,ES,Federal Contract Tower,0,4,37,2,43,0,3,173,0,176,0,7,210,2,219,153,6,159,378
03/19/2004,LAL,FL,ASO,ES,Federal Contract Tower,0,5,61,6,72,0,0,194,8,202,0,5,255,14,274,113,9,122,396
03/20/2004,LAL,FL,ASO,ES,Federal Contract Tower,0,2,34,1,37,2,3,191,0,196,2,5,225,1,233,108,0,108,341
03/21/2004,LAL,FL,ASO,ES,Federal Contract Tower,0,0,43,5,48,0,0,220,14,234,0,0,263,19,282,113,12,125,407
03/22/2004,LAL,FL,ASO,ES,Federal Contract Tower,0,2,35,1,38,0,5,193,0,198,0,7,228,1,236,133,0,133,369
03/23/2004,LAL,FL,ASO,ES,Federal Contract Tower,0,2,37,4,43,0,0,168,0,168,0,2,205,4,211,142,45,187,398
03/24/2004,LAL,FL,ASO,ES,Federal Contract Tower,0,4,56,0,60,0,1,123,0,124,0,5,179,0,184,122,0,122,306
03/25/2004,LAL,FL,ASO,ES,Federal Contract Tower,0,4,53,2,59,0,3,146,0,149,0,7,199,2,208,99,0,99,307
03/26/2004,LAL,FL,ASO,ES,Federal Contract Tower,0,3,60,7,70,0,0,146,3,149,0,3,206,10,219,115,6,121,340
03/27/2004,LAL,FL,ASO,ES,Federal Contract Tower,0,1,31,2,34,1,0,196,0,197,1,1,227,2,231,144,0,144,375
03/28/2004,LAL,FL,ASO,ES,Federal Contract Tower,0,3,48,2,53,1,0,201,0,202,1,3,249,2,255,136,0,136,391
03/29/2004,LAL,FL,ASO,ES,Federal Contract Tower,0,2,38,3,43,0,0,178,0,178,0,2,216,3,221,86,16,102,323
03/30/2004,LAL,FL,ASO,ES,Federal Contract Tower,0,1,31,0,32,0,0,165,0,165,0,1,196,0,197,159,22,181,378
03/31/2004,LAL,FL,ASO,ES,Federal Contract Tower,0,2,45,0,47,0,0,140,0,140,0,2,185,0,187,150,0,150,337
04/01/2004,LAL,FL,ASO,ES,Federal Contract Tower,0,3,46,6,55,0,5,133,15,153,0,8,179,21,208,109,16,125,333
04/02/2004,LAL,FL,ASO,ES,Federal Contract Tower,0,3,45,6,54,0,7,104,9,120,0,10,149,15,174,99,17,116,290
04/03/2004,LAL,FL,ASO,ES,Federal Contract Tower,0,1,37,4,42,0,0,178,10,188,0,1,215,14,230,114,26,140,370
04/04/2004,LAL,FL,ASO,ES,Federal Contract Tower,0,2,28,3,33,0,0,137,19,156,0,2,165,22,189,103,2,105,294
04/05/2004,LAL,FL,ASO,ES,Federal Contract Tower,0,0,22,3,25,0,0,174,4,178,0,0,196,7,203,96,4,100,303
04/06/2004,LAL,FL,ASO,ES,Federal Contract Tower,0,2,32,4,38,0,3,159,0,162,0,5,191,4,200,124,2,126,326
04/07/2004,LAL,FL,ASO,ES,Federal Contract Tower,0,2,39,0,41,0,0,170,0,170,0,2,209,0,211,140,0,140,351
04/08/2004,LAL,FL,ASO,ES,Federal Contract Tower,0,2,52,0,54,0,0,127,0,127,0,2,179,0,181,86,0,86,267
04/09/2004,LAL,FL,ASO,ES,Federal Contract Tower,0,4,52,3,59,0,0,172,0,172,0,4,224,3,231,125,0,125,356
04/10/2004,LAL,FL,ASO,ES,Federal Contract Tower,0,0,32,0,32,0,0,324,0,324,0,0,356,0,356,93,4,97,453
04/11/2004,LAL,FL,ASO,ES,Federal Contract Tower,0,0,0,0,0,0,2,634,0,636,0,2,634,0,636,0,0,0,636
04/12/2004,LAL,FL,ASO,ES,Federal Contract Tower,0,0,0,0,0,0,0,463,0,463,0,0,463,0,463,0,0,0,463
04/13/2004,LAL,FL,ASO,ES,Federal Contract Tower,0,0,0,0,0,0,2,866,0,868,0,2,866,0,868,0,0,0,868
04/14/2004,LAL,FL,ASO,ES,Federal Contract Tower,0,0,0,0,0,0,1,2254,0,2255,0,1,2254,0,2255,0,0,0,2255
04/15/2004,LAL,FL,ASO,ES,Federal Contract Tower,0,0,0,0,0,0,1,2408,0,2409,0,1,2408,0,2409,0,0,0,2409
04/16/2004,LAL,FL,ASO,ES,Federal Contract Tower,0,0,0,0,0,0,3,3498,0,3501,0,3,3498,0,3501,0,0,0,3501
04/17/2004,LAL,FL,ASO,ES,Federal Contract Tower,0,0,0,0,0,0,4,2672,0,2676,0,4,2672,0,2676,0,0,0,2676
04/18/2004,LAL,FL,ASO,ES,Federal Contract Tower,0,0,0,0,0,0,0,2847,0,2847,0,0,2847,0,2847,0,0,0,2847
04/19/2004,LAL,FL,ASO,ES,Federal Contract Tower,0,0,0,0,0,0,0,784,0,784,0,0,784,0,784,0,0,0,784
04/20/2004,LAL,FL,ASO,ES,Federal Contract Tower,0,0,44,0,44,0,0,239,0,239,0,0,283,0,283,102,0,102,385
04/21/2004,LAL,FL,ASO,ES,Federal Contract Tower,0,1,35,2,38,0,0,170,0,170,0,1,205,2,208,90,0,90,298
04/22/2004,LAL,FL,ASO,ES,Federal Contract Tower,0,1,29,0,30,0,2,178,0,180,0,3,207,0,210,110,12,122,332
04/23/2004,LAL,FL,ASO,ES,Federal Contract Tower,0,2,55,6,63,0,0,170,7,177,0,2,225,13,240,136,6,142,382
04/24/2004,LAL,FL,ASO,ES,Federal Contract Tower,0,0,23,0,23,0,0,188,0,188,0,0,211,0,211,121,0,121,332
04/25/2004,LAL,FL,ASO,ES,Federal Contract Tower,0,0,36,2,38,0,0,167,0,167,0,0,203,2,205,56,4,60,265
04/26/2004,LAL,FL,ASO,ES,Federal Contract Tower,0,1,33,0,34,0,1,123,0,124,0,2,156,0,158,87,4,91,249
04/27/2004,LAL,FL,ASO,ES,Federal Contract Tower,0,2,46,4,52,0,3,98,0,101,0,5,144,4,153,99,36,135,288
04/28/2004,LAL,FL,ASO,ES,Federal Contract Tower,0,2,45,0,47,0,1,163,0,164,0,3,208,0,211,140,0,140,351
04/29/2004,LAL,FL,ASO,ES,Federal Contract Tower,0,2,37,0,39,0,1,125,0,126,0,3,162,0,165,99,9,108,273
04/30/2004,LAL,FL,ASO,ES,Federal Contract Tower,0,0,46,5,51,0,0,79,11,90,0,0,125,16,141,55,12,67,208
05/01/2004,LAL,FL,ASO,ES,Federal Contract Tower,0,2,38,2,42,0,1,151,0,152,0,3,189,2,194,99,0,99,293
05/02/2004,LAL,FL,ASO,ES,Federal Contract Tower,0,2,32,0,34,0,2,147,0,149,0,4,179,0,183,77,0,77,260
05/03/2004,LAL,FL,ASO,ES,Federal Contract Tower,0,3,43,0,46,0,0,7,0,7,0,3,50,0,53,3,0,3,56
05/04/2004,LAL,FL,ASO,ES,Federal Contract Tower,0,2,44,0,46,0,0,212,0,212,0,2,256,0,258,159,0,159,417
05/05/2004,LAL,FL,ASO,ES,Federal Contract Tower,0,1,43,2,46,0,0,100,0,100,0,1,143,2,146,131,0,131,277
05/06/2004,LAL,FL,ASO,ES,Federal Contract Tower,0,3,43,0,46,0,0,205,0,205,0,3,248,0,251,142,0,142,393
05/07/2004,LAL,FL,ASO,ES,Federal Contract Tower,0,3,46,2,51,0,0,205,6,211,0,3,251,8,262,116,3,119,381
05/08/2004,LAL,FL,ASO,ES,Federal Contract Tower,0,1,18,0,19,0,0,178,0,178,0,1,196,0,197,114,0,114,311
05/09/2004,LAL,FL,ASO,ES,Federal Contract Tower,0,2,32,2,36,0,4,152,6,162,0,6,184,8,198,102,0,102,300
05/10/2004,LAL,FL,ASO,ES,Federal Contract Tower,0,1,53,3,57,0,0,97,3,100,0,1,150,6,157,99,2,101,258
05/11/2004,LAL,FL,ASO,ES,Federal Contract Tower,0,2,37,0,39,0,2,107,0,109,0,4,144,0,148,112,0,112,260
05/12/2004,LAL,FL,ASO,ES,Federal Contract Tower,0,3,58,4,65,0,1,125,0,126,0,4,183,4,191,129,16,145,336
05/13/2004,LAL,FL,ASO,ES,Federal Contract Tower,0,2,35,2,39,0,0,153,2,155,0,2,188,4,194,162,4,166,360
05/14/2004,LAL,FL,ASO,ES,Federal Contract Tower,0,0,70,4,74,0,0,153,18,171,0,0,223,22,245,155,22,177,422
05/15/2004,LAL,FL,ASO,ES,Federal Contract Tower,0,1,33,2,36,0,0,200,4,204,0,1,233,6,240,156,4,160,400
05/16/2004,LAL,FL,ASO,ES,Federal Contract Tower,0,1,30,2,33,0,0,118,0,118,0,1,148,2,151,77,6,83,234
05/17/2004,LAL,FL,ASO,ES,Federal Contract Tower,0,0,33,2,35,0,0,158,0,158,0,0,191,2,193,79,0,79,272
05/18/2004,LAL,FL,ASO,ES,Federal Contract Tower,0,3,45,1,49,0,1,140,3,144,0,4,185,4,193,132,18,150,343
05/19/2004,LAL,FL,ASO,ES,Federal Contract Tower,0,0,40,0,40,0,0,155,0,155,0,0,195,0,195,143,0,143,338
05/20/2004,LAL,FL,ASO,ES,Federal Contract Tower,0,2,52,3,57,0,1,144,0,145,0,3,196,3,202,155,5,160,362
05/21/2004,LAL,FL,ASO,ES,Federal Contract Tower,0,1,40,3,44,0,5,239,1,245,0,6,279,4,289,161,24,185,474
05/22/2004,LAL,FL,ASO,ES,Federal Contract Tower,0,1,33,0,34,0,1,262,0,263,0,2,295,0,297,258,0,258,555
05/23/2004,LAL,FL,ASO,ES,Federal Contract Tower,0,0,40,2,42,0,0,218,0,218,0,0,258,2,260,167,0,167,427
05/24/2004,LAL,FL,ASO,ES,Federal Contract Tower,0,1,32,0,33,0,1,118,0,119,0,2,150,0,152,91,16,107,259
05/25/2004,LAL,FL,ASO,ES,Federal Contract Tower,0,1,28,0,29,0,2,158,0,160,0,3,186,0,189,136,0,136,325
05/26/2004,LAL,FL,ASO,ES,Federal Contract Tower,0,0,43,2,45,0,0,171,4,175,0,0,214,6,220,129,2,131,351
05/27/2004,LAL,FL,ASO,ES,Federal Contract Tower,0,1,27,1,29,0,3,181,1,185,0,4,208,2,214,134,0,134,348
05/28/2004,LAL,FL,ASO,ES,Federal Contract Tower,0,1,33,0,34,0,2,161,0,163,0,3,194,0,197,148,0,148,345
05/29/2004,LAL,FL,ASO,ES,Federal Contract Tower,0,0,19,0,19,0,1,194,0,195,0,1,213,0,214,101,0,101,315
05/30/2004,LAL,FL,ASO,ES,Federal Contract Tower,0,0,10,0,10,0,0,140,0,140,0,0,150,0,150,89,0,89,239
05/31/2004,LAL,FL,ASO,ES,Federal Contract Tower,0,0,16,0,16,0,0,163,0,163,0,0,179,0,179,88,0,88,267
06/01/2004,LAL,FL,ASO,ES,Federal Contract Tower,0,0,27,1,28,0,0,118,2,120,0,0,145,3,148,99,0,99,247
06/02/2004,LAL,FL,ASO,ES,Federal Contract Tower,0,0,21,0,21,0,0,123,2,125,0,0,144,2,146,113,0,113,259
06/03/2004,LAL,FL,ASO,ES,Federal Contract Tower,0,0,28,1,29,0,0,188,1,189,0,0,216,2,218,116,0,116,334
06/04/2004,LAL,FL,ASO,ES,Federal Contract Tower,0,0,43,2,45,0,0,143,0,143,0,0,186,2,188,80,6,86,274
06/05/2004,LAL,FL,ASO,ES,Federal Contract Tower,0,1,21,0,22,0,1,126,0,127,0,2,147,0,149,103,0,103,252
06/06/2004,LAL,FL,ASO,ES,Federal Contract Tower,0,1,27,2,30,0,2,120,1,123,0,3,147,3,153,93,2,95,248
06/07/2004,LAL,FL,ASO,ES,Federal Contract Tower,0,0,35,0,35,0,0,113,0,113,0,0,148,0,148,133,0,133,281
06/08/2004,LAL,FL,ASO,ES,Federal Contract Tower,0,0,30,0,30,0,0,125,0,125,0,0,155,0,155,193,0,193,348
06/09/2004,LAL,FL,ASO,ES,Federal Contract Tower,0,2,41,2,45,0,0,131,0,131,0,2,172,2,176,137,16,153,329
06/10/2004,LAL,FL,ASO,ES,Federal Contract Tower,0,2,39,2,43,0,1,153,0,154,0,3,192,2,197,116,2,118,315
06/11/2004,LAL,FL,ASO,ES,Federal Contract Tower,0,0,31,0,31,0,0,167,0,167,0,0,198,0,198,105,0,105,303
06/12/2004,LAL,FL,ASO,ES,Federal Contract Tower,0,1,28,0,29,0,3,227,0,230,0,4,255,0,259,121,0,121,380
06/13/2004,LAL,FL,ASO,ES,Federal Contract Tower,0,3,49,0,52,0,0,181,0,181,0,3,230,0,233,118,0,118,351
06/14/2004,LAL,FL,ASO,ES,Federal Contract Tower,0,2,33,1,36,0,0,86,0,86,0,2,119,1,122,103,20,123,245
06/15/2004,LAL,FL,ASO,ES,Federal Contract Tower,0,1,34,0,35,0,0,81,0,81,0,1,115,0,116,99,0,99,215
06/16/2004,LAL,FL,ASO,ES,Federal Contract Tower,0,3,66,3,72,0,0,103,1,104,0,3,169,4,176,110,10,120,296
06/17/2004,LAL,FL,ASO,ES,Federal Contract Tower,0,2,44,0,46,0,0,209,0,209,0,2,253,0,255,236,0,236,491
06/18/2004,LAL,FL,ASO,ES,Federal Contract Tower,0,3,69,2,74,0,0,125,0,125,0,3,194,2,199,188,0,188,387
06/19/2004,LAL,FL,ASO,ES,Federal Contract Tower,0,2,22,0,24,0,0,170,0,170,0,2,192,0,194,177,0,177,371
06/20/2004,LAL,FL,ASO,ES,Federal Contract Tower,0,1,21,0,22,0,1,136,1,138,0,2,157,1,160,117,2,119,279
06/21/2004,LAL,FL,ASO,ES,Federal Contract Tower,0,2,43,0,45,0,0,101,0,101,0,2,144,0,146,89,0,89,235
06/22/2004,LAL,FL,ASO,ES,Federal Contract Tower,0,1,31,1,33,0,0,123,1,124,0,1,154,2,157,164,14,178,335
06/23/2004,LAL,FL,ASO,ES,Federal Contract Tower,0,0,44,1,45,0,0,138,1,139,0,0,182,2,184,205,12,217,401
06/24/2004,LAL,FL,ASO,ES,Federal Contract Tower,0,0,35,1,36,0,0,140,1,141,0,0,175,2,177,172,0,172,349
06/25/2004,LAL,FL,ASO,ES,Federal Contract Tower,0,1,48,1,50,0,0,161,7,168,0,1,209,8,218,197,5,202,420
06/26/2004,LAL,FL,ASO,ES,Federal Contract Tower,0,2,27,0,29,0,2,175,0,177,0,4,202,0,206,161,0,161,367
06/27/2004,LAL,FL,ASO,ES,Federal Contract Tower,0,2,38,1,41,0,5,157,1,163,0,7,195,2,204,147,20,167,371
06/28/2004,LAL,FL,ASO,ES,Federal Contract Tower,0,2,37,1,40,0,4,119,1,124,0,6,156,2,164,164,0,164,328
06/29/2004,LAL,FL,ASO,ES,Federal Contract Tower,0,2,34,0,36,2,6,102,0,110,2,8,136,0,146,124,12,136,282
06/30/2004,LAL,FL,ASO,ES,Federal Contract Tower,0,2,24,0,26,0,1,153,1,155,0,3,177,1,181,152,0,152,333
07/01/2004,LAL,FL,ASO,ES,Federal Contract Tower,0,1,28,0,29,0,0,187,0,187,0,1,215,0,216,190,0,190,406
07/02/2004,LAL,FL,ASO,ES,Federal Contract Tower,0,3,33,0,36,0,0,143,0,143,0,3,176,0,179,81,0,81,260
07/03/2004,LAL,FL,ASO,ES,Federal Contract Tower,0,2,23,0,25,0,2,153,0,155,0,4,176,0,180,145,0,145,325
07/04/2004,LAL,FL,ASO,ES,Federal Contract Tower,0,0,14,0,14,0,0,172,0,172,0,0,186,0,186,77,0,77,263
07/05/2004,LAL,FL,ASO,ES,Federal Contract Tower,0,1,18,0,19,0,2,193,0,195,0,3,211,0,214,145,0,145,359
07/06/2004,LAL,FL,ASO,ES,Federal Contract Tower,0,0,23,0,23,0,0,151,0,151,0,0,174,0,174,66,15,81,255
07/07/2004,LAL,FL,ASO,ES,Federal Contract Tower,0,2,31,3,36,0,1,151,1,153,0,3,182,4,189,155,12,167,356
07/08/2004,LAL,FL,ASO,ES,Federal Contract Tower,0,0,47,2,49,0,0,198,0,198,0,0,245,2,247,146,12,158,405
07/09/2004,LAL,FL,ASO,ES,Federal Contract Tower,0,4,50,4,58,0,0,175,3,178,0,4,225,7,236,117,0,117,353
07/10/2004,LAL,FL,ASO,ES,Federal Contract Tower,0,3,28,0,31,0,3,224,0,227,0,6,252,0,258,124,0,124,382
07/11/2004,LAL,FL,ASO,ES,Federal Contract Tower,0,2,24,1,27,0,3,197,0,200,0,5,221,1,227,83,0,83,310
07/12/2004,LAL,FL,ASO,ES,Federal Contract Tower,0,3,40,3,46,0,5,148,3,156,0,8,188,6,202,121,29,150,352
07/13/2004,LAL,FL,ASO,ES,Federal Contract Tower,0,5,66,3,74,0,7,131,0,138,0,12,197,3,212,207,3,210,422
07/14/2004,LAL,FL,ASO,ES,Federal Contract Tower,0,2,42,3,47,0,0,183,3,186,0,2,225,6,233,118,30,148,381
07/15/2004,LAL,FL,ASO,ES,Federal Contract Tower,0,3,44,2,49,0,7,170,0,177,0,10,214,2,226,205,2,207,433
07/16/2004,LAL,FL,ASO,ES,Federal Contract Tower,0,2,29,3,34,0,2,74,1,77,0,4,103,4,111,83,0,83,194
07/17/2004,LAL,FL,ASO,ES,Federal Contract Tower,0,0,28,0,28,0,0,87,0,87,0,0,115,0,115,126,0,126,241
07/18/2004,LAL,FL,ASO,ES,Federal Contract Tower,0,1,21,0,22,0,1,35,0,36,0,2,56,0,58,29,0,29,87
07/19/2004,LAL,FL,ASO,ES,Federal Contract Tower,0,0,31,2,33,0,0,26,0,26,0,0,57,2,59,20,0,20,79
07/20/2004,LAL,FL,ASO,ES,Federal Contract Tower,0,2,36,0,38,0,0,42,0,42,0,2,78,0,80,70,0,70,150
07/21/2004,LAL,FL,ASO,ES,Federal Contract Tower,0,0,57,3,60,0,0,147,2,149,0,0,204,5,209,164,25,189,398
07/22/2004,LAL,FL,ASO,ES,Federal Contract Tower,0,4,54,2,60,0,0,175,0,175,0,4,229,2,235,174,0,174,409
07/23/2004,LAL,FL,ASO,ES,Federal Contract Tower,0,1,43,2,46,0,0,113,7,120,0,1,156,9,166,100,49,149,315
07/24/2004,LAL,FL,ASO,ES,Federal Contract Tower,0,1,33,0,34,0,0,178,0,178,0,1,211,0,212,147,0,147,359
07/25/2004,LAL,FL,ASO,ES,Federal Contract Tower,0,0,25,0,25,0,0,202,0,202,0,0,227,0,227,102,0,102,329
07/26/2004,LAL,FL,ASO,ES,Federal Contract Tower,0,2,33,0,35,0,4,119,0,123,0,6,152,0,158,109,0,109,267
07/27/2004,LAL,FL,ASO,ES,Federal Contract Tower,0,2,39,0,41,0,0,106,0,106,0,2,145,0,147,92,0,92,239
07/28/2004,LAL,FL,ASO,ES,Federal Contract Tower,0,2,46,3,51,0,0,110,1,111,0,2,156,4,162,121,6,127,289
07/29/2004,LAL,FL,ASO,ES,Federal Contract Tower,0,1,66,4,71,0,0,84,0,84,0,1,150,4,155,148,12,160,315
07/30/2004,LAL,FL,ASO,ES,Federal Contract Tower,0,2,43,2,47,0,0,117,3,120,0,2,160,5,167,77,8,85,252
07/31/2004,LAL,FL,ASO,ES,Federal Contract Tower,0,2,26,0,28,0,0,201,0,201,0,2,227,0,229,106,0,106,335
08/01/2004,LAL,FL,ASO,ES,Federal Contract Tower,0,2,26,2,30,0,2,173,2,177,0,4,199,4,207,53,9,62,269
08/02/2004,LAL,FL,ASO,ES,Federal Contract Tower,0,0,0,0,0,0,0,80,3,83,0,0,80,3,83,54,9,63,146
08/03/2004,LAL,FL,ASO,ES,Federal Contract Tower,0,0,43,0,43,0,0,95,0,95,0,0,138,0,138,83,0,83,221
08/04/2004,LAL,FL,ASO,ES,Federal Contract Tower,0,3,53,3,59,0,0,98,0,98,0,3,151,3,157,90,4,94,251
08/05/2004,LAL,FL,ASO,ES,Federal Contract Tower,0,0,29,0,29,0,0,131,0,131,0,0,160,0,160,96,0,96,256
08/06/2004,LAL,FL,ASO,ES,Federal Contract Tower,0,1,50,4,55,0,0,121,2,123,0,1,171,6,178,117,16,133,311
08/07/2004,LAL,FL,ASO,ES,Federal Contract Tower,0,2,36,0,38,0,0,46,0,46,0,2,82,0,84,66,0,66,150
08/08/2004,LAL,FL,ASO,ES,Federal Contract Tower,0,0,39,2,41,0,0,42,0,42,0,0,81,2,83,63,8,71,154
08/09/2004,LAL,FL,ASO,ES,Federal Contract Tower,0,2,65,0,67,0,0,84,0,84,0,2,149,0,151,167,0,167,318
08/10/2004,LAL,FL,ASO,ES,Federal Contract Tower,0,0,48,0,48,0,0,169,0,169,0,0,217,0,217,202,0,202,419
08/11/2004,LAL,FL,ASO,ES,Federal Contract Tower,0,0,35,0,35,0,0,182,0,182,0,0,217,0,217,138,0,138,355
08/12/2004,LAL,FL,ASO,ES,Federal Contract Tower,0,0,42,0,42,0,0,172,0,172,0,0,214,0,214,155,0,155,369
08/13/2004,LAL,FL,ASO,ES,Federal Contract Tower,0,0,4,0,4,0,0,13,0,13,0,0,17,0,17,0,0,0,17
08/14/2004,LAL,FL,ASO,ES,Federal Contract Tower,0,2,28,3,33,0,3,141,6,150,0,5,169,9,183,28,0,28,211
08/15/2004,LAL,FL,ASO,ES,Federal Contract Tower,0,3,40,4,47,0,5,124,21,150,0,8,164,25,197,97,4,101,298
08/16/2004,LAL,FL,ASO,ES,Federal Contract Tower,0,4,58,4,66,0,0,145,4,149,0,4,203,8,215,69,2,71,286
08/17/2004,LAL,FL,ASO,ES,Federal Contract Tower,0,3,41,3,47,0,2,142,16,160,0,5,183,19,207,92,2,94,301
08/18/2004,LAL,FL,ASO,ES,Federal Contract Tower,0,1,35,3,39,0,0,156,25,181,0,1,191,28,220,146,6,152,372
08/19/2004,LAL,FL,ASO,ES,Federal Contract Tower,0,0,28,2,30,0,0,166,14,180,0,0,194,16,210,70,10,80,290
08/20/2004,LAL,FL,ASO,ES,Federal Contract Tower,0,3,55,5,63,0,2,148,16,166,0,5,203,21,229,90,26,116,345
08/21/2004,LAL,FL,ASO,ES,Federal Contract Tower,0,1,28,3,32,0,2,136,1,139,0,3,164,4,171,64,12,76,247
08/22/2004,LAL,FL,ASO,ES,Federal Contract Tower,0,1,32,3,36,0,0,193,4,197,0,1,225,7,233,80,6,86,319
08/23/2004,LAL,FL,ASO,ES,Federal Contract Tower,0,1,32,2,35,0,3,104,0,107,0,4,136,2,142,59,0,59,201
08/24/2004,LAL,FL,ASO,ES,Federal Contract Tower,0,1,32,0,33,0,13,124,0,137,0,14,156,0,170,147,0,147,317
08/25/2004,LAL,FL,ASO,ES,Federal Contract Tower,0,2,36,0,38,0,1,144,0,145,0,3,180,0,183,71,0,71,254
08/26/2004,LAL,FL,ASO,ES,Federal Contract Tower,0,1,31,0,32,0,5,145,0,150,0,6,176,0,182,208,0,208,390
08/27/2004,LAL,FL,ASO,ES,Federal Contract Tower,0,2,34,2,38,0,2,152,1,155,0,4,186,3,193,130,8,138,331
08/28/2004,LAL,FL,ASO,ES,Federal Contract Tower,0,1,24,2,27,0,0,215,10,225,0,1,239,12,252,147,8,155,407
08/29/2004,LAL,FL,ASO,ES,Federal Contract Tower,0,1,25,2,28,0,3,181,10,194,0,4,206,12,222,153,16,169,391
08/30/2004,LAL,FL,ASO,ES,Federal Contract Tower,0,2,39,0,41,0,2,115,0,117,0,4,154,0,158,98,0,98,256
08/31/2004,LAL,FL,ASO,ES,Federal Contract Tower,0,2,46,0,48,0,4,150,0,154,0,6,196,0,202,134,0,134,336
09/01/2004,LAL,FL,ASO,ES,Federal Contract Tower,0,1,50,2,53,0,5,146,0,151,0,6,196,2,204,149,0,149,353
09/02/2004,LAL,FL,ASO,ES,Federal Contract Tower,0,1,55,2,58,0,3,213,0,216,0,4,268,2,274,129,0,129,403
09/03/2004,LAL,FL,ASO,ES,Federal Contract Tower,0,1,20,0,21,0,0,112,0,112,0,1,132,0,133,69,0,69,202
09/04/2004,LAL,FL,ASO,ES,Federal Contract Tower,0,0,0,0,0,0,0,6,0,6,0,0,6,0,6,6,0,6,12
09/05/2004,LAL,FL,ASO,ES,Federal Contract Tower,0,0,0,0,0,0,0,0,0,0,0,0,0,0,0,0,0,0,0
09/06/2004,LAL,FL,ASO,ES,Federal Contract Tower,0,0,1,0,1,0,0,25,0,25,0,0,26,0,26,2,0,2,28
09/07/2004,LAL,FL,ASO,ES,Federal Contract Tower,0,2,27,1,30,0,0,76,1,77,0,2,103,2,107,10,0,10,117
09/08/2004,LAL,FL,ASO,ES,Federal Contract Tower,0,1,31,1,33,0,0,110,5,115,0,1,141,6,148,109,0,109,257
09/09/2004,LAL,FL,ASO,ES,Federal Contract Tower,0,1,63,2,66,0,0,99,16,115,0,1,162,18,181,81,0,81,262
09/10/2004,LAL,FL,ASO,ES,Federal Contract Tower,0,2,35,1,38,0,1,154,20,175,0,3,189,21,213,81,24,105,318
09/11/2004,LAL,FL,ASO,ES,Federal Contract Tower,0,1,28,0,29,0,0,132,0,132,0,1,160,0,161,107,0,107,268
09/12/2004,LAL,FL,ASO,ES,Federal Contract Tower,0,2,34,0,36,0,0,104,0,104,0,2,138,0,140,127,0,127,267
09/13/2004,LAL,FL,ASO,ES,Federal Contract Tower,0,1,22,0,23,0,1,139,0,140,0,2,161,0,163,104,0,104,267
09/14/2004,LAL,FL,ASO,ES,Federal Contract Tower,0,2,27,1,30,0,1,78,1,80,0,3,105,2,110,79,0,79,189
09/15/2004,LAL,FL,ASO,ES,Federal Contract Tower,0,1,25,0,26,0,1,48,0,49,0,2,73,0,75,49,0,49,124
09/16/2004,LAL,FL,ASO,ES,Federal Contract Tower,0,0,26,0,26,0,0,94,0,94,0,0,120,0,120,80,4,84,204
09/17/2004,LAL,FL,ASO,ES,Federal Contract Tower,0,2,32,1,35,0,0,115,3,118,0,2,147,4,153,121,2,123,276
09/18/2004,LAL,FL,ASO,ES,Federal Contract Tower,0,0,32,0,32,0,0,169,2,171,0,0,201,2,203,153,0,153,356
09/19/2004,LAL,FL,ASO,ES,Federal Contract Tower,0,2,27,0,29,0,0,181,0,181,0,2,208,0,210,149,0,149,359
09/20/2004,LAL,FL,ASO,ES,Federal Contract Tower,0,2,41,1,44,0,0,65,1,66,0,2,106,2,110,83,0,83,193
09/21/2004,LAL,FL,ASO,ES,Federal Contract Tower,0,2,36,0,38,0,4,91,2,97,0,6,127,2,135,111,4,115,250
09/22/2004,LAL,FL,ASO,ES,Federal Contract Tower,0,2,44,1,47,0,3,171,1,175,0,5,215,2,222,193,0,193,415
09/23/2004,LAL,FL,ASO,ES,Federal Contract Tower,0,2,53,1,56,0,0,152,1,153,0,2,205,2,209,217,0,217,426
09/24/2004,LAL,FL,ASO,ES,Federal Contract Tower,0,3,55,1,59,0,2,172,2,176,0,5,227,3,235,106,10,116,351
09/25/2004,LAL,FL,ASO,ES,Federal Contract Tower,0,2,51,1,54,0,0,56,1,57,0,2,107,2,111,62,0,62,173
09/26/2004,LAL,FL,ASO,ES,Federal Contract Tower,0,0,0,0,0,0,0,0,0,0,0,0,0,0,0,0,0,0,0
09/27/2004,LAL,FL,ASO,ES,Federal Contract Tower,0,0,25,0,25,0,0,79,0,79,0,0,104,0,104,32,0,32,136
09/28/2004,LAL,FL,ASO,ES,Federal Contract Tower,0,1,41,0,42,0,0,194,0,194,0,1,235,0,236,131,0,131,367
09/29/2004,LAL,FL,ASO,ES,Federal Contract Tower,0,1,48,0,49,0,0,152,0,152,0,1,200,0,201,144,0,144,345
09/30/2004,LAL,FL,ASO,ES,Federal Contract Tower,0,2,27,0,29,0,0,160,0,160,0,2,187,0,189,125,0,125,314
10/01/2004,LAL,FL,ASO,ES,Federal Contract Tower,0,2,49,0,51,0,0,154,0,154,0,2,203,0,205,96,0,96,301
10/02/2004,LAL,FL,ASO,ES,Federal Contract Tower,0,2,42,0,44,0,0,134,0,134,0,2,176,0,178,61,0,61,239
10/03/2004,LAL,FL,ASO,ES,Federal Contract Tower,0,6,23,0,29,0,0,200,0,200,0,6,223,0,229,80,0,80,309
10/04/2004,LAL,FL,ASO,ES,Federal Contract Tower,0,2,46,0,48,0,0,152,0,152,0,2,198,0,200,93,0,93,293
10/05/2004,LAL,FL,ASO,ES,Federal Contract Tower,0,6,49,5,60,0,0,119,1,120,0,6,168,6,180,118,16,134,314
10/06/2004,LAL,FL,ASO,ES,Federal Contract Tower,0,3,2,2,7,0,0,152,0,152,0,3,154,2,159,95,0,95,254
10/07/2004,LAL,FL,ASO,ES,Federal Contract Tower,0,0,40,6,46,0,0,116,0,116,0,0,156,6,162,50,4,54,216
10/08/2004,LAL,FL,ASO,ES,Federal Contract Tower,0,1,0,0,1,0,0,160,5,165,0,1,160,5,166,63,0,63,229
10/09/2004,LAL,FL,ASO,ES,Federal Contract Tower,0,5,30,0,35,0,0,165,4,169,0,5,195,4,204,103,2,105,309
10/10/2004,LAL,FL,ASO,ES,Federal Contract Tower,0,0,34,0,34,0,0,127,0,127,0,0,161,0,161,180,0,180,341
10/11/2004,LAL,FL,ASO,ES,Federal Contract Tower,0,0,37,5,42,0,0,33,0,33,0,0,70,5,75,43,2,45,120
10/12/2004,LAL,FL,ASO,ES,Federal Contract Tower,0,0,68,0,68,0,0,59,4,63,0,0,127,4,131,69,10,79,210
10/13/2004,LAL,FL,ASO,ES,Federal Contract Tower,0,2,35,2,39,0,0,114,0,114,0,2,149,2,153,75,0,75,228
10/14/2004,LAL,FL,ASO,ES,Federal Contract Tower,0,2,38,8,48,0,0,116,2,118,0,2,154,10,166,127,8,135,301
10/15/2004,LAL,FL,ASO,ES,Federal Contract Tower,0,1,49,1,51,0,0,47,6,53,0,1,96,7,104,49,2,51,155
10/16/2004,LAL,FL,ASO,ES,Federal Contract Tower,0,2,34,1,37,0,1,204,1,206,0,3,238,2,243,122,0,122,365
10/17/2004,LAL,FL,ASO,ES,Federal Contract Tower,0,1,17,1,19,0,0,172,3,175,0,1,189,4,194,123,0,123,317
10/18/2004,LAL,FL,ASO,ES,Federal Contract Tower,0,0,61,0,61,0,2,79,4,85,0,2,140,4,146,141,0,141,287
10/19/2004,LAL,FL,ASO,ES,Federal Contract Tower,0,3,45,4,52,0,0,87,0,87,0,3,132,4,139,107,35,142,281
10/20/2004,LAL,FL,ASO,ES,Federal Contract Tower,0,4,44,0,48,0,0,65,0,65,0,4,109,0,113,55,0,55,168
10/21/2004,LAL,FL,ASO,ES,Federal Contract Tower,0,0,52,0,52,0,0,102,4,106,0,0,154,4,158,95,0,95,253
10/22/2004,LAL,FL,ASO,ES,Federal Contract Tower,0,2,68,13,83,0,0,105,5,110,0,2,173,18,193,63,8,71,264
10/23/2004,LAL,FL,ASO,ES,Federal Contract Tower,0,3,39,0,42,0,0,111,2,113,0,3,150,2,155,103,0,103,258
10/24/2004,LAL,FL,ASO,ES,Federal Contract Tower,0,2,53,1,56,0,2,235,5,242,0,4,288,6,298,149,0,149,447
10/25/2004,LAL,FL,ASO,ES,Federal Contract Tower,0,2,73,0,75,0,0,94,0,94,0,2,167,0,169,113,0,113,282
10/26/2004,LAL,FL,ASO,ES,Federal Contract Tower,0,0,38,0,38,0,1,106,0,107,0,1,144,0,145,150,0,150,295
10/27/2004,LAL,FL,ASO,ES,Federal Contract Tower,0,1,81,0,82,0,0,126,1,127,0,1,207,1,209,175,22,197,406
10/28/2004,LAL,FL,ASO,ES,Federal Contract Tower,0,2,49,0,51,0,1,115,0,116,0,3,164,0,167,144,0,144,311
10/29/2004,LAL,FL,ASO,ES,Federal Contract Tower,0,5,65,21,91,0,0,105,15,120,0,5,170,36,211,82,14,96,307
10/30/2004,LAL,FL,ASO,ES,Federal Contract Tower,0,3,1,2,6,0,0,183,0,183,0,3,184,2,189,103,0,103,292
10/31/2004,LAL,FL,ASO,ES,Federal Contract Tower,0,2,45,11,58,0,0,106,0,106,0,2,151,11,164,65,10,75,239
11/01/2004,LAL,FL,ASO,ES,Federal Contract Tower,0,0,57,7,64,0,0,73,12,85,0,0,130,19,149,86,7,93,242
11/02/2004,LAL,FL,ASO,ES,Federal Contract Tower,0,0,50,0,50,0,0,106,0,106,0,0,156,0,156,115,0,115,271
11/03/2004,LAL,FL,ASO,ES,Federal Contract Tower,0,0,63,0,63,0,2,85,4,91,0,2,148,4,154,111,8,119,273
11/04/2004,LAL,FL,ASO,ES,Federal Contract Tower,0,2,49,10,61,0,0,130,0,130,0,2,179,10,191,113,28,141,332
11/05/2004,LAL,FL,ASO,ES,Federal Contract Tower,0,2,62,3,67,0,0,112,3,115,0,2,174,6,182,187,3,190,372
11/06/2004,LAL,FL,ASO,ES,Federal Contract Tower,0,0,30,0,30,0,0,203,0,203,0,0,233,0,233,312,0,312,545
11/07/2004,LAL,FL,ASO,ES,Federal Contract Tower,0,2,35,2,39,0,0,249,2,251,0,2,284,4,290,206,0,206,496
11/08/2004,LAL,FL,ASO,ES,Federal Contract Tower,0,3,39,12,54,0,2,132,0,134,0,5,171,12,188,194,28,222,410
11/09/2004,LAL,FL,ASO,ES,Federal Contract Tower,0,0,59,4,63,0,0,64,0,64,0,0,123,4,127,99,4,103,230
11/10/2004,LAL,FL,ASO,ES,Federal Contract Tower,0,0,49,2,51,0,1,99,2,102,0,1,148,4,153,133,2,135,288
11/11/2004,LAL,FL,ASO,ES,Federal Contract Tower,0,0,56,1,57,0,0,143,0,143,0,0,199,1,200,128,1,129,329
11/12/2004,LAL,FL,ASO,ES,Federal Contract Tower,0,0,36,3,39,0,0,119,3,122,0,0,155,6,161,49,4,53,214
11/13/2004,LAL,FL,ASO,ES,Federal Contract Tower,0,2,27,1,30,0,0,125,1,126,0,2,152,2,156,84,0,84,240
11/14/2004,LAL,FL,ASO,ES,Federal Contract Tower,0,2,42,2,46,0,0,56,2,58,0,2,98,4,104,45,0,45,149
11/15/2004,LAL,FL,ASO,ES,Federal Contract Tower,0,0,46,4,50,0,2,116,0,118,0,2,162,4,168,117,2,119,287
11/16/2004,LAL,FL,ASO,ES,Federal Contract Tower,0,2,69,0,71,0,0,95,2,97,0,2,164,2,168,101,10,111,279
11/17/2004,LAL,FL,ASO,ES,Federal Contract Tower,0,2,58,4,64,0,0,173,1,174,0,2,231,5,238,87,10,97,335
11/18/2004,LAL,FL,ASO,ES,Federal Contract Tower,0,2,51,0,53,0,0,156,0,156,0,2,207,0,209,125,0,125,334
11/19/2004,LAL,FL,ASO,ES,Federal Contract Tower,0,5,54,9,68,0,1,143,3,147,0,6,197,12,215,118,4,122,337
11/20/2004,LAL,FL,ASO,ES,Federal Contract Tower,0,0,34,5,39,0,0,218,0,218,0,0,252,5,257,125,12,137,394
11/21/2004,LAL,FL,ASO,ES,Federal Contract Tower,0,2,25,2,29,0,0,226,0,226,0,2,251,2,255,128,2,130,385
11/22/2004,LAL,FL,ASO,ES,Federal Contract Tower,0,2,29,8,39,0,0,121,4,125,0,2,150,12,164,101,38,139,303
11/23/2004,LAL,FL,ASO,ES,Federal Contract Tower,0,0,48,4,52,0,0,90,0,90,0,0,138,4,142,61,2,63,205
11/24/2004,LAL,FL,ASO,ES,Federal Contract Tower,0,2,32,0,34,0,0,59,0,59,0,2,91,0,93,27,0,27,120
11/25/2004,LAL,FL,ASO,ES,Federal Contract Tower,0,0,8,0,8,0,0,23,0,23,0,0,31,0,31,16,0,16,47
11/26/2004,LAL,FL,ASO,ES,Federal Contract Tower,0,0,30,0,30,0,0,166,0,166,0,0,196,0,196,72,0,72,268
11/27/2004,LAL,FL,ASO,ES,Federal Contract Tower,0,2,35,0,37,0,0,139,0,139,0,2,174,0,176,101,0,101,277
11/28/2004,LAL,FL,ASO,ES,Federal Contract Tower,0,2,31,0,33,0,2,185,0,187,0,4,216,0,220,89,0,89,309
11/29/2004,LAL,FL,ASO,ES,Federal Contract Tower,0,0,32,5,37,0,0,89,1,90,0,0,121,6,127,99,38,137,264
11/30/2004,LAL,FL,ASO,ES,Federal Contract Tower,0,0,23,0,23,0,0,120,0,120,0,0,143,0,143,70,0,70,213
12/01/2004,LAL,FL,ASO,ES,Federal Contract Tower,0,0,48,2,50,0,0,115,0,115,0,0,163,2,165,90,2,92,257
12/02/2004,LAL,FL,ASO,ES,Federal Contract Tower,0,0,95,0,95,0,0,74,0,74,0,0,169,0,169,52,0,52,221
12/03/2004,LAL,FL,ASO,ES,Federal Contract Tower,0,0,55,5,60,0,0,149,9,158,0,0,204,14,218,111,12,123,341
12/04/2004,LAL,FL,ASO,ES,Federal Contract Tower,0,2,38,3,43,0,0,223,0,223,0,2,261,3,266,133,8,141,407
12/05/2004,LAL,FL,ASO,ES,Federal Contract Tower,0,4,22,22,48,0,0,167,1,168,0,4,189,23,216,83,7,90,306
12/06/2004,LAL,FL,ASO,ES,Federal Contract Tower,0,0,44,8,52,0,1,113,0,114,0,1,157,8,166,104,2,106,272
12/07/2004,LAL,FL,ASO,ES,Federal Contract Tower,0,0,52,0,52,0,1,94,0,95,0,1,146,0,147,95,0,95,242
12/08/2004,LAL,FL,ASO,ES,Federal Contract Tower,0,2,74,7,83,0,0,81,0,81,0,2,155,7,164,109,5,114,278
12/09/2004,LAL,FL,ASO,ES,Federal Contract Tower,0,0,61,0,61,0,0,63,0,63,0,0,124,0,124,79,0,79,203
12/10/2004,LAL,FL,ASO,ES,Federal Contract Tower,0,2,22,0,24,0,0,34,4,38,0,2,56,4,62,30,0,30,92
12/11/2004,LAL,FL,ASO,ES,Federal Contract Tower,0,2,26,0,28,0,0,132,0,132,0,2,158,0,160,95,0,95,255
12/12/2004,LAL,FL,ASO,ES,Federal Contract Tower,0,2,23,2,27,0,0,181,0,181,0,2,204,2,208,135,0,135,343
12/13/2004,LAL,FL,ASO,ES,Federal Contract Tower,0,0,36,6,42,0,0,117,2,119,0,0,153,8,161,99,63,162,323
12/14/2004,LAL,FL,ASO,ES,Federal Contract Tower,0,4,41,0,45,0,3,106,2,111,0,7,147,2,156,98,62,160,316
12/15/2004,LAL,FL,ASO,ES,Federal Contract Tower,0,10,36,7,53,0,2,121,1,124,0,12,157,8,177,83,0,83,260
12/16/2004,LAL,FL,ASO,ES,Federal Contract Tower,0,4,32,0,36,0,0,135,0,135,0,4,167,0,171,72,0,72,243
12/17/2004,LAL,FL,ASO,ES,Federal Contract Tower,0,4,68,5,77,0,0,110,3,113,0,4,178,8,190,51,4,55,245
12/18/2004,LAL,FL,ASO,ES,Federal Contract Tower,0,5,67,0,72,0,0,120,0,120,0,5,187,0,192,57,0,57,249
12/19/2004,LAL,FL,ASO,ES,Federal Contract Tower,0,2,30,0,32,0,0,105,0,105,0,2,135,0,137,70,0,70,207
12/20/2004,LAL,FL,ASO,ES,Federal Contract Tower,0,0,39,8,47,0,0,115,0,115,0,0,154,8,162,116,8,124,286
12/21/2004,LAL,FL,ASO,ES,Federal Contract Tower,0,3,38,0,41,0,0,138,0,138,0,3,176,0,179,127,0,127,306
12/22/2004,LAL,FL,ASO,ES,Federal Contract Tower,0,0,31,0,31,0,0,116,0,116,0,0,147,0,147,121,2,123,270
12/23/2004,LAL,FL,ASO,ES,Federal Contract Tower,0,1,63,0,64,0,0,8,0,8,0,1,71,0,72,89,0,89,161
12/24/2004,LAL,FL,ASO,ES,Federal Contract Tower,0,6,14,0,20,0,0,1,0,1,0,6,15,0,21,0,0,0,21
12/25/2004,LAL,FL,ASO,ES,Federal Contract Tower,0,0,18,0,18,0,0,0,0,0,0,0,18,0,18,6,0,6,24
12/26/2004,LAL,FL,ASO,ES,Federal Contract Tower,0,3,30,0,33,0,0,12,0,12,0,3,42,0,45,24,0,24,69
12/27/2004,LAL,FL,ASO,ES,Federal Contract Tower,0,1,23,0,24,0,0,157,0,157,0,1,180,0,181,113,0,113,294
12/28/2004,LAL,FL,ASO,ES,Federal Contract Tower,0,4,41,0,45,0,0,129,0,129,0,4,170,0,174,82,0,82,256
12/29/2004,LAL,FL,ASO,ES,Federal Contract Tower,0,3,33,0,36,0,0,153,4,157,0,3,186,4,193,163,0,163,356
12/30/2004,LAL,FL,ASO,ES,Federal Contract Tower,0,2,28,0,30,0,0,160,0,160,0,2,188,0,190,129,0,129,319
12/31/2004,LAL,FL,ASO,ES,Federal Contract Tower,0,5,19,0,24,0,0,143,0,143,0,5,162,0,167,88,0,88,255
01/01/2005,LAL,FL,ASO,ES,Federal Contract Tower,0,2,9,0,11,0,0,138,0,138,0,2,147,0,149,80,0,80,229
01/02/2005,LAL,FL,ASO,ES,Federal Contract Tower,0,6,29,0,35,0,0,147,0,147,0,6,176,0,182,88,0,88,270
01/03/2005,LAL,FL,ASO,ES,Federal Contract Tower,0,1,31,6,38,0,2,113,0,115,0,3,144,6,153,104,23,127,280
01/04/2005,LAL,FL,ASO,ES,Federal Contract Tower,0,4,54,4,62,0,0,125,0,125,0,4,179,4,187,112,2,114,301
01/05/2005,LAL,FL,ASO,ES,Federal Contract Tower,0,0,51,6,57,0,1,151,0,152,0,1,202,6,209,134,13,147,356
01/06/2005,LAL,FL,ASO,ES,Federal Contract Tower,0,3,43,1,47,0,1,133,1,135,0,4,176,2,182,100,0,100,282
01/07/2005,LAL,FL,ASO,ES,Federal Contract Tower,0,0,51,12,63,0,0,119,0,119,0,0,170,12,182,58,10,68,250
01/08/2005,LAL,FL,ASO,ES,Federal Contract Tower,0,0,30,0,30,0,0,211,0,211,0,0,241,0,241,145,0,145,386
01/09/2005,LAL,FL,ASO,ES,Federal Contract Tower,0,2,27,10,39,0,0,170,3,173,0,2,197,13,212,94,4,98,310
01/10/2005,LAL,FL,ASO,ES,Federal Contract Tower,0,0,29,0,29,0,0,93,0,93,0,0,122,0,122,30,0,30,152
01/11/2005,LAL,FL,ASO,ES,Federal Contract Tower,0,2,31,0,33,0,0,126,0,126,0,2,157,0,159,90,0,90,249
01/12/2005,LAL,FL,ASO,ES,Federal Contract Tower,0,2,47,1,50,0,0,141,1,142,0,2,188,2,192,103,0,103,295
01/13/2005,LAL,FL,ASO,ES,Federal Contract Tower,0,2,36,2,40,0,0,120,0,120,0,2,156,2,160,52,0,52,212
01/14/2005,LAL,FL,ASO,ES,Federal Contract Tower,0,1,50,0,51,0,0,0,0,0,0,1,50,0,51,5,0,5,56
01/15/2005,LAL,FL,ASO,ES,Federal Contract Tower,0,1,57,0,58,0,0,37,0,37,0,1,94,0,95,30,0,30,125
01/16/2005,LAL,FL,ASO,ES,Federal Contract Tower,0,0,24,0,24,0,0,72,0,72,0,0,96,0,96,81,0,81,177
01/17/2005,LAL,FL,ASO,ES,Federal Contract Tower,0,6,31,0,37,0,0,162,0,162,0,6,193,0,199,159,0,159,358
01/18/2005,LAL,FL,ASO,ES,Federal Contract Tower,0,3,35,0,38,0,1,141,0,142,0,4,176,0,180,108,0,108,288
01/19/2005,LAL,FL,ASO,ES,Federal Contract Tower,0,0,39,0,39,0,0,170,0,170,0,0,209,0,209,116,0,116,325
01/20/2005,LAL,FL,ASO,ES,Federal Contract Tower,0,2,44,3,49,0,0,117,5,122,0,2,161,8,171,114,40,154,325
01/21/2005,LAL,FL,ASO,ES,Federal Contract Tower,0,5,55,4,64,0,0,109,0,109,0,5,164,4,173,81,1,82,255
01/22/2005,LAL,FL,ASO,ES,Federal Contract Tower,0,1,49,3,53,0,0,165,0,165,0,1,214,3,218,75,2,77,295
01/23/2005,LAL,FL,ASO,ES,Federal Contract Tower,0,2,46,0,48,0,0,45,0,45,0,2,91,0,93,42,0,42,135
01/24/2005,LAL,FL,ASO,ES,Federal Contract Tower,0,9,45,4,58,0,0,123,0,123,0,9,168,4,181,143,0,143,324
01/25/2005,LAL,FL,ASO,ES,Federal Contract Tower,0,8,60,0,68,0,5,179,0,184,0,13,239,0,252,180,0,180,432
01/26/2005,LAL,FL,ASO,ES,Federal Contract Tower,0,3,65,4,72,0,0,144,0,144,0,3,209,4,216,99,8,107,323
01/27/2005,LAL,FL,ASO,ES,Federal Contract Tower,0,2,63,0,65,0,0,96,3,99,0,2,159,3,164,108,4,112,276
01/28/2005,LAL,FL,ASO,ES,Federal Contract Tower,0,0,66,27,93,0,0,31,0,31,0,0,97,27,124,45,14,59,183
01/29/2005,LAL,FL,ASO,ES,Federal Contract Tower,0,1,30,0,31,0,0,163,0,163,0,1,193,0,194,113,0,113,307
01/30/2005,LAL,FL,ASO,ES,Federal Contract Tower,0,6,37,12,55,0,0,151,12,163,0,6,188,24,218,136,4,140,358
01/31/2005,LAL,FL,ASO,ES,Federal Contract Tower,0,4,38,6,48,0,0,180,0,180,0,4,218,6,228,145,44,189,417
02/01/2005,LAL,FL,ASO,ES,Federal Contract Tower,0,0,49,8,57,0,0,157,2,159,0,0,206,10,216,145,16,161,377
02/02/2005,LAL,FL,ASO,ES,Federal Contract Tower,0,1,66,4,71,0,0,113,0,113,0,1,179,4,184,135,2,137,321
02/03/2005,LAL,FL,ASO,ES,Federal Contract Tower,0,0,96,0,96,0,2,114,0,116,0,2,210,0,212,114,0,114,326
02/04/2005,LAL,FL,ASO,ES,Federal Contract Tower,0,5,101,5,111,0,0,38,4,42,0,5,139,9,153,60,2,62,215
02/05/2005,LAL,FL,ASO,ES,Federal Contract Tower,0,1,61,2,64,0,0,297,0,297,0,1,358,2,361,72,0,72,433
02/06/2005,LAL,FL,ASO,ES,Federal Contract Tower,0,0,70,4,74,0,0,279,5,284,0,0,349,9,358,104,0,104,462
02/07/2005,LAL,FL,ASO,ES,Federal Contract Tower,0,1,62,4,67,0,0,109,0,109,0,1,171,4,176,122,0,122,298
02/08/2005,LAL,FL,ASO,ES,Federal Contract Tower,0,1,9,0,10,0,0,0,2,2,0,1,9,2,12,124,0,124,136
02/09/2005,LAL,FL,ASO,ES,Federal Contract Tower,0,0,72,0,72,0,0,156,2,158,0,0,228,2,230,128,2,130,360
02/10/2005,LAL,FL,ASO,ES,Federal Contract Tower,0,4,90,1,95,0,0,54,7,61,0,4,144,8,156,98,35,133,289
02/11/2005,LAL,FL,ASO,ES,Federal Contract Tower,0,1,56,6,63,0,0,182,19,201,0,1,238,25,264,136,18,154,418
02/12/2005,LAL,FL,ASO,ES,Federal Contract Tower,0,0,30,3,33,0,0,212,1,213,0,0,242,4,246,126,0,126,372
02/13/2005,LAL,FL,ASO,ES,Federal Contract Tower,0,0,29,7,36,0,0,158,6,164,0,0,187,13,200,77,10,87,287
02/14/2005,LAL,FL,ASO,ES,Federal Contract Tower,0,0,42,1,43,0,0,102,0,102,0,0,144,1,145,73,0,73,218
02/15/2005,LAL,FL,ASO,ES,Federal Contract Tower,0,0,63,0,63,0,0,141,0,141,0,0,204,0,204,79,0,79,283
02/16/2005,LAL,FL,ASO,ES,Federal Contract Tower,0,0,40,6,46,0,0,220,2,222,0,0,260,8,268,154,58,212,480
02/17/2005,LAL,FL,ASO,ES,Federal Contract Tower,0,2,75,2,79,0,1,102,0,103,0,3,177,2,182,58,2,60,242
02/18/2005,LAL,FL,ASO,ES,Federal Contract Tower,0,2,47,22,71,0,0,159,2,161,0,2,206,24,232,132,18,150,382
02/19/2005,LAL,FL,ASO,ES,Federal Contract Tower,0,3,46,0,49,0,0,195,1,196,0,3,241,1,245,144,0,144,389
02/20/2005,LAL,FL,ASO,ES,Federal Contract Tower,0,1,30,3,34,0,0,197,1,198,0,1,227,4,232,93,1,94,326
02/21/2005,LAL,FL,ASO,ES,Federal Contract Tower,0,7,47,11,65,0,0,171,7,178,0,7,218,18,243,157,4,161,404
02/22/2005,LAL,FL,ASO,ES,Federal Contract Tower,0,1,78,5,84,0,0,80,3,83,0,1,158,8,167,104,6,110,277
02/23/2005,LAL,FL,ASO,ES,Federal Contract Tower,0,5,77,4,86,0,0,76,0,76,0,5,153,4,162,101,8,109,271
02/24/2005,LAL,FL,ASO,ES,Federal Contract Tower,0,1,51,8,60,0,0,85,8,93,0,1,136,16,153,119,24,143,296
02/25/2005,LAL,FL,ASO,ES,Federal Contract Tower,0,4,71,3,78,0,0,11,5,16,0,4,82,8,94,35,0,35,129
02/26/2005,LAL,FL,ASO,ES,Federal Contract Tower,0,2,76,6,84,0,0,39,0,39,0,2,115,6,123,49,0,49,172
02/27/2005,LAL,FL,ASO,ES,Federal Contract Tower,0,2,22,0,24,0,0,0,0,0,0,2,22,0,24,6,0,6,30
02/28/2005,LAL,FL,ASO,ES,Federal Contract Tower,0,0,47,12,59,0,0,126,19,145,0,0,173,31,204,96,5,101,305
03/01/2005,LAL,FL,ASO,ES,Federal Contract Tower,0,3,49,2,54,0,0,114,0,114,0,3,163,2,168,110,0,110,278
03/02/2005,LAL,FL,ASO,ES,Federal Contract Tower,0,3,43,2,48,0,0,159,0,159,0,3,202,2,207,64,4,68,275
03/03/2005,LAL,FL,ASO,ES,Federal Contract Tower,0,5,54,0,59,0,0,62,0,62,0,5,116,0,121,100,0,100,221
03/04/2005,LAL,FL,ASO,ES,Federal Contract Tower,0,2,51,2,55,0,0,146,0,146,0,2,197,2,201,78,8,86,287
03/05/2005,LAL,FL,ASO,ES,Federal Contract Tower,0,2,45,0,47,0,0,250,0,250,0,2,295,0,297,138,0,138,435
03/06/2005,LAL,FL,ASO,ES,Federal Contract Tower,0,2,29,2,33,0,0,182,2,184,0,2,211,4,217,110,0,110,327
03/07/2005,LAL,FL,ASO,ES,Federal Contract Tower,0,2,1,5,8,0,0,207,0,207,0,2,208,5,215,111,0,111,326
03/08/2005,LAL,FL,ASO,ES,Federal Contract Tower,0,1,36,2,39,0,0,39,0,39,0,1,75,2,78,12,0,12,90
03/09/2005,LAL,FL,ASO,ES,Federal Contract Tower,0,0,93,0,93,0,0,18,0,18,0,0,111,0,111,57,0,57,168
03/10/2005,LAL,FL,ASO,ES,Federal Contract Tower,0,4,61,3,68,0,0,136,0,136,0,4,197,3,204,121,6,127,331
03/11/2005,LAL,FL,ASO,ES,Federal Contract Tower,0,0,55,11,66,0,0,115,24,139,0,0,170,35,205,157,21,178,383
03/12/2005,LAL,FL,ASO,ES,Federal Contract Tower,0,2,27,0,29,0,0,193,0,193,0,2,220,0,222,111,0,111,333
03/13/2005,LAL,FL,ASO,ES,Federal Contract Tower,0,6,55,6,67,0,0,137,16,153,0,6,192,22,220,92,11,103,323
03/14/2005,LAL,FL,ASO,ES,Federal Contract Tower,0,2,50,1,53,0,0,76,4,80,0,2,126,5,133,68,0,68,201
03/15/2005,LAL,FL,ASO,ES,Federal Contract Tower,0,0,103,0,103,0,0,21,0,21,0,0,124,0,124,96,0,96,220
03/16/2005,LAL,FL,ASO,ES,Federal Contract Tower,0,0,71,0,71,0,0,16,0,16,0,0,87,0,87,75,0,75,162
03/17/2005,LAL,FL,ASO,ES,Federal Contract Tower,0,2,44,1,47,0,0,0,0,0,0,2,44,1,47,17,0,17,64
03/18/2005,LAL,FL,ASO,ES,Federal Contract Tower,0,0,90,14,104,0,0,106,0,106,0,0,196,14,210,150,0,150,360
03/19/2005,LAL,FL,ASO,ES,Federal Contract Tower,0,4,57,10,71,0,0,223,0,223,0,4,280,10,294,176,6,182,476
03/20/2005,LAL,FL,ASO,ES,Federal Contract Tower,0,4,44,15,63,0,0,183,13,196,0,4,227,28,259,133,12,145,404
03/21/2005,LAL,FL,ASO,ES,Federal Contract Tower,0,0,57,2,59,0,2,109,0,111,0,2,166,2,170,137,0,137,307
03/22/2005,LAL,FL,ASO,ES,Federal Contract Tower,0,0,64,0,64,0,0,48,0,48,0,0,112,0,112,86,0,86,198
03/23/2005,LAL,FL,ASO,ES,Federal Contract Tower,0,1,45,0,46,0,0,26,0,26,0,1,71,0,72,69,0,69,141
03/24/2005,LAL,FL,ASO,ES,Federal Contract Tower,0,2,76,4,82,0,1,130,1,132,0,3,206,5,214,183,6,189,403
03/25/2005,LAL,FL,ASO,ES,Federal Contract Tower,0,1,63,2,66,0,0,81,0,81,0,1,144,2,147,107,14,121,268
03/26/2005,LAL,FL,ASO,ES,Federal Contract Tower,0,3,59,1,63,0,0,59,1,60,0,3,118,2,123,108,0,108,231
03/27/2005,LAL,FL,ASO,ES,Federal Contract Tower,0,2,38,0,40,0,0,28,2,30,0,2,66,2,70,31,8,39,109
03/28/2005,LAL,FL,ASO,ES,Federal Contract Tower,0,6,36,4,46,0,0,62,0,62,0,6,98,4,108,42,16,58,166
03/29/2005,LAL,FL,ASO,ES,Federal Contract Tower,0,3,53,0,56,0,1,193,0,194,0,4,246,0,250,127,0,127,377
03/30/2005,LAL,FL,ASO,ES,Federal Contract Tower,0,4,63,3,70,0,0,198,1,199,0,4,261,4,269,144,2,146,415
03/31/2005,LAL,FL,ASO,ES,Federal Contract Tower,0,2,54,0,56,0,0,115,0,115,0,2,169,0,171,147,0,147,318
04/01/2005,LAL,FL,ASO,ES,Federal Contract Tower,0,4,30,2,36,0,0,155,0,155,0,4,185,2,191,197,0,197,388
04/02/2005,LAL,FL,ASO,ES,Federal Contract Tower,0,0,43,0,43,0,0,45,0,45,0,0,88,0,88,63,0,63,151
04/03/2005,LAL,FL,ASO,ES,Federal Contract Tower,0,7,45,0,52,0,0,226,0,226,0,7,271,0,278,138,0,138,416
04/04/2005,LAL,FL,ASO,ES,Federal Contract Tower,0,6,32,2,40,0,2,160,0,162,0,8,192,2,202,175,4,179,381
04/05/2005,LAL,FL,ASO,ES,Federal Contract Tower,0,0,51,6,57,0,0,160,0,160,0,0,211,6,217,148,6,154,371
04/06/2005,LAL,FL,ASO,ES,Federal Contract Tower,0,0,51,5,56,0,0,148,2,150,0,0,199,7,206,224,2,226,432
04/07/2005,LAL,FL,ASO,ES,Federal Contract Tower,0,1,40,3,44,0,0,60,0,60,0,1,100,3,104,38,19,57,161
04/08/2005,LAL,FL,ASO,ES,Federal Contract Tower,0,2,46,13,61,0,0,162,5,167,0,2,208,18,228,141,9,150,378
04/09/2005,LAL,FL,ASO,ES,Federal Contract Tower,0,0,32,0,32,0,0,265,0,265,0,0,297,0,297,102,0,102,399
04/10/2005,LAL,FL,ASO,ES,Federal Contract Tower,0,2,10,2,14,0,2,401,2,405,0,4,411,4,419,245,4,249,668
04/11/2005,LAL,FL,ASO,ES,Federal Contract Tower,0,2,8,0,10,0,2,1181,4,1187,0,4,1189,4,1197,395,4,399,1596
04/12/2005,LAL,FL,ASO,ES,Federal Contract Tower,0,3,11,0,14,0,2,1068,5,1075,0,5,1079,5,1089,550,10,560,1649
04/13/2005,LAL,FL,ASO,ES,Federal Contract Tower,0,4,12,0,16,0,3,801,4,808,0,7,813,4,824,1178,4,1182,2006
04/14/2005,LAL,FL,ASO,ES,Federal Contract Tower,0,4,14,2,20,0,0,2287,13,2300,0,4,2301,15,2320,278,28,306,2626
04/15/2005,LAL,FL,ASO,ES,Federal Contract Tower,0,4,16,1,21,0,0,2744,1,2745,0,4,2760,2,2766,328,16,344,3110
04/16/2005,LAL,FL,ASO,ES,Federal Contract Tower,0,3,12,2,17,0,0,1880,4,1884,0,3,1892,6,1901,295,16,311,2212
04/17/2005,LAL,FL,ASO,ES,Federal Contract Tower,0,2,13,2,17,0,0,1235,4,1239,0,2,1248,6,1256,321,22,343,1599
04/18/2005,LAL,FL,ASO,ES,Federal Contract Tower,0,2,8,0,10,0,0,741,6,747,0,2,749,6,757,66,6,72,829
04/19/2005,LAL,FL,ASO,ES,Federal Contract Tower,0,0,35,4,39,0,0,202,0,202,0,0,237,4,241,51,4,55,296
04/20/2005,LAL,FL,ASO,ES,Federal Contract Tower,0,2,51,0,53,0,0,116,0,116,0,2,167,0,169,118,0,118,287
04/21/2005,LAL,FL,ASO,ES,Federal Contract Tower,0,4,30,4,38,0,0,143,2,145,0,4,173,6,183,108,18,126,309
04/22/2005,LAL,FL,ASO,ES,Federal Contract Tower,0,0,37,18,55,0,0,120,2,122,0,0,157,20,177,112,8,120,297
04/23/2005,LAL,FL,ASO,ES,Federal Contract Tower,0,0,34,0,34,0,0,108,0,108,0,0,142,0,142,130,0,130,272
04/24/2005,LAL,FL,ASO,ES,Federal Contract Tower,0,2,48,14,64,0,0,149,0,149,0,2,197,14,213,74,23,97,310
04/25/2005,LAL,FL,ASO,ES,Federal Contract Tower,0,0,49,0,49,0,0,161,0,161,0,0,210,0,210,161,0,161,371
04/26/2005,LAL,FL,ASO,ES,Federal Contract Tower,0,6,24,0,30,0,0,75,0,75,0,6,99,0,105,78,0,78,183
04/27/2005,LAL,FL,ASO,ES,Federal Contract Tower,0,2,53,4,59,0,0,49,0,49,0,2,102,4,108,47,6,53,161
04/28/2005,LAL,FL,ASO,ES,Federal Contract Tower,0,3,43,0,46,0,0,169,0,169,0,3,212,0,215,95,0,95,310
04/29/2005,LAL,FL,ASO,ES,Federal Contract Tower,0,1,31,2,34,0,0,131,2,133,0,1,162,4,167,74,0,74,241
04/30/2005,LAL,FL,ASO,ES,Federal Contract Tower,0,2,17,0,19,0,0,171,0,171,0,2,188,0,190,73,0,73,263
05/01/2005,LAL,FL,ASO,ES,Federal Contract Tower,0,2,22,2,26,0,0,68,0,68,0,2,90,2,94,54,0,54,148
05/02/2005,LAL,FL,ASO,ES,Federal Contract Tower,0,3,50,0,53,0,0,77,1,78,0,3,127,1,131,114,0,114,245
05/03/2005,LAL,FL,ASO,ES,Federal Contract Tower,0,0,33,0,33,0,0,160,0,160,0,0,193,0,193,87,0,87,280
05/04/2005,LAL,FL,ASO,ES,Federal Contract Tower,0,0,40,0,40,0,0,29,0,29,0,0,69,0,69,4,0,4,73
05/05/2005,LAL,FL,ASO,ES,Federal Contract Tower,0,6,36,0,42,0,0,24,0,24,0,6,60,0,66,28,0,28,94
05/06/2005,LAL,FL,ASO,ES,Federal Contract Tower,0,0,48,0,48,0,0,66,0,66,0,0,114,0,114,100,0,100,214
05/07/2005,LAL,FL,ASO,ES,Federal Contract Tower,0,4,21,0,25,0,0,217,0,217,0,4,238,0,242,127,0,127,369
05/08/2005,LAL,FL,ASO,ES,Federal Contract Tower,0,2,20,2,24,0,0,137,0,137,0,2,157,2,161,61,0,61,222
05/09/2005,LAL,FL,ASO,ES,Federal Contract Tower,0,2,46,0,48,0,0,146,0,146,0,2,192,0,194,112,0,112,306
05/10/2005,LAL,FL,ASO,ES,Federal Contract Tower,0,1,44,0,45,0,0,100,0,100,0,1,144,0,145,113,0,113,258
05/11/2005,LAL,FL,ASO,ES,Federal Contract Tower,0,0,51,0,51,0,0,136,0,136,0,0,187,0,187,117,0,117,304
05/12/2005,LAL,FL,ASO,ES,Federal Contract Tower,0,1,39,2,42,0,1,157,0,158,0,2,196,2,200,105,4,109,309
05/13/2005,LAL,FL,ASO,ES,Federal Contract Tower,0,0,38,1,39,0,0,141,3,144,0,0,179,4,183,140,0,140,323
05/14/2005,LAL,FL,ASO,ES,Federal Contract Tower,0,0,18,2,20,0,0,155,0,155,0,0,173,2,175,111,2,113,288
05/15/2005,LAL,FL,ASO,ES,Federal Contract Tower,0,0,20,2,22,0,0,136,2,138,0,0,156,4,160,98,14,112,272
05/16/2005,LAL,FL,ASO,ES,Federal Contract Tower,0,0,21,2,23,0,1,79,3,83,0,1,100,5,106,88,2,90,196
05/17/2005,LAL,FL,ASO,ES,Federal Contract Tower,0,2,57,3,62,0,2,112,0,114,0,4,169,3,176,141,0,141,317
05/18/2005,LAL,FL,ASO,ES,Federal Contract Tower,0,3,47,0,50,0,0,114,0,114,0,3,161,0,164,109,0,109,273
05/19/2005,LAL,FL,ASO,ES,Federal Contract Tower,0,1,58,0,59,0,0,144,6,150,0,1,202,6,209,117,0,117,326
05/20/2005,LAL,FL,ASO,ES,Federal Contract Tower,0,0,40,6,46,0,0,88,6,94,0,0,128,12,140,106,3,109,249
05/21/2005,LAL,FL,ASO,ES,Federal Contract Tower,0,0,25,0,25,0,0,143,0,143,0,0,168,0,168,92,0,92,260
05/22/2005,LAL,FL,ASO,ES,Federal Contract Tower,0,2,49,2,53,0,0,130,16,146,0,2,179,18,199,78,0,78,277
05/23/2005,LAL,FL,ASO,ES,Federal Contract Tower,0,2,31,0,33,0,0,67,0,67,0,2,98,0,100,46,0,46,146
05/24/2005,LAL,FL,ASO,ES,Federal Contract Tower,0,4,69,5,78,0,2,39,0,41,0,6,108,5,119,104,18,122,241
05/25/2005,LAL,FL,ASO,ES,Federal Contract Tower,0,3,45,0,48,0,0,62,0,62,0,3,107,0,110,70,2,72,182
05/26/2005,LAL,FL,ASO,ES,Federal Contract Tower,0,2,68,13,83,0,1,105,1,107,0,3,173,14,190,110,32,142,332
05/27/2005,LAL,FL,ASO,ES,Federal Contract Tower,0,3,36,2,41,0,0,128,0,128,0,3,164,2,169,78,6,84,253
05/28/2005,LAL,FL,ASO,ES,Federal Contract Tower,0,0,34,0,34,0,0,143,0,143,0,0,177,0,177,73,0,73,250
05/29/2005,LAL,FL,ASO,ES,Federal Contract Tower,0,2,17,0,19,0,0,149,0,149,0,2,166,0,168,119,0,119,287
05/30/2005,LAL,FL,ASO,ES,Federal Contract Tower,0,2,31,0,33,0,0,144,0,144,0,2,175,0,177,71,0,71,248
05/31/2005,LAL,FL,ASO,ES,Federal Contract Tower,0,0,31,0,31,0,0,34,0,34,0,0,65,0,65,37,0,37,102
06/01/2005,LAL,FL,ASO,ES,Federal Contract Tower,0,0,25,0,25,0,0,25,0,25,0,0,50,0,50,29,9,38,88
06/02/2005,LAL,FL,ASO,ES,Federal Contract Tower,0,0,59,0,59,0,0,72,0,72,0,0,131,0,131,79,0,79,210
06/03/2005,LAL,FL,ASO,ES,Federal Contract Tower,0,0,45,8,53,0,0,20,0,20,0,0,65,8,73,60,12,72,145
06/04/2005,LAL,FL,ASO,ES,Federal Contract Tower,0,1,34,2,37,0,0,59,0,59,0,1,93,2,96,62,0,62,158
06/05/2005,LAL,FL,ASO,ES,Federal Contract Tower,0,2,24,2,28,0,0,60,0,60,0,2,84,2,88,65,2,67,155
06/06/2005,LAL,FL,ASO,ES,Federal Contract Tower,0,1,31,0,32,0,0,88,2,90,0,1,119,2,122,109,0,109,231
06/07/2005,LAL,FL,ASO,ES,Federal Contract Tower,0,0,49,2,51,0,0,149,0,149,0,0,198,2,200,89,2,91,291
06/08/2005,LAL,FL,ASO,ES,Federal Contract Tower,0,0,27,2,29,0,0,111,4,115,0,0,138,6,144,107,7,114,258
06/09/2005,LAL,FL,ASO,ES,Federal Contract Tower,0,0,45,0,45,0,0,67,0,67,0,0,112,0,112,71,0,71,183
06/10/2005,LAL,FL,ASO,ES,Federal Contract Tower,0,6,31,0,37,0,0,12,0,12,0,6,43,0,49,44,0,44,93
06/11/2005,LAL,FL,ASO,ES,Federal Contract Tower,0,2,30,0,32,0,0,21,0,21,0,2,51,0,53,22,0,22,75
06/12/2005,LAL,FL,ASO,ES,Federal Contract Tower,0,4,36,0,40,0,0,28,0,28,0,4,64,0,68,20,0,20,88
06/13/2005,LAL,FL,ASO,ES,Federal Contract Tower,0,0,40,2,42,0,0,140,1,141,0,0,180,3,183,84,2,86,269
06/14/2005,LAL,FL,ASO,ES,Federal Contract Tower,0,0,50,0,50,0,0,141,2,143,0,0,191,2,193,133,0,133,326
06/15/2005,LAL,FL,ASO,ES,Federal Contract Tower,0,2,60,2,64,0,0,126,3,129,0,2,186,5,193,130,8,138,331
06/16/2005,LAL,FL,ASO,ES,Federal Contract Tower,0,6,43,8,57,0,0,149,5,154,0,6,192,13,211,78,44,122,333
06/17/2005,LAL,FL,ASO,ES,Federal Contract Tower,0,2,47,18,67,0,0,129,2,131,0,2,176,20,198,50,7,57,255
06/18/2005,LAL,FL,ASO,ES,Federal Contract Tower,0,4,52,0,56,0,0,153,0,153,0,4,205,0,209,144,0,144,353
06/19/2005,LAL,FL,ASO,ES,Federal Contract Tower,0,5,30,3,38,0,2,142,1,145,0,7,172,4,183,46,0,46,229
06/20/2005,LAL,FL,ASO,ES,Federal Contract Tower,0,0,35,2,37,0,0,72,0,72,0,0,107,2,109,63,8,71,180
06/21/2005,LAL,FL,ASO,ES,Federal Contract Tower,0,0,44,2,46,0,5,89,2,96,0,5,133,4,142,28,0,28,170
06/22/2005,LAL,FL,ASO,ES,Federal Contract Tower,0,7,30,0,37,0,0,105,0,105,0,7,135,0,142,82,0,82,224
06/23/2005,LAL,FL,ASO,ES,Federal Contract Tower,0,3,48,0,51,0,0,76,0,76,0,3,124,0,127,78,0,78,205
06/24/2005,LAL,FL,ASO,ES,Federal Contract Tower,0,2,45,1,48,0,0,66,6,72,0,2,111,7,120,92,0,92,212
06/25/2005,LAL,FL,ASO,ES,Federal Contract Tower,0,0,52,3,55,0,0,69,1,70,0,0,121,4,125,143,2,145,270
06/26/2005,LAL,FL,ASO,ES,Federal Contract Tower,0,5,38,2,45,0,0,191,0,191,0,5,229,2,236,142,4,146,382
06/27/2005,LAL,FL,ASO,ES,Federal Contract Tower,0,2,49,2,53,0,0,87,0,87,0,2,136,2,140,129,0,129,269
06/28/2005,LAL,FL,ASO,ES,Federal Contract Tower,0,2,57,1,60,0,0,68,1,69,0,2,125,2,129,68,0,68,197
06/29/2005,LAL,FL,ASO,ES,Federal Contract Tower,0,0,60,0,60,0,3,76,2,81,0,3,136,2,141,117,0,117,258
06/30/2005,LAL,FL,ASO,ES,Federal Contract Tower,0,4,47,0,51,0,1,73,1,75,0,5,120,1,126,122,0,122,248
07/01/2005,LAL,FL,ASO,ES,Federal Contract Tower,0,2,47,0,49,0,0,70,1,71,0,2,117,1,120,57,0,57,177
07/02/2005,LAL,FL,ASO,ES,Federal Contract Tower,0,2,34,0,36,0,0,92,0,92,0,2,126,0,128,73,0,73,201
07/03/2005,LAL,FL,ASO,ES,Federal Contract Tower,0,6,0,0,6,0,0,119,0,119,0,6,119,0,125,38,0,38,163
07/04/2005,LAL,FL,ASO,ES,Federal Contract Tower,0,0,20,0,20,0,0,140,0,140,0,0,160,0,160,109,0,109,269
07/05/2005,LAL,FL,ASO,ES,Federal Contract Tower,0,2,37,2,41,0,1,117,0,118,0,3,154,2,159,80,0,80,239
07/06/2005,LAL,FL,ASO,ES,Federal Contract Tower,0,2,41,1,44,0,0,129,3,132,0,2,170,4,176,131,0,131,307
07/07/2005,LAL,FL,ASO,ES,Federal Contract Tower,0,1,36,0,37,0,0,130,0,130,0,1,166,0,167,181,0,181,348
07/08/2005,LAL,FL,ASO,ES,Federal Contract Tower,0,6,43,0,49,0,0,100,0,100,0,6,143,0,149,65,0,65,214
07/09/2005,LAL,FL,ASO,ES,Federal Contract Tower,0,0,3,0,3,0,0,0,0,0,0,0,3,0,3,0,0,0,3
07/10/2005,LAL,FL,ASO,ES,Federal Contract Tower,0,0,12,0,12,0,0,5,0,5,0,0,17,0,17,2,0,2,19
07/11/2005,LAL,FL,ASO,ES,Federal Contract Tower,0,3,29,2,34,0,0,85,0,85,0,3,114,2,119,132,0,132,251
07/12/2005,LAL,FL,ASO,ES,Federal Contract Tower,0,3,27,2,32,0,0,95,0,95,0,3,122,2,127,83,2,85,212
07/13/2005,LAL,FL,ASO,ES,Federal Contract Tower,0,0,50,0,50,0,0,111,0,111,0,0,161,0,161,64,0,64,225
07/14/2005,LAL,FL,ASO,ES,Federal Contract Tower,0,1,36,2,39,0,1,110,2,113,0,2,146,4,152,97,0,97,249
07/15/2005,LAL,FL,ASO,ES,Federal Contract Tower,0,0,50,0,50,0,0,131,0,131,0,0,181,0,181,115,0,115,296
07/16/2005,LAL,FL,ASO,ES,Federal Contract Tower,0,0,14,0,14,0,0,157,0,157,0,0,171,0,171,72,0,72,243
07/17/2005,LAL,FL,ASO,ES,Federal Contract Tower,0,3,26,0,29,0,0,116,0,116,0,3,142,0,145,124,0,124,269
07/18/2005,LAL,FL,ASO,ES,Federal Contract Tower,0,1,32,0,33,0,3,79,0,82,0,4,111,0,115,83,0,83,198
07/19/2005,LAL,FL,ASO,ES,Federal Contract Tower,0,6,35,2,43,0,0,77,0,77,0,6,112,2,120,61,10,71,191
07/20/2005,LAL,FL,ASO,ES,Federal Contract Tower,0,0,51,2,53,0,0,99,2,101,0,0,150,4,154,113,4,117,271
07/21/2005,LAL,FL,ASO,ES,Federal Contract Tower,0,0,33,0,33,0,0,176,0,176,0,0,209,0,209,121,0,121,330
07/22/2005,LAL,FL,ASO,ES,Federal Contract Tower,0,4,39,0,43,0,0,105,0,105,0,4,144,0,148,49,0,49,197
07/23/2005,LAL,FL,ASO,ES,Federal Contract Tower,0,0,26,0,26,0,0,155,2,157,0,0,181,2,183,140,6,146,329
07/24/2005,LAL,FL,ASO,ES,Federal Contract Tower,0,2,29,0,31,0,0,95,0,95,0,2,124,0,126,40,0,40,166
07/25/2005,LAL,FL,ASO,ES,Federal Contract Tower,0,0,47,0,47,0,2,56,0,58,0,2,103,0,105,44,0,44,149
07/26/2005,LAL,FL,ASO,ES,Federal Contract Tower,0,0,36,0,36,0,0,84,0,84,0,0,120,0,120,60,0,60,180
07/27/2005,LAL,FL,ASO,ES,Federal Contract Tower,0,0,51,2,53,0,2,71,0,73,0,2,122,2,126,58,2,60,186
07/28/2005,LAL,FL,ASO,ES,Federal Contract Tower,0,3,33,6,42,0,0,97,1,98,0,3,130,7,140,73,30,103,243
07/29/2005,LAL,FL,ASO,ES,Federal Contract Tower,0,4,30,2,36,0,0,78,0,78,0,4,108,2,114,72,6,78,192
07/30/2005,LAL,FL,ASO,ES,Federal Contract Tower,0,1,24,0,25,0,0,130,0,130,0,1,154,0,155,103,0,103,258
07/31/2005,LAL,FL,ASO,ES,Federal Contract Tower,0,4,31,0,35,0,0,124,0,124,0,4,155,0,159,65,0,65,224
08/01/2005,LAL,FL,ASO,ES,Federal Contract Tower,0,0,34,0,34,0,0,74,0,74,0,0,108,0,108,47,0,47,155
08/02/2005,LAL,FL,ASO,ES,Federal Contract Tower,0,5,33,0,38,0,0,128,0,128,0,5,161,0,166,76,0,76,242
08/03/2005,LAL,FL,ASO,ES,Federal Contract Tower,0,1,43,0,44,0,0,116,0,116,0,1,159,0,160,151,0,151,311
08/04/2005,LAL,FL,ASO,ES,Federal Contract Tower,0,1,36,0,37,0,0,125,2,127,0,1,161,2,164,88,4,92,256
08/05/2005,LAL,FL,ASO,ES,Federal Contract Tower,0,5,25,0,30,0,0,109,0,109,0,5,134,0,139,93,0,93,232
08/06/2005,LAL,FL,ASO,ES,Federal Contract Tower,0,4,13,0,17,0,0,128,0,128,0,4,141,0,145,106,0,106,251
08/07/2005,LAL,FL,ASO,ES,Federal Contract Tower,0,0,23,0,23,0,0,109,0,109,0,0,132,0,132,92,0,92,224
08/08/2005,LAL,FL,ASO,ES,Federal Contract Tower,0,2,38,0,40,0,0,50,0,50,0,2,88,0,90,57,0,57,147
08/09/2005,LAL,FL,ASO,ES,Federal Contract Tower,0,0,37,2,39,0,0,74,0,74,0,0,111,2,113,113,0,113,226
08/10/2005,LAL,FL,ASO,ES,Federal Contract Tower,0,2,60,3,65,0,0,93,0,93,0,2,153,3,158,157,16,173,331
08/11/2005,LAL,FL,ASO,ES,Federal Contract Tower,0,3,34,1,38,0,0,124,1,125,0,3,158,2,163,107,0,107,270
08/12/2005,LAL,FL,ASO,ES,Federal Contract Tower,0,3,31,1,35,0,0,69,4,73,0,3,100,5,108,117,2,119,227
08/13/2005,LAL,FL,ASO,ES,Federal Contract Tower,0,2,27,2,31,0,0,106,5,111,0,2,133,7,142,127,0,127,269
08/14/2005,LAL,FL,ASO,ES,Federal Contract Tower,0,2,25,0,27,0,0,104,0,104,0,2,129,0,131,69,0,69,200
08/15/2005,LAL,FL,ASO,ES,Federal Contract Tower,0,0,41,2,43,0,0,112,0,112,0,0,153,2,155,63,6,69,224
08/16/2005,LAL,FL,ASO,ES,Federal Contract Tower,0,0,39,0,39,0,0,119,0,119,0,0,158,0,158,109,0,109,267
08/17/2005,LAL,FL,ASO,ES,Federal Contract Tower,0,2,38,0,40,0,0,117,0,117,0,2,155,0,157,38,0,38,195
08/18/2005,LAL,FL,ASO,ES,Federal Contract Tower,0,2,41,0,43,0,0,86,0,86,0,2,127,0,129,123,0,123,252
08/19/2005,LAL,FL,ASO,ES,Federal Contract Tower,0,4,29,4,37,0,0,118,10,128,0,4,147,14,165,73,2,75,240
08/20/2005,LAL,FL,ASO,ES,Federal Contract Tower,0,1,34,1,36,0,0,120,0,120,0,1,154,1,156,85,0,85,241
08/21/2005,LAL,FL,ASO,ES,Federal Contract Tower,0,6,25,7,38,0,0,89,9,98,0,6,114,16,136,64,0,64,200
08/22/2005,LAL,FL,ASO,ES,Federal Contract Tower,0,3,25,2,30,0,0,66,0,66,0,3,91,2,96,66,11,77,173
08/23/2005,LAL,FL,ASO,ES,Federal Contract Tower,0,2,31,0,33,0,0,92,2,94,0,2,123,2,127,104,10,114,241
08/24/2005,LAL,FL,ASO,ES,Federal Contract Tower,0,2,53,0,55,0,0,98,0,98,0,2,151,0,153,83,0,83,236
08/25/2005,LAL,FL,ASO,ES,Federal Contract Tower,0,2,27,2,31,0,0,67,0,67,0,2,94,2,98,97,2,99,197
08/26/2005,LAL,FL,ASO,ES,Federal Contract Tower,0,3,15,0,18,0,0,23,0,23,0,3,38,0,41,24,0,24,65
08/27/2005,LAL,FL,ASO,ES,Federal Contract Tower,0,0,37,0,37,0,0,30,0,30,0,0,67,0,67,69,0,69,136
08/28/2005,LAL,FL,ASO,ES,Federal Contract Tower,0,3,25,0,28,0,0,54,0,54,0,3,79,0,82,116,0,116,198
08/29/2005,LAL,FL,ASO,ES,Federal Contract Tower,0,1,20,0,21,0,0,51,0,51,0,1,71,0,72,71,0,71,143
08/30/2005,LAL,FL,ASO,ES,Federal Contract Tower,0,2,42,0,44,0,0,60,0,60,0,2,102,0,104,75,0,75,179
08/31/2005,LAL,FL,ASO,ES,Federal Contract Tower,0,1,32,0,33,0,0,43,0,43,0,1,75,0,76,65,0,65,141
09/01/2005,LAL,FL,ASO,ES,Federal Contract Tower,0,3,35,2,40,0,0,68,0,68,0,3,103,2,108,110,0,110,218
09/02/2005,LAL,FL,ASO,ES,Federal Contract Tower,0,4,46,0,50,0,0,74,0,74,0,4,120,0,124,100,0,100,224
09/03/2005,LAL,FL,ASO,ES,Federal Contract Tower,0,3,53,0,56,0,0,118,0,118,0,3,171,0,174,126,0,126,300
09/04/2005,LAL,FL,ASO,ES,Federal Contract Tower,0,3,37,0,40,0,0,107,0,107,0,3,144,0,147,126,0,126,273
09/05/2005,LAL,FL,ASO,ES,Federal Contract Tower,0,2,35,0,37,0,0,92,0,92,0,2,127,0,129,109,0,109,238
09/06/2005,LAL,FL,ASO,ES,Federal Contract Tower,0,2,35,1,38,0,0,81,1,82,0,2,116,2,120,75,0,75,195
09/07/2005,LAL,FL,ASO,ES,Federal Contract Tower,0,2,41,0,43,0,0,36,0,36,0,2,77,0,79,30,0,30,109
09/08/2005,LAL,FL,ASO,ES,Federal Contract Tower,0,2,25,2,29,0,0,65,0,65,0,2,90,2,94,61,4,65,159
09/09/2005,LAL,FL,ASO,ES,Federal Contract Tower,0,0,34,0,34,0,0,71,0,71,0,0,105,0,105,69,0,69,174
09/10/2005,LAL,FL,ASO,ES,Federal Contract Tower,0,0,19,0,19,0,0,56,0,56,0,0,75,0,75,91,0,91,166
09/11/2005,LAL,FL,ASO,ES,Federal Contract Tower,0,0,32,0,32,0,0,187,0,187,0,0,219,0,219,101,0,101,320
09/12/2005,LAL,FL,ASO,ES,Federal Contract Tower,0,4,35,2,41,0,0,94,2,96,0,4,129,4,137,132,0,132,269
09/13/2005,LAL,FL,ASO,ES,Federal Contract Tower,0,2,28,2,32,0,2,172,2,176,0,4,200,4,208,167,8,175,383
09/14/2005,LAL,FL,ASO,ES,Federal Contract Tower,0,1,40,4,45,0,0,112,0,112,0,1,152,4,157,103,10,113,270
09/15/2005,LAL,FL,ASO,ES,Federal Contract Tower,0,0,41,0,41,0,4,72,0,76,0,4,113,0,117,88,0,88,205
09/16/2005,LAL,FL,ASO,ES,Federal Contract Tower,0,0,41,0,41,0,0,83,0,83,0,0,124,0,124,76,0,76,200
09/17/2005,LAL,FL,ASO,ES,Federal Contract Tower,0,0,49,2,51,0,0,85,0,85,0,0,134,2,136,80,5,85,221
09/18/2005,LAL,FL,ASO,ES,Federal Contract Tower,0,0,43,2,45,0,0,78,0,78,0,0,121,2,123,54,8,62,185
09/19/2005,LAL,FL,ASO,ES,Federal Contract Tower,0,2,35,2,39,0,0,82,0,82,0,2,117,2,121,98,8,106,227
09/20/2005,LAL,FL,ASO,ES,Federal Contract Tower,0,0,18,0,18,0,0,38,0,38,0,0,56,0,56,38,0,38,94
09/21/2005,LAL,FL,ASO,ES,Federal Contract Tower,0,4,41,0,45,0,0,62,0,62,0,4,103,0,107,71,0,71,178
09/22/2005,LAL,FL,ASO,ES,Federal Contract Tower,0,2,56,2,60,0,0,40,2,42,0,2,96,4,102,22,2,24,126
09/23/2005,LAL,FL,ASO,ES,Federal Contract Tower,0,2,33,0,35,0,0,72,0,72,0,2,105,0,107,110,0,110,217
09/24/2005,LAL,FL,ASO,ES,Federal Contract Tower,0,0,44,1,45,0,0,100,0,100,0,0,144,1,145,103,0,103,248
09/25/2005,LAL,FL,ASO,ES,Federal Contract Tower,0,2,33,0,35,0,0,102,0,102,0,2,135,0,137,87,0,87,224
09/26/2005,LAL,FL,ASO,ES,Federal Contract Tower,0,2,27,0,29,0,0,111,2,113,0,2,138,2,142,73,10,83,225
09/27/2005,LAL,FL,ASO,ES,Federal Contract Tower,0,2,23,2,27,0,0,94,2,96,0,2,117,4,123,67,8,75,198
09/28/2005,LAL,FL,ASO,ES,Federal Contract Tower,0,4,41,2,47,0,0,87,0,87,0,4,128,2,134,51,2,53,187
09/29/2005,LAL,FL,ASO,ES,Federal Contract Tower,0,2,26,0,28,0,0,129,4,133,0,2,155,4,161,130,4,134,295
09/30/2005,LAL,FL,ASO,ES,Federal Contract Tower,0,2,47,0,49,0,0,97,0,97,0,2,144,0,146,107,0,107,253
10/01/2005,LAL,FL,ASO,ES,Federal Contract Tower,0,0,32,3,35,0,0,128,5,133,0,0,160,8,168,136,2,138,306
10/02/2005,LAL,FL,ASO,ES,Federal Contract Tower,0,4,31,3,38,0,0,82,5,87,0,4,113,8,125,76,0,76,201
10/03/2005,LAL,FL,ASO,ES,Federal Contract Tower,0,1,19,1,21,0,0,77,1,78,0,1,96,2,99,51,0,51,150
10/04/2005,LAL,FL,ASO,ES,Federal Contract Tower,0,2,26,0,28,0,0,27,0,27,0,2,53,0,55,4,0,4,59
10/05/2005,LAL,FL,ASO,ES,Federal Contract Tower,0,2,38,4,44,0,0,8,0,8,0,2,46,4,52,18,2,20,72
10/06/2005,LAL,FL,ASO,ES,Federal Contract Tower,0,4,40,0,44,0,0,48,0,48,0,4,88,0,92,70,0,70,162
10/07/2005,LAL,FL,ASO,ES,Federal Contract Tower,0,3,41,2,46,0,0,33,0,33,0,3,74,2,79,83,0,83,162
10/08/2005,LAL,FL,ASO,ES,Federal Contract Tower,0,0,30,0,30,0,0,84,0,84,0,0,114,0,114,53,0,53,167
10/09/2005,LAL,FL,ASO,ES,Federal Contract Tower,0,0,39,1,40,0,0,88,1,89,0,0,127,2,129,69,0,69,198
10/10/2005,LAL,FL,ASO,ES,Federal Contract Tower,0,0,36,0,36,0,0,56,0,56,0,0,92,0,92,38,0,38,130
10/11/2005,LAL,FL,ASO,ES,Federal Contract Tower,0,2,41,0,43,0,2,50,0,52,0,4,91,0,95,28,0,28,123
10/12/2005,LAL,FL,ASO,ES,Federal Contract Tower,0,3,67,0,70,0,1,63,0,64,0,4,130,0,134,20,0,20,154
10/13/2005,LAL,FL,ASO,ES,Federal Contract Tower,0,3,35,2,40,0,0,75,2,77,0,3,110,4,117,61,0,61,178
10/14/2005,LAL,FL,ASO,ES,Federal Contract Tower,0,2,45,3,50,0,0,128,3,131,0,2,173,6,181,87,12,99,280
10/15/2005,LAL,FL,ASO,ES,Federal Contract Tower,0,1,14,6,21,0,0,163,2,165,0,1,177,8,186,115,2,117,303
10/16/2005,LAL,FL,ASO,ES,Federal Contract Tower,0,0,32,2,34,0,0,137,2,139,0,0,169,4,173,90,2,92,265
10/17/2005,LAL,FL,ASO,ES,Federal Contract Tower,0,0,19,4,23,0,0,82,2,84,0,0,101,6,107,88,2,90,197
10/18/2005,LAL,FL,ASO,ES,Federal Contract Tower,0,0,39,4,43,0,0,106,0,106,0,0,145,4,149,74,10,84,233
10/19/2005,LAL,FL,ASO,ES,Federal Contract Tower,0,2,42,0,44,0,0,97,0,97,0,2,139,0,141,114,0,114,255
10/20/2005,LAL,FL,ASO,ES,Federal Contract Tower,0,0,57,0,57,0,0,86,0,86,0,0,143,0,143,68,0,68,211
10/21/2005,LAL,FL,ASO,ES,Federal Contract Tower,0,1,34,0,35,0,0,91,0,91,0,1,125,0,126,80,0,80,206
10/22/2005,LAL,FL,ASO,ES,Federal Contract Tower,0,1,12,0,13,0,0,57,0,57,0,1,69,0,70,95,0,95,165
10/23/2005,LAL,FL,ASO,ES,Federal Contract Tower,0,2,25,0,27,0,0,38,0,38,0,2,63,0,65,4,0,4,69
10/24/2005,LAL,FL,ASO,ES,Federal Contract Tower,0,1,6,0,7,0,0,8,0,8,0,1,14,0,15,0,0,0,15
10/25/2005,LAL,FL,ASO,ES,Federal Contract Tower,0,3,33,0,36,0,0,103,2,105,0,3,136,2,141,53,0,53,194
10/26/2005,LAL,FL,ASO,ES,Federal Contract Tower,0,1,32,0,33,0,0,168,3,171,0,1,200,3,204,68,0,68,272
10/27/2005,LAL,FL,ASO,ES,Federal Contract Tower,0,3,40,0,43,0,0,150,0,150,0,3,190,0,193,142,0,142,335
10/28/2005,LAL,FL,ASO,ES,Federal Contract Tower,0,2,25,4,31,0,2,113,5,120,0,4,138,9,151,41,0,41,192
10/29/2005,LAL,FL,ASO,ES,Federal Contract Tower,0,2,20,0,22,0,0,180,8,188,0,2,200,8,210,131,0,131,341
10/30/2005,LAL,FL,ASO,ES,Federal Contract Tower,0,0,36,1,37,0,0,165,0,165,0,0,201,1,202,113,0,113,315
10/31/2005,LAL,FL,ASO,ES,Federal Contract Tower,0,1,25,2,28,0,2,114,0,116,0,3,139,2,144,35,14,49,193
11/01/2005,LAL,FL,ASO,ES,Federal Contract Tower,0,0,40,0,40,0,0,51,0,51,0,0,91,0,91,47,0,47,138
11/02/2005,LAL,FL,ASO,ES,Federal Contract Tower,0,2,57,0,59,0,0,87,0,87,0,2,144,0,146,114,0,114,260
11/03/2005,LAL,FL,ASO,ES,Federal Contract Tower,0,0,38,0,38,0,0,121,2,123,0,0,159,2,161,60,0,60,221
11/04/2005,LAL,FL,ASO,ES,Federal Contract Tower,0,0,38,0,38,0,0,133,1,134,0,0,171,1,172,64,0,64,236
11/05/2005,LAL,FL,ASO,ES,Federal Contract Tower,0,0,36,1,37,0,0,187,0,187,0,0,223,1,224,434,0,434,658
11/06/2005,LAL,FL,ASO,ES,Federal Contract Tower,0,0,29,2,31,0,0,133,0,133,0,0,162,2,164,79,2,81,245
11/07/2005,LAL,FL,ASO,ES,Federal Contract Tower,0,0,34,0,34,0,0,110,0,110,0,0,144,0,144,44,0,44,188
11/08/2005,LAL,FL,ASO,ES,Federal Contract Tower,0,0,48,0,48,0,0,89,0,89,0,0,137,0,137,124,0,124,261
11/09/2005,LAL,FL,ASO,ES,Federal Contract Tower,0,0,43,1,44,0,0,77,0,77,0,0,120,1,121,123,1,124,245
11/10/2005,LAL,FL,ASO,ES,Federal Contract Tower,0,0,31,0,31,0,0,133,0,133,0,0,164,0,164,64,0,64,228
11/11/2005,LAL,FL,ASO,ES,Federal Contract Tower,0,4,34,0,38,0,4,146,0,150,0,8,180,0,188,93,0,93,281
11/12/2005,LAL,FL,ASO,ES,Federal Contract Tower,0,4,24,0,28,0,0,146,0,146,0,4,170,0,174,119,0,119,293
11/13/2005,LAL,FL,ASO,ES,Federal Contract Tower,0,2,30,0,32,0,2,150,0,152,0,4,180,0,184,88,0,88,272
11/14/2005,LAL,FL,ASO,ES,Federal Contract Tower,0,2,40,0,42,0,0,65,0,65,0,2,105,0,107,76,0,76,183
11/15/2005,LAL,FL,ASO,ES,Federal Contract Tower,0,3,34,6,43,0,0,76,0,76,0,3,110,6,119,102,10,112,231
11/16/2005,LAL,FL,ASO,ES,Federal Contract Tower,0,0,41,0,41,0,0,98,0,98,0,0,139,0,139,72,0,72,211
11/17/2005,LAL,FL,ASO,ES,Federal Contract Tower,0,0,61,4,65,0,1,54,0,55,0,1,115,4,120,66,2,68,188
11/18/2005,LAL,FL,ASO,ES,Federal Contract Tower,0,1,54,1,56,0,0,118,3,121,0,1,172,4,177,106,8,114,291
11/19/2005,LAL,FL,ASO,ES,Federal Contract Tower,0,2,29,2,33,0,1,105,0,106,0,3,134,2,139,61,6,67,206
11/20/2005,LAL,FL,ASO,ES,Federal Contract Tower,0,3,60,4,67,0,0,56,4,60,0,3,116,8,127,84,0,84,211
11/21/2005,LAL,FL,ASO,ES,Federal Contract Tower,0,2,20,0,22,0,0,37,0,37,0,2,57,0,59,11,0,11,70
11/22/2005,LAL,FL,ASO,ES,Federal Contract Tower,0,2,29,1,32,0,0,60,1,61,0,2,89,2,93,45,0,45,138
11/23/2005,LAL,FL,ASO,ES,Federal Contract Tower,0,2,31,0,33,0,0,130,0,130,0,2,161,0,163,118,10,128,291
11/24/2005,LAL,FL,ASO,ES,Federal Contract Tower,0,2,2,0,4,0,0,32,0,32,0,2,34,0,36,3,0,3,39
11/25/2005,LAL,FL,ASO,ES,Federal Contract Tower,0,0,21,0,21,0,0,145,0,145,0,0,166,0,166,64,0,64,230
11/26/2005,LAL,FL,ASO,ES,Federal Contract Tower,0,1,26,0,27,0,0,163,0,163,0,1,189,0,190,109,0,109,299
11/27/2005,LAL,FL,ASO,ES,Federal Contract Tower,0,1,32,0,33,0,0,130,0,130,0,1,162,0,163,30,0,30,193
11/28/2005,LAL,FL,ASO,ES,Federal Contract Tower,0,0,30,1,31,0,0,30,1,31,0,0,60,2,62,48,2,50,112
11/29/2005,LAL,FL,ASO,ES,Federal Contract Tower,0,1,37,0,38,0,0,13,0,13,0,1,50,0,51,12,0,12,63
11/30/2005,LAL,FL,ASO,ES,Federal Contract Tower,0,0,45,0,45,0,1,142,0,143,0,1,187,0,188,88,0,88,276
12/01/2005,LAL,FL,ASO,ES,Federal Contract Tower,0,0,38,2,40,0,0,130,0,130,0,0,168,2,170,89,0,89,259
12/02/2005,LAL,FL,ASO,ES,Federal Contract Tower,0,2,26,7,35,0,0,105,3,108,0,2,131,10,143,118,6,124,267
12/03/2005,LAL,FL,ASO,ES,Federal Contract Tower,0,0,24,1,25,0,0,185,1,186,0,0,209,2,211,131,0,131,342
12/04/2005,LAL,FL,ASO,ES,Federal Contract Tower,0,0,21,5,26,0,0,159,5,164,0,0,180,10,190,57,2,59,249
12/05/2005,LAL,FL,ASO,ES,Federal Contract Tower,0,0,35,2,37,0,0,56,2,58,0,0,91,4,95,21,0,21,116
12/06/2005,LAL,FL,ASO,ES,Federal Contract Tower,0,2,44,2,48,0,0,40,0,40,0,2,84,2,88,44,0,44,132
12/07/2005,LAL,FL,ASO,ES,Federal Contract Tower,0,0,42,0,42,0,0,112,0,112,0,0,154,0,154,67,0,67,221
12/08/2005,LAL,FL,ASO,ES,Federal Contract Tower,0,0,30,6,36,0,0,22,0,22,0,0,52,6,58,12,6,18,76
12/09/2005,LAL,FL,ASO,ES,Federal Contract Tower,0,2,40,5,47,0,0,12,0,12,0,2,52,5,59,12,0,12,71
12/10/2005,LAL,FL,ASO,ES,Federal Contract Tower,0,5,56,0,61,0,0,62,0,62,0,5,118,0,123,81,0,81,204
12/11/2005,LAL,FL,ASO,ES,Federal Contract Tower,0,6,39,1,46,0,0,66,1,67,0,6,105,2,113,64,0,64,177
12/12/2005,LAL,FL,ASO,ES,Federal Contract Tower,0,2,17,0,19,0,0,118,2,120,0,2,135,2,139,72,0,72,211
12/13/2005,LAL,FL,ASO,ES,Federal Contract Tower,0,5,39,2,46,0,0,118,0,118,0,5,157,2,164,113,0,113,277
12/14/2005,LAL,FL,ASO,ES,Federal Contract Tower,0,0,48,6,54,0,0,171,0,171,0,0,219,6,225,83,7,90,315
12/15/2005,LAL,FL,ASO,ES,Federal Contract Tower,0,2,20,2,24,0,1,56,0,57,0,3,76,2,81,34,8,42,123
12/16/2005,LAL,FL,ASO,ES,Federal Contract Tower,0,3,30,6,39,0,0,83,2,85,0,3,113,8,124,69,8,77,201
12/17/2005,LAL,FL,ASO,ES,Federal Contract Tower,0,3,38,0,41,0,0,17,0,17,0,3,55,0,58,21,0,21,79
12/18/2005,LAL,FL,ASO,ES,Federal Contract Tower,0,1,28,3,32,0,0,3,0,3,0,1,31,3,35,2,0,2,37
12/19/2005,LAL,FL,ASO,ES,Federal Contract Tower,0,2,32,5,39,0,0,32,3,35,0,2,64,8,74,18,23,41,115
12/20/2005,LAL,FL,ASO,ES,Federal Contract Tower,0,0,30,2,32,0,0,74,0,74,0,0,104,2,106,115,12,127,233
12/21/2005,LAL,FL,ASO,ES,Federal Contract Tower,0,1,32,0,33,0,0,92,0,92,0,1,124,0,125,46,0,46,171
12/22/2005,LAL,FL,ASO,ES,Federal Contract Tower,0,0,31,0,31,0,0,147,0,147,0,0,178,0,178,36,0,36,214
12/23/2005,LAL,FL,ASO,ES,Federal Contract Tower,0,2,39,0,41,0,0,150,0,150,0,2,189,0,191,46,0,46,237
12/24/2005,LAL,FL,ASO,ES,Federal Contract Tower,0,0,10,0,10,0,0,121,0,121,0,0,131,0,131,31,0,31,162
12/25/2005,LAL,FL,ASO,ES,Federal Contract Tower,0,0,9,0,9,0,0,11,0,11,0,0,20,0,20,4,0,4,24
12/26/2005,LAL,FL,ASO,ES,Federal Contract Tower,0,0,26,0,26,0,1,108,0,109,0,1,134,0,135,65,0,65,200
12/27/2005,LAL,FL,ASO,ES,Federal Contract Tower,0,2,24,0,26,0,0,121,0,121,0,2,145,0,147,79,0,79,226
12/28/2005,LAL,FL,ASO,ES,Federal Contract Tower,0,3,18,0,21,0,0,109,0,109,0,3,127,0,130,59,0,59,189
12/29/2005,LAL,FL,ASO,ES,Federal Contract Tower,0,2,31,2,35,0,0,108,0,108,0,2,139,2,143,30,0,30,173
12/30/2005,LAL,FL,ASO,ES,Federal Contract Tower,0,0,15,0,15,0,0,158,0,158,0,0,173,0,173,117,0,117,290
12/31/2005,LAL,FL,ASO,ES,Federal Contract Tower,0,2,24,0,26,0,0,129,0,129,0,2,153,0,155,77,0,77,232
01/01/2006,LAL,FL,ASO,ES,Federal Contract Tower,0,3,14,0,17,0,0,49,0,49,0,3,63,0,66,13,0,13,79
01/02/2006,LAL,FL,ASO,ES,Federal Contract Tower,0,8,30,0,38,0,1,93,0,94,0,9,123,0,132,118,0,118,250
01/03/2006,LAL,FL,ASO,ES,Federal Contract Tower,0,0,17,0,17,0,0,75,0,75,0,0,92,0,92,33,0,33,125
01/04/2006,LAL,FL,ASO,ES,Federal Contract Tower,0,3,36,0,39,0,0,134,2,136,0,3,170,2,175,42,8,50,225
01/05/2006,LAL,FL,ASO,ES,Federal Contract Tower,0,1,37,0,38,0,2,100,0,102,0,3,137,0,140,32,0,32,172
01/06/2006,LAL,FL,ASO,ES,Federal Contract Tower,0,5,17,10,32,0,1,98,0,99,0,6,115,10,131,34,8,42,173
01/07/2006,LAL,FL,ASO,ES,Federal Contract Tower,0,0,25,1,26,0,0,161,4,165,0,0,186,5,191,57,2,59,250
01/08/2006,LAL,FL,ASO,ES,Federal Contract Tower,0,4,25,2,31,0,0,176,0,176,0,4,201,2,207,106,0,106,313
01/09/2006,LAL,FL,ASO,ES,Federal Contract Tower,0,2,11,0,13,0,0,95,2,97,0,2,106,2,110,48,11,59,169
01/10/2006,LAL,FL,ASO,ES,Federal Contract Tower,0,0,23,3,26,0,0,101,0,101,0,0,124,3,127,40,0,40,167
01/11/2006,LAL,FL,ASO,ES,Federal Contract Tower,0,4,41,1,46,0,0,122,0,122,0,4,163,1,168,48,0,48,216
01/12/2006,LAL,FL,ASO,ES,Federal Contract Tower,0,3,43,0,46,0,0,155,0,155,0,3,198,0,201,67,0,67,268
01/13/2006,LAL,FL,ASO,ES,Federal Contract Tower,0,0,38,0,38,0,0,84,0,84,0,0,122,0,122,22,0,22,144
01/14/2006,LAL,FL,ASO,ES,Federal Contract Tower,0,4,15,2,21,0,1,23,2,26,0,5,38,4,47,8,0,8,55
01/15/2006,LAL,FL,ASO,ES,Federal Contract Tower,0,3,20,1,24,0,0,166,1,167,0,3,186,2,191,64,0,64,255
01/16/2006,LAL,FL,ASO,ES,Federal Contract Tower,0,0,31,4,35,0,1,153,0,154,0,1,184,4,189,90,8,98,287
01/17/2006,LAL,FL,ASO,ES,Federal Contract Tower,0,1,32,0,33,0,0,65,0,65,0,1,97,0,98,12,0,12,110
01/18/2006,LAL,FL,ASO,ES,Federal Contract Tower,0,1,46,6,53,0,0,110,2,112,0,1,156,8,165,46,4,50,215
01/19/2006,LAL,FL,ASO,ES,Federal Contract Tower,0,5,31,0,36,0,1,139,0,140,0,6,170,0,176,70,0,70,246
01/20/2006,LAL,FL,ASO,ES,Federal Contract Tower,0,2,38,0,40,0,0,155,2,157,0,2,193,2,197,73,10,83,280
01/21/2006,LAL,FL,ASO,ES,Federal Contract Tower,0,4,28,2,34,0,0,302,3,305,0,4,330,5,339,67,2,69,408
01/22/2006,LAL,FL,ASO,ES,Federal Contract Tower,0,1,37,2,40,0,0,98,0,98,0,1,135,2,138,37,0,37,175
01/23/2006,LAL,FL,ASO,ES,Federal Contract Tower,0,0,23,2,25,0,0,86,0,86,0,0,109,2,111,70,11,81,192
01/24/2006,LAL,FL,ASO,ES,Federal Contract Tower,0,1,26,0,27,0,0,71,0,71,0,1,97,0,98,48,0,48,146
01/25/2006,LAL,FL,ASO,ES,Federal Contract Tower,0,0,41,0,41,0,0,125,0,125,0,0,166,0,166,69,0,69,235
01/26/2006,LAL,FL,ASO,ES,Federal Contract Tower,0,4,39,0,43,0,0,144,2,146,0,4,183,2,189,58,2,60,249
01/27/2006,LAL,FL,ASO,ES,Federal Contract Tower,0,3,26,8,37,0,1,145,1,147,0,4,171,9,184,56,11,67,251
01/28/2006,LAL,FL,ASO,ES,Federal Contract Tower,0,0,28,0,28,0,0,180,0,180,0,0,208,0,208,83,0,83,291
01/29/2006,LAL,FL,ASO,ES,Federal Contract Tower,0,1,33,2,36,0,0,111,0,111,0,1,144,2,147,64,0,64,211
01/30/2006,LAL,FL,ASO,ES,Federal Contract Tower,0,0,39,0,39,0,0,45,0,45,0,0,84,0,84,58,0,58,142
01/31/2006,LAL,FL,ASO,ES,Federal Contract Tower,0,0,0,5,5,0,0,165,1,166,0,0,165,6,171,66,4,70,241
02/01/2006,LAL,FL,ASO,ES,Federal Contract Tower,0,4,35,3,42,0,0,182,0,182,0,4,217,3,224,58,3,61,285
02/02/2006,LAL,FL,ASO,ES,Federal Contract Tower,0,3,38,0,41,0,0,112,0,112,0,3,150,0,153,56,0,56,209
02/03/2006,LAL,FL,ASO,ES,Federal Contract Tower,0,1,14,0,15,0,0,1,0,1,0,1,15,0,16,10,0,10,26
02/04/2006,LAL,FL,ASO,ES,Federal Contract Tower,0,2,20,1,23,0,0,24,5,29,0,2,44,6,52,37,14,51,103
02/05/2006,LAL,FL,ASO,ES,Federal Contract Tower,0,2,27,1,30,0,0,185,1,186,0,2,212,2,216,82,2,84,300
02/06/2006,LAL,FL,ASO,ES,Federal Contract Tower,0,3,35,0,38,0,0,150,0,150,0,3,185,0,188,71,0,71,259
02/07/2006,LAL,FL,ASO,ES,Federal Contract Tower,0,2,57,0,59,0,0,88,0,88,0,2,145,0,147,44,0,44,191
02/08/2006,LAL,FL,ASO,ES,Federal Contract Tower,0,0,49,1,50,0,0,164,1,165,0,0,213,2,215,93,0,93,308
02/09/2006,LAL,FL,ASO,ES,Federal Contract Tower,0,5,79,3,87,0,1,248,0,249,0,6,327,3,336,74,4,78,414
02/10/2006,LAL,FL,ASO,ES,Federal Contract Tower,0,2,51,21,74,0,0,284,14,298,0,2,335,35,372,85,11,96,468
02/11/2006,LAL,FL,ASO,ES,Federal Contract Tower,0,6,48,0,54,0,0,268,0,268,0,6,316,0,322,95,0,95,417
02/12/2006,LAL,FL,ASO,ES,Federal Contract Tower,0,3,60,13,76,0,0,198,19,217,0,3,258,32,293,76,6,82,375
02/13/2006,LAL,FL,ASO,ES,Federal Contract Tower,0,5,49,7,61,0,0,107,4,111,0,5,156,11,172,80,0,80,252
02/14/2006,LAL,FL,ASO,ES,Federal Contract Tower,0,4,50,1,55,0,0,140,0,140,0,4,190,1,195,73,0,73,268
02/15/2006,LAL,FL,ASO,ES,Federal Contract Tower,0,4,38,0,42,0,1,175,0,176,0,5,213,0,218,115,0,115,333
02/16/2006,LAL,FL,ASO,ES,Federal Contract Tower,0,3,35,0,38,0,0,203,2,205,0,3,238,2,243,83,0,83,326
02/17/2006,LAL,FL,ASO,ES,Federal Contract Tower,0,3,67,9,79,0,0,82,17,99,0,3,149,26,178,49,0,49,227
02/18/2006,LAL,FL,ASO,ES,Federal Contract Tower,0,5,33,0,38,0,5,201,0,206,0,10,234,0,244,127,0,127,371
02/19/2006,LAL,FL,ASO,ES,Federal Contract Tower,0,0,45,2,47,0,0,68,0,68,0,0,113,2,115,101,0,101,216
02/20/2006,LAL,FL,ASO,ES,Federal Contract Tower,0,0,32,2,34,0,0,118,22,140,0,0,150,24,174,127,0,127,301
02/21/2006,LAL,FL,ASO,ES,Federal Contract Tower,0,0,49,0,49,0,0,108,1,109,0,0,157,1,158,85,0,85,243
02/22/2006,LAL,FL,ASO,ES,Federal Contract Tower,0,1,54,0,55,0,0,134,0,134,0,1,188,0,189,151,0,151,340
02/23/2006,LAL,FL,ASO,ES,Federal Contract Tower,0,3,54,2,59,0,0,127,2,129,0,3,181,4,188,138,0,138,326
02/24/2006,LAL,FL,ASO,ES,Federal Contract Tower,0,2,68,7,77,0,0,73,0,73,0,2,141,7,150,100,0,100,250
02/25/2006,LAL,FL,ASO,ES,Federal Contract Tower,0,1,44,0,45,0,0,104,0,104,0,1,148,0,149,96,0,96,245
02/26/2006,LAL,FL,ASO,ES,Federal Contract Tower,0,6,27,2,35,0,0,43,0,43,0,6,70,2,78,30,2,32,110
02/27/2006,LAL,FL,ASO,ES,Federal Contract Tower,0,4,39,0,43,0,0,124,0,124,0,4,163,0,167,120,0,120,287
02/28/2006,LAL,FL,ASO,ES,Federal Contract Tower,0,0,23,0,23,0,0,152,0,152,0,0,175,0,175,77,0,77,252
03/01/2006,LAL,FL,ASO,ES,Federal Contract Tower,0,0,32,2,34,0,0,179,6,185,0,0,211,8,219,156,0,156,375
03/02/2006,LAL,FL,ASO,ES,Federal Contract Tower,0,4,49,0,53,0,0,161,2,163,0,4,210,2,216,97,0,97,313
03/03/2006,LAL,FL,ASO,ES,Federal Contract Tower,0,6,51,5,62,0,0,100,3,103,0,6,151,8,165,70,0,70,235
03/04/2006,LAL,FL,ASO,ES,Federal Contract Tower,0,2,35,0,37,0,0,177,2,179,0,2,212,2,216,60,0,60,276
03/05/2006,LAL,FL,ASO,ES,Federal Contract Tower,0,12,27,1,40,0,0,165,3,168,0,12,192,4,208,98,0,98,306
03/06/2006,LAL,FL,ASO,ES,Federal Contract Tower,0,5,37,2,44,0,0,112,2,114,0,5,149,4,158,103,0,103,261
03/07/2006,LAL,FL,ASO,ES,Federal Contract Tower,0,1,29,0,30,0,0,121,0,121,0,1,150,0,151,48,0,48,199
03/08/2006,LAL,FL,ASO,ES,Federal Contract Tower,0,1,51,2,54,0,0,120,0,120,0,1,171,2,174,66,0,66,240
03/09/2006,LAL,FL,ASO,ES,Federal Contract Tower,0,0,36,4,40,0,0,101,0,101,0,0,137,4,141,46,2,48,189
03/10/2006,LAL,FL,ASO,ES,Federal Contract Tower,0,1,45,0,46,0,1,119,0,120,0,2,164,0,166,63,0,63,229
03/11/2006,LAL,FL,ASO,ES,Federal Contract Tower,0,4,37,0,41,0,0,146,0,146,0,4,183,0,187,113,0,113,300
03/12/2006,LAL,FL,ASO,ES,Federal Contract Tower,0,3,37,0,40,0,0,145,0,145,0,3,182,0,185,86,0,86,271
03/13/2006,LAL,FL,ASO,ES,Federal Contract Tower,0,2,40,0,42,0,0,121,4,125,0,2,161,4,167,66,0,66,233
03/14/2006,LAL,FL,ASO,ES,Federal Contract Tower,0,2,36,2,40,0,0,135,4,139,0,2,171,6,179,61,0,61,240
03/15/2006,LAL,FL,ASO,ES,Federal Contract Tower,0,0,48,2,50,0,0,162,2,164,0,0,210,4,214,46,0,46,260
03/16/2006,LAL,FL,ASO,ES,Federal Contract Tower,0,3,36,1,40,0,0,136,1,137,0,3,172,2,177,76,0,76,253
03/17/2006,LAL,FL,ASO,ES,Federal Contract Tower,0,3,53,11,67,0,0,122,7,129,0,3,175,18,196,92,4,96,292
03/18/2006,LAL,FL,ASO,ES,Federal Contract Tower,0,0,22,0,22,0,0,161,0,161,0,0,183,0,183,86,0,86,269
03/19/2006,LAL,FL,ASO,ES,Federal Contract Tower,0,1,26,4,31,0,0,123,9,132,0,1,149,13,163,86,8,94,257
03/20/2006,LAL,FL,ASO,ES,Federal Contract Tower,0,0,46,0,46,0,0,85,0,85,0,0,131,0,131,60,0,60,191
03/21/2006,LAL,FL,ASO,ES,Federal Contract Tower,0,8,46,0,54,0,0,88,0,88,0,8,134,0,142,30,0,30,172
03/22/2006,LAL,FL,ASO,ES,Federal Contract Tower,0,3,48,0,51,0,1,130,2,133,0,4,178,2,184,52,4,56,240
03/23/2006,LAL,FL,ASO,ES,Federal Contract Tower,0,1,45,0,46,0,0,90,0,90,0,1,135,0,136,60,0,60,196
03/24/2006,LAL,FL,ASO,ES,Federal Contract Tower,0,0,43,16,59,0,0,120,30,150,0,0,163,46,209,79,1,80,289
03/25/2006,LAL,FL,ASO,ES,Federal Contract Tower,0,6,26,0,32,0,0,192,0,192,0,6,218,0,224,113,0,113,337
03/26/2006,LAL,FL,ASO,ES,Federal Contract Tower,0,0,19,14,33,0,0,139,12,151,0,0,158,26,184,90,0,90,274
03/27/2006,LAL,FL,ASO,ES,Federal Contract Tower,0,2,25,4,31,0,0,133,0,133,0,2,158,4,164,65,0,65,229
03/28/2006,LAL,FL,ASO,ES,Federal Contract Tower,0,0,43,4,47,0,0,163,0,163,0,0,206,4,210,82,8,90,300
03/29/2006,LAL,FL,ASO,ES,Federal Contract Tower,0,0,42,0,42,0,0,161,2,163,0,0,203,2,205,64,14,78,283
03/30/2006,LAL,FL,ASO,ES,Federal Contract Tower,0,2,38,0,40,0,0,144,0,144,0,2,182,0,184,66,0,66,250
03/31/2006,LAL,FL,ASO,ES,Federal Contract Tower,0,3,45,7,55,0,0,129,7,136,0,3,174,14,191,70,0,70,261
04/01/2006,LAL,FL,ASO,ES,Federal Contract Tower,0,3,26,2,31,0,1,279,0,280,0,4,305,2,311,123,0,123,434
04/02/2006,LAL,FL,ASO,ES,Federal Contract Tower,0,0,0,0,0,0,0,1484,0,1484,0,0,1484,0,1484,0,0,0,1484
04/03/2006,LAL,FL,ASO,ES,Federal Contract Tower,0,2,0,0,2,0,0,1997,2,1999,0,2,1997,2,2001,0,0,0,2001
04/04/2006,LAL,FL,ASO,ES,Federal Contract Tower,0,0,0,0,0,0,0,2047,5,2052,0,0,2047,5,2052,0,0,0,2052
04/05/2006,LAL,FL,ASO,ES,Federal Contract Tower,0,0,0,0,0,0,0,2554,4,2558,0,0,2554,4,2558,0,0,0,2558
04/06/2006,LAL,FL,ASO,ES,Federal Contract Tower,0,0,0,0,0,0,2,3136,3,3141,0,2,3136,3,3141,0,0,0,3141
04/07/2006,LAL,FL,ASO,ES,Federal Contract Tower,0,0,0,0,0,0,0,2732,5,2737,0,0,2732,5,2737,0,0,0,2737
04/08/2006,LAL,FL,ASO,ES,Federal Contract Tower,0,0,0,0,0,0,0,1247,0,1247,0,0,1247,0,1247,0,0,0,1247
04/09/2006,LAL,FL,ASO,ES,Federal Contract Tower,0,0,0,0,0,0,0,1803,4,1807,0,0,1803,4,1807,0,0,0,1807
04/10/2006,LAL,FL,ASO,ES,Federal Contract Tower,0,0,0,0,0,0,1,838,0,839,0,1,838,0,839,0,0,0,839
04/11/2006,LAL,FL,ASO,ES,Federal Contract Tower,0,1,50,3,54,0,0,227,2,229,0,1,277,5,283,106,12,118,401
04/12/2006,LAL,FL,ASO,ES,Federal Contract Tower,0,4,44,0,48,0,0,159,0,159,0,4,203,0,207,85,0,85,292
04/13/2006,LAL,FL,ASO,ES,Federal Contract Tower,0,5,41,5,51,0,0,165,0,165,0,5,206,5,216,95,0,95,311
04/14/2006,LAL,FL,ASO,ES,Federal Contract Tower,0,4,44,1,49,0,0,148,0,148,0,4,192,1,197,115,8,123,320
04/15/2006,LAL,FL,ASO,ES,Federal Contract Tower,0,1,39,2,42,0,0,157,0,157,0,1,196,2,199,112,8,120,319
04/16/2006,LAL,FL,ASO,ES,Federal Contract Tower,0,2,24,2,28,0,0,158,1,159,0,2,182,3,187,84,2,86,273
04/17/2006,LAL,FL,ASO,ES,Federal Contract Tower,0,2,56,0,58,0,0,106,0,106,0,2,162,0,164,83,0,83,247
04/18/2006,LAL,FL,ASO,ES,Federal Contract Tower,0,3,32,2,37,0,0,149,2,151,0,3,181,4,188,147,2,149,337
04/19/2006,LAL,FL,ASO,ES,Federal Contract Tower,0,1,46,4,51,0,0,104,0,104,0,1,150,4,155,69,14,83,238
04/20/2006,LAL,FL,ASO,ES,Federal Contract Tower,0,1,44,0,45,0,0,118,0,118,0,1,162,0,163,98,0,98,261
04/21/2006,LAL,FL,ASO,ES,Federal Contract Tower,0,2,37,10,49,0,0,131,25,156,0,2,168,35,205,75,6,81,286
04/22/2006,LAL,FL,ASO,ES,Federal Contract Tower,0,0,12,0,12,0,0,148,2,150,0,0,160,2,162,88,4,92,254
04/23/2006,LAL,FL,ASO,ES,Federal Contract Tower,0,0,35,10,45,0,0,119,10,129,0,0,154,20,174,74,6,80,254
04/24/2006,LAL,FL,ASO,ES,Federal Contract Tower,0,0,36,0,36,0,0,147,1,148,0,0,183,1,184,86,0,86,270
04/25/2006,LAL,FL,ASO,ES,Federal Contract Tower,0,2,56,2,60,0,0,161,0,161,0,2,217,2,221,98,0,98,319
04/26/2006,LAL,FL,ASO,ES,Federal Contract Tower,0,1,34,3,38,0,1,144,1,146,0,2,178,4,184,134,6,140,324
04/27/2006,LAL,FL,ASO,ES,Federal Contract Tower,0,3,45,1,49,0,0,138,5,143,0,3,183,6,192,102,0,102,294
04/28/2006,LAL,FL,ASO,ES,Federal Contract Tower,0,0,46,1,47,0,0,202,4,206,0,0,248,5,253,125,12,137,390
04/29/2006,LAL,FL,ASO,ES,Federal Contract Tower,0,0,21,1,22,0,0,162,1,163,0,0,183,2,185,117,8,125,310
04/30/2006,LAL,FL,ASO,ES,Federal Contract Tower,0,5,24,0,29,0,0,162,4,166,0,5,186,4,195,108,4,112,307
05/01/2006,LAL,FL,ASO,ES,Federal Contract Tower,0,2,28,0,30,0,0,151,4,155,0,2,179,4,185,106,8,114,299
05/02/2006,LAL,FL,ASO,ES,Federal Contract Tower,0,0,45,2,47,0,0,163,13,176,0,0,208,15,223,107,52,159,382
05/03/2006,LAL,FL,ASO,ES,Federal Contract Tower,0,3,40,0,43,0,5,153,1,159,0,8,193,1,202,97,13,110,312
05/04/2006,LAL,FL,ASO,ES,Federal Contract Tower,0,4,41,10,55,0,0,159,0,159,0,4,200,10,214,107,0,107,321
05/05/2006,LAL,FL,ASO,ES,Federal Contract Tower,0,3,25,5,33,0,0,133,4,137,0,3,158,9,170,106,29,135,305
05/06/2006,LAL,FL,ASO,ES,Federal Contract Tower,0,4,19,0,23,0,0,180,2,182,0,4,199,2,205,125,0,125,330
05/07/2006,LAL,FL,ASO,ES,Federal Contract Tower,0,5,21,6,32,0,0,136,4,140,0,5,157,10,172,112,22,134,306
05/08/2006,LAL,FL,ASO,ES,Federal Contract Tower,0,0,21,2,23,0,0,94,0,94,0,0,115,2,117,99,20,119,236
05/09/2006,LAL,FL,ASO,ES,Federal Contract Tower,0,0,44,0,44,0,0,58,0,58,0,0,102,0,102,72,0,72,174
05/10/2006,LAL,FL,ASO,ES,Federal Contract Tower,0,2,39,2,43,0,0,137,0,137,0,2,176,2,180,55,12,67,247
05/11/2006,LAL,FL,ASO,ES,Federal Contract Tower,0,0,34,0,34,0,0,108,0,108,0,0,142,0,142,98,0,98,240
05/12/2006,LAL,FL,ASO,ES,Federal Contract Tower,0,4,27,0,31,0,0,153,0,153,0,4,180,0,184,112,0,112,296
05/13/2006,LAL,FL,ASO,ES,Federal Contract Tower,0,0,15,3,18,0,0,181,0,181,0,0,196,3,199,127,9,136,335
05/14/2006,LAL,FL,ASO,ES,Federal Contract Tower,0,2,20,6,28,0,0,131,0,131,0,2,151,6,159,98,2,100,259
05/15/2006,LAL,FL,ASO,ES,Federal Contract Tower,0,0,27,0,27,0,0,118,0,118,0,0,145,0,145,121,0,121,266
05/16/2006,LAL,FL,ASO,ES,Federal Contract Tower,0,2,29,0,31,0,0,62,0,62,0,2,91,0,93,195,0,195,288
05/17/2006,LAL,FL,ASO,ES,Federal Contract Tower,0,5,35,0,40,0,0,126,5,131,0,5,161,5,171,101,18,119,290
05/18/2006,LAL,FL,ASO,ES,Federal Contract Tower,0,5,19,0,24,0,0,170,4,174,0,5,189,4,198,127,6,133,331
05/19/2006,LAL,FL,ASO,ES,Federal Contract Tower,0,4,14,0,18,0,1,145,0,146,0,5,159,0,164,104,0,104,268
05/20/2006,LAL,FL,ASO,ES,Federal Contract Tower,0,2,9,0,11,0,0,141,0,141,0,2,150,0,152,135,0,135,287
05/21/2006,LAL,FL,ASO,ES,Federal Contract Tower,0,2,11,1,14,0,0,140,1,141,0,2,151,2,155,92,9,101,256
05/22/2006,LAL,FL,ASO,ES,Federal Contract Tower,0,1,25,0,26,0,0,130,0,130,0,1,155,0,156,131,0,131,287
05/23/2006,LAL,FL,ASO,ES,Federal Contract Tower,0,3,28,1,32,0,1,131,1,133,0,4,159,2,165,92,7,99,264
05/24/2006,LAL,FL,ASO,ES,Federal Contract Tower,0,3,47,0,50,0,0,110,0,110,0,3,157,0,160,134,0,134,294
05/25/2006,LAL,FL,ASO,ES,Federal Contract Tower,0,2,40,0,42,0,0,127,0,127,0,2,167,0,169,146,0,146,315
05/26/2006,LAL,FL,ASO,ES,Federal Contract Tower,0,3,33,0,36,0,0,153,0,153,0,3,186,0,189,113,0,113,302
05/27/2006,LAL,FL,ASO,ES,Federal Contract Tower,0,1,20,0,21,0,0,132,0,132,0,1,152,0,153,103,0,103,256
05/28/2006,LAL,FL,ASO,ES,Federal Contract Tower,0,1,9,0,10,0,0,156,0,156,0,1,165,0,166,118,0,118,284
05/29/2006,LAL,FL,ASO,ES,Federal Contract Tower,0,0,33,0,33,0,0,141,0,141,0,0,174,0,174,131,0,131,305
05/30/2006,LAL,FL,ASO,ES,Federal Contract Tower,0,4,40,0,44,0,0,110,0,110,0,4,150,0,154,80,0,80,234
05/31/2006,LAL,FL,ASO,ES,Federal Contract Tower,0,4,46,2,52,0,0,96,0,96,0,4,142,2,148,136,6,142,290
06/01/2006,LAL,FL,ASO,ES,Federal Contract Tower,0,2,26,0,28,0,0,78,0,78,0,2,104,0,106,61,0,61,167
06/02/2006,LAL,FL,ASO,ES,Federal Contract Tower,0,0,22,10,32,0,0,83,10,93,0,0,105,20,125,46,8,54,179
06/03/2006,LAL,FL,ASO,ES,Federal Contract Tower,0,0,17,2,19,0,0,94,0,94,0,0,111,2,113,33,0,33,146
06/04/2006,LAL,FL,ASO,ES,Federal Contract Tower,0,0,20,0,20,0,0,98,2,100,0,0,118,2,120,34,22,56,176
06/05/2006,LAL,FL,ASO,ES,Federal Contract Tower,0,4,22,1,27,0,2,75,6,83,0,6,97,7,110,48,15,63,173
06/06/2006,LAL,FL,ASO,ES,Federal Contract Tower,0,1,22,0,23,0,0,96,0,96,0,1,118,0,119,53,0,53,172
06/07/2006,LAL,FL,ASO,ES,Federal Contract Tower,0,3,29,4,36,0,0,108,0,108,0,3,137,4,144,56,0,56,200
06/08/2006,LAL,FL,ASO,ES,Federal Contract Tower,0,0,26,0,26,0,1,95,0,96,0,1,121,0,122,94,0,94,216
06/09/2006,LAL,FL,ASO,ES,Federal Contract Tower,0,0,33,4,37,0,1,103,2,106,0,1,136,6,143,33,2,35,178
06/10/2006,LAL,FL,ASO,ES,Federal Contract Tower,0,0,19,1,20,0,0,129,15,144,0,0,148,16,164,137,14,151,315
06/11/2006,LAL,FL,ASO,ES,Federal Contract Tower,0,2,36,1,39,0,0,56,0,56,0,2,92,1,95,43,0,43,138
06/12/2006,LAL,FL,ASO,ES,Federal Contract Tower,0,0,7,0,7,0,0,2,0,2,0,0,9,0,9,0,0,0,9
06/13/2006,LAL,FL,ASO,ES,Federal Contract Tower,0,0,8,0,8,0,0,10,0,10,0,0,18,0,18,0,0,0,18
06/14/2006,LAL,FL,ASO,ES,Federal Contract Tower,0,1,33,2,36,0,0,104,0,104,0,1,137,2,140,102,4,106,246
06/15/2006,LAL,FL,ASO,ES,Federal Contract Tower,0,3,25,0,28,0,0,106,0,106,0,3,131,0,134,145,0,145,279
06/16/2006,LAL,FL,ASO,ES,Federal Contract Tower,0,2,37,9,48,0,0,82,10,92,0,2,119,19,140,71,16,87,227
06/17/2006,LAL,FL,ASO,ES,Federal Contract Tower,0,0,30,2,32,0,0,123,0,123,0,0,153,2,155,79,0,79,234
06/18/2006,LAL,FL,ASO,ES,Federal Contract Tower,0,1,28,1,30,0,0,66,2,68,0,1,94,3,98,52,0,52,150
06/19/2006,LAL,FL,ASO,ES,Federal Contract Tower,0,5,39,5,49,0,0,72,5,77,0,5,111,10,126,46,2,48,174
06/20/2006,LAL,FL,ASO,ES,Federal Contract Tower,0,0,37,5,42,0,0,129,0,129,0,0,166,5,171,131,11,142,313
06/21/2006,LAL,FL,ASO,ES,Federal Contract Tower,0,1,42,0,43,0,0,132,0,132,0,1,174,0,175,131,0,131,306
06/22/2006,LAL,FL,ASO,ES,Federal Contract Tower,0,0,39,0,39,0,0,149,0,149,0,0,188,0,188,110,0,110,298
06/23/2006,LAL,FL,ASO,ES,Federal Contract Tower,0,2,44,4,50,0,0,146,0,146,0,2,190,4,196,133,28,161,357
06/24/2006,LAL,FL,ASO,ES,Federal Contract Tower,0,2,27,0,29,0,0,158,0,158,0,2,185,0,187,136,0,136,323
06/25/2006,LAL,FL,ASO,ES,Federal Contract Tower,0,1,28,0,29,0,0,69,0,69,0,1,97,0,98,103,0,103,201
06/26/2006,LAL,FL,ASO,ES,Federal Contract Tower,0,6,25,2,33,0,0,66,0,66,0,6,91,2,99,226,4,230,329
06/27/2006,LAL,FL,ASO,ES,Federal Contract Tower,0,5,36,0,41,0,0,98,0,98,0,5,134,0,139,136,0,136,275
06/28/2006,LAL,FL,ASO,ES,Federal Contract Tower,0,2,25,0,27,0,0,110,0,110,0,2,135,0,137,132,0,132,269
06/29/2006,LAL,FL,ASO,ES,Federal Contract Tower,0,0,39,3,42,0,0,79,1,80,0,0,118,4,122,123,12,135,257
06/30/2006,LAL,FL,ASO,ES,Federal Contract Tower,0,0,35,0,35,0,0,132,0,132,0,0,167,0,167,104,0,104,271
07/01/2006,LAL,FL,ASO,ES,Federal Contract Tower,0,4,21,0,25,0,0,158,0,158,0,4,179,0,183,166,0,166,349
07/02/2006,LAL,FL,ASO,ES,Federal Contract Tower,0,4,13,0,17,0,0,137,0,137,0,4,150,0,154,80,0,80,234
07/03/2006,LAL,FL,ASO,ES,Federal Contract Tower,0,0,32,0,32,0,0,96,0,96,0,0,128,0,128,127,0,127,255
07/04/2006,LAL,FL,ASO,ES,Federal Contract Tower,0,0,15,0,15,0,0,132,0,132,0,0,147,0,147,94,0,94,241
07/05/2006,LAL,FL,ASO,ES,Federal Contract Tower,0,2,33,2,37,0,0,121,0,121,0,2,154,2,158,88,6,94,252
07/06/2006,LAL,FL,ASO,ES,Federal Contract Tower,0,3,15,0,18,0,0,104,0,104,0,3,119,0,122,129,0,129,251
07/07/2006,LAL,FL,ASO,ES,Federal Contract Tower,0,0,20,0,20,0,0,75,0,75,0,0,95,0,95,115,0,115,210
07/08/2006,LAL,FL,ASO,ES,Federal Contract Tower,0,1,42,1,44,0,0,86,1,87,0,1,128,2,131,63,8,71,202
07/09/2006,LAL,FL,ASO,ES,Federal Contract Tower,0,1,26,0,27,0,0,156,12,168,0,1,182,12,195,84,34,118,313
07/10/2006,LAL,FL,ASO,ES,Federal Contract Tower,0,4,35,0,39,0,0,120,2,122,0,4,155,2,161,112,28,140,301
07/11/2006,LAL,FL,ASO,ES,Federal Contract Tower,0,0,25,0,25,0,1,105,0,106,0,1,130,0,131,107,0,107,238
07/12/2006,LAL,FL,ASO,ES,Federal Contract Tower,0,0,33,0,33,0,0,107,0,107,0,0,140,0,140,85,0,85,225
07/13/2006,LAL,FL,ASO,ES,Federal Contract Tower,0,1,32,3,36,0,0,140,6,146,0,1,172,9,182,125,6,131,313
07/14/2006,LAL,FL,ASO,ES,Federal Contract Tower,0,1,22,0,23,0,0,175,0,175,0,1,197,0,198,132,0,132,330
07/15/2006,LAL,FL,ASO,ES,Federal Contract Tower,0,0,34,0,34,0,0,206,0,206,0,0,240,0,240,137,0,137,377
07/16/2006,LAL,FL,ASO,ES,Federal Contract Tower,0,4,15,0,19,0,0,132,2,134,0,4,147,2,153,121,6,127,280
07/17/2006,LAL,FL,ASO,ES,Federal Contract Tower,0,2,26,2,30,0,0,121,2,123,0,2,147,4,153,131,12,143,296
07/18/2006,LAL,FL,ASO,ES,Federal Contract Tower,0,2,24,0,26,0,0,128,1,129,0,2,152,1,155,135,7,142,297
07/19/2006,LAL,FL,ASO,ES,Federal Contract Tower,0,5,46,0,51,0,0,116,0,116,0,5,162,0,167,116,0,116,283
07/20/2006,LAL,FL,ASO,ES,Federal Contract Tower,0,0,31,0,31,0,0,148,0,148,0,0,179,0,179,110,0,110,289
07/21/2006,LAL,FL,ASO,ES,Federal Contract Tower,0,0,26,1,27,0,0,131,3,134,0,0,157,4,161,126,6,132,293
07/22/2006,LAL,FL,ASO,ES,Federal Contract Tower,0,0,32,2,34,0,0,129,1,130,0,0,161,3,164,95,7,102,266
07/23/2006,LAL,FL,ASO,ES,Federal Contract Tower,0,1,17,3,21,0,1,139,0,140,0,2,156,3,161,95,6,101,262
07/24/2006,LAL,FL,ASO,ES,Federal Contract Tower,0,1,21,2,24,0,0,126,1,127,0,1,147,3,151,102,7,109,260
07/25/2006,LAL,FL,ASO,ES,Federal Contract Tower,0,0,19,0,19,0,2,118,0,120,0,2,137,0,139,136,0,136,275
07/26/2006,LAL,FL,ASO,ES,Federal Contract Tower,0,1,41,1,43,0,0,91,3,94,0,1,132,4,137,156,16,172,309
07/27/2006,LAL,FL,ASO,ES,Federal Contract Tower,0,2,42,0,44,0,0,134,0,134,0,2,176,0,178,147,0,147,325
07/28/2006,LAL,FL,ASO,ES,Federal Contract Tower,0,0,26,2,28,0,0,101,0,101,0,0,127,2,129,114,8,122,251
07/29/2006,LAL,FL,ASO,ES,Federal Contract Tower,0,2,15,0,17,0,0,172,0,172,0,2,187,0,189,181,0,181,370
07/30/2006,LAL,FL,ASO,ES,Federal Contract Tower,0,2,22,0,24,0,0,153,0,153,0,2,175,0,177,114,0,114,291
07/31/2006,LAL,FL,ASO,ES,Federal Contract Tower,0,2,30,0,32,0,0,125,0,125,0,2,155,0,157,103,0,103,260
08/01/2006,LAL,FL,ASO,ES,Federal Contract Tower,0,4,34,1,39,0,1,118,1,120,0,5,152,2,159,108,3,111,270
08/02/2006,LAL,FL,ASO,ES,Federal Contract Tower,0,4,31,7,42,0,0,145,0,145,0,4,176,7,187,131,9,140,327
08/03/2006,LAL,FL,ASO,ES,Federal Contract Tower,0,5,33,0,38,0,1,175,0,176,0,6,208,0,214,121,0,121,335
08/04/2006,LAL,FL,ASO,ES,Federal Contract Tower,0,4,40,0,44,0,0,175,0,175,0,4,215,0,219,127,0,127,346
08/05/2006,LAL,FL,ASO,ES,Federal Contract Tower,0,2,35,0,37,0,0,185,0,185,0,2,220,0,222,171,0,171,393
08/06/2006,LAL,FL,ASO,ES,Federal Contract Tower,0,0,31,0,31,0,0,171,0,171,0,0,202,0,202,127,0,127,329
08/07/2006,LAL,FL,ASO,ES,Federal Contract Tower,0,4,38,0,42,0,0,90,0,90,0,4,128,0,132,133,0,133,265
08/08/2006,LAL,FL,ASO,ES,Federal Contract Tower,0,2,25,0,27,0,0,148,2,150,0,2,173,2,177,151,6,157,334
08/09/2006,LAL,FL,ASO,ES,Federal Contract Tower,0,5,42,4,51,0,1,154,0,155,0,6,196,4,206,115,9,124,330
08/10/2006,LAL,FL,ASO,ES,Federal Contract Tower,0,5,19,7,31,0,0,173,0,173,0,5,192,7,204,142,8,150,354
08/11/2006,LAL,FL,ASO,ES,Federal Contract Tower,0,6,20,1,27,0,0,159,1,160,0,6,179,2,187,158,0,158,345
08/12/2006,LAL,FL,ASO,ES,Federal Contract Tower,0,0,22,2,24,0,0,210,0,210,0,0,232,2,234,161,7,168,402
08/13/2006,LAL,FL,ASO,ES,Federal Contract Tower,0,3,31,4,38,0,0,140,0,140,0,3,171,4,178,109,15,124,302
08/14/2006,LAL,FL,ASO,ES,Federal Contract Tower,0,3,32,2,37,0,0,139,0,139,0,3,171,2,176,134,3,137,313
08/15/2006,LAL,FL,ASO,ES,Federal Contract Tower,0,4,40,5,49,0,0,135,0,135,0,4,175,5,184,170,9,179,363
08/16/2006,LAL,FL,ASO,ES,Federal Contract Tower,0,4,25,0,29,0,0,181,1,182,0,4,206,1,211,125,2,127,338
08/17/2006,LAL,FL,ASO,ES,Federal Contract Tower,0,5,20,0,25,0,0,96,0,96,0,5,116,0,121,152,0,152,273
08/18/2006,LAL,FL,ASO,ES,Federal Contract Tower,0,5,29,8,42,0,0,131,0,131,0,5,160,8,173,122,12,134,307
08/19/2006,LAL,FL,ASO,ES,Federal Contract Tower,0,4,18,0,22,0,0,159,0,159,0,4,177,0,181,181,0,181,362
08/20/2006,LAL,FL,ASO,ES,Federal Contract Tower,0,3,25,0,28,0,0,168,0,168,0,3,193,0,196,144,0,144,340
08/21/2006,LAL,FL,ASO,ES,Federal Contract Tower,0,3,27,2,32,0,1,123,4,128,0,4,150,6,160,121,22,143,303
08/22/2006,LAL,FL,ASO,ES,Federal Contract Tower,0,8,21,0,29,0,0,139,5,144,0,8,160,5,173,117,15,132,305
08/23/2006,LAL,FL,ASO,ES,Federal Contract Tower,0,4,34,2,40,0,0,141,0,141,0,4,175,2,181,142,7,149,330
08/24/2006,LAL,FL,ASO,ES,Federal Contract Tower,0,8,35,4,47,0,0,137,0,137,0,8,172,4,184,207,20,227,411
08/25/2006,LAL,FL,ASO,ES,Federal Contract Tower,0,6,52,9,67,0,0,94,0,94,0,6,146,9,161,171,20,191,352
08/26/2006,LAL,FL,ASO,ES,Federal Contract Tower,0,0,21,0,21,0,0,134,2,136,0,0,155,2,157,118,7,125,282
08/27/2006,LAL,FL,ASO,ES,Federal Contract Tower,0,6,33,0,39,0,0,106,1,107,0,6,139,1,146,175,0,175,321
08/28/2006,LAL,FL,ASO,ES,Federal Contract Tower,0,4,25,4,33,0,0,93,2,95,0,4,118,6,128,150,12,162,290
08/29/2006,LAL,FL,ASO,ES,Federal Contract Tower,0,3,37,5,45,0,0,153,0,153,0,3,190,5,198,106,11,117,315
08/30/2006,LAL,FL,ASO,ES,Federal Contract Tower,0,3,15,0,18,0,0,5,0,5,0,3,20,0,23,39,0,39,62
08/31/2006,LAL,FL,ASO,ES,Federal Contract Tower,0,7,28,1,36,0,0,151,0,151,0,7,179,1,187,118,22,140,327
09/01/2006,LAL,FL,ASO,ES,Federal Contract Tower,0,5,34,0,39,0,0,121,0,121,0,5,155,0,160,141,0,141,301
09/02/2006,LAL,FL,ASO,ES,Federal Contract Tower,0,3,24,0,27,0,0,147,0,147,0,3,171,0,174,146,0,146,320
09/03/2006,LAL,FL,ASO,ES,Federal Contract Tower,0,0,21,1,22,0,0,142,1,143,0,0,163,2,165,156,3,159,324
09/04/2006,LAL,FL,ASO,ES,Federal Contract Tower,0,0,19,0,19,0,0,166,2,168,0,0,185,2,187,145,5,150,337
09/05/2006,LAL,FL,ASO,ES,Federal Contract Tower,0,6,30,5,41,0,0,120,7,127,0,6,150,12,168,155,15,170,338
09/06/2006,LAL,FL,ASO,ES,Federal Contract Tower,0,3,46,5,54,0,0,138,0,138,0,3,184,5,192,134,34,168,360
09/07/2006,LAL,FL,ASO,ES,Federal Contract Tower,0,9,28,0,37,0,4,118,0,122,0,13,146,0,159,151,0,151,310
09/08/2006,LAL,FL,ASO,ES,Federal Contract Tower,0,2,48,3,53,0,0,105,1,106,0,2,153,4,159,69,9,78,237
09/09/2006,LAL,FL,ASO,ES,Federal Contract Tower,0,0,21,0,21,0,0,163,0,163,0,0,184,0,184,142,0,142,326
09/10/2006,LAL,FL,ASO,ES,Federal Contract Tower,0,3,25,2,30,0,0,126,0,126,0,3,151,2,156,68,2,70,226
09/11/2006,LAL,FL,ASO,ES,Federal Contract Tower,0,4,26,2,32,0,1,136,0,137,0,5,162,2,169,98,24,122,291
09/12/2006,LAL,FL,ASO,ES,Federal Contract Tower,0,3,21,0,24,0,0,151,0,151,0,3,172,0,175,166,0,166,341
09/13/2006,LAL,FL,ASO,ES,Federal Contract Tower,0,7,25,0,32,0,0,106,1,107,0,7,131,1,139,175,24,199,338
09/14/2006,LAL,FL,ASO,ES,Federal Contract Tower,0,3,35,0,38,0,0,125,0,125,0,3,160,0,163,188,0,188,351
09/15/2006,LAL,FL,ASO,ES,Federal Contract Tower,0,9,29,0,38,0,0,170,0,170,0,9,199,0,208,152,0,152,360
09/16/2006,LAL,FL,ASO,ES,Federal Contract Tower,0,0,27,0,27,0,0,194,1,195,0,0,221,1,222,107,6,113,335
09/17/2006,LAL,FL,ASO,ES,Federal Contract Tower,0,6,32,0,38,0,0,171,0,171,0,6,203,0,209,142,0,142,351
09/18/2006,LAL,FL,ASO,ES,Federal Contract Tower,0,3,42,0,45,0,1,97,2,100,0,4,139,2,145,153,4,157,302
09/19/2006,LAL,FL,ASO,ES,Federal Contract Tower,0,4,27,0,31,0,0,116,2,118,0,4,143,2,149,121,24,145,294
09/20/2006,LAL,FL,ASO,ES,Federal Contract Tower,0,4,45,1,50,0,0,104,2,106,0,4,149,3,156,171,13,184,340
09/21/2006,LAL,FL,ASO,ES,Federal Contract Tower,0,6,48,0,54,0,0,134,0,134,0,6,182,0,188,169,0,169,357
09/22/2006,LAL,FL,ASO,ES,Federal Contract Tower,0,6,22,15,43,0,0,150,11,161,0,6,172,26,204,151,16,167,371
09/23/2006,LAL,FL,ASO,ES,Federal Contract Tower,0,4,31,0,35,0,0,174,0,174,0,4,205,0,209,152,0,152,361
09/24/2006,LAL,FL,ASO,ES,Federal Contract Tower,0,1,24,6,31,0,0,133,10,143,0,1,157,16,174,188,18,206,380
09/25/2006,LAL,FL,ASO,ES,Federal Contract Tower,0,3,40,3,46,0,0,137,1,138,0,3,177,4,184,132,17,149,333
09/26/2006,LAL,FL,ASO,ES,Federal Contract Tower,0,3,27,4,34,0,0,136,2,138,0,3,163,6,172,108,16,124,296
09/27/2006,LAL,FL,ASO,ES,Federal Contract Tower,0,5,33,4,42,0,0,172,4,176,0,5,205,8,218,114,13,127,345
09/28/2006,LAL,FL,ASO,ES,Federal Contract Tower,0,3,32,1,36,0,0,193,3,196,0,3,225,4,232,150,9,159,391
09/29/2006,LAL,FL,ASO,ES,Federal Contract Tower,0,5,28,2,35,0,0,167,0,167,0,5,195,2,202,126,9,135,337
09/30/2006,LAL,FL,ASO,ES,Federal Contract Tower,0,0,15,4,19,0,0,153,0,153,0,0,168,4,172,138,14,152,324
10/01/2006,LAL,FL,ASO,ES,Federal Contract Tower,0,2,20,0,22,0,0,147,0,147,0,2,167,0,169,127,0,127,296
10/02/2006,LAL,FL,ASO,ES,Federal Contract Tower,0,5,27,0,32,0,1,124,0,125,0,6,151,0,157,103,0,103,260
10/03/2006,LAL,FL,ASO,ES,Federal Contract Tower,0,8,29,0,37,0,0,150,0,150,0,8,179,0,187,117,0,117,304
10/04/2006,LAL,FL,ASO,ES,Federal Contract Tower,0,8,44,3,55,0,0,137,0,137,0,8,181,3,192,122,16,138,330
10/05/2006,LAL,FL,ASO,ES,Federal Contract Tower,0,3,36,2,41,0,2,139,0,141,0,5,175,2,182,170,6,176,358
10/06/2006,LAL,FL,ASO,ES,Federal Contract Tower,0,5,22,3,30,0,0,136,19,155,0,5,158,22,185,145,32,177,362
10/07/2006,LAL,FL,ASO,ES,Federal Contract Tower,0,0,27,0,27,0,0,214,2,216,0,0,241,2,243,104,12,116,359
10/08/2006,LAL,FL,ASO,ES,Federal Contract Tower,0,0,40,0,40,0,0,119,2,121,0,0,159,2,161,133,14,147,308
10/09/2006,LAL,FL,ASO,ES,Federal Contract Tower,0,5,16,0,21,0,0,147,2,149,0,5,163,2,170,115,16,131,301
10/10/2006,LAL,FL,ASO,ES,Federal Contract Tower,0,5,24,2,31,0,0,169,6,175,0,5,193,8,206,121,22,143,349
10/11/2006,LAL,FL,ASO,ES,Federal Contract Tower,0,6,34,0,40,0,0,141,0,141,0,6,175,0,181,131,0,131,312
10/12/2006,LAL,FL,ASO,ES,Federal Contract Tower,0,4,19,0,23,0,0,133,0,133,0,4,152,0,156,157,0,157,313
10/13/2006,LAL,FL,ASO,ES,Federal Contract Tower,0,6,44,0,50,0,0,146,0,146,0,6,190,0,196,138,0,138,334
10/14/2006,LAL,FL,ASO,ES,Federal Contract Tower,0,1,26,0,27,0,0,189,0,189,0,1,215,0,216,128,0,128,344
10/15/2006,LAL,FL,ASO,ES,Federal Contract Tower,0,5,34,2,41,0,0,141,0,141,0,5,175,2,182,117,9,126,308
10/16/2006,LAL,FL,ASO,ES,Federal Contract Tower,0,7,43,0,50,0,0,119,4,123,0,7,162,4,173,151,20,171,344
10/17/2006,LAL,FL,ASO,ES,Federal Contract Tower,0,3,42,0,45,0,0,125,0,125,0,3,167,0,170,155,0,155,325
10/18/2006,LAL,FL,ASO,ES,Federal Contract Tower,0,8,46,0,54,0,0,115,0,115,0,8,161,0,169,118,0,118,287
10/19/2006,LAL,FL,ASO,ES,Federal Contract Tower,0,9,50,0,59,0,0,109,2,111,0,9,159,2,170,99,0,99,269
10/20/2006,LAL,FL,ASO,ES,Federal Contract Tower,0,4,30,0,34,0,0,124,2,126,0,4,154,2,160,101,23,124,284
10/21/2006,LAL,FL,ASO,ES,Federal Contract Tower,0,3,17,0,20,0,0,178,0,178,0,3,195,0,198,140,0,140,338
10/22/2006,LAL,FL,ASO,ES,Federal Contract Tower,0,3,19,0,22,0,4,154,2,160,0,7,173,2,182,110,9,119,301
10/23/2006,LAL,FL,ASO,ES,Federal Contract Tower,0,6,54,0,60,0,0,124,0,124,0,6,178,0,184,123,0,123,307
10/24/2006,LAL,FL,ASO,ES,Federal Contract Tower,0,2,33,0,35,0,0,132,0,132,0,2,165,0,167,137,0,137,304
10/25/2006,LAL,FL,ASO,ES,Federal Contract Tower,0,9,35,0,44,0,0,203,0,203,0,9,238,0,247,132,0,132,379
10/26/2006,LAL,FL,ASO,ES,Federal Contract Tower,0,5,40,0,45,0,0,167,2,169,0,5,207,2,214,189,5,194,408
10/27/2006,LAL,FL,ASO,ES,Federal Contract Tower,0,13,34,0,47,0,0,127,0,127,0,13,161,0,174,136,0,136,310
10/28/2006,LAL,FL,ASO,ES,Federal Contract Tower,0,5,29,0,34,0,0,111,3,114,0,5,140,3,148,102,7,109,257
10/29/2006,LAL,FL,ASO,ES,Federal Contract Tower,0,2,41,0,43,0,1,168,2,171,0,3,209,2,214,128,0,128,342
10/30/2006,LAL,FL,ASO,ES,Federal Contract Tower,0,5,39,0,44,0,0,130,0,130,0,5,169,0,174,75,0,75,249
10/31/2006,LAL,FL,ASO,ES,Federal Contract Tower,0,5,36,0,41,0,0,118,2,120,0,5,154,2,161,124,9,133,294
11/01/2006,LAL,FL,ASO,ES,Federal Contract Tower,0,5,44,1,50,0,2,122,1,125,0,7,166,2,175,127,10,137,312
11/02/2006,LAL,FL,ASO,ES,Federal Contract Tower,0,5,41,0,46,0,1,115,0,116,0,6,156,0,162,120,0,120,282
11/03/2006,LAL,FL,ASO,ES,Federal Contract Tower,0,9,46,3,58,0,0,88,0,88,0,9,134,3,146,114,11,125,271
11/04/2006,LAL,FL,ASO,ES,Federal Contract Tower,0,3,24,1,28,0,0,142,0,142,0,3,166,1,170,401,0,401,571
11/05/2006,LAL,FL,ASO,ES,Federal Contract Tower,0,5,25,0,30,0,0,141,0,141,0,5,166,0,171,119,0,119,290
11/06/2006,LAL,FL,ASO,ES,Federal Contract Tower,0,6,42,0,48,0,0,136,0,136,0,6,178,0,184,167,0,167,351
11/07/2006,LAL,FL,ASO,ES,Federal Contract Tower,0,8,32,2,42,0,0,62,0,62,0,8,94,2,104,126,2,128,232
11/08/2006,LAL,FL,ASO,ES,Federal Contract Tower,0,7,37,0,44,0,1,119,0,120,0,8,156,0,164,108,0,108,272
11/09/2006,LAL,FL,ASO,ES,Federal Contract Tower,0,3,70,4,77,0,0,104,3,107,0,3,174,7,184,131,15,146,330
11/10/2006,LAL,FL,ASO,ES,Federal Contract Tower,0,2,36,0,38,0,0,190,0,190,0,2,226,0,228,152,0,152,380
11/11/2006,LAL,FL,ASO,ES,Federal Contract Tower,0,0,20,0,20,0,0,167,0,167,0,0,187,0,187,106,0,106,293
11/12/2006,LAL,FL,ASO,ES,Federal Contract Tower,0,0,34,2,36,0,0,119,0,119,0,0,153,2,155,104,7,111,266
11/13/2006,LAL,FL,ASO,ES,Federal Contract Tower,0,1,48,0,49,0,0,146,3,149,0,1,194,3,198,137,7,144,342
11/14/2006,LAL,FL,ASO,ES,Federal Contract Tower,0,7,45,7,59,0,0,182,0,182,0,7,227,7,241,195,9,204,445
11/15/2006,LAL,FL,ASO,ES,Federal Contract Tower,0,3,34,0,37,0,0,106,6,112,0,3,140,6,149,98,13,111,260
11/16/2006,LAL,FL,ASO,ES,Federal Contract Tower,0,10,35,3,48,0,0,53,0,53,0,10,88,3,101,107,10,117,218
11/17/2006,LAL,FL,ASO,ES,Federal Contract Tower,0,5,49,5,59,0,0,142,16,158,0,5,191,21,217,109,35,144,361
11/18/2006,LAL,FL,ASO,ES,Federal Contract Tower,0,1,24,4,29,0,0,164,0,164,0,1,188,4,193,131,12,143,336
11/19/2006,LAL,FL,ASO,ES,Federal Contract Tower,0,0,26,6,32,0,0,174,18,192,0,0,200,24,224,77,33,110,334
11/20/2006,LAL,FL,ASO,ES,Federal Contract Tower,0,4,21,0,25,0,0,115,0,115,0,4,136,0,140,119,0,119,259
11/21/2006,LAL,FL,ASO,ES,Federal Contract Tower,0,4,35,0,39,0,0,94,4,98,0,4,129,4,137,95,10,105,242
11/22/2006,LAL,FL,ASO,ES,Federal Contract Tower,0,4,28,0,32,0,0,104,0,104,0,4,132,0,136,83,0,83,219
11/23/2006,LAL,FL,ASO,ES,Federal Contract Tower,0,0,4,0,4,0,0,49,0,49,0,0,53,0,53,18,0,18,71
11/24/2006,LAL,FL,ASO,ES,Federal Contract Tower,0,3,25,0,28,0,0,166,0,166,0,3,191,0,194,119,0,119,313
11/25/2006,LAL,FL,ASO,ES,Federal Contract Tower,0,1,37,0,38,0,0,123,0,123,0,1,160,0,161,102,0,102,263
11/26/2006,LAL,FL,ASO,ES,Federal Contract Tower,0,1,28,0,29,0,0,134,0,134,0,1,162,0,163,125,0,125,288
11/27/2006,LAL,FL,ASO,ES,Federal Contract Tower,0,3,54,0,57,0,1,77,0,78,0,4,131,0,135,107,0,107,242
11/28/2006,LAL,FL,ASO,ES,Federal Contract Tower,0,8,47,2,57,0,2,81,3,86,0,10,128,5,143,112,30,142,285
11/29/2006,LAL,FL,ASO,ES,Federal Contract Tower,0,5,50,0,55,0,0,70,0,70,0,5,120,0,125,137,0,137,262
11/30/2006,LAL,FL,ASO,ES,Federal Contract Tower,0,3,64,0,67,0,0,91,2,93,0,3,155,2,160,155,7,162,322
12/01/2006,LAL,FL,ASO,ES,Federal Contract Tower,0,3,37,13,53,0,0,124,17,141,0,3,161,30,194,82,16,98,292
12/02/2006,LAL,FL,ASO,ES,Federal Contract Tower,0,0,36,0,36,0,0,138,0,138,0,0,174,0,174,155,0,155,329
12/03/2006,LAL,FL,ASO,ES,Federal Contract Tower,0,2,31,12,45,0,0,133,12,145,0,2,164,24,190,129,21,150,340
12/04/2006,LAL,FL,ASO,ES,Federal Contract Tower,0,3,52,0,55,0,0,71,2,73,0,3,123,2,128,138,0,138,266
12/05/2006,LAL,FL,ASO,ES,Federal Contract Tower,0,7,53,4,64,0,0,135,0,135,0,7,188,4,199,149,5,154,353
12/06/2006,LAL,FL,ASO,ES,Federal Contract Tower,0,2,57,8,67,0,0,123,2,125,0,2,180,10,192,102,56,158,350
12/07/2006,LAL,FL,ASO,ES,Federal Contract Tower,0,2,44,0,46,0,0,121,2,123,0,2,165,2,169,238,0,238,407
12/08/2006,LAL,FL,ASO,ES,Federal Contract Tower,0,3,34,8,45,0,0,115,0,115,0,3,149,8,160,163,10,173,333
12/09/2006,LAL,FL,ASO,ES,Federal Contract Tower,0,1,32,1,34,0,0,184,1,185,0,1,216,2,219,174,0,174,393
12/10/2006,LAL,FL,ASO,ES,Federal Contract Tower,0,3,15,2,20,0,1,184,2,187,0,4,199,4,207,154,9,163,370
12/11/2006,LAL,FL,ASO,ES,Federal Contract Tower,0,11,34,1,46,0,0,132,1,133,0,11,166,2,179,180,9,189,368
12/12/2006,LAL,FL,ASO,ES,Federal Contract Tower,0,4,48,0,52,0,0,126,1,127,0,4,174,1,179,156,0,156,335
12/13/2006,LAL,FL,ASO,ES,Federal Contract Tower,0,3,51,0,54,0,0,78,1,79,0,3,129,1,133,136,0,136,269
12/14/2006,LAL,FL,ASO,ES,Federal Contract Tower,0,8,39,6,53,0,0,32,0,32,0,8,71,6,85,36,11,47,132
12/15/2006,LAL,FL,ASO,ES,Federal Contract Tower,0,6,43,4,53,0,0,56,6,62,0,6,99,10,115,68,0,68,183
12/16/2006,LAL,FL,ASO,ES,Federal Contract Tower,0,0,35,0,35,0,0,127,2,129,0,0,162,2,164,121,10,131,295
12/17/2006,LAL,FL,ASO,ES,Federal Contract Tower,0,3,37,0,40,0,0,123,4,127,0,3,160,4,167,137,2,139,306
12/18/2006,LAL,FL,ASO,ES,Federal Contract Tower,0,5,20,3,28,0,0,160,0,160,0,5,180,3,188,115,3,118,306
12/19/2006,LAL,FL,ASO,ES,Federal Contract Tower,0,5,60,1,66,0,0,119,3,122,0,5,179,4,188,163,0,163,351
12/20/2006,LAL,FL,ASO,ES,Federal Contract Tower,0,5,25,4,34,0,0,127,0,127,0,5,152,4,161,149,0,149,310
12/21/2006,LAL,FL,ASO,ES,Federal Contract Tower,0,7,37,2,46,0,0,127,2,129,0,7,164,4,175,189,0,189,364
12/22/2006,LAL,FL,ASO,ES,Federal Contract Tower,0,2,48,0,50,0,0,119,0,119,0,2,167,0,169,151,0,151,320
12/23/2006,LAL,FL,ASO,ES,Federal Contract Tower,0,8,35,0,43,0,0,126,0,126,0,8,161,0,169,144,0,144,313
12/24/2006,LAL,FL,ASO,ES,Federal Contract Tower,0,1,11,0,12,0,0,59,0,59,0,1,70,0,71,119,0,119,190
12/25/2006,LAL,FL,ASO,ES,Federal Contract Tower,0,0,1,0,1,0,0,2,0,2,0,0,3,0,3,0,0,0,3
12/26/2006,LAL,FL,ASO,ES,Federal Contract Tower,0,4,22,0,26,0,0,64,0,64,0,4,86,0,90,108,0,108,198
12/27/2006,LAL,FL,ASO,ES,Federal Contract Tower,0,7,36,2,45,0,0,211,0,211,0,7,247,2,256,214,4,218,474
12/28/2006,LAL,FL,ASO,ES,Federal Contract Tower,0,5,36,0,41,0,0,178,0,178,0,5,214,0,219,203,0,203,422
12/29/2006,LAL,FL,ASO,ES,Federal Contract Tower,0,3,24,0,27,0,0,169,0,169,0,3,193,0,196,177,0,177,373
12/30/2006,LAL,FL,ASO,ES,Federal Contract Tower,0,4,25,0,29,0,0,145,0,145,0,4,170,0,174,164,0,164,338
12/31/2006,LAL,FL,ASO,ES,Federal Contract Tower,0,4,18,0,22,0,0,61,0,61,0,4,79,0,83,74,0,74,157
01/01/2007,LAL,FL,ASO,ES,Federal Contract Tower,0,8,15,0,23,0,0,7,0,7,0,8,22,0,30,12,0,12,42
01/02/2007,LAL,FL,ASO,ES,Federal Contract Tower,0,6,34,0,40,0,0,61,0,61,0,6,95,0,101,121,0,121,222
01/03/2007,LAL,FL,ASO,ES,Federal Contract Tower,0,6,34,0,40,0,0,135,0,135,0,6,169,0,175,200,0,200,375
01/04/2007,LAL,FL,ASO,ES,Federal Contract Tower,0,3,32,2,37,0,0,166,0,166,0,3,198,2,203,159,2,161,364
01/05/2007,LAL,FL,ASO,ES,Federal Contract Tower,0,5,29,0,34,0,0,124,2,126,0,5,153,2,160,141,0,141,301
01/06/2007,LAL,FL,ASO,ES,Federal Contract Tower,0,0,49,2,51,0,0,144,2,146,0,0,193,4,197,102,6,108,305
01/07/2007,LAL,FL,ASO,ES,Federal Contract Tower,0,0,39,0,39,0,0,128,0,128,0,0,167,0,167,181,0,181,348
01/08/2007,LAL,FL,ASO,ES,Federal Contract Tower,0,4,32,2,38,0,0,73,0,73,0,4,105,2,111,105,12,117,228
01/09/2007,LAL,FL,ASO,ES,Federal Contract Tower,0,4,39,8,51,0,0,120,1,121,0,4,159,9,172,158,11,169,341
01/10/2007,LAL,FL,ASO,ES,Federal Contract Tower,0,2,47,0,49,0,0,148,0,148,0,2,195,0,197,183,0,183,380
01/11/2007,LAL,FL,ASO,ES,Federal Contract Tower,0,6,38,4,48,0,0,170,0,170,0,6,208,4,218,176,12,188,406
01/12/2007,LAL,FL,ASO,ES,Federal Contract Tower,0,5,37,5,47,0,0,178,9,187,0,5,215,14,234,202,11,213,447
01/13/2007,LAL,FL,ASO,ES,Federal Contract Tower,0,2,47,5,54,0,0,228,3,231,0,2,275,8,285,179,18,197,482
01/14/2007,LAL,FL,ASO,ES,Federal Contract Tower,0,6,38,1,45,0,0,177,1,178,0,6,215,2,223,207,24,231,454
01/15/2007,LAL,FL,ASO,ES,Federal Contract Tower,0,3,34,4,41,0,0,146,14,160,0,3,180,18,201,279,0,279,480
01/16/2007,LAL,FL,ASO,ES,Federal Contract Tower,0,4,41,2,47,0,0,134,1,135,0,4,175,3,182,240,2,242,424
01/17/2007,LAL,FL,ASO,ES,Federal Contract Tower,0,2,62,7,71,0,0,109,3,112,0,2,171,10,183,237,12,249,432
01/18/2007,LAL,FL,ASO,ES,Federal Contract Tower,0,2,59,1,62,0,0,101,0,101,0,2,160,1,163,193,0,193,356
01/19/2007,LAL,FL,ASO,ES,Federal Contract Tower,0,1,64,6,71,0,2,165,0,167,0,3,229,6,238,261,12,273,511
01/20/2007,LAL,FL,ASO,ES,Federal Contract Tower,0,2,35,0,37,0,0,402,0,402,0,2,437,0,439,157,0,157,596
01/21/2007,LAL,FL,ASO,ES,Federal Contract Tower,0,0,37,8,45,0,0,224,1,225,0,0,261,9,270,226,10,236,506
01/22/2007,LAL,FL,ASO,ES,Federal Contract Tower,0,3,44,0,47,0,0,107,0,107,0,3,151,0,154,236,0,236,390
01/23/2007,LAL,FL,ASO,ES,Federal Contract Tower,0,3,42,2,47,0,0,129,0,129,0,3,171,2,176,224,2,226,402
01/24/2007,LAL,FL,ASO,ES,Federal Contract Tower,0,2,69,0,71,0,0,95,2,97,0,2,164,2,168,214,0,214,382
01/25/2007,LAL,FL,ASO,ES,Federal Contract Tower,0,2,61,0,63,0,0,69,0,69,0,2,130,0,132,152,0,152,284
01/26/2007,LAL,FL,ASO,ES,Federal Contract Tower,0,1,53,2,56,0,0,207,0,207,0,1,260,2,263,316,3,319,582
01/27/2007,LAL,FL,ASO,ES,Federal Contract Tower,0,3,34,0,37,0,0,232,0,232,0,3,266,0,269,256,0,256,525
01/28/2007,LAL,FL,ASO,ES,Federal Contract Tower,0,8,26,8,42,0,3,87,4,94,0,11,113,12,136,145,12,157,293
01/29/2007,LAL,FL,ASO,ES,Federal Contract Tower,0,6,39,2,47,0,0,154,0,154,0,6,193,2,201,223,1,224,425
01/30/2007,LAL,FL,ASO,ES,Federal Contract Tower,0,3,37,0,40,0,0,169,1,170,0,3,206,1,210,216,0,216,426
01/31/2007,LAL,FL,ASO,ES,Federal Contract Tower,0,3,52,0,55,0,0,215,0,215,0,3,267,0,270,320,0,320,590
02/01/2007,LAL,FL,ASO,ES,Federal Contract Tower,0,7,37,0,44,0,0,58,0,58,0,7,95,0,102,153,0,153,255
02/02/2007,LAL,FL,ASO,ES,Federal Contract Tower,0,6,44,21,71,0,1,59,3,63,0,7,103,24,134,119,39,158,292
02/03/2007,LAL,FL,ASO,ES,Federal Contract Tower,0,2,70,0,72,0,0,88,0,88,0,2,158,0,160,232,0,232,392
02/04/2007,LAL,FL,ASO,ES,Federal Contract Tower,0,6,33,3,42,0,0,115,0,115,0,6,148,3,157,209,14,223,380
02/05/2007,LAL,FL,ASO,ES,Federal Contract Tower,0,1,44,12,57,0,0,81,0,81,0,1,125,12,138,260,36,296,434
02/06/2007,LAL,FL,ASO,ES,Federal Contract Tower,0,1,47,2,50,0,0,155,0,155,0,1,202,2,205,304,0,304,509
02/07/2007,LAL,FL,ASO,ES,Federal Contract Tower,0,0,55,6,61,0,0,152,0,152,0,0,207,6,213,297,10,307,520
02/08/2007,LAL,FL,ASO,ES,Federal Contract Tower,0,11,78,1,90,0,0,212,2,214,0,11,290,3,304,222,0,222,526
02/09/2007,LAL,FL,ASO,ES,Federal Contract Tower,0,0,55,4,59,0,0,241,8,249,0,0,296,12,308,291,11,302,610
02/10/2007,LAL,FL,ASO,ES,Federal Contract Tower,0,7,85,3,95,0,0,274,0,274,0,7,359,3,369,126,0,126,495
02/11/2007,LAL,FL,ASO,ES,Federal Contract Tower,0,5,72,2,79,0,0,256,5,261,0,5,328,7,340,199,0,199,539
02/12/2007,LAL,FL,ASO,ES,Federal Contract Tower,0,3,30,6,39,0,0,33,1,34,0,3,63,7,73,61,23,84,157
02/13/2007,LAL,FL,ASO,ES,Federal Contract Tower,0,3,37,1,41,0,0,62,5,67,0,3,99,6,108,186,7,193,301
02/14/2007,LAL,FL,ASO,ES,Federal Contract Tower,0,0,43,6,49,0,0,133,6,139,0,0,176,12,188,116,18,134,322
02/15/2007,LAL,FL,ASO,ES,Federal Contract Tower,0,0,69,4,73,0,0,113,4,117,0,0,182,8,190,236,4,240,430
02/16/2007,LAL,FL,ASO,ES,Federal Contract Tower,0,2,52,2,56,0,0,144,2,146,0,2,196,4,202,228,4,232,434
02/17/2007,LAL,FL,ASO,ES,Federal Contract Tower,0,1,31,0,32,0,0,232,0,232,0,1,263,0,264,154,0,154,418
02/18/2007,LAL,FL,ASO,ES,Federal Contract Tower,0,5,31,0,36,0,0,81,0,81,0,5,112,0,117,52,0,52,169
02/19/2007,LAL,FL,ASO,ES,Federal Contract Tower,0,3,38,2,43,0,0,166,0,166,0,3,204,2,209,259,10,269,478
02/20/2007,LAL,FL,ASO,ES,Federal Contract Tower,0,4,31,2,37,0,0,153,1,154,0,4,184,3,191,248,1,249,440
02/21/2007,LAL,FL,ASO,ES,Federal Contract Tower,0,2,62,0,64,0,0,178,0,178,0,2,240,0,242,230,0,230,472
02/22/2007,LAL,FL,ASO,ES,Federal Contract Tower,0,2,50,8,60,0,0,216,0,216,0,2,266,8,276,222,4,226,502
02/23/2007,LAL,FL,ASO,ES,Federal Contract Tower,0,2,49,16,67,0,0,156,4,160,0,2,205,20,227,337,21,358,585
02/24/2007,LAL,FL,ASO,ES,Federal Contract Tower,0,0,27,0,27,0,1,198,0,199,0,1,225,0,226,262,0,262,488
02/25/2007,LAL,FL,ASO,ES,Federal Contract Tower,0,3,35,12,50,0,0,79,2,81,0,3,114,14,131,98,10,108,239
02/26/2007,LAL,FL,ASO,ES,Federal Contract Tower,0,1,38,0,39,0,0,80,0,80,0,1,118,0,119,118,0,118,237
02/27/2007,LAL,FL,ASO,ES,Federal Contract Tower,0,2,50,2,54,0,0,48,0,48,0,2,98,2,102,173,12,185,287
02/28/2007,LAL,FL,ASO,ES,Federal Contract Tower,0,2,34,2,38,0,0,157,0,157,0,2,191,2,195,148,24,172,367
03/01/2007,LAL,FL,ASO,ES,Federal Contract Tower,0,3,63,2,68,0,0,89,0,89,0,3,152,2,157,132,4,136,293
03/02/2007,LAL,FL,ASO,ES,Federal Contract Tower,0,8,52,10,70,0,1,35,0,36,0,9,87,10,106,38,0,38,144
03/03/2007,LAL,FL,ASO,ES,Federal Contract Tower,0,2,59,2,63,0,0,46,0,46,0,2,105,2,109,74,0,74,183
03/04/2007,LAL,FL,ASO,ES,Federal Contract Tower,0,3,37,14,54,0,0,198,0,198,0,3,235,14,252,115,19,134,386
03/05/2007,LAL,FL,ASO,ES,Federal Contract Tower,0,2,34,0,36,0,0,161,0,161,0,2,195,0,197,183,0,183,380
03/06/2007,LAL,FL,ASO,ES,Federal Contract Tower,0,0,52,3,55,0,0,153,0,153,0,0,205,3,208,240,4,244,452
03/07/2007,LAL,FL,ASO,ES,Federal Contract Tower,0,2,57,2,61,0,0,172,0,172,0,2,229,2,233,224,0,224,457
03/08/2007,LAL,FL,ASO,ES,Federal Contract Tower,0,0,42,5,47,0,0,148,2,150,0,0,190,7,197,271,10,281,478
03/09/2007,LAL,FL,ASO,ES,Federal Contract Tower,0,0,66,7,73,0,1,207,0,208,0,1,273,7,281,225,8,233,514
03/10/2007,LAL,FL,ASO,ES,Federal Contract Tower,0,2,27,0,29,0,0,179,0,179,0,2,206,0,208,181,0,181,389
03/11/2007,LAL,FL,ASO,ES,Federal Contract Tower,0,0,37,4,41,0,0,172,0,172,0,0,209,4,213,192,4,196,409
03/12/2007,LAL,FL,ASO,ES,Federal Contract Tower,0,2,36,2,40,0,0,134,0,134,0,2,170,2,174,256,8,264,438
03/13/2007,LAL,FL,ASO,ES,Federal Contract Tower,0,0,51,0,51,0,0,122,0,122,0,0,173,0,173,250,0,250,423
03/14/2007,LAL,FL,ASO,ES,Federal Contract Tower,0,1,48,0,49,0,0,163,0,163,0,1,211,0,212,244,0,244,456
03/15/2007,LAL,FL,ASO,ES,Federal Contract Tower,0,2,34,2,38,0,0,132,1,133,0,2,166,3,171,189,4,193,364
03/16/2007,LAL,FL,ASO,ES,Federal Contract Tower,0,1,30,14,45,0,0,34,5,39,0,1,64,19,84,64,7,71,155
03/17/2007,LAL,FL,ASO,ES,Federal Contract Tower,0,2,23,0,25,0,0,181,0,181,0,2,204,0,206,201,0,201,407
03/18/2007,LAL,FL,ASO,ES,Federal Contract Tower,0,2,38,4,44,0,0,187,4,191,0,2,225,8,235,167,13,180,415
03/19/2007,LAL,FL,ASO,ES,Federal Contract Tower,0,4,31,4,39,0,0,152,0,152,0,4,183,4,191,158,0,158,349
03/20/2007,LAL,FL,ASO,ES,Federal Contract Tower,0,1,49,1,51,0,0,138,1,139,0,1,187,2,190,223,5,228,418
03/21/2007,LAL,FL,ASO,ES,Federal Contract Tower,0,2,31,4,37,0,0,184,0,184,0,2,215,4,221,178,12,190,411
03/22/2007,LAL,FL,ASO,ES,Federal Contract Tower,0,0,51,0,51,0,0,126,0,126,0,0,177,0,177,195,0,195,372
03/23/2007,LAL,FL,ASO,ES,Federal Contract Tower,0,0,61,9,70,0,0,156,10,166,0,0,217,19,236,260,0,260,496
03/24/2007,LAL,FL,ASO,ES,Federal Contract Tower,0,1,32,0,33,0,0,171,0,171,0,1,203,0,204,221,0,221,425
03/25/2007,LAL,FL,ASO,ES,Federal Contract Tower,0,1,28,5,34,0,0,201,5,206,0,1,229,10,240,230,10,240,480
03/26/2007,LAL,FL,ASO,ES,Federal Contract Tower,0,2,28,2,32,0,0,147,0,147,0,2,175,2,179,158,4,162,341
03/27/2007,LAL,FL,ASO,ES,Federal Contract Tower,0,2,36,0,38,0,0,148,4,152,0,2,184,4,190,201,3,204,394
03/28/2007,LAL,FL,ASO,ES,Federal Contract Tower,0,4,38,0,42,0,0,170,0,170,0,4,208,0,212,161,0,161,373
03/29/2007,LAL,FL,ASO,ES,Federal Contract Tower,0,5,28,0,33,0,0,166,0,166,0,5,194,0,199,225,0,225,424
03/30/2007,LAL,FL,ASO,ES,Federal Contract Tower,0,2,35,8,45,0,4,107,7,118,0,6,142,15,163,201,13,214,377
03/31/2007,LAL,FL,ASO,ES,Federal Contract Tower,0,5,24,0,29,0,0,198,0,198,0,5,222,0,227,197,0,197,424
04/01/2007,LAL,FL,ASO,ES,Federal Contract Tower,0,1,20,7,28,0,0,163,13,176,0,1,183,20,204,190,18,208,412
04/02/2007,LAL,FL,ASO,ES,Federal Contract Tower,0,4,22,0,26,0,0,165,3,168,0,4,187,3,194,217,5,222,416
04/03/2007,LAL,FL,ASO,ES,Federal Contract Tower,0,4,18,0,22,0,0,126,0,126,0,4,144,0,148,263,0,263,411
04/04/2007,LAL,FL,ASO,ES,Federal Contract Tower,0,2,21,0,23,0,0,137,6,143,0,2,158,6,166,264,0,264,430
04/05/2007,LAL,FL,ASO,ES,Federal Contract Tower,0,2,51,1,54,0,1,115,0,116,0,3,166,1,170,209,12,221,391
04/06/2007,LAL,FL,ASO,ES,Federal Contract Tower,0,4,31,2,37,0,0,126,2,128,0,4,157,4,165,247,0,247,412
04/07/2007,LAL,FL,ASO,ES,Federal Contract Tower,0,0,47,0,47,0,0,134,0,134,0,0,181,0,181,189,0,189,370
04/08/2007,LAL,FL,ASO,ES,Federal Contract Tower,0,2,8,0,10,0,0,172,0,172,0,2,180,0,182,128,0,128,310
04/09/2007,LAL,FL,ASO,ES,Federal Contract Tower,0,1,49,0,50,0,0,41,0,41,0,1,90,0,91,107,0,107,198
04/10/2007,LAL,FL,ASO,ES,Federal Contract Tower,0,6,50,0,56,0,0,18,0,18,0,6,68,0,74,60,0,60,134
04/11/2007,LAL,FL,ASO,ES,Federal Contract Tower,0,0,40,0,40,0,0,122,2,124,0,0,162,2,164,208,5,213,377
04/12/2007,LAL,FL,ASO,ES,Federal Contract Tower,0,0,62,4,66,0,0,129,1,130,0,0,191,5,196,186,10,196,392
04/13/2007,LAL,FL,ASO,ES,Federal Contract Tower,0,0,35,4,39,0,0,246,4,250,0,0,281,8,289,121,11,132,421
04/14/2007,LAL,FL,ASO,ES,Federal Contract Tower,0,0,24,0,24,0,0,207,0,207,0,0,231,0,231,66,0,66,297
04/15/2007,LAL,FL,ASO,ES,Federal Contract Tower,0,0,0,0,0,0,2,222,2,226,0,2,222,2,226,0,0,0,226
04/16/2007,LAL,FL,ASO,ES,Federal Contract Tower,0,0,0,0,0,0,3,1291,3,1297,0,3,1291,3,1297,0,0,0,1297
04/17/2007,LAL,FL,ASO,ES,Federal Contract Tower,0,0,0,0,0,0,1,2187,8,2196,0,1,2187,8,2196,463,0,463,2659
04/18/2007,LAL,FL,ASO,ES,Federal Contract Tower,0,0,0,0,0,0,2,2023,5,2030,0,2,2023,5,2030,733,0,733,2763
04/19/2007,LAL,FL,ASO,ES,Federal Contract Tower,0,0,0,0,0,0,1,2734,4,2739,0,1,2734,4,2739,697,0,697,3436
04/20/2007,LAL,FL,ASO,ES,Federal Contract Tower,0,0,0,0,0,0,1,2570,7,2578,0,1,2570,7,2578,1021,0,1021,3599
04/21/2007,LAL,FL,ASO,ES,Federal Contract Tower,0,0,0,0,0,0,1,1650,2,1653,0,1,1650,2,1653,705,0,705,2358
04/22/2007,LAL,FL,ASO,ES,Federal Contract Tower,0,0,0,0,0,0,2,1784,4,1790,0,2,1784,4,1790,572,0,572,2362
04/23/2007,LAL,FL,ASO,ES,Federal Contract Tower,0,0,0,0,0,0,2,445,11,458,0,2,445,11,458,51,4,55,513
04/24/2007,LAL,FL,ASO,ES,Federal Contract Tower,0,0,33,0,33,0,0,196,2,198,0,0,229,2,231,111,5,116,347
04/25/2007,LAL,FL,ASO,ES,Federal Contract Tower,0,8,36,0,44,0,5,168,2,175,0,13,204,2,219,154,16,170,389
04/26/2007,LAL,FL,ASO,ES,Federal Contract Tower,0,3,34,0,37,0,0,148,2,150,0,3,182,2,187,176,48,224,411
04/27/2007,LAL,FL,ASO,ES,Federal Contract Tower,0,13,42,9,64,0,0,110,1,111,0,13,152,10,175,176,11,187,362
04/28/2007,LAL,FL,ASO,ES,Federal Contract Tower,0,4,22,0,26,0,0,130,0,130,0,4,152,0,156,271,0,271,427
04/29/2007,LAL,FL,ASO,ES,Federal Contract Tower,0,3,25,8,36,0,0,137,0,137,0,3,162,8,173,255,10,265,438
04/30/2007,LAL,FL,ASO,ES,Federal Contract Tower,0,3,33,2,38,0,0,156,0,156,0,3,189,2,194,174,0,174,368
05/01/2007,LAL,FL,ASO,ES,Federal Contract Tower,0,2,28,0,30,0,0,111,0,111,0,2,139,0,141,170,0,170,311
05/02/2007,LAL,FL,ASO,ES,Federal Contract Tower,0,2,49,4,55,0,0,160,1,161,0,2,209,5,216,162,13,175,391
05/03/2007,LAL,FL,ASO,ES,Federal Contract Tower,0,1,35,0,36,0,0,140,0,140,0,1,175,0,176,164,0,164,340
05/04/2007,LAL,FL,ASO,ES,Federal Contract Tower,0,9,54,2,65,0,0,138,7,145,0,9,192,9,210,171,4,175,385
05/05/2007,LAL,FL,ASO,ES,Federal Contract Tower,0,0,33,2,35,0,0,180,1,181,0,0,213,3,216,151,4,155,371
05/06/2007,LAL,FL,ASO,ES,Federal Contract Tower,0,2,17,0,19,0,0,126,7,133,0,2,143,7,152,160,8,168,320
05/07/2007,LAL,FL,ASO,ES,Federal Contract Tower,0,0,25,2,27,0,0,130,1,131,0,0,155,3,158,192,0,192,350
05/08/2007,LAL,FL,ASO,ES,Federal Contract Tower,0,0,44,3,47,0,0,74,0,74,0,0,118,3,121,211,21,232,353
05/09/2007,LAL,FL,ASO,ES,Federal Contract Tower,0,0,47,0,47,0,0,114,0,114,0,0,161,0,161,215,0,215,376
05/10/2007,LAL,FL,ASO,ES,Federal Contract Tower,0,2,39,0,41,0,0,133,0,133,0,2,172,0,174,261,0,261,435
05/11/2007,LAL,FL,ASO,ES,Federal Contract Tower,0,0,39,0,39,0,0,117,0,117,0,0,156,0,156,245,0,245,401
05/12/2007,LAL,FL,ASO,ES,Federal Contract Tower,0,3,28,0,31,0,0,87,0,87,0,3,115,0,118,215,0,215,333
05/13/2007,LAL,FL,ASO,ES,Federal Contract Tower,0,3,15,0,18,0,0,42,0,42,0,3,57,0,60,112,0,112,172
05/14/2007,LAL,FL,ASO,ES,Federal Contract Tower,0,0,37,6,43,0,0,84,4,88,0,0,121,10,131,235,14,249,380
05/15/2007,LAL,FL,ASO,ES,Federal Contract Tower,0,1,43,6,50,0,2,156,2,160,0,3,199,8,210,227,14,241,451
05/16/2007,LAL,FL,ASO,ES,Federal Contract Tower,0,2,29,0,31,0,1,128,4,133,0,3,157,4,164,235,0,235,399
05/17/2007,LAL,FL,ASO,ES,Federal Contract Tower,0,3,24,0,27,0,0,123,0,123,0,3,147,0,150,162,0,162,312
05/18/2007,LAL,FL,ASO,ES,Federal Contract Tower,0,5,37,5,47,0,0,124,3,127,0,5,161,8,174,168,8,176,350
05/19/2007,LAL,FL,ASO,ES,Federal Contract Tower,0,2,10,0,12,0,0,159,0,159,0,2,169,0,171,199,0,199,370
05/20/2007,LAL,FL,ASO,ES,Federal Contract Tower,0,5,25,4,34,0,0,197,5,202,0,5,222,9,236,271,10,281,517
05/21/2007,LAL,FL,ASO,ES,Federal Contract Tower,0,2,27,0,29,0,0,137,2,139,0,2,164,2,168,241,20,261,429
05/22/2007,LAL,FL,ASO,ES,Federal Contract Tower,0,5,38,0,43,0,1,152,0,153,0,6,190,0,196,180,0,180,376
05/23/2007,LAL,FL,ASO,ES,Federal Contract Tower,0,3,33,2,38,0,0,106,0,106,0,3,139,2,144,133,0,133,277
05/24/2007,LAL,FL,ASO,ES,Federal Contract Tower,0,6,49,0,55,0,0,111,0,111,0,6,160,0,166,199,0,199,365
05/25/2007,LAL,FL,ASO,ES,Federal Contract Tower,0,1,29,1,31,0,0,149,1,150,0,1,178,2,181,227,0,227,408
05/26/2007,LAL,FL,ASO,ES,Federal Contract Tower,0,0,14,0,14,0,0,147,0,147,0,0,161,0,161,175,0,175,336
05/27/2007,LAL,FL,ASO,ES,Federal Contract Tower,0,0,13,0,13,0,0,167,0,167,0,0,180,0,180,155,0,155,335
05/28/2007,LAL,FL,ASO,ES,Federal Contract Tower,0,0,13,0,13,0,0,182,0,182,0,0,195,0,195,214,0,214,409
05/29/2007,LAL,FL,ASO,ES,Federal Contract Tower,0,5,46,0,51,0,0,123,0,123,0,5,169,0,174,172,0,172,346
05/30/2007,LAL,FL,ASO,ES,Federal Contract Tower,0,5,27,2,34,0,0,142,0,142,0,5,169,2,176,149,2,151,327
05/31/2007,LAL,FL,ASO,ES,Federal Contract Tower,0,5,47,2,54,0,0,152,0,152,0,5,199,2,206,233,2,235,441
06/01/2007,LAL,FL,ASO,ES,Federal Contract Tower,0,7,35,1,43,0,0,56,1,57,0,7,91,2,100,118,0,118,218
06/02/2007,LAL,FL,ASO,ES,Federal Contract Tower,0,1,11,0,12,0,0,15,0,15,0,1,26,0,27,5,0,5,32
06/03/2007,LAL,FL,ASO,ES,Federal Contract Tower,0,6,26,0,32,0,2,131,0,133,0,8,157,0,165,172,0,172,337
06/04/2007,LAL,FL,ASO,ES,Federal Contract Tower,0,0,30,0,30,0,0,115,2,117,0,0,145,2,147,169,6,175,322
06/05/2007,LAL,FL,ASO,ES,Federal Contract Tower,0,2,58,2,62,0,0,115,0,115,0,2,173,2,177,156,4,160,337
06/06/2007,LAL,FL,ASO,ES,Federal Contract Tower,0,3,36,0,39,0,0,119,0,119,0,3,155,0,158,180,0,180,338
06/07/2007,LAL,FL,ASO,ES,Federal Contract Tower,0,3,44,0,47,0,0,113,0,113,0,3,157,0,160,174,0,174,334
06/08/2007,LAL,FL,ASO,ES,Federal Contract Tower,0,1,46,0,47,0,0,108,0,108,0,1,154,0,155,102,0,102,257
06/09/2007,LAL,FL,ASO,ES,Federal Contract Tower,0,1,22,0,23,0,0,125,0,125,0,1,147,0,148,256,0,256,404
06/10/2007,LAL,FL,ASO,ES,Federal Contract Tower,0,6,34,0,40,0,0,87,0,87,0,6,121,0,127,145,0,145,272
06/11/2007,LAL,FL,ASO,ES,Federal Contract Tower,0,0,36,0,36,0,0,73,4,77,0,0,109,4,113,145,2,147,260
06/12/2007,LAL,FL,ASO,ES,Federal Contract Tower,0,1,46,0,47,0,0,72,0,72,0,1,118,0,119,147,0,147,266
06/13/2007,LAL,FL,ASO,ES,Federal Contract Tower,0,5,47,2,54,0,0,40,0,40,0,5,87,2,94,70,2,72,166
06/14/2007,LAL,FL,ASO,ES,Federal Contract Tower,0,4,56,0,60,0,0,126,0,126,0,4,182,0,186,300,0,300,486
06/15/2007,LAL,FL,ASO,ES,Federal Contract Tower,0,5,22,3,30,0,0,125,3,128,0,5,147,6,158,254,2,256,414
06/16/2007,LAL,FL,ASO,ES,Federal Contract Tower,0,4,18,1,23,0,0,205,4,209,0,4,223,5,232,261,0,261,493
06/17/2007,LAL,FL,ASO,ES,Federal Contract Tower,0,3,16,2,21,0,0,110,0,110,0,3,126,2,131,273,0,273,404
06/18/2007,LAL,FL,ASO,ES,Federal Contract Tower,0,0,31,0,31,0,0,68,0,68,0,0,99,0,99,199,0,199,298
06/19/2007,LAL,FL,ASO,ES,Federal Contract Tower,0,4,34,0,38,0,1,69,0,70,0,5,103,0,108,159,0,159,267
06/20/2007,LAL,FL,ASO,ES,Federal Contract Tower,0,0,47,0,47,0,0,154,0,154,0,0,201,0,201,225,0,225,426
06/21/2007,LAL,FL,ASO,ES,Federal Contract Tower,0,6,40,0,46,0,0,108,2,110,0,6,148,2,156,212,17,229,385
06/22/2007,LAL,FL,ASO,ES,Federal Contract Tower,0,1,49,2,52,0,0,81,2,83,0,1,130,4,135,174,6,180,315
06/23/2007,LAL,FL,ASO,ES,Federal Contract Tower,0,2,26,1,29,0,0,141,3,144,0,2,167,4,173,209,0,209,382
06/24/2007,LAL,FL,ASO,ES,Federal Contract Tower,0,3,31,2,36,0,0,88,0,88,0,3,119,2,124,188,0,188,312
06/25/2007,LAL,FL,ASO,ES,Federal Contract Tower,0,0,21,2,23,0,0,156,0,156,0,0,177,2,179,164,0,164,343
06/26/2007,LAL,FL,ASO,ES,Federal Contract Tower,0,0,37,2,39,0,0,129,2,131,0,0,166,4,170,240,12,252,422
06/27/2007,LAL,FL,ASO,ES,Federal Contract Tower,0,2,43,2,47,0,0,112,0,112,0,2,155,2,159,261,0,261,420
06/28/2007,LAL,FL,ASO,ES,Federal Contract Tower,0,7,25,0,32,0,0,101,0,101,0,7,126,0,133,162,0,162,295
06/29/2007,LAL,FL,ASO,ES,Federal Contract Tower,0,0,40,0,40,0,0,104,0,104,0,0,144,0,144,208,0,208,352
06/30/2007,LAL,FL,ASO,ES,Federal Contract Tower,0,8,30,0,38,0,0,86,0,86,0,8,116,0,124,162,0,162,286
07/01/2007,LAL,FL,ASO,ES,Federal Contract Tower,0,6,4,0,10,0,0,116,0,116,0,6,120,0,126,77,0,77,203
07/02/2007,LAL,FL,ASO,ES,Federal Contract Tower,0,4,15,0,19,0,0,59,0,59,0,4,74,0,78,105,0,105,183
07/03/2007,LAL,FL,ASO,ES,Federal Contract Tower,0,2,37,1,40,0,0,91,0,91,0,2,128,1,131,148,0,148,279
07/04/2007,LAL,FL,ASO,ES,Federal Contract Tower,0,0,20,0,20,0,0,35,0,35,0,0,55,0,55,84,0,84,139
07/05/2007,LAL,FL,ASO,ES,Federal Contract Tower,0,2,49,0,51,0,1,36,0,37,0,3,85,0,88,123,0,123,211
07/06/2007,LAL,FL,ASO,ES,Federal Contract Tower,0,2,31,2,35,0,0,71,0,71,0,2,102,2,106,136,0,136,242
07/07/2007,LAL,FL,ASO,ES,Federal Contract Tower,0,0,17,1,18,0,0,201,0,201,0,0,218,1,219,179,0,179,398
07/08/2007,LAL,FL,ASO,ES,Federal Contract Tower,0,2,22,1,25,0,0,119,0,119,0,2,141,1,144,142,0,142,286
07/09/2007,LAL,FL,ASO,ES,Federal Contract Tower,0,6,36,2,44,0,0,85,0,85,0,6,121,2,129,133,12,145,274
07/10/2007,LAL,FL,ASO,ES,Federal Contract Tower,0,4,44,0,48,0,0,95,3,98,0,4,139,3,146,180,0,180,326
07/11/2007,LAL,FL,ASO,ES,Federal Contract Tower,0,2,32,0,34,0,0,124,0,124,0,2,156,0,158,232,0,232,390
07/12/2007,LAL,FL,ASO,ES,Federal Contract Tower,0,2,34,3,39,0,0,109,0,109,0,2,143,3,148,171,6,177,325
07/13/2007,LAL,FL,ASO,ES,Federal Contract Tower,0,3,37,0,40,0,0,138,4,142,0,3,175,4,182,172,0,172,354
07/14/2007,LAL,FL,ASO,ES,Federal Contract Tower,0,4,20,0,24,0,1,140,0,141,0,5,160,0,165,182,0,182,347
07/15/2007,LAL,FL,ASO,ES,Federal Contract Tower,0,5,21,2,28,0,0,130,0,130,0,5,151,2,158,187,0,187,345
07/16/2007,LAL,FL,ASO,ES,Federal Contract Tower,0,6,17,2,25,0,0,90,0,90,0,6,107,2,115,188,4,192,307
07/17/2007,LAL,FL,ASO,ES,Federal Contract Tower,0,0,36,0,36,0,0,94,1,95,0,0,130,1,131,171,0,171,302
07/18/2007,LAL,FL,ASO,ES,Federal Contract Tower,0,0,31,0,31,0,0,85,3,88,0,0,116,3,119,186,0,186,305
07/19/2007,LAL,FL,ASO,ES,Federal Contract Tower,0,2,33,0,35,0,0,129,0,129,0,2,162,0,164,191,0,191,355
07/20/2007,LAL,FL,ASO,ES,Federal Contract Tower,0,0,26,0,26,0,0,114,2,116,0,0,140,2,142,170,2,172,314
07/21/2007,LAL,FL,ASO,ES,Federal Contract Tower,0,2,19,0,21,0,0,120,0,120,0,2,139,0,141,160,0,160,301
07/22/2007,LAL,FL,ASO,ES,Federal Contract Tower,0,5,19,0,24,0,0,106,0,106,0,5,125,0,130,211,0,211,341
07/23/2007,LAL,FL,ASO,ES,Federal Contract Tower,0,0,24,2,26,0,0,87,0,87,0,0,111,2,113,192,2,194,307
07/24/2007,LAL,FL,ASO,ES,Federal Contract Tower,0,3,29,0,32,0,0,119,0,119,0,3,148,0,151,158,0,158,309
07/25/2007,LAL,FL,ASO,ES,Federal Contract Tower,0,0,34,0,34,0,0,98,0,98,0,0,132,0,132,102,0,102,234
07/26/2007,LAL,FL,ASO,ES,Federal Contract Tower,0,3,31,0,34,0,0,111,2,113,0,3,142,2,147,279,0,279,426
07/27/2007,LAL,FL,ASO,ES,Federal Contract Tower,0,7,26,6,39,0,0,84,1,85,0,7,110,7,124,224,4,228,352
07/28/2007,LAL,FL,ASO,ES,Federal Contract Tower,0,2,8,0,10,0,0,144,2,146,0,2,152,2,156,221,0,221,377
07/29/2007,LAL,FL,ASO,ES,Federal Contract Tower,0,0,25,2,27,0,0,75,0,75,0,0,100,2,102,188,7,195,297
07/30/2007,LAL,FL,ASO,ES,Federal Contract Tower,0,5,23,2,30,0,0,80,0,80,0,5,103,2,110,151,0,151,261
07/31/2007,LAL,FL,ASO,ES,Federal Contract Tower,0,2,36,3,41,0,0,42,0,42,0,2,78,3,83,80,0,80,163
08/01/2007,LAL,FL,ASO,ES,Federal Contract Tower,0,7,26,4,37,0,0,72,1,73,0,7,98,5,110,118,0,118,228
08/02/2007,LAL,FL,ASO,ES,Federal Contract Tower,0,3,39,0,42,0,0,42,0,42,0,3,81,0,84,131,0,131,215
08/03/2007,LAL,FL,ASO,ES,Federal Contract Tower,0,5,33,0,38,0,1,152,0,153,0,6,185,0,191,261,0,261,452
08/04/2007,LAL,FL,ASO,ES,Federal Contract Tower,0,0,12,0,12,0,0,132,0,132,0,0,144,0,144,222,0,222,366
08/05/2007,LAL,FL,ASO,ES,Federal Contract Tower,0,0,18,0,18,0,0,112,0,112,0,0,130,0,130,223,0,223,353
08/06/2007,LAL,FL,ASO,ES,Federal Contract Tower,0,14,52,0,66,0,0,96,0,96,0,14,148,0,162,238,0,238,400
08/07/2007,LAL,FL,ASO,ES,Federal Contract Tower,0,0,32,4,36,0,0,113,0,113,0,0,145,4,149,214,2,216,365
08/08/2007,LAL,FL,ASO,ES,Federal Contract Tower,0,2,57,0,59,0,0,99,0,99,0,2,156,0,158,307,0,307,465
08/09/2007,LAL,FL,ASO,ES,Federal Contract Tower,0,8,29,1,38,0,1,99,1,101,0,9,128,2,139,279,2,281,420
08/10/2007,LAL,FL,ASO,ES,Federal Contract Tower,0,5,19,6,30,0,3,148,0,151,0,8,167,6,181,213,6,219,400
08/11/2007,LAL,FL,ASO,ES,Federal Contract Tower,0,1,25,0,26,0,0,99,0,99,0,1,124,0,125,150,0,150,275
08/12/2007,LAL,FL,ASO,ES,Federal Contract Tower,0,1,11,0,12,0,0,116,4,120,0,1,127,4,132,209,0,209,341
08/13/2007,LAL,FL,ASO,ES,Federal Contract Tower,0,2,57,0,59,0,0,105,0,105,0,2,162,0,164,152,0,152,316
08/14/2007,LAL,FL,ASO,ES,Federal Contract Tower,0,1,27,0,28,0,0,82,4,86,0,1,109,4,114,105,0,105,219
08/15/2007,LAL,FL,ASO,ES,Federal Contract Tower,0,5,40,0,45,0,0,143,4,147,0,5,183,4,192,231,6,237,429
08/16/2007,LAL,FL,ASO,ES,Federal Contract Tower,0,5,39,10,54,0,0,127,0,127,0,5,166,10,181,270,14,284,465
08/17/2007,LAL,FL,ASO,ES,Federal Contract Tower,0,2,52,0,54,0,0,137,0,137,0,2,189,0,191,298,0,298,489
08/18/2007,LAL,FL,ASO,ES,Federal Contract Tower,0,2,25,0,27,0,0,156,0,156,0,2,181,0,183,192,0,192,375
08/19/2007,LAL,FL,ASO,ES,Federal Contract Tower,0,9,21,2,32,0,0,134,2,136,0,9,155,4,168,230,4,234,402
08/20/2007,LAL,FL,ASO,ES,Federal Contract Tower,0,2,47,1,50,0,0,94,0,94,0,2,141,1,144,175,0,175,319
08/21/2007,LAL,FL,ASO,ES,Federal Contract Tower,0,2,34,4,40,0,0,95,0,95,0,2,129,4,135,220,2,222,357
08/22/2007,LAL,FL,ASO,ES,Federal Contract Tower,0,0,18,0,18,0,0,146,2,148,0,0,164,2,166,210,11,221,387
08/23/2007,LAL,FL,ASO,ES,Federal Contract Tower,0,2,42,0,44,0,4,127,6,137,0,6,169,6,181,212,0,212,393
08/24/2007,LAL,FL,ASO,ES,Federal Contract Tower,0,8,33,2,43,0,0,107,0,107,0,8,140,2,150,141,4,145,295
08/25/2007,LAL,FL,ASO,ES,Federal Contract Tower,0,1,44,0,45,0,0,79,0,79,0,1,123,0,124,175,0,175,299
08/26/2007,LAL,FL,ASO,ES,Federal Contract Tower,0,0,16,0,16,0,0,100,0,100,0,0,116,0,116,153,0,153,269
08/27/2007,LAL,FL,ASO,ES,Federal Contract Tower,0,9,24,0,33,0,0,110,2,112,0,9,134,2,145,152,0,152,297
08/28/2007,LAL,FL,ASO,ES,Federal Contract Tower,0,12,33,2,47,0,0,113,0,113,0,12,146,2,160,114,4,118,278
08/29/2007,LAL,FL,ASO,ES,Federal Contract Tower,0,6,46,2,54,0,0,100,0,100,0,6,146,2,154,172,2,174,328
08/30/2007,LAL,FL,ASO,ES,Federal Contract Tower,0,8,40,0,48,0,0,108,0,108,0,8,148,0,156,229,0,229,385
08/31/2007,LAL,FL,ASO,ES,Federal Contract Tower,0,0,18,2,20,0,0,115,0,115,0,0,133,2,135,151,0,151,286
09/01/2007,LAL,FL,ASO,ES,Federal Contract Tower,0,1,12,2,15,0,0,92,0,92,0,1,104,2,107,201,2,203,310
09/02/2007,LAL,FL,ASO,ES,Federal Contract Tower,0,0,9,0,9,0,0,84,0,84,0,0,93,0,93,149,0,149,242
09/03/2007,LAL,FL,ASO,ES,Federal Contract Tower,0,0,10,0,10,0,0,164,0,164,0,0,174,0,174,246,0,246,420
09/04/2007,LAL,FL,ASO,ES,Federal Contract Tower,0,2,28,0,30,0,0,98,0,98,0,2,126,0,128,281,0,281,409
09/05/2007,LAL,FL,ASO,ES,Federal Contract Tower,0,0,35,8,43,0,0,95,7,102,0,0,130,15,145,164,12,176,321
09/06/2007,LAL,FL,ASO,ES,Federal Contract Tower,0,2,33,4,39,0,0,144,3,147,0,2,177,7,186,184,0,184,370
09/07/2007,LAL,FL,ASO,ES,Federal Contract Tower,0,12,25,16,53,0,0,83,16,99,0,12,108,32,152,208,20,228,380
09/08/2007,LAL,FL,ASO,ES,Federal Contract Tower,0,2,24,0,26,0,0,169,0,169,0,2,193,0,195,220,0,220,415
09/09/2007,LAL,FL,ASO,ES,Federal Contract Tower,0,0,31,0,31,0,0,97,2,99,0,0,128,2,130,254,0,254,384
09/10/2007,LAL,FL,ASO,ES,Federal Contract Tower,0,6,22,0,28,0,0,81,0,81,0,6,103,0,109,166,0,166,275
09/11/2007,LAL,FL,ASO,ES,Federal Contract Tower,0,4,39,2,45,0,2,94,0,96,0,6,133,2,141,227,0,227,368
09/12/2007,LAL,FL,ASO,ES,Federal Contract Tower,0,11,44,0,55,0,0,97,1,98,0,11,141,1,153,240,0,240,393
09/13/2007,LAL,FL,ASO,ES,Federal Contract Tower,0,7,33,0,40,0,3,100,2,105,0,10,133,2,145,182,0,182,327
09/14/2007,LAL,FL,ASO,ES,Federal Contract Tower,0,5,33,1,39,0,1,118,3,122,0,6,151,4,161,196,4,200,361
09/15/2007,LAL,FL,ASO,ES,Federal Contract Tower,0,2,21,0,23,0,0,146,0,146,0,2,167,0,169,164,0,164,333
09/16/2007,LAL,FL,ASO,ES,Federal Contract Tower,0,6,32,0,38,0,0,130,0,130,0,6,162,0,168,143,0,143,311
09/17/2007,LAL,FL,ASO,ES,Federal Contract Tower,0,5,51,0,56,0,0,56,0,56,0,5,107,0,112,175,0,175,287
09/18/2007,LAL,FL,ASO,ES,Federal Contract Tower,0,8,48,4,60,0,0,72,0,72,0,8,120,4,132,235,4,239,371
09/19/2007,LAL,FL,ASO,ES,Federal Contract Tower,0,11,35,0,46,0,0,31,0,31,0,11,66,0,77,127,0,127,204
09/20/2007,LAL,FL,ASO,ES,Federal Contract Tower,0,7,54,2,63,0,0,16,0,16,0,7,70,2,79,125,0,125,204
09/21/2007,LAL,FL,ASO,ES,Federal Contract Tower,0,4,37,0,41,0,1,88,2,91,0,5,125,2,132,170,0,170,302
09/22/2007,LAL,FL,ASO,ES,Federal Contract Tower,0,0,20,0,20,0,0,122,0,122,0,0,142,0,142,216,0,216,358
09/23/2007,LAL,FL,ASO,ES,Federal Contract Tower,0,3,34,0,37,0,0,72,0,72,0,3,106,0,109,71,0,71,180
09/24/2007,LAL,FL,ASO,ES,Federal Contract Tower,0,0,42,0,42,0,0,89,0,89,0,0,131,0,131,153,0,153,284
09/25/2007,LAL,FL,ASO,ES,Federal Contract Tower,0,8,41,0,49,0,0,91,0,91,0,8,132,0,140,162,0,162,302
09/26/2007,LAL,FL,ASO,ES,Federal Contract Tower,0,7,23,0,30,0,2,90,0,92,0,9,113,0,122,175,0,175,297
09/27/2007,LAL,FL,ASO,ES,Federal Contract Tower,0,0,51,0,51,0,0,104,0,104,0,0,155,0,155,205,0,205,360
09/28/2007,LAL,FL,ASO,ES,Federal Contract Tower,0,6,40,3,49,0,1,129,3,133,0,7,169,6,182,234,0,234,416
09/29/2007,LAL,FL,ASO,ES,Federal Contract Tower,0,2,25,2,29,0,2,103,1,106,0,4,128,3,135,138,0,138,273
09/30/2007,LAL,FL,ASO,ES,Federal Contract Tower,0,0,16,2,18,0,0,72,2,74,0,0,88,4,92,157,0,157,249
10/01/2007,LAL,FL,ASO,ES,Federal Contract Tower,0,8,25,4,37,0,0,57,0,57,0,8,82,4,94,198,16,214,308
10/02/2007,LAL,FL,ASO,ES,Federal Contract Tower,0,2,36,5,43,0,0,28,3,31,0,2,64,8,74,114,4,118,192
10/03/2007,LAL,FL,ASO,ES,Federal Contract Tower,0,17,29,4,50,0,0,117,4,121,0,17,146,8,171,299,6,305,476
10/04/2007,LAL,FL,ASO,ES,Federal Contract Tower,2,11,36,2,51,30,1,103,0,134,32,12,139,2,185,275,6,281,466
10/05/2007,LAL,FL,ASO,ES,Federal Contract Tower,0,3,36,0,39,0,0,53,0,53,0,3,89,0,92,203,0,203,295
10/06/2007,LAL,FL,ASO,ES,Federal Contract Tower,0,3,27,2,32,0,1,56,0,57,0,4,83,2,89,151,0,151,240
10/07/2007,LAL,FL,ASO,ES,Federal Contract Tower,0,2,32,0,34,0,0,64,0,64,0,2,96,0,98,110,0,110,208
10/08/2007,LAL,FL,ASO,ES,Federal Contract Tower,0,4,34,0,38,0,1,140,0,141,0,5,174,0,179,288,0,288,467
10/09/2007,LAL,FL,ASO,ES,Federal Contract Tower,0,0,41,0,41,0,0,125,0,125,0,0,166,0,166,224,0,224,390
10/10/2007,LAL,FL,ASO,ES,Federal Contract Tower,0,2,53,4,59,0,0,133,0,133,0,2,186,4,192,290,8,298,490
10/11/2007,LAL,FL,ASO,ES,Federal Contract Tower,0,4,44,0,48,0,0,172,0,172,0,4,216,0,220,266,0,266,486
10/12/2007,LAL,FL,ASO,ES,Federal Contract Tower,0,2,41,0,43,0,0,175,6,181,0,2,216,6,224,171,0,171,395
10/13/2007,LAL,FL,ASO,ES,Federal Contract Tower,0,2,34,0,36,0,0,147,0,147,0,2,181,0,183,126,0,126,309
10/14/2007,LAL,FL,ASO,ES,Federal Contract Tower,0,2,24,0,26,0,0,145,0,145,0,2,169,0,171,242,0,242,413
10/15/2007,LAL,FL,ASO,ES,Federal Contract Tower,0,5,24,0,29,0,0,124,2,126,0,5,148,2,155,212,0,212,367
10/16/2007,LAL,FL,ASO,ES,Federal Contract Tower,0,6,35,2,43,0,0,106,0,106,0,6,141,2,149,228,4,232,381
10/17/2007,LAL,FL,ASO,ES,Federal Contract Tower,0,3,44,0,47,0,0,136,2,138,0,3,180,2,185,281,14,295,480
10/18/2007,LAL,FL,ASO,ES,Federal Contract Tower,0,5,32,0,37,0,0,95,0,95,0,5,127,0,132,174,0,174,306
10/19/2007,LAL,FL,ASO,ES,Federal Contract Tower,0,10,25,2,37,0,0,84,0,84,0,10,109,2,121,213,12,225,346
10/20/2007,LAL,FL,ASO,ES,Federal Contract Tower,0,1,21,0,22,0,0,63,0,63,0,1,84,0,85,115,0,115,200
10/21/2007,LAL,FL,ASO,ES,Federal Contract Tower,0,3,34,0,37,0,0,95,0,95,0,3,129,0,132,176,0,176,308
10/22/2007,LAL,FL,ASO,ES,Federal Contract Tower,0,4,30,2,36,0,0,115,0,115,0,4,145,2,151,246,6,252,403
10/23/2007,LAL,FL,ASO,ES,Federal Contract Tower,0,13,33,0,46,0,3,80,0,83,0,16,113,0,129,229,0,229,358
10/24/2007,LAL,FL,ASO,ES,Federal Contract Tower,0,9,43,2,54,0,0,21,2,23,0,9,64,4,77,158,18,176,253
10/25/2007,LAL,FL,ASO,ES,Federal Contract Tower,0,16,47,0,63,0,0,150,0,150,0,16,197,0,213,201,0,201,414
10/26/2007,LAL,FL,ASO,ES,Federal Contract Tower,0,10,48,0,58,0,0,70,4,74,0,10,118,4,132,127,0,127,259
10/27/2007,LAL,FL,ASO,ES,Federal Contract Tower,0,0,29,0,29,0,0,131,0,131,0,0,160,0,160,167,0,167,327
10/28/2007,LAL,FL,ASO,ES,Federal Contract Tower,0,7,58,0,65,0,0,71,0,71,0,7,129,0,136,210,0,210,346
10/29/2007,LAL,FL,ASO,ES,Federal Contract Tower,0,4,52,3,59,0,0,40,1,41,0,4,92,4,100,148,2,150,250
10/30/2007,LAL,FL,ASO,ES,Federal Contract Tower,0,3,50,1,54,0,0,35,3,38,0,3,85,4,92,156,28,184,276
10/31/2007,LAL,FL,ASO,ES,Federal Contract Tower,0,3,44,2,49,0,5,46,0,51,0,8,90,2,100,198,2,200,300
11/01/2007,LAL,FL,ASO,ES,Federal Contract Tower,0,5,81,5,91,0,0,43,1,44,0,5,124,6,135,235,4,239,374
11/02/2007,LAL,FL,ASO,ES,Federal Contract Tower,0,3,51,0,54,0,0,120,1,121,0,3,171,1,175,244,0,244,419
11/03/2007,LAL,FL,ASO,ES,Federal Contract Tower,0,2,40,0,42,0,0,218,0,218,0,2,258,0,260,412,0,412,672
11/04/2007,LAL,FL,ASO,ES,Federal Contract Tower,0,3,26,0,29,0,0,165,0,165,0,3,191,0,194,265,0,265,459
11/05/2007,LAL,FL,ASO,ES,Federal Contract Tower,0,1,26,0,27,0,0,165,2,167,0,1,191,2,194,343,2,345,539
11/06/2007,LAL,FL,ASO,ES,Federal Contract Tower,0,5,44,0,49,0,0,140,0,140,0,5,184,0,189,432,0,432,621
11/07/2007,LAL,FL,ASO,ES,Federal Contract Tower,0,3,64,2,69,0,2,144,0,146,0,5,208,2,215,359,4,363,578
11/08/2007,LAL,FL,ASO,ES,Federal Contract Tower,0,5,51,14,70,0,5,139,0,144,0,10,190,14,214,293,20,313,527
11/09/2007,LAL,FL,ASO,ES,Federal Contract Tower,2,2,54,2,60,0,2,138,0,140,2,4,192,2,200,172,0,172,372
11/10/2007,LAL,FL,ASO,ES,Federal Contract Tower,0,0,34,2,36,0,0,147,0,147,0,0,181,2,183,180,4,184,367
11/11/2007,LAL,FL,ASO,ES,Federal Contract Tower,0,6,42,0,48,0,0,158,0,158,0,6,200,0,206,277,0,277,483
11/12/2007,LAL,FL,ASO,ES,Federal Contract Tower,0,0,44,0,44,0,0,112,0,112,0,0,156,0,156,221,0,221,377
11/13/2007,LAL,FL,ASO,ES,Federal Contract Tower,0,8,50,4,62,0,0,143,0,143,0,8,193,4,205,277,16,293,498
11/14/2007,LAL,FL,ASO,ES,Federal Contract Tower,0,8,54,2,64,0,18,159,0,177,0,26,213,2,241,279,0,279,520
11/15/2007,LAL,FL,ASO,ES,Federal Contract Tower,0,7,48,0,55,0,1,149,2,152,0,8,197,2,207,241,0,241,448
11/16/2007,LAL,FL,ASO,ES,Federal Contract Tower,0,4,39,0,43,0,0,168,1,169,0,4,207,1,212,263,0,263,475
11/17/2007,LAL,FL,ASO,ES,Federal Contract Tower,0,0,20,0,20,0,0,188,2,190,0,0,208,2,210,218,0,218,428
11/18/2007,LAL,FL,ASO,ES,Federal Contract Tower,0,2,11,0,13,0,0,200,0,200,0,2,211,0,213,201,0,201,414
11/19/2007,LAL,FL,ASO,ES,Federal Contract Tower,0,6,15,0,21,0,13,124,0,137,0,19,139,0,158,202,0,202,360
11/20/2007,LAL,FL,ASO,ES,Federal Contract Tower,0,4,40,0,44,0,0,158,0,158,0,4,198,0,202,288,0,288,490
11/21/2007,LAL,FL,ASO,ES,Federal Contract Tower,0,4,51,0,55,0,0,115,0,115,0,4,166,0,170,256,0,256,426
11/22/2007,LAL,FL,ASO,ES,Federal Contract Tower,0,1,5,0,6,0,0,19,2,21,0,1,24,2,27,4,4,8,35
11/23/2007,LAL,FL,ASO,ES,Federal Contract Tower,0,2,54,0,56,0,0,44,0,44,0,2,98,0,100,171,0,171,271
11/24/2007,LAL,FL,ASO,ES,Federal Contract Tower,0,4,31,0,35,0,0,143,0,143,0,4,174,0,178,197,0,197,375
11/25/2007,LAL,FL,ASO,ES,Federal Contract Tower,0,2,44,2,48,0,0,130,0,130,0,2,174,2,178,186,0,186,364
11/26/2007,LAL,FL,ASO,ES,Federal Contract Tower,0,6,31,1,38,0,8,90,1,99,0,14,121,2,137,183,0,183,320
11/27/2007,LAL,FL,ASO,ES,Federal Contract Tower,0,10,39,2,51,0,6,107,0,113,0,16,146,2,164,291,2,293,457
11/28/2007,LAL,FL,ASO,ES,Federal Contract Tower,0,10,59,2,71,0,0,101,0,101,0,10,160,2,172,337,2,339,511
11/29/2007,LAL,FL,ASO,ES,Federal Contract Tower,0,1,49,0,50,0,0,91,1,92,0,1,140,1,142,224,14,238,380
11/30/2007,LAL,FL,ASO,ES,Federal Contract Tower,0,13,38,6,57,0,0,25,0,25,0,13,63,6,82,58,0,58,140
12/01/2007,LAL,FL,ASO,ES,Federal Contract Tower,0,0,39,0,39,0,2,116,0,118,0,2,155,0,157,328,0,328,485
12/02/2007,LAL,FL,ASO,ES,Federal Contract Tower,0,0,28,0,28,0,0,129,0,129,0,0,157,0,157,286,0,286,443
12/03/2007,LAL,FL,ASO,ES,Federal Contract Tower,0,11,21,2,34,0,1,101,1,103,0,12,122,3,137,182,0,182,319
12/04/2007,LAL,FL,ASO,ES,Federal Contract Tower,0,4,36,2,42,0,0,130,0,130,0,4,166,2,172,303,0,303,475
12/05/2007,LAL,FL,ASO,ES,Federal Contract Tower,0,6,38,0,44,0,0,129,2,131,0,6,167,2,175,181,7,188,363
12/06/2007,LAL,FL,ASO,ES,Federal Contract Tower,0,6,47,2,55,0,1,174,0,175,0,7,221,2,230,302,0,302,532
12/07/2007,LAL,FL,ASO,ES,Federal Contract Tower,0,7,41,14,62,0,0,176,20,196,0,7,217,34,258,230,13,243,501
12/08/2007,LAL,FL,ASO,ES,Federal Contract Tower,0,1,42,1,44,0,0,167,0,167,0,1,209,1,211,330,0,330,541
12/09/2007,LAL,FL,ASO,ES,Federal Contract Tower,0,1,34,10,45,0,0,191,22,213,0,1,225,32,258,226,18,244,502
12/10/2007,LAL,FL,ASO,ES,Federal Contract Tower,0,7,46,0,53,0,1,107,0,108,0,8,153,0,161,248,4,252,413
12/11/2007,LAL,FL,ASO,ES,Federal Contract Tower,0,8,42,2,52,0,0,151,0,151,0,8,193,2,203,264,0,264,467
12/12/2007,LAL,FL,ASO,ES,Federal Contract Tower,0,14,54,2,70,0,3,130,0,133,0,17,184,2,203,305,2,307,510
12/13/2007,LAL,FL,ASO,ES,Federal Contract Tower,0,5,47,0,52,0,0,121,0,121,0,5,168,0,173,231,0,231,404
12/14/2007,LAL,FL,ASO,ES,Federal Contract Tower,0,3,51,3,57,0,1,59,8,68,0,4,110,11,125,103,2,105,230
12/15/2007,LAL,FL,ASO,ES,Federal Contract Tower,0,5,27,0,32,0,0,49,0,49,0,5,76,0,81,83,0,83,164
12/16/2007,LAL,FL,ASO,ES,Federal Contract Tower,0,2,34,0,36,0,0,33,0,33,0,2,67,0,69,86,0,86,155
12/17/2007,LAL,FL,ASO,ES,Federal Contract Tower,0,1,30,1,32,0,0,119,4,123,0,1,149,5,155,229,26,255,410
12/18/2007,LAL,FL,ASO,ES,Federal Contract Tower,0,0,42,0,42,0,0,125,2,127,0,0,167,2,169,221,2,223,392
12/19/2007,LAL,FL,ASO,ES,Federal Contract Tower,0,2,44,4,50,0,1,119,2,122,0,3,163,6,172,297,4,301,473
12/20/2007,LAL,FL,ASO,ES,Federal Contract Tower,0,5,38,2,45,0,0,98,0,98,0,5,136,2,143,172,0,172,315
12/21/2007,LAL,FL,ASO,ES,Federal Contract Tower,0,6,31,0,37,0,0,171,0,171,0,6,202,0,208,164,0,164,372
12/22/2007,LAL,FL,ASO,ES,Federal Contract Tower,0,4,86,0,90,0,0,21,0,21,0,4,107,0,111,108,0,108,219
12/23/2007,LAL,FL,ASO,ES,Federal Contract Tower,0,1,15,0,16,0,0,67,0,67,0,1,82,0,83,69,0,69,152
12/24/2007,LAL,FL,ASO,ES,Federal Contract Tower,0,0,18,0,18,0,0,36,0,36,0,0,54,0,54,40,0,40,94
12/25/2007,LAL,FL,ASO,ES,Federal Contract Tower,0,0,0,0,0,0,0,14,0,14,0,0,14,0,14,7,0,7,21
12/26/2007,LAL,FL,ASO,ES,Federal Contract Tower,0,0,33,2,35,0,0,95,0,95,0,0,128,2,130,150,0,150,280
12/27/2007,LAL,FL,ASO,ES,Federal Contract Tower,0,0,35,0,35,0,0,151,0,151,0,0,186,0,186,295,0,295,481
12/28/2007,LAL,FL,ASO,ES,Federal Contract Tower,0,0,27,0,27,0,0,139,0,139,0,0,166,0,166,172,0,172,338
12/29/2007,LAL,FL,ASO,ES,Federal Contract Tower,0,0,28,0,28,0,0,135,0,135,0,0,163,0,163,214,0,214,377
12/30/2007,LAL,FL,ASO,ES,Federal Contract Tower,0,3,37,2,42,0,0,68,0,68,0,3,105,2,110,191,0,191,301
12/31/2007,LAL,FL,ASO,ES,Federal Contract Tower,0,4,37,0,41,0,1,33,0,34,0,5,70,0,75,127,0,127,202
01/01/2008,LAL,FL,ASO,ES,Federal Contract Tower,0,2,18,0,20,0,0,38,0,38,0,2,56,0,58,50,0,50,108
01/02/2008,LAL,FL,ASO,ES,Federal Contract Tower,0,11,21,2,34,0,0,67,0,67,0,11,88,2,101,117,0,117,218
01/03/2008,LAL,FL,ASO,ES,Federal Contract Tower,0,1,35,0,36,0,0,72,0,72,0,1,107,0,108,75,0,75,183
01/04/2008,LAL,FL,ASO,ES,Federal Contract Tower,0,2,44,1,47,0,0,108,0,108,0,2,152,1,155,416,0,416,571
01/05/2008,LAL,FL,ASO,ES,Federal Contract Tower,0,6,28,0,34,0,0,169,0,169,0,6,197,0,203,329,0,329,532
01/06/2008,LAL,FL,ASO,ES,Federal Contract Tower,0,7,28,0,35,0,2,174,1,177,0,9,202,1,212,271,0,271,483
01/07/2008,LAL,FL,ASO,ES,Federal Contract Tower,0,13,41,0,54,0,3,141,6,150,0,16,182,6,204,243,23,266,470
01/08/2008,LAL,FL,ASO,ES,Federal Contract Tower,0,4,36,5,45,0,0,131,2,133,0,4,167,7,178,358,28,386,564
01/09/2008,LAL,FL,ASO,ES,Federal Contract Tower,0,3,41,0,44,0,0,208,0,208,0,3,249,0,252,315,0,315,567
01/10/2008,LAL,FL,ASO,ES,Federal Contract Tower,0,5,69,0,74,0,0,170,2,172,0,5,239,2,246,146,0,146,392
01/11/2008,LAL,FL,ASO,ES,Federal Contract Tower,0,4,45,7,56,0,0,180,1,181,0,4,225,8,237,185,10,195,432
01/12/2008,LAL,FL,ASO,ES,Federal Contract Tower,0,4,16,0,20,0,0,180,1,181,0,4,196,1,201,161,0,161,362
01/13/2008,LAL,FL,ASO,ES,Federal Contract Tower,0,2,37,0,39,0,0,70,0,70,0,2,107,0,109,214,0,214,323
01/14/2008,LAL,FL,ASO,ES,Federal Contract Tower,0,0,37,0,37,0,0,187,0,187,0,0,224,0,224,291,0,291,515
01/15/2008,LAL,FL,ASO,ES,Federal Contract Tower,0,4,37,0,41,0,0,177,0,177,0,4,214,0,218,215,0,215,433
01/16/2008,LAL,FL,ASO,ES,Federal Contract Tower,0,6,53,0,59,0,0,150,0,150,0,6,203,0,209,181,0,181,390
01/17/2008,LAL,FL,ASO,ES,Federal Contract Tower,0,10,59,3,72,0,0,17,0,17,0,10,76,3,89,132,4,136,225
01/18/2008,LAL,FL,ASO,ES,Federal Contract Tower,0,3,64,22,89,0,0,0,0,0,0,3,64,22,89,113,0,113,202
01/19/2008,LAL,FL,ASO,ES,Federal Contract Tower,0,2,20,0,22,0,0,63,0,63,0,2,83,0,85,74,0,74,159
01/20/2008,LAL,FL,ASO,ES,Federal Contract Tower,0,2,41,1,44,0,0,112,5,117,0,2,153,6,161,248,0,248,409
01/21/2008,LAL,FL,ASO,ES,Federal Contract Tower,0,11,39,21,71,0,0,164,4,168,0,11,203,25,239,248,28,276,515
01/22/2008,LAL,FL,ASO,ES,Federal Contract Tower,0,7,37,3,47,0,0,210,5,215,0,7,247,8,262,248,0,248,510
01/23/2008,LAL,FL,ASO,ES,Federal Contract Tower,0,7,37,0,44,0,0,129,5,134,0,7,166,5,178,134,4,138,316
01/24/2008,LAL,FL,ASO,ES,Federal Contract Tower,0,3,45,1,49,0,0,68,2,70,0,3,113,3,119,28,0,28,147
01/25/2008,LAL,FL,ASO,ES,Federal Contract Tower,0,2,51,16,69,0,0,219,10,229,0,2,270,26,298,202,12,214,512
01/26/2008,LAL,FL,ASO,ES,Federal Contract Tower,0,4,25,0,29,0,0,291,0,291,0,4,316,0,320,230,0,230,550
01/27/2008,LAL,FL,ASO,ES,Federal Contract Tower,0,5,59,23,87,0,0,164,4,168,0,5,223,27,255,242,12,254,509
01/28/2008,LAL,FL,ASO,ES,Federal Contract Tower,0,1,23,1,25,0,0,211,2,213,0,1,234,3,238,276,0,276,514
01/29/2008,LAL,FL,ASO,ES,Federal Contract Tower,0,9,29,0,38,0,0,198,0,198,0,9,227,0,236,202,0,202,438
01/30/2008,LAL,FL,ASO,ES,Federal Contract Tower,0,9,29,2,40,0,0,206,2,208,0,9,235,4,248,272,0,272,520
01/31/2008,LAL,FL,ASO,ES,Federal Contract Tower,0,5,31,5,41,0,0,212,3,215,0,5,243,8,256,338,2,340,596
02/01/2008,LAL,FL,ASO,ES,Federal Contract Tower,0,5,57,7,69,0,0,93,7,100,0,5,150,14,169,246,0,246,415
02/02/2008,LAL,FL,ASO,ES,Federal Contract Tower,0,1,33,2,36,0,0,309,0,309,0,1,342,2,345,310,0,310,655
02/03/2008,LAL,FL,ASO,ES,Federal Contract Tower,0,2,37,8,47,0,0,225,2,227,0,2,262,10,274,224,2,226,500
02/04/2008,LAL,FL,ASO,ES,Federal Contract Tower,0,7,35,0,42,0,0,150,0,150,0,7,185,0,192,121,0,121,313
02/05/2008,LAL,FL,ASO,ES,Federal Contract Tower,0,4,60,0,64,0,0,119,2,121,0,4,179,2,185,135,53,188,373
02/06/2008,LAL,FL,ASO,ES,Federal Contract Tower,0,9,39,0,48,0,0,122,0,122,0,9,161,0,170,117,0,117,287
02/07/2008,LAL,FL,ASO,ES,Federal Contract Tower,0,1,129,0,130,0,0,109,0,109,0,1,238,0,239,134,0,134,373
02/08/2008,LAL,FL,ASO,ES,Federal Contract Tower,0,6,52,3,61,0,0,97,13,110,0,6,149,16,171,143,23,166,337
02/09/2008,LAL,FL,ASO,ES,Federal Contract Tower,0,4,40,1,45,0,0,190,0,190,0,4,230,1,235,174,5,179,414
02/10/2008,LAL,FL,ASO,ES,Federal Contract Tower,0,5,26,4,35,0,0,299,10,309,0,5,325,14,344,157,6,163,507
02/11/2008,LAL,FL,ASO,ES,Federal Contract Tower,0,3,25,3,31,0,0,173,0,173,0,3,198,3,204,167,4,171,375
02/12/2008,LAL,FL,ASO,ES,Federal Contract Tower,0,6,23,0,29,0,0,115,0,115,0,6,138,0,144,127,0,127,271
02/13/2008,LAL,FL,ASO,ES,Federal Contract Tower,0,8,39,2,49,0,0,80,1,81,0,8,119,3,130,68,4,72,202
02/14/2008,LAL,FL,ASO,ES,Federal Contract Tower,0,10,50,0,60,0,0,163,0,163,0,10,213,0,223,152,0,152,375
02/15/2008,LAL,FL,ASO,ES,Federal Contract Tower,0,6,53,0,59,0,0,216,2,218,0,6,269,2,277,148,10,158,435
02/16/2008,LAL,FL,ASO,ES,Federal Contract Tower,0,0,29,0,29,0,0,226,0,226,0,0,255,0,255,138,0,138,393
02/17/2008,LAL,FL,ASO,ES,Federal Contract Tower,0,11,32,4,47,0,0,156,0,156,0,11,188,4,203,99,2,101,304
02/18/2008,LAL,FL,ASO,ES,Federal Contract Tower,0,6,31,0,37,0,0,64,0,64,0,6,95,0,101,90,0,90,191
02/19/2008,LAL,FL,ASO,ES,Federal Contract Tower,0,8,39,4,51,0,0,189,0,189,0,8,228,4,240,164,0,164,404
02/20/2008,LAL,FL,ASO,ES,Federal Contract Tower,0,8,59,5,72,0,0,97,0,97,0,8,156,5,169,163,46,209,378
02/21/2008,LAL,FL,ASO,ES,Federal Contract Tower,0,11,58,6,75,0,0,108,0,108,0,11,166,6,183,120,36,156,339
02/22/2008,LAL,FL,ASO,ES,Federal Contract Tower,0,3,59,0,62,0,0,98,0,98,0,3,157,0,160,140,0,140,300
02/23/2008,LAL,FL,ASO,ES,Federal Contract Tower,0,2,40,0,42,0,0,63,0,63,0,2,103,0,105,74,0,74,179
02/24/2008,LAL,FL,ASO,ES,Federal Contract Tower,0,3,47,0,50,0,1,80,0,81,0,4,127,0,131,81,0,81,212
02/25/2008,LAL,FL,ASO,ES,Federal Contract Tower,0,2,50,0,52,0,0,146,0,146,0,2,196,0,198,152,0,152,350
02/26/2008,LAL,FL,ASO,ES,Federal Contract Tower,0,12,30,2,44,0,0,82,0,82,0,12,112,2,126,74,8,82,208
02/27/2008,LAL,FL,ASO,ES,Federal Contract Tower,0,10,27,0,37,0,0,118,0,118,0,10,145,0,155,115,0,115,270
02/28/2008,LAL,FL,ASO,ES,Federal Contract Tower,0,2,49,2,53,0,0,130,0,130,0,2,179,2,183,114,0,114,297
02/29/2008,LAL,FL,ASO,ES,Federal Contract Tower,0,5,37,8,50,0,0,191,2,193,0,5,228,10,243,186,6,192,435
03/01/2008,LAL,FL,ASO,ES,Federal Contract Tower,0,3,33,0,36,0,0,160,0,160,0,3,193,0,196,169,0,169,365
03/02/2008,LAL,FL,ASO,ES,Federal Contract Tower,0,2,24,5,31,0,0,186,5,191,0,2,210,10,222,131,6,137,359
03/03/2008,LAL,FL,ASO,ES,Federal Contract Tower,0,0,33,2,35,0,0,161,0,161,0,0,194,2,196,118,12,130,326
03/04/2008,LAL,FL,ASO,ES,Federal Contract Tower,0,5,20,0,25,0,0,76,2,78,0,5,96,2,103,66,34,100,203
03/05/2008,LAL,FL,ASO,ES,Federal Contract Tower,0,4,44,0,48,0,0,108,2,110,0,4,152,2,158,180,0,180,338
03/06/2008,LAL,FL,ASO,ES,Federal Contract Tower,0,8,48,6,62,0,0,142,1,143,0,8,190,7,205,106,6,112,317
03/07/2008,LAL,FL,ASO,ES,Federal Contract Tower,0,0,32,0,32,0,0,31,0,31,0,0,63,0,63,1,0,1,64
03/08/2008,LAL,FL,ASO,ES,Federal Contract Tower,0,7,29,0,36,0,0,80,0,80,0,7,109,0,116,62,0,62,178
03/09/2008,LAL,FL,ASO,ES,Federal Contract Tower,0,5,31,4,40,0,0,147,2,149,0,5,178,6,189,123,12,135,324
03/10/2008,LAL,FL,ASO,ES,Federal Contract Tower,0,0,46,2,48,0,0,113,0,113,0,0,159,2,161,188,0,188,349
03/11/2008,LAL,FL,ASO,ES,Federal Contract Tower,0,4,22,2,28,0,0,96,0,96,0,4,118,2,124,149,0,149,273
03/12/2008,LAL,FL,ASO,ES,Federal Contract Tower,0,0,65,6,71,0,0,100,0,100,0,0,165,6,171,150,4,154,325
03/13/2008,LAL,FL,ASO,ES,Federal Contract Tower,0,6,49,1,56,0,0,121,2,123,0,6,170,3,179,124,0,124,303
03/14/2008,LAL,FL,ASO,ES,Federal Contract Tower,0,4,29,7,40,0,0,70,0,70,0,4,99,7,110,126,0,126,236
03/15/2008,LAL,FL,ASO,ES,Federal Contract Tower,0,2,36,0,38,0,0,158,2,160,0,2,194,2,198,113,2,115,313
03/16/2008,LAL,FL,ASO,ES,Federal Contract Tower,0,0,28,1,29,0,0,90,0,90,0,0,118,1,119,91,0,91,210
03/17/2008,LAL,FL,ASO,ES,Federal Contract Tower,0,7,30,0,37,0,0,115,0,115,0,7,145,0,152,177,0,177,329
03/18/2008,LAL,FL,ASO,ES,Federal Contract Tower,0,2,18,0,20,0,0,126,6,132,0,2,144,6,152,116,18,134,286
03/19/2008,LAL,FL,ASO,ES,Federal Contract Tower,0,2,24,3,29,0,0,139,1,140,0,2,163,4,169,130,14,144,313
03/20/2008,LAL,FL,ASO,ES,Federal Contract Tower,0,4,48,2,54,0,0,94,2,96,0,4,142,4,150,144,0,144,294
03/21/2008,LAL,FL,ASO,ES,Federal Contract Tower,0,0,49,3,52,0,0,137,2,139,0,0,186,5,191,120,0,120,311
03/22/2008,LAL,FL,ASO,ES,Federal Contract Tower,0,0,10,0,10,0,0,116,2,118,0,0,126,2,128,143,7,150,278
03/23/2008,LAL,FL,ASO,ES,Federal Contract Tower,0,0,14,5,19,0,0,107,0,107,0,0,121,5,126,121,0,121,247
03/24/2008,LAL,FL,ASO,ES,Federal Contract Tower,0,4,41,4,49,0,0,82,0,82,0,4,123,4,131,136,0,136,267
03/25/2008,LAL,FL,ASO,ES,Federal Contract Tower,0,0,26,0,26,0,0,136,4,140,0,0,162,4,166,176,26,202,368
03/26/2008,LAL,FL,ASO,ES,Federal Contract Tower,0,1,41,2,44,0,0,123,0,123,0,1,164,2,167,159,0,159,326
03/27/2008,LAL,FL,ASO,ES,Federal Contract Tower,4,5,45,0,54,0,0,137,0,137,4,5,182,0,191,171,0,171,362
03/28/2008,LAL,FL,ASO,ES,Federal Contract Tower,0,4,27,0,31,0,0,134,0,134,0,4,161,0,165,88,0,88,253
03/29/2008,LAL,FL,ASO,ES,Federal Contract Tower,0,0,28,2,30,0,0,166,0,166,0,0,194,2,196,111,0,111,307
03/30/2008,LAL,FL,ASO,ES,Federal Contract Tower,0,5,15,1,21,0,0,98,0,98,0,5,113,1,119,138,0,138,257
03/31/2008,LAL,FL,ASO,ES,Federal Contract Tower,0,8,32,0,40,0,0,103,0,103,0,8,135,0,143,98,0,98,241
04/01/2008,LAL,FL,ASO,ES,Federal Contract Tower,0,4,35,2,41,0,0,68,0,68,0,4,103,2,109,158,10,168,277
04/02/2008,LAL,FL,ASO,ES,Federal Contract Tower,0,5,50,1,56,0,0,83,0,83,0,5,133,1,139,239,0,239,378
04/03/2008,LAL,FL,ASO,ES,Federal Contract Tower,0,9,45,0,54,0,0,138,2,140,0,9,183,2,194,123,0,123,317
04/04/2008,LAL,FL,ASO,ES,Federal Contract Tower,0,2,28,2,32,0,0,170,0,170,0,2,198,2,202,108,2,110,312
04/05/2008,LAL,FL,ASO,ES,Federal Contract Tower,0,0,29,0,29,0,4,113,0,117,0,4,142,0,146,114,0,114,260
04/06/2008,LAL,FL,ASO,ES,Federal Contract Tower,0,0,0,0,0,0,0,316,0,316,0,0,316,0,316,0,0,0,316
04/07/2008,LAL,FL,ASO,ES,Federal Contract Tower,0,0,0,0,0,0,0,1038,0,1038,0,0,1038,0,1038,0,0,0,1038
04/08/2008,LAL,FL,ASO,ES,Federal Contract Tower,0,0,0,0,0,0,0,2127,0,2127,0,0,2127,0,2127,0,0,0,2127
04/09/2008,LAL,FL,ASO,ES,Federal Contract Tower,0,0,0,0,0,0,0,2130,0,2130,0,0,2130,0,2130,0,0,0,2130
04/10/2008,LAL,FL,ASO,ES,Federal Contract Tower,0,0,0,0,0,0,0,2661,0,2661,0,0,2661,0,2661,0,0,0,2661
04/11/2008,LAL,FL,ASO,ES,Federal Contract Tower,0,0,0,0,0,0,0,2591,0,2591,0,0,2591,0,2591,0,0,0,2591
04/12/2008,LAL,FL,ASO,ES,Federal Contract Tower,0,0,0,0,0,0,0,1877,0,1877,0,0,1877,0,1877,0,0,0,1877
04/13/2008,LAL,FL,ASO,ES,Federal Contract Tower,0,0,0,0,0,0,0,1097,0,1097,0,0,1097,0,1097,0,0,0,1097
04/14/2008,LAL,FL,ASO,ES,Federal Contract Tower,0,4,31,8,43,0,0,246,7,253,0,4,277,15,296,81,0,81,377
04/15/2008,LAL,FL,ASO,ES,Federal Contract Tower,0,8,36,1,45,0,0,127,0,127,0,8,163,1,172,94,0,94,266
04/16/2008,LAL,FL,ASO,ES,Federal Contract Tower,0,0,36,0,36,0,0,140,0,140,0,0,176,0,176,125,0,125,301
04/17/2008,LAL,FL,ASO,ES,Federal Contract Tower,0,9,29,0,38,0,0,131,0,131,0,9,160,0,169,149,0,149,318
04/18/2008,LAL,FL,ASO,ES,Federal Contract Tower,0,7,45,12,64,0,0,118,4,122,0,7,163,16,186,172,4,176,362
04/19/2008,LAL,FL,ASO,ES,Federal Contract Tower,0,1,23,0,24,0,0,131,0,131,0,1,154,0,155,171,0,171,326
04/20/2008,LAL,FL,ASO,ES,Federal Contract Tower,0,4,25,10,39,0,0,141,8,149,0,4,166,18,188,137,0,137,325
04/21/2008,LAL,FL,ASO,ES,Federal Contract Tower,0,9,21,0,30,0,0,144,0,144,0,9,165,0,174,147,0,147,321
04/22/2008,LAL,FL,ASO,ES,Federal Contract Tower,0,7,45,0,52,0,0,102,2,104,0,7,147,2,156,177,2,179,335
04/23/2008,LAL,FL,ASO,ES,Federal Contract Tower,0,6,38,2,46,0,0,104,0,104,0,6,142,2,150,107,10,117,267
04/24/2008,LAL,FL,ASO,ES,Federal Contract Tower,0,8,43,0,51,0,0,100,0,100,0,8,143,0,151,142,0,142,293
04/25/2008,LAL,FL,ASO,ES,Federal Contract Tower,0,8,37,6,51,0,0,119,0,119,0,8,156,6,170,104,3,107,277
04/26/2008,LAL,FL,ASO,ES,Federal Contract Tower,0,4,16,1,21,0,0,148,2,150,0,4,164,3,171,104,2,106,277
04/27/2008,LAL,FL,ASO,ES,Federal Contract Tower,0,7,16,0,23,0,0,140,0,140,0,7,156,0,163,113,0,113,276
04/28/2008,LAL,FL,ASO,ES,Federal Contract Tower,0,4,18,2,24,0,0,80,0,80,0,4,98,2,104,76,0,76,180
04/29/2008,LAL,FL,ASO,ES,Federal Contract Tower,0,3,22,0,25,0,0,107,0,107,0,3,129,0,132,158,0,158,290
04/30/2008,LAL,FL,ASO,ES,Federal Contract Tower,0,12,41,6,59,0,0,161,0,161,0,12,202,6,220,164,14,178,398
05/01/2008,LAL,FL,ASO,ES,Federal Contract Tower,0,14,58,3,75,0,0,110,0,110,0,14,168,3,185,119,2,121,306
05/02/2008,LAL,FL,ASO,ES,Federal Contract Tower,0,5,44,0,49,0,0,139,0,139,0,5,183,0,188,137,0,137,325
05/03/2008,LAL,FL,ASO,ES,Federal Contract Tower,0,8,20,0,28,0,0,113,3,116,0,8,133,3,144,132,4,136,280
05/04/2008,LAL,FL,ASO,ES,Federal Contract Tower,0,8,20,3,31,0,0,107,1,108,0,8,127,4,139,116,0,116,255
05/05/2008,LAL,FL,ASO,ES,Federal Contract Tower,0,3,27,0,30,0,0,118,0,118,0,3,145,0,148,106,0,106,254
05/06/2008,LAL,FL,ASO,ES,Federal Contract Tower,0,1,27,2,30,0,0,118,0,118,0,1,145,2,148,149,2,151,299
05/07/2008,LAL,FL,ASO,ES,Federal Contract Tower,0,5,55,0,60,0,0,110,0,110,0,5,165,0,170,160,0,160,330
05/08/2008,LAL,FL,ASO,ES,Federal Contract Tower,0,7,43,2,52,0,0,100,2,102,0,7,143,4,154,133,0,133,287
05/09/2008,LAL,FL,ASO,ES,Federal Contract Tower,0,7,17,10,34,0,0,113,0,113,0,7,130,10,147,121,21,142,289
05/10/2008,LAL,FL,ASO,ES,Federal Contract Tower,0,0,29,0,29,0,0,123,0,123,0,0,152,0,152,144,0,144,296
05/11/2008,LAL,FL,ASO,ES,Federal Contract Tower,0,2,18,7,27,0,0,51,1,52,0,2,69,8,79,106,0,106,185
05/12/2008,LAL,FL,ASO,ES,Federal Contract Tower,0,2,17,0,19,0,0,124,2,126,0,2,141,2,145,135,12,147,292
05/13/2008,LAL,FL,ASO,ES,Federal Contract Tower,0,1,24,0,25,0,0,147,0,147,0,1,171,0,172,173,0,173,345
05/14/2008,LAL,FL,ASO,ES,Federal Contract Tower,0,6,34,0,40,0,0,122,0,122,0,6,156,0,162,152,0,152,314
05/15/2008,LAL,FL,ASO,ES,Federal Contract Tower,0,0,28,6,34,0,0,118,0,118,0,0,146,6,152,128,8,136,288
05/16/2008,LAL,FL,ASO,ES,Federal Contract Tower,0,1,18,2,21,0,0,139,0,139,0,1,157,2,160,123,12,135,295
05/17/2008,LAL,FL,ASO,ES,Federal Contract Tower,0,3,28,0,31,0,0,82,0,82,0,3,110,0,113,170,0,170,283
05/18/2008,LAL,FL,ASO,ES,Federal Contract Tower,0,3,26,0,29,0,0,54,0,54,0,3,80,0,83,81,0,81,164
05/19/2008,LAL,FL,ASO,ES,Federal Contract Tower,0,3,52,2,57,0,0,67,0,67,0,3,119,2,124,110,0,110,234
05/20/2008,LAL,FL,ASO,ES,Federal Contract Tower,0,0,26,1,27,0,0,86,1,87,0,0,112,2,114,137,0,137,251
05/21/2008,LAL,FL,ASO,ES,Federal Contract Tower,0,7,41,0,48,0,0,95,0,95,0,7,136,0,143,118,0,118,261
05/22/2008,LAL,FL,ASO,ES,Federal Contract Tower,0,2,49,0,51,0,0,60,0,60,0,2,109,0,111,93,0,93,204
05/23/2008,LAL,FL,ASO,ES,Federal Contract Tower,0,3,16,2,21,0,0,86,0,86,0,3,102,2,107,120,8,128,235
05/24/2008,LAL,FL,ASO,ES,Federal Contract Tower,0,6,16,0,22,0,0,83,0,83,0,6,99,0,105,175,0,175,280
05/25/2008,LAL,FL,ASO,ES,Federal Contract Tower,0,2,18,0,20,0,0,91,0,91,0,2,109,0,111,145,0,145,256
05/26/2008,LAL,FL,ASO,ES,Federal Contract Tower,0,3,19,0,22,0,0,110,0,110,0,3,129,0,132,167,0,167,299
05/27/2008,LAL,FL,ASO,ES,Federal Contract Tower,0,4,29,2,35,0,0,95,0,95,0,4,124,2,130,173,6,179,309
05/28/2008,LAL,FL,ASO,ES,Federal Contract Tower,0,5,49,5,59,0,0,121,1,122,0,5,170,6,181,153,0,153,334
05/29/2008,LAL,FL,ASO,ES,Federal Contract Tower,0,5,45,0,50,0,0,119,0,119,0,5,164,0,169,134,0,134,303
05/30/2008,LAL,FL,ASO,ES,Federal Contract Tower,0,4,41,0,45,0,0,132,4,136,0,4,173,4,181,130,0,130,311
05/31/2008,LAL,FL,ASO,ES,Federal Contract Tower,0,1,22,0,23,0,0,124,0,124,0,1,146,0,147,125,0,125,272
06/01/2008,LAL,FL,ASO,ES,Federal Contract Tower,0,3,17,0,20,0,0,138,1,139,0,3,155,1,159,85,0,85,244
06/02/2008,LAL,FL,ASO,ES,Federal Contract Tower,0,4,18,0,22,0,0,106,10,116,0,4,124,10,138,155,0,155,293
06/03/2008,LAL,FL,ASO,ES,Federal Contract Tower,0,1,23,0,24,0,0,118,2,120,0,1,141,2,144,101,0,101,245
06/04/2008,LAL,FL,ASO,ES,Federal Contract Tower,0,3,61,0,64,0,0,50,2,52,0,3,111,2,116,158,0,158,274
06/05/2008,LAL,FL,ASO,ES,Federal Contract Tower,0,4,40,2,46,0,0,106,1,107,0,4,146,3,153,153,2,155,308
06/06/2008,LAL,FL,ASO,ES,Federal Contract Tower,0,2,40,4,46,0,0,77,3,80,0,2,117,7,126,114,10,124,250
06/07/2008,LAL,FL,ASO,ES,Federal Contract Tower,0,0,17,0,17,0,0,115,0,115,0,0,132,0,132,98,0,98,230
06/08/2008,LAL,FL,ASO,ES,Federal Contract Tower,0,2,17,1,20,0,0,130,1,131,0,2,147,2,151,77,0,77,228
06/09/2008,LAL,FL,ASO,ES,Federal Contract Tower,0,1,44,0,45,0,0,45,0,45,0,1,89,0,90,183,0,183,273
06/10/2008,LAL,FL,ASO,ES,Federal Contract Tower,0,0,30,0,30,0,0,101,0,101,0,0,131,0,131,128,0,128,259
06/11/2008,LAL,FL,ASO,ES,Federal Contract Tower,0,0,19,0,19,0,0,83,0,83,0,0,102,0,102,142,0,142,244
06/12/2008,LAL,FL,ASO,ES,Federal Contract Tower,0,3,26,0,29,0,0,71,2,73,0,3,97,2,102,125,0,125,227
06/13/2008,LAL,FL,ASO,ES,Federal Contract Tower,0,1,61,0,62,0,0,61,0,61,0,1,122,0,123,141,0,141,264
06/14/2008,LAL,FL,ASO,ES,Federal Contract Tower,0,2,13,0,15,0,0,105,0,105,0,2,118,0,120,128,0,128,248
06/15/2008,LAL,FL,ASO,ES,Federal Contract Tower,0,2,25,0,27,0,0,73,0,73,0,2,98,0,100,64,0,64,164
06/16/2008,LAL,FL,ASO,ES,Federal Contract Tower,0,2,23,0,25,0,0,89,2,91,0,2,112,2,116,80,23,103,219
06/17/2008,LAL,FL,ASO,ES,Federal Contract Tower,0,9,27,1,37,0,0,70,2,72,0,9,97,3,109,151,21,172,281
06/18/2008,LAL,FL,ASO,ES,Federal Contract Tower,0,2,48,2,52,0,0,106,1,107,0,2,154,3,159,175,0,175,334
06/19/2008,LAL,FL,ASO,ES,Federal Contract Tower,0,0,37,1,38,0,0,88,1,89,0,0,125,2,127,95,2,97,224
06/20/2008,LAL,FL,ASO,ES,Federal Contract Tower,0,2,37,4,43,0,0,67,0,67,0,2,104,4,110,139,4,143,253
06/21/2008,LAL,FL,ASO,ES,Federal Contract Tower,0,6,16,0,22,0,0,77,0,77,0,6,93,0,99,90,0,90,189
06/22/2008,LAL,FL,ASO,ES,Federal Contract Tower,0,5,11,0,16,0,0,80,0,80,0,5,91,0,96,73,0,73,169
06/23/2008,LAL,FL,ASO,ES,Federal Contract Tower,0,1,19,3,23,0,0,91,5,96,0,1,110,8,119,165,0,165,284
06/24/2008,LAL,FL,ASO,ES,Federal Contract Tower,0,5,31,4,40,0,0,109,2,111,0,5,140,6,151,150,4,154,305
06/25/2008,LAL,FL,ASO,ES,Federal Contract Tower,0,6,37,1,44,0,0,94,4,98,0,6,131,5,142,78,0,78,220
06/26/2008,LAL,FL,ASO,ES,Federal Contract Tower,0,2,42,0,44,0,0,96,4,100,0,2,138,4,144,133,0,133,277
06/27/2008,LAL,FL,ASO,ES,Federal Contract Tower,0,2,25,3,30,0,0,88,3,91,0,2,113,6,121,102,0,102,223
06/28/2008,LAL,FL,ASO,ES,Federal Contract Tower,0,0,16,0,16,0,2,89,0,91,0,2,105,0,107,130,0,130,237
06/29/2008,LAL,FL,ASO,ES,Federal Contract Tower,0,5,21,0,26,0,0,116,0,116,0,5,137,0,142,94,0,94,236
06/30/2008,LAL,FL,ASO,ES,Federal Contract Tower,0,2,22,2,26,0,0,82,0,82,0,2,104,2,108,164,0,164,272
07/01/2008,LAL,FL,ASO,ES,Federal Contract Tower,0,7,25,0,32,0,0,108,0,108,0,7,133,0,140,176,0,176,316
07/02/2008,LAL,FL,ASO,ES,Federal Contract Tower,0,0,39,0,39,0,0,119,0,119,0,0,158,0,158,125,0,125,283
07/03/2008,LAL,FL,ASO,ES,Federal Contract Tower,0,2,33,0,35,0,2,130,2,134,0,4,163,2,169,171,6,177,346
07/04/2008,LAL,FL,ASO,ES,Federal Contract Tower,0,0,10,0,10,0,0,77,0,77,0,0,87,0,87,130,0,130,217
07/05/2008,LAL,FL,ASO,ES,Federal Contract Tower,0,2,8,0,10,0,0,92,0,92,0,2,100,0,102,116,0,116,218
07/06/2008,LAL,FL,ASO,ES,Federal Contract Tower,0,2,18,0,20,0,0,128,0,128,0,2,146,0,148,115,0,115,263
07/07/2008,LAL,FL,ASO,ES,Federal Contract Tower,0,3,24,0,27,0,0,126,0,126,0,3,150,0,153,109,0,109,262
07/08/2008,LAL,FL,ASO,ES,Federal Contract Tower,0,3,24,0,27,0,0,89,0,89,0,3,113,0,116,94,0,94,210
07/09/2008,LAL,FL,ASO,ES,Federal Contract Tower,0,2,45,2,49,0,1,116,1,118,0,3,161,3,167,99,8,107,274
07/10/2008,LAL,FL,ASO,ES,Federal Contract Tower,0,0,31,0,31,0,0,130,2,132,0,0,161,2,163,128,2,130,293
07/11/2008,LAL,FL,ASO,ES,Federal Contract Tower,0,0,29,2,31,0,0,131,0,131,0,0,160,2,162,94,0,94,256
07/12/2008,LAL,FL,ASO,ES,Federal Contract Tower,0,0,14,0,14,0,0,125,2,127,0,0,139,2,141,137,6,143,284
07/13/2008,LAL,FL,ASO,ES,Federal Contract Tower,0,0,13,0,13,0,0,119,0,119,0,0,132,0,132,106,0,106,238
07/14/2008,LAL,FL,ASO,ES,Federal Contract Tower,0,1,27,0,28,0,0,131,0,131,0,1,158,0,159,146,0,146,305
07/15/2008,LAL,FL,ASO,ES,Federal Contract Tower,0,2,37,0,39,0,0,99,0,99,0,2,136,0,138,77,0,77,215
07/16/2008,LAL,FL,ASO,ES,Federal Contract Tower,0,4,42,0,46,0,0,76,0,76,0,4,118,0,122,58,0,58,180
07/17/2008,LAL,FL,ASO,ES,Federal Contract Tower,0,7,30,0,37,0,0,102,2,104,0,7,132,2,141,170,0,170,311
07/18/2008,LAL,FL,ASO,ES,Federal Contract Tower,0,2,26,9,37,0,0,125,2,127,0,2,151,11,164,129,36,165,329
07/19/2008,LAL,FL,ASO,ES,Federal Contract Tower,0,8,16,1,25,0,0,113,0,113,0,8,129,1,138,125,0,125,263
07/20/2008,LAL,FL,ASO,ES,Federal Contract Tower,0,0,18,0,18,0,0,115,4,119,0,0,133,4,137,84,8,92,229
07/21/2008,LAL,FL,ASO,ES,Federal Contract Tower,0,3,11,0,14,0,0,98,2,100,0,3,109,2,114,91,11,102,216
07/22/2008,LAL,FL,ASO,ES,Federal Contract Tower,0,3,38,1,42,0,0,117,3,120,0,3,155,4,162,130,6,136,298
07/23/2008,LAL,FL,ASO,ES,Federal Contract Tower,0,2,30,0,32,0,0,103,0,103,0,2,133,0,135,148,0,148,283
07/24/2008,LAL,FL,ASO,ES,Federal Contract Tower,0,5,31,0,36,0,0,120,0,120,0,5,151,0,156,126,0,126,282
07/25/2008,LAL,FL,ASO,ES,Federal Contract Tower,0,5,32,0,37,0,0,133,0,133,0,5,165,0,170,98,0,98,268
07/26/2008,LAL,FL,ASO,ES,Federal Contract Tower,0,1,10,0,11,0,0,108,0,108,0,1,118,0,119,109,0,109,228
07/27/2008,LAL,FL,ASO,ES,Federal Contract Tower,0,2,14,0,16,0,0,101,0,101,0,2,115,0,117,108,0,108,225
07/28/2008,LAL,FL,ASO,ES,Federal Contract Tower,0,6,29,2,37,0,0,107,0,107,0,6,136,2,144,118,0,118,262
07/29/2008,LAL,FL,ASO,ES,Federal Contract Tower,0,2,27,0,29,0,0,115,0,115,0,2,142,0,144,126,0,126,270
07/30/2008,LAL,FL,ASO,ES,Federal Contract Tower,0,3,25,4,32,0,0,98,0,98,0,3,123,4,130,102,12,114,244
07/31/2008,LAL,FL,ASO,ES,Federal Contract Tower,0,4,33,0,37,0,0,108,0,108,0,4,141,0,145,133,0,133,278
08/01/2008,LAL,FL,ASO,ES,Federal Contract Tower,0,3,39,0,42,0,0,115,2,117,0,3,154,2,159,85,7,92,251
08/02/2008,LAL,FL,ASO,ES,Federal Contract Tower,0,1,16,0,17,0,0,129,0,129,0,1,145,0,146,104,0,104,250
08/03/2008,LAL,FL,ASO,ES,Federal Contract Tower,0,2,16,0,18,0,0,110,0,110,0,2,126,0,128,98,0,98,226
08/04/2008,LAL,FL,ASO,ES,Federal Contract Tower,0,2,42,2,46,0,0,132,0,132,0,2,174,2,178,116,4,120,298
08/05/2008,LAL,FL,ASO,ES,Federal Contract Tower,0,2,42,0,44,0,0,138,0,138,0,2,180,0,182,154,0,154,336
08/06/2008,LAL,FL,ASO,ES,Federal Contract Tower,0,2,31,0,33,0,0,122,0,122,0,2,153,0,155,113,0,113,268
08/07/2008,LAL,FL,ASO,ES,Federal Contract Tower,0,4,47,0,51,0,0,124,4,128,0,4,171,4,179,113,4,117,296
08/08/2008,LAL,FL,ASO,ES,Federal Contract Tower,0,6,26,3,35,0,0,94,6,100,0,6,120,9,135,97,13,110,245
08/09/2008,LAL,FL,ASO,ES,Federal Contract Tower,0,1,22,0,23,0,0,112,0,112,0,1,134,0,135,82,0,82,217
08/10/2008,LAL,FL,ASO,ES,Federal Contract Tower,0,4,11,0,15,0,0,127,0,127,0,4,138,0,142,84,0,84,226
08/11/2008,LAL,FL,ASO,ES,Federal Contract Tower,0,5,24,4,33,0,0,93,0,93,0,5,117,4,126,165,16,181,307
08/12/2008,LAL,FL,ASO,ES,Federal Contract Tower,0,3,30,3,36,0,0,80,0,80,0,3,110,3,116,116,8,124,240
08/13/2008,LAL,FL,ASO,ES,Federal Contract Tower,0,1,32,4,37,0,0,110,0,110,0,1,142,4,147,75,8,83,230
08/14/2008,LAL,FL,ASO,ES,Federal Contract Tower,0,5,38,0,43,0,0,91,2,93,0,5,129,2,136,97,18,115,251
08/15/2008,LAL,FL,ASO,ES,Federal Contract Tower,0,4,41,0,45,0,0,95,4,99,0,4,136,4,144,133,13,146,290
08/16/2008,LAL,FL,ASO,ES,Federal Contract Tower,0,2,19,0,21,0,0,96,0,96,0,2,115,0,117,102,0,102,219
08/17/2008,LAL,FL,ASO,ES,Federal Contract Tower,0,2,22,1,25,0,0,82,1,83,0,2,104,2,108,44,0,44,152
08/18/2008,LAL,FL,ASO,ES,Federal Contract Tower,0,4,13,0,17,0,0,92,0,92,0,4,105,0,109,151,0,151,260
08/19/2008,LAL,FL,ASO,ES,Federal Contract Tower,0,0,1,0,1,0,0,2,0,2,0,0,3,0,3,0,0,0,3
08/20/2008,LAL,FL,ASO,ES,Federal Contract Tower,0,2,11,0,13,0,0,14,0,14,0,2,25,0,27,19,0,19,46
08/21/2008,LAL,FL,ASO,ES,Federal Contract Tower,0,0,10,0,10,0,0,67,0,67,0,0,77,0,77,31,0,31,108
08/22/2008,LAL,FL,ASO,ES,Federal Contract Tower,0,2,11,0,13,0,0,18,0,18,0,2,29,0,31,4,0,4,35
08/23/2008,LAL,FL,ASO,ES,Federal Contract Tower,0,4,19,0,23,0,0,67,2,69,0,4,86,2,92,96,0,96,188
08/24/2008,LAL,FL,ASO,ES,Federal Contract Tower,0,2,9,12,23,0,0,108,4,112,0,2,117,16,135,61,28,89,224
08/25/2008,LAL,FL,ASO,ES,Federal Contract Tower,0,2,18,0,20,0,0,98,2,100,0,2,116,2,120,131,17,148,268
08/26/2008,LAL,FL,ASO,ES,Federal Contract Tower,0,2,27,0,29,0,0,131,0,131,0,2,158,0,160,99,0,99,259
08/27/2008,LAL,FL,ASO,ES,Federal Contract Tower,0,2,53,4,59,0,0,147,2,149,0,2,200,6,208,91,29,120,328
08/28/2008,LAL,FL,ASO,ES,Federal Contract Tower,0,9,32,4,45,0,0,108,4,112,0,9,140,8,157,105,12,117,274
08/29/2008,LAL,FL,ASO,ES,Federal Contract Tower,0,0,31,3,34,0,0,105,6,111,0,0,136,9,145,134,11,145,290
08/30/2008,LAL,FL,ASO,ES,Federal Contract Tower,0,0,19,0,19,0,0,99,0,99,0,0,118,0,118,74,0,74,192
08/31/2008,LAL,FL,ASO,ES,Federal Contract Tower,0,0,4,0,4,0,0,18,0,18,0,0,22,0,22,85,0,85,107
09/01/2008,LAL,FL,ASO,ES,Federal Contract Tower,0,3,11,0,14,0,0,79,0,79,0,3,90,0,93,98,0,98,191
09/02/2008,LAL,FL,ASO,ES,Federal Contract Tower,0,8,25,1,34,0,0,111,4,115,0,8,136,5,149,99,16,115,264
09/03/2008,LAL,FL,ASO,ES,Federal Contract Tower,0,2,25,0,27,0,0,112,0,112,0,2,137,0,139,141,0,141,280
09/04/2008,LAL,FL,ASO,ES,Federal Contract Tower,0,3,25,5,33,0,0,111,2,113,0,3,136,7,146,117,18,135,281
09/05/2008,LAL,FL,ASO,ES,Federal Contract Tower,0,0,14,0,14,0,0,95,0,95,0,0,109,0,109,133,0,133,242
09/06/2008,LAL,FL,ASO,ES,Federal Contract Tower,0,0,18,0,18,0,0,155,0,155,0,0,173,0,173,117,0,117,290
09/07/2008,LAL,FL,ASO,ES,Federal Contract Tower,0,0,24,0,24,0,0,129,0,129,0,0,153,0,153,129,0,129,282
09/08/2008,LAL,FL,ASO,ES,Federal Contract Tower,0,6,24,4,34,0,0,87,5,92,0,6,111,9,126,116,18,134,260
09/09/2008,LAL,FL,ASO,ES,Federal Contract Tower,0,0,16,1,17,0,0,76,2,78,0,0,92,3,95,103,18,121,216
09/10/2008,LAL,FL,ASO,ES,Federal Contract Tower,0,3,19,0,22,0,0,69,2,71,0,3,88,2,93,137,5,142,235
09/11/2008,LAL,FL,ASO,ES,Federal Contract Tower,0,3,28,0,31,0,0,95,0,95,0,3,123,0,126,56,0,56,182
09/12/2008,LAL,FL,ASO,ES,Federal Contract Tower,0,2,27,0,29,0,0,127,0,127,0,2,154,0,156,172,0,172,328
09/13/2008,LAL,FL,ASO,ES,Federal Contract Tower,0,3,19,0,22,0,2,139,0,141,0,5,158,0,163,183,0,183,346
09/14/2008,LAL,FL,ASO,ES,Federal Contract Tower,0,5,29,0,34,0,0,143,0,143,0,5,172,0,177,82,0,82,259
09/15/2008,LAL,FL,ASO,ES,Federal Contract Tower,0,4,11,0,15,0,0,110,0,110,0,4,121,0,125,94,0,94,219
09/16/2008,LAL,FL,ASO,ES,Federal Contract Tower,0,3,17,0,20,0,0,158,1,159,0,3,175,1,179,112,0,112,291
09/17/2008,LAL,FL,ASO,ES,Federal Contract Tower,0,1,35,5,41,0,0,138,2,140,0,1,173,7,181,102,22,124,305
09/18/2008,LAL,FL,ASO,ES,Federal Contract Tower,0,3,43,0,46,0,0,130,2,132,0,3,173,2,178,118,7,125,303
09/19/2008,LAL,FL,ASO,ES,Federal Contract Tower,0,0,36,6,42,0,0,152,1,153,0,0,188,7,195,111,15,126,321
09/20/2008,LAL,FL,ASO,ES,Federal Contract Tower,0,2,12,0,14,0,0,122,0,122,0,2,134,0,136,75,0,75,211
09/21/2008,LAL,FL,ASO,ES,Federal Contract Tower,0,4,24,0,28,0,0,125,2,127,0,4,149,2,155,91,7,98,253
09/22/2008,LAL,FL,ASO,ES,Federal Contract Tower,0,4,24,0,28,0,0,83,0,83,0,4,107,0,111,119,0,119,230
09/23/2008,LAL,FL,ASO,ES,Federal Contract Tower,0,1,33,0,34,0,0,107,0,107,0,1,140,0,141,167,0,167,308
09/24/2008,LAL,FL,ASO,ES,Federal Contract Tower,0,5,34,2,41,0,0,125,0,125,0,5,159,2,166,101,13,114,280
09/25/2008,LAL,FL,ASO,ES,Federal Contract Tower,0,1,28,5,34,0,0,139,2,141,0,1,167,7,175,105,11,116,291
09/26/2008,LAL,FL,ASO,ES,Federal Contract Tower,0,2,26,0,28,0,0,116,0,116,0,2,142,0,144,112,0,112,256
09/27/2008,LAL,FL,ASO,ES,Federal Contract Tower,0,0,15,0,15,0,1,109,0,110,0,1,124,0,125,135,0,135,260
09/28/2008,LAL,FL,ASO,ES,Federal Contract Tower,0,4,14,0,18,0,0,113,0,113,0,4,127,0,131,84,0,84,215
09/29/2008,LAL,FL,ASO,ES,Federal Contract Tower,0,8,30,2,40,0,0,89,2,91,0,8,119,4,131,138,39,177,308
09/30/2008,LAL,FL,ASO,ES,Federal Contract Tower,0,3,37,0,40,0,0,104,0,104,0,3,141,0,144,88,0,88,232
10/01/2008,LAL,FL,ASO,ES,Federal Contract Tower,0,1,31,4,36,0,0,123,2,125,0,1,154,6,161,120,8,128,289
10/02/2008,LAL,FL,ASO,ES,Federal Contract Tower,0,3,35,2,40,0,0,130,2,132,0,3,165,4,172,135,3,138,310
10/03/2008,LAL,FL,ASO,ES,Federal Contract Tower,0,1,23,9,33,0,0,170,19,189,0,1,193,28,222,126,18,144,366
10/04/2008,LAL,FL,ASO,ES,Federal Contract Tower,0,3,30,0,33,0,0,181,1,182,0,3,211,1,215,128,0,128,343
10/05/2008,LAL,FL,ASO,ES,Federal Contract Tower,0,0,17,4,21,0,0,80,0,80,0,0,97,4,101,93,13,106,207
10/06/2008,LAL,FL,ASO,ES,Federal Contract Tower,0,3,36,2,41,0,1,102,5,108,0,4,138,7,149,146,7,153,302
10/07/2008,LAL,FL,ASO,ES,Federal Contract Tower,0,2,36,2,40,0,0,101,6,107,0,2,137,8,147,96,13,109,256
10/08/2008,LAL,FL,ASO,ES,Federal Contract Tower,0,0,62,0,62,0,0,151,0,151,0,0,213,0,213,163,0,163,376
10/09/2008,LAL,FL,ASO,ES,Federal Contract Tower,0,3,31,2,36,0,2,98,4,104,0,5,129,6,140,120,8,128,268
10/10/2008,LAL,FL,ASO,ES,Federal Contract Tower,0,0,44,8,52,0,0,111,0,111,0,0,155,8,163,123,0,123,286
10/11/2008,LAL,FL,ASO,ES,Federal Contract Tower,0,0,45,0,45,0,0,116,0,116,0,0,161,0,161,96,0,96,257
10/12/2008,LAL,FL,ASO,ES,Federal Contract Tower,0,0,26,0,26,0,0,81,0,81,0,0,107,0,107,88,0,88,195
10/13/2008,LAL,FL,ASO,ES,Federal Contract Tower,0,0,20,0,20,0,0,117,0,117,0,0,137,0,137,113,0,113,250
10/14/2008,LAL,FL,ASO,ES,Federal Contract Tower,0,0,31,6,37,0,0,119,4,123,0,0,150,10,160,152,11,163,323
10/15/2008,LAL,FL,ASO,ES,Federal Contract Tower,0,4,42,0,46,0,0,172,0,172,0,4,214,0,218,176,0,176,394
10/16/2008,LAL,FL,ASO,ES,Federal Contract Tower,0,3,42,0,45,0,2,139,2,143,0,5,181,2,188,211,20,231,419
10/17/2008,LAL,FL,ASO,ES,Federal Contract Tower,0,6,24,3,33,0,0,139,5,144,0,6,163,8,177,116,11,127,304
10/18/2008,LAL,FL,ASO,ES,Federal Contract Tower,0,4,14,0,18,0,1,96,0,97,0,5,110,0,115,111,0,111,226
10/19/2008,LAL,FL,ASO,ES,Federal Contract Tower,0,6,28,4,38,0,0,145,7,152,0,6,173,11,190,86,17,103,293
10/20/2008,LAL,FL,ASO,ES,Federal Contract Tower,0,3,22,2,27,0,0,141,2,143,0,3,163,4,170,82,12,94,264
10/21/2008,LAL,FL,ASO,ES,Federal Contract Tower,0,4,21,0,25,0,0,132,0,132,0,4,153,0,157,151,0,151,308
10/22/2008,LAL,FL,ASO,ES,Federal Contract Tower,0,1,38,0,39,0,0,138,2,140,0,1,176,2,179,152,42,194,373
10/23/2008,LAL,FL,ASO,ES,Federal Contract Tower,0,3,30,3,36,0,0,127,3,130,0,3,157,6,166,137,31,168,334
10/24/2008,LAL,FL,ASO,ES,Federal Contract Tower,0,7,18,0,25,0,0,32,0,32,0,7,50,0,57,46,0,46,103
10/25/2008,LAL,FL,ASO,ES,Federal Contract Tower,0,5,31,0,36,0,0,101,0,101,0,5,132,0,137,135,0,135,272
10/26/2008,LAL,FL,ASO,ES,Federal Contract Tower,0,1,19,3,23,0,0,116,2,118,0,1,135,5,141,122,7,129,270
10/27/2008,LAL,FL,ASO,ES,Federal Contract Tower,0,1,13,2,16,0,0,126,2,128,0,1,139,4,144,121,5,126,270
10/28/2008,LAL,FL,ASO,ES,Federal Contract Tower,0,7,34,0,41,0,0,149,0,149,0,7,183,0,190,106,0,106,296
10/29/2008,LAL,FL,ASO,ES,Federal Contract Tower,0,5,34,1,40,0,0,116,0,116,0,5,150,1,156,134,0,134,290
10/30/2008,LAL,FL,ASO,ES,Federal Contract Tower,0,0,27,0,27,0,0,105,2,107,0,0,132,2,134,158,5,163,297
10/31/2008,LAL,FL,ASO,ES,Federal Contract Tower,0,2,36,1,39,0,0,115,3,118,0,2,151,4,157,178,7,185,342
11/01/2008,LAL,FL,ASO,ES,Federal Contract Tower,0,8,17,0,25,0,0,112,0,112,0,8,129,0,137,105,0,105,242
11/02/2008,LAL,FL,ASO,ES,Federal Contract Tower,0,1,16,0,17,0,0,90,0,90,0,1,106,0,107,81,0,81,188
11/03/2008,LAL,FL,ASO,ES,Federal Contract Tower,0,2,26,3,31,0,0,151,2,153,0,2,177,5,184,125,12,137,321
11/04/2008,LAL,FL,ASO,ES,Federal Contract Tower,0,0,44,0,44,0,0,106,0,106,0,0,150,0,150,65,0,65,215
11/05/2008,LAL,FL,ASO,ES,Federal Contract Tower,0,2,40,0,42,0,0,132,0,132,0,2,172,0,174,129,0,129,303
11/06/2008,LAL,FL,ASO,ES,Federal Contract Tower,0,2,32,6,40,0,0,152,2,154,0,2,184,8,194,131,14,145,339
11/07/2008,LAL,FL,ASO,ES,Federal Contract Tower,0,4,60,3,67,0,0,145,4,149,0,4,205,7,216,165,13,178,394
11/08/2008,LAL,FL,ASO,ES,Federal Contract Tower,0,0,11,0,11,0,0,261,2,263,0,0,272,2,274,187,9,196,470
11/09/2008,LAL,FL,ASO,ES,Federal Contract Tower,0,2,21,0,23,0,0,126,2,128,0,2,147,2,151,132,9,141,292
11/10/2008,LAL,FL,ASO,ES,Federal Contract Tower,0,1,31,0,32,0,0,177,0,177,0,1,208,0,209,136,0,136,345
11/11/2008,LAL,FL,ASO,ES,Federal Contract Tower,0,0,31,0,31,0,0,149,0,149,0,0,180,0,180,176,0,176,356
11/12/2008,LAL,FL,ASO,ES,Federal Contract Tower,0,2,54,4,60,0,0,103,9,112,0,2,157,13,172,122,17,139,311
11/13/2008,LAL,FL,ASO,ES,Federal Contract Tower,0,0,57,7,64,0,0,108,6,114,0,0,165,13,178,157,23,180,358
11/14/2008,LAL,FL,ASO,ES,Federal Contract Tower,0,0,47,22,69,0,0,116,17,133,0,0,163,39,202,125,12,137,339
11/15/2008,LAL,FL,ASO,ES,Federal Contract Tower,0,0,13,0,13,0,0,58,0,58,0,0,71,0,71,74,0,74,145
11/16/2008,LAL,FL,ASO,ES,Federal Contract Tower,0,4,12,7,23,0,0,131,11,142,0,4,143,18,165,102,21,123,288
11/17/2008,LAL,FL,ASO,ES,Federal Contract Tower,0,2,17,0,19,0,0,104,0,104,0,2,121,0,123,185,0,185,308
11/18/2008,LAL,FL,ASO,ES,Federal Contract Tower,0,4,29,3,36,0,0,157,5,162,0,4,186,8,198,116,13,129,327
11/19/2008,LAL,FL,ASO,ES,Federal Contract Tower,0,1,34,3,38,0,0,164,1,165,0,1,198,4,203,145,13,158,361
11/20/2008,LAL,FL,ASO,ES,Federal Contract Tower,0,2,21,0,23,0,2,167,0,169,0,4,188,0,192,124,0,124,316
11/21/2008,LAL,FL,ASO,ES,Federal Contract Tower,0,6,35,4,45,0,3,135,6,144,0,9,170,10,189,115,11,126,315
11/22/2008,LAL,FL,ASO,ES,Federal Contract Tower,0,0,16,0,16,0,0,115,0,115,0,0,131,0,131,126,0,126,257
11/23/2008,LAL,FL,ASO,ES,Federal Contract Tower,0,9,4,1,14,0,0,137,1,138,0,9,141,2,152,116,7,123,275
11/24/2008,LAL,FL,ASO,ES,Federal Contract Tower,0,4,18,0,22,0,0,184,2,186,0,4,202,2,208,153,5,158,366
11/25/2008,LAL,FL,ASO,ES,Federal Contract Tower,0,10,10,3,23,0,0,103,5,108,0,10,113,8,131,122,32,154,285
11/26/2008,LAL,FL,ASO,ES,Federal Contract Tower,0,5,15,0,20,0,0,127,0,127,0,5,142,0,147,146,0,146,293
11/27/2008,LAL,FL,ASO,ES,Federal Contract Tower,0,0,0,0,0,0,0,40,0,40,0,0,40,0,40,21,0,21,61
11/28/2008,LAL,FL,ASO,ES,Federal Contract Tower,0,0,14,0,14,0,0,99,0,99,0,0,113,0,113,143,0,143,256
11/29/2008,LAL,FL,ASO,ES,Federal Contract Tower,0,3,9,0,12,0,0,116,0,116,0,3,125,0,128,164,0,164,292
11/30/2008,LAL,FL,ASO,ES,Federal Contract Tower,0,5,12,0,17,0,0,13,0,13,0,5,25,0,30,0,0,0,30
12/01/2008,LAL,FL,ASO,ES,Federal Contract Tower,0,0,30,1,31,0,0,93,0,93,0,0,123,1,124,98,0,98,222
12/02/2008,LAL,FL,ASO,ES,Federal Contract Tower,0,2,25,0,27,0,0,117,0,117,0,2,142,0,144,128,0,128,272
12/03/2008,LAL,FL,ASO,ES,Federal Contract Tower,0,4,40,0,44,0,0,132,2,134,0,4,172,2,178,105,16,121,299
12/04/2008,LAL,FL,ASO,ES,Federal Contract Tower,0,5,40,0,45,0,0,157,0,157,0,5,197,0,202,145,0,145,347
12/05/2008,LAL,FL,ASO,ES,Federal Contract Tower,0,9,17,11,37,0,0,122,17,139,0,9,139,28,176,129,28,157,333
12/06/2008,LAL,FL,ASO,ES,Federal Contract Tower,0,4,16,0,20,0,0,128,0,128,0,4,144,0,148,140,0,140,288
12/07/2008,LAL,FL,ASO,ES,Federal Contract Tower,0,4,16,2,22,0,0,124,10,134,0,4,140,12,156,164,0,164,320
12/08/2008,LAL,FL,ASO,ES,Federal Contract Tower,0,3,28,6,37,0,0,153,4,157,0,3,181,10,194,129,12,141,335
12/09/2008,LAL,FL,ASO,ES,Federal Contract Tower,0,1,25,0,26,0,0,116,0,116,0,1,141,0,142,162,0,162,304
12/10/2008,LAL,FL,ASO,ES,Federal Contract Tower,0,3,45,0,48,0,0,134,0,134,0,3,179,0,182,88,0,88,270
12/11/2008,LAL,FL,ASO,ES,Federal Contract Tower,0,4,27,0,31,0,0,30,0,30,0,4,57,0,61,12,0,12,73
12/12/2008,LAL,FL,ASO,ES,Federal Contract Tower,0,2,63,3,68,0,2,112,2,116,0,4,175,5,184,152,13,165,349
12/13/2008,LAL,FL,ASO,ES,Federal Contract Tower,0,0,26,0,26,0,0,149,0,149,0,0,175,0,175,130,0,130,305
12/14/2008,LAL,FL,ASO,ES,Federal Contract Tower,0,4,25,0,29,0,0,99,0,99,0,4,124,0,128,110,0,110,238
12/15/2008,LAL,FL,ASO,ES,Federal Contract Tower,0,1,32,2,35,0,0,125,0,125,0,1,157,2,160,175,4,179,339
12/16/2008,LAL,FL,ASO,ES,Federal Contract Tower,0,4,20,0,24,0,1,131,0,132,0,5,151,0,156,127,0,127,283
12/17/2008,LAL,FL,ASO,ES,Federal Contract Tower,0,5,27,0,32,0,0,152,0,152,0,5,179,0,184,142,0,142,326
12/18/2008,LAL,FL,ASO,ES,Federal Contract Tower,0,5,27,3,35,0,0,104,4,108,0,5,131,7,143,165,9,174,317
12/19/2008,LAL,FL,ASO,ES,Federal Contract Tower,0,2,18,0,20,0,0,127,0,127,0,2,145,0,147,124,0,124,271
12/20/2008,LAL,FL,ASO,ES,Federal Contract Tower,0,3,14,0,17,0,0,61,0,61,0,3,75,0,78,22,0,22,100
12/21/2008,LAL,FL,ASO,ES,Federal Contract Tower,0,7,13,0,20,0,0,111,2,113,0,7,124,2,133,121,7,128,261
12/22/2008,LAL,FL,ASO,ES,Federal Contract Tower,0,5,20,0,25,0,0,108,0,108,0,5,128,0,133,138,0,138,271
12/23/2008,LAL,FL,ASO,ES,Federal Contract Tower,0,6,29,2,37,0,0,132,2,134,0,6,161,4,171,125,5,130,301
12/24/2008,LAL,FL,ASO,ES,Federal Contract Tower,0,3,7,0,10,0,0,92,0,92,0,3,99,0,102,54,0,54,156
12/25/2008,LAL,FL,ASO,ES,Federal Contract Tower,0,1,5,0,6,0,0,35,0,35,0,1,40,0,41,43,0,43,84
12/26/2008,LAL,FL,ASO,ES,Federal Contract Tower,0,5,23,0,28,0,0,88,0,88,0,5,111,0,116,101,0,101,217
12/27/2008,LAL,FL,ASO,ES,Federal Contract Tower,0,4,17,0,21,0,0,104,0,104,0,4,121,0,125,73,0,73,198
12/28/2008,LAL,FL,ASO,ES,Federal Contract Tower,0,0,9,0,9,0,0,122,0,122,0,0,131,0,131,112,0,112,243
12/29/2008,LAL,FL,ASO,ES,Federal Contract Tower,0,2,14,6,22,0,0,113,0,113,0,2,127,6,135,103,16,119,254
12/30/2008,LAL,FL,ASO,ES,Federal Contract Tower,0,0,26,0,26,0,0,184,0,184,0,0,210,0,210,96,0,96,306
12/31/2008,LAL,FL,ASO,ES,Federal Contract Tower,0,2,19,0,21,0,2,107,0,109,0,4,126,0,130,166,0,166,296
01/01/2009,LAL,FL,ASO,ES,Federal Contract Tower,0,1,6,0,7,0,0,26,0,26,0,1,32,0,33,61,0,61,94
01/02/2009,LAL,FL,ASO,ES,Federal Contract Tower,0,2,21,0,23,0,0,116,0,116,0,2,137,0,139,132,0,132,271
01/03/2009,LAL,FL,ASO,ES,Federal Contract Tower,0,2,22,1,25,0,0,105,2,107,0,2,127,3,132,126,7,133,265
01/04/2009,LAL,FL,ASO,ES,Federal Contract Tower,0,6,11,0,17,0,0,117,0,117,0,6,128,0,134,112,0,112,246
01/05/2009,LAL,FL,ASO,ES,Federal Contract Tower,0,2,35,0,37,0,0,117,0,117,0,2,152,0,154,146,0,146,300
01/06/2009,LAL,FL,ASO,ES,Federal Contract Tower,0,2,23,11,36,0,0,121,6,127,0,2,144,17,163,65,10,75,238
01/07/2009,LAL,FL,ASO,ES,Federal Contract Tower,0,8,14,3,25,0,0,57,2,59,0,8,71,5,84,59,13,72,156
01/08/2009,LAL,FL,ASO,ES,Federal Contract Tower,0,1,18,0,19,0,0,113,0,113,0,1,131,0,132,155,0,155,287
01/09/2009,LAL,FL,ASO,ES,Federal Contract Tower,0,4,41,16,61,0,0,144,40,184,0,4,185,56,245,118,15,133,378
01/10/2009,LAL,FL,ASO,ES,Federal Contract Tower,0,1,16,0,17,0,0,159,0,159,0,1,175,0,176,138,0,138,314
01/11/2009,LAL,FL,ASO,ES,Federal Contract Tower,0,1,12,15,28,0,0,111,15,126,0,1,123,30,154,125,18,143,297
01/12/2009,LAL,FL,ASO,ES,Federal Contract Tower,0,1,48,0,49,0,2,61,2,65,0,3,109,2,114,75,24,99,213
01/13/2009,LAL,FL,ASO,ES,Federal Contract Tower,0,0,56,9,65,0,0,86,4,90,0,0,142,13,155,115,10,125,280
01/14/2009,LAL,FL,ASO,ES,Federal Contract Tower,0,1,28,5,34,0,0,116,5,121,0,1,144,10,155,117,7,124,279
01/15/2009,LAL,FL,ASO,ES,Federal Contract Tower,0,2,36,3,41,0,0,164,2,166,0,2,200,5,207,119,9,128,335
01/16/2009,LAL,FL,ASO,ES,Federal Contract Tower,0,1,37,11,49,0,0,116,9,125,0,1,153,20,174,115,12,127,301
01/17/2009,LAL,FL,ASO,ES,Federal Contract Tower,0,6,22,3,31,0,0,142,2,144,0,6,164,5,175,139,7,146,321
01/18/2009,LAL,FL,ASO,ES,Federal Contract Tower,0,1,15,2,18,0,0,121,1,122,0,1,136,3,140,95,3,98,238
01/19/2009,LAL,FL,ASO,ES,Federal Contract Tower,0,4,25,0,29,0,0,112,0,112,0,4,137,0,141,114,0,114,255
01/20/2009,LAL,FL,ASO,ES,Federal Contract Tower,0,0,7,0,7,0,0,47,1,48,0,0,54,1,55,38,0,38,93
01/21/2009,LAL,FL,ASO,ES,Federal Contract Tower,0,2,30,0,32,0,0,92,1,93,0,2,122,1,125,134,0,134,259
01/22/2009,LAL,FL,ASO,ES,Federal Contract Tower,0,3,35,0,38,0,0,128,2,130,0,3,163,2,168,141,5,146,314
01/23/2009,LAL,FL,ASO,ES,Federal Contract Tower,0,2,35,6,43,0,0,213,8,221,0,2,248,14,264,110,13,123,387
01/24/2009,LAL,FL,ASO,ES,Federal Contract Tower,0,0,11,2,13,0,0,125,4,129,0,0,136,6,142,136,9,145,287
01/25/2009,LAL,FL,ASO,ES,Federal Contract Tower,0,0,16,6,22,0,0,144,8,152,0,0,160,14,174,87,13,100,274
01/26/2009,LAL,FL,ASO,ES,Federal Contract Tower,0,0,46,5,51,0,0,113,2,115,0,0,159,7,166,104,11,115,281
01/27/2009,LAL,FL,ASO,ES,Federal Contract Tower,0,0,23,0,23,0,0,101,0,101,0,0,124,0,124,113,0,113,237
01/28/2009,LAL,FL,ASO,ES,Federal Contract Tower,0,0,24,1,25,0,0,110,3,113,0,0,134,4,138,105,16,121,259
01/29/2009,LAL,FL,ASO,ES,Federal Contract Tower,0,5,36,0,41,0,0,73,0,73,0,5,109,0,114,96,0,96,210
01/30/2009,LAL,FL,ASO,ES,Federal Contract Tower,0,13,50,0,63,0,0,124,0,124,0,13,174,0,187,97,0,97,284
01/31/2009,LAL,FL,ASO,ES,Federal Contract Tower,0,22,13,0,35,0,0,169,0,169,0,22,182,0,204,121,0,121,325
02/01/2009,LAL,FL,ASO,ES,Federal Contract Tower,0,76,30,0,106,0,0,94,0,94,0,76,124,0,200,16,0,16,216
02/02/2009,LAL,FL,ASO,ES,Federal Contract Tower,0,18,32,7,57,0,0,40,2,42,0,18,72,9,99,31,15,46,145
02/03/2009,LAL,FL,ASO,ES,Federal Contract Tower,0,12,37,0,49,0,0,100,0,100,0,12,137,0,149,108,0,108,257
02/04/2009,LAL,FL,ASO,ES,Federal Contract Tower,0,2,30,12,44,0,0,74,10,84,0,2,104,22,128,136,30,166,294
02/05/2009,LAL,FL,ASO,ES,Federal Contract Tower,0,2,51,3,56,0,0,192,5,197,0,2,243,8,253,104,23,127,380
02/06/2009,LAL,FL,ASO,ES,Federal Contract Tower,0,6,49,4,59,0,0,167,2,169,0,6,216,6,228,112,12,124,352
02/07/2009,LAL,FL,ASO,ES,Federal Contract Tower,0,5,17,1,23,0,0,217,0,217,0,5,234,1,240,129,0,129,369
02/08/2009,LAL,FL,ASO,ES,Federal Contract Tower,0,3,28,6,37,0,0,167,1,168,0,3,195,7,205,90,12,102,307
02/09/2009,LAL,FL,ASO,ES,Federal Contract Tower,0,4,35,1,40,0,0,164,0,164,0,4,199,1,204,116,0,116,320
02/10/2009,LAL,FL,ASO,ES,Federal Contract Tower,0,3,15,6,24,14,0,101,4,119,14,3,116,10,143,145,14,159,302
02/11/2009,LAL,FL,ASO,ES,Federal Contract Tower,0,2,31,0,33,0,0,145,2,147,0,2,176,2,180,135,27,162,342
02/12/2009,LAL,FL,ASO,ES,Federal Contract Tower,0,0,34,0,34,0,0,52,2,54,0,0,86,2,88,74,18,92,180
02/13/2009,LAL,FL,ASO,ES,Federal Contract Tower,0,2,32,0,34,0,0,169,0,169,0,2,201,0,203,175,0,175,378
02/14/2009,LAL,FL,ASO,ES,Federal Contract Tower,0,1,22,0,23,0,0,100,0,100,0,1,122,0,123,86,0,86,209
02/15/2009,LAL,FL,ASO,ES,Federal Contract Tower,0,3,33,2,38,0,0,55,2,57,0,3,88,4,95,68,13,81,176
02/16/2009,LAL,FL,ASO,ES,Federal Contract Tower,0,2,23,0,25,0,0,137,0,137,0,2,160,0,162,97,0,97,259
02/17/2009,LAL,FL,ASO,ES,Federal Contract Tower,0,1,36,9,46,0,0,124,5,129,0,1,160,14,175,155,15,170,345
02/18/2009,LAL,FL,ASO,ES,Federal Contract Tower,0,1,22,0,23,0,0,104,4,108,0,1,126,4,131,92,13,105,236
02/19/2009,LAL,FL,ASO,ES,Federal Contract Tower,0,5,35,0,40,0,0,105,1,106,0,5,140,1,146,74,0,74,220
02/20/2009,LAL,FL,ASO,ES,Federal Contract Tower,0,5,55,1,61,0,0,176,8,184,0,5,231,9,245,117,27,144,389
02/21/2009,LAL,FL,ASO,ES,Federal Contract Tower,0,5,25,2,32,0,0,229,2,231,0,5,254,4,263,149,11,160,423
02/22/2009,LAL,FL,ASO,ES,Federal Contract Tower,0,9,30,6,45,0,0,241,13,254,0,9,271,19,299,91,28,119,418
02/23/2009,LAL,FL,ASO,ES,Federal Contract Tower,0,0,22,5,27,0,0,115,2,117,0,0,137,7,144,95,13,108,252
02/24/2009,LAL,FL,ASO,ES,Federal Contract Tower,0,0,31,0,31,0,0,134,0,134,0,0,165,0,165,102,0,102,267
02/25/2009,LAL,FL,ASO,ES,Federal Contract Tower,0,4,28,0,32,0,0,156,0,156,0,4,184,0,188,118,0,118,306
02/26/2009,LAL,FL,ASO,ES,Federal Contract Tower,0,5,40,0,45,0,0,147,4,151,0,5,187,4,196,146,40,186,382
02/27/2009,LAL,FL,ASO,ES,Federal Contract Tower,0,2,36,18,56,0,0,142,22,164,0,2,178,40,220,105,27,132,352
02/28/2009,LAL,FL,ASO,ES,Federal Contract Tower,0,2,13,0,15,0,0,130,0,130,0,2,143,0,145,98,0,98,243
03/01/2009,LAL,FL,ASO,ES,Federal Contract Tower,0,2,15,7,24,0,0,26,9,35,0,2,41,16,59,26,17,43,102
03/02/2009,LAL,FL,ASO,ES,Federal Contract Tower,0,2,24,0,26,0,0,104,2,106,0,2,128,2,132,82,7,89,221
03/03/2009,LAL,FL,ASO,ES,Federal Contract Tower,0,0,20,0,20,0,0,102,0,102,0,0,122,0,122,91,0,91,213
03/04/2009,LAL,FL,ASO,ES,Federal Contract Tower,0,2,58,12,72,0,0,144,12,156,0,2,202,24,228,95,41,136,364
03/05/2009,LAL,FL,ASO,ES,Federal Contract Tower,0,2,42,4,48,0,0,109,2,111,0,2,151,6,159,122,7,129,288
03/06/2009,LAL,FL,ASO,ES,Federal Contract Tower,0,4,31,2,37,0,0,158,24,182,0,4,189,26,219,129,37,166,385
03/07/2009,LAL,FL,ASO,ES,Federal Contract Tower,0,3,18,0,21,0,0,144,2,146,0,3,162,2,167,86,4,90,257
03/08/2009,LAL,FL,ASO,ES,Federal Contract Tower,0,5,15,2,22,0,0,109,10,119,0,5,124,12,141,78,17,95,236
03/09/2009,LAL,FL,ASO,ES,Federal Contract Tower,0,5,19,7,31,0,0,107,5,112,0,5,126,12,143,126,16,142,285
03/10/2009,LAL,FL,ASO,ES,Federal Contract Tower,0,2,39,2,43,0,0,144,4,148,0,2,183,6,191,118,8,126,317
03/11/2009,LAL,FL,ASO,ES,Federal Contract Tower,0,4,32,2,38,0,0,211,0,211,0,4,243,2,249,131,4,135,384
03/12/2009,LAL,FL,ASO,ES,Federal Contract Tower,0,3,46,8,57,0,0,122,6,128,0,3,168,14,185,125,10,135,320
03/13/2009,LAL,FL,ASO,ES,Federal Contract Tower,0,5,36,5,46,0,0,112,12,124,0,5,148,17,170,145,17,162,332
03/14/2009,LAL,FL,ASO,ES,Federal Contract Tower,0,3,23,0,26,0,0,140,0,140,0,3,163,0,166,105,0,105,271
03/15/2009,LAL,FL,ASO,ES,Federal Contract Tower,0,2,27,0,29,0,0,117,0,117,0,2,144,0,146,119,0,119,265
03/16/2009,LAL,FL,ASO,ES,Federal Contract Tower,0,3,36,2,41,0,0,83,0,83,0,3,119,2,124,96,4,100,224
03/17/2009,LAL,FL,ASO,ES,Federal Contract Tower,0,2,25,0,27,0,2,94,0,96,0,4,119,0,123,92,0,92,215
03/18/2009,LAL,FL,ASO,ES,Federal Contract Tower,0,4,30,4,38,0,0,103,4,107,0,4,133,8,145,53,12,65,210
03/19/2009,LAL,FL,ASO,ES,Federal Contract Tower,0,0,47,2,49,0,0,174,0,174,0,0,221,2,223,136,4,140,363
03/20/2009,LAL,FL,ASO,ES,Federal Contract Tower,0,1,38,7,46,0,2,161,8,171,0,3,199,15,217,117,26,143,360
03/21/2009,LAL,FL,ASO,ES,Federal Contract Tower,0,2,13,0,15,0,0,92,2,94,0,2,105,2,109,73,13,86,195
03/22/2009,LAL,FL,ASO,ES,Federal Contract Tower,0,5,4,3,12,0,0,80,4,84,0,5,84,7,96,91,17,108,204
03/23/2009,LAL,FL,ASO,ES,Federal Contract Tower,0,0,51,5,56,0,0,115,7,122,0,0,166,12,178,90,29,119,297
03/24/2009,LAL,FL,ASO,ES,Federal Contract Tower,0,2,29,2,33,0,0,121,4,125,0,2,150,6,158,116,11,127,285
03/25/2009,LAL,FL,ASO,ES,Federal Contract Tower,0,3,36,13,52,0,0,146,10,156,0,3,182,23,208,78,26,104,312
03/26/2009,LAL,FL,ASO,ES,Federal Contract Tower,0,4,9,4,17,0,0,101,2,103,0,4,110,6,120,62,5,67,187
03/27/2009,LAL,FL,ASO,ES,Federal Contract Tower,0,5,34,3,42,0,0,129,4,133,0,5,163,7,175,110,9,119,294
03/28/2009,LAL,FL,ASO,ES,Federal Contract Tower,0,7,12,0,19,0,0,37,0,37,0,7,49,0,56,17,0,17,73
03/29/2009,LAL,FL,ASO,ES,Federal Contract Tower,0,1,25,7,33,0,0,95,2,97,0,1,120,9,130,81,10,91,221
03/30/2009,LAL,FL,ASO,ES,Federal Contract Tower,0,4,17,3,24,0,0,124,4,128,0,4,141,7,152,151,13,164,316
03/31/2009,LAL,FL,ASO,ES,Federal Contract Tower,0,2,46,0,48,0,0,99,0,99,0,2,145,0,147,102,0,102,249
04/01/2009,LAL,FL,ASO,ES,Federal Contract Tower,0,4,46,4,54,0,0,99,5,104,0,4,145,9,158,148,13,161,319
04/02/2009,LAL,FL,ASO,ES,Federal Contract Tower,2,0,39,0,41,0,0,71,3,74,2,0,110,3,115,92,7,99,214
04/03/2009,LAL,FL,ASO,ES,Federal Contract Tower,0,2,21,9,32,0,0,120,10,130,0,2,141,19,162,50,15,65,227
04/04/2009,LAL,FL,ASO,ES,Federal Contract Tower,0,0,22,0,22,0,0,165,0,165,0,0,187,0,187,131,0,131,318
04/05/2009,LAL,FL,ASO,ES,Federal Contract Tower,0,0,25,9,34,0,0,109,0,109,0,0,134,9,143,78,22,100,243
04/06/2009,LAL,FL,ASO,ES,Federal Contract Tower,0,5,20,0,25,0,0,64,0,64,0,5,84,0,89,53,0,53,142
04/07/2009,LAL,FL,ASO,ES,Federal Contract Tower,0,1,20,2,23,0,0,55,0,55,0,1,75,2,78,72,2,74,152
04/08/2009,LAL,FL,ASO,ES,Federal Contract Tower,0,0,28,2,30,0,0,135,0,135,0,0,163,2,165,170,4,174,339
04/09/2009,LAL,FL,ASO,ES,Federal Contract Tower,0,1,38,2,41,0,0,170,2,172,0,1,208,4,213,133,7,140,353
04/10/2009,LAL,FL,ASO,ES,Federal Contract Tower,0,1,27,6,34,0,0,146,8,154,0,1,173,14,188,119,12,131,319
04/11/2009,LAL,FL,ASO,ES,Federal Contract Tower,0,0,23,0,23,0,0,145,0,145,0,0,168,0,168,142,0,142,310
04/12/2009,LAL,FL,ASO,ES,Federal Contract Tower,0,1,15,0,16,0,0,124,0,124,0,1,139,0,140,108,0,108,248
04/13/2009,LAL,FL,ASO,ES,Federal Contract Tower,0,2,20,2,24,0,0,117,0,117,0,2,137,2,141,96,4,100,241
04/14/2009,LAL,FL,ASO,ES,Federal Contract Tower,0,2,19,0,21,0,0,17,0,17,0,2,36,0,38,6,0,6,44
04/15/2009,LAL,FL,ASO,ES,Federal Contract Tower,0,0,30,0,30,0,0,169,1,170,0,0,199,1,200,131,0,131,331
04/16/2009,LAL,FL,ASO,ES,Federal Contract Tower,0,0,30,0,30,0,0,148,0,148,0,0,178,0,178,132,0,132,310
04/17/2009,LAL,FL,ASO,ES,Federal Contract Tower,0,6,31,10,47,0,0,180,17,197,0,6,211,27,244,76,13,89,333
04/18/2009,LAL,FL,ASO,ES,Federal Contract Tower,0,0,17,0,17,0,0,257,0,257,0,0,274,0,274,73,0,73,347
04/19/2009,LAL,FL,ASO,ES,Federal Contract Tower,0,0,0,0,0,0,0,470,0,470,0,0,470,0,470,274,0,274,744
04/20/2009,LAL,FL,ASO,ES,Federal Contract Tower,0,0,0,0,0,0,0,667,0,667,0,0,667,0,667,814,0,814,1481
04/21/2009,LAL,FL,ASO,ES,Federal Contract Tower,0,0,0,0,0,0,0,929,3,932,0,0,929,3,932,819,0,819,1751
04/22/2009,LAL,FL,ASO,ES,Federal Contract Tower,0,0,0,0,0,0,0,1225,0,1225,0,0,1225,0,1225,927,0,927,2152
04/23/2009,LAL,FL,ASO,ES,Federal Contract Tower,0,0,0,0,0,0,0,1659,4,1663,0,0,1659,4,1663,1069,0,1069,2732
04/24/2009,LAL,FL,ASO,ES,Federal Contract Tower,0,0,0,0,0,0,0,1446,3,1449,0,0,1446,3,1449,646,0,646,2095
04/25/2009,LAL,FL,ASO,ES,Federal Contract Tower,0,0,0,0,0,0,0,1583,5,1588,0,0,1583,5,1588,528,0,528,2116
04/26/2009,LAL,FL,ASO,ES,Federal Contract Tower,0,0,0,0,0,0,0,1139,5,1144,0,0,1139,5,1144,318,0,318,1462
04/27/2009,LAL,FL,ASO,ES,Federal Contract Tower,0,2,48,6,56,0,0,330,9,339,0,2,378,15,395,45,4,49,444
04/28/2009,LAL,FL,ASO,ES,Federal Contract Tower,0,0,26,2,28,0,0,146,2,148,0,0,172,4,176,61,16,77,253
04/29/2009,LAL,FL,ASO,ES,Federal Contract Tower,0,2,26,3,31,0,0,127,4,131,0,2,153,7,162,80,26,106,268
04/30/2009,LAL,FL,ASO,ES,Federal Contract Tower,0,2,32,2,36,0,0,136,4,140,0,2,168,6,176,84,5,89,265
05/01/2009,LAL,FL,ASO,ES,Federal Contract Tower,0,0,19,1,20,0,0,111,10,121,0,0,130,11,141,105,13,118,259
05/02/2009,LAL,FL,ASO,ES,Federal Contract Tower,0,0,13,0,13,0,0,86,2,88,0,0,99,2,101,96,5,101,202
05/03/2009,LAL,FL,ASO,ES,Federal Contract Tower,0,4,18,0,22,0,0,89,0,89,0,4,107,0,111,102,0,102,213
05/04/2009,LAL,FL,ASO,ES,Federal Contract Tower,0,0,17,0,17,0,0,64,0,64,0,0,81,0,81,52,0,52,133
05/05/2009,LAL,FL,ASO,ES,Federal Contract Tower,0,0,30,0,30,0,0,106,0,106,0,0,136,0,136,150,0,150,286
05/06/2009,LAL,FL,ASO,ES,Federal Contract Tower,0,0,29,4,33,0,0,111,0,111,0,0,140,4,144,137,8,145,289
05/07/2009,LAL,FL,ASO,ES,Federal Contract Tower,0,5,35,0,40,0,0,128,2,130,0,5,163,2,170,123,12,135,305
05/08/2009,LAL,FL,ASO,ES,Federal Contract Tower,0,1,32,2,35,0,0,112,0,112,0,1,144,2,147,84,0,84,231
05/09/2009,LAL,FL,ASO,ES,Federal Contract Tower,0,0,8,0,8,0,0,108,0,108,0,0,116,0,116,96,0,96,212
05/10/2009,LAL,FL,ASO,ES,Federal Contract Tower,0,4,17,0,21,0,0,52,0,52,0,4,69,0,73,83,0,83,156
05/11/2009,LAL,FL,ASO,ES,Federal Contract Tower,0,0,25,2,27,0,0,102,4,106,0,0,127,6,133,101,12,113,246
05/12/2009,LAL,FL,ASO,ES,Federal Contract Tower,0,0,25,0,25,0,0,60,2,62,0,0,85,2,87,90,12,102,189
05/13/2009,LAL,FL,ASO,ES,Federal Contract Tower,0,3,42,0,45,0,0,91,9,100,0,3,133,9,145,131,24,155,300
05/14/2009,LAL,FL,ASO,ES,Federal Contract Tower,0,1,37,7,45,0,0,120,6,126,0,1,157,13,171,117,14,131,302
05/15/2009,LAL,FL,ASO,ES,Federal Contract Tower,0,2,26,0,28,0,0,88,0,88,0,2,114,0,116,98,0,98,214
05/16/2009,LAL,FL,ASO,ES,Federal Contract Tower,0,0,21,0,21,0,0,117,0,117,0,0,138,0,138,103,0,103,241
05/17/2009,LAL,FL,ASO,ES,Federal Contract Tower,0,2,12,4,18,0,0,74,7,81,0,2,86,11,99,44,15,59,158
05/18/2009,LAL,FL,ASO,ES,Federal Contract Tower,0,0,19,5,24,0,0,18,2,20,0,0,37,7,44,8,0,8,52
05/19/2009,LAL,FL,ASO,ES,Federal Contract Tower,0,2,40,2,44,0,0,40,0,40,0,2,80,2,84,67,0,67,151
05/20/2009,LAL,FL,ASO,ES,Federal Contract Tower,0,0,38,6,44,0,0,50,2,52,0,0,88,8,96,47,13,60,156
05/21/2009,LAL,FL,ASO,ES,Federal Contract Tower,0,2,31,0,33,0,0,49,0,49,0,2,80,0,82,54,0,54,136
05/22/2009,LAL,FL,ASO,ES,Federal Contract Tower,0,2,61,0,63,0,0,69,2,71,0,2,130,2,134,99,2,101,235
05/23/2009,LAL,FL,ASO,ES,Federal Contract Tower,0,1,31,0,32,0,0,115,0,115,0,1,146,0,147,139,0,139,286
05/24/2009,LAL,FL,ASO,ES,Federal Contract Tower,0,0,15,0,15,0,0,85,0,85,0,0,100,0,100,82,0,82,182
05/25/2009,LAL,FL,ASO,ES,Federal Contract Tower,0,2,28,0,30,0,0,97,0,97,0,2,125,0,127,105,0,105,232
05/26/2009,LAL,FL,ASO,ES,Federal Contract Tower,0,2,29,0,31,0,0,141,0,141,0,2,170,0,172,94,0,94,266
05/27/2009,LAL,FL,ASO,ES,Federal Contract Tower,0,7,10,0,17,0,0,148,0,148,0,7,158,0,165,132,0,132,297
05/28/2009,LAL,FL,ASO,ES,Federal Contract Tower,0,4,29,0,33,0,0,136,0,136,0,4,165,0,169,139,0,139,308
05/29/2009,LAL,FL,ASO,ES,Federal Contract Tower,0,3,44,5,52,0,0,123,3,126,0,3,167,8,178,79,12,91,269
05/30/2009,LAL,FL,ASO,ES,Federal Contract Tower,0,2,22,0,24,0,0,98,0,98,0,2,120,0,122,137,0,137,259
05/31/2009,LAL,FL,ASO,ES,Federal Contract Tower,0,2,18,7,27,0,0,117,0,117,0,2,135,7,144,103,0,103,247
06/01/2009,LAL,FL,ASO,ES,Federal Contract Tower,0,3,28,4,35,0,0,91,0,91,0,3,119,4,126,142,4,146,272
06/02/2009,LAL,FL,ASO,ES,Federal Contract Tower,0,1,24,0,25,0,0,90,0,90,0,1,114,0,115,135,0,135,250
06/03/2009,LAL,FL,ASO,ES,Federal Contract Tower,0,4,31,0,35,0,0,105,0,105,0,4,136,0,140,114,0,114,254
06/04/2009,LAL,FL,ASO,ES,Federal Contract Tower,0,2,37,0,39,0,0,103,0,103,0,2,140,0,142,97,0,97,239
06/05/2009,LAL,FL,ASO,ES,Federal Contract Tower,0,4,16,0,20,0,0,115,2,117,0,4,131,2,137,82,5,87,224
06/06/2009,LAL,FL,ASO,ES,Federal Contract Tower,0,1,11,0,12,0,0,67,0,67,0,1,78,0,79,56,0,56,135
06/07/2009,LAL,FL,ASO,ES,Federal Contract Tower,0,2,16,0,18,0,0,86,0,86,0,2,102,0,104,76,0,76,180
06/08/2009,LAL,FL,ASO,ES,Federal Contract Tower,0,2,9,0,11,0,0,129,0,129,0,2,138,0,140,125,0,125,265
06/09/2009,LAL,FL,ASO,ES,Federal Contract Tower,0,2,18,0,20,0,0,120,0,120,0,2,138,0,140,60,0,60,200
06/10/2009,LAL,FL,ASO,ES,Federal Contract Tower,0,3,30,3,36,0,0,124,2,126,0,3,154,5,162,219,12,231,393
06/11/2009,LAL,FL,ASO,ES,Federal Contract Tower,0,1,34,2,37,0,0,136,2,138,0,1,170,4,175,153,7,160,335
06/12/2009,LAL,FL,ASO,ES,Federal Contract Tower,0,6,23,0,29,0,0,99,6,105,0,6,122,6,134,127,12,139,273
06/13/2009,LAL,FL,ASO,ES,Federal Contract Tower,0,1,14,0,15,0,0,105,0,105,0,1,119,0,120,130,0,130,250
06/14/2009,LAL,FL,ASO,ES,Federal Contract Tower,0,6,23,5,34,0,0,74,3,77,0,6,97,8,111,110,14,124,235
06/15/2009,LAL,FL,ASO,ES,Federal Contract Tower,0,0,16,5,21,0,0,86,4,90,0,0,102,9,111,122,24,146,257
06/16/2009,LAL,FL,ASO,ES,Federal Contract Tower,0,2,21,0,23,0,0,82,2,84,0,2,103,2,107,32,13,45,152
06/17/2009,LAL,FL,ASO,ES,Federal Contract Tower,0,0,24,0,24,0,0,92,0,92,0,0,116,0,116,112,0,112,228
06/18/2009,LAL,FL,ASO,ES,Federal Contract Tower,0,1,27,5,33,0,0,82,2,84,0,1,109,7,117,98,22,120,237
06/19/2009,LAL,FL,ASO,ES,Federal Contract Tower,0,4,25,6,35,0,0,122,4,126,0,4,147,10,161,128,17,145,306
06/20/2009,LAL,FL,ASO,ES,Federal Contract Tower,0,2,31,0,33,0,2,85,0,87,0,4,116,0,120,76,0,76,196
06/21/2009,LAL,FL,ASO,ES,Federal Contract Tower,0,5,22,0,27,0,0,64,0,64,0,5,86,0,91,24,0,24,115
06/22/2009,LAL,FL,ASO,ES,Federal Contract Tower,0,3,12,0,15,0,0,91,0,91,0,3,103,0,106,84,0,84,190
06/23/2009,LAL,FL,ASO,ES,Federal Contract Tower,0,2,22,0,24,0,0,88,0,88,0,2,110,0,112,97,0,97,209
06/24/2009,LAL,FL,ASO,ES,Federal Contract Tower,0,10,30,7,47,0,0,93,4,97,0,10,123,11,144,104,9,113,257
06/25/2009,LAL,FL,ASO,ES,Federal Contract Tower,0,3,32,4,39,0,0,113,2,115,0,3,145,6,154,85,10,95,249
06/26/2009,LAL,FL,ASO,ES,Federal Contract Tower,0,5,23,0,28,0,0,56,0,56,0,5,79,0,84,6,0,6,90
06/27/2009,LAL,FL,ASO,ES,Federal Contract Tower,0,0,15,0,15,0,0,101,0,101,0,0,116,0,116,109,0,109,225
06/28/2009,LAL,FL,ASO,ES,Federal Contract Tower,0,1,16,0,17,0,0,87,0,87,0,1,103,0,104,91,0,91,195
06/29/2009,LAL,FL,ASO,ES,Federal Contract Tower,0,1,9,0,10,0,0,41,0,41,0,1,50,0,51,42,0,42,93
06/30/2009,LAL,FL,ASO,ES,Federal Contract Tower,0,2,14,1,17,0,0,27,2,29,0,2,41,3,46,4,4,8,54
07/01/2009,LAL,FL,ASO,ES,Federal Contract Tower,0,2,11,0,13,0,0,20,0,20,0,2,31,0,33,0,0,0,33
07/02/2009,LAL,FL,ASO,ES,Federal Contract Tower,0,0,27,0,27,0,0,39,0,39,0,0,66,0,66,18,0,18,84
07/03/2009,LAL,FL,ASO,ES,Federal Contract Tower,0,1,5,1,7,0,0,115,0,115,0,1,120,1,122,118,2,120,242
07/04/2009,LAL,FL,ASO,ES,Federal Contract Tower,0,0,15,0,15,0,0,44,0,44,0,0,59,0,59,42,0,42,101
07/05/2009,LAL,FL,ASO,ES,Federal Contract Tower,0,2,7,1,10,0,0,71,0,71,0,2,78,1,81,51,2,53,134
07/06/2009,LAL,FL,ASO,ES,Federal Contract Tower,0,4,20,3,27,0,0,54,0,54,0,4,74,3,81,79,35,114,195
07/07/2009,LAL,FL,ASO,ES,Federal Contract Tower,0,0,18,1,19,0,0,99,2,101,0,0,117,3,120,27,8,35,155
07/08/2009,LAL,FL,ASO,ES,Federal Contract Tower,0,0,23,0,23,0,0,76,2,78,0,0,99,2,101,64,14,78,179
07/09/2009,LAL,FL,ASO,ES,Federal Contract Tower,0,0,15,9,24,0,0,50,5,55,0,0,65,14,79,13,19,32,111
07/10/2009,LAL,FL,ASO,ES,Federal Contract Tower,0,0,24,1,25,0,0,104,3,107,0,0,128,4,132,57,11,68,200
07/11/2009,LAL,FL,ASO,ES,Federal Contract Tower,0,1,9,0,10,0,0,84,2,86,0,1,93,2,96,56,4,60,156
07/12/2009,LAL,FL,ASO,ES,Federal Contract Tower,0,1,6,0,7,0,0,85,0,85,0,1,91,0,92,31,0,31,123
07/13/2009,LAL,FL,ASO,ES,Federal Contract Tower,0,0,23,3,26,0,0,100,0,100,0,0,123,3,126,89,4,93,219
07/14/2009,LAL,FL,ASO,ES,Federal Contract Tower,0,0,20,5,25,0,0,94,4,98,0,0,114,9,123,45,18,63,186
07/15/2009,LAL,FL,ASO,ES,Federal Contract Tower,0,5,27,5,37,0,0,115,4,119,0,5,142,9,156,114,10,124,280
07/16/2009,LAL,FL,ASO,ES,Federal Contract Tower,0,1,29,15,45,0,0,84,13,97,0,1,113,28,142,96,26,122,264
07/17/2009,LAL,FL,ASO,ES,Federal Contract Tower,0,2,24,0,26,0,1,77,0,78,0,3,101,0,104,87,0,87,191
07/18/2009,LAL,FL,ASO,ES,Federal Contract Tower,0,0,14,0,14,0,0,105,1,106,0,0,119,1,120,86,0,86,206
07/19/2009,LAL,FL,ASO,ES,Federal Contract Tower,0,2,5,0,7,0,0,95,2,97,0,2,100,2,104,47,6,53,157
07/20/2009,LAL,FL,ASO,ES,Federal Contract Tower,0,0,7,3,10,0,0,82,3,85,0,0,89,6,95,64,10,74,169
07/21/2009,LAL,FL,ASO,ES,Federal Contract Tower,0,1,43,3,47,0,0,108,2,110,0,1,151,5,157,101,12,113,270
07/22/2009,LAL,FL,ASO,ES,Federal Contract Tower,0,2,20,6,28,0,0,104,6,110,0,2,124,12,138,103,34,137,275
07/23/2009,LAL,FL,ASO,ES,Federal Contract Tower,0,2,17,7,26,0,0,89,3,92,0,2,106,10,118,106,16,122,240
07/24/2009,LAL,FL,ASO,ES,Federal Contract Tower,0,4,17,6,27,0,0,95,5,100,0,4,112,11,127,113,24,137,264
07/25/2009,LAL,FL,ASO,ES,Federal Contract Tower,0,7,19,0,26,0,0,110,0,110,0,7,129,0,136,111,0,111,247
07/26/2009,LAL,FL,ASO,ES,Federal Contract Tower,0,4,11,3,18,0,0,41,7,48,0,4,52,10,66,71,4,75,141
07/27/2009,LAL,FL,ASO,ES,Federal Contract Tower,0,0,30,5,35,0,0,97,0,97,0,0,127,5,132,98,10,108,240
07/28/2009,LAL,FL,ASO,ES,Federal Contract Tower,0,1,26,5,32,0,0,84,0,84,0,1,110,5,116,129,17,146,262
07/29/2009,LAL,FL,ASO,ES,Federal Contract Tower,0,2,8,11,21,0,0,61,8,69,0,2,69,19,90,100,16,116,206
07/30/2009,LAL,FL,ASO,ES,Federal Contract Tower,0,1,27,0,28,0,0,61,0,61,0,1,88,0,89,28,0,28,117
07/31/2009,LAL,FL,ASO,ES,Federal Contract Tower,0,0,15,0,15,0,0,74,0,74,0,0,89,0,89,48,0,48,137
08/01/2009,LAL,FL,ASO,ES,Federal Contract Tower,0,2,7,0,9,0,0,90,2,92,0,2,97,2,101,91,12,103,204
08/02/2009,LAL,FL,ASO,ES,Federal Contract Tower,0,1,4,3,8,0,0,73,2,75,0,1,77,5,83,38,14,52,135
08/03/2009,LAL,FL,ASO,ES,Federal Contract Tower,0,1,21,2,24,0,0,78,0,78,0,1,99,2,102,97,0,97,199
08/04/2009,LAL,FL,ASO,ES,Federal Contract Tower,0,5,35,0,40,0,0,82,0,82,0,5,117,0,122,98,0,98,220
08/05/2009,LAL,FL,ASO,ES,Federal Contract Tower,0,2,19,0,21,0,0,131,0,131,0,2,150,0,152,109,0,109,261
08/06/2009,LAL,FL,ASO,ES,Federal Contract Tower,0,4,26,0,30,0,0,107,0,107,0,4,133,0,137,48,0,48,185
08/07/2009,LAL,FL,ASO,ES,Federal Contract Tower,0,2,19,6,27,0,0,108,0,108,0,2,127,6,135,101,12,113,248
08/08/2009,LAL,FL,ASO,ES,Federal Contract Tower,0,0,9,0,9,0,0,61,2,63,0,0,70,2,72,92,13,105,177
08/09/2009,LAL,FL,ASO,ES,Federal Contract Tower,0,2,14,2,18,0,0,50,0,50,0,2,64,2,68,26,4,30,98
08/10/2009,LAL,FL,ASO,ES,Federal Contract Tower,0,0,26,4,30,0,0,90,2,92,0,0,116,6,122,63,62,125,247
08/11/2009,LAL,FL,ASO,ES,Federal Contract Tower,0,0,13,2,15,0,0,87,0,87,0,0,100,2,102,87,4,91,193
08/12/2009,LAL,FL,ASO,ES,Federal Contract Tower,0,0,13,0,13,0,0,56,0,56,0,0,69,0,69,21,0,21,90
08/13/2009,LAL,FL,ASO,ES,Federal Contract Tower,0,3,26,0,29,0,0,94,2,96,0,3,120,2,125,84,4,88,213
08/14/2009,LAL,FL,ASO,ES,Federal Contract Tower,0,2,20,0,22,0,0,96,0,96,0,2,116,0,118,51,0,51,169
08/15/2009,LAL,FL,ASO,ES,Federal Contract Tower,0,1,19,0,20,0,0,93,0,93,0,1,112,0,113,81,0,81,194
08/16/2009,LAL,FL,ASO,ES,Federal Contract Tower,0,0,15,0,15,0,0,125,0,125,0,0,140,0,140,88,0,88,228
08/17/2009,LAL,FL,ASO,ES,Federal Contract Tower,0,0,32,0,32,0,0,84,0,84,0,0,116,0,116,46,0,46,162
08/18/2009,LAL,FL,ASO,ES,Federal Contract Tower,0,0,31,0,31,0,2,57,0,59,0,2,88,0,90,79,0,79,169
08/19/2009,LAL,FL,ASO,ES,Federal Contract Tower,0,4,22,0,26,0,0,2,0,2,0,4,24,0,28,119,0,119,147
08/20/2009,LAL,FL,ASO,ES,Federal Contract Tower,0,0,16,0,16,0,0,90,2,92,0,0,106,2,108,155,6,161,269
08/21/2009,LAL,FL,ASO,ES,Federal Contract Tower,0,5,13,17,35,0,0,80,10,90,0,5,93,27,125,58,22,80,205
08/22/2009,LAL,FL,ASO,ES,Federal Contract Tower,0,1,9,0,10,0,0,105,0,105,0,1,114,0,115,120,0,120,235
08/23/2009,LAL,FL,ASO,ES,Federal Contract Tower,0,3,4,0,7,0,0,49,1,50,0,3,53,1,57,17,0,17,74
08/24/2009,LAL,FL,ASO,ES,Federal Contract Tower,0,1,24,0,25,0,0,74,0,74,0,1,98,0,99,36,0,36,135
08/25/2009,LAL,FL,ASO,ES,Federal Contract Tower,0,0,28,0,28,0,0,115,0,115,0,0,143,0,143,88,0,88,231
08/26/2009,LAL,FL,ASO,ES,Federal Contract Tower,0,2,15,0,17,0,0,125,0,125,0,2,140,0,142,112,0,112,254
08/27/2009,LAL,FL,ASO,ES,Federal Contract Tower,0,0,40,0,40,0,0,84,0,84,0,0,124,0,124,95,0,95,219
08/28/2009,LAL,FL,ASO,ES,Federal Contract Tower,0,4,31,0,35,0,0,66,0,66,0,4,97,0,101,65,0,65,166
08/29/2009,LAL,FL,ASO,ES,Federal Contract Tower,0,0,17,0,17,0,0,75,0,75,0,0,92,0,92,72,0,72,164
08/30/2009,LAL,FL,ASO,ES,Federal Contract Tower,0,2,13,2,17,0,0,93,0,93,0,2,106,2,110,73,4,77,187
08/31/2009,LAL,FL,ASO,ES,Federal Contract Tower,0,0,11,0,11,0,0,108,0,108,0,0,119,0,119,49,0,49,168
09/01/2009,LAL,FL,ASO,ES,Federal Contract Tower,0,0,31,0,31,0,0,106,0,106,0,0,137,0,137,50,0,50,187
09/02/2009,LAL,FL,ASO,ES,Federal Contract Tower,0,8,36,2,46,0,0,50,0,50,0,8,86,2,96,25,4,29,125
09/03/2009,LAL,FL,ASO,ES,Federal Contract Tower,0,2,42,2,46,0,0,92,0,92,0,2,134,2,138,75,4,79,217
09/04/2009,LAL,FL,ASO,ES,Federal Contract Tower,0,2,35,0,37,0,0,90,0,90,0,2,125,0,127,77,0,77,204
09/05/2009,LAL,FL,ASO,ES,Federal Contract Tower,0,0,14,0,14,0,0,89,0,89,0,0,103,0,103,83,0,83,186
09/06/2009,LAL,FL,ASO,ES,Federal Contract Tower,0,0,12,0,12,0,0,66,0,66,0,0,78,0,78,41,0,41,119
09/07/2009,LAL,FL,ASO,ES,Federal Contract Tower,0,3,26,0,29,0,0,96,0,96,0,3,122,0,125,81,0,81,206
09/08/2009,LAL,FL,ASO,ES,Federal Contract Tower,0,3,18,0,21,0,0,100,0,100,0,3,118,0,121,110,0,110,231
09/09/2009,LAL,FL,ASO,ES,Federal Contract Tower,0,2,14,8,24,0,0,107,6,113,0,2,121,14,137,57,16,73,210
09/10/2009,LAL,FL,ASO,ES,Federal Contract Tower,0,2,34,0,36,0,0,91,0,91,0,2,125,0,127,70,0,70,197
09/11/2009,LAL,FL,ASO,ES,Federal Contract Tower,0,0,13,1,14,0,0,72,0,72,0,0,85,1,86,104,2,106,192
09/12/2009,LAL,FL,ASO,ES,Federal Contract Tower,0,3,30,2,35,0,0,30,0,30,0,3,60,2,65,28,4,32,97
09/13/2009,LAL,FL,ASO,ES,Federal Contract Tower,0,1,15,1,17,0,0,50,4,54,0,1,65,5,71,22,14,36,107
09/14/2009,LAL,FL,ASO,ES,Federal Contract Tower,0,0,19,0,19,0,0,87,0,87,0,0,106,0,106,47,0,47,153
09/15/2009,LAL,FL,ASO,ES,Federal Contract Tower,0,0,17,4,21,0,0,101,0,101,0,0,118,4,122,100,17,117,239
09/16/2009,LAL,FL,ASO,ES,Federal Contract Tower,0,2,26,13,41,0,0,122,6,128,0,2,148,19,169,69,14,83,252
09/17/2009,LAL,FL,ASO,ES,Federal Contract Tower,0,1,23,2,26,0,0,93,0,93,0,1,116,2,119,82,8,90,209
09/18/2009,LAL,FL,ASO,ES,Federal Contract Tower,0,3,24,10,37,0,0,104,12,116,0,3,128,22,153,65,40,105,258
09/19/2009,LAL,FL,ASO,ES,Federal Contract Tower,0,0,11,0,11,0,0,76,0,76,0,0,87,0,87,49,0,49,136
09/20/2009,LAL,FL,ASO,ES,Federal Contract Tower,0,2,31,2,35,0,0,73,0,73,0,2,104,2,108,54,4,58,166
09/21/2009,LAL,FL,ASO,ES,Federal Contract Tower,0,1,33,0,34,0,0,90,2,92,0,1,123,2,126,60,4,64,190
09/22/2009,LAL,FL,ASO,ES,Federal Contract Tower,0,1,31,0,32,0,0,82,0,82,0,1,113,0,114,95,0,95,209
09/23/2009,LAL,FL,ASO,ES,Federal Contract Tower,0,3,28,1,32,0,0,101,2,103,0,3,129,3,135,89,18,107,242
09/24/2009,LAL,FL,ASO,ES,Federal Contract Tower,0,0,29,2,31,0,0,137,2,139,0,0,166,4,170,103,10,113,283
09/25/2009,LAL,FL,ASO,ES,Federal Contract Tower,0,0,21,3,24,0,1,88,2,91,0,1,109,5,115,51,4,55,170
09/26/2009,LAL,FL,ASO,ES,Federal Contract Tower,0,3,29,0,32,0,3,120,0,123,0,6,149,0,155,71,0,71,226
09/27/2009,LAL,FL,ASO,ES,Federal Contract Tower,0,0,16,0,16,0,0,70,0,70,0,0,86,0,86,71,0,71,157
09/28/2009,LAL,FL,ASO,ES,Federal Contract Tower,0,0,22,2,24,0,0,84,3,87,0,0,106,5,111,81,24,105,216
09/29/2009,LAL,FL,ASO,ES,Federal Contract Tower,0,4,32,0,36,0,4,113,2,119,0,8,145,2,155,106,2,108,263
09/30/2009,LAL,FL,ASO,ES,Federal Contract Tower,0,0,26,3,29,0,0,0,0,0,0,0,26,3,29,152,7,159,188
10/01/2009,LAL,FL,ASO,ES,Federal Contract Tower,0,4,21,2,27,0,4,118,4,126,0,8,139,6,153,76,18,94,247
10/02/2009,LAL,FL,ASO,ES,Federal Contract Tower,0,1,12,4,17,0,1,87,8,96,0,2,99,12,113,62,4,66,179
10/03/2009,LAL,FL,ASO,ES,Federal Contract Tower,0,1,7,1,9,0,1,100,2,103,0,2,107,3,112,73,0,73,185
10/04/2009,LAL,FL,ASO,ES,Federal Contract Tower,0,4,11,0,15,0,4,72,0,76,0,8,83,0,91,42,0,42,133
10/05/2009,LAL,FL,ASO,ES,Federal Contract Tower,0,1,9,2,12,0,1,45,2,48,0,2,54,4,60,13,22,35,95
10/06/2009,LAL,FL,ASO,ES,Federal Contract Tower,0,1,22,8,31,0,3,77,4,84,0,4,99,12,115,72,10,82,197
10/07/2009,LAL,FL,ASO,ES,Federal Contract Tower,0,2,23,0,25,0,2,79,0,81,0,4,102,0,106,38,0,38,144
10/08/2009,LAL,FL,ASO,ES,Federal Contract Tower,0,3,24,0,27,0,3,69,0,72,0,6,93,0,99,78,0,78,177
10/09/2009,LAL,FL,ASO,ES,Federal Contract Tower,0,3,24,2,29,0,3,115,2,120,0,6,139,4,149,100,0,100,249
10/10/2009,LAL,FL,ASO,ES,Federal Contract Tower,0,4,7,0,11,0,4,87,0,91,0,8,94,0,102,70,0,70,172
10/11/2009,LAL,FL,ASO,ES,Federal Contract Tower,0,4,8,0,12,0,4,47,0,51,0,8,55,0,63,10,0,10,73
10/12/2009,LAL,FL,ASO,ES,Federal Contract Tower,0,5,35,0,40,0,5,91,0,96,0,10,126,0,136,25,0,25,161
10/13/2009,LAL,FL,ASO,ES,Federal Contract Tower,0,0,38,7,45,0,0,71,2,73,0,0,109,9,118,70,30,100,218
10/14/2009,LAL,FL,ASO,ES,Federal Contract Tower,0,2,22,10,34,0,2,73,6,81,0,4,95,16,115,50,8,58,173
10/15/2009,LAL,FL,ASO,ES,Federal Contract Tower,0,1,23,5,29,0,0,72,0,72,0,1,95,5,101,100,2,102,203
10/16/2009,LAL,FL,ASO,ES,Federal Contract Tower,0,2,28,1,31,0,0,20,0,20,0,2,48,1,51,3,0,3,54
10/17/2009,LAL,FL,ASO,ES,Federal Contract Tower,0,0,53,0,53,0,0,52,0,52,0,0,105,0,105,48,0,48,153
10/18/2009,LAL,FL,ASO,ES,Federal Contract Tower,0,0,21,1,22,0,0,54,1,55,0,0,75,2,77,36,4,40,117
10/19/2009,LAL,FL,ASO,ES,Federal Contract Tower,0,6,23,0,29,0,0,52,0,52,0,6,75,0,81,42,0,42,123
10/20/2009,LAL,FL,ASO,ES,Federal Contract Tower,0,2,21,0,23,0,0,66,0,66,0,2,87,0,89,51,0,51,140
10/21/2009,LAL,FL,ASO,ES,Federal Contract Tower,0,3,34,6,43,0,0,65,0,65,0,3,99,6,108,66,0,66,174
10/22/2009,LAL,FL,ASO,ES,Federal Contract Tower,0,2,58,4,64,0,0,79,0,79,0,2,137,4,143,85,0,85,228
10/23/2009,LAL,FL,ASO,ES,Federal Contract Tower,0,3,23,6,32,0,0,76,6,82,0,3,99,12,114,34,4,38,152
10/24/2009,LAL,FL,ASO,ES,Federal Contract Tower,0,0,16,4,20,0,0,126,0,126,0,0,142,4,146,61,0,61,207
10/25/2009,LAL,FL,ASO,ES,Federal Contract Tower,0,4,20,0,24,0,0,81,8,89,0,4,101,8,113,58,0,58,171
10/26/2009,LAL,FL,ASO,ES,Federal Contract Tower,0,5,20,0,25,0,0,64,0,64,0,5,84,0,89,59,0,59,148
10/27/2009,LAL,FL,ASO,ES,Federal Contract Tower,0,3,42,0,45,0,0,46,2,48,0,3,88,2,93,27,0,27,120
10/28/2009,LAL,FL,ASO,ES,Federal Contract Tower,0,2,42,2,46,0,0,76,0,76,0,2,118,2,122,62,0,62,184
10/29/2009,LAL,FL,ASO,ES,Federal Contract Tower,0,1,30,6,37,0,0,67,2,69,0,1,97,8,106,62,6,68,174
10/30/2009,LAL,FL,ASO,ES,Federal Contract Tower,0,6,34,2,42,0,0,36,0,36,0,6,70,2,78,8,0,8,86
10/31/2009,LAL,FL,ASO,ES,Federal Contract Tower,0,0,7,0,7,0,0,115,0,115,0,0,122,0,122,82,0,82,204
11/01/2009,LAL,FL,ASO,ES,Federal Contract Tower,0,1,45,4,50,0,0,50,2,52,0,1,95,6,102,0,68,68,170
11/02/2009,LAL,FL,ASO,ES,Federal Contract Tower,0,1,30,0,31,0,0,71,0,71,0,1,101,0,102,40,0,40,142
11/03/2009,LAL,FL,ASO,ES,Federal Contract Tower,0,0,46,0,46,0,0,80,0,80,0,0,126,0,126,94,0,94,220
11/04/2009,LAL,FL,ASO,ES,Federal Contract Tower,0,0,18,3,21,0,0,97,2,99,0,0,115,5,120,72,4,76,196
11/05/2009,LAL,FL,ASO,ES,Federal Contract Tower,0,3,30,2,35,0,0,83,0,83,0,3,113,2,118,92,0,92,210
11/06/2009,LAL,FL,ASO,ES,Federal Contract Tower,0,2,16,10,28,0,0,76,2,78,0,2,92,12,106,56,0,56,162
11/07/2009,LAL,FL,ASO,ES,Federal Contract Tower,0,9,7,0,16,0,0,409,0,409,0,9,416,0,425,49,0,49,474
11/08/2009,LAL,FL,ASO,ES,Federal Contract Tower,0,3,18,4,25,0,0,68,7,75,0,3,86,11,100,20,4,24,124
11/09/2009,LAL,FL,ASO,ES,Federal Contract Tower,0,2,30,27,59,0,1,34,3,38,0,3,64,30,97,30,70,100,197
11/10/2009,LAL,FL,ASO,ES,Federal Contract Tower,0,0,25,19,44,0,0,39,1,40,0,0,64,20,84,75,50,125,209
11/11/2009,LAL,FL,ASO,ES,Federal Contract Tower,0,6,50,0,56,0,0,31,0,31,0,6,81,0,87,30,0,30,117
11/12/2009,LAL,FL,ASO,ES,Federal Contract Tower,0,2,22,8,32,0,0,92,3,95,0,2,114,11,127,30,6,36,163
11/13/2009,LAL,FL,ASO,ES,Federal Contract Tower,0,0,37,6,43,0,0,26,0,26,0,0,63,6,69,34,0,34,103
11/14/2009,LAL,FL,ASO,ES,Federal Contract Tower,0,5,10,0,15,0,0,93,0,93,0,5,103,0,108,58,0,58,166
11/15/2009,LAL,FL,ASO,ES,Federal Contract Tower,0,5,17,2,24,0,0,80,0,80,0,5,97,2,104,52,4,56,160
11/16/2009,LAL,FL,ASO,ES,Federal Contract Tower,0,1,22,3,26,0,0,62,0,62,0,1,84,3,88,24,4,28,116
11/17/2009,LAL,FL,ASO,ES,Federal Contract Tower,0,0,4,28,32,0,0,103,2,105,0,0,107,30,137,74,36,110,247
11/18/2009,LAL,FL,ASO,ES,Federal Contract Tower,0,4,15,0,19,0,0,82,2,84,0,4,97,2,103,38,28,66,169
11/19/2009,LAL,FL,ASO,ES,Federal Contract Tower,0,3,23,0,26,0,0,93,0,93,0,3,116,0,119,50,0,50,169
11/20/2009,LAL,FL,ASO,ES,Federal Contract Tower,0,4,34,4,42,0,0,61,3,64,0,4,95,7,106,40,0,40,146
11/21/2009,LAL,FL,ASO,ES,Federal Contract Tower,0,3,15,0,18,0,0,87,0,87,0,3,102,0,105,53,0,53,158
11/22/2009,LAL,FL,ASO,ES,Federal Contract Tower,0,4,16,20,40,0,0,49,8,57,0,4,65,28,97,39,10,49,146
11/23/2009,LAL,FL,ASO,ES,Federal Contract Tower,0,2,31,0,33,0,0,61,2,63,0,2,92,2,96,38,0,38,134
11/24/2009,LAL,FL,ASO,ES,Federal Contract Tower,0,5,34,2,41,0,0,38,2,40,0,5,72,4,81,30,0,30,111
11/25/2009,LAL,FL,ASO,ES,Federal Contract Tower,0,5,18,4,27,0,0,0,0,0,0,5,18,4,27,0,0,0,27
11/26/2009,LAL,FL,ASO,ES,Federal Contract Tower,0,1,10,0,11,0,0,11,0,11,0,1,21,0,22,10,0,10,32
11/27/2009,LAL,FL,ASO,ES,Federal Contract Tower,0,10,27,0,37,0,0,48,0,48,0,10,75,0,85,29,0,29,114
11/28/2009,LAL,FL,ASO,ES,Federal Contract Tower,0,3,10,0,13,0,0,72,0,72,0,3,82,0,85,48,0,48,133
11/29/2009,LAL,FL,ASO,ES,Federal Contract Tower,0,2,27,0,29,0,0,65,0,65,0,2,92,0,94,41,0,41,135
11/30/2009,LAL,FL,ASO,ES,Federal Contract Tower,0,0,15,0,15,0,0,77,0,77,0,0,92,0,92,66,0,66,158
12/01/2009,LAL,FL,ASO,ES,Federal Contract Tower,0,2,33,2,37,0,0,110,2,112,0,2,143,4,149,76,0,76,225
12/02/2009,LAL,FL,ASO,ES,Federal Contract Tower,0,2,3,1,6,0,0,21,2,23,0,2,24,3,29,0,0,0,29
12/03/2009,LAL,FL,ASO,ES,Federal Contract Tower,0,1,28,7,36,0,0,30,2,32,0,1,58,9,68,10,22,32,100
12/04/2009,LAL,FL,ASO,ES,Federal Contract Tower,0,0,18,8,26,0,0,8,0,8,0,0,26,8,34,6,24,30,64
12/05/2009,LAL,FL,ASO,ES,Federal Contract Tower,0,4,26,0,30,0,0,17,0,17,0,4,43,0,47,0,0,0,47
12/06/2009,LAL,FL,ASO,ES,Federal Contract Tower,0,3,15,0,18,0,0,55,0,55,0,3,70,0,73,44,0,44,117
12/07/2009,LAL,FL,ASO,ES,Federal Contract Tower,0,0,43,9,52,0,0,60,2,62,0,0,103,11,114,26,6,32,146
12/08/2009,LAL,FL,ASO,ES,Federal Contract Tower,0,2,35,3,40,0,0,85,0,85,0,2,120,3,125,104,10,114,239
12/09/2009,LAL,FL,ASO,ES,Federal Contract Tower,0,5,42,13,60,0,0,25,0,25,0,5,67,13,85,26,18,44,129
12/10/2009,LAL,FL,ASO,ES,Federal Contract Tower,0,3,35,0,38,0,0,9,0,9,0,3,44,0,47,16,0,16,63
12/11/2009,LAL,FL,ASO,ES,Federal Contract Tower,0,5,44,3,52,0,0,58,2,60,0,5,102,5,112,64,0,64,176
12/12/2009,LAL,FL,ASO,ES,Federal Contract Tower,0,1,18,0,19,0,0,70,0,70,0,1,88,0,89,56,0,56,145
12/13/2009,LAL,FL,ASO,ES,Federal Contract Tower,0,2,17,0,19,0,0,35,4,39,0,2,52,4,58,38,2,40,98
12/14/2009,LAL,FL,ASO,ES,Federal Contract Tower,0,2,16,3,21,0,0,53,0,53,0,2,69,3,74,76,0,76,150
12/15/2009,LAL,FL,ASO,ES,Federal Contract Tower,0,4,24,4,32,0,0,54,0,54,0,4,78,4,86,99,0,99,185
12/16/2009,LAL,FL,ASO,ES,Federal Contract Tower,0,0,35,10,45,0,0,83,0,83,0,0,118,10,128,53,8,61,189
12/17/2009,LAL,FL,ASO,ES,Federal Contract Tower,0,6,34,4,44,0,0,33,0,33,0,6,67,4,77,61,20,81,158
12/18/2009,LAL,FL,ASO,ES,Federal Contract Tower,0,0,15,0,15,0,0,1,0,1,0,0,16,0,16,0,0,0,16
12/19/2009,LAL,FL,ASO,ES,Federal Contract Tower,0,1,20,0,21,0,0,37,2,39,0,1,57,2,60,43,0,43,103
12/20/2009,LAL,FL,ASO,ES,Federal Contract Tower,0,1,17,0,18,0,0,55,2,57,0,1,72,2,75,26,0,26,101
12/21/2009,LAL,FL,ASO,ES,Federal Contract Tower,0,2,35,0,37,0,0,91,0,91,0,2,126,0,128,62,0,62,190
12/22/2009,LAL,FL,ASO,ES,Federal Contract Tower,0,0,28,2,30,0,0,93,2,95,0,0,121,4,125,94,0,94,219
12/23/2009,LAL,FL,ASO,ES,Federal Contract Tower,0,6,25,0,31,0,0,82,0,82,0,6,107,0,113,54,0,54,167
12/24/2009,LAL,FL,ASO,ES,Federal Contract Tower,0,1,7,0,8,0,0,42,0,42,0,1,49,0,50,36,0,36,86
12/25/2009,LAL,FL,ASO,ES,Federal Contract Tower,0,1,0,0,1,0,0,3,0,3,0,1,3,0,4,0,0,0,4
12/26/2009,LAL,FL,ASO,ES,Federal Contract Tower,0,3,26,0,29,0,0,50,0,50,0,3,76,0,79,29,0,29,108
12/27/2009,LAL,FL,ASO,ES,Federal Contract Tower,0,0,15,0,15,0,0,41,0,41,0,0,56,0,56,24,0,24,80
12/28/2009,LAL,FL,ASO,ES,Federal Contract Tower,0,0,3,0,3,0,0,69,0,69,0,0,72,0,72,60,0,60,132
12/29/2009,LAL,FL,ASO,ES,Federal Contract Tower,0,0,17,5,22,0,0,114,0,114,0,0,131,5,136,90,0,90,226
12/30/2009,LAL,FL,ASO,ES,Federal Contract Tower,0,0,14,0,14,0,0,68,0,68,0,0,82,0,82,34,0,34,116
12/31/2009,LAL,FL,ASO,ES,Federal Contract Tower,0,7,17,0,24,0,0,62,0,62,0,7,79,0,86,40,0,40,126
01/01/2010,LAL,FL,ASO,ES,Federal Contract Tower,0,1,7,0,8,0,0,2,0,2,0,1,9,0,10,0,0,0,10
01/02/2010,LAL,FL,ASO,ES,Federal Contract Tower,0,3,21,0,24,0,0,55,0,55,0,3,76,0,79,38,0,38,117
01/03/2010,LAL,FL,ASO,ES,Federal Contract Tower,0,1,4,0,5,0,0,65,0,65,0,1,69,0,70,56,0,56,126
01/04/2010,LAL,FL,ASO,ES,Federal Contract Tower,0,2,27,0,29,0,77,4,0,81,0,79,31,0,110,86,0,86,196
01/05/2010,LAL,FL,ASO,ES,Federal Contract Tower,0,0,22,1,23,0,0,56,4,60,0,0,78,5,83,36,0,36,119
01/06/2010,LAL,FL,ASO,ES,Federal Contract Tower,0,0,22,0,22,0,0,82,1,83,0,0,104,1,105,35,0,35,140
01/07/2010,LAL,FL,ASO,ES,Federal Contract Tower,0,0,34,4,38,0,0,111,4,115,0,0,145,8,153,30,0,30,183
01/08/2010,LAL,FL,ASO,ES,Federal Contract Tower,0,0,8,18,26,0,0,34,4,38,0,0,42,22,64,24,19,43,107
01/09/2010,LAL,FL,ASO,ES,Federal Contract Tower,0,0,7,0,7,0,0,12,2,14,0,0,19,2,21,16,0,16,37
01/10/2010,LAL,FL,ASO,ES,Federal Contract Tower,0,0,16,0,16,0,0,51,0,51,0,0,67,0,67,52,0,52,119
01/11/2010,LAL,FL,ASO,ES,Federal Contract Tower,0,0,19,14,33,0,0,64,2,66,0,0,83,16,99,91,26,117,216
01/12/2010,LAL,FL,ASO,ES,Federal Contract Tower,0,2,25,6,33,0,0,61,2,63,0,2,86,8,96,50,2,52,148
01/13/2010,LAL,FL,ASO,ES,Federal Contract Tower,0,1,33,4,38,0,0,70,0,70,0,1,103,4,108,68,0,68,176
01/14/2010,LAL,FL,ASO,ES,Federal Contract Tower,0,3,49,0,52,0,0,88,2,90,0,3,137,2,142,52,26,78,220
01/15/2010,LAL,FL,ASO,ES,Federal Contract Tower,0,0,27,0,27,0,0,91,0,91,0,0,118,0,118,91,0,91,209
01/16/2010,LAL,FL,ASO,ES,Federal Contract Tower,0,5,20,0,25,0,0,34,1,35,0,5,54,1,60,25,0,25,85
01/17/2010,LAL,FL,ASO,ES,Federal Contract Tower,0,5,12,0,17,0,0,34,2,36,0,5,46,2,53,19,0,19,72
01/18/2010,LAL,FL,ASO,ES,Federal Contract Tower,0,3,29,3,35,0,0,74,0,74,0,3,103,3,109,73,0,73,182
01/19/2010,LAL,FL,ASO,ES,Federal Contract Tower,0,4,42,2,48,0,0,81,0,81,0,4,123,2,129,56,0,56,185
01/20/2010,LAL,FL,ASO,ES,Federal Contract Tower,0,3,11,2,16,0,9,69,2,80,0,12,80,4,96,58,14,72,168
01/21/2010,LAL,FL,ASO,ES,Federal Contract Tower,0,2,32,2,36,0,0,30,0,30,0,2,62,2,66,17,0,17,83
01/22/2010,LAL,FL,ASO,ES,Federal Contract Tower,0,6,43,2,51,0,0,38,3,41,0,6,81,5,92,28,2,30,122
01/23/2010,LAL,FL,ASO,ES,Federal Contract Tower,0,1,21,0,22,0,0,84,0,84,0,1,105,0,106,60,0,60,166
01/24/2010,LAL,FL,ASO,ES,Federal Contract Tower,0,1,28,1,30,0,0,11,0,11,0,1,39,1,41,4,0,4,45
01/25/2010,LAL,FL,ASO,ES,Federal Contract Tower,0,4,11,1,16,0,0,47,3,50,0,4,58,4,66,62,0,62,128
01/26/2010,LAL,FL,ASO,ES,Federal Contract Tower,0,1,19,0,20,0,0,112,2,114,0,1,131,2,134,52,8,60,194
01/27/2010,LAL,FL,ASO,ES,Federal Contract Tower,0,1,31,4,36,0,0,112,0,112,0,1,143,4,148,115,0,115,263
01/28/2010,LAL,FL,ASO,ES,Federal Contract Tower,0,2,21,0,23,0,0,42,0,42,0,2,63,0,65,26,0,26,91
01/29/2010,LAL,FL,ASO,ES,Federal Contract Tower,0,2,25,17,44,0,0,107,0,107,0,2,132,17,151,113,0,113,264
01/30/2010,LAL,FL,ASO,ES,Federal Contract Tower,0,3,12,0,15,0,0,32,0,32,0,3,44,0,47,53,0,53,100
01/31/2010,LAL,FL,ASO,ES,Federal Contract Tower,0,1,31,16,48,0,0,40,4,44,0,1,71,20,92,50,0,50,142
02/01/2010,LAL,FL,ASO,ES,Federal Contract Tower,0,2,35,6,43,0,0,7,0,7,0,2,42,6,50,8,4,12,62
02/02/2010,LAL,FL,ASO,ES,Federal Contract Tower,0,5,37,12,54,0,0,21,2,23,0,5,58,14,77,35,0,35,112
02/03/2010,LAL,FL,ASO,ES,Federal Contract Tower,0,1,4,0,5,0,0,65,0,65,0,1,69,0,70,56,0,56,126
02/04/2010,LAL,FL,ASO,ES,Federal Contract Tower,0,0,56,2,58,0,0,91,0,91,0,0,147,2,149,35,10,45,194
02/05/2010,LAL,FL,ASO,ES,Federal Contract Tower,0,0,33,0,33,0,0,19,0,19,0,0,52,0,52,2,0,2,54
02/06/2010,LAL,FL,ASO,ES,Federal Contract Tower,0,4,56,0,60,0,0,139,0,139,0,4,195,0,199,86,0,86,285
02/07/2010,LAL,FL,ASO,ES,Federal Contract Tower,0,0,47,0,47,0,0,153,0,153,0,0,200,0,200,102,0,102,302
02/08/2010,LAL,FL,ASO,ES,Federal Contract Tower,0,2,25,0,27,0,0,105,0,105,0,2,130,0,132,87,0,87,219
02/09/2010,LAL,FL,ASO,ES,Federal Contract Tower,0,0,9,0,9,0,0,24,0,24,0,0,33,0,33,12,0,12,45
02/10/2010,LAL,FL,ASO,ES,Federal Contract Tower,0,3,30,4,37,0,0,62,0,62,0,3,92,4,99,36,8,44,143
02/11/2010,LAL,FL,ASO,ES,Federal Contract Tower,0,3,38,3,44,0,0,103,0,103,0,3,141,3,147,70,0,70,217
02/12/2010,LAL,FL,ASO,ES,Federal Contract Tower,0,0,32,2,34,0,0,25,0,25,0,0,57,2,59,7,0,7,66
02/13/2010,LAL,FL,ASO,ES,Federal Contract Tower,0,4,34,0,38,0,0,70,0,70,0,4,104,0,108,63,0,63,171
02/14/2010,LAL,FL,ASO,ES,Federal Contract Tower,0,2,17,0,19,0,0,75,0,75,0,2,92,0,94,63,0,63,157
02/15/2010,LAL,FL,ASO,ES,Federal Contract Tower,0,3,28,0,31,0,0,67,0,67,0,3,95,0,98,70,0,70,168
02/16/2010,LAL,FL,ASO,ES,Federal Contract Tower,0,4,36,12,52,0,0,78,2,80,0,4,114,14,132,58,2,60,192
02/17/2010,LAL,FL,ASO,ES,Federal Contract Tower,0,0,39,2,41,0,0,84,4,88,0,0,123,6,129,60,28,88,217
02/18/2010,LAL,FL,ASO,ES,Federal Contract Tower,0,2,51,4,57,0,0,99,0,99,0,2,150,4,156,82,0,82,238
02/19/2010,LAL,FL,ASO,ES,Federal Contract Tower,0,13,12,2,27,0,0,31,7,38,0,13,43,9,65,52,8,60,125
02/20/2010,LAL,FL,ASO,ES,Federal Contract Tower,0,0,25,0,25,0,0,201,2,203,0,0,226,2,228,60,0,60,288
02/21/2010,LAL,FL,ASO,ES,Federal Contract Tower,0,4,38,1,43,0,0,153,0,153,0,4,191,1,196,46,0,46,242
02/22/2010,LAL,FL,ASO,ES,Federal Contract Tower,0,1,41,0,42,0,0,35,0,35,0,1,76,0,77,63,0,63,140
02/23/2010,LAL,FL,ASO,ES,Federal Contract Tower,0,2,42,6,50,0,0,66,0,66,0,2,108,6,116,48,0,48,164
02/24/2010,LAL,FL,ASO,ES,Federal Contract Tower,0,2,54,8,64,0,0,22,0,22,0,2,76,8,86,6,0,6,92
02/25/2010,LAL,FL,ASO,ES,Federal Contract Tower,0,1,33,0,34,0,0,81,0,81,0,1,114,0,115,37,0,37,152
02/26/2010,LAL,FL,ASO,ES,Federal Contract Tower,0,2,37,5,44,0,0,119,9,128,0,2,156,14,172,48,0,48,220
02/27/2010,LAL,FL,ASO,ES,Federal Contract Tower,0,0,20,0,20,0,0,36,0,36,0,0,56,0,56,23,0,23,79
02/28/2010,LAL,FL,ASO,ES,Federal Contract Tower,0,0,28,0,28,0,0,63,6,69,0,0,91,6,97,72,0,72,169
03/01/2010,LAL,FL,ASO,ES,Federal Contract Tower,0,5,41,9,55,0,0,102,2,104,0,5,143,11,159,46,10,56,215
03/02/2010,LAL,FL,ASO,ES,Federal Contract Tower,0,0,31,2,33,0,0,6,0,6,0,0,37,2,39,0,0,0,39
03/03/2010,LAL,FL,ASO,ES,Federal Contract Tower,0,3,28,13,44,0,0,37,5,42,0,3,65,18,86,26,28,54,140
03/04/2010,LAL,FL,ASO,ES,Federal Contract Tower,0,1,25,0,26,0,0,75,2,77,0,1,100,2,103,24,0,24,127
03/05/2010,LAL,FL,ASO,ES,Federal Contract Tower,0,4,42,12,58,0,0,83,2,85,0,4,125,14,143,34,0,34,177
03/06/2010,LAL,FL,ASO,ES,Federal Contract Tower,0,1,23,0,24,0,0,103,0,103,0,1,126,0,127,53,0,53,180
03/07/2010,LAL,FL,ASO,ES,Federal Contract Tower,1,4,29,9,43,0,0,95,12,107,1,4,124,21,150,14,0,14,164
03/08/2010,LAL,FL,ASO,ES,Federal Contract Tower,1,2,29,8,40,0,0,90,0,90,1,2,119,8,130,52,0,52,182
03/09/2010,LAL,FL,ASO,ES,Federal Contract Tower,0,2,43,2,47,0,0,68,0,68,0,2,111,2,115,96,0,96,211
03/10/2010,LAL,FL,ASO,ES,Federal Contract Tower,0,11,22,0,33,0,0,70,0,70,0,11,92,0,103,33,0,33,136
03/11/2010,LAL,FL,ASO,ES,Federal Contract Tower,0,4,36,0,40,0,0,2,0,2,0,4,38,0,42,0,0,0,42
03/12/2010,LAL,FL,ASO,ES,Federal Contract Tower,2,0,28,0,30,0,0,2,0,2,2,0,30,0,32,0,0,0,32
03/13/2010,LAL,FL,ASO,ES,Federal Contract Tower,0,2,32,0,34,0,0,76,0,76,0,2,108,0,110,41,0,41,151
03/14/2010,LAL,FL,ASO,ES,Federal Contract Tower,0,0,18,2,20,0,0,71,0,71,0,0,89,2,91,24,1,25,116
03/15/2010,LAL,FL,ASO,ES,Federal Contract Tower,0,2,33,2,37,0,0,51,0,51,0,2,84,2,88,32,0,32,120
03/16/2010,LAL,FL,ASO,ES,Federal Contract Tower,1,0,32,4,37,0,0,93,0,93,1,0,125,4,130,65,0,65,195
03/17/2010,LAL,FL,ASO,ES,Federal Contract Tower,1,4,54,0,59,0,0,45,0,45,1,4,99,0,104,16,0,16,120
03/18/2010,LAL,FL,ASO,ES,Federal Contract Tower,0,3,39,0,42,0,0,90,5,95,0,3,129,5,137,127,23,150,287
03/19/2010,LAL,FL,ASO,ES,Federal Contract Tower,1,2,21,9,33,0,0,95,12,107,1,2,116,21,140,61,102,163,303
03/20/2010,LAL,FL,ASO,ES,Federal Contract Tower,0,1,33,1,35,0,0,94,2,96,0,1,127,3,131,136,10,146,277
03/21/2010,LAL,FL,ASO,ES,Federal Contract Tower,0,1,10,5,16,0,0,6,5,11,0,1,16,10,27,2,2,4,31
03/22/2010,LAL,FL,ASO,ES,Federal Contract Tower,1,2,13,4,20,0,0,48,5,53,1,2,61,9,73,28,0,28,101
03/23/2010,LAL,FL,ASO,ES,Federal Contract Tower,1,4,25,7,37,0,0,115,2,117,1,4,140,9,154,66,6,72,226
03/24/2010,LAL,FL,ASO,ES,Federal Contract Tower,0,6,35,0,41,0,0,84,0,84,0,6,119,0,125,68,0,68,193
03/25/2010,LAL,FL,ASO,ES,Federal Contract Tower,0,1,32,0,33,0,0,90,0,90,0,1,122,0,123,42,0,42,165
03/26/2010,LAL,FL,ASO,ES,Federal Contract Tower,0,6,34,9,49,0,0,69,10,79,0,6,103,19,128,54,4,58,186
03/27/2010,LAL,FL,ASO,ES,Federal Contract Tower,0,4,26,0,30,0,0,126,0,126,0,4,152,0,156,73,0,73,229
03/28/2010,LAL,FL,ASO,ES,Federal Contract Tower,0,2,18,3,23,0,0,27,2,29,0,2,45,5,52,20,0,20,72
03/29/2010,LAL,FL,ASO,ES,Federal Contract Tower,0,0,16,9,25,0,0,25,1,26,0,0,41,10,51,12,14,26,77
03/30/2010,LAL,FL,ASO,ES,Federal Contract Tower,0,1,23,4,28,0,0,117,0,117,0,1,140,4,145,86,0,86,231
03/31/2010,LAL,FL,ASO,ES,Federal Contract Tower,0,4,17,5,26,0,0,107,0,107,0,4,124,5,133,38,2,40,173
04/01/2010,LAL,FL,ASO,ES,Federal Contract Tower,4,2,24,13,43,0,0,114,2,116,4,2,138,15,159,95,4,99,258
04/02/2010,LAL,FL,ASO,ES,Federal Contract Tower,0,3,13,4,20,0,0,113,6,119,0,3,126,10,139,114,0,114,253
04/03/2010,LAL,FL,ASO,ES,Federal Contract Tower,0,2,27,0,29,0,0,104,0,104,0,2,131,0,133,117,0,117,250
04/04/2010,LAL,FL,ASO,ES,Federal Contract Tower,0,0,14,5,19,0,0,70,2,72,0,0,84,7,91,45,0,45,136
04/05/2010,LAL,FL,ASO,ES,Federal Contract Tower,0,4,18,0,22,0,0,91,0,91,0,4,109,0,113,72,0,72,185
04/06/2010,LAL,FL,ASO,ES,Federal Contract Tower,0,0,28,4,32,0,0,105,2,107,0,0,133,6,139,62,2,64,203
04/07/2010,LAL,FL,ASO,ES,Federal Contract Tower,0,0,26,1,27,0,0,120,1,121,0,0,146,2,148,76,0,76,224
04/08/2010,LAL,FL,ASO,ES,Federal Contract Tower,0,0,41,0,41,0,0,80,0,80,0,0,121,0,121,19,0,19,140
04/09/2010,LAL,FL,ASO,ES,Federal Contract Tower,0,0,40,6,46,0,0,56,8,64,0,0,96,14,110,16,38,54,164
04/10/2010,LAL,FL,ASO,ES,Federal Contract Tower,0,1,17,0,18,0,0,195,0,195,0,1,212,0,213,30,0,30,243
04/11/2010,LAL,FL,ASO,ES,Federal Contract Tower,0,0,7,0,7,0,0,448,0,448,0,0,455,0,455,0,0,0,455
04/12/2010,LAL,FL,ASO,ES,Federal Contract Tower,0,0,1,1,2,0,0,746,0,746,0,0,747,1,748,4,0,4,752
04/13/2010,LAL,FL,ASO,ES,Federal Contract Tower,0,0,1,1,2,0,0,1050,0,1050,0,0,1051,1,1052,4,0,4,1056
04/14/2010,LAL,FL,ASO,ES,Federal Contract Tower,0,0,2,0,2,0,0,1205,0,1205,0,0,1207,0,1207,6,0,6,1213
04/15/2010,LAL,FL,ASO,ES,Federal Contract Tower,0,0,3,0,3,0,0,1644,2,1646,0,0,1647,2,1649,2,0,2,1651
04/16/2010,LAL,FL,ASO,ES,Federal Contract Tower,0,0,6,0,6,0,0,1564,0,1564,0,0,1570,0,1570,0,0,0,1570
04/17/2010,LAL,FL,ASO,ES,Federal Contract Tower,0,0,1,0,1,0,0,1221,0,1221,0,0,1222,0,1222,0,0,0,1222
04/18/2010,LAL,FL,ASO,ES,Federal Contract Tower,0,0,2,0,2,0,0,520,0,520,0,0,522,0,522,0,0,0,522
04/19/2010,LAL,FL,ASO,ES,Federal Contract Tower,0,3,57,10,70,0,0,223,0,223,0,3,280,10,293,0,0,0,293
04/20/2010,LAL,FL,ASO,ES,Federal Contract Tower,0,0,29,0,29,0,0,112,0,112,0,0,141,0,141,12,0,12,153
04/21/2010,LAL,FL,ASO,ES,Federal Contract Tower,0,3,24,0,27,0,0,51,2,53,0,3,75,2,80,44,2,46,126
04/22/2010,LAL,FL,ASO,ES,Federal Contract Tower,0,1,30,2,33,0,0,122,0,122,0,1,152,2,155,110,0,110,265
04/23/2010,LAL,FL,ASO,ES,Federal Contract Tower,0,2,21,4,27,0,0,105,0,105,0,2,126,4,132,32,0,32,164
04/24/2010,LAL,FL,ASO,ES,Federal Contract Tower,0,7,12,0,19,0,0,123,0,123,0,7,135,0,142,73,0,73,215
04/25/2010,LAL,FL,ASO,ES,Federal Contract Tower,0,3,17,0,20,0,0,74,0,74,0,3,91,0,94,20,0,20,114
04/26/2010,LAL,FL,ASO,ES,Federal Contract Tower,0,6,49,14,69,0,0,56,0,56,0,6,105,14,125,48,6,54,179
04/27/2010,LAL,FL,ASO,ES,Federal Contract Tower,0,1,29,4,34,0,0,90,0,90,0,1,119,4,124,78,0,78,202
04/28/2010,LAL,FL,ASO,ES,Federal Contract Tower,0,2,33,2,37,0,0,109,0,109,0,2,142,2,146,86,0,86,232
04/29/2010,LAL,FL,ASO,ES,Federal Contract Tower,0,6,24,2,32,0,0,108,0,108,0,6,132,2,140,90,0,90,230
04/30/2010,LAL,FL,ASO,ES,Federal Contract Tower,0,3,49,10,62,0,0,79,0,79,0,3,128,10,141,15,0,15,156
05/01/2010,LAL,FL,ASO,ES,Federal Contract Tower,0,0,56,0,56,0,0,70,0,70,0,0,126,0,126,72,0,72,198
05/02/2010,LAL,FL,ASO,ES,Federal Contract Tower,0,0,56,0,56,0,0,70,0,70,0,0,126,0,126,72,0,72,198
05/03/2010,LAL,FL,ASO,ES,Federal Contract Tower,0,1,30,8,39,0,0,66,0,66,0,1,96,8,105,30,2,32,137
05/04/2010,LAL,FL,ASO,ES,Federal Contract Tower,0,0,38,0,38,0,0,72,0,72,0,0,110,0,110,28,0,28,138
05/05/2010,LAL,FL,ASO,ES,Federal Contract Tower,0,0,44,4,48,0,0,49,0,49,0,0,93,4,97,37,0,37,134
05/06/2010,LAL,FL,ASO,ES,Federal Contract Tower,0,4,45,4,53,0,0,65,0,65,0,4,110,4,118,52,0,52,170
05/07/2010,LAL,FL,ASO,ES,Federal Contract Tower,0,3,34,1,38,0,0,77,3,80,0,3,111,4,118,49,0,49,167
05/08/2010,LAL,FL,ASO,ES,Federal Contract Tower,0,0,23,0,23,0,0,117,0,117,0,0,140,0,140,92,0,92,232
05/09/2010,LAL,FL,ASO,ES,Federal Contract Tower,0,1,19,0,20,0,0,74,2,76,0,1,93,2,96,22,0,22,118
05/10/2010,LAL,FL,ASO,ES,Federal Contract Tower,0,3,28,17,48,0,0,57,3,60,0,3,85,20,108,110,32,142,250
05/11/2010,LAL,FL,ASO,ES,Federal Contract Tower,0,8,3,0,11,0,0,71,2,73,0,8,74,2,84,70,3,73,157
05/12/2010,LAL,FL,ASO,ES,Federal Contract Tower,0,2,31,10,43,0,0,61,2,63,0,2,92,12,106,64,18,82,188
05/13/2010,LAL,FL,ASO,ES,Federal Contract Tower,0,0,17,2,19,0,0,96,0,96,0,0,113,2,115,96,10,106,221
05/14/2010,LAL,FL,ASO,ES,Federal Contract Tower,0,0,28,24,52,0,2,92,16,110,0,2,120,40,162,50,2,52,214
05/15/2010,LAL,FL,ASO,ES,Federal Contract Tower,0,0,9,0,9,0,0,133,0,133,0,0,142,0,142,96,0,96,238
05/16/2010,LAL,FL,ASO,ES,Federal Contract Tower,0,3,16,2,21,0,1,63,0,64,0,4,79,2,85,20,0,20,105
05/17/2010,LAL,FL,ASO,ES,Federal Contract Tower,0,0,33,15,48,0,0,15,1,16,0,0,48,16,64,34,0,34,98
05/18/2010,LAL,FL,ASO,ES,Federal Contract Tower,0,0,42,4,46,0,0,83,3,86,0,0,125,7,132,70,0,70,202
05/19/2010,LAL,FL,ASO,ES,Federal Contract Tower,0,4,60,0,64,0,0,92,1,93,0,4,152,1,157,75,0,75,232
05/20/2010,LAL,FL,ASO,ES,Federal Contract Tower,0,2,44,0,46,0,0,95,1,96,0,2,139,1,142,69,0,69,211
05/21/2010,LAL,FL,ASO,ES,Federal Contract Tower,0,4,49,17,70,0,0,100,18,118,0,4,149,35,188,73,4,77,265
05/22/2010,LAL,FL,ASO,ES,Federal Contract Tower,0,3,34,6,43,0,0,113,2,115,0,3,147,8,158,96,0,96,254
05/23/2010,LAL,FL,ASO,ES,Federal Contract Tower,0,2,16,18,36,0,0,131,5,136,0,2,147,23,172,102,0,102,274
05/24/2010,LAL,FL,ASO,ES,Federal Contract Tower,0,3,26,6,35,0,0,104,0,104,0,3,130,6,139,105,0,105,244
05/25/2010,LAL,FL,ASO,ES,Federal Contract Tower,0,2,48,4,54,0,0,58,5,63,0,2,106,9,117,124,0,124,241
05/26/2010,LAL,FL,ASO,ES,Federal Contract Tower,0,4,48,0,52,0,0,80,0,80,0,4,128,0,132,51,0,51,183
05/27/2010,LAL,FL,ASO,ES,Federal Contract Tower,0,2,30,4,36,0,0,99,0,99,0,2,129,4,135,89,4,93,228
05/28/2010,LAL,FL,ASO,ES,Federal Contract Tower,0,1,23,1,25,0,0,79,0,79,0,1,102,1,104,63,0,63,167
05/29/2010,LAL,FL,ASO,ES,Federal Contract Tower,0,0,24,0,24,0,0,72,0,72,0,0,96,0,96,34,0,34,130
05/30/2010,LAL,FL,ASO,ES,Federal Contract Tower,0,2,14,0,16,0,0,81,0,81,0,2,95,0,97,32,0,32,129
05/31/2010,LAL,FL,ASO,ES,Federal Contract Tower,0,4,21,1,26,0,0,79,0,79,0,4,100,1,105,102,0,102,207
06/01/2010,LAL,FL,ASO,ES,Federal Contract Tower,0,2,27,0,29,0,0,55,0,55,0,2,82,0,84,26,0,26,110
06/02/2010,LAL,FL,ASO,ES,Federal Contract Tower,0,0,34,0,34,0,0,64,2,66,0,0,98,2,100,63,2,65,165
06/03/2010,LAL,FL,ASO,ES,Federal Contract Tower,0,3,30,0,33,0,0,64,0,64,0,3,94,0,97,49,0,49,146
06/04/2010,LAL,FL,ASO,ES,Federal Contract Tower,0,0,35,3,38,0,0,62,4,66,0,0,97,7,104,69,2,71,175
06/05/2010,LAL,FL,ASO,ES,Federal Contract Tower,0,0,42,0,42,0,0,150,4,154,0,0,192,4,196,82,32,114,310
06/06/2010,LAL,FL,ASO,ES,Federal Contract Tower,0,3,23,1,27,0,0,73,3,76,0,3,96,4,103,40,2,42,145
06/07/2010,LAL,FL,ASO,ES,Federal Contract Tower,0,4,35,0,39,0,0,61,2,63,0,4,96,2,102,67,4,71,173
06/08/2010,LAL,FL,ASO,ES,Federal Contract Tower,0,4,31,0,35,0,0,83,0,83,0,4,114,0,118,71,0,71,189
06/09/2010,LAL,FL,ASO,ES,Federal Contract Tower,0,3,10,7,20,0,0,98,1,99,0,3,108,8,119,65,10,75,194
06/10/2010,LAL,FL,ASO,ES,Federal Contract Tower,0,3,22,16,41,0,0,120,0,120,0,3,142,16,161,88,5,93,254
06/11/2010,LAL,FL,ASO,ES,Federal Contract Tower,0,1,42,0,43,0,1,117,2,120,0,2,159,2,163,114,0,114,277
06/12/2010,LAL,FL,ASO,ES,Federal Contract Tower,0,1,10,0,11,0,0,88,0,88,0,1,98,0,99,74,0,74,173
06/13/2010,LAL,FL,ASO,ES,Federal Contract Tower,0,0,12,0,12,0,0,63,0,63,0,0,75,0,75,42,0,42,117
06/14/2010,LAL,FL,ASO,ES,Federal Contract Tower,0,6,11,13,30,0,0,49,6,55,0,6,60,19,85,37,53,90,175
06/15/2010,LAL,FL,ASO,ES,Federal Contract Tower,0,5,25,4,34,0,0,55,2,57,0,5,80,6,91,62,4,66,157
06/16/2010,LAL,FL,ASO,ES,Federal Contract Tower,0,2,13,4,19,0,0,55,0,55,0,2,68,4,74,26,4,30,104
06/17/2010,LAL,FL,ASO,ES,Federal Contract Tower,0,3,29,2,34,0,0,60,2,62,0,3,89,4,96,58,6,64,160
06/18/2010,LAL,FL,ASO,ES,Federal Contract Tower,0,5,18,0,23,0,0,66,4,70,0,5,84,4,93,71,22,93,186
06/19/2010,LAL,FL,ASO,ES,Federal Contract Tower,0,2,21,0,23,0,0,78,0,78,0,2,99,0,101,46,0,46,147
06/20/2010,LAL,FL,ASO,ES,Federal Contract Tower,0,1,3,0,4,0,0,59,3,62,0,1,62,3,66,36,0,36,102
06/21/2010,LAL,FL,ASO,ES,Federal Contract Tower,0,0,25,10,35,0,0,48,0,48,0,0,73,10,83,33,0,33,116
06/22/2010,LAL,FL,ASO,ES,Federal Contract Tower,0,5,29,3,37,0,0,55,1,56,0,5,84,4,93,39,47,86,179
06/23/2010,LAL,FL,ASO,ES,Federal Contract Tower,0,1,28,10,39,0,0,66,0,66,0,1,94,10,105,79,0,79,184
06/24/2010,LAL,FL,ASO,ES,Federal Contract Tower,0,0,36,2,38,0,0,111,5,116,0,0,147,7,154,66,8,74,228
06/25/2010,LAL,FL,ASO,ES,Federal Contract Tower,0,0,20,0,20,0,0,92,4,96,0,0,112,4,116,63,14,77,193
06/26/2010,LAL,FL,ASO,ES,Federal Contract Tower,0,3,17,0,20,0,0,102,0,102,0,3,119,0,122,54,0,54,176
06/27/2010,LAL,FL,ASO,ES,Federal Contract Tower,0,3,26,2,31,0,0,0,67,67,0,3,26,69,98,2,0,2,100
06/28/2010,LAL,FL,ASO,ES,Federal Contract Tower,0,4,22,0,26,0,0,58,0,58,0,4,80,0,84,22,0,22,106
06/29/2010,LAL,FL,ASO,ES,Federal Contract Tower,0,1,19,6,26,0,0,71,0,71,0,1,90,6,97,53,0,53,150
06/30/2010,LAL,FL,ASO,ES,Federal Contract Tower,0,3,21,2,26,0,0,37,0,37,0,3,58,2,63,9,14,23,86
07/01/2010,LAL,FL,ASO,ES,Federal Contract Tower,0,0,23,0,23,0,0,53,0,53,0,0,76,0,76,22,0,22,98
07/02/2010,LAL,FL,ASO,ES,Federal Contract Tower,0,2,50,6,58,0,0,18,0,18,0,2,68,6,76,18,2,20,96
07/03/2010,LAL,FL,ASO,ES,Federal Contract Tower,0,0,38,0,38,0,0,40,0,40,0,0,78,0,78,6,0,6,84
07/04/2010,LAL,FL,ASO,ES,Federal Contract Tower,0,1,12,0,13,0,0,18,0,18,0,1,30,0,31,8,0,8,39
07/05/2010,LAL,FL,ASO,ES,Federal Contract Tower,0,3,26,0,29,0,0,9,0,9,0,3,35,0,38,11,0,11,49
07/06/2010,LAL,FL,ASO,ES,Federal Contract Tower,0,4,41,0,45,0,0,44,0,44,0,4,85,0,89,34,0,34,123
07/07/2010,LAL,FL,ASO,ES,Federal Contract Tower,0,0,23,4,27,0,0,65,0,65,0,0,88,4,92,23,0,23,115
07/08/2010,LAL,FL,ASO,ES,Federal Contract Tower,0,2,29,2,33,0,0,70,0,70,0,2,99,2,103,42,0,42,145
07/09/2010,LAL,FL,ASO,ES,Federal Contract Tower,0,0,22,4,26,0,0,76,0,76,0,0,98,4,102,32,0,32,134
07/10/2010,LAL,FL,ASO,ES,Federal Contract Tower,0,0,17,4,21,0,0,96,0,96,0,0,113,4,117,53,0,53,170
07/11/2010,LAL,FL,ASO,ES,Federal Contract Tower,0,2,18,0,20,0,0,84,0,84,0,2,102,0,104,26,0,26,130
07/12/2010,LAL,FL,ASO,ES,Federal Contract Tower,0,1,25,9,35,0,0,59,2,61,0,1,84,11,96,5,26,31,127
07/13/2010,LAL,FL,ASO,ES,Federal Contract Tower,0,2,12,0,14,0,0,50,0,50,0,2,62,0,64,75,0,75,139
07/14/2010,LAL,FL,ASO,ES,Federal Contract Tower,0,2,23,0,25,0,0,59,0,59,0,2,82,0,84,63,0,63,147
07/15/2010,LAL,FL,ASO,ES,Federal Contract Tower,0,4,31,10,45,0,0,48,0,48,0,4,79,10,93,32,0,32,125
07/16/2010,LAL,FL,ASO,ES,Federal Contract Tower,0,6,23,8,37,0,0,54,7,61,0,6,77,15,98,59,0,59,157
07/17/2010,LAL,FL,ASO,ES,Federal Contract Tower,0,4,30,0,34,0,0,99,0,99,0,4,129,0,133,86,0,86,219
07/18/2010,LAL,FL,ASO,ES,Federal Contract Tower,0,0,15,0,15,0,0,85,0,85,0,0,100,0,100,59,2,61,161
07/19/2010,LAL,FL,ASO,ES,Federal Contract Tower,0,1,22,0,23,0,0,45,0,45,0,1,67,0,68,18,0,18,86
07/20/2010,LAL,FL,ASO,ES,Federal Contract Tower,0,2,27,0,29,0,0,59,0,59,0,2,86,0,88,56,0,56,144
07/21/2010,LAL,FL,ASO,ES,Federal Contract Tower,0,3,22,7,32,0,0,55,1,56,0,3,77,8,88,60,41,101,189
07/22/2010,LAL,FL,ASO,ES,Federal Contract Tower,0,3,22,4,29,0,0,94,6,100,0,3,116,10,129,76,0,76,205
07/23/2010,LAL,FL,ASO,ES,Federal Contract Tower,0,2,20,2,24,0,0,31,0,31,0,2,51,2,55,36,0,36,91
07/24/2010,LAL,FL,ASO,ES,Federal Contract Tower,0,0,11,0,11,0,0,31,0,31,0,0,42,0,42,74,0,74,116
07/25/2010,LAL,FL,ASO,ES,Federal Contract Tower,0,6,16,0,22,0,0,65,0,65,0,6,81,0,87,43,0,43,130
07/26/2010,LAL,FL,ASO,ES,Federal Contract Tower,0,0,18,13,31,0,0,72,5,77,0,0,90,18,108,91,20,111,219
07/27/2010,LAL,FL,ASO,ES,Federal Contract Tower,0,2,28,16,46,0,0,61,0,61,0,2,89,16,107,51,34,85,192
07/28/2010,LAL,FL,ASO,ES,Federal Contract Tower,0,3,14,6,23,0,0,50,0,50,0,3,64,6,73,27,44,71,144
07/29/2010,LAL,FL,ASO,ES,Federal Contract Tower,0,4,17,2,23,0,0,74,2,76,0,4,91,4,99,58,46,104,203
07/30/2010,LAL,FL,ASO,ES,Federal Contract Tower,0,0,37,5,42,0,0,58,2,60,0,0,95,7,102,57,0,57,159
07/31/2010,LAL,FL,ASO,ES,Federal Contract Tower,0,2,23,0,25,0,0,79,0,79,0,2,102,0,104,49,0,49,153
08/01/2010,LAL,FL,ASO,ES,Federal Contract Tower,0,2,29,0,31,0,0,50,2,52,0,2,79,2,83,47,18,65,148
08/02/2010,LAL,FL,ASO,ES,Federal Contract Tower,0,1,15,10,26,0,0,58,2,60,0,1,73,12,86,66,36,102,188
08/03/2010,LAL,FL,ASO,ES,Federal Contract Tower,0,0,22,0,22,0,0,92,0,92,0,0,114,0,114,25,0,25,139
08/04/2010,LAL,FL,ASO,ES,Federal Contract Tower,0,2,22,20,44,0,0,54,1,55,0,2,76,21,99,27,14,41,140
08/05/2010,LAL,FL,ASO,ES,Federal Contract Tower,0,3,24,0,27,0,0,87,0,87,0,3,111,0,114,84,0,84,198
08/06/2010,LAL,FL,ASO,ES,Federal Contract Tower,0,4,25,0,29,0,0,40,2,42,0,4,65,2,71,26,0,26,97
08/07/2010,LAL,FL,ASO,ES,Federal Contract Tower,0,3,9,0,12,0,0,49,0,49,0,3,58,0,61,12,0,12,73
08/08/2010,LAL,FL,ASO,ES,Federal Contract Tower,0,9,14,0,23,0,0,26,0,26,0,9,40,0,49,31,0,31,80
08/09/2010,LAL,FL,ASO,ES,Federal Contract Tower,0,1,37,2,40,0,0,26,0,26,0,1,63,2,66,21,3,24,90
08/10/2010,LAL,FL,ASO,ES,Federal Contract Tower,0,0,32,4,36,0,0,24,2,26,0,0,56,6,62,12,2,14,76
08/11/2010,LAL,FL,ASO,ES,Federal Contract Tower,0,2,23,36,61,0,0,28,3,31,0,2,51,39,92,13,4,17,109
08/12/2010,LAL,FL,ASO,ES,Federal Contract Tower,0,4,37,16,57,0,0,65,2,67,0,4,102,18,124,30,36,66,190
08/13/2010,LAL,FL,ASO,ES,Federal Contract Tower,0,2,27,2,31,0,0,72,3,75,0,2,99,5,106,60,6,66,172
08/14/2010,LAL,FL,ASO,ES,Federal Contract Tower,0,0,24,0,24,0,0,103,0,103,0,0,127,0,127,56,2,58,185
08/15/2010,LAL,FL,ASO,ES,Federal Contract Tower,0,2,29,5,36,0,0,73,0,73,0,2,102,5,109,24,0,24,133
08/16/2010,LAL,FL,ASO,ES,Federal Contract Tower,0,1,19,7,27,0,0,47,3,50,0,1,66,10,77,34,15,49,126
08/17/2010,LAL,FL,ASO,ES,Federal Contract Tower,0,1,14,10,25,0,0,86,0,86,0,1,100,10,111,52,0,52,163
08/18/2010,LAL,FL,ASO,ES,Federal Contract Tower,0,2,21,8,31,0,0,36,0,36,0,2,57,8,67,12,0,12,79
08/19/2010,LAL,FL,ASO,ES,Federal Contract Tower,0,2,41,2,45,0,0,109,0,109,0,2,150,2,154,55,0,55,209
08/20/2010,LAL,FL,ASO,ES,Federal Contract Tower,0,4,20,7,31,0,0,85,2,87,0,4,105,9,118,72,2,74,192
08/21/2010,LAL,FL,ASO,ES,Federal Contract Tower,0,0,36,0,36,0,0,61,2,63,0,0,97,2,99,24,0,24,123
08/22/2010,LAL,FL,ASO,ES,Federal Contract Tower,0,4,16,0,20,0,0,23,0,23,0,4,39,0,43,0,0,0,43
08/23/2010,LAL,FL,ASO,ES,Federal Contract Tower,0,0,16,3,19,0,0,19,0,19,0,0,35,3,38,14,0,14,52
08/24/2010,LAL,FL,ASO,ES,Federal Contract Tower,0,0,16,0,16,0,0,15,0,15,0,0,31,0,31,22,0,22,53
08/25/2010,LAL,FL,ASO,ES,Federal Contract Tower,0,3,29,6,38,0,0,29,0,29,0,3,58,6,67,38,0,38,105
08/26/2010,LAL,FL,ASO,ES,Federal Contract Tower,0,6,17,2,25,0,0,79,0,79,0,6,96,2,104,83,0,83,187
08/27/2010,LAL,FL,ASO,ES,Federal Contract Tower,0,16,12,0,28,0,0,88,6,94,0,16,100,6,122,60,40,100,222
08/28/2010,LAL,FL,ASO,ES,Federal Contract Tower,0,0,53,3,56,0,0,81,0,81,0,0,134,3,137,45,0,45,182
08/29/2010,LAL,FL,ASO,ES,Federal Contract Tower,0,2,29,4,35,0,0,79,0,79,0,2,108,4,114,11,8,19,133
08/30/2010,LAL,FL,ASO,ES,Federal Contract Tower,0,1,14,8,23,0,1,51,2,54,0,2,65,10,77,46,31,77,154
08/31/2010,LAL,FL,ASO,ES,Federal Contract Tower,0,1,16,0,17,0,0,64,0,64,0,1,80,0,81,53,0,53,134
09/01/2010,LAL,FL,ASO,ES,Federal Contract Tower,0,3,33,1,37,0,0,79,3,82,0,3,112,4,119,39,20,59,178
09/02/2010,LAL,FL,ASO,ES,Federal Contract Tower,0,1,40,0,41,0,0,117,0,117,0,1,157,0,158,64,0,64,222
09/03/2010,LAL,FL,ASO,ES,Federal Contract Tower,0,1,23,0,24,0,0,97,0,97,0,1,120,0,121,62,0,62,183
09/04/2010,LAL,FL,ASO,ES,Federal Contract Tower,0,1,14,0,15,0,0,94,0,94,0,1,108,0,109,96,0,96,205
09/05/2010,LAL,FL,ASO,ES,Federal Contract Tower,0,0,7,0,7,0,0,87,0,87,0,0,94,0,94,21,0,21,115
09/06/2010,LAL,FL,ASO,ES,Federal Contract Tower,0,6,9,0,15,0,0,76,0,76,0,6,85,0,91,56,0,56,147
09/07/2010,LAL,FL,ASO,ES,Federal Contract Tower,0,0,62,8,70,0,0,49,0,49,0,0,111,8,119,14,44,58,177
09/08/2010,LAL,FL,ASO,ES,Federal Contract Tower,0,3,22,2,27,0,0,72,0,72,0,3,94,2,99,44,0,44,143
09/09/2010,LAL,FL,ASO,ES,Federal Contract Tower,0,2,34,9,45,0,0,82,0,82,0,2,116,9,127,58,7,65,192
09/10/2010,LAL,FL,ASO,ES,Federal Contract Tower,0,1,15,2,18,0,1,73,8,82,0,2,88,10,100,61,8,69,169
09/11/2010,LAL,FL,ASO,ES,Federal Contract Tower,0,2,16,4,22,0,2,113,0,115,0,4,129,4,137,76,4,80,217
09/12/2010,LAL,FL,ASO,ES,Federal Contract Tower,0,2,4,2,8,0,0,103,6,109,0,2,107,8,117,27,0,27,144
09/13/2010,LAL,FL,ASO,ES,Federal Contract Tower,0,2,37,7,46,0,0,50,3,53,0,2,87,10,99,37,0,37,136
09/14/2010,LAL,FL,ASO,ES,Federal Contract Tower,0,6,43,8,57,0,0,64,0,64,0,6,107,8,121,51,0,51,172
09/15/2010,LAL,FL,ASO,ES,Federal Contract Tower,0,2,28,0,30,0,0,78,0,78,0,2,106,0,108,34,0,34,142
09/16/2010,LAL,FL,ASO,ES,Federal Contract Tower,0,0,29,4,33,0,0,83,0,83,0,0,112,4,116,52,2,54,170
09/17/2010,LAL,FL,ASO,ES,Federal Contract Tower,0,3,33,5,41,0,0,74,1,75,0,3,107,6,116,97,2,99,215
09/18/2010,LAL,FL,ASO,ES,Federal Contract Tower,0,1,13,0,14,0,1,110,0,111,0,2,123,0,125,60,0,60,185
09/19/2010,LAL,FL,ASO,ES,Federal Contract Tower,0,0,11,3,14,0,0,99,3,102,0,0,110,6,116,39,2,41,157
09/20/2010,LAL,FL,ASO,ES,Federal Contract Tower,0,1,21,0,22,0,0,58,0,58,0,1,79,0,80,35,0,35,115
09/21/2010,LAL,FL,ASO,ES,Federal Contract Tower,0,3,24,2,29,0,1,56,2,59,0,4,80,4,88,33,44,77,165
09/22/2010,LAL,FL,ASO,ES,Federal Contract Tower,0,2,32,4,38,0,1,80,0,81,0,3,112,4,119,34,0,34,153
09/23/2010,LAL,FL,ASO,ES,Federal Contract Tower,0,2,55,2,59,0,0,55,4,59,0,2,110,6,118,40,0,40,158
09/24/2010,LAL,FL,ASO,ES,Federal Contract Tower,0,2,26,7,35,0,0,65,5,70,0,2,91,12,105,42,16,58,163
09/25/2010,LAL,FL,ASO,ES,Federal Contract Tower,0,0,11,0,11,0,0,78,0,78,0,0,89,0,89,72,0,72,161
09/26/2010,LAL,FL,ASO,ES,Federal Contract Tower,0,2,12,6,20,0,0,68,4,72,0,2,80,10,92,44,6,50,142
09/27/2010,LAL,FL,ASO,ES,Federal Contract Tower,0,2,33,9,44,0,0,52,1,53,0,2,85,10,97,103,32,135,232
09/28/2010,LAL,FL,ASO,ES,Federal Contract Tower,0,3,27,0,30,0,0,48,0,48,0,3,75,0,78,51,0,51,129
09/29/2010,LAL,FL,ASO,ES,Federal Contract Tower,0,1,42,14,57,0,0,51,2,53,0,1,93,16,110,86,0,86,196
09/30/2010,LAL,FL,ASO,ES,Federal Contract Tower,0,6,22,2,30,0,1,108,0,109,0,7,130,2,139,66,0,66,205
10/01/2010,LAL,FL,ASO,ES,Federal Contract Tower,0,2,20,12,34,0,2,109,4,115,0,4,129,16,149,61,82,143,292
10/02/2010,LAL,FL,ASO,ES,Federal Contract Tower,0,0,29,0,29,0,0,150,0,150,0,0,179,0,179,38,0,38,217
10/03/2010,LAL,FL,ASO,ES,Federal Contract Tower,0,4,21,1,26,0,0,109,1,110,0,4,130,2,136,8,0,8,144
10/04/2010,LAL,FL,ASO,ES,Federal Contract Tower,0,1,22,0,23,0,0,96,0,96,0,1,118,0,119,84,0,84,203
10/05/2010,LAL,FL,ASO,ES,Federal Contract Tower,0,2,28,5,35,0,0,68,3,71,0,2,96,8,106,70,16,86,192
10/06/2010,LAL,FL,ASO,ES,Federal Contract Tower,0,2,22,0,24,0,1,102,0,103,0,3,124,0,127,62,0,62,189
10/07/2010,LAL,FL,ASO,ES,Federal Contract Tower,0,1,46,2,49,0,0,129,2,131,0,1,175,4,180,140,0,140,320
10/08/2010,LAL,FL,ASO,ES,Federal Contract Tower,0,2,23,16,41,0,0,122,0,122,0,2,145,16,163,78,2,80,243
10/09/2010,LAL,FL,ASO,ES,Federal Contract Tower,0,2,14,0,16,0,0,179,0,179,0,2,193,0,195,30,0,30,225
10/10/2010,LAL,FL,ASO,ES,Federal Contract Tower,0,0,21,4,25,0,0,132,0,132,0,0,153,4,157,68,0,68,225
10/11/2010,LAL,FL,ASO,ES,Federal Contract Tower,0,2,23,0,25,0,0,61,0,61,0,2,84,0,86,49,0,49,135
10/12/2010,LAL,FL,ASO,ES,Federal Contract Tower,0,1,32,8,41,0,0,77,0,77,0,1,109,8,118,79,2,81,199
10/13/2010,LAL,FL,ASO,ES,Federal Contract Tower,0,3,43,7,53,0,0,92,5,97,0,3,135,12,150,68,70,138,288
10/14/2010,LAL,FL,ASO,ES,Federal Contract Tower,0,14,26,0,40,0,0,90,2,92,0,14,116,2,132,92,24,116,248
10/15/2010,LAL,FL,ASO,ES,Federal Contract Tower,0,5,37,2,44,0,0,110,2,112,0,5,147,4,156,78,46,124,280
10/16/2010,LAL,FL,ASO,ES,Federal Contract Tower,0,0,11,0,11,0,0,101,1,102,0,0,112,1,113,84,3,87,200
10/17/2010,LAL,FL,ASO,ES,Federal Contract Tower,0,3,15,7,25,0,0,111,0,111,0,3,126,7,136,54,0,54,190
10/18/2010,LAL,FL,ASO,ES,Federal Contract Tower,0,1,24,5,30,0,0,101,2,103,0,1,125,7,133,65,39,104,237
10/19/2010,LAL,FL,ASO,ES,Federal Contract Tower,0,2,44,0,46,0,0,99,0,99,0,2,143,0,145,74,0,74,219
10/20/2010,LAL,FL,ASO,ES,Federal Contract Tower,0,8,39,6,53,0,0,89,0,89,0,8,128,6,142,56,0,56,198
10/21/2010,LAL,FL,ASO,ES,Federal Contract Tower,0,2,28,5,35,0,0,74,1,75,0,2,102,6,110,85,34,119,229
10/22/2010,LAL,FL,ASO,ES,Federal Contract Tower,0,0,13,10,23,0,5,84,5,94,0,5,97,15,117,28,26,54,171
10/23/2010,LAL,FL,ASO,ES,Federal Contract Tower,0,2,13,5,20,0,0,95,0,95,0,2,108,5,115,64,6,70,185
10/24/2010,LAL,FL,ASO,ES,Federal Contract Tower,0,0,15,3,18,0,0,113,3,116,0,0,128,6,134,87,0,87,221
10/25/2010,LAL,FL,ASO,ES,Federal Contract Tower,0,2,22,0,24,0,0,94,0,94,0,2,116,0,118,74,0,74,192
10/26/2010,LAL,FL,ASO,ES,Federal Contract Tower,0,1,31,2,34,0,0,68,1,69,0,1,99,3,103,72,0,72,175
10/27/2010,LAL,FL,ASO,ES,Federal Contract Tower,0,18,31,18,67,0,0,61,1,62,0,18,92,19,129,70,6,76,205
10/28/2010,LAL,FL,ASO,ES,Federal Contract Tower,0,19,28,4,51,0,0,48,3,51,0,19,76,7,102,67,0,67,169
10/29/2010,LAL,FL,ASO,ES,Federal Contract Tower,0,8,39,11,58,0,0,62,3,65,0,8,101,14,123,67,3,70,193
10/30/2010,LAL,FL,ASO,ES,Federal Contract Tower,0,0,1,16,17,0,0,122,0,122,0,0,123,16,139,109,0,109,248
10/31/2010,LAL,FL,ASO,ES,Federal Contract Tower,2,1,20,17,40,0,0,124,9,133,2,1,144,26,173,92,0,92,265
11/01/2010,LAL,FL,ASO,ES,Federal Contract Tower,0,0,31,6,37,0,0,94,4,98,0,0,125,10,135,72,6,78,213
11/02/2010,LAL,FL,ASO,ES,Federal Contract Tower,0,0,57,8,65,0,0,51,2,53,0,0,108,10,118,28,0,28,146
11/03/2010,LAL,FL,ASO,ES,Federal Contract Tower,0,2,27,7,36,0,0,83,1,84,0,2,110,8,120,64,0,64,184
11/04/2010,LAL,FL,ASO,ES,Federal Contract Tower,0,2,34,0,36,0,0,30,1,31,0,2,64,1,67,24,0,24,91
11/05/2010,LAL,FL,ASO,ES,Federal Contract Tower,0,0,19,20,39,0,0,56,2,58,0,0,75,22,97,29,4,33,130
11/06/2010,LAL,FL,ASO,ES,Federal Contract Tower,0,0,16,0,16,0,0,279,2,281,0,0,295,2,297,58,0,58,355
11/07/2010,LAL,FL,ASO,ES,Federal Contract Tower,0,2,28,6,36,0,0,103,0,103,0,2,131,6,139,48,2,50,189
11/08/2010,LAL,FL,ASO,ES,Federal Contract Tower,0,1,28,4,33,0,0,76,2,78,0,1,104,6,111,94,33,127,238
11/09/2010,LAL,FL,ASO,ES,Federal Contract Tower,0,9,68,2,79,0,0,118,0,118,0,9,186,2,197,97,0,97,294
11/10/2010,LAL,FL,ASO,ES,Federal Contract Tower,0,1,23,0,24,0,0,107,0,107,0,1,130,0,131,78,0,78,209
11/11/2010,LAL,FL,ASO,ES,Federal Contract Tower,0,0,37,0,37,0,0,91,0,91,0,0,128,0,128,56,0,56,184
11/12/2010,LAL,FL,ASO,ES,Federal Contract Tower,1,2,30,9,42,0,0,68,5,73,1,2,98,14,115,53,86,139,254
11/13/2010,LAL,FL,ASO,ES,Federal Contract Tower,0,1,10,0,11,0,0,89,0,89,0,1,99,0,100,58,0,58,158
11/14/2010,LAL,FL,ASO,ES,Federal Contract Tower,1,2,16,0,19,0,0,103,6,109,1,2,119,6,128,82,28,110,238
11/15/2010,LAL,FL,ASO,ES,Federal Contract Tower,0,2,9,0,11,0,0,89,0,89,0,2,98,0,100,96,0,96,196
11/16/2010,LAL,FL,ASO,ES,Federal Contract Tower,0,0,36,2,38,0,0,68,0,68,0,0,104,2,106,46,0,46,152
11/17/2010,LAL,FL,ASO,ES,Federal Contract Tower,0,4,54,11,69,0,0,77,0,77,0,4,131,11,146,50,45,95,241
11/18/2010,LAL,FL,ASO,ES,Federal Contract Tower,1,1,45,14,61,0,0,112,0,112,1,1,157,14,173,26,0,26,199
11/19/2010,LAL,FL,ASO,ES,Federal Contract Tower,0,3,39,2,44,0,0,111,0,111,0,3,150,2,155,90,0,90,245
11/20/2010,LAL,FL,ASO,ES,Federal Contract Tower,0,2,23,0,25,0,0,78,2,80,0,2,101,2,105,59,0,59,164
11/21/2010,LAL,FL,ASO,ES,Federal Contract Tower,0,4,15,3,22,0,0,79,0,79,0,4,94,3,101,65,6,71,172
11/22/2010,LAL,FL,ASO,ES,Federal Contract Tower,0,3,38,10,51,0,0,73,3,76,0,3,111,13,127,103,39,142,269
11/23/2010,LAL,FL,ASO,ES,Federal Contract Tower,0,4,51,0,55,0,0,91,0,91,0,4,142,0,146,68,0,68,214
11/24/2010,LAL,FL,ASO,ES,Federal Contract Tower,0,5,34,0,39,0,0,81,0,81,0,5,115,0,120,49,0,49,169
11/25/2010,LAL,FL,ASO,ES,Federal Contract Tower,0,4,5,0,9,0,0,28,0,28,0,4,33,0,37,30,0,30,67
11/26/2010,LAL,FL,ASO,ES,Federal Contract Tower,0,1,11,0,12,0,0,40,2,42,0,1,51,2,54,26,6,32,86
11/27/2010,LAL,FL,ASO,ES,Federal Contract Tower,0,4,35,0,39,0,0,14,0,14,0,4,49,0,53,10,0,10,63
11/28/2010,LAL,FL,ASO,ES,Federal Contract Tower,0,2,23,0,25,0,0,108,0,108,0,2,131,0,133,57,0,57,190
11/29/2010,LAL,FL,ASO,ES,Federal Contract Tower,0,1,24,2,27,0,0,42,2,44,0,1,66,4,71,20,10,30,101
11/30/2010,LAL,FL,ASO,ES,Federal Contract Tower,0,0,14,1,15,0,0,67,3,70,0,0,81,4,85,61,26,87,172
12/01/2010,LAL,FL,ASO,ES,Federal Contract Tower,0,2,22,15,39,0,0,32,0,32,0,2,54,15,71,16,8,24,95
12/02/2010,LAL,FL,ASO,ES,Federal Contract Tower,0,2,21,7,30,0,0,75,0,75,0,2,96,7,105,27,20,47,152
12/03/2010,LAL,FL,ASO,ES,Federal Contract Tower,0,1,25,9,35,0,0,82,4,86,0,1,107,13,121,49,0,49,170
12/04/2010,LAL,FL,ASO,ES,Federal Contract Tower,0,0,11,0,11,0,0,127,0,127,0,0,138,0,138,92,0,92,230
12/05/2010,LAL,FL,ASO,ES,Federal Contract Tower,0,7,11,9,27,0,0,49,7,56,0,7,60,16,83,8,14,22,105
12/06/2010,LAL,FL,ASO,ES,Federal Contract Tower,0,2,20,6,28,0,0,67,0,67,0,2,87,6,95,58,2,60,155
12/07/2010,LAL,FL,ASO,ES,Federal Contract Tower,0,0,26,0,26,0,0,65,2,67,0,0,91,2,93,58,22,80,173
12/08/2010,LAL,FL,ASO,ES,Federal Contract Tower,0,0,45,7,52,0,0,88,7,95,0,0,133,14,147,30,18,48,195
12/09/2010,LAL,FL,ASO,ES,Federal Contract Tower,0,5,29,2,36,0,0,52,4,56,0,5,81,6,92,30,2,32,124
12/10/2010,LAL,FL,ASO,ES,Federal Contract Tower,0,0,35,17,52,0,0,80,5,85,0,0,115,22,137,53,6,59,196
12/11/2010,LAL,FL,ASO,ES,Federal Contract Tower,0,3,63,2,68,0,0,13,0,13,0,3,76,2,81,18,0,18,99
12/12/2010,LAL,FL,ASO,ES,Federal Contract Tower,0,1,6,8,15,0,0,17,2,19,0,1,23,10,34,4,0,4,38
12/13/2010,LAL,FL,ASO,ES,Federal Contract Tower,0,5,8,0,13,0,0,31,2,33,0,5,39,2,46,10,0,10,56
12/14/2010,LAL,FL,ASO,ES,Federal Contract Tower,0,1,22,0,23,0,0,94,3,97,0,1,116,3,120,28,4,32,152
12/15/2010,LAL,FL,ASO,ES,Federal Contract Tower,0,2,45,10,57,0,0,86,1,87,0,2,131,11,144,18,28,46,190
12/16/2010,LAL,FL,ASO,ES,Federal Contract Tower,0,0,36,6,42,0,0,120,0,120,0,0,156,6,162,49,0,49,211
12/17/2010,LAL,FL,ASO,ES,Federal Contract Tower,0,1,17,10,28,0,0,101,2,103,0,1,118,12,131,39,17,56,187
12/18/2010,LAL,FL,ASO,ES,Federal Contract Tower,0,12,41,0,53,0,0,14,0,14,0,12,55,0,67,30,0,30,97
12/19/2010,LAL,FL,ASO,ES,Federal Contract Tower,0,3,42,10,55,0,0,0,0,0,0,3,42,10,55,0,0,0,55
12/20/2010,LAL,FL,ASO,ES,Federal Contract Tower,0,5,8,0,13,0,0,110,0,110,0,5,118,0,123,12,0,12,135
12/21/2010,LAL,FL,ASO,ES,Federal Contract Tower,0,0,23,0,23,0,0,106,0,106,0,0,129,0,129,44,0,44,173
12/22/2010,LAL,FL,ASO,ES,Federal Contract Tower,0,1,15,0,16,0,0,101,0,101,0,1,116,0,117,111,0,111,228
12/23/2010,LAL,FL,ASO,ES,Federal Contract Tower,0,1,10,0,11,0,0,100,0,100,0,1,110,0,111,40,0,40,151
12/24/2010,LAL,FL,ASO,ES,Federal Contract Tower,0,1,11,0,12,0,0,74,0,74,0,1,85,0,86,23,0,23,109
12/25/2010,LAL,FL,ASO,ES,Federal Contract Tower,0,0,4,0,4,0,0,17,0,17,0,0,21,0,21,6,0,6,27
12/26/2010,LAL,FL,ASO,ES,Federal Contract Tower,0,2,8,0,10,0,0,7,0,7,0,2,15,0,17,3,0,3,20
12/27/2010,LAL,FL,ASO,ES,Federal Contract Tower,0,6,7,0,13,0,0,69,0,69,0,6,76,0,82,14,0,14,96
12/28/2010,LAL,FL,ASO,ES,Federal Contract Tower,0,3,27,0,30,0,0,80,0,80,0,3,107,0,110,100,0,100,210
12/29/2010,LAL,FL,ASO,ES,Federal Contract Tower,0,1,13,0,14,0,0,92,0,92,0,1,105,0,106,73,0,73,179
12/30/2010,LAL,FL,ASO,ES,Federal Contract Tower,0,3,25,0,28,0,0,75,0,75,0,3,100,0,103,57,0,57,160
12/31/2010,LAL,FL,ASO,ES,Federal Contract Tower,0,0,22,0,22,0,0,73,2,75,0,0,95,2,97,40,18,58,155
01/01/2011,LAL,FL,ASO,ES,Federal Contract Tower,0,2,4,0,6,0,0,57,0,57,0,2,61,0,63,32,0,32,95
01/02/2011,LAL,FL,ASO,ES,Federal Contract Tower,0,1,23,0,24,0,0,80,0,80,0,1,103,0,104,24,0,24,128
01/03/2011,LAL,FL,ASO,ES,Federal Contract Tower,0,0,26,0,26,0,0,46,0,46,0,0,72,0,72,46,0,46,118
01/04/2011,LAL,FL,ASO,ES,Federal Contract Tower,0,3,24,0,27,0,0,108,0,108,0,3,132,0,135,79,0,79,214
01/05/2011,LAL,FL,ASO,ES,Federal Contract Tower,0,0,37,20,57,0,0,76,0,76,0,0,113,20,133,79,8,87,220
01/06/2011,LAL,FL,ASO,ES,Federal Contract Tower,0,4,53,6,63,0,0,28,0,28,0,4,81,6,91,54,0,54,145
01/07/2011,LAL,FL,ASO,ES,Federal Contract Tower,0,3,18,15,36,0,0,130,10,140,0,3,148,25,176,87,0,87,263
01/08/2011,LAL,FL,ASO,ES,Federal Contract Tower,1,1,15,2,19,0,0,153,0,153,1,1,168,2,172,84,0,84,256
01/09/2011,LAL,FL,ASO,ES,Federal Contract Tower,1,1,9,4,15,0,0,158,8,166,1,1,167,12,181,46,4,50,231
01/10/2011,LAL,FL,ASO,ES,Federal Contract Tower,0,1,22,1,24,0,0,49,4,53,0,1,71,5,77,26,22,48,125
01/11/2011,LAL,FL,ASO,ES,Federal Contract Tower,1,2,28,18,49,0,0,67,0,67,1,2,95,18,116,117,0,117,233
01/12/2011,LAL,FL,ASO,ES,Federal Contract Tower,0,1,33,7,41,0,0,86,0,86,0,1,119,7,127,79,2,81,208
01/13/2011,LAL,FL,ASO,ES,Federal Contract Tower,0,1,37,2,40,0,0,77,0,77,0,1,114,2,117,56,0,56,173
01/14/2011,LAL,FL,ASO,ES,Federal Contract Tower,0,1,27,4,32,0,0,129,4,133,0,1,156,8,165,110,4,114,279
01/15/2011,LAL,FL,ASO,ES,Federal Contract Tower,0,1,25,0,26,0,0,150,0,150,0,1,175,0,176,90,0,90,266
01/16/2011,LAL,FL,ASO,ES,Federal Contract Tower,0,2,42,6,50,0,0,118,1,119,0,2,160,7,169,80,0,80,249
01/17/2011,LAL,FL,ASO,ES,Federal Contract Tower,0,4,9,0,13,0,0,19,0,19,0,4,28,0,32,2,0,2,34
01/18/2011,LAL,FL,ASO,ES,Federal Contract Tower,0,1,55,18,74,0,0,34,1,35,0,1,89,19,109,30,12,42,151
01/19/2011,LAL,FL,ASO,ES,Federal Contract Tower,0,1,27,4,32,0,0,84,0,84,0,1,111,4,116,103,0,103,219
01/20/2011,LAL,FL,ASO,ES,Federal Contract Tower,0,4,26,5,35,0,0,76,2,78,0,4,102,7,113,62,5,67,180
01/21/2011,LAL,FL,ASO,ES,Federal Contract Tower,0,1,37,7,45,0,0,6,0,6,0,1,43,7,51,0,0,0,51
01/22/2011,LAL,FL,ASO,ES,Federal Contract Tower,0,1,32,2,35,0,0,68,0,68,0,1,100,2,103,15,2,17,120
01/23/2011,LAL,FL,ASO,ES,Federal Contract Tower,0,5,21,5,31,0,0,145,5,150,0,5,166,10,181,68,2,70,251
01/24/2011,LAL,FL,ASO,ES,Federal Contract Tower,0,2,15,0,17,0,0,123,0,123,0,2,138,0,140,38,0,38,178
01/25/2011,LAL,FL,ASO,ES,Federal Contract Tower,0,5,18,0,23,0,0,11,0,11,0,5,29,0,34,0,0,0,34
01/26/2011,LAL,FL,ASO,ES,Federal Contract Tower,0,2,23,7,32,0,0,26,1,27,0,2,49,8,59,3,34,37,96
01/27/2011,LAL,FL,ASO,ES,Federal Contract Tower,0,2,46,2,50,0,0,123,0,123,0,2,169,2,173,106,0,106,279
01/28/2011,LAL,FL,ASO,ES,Federal Contract Tower,0,7,29,15,51,0,1,119,1,121,0,8,148,16,172,72,2,74,246
01/29/2011,LAL,FL,ASO,ES,Federal Contract Tower,0,0,25,0,25,0,0,189,1,190,0,0,214,1,215,51,1,52,267
01/30/2011,LAL,FL,ASO,ES,Federal Contract Tower,0,3,28,2,33,0,0,112,5,117,0,3,140,7,150,80,0,80,230
01/31/2011,LAL,FL,ASO,ES,Federal Contract Tower,0,2,23,2,27,0,0,89,4,93,0,2,112,6,120,24,42,66,186
02/01/2011,LAL,FL,ASO,ES,Federal Contract Tower,0,1,22,11,34,0,0,58,11,69,0,1,80,22,103,60,12,72,175
02/02/2011,LAL,FL,ASO,ES,Federal Contract Tower,0,1,31,6,38,0,0,22,0,22,0,1,53,6,60,17,0,17,77
02/03/2011,LAL,FL,ASO,ES,Federal Contract Tower,0,4,88,13,105,0,0,32,2,34,0,4,120,15,139,12,0,12,151
02/04/2011,LAL,FL,ASO,ES,Federal Contract Tower,0,4,35,12,51,0,0,38,1,39,0,4,73,13,90,19,2,21,111
02/05/2011,LAL,FL,ASO,ES,Federal Contract Tower,0,0,120,2,122,0,0,48,0,48,0,0,168,2,170,26,0,26,196
02/06/2011,LAL,FL,ASO,ES,Federal Contract Tower,0,0,101,0,101,0,0,64,0,64,0,0,165,0,165,12,0,12,177
02/07/2011,LAL,FL,ASO,ES,Federal Contract Tower,0,0,15,0,15,0,0,20,0,20,0,0,35,0,35,2,0,2,37
02/08/2011,LAL,FL,ASO,ES,Federal Contract Tower,0,0,38,3,41,0,0,98,4,102,0,0,136,7,143,78,36,114,257
02/09/2011,LAL,FL,ASO,ES,Federal Contract Tower,0,0,37,2,39,0,0,131,5,136,0,0,168,7,175,107,43,150,325
02/10/2011,LAL,FL,ASO,ES,Federal Contract Tower,0,1,30,2,33,0,0,0,0,0,0,1,30,2,33,0,0,0,33
02/11/2011,LAL,FL,ASO,ES,Federal Contract Tower,0,1,33,8,42,0,0,41,0,41,0,1,74,8,83,10,0,10,93
02/12/2011,LAL,FL,ASO,ES,Federal Contract Tower,0,0,36,0,36,0,0,112,0,112,0,0,148,0,148,78,0,78,226
02/13/2011,LAL,FL,ASO,ES,Federal Contract Tower,0,0,27,5,32,0,0,150,0,150,0,0,177,5,182,76,2,78,260
02/14/2011,LAL,FL,ASO,ES,Federal Contract Tower,1,4,27,0,32,0,0,110,1,111,1,4,137,1,143,44,30,74,217
02/15/2011,LAL,FL,ASO,ES,Federal Contract Tower,1,1,31,0,33,0,0,104,0,104,1,1,135,0,137,131,0,131,268
02/16/2011,LAL,FL,ASO,ES,Federal Contract Tower,0,2,33,14,49,0,0,73,2,75,0,2,106,16,124,69,4,73,197
02/17/2011,LAL,FL,ASO,ES,Federal Contract Tower,0,0,59,0,59,0,0,98,0,98,0,0,157,0,157,77,0,77,234
02/18/2011,LAL,FL,ASO,ES,Federal Contract Tower,0,0,16,4,20,0,0,86,0,86,0,0,102,4,106,90,21,111,217
02/19/2011,LAL,FL,ASO,ES,Federal Contract Tower,0,0,26,2,28,0,0,129,0,129,0,0,155,2,157,146,0,146,303
02/20/2011,LAL,FL,ASO,ES,Federal Contract Tower,0,0,16,4,20,0,0,110,5,115,0,0,126,9,135,42,0,42,177
02/21/2011,LAL,FL,ASO,ES,Federal Contract Tower,0,2,26,2,30,0,0,115,3,118,0,2,141,5,148,48,4,52,200
02/22/2011,LAL,FL,ASO,ES,Federal Contract Tower,0,1,21,2,24,0,0,61,0,61,0,1,82,2,85,20,0,20,105
02/23/2011,LAL,FL,ASO,ES,Federal Contract Tower,0,6,31,4,41,0,0,75,0,75,0,6,106,4,116,69,0,69,185
02/24/2011,LAL,FL,ASO,ES,Federal Contract Tower,0,2,44,7,53,0,0,66,1,67,0,2,110,8,120,54,17,71,191
02/25/2011,LAL,FL,ASO,ES,Federal Contract Tower,0,3,45,11,59,0,0,112,1,113,0,3,157,12,172,72,2,74,246
02/26/2011,LAL,FL,ASO,ES,Federal Contract Tower,0,1,48,2,51,0,0,200,8,208,0,1,248,10,259,61,2,63,322
02/27/2011,LAL,FL,ASO,ES,Federal Contract Tower,0,2,30,13,45,0,0,222,0,222,0,2,252,13,267,76,10,86,353
02/28/2011,LAL,FL,ASO,ES,Federal Contract Tower,1,3,12,2,18,0,0,72,4,76,1,3,84,6,94,52,14,66,160
03/01/2011,LAL,FL,ASO,ES,Federal Contract Tower,0,2,20,0,22,0,0,12,2,14,0,2,32,2,36,16,24,40,76
03/02/2011,LAL,FL,ASO,ES,Federal Contract Tower,0,7,44,2,53,0,0,55,0,55,0,7,99,2,108,42,0,42,150
03/03/2011,LAL,FL,ASO,ES,Federal Contract Tower,0,0,28,6,34,0,0,54,0,54,0,0,82,6,88,29,4,33,121
03/04/2011,LAL,FL,ASO,ES,Federal Contract Tower,0,0,46,20,66,0,89,1,0,90,0,89,47,20,156,53,10,63,219
03/05/2011,LAL,FL,ASO,ES,Federal Contract Tower,0,3,21,2,26,0,0,103,2,105,0,3,124,4,131,62,0,62,193
03/06/2011,LAL,FL,ASO,ES,Federal Contract Tower,0,2,15,4,21,0,0,40,4,44,0,2,55,8,65,10,0,10,75
03/07/2011,LAL,FL,ASO,ES,Federal Contract Tower,0,1,60,1,62,0,0,84,1,85,0,1,144,2,147,32,0,32,179
03/08/2011,LAL,FL,ASO,ES,Federal Contract Tower,0,1,18,0,19,0,0,92,2,94,0,1,110,2,113,54,0,54,167
03/09/2011,LAL,FL,ASO,ES,Federal Contract Tower,0,5,20,0,25,0,0,51,0,51,0,5,71,0,76,28,0,28,104
03/10/2011,LAL,FL,ASO,ES,Federal Contract Tower,1,8,37,4,50,0,0,30,2,32,1,8,67,6,82,26,0,26,108
03/11/2011,LAL,FL,ASO,ES,Federal Contract Tower,0,8,25,2,35,0,2,66,2,70,0,10,91,4,105,30,10,40,145
03/12/2011,LAL,FL,ASO,ES,Federal Contract Tower,0,0,13,0,13,0,2,146,0,148,0,2,159,0,161,96,0,96,257
03/13/2011,LAL,FL,ASO,ES,Federal Contract Tower,0,3,10,0,13,0,0,154,0,154,0,3,164,0,167,54,0,54,221
03/14/2011,LAL,FL,ASO,ES,Federal Contract Tower,0,0,17,1,18,0,0,82,0,82,0,0,99,1,100,16,0,16,116
03/15/2011,LAL,FL,ASO,ES,Federal Contract Tower,0,3,34,10,47,0,0,60,2,62,0,3,94,12,109,11,0,11,120
03/16/2011,LAL,FL,ASO,ES,Federal Contract Tower,0,2,26,0,28,0,0,83,2,85,0,2,109,2,113,42,0,42,155
03/17/2011,LAL,FL,ASO,ES,Federal Contract Tower,0,2,34,15,51,0,0,78,0,78,0,2,112,15,129,74,0,74,203
03/18/2011,LAL,FL,ASO,ES,Federal Contract Tower,0,4,24,14,42,0,0,70,2,72,0,4,94,16,114,58,8,66,180
03/19/2011,LAL,FL,ASO,ES,Federal Contract Tower,0,6,12,1,19,0,0,155,0,155,0,6,167,1,174,126,0,126,300
03/20/2011,LAL,FL,ASO,ES,Federal Contract Tower,0,2,11,5,18,0,0,86,1,87,0,2,97,6,105,81,0,81,186
03/21/2011,LAL,FL,ASO,ES,Federal Contract Tower,0,6,30,3,39,0,0,84,1,85,0,6,114,4,124,77,26,103,227
03/22/2011,LAL,FL,ASO,ES,Federal Contract Tower,0,3,29,0,32,0,0,80,2,82,0,3,109,2,114,44,6,50,164
03/23/2011,LAL,FL,ASO,ES,Federal Contract Tower,0,3,40,10,53,0,0,63,0,63,0,3,103,10,116,49,12,61,177
03/24/2011,LAL,FL,ASO,ES,Federal Contract Tower,0,1,21,0,22,0,0,77,0,77,0,1,98,0,99,17,0,17,116
03/25/2011,LAL,FL,ASO,ES,Federal Contract Tower,0,1,28,0,29,0,0,160,0,160,0,1,188,0,189,42,0,42,231
03/26/2011,LAL,FL,ASO,ES,Federal Contract Tower,0,2,28,6,36,0,0,149,6,155,0,2,177,12,191,31,0,31,222
03/27/2011,LAL,FL,ASO,ES,Federal Contract Tower,0,0,14,0,14,0,0,270,0,270,0,0,284,0,284,6,0,6,290
03/28/2011,LAL,FL,ASO,ES,Federal Contract Tower,0,0,19,0,19,0,0,91,0,91,0,0,110,0,110,0,0,0,110
03/29/2011,LAL,FL,ASO,ES,Federal Contract Tower,0,0,24,0,24,0,0,351,0,351,0,0,375,0,375,2,0,2,377
03/30/2011,LAL,FL,ASO,ES,Federal Contract Tower,0,0,2,0,2,0,0,693,0,693,0,0,695,0,695,0,0,0,695
03/31/2011,LAL,FL,ASO,ES,Federal Contract Tower,0,0,0,0,0,0,0,21,0,21,0,0,21,0,21,0,0,0,21
04/01/2011,LAL,FL,ASO,ES,Federal Contract Tower,0,0,3,1,4,0,0,1235,0,1235,0,0,1238,1,1239,0,0,0,1239
04/02/2011,LAL,FL,ASO,ES,Federal Contract Tower,0,0,2,0,2,0,0,1085,0,1085,0,0,1087,0,1087,0,0,0,1087
04/03/2011,LAL,FL,ASO,ES,Federal Contract Tower,0,0,0,0,0,0,0,763,0,763,0,0,763,0,763,0,0,0,763
04/04/2011,LAL,FL,ASO,ES,Federal Contract Tower,0,3,31,4,38,0,0,188,3,191,0,3,219,7,229,10,3,13,242
04/05/2011,LAL,FL,ASO,ES,Federal Contract Tower,0,2,26,0,28,0,0,6,2,8,0,2,32,2,36,2,0,2,38
04/06/2011,LAL,FL,ASO,ES,Federal Contract Tower,0,6,32,3,41,0,0,115,1,116,0,6,147,4,157,72,2,74,231
04/07/2011,LAL,FL,ASO,ES,Federal Contract Tower,0,2,32,2,36,0,0,120,3,123,0,2,152,5,159,59,8,67,226
04/08/2011,LAL,FL,ASO,ES,Federal Contract Tower,0,3,37,4,44,0,0,91,0,91,0,3,128,4,135,86,2,88,223
04/09/2011,LAL,FL,ASO,ES,Federal Contract Tower,0,1,18,0,19,0,0,110,2,112,0,1,128,2,131,42,0,42,173
04/10/2011,LAL,FL,ASO,ES,Federal Contract Tower,0,3,20,10,33,0,0,104,0,104,0,3,124,10,137,27,4,31,168
04/11/2011,LAL,FL,ASO,ES,Federal Contract Tower,0,0,33,0,33,0,0,70,0,70,0,0,103,0,103,29,0,29,132
04/12/2011,LAL,FL,ASO,ES,Federal Contract Tower,0,0,26,0,26,0,0,36,0,36,0,0,62,0,62,28,0,28,90
04/13/2011,LAL,FL,ASO,ES,Federal Contract Tower,0,6,26,0,32,0,0,96,0,96,0,6,122,0,128,50,0,50,178
04/14/2011,LAL,FL,ASO,ES,Federal Contract Tower,0,1,31,10,42,0,0,54,0,54,0,1,85,10,96,16,4,20,116
04/15/2011,LAL,FL,ASO,ES,Federal Contract Tower,0,3,20,5,28,0,2,102,5,109,0,5,122,10,137,114,20,134,271
04/16/2011,LAL,FL,ASO,ES,Federal Contract Tower,0,4,23,0,27,0,0,81,0,81,0,4,104,0,108,38,0,38,146
04/17/2011,LAL,FL,ASO,ES,Federal Contract Tower,0,2,6,1,9,0,0,106,3,109,0,2,112,4,118,76,0,76,194
04/18/2011,LAL,FL,ASO,ES,Federal Contract Tower,0,5,20,0,25,0,2,72,0,74,0,7,92,0,99,46,0,46,145
04/19/2011,LAL,FL,ASO,ES,Federal Contract Tower,0,7,19,4,30,0,0,49,0,49,0,7,68,4,79,44,2,46,125
04/20/2011,LAL,FL,ASO,ES,Federal Contract Tower,0,0,29,10,39,0,0,95,1,96,0,0,124,11,135,94,10,104,239
04/21/2011,LAL,FL,ASO,ES,Federal Contract Tower,0,1,26,13,40,0,0,100,5,105,0,1,126,18,145,59,2,61,206
04/22/2011,LAL,FL,ASO,ES,Federal Contract Tower,0,4,7,9,20,0,0,122,8,130,0,4,129,17,150,88,4,92,242
04/23/2011,LAL,FL,ASO,ES,Federal Contract Tower,0,0,5,0,5,0,0,78,0,78,0,0,83,0,83,38,0,38,121
04/24/2011,LAL,FL,ASO,ES,Federal Contract Tower,0,1,20,1,22,0,0,53,1,54,0,1,73,2,76,39,0,39,115
04/25/2011,LAL,FL,ASO,ES,Federal Contract Tower,0,2,34,4,40,0,0,65,0,65,0,2,99,4,105,37,0,37,142
04/26/2011,LAL,FL,ASO,ES,Federal Contract Tower,0,5,39,5,49,0,0,55,2,57,0,5,94,7,106,22,4,26,132
04/27/2011,LAL,FL,ASO,ES,Federal Contract Tower,0,4,54,9,67,0,0,91,0,91,0,4,145,9,158,26,0,26,184
04/28/2011,LAL,FL,ASO,ES,Federal Contract Tower,0,4,32,8,44,0,0,70,0,70,0,4,102,8,114,54,0,54,168
04/29/2011,LAL,FL,ASO,ES,Federal Contract Tower,0,1,23,0,24,0,0,125,0,125,0,1,148,0,149,75,0,75,224
04/30/2011,LAL,FL,ASO,ES,Federal Contract Tower,0,3,12,0,15,0,0,142,0,142,0,3,154,0,157,134,0,134,291
05/01/2011,LAL,FL,ASO,ES,Federal Contract Tower,0,5,10,2,17,0,2,79,0,81,0,7,89,2,98,34,0,34,132
05/02/2011,LAL,FL,ASO,ES,Federal Contract Tower,0,0,24,3,27,0,0,67,0,67,0,0,91,3,94,91,0,91,185
05/03/2011,LAL,FL,ASO,ES,Federal Contract Tower,0,0,30,0,30,0,0,90,0,90,0,0,120,0,120,55,0,55,175
05/04/2011,LAL,FL,ASO,ES,Federal Contract Tower,0,3,6,4,13,0,0,57,3,60,0,3,63,7,73,27,26,53,126
05/05/2011,LAL,FL,ASO,ES,Federal Contract Tower,0,1,41,8,50,0,0,77,0,77,0,1,118,8,127,73,0,73,200
05/06/2011,LAL,FL,ASO,ES,Federal Contract Tower,1,0,35,8,44,0,0,57,2,59,1,0,92,10,103,16,0,16,119
05/07/2011,LAL,FL,ASO,ES,Federal Contract Tower,0,0,34,0,34,0,0,101,0,101,0,0,135,0,135,67,0,67,202
05/08/2011,LAL,FL,ASO,ES,Federal Contract Tower,1,1,14,12,28,0,0,42,6,48,1,1,56,18,76,28,22,50,126
05/09/2011,LAL,FL,ASO,ES,Federal Contract Tower,0,3,25,0,28,0,0,67,0,67,0,3,92,0,95,14,0,14,109
05/10/2011,LAL,FL,ASO,ES,Federal Contract Tower,0,2,13,0,15,0,0,104,0,104,0,2,117,0,119,83,0,83,202
05/11/2011,LAL,FL,ASO,ES,Federal Contract Tower,0,0,26,0,26,0,0,75,0,75,0,0,101,0,101,77,0,77,178
05/12/2011,LAL,FL,ASO,ES,Federal Contract Tower,0,0,13,2,15,0,0,88,0,88,0,0,101,2,103,60,0,60,163
05/13/2011,LAL,FL,ASO,ES,Federal Contract Tower,0,0,23,2,25,0,0,76,1,77,0,0,99,3,102,26,8,34,136
05/14/2011,LAL,FL,ASO,ES,Federal Contract Tower,1,0,20,0,21,0,0,56,0,56,1,0,76,0,77,43,0,43,120
05/15/2011,LAL,FL,ASO,ES,Federal Contract Tower,0,0,20,5,25,0,0,73,1,74,0,0,93,6,99,69,0,69,168
05/16/2011,LAL,FL,ASO,ES,Federal Contract Tower,0,1,19,9,29,0,0,93,0,93,0,1,112,9,122,109,29,138,260
05/17/2011,LAL,FL,ASO,ES,Federal Contract Tower,0,2,30,8,40,0,0,92,0,92,0,2,122,8,132,97,0,97,229
05/18/2011,LAL,FL,ASO,ES,Federal Contract Tower,0,2,38,12,52,0,0,127,0,127,0,2,165,12,179,114,0,114,293
05/19/2011,LAL,FL,ASO,ES,Federal Contract Tower,0,2,30,6,38,0,0,97,0,97,0,2,127,6,135,122,22,144,279
05/20/2011,LAL,FL,ASO,ES,Federal Contract Tower,0,3,47,4,54,0,0,90,0,90,0,3,137,4,144,118,0,118,262
05/21/2011,LAL,FL,ASO,ES,Federal Contract Tower,0,3,20,0,23,0,2,169,0,171,0,5,189,0,194,70,0,70,264
05/22/2011,LAL,FL,ASO,ES,Federal Contract Tower,0,5,18,0,23,0,0,155,0,155,0,5,173,0,178,22,0,22,200
05/23/2011,LAL,FL,ASO,ES,Federal Contract Tower,0,3,17,0,20,0,0,67,5,72,0,3,84,5,92,46,18,64,156
05/24/2011,LAL,FL,ASO,ES,Federal Contract Tower,0,8,17,16,41,0,0,110,4,114,0,8,127,20,155,81,6,87,242
05/25/2011,LAL,FL,ASO,ES,Federal Contract Tower,0,3,34,4,41,0,0,82,1,83,0,3,116,5,124,36,2,38,162
05/26/2011,LAL,FL,ASO,ES,Federal Contract Tower,0,2,23,1,26,0,0,85,0,85,0,2,108,1,111,93,0,93,204
05/27/2011,LAL,FL,ASO,ES,Federal Contract Tower,1,3,27,0,31,0,0,100,0,100,1,3,127,0,131,135,0,135,266
05/28/2011,LAL,FL,ASO,ES,Federal Contract Tower,0,0,8,0,8,0,0,82,0,82,0,0,90,0,90,109,0,109,199
05/29/2011,LAL,FL,ASO,ES,Federal Contract Tower,0,0,3,0,3,0,0,66,0,66,0,0,69,0,69,38,0,38,107
05/30/2011,LAL,FL,ASO,ES,Federal Contract Tower,0,5,22,0,27,0,0,103,0,103,0,5,125,0,130,40,0,40,170
05/31/2011,LAL,FL,ASO,ES,Federal Contract Tower,0,2,21,0,23,0,0,93,0,93,0,2,114,0,116,84,0,84,200
06/01/2011,LAL,FL,ASO,ES,Federal Contract Tower,0,0,7,0,7,0,0,55,0,55,0,0,62,0,62,26,0,26,88
06/02/2011,LAL,FL,ASO,ES,Federal Contract Tower,1,8,18,0,27,0,0,74,4,78,1,8,92,4,105,70,0,70,175
06/03/2011,LAL,FL,ASO,ES,Federal Contract Tower,0,4,12,2,18,0,0,89,2,91,0,4,101,4,109,28,2,30,139
06/04/2011,LAL,FL,ASO,ES,Federal Contract Tower,0,3,22,0,25,0,0,115,0,115,0,3,137,0,140,58,0,58,198
06/05/2011,LAL,FL,ASO,ES,Federal Contract Tower,0,7,5,4,16,0,0,104,0,104,0,7,109,4,120,63,0,63,183
06/06/2011,LAL,FL,ASO,ES,Federal Contract Tower,0,4,13,0,17,0,0,71,0,71,0,4,84,0,88,48,0,48,136
06/07/2011,LAL,FL,ASO,ES,Federal Contract Tower,0,2,25,0,27,0,0,56,0,56,0,2,81,0,83,45,0,45,128
06/08/2011,LAL,FL,ASO,ES,Federal Contract Tower,0,0,18,8,26,0,0,68,0,68,0,0,86,8,94,26,2,28,122
06/09/2011,LAL,FL,ASO,ES,Federal Contract Tower,0,0,18,6,24,0,0,57,4,61,0,0,75,10,85,37,37,74,159
06/10/2011,LAL,FL,ASO,ES,Federal Contract Tower,0,0,15,11,26,0,0,77,4,81,0,0,92,15,107,47,42,89,196
06/11/2011,LAL,FL,ASO,ES,Federal Contract Tower,0,0,28,0,28,0,0,77,0,77,0,0,105,0,105,78,0,78,183
06/12/2011,LAL,FL,ASO,ES,Federal Contract Tower,0,7,8,0,15,0,0,65,2,67,0,7,73,2,82,26,2,28,110
06/13/2011,LAL,FL,ASO,ES,Federal Contract Tower,0,0,24,8,32,0,0,51,3,54,0,0,75,11,86,23,22,45,131
06/14/2011,LAL,FL,ASO,ES,Federal Contract Tower,0,2,17,0,19,0,0,81,2,83,0,2,98,2,102,50,0,50,152
06/15/2011,LAL,FL,ASO,ES,Federal Contract Tower,0,4,20,0,24,0,0,51,2,53,0,4,71,2,77,73,0,73,150
06/16/2011,LAL,FL,ASO,ES,Federal Contract Tower,0,3,26,8,37,0,0,88,6,94,0,3,114,14,131,32,14,46,177
06/17/2011,LAL,FL,ASO,ES,Federal Contract Tower,0,2,21,0,23,0,0,76,0,76,0,2,97,0,99,91,0,91,190
06/18/2011,LAL,FL,ASO,ES,Federal Contract Tower,0,0,24,4,28,0,0,84,0,84,0,0,108,4,112,84,2,86,198
06/19/2011,LAL,FL,ASO,ES,Federal Contract Tower,0,0,28,0,28,0,0,33,0,33,0,0,61,0,61,42,0,42,103
06/20/2011,LAL,FL,ASO,ES,Federal Contract Tower,0,0,16,0,16,0,0,84,0,84,0,0,100,0,100,94,0,94,194
06/21/2011,LAL,FL,ASO,ES,Federal Contract Tower,1,2,22,0,25,0,0,64,2,66,1,2,86,2,91,20,14,34,125
06/22/2011,LAL,FL,ASO,ES,Federal Contract Tower,0,0,11,0,11,0,0,90,0,90,0,0,101,0,101,50,0,50,151
06/23/2011,LAL,FL,ASO,ES,Federal Contract Tower,4,3,20,6,33,0,0,59,0,59,4,3,79,6,92,87,0,87,179
06/24/2011,LAL,FL,ASO,ES,Federal Contract Tower,2,5,16,4,27,0,0,49,2,51,2,5,65,6,78,56,6,62,140
06/25/2011,LAL,FL,ASO,ES,Federal Contract Tower,8,3,13,0,24,0,0,37,0,37,8,3,50,0,61,32,0,32,93
06/26/2011,LAL,FL,ASO,ES,Federal Contract Tower,4,8,11,0,23,0,0,36,0,36,4,8,47,0,59,24,0,24,83
06/27/2011,LAL,FL,ASO,ES,Federal Contract Tower,4,3,16,12,35,0,0,36,0,36,4,3,52,12,71,47,8,55,126
06/28/2011,LAL,FL,ASO,ES,Federal Contract Tower,0,2,22,6,30,0,2,36,0,38,0,4,58,6,68,48,0,48,116
06/29/2011,LAL,FL,ASO,ES,Federal Contract Tower,0,1,26,10,37,0,0,29,0,29,0,1,55,10,66,22,0,22,88
06/30/2011,LAL,FL,ASO,ES,Federal Contract Tower,2,3,30,0,35,0,0,30,2,32,2,3,60,2,67,70,4,74,141
07/01/2011,LAL,FL,ASO,ES,Federal Contract Tower,4,9,27,3,43,0,0,28,0,28,4,9,55,3,71,68,0,68,139
07/02/2011,LAL,FL,ASO,ES,Federal Contract Tower,4,0,18,0,22,0,0,34,0,34,4,0,52,0,56,12,0,12,68
07/03/2011,LAL,FL,ASO,ES,Federal Contract Tower,2,0,17,0,19,0,0,45,0,45,2,0,62,0,64,64,0,64,128
07/04/2011,LAL,FL,ASO,ES,Federal Contract Tower,4,1,7,8,20,0,0,40,0,40,4,1,47,8,60,47,8,55,115
07/05/2011,LAL,FL,ASO,ES,Federal Contract Tower,0,0,31,4,35,0,0,51,0,51,0,0,82,4,86,2,0,2,88
07/06/2011,LAL,FL,ASO,ES,Federal Contract Tower,0,0,22,1,23,0,0,49,1,50,0,0,71,2,73,36,0,36,109
07/07/2011,LAL,FL,ASO,ES,Federal Contract Tower,2,3,42,0,47,0,0,20,2,22,2,3,62,2,69,8,26,34,103
07/08/2011,LAL,FL,ASO,ES,Federal Contract Tower,3,4,20,1,28,0,0,6,0,6,3,4,26,1,34,0,0,0,34
07/09/2011,LAL,FL,ASO,ES,Federal Contract Tower,4,2,58,2,66,0,0,68,0,68,4,2,126,2,134,56,0,56,190
07/10/2011,LAL,FL,ASO,ES,Federal Contract Tower,2,1,14,18,35,0,0,63,0,63,2,1,77,18,98,62,16,78,176
07/11/2011,LAL,FL,ASO,ES,Federal Contract Tower,4,1,12,1,18,0,0,66,0,66,4,1,78,1,84,67,0,67,151
07/12/2011,LAL,FL,ASO,ES,Federal Contract Tower,1,3,10,0,14,0,0,46,0,46,1,3,56,0,60,43,0,43,103
07/13/2011,LAL,FL,ASO,ES,Federal Contract Tower,1,1,19,0,21,0,0,70,0,70,1,1,89,0,91,90,0,90,181
07/14/2011,LAL,FL,ASO,ES,Federal Contract Tower,2,1,33,7,43,0,0,72,0,72,2,1,105,7,115,48,20,68,183
07/15/2011,LAL,FL,ASO,ES,Federal Contract Tower,4,2,25,4,35,0,0,56,1,57,4,2,81,5,92,86,10,96,188
07/16/2011,LAL,FL,ASO,ES,Federal Contract Tower,4,1,33,0,38,0,0,102,0,102,4,1,135,0,140,106,0,106,246
07/17/2011,LAL,FL,ASO,ES,Federal Contract Tower,2,5,25,2,34,0,0,62,0,62,2,5,87,2,96,106,2,108,204
07/18/2011,LAL,FL,ASO,ES,Federal Contract Tower,3,2,24,0,29,0,0,80,0,80,3,2,104,0,109,82,0,82,191
07/19/2011,LAL,FL,ASO,ES,Federal Contract Tower,0,2,5,4,11,0,0,76,0,76,0,2,81,4,87,39,0,39,126
07/20/2011,LAL,FL,ASO,ES,Federal Contract Tower,0,2,27,0,29,0,0,90,5,95,0,2,117,5,124,34,13,47,171
07/21/2011,LAL,FL,ASO,ES,Federal Contract Tower,2,2,10,3,17,0,0,58,1,59,2,2,68,4,76,48,31,79,155
07/22/2011,LAL,FL,ASO,ES,Federal Contract Tower,4,0,10,4,18,0,0,65,0,65,4,0,75,4,83,34,4,38,121
07/23/2011,LAL,FL,ASO,ES,Federal Contract Tower,4,1,30,0,35,0,0,106,2,108,4,1,136,2,143,46,0,46,189
07/24/2011,LAL,FL,ASO,ES,Federal Contract Tower,2,2,18,0,22,0,0,75,0,75,2,2,93,0,97,86,0,86,183
07/25/2011,LAL,FL,ASO,ES,Federal Contract Tower,3,3,15,7,28,0,0,47,1,48,3,3,62,8,76,70,22,92,168
07/26/2011,LAL,FL,ASO,ES,Federal Contract Tower,0,14,18,0,32,0,0,60,4,64,0,14,78,4,96,59,48,107,203
07/27/2011,LAL,FL,ASO,ES,Federal Contract Tower,0,0,16,0,16,0,0,54,0,54,0,0,70,0,70,36,0,36,106
07/28/2011,LAL,FL,ASO,ES,Federal Contract Tower,1,2,21,8,32,0,0,53,2,55,1,2,74,10,87,40,24,64,151
07/29/2011,LAL,FL,ASO,ES,Federal Contract Tower,5,0,12,0,17,0,0,91,0,91,5,0,103,0,108,51,0,51,159
07/30/2011,LAL,FL,ASO,ES,Federal Contract Tower,4,0,15,0,19,0,0,75,0,75,4,0,90,0,94,40,0,40,134
07/31/2011,LAL,FL,ASO,ES,Federal Contract Tower,2,2,7,0,11,0,0,64,0,64,2,2,71,0,75,40,0,40,115
08/01/2011,LAL,FL,ASO,ES,Federal Contract Tower,4,0,12,13,29,0,0,64,1,65,4,0,76,14,94,58,34,92,186
08/02/2011,LAL,FL,ASO,ES,Federal Contract Tower,0,0,13,0,13,0,0,68,0,68,0,0,81,0,81,22,0,22,103
08/03/2011,LAL,FL,ASO,ES,Federal Contract Tower,0,2,16,0,18,0,0,53,2,55,0,2,69,2,73,85,4,89,162
08/04/2011,LAL,FL,ASO,ES,Federal Contract Tower,2,4,27,0,33,0,0,67,0,67,2,4,94,0,100,64,0,64,164
08/05/2011,LAL,FL,ASO,ES,Federal Contract Tower,3,2,23,3,31,0,0,55,1,56,3,2,78,4,87,44,0,44,131
08/06/2011,LAL,FL,ASO,ES,Federal Contract Tower,4,0,26,0,30,0,0,77,0,77,4,0,103,0,107,42,0,42,149
08/07/2011,LAL,FL,ASO,ES,Federal Contract Tower,2,2,8,2,14,0,0,54,0,54,2,2,62,2,68,37,0,37,105
08/08/2011,LAL,FL,ASO,ES,Federal Contract Tower,5,2,20,0,27,0,0,32,0,32,5,2,52,0,59,26,0,26,85
08/09/2011,LAL,FL,ASO,ES,Federal Contract Tower,0,0,12,0,12,0,0,2,0,2,0,0,14,0,14,8,0,8,22
08/10/2011,LAL,FL,ASO,ES,Federal Contract Tower,0,2,11,0,13,0,0,17,0,17,0,2,28,0,30,6,0,6,36
08/11/2011,LAL,FL,ASO,ES,Federal Contract Tower,2,0,11,6,19,0,0,59,1,60,2,0,70,7,79,27,10,37,116
08/12/2011,LAL,FL,ASO,ES,Federal Contract Tower,4,7,21,22,54,0,0,77,0,77,4,7,98,22,131,101,22,123,254
08/13/2011,LAL,FL,ASO,ES,Federal Contract Tower,4,1,8,0,13,0,0,121,2,123,4,1,129,2,136,99,0,99,235
08/14/2011,LAL,FL,ASO,ES,Federal Contract Tower,1,3,9,0,13,0,0,61,0,61,1,3,70,0,74,96,0,96,170
08/15/2011,LAL,FL,ASO,ES,Federal Contract Tower,4,2,24,6,36,0,0,60,2,62,4,2,84,8,98,36,10,46,144
08/16/2011,LAL,FL,ASO,ES,Federal Contract Tower,0,6,28,4,38,0,0,61,0,61,0,6,89,4,99,18,0,18,117
08/17/2011,LAL,FL,ASO,ES,Federal Contract Tower,0,3,37,6,46,0,0,50,0,50,0,3,87,6,96,26,2,28,124
08/18/2011,LAL,FL,ASO,ES,Federal Contract Tower,2,4,19,4,29,0,0,78,2,80,2,4,97,6,109,107,6,113,222
08/19/2011,LAL,FL,ASO,ES,Federal Contract Tower,2,2,16,8,28,0,0,94,0,94,2,2,110,8,122,64,0,64,186
08/20/2011,LAL,FL,ASO,ES,Federal Contract Tower,2,2,9,0,13,0,0,82,0,82,2,2,91,0,95,46,0,46,141
08/21/2011,LAL,FL,ASO,ES,Federal Contract Tower,2,1,24,0,27,0,0,130,0,130,2,1,154,0,157,82,0,82,239
08/22/2011,LAL,FL,ASO,ES,Federal Contract Tower,2,3,10,4,19,0,0,67,0,67,2,3,77,4,86,43,14,57,143
08/23/2011,LAL,FL,ASO,ES,Federal Contract Tower,0,7,20,0,27,0,1,80,0,81,0,8,100,0,108,53,0,53,161
08/24/2011,LAL,FL,ASO,ES,Federal Contract Tower,0,3,22,0,25,0,0,43,2,45,0,3,65,2,70,2,0,2,72
08/25/2011,LAL,FL,ASO,ES,Federal Contract Tower,0,1,22,0,23,0,0,42,0,42,0,1,64,0,65,36,0,36,101
08/26/2011,LAL,FL,ASO,ES,Federal Contract Tower,1,2,18,4,25,0,0,60,0,60,1,2,78,4,85,33,2,35,120
08/27/2011,LAL,FL,ASO,ES,Federal Contract Tower,3,1,11,0,15,0,0,70,0,70,3,1,81,0,85,14,0,14,99
08/28/2011,LAL,FL,ASO,ES,Federal Contract Tower,0,2,16,0,18,0,0,59,0,59,0,2,75,0,77,30,0,30,107
08/29/2011,LAL,FL,ASO,ES,Federal Contract Tower,3,0,13,0,16,0,0,44,0,44,3,0,57,0,60,16,0,16,76
08/30/2011,LAL,FL,ASO,ES,Federal Contract Tower,0,6,14,2,22,0,0,41,0,41,0,6,55,2,63,58,0,58,121
08/31/2011,LAL,FL,ASO,ES,Federal Contract Tower,0,5,32,0,37,0,0,47,0,47,0,5,79,0,84,56,0,56,140
09/01/2011,LAL,FL,ASO,ES,Federal Contract Tower,1,1,39,2,43,0,0,77,0,77,1,1,116,2,120,75,0,75,195
09/02/2011,LAL,FL,ASO,ES,Federal Contract Tower,4,4,20,0,28,0,1,70,0,71,4,5,90,0,99,58,0,58,157
09/03/2011,LAL,FL,ASO,ES,Federal Contract Tower,2,0,29,0,31,0,0,111,0,111,2,0,140,0,142,64,0,64,206
09/04/2011,LAL,FL,ASO,ES,Federal Contract Tower,0,2,6,0,8,0,0,66,0,66,0,2,72,0,74,18,0,18,92
09/05/2011,LAL,FL,ASO,ES,Federal Contract Tower,4,3,6,0,13,0,0,46,2,48,4,3,52,2,61,20,0,20,81
09/06/2011,LAL,FL,ASO,ES,Federal Contract Tower,0,3,12,5,20,0,0,26,0,26,0,3,38,5,46,10,0,10,56
09/07/2011,LAL,FL,ASO,ES,Federal Contract Tower,0,1,12,6,19,0,0,22,0,22,0,1,34,6,41,82,4,86,127
09/08/2011,LAL,FL,ASO,ES,Federal Contract Tower,0,2,14,8,24,0,0,89,0,89,0,2,103,8,113,74,0,74,187
09/09/2011,LAL,FL,ASO,ES,Federal Contract Tower,4,0,18,6,28,0,0,58,1,59,4,0,76,7,87,20,6,26,113
09/10/2011,LAL,FL,ASO,ES,Federal Contract Tower,2,1,9,0,12,0,0,79,0,79,2,1,88,0,91,66,0,66,157
09/11/2011,LAL,FL,ASO,ES,Federal Contract Tower,0,5,13,0,18,0,0,103,0,103,0,5,116,0,121,56,0,56,177
09/12/2011,LAL,FL,ASO,ES,Federal Contract Tower,3,4,19,4,30,0,0,75,0,75,3,4,94,4,105,53,2,55,160
09/13/2011,LAL,FL,ASO,ES,Federal Contract Tower,0,5,28,6,39,0,0,110,1,111,0,5,138,7,150,134,16,150,300
09/14/2011,LAL,FL,ASO,ES,Federal Contract Tower,0,2,17,2,21,0,2,114,2,118,0,4,131,4,139,56,0,56,195
09/15/2011,LAL,FL,ASO,ES,Federal Contract Tower,0,4,28,8,40,0,0,93,2,95,0,4,121,10,135,89,0,89,224
09/16/2011,LAL,FL,ASO,ES,Federal Contract Tower,5,0,31,11,47,0,0,92,3,95,5,0,123,14,142,84,8,92,234
09/17/2011,LAL,FL,ASO,ES,Federal Contract Tower,2,1,15,0,18,0,0,100,0,100,2,1,115,0,118,52,0,52,170
09/18/2011,LAL,FL,ASO,ES,Federal Contract Tower,0,3,14,2,19,0,0,87,8,95,0,3,101,10,114,61,0,61,175
09/19/2011,LAL,FL,ASO,ES,Federal Contract Tower,4,0,27,4,35,0,0,30,0,30,4,0,57,4,65,48,0,48,113
09/20/2011,LAL,FL,ASO,ES,Federal Contract Tower,0,3,10,0,13,0,0,64,0,64,0,3,74,0,77,28,0,28,105
09/21/2011,LAL,FL,ASO,ES,Federal Contract Tower,0,2,23,0,25,0,0,45,0,45,0,2,68,0,70,44,0,44,114
09/22/2011,LAL,FL,ASO,ES,Federal Contract Tower,0,2,32,7,41,0,0,50,3,53,0,2,82,10,94,18,4,22,116
09/23/2011,LAL,FL,ASO,ES,Federal Contract Tower,4,3,23,2,32,0,0,61,0,61,4,3,84,2,93,25,2,27,120
09/24/2011,LAL,FL,ASO,ES,Federal Contract Tower,2,2,3,0,7,0,0,79,0,79,2,2,82,0,86,104,0,104,190
09/25/2011,LAL,FL,ASO,ES,Federal Contract Tower,1,0,3,0,4,0,0,54,0,54,1,0,57,0,58,84,0,84,142
09/26/2011,LAL,FL,ASO,ES,Federal Contract Tower,1,0,26,0,27,0,0,34,0,34,1,0,60,0,61,61,0,61,122
09/27/2011,LAL,FL,ASO,ES,Federal Contract Tower,0,0,33,12,45,0,0,60,0,60,0,0,93,12,105,72,2,74,179
09/28/2011,LAL,FL,ASO,ES,Federal Contract Tower,0,0,34,23,57,0,0,92,0,92,0,0,126,23,149,101,10,111,260
09/29/2011,LAL,FL,ASO,ES,Federal Contract Tower,0,3,15,0,18,0,0,92,0,92,0,3,107,0,110,56,0,56,166
09/30/2011,LAL,FL,ASO,ES,Federal Contract Tower,5,0,36,0,41,0,0,82,2,84,5,0,118,2,125,78,0,78,203
10/01/2011,LAL,FL,ASO,ES,Federal Contract Tower,4,2,15,0,21,0,0,108,0,108,4,2,123,0,129,39,0,39,168
10/02/2011,LAL,FL,ASO,ES,Federal Contract Tower,1,1,19,1,22,0,0,77,5,82,1,1,96,6,104,77,0,77,181
10/03/2011,LAL,FL,ASO,ES,Federal Contract Tower,3,0,11,2,16,0,0,75,2,77,3,0,86,4,93,72,18,90,183
10/04/2011,LAL,FL,ASO,ES,Federal Contract Tower,0,6,35,4,45,0,0,71,2,73,0,6,106,6,118,34,6,40,158
10/05/2011,LAL,FL,ASO,ES,Federal Contract Tower,0,2,21,12,35,0,0,100,0,100,0,2,121,12,135,82,0,82,217
10/06/2011,LAL,FL,ASO,ES,Federal Contract Tower,1,6,24,4,35,0,0,91,2,93,1,6,115,6,128,14,16,30,158
10/07/2011,LAL,FL,ASO,ES,Federal Contract Tower,4,0,12,8,24,0,0,61,7,68,4,0,73,15,92,23,36,59,151
10/08/2011,LAL,FL,ASO,ES,Federal Contract Tower,4,3,2,0,9,0,0,5,0,5,4,3,7,0,14,0,0,0,14
10/09/2011,LAL,FL,ASO,ES,Federal Contract Tower,0,4,8,0,12,0,0,7,0,7,0,4,15,0,19,2,0,2,21
10/10/2011,LAL,FL,ASO,ES,Federal Contract Tower,5,4,27,0,36,0,0,62,0,62,5,4,89,0,98,48,0,48,146
10/11/2011,LAL,FL,ASO,ES,Federal Contract Tower,0,2,20,6,28,0,0,51,0,51,0,2,71,6,79,20,0,20,99
10/12/2011,LAL,FL,ASO,ES,Federal Contract Tower,0,2,29,8,39,0,0,87,0,87,0,2,116,8,126,80,6,86,212
10/13/2011,LAL,FL,ASO,ES,Federal Contract Tower,1,5,23,8,37,0,0,56,0,56,1,5,79,8,93,34,4,38,131
10/14/2011,LAL,FL,ASO,ES,Federal Contract Tower,4,7,13,1,25,0,0,68,5,73,4,7,81,6,98,99,8,107,205
10/15/2011,LAL,FL,ASO,ES,Federal Contract Tower,6,3,23,0,32,0,0,72,0,72,6,3,95,0,104,56,0,56,160
10/16/2011,LAL,FL,ASO,ES,Federal Contract Tower,1,1,16,1,19,0,0,90,5,95,1,1,106,6,114,60,2,62,176
10/17/2011,LAL,FL,ASO,ES,Federal Contract Tower,5,4,32,10,51,0,0,52,0,52,5,4,84,10,103,90,8,98,201
10/18/2011,LAL,FL,ASO,ES,Federal Contract Tower,0,7,8,4,19,0,0,2,0,2,0,7,10,4,21,0,0,0,21
10/19/2011,LAL,FL,ASO,ES,Federal Contract Tower,0,3,21,16,40,0,0,9,0,9,0,3,30,16,49,26,6,32,81
10/20/2011,LAL,FL,ASO,ES,Federal Contract Tower,0,4,25,2,31,0,0,105,4,109,0,4,130,6,140,88,37,125,265
10/21/2011,LAL,FL,ASO,ES,Federal Contract Tower,6,2,10,19,37,0,0,103,7,110,6,2,113,26,147,66,30,96,243
10/22/2011,LAL,FL,ASO,ES,Federal Contract Tower,4,4,18,0,26,0,0,98,0,98,4,4,116,0,124,66,0,66,190
10/23/2011,LAL,FL,ASO,ES,Federal Contract Tower,0,4,20,18,42,0,0,124,0,124,0,4,144,18,166,22,0,22,188
10/24/2011,LAL,FL,ASO,ES,Federal Contract Tower,5,2,27,0,34,0,0,87,2,89,5,2,114,2,123,52,2,54,177
10/25/2011,LAL,FL,ASO,ES,Federal Contract Tower,0,0,28,0,28,0,0,81,1,82,0,0,109,1,110,129,20,149,259
10/26/2011,LAL,FL,ASO,ES,Federal Contract Tower,0,2,9,4,15,0,0,96,0,96,0,2,105,4,111,68,0,68,179
10/27/2011,LAL,FL,ASO,ES,Federal Contract Tower,0,2,23,6,31,0,0,73,0,73,0,2,96,6,104,61,6,67,171
10/28/2011,LAL,FL,ASO,ES,Federal Contract Tower,7,1,45,0,53,0,0,47,0,47,7,1,92,0,100,4,0,4,104
10/29/2011,LAL,FL,ASO,ES,Federal Contract Tower,4,0,30,0,34,0,0,33,0,33,4,0,63,0,67,86,0,86,153
10/30/2011,LAL,FL,ASO,ES,Federal Contract Tower,0,1,22,0,23,0,0,59,0,59,0,1,81,0,82,34,0,34,116
10/31/2011,LAL,FL,ASO,ES,Federal Contract Tower,5,1,27,4,37,0,0,33,0,33,5,1,60,4,70,18,0,18,88
11/01/2011,LAL,FL,ASO,ES,Federal Contract Tower,0,3,30,0,33,0,0,88,0,88,0,3,118,0,121,44,0,44,165
11/02/2011,LAL,FL,ASO,ES,Federal Contract Tower,0,3,52,5,60,0,0,95,0,95,0,3,147,5,155,109,6,115,270
11/03/2011,LAL,FL,ASO,ES,Federal Contract Tower,0,3,40,4,47,0,0,82,0,82,0,3,122,4,129,81,4,85,214
11/04/2011,LAL,FL,ASO,ES,Federal Contract Tower,4,2,55,5,66,0,0,63,3,66,4,2,118,8,132,36,30,66,198
11/05/2011,LAL,FL,ASO,ES,Federal Contract Tower,3,6,4,0,13,0,0,87,1,88,3,6,91,1,101,165,0,165,266
11/06/2011,LAL,FL,ASO,ES,Federal Contract Tower,1,3,20,5,29,0,0,58,0,58,1,3,78,5,87,64,2,66,153
11/07/2011,LAL,FL,ASO,ES,Federal Contract Tower,5,3,53,0,61,0,2,106,3,111,5,5,159,3,172,30,43,73,245
11/08/2011,LAL,FL,ASO,ES,Federal Contract Tower,0,0,30,1,31,0,0,87,1,88,0,0,117,2,119,54,50,104,223
11/09/2011,LAL,FL,ASO,ES,Federal Contract Tower,1,1,19,0,21,0,0,109,0,109,1,1,128,0,130,59,0,59,189
11/10/2011,LAL,FL,ASO,ES,Federal Contract Tower,4,1,42,4,51,0,0,113,0,113,4,1,155,4,164,94,0,94,258
11/11/2011,LAL,FL,ASO,ES,Federal Contract Tower,4,2,10,0,16,0,0,92,0,92,4,2,102,0,108,78,0,78,186
11/12/2011,LAL,FL,ASO,ES,Federal Contract Tower,4,1,26,0,31,0,0,106,2,108,4,1,132,2,139,46,0,46,185
11/13/2011,LAL,FL,ASO,ES,Federal Contract Tower,4,0,15,0,19,0,0,85,0,85,4,0,100,0,104,42,0,42,146
11/14/2011,LAL,FL,ASO,ES,Federal Contract Tower,4,0,17,0,21,0,0,102,14,116,4,0,119,14,137,42,34,76,213
11/15/2011,LAL,FL,ASO,ES,Federal Contract Tower,0,2,32,10,44,0,0,46,0,46,0,2,78,10,90,35,6,41,131
11/16/2011,LAL,FL,ASO,ES,Federal Contract Tower,1,5,37,4,47,0,0,72,0,72,1,5,109,4,119,20,0,20,139
11/17/2011,LAL,FL,ASO,ES,Federal Contract Tower,5,3,21,6,35,0,0,43,0,43,5,3,64,6,78,59,0,59,137
11/18/2011,LAL,FL,ASO,ES,Federal Contract Tower,4,2,38,7,51,0,0,107,3,110,4,2,145,10,161,54,4,58,219
11/19/2011,LAL,FL,ASO,ES,Federal Contract Tower,6,3,14,0,23,0,0,101,0,101,6,3,115,0,124,76,0,76,200
11/20/2011,LAL,FL,ASO,ES,Federal Contract Tower,3,3,36,0,42,0,0,89,0,89,3,3,125,0,131,91,0,91,222
11/21/2011,LAL,FL,ASO,ES,Federal Contract Tower,4,5,18,6,33,0,0,77,0,77,4,5,95,6,110,63,6,69,179
11/22/2011,LAL,FL,ASO,ES,Federal Contract Tower,0,5,34,0,39,0,0,86,0,86,0,5,120,0,125,84,0,84,209
11/23/2011,LAL,FL,ASO,ES,Federal Contract Tower,2,4,18,0,24,0,0,51,0,51,2,4,69,0,75,51,0,51,126
11/24/2011,LAL,FL,ASO,ES,Federal Contract Tower,3,1,6,0,10,0,0,42,0,42,3,1,48,0,52,22,0,22,74
11/25/2011,LAL,FL,ASO,ES,Federal Contract Tower,3,2,15,0,20,0,0,66,0,66,3,2,81,0,86,80,0,80,166
11/26/2011,LAL,FL,ASO,ES,Federal Contract Tower,6,5,8,0,19,0,0,86,0,86,6,5,94,0,105,23,0,23,128
11/27/2011,LAL,FL,ASO,ES,Federal Contract Tower,4,0,16,0,20,0,0,80,2,82,4,0,96,2,102,46,8,54,156
11/28/2011,LAL,FL,ASO,ES,Federal Contract Tower,4,3,17,4,28,0,0,13,0,13,4,3,30,4,41,4,0,4,45
11/29/2011,LAL,FL,ASO,ES,Federal Contract Tower,0,4,34,2,40,0,0,58,0,58,0,4,92,2,98,26,0,26,124
11/30/2011,LAL,FL,ASO,ES,Federal Contract Tower,2,10,47,0,59,0,0,48,4,52,2,10,95,4,111,62,4,66,177
12/01/2011,LAL,FL,ASO,ES,Federal Contract Tower,2,4,21,0,27,0,0,65,2,67,2,4,86,2,94,27,8,35,129
12/02/2011,LAL,FL,ASO,ES,Federal Contract Tower,2,4,9,6,21,0,0,99,0,99,2,4,108,6,120,40,6,46,166
12/03/2011,LAL,FL,ASO,ES,Federal Contract Tower,6,1,18,0,25,0,0,88,2,90,6,1,106,2,115,98,0,98,213
12/04/2011,LAL,FL,ASO,ES,Federal Contract Tower,4,1,17,4,26,0,0,120,0,120,4,1,137,4,146,74,0,74,220
12/05/2011,LAL,FL,ASO,ES,Federal Contract Tower,3,0,25,4,32,0,0,83,0,83,3,0,108,4,115,68,6,74,189
12/06/2011,LAL,FL,ASO,ES,Federal Contract Tower,0,0,15,0,15,0,0,75,0,75,0,0,90,0,90,55,0,55,145
12/07/2011,LAL,FL,ASO,ES,Federal Contract Tower,4,2,40,0,46,0,0,53,0,53,4,2,93,0,99,41,0,41,140
12/08/2011,LAL,FL,ASO,ES,Federal Contract Tower,2,0,18,0,20,0,0,94,0,94,2,0,112,0,114,58,0,58,172
12/09/2011,LAL,FL,ASO,ES,Federal Contract Tower,4,1,26,7,38,0,0,99,8,107,4,1,125,15,145,64,18,82,227
12/10/2011,LAL,FL,ASO,ES,Federal Contract Tower,2,9,32,0,43,0,0,69,0,69,2,9,101,0,112,44,0,44,156
12/11/2011,LAL,FL,ASO,ES,Federal Contract Tower,2,1,26,1,30,0,0,51,0,51,2,1,77,1,81,66,0,66,147
12/12/2011,LAL,FL,ASO,ES,Federal Contract Tower,4,2,56,3,65,0,0,24,1,25,4,2,80,4,90,28,47,75,165
12/13/2011,LAL,FL,ASO,ES,Federal Contract Tower,0,2,24,0,26,0,0,50,0,50,0,2,74,0,76,80,0,80,156
12/14/2011,LAL,FL,ASO,ES,Federal Contract Tower,5,0,35,4,44,0,0,109,0,109,5,0,144,4,153,122,4,126,279
12/15/2011,LAL,FL,ASO,ES,Federal Contract Tower,2,6,24,49,81,0,0,104,0,104,2,6,128,49,185,67,4,71,256
12/16/2011,LAL,FL,ASO,ES,Federal Contract Tower,4,4,29,0,37,0,0,93,0,93,4,4,122,0,130,71,0,71,201
12/17/2011,LAL,FL,ASO,ES,Federal Contract Tower,3,2,21,34,60,0,0,84,2,86,3,2,105,36,146,76,0,76,222
12/18/2011,LAL,FL,ASO,ES,Federal Contract Tower,3,8,21,1,33,0,0,69,0,69,3,8,90,1,102,58,0,58,160
12/19/2011,LAL,FL,ASO,ES,Federal Contract Tower,4,3,19,1,27,0,0,78,0,78,4,3,97,1,105,48,0,48,153
12/20/2011,LAL,FL,ASO,ES,Federal Contract Tower,0,4,13,4,21,0,0,98,0,98,0,4,111,4,119,98,0,98,217
12/21/2011,LAL,FL,ASO,ES,Federal Contract Tower,2,2,16,4,24,0,0,74,0,74,2,2,90,4,98,64,0,64,162
12/22/2011,LAL,FL,ASO,ES,Federal Contract Tower,3,5,16,2,26,0,0,99,0,99,3,5,115,2,125,76,0,76,201
12/23/2011,LAL,FL,ASO,ES,Federal Contract Tower,4,3,19,0,26,0,0,78,0,78,4,3,97,0,104,54,0,54,158
12/24/2011,LAL,FL,ASO,ES,Federal Contract Tower,4,0,3,0,7,0,0,25,0,25,4,0,28,0,32,16,0,16,48
12/25/2011,LAL,FL,ASO,ES,Federal Contract Tower,7,2,9,0,18,0,0,50,0,50,7,2,59,0,68,0,0,0,68
12/26/2011,LAL,FL,ASO,ES,Federal Contract Tower,5,9,10,0,24,0,0,10,0,10,5,9,20,0,34,16,0,16,50
12/27/2011,LAL,FL,ASO,ES,Federal Contract Tower,0,4,29,6,39,0,0,9,0,9,0,4,38,6,48,0,0,0,48
12/28/2011,LAL,FL,ASO,ES,Federal Contract Tower,3,5,8,0,16,0,1,88,2,91,3,6,96,2,107,54,0,54,161
12/29/2011,LAL,FL,ASO,ES,Federal Contract Tower,3,6,25,5,39,0,2,120,1,123,3,8,145,6,162,79,0,79,241
12/30/2011,LAL,FL,ASO,ES,Federal Contract Tower,4,1,16,0,21,0,0,109,0,109,4,1,125,0,130,60,0,60,190
12/31/2011,LAL,FL,ASO,ES,Federal Contract Tower,5,1,7,0,13,0,0,83,0,83,5,1,90,0,96,58,0,58,154
01/01/2012,LAL,FL,ASO,ES,Federal Contract Tower,3,3,10,0,16,0,0,50,0,50,3,3,60,0,66,6,0,6,72
01/02/2012,LAL,FL,ASO,ES,Federal Contract Tower,4,2,20,0,26,0,0,30,0,30,4,2,50,0,56,13,0,13,69
01/03/2012,LAL,FL,ASO,ES,Federal Contract Tower,1,3,13,0,17,0,0,20,0,20,1,3,33,0,37,9,0,9,46
01/04/2012,LAL,FL,ASO,ES,Federal Contract Tower,3,11,20,2,36,0,3,59,0,62,3,14,79,2,98,24,0,24,122
01/05/2012,LAL,FL,ASO,ES,Federal Contract Tower,3,6,17,0,26,0,0,73,0,73,3,6,90,0,99,56,0,56,155
01/06/2012,LAL,FL,ASO,ES,Federal Contract Tower,5,2,29,8,44,0,0,66,9,75,5,2,95,17,119,66,4,70,189
01/07/2012,LAL,FL,ASO,ES,Federal Contract Tower,3,3,12,2,20,0,0,94,2,96,3,3,106,4,116,50,0,50,166
01/08/2012,LAL,FL,ASO,ES,Federal Contract Tower,8,2,19,19,48,0,0,114,7,121,8,2,133,26,169,74,0,74,243
01/09/2012,LAL,FL,ASO,ES,Federal Contract Tower,4,2,11,8,25,0,0,88,0,88,4,2,99,8,113,82,4,86,199
01/10/2012,LAL,FL,ASO,ES,Federal Contract Tower,0,0,23,0,23,0,0,79,0,79,0,0,102,0,102,42,0,42,144
01/11/2012,LAL,FL,ASO,ES,Federal Contract Tower,3,4,18,4,29,0,0,8,0,8,3,4,26,4,37,0,0,0,37
01/12/2012,LAL,FL,ASO,ES,Federal Contract Tower,4,2,31,4,41,0,0,96,0,96,4,2,127,4,137,86,0,86,223
01/13/2012,LAL,FL,ASO,ES,Federal Contract Tower,7,6,30,0,43,0,0,94,0,94,7,6,124,0,137,84,0,84,221
01/14/2012,LAL,FL,ASO,ES,Federal Contract Tower,3,0,26,0,29,0,0,128,0,128,3,0,154,0,157,50,0,50,207
01/15/2012,LAL,FL,ASO,ES,Federal Contract Tower,3,1,8,0,12,0,0,107,0,107,3,1,115,0,119,42,0,42,161
01/16/2012,LAL,FL,ASO,ES,Federal Contract Tower,4,2,19,0,25,0,0,72,0,72,4,2,91,0,97,64,0,64,161
01/17/2012,LAL,FL,ASO,ES,Federal Contract Tower,0,3,22,7,32,0,0,71,1,72,0,3,93,8,104,78,0,78,182
01/18/2012,LAL,FL,ASO,ES,Federal Contract Tower,2,2,24,0,28,0,0,23,0,23,2,2,47,0,51,4,0,4,55
01/19/2012,LAL,FL,ASO,ES,Federal Contract Tower,3,1,28,4,36,0,0,93,3,96,3,1,121,7,132,57,26,83,215
01/20/2012,LAL,FL,ASO,ES,Federal Contract Tower,3,3,26,11,43,0,0,146,2,148,3,3,172,13,191,44,4,48,239
01/21/2012,LAL,FL,ASO,ES,Federal Contract Tower,1,0,8,4,13,0,0,137,8,145,1,0,145,12,158,88,0,88,246
01/22/2012,LAL,FL,ASO,ES,Federal Contract Tower,3,0,22,8,33,0,0,111,3,114,3,0,133,11,147,46,0,46,193
01/23/2012,LAL,FL,ASO,ES,Federal Contract Tower,4,1,13,1,19,0,0,55,1,56,4,1,68,2,75,41,16,57,132
01/24/2012,LAL,FL,ASO,ES,Federal Contract Tower,0,2,17,0,19,0,0,86,2,88,0,2,103,2,107,50,0,50,157
01/25/2012,LAL,FL,ASO,ES,Federal Contract Tower,2,3,23,7,35,0,0,95,1,96,2,3,118,8,131,55,4,59,190
01/26/2012,LAL,FL,ASO,ES,Federal Contract Tower,3,0,35,4,42,0,0,96,0,96,3,0,131,4,138,34,4,38,176
01/27/2012,LAL,FL,ASO,ES,Federal Contract Tower,4,8,25,4,41,0,0,21,0,21,4,8,46,4,62,8,0,8,70
01/28/2012,LAL,FL,ASO,ES,Federal Contract Tower,4,0,28,0,32,0,0,183,0,183,4,0,211,0,215,75,0,75,290
01/29/2012,LAL,FL,ASO,ES,Federal Contract Tower,4,2,21,0,27,0,0,88,0,88,4,2,109,0,115,38,0,38,153
01/30/2012,LAL,FL,ASO,ES,Federal Contract Tower,4,2,30,0,36,0,0,68,0,68,4,2,98,0,104,59,0,59,163
01/31/2012,LAL,FL,ASO,ES,Federal Contract Tower,2,3,25,2,32,0,0,98,0,98,2,3,123,2,130,65,0,65,195
02/01/2012,LAL,FL,ASO,ES,Federal Contract Tower,4,2,10,3,19,0,0,78,1,79,4,2,88,4,98,51,0,51,149
02/02/2012,LAL,FL,ASO,ES,Federal Contract Tower,4,3,37,18,62,0,0,76,4,80,4,3,113,22,142,66,16,82,224
02/03/2012,LAL,FL,ASO,ES,Federal Contract Tower,4,2,31,8,45,0,0,77,0,77,4,2,108,8,122,26,2,28,150
02/04/2012,LAL,FL,ASO,ES,Federal Contract Tower,3,1,14,11,29,0,0,106,0,106,3,1,120,11,135,18,0,18,153
02/05/2012,LAL,FL,ASO,ES,Federal Contract Tower,3,4,23,0,30,0,0,62,0,62,3,4,85,0,92,26,0,26,118
02/06/2012,LAL,FL,ASO,ES,Federal Contract Tower,5,1,27,20,53,0,0,43,0,43,5,1,70,20,96,19,10,29,125
02/07/2012,LAL,FL,ASO,ES,Federal Contract Tower,0,1,40,2,43,0,0,8,0,8,0,1,48,2,51,6,0,6,57
02/08/2012,LAL,FL,ASO,ES,Federal Contract Tower,2,2,22,0,26,0,0,70,4,74,2,2,92,4,100,71,0,71,171
02/09/2012,LAL,FL,ASO,ES,Federal Contract Tower,3,2,51,0,56,0,0,82,2,84,3,2,133,2,140,20,32,52,192
02/10/2012,LAL,FL,ASO,ES,Federal Contract Tower,3,5,31,6,45,0,0,87,1,88,3,5,118,7,133,104,30,134,267
02/11/2012,LAL,FL,ASO,ES,Federal Contract Tower,4,0,44,0,48,0,0,136,2,138,4,0,180,2,186,8,0,8,194
02/12/2012,LAL,FL,ASO,ES,Federal Contract Tower,3,2,46,1,52,0,0,169,9,178,3,2,215,10,230,65,0,65,295
02/13/2012,LAL,FL,ASO,ES,Federal Contract Tower,5,0,19,0,24,0,0,81,0,81,5,0,100,0,105,96,0,96,201
02/14/2012,LAL,FL,ASO,ES,Federal Contract Tower,1,2,20,1,24,0,0,75,4,79,1,2,95,5,103,42,10,52,155
02/15/2012,LAL,FL,ASO,ES,Federal Contract Tower,3,4,30,2,39,0,2,89,2,93,3,6,119,4,132,62,30,92,224
02/16/2012,LAL,FL,ASO,ES,Federal Contract Tower,3,5,38,0,46,0,0,89,6,95,3,5,127,6,141,72,30,102,243
02/17/2012,LAL,FL,ASO,ES,Federal Contract Tower,10,2,52,0,64,0,0,4,0,4,10,2,56,0,68,16,0,16,84
02/18/2012,LAL,FL,ASO,ES,Federal Contract Tower,5,7,44,0,56,0,0,48,0,48,5,7,92,0,104,19,0,19,123
02/19/2012,LAL,FL,ASO,ES,Federal Contract Tower,4,0,30,0,34,0,0,7,0,7,4,0,37,0,41,0,0,0,41
02/20/2012,LAL,FL,ASO,ES,Federal Contract Tower,6,2,33,4,45,0,0,109,0,109,6,2,142,4,154,70,4,74,228
02/21/2012,LAL,FL,ASO,ES,Federal Contract Tower,0,4,23,2,29,0,0,65,0,65,0,4,88,2,94,23,0,23,117
02/22/2012,LAL,FL,ASO,ES,Federal Contract Tower,2,5,44,5,56,0,0,62,0,62,2,5,106,5,118,60,4,64,182
02/23/2012,LAL,FL,ASO,ES,Federal Contract Tower,4,2,51,0,57,0,0,39,0,39,4,2,90,0,96,40,0,40,136
02/24/2012,LAL,FL,ASO,ES,Federal Contract Tower,5,10,52,2,69,0,0,89,0,89,5,10,141,2,158,42,0,42,200
02/25/2012,LAL,FL,ASO,ES,Federal Contract Tower,4,4,15,1,24,0,0,155,1,156,4,4,170,2,180,90,0,90,270
02/26/2012,LAL,FL,ASO,ES,Federal Contract Tower,7,0,61,12,80,0,0,90,0,90,7,0,151,12,170,22,0,22,192
02/27/2012,LAL,FL,ASO,ES,Federal Contract Tower,7,0,20,0,27,0,0,32,0,32,7,0,52,0,59,64,0,64,123
02/28/2012,LAL,FL,ASO,ES,Federal Contract Tower,0,0,26,2,28,0,0,29,0,29,0,0,55,2,57,31,0,31,88
02/29/2012,LAL,FL,ASO,ES,Federal Contract Tower,4,2,34,0,40,0,0,63,0,63,4,2,97,0,103,37,0,37,140
03/01/2012,LAL,FL,ASO,ES,Federal Contract Tower,4,1,32,0,37,0,0,118,0,118,4,1,150,0,155,89,2,91,246
03/02/2012,LAL,FL,ASO,ES,Federal Contract Tower,11,6,16,10,43,0,0,104,0,104,11,6,120,10,147,13,0,13,160
03/03/2012,LAL,FL,ASO,ES,Federal Contract Tower,3,0,14,0,17,0,0,58,0,58,3,0,72,0,75,25,0,25,100
03/04/2012,LAL,FL,ASO,ES,Federal Contract Tower,5,0,8,0,13,0,0,11,0,11,5,0,19,0,24,16,0,16,40
03/05/2012,LAL,FL,ASO,ES,Federal Contract Tower,4,1,16,1,22,0,0,113,2,115,4,1,129,3,137,84,4,88,225
03/06/2012,LAL,FL,ASO,ES,Federal Contract Tower,0,3,24,6,33,0,0,56,0,56,0,3,80,6,89,52,0,52,141
03/07/2012,LAL,FL,ASO,ES,Federal Contract Tower,6,7,37,0,50,0,0,84,0,84,6,7,121,0,134,91,0,91,225
03/08/2012,LAL,FL,ASO,ES,Federal Contract Tower,6,5,33,2,46,0,0,97,0,97,6,5,130,2,143,50,0,50,193
03/09/2012,LAL,FL,ASO,ES,Federal Contract Tower,4,1,38,2,45,0,0,81,0,81,4,1,119,2,126,105,0,105,231
03/10/2012,LAL,FL,ASO,ES,Federal Contract Tower,7,2,36,24,69,0,0,166,5,171,7,2,202,29,240,45,6,51,291
03/11/2012,LAL,FL,ASO,ES,Federal Contract Tower,5,4,34,0,43,0,0,13,0,13,5,4,47,0,56,18,0,18,74
03/12/2012,LAL,FL,ASO,ES,Federal Contract Tower,2,3,36,28,69,0,0,95,4,99,2,3,131,32,168,98,24,122,290
03/13/2012,LAL,FL,ASO,ES,Federal Contract Tower,0,0,18,16,34,0,2,136,2,140,0,2,154,18,174,86,0,86,260
03/14/2012,LAL,FL,ASO,ES,Federal Contract Tower,1,2,25,3,31,0,0,117,3,120,1,2,142,6,151,64,30,94,245
03/15/2012,LAL,FL,ASO,ES,Federal Contract Tower,3,3,30,0,36,0,0,112,2,114,3,3,142,2,150,60,0,60,210
03/16/2012,LAL,FL,ASO,ES,Federal Contract Tower,0,7,27,14,48,0,0,155,0,155,0,7,182,14,203,93,0,93,296
03/17/2012,LAL,FL,ASO,ES,Federal Contract Tower,0,2,23,0,25,0,0,172,0,172,0,2,195,0,197,87,0,87,284
03/18/2012,LAL,FL,ASO,ES,Federal Contract Tower,0,5,9,0,14,0,0,142,0,142,0,5,151,0,156,55,0,55,211
03/19/2012,LAL,FL,ASO,ES,Federal Contract Tower,0,0,8,0,8,0,0,139,0,139,0,0,147,0,147,50,0,50,197
03/20/2012,LAL,FL,ASO,ES,Federal Contract Tower,0,3,9,0,12,0,0,122,6,128,0,3,131,6,140,73,82,155,295
03/21/2012,LAL,FL,ASO,ES,Federal Contract Tower,1,1,27,10,39,0,0,124,0,124,1,1,151,10,163,26,0,26,189
03/22/2012,LAL,FL,ASO,ES,Federal Contract Tower,1,3,24,3,31,0,0,134,0,134,1,3,158,3,165,90,0,90,255
03/23/2012,LAL,FL,ASO,ES,Federal Contract Tower,0,7,28,0,35,0,0,145,0,145,0,7,173,0,180,37,0,37,217
03/24/2012,LAL,FL,ASO,ES,Federal Contract Tower,0,0,2,0,2,0,0,0,0,0,0,0,2,0,2,26,0,26,28
03/25/2012,LAL,FL,ASO,ES,Federal Contract Tower,0,0,2,0,2,0,0,302,0,302,0,0,304,0,304,26,0,26,330
03/26/2012,LAL,FL,ASO,ES,Federal Contract Tower,0,0,2,0,2,0,0,767,0,767,0,0,769,0,769,6,0,6,775
03/27/2012,LAL,FL,ASO,ES,Federal Contract Tower,0,0,1,0,1,0,0,1165,0,1165,0,0,1166,0,1166,2,0,2,1168
03/28/2012,LAL,FL,ASO,ES,Federal Contract Tower,0,0,2,0,2,0,0,875,0,875,0,0,877,0,877,0,0,0,877
03/29/2012,LAL,FL,ASO,ES,Federal Contract Tower,0,0,0,0,0,0,0,1221,0,1221,0,0,1221,0,1221,4,0,4,1225
03/30/2012,LAL,FL,ASO,ES,Federal Contract Tower,0,0,0,0,0,0,0,0,0,0,0,0,0,0,0,0,0,0,0
03/31/2012,LAL,FL,ASO,ES,Federal Contract Tower,0,0,1,0,1,0,0,1033,0,1033,0,0,1034,0,1034,2,0,2,1036
04/01/2012,LAL,FL,ASO,ES,Federal Contract Tower,0,0,0,0,0,0,0,912,1,913,0,0,912,1,913,2,0,2,915
04/02/2012,LAL,FL,ASO,ES,Federal Contract Tower,0,3,46,19,68,0,0,211,3,214,0,3,257,22,282,16,2,18,300
04/03/2012,LAL,FL,ASO,ES,Federal Contract Tower,0,1,38,0,39,0,0,90,2,92,0,1,128,2,131,37,0,37,168
04/04/2012,LAL,FL,ASO,ES,Federal Contract Tower,0,3,24,0,27,0,0,90,4,94,0,3,114,4,121,40,18,58,179
04/05/2012,LAL,FL,ASO,ES,Federal Contract Tower,1,4,30,4,39,0,0,74,0,74,1,4,104,4,113,54,0,54,167
04/06/2012,LAL,FL,ASO,ES,Federal Contract Tower,0,1,28,4,33,0,0,51,2,53,0,1,79,6,86,38,44,82,168
04/07/2012,LAL,FL,ASO,ES,Federal Contract Tower,0,0,13,1,14,0,0,82,0,82,0,0,95,1,96,40,0,40,136
04/08/2012,LAL,FL,ASO,ES,Federal Contract Tower,0,4,10,0,14,0,0,89,0,89,0,4,99,0,103,26,0,26,129
04/09/2012,LAL,FL,ASO,ES,Federal Contract Tower,0,0,9,6,15,0,0,94,0,94,0,0,103,6,109,24,0,24,133
04/10/2012,LAL,FL,ASO,ES,Federal Contract Tower,0,1,18,0,19,0,0,80,0,80,0,1,98,0,99,62,0,62,161
04/11/2012,LAL,FL,ASO,ES,Federal Contract Tower,0,5,24,0,29,0,0,90,2,92,0,5,114,2,121,50,10,60,181
04/12/2012,LAL,FL,ASO,ES,Federal Contract Tower,0,3,18,0,21,0,0,53,0,53,0,3,71,0,74,51,0,51,125
04/13/2012,LAL,FL,ASO,ES,Federal Contract Tower,0,3,18,2,23,0,0,40,2,42,0,3,58,4,65,26,5,31,96
04/14/2012,LAL,FL,ASO,ES,Federal Contract Tower,0,0,29,0,29,0,0,59,0,59,0,0,88,0,88,30,0,30,118
04/15/2012,LAL,FL,ASO,ES,Federal Contract Tower,0,0,6,6,12,0,0,69,3,72,0,0,75,9,84,66,0,66,150
04/16/2012,LAL,FL,ASO,ES,Federal Contract Tower,0,3,22,0,25,0,0,89,2,91,0,3,111,2,116,56,0,56,172
04/17/2012,LAL,FL,ASO,ES,Federal Contract Tower,0,3,22,0,25,0,0,97,0,97,0,3,119,0,122,33,0,33,155
04/18/2012,LAL,FL,ASO,ES,Federal Contract Tower,0,2,27,7,36,0,0,88,1,89,0,2,115,8,125,32,2,34,159
04/19/2012,LAL,FL,ASO,ES,Federal Contract Tower,0,1,35,4,40,0,0,67,0,67,0,1,102,4,107,40,0,40,147
04/20/2012,LAL,FL,ASO,ES,Federal Contract Tower,0,5,38,2,45,0,0,52,0,52,0,5,90,2,97,42,14,56,153
04/21/2012,LAL,FL,ASO,ES,Federal Contract Tower,0,0,17,0,17,0,0,34,0,34,0,0,51,0,51,22,0,22,73
04/22/2012,LAL,FL,ASO,ES,Federal Contract Tower,0,2,15,2,19,0,0,27,0,27,0,2,42,2,46,18,0,18,64
04/23/2012,LAL,FL,ASO,ES,Federal Contract Tower,0,0,16,0,16,0,0,44,0,44,0,0,60,0,60,27,0,27,87
04/24/2012,LAL,FL,ASO,ES,Federal Contract Tower,0,3,28,2,33,0,1,85,0,86,0,4,113,2,119,79,0,79,198
04/25/2012,LAL,FL,ASO,ES,Federal Contract Tower,0,0,14,0,14,0,0,114,0,114,0,0,128,0,128,82,0,82,210
04/26/2012,LAL,FL,ASO,ES,Federal Contract Tower,0,4,18,0,22,0,0,116,0,116,0,4,134,0,138,51,0,51,189
04/27/2012,LAL,FL,ASO,ES,Federal Contract Tower,0,4,29,4,37,0,0,101,1,102,0,4,130,5,139,92,0,92,231
04/28/2012,LAL,FL,ASO,ES,Federal Contract Tower,0,3,8,0,11,0,0,114,0,114,0,3,122,0,125,56,0,56,181
04/29/2012,LAL,FL,ASO,ES,Federal Contract Tower,0,0,12,7,19,0,0,56,2,58,0,0,68,9,77,39,2,41,118
04/30/2012,LAL,FL,ASO,ES,Federal Contract Tower,0,0,13,0,13,0,0,49,0,49,0,0,62,0,62,33,0,33,95
05/01/2012,LAL,FL,ASO,ES,Federal Contract Tower,0,2,25,6,33,0,0,56,0,56,0,2,81,6,89,22,0,22,111
05/02/2012,LAL,FL,ASO,ES,Federal Contract Tower,0,2,16,4,22,0,0,63,0,63,0,2,79,4,85,56,0,56,141
05/03/2012,LAL,FL,ASO,ES,Federal Contract Tower,0,2,35,0,37,0,0,82,0,82,0,2,117,0,119,69,0,69,188
05/04/2012,LAL,FL,ASO,ES,Federal Contract Tower,0,3,51,6,60,0,0,89,3,92,0,3,140,9,152,24,43,67,219
05/05/2012,LAL,FL,ASO,ES,Federal Contract Tower,0,2,14,0,16,0,0,116,0,116,0,2,130,0,132,42,0,42,174
05/06/2012,LAL,FL,ASO,ES,Federal Contract Tower,0,1,30,1,32,0,0,87,0,87,0,1,117,1,119,38,0,38,157
05/07/2012,LAL,FL,ASO,ES,Federal Contract Tower,0,0,21,2,23,0,0,69,0,69,0,0,90,2,92,35,10,45,137
05/08/2012,LAL,FL,ASO,ES,Federal Contract Tower,0,2,24,0,26,0,0,61,2,63,0,2,85,2,89,64,8,72,161
05/09/2012,LAL,FL,ASO,ES,Federal Contract Tower,0,1,23,2,26,0,0,63,2,65,0,1,86,4,91,53,20,73,164
05/10/2012,LAL,FL,ASO,ES,Federal Contract Tower,0,3,19,1,23,0,0,70,4,74,0,3,89,5,97,59,57,116,213
05/11/2012,LAL,FL,ASO,ES,Federal Contract Tower,0,0,26,0,26,0,0,82,2,84,0,0,108,2,110,13,10,23,133
05/12/2012,LAL,FL,ASO,ES,Federal Contract Tower,0,1,20,0,21,0,0,105,0,105,0,1,125,0,126,90,0,90,216
05/13/2012,LAL,FL,ASO,ES,Federal Contract Tower,0,3,16,0,19,0,0,39,0,39,0,3,55,0,58,18,0,18,76
05/14/2012,LAL,FL,ASO,ES,Federal Contract Tower,1,1,9,0,11,0,0,51,2,53,1,1,60,2,64,14,23,37,101
05/15/2012,LAL,FL,ASO,ES,Federal Contract Tower,0,6,25,0,31,0,0,48,0,48,0,6,73,0,79,22,0,22,101
05/16/2012,LAL,FL,ASO,ES,Federal Contract Tower,0,6,42,0,48,0,0,29,0,29,0,6,71,0,77,32,0,32,109
05/17/2012,LAL,FL,ASO,ES,Federal Contract Tower,0,0,29,8,37,0,0,80,0,80,0,0,109,8,117,84,10,94,211
05/18/2012,LAL,FL,ASO,ES,Federal Contract Tower,0,3,30,16,49,0,0,102,2,104,0,3,132,18,153,46,2,48,201
05/19/2012,LAL,FL,ASO,ES,Federal Contract Tower,0,2,7,0,9,0,0,80,0,80,0,2,87,0,89,98,0,98,187
05/20/2012,LAL,FL,ASO,ES,Federal Contract Tower,0,0,7,2,9,0,0,69,2,71,0,0,76,4,80,23,8,31,111
05/21/2012,LAL,FL,ASO,ES,Federal Contract Tower,0,7,22,2,31,0,0,74,0,74,0,7,96,2,105,98,0,98,203
05/22/2012,LAL,FL,ASO,ES,Federal Contract Tower,0,0,28,9,37,0,0,103,2,105,0,0,131,11,142,102,24,126,268
05/23/2012,LAL,FL,ASO,ES,Federal Contract Tower,0,2,38,0,40,0,0,89,0,89,0,2,127,0,129,40,0,40,169
05/24/2012,LAL,FL,ASO,ES,Federal Contract Tower,1,2,12,0,15,0,0,71,0,71,1,2,83,0,86,68,0,68,154
05/25/2012,LAL,FL,ASO,ES,Federal Contract Tower,0,2,28,0,30,0,0,100,0,100,0,2,128,0,130,53,0,53,183
05/26/2012,LAL,FL,ASO,ES,Federal Contract Tower,0,0,13,0,13,0,0,100,0,100,0,0,113,0,113,59,0,59,172
05/27/2012,LAL,FL,ASO,ES,Federal Contract Tower,0,0,14,0,14,0,0,61,0,61,0,0,75,0,75,35,0,35,110
05/28/2012,LAL,FL,ASO,ES,Federal Contract Tower,0,3,7,0,10,0,0,12,0,12,0,3,19,0,22,10,0,10,32
05/29/2012,LAL,FL,ASO,ES,Federal Contract Tower,0,3,15,8,26,0,0,35,0,35,0,3,50,8,61,18,12,30,91
05/30/2012,LAL,FL,ASO,ES,Federal Contract Tower,0,0,26,0,26,0,0,66,0,66,0,0,92,0,92,41,0,41,133
05/31/2012,LAL,FL,ASO,ES,Federal Contract Tower,0,4,29,4,37,0,0,64,0,64,0,4,93,4,101,76,0,76,177
06/01/2012,LAL,FL,ASO,ES,Federal Contract Tower,0,3,12,5,20,0,0,6,1,7,0,3,18,6,27,0,12,12,39
06/02/2012,LAL,FL,ASO,ES,Federal Contract Tower,0,0,30,0,30,0,1,66,0,67,0,1,96,0,97,50,0,50,147
06/03/2012,LAL,FL,ASO,ES,Federal Contract Tower,0,2,8,0,10,0,0,119,0,119,0,2,127,0,129,46,0,46,175
06/04/2012,LAL,FL,ASO,ES,Federal Contract Tower,0,1,27,2,30,0,0,78,0,78,0,1,105,2,108,82,0,82,190
06/05/2012,LAL,FL,ASO,ES,Federal Contract Tower,0,1,28,0,29,0,0,40,2,42,0,1,68,2,71,37,12,49,120
06/06/2012,LAL,FL,ASO,ES,Federal Contract Tower,0,3,28,0,31,0,0,22,0,22,0,3,50,0,53,6,0,6,59
06/07/2012,LAL,FL,ASO,ES,Federal Contract Tower,0,3,14,0,17,0,0,7,0,7,0,3,21,0,24,0,0,0,24
06/08/2012,LAL,FL,ASO,ES,Federal Contract Tower,0,4,14,0,18,0,0,56,0,56,0,4,70,0,74,41,0,41,115
06/09/2012,LAL,FL,ASO,ES,Federal Contract Tower,0,1,16,1,18,0,0,70,1,71,0,1,86,2,89,96,0,96,185
06/10/2012,LAL,FL,ASO,ES,Federal Contract Tower,0,6,25,0,31,0,0,104,0,104,0,6,129,0,135,103,0,103,238
06/11/2012,LAL,FL,ASO,ES,Federal Contract Tower,0,3,17,2,22,0,0,70,0,70,0,3,87,2,92,81,14,95,187
06/12/2012,LAL,FL,ASO,ES,Federal Contract Tower,1,4,15,0,20,0,0,99,0,99,1,4,114,0,119,91,0,91,210
06/13/2012,LAL,FL,ASO,ES,Federal Contract Tower,0,0,21,0,21,0,0,111,4,115,0,0,132,4,136,83,9,92,228
06/14/2012,LAL,FL,ASO,ES,Federal Contract Tower,0,3,19,0,22,0,0,95,0,95,0,3,114,0,117,46,0,46,163
06/15/2012,LAL,FL,ASO,ES,Federal Contract Tower,0,3,9,9,21,0,0,69,2,71,0,3,78,11,92,46,6,52,144
06/16/2012,LAL,FL,ASO,ES,Federal Contract Tower,0,0,8,0,8,0,0,84,0,84,0,0,92,0,92,58,0,58,150
06/17/2012,LAL,FL,ASO,ES,Federal Contract Tower,0,2,8,0,10,0,0,82,0,82,0,2,90,0,92,12,0,12,104
06/18/2012,LAL,FL,ASO,ES,Federal Contract Tower,0,1,11,0,12,0,0,80,0,80,0,1,91,0,92,60,0,60,152
06/19/2012,LAL,FL,ASO,ES,Federal Contract Tower,0,7,16,8,31,0,0,64,2,66,0,7,80,10,97,149,0,149,246
06/20/2012,LAL,FL,ASO,ES,Federal Contract Tower,0,0,21,0,21,0,0,33,0,33,0,0,54,0,54,32,0,32,86
06/21/2012,LAL,FL,ASO,ES,Federal Contract Tower,0,4,26,7,37,0,0,45,4,49,0,4,71,11,86,78,16,94,180
06/22/2012,LAL,FL,ASO,ES,Federal Contract Tower,0,3,28,0,31,0,0,38,0,38,0,3,66,0,69,11,0,11,80
06/23/2012,LAL,FL,ASO,ES,Federal Contract Tower,0,0,7,5,12,0,0,27,0,27,0,0,34,5,39,10,0,10,49
06/24/2012,LAL,FL,ASO,ES,Federal Contract Tower,0,1,2,0,3,0,0,0,0,0,0,1,2,0,3,0,0,0,3
06/25/2012,LAL,FL,ASO,ES,Federal Contract Tower,0,5,10,0,15,0,0,2,0,2,0,5,12,0,17,2,0,2,19
06/26/2012,LAL,FL,ASO,ES,Federal Contract Tower,0,4,10,0,14,0,0,1,0,1,0,4,11,0,15,8,0,8,23
06/27/2012,LAL,FL,ASO,ES,Federal Contract Tower,0,2,30,0,32,0,0,20,0,20,0,2,50,0,52,41,0,41,93
06/28/2012,LAL,FL,ASO,ES,Federal Contract Tower,0,3,25,0,28,0,0,106,0,106,0,3,131,0,134,67,0,67,201
06/29/2012,LAL,FL,ASO,ES,Federal Contract Tower,0,2,18,5,25,0,0,121,1,122,0,2,139,6,147,74,4,78,225
06/30/2012,LAL,FL,ASO,ES,Federal Contract Tower,0,3,8,0,11,0,0,125,1,126,0,3,133,1,137,122,0,122,259
07/01/2012,LAL,FL,ASO,ES,Federal Contract Tower,0,2,14,0,16,0,0,87,0,87,0,2,101,0,103,90,0,90,193
07/02/2012,LAL,FL,ASO,ES,Federal Contract Tower,0,1,22,0,23,0,0,96,0,96,0,1,118,0,119,93,0,93,212
07/03/2012,LAL,FL,ASO,ES,Federal Contract Tower,0,0,14,0,14,0,0,74,0,74,0,0,88,0,88,110,0,110,198
07/04/2012,LAL,FL,ASO,ES,Federal Contract Tower,0,2,16,0,18,0,0,69,0,69,0,2,85,0,87,148,0,148,235
07/05/2012,LAL,FL,ASO,ES,Federal Contract Tower,0,0,12,0,12,0,0,91,0,91,0,0,103,0,103,112,0,112,215
07/06/2012,LAL,FL,ASO,ES,Federal Contract Tower,0,4,10,0,14,0,0,76,0,76,0,4,86,0,90,139,0,139,229
07/07/2012,LAL,FL,ASO,ES,Federal Contract Tower,0,0,9,0,9,0,0,109,0,109,0,0,118,0,118,123,0,123,241
07/08/2012,LAL,FL,ASO,ES,Federal Contract Tower,0,5,11,0,16,0,0,111,0,111,0,5,122,0,127,118,0,118,245
07/09/2012,LAL,FL,ASO,ES,Federal Contract Tower,0,0,21,6,27,0,0,79,3,82,0,0,100,9,109,80,8,88,197
07/10/2012,LAL,FL,ASO,ES,Federal Contract Tower,0,2,20,4,26,0,0,74,0,74,0,2,94,4,100,69,0,69,169
07/11/2012,LAL,FL,ASO,ES,Federal Contract Tower,0,2,23,3,28,0,0,56,0,56,0,2,79,3,84,49,0,49,133
07/12/2012,LAL,FL,ASO,ES,Federal Contract Tower,0,0,31,9,40,0,0,74,1,75,0,0,105,10,115,52,0,52,167
07/13/2012,LAL,FL,ASO,ES,Federal Contract Tower,0,24,6,0,30,0,0,100,1,101,0,24,106,1,131,120,0,120,251
07/14/2012,LAL,FL,ASO,ES,Federal Contract Tower,0,0,17,0,17,0,0,102,2,104,0,0,119,2,121,121,17,138,259
07/15/2012,LAL,FL,ASO,ES,Federal Contract Tower,0,1,8,0,9,0,0,88,0,88,0,1,96,0,97,82,0,82,179
07/16/2012,LAL,FL,ASO,ES,Federal Contract Tower,0,3,19,15,37,0,0,84,1,85,0,3,103,16,122,94,10,104,226
07/17/2012,LAL,FL,ASO,ES,Federal Contract Tower,0,6,38,0,44,0,0,52,6,58,0,6,90,6,102,82,60,142,244
07/18/2012,LAL,FL,ASO,ES,Federal Contract Tower,0,3,20,0,23,0,0,83,2,85,0,3,103,2,108,74,0,74,182
07/19/2012,LAL,FL,ASO,ES,Federal Contract Tower,0,9,22,0,31,0,0,136,0,136,0,9,158,0,167,80,0,80,247
07/20/2012,LAL,FL,ASO,ES,Federal Contract Tower,0,1,27,4,32,0,0,89,0,89,0,1,116,4,121,76,0,76,197
07/21/2012,LAL,FL,ASO,ES,Federal Contract Tower,0,2,18,2,22,0,0,128,0,128,0,2,146,2,150,132,10,142,292
07/22/2012,LAL,FL,ASO,ES,Federal Contract Tower,0,2,8,2,12,0,0,66,0,66,0,2,74,2,78,108,0,108,186
07/23/2012,LAL,FL,ASO,ES,Federal Contract Tower,0,0,25,0,25,0,0,23,0,23,0,0,48,0,48,34,0,34,82
07/24/2012,LAL,FL,ASO,ES,Federal Contract Tower,0,0,21,3,24,0,0,79,3,82,0,0,100,6,106,163,0,163,269
07/25/2012,LAL,FL,ASO,ES,Federal Contract Tower,0,1,14,0,15,0,0,120,0,120,0,1,134,0,135,124,0,124,259
07/26/2012,LAL,FL,ASO,ES,Federal Contract Tower,0,2,26,0,28,0,0,108,2,110,0,2,134,2,138,158,0,158,296
07/27/2012,LAL,FL,ASO,ES,Federal Contract Tower,1,6,11,4,22,0,0,117,7,124,1,6,128,11,146,205,0,205,351
07/28/2012,LAL,FL,ASO,ES,Federal Contract Tower,0,1,21,4,26,0,0,92,0,92,0,1,113,4,118,86,0,86,204
07/29/2012,LAL,FL,ASO,ES,Federal Contract Tower,0,3,7,0,10,0,0,104,2,106,0,3,111,2,116,147,4,151,267
07/30/2012,LAL,FL,ASO,ES,Federal Contract Tower,0,2,27,4,33,0,0,83,0,83,0,2,110,4,116,80,0,80,196
07/31/2012,LAL,FL,ASO,ES,Federal Contract Tower,1,4,9,4,18,0,0,95,0,95,1,4,104,4,113,93,0,93,206
08/01/2012,LAL,FL,ASO,ES,Federal Contract Tower,0,5,32,4,41,0,0,54,0,54,0,5,86,4,95,136,4,140,235
08/02/2012,LAL,FL,ASO,ES,Federal Contract Tower,0,2,35,1,38,0,0,83,0,83,0,2,118,1,121,184,0,184,305
08/03/2012,LAL,FL,ASO,ES,Federal Contract Tower,0,0,24,4,28,0,0,108,1,109,0,0,132,5,137,122,0,122,259
08/04/2012,LAL,FL,ASO,ES,Federal Contract Tower,0,2,21,0,23,0,0,89,0,89,0,2,110,0,112,147,0,147,259
08/05/2012,LAL,FL,ASO,ES,Federal Contract Tower,0,0,23,0,23,0,0,64,0,64,0,0,87,0,87,176,0,176,263
08/06/2012,LAL,FL,ASO,ES,Federal Contract Tower,0,1,21,0,22,0,0,67,0,67,0,1,88,0,89,66,0,66,155
08/07/2012,LAL,FL,ASO,ES,Federal Contract Tower,0,5,33,6,44,0,0,115,0,115,0,5,148,6,159,175,4,179,338
08/08/2012,LAL,FL,ASO,ES,Federal Contract Tower,0,4,27,4,35,0,0,122,0,122,0,4,149,4,157,179,0,179,336
08/09/2012,LAL,FL,ASO,ES,Federal Contract Tower,0,2,34,0,36,0,0,111,0,111,0,2,145,0,147,110,1,111,258
08/10/2012,LAL,FL,ASO,ES,Federal Contract Tower,1,0,13,8,22,0,0,71,0,71,1,0,84,8,93,118,0,118,211
08/11/2012,LAL,FL,ASO,ES,Federal Contract Tower,0,1,7,0,8,0,0,105,0,105,0,1,112,0,113,79,0,79,192
08/12/2012,LAL,FL,ASO,ES,Federal Contract Tower,0,2,22,0,24,0,0,0,0,0,0,2,22,0,24,145,0,145,169
08/13/2012,LAL,FL,ASO,ES,Federal Contract Tower,0,6,28,8,42,0,0,106,1,107,0,6,134,9,149,171,0,171,320
08/14/2012,LAL,FL,ASO,ES,Federal Contract Tower,1,4,7,0,12,0,0,98,0,98,1,4,105,0,110,73,0,73,183
08/15/2012,LAL,FL,ASO,ES,Federal Contract Tower,0,5,24,8,37,0,0,109,2,111,0,5,133,10,148,134,20,154,302
08/16/2012,LAL,FL,ASO,ES,Federal Contract Tower,0,2,31,4,37,0,0,102,0,102,0,2,133,4,139,146,6,152,291
08/17/2012,LAL,FL,ASO,ES,Federal Contract Tower,0,2,10,0,12,0,0,52,0,52,0,2,62,0,64,109,0,109,173
08/18/2012,LAL,FL,ASO,ES,Federal Contract Tower,0,8,26,10,44,0,0,75,0,75,0,8,101,10,119,143,0,143,262
08/19/2012,LAL,FL,ASO,ES,Federal Contract Tower,0,8,19,0,27,0,0,123,0,123,0,8,142,0,150,161,0,161,311
08/20/2012,LAL,FL,ASO,ES,Federal Contract Tower,0,0,41,6,47,0,0,110,0,110,0,0,151,6,157,156,0,156,313
08/21/2012,LAL,FL,ASO,ES,Federal Contract Tower,0,2,32,0,34,0,0,73,0,73,0,2,105,0,107,96,0,96,203
08/22/2012,LAL,FL,ASO,ES,Federal Contract Tower,0,4,10,0,14,0,0,52,0,52,0,4,62,0,66,143,0,143,209
08/23/2012,LAL,FL,ASO,ES,Federal Contract Tower,0,0,29,0,29,0,0,103,2,105,0,0,132,2,134,192,8,200,334
08/24/2012,LAL,FL,ASO,ES,Federal Contract Tower,0,2,19,0,21,0,0,119,0,119,0,2,138,0,140,153,0,153,293
08/25/2012,LAL,FL,ASO,ES,Federal Contract Tower,0,1,10,0,11,0,0,131,0,131,0,1,141,0,142,182,0,182,324
08/26/2012,LAL,FL,ASO,ES,Federal Contract Tower,0,6,7,0,13,0,0,8,0,8,0,6,15,0,21,0,0,0,21
08/27/2012,LAL,FL,ASO,ES,Federal Contract Tower,0,0,6,0,6,0,0,0,0,0,0,0,6,0,6,0,0,0,6
08/28/2012,LAL,FL,ASO,ES,Federal Contract Tower,0,2,34,0,36,0,0,7,0,7,0,2,41,0,43,0,0,0,43
08/29/2012,LAL,FL,ASO,ES,Federal Contract Tower,0,4,25,0,29,0,0,28,0,28,0,4,53,0,57,25,0,25,82
08/30/2012,LAL,FL,ASO,ES,Federal Contract Tower,0,6,28,0,34,0,0,33,0,33,0,6,61,0,67,80,0,80,147
08/31/2012,LAL,FL,ASO,ES,Federal Contract Tower,9,3,34,0,46,0,0,77,0,77,9,3,111,0,123,88,0,88,211
09/01/2012,LAL,FL,ASO,ES,Federal Contract Tower,0,0,19,2,21,0,0,103,0,103,0,0,122,2,124,48,0,48,172
09/02/2012,LAL,FL,ASO,ES,Federal Contract Tower,0,1,14,0,15,0,0,115,0,115,0,1,129,0,130,100,0,100,230
09/03/2012,LAL,FL,ASO,ES,Federal Contract Tower,0,3,5,0,8,0,0,97,0,97,0,3,102,0,105,96,0,96,201
09/04/2012,LAL,FL,ASO,ES,Federal Contract Tower,0,1,15,0,16,0,0,86,0,86,0,1,101,0,102,152,0,152,254
09/05/2012,LAL,FL,ASO,ES,Federal Contract Tower,0,2,10,0,12,0,0,75,0,75,0,2,85,0,87,61,1,62,149
09/06/2012,LAL,FL,ASO,ES,Federal Contract Tower,0,1,26,8,35,0,0,68,1,69,0,1,94,9,104,62,26,88,192
09/07/2012,LAL,FL,ASO,ES,Federal Contract Tower,0,0,21,10,31,0,0,79,4,83,0,0,100,14,114,123,0,123,237
09/08/2012,LAL,FL,ASO,ES,Federal Contract Tower,0,0,5,0,5,0,0,39,4,43,0,0,44,4,48,104,0,104,152
09/09/2012,LAL,FL,ASO,ES,Federal Contract Tower,0,1,8,0,9,0,0,7,0,7,0,1,15,0,16,20,0,20,36
09/10/2012,LAL,FL,ASO,ES,Federal Contract Tower,0,2,17,0,19,0,0,61,0,61,0,2,78,0,80,122,0,122,202
09/11/2012,LAL,FL,ASO,ES,Federal Contract Tower,0,0,28,0,28,0,0,108,0,108,0,0,136,0,136,106,0,106,242
09/12/2012,LAL,FL,ASO,ES,Federal Contract Tower,0,2,29,0,31,0,0,84,0,84,0,2,113,0,115,300,0,300,415
09/13/2012,LAL,FL,ASO,ES,Federal Contract Tower,0,2,21,6,29,0,0,108,4,112,0,2,129,10,141,244,0,244,385
09/14/2012,LAL,FL,ASO,ES,Federal Contract Tower,0,2,37,11,50,0,0,114,1,115,0,2,151,12,165,162,2,164,329
09/15/2012,LAL,FL,ASO,ES,Federal Contract Tower,0,0,20,0,20,0,0,147,0,147,0,0,167,0,167,146,0,146,313
09/16/2012,LAL,FL,ASO,ES,Federal Contract Tower,0,5,18,3,26,0,0,116,0,116,0,5,134,3,142,100,0,100,242
09/17/2012,LAL,FL,ASO,ES,Federal Contract Tower,0,3,19,2,24,0,0,120,4,124,0,3,139,6,148,124,34,158,306
09/18/2012,LAL,FL,ASO,ES,Federal Contract Tower,0,1,16,0,17,0,0,55,0,55,0,1,71,0,72,42,0,42,114
09/19/2012,LAL,FL,ASO,ES,Federal Contract Tower,0,3,28,3,34,0,0,100,0,100,0,3,128,3,134,92,0,92,226
09/20/2012,LAL,FL,ASO,ES,Federal Contract Tower,0,3,29,2,34,0,0,82,0,82,0,3,111,2,116,135,0,135,251
09/21/2012,LAL,FL,ASO,ES,Federal Contract Tower,2,3,33,0,38,0,0,78,4,82,2,3,111,4,120,100,0,100,220
09/22/2012,LAL,FL,ASO,ES,Federal Contract Tower,0,0,20,0,20,0,0,75,0,75,0,0,95,0,95,124,0,124,219
09/23/2012,LAL,FL,ASO,ES,Federal Contract Tower,0,1,19,0,20,0,0,139,2,141,0,1,158,2,161,154,0,154,315
09/24/2012,LAL,FL,ASO,ES,Federal Contract Tower,0,0,9,2,11,0,0,103,1,104,0,0,112,3,115,118,20,138,253
09/25/2012,LAL,FL,ASO,ES,Federal Contract Tower,0,2,28,6,36,0,0,103,0,103,0,2,131,6,139,97,2,99,238
09/26/2012,LAL,FL,ASO,ES,Federal Contract Tower,0,2,24,0,26,0,0,77,0,77,0,2,101,0,103,83,0,83,186
09/27/2012,LAL,FL,ASO,ES,Federal Contract Tower,0,2,20,0,22,0,0,90,4,94,0,2,110,4,116,85,64,149,265
09/28/2012,LAL,FL,ASO,ES,Federal Contract Tower,0,2,39,0,41,0,0,77,0,77,0,2,116,0,118,60,0,60,178
09/29/2012,LAL,FL,ASO,ES,Federal Contract Tower,0,0,31,0,31,0,0,172,0,172,0,0,203,0,203,54,0,54,257
09/30/2012,LAL,FL,ASO,ES,Federal Contract Tower,0,0,8,0,8,0,0,109,0,109,0,0,117,0,117,43,0,43,160
10/01/2012,LAL,FL,ASO,ES,Federal Contract Tower,0,4,16,1,21,0,1,45,1,47,0,5,61,2,68,32,16,48,116
10/02/2012,LAL,FL,ASO,ES,Federal Contract Tower,0,3,19,6,28,0,0,14,5,19,0,3,33,11,47,24,0,24,71
10/03/2012,LAL,FL,ASO,ES,Federal Contract Tower,0,2,16,4,22,0,0,25,1,26,0,2,41,5,48,52,0,52,100
10/04/2012,LAL,FL,ASO,ES,Federal Contract Tower,0,4,23,7,34,0,0,59,0,59,0,4,82,7,93,42,0,42,135
10/05/2012,LAL,FL,ASO,ES,Federal Contract Tower,0,0,10,0,10,0,0,78,0,78,0,0,88,0,88,140,0,140,228
10/06/2012,LAL,FL,ASO,ES,Federal Contract Tower,0,3,33,0,36,0,0,54,0,54,0,3,87,0,90,59,0,59,149
10/07/2012,LAL,FL,ASO,ES,Federal Contract Tower,0,2,13,0,15,0,0,139,0,139,0,2,152,0,154,86,0,86,240
10/08/2012,LAL,FL,ASO,ES,Federal Contract Tower,0,3,27,0,30,0,0,69,0,69,0,3,96,0,99,96,0,96,195
10/09/2012,LAL,FL,ASO,ES,Federal Contract Tower,0,2,34,0,36,0,0,42,0,42,0,2,76,0,78,75,0,75,153
10/10/2012,LAL,FL,ASO,ES,Federal Contract Tower,0,0,40,2,42,0,0,120,0,120,0,0,160,2,162,158,0,158,320
10/11/2012,LAL,FL,ASO,ES,Federal Contract Tower,0,0,24,1,25,0,0,122,0,122,0,0,146,1,147,101,0,101,248
10/12/2012,LAL,FL,ASO,ES,Federal Contract Tower,0,0,17,0,17,0,0,150,0,150,0,0,167,0,167,128,0,128,295
10/13/2012,LAL,FL,ASO,ES,Federal Contract Tower,0,0,17,8,25,0,0,100,0,100,0,0,117,8,125,98,0,98,223
10/14/2012,LAL,FL,ASO,ES,Federal Contract Tower,0,2,14,1,17,0,0,122,0,122,0,2,136,1,139,131,0,131,270
10/15/2012,LAL,FL,ASO,ES,Federal Contract Tower,0,1,25,1,27,0,0,71,0,71,0,1,96,1,98,47,0,47,145
10/16/2012,LAL,FL,ASO,ES,Federal Contract Tower,0,4,32,6,42,0,0,98,0,98,0,4,130,6,140,96,6,102,242
10/17/2012,LAL,FL,ASO,ES,Federal Contract Tower,0,4,55,0,59,0,0,52,2,54,0,4,107,2,113,120,0,120,233
10/18/2012,LAL,FL,ASO,ES,Federal Contract Tower,0,4,32,2,38,0,0,110,0,110,0,4,142,2,148,86,0,86,234
10/19/2012,LAL,FL,ASO,ES,Federal Contract Tower,0,5,36,5,46,0,0,101,0,101,0,5,137,5,147,126,0,126,273
10/20/2012,LAL,FL,ASO,ES,Federal Contract Tower,0,1,25,0,26,0,0,176,0,176,0,1,201,0,202,136,0,136,338
10/21/2012,LAL,FL,ASO,ES,Federal Contract Tower,0,3,14,4,21,0,0,144,0,144,0,3,158,4,165,86,0,86,251
10/22/2012,LAL,FL,ASO,ES,Federal Contract Tower,0,1,12,0,13,0,0,108,2,110,0,1,120,2,123,79,18,97,220
10/23/2012,LAL,FL,ASO,ES,Federal Contract Tower,0,1,19,0,20,0,0,89,0,89,0,1,108,0,109,114,0,114,223
10/24/2012,LAL,FL,ASO,ES,Federal Contract Tower,0,1,15,4,20,0,0,67,0,67,0,1,82,4,87,148,0,148,235
10/25/2012,LAL,FL,ASO,ES,Federal Contract Tower,0,4,19,0,23,0,0,47,0,47,0,4,66,0,70,36,0,36,106
10/26/2012,LAL,FL,ASO,ES,Federal Contract Tower,0,2,25,2,29,0,0,112,1,113,0,2,137,3,142,132,0,132,274
10/27/2012,LAL,FL,ASO,ES,Federal Contract Tower,1,0,8,0,9,0,0,25,0,25,1,0,33,0,34,41,0,41,75
10/28/2012,LAL,FL,ASO,ES,Federal Contract Tower,0,3,26,2,31,0,0,84,0,84,0,3,110,2,115,49,0,49,164
10/29/2012,LAL,FL,ASO,ES,Federal Contract Tower,0,3,10,4,17,0,0,80,0,80,0,3,90,4,97,33,0,33,130
10/30/2012,LAL,FL,ASO,ES,Federal Contract Tower,0,0,8,0,8,0,0,62,0,62,0,0,70,0,70,44,0,44,114
10/31/2012,LAL,FL,ASO,ES,Federal Contract Tower,0,4,19,0,23,0,0,99,0,99,0,4,118,0,122,110,0,110,232
11/01/2012,LAL,FL,ASO,ES,Federal Contract Tower,0,3,18,0,21,0,0,91,0,91,0,3,109,0,112,174,0,174,286
11/02/2012,LAL,FL,ASO,ES,Federal Contract Tower,1,1,18,2,22,0,0,174,4,178,1,1,192,6,200,214,0,214,414
11/03/2012,LAL,FL,ASO,ES,Federal Contract Tower,0,4,22,4,30,0,0,153,2,155,0,4,175,6,185,208,2,210,395
11/04/2012,LAL,FL,ASO,ES,Federal Contract Tower,0,3,16,0,19,0,2,109,2,113,0,5,125,2,132,132,1,133,265
11/05/2012,LAL,FL,ASO,ES,Federal Contract Tower,0,4,9,0,13,0,0,102,2,104,0,4,111,2,117,48,50,98,215
11/06/2012,LAL,FL,ASO,ES,Federal Contract Tower,0,2,6,10,18,0,0,64,0,64,0,2,70,10,82,111,16,127,209
11/07/2012,LAL,FL,ASO,ES,Federal Contract Tower,0,1,11,0,12,0,0,95,0,95,0,1,106,0,107,80,0,80,187
11/08/2012,LAL,FL,ASO,ES,Federal Contract Tower,0,5,15,0,20,0,0,130,0,130,0,5,145,0,150,148,0,148,298
11/09/2012,LAL,FL,ASO,ES,Federal Contract Tower,0,0,8,0,8,0,0,127,0,127,0,0,135,0,135,124,0,124,259
11/10/2012,LAL,FL,ASO,ES,Federal Contract Tower,0,4,19,0,23,0,0,121,0,121,0,4,140,0,144,129,0,129,273
11/11/2012,LAL,FL,ASO,ES,Federal Contract Tower,0,7,24,0,31,0,0,122,0,122,0,7,146,0,153,124,0,124,277
11/12/2012,LAL,FL,ASO,ES,Federal Contract Tower,0,2,21,0,23,0,0,121,0,121,0,2,142,0,144,118,0,118,262
11/13/2012,LAL,FL,ASO,ES,Federal Contract Tower,0,5,18,2,25,0,0,110,0,110,0,5,128,2,135,113,0,113,248
11/14/2012,LAL,FL,ASO,ES,Federal Contract Tower,0,3,39,2,44,0,0,66,0,66,0,3,105,2,110,70,2,72,182
11/15/2012,LAL,FL,ASO,ES,Federal Contract Tower,0,0,35,0,35,0,0,3,0,3,0,0,38,0,38,0,0,0,38
11/16/2012,LAL,FL,ASO,ES,Federal Contract Tower,0,1,49,0,50,0,0,48,0,48,0,1,97,0,98,105,0,105,203
11/17/2012,LAL,FL,ASO,ES,Federal Contract Tower,0,3,30,2,35,0,0,143,0,143,0,3,173,2,178,105,0,105,283
11/18/2012,LAL,FL,ASO,ES,Federal Contract Tower,0,2,26,6,34,0,0,56,0,56,0,2,82,6,90,120,0,120,210
11/19/2012,LAL,FL,ASO,ES,Federal Contract Tower,0,1,39,0,40,0,0,28,0,28,0,1,67,0,68,105,0,105,173
11/20/2012,LAL,FL,ASO,ES,Federal Contract Tower,0,5,16,0,21,0,0,98,2,100,0,5,114,2,121,106,8,114,235
11/21/2012,LAL,FL,ASO,ES,Federal Contract Tower,0,0,19,0,19,0,0,115,0,115,0,0,134,0,134,166,0,166,300
11/22/2012,LAL,FL,ASO,ES,Federal Contract Tower,0,0,6,0,6,0,0,57,0,57,0,0,63,0,63,26,0,26,89
11/23/2012,LAL,FL,ASO,ES,Federal Contract Tower,0,0,13,0,13,0,0,101,0,101,0,0,114,0,114,50,0,50,164
11/24/2012,LAL,FL,ASO,ES,Federal Contract Tower,0,1,15,0,16,0,0,105,0,105,0,1,120,0,121,64,0,64,185
11/25/2012,LAL,FL,ASO,ES,Federal Contract Tower,0,3,10,0,13,0,0,120,0,120,0,3,130,0,133,113,0,113,246
11/26/2012,LAL,FL,ASO,ES,Federal Contract Tower,0,0,15,0,15,0,0,103,0,103,0,0,118,0,118,90,0,90,208
11/27/2012,LAL,FL,ASO,ES,Federal Contract Tower,0,4,17,0,21,0,0,78,0,78,0,4,95,0,99,100,0,100,199
11/28/2012,LAL,FL,ASO,ES,Federal Contract Tower,0,4,25,2,31,0,0,80,0,80,0,4,105,2,111,108,0,108,219
11/29/2012,LAL,FL,ASO,ES,Federal Contract Tower,0,1,8,0,9,0,0,105,0,105,0,1,113,0,114,100,0,100,214
11/30/2012,LAL,FL,ASO,ES,Federal Contract Tower,0,1,33,3,37,0,0,105,1,106,0,1,138,4,143,105,0,105,248
12/01/2012,LAL,FL,ASO,ES,Federal Contract Tower,0,1,22,3,26,0,0,456,1,457,0,1,478,4,483,72,6,78,561
12/02/2012,LAL,FL,ASO,ES,Federal Contract Tower,0,3,11,0,14,0,0,138,0,138,0,3,149,0,152,140,0,140,292
12/03/2012,LAL,FL,ASO,ES,Federal Contract Tower,0,0,10,0,10,0,0,94,2,96,0,0,104,2,106,62,0,62,168
12/04/2012,LAL,FL,ASO,ES,Federal Contract Tower,0,4,18,0,22,0,0,128,0,128,0,4,146,0,150,78,0,78,228
12/05/2012,LAL,FL,ASO,ES,Federal Contract Tower,0,1,22,3,26,0,0,121,2,123,0,1,143,5,149,134,2,136,285
12/06/2012,LAL,FL,ASO,ES,Federal Contract Tower,0,0,9,0,9,0,0,148,0,148,0,0,157,0,157,155,0,155,312
12/07/2012,LAL,FL,ASO,ES,Federal Contract Tower,0,24,37,0,61,0,0,74,3,77,0,24,111,3,138,75,6,81,219
12/08/2012,LAL,FL,ASO,ES,Federal Contract Tower,0,0,42,0,42,0,0,52,0,52,0,0,94,0,94,115,0,115,209
12/09/2012,LAL,FL,ASO,ES,Federal Contract Tower,0,0,21,21,42,0,0,57,3,60,0,0,78,24,102,49,15,64,166
12/10/2012,LAL,FL,ASO,ES,Federal Contract Tower,0,3,21,0,24,0,0,51,0,51,0,3,72,0,75,139,0,139,214
12/11/2012,LAL,FL,ASO,ES,Federal Contract Tower,0,3,23,2,28,0,0,46,0,46,0,3,69,2,74,139,0,139,213
12/12/2012,LAL,FL,ASO,ES,Federal Contract Tower,0,5,24,0,29,0,0,56,0,56,0,5,80,0,85,223,0,223,308
12/13/2012,LAL,FL,ASO,ES,Federal Contract Tower,0,4,55,0,59,0,0,26,0,26,0,4,81,0,85,142,0,142,227
12/14/2012,LAL,FL,ASO,ES,Federal Contract Tower,0,34,11,0,45,0,0,78,0,78,0,34,89,0,123,58,4,62,185
12/15/2012,LAL,FL,ASO,ES,Federal Contract Tower,0,2,14,0,16,0,0,79,0,79,0,2,93,0,95,65,0,65,160
12/16/2012,LAL,FL,ASO,ES,Federal Contract Tower,0,3,23,10,36,0,2,161,2,165,0,5,184,12,201,122,8,130,331
12/17/2012,LAL,FL,ASO,ES,Federal Contract Tower,0,2,20,2,24,0,0,116,2,118,0,2,136,4,142,140,0,140,282
12/18/2012,LAL,FL,ASO,ES,Federal Contract Tower,0,0,26,0,26,0,0,76,2,78,0,0,102,2,104,50,14,64,168
12/19/2012,LAL,FL,ASO,ES,Federal Contract Tower,0,2,21,2,25,0,0,131,0,131,0,2,152,2,156,146,0,146,302
12/20/2012,LAL,FL,ASO,ES,Federal Contract Tower,0,0,22,0,22,0,0,89,0,89,0,0,111,0,111,102,0,102,213
12/21/2012,LAL,FL,ASO,ES,Federal Contract Tower,0,3,15,0,18,0,0,68,0,68,0,3,83,0,86,62,0,62,148
12/22/2012,LAL,FL,ASO,ES,Federal Contract Tower,0,4,39,0,43,0,0,113,0,113,0,4,152,0,156,69,0,69,225
12/23/2012,LAL,FL,ASO,ES,Federal Contract Tower,0,2,19,0,21,0,0,90,0,90,0,2,109,0,111,124,0,124,235
12/24/2012,LAL,FL,ASO,ES,Federal Contract Tower,0,0,16,0,16,0,0,62,0,62,0,0,78,0,78,84,0,84,162
12/25/2012,LAL,FL,ASO,ES,Federal Contract Tower,0,0,2,0,2,0,0,14,0,14,0,0,16,0,16,0,0,0,16
12/26/2012,LAL,FL,ASO,ES,Federal Contract Tower,0,3,9,0,12,0,0,6,0,6,0,3,15,0,18,0,0,0,18
12/27/2012,LAL,FL,ASO,ES,Federal Contract Tower,0,5,12,1,18,0,0,137,1,138,0,5,149,2,156,135,0,135,291
12/28/2012,LAL,FL,ASO,ES,Federal Contract Tower,0,4,10,0,14,0,0,87,0,87,0,4,97,0,101,75,0,75,176
12/29/2012,LAL,FL,ASO,ES,Federal Contract Tower,0,2,9,0,11,0,0,18,0,18,0,2,27,0,29,18,0,18,47
12/30/2012,LAL,FL,ASO,ES,Federal Contract Tower,0,9,22,0,31,0,0,111,0,111,0,9,133,0,142,120,0,120,262
12/31/2012,LAL,FL,ASO,ES,Federal Contract Tower,0,1,8,0,9,0,0,112,0,112,0,1,120,0,121,92,0,92,213
01/01/2013,LAL,FL,ASO,ES,Federal Contract Tower,0,1,3,0,4,0,0,79,0,79,0,1,82,0,83,45,0,45,128
01/02/2013,LAL,FL,ASO,ES,Federal Contract Tower,0,4,18,6,28,0,0,70,0,70,0,4,88,6,98,52,0,52,150
01/03/2013,LAL,FL,ASO,ES,Federal Contract Tower,0,0,29,0,29,0,0,26,0,26,0,0,55,0,55,35,0,35,90
01/04/2013,LAL,FL,ASO,ES,Federal Contract Tower,1,3,52,8,64,0,0,0,0,0,1,3,52,8,64,0,0,0,64
01/05/2013,LAL,FL,ASO,ES,Federal Contract Tower,0,0,31,0,31,0,0,125,1,126,0,0,156,1,157,106,0,106,263
01/06/2013,LAL,FL,ASO,ES,Federal Contract Tower,0,2,31,1,34,0,0,37,0,37,0,2,68,1,71,66,0,66,137
01/07/2013,LAL,FL,ASO,ES,Federal Contract Tower,0,3,32,2,37,0,0,57,6,63,0,3,89,8,100,70,0,70,170
01/08/2013,LAL,FL,ASO,ES,Federal Contract Tower,0,8,30,9,47,0,0,91,2,93,0,8,121,11,140,90,14,104,244
01/09/2013,LAL,FL,ASO,ES,Federal Contract Tower,0,0,30,2,32,0,0,132,2,134,0,0,162,4,166,105,0,105,271
01/10/2013,LAL,FL,ASO,ES,Federal Contract Tower,1,1,23,2,27,0,0,114,2,116,1,1,137,4,143,102,0,102,245
01/11/2013,LAL,FL,ASO,ES,Federal Contract Tower,0,5,19,22,46,0,0,150,7,157,0,5,169,29,203,70,8,78,281
01/12/2013,LAL,FL,ASO,ES,Federal Contract Tower,0,3,22,1,26,0,0,151,0,151,0,3,173,1,177,83,0,83,260
01/13/2013,LAL,FL,ASO,ES,Federal Contract Tower,0,2,12,5,19,0,0,147,0,147,0,2,159,5,166,152,2,154,320
01/14/2013,LAL,FL,ASO,ES,Federal Contract Tower,0,25,2,0,27,0,0,109,0,109,0,25,111,0,136,106,0,106,242
01/15/2013,LAL,FL,ASO,ES,Federal Contract Tower,0,4,11,0,15,0,0,96,2,98,0,4,107,2,113,146,32,178,291
01/16/2013,LAL,FL,ASO,ES,Federal Contract Tower,0,0,18,0,18,0,6,112,0,118,0,6,130,0,136,81,0,81,217
01/17/2013,LAL,FL,ASO,ES,Federal Contract Tower,0,3,19,2,24,0,0,12,0,12,0,3,31,2,36,2,0,2,38
01/18/2013,LAL,FL,ASO,ES,Federal Contract Tower,0,3,38,0,41,0,3,63,0,66,0,6,101,0,107,36,0,36,143
01/19/2013,LAL,FL,ASO,ES,Federal Contract Tower,1,0,34,0,35,0,0,104,0,104,1,0,138,0,139,63,0,63,202
01/20/2013,LAL,FL,ASO,ES,Federal Contract Tower,0,6,21,0,27,0,0,115,2,117,0,6,136,2,144,84,0,84,228
01/21/2013,LAL,FL,ASO,ES,Federal Contract Tower,0,1,24,2,27,0,0,0,0,0,0,1,24,2,27,77,0,77,104
01/22/2013,LAL,FL,ASO,ES,Federal Contract Tower,1,2,22,0,25,0,0,78,0,78,1,2,100,0,103,116,0,116,219
01/23/2013,LAL,FL,ASO,ES,Federal Contract Tower,0,2,30,0,32,0,0,134,0,134,0,2,164,0,166,125,0,125,291
01/24/2013,LAL,FL,ASO,ES,Federal Contract Tower,0,4,28,1,33,0,0,129,0,129,0,4,157,1,162,149,0,149,311
01/25/2013,LAL,FL,ASO,ES,Federal Contract Tower,0,2,34,7,43,0,0,209,3,212,0,2,243,10,255,138,0,138,393
01/26/2013,LAL,FL,ASO,ES,Federal Contract Tower,0,5,14,0,19,0,0,164,0,164,0,5,178,0,183,90,0,90,273
01/27/2013,LAL,FL,ASO,ES,Federal Contract Tower,0,0,21,16,37,0,0,134,2,136,0,0,155,18,173,120,0,120,293
01/28/2013,LAL,FL,ASO,ES,Federal Contract Tower,0,5,26,6,37,0,0,87,0,87,0,5,113,6,124,118,0,118,242
01/29/2013,LAL,FL,ASO,ES,Federal Contract Tower,0,3,29,2,34,0,0,0,0,0,0,3,29,2,34,94,0,94,128
01/30/2013,LAL,FL,ASO,ES,Federal Contract Tower,0,0,15,12,27,0,0,52,0,52,0,0,67,12,79,25,4,29,108
01/31/2013,LAL,FL,ASO,ES,Federal Contract Tower,0,0,37,0,37,0,0,87,0,87,0,0,124,0,124,99,0,99,223
02/01/2013,LAL,FL,ASO,ES,Federal Contract Tower,1,1,27,1,30,4,0,140,0,144,5,1,167,1,174,190,0,190,364
02/02/2013,LAL,FL,ASO,ES,Federal Contract Tower,0,0,29,0,29,0,0,269,0,269,0,0,298,0,298,209,0,209,507
02/03/2013,LAL,FL,ASO,ES,Federal Contract Tower,0,0,23,0,23,0,0,172,0,172,0,0,195,0,195,164,0,164,359
02/04/2013,LAL,FL,ASO,ES,Federal Contract Tower,0,0,19,0,19,0,0,114,0,114,0,0,133,0,133,99,0,99,232
02/05/2013,LAL,FL,ASO,ES,Federal Contract Tower,0,4,25,1,30,0,0,135,0,135,0,4,160,1,165,114,0,114,279
02/06/2013,LAL,FL,ASO,ES,Federal Contract Tower,0,3,29,0,32,0,0,118,0,118,0,3,147,0,150,104,0,104,254
02/07/2013,LAL,FL,ASO,ES,Federal Contract Tower,0,3,26,4,33,0,0,65,0,65,0,3,91,4,98,46,0,46,144
02/08/2013,LAL,FL,ASO,ES,Federal Contract Tower,0,1,13,2,16,0,0,117,4,121,0,1,130,6,137,110,0,110,247
02/09/2013,LAL,FL,ASO,ES,Federal Contract Tower,0,6,21,0,27,0,0,163,0,163,0,6,184,0,190,116,0,116,306
02/10/2013,LAL,FL,ASO,ES,Federal Contract Tower,0,2,20,2,24,0,0,101,4,105,0,2,121,6,129,93,0,93,222
02/11/2013,LAL,FL,ASO,ES,Federal Contract Tower,0,1,17,8,26,0,0,100,3,103,0,1,117,11,129,132,2,134,263
02/12/2013,LAL,FL,ASO,ES,Federal Contract Tower,0,3,28,4,35,0,0,76,0,76,0,3,104,4,111,70,0,70,181
02/13/2013,LAL,FL,ASO,ES,Federal Contract Tower,0,4,25,2,31,0,0,30,0,30,0,4,55,2,61,11,0,11,72
02/14/2013,LAL,FL,ASO,ES,Federal Contract Tower,0,4,47,0,51,0,0,29,0,29,0,4,76,0,80,16,0,16,96
02/15/2013,LAL,FL,ASO,ES,Federal Contract Tower,0,14,37,1,52,0,0,46,0,46,0,14,83,1,98,57,0,57,155
02/16/2013,LAL,FL,ASO,ES,Federal Contract Tower,0,3,13,0,16,0,0,98,0,98,0,3,111,0,114,88,0,88,202
02/17/2013,LAL,FL,ASO,ES,Federal Contract Tower,0,6,30,1,37,0,0,125,1,126,0,6,155,2,163,106,6,112,275
02/18/2013,LAL,FL,ASO,ES,Federal Contract Tower,0,0,34,0,34,0,0,181,0,181,0,0,215,0,215,136,0,136,351
02/19/2013,LAL,FL,ASO,ES,Federal Contract Tower,0,1,17,0,18,0,0,133,2,135,0,1,150,2,153,103,24,127,280
02/20/2013,LAL,FL,ASO,ES,Federal Contract Tower,0,2,52,0,54,0,0,134,2,136,0,2,186,2,190,61,2,63,253
02/21/2013,LAL,FL,ASO,ES,Federal Contract Tower,0,2,31,2,35,0,0,122,0,122,0,2,153,2,157,143,0,143,300
02/22/2013,LAL,FL,ASO,ES,Federal Contract Tower,0,1,51,2,54,0,0,120,1,121,0,1,171,3,175,133,2,135,310
02/23/2013,LAL,FL,ASO,ES,Federal Contract Tower,0,2,45,0,47,0,0,126,0,126,0,2,171,0,173,24,0,24,197
02/24/2013,LAL,FL,ASO,ES,Federal Contract Tower,0,2,80,0,82,0,0,42,6,48,0,2,122,6,130,54,14,68,198
02/25/2013,LAL,FL,ASO,ES,Federal Contract Tower,0,3,21,0,24,0,0,99,0,99,0,3,120,0,123,112,0,112,235
02/26/2013,LAL,FL,ASO,ES,Federal Contract Tower,0,2,17,0,19,0,0,27,2,29,0,2,44,2,48,25,10,35,83
02/27/2013,LAL,FL,ASO,ES,Federal Contract Tower,0,5,35,6,46,0,0,191,0,191,0,5,226,6,237,161,0,161,398
02/28/2013,LAL,FL,ASO,ES,Federal Contract Tower,0,1,33,2,36,0,0,160,0,160,0,1,193,2,196,84,0,84,280
03/01/2013,LAL,FL,ASO,ES,Federal Contract Tower,1,2,21,0,24,0,0,154,2,156,1,2,175,2,180,108,16,124,304
03/02/2013,LAL,FL,ASO,ES,Federal Contract Tower,0,0,13,0,13,0,0,80,0,80,0,0,93,0,93,49,0,49,142
03/03/2013,LAL,FL,ASO,ES,Federal Contract Tower,0,2,13,0,15,0,0,85,0,85,0,2,98,0,100,81,0,81,181
03/04/2013,LAL,FL,ASO,ES,Federal Contract Tower,1,3,27,0,31,0,0,116,0,116,1,3,143,0,147,104,0,104,251
03/05/2013,LAL,FL,ASO,ES,Federal Contract Tower,0,1,17,0,18,0,0,109,2,111,0,1,126,2,129,162,0,162,291
03/06/2013,LAL,FL,ASO,ES,Federal Contract Tower,1,6,27,2,36,0,0,82,0,82,1,6,109,2,118,14,0,14,132
03/07/2013,LAL,FL,ASO,ES,Federal Contract Tower,0,2,26,2,30,0,0,116,0,116,0,2,142,2,146,106,0,106,252
03/08/2013,LAL,FL,ASO,ES,Federal Contract Tower,1,4,19,6,30,0,0,145,0,145,1,4,164,6,175,112,0,112,287
03/09/2013,LAL,FL,ASO,ES,Federal Contract Tower,0,0,11,0,11,0,0,152,0,152,0,0,163,0,163,74,0,74,237
03/10/2013,LAL,FL,ASO,ES,Federal Contract Tower,0,0,15,0,15,0,0,96,0,96,0,0,111,0,111,30,0,30,141
03/11/2013,LAL,FL,ASO,ES,Federal Contract Tower,0,0,13,0,13,0,0,71,0,71,0,0,84,0,84,72,0,72,156
03/12/2013,LAL,FL,ASO,ES,Federal Contract Tower,0,2,43,6,51,0,0,13,0,13,0,2,56,6,64,14,0,14,78
03/13/2013,LAL,FL,ASO,ES,Federal Contract Tower,0,2,32,4,38,0,0,93,0,93,0,2,125,4,131,83,0,83,214
03/14/2013,LAL,FL,ASO,ES,Federal Contract Tower,0,2,33,1,36,0,0,68,4,72,0,2,101,5,108,26,28,54,162
03/15/2013,LAL,FL,ASO,ES,Federal Contract Tower,0,1,27,0,28,0,1,159,2,162,0,2,186,2,190,88,0,88,278
03/16/2013,LAL,FL,ASO,ES,Federal Contract Tower,0,0,16,22,38,0,0,146,0,146,0,0,162,22,184,153,0,153,337
03/17/2013,LAL,FL,ASO,ES,Federal Contract Tower,0,4,26,0,30,0,0,95,0,95,0,4,121,0,125,74,0,74,199
03/18/2013,LAL,FL,ASO,ES,Federal Contract Tower,0,4,11,7,22,0,0,92,1,93,0,4,103,8,115,104,0,104,219
03/19/2013,LAL,FL,ASO,ES,Federal Contract Tower,0,0,17,4,21,0,0,90,0,90,0,0,107,4,111,202,0,202,313
03/20/2013,LAL,FL,ASO,ES,Federal Contract Tower,0,3,4,6,13,0,0,52,0,52,0,3,56,6,65,117,0,117,182
03/21/2013,LAL,FL,ASO,ES,Federal Contract Tower,0,2,23,0,25,0,0,162,0,162,0,2,185,0,187,163,0,163,350
03/22/2013,LAL,FL,ASO,ES,Federal Contract Tower,0,6,19,6,31,0,0,98,0,98,0,6,117,6,129,110,0,110,239
03/23/2013,LAL,FL,ASO,ES,Federal Contract Tower,0,4,20,0,24,0,0,90,0,90,0,4,110,0,114,80,0,80,194
03/24/2013,LAL,FL,ASO,ES,Federal Contract Tower,0,0,12,3,15,0,0,3,0,3,0,0,15,3,18,0,0,0,18
03/25/2013,LAL,FL,ASO,ES,Federal Contract Tower,0,6,9,0,15,0,0,89,0,89,0,6,98,0,104,130,0,130,234
03/26/2013,LAL,FL,ASO,ES,Federal Contract Tower,0,6,16,0,22,0,0,74,10,84,0,6,90,10,106,87,0,87,193
03/27/2013,LAL,FL,ASO,ES,Federal Contract Tower,0,0,23,2,25,0,0,131,0,131,0,0,154,2,156,134,0,134,290
03/28/2013,LAL,FL,ASO,ES,Federal Contract Tower,0,1,27,0,28,0,0,141,0,141,0,1,168,0,169,167,0,167,336
03/29/2013,LAL,FL,ASO,ES,Federal Contract Tower,0,7,4,12,23,0,0,144,0,144,0,7,148,12,167,220,0,220,387
03/30/2013,LAL,FL,ASO,ES,Federal Contract Tower,0,3,10,0,13,0,0,176,0,176,0,3,186,0,189,107,0,107,296
03/31/2013,LAL,FL,ASO,ES,Federal Contract Tower,0,8,9,0,17,0,0,103,0,103,0,8,112,0,120,70,0,70,190
04/01/2013,LAL,FL,ASO,ES,Federal Contract Tower,0,7,30,0,37,0,0,109,0,109,0,7,139,0,146,178,0,178,324
04/02/2013,LAL,FL,ASO,ES,Federal Contract Tower,0,2,14,3,19,0,0,111,2,113,0,2,125,5,132,121,14,135,267
04/03/2013,LAL,FL,ASO,ES,Federal Contract Tower,0,26,2,0,28,0,0,58,3,61,0,26,60,3,89,43,28,71,160
04/04/2013,LAL,FL,ASO,ES,Federal Contract Tower,0,0,8,6,14,0,0,10,0,10,0,0,18,6,24,8,0,8,32
04/05/2013,LAL,FL,ASO,ES,Federal Contract Tower,0,2,32,0,34,0,0,70,2,72,0,2,102,2,106,112,0,112,218
04/06/2013,LAL,FL,ASO,ES,Federal Contract Tower,0,2,50,0,52,0,0,258,0,258,0,2,308,0,310,56,0,56,366
04/07/2013,LAL,FL,ASO,ES,Federal Contract Tower,0,0,12,0,12,0,0,358,0,358,0,0,370,0,370,0,0,0,370
04/08/2013,LAL,FL,ASO,ES,Federal Contract Tower,0,0,2,0,2,0,0,474,0,474,0,0,476,0,476,0,0,0,476
04/09/2013,LAL,FL,ASO,ES,Federal Contract Tower,0,0,3,0,3,0,0,762,0,762,0,0,765,0,765,2,0,2,767
04/10/2013,LAL,FL,ASO,ES,Federal Contract Tower,0,0,2,0,2,0,0,926,0,926,0,0,928,0,928,0,0,0,928
04/11/2013,LAL,FL,ASO,ES,Federal Contract Tower,0,0,1,0,1,0,0,784,0,784,0,0,785,0,785,4,0,4,789
04/12/2013,LAL,FL,ASO,ES,Federal Contract Tower,0,0,0,0,0,0,0,455,0,455,0,0,455,0,455,26,0,26,481
04/13/2013,LAL,FL,ASO,ES,Federal Contract Tower,0,0,3,0,3,0,0,1062,0,1062,0,0,1065,0,1065,0,0,0,1065
04/14/2013,LAL,FL,ASO,ES,Federal Contract Tower,0,1,6,0,7,0,0,576,0,576,0,1,582,0,583,2,0,2,585
04/15/2013,LAL,FL,ASO,ES,Federal Contract Tower,0,1,28,0,29,0,0,160,5,165,0,1,188,5,194,28,0,28,222
04/16/2013,LAL,FL,ASO,ES,Federal Contract Tower,0,6,26,4,36,0,0,120,0,120,0,6,146,4,156,123,0,123,279
04/17/2013,LAL,FL,ASO,ES,Federal Contract Tower,0,10,24,2,36,0,0,119,0,119,0,10,143,2,155,9,2,11,166
04/18/2013,LAL,FL,ASO,ES,Federal Contract Tower,0,10,19,0,29,0,0,119,0,119,0,10,138,0,148,116,0,116,264
04/19/2013,LAL,FL,ASO,ES,Federal Contract Tower,0,8,19,0,27,0,0,73,0,73,0,8,92,0,100,42,0,42,142
04/20/2013,LAL,FL,ASO,ES,Federal Contract Tower,0,1,5,0,6,0,0,65,0,65,0,1,70,0,71,118,0,118,189
04/21/2013,LAL,FL,ASO,ES,Federal Contract Tower,0,6,31,0,37,0,0,76,0,76,0,6,107,0,113,158,0,158,271
04/22/2013,LAL,FL,ASO,ES,Federal Contract Tower,0,4,41,4,49,0,0,22,0,22,0,4,63,4,71,60,3,63,134
04/23/2013,LAL,FL,ASO,ES,Federal Contract Tower,0,3,18,4,25,0,1,107,0,108,0,4,125,4,133,51,0,51,184
04/24/2013,LAL,FL,ASO,ES,Federal Contract Tower,0,0,8,1,9,0,0,141,0,141,0,0,149,1,150,108,20,128,278
04/25/2013,LAL,FL,ASO,ES,Federal Contract Tower,0,3,20,0,23,0,0,115,0,115,0,3,135,0,138,92,0,92,230
04/26/2013,LAL,FL,ASO,ES,Federal Contract Tower,0,3,37,23,63,0,0,0,0,0,0,3,37,23,63,81,2,83,146
04/27/2013,LAL,FL,ASO,ES,Federal Contract Tower,0,0,21,0,21,0,0,122,0,122,0,0,143,0,143,198,0,198,341
04/28/2013,LAL,FL,ASO,ES,Federal Contract Tower,0,0,10,4,14,0,0,147,0,147,0,0,157,4,161,102,0,102,263
04/29/2013,LAL,FL,ASO,ES,Federal Contract Tower,0,0,26,4,30,0,0,78,0,78,0,0,104,4,108,64,0,64,172
04/30/2013,LAL,FL,ASO,ES,Federal Contract Tower,0,0,17,0,17,0,0,71,0,71,0,0,88,0,88,57,0,57,145
05/01/2013,LAL,FL,ASO,ES,Federal Contract Tower,0,3,27,0,30,0,0,30,0,30,0,3,57,0,60,22,0,22,82
05/02/2013,LAL,FL,ASO,ES,Federal Contract Tower,0,1,34,4,39,0,0,17,0,17,0,1,51,4,56,32,0,32,88
05/03/2013,LAL,FL,ASO,ES,Federal Contract Tower,0,2,28,0,30,0,40,2,0,42,0,42,30,0,72,44,0,44,116
05/04/2013,LAL,FL,ASO,ES,Federal Contract Tower,0,0,12,0,12,0,0,56,1,57,0,0,68,1,69,40,0,40,109
05/05/2013,LAL,FL,ASO,ES,Federal Contract Tower,0,2,12,0,14,0,0,78,1,79,0,2,90,1,93,30,0,30,123
05/06/2013,LAL,FL,ASO,ES,Federal Contract Tower,0,3,13,0,16,0,2,76,0,78,0,5,89,0,94,42,0,42,136
05/07/2013,LAL,FL,ASO,ES,Federal Contract Tower,0,5,26,0,31,0,0,107,0,107,0,5,133,0,138,82,0,82,220
05/08/2013,LAL,FL,ASO,ES,Federal Contract Tower,0,5,22,0,27,0,0,0,0,0,0,5,22,0,27,64,0,64,91
05/09/2013,LAL,FL,ASO,ES,Federal Contract Tower,0,3,27,0,30,0,0,1,0,1,0,3,28,0,31,132,0,132,163
05/10/2013,LAL,FL,ASO,ES,Federal Contract Tower,1,2,25,7,35,0,0,91,2,93,1,2,116,9,128,162,2,164,292
05/11/2013,LAL,FL,ASO,ES,Federal Contract Tower,0,1,14,0,15,0,0,123,0,123,0,1,137,0,138,152,0,152,290
05/12/2013,LAL,FL,ASO,ES,Federal Contract Tower,0,3,6,0,9,0,0,0,0,0,0,3,6,0,9,69,0,69,78
05/13/2013,LAL,FL,ASO,ES,Federal Contract Tower,0,4,16,2,22,0,0,84,0,84,0,4,100,2,106,110,6,116,222
05/14/2013,LAL,FL,ASO,ES,Federal Contract Tower,0,6,15,11,32,0,0,92,2,94,0,6,107,13,126,146,7,153,279
05/15/2013,LAL,FL,ASO,ES,Federal Contract Tower,0,4,13,0,17,0,2,110,0,112,0,6,123,0,129,96,0,96,225
05/16/2013,LAL,FL,ASO,ES,Federal Contract Tower,0,2,17,2,21,0,0,123,0,123,0,2,140,2,144,158,0,158,302
05/17/2013,LAL,FL,ASO,ES,Federal Contract Tower,0,2,23,3,28,0,0,126,15,141,0,2,149,18,169,121,18,139,308
05/18/2013,LAL,FL,ASO,ES,Federal Contract Tower,0,0,20,0,20,0,0,146,0,146,0,0,166,0,166,266,0,266,432
05/19/2013,LAL,FL,ASO,ES,Federal Contract Tower,0,0,18,3,21,0,0,134,12,146,0,0,152,15,167,104,0,104,271
05/20/2013,LAL,FL,ASO,ES,Federal Contract Tower,0,0,16,0,16,0,0,80,5,85,0,0,96,5,101,101,14,115,216
05/21/2013,LAL,FL,ASO,ES,Federal Contract Tower,0,2,20,2,24,0,0,90,0,90,0,2,110,2,114,180,0,180,294
05/22/2013,LAL,FL,ASO,ES,Federal Contract Tower,0,5,29,4,38,0,0,81,0,81,0,5,110,4,119,132,0,132,251
05/23/2013,LAL,FL,ASO,ES,Federal Contract Tower,0,7,23,3,33,0,0,136,8,144,0,7,159,11,177,97,1,98,275
05/24/2013,LAL,FL,ASO,ES,Federal Contract Tower,0,2,27,0,29,0,0,129,0,129,0,2,156,0,158,124,0,124,282
05/25/2013,LAL,FL,ASO,ES,Federal Contract Tower,0,0,30,0,30,0,0,126,0,126,0,0,156,0,156,140,0,140,296
05/26/2013,LAL,FL,ASO,ES,Federal Contract Tower,0,1,12,0,13,0,0,120,0,120,0,1,132,0,133,111,0,111,244
05/27/2013,LAL,FL,ASO,ES,Federal Contract Tower,0,6,14,0,20,0,0,107,0,107,0,6,121,0,127,80,0,80,207
05/28/2013,LAL,FL,ASO,ES,Federal Contract Tower,0,1,25,3,29,0,0,66,0,66,0,1,91,3,95,146,2,148,243
05/29/2013,LAL,FL,ASO,ES,Federal Contract Tower,0,2,22,2,26,0,0,30,0,30,0,2,52,2,56,105,0,105,161
05/30/2013,LAL,FL,ASO,ES,Federal Contract Tower,0,1,35,12,48,0,0,40,0,40,0,1,75,12,88,50,0,50,138
05/31/2013,LAL,FL,ASO,ES,Federal Contract Tower,0,0,8,14,22,0,0,83,0,83,0,0,91,14,105,87,0,87,192
06/01/2013,LAL,FL,ASO,ES,Federal Contract Tower,0,3,20,2,25,0,0,99,1,100,0,3,119,3,125,48,0,48,173
06/02/2013,LAL,FL,ASO,ES,Federal Contract Tower,0,2,25,0,27,0,0,70,0,70,0,2,95,0,97,28,0,28,125
06/03/2013,LAL,FL,ASO,ES,Federal Contract Tower,0,1,31,5,37,0,0,42,0,42,0,1,73,5,79,66,0,66,145
06/04/2013,LAL,FL,ASO,ES,Federal Contract Tower,0,2,19,3,24,0,0,55,4,59,0,2,74,7,83,74,0,74,157
06/05/2013,LAL,FL,ASO,ES,Federal Contract Tower,0,4,30,5,39,0,0,32,3,35,0,4,62,8,74,79,5,84,158
06/06/2013,LAL,FL,ASO,ES,Federal Contract Tower,0,1,4,0,5,0,0,0,0,0,0,1,4,0,5,0,0,0,5
06/07/2013,LAL,FL,ASO,ES,Federal Contract Tower,0,1,21,0,22,0,0,87,0,87,0,1,108,0,109,95,0,95,204
06/08/2013,LAL,FL,ASO,ES,Federal Contract Tower,0,1,17,8,26,0,0,87,0,87,0,1,104,8,113,54,0,54,167
06/09/2013,LAL,FL,ASO,ES,Federal Contract Tower,0,1,20,0,21,0,0,88,0,88,0,1,108,0,109,113,0,113,222
06/10/2013,LAL,FL,ASO,ES,Federal Contract Tower,0,3,16,2,21,0,0,69,0,69,0,3,85,2,90,188,0,188,278
06/11/2013,LAL,FL,ASO,ES,Federal Contract Tower,0,5,13,0,18,0,0,86,0,86,0,5,99,0,104,156,0,156,260
06/12/2013,LAL,FL,ASO,ES,Federal Contract Tower,0,2,11,0,13,0,0,128,0,128,0,2,139,0,141,230,0,230,371
06/13/2013,LAL,FL,ASO,ES,Federal Contract Tower,0,0,24,0,24,0,0,126,0,126,0,0,150,0,150,167,0,167,317
06/14/2013,LAL,FL,ASO,ES,Federal Contract Tower,0,0,32,2,34,0,0,151,2,153,0,0,183,4,187,184,0,184,371
06/15/2013,LAL,FL,ASO,ES,Federal Contract Tower,0,0,16,0,16,0,0,92,0,92,0,0,108,0,108,230,0,230,338
06/16/2013,LAL,FL,ASO,ES,Federal Contract Tower,0,3,25,0,28,0,0,122,2,124,0,3,147,2,152,107,0,107,259
06/17/2013,LAL,FL,ASO,ES,Federal Contract Tower,0,0,20,0,20,0,0,93,3,96,0,0,113,3,116,143,2,145,261
06/18/2013,LAL,FL,ASO,ES,Federal Contract Tower,0,2,24,0,26,0,0,109,0,109,0,2,133,0,135,132,0,132,267
06/19/2013,LAL,FL,ASO,ES,Federal Contract Tower,0,0,30,0,30,0,0,85,2,87,0,0,115,2,117,213,0,213,330
06/20/2013,LAL,FL,ASO,ES,Federal Contract Tower,0,3,31,0,34,0,0,118,2,120,0,3,149,2,154,204,0,204,358
06/21/2013,LAL,FL,ASO,ES,Federal Contract Tower,0,1,7,1,9,0,0,65,1,66,0,1,72,2,75,157,0,157,232
06/22/2013,LAL,FL,ASO,ES,Federal Contract Tower,0,0,15,0,15,0,0,78,0,78,0,0,93,0,93,109,0,109,202
06/23/2013,LAL,FL,ASO,ES,Federal Contract Tower,0,0,25,12,37,0,0,78,0,78,0,0,103,12,115,62,0,62,177
06/24/2013,LAL,FL,ASO,ES,Federal Contract Tower,0,4,18,0,22,0,0,88,0,88,0,4,106,0,110,179,0,179,289
06/25/2013,LAL,FL,ASO,ES,Federal Contract Tower,0,2,19,1,22,0,0,83,0,83,0,2,102,1,105,143,0,143,248
06/26/2013,LAL,FL,ASO,ES,Federal Contract Tower,0,3,28,0,31,0,0,90,0,90,0,3,118,0,121,134,0,134,255
06/27/2013,LAL,FL,ASO,ES,Federal Contract Tower,0,0,25,0,25,0,0,141,0,141,0,0,166,0,166,202,0,202,368
06/28/2013,LAL,FL,ASO,ES,Federal Contract Tower,0,1,27,0,28,0,0,71,2,73,0,1,98,2,101,100,0,100,201
06/29/2013,LAL,FL,ASO,ES,Federal Contract Tower,0,2,13,0,15,0,0,58,0,58,0,2,71,0,73,56,0,56,129
06/30/2013,LAL,FL,ASO,ES,Federal Contract Tower,0,2,12,0,14,0,0,32,2,34,0,2,44,2,48,49,0,49,97
07/01/2013,LAL,FL,ASO,ES,Federal Contract Tower,0,1,11,0,12,0,0,20,0,20,0,1,31,0,32,144,0,144,176
07/02/2013,LAL,FL,ASO,ES,Federal Contract Tower,0,2,35,0,37,0,0,44,0,44,0,2,79,0,81,127,0,127,208
07/03/2013,LAL,FL,ASO,ES,Federal Contract Tower,0,2,35,10,47,0,0,41,1,42,0,2,76,11,89,96,3,99,188
07/04/2013,LAL,FL,ASO,ES,Federal Contract Tower,0,1,5,0,6,0,0,47,0,47,0,1,52,0,53,87,0,87,140
07/05/2013,LAL,FL,ASO,ES,Federal Contract Tower,0,0,22,0,22,0,0,57,0,57,0,0,79,0,79,150,0,150,229
07/06/2013,LAL,FL,ASO,ES,Federal Contract Tower,0,0,18,0,18,0,0,109,0,109,0,0,127,0,127,126,0,126,253
07/07/2013,LAL,FL,ASO,ES,Federal Contract Tower,0,4,10,0,14,0,0,105,0,105,0,4,115,0,119,169,0,169,288
07/08/2013,LAL,FL,ASO,ES,Federal Contract Tower,0,7,32,0,39,0,0,113,0,113,0,7,145,0,152,125,0,125,277
07/09/2013,LAL,FL,ASO,ES,Federal Contract Tower,0,7,50,2,59,0,0,91,2,93,0,7,141,4,152,232,12,244,396
07/10/2013,LAL,FL,ASO,ES,Federal Contract Tower,0,0,20,0,20,0,0,89,0,89,0,0,109,0,109,222,0,222,331
07/11/2013,LAL,FL,ASO,ES,Federal Contract Tower,0,0,14,0,14,0,0,59,0,59,0,0,73,0,73,130,0,130,203
07/12/2013,LAL,FL,ASO,ES,Federal Contract Tower,0,0,19,0,19,0,0,63,0,63,0,0,82,0,82,136,0,136,218
07/13/2013,LAL,FL,ASO,ES,Federal Contract Tower,0,0,18,2,20,0,0,80,0,80,0,0,98,2,100,174,0,174,274
07/14/2013,LAL,FL,ASO,ES,Federal Contract Tower,0,0,44,0,44,0,0,30,0,30,0,0,74,0,74,113,0,113,187
07/15/2013,LAL,FL,ASO,ES,Federal Contract Tower,0,0,9,0,9,0,0,76,0,76,0,0,85,0,85,282,0,282,367
07/16/2013,LAL,FL,ASO,ES,Federal Contract Tower,0,2,20,0,22,0,0,52,0,52,0,2,72,0,74,163,0,163,237
07/17/2013,LAL,FL,ASO,ES,Federal Contract Tower,0,1,43,0,44,0,0,56,2,58,0,1,99,2,102,120,24,144,246
07/18/2013,LAL,FL,ASO,ES,Federal Contract Tower,0,3,22,16,41,0,0,81,0,81,0,3,103,16,122,108,0,108,230
07/19/2013,LAL,FL,ASO,ES,Federal Contract Tower,0,2,26,16,44,0,0,105,2,107,0,2,131,18,151,96,20,116,267
07/20/2013,LAL,FL,ASO,ES,Federal Contract Tower,0,2,35,0,37,0,0,53,0,53,0,2,88,0,90,201,0,201,291
07/21/2013,LAL,FL,ASO,ES,Federal Contract Tower,0,6,16,0,22,0,0,53,0,53,0,6,69,0,75,159,0,159,234
07/22/2013,LAL,FL,ASO,ES,Federal Contract Tower,0,3,30,4,37,0,0,94,0,94,0,3,124,4,131,150,0,150,281
07/23/2013,LAL,FL,ASO,ES,Federal Contract Tower,0,1,22,2,25,0,0,59,0,59,0,1,81,2,84,96,4,100,184
07/24/2013,LAL,FL,ASO,ES,Federal Contract Tower,0,0,34,0,34,0,0,60,0,60,0,0,94,0,94,56,0,56,150
07/25/2013,LAL,FL,ASO,ES,Federal Contract Tower,0,4,27,0,31,0,0,56,0,56,0,4,83,0,87,98,0,98,185
07/26/2013,LAL,FL,ASO,ES,Federal Contract Tower,0,0,17,0,17,0,0,77,0,77,0,0,94,0,94,154,0,154,248
07/27/2013,LAL,FL,ASO,ES,Federal Contract Tower,0,3,25,0,28,0,0,100,0,100,0,3,125,0,128,115,0,115,243
07/28/2013,LAL,FL,ASO,ES,Federal Contract Tower,0,3,21,0,24,0,0,78,0,78,0,3,99,0,102,104,0,104,206
07/29/2013,LAL,FL,ASO,ES,Federal Contract Tower,0,2,11,0,13,0,0,89,2,91,0,2,100,2,104,60,0,60,164
07/30/2013,LAL,FL,ASO,ES,Federal Contract Tower,0,0,10,2,12,0,0,68,0,68,0,0,78,2,80,154,0,154,234
07/31/2013,LAL,FL,ASO,ES,Federal Contract Tower,0,1,28,4,33,0,0,72,0,72,0,1,100,4,105,64,0,64,169
08/01/2013,LAL,FL,ASO,ES,Federal Contract Tower,0,4,17,2,23,0,0,85,0,85,0,4,102,2,108,152,0,152,260
08/02/2013,LAL,FL,ASO,ES,Federal Contract Tower,0,1,19,21,41,0,0,60,3,63,0,1,79,24,104,77,0,77,181
08/03/2013,LAL,FL,ASO,ES,Federal Contract Tower,0,0,23,0,23,0,10,82,0,92,0,10,105,0,115,103,0,103,218
08/04/2013,LAL,FL,ASO,ES,Federal Contract Tower,0,3,25,1,29,0,0,80,0,80,0,3,105,1,109,66,0,66,175
08/05/2013,LAL,FL,ASO,ES,Federal Contract Tower,0,2,15,7,24,0,0,88,1,89,0,2,103,8,113,73,12,85,198
08/06/2013,LAL,FL,ASO,ES,Federal Contract Tower,0,6,33,2,41,0,0,78,0,78,0,6,111,2,119,147,6,153,272
08/07/2013,LAL,FL,ASO,ES,Federal Contract Tower,0,2,25,4,31,0,0,86,0,86,0,2,111,4,117,178,0,178,295
08/08/2013,LAL,FL,ASO,ES,Federal Contract Tower,0,1,26,2,29,0,0,94,0,94,0,1,120,2,123,142,0,142,265
08/09/2013,LAL,FL,ASO,ES,Federal Contract Tower,0,2,29,0,31,0,0,86,0,86,0,2,115,0,117,108,0,108,225
08/10/2013,LAL,FL,ASO,ES,Federal Contract Tower,0,0,15,0,15,0,0,97,0,97,0,0,112,0,112,74,0,74,186
08/11/2013,LAL,FL,ASO,ES,Federal Contract Tower,0,0,7,2,9,0,0,114,0,114,0,0,121,2,123,126,0,126,249
08/12/2013,LAL,FL,ASO,ES,Federal Contract Tower,0,0,20,8,28,0,0,97,1,98,0,0,117,9,126,99,28,127,253
08/13/2013,LAL,FL,ASO,ES,Federal Contract Tower,0,2,21,0,23,0,0,102,0,102,0,2,123,0,125,114,0,114,239
08/14/2013,LAL,FL,ASO,ES,Federal Contract Tower,0,4,18,0,22,0,0,103,5,108,0,4,121,5,130,103,28,131,261
08/15/2013,LAL,FL,ASO,ES,Federal Contract Tower,0,6,26,0,32,0,0,83,4,87,0,6,109,4,119,144,0,144,263
08/16/2013,LAL,FL,ASO,ES,Federal Contract Tower,0,0,34,20,54,0,0,80,0,80,0,0,114,20,134,90,2,92,226
08/17/2013,LAL,FL,ASO,ES,Federal Contract Tower,0,2,21,0,23,0,0,106,0,106,0,2,127,0,129,92,0,92,221
08/18/2013,LAL,FL,ASO,ES,Federal Contract Tower,0,1,23,12,36,0,0,69,1,70,0,1,92,13,106,91,0,91,197
08/19/2013,LAL,FL,ASO,ES,Federal Contract Tower,0,0,9,10,19,0,0,69,0,69,0,0,78,10,88,140,14,154,242
08/20/2013,LAL,FL,ASO,ES,Federal Contract Tower,0,0,6,0,6,0,0,76,0,76,0,0,82,0,82,141,0,141,223
08/21/2013,LAL,FL,ASO,ES,Federal Contract Tower,0,4,22,0,26,0,0,67,0,67,0,4,89,0,93,71,0,71,164
08/22/2013,LAL,FL,ASO,ES,Federal Contract Tower,0,1,32,0,33,0,0,73,0,73,0,1,105,0,106,59,0,59,165
08/23/2013,LAL,FL,ASO,ES,Federal Contract Tower,0,2,43,0,45,0,0,76,0,76,0,2,119,0,121,102,0,102,223
08/24/2013,LAL,FL,ASO,ES,Federal Contract Tower,0,7,8,0,15,0,0,120,0,120,0,7,128,0,135,111,0,111,246
08/25/2013,LAL,FL,ASO,ES,Federal Contract Tower,0,3,18,0,21,0,0,90,0,90,0,3,108,0,111,54,0,54,165
08/26/2013,LAL,FL,ASO,ES,Federal Contract Tower,0,2,18,2,22,0,0,61,0,61,0,2,79,2,83,73,4,77,160
08/27/2013,LAL,FL,ASO,ES,Federal Contract Tower,0,4,11,4,19,0,0,97,0,97,0,4,108,4,116,112,0,112,228
08/28/2013,LAL,FL,ASO,ES,Federal Contract Tower,0,0,23,1,24,0,0,118,0,118,0,0,141,1,142,44,4,48,190
08/29/2013,LAL,FL,ASO,ES,Federal Contract Tower,0,1,25,1,27,0,0,94,1,95,0,1,119,2,122,152,0,152,274
08/30/2013,LAL,FL,ASO,ES,Federal Contract Tower,0,1,33,2,36,0,0,58,0,58,0,1,91,2,94,93,0,93,187
08/31/2013,LAL,FL,ASO,ES,Federal Contract Tower,0,0,29,0,29,0,0,87,0,87,0,0,116,0,116,46,0,46,162
09/01/2013,LAL,FL,ASO,ES,Federal Contract Tower,0,0,20,0,20,0,0,112,0,112,0,0,132,0,132,182,0,182,314
09/02/2013,LAL,FL,ASO,ES,Federal Contract Tower,0,1,26,0,27,0,0,57,0,57,0,1,83,0,84,54,0,54,138
09/03/2013,LAL,FL,ASO,ES,Federal Contract Tower,0,0,18,0,18,0,0,43,0,43,0,0,61,0,61,22,0,22,83
09/04/2013,LAL,FL,ASO,ES,Federal Contract Tower,0,2,9,12,23,0,0,77,2,79,0,2,86,14,102,122,18,140,242
09/05/2013,LAL,FL,ASO,ES,Federal Contract Tower,0,0,21,2,23,0,0,74,0,74,0,0,95,2,97,8,0,8,105
09/06/2013,LAL,FL,ASO,ES,Federal Contract Tower,0,2,23,4,29,0,0,101,2,103,0,2,124,6,132,168,0,168,300
09/07/2013,LAL,FL,ASO,ES,Federal Contract Tower,0,0,27,0,27,0,0,33,0,33,0,0,60,0,60,146,0,146,206
09/08/2013,LAL,FL,ASO,ES,Federal Contract Tower,0,0,22,4,26,0,0,83,0,83,0,0,105,4,109,94,0,94,203
09/09/2013,LAL,FL,ASO,ES,Federal Contract Tower,0,0,18,0,18,0,0,88,0,88,0,0,106,0,106,107,0,107,213
09/10/2013,LAL,FL,ASO,ES,Federal Contract Tower,0,0,9,14,23,0,0,82,0,82,0,0,91,14,105,158,0,158,263
09/11/2013,LAL,FL,ASO,ES,Federal Contract Tower,0,0,11,6,17,0,0,94,0,94,0,0,105,6,111,80,0,80,191
09/12/2013,LAL,FL,ASO,ES,Federal Contract Tower,0,2,13,0,15,0,0,56,0,56,0,2,69,0,71,62,0,62,133
09/13/2013,LAL,FL,ASO,ES,Federal Contract Tower,0,0,17,0,17,82,0,0,0,82,82,0,17,0,99,102,0,102,201
09/14/2013,LAL,FL,ASO,ES,Federal Contract Tower,0,2,12,0,14,0,0,99,0,99,0,2,111,0,113,86,0,86,199
09/15/2013,LAL,FL,ASO,ES,Federal Contract Tower,0,0,28,0,28,0,0,60,0,60,0,0,88,0,88,23,0,23,111
09/16/2013,LAL,FL,ASO,ES,Federal Contract Tower,0,0,18,8,26,0,0,69,0,69,0,0,87,8,95,94,2,96,191
09/17/2013,LAL,FL,ASO,ES,Federal Contract Tower,0,4,20,0,24,0,0,61,0,61,0,4,81,0,85,48,0,48,133
09/18/2013,LAL,FL,ASO,ES,Federal Contract Tower,0,3,28,1,32,0,0,50,1,51,0,3,78,2,83,106,0,106,189
09/19/2013,LAL,FL,ASO,ES,Federal Contract Tower,0,4,15,0,19,0,0,79,2,81,0,4,94,2,100,137,0,137,237
09/20/2013,LAL,FL,ASO,ES,Federal Contract Tower,0,1,32,7,40,0,0,103,8,111,0,1,135,15,151,246,2,248,399
09/21/2013,LAL,FL,ASO,ES,Federal Contract Tower,0,1,15,4,20,0,0,91,0,91,0,1,106,4,111,107,0,107,218
09/22/2013,LAL,FL,ASO,ES,Federal Contract Tower,0,2,10,6,18,0,0,40,2,42,0,2,50,8,60,124,0,124,184
09/23/2013,LAL,FL,ASO,ES,Federal Contract Tower,0,0,32,0,32,0,0,21,0,21,0,0,53,0,53,95,0,95,148
09/24/2013,LAL,FL,ASO,ES,Federal Contract Tower,0,1,28,0,29,0,0,9,0,9,0,1,37,0,38,20,0,20,58
09/25/2013,LAL,FL,ASO,ES,Federal Contract Tower,0,3,16,2,21,0,0,24,0,24,0,3,40,2,45,10,0,10,55
09/26/2013,LAL,FL,ASO,ES,Federal Contract Tower,0,6,27,0,33,0,0,58,0,58,0,6,85,0,91,114,0,114,205
09/27/2013,LAL,FL,ASO,ES,Federal Contract Tower,2,8,44,4,58,0,0,59,0,59,2,8,103,4,117,77,0,77,194
09/28/2013,LAL,FL,ASO,ES,Federal Contract Tower,0,0,22,0,22,0,0,95,0,95,0,0,117,0,117,84,0,84,201
09/29/2013,LAL,FL,ASO,ES,Federal Contract Tower,0,3,27,0,30,0,0,120,0,120,0,3,147,0,150,161,0,161,311
09/30/2013,LAL,FL,ASO,ES,Federal Contract Tower,0,3,6,0,9,0,0,90,0,90,0,3,96,0,99,252,0,252,351
10/01/2013,LAL,FL,ASO,ES,Federal Contract Tower,0,7,24,0,31,0,0,92,0,92,0,7,116,0,123,244,0,244,367
10/02/2013,LAL,FL,ASO,ES,Federal Contract Tower,0,3,12,13,28,0,0,94,0,94,0,3,106,13,122,221,33,254,376
10/03/2013,LAL,FL,ASO,ES,Federal Contract Tower,0,4,15,0,19,0,0,77,0,77,0,4,92,0,96,218,0,218,314
10/04/2013,LAL,FL,ASO,ES,Federal Contract Tower,0,1,25,4,30,0,0,103,0,103,0,1,128,4,133,112,0,112,245
10/05/2013,LAL,FL,ASO,ES,Federal Contract Tower,0,0,22,0,22,0,0,105,0,105,0,0,127,0,127,92,0,92,219
10/06/2013,LAL,FL,ASO,ES,Federal Contract Tower,0,1,15,0,16,0,0,82,0,82,0,1,97,0,98,96,0,96,194
10/07/2013,LAL,FL,ASO,ES,Federal Contract Tower,0,4,16,4,24,0,0,32,0,32,0,4,48,4,56,164,0,164,220
10/08/2013,LAL,FL,ASO,ES,Federal Contract Tower,0,2,20,4,26,0,0,45,0,45,0,2,65,4,71,132,0,132,203
10/09/2013,LAL,FL,ASO,ES,Federal Contract Tower,0,2,52,5,59,0,0,67,1,68,0,2,119,6,127,90,36,126,253
10/10/2013,LAL,FL,ASO,ES,Federal Contract Tower,0,3,24,8,35,0,0,107,0,107,0,3,131,8,142,108,0,108,250
10/11/2013,LAL,FL,ASO,ES,Federal Contract Tower,0,5,54,0,59,0,0,95,4,99,0,5,149,4,158,74,0,74,232
10/12/2013,LAL,FL,ASO,ES,Federal Contract Tower,0,1,4,0,5,0,0,101,1,102,0,1,105,1,107,138,0,138,245
10/13/2013,LAL,FL,ASO,ES,Federal Contract Tower,0,5,9,0,14,0,0,103,0,103,0,5,112,0,117,72,0,72,189
10/14/2013,LAL,FL,ASO,ES,Federal Contract Tower,0,2,23,0,25,0,0,100,0,100,0,2,123,0,125,100,0,100,225
10/15/2013,LAL,FL,ASO,ES,Federal Contract Tower,0,3,79,4,86,0,0,23,0,23,0,3,102,4,109,2,0,2,111
10/16/2013,LAL,FL,ASO,ES,Federal Contract Tower,0,0,37,4,41,0,0,56,0,56,0,0,93,4,97,133,0,133,230
10/17/2013,LAL,FL,ASO,ES,Federal Contract Tower,0,3,27,12,42,0,0,93,0,93,0,3,120,12,135,111,12,123,258
10/18/2013,LAL,FL,ASO,ES,Federal Contract Tower,0,1,23,0,24,0,0,97,0,97,0,1,120,0,121,150,0,150,271
10/19/2013,LAL,FL,ASO,ES,Federal Contract Tower,0,0,7,0,7,0,0,90,0,90,0,0,97,0,97,88,0,88,185
10/20/2013,LAL,FL,ASO,ES,Federal Contract Tower,0,0,34,0,34,0,0,87,0,87,0,0,121,0,121,125,0,125,246
10/21/2013,LAL,FL,ASO,ES,Federal Contract Tower,0,2,33,0,35,0,0,63,0,63,0,2,96,0,98,75,0,75,173
10/22/2013,LAL,FL,ASO,ES,Federal Contract Tower,0,4,28,4,36,0,0,61,0,61,0,4,89,4,97,60,4,64,161
10/23/2013,LAL,FL,ASO,ES,Federal Contract Tower,0,6,24,2,32,0,1,73,0,74,0,7,97,2,106,67,0,67,173
10/24/2013,LAL,FL,ASO,ES,Federal Contract Tower,0,3,28,2,33,0,0,74,0,74,0,3,102,2,107,84,0,84,191
10/25/2013,LAL,FL,ASO,ES,Federal Contract Tower,0,2,28,8,38,0,0,103,0,103,0,2,131,8,141,116,2,118,259
10/26/2013,LAL,FL,ASO,ES,Federal Contract Tower,0,0,25,0,25,0,0,127,0,127,0,0,152,0,152,219,0,219,371
10/27/2013,LAL,FL,ASO,ES,Federal Contract Tower,0,6,16,2,24,0,0,112,0,112,0,6,128,2,136,127,0,127,263
10/28/2013,LAL,FL,ASO,ES,Federal Contract Tower,0,1,27,2,30,0,0,102,0,102,0,1,129,2,132,212,0,212,344
10/29/2013,LAL,FL,ASO,ES,Federal Contract Tower,0,4,20,0,24,0,0,97,2,99,0,4,117,2,123,156,22,178,301
10/30/2013,LAL,FL,ASO,ES,Federal Contract Tower,0,5,15,4,24,0,0,116,0,116,0,5,131,4,140,13,0,13,153
10/31/2013,LAL,FL,ASO,ES,Federal Contract Tower,0,2,20,0,22,0,0,116,0,116,0,2,136,0,138,154,0,154,292
11/01/2013,LAL,FL,ASO,ES,Federal Contract Tower,0,0,23,4,27,0,0,78,0,78,0,0,101,4,105,142,0,142,247
11/02/2013,LAL,FL,ASO,ES,Federal Contract Tower,0,0,28,0,28,0,0,25,0,25,0,0,53,0,53,143,0,143,196
11/03/2013,LAL,FL,ASO,ES,Federal Contract Tower,0,0,30,0,30,0,0,111,0,111,0,0,141,0,141,176,0,176,317
11/04/2013,LAL,FL,ASO,ES,Federal Contract Tower,0,2,11,9,22,0,0,67,1,68,0,2,78,10,90,68,0,68,158
11/05/2013,LAL,FL,ASO,ES,Federal Contract Tower,0,0,23,6,29,0,0,43,0,43,0,0,66,6,72,18,0,18,90
11/06/2013,LAL,FL,ASO,ES,Federal Contract Tower,0,5,27,0,32,0,0,102,0,102,0,5,129,0,134,120,0,120,254
11/07/2013,LAL,FL,ASO,ES,Federal Contract Tower,0,1,27,0,28,0,0,93,0,93,0,1,120,0,121,170,0,170,291
11/08/2013,LAL,FL,ASO,ES,Federal Contract Tower,0,1,19,4,24,0,0,67,6,73,0,1,86,10,97,54,0,54,151
11/09/2013,LAL,FL,ASO,ES,Federal Contract Tower,1,0,22,2,25,0,0,77,0,77,1,0,99,2,102,112,0,112,214
11/10/2013,LAL,FL,ASO,ES,Federal Contract Tower,0,1,36,0,37,0,0,112,0,112,0,1,148,0,149,86,0,86,235
11/11/2013,LAL,FL,ASO,ES,Federal Contract Tower,0,2,30,0,32,0,0,95,0,95,0,2,125,0,127,105,0,105,232
11/12/2013,LAL,FL,ASO,ES,Federal Contract Tower,4,3,43,10,60,0,0,82,0,82,4,3,125,10,142,172,0,172,314
11/13/2013,LAL,FL,ASO,ES,Federal Contract Tower,0,5,15,6,26,0,0,14,0,14,0,5,29,6,40,16,2,18,58
11/14/2013,LAL,FL,ASO,ES,Federal Contract Tower,0,6,26,14,46,0,0,84,0,84,0,6,110,14,130,130,0,130,260
11/15/2013,LAL,FL,ASO,ES,Federal Contract Tower,0,5,36,16,57,0,0,70,0,70,0,5,106,16,127,100,4,104,231
11/16/2013,LAL,FL,ASO,ES,Federal Contract Tower,0,0,51,0,51,0,0,13,0,13,0,0,64,0,64,14,0,14,78
11/17/2013,LAL,FL,ASO,ES,Federal Contract Tower,0,6,25,2,33,0,0,120,0,120,0,6,145,2,153,127,0,127,280
11/18/2013,LAL,FL,ASO,ES,Federal Contract Tower,0,0,29,2,31,0,0,88,0,88,0,0,117,2,119,106,0,106,225
11/19/2013,LAL,FL,ASO,ES,Federal Contract Tower,0,5,38,0,43,0,0,44,0,44,0,5,82,0,87,130,0,130,217
11/20/2013,LAL,FL,ASO,ES,Federal Contract Tower,1,3,29,0,33,0,0,87,0,87,1,3,116,0,120,71,0,71,191
11/21/2013,LAL,FL,ASO,ES,Federal Contract Tower,0,8,30,0,38,0,0,57,2,59,0,8,87,2,97,152,6,158,255
11/22/2013,LAL,FL,ASO,ES,Federal Contract Tower,0,1,0,3,4,0,1,111,1,113,0,2,111,4,117,159,0,159,276
11/23/2013,LAL,FL,ASO,ES,Federal Contract Tower,0,3,26,2,31,0,0,130,0,130,0,3,156,2,161,135,0,135,296
11/24/2013,LAL,FL,ASO,ES,Federal Contract Tower,1,7,19,0,27,0,0,45,0,45,1,7,64,0,72,74,0,74,146
11/25/2013,LAL,FL,ASO,ES,Federal Contract Tower,0,1,33,6,40,0,0,59,0,59,0,1,92,6,99,44,0,44,143
11/26/2013,LAL,FL,ASO,ES,Federal Contract Tower,0,3,36,0,39,0,0,9,0,9,0,3,45,0,48,6,0,6,54
11/27/2013,LAL,FL,ASO,ES,Federal Contract Tower,0,2,28,0,30,0,0,31,0,31,0,2,59,0,61,29,0,29,90
11/28/2013,LAL,FL,ASO,ES,Federal Contract Tower,0,0,4,0,4,0,0,49,0,49,0,0,53,0,53,49,0,49,102
11/29/2013,LAL,FL,ASO,ES,Federal Contract Tower,0,3,9,0,12,0,0,98,0,98,0,3,107,0,110,132,0,132,242
11/30/2013,LAL,FL,ASO,ES,Federal Contract Tower,1,6,24,0,31,0,0,77,0,77,1,6,101,0,108,258,0,258,366
12/01/2013,LAL,FL,ASO,ES,Federal Contract Tower,0,2,48,0,50,0,0,59,0,59,0,2,107,0,109,174,0,174,283
12/02/2013,LAL,FL,ASO,ES,Federal Contract Tower,0,0,25,0,25,0,0,59,0,59,0,0,84,0,84,176,0,176,260
12/03/2013,LAL,FL,ASO,ES,Federal Contract Tower,0,3,26,2,31,0,0,86,0,86,0,3,112,2,117,210,0,210,327
12/04/2013,LAL,FL,ASO,ES,Federal Contract Tower,0,2,26,0,28,0,0,100,0,100,0,2,126,0,128,168,0,168,296
12/05/2013,LAL,FL,ASO,ES,Federal Contract Tower,0,6,23,0,29,0,0,74,0,74,0,6,97,0,103,148,0,148,251
12/06/2013,LAL,FL,ASO,ES,Federal Contract Tower,0,2,23,4,29,0,0,90,0,90,0,2,113,4,119,114,0,114,233
12/07/2013,LAL,FL,ASO,ES,Federal Contract Tower,1,4,29,3,37,0,0,137,0,137,1,4,166,3,174,184,0,184,358
12/08/2013,LAL,FL,ASO,ES,Federal Contract Tower,0,3,13,3,19,0,0,75,3,78,0,3,88,6,97,96,0,96,193
12/09/2013,LAL,FL,ASO,ES,Federal Contract Tower,0,4,15,0,19,0,0,52,0,52,0,4,67,0,71,128,0,128,199
12/10/2013,LAL,FL,ASO,ES,Federal Contract Tower,0,0,30,4,34,0,0,109,0,109,0,0,139,4,143,152,0,152,295
12/11/2013,LAL,FL,ASO,ES,Federal Contract Tower,0,2,12,0,14,0,0,67,0,67,0,2,79,0,81,132,0,132,213
12/12/2013,LAL,FL,ASO,ES,Federal Contract Tower,0,5,21,0,26,0,0,49,0,49,0,5,70,0,75,82,0,82,157
12/13/2013,LAL,FL,ASO,ES,Federal Contract Tower,0,4,17,13,34,0,0,93,6,99,0,4,110,19,133,127,10,137,270
12/14/2013,LAL,FL,ASO,ES,Federal Contract Tower,0,1,16,0,17,0,0,83,0,83,0,1,99,0,100,134,0,134,234
12/15/2013,LAL,FL,ASO,ES,Federal Contract Tower,1,0,19,10,30,0,0,56,0,56,1,0,75,10,86,132,0,132,218
12/16/2013,LAL,FL,ASO,ES,Federal Contract Tower,0,5,14,0,19,0,0,100,0,100,0,5,114,0,119,268,0,268,387
12/17/2013,LAL,FL,ASO,ES,Federal Contract Tower,0,5,31,6,42,1,0,100,2,103,1,5,131,8,145,186,4,190,335
12/18/2013,LAL,FL,ASO,ES,Federal Contract Tower,0,0,14,0,14,0,0,88,0,88,0,0,102,0,102,131,0,131,233
12/19/2013,LAL,FL,ASO,ES,Federal Contract Tower,0,4,15,0,19,0,0,66,0,66,0,4,81,0,85,86,0,86,171
12/20/2013,LAL,FL,ASO,ES,Federal Contract Tower,0,2,8,1,11,0,0,107,0,107,0,2,115,1,118,92,0,92,210
12/21/2013,LAL,FL,ASO,ES,Federal Contract Tower,0,4,12,3,19,0,0,87,0,87,0,4,99,3,106,77,6,83,189
12/22/2013,LAL,FL,ASO,ES,Federal Contract Tower,0,3,23,0,26,0,0,0,0,0,0,3,23,0,26,25,0,25,51
12/23/2013,LAL,FL,ASO,ES,Federal Contract Tower,0,5,17,0,22,0,0,46,0,46,0,5,63,0,68,78,0,78,146
12/24/2013,LAL,FL,ASO,ES,Federal Contract Tower,0,0,12,0,12,0,0,36,0,36,0,0,48,0,48,40,0,40,88
12/25/2013,LAL,FL,ASO,ES,Federal Contract Tower,0,0,3,0,3,0,0,28,0,28,0,0,31,0,31,42,0,42,73
12/26/2013,LAL,FL,ASO,ES,Federal Contract Tower,0,0,14,3,17,0,0,65,0,65,0,0,79,3,82,17,0,17,99
12/27/2013,LAL,FL,ASO,ES,Federal Contract Tower,0,1,16,0,17,0,0,62,0,62,0,1,78,0,79,96,0,96,175
12/28/2013,LAL,FL,ASO,ES,Federal Contract Tower,0,7,12,0,19,0,0,34,0,34,0,7,46,0,53,34,0,34,87
12/29/2013,LAL,FL,ASO,ES,Federal Contract Tower,0,0,8,0,8,0,0,2,0,2,0,0,10,0,10,22,0,22,32
12/30/2013,LAL,FL,ASO,ES,Federal Contract Tower,0,2,32,0,34,0,0,8,0,8,0,2,40,0,42,4,0,4,46
12/31/2013,LAL,FL,ASO,ES,Federal Contract Tower,0,0,22,0,22,0,0,89,0,89,0,0,111,0,111,73,0,73,184
01/01/2014,LAL,FL,ASO,ES,Federal Contract Tower,0,0,9,0,9,0,0,7,0,7,0,0,16,0,16,0,0,0,16
01/02/2014,LAL,FL,ASO,ES,Federal Contract Tower,0,3,11,0,14,0,0,27,0,27,0,3,38,0,41,11,0,11,52
01/03/2014,LAL,FL,ASO,ES,Federal Contract Tower,0,0,15,0,15,0,0,82,0,82,0,0,97,0,97,102,0,102,199
01/04/2014,LAL,FL,ASO,ES,Federal Contract Tower,1,0,33,0,34,0,0,92,0,92,1,0,125,0,126,186,0,186,312
01/05/2014,LAL,FL,ASO,ES,Federal Contract Tower,0,4,18,13,35,0,0,117,1,118,0,4,135,14,153,264,12,276,429
01/06/2014,LAL,FL,ASO,ES,Federal Contract Tower,0,4,11,0,15,0,0,18,0,18,0,4,29,0,33,0,0,0,33
01/07/2014,LAL,FL,ASO,ES,Federal Contract Tower,0,4,15,0,19,0,0,68,1,69,0,4,83,1,88,130,0,130,218
01/08/2014,LAL,FL,ASO,ES,Federal Contract Tower,0,1,20,6,27,0,0,66,4,70,0,1,86,10,97,114,0,114,211
01/09/2014,LAL,FL,ASO,ES,Federal Contract Tower,0,3,29,0,32,0,0,5,0,5,0,3,34,0,37,38,0,38,75
01/10/2014,LAL,FL,ASO,ES,Federal Contract Tower,0,4,36,11,51,0,0,109,1,110,0,4,145,12,161,164,2,166,327
01/11/2014,LAL,FL,ASO,ES,Federal Contract Tower,0,0,20,0,20,0,0,38,2,40,0,0,58,2,60,70,0,70,130
01/12/2014,LAL,FL,ASO,ES,Federal Contract Tower,0,2,30,3,35,0,1,160,1,162,0,3,190,4,197,151,4,155,352
01/13/2014,LAL,FL,ASO,ES,Federal Contract Tower,0,3,18,2,23,0,0,107,0,107,0,3,125,2,130,102,0,102,232
01/14/2014,LAL,FL,ASO,ES,Federal Contract Tower,0,2,27,0,29,0,0,45,0,45,0,2,72,0,74,175,0,175,249
01/15/2014,LAL,FL,ASO,ES,Federal Contract Tower,0,7,28,0,35,0,0,157,0,157,0,7,185,0,192,154,0,154,346
01/16/2014,LAL,FL,ASO,ES,Federal Contract Tower,0,10,37,0,47,0,0,81,0,81,0,10,118,0,128,119,0,119,247
01/17/2014,LAL,FL,ASO,ES,Federal Contract Tower,0,6,26,4,36,0,0,147,0,147,0,6,173,4,183,166,0,166,349
01/18/2014,LAL,FL,ASO,ES,Federal Contract Tower,0,1,27,0,28,0,0,115,0,115,0,1,142,0,143,110,0,110,253
01/19/2014,LAL,FL,ASO,ES,Federal Contract Tower,0,1,19,0,20,0,0,124,0,124,0,1,143,0,144,146,0,146,290
01/20/2014,LAL,FL,ASO,ES,Federal Contract Tower,0,3,16,0,19,0,2,105,0,107,0,5,121,0,126,207,0,207,333
01/21/2014,LAL,FL,ASO,ES,Federal Contract Tower,0,0,24,2,26,0,0,52,0,52,0,0,76,2,78,71,0,71,149
01/22/2014,LAL,FL,ASO,ES,Federal Contract Tower,0,6,25,0,31,0,0,92,0,92,0,6,117,0,123,86,0,86,209
01/23/2014,LAL,FL,ASO,ES,Federal Contract Tower,0,3,28,0,31,0,0,115,0,115,0,3,143,0,146,190,0,190,336
01/24/2014,LAL,FL,ASO,ES,Federal Contract Tower,0,16,24,2,42,0,0,125,0,125,0,16,149,2,167,158,0,158,325
01/25/2014,LAL,FL,ASO,ES,Federal Contract Tower,0,2,28,0,30,0,0,187,0,187,0,2,215,0,217,221,0,221,438
01/26/2014,LAL,FL,ASO,ES,Federal Contract Tower,0,3,40,0,43,0,0,43,0,43,0,3,83,0,86,188,0,188,274
01/27/2014,LAL,FL,ASO,ES,Federal Contract Tower,0,1,26,0,27,0,0,35,0,35,0,1,61,0,62,125,0,125,187
01/28/2014,LAL,FL,ASO,ES,Federal Contract Tower,0,2,27,3,32,0,0,89,1,90,0,2,116,4,122,88,26,114,236
01/29/2014,LAL,FL,ASO,ES,Federal Contract Tower,0,0,21,2,23,0,0,1,0,1,0,0,22,2,24,0,0,0,24
01/30/2014,LAL,FL,ASO,ES,Federal Contract Tower,0,5,46,6,57,0,0,0,0,0,0,5,46,6,57,0,0,0,57
01/31/2014,LAL,FL,ASO,ES,Federal Contract Tower,0,4,30,0,34,0,0,0,0,0,0,4,30,0,34,0,0,0,34
02/01/2014,LAL,FL,ASO,ES,Federal Contract Tower,0,1,45,0,46,0,0,83,0,83,0,1,128,0,129,24,0,24,153
02/02/2014,LAL,FL,ASO,ES,Federal Contract Tower,0,6,59,0,65,0,0,110,0,110,0,6,169,0,175,50,0,50,225
02/03/2014,LAL,FL,ASO,ES,Federal Contract Tower,0,0,33,0,33,0,0,84,0,84,0,0,117,0,117,88,0,88,205
02/04/2014,LAL,FL,ASO,ES,Federal Contract Tower,0,5,33,2,40,0,0,101,0,101,0,5,134,2,141,118,0,118,259
02/05/2014,LAL,FL,ASO,ES,Federal Contract Tower,0,2,29,10,41,0,0,52,0,52,0,2,81,10,93,84,30,114,207
02/06/2014,LAL,FL,ASO,ES,Federal Contract Tower,0,0,44,6,50,0,0,29,1,30,0,0,73,7,80,152,4,156,236
02/07/2014,LAL,FL,ASO,ES,Federal Contract Tower,0,3,35,0,38,0,0,0,0,0,0,3,35,0,38,0,0,0,38
02/08/2014,LAL,FL,ASO,ES,Federal Contract Tower,0,2,40,0,42,0,0,0,0,0,0,2,40,0,42,0,0,0,42
02/09/2014,LAL,FL,ASO,ES,Federal Contract Tower,0,4,42,0,46,0,0,192,0,192,0,4,234,0,238,114,0,114,352
02/10/2014,LAL,FL,ASO,ES,Federal Contract Tower,0,8,30,2,40,0,0,153,3,156,0,8,183,5,196,212,0,212,408
02/11/2014,LAL,FL,ASO,ES,Federal Contract Tower,0,2,44,7,53,0,0,143,0,143,0,2,187,7,196,240,2,242,438
02/12/2014,LAL,FL,ASO,ES,Federal Contract Tower,0,1,24,4,29,0,0,55,14,69,0,1,79,18,98,41,0,41,139
02/13/2014,LAL,FL,ASO,ES,Federal Contract Tower,0,4,21,1,26,0,0,18,0,18,0,4,39,1,44,11,0,11,55
02/14/2014,LAL,FL,ASO,ES,Federal Contract Tower,0,0,30,0,30,0,0,126,2,128,0,0,156,2,158,168,0,168,326
02/15/2014,LAL,FL,ASO,ES,Federal Contract Tower,0,3,28,0,31,0,0,97,0,97,0,3,125,0,128,69,0,69,197
02/16/2014,LAL,FL,ASO,ES,Federal Contract Tower,0,1,25,0,26,0,0,145,2,147,0,1,170,2,173,288,0,288,461
02/17/2014,LAL,FL,ASO,ES,Federal Contract Tower,0,2,26,0,28,0,0,149,0,149,0,2,175,0,177,235,0,235,412
02/18/2014,LAL,FL,ASO,ES,Federal Contract Tower,0,0,39,2,41,0,0,160,3,163,0,0,199,5,204,221,20,241,445
02/19/2014,LAL,FL,ASO,ES,Federal Contract Tower,0,3,35,4,42,0,0,134,3,137,0,3,169,7,179,272,14,286,465
02/20/2014,LAL,FL,ASO,ES,Federal Contract Tower,0,1,23,0,24,0,0,174,0,174,0,1,197,0,198,187,0,187,385
02/21/2014,LAL,FL,ASO,ES,Federal Contract Tower,0,1,24,0,25,0,0,20,0,20,0,1,44,0,45,0,0,0,45
02/22/2014,LAL,FL,ASO,ES,Federal Contract Tower,0,1,29,0,30,0,0,56,0,56,0,1,85,0,86,207,0,207,293
02/23/2014,LAL,FL,ASO,ES,Federal Contract Tower,0,6,24,0,30,0,0,90,0,90,0,6,114,0,120,182,0,182,302
02/24/2014,LAL,FL,ASO,ES,Federal Contract Tower,0,3,28,0,31,0,0,72,0,72,0,3,100,0,103,129,0,129,232
02/25/2014,LAL,FL,ASO,ES,Federal Contract Tower,0,2,27,2,31,0,0,128,0,128,0,2,155,2,159,156,6,162,321
02/26/2014,LAL,FL,ASO,ES,Federal Contract Tower,0,6,37,7,50,0,0,50,0,50,0,6,87,7,100,35,0,35,135
02/27/2014,LAL,FL,ASO,ES,Federal Contract Tower,0,3,39,0,42,0,0,76,0,76,0,3,115,0,118,26,0,26,144
02/28/2014,LAL,FL,ASO,ES,Federal Contract Tower,0,6,41,7,54,0,0,229,7,236,0,6,270,14,290,128,0,128,418
03/01/2014,LAL,FL,ASO,ES,Federal Contract Tower,0,0,39,2,41,0,0,216,1,217,0,0,255,3,258,188,16,204,462
03/02/2014,LAL,FL,ASO,ES,Federal Contract Tower,0,6,25,9,40,0,0,222,0,222,0,6,247,9,262,188,0,188,450
03/03/2014,LAL,FL,ASO,ES,Federal Contract Tower,0,4,14,0,18,0,0,149,0,149,0,4,163,0,167,206,0,206,373
03/04/2014,LAL,FL,ASO,ES,Federal Contract Tower,0,5,29,0,34,0,0,87,0,87,0,5,116,0,121,313,0,313,434
03/05/2014,LAL,FL,ASO,ES,Federal Contract Tower,0,10,17,10,37,0,0,80,0,80,0,10,97,10,117,258,0,258,375
03/06/2014,LAL,FL,ASO,ES,Federal Contract Tower,0,9,15,0,24,0,0,14,0,14,0,9,29,0,38,62,0,62,100
03/07/2014,LAL,FL,ASO,ES,Federal Contract Tower,0,3,43,9,55,0,0,113,2,115,0,3,156,11,170,128,6,134,304
03/08/2014,LAL,FL,ASO,ES,Federal Contract Tower,0,0,21,1,22,0,0,235,0,235,0,0,256,1,257,245,2,247,504
03/09/2014,LAL,FL,ASO,ES,Federal Contract Tower,1,12,26,1,40,0,0,178,0,178,1,12,204,1,218,187,0,187,405
03/10/2014,LAL,FL,ASO,ES,Federal Contract Tower,0,5,35,0,40,0,0,128,2,130,0,5,163,2,170,186,0,186,356
03/11/2014,LAL,FL,ASO,ES,Federal Contract Tower,0,7,25,2,34,0,0,101,3,104,0,7,126,5,138,152,0,152,290
03/12/2014,LAL,FL,ASO,ES,Federal Contract Tower,2,5,25,8,40,0,0,48,1,49,2,5,73,9,89,115,0,115,204
03/13/2014,LAL,FL,ASO,ES,Federal Contract Tower,0,4,30,0,34,0,0,110,2,112,0,4,140,2,146,156,4,160,306
03/14/2014,LAL,FL,ASO,ES,Federal Contract Tower,0,9,46,37,92,0,0,162,4,166,0,9,208,41,258,126,2,128,386
03/15/2014,LAL,FL,ASO,ES,Federal Contract Tower,1,2,21,0,24,0,0,179,2,181,1,2,200,2,205,159,0,159,364
03/16/2014,LAL,FL,ASO,ES,Federal Contract Tower,0,5,17,0,22,0,0,62,4,66,0,5,79,4,88,14,0,14,102
03/17/2014,LAL,FL,ASO,ES,Federal Contract Tower,0,6,6,0,12,0,0,7,0,7,0,6,13,0,19,12,0,12,31
03/18/2014,LAL,FL,ASO,ES,Federal Contract Tower,0,4,22,0,26,0,0,113,2,115,0,4,135,2,141,135,2,137,278
03/19/2014,LAL,FL,ASO,ES,Federal Contract Tower,0,5,53,0,58,0,0,131,2,133,0,5,184,2,191,243,6,249,440
03/20/2014,LAL,FL,ASO,ES,Federal Contract Tower,0,8,68,0,76,0,0,134,0,134,0,8,202,0,210,217,0,217,427
03/21/2014,LAL,FL,ASO,ES,Federal Contract Tower,1,4,26,9,40,0,0,130,2,132,1,4,156,11,172,254,0,254,426
03/22/2014,LAL,FL,ASO,ES,Federal Contract Tower,0,1,26,0,27,0,0,151,1,152,0,1,177,1,179,219,0,219,398
03/23/2014,LAL,FL,ASO,ES,Federal Contract Tower,0,2,29,2,33,0,0,144,5,149,0,2,173,7,182,259,0,259,441
03/24/2014,LAL,FL,ASO,ES,Federal Contract Tower,0,4,21,1,26,0,0,76,2,78,0,4,97,3,104,194,20,214,318
03/25/2014,LAL,FL,ASO,ES,Federal Contract Tower,0,7,32,0,39,0,0,46,2,48,0,7,78,2,87,37,12,49,136
03/26/2014,LAL,FL,ASO,ES,Federal Contract Tower,0,1,31,3,35,0,0,150,1,151,0,1,181,4,186,214,0,214,400
03/27/2014,LAL,FL,ASO,ES,Federal Contract Tower,2,7,22,0,31,0,0,111,0,111,2,7,133,0,142,164,0,164,306
03/28/2014,LAL,FL,ASO,ES,Federal Contract Tower,1,5,21,0,27,0,0,95,2,97,1,5,116,2,124,99,4,103,227
03/29/2014,LAL,FL,ASO,ES,Federal Contract Tower,0,1,23,0,24,0,0,15,0,15,0,1,38,0,39,11,0,11,50
03/30/2014,LAL,FL,ASO,ES,Federal Contract Tower,0,2,39,0,41,0,0,226,0,226,0,2,265,0,267,36,0,36,303
03/31/2014,LAL,FL,ASO,ES,Federal Contract Tower,0,0,1,0,1,0,0,702,0,702,0,0,703,0,703,2,0,2,705
04/01/2014,LAL,FL,ASO,ES,Federal Contract Tower,0,1,4,0,5,0,0,778,0,778,0,1,782,0,783,2,0,2,785
04/02/2014,LAL,FL,ASO,ES,Federal Contract Tower,1,0,3,0,4,0,0,1112,0,1112,1,0,1115,0,1116,0,0,0,1116
04/03/2014,LAL,FL,ASO,ES,Federal Contract Tower,0,0,0,0,0,0,0,1144,0,1144,0,0,1144,0,1144,0,0,0,1144
04/04/2014,LAL,FL,ASO,ES,Federal Contract Tower,0,0,0,0,0,0,0,0,0,0,0,0,0,0,0,0,0,0,0
04/05/2014,LAL,FL,ASO,ES,Federal Contract Tower,0,0,0,0,0,0,0,1788,0,1788,0,0,1788,0,1788,0,0,0,1788
04/06/2014,LAL,FL,ASO,ES,Federal Contract Tower,0,0,2,0,2,0,0,673,0,673,0,0,675,0,675,0,0,0,675
04/07/2014,LAL,FL,ASO,ES,Federal Contract Tower,0,0,29,10,39,0,0,167,2,169,0,0,196,12,208,64,0,64,272
04/08/2014,LAL,FL,ASO,ES,Federal Contract Tower,0,4,23,6,33,0,0,12,0,12,0,4,35,6,45,28,0,28,73
04/09/2014,LAL,FL,ASO,ES,Federal Contract Tower,0,0,40,2,42,0,0,121,1,122,0,0,161,3,164,118,0,118,282
04/10/2014,LAL,FL,ASO,ES,Federal Contract Tower,0,2,30,5,37,0,0,171,0,171,0,2,201,5,208,87,0,87,295
04/11/2014,LAL,FL,ASO,ES,Federal Contract Tower,0,0,50,7,57,0,0,157,6,163,0,0,207,13,220,150,0,150,370
04/12/2014,LAL,FL,ASO,ES,Federal Contract Tower,0,0,22,0,22,0,0,164,0,164,0,0,186,0,186,180,0,180,366
04/13/2014,LAL,FL,ASO,ES,Federal Contract Tower,0,5,36,1,42,0,0,109,4,113,0,5,145,5,155,171,0,171,326
04/14/2014,LAL,FL,ASO,ES,Federal Contract Tower,0,2,24,2,28,0,0,95,0,95,0,2,119,2,123,188,0,188,311
04/15/2014,LAL,FL,ASO,ES,Federal Contract Tower,0,1,35,0,36,0,0,14,0,14,0,1,49,0,50,14,0,14,64
04/16/2014,LAL,FL,ASO,ES,Federal Contract Tower,0,4,56,4,64,0,0,117,2,119,0,4,173,6,183,210,0,210,393
04/17/2014,LAL,FL,ASO,ES,Federal Contract Tower,0,3,49,0,52,0,0,72,0,72,0,3,121,0,124,167,0,167,291
04/18/2014,LAL,FL,ASO,ES,Federal Contract Tower,0,0,19,0,19,0,0,33,0,33,0,0,52,0,52,71,0,71,123
04/19/2014,LAL,FL,ASO,ES,Federal Contract Tower,0,0,42,1,43,0,0,110,1,111,0,0,152,2,154,303,0,303,457
04/20/2014,LAL,FL,ASO,ES,Federal Contract Tower,0,7,30,0,37,0,0,68,0,68,0,7,98,0,105,106,0,106,211
04/21/2014,LAL,FL,ASO,ES,Federal Contract Tower,0,4,56,4,64,0,0,98,0,98,0,4,154,4,162,246,0,246,408
04/22/2014,LAL,FL,ASO,ES,Federal Contract Tower,0,2,45,2,49,0,0,170,0,170,0,2,215,2,219,298,0,298,517
04/23/2014,LAL,FL,ASO,ES,Federal Contract Tower,0,6,50,4,60,0,0,163,0,163,0,6,213,4,223,268,0,268,491
04/24/2014,LAL,FL,ASO,ES,Federal Contract Tower,0,1,52,2,55,0,0,127,0,127,0,1,179,2,182,210,0,210,392
04/25/2014,LAL,FL,ASO,ES,Federal Contract Tower,0,0,59,16,75,0,0,139,13,152,0,0,198,29,227,147,4,151,378
04/26/2014,LAL,FL,ASO,ES,Federal Contract Tower,0,0,29,0,29,0,0,192,0,192,0,0,221,0,221,178,0,178,399
04/27/2014,LAL,FL,ASO,ES,Federal Contract Tower,0,2,30,7,39,0,0,125,1,126,0,2,155,8,165,248,4,252,417
04/28/2014,LAL,FL,ASO,ES,Federal Contract Tower,0,2,34,0,36,0,0,114,3,117,0,2,148,3,153,266,32,298,451
04/29/2014,LAL,FL,ASO,ES,Federal Contract Tower,0,4,41,0,45,0,0,110,1,111,0,4,151,1,156,152,1,153,309
04/30/2014,LAL,FL,ASO,ES,Federal Contract Tower,0,4,39,4,47,0,0,93,0,93,0,4,132,4,140,97,0,97,237
05/01/2014,LAL,FL,ASO,ES,Federal Contract Tower,0,1,59,4,64,0,0,91,0,91,0,1,150,4,155,226,0,226,381
05/02/2014,LAL,FL,ASO,ES,Federal Contract Tower,0,4,12,0,16,0,0,26,0,26,0,4,38,0,42,64,0,64,106
05/03/2014,LAL,FL,ASO,ES,Federal Contract Tower,0,3,34,0,37,0,0,4,0,4,0,3,38,0,41,2,0,2,43
05/04/2014,LAL,FL,ASO,ES,Federal Contract Tower,0,0,35,6,41,0,0,144,0,144,0,0,179,6,185,218,0,218,403
05/05/2014,LAL,FL,ASO,ES,Federal Contract Tower,0,3,29,2,34,0,0,152,0,152,0,3,181,2,186,135,0,135,321
05/06/2014,LAL,FL,ASO,ES,Federal Contract Tower,1,2,47,4,54,0,0,132,0,132,1,2,179,4,186,190,12,202,388
05/07/2014,LAL,FL,ASO,ES,Federal Contract Tower,0,1,32,2,35,0,0,129,2,131,0,1,161,4,166,114,16,130,296
05/08/2014,LAL,FL,ASO,ES,Federal Contract Tower,1,4,30,4,39,0,0,148,5,153,1,4,178,9,192,202,16,218,410
05/09/2014,LAL,FL,ASO,ES,Federal Contract Tower,0,5,35,0,40,0,0,100,0,100,0,5,135,0,140,105,0,105,245
05/10/2014,LAL,FL,ASO,ES,Federal Contract Tower,0,3,24,0,27,0,0,121,0,121,0,3,145,0,148,130,0,130,278
05/11/2014,LAL,FL,ASO,ES,Federal Contract Tower,0,5,35,0,40,0,0,87,0,87,0,5,122,0,127,156,0,156,283
05/12/2014,LAL,FL,ASO,ES,Federal Contract Tower,0,4,40,0,44,0,0,88,0,88,0,4,128,0,132,151,0,151,283
05/13/2014,LAL,FL,ASO,ES,Federal Contract Tower,0,4,45,2,51,0,0,125,0,125,0,4,170,2,176,108,0,108,284
05/14/2014,LAL,FL,ASO,ES,Federal Contract Tower,0,2,55,0,57,0,0,116,0,116,0,2,171,0,173,150,0,150,323
05/15/2014,LAL,FL,ASO,ES,Federal Contract Tower,0,0,34,0,34,0,0,38,0,38,0,0,72,0,72,62,0,62,134
05/16/2014,LAL,FL,ASO,ES,Federal Contract Tower,0,1,24,6,31,0,2,71,0,73,0,3,95,6,104,55,6,61,165
05/17/2014,LAL,FL,ASO,ES,Federal Contract Tower,0,4,30,0,34,0,0,162,2,164,0,4,192,2,198,150,0,150,348
05/18/2014,LAL,FL,ASO,ES,Federal Contract Tower,0,0,15,0,15,0,0,91,0,91,0,0,106,0,106,50,0,50,156
05/19/2014,LAL,FL,ASO,ES,Federal Contract Tower,0,2,24,2,28,0,0,92,0,92,0,2,116,2,120,160,0,160,280
05/20/2014,LAL,FL,ASO,ES,Federal Contract Tower,0,1,44,4,49,0,0,107,0,107,0,1,151,4,156,164,0,164,320
05/21/2014,LAL,FL,ASO,ES,Federal Contract Tower,0,1,48,2,51,0,0,138,0,138,0,1,186,2,189,135,0,135,324
05/22/2014,LAL,FL,ASO,ES,Federal Contract Tower,0,6,35,0,41,0,0,111,2,113,0,6,146,2,154,160,0,160,314
05/23/2014,LAL,FL,ASO,ES,Federal Contract Tower,0,2,37,0,39,0,0,108,0,108,0,2,145,0,147,123,0,123,270
05/24/2014,LAL,FL,ASO,ES,Federal Contract Tower,0,0,16,0,16,0,0,120,0,120,0,0,136,0,136,126,0,126,262
05/25/2014,LAL,FL,ASO,ES,Federal Contract Tower,0,0,15,0,15,0,0,86,0,86,0,0,101,0,101,140,0,140,241
05/26/2014,LAL,FL,ASO,ES,Federal Contract Tower,0,1,13,3,17,0,0,98,1,99,0,1,111,4,116,189,2,191,307
05/27/2014,LAL,FL,ASO,ES,Federal Contract Tower,0,3,42,0,45,0,0,75,2,77,0,3,117,2,122,202,0,202,324
05/28/2014,LAL,FL,ASO,ES,Federal Contract Tower,0,4,49,2,55,0,0,109,3,112,0,4,158,5,167,223,2,225,392
05/29/2014,LAL,FL,ASO,ES,Federal Contract Tower,0,2,22,0,24,0,0,76,2,78,0,2,98,2,102,198,0,198,300
05/30/2014,LAL,FL,ASO,ES,Federal Contract Tower,0,1,25,2,28,0,0,78,5,83,0,1,103,7,111,50,0,50,161
05/31/2014,LAL,FL,ASO,ES,Federal Contract Tower,0,2,51,2,55,0,0,90,0,90,0,2,141,2,145,126,0,126,271
06/01/2014,LAL,FL,ASO,ES,Federal Contract Tower,1,4,34,0,39,0,0,78,0,78,1,4,112,0,117,98,0,98,215
06/02/2014,LAL,FL,ASO,ES,Federal Contract Tower,0,1,38,4,43,0,0,65,0,65,0,1,103,4,108,136,0,136,244
06/03/2014,LAL,FL,ASO,ES,Federal Contract Tower,0,2,34,9,45,0,0,129,0,129,0,2,163,9,174,281,10,291,465
06/04/2014,LAL,FL,ASO,ES,Federal Contract Tower,0,1,60,3,64,0,0,124,1,125,0,1,184,4,189,237,1,238,427
06/05/2014,LAL,FL,ASO,ES,Federal Contract Tower,0,0,41,0,41,0,0,138,0,138,0,0,179,0,179,211,0,211,390
06/06/2014,LAL,FL,ASO,ES,Federal Contract Tower,0,3,36,6,45,0,0,92,1,93,0,3,128,7,138,177,0,177,315
06/07/2014,LAL,FL,ASO,ES,Federal Contract Tower,1,0,46,2,49,0,0,121,0,121,1,0,167,2,170,177,0,177,347
06/08/2014,LAL,FL,ASO,ES,Federal Contract Tower,0,0,30,1,31,0,0,93,2,95,0,0,123,3,126,152,0,152,278
06/09/2014,LAL,FL,ASO,ES,Federal Contract Tower,0,0,24,4,28,0,0,88,0,88,0,0,112,4,116,117,0,117,233
06/10/2014,LAL,FL,ASO,ES,Federal Contract Tower,0,4,22,0,26,0,0,78,0,78,0,4,100,0,104,118,0,118,222
06/11/2014,LAL,FL,ASO,ES,Federal Contract Tower,0,2,28,13,43,0,0,64,1,65,0,2,92,14,108,80,24,104,212
06/12/2014,LAL,FL,ASO,ES,Federal Contract Tower,0,2,42,0,44,0,0,98,0,98,0,2,140,0,142,184,0,184,326
06/13/2014,LAL,FL,ASO,ES,Federal Contract Tower,0,0,21,0,21,0,0,61,0,61,0,0,82,0,82,193,0,193,275
06/14/2014,LAL,FL,ASO,ES,Federal Contract Tower,0,2,10,0,12,0,0,61,0,61,0,2,71,0,73,129,0,129,202
06/15/2014,LAL,FL,ASO,ES,Federal Contract Tower,0,0,14,0,14,0,0,69,0,69,0,0,83,0,83,160,0,160,243
06/16/2014,LAL,FL,ASO,ES,Federal Contract Tower,0,2,24,0,26,0,0,102,0,102,0,2,126,0,128,212,0,212,340
06/17/2014,LAL,FL,ASO,ES,Federal Contract Tower,0,4,40,3,47,0,0,117,1,118,0,4,157,4,165,268,24,292,457
06/18/2014,LAL,FL,ASO,ES,Federal Contract Tower,0,0,29,1,30,0,0,88,0,88,0,0,117,1,118,254,0,254,372
06/19/2014,LAL,FL,ASO,ES,Federal Contract Tower,0,4,40,0,44,0,0,110,0,110,0,4,150,0,154,282,0,282,436
06/20/2014,LAL,FL,ASO,ES,Federal Contract Tower,0,0,22,0,22,0,0,82,0,82,0,0,104,0,104,206,0,206,310
06/21/2014,LAL,FL,ASO,ES,Federal Contract Tower,0,0,38,0,38,0,0,141,0,141,0,0,179,0,179,270,0,270,449
06/22/2014,LAL,FL,ASO,ES,Federal Contract Tower,0,0,23,0,23,0,0,108,0,108,0,0,131,0,131,150,0,150,281
06/23/2014,LAL,FL,ASO,ES,Federal Contract Tower,0,3,28,0,31,0,0,85,0,85,0,3,113,0,116,74,0,74,190
06/24/2014,LAL,FL,ASO,ES,Federal Contract Tower,0,2,47,3,52,0,0,163,1,164,0,2,210,4,216,137,0,137,353
06/25/2014,LAL,FL,ASO,ES,Federal Contract Tower,0,3,31,2,36,0,0,139,0,139,0,3,170,2,175,156,0,156,331
06/26/2014,LAL,FL,ASO,ES,Federal Contract Tower,0,2,32,0,34,0,0,96,0,96,0,2,128,0,130,160,0,160,290
06/27/2014,LAL,FL,ASO,ES,Federal Contract Tower,0,0,28,1,29,0,0,101,0,101,0,0,129,1,130,110,0,110,240
06/28/2014,LAL,FL,ASO,ES,Federal Contract Tower,0,3,27,0,30,0,0,96,0,96,0,3,123,0,126,119,0,119,245
06/29/2014,LAL,FL,ASO,ES,Federal Contract Tower,0,4,17,0,21,0,0,86,0,86,0,4,103,0,107,110,0,110,217
06/30/2014,LAL,FL,ASO,ES,Federal Contract Tower,0,3,21,0,24,0,0,77,0,77,0,3,98,0,101,194,0,194,295
07/01/2014,LAL,FL,ASO,ES,Federal Contract Tower,0,4,27,2,33,0,0,113,2,115,0,4,140,4,148,229,10,239,387
07/02/2014,LAL,FL,ASO,ES,Federal Contract Tower,0,4,22,6,32,0,0,74,2,76,0,4,96,8,108,115,10,125,233
07/03/2014,LAL,FL,ASO,ES,Federal Contract Tower,0,1,26,0,27,0,0,69,0,69,0,1,95,0,96,110,0,110,206
07/04/2014,LAL,FL,ASO,ES,Federal Contract Tower,0,1,18,0,19,0,0,80,0,80,0,1,98,0,99,109,0,109,208
07/05/2014,LAL,FL,ASO,ES,Federal Contract Tower,0,2,11,0,13,0,0,94,0,94,0,2,105,0,107,140,0,140,247
07/06/2014,LAL,FL,ASO,ES,Federal Contract Tower,0,3,30,0,33,0,0,79,0,79,0,3,109,0,112,96,0,96,208
07/07/2014,LAL,FL,ASO,ES,Federal Contract Tower,0,3,25,4,32,0,0,76,0,76,0,3,101,4,108,190,0,190,298
07/08/2014,LAL,FL,ASO,ES,Federal Contract Tower,0,4,29,0,33,0,0,77,0,77,0,4,106,0,110,92,0,92,202
07/09/2014,LAL,FL,ASO,ES,Federal Contract Tower,0,3,20,0,23,0,0,103,0,103,0,3,123,0,126,106,0,106,232
07/10/2014,LAL,FL,ASO,ES,Federal Contract Tower,0,2,29,6,37,0,0,103,0,103,0,2,132,6,140,160,0,160,300
07/11/2014,LAL,FL,ASO,ES,Federal Contract Tower,0,0,33,11,44,0,0,133,5,138,0,0,166,16,182,184,0,184,366
07/12/2014,LAL,FL,ASO,ES,Federal Contract Tower,0,0,16,0,16,0,0,95,0,95,0,0,111,0,111,140,0,140,251
07/13/2014,LAL,FL,ASO,ES,Federal Contract Tower,0,2,17,0,19,0,0,99,0,99,0,2,116,0,118,148,0,148,266
07/14/2014,LAL,FL,ASO,ES,Federal Contract Tower,0,2,22,12,36,0,0,87,0,87,0,2,109,12,123,132,0,132,255
07/15/2014,LAL,FL,ASO,ES,Federal Contract Tower,0,3,27,0,30,0,0,63,0,63,0,3,90,0,93,144,0,144,237
07/16/2014,LAL,FL,ASO,ES,Federal Contract Tower,0,4,18,0,22,0,0,40,6,46,0,4,58,6,68,18,8,26,94
07/17/2014,LAL,FL,ASO,ES,Federal Contract Tower,0,3,43,0,46,0,0,110,0,110,0,3,153,0,156,131,0,131,287
07/18/2014,LAL,FL,ASO,ES,Federal Contract Tower,0,1,24,6,31,0,0,128,0,128,0,1,152,6,159,234,0,234,393
07/19/2014,LAL,FL,ASO,ES,Federal Contract Tower,0,0,28,0,28,0,0,123,0,123,0,0,151,0,151,196,0,196,347
07/20/2014,LAL,FL,ASO,ES,Federal Contract Tower,0,0,25,6,31,0,0,102,0,102,0,0,127,6,133,91,0,91,224
07/21/2014,LAL,FL,ASO,ES,Federal Contract Tower,0,0,26,0,26,0,0,110,0,110,0,0,136,0,136,151,0,151,287
07/22/2014,LAL,FL,ASO,ES,Federal Contract Tower,0,1,36,3,40,0,0,88,0,88,0,1,124,3,128,90,0,90,218
07/23/2014,LAL,FL,ASO,ES,Federal Contract Tower,0,5,29,8,42,0,0,121,2,123,0,5,150,10,165,85,24,109,274
07/24/2014,LAL,FL,ASO,ES,Federal Contract Tower,0,0,32,0,32,0,0,123,0,123,0,0,155,0,155,122,0,122,277
07/25/2014,LAL,FL,ASO,ES,Federal Contract Tower,0,3,22,0,25,0,0,97,10,107,0,3,119,10,132,100,0,100,232
07/26/2014,LAL,FL,ASO,ES,Federal Contract Tower,0,2,25,0,27,0,0,128,0,128,0,2,153,0,155,114,0,114,269
07/27/2014,LAL,FL,ASO,ES,Federal Contract Tower,0,0,22,0,22,0,0,86,2,88,0,0,108,2,110,136,0,136,246
07/28/2014,LAL,FL,ASO,ES,Federal Contract Tower,0,0,25,1,26,0,0,91,1,92,0,0,116,2,118,56,0,56,174
07/29/2014,LAL,FL,ASO,ES,Federal Contract Tower,2,2,26,0,30,0,0,54,0,54,2,2,80,0,84,96,0,96,180
07/30/2014,LAL,FL,ASO,ES,Federal Contract Tower,1,4,27,1,33,0,0,97,6,103,1,4,124,7,136,170,4,174,310
07/31/2014,LAL,FL,ASO,ES,Federal Contract Tower,0,1,32,0,33,0,0,123,4,127,0,1,155,4,160,135,4,139,299
08/01/2014,LAL,FL,ASO,ES,Federal Contract Tower,0,2,18,0,20,0,0,81,0,81,0,2,99,0,101,71,0,71,172
08/02/2014,LAL,FL,ASO,ES,Federal Contract Tower,0,3,19,0,22,0,0,81,0,81,0,3,100,0,103,82,0,82,185
08/03/2014,LAL,FL,ASO,ES,Federal Contract Tower,0,3,29,2,34,0,0,85,0,85,0,3,114,2,119,54,0,54,173
08/04/2014,LAL,FL,ASO,ES,Federal Contract Tower,0,2,20,0,22,0,0,61,0,61,0,2,81,0,83,80,0,80,163
08/05/2014,LAL,FL,ASO,ES,Federal Contract Tower,0,3,34,0,37,0,0,74,0,74,0,3,108,0,111,84,0,84,195
08/06/2014,LAL,FL,ASO,ES,Federal Contract Tower,0,7,56,0,63,0,1,65,0,66,0,8,121,0,129,83,0,83,212
08/07/2014,LAL,FL,ASO,ES,Federal Contract Tower,0,4,38,0,42,0,0,97,0,97,0,4,135,0,139,160,0,160,299
08/08/2014,LAL,FL,ASO,ES,Federal Contract Tower,0,0,15,2,17,0,0,88,0,88,0,0,103,2,105,187,0,187,292
08/09/2014,LAL,FL,ASO,ES,Federal Contract Tower,0,7,10,0,17,0,0,92,0,92,0,7,102,0,109,90,0,90,199
08/10/2014,LAL,FL,ASO,ES,Federal Contract Tower,0,1,29,6,36,0,0,113,0,113,0,1,142,6,149,114,0,114,263
08/11/2014,LAL,FL,ASO,ES,Federal Contract Tower,0,2,19,0,21,0,0,63,0,63,0,2,82,0,84,72,0,72,156
08/12/2014,LAL,FL,ASO,ES,Federal Contract Tower,0,1,32,9,42,0,0,65,1,66,0,1,97,10,108,79,0,79,187
08/13/2014,LAL,FL,ASO,ES,Federal Contract Tower,0,5,24,0,29,0,0,75,0,75,0,5,99,0,104,130,0,130,234
08/14/2014,LAL,FL,ASO,ES,Federal Contract Tower,0,6,21,4,31,0,0,58,0,58,0,6,79,4,89,54,0,54,143
08/15/2014,LAL,FL,ASO,ES,Federal Contract Tower,0,3,19,0,22,0,0,38,0,38,0,3,57,0,60,68,0,68,128
08/16/2014,LAL,FL,ASO,ES,Federal Contract Tower,0,2,8,0,10,0,0,61,0,61,0,2,69,0,71,34,0,34,105
08/17/2014,LAL,FL,ASO,ES,Federal Contract Tower,1,5,19,1,26,0,0,86,0,86,1,5,105,1,112,28,0,28,140
08/18/2014,LAL,FL,ASO,ES,Federal Contract Tower,0,1,27,3,31,0,0,93,0,93,0,1,120,3,124,141,0,141,265
08/19/2014,LAL,FL,ASO,ES,Federal Contract Tower,0,3,33,0,36,0,0,105,0,105,0,3,138,0,141,136,0,136,277
08/20/2014,LAL,FL,ASO,ES,Federal Contract Tower,0,7,29,0,36,0,0,132,0,132,0,7,161,0,168,183,0,183,351
08/21/2014,LAL,FL,ASO,ES,Federal Contract Tower,0,5,24,9,38,0,0,69,0,69,0,5,93,9,107,161,12,173,280
08/22/2014,LAL,FL,ASO,ES,Federal Contract Tower,0,1,20,7,28,0,0,101,1,102,0,1,121,8,130,166,0,166,296
08/23/2014,LAL,FL,ASO,ES,Federal Contract Tower,0,5,19,0,24,0,0,109,0,109,0,5,128,0,133,108,0,108,241
08/24/2014,LAL,FL,ASO,ES,Federal Contract Tower,0,3,22,2,27,0,0,89,1,90,0,3,111,3,117,138,0,138,255
08/25/2014,LAL,FL,ASO,ES,Federal Contract Tower,1,1,17,11,30,0,0,70,10,80,1,1,87,21,110,116,12,128,238
08/26/2014,LAL,FL,ASO,ES,Federal Contract Tower,0,7,33,0,40,0,0,129,0,129,0,7,162,0,169,155,0,155,324
08/27/2014,LAL,FL,ASO,ES,Federal Contract Tower,0,3,33,0,36,0,0,133,0,133,0,3,166,0,169,187,0,187,356
08/28/2014,LAL,FL,ASO,ES,Federal Contract Tower,0,1,22,1,24,0,0,97,3,100,0,1,119,4,124,90,2,92,216
08/29/2014,LAL,FL,ASO,ES,Federal Contract Tower,0,0,20,0,20,0,0,74,0,74,0,0,94,0,94,102,0,102,196
08/30/2014,LAL,FL,ASO,ES,Federal Contract Tower,0,0,15,0,15,0,0,102,0,102,0,0,117,0,117,146,0,146,263
08/31/2014,LAL,FL,ASO,ES,Federal Contract Tower,0,0,22,0,22,0,0,82,0,82,0,0,104,0,104,126,0,126,230
09/01/2014,LAL,FL,ASO,ES,Federal Contract Tower,0,3,26,0,29,0,0,94,0,94,0,3,120,0,123,124,0,124,247
09/02/2014,LAL,FL,ASO,ES,Federal Contract Tower,0,3,22,0,25,0,0,104,0,104,0,3,126,0,129,112,0,112,241
09/03/2014,LAL,FL,ASO,ES,Federal Contract Tower,0,5,25,3,33,0,0,94,1,95,0,5,119,4,128,74,0,74,202
09/04/2014,LAL,FL,ASO,ES,Federal Contract Tower,0,3,22,4,29,0,0,63,1,64,0,3,85,5,93,64,24,88,181
09/05/2014,LAL,FL,ASO,ES,Federal Contract Tower,0,2,36,0,38,0,0,87,0,87,0,2,123,0,125,64,0,64,189
09/06/2014,LAL,FL,ASO,ES,Federal Contract Tower,0,2,35,0,37,0,0,84,0,84,0,2,119,0,121,96,0,96,217
09/07/2014,LAL,FL,ASO,ES,Federal Contract Tower,0,0,30,0,30,0,0,101,0,101,0,0,131,0,131,89,0,89,220
09/08/2014,LAL,FL,ASO,ES,Federal Contract Tower,0,0,18,2,20,0,0,55,0,55,0,0,73,2,75,70,0,70,145
09/09/2014,LAL,FL,ASO,ES,Federal Contract Tower,0,0,19,0,19,0,0,63,0,63,0,0,82,0,82,154,0,154,236
09/10/2014,LAL,FL,ASO,ES,Federal Contract Tower,0,0,36,0,36,0,0,101,0,101,0,0,137,0,137,133,0,133,270
09/11/2014,LAL,FL,ASO,ES,Federal Contract Tower,0,6,32,4,42,0,0,94,0,94,0,6,126,4,136,175,10,185,321
09/12/2014,LAL,FL,ASO,ES,Federal Contract Tower,0,1,39,2,42,0,0,67,4,71,0,1,106,6,113,103,6,109,222
09/13/2014,LAL,FL,ASO,ES,Federal Contract Tower,0,0,39,2,41,0,0,140,0,140,0,0,179,2,181,136,0,136,317
09/14/2014,LAL,FL,ASO,ES,Federal Contract Tower,0,2,40,9,51,0,0,94,0,94,0,2,134,9,145,82,0,82,227
09/15/2014,LAL,FL,ASO,ES,Federal Contract Tower,1,0,33,0,34,0,0,110,0,110,1,0,143,0,144,164,0,164,308
09/16/2014,LAL,FL,ASO,ES,Federal Contract Tower,0,3,29,0,32,0,0,56,0,56,0,3,85,0,88,58,0,58,146
09/17/2014,LAL,FL,ASO,ES,Federal Contract Tower,0,0,35,0,35,0,0,14,0,14,0,0,49,0,49,44,0,44,93
09/18/2014,LAL,FL,ASO,ES,Federal Contract Tower,0,1,20,0,21,0,0,89,0,89,0,1,109,0,110,107,0,107,217
09/19/2014,LAL,FL,ASO,ES,Federal Contract Tower,0,1,28,0,29,0,0,47,0,47,0,1,75,0,76,64,0,64,140
09/20/2014,LAL,FL,ASO,ES,Federal Contract Tower,0,1,35,0,36,0,0,18,0,18,0,1,53,0,54,36,0,36,90
09/21/2014,LAL,FL,ASO,ES,Federal Contract Tower,0,1,22,0,23,0,0,97,0,97,0,1,119,0,120,110,0,110,230
09/22/2014,LAL,FL,ASO,ES,Federal Contract Tower,0,4,27,0,31,0,0,80,0,80,0,4,107,0,111,153,0,153,264
09/23/2014,LAL,FL,ASO,ES,Federal Contract Tower,0,4,26,6,36,0,0,89,0,89,0,4,115,6,125,198,0,198,323
09/24/2014,LAL,FL,ASO,ES,Federal Contract Tower,0,4,60,6,70,0,0,75,1,76,0,4,135,7,146,158,4,162,308
09/25/2014,LAL,FL,ASO,ES,Federal Contract Tower,0,4,53,0,57,0,0,33,0,33,0,4,86,0,90,154,0,154,244
09/26/2014,LAL,FL,ASO,ES,Federal Contract Tower,0,3,36,15,54,0,0,45,0,45,0,3,81,15,99,131,0,131,230
09/27/2014,LAL,FL,ASO,ES,Federal Contract Tower,0,0,30,0,30,0,0,120,0,120,0,0,150,0,150,208,0,208,358
09/28/2014,LAL,FL,ASO,ES,Federal Contract Tower,0,6,32,1,39,0,0,67,0,67,0,6,99,1,106,183,0,183,289
09/29/2014,LAL,FL,ASO,ES,Federal Contract Tower,0,1,16,0,17,0,0,88,0,88,0,1,104,0,105,121,0,121,226
09/30/2014,LAL,FL,ASO,ES,Federal Contract Tower,2,0,32,6,40,0,0,54,0,54,2,0,86,6,94,160,0,160,254
10/01/2014,LAL,FL,ASO,ES,Federal Contract Tower,0,2,49,0,51,0,0,62,0,62,0,2,111,0,113,96,0,96,209
10/02/2014,LAL,FL,ASO,ES,Federal Contract Tower,0,3,26,1,30,0,0,111,1,112,0,3,137,2,142,186,0,186,328
10/03/2014,LAL,FL,ASO,ES,Federal Contract Tower,0,4,27,4,35,0,0,121,0,121,0,4,148,4,156,126,0,126,282
10/04/2014,LAL,FL,ASO,ES,Federal Contract Tower,0,4,9,0,13,0,0,65,0,65,0,4,74,0,78,114,0,114,192
10/05/2014,LAL,FL,ASO,ES,Federal Contract Tower,0,1,60,0,61,0,0,145,0,145,0,1,205,0,206,172,0,172,378
10/06/2014,LAL,FL,ASO,ES,Federal Contract Tower,0,1,40,0,41,0,0,130,3,133,0,1,170,3,174,185,20,205,379
10/07/2014,LAL,FL,ASO,ES,Federal Contract Tower,0,5,34,5,44,0,0,105,2,107,0,5,139,7,151,128,4,132,283
10/08/2014,LAL,FL,ASO,ES,Federal Contract Tower,0,5,36,4,45,0,0,114,0,114,0,5,150,4,159,104,14,118,277
10/09/2014,LAL,FL,ASO,ES,Federal Contract Tower,0,6,42,0,48,0,0,118,0,118,0,6,160,0,166,106,0,106,272
10/10/2014,LAL,FL,ASO,ES,Federal Contract Tower,0,7,35,1,43,0,0,128,0,128,0,7,163,1,171,90,6,96,267
10/11/2014,LAL,FL,ASO,ES,Federal Contract Tower,0,3,24,4,31,0,0,87,0,87,0,3,111,4,118,66,0,66,184
10/12/2014,LAL,FL,ASO,ES,Federal Contract Tower,0,8,27,0,35,0,0,110,0,110,0,8,137,0,145,87,0,87,232
10/13/2014,LAL,FL,ASO,ES,Federal Contract Tower,0,0,31,1,32,0,0,112,0,112,0,0,143,1,144,125,0,125,269
10/14/2014,LAL,FL,ASO,ES,Federal Contract Tower,0,5,15,0,20,0,0,27,0,27,0,5,42,0,47,27,0,27,74
10/15/2014,LAL,FL,ASO,ES,Federal Contract Tower,0,0,48,0,48,0,0,82,0,82,0,0,130,0,130,175,0,175,305
10/16/2014,LAL,FL,ASO,ES,Federal Contract Tower,0,9,48,2,59,0,2,155,0,157,0,11,203,2,216,160,10,170,386
10/17/2014,LAL,FL,ASO,ES,Federal Contract Tower,0,2,42,9,53,0,0,123,3,126,0,2,165,12,179,200,0,200,379
10/18/2014,LAL,FL,ASO,ES,Federal Contract Tower,0,0,44,2,46,0,0,140,2,142,0,0,184,4,188,158,0,158,346
10/19/2014,LAL,FL,ASO,ES,Federal Contract Tower,0,4,27,0,31,0,0,109,0,109,0,4,136,0,140,144,0,144,284
10/20/2014,LAL,FL,ASO,ES,Federal Contract Tower,0,3,25,0,28,0,0,126,0,126,0,3,151,0,154,239,0,239,393
10/21/2014,LAL,FL,ASO,ES,Federal Contract Tower,0,5,26,0,31,0,0,110,0,110,0,5,136,0,141,201,0,201,342
10/22/2014,LAL,FL,ASO,ES,Federal Contract Tower,0,9,36,2,47,0,0,128,0,128,0,9,164,2,175,199,0,199,374
10/23/2014,LAL,FL,ASO,ES,Federal Contract Tower,1,4,37,2,44,0,0,125,0,125,1,4,162,2,169,170,2,172,341
10/24/2014,LAL,FL,ASO,ES,Federal Contract Tower,0,1,39,1,41,0,0,123,3,126,0,1,162,4,167,190,0,190,357
10/25/2014,LAL,FL,ASO,ES,Federal Contract Tower,0,0,17,0,17,0,0,311,0,311,0,0,328,0,328,156,0,156,484
10/26/2014,LAL,FL,ASO,ES,Federal Contract Tower,0,5,14,0,19,0,0,124,0,124,0,5,138,0,143,141,0,141,284
10/27/2014,LAL,FL,ASO,ES,Federal Contract Tower,0,2,39,2,43,0,0,111,0,111,0,2,150,2,154,198,0,198,352
10/28/2014,LAL,FL,ASO,ES,Federal Contract Tower,0,8,31,0,39,0,0,144,0,144,0,8,175,0,183,226,0,226,409
10/29/2014,LAL,FL,ASO,ES,Federal Contract Tower,0,4,35,0,39,0,0,152,0,152,0,4,187,0,191,292,0,292,483
10/30/2014,LAL,FL,ASO,ES,Federal Contract Tower,0,5,45,2,52,0,0,104,0,104,0,5,149,2,156,194,2,196,352
10/31/2014,LAL,FL,ASO,ES,Federal Contract Tower,0,4,34,0,38,0,0,127,0,127,0,4,161,0,165,136,0,136,301
11/01/2014,LAL,FL,ASO,ES,Federal Contract Tower,0,3,12,0,15,0,0,38,0,38,0,3,50,0,53,46,0,46,99
11/02/2014,LAL,FL,ASO,ES,Federal Contract Tower,0,1,23,0,24,0,0,123,0,123,0,1,146,0,147,126,0,126,273
11/03/2014,LAL,FL,ASO,ES,Federal Contract Tower,0,4,29,1,34,0,0,114,1,115,0,4,143,2,149,238,0,238,387
11/04/2014,LAL,FL,ASO,ES,Federal Contract Tower,1,2,29,9,41,0,0,133,4,137,1,2,162,13,178,141,36,177,355
11/05/2014,LAL,FL,ASO,ES,Federal Contract Tower,0,7,46,2,55,0,0,125,0,125,0,7,171,2,180,176,0,176,356
11/06/2014,LAL,FL,ASO,ES,Federal Contract Tower,0,4,47,6,57,0,0,114,0,114,0,4,161,6,171,136,0,136,307
11/07/2014,LAL,FL,ASO,ES,Federal Contract Tower,0,5,30,4,39,0,0,154,0,154,0,5,184,4,193,175,4,179,372
11/08/2014,LAL,FL,ASO,ES,Federal Contract Tower,0,1,9,0,10,0,0,214,0,214,0,1,223,0,224,84,6,90,314
11/09/2014,LAL,FL,ASO,ES,Federal Contract Tower,0,3,43,0,46,0,0,41,0,41,0,3,84,0,87,142,0,142,229
11/10/2014,LAL,FL,ASO,ES,Federal Contract Tower,0,1,28,0,29,0,0,136,0,136,0,1,164,0,165,300,0,300,465
11/11/2014,LAL,FL,ASO,ES,Federal Contract Tower,0,6,36,0,42,0,0,145,0,145,0,6,181,0,187,162,0,162,349
11/12/2014,LAL,FL,ASO,ES,Federal Contract Tower,0,2,17,2,21,0,0,150,0,150,0,2,167,2,171,262,0,262,433
11/13/2014,LAL,FL,ASO,ES,Federal Contract Tower,0,10,31,2,43,0,4,157,2,163,0,14,188,4,206,254,0,254,460
11/14/2014,LAL,FL,ASO,ES,Federal Contract Tower,0,5,43,2,50,0,0,61,2,63,0,5,104,4,113,114,0,114,227
11/15/2014,LAL,FL,ASO,ES,Federal Contract Tower,0,0,43,0,43,0,0,202,0,202,0,0,245,0,245,217,0,217,462
11/16/2014,LAL,FL,ASO,ES,Federal Contract Tower,0,0,28,0,28,0,0,127,0,127,0,0,155,0,155,91,0,91,246
11/17/2014,LAL,FL,ASO,ES,Federal Contract Tower,0,6,27,0,33,0,0,38,0,38,0,6,65,0,71,38,0,38,109
11/18/2014,LAL,FL,ASO,ES,Federal Contract Tower,0,5,34,0,39,0,0,72,0,72,0,5,106,0,111,181,0,181,292
11/19/2014,LAL,FL,ASO,ES,Federal Contract Tower,0,8,41,0,49,0,0,112,0,112,0,8,153,0,161,147,0,147,308
11/20/2014,LAL,FL,ASO,ES,Federal Contract Tower,0,4,42,0,46,0,0,149,0,149,0,4,191,0,195,232,0,232,427
11/21/2014,LAL,FL,ASO,ES,Federal Contract Tower,0,6,29,6,41,0,1,113,1,115,0,7,142,7,156,187,0,187,343
11/22/2014,LAL,FL,ASO,ES,Federal Contract Tower,0,3,67,1,71,0,0,28,0,28,0,3,95,1,99,124,0,124,223
11/23/2014,LAL,FL,ASO,ES,Federal Contract Tower,0,4,26,0,30,0,0,29,0,29,0,4,55,0,59,70,0,70,129
11/24/2014,LAL,FL,ASO,ES,Federal Contract Tower,0,3,48,12,63,0,0,83,2,85,0,3,131,14,148,146,4,150,298
11/25/2014,LAL,FL,ASO,ES,Federal Contract Tower,0,3,29,4,36,0,0,6,0,6,0,3,35,4,42,38,0,38,80
11/26/2014,LAL,FL,ASO,ES,Federal Contract Tower,0,3,17,0,20,0,0,43,0,43,0,3,60,0,63,54,0,54,117
11/27/2014,LAL,FL,ASO,ES,Federal Contract Tower,0,0,11,0,11,0,0,23,0,23,0,0,34,0,34,130,0,130,164
11/28/2014,LAL,FL,ASO,ES,Federal Contract Tower,0,3,28,0,31,0,0,103,0,103,0,3,131,0,134,258,0,258,392
11/29/2014,LAL,FL,ASO,ES,Federal Contract Tower,0,0,36,0,36,0,0,104,0,104,0,0,140,0,140,219,0,219,359
11/30/2014,LAL,FL,ASO,ES,Federal Contract Tower,0,3,24,0,27,0,0,141,0,141,0,3,165,0,168,206,0,206,374
12/01/2014,LAL,FL,ASO,ES,Federal Contract Tower,0,3,24,0,27,0,0,109,2,111,0,3,133,2,138,235,32,267,405
12/02/2014,LAL,FL,ASO,ES,Federal Contract Tower,5,3,62,0,70,0,0,88,0,88,5,3,150,0,158,196,0,196,354
12/03/2014,LAL,FL,ASO,ES,Federal Contract Tower,0,0,34,0,34,0,0,127,0,127,0,0,161,0,161,222,0,222,383
12/04/2014,LAL,FL,ASO,ES,Federal Contract Tower,0,4,38,1,43,0,0,119,1,120,0,4,157,2,163,222,32,254,417
12/05/2014,LAL,FL,ASO,ES,Federal Contract Tower,0,2,38,8,48,0,0,87,2,89,0,2,125,10,137,236,0,236,373
12/06/2014,LAL,FL,ASO,ES,Federal Contract Tower,0,1,30,0,31,0,0,167,0,167,0,1,197,0,198,212,0,212,410
12/07/2014,LAL,FL,ASO,ES,Federal Contract Tower,0,4,33,2,39,0,0,50,0,50,0,4,83,2,89,128,0,128,217
12/08/2014,LAL,FL,ASO,ES,Federal Contract Tower,0,1,25,0,26,0,0,0,0,0,0,1,25,0,26,0,0,0,26
12/09/2014,LAL,FL,ASO,ES,Federal Contract Tower,0,1,61,0,62,0,0,92,2,94,0,1,153,2,156,196,12,208,364
12/10/2014,LAL,FL,ASO,ES,Federal Contract Tower,0,3,36,0,39,0,0,165,0,165,0,3,201,0,204,234,0,234,438
12/11/2014,LAL,FL,ASO,ES,Federal Contract Tower,0,4,42,0,46,0,0,140,0,140,0,4,182,0,186,194,0,194,380
12/12/2014,LAL,FL,ASO,ES,Federal Contract Tower,0,1,29,8,38,0,0,138,1,139,0,1,167,9,177,182,6,188,365
12/13/2014,LAL,FL,ASO,ES,Federal Contract Tower,0,0,41,2,43,0,0,145,0,145,0,0,186,2,188,274,0,274,462
12/14/2014,LAL,FL,ASO,ES,Federal Contract Tower,0,4,27,5,36,0,0,137,4,141,0,4,164,9,177,148,8,156,333
12/15/2014,LAL,FL,ASO,ES,Federal Contract Tower,0,4,24,2,30,0,0,109,2,111,0,4,133,4,141,163,6,169,310
12/16/2014,LAL,FL,ASO,ES,Federal Contract Tower,0,9,39,0,48,0,0,85,0,85,0,9,124,0,133,160,0,160,293
12/17/2014,LAL,FL,ASO,ES,Federal Contract Tower,0,4,43,0,47,0,0,150,0,150,0,4,193,0,197,200,0,200,397
12/18/2014,LAL,FL,ASO,ES,Federal Contract Tower,0,5,53,3,61,0,0,177,0,177,0,5,230,3,238,122,2,124,362
12/19/2014,LAL,FL,ASO,ES,Federal Contract Tower,0,5,43,4,52,0,0,93,0,93,0,5,136,4,145,246,5,251,396
12/20/2014,LAL,FL,ASO,ES,Federal Contract Tower,0,1,35,0,36,0,0,161,0,161,0,1,196,0,197,154,0,154,351
12/21/2014,LAL,FL,ASO,ES,Federal Contract Tower,0,6,26,4,36,0,0,100,0,100,0,6,126,4,136,162,0,162,298
12/22/2014,LAL,FL,ASO,ES,Federal Contract Tower,0,7,38,2,47,0,0,88,0,88,0,7,126,2,135,160,0,160,295
12/23/2014,LAL,FL,ASO,ES,Federal Contract Tower,0,3,38,0,41,0,0,39,0,39,0,3,77,0,80,144,0,144,224
12/24/2014,LAL,FL,ASO,ES,Federal Contract Tower,0,4,15,0,19,0,0,16,0,16,0,4,31,0,35,0,0,0,35
12/25/2014,LAL,FL,ASO,ES,Federal Contract Tower,0,0,11,0,11,0,0,37,0,37,0,0,48,0,48,78,0,78,126
12/26/2014,LAL,FL,ASO,ES,Federal Contract Tower,0,5,27,0,32,0,0,85,0,85,0,5,112,0,117,107,0,107,224
12/27/2014,LAL,FL,ASO,ES,Federal Contract Tower,0,2,27,0,29,0,0,92,0,92,0,2,119,0,121,100,0,100,221
12/28/2014,LAL,FL,ASO,ES,Federal Contract Tower,0,1,17,0,18,0,0,84,0,84,0,1,101,0,102,78,0,78,180
12/29/2014,LAL,FL,ASO,ES,Federal Contract Tower,0,3,41,6,50,0,0,74,0,74,0,3,115,6,124,134,12,146,270
12/30/2014,LAL,FL,ASO,ES,Federal Contract Tower,0,4,39,0,43,0,0,0,0,0,0,4,39,0,43,0,0,0,43
12/31/2014,LAL,FL,ASO,ES,Federal Contract Tower,0,2,46,0,48,0,0,1,0,1,0,2,47,0,49,0,0,0,49
01/01/2015,LAL,FL,ASO,ES,Federal Contract Tower,0,2,14,0,16,0,0,18,0,18,0,2,32,0,34,42,0,42,76
01/02/2015,LAL,FL,ASO,ES,Federal Contract Tower,0,2,29,0,31,0,0,31,0,31,0,2,60,0,62,70,0,70,132
01/03/2015,LAL,FL,ASO,ES,Federal Contract Tower,0,0,32,0,32,0,0,73,0,73,0,0,105,0,105,72,0,72,177
01/04/2015,LAL,FL,ASO,ES,Federal Contract Tower,0,0,46,0,46,0,0,57,0,57,0,0,103,0,103,88,0,88,191
01/05/2015,LAL,FL,ASO,ES,Federal Contract Tower,0,4,48,0,52,0,0,74,0,74,0,4,122,0,126,120,0,120,246
01/06/2015,LAL,FL,ASO,ES,Federal Contract Tower,0,6,36,2,44,0,0,113,0,113,0,6,149,2,157,140,0,140,297
01/07/2015,LAL,FL,ASO,ES,Federal Contract Tower,0,3,36,5,44,0,0,133,0,133,0,3,169,5,177,167,0,167,344
01/08/2015,LAL,FL,ASO,ES,Federal Contract Tower,0,5,42,2,49,0,0,81,0,81,0,5,123,2,130,134,0,134,264
01/09/2015,LAL,FL,ASO,ES,Federal Contract Tower,0,0,69,4,73,0,0,70,2,72,0,0,139,6,145,106,0,106,251
01/10/2015,LAL,FL,ASO,ES,Federal Contract Tower,0,1,39,0,40,0,0,165,0,165,0,1,204,0,205,161,0,161,366
01/11/2015,LAL,FL,ASO,ES,Federal Contract Tower,0,0,48,6,54,0,0,96,2,98,0,0,144,8,152,156,4,160,312
01/12/2015,LAL,FL,ASO,ES,Federal Contract Tower,1,2,19,0,22,0,0,14,0,14,1,2,33,0,36,20,0,20,56
01/13/2015,LAL,FL,ASO,ES,Federal Contract Tower,0,5,66,0,71,0,0,86,0,86,0,5,152,0,157,334,0,334,491
01/14/2015,LAL,FL,ASO,ES,Federal Contract Tower,0,8,57,0,65,0,0,51,0,51,0,8,108,0,116,145,0,145,261
01/15/2015,LAL,FL,ASO,ES,Federal Contract Tower,0,5,60,0,65,0,0,0,0,0,0,5,60,0,65,0,0,0,65
01/16/2015,LAL,FL,ASO,ES,Federal Contract Tower,0,2,29,0,31,0,0,111,0,111,0,2,140,0,142,170,0,170,312
01/17/2015,LAL,FL,ASO,ES,Federal Contract Tower,0,1,25,0,26,0,0,158,0,158,0,1,183,0,184,220,0,220,404
01/18/2015,LAL,FL,ASO,ES,Federal Contract Tower,0,0,26,0,26,0,0,108,0,108,0,0,134,0,134,194,0,194,328
01/19/2015,LAL,FL,ASO,ES,Federal Contract Tower,0,3,32,0,35,0,0,143,0,143,0,3,175,0,178,179,0,179,357
01/20/2015,LAL,FL,ASO,ES,Federal Contract Tower,0,0,35,0,35,0,0,118,0,118,0,0,153,0,153,130,0,130,283
01/21/2015,LAL,FL,ASO,ES,Federal Contract Tower,0,5,50,2,57,0,0,128,0,128,0,5,178,2,185,281,0,281,466
01/22/2015,LAL,FL,ASO,ES,Federal Contract Tower,0,4,33,0,37,0,0,97,0,97,0,4,130,0,134,38,0,38,172
01/23/2015,LAL,FL,ASO,ES,Federal Contract Tower,0,5,37,2,44,0,0,60,0,60,0,5,97,2,104,28,0,28,132
01/24/2015,LAL,FL,ASO,ES,Federal Contract Tower,0,2,18,2,22,0,0,19,0,19,0,2,37,2,41,16,0,16,57
01/25/2015,LAL,FL,ASO,ES,Federal Contract Tower,0,5,38,0,43,0,0,111,0,111,0,5,149,0,154,158,0,158,312
01/26/2015,LAL,FL,ASO,ES,Federal Contract Tower,1,2,28,0,31,0,0,39,2,41,1,2,67,2,72,46,0,46,118
01/27/2015,LAL,FL,ASO,ES,Federal Contract Tower,0,3,33,4,40,0,0,96,0,96,0,3,129,4,136,140,0,140,276
01/28/2015,LAL,FL,ASO,ES,Federal Contract Tower,0,1,47,0,48,0,0,140,0,140,0,1,187,0,188,182,0,182,370
01/29/2015,LAL,FL,ASO,ES,Federal Contract Tower,0,0,47,0,47,0,0,163,0,163,0,0,210,0,210,171,0,171,381
01/30/2015,LAL,FL,ASO,ES,Federal Contract Tower,0,1,49,2,52,0,0,154,0,154,0,1,203,2,206,212,22,234,440
01/31/2015,LAL,FL,ASO,ES,Federal Contract Tower,0,2,40,8,50,0,0,180,0,180,0,2,220,8,230,154,0,154,384
02/01/2015,LAL,FL,ASO,ES,Federal Contract Tower,0,0,43,1,44,0,0,128,0,128,0,0,171,1,172,74,6,80,252
02/02/2015,LAL,FL,ASO,ES,Federal Contract Tower,0,2,25,2,29,0,0,39,0,39,0,2,64,2,68,42,0,42,110
02/03/2015,LAL,FL,ASO,ES,Federal Contract Tower,0,4,23,1,28,0,0,109,2,111,0,4,132,3,139,87,0,87,226
02/04/2015,LAL,FL,ASO,ES,Federal Contract Tower,0,6,38,7,51,0,0,99,0,99,0,6,137,7,150,148,0,148,298
02/05/2015,LAL,FL,ASO,ES,Federal Contract Tower,0,3,37,0,40,0,0,17,0,17,0,3,54,0,57,50,0,50,107
02/06/2015,LAL,FL,ASO,ES,Federal Contract Tower,0,1,23,2,26,0,0,136,0,136,0,1,159,2,162,160,0,160,322
02/07/2015,LAL,FL,ASO,ES,Federal Contract Tower,0,1,27,0,28,0,0,162,2,164,0,1,189,2,192,104,16,120,312
02/08/2015,LAL,FL,ASO,ES,Federal Contract Tower,0,5,48,0,53,0,0,142,0,142,0,5,190,0,195,82,0,82,277
02/09/2015,LAL,FL,ASO,ES,Federal Contract Tower,0,3,28,0,31,0,0,23,0,23,0,3,51,0,54,42,0,42,96
02/10/2015,LAL,FL,ASO,ES,Federal Contract Tower,0,5,33,6,44,0,0,47,2,49,0,5,80,8,93,94,10,104,197
02/11/2015,LAL,FL,ASO,ES,Federal Contract Tower,0,5,43,14,62,0,0,139,0,139,0,5,182,14,201,126,10,136,337
02/12/2015,LAL,FL,ASO,ES,Federal Contract Tower,0,8,29,2,39,0,0,119,2,121,0,8,148,4,160,120,0,120,280
02/13/2015,LAL,FL,ASO,ES,Federal Contract Tower,0,8,37,0,45,0,0,133,0,133,0,8,170,0,178,196,0,196,374
02/14/2015,LAL,FL,ASO,ES,Federal Contract Tower,0,4,16,0,20,0,0,136,0,136,0,4,152,0,156,102,0,102,258
02/15/2015,LAL,FL,ASO,ES,Federal Contract Tower,0,1,40,2,43,0,0,99,0,99,0,1,139,2,142,94,0,94,236
02/16/2015,LAL,FL,ASO,ES,Federal Contract Tower,0,2,52,0,54,0,0,158,0,158,0,2,210,0,212,205,0,205,417
02/17/2015,LAL,FL,ASO,ES,Federal Contract Tower,0,0,46,0,46,0,0,59,0,59,0,0,105,0,105,84,0,84,189
02/18/2015,LAL,FL,ASO,ES,Federal Contract Tower,0,5,24,9,38,0,0,86,0,86,0,5,110,9,124,104,45,149,273
02/19/2015,LAL,FL,ASO,ES,Federal Contract Tower,0,3,26,4,33,0,0,54,2,56,0,3,80,6,89,105,0,105,194
02/20/2015,LAL,FL,ASO,ES,Federal Contract Tower,0,4,38,10,52,0,0,154,2,156,0,4,192,12,208,252,4,256,464
02/21/2015,LAL,FL,ASO,ES,Federal Contract Tower,0,5,39,2,46,0,0,167,0,167,0,5,206,2,213,162,0,162,375
02/22/2015,LAL,FL,ASO,ES,Federal Contract Tower,0,3,20,4,27,0,0,179,0,179,0,3,199,4,206,168,0,168,374
02/23/2015,LAL,FL,ASO,ES,Federal Contract Tower,0,0,30,2,32,0,0,106,9,115,0,0,136,11,147,130,44,174,321
02/24/2015,LAL,FL,ASO,ES,Federal Contract Tower,0,4,31,0,35,0,0,68,2,70,0,4,99,2,105,139,0,139,244
02/25/2015,LAL,FL,ASO,ES,Federal Contract Tower,0,7,53,4,64,0,0,36,0,36,0,7,89,4,100,62,0,62,162
02/26/2015,LAL,FL,ASO,ES,Federal Contract Tower,0,5,32,9,46,0,0,70,1,71,0,5,102,10,117,238,0,238,355
02/27/2015,LAL,FL,ASO,ES,Federal Contract Tower,0,2,99,1,102,0,0,65,0,65,0,2,164,1,167,141,0,141,308
02/28/2015,LAL,FL,ASO,ES,Federal Contract Tower,0,0,28,1,29,0,0,0,0,0,0,0,28,1,29,0,0,0,29
03/01/2015,LAL,FL,ASO,ES,Federal Contract Tower,1,4,115,2,122,0,0,86,0,86,1,4,201,2,208,166,0,166,374
03/02/2015,LAL,FL,ASO,ES,Federal Contract Tower,0,3,41,0,44,0,0,111,0,111,0,3,152,0,155,190,0,190,345
03/03/2015,LAL,FL,ASO,ES,Federal Contract Tower,0,0,65,0,65,0,0,155,2,157,0,0,220,2,222,189,0,189,411
03/04/2015,LAL,FL,ASO,ES,Federal Contract Tower,0,6,68,1,75,0,0,130,1,131,0,6,198,2,206,238,0,238,444
03/05/2015,LAL,FL,ASO,ES,Federal Contract Tower,0,3,52,0,55,0,0,132,2,134,0,3,184,2,189,262,0,262,451
03/06/2015,LAL,FL,ASO,ES,Federal Contract Tower,0,1,71,0,72,0,0,66,0,66,0,1,137,0,138,150,0,150,288
03/07/2015,LAL,FL,ASO,ES,Federal Contract Tower,0,6,62,0,68,0,0,67,0,67,0,6,129,0,135,66,4,70,205
03/08/2015,LAL,FL,ASO,ES,Federal Contract Tower,0,6,22,5,33,0,0,125,1,126,0,6,147,6,159,278,0,278,437
03/09/2015,LAL,FL,ASO,ES,Federal Contract Tower,0,2,69,0,71,0,0,156,0,156,0,2,225,0,227,289,0,289,516
03/10/2015,LAL,FL,ASO,ES,Federal Contract Tower,0,1,37,3,41,0,0,124,0,124,0,1,161,3,165,248,0,248,413
03/11/2015,LAL,FL,ASO,ES,Federal Contract Tower,0,9,44,6,59,0,0,112,0,112,0,9,156,6,171,126,2,128,299
03/12/2015,LAL,FL,ASO,ES,Federal Contract Tower,0,4,64,5,73,0,0,149,3,152,0,4,213,8,225,244,0,244,469
03/13/2015,LAL,FL,ASO,ES,Federal Contract Tower,0,3,46,4,53,0,0,114,0,114,0,3,160,4,167,228,0,228,395
03/14/2015,LAL,FL,ASO,ES,Federal Contract Tower,0,0,45,2,47,0,0,145,0,145,0,0,190,2,192,216,0,216,408
03/15/2015,LAL,FL,ASO,ES,Federal Contract Tower,0,1,36,0,37,0,0,88,1,89,0,1,124,1,126,84,0,84,210
03/16/2015,LAL,FL,ASO,ES,Federal Contract Tower,0,10,27,4,41,0,0,158,0,158,0,10,185,4,199,206,0,206,405
03/17/2015,LAL,FL,ASO,ES,Federal Contract Tower,0,8,40,2,50,0,0,144,0,144,0,8,184,2,194,176,0,176,370
03/18/2015,LAL,FL,ASO,ES,Federal Contract Tower,0,0,35,0,35,0,0,164,0,164,0,0,199,0,199,218,0,218,417
03/19/2015,LAL,FL,ASO,ES,Federal Contract Tower,0,3,61,0,64,0,0,133,0,133,0,3,194,0,197,200,0,200,397
03/20/2015,LAL,FL,ASO,ES,Federal Contract Tower,0,12,39,14,65,0,0,94,1,95,0,12,133,15,160,185,0,185,345
03/21/2015,LAL,FL,ASO,ES,Federal Contract Tower,0,3,51,0,54,0,0,164,0,164,0,3,215,0,218,246,0,246,464
03/22/2015,LAL,FL,ASO,ES,Federal Contract Tower,0,2,42,6,50,0,0,85,0,85,0,2,127,6,135,140,0,140,275
03/23/2015,LAL,FL,ASO,ES,Federal Contract Tower,0,12,20,0,32,0,4,38,4,46,0,16,58,4,78,114,0,114,192
03/24/2015,LAL,FL,ASO,ES,Federal Contract Tower,0,5,73,9,87,0,0,108,6,114,0,5,181,15,201,152,0,152,353
03/25/2015,LAL,FL,ASO,ES,Federal Contract Tower,0,4,38,16,58,0,0,104,4,108,0,4,142,20,166,156,0,156,322
03/26/2015,LAL,FL,ASO,ES,Federal Contract Tower,0,3,45,0,48,0,0,97,6,103,0,3,142,6,151,126,0,126,277
03/27/2015,LAL,FL,ASO,ES,Federal Contract Tower,0,1,18,8,27,0,0,51,0,51,0,1,69,8,78,51,0,51,129
03/28/2015,LAL,FL,ASO,ES,Federal Contract Tower,0,5,38,1,44,0,0,113,1,114,0,5,151,2,158,164,4,168,326
03/29/2015,LAL,FL,ASO,ES,Federal Contract Tower,0,5,56,1,62,0,0,189,0,189,0,5,245,1,251,132,0,132,383
03/30/2015,LAL,FL,ASO,ES,Federal Contract Tower,0,0,30,2,32,0,0,152,0,152,0,0,182,2,184,254,0,254,438
03/31/2015,LAL,FL,ASO,ES,Federal Contract Tower,0,3,57,6,66,0,0,164,2,166,0,3,221,8,232,270,1,271,503
04/01/2015,LAL,FL,ASO,ES,Federal Contract Tower,0,1,41,12,54,0,0,133,2,135,0,1,174,14,189,291,0,291,480
04/02/2015,LAL,FL,ASO,ES,Federal Contract Tower,0,3,38,7,48,0,0,145,0,145,0,3,183,7,193,238,0,238,431
04/03/2015,LAL,FL,ASO,ES,Federal Contract Tower,0,7,33,0,40,0,0,165,0,165,0,7,198,0,205,240,0,240,445
04/04/2015,LAL,FL,ASO,ES,Federal Contract Tower,0,2,43,0,45,0,0,175,0,175,0,2,218,0,220,156,0,156,376
04/05/2015,LAL,FL,ASO,ES,Federal Contract Tower,0,9,15,0,24,0,0,73,0,73,0,9,88,0,97,284,0,284,381
04/06/2015,LAL,FL,ASO,ES,Federal Contract Tower,0,7,28,8,43,0,0,96,2,98,0,7,124,10,141,390,0,390,531
04/07/2015,LAL,FL,ASO,ES,Federal Contract Tower,0,4,44,0,48,0,0,141,0,141,0,4,185,0,189,214,0,214,403
04/08/2015,LAL,FL,ASO,ES,Federal Contract Tower,1,9,32,6,48,0,0,144,2,146,1,9,176,8,194,328,0,328,522
04/09/2015,LAL,FL,ASO,ES,Federal Contract Tower,0,0,37,2,39,0,0,136,0,136,0,0,173,2,175,336,0,336,511
04/10/2015,LAL,FL,ASO,ES,Federal Contract Tower,1,3,54,9,67,0,0,145,1,146,1,3,199,10,213,232,0,232,445
04/11/2015,LAL,FL,ASO,ES,Federal Contract Tower,0,2,23,0,25,0,0,122,0,122,0,2,145,0,147,166,0,166,313
04/12/2015,LAL,FL,ASO,ES,Federal Contract Tower,0,2,29,0,31,0,0,51,0,51,0,2,80,0,82,88,0,88,170
04/13/2015,LAL,FL,ASO,ES,Federal Contract Tower,0,5,53,0,58,0,0,89,0,89,0,5,142,0,147,84,0,84,231
04/14/2015,LAL,FL,ASO,ES,Federal Contract Tower,0,6,41,2,49,0,0,112,0,112,0,6,153,2,161,148,0,148,309
04/15/2015,LAL,FL,ASO,ES,Federal Contract Tower,0,0,39,2,41,0,0,147,0,147,0,0,186,2,188,250,0,250,438
04/16/2015,LAL,FL,ASO,ES,Federal Contract Tower,0,3,61,0,64,0,0,54,0,54,0,3,115,0,118,105,0,105,223
04/17/2015,LAL,FL,ASO,ES,Federal Contract Tower,1,5,51,4,61,0,0,101,0,101,1,5,152,4,162,262,0,262,424
04/18/2015,LAL,FL,ASO,ES,Federal Contract Tower,0,2,31,0,33,0,0,171,0,171,0,2,202,0,204,138,0,138,342
04/19/2015,LAL,FL,ASO,ES,Federal Contract Tower,0,4,34,2,40,0,0,132,4,136,0,4,166,6,176,6,2,8,184
04/20/2015,LAL,FL,ASO,ES,Federal Contract Tower,0,0,49,0,49,0,0,510,0,510,0,0,559,0,559,0,0,0,559
04/21/2015,LAL,FL,ASO,ES,Federal Contract Tower,0,0,0,0,0,0,0,927,0,927,0,0,927,0,927,0,0,0,927
04/22/2015,LAL,FL,ASO,ES,Federal Contract Tower,0,0,0,0,0,0,0,1071,0,1071,0,0,1071,0,1071,0,0,0,1071
04/23/2015,LAL,FL,ASO,ES,Federal Contract Tower,0,0,0,0,0,0,0,836,0,836,0,0,836,0,836,0,0,0,836
04/24/2015,LAL,FL,ASO,ES,Federal Contract Tower,0,0,14,0,14,0,0,1247,0,1247,0,0,1261,0,1261,0,0,0,1261
04/25/2015,LAL,FL,ASO,ES,Federal Contract Tower,0,0,0,0,0,0,0,928,0,928,0,0,928,0,928,0,0,0,928
04/26/2015,LAL,FL,ASO,ES,Federal Contract Tower,0,1,2,1,4,0,0,689,0,689,0,1,691,1,693,0,0,0,693
04/27/2015,LAL,FL,ASO,ES,Federal Contract Tower,1,1,30,13,45,0,0,193,0,193,1,1,223,13,238,185,0,185,423
04/28/2015,LAL,FL,ASO,ES,Federal Contract Tower,0,4,10,0,14,0,0,46,0,46,0,4,56,0,60,76,0,76,136
04/29/2015,LAL,FL,ASO,ES,Federal Contract Tower,0,1,37,4,42,0,0,84,0,84,0,1,121,4,126,126,0,126,252
04/30/2015,LAL,FL,ASO,ES,Federal Contract Tower,0,14,31,10,55,0,0,115,0,115,0,14,146,10,170,140,0,140,310
05/01/2015,LAL,FL,ASO,ES,Federal Contract Tower,1,2,46,0,49,0,0,168,0,168,1,2,214,0,217,302,0,302,519
05/02/2015,LAL,FL,ASO,ES,Federal Contract Tower,1,0,52,0,53,0,0,168,0,168,1,0,220,0,221,124,0,124,345
05/03/2015,LAL,FL,ASO,ES,Federal Contract Tower,0,1,28,0,29,0,0,100,0,100,0,1,128,0,129,144,0,144,273
05/04/2015,LAL,FL,ASO,ES,Federal Contract Tower,0,4,53,0,57,0,0,111,4,115,0,4,164,4,172,191,0,191,363
05/05/2015,LAL,FL,ASO,ES,Federal Contract Tower,0,0,34,0,34,0,0,118,0,118,0,0,152,0,152,158,0,158,310
05/06/2015,LAL,FL,ASO,ES,Federal Contract Tower,0,3,61,3,67,0,0,107,0,107,0,3,168,3,174,186,5,191,365
05/07/2015,LAL,FL,ASO,ES,Federal Contract Tower,0,0,54,6,60,0,0,201,1,202,0,0,255,7,262,180,10,190,452
05/08/2015,LAL,FL,ASO,ES,Federal Contract Tower,0,0,23,10,33,0,0,138,1,139,0,0,161,11,172,168,15,183,355
05/09/2015,LAL,FL,ASO,ES,Federal Contract Tower,0,3,25,0,28,0,0,155,0,155,0,3,180,0,183,226,0,226,409
05/10/2015,LAL,FL,ASO,ES,Federal Contract Tower,0,0,15,0,15,0,0,103,0,103,0,0,118,0,118,184,0,184,302
05/11/2015,LAL,FL,ASO,ES,Federal Contract Tower,0,1,29,4,34,0,0,119,0,119,0,1,148,4,153,186,0,186,339
05/12/2015,LAL,FL,ASO,ES,Federal Contract Tower,0,9,48,2,59,0,0,125,0,125,0,9,173,2,184,160,0,160,344
05/13/2015,LAL,FL,ASO,ES,Federal Contract Tower,0,1,52,6,59,0,0,109,0,109,0,1,161,6,168,194,0,194,362
05/14/2015,LAL,FL,ASO,ES,Federal Contract Tower,1,0,50,5,56,0,0,117,0,117,1,0,167,5,173,139,6,145,318
05/15/2015,LAL,FL,ASO,ES,Federal Contract Tower,0,7,39,0,46,0,0,99,0,99,0,7,138,0,145,176,0,176,321
05/16/2015,LAL,FL,ASO,ES,Federal Contract Tower,0,0,29,0,29,0,0,117,0,117,0,0,146,0,146,152,0,152,298
05/17/2015,LAL,FL,ASO,ES,Federal Contract Tower,0,1,19,2,22,0,0,67,0,67,0,1,86,2,89,104,0,104,193
05/18/2015,LAL,FL,ASO,ES,Federal Contract Tower,0,0,42,4,46,0,0,114,0,114,0,0,156,4,160,154,16,170,330
05/19/2015,LAL,FL,ASO,ES,Federal Contract Tower,2,4,27,1,34,0,0,96,0,96,2,4,123,1,130,208,0,208,338
05/20/2015,LAL,FL,ASO,ES,Federal Contract Tower,0,1,34,6,41,0,0,104,0,104,0,1,138,6,145,189,30,219,364
05/21/2015,LAL,FL,ASO,ES,Federal Contract Tower,0,7,49,0,56,0,0,133,2,135,0,7,182,2,191,216,2,218,409
05/22/2015,LAL,FL,ASO,ES,Federal Contract Tower,0,1,32,2,35,0,0,102,0,102,0,1,134,2,137,178,0,178,315
05/23/2015,LAL,FL,ASO,ES,Federal Contract Tower,1,3,34,0,38,0,0,111,0,111,1,3,145,0,149,124,0,124,273
05/24/2015,LAL,FL,ASO,ES,Federal Contract Tower,0,2,19,0,21,0,0,64,0,64,0,2,83,0,85,84,0,84,169
05/25/2015,LAL,FL,ASO,ES,Federal Contract Tower,0,0,30,0,30,0,0,101,0,101,0,0,131,0,131,134,0,134,265
05/26/2015,LAL,FL,ASO,ES,Federal Contract Tower,0,2,43,0,45,0,0,92,0,92,0,2,135,0,137,112,0,112,249
05/27/2015,LAL,FL,ASO,ES,Federal Contract Tower,0,7,35,2,44,0,0,115,0,115,0,7,150,2,159,210,0,210,369
05/28/2015,LAL,FL,ASO,ES,Federal Contract Tower,0,0,43,0,43,0,0,118,0,118,0,0,161,0,161,174,0,174,335
05/29/2015,LAL,FL,ASO,ES,Federal Contract Tower,0,2,53,3,58,0,0,131,4,135,0,2,184,7,193,112,12,124,317
05/30/2015,LAL,FL,ASO,ES,Federal Contract Tower,0,1,34,0,35,0,0,99,0,99,0,1,133,0,134,274,0,274,408
05/31/2015,LAL,FL,ASO,ES,Federal Contract Tower,0,0,35,0,35,0,0,76,0,76,0,0,111,0,111,124,0,124,235
06/01/2015,LAL,FL,ASO,ES,Federal Contract Tower,0,0,26,0,26,0,0,77,0,77,0,0,103,0,103,104,0,104,207
06/02/2015,LAL,FL,ASO,ES,Federal Contract Tower,0,2,35,0,37,0,0,65,0,65,0,2,100,0,102,172,0,172,274
06/03/2015,LAL,FL,ASO,ES,Federal Contract Tower,1,6,46,0,53,0,0,96,0,96,1,6,142,0,149,243,0,243,392
06/04/2015,LAL,FL,ASO,ES,Federal Contract Tower,0,4,49,14,67,0,0,132,2,134,0,4,181,16,201,180,52,232,433
06/05/2015,LAL,FL,ASO,ES,Federal Contract Tower,0,0,30,9,39,0,0,68,0,68,0,0,98,9,107,210,0,210,317
06/06/2015,LAL,FL,ASO,ES,Federal Contract Tower,0,5,45,8,58,0,0,94,0,94,0,5,139,8,152,169,0,169,321
06/07/2015,LAL,FL,ASO,ES,Federal Contract Tower,0,2,32,0,34,0,0,64,0,64,0,2,96,0,98,100,0,100,198
06/08/2015,LAL,FL,ASO,ES,Federal Contract Tower,0,2,27,9,38,0,0,104,2,106,0,2,131,11,144,220,28,248,392
06/09/2015,LAL,FL,ASO,ES,Federal Contract Tower,0,4,40,0,44,0,0,90,0,90,0,4,130,0,134,123,0,123,257
06/10/2015,LAL,FL,ASO,ES,Federal Contract Tower,0,4,22,0,26,0,0,53,0,53,0,4,75,0,79,112,0,112,191
06/11/2015,LAL,FL,ASO,ES,Federal Contract Tower,0,3,42,2,47,0,0,73,0,73,0,3,115,2,120,141,0,141,261
06/12/2015,LAL,FL,ASO,ES,Federal Contract Tower,0,2,51,0,53,0,0,81,0,81,0,2,132,0,134,124,0,124,258
06/13/2015,LAL,FL,ASO,ES,Federal Contract Tower,0,1,60,0,61,0,0,83,0,83,0,1,143,0,144,214,0,214,358
06/14/2015,LAL,FL,ASO,ES,Federal Contract Tower,0,2,28,0,30,0,0,102,0,102,0,2,130,0,132,93,0,93,225
06/15/2015,LAL,FL,ASO,ES,Federal Contract Tower,0,3,28,0,31,0,0,94,0,94,0,3,122,0,125,92,0,92,217
06/16/2015,LAL,FL,ASO,ES,Federal Contract Tower,0,7,40,0,47,0,0,123,0,123,0,7,163,0,170,141,0,141,311
06/17/2015,LAL,FL,ASO,ES,Federal Contract Tower,0,7,44,4,55,0,0,135,0,135,0,7,179,4,190,106,0,106,296
06/18/2015,LAL,FL,ASO,ES,Federal Contract Tower,0,4,53,0,57,0,0,96,0,96,0,4,149,0,153,156,0,156,309
06/19/2015,LAL,FL,ASO,ES,Federal Contract Tower,0,3,29,0,32,0,4,87,0,91,0,7,116,0,123,222,0,222,345
06/20/2015,LAL,FL,ASO,ES,Federal Contract Tower,0,1,23,8,32,0,0,79,0,79,0,1,102,8,111,83,0,83,194
06/21/2015,LAL,FL,ASO,ES,Federal Contract Tower,0,4,25,0,29,0,0,89,0,89,0,4,114,0,118,158,0,158,276
06/22/2015,LAL,FL,ASO,ES,Federal Contract Tower,0,8,24,0,32,0,0,78,0,78,0,8,102,0,110,226,0,226,336
06/23/2015,LAL,FL,ASO,ES,Federal Contract Tower,0,10,30,2,42,0,0,97,0,97,0,10,127,2,139,114,0,114,253
06/24/2015,LAL,FL,ASO,ES,Federal Contract Tower,0,0,46,2,48,0,0,109,2,111,0,0,155,4,159,109,32,141,300
06/25/2015,LAL,FL,ASO,ES,Federal Contract Tower,0,1,40,2,43,0,0,89,0,89,0,1,129,2,132,98,0,98,230
06/26/2015,LAL,FL,ASO,ES,Federal Contract Tower,0,3,42,0,45,0,0,115,0,115,0,3,157,0,160,184,0,184,344
06/27/2015,LAL,FL,ASO,ES,Federal Contract Tower,0,0,28,0,28,0,0,104,0,104,0,0,132,0,132,112,0,112,244
06/28/2015,LAL,FL,ASO,ES,Federal Contract Tower,0,0,19,0,19,0,0,89,0,89,0,0,108,0,108,130,0,130,238
06/29/2015,LAL,FL,ASO,ES,Federal Contract Tower,0,8,36,0,44,0,0,81,0,81,0,8,117,0,125,150,0,150,275
06/30/2015,LAL,FL,ASO,ES,Federal Contract Tower,0,4,37,2,43,0,0,117,0,117,0,4,154,2,160,171,0,171,331
07/01/2015,LAL,FL,ASO,ES,Federal Contract Tower,0,3,42,4,49,0,0,113,0,113,0,3,155,4,162,156,0,156,318
07/02/2015,LAL,FL,ASO,ES,Federal Contract Tower,0,0,33,2,35,0,0,98,0,98,0,0,131,2,133,151,0,151,284
07/03/2015,LAL,FL,ASO,ES,Federal Contract Tower,0,1,26,0,27,0,0,101,0,101,0,1,127,0,128,88,0,88,216
07/04/2015,LAL,FL,ASO,ES,Federal Contract Tower,0,0,17,0,17,0,0,74,0,74,0,0,91,0,91,84,0,84,175
07/05/2015,LAL,FL,ASO,ES,Federal Contract Tower,0,0,8,0,8,0,0,64,0,64,0,0,72,0,72,64,0,64,136
07/06/2015,LAL,FL,ASO,ES,Federal Contract Tower,0,3,28,4,35,0,0,102,0,102,0,3,130,4,137,151,6,157,294
07/07/2015,LAL,FL,ASO,ES,Federal Contract Tower,0,4,21,1,26,0,0,43,0,43,0,4,64,1,69,151,0,151,220
07/08/2015,LAL,FL,ASO,ES,Federal Contract Tower,0,3,35,2,40,0,0,113,8,121,0,3,148,10,161,218,0,218,379
07/09/2015,LAL,FL,ASO,ES,Federal Contract Tower,0,1,49,6,56,0,0,99,1,100,0,1,148,7,156,185,34,219,375
07/10/2015,LAL,FL,ASO,ES,Federal Contract Tower,0,4,33,5,42,0,0,121,1,122,0,4,154,6,164,234,0,234,398
07/11/2015,LAL,FL,ASO,ES,Federal Contract Tower,0,0,26,0,26,0,0,102,0,102,0,0,128,0,128,95,0,95,223
07/12/2015,LAL,FL,ASO,ES,Federal Contract Tower,0,3,15,0,18,0,0,72,0,72,0,3,87,0,90,142,0,142,232
07/13/2015,LAL,FL,ASO,ES,Federal Contract Tower,0,2,31,0,33,0,0,107,0,107,0,2,138,0,140,199,0,199,339
07/14/2015,LAL,FL,ASO,ES,Federal Contract Tower,0,3,18,0,21,0,0,81,2,83,0,3,99,2,104,155,2,157,261
07/15/2015,LAL,FL,ASO,ES,Federal Contract Tower,0,7,19,0,26,0,0,64,0,64,0,7,83,0,90,278,0,278,368
07/16/2015,LAL,FL,ASO,ES,Federal Contract Tower,0,2,26,0,28,0,0,56,2,58,0,2,82,2,86,234,0,234,320
07/17/2015,LAL,FL,ASO,ES,Federal Contract Tower,0,3,18,2,23,0,0,61,0,61,0,3,79,2,84,179,2,181,265
07/18/2015,LAL,FL,ASO,ES,Federal Contract Tower,0,6,35,3,44,0,0,66,0,66,0,6,101,3,110,198,6,204,314
07/19/2015,LAL,FL,ASO,ES,Federal Contract Tower,0,4,22,4,30,0,0,78,0,78,0,4,100,4,108,158,0,158,266
07/20/2015,LAL,FL,ASO,ES,Federal Contract Tower,0,0,37,2,39,0,0,107,2,109,0,0,144,4,148,208,2,210,358
07/21/2015,LAL,FL,ASO,ES,Federal Contract Tower,0,2,43,0,45,0,0,95,0,95,0,2,138,0,140,98,0,98,238
07/22/2015,LAL,FL,ASO,ES,Federal Contract Tower,0,1,17,0,18,0,0,75,0,75,0,1,92,0,93,184,0,184,277
07/23/2015,LAL,FL,ASO,ES,Federal Contract Tower,0,3,35,0,38,0,0,80,0,80,0,3,115,0,118,218,0,218,336
07/24/2015,LAL,FL,ASO,ES,Federal Contract Tower,0,1,19,0,20,0,0,18,0,18,0,1,37,0,38,46,0,46,84
07/25/2015,LAL,FL,ASO,ES,Federal Contract Tower,0,0,14,0,14,0,0,13,0,13,0,0,27,0,27,12,0,12,39
07/26/2015,LAL,FL,ASO,ES,Federal Contract Tower,0,2,26,0,28,0,0,48,0,48,0,2,74,0,76,110,0,110,186
07/27/2015,LAL,FL,ASO,ES,Federal Contract Tower,0,0,27,0,27,0,0,20,0,20,0,0,47,0,47,43,0,43,90
07/28/2015,LAL,FL,ASO,ES,Federal Contract Tower,1,0,21,4,26,0,0,70,0,70,1,0,91,4,96,118,0,118,214
07/29/2015,LAL,FL,ASO,ES,Federal Contract Tower,0,1,41,4,46,0,0,80,2,82,0,1,121,6,128,152,0,152,280
07/30/2015,LAL,FL,ASO,ES,Federal Contract Tower,0,3,27,0,30,0,0,79,0,79,0,3,106,0,109,196,0,196,305
07/31/2015,LAL,FL,ASO,ES,Federal Contract Tower,0,1,32,0,33,0,0,91,0,91,0,1,123,0,124,198,0,198,322
08/01/2015,LAL,FL,ASO,ES,Federal Contract Tower,0,2,9,0,11,0,0,38,0,38,0,2,47,0,49,66,0,66,115
08/02/2015,LAL,FL,ASO,ES,Federal Contract Tower,0,2,22,1,25,0,0,43,0,43,0,2,65,1,68,90,0,90,158
08/03/2015,LAL,FL,ASO,ES,Federal Contract Tower,0,2,28,0,30,0,0,22,0,22,0,2,50,0,52,117,0,117,169
08/04/2015,LAL,FL,ASO,ES,Federal Contract Tower,0,1,33,0,34,0,0,96,0,96,0,1,129,0,130,163,0,163,293
08/05/2015,LAL,FL,ASO,ES,Federal Contract Tower,0,5,31,4,40,0,0,125,2,127,0,5,156,6,167,174,0,174,341
08/06/2015,LAL,FL,ASO,ES,Federal Contract Tower,0,0,40,0,40,0,0,106,0,106,0,0,146,0,146,174,0,174,320
08/07/2015,LAL,FL,ASO,ES,Federal Contract Tower,0,4,20,6,30,0,0,60,0,60,0,4,80,6,90,78,0,78,168
08/08/2015,LAL,FL,ASO,ES,Federal Contract Tower,0,0,21,0,21,0,0,44,0,44,0,0,65,0,65,72,0,72,137
08/09/2015,LAL,FL,ASO,ES,Federal Contract Tower,0,0,38,0,38,0,0,86,0,86,0,0,124,0,124,92,0,92,216
08/10/2015,LAL,FL,ASO,ES,Federal Contract Tower,0,9,60,0,69,0,0,84,0,84,0,9,144,0,153,243,0,243,396
08/11/2015,LAL,FL,ASO,ES,Federal Contract Tower,0,4,41,0,45,0,0,104,0,104,0,4,145,0,149,86,0,86,235
08/12/2015,LAL,FL,ASO,ES,Federal Contract Tower,0,4,34,0,38,0,0,94,2,96,0,4,128,2,134,140,6,146,280
08/13/2015,LAL,FL,ASO,ES,Federal Contract Tower,0,2,29,4,35,0,0,78,3,81,0,2,107,7,116,177,5,182,298
08/14/2015,LAL,FL,ASO,ES,Federal Contract Tower,0,1,56,4,61,0,0,80,0,80,0,1,136,4,141,138,0,138,279
08/15/2015,LAL,FL,ASO,ES,Federal Contract Tower,0,0,50,0,50,0,0,84,0,84,0,0,134,0,134,80,0,80,214
08/16/2015,LAL,FL,ASO,ES,Federal Contract Tower,0,2,45,0,47,0,0,91,0,91,0,2,136,0,138,85,0,85,223
08/17/2015,LAL,FL,ASO,ES,Federal Contract Tower,0,2,46,1,49,0,0,88,1,89,0,2,134,2,138,144,10,154,292
08/18/2015,LAL,FL,ASO,ES,Federal Contract Tower,0,2,51,4,57,0,0,89,0,89,0,2,140,4,146,222,0,222,368
08/19/2015,LAL,FL,ASO,ES,Federal Contract Tower,0,2,41,2,45,0,0,76,2,78,0,2,117,4,123,134,0,134,257
08/20/2015,LAL,FL,ASO,ES,Federal Contract Tower,0,4,37,8,49,0,0,98,0,98,0,4,135,8,147,200,0,200,347
08/21/2015,LAL,FL,ASO,ES,Federal Contract Tower,0,0,40,9,49,0,0,122,1,123,0,0,162,10,172,102,0,102,274
08/22/2015,LAL,FL,ASO,ES,Federal Contract Tower,0,0,38,14,52,0,0,100,2,102,0,0,138,16,154,206,0,206,360
08/23/2015,LAL,FL,ASO,ES,Federal Contract Tower,0,4,30,0,34,0,0,78,0,78,0,4,108,0,112,122,0,122,234
08/24/2015,LAL,FL,ASO,ES,Federal Contract Tower,0,1,46,0,47,0,0,56,0,56,0,1,102,0,103,164,0,164,267
08/25/2015,LAL,FL,ASO,ES,Federal Contract Tower,0,1,37,0,38,0,0,96,0,96,0,1,133,0,134,122,0,122,256
08/26/2015,LAL,FL,ASO,ES,Federal Contract Tower,0,2,34,0,36,0,0,85,0,85,0,2,119,0,121,114,0,114,235
08/27/2015,LAL,FL,ASO,ES,Federal Contract Tower,0,5,17,0,22,0,0,61,1,62,0,5,78,1,84,123,2,125,209
08/28/2015,LAL,FL,ASO,ES,Federal Contract Tower,0,4,34,0,38,0,0,70,0,70,0,4,104,0,108,96,0,96,204
08/29/2015,LAL,FL,ASO,ES,Federal Contract Tower,0,1,43,0,44,0,0,55,0,55,0,1,98,0,99,122,0,122,221
08/30/2015,LAL,FL,ASO,ES,Federal Contract Tower,0,2,24,0,26,0,0,35,0,35,0,2,59,0,61,2,0,2,63
08/31/2015,LAL,FL,ASO,ES,Federal Contract Tower,0,0,18,0,18,0,0,29,0,29,0,0,47,0,47,37,0,37,84
09/01/2015,LAL,FL,ASO,ES,Federal Contract Tower,0,1,41,0,42,0,0,83,0,83,0,1,124,0,125,112,0,112,237
09/02/2015,LAL,FL,ASO,ES,Federal Contract Tower,0,2,37,2,41,0,0,96,6,102,0,2,133,8,143,130,4,134,277
09/03/2015,LAL,FL,ASO,ES,Federal Contract Tower,0,1,31,0,32,0,1,125,1,127,0,2,156,1,159,114,2,116,275
09/04/2015,LAL,FL,ASO,ES,Federal Contract Tower,0,2,40,0,42,0,0,85,0,85,0,2,125,0,127,154,0,154,281
09/05/2015,LAL,FL,ASO,ES,Federal Contract Tower,0,0,20,0,20,0,0,128,0,128,0,0,148,0,148,174,0,174,322
09/06/2015,LAL,FL,ASO,ES,Federal Contract Tower,0,2,17,0,19,0,0,54,0,54,0,2,71,0,73,50,0,50,123
09/07/2015,LAL,FL,ASO,ES,Federal Contract Tower,0,1,38,0,39,0,0,50,0,50,0,1,88,0,89,60,0,60,149
09/08/2015,LAL,FL,ASO,ES,Federal Contract Tower,0,3,28,0,31,0,0,54,0,54,0,3,82,0,85,82,0,82,167
09/09/2015,LAL,FL,ASO,ES,Federal Contract Tower,0,7,37,0,44,0,0,121,0,121,0,7,158,0,165,156,0,156,321
09/10/2015,LAL,FL,ASO,ES,Federal Contract Tower,0,3,35,0,38,0,0,109,0,109,0,3,144,0,147,178,0,178,325
09/11/2015,LAL,FL,ASO,ES,Federal Contract Tower,0,3,36,0,39,0,0,119,0,119,0,3,155,0,158,126,0,126,284
09/12/2015,LAL,FL,ASO,ES,Federal Contract Tower,0,1,20,0,21,0,0,36,0,36,0,1,56,0,57,40,0,40,97
09/13/2015,LAL,FL,ASO,ES,Federal Contract Tower,0,3,15,0,18,0,0,29,0,29,0,3,44,0,47,42,0,42,89
09/14/2015,LAL,FL,ASO,ES,Federal Contract Tower,0,2,65,0,67,0,0,99,0,99,0,2,164,0,166,108,0,108,274
09/15/2015,LAL,FL,ASO,ES,Federal Contract Tower,0,7,38,0,45,0,0,68,0,68,0,7,106,0,113,126,0,126,239
09/16/2015,LAL,FL,ASO,ES,Federal Contract Tower,0,7,32,0,39,0,0,67,0,67,0,7,99,0,106,148,0,148,254
09/17/2015,LAL,FL,ASO,ES,Federal Contract Tower,0,2,50,1,53,0,0,34,1,35,0,2,84,2,88,60,0,60,148
09/18/2015,LAL,FL,ASO,ES,Federal Contract Tower,0,3,44,6,53,0,0,45,0,45,0,3,89,6,98,164,0,164,262
09/19/2015,LAL,FL,ASO,ES,Federal Contract Tower,0,6,35,2,43,0,0,72,0,72,0,6,107,2,115,120,0,120,235
09/20/2015,LAL,FL,ASO,ES,Federal Contract Tower,0,3,69,0,72,0,0,157,0,157,0,3,226,0,229,98,0,98,327
09/21/2015,LAL,FL,ASO,ES,Federal Contract Tower,0,4,60,0,64,0,0,113,0,113,0,4,173,0,177,136,0,136,313
09/22/2015,LAL,FL,ASO,ES,Federal Contract Tower,0,7,76,2,85,0,0,113,0,113,0,7,189,2,198,154,0,154,352
09/23/2015,LAL,FL,ASO,ES,Federal Contract Tower,0,1,71,4,76,0,0,76,2,78,0,1,147,6,154,134,8,142,296
09/24/2015,LAL,FL,ASO,ES,Federal Contract Tower,1,7,26,0,34,0,0,51,0,51,1,7,77,0,85,140,0,140,225
09/25/2015,LAL,FL,ASO,ES,Federal Contract Tower,0,2,60,11,73,0,0,90,0,90,0,2,150,11,163,62,0,62,225
09/26/2015,LAL,FL,ASO,ES,Federal Contract Tower,2,2,61,2,67,0,0,76,0,76,2,2,137,2,143,100,0,100,243
09/27/2015,LAL,FL,ASO,ES,Federal Contract Tower,2,3,37,1,43,0,0,48,0,48,2,3,85,1,91,100,0,100,191
09/28/2015,LAL,FL,ASO,ES,Federal Contract Tower,0,0,20,0,20,0,0,51,0,51,0,0,71,0,71,146,0,146,217
09/29/2015,LAL,FL,ASO,ES,Federal Contract Tower,0,0,70,0,70,0,0,11,0,11,0,0,81,0,81,18,0,18,99
09/30/2015,LAL,FL,ASO,ES,Federal Contract Tower,0,4,47,4,55,0,0,90,0,90,0,4,137,4,145,134,0,134,279
10/01/2015,LAL,FL,ASO,ES,Federal Contract Tower,0,0,48,0,48,0,0,117,0,117,0,0,165,0,165,144,0,144,309
10/02/2015,LAL,FL,ASO,ES,Federal Contract Tower,0,5,46,0,51,0,0,75,0,75,0,5,121,0,126,119,0,119,245
10/03/2015,LAL,FL,ASO,ES,Federal Contract Tower,0,0,41,1,42,0,0,81,1,82,0,0,122,2,124,96,0,96,220
10/04/2015,LAL,FL,ASO,ES,Federal Contract Tower,0,2,16,0,18,0,0,68,0,68,0,2,84,0,86,84,0,84,170
10/05/2015,LAL,FL,ASO,ES,Federal Contract Tower,0,1,43,2,46,0,0,86,0,86,0,1,129,2,132,168,0,168,300
10/06/2015,LAL,FL,ASO,ES,Federal Contract Tower,0,5,66,13,84,0,0,114,2,116,0,5,180,15,200,158,38,196,396
10/07/2015,LAL,FL,ASO,ES,Federal Contract Tower,0,1,55,2,58,0,0,123,0,123,0,1,178,2,181,130,0,130,311
10/08/2015,LAL,FL,ASO,ES,Federal Contract Tower,0,1,52,0,53,0,0,146,0,146,0,1,198,0,199,116,0,116,315
10/09/2015,LAL,FL,ASO,ES,Federal Contract Tower,0,3,19,4,26,0,0,118,0,118,0,3,137,4,144,132,0,132,276
10/10/2015,LAL,FL,ASO,ES,Federal Contract Tower,0,0,29,0,29,0,0,66,0,66,0,0,95,0,95,138,0,138,233
10/11/2015,LAL,FL,ASO,ES,Federal Contract Tower,0,2,36,0,38,0,0,101,0,101,0,2,137,0,139,178,0,178,317
10/12/2015,LAL,FL,ASO,ES,Federal Contract Tower,0,0,28,0,28,0,0,125,0,125,0,0,153,0,153,250,0,250,403
10/13/2015,LAL,FL,ASO,ES,Federal Contract Tower,0,3,33,0,36,0,0,116,8,124,0,3,149,8,160,116,0,116,276
10/14/2015,LAL,FL,ASO,ES,Federal Contract Tower,0,0,43,5,48,0,0,116,3,119,0,0,159,8,167,212,8,220,387
10/15/2015,LAL,FL,ASO,ES,Federal Contract Tower,0,3,57,3,63,0,0,119,0,119,0,3,176,3,182,141,15,156,338
10/16/2015,LAL,FL,ASO,ES,Federal Contract Tower,0,3,58,3,64,0,0,151,1,152,0,3,209,4,216,128,2,130,346
10/17/2015,LAL,FL,ASO,ES,Federal Contract Tower,0,0,54,0,54,0,0,126,0,126,0,0,180,0,180,116,0,116,296
10/18/2015,LAL,FL,ASO,ES,Federal Contract Tower,0,3,36,0,39,0,0,94,0,94,0,3,130,0,133,36,0,36,169
10/19/2015,LAL,FL,ASO,ES,Federal Contract Tower,0,0,29,6,35,0,0,58,0,58,0,0,87,6,93,46,0,46,139
10/20/2015,LAL,FL,ASO,ES,Federal Contract Tower,0,1,40,3,44,0,0,81,0,81,0,1,121,3,125,88,0,88,213
10/21/2015,LAL,FL,ASO,ES,Federal Contract Tower,0,2,49,4,55,0,0,102,0,102,0,2,151,4,157,134,0,134,291
10/22/2015,LAL,FL,ASO,ES,Federal Contract Tower,2,5,45,0,52,0,0,95,0,95,2,5,140,0,147,88,0,88,235
10/23/2015,LAL,FL,ASO,ES,Federal Contract Tower,0,4,50,4,58,0,0,125,0,125,0,4,175,4,183,106,0,106,289
10/24/2015,LAL,FL,ASO,ES,Federal Contract Tower,0,6,29,0,35,0,0,191,0,191,0,6,220,0,226,164,0,164,390
10/25/2015,LAL,FL,ASO,ES,Federal Contract Tower,0,1,55,0,56,0,0,92,0,92,0,1,147,0,148,62,0,62,210
10/26/2015,LAL,FL,ASO,ES,Federal Contract Tower,0,2,50,0,52,0,0,115,0,115,0,2,165,0,167,180,0,180,347
10/27/2015,LAL,FL,ASO,ES,Federal Contract Tower,0,1,54,2,57,0,0,60,0,60,0,1,114,2,117,52,0,52,169
10/28/2015,LAL,FL,ASO,ES,Federal Contract Tower,0,3,42,2,47,0,0,49,0,49,0,3,91,2,96,92,0,92,188
10/29/2015,LAL,FL,ASO,ES,Federal Contract Tower,0,4,49,1,54,0,0,122,4,126,0,4,171,5,180,162,2,164,344
10/30/2015,LAL,FL,ASO,ES,Federal Contract Tower,0,3,53,5,61,0,0,190,1,191,0,3,243,6,252,100,0,100,352
10/31/2015,LAL,FL,ASO,ES,Federal Contract Tower,0,0,76,0,76,0,0,146,0,146,0,0,222,0,222,119,0,119,341
11/01/2015,LAL,FL,ASO,ES,Federal Contract Tower,0,4,30,0,34,0,0,92,0,92,0,4,122,0,126,130,0,130,256
11/02/2015,LAL,FL,ASO,ES,Federal Contract Tower,0,3,49,9,61,0,0,70,0,70,0,3,119,9,131,72,8,80,211
11/03/2015,LAL,FL,ASO,ES,Federal Contract Tower,0,6,51,0,57,0,0,89,0,89,0,6,140,0,146,68,2,70,216
11/04/2015,LAL,FL,ASO,ES,Federal Contract Tower,0,7,77,1,85,0,0,92,1,93,0,7,169,2,178,164,22,186,364
11/05/2015,LAL,FL,ASO,ES,Federal Contract Tower,0,7,62,13,82,0,0,124,10,134,0,7,186,23,216,154,0,154,370
11/06/2015,LAL,FL,ASO,ES,Federal Contract Tower,0,3,47,9,59,0,0,143,1,144,0,3,190,10,203,178,2,180,383
11/07/2015,LAL,FL,ASO,ES,Federal Contract Tower,0,0,18,0,18,0,0,244,0,244,0,0,262,0,262,74,0,74,336
11/08/2015,LAL,FL,ASO,ES,Federal Contract Tower,0,2,37,0,39,0,0,72,0,72,0,2,109,0,111,104,0,104,215
11/09/2015,LAL,FL,ASO,ES,Federal Contract Tower,0,4,56,0,60,0,0,28,0,28,0,4,84,0,88,62,0,62,150
11/10/2015,LAL,FL,ASO,ES,Federal Contract Tower,0,8,32,4,44,0,0,73,2,75,0,8,105,6,119,63,8,71,190
11/11/2015,LAL,FL,ASO,ES,Federal Contract Tower,0,6,86,3,95,0,0,124,0,124,0,6,210,3,219,207,0,207,426
11/12/2015,LAL,FL,ASO,ES,Federal Contract Tower,0,8,44,2,54,0,0,125,0,125,0,8,169,2,179,154,4,158,337
11/13/2015,LAL,FL,ASO,ES,Federal Contract Tower,0,4,33,3,40,0,0,112,2,114,0,4,145,5,154,140,2,142,296
11/14/2015,LAL,FL,ASO,ES,Federal Contract Tower,0,3,43,2,48,0,0,200,0,200,0,3,243,2,248,150,8,158,406
11/15/2015,LAL,FL,ASO,ES,Federal Contract Tower,0,8,39,3,50,0,0,86,0,86,0,8,125,3,136,78,2,80,216
11/16/2015,LAL,FL,ASO,ES,Federal Contract Tower,0,0,41,0,41,0,0,142,1,143,0,0,183,1,184,173,0,173,357
11/17/2015,LAL,FL,ASO,ES,Federal Contract Tower,0,1,46,0,47,0,0,86,0,86,0,1,132,0,133,113,0,113,246
11/18/2015,LAL,FL,ASO,ES,Federal Contract Tower,0,3,66,4,73,0,0,69,2,71,0,3,135,6,144,93,8,101,245
11/19/2015,LAL,FL,ASO,ES,Federal Contract Tower,0,4,48,0,52,0,0,86,0,86,0,4,134,0,138,71,0,71,209
11/20/2015,LAL,FL,ASO,ES,Federal Contract Tower,0,4,55,2,61,0,0,58,2,60,0,4,113,4,121,78,16,94,215
11/21/2015,LAL,FL,ASO,ES,Federal Contract Tower,0,1,46,0,47,0,0,102,0,102,0,1,148,0,149,126,0,126,275
11/22/2015,LAL,FL,ASO,ES,Federal Contract Tower,0,0,40,2,42,0,0,22,0,22,0,0,62,2,64,34,0,34,98
11/23/2015,LAL,FL,ASO,ES,Federal Contract Tower,0,4,45,5,54,0,0,100,0,100,0,4,145,5,154,98,0,98,252
11/24/2015,LAL,FL,ASO,ES,Federal Contract Tower,0,6,44,7,57,0,0,80,4,84,0,6,124,11,141,116,0,116,257
11/25/2015,LAL,FL,ASO,ES,Federal Contract Tower,0,1,45,0,46,0,0,88,0,88,0,1,133,0,134,140,0,140,274
11/26/2015,LAL,FL,ASO,ES,Federal Contract Tower,0,2,3,0,5,0,0,13,0,13,0,2,16,0,18,2,0,2,20
11/27/2015,LAL,FL,ASO,ES,Federal Contract Tower,0,4,25,0,29,0,0,93,0,93,0,4,118,0,122,108,0,108,230
11/28/2015,LAL,FL,ASO,ES,Federal Contract Tower,0,2,34,0,36,0,0,91,0,91,0,2,125,0,127,94,0,94,221
11/29/2015,LAL,FL,ASO,ES,Federal Contract Tower,0,2,42,0,44,0,0,113,0,113,0,2,155,0,157,78,0,78,235
11/30/2015,LAL,FL,ASO,ES,Federal Contract Tower,0,11,48,6,65,0,0,74,0,74,0,11,122,6,139,54,0,54,193
12/01/2015,LAL,FL,ASO,ES,Federal Contract Tower,0,9,45,0,54,0,0,72,0,72,0,9,117,0,126,98,0,98,224
12/02/2015,LAL,FL,ASO,ES,Federal Contract Tower,0,5,33,2,40,0,0,69,0,69,0,5,102,2,109,78,0,78,187
12/03/2015,LAL,FL,ASO,ES,Federal Contract Tower,0,1,42,4,47,0,0,14,2,16,0,1,56,6,63,22,0,22,85
12/04/2015,LAL,FL,ASO,ES,Federal Contract Tower,1,4,54,4,63,0,0,68,1,69,1,4,122,5,132,137,0,137,269
12/05/2015,LAL,FL,ASO,ES,Federal Contract Tower,0,2,44,0,46,0,0,79,0,79,0,2,123,0,125,62,0,62,187
12/06/2015,LAL,FL,ASO,ES,Federal Contract Tower,0,4,54,0,58,0,0,91,0,91,0,4,145,0,149,38,0,38,187
12/07/2015,LAL,FL,ASO,ES,Federal Contract Tower,0,1,47,0,48,0,0,50,0,50,0,1,97,0,98,43,0,43,141
12/08/2015,LAL,FL,ASO,ES,Federal Contract Tower,0,6,34,0,40,0,0,122,0,122,0,6,156,0,162,148,0,148,310
12/09/2015,LAL,FL,ASO,ES,Federal Contract Tower,0,4,54,11,69,0,0,97,4,101,0,4,151,15,170,136,10,146,316
12/10/2015,LAL,FL,ASO,ES,Federal Contract Tower,0,3,40,4,47,0,0,123,0,123,0,3,163,4,170,144,0,144,314
12/11/2015,LAL,FL,ASO,ES,Federal Contract Tower,1,0,42,0,43,0,0,136,0,136,1,0,178,0,179,166,0,166,345
12/12/2015,LAL,FL,ASO,ES,Federal Contract Tower,0,3,38,0,41,0,0,112,0,112,0,3,150,0,153,144,0,144,297
12/13/2015,LAL,FL,ASO,ES,Federal Contract Tower,0,0,43,0,43,0,0,68,0,68,0,0,111,0,111,70,0,70,181
12/14/2015,LAL,FL,ASO,ES,Federal Contract Tower,0,6,38,4,48,0,0,38,0,38,0,6,76,4,86,22,0,22,108
12/15/2015,LAL,FL,ASO,ES,Federal Contract Tower,0,2,23,2,27,0,0,47,0,47,0,2,70,2,74,50,0,50,124
12/16/2015,LAL,FL,ASO,ES,Federal Contract Tower,0,4,37,0,41,0,0,97,2,99,0,4,134,2,140,144,10,154,294
12/17/2015,LAL,FL,ASO,ES,Federal Contract Tower,0,3,47,4,54,0,0,62,0,62,0,3,109,4,116,124,0,124,240
12/18/2015,LAL,FL,ASO,ES,Federal Contract Tower,0,5,14,0,19,0,0,28,0,28,0,5,42,0,47,42,0,42,89
12/19/2015,LAL,FL,ASO,ES,Federal Contract Tower,0,1,39,0,40,0,0,100,0,100,0,1,139,0,140,94,0,94,234
12/20/2015,LAL,FL,ASO,ES,Federal Contract Tower,0,0,30,0,30,0,0,74,0,74,0,0,104,0,104,82,0,82,186
12/21/2015,LAL,FL,ASO,ES,Federal Contract Tower,0,0,53,4,57,0,0,122,0,122,0,0,175,4,179,178,0,178,357
12/22/2015,LAL,FL,ASO,ES,Federal Contract Tower,0,3,66,2,71,0,0,74,0,74,0,3,140,2,145,166,0,166,311
12/23/2015,LAL,FL,ASO,ES,Federal Contract Tower,0,4,41,0,45,0,0,36,0,36,0,4,77,0,81,22,0,22,103
12/24/2015,LAL,FL,ASO,ES,Federal Contract Tower,0,1,22,0,23,0,0,37,0,37,0,1,59,0,60,20,0,20,80
12/25/2015,LAL,FL,ASO,ES,Federal Contract Tower,0,0,7,0,7,0,0,16,0,16,0,0,23,0,23,0,0,0,23
12/26/2015,LAL,FL,ASO,ES,Federal Contract Tower,0,2,32,0,34,0,0,79,0,79,0,2,111,0,113,64,0,64,177
12/27/2015,LAL,FL,ASO,ES,Federal Contract Tower,0,4,41,0,45,0,0,91,0,91,0,4,132,0,136,138,0,138,274
12/28/2015,LAL,FL,ASO,ES,Federal Contract Tower,0,13,44,0,57,0,0,89,0,89,0,13,133,0,146,68,0,68,214
12/29/2015,LAL,FL,ASO,ES,Federal Contract Tower,0,1,48,1,50,0,0,82,0,82,0,1,130,1,132,116,0,116,248
12/30/2015,LAL,FL,ASO,ES,Federal Contract Tower,0,6,56,0,62,0,0,83,0,83,0,6,139,0,145,202,0,202,347
12/31/2015,LAL,FL,ASO,ES,Federal Contract Tower,0,3,33,4,40,0,0,57,0,57,0,3,90,4,97,174,0,174,271
01/01/2016,LAL,FL,ASO,ES,Federal Contract Tower,0,0,14,0,14,0,0,53,0,53,0,0,67,0,67,126,0,126,193
01/02/2016,LAL,FL,ASO,ES,Federal Contract Tower,0,2,33,0,35,0,0,36,0,36,0,2,69,0,71,42,0,42,113
01/03/2016,LAL,FL,ASO,ES,Federal Contract Tower,0,0,37,0,37,0,0,3,0,3,0,0,40,0,40,0,0,0,40
01/04/2016,LAL,FL,ASO,ES,Federal Contract Tower,0,1,22,0,23,0,0,102,0,102,0,1,124,0,125,130,0,130,255
01/05/2016,LAL,FL,ASO,ES,Federal Contract Tower,0,3,49,0,52,0,0,66,0,66,0,3,115,0,118,106,0,106,224
01/06/2016,LAL,FL,ASO,ES,Federal Contract Tower,0,1,49,0,50,0,0,16,0,16,0,1,65,0,66,90,0,90,156
01/07/2016,LAL,FL,ASO,ES,Federal Contract Tower,0,0,51,0,51,0,0,89,0,89,0,0,140,0,140,148,0,148,288
01/08/2016,LAL,FL,ASO,ES,Federal Contract Tower,0,1,42,0,43,0,0,60,0,60,0,1,102,0,103,108,0,108,211
01/09/2016,LAL,FL,ASO,ES,Federal Contract Tower,0,0,35,0,35,0,0,31,0,31,0,0,66,0,66,108,0,108,174
01/10/2016,LAL,FL,ASO,ES,Federal Contract Tower,0,0,40,0,40,0,0,67,0,67,0,0,107,0,107,188,0,188,295
01/11/2016,LAL,FL,ASO,ES,Federal Contract Tower,0,2,35,0,37,0,0,133,0,133,0,2,168,0,170,168,0,168,338
01/12/2016,LAL,FL,ASO,ES,Federal Contract Tower,0,2,34,0,36,0,0,101,3,104,0,2,135,3,140,154,0,154,294
01/13/2016,LAL,FL,ASO,ES,Federal Contract Tower,0,5,46,0,51,0,0,81,0,81,0,5,127,0,132,196,10,206,338
01/14/2016,LAL,FL,ASO,ES,Federal Contract Tower,0,8,30,3,41,0,0,107,0,107,0,8,137,3,148,132,0,132,280
01/15/2016,LAL,FL,ASO,ES,Federal Contract Tower,0,2,24,0,26,0,0,53,0,53,0,2,77,0,79,102,0,102,181
01/16/2016,LAL,FL,ASO,ES,Federal Contract Tower,0,0,49,2,51,0,0,147,0,147,0,0,196,2,198,156,0,156,354
01/17/2016,LAL,FL,ASO,ES,Federal Contract Tower,0,5,13,2,20,0,0,27,0,27,0,5,40,2,47,103,15,118,165
01/18/2016,LAL,FL,ASO,ES,Federal Contract Tower,0,0,43,0,43,0,0,164,0,164,0,0,207,0,207,152,0,152,359
01/19/2016,LAL,FL,ASO,ES,Federal Contract Tower,0,6,39,2,47,0,0,135,0,135,0,6,174,2,182,282,0,282,464
01/20/2016,LAL,FL,ASO,ES,Federal Contract Tower,0,3,41,2,46,0,0,145,0,145,0,3,186,2,191,258,0,258,449
01/21/2016,LAL,FL,ASO,ES,Federal Contract Tower,0,2,58,16,76,0,0,152,0,152,0,2,210,16,228,220,0,220,448
01/22/2016,LAL,FL,ASO,ES,Federal Contract Tower,0,3,23,0,26,0,0,13,0,13,0,3,36,0,39,42,0,42,81
01/23/2016,LAL,FL,ASO,ES,Federal Contract Tower,0,0,13,0,13,0,0,27,0,27,0,0,40,0,40,34,0,34,74
01/24/2016,LAL,FL,ASO,ES,Federal Contract Tower,0,0,35,0,35,0,0,140,0,140,0,0,175,0,175,212,0,212,387
01/25/2016,LAL,FL,ASO,ES,Federal Contract Tower,0,2,34,0,36,0,0,155,0,155,0,2,189,0,191,252,0,252,443
01/26/2016,LAL,FL,ASO,ES,Federal Contract Tower,0,3,56,1,60,0,0,163,1,164,0,3,219,2,224,308,0,308,532
01/27/2016,LAL,FL,ASO,ES,Federal Contract Tower,0,1,35,0,36,0,4,0,0,4,0,5,35,0,40,0,0,0,40
01/28/2016,LAL,FL,ASO,ES,Federal Contract Tower,0,3,26,0,29,0,0,0,0,0,0,3,26,0,29,0,0,0,29
01/29/2016,LAL,FL,ASO,ES,Federal Contract Tower,0,3,33,4,40,0,0,162,0,162,0,3,195,4,202,202,0,202,404
01/30/2016,LAL,FL,ASO,ES,Federal Contract Tower,1,4,46,1,52,0,0,173,0,173,1,4,219,1,225,223,0,223,448
01/31/2016,LAL,FL,ASO,ES,Federal Contract Tower,0,1,52,4,57,0,0,175,0,175,0,1,227,4,232,246,2,248,480
02/01/2016,LAL,FL,ASO,ES,Federal Contract Tower,0,3,28,4,35,0,0,144,0,144,0,3,172,4,179,220,0,220,399
02/02/2016,LAL,FL,ASO,ES,Federal Contract Tower,0,2,53,0,55,0,0,97,0,97,0,2,150,0,152,172,0,172,324
02/03/2016,LAL,FL,ASO,ES,Federal Contract Tower,0,2,71,0,73,0,0,78,0,78,0,2,149,0,151,170,4,174,325
02/04/2016,LAL,FL,ASO,ES,Federal Contract Tower,0,3,59,0,62,0,0,38,0,38,0,3,97,0,100,80,0,80,180
02/05/2016,LAL,FL,ASO,ES,Federal Contract Tower,0,3,53,2,58,0,0,173,0,173,0,3,226,2,231,223,0,223,454
02/06/2016,LAL,FL,ASO,ES,Federal Contract Tower,0,1,84,0,85,0,0,95,0,95,0,1,179,0,180,88,0,88,268
02/07/2016,LAL,FL,ASO,ES,Federal Contract Tower,0,0,52,2,54,0,0,63,0,63,0,0,115,2,117,72,0,72,189
02/08/2016,LAL,FL,ASO,ES,Federal Contract Tower,0,0,52,2,54,0,0,133,0,133,0,0,185,2,187,172,0,172,359
02/09/2016,LAL,FL,ASO,ES,Federal Contract Tower,0,2,21,20,43,0,0,86,4,90,0,2,107,24,133,170,62,232,365
02/10/2016,LAL,FL,ASO,ES,Federal Contract Tower,0,4,41,6,51,0,0,112,0,112,0,4,153,6,163,128,44,172,335
02/11/2016,LAL,FL,ASO,ES,Federal Contract Tower,1,4,49,6,60,0,0,168,3,171,1,4,217,9,231,268,8,276,507
02/12/2016,LAL,FL,ASO,ES,Federal Contract Tower,0,1,53,5,59,0,0,136,0,136,0,1,189,5,195,292,0,292,487
02/13/2016,LAL,FL,ASO,ES,Federal Contract Tower,0,2,33,0,35,0,0,158,0,158,0,2,191,0,193,262,0,262,455
02/14/2016,LAL,FL,ASO,ES,Federal Contract Tower,0,2,27,0,29,0,0,94,0,94,0,2,121,0,123,142,0,142,265
02/15/2016,LAL,FL,ASO,ES,Federal Contract Tower,0,0,30,0,30,0,0,97,0,97,0,0,127,0,127,158,0,158,285
02/16/2016,LAL,FL,ASO,ES,Federal Contract Tower,0,1,39,4,44,0,0,119,3,122,0,1,158,7,166,256,0,256,422
02/17/2016,LAL,FL,ASO,ES,Federal Contract Tower,0,9,55,9,73,0,0,128,0,128,0,9,183,9,201,202,4,206,407
02/18/2016,LAL,FL,ASO,ES,Federal Contract Tower,0,4,37,0,41,0,0,141,0,141,0,4,178,0,182,202,0,202,384
02/19/2016,LAL,FL,ASO,ES,Federal Contract Tower,0,4,47,5,56,0,0,129,0,129,0,4,176,5,185,244,0,244,429
02/20/2016,LAL,FL,ASO,ES,Federal Contract Tower,0,1,17,0,18,0,0,162,0,162,0,1,179,0,180,198,0,198,378
02/21/2016,LAL,FL,ASO,ES,Federal Contract Tower,0,0,32,0,32,0,0,124,0,124,0,0,156,0,156,182,0,182,338
02/22/2016,LAL,FL,ASO,ES,Federal Contract Tower,0,1,56,2,59,0,0,129,0,129,0,1,185,2,188,145,0,145,333
02/23/2016,LAL,FL,ASO,ES,Federal Contract Tower,0,3,45,2,50,0,0,79,0,79,0,3,124,2,129,144,0,144,273
02/24/2016,LAL,FL,ASO,ES,Federal Contract Tower,0,0,12,1,13,0,0,4,0,4,0,0,16,1,17,24,0,24,41
02/25/2016,LAL,FL,ASO,ES,Federal Contract Tower,0,6,39,2,47,0,0,134,0,134,0,6,173,2,181,120,0,120,301
02/26/2016,LAL,FL,ASO,ES,Federal Contract Tower,0,3,103,0,106,0,0,214,0,214,0,3,317,0,320,256,0,256,576
02/27/2016,LAL,FL,ASO,ES,Federal Contract Tower,0,1,43,0,44,0,0,285,0,285,0,1,328,0,329,124,2,126,455
02/28/2016,LAL,FL,ASO,ES,Federal Contract Tower,0,0,58,0,58,0,0,241,0,241,0,0,299,0,299,128,0,128,427
02/29/2016,LAL,FL,ASO,ES,Federal Contract Tower,0,0,46,3,49,0,0,126,2,128,0,0,172,5,177,181,2,183,360
03/01/2016,LAL,FL,ASO,ES,Federal Contract Tower,0,2,54,0,56,0,0,174,0,174,0,2,228,0,230,268,0,268,498
03/02/2016,LAL,FL,ASO,ES,Federal Contract Tower,0,5,42,3,50,0,0,130,0,130,0,5,172,3,180,280,0,280,460
03/03/2016,LAL,FL,ASO,ES,Federal Contract Tower,0,4,43,7,54,0,0,171,0,171,0,4,214,7,225,234,0,234,459
03/04/2016,LAL,FL,ASO,ES,Federal Contract Tower,0,0,40,6,46,0,0,163,3,166,0,0,203,9,212,194,0,194,406
03/05/2016,LAL,FL,ASO,ES,Federal Contract Tower,0,1,36,2,39,0,0,137,0,137,0,1,173,2,176,129,0,129,305
03/06/2016,LAL,FL,ASO,ES,Federal Contract Tower,0,3,27,1,31,0,0,89,3,92,0,3,116,4,123,58,0,58,181
03/07/2016,LAL,FL,ASO,ES,Federal Contract Tower,0,7,52,3,62,0,0,144,2,146,0,7,196,5,208,180,0,180,388
03/08/2016,LAL,FL,ASO,ES,Federal Contract Tower,0,5,59,10,74,0,0,124,0,124,0,5,183,10,198,288,0,288,486
03/09/2016,LAL,FL,ASO,ES,Federal Contract Tower,0,6,50,14,70,0,0,94,1,95,0,6,144,15,165,162,0,162,327
03/10/2016,LAL,FL,ASO,ES,Federal Contract Tower,0,3,54,0,57,0,0,126,1,127,0,3,180,1,184,112,0,112,296
03/11/2016,LAL,FL,ASO,ES,Federal Contract Tower,0,2,46,2,50,0,0,128,0,128,0,2,174,2,178,191,0,191,369
03/12/2016,LAL,FL,ASO,ES,Federal Contract Tower,0,2,51,0,53,0,0,149,0,149,0,2,200,0,202,180,0,180,382
03/13/2016,LAL,FL,ASO,ES,Federal Contract Tower,0,1,33,0,34,0,0,46,0,46,0,1,79,0,80,92,0,92,172
03/14/2016,LAL,FL,ASO,ES,Federal Contract Tower,0,3,53,2,58,0,0,94,0,94,0,3,147,2,152,252,0,252,404
03/15/2016,LAL,FL,ASO,ES,Federal Contract Tower,2,16,61,0,79,0,0,137,0,137,2,16,198,0,216,192,0,192,408
03/17/2016,LAL,FL,ASO,ES,Federal Contract Tower,0,5,66,0,71,0,0,125,0,125,0,5,191,0,196,186,0,186,382
03/18/2016,LAL,FL,ASO,ES,Federal Contract Tower,0,2,42,0,44,0,0,128,0,128,0,2,170,0,172,175,0,175,347
03/19/2016,LAL,FL,ASO,ES,Federal Contract Tower,0,0,15,0,15,0,0,35,0,35,0,0,50,0,50,16,0,16,66
03/20/2016,LAL,FL,ASO,ES,Federal Contract Tower,0,3,27,0,30,0,0,47,0,47,0,3,74,0,77,80,0,80,157
03/21/2016,LAL,FL,ASO,ES,Federal Contract Tower,0,1,54,0,55,0,0,90,0,90,0,1,144,0,145,104,0,104,249
03/22/2016,LAL,FL,ASO,ES,Federal Contract Tower,0,1,62,0,63,0,0,162,0,162,0,1,224,0,225,174,0,174,399
03/23/2016,LAL,FL,ASO,ES,Federal Contract Tower,0,5,40,1,46,0,0,150,0,150,0,5,190,1,196,186,6,192,388
03/24/2016,LAL,FL,ASO,ES,Federal Contract Tower,0,3,60,2,65,0,0,86,0,86,0,3,146,2,151,193,0,193,344
03/25/2016,LAL,FL,ASO,ES,Federal Contract Tower,0,2,25,12,39,0,0,74,0,74,0,2,99,12,113,192,0,192,305
03/26/2016,LAL,FL,ASO,ES,Federal Contract Tower,0,5,20,0,25,0,0,103,0,103,0,5,123,0,128,168,0,168,296
03/27/2016,LAL,FL,ASO,ES,Federal Contract Tower,2,1,15,0,18,0,0,43,0,43,2,1,58,0,61,78,0,78,139
03/28/2016,LAL,FL,ASO,ES,Federal Contract Tower,0,4,42,4,50,0,0,45,0,45,0,4,87,4,95,176,0,176,271
03/29/2016,LAL,FL,ASO,ES,Federal Contract Tower,0,5,23,6,34,0,0,13,0,13,0,5,36,6,47,56,0,56,103
03/30/2016,LAL,FL,ASO,ES,Federal Contract Tower,0,5,45,0,50,0,0,187,0,187,0,5,232,0,237,216,0,216,453
03/31/2016,LAL,FL,ASO,ES,Federal Contract Tower,0,3,52,0,55,0,0,213,0,213,0,3,265,0,268,220,0,220,488
04/01/2016,LAL,FL,ASO,ES,Federal Contract Tower,0,7,41,0,48,0,0,108,0,108,0,7,149,0,156,175,0,175,331
04/02/2016,LAL,FL,ASO,ES,Federal Contract Tower,0,2,19,0,21,0,0,23,0,23,0,2,42,0,44,20,0,20,64
04/03/2016,LAL,FL,ASO,ES,Federal Contract Tower,1,2,40,0,43,0,0,271,1,272,1,2,311,1,315,18,0,18,333
04/04/2016,LAL,FL,ASO,ES,Federal Contract Tower,0,5,30,0,35,0,0,733,0,733,0,5,763,0,768,0,0,0,768
04/05/2016,LAL,FL,ASO,ES,Federal Contract Tower,0,0,16,1,17,0,0,902,0,902,0,0,918,1,919,0,0,0,919
04/06/2016,LAL,FL,ASO,ES,Federal Contract Tower,0,1,3,0,4,0,0,1084,0,1084,0,1,1087,0,1088,0,0,0,1088
04/07/2016,LAL,FL,ASO,ES,Federal Contract Tower,3,2,36,4,45,0,0,712,0,712,3,2,748,4,757,0,0,0,757
04/08/2016,LAL,FL,ASO,ES,Federal Contract Tower,0,2,24,5,31,0,0,1571,0,1571,0,2,1595,5,1602,0,0,0,1602
04/09/2016,LAL,FL,ASO,ES,Federal Contract Tower,0,5,38,1,44,0,0,1108,0,1108,0,5,1146,1,1152,0,0,0,1152
04/10/2016,LAL,FL,ASO,ES,Federal Contract Tower,0,1,17,3,21,0,0,580,0,580,0,1,597,3,601,0,0,0,601
04/11/2016,LAL,FL,ASO,ES,Federal Contract Tower,0,0,48,6,54,0,0,262,1,263,0,0,310,7,317,146,2,148,465
04/12/2016,LAL,FL,ASO,ES,Federal Contract Tower,0,5,35,1,41,0,0,148,2,150,0,5,183,3,191,186,6,192,383
04/13/2016,LAL,FL,ASO,ES,Federal Contract Tower,0,4,48,2,54,0,0,132,2,134,0,4,180,4,188,140,0,140,328
04/14/2016,LAL,FL,ASO,ES,Federal Contract Tower,1,3,45,0,49,0,0,115,0,115,1,3,160,0,164,122,0,122,286
04/15/2016,LAL,FL,ASO,ES,Federal Contract Tower,0,1,49,1,51,0,0,44,2,46,0,1,93,3,97,102,0,102,199
04/16/2016,LAL,FL,ASO,ES,Federal Contract Tower,0,1,29,0,30,0,0,42,2,44,0,1,71,2,74,98,0,98,172
04/17/2016,LAL,FL,ASO,ES,Federal Contract Tower,1,4,24,8,37,0,0,78,8,86,1,4,102,16,123,80,0,80,203
04/18/2016,LAL,FL,ASO,ES,Federal Contract Tower,0,4,58,0,62,0,0,126,0,126,0,4,184,0,188,132,0,132,320
04/19/2016,LAL,FL,ASO,ES,Federal Contract Tower,0,7,43,0,50,0,0,127,0,127,0,7,170,0,177,221,0,221,398
04/20/2016,LAL,FL,ASO,ES,Federal Contract Tower,0,5,50,6,61,0,0,141,0,141,0,5,191,6,202,198,0,198,400
04/21/2016,LAL,FL,ASO,ES,Federal Contract Tower,0,7,48,0,55,0,0,153,0,153,0,7,201,0,208,106,0,106,314
04/22/2016,LAL,FL,ASO,ES,Federal Contract Tower,0,3,38,0,41,0,0,79,0,79,0,3,117,0,120,100,0,100,220
04/23/2016,LAL,FL,ASO,ES,Federal Contract Tower,0,1,42,0,43,0,0,134,0,134,0,1,176,0,177,186,0,186,363
04/24/2016,LAL,FL,ASO,ES,Federal Contract Tower,0,3,37,0,40,0,0,147,0,147,0,3,184,0,187,182,0,182,369
04/25/2016,LAL,FL,ASO,ES,Federal Contract Tower,0,1,64,3,68,0,0,133,0,133,0,1,197,3,201,164,0,164,365
04/26/2016,LAL,FL,ASO,ES,Federal Contract Tower,1,0,49,2,52,0,0,180,2,182,1,0,229,4,234,167,10,177,411
04/27/2016,LAL,FL,ASO,ES,Federal Contract Tower,0,0,49,4,53,0,0,143,0,143,0,0,192,4,196,184,0,184,380
04/28/2016,LAL,FL,ASO,ES,Federal Contract Tower,0,3,54,0,57,0,0,163,0,163,0,3,217,0,220,244,0,244,464
04/29/2016,LAL,FL,ASO,ES,Federal Contract Tower,0,4,34,9,47,0,0,145,1,146,0,4,179,10,193,240,0,240,433
04/30/2016,LAL,FL,ASO,ES,Federal Contract Tower,0,4,45,0,49,0,0,169,0,169,0,4,214,0,218,207,0,207,425
05/01/2016,LAL,FL,ASO,ES,Federal Contract Tower,0,4,41,0,45,0,0,133,0,133,0,4,174,0,178,188,0,188,366
05/02/2016,LAL,FL,ASO,ES,Federal Contract Tower,0,4,31,0,35,0,0,123,0,123,0,4,154,0,158,238,0,238,396
05/03/2016,LAL,FL,ASO,ES,Federal Contract Tower,2,6,32,0,40,0,0,109,0,109,2,6,141,0,149,121,2,123,272
05/04/2016,LAL,FL,ASO,ES,Federal Contract Tower,0,0,21,0,21,0,0,4,0,4,0,0,25,0,25,13,0,13,38
05/05/2016,LAL,FL,ASO,ES,Federal Contract Tower,0,4,49,2,55,0,0,168,0,168,0,4,217,2,223,76,0,76,299
05/06/2016,LAL,FL,ASO,ES,Federal Contract Tower,0,0,47,5,52,0,0,154,0,154,0,0,201,5,206,104,0,104,310
05/07/2016,LAL,FL,ASO,ES,Federal Contract Tower,2,3,48,0,53,0,0,115,0,115,2,3,163,0,168,198,0,198,366
05/08/2016,LAL,FL,ASO,ES,Federal Contract Tower,2,2,9,1,14,0,0,69,0,69,2,2,78,1,83,71,0,71,154
05/09/2016,LAL,FL,ASO,ES,Federal Contract Tower,0,2,43,0,45,0,0,137,0,137,0,2,180,0,182,176,0,176,358
05/10/2016,LAL,FL,ASO,ES,Federal Contract Tower,0,7,54,6,67,0,0,136,0,136,0,7,190,6,203,139,0,139,342
05/11/2016,LAL,FL,ASO,ES,Federal Contract Tower,0,12,43,0,55,0,0,139,0,139,0,12,182,0,194,210,0,210,404
05/12/2016,LAL,FL,ASO,ES,Federal Contract Tower,0,4,45,0,49,0,0,139,0,139,0,4,184,0,188,302,0,302,490
05/13/2016,LAL,FL,ASO,ES,Federal Contract Tower,0,7,36,13,56,0,0,157,1,158,0,7,193,14,214,200,6,206,420
05/14/2016,LAL,FL,ASO,ES,Federal Contract Tower,0,0,38,0,38,0,0,117,0,117,0,0,155,0,155,144,0,144,299
05/15/2016,LAL,FL,ASO,ES,Federal Contract Tower,0,4,29,1,34,0,0,91,2,93,0,4,120,3,127,66,0,66,193
05/16/2016,LAL,FL,ASO,ES,Federal Contract Tower,0,6,43,4,53,0,0,98,0,98,0,6,141,4,151,176,0,176,327
05/17/2016,LAL,FL,ASO,ES,Federal Contract Tower,0,4,46,0,50,0,0,23,0,23,0,4,69,0,73,66,0,66,139
05/18/2016,LAL,FL,ASO,ES,Federal Contract Tower,0,2,35,8,45,0,0,124,4,128,0,2,159,12,173,260,0,260,433
05/19/2016,LAL,FL,ASO,ES,Federal Contract Tower,0,4,45,0,49,0,0,79,0,79,0,4,124,0,128,128,0,128,256
05/20/2016,LAL,FL,ASO,ES,Federal Contract Tower,0,2,34,0,36,0,0,75,0,75,0,2,109,0,111,168,0,168,279
05/21/2016,LAL,FL,ASO,ES,Federal Contract Tower,0,1,50,0,51,0,0,136,0,136,0,1,186,0,187,158,0,158,345
05/22/2016,LAL,FL,ASO,ES,Federal Contract Tower,0,2,27,4,33,0,0,89,2,91,0,2,116,6,124,34,0,34,158
05/23/2016,LAL,FL,ASO,ES,Federal Contract Tower,0,0,41,4,45,0,0,112,0,112,0,0,153,4,157,118,0,118,275
05/24/2016,LAL,FL,ASO,ES,Federal Contract Tower,0,6,52,7,65,0,0,139,16,155,0,6,191,23,220,187,0,187,407
05/25/2016,LAL,FL,ASO,ES,Federal Contract Tower,0,3,68,4,75,0,0,172,2,174,0,3,240,6,249,154,0,154,403
05/26/2016,LAL,FL,ASO,ES,Federal Contract Tower,0,2,69,10,81,0,0,154,0,154,0,2,223,10,235,154,0,154,389
05/27/2016,LAL,FL,ASO,ES,Federal Contract Tower,0,2,68,2,72,0,0,181,2,183,0,2,249,4,255,134,0,134,389
05/28/2016,LAL,FL,ASO,ES,Federal Contract Tower,0,0,38,0,38,0,0,91,0,91,0,0,129,0,129,108,0,108,237
05/29/2016,LAL,FL,ASO,ES,Federal Contract Tower,0,2,14,0,16,0,0,73,0,73,0,2,87,0,89,46,0,46,135
05/30/2016,LAL,FL,ASO,ES,Federal Contract Tower,0,8,26,0,34,0,0,116,0,116,0,8,142,0,150,190,0,190,340
05/31/2016,LAL,FL,ASO,ES,Federal Contract Tower,0,0,42,7,49,0,0,83,1,84,0,0,125,8,133,110,0,110,243
06/01/2016,LAL,FL,ASO,ES,Federal Contract Tower,0,4,53,0,57,0,0,127,0,127,0,4,180,0,184,258,0,258,442
06/02/2016,LAL,FL,ASO,ES,Federal Contract Tower,0,2,51,4,57,0,0,128,0,128,0,2,179,4,185,172,0,172,357
06/03/2016,LAL,FL,ASO,ES,Federal Contract Tower,0,0,35,0,35,0,0,130,0,130,0,0,165,0,165,221,0,221,386
06/04/2016,LAL,FL,ASO,ES,Federal Contract Tower,0,0,33,0,33,0,0,119,0,119,0,0,152,0,152,250,0,250,402
06/05/2016,LAL,FL,ASO,ES,Federal Contract Tower,2,4,35,0,41,0,0,76,0,76,2,4,111,0,117,136,0,136,253
06/06/2016,LAL,FL,ASO,ES,Federal Contract Tower,0,2,18,0,20,0,0,14,0,14,0,2,32,0,34,12,0,12,46
06/07/2016,LAL,FL,ASO,ES,Federal Contract Tower,0,4,21,0,25,0,0,10,0,10,0,4,31,0,35,98,0,98,133
06/08/2016,LAL,FL,ASO,ES,Federal Contract Tower,0,4,54,2,60,0,0,79,0,79,0,4,133,2,139,218,0,218,357
06/09/2016,LAL,FL,ASO,ES,Federal Contract Tower,0,3,46,2,51,0,0,36,0,36,0,3,82,2,87,112,0,112,199
06/10/2016,LAL,FL,ASO,ES,Federal Contract Tower,0,0,40,4,44,0,0,48,0,48,0,0,88,4,92,146,8,154,246
06/11/2016,LAL,FL,ASO,ES,Federal Contract Tower,0,1,32,6,39,0,0,127,4,131,0,1,159,10,170,274,0,274,444
06/12/2016,LAL,FL,ASO,ES,Federal Contract Tower,0,2,45,0,47,0,0,100,0,100,0,2,145,0,147,204,0,204,351
06/13/2016,LAL,FL,ASO,ES,Federal Contract Tower,0,3,49,0,52,0,0,122,0,122,0,3,171,0,174,138,0,138,312
06/14/2016,LAL,FL,ASO,ES,Federal Contract Tower,0,4,34,0,38,0,0,134,2,136,0,4,168,2,174,340,0,340,514
06/15/2016,LAL,FL,ASO,ES,Federal Contract Tower,0,6,30,4,40,0,0,131,1,132,0,6,161,5,172,265,0,265,437
06/16/2016,LAL,FL,ASO,ES,Federal Contract Tower,0,6,49,0,55,0,0,127,2,129,0,6,176,2,184,260,0,260,444
06/17/2016,LAL,FL,ASO,ES,Federal Contract Tower,0,5,24,2,31,0,0,92,2,94,0,5,116,4,125,250,0,250,375
06/18/2016,LAL,FL,ASO,ES,Federal Contract Tower,0,0,42,0,42,0,0,134,0,134,0,0,176,0,176,206,0,206,382
06/19/2016,LAL,FL,ASO,ES,Federal Contract Tower,0,5,32,0,37,0,0,27,0,27,0,5,59,0,64,34,0,34,98
06/20/2016,LAL,FL,ASO,ES,Federal Contract Tower,0,7,60,6,73,0,0,175,14,189,0,7,235,20,262,262,14,276,538
06/21/2016,LAL,FL,ASO,ES,Federal Contract Tower,0,7,43,0,50,0,0,161,0,161,0,7,204,0,211,306,0,306,517
06/22/2016,LAL,FL,ASO,ES,Federal Contract Tower,0,2,41,0,43,0,0,155,0,155,0,2,196,0,198,232,0,232,430
06/23/2016,LAL,FL,ASO,ES,Federal Contract Tower,0,0,51,0,51,0,0,180,0,180,0,0,231,0,231,216,0,216,447
06/24/2016,LAL,FL,ASO,ES,Federal Contract Tower,0,0,41,0,41,0,0,162,2,164,0,0,203,2,205,178,0,178,383
06/25/2016,LAL,FL,ASO,ES,Federal Contract Tower,0,1,26,0,27,0,0,139,0,139,0,1,165,0,166,118,0,118,284
06/26/2016,LAL,FL,ASO,ES,Federal Contract Tower,0,3,19,0,22,0,0,46,0,46,0,3,65,0,68,44,0,44,112
06/27/2016,LAL,FL,ASO,ES,Federal Contract Tower,0,0,27,0,27,0,0,100,0,100,0,0,127,0,127,221,0,221,348
06/28/2016,LAL,FL,ASO,ES,Federal Contract Tower,0,4,46,2,52,0,0,111,0,111,0,4,157,2,163,216,0,216,379
06/29/2016,LAL,FL,ASO,ES,Federal Contract Tower,0,1,30,0,31,0,0,102,1,103,0,1,132,1,134,166,2,168,302
06/30/2016,LAL,FL,ASO,ES,Federal Contract Tower,1,4,33,0,38,0,0,111,0,111,1,4,144,0,149,207,0,207,356
07/01/2016,LAL,FL,ASO,ES,Federal Contract Tower,1,4,58,0,63,0,0,112,0,112,1,4,170,0,175,118,0,118,293
07/02/2016,LAL,FL,ASO,ES,Federal Contract Tower,0,2,28,0,30,0,0,112,0,112,0,2,140,0,142,140,0,140,282
07/03/2016,LAL,FL,ASO,ES,Federal Contract Tower,0,0,9,0,9,0,0,87,0,87,0,0,96,0,96,88,0,88,184
07/04/2016,LAL,FL,ASO,ES,Federal Contract Tower,0,0,8,0,8,0,0,75,0,75,0,0,83,0,83,116,0,116,199
07/05/2016,LAL,FL,ASO,ES,Federal Contract Tower,0,5,25,8,38,0,0,112,0,112,0,5,137,8,150,234,2,236,386
07/06/2016,LAL,FL,ASO,ES,Federal Contract Tower,0,2,40,0,42,0,0,129,0,129,0,2,169,0,171,216,0,216,387
07/07/2016,LAL,FL,ASO,ES,Federal Contract Tower,0,0,26,0,26,0,0,115,2,117,0,0,141,2,143,314,4,318,461
07/08/2016,LAL,FL,ASO,ES,Federal Contract Tower,0,1,26,21,48,0,0,127,0,127,0,1,153,21,175,112,2,114,289
07/09/2016,LAL,FL,ASO,ES,Federal Contract Tower,0,1,23,0,24,0,0,113,0,113,0,1,136,0,137,134,0,134,271
07/10/2016,LAL,FL,ASO,ES,Federal Contract Tower,0,1,15,4,20,0,0,56,1,57,0,1,71,5,77,94,0,94,171
07/11/2016,LAL,FL,ASO,ES,Federal Contract Tower,0,0,25,2,27,0,0,84,0,84,0,0,109,2,111,126,0,126,237
07/12/2016,LAL,FL,ASO,ES,Federal Contract Tower,0,2,49,2,53,0,0,105,3,108,0,2,154,5,161,92,78,170,331
07/13/2016,LAL,FL,ASO,ES,Federal Contract Tower,0,2,22,0,24,0,0,105,0,105,0,2,127,0,129,140,0,140,269
07/14/2016,LAL,FL,ASO,ES,Federal Contract Tower,0,3,44,1,48,0,0,118,0,118,0,3,162,1,166,58,42,100,266
07/15/2016,LAL,FL,ASO,ES,Federal Contract Tower,0,0,27,2,29,0,0,113,0,113,0,0,140,2,142,239,34,273,415
07/16/2016,LAL,FL,ASO,ES,Federal Contract Tower,0,2,21,2,25,0,0,135,0,135,0,2,156,2,160,158,0,158,318
07/17/2016,LAL,FL,ASO,ES,Federal Contract Tower,0,2,31,2,35,0,0,89,0,89,0,2,120,2,124,118,0,118,242
07/18/2016,LAL,FL,ASO,ES,Federal Contract Tower,0,2,40,0,42,0,0,91,0,91,0,2,131,0,133,198,0,198,331
07/19/2016,LAL,FL,ASO,ES,Federal Contract Tower,0,0,32,0,32,0,0,90,2,92,0,0,122,2,124,132,18,150,274
07/20/2016,LAL,FL,ASO,ES,Federal Contract Tower,0,4,65,3,72,0,0,149,0,149,0,4,214,3,221,244,4,248,469
07/21/2016,LAL,FL,ASO,ES,Federal Contract Tower,0,9,55,0,64,0,0,92,0,92,0,9,147,0,156,92,0,92,248
07/22/2016,LAL,FL,ASO,ES,Federal Contract Tower,0,3,39,1,43,0,0,95,0,95,0,3,134,1,138,86,0,86,224
07/23/2016,LAL,FL,ASO,ES,Federal Contract Tower,0,0,37,0,37,0,0,145,0,145,0,0,182,0,182,204,0,204,386
07/24/2016,LAL,FL,ASO,ES,Federal Contract Tower,0,2,27,12,41,0,0,79,7,86,0,2,106,19,127,68,0,68,195
07/25/2016,LAL,FL,ASO,ES,Federal Contract Tower,0,3,53,8,64,0,0,117,0,117,0,3,170,8,181,246,26,272,453
07/26/2016,LAL,FL,ASO,ES,Federal Contract Tower,0,1,56,4,61,0,0,134,0,134,0,1,190,4,195,220,0,220,415
07/27/2016,LAL,FL,ASO,ES,Federal Contract Tower,0,0,35,0,35,0,0,133,0,133,0,0,168,0,168,352,0,352,520
07/28/2016,LAL,FL,ASO,ES,Federal Contract Tower,0,7,47,0,54,0,0,147,0,147,0,7,194,0,201,198,0,198,399
07/29/2016,LAL,FL,ASO,ES,Federal Contract Tower,0,0,29,0,29,0,0,88,0,88,0,0,117,0,117,100,0,100,217
07/30/2016,LAL,FL,ASO,ES,Federal Contract Tower,0,0,27,0,27,0,0,91,0,91,0,0,118,0,118,104,0,104,222
07/31/2016,LAL,FL,ASO,ES,Federal Contract Tower,0,4,21,8,33,0,0,91,0,91,0,4,112,8,124,168,0,168,292
08/01/2016,LAL,FL,ASO,ES,Federal Contract Tower,0,2,38,0,40,0,0,100,0,100,0,2,138,0,140,136,0,136,276
08/02/2016,LAL,FL,ASO,ES,Federal Contract Tower,0,3,55,0,58,0,0,104,0,104,0,3,159,0,162,148,0,148,310
08/03/2016,LAL,FL,ASO,ES,Federal Contract Tower,0,1,33,0,34,0,0,112,0,112,0,1,145,0,146,220,0,220,366
08/04/2016,LAL,FL,ASO,ES,Federal Contract Tower,0,1,51,0,52,0,0,85,0,85,0,1,136,0,137,230,0,230,367
08/05/2016,LAL,FL,ASO,ES,Federal Contract Tower,0,3,38,0,41,0,0,110,0,110,0,3,148,0,151,126,26,152,303
08/06/2016,LAL,FL,ASO,ES,Federal Contract Tower,0,0,49,0,49,0,0,94,0,94,0,0,143,0,143,172,0,172,315
08/07/2016,LAL,FL,ASO,ES,Federal Contract Tower,0,2,18,0,20,0,0,25,0,25,0,2,43,0,45,110,0,110,155
08/08/2016,LAL,FL,ASO,ES,Federal Contract Tower,0,0,36,2,38,0,0,30,0,30,0,0,66,2,68,42,0,42,110
08/09/2016,LAL,FL,ASO,ES,Federal Contract Tower,0,0,41,0,41,0,0,82,0,82,0,0,123,0,123,132,0,132,255
08/10/2016,LAL,FL,ASO,ES,Federal Contract Tower,0,5,38,0,43,0,0,115,0,115,0,5,153,0,158,280,0,280,438
08/11/2016,LAL,FL,ASO,ES,Federal Contract Tower,0,0,73,0,73,0,0,91,0,91,0,0,164,0,164,176,0,176,340
08/12/2016,LAL,FL,ASO,ES,Federal Contract Tower,0,6,43,0,49,0,0,102,0,102,0,6,145,0,151,216,0,216,367
08/13/2016,LAL,FL,ASO,ES,Federal Contract Tower,0,1,46,0,47,0,0,169,0,169,0,1,215,0,216,228,0,228,444
08/14/2016,LAL,FL,ASO,ES,Federal Contract Tower,0,2,23,0,25,0,0,62,0,62,0,2,85,0,87,112,0,112,199
08/15/2016,LAL,FL,ASO,ES,Federal Contract Tower,0,0,45,2,47,0,0,104,0,104,0,0,149,2,151,177,0,177,328
08/16/2016,LAL,FL,ASO,ES,Federal Contract Tower,0,4,59,6,69,0,0,69,0,69,0,4,128,6,138,174,0,174,312
08/17/2016,LAL,FL,ASO,ES,Federal Contract Tower,0,3,42,2,47,0,0,109,0,109,0,3,151,2,156,186,0,186,342
08/18/2016,LAL,FL,ASO,ES,Federal Contract Tower,0,6,46,0,52,0,0,91,0,91,0,6,137,0,143,138,0,138,281
08/19/2016,LAL,FL,ASO,ES,Federal Contract Tower,0,3,40,14,57,0,0,123,0,123,0,3,163,14,180,176,0,176,356
08/20/2016,LAL,FL,ASO,ES,Federal Contract Tower,0,0,29,0,29,0,0,114,0,114,0,0,143,0,143,180,0,180,323
08/21/2016,LAL,FL,ASO,ES,Federal Contract Tower,0,3,47,0,50,0,0,91,0,91,0,3,138,0,141,38,0,38,179
08/22/2016,LAL,FL,ASO,ES,Federal Contract Tower,0,1,39,6,46,0,0,113,0,113,0,1,152,6,159,148,0,148,307
08/23/2016,LAL,FL,ASO,ES,Federal Contract Tower,0,5,39,4,48,0,0,101,0,101,0,5,140,4,149,134,0,134,283
08/24/2016,LAL,FL,ASO,ES,Federal Contract Tower,0,11,75,6,92,0,0,65,0,65,0,11,140,6,157,72,0,72,229
08/25/2016,LAL,FL,ASO,ES,Federal Contract Tower,0,5,59,6,70,0,0,138,0,138,0,5,197,6,208,160,0,160,368
08/26/2016,LAL,FL,ASO,ES,Federal Contract Tower,0,1,28,4,33,0,0,128,0,128,0,1,156,4,161,112,0,112,273
08/27/2016,LAL,FL,ASO,ES,Federal Contract Tower,0,2,28,0,30,0,0,119,0,119,0,2,147,0,149,66,0,66,215
08/28/2016,LAL,FL,ASO,ES,Federal Contract Tower,0,2,40,0,42,0,0,62,0,62,0,2,102,0,104,47,0,47,151
08/29/2016,LAL,FL,ASO,ES,Federal Contract Tower,0,0,16,0,16,0,0,70,2,72,0,0,86,2,88,142,0,142,230
08/30/2016,LAL,FL,ASO,ES,Federal Contract Tower,0,2,29,0,31,0,0,97,0,97,0,2,126,0,128,72,0,72,200
08/31/2016,LAL,FL,ASO,ES,Federal Contract Tower,0,3,22,0,25,0,0,22,0,22,0,3,44,0,47,42,0,42,89
09/01/2016,LAL,FL,ASO,ES,Federal Contract Tower,0,3,31,0,34,0,0,13,0,13,0,3,44,0,47,16,0,16,63
09/02/2016,LAL,FL,ASO,ES,Federal Contract Tower,2,0,22,0,24,0,0,26,0,26,2,0,48,0,50,42,0,42,92
09/03/2016,LAL,FL,ASO,ES,Federal Contract Tower,0,0,16,0,16,0,0,93,0,93,0,0,109,0,109,172,0,172,281
09/04/2016,LAL,FL,ASO,ES,Federal Contract Tower,0,0,19,0,19,0,0,82,0,82,0,0,101,0,101,180,0,180,281
09/05/2016,LAL,FL,ASO,ES,Federal Contract Tower,0,1,40,0,41,0,0,54,0,54,0,1,94,0,95,156,0,156,251
09/06/2016,LAL,FL,ASO,ES,Federal Contract Tower,0,1,69,0,70,0,0,161,0,161,0,1,230,0,231,166,0,166,397
09/07/2016,LAL,FL,ASO,ES,Federal Contract Tower,0,4,53,0,57,0,0,146,0,146,0,4,199,0,203,224,0,224,427
09/08/2016,LAL,FL,ASO,ES,Federal Contract Tower,0,3,56,0,59,0,0,156,0,156,0,3,212,0,215,202,0,202,417
09/09/2016,LAL,FL,ASO,ES,Federal Contract Tower,0,1,60,0,61,0,0,153,0,153,0,1,213,0,214,176,0,176,390
09/10/2016,LAL,FL,ASO,ES,Federal Contract Tower,0,1,55,0,56,0,0,138,0,138,0,1,193,0,194,100,0,100,294
09/11/2016,LAL,FL,ASO,ES,Federal Contract Tower,0,2,24,4,30,0,0,84,0,84,0,2,108,4,114,172,2,174,288
09/12/2016,LAL,FL,ASO,ES,Federal Contract Tower,0,0,50,6,56,0,0,130,0,130,0,0,180,6,186,122,0,122,308
09/13/2016,LAL,FL,ASO,ES,Federal Contract Tower,0,3,39,2,44,0,0,117,0,117,0,3,156,2,161,198,0,198,359
09/14/2016,LAL,FL,ASO,ES,Federal Contract Tower,0,4,30,4,38,0,0,92,0,92,0,4,122,4,130,212,0,212,342
09/15/2016,LAL,FL,ASO,ES,Federal Contract Tower,0,4,59,4,67,0,0,141,0,141,0,4,200,4,208,204,0,204,412
09/16/2016,LAL,FL,ASO,ES,Federal Contract Tower,0,3,69,18,90,0,0,152,0,152,0,3,221,18,242,208,0,208,450
09/18/2016,LAL,FL,ASO,ES,Federal Contract Tower,0,2,50,0,52,0,0,57,0,57,0,2,107,0,109,58,0,58,167
09/19/2016,LAL,FL,ASO,ES,Federal Contract Tower,0,4,43,0,47,0,0,98,0,98,0,4,141,0,145,138,0,138,283
09/20/2016,LAL,FL,ASO,ES,Federal Contract Tower,0,2,48,2,52,0,0,117,0,117,0,2,165,2,169,190,0,190,359
09/21/2016,LAL,FL,ASO,ES,Federal Contract Tower,0,0,59,0,59,0,0,140,0,140,0,0,199,0,199,254,0,254,453
09/22/2016,LAL,FL,ASO,ES,Federal Contract Tower,0,6,45,0,51,0,0,149,0,149,0,6,194,0,200,210,0,210,410
09/23/2016,LAL,FL,ASO,ES,Federal Contract Tower,0,3,72,0,75,0,0,150,2,152,0,3,222,2,227,312,2,314,541
09/24/2016,LAL,FL,ASO,ES,Federal Contract Tower,0,2,62,0,64,0,0,112,0,112,0,2,174,0,176,153,0,153,329
09/25/2016,LAL,FL,ASO,ES,Federal Contract Tower,0,0,33,0,33,0,0,113,0,113,0,0,146,0,146,126,0,126,272
09/26/2016,LAL,FL,ASO,ES,Federal Contract Tower,2,1,42,0,45,0,0,97,0,97,2,1,139,0,142,120,0,120,262
09/27/2016,LAL,FL,ASO,ES,Federal Contract Tower,0,4,54,0,58,0,0,115,0,115,0,4,169,0,173,198,0,198,371
09/28/2016,LAL,FL,ASO,ES,Federal Contract Tower,0,2,57,0,59,0,0,134,0,134,0,2,191,0,193,208,0,208,401
09/29/2016,LAL,FL,ASO,ES,Federal Contract Tower,0,5,38,1,44,0,0,78,1,79,0,5,116,2,123,138,0,138,261
09/30/2016,LAL,FL,ASO,ES,Federal Contract Tower,0,7,51,2,60,0,0,122,0,122,0,7,173,2,182,226,0,226,408
10/01/2016,LAL,FL,ASO,ES,Federal Contract Tower,0,2,39,0,41,0,0,122,0,122,0,2,161,0,163,176,0,176,339
10/02/2016,LAL,FL,ASO,ES,Federal Contract Tower,0,2,42,0,44,0,0,70,0,70,0,2,112,0,114,138,0,138,252
10/03/2016,LAL,FL,ASO,ES,Federal Contract Tower,0,3,59,2,64,0,0,85,0,85,0,3,144,2,149,106,0,106,255
10/04/2016,LAL,FL,ASO,ES,Federal Contract Tower,0,7,63,0,70,0,0,140,2,142,0,7,203,2,212,122,0,122,334
10/05/2016,LAL,FL,ASO,ES,Federal Contract Tower,0,3,76,0,79,0,0,168,0,168,0,3,244,0,247,72,0,72,319
10/06/2016,LAL,FL,ASO,ES,Federal Contract Tower,0,3,10,0,13,0,0,5,0,5,0,3,15,0,18,0,6,6,24
10/07/2016,LAL,FL,ASO,ES,Federal Contract Tower,0,2,3,0,5,0,0,8,0,8,0,2,11,0,13,0,0,0,13
10/08/2016,LAL,FL,ASO,ES,Federal Contract Tower,0,1,27,0,28,0,0,194,0,194,0,1,221,0,222,58,0,58,280
10/09/2016,LAL,FL,ASO,ES,Federal Contract Tower,0,2,33,0,35,0,0,117,0,117,0,2,150,0,152,92,0,92,244
10/10/2016,LAL,FL,ASO,ES,Federal Contract Tower,0,1,47,0,48,0,0,124,0,124,0,1,171,0,172,196,0,196,368
10/11/2016,LAL,FL,ASO,ES,Federal Contract Tower,0,2,53,6,61,0,0,114,0,114,0,2,167,6,175,288,0,288,463
10/12/2016,LAL,FL,ASO,ES,Federal Contract Tower,2,3,44,0,49,0,0,96,0,96,2,3,140,0,145,66,0,66,211
10/13/2016,LAL,FL,ASO,ES,Federal Contract Tower,0,0,66,5,71,0,0,149,0,149,0,0,215,5,220,116,14,130,350
10/14/2016,LAL,FL,ASO,ES,Federal Contract Tower,0,0,57,2,59,0,0,127,0,127,0,0,184,2,186,156,0,156,342
10/15/2016,LAL,FL,ASO,ES,Federal Contract Tower,0,0,67,1,68,0,0,77,3,80,0,0,144,4,148,170,12,182,330
10/16/2016,LAL,FL,ASO,ES,Federal Contract Tower,0,3,47,2,52,0,0,82,0,82,0,3,129,2,134,78,0,78,212
10/17/2016,LAL,FL,ASO,ES,Federal Contract Tower,0,0,78,3,81,0,0,129,0,129,0,0,207,3,210,154,2,156,366
10/18/2016,LAL,FL,ASO,ES,Federal Contract Tower,0,4,55,0,59,0,0,142,0,142,0,4,197,0,201,94,0,94,295
10/19/2016,LAL,FL,ASO,ES,Federal Contract Tower,0,2,58,8,68,0,0,140,0,140,0,2,198,8,208,152,0,152,360
10/20/2016,LAL,FL,ASO,ES,Federal Contract Tower,0,11,45,6,62,0,0,147,2,149,0,11,192,8,211,180,0,180,391
10/21/2016,LAL,FL,ASO,ES,Federal Contract Tower,0,4,65,0,69,0,0,148,0,148,0,4,213,0,217,134,0,134,351
10/22/2016,LAL,FL,ASO,ES,Federal Contract Tower,0,0,37,0,37,0,0,157,0,157,0,0,194,0,194,150,0,150,344
10/23/2016,LAL,FL,ASO,ES,Federal Contract Tower,0,10,37,0,47,0,0,102,0,102,0,10,139,0,149,41,0,41,190
10/24/2016,LAL,FL,ASO,ES,Federal Contract Tower,0,3,65,0,68,0,0,139,0,139,0,3,204,0,207,108,0,108,315
10/25/2016,LAL,FL,ASO,ES,Federal Contract Tower,0,4,64,0,68,0,0,156,0,156,0,4,220,0,224,128,0,128,352
10/26/2016,LAL,FL,ASO,ES,Federal Contract Tower,0,5,60,4,69,0,0,159,0,159,0,5,219,4,228,120,0,120,348
10/27/2016,LAL,FL,ASO,ES,Federal Contract Tower,0,3,81,2,86,0,0,131,0,131,0,3,212,2,217,97,28,125,342
10/28/2016,LAL,FL,ASO,ES,Federal Contract Tower,0,5,64,0,69,0,0,147,0,147,0,5,211,0,216,100,0,100,316
10/29/2016,LAL,FL,ASO,ES,Federal Contract Tower,0,2,44,0,46,0,0,82,0,82,0,2,126,0,128,120,0,120,248
10/30/2016,LAL,FL,ASO,ES,Federal Contract Tower,0,5,24,0,29,0,0,70,0,70,0,5,94,0,99,66,0,66,165
10/31/2016,LAL,FL,ASO,ES,Federal Contract Tower,0,1,47,0,48,0,0,70,0,70,0,1,117,0,118,134,0,134,252
11/01/2016,LAL,FL,ASO,ES,Federal Contract Tower,2,5,55,0,62,0,0,137,0,137,2,5,192,0,199,166,0,166,365
11/02/2016,LAL,FL,ASO,ES,Federal Contract Tower,0,2,58,2,62,0,0,86,1,87,0,2,144,3,149,124,12,136,285
11/03/2016,LAL,FL,ASO,ES,Federal Contract Tower,0,7,85,2,94,0,0,134,0,134,0,7,219,2,228,144,0,144,372
11/04/2016,LAL,FL,ASO,ES,Federal Contract Tower,0,4,63,12,79,0,0,137,0,137,0,4,200,12,216,224,0,224,440
11/05/2016,LAL,FL,ASO,ES,Federal Contract Tower,0,4,45,0,49,0,0,126,0,126,0,4,171,0,175,156,0,156,331
11/06/2016,LAL,FL,ASO,ES,Federal Contract Tower,0,5,40,0,45,0,0,67,0,67,0,5,107,0,112,46,0,46,158
11/07/2016,LAL,FL,ASO,ES,Federal Contract Tower,0,0,63,7,70,0,0,81,4,85,0,0,144,11,155,156,0,156,311
11/08/2016,LAL,FL,ASO,ES,Federal Contract Tower,0,2,48,0,50,0,0,114,1,115,0,2,162,1,165,176,10,186,351
11/09/2016,LAL,FL,ASO,ES,Federal Contract Tower,0,7,51,6,64,0,0,108,0,108,0,7,159,6,172,186,0,186,358
11/10/2016,LAL,FL,ASO,ES,Federal Contract Tower,0,2,45,4,51,0,0,133,0,133,0,2,178,4,184,176,0,176,360
11/11/2016,LAL,FL,ASO,ES,Federal Contract Tower,0,2,38,0,40,0,0,183,0,183,0,2,221,0,223,180,0,180,403
11/12/2016,LAL,FL,ASO,ES,Federal Contract Tower,0,0,36,0,36,0,0,185,0,185,0,0,221,0,221,132,0,132,353
11/13/2016,LAL,FL,ASO,ES,Federal Contract Tower,0,4,42,0,46,0,0,110,0,110,0,4,152,0,156,66,0,66,222
11/14/2016,LAL,FL,ASO,ES,Federal Contract Tower,0,0,57,4,61,0,0,58,0,58,0,0,115,4,119,108,0,108,227
11/15/2016,LAL,FL,ASO,ES,Federal Contract Tower,0,5,52,21,78,0,0,191,4,195,0,5,243,25,273,102,26,128,401
11/16/2016,LAL,FL,ASO,ES,Federal Contract Tower,0,0,58,0,58,0,0,158,0,158,0,0,216,0,216,124,0,124,340
11/17/2016,LAL,FL,ASO,ES,Federal Contract Tower,0,6,55,0,61,0,0,148,0,148,0,6,203,0,209,130,0,130,339
11/18/2016,LAL,FL,ASO,ES,Federal Contract Tower,0,4,41,1,46,0,0,128,1,129,0,4,169,2,175,81,14,95,270
11/19/2016,LAL,FL,ASO,ES,Federal Contract Tower,0,0,42,0,42,0,0,93,0,93,0,0,135,0,135,54,0,54,189
11/20/2016,LAL,FL,ASO,ES,Federal Contract Tower,0,2,43,0,45,0,0,100,0,100,0,2,143,0,145,66,0,66,211
11/21/2016,LAL,FL,ASO,ES,Federal Contract Tower,0,3,63,0,66,0,0,119,0,119,0,3,182,0,185,140,0,140,325
11/22/2016,LAL,FL,ASO,ES,Federal Contract Tower,0,3,29,2,34,0,0,111,0,111,0,3,140,2,145,96,16,112,257
11/23/2016,LAL,FL,ASO,ES,Federal Contract Tower,0,0,43,0,43,0,0,114,0,114,0,0,157,0,157,98,0,98,255
11/24/2016,LAL,FL,ASO,ES,Federal Contract Tower,0,0,9,0,9,0,0,28,0,28,0,0,37,0,37,32,0,32,69
11/25/2016,LAL,FL,ASO,ES,Federal Contract Tower,0,3,40,0,43,0,0,85,0,85,0,3,125,0,128,108,0,108,236
11/26/2016,LAL,FL,ASO,ES,Federal Contract Tower,0,3,24,0,27,0,0,69,0,69,0,3,93,0,96,56,0,56,152
11/27/2016,LAL,FL,ASO,ES,Federal Contract Tower,0,7,34,0,41,0,0,73,0,73,0,7,107,0,114,24,0,24,138
11/28/2016,LAL,FL,ASO,ES,Federal Contract Tower,0,2,47,0,49,0,0,100,4,104,0,2,147,4,153,80,26,106,259
11/29/2016,LAL,FL,ASO,ES,Federal Contract Tower,0,5,59,2,66,0,0,73,0,73,0,5,132,2,139,112,0,112,251
11/30/2016,LAL,FL,ASO,ES,Federal Contract Tower,0,3,44,4,51,0,0,67,0,67,0,3,111,4,118,78,0,78,196
12/01/2016,LAL,FL,ASO,ES,Federal Contract Tower,0,3,55,0,58,0,0,77,0,77,0,3,132,0,135,52,0,52,187
12/02/2016,LAL,FL,ASO,ES,Federal Contract Tower,0,5,52,4,61,0,0,131,0,131,0,5,183,4,192,38,0,38,230
12/03/2016,LAL,FL,ASO,ES,Federal Contract Tower,0,2,40,0,42,0,0,245,0,245,0,2,285,0,287,152,0,152,439
12/04/2016,LAL,FL,ASO,ES,Federal Contract Tower,0,0,52,2,54,0,0,96,0,96,0,0,148,2,150,52,0,52,202
12/05/2016,LAL,FL,ASO,ES,Federal Contract Tower,0,1,46,0,47,0,0,47,0,47,0,1,93,0,94,46,0,46,140
12/06/2016,LAL,FL,ASO,ES,Federal Contract Tower,0,0,18,0,18,0,0,5,0,5,0,0,23,0,23,6,0,6,29
12/07/2016,LAL,FL,ASO,ES,Federal Contract Tower,0,3,54,4,61,0,0,86,2,88,0,3,140,6,149,124,0,124,273
12/08/2016,LAL,FL,ASO,ES,Federal Contract Tower,0,1,52,0,53,0,0,87,0,87,0,1,139,0,140,56,0,56,196
12/09/2016,LAL,FL,ASO,ES,Federal Contract Tower,0,2,41,0,43,0,0,97,1,98,0,2,138,1,141,158,0,158,299
12/10/2016,LAL,FL,ASO,ES,Federal Contract Tower,0,4,41,0,45,0,0,114,0,114,0,4,155,0,159,240,0,240,399
12/11/2016,LAL,FL,ASO,ES,Federal Contract Tower,0,4,42,11,57,0,0,74,0,74,0,4,116,11,131,96,4,100,231
12/12/2016,LAL,FL,ASO,ES,Federal Contract Tower,0,2,45,6,53,0,0,61,0,61,0,2,106,6,114,100,0,100,214
12/13/2016,LAL,FL,ASO,ES,Federal Contract Tower,0,9,47,0,56,0,0,123,0,123,0,9,170,0,179,236,0,236,415
12/14/2016,LAL,FL,ASO,ES,Federal Contract Tower,0,4,49,2,55,0,0,78,2,80,0,4,127,4,135,102,6,108,243
12/15/2016,LAL,FL,ASO,ES,Federal Contract Tower,0,5,52,7,64,0,0,98,0,98,0,5,150,7,162,168,4,172,334
12/16/2016,LAL,FL,ASO,ES,Federal Contract Tower,0,2,34,8,44,0,0,115,6,121,0,2,149,14,165,128,28,156,321
12/17/2016,LAL,FL,ASO,ES,Federal Contract Tower,0,6,32,2,40,0,0,85,9,94,0,6,117,11,134,88,0,88,222
12/18/2016,LAL,FL,ASO,ES,Federal Contract Tower,0,2,34,0,36,0,0,39,0,39,0,2,73,0,75,38,0,38,113
12/19/2016,LAL,FL,ASO,ES,Federal Contract Tower,0,3,39,5,47,0,0,70,12,82,0,3,109,17,129,102,46,148,277
12/20/2016,LAL,FL,ASO,ES,Federal Contract Tower,0,3,75,0,78,0,0,30,0,30,0,3,105,0,108,84,0,84,192
12/21/2016,LAL,FL,ASO,ES,Federal Contract Tower,0,0,43,0,43,0,0,43,0,43,0,0,86,0,86,46,0,46,132
12/22/2016,LAL,FL,ASO,ES,Federal Contract Tower,0,4,33,0,37,0,0,118,3,121,0,4,151,3,158,144,14,158,316
12/23/2016,LAL,FL,ASO,ES,Federal Contract Tower,0,1,30,2,33,0,0,108,0,108,0,1,138,2,141,128,0,128,269
12/24/2016,LAL,FL,ASO,ES,Federal Contract Tower,0,1,6,0,7,0,0,51,0,51,0,1,57,0,58,42,0,42,100
12/25/2016,LAL,FL,ASO,ES,Federal Contract Tower,0,1,10,0,11,0,0,26,0,26,0,1,36,0,37,24,0,24,61
12/26/2016,LAL,FL,ASO,ES,Federal Contract Tower,0,1,26,0,27,0,0,62,0,62,0,1,88,0,89,100,0,100,189
12/27/2016,LAL,FL,ASO,ES,Federal Contract Tower,0,0,47,0,47,0,0,91,0,91,0,0,138,0,138,104,0,104,242
12/28/2016,LAL,FL,ASO,ES,Federal Contract Tower,0,0,39,0,39,0,0,100,0,100,0,0,139,0,139,84,0,84,223
12/29/2016,LAL,FL,ASO,ES,Federal Contract Tower,0,2,29,16,47,0,0,101,2,103,0,2,130,18,150,98,12,110,260
12/30/2016,LAL,FL,ASO,ES,Federal Contract Tower,0,0,33,0,33,0,0,113,0,113,0,0,146,0,146,82,0,82,228
12/31/2016,LAL,FL,ASO,ES,Federal Contract Tower,0,4,27,0,31,0,0,88,0,88,0,4,115,0,119,120,0,120,239
01/01/2017,LAL,FL,ASO,ES,Federal Contract Tower,0,0,5,0,5,0,0,37,0,37,0,0,42,0,42,92,0,92,134
01/02/2017,LAL,FL,ASO,ES,Federal Contract Tower,0,0,66,0,66,0,0,69,0,69,0,0,135,0,135,130,0,130,265
01/03/2017,LAL,FL,ASO,ES,Federal Contract Tower,0,2,30,2,34,0,0,46,0,46,0,2,76,2,80,100,0,100,180
01/04/2017,LAL,FL,ASO,ES,Federal Contract Tower,0,3,35,0,38,0,0,81,1,82,0,3,116,1,120,119,0,119,239
01/05/2017,LAL,FL,ASO,ES,Federal Contract Tower,0,2,40,2,44,0,0,132,2,134,0,2,172,4,178,146,0,146,324
01/06/2017,LAL,FL,ASO,ES,Federal Contract Tower,0,2,36,24,62,0,0,132,0,132,0,2,168,24,194,192,0,192,386
01/07/2017,LAL,FL,ASO,ES,Federal Contract Tower,0,0,10,0,10,0,0,9,0,9,0,0,19,0,19,2,0,2,21
01/08/2017,LAL,FL,ASO,ES,Federal Contract Tower,0,0,17,11,28,0,0,59,3,62,0,0,76,14,90,98,8,106,196
01/09/2017,LAL,FL,ASO,ES,Federal Contract Tower,0,4,31,6,41,0,0,118,0,118,0,4,149,6,159,155,16,171,330
01/10/2017,LAL,FL,ASO,ES,Federal Contract Tower,0,3,49,7,59,0,0,146,1,147,0,3,195,8,206,138,0,138,344
01/11/2017,LAL,FL,ASO,ES,Federal Contract Tower,0,5,57,6,68,0,0,154,0,154,0,5,211,6,222,88,0,88,310
01/12/2017,LAL,FL,ASO,ES,Federal Contract Tower,0,4,55,1,60,0,0,165,1,166,0,4,220,2,226,96,0,96,322
01/13/2017,LAL,FL,ASO,ES,Federal Contract Tower,0,0,42,4,46,0,0,89,0,89,0,0,131,4,135,98,0,98,233
01/14/2017,LAL,FL,ASO,ES,Federal Contract Tower,0,1,34,0,35,0,0,109,0,109,0,1,143,0,144,132,0,132,276
01/15/2017,LAL,FL,ASO,ES,Federal Contract Tower,0,3,30,0,33,0,0,97,0,97,0,3,127,0,130,148,0,148,278
01/16/2017,LAL,FL,ASO,ES,Federal Contract Tower,0,8,46,0,54,0,0,136,0,136,0,8,182,0,190,162,0,162,352
01/17/2017,LAL,FL,ASO,ES,Federal Contract Tower,0,3,65,4,72,0,0,157,1,158,0,3,222,5,230,152,0,152,382
01/18/2017,LAL,FL,ASO,ES,Federal Contract Tower,0,0,32,0,32,0,0,161,0,161,0,0,193,0,193,196,0,196,389
01/19/2017,LAL,FL,ASO,ES,Federal Contract Tower,0,4,59,2,65,0,0,175,0,175,0,4,234,2,240,178,0,178,418
01/20/2017,LAL,FL,ASO,ES,Federal Contract Tower,0,0,51,0,51,0,0,158,0,158,0,0,209,0,209,218,0,218,427
01/21/2017,LAL,FL,ASO,ES,Federal Contract Tower,0,0,37,0,37,0,0,138,0,138,0,0,175,0,175,46,0,46,221
01/22/2017,LAL,FL,ASO,ES,Federal Contract Tower,2,3,8,4,17,0,0,2,0,2,2,3,10,4,19,2,0,2,21
01/23/2017,LAL,FL,ASO,ES,Federal Contract Tower,0,0,18,0,18,0,0,39,0,39,0,0,57,0,57,18,0,18,75
01/24/2017,LAL,FL,ASO,ES,Federal Contract Tower,0,1,54,1,56,0,0,179,0,179,0,1,233,1,235,128,0,128,363
01/25/2017,LAL,FL,ASO,ES,Federal Contract Tower,0,4,52,4,60,0,0,126,0,126,0,4,178,4,186,76,0,76,262
01/26/2017,LAL,FL,ASO,ES,Federal Contract Tower,0,2,73,0,75,0,0,122,0,122,0,2,195,0,197,124,0,124,321
01/27/2017,LAL,FL,ASO,ES,Federal Contract Tower,0,0,46,2,48,0,0,151,1,152,0,0,197,3,200,140,10,150,350
01/28/2017,LAL,FL,ASO,ES,Federal Contract Tower,0,0,35,0,35,0,0,164,0,164,0,0,199,0,199,172,0,172,371
01/29/2017,LAL,FL,ASO,ES,Federal Contract Tower,2,3,25,0,30,0,0,40,0,40,2,3,65,0,70,80,0,80,150
01/30/2017,LAL,FL,ASO,ES,Federal Contract Tower,0,1,55,0,56,0,0,143,0,143,0,1,198,0,199,86,0,86,285
01/31/2017,LAL,FL,ASO,ES,Federal Contract Tower,0,1,59,0,60,0,0,202,0,202,0,1,261,0,262,182,0,182,444
02/01/2017,LAL,FL,ASO,ES,Federal Contract Tower,0,2,57,0,59,0,0,185,0,185,0,2,242,0,244,286,0,286,530
02/02/2017,LAL,FL,ASO,ES,Federal Contract Tower,0,5,103,2,110,0,0,188,0,188,0,5,291,2,298,160,0,160,458
02/03/2017,LAL,FL,ASO,ES,Federal Contract Tower,0,2,56,8,66,0,0,171,0,171,0,2,227,8,237,148,10,158,395
02/04/2017,LAL,FL,ASO,ES,Federal Contract Tower,1,0,109,0,110,0,0,197,0,197,1,0,306,0,307,90,0,90,397
02/05/2017,LAL,FL,ASO,ES,Federal Contract Tower,0,3,71,0,74,0,0,75,0,75,0,3,146,0,149,22,0,22,171
02/06/2017,LAL,FL,ASO,ES,Federal Contract Tower,0,5,32,0,37,0,0,63,4,67,0,5,95,4,104,104,2,106,210
02/07/2017,LAL,FL,ASO,ES,Federal Contract Tower,0,7,89,8,104,0,0,159,1,160,0,7,248,9,264,132,0,132,396
02/08/2017,LAL,FL,ASO,ES,Federal Contract Tower,0,3,72,0,75,0,0,132,0,132,0,3,204,0,207,158,0,158,365
02/09/2017,LAL,FL,ASO,ES,Federal Contract Tower,0,4,62,1,67,0,0,112,5,117,0,4,174,6,184,116,8,124,308
02/10/2017,LAL,FL,ASO,ES,Federal Contract Tower,0,7,79,12,98,0,0,154,0,154,0,7,233,12,252,106,0,106,358
02/11/2017,LAL,FL,ASO,ES,Federal Contract Tower,0,0,69,0,69,0,0,165,0,165,0,0,234,0,234,200,0,200,434
02/12/2017,LAL,FL,ASO,ES,Federal Contract Tower,0,0,60,1,61,0,0,119,1,120,0,0,179,2,181,146,6,152,333
02/13/2017,LAL,FL,ASO,ES,Federal Contract Tower,0,3,58,2,63,0,0,83,0,83,0,3,141,2,146,166,0,166,312
02/14/2017,LAL,FL,ASO,ES,Federal Contract Tower,0,4,59,2,65,0,0,126,0,126,0,4,185,2,191,212,0,212,403
02/15/2017,LAL,FL,ASO,ES,Federal Contract Tower,0,3,34,6,43,0,0,29,0,29,0,3,63,6,72,30,0,30,102
02/16/2017,LAL,FL,ASO,ES,Federal Contract Tower,0,3,81,0,84,0,0,199,2,201,0,3,280,2,285,128,32,160,445
02/17/2017,LAL,FL,ASO,ES,Federal Contract Tower,0,4,49,4,57,0,0,169,0,169,0,4,218,4,226,188,0,188,414
02/18/2017,LAL,FL,ASO,ES,Federal Contract Tower,0,3,14,2,19,0,0,79,0,79,0,3,93,2,98,26,0,26,124
02/19/2017,LAL,FL,ASO,ES,Federal Contract Tower,0,2,37,2,41,0,0,95,0,95,0,2,132,2,136,60,0,60,196
02/20/2017,LAL,FL,ASO,ES,Federal Contract Tower,0,2,50,0,52,0,0,160,0,160,0,2,210,0,212,144,0,144,356
02/21/2017,LAL,FL,ASO,ES,Federal Contract Tower,0,5,69,4,78,0,0,138,0,138,0,5,207,4,216,146,4,150,366
02/22/2017,LAL,FL,ASO,ES,Federal Contract Tower,0,2,35,0,37,0,0,12,0,12,0,2,47,0,49,6,0,6,55
02/23/2017,LAL,FL,ASO,ES,Federal Contract Tower,0,8,79,4,91,0,0,63,0,63,0,8,142,4,154,96,0,96,250
02/24/2017,LAL,FL,ASO,ES,Federal Contract Tower,0,6,67,18,91,0,0,142,2,144,0,6,209,20,235,159,2,161,396
02/25/2017,LAL,FL,ASO,ES,Federal Contract Tower,0,3,55,0,58,0,0,138,0,138,0,3,193,0,196,162,0,162,358
02/26/2017,LAL,FL,ASO,ES,Federal Contract Tower,0,7,49,12,68,0,0,164,0,164,0,7,213,12,232,122,0,122,354
02/27/2017,LAL,FL,ASO,ES,Federal Contract Tower,0,2,51,8,61,0,0,232,2,234,0,2,283,10,295,105,10,115,410
02/28/2017,LAL,FL,ASO,ES,Federal Contract Tower,0,3,81,6,90,0,0,132,5,137,0,3,213,11,227,157,10,167,394
03/01/2017,LAL,FL,ASO,ES,Federal Contract Tower,0,8,50,4,62,0,0,153,3,156,0,8,203,7,218,124,8,132,350
03/02/2017,LAL,FL,ASO,ES,Federal Contract Tower,0,10,62,0,72,0,0,84,0,84,0,10,146,0,156,122,0,122,278
03/03/2017,LAL,FL,ASO,ES,Federal Contract Tower,0,1,78,6,85,0,0,133,0,133,0,1,211,6,218,80,0,80,298
03/04/2017,LAL,FL,ASO,ES,Federal Contract Tower,0,2,63,0,65,0,0,194,8,202,0,2,257,8,267,88,8,96,363
03/05/2017,LAL,FL,ASO,ES,Federal Contract Tower,0,2,65,5,72,0,0,103,0,103,0,2,168,5,175,36,0,36,211
03/06/2017,LAL,FL,ASO,ES,Federal Contract Tower,0,5,55,1,61,0,0,85,3,88,0,5,140,4,149,144,2,146,295
03/07/2017,LAL,FL,ASO,ES,Federal Contract Tower,0,1,55,2,58,0,0,164,0,164,0,1,219,2,222,122,0,122,344
03/08/2017,LAL,FL,ASO,ES,Federal Contract Tower,0,4,84,2,90,0,0,139,0,139,0,4,223,2,229,154,0,154,383
03/09/2017,LAL,FL,ASO,ES,Federal Contract Tower,0,4,43,2,49,0,0,125,2,127,0,4,168,4,176,148,0,148,324
03/10/2017,LAL,FL,ASO,ES,Federal Contract Tower,0,2,62,4,68,0,0,128,0,128,0,2,190,4,196,148,0,148,344
03/11/2017,LAL,FL,ASO,ES,Federal Contract Tower,0,3,65,0,68,0,0,193,0,193,0,3,258,0,261,134,0,134,395
03/12/2017,LAL,FL,ASO,ES,Federal Contract Tower,0,2,25,9,36,0,0,55,1,56,0,2,80,10,92,150,0,150,242
03/13/2017,LAL,FL,ASO,ES,Federal Contract Tower,0,0,58,0,58,0,0,87,0,87,0,0,145,0,145,168,0,168,313
03/14/2017,LAL,FL,ASO,ES,Federal Contract Tower,0,3,40,1,44,0,0,103,2,105,0,3,143,3,149,68,4,72,221
03/15/2017,LAL,FL,ASO,ES,Federal Contract Tower,0,1,42,3,46,0,0,158,0,158,0,1,200,3,204,82,0,82,286
03/16/2017,LAL,FL,ASO,ES,Federal Contract Tower,0,0,66,0,66,0,0,168,0,168,0,0,234,0,234,159,0,159,393
03/17/2017,LAL,FL,ASO,ES,Federal Contract Tower,0,2,73,0,75,0,0,164,0,164,0,2,237,0,239,120,0,120,359
03/18/2017,LAL,FL,ASO,ES,Federal Contract Tower,0,6,46,0,52,0,0,161,0,161,0,6,207,0,213,84,0,84,297
03/19/2017,LAL,FL,ASO,ES,Federal Contract Tower,0,3,52,0,55,0,0,101,0,101,0,3,153,0,156,68,0,68,224
03/20/2017,LAL,FL,ASO,ES,Federal Contract Tower,0,4,38,6,48,0,0,121,0,121,0,4,159,6,169,196,0,196,365
03/21/2017,LAL,FL,ASO,ES,Federal Contract Tower,0,1,46,9,56,0,0,126,0,126,0,1,172,9,182,150,4,154,336
03/22/2017,LAL,FL,ASO,ES,Federal Contract Tower,0,2,64,1,67,0,0,104,1,105,0,2,168,2,172,148,8,156,328
03/23/2017,LAL,FL,ASO,ES,Federal Contract Tower,0,6,57,0,63,0,0,95,0,95,0,6,152,0,158,86,0,86,244
03/24/2017,LAL,FL,ASO,ES,Federal Contract Tower,0,4,59,2,65,0,0,103,0,103,0,4,162,2,168,78,0,78,246
03/25/2017,LAL,FL,ASO,ES,Federal Contract Tower,0,1,38,0,39,0,0,127,0,127,0,1,165,0,166,138,0,138,304
03/26/2017,LAL,FL,ASO,ES,Federal Contract Tower,0,8,33,0,41,0,0,114,0,114,0,8,147,0,155,158,0,158,313
03/27/2017,LAL,FL,ASO,ES,Federal Contract Tower,0,2,49,0,51,0,0,113,0,113,0,2,162,0,164,162,0,162,326
03/28/2017,LAL,FL,ASO,ES,Federal Contract Tower,0,4,57,0,61,0,0,171,0,171,0,4,228,0,232,118,0,118,350
03/29/2017,LAL,FL,ASO,ES,Federal Contract Tower,0,2,48,4,54,0,0,176,0,176,0,2,224,4,230,178,0,178,408
03/30/2017,LAL,FL,ASO,ES,Federal Contract Tower,0,6,52,2,60,0,0,181,0,181,0,6,233,2,241,238,0,238,479
03/31/2017,LAL,FL,ASO,ES,Federal Contract Tower,0,2,39,2,43,0,0,115,0,115,0,2,154,2,158,144,0,144,302
04/01/2017,LAL,FL,ASO,ES,Federal Contract Tower,0,2,42,0,44,0,0,206,0,206,0,2,248,0,250,106,0,106,356
04/02/2017,LAL,FL,ASO,ES,Federal Contract Tower,0,4,37,2,43,0,0,208,9,217,0,4,245,11,260,16,6,22,282
04/03/2017,LAL,FL,ASO,ES,Federal Contract Tower,0,0,41,1,42,0,0,483,0,483,0,0,524,1,525,0,14,14,539
04/04/2017,LAL,FL,ASO,ES,Federal Contract Tower,0,0,0,0,0,0,0,707,0,707,0,0,707,0,707,0,0,0,707
04/05/2017,LAL,FL,ASO,ES,Federal Contract Tower,0,0,0,0,0,0,0,1102,0,1102,0,0,1102,0,1102,0,0,0,1102
04/06/2017,LAL,FL,ASO,ES,Federal Contract Tower,3,0,45,0,48,0,0,438,0,438,3,0,483,0,486,10,0,10,496
04/07/2017,LAL,FL,ASO,ES,Federal Contract Tower,2,0,0,0,2,0,0,1484,0,1484,2,0,1484,0,1486,8,0,8,1494
04/09/2017,LAL,FL,ASO,ES,Federal Contract Tower,0,0,1,0,1,0,0,848,0,848,0,0,849,0,849,0,0,0,849
04/10/2017,LAL,FL,ASO,ES,Federal Contract Tower,0,6,56,6,68,0,0,267,1,268,0,6,323,7,336,58,0,58,394
04/11/2017,LAL,FL,ASO,ES,Federal Contract Tower,0,5,53,2,60,0,0,167,0,167,0,5,220,2,227,134,0,134,361
04/12/2017,LAL,FL,ASO,ES,Federal Contract Tower,0,4,56,8,68,0,0,149,0,149,0,4,205,8,217,130,0,130,347
04/13/2017,LAL,FL,ASO,ES,Federal Contract Tower,0,6,78,0,84,0,0,135,0,135,0,6,213,0,219,178,0,178,397
04/14/2017,LAL,FL,ASO,ES,Federal Contract Tower,0,3,63,0,66,0,0,157,0,157,0,3,220,0,223,106,0,106,329
04/15/2017,LAL,FL,ASO,ES,Federal Contract Tower,0,0,42,0,42,0,0,85,0,85,0,0,127,0,127,112,0,112,239
04/16/2017,LAL,FL,ASO,ES,Federal Contract Tower,0,4,35,0,39,0,0,91,0,91,0,4,126,0,130,80,0,80,210
04/17/2017,LAL,FL,ASO,ES,Federal Contract Tower,0,3,49,0,52,0,0,135,0,135,0,3,184,0,187,216,0,216,403
04/18/2017,LAL,FL,ASO,ES,Federal Contract Tower,0,6,49,0,55,0,0,148,0,148,0,6,197,0,203,202,0,202,405
04/19/2017,LAL,FL,ASO,ES,Federal Contract Tower,0,4,70,0,74,0,0,170,0,170,0,4,240,0,244,174,0,174,418
04/20/2017,LAL,FL,ASO,ES,Federal Contract Tower,0,2,45,0,47,0,0,125,0,125,0,2,170,0,172,209,0,209,381
04/21/2017,LAL,FL,ASO,ES,Federal Contract Tower,0,0,72,11,83,0,0,197,2,199,0,0,269,13,282,152,0,152,434
04/22/2017,LAL,FL,ASO,ES,Federal Contract Tower,0,0,31,0,31,0,0,149,0,149,0,0,180,0,180,117,0,117,297
04/23/2017,LAL,FL,ASO,ES,Federal Contract Tower,0,4,31,2,37,0,0,63,0,63,0,4,94,2,100,52,0,52,152
04/24/2017,LAL,FL,ASO,ES,Federal Contract Tower,0,2,54,0,56,0,0,93,0,93,0,2,147,0,149,108,0,108,257
04/25/2017,LAL,FL,ASO,ES,Federal Contract Tower,0,5,59,0,64,0,0,208,0,208,0,5,267,0,272,248,0,248,520
04/26/2017,LAL,FL,ASO,ES,Federal Contract Tower,0,7,53,0,60,0,0,186,0,186,0,7,239,0,246,202,0,202,448
04/27/2017,LAL,FL,ASO,ES,Federal Contract Tower,0,8,54,0,62,0,0,156,0,156,0,8,210,0,218,254,0,254,472
04/28/2017,LAL,FL,ASO,ES,Federal Contract Tower,0,1,70,2,73,0,0,134,0,134,0,1,204,2,207,150,4,154,361
04/29/2017,LAL,FL,ASO,ES,Federal Contract Tower,0,1,30,0,31,0,0,83,0,83,0,1,113,0,114,98,0,98,212
04/30/2017,LAL,FL,ASO,ES,Federal Contract Tower,0,4,19,2,25,0,0,57,0,57,0,4,76,2,82,28,0,28,110
05/01/2017,LAL,FL,ASO,ES,Federal Contract Tower,0,7,42,6,55,0,0,117,0,117,0,7,159,6,172,178,0,178,350
05/02/2017,LAL,FL,ASO,ES,Federal Contract Tower,0,0,49,0,49,0,0,120,0,120,0,0,169,0,169,172,0,172,341
05/03/2017,LAL,FL,ASO,ES,Federal Contract Tower,0,0,58,0,58,0,0,162,0,162,0,0,220,0,220,196,0,196,416
05/04/2017,LAL,FL,ASO,ES,Federal Contract Tower,0,5,45,8,58,0,0,136,0,136,0,5,181,8,194,194,0,194,388
05/05/2017,LAL,FL,ASO,ES,Federal Contract Tower,0,1,32,1,34,0,0,94,0,94,0,1,126,1,128,104,0,104,232
05/06/2017,LAL,FL,ASO,ES,Federal Contract Tower,0,0,32,0,32,0,0,106,4,110,0,0,138,4,142,98,0,98,240
05/07/2017,LAL,FL,ASO,ES,Federal Contract Tower,0,0,50,0,50,0,0,111,0,111,0,0,161,0,161,82,0,82,243
05/08/2017,LAL,FL,ASO,ES,Federal Contract Tower,0,4,40,2,46,0,0,151,4,155,0,4,191,6,201,128,36,164,365
05/09/2017,LAL,FL,ASO,ES,Federal Contract Tower,0,1,55,2,58,0,0,178,0,178,0,1,233,2,236,280,0,280,516
05/10/2017,LAL,FL,ASO,ES,Federal Contract Tower,0,4,50,6,60,0,0,159,0,159,0,4,209,6,219,211,0,211,430
05/11/2017,LAL,FL,ASO,ES,Federal Contract Tower,0,0,52,0,52,0,0,167,0,167,0,0,219,0,219,148,0,148,367
05/12/2017,LAL,FL,ASO,ES,Federal Contract Tower,0,3,38,0,41,0,0,111,0,111,0,3,149,0,152,82,0,82,234
05/13/2017,LAL,FL,ASO,ES,Federal Contract Tower,0,0,21,0,21,0,0,23,0,23,0,0,44,0,44,18,0,18,62
05/14/2017,LAL,FL,ASO,ES,Federal Contract Tower,0,0,35,0,35,0,0,76,0,76,0,0,111,0,111,84,0,84,195
05/15/2017,LAL,FL,ASO,ES,Federal Contract Tower,0,3,66,0,69,0,0,154,2,156,0,3,220,2,225,164,18,182,407
05/16/2017,LAL,FL,ASO,ES,Federal Contract Tower,0,6,55,0,61,0,0,146,0,146,0,6,201,0,207,174,0,174,381
05/17/2017,LAL,FL,ASO,ES,Federal Contract Tower,0,4,54,1,59,0,0,147,0,147,0,4,201,1,206,92,0,92,298
05/18/2017,LAL,FL,ASO,ES,Federal Contract Tower,0,4,63,2,69,0,0,142,0,142,0,4,205,2,211,164,0,164,375
05/19/2017,LAL,FL,ASO,ES,Federal Contract Tower,0,4,55,0,59,0,0,94,0,94,0,4,149,0,153,114,0,114,267
05/20/2017,LAL,FL,ASO,ES,Federal Contract Tower,0,1,42,0,43,0,0,93,0,93,0,1,135,0,136,110,0,110,246
05/21/2017,LAL,FL,ASO,ES,Federal Contract Tower,0,5,30,1,36,0,0,64,0,64,0,5,94,1,100,44,0,44,144
05/22/2017,LAL,FL,ASO,ES,Federal Contract Tower,0,2,54,4,60,0,0,121,0,121,0,2,175,4,181,74,0,74,255
05/23/2017,LAL,FL,ASO,ES,Federal Contract Tower,0,8,71,0,79,0,0,80,0,80,0,8,151,0,159,38,0,38,197
05/24/2017,LAL,FL,ASO,ES,Federal Contract Tower,0,3,13,4,20,0,0,30,0,30,0,3,43,4,50,8,0,8,58
05/25/2017,LAL,FL,ASO,ES,Federal Contract Tower,0,7,44,0,51,0,0,100,0,100,0,7,144,0,151,126,0,126,277
05/26/2017,LAL,FL,ASO,ES,Federal Contract Tower,0,0,52,6,58,0,0,182,0,182,0,0,234,6,240,184,0,184,424
05/27/2017,LAL,FL,ASO,ES,Federal Contract Tower,0,2,52,0,54,0,0,156,0,156,0,2,208,0,210,112,0,112,322
05/28/2017,LAL,FL,ASO,ES,Federal Contract Tower,0,3,58,0,61,0,0,105,0,105,0,3,163,0,166,72,0,72,238
05/29/2017,LAL,FL,ASO,ES,Federal Contract Tower,0,2,45,0,47,0,0,125,0,125,0,2,170,0,172,118,0,118,290
05/30/2017,LAL,FL,ASO,ES,Federal Contract Tower,0,3,44,4,51,0,0,98,0,98,0,3,142,4,149,160,0,160,309
05/31/2017,LAL,FL,ASO,ES,Federal Contract Tower,0,8,50,12,70,0,0,150,0,150,0,8,200,12,220,118,0,118,338
06/01/2017,LAL,FL,ASO,ES,Federal Contract Tower,0,2,60,0,62,0,0,143,0,143,0,2,203,0,205,142,0,142,347
06/02/2017,LAL,FL,ASO,ES,Federal Contract Tower,0,7,43,5,55,0,0,45,0,45,0,7,88,5,100,136,0,136,236
06/03/2017,LAL,FL,ASO,ES,Federal Contract Tower,0,2,51,2,55,0,0,99,0,99,0,2,150,2,154,238,0,238,392
06/04/2017,LAL,FL,ASO,ES,Federal Contract Tower,0,7,15,0,22,0,0,33,0,33,0,7,48,0,55,130,0,130,185
06/05/2017,LAL,FL,ASO,ES,Federal Contract Tower,0,2,28,0,30,0,0,56,0,56,0,2,84,0,86,92,0,92,178
06/06/2017,LAL,FL,ASO,ES,Federal Contract Tower,0,6,31,1,38,0,0,19,3,22,0,6,50,4,60,8,12,20,80
06/07/2017,LAL,FL,ASO,ES,Federal Contract Tower,0,1,17,3,21,0,0,5,0,5,0,1,22,3,26,10,0,10,36
06/08/2017,LAL,FL,ASO,ES,Federal Contract Tower,0,1,46,12,59,0,0,38,0,38,0,1,84,12,97,104,0,104,201
06/09/2017,LAL,FL,ASO,ES,Federal Contract Tower,0,1,37,5,43,0,0,161,0,161,0,1,198,5,204,242,4,246,450
06/10/2017,LAL,FL,ASO,ES,Federal Contract Tower,0,2,24,0,26,0,0,56,0,56,0,2,80,0,82,156,0,156,238
06/11/2017,LAL,FL,ASO,ES,Federal Contract Tower,0,2,25,0,27,0,0,44,0,44,0,2,69,0,71,178,0,178,249
06/12/2017,LAL,FL,ASO,ES,Federal Contract Tower,0,4,31,1,36,0,0,67,0,67,0,4,98,1,103,92,0,92,195
06/13/2017,LAL,FL,ASO,ES,Federal Contract Tower,0,4,52,3,59,0,0,77,3,80,0,4,129,6,139,56,6,62,201
06/14/2017,LAL,FL,ASO,ES,Federal Contract Tower,0,2,54,2,58,0,0,65,0,65,0,2,119,2,123,72,0,72,195
06/15/2017,LAL,FL,ASO,ES,Federal Contract Tower,0,6,54,0,60,0,0,85,1,86,0,6,139,1,146,120,0,120,266
06/16/2017,LAL,FL,ASO,ES,Federal Contract Tower,0,7,70,3,80,0,0,92,0,92,0,7,162,3,172,178,10,188,360
06/17/2017,LAL,FL,ASO,ES,Federal Contract Tower,0,0,29,0,29,0,0,122,0,122,0,0,151,0,151,214,0,214,365
06/18/2017,LAL,FL,ASO,ES,Federal Contract Tower,0,3,21,1,25,0,0,58,0,58,0,3,79,1,83,106,0,106,189
06/19/2017,LAL,FL,ASO,ES,Federal Contract Tower,0,5,28,2,35,0,0,76,1,77,0,5,104,3,112,94,0,94,206
06/20/2017,LAL,FL,ASO,ES,Federal Contract Tower,0,4,67,6,77,0,0,116,2,118,0,4,183,8,195,88,0,88,283
06/21/2017,LAL,FL,ASO,ES,Federal Contract Tower,0,0,43,0,43,0,0,87,0,87,0,0,130,0,130,88,0,88,218
06/22/2017,LAL,FL,ASO,ES,Federal Contract Tower,0,4,57,0,61,0,0,115,0,115,0,4,172,0,176,192,0,192,368
06/23/2017,LAL,FL,ASO,ES,Federal Contract Tower,0,4,57,2,63,0,0,172,0,172,0,4,229,2,235,128,0,128,363
06/24/2017,LAL,FL,ASO,ES,Federal Contract Tower,0,0,36,0,36,0,0,110,0,110,0,0,146,0,146,162,0,162,308
06/25/2017,LAL,FL,ASO,ES,Federal Contract Tower,0,0,26,0,26,0,0,74,0,74,0,0,100,0,100,114,0,114,214
06/26/2017,LAL,FL,ASO,ES,Federal Contract Tower,0,1,27,0,28,0,0,107,0,107,0,1,134,0,135,126,0,126,261
06/27/2017,LAL,FL,ASO,ES,Federal Contract Tower,0,5,25,0,30,0,0,92,0,92,0,5,117,0,122,174,0,174,296
06/28/2017,LAL,FL,ASO,ES,Federal Contract Tower,0,6,69,2,77,0,0,107,1,108,0,6,176,3,185,156,0,156,341
06/29/2017,LAL,FL,ASO,ES,Federal Contract Tower,0,3,43,0,46,0,0,111,0,111,0,3,154,0,157,154,0,154,311
06/30/2017,LAL,FL,ASO,ES,Federal Contract Tower,0,5,54,2,61,0,0,120,0,120,0,5,174,2,181,272,0,272,453
07/01/2017,LAL,FL,ASO,ES,Federal Contract Tower,0,4,44,0,48,0,0,95,0,95,0,4,139,0,143,158,0,158,301
07/02/2017,LAL,FL,ASO,ES,Federal Contract Tower,0,0,17,0,17,0,0,79,0,79,0,0,96,0,96,70,0,70,166
07/03/2017,LAL,FL,ASO,ES,Federal Contract Tower,0,0,37,0,37,0,0,115,0,115,0,0,152,0,152,208,0,208,360
07/04/2017,LAL,FL,ASO,ES,Federal Contract Tower,0,2,31,0,33,0,0,72,0,72,0,2,103,0,105,98,0,98,203
07/05/2017,LAL,FL,ASO,ES,Federal Contract Tower,0,0,46,8,54,0,0,148,0,148,0,0,194,8,202,298,16,314,516
07/06/2017,LAL,FL,ASO,ES,Federal Contract Tower,0,4,42,6,52,0,1,147,0,148,0,5,189,6,200,212,8,220,420
07/07/2017,LAL,FL,ASO,ES,Federal Contract Tower,0,6,37,4,47,0,0,112,1,113,0,6,149,5,160,256,16,272,432
07/08/2017,LAL,FL,ASO,ES,Federal Contract Tower,0,3,23,2,28,0,0,99,3,102,0,3,122,5,130,130,14,144,274
07/09/2017,LAL,FL,ASO,ES,Federal Contract Tower,0,3,12,0,15,0,1,78,0,79,0,4,90,0,94,78,0,78,172
07/10/2017,LAL,FL,ASO,ES,Federal Contract Tower,0,8,28,8,44,0,0,135,2,137,0,8,163,10,181,214,38,252,433
07/11/2017,LAL,FL,ASO,ES,Federal Contract Tower,0,3,41,5,49,0,0,118,0,118,0,3,159,5,167,184,16,200,367
07/12/2017,LAL,FL,ASO,ES,Federal Contract Tower,0,1,37,2,40,0,0,136,10,146,0,1,173,12,186,188,46,234,420
07/13/2017,LAL,FL,ASO,ES,Federal Contract Tower,0,3,45,1,49,0,0,92,1,93,0,3,137,2,142,256,4,260,402
07/14/2017,LAL,FL,ASO,ES,Federal Contract Tower,0,1,39,6,46,0,0,78,0,78,0,1,117,6,124,206,0,206,330
07/15/2017,LAL,FL,ASO,ES,Federal Contract Tower,0,3,33,0,36,0,0,90,0,90,0,3,123,0,126,188,0,188,314
07/16/2017,LAL,FL,ASO,ES,Federal Contract Tower,0,3,38,1,42,0,0,76,1,77,0,3,114,2,119,190,0,190,309
07/17/2017,LAL,FL,ASO,ES,Federal Contract Tower,0,4,37,3,44,0,0,113,0,113,0,4,150,3,157,196,0,196,353
07/18/2017,LAL,FL,ASO,ES,Federal Contract Tower,0,4,21,0,25,0,0,85,0,85,0,4,106,0,110,284,0,284,394
07/19/2017,LAL,FL,ASO,ES,Federal Contract Tower,0,2,51,2,55,0,0,136,0,136,0,2,187,2,191,182,0,182,373
07/20/2017,LAL,FL,ASO,ES,Federal Contract Tower,0,0,45,0,45,0,0,102,0,102,0,0,147,0,147,162,0,162,309
07/21/2017,LAL,FL,ASO,ES,Federal Contract Tower,0,1,30,14,45,0,0,82,0,82,0,1,112,14,127,118,0,118,245
07/22/2017,LAL,FL,ASO,ES,Federal Contract Tower,0,0,20,1,21,0,0,91,0,91,0,0,111,1,112,211,0,211,323
07/23/2017,LAL,FL,ASO,ES,Federal Contract Tower,0,1,14,0,15,0,0,39,0,39,0,1,53,0,54,106,0,106,160
07/24/2017,LAL,FL,ASO,ES,Federal Contract Tower,0,1,35,0,36,0,0,103,0,103,0,1,138,0,139,195,2,197,336
07/25/2017,LAL,FL,ASO,ES,Federal Contract Tower,0,6,44,2,52,0,0,129,0,129,0,6,173,2,181,284,0,284,465
07/26/2017,LAL,FL,ASO,ES,Federal Contract Tower,0,0,69,0,69,0,0,154,0,154,0,0,223,0,223,248,0,248,471
07/27/2017,LAL,FL,ASO,ES,Federal Contract Tower,0,5,34,4,43,0,0,114,0,114,0,5,148,4,157,250,0,250,407
07/28/2017,LAL,FL,ASO,ES,Federal Contract Tower,0,4,56,4,64,0,0,143,0,143,0,4,199,4,207,124,0,124,331
07/29/2017,LAL,FL,ASO,ES,Federal Contract Tower,0,2,32,0,34,0,0,78,0,78,0,2,110,0,112,140,0,140,252
07/30/2017,LAL,FL,ASO,ES,Federal Contract Tower,0,5,13,0,18,0,0,21,0,21,0,5,34,0,39,4,0,4,43
07/31/2017,LAL,FL,ASO,ES,Federal Contract Tower,0,3,25,3,31,0,0,8,0,8,0,3,33,3,39,0,0,0,39
08/01/2017,LAL,FL,ASO,ES,Federal Contract Tower,0,2,50,2,54,0,0,118,3,121,0,2,168,5,175,190,36,226,401
08/02/2017,LAL,FL,ASO,ES,Federal Contract Tower,0,9,61,2,72,0,0,69,0,69,0,9,130,2,141,190,0,190,331
08/03/2017,LAL,FL,ASO,ES,Federal Contract Tower,0,6,61,9,76,0,0,149,4,153,0,6,210,13,229,202,6,208,437
08/04/2017,LAL,FL,ASO,ES,Federal Contract Tower,0,0,74,14,88,0,0,182,0,182,0,0,256,14,270,314,12,326,596
08/05/2017,LAL,FL,ASO,ES,Federal Contract Tower,0,0,46,3,49,0,0,119,0,119,0,0,165,3,168,188,0,188,356
08/06/2017,LAL,FL,ASO,ES,Federal Contract Tower,0,3,39,0,42,0,0,81,0,81,0,3,120,0,123,240,0,240,363
08/07/2017,LAL,FL,ASO,ES,Federal Contract Tower,0,3,50,4,57,0,0,123,0,123,0,3,173,4,180,238,0,238,418
08/08/2017,LAL,FL,ASO,ES,Federal Contract Tower,0,0,45,7,52,0,0,135,3,138,0,0,180,10,190,168,22,190,380
08/09/2017,LAL,FL,ASO,ES,Federal Contract Tower,0,5,47,17,69,0,0,144,0,144,0,5,191,17,213,260,0,260,473
08/10/2017,LAL,FL,ASO,ES,Federal Contract Tower,0,3,23,3,29,0,0,125,7,132,0,3,148,10,161,142,32,174,335
08/11/2017,LAL,FL,ASO,ES,Federal Contract Tower,0,0,50,4,54,0,0,117,0,117,0,0,167,4,171,191,12,203,374
08/12/2017,LAL,FL,ASO,ES,Federal Contract Tower,0,5,36,0,41,0,0,104,0,104,0,5,140,0,145,266,0,266,411
08/13/2017,LAL,FL,ASO,ES,Federal Contract Tower,0,2,34,0,36,0,0,83,0,83,0,2,117,0,119,176,0,176,295
08/14/2017,LAL,FL,ASO,ES,Federal Contract Tower,0,2,25,0,27,0,0,118,1,119,0,2,143,1,146,224,0,224,370
08/15/2017,LAL,FL,ASO,ES,Federal Contract Tower,0,2,37,2,41,0,0,108,2,110,0,2,145,4,151,114,0,114,265
08/16/2017,LAL,FL,ASO,ES,Federal Contract Tower,0,3,62,15,80,0,0,122,0,122,0,3,184,15,202,158,8,166,368
08/17/2017,LAL,FL,ASO,ES,Federal Contract Tower,0,3,45,3,51,0,0,123,0,123,0,3,168,3,174,150,28,178,352
08/18/2017,LAL,FL,ASO,ES,Federal Contract Tower,0,5,58,4,67,0,0,116,0,116,0,5,174,4,183,112,0,112,295
08/19/2017,LAL,FL,ASO,ES,Federal Contract Tower,0,4,34,2,40,0,0,142,0,142,0,4,176,2,182,204,0,204,386
08/20/2017,LAL,FL,ASO,ES,Federal Contract Tower,0,7,12,0,19,0,0,45,0,45,0,7,57,0,64,66,0,66,130
08/21/2017,LAL,FL,ASO,ES,Federal Contract Tower,0,4,58,17,79,0,0,87,0,87,0,4,145,17,166,186,2,188,354
08/22/2017,LAL,FL,ASO,ES,Federal Contract Tower,0,4,61,5,70,0,0,123,5,128,0,4,184,10,198,158,40,198,396
08/23/2017,LAL,FL,ASO,ES,Federal Contract Tower,0,2,36,10,48,0,0,82,1,83,0,2,118,11,131,102,46,148,279
08/24/2017,LAL,FL,ASO,ES,Federal Contract Tower,0,3,56,11,70,0,0,89,5,94,0,3,145,16,164,170,38,208,372
08/25/2017,LAL,FL,ASO,ES,Federal Contract Tower,0,4,22,4,30,0,0,41,0,41,0,4,63,4,71,62,0,62,133
08/26/2017,LAL,FL,ASO,ES,Federal Contract Tower,0,5,27,2,34,0,0,11,0,11,0,5,38,2,45,46,0,46,91
08/27/2017,LAL,FL,ASO,ES,Federal Contract Tower,0,2,11,0,13,0,0,9,0,9,0,2,20,0,22,12,0,12,34
08/28/2017,LAL,FL,ASO,ES,Federal Contract Tower,0,2,23,1,26,0,0,6,0,6,0,2,29,1,32,0,0,0,32
08/29/2017,LAL,FL,ASO,ES,Federal Contract Tower,0,2,46,7,55,0,0,94,2,96,0,2,140,9,151,258,12,270,421
08/30/2017,LAL,FL,ASO,ES,Federal Contract Tower,0,7,68,1,76,0,0,171,1,172,0,7,239,2,248,238,3,241,489
08/31/2017,LAL,FL,ASO,ES,Federal Contract Tower,0,7,48,2,57,0,0,138,0,138,0,7,186,2,195,250,0,250,445
09/01/2017,LAL,FL,ASO,ES,Federal Contract Tower,0,2,60,0,62,0,0,125,0,125,0,2,185,0,187,122,0,122,309
09/02/2017,LAL,FL,ASO,ES,Federal Contract Tower,0,2,46,1,49,0,0,121,0,121,0,2,167,1,170,116,0,116,286
09/03/2017,LAL,FL,ASO,ES,Federal Contract Tower,0,3,38,1,42,0,0,89,0,89,0,3,127,1,131,154,0,154,285
09/04/2017,LAL,FL,ASO,ES,Federal Contract Tower,0,0,51,0,51,0,0,137,0,137,0,0,188,0,188,130,0,130,318
09/05/2017,LAL,FL,ASO,ES,Federal Contract Tower,0,2,62,2,66,0,0,141,0,141,0,2,203,2,207,148,0,148,355
09/06/2017,LAL,FL,ASO,ES,Federal Contract Tower,1,2,35,2,40,1,0,69,0,70,2,2,104,2,110,130,0,130,240
09/07/2017,LAL,FL,ASO,ES,Federal Contract Tower,0,2,48,6,56,0,0,159,2,161,0,2,207,8,217,146,0,146,363
09/08/2017,LAL,FL,ASO,ES,Federal Contract Tower,0,10,45,10,65,0,0,120,0,120,0,10,165,10,185,0,0,0,185
09/09/2017,LAL,FL,ASO,ES,Federal Contract Tower,0,0,20,7,27,0,0,16,0,16,0,0,36,7,43,0,0,0,43
09/10/2017,LAL,FL,ASO,ES,Federal Contract Tower,0,0,0,2,2,0,0,0,0,0,0,0,0,2,2,0,0,0,2
09/11/2017,LAL,FL,ASO,ES,Federal Contract Tower,0,0,12,1,13,0,0,8,1,9,0,0,20,2,22,0,0,0,22
09/12/2017,LAL,FL,ASO,ES,Federal Contract Tower,0,17,27,7,51,0,0,156,0,156,0,17,183,7,207,0,0,0,207
09/13/2017,LAL,FL,ASO,ES,Federal Contract Tower,0,22,35,1,58,0,0,140,6,146,0,22,175,7,204,38,0,38,242
09/14/2017,LAL,FL,ASO,ES,Federal Contract Tower,0,4,48,1,53,0,2,98,1,101,0,6,146,2,154,46,0,46,200
09/15/2017,LAL,FL,ASO,ES,Federal Contract Tower,0,6,56,10,72,0,0,133,4,137,0,6,189,14,209,36,0,36,245
09/16/2017,LAL,FL,ASO,ES,Federal Contract Tower,0,24,39,1,64,0,2,167,1,170,0,26,206,2,234,54,0,54,288
09/17/2017,LAL,FL,ASO,ES,Federal Contract Tower,0,6,39,2,47,0,16,98,1,115,0,22,137,3,162,144,0,144,306
09/18/2017,LAL,FL,ASO,ES,Federal Contract Tower,0,7,37,5,49,0,0,101,0,101,0,7,138,5,150,188,0,188,338
09/19/2017,LAL,FL,ASO,ES,Federal Contract Tower,0,2,48,5,55,0,0,118,0,118,0,2,166,5,173,198,0,198,371
09/20/2017,LAL,FL,ASO,ES,Federal Contract Tower,0,3,62,3,68,0,0,127,2,129,0,3,189,5,197,186,24,210,407
09/21/2017,LAL,FL,ASO,ES,Federal Contract Tower,0,7,46,2,55,0,0,157,0,157,0,7,203,2,212,0,172,172,384
09/22/2017,LAL,FL,ASO,ES,Federal Contract Tower,0,3,53,3,59,0,0,112,4,116,0,3,165,7,175,106,8,114,289
09/23/2017,LAL,FL,ASO,ES,Federal Contract Tower,0,4,47,2,53,0,0,105,0,105,0,4,152,2,158,0,70,70,228
09/24/2017,LAL,FL,ASO,ES,Federal Contract Tower,0,3,43,3,49,0,0,108,0,108,0,3,151,3,157,138,0,138,295
09/25/2017,LAL,FL,ASO,ES,Federal Contract Tower,0,1,45,10,56,0,0,123,1,124,0,1,168,11,180,102,13,115,295
09/26/2017,LAL,FL,ASO,ES,Federal Contract Tower,0,0,46,5,51,0,0,158,0,158,0,0,204,5,209,152,0,152,361
09/27/2017,LAL,FL,ASO,ES,Federal Contract Tower,0,3,64,0,67,0,0,161,2,163,0,3,225,2,230,166,18,184,414
09/28/2017,LAL,FL,ASO,ES,Federal Contract Tower,0,1,40,2,43,0,0,95,0,95,0,1,135,2,138,132,0,132,270
09/29/2017,LAL,FL,ASO,ES,Federal Contract Tower,0,0,45,0,45,0,0,116,2,118,0,0,161,2,163,64,4,68,231
09/30/2017,LAL,FL,ASO,ES,Federal Contract Tower,0,0,30,0,30,0,0,135,0,135,0,0,165,0,165,218,0,218,383
10/01/2017,LAL,FL,ASO,ES,Federal Contract Tower,0,2,23,0,25,0,0,43,0,43,0,2,66,0,68,102,0,102,170
10/02/2017,LAL,FL,ASO,ES,Federal Contract Tower,0,4,33,7,44,0,0,53,0,53,0,4,86,7,97,84,40,124,221
10/03/2017,LAL,FL,ASO,ES,Federal Contract Tower,0,4,39,5,48,0,0,49,1,50,0,4,88,6,98,60,0,60,158
10/04/2017,LAL,FL,ASO,ES,Federal Contract Tower,0,1,28,2,31,0,0,58,2,60,0,1,86,4,91,56,14,70,161
10/05/2017,LAL,FL,ASO,ES,Federal Contract Tower,0,8,30,5,43,0,0,20,0,20,0,8,50,5,63,76,0,76,139
10/06/2017,LAL,FL,ASO,ES,Federal Contract Tower,0,5,59,19,83,0,0,82,16,98,0,5,141,35,181,78,6,84,265
10/07/2017,LAL,FL,ASO,ES,Federal Contract Tower,0,0,40,4,44,0,0,61,0,61,0,0,101,4,105,82,0,82,187
10/08/2017,LAL,FL,ASO,ES,Federal Contract Tower,0,3,31,0,34,0,0,44,0,44,0,3,75,0,78,52,0,52,130
10/09/2017,LAL,FL,ASO,ES,Federal Contract Tower,0,2,45,1,48,0,0,118,0,118,0,2,163,1,166,120,0,120,286
10/10/2017,LAL,FL,ASO,ES,Federal Contract Tower,0,3,65,2,70,0,0,151,5,156,0,3,216,7,226,170,16,186,412
10/11/2017,LAL,FL,ASO,ES,Federal Contract Tower,0,9,73,22,104,0,0,143,0,143,0,9,216,22,247,124,10,134,381
10/12/2017,LAL,FL,ASO,ES,Federal Contract Tower,0,2,43,9,54,0,0,118,1,119,0,2,161,10,173,242,0,242,415
10/13/2017,LAL,FL,ASO,ES,Federal Contract Tower,0,6,45,16,67,0,0,115,0,115,0,6,160,16,182,102,66,168,350
10/14/2017,LAL,FL,ASO,ES,Federal Contract Tower,0,1,61,0,62,0,0,67,0,67,0,1,128,0,129,52,0,52,181
10/15/2017,LAL,FL,ASO,ES,Federal Contract Tower,0,1,41,4,46,0,0,79,0,79,0,1,120,4,125,80,6,86,211
10/16/2017,LAL,FL,ASO,ES,Federal Contract Tower,0,8,62,5,75,0,0,79,0,79,0,8,141,5,154,186,4,190,344
10/17/2017,LAL,FL,ASO,ES,Federal Contract Tower,0,5,58,4,67,0,0,46,1,47,0,5,104,5,114,70,0,70,184
10/18/2017,LAL,FL,ASO,ES,Federal Contract Tower,0,6,62,5,73,0,0,106,0,106,0,6,168,5,179,120,14,134,313
10/19/2017,LAL,FL,ASO,ES,Federal Contract Tower,0,2,68,7,77,0,0,147,3,150,0,2,215,10,227,190,22,212,439
10/20/2017,LAL,FL,ASO,ES,Federal Contract Tower,0,3,70,2,75,0,0,195,0,195,0,3,265,2,270,230,0,230,500
10/21/2017,LAL,FL,ASO,ES,Federal Contract Tower,0,0,39,0,39,0,0,109,0,109,0,0,148,0,148,136,0,136,284
10/22/2017,LAL,FL,ASO,ES,Federal Contract Tower,0,4,47,0,51,0,0,56,0,56,0,4,103,0,107,42,0,42,149
10/23/2017,LAL,FL,ASO,ES,Federal Contract Tower,0,2,50,0,52,0,0,96,0,96,0,2,146,0,148,166,0,166,314
10/24/2017,LAL,FL,ASO,ES,Federal Contract Tower,0,3,55,2,60,0,0,162,2,164,0,3,217,4,224,296,12,308,532
10/25/2017,LAL,FL,ASO,ES,Federal Contract Tower,0,1,76,0,77,0,0,181,0,181,0,1,257,0,258,130,0,130,388
10/26/2017,LAL,FL,ASO,ES,Federal Contract Tower,0,3,54,8,65,0,0,215,0,215,0,3,269,8,280,216,0,216,496
10/27/2017,LAL,FL,ASO,ES,Federal Contract Tower,0,3,60,2,65,0,0,176,2,178,0,3,236,4,243,242,0,242,485
10/28/2017,LAL,FL,ASO,ES,Federal Contract Tower,0,3,24,0,27,0,0,109,0,109,0,3,133,0,136,195,0,195,331
10/29/2017,LAL,FL,ASO,ES,Federal Contract Tower,0,4,26,0,30,0,0,24,2,26,0,4,50,2,56,16,0,16,72
10/30/2017,LAL,FL,ASO,ES,Federal Contract Tower,0,0,53,1,54,0,0,171,0,171,0,0,224,1,225,296,0,296,521
10/31/2017,LAL,FL,ASO,ES,Federal Contract Tower,0,2,55,0,57,0,0,205,0,205,0,2,260,0,262,322,0,322,584
11/01/2017,LAL,FL,ASO,ES,Federal Contract Tower,0,0,59,2,61,0,0,144,5,149,0,0,203,7,210,282,52,334,544
11/02/2017,LAL,FL,ASO,ES,Federal Contract Tower,0,2,49,6,57,0,0,149,0,149,0,2,198,6,206,184,0,184,390
11/03/2017,LAL,FL,ASO,ES,Federal Contract Tower,0,2,51,2,55,0,0,126,0,126,0,2,177,2,181,172,0,172,353
11/04/2017,LAL,FL,ASO,ES,Federal Contract Tower,0,2,41,4,47,0,0,135,0,135,0,2,176,4,182,210,0,210,392
11/05/2017,LAL,FL,ASO,ES,Federal Contract Tower,0,2,56,0,58,0,0,88,0,88,0,2,144,0,146,134,0,134,280
11/06/2017,LAL,FL,ASO,ES,Federal Contract Tower,0,0,45,8,53,0,0,80,2,82,0,0,125,10,135,258,14,272,407
11/07/2017,LAL,FL,ASO,ES,Federal Contract Tower,0,2,47,0,49,0,0,174,0,174,0,2,221,0,223,280,0,280,503
11/08/2017,LAL,FL,ASO,ES,Federal Contract Tower,0,3,55,6,64,0,0,158,1,159,0,3,213,7,223,262,14,276,499
11/09/2017,LAL,FL,ASO,ES,Federal Contract Tower,0,0,72,3,75,0,0,194,0,194,0,0,266,3,269,300,24,324,593
11/10/2017,LAL,FL,ASO,ES,Federal Contract Tower,0,3,83,0,86,0,0,55,0,55,0,3,138,0,141,140,0,140,281
11/11/2017,LAL,FL,ASO,ES,Federal Contract Tower,0,3,38,1,42,0,0,134,0,134,0,3,172,1,176,108,0,108,284
11/12/2017,LAL,FL,ASO,ES,Federal Contract Tower,0,1,21,0,22,0,0,7,0,7,0,1,28,0,29,18,0,18,47
11/13/2017,LAL,FL,ASO,ES,Federal Contract Tower,0,0,63,5,68,0,0,162,1,163,0,0,225,6,231,222,0,222,453
11/14/2017,LAL,FL,ASO,ES,Federal Contract Tower,0,4,65,3,72,0,0,214,1,215,0,4,279,4,287,170,0,170,457
11/15/2017,LAL,FL,ASO,ES,Federal Contract Tower,0,8,71,5,84,0,0,172,2,174,0,8,243,7,258,192,8,200,458
11/16/2017,LAL,FL,ASO,ES,Federal Contract Tower,0,8,72,0,80,0,0,166,0,166,0,8,238,0,246,198,21,219,465
11/17/2017,LAL,FL,ASO,ES,Federal Contract Tower,0,6,117,5,128,0,0,194,0,194,0,6,311,5,322,252,14,266,588
11/18/2017,LAL,FL,ASO,ES,Federal Contract Tower,0,6,67,13,86,0,0,195,4,199,0,6,262,17,285,198,0,198,483
11/19/2017,LAL,FL,ASO,ES,Federal Contract Tower,0,1,46,7,54,0,0,61,1,62,0,1,107,8,116,56,0,56,172
11/20/2017,LAL,FL,ASO,ES,Federal Contract Tower,0,8,87,1,96,0,0,176,4,180,0,8,263,5,276,180,12,192,468
11/21/2017,LAL,FL,ASO,ES,Federal Contract Tower,0,4,68,2,74,0,0,88,0,88,0,4,156,2,162,182,0,182,344
11/22/2017,LAL,FL,ASO,ES,Federal Contract Tower,0,8,70,4,82,0,0,99,0,99,0,8,169,4,181,168,12,180,361
11/23/2017,LAL,FL,ASO,ES,Federal Contract Tower,0,1,4,0,5,0,0,2,0,2,0,1,6,0,7,0,0,0,7
11/24/2017,LAL,FL,ASO,ES,Federal Contract Tower,0,3,37,2,42,0,0,19,0,19,0,3,56,2,61,38,0,38,99
11/25/2017,LAL,FL,ASO,ES,Federal Contract Tower,0,10,50,0,60,0,0,108,0,108,0,10,158,0,168,230,0,230,398
11/26/2017,LAL,FL,ASO,ES,Federal Contract Tower,0,2,46,0,48,0,0,78,0,78,0,2,124,0,126,116,0,116,242
11/27/2017,LAL,FL,ASO,ES,Federal Contract Tower,0,2,66,13,81,0,0,116,2,118,0,2,182,15,199,154,16,170,369
11/28/2017,LAL,FL,ASO,ES,Federal Contract Tower,0,4,61,1,66,0,0,165,1,166,0,4,226,2,232,206,2,208,440
11/29/2017,LAL,FL,ASO,ES,Federal Contract Tower,0,2,78,0,80,0,0,182,4,186,0,2,260,4,266,298,0,298,564
11/30/2017,LAL,FL,ASO,ES,Federal Contract Tower,0,9,62,0,71,0,0,143,1,144,0,9,205,1,215,202,0,202,417
12/01/2017,LAL,FL,ASO,ES,Federal Contract Tower,0,6,61,4,71,0,0,155,1,156,0,6,216,5,227,208,6,214,441
12/02/2017,LAL,FL,ASO,ES,Federal Contract Tower,0,1,49,0,50,0,0,182,0,182,0,1,231,0,232,194,0,194,426
12/03/2017,LAL,FL,ASO,ES,Federal Contract Tower,0,4,49,14,67,0,0,101,0,101,0,4,150,14,168,86,0,86,254
12/04/2017,LAL,FL,ASO,ES,Federal Contract Tower,0,0,67,0,67,0,0,119,4,123,0,0,186,4,190,186,0,186,376
12/05/2017,LAL,FL,ASO,ES,Federal Contract Tower,0,4,51,0,55,0,0,160,0,160,0,4,211,0,215,228,0,228,443
12/06/2017,LAL,FL,ASO,ES,Federal Contract Tower,1,3,68,3,75,0,0,141,0,141,1,3,209,3,216,257,0,257,473
12/07/2017,LAL,FL,ASO,ES,Federal Contract Tower,1,3,63,6,73,0,0,24,0,24,1,3,87,6,97,56,0,56,153
12/08/2017,LAL,FL,ASO,ES,Federal Contract Tower,0,7,58,0,65,0,0,52,0,52,0,7,110,0,117,80,0,80,197
12/09/2017,LAL,FL,ASO,ES,Federal Contract Tower,0,0,37,10,47,0,0,3,0,3,0,0,40,10,50,0,0,0,50
12/10/2017,LAL,FL,ASO,ES,Federal Contract Tower,0,1,54,1,56,0,0,117,0,117,0,1,171,1,173,180,0,180,353
12/11/2017,LAL,FL,ASO,ES,Federal Contract Tower,0,3,69,6,78,0,0,149,2,151,0,3,218,8,229,216,10,226,455
12/12/2017,LAL,FL,ASO,ES,Federal Contract Tower,0,6,57,0,63,0,0,114,0,114,0,6,171,0,177,150,0,150,327
12/13/2017,LAL,FL,ASO,ES,Federal Contract Tower,0,6,43,0,49,0,0,178,0,178,0,6,221,0,227,256,0,256,483
12/14/2017,LAL,FL,ASO,ES,Federal Contract Tower,0,4,67,1,72,0,0,192,2,194,0,4,259,3,266,180,0,180,446
12/15/2017,LAL,FL,ASO,ES,Federal Contract Tower,0,0,73,5,78,0,0,158,0,158,0,0,231,5,236,136,0,136,372
12/16/2017,LAL,FL,ASO,ES,Federal Contract Tower,0,0,53,1,54,0,0,143,1,144,0,0,196,2,198,110,0,110,308
12/17/2017,LAL,FL,ASO,ES,Federal Contract Tower,0,2,38,0,40,0,0,88,0,88,0,2,126,0,128,150,0,150,278
12/18/2017,LAL,FL,ASO,ES,Federal Contract Tower,0,4,58,0,62,0,0,143,0,143,0,4,201,0,205,202,0,202,407
12/19/2017,LAL,FL,ASO,ES,Federal Contract Tower,0,4,45,5,54,0,0,116,0,116,0,4,161,5,170,160,0,160,330
12/20/2017,LAL,FL,ASO,ES,Federal Contract Tower,0,4,53,4,61,0,0,142,0,142,0,4,195,4,203,164,0,164,367
12/21/2017,LAL,FL,ASO,ES,Federal Contract Tower,0,3,63,0,66,0,0,93,0,93,0,3,156,0,159,164,0,164,323
12/22/2017,LAL,FL,ASO,ES,Federal Contract Tower,0,4,51,0,55,0,0,57,0,57,0,4,108,0,112,42,0,42,154
12/23/2017,LAL,FL,ASO,ES,Federal Contract Tower,0,3,43,0,46,0,0,80,0,80,0,3,123,0,126,98,0,98,224
12/24/2017,LAL,FL,ASO,ES,Federal Contract Tower,0,3,14,0,17,0,0,39,0,39,0,3,53,0,56,38,0,38,94
12/25/2017,LAL,FL,ASO,ES,Federal Contract Tower,0,5,2,0,7,0,0,18,0,18,0,5,20,0,25,28,0,28,53
12/26/2017,LAL,FL,ASO,ES,Federal Contract Tower,0,2,31,0,33,0,0,71,0,71,0,2,102,0,104,160,0,160,264
12/27/2017,LAL,FL,ASO,ES,Federal Contract Tower,0,0,38,0,38,0,0,95,0,95,0,0,133,0,133,150,0,150,283
12/28/2017,LAL,FL,ASO,ES,Federal Contract Tower,0,6,88,8,102,0,0,66,1,67,0,6,154,9,169,130,6,136,305
12/29/2017,LAL,FL,ASO,ES,Federal Contract Tower,0,2,92,3,97,0,0,38,0,38,0,2,130,3,135,56,0,56,191
12/30/2017,LAL,FL,ASO,ES,Federal Contract Tower,0,2,48,0,50,0,0,59,0,59,0,2,107,0,109,110,0,110,219
12/31/2017,LAL,FL,ASO,ES,Federal Contract Tower,0,2,26,0,28,0,0,75,0,75,0,2,101,0,103,34,0,34,137
01/01/2018,LAL,FL,ASO,ES,Federal Contract Tower,0,4,1,0,5,0,0,3,0,3,0,4,4,0,8,0,0,0,8
01/02/2018,LAL,FL,ASO,ES,Federal Contract Tower,0,8,27,2,37,0,0,24,0,24,0,8,51,2,61,8,0,8,69
01/03/2018,LAL,FL,ASO,ES,Federal Contract Tower,0,5,30,2,37,0,0,17,0,17,0,5,47,2,54,4,0,4,58
01/04/2018,LAL,FL,ASO,ES,Federal Contract Tower,0,3,35,9,47,0,0,117,19,136,0,3,152,28,183,130,20,150,333
01/05/2018,LAL,FL,ASO,ES,Federal Contract Tower,0,5,41,11,57,0,0,162,1,163,0,5,203,12,220,188,0,188,408
01/06/2018,LAL,FL,ASO,ES,Federal Contract Tower,0,0,48,3,51,0,0,131,1,132,0,0,179,4,183,132,8,140,323
01/07/2018,LAL,FL,ASO,ES,Federal Contract Tower,2,4,39,6,51,0,0,95,7,102,2,4,134,13,153,90,16,106,259
01/08/2018,LAL,FL,ASO,ES,Federal Contract Tower,0,0,57,3,60,0,0,122,2,124,0,0,179,5,184,194,20,214,398
01/09/2018,LAL,FL,ASO,ES,Federal Contract Tower,0,3,92,6,101,0,0,61,0,61,0,3,153,6,162,132,12,144,306
01/10/2018,LAL,FL,ASO,ES,Federal Contract Tower,0,1,51,15,67,0,0,74,4,78,0,1,125,19,145,58,24,82,227
01/11/2018,LAL,FL,ASO,ES,Federal Contract Tower,0,5,84,17,106,0,0,77,2,79,0,5,161,19,185,78,38,116,301
01/12/2018,LAL,FL,ASO,ES,Federal Contract Tower,0,4,36,2,42,0,0,14,0,14,0,4,50,2,56,20,0,20,76
01/13/2018,LAL,FL,ASO,ES,Federal Contract Tower,0,2,69,4,75,0,0,77,6,83,0,2,146,10,158,264,4,268,426
01/14/2018,LAL,FL,ASO,ES,Federal Contract Tower,0,5,48,2,55,0,0,99,1,100,0,5,147,3,155,222,2,224,379
01/15/2018,LAL,FL,ASO,ES,Federal Contract Tower,0,2,29,2,33,0,0,203,0,203,0,2,232,2,236,376,0,376,612
01/16/2018,LAL,FL,ASO,ES,Federal Contract Tower,0,8,63,6,77,0,0,197,0,197,0,8,260,6,274,268,2,270,544
01/17/2018,LAL,FL,ASO,ES,Federal Contract Tower,0,2,58,8,68,0,0,159,1,160,0,2,217,9,228,168,10,178,406
01/18/2018,LAL,FL,ASO,ES,Federal Contract Tower,0,4,72,13,89,0,0,183,1,184,0,4,255,14,273,250,30,280,553
01/19/2018,LAL,FL,ASO,ES,Federal Contract Tower,0,3,55,7,65,0,0,214,1,215,0,3,269,8,280,288,0,288,568
01/20/2018,LAL,FL,ASO,ES,Federal Contract Tower,0,1,44,2,47,0,0,171,0,171,0,1,215,2,218,328,0,328,546
01/21/2018,LAL,FL,ASO,ES,Federal Contract Tower,0,4,30,5,39,0,0,139,3,142,0,4,169,8,181,218,0,218,399
01/22/2018,LAL,FL,ASO,ES,Federal Contract Tower,0,1,69,0,70,0,0,154,0,154,0,1,223,0,224,140,0,140,364
01/23/2018,LAL,FL,ASO,ES,Federal Contract Tower,0,1,69,8,78,0,0,84,2,86,0,1,153,10,164,210,0,210,374
01/24/2018,LAL,FL,ASO,ES,Federal Contract Tower,0,4,63,10,77,0,0,165,2,167,0,4,228,12,244,314,4,318,562
01/25/2018,LAL,FL,ASO,ES,Federal Contract Tower,0,3,64,8,75,0,0,179,6,185,0,3,243,14,260,178,34,212,472
01/26/2018,LAL,FL,ASO,ES,Federal Contract Tower,0,1,49,0,50,0,0,106,2,108,0,1,155,2,158,100,10,110,268
01/27/2018,LAL,FL,ASO,ES,Federal Contract Tower,0,0,57,0,57,0,1,94,0,95,0,1,151,0,152,168,0,168,320
01/28/2018,LAL,FL,ASO,ES,Federal Contract Tower,0,6,24,0,30,0,0,37,0,37,0,6,61,0,67,46,0,46,113
01/29/2018,LAL,FL,ASO,ES,Federal Contract Tower,0,4,65,0,69,0,0,31,0,31,0,4,96,0,100,106,0,106,206
01/30/2018,LAL,FL,ASO,ES,Federal Contract Tower,0,2,81,0,83,0,0,219,0,219,0,2,300,0,302,342,2,344,646
01/31/2018,LAL,FL,ASO,ES,Federal Contract Tower,0,5,65,3,73,0,0,196,0,196,0,5,261,3,269,240,0,240,509
02/01/2018,LAL,FL,ASO,ES,Federal Contract Tower,0,12,68,0,80,0,0,155,2,157,0,12,223,2,237,226,22,248,485
02/02/2018,LAL,FL,ASO,ES,Federal Contract Tower,0,7,93,12,112,0,0,147,2,149,0,7,240,14,261,264,28,292,553
02/03/2018,LAL,FL,ASO,ES,Federal Contract Tower,0,2,79,1,82,0,0,177,0,177,0,2,256,1,259,304,0,304,563
02/04/2018,LAL,FL,ASO,ES,Federal Contract Tower,0,1,33,2,36,0,0,59,1,60,0,1,92,3,96,36,0,36,132
02/05/2018,LAL,FL,ASO,ES,Federal Contract Tower,0,2,60,1,63,0,0,84,0,84,0,2,144,1,147,136,0,136,283
02/06/2018,LAL,FL,ASO,ES,Federal Contract Tower,0,4,87,10,101,0,0,162,0,162,0,4,249,10,263,250,0,250,513
02/07/2018,LAL,FL,ASO,ES,Federal Contract Tower,0,0,65,10,75,0,0,126,1,127,0,0,191,11,202,202,0,202,404
02/08/2018,LAL,FL,ASO,ES,Federal Contract Tower,0,3,60,1,64,0,0,131,2,133,0,3,191,3,197,238,2,240,437
02/09/2018,LAL,FL,ASO,ES,Federal Contract Tower,0,0,65,5,70,0,0,135,4,139,0,0,200,9,209,282,0,282,491
02/10/2018,LAL,FL,ASO,ES,Federal Contract Tower,0,5,65,0,70,0,0,82,0,82,0,5,147,0,152,130,0,130,282
02/11/2018,LAL,FL,ASO,ES,Federal Contract Tower,0,0,37,2,39,0,0,67,0,67,0,0,104,2,106,98,0,98,204
02/12/2018,LAL,FL,ASO,ES,Federal Contract Tower,0,4,64,2,70,0,0,87,0,87,0,4,151,2,157,162,0,162,319
02/13/2018,LAL,FL,ASO,ES,Federal Contract Tower,0,2,86,2,90,0,0,118,0,118,0,2,204,2,208,200,0,200,408
02/14/2018,LAL,FL,ASO,ES,Federal Contract Tower,0,8,86,3,97,0,0,88,2,90,0,8,174,5,187,161,14,175,362
02/15/2018,LAL,FL,ASO,ES,Federal Contract Tower,0,4,72,1,77,0,0,134,2,136,0,4,206,3,213,249,0,249,462
02/16/2018,LAL,FL,ASO,ES,Federal Contract Tower,0,3,88,2,93,0,0,225,0,225,0,3,313,2,318,379,0,379,697
02/17/2018,LAL,FL,ASO,ES,Federal Contract Tower,0,5,64,1,70,0,0,151,0,151,0,5,215,1,221,264,0,264,485
02/18/2018,LAL,FL,ASO,ES,Federal Contract Tower,0,6,78,0,84,0,0,109,0,109,0,6,187,0,193,142,0,142,335
02/19/2018,LAL,FL,ASO,ES,Federal Contract Tower,0,1,65,3,69,0,0,138,0,138,0,1,203,3,207,228,38,266,473
02/20/2018,LAL,FL,ASO,ES,Federal Contract Tower,0,0,79,4,83,0,0,119,0,119,0,0,198,4,202,144,0,144,346
02/21/2018,LAL,FL,ASO,ES,Federal Contract Tower,0,4,80,2,86,0,0,150,0,150,0,4,230,2,236,300,0,300,536
02/22/2018,LAL,FL,ASO,ES,Federal Contract Tower,0,3,87,30,120,0,0,182,2,184,0,3,269,32,304,274,0,274,578
02/24/2018,LAL,FL,ASO,ES,Federal Contract Tower,0,1,59,2,62,0,0,144,0,144,0,1,203,2,206,92,0,92,298
02/25/2018,LAL,FL,ASO,ES,Federal Contract Tower,0,2,43,0,45,0,0,87,0,87,0,2,130,0,132,124,0,124,256
02/26/2018,LAL,FL,ASO,ES,Federal Contract Tower,0,3,75,5,83,0,0,132,0,132,0,3,207,5,215,132,0,132,347
02/27/2018,LAL,FL,ASO,ES,Federal Contract Tower,0,5,81,3,89,0,0,146,0,146,0,5,227,3,235,236,0,236,471
02/28/2018,LAL,FL,ASO,ES,Federal Contract Tower,0,3,61,4,68,0,0,204,0,204,0,3,265,4,272,276,0,276,548
03/01/2018,LAL,FL,ASO,ES,Federal Contract Tower,0,8,78,1,87,0,0,136,2,138,0,8,214,3,225,118,18,136,361
03/02/2018,LAL,FL,ASO,ES,Federal Contract Tower,0,7,75,8,90,0,0,179,0,179,0,7,254,8,269,224,0,224,493
03/03/2018,LAL,FL,ASO,ES,Federal Contract Tower,0,5,63,0,68,0,0,174,0,174,0,5,237,0,242,186,0,186,428
03/04/2018,LAL,FL,ASO,ES,Federal Contract Tower,0,12,100,2,114,0,0,126,0,126,0,12,226,2,240,126,0,126,366
03/05/2018,LAL,FL,ASO,ES,Federal Contract Tower,0,2,65,4,71,0,0,151,0,151,0,2,216,4,222,277,0,277,499
03/06/2018,LAL,FL,ASO,ES,Federal Contract Tower,0,2,88,4,94,0,0,136,0,136,0,2,224,4,230,142,0,142,372
03/07/2018,LAL,FL,ASO,ES,Federal Contract Tower,0,7,52,1,60,0,0,93,1,94,0,7,145,2,154,90,0,90,244
03/08/2018,LAL,FL,ASO,ES,Federal Contract Tower,0,1,48,0,49,0,0,109,2,111,0,1,157,2,160,246,0,246,406
03/09/2018,LAL,FL,ASO,ES,Federal Contract Tower,0,3,69,4,76,0,0,181,1,182,0,3,250,5,258,278,0,278,536
03/10/2018,LAL,FL,ASO,ES,Federal Contract Tower,0,2,67,0,69,0,0,119,0,119,0,2,186,0,188,154,0,154,342
03/11/2018,LAL,FL,ASO,ES,Federal Contract Tower,0,2,43,0,45,0,0,58,0,58,0,2,101,0,103,170,0,170,273
03/12/2018,LAL,FL,ASO,ES,Federal Contract Tower,0,4,51,1,56,0,0,26,0,26,0,4,77,1,82,28,0,28,110
03/13/2018,LAL,FL,ASO,ES,Federal Contract Tower,0,2,59,5,66,0,0,199,2,201,0,2,258,7,267,272,6,278,545
03/14/2018,LAL,FL,ASO,ES,Federal Contract Tower,0,3,68,2,73,0,0,174,2,176,0,3,242,4,249,174,10,184,433
03/15/2018,LAL,FL,ASO,ES,Federal Contract Tower,0,4,82,0,86,0,0,231,0,231,0,4,313,0,317,258,0,258,575
03/16/2018,LAL,FL,ASO,ES,Federal Contract Tower,0,6,83,5,94,0,0,212,1,213,0,6,295,6,307,196,0,196,503
03/17/2018,LAL,FL,ASO,ES,Federal Contract Tower,0,3,78,8,89,0,0,191,0,191,0,3,269,8,280,218,10,228,508
03/18/2018,LAL,FL,ASO,ES,Federal Contract Tower,0,0,57,4,61,0,0,79,4,83,0,0,136,8,144,120,6,126,270
03/19/2018,LAL,FL,ASO,ES,Federal Contract Tower,0,7,58,0,65,0,0,92,0,92,0,7,150,0,157,170,0,170,327
03/20/2018,LAL,FL,ASO,ES,Federal Contract Tower,0,5,44,1,50,0,0,10,0,10,0,5,54,1,60,14,0,14,74
03/21/2018,LAL,FL,ASO,ES,Federal Contract Tower,0,1,61,2,64,0,0,103,0,103,0,1,164,2,167,156,0,156,323
03/22/2018,LAL,FL,ASO,ES,Federal Contract Tower,0,3,72,0,75,0,0,183,2,185,0,3,255,2,260,240,0,240,500
03/23/2018,LAL,FL,ASO,ES,Federal Contract Tower,0,2,73,9,84,0,0,195,2,197,0,2,268,11,281,241,8,249,530
03/24/2018,LAL,FL,ASO,ES,Federal Contract Tower,0,1,64,5,70,0,0,160,0,160,0,1,224,5,230,180,6,186,416
03/25/2018,LAL,FL,ASO,ES,Federal Contract Tower,2,4,61,0,67,0,0,130,0,130,2,4,191,0,197,204,0,204,401
03/26/2018,LAL,FL,ASO,ES,Federal Contract Tower,0,0,90,4,94,0,0,88,1,89,0,0,178,5,183,142,0,142,325
03/27/2018,LAL,FL,ASO,ES,Federal Contract Tower,0,2,68,4,74,0,0,126,0,126,0,2,194,4,200,154,6,160,360
03/28/2018,LAL,FL,ASO,ES,Federal Contract Tower,0,2,78,5,85,0,0,133,0,133,0,2,211,5,218,150,0,150,368
03/29/2018,LAL,FL,ASO,ES,Federal Contract Tower,0,1,62,1,64,0,0,197,8,205,0,1,259,9,269,131,0,131,400
03/30/2018,LAL,FL,ASO,ES,Federal Contract Tower,0,6,55,2,63,0,0,108,5,113,0,6,163,7,176,158,34,192,368
03/31/2018,LAL,FL,ASO,ES,Federal Contract Tower,0,2,58,4,64,0,0,96,0,96,0,2,154,4,160,140,14,154,314
04/01/2018,LAL,FL,ASO,ES,Federal Contract Tower,0,0,43,0,43,0,0,67,0,67,0,0,110,0,110,123,0,123,233
04/02/2018,LAL,FL,ASO,ES,Federal Contract Tower,0,3,62,7,72,0,0,114,2,116,0,3,176,9,188,152,42,194,382
04/03/2018,LAL,FL,ASO,ES,Federal Contract Tower,0,4,55,6,65,0,0,176,1,177,0,4,231,7,242,220,0,220,462
04/04/2018,LAL,FL,ASO,ES,Federal Contract Tower,0,4,50,6,60,0,0,164,2,166,0,4,214,8,226,238,10,248,474
04/05/2018,LAL,FL,ASO,ES,Federal Contract Tower,0,5,60,4,69,0,0,143,1,144,0,5,203,5,213,234,0,234,447
04/06/2018,LAL,FL,ASO,ES,Federal Contract Tower,0,3,30,2,35,0,0,153,0,153,0,3,183,2,188,140,0,140,328
04/07/2018,LAL,FL,ASO,ES,Federal Contract Tower,0,2,25,0,27,0,1,94,0,95,0,3,119,0,122,6,0,6,128
04/08/2018,LAL,FL,ASO,ES,Federal Contract Tower,0,2,48,2,52,0,0,178,0,178,0,2,226,2,230,10,0,10,240
04/09/2018,LAL,FL,ASO,ES,Federal Contract Tower,0,0,17,0,17,0,0,384,0,384,0,0,401,0,401,0,0,0,401
04/10/2018,LAL,FL,ASO,ES,Federal Contract Tower,0,0,1,0,1,0,0,225,0,225,0,0,226,0,226,0,0,0,226
04/11/2018,LAL,FL,ASO,ES,Federal Contract Tower,1,0,0,0,1,0,0,1052,0,1052,1,0,1052,0,1053,0,0,0,1053
04/12/2018,LAL,FL,ASO,ES,Federal Contract Tower,0,0,0,0,0,0,0,1291,0,1291,0,0,1291,0,1291,0,0,0,1291
04/13/2018,LAL,FL,ASO,ES,Federal Contract Tower,0,0,1,0,1,0,0,1126,0,1126,0,0,1127,0,1127,0,0,0,1127
04/14/2018,LAL,FL,ASO,ES,Federal Contract Tower,0,0,0,0,0,0,0,996,0,996,0,0,996,0,996,0,0,0,996
04/15/2018,LAL,FL,ASO,ES,Federal Contract Tower,0,0,3,4,7,0,0,247,0,247,0,0,250,4,254,0,0,0,254
04/16/2018,LAL,FL,ASO,ES,Federal Contract Tower,0,1,58,13,72,0,0,238,4,242,0,1,296,17,314,34,0,34,348
04/17/2018,LAL,FL,ASO,ES,Federal Contract Tower,0,7,69,0,76,0,0,183,0,183,0,7,252,0,259,202,0,202,461
04/18/2018,LAL,FL,ASO,ES,Federal Contract Tower,0,2,75,3,80,0,0,253,0,253,0,2,328,3,333,258,0,258,591
04/19/2018,LAL,FL,ASO,ES,Federal Contract Tower,0,5,88,3,96,0,0,191,0,191,0,5,279,3,287,162,0,162,449
04/20/2018,LAL,FL,ASO,ES,Federal Contract Tower,0,2,70,8,80,0,0,159,1,160,0,2,229,9,240,228,16,244,484
04/21/2018,LAL,FL,ASO,ES,Federal Contract Tower,0,3,43,1,47,0,0,108,0,108,0,3,151,1,155,174,0,174,329
04/22/2018,LAL,FL,ASO,ES,Federal Contract Tower,0,5,22,1,28,0,0,18,0,18,0,5,40,1,46,26,0,26,72
04/23/2018,LAL,FL,ASO,ES,Federal Contract Tower,0,2,47,2,51,0,0,59,2,61,0,2,106,4,112,90,0,90,202
04/24/2018,LAL,FL,ASO,ES,Federal Contract Tower,0,6,60,9,75,0,0,124,0,124,0,6,184,9,199,244,0,244,443
04/25/2018,LAL,FL,ASO,ES,Federal Contract Tower,0,4,57,6,67,0,0,201,1,202,0,4,258,7,269,254,28,282,551
04/26/2018,LAL,FL,ASO,ES,Federal Contract Tower,0,8,65,5,78,0,0,185,2,187,0,8,250,7,265,234,36,270,535
04/27/2018,LAL,FL,ASO,ES,Federal Contract Tower,0,5,57,5,67,0,0,155,1,156,0,5,212,6,223,216,14,230,453
04/28/2018,LAL,FL,ASO,ES,Federal Contract Tower,0,2,32,1,35,0,0,106,0,106,0,2,138,1,141,151,0,151,292
04/29/2018,LAL,FL,ASO,ES,Federal Contract Tower,0,8,50,0,58,0,0,83,0,83,0,8,133,0,141,175,0,175,316
04/30/2018,LAL,FL,ASO,ES,Federal Contract Tower,0,2,43,5,50,0,0,135,0,135,0,2,178,5,185,258,0,258,443
05/01/2018,LAL,FL,ASO,ES,Federal Contract Tower,0,6,90,0,96,0,0,150,2,152,0,6,240,2,248,306,0,306,554
05/02/2018,LAL,FL,ASO,ES,Federal Contract Tower,0,7,72,0,79,0,0,159,0,159,0,7,231,0,238,278,0,278,516
05/03/2018,LAL,FL,ASO,ES,Federal Contract Tower,0,2,99,0,101,0,0,175,4,179,0,2,274,4,280,326,32,358,638
05/04/2018,LAL,FL,ASO,ES,Federal Contract Tower,0,2,64,1,67,0,0,165,6,171,0,2,229,7,238,214,0,214,452
05/05/2018,LAL,FL,ASO,ES,Federal Contract Tower,0,5,38,0,43,0,0,116,0,116,0,5,154,0,159,277,0,277,436
05/06/2018,LAL,FL,ASO,ES,Federal Contract Tower,0,4,35,3,42,0,0,14,0,14,0,4,49,3,56,18,0,18,74
05/07/2018,LAL,FL,ASO,ES,Federal Contract Tower,0,0,42,3,45,0,0,131,2,133,0,0,173,5,178,264,14,278,456
05/08/2018,LAL,FL,ASO,ES,Federal Contract Tower,0,0,68,3,71,0,0,118,3,121,0,0,186,6,192,180,14,194,386
05/09/2018,LAL,FL,ASO,ES,Federal Contract Tower,0,3,58,0,61,0,0,182,6,188,0,3,240,6,249,256,24,280,529
05/10/2018,LAL,FL,ASO,ES,Federal Contract Tower,0,1,71,5,77,0,0,173,7,180,0,1,244,12,257,180,50,230,487
05/11/2018,LAL,FL,ASO,ES,Federal Contract Tower,0,9,56,7,72,0,0,197,3,200,0,9,253,10,272,218,6,224,496
05/12/2018,LAL,FL,ASO,ES,Federal Contract Tower,0,1,94,1,96,0,0,143,0,143,0,1,237,1,239,165,0,165,404
05/13/2018,LAL,FL,ASO,ES,Federal Contract Tower,0,3,22,0,25,0,0,42,0,42,0,3,64,0,67,8,0,8,75
05/14/2018,LAL,FL,ASO,ES,Federal Contract Tower,0,2,37,4,43,0,0,1,0,1,0,2,38,4,44,0,0,0,44
05/15/2018,LAL,FL,ASO,ES,Federal Contract Tower,0,5,60,0,65,0,0,56,4,60,0,5,116,4,125,68,20,88,213
05/16/2018,LAL,FL,ASO,ES,Federal Contract Tower,0,9,43,0,52,0,0,63,0,63,0,9,106,0,115,86,0,86,201
05/17/2018,LAL,FL,ASO,ES,Federal Contract Tower,0,1,41,6,48,0,0,52,1,53,0,1,93,7,101,110,0,110,211
05/18/2018,LAL,FL,ASO,ES,Federal Contract Tower,0,7,79,1,87,0,0,130,5,135,0,7,209,6,222,254,44,298,520
05/19/2018,LAL,FL,ASO,ES,Federal Contract Tower,0,4,19,1,24,0,0,23,0,23,0,4,42,1,47,48,0,48,95
05/20/2018,LAL,FL,ASO,ES,Federal Contract Tower,0,1,23,6,30,0,0,4,0,4,0,1,27,6,34,28,0,28,62
05/21/2018,LAL,FL,ASO,ES,Federal Contract Tower,0,2,71,9,82,0,0,55,0,55,0,2,126,9,137,196,0,196,333
05/22/2018,LAL,FL,ASO,ES,Federal Contract Tower,0,6,93,6,105,0,0,61,0,61,0,6,154,6,166,154,0,154,320
05/23/2018,LAL,FL,ASO,ES,Federal Contract Tower,0,3,83,4,90,0,0,181,0,181,0,3,264,4,271,271,0,271,542
05/24/2018,LAL,FL,ASO,ES,Federal Contract Tower,0,2,92,0,94,0,0,133,0,133,0,2,225,0,227,214,0,214,441
05/25/2018,LAL,FL,ASO,ES,Federal Contract Tower,0,7,53,1,61,0,0,66,0,66,0,7,119,1,127,146,0,146,273
05/26/2018,LAL,FL,ASO,ES,Federal Contract Tower,0,2,31,1,34,0,0,21,0,21,0,2,52,1,55,12,0,12,67
05/27/2018,LAL,FL,ASO,ES,Federal Contract Tower,0,6,12,0,18,0,0,2,0,2,0,6,14,0,20,22,0,22,42
05/28/2018,LAL,FL,ASO,ES,Federal Contract Tower,0,1,23,0,24,0,0,25,0,25,0,1,48,0,49,102,0,102,151
05/29/2018,LAL,FL,ASO,ES,Federal Contract Tower,0,0,65,8,73,0,0,69,0,69,0,0,134,8,142,122,10,132,274
05/30/2018,LAL,FL,ASO,ES,Federal Contract Tower,0,9,43,0,52,0,0,32,0,32,0,9,75,0,84,49,0,49,133
05/31/2018,LAL,FL,ASO,ES,Federal Contract Tower,0,4,59,2,65,0,0,84,0,84,0,4,143,2,149,216,0,216,365
06/01/2018,LAL,FL,ASO,ES,Federal Contract Tower,0,3,90,3,96,0,0,120,0,120,0,3,210,3,216,232,2,234,450
06/02/2018,LAL,FL,ASO,ES,Federal Contract Tower,0,2,51,2,55,0,0,106,0,106,0,2,157,2,161,256,0,256,417
06/03/2018,LAL,FL,ASO,ES,Federal Contract Tower,0,3,33,4,40,0,0,50,1,51,0,3,83,5,91,136,8,144,235
06/04/2018,LAL,FL,ASO,ES,Federal Contract Tower,0,2,57,2,61,0,0,123,2,125,0,2,180,4,186,108,0,108,294
06/05/2018,LAL,FL,ASO,ES,Federal Contract Tower,0,6,55,5,66,0,0,134,4,138,0,6,189,9,204,192,0,192,396
06/06/2018,LAL,FL,ASO,ES,Federal Contract Tower,0,4,35,0,39,0,0,66,1,67,0,4,101,1,106,190,0,190,296
06/07/2018,LAL,FL,ASO,ES,Federal Contract Tower,0,6,73,3,82,0,0,136,0,136,0,6,209,3,218,240,0,240,458
06/09/2018,LAL,FL,ASO,ES,Federal Contract Tower,0,5,50,2,57,0,0,109,1,110,0,5,159,3,167,228,0,228,395
06/10/2018,LAL,FL,ASO,ES,Federal Contract Tower,0,3,31,0,34,0,0,86,0,86,0,3,117,0,120,154,0,154,274
06/11/2018,LAL,FL,ASO,ES,Federal Contract Tower,0,0,41,2,43,0,0,126,0,126,0,0,167,2,169,308,0,308,477
06/12/2018,LAL,FL,ASO,ES,Federal Contract Tower,0,2,67,2,71,0,0,116,1,117,0,2,183,3,188,164,0,164,352
06/13/2018,LAL,FL,ASO,ES,Federal Contract Tower,0,9,73,10,92,0,0,153,0,153,0,9,226,10,245,270,4,274,519
06/14/2018,LAL,FL,ASO,ES,Federal Contract Tower,0,6,55,2,63,0,0,124,0,124,0,6,179,2,187,262,0,262,449
06/15/2018,LAL,FL,ASO,ES,Federal Contract Tower,0,4,71,4,79,0,0,139,0,139,0,4,210,4,218,260,0,260,478
06/16/2018,LAL,FL,ASO,ES,Federal Contract Tower,0,4,34,2,40,0,0,117,0,117,0,4,151,2,157,162,0,162,319
06/17/2018,LAL,FL,ASO,ES,Federal Contract Tower,0,2,40,0,42,0,0,61,0,61,0,2,101,0,103,24,0,24,127
06/18/2018,LAL,FL,ASO,ES,Federal Contract Tower,0,9,72,8,89,0,0,125,3,128,0,9,197,11,217,154,22,176,393
06/19/2018,LAL,FL,ASO,ES,Federal Contract Tower,0,6,64,4,74,0,0,188,2,190,0,6,252,6,264,254,2,256,520
06/20/2018,LAL,FL,ASO,ES,Federal Contract Tower,0,4,58,13,75,0,0,135,2,137,0,4,193,15,212,216,38,254,466
06/21/2018,LAL,FL,ASO,ES,Federal Contract Tower,0,3,52,5,60,0,0,109,2,111,0,3,161,7,171,120,28,148,319
06/22/2018,LAL,FL,ASO,ES,Federal Contract Tower,0,0,50,5,55,0,0,118,6,124,0,0,168,11,179,154,6,160,339
06/23/2018,LAL,FL,ASO,ES,Federal Contract Tower,0,1,64,0,65,0,0,99,0,99,0,1,163,0,164,152,0,152,316
06/24/2018,LAL,FL,ASO,ES,Federal Contract Tower,0,0,35,0,35,0,0,64,0,64,0,0,99,0,99,114,0,114,213
06/25/2018,LAL,FL,ASO,ES,Federal Contract Tower,0,4,61,3,68,0,0,161,4,165,0,4,222,7,233,198,42,240,473
06/26/2018,LAL,FL,ASO,ES,Federal Contract Tower,0,3,56,5,64,0,0,119,0,119,0,3,175,5,183,146,0,146,329
06/27/2018,LAL,FL,ASO,ES,Federal Contract Tower,0,5,50,3,58,0,0,119,0,119,0,5,169,3,177,186,0,186,363
06/28/2018,LAL,FL,ASO,ES,Federal Contract Tower,0,4,34,5,43,0,0,110,1,111,0,4,144,6,154,122,12,134,288
06/29/2018,LAL,FL,ASO,ES,Federal Contract Tower,0,3,34,1,38,0,0,85,0,85,0,3,119,1,123,100,0,100,223
06/30/2018,LAL,FL,ASO,ES,Federal Contract Tower,1,4,17,0,22,0,0,54,0,54,1,4,71,0,76,66,0,66,142
07/01/2018,LAL,FL,ASO,ES,Federal Contract Tower,0,1,21,1,23,0,0,66,0,66,0,1,87,1,89,86,0,86,175
07/02/2018,LAL,FL,ASO,ES,Federal Contract Tower,0,6,51,5,62,0,0,99,1,100,0,6,150,6,162,196,0,196,358
07/03/2018,LAL,FL,ASO,ES,Federal Contract Tower,0,1,49,9,59,0,0,90,0,90,0,1,139,9,149,185,10,195,344
07/04/2018,LAL,FL,ASO,ES,Federal Contract Tower,0,4,19,0,23,0,0,78,0,78,0,4,97,0,101,144,0,144,245
07/05/2018,LAL,FL,ASO,ES,Federal Contract Tower,0,6,53,12,71,0,0,97,2,99,0,6,150,14,170,136,10,146,316
07/06/2018,LAL,FL,ASO,ES,Federal Contract Tower,0,5,60,7,72,0,0,115,2,117,0,5,175,9,189,162,18,180,369
07/07/2018,LAL,FL,ASO,ES,Federal Contract Tower,0,3,28,0,31,0,0,107,0,107,0,3,135,0,138,170,0,170,308
07/08/2018,LAL,FL,ASO,ES,Federal Contract Tower,0,1,38,3,42,0,85,0,0,85,0,86,38,3,127,178,0,178,305
07/09/2018,LAL,FL,ASO,ES,Federal Contract Tower,0,4,47,4,55,0,0,145,0,145,0,4,192,4,200,256,0,256,456
07/10/2018,LAL,FL,ASO,ES,Federal Contract Tower,4,0,67,2,73,0,0,148,2,150,4,0,215,4,223,144,4,148,371
07/11/2018,LAL,FL,ASO,ES,Federal Contract Tower,0,2,93,1,96,0,0,148,3,151,0,2,241,4,247,247,14,261,508
07/12/2018,LAL,FL,ASO,ES,Federal Contract Tower,2,4,47,1,54,0,0,158,2,160,2,4,205,3,214,274,6,280,494
07/13/2018,LAL,FL,ASO,ES,Federal Contract Tower,2,3,71,10,86,0,0,129,8,137,2,3,200,18,223,230,34,264,487
07/14/2018,LAL,FL,ASO,ES,Federal Contract Tower,0,2,44,0,46,0,0,99,0,99,0,2,143,0,145,148,0,148,293
07/15/2018,LAL,FL,ASO,ES,Federal Contract Tower,0,2,44,0,46,0,0,81,0,81,0,2,125,0,127,156,0,156,283
07/16/2018,LAL,FL,ASO,ES,Federal Contract Tower,0,1,53,2,56,0,0,87,4,91,0,1,140,6,147,178,12,190,337
07/17/2018,LAL,FL,ASO,ES,Federal Contract Tower,0,2,57,7,66,0,0,124,7,131,0,2,181,14,197,136,40,176,373
07/18/2018,LAL,FL,ASO,ES,Federal Contract Tower,0,1,35,2,38,0,0,91,0,91,0,1,126,2,129,243,0,243,372
07/19/2018,LAL,FL,ASO,ES,Federal Contract Tower,0,2,49,11,62,0,0,70,2,72,0,2,119,13,134,164,12,176,310
07/20/2018,LAL,FL,ASO,ES,Federal Contract Tower,0,0,47,0,47,0,0,68,2,70,0,0,115,2,117,100,4,104,221
07/21/2018,LAL,FL,ASO,ES,Federal Contract Tower,0,2,38,0,40,0,0,47,0,47,0,2,85,0,87,62,0,62,149
07/22/2018,LAL,FL,ASO,ES,Federal Contract Tower,0,2,44,1,47,0,54,0,0,54,0,56,44,1,101,83,0,83,184
07/23/2018,LAL,FL,ASO,ES,Federal Contract Tower,0,5,57,4,66,0,0,94,4,98,0,5,151,8,164,206,20,226,390
07/24/2018,LAL,FL,ASO,ES,Federal Contract Tower,0,2,71,10,83,0,0,96,2,98,0,2,167,12,181,178,6,184,365
07/25/2018,LAL,FL,ASO,ES,Federal Contract Tower,0,4,59,12,75,0,0,82,2,84,0,4,141,14,159,164,10,174,333
07/26/2018,LAL,FL,ASO,ES,Federal Contract Tower,0,1,52,3,56,0,0,53,3,56,0,1,105,6,112,80,20,100,212
07/27/2018,LAL,FL,ASO,ES,Federal Contract Tower,0,2,44,2,48,0,0,138,4,142,0,2,182,6,190,204,14,218,408
07/28/2018,LAL,FL,ASO,ES,Federal Contract Tower,0,1,46,0,47,0,0,101,0,101,0,1,147,0,148,142,0,142,290
07/29/2018,LAL,FL,ASO,ES,Federal Contract Tower,0,3,35,1,39,0,0,62,2,64,0,3,97,3,103,104,0,104,207
07/30/2018,LAL,FL,ASO,ES,Federal Contract Tower,0,0,40,1,41,0,0,90,0,90,0,0,130,1,131,168,0,168,299
07/31/2018,LAL,FL,ASO,ES,Federal Contract Tower,0,3,33,11,47,0,0,95,5,100,0,3,128,16,147,175,8,183,330
08/01/2018,LAL,FL,ASO,ES,Federal Contract Tower,0,3,72,20,95,0,0,129,1,130,0,3,201,21,225,186,21,207,432
08/02/2018,LAL,FL,ASO,ES,Federal Contract Tower,0,3,67,2,72,0,0,100,0,100,0,3,167,2,172,186,0,186,358
08/03/2018,LAL,FL,ASO,ES,Federal Contract Tower,0,0,79,4,83,0,0,123,0,123,0,0,202,4,206,240,0,240,446
08/04/2018,LAL,FL,ASO,ES,Federal Contract Tower,0,1,70,13,84,0,0,158,0,158,0,1,228,13,242,218,0,218,460
08/05/2018,LAL,FL,ASO,ES,Federal Contract Tower,0,2,29,2,33,0,0,76,0,76,0,2,105,2,109,210,6,216,325
08/06/2018,LAL,FL,ASO,ES,Federal Contract Tower,0,2,53,4,59,0,0,125,0,125,0,2,178,4,184,213,0,213,397
08/07/2018,LAL,FL,ASO,ES,Federal Contract Tower,0,2,79,2,83,0,0,161,2,163,0,2,240,4,246,194,14,208,454
08/08/2018,LAL,FL,ASO,ES,Federal Contract Tower,0,3,61,1,65,0,0,173,2,175,0,3,234,3,240,250,0,250,490
08/09/2018,LAL,FL,ASO,ES,Federal Contract Tower,0,0,40,1,41,0,0,109,0,109,0,0,149,1,150,256,0,256,406
08/10/2018,LAL,FL,ASO,ES,Federal Contract Tower,0,3,54,6,63,0,0,114,0,114,0,3,168,6,177,222,2,224,401
08/11/2018,LAL,FL,ASO,ES,Federal Contract Tower,0,1,38,1,40,0,0,56,0,56,0,1,94,1,96,130,0,130,226
08/12/2018,LAL,FL,ASO,ES,Federal Contract Tower,0,0,22,0,22,0,0,51,0,51,0,0,73,0,73,62,0,62,135
08/13/2018,LAL,FL,ASO,ES,Federal Contract Tower,0,4,35,10,49,0,0,90,1,91,0,4,125,11,140,193,14,207,347
08/14/2018,LAL,FL,ASO,ES,Federal Contract Tower,0,0,49,3,52,0,0,127,0,127,0,0,176,3,179,166,0,166,345
08/15/2018,LAL,FL,ASO,ES,Federal Contract Tower,0,3,57,0,60,0,2,158,0,160,0,5,215,0,220,156,0,156,376
08/16/2018,LAL,FL,ASO,ES,Federal Contract Tower,0,5,48,3,56,0,0,123,5,128,0,5,171,8,184,168,2,170,354
08/17/2018,LAL,FL,ASO,ES,Federal Contract Tower,0,1,57,12,70,0,0,125,0,125,0,1,182,12,195,174,2,176,371
08/18/2018,LAL,FL,ASO,ES,Federal Contract Tower,0,3,21,1,25,0,0,119,0,119,0,3,140,1,144,154,0,154,298
08/19/2018,LAL,FL,ASO,ES,Federal Contract Tower,0,1,33,0,34,0,0,58,0,58,0,1,91,0,92,86,0,86,178
08/20/2018,LAL,FL,ASO,ES,Federal Contract Tower,0,0,56,4,60,0,0,103,0,103,0,0,159,4,163,156,0,156,319
08/21/2018,LAL,FL,ASO,ES,Federal Contract Tower,0,4,66,2,72,0,0,108,2,110,0,4,174,4,182,166,6,172,354
08/22/2018,LAL,FL,ASO,ES,Federal Contract Tower,0,4,63,8,75,0,0,143,2,145,0,4,206,10,220,144,10,154,374
08/23/2018,LAL,FL,ASO,ES,Federal Contract Tower,0,1,54,1,56,0,0,105,6,111,0,1,159,7,167,118,34,152,319
08/24/2018,LAL,FL,ASO,ES,Federal Contract Tower,0,5,50,13,68,0,0,116,8,124,0,5,166,21,192,124,36,160,352
08/25/2018,LAL,FL,ASO,ES,Federal Contract Tower,0,3,20,0,23,0,0,86,0,86,0,3,106,0,109,174,0,174,283
08/26/2018,LAL,FL,ASO,ES,Federal Contract Tower,0,4,29,0,33,0,0,85,0,85,0,4,114,0,118,114,0,114,232
08/27/2018,LAL,FL,ASO,ES,Federal Contract Tower,0,1,53,5,59,0,0,94,2,96,0,1,147,7,155,128,11,139,294
08/28/2018,LAL,FL,ASO,ES,Federal Contract Tower,0,0,57,7,64,0,0,113,2,115,0,0,170,9,179,216,4,220,399
08/29/2018,LAL,FL,ASO,ES,Federal Contract Tower,0,5,39,1,45,0,0,103,3,106,0,5,142,4,151,134,28,162,313
08/30/2018,LAL,FL,ASO,ES,Federal Contract Tower,0,2,35,5,42,0,0,76,2,78,0,2,111,7,120,94,14,108,228
08/31/2018,LAL,FL,ASO,ES,Federal Contract Tower,0,0,42,3,45,0,0,97,1,98,0,0,139,4,143,134,20,154,297
09/01/2018,LAL,FL,ASO,ES,Federal Contract Tower,0,0,47,0,47,0,0,67,0,67,0,0,114,0,114,127,0,127,241
09/02/2018,LAL,FL,ASO,ES,Federal Contract Tower,0,2,16,1,19,0,0,51,0,51,0,2,67,1,70,56,0,56,126
09/03/2018,LAL,FL,ASO,ES,Federal Contract Tower,0,4,23,2,29,0,0,57,0,57,0,4,80,2,86,81,7,88,174
09/04/2018,LAL,FL,ASO,ES,Federal Contract Tower,0,3,45,5,53,0,0,131,0,131,0,3,176,5,184,148,0,148,332
09/05/2018,LAL,FL,ASO,ES,Federal Contract Tower,0,1,46,7,54,0,0,186,0,186,0,1,232,7,240,152,0,152,392
09/06/2018,LAL,FL,ASO,ES,Federal Contract Tower,1,3,32,3,39,0,0,80,0,80,1,3,112,3,119,196,8,204,323
09/07/2018,LAL,FL,ASO,ES,Federal Contract Tower,1,0,47,3,51,0,0,130,0,130,1,0,177,3,181,194,0,194,375
09/08/2018,LAL,FL,ASO,ES,Federal Contract Tower,0,0,34,2,36,0,0,83,0,83,0,0,117,2,119,152,0,152,271
09/09/2018,LAL,FL,ASO,ES,Federal Contract Tower,0,5,35,2,42,0,0,49,1,50,0,5,84,3,92,68,0,68,160
09/10/2018,LAL,FL,ASO,ES,Federal Contract Tower,0,0,48,3,51,0,0,131,0,131,0,0,179,3,182,166,0,166,348
09/11/2018,LAL,FL,ASO,ES,Federal Contract Tower,0,1,48,8,57,0,0,138,1,139,0,1,186,9,196,207,0,207,403
09/12/2018,LAL,FL,ASO,ES,Federal Contract Tower,0,8,56,4,68,0,0,167,0,167,0,8,223,4,235,220,0,220,455
09/13/2018,LAL,FL,ASO,ES,Federal Contract Tower,0,1,74,1,76,0,0,112,0,112,0,1,186,1,188,102,0,102,290
09/14/2018,LAL,FL,ASO,ES,Federal Contract Tower,0,2,57,10,69,0,0,125,4,129,0,2,182,14,198,124,4,128,326
09/15/2018,LAL,FL,ASO,ES,Federal Contract Tower,0,2,33,2,37,0,0,105,22,127,0,2,138,24,164,178,6,184,348
09/16/2018,LAL,FL,ASO,ES,Federal Contract Tower,0,3,51,1,55,0,0,52,0,52,0,3,103,1,107,58,0,58,165
09/17/2018,LAL,FL,ASO,ES,Federal Contract Tower,0,3,57,8,68,0,0,103,2,105,0,3,160,10,173,238,6,244,417
09/18/2018,LAL,FL,ASO,ES,Federal Contract Tower,0,3,42,5,50,0,0,139,2,141,0,3,181,7,191,242,24,266,457
09/19/2018,LAL,FL,ASO,ES,Federal Contract Tower,0,4,42,2,48,0,0,125,0,125,0,4,167,2,173,150,0,150,323
09/20/2018,LAL,FL,ASO,ES,Federal Contract Tower,0,5,45,4,54,0,0,108,2,110,0,5,153,6,164,232,12,244,408
09/21/2018,LAL,FL,ASO,ES,Federal Contract Tower,0,0,43,1,44,0,0,62,0,62,0,0,105,1,106,158,8,166,272
09/22/2018,LAL,FL,ASO,ES,Federal Contract Tower,0,0,28,1,29,0,0,101,0,101,0,0,129,1,130,68,0,68,198
09/23/2018,LAL,FL,ASO,ES,Federal Contract Tower,0,2,49,0,51,0,0,79,0,79,0,2,128,0,130,168,0,168,298
09/24/2018,LAL,FL,ASO,ES,Federal Contract Tower,0,0,47,1,48,0,0,130,0,130,0,0,177,1,178,176,0,176,354
09/25/2018,LAL,FL,ASO,ES,Federal Contract Tower,0,2,83,1,86,0,0,99,0,99,0,2,182,1,185,182,0,182,367
09/26/2018,LAL,FL,ASO,ES,Federal Contract Tower,0,2,46,6,54,0,0,150,0,150,0,2,196,6,204,170,2,172,376
09/27/2018,LAL,FL,ASO,ES,Federal Contract Tower,0,6,59,0,65,0,0,105,0,105,0,6,164,0,170,138,0,138,308
09/28/2018,LAL,FL,ASO,ES,Federal Contract Tower,0,7,56,0,63,0,0,122,2,124,0,7,178,2,187,190,16,206,393
09/29/2018,LAL,FL,ASO,ES,Federal Contract Tower,0,3,50,2,55,0,0,99,0,99,0,3,149,2,154,170,0,170,324
09/30/2018,LAL,FL,ASO,ES,Federal Contract Tower,0,2,43,2,47,0,0,75,1,76,0,2,118,3,123,92,10,102,225
10/01/2018,LAL,FL,ASO,ES,Federal Contract Tower,0,4,62,0,66,0,0,139,0,139,0,4,201,0,205,178,0,178,383
10/02/2018,LAL,FL,ASO,ES,Federal Contract Tower,0,0,68,1,69,0,0,149,0,149,0,0,217,1,218,162,2,164,382
10/03/2018,LAL,FL,ASO,ES,Federal Contract Tower,0,0,63,9,72,0,0,126,0,126,0,0,189,9,198,178,0,178,376
10/04/2018,LAL,FL,ASO,ES,Federal Contract Tower,0,11,52,4,67,0,0,133,0,133,0,11,185,4,200,150,2,152,352
10/05/2018,LAL,FL,ASO,ES,Federal Contract Tower,0,2,47,2,51,0,0,161,4,165,0,2,208,6,216,196,18,214,430
10/06/2018,LAL,FL,ASO,ES,Federal Contract Tower,0,3,26,0,29,0,0,178,2,180,0,3,204,2,209,116,0,116,325
10/07/2018,LAL,FL,ASO,ES,Federal Contract Tower,0,10,20,0,30,0,0,58,1,59,0,10,78,1,89,110,0,110,199
10/08/2018,LAL,FL,ASO,ES,Federal Contract Tower,0,1,42,4,47,0,0,75,0,75,0,1,117,4,122,80,0,80,202
10/09/2018,LAL,FL,ASO,ES,Federal Contract Tower,0,2,56,7,65,0,0,54,1,55,0,2,110,8,120,48,4,52,172
10/10/2018,LAL,FL,ASO,ES,Federal Contract Tower,0,3,28,3,34,0,0,19,0,19,0,3,47,3,53,32,0,32,85
10/11/2018,LAL,FL,ASO,ES,Federal Contract Tower,0,3,42,4,49,0,0,93,0,93,0,3,135,4,142,132,0,132,274
10/12/2018,LAL,FL,ASO,ES,Federal Contract Tower,0,1,44,3,48,0,0,194,0,194,0,1,238,3,242,212,0,212,454
10/13/2018,LAL,FL,ASO,ES,Federal Contract Tower,0,1,38,2,41,0,0,111,1,112,0,1,149,3,153,170,0,170,323
10/14/2018,LAL,FL,ASO,ES,Federal Contract Tower,0,4,45,2,51,0,0,91,0,91,0,4,136,2,142,120,0,120,262
10/15/2018,LAL,FL,ASO,ES,Federal Contract Tower,0,5,64,3,72,0,0,110,0,110,0,5,174,3,182,187,0,187,369
10/16/2018,LAL,FL,ASO,ES,Federal Contract Tower,0,3,66,1,70,0,0,118,0,118,0,3,184,1,188,212,0,212,400
10/17/2018,LAL,FL,ASO,ES,Federal Contract Tower,0,1,73,0,74,0,0,130,0,130,0,1,203,0,204,205,0,205,409
10/18/2018,LAL,FL,ASO,ES,Federal Contract Tower,0,13,71,6,90,0,0,119,0,119,0,13,190,6,209,234,18,252,461
10/19/2018,LAL,FL,ASO,ES,Federal Contract Tower,0,5,69,1,75,0,0,141,4,145,0,5,210,5,220,268,0,268,488
10/20/2018,LAL,FL,ASO,ES,Federal Contract Tower,0,2,39,0,41,0,0,267,0,267,0,2,306,0,308,44,0,44,352
10/21/2018,LAL,FL,ASO,ES,Federal Contract Tower,0,0,44,0,44,0,0,96,0,96,0,0,140,0,140,182,0,182,322
10/22/2018,LAL,FL,ASO,ES,Federal Contract Tower,0,6,76,2,84,0,0,130,2,132,0,6,206,4,216,233,0,233,449
10/23/2018,LAL,FL,ASO,ES,Federal Contract Tower,0,3,52,0,55,0,0,165,0,165,0,3,217,0,220,270,0,270,490
10/24/2018,LAL,FL,ASO,ES,Federal Contract Tower,0,4,54,3,61,0,0,157,0,157,0,4,211,3,218,316,0,316,534
10/25/2018,LAL,FL,ASO,ES,Federal Contract Tower,1,5,70,1,77,0,0,167,1,168,1,5,237,2,245,248,0,248,493
10/26/2018,LAL,FL,ASO,ES,Federal Contract Tower,0,1,36,0,37,0,0,72,0,72,0,1,108,0,109,74,0,74,183
10/27/2018,LAL,FL,ASO,ES,Federal Contract Tower,0,5,55,13,73,0,0,133,4,137,0,5,188,17,210,234,6,240,450
10/28/2018,LAL,FL,ASO,ES,Federal Contract Tower,0,2,65,0,67,0,0,118,0,118,0,2,183,0,185,192,0,192,377
10/29/2018,LAL,FL,ASO,ES,Federal Contract Tower,0,5,62,9,76,0,0,134,0,134,0,5,196,9,210,236,14,250,460
10/30/2018,LAL,FL,ASO,ES,Federal Contract Tower,0,8,66,9,83,0,0,153,6,159,0,8,219,15,242,156,18,174,416
10/31/2018,LAL,FL,ASO,ES,Federal Contract Tower,0,4,51,22,77,0,0,168,0,168,0,4,219,22,245,268,0,268,513
11/01/2018,LAL,FL,ASO,ES,Federal Contract Tower,0,2,59,11,72,0,0,170,0,170,0,2,229,11,242,172,6,178,420
11/02/2018,LAL,FL,ASO,ES,Federal Contract Tower,0,12,27,6,45,0,0,36,0,36,0,12,63,6,81,32,0,32,113
11/03/2018,LAL,FL,ASO,ES,Federal Contract Tower,0,7,53,0,60,0,0,128,0,128,0,7,181,0,188,244,0,244,432
11/04/2018,LAL,FL,ASO,ES,Federal Contract Tower,0,7,31,0,38,0,0,54,0,54,0,7,85,0,92,82,0,82,174
11/05/2018,LAL,FL,ASO,ES,Federal Contract Tower,0,6,65,5,76,0,0,124,3,127,0,6,189,8,203,234,6,240,443
11/06/2018,LAL,FL,ASO,ES,Federal Contract Tower,0,3,68,8,79,0,0,168,8,176,0,3,236,16,255,276,20,296,551
11/07/2018,LAL,FL,ASO,ES,Federal Contract Tower,0,2,93,7,102,0,0,170,2,172,0,2,263,9,274,252,0,252,526
11/08/2018,LAL,FL,ASO,ES,Federal Contract Tower,0,1,65,4,70,0,0,160,0,160,0,1,225,4,230,162,0,162,392
11/09/2018,LAL,FL,ASO,ES,Federal Contract Tower,0,0,68,22,90,0,0,133,1,134,0,0,201,23,224,222,16,238,462
11/10/2018,LAL,FL,ASO,ES,Federal Contract Tower,2,0,56,0,58,0,0,48,3,51,2,0,104,3,109,78,0,78,187
11/11/2018,LAL,FL,ASO,ES,Federal Contract Tower,0,3,51,2,56,0,0,117,0,117,0,3,168,2,173,110,2,112,285
11/12/2018,LAL,FL,ASO,ES,Federal Contract Tower,0,5,94,0,99,0,0,95,0,95,0,5,189,0,194,184,0,184,378
11/13/2018,LAL,FL,ASO,ES,Federal Contract Tower,0,0,50,9,59,0,0,153,0,153,0,0,203,9,212,136,10,146,358
11/14/2018,LAL,FL,ASO,ES,Federal Contract Tower,0,5,65,7,77,0,0,132,0,132,0,5,197,7,209,124,6,130,339
11/15/2018,LAL,FL,ASO,ES,Federal Contract Tower,0,4,72,7,83,0,0,72,0,72,0,4,144,7,155,140,0,140,295
11/16/2018,LAL,FL,ASO,ES,Federal Contract Tower,0,8,72,0,80,0,0,170,0,170,0,8,242,0,250,178,0,178,428
11/17/2018,LAL,FL,ASO,ES,Federal Contract Tower,0,6,39,0,45,0,0,151,0,151,0,6,190,0,196,162,0,162,358
11/18/2018,LAL,FL,ASO,ES,Federal Contract Tower,0,0,41,0,41,0,0,126,0,126,0,0,167,0,167,57,0,57,224
11/19/2018,LAL,FL,ASO,ES,Federal Contract Tower,0,5,67,1,73,0,0,137,4,141,0,5,204,5,214,212,0,212,426
11/20/2018,LAL,FL,ASO,ES,Federal Contract Tower,0,8,59,10,77,0,0,114,2,116,0,8,173,12,193,178,18,196,389
11/21/2018,LAL,FL,ASO,ES,Federal Contract Tower,0,0,49,8,57,0,0,165,1,166,0,0,214,9,223,134,6,140,363
11/22/2018,LAL,FL,ASO,ES,Federal Contract Tower,0,0,40,0,40,0,0,65,0,65,0,0,105,0,105,26,0,26,131
11/23/2018,LAL,FL,ASO,ES,Federal Contract Tower,0,2,44,1,47,0,0,68,0,68,0,2,112,1,115,82,2,84,199
11/24/2018,LAL,FL,ASO,ES,Federal Contract Tower,0,12,34,0,46,0,0,109,0,109,0,12,143,0,155,120,0,120,275
11/25/2018,LAL,FL,ASO,ES,Federal Contract Tower,0,0,61,0,61,0,0,85,0,85,0,0,146,0,146,117,0,117,263
11/26/2018,LAL,FL,ASO,ES,Federal Contract Tower,0,3,32,12,47,0,0,28,3,31,0,3,60,15,78,32,12,44,122
11/27/2018,LAL,FL,ASO,ES,Federal Contract Tower,0,4,49,6,59,0,0,90,0,90,0,4,139,6,149,134,12,146,295
11/28/2018,LAL,FL,ASO,ES,Federal Contract Tower,0,3,54,10,67,0,0,140,9,149,0,3,194,19,216,212,18,230,446
11/29/2018,LAL,FL,ASO,ES,Federal Contract Tower,0,5,71,2,78,0,0,232,1,233,0,5,303,3,311,144,0,144,455
11/30/2018,LAL,FL,ASO,ES,Federal Contract Tower,0,2,65,12,79,0,0,133,1,134,0,2,198,13,213,198,38,236,449
12/01/2018,LAL,FL,ASO,ES,Federal Contract Tower,0,2,44,0,46,0,0,110,0,110,0,2,154,0,156,80,0,80,236
12/02/2018,LAL,FL,ASO,ES,Federal Contract Tower,0,2,37,0,39,0,0,49,0,49,0,2,86,0,88,38,0,38,126
12/03/2018,LAL,FL,ASO,ES,Federal Contract Tower,0,0,55,1,56,0,0,55,1,56,0,0,110,2,112,102,0,102,214
12/04/2018,LAL,FL,ASO,ES,Federal Contract Tower,0,2,73,0,75,0,0,64,0,64,0,2,137,0,139,160,0,160,299
12/05/2018,LAL,FL,ASO,ES,Federal Contract Tower,0,4,38,0,42,0,0,134,4,138,0,4,172,4,180,100,0,100,280
12/06/2018,LAL,FL,ASO,ES,Federal Contract Tower,0,4,67,2,73,0,0,151,0,151,0,4,218,2,224,154,6,160,384
12/07/2018,LAL,FL,ASO,ES,Federal Contract Tower,0,1,57,0,58,0,0,129,0,129,0,1,186,0,187,168,0,168,355
12/08/2018,LAL,FL,ASO,ES,Federal Contract Tower,0,5,42,1,48,0,0,205,0,205,0,5,247,1,253,191,0,191,444
12/09/2018,LAL,FL,ASO,ES,Federal Contract Tower,0,6,15,0,21,0,0,11,0,11,0,6,26,0,32,6,0,6,38
12/10/2018,LAL,FL,ASO,ES,Federal Contract Tower,0,3,35,14,52,0,0,75,5,80,0,3,110,19,132,148,2,150,282
12/11/2018,LAL,FL,ASO,ES,Federal Contract Tower,0,10,61,12,83,0,0,104,10,114,0,10,165,22,197,150,26,176,373
12/12/2018,LAL,FL,ASO,ES,Federal Contract Tower,0,4,74,8,86,0,0,134,2,136,0,4,208,10,222,156,12,168,390
12/13/2018,LAL,FL,ASO,ES,Federal Contract Tower,0,5,75,6,86,0,0,114,8,122,0,5,189,14,208,144,24,168,376
12/14/2018,LAL,FL,ASO,ES,Federal Contract Tower,0,6,15,3,24,0,0,26,10,36,0,6,41,13,60,20,18,38,98
12/15/2018,LAL,FL,ASO,ES,Federal Contract Tower,0,7,42,1,50,0,0,23,0,23,0,7,65,1,73,32,0,32,105
12/16/2018,LAL,FL,ASO,ES,Federal Contract Tower,0,7,18,0,25,0,0,60,0,60,0,7,78,0,85,94,0,94,179
12/17/2018,LAL,FL,ASO,ES,Federal Contract Tower,0,2,62,17,81,0,0,110,4,114,0,2,172,21,195,204,60,264,459
12/18/2018,LAL,FL,ASO,ES,Federal Contract Tower,0,7,61,6,74,0,0,188,9,197,0,7,249,15,271,202,50,252,523
12/19/2018,LAL,FL,ASO,ES,Federal Contract Tower,0,8,50,5,63,0,0,89,2,91,0,8,139,7,154,80,26,106,260
12/20/2018,LAL,FL,ASO,ES,Federal Contract Tower,0,3,21,0,24,0,0,2,0,2,0,3,23,0,26,6,0,6,32
12/21/2018,LAL,FL,ASO,ES,Federal Contract Tower,0,6,23,0,29,0,0,30,0,30,0,6,53,0,59,0,0,0,59
12/22/2018,LAL,FL,ASO,ES,Federal Contract Tower,0,4,46,0,50,0,0,125,2,127,0,4,171,2,177,100,0,100,277
12/23/2018,LAL,FL,ASO,ES,Federal Contract Tower,0,3,41,0,44,0,0,78,0,78,0,3,119,0,122,67,0,67,189
12/24/2018,LAL,FL,ASO,ES,Federal Contract Tower,0,1,22,0,23,0,0,51,0,51,0,1,73,0,74,82,0,82,156
12/25/2018,LAL,FL,ASO,ES,Federal Contract Tower,0,3,2,0,5,0,0,25,0,25,0,3,27,0,30,22,0,22,52
12/26/2018,LAL,FL,ASO,ES,Federal Contract Tower,0,6,40,0,46,0,0,85,2,87,0,6,125,2,133,60,8,68,201
12/27/2018,LAL,FL,ASO,ES,Federal Contract Tower,0,2,37,2,41,0,0,64,0,64,0,2,101,2,105,64,0,64,169
12/28/2018,LAL,FL,ASO,ES,Federal Contract Tower,0,6,46,0,52,0,0,49,0,49,0,6,95,0,101,30,0,30,131
12/29/2018,LAL,FL,ASO,ES,Federal Contract Tower,0,4,33,0,37,0,0,30,0,30,0,4,63,0,67,34,0,34,101
12/30/2018,LAL,FL,ASO,ES,Federal Contract Tower,0,2,26,0,28,0,0,77,0,77,0,2,103,0,105,80,0,80,185
12/31/2018,LAL,FL,ASO,ES,Federal Contract Tower,0,0,30,0,30,0,0,64,0,64,0,0,94,0,94,88,0,88,182
01/01/2019,LAL,FL,ASO,ES,Federal Contract Tower,0,3,30,0,33,0,0,51,0,51,0,3,81,0,84,44,0,44,128
01/02/2019,LAL,FL,ASO,ES,Federal Contract Tower,0,8,47,0,55,0,0,102,0,102,0,8,149,0,157,116,0,116,273
01/03/2019,LAL,FL,ASO,ES,Federal Contract Tower,0,4,59,5,68,0,0,62,0,62,0,4,121,5,130,156,0,156,286
01/04/2019,LAL,FL,ASO,ES,Federal Contract Tower,0,0,48,2,50,0,0,35,0,35,0,0,83,2,85,16,0,16,101
01/05/2019,LAL,FL,ASO,ES,Federal Contract Tower,0,0,30,0,30,0,2,121,2,125,0,2,151,2,155,113,0,113,268
01/06/2019,LAL,FL,ASO,ES,Federal Contract Tower,0,7,28,0,35,0,0,136,0,136,0,7,164,0,171,148,0,148,319
01/07/2019,LAL,FL,ASO,ES,Federal Contract Tower,0,6,44,2,52,0,0,143,0,143,0,6,187,2,195,168,0,168,363
01/08/2019,LAL,FL,ASO,ES,Federal Contract Tower,0,1,52,2,55,0,0,144,0,144,0,1,196,2,199,188,0,188,387
01/09/2019,LAL,FL,ASO,ES,Federal Contract Tower,0,3,42,0,45,0,0,97,0,97,0,3,139,0,142,86,0,86,228
01/10/2019,LAL,FL,ASO,ES,Federal Contract Tower,0,4,45,6,55,0,0,119,0,119,0,4,164,6,174,269,0,269,443
01/11/2019,LAL,FL,ASO,ES,Federal Contract Tower,0,4,47,9,60,0,0,128,4,132,0,4,175,13,192,136,16,152,344
01/12/2019,LAL,FL,ASO,ES,Federal Contract Tower,0,1,62,1,64,0,0,142,1,143,0,1,204,2,207,142,2,144,351
01/13/2019,LAL,FL,ASO,ES,Federal Contract Tower,0,2,21,0,23,0,0,106,0,106,0,2,127,0,129,76,0,76,205
01/14/2019,LAL,FL,ASO,ES,Federal Contract Tower,0,8,69,0,77,0,0,113,0,113,0,8,182,0,190,100,0,100,290
01/15/2019,LAL,FL,ASO,ES,Federal Contract Tower,0,4,52,5,61,0,0,140,6,146,0,4,192,11,207,220,10,230,437
01/16/2019,LAL,FL,ASO,ES,Federal Contract Tower,0,0,52,8,60,0,0,141,5,146,0,0,193,13,206,274,29,303,509
01/17/2019,LAL,FL,ASO,ES,Federal Contract Tower,0,6,69,2,77,0,0,254,3,257,0,6,323,5,334,103,0,103,437
01/18/2019,LAL,FL,ASO,ES,Federal Contract Tower,0,4,69,1,74,0,0,187,0,187,0,4,256,1,261,117,6,123,384
01/19/2019,LAL,FL,ASO,ES,Federal Contract Tower,0,3,38,0,41,0,0,108,0,108,0,3,146,0,149,84,0,84,233
01/20/2019,LAL,FL,ASO,ES,Federal Contract Tower,0,5,22,1,28,0,0,14,0,14,0,5,36,1,42,4,0,4,46
01/21/2019,LAL,FL,ASO,ES,Federal Contract Tower,0,0,56,0,56,0,0,145,0,145,0,0,201,0,201,118,0,118,319
01/22/2019,LAL,FL,ASO,ES,Federal Contract Tower,2,2,48,5,57,0,0,116,0,116,2,2,164,5,173,181,6,187,360
01/23/2019,LAL,FL,ASO,ES,Federal Contract Tower,0,2,60,2,64,0,0,108,0,108,0,2,168,2,172,78,0,78,250
01/24/2019,LAL,FL,ASO,ES,Federal Contract Tower,0,4,65,9,78,0,0,69,2,71,0,4,134,11,149,84,0,84,233
01/25/2019,LAL,FL,ASO,ES,Federal Contract Tower,0,3,58,4,65,0,0,182,1,183,0,3,240,5,248,186,12,198,446
01/26/2019,LAL,FL,ASO,ES,Federal Contract Tower,0,1,55,0,56,0,0,202,0,202,0,1,257,0,258,110,0,110,368
01/27/2019,LAL,FL,ASO,ES,Federal Contract Tower,0,7,54,0,61,0,0,1,0,1,0,7,55,0,62,0,0,0,62
01/28/2019,LAL,FL,ASO,ES,Federal Contract Tower,0,5,64,7,76,0,0,161,6,167,0,5,225,13,243,162,17,179,422
01/30/2019,LAL,FL,ASO,ES,Federal Contract Tower,0,3,62,3,68,0,0,119,5,124,0,3,181,8,192,188,34,222,414
01/31/2019,LAL,FL,ASO,ES,Federal Contract Tower,0,0,105,3,108,0,0,163,0,163,0,0,268,3,271,102,0,102,373
02/01/2019,LAL,FL,ASO,ES,Federal Contract Tower,0,3,104,7,114,0,0,193,2,195,0,3,297,9,309,156,26,182,491
02/02/2019,LAL,FL,ASO,ES,Federal Contract Tower,0,1,80,2,83,0,0,127,0,127,0,1,207,2,210,122,0,122,332
02/03/2019,LAL,FL,ASO,ES,Federal Contract Tower,0,2,55,0,57,0,0,13,0,13,0,2,68,0,70,34,0,34,104
02/04/2019,LAL,FL,ASO,ES,Federal Contract Tower,0,0,63,22,85,0,0,90,0,90,0,0,153,22,175,100,14,114,289
02/05/2019,LAL,FL,ASO,ES,Federal Contract Tower,0,7,65,5,77,0,0,155,5,160,0,7,220,10,237,202,20,222,459
02/06/2019,LAL,FL,ASO,ES,Federal Contract Tower,0,1,48,10,59,0,0,177,3,180,0,1,225,13,239,184,32,216,455
02/07/2019,LAL,FL,ASO,ES,Federal Contract Tower,0,10,54,4,68,0,0,131,2,133,0,10,185,6,201,194,2,196,397
02/08/2019,LAL,FL,ASO,ES,Federal Contract Tower,0,3,47,3,53,0,0,188,3,191,0,3,235,6,244,232,2,234,478
02/09/2019,LAL,FL,ASO,ES,Federal Contract Tower,0,1,29,2,32,0,0,85,0,85,0,1,114,2,117,34,0,34,151
02/10/2019,LAL,FL,ASO,ES,Federal Contract Tower,0,1,49,0,50,0,0,34,0,34,0,1,83,0,84,78,0,78,162
02/11/2019,LAL,FL,ASO,ES,Federal Contract Tower,0,5,78,14,97,0,0,144,6,150,0,5,222,20,247,172,32,204,451
02/12/2019,LAL,FL,ASO,ES,Federal Contract Tower,0,5,67,0,72,0,0,53,0,53,0,5,120,0,125,164,0,164,289
02/13/2019,LAL,FL,ASO,ES,Federal Contract Tower,0,9,77,0,86,0,0,25,0,25,0,9,102,0,111,118,0,118,229
02/14/2019,LAL,FL,ASO,ES,Federal Contract Tower,0,1,80,3,84,0,0,166,7,173,0,1,246,10,257,118,20,138,395
02/15/2019,LAL,FL,ASO,ES,Federal Contract Tower,0,7,79,0,86,0,0,172,2,174,0,7,251,2,260,198,22,220,480
02/16/2019,LAL,FL,ASO,ES,Federal Contract Tower,1,6,42,0,49,0,0,98,0,98,1,6,140,0,147,154,0,154,301
02/17/2019,LAL,FL,ASO,ES,Federal Contract Tower,0,3,36,2,41,0,0,64,0,64,0,3,100,2,105,60,4,64,169
02/18/2019,LAL,FL,ASO,ES,Federal Contract Tower,0,4,86,1,91,0,0,93,0,93,0,4,179,1,184,174,0,174,358
02/19/2019,LAL,FL,ASO,ES,Federal Contract Tower,0,0,80,13,93,0,0,79,3,82,0,0,159,16,175,142,42,184,359
02/20/2019,LAL,FL,ASO,ES,Federal Contract Tower,0,4,56,6,66,0,0,92,1,93,0,4,148,7,159,111,0,111,270
02/21/2019,LAL,FL,ASO,ES,Federal Contract Tower,0,0,88,14,102,0,0,115,2,117,0,0,203,16,219,110,2,112,331
02/22/2019,LAL,FL,ASO,ES,Federal Contract Tower,0,3,89,37,129,0,0,154,1,155,0,3,243,38,284,132,6,138,422
02/23/2019,LAL,FL,ASO,ES,Federal Contract Tower,0,8,53,8,69,0,1,147,0,148,0,9,200,8,217,128,0,128,345
02/24/2019,LAL,FL,ASO,ES,Federal Contract Tower,0,6,92,5,103,0,0,82,0,82,0,6,174,5,185,50,0,50,235
02/25/2019,LAL,FL,ASO,ES,Federal Contract Tower,0,3,68,3,74,0,0,165,1,166,0,3,233,4,240,228,0,228,468
02/26/2019,LAL,FL,ASO,ES,Federal Contract Tower,0,1,39,2,42,0,0,58,0,58,0,1,97,2,100,112,0,112,212
02/27/2019,LAL,FL,ASO,ES,Federal Contract Tower,0,0,57,4,61,0,0,118,5,123,0,0,175,9,184,62,14,76,260
02/28/2019,LAL,FL,ASO,ES,Federal Contract Tower,0,2,81,8,91,0,0,138,0,138,0,2,219,8,229,145,10,155,384
03/01/2019,LAL,FL,ASO,ES,Federal Contract Tower,0,4,74,9,87,0,0,184,0,184,0,4,258,9,271,236,0,236,507
03/02/2019,LAL,FL,ASO,ES,Federal Contract Tower,0,0,62,3,65,0,0,126,0,126,0,0,188,3,191,186,0,186,377
03/03/2019,LAL,FL,ASO,ES,Federal Contract Tower,0,0,54,2,56,0,1,72,0,73,0,1,126,2,129,134,0,134,263
03/04/2019,LAL,FL,ASO,ES,Federal Contract Tower,0,0,52,1,53,0,0,84,0,84,0,0,136,1,137,194,0,194,331
03/05/2019,LAL,FL,ASO,ES,Federal Contract Tower,2,2,78,1,83,0,0,23,1,24,2,2,101,2,107,24,0,24,131
03/06/2019,LAL,FL,ASO,ES,Federal Contract Tower,0,7,46,0,53,0,1,177,0,178,0,8,223,0,231,180,0,180,411
03/07/2019,LAL,FL,ASO,ES,Federal Contract Tower,0,3,64,0,67,0,0,151,0,151,0,3,215,0,218,242,0,242,460
03/08/2019,LAL,FL,ASO,ES,Federal Contract Tower,0,4,52,8,64,0,0,149,5,154,0,4,201,13,218,198,2,200,418
03/09/2019,LAL,FL,ASO,ES,Federal Contract Tower,0,5,35,0,40,0,0,149,0,149,0,5,184,0,189,94,0,94,283
03/10/2019,LAL,FL,ASO,ES,Federal Contract Tower,0,3,51,4,58,0,0,62,0,62,0,3,113,4,120,32,0,32,152
03/11/2019,LAL,FL,ASO,ES,Federal Contract Tower,0,2,62,0,64,0,0,141,0,141,0,2,203,0,205,172,0,172,377
03/12/2019,LAL,FL,ASO,ES,Federal Contract Tower,0,2,95,4,101,0,0,25,0,25,0,2,120,4,126,24,0,24,150
03/13/2019,LAL,FL,ASO,ES,Federal Contract Tower,0,3,66,0,69,0,0,178,0,178,0,3,244,0,247,174,0,174,421
03/14/2019,LAL,FL,ASO,ES,Federal Contract Tower,0,7,84,10,101,0,0,143,0,143,0,7,227,10,244,94,10,104,348
03/15/2019,LAL,FL,ASO,ES,Federal Contract Tower,0,3,86,0,89,0,0,158,0,158,0,3,244,0,247,254,0,254,501
03/16/2019,LAL,FL,ASO,ES,Federal Contract Tower,0,5,56,0,61,0,0,35,0,35,0,5,91,0,96,78,0,78,174
03/17/2019,LAL,FL,ASO,ES,Federal Contract Tower,0,3,66,0,69,0,0,49,0,49,0,3,115,0,118,116,0,116,234
03/18/2019,LAL,FL,ASO,ES,Federal Contract Tower,0,4,80,4,88,0,0,91,1,92,0,4,171,5,180,151,12,163,343
03/19/2019,LAL,FL,ASO,ES,Federal Contract Tower,0,2,79,8,89,0,0,45,0,45,0,2,124,8,134,134,10,144,278
03/20/2019,LAL,FL,ASO,ES,Federal Contract Tower,0,0,49,3,52,0,0,111,3,114,0,0,160,6,166,72,6,78,244
03/21/2019,LAL,FL,ASO,ES,Federal Contract Tower,0,3,65,2,70,0,0,129,1,130,0,3,194,3,200,124,2,126,326
03/22/2019,LAL,FL,ASO,ES,Federal Contract Tower,0,3,67,2,72,0,0,194,2,196,0,3,261,4,268,72,0,72,340
03/23/2019,LAL,FL,ASO,ES,Federal Contract Tower,0,1,55,0,56,0,0,147,0,147,0,1,202,0,203,110,0,110,313
03/24/2019,LAL,FL,ASO,ES,Federal Contract Tower,0,7,58,0,65,0,0,91,0,91,0,7,149,0,156,48,0,48,204
03/25/2019,LAL,FL,ASO,ES,Federal Contract Tower,0,1,54,1,56,0,0,162,0,162,0,1,216,1,218,120,0,120,338
03/26/2019,LAL,FL,ASO,ES,Federal Contract Tower,0,5,46,1,52,0,0,149,0,149,0,5,195,1,201,110,0,110,311
03/27/2019,LAL,FL,ASO,ES,Federal Contract Tower,0,5,32,0,37,0,0,61,0,61,0,5,93,0,98,16,0,16,114
03/28/2019,LAL,FL,ASO,ES,Federal Contract Tower,0,8,50,5,63,0,0,119,0,119,0,8,169,5,182,26,0,26,208
03/29/2019,LAL,FL,ASO,ES,Federal Contract Tower,0,5,56,4,65,0,0,154,1,155,0,5,210,5,220,92,0,92,312
03/30/2019,LAL,FL,ASO,ES,Federal Contract Tower,0,3,27,0,30,0,0,168,0,168,0,3,195,0,198,78,0,78,276
03/31/2019,LAL,FL,ASO,ES,Federal Contract Tower,0,1,46,5,52,0,0,261,0,261,0,1,307,5,313,48,0,48,361
04/01/2019,LAL,FL,ASO,ES,Federal Contract Tower,0,0,0,1,1,0,0,304,0,304,0,0,304,1,305,0,0,0,305
04/02/2019,LAL,FL,ASO,ES,Federal Contract Tower,0,0,0,0,0,0,0,870,0,870,0,0,870,0,870,0,0,0,870
04/03/2019,LAL,FL,ASO,ES,Federal Contract Tower,0,0,18,0,18,0,0,1155,0,1155,0,0,1173,0,1173,0,0,0,1173
04/04/2019,LAL,FL,ASO,ES,Federal Contract Tower,0,0,0,0,0,0,0,1028,0,1028,0,0,1028,0,1028,0,0,0,1028
04/05/2019,LAL,FL,ASO,ES,Federal Contract Tower,0,0,0,0,0,0,0,693,0,693,0,0,693,0,693,0,0,0,693
04/06/2019,LAL,FL,ASO,ES,Federal Contract Tower,0,0,0,0,0,0,0,926,0,926,0,0,926,0,926,0,0,0,926
04/07/2019,LAL,FL,ASO,ES,Federal Contract Tower,0,0,0,0,0,0,0,412,0,412,0,0,412,0,412,0,0,0,412
04/08/2019,LAL,FL,ASO,ES,Federal Contract Tower,0,0,77,20,97,0,0,215,2,217,0,0,292,22,314,38,8,46,360
04/09/2019,LAL,FL,ASO,ES,Federal Contract Tower,0,3,50,3,56,0,0,38,0,38,0,3,88,3,94,22,0,22,116
04/10/2019,LAL,FL,ASO,ES,Federal Contract Tower,0,5,74,2,81,0,0,164,0,164,0,5,238,2,245,158,0,158,403
04/11/2019,LAL,FL,ASO,ES,Federal Contract Tower,0,4,69,10,83,0,1,105,0,106,0,5,174,10,189,132,0,132,321
04/12/2019,LAL,FL,ASO,ES,Federal Contract Tower,0,2,87,5,94,0,0,131,0,131,0,2,218,5,225,174,0,174,399
04/13/2019,LAL,FL,ASO,ES,Federal Contract Tower,0,5,65,0,70,0,0,97,0,97,0,5,162,0,167,138,0,138,305
04/14/2019,LAL,FL,ASO,ES,Federal Contract Tower,0,4,29,1,34,0,0,15,0,15,0,4,44,1,49,6,0,6,55
04/15/2019,LAL,FL,ASO,ES,Federal Contract Tower,0,2,68,0,70,0,0,115,0,115,0,2,183,0,185,128,0,128,313
04/16/2019,LAL,FL,ASO,ES,Federal Contract Tower,0,8,79,0,87,0,0,165,0,165,0,8,244,0,252,210,0,210,462
04/17/2019,LAL,FL,ASO,ES,Federal Contract Tower,0,14,78,2,94,0,0,173,0,173,0,14,251,2,267,228,0,228,495
04/18/2019,LAL,FL,ASO,ES,Federal Contract Tower,0,7,82,1,90,0,0,138,0,138,0,7,220,1,228,118,0,118,346
04/19/2019,LAL,FL,ASO,ES,Federal Contract Tower,0,2,22,0,24,0,0,9,0,9,0,2,31,0,33,4,0,4,37
04/20/2019,LAL,FL,ASO,ES,Federal Contract Tower,0,0,33,1,34,0,0,79,0,79,0,0,112,1,113,52,0,52,165
04/21/2019,LAL,FL,ASO,ES,Federal Contract Tower,0,4,36,0,40,0,0,76,0,76,0,4,112,0,116,63,0,63,179
04/22/2019,LAL,FL,ASO,ES,Federal Contract Tower,0,4,71,6,81,0,0,153,2,155,0,4,224,8,236,156,0,156,392
04/23/2019,LAL,FL,ASO,ES,Federal Contract Tower,0,3,71,1,75,0,0,148,1,149,0,3,219,2,224,152,4,156,380
04/24/2019,LAL,FL,ASO,ES,Federal Contract Tower,0,2,72,2,76,0,0,151,3,154,0,2,223,5,230,194,32,226,456
04/25/2019,LAL,FL,ASO,ES,Federal Contract Tower,0,1,62,0,63,0,0,160,0,160,0,1,222,0,223,160,0,160,383
04/26/2019,LAL,FL,ASO,ES,Federal Contract Tower,0,3,37,1,41,0,0,28,0,28,0,3,65,1,69,31,0,31,100
04/27/2019,LAL,FL,ASO,ES,Federal Contract Tower,0,3,55,0,58,0,0,131,0,131,0,3,186,0,189,162,0,162,351
04/28/2019,LAL,FL,ASO,ES,Federal Contract Tower,0,8,52,5,65,0,0,95,1,96,0,8,147,6,161,113,14,127,288
04/29/2019,LAL,FL,ASO,ES,Federal Contract Tower,0,5,49,3,57,0,0,107,1,108,0,5,156,4,165,148,12,160,325
04/30/2019,LAL,FL,ASO,ES,Federal Contract Tower,1,2,74,2,79,0,0,140,0,140,1,2,214,2,219,170,0,170,389
05/01/2019,LAL,FL,ASO,ES,Federal Contract Tower,0,7,56,2,65,0,0,115,0,115,0,7,171,2,180,224,22,246,426
05/02/2019,LAL,FL,ASO,ES,Federal Contract Tower,0,8,48,2,58,0,0,58,0,58,0,8,106,2,116,166,0,166,282
05/03/2019,LAL,FL,ASO,ES,Federal Contract Tower,0,6,69,28,103,0,0,68,1,69,0,6,137,29,172,104,14,118,290
05/04/2019,LAL,FL,ASO,ES,Federal Contract Tower,0,4,35,0,39,0,0,64,0,64,0,4,99,0,103,70,0,70,173
05/05/2019,LAL,FL,ASO,ES,Federal Contract Tower,0,1,28,1,30,0,0,24,0,24,0,1,52,1,54,31,0,31,85
05/06/2019,LAL,FL,ASO,ES,Federal Contract Tower,0,4,69,1,74,0,0,90,4,94,0,4,159,5,168,112,0,112,280
05/07/2019,LAL,FL,ASO,ES,Federal Contract Tower,0,1,62,3,66,0,0,142,2,144,0,1,204,5,210,176,0,176,386
05/08/2019,LAL,FL,ASO,ES,Federal Contract Tower,0,2,80,2,84,0,0,154,2,156,0,2,234,4,240,150,10,160,400
05/09/2019,LAL,FL,ASO,ES,Federal Contract Tower,0,7,68,2,77,0,0,106,3,109,0,7,174,5,186,166,14,180,366
05/10/2019,LAL,FL,ASO,ES,Federal Contract Tower,0,6,40,2,48,0,0,156,4,160,0,6,196,6,208,228,1,229,437
05/11/2019,LAL,FL,ASO,ES,Federal Contract Tower,0,3,50,0,53,0,0,154,1,155,0,3,204,1,208,220,2,222,430
05/12/2019,LAL,FL,ASO,ES,Federal Contract Tower,0,0,16,2,18,0,0,65,0,65,0,0,81,2,83,57,0,57,140
05/13/2019,LAL,FL,ASO,ES,Federal Contract Tower,0,3,41,11,55,0,0,31,2,33,0,3,72,13,88,62,18,80,168
05/14/2019,LAL,FL,ASO,ES,Federal Contract Tower,0,6,53,2,61,0,0,42,0,42,0,6,95,2,103,98,0,98,201
05/15/2019,LAL,FL,ASO,ES,Federal Contract Tower,0,4,70,4,78,0,0,131,1,132,0,4,201,5,210,142,0,142,352
05/16/2019,LAL,FL,ASO,ES,Federal Contract Tower,0,4,71,15,90,0,0,151,2,153,0,4,222,17,243,108,0,108,351
05/17/2019,LAL,FL,ASO,ES,Federal Contract Tower,0,0,66,4,70,0,0,182,1,183,0,0,248,5,253,202,6,208,461
05/18/2019,LAL,FL,ASO,ES,Federal Contract Tower,0,2,54,3,59,0,0,135,0,135,0,2,189,3,194,154,0,154,348
05/19/2019,LAL,FL,ASO,ES,Federal Contract Tower,0,3,55,1,59,0,0,110,0,110,0,3,165,1,169,106,0,106,275
05/20/2019,LAL,FL,ASO,ES,Federal Contract Tower,0,1,72,3,76,0,0,113,5,118,0,1,185,8,194,126,18,144,338
05/21/2019,LAL,FL,ASO,ES,Federal Contract Tower,1,16,53,1,71,0,0,154,0,154,1,16,207,1,225,126,20,146,371
05/22/2019,LAL,FL,ASO,ES,Federal Contract Tower,0,5,62,3,70,0,0,153,4,157,0,5,215,7,227,178,22,200,427
05/23/2019,LAL,FL,ASO,ES,Federal Contract Tower,0,0,45,0,45,0,0,147,2,149,0,0,192,2,194,146,0,146,340
05/24/2019,LAL,FL,ASO,ES,Federal Contract Tower,0,4,39,2,45,0,0,173,2,175,0,4,212,4,220,164,8,172,392
05/25/2019,LAL,FL,ASO,ES,Federal Contract Tower,0,2,47,1,50,0,0,121,1,122,0,2,168,2,172,116,0,116,288
05/26/2019,LAL,FL,ASO,ES,Federal Contract Tower,0,2,28,2,32,0,0,110,0,110,0,2,138,2,142,60,0,60,202
05/27/2019,LAL,FL,ASO,ES,Federal Contract Tower,0,3,49,0,52,0,0,105,4,109,0,3,154,4,161,116,4,120,281
05/28/2019,LAL,FL,ASO,ES,Federal Contract Tower,0,6,57,1,64,0,0,142,2,144,0,6,199,3,208,146,0,146,354
05/29/2019,LAL,FL,ASO,ES,Federal Contract Tower,0,1,67,2,70,0,0,130,0,130,0,1,197,2,200,148,16,164,364
05/30/2019,LAL,FL,ASO,ES,Federal Contract Tower,0,10,73,0,83,0,0,145,0,145,0,10,218,0,228,266,0,266,494
05/31/2019,LAL,FL,ASO,ES,Federal Contract Tower,0,6,45,2,53,0,0,119,1,120,0,6,164,3,173,204,0,204,377
06/01/2019,LAL,FL,ASO,ES,Federal Contract Tower,0,2,33,0,35,0,0,90,0,90,0,2,123,0,125,92,0,92,217
06/02/2019,LAL,FL,ASO,ES,Federal Contract Tower,0,1,35,0,36,0,0,72,0,72,0,1,107,0,108,60,0,60,168
06/03/2019,LAL,FL,ASO,ES,Federal Contract Tower,0,4,41,0,45,0,0,106,0,106,0,4,147,0,151,146,0,146,297
06/04/2019,LAL,FL,ASO,ES,Federal Contract Tower,0,9,48,0,57,0,0,130,2,132,0,9,178,2,189,172,24,196,385
06/05/2019,LAL,FL,ASO,ES,Federal Contract Tower,0,8,40,0,48,0,0,159,0,159,0,8,199,0,207,198,0,198,405
06/06/2019,LAL,FL,ASO,ES,Federal Contract Tower,0,6,37,0,43,0,0,115,0,115,0,6,152,0,158,195,0,195,353
06/07/2019,LAL,FL,ASO,ES,Federal Contract Tower,0,2,57,12,71,0,0,112,2,114,0,2,169,14,185,240,32,272,457
06/08/2019,LAL,FL,ASO,ES,Federal Contract Tower,0,0,21,0,21,0,0,32,0,32,0,0,53,0,53,36,11,47,100
06/09/2019,LAL,FL,ASO,ES,Federal Contract Tower,0,4,20,2,26,0,0,44,0,44,0,4,64,2,70,18,0,18,88
06/10/2019,LAL,FL,ASO,ES,Federal Contract Tower,0,0,41,2,43,0,0,64,0,64,0,0,105,2,107,116,0,116,223
06/11/2019,LAL,FL,ASO,ES,Federal Contract Tower,0,6,40,2,48,0,0,102,0,102,0,6,142,2,150,163,0,163,313
06/12/2019,LAL,FL,ASO,ES,Federal Contract Tower,0,6,60,2,68,0,0,110,3,113,0,6,170,5,181,90,0,90,271
06/13/2019,LAL,FL,ASO,ES,Federal Contract Tower,0,2,43,0,45,0,0,65,0,65,0,2,108,0,110,58,0,58,168
06/14/2019,LAL,FL,ASO,ES,Federal Contract Tower,0,9,68,0,77,0,0,144,0,144,0,9,212,0,221,206,0,206,427
06/15/2019,LAL,FL,ASO,ES,Federal Contract Tower,0,3,47,1,51,0,0,105,0,105,0,3,152,1,156,124,0,124,280
06/16/2019,LAL,FL,ASO,ES,Federal Contract Tower,0,2,9,0,11,0,0,23,0,23,0,2,32,0,34,55,0,55,89
06/17/2019,LAL,FL,ASO,ES,Federal Contract Tower,0,3,33,0,36,0,0,72,0,72,0,3,105,0,108,214,0,214,322
06/18/2019,LAL,FL,ASO,ES,Federal Contract Tower,0,6,50,0,56,0,0,112,0,112,0,6,162,0,168,136,0,136,304
06/19/2019,LAL,FL,ASO,ES,Federal Contract Tower,0,4,29,1,34,0,0,81,0,81,0,4,110,1,115,82,0,82,197
06/20/2019,LAL,FL,ASO,ES,Federal Contract Tower,0,2,64,1,67,0,0,143,0,143,0,2,207,1,210,148,4,152,362
06/21/2019,LAL,FL,ASO,ES,Federal Contract Tower,0,4,77,6,87,0,0,193,1,194,0,4,270,7,281,160,0,160,441
06/22/2019,LAL,FL,ASO,ES,Federal Contract Tower,0,3,51,0,54,0,0,120,0,120,0,3,171,0,174,91,0,91,265
06/23/2019,LAL,FL,ASO,ES,Federal Contract Tower,0,2,34,0,36,0,0,91,0,91,0,2,125,0,127,64,0,64,191
06/24/2019,LAL,FL,ASO,ES,Federal Contract Tower,0,3,68,5,76,0,0,128,1,129,0,3,196,6,205,144,0,144,349
06/25/2019,LAL,FL,ASO,ES,Federal Contract Tower,0,7,63,5,75,0,0,127,2,129,0,7,190,7,204,166,20,186,390
06/26/2019,LAL,FL,ASO,ES,Federal Contract Tower,0,2,61,8,71,0,0,158,7,165,0,2,219,15,236,180,16,196,432
06/27/2019,LAL,FL,ASO,ES,Federal Contract Tower,0,4,75,10,89,0,0,160,8,168,0,4,235,18,257,215,46,261,518
06/28/2019,LAL,FL,ASO,ES,Federal Contract Tower,0,1,56,9,66,0,0,124,2,126,0,1,180,11,192,92,22,114,306
06/29/2019,LAL,FL,ASO,ES,Federal Contract Tower,0,0,47,0,47,0,0,80,0,80,0,0,127,0,127,58,0,58,185
06/30/2019,LAL,FL,ASO,ES,Federal Contract Tower,0,0,23,0,23,0,0,51,0,51,0,0,74,0,74,74,0,74,148
07/01/2019,LAL,FL,ASO,ES,Federal Contract Tower,0,2,59,10,71,0,2,167,7,176,0,4,226,17,247,122,24,146,393
07/02/2019,LAL,FL,ASO,ES,Federal Contract Tower,0,4,56,6,66,0,0,124,6,130,0,4,180,12,196,174,9,183,379
07/03/2019,LAL,FL,ASO,ES,Federal Contract Tower,0,4,44,10,58,0,0,153,3,156,0,4,197,13,214,266,58,324,538
07/04/2019,LAL,FL,ASO,ES,Federal Contract Tower,0,3,25,0,28,0,0,102,0,102,0,3,127,0,130,122,0,122,252
07/05/2019,LAL,FL,ASO,ES,Federal Contract Tower,0,12,40,1,53,0,0,91,1,92,0,12,131,2,145,258,0,258,403
07/06/2019,LAL,FL,ASO,ES,Federal Contract Tower,0,5,33,1,39,0,0,108,0,108,0,5,141,1,147,190,0,190,337
07/07/2019,LAL,FL,ASO,ES,Federal Contract Tower,0,0,42,0,42,0,0,56,0,56,0,0,98,0,98,62,0,62,160
07/08/2019,LAL,FL,ASO,ES,Federal Contract Tower,0,3,46,1,50,0,0,100,2,102,0,3,146,3,152,282,0,282,434
07/09/2019,LAL,FL,ASO,ES,Federal Contract Tower,0,6,49,2,57,0,0,72,0,72,0,6,121,2,129,150,8,158,287
07/10/2019,LAL,FL,ASO,ES,Federal Contract Tower,0,4,52,4,60,0,0,142,0,142,0,4,194,4,202,236,0,236,438
07/11/2019,LAL,FL,ASO,ES,Federal Contract Tower,0,1,36,5,42,0,0,90,1,91,0,1,126,6,133,140,10,150,283
07/12/2019,LAL,FL,ASO,ES,Federal Contract Tower,0,0,60,7,67,0,0,117,0,117,0,0,177,7,184,240,14,254,438
07/13/2019,LAL,FL,ASO,ES,Federal Contract Tower,0,2,35,2,39,0,0,118,0,118,0,2,153,2,157,226,0,226,383
07/14/2019,LAL,FL,ASO,ES,Federal Contract Tower,0,1,48,0,49,0,0,94,0,94,0,1,142,0,143,60,0,60,203
07/15/2019,LAL,FL,ASO,ES,Federal Contract Tower,1,4,67,6,78,0,0,139,0,139,1,4,206,6,217,200,0,200,417
07/16/2019,LAL,FL,ASO,ES,Federal Contract Tower,0,3,57,8,68,0,0,194,0,194,0,3,251,8,262,230,0,230,492
07/17/2019,LAL,FL,ASO,ES,Federal Contract Tower,0,1,22,1,24,0,0,177,0,177,0,1,199,1,201,134,0,134,335
07/18/2019,LAL,FL,ASO,ES,Federal Contract Tower,0,1,37,0,38,0,0,91,0,91,0,1,128,0,129,141,0,141,270
07/19/2019,LAL,FL,ASO,ES,Federal Contract Tower,0,2,41,0,43,0,0,127,0,127,0,2,168,0,170,190,0,190,360
07/20/2019,LAL,FL,ASO,ES,Federal Contract Tower,0,3,19,0,22,0,0,100,0,100,0,3,119,0,122,128,0,128,250
07/21/2019,LAL,FL,ASO,ES,Federal Contract Tower,0,1,34,0,35,0,0,57,0,57,0,1,91,0,92,52,0,52,144
07/22/2019,LAL,FL,ASO,ES,Federal Contract Tower,0,1,56,4,61,0,0,109,0,109,0,1,165,4,170,182,30,212,382
07/23/2019,LAL,FL,ASO,ES,Federal Contract Tower,0,0,52,0,52,0,0,86,0,86,0,0,138,0,138,180,0,180,318
07/24/2019,LAL,FL,ASO,ES,Federal Contract Tower,0,7,30,3,40,0,0,57,0,57,0,7,87,3,97,48,0,48,145
07/25/2019,LAL,FL,ASO,ES,Federal Contract Tower,0,3,43,2,48,0,0,59,1,60,0,3,102,3,108,127,0,127,235
07/26/2019,LAL,FL,ASO,ES,Federal Contract Tower,0,2,44,0,46,0,0,99,0,99,0,2,143,0,145,150,0,150,295
07/27/2019,LAL,FL,ASO,ES,Federal Contract Tower,0,2,44,0,46,0,0,103,0,103,0,2,147,0,149,162,0,162,311
07/28/2019,LAL,FL,ASO,ES,Federal Contract Tower,0,1,27,0,28,0,0,88,0,88,0,1,115,0,116,42,0,42,158
07/29/2019,LAL,FL,ASO,ES,Federal Contract Tower,0,4,54,3,61,0,0,135,0,135,0,4,189,3,196,140,24,164,360
07/30/2019,LAL,FL,ASO,ES,Federal Contract Tower,0,5,72,2,79,0,0,159,2,161,0,5,231,4,240,244,0,244,484
07/31/2019,LAL,FL,ASO,ES,Federal Contract Tower,0,4,44,1,49,0,0,111,1,112,0,4,155,2,161,84,6,90,251
08/01/2019,LAL,FL,ASO,ES,Federal Contract Tower,0,2,40,10,52,0,0,79,0,79,0,2,119,10,131,102,20,122,253
08/02/2019,LAL,FL,ASO,ES,Federal Contract Tower,0,0,55,2,57,0,0,67,0,67,0,0,122,2,124,26,0,26,150
08/03/2019,LAL,FL,ASO,ES,Federal Contract Tower,0,0,31,0,31,0,0,32,0,32,0,0,63,0,63,28,0,28,91
08/04/2019,LAL,FL,ASO,ES,Federal Contract Tower,0,5,23,0,28,0,0,46,0,46,0,5,69,0,74,56,0,56,130
08/05/2019,LAL,FL,ASO,ES,Federal Contract Tower,0,3,27,2,32,0,0,95,0,95,0,3,122,2,127,160,0,160,287
08/06/2019,LAL,FL,ASO,ES,Federal Contract Tower,0,1,32,2,35,0,0,100,0,100,0,1,132,2,135,140,0,140,275
08/07/2019,LAL,FL,ASO,ES,Federal Contract Tower,0,4,36,2,42,0,0,87,0,87,0,4,123,2,129,144,0,144,273
08/08/2019,LAL,FL,ASO,ES,Federal Contract Tower,0,1,60,5,66,0,0,143,0,143,0,1,203,5,209,170,0,170,379
08/09/2019,LAL,FL,ASO,ES,Federal Contract Tower,0,0,40,1,41,0,0,131,0,131,0,0,171,1,172,176,0,176,348
08/10/2019,LAL,FL,ASO,ES,Federal Contract Tower,0,0,38,0,38,0,0,65,0,65,0,0,103,0,103,130,0,130,233
08/11/2019,LAL,FL,ASO,ES,Federal Contract Tower,0,1,19,1,21,0,0,43,0,43,0,1,62,1,64,40,0,40,104
08/12/2019,LAL,FL,ASO,ES,Federal Contract Tower,0,1,30,4,35,0,0,77,0,77,0,1,107,4,112,172,0,172,284
08/13/2019,LAL,FL,ASO,ES,Federal Contract Tower,0,1,38,1,40,0,0,87,0,87,0,1,125,1,127,96,0,96,223
08/14/2019,LAL,FL,ASO,ES,Federal Contract Tower,0,3,29,0,32,0,0,69,0,69,0,3,98,0,101,64,0,64,165
08/15/2019,LAL,FL,ASO,ES,Federal Contract Tower,0,2,37,4,43,0,0,51,1,52,0,2,88,5,95,40,2,42,137
08/16/2019,LAL,FL,ASO,ES,Federal Contract Tower,2,5,37,1,45,0,0,66,0,66,2,5,103,1,111,52,0,52,163
08/17/2019,LAL,FL,ASO,ES,Federal Contract Tower,0,0,39,0,39,0,0,87,1,88,0,0,126,1,127,174,0,174,301
08/18/2019,LAL,FL,ASO,ES,Federal Contract Tower,0,5,71,0,76,0,0,61,0,61,0,5,132,0,137,80,0,80,217
08/19/2019,LAL,FL,ASO,ES,Federal Contract Tower,0,0,44,3,47,0,0,116,2,118,0,0,160,5,165,222,0,222,387
08/20/2019,LAL,FL,ASO,ES,Federal Contract Tower,0,7,68,2,77,0,0,135,0,135,0,7,203,2,212,177,0,177,389
08/21/2019,LAL,FL,ASO,ES,Federal Contract Tower,0,0,56,1,57,0,0,137,0,137,0,0,193,1,194,104,0,104,298
08/22/2019,LAL,FL,ASO,ES,Federal Contract Tower,0,6,59,3,68,0,0,136,0,136,0,6,195,3,204,160,8,168,372
08/23/2019,LAL,FL,ASO,ES,Federal Contract Tower,0,2,36,4,42,0,0,124,0,124,0,2,160,4,166,174,0,174,340
08/24/2019,LAL,FL,ASO,ES,Federal Contract Tower,0,6,68,2,76,0,0,90,0,90,0,6,158,2,166,74,0,74,240
08/25/2019,LAL,FL,ASO,ES,Federal Contract Tower,0,4,49,2,55,0,0,81,0,81,0,4,130,2,136,74,0,74,210
08/26/2019,LAL,FL,ASO,ES,Federal Contract Tower,0,0,58,1,59,0,0,86,0,86,0,0,144,1,145,154,0,154,299
08/27/2019,LAL,FL,ASO,ES,Federal Contract Tower,0,5,36,0,41,0,0,100,0,100,0,5,136,0,141,126,0,126,267
08/28/2019,LAL,FL,ASO,ES,Federal Contract Tower,0,3,76,2,81,0,0,117,0,117,0,3,193,2,198,198,0,198,396
08/29/2019,LAL,FL,ASO,ES,Federal Contract Tower,0,3,62,5,70,0,0,115,0,115,0,3,177,5,185,118,0,118,303
08/30/2019,LAL,FL,ASO,ES,Federal Contract Tower,0,4,28,8,40,0,0,126,0,126,0,4,154,8,166,42,0,42,208
08/31/2019,LAL,FL,ASO,ES,Federal Contract Tower,0,2,9,6,17,0,0,43,0,43,0,2,52,6,60,26,8,34,94
09/01/2019,LAL,FL,ASO,ES,Federal Contract Tower,0,2,27,2,31,0,0,8,0,8,0,2,35,2,39,14,0,14,53
09/02/2019,LAL,FL,ASO,ES,Federal Contract Tower,0,0,13,4,17,0,0,8,0,8,0,0,21,4,25,4,0,4,29
09/03/2019,LAL,FL,ASO,ES,Federal Contract Tower,0,2,24,5,31,0,0,15,1,16,0,2,39,6,47,8,0,8,55
09/04/2019,LAL,FL,ASO,ES,Federal Contract Tower,0,9,35,4,48,0,0,27,0,27,0,9,62,4,75,8,0,8,83
09/05/2019,LAL,FL,ASO,ES,Federal Contract Tower,0,1,53,4,58,0,0,125,8,133,0,1,178,12,191,112,0,112,303
09/06/2019,LAL,FL,ASO,ES,Federal Contract Tower,0,2,45,4,51,0,0,193,0,193,0,2,238,4,244,136,0,136,380
09/07/2019,LAL,FL,ASO,ES,Federal Contract Tower,0,0,44,6,50,0,0,122,1,123,0,0,166,7,173,88,12,100,273
09/08/2019,LAL,FL,ASO,ES,Federal Contract Tower,0,0,40,0,40,0,0,20,0,20,0,0,60,0,60,130,0,130,190
09/09/2019,LAL,FL,ASO,ES,Federal Contract Tower,0,2,46,1,49,0,0,130,0,130,0,2,176,1,179,196,0,196,375
09/10/2019,LAL,FL,ASO,ES,Federal Contract Tower,0,6,51,6,63,0,0,135,2,137,0,6,186,8,200,86,0,86,286
09/11/2019,LAL,FL,ASO,ES,Federal Contract Tower,0,2,53,1,56,0,0,113,2,115,0,2,166,3,171,120,14,134,305
09/12/2019,LAL,FL,ASO,ES,Federal Contract Tower,0,4,51,4,59,0,0,96,1,97,0,4,147,5,156,171,8,179,335
09/13/2019,LAL,FL,ASO,ES,Federal Contract Tower,0,8,26,4,38,0,0,88,9,97,0,8,114,13,135,108,14,122,257
09/14/2019,LAL,FL,ASO,ES,Federal Contract Tower,0,2,25,10,37,0,0,40,0,40,0,2,65,10,77,26,0,26,103
09/15/2019,LAL,FL,ASO,ES,Federal Contract Tower,0,5,39,3,47,0,0,57,0,57,0,5,96,3,104,100,0,100,204
09/16/2019,LAL,FL,ASO,ES,Federal Contract Tower,0,3,88,5,96,0,0,121,2,123,0,3,209,7,219,150,2,152,371
09/17/2019,LAL,FL,ASO,ES,Federal Contract Tower,0,3,45,10,58,0,0,137,5,142,0,3,182,15,200,162,4,166,366
09/18/2019,LAL,FL,ASO,ES,Federal Contract Tower,0,7,70,0,77,0,0,143,0,143,0,7,213,0,220,122,8,130,350
09/19/2019,LAL,FL,ASO,ES,Federal Contract Tower,0,6,61,4,71,0,0,143,0,143,0,6,204,4,214,126,0,126,340
09/20/2019,LAL,FL,ASO,ES,Federal Contract Tower,0,8,46,5,59,0,0,82,4,86,0,8,128,9,145,74,10,84,229
09/21/2019,LAL,FL,ASO,ES,Federal Contract Tower,0,3,46,1,50,0,0,113,0,113,0,3,159,1,163,92,0,92,255
09/22/2019,LAL,FL,ASO,ES,Federal Contract Tower,0,7,32,2,41,0,0,101,0,101,0,7,133,2,142,78,0,78,220
09/23/2019,LAL,FL,ASO,ES,Federal Contract Tower,0,2,44,4,50,0,0,134,0,134,0,2,178,4,184,218,0,218,402
09/24/2019,LAL,FL,ASO,ES,Federal Contract Tower,0,8,42,1,51,0,0,135,2,137,0,8,177,3,188,183,0,183,371
09/25/2019,LAL,FL,ASO,ES,Federal Contract Tower,0,5,46,2,53,0,0,155,0,155,0,5,201,2,208,186,0,186,394
09/26/2019,LAL,FL,ASO,ES,Federal Contract Tower,0,4,67,2,73,0,0,153,0,153,0,4,220,2,226,220,0,220,446
09/27/2019,LAL,FL,ASO,ES,Federal Contract Tower,0,0,73,1,74,0,0,174,1,175,0,0,247,2,249,164,0,164,413
09/28/2019,LAL,FL,ASO,ES,Federal Contract Tower,0,1,45,2,48,0,0,206,0,206,0,1,251,2,254,122,0,122,376
09/29/2019,LAL,FL,ASO,ES,Federal Contract Tower,0,2,37,0,39,0,0,76,0,76,0,2,113,0,115,96,0,96,211
09/30/2019,LAL,FL,ASO,ES,Federal Contract Tower,0,3,46,4,53,0,0,114,1,115,0,3,160,5,168,121,0,121,289
10/01/2019,LAL,FL,ASO,ES,Federal Contract Tower,0,4,50,4,58,0,0,98,6,104,0,4,148,10,162,118,19,137,299
10/02/2019,LAL,FL,ASO,ES,Federal Contract Tower,0,1,60,4,65,0,0,111,0,111,0,1,171,4,176,146,46,192,368
10/03/2019,LAL,FL,ASO,ES,Federal Contract Tower,0,6,66,0,72,0,0,140,6,146,0,6,206,6,218,237,18,255,473
10/04/2019,LAL,FL,ASO,ES,Federal Contract Tower,0,7,62,6,75,0,0,157,4,161,0,7,219,10,236,158,20,178,414
10/05/2019,LAL,FL,ASO,ES,Federal Contract Tower,0,3,42,0,45,0,0,183,0,183,0,3,225,0,228,86,0,86,314
10/06/2019,LAL,FL,ASO,ES,Federal Contract Tower,0,6,22,0,28,0,0,61,0,61,0,6,83,0,89,132,0,132,221
10/07/2019,LAL,FL,ASO,ES,Federal Contract Tower,0,0,29,4,33,0,0,50,0,50,0,0,79,4,83,52,0,52,135
10/08/2019,LAL,FL,ASO,ES,Federal Contract Tower,0,2,57,3,62,0,0,32,2,34,0,2,89,5,96,78,28,106,202
10/09/2019,LAL,FL,ASO,ES,Federal Contract Tower,0,2,43,8,53,0,0,22,0,22,0,2,65,8,75,50,0,50,125
10/10/2019,LAL,FL,ASO,ES,Federal Contract Tower,0,1,81,2,84,0,0,111,6,117,0,1,192,8,201,102,12,114,315
10/11/2019,LAL,FL,ASO,ES,Federal Contract Tower,0,4,65,3,72,0,0,140,1,141,0,4,205,4,213,154,14,168,381
10/12/2019,LAL,FL,ASO,ES,Federal Contract Tower,0,1,63,0,64,0,0,158,0,158,0,1,221,0,222,242,0,242,464
10/13/2019,LAL,FL,ASO,ES,Federal Contract Tower,0,3,40,1,44,0,0,111,0,111,0,3,151,1,155,146,0,146,301
10/14/2019,LAL,FL,ASO,ES,Federal Contract Tower,0,2,55,0,57,0,0,134,0,134,0,2,189,0,191,96,0,96,287
10/15/2019,LAL,FL,ASO,ES,Federal Contract Tower,0,3,66,0,69,0,1,186,0,187,0,4,252,0,256,184,0,184,440
10/16/2019,LAL,FL,ASO,ES,Federal Contract Tower,0,4,61,0,65,0,0,87,0,87,0,4,148,0,152,104,0,104,256
10/17/2019,LAL,FL,ASO,ES,Federal Contract Tower,0,4,90,4,98,0,0,186,0,186,0,4,276,4,284,180,0,180,464
10/18/2019,LAL,FL,ASO,ES,Federal Contract Tower,0,5,38,3,46,0,0,89,0,89,0,5,127,3,135,182,0,182,317
10/19/2019,LAL,FL,ASO,ES,Federal Contract Tower,0,4,16,0,20,0,0,13,0,13,0,4,29,0,33,64,0,64,97
10/20/2019,LAL,FL,ASO,ES,Federal Contract Tower,0,2,38,0,40,0,0,66,0,66,0,2,104,0,106,150,0,150,256
10/21/2019,LAL,FL,ASO,ES,Federal Contract Tower,0,3,58,10,71,0,0,92,1,93,0,3,150,11,164,174,8,182,346
10/22/2019,LAL,FL,ASO,ES,Federal Contract Tower,0,6,57,0,63,0,0,89,2,91,0,6,146,2,154,178,4,182,336
10/23/2019,LAL,FL,ASO,ES,Federal Contract Tower,0,1,73,4,78,0,0,159,4,163,0,1,232,8,241,174,0,174,415
10/24/2019,LAL,FL,ASO,ES,Federal Contract Tower,0,3,104,4,111,0,0,108,0,108,0,3,212,4,219,222,0,222,441
10/25/2019,LAL,FL,ASO,ES,Federal Contract Tower,0,5,57,4,66,0,0,87,0,87,0,5,144,4,153,190,0,190,343
10/26/2019,LAL,FL,ASO,ES,Federal Contract Tower,0,3,52,0,55,0,0,55,0,55,0,3,107,0,110,66,0,66,176
10/27/2019,LAL,FL,ASO,ES,Federal Contract Tower,0,0,44,0,44,0,0,85,0,85,0,0,129,0,129,134,0,134,263
10/28/2019,LAL,FL,ASO,ES,Federal Contract Tower,0,3,61,8,72,0,0,111,6,117,0,3,172,14,189,242,0,242,431
10/29/2019,LAL,FL,ASO,ES,Federal Contract Tower,0,3,63,0,66,0,0,109,0,109,0,3,172,0,175,202,0,202,377
10/30/2019,LAL,FL,ASO,ES,Federal Contract Tower,0,6,86,0,92,0,0,156,1,157,0,6,242,1,249,444,4,448,697
10/31/2019,LAL,FL,ASO,ES,Federal Contract Tower,0,10,48,2,60,0,0,165,0,165,0,10,213,2,225,316,0,316,541
11/01/2019,LAL,FL,ASO,ES,Federal Contract Tower,0,2,88,0,90,0,0,140,0,140,0,2,228,0,230,334,0,334,564
11/02/2019,LAL,FL,ASO,ES,Federal Contract Tower,0,1,53,1,55,0,0,128,0,128,0,1,181,1,183,480,0,480,663
11/03/2019,LAL,FL,ASO,ES,Federal Contract Tower,0,7,41,7,55,0,0,156,1,157,0,7,197,8,212,414,0,414,626
11/04/2019,LAL,FL,ASO,ES,Federal Contract Tower,0,3,63,11,77,0,0,132,1,133,0,3,195,12,210,108,4,112,322
11/05/2019,LAL,FL,ASO,ES,Federal Contract Tower,0,1,53,15,69,0,0,154,2,156,0,1,207,17,225,258,6,264,489
11/06/2019,LAL,FL,ASO,ES,Federal Contract Tower,0,6,60,7,73,0,0,37,0,37,0,6,97,7,110,62,0,62,172
11/07/2019,LAL,FL,ASO,ES,Federal Contract Tower,0,8,78,6,92,0,0,128,1,129,0,8,206,7,221,136,0,136,357
11/08/2019,LAL,FL,ASO,ES,Federal Contract Tower,0,4,73,7,84,0,0,112,3,115,0,4,185,10,199,234,10,244,443
11/09/2019,LAL,FL,ASO,ES,Federal Contract Tower,0,5,78,6,89,0,0,61,0,61,0,5,139,6,150,132,0,132,282
11/10/2019,LAL,FL,ASO,ES,Federal Contract Tower,0,1,44,0,45,0,0,125,0,125,0,1,169,0,170,106,0,106,276
11/11/2019,LAL,FL,ASO,ES,Federal Contract Tower,0,5,74,1,80,0,0,153,0,153,0,5,227,1,233,184,0,184,417
11/12/2019,LAL,FL,ASO,ES,Federal Contract Tower,0,3,38,12,53,0,0,122,0,122,0,3,160,12,175,162,0,162,337
11/13/2019,LAL,FL,ASO,ES,Federal Contract Tower,0,4,71,2,77,0,0,85,2,87,0,4,156,4,164,96,4,100,264
11/14/2019,LAL,FL,ASO,ES,Federal Contract Tower,0,0,71,2,73,0,0,128,2,130,0,0,199,4,203,139,2,141,344
11/15/2019,LAL,FL,ASO,ES,Federal Contract Tower,0,0,70,4,74,0,0,14,0,14,0,0,84,4,88,22,34,56,144
11/16/2019,LAL,FL,ASO,ES,Federal Contract Tower,0,3,59,1,63,0,0,14,0,14,0,3,73,1,77,26,0,26,103
11/17/2019,LAL,FL,ASO,ES,Federal Contract Tower,0,4,62,1,67,0,0,23,0,23,0,4,85,1,90,30,0,30,120
11/18/2019,LAL,FL,ASO,ES,Federal Contract Tower,0,6,58,0,64,0,0,152,7,159,0,6,210,7,223,218,22,240,463
11/19/2019,LAL,FL,ASO,ES,Federal Contract Tower,0,9,64,0,73,0,0,141,0,141,0,9,205,0,214,178,0,178,392
11/20/2019,LAL,FL,ASO,ES,Federal Contract Tower,0,7,78,0,85,0,0,198,4,202,0,7,276,4,287,192,24,216,503
11/21/2019,LAL,FL,ASO,ES,Federal Contract Tower,0,8,89,6,103,0,0,249,0,249,0,8,338,6,352,258,0,258,610
11/22/2019,LAL,FL,ASO,ES,Federal Contract Tower,0,10,88,2,100,0,0,217,2,219,0,10,305,4,319,266,12,278,597
11/23/2019,LAL,FL,ASO,ES,Federal Contract Tower,0,4,37,0,41,0,0,145,0,145,0,4,182,0,186,186,0,186,372
11/24/2019,LAL,FL,ASO,ES,Federal Contract Tower,0,3,34,1,38,0,0,99,0,99,0,3,133,1,137,88,0,88,225
11/25/2019,LAL,FL,ASO,ES,Federal Contract Tower,0,5,76,1,82,0,0,149,1,150,0,5,225,2,232,188,14,202,434
11/26/2019,LAL,FL,ASO,ES,Federal Contract Tower,0,7,59,0,66,0,0,159,2,161,0,7,218,2,227,164,12,176,403
11/27/2019,LAL,FL,ASO,ES,Federal Contract Tower,0,0,70,0,70,0,0,175,6,181,0,0,245,6,251,128,16,144,395
11/28/2019,LAL,FL,ASO,ES,Federal Contract Tower,0,0,25,0,25,0,0,33,0,33,0,0,58,0,58,62,0,62,120
11/29/2019,LAL,FL,ASO,ES,Federal Contract Tower,0,0,42,0,42,0,0,100,0,100,0,0,142,0,142,98,0,98,240
11/30/2019,LAL,FL,ASO,ES,Federal Contract Tower,0,8,54,0,62,0,0,137,0,137,0,8,191,0,199,156,0,156,355
12/01/2019,LAL,FL,ASO,ES,Federal Contract Tower,0,4,56,0,60,0,0,51,0,51,0,4,107,0,111,54,0,54,165
12/02/2019,LAL,FL,ASO,ES,Federal Contract Tower,0,1,29,0,30,0,0,48,0,48,0,1,77,0,78,26,0,26,104
12/03/2019,LAL,FL,ASO,ES,Federal Contract Tower,0,7,50,0,57,0,0,120,0,120,0,7,170,0,177,72,0,72,249
12/04/2019,LAL,FL,ASO,ES,Federal Contract Tower,0,6,40,0,46,0,0,139,0,139,0,6,179,0,185,84,0,84,269
12/05/2019,LAL,FL,ASO,ES,Federal Contract Tower,0,4,60,2,66,0,0,180,0,180,0,4,240,2,246,190,0,190,436
12/06/2019,LAL,FL,ASO,ES,Federal Contract Tower,0,1,38,0,39,0,0,179,0,179,0,1,217,0,218,160,0,160,378
12/07/2019,LAL,FL,ASO,ES,Federal Contract Tower,0,1,43,2,46,0,0,147,0,147,0,1,190,2,193,168,0,168,361
12/08/2019,LAL,FL,ASO,ES,Federal Contract Tower,0,1,20,1,22,0,0,80,1,81,0,1,100,2,103,150,0,150,253
12/09/2019,LAL,FL,ASO,ES,Federal Contract Tower,0,5,44,1,50,0,0,152,1,153,0,5,196,2,203,122,0,122,325
12/10/2019,LAL,FL,ASO,ES,Federal Contract Tower,0,8,42,1,51,0,0,67,3,70,0,8,109,4,121,92,4,96,217
12/11/2019,LAL,FL,ASO,ES,Federal Contract Tower,0,8,38,1,47,0,0,56,2,58,0,8,94,3,105,80,2,82,187
12/12/2019,LAL,FL,ASO,ES,Federal Contract Tower,0,4,39,5,48,0,0,12,0,12,0,4,51,5,60,0,2,2,62
12/13/2019,LAL,FL,ASO,ES,Federal Contract Tower,0,4,36,6,46,0,0,97,7,104,0,4,133,13,150,58,16,74,224
12/14/2019,LAL,FL,ASO,ES,Federal Contract Tower,0,1,21,0,22,0,0,64,0,64,0,1,85,0,86,30,0,30,116
12/15/2019,LAL,FL,ASO,ES,Federal Contract Tower,0,2,31,0,33,0,0,122,0,122,0,2,153,0,155,114,0,114,269
12/16/2019,LAL,FL,ASO,ES,Federal Contract Tower,0,5,53,4,62,0,0,146,2,148,0,5,199,6,210,152,2,154,364
12/17/2019,LAL,FL,ASO,ES,Federal Contract Tower,0,7,37,6,50,0,0,31,1,32,0,7,68,7,82,32,0,32,114
12/18/2019,LAL,FL,ASO,ES,Federal Contract Tower,0,10,63,8,81,0,0,44,3,47,0,10,107,11,128,100,0,100,228
12/19/2019,LAL,FL,ASO,ES,Federal Contract Tower,0,15,50,3,68,0,0,143,3,146,0,15,193,6,214,164,6,170,384
12/20/2019,LAL,FL,ASO,ES,Federal Contract Tower,0,4,57,1,62,0,0,123,4,127,0,4,180,5,189,158,4,162,351
12/21/2019,LAL,FL,ASO,ES,Federal Contract Tower,0,0,27,1,28,0,0,47,0,47,0,0,74,1,75,28,0,28,103
12/22/2019,LAL,FL,ASO,ES,Federal Contract Tower,0,2,25,1,28,0,0,17,2,19,0,2,42,3,47,0,0,0,47
12/23/2019,LAL,FL,ASO,ES,Federal Contract Tower,0,7,36,0,43,0,0,66,0,66,0,7,102,0,109,102,0,102,211
12/24/2019,LAL,FL,ASO,ES,Federal Contract Tower,0,0,20,0,20,0,0,10,0,10,0,0,30,0,30,18,0,18,48
12/25/2019,LAL,FL,ASO,ES,Federal Contract Tower,0,0,8,0,8,0,0,18,0,18,0,0,26,0,26,0,0,0,26
12/26/2019,LAL,FL,ASO,ES,Federal Contract Tower,0,5,48,5,58,0,0,91,1,92,0,5,139,6,150,66,0,66,216
12/27/2019,LAL,FL,ASO,ES,Federal Contract Tower,0,3,48,0,51,0,0,10,0,10,0,3,58,0,61,14,0,14,75
12/28/2019,LAL,FL,ASO,ES,Federal Contract Tower,0,0,45,4,49,0,0,6,0,6,0,0,51,4,55,0,0,0,55
12/29/2019,LAL,FL,ASO,ES,Federal Contract Tower,0,5,27,2,34,0,0,25,0,25,0,5,52,2,59,38,0,38,97
12/30/2019,LAL,FL,ASO,ES,Federal Contract Tower,0,4,37,4,45,0,0,52,0,52,0,4,89,4,97,114,0,114,211
12/31/2019,LAL,FL,ASO,ES,Federal Contract Tower,0,1,37,2,40,0,0,136,1,137,0,1,173,3,177,108,0,108,285
01/01/2020,LAL,FL,ASO,ES,Federal Contract Tower,0,2,27,0,29,0,0,61,1,62,0,2,88,1,91,46,0,46,137
01/02/2020,LAL,FL,ASO,ES,Federal Contract Tower,0,5,42,4,51,0,0,138,0,138,0,5,180,4,189,99,0,99,288
01/03/2020,LAL,FL,ASO,ES,Federal Contract Tower,0,1,52,3,56,0,0,94,1,95,0,1,146,4,151,92,0,92,243
01/04/2020,LAL,FL,ASO,ES,Federal Contract Tower,0,3,27,0,30,0,0,7,0,7,0,3,34,0,37,14,0,14,51
01/05/2020,LAL,FL,ASO,ES,Federal Contract Tower,0,1,42,0,43,0,0,109,0,109,0,1,151,0,152,94,0,94,246
01/06/2020,LAL,FL,ASO,ES,Federal Contract Tower,0,2,44,3,49,0,0,140,2,142,0,2,184,5,191,110,6,116,307
01/07/2020,LAL,FL,ASO,ES,Federal Contract Tower,0,4,50,2,56,0,0,130,2,132,0,4,180,4,188,148,2,150,338
01/08/2020,LAL,FL,ASO,ES,Federal Contract Tower,0,2,43,1,46,0,0,154,1,155,0,2,197,2,201,150,0,150,351
01/09/2020,LAL,FL,ASO,ES,Federal Contract Tower,0,5,40,5,50,0,0,99,15,114,0,5,139,20,164,64,28,92,256
01/10/2020,LAL,FL,ASO,ES,Federal Contract Tower,0,4,26,0,30,0,0,82,2,84,0,4,108,2,114,68,0,68,182
01/11/2020,LAL,FL,ASO,ES,Federal Contract Tower,0,7,26,0,33,0,0,54,0,54,0,7,80,0,87,38,0,38,125
01/12/2020,LAL,FL,ASO,ES,Federal Contract Tower,0,5,38,0,43,0,0,61,0,61,0,5,99,0,104,50,0,50,154
01/13/2020,LAL,FL,ASO,ES,Federal Contract Tower,0,3,32,2,37,0,0,136,1,137,0,3,168,3,174,114,0,114,288
01/14/2020,LAL,FL,ASO,ES,Federal Contract Tower,0,7,40,0,47,0,0,87,1,88,0,7,127,1,135,128,0,128,263
01/15/2020,LAL,FL,ASO,ES,Federal Contract Tower,0,4,30,0,34,0,0,146,0,146,0,4,176,0,180,100,0,100,280
01/16/2020,LAL,FL,ASO,ES,Federal Contract Tower,0,2,54,0,56,0,0,161,0,161,0,2,215,0,217,174,0,174,391
01/17/2020,LAL,FL,ASO,ES,Federal Contract Tower,0,2,41,0,43,0,0,138,0,138,0,2,179,0,181,48,0,48,229
01/18/2020,LAL,FL,ASO,ES,Federal Contract Tower,0,6,35,0,41,0,0,152,0,152,0,6,187,0,193,74,0,74,267
01/19/2020,LAL,FL,ASO,ES,Federal Contract Tower,0,4,34,0,38,0,2,35,0,37,0,6,69,0,75,74,0,74,149
01/20/2020,LAL,FL,ASO,ES,Federal Contract Tower,0,4,40,0,44,0,0,164,0,164,0,4,204,0,208,180,0,180,388
01/21/2020,LAL,FL,ASO,ES,Federal Contract Tower,0,7,31,1,39,0,0,128,2,130,0,7,159,3,169,82,4,86,255
01/22/2020,LAL,FL,ASO,ES,Federal Contract Tower,0,8,49,0,57,0,0,127,0,127,0,8,176,0,184,134,0,134,318
01/23/2020,LAL,FL,ASO,ES,Federal Contract Tower,0,3,81,1,85,0,0,120,0,120,0,3,201,1,205,86,0,86,291
01/24/2020,LAL,FL,ASO,ES,Federal Contract Tower,0,11,45,2,58,0,0,127,0,127,0,11,172,2,185,132,0,132,317
01/25/2020,LAL,FL,ASO,ES,Federal Contract Tower,0,1,31,3,35,0,0,170,0,170,0,1,201,3,205,68,0,68,273
01/26/2020,LAL,FL,ASO,ES,Federal Contract Tower,0,1,26,1,28,0,0,147,0,147,0,1,173,1,175,134,0,134,309
01/27/2020,LAL,FL,ASO,ES,Federal Contract Tower,0,0,27,2,29,0,0,158,0,158,0,0,185,2,187,148,1,149,336
01/28/2020,LAL,FL,ASO,ES,Federal Contract Tower,0,5,38,2,45,0,0,170,4,174,0,5,208,6,219,184,0,184,403
01/29/2020,LAL,FL,ASO,ES,Federal Contract Tower,0,0,31,0,31,0,0,118,0,118,0,0,149,0,149,174,0,174,323
01/30/2020,LAL,FL,ASO,ES,Federal Contract Tower,0,0,72,2,74,0,0,74,0,74,0,0,146,2,148,106,2,108,256
01/31/2020,LAL,FL,ASO,ES,Federal Contract Tower,0,5,56,4,65,0,0,144,0,144,0,5,200,4,209,156,2,158,367
02/01/2020,LAL,FL,ASO,ES,Federal Contract Tower,0,2,106,0,108,0,0,19,0,19,0,2,125,0,127,4,0,4,131
02/02/2020,LAL,FL,ASO,ES,Federal Contract Tower,0,0,50,0,50,0,0,147,0,147,0,0,197,0,197,74,0,74,271
02/03/2020,LAL,FL,ASO,ES,Federal Contract Tower,0,9,36,2,47,0,0,211,0,211,0,9,247,2,258,260,2,262,520
02/04/2020,LAL,FL,ASO,ES,Federal Contract Tower,0,4,44,0,48,0,0,170,2,172,0,4,214,2,220,228,0,228,448
02/05/2020,LAL,FL,ASO,ES,Federal Contract Tower,0,7,44,0,51,0,0,150,0,150,0,7,194,0,201,138,4,142,343
02/06/2020,LAL,FL,ASO,ES,Federal Contract Tower,0,8,26,0,34,0,0,10,0,10,0,8,36,0,44,0,0,0,44
02/07/2020,LAL,FL,ASO,ES,Federal Contract Tower,0,1,47,0,48,0,0,105,0,105,0,1,152,0,153,30,0,30,183
02/08/2020,LAL,FL,ASO,ES,Federal Contract Tower,0,2,45,0,47,0,0,221,0,221,0,2,266,0,268,74,0,74,342
02/09/2020,LAL,FL,ASO,ES,Federal Contract Tower,0,4,34,0,38,0,0,106,0,106,0,4,140,0,144,60,0,60,204
02/10/2020,LAL,FL,ASO,ES,Federal Contract Tower,0,5,39,0,44,0,0,165,0,165,0,5,204,0,209,92,0,92,301
02/11/2020,LAL,FL,ASO,ES,Federal Contract Tower,0,3,44,1,48,0,0,147,0,147,0,3,191,1,195,202,0,202,397
02/12/2020,LAL,FL,ASO,ES,Federal Contract Tower,0,6,44,2,52,0,0,166,0,166,0,6,210,2,218,162,0,162,380
02/13/2020,LAL,FL,ASO,ES,Federal Contract Tower,0,2,45,4,51,0,0,107,0,107,0,2,152,4,158,140,0,140,298
02/14/2020,LAL,FL,ASO,ES,Federal Contract Tower,0,5,45,2,52,0,0,50,0,50,0,5,95,2,102,97,0,97,199
02/15/2020,LAL,FL,ASO,ES,Federal Contract Tower,0,4,46,0,50,0,1,116,0,117,0,5,162,0,167,70,0,70,237
02/16/2020,LAL,FL,ASO,ES,Federal Contract Tower,0,1,32,0,33,0,0,89,0,89,0,1,121,0,122,58,0,58,180
02/17/2020,LAL,FL,ASO,ES,Federal Contract Tower,0,5,62,0,67,0,0,196,0,196,0,5,258,0,263,142,0,142,405
02/18/2020,LAL,FL,ASO,ES,Federal Contract Tower,0,7,48,0,55,0,0,166,0,166,0,7,214,0,221,154,0,154,375
02/19/2020,LAL,FL,ASO,ES,Federal Contract Tower,0,6,53,0,59,0,0,156,3,159,0,6,209,3,218,222,0,222,440
02/20/2020,LAL,FL,ASO,ES,Federal Contract Tower,0,7,60,0,67,0,0,84,0,84,0,7,144,0,151,104,0,104,255
02/21/2020,LAL,FL,ASO,ES,Federal Contract Tower,0,2,47,0,49,0,0,14,0,14,0,2,61,0,63,0,0,0,63
02/22/2020,LAL,FL,ASO,ES,Federal Contract Tower,0,0,40,0,40,0,0,142,0,142,0,0,182,0,182,54,0,54,236
02/23/2020,LAL,FL,ASO,ES,Federal Contract Tower,0,0,37,1,38,0,0,112,1,113,0,0,149,2,151,106,0,106,257
02/24/2020,LAL,FL,ASO,ES,Federal Contract Tower,0,4,72,4,80,0,0,174,2,176,0,4,246,6,256,94,0,94,350
02/25/2020,LAL,FL,ASO,ES,Federal Contract Tower,2,3,43,0,48,0,0,107,0,107,2,3,150,0,155,78,0,78,233
02/26/2020,LAL,FL,ASO,ES,Federal Contract Tower,0,4,32,1,37,0,0,63,1,64,0,4,95,2,101,34,0,34,135
02/27/2020,LAL,FL,ASO,ES,Federal Contract Tower,0,8,53,3,64,0,0,138,3,141,0,8,191,6,205,88,0,88,293
02/28/2020,LAL,FL,ASO,ES,Federal Contract Tower,0,3,23,1,27,0,0,169,0,169,0,3,192,1,196,88,0,88,284
02/29/2020,LAL,FL,ASO,ES,Federal Contract Tower,0,2,16,3,21,0,0,93,0,93,0,2,109,3,114,84,0,84,198
03/01/2020,LAL,FL,ASO,ES,Federal Contract Tower,0,7,25,0,32,0,0,120,2,122,0,7,145,2,154,190,0,190,344
03/02/2020,LAL,FL,ASO,ES,Federal Contract Tower,0,2,23,3,28,0,0,193,1,194,0,2,216,4,222,82,0,82,304
03/03/2020,LAL,FL,ASO,ES,Federal Contract Tower,0,2,38,1,41,0,0,136,0,136,0,2,174,1,177,112,0,112,289
03/04/2020,LAL,FL,ASO,ES,Federal Contract Tower,0,3,62,1,66,0,0,126,0,126,0,3,188,1,192,154,0,154,346
03/05/2020,LAL,FL,ASO,ES,Federal Contract Tower,0,1,29,0,30,0,0,40,0,40,0,1,69,0,70,32,0,32,102
03/06/2020,LAL,FL,ASO,ES,Federal Contract Tower,2,5,49,3,59,0,0,153,0,153,2,5,202,3,212,102,0,102,314
03/07/2020,LAL,FL,ASO,ES,Federal Contract Tower,0,0,47,0,47,0,0,109,1,110,0,0,156,1,157,116,0,116,273
03/08/2020,LAL,FL,ASO,ES,Federal Contract Tower,0,5,29,2,36,0,0,89,0,89,0,5,118,2,125,82,0,82,207
03/09/2020,LAL,FL,ASO,ES,Federal Contract Tower,0,1,57,0,58,0,0,146,1,147,0,1,203,1,205,172,0,172,377
03/10/2020,LAL,FL,ASO,ES,Federal Contract Tower,0,2,44,3,49,0,0,198,0,198,0,2,242,3,247,178,0,178,425
03/11/2020,LAL,FL,ASO,ES,Federal Contract Tower,0,4,57,2,63,0,0,204,0,204,0,4,261,2,267,144,0,144,411
03/12/2020,LAL,FL,ASO,ES,Federal Contract Tower,0,2,42,2,46,0,0,165,0,165,0,2,207,2,211,16,0,16,227
03/13/2020,LAL,FL,ASO,ES,Federal Contract Tower,0,9,61,3,73,0,0,199,0,199,0,9,260,3,272,141,0,141,413
03/14/2020,LAL,FL,ASO,ES,Federal Contract Tower,0,0,45,1,46,0,0,121,0,121,0,0,166,1,167,86,0,86,253
03/15/2020,LAL,FL,ASO,ES,Federal Contract Tower,0,2,33,0,35,0,0,119,0,119,0,2,152,0,154,52,0,52,206
03/16/2020,LAL,FL,ASO,ES,Federal Contract Tower,0,3,56,0,59,0,0,146,1,147,0,3,202,1,206,172,0,172,378
03/17/2020,LAL,FL,ASO,ES,Federal Contract Tower,0,2,49,3,54,0,0,97,0,97,0,2,146,3,151,170,0,170,321
03/18/2020,LAL,FL,ASO,ES,Federal Contract Tower,0,2,38,1,41,0,0,102,0,102,0,2,140,1,143,174,0,174,317
03/19/2020,LAL,FL,ASO,ES,Federal Contract Tower,0,0,28,2,30,0,0,151,0,151,0,0,179,2,181,154,0,154,335
03/20/2020,LAL,FL,ASO,ES,Federal Contract Tower,0,1,34,2,37,0,0,162,0,162,0,1,196,2,199,278,0,278,477
03/21/2020,LAL,FL,ASO,ES,Federal Contract Tower,0,3,22,0,25,0,0,127,0,127,0,3,149,0,152,168,0,168,320
03/22/2020,LAL,FL,ASO,ES,Federal Contract Tower,0,5,28,0,33,0,0,119,0,119,0,5,147,0,152,224,0,224,376
03/23/2020,LAL,FL,ASO,ES,Federal Contract Tower,0,0,49,0,49,0,0,127,0,127,0,0,176,0,176,184,0,184,360
03/24/2020,LAL,FL,ASO,ES,Federal Contract Tower,0,0,57,2,59,0,0,151,0,151,0,0,208,2,210,184,0,184,394
03/25/2020,LAL,FL,ASO,ES,Federal Contract Tower,0,0,70,0,70,0,0,92,0,92,0,0,162,0,162,64,0,64,226
03/26/2020,LAL,FL,ASO,ES,Federal Contract Tower,0,1,70,0,71,0,0,131,0,131,0,1,201,0,202,268,0,268,470
03/27/2020,LAL,FL,ASO,ES,Federal Contract Tower,0,0,51,0,51,0,0,130,0,130,0,0,181,0,181,140,0,140,321
03/28/2020,LAL,FL,ASO,ES,Federal Contract Tower,0,0,20,0,20,0,0,121,0,121,0,0,141,0,141,166,0,166,307
03/29/2020,LAL,FL,ASO,ES,Federal Contract Tower,0,0,45,0,45,0,0,95,0,95,0,0,140,0,140,168,0,168,308
03/30/2020,LAL,FL,ASO,ES,Federal Contract Tower,0,0,52,2,54,0,0,108,0,108,0,0,160,2,162,212,0,212,374
03/31/2020,LAL,FL,ASO,ES,Federal Contract Tower,0,0,41,1,42,0,0,101,0,101,0,0,142,1,143,134,0,134,277
04/01/2020,LAL,FL,ASO,ES,Federal Contract Tower,0,2,36,2,40,0,0,100,0,100,0,2,136,2,140,230,0,230,370
04/02/2020,LAL,FL,ASO,ES,Federal Contract Tower,0,0,41,0,41,0,0,157,0,157,0,0,198,0,198,252,0,252,450
04/03/2020,LAL,FL,ASO,ES,Federal Contract Tower,0,0,36,4,40,0,0,93,0,93,0,0,129,4,133,204,0,204,337
04/04/2020,LAL,FL,ASO,ES,Federal Contract Tower,0,0,16,0,16,0,0,82,0,82,0,0,98,0,98,70,0,70,168
04/05/2020,LAL,FL,ASO,ES,Federal Contract Tower,0,0,13,3,16,0,0,24,0,24,0,0,37,3,40,52,14,66,106
04/06/2020,LAL,FL,ASO,ES,Federal Contract Tower,0,0,45,0,45,0,0,68,0,68,0,0,113,0,113,144,0,144,257
04/07/2020,LAL,FL,ASO,ES,Federal Contract Tower,0,0,30,2,32,0,0,78,0,78,0,0,108,2,110,238,0,238,348
04/08/2020,LAL,FL,ASO,ES,Federal Contract Tower,0,4,27,9,40,0,0,83,1,84,0,4,110,10,124,186,30,216,340
04/09/2020,LAL,FL,ASO,ES,Federal Contract Tower,0,2,28,4,34,0,0,41,0,41,0,2,69,4,75,95,26,121,196
04/10/2020,LAL,FL,ASO,ES,Federal Contract Tower,0,10,19,0,29,0,0,52,0,52,0,10,71,0,81,76,0,76,157
04/11/2020,LAL,FL,ASO,ES,Federal Contract Tower,0,0,33,0,33,0,0,94,0,94,0,0,127,0,127,156,0,156,283
04/12/2020,LAL,FL,ASO,ES,Federal Contract Tower,0,1,17,0,18,0,0,19,0,19,0,1,36,0,37,8,0,8,45
04/13/2020,LAL,FL,ASO,ES,Federal Contract Tower,0,0,28,0,28,0,0,37,0,37,0,0,65,0,65,34,0,34,99
04/14/2020,LAL,FL,ASO,ES,Federal Contract Tower,0,0,37,0,37,0,0,86,0,86,0,0,123,0,123,118,4,122,245
04/15/2020,LAL,FL,ASO,ES,Federal Contract Tower,0,2,25,0,27,0,0,37,0,37,0,2,62,0,64,72,0,72,136
04/16/2020,LAL,FL,ASO,ES,Federal Contract Tower,0,0,14,0,14,0,0,0,0,0,0,0,14,0,14,0,0,0,14
04/17/2020,LAL,FL,ASO,ES,Federal Contract Tower,0,2,45,0,47,0,0,81,1,82,0,2,126,1,129,196,12,208,337
04/18/2020,LAL,FL,ASO,ES,Federal Contract Tower,0,0,17,0,17,0,0,36,0,36,0,0,53,0,53,110,0,110,163
04/19/2020,LAL,FL,ASO,ES,Federal Contract Tower,0,2,24,0,26,0,0,83,0,83,0,2,107,0,109,64,0,64,173
04/20/2020,LAL,FL,ASO,ES,Federal Contract Tower,0,0,8,0,8,0,0,21,0,21,0,0,29,0,29,32,0,32,61
04/21/2020,LAL,FL,ASO,ES,Federal Contract Tower,0,3,36,0,39,0,0,140,0,140,0,3,176,0,179,174,0,174,353
04/22/2020,LAL,FL,ASO,ES,Federal Contract Tower,0,1,33,4,38,0,0,134,0,134,0,1,167,4,172,210,0,210,382
04/23/2020,LAL,FL,ASO,ES,Federal Contract Tower,0,0,23,0,23,0,0,57,0,57,0,0,80,0,80,14,12,26,106
04/24/2020,LAL,FL,ASO,ES,Federal Contract Tower,0,0,4,0,4,0,0,5,0,5,0,0,9,0,9,0,0,0,9
04/25/2020,LAL,FL,ASO,ES,Federal Contract Tower,0,8,20,0,28,0,0,73,0,73,0,8,93,0,101,86,0,86,187
04/26/2020,LAL,FL,ASO,ES,Federal Contract Tower,0,0,22,0,22,0,0,72,2,74,0,0,94,2,96,162,4,166,262
04/27/2020,LAL,FL,ASO,ES,Federal Contract Tower,0,2,29,0,31,0,0,126,0,126,0,2,155,0,157,196,0,196,353
04/28/2020,LAL,FL,ASO,ES,Federal Contract Tower,0,0,29,0,29,0,0,117,0,117,0,0,146,0,146,176,0,176,322
04/29/2020,LAL,FL,ASO,ES,Federal Contract Tower,0,0,34,0,34,0,0,97,0,97,0,0,131,0,131,160,0,160,291
04/30/2020,LAL,FL,ASO,ES,Federal Contract Tower,0,0,21,0,21,0,0,32,0,32,0,0,53,0,53,32,0,32,85
05/01/2020,LAL,FL,ASO,ES,Federal Contract Tower,0,0,28,0,28,0,0,128,0,128,0,0,156,0,156,112,0,112,268
05/02/2020,LAL,FL,ASO,ES,Federal Contract Tower,0,3,26,0,29,0,0,135,0,135,0,3,161,0,164,192,0,192,356
05/03/2020,LAL,FL,ASO,ES,Federal Contract Tower,0,0,10,0,10,0,0,60,2,62,0,0,70,2,72,88,0,88,160
05/04/2020,LAL,FL,ASO,ES,Federal Contract Tower,0,0,26,7,33,0,0,95,2,97,0,0,121,9,130,156,24,180,310
05/05/2020,LAL,FL,ASO,ES,Federal Contract Tower,0,0,34,6,40,0,0,121,4,125,0,0,155,10,165,186,14,200,365
05/06/2020,LAL,FL,ASO,ES,Federal Contract Tower,0,1,24,1,26,0,0,76,2,78,0,1,100,3,104,106,34,140,244
05/07/2020,LAL,FL,ASO,ES,Federal Contract Tower,0,1,53,2,56,0,0,120,3,123,0,1,173,5,179,168,6,174,353
05/08/2020,LAL,FL,ASO,ES,Federal Contract Tower,0,3,41,2,46,0,0,95,0,95,0,3,136,2,141,76,0,76,217
05/09/2020,LAL,FL,ASO,ES,Federal Contract Tower,0,0,28,3,31,0,0,98,0,98,0,0,126,3,129,184,6,190,319
05/10/2020,LAL,FL,ASO,ES,Federal Contract Tower,0,2,16,0,18,0,0,8,0,8,0,2,24,0,26,14,0,14,40
05/11/2020,LAL,FL,ASO,ES,Federal Contract Tower,0,4,52,11,67,0,0,113,0,113,0,4,165,11,180,222,0,222,402
05/12/2020,LAL,FL,ASO,ES,Federal Contract Tower,0,0,50,11,61,0,0,139,4,143,0,0,189,15,204,180,20,200,404
05/13/2020,LAL,FL,ASO,ES,Federal Contract Tower,0,5,34,13,52,0,0,74,6,80,0,5,108,19,132,100,18,118,250
05/14/2020,LAL,FL,ASO,ES,Federal Contract Tower,0,2,52,12,66,0,0,60,4,64,0,2,112,16,130,62,20,82,212
05/15/2020,LAL,FL,ASO,ES,Federal Contract Tower,0,17,16,0,33,0,0,58,0,58,0,17,74,0,91,62,0,62,153
05/16/2020,LAL,FL,ASO,ES,Federal Contract Tower,0,5,29,0,34,0,0,45,0,45,0,5,74,0,79,36,0,36,115
05/17/2020,LAL,FL,ASO,ES,Federal Contract Tower,0,6,40,0,46,0,0,73,2,75,0,6,113,2,121,72,0,72,193
05/18/2020,LAL,FL,ASO,ES,Federal Contract Tower,0,3,11,2,16,0,0,29,0,29,0,3,40,2,45,44,0,44,89
05/19/2020,LAL,FL,ASO,ES,Federal Contract Tower,0,4,41,5,50,0,0,104,1,105,0,4,145,6,155,84,2,86,241
05/20/2020,LAL,FL,ASO,ES,Federal Contract Tower,0,4,49,3,56,0,0,131,2,133,0,4,180,5,189,200,4,204,393
05/21/2020,LAL,FL,ASO,ES,Federal Contract Tower,0,4,38,3,45,0,0,87,9,96,0,4,125,12,141,90,0,90,231
05/22/2020,LAL,FL,ASO,ES,Federal Contract Tower,0,0,38,2,40,0,0,106,5,111,0,0,144,7,151,136,26,162,313
05/23/2020,LAL,FL,ASO,ES,Federal Contract Tower,0,4,21,1,26,0,0,81,0,81,0,4,102,1,107,114,0,114,221
05/24/2020,LAL,FL,ASO,ES,Federal Contract Tower,0,1,12,0,13,0,0,25,0,25,0,1,37,0,38,8,0,8,46
05/25/2020,LAL,FL,ASO,ES,Federal Contract Tower,0,4,22,0,26,0,0,4,0,4,0,4,26,0,30,0,0,0,30
05/26/2020,LAL,FL,ASO,ES,Federal Contract Tower,0,4,34,7,45,0,0,63,3,66,0,4,97,10,111,108,6,114,225
05/27/2020,LAL,FL,ASO,ES,Federal Contract Tower,0,0,27,5,32,0,0,51,0,51,0,0,78,5,83,98,0,98,181
05/28/2020,LAL,FL,ASO,ES,Federal Contract Tower,0,3,42,1,46,0,0,44,1,45,0,3,86,2,91,16,0,16,107
05/29/2020,LAL,FL,ASO,ES,Federal Contract Tower,0,1,33,0,34,0,0,108,0,108,0,1,141,0,142,140,0,140,282
05/30/2020,LAL,FL,ASO,ES,Federal Contract Tower,0,2,36,0,38,0,0,69,0,69,0,2,105,0,107,90,0,90,197
05/31/2020,LAL,FL,ASO,ES,Federal Contract Tower,0,0,35,0,35,0,0,81,0,81,0,0,116,0,116,90,0,90,206
06/01/2020,LAL,FL,ASO,ES,Federal Contract Tower,0,3,72,10,85,0,1,112,12,125,0,4,184,22,210,134,20,154,364
06/02/2020,LAL,FL,ASO,ES,Federal Contract Tower,0,4,40,1,45,0,0,42,3,45,0,4,82,4,90,32,38,70,160
06/03/2020,LAL,FL,ASO,ES,Federal Contract Tower,0,9,54,9,72,0,0,57,0,57,0,9,111,9,129,58,20,78,207
06/04/2020,LAL,FL,ASO,ES,Federal Contract Tower,0,4,34,0,38,0,0,14,0,14,0,4,48,0,52,10,0,10,62
06/05/2020,LAL,FL,ASO,ES,Federal Contract Tower,0,2,35,2,39,0,0,75,0,75,0,2,110,2,114,98,0,98,212
06/06/2020,LAL,FL,ASO,ES,Federal Contract Tower,0,0,21,2,23,0,0,0,0,0,0,0,21,2,23,0,0,0,23
06/07/2020,LAL,FL,ASO,ES,Federal Contract Tower,0,2,35,0,37,0,0,28,0,28,0,2,63,0,65,0,0,0,65
06/08/2020,LAL,FL,ASO,ES,Federal Contract Tower,0,9,42,8,59,0,0,51,3,54,0,9,93,11,113,16,12,28,141
06/09/2020,LAL,FL,ASO,ES,Federal Contract Tower,0,0,26,5,31,0,0,92,1,93,0,0,118,6,124,98,0,98,222
06/10/2020,LAL,FL,ASO,ES,Federal Contract Tower,0,6,35,1,42,0,0,93,0,93,0,6,128,1,135,108,0,108,243
06/11/2020,LAL,FL,ASO,ES,Federal Contract Tower,0,3,60,0,63,0,0,109,2,111,0,3,169,2,174,98,28,126,300
06/12/2020,LAL,FL,ASO,ES,Federal Contract Tower,0,0,6,38,44,0,0,157,0,157,0,0,163,38,201,132,0,132,333
06/13/2020,LAL,FL,ASO,ES,Federal Contract Tower,0,2,35,0,37,0,0,62,0,62,0,2,97,0,99,46,0,46,145
06/14/2020,LAL,FL,ASO,ES,Federal Contract Tower,0,2,43,0,45,0,0,88,0,88,0,2,131,0,133,38,0,38,171
06/15/2020,LAL,FL,ASO,ES,Federal Contract Tower,0,3,48,0,51,0,0,115,3,118,0,3,163,3,169,138,24,162,331
06/16/2020,LAL,FL,ASO,ES,Federal Contract Tower,0,2,61,0,63,0,0,164,0,164,0,2,225,0,227,212,0,212,439
06/17/2020,LAL,FL,ASO,ES,Federal Contract Tower,0,0,56,6,62,0,0,152,0,152,0,0,208,6,214,190,12,202,416
06/18/2020,LAL,FL,ASO,ES,Federal Contract Tower,0,2,49,7,58,0,0,117,0,117,0,2,166,7,175,180,0,180,355
06/19/2020,LAL,FL,ASO,ES,Federal Contract Tower,0,5,21,5,31,0,0,114,1,115,0,5,135,6,146,122,6,128,274
06/20/2020,LAL,FL,ASO,ES,Federal Contract Tower,0,4,36,0,40,0,0,82,0,82,0,4,118,0,122,84,0,84,206
06/21/2020,LAL,FL,ASO,ES,Federal Contract Tower,0,1,19,0,20,0,0,55,0,55,0,1,74,0,75,44,0,44,119
06/22/2020,LAL,FL,ASO,ES,Federal Contract Tower,0,8,43,2,53,0,0,106,4,110,0,8,149,6,163,168,22,190,353
06/23/2020,LAL,FL,ASO,ES,Federal Contract Tower,0,6,32,4,42,0,0,122,3,125,0,6,154,7,167,178,38,216,383
06/24/2020,LAL,FL,ASO,ES,Federal Contract Tower,0,4,39,7,50,0,0,140,4,144,0,4,179,11,194,154,24,178,372
06/25/2020,LAL,FL,ASO,ES,Federal Contract Tower,0,1,31,7,39,0,0,116,0,116,0,1,147,7,155,160,0,160,315
06/26/2020,LAL,FL,ASO,ES,Federal Contract Tower,0,5,58,0,63,0,0,130,0,130,0,5,188,0,193,124,0,124,317
06/27/2020,LAL,FL,ASO,ES,Federal Contract Tower,0,3,36,0,39,0,0,85,0,85,0,3,121,0,124,56,0,56,180
06/28/2020,LAL,FL,ASO,ES,Federal Contract Tower,0,2,22,0,24,0,0,78,0,78,0,2,100,0,102,60,0,60,162
06/29/2020,LAL,FL,ASO,ES,Federal Contract Tower,0,3,34,9,46,0,0,103,2,105,0,3,137,11,151,176,26,202,353
06/30/2020,LAL,FL,ASO,ES,Federal Contract Tower,0,0,34,2,36,0,0,115,2,117,0,0,149,4,153,220,26,246,399
07/01/2020,LAL,FL,ASO,ES,Federal Contract Tower,0,1,37,1,39,0,0,120,0,120,0,1,157,1,159,186,0,186,345
07/02/2020,LAL,FL,ASO,ES,Federal Contract Tower,0,2,32,8,42,0,0,120,8,128,0,2,152,16,170,104,28,132,302
07/03/2020,LAL,FL,ASO,ES,Federal Contract Tower,1,0,43,0,44,0,0,111,0,111,1,0,154,0,155,130,0,130,285
07/04/2020,LAL,FL,ASO,ES,Federal Contract Tower,0,0,12,0,12,0,0,41,0,41,0,0,53,0,53,98,0,98,151
07/05/2020,LAL,FL,ASO,ES,Federal Contract Tower,0,0,12,6,18,0,0,31,0,31,0,0,43,6,49,54,0,54,103
07/06/2020,LAL,FL,ASO,ES,Federal Contract Tower,0,4,32,1,37,0,0,76,3,79,0,4,108,4,116,118,14,132,248
07/07/2020,LAL,FL,ASO,ES,Federal Contract Tower,0,0,39,1,40,0,0,80,4,84,0,0,119,5,124,108,10,118,242
07/08/2020,LAL,FL,ASO,ES,Federal Contract Tower,0,4,40,3,47,0,0,105,4,109,0,4,145,7,156,208,10,218,374
07/09/2020,LAL,FL,ASO,ES,Federal Contract Tower,0,6,69,14,89,0,0,124,0,124,0,6,193,14,213,162,6,168,381
07/10/2020,LAL,FL,ASO,ES,Federal Contract Tower,0,1,37,0,38,0,0,75,0,75,0,1,112,0,113,120,0,120,233
07/11/2020,LAL,FL,ASO,ES,Federal Contract Tower,0,3,16,0,19,0,0,43,0,43,0,3,59,0,62,134,0,134,196
07/12/2020,LAL,FL,ASO,ES,Federal Contract Tower,0,5,16,0,21,0,0,62,0,62,0,5,78,0,83,116,0,116,199
07/13/2020,LAL,FL,ASO,ES,Federal Contract Tower,0,13,72,2,87,0,0,150,4,154,0,13,222,6,241,162,24,186,427
07/14/2020,LAL,FL,ASO,ES,Federal Contract Tower,0,3,44,8,55,0,0,113,3,116,0,3,157,11,171,136,0,136,307
07/15/2020,LAL,FL,ASO,ES,Federal Contract Tower,1,1,31,4,37,0,0,117,6,123,1,1,148,10,160,136,14,150,310
07/16/2020,LAL,FL,ASO,ES,Federal Contract Tower,1,6,47,0,54,0,0,137,3,140,1,6,184,3,194,146,0,146,340
07/17/2020,LAL,FL,ASO,ES,Federal Contract Tower,0,3,60,1,64,0,0,132,4,136,0,3,192,5,200,132,16,148,348
07/18/2020,LAL,FL,ASO,ES,Federal Contract Tower,0,5,20,2,27,0,0,64,1,65,0,5,84,3,92,46,4,50,142
07/19/2020,LAL,FL,ASO,ES,Federal Contract Tower,0,2,31,0,33,0,0,71,0,71,0,2,102,0,104,62,0,62,166
07/20/2020,LAL,FL,ASO,ES,Federal Contract Tower,0,3,48,3,54,0,0,96,13,109,0,3,144,16,163,66,24,90,253
07/21/2020,LAL,FL,ASO,ES,Federal Contract Tower,0,1,40,9,50,0,0,111,1,112,0,1,151,10,162,156,14,170,332
07/22/2020,LAL,FL,ASO,ES,Federal Contract Tower,0,6,34,4,44,0,0,63,2,65,0,6,97,6,109,100,40,140,249
07/23/2020,LAL,FL,ASO,ES,Federal Contract Tower,3,7,60,4,74,0,0,75,1,76,3,7,135,5,150,72,42,114,264
07/24/2020,LAL,FL,ASO,ES,Federal Contract Tower,2,9,67,5,83,0,0,117,2,119,2,9,184,7,202,132,0,132,334
07/25/2020,LAL,FL,ASO,ES,Federal Contract Tower,2,4,22,3,31,0,0,69,0,69,2,4,91,3,100,96,0,96,196
07/26/2020,LAL,FL,ASO,ES,Federal Contract Tower,2,3,30,0,35,0,0,64,0,64,2,3,94,0,99,90,0,90,189
07/27/2020,LAL,FL,ASO,ES,Federal Contract Tower,2,6,25,0,33,0,0,53,0,53,2,6,78,0,86,68,0,68,154
07/28/2020,LAL,FL,ASO,ES,Federal Contract Tower,2,6,26,0,34,0,0,54,0,54,2,6,80,0,88,68,0,68,156
07/29/2020,LAL,FL,ASO,ES,Federal Contract Tower,2,4,43,0,49,0,0,130,0,130,2,4,173,0,179,120,0,120,299
07/30/2020,LAL,FL,ASO,ES,Federal Contract Tower,2,0,54,4,60,0,0,144,0,144,2,0,198,4,204,202,0,202,406
07/31/2020,LAL,FL,ASO,ES,Federal Contract Tower,2,5,48,6,61,0,0,147,0,147,2,5,195,6,208,54,0,54,262
08/01/2020,LAL,FL,ASO,ES,Federal Contract Tower,2,4,31,7,44,0,0,94,0,94,2,4,125,7,138,114,0,114,252
08/02/2020,LAL,FL,ASO,ES,Federal Contract Tower,2,2,12,3,19,0,0,12,0,12,2,2,24,3,31,12,0,12,43
08/03/2020,LAL,FL,ASO,ES,Federal Contract Tower,2,4,54,2,62,0,0,109,2,111,2,4,163,4,173,134,0,134,307
08/04/2020,LAL,FL,ASO,ES,Federal Contract Tower,3,4,35,0,42,0,0,111,0,111,3,4,146,0,153,74,0,74,227
08/05/2020,LAL,FL,ASO,ES,Federal Contract Tower,2,8,41,0,51,0,0,111,0,111,2,8,152,0,162,102,0,102,264
08/06/2020,LAL,FL,ASO,ES,Federal Contract Tower,1,3,61,8,73,0,0,114,4,118,1,3,175,12,191,156,0,156,347
08/07/2020,LAL,FL,ASO,ES,Federal Contract Tower,4,1,44,2,51,0,0,155,3,158,4,1,199,5,209,150,22,172,381
08/08/2020,LAL,FL,ASO,ES,Federal Contract Tower,4,5,35,0,44,0,0,95,0,95,4,5,130,0,139,152,0,152,291
08/09/2020,LAL,FL,ASO,ES,Federal Contract Tower,4,8,5,0,17,0,0,77,0,77,4,8,82,0,94,82,0,82,176
08/10/2020,LAL,FL,ASO,ES,Federal Contract Tower,4,6,55,4,69,0,0,114,3,117,4,6,169,7,186,132,20,152,338
08/11/2020,LAL,FL,ASO,ES,Federal Contract Tower,4,1,51,6,62,0,0,105,5,110,4,1,156,11,172,78,18,96,268
08/12/2020,LAL,FL,ASO,ES,Federal Contract Tower,6,0,46,9,61,0,0,101,1,102,6,0,147,10,163,178,4,182,345
08/13/2020,LAL,FL,ASO,ES,Federal Contract Tower,4,7,56,7,74,0,0,159,6,165,4,7,215,13,239,176,44,220,459
08/14/2020,LAL,FL,ASO,ES,Federal Contract Tower,4,9,53,11,77,0,0,128,4,132,4,9,181,15,209,156,20,176,385
08/15/2020,LAL,FL,ASO,ES,Federal Contract Tower,4,0,20,2,26,0,0,79,0,79,4,0,99,2,105,104,4,108,213
08/16/2020,LAL,FL,ASO,ES,Federal Contract Tower,4,2,25,0,31,0,0,63,0,63,4,2,88,0,94,64,0,64,158
08/17/2020,LAL,FL,ASO,ES,Federal Contract Tower,4,2,31,3,40,0,0,104,2,106,4,2,135,5,146,96,6,102,248
08/18/2020,LAL,FL,ASO,ES,Federal Contract Tower,4,6,52,3,65,0,1,103,8,112,4,7,155,11,177,164,22,186,363
08/19/2020,LAL,FL,ASO,ES,Federal Contract Tower,5,4,29,5,43,0,0,101,4,105,5,4,130,9,148,122,28,150,298
08/20/2020,LAL,FL,ASO,ES,Federal Contract Tower,10,1,31,8,50,0,0,135,5,140,10,1,166,13,190,88,18,106,296
08/21/2020,LAL,FL,ASO,ES,Federal Contract Tower,10,2,37,5,54,0,0,110,0,110,10,2,147,5,164,152,0,152,316
08/22/2020,LAL,FL,ASO,ES,Federal Contract Tower,11,7,33,4,55,0,0,89,0,89,11,7,122,4,144,158,0,158,302
08/23/2020,LAL,FL,ASO,ES,Federal Contract Tower,11,4,22,4,41,0,0,48,0,48,11,4,70,4,89,20,0,20,109
08/24/2020,LAL,FL,ASO,ES,Federal Contract Tower,11,4,26,5,46,0,0,86,0,86,11,4,112,5,132,118,0,118,250
08/25/2020,LAL,FL,ASO,ES,Federal Contract Tower,11,1,59,11,82,0,0,116,0,116,11,1,175,11,198,166,0,166,364
08/26/2020,LAL,FL,ASO,ES,Federal Contract Tower,10,6,53,2,71,0,0,90,0,90,10,6,143,2,161,138,0,138,299
08/27/2020,LAL,FL,ASO,ES,Federal Contract Tower,13,5,37,1,56,0,0,139,0,139,13,5,176,1,195,190,0,190,385
08/28/2020,LAL,FL,ASO,ES,Federal Contract Tower,13,1,49,0,63,0,0,131,0,131,13,1,180,0,194,86,0,86,280
08/29/2020,LAL,FL,ASO,ES,Federal Contract Tower,10,1,44,3,58,0,0,133,0,133,10,1,177,3,191,216,6,222,413
08/30/2020,LAL,FL,ASO,ES,Federal Contract Tower,12,3,12,0,27,0,0,28,0,28,12,3,40,0,55,40,0,40,95
08/31/2020,LAL,FL,ASO,ES,Federal Contract Tower,11,3,32,0,46,0,0,45,2,47,11,3,77,2,93,86,0,86,179
09/01/2020,LAL,FL,ASO,ES,Federal Contract Tower,10,7,46,0,63,0,0,146,2,148,10,7,192,2,211,238,16,254,465
09/02/2020,LAL,FL,ASO,ES,Federal Contract Tower,11,5,50,5,71,0,0,126,6,132,11,5,176,11,203,144,4,148,351
09/03/2020,LAL,FL,ASO,ES,Federal Contract Tower,12,5,65,8,90,0,0,162,2,164,12,5,227,10,254,178,46,224,478
09/04/2020,LAL,FL,ASO,ES,Federal Contract Tower,10,4,35,0,49,0,0,127,4,131,10,4,162,4,180,112,14,126,306
09/05/2020,LAL,FL,ASO,ES,Federal Contract Tower,11,3,26,0,40,0,0,82,0,82,11,3,108,0,122,160,0,160,282
09/06/2020,LAL,FL,ASO,ES,Federal Contract Tower,12,0,17,0,29,0,0,79,0,79,12,0,96,0,108,92,0,92,200
09/07/2020,LAL,FL,ASO,ES,Federal Contract Tower,13,2,60,0,75,0,0,93,0,93,13,2,153,0,168,78,0,78,246
09/08/2020,LAL,FL,ASO,ES,Federal Contract Tower,11,7,36,0,54,0,0,114,0,114,11,7,150,0,168,164,0,164,332
09/09/2020,LAL,FL,ASO,ES,Federal Contract Tower,12,4,57,7,80,0,0,98,1,99,12,4,155,8,179,132,0,132,311
09/10/2020,LAL,FL,ASO,ES,Federal Contract Tower,11,6,54,4,75,0,0,110,0,110,11,6,164,4,185,116,0,116,301
09/11/2020,LAL,FL,ASO,ES,Federal Contract Tower,13,4,47,0,64,0,0,118,0,118,13,4,165,0,182,124,0,124,306
09/12/2020,LAL,FL,ASO,ES,Federal Contract Tower,11,8,17,1,37,0,0,25,0,25,11,8,42,1,62,48,0,48,110
09/13/2020,LAL,FL,ASO,ES,Federal Contract Tower,10,3,19,5,37,0,0,12,0,12,10,3,31,5,49,34,0,34,83
09/14/2020,LAL,FL,ASO,ES,Federal Contract Tower,11,10,44,5,70,0,0,98,1,99,11,10,142,6,169,142,0,142,311
09/15/2020,LAL,FL,ASO,ES,Federal Contract Tower,12,2,55,5,74,0,0,163,0,163,12,2,218,5,237,236,6,242,479
09/16/2020,LAL,FL,ASO,ES,Federal Contract Tower,10,7,54,8,79,0,0,126,2,128,10,7,180,10,207,154,12,166,373
09/17/2020,LAL,FL,ASO,ES,Federal Contract Tower,12,4,44,8,68,0,0,83,1,84,12,4,127,9,152,144,8,152,304
09/18/2020,LAL,FL,ASO,ES,Federal Contract Tower,11,2,53,4,70,0,0,117,0,117,11,2,170,4,187,142,0,142,329
09/19/2020,LAL,FL,ASO,ES,Federal Contract Tower,11,0,45,0,56,0,0,107,0,107,11,0,152,0,163,152,0,152,315
09/20/2020,LAL,FL,ASO,ES,Federal Contract Tower,11,5,11,2,29,0,0,2,0,2,11,5,13,2,31,0,0,0,31
09/21/2020,LAL,FL,ASO,ES,Federal Contract Tower,11,7,49,4,71,0,0,95,0,95,11,7,144,4,166,130,0,130,296
09/22/2020,LAL,FL,ASO,ES,Federal Contract Tower,11,8,61,10,90,0,0,147,2,149,11,8,208,12,239,210,10,220,459
09/23/2020,LAL,FL,ASO,ES,Federal Contract Tower,11,6,70,7,94,0,0,186,2,188,11,6,256,9,282,160,4,164,446
09/24/2020,LAL,FL,ASO,ES,Federal Contract Tower,11,6,71,2,90,0,0,184,4,188,11,6,255,6,278,204,12,216,494
09/25/2020,LAL,FL,ASO,ES,Federal Contract Tower,13,4,57,4,78,2,0,159,2,163,15,4,216,6,241,138,18,156,397
09/26/2020,LAL,FL,ASO,ES,Federal Contract Tower,11,5,29,0,45,0,0,84,0,84,11,5,113,0,129,102,0,102,231
09/27/2020,LAL,FL,ASO,ES,Federal Contract Tower,9,5,17,0,31,0,0,65,0,65,9,5,82,0,96,110,0,110,206
09/28/2020,LAL,FL,ASO,ES,Federal Contract Tower,10,6,46,3,65,0,0,115,2,117,10,6,161,5,182,262,6,268,450
09/29/2020,LAL,FL,ASO,ES,Federal Contract Tower,11,0,32,8,51,0,0,54,9,63,11,0,86,17,114,124,32,156,270
09/30/2020,LAL,FL,ASO,ES,Federal Contract Tower,11,1,69,2,83,0,0,202,0,202,11,1,271,2,285,242,0,242,527
10/01/2020,LAL,FL,ASO,ES,Federal Contract Tower,10,2,59,0,71,0,0,186,0,186,10,2,245,0,257,258,0,258,515
10/02/2020,LAL,FL,ASO,ES,Federal Contract Tower,12,1,41,13,67,0,0,221,0,221,12,1,262,13,288,126,4,130,418
10/03/2020,LAL,FL,ASO,ES,Federal Contract Tower,12,2,57,1,72,0,0,76,0,76,12,2,133,1,148,86,0,86,234
10/04/2020,LAL,FL,ASO,ES,Federal Contract Tower,12,2,26,6,46,0,0,2,0,2,12,2,28,6,48,0,0,0,48
10/05/2020,LAL,FL,ASO,ES,Federal Contract Tower,10,5,75,5,95,0,0,103,0,103,10,5,178,5,198,218,0,218,416
10/06/2020,LAL,FL,ASO,ES,Federal Contract Tower,11,2,65,4,82,0,0,111,0,111,11,2,176,4,193,162,0,162,355
10/07/2020,LAL,FL,ASO,ES,Federal Contract Tower,10,6,86,5,107,0,0,143,0,143,10,6,229,5,250,162,0,162,412
10/08/2020,LAL,FL,ASO,ES,Federal Contract Tower,11,4,70,5,90,0,0,157,4,161,11,4,227,9,251,272,22,294,545
10/09/2020,LAL,FL,ASO,ES,Federal Contract Tower,11,4,54,6,75,0,0,169,1,170,11,4,223,7,245,172,2,174,419
10/10/2020,LAL,FL,ASO,ES,Federal Contract Tower,11,2,45,0,58,0,0,85,0,85,11,2,130,0,143,162,0,162,305
10/11/2020,LAL,FL,ASO,ES,Federal Contract Tower,11,2,24,0,37,0,0,75,2,77,11,2,99,2,114,106,0,106,220
10/12/2020,LAL,FL,ASO,ES,Federal Contract Tower,11,3,53,4,71,0,0,138,2,140,11,3,191,6,211,142,30,172,383
10/13/2020,LAL,FL,ASO,ES,Federal Contract Tower,11,1,94,0,106,0,0,156,2,158,11,1,250,2,264,216,0,216,480
10/14/2020,LAL,FL,ASO,ES,Federal Contract Tower,13,4,68,11,96,0,0,102,2,104,13,4,170,13,200,150,30,180,380
10/15/2020,LAL,FL,ASO,ES,Federal Contract Tower,10,3,69,9,91,0,0,186,1,187,10,3,255,10,278,190,0,190,468
10/16/2020,LAL,FL,ASO,ES,Federal Contract Tower,12,4,55,3,74,0,0,136,0,136,12,4,191,3,210,142,0,142,352
10/17/2020,LAL,FL,ASO,ES,Federal Contract Tower,12,5,44,4,65,0,0,97,1,98,12,5,141,5,163,116,0,116,279
10/18/2020,LAL,FL,ASO,ES,Federal Contract Tower,11,7,12,0,30,0,0,73,0,73,11,7,85,0,103,120,0,120,223
10/19/2020,LAL,FL,ASO,ES,Federal Contract Tower,12,5,67,3,87,0,0,51,2,53,12,5,118,5,140,78,0,78,218
10/20/2020,LAL,FL,ASO,ES,Federal Contract Tower,14,2,42,6,64,0,0,84,0,84,14,2,126,6,148,150,16,166,314
10/22/2020,LAL,FL,ASO,ES,Federal Contract Tower,12,6,62,1,81,0,0,136,2,138,12,6,198,3,219,244,0,244,463
10/23/2020,LAL,FL,ASO,ES,Federal Contract Tower,11,12,74,5,102,0,0,118,5,123,11,12,192,10,225,230,0,230,455
10/24/2020,LAL,FL,ASO,ES,Federal Contract Tower,11,0,26,4,41,0,0,63,0,63,11,0,89,4,104,52,0,52,156
10/25/2020,LAL,FL,ASO,ES,Federal Contract Tower,9,6,33,7,55,0,0,70,0,70,9,6,103,7,125,26,0,26,151
10/26/2020,LAL,FL,ASO,ES,Federal Contract Tower,13,6,67,16,102,0,0,121,3,124,13,6,188,19,226,110,28,138,364
10/27/2020,LAL,FL,ASO,ES,Federal Contract Tower,11,7,51,5,74,0,0,113,0,113,11,7,164,5,187,182,6,188,375
10/28/2020,LAL,FL,ASO,ES,Federal Contract Tower,14,2,68,1,85,0,0,130,2,132,14,2,198,3,217,148,0,148,365
10/29/2020,LAL,FL,ASO,ES,Federal Contract Tower,13,7,55,1,76,0,0,48,0,48,13,7,103,1,124,38,2,40,164
10/30/2020,LAL,FL,ASO,ES,Federal Contract Tower,12,1,39,1,53,0,0,185,0,185,12,1,224,1,238,178,0,178,416
10/31/2020,LAL,FL,ASO,ES,Federal Contract Tower,11,0,28,1,40,0,0,89,0,89,11,0,117,1,129,174,0,174,303
11/01/2020,LAL,FL,ASO,ES,Federal Contract Tower,12,8,15,2,37,0,0,58,0,58,12,8,73,2,95,64,0,64,159
11/02/2020,LAL,FL,ASO,ES,Federal Contract Tower,12,2,35,0,49,0,0,71,0,71,12,2,106,0,120,44,0,44,164
11/03/2020,LAL,FL,ASO,ES,Federal Contract Tower,12,4,62,6,84,0,0,125,0,125,12,4,187,6,209,212,0,212,421
11/04/2020,LAL,FL,ASO,ES,Federal Contract Tower,10,2,66,8,86,0,0,116,0,116,10,2,182,8,202,156,0,156,358
11/05/2020,LAL,FL,ASO,ES,Federal Contract Tower,13,10,75,2,100,0,0,150,0,150,13,10,225,2,250,218,0,218,468
11/06/2020,LAL,FL,ASO,ES,Federal Contract Tower,16,3,71,7,97,0,0,122,0,122,16,3,193,7,219,284,0,284,503
11/07/2020,LAL,FL,ASO,ES,Federal Contract Tower,11,3,39,3,56,0,0,63,0,63,11,3,102,3,119,54,0,54,173
11/08/2020,LAL,FL,ASO,ES,Federal Contract Tower,13,14,24,6,57,0,0,20,0,20,13,14,44,6,77,78,0,78,155
11/09/2020,LAL,FL,ASO,ES,Federal Contract Tower,13,2,17,0,32,0,0,3,0,3,13,2,20,0,35,50,0,50,85
11/10/2020,LAL,FL,ASO,ES,Federal Contract Tower,10,7,47,5,69,0,0,58,0,58,10,7,105,5,127,110,14,124,251
11/11/2020,LAL,FL,ASO,ES,Federal Contract Tower,9,8,26,1,44,0,0,10,0,10,9,8,36,1,54,4,0,4,58
11/12/2020,LAL,FL,ASO,ES,Federal Contract Tower,16,3,41,0,60,0,0,21,0,21,16,3,62,0,81,60,0,60,141
11/13/2020,LAL,FL,ASO,ES,Federal Contract Tower,13,4,79,2,98,0,0,164,2,166,13,4,243,4,264,212,2,214,478
11/14/2020,LAL,FL,ASO,ES,Federal Contract Tower,14,0,39,2,55,0,0,132,0,132,14,0,171,2,187,162,0,162,349
11/15/2020,LAL,FL,ASO,ES,Federal Contract Tower,13,2,21,2,38,0,0,78,3,81,13,2,99,5,119,240,1,241,360
11/16/2020,LAL,FL,ASO,ES,Federal Contract Tower,15,3,81,2,101,0,0,120,0,120,15,3,201,2,221,128,0,128,349
11/17/2020,LAL,FL,ASO,ES,Federal Contract Tower,13,5,59,1,78,0,0,140,0,140,13,5,199,1,218,174,0,174,392
11/18/2020,LAL,FL,ASO,ES,Federal Contract Tower,16,3,64,6,89,0,0,120,0,120,16,3,184,6,209,166,0,166,375
11/19/2020,LAL,FL,ASO,ES,Federal Contract Tower,14,4,73,9,100,0,0,135,0,135,14,4,208,9,235,104,0,104,339
11/20/2020,LAL,FL,ASO,ES,Federal Contract Tower,13,4,82,7,106,0,0,163,1,164,13,4,245,8,270,200,0,200,470
11/21/2020,LAL,FL,ASO,ES,Federal Contract Tower,14,5,73,2,94,0,0,24,1,25,14,5,97,3,119,18,0,18,137
11/22/2020,LAL,FL,ASO,ES,Federal Contract Tower,12,3,29,1,45,0,0,40,0,40,12,3,69,1,85,64,0,64,149
11/23/2020,LAL,FL,ASO,ES,Federal Contract Tower,14,3,80,6,103,0,0,104,0,104,14,3,184,6,207,146,0,146,353
11/24/2020,LAL,FL,ASO,ES,Federal Contract Tower,15,8,54,3,80,0,0,156,2,158,15,8,210,5,238,194,0,194,432
11/25/2020,LAL,FL,ASO,ES,Federal Contract Tower,12,2,57,0,71,0,0,149,0,149,12,2,206,0,220,166,0,166,386
11/26/2020,LAL,FL,ASO,ES,Federal Contract Tower,9,2,15,0,26,0,0,55,0,55,9,2,70,0,81,74,0,74,155
11/27/2020,LAL,FL,ASO,ES,Federal Contract Tower,6,0,51,0,57,0,0,124,0,124,6,0,175,0,181,178,0,178,359
11/28/2020,LAL,FL,ASO,ES,Federal Contract Tower,13,4,36,0,53,0,0,86,0,86,13,4,122,0,139,118,0,118,257
11/29/2020,LAL,FL,ASO,ES,Federal Contract Tower,14,3,26,0,43,0,0,70,0,70,14,3,96,0,113,82,0,82,195
11/30/2020,LAL,FL,ASO,ES,Federal Contract Tower,13,10,36,1,60,0,0,40,0,40,13,10,76,1,100,52,0,52,152
12/01/2020,LAL,FL,ASO,ES,Federal Contract Tower,13,3,38,3,57,0,0,108,0,108,13,3,146,3,165,132,0,132,297
12/02/2020,LAL,FL,ASO,ES,Federal Contract Tower,13,5,42,3,63,0,0,172,5,177,13,5,214,8,240,154,8,162,402
12/03/2020,LAL,FL,ASO,ES,Federal Contract Tower,13,7,52,9,81,0,0,220,8,228,13,7,272,17,309,330,10,340,649
12/04/2020,LAL,FL,ASO,ES,Federal Contract Tower,13,3,34,5,55,0,0,275,4,279,13,3,309,9,334,420,0,420,754
12/05/2020,LAL,FL,ASO,ES,Federal Contract Tower,13,6,58,2,79,0,0,208,0,208,13,6,266,2,287,166,0,166,453
12/06/2020,LAL,FL,ASO,ES,Federal Contract Tower,12,1,42,2,57,0,0,172,0,172,12,1,214,2,229,82,0,82,311
12/07/2020,LAL,FL,ASO,ES,Federal Contract Tower,13,11,63,0,87,0,0,29,0,29,13,11,92,0,116,4,0,4,120
12/08/2020,LAL,FL,ASO,ES,Federal Contract Tower,12,0,78,3,93,0,0,202,1,203,12,0,280,4,296,272,6,278,574
12/09/2020,LAL,FL,ASO,ES,Federal Contract Tower,14,0,63,0,77,0,0,174,2,176,14,0,237,2,253,208,0,208,461
12/10/2020,LAL,FL,ASO,ES,Federal Contract Tower,13,11,58,0,82,0,0,187,0,187,13,11,245,0,269,238,0,238,507
12/11/2020,LAL,FL,ASO,ES,Federal Contract Tower,12,5,60,0,77,0,0,179,0,179,12,5,239,0,256,226,0,226,482
12/12/2020,LAL,FL,ASO,ES,Federal Contract Tower,13,10,44,1,68,0,0,112,0,112,13,10,156,1,180,170,0,170,350
12/14/2020,LAL,FL,ASO,ES,Federal Contract Tower,16,2,38,5,61,0,0,50,1,51,16,2,88,6,112,84,12,96,208
12/15/2020,LAL,FL,ASO,ES,Federal Contract Tower,11,2,96,3,112,0,0,122,1,123,11,2,218,4,235,170,0,170,405
12/16/2020,LAL,FL,ASO,ES,Federal Contract Tower,13,4,43,3,63,0,0,101,0,101,13,4,144,3,164,122,0,122,286
12/17/2020,LAL,FL,ASO,ES,Federal Contract Tower,12,5,76,0,93,0,0,109,0,109,12,5,185,0,202,188,0,188,390
12/18/2020,LAL,FL,ASO,ES,Federal Contract Tower,12,0,39,2,53,0,0,181,2,183,12,0,220,4,236,142,4,146,382
12/19/2020,LAL,FL,ASO,ES,Federal Contract Tower,12,0,62,0,74,0,0,160,0,160,12,0,222,0,234,186,0,186,420
12/20/2020,LAL,FL,ASO,ES,Federal Contract Tower,13,5,31,0,49,0,0,56,0,56,13,5,87,0,105,56,0,56,161
12/21/2020,LAL,FL,ASO,ES,Federal Contract Tower,13,2,55,0,70,0,0,145,0,145,13,2,200,0,215,194,0,194,409
12/22/2020,LAL,FL,ASO,ES,Federal Contract Tower,13,4,49,1,67,0,1,136,1,138,13,5,185,2,205,180,8,188,393
12/23/2020,LAL,FL,ASO,ES,Federal Contract Tower,13,4,54,0,71,0,0,153,1,154,13,4,207,1,225,108,0,108,333
12/24/2020,LAL,FL,ASO,ES,Federal Contract Tower,8,0,13,0,21,0,0,68,0,68,8,0,81,0,89,50,0,50,139
12/25/2020,LAL,FL,ASO,ES,Federal Contract Tower,0,1,6,0,7,0,0,21,0,21,0,1,27,0,28,4,0,4,32
12/26/2020,LAL,FL,ASO,ES,Federal Contract Tower,5,3,38,2,48,0,0,94,0,94,5,3,132,2,142,80,4,84,226
12/27/2020,LAL,FL,ASO,ES,Federal Contract Tower,14,5,26,0,45,0,0,84,0,84,14,5,110,0,129,86,0,86,215
12/28/2020,LAL,FL,ASO,ES,Federal Contract Tower,13,7,59,5,84,0,0,116,4,120,13,7,175,9,204,124,0,124,328
12/29/2020,LAL,FL,ASO,ES,Federal Contract Tower,12,5,51,2,70,0,0,131,2,133,12,5,182,4,203,202,6,208,411
12/30/2020,LAL,FL,ASO,ES,Federal Contract Tower,14,1,40,7,62,0,0,138,2,140,14,1,178,9,202,140,12,152,354
12/31/2020,LAL,FL,ASO,ES,Federal Contract Tower,8,4,21,0,33,0,0,65,1,66,8,4,86,1,99,60,0,60,159
01/01/2021,LAL,FL,ASO,ES,Federal Contract Tower,0,1,23,0,24,0,0,27,0,27,0,1,50,0,51,24,0,24,75
01/02/2021,LAL,FL,ASO,ES,Federal Contract Tower,5,2,22,6,35,0,0,13,0,13,5,2,35,6,48,40,0,40,88
01/03/2021,LAL,FL,ASO,ES,Federal Contract Tower,12,2,28,1,43,0,0,25,0,25,12,2,53,1,68,26,0,26,94
01/04/2021,LAL,FL,ASO,ES,Federal Contract Tower,10,4,30,5,49,0,0,162,0,162,10,4,192,5,211,164,6,170,381
01/05/2021,LAL,FL,ASO,ES,Federal Contract Tower,12,0,41,0,53,0,0,143,0,143,12,0,184,0,196,162,0,162,358
01/06/2021,LAL,FL,ASO,ES,Federal Contract Tower,11,4,67,1,83,0,0,177,0,177,11,4,244,1,260,244,0,244,504
01/07/2021,LAL,FL,ASO,ES,Federal Contract Tower,13,3,49,6,71,0,0,132,0,132,13,3,181,6,203,146,2,148,351
01/08/2021,LAL,FL,ASO,ES,Federal Contract Tower,14,9,50,18,91,0,0,129,3,132,14,9,179,21,223,152,42,194,417
01/09/2021,LAL,FL,ASO,ES,Federal Contract Tower,14,2,36,0,52,0,0,102,0,102,14,2,138,0,154,168,0,168,322
01/10/2021,LAL,FL,ASO,ES,Federal Contract Tower,16,4,41,4,65,0,0,101,0,101,16,4,142,4,166,136,0,136,302
01/11/2021,LAL,FL,ASO,ES,Federal Contract Tower,15,2,41,13,71,0,0,140,0,140,15,2,181,13,211,192,4,196,407
01/12/2021,LAL,FL,ASO,ES,Federal Contract Tower,12,5,50,6,73,0,0,62,3,65,12,5,112,9,138,120,18,138,276
01/13/2021,LAL,FL,ASO,ES,Federal Contract Tower,13,4,39,5,61,0,0,10,0,10,13,4,49,5,71,18,0,18,89
01/14/2021,LAL,FL,ASO,ES,Federal Contract Tower,12,0,85,0,97,0,0,202,2,204,12,0,287,2,301,288,0,288,589
01/15/2021,LAL,FL,ASO,ES,Federal Contract Tower,17,3,47,0,67,0,0,155,0,155,17,3,202,0,222,84,0,84,306
01/16/2021,LAL,FL,ASO,ES,Federal Contract Tower,12,1,20,2,35,0,0,82,0,82,12,1,102,2,117,28,0,28,145
01/17/2021,LAL,FL,ASO,ES,Federal Contract Tower,11,4,29,2,46,0,0,84,0,84,11,4,113,2,130,74,0,74,204
01/18/2021,LAL,FL,ASO,ES,Federal Contract Tower,13,2,37,2,54,0,0,137,0,137,13,2,174,2,191,108,0,108,299
01/19/2021,LAL,FL,ASO,ES,Federal Contract Tower,12,6,53,3,74,0,0,166,0,166,12,6,219,3,240,134,0,134,374
01/20/2021,LAL,FL,ASO,ES,Federal Contract Tower,13,0,63,5,81,0,0,168,0,168,13,0,231,5,249,110,0,110,359
01/21/2021,LAL,FL,ASO,ES,Federal Contract Tower,16,1,41,1,59,0,0,191,0,191,16,1,232,1,250,172,0,172,422
01/22/2021,LAL,FL,ASO,ES,Federal Contract Tower,15,8,43,16,82,0,0,178,0,178,15,8,221,16,260,154,4,158,418
01/23/2021,LAL,FL,ASO,ES,Federal Contract Tower,13,1,26,1,41,0,0,16,0,16,13,1,42,1,57,28,0,28,85
01/24/2021,LAL,FL,ASO,ES,Federal Contract Tower,11,6,22,2,41,0,0,65,5,70,11,6,87,7,111,60,2,62,173
01/25/2021,LAL,FL,ASO,ES,Federal Contract Tower,13,2,49,4,68,0,0,97,0,97,13,2,146,4,165,118,0,118,283
01/26/2021,LAL,FL,ASO,ES,Federal Contract Tower,14,4,42,1,61,0,0,62,0,62,14,4,104,1,123,40,0,40,163
01/27/2021,LAL,FL,ASO,ES,Federal Contract Tower,15,1,52,0,68,0,0,93,2,95,15,1,145,2,163,85,8,93,256
01/28/2021,LAL,FL,ASO,ES,Federal Contract Tower,16,6,63,0,85,0,0,160,0,160,16,6,223,0,245,134,0,134,379
01/29/2021,LAL,FL,ASO,ES,Federal Contract Tower,15,2,70,1,88,0,0,220,0,220,15,2,290,1,308,258,0,258,566
01/30/2021,LAL,FL,ASO,ES,Federal Contract Tower,11,1,21,3,36,0,0,164,0,164,11,1,185,3,200,116,2,118,318
01/31/2021,LAL,FL,ASO,ES,Federal Contract Tower,13,1,14,4,32,0,0,57,0,57,13,1,71,4,89,34,0,34,123
02/01/2021,LAL,FL,ASO,ES,Federal Contract Tower,17,4,27,2,50,0,0,27,0,27,17,4,54,2,77,8,0,8,85
02/02/2021,LAL,FL,ASO,ES,Federal Contract Tower,14,4,28,6,52,0,0,65,0,65,14,4,93,6,117,60,0,60,177
02/03/2021,LAL,FL,ASO,ES,Federal Contract Tower,11,5,25,2,43,0,0,166,0,166,11,5,191,2,209,94,0,94,303
02/04/2021,LAL,FL,ASO,ES,Federal Contract Tower,16,14,50,0,80,0,0,178,0,178,16,14,228,0,258,228,0,228,486
02/05/2021,LAL,FL,ASO,ES,Federal Contract Tower,13,11,37,0,61,0,0,191,4,195,13,11,228,4,256,154,0,154,410
02/06/2021,LAL,FL,ASO,ES,Federal Contract Tower,12,3,27,1,43,0,0,14,0,14,12,3,41,1,57,2,0,2,59
02/07/2021,LAL,FL,ASO,ES,Federal Contract Tower,14,13,20,0,47,0,0,25,0,25,14,13,45,0,72,28,0,28,100
02/08/2021,LAL,FL,ASO,ES,Federal Contract Tower,12,14,58,4,88,0,0,48,4,52,12,14,106,8,140,186,0,186,326
02/09/2021,LAL,FL,ASO,ES,Federal Contract Tower,13,5,46,3,67,0,0,125,1,126,13,5,171,4,193,122,14,136,329
02/10/2021,LAL,FL,ASO,ES,Federal Contract Tower,15,8,50,0,73,0,0,141,0,141,15,8,191,0,214,170,0,170,384
02/11/2021,LAL,FL,ASO,ES,Federal Contract Tower,12,4,76,4,96,0,0,185,0,185,12,4,261,4,281,186,0,186,467
02/12/2021,LAL,FL,ASO,ES,Federal Contract Tower,14,9,84,5,112,0,0,120,4,124,14,9,204,9,236,258,34,292,528
02/13/2021,LAL,FL,ASO,ES,Federal Contract Tower,12,3,12,1,28,0,0,41,0,41,12,3,53,1,69,66,0,66,135
02/14/2021,LAL,FL,ASO,ES,Federal Contract Tower,13,3,9,2,27,0,0,15,2,17,13,3,24,4,44,20,0,20,64
02/15/2021,LAL,FL,ASO,ES,Federal Contract Tower,13,1,12,2,28,0,0,45,0,45,13,1,57,2,73,12,0,12,85
02/16/2021,LAL,FL,ASO,ES,Federal Contract Tower,13,4,49,3,69,0,0,123,2,125,13,4,172,5,194,204,32,236,430
02/17/2021,LAL,FL,ASO,ES,Federal Contract Tower,10,2,63,9,84,0,0,92,1,93,10,2,155,10,177,60,0,60,237
02/18/2021,LAL,FL,ASO,ES,Federal Contract Tower,16,4,49,10,79,0,0,113,1,114,16,4,162,11,193,144,8,152,345
02/19/2021,LAL,FL,ASO,ES,Federal Contract Tower,13,4,54,2,73,0,0,8,0,8,13,4,62,2,81,6,0,6,87
02/20/2021,LAL,FL,ASO,ES,Federal Contract Tower,13,3,57,1,74,0,0,145,0,145,13,3,202,1,219,122,26,148,367
02/21/2021,LAL,FL,ASO,ES,Federal Contract Tower,11,5,54,2,72,0,0,69,0,69,11,5,123,2,141,34,0,34,175
02/22/2021,LAL,FL,ASO,ES,Federal Contract Tower,14,4,49,2,69,0,0,151,2,153,14,4,200,4,222,198,0,198,420
02/23/2021,LAL,FL,ASO,ES,Federal Contract Tower,14,6,51,0,71,0,0,207,2,209,14,6,258,2,280,274,6,280,560
02/24/2021,LAL,FL,ASO,ES,Federal Contract Tower,13,2,59,1,75,0,0,212,4,216,13,2,271,5,291,244,0,244,535
02/25/2021,LAL,FL,ASO,ES,Federal Contract Tower,16,6,57,1,80,0,0,210,0,210,16,6,267,1,290,208,0,208,498
02/26/2021,LAL,FL,ASO,ES,Federal Contract Tower,13,5,72,2,92,0,0,192,2,194,13,5,264,4,286,170,4,174,460
02/27/2021,LAL,FL,ASO,ES,Federal Contract Tower,12,4,26,0,42,0,0,118,0,118,12,4,144,0,160,116,0,116,276
02/28/2021,LAL,FL,ASO,ES,Federal Contract Tower,12,8,29,1,50,0,0,93,0,93,12,8,122,1,143,102,0,102,245
03/01/2021,LAL,FL,ASO,ES,Federal Contract Tower,13,6,44,2,65,0,0,105,0,105,13,6,149,2,170,116,16,132,302
03/02/2021,LAL,FL,ASO,ES,Federal Contract Tower,12,2,77,4,95,0,0,117,0,117,12,2,194,4,212,200,8,208,420
03/03/2021,LAL,FL,ASO,ES,Federal Contract Tower,13,2,60,1,76,0,0,74,0,74,13,2,134,1,150,124,0,124,274
03/04/2021,LAL,FL,ASO,ES,Federal Contract Tower,16,3,68,10,97,0,0,164,2,166,16,3,232,12,263,226,20,246,509
03/05/2021,LAL,FL,ASO,ES,Federal Contract Tower,11,7,56,2,76,0,0,207,0,207,11,7,263,2,283,268,0,268,551
03/06/2021,LAL,FL,ASO,ES,Federal Contract Tower,14,5,17,0,36,0,0,40,0,40,14,5,57,0,76,70,0,70,146
03/07/2021,LAL,FL,ASO,ES,Federal Contract Tower,12,10,36,0,58,0,0,38,0,38,12,10,74,0,96,4,0,4,100
03/08/2021,LAL,FL,ASO,ES,Federal Contract Tower,12,8,44,4,68,0,0,129,0,129,12,8,173,4,197,134,0,134,331
03/09/2021,LAL,FL,ASO,ES,Federal Contract Tower,14,8,54,3,79,0,0,152,0,152,14,8,206,3,231,200,0,200,431
03/10/2021,LAL,FL,ASO,ES,Federal Contract Tower,14,8,63,4,89,0,0,173,0,173,14,8,236,4,262,198,0,198,460
03/11/2021,LAL,FL,ASO,ES,Federal Contract Tower,15,8,83,3,109,0,0,150,1,151,15,8,233,4,260,260,6,266,526
03/12/2021,LAL,FL,ASO,ES,Federal Contract Tower,12,3,60,0,75,0,0,231,2,233,12,3,291,2,308,290,0,290,598
03/13/2021,LAL,FL,ASO,ES,Federal Contract Tower,11,4,39,0,54,0,0,166,0,166,11,4,205,0,220,200,0,200,420
03/14/2021,LAL,FL,ASO,ES,Federal Contract Tower,13,4,35,1,53,0,0,83,0,83,13,4,118,1,136,48,0,48,184
03/15/2021,LAL,FL,ASO,ES,Federal Contract Tower,12,6,39,0,57,0,0,158,0,158,12,6,197,0,215,190,0,190,405
03/16/2021,LAL,FL,ASO,ES,Federal Contract Tower,15,5,54,5,79,0,0,143,0,143,15,5,197,5,222,146,18,164,386
03/17/2021,LAL,FL,ASO,ES,Federal Contract Tower,12,2,42,2,58,0,0,113,0,113,12,2,155,2,171,166,0,166,337
03/18/2021,LAL,FL,ASO,ES,Federal Contract Tower,17,4,29,2,52,0,0,26,2,28,17,4,55,4,80,6,0,6,86
03/19/2021,LAL,FL,ASO,ES,Federal Contract Tower,21,3,57,5,86,0,0,161,0,161,21,3,218,5,247,170,2,172,419
03/20/2021,LAL,FL,ASO,ES,Federal Contract Tower,18,7,38,3,66,0,0,61,0,61,18,7,99,3,127,24,2,26,153
03/21/2021,LAL,FL,ASO,ES,Federal Contract Tower,21,2,41,1,65,0,0,17,0,17,21,2,58,1,82,14,0,14,96
03/22/2021,LAL,FL,ASO,ES,Federal Contract Tower,21,3,54,3,81,0,0,27,0,27,21,3,81,3,108,12,0,12,120
03/23/2021,LAL,FL,ASO,ES,Federal Contract Tower,21,0,78,3,102,0,0,172,0,172,21,0,250,3,274,226,0,226,500
03/24/2021,LAL,FL,ASO,ES,Federal Contract Tower,28,4,67,2,101,0,0,159,4,163,28,4,226,6,264,162,0,162,426
03/25/2021,LAL,FL,ASO,ES,Federal Contract Tower,23,4,52,1,80,0,0,88,0,88,23,4,140,1,168,78,0,78,246
03/26/2021,LAL,FL,ASO,ES,Federal Contract Tower,21,4,61,12,98,0,0,127,0,127,21,4,188,12,225,250,0,250,475
03/27/2021,LAL,FL,ASO,ES,Federal Contract Tower,19,8,36,1,64,0,0,86,0,86,19,8,122,1,150,80,0,80,230
03/28/2021,LAL,FL,ASO,ES,Federal Contract Tower,19,5,20,2,46,0,0,40,0,40,19,5,60,2,86,52,0,52,138
03/29/2021,LAL,FL,ASO,ES,Federal Contract Tower,24,4,59,3,90,0,0,84,0,84,24,4,143,3,174,158,6,164,338
03/30/2021,LAL,FL,ASO,ES,Federal Contract Tower,23,9,51,2,85,0,0,119,0,119,23,9,170,2,204,222,0,222,426
03/31/2021,LAL,FL,ASO,ES,Federal Contract Tower,20,8,55,1,84,0,0,130,0,130,20,8,185,1,214,172,4,176,390
04/01/2021,LAL,FL,ASO,ES,Federal Contract Tower,25,6,61,1,93,0,0,37,1,38,25,6,98,2,131,48,8,56,187
04/02/2021,LAL,FL,ASO,ES,Federal Contract Tower,19,5,41,0,65,0,0,89,0,89,19,5,130,0,154,82,0,82,236
04/03/2021,LAL,FL,ASO,ES,Federal Contract Tower,22,10,32,0,64,0,0,69,0,69,22,10,101,0,133,42,0,42,175
04/04/2021,LAL,FL,ASO,ES,Federal Contract Tower,21,5,21,0,47,0,0,79,0,79,21,5,100,0,126,76,0,76,202
04/05/2021,LAL,FL,ASO,ES,Federal Contract Tower,23,7,47,1,78,0,0,149,2,151,23,7,196,3,229,236,0,236,465
04/06/2021,LAL,FL,ASO,ES,Federal Contract Tower,19,12,64,1,96,0,0,190,3,193,19,12,254,4,289,228,0,228,517
04/07/2021,LAL,FL,ASO,ES,Federal Contract Tower,22,4,76,0,102,0,0,177,0,177,22,4,253,0,279,154,0,154,433
04/08/2021,LAL,FL,ASO,ES,Federal Contract Tower,21,3,72,1,97,0,0,201,1,202,21,3,273,2,299,194,0,194,493
04/09/2021,LAL,FL,ASO,ES,Federal Contract Tower,20,6,55,9,90,0,0,194,2,196,20,6,249,11,286,114,0,114,400
04/10/2021,LAL,FL,ASO,ES,Federal Contract Tower,19,1,20,0,40,0,0,92,0,92,19,1,112,0,132,4,0,4,136
04/11/2021,LAL,FL,ASO,ES,Federal Contract Tower,20,4,28,2,54,0,0,27,1,28,20,4,55,3,82,10,0,10,92
04/12/2021,LAL,FL,ASO,ES,Federal Contract Tower,23,0,4,0,27,0,0,622,0,622,23,0,626,0,649,0,0,0,649
04/13/2021,LAL,FL,ASO,ES,Federal Contract Tower,22,0,1,0,23,0,0,616,0,616,22,0,617,0,639,0,0,0,639
04/14/2021,LAL,FL,ASO,ES,Federal Contract Tower,22,0,1,0,23,0,0,1236,0,1236,22,0,1237,0,1259,0,0,0,1259
04/15/2021,LAL,FL,ASO,ES,Federal Contract Tower,21,0,3,1,25,0,0,757,0,757,21,0,760,1,782,0,0,0,782
04/16/2021,LAL,FL,ASO,ES,Federal Contract Tower,20,0,0,1,21,0,0,970,0,970,20,0,970,1,991,0,0,0,991
04/17/2021,LAL,FL,ASO,ES,Federal Contract Tower,22,0,0,0,22,0,0,693,0,693,22,0,693,0,715,0,0,0,715
04/18/2021,LAL,FL,ASO,ES,Federal Contract Tower,22,0,0,0,22,0,0,748,0,748,22,0,748,0,770,0,0,0,770
04/19/2021,LAL,FL,ASO,ES,Federal Contract Tower,21,1,47,5,74,0,0,78,3,81,21,1,125,8,155,126,0,126,281
04/20/2021,LAL,FL,ASO,ES,Federal Contract Tower,19,7,28,2,56,0,0,19,0,19,19,7,47,2,75,18,0,18,93
04/21/2021,LAL,FL,ASO,ES,Federal Contract Tower,21,5,40,5,71,2,0,193,1,196,23,5,233,6,267,160,0,160,427
04/22/2021,LAL,FL,ASO,ES,Federal Contract Tower,23,3,49,3,78,0,0,224,6,230,23,3,273,9,308,196,4,200,508
04/23/2021,LAL,FL,ASO,ES,Federal Contract Tower,19,5,65,6,95,0,0,171,3,174,19,5,236,9,269,194,0,194,463
04/24/2021,LAL,FL,ASO,ES,Federal Contract Tower,17,1,26,0,44,0,0,76,0,76,17,1,102,0,120,56,0,56,176
04/25/2021,LAL,FL,ASO,ES,Federal Contract Tower,16,1,26,2,45,0,0,24,0,24,16,1,50,2,69,20,0,20,89
04/26/2021,LAL,FL,ASO,ES,Federal Contract Tower,21,3,56,2,82,0,0,200,6,206,21,3,256,8,288,198,24,222,510
04/27/2021,LAL,FL,ASO,ES,Federal Contract Tower,23,3,43,4,73,0,0,192,2,194,23,3,235,6,267,228,0,228,495
04/28/2021,LAL,FL,ASO,ES,Federal Contract Tower,21,0,59,6,86,0,0,181,3,184,21,0,240,9,270,256,8,264,534
04/29/2021,LAL,FL,ASO,ES,Federal Contract Tower,26,1,55,3,85,0,0,165,5,170,26,1,220,8,255,224,11,235,490
04/30/2021,LAL,FL,ASO,ES,Federal Contract Tower,20,6,36,4,66,0,0,173,2,175,20,6,209,6,241,174,0,174,415
05/01/2021,LAL,FL,ASO,ES,Federal Contract Tower,24,0,26,2,52,0,0,92,0,92,24,0,118,2,144,120,0,120,264
05/02/2021,LAL,FL,ASO,ES,Federal Contract Tower,19,4,21,2,46,0,46,0,0,46,19,50,21,2,92,42,2,44,136
05/03/2021,LAL,FL,ASO,ES,Federal Contract Tower,21,6,30,6,63,0,0,94,0,94,21,6,124,6,157,88,98,186,343
05/04/2021,LAL,FL,ASO,ES,Federal Contract Tower,20,3,43,2,68,0,0,146,1,147,20,3,189,3,215,170,0,170,385
05/05/2021,LAL,FL,ASO,ES,Federal Contract Tower,22,8,41,1,72,0,0,98,0,98,22,8,139,1,170,208,2,210,380
05/06/2021,LAL,FL,ASO,ES,Federal Contract Tower,19,7,40,0,66,0,0,79,0,79,19,7,119,0,145,156,0,156,301
05/07/2021,LAL,FL,ASO,ES,Federal Contract Tower,19,8,19,2,48,0,0,122,0,122,19,8,141,2,170,98,0,98,268
05/08/2021,LAL,FL,ASO,ES,Federal Contract Tower,20,4,41,7,72,0,0,93,0,93,20,4,134,7,165,34,0,34,199
05/09/2021,LAL,FL,ASO,ES,Federal Contract Tower,21,3,14,0,38,0,0,50,0,50,21,3,64,0,88,84,0,84,172
05/10/2021,LAL,FL,ASO,ES,Federal Contract Tower,21,3,32,1,57,0,0,133,1,134,21,3,165,2,191,154,8,162,353
05/11/2021,LAL,FL,ASO,ES,Federal Contract Tower,20,2,36,1,59,0,0,122,2,124,20,2,158,3,183,132,8,140,323
05/12/2021,LAL,FL,ASO,ES,Federal Contract Tower,19,10,48,3,80,0,0,127,2,129,19,10,175,5,209,182,2,184,393
05/13/2021,LAL,FL,ASO,ES,Federal Contract Tower,20,8,52,2,82,0,0,65,0,65,20,8,117,2,147,105,0,105,252
05/14/2021,LAL,FL,ASO,ES,Federal Contract Tower,21,11,36,4,72,0,0,187,0,187,21,11,223,4,259,138,2,140,399
05/15/2021,LAL,FL,ASO,ES,Federal Contract Tower,23,8,50,2,83,0,0,99,0,99,23,8,149,2,182,110,0,110,292
05/16/2021,LAL,FL,ASO,ES,Federal Contract Tower,20,5,24,0,49,0,0,50,0,50,20,5,74,0,99,74,0,74,173
05/17/2021,LAL,FL,ASO,ES,Federal Contract Tower,22,2,36,2,62,0,0,126,2,128,22,2,162,4,190,188,0,188,378
05/18/2021,LAL,FL,ASO,ES,Federal Contract Tower,22,7,49,2,80,0,0,99,1,100,22,7,148,3,180,94,0,94,274
05/19/2021,LAL,FL,ASO,ES,Federal Contract Tower,21,3,42,7,73,0,0,95,0,95,21,3,137,7,168,38,16,54,222
05/20/2021,LAL,FL,ASO,ES,Federal Contract Tower,21,16,51,2,90,0,0,101,0,101,21,16,152,2,191,98,0,98,289
05/21/2021,LAL,FL,ASO,ES,Federal Contract Tower,22,12,47,3,84,0,0,96,2,98,22,12,143,5,182,74,0,74,256
05/22/2021,LAL,FL,ASO,ES,Federal Contract Tower,24,2,20,0,46,0,0,88,0,88,24,2,108,0,134,96,0,96,230
05/23/2021,LAL,FL,ASO,ES,Federal Contract Tower,23,7,34,1,65,0,0,90,0,90,23,7,124,1,155,110,0,110,265
05/24/2021,LAL,FL,ASO,ES,Federal Contract Tower,22,7,32,8,69,0,0,188,2,190,22,7,220,10,259,202,8,210,469
05/25/2021,LAL,FL,ASO,ES,Federal Contract Tower,21,5,49,4,79,0,0,171,0,171,21,5,220,4,250,174,0,174,424
05/26/2021,LAL,FL,ASO,ES,Federal Contract Tower,22,5,31,1,59,0,0,139,6,145,22,5,170,7,204,312,0,312,516
05/27/2021,LAL,FL,ASO,ES,Federal Contract Tower,25,3,50,3,81,0,0,190,2,192,25,3,240,5,273,226,12,238,511
05/28/2021,LAL,FL,ASO,ES,Federal Contract Tower,22,4,45,2,73,0,0,150,1,151,22,4,195,3,224,202,0,202,426
05/29/2021,LAL,FL,ASO,ES,Federal Contract Tower,22,2,32,1,57,0,0,96,0,96,22,2,128,1,153,176,0,176,329
05/30/2021,LAL,FL,ASO,ES,Federal Contract Tower,20,0,13,0,33,0,0,52,0,52,20,0,65,0,85,104,0,104,189
05/31/2021,LAL,FL,ASO,ES,Federal Contract Tower,21,8,27,0,56,0,0,71,0,71,21,8,98,0,127,152,0,152,279
06/01/2021,LAL,FL,ASO,ES,Federal Contract Tower,23,7,29,1,60,0,0,117,1,118,23,7,146,2,178,122,16,138,316
06/02/2021,LAL,FL,ASO,ES,Federal Contract Tower,22,2,29,7,60,0,0,94,2,96,22,2,123,9,156,136,32,168,324
06/03/2021,LAL,FL,ASO,ES,Federal Contract Tower,22,7,39,12,80,0,0,104,2,106,22,7,143,14,186,122,8,130,316
06/04/2021,LAL,FL,ASO,ES,Federal Contract Tower,21,6,33,16,76,0,0,72,2,74,21,6,105,18,150,42,8,50,200
06/05/2021,LAL,FL,ASO,ES,Federal Contract Tower,22,3,28,1,54,0,0,103,0,103,22,3,131,1,157,74,0,74,231
06/06/2021,LAL,FL,ASO,ES,Federal Contract Tower,24,4,19,2,49,0,0,43,0,43,24,4,62,2,92,64,0,64,156
06/07/2021,LAL,FL,ASO,ES,Federal Contract Tower,22,6,61,4,93,0,0,99,1,100,22,6,160,5,193,164,0,164,357
06/08/2021,LAL,FL,ASO,ES,Federal Contract Tower,26,8,43,5,82,0,0,143,7,150,26,8,186,12,232,128,26,154,386
06/09/2021,LAL,FL,ASO,ES,Federal Contract Tower,22,3,40,0,65,0,0,173,0,173,22,3,213,0,238,198,0,198,436
06/10/2021,LAL,FL,ASO,ES,Federal Contract Tower,22,9,48,0,79,0,0,186,0,186,22,9,234,0,265,242,0,242,507
06/11/2021,LAL,FL,ASO,ES,Federal Contract Tower,22,5,35,8,70,0,0,155,2,157,22,5,190,10,227,200,0,200,427
06/12/2021,LAL,FL,ASO,ES,Federal Contract Tower,22,3,32,0,57,0,0,130,0,130,22,3,162,0,187,172,0,172,359
06/13/2021,LAL,FL,ASO,ES,Federal Contract Tower,19,7,29,8,63,0,0,53,1,54,19,7,82,9,117,28,12,40,157
06/14/2021,LAL,FL,ASO,ES,Federal Contract Tower,22,8,23,2,55,0,0,65,0,65,22,8,88,2,120,204,0,204,324
06/15/2021,LAL,FL,ASO,ES,Federal Contract Tower,23,6,20,5,54,0,0,49,1,50,23,6,69,6,104,82,12,94,198
06/16/2021,LAL,FL,ASO,ES,Federal Contract Tower,21,6,32,2,61,0,0,119,0,119,21,6,151,2,180,140,8,148,328
06/17/2021,LAL,FL,ASO,ES,Federal Contract Tower,21,5,50,6,82,0,0,129,2,131,21,5,179,8,213,184,10,194,407
06/18/2021,LAL,FL,ASO,ES,Federal Contract Tower,21,5,60,0,86,0,0,184,1,185,21,5,244,1,271,248,0,248,519
06/19/2021,LAL,FL,ASO,ES,Federal Contract Tower,20,3,44,0,67,0,0,103,0,103,20,3,147,0,170,138,0,138,308
06/20/2021,LAL,FL,ASO,ES,Federal Contract Tower,22,4,18,0,44,0,0,42,0,42,22,4,60,0,86,54,0,54,140
06/21/2021,LAL,FL,ASO,ES,Federal Contract Tower,22,7,32,7,68,0,0,108,2,110,22,7,140,9,178,232,32,264,442
06/22/2021,LAL,FL,ASO,ES,Federal Contract Tower,21,6,42,5,74,0,0,98,5,103,21,6,140,10,177,168,26,194,371
06/23/2021,LAL,FL,ASO,ES,Federal Contract Tower,17,8,53,9,87,0,0,133,0,133,17,8,186,9,220,270,2,272,492
06/24/2021,LAL,FL,ASO,ES,Federal Contract Tower,22,6,49,4,81,0,0,107,0,107,22,6,156,4,188,176,0,176,364
06/25/2021,LAL,FL,ASO,ES,Federal Contract Tower,22,7,38,6,73,0,0,37,0,37,22,7,75,6,110,48,0,48,158
06/26/2021,LAL,FL,ASO,ES,Federal Contract Tower,23,1,50,3,77,0,0,60,0,60,23,1,110,3,137,94,0,94,231
06/27/2021,LAL,FL,ASO,ES,Federal Contract Tower,22,11,22,0,55,0,0,67,0,67,22,11,89,0,122,84,0,84,206
06/28/2021,LAL,FL,ASO,ES,Federal Contract Tower,22,8,13,0,43,0,0,145,0,145,22,8,158,0,188,216,0,216,404
06/29/2021,LAL,FL,ASO,ES,Federal Contract Tower,20,5,26,1,52,0,0,80,0,80,20,5,106,1,132,154,0,154,286
06/30/2021,LAL,FL,ASO,ES,Federal Contract Tower,22,4,32,2,60,0,0,113,2,115,22,4,145,4,175,194,0,194,369
07/01/2021,LAL,FL,ASO,ES,Federal Contract Tower,22,8,47,2,79,0,0,120,2,122,22,8,167,4,201,202,2,204,405
07/02/2021,LAL,FL,ASO,ES,Federal Contract Tower,25,5,35,3,68,0,0,109,1,110,25,5,144,4,178,242,0,242,420
07/03/2021,LAL,FL,ASO,ES,Federal Contract Tower,9,2,7,5,23,0,0,32,0,32,9,2,39,5,55,46,0,46,101
07/04/2021,LAL,FL,ASO,ES,Federal Contract Tower,0,2,15,1,18,0,0,45,0,45,0,2,60,1,63,68,0,68,131
07/05/2021,LAL,FL,ASO,ES,Federal Contract Tower,12,5,23,1,41,0,0,126,0,126,12,5,149,1,167,214,2,216,383
07/07/2021,LAL,FL,ASO,ES,Federal Contract Tower,2,2,1,0,5,0,0,9,0,9,2,2,10,0,14,0,0,0,14
07/08/2021,LAL,FL,ASO,ES,Federal Contract Tower,20,1,31,2,54,0,0,58,0,58,20,1,89,2,112,104,0,104,216
07/09/2021,LAL,FL,ASO,ES,Federal Contract Tower,22,7,45,6,80,0,0,157,1,158,22,7,202,7,238,186,0,186,424
07/10/2021,LAL,FL,ASO,ES,Federal Contract Tower,17,2,28,0,47,0,0,178,0,178,17,2,206,0,225,250,0,250,475
07/11/2021,LAL,FL,ASO,ES,Federal Contract Tower,22,9,17,2,50,0,0,101,0,101,22,9,118,2,151,114,0,114,265
07/12/2021,LAL,FL,ASO,ES,Federal Contract Tower,20,5,27,0,52,0,0,113,0,113,20,5,140,0,165,172,0,172,337
07/13/2021,LAL,FL,ASO,ES,Federal Contract Tower,24,0,33,0,57,0,0,134,4,138,24,0,167,4,195,178,0,178,373
07/14/2021,LAL,FL,ASO,ES,Federal Contract Tower,21,14,32,0,67,0,0,84,0,84,21,14,116,0,151,148,0,148,299
07/15/2021,LAL,FL,ASO,ES,Federal Contract Tower,22,8,54,1,85,0,0,153,1,154,22,8,207,2,239,217,12,229,468
07/16/2021,LAL,FL,ASO,ES,Federal Contract Tower,22,4,46,5,77,0,0,157,0,157,22,4,203,5,234,232,0,232,466
07/17/2021,LAL,FL,ASO,ES,Federal Contract Tower,23,3,30,0,56,0,0,134,0,134,23,3,164,0,190,230,0,230,420
07/18/2021,LAL,FL,ASO,ES,Federal Contract Tower,20,6,20,11,57,0,0,83,1,84,20,6,103,12,141,202,0,202,343
07/19/2021,LAL,FL,ASO,ES,Federal Contract Tower,21,5,20,5,51,0,0,85,0,85,21,5,105,5,136,148,0,148,284
07/20/2021,LAL,FL,ASO,ES,Federal Contract Tower,22,3,25,10,60,0,0,116,3,119,22,3,141,13,179,218,0,218,397
07/21/2021,LAL,FL,ASO,ES,Federal Contract Tower,21,3,29,5,58,0,0,140,0,140,21,3,169,5,198,208,0,208,406
07/22/2021,LAL,FL,ASO,ES,Federal Contract Tower,22,4,43,4,73,0,0,171,0,171,22,4,214,4,244,174,0,174,418
07/23/2021,LAL,FL,ASO,ES,Federal Contract Tower,18,6,39,0,63,0,0,99,0,99,18,6,138,0,162,202,0,202,364
07/24/2021,LAL,FL,ASO,ES,Federal Contract Tower,21,3,31,2,57,0,0,84,1,85,21,3,115,3,142,92,0,92,234
07/25/2021,LAL,FL,ASO,ES,Federal Contract Tower,21,4,9,0,34,0,0,52,0,52,21,4,61,0,86,112,0,112,198
07/26/2021,LAL,FL,ASO,ES,Federal Contract Tower,20,3,34,1,58,0,0,92,3,95,20,3,126,4,153,166,6,172,325
07/27/2021,LAL,FL,ASO,ES,Federal Contract Tower,21,3,34,1,59,0,0,105,0,105,21,3,139,1,164,196,0,196,360
07/28/2021,LAL,FL,ASO,ES,Federal Contract Tower,18,1,38,6,63,0,0,65,1,66,18,1,103,7,129,148,0,148,277
07/29/2021,LAL,FL,ASO,ES,Federal Contract Tower,20,3,52,4,79,0,0,72,1,73,20,3,124,5,152,96,0,96,248
07/30/2021,LAL,FL,ASO,ES,Federal Contract Tower,21,3,55,1,80,0,0,150,1,151,21,3,205,2,231,182,0,182,413
07/31/2021,LAL,FL,ASO,ES,Federal Contract Tower,19,5,59,0,83,0,0,86,1,87,19,5,145,1,170,232,0,232,402
08/01/2021,LAL,FL,ASO,ES,Federal Contract Tower,22,6,19,0,47,0,0,64,3,67,22,6,83,3,114,140,0,140,254
08/02/2021,LAL,FL,ASO,ES,Federal Contract Tower,21,3,30,1,55,0,0,76,1,77,21,3,106,2,132,136,0,136,268
08/03/2021,LAL,FL,ASO,ES,Federal Contract Tower,21,8,25,0,54,0,0,44,0,44,21,8,69,0,98,50,0,50,148
08/04/2021,LAL,FL,ASO,ES,Federal Contract Tower,23,1,20,7,51,0,0,26,0,26,23,1,46,7,77,14,6,20,97
08/05/2021,LAL,FL,ASO,ES,Federal Contract Tower,24,0,62,5,91,0,0,118,1,119,24,0,180,6,210,182,6,188,398
08/06/2021,LAL,FL,ASO,ES,Federal Contract Tower,24,14,46,4,88,0,0,165,5,170,24,14,211,9,258,138,0,138,396
08/07/2021,LAL,FL,ASO,ES,Federal Contract Tower,23,10,28,0,61,0,0,100,2,102,23,10,128,2,163,240,0,240,403
08/08/2021,LAL,FL,ASO,ES,Federal Contract Tower,23,2,48,2,75,0,0,73,0,73,23,2,121,2,148,148,0,148,296
08/09/2021,LAL,FL,ASO,ES,Federal Contract Tower,24,4,22,0,50,0,0,130,4,134,24,4,152,4,184,128,16,144,328
08/10/2021,LAL,FL,ASO,ES,Federal Contract Tower,23,2,37,3,65,0,0,105,1,106,23,2,142,4,171,144,0,144,315
08/11/2021,LAL,FL,ASO,ES,Federal Contract Tower,19,7,42,2,70,0,0,126,2,128,19,7,168,4,198,266,2,268,466
08/12/2021,LAL,FL,ASO,ES,Federal Contract Tower,22,3,37,8,70,0,0,125,2,127,22,3,162,10,197,142,0,142,339
08/13/2021,LAL,FL,ASO,ES,Federal Contract Tower,21,8,24,7,60,0,0,83,1,84,21,8,107,8,144,66,12,78,222
08/14/2021,LAL,FL,ASO,ES,Federal Contract Tower,18,6,25,0,49,0,0,58,0,58,18,6,83,0,107,46,0,46,153
08/15/2021,LAL,FL,ASO,ES,Federal Contract Tower,25,6,15,0,46,0,0,24,0,24,25,6,39,0,70,28,0,28,98
08/16/2021,LAL,FL,ASO,ES,Federal Contract Tower,23,1,24,5,53,0,0,59,3,62,23,1,83,8,115,106,0,106,221
08/17/2021,LAL,FL,ASO,ES,Federal Contract Tower,23,6,40,4,73,0,0,89,7,96,23,6,129,11,169,102,20,122,291
08/18/2021,LAL,FL,ASO,ES,Federal Contract Tower,27,2,50,9,88,0,0,124,7,131,27,2,174,16,219,150,10,160,379
08/19/2021,LAL,FL,ASO,ES,Federal Contract Tower,23,9,49,2,83,0,0,157,4,161,23,9,206,6,244,258,0,258,502
08/20/2021,LAL,FL,ASO,ES,Federal Contract Tower,28,3,33,6,70,0,0,135,2,137,28,3,168,8,207,140,0,140,347
08/21/2021,LAL,FL,ASO,ES,Federal Contract Tower,24,6,20,4,54,0,0,84,0,84,24,6,104,4,138,128,0,128,266
08/22/2021,LAL,FL,ASO,ES,Federal Contract Tower,23,0,26,0,49,0,0,57,1,58,23,0,83,1,107,142,0,142,249
08/23/2021,LAL,FL,ASO,ES,Federal Contract Tower,24,4,22,1,51,0,0,115,0,115,24,4,137,1,166,192,0,192,358
08/24/2021,LAL,FL,ASO,ES,Federal Contract Tower,26,1,20,0,47,0,0,121,0,121,26,1,141,0,168,138,0,138,306
08/25/2021,LAL,FL,ASO,ES,Federal Contract Tower,24,5,38,0,67,0,0,134,0,134,24,5,172,0,201,202,0,202,403
08/26/2021,LAL,FL,ASO,ES,Federal Contract Tower,20,5,31,1,57,0,0,119,0,119,20,5,150,1,176,120,0,120,296
08/27/2021,LAL,FL,ASO,ES,Federal Contract Tower,24,6,43,9,82,0,0,95,1,96,24,6,138,10,178,217,0,217,395
08/28/2021,LAL,FL,ASO,ES,Federal Contract Tower,20,2,26,2,50,0,0,70,0,70,20,2,96,2,120,86,0,86,206
08/29/2021,LAL,FL,ASO,ES,Federal Contract Tower,21,2,17,3,43,0,0,57,0,57,21,2,74,3,100,36,0,36,136
08/30/2021,LAL,FL,ASO,ES,Federal Contract Tower,21,0,24,0,45,0,2,143,0,145,21,2,167,0,190,170,0,170,360
08/31/2021,LAL,FL,ASO,ES,Federal Contract Tower,20,3,48,1,72,0,0,160,2,162,20,3,208,3,234,182,0,182,416
09/01/2021,LAL,FL,ASO,ES,Federal Contract Tower,21,9,25,0,55,0,0,6,0,6,21,9,31,0,61,0,0,0,61
09/02/2021,LAL,FL,ASO,ES,Federal Contract Tower,20,3,47,2,72,0,0,81,0,81,20,3,128,2,153,192,0,192,345
09/03/2021,LAL,FL,ASO,ES,Federal Contract Tower,22,3,15,1,41,0,0,148,0,148,22,3,163,1,189,172,0,172,361
09/04/2021,LAL,FL,ASO,ES,Federal Contract Tower,21,2,41,5,69,0,0,91,4,95,21,2,132,9,164,152,2,154,318
09/05/2021,LAL,FL,ASO,ES,Federal Contract Tower,21,4,41,5,71,0,0,89,0,89,21,4,130,5,160,144,8,152,312
09/06/2021,LAL,FL,ASO,ES,Federal Contract Tower,18,5,32,3,58,0,0,104,2,106,18,5,136,5,164,144,0,144,308
09/07/2021,LAL,FL,ASO,ES,Federal Contract Tower,21,4,28,6,59,0,0,149,2,151,21,4,177,8,210,248,8,256,466
09/08/2021,LAL,FL,ASO,ES,Federal Contract Tower,22,3,61,6,92,0,0,150,0,150,22,3,211,6,242,254,0,254,496
09/09/2021,LAL,FL,ASO,ES,Federal Contract Tower,21,6,39,3,69,0,0,93,3,96,21,6,132,6,165,128,2,130,295
09/10/2021,LAL,FL,ASO,ES,Federal Contract Tower,26,8,38,5,77,0,0,152,0,152,26,8,190,5,229,276,2,278,507
09/11/2021,LAL,FL,ASO,ES,Federal Contract Tower,24,1,20,0,45,0,0,110,0,110,24,1,130,0,155,164,0,164,319
09/12/2021,LAL,FL,ASO,ES,Federal Contract Tower,24,0,28,4,56,0,0,81,0,81,24,0,109,4,137,86,0,86,223
09/13/2021,LAL,FL,ASO,ES,Federal Contract Tower,23,8,14,13,58,0,0,144,0,144,23,8,158,13,202,122,0,122,324
09/14/2021,LAL,FL,ASO,ES,Federal Contract Tower,23,5,42,8,78,0,0,74,0,74,23,5,116,8,152,108,0,108,260
09/15/2021,LAL,FL,ASO,ES,Federal Contract Tower,23,3,33,4,63,0,0,170,0,170,23,3,203,4,233,278,0,278,511
09/16/2021,LAL,FL,ASO,ES,Federal Contract Tower,21,4,28,0,53,0,0,97,0,97,21,4,125,0,150,176,0,176,326
09/17/2021,LAL,FL,ASO,ES,Federal Contract Tower,22,1,23,5,51,0,0,75,0,75,22,1,98,5,126,166,2,168,294
09/18/2021,LAL,FL,ASO,ES,Federal Contract Tower,20,0,32,0,52,0,0,105,2,107,20,0,137,2,159,200,0,200,359
09/19/2021,LAL,FL,ASO,ES,Federal Contract Tower,22,7,8,0,37,0,0,73,0,73,22,7,81,0,110,116,0,116,226
09/20/2021,LAL,FL,ASO,ES,Federal Contract Tower,22,6,35,1,64,0,0,135,1,136,22,6,170,2,200,190,8,198,398
09/21/2021,LAL,FL,ASO,ES,Federal Contract Tower,25,3,34,3,65,0,0,127,2,129,25,3,161,5,194,198,16,214,408
09/22/2021,LAL,FL,ASO,ES,Federal Contract Tower,23,4,37,2,66,0,9,105,5,119,23,13,142,7,185,305,4,309,494
09/23/2021,LAL,FL,ASO,ES,Federal Contract Tower,23,6,64,6,99,0,0,121,0,121,23,6,185,6,220,178,0,178,398
09/24/2021,LAL,FL,ASO,ES,Federal Contract Tower,26,4,64,0,94,0,0,204,1,205,26,4,268,1,299,290,0,290,589
09/25/2021,LAL,FL,ASO,ES,Federal Contract Tower,23,5,32,3,63,0,0,136,0,136,23,5,168,3,199,290,0,290,489
09/26/2021,LAL,FL,ASO,ES,Federal Contract Tower,23,11,30,1,65,0,0,95,0,95,23,11,125,1,160,166,0,166,326
09/27/2021,LAL,FL,ASO,ES,Federal Contract Tower,23,10,51,0,84,0,0,204,3,207,23,10,255,3,291,292,2,294,585
09/28/2021,LAL,FL,ASO,ES,Federal Contract Tower,16,5,35,2,58,0,0,197,0,197,16,5,232,2,255,240,4,244,499
09/29/2021,LAL,FL,ASO,ES,Federal Contract Tower,20,11,32,3,66,0,0,157,0,157,20,11,189,3,223,260,0,260,483
09/30/2021,LAL,FL,ASO,ES,Federal Contract Tower,22,9,43,4,78,0,0,225,2,227,22,9,268,6,305,202,0,202,507
10/01/2021,LAL,FL,ASO,ES,Federal Contract Tower,22,5,70,3,100,0,0,196,2,198,22,5,266,5,298,142,0,142,440
10/02/2021,LAL,FL,ASO,ES,Federal Contract Tower,24,0,15,1,40,0,0,100,0,100,24,0,115,1,140,164,0,164,304
10/03/2021,LAL,FL,ASO,ES,Federal Contract Tower,22,5,14,2,43,0,0,87,0,87,22,5,101,2,130,136,0,136,266
10/04/2021,LAL,FL,ASO,ES,Federal Contract Tower,23,9,23,1,56,0,0,154,0,154,23,9,177,1,210,220,0,220,430
10/05/2021,LAL,FL,ASO,ES,Federal Contract Tower,24,6,25,2,57,0,0,164,0,164,24,6,189,2,221,278,0,278,499
10/06/2021,LAL,FL,ASO,ES,Federal Contract Tower,24,9,36,1,70,0,0,147,0,147,24,9,183,1,217,200,0,200,417
10/07/2021,LAL,FL,ASO,ES,Federal Contract Tower,19,3,54,2,78,0,0,125,0,125,19,3,179,2,203,188,0,188,391
10/08/2021,LAL,FL,ASO,ES,Federal Contract Tower,22,3,38,1,64,0,0,77,0,77,22,3,115,1,141,150,0,150,291
10/09/2021,LAL,FL,ASO,ES,Federal Contract Tower,25,2,17,1,45,0,0,50,0,50,25,2,67,1,95,164,0,164,259
10/10/2021,LAL,FL,ASO,ES,Federal Contract Tower,26,4,32,0,62,0,0,91,0,91,26,4,123,0,153,162,0,162,315
10/11/2021,LAL,FL,ASO,ES,Federal Contract Tower,23,2,39,0,64,0,0,176,0,176,23,2,215,0,240,290,0,290,530
10/12/2021,LAL,FL,ASO,ES,Federal Contract Tower,24,4,40,6,74,0,0,173,0,173,24,4,213,6,247,260,0,260,507
10/13/2021,LAL,FL,ASO,ES,Federal Contract Tower,23,1,49,0,73,0,0,136,2,138,23,1,185,2,211,268,14,282,493
10/14/2021,LAL,FL,ASO,ES,Federal Contract Tower,22,3,53,1,79,0,0,201,0,201,22,3,254,1,280,270,2,272,552
10/15/2021,LAL,FL,ASO,ES,Federal Contract Tower,24,3,66,3,96,0,0,192,0,192,24,3,258,3,288,338,10,348,636
10/16/2021,LAL,FL,ASO,ES,Federal Contract Tower,25,2,32,0,59,0,0,150,0,150,25,2,182,0,209,260,0,260,469
10/17/2021,LAL,FL,ASO,ES,Federal Contract Tower,23,0,26,0,49,0,0,82,0,82,23,0,108,0,131,180,0,180,311
10/18/2021,LAL,FL,ASO,ES,Federal Contract Tower,26,8,23,0,57,0,0,163,0,163,26,8,186,0,220,264,0,264,484
10/19/2021,LAL,FL,ASO,ES,Federal Contract Tower,22,8,35,0,65,0,0,158,0,158,22,8,193,0,223,207,0,207,430
10/20/2021,LAL,FL,ASO,ES,Federal Contract Tower,24,4,36,0,64,0,0,159,1,160,24,4,195,1,224,192,0,192,416
10/21/2021,LAL,FL,ASO,ES,Federal Contract Tower,24,2,44,0,70,0,0,171,0,171,24,2,215,0,241,216,0,216,457
10/22/2021,LAL,FL,ASO,ES,Federal Contract Tower,24,7,88,0,119,0,0,199,0,199,24,7,287,0,318,322,0,322,640
10/23/2021,LAL,FL,ASO,ES,Federal Contract Tower,27,5,35,0,67,0,0,113,0,113,27,5,148,0,180,222,0,222,402
10/24/2021,LAL,FL,ASO,ES,Federal Contract Tower,24,10,29,0,63,0,0,76,1,77,24,10,105,1,140,124,0,124,264
10/25/2021,LAL,FL,ASO,ES,Federal Contract Tower,23,10,28,0,61,0,0,55,0,55,23,10,83,0,116,96,0,96,212
10/26/2021,LAL,FL,ASO,ES,Federal Contract Tower,18,5,46,1,70,0,0,172,0,172,18,5,218,1,242,253,0,253,495
10/27/2021,LAL,FL,ASO,ES,Federal Contract Tower,24,2,62,4,92,0,0,228,1,229,24,2,290,5,321,356,0,356,677
10/28/2021,LAL,FL,ASO,ES,Federal Contract Tower,24,1,25,0,50,0,0,4,0,4,24,1,29,0,54,16,0,16,70
10/29/2021,LAL,FL,ASO,ES,Federal Contract Tower,24,11,45,0,80,0,0,122,0,122,24,11,167,0,202,168,0,168,370
10/30/2021,LAL,FL,ASO,ES,Federal Contract Tower,16,6,35,0,57,0,0,86,0,86,16,6,121,0,143,320,0,320,463
10/31/2021,LAL,FL,ASO,ES,Federal Contract Tower,17,6,38,1,62,0,0,146,0,146,17,6,184,1,208,332,0,332,540
11/01/2021,LAL,FL,ASO,ES,Federal Contract Tower,25,4,32,1,62,0,0,190,1,191,25,4,222,2,253,354,0,354,607
11/02/2021,LAL,FL,ASO,ES,Federal Contract Tower,24,13,78,2,117,0,0,285,0,285,24,13,363,2,402,310,0,310,712
11/03/2021,LAL,FL,ASO,ES,Federal Contract Tower,18,5,38,4,65,0,0,134,0,134,18,5,172,4,199,252,2,254,453
11/04/2021,LAL,FL,ASO,ES,Federal Contract Tower,25,11,69,1,106,0,0,125,1,126,25,11,194,2,232,340,0,340,572
11/05/2021,LAL,FL,ASO,ES,Federal Contract Tower,26,7,23,2,58,0,0,0,0,0,26,7,23,2,58,0,0,0,58
11/06/2021,LAL,FL,ASO,ES,Federal Contract Tower,27,6,22,1,56,0,0,9,0,9,27,6,31,1,65,20,0,20,85
11/07/2021,LAL,FL,ASO,ES,Federal Contract Tower,24,5,33,2,64,0,0,80,0,80,24,5,113,2,144,148,0,148,292
11/08/2021,LAL,FL,ASO,ES,Federal Contract Tower,26,10,50,1,87,0,0,175,0,175,26,10,225,1,262,212,30,242,504
11/09/2021,LAL,FL,ASO,ES,Federal Contract Tower,26,6,52,0,84,0,0,206,0,206,26,6,258,0,290,246,0,246,536
11/10/2021,LAL,FL,ASO,ES,Federal Contract Tower,25,2,39,0,66,0,0,125,0,125,25,2,164,0,191,194,0,194,385
11/11/2021,LAL,FL,ASO,ES,Federal Contract Tower,26,6,45,1,78,0,0,122,0,122,26,6,167,1,200,276,0,276,476
11/12/2021,LAL,FL,ASO,ES,Federal Contract Tower,24,3,59,6,92,0,0,153,2,155,24,3,212,8,247,246,10,256,503
11/13/2021,LAL,FL,ASO,ES,Federal Contract Tower,25,6,20,0,51,0,0,69,0,69,25,6,89,0,120,94,0,94,214
11/14/2021,LAL,FL,ASO,ES,Federal Contract Tower,23,4,21,0,48,0,0,137,0,137,23,4,158,0,185,240,0,240,425
11/15/2021,LAL,FL,ASO,ES,Federal Contract Tower,27,1,39,5,72,0,0,169,1,170,27,1,208,6,242,284,0,284,526
11/16/2021,LAL,FL,ASO,ES,Federal Contract Tower,25,9,55,2,91,0,0,206,0,206,25,9,261,2,297,304,0,304,601
11/17/2021,LAL,FL,ASO,ES,Federal Contract Tower,27,8,77,4,116,0,1,201,0,202,27,9,278,4,318,246,0,246,564
11/18/2021,LAL,FL,ASO,ES,Federal Contract Tower,24,11,54,8,97,0,0,120,0,120,24,11,174,8,217,240,0,240,457
11/19/2021,LAL,FL,ASO,ES,Federal Contract Tower,24,10,45,1,80,0,0,102,0,102,24,10,147,1,182,131,0,131,313
11/20/2021,LAL,FL,ASO,ES,Federal Contract Tower,24,3,42,0,69,0,0,14,0,14,24,3,56,0,83,4,0,4,87
11/21/2021,LAL,FL,ASO,ES,Federal Contract Tower,23,4,26,1,54,0,0,49,0,49,23,4,75,1,103,50,0,50,153
11/22/2021,LAL,FL,ASO,ES,Federal Contract Tower,26,10,50,2,88,0,0,42,0,42,26,10,92,2,130,100,2,102,232
11/23/2021,LAL,FL,ASO,ES,Federal Contract Tower,26,9,55,1,91,0,0,183,0,183,26,9,238,1,274,198,0,198,472
11/24/2021,LAL,FL,ASO,ES,Federal Contract Tower,16,5,42,0,63,0,0,147,0,147,16,5,189,0,210,234,0,234,444
11/25/2021,LAL,FL,ASO,ES,Federal Contract Tower,0,4,29,0,33,0,0,45,0,45,0,4,74,0,78,98,0,98,176
11/26/2021,LAL,FL,ASO,ES,Federal Contract Tower,30,2,36,0,68,0,0,138,0,138,30,2,174,0,206,196,0,196,402
11/27/2021,LAL,FL,ASO,ES,Federal Contract Tower,26,10,22,0,58,0,0,139,0,139,26,10,161,0,197,169,0,169,366
11/28/2021,LAL,FL,ASO,ES,Federal Contract Tower,27,7,34,0,68,0,0,92,0,92,27,7,126,0,160,125,0,125,285
11/29/2021,LAL,FL,ASO,ES,Federal Contract Tower,26,6,34,3,69,0,0,156,3,159,26,6,190,6,228,312,2,314,542
11/30/2021,LAL,FL,ASO,ES,Federal Contract Tower,27,15,71,4,117,0,0,231,2,233,27,15,302,6,350,378,0,378,728
12/01/2021,LAL,FL,ASO,ES,Federal Contract Tower,25,5,54,2,86,0,0,183,2,185,25,5,237,4,271,228,0,228,499
12/02/2021,LAL,FL,ASO,ES,Federal Contract Tower,26,4,45,5,80,0,0,225,4,229,26,4,270,9,309,152,0,152,461
12/03/2021,LAL,FL,ASO,ES,Federal Contract Tower,28,8,41,5,82,0,0,285,4,289,28,8,326,9,371,48,4,52,423
12/04/2021,LAL,FL,ASO,ES,Federal Contract Tower,26,3,66,0,95,0,0,300,0,300,26,3,366,0,395,174,0,174,569
12/05/2021,LAL,FL,ASO,ES,Federal Contract Tower,26,3,30,3,62,0,0,117,0,117,26,3,147,3,179,174,2,176,355
12/06/2021,LAL,FL,ASO,ES,Federal Contract Tower,26,9,55,0,90,0,0,131,0,131,26,9,186,0,221,216,2,218,439
12/07/2021,LAL,FL,ASO,ES,Federal Contract Tower,24,10,71,8,113,0,0,173,2,175,24,10,244,10,288,260,22,282,570
12/08/2021,LAL,FL,ASO,ES,Federal Contract Tower,26,11,47,0,84,0,0,179,0,179,26,11,226,0,263,208,0,208,471
12/09/2021,LAL,FL,ASO,ES,Federal Contract Tower,24,12,43,0,79,0,0,131,0,131,24,12,174,0,210,236,0,236,446
12/10/2021,LAL,FL,ASO,ES,Federal Contract Tower,25,4,71,6,106,0,0,164,0,164,25,4,235,6,270,238,0,238,508
12/11/2021,LAL,FL,ASO,ES,Federal Contract Tower,24,3,41,0,68,0,0,134,0,134,24,3,175,0,202,200,0,200,402
12/12/2021,LAL,FL,ASO,ES,Federal Contract Tower,27,7,32,0,66,0,0,62,0,62,27,7,94,0,128,106,0,106,234
12/13/2021,LAL,FL,ASO,ES,Federal Contract Tower,28,9,38,0,75,0,0,175,0,175,28,9,213,0,250,284,0,284,534
12/14/2021,LAL,FL,ASO,ES,Federal Contract Tower,25,8,38,5,76,0,0,65,0,65,25,8,103,5,141,100,10,110,251
12/15/2021,LAL,FL,ASO,ES,Federal Contract Tower,22,4,77,2,105,0,0,131,3,134,22,4,208,5,239,174,0,174,413
12/16/2021,LAL,FL,ASO,ES,Federal Contract Tower,23,9,59,0,91,0,0,212,1,213,23,9,271,1,304,232,0,232,536
12/17/2021,LAL,FL,ASO,ES,Federal Contract Tower,21,12,86,21,140,0,0,208,2,210,21,12,294,23,350,210,6,216,566
12/18/2021,LAL,FL,ASO,ES,Federal Contract Tower,26,5,21,0,52,0,0,101,0,101,26,5,122,0,153,224,0,224,377
12/19/2021,LAL,FL,ASO,ES,Federal Contract Tower,26,5,28,0,59,0,0,39,0,39,26,5,67,0,98,56,12,68,166
12/20/2021,LAL,FL,ASO,ES,Federal Contract Tower,27,14,44,32,117,0,0,43,2,45,27,14,87,34,162,84,0,84,246
12/21/2021,LAL,FL,ASO,ES,Federal Contract Tower,25,11,20,0,56,0,0,0,0,0,25,11,20,0,56,0,0,0,56
12/22/2021,LAL,FL,ASO,ES,Federal Contract Tower,25,6,49,6,86,0,0,106,0,106,25,6,155,6,192,212,2,214,406
12/23/2021,LAL,FL,ASO,ES,Federal Contract Tower,26,9,42,0,77,0,0,171,2,173,26,9,213,2,250,236,0,236,486
12/24/2021,LAL,FL,ASO,ES,Federal Contract Tower,0,1,44,0,45,0,0,112,0,112,0,1,156,0,157,158,0,158,315
12/25/2021,LAL,FL,ASO,ES,Federal Contract Tower,0,2,5,0,7,0,0,28,0,28,0,2,33,0,35,4,0,4,39
12/26/2021,LAL,FL,ASO,ES,Federal Contract Tower,0,0,24,0,24,0,0,63,0,63,0,0,87,0,87,70,0,70,157
12/27/2021,LAL,FL,ASO,ES,Federal Contract Tower,27,4,37,0,68,0,0,120,0,120,27,4,157,0,188,210,0,210,398
12/28/2021,LAL,FL,ASO,ES,Federal Contract Tower,18,8,38,0,64,0,0,144,0,144,18,8,182,0,208,218,0,218,426
12/29/2021,LAL,FL,ASO,ES,Federal Contract Tower,27,3,42,0,72,0,0,111,0,111,27,3,153,0,183,218,0,218,401
12/30/2021,LAL,FL,ASO,ES,Federal Contract Tower,26,4,44,1,75,0,0,85,0,85,26,4,129,1,160,100,0,100,260
12/31/2021,LAL,FL,ASO,ES,Federal Contract Tower,0,2,37,0,39,0,0,45,0,45,0,2,82,0,84,156,0,156,240
01/01/2022,LAL,FL,ASO,ES,Federal Contract Tower,0,4,16,0,20,0,0,31,0,31,0,4,47,0,51,40,0,40,91
01/02/2022,LAL,FL,ASO,ES,Federal Contract Tower,26,3,13,0,42,0,0,9,0,9,26,3,22,0,51,18,0,18,69
01/03/2022,LAL,FL,ASO,ES,Federal Contract Tower,25,3,29,2,59,0,0,75,0,75,25,3,104,2,134,198,0,198,332
01/04/2022,LAL,FL,ASO,ES,Federal Contract Tower,24,5,35,0,64,0,0,116,4,120,24,5,151,4,184,160,0,160,344
01/05/2022,LAL,FL,ASO,ES,Federal Contract Tower,25,3,27,4,59,0,0,134,0,134,25,3,161,4,193,146,0,146,339
01/06/2022,LAL,FL,ASO,ES,Federal Contract Tower,26,3,43,2,74,0,0,168,0,168,26,3,211,2,242,238,0,238,480
01/07/2022,LAL,FL,ASO,ES,Federal Contract Tower,26,2,46,6,80,0,0,171,4,175,26,2,217,10,255,198,10,208,463
01/08/2022,LAL,FL,ASO,ES,Federal Contract Tower,24,6,45,0,75,0,0,95,0,95,24,6,140,0,170,114,0,114,284
01/09/2022,LAL,FL,ASO,ES,Federal Contract Tower,25,5,36,0,66,0,0,62,0,62,25,5,98,0,128,112,0,112,240
01/10/2022,LAL,FL,ASO,ES,Federal Contract Tower,25,4,44,4,77,0,0,99,0,99,25,4,143,4,176,248,0,248,424
01/11/2022,LAL,FL,ASO,ES,Federal Contract Tower,24,6,56,2,88,0,0,136,0,136,24,6,192,2,224,142,0,142,366
01/12/2022,LAL,FL,ASO,ES,Federal Contract Tower,24,4,56,0,84,0,0,202,2,204,24,4,258,2,288,192,0,192,480
01/13/2022,LAL,FL,ASO,ES,Federal Contract Tower,22,9,57,4,92,0,0,173,2,175,22,9,230,6,267,208,22,230,497
01/14/2022,LAL,FL,ASO,ES,Federal Contract Tower,24,6,41,0,71,0,0,184,2,186,24,6,225,2,257,216,0,216,473
01/15/2022,LAL,FL,ASO,ES,Federal Contract Tower,24,7,47,0,78,0,0,133,2,135,24,7,180,2,213,166,4,170,383
01/16/2022,LAL,FL,ASO,ES,Federal Contract Tower,23,1,7,2,33,0,0,3,0,3,23,1,10,2,36,12,0,12,48
01/17/2022,LAL,FL,ASO,ES,Federal Contract Tower,21,3,20,2,46,0,0,58,0,58,21,3,78,2,104,90,0,90,194
01/18/2022,LAL,FL,ASO,ES,Federal Contract Tower,18,4,40,2,64,0,0,137,1,138,18,4,177,3,202,190,2,192,394
01/19/2022,LAL,FL,ASO,ES,Federal Contract Tower,23,10,56,2,91,0,0,174,0,174,23,10,230,2,265,182,0,182,447
01/20/2022,LAL,FL,ASO,ES,Federal Contract Tower,26,3,48,8,85,0,0,188,3,191,26,3,236,11,276,206,20,226,502
01/21/2022,LAL,FL,ASO,ES,Federal Contract Tower,22,4,41,2,69,0,0,182,3,185,22,4,223,5,254,204,6,210,464
01/22/2022,LAL,FL,ASO,ES,Federal Contract Tower,22,2,24,0,48,0,0,0,0,0,22,2,24,0,48,0,0,0,48
01/23/2022,LAL,FL,ASO,ES,Federal Contract Tower,22,6,10,0,38,0,0,13,0,13,22,6,23,0,51,16,0,16,67
01/24/2022,LAL,FL,ASO,ES,Federal Contract Tower,14,8,28,0,50,0,0,196,1,197,14,8,224,1,247,152,0,152,399
01/25/2022,LAL,FL,ASO,ES,Federal Contract Tower,27,4,28,0,59,0,0,36,4,40,27,4,64,4,99,40,8,48,147
01/26/2022,LAL,FL,ASO,ES,Federal Contract Tower,24,7,42,2,75,0,0,0,0,0,24,7,42,2,75,0,0,0,75
01/27/2022,LAL,FL,ASO,ES,Federal Contract Tower,24,6,66,1,97,0,0,43,0,43,24,6,109,1,140,96,0,96,236
01/28/2022,LAL,FL,ASO,ES,Federal Contract Tower,22,0,77,1,100,0,0,128,2,130,22,0,205,3,230,102,4,106,336
01/29/2022,LAL,FL,ASO,ES,Federal Contract Tower,22,4,32,0,58,0,0,86,0,86,22,4,118,0,144,46,0,46,190
01/30/2022,LAL,FL,ASO,ES,Federal Contract Tower,23,0,42,1,66,0,0,117,1,118,23,0,159,2,184,112,8,120,304
01/31/2022,LAL,FL,ASO,ES,Federal Contract Tower,24,0,48,1,73,0,0,243,1,244,24,0,291,2,317,292,0,292,609
02/01/2022,LAL,FL,ASO,ES,Federal Contract Tower,23,2,54,0,79,0,0,188,0,188,23,2,242,0,267,150,0,150,417
02/02/2022,LAL,FL,ASO,ES,Federal Contract Tower,22,9,46,4,81,0,0,155,2,157,22,9,201,6,238,108,0,108,346
02/03/2022,LAL,FL,ASO,ES,Federal Contract Tower,15,1,60,4,80,0,0,127,4,131,15,1,187,8,211,104,0,104,315
02/04/2022,LAL,FL,ASO,ES,Federal Contract Tower,24,3,57,3,87,0,0,150,1,151,24,3,207,4,238,158,0,158,396
02/05/2022,LAL,FL,ASO,ES,Federal Contract Tower,26,2,79,1,108,0,0,47,0,47,26,2,126,1,155,70,0,70,225
02/06/2022,LAL,FL,ASO,ES,Federal Contract Tower,20,6,72,2,100,0,0,1,0,1,20,6,73,2,101,0,0,0,101
02/07/2022,LAL,FL,ASO,ES,Federal Contract Tower,27,4,69,3,103,0,0,78,0,78,27,4,147,3,181,78,18,96,277
02/08/2022,LAL,FL,ASO,ES,Federal Contract Tower,23,4,67,9,103,0,0,0,0,0,23,4,67,9,103,0,0,0,103
02/09/2022,LAL,FL,ASO,ES,Federal Contract Tower,23,2,52,0,77,0,0,190,1,191,23,2,242,1,268,186,0,186,454
02/10/2022,LAL,FL,ASO,ES,Federal Contract Tower,24,12,52,0,88,0,0,238,3,241,24,12,290,3,329,358,0,358,687
02/11/2022,LAL,FL,ASO,ES,Federal Contract Tower,28,4,55,3,90,0,0,194,2,196,28,4,249,5,286,242,18,260,546
02/12/2022,LAL,FL,ASO,ES,Federal Contract Tower,25,7,46,0,78,0,0,146,0,146,25,7,192,0,224,282,0,282,506
02/13/2022,LAL,FL,ASO,ES,Federal Contract Tower,19,6,16,1,42,0,0,29,0,29,19,6,45,1,71,44,0,44,115
02/14/2022,LAL,FL,ASO,ES,Federal Contract Tower,22,4,39,1,66,0,0,150,2,152,22,4,189,3,218,212,0,212,430
02/15/2022,LAL,FL,ASO,ES,Federal Contract Tower,20,8,51,2,81,0,0,156,1,157,20,8,207,3,238,234,8,242,480
02/16/2022,LAL,FL,ASO,ES,Federal Contract Tower,23,3,40,2,68,0,0,166,2,168,23,3,206,4,236,246,0,246,482
02/17/2022,LAL,FL,ASO,ES,Federal Contract Tower,24,10,66,1,101,0,0,133,3,136,24,10,199,4,237,136,0,136,373
02/18/2022,LAL,FL,ASO,ES,Federal Contract Tower,24,3,48,3,78,0,0,84,0,84,24,3,132,3,162,172,0,172,334
02/19/2022,LAL,FL,ASO,ES,Federal Contract Tower,24,3,32,0,59,0,0,98,0,98,24,3,130,0,157,88,0,88,245
02/20/2022,LAL,FL,ASO,ES,Federal Contract Tower,23,5,26,0,54,0,0,127,5,132,23,5,153,5,186,96,0,96,282
02/21/2022,LAL,FL,ASO,ES,Federal Contract Tower,22,6,44,0,72,0,0,242,0,242,22,6,286,0,314,284,0,284,598
02/22/2022,LAL,FL,ASO,ES,Federal Contract Tower,23,4,50,10,87,0,0,185,0,185,23,4,235,10,272,264,0,264,536
02/23/2022,LAL,FL,ASO,ES,Federal Contract Tower,23,12,44,2,81,0,0,177,0,177,23,12,221,2,258,212,0,212,470
02/24/2022,LAL,FL,ASO,ES,Federal Contract Tower,24,10,64,1,99,0,0,182,0,182,24,10,246,1,281,170,0,170,451
02/25/2022,LAL,FL,ASO,ES,Federal Contract Tower,23,4,43,3,73,0,0,151,1,152,23,4,194,4,225,212,0,212,437
02/26/2022,LAL,FL,ASO,ES,Federal Contract Tower,25,4,31,2,62,0,0,130,2,132,25,4,161,4,194,166,0,166,360
02/27/2022,LAL,FL,ASO,ES,Federal Contract Tower,24,8,28,0,60,0,0,103,0,103,24,8,131,0,163,150,0,150,313
02/28/2022,LAL,FL,ASO,ES,Federal Contract Tower,19,9,42,1,71,0,0,88,0,88,19,9,130,1,159,122,0,122,281
03/01/2022,LAL,FL,ASO,ES,Federal Contract Tower,17,3,63,1,84,0,0,115,0,115,17,3,178,1,199,162,0,162,361
03/02/2022,LAL,FL,ASO,ES,Federal Contract Tower,18,7,53,2,80,0,0,219,0,219,18,7,272,2,299,252,0,252,551
03/03/2022,LAL,FL,ASO,ES,Federal Contract Tower,18,12,52,0,82,0,0,223,0,223,18,12,275,0,305,264,0,264,569
03/04/2022,LAL,FL,ASO,ES,Federal Contract Tower,24,10,58,3,95,0,0,195,1,196,24,10,253,4,291,158,0,158,449
03/05/2022,LAL,FL,ASO,ES,Federal Contract Tower,25,3,34,4,66,0,0,115,0,115,25,3,149,4,181,98,0,98,279
03/06/2022,LAL,FL,ASO,ES,Federal Contract Tower,23,2,33,2,60,0,0,75,0,75,23,2,108,2,135,62,0,62,197
03/07/2022,LAL,FL,ASO,ES,Federal Contract Tower,23,8,35,4,70,0,0,133,2,135,23,8,168,6,205,150,4,154,359
03/08/2022,LAL,FL,ASO,ES,Federal Contract Tower,24,5,65,8,102,0,0,111,0,111,24,5,176,8,213,170,0,170,383
03/09/2022,LAL,FL,ASO,ES,Federal Contract Tower,25,4,60,4,93,0,0,35,2,37,25,4,95,6,130,48,2,50,180
03/10/2022,LAL,FL,ASO,ES,Federal Contract Tower,27,8,42,2,79,0,0,29,0,29,27,8,71,2,108,42,10,52,160
03/11/2022,LAL,FL,ASO,ES,Federal Contract Tower,24,8,44,2,78,0,0,89,6,95,24,8,133,8,173,134,16,150,323
03/12/2022,LAL,FL,ASO,ES,Federal Contract Tower,18,5,14,0,37,0,0,8,0,8,18,5,22,0,45,0,0,0,45
03/13/2022,LAL,FL,ASO,ES,Federal Contract Tower,19,8,28,0,55,0,0,86,0,86,19,8,114,0,141,114,0,114,255
03/14/2022,LAL,FL,ASO,ES,Federal Contract Tower,22,9,54,0,85,0,0,177,0,177,22,9,231,0,262,202,0,202,464
03/15/2022,LAL,FL,ASO,ES,Federal Contract Tower,22,5,23,4,54,0,0,107,2,109,22,5,130,6,163,184,2,186,349
03/16/2022,LAL,FL,ASO,ES,Federal Contract Tower,21,5,37,7,70,0,0,38,2,40,21,5,75,9,110,136,10,146,256
03/17/2022,LAL,FL,ASO,ES,Federal Contract Tower,24,7,63,2,96,0,0,173,1,174,24,7,236,3,270,240,4,244,514
03/18/2022,LAL,FL,ASO,ES,Federal Contract Tower,20,8,58,3,89,0,0,195,4,199,20,8,253,7,288,166,0,166,454
03/19/2022,LAL,FL,ASO,ES,Federal Contract Tower,23,9,37,0,69,0,0,131,0,131,23,9,168,0,200,222,0,222,422
03/20/2022,LAL,FL,ASO,ES,Federal Contract Tower,25,9,31,0,65,0,0,63,0,63,25,9,94,0,128,140,0,140,268
03/21/2022,LAL,FL,ASO,ES,Federal Contract Tower,22,5,45,7,79,0,0,150,2,152,22,5,195,9,231,228,4,232,463
03/22/2022,LAL,FL,ASO,ES,Federal Contract Tower,21,5,64,0,90,0,0,180,4,184,21,5,244,4,274,172,0,172,446
03/23/2022,LAL,FL,ASO,ES,Federal Contract Tower,22,2,36,1,61,0,0,89,3,92,22,2,125,4,153,88,4,92,245
03/24/2022,LAL,FL,ASO,ES,Federal Contract Tower,26,5,37,0,68,0,0,14,0,14,26,5,51,0,82,10,0,10,92
03/25/2022,LAL,FL,ASO,ES,Federal Contract Tower,24,6,45,0,75,0,0,156,4,160,24,6,201,4,235,242,0,242,477
03/26/2022,LAL,FL,ASO,ES,Federal Contract Tower,25,6,27,1,59,0,0,130,0,130,25,6,157,1,189,178,0,178,367
03/27/2022,LAL,FL,ASO,ES,Federal Contract Tower,25,6,30,0,61,0,0,101,0,101,25,6,131,0,162,48,0,48,210
03/28/2022,LAL,FL,ASO,ES,Federal Contract Tower,23,3,38,4,68,0,0,185,4,189,23,3,223,8,257,266,10,276,533
03/29/2022,LAL,FL,ASO,ES,Federal Contract Tower,25,7,39,2,73,0,0,173,3,176,25,7,212,5,249,206,0,206,455
03/30/2022,LAL,FL,ASO,ES,Federal Contract Tower,23,5,41,3,72,0,0,114,3,117,23,5,155,6,189,148,8,156,345
03/31/2022,LAL,FL,ASO,ES,Federal Contract Tower,23,5,46,0,74,0,0,54,0,54,23,5,100,0,128,44,0,44,172
04/01/2022,LAL,FL,ASO,ES,Federal Contract Tower,26,13,50,2,91,0,0,62,2,64,26,13,112,4,155,148,0,148,303
04/02/2022,LAL,FL,ASO,ES,Federal Contract Tower,26,0,43,0,69,0,0,54,0,54,26,0,97,0,123,22,0,22,145
04/03/2022,LAL,FL,ASO,ES,Federal Contract Tower,28,11,58,4,101,0,0,192,0,192,28,11,250,4,293,88,0,88,381
04/04/2022,LAL,FL,ASO,ES,Federal Contract Tower,20,0,66,0,86,0,0,510,0,510,20,0,576,0,596,70,0,70,666
04/05/2022,LAL,FL,ASO,ES,Federal Contract Tower,24,0,0,0,24,0,0,568,0,568,24,0,568,0,592,0,0,0,592
04/06/2022,LAL,FL,ASO,ES,Federal Contract Tower,27,0,18,0,45,0,0,619,0,619,27,0,637,0,664,12,0,12,676
04/07/2022,LAL,FL,ASO,ES,Federal Contract Tower,25,0,16,0,41,0,0,251,0,251,25,0,267,0,292,0,0,0,292
04/08/2022,LAL,FL,ASO,ES,Federal Contract Tower,26,0,17,0,43,0,0,1568,0,1568,26,0,1585,0,1611,14,0,14,1625
04/09/2022,LAL,FL,ASO,ES,Federal Contract Tower,26,1,16,0,43,0,0,874,0,874,26,1,890,0,917,6,0,6,923
04/10/2022,LAL,FL,ASO,ES,Federal Contract Tower,26,0,21,0,47,0,0,894,0,894,26,0,915,0,941,0,0,0,941
04/11/2022,LAL,FL,ASO,ES,Federal Contract Tower,30,8,54,7,99,0,0,253,2,255,30,8,307,9,354,38,2,40,394
04/12/2022,LAL,FL,ASO,ES,Federal Contract Tower,26,6,55,7,94,0,0,198,1,199,26,6,253,8,293,160,0,160,453
04/13/2022,LAL,FL,ASO,ES,Federal Contract Tower,25,4,69,1,99,0,0,171,0,171,25,4,240,1,270,224,0,224,494
04/14/2022,LAL,FL,ASO,ES,Federal Contract Tower,26,10,41,2,79,0,0,182,0,182,26,10,223,2,261,306,2,308,569
04/15/2022,LAL,FL,ASO,ES,Federal Contract Tower,26,15,52,3,96,0,0,156,1,157,26,15,208,4,253,248,0,248,501
04/16/2022,LAL,FL,ASO,ES,Federal Contract Tower,25,2,22,0,49,0,0,126,0,126,25,2,148,0,175,192,0,192,367
04/17/2022,LAL,FL,ASO,ES,Federal Contract Tower,26,1,6,1,34,0,0,69,0,69,26,1,75,1,103,114,0,114,217
04/18/2022,LAL,FL,ASO,ES,Federal Contract Tower,26,7,47,4,84,0,0,195,0,195,26,7,242,4,279,212,0,212,491
04/19/2022,LAL,FL,ASO,ES,Federal Contract Tower,25,7,46,0,78,0,0,153,0,153,25,7,199,0,231,266,0,266,497
04/20/2022,LAL,FL,ASO,ES,Federal Contract Tower,26,15,62,7,110,0,0,182,0,182,26,15,244,7,292,174,0,174,466
04/21/2022,LAL,FL,ASO,ES,Federal Contract Tower,28,17,45,0,90,0,0,143,4,147,28,17,188,4,237,184,9,193,430
04/22/2022,LAL,FL,ASO,ES,Federal Contract Tower,25,4,43,2,74,0,0,147,0,147,25,4,190,2,221,158,0,158,379
04/23/2022,LAL,FL,ASO,ES,Federal Contract Tower,25,1,19,0,45,0,0,73,0,73,25,1,92,0,118,106,0,106,224
04/24/2022,LAL,FL,ASO,ES,Federal Contract Tower,27,9,18,2,56,0,0,89,1,90,27,9,107,3,146,216,2,218,364
04/25/2022,LAL,FL,ASO,ES,Federal Contract Tower,24,6,50,1,81,0,0,211,0,211,24,6,261,1,292,326,0,326,618
04/26/2022,LAL,FL,ASO,ES,Federal Contract Tower,30,8,67,3,108,0,0,201,1,202,30,8,268,4,310,230,0,230,540
04/27/2022,LAL,FL,ASO,ES,Federal Contract Tower,26,7,37,2,72,0,0,211,2,213,26,7,248,4,285,288,0,288,573
04/28/2022,LAL,FL,ASO,ES,Federal Contract Tower,26,7,53,2,88,0,0,96,0,96,26,7,149,2,184,196,4,200,384
04/29/2022,LAL,FL,ASO,ES,Federal Contract Tower,27,5,69,5,106,0,0,154,1,155,27,5,223,6,261,155,4,159,420
04/30/2022,LAL,FL,ASO,ES,Federal Contract Tower,25,7,29,6,67,0,0,78,0,78,25,7,107,6,145,218,2,220,365
05/01/2022,LAL,FL,ASO,ES,Federal Contract Tower,25,10,28,3,66,0,0,47,0,47,25,10,75,3,113,114,0,114,227
05/02/2022,LAL,FL,ASO,ES,Federal Contract Tower,28,8,40,11,87,0,0,168,3,171,28,8,208,14,258,358,4,362,620
05/03/2022,LAL,FL,ASO,ES,Federal Contract Tower,24,6,48,0,78,0,0,167,0,167,24,6,215,0,245,224,0,224,469
05/04/2022,LAL,FL,ASO,ES,Federal Contract Tower,28,12,47,3,90,0,0,170,0,170,28,12,217,3,260,306,0,306,566
05/05/2022,LAL,FL,ASO,ES,Federal Contract Tower,26,4,54,5,89,0,0,261,0,261,26,4,315,5,350,336,0,336,686
05/06/2022,LAL,FL,ASO,ES,Federal Contract Tower,26,11,54,4,95,0,0,225,14,239,26,11,279,18,334,271,2,273,607
05/07/2022,LAL,FL,ASO,ES,Federal Contract Tower,29,0,32,4,65,0,0,72,0,72,29,0,104,4,137,172,0,172,309
05/08/2022,LAL,FL,ASO,ES,Federal Contract Tower,26,8,10,3,47,0,0,92,1,93,26,8,102,4,140,180,6,186,326
05/09/2022,LAL,FL,ASO,ES,Federal Contract Tower,25,2,37,6,70,0,0,163,0,163,25,2,200,6,233,284,0,284,517
05/10/2022,LAL,FL,ASO,ES,Federal Contract Tower,27,11,52,4,94,0,0,154,1,155,27,11,206,5,249,207,4,211,460
05/11/2022,LAL,FL,ASO,ES,Federal Contract Tower,28,3,49,1,81,0,0,163,1,164,28,3,212,2,245,216,0,216,461
05/12/2022,LAL,FL,ASO,ES,Federal Contract Tower,27,11,39,3,80,0,0,148,2,150,27,11,187,5,230,198,10,208,438
05/13/2022,LAL,FL,ASO,ES,Federal Contract Tower,28,8,48,2,86,0,0,179,1,180,28,8,227,3,266,228,0,228,494
05/14/2022,LAL,FL,ASO,ES,Federal Contract Tower,27,3,27,0,57,0,0,125,0,125,27,3,152,0,182,138,0,138,320
05/15/2022,LAL,FL,ASO,ES,Federal Contract Tower,27,5,20,2,54,0,0,91,0,91,27,5,111,2,145,146,0,146,291
05/16/2022,LAL,FL,ASO,ES,Federal Contract Tower,26,16,48,7,97,0,0,197,4,201,26,16,245,11,298,266,8,274,572
05/17/2022,LAL,FL,ASO,ES,Federal Contract Tower,26,12,52,5,95,0,0,158,1,159,26,12,210,6,254,194,0,194,448
05/18/2022,LAL,FL,ASO,ES,Federal Contract Tower,28,3,49,2,82,0,0,166,0,166,28,3,215,2,248,238,0,238,486
05/19/2022,LAL,FL,ASO,ES,Federal Contract Tower,26,11,50,3,90,0,0,238,0,238,26,11,288,3,328,282,0,282,610
05/20/2022,LAL,FL,ASO,ES,Federal Contract Tower,26,7,34,2,69,0,0,33,0,33,26,7,67,2,102,60,0,60,162
05/21/2022,LAL,FL,ASO,ES,Federal Contract Tower,25,1,31,0,57,0,0,40,0,40,25,1,71,0,97,20,0,20,117
05/22/2022,LAL,FL,ASO,ES,Federal Contract Tower,26,6,36,2,70,0,0,30,0,30,26,6,66,2,100,40,0,40,140
05/23/2022,LAL,FL,ASO,ES,Federal Contract Tower,27,6,48,3,84,0,0,181,1,182,27,6,229,4,266,196,0,196,462
05/24/2022,LAL,FL,ASO,ES,Federal Contract Tower,27,17,63,2,109,0,0,249,2,251,27,17,312,4,360,176,0,176,536
05/25/2022,LAL,FL,ASO,ES,Federal Contract Tower,26,7,52,0,85,0,0,189,1,190,26,7,241,1,275,226,2,228,503
05/26/2022,LAL,FL,ASO,ES,Federal Contract Tower,27,6,51,10,94,0,0,190,2,192,27,6,241,12,286,269,2,271,557
05/27/2022,LAL,FL,ASO,ES,Federal Contract Tower,27,4,25,0,56,0,0,128,0,128,27,4,153,0,184,158,0,158,342
05/28/2022,LAL,FL,ASO,ES,Federal Contract Tower,25,5,12,0,42,0,0,68,1,69,25,5,80,1,111,106,0,106,217
05/29/2022,LAL,FL,ASO,ES,Federal Contract Tower,26,2,11,1,40,0,0,89,1,90,26,2,100,2,130,90,0,90,220
05/30/2022,LAL,FL,ASO,ES,Federal Contract Tower,26,8,40,0,74,0,0,152,0,152,26,8,192,0,226,276,0,276,502
05/31/2022,LAL,FL,ASO,ES,Federal Contract Tower,25,3,49,3,80,0,0,155,5,160,25,3,204,8,240,304,6,310,550
06/01/2022,LAL,FL,ASO,ES,Federal Contract Tower,27,7,27,1,62,0,0,111,1,112,27,7,138,2,174,202,0,202,376
06/02/2022,LAL,FL,ASO,ES,Federal Contract Tower,22,2,47,2,73,0,0,150,1,151,22,2,197,3,224,224,0,224,448
06/03/2022,LAL,FL,ASO,ES,Federal Contract Tower,24,5,35,8,72,0,0,59,0,59,24,5,94,8,131,140,2,142,273
06/04/2022,LAL,FL,ASO,ES,Federal Contract Tower,25,0,7,0,32,0,0,5,0,5,25,0,12,0,37,6,0,6,43
06/05/2022,LAL,FL,ASO,ES,Federal Contract Tower,26,1,24,2,53,0,0,72,0,72,26,1,96,2,125,160,2,162,287
06/06/2022,LAL,FL,ASO,ES,Federal Contract Tower,32,10,36,1,79,0,0,136,0,136,32,10,172,1,215,174,0,174,389
06/07/2022,LAL,FL,ASO,ES,Federal Contract Tower,27,1,40,4,72,0,0,222,2,224,27,1,262,6,296,284,8,292,588
06/08/2022,LAL,FL,ASO,ES,Federal Contract Tower,26,1,28,3,58,0,0,183,1,184,26,1,211,4,242,164,0,164,406
06/09/2022,LAL,FL,ASO,ES,Federal Contract Tower,26,8,44,0,78,0,0,126,0,126,26,8,170,0,204,252,0,252,456
06/10/2022,LAL,FL,ASO,ES,Federal Contract Tower,25,5,32,0,62,0,0,85,1,86,25,5,117,1,148,90,0,90,238
06/11/2022,LAL,FL,ASO,ES,Federal Contract Tower,28,8,8,0,44,0,0,50,0,50,28,8,58,0,94,132,0,132,226
06/12/2022,LAL,FL,ASO,ES,Federal Contract Tower,27,4,20,0,51,0,0,59,0,59,27,4,79,0,110,106,0,106,216
06/13/2022,LAL,FL,ASO,ES,Federal Contract Tower,27,6,39,3,75,0,0,182,5,187,27,6,221,8,262,296,0,296,558
06/14/2022,LAL,FL,ASO,ES,Federal Contract Tower,25,10,37,3,75,0,0,174,10,184,25,10,211,13,259,270,0,270,529
06/15/2022,LAL,FL,ASO,ES,Federal Contract Tower,22,3,43,1,69,0,0,172,0,172,22,3,215,1,241,176,0,176,417
06/16/2022,LAL,FL,ASO,ES,Federal Contract Tower,26,9,55,4,94,0,0,171,1,172,26,9,226,5,266,216,6,222,488
06/17/2022,LAL,FL,ASO,ES,Federal Contract Tower,26,11,53,0,90,0,0,196,0,196,26,11,249,0,286,172,0,172,458
06/18/2022,LAL,FL,ASO,ES,Federal Contract Tower,26,6,19,0,51,0,0,91,0,91,26,6,110,0,142,90,0,90,232
06/19/2022,LAL,FL,ASO,ES,Federal Contract Tower,26,4,25,0,55,0,0,60,0,60,26,4,85,0,115,110,0,110,225
06/20/2022,LAL,FL,ASO,ES,Federal Contract Tower,28,8,40,0,76,0,0,151,0,151,28,8,191,0,227,198,0,198,425
06/21/2022,LAL,FL,ASO,ES,Federal Contract Tower,27,4,54,9,94,0,0,242,1,243,27,4,296,10,337,148,2,150,487
06/22/2022,LAL,FL,ASO,ES,Federal Contract Tower,25,6,35,5,71,0,0,197,0,197,25,6,232,5,268,214,0,214,482
06/23/2022,LAL,FL,ASO,ES,Federal Contract Tower,25,13,39,2,79,0,0,200,10,210,25,13,239,12,289,164,0,164,453
06/24/2022,LAL,FL,ASO,ES,Federal Contract Tower,27,4,32,0,63,0,0,143,0,143,27,4,175,0,206,138,0,138,344
06/25/2022,LAL,FL,ASO,ES,Federal Contract Tower,24,7,15,0,46,0,0,53,0,53,24,7,68,0,99,102,0,102,201
06/26/2022,LAL,FL,ASO,ES,Federal Contract Tower,27,10,24,3,64,0,0,32,0,32,27,10,56,3,96,38,0,38,134
06/27/2022,LAL,FL,ASO,ES,Federal Contract Tower,27,3,45,0,75,0,0,166,1,167,27,3,211,1,242,238,0,238,480
06/28/2022,LAL,FL,ASO,ES,Federal Contract Tower,26,5,50,0,81,0,0,173,0,173,26,5,223,0,254,224,0,224,478
06/29/2022,LAL,FL,ASO,ES,Federal Contract Tower,26,6,33,0,65,0,0,129,0,129,26,6,162,0,194,188,0,188,382
06/30/2022,LAL,FL,ASO,ES,Federal Contract Tower,25,5,41,2,73,0,0,134,1,135,25,5,175,3,208,268,2,270,478
07/01/2022,LAL,FL,ASO,ES,Federal Contract Tower,25,10,32,2,69,0,0,147,1,148,25,10,179,3,217,172,0,172,389
07/02/2022,LAL,FL,ASO,ES,Federal Contract Tower,26,12,30,0,68,0,0,119,0,119,26,12,149,0,187,238,0,238,425
07/03/2022,LAL,FL,ASO,ES,Federal Contract Tower,25,2,10,0,37,0,0,50,0,50,25,2,60,0,87,36,0,36,123
07/04/2022,LAL,FL,ASO,ES,Federal Contract Tower,2,0,21,0,23,0,0,101,0,101,2,0,122,0,124,146,0,146,270
07/05/2022,LAL,FL,ASO,ES,Federal Contract Tower,2,9,35,2,48,0,0,168,0,168,2,9,203,2,216,256,6,262,478
07/06/2022,LAL,FL,ASO,ES,Federal Contract Tower,26,5,40,6,77,0,0,155,6,161,26,5,195,12,238,290,0,290,528
07/07/2022,LAL,FL,ASO,ES,Federal Contract Tower,28,6,24,5,63,0,0,142,1,143,28,6,166,6,206,210,0,210,416
07/08/2022,LAL,FL,ASO,ES,Federal Contract Tower,26,1,28,0,55,0,0,168,0,168,26,1,196,0,223,248,0,248,471
07/09/2022,LAL,FL,ASO,ES,Federal Contract Tower,26,4,18,0,48,0,0,113,0,113,26,4,131,0,161,192,0,192,353
07/10/2022,LAL,FL,ASO,ES,Federal Contract Tower,26,3,21,0,50,0,0,60,0,60,26,3,81,0,110,48,0,48,158
07/11/2022,LAL,FL,ASO,ES,Federal Contract Tower,27,7,29,7,70,0,0,124,0,124,27,7,153,7,194,198,0,198,392
07/12/2022,LAL,FL,ASO,ES,Federal Contract Tower,27,4,44,2,77,0,0,175,2,177,27,4,219,4,254,238,10,248,502
07/13/2022,LAL,FL,ASO,ES,Federal Contract Tower,30,10,28,2,70,0,0,165,1,166,30,10,193,3,236,220,0,220,456
07/14/2022,LAL,FL,ASO,ES,Federal Contract Tower,29,9,37,3,78,0,0,175,0,175,29,9,212,3,253,254,0,254,507
07/15/2022,LAL,FL,ASO,ES,Federal Contract Tower,28,6,61,0,95,0,0,173,0,173,28,6,234,0,268,156,0,156,424
07/16/2022,LAL,FL,ASO,ES,Federal Contract Tower,25,4,21,0,50,0,0,74,0,74,25,4,95,0,124,184,0,184,308
07/17/2022,LAL,FL,ASO,ES,Federal Contract Tower,26,10,18,2,56,0,0,74,0,74,26,10,92,2,130,122,0,122,252
07/18/2022,LAL,FL,ASO,ES,Federal Contract Tower,26,2,35,1,64,0,0,143,0,143,26,2,178,1,207,252,0,252,459
07/19/2022,LAL,FL,ASO,ES,Federal Contract Tower,26,4,38,6,74,0,0,130,2,132,26,4,168,8,206,158,0,158,364
07/20/2022,LAL,FL,ASO,ES,Federal Contract Tower,27,0,40,0,67,0,0,220,6,226,27,0,260,6,293,204,6,210,503
07/21/2022,LAL,FL,ASO,ES,Federal Contract Tower,28,0,41,0,69,0,0,171,0,171,28,0,212,0,240,192,0,192,432
07/22/2022,LAL,FL,ASO,ES,Federal Contract Tower,27,1,53,2,83,0,0,164,1,165,27,1,217,3,248,200,2,202,450
07/23/2022,LAL,FL,ASO,ES,Federal Contract Tower,26,6,45,0,77,0,0,110,2,112,26,6,155,2,189,170,0,170,359
07/24/2022,LAL,FL,ASO,ES,Federal Contract Tower,26,3,36,0,65,0,0,85,0,85,26,3,121,0,150,146,0,146,296
07/25/2022,LAL,FL,ASO,ES,Federal Contract Tower,26,10,43,0,79,0,0,130,0,130,26,10,173,0,209,140,0,140,349
07/26/2022,LAL,FL,ASO,ES,Federal Contract Tower,26,2,43,0,71,0,0,148,0,148,26,2,191,0,219,146,0,146,365
07/27/2022,LAL,FL,ASO,ES,Federal Contract Tower,27,10,43,0,80,0,0,132,0,132,27,10,175,0,212,156,0,156,368
07/28/2022,LAL,FL,ASO,ES,Federal Contract Tower,27,10,57,0,94,0,0,215,0,215,27,10,272,0,309,300,0,300,609
07/29/2022,LAL,FL,ASO,ES,Federal Contract Tower,26,3,44,2,75,0,0,204,1,205,26,3,248,3,280,270,0,270,550
07/30/2022,LAL,FL,ASO,ES,Federal Contract Tower,23,8,21,0,52,0,0,132,0,132,23,8,153,0,184,136,24,160,344
07/31/2022,LAL,FL,ASO,ES,Federal Contract Tower,27,6,21,15,69,0,0,87,0,87,27,6,108,15,156,124,0,124,280
08/01/2022,LAL,FL,ASO,ES,Federal Contract Tower,25,7,26,5,63,0,0,172,1,173,25,7,198,6,236,240,4,244,480
08/02/2022,LAL,FL,ASO,ES,Federal Contract Tower,24,12,36,0,72,0,0,140,0,140,24,12,176,0,212,126,0,126,338
08/03/2022,LAL,FL,ASO,ES,Federal Contract Tower,24,9,37,0,70,0,0,133,0,133,24,9,170,0,203,220,0,220,423
08/04/2022,LAL,FL,ASO,ES,Federal Contract Tower,30,6,55,1,92,0,0,224,0,224,30,6,279,1,316,218,0,218,534
08/05/2022,LAL,FL,ASO,ES,Federal Contract Tower,26,7,65,4,102,0,0,135,0,135,26,7,200,4,237,180,0,180,417
08/06/2022,LAL,FL,ASO,ES,Federal Contract Tower,28,3,32,2,65,0,0,130,0,130,28,3,162,2,195,214,0,214,409
08/07/2022,LAL,FL,ASO,ES,Federal Contract Tower,21,7,23,3,54,0,0,120,0,120,21,7,143,3,174,120,0,120,294
08/08/2022,LAL,FL,ASO,ES,Federal Contract Tower,24,1,48,0,73,0,0,138,0,138,24,1,186,0,211,154,0,154,365
08/09/2022,LAL,FL,ASO,ES,Federal Contract Tower,25,6,42,0,73,0,0,134,0,134,25,6,176,0,207,146,0,146,353
08/10/2022,LAL,FL,ASO,ES,Federal Contract Tower,24,10,47,0,81,0,0,133,6,139,24,10,180,6,220,248,14,262,482
08/11/2022,LAL,FL,ASO,ES,Federal Contract Tower,25,12,44,11,92,0,0,180,11,191,25,12,224,22,283,242,24,266,549
08/12/2022,LAL,FL,ASO,ES,Federal Contract Tower,27,10,65,8,110,0,0,142,0,142,27,10,207,8,252,254,0,254,506
08/13/2022,LAL,FL,ASO,ES,Federal Contract Tower,24,2,46,0,72,0,0,140,0,140,24,2,186,0,212,260,40,300,512
08/14/2022,LAL,FL,ASO,ES,Federal Contract Tower,24,7,17,0,48,0,0,62,0,62,24,7,79,0,110,86,0,86,196
08/15/2022,LAL,FL,ASO,ES,Federal Contract Tower,24,5,30,3,62,0,0,97,0,97,24,5,127,3,159,156,0,156,315
08/16/2022,LAL,FL,ASO,ES,Federal Contract Tower,26,9,47,2,84,0,0,175,2,177,26,9,222,4,261,206,0,206,467
08/17/2022,LAL,FL,ASO,ES,Federal Contract Tower,24,3,48,2,77,0,0,116,0,116,24,3,164,2,193,230,0,230,423
08/18/2022,LAL,FL,ASO,ES,Federal Contract Tower,24,9,46,3,82,0,0,128,1,129,24,9,174,4,211,290,4,294,505
08/19/2022,LAL,FL,ASO,ES,Federal Contract Tower,24,6,53,2,85,0,0,130,14,144,24,6,183,16,229,204,10,214,443
08/20/2022,LAL,FL,ASO,ES,Federal Contract Tower,20,0,40,1,61,0,0,124,0,124,20,0,164,1,185,140,0,140,325
08/21/2022,LAL,FL,ASO,ES,Federal Contract Tower,24,5,39,4,72,0,0,84,10,94,24,5,123,14,166,92,0,92,258
08/22/2022,LAL,FL,ASO,ES,Federal Contract Tower,23,2,38,0,63,0,0,127,0,127,23,2,165,0,190,190,0,190,380
08/23/2022,LAL,FL,ASO,ES,Federal Contract Tower,24,5,41,0,70,0,0,142,0,142,24,5,183,0,212,202,0,202,414
08/24/2022,LAL,FL,ASO,ES,Federal Contract Tower,28,12,21,2,63,0,0,127,0,127,28,12,148,2,190,128,0,128,318
08/25/2022,LAL,FL,ASO,ES,Federal Contract Tower,26,14,43,0,83,0,0,126,0,126,26,14,169,0,209,202,0,202,411
08/26/2022,LAL,FL,ASO,ES,Federal Contract Tower,25,4,49,2,80,0,0,128,0,128,25,4,177,2,208,102,0,102,310
08/27/2022,LAL,FL,ASO,ES,Federal Contract Tower,23,3,25,2,53,0,0,87,0,87,23,3,112,2,140,70,0,70,210
08/28/2022,LAL,FL,ASO,ES,Federal Contract Tower,26,6,36,1,69,0,0,72,0,72,26,6,108,1,141,100,0,100,241
08/29/2022,LAL,FL,ASO,ES,Federal Contract Tower,22,5,54,2,83,0,0,127,0,127,22,5,181,2,210,120,0,120,330
08/30/2022,LAL,FL,ASO,ES,Federal Contract Tower,23,4,43,2,72,0,0,125,0,125,23,4,168,2,197,160,4,164,361
08/31/2022,LAL,FL,ASO,ES,Federal Contract Tower,21,5,49,1,76,0,0,149,0,149,21,5,198,1,225,196,14,210,435
09/01/2022,LAL,FL,ASO,ES,Federal Contract Tower,26,9,48,2,85,0,0,154,1,155,26,9,202,3,240,200,0,200,440
09/02/2022,LAL,FL,ASO,ES,Federal Contract Tower,22,4,44,0,70,0,0,145,0,145,22,4,189,0,215,212,0,212,427
09/03/2022,LAL,FL,ASO,ES,Federal Contract Tower,24,2,39,1,66,0,0,100,0,100,24,2,139,1,166,150,0,150,316
09/04/2022,LAL,FL,ASO,ES,Federal Contract Tower,21,4,21,0,46,0,0,76,0,76,21,4,97,0,122,210,0,210,332
09/05/2022,LAL,FL,ASO,ES,Federal Contract Tower,24,0,41,1,66,0,0,142,0,142,24,0,183,1,208,108,0,108,316
09/06/2022,LAL,FL,ASO,ES,Federal Contract Tower,25,6,57,4,92,0,0,197,4,201,25,6,254,8,293,210,10,220,513
09/07/2022,LAL,FL,ASO,ES,Federal Contract Tower,24,11,35,3,73,0,0,160,0,160,24,11,195,3,233,110,0,110,343
09/08/2022,LAL,FL,ASO,ES,Federal Contract Tower,27,14,31,3,75,0,0,107,0,107,27,14,138,3,182,186,0,186,368
09/09/2022,LAL,FL,ASO,ES,Federal Contract Tower,25,7,35,2,69,0,0,66,2,68,25,7,101,4,137,138,0,138,275
09/10/2022,LAL,FL,ASO,ES,Federal Contract Tower,25,7,42,0,74,0,0,90,0,90,25,7,132,0,164,38,0,38,202
09/11/2022,LAL,FL,ASO,ES,Federal Contract Tower,23,0,26,2,51,0,0,77,0,77,23,0,103,2,128,102,0,102,230
09/12/2022,LAL,FL,ASO,ES,Federal Contract Tower,24,1,49,0,74,0,0,122,0,122,24,1,171,0,196,128,0,128,324
09/13/2022,LAL,FL,ASO,ES,Federal Contract Tower,26,5,44,0,75,0,0,152,4,156,26,5,196,4,231,186,0,186,417
09/14/2022,LAL,FL,ASO,ES,Federal Contract Tower,24,5,38,1,68,0,0,148,1,149,24,5,186,2,217,226,0,226,443
09/15/2022,LAL,FL,ASO,ES,Federal Contract Tower,25,17,53,7,102,0,0,74,0,74,25,17,127,7,176,88,0,88,264
09/16/2022,LAL,FL,ASO,ES,Federal Contract Tower,24,5,51,2,82,0,0,85,2,87,24,5,136,4,169,124,8,132,301
09/17/2022,LAL,FL,ASO,ES,Federal Contract Tower,23,4,34,1,62,0,0,86,2,88,23,4,120,3,150,160,2,162,312
09/18/2022,LAL,FL,ASO,ES,Federal Contract Tower,25,7,27,1,60,0,0,46,1,47,25,7,73,2,107,4,0,4,111
09/19/2022,LAL,FL,ASO,ES,Federal Contract Tower,25,6,40,8,79,0,0,154,0,154,25,6,194,8,233,248,0,248,481
09/20/2022,LAL,FL,ASO,ES,Federal Contract Tower,24,4,50,9,87,0,0,169,2,171,24,4,219,11,258,210,12,222,480
09/21/2022,LAL,FL,ASO,ES,Federal Contract Tower,26,7,45,3,81,0,0,118,3,121,26,7,163,6,202,236,0,236,438
09/22/2022,LAL,FL,ASO,ES,Federal Contract Tower,23,6,40,2,71,0,0,171,2,173,23,6,211,4,244,276,0,276,520
09/23/2022,LAL,FL,ASO,ES,Federal Contract Tower,23,7,56,3,89,0,0,215,1,216,23,7,271,4,305,232,0,232,537
09/24/2022,LAL,FL,ASO,ES,Federal Contract Tower,23,0,44,2,69,0,0,131,6,137,23,0,175,8,206,214,0,214,420
09/25/2022,LAL,FL,ASO,ES,Federal Contract Tower,24,3,23,5,55,0,0,72,0,72,24,3,95,5,127,116,0,116,243
09/26/2022,LAL,FL,ASO,ES,Federal Contract Tower,18,8,41,6,73,0,0,126,2,128,18,8,167,8,201,154,0,154,355
09/27/2022,LAL,FL,ASO,ES,Federal Contract Tower,0,16,33,10,59,0,0,36,4,40,0,16,69,14,99,20,0,20,119
09/28/2022,LAL,FL,ASO,ES,Federal Contract Tower,0,0,0,0,0,0,0,0,0,0,0,0,0,0,0,0,0,0,0
09/29/2022,LAL,FL,ASO,ES,Federal Contract Tower,0,5,15,0,20,0,0,20,10,30,0,5,35,10,50,0,0,0,50
09/30/2022,LAL,FL,ASO,ES,Federal Contract Tower,2,13,22,11,48,0,0,100,3,103,2,13,122,14,151,58,0,58,209
10/01/2022,LAL,FL,ASO,ES,Federal Contract Tower,15,6,20,5,46,0,0,123,5,128,15,6,143,10,174,98,2,100,274
10/02/2022,LAL,FL,ASO,ES,Federal Contract Tower,24,11,33,2,70,0,0,150,0,150,24,11,183,2,220,60,0,60,280
10/03/2022,LAL,FL,ASO,ES,Federal Contract Tower,24,8,37,2,71,0,4,174,0,178,24,12,211,2,249,252,0,252,501
10/04/2022,LAL,FL,ASO,ES,Federal Contract Tower,24,17,58,2,101,0,4,205,4,213,24,21,263,6,314,266,0,266,580
10/05/2022,LAL,FL,ASO,ES,Federal Contract Tower,23,12,35,1,71,0,12,242,4,258,23,24,277,5,329,298,0,298,627
10/06/2022,LAL,FL,ASO,ES,Federal Contract Tower,28,15,45,4,92,0,6,214,5,225,28,21,259,9,317,254,0,254,571
10/07/2022,LAL,FL,ASO,ES,Federal Contract Tower,24,9,43,5,81,0,2,218,1,221,24,11,261,6,302,156,0,156,458
10/08/2022,LAL,FL,ASO,ES,Federal Contract Tower,23,8,23,3,57,0,17,141,2,160,23,25,164,5,217,110,0,110,327
10/09/2022,LAL,FL,ASO,ES,Federal Contract Tower,24,8,39,1,72,0,0,102,0,102,24,8,141,1,174,148,0,148,322
10/10/2022,LAL,FL,ASO,ES,Federal Contract Tower,24,13,28,0,65,0,0,179,0,179,24,13,207,0,244,280,0,280,524
10/11/2022,LAL,FL,ASO,ES,Federal Contract Tower,23,15,59,0,97,0,0,205,0,205,23,15,264,0,302,226,0,226,528
10/12/2022,LAL,FL,ASO,ES,Federal Contract Tower,24,13,33,0,70,0,0,171,0,171,24,13,204,0,241,294,0,294,535
10/13/2022,LAL,FL,ASO,ES,Federal Contract Tower,26,7,35,2,70,0,0,112,0,112,26,7,147,2,182,222,0,222,404
10/14/2022,LAL,FL,ASO,ES,Federal Contract Tower,26,9,46,4,85,0,0,172,2,174,26,9,218,6,259,238,0,238,497
10/15/2022,LAL,FL,ASO,ES,Federal Contract Tower,22,8,20,1,51,0,1,129,4,134,22,9,149,5,185,140,6,146,331
10/16/2022,LAL,FL,ASO,ES,Federal Contract Tower,24,5,26,4,59,0,0,116,0,116,24,5,142,4,175,202,0,202,377
10/17/2022,LAL,FL,ASO,ES,Federal Contract Tower,24,13,35,1,73,0,0,166,0,166,24,13,201,1,239,316,0,316,555
10/18/2022,LAL,FL,ASO,ES,Federal Contract Tower,24,9,67,2,102,0,0,117,0,117,24,9,184,2,219,204,4,208,427
10/19/2022,LAL,FL,ASO,ES,Federal Contract Tower,19,8,32,1,60,0,0,137,3,140,19,8,169,4,200,224,10,234,434
10/20/2022,LAL,FL,ASO,ES,Federal Contract Tower,21,9,43,0,73,0,0,222,0,222,21,9,265,0,295,174,0,174,469
10/21/2022,LAL,FL,ASO,ES,Federal Contract Tower,24,6,47,3,80,0,0,190,0,190,24,6,237,3,270,240,10,250,520
10/22/2022,LAL,FL,ASO,ES,Federal Contract Tower,14,2,38,0,54,0,0,144,0,144,14,2,182,0,198,222,0,222,420
10/23/2022,LAL,FL,ASO,ES,Federal Contract Tower,20,11,45,0,76,0,0,110,0,110,20,11,155,0,186,220,0,220,406
10/24/2022,LAL,FL,ASO,ES,Federal Contract Tower,24,8,41,2,75,0,0,172,2,174,24,8,213,4,249,272,0,272,521
10/25/2022,LAL,FL,ASO,ES,Federal Contract Tower,23,6,52,0,81,0,0,207,3,210,23,6,259,3,291,280,18,298,589
10/26/2022,LAL,FL,ASO,ES,Federal Contract Tower,22,8,44,6,80,0,0,228,2,230,22,8,272,8,310,338,0,338,648
10/27/2022,LAL,FL,ASO,ES,Federal Contract Tower,27,7,44,4,82,0,0,150,2,152,27,7,194,6,234,309,8,317,551
10/28/2022,LAL,FL,ASO,ES,Federal Contract Tower,24,9,57,1,91,0,0,193,2,195,24,9,250,3,286,266,0,266,552
10/29/2022,LAL,FL,ASO,ES,Federal Contract Tower,23,9,28,7,67,0,0,54,0,54,23,9,82,7,121,186,0,186,307
10/30/2022,LAL,FL,ASO,ES,Federal Contract Tower,25,7,37,0,69,0,0,94,3,97,25,7,131,3,166,284,120,404,570
10/31/2022,LAL,FL,ASO,ES,Federal Contract Tower,24,13,28,0,65,0,0,179,0,179,24,13,207,0,244,280,0,280,524
11/01/2022,LAL,FL,ASO,ES,Federal Contract Tower,22,11,59,0,92,0,0,141,2,143,22,11,200,2,235,178,12,190,425
11/02/2022,LAL,FL,ASO,ES,Federal Contract Tower,25,6,45,1,77,0,0,139,1,140,25,6,184,2,217,76,0,76,293
11/03/2022,LAL,FL,ASO,ES,Federal Contract Tower,20,8,58,3,89,0,0,144,1,145,20,8,202,4,234,272,2,274,508
11/04/2022,LAL,FL,ASO,ES,Federal Contract Tower,22,5,58,2,87,0,0,167,4,171,22,5,225,6,258,236,0,236,494
11/05/2022,LAL,FL,ASO,ES,Federal Contract Tower,22,4,32,0,58,0,0,131,0,131,22,4,163,0,189,192,0,192,381
11/06/2022,LAL,FL,ASO,ES,Federal Contract Tower,20,3,37,10,70,0,0,94,0,94,20,3,131,10,164,150,0,150,314
11/07/2022,LAL,FL,ASO,ES,Federal Contract Tower,20,11,60,3,94,0,0,138,0,138,20,11,198,3,232,146,0,146,378
11/08/2022,LAL,FL,ASO,ES,Federal Contract Tower,22,8,60,7,97,0,0,44,0,44,22,8,104,7,141,66,0,66,207
11/09/2022,LAL,FL,ASO,ES,Federal Contract Tower,15,10,29,3,57,0,0,2,0,2,15,10,31,3,59,0,0,0,59
11/10/2022,LAL,FL,ASO,ES,Federal Contract Tower,9,2,1,1,13,0,0,0,0,0,9,2,1,1,13,0,0,0,13
11/11/2022,LAL,FL,ASO,ES,Federal Contract Tower,21,12,14,0,47,0,0,42,0,42,21,12,56,0,89,78,0,78,167
11/12/2022,LAL,FL,ASO,ES,Federal Contract Tower,21,3,29,1,54,0,0,113,2,115,21,3,142,3,169,204,6,210,379
11/13/2022,LAL,FL,ASO,ES,Federal Contract Tower,22,12,30,4,68,0,0,60,0,60,22,12,90,4,128,180,6,186,314
11/14/2022,LAL,FL,ASO,ES,Federal Contract Tower,22,12,65,9,108,0,0,180,2,182,22,12,245,11,290,230,2,232,522
11/15/2022,LAL,FL,ASO,ES,Federal Contract Tower,23,9,58,3,93,0,0,257,3,260,23,9,315,6,353,350,0,350,703
11/16/2022,LAL,FL,ASO,ES,Federal Contract Tower,22,4,72,1,99,0,0,46,4,50,22,4,118,5,149,214,0,214,363
11/17/2022,LAL,FL,ASO,ES,Federal Contract Tower,25,8,49,1,83,0,0,234,5,239,25,8,283,6,322,82,0,82,404
11/18/2022,LAL,FL,ASO,ES,Federal Contract Tower,24,11,48,1,84,0,0,208,1,209,24,11,256,2,293,172,0,172,465
11/19/2022,LAL,FL,ASO,ES,Federal Contract Tower,23,11,39,0,73,0,0,169,0,169,23,11,208,0,242,208,0,208,450
11/20/2022,LAL,FL,ASO,ES,Federal Contract Tower,25,9,10,0,44,0,0,5,0,5,25,9,15,0,49,12,0,12,61
11/21/2022,LAL,FL,ASO,ES,Federal Contract Tower,23,4,34,4,65,0,0,118,1,119,23,4,152,5,184,194,0,194,378
11/22/2022,LAL,FL,ASO,ES,Federal Contract Tower,25,11,60,5,101,0,0,11,0,11,25,11,71,5,112,8,0,8,120
11/23/2022,LAL,FL,ASO,ES,Federal Contract Tower,26,3,55,4,88,0,0,15,0,15,26,3,70,4,103,52,0,52,155
11/24/2022,LAL,FL,ASO,ES,Federal Contract Tower,0,6,8,0,14,0,0,12,0,12,0,6,20,0,26,38,0,38,64
11/25/2022,LAL,FL,ASO,ES,Federal Contract Tower,0,7,38,1,46,0,0,74,1,75,0,7,112,2,121,130,0,130,251
11/26/2022,LAL,FL,ASO,ES,Federal Contract Tower,23,10,33,0,66,0,0,51,0,51,23,10,84,0,117,120,0,120,237
11/27/2022,LAL,FL,ASO,ES,Federal Contract Tower,26,3,20,0,49,0,0,39,0,39,26,3,59,0,88,38,0,38,126
11/28/2022,LAL,FL,ASO,ES,Federal Contract Tower,28,10,52,5,95,0,0,208,0,208,28,10,260,5,303,330,0,330,633
11/29/2022,LAL,FL,ASO,ES,Federal Contract Tower,24,10,67,0,101,0,0,262,0,262,24,10,329,0,363,236,0,236,599
11/30/2022,LAL,FL,ASO,ES,Federal Contract Tower,25,11,81,0,117,0,0,193,0,193,25,11,274,0,310,254,0,254,564
12/01/2022,LAL,FL,ASO,ES,Federal Contract Tower,23,11,70,2,106,0,0,145,1,146,23,11,215,3,252,104,0,104,356
12/02/2022,LAL,FL,ASO,ES,Federal Contract Tower,23,13,74,3,113,0,0,219,8,227,23,13,293,11,340,180,10,190,530
12/03/2022,LAL,FL,ASO,ES,Federal Contract Tower,25,3,31,0,59,0,0,144,0,144,25,3,175,0,203,178,0,178,381
12/04/2022,LAL,FL,ASO,ES,Federal Contract Tower,25,7,53,2,87,0,0,132,2,134,25,7,185,4,221,180,0,180,401
12/05/2022,LAL,FL,ASO,ES,Federal Contract Tower,22,2,42,1,67,0,0,221,0,221,22,2,263,1,288,290,0,290,578
12/06/2022,LAL,FL,ASO,ES,Federal Contract Tower,26,8,59,0,93,0,0,240,0,240,26,8,299,0,333,344,0,344,677
12/07/2022,LAL,FL,ASO,ES,Federal Contract Tower,24,9,64,9,106,0,0,230,3,233,24,9,294,12,339,308,6,314,653
12/08/2022,LAL,FL,ASO,ES,Federal Contract Tower,24,12,54,2,92,0,0,223,0,223,24,12,277,2,315,366,0,366,681
12/09/2022,LAL,FL,ASO,ES,Federal Contract Tower,22,10,49,0,81,0,0,199,0,199,22,10,248,0,280,274,0,274,554
12/10/2022,LAL,FL,ASO,ES,Federal Contract Tower,26,5,51,0,82,0,0,130,0,130,26,5,181,0,212,54,10,64,276
12/11/2022,LAL,FL,ASO,ES,Federal Contract Tower,27,9,43,0,79,0,0,25,0,25,27,9,68,0,104,64,0,64,168
12/12/2022,LAL,FL,ASO,ES,Federal Contract Tower,27,9,54,6,96,0,0,108,1,109,27,9,162,7,205,136,4,140,345
12/13/2022,LAL,FL,ASO,ES,Federal Contract Tower,23,10,68,5,106,0,0,163,8,171,23,10,231,13,277,134,6,140,417
12/14/2022,LAL,FL,ASO,ES,Federal Contract Tower,29,8,61,8,106,0,0,134,7,141,29,8,195,15,247,236,0,236,483
12/15/2022,LAL,FL,ASO,ES,Federal Contract Tower,27,11,15,0,53,0,0,9,0,9,27,11,24,0,62,10,0,10,72
12/16/2022,LAL,FL,ASO,ES,Federal Contract Tower,24,14,58,14,110,0,0,216,3,219,24,14,274,17,329,242,0,242,571
12/17/2022,LAL,FL,ASO,ES,Federal Contract Tower,25,1,40,4,70,0,0,157,1,158,25,1,197,5,228,150,0,150,378
12/18/2022,LAL,FL,ASO,ES,Federal Contract Tower,24,1,44,4,73,0,0,108,1,109,24,1,152,5,182,184,4,188,370
12/19/2022,LAL,FL,ASO,ES,Federal Contract Tower,25,12,46,5,88,0,0,252,1,253,25,12,298,6,341,228,0,228,569
12/20/2022,LAL,FL,ASO,ES,Federal Contract Tower,24,4,46,4,78,0,0,123,2,125,24,4,169,6,203,200,4,204,407
12/21/2022,LAL,FL,ASO,ES,Federal Contract Tower,22,16,59,3,100,0,1,69,2,72,22,17,128,5,172,50,0,50,222
12/22/2022,LAL,FL,ASO,ES,Federal Contract Tower,22,7,28,3,60,0,0,30,0,30,22,7,58,3,90,58,0,58,148
12/23/2022,LAL,FL,ASO,ES,Federal Contract Tower,20,13,36,0,69,0,0,54,0,54,20,13,90,0,123,108,0,108,231
12/24/2022,LAL,FL,ASO,ES,Federal Contract Tower,0,0,11,0,11,0,0,56,0,56,0,0,67,0,67,180,0,180,247
12/25/2022,LAL,FL,ASO,ES,Federal Contract Tower,0,4,3,0,7,0,0,22,0,22,0,4,25,0,29,18,0,18,47
12/26/2022,LAL,FL,ASO,ES,Federal Contract Tower,0,6,33,0,39,0,0,127,2,129,0,6,160,2,168,302,0,302,470
12/27/2022,LAL,FL,ASO,ES,Federal Contract Tower,25,4,62,4,95,0,0,194,0,194,25,4,256,4,289,284,0,284,573
12/28/2022,LAL,FL,ASO,ES,Federal Contract Tower,25,5,45,0,75,0,0,199,0,199,25,5,244,0,274,236,0,236,510
12/29/2022,LAL,FL,ASO,ES,Federal Contract Tower,25,6,33,0,64,0,0,169,0,169,25,6,202,0,233,260,0,260,493
12/30/2022,LAL,FL,ASO,ES,Federal Contract Tower,24,7,53,0,84,0,0,161,0,161,24,7,214,0,245,200,0,200,445
12/31/2022,LAL,FL,ASO,ES,Federal Contract Tower,0,6,12,0,18,0,0,8,0,8,0,6,20,0,26,2,0,2,28
01/01/2023,LAL,FL,ASO,ES,Federal Contract Tower,0,2,19,0,21,0,0,26,0,26,0,2,45,0,47,154,0,154,201
01/02/2023,LAL,FL,ASO,ES,Federal Contract Tower,20,14,53,1,88,0,0,91,0,91,20,14,144,1,179,208,0,208,387
01/03/2023,LAL,FL,ASO,ES,Federal Contract Tower,20,4,45,0,69,0,0,164,0,164,20,4,209,0,233,274,0,274,507
01/04/2023,LAL,FL,ASO,ES,Federal Contract Tower,21,1,46,4,72,0,0,57,0,57,21,1,103,4,129,102,0,102,231
01/05/2023,LAL,FL,ASO,ES,Federal Contract Tower,21,7,34,1,63,0,0,59,3,62,21,7,93,4,125,132,20,152,277
01/06/2023,LAL,FL,ASO,ES,Federal Contract Tower,22,3,39,6,70,0,0,208,0,208,22,3,247,6,278,198,0,198,476
01/07/2023,LAL,FL,ASO,ES,Federal Contract Tower,26,3,34,0,63,0,0,149,0,149,26,3,183,0,212,190,0,190,402
01/08/2023,LAL,FL,ASO,ES,Federal Contract Tower,24,6,68,2,100,0,0,111,4,115,24,6,179,6,215,140,0,140,355
01/09/2023,LAL,FL,ASO,ES,Federal Contract Tower,25,9,46,1,81,0,0,194,0,194,25,9,240,1,275,340,0,340,615
01/10/2023,LAL,FL,ASO,ES,Federal Contract Tower,23,6,51,3,83,0,0,221,0,221,23,6,272,3,304,230,2,232,536
01/11/2023,LAL,FL,ASO,ES,Federal Contract Tower,25,9,64,2,100,0,0,244,0,244,25,9,308,2,344,268,0,268,612
01/12/2023,LAL,FL,ASO,ES,Federal Contract Tower,24,10,49,7,90,0,0,182,0,182,24,10,231,7,272,236,0,236,508
01/13/2023,LAL,FL,ASO,ES,Federal Contract Tower,24,6,26,4,60,0,0,8,0,8,24,6,34,4,68,0,0,0,68
01/14/2023,LAL,FL,ASO,ES,Federal Contract Tower,23,5,23,0,51,0,0,56,0,56,23,5,79,0,107,46,0,46,153
01/15/2023,LAL,FL,ASO,ES,Federal Contract Tower,24,6,25,0,55,0,0,149,0,149,24,6,174,0,204,302,0,302,506
01/16/2023,LAL,FL,ASO,ES,Federal Contract Tower,22,12,40,4,78,0,0,182,0,182,22,12,222,4,260,220,0,220,480
01/17/2023,LAL,FL,ASO,ES,Federal Contract Tower,23,11,52,0,86,0,0,173,0,173,23,11,225,0,259,208,0,208,467
01/18/2023,LAL,FL,ASO,ES,Federal Contract Tower,21,9,63,2,95,0,0,252,0,252,21,9,315,2,347,214,0,214,561
01/19/2023,LAL,FL,ASO,ES,Federal Contract Tower,19,11,41,1,72,0,0,201,0,201,19,11,242,1,273,232,16,248,521
01/20/2023,LAL,FL,ASO,ES,Federal Contract Tower,22,7,49,1,79,0,0,138,0,138,22,7,187,1,217,146,0,146,363
01/21/2023,LAL,FL,ASO,ES,Federal Contract Tower,22,3,29,2,56,0,0,87,2,89,22,3,116,4,145,192,0,192,337
01/22/2023,LAL,FL,ASO,ES,Federal Contract Tower,24,5,20,3,52,0,0,36,2,38,24,5,56,5,90,24,0,24,114
01/23/2023,LAL,FL,ASO,ES,Federal Contract Tower,23,3,45,6,77,0,0,157,4,161,23,3,202,10,238,146,6,152,390
01/24/2023,LAL,FL,ASO,ES,Federal Contract Tower,21,12,47,0,80,0,0,193,4,197,21,12,240,4,277,98,0,98,375
01/25/2023,LAL,FL,ASO,ES,Federal Contract Tower,18,6,30,3,57,0,0,82,3,85,18,6,112,6,142,32,4,36,178
01/26/2023,LAL,FL,ASO,ES,Federal Contract Tower,22,8,72,4,106,0,0,159,9,168,22,8,231,13,274,116,0,116,390
01/27/2023,LAL,FL,ASO,ES,Federal Contract Tower,23,3,55,2,83,0,4,253,9,266,23,7,308,11,349,142,0,142,491
01/28/2023,LAL,FL,ASO,ES,Federal Contract Tower,25,5,47,0,77,0,0,182,0,182,25,5,229,0,259,112,0,112,371
01/29/2023,LAL,FL,ASO,ES,Federal Contract Tower,22,5,30,0,57,0,0,124,0,124,22,5,154,0,181,164,0,164,345
01/30/2023,LAL,FL,ASO,ES,Federal Contract Tower,23,4,45,1,73,0,0,210,0,210,23,4,255,1,283,214,0,214,497
01/31/2023,LAL,FL,ASO,ES,Federal Contract Tower,23,5,54,1,83,0,0,205,0,205,23,5,259,1,288,206,0,206,494
02/01/2023,LAL,FL,ASO,ES,Federal Contract Tower,22,6,52,10,90,0,0,206,0,206,22,6,258,10,296,272,0,272,568
02/02/2023,LAL,FL,ASO,ES,Federal Contract Tower,26,2,77,0,105,0,0,221,0,221,26,2,298,0,326,250,0,250,576
02/03/2023,LAL,FL,ASO,ES,Federal Contract Tower,25,2,54,1,82,0,0,10,0,10,25,2,64,1,92,0,0,0,92
02/04/2023,LAL,FL,ASO,ES,Federal Contract Tower,24,1,51,1,77,0,0,150,0,150,24,1,201,1,227,30,0,30,257
02/05/2023,LAL,FL,ASO,ES,Federal Contract Tower,24,7,57,0,88,0,0,94,0,94,24,7,151,0,182,154,0,154,336
02/06/2023,LAL,FL,ASO,ES,Federal Contract Tower,24,10,53,3,90,0,0,223,4,227,24,10,276,7,317,198,10,208,525
02/07/2023,LAL,FL,ASO,ES,Federal Contract Tower,23,8,55,0,86,0,0,229,0,229,23,8,284,0,315,216,0,216,531
02/08/2023,LAL,FL,ASO,ES,Federal Contract Tower,24,9,68,1,102,0,0,219,0,219,24,9,287,1,321,208,0,208,529
02/09/2023,LAL,FL,ASO,ES,Federal Contract Tower,26,14,40,4,84,0,0,118,0,118,26,14,158,4,202,108,0,108,310
02/10/2023,LAL,FL,ASO,ES,Federal Contract Tower,26,10,69,2,107,0,0,121,0,121,26,10,190,2,228,130,0,130,358
02/11/2023,LAL,FL,ASO,ES,Federal Contract Tower,24,2,33,1,60,0,0,30,0,30,24,2,63,1,90,26,0,26,116
02/12/2023,LAL,FL,ASO,ES,Federal Contract Tower,26,7,13,0,46,0,0,10,0,10,26,7,23,0,56,2,0,2,58
02/13/2023,LAL,FL,ASO,ES,Federal Contract Tower,24,8,54,3,89,0,0,192,2,194,24,8,246,5,283,138,0,138,421
02/14/2023,LAL,FL,ASO,ES,Federal Contract Tower,24,7,54,0,85,0,0,251,0,251,24,7,305,0,336,186,6,192,528
02/15/2023,LAL,FL,ASO,ES,Federal Contract Tower,26,11,54,3,94,0,0,207,0,207,26,11,261,3,301,150,0,150,451
02/16/2023,LAL,FL,ASO,ES,Federal Contract Tower,23,15,60,0,98,0,0,205,5,210,23,15,265,5,308,184,0,184,492
02/17/2023,LAL,FL,ASO,ES,Federal Contract Tower,25,8,58,0,91,0,0,186,1,187,25,8,244,1,278,210,0,210,488
02/18/2023,LAL,FL,ASO,ES,Federal Contract Tower,24,7,46,0,77,0,0,136,0,136,24,7,182,0,213,126,0,126,339
02/19/2023,LAL,FL,ASO,ES,Federal Contract Tower,24,4,29,0,57,0,0,153,0,153,24,4,182,0,210,246,0,246,456
02/20/2023,LAL,FL,ASO,ES,Federal Contract Tower,28,4,38,1,71,0,0,183,0,183,28,4,221,1,254,180,0,180,434
02/21/2023,LAL,FL,ASO,ES,Federal Contract Tower,23,10,56,1,90,0,0,130,3,133,23,10,186,4,223,198,8,206,429
02/22/2023,LAL,FL,ASO,ES,Federal Contract Tower,19,9,61,2,91,0,0,167,0,167,19,9,228,2,258,174,0,174,432
02/23/2023,LAL,FL,ASO,ES,Federal Contract Tower,24,13,74,1,112,0,0,253,0,253,24,13,327,1,365,270,14,284,649
02/24/2023,LAL,FL,ASO,ES,Federal Contract Tower,25,4,59,5,93,0,0,108,4,112,25,4,167,9,205,138,0,138,343
02/25/2023,LAL,FL,ASO,ES,Federal Contract Tower,25,9,49,1,84,0,0,192,0,192,25,9,241,1,276,246,0,246,522
02/26/2023,LAL,FL,ASO,ES,Federal Contract Tower,25,5,41,0,71,0,0,104,4,108,25,5,145,4,179,128,0,128,307
02/27/2023,LAL,FL,ASO,ES,Federal Contract Tower,24,4,41,6,75,0,0,85,1,86,24,4,126,7,161,166,0,166,327
02/28/2023,LAL,FL,ASO,ES,Federal Contract Tower,24,10,54,17,105,0,0,132,0,132,24,10,186,17,237,218,10,228,465
03/01/2023,LAL,FL,ASO,ES,Federal Contract Tower,25,3,61,7,96,0,0,164,0,164,25,3,225,7,260,202,0,202,462
03/02/2023,LAL,FL,ASO,ES,Federal Contract Tower,26,6,68,7,107,0,0,307,2,309,26,6,375,9,416,100,6,106,522
03/03/2023,LAL,FL,ASO,ES,Federal Contract Tower,23,8,42,4,77,0,0,58,2,60,23,8,100,6,137,32,0,32,169
03/04/2023,LAL,FL,ASO,ES,Federal Contract Tower,25,1,59,2,87,0,0,60,1,61,25,1,119,3,148,168,0,168,316
03/05/2023,LAL,FL,ASO,ES,Federal Contract Tower,26,2,28,7,63,0,0,138,1,139,26,2,166,8,202,224,0,224,426
03/06/2023,LAL,FL,ASO,ES,Federal Contract Tower,24,5,45,2,76,0,0,137,2,139,24,5,182,4,215,210,0,210,425
03/07/2023,LAL,FL,ASO,ES,Federal Contract Tower,25,6,63,1,95,0,0,174,1,175,25,6,237,2,270,254,0,254,524
03/08/2023,LAL,FL,ASO,ES,Federal Contract Tower,26,6,57,3,92,0,0,119,1,120,26,6,176,4,212,172,0,172,384
03/09/2023,LAL,FL,ASO,ES,Federal Contract Tower,20,6,55,1,82,0,0,217,5,222,20,6,272,6,304,224,2,226,530
03/10/2023,LAL,FL,ASO,ES,Federal Contract Tower,21,7,44,7,79,0,0,163,2,165,21,7,207,9,244,224,12,236,480
03/11/2023,LAL,FL,ASO,ES,Federal Contract Tower,22,6,44,0,72,0,0,150,0,150,22,6,194,0,222,214,0,214,436
03/12/2023,LAL,FL,ASO,ES,Federal Contract Tower,25,6,28,0,59,0,0,115,6,121,25,6,143,6,180,168,0,168,348
03/13/2023,LAL,FL,ASO,ES,Federal Contract Tower,23,7,20,0,50,0,0,22,0,22,23,7,42,0,72,74,0,74,146
03/14/2023,LAL,FL,ASO,ES,Federal Contract Tower,25,1,48,1,75,0,0,241,0,241,25,1,289,1,316,240,0,240,556
03/15/2023,LAL,FL,ASO,ES,Federal Contract Tower,24,4,57,0,85,0,0,170,0,170,24,4,227,0,255,146,0,146,401
03/16/2023,LAL,FL,ASO,ES,Federal Contract Tower,23,12,46,0,81,0,0,210,2,212,23,12,256,2,293,220,4,224,517
03/17/2023,LAL,FL,ASO,ES,Federal Contract Tower,25,4,36,0,65,0,0,145,0,145,25,4,181,0,210,218,0,218,428
03/18/2023,LAL,FL,ASO,ES,Federal Contract Tower,25,10,22,0,57,0,0,69,0,69,25,10,91,0,126,82,0,82,208
03/19/2023,LAL,FL,ASO,ES,Federal Contract Tower,24,8,25,1,58,0,0,79,0,79,24,8,104,1,137,268,0,268,405
03/20/2023,LAL,FL,ASO,ES,Federal Contract Tower,28,4,44,3,79,0,0,234,1,235,28,4,278,4,314,250,0,250,564
03/21/2023,LAL,FL,ASO,ES,Federal Contract Tower,25,5,47,2,79,0,0,266,2,268,25,5,313,4,347,264,4,268,615
03/22/2023,LAL,FL,ASO,ES,Federal Contract Tower,24,14,71,7,116,0,0,215,0,215,24,14,286,7,331,158,0,158,489
03/23/2023,LAL,FL,ASO,ES,Federal Contract Tower,25,9,49,2,85,0,0,202,0,202,25,9,251,2,287,202,0,202,489
03/24/2023,LAL,FL,ASO,ES,Federal Contract Tower,24,2,58,16,100,0,0,188,1,189,24,2,246,17,289,110,0,110,399
03/25/2023,LAL,FL,ASO,ES,Federal Contract Tower,24,4,33,2,63,0,0,68,5,73,24,4,101,7,136,4,0,4,140
03/26/2023,LAL,FL,ASO,ES,Federal Contract Tower,22,6,39,2,69,0,0,115,2,117,22,6,154,4,186,2,0,2,188
03/27/2023,LAL,FL,ASO,ES,Federal Contract Tower,26,0,0,0,26,0,0,598,0,598,26,0,598,0,624,0,0,0,624
03/28/2023,LAL,FL,ASO,ES,Federal Contract Tower,26,0,0,0,26,719,0,0,0,719,745,0,0,0,745,0,0,0,745
03/29/2023,LAL,FL,ASO,ES,Federal Contract Tower,26,0,0,0,26,1017,0,0,0,1017,1043,0,0,0,1043,0,0,0,1043
03/30/2023,LAL,FL,ASO,ES,Federal Contract Tower,26,0,0,0,26,1297,0,0,0,1297,1323,0,0,0,1323,0,0,0,1323
03/31/2023,LAL,FL,ASO,ES,Federal Contract Tower,26,0,0,0,26,1439,0,0,0,1439,1465,0,0,0,1465,0,0,0,1465
04/01/2023,LAL,FL,ASO,ES,Federal Contract Tower,26,0,0,0,26,1315,0,0,0,1315,1341,0,0,0,1341,0,0,0,1341
04/02/2023,LAL,FL,ASO,ES,Federal Contract Tower,26,0,0,0,26,0,0,821,0,821,26,0,821,0,847,0,0,0,847
04/03/2023,LAL,FL,ASO,ES,Federal Contract Tower,20,18,57,8,103,0,0,191,11,202,20,18,248,19,305,72,0,72,377
04/04/2023,LAL,FL,ASO,ES,Federal Contract Tower,22,9,68,3,102,0,0,215,0,215,22,9,283,3,317,240,0,240,557
04/05/2023,LAL,FL,ASO,ES,Federal Contract Tower,21,8,39,2,70,0,0,177,0,177,21,8,216,2,247,196,0,196,443
04/06/2023,LAL,FL,ASO,ES,Federal Contract Tower,24,12,63,5,104,0,0,193,1,194,24,12,256,6,298,280,6,286,584
04/07/2023,LAL,FL,ASO,ES,Federal Contract Tower,23,8,61,2,94,0,1,190,1,192,23,9,251,3,286,226,2,228,514
04/08/2023,LAL,FL,ASO,ES,Federal Contract Tower,22,1,21,1,45,0,0,173,0,173,22,1,194,1,218,288,0,288,506
04/09/2023,LAL,FL,ASO,ES,Federal Contract Tower,22,4,24,0,50,0,0,13,0,13,22,4,37,0,63,2,0,2,65
04/10/2023,LAL,FL,ASO,ES,Federal Contract Tower,22,7,30,0,59,0,0,67,1,68,22,7,97,1,127,42,0,42,169
04/11/2023,LAL,FL,ASO,ES,Federal Contract Tower,22,9,35,1,67,0,0,61,0,61,22,9,96,1,128,46,2,48,176
04/12/2023,LAL,FL,ASO,ES,Federal Contract Tower,22,3,26,7,58,0,0,50,1,51,22,3,76,8,109,44,0,44,153
04/13/2023,LAL,FL,ASO,ES,Federal Contract Tower,22,11,59,1,93,0,0,111,0,111,22,11,170,1,204,196,0,196,400
04/14/2023,LAL,FL,ASO,ES,Federal Contract Tower,25,12,70,7,114,0,0,137,2,139,25,12,207,9,253,212,8,220,473
04/15/2023,LAL,FL,ASO,ES,Federal Contract Tower,23,6,28,4,61,0,0,175,0,175,23,6,203,4,236,144,0,144,380
04/16/2023,LAL,FL,ASO,ES,Federal Contract Tower,20,15,28,2,65,0,0,103,0,103,20,15,131,2,168,190,0,190,358
04/17/2023,LAL,FL,ASO,ES,Federal Contract Tower,21,9,27,0,57,0,0,69,0,69,21,9,96,0,126,102,0,102,228
04/18/2023,LAL,FL,ASO,ES,Federal Contract Tower,20,14,71,5,110,0,0,202,1,203,20,14,273,6,313,242,2,244,557
04/19/2023,LAL,FL,ASO,ES,Federal Contract Tower,21,8,64,2,95,0,2,257,1,260,21,10,321,3,355,248,0,248,603
04/20/2023,LAL,FL,ASO,ES,Federal Contract Tower,22,7,65,1,95,0,0,209,2,211,22,7,274,3,306,256,0,256,562
04/21/2023,LAL,FL,ASO,ES,Federal Contract Tower,22,6,62,5,95,0,0,234,0,234,22,6,296,5,329,250,0,250,579
04/22/2023,LAL,FL,ASO,ES,Federal Contract Tower,22,6,43,1,72,0,0,137,0,137,22,6,180,1,209,354,0,354,563
04/23/2023,LAL,FL,ASO,ES,Federal Contract Tower,24,4,33,0,61,0,0,85,0,85,24,4,118,0,146,164,0,164,310
04/24/2023,LAL,FL,ASO,ES,Federal Contract Tower,22,4,30,2,58,0,0,100,0,100,22,4,130,2,158,256,0,256,414
04/25/2023,LAL,FL,ASO,ES,Federal Contract Tower,23,4,24,9,60,0,0,123,2,125,23,4,147,11,185,142,6,148,333
04/26/2023,LAL,FL,ASO,ES,Federal Contract Tower,20,7,66,6,99,0,0,213,1,214,20,7,279,7,313,214,8,222,535
04/27/2023,LAL,FL,ASO,ES,Federal Contract Tower,20,19,72,2,113,0,0,175,0,175,20,19,247,2,288,112,0,112,400
04/28/2023,LAL,FL,ASO,ES,Federal Contract Tower,21,11,34,2,68,0,0,96,0,96,21,11,130,2,164,224,0,224,388
04/29/2023,LAL,FL,ASO,ES,Federal Contract Tower,26,0,25,0,51,0,0,116,1,117,26,0,141,1,168,144,0,144,312
04/30/2023,LAL,FL,ASO,ES,Federal Contract Tower,24,5,21,1,51,0,0,19,0,19,24,5,40,1,70,70,14,84,154
05/01/2023,LAL,FL,ASO,ES,Federal Contract Tower,23,13,61,0,97,0,0,202,1,203,23,13,263,1,300,146,2,148,448
05/02/2023,LAL,FL,ASO,ES,Federal Contract Tower,22,10,69,5,106,0,0,225,4,229,22,10,294,9,335,244,10,254,589
05/03/2023,LAL,FL,ASO,ES,Federal Contract Tower,22,8,42,5,77,0,0,181,3,184,22,8,223,8,261,242,2,244,505
05/04/2023,LAL,FL,ASO,ES,Federal Contract Tower,21,6,56,4,87,0,0,265,1,266,21,6,321,5,353,326,0,326,679
05/05/2023,LAL,FL,ASO,ES,Federal Contract Tower,25,13,56,4,98,0,0,194,4,198,25,13,250,8,296,252,2,254,550
05/06/2023,LAL,FL,ASO,ES,Federal Contract Tower,23,1,22,0,46,0,0,118,1,119,23,1,140,1,165,150,0,150,315
05/07/2023,LAL,FL,ASO,ES,Federal Contract Tower,20,14,50,7,91,0,0,91,0,91,20,14,141,7,182,88,0,88,270
05/08/2023,LAL,FL,ASO,ES,Federal Contract Tower,23,7,91,4,125,0,0,205,0,205,23,7,296,4,330,224,14,238,568
05/09/2023,LAL,FL,ASO,ES,Federal Contract Tower,21,8,44,9,82,0,0,181,1,182,21,8,225,10,264,236,0,236,500
05/10/2023,LAL,FL,ASO,ES,Federal Contract Tower,22,24,53,0,99,2,0,185,0,187,24,24,238,0,286,228,0,228,514
05/11/2023,LAL,FL,ASO,ES,Federal Contract Tower,22,14,48,0,84,0,0,188,0,188,22,14,236,0,272,212,0,212,484
05/12/2023,LAL,FL,ASO,ES,Federal Contract Tower,22,10,56,18,106,0,0,191,4,195,22,10,247,22,301,226,0,226,527
05/13/2023,LAL,FL,ASO,ES,Federal Contract Tower,23,10,7,1,41,0,1,124,0,125,23,11,131,1,166,164,0,164,330
05/14/2023,LAL,FL,ASO,ES,Federal Contract Tower,21,4,24,3,52,0,0,97,3,100,21,4,121,6,152,312,0,312,464
05/15/2023,LAL,FL,ASO,ES,Federal Contract Tower,21,6,41,2,70,0,0,201,0,201,21,6,242,2,271,330,0,330,601
05/16/2023,LAL,FL,ASO,ES,Federal Contract Tower,20,8,50,0,78,0,1,192,0,193,20,9,242,0,271,272,0,272,543
05/17/2023,LAL,FL,ASO,ES,Federal Contract Tower,23,10,53,3,89,0,0,185,0,185,23,10,238,3,274,276,0,276,550
05/18/2023,LAL,FL,ASO,ES,Federal Contract Tower,23,7,49,0,79,0,0,162,0,162,23,7,211,0,241,224,0,224,465
05/19/2023,LAL,FL,ASO,ES,Federal Contract Tower,22,1,37,2,62,0,0,163,6,169,22,1,200,8,231,210,2,212,443
05/20/2023,LAL,FL,ASO,ES,Federal Contract Tower,22,4,37,0,63,0,0,90,0,90,22,4,127,0,153,226,0,226,379
05/21/2023,LAL,FL,ASO,ES,Federal Contract Tower,22,6,19,1,48,0,0,89,0,89,22,6,108,1,137,224,0,224,361
05/22/2023,LAL,FL,ASO,ES,Federal Contract Tower,22,3,28,2,55,0,0,112,4,116,22,3,140,6,171,252,1,253,424
05/23/2023,LAL,FL,ASO,ES,Federal Contract Tower,22,13,69,5,109,0,0,66,0,66,22,13,135,5,175,178,0,178,353
05/24/2023,LAL,FL,ASO,ES,Federal Contract Tower,23,4,42,1,70,0,0,47,0,47,23,4,89,1,117,146,0,146,263
05/25/2023,LAL,FL,ASO,ES,Federal Contract Tower,20,17,62,0,99,0,0,76,0,76,20,17,138,0,175,106,0,106,281
05/26/2023,LAL,FL,ASO,ES,Federal Contract Tower,22,12,69,1,104,0,0,88,0,88,22,12,157,1,192,118,0,118,310
05/27/2023,LAL,FL,ASO,ES,Federal Contract Tower,26,1,27,0,54,0,0,198,0,198,26,1,225,0,252,316,0,316,568
05/28/2023,LAL,FL,ASO,ES,Federal Contract Tower,24,1,31,0,56,0,0,116,0,116,24,1,147,0,172,338,0,338,510
05/29/2023,LAL,FL,ASO,ES,Federal Contract Tower,23,5,27,1,56,0,0,134,0,134,23,5,161,1,190,194,0,194,384
05/30/2023,LAL,FL,ASO,ES,Federal Contract Tower,21,6,48,11,86,0,0,213,0,213,21,6,261,11,299,236,0,236,535
05/31/2023,LAL,FL,ASO,ES,Federal Contract Tower,27,9,32,1,69,0,0,130,0,130,27,9,162,1,199,114,0,114,313
06/01/2023,LAL,FL,ASO,ES,Federal Contract Tower,22,4,48,2,76,0,0,99,0,99,22,4,147,2,175,186,0,186,361
06/02/2023,LAL,FL,ASO,ES,Federal Contract Tower,23,6,55,3,87,0,0,72,0,72,23,6,127,3,159,136,0,136,295
06/03/2023,LAL,FL,ASO,ES,Federal Contract Tower,23,6,32,1,62,0,0,40,1,41,23,6,72,2,103,182,4,186,289
06/04/2023,LAL,FL,ASO,ES,Federal Contract Tower,22,5,33,2,62,0,0,46,0,46,22,5,79,2,108,146,0,146,254
06/05/2023,LAL,FL,ASO,ES,Federal Contract Tower,18,0,54,6,78,0,0,169,5,174,18,0,223,11,252,254,20,274,526
06/06/2023,LAL,FL,ASO,ES,Federal Contract Tower,19,2,53,2,76,0,0,290,3,293,19,2,343,5,369,302,0,302,671
06/07/2023,LAL,FL,ASO,ES,Federal Contract Tower,18,4,31,6,59,0,0,149,2,151,18,4,180,8,210,250,2,252,462
06/08/2023,LAL,FL,ASO,ES,Federal Contract Tower,18,8,37,6,69,0,0,165,1,166,18,8,202,7,235,188,10,198,433
06/09/2023,LAL,FL,ASO,ES,Federal Contract Tower,23,8,50,1,82,0,0,184,0,184,23,8,234,1,266,356,0,356,622
06/10/2023,LAL,FL,ASO,ES,Federal Contract Tower,20,1,25,0,46,0,0,130,0,130,20,1,155,0,176,276,0,276,452
06/11/2023,LAL,FL,ASO,ES,Federal Contract Tower,22,3,41,0,66,0,0,91,0,91,22,3,132,0,157,168,0,168,325
06/12/2023,LAL,FL,ASO,ES,Federal Contract Tower,21,4,54,5,84,0,0,196,0,196,21,4,250,5,280,342,0,342,622
06/13/2023,LAL,FL,ASO,ES,Federal Contract Tower,23,1,48,16,88,0,0,247,0,247,23,1,295,16,335,288,0,288,623
06/14/2023,LAL,FL,ASO,ES,Federal Contract Tower,26,3,54,4,87,0,0,187,3,190,26,3,241,7,277,262,4,266,543
06/15/2023,LAL,FL,ASO,ES,Federal Contract Tower,17,6,43,5,71,0,0,214,4,218,17,6,257,9,289,218,0,218,507
06/16/2023,LAL,FL,ASO,ES,Federal Contract Tower,22,9,42,1,74,0,0,111,0,111,22,9,153,1,185,148,0,148,333
06/17/2023,LAL,FL,ASO,ES,Federal Contract Tower,21,7,13,0,41,0,0,37,0,37,21,7,50,0,78,100,0,100,178
06/18/2023,LAL,FL,ASO,ES,Federal Contract Tower,20,9,36,0,65,0,0,49,0,49,20,9,85,0,114,106,0,106,220
06/19/2023,LAL,FL,ASO,ES,Federal Contract Tower,19,6,38,2,65,0,0,221,0,221,19,6,259,2,286,222,0,222,508
06/20/2023,LAL,FL,ASO,ES,Federal Contract Tower,28,9,25,0,62,0,0,84,2,86,28,9,109,2,148,54,4,58,206
06/21/2023,LAL,FL,ASO,ES,Federal Contract Tower,20,7,15,0,42,0,0,73,4,77,20,7,88,4,119,116,6,122,241
06/22/2023,LAL,FL,ASO,ES,Federal Contract Tower,23,8,27,0,58,0,0,197,4,201,23,8,224,4,259,128,0,128,387
06/23/2023,LAL,FL,ASO,ES,Federal Contract Tower,22,4,38,0,64,0,0,120,0,120,22,4,158,0,184,217,0,217,401
06/24/2023,LAL,FL,ASO,ES,Federal Contract Tower,19,3,34,0,56,0,0,111,0,111,19,3,145,0,167,236,0,236,403
06/25/2023,LAL,FL,ASO,ES,Federal Contract Tower,17,7,21,1,46,0,0,95,0,95,17,7,116,1,141,166,0,166,307
06/26/2023,LAL,FL,ASO,ES,Federal Contract Tower,20,7,34,5,66,0,0,245,0,245,20,7,279,5,311,298,0,298,609
06/27/2023,LAL,FL,ASO,ES,Federal Contract Tower,23,9,40,0,72,0,0,226,2,228,23,9,266,2,300,340,0,340,640
06/28/2023,LAL,FL,ASO,ES,Federal Contract Tower,22,9,40,0,71,0,0,143,0,143,22,9,183,0,214,284,0,284,498
06/29/2023,LAL,FL,ASO,ES,Federal Contract Tower,23,6,52,2,83,0,0,142,0,142,23,6,194,2,225,298,0,298,523
06/30/2023,LAL,FL,ASO,ES,Federal Contract Tower,19,8,57,1,85,0,0,221,1,222,19,8,278,2,307,270,1,271,578
07/01/2023,LAL,FL,ASO,ES,Federal Contract Tower,22,11,27,0,60,0,0,154,0,154,22,11,181,0,214,182,0,182,396
07/02/2023,LAL,FL,ASO,ES,Federal Contract Tower,21,3,23,1,48,0,0,108,0,108,21,3,131,1,156,208,0,208,364
07/03/2023,LAL,FL,ASO,ES,Federal Contract Tower,22,4,27,1,54,0,0,181,0,181,22,4,208,1,235,326,0,326,561
07/04/2023,LAL,FL,ASO,ES,Federal Contract Tower,0,3,18,0,21,0,0,112,0,112,0,3,130,0,133,140,0,140,273
07/05/2023,LAL,FL,ASO,ES,Federal Contract Tower,14,10,17,2,43,0,0,171,0,171,14,10,188,2,214,256,0,256,470
07/06/2023,LAL,FL,ASO,ES,Federal Contract Tower,22,7,30,12,71,0,0,133,3,136,22,7,163,15,207,206,6,212,419
07/07/2023,LAL,FL,ASO,ES,Federal Contract Tower,26,5,18,11,60,0,0,100,6,106,26,5,118,17,166,206,0,206,372
07/08/2023,LAL,FL,ASO,ES,Federal Contract Tower,22,4,19,1,46,0,0,81,0,81,22,4,100,1,127,164,8,172,299
07/09/2023,LAL,FL,ASO,ES,Federal Contract Tower,26,10,33,2,71,0,0,120,2,122,26,10,153,4,193,268,14,282,475
07/10/2023,LAL,FL,ASO,ES,Federal Contract Tower,21,5,51,0,77,0,0,166,0,166,21,5,217,0,243,166,0,166,409
07/11/2023,LAL,FL,ASO,ES,Federal Contract Tower,22,1,32,3,58,0,0,219,0,219,22,1,251,3,277,288,0,288,565
07/12/2023,LAL,FL,ASO,ES,Federal Contract Tower,21,0,47,5,73,0,0,225,0,225,21,0,272,5,298,298,0,298,596
07/13/2023,LAL,FL,ASO,ES,Federal Contract Tower,26,3,43,5,77,0,0,179,1,180,26,3,222,6,257,296,0,296,553
07/14/2023,LAL,FL,ASO,ES,Federal Contract Tower,22,11,31,3,67,0,0,180,1,181,22,11,211,4,248,288,4,292,540
07/15/2023,LAL,FL,ASO,ES,Federal Contract Tower,21,7,20,3,51,0,0,101,0,101,21,7,121,3,152,220,0,220,372
07/16/2023,LAL,FL,ASO,ES,Federal Contract Tower,23,5,38,0,66,0,0,95,0,95,23,5,133,0,161,118,0,118,279
07/17/2023,LAL,FL,ASO,ES,Federal Contract Tower,23,4,46,6,79,0,0,138,0,138,23,4,184,6,217,224,0,224,441
07/18/2023,LAL,FL,ASO,ES,Federal Contract Tower,22,2,28,0,52,0,0,149,3,152,22,2,177,3,204,230,0,230,434
07/19/2023,LAL,FL,ASO,ES,Federal Contract Tower,20,5,54,1,80,0,0,181,3,184,20,5,235,4,264,248,0,248,512
07/20/2023,LAL,FL,ASO,ES,Federal Contract Tower,22,5,31,2,60,0,0,217,4,221,22,5,248,6,281,218,0,218,499
07/21/2023,LAL,FL,ASO,ES,Federal Contract Tower,23,12,33,0,68,0,0,142,0,142,23,12,175,0,210,244,0,244,454
07/22/2023,LAL,FL,ASO,ES,Federal Contract Tower,18,6,35,1,60,0,0,145,0,145,18,6,180,1,205,230,0,230,435
07/23/2023,LAL,FL,ASO,ES,Federal Contract Tower,25,6,21,1,53,0,0,64,1,65,25,6,85,2,118,122,6,128,246
07/24/2023,LAL,FL,ASO,ES,Federal Contract Tower,21,7,35,0,63,0,0,146,0,146,21,7,181,0,209,218,0,218,427
07/26/2023,LAL,FL,ASO,ES,Federal Contract Tower,24,6,41,4,75,0,0,193,2,195,24,6,234,6,270,206,0,206,476
07/27/2023,LAL,FL,ASO,ES,Federal Contract Tower,21,4,74,4,103,0,0,196,0,196,21,4,270,4,299,242,0,242,541
07/28/2023,LAL,FL,ASO,ES,Federal Contract Tower,21,11,62,0,94,0,0,167,0,167,21,11,229,0,261,190,0,190,451
07/29/2023,LAL,FL,ASO,ES,Federal Contract Tower,21,6,22,0,49,0,0,133,2,135,21,6,155,2,184,184,0,184,368
07/30/2023,LAL,FL,ASO,ES,Federal Contract Tower,22,3,22,0,47,0,0,100,0,100,22,3,122,0,147,180,0,180,327
07/31/2023,LAL,FL,ASO,ES,Federal Contract Tower,25,4,55,2,86,0,0,156,0,156,25,4,211,2,242,248,0,248,490
08/01/2023,LAL,FL,ASO,ES,Federal Contract Tower,22,2,51,0,75,0,0,176,0,176,22,2,227,0,251,268,0,268,519
08/02/2023,LAL,FL,ASO,ES,Federal Contract Tower,21,4,44,0,69,0,0,141,0,141,21,4,185,0,210,304,0,304,514
08/03/2023,LAL,FL,ASO,ES,Federal Contract Tower,22,3,79,2,106,0,0,164,0,164,22,3,243,2,270,376,0,376,646
08/04/2023,LAL,FL,ASO,ES,Federal Contract Tower,23,9,72,3,107,0,0,226,1,227,23,9,298,4,334,450,0,450,784
08/05/2023,LAL,FL,ASO,ES,Federal Contract Tower,20,5,40,1,66,0,0,138,0,138,20,5,178,1,204,286,0,286,490
08/06/2023,LAL,FL,ASO,ES,Federal Contract Tower,20,3,30,3,56,0,0,91,0,91,20,3,121,3,147,126,0,126,273
08/07/2023,LAL,FL,ASO,ES,Federal Contract Tower,21,9,25,0,55,0,0,187,0,187,21,9,212,0,242,238,0,238,480
08/08/2023,LAL,FL,ASO,ES,Federal Contract Tower,24,1,31,5,61,0,0,240,2,242,24,1,271,7,303,226,0,226,529
08/09/2023,LAL,FL,ASO,ES,Federal Contract Tower,23,3,30,1,57,0,0,204,1,205,23,3,234,2,262,288,0,288,550
08/10/2023,LAL,FL,ASO,ES,Federal Contract Tower,25,7,23,1,56,0,0,202,1,203,25,7,225,2,259,142,0,142,401
08/11/2023,LAL,FL,ASO,ES,Federal Contract Tower,23,7,46,2,78,0,0,205,0,205,23,7,251,2,283,110,0,110,393
08/12/2023,LAL,FL,ASO,ES,Federal Contract Tower,24,2,34,0,60,0,0,152,0,152,24,2,186,0,212,92,0,92,304
08/13/2023,LAL,FL,ASO,ES,Federal Contract Tower,22,6,33,1,62,0,0,105,0,105,22,6,138,1,167,142,0,142,309
08/14/2023,LAL,FL,ASO,ES,Federal Contract Tower,19,14,26,4,63,0,0,121,2,123,19,14,147,6,186,136,0,136,322
08/15/2023,LAL,FL,ASO,ES,Federal Contract Tower,23,5,57,0,85,0,0,181,1,182,23,5,238,1,267,126,0,126,393
08/16/2023,LAL,FL,ASO,ES,Federal Contract Tower,24,4,31,0,59,0,0,130,0,130,24,4,161,0,189,192,0,192,381
08/17/2023,LAL,FL,ASO,ES,Federal Contract Tower,28,5,27,0,60,0,0,94,0,94,28,5,121,0,154,100,0,100,254
08/18/2023,LAL,FL,ASO,ES,Federal Contract Tower,22,8,45,3,78,0,0,116,0,116,22,8,161,3,194,120,2,122,316
08/19/2023,LAL,FL,ASO,ES,Federal Contract Tower,27,3,62,2,94,0,0,163,1,164,27,3,225,3,258,204,0,204,462
08/20/2023,LAL,FL,ASO,ES,Federal Contract Tower,24,4,21,1,50,0,1,58,0,59,24,5,79,1,109,86,0,86,195
08/21/2023,LAL,FL,ASO,ES,Federal Contract Tower,40,1,54,3,98,0,0,152,0,152,40,1,206,3,250,210,0,210,460
08/22/2023,LAL,FL,ASO,ES,Federal Contract Tower,25,7,65,1,98,0,0,212,0,212,25,7,277,1,310,258,0,258,568
08/23/2023,LAL,FL,ASO,ES,Federal Contract Tower,23,4,50,4,81,0,0,198,0,198,23,4,248,4,279,188,2,190,469
08/24/2023,LAL,FL,ASO,ES,Federal Contract Tower,24,8,72,3,107,0,0,190,0,190,24,8,262,3,297,208,0,208,505
08/25/2023,LAL,FL,ASO,ES,Federal Contract Tower,23,2,50,5,80,0,0,222,2,224,23,2,272,7,304,198,0,198,502
08/26/2023,LAL,FL,ASO,ES,Federal Contract Tower,24,3,70,2,99,0,0,179,0,179,24,3,249,2,278,164,0,164,442
08/27/2023,LAL,FL,ASO,ES,Federal Contract Tower,22,8,41,2,73,0,0,103,0,103,22,8,144,2,176,146,0,146,322
08/28/2023,LAL,FL,ASO,ES,Federal Contract Tower,29,11,43,4,87,0,0,124,0,124,29,11,167,4,211,228,0,228,439
08/29/2023,LAL,FL,ASO,ES,Federal Contract Tower,4,12,14,0,30,0,0,48,0,48,4,12,62,0,78,72,0,72,150
08/30/2023,LAL,FL,ASO,ES,Federal Contract Tower,2,0,2,0,4,0,0,6,0,6,2,0,8,0,10,0,0,0,10
08/31/2023,LAL,FL,ASO,ES,Federal Contract Tower,24,8,25,5,62,0,0,53,0,53,24,8,78,5,115,40,0,40,155
