01/01/2000,LAN,MI,AGL,CE,Towers with Radar,11,48,45,0,104,1,1,26,0,28,12,49,71,0,132,28,0,28,160
01/02/2000,LAN,MI,AGL,CE,Towers with Radar,18,66,11,0,95,2,2,7,0,11,20,68,18,0,106,10,0,10,116
01/03/2000,LAN,MI,AGL,CE,Towers with Radar,16,90,27,0,133,2,2,1,0,5,18,92,28,0,138,0,0,0,138
01/04/2000,LAN,MI,AGL,CE,Towers with Radar,20,122,29,0,171,2,2,1,0,5,22,124,30,0,176,54,0,54,230
01/05/2000,LAN,MI,AGL,CE,Towers with Radar,20,107,64,3,194,0,0,17,9,26,20,107,81,12,220,58,4,62,282
01/06/2000,LAN,MI,AGL,CE,Towers with Radar,20,111,53,2,186,2,1,65,0,68,22,112,118,2,254,72,0,72,326
01/07/2000,LAN,MI,AGL,CE,Towers with Radar,18,102,59,0,179,4,15,15,0,34,22,117,74,0,213,12,0,12,225
01/08/2000,LAN,MI,AGL,CE,Towers with Radar,12,65,38,2,117,1,7,26,0,34,13,72,64,2,151,12,0,12,163
01/09/2000,LAN,MI,AGL,CE,Towers with Radar,8,44,8,0,60,3,19,0,1,23,11,63,8,1,83,0,0,0,83
01/10/2000,LAN,MI,AGL,CE,Towers with Radar,17,84,46,2,149,0,8,0,2,10,17,92,46,4,159,4,0,4,163
01/11/2000,LAN,MI,AGL,CE,Towers with Radar,21,110,64,2,197,3,5,7,0,15,24,115,71,2,212,8,0,8,220
01/12/2000,LAN,MI,AGL,CE,Towers with Radar,24,115,80,3,222,0,0,144,7,151,24,115,224,10,373,124,6,130,503
01/13/2000,LAN,MI,AGL,CE,Towers with Radar,18,101,59,0,178,0,4,33,0,37,18,105,92,0,215,204,26,230,445
01/14/2000,LAN,MI,AGL,CE,Towers with Radar,24,97,70,3,194,0,0,64,1,65,24,97,134,4,259,86,6,92,351
01/15/2000,LAN,MI,AGL,CE,Towers with Radar,19,74,52,0,145,4,0,79,0,83,23,74,131,0,228,100,0,100,328
01/16/2000,LAN,MI,AGL,CE,Towers with Radar,14,63,40,0,117,4,0,47,0,51,18,63,87,0,168,30,0,30,198
01/17/2000,LAN,MI,AGL,CE,Towers with Radar,16,100,62,0,178,0,0,12,0,12,16,100,74,0,190,44,0,44,234
01/18/2000,LAN,MI,AGL,CE,Towers with Radar,19,107,31,2,159,0,23,0,4,27,19,130,31,6,186,44,0,44,230
01/19/2000,LAN,MI,AGL,CE,Towers with Radar,21,115,79,2,217,0,0,158,0,158,21,115,237,2,375,84,0,84,459
01/20/2000,LAN,MI,AGL,CE,Towers with Radar,17,113,67,0,197,0,2,34,0,36,17,115,101,0,233,32,0,32,265
01/21/2000,LAN,MI,AGL,CE,Towers with Radar,15,88,53,1,157,0,7,40,4,51,15,95,93,5,208,62,4,66,274
01/22/2000,LAN,MI,AGL,CE,Towers with Radar,19,75,15,2,111,0,3,8,0,11,19,78,23,2,122,10,0,10,132
01/23/2000,LAN,MI,AGL,CE,Towers with Radar,8,50,3,2,63,0,3,1,0,4,8,53,4,2,67,0,0,0,67
01/24/2000,LAN,MI,AGL,CE,Towers with Radar,26,134,63,8,231,0,3,45,4,52,26,137,108,12,283,56,0,56,339
01/25/2000,LAN,MI,AGL,CE,Towers with Radar,23,123,72,2,220,0,3,20,0,23,23,126,92,2,243,24,0,24,267
01/26/2000,LAN,MI,AGL,CE,Towers with Radar,22,115,73,0,210,0,0,118,0,118,22,115,191,0,328,116,16,132,460
01/27/2000,LAN,MI,AGL,CE,Towers with Radar,28,85,92,1,206,0,3,78,0,81,28,88,170,1,287,50,0,50,337
01/28/2000,LAN,MI,AGL,CE,Towers with Radar,23,106,66,2,197,13,0,75,1,89,36,106,141,3,286,66,0,66,352
01/29/2000,LAN,MI,AGL,CE,Towers with Radar,17,67,149,0,233,0,3,107,0,110,17,70,256,0,343,56,0,56,399
01/30/2000,LAN,MI,AGL,CE,Towers with Radar,10,57,11,2,80,0,3,1,0,4,10,60,12,2,84,0,0,0,84
01/31/2000,LAN,MI,AGL,CE,Towers with Radar,13,85,56,1,155,0,0,16,0,16,13,85,72,1,171,44,0,44,215
02/01/2000,LAN,MI,AGL,CE,Towers with Radar,24,89,50,1,164,1,0,11,0,12,25,89,61,1,176,28,0,28,204
02/02/2000,LAN,MI,AGL,CE,Towers with Radar,24,102,57,0,183,0,0,119,0,119,24,102,176,0,302,126,2,128,430
02/03/2000,LAN,MI,AGL,CE,Towers with Radar,11,93,34,0,138,0,0,5,0,5,11,93,39,0,143,12,0,12,155
02/04/2000,LAN,MI,AGL,CE,Towers with Radar,27,45,37,5,114,0,0,7,1,8,27,45,44,6,122,4,0,4,126
02/05/2000,LAN,MI,AGL,CE,Towers with Radar,24,61,37,0,122,1,0,37,0,38,25,61,74,0,160,30,0,30,190
02/06/2000,LAN,MI,AGL,CE,Towers with Radar,0,17,68,0,85,15,50,50,0,115,15,67,118,0,200,60,0,60,260
02/07/2000,LAN,MI,AGL,CE,Towers with Radar,23,83,67,1,174,0,0,109,2,111,23,83,176,3,285,162,0,162,447
02/08/2000,LAN,MI,AGL,CE,Towers with Radar,23,115,81,0,219,0,0,108,0,108,23,115,189,0,327,178,0,178,505
02/09/2000,LAN,MI,AGL,CE,Towers with Radar,25,122,81,1,229,0,0,105,3,108,25,122,186,4,337,96,0,96,433
02/10/2000,LAN,MI,AGL,CE,Towers with Radar,21,103,48,0,172,0,11,0,0,11,21,114,48,0,183,10,0,10,193
02/11/2000,LAN,MI,AGL,CE,Towers with Radar,26,106,87,1,220,0,0,43,2,45,26,106,130,3,265,146,0,146,411
02/12/2000,LAN,MI,AGL,CE,Towers with Radar,18,62,48,3,131,0,0,69,1,70,18,62,117,4,201,68,0,68,269
02/13/2000,LAN,MI,AGL,CE,Towers with Radar,23,55,15,0,93,1,0,1,0,2,24,55,16,0,95,12,0,12,107
02/14/2000,LAN,MI,AGL,CE,Towers with Radar,17,95,50,0,162,0,2,34,1,37,17,97,84,1,199,182,0,182,381
02/15/2000,LAN,MI,AGL,CE,Towers with Radar,23,92,59,0,174,4,8,34,4,50,27,100,93,4,224,98,0,98,322
02/16/2000,LAN,MI,AGL,CE,Towers with Radar,23,99,64,1,187,0,7,26,10,43,23,106,90,11,230,68,0,68,298
02/17/2000,LAN,MI,AGL,CE,Towers with Radar,27,115,131,0,273,1,0,64,0,65,28,115,195,0,338,134,0,134,472
02/18/2000,LAN,MI,AGL,CE,Towers with Radar,13,63,15,1,92,0,0,0,1,1,13,63,15,2,93,134,0,134,227
02/19/2000,LAN,MI,AGL,CE,Towers with Radar,13,63,34,1,111,0,0,29,1,30,13,63,63,2,141,62,0,62,203
02/20/2000,LAN,MI,AGL,CE,Towers with Radar,13,78,9,1,101,0,0,13,1,14,13,78,22,2,115,0,0,0,115
02/21/2000,LAN,MI,AGL,CE,Towers with Radar,16,84,47,0,147,0,1,63,0,64,16,85,110,0,211,96,0,96,307
02/22/2000,LAN,MI,AGL,CE,Towers with Radar,32,96,66,1,195,0,1,62,1,64,32,97,128,2,259,134,0,134,393
02/23/2000,LAN,MI,AGL,CE,Towers with Radar,27,106,95,2,230,0,0,61,1,62,27,106,156,3,292,154,0,154,446
02/24/2000,LAN,MI,AGL,CE,Towers with Radar,25,79,68,1,173,7,0,17,6,30,32,79,85,7,203,12,0,12,215
02/25/2000,LAN,MI,AGL,CE,Towers with Radar,27,104,99,2,232,0,0,17,0,17,27,104,116,2,249,24,6,30,279
02/26/2000,LAN,MI,AGL,CE,Towers with Radar,11,60,28,0,99,1,0,12,0,13,12,60,40,0,112,0,0,0,112
02/27/2000,LAN,MI,AGL,CE,Towers with Radar,12,59,22,0,93,0,0,26,0,26,12,59,48,0,119,36,0,36,155
02/28/2000,LAN,MI,AGL,CE,Towers with Radar,16,97,66,0,179,0,1,120,2,123,16,98,186,2,302,154,12,166,468
02/29/2000,LAN,MI,AGL,CE,Towers with Radar,26,142,75,4,247,0,2,66,0,68,26,144,141,4,315,138,0,138,453
03/01/2000,LAN,MI,AGL,CE,Towers with Radar,33,93,47,3,176,1,0,4,0,5,34,93,51,3,181,84,0,84,265
03/02/2000,LAN,MI,AGL,CE,Towers with Radar,26,107,71,3,207,0,0,36,2,38,26,107,107,5,245,112,2,114,359
03/03/2000,LAN,MI,AGL,CE,Towers with Radar,25,116,50,2,193,0,1,112,0,113,25,117,162,2,306,82,8,90,396
03/04/2000,LAN,MI,AGL,CE,Towers with Radar,15,65,26,8,114,0,2,92,0,94,15,67,118,8,208,90,0,90,298
03/05/2000,LAN,MI,AGL,CE,Towers with Radar,6,41,39,10,96,0,1,102,0,103,6,42,141,10,199,116,6,122,321
03/06/2000,LAN,MI,AGL,CE,Towers with Radar,26,120,72,0,218,0,1,100,0,101,26,121,172,0,319,196,0,196,515
03/07/2000,LAN,MI,AGL,CE,Towers with Radar,37,116,56,4,213,0,2,101,1,104,37,118,157,5,317,144,4,148,465
03/08/2000,LAN,MI,AGL,CE,Towers with Radar,21,159,69,2,251,0,5,72,4,81,21,164,141,6,332,124,24,148,480
03/09/2000,LAN,MI,AGL,CE,Towers with Radar,31,107,52,0,190,0,1,29,0,30,31,108,81,0,220,54,0,54,274
03/10/2000,LAN,MI,AGL,CE,Towers with Radar,16,136,37,0,189,0,1,11,0,12,16,137,48,0,201,84,4,88,289
03/11/2000,LAN,MI,AGL,CE,Towers with Radar,16,58,39,2,115,0,1,51,0,52,16,59,90,2,167,76,0,76,243
03/12/2000,LAN,MI,AGL,CE,Towers with Radar,25,59,51,6,141,0,1,77,0,78,25,60,128,6,219,134,2,136,355
03/13/2000,LAN,MI,AGL,CE,Towers with Radar,32,83,22,2,139,0,1,2,0,3,32,84,24,2,142,2,0,2,144
03/14/2000,LAN,MI,AGL,CE,Towers with Radar,29,128,103,10,270,0,4,47,0,51,29,132,150,10,321,110,18,128,449
03/15/2000,LAN,MI,AGL,CE,Towers with Radar,26,102,87,5,220,0,0,23,3,26,26,102,110,8,246,178,24,202,448
03/16/2000,LAN,MI,AGL,CE,Towers with Radar,24,98,60,0,182,3,23,51,0,77,27,121,111,0,259,34,0,34,293
03/17/2000,LAN,MI,AGL,CE,Towers with Radar,26,120,79,0,225,0,0,69,0,69,26,120,148,0,294,52,0,52,346
03/18/2000,LAN,MI,AGL,CE,Towers with Radar,9,39,39,0,87,0,0,69,0,69,9,39,108,0,156,26,0,26,182
03/19/2000,LAN,MI,AGL,CE,Towers with Radar,35,71,33,6,145,2,0,7,3,12,37,71,40,9,157,12,4,16,173
03/20/2000,LAN,MI,AGL,CE,Towers with Radar,15,85,69,8,177,0,0,2,0,2,15,85,71,8,179,6,0,6,185
03/21/2000,LAN,MI,AGL,CE,Towers with Radar,21,98,108,1,228,0,0,48,0,48,21,98,156,1,276,150,6,156,432
03/22/2000,LAN,MI,AGL,CE,Towers with Radar,21,93,104,10,228,0,1,9,1,11,21,94,113,11,239,68,12,80,319
03/23/2000,LAN,MI,AGL,CE,Towers with Radar,38,126,97,0,261,0,0,123,0,123,38,126,220,0,384,208,0,208,592
03/24/2000,LAN,MI,AGL,CE,Towers with Radar,25,118,33,12,188,0,0,56,0,56,25,118,89,12,244,60,6,66,310
03/25/2000,LAN,MI,AGL,CE,Towers with Radar,23,40,13,2,78,0,0,19,0,19,23,40,32,2,97,10,0,10,107
03/26/2000,LAN,MI,AGL,CE,Towers with Radar,17,57,43,2,119,6,0,90,8,104,23,57,133,10,223,104,2,106,329
03/27/2000,LAN,MI,AGL,CE,Towers with Radar,19,99,35,2,155,0,0,36,0,36,19,99,71,2,191,80,2,82,273
03/28/2000,LAN,MI,AGL,CE,Towers with Radar,19,116,43,3,181,0,0,13,0,13,19,116,56,3,194,42,0,42,236
03/29/2000,LAN,MI,AGL,CE,Towers with Radar,37,124,81,6,248,0,6,51,0,57,37,130,132,6,305,116,10,126,431
03/30/2000,LAN,MI,AGL,CE,Towers with Radar,24,109,75,0,208,0,0,157,0,157,24,109,232,0,365,98,0,98,463
03/31/2000,LAN,MI,AGL,CE,Towers with Radar,27,103,94,2,226,0,0,113,0,113,27,103,207,2,339,232,0,232,571
04/01/2000,LAN,MI,AGL,CE,Towers with Radar,16,77,60,6,159,1,4,57,0,62,17,81,117,6,221,128,2,130,351
04/02/2000,LAN,MI,AGL,CE,Towers with Radar,12,58,43,2,115,2,0,2,0,4,14,58,45,2,119,20,0,20,139
04/03/2000,LAN,MI,AGL,CE,Towers with Radar,10,83,55,2,150,0,0,22,0,22,10,83,77,2,172,84,0,84,256
04/04/2000,LAN,MI,AGL,CE,Towers with Radar,31,136,54,0,221,2,1,10,0,13,33,137,64,0,234,24,0,24,258
04/05/2000,LAN,MI,AGL,CE,Towers with Radar,25,115,58,0,198,2,8,114,0,124,27,123,172,0,322,96,0,96,418
04/06/2000,LAN,MI,AGL,CE,Towers with Radar,22,115,40,0,177,2,0,18,0,20,24,115,58,0,197,106,0,106,303
04/07/2000,LAN,MI,AGL,CE,Towers with Radar,16,101,66,2,185,2,0,34,0,36,18,101,100,2,221,34,0,34,255
04/08/2000,LAN,MI,AGL,CE,Towers with Radar,16,60,18,0,94,2,0,7,0,9,18,60,25,0,103,6,0,6,109
04/09/2000,LAN,MI,AGL,CE,Towers with Radar,19,64,15,0,98,2,0,14,5,21,21,64,29,5,119,24,0,24,143
04/10/2000,LAN,MI,AGL,CE,Towers with Radar,18,87,61,0,166,0,0,104,0,104,18,87,165,0,270,158,0,158,428
04/11/2000,LAN,MI,AGL,CE,Towers with Radar,22,98,61,3,184,3,6,12,52,73,25,104,73,55,257,26,20,46,303
04/12/2000,LAN,MI,AGL,CE,Towers with Radar,26,101,78,4,209,0,0,142,14,156,26,101,220,18,365,244,0,244,609
04/13/2000,LAN,MI,AGL,CE,Towers with Radar,23,103,64,2,192,3,0,54,0,57,26,103,118,2,249,110,2,112,361
04/14/2000,LAN,MI,AGL,CE,Towers with Radar,27,107,86,0,220,1,0,88,0,89,28,107,174,0,309,68,0,68,377
04/15/2000,LAN,MI,AGL,CE,Towers with Radar,16,65,23,8,112,1,0,47,0,48,17,65,70,8,160,62,12,74,234
04/16/2000,LAN,MI,AGL,CE,Towers with Radar,20,55,32,0,107,1,0,21,0,22,21,55,53,0,129,42,0,42,171
04/17/2000,LAN,MI,AGL,CE,Towers with Radar,18,90,43,3,154,1,0,5,0,6,19,90,48,3,160,64,0,64,224
04/18/2000,LAN,MI,AGL,CE,Towers with Radar,27,107,138,0,272,0,1,56,0,57,27,108,194,0,329,218,0,218,547
04/19/2000,LAN,MI,AGL,CE,Towers with Radar,41,101,93,2,237,0,1,41,0,42,41,102,134,2,279,70,0,70,349
04/20/2000,LAN,MI,AGL,CE,Towers with Radar,12,63,44,1,120,0,1,2,0,3,12,64,46,1,123,4,0,4,127
04/21/2000,LAN,MI,AGL,CE,Towers with Radar,38,100,36,4,178,0,1,0,0,1,38,101,36,4,179,0,0,0,179
04/22/2000,LAN,MI,AGL,CE,Towers with Radar,17,59,53,0,129,0,1,86,0,87,17,60,139,0,216,50,0,50,266
04/23/2000,LAN,MI,AGL,CE,Towers with Radar,12,52,33,1,98,0,19,35,2,56,12,71,68,3,154,22,0,22,176
04/24/2000,LAN,MI,AGL,CE,Towers with Radar,22,85,48,6,161,0,1,109,0,110,22,86,157,6,271,144,0,144,415
04/25/2000,LAN,MI,AGL,CE,Towers with Radar,36,109,124,6,275,0,9,92,0,101,36,118,216,6,376,138,0,138,514
04/26/2000,LAN,MI,AGL,CE,Towers with Radar,14,82,89,4,189,0,2,113,5,120,14,84,202,9,309,152,0,152,461
04/27/2000,LAN,MI,AGL,CE,Towers with Radar,36,133,56,4,229,0,3,128,0,131,36,136,184,4,360,146,12,158,518
04/28/2000,LAN,MI,AGL,CE,Towers with Radar,28,106,64,4,202,0,1,64,2,67,28,107,128,6,269,108,0,108,377
04/29/2000,LAN,MI,AGL,CE,Towers with Radar,20,54,26,0,100,0,1,68,0,69,20,55,94,0,169,48,0,48,217
04/30/2000,LAN,MI,AGL,CE,Towers with Radar,17,75,22,0,114,0,1,61,0,62,17,76,83,0,176,128,0,128,304
05/01/2000,LAN,MI,AGL,CE,Towers with Radar,15,69,52,4,140,1,1,13,0,15,16,70,65,4,155,10,0,10,165
05/02/2000,LAN,MI,AGL,CE,Towers with Radar,22,97,87,6,212,0,4,85,0,89,22,101,172,6,301,152,0,152,453
05/03/2000,LAN,MI,AGL,CE,Towers with Radar,21,90,66,4,181,0,4,102,4,110,21,94,168,8,291,118,18,136,427
05/04/2000,LAN,MI,AGL,CE,Towers with Radar,27,93,53,2,175,0,1,53,2,56,27,94,106,4,231,54,0,54,285
05/05/2000,LAN,MI,AGL,CE,Towers with Radar,29,88,71,10,198,0,1,91,6,98,29,89,162,16,296,66,0,66,362
05/06/2000,LAN,MI,AGL,CE,Towers with Radar,10,40,46,10,106,0,1,57,3,61,10,41,103,13,167,184,22,206,373
05/07/2000,LAN,MI,AGL,CE,Towers with Radar,20,66,40,2,128,0,1,44,0,45,20,67,84,2,173,80,0,80,253
05/08/2000,LAN,MI,AGL,CE,Towers with Radar,17,78,38,0,133,0,1,22,0,23,17,79,60,0,156,8,0,8,164
05/09/2000,LAN,MI,AGL,CE,Towers with Radar,18,77,67,2,164,0,1,12,0,13,18,78,79,2,177,16,0,16,193
05/10/2000,LAN,MI,AGL,CE,Towers with Radar,30,108,49,0,187,0,12,46,0,58,30,120,95,0,245,38,0,38,283
05/11/2000,LAN,MI,AGL,CE,Towers with Radar,31,94,63,0,188,0,1,54,0,55,31,95,117,0,243,52,0,52,295
05/12/2000,LAN,MI,AGL,CE,Towers with Radar,22,84,57,0,163,0,1,11,0,12,22,85,68,0,175,22,0,22,197
05/13/2000,LAN,MI,AGL,CE,Towers with Radar,16,66,36,2,120,0,1,36,0,37,16,67,72,2,157,66,4,70,227
05/14/2000,LAN,MI,AGL,CE,Towers with Radar,20,48,42,2,112,0,1,28,0,29,20,49,70,2,141,32,0,32,173
05/15/2000,LAN,MI,AGL,CE,Towers with Radar,19,77,68,2,166,0,1,117,0,118,19,78,185,2,284,80,0,80,364
05/16/2000,LAN,MI,AGL,CE,Towers with Radar,16,72,83,2,173,0,1,7,0,8,16,73,90,2,181,32,0,32,213
05/17/2000,LAN,MI,AGL,CE,Towers with Radar,41,90,68,3,202,0,1,46,0,47,41,91,114,3,249,64,4,68,317
05/18/2000,LAN,MI,AGL,CE,Towers with Radar,32,68,46,0,146,0,1,0,0,1,32,69,46,0,147,6,0,6,153
05/19/2000,LAN,MI,AGL,CE,Towers with Radar,14,92,69,5,180,0,1,9,2,12,14,93,78,7,192,8,2,10,202
05/20/2000,LAN,MI,AGL,CE,Towers with Radar,20,52,55,2,129,0,0,129,0,129,20,52,184,2,258,62,22,84,342
05/21/2000,LAN,MI,AGL,CE,Towers with Radar,14,55,79,6,154,0,1,109,0,110,14,56,188,6,264,96,28,124,388
05/22/2000,LAN,MI,AGL,CE,Towers with Radar,19,83,65,2,169,0,0,24,0,24,19,83,89,2,193,12,0,12,205
05/23/2000,LAN,MI,AGL,CE,Towers with Radar,25,96,74,2,197,0,0,33,0,33,25,96,107,2,230,144,16,160,390
05/24/2000,LAN,MI,AGL,CE,Towers with Radar,16,77,74,2,169,0,0,67,0,67,16,77,141,2,236,98,6,104,340
05/25/2000,LAN,MI,AGL,CE,Towers with Radar,45,115,73,6,239,0,0,65,0,65,45,115,138,6,304,152,10,162,466
05/26/2000,LAN,MI,AGL,CE,Towers with Radar,20,87,59,1,167,60,0,110,0,170,80,87,169,1,337,86,0,86,423
05/27/2000,LAN,MI,AGL,CE,Towers with Radar,24,68,46,0,138,0,0,22,0,22,24,68,68,0,160,34,0,34,194
05/28/2000,LAN,MI,AGL,CE,Towers with Radar,8,27,29,0,64,0,0,17,0,17,8,27,46,0,81,38,0,38,119
05/29/2000,LAN,MI,AGL,CE,Towers with Radar,14,47,21,0,82,0,0,66,0,66,14,47,87,0,148,6,0,6,154
05/30/2000,LAN,MI,AGL,CE,Towers with Radar,15,94,74,3,186,0,0,39,0,39,15,94,113,3,225,54,0,54,279
05/31/2000,LAN,MI,AGL,CE,Towers with Radar,40,107,83,5,235,0,0,7,0,7,40,107,90,5,242,120,16,136,378
06/01/2000,LAN,MI,AGL,CE,Towers with Radar,44,94,74,2,214,0,0,10,0,10,44,94,84,2,224,120,0,120,344
06/02/2000,LAN,MI,AGL,CE,Towers with Radar,15,87,52,0,154,0,0,52,2,54,15,87,104,2,208,38,0,38,246
06/03/2000,LAN,MI,AGL,CE,Towers with Radar,17,55,51,0,123,0,1,87,0,88,17,56,138,0,211,80,0,80,291
06/04/2000,LAN,MI,AGL,CE,Towers with Radar,12,49,52,0,113,0,0,36,0,36,12,49,88,0,149,98,4,102,251
06/05/2000,LAN,MI,AGL,CE,Towers with Radar,19,92,65,2,178,0,0,34,2,36,19,92,99,4,214,50,10,60,274
06/06/2000,LAN,MI,AGL,CE,Towers with Radar,27,98,84,3,212,0,0,46,4,50,27,98,130,7,262,84,6,90,352
06/07/2000,LAN,MI,AGL,CE,Towers with Radar,30,103,70,4,207,0,2,86,4,92,30,105,156,8,299,108,2,110,409
06/08/2000,LAN,MI,AGL,CE,Towers with Radar,27,101,116,0,244,0,0,110,0,110,27,101,226,0,354,114,0,114,468
06/09/2000,LAN,MI,AGL,CE,Towers with Radar,22,106,85,3,216,0,0,97,1,98,22,106,182,4,314,172,10,182,496
06/10/2000,LAN,MI,AGL,CE,Towers with Radar,17,68,37,0,122,0,0,58,0,58,17,68,95,0,180,68,0,68,248
06/11/2000,LAN,MI,AGL,CE,Towers with Radar,10,52,29,4,95,0,0,13,0,13,10,52,42,4,108,24,0,24,132
06/12/2000,LAN,MI,AGL,CE,Towers with Radar,21,62,61,3,147,0,0,0,0,0,21,62,61,3,147,10,0,10,157
06/13/2000,LAN,MI,AGL,CE,Towers with Radar,23,94,42,1,160,0,0,10,0,10,23,94,52,1,170,12,0,12,182
06/14/2000,LAN,MI,AGL,CE,Towers with Radar,26,78,56,6,166,0,1,37,3,41,26,79,93,9,207,86,4,90,297
06/15/2000,LAN,MI,AGL,CE,Towers with Radar,20,121,72,2,215,0,0,49,0,49,20,121,121,2,264,64,0,64,328
06/16/2000,LAN,MI,AGL,CE,Towers with Radar,27,103,54,3,187,0,0,22,0,22,27,103,76,3,209,104,10,114,323
06/17/2000,LAN,MI,AGL,CE,Towers with Radar,11,36,16,0,63,0,0,65,0,65,11,36,81,0,128,28,4,32,160
06/18/2000,LAN,MI,AGL,CE,Towers with Radar,10,54,14,2,80,0,0,43,0,43,10,54,57,2,123,88,0,88,211
06/19/2000,LAN,MI,AGL,CE,Towers with Radar,28,120,76,0,224,0,9,125,0,134,28,129,201,0,358,130,0,130,488
06/20/2000,LAN,MI,AGL,CE,Towers with Radar,33,109,53,4,199,0,0,53,0,53,33,109,106,4,252,146,16,162,414
06/21/2000,LAN,MI,AGL,CE,Towers with Radar,30,110,89,0,229,0,2,28,0,30,30,112,117,0,259,110,0,110,369
06/22/2000,LAN,MI,AGL,CE,Towers with Radar,29,103,69,3,204,0,0,68,0,68,29,103,137,3,272,88,0,88,360
06/23/2000,LAN,MI,AGL,CE,Towers with Radar,28,108,68,0,204,0,0,123,0,123,28,108,191,0,327,138,0,138,465
06/24/2000,LAN,MI,AGL,CE,Towers with Radar,14,67,25,0,106,0,0,34,0,34,14,67,59,0,140,122,0,122,262
06/25/2000,LAN,MI,AGL,CE,Towers with Radar,8,53,55,0,116,0,0,36,0,36,8,53,91,0,152,108,0,108,260
06/26/2000,LAN,MI,AGL,CE,Towers with Radar,21,97,41,0,159,0,1,53,0,54,21,98,94,0,213,66,0,66,279
06/27/2000,LAN,MI,AGL,CE,Towers with Radar,29,138,116,2,285,0,0,123,0,123,29,138,239,2,408,130,0,130,538
06/28/2000,LAN,MI,AGL,CE,Towers with Radar,26,103,76,8,213,0,4,85,4,93,26,107,161,12,306,148,10,158,464
06/29/2000,LAN,MI,AGL,CE,Towers with Radar,18,92,91,0,201,0,0,48,0,48,18,92,139,0,249,102,0,102,351
06/30/2000,LAN,MI,AGL,CE,Towers with Radar,34,107,69,0,210,0,0,146,0,146,34,107,215,0,356,108,0,108,464
07/01/2000,LAN,MI,AGL,CE,Towers with Radar,23,79,44,2,148,1,0,29,0,30,24,79,73,2,178,72,0,72,250
07/02/2000,LAN,MI,AGL,CE,Towers with Radar,15,42,20,0,77,1,0,29,0,30,16,42,49,0,107,64,0,64,171
07/03/2000,LAN,MI,AGL,CE,Towers with Radar,19,75,57,0,151,1,0,8,0,9,20,75,65,0,160,20,4,24,184
07/04/2000,LAN,MI,AGL,CE,Towers with Radar,18,43,47,0,108,1,0,43,0,44,19,43,90,0,152,142,0,142,294
07/05/2000,LAN,MI,AGL,CE,Towers with Radar,24,106,58,2,190,0,2,63,4,69,24,108,121,6,259,150,0,150,409
07/06/2000,LAN,MI,AGL,CE,Towers with Radar,28,94,53,4,179,1,0,102,1,104,29,94,155,5,283,168,0,168,451
07/07/2000,LAN,MI,AGL,CE,Towers with Radar,22,93,53,12,180,1,0,122,0,123,23,93,175,12,303,72,12,84,387
07/08/2000,LAN,MI,AGL,CE,Towers with Radar,18,61,51,2,132,1,0,34,0,35,19,61,85,2,167,26,8,34,201
07/09/2000,LAN,MI,AGL,CE,Towers with Radar,15,30,26,4,75,1,0,21,0,22,16,30,47,4,97,46,0,46,143
07/10/2000,LAN,MI,AGL,CE,Towers with Radar,18,81,60,3,162,0,18,25,5,48,18,99,85,8,210,36,0,36,246
07/11/2000,LAN,MI,AGL,CE,Towers with Radar,28,132,126,4,290,1,0,162,0,163,29,132,288,4,453,170,0,170,623
07/12/2000,LAN,MI,AGL,CE,Towers with Radar,26,88,112,3,229,0,1,74,26,101,26,89,186,29,330,94,22,116,446
07/13/2000,LAN,MI,AGL,CE,Towers with Radar,34,112,71,4,221,0,12,99,2,113,34,124,170,6,334,168,4,172,506
07/14/2000,LAN,MI,AGL,CE,Towers with Radar,24,101,71,2,198,0,0,87,0,87,24,101,158,2,285,102,0,102,387
07/15/2000,LAN,MI,AGL,CE,Towers with Radar,20,63,52,1,136,0,0,44,4,48,20,63,96,5,184,32,2,34,218
07/16/2000,LAN,MI,AGL,CE,Towers with Radar,18,55,73,6,152,0,0,56,0,56,18,55,129,6,208,36,0,36,244
07/17/2000,LAN,MI,AGL,CE,Towers with Radar,28,84,51,4,167,0,0,73,0,73,28,84,124,4,240,48,2,50,290
07/18/2000,LAN,MI,AGL,CE,Towers with Radar,23,114,77,0,214,0,5,117,0,122,23,119,194,0,336,98,0,98,434
07/19/2000,LAN,MI,AGL,CE,Towers with Radar,30,96,76,6,208,0,6,115,1,122,30,102,191,7,330,78,0,78,408
07/20/2000,LAN,MI,AGL,CE,Towers with Radar,31,104,50,4,189,0,12,82,0,94,31,116,132,4,283,104,0,104,387
07/21/2000,LAN,MI,AGL,CE,Towers with Radar,27,103,57,3,190,0,0,84,0,84,27,103,141,3,274,58,4,62,336
07/22/2000,LAN,MI,AGL,CE,Towers with Radar,22,63,58,11,154,0,0,50,0,50,22,63,108,11,204,52,10,62,266
07/23/2000,LAN,MI,AGL,CE,Towers with Radar,16,59,80,6,161,0,0,70,0,70,16,59,150,6,231,180,4,184,415
07/24/2000,LAN,MI,AGL,CE,Towers with Radar,24,95,55,2,176,0,0,76,0,76,24,95,131,2,252,190,0,190,442
07/25/2000,LAN,MI,AGL,CE,Towers with Radar,30,96,73,5,204,0,0,102,0,102,30,96,175,5,306,70,0,70,376
07/26/2000,LAN,MI,AGL,CE,Towers with Radar,30,98,57,10,195,0,0,82,2,84,30,98,139,12,279,146,6,152,431
07/27/2000,LAN,MI,AGL,CE,Towers with Radar,28,115,90,0,233,0,0,39,0,39,28,115,129,0,272,158,0,158,430
07/28/2000,LAN,MI,AGL,CE,Towers with Radar,29,91,64,0,184,0,0,31,3,34,29,91,95,3,218,30,0,30,248
07/29/2000,LAN,MI,AGL,CE,Towers with Radar,21,48,42,0,111,0,0,7,0,7,21,48,49,0,118,6,0,6,124
07/30/2000,LAN,MI,AGL,CE,Towers with Radar,15,48,44,3,110,0,0,7,0,7,15,48,51,3,117,0,0,0,117
07/31/2000,LAN,MI,AGL,CE,Towers with Radar,27,118,77,2,224,0,0,42,0,42,27,118,119,2,266,50,0,50,316
08/01/2000,LAN,MI,AGL,CE,Towers with Radar,28,111,67,16,222,0,1,10,2,13,28,112,77,18,235,32,0,32,267
08/02/2000,LAN,MI,AGL,CE,Towers with Radar,27,87,72,6,192,0,1,28,5,34,27,88,100,11,226,76,24,100,326
08/03/2000,LAN,MI,AGL,CE,Towers with Radar,27,100,80,0,207,0,1,98,2,101,27,101,178,2,308,128,22,150,458
08/04/2000,LAN,MI,AGL,CE,Towers with Radar,24,97,38,0,159,0,1,89,10,100,24,98,127,10,259,94,22,116,375
08/05/2000,LAN,MI,AGL,CE,Towers with Radar,16,70,42,1,129,0,1,64,0,65,16,71,106,1,194,28,0,28,222
08/06/2000,LAN,MI,AGL,CE,Towers with Radar,16,46,28,0,90,0,1,8,0,9,16,47,36,0,99,0,0,0,99
08/07/2000,LAN,MI,AGL,CE,Towers with Radar,20,86,73,2,181,0,0,40,0,40,20,86,113,2,221,162,0,162,383
08/08/2000,LAN,MI,AGL,CE,Towers with Radar,26,111,84,2,223,0,1,52,0,53,26,112,136,2,276,172,0,172,448
08/09/2000,LAN,MI,AGL,CE,Towers with Radar,27,90,78,2,197,3,0,11,0,14,30,90,89,2,211,18,0,18,229
08/10/2000,LAN,MI,AGL,CE,Towers with Radar,29,109,53,3,194,0,1,61,1,63,29,110,114,4,257,72,0,72,329
08/11/2000,LAN,MI,AGL,CE,Towers with Radar,20,107,78,5,210,0,7,42,8,57,20,114,120,13,267,136,40,176,443
08/12/2000,LAN,MI,AGL,CE,Towers with Radar,33,57,49,0,139,0,1,77,0,78,33,58,126,0,217,166,0,166,383
08/13/2000,LAN,MI,AGL,CE,Towers with Radar,16,54,48,0,118,2,0,27,0,29,18,54,75,0,147,155,0,155,302
08/14/2000,LAN,MI,AGL,CE,Towers with Radar,24,87,69,0,180,0,15,79,0,94,24,102,148,0,274,146,0,146,420
08/15/2000,LAN,MI,AGL,CE,Towers with Radar,33,116,77,16,242,0,0,39,2,41,33,116,116,18,283,170,0,170,453
08/16/2000,LAN,MI,AGL,CE,Towers with Radar,22,148,134,6,310,0,4,73,2,79,22,152,207,8,389,144,6,150,539
08/17/2000,LAN,MI,AGL,CE,Towers with Radar,48,133,58,2,241,0,2,7,0,9,48,135,65,2,250,62,4,66,316
08/18/2000,LAN,MI,AGL,CE,Towers with Radar,27,92,81,1,201,0,2,48,0,50,27,94,129,1,251,56,0,56,307
08/19/2000,LAN,MI,AGL,CE,Towers with Radar,19,58,35,0,112,0,0,80,0,80,19,58,115,0,192,80,0,80,272
08/20/2000,LAN,MI,AGL,CE,Towers with Radar,16,59,46,5,126,0,0,62,8,70,16,59,108,13,196,148,2,150,346
08/21/2000,LAN,MI,AGL,CE,Towers with Radar,27,97,108,0,232,0,4,99,0,103,27,101,207,0,335,136,0,136,471
08/22/2000,LAN,MI,AGL,CE,Towers with Radar,34,94,100,0,228,0,0,39,0,39,34,94,139,0,267,154,0,154,421
08/23/2000,LAN,MI,AGL,CE,Towers with Radar,32,88,89,0,209,0,0,25,0,25,32,88,114,0,234,150,0,150,384
08/24/2000,LAN,MI,AGL,CE,Towers with Radar,28,119,101,0,248,0,0,95,4,99,28,119,196,4,347,84,0,84,431
08/25/2000,LAN,MI,AGL,CE,Towers with Radar,27,102,76,1,206,0,0,95,1,96,27,102,171,2,302,94,2,96,398
08/26/2000,LAN,MI,AGL,CE,Towers with Radar,19,67,37,2,125,0,0,30,0,30,19,67,67,2,155,98,0,98,253
08/27/2000,LAN,MI,AGL,CE,Towers with Radar,20,92,63,2,177,0,0,47,0,47,20,92,110,2,224,98,28,126,350
08/28/2000,LAN,MI,AGL,CE,Towers with Radar,24,96,128,2,250,0,0,47,0,47,24,96,175,2,297,128,0,128,425
08/29/2000,LAN,MI,AGL,CE,Towers with Radar,28,94,89,11,222,0,5,48,0,53,28,99,137,11,275,122,18,140,415
08/30/2000,LAN,MI,AGL,CE,Towers with Radar,32,102,94,2,230,0,0,105,0,105,32,102,199,2,335,180,4,184,519
08/31/2000,LAN,MI,AGL,CE,Towers with Radar,23,106,88,7,224,0,0,53,0,53,23,106,141,7,277,184,0,184,461
09/01/2000,LAN,MI,AGL,CE,Towers with Radar,29,87,43,1,160,1,0,66,0,67,30,87,109,1,227,190,0,190,417
09/02/2000,LAN,MI,AGL,CE,Towers with Radar,17,64,37,0,118,1,0,17,0,18,18,64,54,0,136,12,4,16,152
09/03/2000,LAN,MI,AGL,CE,Towers with Radar,18,32,14,0,64,0,0,19,0,19,18,32,33,0,83,32,0,32,115
09/04/2000,LAN,MI,AGL,CE,Towers with Radar,19,56,57,1,133,0,0,22,0,22,19,56,79,1,155,16,0,16,171
09/05/2000,LAN,MI,AGL,CE,Towers with Radar,16,76,51,4,147,0,0,83,0,83,16,76,134,4,230,98,0,98,328
09/06/2000,LAN,MI,AGL,CE,Towers with Radar,37,124,111,4,276,0,0,146,7,153,37,124,257,11,429,208,16,224,653
09/07/2000,LAN,MI,AGL,CE,Towers with Radar,26,117,107,7,257,0,0,91,0,91,26,117,198,7,348,128,0,128,476
09/08/2000,LAN,MI,AGL,CE,Towers with Radar,33,106,75,6,220,0,5,43,0,48,33,111,118,6,268,102,0,102,370
09/09/2000,LAN,MI,AGL,CE,Towers with Radar,21,54,50,0,125,0,0,50,0,50,21,54,100,0,175,70,0,70,245
09/10/2000,LAN,MI,AGL,CE,Towers with Radar,14,50,18,2,84,0,0,9,0,9,14,50,27,2,93,0,0,0,93
09/11/2000,LAN,MI,AGL,CE,Towers with Radar,25,96,38,4,163,0,0,2,0,2,25,96,40,4,165,24,0,24,189
09/12/2000,LAN,MI,AGL,CE,Towers with Radar,33,104,72,2,211,0,0,62,0,62,33,104,134,2,273,88,0,88,361
09/13/2000,LAN,MI,AGL,CE,Towers with Radar,27,101,99,6,233,0,2,123,0,125,27,103,222,6,358,196,8,204,562
09/14/2000,LAN,MI,AGL,CE,Towers with Radar,30,90,79,0,199,0,0,14,0,14,30,90,93,0,213,24,0,24,237
09/15/2000,LAN,MI,AGL,CE,Towers with Radar,30,100,91,8,229,0,0,57,0,57,30,100,148,8,286,116,2,118,404
09/16/2000,LAN,MI,AGL,CE,Towers with Radar,23,127,119,6,275,0,6,141,0,147,23,133,260,6,422,102,6,108,530
09/17/2000,LAN,MI,AGL,CE,Towers with Radar,8,65,15,1,89,0,0,74,0,74,8,65,89,1,163,86,6,92,255
09/18/2000,LAN,MI,AGL,CE,Towers with Radar,29,94,90,0,213,0,0,1,0,1,29,94,91,0,214,228,0,228,442
09/19/2000,LAN,MI,AGL,CE,Towers with Radar,22,88,70,3,183,0,8,49,5,62,22,96,119,8,245,78,2,80,325
09/20/2000,LAN,MI,AGL,CE,Towers with Radar,17,78,57,10,162,0,0,29,1,30,17,78,86,11,192,110,20,130,322
09/21/2000,LAN,MI,AGL,CE,Towers with Radar,44,130,129,11,314,0,2,47,0,49,44,132,176,11,363,166,0,166,529
09/22/2000,LAN,MI,AGL,CE,Towers with Radar,23,104,91,6,224,0,0,54,0,54,23,104,145,6,278,124,0,124,402
09/23/2000,LAN,MI,AGL,CE,Towers with Radar,29,67,97,0,193,0,0,11,0,11,29,67,108,0,204,48,0,48,252
09/24/2000,LAN,MI,AGL,CE,Towers with Radar,35,67,56,2,160,0,0,63,0,63,35,67,119,2,223,138,2,140,363
09/25/2000,LAN,MI,AGL,CE,Towers with Radar,16,76,96,3,191,0,0,51,0,51,16,76,147,3,242,180,0,180,422
09/26/2000,LAN,MI,AGL,CE,Towers with Radar,36,157,74,2,269,0,2,139,1,142,36,159,213,3,411,228,4,232,643
09/27/2000,LAN,MI,AGL,CE,Towers with Radar,33,138,77,2,250,0,18,136,0,154,33,156,213,2,404,228,0,228,632
09/28/2000,LAN,MI,AGL,CE,Towers with Radar,25,116,88,2,231,0,0,90,0,90,25,116,178,2,321,166,6,172,493
09/29/2000,LAN,MI,AGL,CE,Towers with Radar,27,82,76,1,186,0,10,92,0,102,27,92,168,1,288,108,0,108,396
09/30/2000,LAN,MI,AGL,CE,Towers with Radar,31,91,132,10,264,0,0,98,0,98,31,91,230,10,362,198,12,210,572
10/01/2000,LAN,MI,AGL,CE,Towers with Radar,17,49,20,0,86,1,2,80,0,83,18,51,100,0,169,144,0,144,313
10/02/2000,LAN,MI,AGL,CE,Towers with Radar,21,97,71,2,191,2,4,61,0,67,23,101,132,2,258,116,0,116,374
10/03/2000,LAN,MI,AGL,CE,Towers with Radar,29,101,102,2,234,2,2,72,0,76,31,103,174,2,310,180,2,182,492
10/04/2000,LAN,MI,AGL,CE,Towers with Radar,27,85,114,8,234,2,1,52,0,55,29,86,166,8,289,136,0,136,425
10/05/2000,LAN,MI,AGL,CE,Towers with Radar,37,98,64,2,201,2,1,42,0,45,39,99,106,2,246,106,0,106,352
10/06/2000,LAN,MI,AGL,CE,Towers with Radar,27,94,70,4,195,2,1,17,8,28,29,95,87,12,223,48,4,52,275
10/07/2000,LAN,MI,AGL,CE,Towers with Radar,31,54,12,0,97,2,1,16,0,19,33,55,28,0,116,28,0,28,144
10/08/2000,LAN,MI,AGL,CE,Towers with Radar,13,32,18,2,65,2,50,27,0,79,15,82,45,2,144,45,20,65,209
10/09/2000,LAN,MI,AGL,CE,Towers with Radar,19,106,85,0,210,2,2,96,0,100,21,108,181,0,310,202,0,202,512
10/10/2000,LAN,MI,AGL,CE,Towers with Radar,28,114,80,4,226,2,0,78,1,81,30,114,158,5,307,90,2,92,399
10/11/2000,LAN,MI,AGL,CE,Towers with Radar,4,99,72,24,199,0,1,93,10,104,4,100,165,34,303,178,20,198,501
10/12/2000,LAN,MI,AGL,CE,Towers with Radar,60,135,74,9,278,2,5,119,2,128,62,140,193,11,406,180,0,180,586
10/13/2000,LAN,MI,AGL,CE,Towers with Radar,26,87,79,8,200,2,1,76,0,79,28,88,155,8,279,94,0,94,373
10/14/2000,LAN,MI,AGL,CE,Towers with Radar,17,73,37,2,129,2,1,69,0,72,19,74,106,2,201,86,0,86,287
10/15/2000,LAN,MI,AGL,CE,Towers with Radar,18,57,56,3,134,0,0,38,1,39,18,57,94,4,173,22,0,22,195
10/16/2000,LAN,MI,AGL,CE,Towers with Radar,23,134,72,0,229,2,1,26,0,29,25,135,98,0,258,126,2,128,386
10/17/2000,LAN,MI,AGL,CE,Towers with Radar,2,99,65,4,170,0,1,43,2,46,2,100,108,6,216,104,0,104,320
10/18/2000,LAN,MI,AGL,CE,Towers with Radar,31,100,82,8,221,2,1,96,1,100,33,101,178,9,321,204,6,210,531
10/19/2000,LAN,MI,AGL,CE,Towers with Radar,30,100,85,4,219,0,0,105,0,105,30,100,190,4,324,96,30,126,450
10/20/2000,LAN,MI,AGL,CE,Towers with Radar,27,107,54,4,192,1,2,94,0,97,28,109,148,4,289,44,4,48,337
10/21/2000,LAN,MI,AGL,CE,Towers with Radar,27,74,58,9,168,1,5,80,0,86,28,79,138,9,254,82,0,82,336
10/22/2000,LAN,MI,AGL,CE,Towers with Radar,16,60,42,1,119,1,2,72,0,75,17,62,114,1,194,126,0,126,320
10/23/2000,LAN,MI,AGL,CE,Towers with Radar,24,89,71,2,186,0,0,55,0,55,24,89,126,2,241,152,0,152,393
10/24/2000,LAN,MI,AGL,CE,Towers with Radar,29,84,65,5,183,1,2,0,0,3,30,86,65,5,186,20,0,20,206
10/25/2000,LAN,MI,AGL,CE,Towers with Radar,31,87,68,4,190,1,2,14,2,19,32,89,82,6,209,30,8,38,247
10/26/2000,LAN,MI,AGL,CE,Towers with Radar,44,106,81,2,233,1,2,37,0,40,45,108,118,2,273,52,0,52,325
10/27/2000,LAN,MI,AGL,CE,Towers with Radar,24,102,67,4,197,1,16,29,2,48,25,118,96,6,245,100,0,100,345
10/28/2000,LAN,MI,AGL,CE,Towers with Radar,18,73,45,0,136,0,2,103,0,105,18,75,148,0,241,86,0,86,327
10/29/2000,LAN,MI,AGL,CE,Towers with Radar,20,51,52,0,123,0,2,68,0,70,20,53,120,0,193,80,0,80,273
10/30/2000,LAN,MI,AGL,CE,Towers with Radar,20,110,83,1,214,0,3,87,0,90,20,113,170,1,304,170,0,170,474
10/31/2000,LAN,MI,AGL,CE,Towers with Radar,30,114,93,2,239,0,6,93,6,105,30,120,186,8,344,120,0,120,464
11/01/2000,LAN,MI,AGL,CE,Towers with Radar,30,101,68,11,210,1,1,93,5,100,31,102,161,16,310,180,12,192,502
11/02/2000,LAN,MI,AGL,CE,Towers with Radar,24,122,79,5,230,0,6,43,4,53,24,128,122,9,283,120,0,120,403
11/03/2000,LAN,MI,AGL,CE,Towers with Radar,27,70,69,3,169,1,4,80,1,86,28,74,149,4,255,154,0,154,409
11/04/2000,LAN,MI,AGL,CE,Towers with Radar,27,59,67,6,159,1,0,89,0,90,28,59,156,6,249,120,0,120,369
11/05/2000,LAN,MI,AGL,CE,Towers with Radar,15,69,55,4,143,1,0,78,0,79,16,69,133,4,222,90,0,90,312
11/06/2000,LAN,MI,AGL,CE,Towers with Radar,15,47,36,2,100,1,0,35,0,36,16,47,71,2,136,56,0,56,192
11/07/2000,LAN,MI,AGL,CE,Towers with Radar,35,114,66,0,215,1,0,6,0,7,36,114,72,0,222,32,0,32,254
11/08/2000,LAN,MI,AGL,CE,Towers with Radar,27,96,79,11,213,1,1,79,2,83,28,97,158,13,296,164,0,164,460
11/09/2000,LAN,MI,AGL,CE,Towers with Radar,30,86,56,0,172,1,0,0,0,1,31,86,56,0,173,10,0,10,183
11/10/2000,LAN,MI,AGL,CE,Towers with Radar,28,92,46,1,167,1,0,19,3,23,29,92,65,4,190,28,2,30,220
11/11/2000,LAN,MI,AGL,CE,Towers with Radar,22,56,49,0,127,1,0,73,0,74,23,56,122,0,201,46,0,46,247
11/12/2000,LAN,MI,AGL,CE,Towers with Radar,15,57,36,0,108,1,0,19,0,20,16,57,55,0,128,86,12,98,226
11/13/2000,LAN,MI,AGL,CE,Towers with Radar,31,86,35,1,153,1,0,4,1,6,32,86,39,2,159,0,0,0,159
11/14/2000,LAN,MI,AGL,CE,Towers with Radar,18,86,48,0,152,1,0,0,0,1,19,86,48,0,153,6,0,6,159
11/15/2000,LAN,MI,AGL,CE,Towers with Radar,31,82,59,3,175,1,0,33,1,35,32,82,92,4,210,42,0,42,252
11/16/2000,LAN,MI,AGL,CE,Towers with Radar,34,97,47,2,180,1,0,6,0,7,35,97,53,2,187,4,0,4,191
11/17/2000,LAN,MI,AGL,CE,Towers with Radar,33,112,57,17,219,0,0,16,6,22,33,112,73,23,241,24,34,58,299
11/18/2000,LAN,MI,AGL,CE,Towers with Radar,25,72,40,10,147,0,0,21,0,21,25,72,61,10,168,28,0,28,196
11/19/2000,LAN,MI,AGL,CE,Towers with Radar,11,40,61,6,118,0,0,37,0,37,11,40,98,6,155,12,4,16,171
11/20/2000,LAN,MI,AGL,CE,Towers with Radar,24,89,40,2,155,0,0,3,0,3,24,89,43,2,158,74,2,76,234
11/21/2000,LAN,MI,AGL,CE,Towers with Radar,46,112,71,1,230,0,0,33,0,33,46,112,104,1,263,48,4,52,315
11/22/2000,LAN,MI,AGL,CE,Towers with Radar,33,80,54,5,172,0,8,39,0,47,33,88,93,5,219,100,15,115,334
11/23/2000,LAN,MI,AGL,CE,Towers with Radar,23,34,11,0,68,0,0,20,0,20,23,34,31,0,88,6,0,6,94
11/24/2000,LAN,MI,AGL,CE,Towers with Radar,21,57,36,1,115,0,0,62,0,62,21,57,98,1,177,64,0,64,241
11/25/2000,LAN,MI,AGL,CE,Towers with Radar,25,58,35,0,118,0,4,49,0,53,25,62,84,0,171,27,0,27,198
11/26/2000,LAN,MI,AGL,CE,Towers with Radar,8,33,12,0,53,0,0,1,0,1,8,33,13,0,54,0,0,0,54
11/27/2000,LAN,MI,AGL,CE,Towers with Radar,33,114,117,4,268,0,4,16,11,31,33,118,133,15,299,44,2,46,345
11/28/2000,LAN,MI,AGL,CE,Towers with Radar,35,106,47,1,189,0,2,4,0,6,35,108,51,1,195,48,0,48,243
11/29/2000,LAN,MI,AGL,CE,Towers with Radar,33,114,56,2,205,0,0,15,0,15,33,114,71,2,220,50,0,50,270
11/30/2000,LAN,MI,AGL,CE,Towers with Radar,43,96,83,4,226,0,0,25,2,27,43,96,108,6,253,28,2,30,283
12/01/2000,LAN,MI,AGL,CE,Towers with Radar,27,150,148,10,335,0,2,69,4,75,27,152,217,14,410,154,0,154,564
12/02/2000,LAN,MI,AGL,CE,Towers with Radar,18,58,76,6,158,0,3,133,0,136,18,61,209,6,294,64,2,66,360
12/03/2000,LAN,MI,AGL,CE,Towers with Radar,12,53,95,9,169,0,1,64,0,65,12,54,159,9,234,158,6,164,398
12/04/2000,LAN,MI,AGL,CE,Towers with Radar,19,73,56,2,150,0,1,46,0,47,19,74,102,2,197,56,0,56,253
12/05/2000,LAN,MI,AGL,CE,Towers with Radar,37,87,50,3,177,0,3,7,1,11,37,90,57,4,188,24,0,24,212
12/06/2000,LAN,MI,AGL,CE,Towers with Radar,37,83,75,11,206,0,1,17,0,18,37,84,92,11,224,74,0,74,298
12/07/2000,LAN,MI,AGL,CE,Towers with Radar,39,91,56,10,196,0,1,5,0,6,39,92,61,10,202,4,0,4,206
12/08/2000,LAN,MI,AGL,CE,Towers with Radar,36,88,60,5,189,3,0,1,0,4,39,88,61,5,193,44,0,44,237
12/09/2000,LAN,MI,AGL,CE,Towers with Radar,24,57,61,5,147,0,1,73,0,74,24,58,134,5,221,42,0,42,263
12/10/2000,LAN,MI,AGL,CE,Towers with Radar,17,45,59,4,125,0,1,12,0,13,17,46,71,4,138,4,0,4,142
12/11/2000,LAN,MI,AGL,CE,Towers with Radar,6,26,21,1,54,0,1,0,0,1,6,27,21,1,55,0,0,0,55
12/12/2000,LAN,MI,AGL,CE,Towers with Radar,25,82,24,1,132,0,1,6,0,7,25,83,30,1,139,4,0,4,143
12/13/2000,LAN,MI,AGL,CE,Towers with Radar,35,87,33,0,155,0,0,16,0,16,35,87,49,0,171,10,0,10,181
12/14/2000,LAN,MI,AGL,CE,Towers with Radar,31,104,60,22,217,0,0,16,2,18,31,104,76,24,235,28,2,30,265
12/15/2000,LAN,MI,AGL,CE,Towers with Radar,23,79,37,5,144,0,0,1,0,1,23,79,38,5,145,0,0,0,145
12/16/2000,LAN,MI,AGL,CE,Towers with Radar,15,57,4,0,76,0,0,1,77,78,15,57,5,77,154,0,0,0,154
12/17/2000,LAN,MI,AGL,CE,Towers with Radar,16,37,3,0,56,0,0,1,0,1,16,37,4,0,57,0,0,0,57
12/18/2000,LAN,MI,AGL,CE,Towers with Radar,19,57,30,8,114,0,0,27,0,27,19,57,57,8,141,36,0,36,177
12/19/2000,LAN,MI,AGL,CE,Towers with Radar,45,89,51,5,190,0,0,13,6,19,45,89,64,11,209,6,6,12,221
12/20/2000,LAN,MI,AGL,CE,Towers with Radar,44,99,79,4,226,0,0,24,0,24,44,99,103,4,250,44,4,48,298
12/21/2000,LAN,MI,AGL,CE,Towers with Radar,31,90,45,6,172,0,0,2,3,5,31,90,47,9,177,0,0,0,177
12/22/2000,LAN,MI,AGL,CE,Towers with Radar,34,96,48,0,178,0,0,11,0,11,34,96,59,0,189,22,0,22,211
12/23/2000,LAN,MI,AGL,CE,Towers with Radar,27,68,32,0,127,0,0,0,0,0,27,68,32,0,127,0,0,0,127
12/24/2000,LAN,MI,AGL,CE,Towers with Radar,19,35,0,0,54,0,0,1,0,1,19,35,1,0,55,0,0,0,55
12/25/2000,LAN,MI,AGL,CE,Towers with Radar,21,34,2,0,57,0,0,0,0,0,21,34,2,0,57,0,0,0,57
12/26/2000,LAN,MI,AGL,CE,Towers with Radar,22,78,40,0,140,0,0,14,0,14,22,78,54,0,154,22,0,22,176
12/27/2000,LAN,MI,AGL,CE,Towers with Radar,34,89,28,6,157,0,0,6,0,6,34,89,34,6,163,22,0,22,185
12/28/2000,LAN,MI,AGL,CE,Towers with Radar,34,89,58,0,181,0,0,82,0,82,34,89,140,0,263,48,0,48,311
12/29/2000,LAN,MI,AGL,CE,Towers with Radar,26,63,14,0,103,0,0,0,0,0,26,63,14,0,103,8,0,8,111
12/30/2000,LAN,MI,AGL,CE,Towers with Radar,12,21,5,0,38,0,0,0,0,0,12,21,5,0,38,0,0,0,38
12/31/2000,LAN,MI,AGL,CE,Towers with Radar,27,60,28,0,115,0,0,29,0,29,27,60,57,0,144,24,0,24,168
01/01/2001,LAN,MI,AGL,CE,Towers with Radar,19,33,21,0,73,1,1,26,0,28,20,34,47,0,101,12,0,12,113
01/02/2001,LAN,MI,AGL,CE,Towers with Radar,36,63,20,0,119,1,0,57,0,58,37,63,77,0,177,80,0,80,257
01/03/2001,LAN,MI,AGL,CE,Towers with Radar,29,71,26,0,126,1,0,0,0,1,30,71,26,0,127,10,0,10,137
01/04/2001,LAN,MI,AGL,CE,Towers with Radar,29,97,25,2,153,0,0,17,1,18,29,97,42,3,171,50,4,54,225
01/05/2001,LAN,MI,AGL,CE,Towers with Radar,24,93,23,1,141,0,0,1,1,2,24,93,24,2,143,14,0,14,157
01/06/2001,LAN,MI,AGL,CE,Towers with Radar,20,55,35,7,117,0,0,51,1,52,20,55,86,8,169,20,2,22,191
01/07/2001,LAN,MI,AGL,CE,Towers with Radar,21,44,2,7,74,0,0,0,1,1,21,44,2,8,75,22,4,26,101
01/08/2001,LAN,MI,AGL,CE,Towers with Radar,26,79,51,1,157,0,0,38,1,39,26,79,89,2,196,44,0,44,240
01/09/2001,LAN,MI,AGL,CE,Towers with Radar,31,75,25,13,144,0,0,32,1,33,31,75,57,14,177,20,2,22,199
01/10/2001,LAN,MI,AGL,CE,Towers with Radar,30,75,71,14,190,0,0,39,0,39,30,75,110,14,229,140,10,150,379
01/11/2001,LAN,MI,AGL,CE,Towers with Radar,37,96,93,2,228,1,0,49,0,50,38,96,142,2,278,20,4,24,302
01/12/2001,LAN,MI,AGL,CE,Towers with Radar,29,83,50,3,165,1,0,7,0,8,30,83,57,3,173,27,0,27,200
01/13/2001,LAN,MI,AGL,CE,Towers with Radar,22,46,12,1,81,1,0,0,0,1,23,46,12,1,82,6,0,6,88
01/14/2001,LAN,MI,AGL,CE,Towers with Radar,22,46,12,1,81,1,0,0,0,1,23,46,12,1,82,6,0,6,88
01/15/2001,LAN,MI,AGL,CE,Towers with Radar,25,68,16,0,109,0,1,0,0,1,25,69,16,0,110,0,0,0,110
01/16/2001,LAN,MI,AGL,CE,Towers with Radar,25,91,26,0,142,0,5,18,0,23,25,96,44,0,165,40,0,40,205
01/17/2001,LAN,MI,AGL,CE,Towers with Radar,34,114,52,3,203,0,1,4,2,7,34,115,56,5,210,52,0,52,262
01/18/2001,LAN,MI,AGL,CE,Towers with Radar,28,78,73,5,184,0,1,1,0,2,28,79,74,5,186,74,0,74,260
01/19/2001,LAN,MI,AGL,CE,Towers with Radar,24,71,51,1,147,0,1,51,0,52,24,72,102,1,199,64,0,64,263
01/20/2001,LAN,MI,AGL,CE,Towers with Radar,18,49,55,2,124,0,0,65,0,65,18,49,120,2,189,48,0,48,237
01/21/2001,LAN,MI,AGL,CE,Towers with Radar,14,24,26,2,66,0,0,14,0,14,14,24,40,2,80,45,0,45,125
01/22/2001,LAN,MI,AGL,CE,Towers with Radar,28,96,56,0,180,0,0,38,0,38,28,96,94,0,218,80,0,80,298
01/23/2001,LAN,MI,AGL,CE,Towers with Radar,26,98,46,10,180,0,0,23,0,23,26,98,69,10,203,56,0,56,259
01/24/2001,LAN,MI,AGL,CE,Towers with Radar,26,112,73,23,234,0,0,29,0,29,26,112,102,23,263,32,20,52,315
01/25/2001,LAN,MI,AGL,CE,Towers with Radar,36,128,87,8,259,0,0,74,0,74,36,128,161,8,333,42,8,50,383
01/26/2001,LAN,MI,AGL,CE,Towers with Radar,16,42,14,2,74,0,0,23,2,25,16,42,37,4,99,12,0,12,111
01/27/2001,LAN,MI,AGL,CE,Towers with Radar,20,106,54,5,185,0,0,53,0,53,20,106,107,5,238,84,0,84,322
01/28/2001,LAN,MI,AGL,CE,Towers with Radar,15,38,40,2,95,0,0,9,0,9,15,38,49,2,104,6,0,6,110
01/29/2001,LAN,MI,AGL,CE,Towers with Radar,27,75,22,2,126,0,0,0,0,0,27,75,22,2,126,2,0,2,128
01/30/2001,LAN,MI,AGL,CE,Towers with Radar,25,73,52,0,150,0,2,12,2,16,25,75,64,2,166,58,0,58,224
01/31/2001,LAN,MI,AGL,CE,Towers with Radar,34,88,58,13,193,0,2,26,0,28,34,90,84,13,221,86,12,98,319
02/01/2001,LAN,MI,AGL,CE,Towers with Radar,31,97,47,0,175,1,0,52,3,56,32,97,99,3,231,54,6,60,291
02/02/2001,LAN,MI,AGL,CE,Towers with Radar,22,96,41,5,164,0,0,17,5,22,22,96,58,10,186,24,2,26,212
02/03/2001,LAN,MI,AGL,CE,Towers with Radar,17,60,59,3,139,0,0,32,1,33,17,60,91,4,172,12,0,12,184
02/04/2001,LAN,MI,AGL,CE,Towers with Radar,22,55,7,1,85,0,1,0,1,2,22,56,7,2,87,0,0,0,87
02/05/2001,LAN,MI,AGL,CE,Towers with Radar,15,61,18,3,97,0,1,2,0,3,15,62,20,3,100,6,0,6,106
02/06/2001,LAN,MI,AGL,CE,Towers with Radar,37,99,50,0,186,0,1,13,0,14,37,100,63,0,200,36,0,36,236
02/07/2001,LAN,MI,AGL,CE,Towers with Radar,36,118,93,9,256,0,2,77,4,83,36,120,170,13,339,68,4,72,411
02/08/2001,LAN,MI,AGL,CE,Towers with Radar,32,83,57,8,180,0,0,0,0,0,32,83,57,8,180,46,8,54,234
02/09/2001,LAN,MI,AGL,CE,Towers with Radar,36,65,17,0,118,0,0,0,0,0,36,65,17,0,118,4,0,4,122
02/10/2001,LAN,MI,AGL,CE,Towers with Radar,14,68,48,16,146,0,0,16,0,16,14,68,64,16,162,8,14,22,184
02/11/2001,LAN,MI,AGL,CE,Towers with Radar,15,62,42,10,129,0,0,46,0,46,15,62,88,10,175,138,0,138,313
02/12/2001,LAN,MI,AGL,CE,Towers with Radar,24,65,53,1,143,0,0,75,0,75,24,65,128,1,218,212,0,212,430
02/13/2001,LAN,MI,AGL,CE,Towers with Radar,26,101,57,4,188,0,0,68,0,68,26,101,125,4,256,120,0,120,376
02/14/2001,LAN,MI,AGL,CE,Towers with Radar,37,74,24,3,138,0,0,0,0,0,37,74,24,3,138,0,0,0,138
02/15/2001,LAN,MI,AGL,CE,Towers with Radar,29,89,68,2,188,0,0,76,0,76,29,89,144,2,264,96,4,100,364
02/16/2001,LAN,MI,AGL,CE,Towers with Radar,26,83,37,8,154,0,0,7,2,9,26,83,44,10,163,12,2,14,177
02/17/2001,LAN,MI,AGL,CE,Towers with Radar,17,49,30,0,96,0,0,49,0,49,17,49,79,0,145,24,0,24,169
02/18/2001,LAN,MI,AGL,CE,Towers with Radar,17,43,31,0,91,0,0,52,143,195,17,43,83,143,286,34,0,34,320
02/19/2001,LAN,MI,AGL,CE,Towers with Radar,28,74,39,0,141,0,0,32,0,32,28,74,71,0,173,80,0,80,253
02/20/2001,LAN,MI,AGL,CE,Towers with Radar,13,79,27,2,121,0,0,59,0,59,13,79,86,2,180,0,87,87,267
02/21/2001,LAN,MI,AGL,CE,Towers with Radar,42,90,63,16,211,0,0,98,0,98,42,90,161,16,309,180,24,204,513
02/22/2001,LAN,MI,AGL,CE,Towers with Radar,36,101,74,20,231,0,0,28,0,28,36,101,102,20,259,26,4,30,289
02/23/2001,LAN,MI,AGL,CE,Towers with Radar,23,87,47,1,158,0,0,51,0,51,23,87,98,1,209,42,2,44,253
02/24/2001,LAN,MI,AGL,CE,Towers with Radar,19,44,10,2,75,0,2,0,0,2,19,46,10,2,77,0,0,0,77
02/25/2001,LAN,MI,AGL,CE,Towers with Radar,17,45,5,1,68,0,0,0,0,0,17,45,5,1,68,0,0,0,68
02/26/2001,LAN,MI,AGL,CE,Towers with Radar,30,63,52,12,157,0,0,57,0,57,30,63,109,12,214,42,0,42,256
02/27/2001,LAN,MI,AGL,CE,Towers with Radar,26,83,34,2,145,0,2,85,0,87,26,85,119,2,232,114,0,114,346
02/28/2001,LAN,MI,AGL,CE,Towers with Radar,35,90,105,5,235,0,0,115,0,115,35,90,220,5,350,202,20,222,572
03/01/2001,LAN,MI,AGL,CE,Towers with Radar,37,95,53,1,186,0,10,58,0,68,37,105,111,1,254,117,0,117,371
03/02/2001,LAN,MI,AGL,CE,Towers with Radar,29,83,40,1,153,0,0,40,0,40,29,83,80,1,193,112,0,112,305
03/03/2001,LAN,MI,AGL,CE,Towers with Radar,16,64,50,4,134,0,0,66,0,66,16,64,116,4,200,86,0,86,286
03/04/2001,LAN,MI,AGL,CE,Towers with Radar,19,49,22,0,90,0,0,39,129,168,19,49,61,129,258,18,0,18,276
03/05/2001,LAN,MI,AGL,CE,Towers with Radar,21,64,25,0,110,0,0,0,0,0,21,64,25,0,110,14,0,14,124
03/06/2001,LAN,MI,AGL,CE,Towers with Radar,35,87,26,0,148,0,0,33,0,33,35,87,59,0,181,78,0,78,259
03/07/2001,LAN,MI,AGL,CE,Towers with Radar,24,71,53,17,165,0,0,50,2,52,24,71,103,19,217,112,6,118,335
03/08/2001,LAN,MI,AGL,CE,Towers with Radar,39,86,43,4,172,0,4,13,0,17,39,90,56,4,189,35,0,35,224
03/09/2001,LAN,MI,AGL,CE,Towers with Radar,28,66,34,8,136,0,0,35,4,39,28,66,69,12,175,84,0,84,259
03/10/2001,LAN,MI,AGL,CE,Towers with Radar,16,55,63,3,137,0,0,114,0,114,16,55,177,3,251,126,4,130,381
03/11/2001,LAN,MI,AGL,CE,Towers with Radar,20,37,36,6,99,0,0,51,0,51,20,37,87,6,150,16,0,16,166
03/12/2001,LAN,MI,AGL,CE,Towers with Radar,26,67,25,5,123,0,0,29,0,29,26,67,54,5,152,20,0,20,172
03/13/2001,LAN,MI,AGL,CE,Towers with Radar,31,96,40,3,170,0,0,10,0,10,31,96,50,3,180,0,0,0,180
03/14/2001,LAN,MI,AGL,CE,Towers with Radar,42,118,71,4,235,0,0,96,6,102,42,118,167,10,337,176,12,188,525
03/15/2001,LAN,MI,AGL,CE,Towers with Radar,20,95,35,4,154,0,4,11,0,15,20,99,46,4,169,62,0,62,231
03/16/2001,LAN,MI,AGL,CE,Towers with Radar,20,50,26,0,96,0,0,66,0,66,20,50,92,0,162,45,0,45,207
03/17/2001,LAN,MI,AGL,CE,Towers with Radar,26,84,20,4,134,0,0,12,0,12,26,84,32,4,146,14,4,18,164
03/18/2001,LAN,MI,AGL,CE,Towers with Radar,17,44,83,2,146,0,0,124,0,124,17,44,207,2,270,208,0,208,478
03/19/2001,LAN,MI,AGL,CE,Towers with Radar,33,78,81,4,196,0,0,206,0,206,33,78,287,4,402,308,0,308,710
03/20/2001,LAN,MI,AGL,CE,Towers with Radar,30,72,54,3,159,0,0,113,0,113,30,72,167,3,272,210,0,210,482
03/21/2001,LAN,MI,AGL,CE,Towers with Radar,22,79,108,12,221,0,0,98,0,98,22,79,206,12,319,148,20,168,487
03/22/2001,LAN,MI,AGL,CE,Towers with Radar,41,102,76,24,243,0,0,159,0,159,41,102,235,24,402,128,20,148,550
03/23/2001,LAN,MI,AGL,CE,Towers with Radar,29,74,47,6,156,0,0,56,10,66,29,74,103,16,222,88,10,98,320
03/24/2001,LAN,MI,AGL,CE,Towers with Radar,21,51,16,0,88,0,0,12,0,12,21,51,28,0,100,10,0,10,110
03/25/2001,LAN,MI,AGL,CE,Towers with Radar,18,38,22,0,78,0,0,6,0,6,18,38,28,0,84,0,0,0,84
03/26/2001,LAN,MI,AGL,CE,Towers with Radar,26,68,30,4,128,0,0,43,0,43,26,68,73,4,171,48,0,48,219
03/27/2001,LAN,MI,AGL,CE,Towers with Radar,22,79,56,3,160,0,0,50,0,50,22,79,106,3,210,108,0,108,318
03/28/2001,LAN,MI,AGL,CE,Towers with Radar,30,105,87,6,228,0,0,103,0,103,30,105,190,6,331,114,0,114,445
03/29/2001,LAN,MI,AGL,CE,Towers with Radar,23,78,51,12,164,0,0,16,0,16,23,78,67,12,180,26,14,40,220
03/30/2001,LAN,MI,AGL,CE,Towers with Radar,24,69,78,0,171,0,0,68,0,68,24,69,146,0,239,38,0,38,277
03/31/2001,LAN,MI,AGL,CE,Towers with Radar,19,83,41,0,143,0,0,22,0,22,19,83,63,0,165,24,0,24,189
04/01/2001,LAN,MI,AGL,CE,Towers with Radar,14,37,34,2,87,0,1,4,0,5,14,38,38,2,92,0,0,0,92
04/02/2001,LAN,MI,AGL,CE,Towers with Radar,23,70,78,4,175,0,1,89,0,90,23,71,167,4,265,75,10,85,350
04/03/2001,LAN,MI,AGL,CE,Towers with Radar,29,88,49,5,171,0,1,37,0,38,29,89,86,5,209,78,0,78,287
04/04/2001,LAN,MI,AGL,CE,Towers with Radar,22,73,72,2,169,0,1,85,0,86,22,74,157,2,255,108,0,108,363
04/05/2001,LAN,MI,AGL,CE,Towers with Radar,31,107,66,1,205,0,9,112,3,124,31,116,178,4,329,104,4,108,437
04/06/2001,LAN,MI,AGL,CE,Towers with Radar,43,81,41,2,167,0,1,16,0,17,43,82,57,2,184,22,2,24,208
04/07/2001,LAN,MI,AGL,CE,Towers with Radar,24,42,17,4,87,0,1,5,0,6,24,43,22,4,93,12,4,16,109
04/08/2001,LAN,MI,AGL,CE,Towers with Radar,15,39,32,2,88,15,0,19,14,48,30,39,51,16,136,18,0,18,154
04/09/2001,LAN,MI,AGL,CE,Towers with Radar,17,70,48,7,142,0,1,14,0,15,17,71,62,7,157,28,4,32,189
04/10/2001,LAN,MI,AGL,CE,Towers with Radar,21,83,60,0,164,0,1,14,0,15,21,84,74,0,179,32,0,32,211
04/11/2001,LAN,MI,AGL,CE,Towers with Radar,36,125,79,6,246,0,1,3,0,4,36,126,82,6,250,28,6,34,284
04/12/2001,LAN,MI,AGL,CE,Towers with Radar,21,77,39,12,149,0,1,13,0,14,21,78,52,12,163,0,0,0,163
04/13/2001,LAN,MI,AGL,CE,Towers with Radar,22,55,34,1,112,0,1,116,0,117,22,56,150,1,229,181,0,181,410
04/14/2001,LAN,MI,AGL,CE,Towers with Radar,13,50,37,6,106,0,1,38,0,39,13,51,75,6,145,30,0,30,175
04/15/2001,LAN,MI,AGL,CE,Towers with Radar,14,35,27,5,81,0,1,13,0,14,14,36,40,5,95,0,0,0,95
04/16/2001,LAN,MI,AGL,CE,Towers with Radar,17,47,31,1,96,0,1,28,0,29,17,48,59,1,125,46,0,46,171
04/17/2001,LAN,MI,AGL,CE,Towers with Radar,22,88,56,0,166,0,1,39,0,40,22,89,95,0,206,38,2,40,246
04/18/2001,LAN,MI,AGL,CE,Towers with Radar,24,76,105,3,208,0,1,150,0,151,24,77,255,3,359,110,0,110,469
04/19/2001,LAN,MI,AGL,CE,Towers with Radar,29,75,59,2,165,0,1,119,0,120,29,76,178,2,285,0,0,0,285
04/20/2001,LAN,MI,AGL,CE,Towers with Radar,20,65,25,2,112,0,0,8,0,8,20,65,33,2,120,10,0,10,130
04/21/2001,LAN,MI,AGL,CE,Towers with Radar,14,46,14,0,74,0,0,4,0,4,14,46,18,0,78,4,0,4,82
04/22/2001,LAN,MI,AGL,CE,Towers with Radar,15,62,56,2,135,0,0,38,0,38,15,62,94,2,173,44,0,44,217
04/23/2001,LAN,MI,AGL,CE,Towers with Radar,20,61,16,7,104,0,0,33,0,33,20,61,49,7,137,40,0,40,177
04/24/2001,LAN,MI,AGL,CE,Towers with Radar,23,74,57,5,159,0,4,58,0,62,23,78,115,5,221,60,0,60,281
04/25/2001,LAN,MI,AGL,CE,Towers with Radar,22,70,58,6,156,0,0,177,6,183,22,70,235,12,339,212,8,220,559
04/26/2001,LAN,MI,AGL,CE,Towers with Radar,25,79,56,4,164,0,0,111,0,111,25,79,167,4,275,0,0,0,275
04/27/2001,LAN,MI,AGL,CE,Towers with Radar,26,78,62,9,175,0,0,63,0,63,26,78,125,9,238,36,8,44,282
04/28/2001,LAN,MI,AGL,CE,Towers with Radar,14,42,36,8,100,0,0,81,0,81,14,42,117,8,181,90,12,102,283
04/29/2001,LAN,MI,AGL,CE,Towers with Radar,14,33,27,2,76,0,0,77,0,77,14,33,104,2,153,44,2,46,199
04/30/2001,LAN,MI,AGL,CE,Towers with Radar,25,60,62,0,147,0,0,118,0,118,25,60,180,0,265,188,8,196,461
05/01/2001,LAN,MI,AGL,CE,Towers with Radar,33,77,52,4,166,1,0,67,0,68,34,77,119,4,234,55,0,55,289
05/02/2001,LAN,MI,AGL,CE,Towers with Radar,26,51,75,2,154,1,0,73,0,74,27,51,148,2,228,84,4,88,316
05/03/2001,LAN,MI,AGL,CE,Towers with Radar,32,73,79,4,188,1,0,60,0,61,33,73,139,4,249,120,4,124,373
05/04/2001,LAN,MI,AGL,CE,Towers with Radar,23,68,56,2,149,1,0,50,0,51,24,68,106,2,200,74,0,74,274
05/05/2001,LAN,MI,AGL,CE,Towers with Radar,18,42,30,5,95,1,0,58,0,59,19,42,88,5,154,48,0,48,202
05/06/2001,LAN,MI,AGL,CE,Towers with Radar,24,61,49,4,138,0,1,53,0,54,24,62,102,4,192,62,0,62,254
05/07/2001,LAN,MI,AGL,CE,Towers with Radar,34,58,43,3,138,0,1,47,0,48,34,59,90,3,186,50,0,50,236
05/08/2001,LAN,MI,AGL,CE,Towers with Radar,35,91,81,4,211,0,0,71,0,71,35,91,152,4,282,58,0,58,340
05/09/2001,LAN,MI,AGL,CE,Towers with Radar,28,97,59,7,191,0,0,88,0,88,28,97,147,7,279,116,0,116,395
05/10/2001,LAN,MI,AGL,CE,Towers with Radar,33,146,69,4,252,0,0,15,0,15,33,146,84,4,267,46,0,46,313
05/11/2001,LAN,MI,AGL,CE,Towers with Radar,44,76,69,2,191,0,0,3,0,3,44,76,72,2,194,52,0,52,246
05/12/2001,LAN,MI,AGL,CE,Towers with Radar,19,38,38,1,96,0,0,84,0,84,19,38,122,1,180,72,0,72,252
05/13/2001,LAN,MI,AGL,CE,Towers with Radar,26,24,19,0,69,0,0,82,0,82,26,24,101,0,151,134,18,152,303
05/14/2001,LAN,MI,AGL,CE,Towers with Radar,35,61,59,6,161,0,0,75,0,75,35,61,134,6,236,28,0,28,264
05/15/2001,LAN,MI,AGL,CE,Towers with Radar,27,56,29,0,112,0,0,0,0,0,27,56,29,0,112,14,0,14,126
05/16/2001,LAN,MI,AGL,CE,Towers with Radar,30,56,43,5,134,0,0,2,0,2,30,56,45,5,136,12,0,12,148
05/17/2001,LAN,MI,AGL,CE,Towers with Radar,33,52,95,5,185,0,0,58,0,58,33,52,153,5,243,52,0,52,295
05/18/2001,LAN,MI,AGL,CE,Towers with Radar,25,51,46,8,130,0,5,32,2,39,25,56,78,10,169,84,2,86,255
05/19/2001,LAN,MI,AGL,CE,Towers with Radar,18,34,52,0,104,0,3,140,0,143,18,37,192,0,247,142,0,142,389
05/20/2001,LAN,MI,AGL,CE,Towers with Radar,23,21,36,7,87,0,0,64,0,64,23,21,100,7,151,130,4,134,285
05/21/2001,LAN,MI,AGL,CE,Towers with Radar,31,56,51,4,142,0,0,22,0,22,31,56,73,4,164,12,0,12,176
05/22/2001,LAN,MI,AGL,CE,Towers with Radar,37,68,60,4,169,0,1,31,0,32,37,69,91,4,201,48,0,48,249
05/23/2001,LAN,MI,AGL,CE,Towers with Radar,24,66,67,4,161,0,2,51,2,55,24,68,118,6,216,64,2,66,282
05/24/2001,LAN,MI,AGL,CE,Towers with Radar,42,64,48,0,154,0,0,5,0,5,42,64,53,0,159,38,0,38,197
05/25/2001,LAN,MI,AGL,CE,Towers with Radar,26,63,25,0,114,0,0,10,0,10,26,63,35,0,124,38,2,40,164
05/26/2001,LAN,MI,AGL,CE,Towers with Radar,24,29,45,0,98,0,0,8,0,8,24,29,53,0,106,8,0,8,114
05/27/2001,LAN,MI,AGL,CE,Towers with Radar,17,21,25,0,63,0,0,1,0,1,17,21,26,0,64,18,0,18,82
05/28/2001,LAN,MI,AGL,CE,Towers with Radar,34,36,78,4,152,0,2,32,0,34,34,38,110,4,186,66,0,66,252
05/29/2001,LAN,MI,AGL,CE,Towers with Radar,27,60,82,2,171,0,0,43,0,43,27,60,125,2,214,160,14,174,388
05/30/2001,LAN,MI,AGL,CE,Towers with Radar,22,56,51,2,131,0,1,128,0,129,22,57,179,2,260,108,8,116,376
05/31/2001,LAN,MI,AGL,CE,Towers with Radar,42,96,61,2,201,0,1,102,0,103,42,97,163,2,304,58,0,58,362
06/01/2001,LAN,MI,AGL,CE,Towers with Radar,25,62,29,0,116,0,0,3,0,3,25,62,32,0,119,0,0,0,119
06/02/2001,LAN,MI,AGL,CE,Towers with Radar,25,43,26,4,98,0,0,5,9,14,25,43,31,13,112,12,0,12,124
06/03/2001,LAN,MI,AGL,CE,Towers with Radar,17,25,35,7,84,0,0,5,0,5,17,25,40,7,89,34,0,34,123
06/04/2001,LAN,MI,AGL,CE,Towers with Radar,35,74,94,4,207,0,4,45,0,49,35,78,139,4,256,110,0,110,366
06/05/2001,LAN,MI,AGL,CE,Towers with Radar,36,57,61,3,157,0,3,37,0,40,36,60,98,3,197,84,0,84,281
06/06/2001,LAN,MI,AGL,CE,Towers with Radar,30,59,104,2,195,0,0,24,0,24,30,59,128,2,219,104,0,104,323
06/07/2001,LAN,MI,AGL,CE,Towers with Radar,31,72,78,0,181,0,0,129,0,129,31,72,207,0,310,122,0,122,432
06/08/2001,LAN,MI,AGL,CE,Towers with Radar,35,63,46,4,148,0,0,126,0,126,35,63,172,4,274,172,12,184,458
06/09/2001,LAN,MI,AGL,CE,Towers with Radar,23,90,56,0,169,0,0,59,0,59,23,90,115,0,228,146,0,146,374
06/10/2001,LAN,MI,AGL,CE,Towers with Radar,33,43,40,3,119,0,4,60,0,64,33,47,100,3,183,56,0,56,239
06/11/2001,LAN,MI,AGL,CE,Towers with Radar,34,68,76,3,181,0,0,71,0,71,34,68,147,3,252,130,0,130,382
06/12/2001,LAN,MI,AGL,CE,Towers with Radar,32,60,69,10,171,0,0,46,0,46,32,60,115,10,217,120,0,120,337
06/13/2001,LAN,MI,AGL,CE,Towers with Radar,31,89,50,6,176,0,6,72,4,82,31,95,122,10,258,156,0,156,414
06/14/2001,LAN,MI,AGL,CE,Towers with Radar,32,76,62,2,172,0,19,77,0,96,32,95,139,2,268,88,0,88,356
06/15/2001,LAN,MI,AGL,CE,Towers with Radar,28,82,43,4,157,0,0,21,0,21,28,82,64,4,178,20,0,20,198
06/16/2001,LAN,MI,AGL,CE,Towers with Radar,23,35,49,4,111,0,0,28,0,28,23,35,77,4,139,84,6,90,229
06/17/2001,LAN,MI,AGL,CE,Towers with Radar,16,19,30,2,67,0,0,53,10,63,16,19,83,12,130,142,6,148,278
06/18/2001,LAN,MI,AGL,CE,Towers with Radar,35,53,45,10,143,0,5,69,0,74,35,58,114,10,217,74,0,74,291
06/19/2001,LAN,MI,AGL,CE,Towers with Radar,31,61,48,7,147,0,2,28,0,30,31,63,76,7,177,148,4,152,329
06/20/2001,LAN,MI,AGL,CE,Towers with Radar,38,65,76,6,185,0,0,62,0,62,38,65,138,6,247,218,0,218,465
06/21/2001,LAN,MI,AGL,CE,Towers with Radar,36,63,61,3,163,0,0,7,0,7,36,63,68,3,170,18,2,20,190
06/22/2001,LAN,MI,AGL,CE,Towers with Radar,27,53,48,5,133,0,0,51,0,51,27,53,99,5,184,72,4,76,260
06/23/2001,LAN,MI,AGL,CE,Towers with Radar,18,39,42,0,99,0,0,36,0,36,18,39,78,0,135,62,2,64,199
06/24/2001,LAN,MI,AGL,CE,Towers with Radar,15,21,44,2,82,0,0,63,0,63,15,21,107,2,145,196,0,196,341
06/25/2001,LAN,MI,AGL,CE,Towers with Radar,34,54,44,12,144,0,0,121,0,121,34,54,165,12,265,134,0,134,399
06/26/2001,LAN,MI,AGL,CE,Towers with Radar,32,68,44,20,164,0,3,126,2,131,32,71,170,22,295,202,10,212,507
06/27/2001,LAN,MI,AGL,CE,Towers with Radar,28,60,88,9,185,0,6,86,3,95,28,66,174,12,280,270,12,282,562
06/28/2001,LAN,MI,AGL,CE,Towers with Radar,30,57,63,3,153,0,0,68,0,68,30,57,131,3,221,92,28,120,341
06/29/2001,LAN,MI,AGL,CE,Towers with Radar,18,57,50,5,130,0,0,57,9,66,18,57,107,14,196,82,8,90,286
06/30/2001,LAN,MI,AGL,CE,Towers with Radar,31,56,49,0,136,0,0,67,0,67,31,56,116,0,203,36,0,36,239
07/01/2001,LAN,MI,AGL,CE,Towers with Radar,14,19,25,0,58,0,0,21,0,21,14,19,46,0,79,16,0,16,95
07/02/2001,LAN,MI,AGL,CE,Towers with Radar,28,43,38,4,113,0,0,151,0,151,28,43,189,4,264,155,10,165,429
07/03/2001,LAN,MI,AGL,CE,Towers with Radar,32,47,38,3,120,0,0,74,0,74,32,47,112,3,194,148,10,158,352
07/04/2001,LAN,MI,AGL,CE,Towers with Radar,18,21,6,0,45,0,0,13,0,13,18,21,19,0,58,8,0,8,66
07/05/2001,LAN,MI,AGL,CE,Towers with Radar,29,47,51,2,129,0,0,50,0,50,29,47,101,2,179,140,2,142,321
07/06/2001,LAN,MI,AGL,CE,Towers with Radar,27,48,56,4,135,0,0,114,0,114,27,48,170,4,249,102,0,102,351
07/07/2001,LAN,MI,AGL,CE,Towers with Radar,23,29,36,3,91,0,0,24,0,24,23,29,60,3,115,24,0,24,139
07/08/2001,LAN,MI,AGL,CE,Towers with Radar,21,25,26,0,72,0,0,68,0,68,21,25,94,0,140,109,0,109,249
07/09/2001,LAN,MI,AGL,CE,Towers with Radar,37,47,62,7,153,0,12,149,0,161,37,59,211,7,314,85,0,85,399
07/10/2001,LAN,MI,AGL,CE,Towers with Radar,30,59,45,4,138,0,3,100,0,103,30,62,145,4,241,110,0,110,351
07/11/2001,LAN,MI,AGL,CE,Towers with Radar,26,70,86,3,185,0,4,110,0,114,26,74,196,3,299,160,0,160,459
07/12/2001,LAN,MI,AGL,CE,Towers with Radar,30,84,61,1,176,0,0,124,0,124,30,84,185,1,300,148,0,148,448
07/13/2001,LAN,MI,AGL,CE,Towers with Radar,27,69,42,0,138,0,0,92,0,92,27,69,134,0,230,144,0,144,374
07/14/2001,LAN,MI,AGL,CE,Towers with Radar,27,64,47,7,145,0,0,101,0,101,27,64,148,7,246,72,24,96,342
07/15/2001,LAN,MI,AGL,CE,Towers with Radar,25,32,52,6,115,0,0,57,0,57,25,32,109,6,172,89,0,89,261
07/16/2001,LAN,MI,AGL,CE,Towers with Radar,27,74,61,0,162,0,0,86,0,86,27,74,147,0,248,82,12,94,342
07/17/2001,LAN,MI,AGL,CE,Towers with Radar,25,87,61,0,173,0,4,66,0,70,25,91,127,0,243,134,0,134,377
07/18/2001,LAN,MI,AGL,CE,Towers with Radar,29,81,71,0,181,0,1,28,0,29,29,82,99,0,210,26,0,26,236
07/19/2001,LAN,MI,AGL,CE,Towers with Radar,27,60,72,0,159,0,0,49,0,49,27,60,121,0,208,50,0,50,258
07/20/2001,LAN,MI,AGL,CE,Towers with Radar,33,55,72,3,163,0,0,36,0,36,33,55,108,3,199,20,0,20,219
07/21/2001,LAN,MI,AGL,CE,Towers with Radar,17,50,39,1,107,0,1,33,6,40,17,51,72,7,147,44,0,44,191
07/22/2001,LAN,MI,AGL,CE,Towers with Radar,19,68,73,1,161,0,0,53,4,57,19,68,126,5,218,202,8,210,428
07/23/2001,LAN,MI,AGL,CE,Towers with Radar,28,65,50,2,145,0,2,36,0,38,28,67,86,2,183,96,4,100,283
07/24/2001,LAN,MI,AGL,CE,Towers with Radar,36,86,114,2,238,0,2,49,0,51,36,88,163,2,289,124,0,124,413
07/25/2001,LAN,MI,AGL,CE,Towers with Radar,30,104,115,6,255,0,0,49,2,51,30,104,164,8,306,158,4,162,468
07/26/2001,LAN,MI,AGL,CE,Towers with Radar,28,48,49,2,127,0,0,66,0,66,28,48,115,2,193,60,0,60,253
07/27/2001,LAN,MI,AGL,CE,Towers with Radar,39,97,93,8,237,0,0,114,0,114,39,97,207,8,351,156,8,164,515
07/28/2001,LAN,MI,AGL,CE,Towers with Radar,30,106,80,2,218,0,0,133,0,133,30,106,213,2,351,60,0,60,411
07/29/2001,LAN,MI,AGL,CE,Towers with Radar,18,23,50,0,91,0,0,58,0,58,18,23,108,0,149,62,0,62,211
07/30/2001,LAN,MI,AGL,CE,Towers with Radar,26,70,72,12,180,0,0,54,0,54,26,70,126,12,234,42,0,42,276
07/31/2001,LAN,MI,AGL,CE,Towers with Radar,31,76,60,0,167,0,6,65,0,71,31,82,125,0,238,160,0,160,398
08/01/2001,LAN,MI,AGL,CE,Towers with Radar,37,92,88,0,217,0,0,69,0,69,37,92,157,0,286,82,0,82,368
08/02/2001,LAN,MI,AGL,CE,Towers with Radar,34,74,56,11,175,0,0,33,0,33,34,74,89,11,208,90,4,94,302
08/03/2001,LAN,MI,AGL,CE,Towers with Radar,28,77,64,6,175,0,0,55,0,55,28,77,119,6,230,67,14,81,311
08/04/2001,LAN,MI,AGL,CE,Towers with Radar,23,48,38,0,109,0,0,49,0,49,23,48,87,0,158,56,0,56,214
08/05/2001,LAN,MI,AGL,CE,Towers with Radar,23,25,32,0,80,0,0,64,0,64,23,25,96,0,144,142,0,142,286
08/06/2001,LAN,MI,AGL,CE,Towers with Radar,29,70,45,6,150,0,0,76,0,76,29,70,121,6,226,100,0,100,326
08/07/2001,LAN,MI,AGL,CE,Towers with Radar,29,63,46,1,139,0,0,39,0,39,29,63,85,1,178,124,0,124,302
08/08/2001,LAN,MI,AGL,CE,Towers with Radar,37,69,72,1,179,0,0,53,0,53,37,69,125,1,232,92,0,92,324
08/09/2001,LAN,MI,AGL,CE,Towers with Radar,36,79,44,2,161,0,0,18,0,18,36,79,62,2,179,108,2,110,289
08/10/2001,LAN,MI,AGL,CE,Towers with Radar,33,71,49,8,161,0,0,67,0,67,33,71,116,8,228,90,0,90,318
08/11/2001,LAN,MI,AGL,CE,Towers with Radar,22,52,33,0,107,0,0,63,4,67,22,52,96,4,174,52,4,56,230
08/12/2001,LAN,MI,AGL,CE,Towers with Radar,26,28,25,0,79,0,0,66,6,72,26,28,91,6,151,48,6,54,205
08/13/2001,LAN,MI,AGL,CE,Towers with Radar,32,47,90,0,169,0,0,57,0,57,32,47,147,0,226,146,6,152,378
08/14/2001,LAN,MI,AGL,CE,Towers with Radar,32,65,107,2,206,0,2,81,0,83,32,67,188,2,289,176,4,180,469
08/15/2001,LAN,MI,AGL,CE,Towers with Radar,33,80,103,2,218,0,0,102,0,102,33,80,205,2,320,230,0,230,550
08/16/2001,LAN,MI,AGL,CE,Towers with Radar,29,67,58,0,154,0,0,5,0,5,29,67,63,0,159,0,0,0,159
08/17/2001,LAN,MI,AGL,CE,Towers with Radar,31,79,72,6,188,0,0,43,0,43,31,79,115,6,231,32,0,32,263
08/18/2001,LAN,MI,AGL,CE,Towers with Radar,31,39,26,0,96,0,0,41,0,41,31,39,67,0,137,84,0,84,221
08/19/2001,LAN,MI,AGL,CE,Towers with Radar,25,25,26,0,76,0,0,1,0,1,25,25,27,0,77,0,0,0,77
08/20/2001,LAN,MI,AGL,CE,Towers with Radar,29,64,64,0,157,0,0,54,0,54,29,64,118,0,211,32,0,32,243
08/21/2001,LAN,MI,AGL,CE,Towers with Radar,28,75,81,0,184,0,0,91,0,91,28,75,172,0,275,90,0,90,365
08/22/2001,LAN,MI,AGL,CE,Towers with Radar,34,82,48,0,164,0,0,10,0,10,34,82,58,0,174,42,2,44,218
08/23/2001,LAN,MI,AGL,CE,Towers with Radar,36,48,69,0,153,0,0,27,0,27,36,48,96,0,180,78,0,78,258
08/24/2001,LAN,MI,AGL,CE,Towers with Radar,29,59,82,5,175,0,0,47,0,47,29,59,129,5,222,44,0,44,266
08/25/2001,LAN,MI,AGL,CE,Towers with Radar,29,51,23,0,103,0,0,10,0,10,29,51,33,0,113,42,2,44,157
08/26/2001,LAN,MI,AGL,CE,Towers with Radar,25,37,48,3,113,0,0,36,2,38,25,37,84,5,151,56,2,58,209
08/27/2001,LAN,MI,AGL,CE,Towers with Radar,28,82,74,2,186,0,0,80,0,80,28,82,154,2,266,140,0,140,406
08/28/2001,LAN,MI,AGL,CE,Towers with Radar,32,77,94,6,209,0,1,156,5,162,32,78,250,11,371,128,12,140,511
08/29/2001,LAN,MI,AGL,CE,Towers with Radar,30,60,114,14,218,0,2,99,0,101,30,62,213,14,319,180,10,190,509
08/30/2001,LAN,MI,AGL,CE,Towers with Radar,36,64,62,12,174,0,0,71,0,71,36,64,133,12,245,56,18,74,319
08/31/2001,LAN,MI,AGL,CE,Towers with Radar,33,74,89,7,203,0,0,79,0,79,33,74,168,7,282,110,4,114,396
09/01/2001,LAN,MI,AGL,CE,Towers with Radar,25,41,34,0,100,1,0,56,0,57,26,41,90,0,157,42,0,42,199
09/02/2001,LAN,MI,AGL,CE,Towers with Radar,11,31,17,0,59,1,0,58,0,59,12,31,75,0,118,74,0,74,192
09/03/2001,LAN,MI,AGL,CE,Towers with Radar,21,31,18,0,70,1,0,33,0,34,22,31,51,0,104,102,0,102,206
09/04/2001,LAN,MI,AGL,CE,Towers with Radar,30,67,53,0,150,1,0,90,0,91,31,67,143,0,241,140,0,140,381
09/05/2001,LAN,MI,AGL,CE,Towers with Radar,35,66,113,4,218,1,3,111,3,118,36,69,224,7,336,156,12,168,504
09/06/2001,LAN,MI,AGL,CE,Towers with Radar,35,61,152,8,256,1,0,126,0,127,36,61,278,8,383,220,0,220,603
09/07/2001,LAN,MI,AGL,CE,Towers with Radar,35,65,46,4,150,1,0,16,0,17,36,65,62,4,167,26,0,26,193
09/08/2001,LAN,MI,AGL,CE,Towers with Radar,18,33,29,8,88,1,0,2,2,5,19,33,31,10,93,12,4,16,109
09/09/2001,LAN,MI,AGL,CE,Towers with Radar,19,50,4,4,77,1,0,2,0,3,20,50,6,4,80,0,0,0,80
09/10/2001,LAN,MI,AGL,CE,Towers with Radar,31,50,112,14,207,1,0,117,0,118,32,50,229,14,325,172,14,186,511
09/11/2001,LAN,MI,AGL,CE,Towers with Radar,7,19,12,0,38,1,0,20,0,21,8,19,32,0,59,40,0,40,99
09/12/2001,LAN,MI,AGL,CE,Towers with Radar,0,0,1,3,4,0,0,1,0,1,0,0,2,3,5,0,0,0,5
09/13/2001,LAN,MI,AGL,CE,Towers with Radar,8,35,1,1,45,1,0,0,0,1,9,35,1,1,46,0,0,0,46
09/14/2001,LAN,MI,AGL,CE,Towers with Radar,21,60,1,2,84,1,1,0,6,8,22,61,1,8,92,0,0,0,92
09/15/2001,LAN,MI,AGL,CE,Towers with Radar,7,17,44,0,68,1,0,0,0,1,8,17,44,0,69,0,12,12,81
09/16/2001,LAN,MI,AGL,CE,Towers with Radar,21,34,91,4,150,1,0,10,8,19,22,34,101,12,169,0,8,8,177
09/17/2001,LAN,MI,AGL,CE,Towers with Radar,16,34,142,1,193,1,0,0,0,1,17,34,142,1,194,0,0,0,194
09/18/2001,LAN,MI,AGL,CE,Towers with Radar,26,78,133,16,253,1,0,2,0,3,27,78,135,16,256,120,16,136,392
09/19/2001,LAN,MI,AGL,CE,Towers with Radar,25,58,41,0,124,1,0,0,0,1,26,58,41,0,125,26,0,26,151
09/20/2001,LAN,MI,AGL,CE,Towers with Radar,26,82,80,0,188,1,0,1,0,2,27,82,81,0,190,0,0,0,190
09/21/2001,LAN,MI,AGL,CE,Towers with Radar,23,65,79,6,173,1,0,5,0,6,24,65,84,6,179,0,0,0,179
09/22/2001,LAN,MI,AGL,CE,Towers with Radar,13,36,43,0,92,0,0,7,0,7,13,36,50,0,99,20,0,20,119
09/23/2001,LAN,MI,AGL,CE,Towers with Radar,14,23,47,2,86,0,0,30,0,30,14,23,77,2,116,22,0,22,138
09/24/2001,LAN,MI,AGL,CE,Towers with Radar,23,81,92,2,198,0,0,15,0,15,23,81,107,2,213,66,6,72,285
09/25/2001,LAN,MI,AGL,CE,Towers with Radar,12,100,64,6,182,0,0,0,0,0,12,100,64,6,182,50,0,50,232
09/26/2001,LAN,MI,AGL,CE,Towers with Radar,12,77,98,4,191,0,18,30,0,48,12,95,128,4,239,60,0,60,299
09/27/2001,LAN,MI,AGL,CE,Towers with Radar,32,82,123,0,237,0,3,67,4,74,32,85,190,4,311,87,10,97,408
09/28/2001,LAN,MI,AGL,CE,Towers with Radar,25,64,110,4,203,0,0,54,0,54,25,64,164,4,257,274,16,290,547
09/29/2001,LAN,MI,AGL,CE,Towers with Radar,18,27,46,2,93,0,0,52,0,52,18,27,98,2,145,182,10,192,337
09/30/2001,LAN,MI,AGL,CE,Towers with Radar,13,31,79,0,123,0,0,85,6,91,13,31,164,6,214,142,10,152,366
10/01/2001,LAN,MI,AGL,CE,Towers with Radar,25,60,158,3,246,0,0,165,0,165,25,60,323,3,411,164,0,164,575
10/02/2001,LAN,MI,AGL,CE,Towers with Radar,33,53,86,7,179,0,0,103,0,103,33,53,189,7,282,114,4,118,400
10/03/2001,LAN,MI,AGL,CE,Towers with Radar,37,76,68,7,188,0,0,71,0,71,37,76,139,7,259,120,0,120,379
10/04/2001,LAN,MI,AGL,CE,Towers with Radar,36,53,91,6,186,0,0,42,4,46,36,53,133,10,232,90,8,98,330
10/05/2001,LAN,MI,AGL,CE,Towers with Radar,33,72,84,10,199,0,0,28,8,36,33,72,112,18,235,32,6,38,273
10/06/2001,LAN,MI,AGL,CE,Towers with Radar,22,35,27,4,88,0,0,17,0,17,22,35,44,4,105,6,0,6,111
10/07/2001,LAN,MI,AGL,CE,Towers with Radar,22,17,70,2,111,0,0,49,0,49,22,17,119,2,160,122,0,122,282
10/08/2001,LAN,MI,AGL,CE,Towers with Radar,31,46,95,0,172,0,0,118,0,118,31,46,213,0,290,166,0,166,456
10/09/2001,LAN,MI,AGL,CE,Towers with Radar,41,59,76,12,188,0,0,71,0,71,41,59,147,12,259,140,12,152,411
10/10/2001,LAN,MI,AGL,CE,Towers with Radar,32,57,62,4,155,0,0,28,0,28,32,57,90,4,183,48,4,52,235
10/11/2001,LAN,MI,AGL,CE,Towers with Radar,32,77,62,4,175,0,0,71,0,71,32,77,133,4,246,120,0,120,366
10/12/2001,LAN,MI,AGL,CE,Towers with Radar,36,59,57,4,156,0,0,4,0,4,36,59,61,4,160,8,0,8,168
10/13/2001,LAN,MI,AGL,CE,Towers with Radar,27,35,53,2,117,0,0,0,0,0,27,35,53,2,117,0,0,0,117
10/14/2001,LAN,MI,AGL,CE,Towers with Radar,24,22,56,2,104,0,0,14,0,14,24,22,70,2,118,52,0,52,170
10/15/2001,LAN,MI,AGL,CE,Towers with Radar,29,58,102,0,189,0,0,84,0,84,29,58,186,0,273,184,0,184,457
10/16/2001,LAN,MI,AGL,CE,Towers with Radar,38,59,36,0,133,0,0,0,0,0,38,59,36,0,133,12,0,12,145
10/17/2001,LAN,MI,AGL,CE,Towers with Radar,24,54,78,4,160,0,2,97,6,105,24,56,175,10,265,254,14,268,533
10/18/2001,LAN,MI,AGL,CE,Towers with Radar,32,78,74,4,188,0,0,84,8,92,32,78,158,12,280,92,6,98,378
10/19/2001,LAN,MI,AGL,CE,Towers with Radar,24,65,87,4,180,0,0,40,24,64,24,65,127,28,244,110,50,160,404
10/20/2001,LAN,MI,AGL,CE,Towers with Radar,23,31,53,0,107,0,0,51,0,51,23,31,104,0,158,82,0,82,240
10/21/2001,LAN,MI,AGL,CE,Towers with Radar,18,15,46,2,81,0,0,48,0,48,18,15,94,2,129,32,0,32,161
10/22/2001,LAN,MI,AGL,CE,Towers with Radar,28,54,88,0,170,0,0,114,0,114,28,54,202,0,284,340,54,394,678
10/23/2001,LAN,MI,AGL,CE,Towers with Radar,33,46,74,3,156,0,0,13,7,20,33,46,87,10,176,144,66,210,386
10/24/2001,LAN,MI,AGL,CE,Towers with Radar,36,56,60,0,152,0,0,60,0,60,36,56,120,0,212,140,60,200,412
10/25/2001,LAN,MI,AGL,CE,Towers with Radar,32,81,16,0,129,0,0,0,0,0,32,81,16,0,129,0,0,0,129
10/26/2001,LAN,MI,AGL,CE,Towers with Radar,29,49,13,2,93,0,0,0,0,0,29,49,13,2,93,22,0,22,115
10/27/2001,LAN,MI,AGL,CE,Towers with Radar,23,33,64,6,126,0,0,36,0,36,23,33,100,6,162,86,0,86,248
10/28/2001,LAN,MI,AGL,CE,Towers with Radar,22,28,55,0,105,0,2,86,0,88,22,30,141,0,193,102,0,102,295
10/29/2001,LAN,MI,AGL,CE,Towers with Radar,28,33,128,0,189,0,0,119,0,119,28,33,247,0,308,188,0,188,496
10/30/2001,LAN,MI,AGL,CE,Towers with Radar,19,52,94,2,167,0,0,99,6,105,19,52,193,8,272,168,38,206,478
10/31/2001,LAN,MI,AGL,CE,Towers with Radar,16,110,52,4,182,0,8,60,4,72,16,118,112,8,254,60,12,72,326
11/01/2001,LAN,MI,AGL,CE,Towers with Radar,32,45,44,16,137,2,1,56,0,59,34,46,100,16,196,38,8,46,242
11/02/2001,LAN,MI,AGL,CE,Towers with Radar,24,49,51,2,126,3,0,57,0,60,27,49,108,2,186,86,8,94,280
11/03/2001,LAN,MI,AGL,CE,Towers with Radar,18,35,51,2,106,3,0,89,0,92,21,35,140,2,198,98,0,98,296
11/04/2001,LAN,MI,AGL,CE,Towers with Radar,13,19,37,7,76,1,0,64,0,65,14,19,101,7,141,120,0,120,261
11/05/2001,LAN,MI,AGL,CE,Towers with Radar,33,39,95,1,168,2,1,149,0,152,35,40,244,1,320,246,0,246,566
11/06/2001,LAN,MI,AGL,CE,Towers with Radar,33,52,91,8,184,1,2,161,2,166,34,54,252,10,350,198,0,198,548
11/07/2001,LAN,MI,AGL,CE,Towers with Radar,33,51,106,4,194,1,2,114,6,123,34,53,220,10,317,232,20,252,569
11/08/2001,LAN,MI,AGL,CE,Towers with Radar,30,63,61,15,169,1,2,28,0,31,31,65,89,15,200,28,0,28,228
11/09/2001,LAN,MI,AGL,CE,Towers with Radar,28,53,77,13,171,1,2,97,0,100,29,55,174,13,271,137,4,141,412
11/10/2001,LAN,MI,AGL,CE,Towers with Radar,20,34,53,1,108,1,2,58,0,61,21,36,111,1,169,32,8,40,209
11/11/2001,LAN,MI,AGL,CE,Towers with Radar,16,16,88,2,122,1,2,77,0,80,17,18,165,2,202,64,4,68,270
11/12/2001,LAN,MI,AGL,CE,Towers with Radar,36,66,105,0,207,1,2,98,0,101,37,68,203,0,308,194,0,194,502
11/13/2001,LAN,MI,AGL,CE,Towers with Radar,29,55,49,2,135,1,1,57,0,59,30,56,106,2,194,108,0,108,302
11/14/2001,LAN,MI,AGL,CE,Towers with Radar,32,56,75,12,175,0,0,39,0,39,32,56,114,12,214,80,18,98,312
11/15/2001,LAN,MI,AGL,CE,Towers with Radar,35,62,97,4,198,1,1,9,0,11,36,63,106,4,209,84,4,88,297
11/16/2001,LAN,MI,AGL,CE,Towers with Radar,29,48,72,4,153,1,1,73,0,75,30,49,145,4,228,148,4,152,380
11/17/2001,LAN,MI,AGL,CE,Towers with Radar,18,24,31,0,73,1,1,39,0,41,19,25,70,0,114,20,0,20,134
11/18/2001,LAN,MI,AGL,CE,Towers with Radar,18,22,37,2,79,1,1,13,0,15,19,23,50,2,94,60,0,60,154
11/19/2001,LAN,MI,AGL,CE,Towers with Radar,35,57,52,6,150,1,1,15,0,17,36,58,67,6,167,62,4,66,233
11/20/2001,LAN,MI,AGL,CE,Towers with Radar,43,72,67,12,194,1,5,79,1,86,44,77,146,13,280,158,20,178,458
11/21/2001,LAN,MI,AGL,CE,Towers with Radar,25,57,43,8,133,1,1,105,0,107,26,58,148,8,240,102,8,110,350
11/22/2001,LAN,MI,AGL,CE,Towers with Radar,26,28,11,0,65,1,1,25,0,27,27,29,36,0,92,26,0,26,118
11/23/2001,LAN,MI,AGL,CE,Towers with Radar,23,40,31,0,94,1,1,62,0,64,24,41,93,0,158,41,0,41,199
11/24/2001,LAN,MI,AGL,CE,Towers with Radar,22,23,15,0,60,1,1,20,0,22,23,24,35,0,82,12,0,12,94
11/25/2001,LAN,MI,AGL,CE,Towers with Radar,19,23,15,0,57,1,1,12,0,14,20,24,27,0,71,0,0,0,71
11/26/2001,LAN,MI,AGL,CE,Towers with Radar,35,43,67,2,147,1,1,57,0,59,36,44,124,2,206,152,0,152,358
11/27/2001,LAN,MI,AGL,CE,Towers with Radar,19,39,58,5,121,1,1,8,0,10,20,40,66,5,131,20,0,20,151
11/28/2001,LAN,MI,AGL,CE,Towers with Radar,42,106,79,15,242,1,2,14,0,17,43,108,93,15,259,48,10,58,317
11/29/2001,LAN,MI,AGL,CE,Towers with Radar,29,64,86,3,182,1,1,2,0,4,30,65,88,3,186,6,0,6,192
11/30/2001,LAN,MI,AGL,CE,Towers with Radar,26,73,51,9,159,1,1,2,0,4,27,74,53,9,163,0,0,0,163
12/01/2001,LAN,MI,AGL,CE,Towers with Radar,28,27,48,0,103,1,1,9,3,14,29,28,57,3,117,34,2,36,153
12/02/2001,LAN,MI,AGL,CE,Towers with Radar,17,13,28,1,59,0,1,10,1,12,17,14,38,2,71,8,0,8,79
12/03/2001,LAN,MI,AGL,CE,Towers with Radar,26,52,90,2,170,0,1,133,0,134,26,53,223,2,304,162,2,164,468
12/04/2001,LAN,MI,AGL,CE,Towers with Radar,33,90,113,6,242,1,1,32,1,35,34,91,145,7,277,150,6,156,433
12/05/2001,LAN,MI,AGL,CE,Towers with Radar,37,67,61,8,173,1,9,39,6,55,38,76,100,14,228,60,4,64,292
12/06/2001,LAN,MI,AGL,CE,Towers with Radar,38,67,100,3,208,1,1,88,0,90,39,68,188,3,298,48,0,48,346
12/07/2001,LAN,MI,AGL,CE,Towers with Radar,35,76,62,8,181,1,0,9,0,10,36,76,71,8,191,60,6,66,257
12/08/2001,LAN,MI,AGL,CE,Towers with Radar,20,36,34,0,90,16,0,36,0,52,36,36,70,0,142,22,2,24,166
12/09/2001,LAN,MI,AGL,CE,Towers with Radar,33,47,57,0,137,1,0,91,0,92,34,47,148,0,229,52,0,52,281
12/10/2001,LAN,MI,AGL,CE,Towers with Radar,26,40,66,0,132,1,0,94,0,95,27,40,160,0,227,192,4,196,423
12/11/2001,LAN,MI,AGL,CE,Towers with Radar,23,64,112,0,199,1,0,94,0,95,24,64,206,0,294,138,16,154,448
12/12/2001,LAN,MI,AGL,CE,Towers with Radar,53,93,112,16,274,1,0,24,0,25,54,93,136,16,299,104,16,120,419
12/13/2001,LAN,MI,AGL,CE,Towers with Radar,38,85,79,5,207,0,0,20,7,27,38,85,99,12,234,16,0,16,250
12/14/2001,LAN,MI,AGL,CE,Towers with Radar,32,63,31,2,128,1,0,0,0,1,33,63,31,2,129,34,0,34,163
12/15/2001,LAN,MI,AGL,CE,Towers with Radar,22,51,14,4,91,1,0,0,0,1,23,51,14,4,92,34,0,34,126
12/16/2001,LAN,MI,AGL,CE,Towers with Radar,22,41,23,6,92,1,0,43,0,44,23,41,66,6,136,14,0,14,150
12/17/2001,LAN,MI,AGL,CE,Towers with Radar,28,45,39,0,112,1,0,22,0,23,29,45,61,0,135,94,0,94,229
12/18/2001,LAN,MI,AGL,CE,Towers with Radar,16,76,29,2,123,1,3,68,1,73,17,79,97,3,196,96,22,118,314
12/19/2001,LAN,MI,AGL,CE,Towers with Radar,57,117,27,0,201,1,0,5,0,6,58,117,32,0,207,38,0,38,245
12/20/2001,LAN,MI,AGL,CE,Towers with Radar,29,66,53,10,158,1,0,46,0,47,30,66,99,10,205,61,0,61,266
12/21/2001,LAN,MI,AGL,CE,Towers with Radar,38,82,46,0,166,1,0,89,0,90,39,82,135,0,256,190,8,198,454
12/22/2001,LAN,MI,AGL,CE,Towers with Radar,31,43,44,0,118,1,6,44,0,51,32,49,88,0,169,38,0,38,207
12/23/2001,LAN,MI,AGL,CE,Towers with Radar,21,12,7,0,40,1,0,1,0,2,22,12,8,0,42,0,0,0,42
12/24/2001,LAN,MI,AGL,CE,Towers with Radar,25,48,21,3,97,1,0,12,0,13,26,48,33,3,110,36,0,36,146
12/25/2001,LAN,MI,AGL,CE,Towers with Radar,26,18,4,5,53,1,0,0,0,1,27,18,4,5,54,0,0,0,54
12/26/2001,LAN,MI,AGL,CE,Towers with Radar,30,52,35,0,117,1,0,4,0,5,31,52,39,0,122,20,0,20,142
12/27/2001,LAN,MI,AGL,CE,Towers with Radar,26,56,26,0,108,1,0,1,0,2,27,56,27,0,110,0,0,0,110
12/28/2001,LAN,MI,AGL,CE,Towers with Radar,31,47,12,12,102,1,0,0,3,4,32,47,12,15,106,28,20,48,154
12/29/2001,LAN,MI,AGL,CE,Towers with Radar,14,38,21,5,78,1,0,10,9,20,15,38,31,14,98,22,0,22,120
12/30/2001,LAN,MI,AGL,CE,Towers with Radar,19,20,9,0,48,0,1,0,0,1,19,21,9,0,49,4,0,4,53
12/31/2001,LAN,MI,AGL,CE,Towers with Radar,24,27,18,0,69,0,1,1,0,2,24,28,19,0,71,8,0,8,79
01/01/2002,LAN,MI,AGL,CE,Towers with Radar,36,21,35,0,92,1,0,20,0,21,37,21,55,0,113,34,0,34,147
01/02/2002,LAN,MI,AGL,CE,Towers with Radar,29,53,83,0,165,1,0,41,0,42,30,53,124,0,207,122,0,122,329
01/03/2002,LAN,MI,AGL,CE,Towers with Radar,39,74,64,7,184,1,0,43,0,44,40,74,107,7,228,96,0,96,324
01/04/2002,LAN,MI,AGL,CE,Towers with Radar,35,49,15,9,108,0,0,34,0,34,35,49,49,9,142,20,10,30,172
01/05/2002,LAN,MI,AGL,CE,Towers with Radar,19,27,40,0,86,0,0,29,0,29,19,27,69,0,115,44,0,44,159
01/06/2002,LAN,MI,AGL,CE,Towers with Radar,26,24,6,2,58,0,0,0,0,0,26,24,6,2,58,2,0,2,60
01/07/2002,LAN,MI,AGL,CE,Towers with Radar,29,38,59,6,132,0,0,64,0,64,29,38,123,6,196,60,0,60,256
01/08/2002,LAN,MI,AGL,CE,Towers with Radar,35,55,31,0,121,0,0,32,0,32,35,55,63,0,153,80,0,80,233
01/09/2002,LAN,MI,AGL,CE,Towers with Radar,38,50,60,0,148,0,0,34,0,34,38,50,94,0,182,40,0,40,222
01/10/2002,LAN,MI,AGL,CE,Towers with Radar,28,65,59,12,164,0,0,52,10,62,28,65,111,22,226,82,10,92,318
01/11/2002,LAN,MI,AGL,CE,Towers with Radar,36,75,28,0,139,0,0,54,0,54,36,75,82,0,193,52,40,92,285
01/12/2002,LAN,MI,AGL,CE,Towers with Radar,24,27,17,6,74,0,0,18,0,18,24,27,35,6,92,30,0,30,122
01/13/2002,LAN,MI,AGL,CE,Towers with Radar,16,29,25,2,72,0,2,58,0,60,16,31,83,2,132,24,0,24,156
01/14/2002,LAN,MI,AGL,CE,Towers with Radar,41,47,42,15,145,0,0,28,12,40,41,47,70,27,185,134,0,134,319
01/15/2002,LAN,MI,AGL,CE,Towers with Radar,34,56,34,1,125,0,0,6,0,6,34,56,40,1,131,2,0,2,133
01/16/2002,LAN,MI,AGL,CE,Towers with Radar,38,60,39,17,154,0,2,9,3,14,38,62,48,20,168,38,4,42,210
01/17/2002,LAN,MI,AGL,CE,Towers with Radar,22,52,38,4,116,0,0,4,2,6,22,52,42,6,122,32,4,36,158
01/18/2002,LAN,MI,AGL,CE,Towers with Radar,46,63,51,6,166,0,0,22,0,22,46,63,73,6,188,56,0,56,244
01/19/2002,LAN,MI,AGL,CE,Towers with Radar,23,25,55,1,104,0,0,88,0,88,23,25,143,1,192,32,0,32,224
01/20/2002,LAN,MI,AGL,CE,Towers with Radar,25,17,23,1,66,0,0,11,0,11,25,17,34,1,77,24,0,24,101
01/21/2002,LAN,MI,AGL,CE,Towers with Radar,30,54,21,3,108,0,0,2,0,2,30,54,23,3,110,28,0,28,138
01/22/2002,LAN,MI,AGL,CE,Towers with Radar,39,57,40,0,136,0,0,98,2,100,39,57,138,2,236,68,0,68,304
01/23/2002,LAN,MI,AGL,CE,Towers with Radar,36,57,74,0,167,0,0,1,0,1,36,57,75,0,168,28,0,28,196
01/24/2002,LAN,MI,AGL,CE,Towers with Radar,30,66,36,8,140,0,0,13,0,13,30,66,49,8,153,92,0,92,245
01/25/2002,LAN,MI,AGL,CE,Towers with Radar,29,56,69,11,165,0,0,84,0,84,29,56,153,11,249,140,4,144,393
01/26/2002,LAN,MI,AGL,CE,Towers with Radar,22,25,53,0,100,0,0,92,0,92,22,25,145,0,192,86,0,86,278
01/27/2002,LAN,MI,AGL,CE,Towers with Radar,24,24,44,0,92,0,0,54,0,54,24,24,98,0,146,60,0,60,206
01/28/2002,LAN,MI,AGL,CE,Towers with Radar,33,49,46,0,128,0,0,85,0,85,33,49,131,0,213,154,0,154,367
01/29/2002,LAN,MI,AGL,CE,Towers with Radar,30,47,20,0,97,0,0,0,0,0,30,47,20,0,97,0,0,0,97
01/30/2002,LAN,MI,AGL,CE,Towers with Radar,27,28,19,0,74,0,0,0,0,0,27,28,19,0,74,0,0,0,74
01/31/2002,LAN,MI,AGL,CE,Towers with Radar,37,51,13,0,101,0,0,0,0,0,37,51,13,0,101,0,0,0,101
02/01/2002,LAN,MI,AGL,CE,Towers with Radar,29,56,13,8,106,0,1,1,4,6,29,57,14,12,112,0,0,0,112
02/02/2002,LAN,MI,AGL,CE,Towers with Radar,31,29,109,0,169,0,1,97,0,98,31,30,206,0,267,198,0,198,465
02/03/2002,LAN,MI,AGL,CE,Towers with Radar,39,30,34,0,103,0,1,15,0,16,39,31,49,0,119,96,0,96,215
02/04/2002,LAN,MI,AGL,CE,Towers with Radar,32,48,51,8,139,0,1,42,0,43,32,49,93,8,182,76,0,76,258
02/05/2002,LAN,MI,AGL,CE,Towers with Radar,33,76,52,11,172,0,2,33,0,35,33,78,85,11,207,38,0,38,245
02/06/2002,LAN,MI,AGL,CE,Towers with Radar,36,73,93,12,214,0,3,77,1,81,36,76,170,13,295,130,28,158,453
02/07/2002,LAN,MI,AGL,CE,Towers with Radar,34,58,74,10,176,0,1,42,0,43,34,59,116,10,219,94,10,104,323
02/08/2002,LAN,MI,AGL,CE,Towers with Radar,31,51,45,7,134,0,1,56,2,59,31,52,101,9,193,160,16,176,369
02/09/2002,LAN,MI,AGL,CE,Towers with Radar,26,33,38,0,97,0,1,98,0,99,26,34,136,0,196,60,0,60,256
02/10/2002,LAN,MI,AGL,CE,Towers with Radar,21,22,13,18,74,0,0,25,0,25,21,22,38,18,99,12,0,12,111
02/11/2002,LAN,MI,AGL,CE,Towers with Radar,36,47,88,22,193,0,0,70,16,86,36,47,158,38,279,116,58,174,453
02/12/2002,LAN,MI,AGL,CE,Towers with Radar,37,63,20,2,122,0,0,12,0,12,37,63,32,2,134,6,0,6,140
02/13/2002,LAN,MI,AGL,CE,Towers with Radar,30,80,85,10,205,0,10,121,10,141,30,90,206,20,346,160,10,170,516
02/14/2002,LAN,MI,AGL,CE,Towers with Radar,35,66,67,18,186,0,1,94,6,101,35,67,161,24,287,146,22,168,455
02/15/2002,LAN,MI,AGL,CE,Towers with Radar,31,56,62,12,161,0,0,17,0,17,31,56,79,12,178,22,0,22,200
02/16/2002,LAN,MI,AGL,CE,Towers with Radar,23,27,3,0,53,0,0,2,0,2,23,27,5,0,55,12,0,12,67
02/17/2002,LAN,MI,AGL,CE,Towers with Radar,17,17,32,2,68,0,0,32,0,32,17,17,64,2,100,86,0,86,186
02/18/2002,LAN,MI,AGL,CE,Towers with Radar,26,40,79,0,145,0,0,71,0,71,26,40,150,0,216,116,0,116,332
02/19/2002,LAN,MI,AGL,CE,Towers with Radar,48,66,84,5,203,0,0,40,0,40,48,66,124,5,243,90,0,90,333
02/20/2002,LAN,MI,AGL,CE,Towers with Radar,20,60,40,0,120,0,0,4,6,10,20,60,44,6,130,48,12,60,190
02/21/2002,LAN,MI,AGL,CE,Towers with Radar,51,84,17,0,152,0,0,0,0,0,51,84,17,0,152,0,0,0,152
02/22/2002,LAN,MI,AGL,CE,Towers with Radar,37,57,65,7,166,4,0,89,9,102,41,57,154,16,268,106,46,152,420
02/23/2002,LAN,MI,AGL,CE,Towers with Radar,24,32,50,0,106,0,0,58,0,58,24,32,108,0,164,64,0,64,228
02/24/2002,LAN,MI,AGL,CE,Towers with Radar,14,42,69,0,125,0,1,36,0,37,14,43,105,0,162,22,0,22,184
02/25/2002,LAN,MI,AGL,CE,Towers with Radar,19,52,61,5,137,0,0,33,0,33,19,52,94,5,170,186,0,186,356
02/26/2002,LAN,MI,AGL,CE,Towers with Radar,22,62,20,0,104,0,0,0,0,0,22,62,20,0,104,0,0,0,104
02/27/2002,LAN,MI,AGL,CE,Towers with Radar,32,62,48,8,150,0,4,6,4,14,32,66,54,12,164,10,6,16,180
02/28/2002,LAN,MI,AGL,CE,Towers with Radar,36,70,61,20,187,0,0,58,0,58,36,70,119,20,245,75,10,85,330
03/01/2002,LAN,MI,AGL,CE,Towers with Radar,22,63,32,4,121,1,0,55,0,56,23,63,87,4,177,178,12,190,367
03/02/2002,LAN,MI,AGL,CE,Towers with Radar,21,24,5,2,52,1,0,0,0,1,22,24,5,2,53,0,0,0,53
03/03/2002,LAN,MI,AGL,CE,Towers with Radar,11,28,5,4,48,1,0,1,0,2,12,28,6,4,50,0,0,0,50
03/04/2002,LAN,MI,AGL,CE,Towers with Radar,13,51,26,0,90,1,0,4,0,5,14,51,30,0,95,0,0,0,95
03/05/2002,LAN,MI,AGL,CE,Towers with Radar,28,71,40,7,146,1,0,6,6,13,29,71,46,13,159,14,0,14,173
03/06/2002,LAN,MI,AGL,CE,Towers with Radar,27,75,82,0,184,1,0,31,0,32,28,75,113,0,216,124,6,130,346
03/07/2002,LAN,MI,AGL,CE,Towers with Radar,25,67,33,3,128,1,0,7,0,8,26,67,40,3,136,30,0,30,166
03/08/2002,LAN,MI,AGL,CE,Towers with Radar,28,57,20,8,113,1,0,6,0,7,29,57,26,8,120,20,0,20,140
03/09/2002,LAN,MI,AGL,CE,Towers with Radar,20,17,7,0,44,1,0,0,0,1,21,17,7,0,45,0,0,0,45
03/10/2002,LAN,MI,AGL,CE,Towers with Radar,27,19,16,0,62,1,0,0,0,1,28,19,16,0,63,0,0,0,63
03/11/2002,LAN,MI,AGL,CE,Towers with Radar,31,48,45,1,125,1,3,61,8,73,32,51,106,9,198,142,12,154,352
03/12/2002,LAN,MI,AGL,CE,Towers with Radar,39,57,69,20,185,1,0,96,0,97,40,57,165,20,282,174,28,202,484
03/13/2002,LAN,MI,AGL,CE,Towers with Radar,48,50,131,14,243,1,0,66,0,67,49,50,197,14,310,156,28,184,494
03/14/2002,LAN,MI,AGL,CE,Towers with Radar,20,67,42,16,145,1,0,87,9,97,21,67,129,25,242,114,20,134,376
03/15/2002,LAN,MI,AGL,CE,Towers with Radar,33,49,38,5,125,1,0,20,0,21,34,49,58,5,146,44,0,44,190
03/16/2002,LAN,MI,AGL,CE,Towers with Radar,26,22,72,0,120,1,0,66,0,67,27,22,138,0,187,76,10,86,273
03/17/2002,LAN,MI,AGL,CE,Towers with Radar,11,36,51,2,100,1,0,42,0,43,12,36,93,2,143,32,10,42,185
03/18/2002,LAN,MI,AGL,CE,Towers with Radar,24,50,43,0,117,1,1,33,0,35,25,51,76,0,152,98,0,98,250
03/19/2002,LAN,MI,AGL,CE,Towers with Radar,16,70,79,7,172,1,0,105,1,107,17,70,184,8,279,260,10,270,549
03/20/2002,LAN,MI,AGL,CE,Towers with Radar,48,59,60,2,169,1,0,14,0,15,49,59,74,2,184,66,2,68,252
03/21/2002,LAN,MI,AGL,CE,Towers with Radar,15,53,33,0,101,1,0,0,0,1,16,53,33,0,102,26,4,30,132
03/22/2002,LAN,MI,AGL,CE,Towers with Radar,34,80,35,2,151,0,1,27,0,28,34,81,62,2,179,28,8,36,215
03/23/2002,LAN,MI,AGL,CE,Towers with Radar,21,23,30,0,74,0,1,24,0,25,21,24,54,0,99,34,0,34,133
03/24/2002,LAN,MI,AGL,CE,Towers with Radar,10,25,65,2,102,0,1,57,0,58,10,26,122,2,160,134,0,134,294
03/25/2002,LAN,MI,AGL,CE,Towers with Radar,39,56,38,10,143,0,0,25,0,25,39,56,63,10,168,34,2,36,204
03/26/2002,LAN,MI,AGL,CE,Towers with Radar,15,60,28,7,110,0,2,18,0,20,15,62,46,7,130,48,0,48,178
03/27/2002,LAN,MI,AGL,CE,Towers with Radar,48,74,112,5,239,0,0,179,9,188,48,74,291,14,427,160,0,160,587
03/28/2002,LAN,MI,AGL,CE,Towers with Radar,28,73,66,3,170,0,0,54,0,54,28,73,120,3,224,68,10,78,302
03/29/2002,LAN,MI,AGL,CE,Towers with Radar,31,60,61,0,152,0,0,11,0,11,31,60,72,0,163,86,12,98,261
03/30/2002,LAN,MI,AGL,CE,Towers with Radar,26,20,33,0,79,0,0,53,0,53,26,20,86,0,132,40,12,52,184
03/31/2002,LAN,MI,AGL,CE,Towers with Radar,27,18,21,0,66,0,0,16,0,16,27,18,37,0,82,18,4,22,104
04/01/2002,LAN,MI,AGL,CE,Towers with Radar,35,40,39,2,116,0,1,65,0,66,35,41,104,2,182,186,8,194,376
04/02/2002,LAN,MI,AGL,CE,Towers with Radar,30,57,20,0,107,0,1,1,0,2,30,58,21,0,109,0,0,0,109
04/03/2002,LAN,MI,AGL,CE,Towers with Radar,17,54,60,7,138,0,1,48,2,51,17,55,108,9,189,118,4,122,311
04/04/2002,LAN,MI,AGL,CE,Towers with Radar,30,77,51,3,161,0,1,84,0,85,30,78,135,3,246,144,8,152,398
04/05/2002,LAN,MI,AGL,CE,Towers with Radar,34,74,61,12,181,0,1,25,0,26,34,75,86,12,207,88,0,88,295
04/06/2002,LAN,MI,AGL,CE,Towers with Radar,26,31,52,13,122,0,2,100,4,106,26,33,152,17,228,86,4,90,318
04/07/2002,LAN,MI,AGL,CE,Towers with Radar,29,18,10,3,60,0,1,14,0,15,29,19,24,3,75,8,2,10,85
04/08/2002,LAN,MI,AGL,CE,Towers with Radar,14,45,53,2,114,0,1,0,0,1,14,46,53,2,115,6,0,6,121
04/09/2002,LAN,MI,AGL,CE,Towers with Radar,38,53,61,4,156,0,1,29,0,30,38,54,90,4,186,40,0,40,226
04/10/2002,LAN,MI,AGL,CE,Towers with Radar,45,46,70,8,169,0,1,116,0,117,45,47,186,8,286,156,0,156,442
04/11/2002,LAN,MI,AGL,CE,Towers with Radar,32,38,99,6,175,0,1,111,0,112,32,39,210,6,287,108,12,120,407
04/12/2002,LAN,MI,AGL,CE,Towers with Radar,40,65,58,9,172,0,3,22,1,26,40,68,80,10,198,100,8,108,306
04/13/2002,LAN,MI,AGL,CE,Towers with Radar,28,28,45,0,101,0,1,45,0,46,28,29,90,0,147,110,4,114,261
04/14/2002,LAN,MI,AGL,CE,Towers with Radar,13,30,78,5,126,0,1,43,0,44,13,31,121,5,170,118,0,118,288
04/15/2002,LAN,MI,AGL,CE,Towers with Radar,22,45,100,10,177,0,1,130,2,133,22,46,230,12,310,262,2,264,574
04/16/2002,LAN,MI,AGL,CE,Towers with Radar,50,50,58,2,160,0,1,126,0,127,50,51,184,2,287,48,0,48,335
04/17/2002,LAN,MI,AGL,CE,Towers with Radar,33,54,66,31,184,0,0,29,6,35,33,54,95,37,219,94,16,110,329
04/18/2002,LAN,MI,AGL,CE,Towers with Radar,28,60,44,9,141,0,4,42,9,55,28,64,86,18,196,98,16,114,310
04/19/2002,LAN,MI,AGL,CE,Towers with Radar,38,57,84,4,183,0,3,68,0,71,38,60,152,4,254,178,12,190,444
04/20/2002,LAN,MI,AGL,CE,Towers with Radar,31,25,38,4,98,0,0,57,5,62,31,25,95,9,160,32,6,38,198
04/21/2002,LAN,MI,AGL,CE,Towers with Radar,9,25,12,0,46,0,0,8,0,8,9,25,20,0,54,0,0,0,54
04/22/2002,LAN,MI,AGL,CE,Towers with Radar,24,32,34,0,90,6,0,0,0,6,30,32,34,0,96,38,0,38,134
04/23/2002,LAN,MI,AGL,CE,Towers with Radar,55,72,66,12,205,0,0,137,0,137,55,72,203,12,342,168,12,180,522
04/24/2002,LAN,MI,AGL,CE,Towers with Radar,42,55,72,14,183,0,0,33,0,33,42,55,105,14,216,114,16,130,346
04/25/2002,LAN,MI,AGL,CE,Towers with Radar,33,59,51,4,147,0,0,24,0,24,33,59,75,4,171,30,2,32,203
04/26/2002,LAN,MI,AGL,CE,Towers with Radar,42,48,70,8,168,1,0,136,12,149,43,48,206,20,317,146,22,168,485
04/27/2002,LAN,MI,AGL,CE,Towers with Radar,23,34,27,4,88,0,0,49,0,49,23,34,76,4,137,56,2,58,195
04/28/2002,LAN,MI,AGL,CE,Towers with Radar,33,10,17,0,60,0,0,2,0,2,33,10,19,0,62,8,0,8,70
04/29/2002,LAN,MI,AGL,CE,Towers with Radar,41,30,58,4,133,0,4,52,2,58,41,34,110,6,191,174,0,174,365
04/30/2002,LAN,MI,AGL,CE,Towers with Radar,41,52,69,9,171,0,2,72,0,74,41,54,141,9,245,158,4,162,407
05/01/2002,LAN,MI,AGL,CE,Towers with Radar,43,60,50,20,173,1,0,90,20,111,44,60,140,40,284,72,16,88,372
05/02/2002,LAN,MI,AGL,CE,Towers with Radar,25,53,51,11,140,1,0,3,0,4,26,53,54,11,144,28,6,34,178
05/03/2002,LAN,MI,AGL,CE,Towers with Radar,49,56,75,8,188,1,0,128,0,129,50,56,203,8,317,134,12,146,463
05/04/2002,LAN,MI,AGL,CE,Towers with Radar,33,22,40,3,98,0,0,101,0,101,33,22,141,3,199,128,6,134,333
05/05/2002,LAN,MI,AGL,CE,Towers with Radar,33,11,52,4,100,0,0,61,2,63,33,11,113,6,163,132,2,134,297
05/06/2002,LAN,MI,AGL,CE,Towers with Radar,41,37,38,2,118,0,0,12,0,12,41,37,50,2,130,138,2,140,270
05/07/2002,LAN,MI,AGL,CE,Towers with Radar,43,44,68,2,157,0,2,45,0,47,43,46,113,2,204,146,8,154,358
05/08/2002,LAN,MI,AGL,CE,Towers with Radar,41,52,55,7,155,0,0,13,0,13,41,52,68,7,168,26,0,26,194
05/09/2002,LAN,MI,AGL,CE,Towers with Radar,37,46,32,9,124,0,0,11,0,11,37,46,43,9,135,16,6,22,157
05/10/2002,LAN,MI,AGL,CE,Towers with Radar,40,37,32,1,110,0,0,34,0,34,40,37,66,1,144,14,0,14,158
05/11/2002,LAN,MI,AGL,CE,Towers with Radar,38,20,63,0,121,0,0,63,0,63,38,20,126,0,184,54,0,54,238
05/12/2002,LAN,MI,AGL,CE,Towers with Radar,30,10,3,0,43,0,0,1,0,1,30,10,4,0,44,0,0,0,44
05/13/2002,LAN,MI,AGL,CE,Towers with Radar,26,60,79,6,171,0,0,21,0,21,26,60,100,6,192,36,0,36,228
05/14/2002,LAN,MI,AGL,CE,Towers with Radar,39,58,53,0,150,0,0,43,0,43,39,58,96,0,193,40,6,46,239
05/15/2002,LAN,MI,AGL,CE,Towers with Radar,39,52,67,3,161,0,0,94,1,95,39,52,161,4,256,194,4,198,454
05/16/2002,LAN,MI,AGL,CE,Towers with Radar,40,43,53,0,136,0,6,4,0,10,40,49,57,0,146,24,0,24,170
05/17/2002,LAN,MI,AGL,CE,Towers with Radar,48,53,61,3,165,0,0,48,1,49,48,53,109,4,214,110,0,110,324
05/18/2002,LAN,MI,AGL,CE,Towers with Radar,33,26,38,0,97,0,0,54,1,55,33,26,92,1,152,64,24,88,240
05/19/2002,LAN,MI,AGL,CE,Towers with Radar,33,11,22,5,71,0,0,60,0,60,33,11,82,5,131,90,14,104,235
05/20/2002,LAN,MI,AGL,CE,Towers with Radar,50,41,47,0,138,0,0,35,0,35,50,41,82,0,173,108,0,108,281
05/21/2002,LAN,MI,AGL,CE,Towers with Radar,54,50,70,6,180,0,0,80,0,80,54,50,150,6,260,80,0,80,340
05/22/2002,LAN,MI,AGL,CE,Towers with Radar,45,46,67,2,160,0,0,113,0,113,45,46,180,2,273,154,8,162,435
05/23/2002,LAN,MI,AGL,CE,Towers with Radar,32,40,37,8,117,0,0,48,0,48,32,40,85,8,165,64,22,86,251
05/24/2002,LAN,MI,AGL,CE,Towers with Radar,51,44,43,3,141,0,0,57,0,57,51,44,100,3,198,34,8,42,240
05/25/2002,LAN,MI,AGL,CE,Towers with Radar,31,20,11,0,62,0,0,10,0,10,31,20,21,0,72,32,0,32,104
05/26/2002,LAN,MI,AGL,CE,Towers with Radar,29,7,50,0,86,0,0,35,0,35,29,7,85,0,121,126,0,126,247
05/27/2002,LAN,MI,AGL,CE,Towers with Radar,28,11,39,0,78,0,0,49,0,49,28,11,88,0,127,90,0,90,217
05/28/2002,LAN,MI,AGL,CE,Towers with Radar,46,54,40,0,140,0,2,46,0,48,46,56,86,0,188,114,0,114,302
05/29/2002,LAN,MI,AGL,CE,Towers with Radar,41,41,56,0,138,0,0,12,0,12,41,41,68,0,150,96,0,96,246
05/30/2002,LAN,MI,AGL,CE,Towers with Radar,44,48,61,0,153,0,0,35,0,35,44,48,96,0,188,64,4,68,256
05/31/2002,LAN,MI,AGL,CE,Towers with Radar,39,46,33,2,120,0,11,50,6,67,39,57,83,8,187,4,0,4,191
06/01/2002,LAN,MI,AGL,CE,Towers with Radar,36,25,52,4,117,0,0,58,0,58,36,25,110,4,175,64,0,64,239
06/02/2002,LAN,MI,AGL,CE,Towers with Radar,41,12,21,6,80,0,0,47,0,47,41,12,68,6,127,110,0,110,237
06/03/2002,LAN,MI,AGL,CE,Towers with Radar,35,38,44,16,133,0,0,4,1,5,35,38,48,17,138,22,0,22,160
06/04/2002,LAN,MI,AGL,CE,Towers with Radar,34,46,27,25,132,0,0,6,1,7,34,46,33,26,139,12,0,12,151
06/05/2002,LAN,MI,AGL,CE,Towers with Radar,36,64,66,10,176,0,0,10,8,18,36,64,76,18,194,52,8,60,254
06/06/2002,LAN,MI,AGL,CE,Towers with Radar,38,62,52,3,155,0,0,52,0,52,38,62,104,3,207,74,2,76,283
06/07/2002,LAN,MI,AGL,CE,Towers with Radar,41,56,54,3,154,0,0,126,4,130,41,56,180,7,284,68,2,70,354
06/08/2002,LAN,MI,AGL,CE,Towers with Radar,33,25,23,0,81,0,0,54,2,56,33,25,77,2,137,86,12,98,235
06/09/2002,LAN,MI,AGL,CE,Towers with Radar,34,8,31,3,76,0,0,75,3,78,34,8,106,6,154,130,6,136,290
06/10/2002,LAN,MI,AGL,CE,Towers with Radar,35,38,60,3,136,0,0,84,0,84,35,38,144,3,220,166,8,174,394
06/11/2002,LAN,MI,AGL,CE,Towers with Radar,32,83,60,6,181,0,2,18,1,21,32,85,78,7,202,68,10,78,280
06/12/2002,LAN,MI,AGL,CE,Towers with Radar,26,64,46,8,144,0,0,30,2,32,26,64,76,10,176,82,2,84,260
06/13/2002,LAN,MI,AGL,CE,Towers with Radar,43,56,62,13,174,0,0,28,0,28,43,56,90,13,202,64,8,72,274
06/14/2002,LAN,MI,AGL,CE,Towers with Radar,38,39,52,14,143,0,0,7,0,7,38,39,59,14,150,24,6,30,180
06/15/2002,LAN,MI,AGL,CE,Towers with Radar,38,30,16,0,84,0,0,5,0,5,38,30,21,0,89,4,0,4,93
06/16/2002,LAN,MI,AGL,CE,Towers with Radar,37,8,15,0,60,0,0,16,0,16,37,8,31,0,76,32,0,32,108
06/17/2002,LAN,MI,AGL,CE,Towers with Radar,34,40,83,2,159,0,3,102,1,106,34,43,185,3,265,186,0,186,451
06/18/2002,LAN,MI,AGL,CE,Towers with Radar,41,46,74,7,168,0,0,143,0,143,41,46,217,7,311,78,8,86,397
06/19/2002,LAN,MI,AGL,CE,Towers with Radar,44,45,67,11,167,0,0,106,2,108,44,45,173,13,275,202,12,214,489
06/20/2002,LAN,MI,AGL,CE,Towers with Radar,40,54,35,4,133,0,0,109,0,109,40,54,144,4,242,94,18,112,354
06/21/2002,LAN,MI,AGL,CE,Towers with Radar,38,48,31,11,128,0,0,20,0,20,38,48,51,11,148,22,16,38,186
06/22/2002,LAN,MI,AGL,CE,Towers with Radar,30,19,40,0,89,0,0,20,0,20,30,19,60,0,109,36,0,36,145
06/23/2002,LAN,MI,AGL,CE,Towers with Radar,33,10,35,4,82,0,0,55,0,55,33,10,90,4,137,116,0,116,253
06/24/2002,LAN,MI,AGL,CE,Towers with Radar,23,29,40,8,100,0,0,53,4,57,23,29,93,12,157,100,0,100,257
06/25/2002,LAN,MI,AGL,CE,Towers with Radar,33,49,58,3,143,0,0,54,0,54,33,49,112,3,197,68,14,82,279
06/26/2002,LAN,MI,AGL,CE,Towers with Radar,53,72,46,34,205,0,4,31,4,39,53,76,77,38,244,98,26,124,368
06/27/2002,LAN,MI,AGL,CE,Towers with Radar,34,59,98,0,191,0,0,61,0,61,34,59,159,0,252,112,0,112,364
06/28/2002,LAN,MI,AGL,CE,Towers with Radar,39,51,85,0,175,0,0,163,175,338,39,51,248,175,513,166,0,166,679
06/29/2002,LAN,MI,AGL,CE,Towers with Radar,34,18,20,0,72,0,0,125,6,131,34,18,145,6,203,46,2,48,251
06/30/2002,LAN,MI,AGL,CE,Towers with Radar,36,8,36,0,80,0,0,40,0,40,36,8,76,0,120,106,14,120,240
07/01/2002,LAN,MI,AGL,CE,Towers with Radar,45,37,30,0,112,0,0,87,0,87,45,37,117,0,199,164,0,164,363
07/02/2002,LAN,MI,AGL,CE,Towers with Radar,33,46,104,2,185,0,0,59,0,59,33,46,163,2,244,118,6,124,368
07/03/2002,LAN,MI,AGL,CE,Towers with Radar,35,42,124,3,204,0,0,52,0,52,35,42,176,3,256,130,10,140,396
07/04/2002,LAN,MI,AGL,CE,Towers with Radar,30,22,14,0,66,0,0,36,0,36,30,22,50,0,102,18,0,18,120
07/05/2002,LAN,MI,AGL,CE,Towers with Radar,34,32,42,1,109,0,0,52,0,52,34,32,94,1,161,104,12,116,277
07/06/2002,LAN,MI,AGL,CE,Towers with Radar,33,18,21,0,72,0,0,33,0,33,33,18,54,0,105,134,12,146,251
07/07/2002,LAN,MI,AGL,CE,Towers with Radar,33,9,41,0,83,0,0,57,2,59,33,9,98,2,142,20,0,20,162
07/08/2002,LAN,MI,AGL,CE,Towers with Radar,41,61,42,1,145,0,0,35,0,35,41,61,77,1,180,126,2,128,308
07/09/2002,LAN,MI,AGL,CE,Towers with Radar,33,48,38,0,119,0,0,5,0,5,33,48,43,0,124,8,0,8,132
07/10/2002,LAN,MI,AGL,CE,Towers with Radar,29,40,68,4,141,0,0,58,5,63,29,40,126,9,204,120,6,126,330
07/11/2002,LAN,MI,AGL,CE,Towers with Radar,50,53,55,0,158,0,0,76,0,76,50,53,131,0,234,82,20,102,336
07/12/2002,LAN,MI,AGL,CE,Towers with Radar,38,50,98,4,190,0,3,98,4,105,38,53,196,8,295,180,40,220,515
07/13/2002,LAN,MI,AGL,CE,Towers with Radar,29,23,24,2,78,0,0,60,2,62,29,23,84,4,140,58,22,80,220
07/14/2002,LAN,MI,AGL,CE,Towers with Radar,28,17,28,6,79,0,1,61,3,65,28,18,89,9,144,56,12,68,212
07/15/2002,LAN,MI,AGL,CE,Towers with Radar,34,42,65,4,145,0,2,65,0,67,34,44,130,4,212,34,2,36,248
07/16/2002,LAN,MI,AGL,CE,Towers with Radar,37,50,86,0,173,0,0,55,0,55,37,50,141,0,228,64,0,64,292
07/17/2002,LAN,MI,AGL,CE,Towers with Radar,32,48,65,7,152,0,0,53,2,55,32,48,118,9,207,72,0,72,279
07/18/2002,LAN,MI,AGL,CE,Towers with Radar,55,84,63,2,204,0,3,22,2,27,55,87,85,4,231,86,8,94,325
07/19/2002,LAN,MI,AGL,CE,Towers with Radar,35,37,64,7,143,0,0,41,4,45,35,37,105,11,188,102,6,108,296
07/20/2002,LAN,MI,AGL,CE,Towers with Radar,31,21,15,0,67,0,0,62,2,64,31,21,77,2,131,12,6,18,149
07/21/2002,LAN,MI,AGL,CE,Towers with Radar,35,17,21,0,73,0,0,23,0,23,35,17,44,0,96,10,0,10,106
07/22/2002,LAN,MI,AGL,CE,Towers with Radar,41,45,31,2,119,0,0,43,4,47,41,45,74,6,166,84,0,84,250
07/23/2002,LAN,MI,AGL,CE,Towers with Radar,33,49,51,9,142,0,0,121,0,121,33,49,172,9,263,128,12,140,403
07/24/2002,LAN,MI,AGL,CE,Towers with Radar,33,54,86,10,183,0,0,115,0,115,33,54,201,10,298,226,14,240,538
07/25/2002,LAN,MI,AGL,CE,Towers with Radar,25,50,70,10,155,0,0,90,0,90,25,50,160,10,245,80,6,86,331
07/26/2002,LAN,MI,AGL,CE,Towers with Radar,43,66,31,4,144,0,0,40,0,40,43,66,71,4,184,102,30,132,316
07/27/2002,LAN,MI,AGL,CE,Towers with Radar,31,25,31,2,89,0,0,28,0,28,31,25,59,2,117,20,0,20,137
07/28/2002,LAN,MI,AGL,CE,Towers with Radar,17,21,36,2,76,0,0,22,0,22,17,21,58,2,98,22,0,22,120
07/29/2002,LAN,MI,AGL,CE,Towers with Radar,35,38,80,3,156,0,0,31,0,31,35,38,111,3,187,76,0,76,263
07/30/2002,LAN,MI,AGL,CE,Towers with Radar,40,60,80,12,192,0,0,66,4,70,40,60,146,16,262,66,4,70,332
07/31/2002,LAN,MI,AGL,CE,Towers with Radar,37,56,66,4,163,0,0,103,2,105,37,56,169,6,268,208,8,216,484
08/01/2002,LAN,MI,AGL,CE,Towers with Radar,39,38,46,0,123,0,0,48,0,48,39,38,94,0,171,30,0,30,201
08/02/2002,LAN,MI,AGL,CE,Towers with Radar,38,74,58,0,170,0,0,45,0,45,38,74,103,0,215,88,16,104,319
08/03/2002,LAN,MI,AGL,CE,Towers with Radar,26,24,15,0,65,0,0,64,0,64,26,24,79,0,129,130,4,134,263
08/04/2002,LAN,MI,AGL,CE,Towers with Radar,36,30,32,0,98,0,0,62,0,62,36,30,94,0,160,68,8,76,236
08/05/2002,LAN,MI,AGL,CE,Towers with Radar,36,56,40,4,136,0,0,26,4,30,36,56,66,8,166,82,4,86,252
08/06/2002,LAN,MI,AGL,CE,Towers with Radar,40,57,91,5,193,0,2,82,1,85,40,59,173,6,278,46,0,46,324
08/07/2002,LAN,MI,AGL,CE,Towers with Radar,43,55,86,2,186,0,0,84,0,84,43,55,170,2,270,148,0,148,418
08/08/2002,LAN,MI,AGL,CE,Towers with Radar,33,57,60,12,162,0,0,66,0,66,33,57,126,12,228,26,4,30,258
08/09/2002,LAN,MI,AGL,CE,Towers with Radar,39,43,34,5,121,0,0,85,0,85,39,43,119,5,206,124,8,132,338
08/10/2002,LAN,MI,AGL,CE,Towers with Radar,28,21,25,0,74,0,0,32,0,32,28,21,57,0,106,28,0,28,134
08/11/2002,LAN,MI,AGL,CE,Towers with Radar,38,24,40,2,104,0,0,38,0,38,38,24,78,2,142,38,2,40,182
08/12/2002,LAN,MI,AGL,CE,Towers with Radar,32,38,49,3,122,0,0,27,0,27,32,38,76,3,149,44,0,44,193
08/13/2002,LAN,MI,AGL,CE,Towers with Radar,34,50,36,2,122,0,0,24,0,24,34,50,60,2,146,44,4,48,194
08/14/2002,LAN,MI,AGL,CE,Towers with Radar,36,60,50,0,146,0,0,4,0,4,36,60,54,0,150,0,0,0,150
08/15/2002,LAN,MI,AGL,CE,Towers with Radar,28,44,87,2,161,0,0,45,0,45,28,44,132,2,206,32,0,32,238
08/16/2002,LAN,MI,AGL,CE,Towers with Radar,44,56,56,4,160,0,0,31,0,31,44,56,87,4,191,18,0,18,209
08/17/2002,LAN,MI,AGL,CE,Towers with Radar,31,23,15,1,70,0,0,7,0,7,31,23,22,1,77,26,0,26,103
08/18/2002,LAN,MI,AGL,CE,Towers with Radar,29,18,22,3,72,0,0,51,0,51,29,18,73,3,123,146,12,158,281
08/19/2002,LAN,MI,AGL,CE,Towers with Radar,30,36,40,0,106,0,0,10,0,10,30,36,50,0,116,16,0,16,132
08/20/2002,LAN,MI,AGL,CE,Towers with Radar,40,90,112,4,246,0,0,140,4,144,40,90,252,8,390,100,0,100,490
08/21/2002,LAN,MI,AGL,CE,Towers with Radar,21,47,45,0,113,0,0,56,13,69,21,47,101,13,182,76,14,90,272
08/22/2002,LAN,MI,AGL,CE,Towers with Radar,40,66,37,2,145,0,0,21,0,21,40,66,58,2,166,16,2,18,184
08/23/2002,LAN,MI,AGL,CE,Towers with Radar,34,56,54,1,145,0,0,0,0,0,34,56,54,1,145,12,4,16,161
08/24/2002,LAN,MI,AGL,CE,Towers with Radar,26,20,26,2,74,0,0,18,0,18,26,20,44,2,92,28,4,32,124
08/25/2002,LAN,MI,AGL,CE,Towers with Radar,30,19,17,1,67,0,0,116,0,116,30,19,133,1,183,76,0,76,259
08/26/2002,LAN,MI,AGL,CE,Towers with Radar,33,52,52,6,143,0,3,101,0,104,33,55,153,6,247,154,0,154,401
08/27/2002,LAN,MI,AGL,CE,Towers with Radar,36,59,106,6,207,0,0,60,55,115,36,59,166,61,322,33,2,35,357
08/28/2002,LAN,MI,AGL,CE,Towers with Radar,37,48,64,0,149,0,0,92,0,92,37,48,156,0,241,210,0,210,451
08/29/2002,LAN,MI,AGL,CE,Towers with Radar,25,68,64,3,160,0,0,88,0,88,25,68,152,3,248,62,0,62,310
08/30/2002,LAN,MI,AGL,CE,Towers with Radar,31,23,64,2,120,0,0,93,2,95,31,23,157,4,215,34,0,34,249
08/31/2002,LAN,MI,AGL,CE,Towers with Radar,31,36,20,0,87,0,0,45,0,45,31,36,65,0,132,62,0,62,194
09/01/2002,LAN,MI,AGL,CE,Towers with Radar,25,19,10,0,54,1,1,43,0,45,26,20,53,0,99,56,0,56,155
09/02/2002,LAN,MI,AGL,CE,Towers with Radar,29,29,40,0,98,1,1,30,0,32,30,30,70,0,130,50,0,50,180
09/03/2002,LAN,MI,AGL,CE,Towers with Radar,34,41,40,2,117,1,1,75,0,77,35,42,115,2,194,130,8,138,332
09/04/2002,LAN,MI,AGL,CE,Towers with Radar,29,59,70,10,168,1,1,86,0,88,30,60,156,10,256,112,12,124,380
09/05/2002,LAN,MI,AGL,CE,Towers with Radar,54,64,75,1,194,1,1,98,0,100,55,65,173,1,294,48,12,60,354
09/06/2002,LAN,MI,AGL,CE,Towers with Radar,34,62,52,3,151,1,1,41,0,43,35,63,93,3,194,40,0,40,234
09/07/2002,LAN,MI,AGL,CE,Towers with Radar,30,24,34,4,92,1,1,65,7,74,31,25,99,11,166,24,14,38,204
09/08/2002,LAN,MI,AGL,CE,Towers with Radar,27,14,18,5,64,1,1,46,0,48,28,15,64,5,112,80,2,82,194
09/09/2002,LAN,MI,AGL,CE,Towers with Radar,37,42,64,0,143,0,0,74,0,74,37,42,138,0,217,122,0,122,339
09/10/2002,LAN,MI,AGL,CE,Towers with Radar,41,66,63,1,171,0,4,15,0,19,41,70,78,1,190,72,2,74,264
09/11/2002,LAN,MI,AGL,CE,Towers with Radar,34,71,42,24,171,1,5,74,2,82,35,76,116,26,253,84,16,100,353
09/12/2002,LAN,MI,AGL,CE,Towers with Radar,36,50,60,17,163,1,19,101,7,128,37,69,161,24,291,144,26,170,461
09/13/2002,LAN,MI,AGL,CE,Towers with Radar,33,53,55,2,143,1,1,79,0,81,34,54,134,2,224,54,0,54,278
09/14/2002,LAN,MI,AGL,CE,Towers with Radar,27,30,38,7,102,1,1,42,0,44,28,31,80,7,146,72,8,80,226
09/15/2002,LAN,MI,AGL,CE,Towers with Radar,30,16,24,3,73,0,1,5,0,6,30,17,29,3,79,16,0,16,95
09/16/2002,LAN,MI,AGL,CE,Towers with Radar,36,58,62,1,157,0,1,100,0,101,36,59,162,1,258,168,8,176,434
09/17/2002,LAN,MI,AGL,CE,Towers with Radar,39,67,56,5,167,0,0,96,0,96,39,67,152,5,263,104,0,104,367
09/18/2002,LAN,MI,AGL,CE,Towers with Radar,42,59,53,3,157,0,4,15,0,19,42,63,68,3,176,104,0,104,280
09/19/2002,LAN,MI,AGL,CE,Towers with Radar,19,52,62,2,135,1,0,24,6,31,20,52,86,8,166,46,8,54,220
09/20/2002,LAN,MI,AGL,CE,Towers with Radar,44,55,33,2,134,0,0,11,0,11,44,55,44,2,145,40,0,40,185
09/21/2002,LAN,MI,AGL,CE,Towers with Radar,25,26,58,11,120,0,0,83,0,83,25,26,141,11,203,81,38,119,322
09/22/2002,LAN,MI,AGL,CE,Towers with Radar,31,24,46,28,129,1,0,29,0,30,32,24,75,28,159,24,6,30,189
09/23/2002,LAN,MI,AGL,CE,Towers with Radar,37,42,54,2,135,0,0,92,0,92,37,42,146,2,227,52,2,54,281
09/24/2002,LAN,MI,AGL,CE,Towers with Radar,32,63,53,4,152,1,0,97,0,98,33,63,150,4,250,46,0,46,296
09/25/2002,LAN,MI,AGL,CE,Towers with Radar,36,51,49,1,137,0,5,77,0,82,36,56,126,1,219,164,10,174,393
09/26/2002,LAN,MI,AGL,CE,Towers with Radar,40,63,75,6,184,1,0,63,0,64,41,63,138,6,248,54,0,54,302
09/27/2002,LAN,MI,AGL,CE,Towers with Radar,38,57,37,4,136,0,1,9,0,10,38,58,46,4,146,42,0,42,188
09/28/2002,LAN,MI,AGL,CE,Towers with Radar,29,32,22,2,85,0,4,66,0,70,29,36,88,2,155,10,0,10,165
09/29/2002,LAN,MI,AGL,CE,Towers with Radar,34,17,11,0,62,0,1,8,0,9,34,18,19,0,71,24,0,24,95
09/30/2002,LAN,MI,AGL,CE,Towers with Radar,31,51,65,2,149,0,1,77,0,78,31,52,142,2,227,134,0,134,361
10/01/2002,LAN,MI,AGL,CE,Towers with Radar,35,57,27,0,119,0,0,27,4,31,35,57,54,4,150,16,2,18,168
10/02/2002,LAN,MI,AGL,CE,Towers with Radar,30,74,46,0,150,0,0,38,0,38,30,74,84,0,188,50,0,50,238
10/03/2002,LAN,MI,AGL,CE,Towers with Radar,36,60,70,2,168,0,0,0,0,0,36,60,70,2,168,0,0,0,168
10/04/2002,LAN,MI,AGL,CE,Towers with Radar,32,56,29,1,118,0,0,2,0,2,32,56,31,1,120,2,0,2,122
10/05/2002,LAN,MI,AGL,CE,Towers with Radar,29,23,47,2,101,0,0,67,0,67,29,23,114,2,168,26,2,28,196
10/06/2002,LAN,MI,AGL,CE,Towers with Radar,27,15,12,2,56,0,0,17,0,17,27,15,29,2,73,10,0,10,83
10/07/2002,LAN,MI,AGL,CE,Towers with Radar,33,41,52,2,128,0,0,64,0,64,33,41,116,2,192,68,12,80,272
10/08/2002,LAN,MI,AGL,CE,Towers with Radar,38,51,36,0,125,0,1,77,4,82,38,52,113,4,207,102,2,104,311
10/09/2002,LAN,MI,AGL,CE,Towers with Radar,40,43,58,12,153,0,0,69,2,71,40,43,127,14,224,156,10,166,390
10/10/2002,LAN,MI,AGL,CE,Towers with Radar,45,58,70,2,175,0,0,68,0,68,45,58,138,2,243,120,12,132,375
10/11/2002,LAN,MI,AGL,CE,Towers with Radar,24,38,57,6,125,0,0,89,0,89,24,38,146,6,214,86,12,98,312
10/12/2002,LAN,MI,AGL,CE,Towers with Radar,26,39,28,0,93,0,0,31,0,31,26,39,59,0,124,62,4,66,190
10/13/2002,LAN,MI,AGL,CE,Towers with Radar,32,20,16,4,72,0,0,24,0,24,32,20,40,4,96,20,12,32,128
10/14/2002,LAN,MI,AGL,CE,Towers with Radar,37,52,82,0,171,0,0,116,0,116,37,52,198,0,287,172,0,172,459
10/15/2002,LAN,MI,AGL,CE,Towers with Radar,38,51,61,8,158,0,1,92,0,93,38,52,153,8,251,160,0,160,411
10/16/2002,LAN,MI,AGL,CE,Towers with Radar,42,48,67,12,169,0,0,63,0,63,42,48,130,12,232,82,12,94,326
10/17/2002,LAN,MI,AGL,CE,Towers with Radar,34,53,69,4,160,0,0,46,0,46,34,53,115,4,206,84,8,92,298
10/18/2002,LAN,MI,AGL,CE,Towers with Radar,45,54,66,4,169,0,0,15,0,15,45,54,81,4,184,28,0,28,212
10/19/2002,LAN,MI,AGL,CE,Towers with Radar,37,34,40,0,111,0,0,32,0,32,37,34,72,0,143,56,0,56,199
10/20/2002,LAN,MI,AGL,CE,Towers with Radar,28,10,53,4,95,0,0,42,0,42,28,10,95,4,137,72,4,76,213
10/21/2002,LAN,MI,AGL,CE,Towers with Radar,32,39,83,1,155,0,0,70,0,70,32,39,153,1,225,164,0,164,389
10/22/2002,LAN,MI,AGL,CE,Towers with Radar,43,68,50,0,161,0,1,29,0,30,43,69,79,0,191,62,4,66,257
10/23/2002,LAN,MI,AGL,CE,Towers with Radar,40,65,98,13,216,0,0,57,0,57,40,65,155,13,273,146,6,152,425
10/24/2002,LAN,MI,AGL,CE,Towers with Radar,23,52,78,3,156,0,0,92,5,97,23,52,170,8,253,144,16,160,413
10/25/2002,LAN,MI,AGL,CE,Towers with Radar,47,65,34,4,150,0,0,6,0,6,47,65,40,4,156,4,0,4,160
10/26/2002,LAN,MI,AGL,CE,Towers with Radar,24,35,30,2,91,0,0,4,0,4,24,35,34,2,95,2,0,2,97
10/27/2002,LAN,MI,AGL,CE,Towers with Radar,27,13,26,2,68,0,0,50,0,50,27,13,76,2,118,114,28,142,260
10/28/2002,LAN,MI,AGL,CE,Towers with Radar,36,44,53,6,139,0,0,91,0,91,36,44,144,6,230,178,0,178,408
10/29/2002,LAN,MI,AGL,CE,Towers with Radar,35,46,53,2,136,0,0,40,0,40,35,46,93,2,176,142,6,148,324
10/30/2002,LAN,MI,AGL,CE,Towers with Radar,40,51,60,2,153,0,0,85,0,85,40,51,145,2,238,218,0,218,456
10/31/2002,LAN,MI,AGL,CE,Towers with Radar,24,47,45,0,116,0,0,31,16,47,24,47,76,16,163,72,18,90,253
11/01/2002,LAN,MI,AGL,CE,Towers with Radar,38,68,31,2,139,0,0,29,3,32,38,68,60,5,171,72,2,74,245
11/02/2002,LAN,MI,AGL,CE,Towers with Radar,28,25,26,0,79,0,0,52,0,52,28,25,78,0,131,24,0,24,155
11/03/2002,LAN,MI,AGL,CE,Towers with Radar,18,24,29,0,71,0,0,34,0,34,18,24,63,0,105,72,4,76,181
11/04/2002,LAN,MI,AGL,CE,Towers with Radar,42,39,55,2,138,0,0,54,0,54,42,39,109,2,192,192,0,192,384
11/05/2002,LAN,MI,AGL,CE,Towers with Radar,38,58,44,2,142,0,0,22,0,22,38,58,66,2,164,56,0,56,220
11/06/2002,LAN,MI,AGL,CE,Towers with Radar,27,47,36,2,112,0,1,10,0,11,27,48,46,2,123,0,0,0,123
11/07/2002,LAN,MI,AGL,CE,Towers with Radar,34,89,64,8,195,0,0,79,0,79,34,89,143,8,274,124,14,138,412
11/08/2002,LAN,MI,AGL,CE,Towers with Radar,37,52,42,5,136,0,0,34,0,34,37,52,76,5,170,108,28,136,306
11/09/2002,LAN,MI,AGL,CE,Towers with Radar,20,37,41,0,98,0,0,24,0,24,20,37,65,0,122,20,0,20,142
11/10/2002,LAN,MI,AGL,CE,Towers with Radar,22,19,36,0,77,0,0,0,0,0,22,19,36,0,77,0,0,0,77
11/11/2002,LAN,MI,AGL,CE,Towers with Radar,26,23,34,0,83,0,0,22,0,22,26,23,56,0,105,92,0,92,197
11/12/2002,LAN,MI,AGL,CE,Towers with Radar,44,81,90,0,215,0,0,71,0,71,44,81,161,0,286,156,10,166,452
11/13/2002,LAN,MI,AGL,CE,Towers with Radar,40,46,60,5,151,0,0,79,0,79,40,46,139,5,230,78,4,82,312
11/14/2002,LAN,MI,AGL,CE,Towers with Radar,30,41,65,2,138,0,0,37,9,46,30,41,102,11,184,62,12,74,258
11/15/2002,LAN,MI,AGL,CE,Towers with Radar,46,61,34,0,141,0,0,45,0,45,46,61,79,0,186,90,0,90,276
11/16/2002,LAN,MI,AGL,CE,Towers with Radar,18,39,34,10,101,0,0,64,0,64,18,39,98,10,165,73,18,91,256
11/17/2002,LAN,MI,AGL,CE,Towers with Radar,24,17,37,2,80,0,0,25,0,25,24,17,62,2,105,60,0,60,165
11/18/2002,LAN,MI,AGL,CE,Towers with Radar,34,41,45,2,122,0,0,72,0,72,34,41,117,2,194,78,0,78,272
11/19/2002,LAN,MI,AGL,CE,Towers with Radar,30,61,52,12,155,0,0,55,2,57,30,61,107,14,212,28,4,32,244
11/20/2002,LAN,MI,AGL,CE,Towers with Radar,37,57,60,10,164,0,0,78,2,80,37,57,138,12,244,116,18,134,378
11/21/2002,LAN,MI,AGL,CE,Towers with Radar,42,60,66,12,180,0,0,6,0,6,42,60,72,12,186,10,4,14,200
11/22/2002,LAN,MI,AGL,CE,Towers with Radar,39,52,37,1,129,0,0,23,0,23,39,52,60,1,152,40,4,44,196
11/23/2002,LAN,MI,AGL,CE,Towers with Radar,31,36,21,0,88,0,0,52,0,52,31,36,73,0,140,24,2,26,166
11/24/2002,LAN,MI,AGL,CE,Towers with Radar,26,16,33,2,77,0,0,41,0,41,26,16,74,2,118,74,0,74,192
11/25/2002,LAN,MI,AGL,CE,Towers with Radar,41,52,56,0,149,0,0,95,0,95,41,52,151,0,244,166,0,166,410
11/26/2002,LAN,MI,AGL,CE,Towers with Radar,37,58,44,2,141,0,0,103,0,103,37,58,147,2,244,90,2,92,336
11/27/2002,LAN,MI,AGL,CE,Towers with Radar,20,51,55,6,132,0,0,67,0,67,20,51,122,6,199,78,24,102,301
11/28/2002,LAN,MI,AGL,CE,Towers with Radar,30,50,10,0,90,0,0,10,0,10,30,50,20,0,100,20,0,20,120
11/29/2002,LAN,MI,AGL,CE,Towers with Radar,29,35,15,4,83,0,2,19,0,21,29,37,34,4,104,6,0,6,110
11/30/2002,LAN,MI,AGL,CE,Towers with Radar,11,40,11,0,62,0,0,0,0,0,11,40,11,0,62,0,0,0,62
12/01/2002,LAN,MI,AGL,CE,Towers with Radar,29,20,32,0,81,0,0,8,0,8,29,20,40,0,89,4,0,4,93
12/02/2002,LAN,MI,AGL,CE,Towers with Radar,28,42,37,5,112,0,1,4,0,5,28,43,41,5,117,14,0,14,131
12/03/2002,LAN,MI,AGL,CE,Towers with Radar,36,67,72,0,175,0,1,0,0,1,36,68,72,0,176,130,0,130,306
12/04/2002,LAN,MI,AGL,CE,Towers with Radar,39,57,51,6,153,0,1,49,2,52,39,58,100,8,205,162,12,174,379
12/05/2002,LAN,MI,AGL,CE,Towers with Radar,32,49,88,8,177,0,1,23,7,31,32,50,111,15,208,128,16,144,352
12/06/2002,LAN,MI,AGL,CE,Towers with Radar,34,68,55,13,170,0,1,42,0,43,34,69,97,13,213,32,2,34,247
12/07/2002,LAN,MI,AGL,CE,Towers with Radar,19,34,62,0,115,0,1,25,0,26,19,35,87,0,141,8,0,8,149
12/08/2002,LAN,MI,AGL,CE,Towers with Radar,25,14,28,4,71,0,1,16,0,17,25,15,44,4,88,0,0,0,88
12/09/2002,LAN,MI,AGL,CE,Towers with Radar,37,41,34,0,112,0,5,63,0,68,37,46,97,0,180,100,0,100,280
12/10/2002,LAN,MI,AGL,CE,Towers with Radar,42,91,64,8,205,0,1,56,0,57,42,92,120,8,262,100,0,100,362
12/11/2002,LAN,MI,AGL,CE,Towers with Radar,47,61,90,4,202,0,1,62,2,65,47,62,152,6,267,230,10,240,507
12/12/2002,LAN,MI,AGL,CE,Towers with Radar,30,71,92,0,193,0,1,81,0,82,30,72,173,0,275,146,22,168,443
12/13/2002,LAN,MI,AGL,CE,Towers with Radar,39,65,30,0,134,0,1,0,0,1,39,66,30,0,135,0,0,0,135
12/14/2002,LAN,MI,AGL,CE,Towers with Radar,21,40,19,4,84,0,1,16,0,17,21,41,35,4,101,0,0,0,101
12/15/2002,LAN,MI,AGL,CE,Towers with Radar,32,7,28,4,71,0,1,28,0,29,32,8,56,4,100,20,0,20,120
12/16/2002,LAN,MI,AGL,CE,Towers with Radar,33,47,77,0,157,0,1,36,0,37,33,48,113,0,194,80,4,84,278
12/17/2002,LAN,MI,AGL,CE,Towers with Radar,46,61,52,2,161,0,1,22,0,23,46,62,74,2,184,34,0,34,218
12/18/2002,LAN,MI,AGL,CE,Towers with Radar,40,61,36,5,142,0,1,6,2,9,40,62,42,7,151,18,4,22,173
12/19/2002,LAN,MI,AGL,CE,Towers with Radar,30,56,67,1,154,0,0,3,0,3,30,56,70,1,157,25,12,37,194
12/20/2002,LAN,MI,AGL,CE,Towers with Radar,69,85,38,0,192,0,0,1,0,1,69,85,39,0,193,0,0,0,193
12/21/2002,LAN,MI,AGL,CE,Towers with Radar,32,22,5,0,59,0,0,1,0,1,32,22,6,0,60,0,0,0,60
12/22/2002,LAN,MI,AGL,CE,Towers with Radar,26,15,14,0,55,0,0,6,0,6,26,15,20,0,61,0,0,0,61
12/23/2002,LAN,MI,AGL,CE,Towers with Radar,33,43,22,2,100,0,0,7,0,7,33,43,29,2,107,6,0,6,113
12/24/2002,LAN,MI,AGL,CE,Towers with Radar,35,55,9,0,99,0,0,34,0,34,35,55,43,0,133,24,0,24,157
12/25/2002,LAN,MI,AGL,CE,Towers with Radar,26,22,1,0,49,0,0,7,0,7,26,22,8,0,56,24,0,24,80
12/26/2002,LAN,MI,AGL,CE,Towers with Radar,32,48,31,0,111,0,0,25,0,25,32,48,56,0,136,42,0,42,178
12/27/2002,LAN,MI,AGL,CE,Towers with Radar,24,38,23,6,91,0,0,10,1,11,24,38,33,7,102,18,6,24,126
12/28/2002,LAN,MI,AGL,CE,Towers with Radar,29,27,6,0,62,0,0,0,0,0,29,27,6,0,62,0,0,0,62
12/29/2002,LAN,MI,AGL,CE,Towers with Radar,12,23,9,0,44,0,0,16,0,16,12,23,25,0,60,4,0,4,64
12/30/2002,LAN,MI,AGL,CE,Towers with Radar,37,37,11,0,85,0,0,0,0,0,37,37,11,0,85,0,0,0,85
12/31/2002,LAN,MI,AGL,CE,Towers with Radar,33,34,16,0,83,0,0,28,0,28,33,34,44,0,111,76,0,76,187
01/01/2003,LAN,MI,AGL,CE,Towers with Radar,28,23,6,0,57,0,0,2,0,2,28,23,8,0,59,0,0,0,59
01/02/2003,LAN,MI,AGL,CE,Towers with Radar,45,72,26,8,151,0,0,16,0,16,45,72,42,8,167,22,0,22,189
01/03/2003,LAN,MI,AGL,CE,Towers with Radar,36,29,75,4,144,0,0,2,3,5,36,29,77,7,149,58,2,60,209
01/04/2003,LAN,MI,AGL,CE,Towers with Radar,19,33,55,8,115,0,0,42,0,42,19,33,97,8,157,60,4,64,221
01/05/2003,LAN,MI,AGL,CE,Towers with Radar,11,27,18,0,56,0,0,20,0,20,11,27,38,0,76,20,0,20,96
01/06/2003,LAN,MI,AGL,CE,Towers with Radar,43,35,34,0,112,0,0,11,0,11,43,35,45,0,123,20,0,20,143
01/07/2003,LAN,MI,AGL,CE,Towers with Radar,38,47,30,10,125,0,0,8,0,8,38,47,38,10,133,32,0,32,165
01/08/2003,LAN,MI,AGL,CE,Towers with Radar,40,64,90,2,196,0,0,42,0,42,40,64,132,2,238,110,0,110,348
01/09/2003,LAN,MI,AGL,CE,Towers with Radar,40,58,46,6,150,0,0,32,2,34,40,58,78,8,184,32,2,34,218
01/10/2003,LAN,MI,AGL,CE,Towers with Radar,30,57,35,10,132,0,0,2,0,2,30,57,37,10,134,46,2,48,182
01/11/2003,LAN,MI,AGL,CE,Towers with Radar,17,36,27,3,83,0,0,0,4,4,17,36,27,7,87,0,0,0,87
01/12/2003,LAN,MI,AGL,CE,Towers with Radar,30,28,43,9,110,0,0,25,0,25,30,28,68,9,135,76,0,76,211
01/13/2003,LAN,MI,AGL,CE,Towers with Radar,33,37,48,0,118,0,0,35,76,111,33,37,83,76,229,6,0,6,235
01/14/2003,LAN,MI,AGL,CE,Towers with Radar,40,45,51,4,140,0,0,46,0,46,40,45,97,4,186,88,4,92,278
01/15/2003,LAN,MI,AGL,CE,Towers with Radar,32,63,66,7,168,0,0,16,0,16,32,63,82,7,184,66,0,66,250
01/16/2003,LAN,MI,AGL,CE,Towers with Radar,44,62,66,3,175,0,0,85,4,89,44,62,151,7,264,146,24,170,434
01/17/2003,LAN,MI,AGL,CE,Towers with Radar,49,63,74,5,191,0,2,94,6,102,49,65,168,11,293,48,14,62,355
01/18/2003,LAN,MI,AGL,CE,Towers with Radar,15,37,34,0,86,0,0,16,0,16,15,37,50,0,102,34,0,34,136
01/19/2003,LAN,MI,AGL,CE,Towers with Radar,14,29,9,0,52,0,0,5,0,5,14,29,14,0,57,12,0,12,69
01/20/2003,LAN,MI,AGL,CE,Towers with Radar,33,38,26,0,97,0,0,38,0,38,33,38,64,0,135,42,0,42,177
01/21/2003,LAN,MI,AGL,CE,Towers with Radar,34,46,39,3,122,0,0,71,0,71,34,46,110,3,193,78,2,80,273
01/22/2003,LAN,MI,AGL,CE,Towers with Radar,46,51,52,2,151,0,0,15,2,17,46,51,67,4,168,80,18,98,266
01/23/2003,LAN,MI,AGL,CE,Towers with Radar,34,55,49,2,140,0,0,10,0,10,34,55,59,2,150,86,12,98,248
01/24/2003,LAN,MI,AGL,CE,Towers with Radar,28,52,31,11,122,0,0,20,0,20,28,52,51,11,142,38,14,52,194
01/25/2003,LAN,MI,AGL,CE,Towers with Radar,28,21,11,2,62,0,0,5,0,5,28,21,16,2,67,8,0,8,75
01/26/2003,LAN,MI,AGL,CE,Towers with Radar,30,18,41,4,93,0,0,17,0,17,30,18,58,4,110,10,0,10,120
01/27/2003,LAN,MI,AGL,CE,Towers with Radar,35,37,70,1,143,0,0,82,0,82,35,37,152,1,225,110,0,110,335
01/28/2003,LAN,MI,AGL,CE,Towers with Radar,36,55,42,4,137,0,0,25,0,25,36,55,67,4,162,82,0,82,244
01/29/2003,LAN,MI,AGL,CE,Towers with Radar,41,56,65,13,175,0,0,48,3,51,41,56,113,16,226,140,44,184,410
01/30/2003,LAN,MI,AGL,CE,Towers with Radar,37,48,89,5,179,0,0,63,0,63,37,48,152,5,242,106,14,120,362
01/31/2003,LAN,MI,AGL,CE,Towers with Radar,37,66,47,14,164,0,0,46,0,46,37,66,93,14,210,36,0,36,246
02/01/2003,LAN,MI,AGL,CE,Towers with Radar,12,36,3,4,55,0,0,0,0,0,12,36,3,4,55,2,0,2,57
02/02/2003,LAN,MI,AGL,CE,Towers with Radar,26,18,13,2,59,0,0,4,2,6,26,18,17,4,65,0,0,0,65
02/03/2003,LAN,MI,AGL,CE,Towers with Radar,32,34,17,2,85,0,0,2,0,2,32,34,19,2,87,0,0,0,87
02/04/2003,LAN,MI,AGL,CE,Towers with Radar,21,36,20,1,78,0,0,2,0,2,21,36,22,1,80,0,0,0,80
02/05/2003,LAN,MI,AGL,CE,Towers with Radar,44,53,69,8,174,0,0,37,0,37,44,53,106,8,211,126,0,126,337
02/06/2003,LAN,MI,AGL,CE,Towers with Radar,42,52,77,6,177,0,0,46,4,50,42,52,123,10,227,76,42,118,345
02/07/2003,LAN,MI,AGL,CE,Towers with Radar,47,56,89,5,197,0,0,27,2,29,47,56,116,7,226,107,18,125,351
02/08/2003,LAN,MI,AGL,CE,Towers with Radar,16,33,19,4,72,0,0,17,0,17,16,33,36,4,89,20,6,26,115
02/09/2003,LAN,MI,AGL,CE,Towers with Radar,26,21,50,3,100,0,0,43,0,43,26,21,93,3,143,90,16,106,249
02/10/2003,LAN,MI,AGL,CE,Towers with Radar,37,42,44,3,126,0,0,20,0,20,37,42,64,3,146,32,0,32,178
02/11/2003,LAN,MI,AGL,CE,Towers with Radar,41,44,31,2,118,0,0,26,4,30,41,44,57,6,148,76,2,78,226
02/12/2003,LAN,MI,AGL,CE,Towers with Radar,38,52,39,6,135,0,0,11,2,13,38,52,50,8,148,100,6,106,254
02/13/2003,LAN,MI,AGL,CE,Towers with Radar,37,56,65,4,162,0,0,44,0,44,37,56,109,4,206,146,22,168,374
02/14/2003,LAN,MI,AGL,CE,Towers with Radar,39,69,76,3,187,0,1,97,10,108,39,70,173,13,295,110,8,118,413
02/15/2003,LAN,MI,AGL,CE,Towers with Radar,12,36,46,0,94,0,0,25,0,25,12,36,71,0,119,12,0,12,131
02/16/2003,LAN,MI,AGL,CE,Towers with Radar,39,10,21,3,73,0,0,17,0,17,39,10,38,3,90,10,2,12,102
02/17/2003,LAN,MI,AGL,CE,Towers with Radar,44,44,65,0,153,0,0,22,0,22,44,44,87,0,175,94,0,94,269
02/18/2003,LAN,MI,AGL,CE,Towers with Radar,34,46,35,0,115,0,0,3,0,3,34,46,38,0,118,0,0,0,118
02/19/2003,LAN,MI,AGL,CE,Towers with Radar,31,69,76,1,177,0,0,67,0,67,31,69,143,1,244,152,20,172,416
02/20/2003,LAN,MI,AGL,CE,Towers with Radar,32,53,42,6,133,0,0,85,0,85,32,53,127,6,218,146,22,168,386
02/21/2003,LAN,MI,AGL,CE,Towers with Radar,33,47,87,2,169,0,0,94,0,94,33,47,181,2,263,188,12,200,463
02/22/2003,LAN,MI,AGL,CE,Towers with Radar,26,24,8,0,58,0,0,6,0,6,26,24,14,0,64,0,0,0,64
02/23/2003,LAN,MI,AGL,CE,Towers with Radar,26,16,22,0,64,0,0,19,0,19,26,16,41,0,83,58,0,58,141
02/24/2003,LAN,MI,AGL,CE,Towers with Radar,33,46,29,2,110,0,0,7,0,7,33,46,36,2,117,22,0,22,139
02/25/2003,LAN,MI,AGL,CE,Towers with Radar,42,52,55,6,155,0,0,63,0,63,42,52,118,6,218,132,4,136,354
02/26/2003,LAN,MI,AGL,CE,Towers with Radar,36,60,76,10,182,0,0,110,10,120,36,60,186,20,302,180,30,210,512
02/27/2003,LAN,MI,AGL,CE,Towers with Radar,44,62,47,9,162,0,0,102,0,102,44,62,149,9,264,98,22,120,384
02/28/2003,LAN,MI,AGL,CE,Towers with Radar,40,89,41,18,188,0,0,71,4,75,40,89,112,22,263,98,0,98,361
03/01/2003,LAN,MI,AGL,CE,Towers with Radar,27,24,24,1,76,0,0,27,0,27,27,24,51,1,103,0,6,6,109
03/02/2003,LAN,MI,AGL,CE,Towers with Radar,31,12,16,2,61,0,0,4,0,4,31,12,20,2,65,16,12,28,93
03/03/2003,LAN,MI,AGL,CE,Towers with Radar,36,44,27,2,109,0,0,10,0,10,36,44,37,2,119,26,0,26,145
03/04/2003,LAN,MI,AGL,CE,Towers with Radar,24,47,20,2,93,0,0,4,0,4,24,47,24,2,97,0,0,0,97
03/05/2003,LAN,MI,AGL,CE,Towers with Radar,50,54,49,4,157,0,0,16,0,16,50,54,65,4,173,28,0,28,201
03/06/2003,LAN,MI,AGL,CE,Towers with Radar,38,46,45,13,142,0,0,28,4,32,38,46,73,17,174,88,12,100,274
03/07/2003,LAN,MI,AGL,CE,Towers with Radar,28,43,48,16,135,0,0,22,1,23,28,43,70,17,158,38,2,40,198
03/08/2003,LAN,MI,AGL,CE,Towers with Radar,26,24,23,10,83,0,0,1,0,1,26,24,24,10,84,48,6,54,138
03/09/2003,LAN,MI,AGL,CE,Towers with Radar,33,16,12,4,65,0,0,6,0,6,33,16,18,4,71,0,0,0,71
03/10/2003,LAN,MI,AGL,CE,Towers with Radar,39,43,63,0,145,0,0,54,0,54,39,43,117,0,199,140,0,140,339
03/11/2003,LAN,MI,AGL,CE,Towers with Radar,36,62,53,3,154,0,0,51,2,53,36,62,104,5,207,158,0,158,365
03/12/2003,LAN,MI,AGL,CE,Towers with Radar,35,66,43,2,146,0,0,12,0,12,35,66,55,2,158,52,0,52,210
03/13/2003,LAN,MI,AGL,CE,Towers with Radar,35,51,40,8,134,0,0,57,3,60,35,51,97,11,194,86,4,90,284
03/14/2003,LAN,MI,AGL,CE,Towers with Radar,29,67,30,0,126,0,0,70,0,70,29,67,100,0,196,80,0,80,276
03/15/2003,LAN,MI,AGL,CE,Towers with Radar,25,29,81,0,135,0,0,70,0,70,25,29,151,0,205,86,2,88,293
03/16/2003,LAN,MI,AGL,CE,Towers with Radar,21,15,79,2,117,0,0,19,0,19,21,15,98,2,136,130,6,136,272
03/17/2003,LAN,MI,AGL,CE,Towers with Radar,30,38,51,5,124,0,0,23,0,23,30,38,74,5,147,98,0,98,245
03/18/2003,LAN,MI,AGL,CE,Towers with Radar,26,49,38,13,126,0,0,6,0,6,26,49,44,13,132,16,0,16,148
03/19/2003,LAN,MI,AGL,CE,Towers with Radar,43,64,58,7,172,0,7,64,2,73,43,71,122,9,245,168,16,184,429
03/20/2003,LAN,MI,AGL,CE,Towers with Radar,35,50,45,0,130,0,0,26,2,28,35,50,71,2,158,50,2,52,210
03/21/2003,LAN,MI,AGL,CE,Towers with Radar,24,62,21,0,107,0,0,2,0,2,24,62,23,0,109,0,0,0,109
03/22/2003,LAN,MI,AGL,CE,Towers with Radar,28,27,27,0,82,0,0,0,0,0,28,27,27,0,82,18,0,18,100
03/23/2003,LAN,MI,AGL,CE,Towers with Radar,34,6,46,2,88,0,0,42,0,42,34,6,88,2,130,0,0,0,130
03/24/2003,LAN,MI,AGL,CE,Towers with Radar,42,38,61,7,148,0,0,33,0,33,42,38,94,7,181,82,0,82,263
03/25/2003,LAN,MI,AGL,CE,Towers with Radar,36,83,54,16,189,0,0,82,0,82,36,83,136,16,271,202,20,222,493
03/26/2003,LAN,MI,AGL,CE,Towers with Radar,42,51,76,7,176,0,0,60,0,60,42,51,136,7,236,174,8,182,418
03/27/2003,LAN,MI,AGL,CE,Towers with Radar,33,35,69,20,157,0,0,31,9,40,33,35,100,29,197,58,4,62,259
03/28/2003,LAN,MI,AGL,CE,Towers with Radar,46,72,31,3,152,0,0,8,0,8,46,72,39,3,160,8,0,8,168
03/29/2003,LAN,MI,AGL,CE,Towers with Radar,27,26,1,2,56,0,0,8,0,8,27,26,9,2,64,6,0,6,70
03/30/2003,LAN,MI,AGL,CE,Towers with Radar,31,10,37,0,78,0,0,38,0,38,31,10,75,0,116,16,0,16,132
03/31/2003,LAN,MI,AGL,CE,Towers with Radar,35,53,86,0,174,0,0,64,0,64,35,53,150,0,238,56,0,56,294
04/01/2003,LAN,MI,AGL,CE,Towers with Radar,37,58,41,3,139,0,4,43,6,53,37,62,84,9,192,126,4,130,322
04/02/2003,LAN,MI,AGL,CE,Towers with Radar,34,50,69,2,155,0,1,23,2,26,34,51,92,4,181,0,0,0,181
04/03/2003,LAN,MI,AGL,CE,Towers with Radar,36,48,33,2,119,0,0,0,0,0,36,48,33,2,119,0,0,0,119
04/04/2003,LAN,MI,AGL,CE,Towers with Radar,21,25,15,1,62,0,0,0,0,0,21,25,15,1,62,0,0,0,62
04/05/2003,LAN,MI,AGL,CE,Towers with Radar,37,32,4,2,75,0,0,3,0,3,37,32,7,2,78,0,0,0,78
04/06/2003,LAN,MI,AGL,CE,Towers with Radar,38,15,35,2,90,0,0,13,0,13,38,15,48,2,103,22,0,22,125
04/07/2003,LAN,MI,AGL,CE,Towers with Radar,26,37,20,0,83,0,0,0,0,0,26,37,20,0,83,0,0,0,83
04/08/2003,LAN,MI,AGL,CE,Towers with Radar,35,32,19,0,86,0,0,5,0,5,35,32,24,0,91,12,0,12,103
04/09/2003,LAN,MI,AGL,CE,Towers with Radar,40,46,28,19,133,0,0,60,10,70,40,46,88,29,203,174,30,204,407
04/10/2003,LAN,MI,AGL,CE,Towers with Radar,34,63,88,0,185,0,0,94,0,94,34,63,182,0,279,160,0,160,439
04/11/2003,LAN,MI,AGL,CE,Towers with Radar,36,56,50,10,152,0,0,84,4,88,36,56,134,14,240,88,6,94,334
04/12/2003,LAN,MI,AGL,CE,Towers with Radar,28,24,43,0,95,0,0,37,0,37,28,24,80,0,132,48,0,48,180
04/13/2003,LAN,MI,AGL,CE,Towers with Radar,35,10,44,4,93,0,0,61,0,61,35,10,105,4,154,204,0,204,358
04/14/2003,LAN,MI,AGL,CE,Towers with Radar,36,54,87,1,178,0,0,68,0,68,36,54,155,1,246,198,4,202,448
04/15/2003,LAN,MI,AGL,CE,Towers with Radar,36,52,48,4,140,0,1,39,1,41,36,53,87,5,181,70,0,70,251
04/16/2003,LAN,MI,AGL,CE,Towers with Radar,36,50,69,15,170,0,0,6,1,7,36,50,75,16,177,70,24,94,271
04/17/2003,LAN,MI,AGL,CE,Towers with Radar,36,52,34,6,128,0,2,19,2,23,36,54,53,8,151,32,2,34,185
04/18/2003,LAN,MI,AGL,CE,Towers with Radar,34,60,62,12,168,0,0,0,0,0,34,60,62,12,168,0,0,0,168
04/19/2003,LAN,MI,AGL,CE,Towers with Radar,26,24,39,0,89,0,0,31,0,31,26,24,70,0,120,36,0,36,156
04/20/2003,LAN,MI,AGL,CE,Towers with Radar,36,19,13,0,68,0,0,8,0,8,36,19,21,0,76,0,0,0,76
04/21/2003,LAN,MI,AGL,CE,Towers with Radar,35,38,59,2,134,0,0,20,0,20,35,38,79,2,154,14,0,14,168
04/22/2003,LAN,MI,AGL,CE,Towers with Radar,37,58,55,4,154,0,1,28,0,29,37,59,83,4,183,128,2,130,313
04/23/2003,LAN,MI,AGL,CE,Towers with Radar,35,45,49,10,139,0,0,127,2,129,35,45,176,12,268,228,16,244,512
04/24/2003,LAN,MI,AGL,CE,Towers with Radar,35,52,60,6,153,0,0,126,4,130,35,52,186,10,283,224,26,250,533
04/25/2003,LAN,MI,AGL,CE,Towers with Radar,36,48,50,10,144,0,0,102,8,110,36,48,152,18,254,204,18,222,476
04/26/2003,LAN,MI,AGL,CE,Towers with Radar,28,24,53,0,105,0,0,55,0,55,28,24,108,0,160,76,6,82,242
04/27/2003,LAN,MI,AGL,CE,Towers with Radar,29,19,30,1,79,0,0,45,0,45,29,19,75,1,124,180,0,180,304
04/28/2003,LAN,MI,AGL,CE,Towers with Radar,36,37,48,0,121,0,0,52,0,52,36,37,100,0,173,164,0,164,337
04/29/2003,LAN,MI,AGL,CE,Towers with Radar,39,50,62,0,151,0,0,82,0,82,39,50,144,0,233,180,0,180,413
04/30/2003,LAN,MI,AGL,CE,Towers with Radar,33,62,43,3,141,0,1,18,0,19,33,63,61,3,160,86,0,86,246
05/01/2003,LAN,MI,AGL,CE,Towers with Radar,33,77,113,13,236,0,0,1,8,9,33,77,114,21,245,19,4,23,268
05/02/2003,LAN,MI,AGL,CE,Towers with Radar,35,42,56,0,133,0,0,46,0,46,35,42,102,0,179,86,0,86,265
05/03/2003,LAN,MI,AGL,CE,Towers with Radar,31,40,38,13,122,0,5,81,0,86,31,45,119,13,208,64,0,64,272
05/04/2003,LAN,MI,AGL,CE,Towers with Radar,30,15,19,5,69,0,0,58,6,64,30,15,77,11,133,138,0,138,271
05/05/2003,LAN,MI,AGL,CE,Towers with Radar,30,32,34,7,103,0,0,1,0,1,30,32,35,7,104,48,8,56,160
05/06/2003,LAN,MI,AGL,CE,Towers with Radar,48,56,88,8,200,0,0,63,10,73,48,56,151,18,273,94,8,102,375
05/07/2003,LAN,MI,AGL,CE,Towers with Radar,40,37,83,1,161,0,1,4,0,5,40,38,87,1,166,0,0,0,166
05/08/2003,LAN,MI,AGL,CE,Towers with Radar,41,69,72,4,186,0,0,29,0,29,41,69,101,4,215,130,24,154,369
05/09/2003,LAN,MI,AGL,CE,Towers with Radar,31,52,57,5,145,0,0,17,4,21,31,52,74,9,166,70,4,74,240
05/10/2003,LAN,MI,AGL,CE,Towers with Radar,30,29,39,8,106,0,0,18,0,18,30,29,57,8,124,98,14,112,236
05/11/2003,LAN,MI,AGL,CE,Towers with Radar,25,13,2,0,40,0,0,1,0,1,25,13,3,0,41,0,0,0,41
05/12/2003,LAN,MI,AGL,CE,Towers with Radar,26,36,26,0,88,6,14,0,0,20,32,50,26,0,108,2,2,4,112
05/13/2003,LAN,MI,AGL,CE,Towers with Radar,39,43,37,5,124,0,0,107,4,111,39,43,144,9,235,124,0,124,359
05/14/2003,LAN,MI,AGL,CE,Towers with Radar,36,41,61,1,139,0,0,51,2,53,36,41,112,3,192,136,0,136,328
05/15/2003,LAN,MI,AGL,CE,Towers with Radar,32,46,65,2,145,0,0,15,0,15,32,46,80,2,160,62,8,70,230
05/16/2003,LAN,MI,AGL,CE,Towers with Radar,46,68,55,4,173,0,0,7,0,7,46,68,62,4,180,70,8,78,258
05/17/2003,LAN,MI,AGL,CE,Towers with Radar,22,33,74,4,133,0,0,147,0,147,22,33,221,4,280,212,0,212,492
05/18/2003,LAN,MI,AGL,CE,Towers with Radar,26,17,43,3,89,0,0,75,2,77,26,17,118,5,166,114,0,114,280
05/19/2003,LAN,MI,AGL,CE,Towers with Radar,26,39,50,3,118,0,0,22,1,23,26,39,72,4,141,162,0,162,303
05/20/2003,LAN,MI,AGL,CE,Towers with Radar,45,61,44,1,151,0,0,9,1,10,45,61,53,2,161,8,0,8,169
05/21/2003,LAN,MI,AGL,CE,Towers with Radar,38,52,58,2,150,0,0,68,4,72,38,52,126,6,222,116,2,118,340
05/22/2003,LAN,MI,AGL,CE,Towers with Radar,32,50,56,2,140,0,0,62,0,62,32,50,118,2,202,245,32,277,479
05/23/2003,LAN,MI,AGL,CE,Towers with Radar,40,73,60,6,179,0,0,44,0,44,40,73,104,6,223,82,4,86,309
05/24/2003,LAN,MI,AGL,CE,Towers with Radar,24,40,35,0,99,0,0,0,0,0,24,40,35,0,99,16,0,16,115
05/25/2003,LAN,MI,AGL,CE,Towers with Radar,23,15,17,0,55,0,0,15,0,15,23,15,32,0,70,30,0,30,100
05/26/2003,LAN,MI,AGL,CE,Towers with Radar,29,16,20,0,65,0,1,29,0,30,29,17,49,0,95,94,2,96,191
05/27/2003,LAN,MI,AGL,CE,Towers with Radar,35,43,32,8,118,0,0,53,14,67,35,43,85,22,185,118,42,160,345
05/28/2003,LAN,MI,AGL,CE,Towers with Radar,43,54,66,2,165,0,1,70,0,71,43,55,136,2,236,160,0,160,396
05/29/2003,LAN,MI,AGL,CE,Towers with Radar,28,61,64,0,153,0,0,25,0,25,28,61,89,0,178,24,0,24,202
05/30/2003,LAN,MI,AGL,CE,Towers with Radar,26,39,75,1,141,0,0,42,0,42,26,39,117,1,183,120,6,126,309
05/31/2003,LAN,MI,AGL,CE,Towers with Radar,41,52,27,0,120,0,0,2,0,2,41,52,29,0,122,4,0,4,126
06/01/2003,LAN,MI,AGL,CE,Towers with Radar,28,21,31,0,80,0,0,47,0,47,28,21,78,0,127,34,0,34,161
06/02/2003,LAN,MI,AGL,CE,Towers with Radar,36,54,24,0,114,0,0,61,0,61,36,54,85,0,175,156,6,162,337
06/03/2003,LAN,MI,AGL,CE,Towers with Radar,29,64,48,2,143,0,4,33,0,37,29,68,81,2,180,72,0,72,252
06/04/2003,LAN,MI,AGL,CE,Towers with Radar,31,63,37,2,133,0,0,3,0,3,31,63,40,2,136,0,0,0,136
06/05/2003,LAN,MI,AGL,CE,Towers with Radar,42,83,68,6,199,0,0,54,0,54,42,83,122,6,253,130,0,130,383
06/06/2003,LAN,MI,AGL,CE,Towers with Radar,45,84,63,11,203,0,7,46,0,53,45,91,109,11,256,74,18,92,348
06/07/2003,LAN,MI,AGL,CE,Towers with Radar,28,63,50,6,147,0,0,32,0,32,28,63,82,6,179,14,2,16,195
06/08/2003,LAN,MI,AGL,CE,Towers with Radar,26,22,19,0,67,0,0,1,0,1,26,22,20,0,68,14,2,16,84
06/09/2003,LAN,MI,AGL,CE,Towers with Radar,35,44,45,0,124,0,0,23,0,23,35,44,68,0,147,24,0,24,171
06/10/2003,LAN,MI,AGL,CE,Towers with Radar,36,47,30,4,117,0,0,28,0,28,36,47,58,4,145,110,0,110,255
06/11/2003,LAN,MI,AGL,CE,Towers with Radar,32,64,42,6,144,0,0,30,0,30,32,64,72,6,174,160,12,172,346
06/12/2003,LAN,MI,AGL,CE,Towers with Radar,39,70,46,12,167,0,0,3,0,3,39,70,49,12,170,30,8,38,208
06/13/2003,LAN,MI,AGL,CE,Towers with Radar,36,52,36,4,128,0,0,24,0,24,36,52,60,4,152,60,10,70,222
06/14/2003,LAN,MI,AGL,CE,Towers with Radar,28,33,11,16,88,0,0,79,0,79,28,33,90,16,167,44,2,46,213
06/15/2003,LAN,MI,AGL,CE,Towers with Radar,30,13,32,4,79,0,0,54,0,54,30,13,86,4,133,104,0,104,237
06/16/2003,LAN,MI,AGL,CE,Towers with Radar,26,62,56,3,147,0,0,78,0,78,26,62,134,3,225,190,0,190,415
06/17/2003,LAN,MI,AGL,CE,Towers with Radar,23,71,75,7,176,0,0,74,3,77,23,71,149,10,253,186,2,188,441
06/18/2003,LAN,MI,AGL,CE,Towers with Radar,34,68,55,6,163,0,0,72,0,72,34,68,127,6,235,154,8,162,397
06/19/2003,LAN,MI,AGL,CE,Towers with Radar,34,68,62,6,170,0,0,64,0,64,34,68,126,6,234,136,28,164,398
06/20/2003,LAN,MI,AGL,CE,Towers with Radar,56,76,132,12,276,0,0,197,0,197,56,76,329,12,473,224,12,236,709
06/21/2003,LAN,MI,AGL,CE,Towers with Radar,34,29,23,0,86,0,0,81,0,81,34,29,104,0,167,88,0,88,255
06/22/2003,LAN,MI,AGL,CE,Towers with Radar,25,19,26,2,72,0,0,42,0,42,25,19,68,2,114,224,10,234,348
06/23/2003,LAN,MI,AGL,CE,Towers with Radar,36,29,38,0,103,1,0,35,0,36,37,29,73,0,139,146,0,146,285
06/24/2003,LAN,MI,AGL,CE,Towers with Radar,45,72,59,8,184,0,4,59,3,66,45,76,118,11,250,82,4,86,336
06/25/2003,LAN,MI,AGL,CE,Towers with Radar,30,72,66,6,174,0,0,72,0,72,30,72,138,6,246,116,14,130,376
06/26/2003,LAN,MI,AGL,CE,Towers with Radar,38,75,68,4,185,0,0,30,0,30,38,75,98,4,215,56,10,66,281
06/27/2003,LAN,MI,AGL,CE,Towers with Radar,44,70,58,3,175,0,0,57,0,57,44,70,115,3,232,156,0,156,388
06/28/2003,LAN,MI,AGL,CE,Towers with Radar,29,36,4,0,69,0,0,8,0,8,29,36,12,0,77,50,0,50,127
06/29/2003,LAN,MI,AGL,CE,Towers with Radar,17,28,12,1,58,0,0,22,2,24,17,28,34,3,82,114,0,114,196
06/30/2003,LAN,MI,AGL,CE,Towers with Radar,20,60,86,6,172,0,0,74,0,74,20,60,160,6,246,156,28,184,430
07/01/2003,LAN,MI,AGL,CE,Towers with Radar,32,40,56,6,134,0,1,85,0,86,32,41,141,6,220,180,6,186,406
07/02/2003,LAN,MI,AGL,CE,Towers with Radar,55,70,81,0,206,0,1,111,16,128,55,71,192,16,334,150,6,156,490
07/03/2003,LAN,MI,AGL,CE,Towers with Radar,32,57,68,2,159,0,4,93,10,107,32,61,161,12,266,186,10,196,462
07/04/2003,LAN,MI,AGL,CE,Towers with Radar,26,28,16,4,74,0,0,38,0,38,26,28,54,4,112,56,4,60,172
07/05/2003,LAN,MI,AGL,CE,Towers with Radar,17,37,4,0,58,0,1,13,0,14,17,38,17,0,72,12,0,12,84
07/06/2003,LAN,MI,AGL,CE,Towers with Radar,29,18,40,1,88,0,0,15,0,15,29,18,55,1,103,78,0,78,181
07/07/2003,LAN,MI,AGL,CE,Towers with Radar,33,45,50,2,130,0,0,13,0,13,33,45,63,2,143,132,6,138,281
07/08/2003,LAN,MI,AGL,CE,Towers with Radar,33,58,47,4,142,0,0,39,0,39,33,58,86,4,181,34,0,34,215
07/09/2003,LAN,MI,AGL,CE,Towers with Radar,38,54,60,5,157,0,0,89,0,89,38,54,149,5,246,184,0,184,430
07/10/2003,LAN,MI,AGL,CE,Towers with Radar,33,64,37,1,135,0,2,8,0,10,33,66,45,1,145,22,2,24,169
07/11/2003,LAN,MI,AGL,CE,Towers with Radar,38,60,50,0,148,0,0,20,0,20,38,60,70,0,168,34,0,34,202
07/12/2003,LAN,MI,AGL,CE,Towers with Radar,37,39,17,4,97,0,0,51,0,51,37,39,68,4,148,80,20,100,248
07/13/2003,LAN,MI,AGL,CE,Towers with Radar,32,20,21,0,73,0,0,48,0,48,32,20,69,0,121,54,0,54,175
07/14/2003,LAN,MI,AGL,CE,Towers with Radar,32,52,66,6,156,0,2,88,0,90,32,54,154,6,246,110,2,112,358
07/15/2003,LAN,MI,AGL,CE,Towers with Radar,41,49,67,5,162,0,0,24,0,24,41,49,91,5,186,88,0,88,274
07/16/2003,LAN,MI,AGL,CE,Towers with Radar,40,55,73,11,179,0,2,106,0,108,40,57,179,11,287,222,20,242,529
07/17/2003,LAN,MI,AGL,CE,Towers with Radar,34,66,73,9,182,0,4,73,2,79,34,70,146,11,261,182,6,188,449
07/18/2003,LAN,MI,AGL,CE,Towers with Radar,38,66,56,10,170,0,0,84,0,84,38,66,140,10,254,86,14,100,354
07/19/2003,LAN,MI,AGL,CE,Towers with Radar,29,46,15,0,90,0,0,75,0,75,29,46,90,0,165,126,10,136,301
07/20/2003,LAN,MI,AGL,CE,Towers with Radar,28,29,27,7,91,0,0,22,0,22,28,29,49,7,113,4,6,10,123
07/21/2003,LAN,MI,AGL,CE,Towers with Radar,32,42,44,0,118,0,0,6,0,6,32,42,50,0,124,4,0,4,128
07/22/2003,LAN,MI,AGL,CE,Towers with Radar,39,53,70,4,166,0,0,30,2,32,39,53,100,6,198,86,0,86,284
07/23/2003,LAN,MI,AGL,CE,Towers with Radar,35,59,68,3,165,0,0,114,0,114,35,59,182,3,279,158,0,158,437
07/24/2003,LAN,MI,AGL,CE,Towers with Radar,42,88,90,2,222,0,0,110,0,110,42,88,200,2,332,108,18,126,458
07/25/2003,LAN,MI,AGL,CE,Towers with Radar,35,53,42,5,135,0,2,60,12,74,35,55,102,17,209,140,12,152,361
07/26/2003,LAN,MI,AGL,CE,Towers with Radar,30,37,24,1,92,0,0,41,0,41,30,37,65,1,133,76,6,82,215
07/27/2003,LAN,MI,AGL,CE,Towers with Radar,21,20,31,2,74,0,0,11,0,11,21,20,42,2,85,44,0,44,129
07/28/2003,LAN,MI,AGL,CE,Towers with Radar,36,53,41,0,130,0,0,60,0,60,36,53,101,0,190,108,0,108,298
07/29/2003,LAN,MI,AGL,CE,Towers with Radar,43,62,81,0,186,0,0,93,0,93,43,62,174,0,279,188,10,198,477
07/30/2003,LAN,MI,AGL,CE,Towers with Radar,34,76,70,2,182,0,0,82,0,82,34,76,152,2,264,166,24,190,454
07/31/2003,LAN,MI,AGL,CE,Towers with Radar,33,68,60,3,164,0,0,44,0,44,33,68,104,3,208,110,12,122,330
08/01/2003,LAN,MI,AGL,CE,Towers with Radar,30,60,62,2,154,0,0,32,0,32,30,60,94,2,186,56,10,66,252
08/02/2003,LAN,MI,AGL,CE,Towers with Radar,29,36,43,1,109,0,0,12,0,12,29,36,55,1,121,18,2,20,141
08/03/2003,LAN,MI,AGL,CE,Towers with Radar,32,16,36,0,84,0,0,9,0,9,32,16,45,0,93,10,0,10,103
08/04/2003,LAN,MI,AGL,CE,Towers with Radar,44,76,60,1,181,0,1,53,0,54,44,77,113,1,235,120,0,120,355
08/05/2003,LAN,MI,AGL,CE,Towers with Radar,30,62,34,6,132,0,0,22,0,22,30,62,56,6,154,12,0,12,166
08/06/2003,LAN,MI,AGL,CE,Towers with Radar,40,66,46,4,156,0,0,82,0,82,40,66,128,4,238,118,16,134,372
08/07/2003,LAN,MI,AGL,CE,Towers with Radar,40,95,63,3,201,0,0,43,0,43,40,95,106,3,244,74,6,80,324
08/08/2003,LAN,MI,AGL,CE,Towers with Radar,29,54,38,4,125,0,0,13,0,13,29,54,51,4,138,16,4,20,158
08/09/2003,LAN,MI,AGL,CE,Towers with Radar,23,34,18,2,77,0,0,53,0,53,23,34,71,2,130,72,0,72,202
08/10/2003,LAN,MI,AGL,CE,Towers with Radar,32,25,30,0,87,0,0,43,0,43,32,25,73,0,130,128,0,128,258
08/11/2003,LAN,MI,AGL,CE,Towers with Radar,28,50,40,2,120,0,0,19,0,19,28,50,59,2,139,70,0,70,209
08/12/2003,LAN,MI,AGL,CE,Towers with Radar,34,56,32,2,124,0,0,22,0,22,34,56,54,2,146,60,10,70,216
08/13/2003,LAN,MI,AGL,CE,Towers with Radar,21,67,47,0,135,0,0,68,0,68,21,67,115,0,203,128,24,152,355
08/14/2003,LAN,MI,AGL,CE,Towers with Radar,40,61,56,3,160,0,9,56,0,65,40,70,112,3,225,50,4,54,279
08/15/2003,LAN,MI,AGL,CE,Towers with Radar,32,56,60,2,150,0,0,42,0,42,32,56,102,2,192,68,12,80,272
08/16/2003,LAN,MI,AGL,CE,Towers with Radar,34,40,44,0,118,0,0,12,0,12,34,40,56,0,130,26,0,26,156
08/17/2003,LAN,MI,AGL,CE,Towers with Radar,24,22,43,1,90,0,0,76,0,76,24,22,119,1,166,10,0,10,176
08/18/2003,LAN,MI,AGL,CE,Towers with Radar,36,51,32,2,121,0,0,61,0,61,36,51,93,2,182,70,0,70,252
08/19/2003,LAN,MI,AGL,CE,Towers with Radar,25,67,50,4,146,0,0,71,0,71,25,67,121,4,217,78,6,84,301
08/20/2003,LAN,MI,AGL,CE,Towers with Radar,43,63,53,0,159,0,1,59,0,60,43,64,112,0,219,146,12,158,377
08/21/2003,LAN,MI,AGL,CE,Towers with Radar,25,60,39,0,124,0,0,16,0,16,25,60,55,0,140,22,8,30,170
08/22/2003,LAN,MI,AGL,CE,Towers with Radar,54,84,66,6,210,0,0,74,2,76,54,84,140,8,286,100,12,112,398
08/23/2003,LAN,MI,AGL,CE,Towers with Radar,47,53,25,0,125,0,0,68,0,68,47,53,93,0,193,38,0,38,231
08/24/2003,LAN,MI,AGL,CE,Towers with Radar,31,20,27,0,78,0,0,53,0,53,31,20,80,0,131,82,4,86,217
08/25/2003,LAN,MI,AGL,CE,Towers with Radar,34,55,36,2,127,0,0,31,0,31,34,55,67,2,158,100,4,104,262
08/26/2003,LAN,MI,AGL,CE,Towers with Radar,29,60,68,4,161,0,0,29,0,29,29,60,97,4,190,44,4,48,238
08/27/2003,LAN,MI,AGL,CE,Towers with Radar,29,67,70,1,167,0,0,102,2,104,29,67,172,3,271,74,16,90,361
08/28/2003,LAN,MI,AGL,CE,Towers with Radar,38,61,72,2,173,0,0,71,0,71,38,61,143,2,244,68,10,78,322
08/29/2003,LAN,MI,AGL,CE,Towers with Radar,35,58,53,0,146,0,0,51,0,51,35,58,104,0,197,72,10,82,279
08/30/2003,LAN,MI,AGL,CE,Towers with Radar,29,32,40,0,101,0,0,80,0,80,29,32,120,0,181,84,0,84,265
08/31/2003,LAN,MI,AGL,CE,Towers with Radar,24,13,21,0,58,0,0,23,0,23,24,13,44,0,81,20,0,20,101
09/01/2003,LAN,MI,AGL,CE,Towers with Radar,25,23,28,0,76,0,0,13,0,13,25,23,41,0,89,30,0,30,119
09/02/2003,LAN,MI,AGL,CE,Towers with Radar,38,49,44,0,131,0,0,73,0,73,38,49,117,0,204,98,4,102,306
09/03/2003,LAN,MI,AGL,CE,Towers with Radar,38,60,56,4,158,0,0,44,0,44,38,60,100,4,202,112,18,130,332
09/04/2003,LAN,MI,AGL,CE,Towers with Radar,35,87,57,4,183,0,2,66,0,68,35,89,123,4,251,108,14,122,373
09/05/2003,LAN,MI,AGL,CE,Towers with Radar,36,90,26,2,154,0,0,91,4,95,36,90,117,6,249,68,6,74,323
09/06/2003,LAN,MI,AGL,CE,Towers with Radar,31,33,32,0,96,0,0,83,0,83,31,33,115,0,179,70,2,72,251
09/07/2003,LAN,MI,AGL,CE,Towers with Radar,23,27,23,4,77,0,0,40,0,40,23,27,63,4,117,70,10,80,197
09/08/2003,LAN,MI,AGL,CE,Towers with Radar,34,41,72,4,151,0,0,42,0,42,34,41,114,4,193,24,2,26,219
09/09/2003,LAN,MI,AGL,CE,Towers with Radar,37,70,44,2,153,0,0,82,0,82,37,70,126,2,235,112,8,120,355
09/10/2003,LAN,MI,AGL,CE,Towers with Radar,42,66,64,10,182,0,0,62,0,62,42,66,126,10,244,56,2,58,302
09/11/2003,LAN,MI,AGL,CE,Towers with Radar,39,70,55,6,170,0,0,66,0,66,39,70,121,6,236,94,12,106,342
09/12/2003,LAN,MI,AGL,CE,Towers with Radar,38,73,49,2,162,0,0,54,2,56,38,73,103,4,218,68,2,70,288
09/13/2003,LAN,MI,AGL,CE,Towers with Radar,27,36,24,2,89,0,0,43,2,45,27,36,67,4,134,34,4,38,172
09/14/2003,LAN,MI,AGL,CE,Towers with Radar,22,26,32,4,84,0,0,5,0,5,22,26,37,4,89,42,4,46,135
09/15/2003,LAN,MI,AGL,CE,Towers with Radar,26,56,24,3,109,0,0,24,8,32,26,56,48,11,141,116,0,116,257
09/16/2003,LAN,MI,AGL,CE,Towers with Radar,40,53,34,2,129,0,0,84,2,86,40,53,118,4,215,110,4,114,329
09/17/2003,LAN,MI,AGL,CE,Towers with Radar,38,59,30,0,127,0,0,86,0,86,38,59,116,0,213,108,0,108,321
09/18/2003,LAN,MI,AGL,CE,Towers with Radar,36,72,80,4,192,0,0,85,4,89,36,72,165,8,281,182,10,192,473
09/19/2003,LAN,MI,AGL,CE,Towers with Radar,37,75,39,8,159,0,0,42,14,56,37,75,81,22,215,104,8,112,327
09/20/2003,LAN,MI,AGL,CE,Towers with Radar,37,34,32,0,103,0,0,54,0,54,37,34,86,0,157,110,8,118,275
09/21/2003,LAN,MI,AGL,CE,Towers with Radar,32,13,53,0,98,0,0,43,0,43,32,13,96,0,141,32,6,38,179
09/22/2003,LAN,MI,AGL,CE,Towers with Radar,30,38,26,1,95,0,0,0,0,0,30,38,26,1,95,0,0,0,95
09/23/2003,LAN,MI,AGL,CE,Towers with Radar,43,64,57,1,165,0,0,60,0,60,43,64,117,1,225,56,0,56,281
09/24/2003,LAN,MI,AGL,CE,Towers with Radar,31,61,53,6,151,0,2,26,3,31,31,63,79,9,182,76,0,76,258
09/25/2003,LAN,MI,AGL,CE,Towers with Radar,34,61,69,14,178,0,0,80,0,80,34,61,149,14,258,146,22,168,426
09/26/2003,LAN,MI,AGL,CE,Towers with Radar,41,67,47,4,159,0,0,40,0,40,41,67,87,4,199,80,4,84,283
09/27/2003,LAN,MI,AGL,CE,Towers with Radar,28,36,35,0,99,0,0,28,0,28,28,36,63,0,127,22,0,22,149
09/28/2003,LAN,MI,AGL,CE,Towers with Radar,15,16,22,0,53,0,0,2,0,2,15,16,24,0,55,30,0,30,85
09/29/2003,LAN,MI,AGL,CE,Towers with Radar,37,83,69,0,189,0,0,62,0,62,37,83,131,0,251,104,0,104,355
09/30/2003,LAN,MI,AGL,CE,Towers with Radar,41,55,68,2,166,0,0,26,2,28,41,55,94,4,194,30,0,30,224
10/01/2003,LAN,MI,AGL,CE,Towers with Radar,38,73,67,2,180,0,1,32,0,33,38,74,99,2,213,70,6,76,289
10/02/2003,LAN,MI,AGL,CE,Towers with Radar,35,71,73,4,183,0,0,46,6,52,35,71,119,10,235,152,6,158,393
10/03/2003,LAN,MI,AGL,CE,Towers with Radar,31,87,54,4,176,0,1,11,0,12,31,88,65,4,188,46,0,46,234
10/04/2003,LAN,MI,AGL,CE,Towers with Radar,23,32,24,16,95,0,2,12,10,24,23,34,36,26,119,40,20,60,179
10/05/2003,LAN,MI,AGL,CE,Towers with Radar,43,26,38,16,123,0,0,52,0,52,43,26,90,16,175,28,6,34,209
10/06/2003,LAN,MI,AGL,CE,Towers with Radar,29,29,61,2,121,0,0,90,0,90,29,29,151,2,211,172,6,178,389
10/07/2003,LAN,MI,AGL,CE,Towers with Radar,44,70,55,1,170,0,0,64,1,65,44,70,119,2,235,80,0,80,315
10/08/2003,LAN,MI,AGL,CE,Towers with Radar,27,66,63,4,160,0,1,75,0,76,27,67,138,4,236,90,16,106,342
10/09/2003,LAN,MI,AGL,CE,Towers with Radar,39,65,40,4,148,0,2,78,0,80,39,67,118,4,228,72,0,72,300
10/10/2003,LAN,MI,AGL,CE,Towers with Radar,41,74,53,6,174,0,0,68,2,70,41,74,121,8,244,58,4,62,306
10/11/2003,LAN,MI,AGL,CE,Towers with Radar,29,35,27,4,95,0,0,38,4,42,29,35,65,8,137,10,4,14,151
10/12/2003,LAN,MI,AGL,CE,Towers with Radar,30,18,27,0,75,0,0,22,0,22,30,18,49,0,97,10,0,10,107
10/13/2003,LAN,MI,AGL,CE,Towers with Radar,37,54,59,0,150,0,0,76,0,76,37,54,135,0,226,70,4,74,300
10/14/2003,LAN,MI,AGL,CE,Towers with Radar,38,50,29,6,123,0,0,12,1,13,38,50,41,7,136,16,2,18,154
10/15/2003,LAN,MI,AGL,CE,Towers with Radar,37,63,45,11,156,0,4,39,8,51,37,67,84,19,207,54,4,58,265
10/16/2003,LAN,MI,AGL,CE,Towers with Radar,41,72,83,4,200,0,0,86,2,88,41,72,169,6,288,94,6,100,388
10/17/2003,LAN,MI,AGL,CE,Towers with Radar,53,85,51,0,189,0,2,66,2,70,53,87,117,2,259,68,6,74,333
10/18/2003,LAN,MI,AGL,CE,Towers with Radar,37,28,34,0,99,0,2,42,0,44,37,30,76,0,143,68,16,84,227
10/19/2003,LAN,MI,AGL,CE,Towers with Radar,32,16,24,2,74,0,0,56,4,60,32,16,80,6,134,84,20,104,238
10/20/2003,LAN,MI,AGL,CE,Towers with Radar,32,50,28,4,114,0,1,18,0,19,32,51,46,4,133,12,4,16,149
10/21/2003,LAN,MI,AGL,CE,Towers with Radar,35,52,37,0,124,0,0,32,0,32,35,52,69,0,156,96,8,104,260
10/22/2003,LAN,MI,AGL,CE,Towers with Radar,13,43,65,0,121,0,2,68,6,76,13,45,133,6,197,194,28,222,419
10/23/2003,LAN,MI,AGL,CE,Towers with Radar,42,95,38,11,186,0,2,109,1,112,42,97,147,12,298,88,8,96,394
10/24/2003,LAN,MI,AGL,CE,Towers with Radar,48,65,68,5,186,0,2,67,0,69,48,67,135,5,255,74,0,74,329
10/25/2003,LAN,MI,AGL,CE,Towers with Radar,32,30,26,0,88,0,0,0,0,0,32,30,26,0,88,6,0,6,94
10/26/2003,LAN,MI,AGL,CE,Towers with Radar,16,37,20,3,76,0,0,23,0,23,16,37,43,3,99,48,6,54,153
10/27/2003,LAN,MI,AGL,CE,Towers with Radar,34,58,37,4,133,0,0,8,0,8,34,58,45,4,141,14,0,14,155
10/28/2003,LAN,MI,AGL,CE,Towers with Radar,29,76,29,2,136,0,3,1,0,4,29,79,30,2,140,0,0,0,140
10/29/2003,LAN,MI,AGL,CE,Towers with Radar,23,83,53,3,162,0,1,27,3,31,23,84,80,6,193,62,18,80,273
10/30/2003,LAN,MI,AGL,CE,Towers with Radar,44,76,61,13,194,0,0,80,0,80,44,76,141,13,274,104,10,114,388
10/31/2003,LAN,MI,AGL,CE,Towers with Radar,38,62,27,6,133,0,0,42,0,42,38,62,69,6,175,56,10,66,241
11/01/2003,LAN,MI,AGL,CE,Towers with Radar,29,35,42,2,108,0,0,8,0,8,29,35,50,2,116,20,0,20,136
11/02/2003,LAN,MI,AGL,CE,Towers with Radar,28,17,28,4,77,0,0,0,0,0,28,17,28,4,77,0,0,0,77
11/03/2003,LAN,MI,AGL,CE,Towers with Radar,26,50,30,1,107,0,0,0,0,0,26,50,30,1,107,0,0,0,107
11/04/2003,LAN,MI,AGL,CE,Towers with Radar,40,47,39,0,126,0,0,25,0,25,40,47,64,0,151,76,0,76,227
11/05/2003,LAN,MI,AGL,CE,Towers with Radar,37,53,51,3,144,0,0,15,0,15,37,53,66,3,159,76,10,86,245
11/06/2003,LAN,MI,AGL,CE,Towers with Radar,40,73,74,2,189,0,0,85,0,85,40,73,159,2,274,130,0,130,404
11/07/2003,LAN,MI,AGL,CE,Towers with Radar,41,54,38,2,135,0,0,63,0,63,41,54,101,2,198,38,0,38,236
11/08/2003,LAN,MI,AGL,CE,Towers with Radar,38,32,35,2,107,0,8,87,4,99,38,40,122,6,206,24,2,26,232
11/09/2003,LAN,MI,AGL,CE,Towers with Radar,35,12,40,2,89,0,0,83,0,83,35,12,123,2,172,62,0,62,234
11/10/2003,LAN,MI,AGL,CE,Towers with Radar,37,42,57,0,136,0,3,70,0,73,37,45,127,0,209,40,0,40,249
11/11/2003,LAN,MI,AGL,CE,Towers with Radar,29,62,41,0,132,0,0,58,0,58,29,62,99,0,190,58,0,58,248
11/12/2003,LAN,MI,AGL,CE,Towers with Radar,20,79,40,1,140,0,0,2,0,2,20,79,42,1,142,60,14,74,216
11/13/2003,LAN,MI,AGL,CE,Towers with Radar,49,77,57,6,189,0,0,35,0,35,49,77,92,6,224,88,6,94,318
11/14/2003,LAN,MI,AGL,CE,Towers with Radar,54,89,52,9,204,0,4,75,6,85,54,93,127,15,289,52,16,68,357
11/15/2003,LAN,MI,AGL,CE,Towers with Radar,29,38,16,0,83,0,0,0,0,0,29,38,16,0,83,0,0,0,83
11/16/2003,LAN,MI,AGL,CE,Towers with Radar,14,33,24,2,73,0,0,0,0,0,14,33,24,2,73,0,0,0,73
11/17/2003,LAN,MI,AGL,CE,Towers with Radar,31,70,39,2,142,0,0,13,2,15,31,70,52,4,157,56,0,56,213
11/18/2003,LAN,MI,AGL,CE,Towers with Radar,39,63,24,0,126,0,0,4,0,4,39,63,28,0,130,0,0,0,130
11/19/2003,LAN,MI,AGL,CE,Towers with Radar,36,57,86,6,185,0,2,70,2,74,36,59,156,8,259,184,0,184,443
11/20/2003,LAN,MI,AGL,CE,Towers with Radar,41,66,57,14,178,0,4,84,0,88,41,70,141,14,266,70,12,82,348
11/21/2003,LAN,MI,AGL,CE,Towers with Radar,35,76,75,6,192,0,1,56,0,57,35,77,131,6,249,96,18,114,363
11/22/2003,LAN,MI,AGL,CE,Towers with Radar,29,35,46,0,110,0,0,9,0,9,29,35,55,0,119,26,0,26,145
11/23/2003,LAN,MI,AGL,CE,Towers with Radar,26,17,13,2,58,3,1,5,0,9,29,18,18,2,67,20,6,26,93
11/24/2003,LAN,MI,AGL,CE,Towers with Radar,28,45,23,1,97,0,0,0,0,0,28,45,23,1,97,0,0,0,97
11/25/2003,LAN,MI,AGL,CE,Towers with Radar,37,51,60,2,150,0,0,58,0,58,37,51,118,2,208,90,8,98,306
11/26/2003,LAN,MI,AGL,CE,Towers with Radar,42,56,74,9,181,0,0,92,1,93,42,56,166,10,274,12,76,88,362
11/27/2003,LAN,MI,AGL,CE,Towers with Radar,13,31,6,0,50,0,0,4,0,4,13,31,10,0,54,4,0,4,58
11/28/2003,LAN,MI,AGL,CE,Towers with Radar,28,54,13,0,95,0,0,0,0,0,28,54,13,0,95,0,0,0,95
11/29/2003,LAN,MI,AGL,CE,Towers with Radar,30,32,28,0,90,0,2,18,0,20,30,34,46,0,110,18,0,18,128
11/30/2003,LAN,MI,AGL,CE,Towers with Radar,24,22,25,0,71,0,0,27,0,27,24,22,52,0,98,20,0,20,118
12/01/2003,LAN,MI,AGL,CE,Towers with Radar,31,57,26,2,116,0,0,14,0,14,31,57,40,2,130,20,2,22,152
12/02/2003,LAN,MI,AGL,CE,Towers with Radar,41,53,65,3,162,0,0,130,0,130,41,53,195,3,292,122,10,132,424
12/03/2003,LAN,MI,AGL,CE,Towers with Radar,30,79,69,11,189,0,0,102,0,102,30,79,171,11,291,160,40,200,491
12/04/2003,LAN,MI,AGL,CE,Towers with Radar,42,61,55,2,160,0,0,56,0,56,42,61,111,2,216,155,8,163,379
12/05/2003,LAN,MI,AGL,CE,Towers with Radar,40,67,20,4,131,0,0,27,2,29,40,67,47,6,160,36,0,36,196
12/06/2003,LAN,MI,AGL,CE,Towers with Radar,50,36,58,3,147,0,0,25,27,52,50,36,83,30,199,72,10,82,281
12/07/2003,LAN,MI,AGL,CE,Towers with Radar,42,36,34,12,124,0,0,78,0,78,42,36,112,12,202,62,2,64,266
12/08/2003,LAN,MI,AGL,CE,Towers with Radar,41,39,63,6,149,0,4,59,12,75,41,43,122,18,224,116,12,128,352
12/09/2003,LAN,MI,AGL,CE,Towers with Radar,38,64,54,0,156,0,0,5,7,12,38,64,59,7,168,2,0,2,170
12/10/2003,LAN,MI,AGL,CE,Towers with Radar,39,51,58,16,164,0,0,2,0,2,39,51,60,16,166,10,16,26,192
12/11/2003,LAN,MI,AGL,CE,Towers with Radar,46,54,62,10,172,0,0,36,6,42,46,54,98,16,214,40,6,46,260
12/12/2003,LAN,MI,AGL,CE,Towers with Radar,36,68,81,47,232,0,0,66,4,70,36,68,147,51,302,126,28,154,456
12/13/2003,LAN,MI,AGL,CE,Towers with Radar,29,37,72,2,140,10,0,94,4,108,39,37,166,6,248,158,18,176,424
12/14/2003,LAN,MI,AGL,CE,Towers with Radar,15,30,8,1,54,0,0,2,0,2,15,30,10,1,56,0,0,0,56
12/15/2003,LAN,MI,AGL,CE,Towers with Radar,30,43,42,4,119,0,0,8,0,8,30,43,50,4,127,94,0,94,221
12/16/2003,LAN,MI,AGL,CE,Towers with Radar,41,47,43,1,132,0,0,12,0,12,41,47,55,1,144,28,0,28,172
12/17/2003,LAN,MI,AGL,CE,Towers with Radar,36,77,35,4,152,0,0,5,1,6,36,77,40,5,158,0,0,0,158
12/18/2003,LAN,MI,AGL,CE,Towers with Radar,39,53,62,0,154,0,0,43,0,43,39,53,105,0,197,64,8,72,269
12/19/2003,LAN,MI,AGL,CE,Towers with Radar,40,64,49,4,157,0,3,30,0,33,40,67,79,4,190,54,4,58,248
12/20/2003,LAN,MI,AGL,CE,Towers with Radar,32,26,21,0,79,0,0,42,0,42,32,26,63,0,121,50,0,50,171
12/21/2003,LAN,MI,AGL,CE,Towers with Radar,32,16,14,2,64,0,0,23,0,23,32,16,37,2,87,38,0,38,125
12/22/2003,LAN,MI,AGL,CE,Towers with Radar,40,45,56,4,145,0,0,54,0,54,40,45,110,4,199,68,0,68,267
12/23/2003,LAN,MI,AGL,CE,Towers with Radar,35,62,20,2,119,0,0,1,0,1,35,62,21,2,120,14,0,14,134
12/24/2003,LAN,MI,AGL,CE,Towers with Radar,40,44,16,2,102,0,0,22,2,24,40,44,38,4,126,36,4,40,166
12/25/2003,LAN,MI,AGL,CE,Towers with Radar,28,17,3,0,48,0,0,0,0,0,28,17,3,0,48,52,0,52,100
12/26/2003,LAN,MI,AGL,CE,Towers with Radar,45,69,61,0,175,0,0,58,0,58,45,69,119,0,233,72,0,72,305
12/27/2003,LAN,MI,AGL,CE,Towers with Radar,45,50,39,0,134,0,0,51,0,51,45,50,90,0,185,106,0,106,291
12/28/2003,LAN,MI,AGL,CE,Towers with Radar,38,26,24,0,88,0,0,9,0,9,38,26,33,0,97,20,0,20,117
12/29/2003,LAN,MI,AGL,CE,Towers with Radar,31,40,12,2,85,0,0,4,0,4,31,40,16,2,89,2,0,2,91
12/30/2003,LAN,MI,AGL,CE,Towers with Radar,49,48,25,0,122,0,2,20,3,25,49,50,45,3,147,30,0,30,177
12/31/2003,LAN,MI,AGL,CE,Towers with Radar,37,63,5,0,105,0,0,29,0,29,37,63,34,0,134,42,0,42,176
01/01/2004,LAN,MI,AGL,CE,Towers with Radar,24,27,35,0,86,0,0,24,0,24,24,27,59,0,110,48,0,48,158
01/02/2004,LAN,MI,AGL,CE,Towers with Radar,48,47,43,4,142,0,0,48,0,48,48,47,91,4,190,58,14,72,262
01/03/2004,LAN,MI,AGL,CE,Towers with Radar,32,39,61,0,132,0,0,69,0,69,32,39,130,0,201,52,0,52,253
01/04/2004,LAN,MI,AGL,CE,Towers with Radar,21,15,4,0,40,0,0,10,0,10,21,15,14,0,50,12,0,12,62
01/05/2004,LAN,MI,AGL,CE,Towers with Radar,38,40,41,8,127,0,0,0,0,0,38,40,41,8,127,0,0,0,127
01/06/2004,LAN,MI,AGL,CE,Towers with Radar,14,44,20,0,78,0,0,17,2,19,14,44,37,2,97,40,0,40,137
01/07/2004,LAN,MI,AGL,CE,Towers with Radar,32,81,35,10,158,0,0,6,0,6,32,81,41,10,164,20,2,22,186
01/08/2004,LAN,MI,AGL,CE,Towers with Radar,47,63,52,5,167,0,2,47,0,49,47,65,99,5,216,64,8,72,288
01/09/2004,LAN,MI,AGL,CE,Towers with Radar,29,58,33,6,126,0,0,37,4,41,29,58,70,10,167,66,8,74,241
01/10/2004,LAN,MI,AGL,CE,Towers with Radar,37,31,24,0,92,0,0,64,0,64,37,31,88,0,156,0,0,0,156
01/11/2004,LAN,MI,AGL,CE,Towers with Radar,26,20,44,0,90,0,2,12,0,14,26,22,56,0,104,66,0,66,170
01/12/2004,LAN,MI,AGL,CE,Towers with Radar,38,39,27,0,104,0,0,2,0,2,38,39,29,0,106,4,0,4,110
01/13/2004,LAN,MI,AGL,CE,Towers with Radar,39,34,52,0,125,0,1,29,0,30,39,35,81,0,155,94,16,110,265
01/14/2004,LAN,MI,AGL,CE,Towers with Radar,33,67,27,0,127,0,0,6,4,10,33,67,33,4,137,34,2,36,173
01/15/2004,LAN,MI,AGL,CE,Towers with Radar,46,76,88,0,210,0,0,8,4,12,46,76,96,4,222,70,0,70,292
01/16/2004,LAN,MI,AGL,CE,Towers with Radar,38,62,56,8,164,0,2,64,4,70,38,64,120,12,234,100,10,110,344
01/17/2004,LAN,MI,AGL,CE,Towers with Radar,21,24,4,0,49,0,0,0,0,0,21,24,4,0,49,0,0,0,49
01/18/2004,LAN,MI,AGL,CE,Towers with Radar,46,14,22,0,82,0,0,7,0,7,46,14,29,0,89,6,0,6,95
01/19/2004,LAN,MI,AGL,CE,Towers with Radar,23,67,26,0,116,0,0,14,0,14,23,67,40,0,130,66,0,66,196
01/20/2004,LAN,MI,AGL,CE,Towers with Radar,24,83,70,0,177,0,0,49,2,51,24,83,119,2,228,172,24,196,424
01/21/2004,LAN,MI,AGL,CE,Towers with Radar,20,75,51,2,148,0,0,17,0,17,20,75,68,2,165,74,8,82,247
01/22/2004,LAN,MI,AGL,CE,Towers with Radar,46,50,80,12,188,0,0,16,0,16,46,50,96,12,204,62,8,70,274
01/23/2004,LAN,MI,AGL,CE,Towers with Radar,23,63,0,0,86,0,0,21,8,29,23,63,21,8,115,8,0,8,123
01/24/2004,LAN,MI,AGL,CE,Towers with Radar,42,25,25,10,102,0,0,60,0,60,42,25,85,10,162,72,4,76,238
01/25/2004,LAN,MI,AGL,CE,Towers with Radar,55,40,52,16,163,0,0,51,0,51,55,40,103,16,214,58,0,58,272
01/26/2004,LAN,MI,AGL,CE,Towers with Radar,48,62,47,6,163,0,4,20,10,34,48,66,67,16,197,48,4,52,249
01/27/2004,LAN,MI,AGL,CE,Towers with Radar,23,49,16,0,88,0,0,0,0,0,23,49,16,0,88,0,0,0,88
01/28/2004,LAN,MI,AGL,CE,Towers with Radar,21,57,40,0,118,0,0,3,0,3,21,57,43,0,121,20,0,20,141
01/29/2004,LAN,MI,AGL,CE,Towers with Radar,42,52,50,10,154,0,0,40,0,40,42,52,90,10,194,46,10,56,250
01/30/2004,LAN,MI,AGL,CE,Towers with Radar,38,52,38,12,140,0,0,24,0,24,38,52,62,12,164,58,10,68,232
01/31/2004,LAN,MI,AGL,CE,Towers with Radar,37,25,46,2,110,0,0,7,0,7,37,25,53,2,117,24,0,24,141
02/01/2004,LAN,MI,AGL,CE,Towers with Radar,38,22,28,1,89,0,2,52,0,54,38,24,80,1,143,30,6,36,179
02/02/2004,LAN,MI,AGL,CE,Towers with Radar,24,50,21,4,99,0,0,42,0,42,24,50,63,4,141,70,0,70,211
02/03/2004,LAN,MI,AGL,CE,Towers with Radar,24,55,17,0,96,0,0,4,0,4,24,55,21,0,100,0,0,0,100
02/04/2004,LAN,MI,AGL,CE,Towers with Radar,20,60,71,0,151,0,0,89,0,89,20,60,160,0,240,120,0,120,360
02/05/2004,LAN,MI,AGL,CE,Towers with Radar,39,62,82,2,185,0,0,56,0,56,39,62,138,2,241,86,4,90,331
02/06/2004,LAN,MI,AGL,CE,Towers with Radar,31,49,26,4,110,0,0,0,0,0,31,49,26,4,110,16,4,20,130
02/07/2004,LAN,MI,AGL,CE,Towers with Radar,31,20,20,17,88,0,0,19,0,19,31,20,39,17,107,18,0,18,125
02/08/2004,LAN,MI,AGL,CE,Towers with Radar,32,10,32,2,76,0,0,48,0,48,32,10,80,2,124,22,0,22,146
02/09/2004,LAN,MI,AGL,CE,Towers with Radar,36,37,24,2,99,0,0,4,0,4,36,37,28,2,103,2,0,2,105
02/10/2004,LAN,MI,AGL,CE,Towers with Radar,40,62,26,6,134,0,0,6,0,6,40,62,32,6,140,6,0,6,146
02/11/2004,LAN,MI,AGL,CE,Towers with Radar,46,66,70,4,186,0,0,60,0,60,46,66,130,4,246,146,16,162,408
02/12/2004,LAN,MI,AGL,CE,Towers with Radar,40,46,62,4,152,0,0,32,0,32,40,46,94,4,184,60,6,66,250
02/13/2004,LAN,MI,AGL,CE,Towers with Radar,23,59,32,5,119,0,2,31,0,33,23,61,63,5,152,74,8,82,234
02/14/2004,LAN,MI,AGL,CE,Towers with Radar,28,27,44,0,99,0,0,23,0,23,28,27,67,0,122,97,8,105,227
02/15/2004,LAN,MI,AGL,CE,Towers with Radar,37,10,42,0,89,0,2,32,0,34,37,12,74,0,123,48,0,48,171
02/16/2004,LAN,MI,AGL,CE,Towers with Radar,32,21,37,0,90,0,0,83,0,83,32,21,120,0,173,150,0,150,323
02/17/2004,LAN,MI,AGL,CE,Towers with Radar,50,56,36,10,152,0,0,90,0,90,50,56,126,10,242,120,6,126,368
02/18/2004,LAN,MI,AGL,CE,Towers with Radar,49,67,74,0,190,0,0,42,0,42,49,67,116,0,232,98,0,98,330
02/19/2004,LAN,MI,AGL,CE,Towers with Radar,40,62,92,5,199,0,0,54,4,58,40,62,146,9,257,134,6,140,397
02/20/2004,LAN,MI,AGL,CE,Towers with Radar,22,62,33,4,121,0,0,10,0,10,22,62,43,4,131,28,0,28,159
02/21/2004,LAN,MI,AGL,CE,Towers with Radar,29,19,16,0,64,0,1,6,0,7,29,20,22,0,71,4,0,4,75
02/22/2004,LAN,MI,AGL,CE,Towers with Radar,32,12,40,4,88,0,0,68,0,68,32,12,108,4,156,134,4,138,294
02/23/2004,LAN,MI,AGL,CE,Towers with Radar,31,38,37,8,114,0,0,19,0,19,31,38,56,8,133,70,0,70,203
02/24/2004,LAN,MI,AGL,CE,Towers with Radar,32,52,44,11,139,0,0,35,0,35,32,52,79,11,174,58,24,82,256
02/25/2004,LAN,MI,AGL,CE,Towers with Radar,35,54,73,0,162,0,2,78,14,94,35,56,151,14,256,44,8,52,308
02/26/2004,LAN,MI,AGL,CE,Towers with Radar,30,46,54,4,134,0,0,54,0,54,30,46,108,4,188,64,6,70,258
02/27/2004,LAN,MI,AGL,CE,Towers with Radar,37,49,44,6,136,0,3,101,0,104,37,52,145,6,240,150,6,156,396
02/28/2004,LAN,MI,AGL,CE,Towers with Radar,43,29,56,2,130,0,2,98,0,100,43,31,154,2,230,120,0,120,350
02/29/2004,LAN,MI,AGL,CE,Towers with Radar,34,14,41,0,89,0,0,74,0,74,34,14,115,0,163,80,0,80,243
03/01/2004,LAN,MI,AGL,CE,Towers with Radar,35,31,28,1,95,0,0,5,0,5,35,31,33,1,100,20,0,20,120
03/02/2004,LAN,MI,AGL,CE,Towers with Radar,44,45,36,2,127,0,0,20,0,20,44,45,56,2,147,44,0,44,191
03/03/2004,LAN,MI,AGL,CE,Towers with Radar,46,60,56,4,166,0,0,36,0,36,46,60,92,4,202,124,26,150,352
03/04/2004,LAN,MI,AGL,CE,Towers with Radar,30,49,32,0,111,0,0,4,0,4,30,49,36,0,115,36,2,38,153
03/05/2004,LAN,MI,AGL,CE,Towers with Radar,23,52,19,0,94,0,0,3,0,3,23,52,22,0,97,2,0,2,99
03/06/2004,LAN,MI,AGL,CE,Towers with Radar,31,31,25,3,90,0,0,35,0,35,31,31,60,3,125,10,2,12,137
03/07/2004,LAN,MI,AGL,CE,Towers with Radar,28,18,6,10,62,0,0,0,2,2,28,18,6,12,64,12,16,28,92
03/08/2004,LAN,MI,AGL,CE,Towers with Radar,40,102,49,8,199,0,0,20,4,24,40,102,69,12,223,54,6,60,283
03/09/2004,LAN,MI,AGL,CE,Towers with Radar,38,42,52,0,132,0,0,37,0,37,38,42,89,0,169,98,14,112,281
03/10/2004,LAN,MI,AGL,CE,Towers with Radar,21,79,52,6,158,0,2,84,0,86,21,81,136,6,244,128,16,144,388
03/11/2004,LAN,MI,AGL,CE,Towers with Radar,36,51,37,0,124,0,0,7,0,7,36,51,44,0,131,6,0,6,137
03/12/2004,LAN,MI,AGL,CE,Towers with Radar,25,71,25,3,124,0,0,7,0,7,25,71,32,3,131,22,0,22,153
03/13/2004,LAN,MI,AGL,CE,Towers with Radar,31,29,31,2,93,0,0,62,0,62,31,29,93,2,155,66,0,66,221
03/14/2004,LAN,MI,AGL,CE,Towers with Radar,21,37,7,2,67,0,0,2,0,2,21,37,9,2,69,0,0,0,69
03/15/2004,LAN,MI,AGL,CE,Towers with Radar,38,48,72,12,170,0,0,108,0,108,38,48,180,12,278,112,10,122,400
03/16/2004,LAN,MI,AGL,CE,Towers with Radar,48,67,24,0,139,0,0,14,0,14,48,67,38,0,153,110,8,118,271
03/17/2004,LAN,MI,AGL,CE,Towers with Radar,30,63,44,2,139,0,0,31,0,31,30,63,75,2,170,176,16,192,362
03/18/2004,LAN,MI,AGL,CE,Towers with Radar,28,52,31,2,113,0,0,11,0,11,28,52,42,2,124,50,0,50,174
03/19/2004,LAN,MI,AGL,CE,Towers with Radar,35,54,45,8,142,0,0,27,10,37,35,54,72,18,179,76,4,80,259
03/20/2004,LAN,MI,AGL,CE,Towers with Radar,23,28,16,6,73,0,0,18,4,22,23,28,34,10,95,94,12,106,201
03/21/2004,LAN,MI,AGL,CE,Towers with Radar,38,16,26,8,88,0,0,41,6,47,38,16,67,14,135,20,0,20,155
03/22/2004,LAN,MI,AGL,CE,Towers with Radar,36,30,38,4,108,0,0,130,1,131,36,30,168,5,239,238,0,238,477
03/23/2004,LAN,MI,AGL,CE,Towers with Radar,39,59,46,2,146,0,2,77,0,79,39,61,123,2,225,212,8,220,445
03/24/2004,LAN,MI,AGL,CE,Towers with Radar,29,57,82,2,170,38,8,0,0,46,67,65,82,2,216,34,0,34,250
03/25/2004,LAN,MI,AGL,CE,Towers with Radar,14,41,52,0,107,0,0,60,0,60,14,41,112,0,167,182,0,182,349
03/26/2004,LAN,MI,AGL,CE,Towers with Radar,24,51,47,0,122,0,0,0,0,0,24,51,47,0,122,0,0,0,122
03/27/2004,LAN,MI,AGL,CE,Towers with Radar,33,24,43,0,100,0,2,17,0,19,33,26,60,0,119,26,0,26,145
03/28/2004,LAN,MI,AGL,CE,Towers with Radar,31,18,28,0,77,0,0,9,0,9,31,18,37,0,86,2,0,2,88
03/29/2004,LAN,MI,AGL,CE,Towers with Radar,27,26,59,2,114,0,0,158,0,158,27,26,217,2,272,198,6,204,476
03/30/2004,LAN,MI,AGL,CE,Towers with Radar,26,38,50,2,116,0,0,53,1,54,26,38,103,3,170,150,14,164,334
03/31/2004,LAN,MI,AGL,CE,Towers with Radar,73,85,83,6,247,0,0,66,0,66,73,85,149,6,313,110,12,122,435
04/01/2004,LAN,MI,AGL,CE,Towers with Radar,21,55,57,4,137,0,4,56,0,60,21,59,113,4,197,148,8,156,353
04/02/2004,LAN,MI,AGL,CE,Towers with Radar,54,71,63,5,193,0,0,88,14,102,54,71,151,19,295,128,14,142,437
04/03/2004,LAN,MI,AGL,CE,Towers with Radar,30,30,23,4,87,0,0,57,4,61,30,30,80,8,148,92,4,96,244
04/04/2004,LAN,MI,AGL,CE,Towers with Radar,31,11,4,2,48,0,0,24,0,24,31,11,28,2,72,54,0,54,126
04/05/2004,LAN,MI,AGL,CE,Towers with Radar,50,68,80,8,206,0,4,154,12,170,50,72,234,20,376,236,10,246,622
04/06/2004,LAN,MI,AGL,CE,Towers with Radar,39,53,74,0,166,0,0,54,0,54,39,53,128,0,220,150,10,160,380
04/07/2004,LAN,MI,AGL,CE,Towers with Radar,34,50,70,10,164,0,0,96,0,96,34,50,166,10,260,140,20,160,420
04/08/2004,LAN,MI,AGL,CE,Towers with Radar,38,46,64,2,150,0,0,35,2,37,38,46,99,4,187,122,14,136,323
04/09/2004,LAN,MI,AGL,CE,Towers with Radar,36,43,78,5,162,0,2,101,0,103,36,45,179,5,265,162,8,170,435
04/10/2004,LAN,MI,AGL,CE,Towers with Radar,41,33,84,0,158,0,0,69,0,69,41,33,153,0,227,108,0,108,335
04/11/2004,LAN,MI,AGL,CE,Towers with Radar,32,14,4,0,50,0,0,2,0,2,32,14,6,0,52,2,0,2,54
04/12/2004,LAN,MI,AGL,CE,Towers with Radar,54,65,76,4,199,0,3,104,6,113,54,68,180,10,312,166,20,186,498
04/13/2004,LAN,MI,AGL,CE,Towers with Radar,36,72,69,0,177,0,0,36,0,36,36,72,105,0,213,92,16,108,321
04/14/2004,LAN,MI,AGL,CE,Towers with Radar,36,47,56,1,140,0,0,104,2,106,36,47,160,3,246,136,16,152,398
04/15/2004,LAN,MI,AGL,CE,Towers with Radar,34,62,31,1,128,0,4,94,5,103,34,66,125,6,231,96,10,106,337
04/16/2004,LAN,MI,AGL,CE,Towers with Radar,35,47,32,5,119,0,0,89,3,92,35,47,121,8,211,58,4,62,273
04/17/2004,LAN,MI,AGL,CE,Towers with Radar,30,22,20,6,78,0,0,24,0,24,30,22,44,6,102,30,2,32,134
04/18/2004,LAN,MI,AGL,CE,Towers with Radar,34,16,20,2,72,0,2,34,0,36,34,18,54,2,108,20,0,20,128
04/19/2004,LAN,MI,AGL,CE,Towers with Radar,19,47,25,2,93,0,0,11,0,11,19,47,36,2,104,7,0,7,111
04/20/2004,LAN,MI,AGL,CE,Towers with Radar,40,60,48,16,164,0,0,70,0,70,40,60,118,16,234,164,16,180,414
04/21/2004,LAN,MI,AGL,CE,Towers with Radar,40,52,56,8,156,0,0,24,4,28,40,52,80,12,184,36,4,40,224
04/22/2004,LAN,MI,AGL,CE,Towers with Radar,39,51,40,2,132,0,4,93,0,97,39,55,133,2,229,124,14,138,367
04/23/2004,LAN,MI,AGL,CE,Towers with Radar,35,52,60,8,155,0,0,89,0,89,35,52,149,8,244,138,6,144,388
04/24/2004,LAN,MI,AGL,CE,Towers with Radar,31,26,48,0,105,0,0,95,0,95,31,26,143,0,200,94,0,94,294
04/25/2004,LAN,MI,AGL,CE,Towers with Radar,30,15,16,1,62,0,0,3,0,3,30,15,19,1,65,4,0,4,69
04/26/2004,LAN,MI,AGL,CE,Towers with Radar,35,46,29,0,110,0,2,43,0,45,35,48,72,0,155,89,4,93,248
04/27/2004,LAN,MI,AGL,CE,Towers with Radar,38,48,31,4,121,0,12,59,2,73,38,60,90,6,194,134,14,148,342
04/28/2004,LAN,MI,AGL,CE,Towers with Radar,45,42,62,11,160,0,0,52,7,59,45,42,114,18,219,60,4,64,283
04/29/2004,LAN,MI,AGL,CE,Towers with Radar,32,71,42,0,145,0,16,20,0,36,32,87,62,0,181,26,8,34,215
04/30/2004,LAN,MI,AGL,CE,Towers with Radar,31,59,35,2,127,0,8,61,1,70,31,67,96,3,197,141,2,143,340
05/01/2004,LAN,MI,AGL,CE,Towers with Radar,28,31,22,1,82,0,0,0,0,0,28,31,22,1,82,0,0,0,82
05/02/2004,LAN,MI,AGL,CE,Towers with Radar,35,20,29,2,86,0,0,10,0,10,35,20,39,2,96,96,0,96,192
05/03/2004,LAN,MI,AGL,CE,Towers with Radar,33,36,58,2,129,0,0,59,3,62,33,36,117,5,191,80,4,84,275
05/04/2004,LAN,MI,AGL,CE,Towers with Radar,32,48,58,10,148,0,0,32,0,32,32,48,90,10,180,102,28,130,310
05/05/2004,LAN,MI,AGL,CE,Towers with Radar,46,82,102,10,240,0,0,152,0,152,46,82,254,10,392,156,32,188,580
05/06/2004,LAN,MI,AGL,CE,Towers with Radar,23,72,51,5,151,0,3,63,2,68,23,75,114,7,219,82,0,82,301
05/07/2004,LAN,MI,AGL,CE,Towers with Radar,20,65,48,2,135,0,2,58,0,60,20,67,106,2,195,42,8,50,245
05/08/2004,LAN,MI,AGL,CE,Towers with Radar,28,28,18,0,74,0,0,21,0,21,28,28,39,0,95,50,0,50,145
05/09/2004,LAN,MI,AGL,CE,Towers with Radar,29,26,28,2,85,0,0,15,0,15,29,26,43,2,100,42,0,42,142
05/10/2004,LAN,MI,AGL,CE,Towers with Radar,26,38,35,1,100,0,0,15,0,15,26,38,50,1,115,14,0,14,129
05/11/2004,LAN,MI,AGL,CE,Towers with Radar,40,63,72,14,189,0,0,40,0,40,40,63,112,14,229,94,12,106,335
05/12/2004,LAN,MI,AGL,CE,Towers with Radar,27,52,51,3,133,0,18,35,0,53,27,70,86,3,186,54,2,56,242
05/13/2004,LAN,MI,AGL,CE,Towers with Radar,37,52,26,2,117,0,4,24,2,30,37,56,50,4,147,54,0,54,201
05/14/2004,LAN,MI,AGL,CE,Towers with Radar,18,65,18,4,105,0,0,0,0,0,18,65,18,4,105,0,0,0,105
05/15/2004,LAN,MI,AGL,CE,Towers with Radar,32,26,29,3,90,0,0,17,1,18,32,26,46,4,108,32,0,32,140
05/16/2004,LAN,MI,AGL,CE,Towers with Radar,39,17,32,4,92,0,0,131,0,131,39,17,163,4,223,108,14,122,345
05/17/2004,LAN,MI,AGL,CE,Towers with Radar,42,46,33,1,122,0,3,32,0,35,42,49,65,1,157,60,0,60,217
05/18/2004,LAN,MI,AGL,CE,Towers with Radar,32,44,48,0,124,0,0,34,0,34,32,44,82,0,158,108,16,124,282
05/19/2004,LAN,MI,AGL,CE,Towers with Radar,42,60,66,4,172,0,1,99,4,104,42,61,165,8,276,120,10,130,406
05/20/2004,LAN,MI,AGL,CE,Towers with Radar,49,82,58,4,193,0,0,6,0,6,49,82,64,4,199,58,4,62,261
05/21/2004,LAN,MI,AGL,CE,Towers with Radar,30,26,9,1,66,0,0,26,0,26,30,26,35,1,92,6,0,6,98
05/22/2004,LAN,MI,AGL,CE,Towers with Radar,27,44,37,0,108,0,0,14,0,14,27,44,51,0,122,92,0,92,214
05/23/2004,LAN,MI,AGL,CE,Towers with Radar,17,33,2,0,52,0,0,0,0,0,17,33,2,0,52,0,0,0,52
05/24/2004,LAN,MI,AGL,CE,Towers with Radar,36,45,51,1,133,0,0,5,0,5,36,45,56,1,138,10,0,10,148
05/25/2004,LAN,MI,AGL,CE,Towers with Radar,40,51,44,0,135,0,0,9,0,9,40,51,53,0,144,58,0,58,202
05/26/2004,LAN,MI,AGL,CE,Towers with Radar,35,33,85,2,155,0,0,92,4,96,35,33,177,6,251,88,2,90,341
05/27/2004,LAN,MI,AGL,CE,Towers with Radar,53,43,62,9,167,0,0,46,0,46,53,43,108,9,213,118,10,128,341
05/28/2004,LAN,MI,AGL,CE,Towers with Radar,19,64,66,6,155,0,0,56,2,58,19,64,122,8,213,118,14,132,345
05/29/2004,LAN,MI,AGL,CE,Towers with Radar,31,25,51,0,107,0,0,49,0,49,31,25,100,0,156,66,0,66,222
05/30/2004,LAN,MI,AGL,CE,Towers with Radar,34,10,16,0,60,0,0,17,0,17,34,10,33,0,77,24,0,24,101
05/31/2004,LAN,MI,AGL,CE,Towers with Radar,29,14,9,0,52,0,0,2,0,2,29,14,11,0,54,0,0,0,54
06/01/2004,LAN,MI,AGL,CE,Towers with Radar,41,44,42,2,129,0,4,32,10,46,41,48,74,12,175,96,92,188,363
06/02/2004,LAN,MI,AGL,CE,Towers with Radar,38,44,60,8,150,0,0,32,6,38,38,44,92,14,188,124,20,144,332
06/03/2004,LAN,MI,AGL,CE,Towers with Radar,40,48,70,6,164,0,2,102,6,110,40,50,172,12,274,174,16,190,464
06/04/2004,LAN,MI,AGL,CE,Towers with Radar,48,33,62,7,150,0,0,62,2,64,48,33,124,9,214,152,14,166,380
06/05/2004,LAN,MI,AGL,CE,Towers with Radar,37,29,53,2,121,0,0,89,1,90,37,29,142,3,211,86,2,88,299
06/06/2004,LAN,MI,AGL,CE,Towers with Radar,33,17,25,3,78,0,0,47,3,50,33,17,72,6,128,70,0,70,198
06/07/2004,LAN,MI,AGL,CE,Towers with Radar,38,34,61,0,133,0,0,29,0,29,38,34,90,0,162,82,0,82,244
06/08/2004,LAN,MI,AGL,CE,Towers with Radar,38,52,66,2,158,0,2,62,2,66,38,54,128,4,224,132,12,144,368
06/09/2004,LAN,MI,AGL,CE,Towers with Radar,29,30,30,10,99,0,0,25,0,25,29,30,55,10,124,100,10,110,234
06/10/2004,LAN,MI,AGL,CE,Towers with Radar,46,37,58,17,158,1,1,13,6,21,47,38,71,23,179,0,0,0,179
06/11/2004,LAN,MI,AGL,CE,Towers with Radar,47,32,53,0,132,0,0,19,3,22,47,32,72,3,154,28,0,28,182
06/12/2004,LAN,MI,AGL,CE,Towers with Radar,31,24,27,0,82,0,0,27,0,27,31,24,54,0,109,42,8,50,159
06/13/2004,LAN,MI,AGL,CE,Towers with Radar,16,22,20,0,58,0,0,12,0,12,16,22,32,0,70,46,0,46,116
06/14/2004,LAN,MI,AGL,CE,Towers with Radar,36,46,28,0,110,0,3,50,0,53,36,49,78,0,163,70,0,70,233
06/15/2004,LAN,MI,AGL,CE,Towers with Radar,39,45,52,3,139,0,0,76,0,76,39,45,128,3,215,140,4,144,359
06/16/2004,LAN,MI,AGL,CE,Towers with Radar,29,37,24,0,90,0,0,42,8,50,29,37,66,8,140,80,26,106,246
06/17/2004,LAN,MI,AGL,CE,Towers with Radar,50,66,28,4,148,0,0,32,4,36,50,66,60,8,184,60,4,64,248
06/18/2004,LAN,MI,AGL,CE,Towers with Radar,32,28,43,4,107,0,0,63,0,63,32,28,106,4,170,152,0,152,322
06/19/2004,LAN,MI,AGL,CE,Towers with Radar,49,31,15,2,97,0,0,78,0,78,49,31,93,2,175,96,4,100,275
06/20/2004,LAN,MI,AGL,CE,Towers with Radar,16,23,20,0,59,0,0,64,0,64,16,23,84,0,123,84,0,84,207
06/21/2004,LAN,MI,AGL,CE,Towers with Radar,31,42,57,2,132,0,0,46,0,46,31,42,103,2,178,92,0,92,270
06/22/2004,LAN,MI,AGL,CE,Towers with Radar,42,50,35,5,132,0,2,67,6,75,42,52,102,11,207,150,12,162,369
06/23/2004,LAN,MI,AGL,CE,Towers with Radar,43,35,42,4,124,0,0,80,0,80,43,35,122,4,204,94,8,102,306
06/24/2004,LAN,MI,AGL,CE,Towers with Radar,48,61,81,2,192,0,0,43,0,43,48,61,124,2,235,88,22,110,345
06/25/2004,LAN,MI,AGL,CE,Towers with Radar,18,63,67,3,151,0,0,116,0,116,18,63,183,3,267,130,6,136,403
06/26/2004,LAN,MI,AGL,CE,Towers with Radar,40,23,18,0,81,0,0,60,0,60,40,23,78,0,141,26,0,26,167
06/27/2004,LAN,MI,AGL,CE,Towers with Radar,16,27,14,0,57,0,0,41,0,41,16,27,55,0,98,50,0,50,148
06/28/2004,LAN,MI,AGL,CE,Towers with Radar,40,38,64,4,146,0,0,46,0,46,40,38,110,4,192,42,2,44,236
06/29/2004,LAN,MI,AGL,CE,Towers with Radar,32,48,25,4,109,0,0,66,0,66,32,48,91,4,175,156,14,170,345
06/30/2004,LAN,MI,AGL,CE,Towers with Radar,39,28,59,3,129,0,0,76,0,76,39,28,135,3,205,198,0,198,403
07/01/2004,LAN,MI,AGL,CE,Towers with Radar,39,61,44,1,145,0,1,82,6,89,39,62,126,7,234,114,6,120,354
07/02/2004,LAN,MI,AGL,CE,Towers with Radar,23,55,32,0,110,0,2,87,0,89,23,57,119,0,199,86,16,102,301
07/03/2004,LAN,MI,AGL,CE,Towers with Radar,27,24,15,0,66,0,0,28,0,28,27,24,43,0,94,24,0,24,118
07/04/2004,LAN,MI,AGL,CE,Towers with Radar,32,11,11,0,54,0,0,2,0,2,32,11,13,0,56,4,0,4,60
07/05/2004,LAN,MI,AGL,CE,Towers with Radar,30,15,32,0,77,0,0,16,0,16,30,15,48,0,93,44,0,44,137
07/06/2004,LAN,MI,AGL,CE,Towers with Radar,25,75,25,4,129,0,0,34,0,34,25,75,59,4,163,58,12,70,233
07/07/2004,LAN,MI,AGL,CE,Towers with Radar,31,40,57,4,132,5,17,35,0,57,36,57,92,4,189,162,16,178,367
07/08/2004,LAN,MI,AGL,CE,Towers with Radar,27,54,50,4,135,0,0,35,0,35,27,54,85,4,170,96,0,96,266
07/09/2004,LAN,MI,AGL,CE,Towers with Radar,30,40,78,8,156,0,0,114,0,114,30,40,192,8,270,198,0,198,468
07/10/2004,LAN,MI,AGL,CE,Towers with Radar,34,27,21,6,88,0,0,58,4,62,34,27,79,10,150,118,20,138,288
07/11/2004,LAN,MI,AGL,CE,Towers with Radar,44,15,47,13,119,0,0,51,6,57,44,15,98,19,176,157,16,173,349
07/12/2004,LAN,MI,AGL,CE,Towers with Radar,35,38,42,6,121,0,0,37,0,37,35,38,79,6,158,86,0,86,244
07/13/2004,LAN,MI,AGL,CE,Towers with Radar,38,42,48,4,132,0,6,42,6,54,38,48,90,10,186,194,12,206,392
07/14/2004,LAN,MI,AGL,CE,Towers with Radar,32,56,60,2,150,0,4,40,6,50,32,60,100,8,200,184,16,200,400
07/15/2004,LAN,MI,AGL,CE,Towers with Radar,39,44,60,8,151,0,0,74,6,80,39,44,134,14,231,152,16,168,399
07/16/2004,LAN,MI,AGL,CE,Towers with Radar,20,55,20,6,101,0,0,20,0,20,20,55,40,6,121,70,6,76,197
07/17/2004,LAN,MI,AGL,CE,Towers with Radar,56,32,26,10,124,0,0,22,4,26,56,32,48,14,150,72,22,94,244
07/18/2004,LAN,MI,AGL,CE,Towers with Radar,16,51,40,2,109,0,0,32,0,32,16,51,72,2,141,72,12,84,225
07/19/2004,LAN,MI,AGL,CE,Towers with Radar,44,49,60,0,153,0,0,89,0,89,44,49,149,0,242,176,12,188,430
07/20/2004,LAN,MI,AGL,CE,Towers with Radar,0,50,35,2,87,58,3,51,2,114,58,53,86,4,201,180,0,180,381
07/21/2004,LAN,MI,AGL,CE,Towers with Radar,54,64,36,3,157,0,0,42,0,42,54,64,78,3,199,114,12,126,325
07/22/2004,LAN,MI,AGL,CE,Towers with Radar,19,79,61,3,162,0,0,43,2,45,19,79,104,5,207,122,4,126,333
07/23/2004,LAN,MI,AGL,CE,Towers with Radar,56,41,36,13,146,0,0,95,4,99,56,41,131,17,245,138,4,142,387
07/24/2004,LAN,MI,AGL,CE,Towers with Radar,54,25,28,0,107,0,0,98,0,98,54,25,126,0,205,76,0,76,281
07/25/2004,LAN,MI,AGL,CE,Towers with Radar,52,15,27,2,96,0,0,84,0,84,52,15,111,2,180,96,0,96,276
07/26/2004,LAN,MI,AGL,CE,Towers with Radar,60,38,44,2,144,0,1,59,0,60,60,39,103,2,204,156,0,156,360
07/27/2004,LAN,MI,AGL,CE,Towers with Radar,57,52,85,7,201,0,1,39,0,40,57,53,124,7,241,64,0,64,305
07/28/2004,LAN,MI,AGL,CE,Towers with Radar,66,46,92,2,206,0,0,82,0,82,66,46,174,2,288,194,22,216,504
07/29/2004,LAN,MI,AGL,CE,Towers with Radar,54,60,70,4,188,0,0,66,0,66,54,60,136,4,254,146,14,160,414
07/30/2004,LAN,MI,AGL,CE,Towers with Radar,16,91,48,0,155,0,0,28,0,28,16,91,76,0,183,144,18,162,345
07/31/2004,LAN,MI,AGL,CE,Towers with Radar,61,37,21,0,119,0,0,28,0,28,61,37,49,0,147,70,0,70,217
08/01/2004,LAN,MI,AGL,CE,Towers with Radar,17,54,18,0,89,0,0,101,0,101,17,54,119,0,190,109,20,129,319
08/02/2004,LAN,MI,AGL,CE,Towers with Radar,54,44,50,2,150,0,4,73,0,77,54,48,123,2,227,132,0,132,359
08/03/2004,LAN,MI,AGL,CE,Towers with Radar,47,56,79,5,187,0,0,79,0,79,47,56,158,5,266,176,24,200,466
08/04/2004,LAN,MI,AGL,CE,Towers with Radar,67,46,93,4,210,0,0,60,0,60,67,46,153,4,270,162,18,180,450
08/05/2004,LAN,MI,AGL,CE,Towers with Radar,62,56,65,2,185,0,0,74,0,74,62,56,139,2,259,182,4,186,445
08/06/2004,LAN,MI,AGL,CE,Towers with Radar,22,81,37,8,148,0,2,87,0,89,22,83,124,8,237,88,14,102,339
08/07/2004,LAN,MI,AGL,CE,Towers with Radar,52,27,12,2,93,0,0,74,1,75,52,27,86,3,168,44,2,46,214
08/08/2004,LAN,MI,AGL,CE,Towers with Radar,23,68,44,3,138,0,0,66,0,66,23,68,110,3,204,94,0,94,298
08/09/2004,LAN,MI,AGL,CE,Towers with Radar,53,31,71,2,157,0,0,47,0,47,53,31,118,2,204,106,26,132,336
08/10/2004,LAN,MI,AGL,CE,Towers with Radar,74,67,57,6,204,0,1,57,1,59,74,68,114,7,263,50,4,54,317
08/11/2004,LAN,MI,AGL,CE,Towers with Radar,65,30,72,2,169,0,0,40,0,40,65,30,112,2,209,58,10,68,277
08/12/2004,LAN,MI,AGL,CE,Towers with Radar,67,49,66,2,184,0,0,50,1,51,67,49,116,3,235,72,4,76,311
08/13/2004,LAN,MI,AGL,CE,Towers with Radar,60,45,49,5,159,0,0,34,0,34,60,45,83,5,193,86,18,104,297
08/14/2004,LAN,MI,AGL,CE,Towers with Radar,52,21,26,4,103,0,0,43,0,43,52,21,69,4,146,10,0,10,156
08/15/2004,LAN,MI,AGL,CE,Towers with Radar,18,57,48,0,123,0,0,62,0,62,18,57,110,0,185,72,12,84,269
08/16/2004,LAN,MI,AGL,CE,Towers with Radar,61,38,81,0,180,0,0,54,0,54,61,38,135,0,234,76,10,86,320
08/17/2004,LAN,MI,AGL,CE,Towers with Radar,36,46,42,1,125,0,0,23,0,23,36,46,65,1,148,88,0,88,236
08/18/2004,LAN,MI,AGL,CE,Towers with Radar,83,96,85,4,268,0,0,37,0,37,83,96,122,4,305,128,16,144,449
08/19/2004,LAN,MI,AGL,CE,Towers with Radar,62,54,85,9,210,0,0,67,5,72,62,54,152,14,282,100,16,116,398
08/20/2004,LAN,MI,AGL,CE,Towers with Radar,52,53,52,2,159,0,0,38,0,38,52,53,90,2,197,96,12,108,305
08/21/2004,LAN,MI,AGL,CE,Towers with Radar,61,26,18,0,105,0,0,61,0,61,61,26,79,0,166,30,0,30,196
08/22/2004,LAN,MI,AGL,CE,Towers with Radar,16,49,8,1,74,0,0,61,0,61,16,49,69,1,135,20,0,20,155
08/23/2004,LAN,MI,AGL,CE,Towers with Radar,53,48,42,2,145,0,0,34,0,34,53,48,76,2,179,44,0,44,223
08/24/2004,LAN,MI,AGL,CE,Towers with Radar,42,69,44,1,156,0,0,38,0,38,42,69,82,1,194,40,2,42,236
08/25/2004,LAN,MI,AGL,CE,Towers with Radar,72,63,64,14,213,0,0,59,4,63,72,63,123,18,276,122,36,158,434
08/26/2004,LAN,MI,AGL,CE,Towers with Radar,62,45,84,1,192,0,0,44,1,45,62,45,128,2,237,82,14,96,333
08/27/2004,LAN,MI,AGL,CE,Towers with Radar,53,54,41,1,149,0,0,48,0,48,53,54,89,1,197,112,8,120,317
08/28/2004,LAN,MI,AGL,CE,Towers with Radar,54,31,13,0,98,0,0,0,0,0,54,31,13,0,98,4,0,4,102
08/29/2004,LAN,MI,AGL,CE,Towers with Radar,39,44,38,0,121,0,0,8,0,8,39,44,46,0,129,2,0,2,131
08/30/2004,LAN,MI,AGL,CE,Towers with Radar,19,71,41,6,137,0,0,59,0,59,19,71,100,6,196,74,0,74,270
08/31/2004,LAN,MI,AGL,CE,Towers with Radar,56,40,80,2,178,0,0,106,0,106,56,40,186,2,284,88,0,88,372
09/01/2004,LAN,MI,AGL,CE,Towers with Radar,41,63,62,2,168,0,3,127,6,136,41,66,189,8,304,110,0,110,414
09/02/2004,LAN,MI,AGL,CE,Towers with Radar,64,55,54,3,176,0,6,109,2,117,64,61,163,5,293,120,0,120,413
09/03/2004,LAN,MI,AGL,CE,Towers with Radar,42,57,32,0,131,0,1,60,0,61,42,58,92,0,192,94,0,94,286
09/04/2004,LAN,MI,AGL,CE,Towers with Radar,50,28,50,0,128,0,0,12,0,12,50,28,62,0,140,120,0,120,260
09/05/2004,LAN,MI,AGL,CE,Towers with Radar,31,32,9,0,72,0,0,6,0,6,31,32,15,0,78,2,0,2,80
09/06/2004,LAN,MI,AGL,CE,Towers with Radar,18,54,13,0,85,0,0,11,0,11,18,54,24,0,96,0,0,0,96
09/07/2004,LAN,MI,AGL,CE,Towers with Radar,63,74,64,0,201,0,0,52,6,58,63,74,116,6,259,112,14,126,385
09/08/2004,LAN,MI,AGL,CE,Towers with Radar,52,64,41,19,176,0,1,45,4,50,52,65,86,23,226,118,24,142,368
09/09/2004,LAN,MI,AGL,CE,Towers with Radar,61,45,74,0,180,0,0,82,0,82,61,45,156,0,262,124,6,130,392
09/10/2004,LAN,MI,AGL,CE,Towers with Radar,22,89,50,1,162,0,0,115,0,115,22,89,165,1,277,102,0,102,379
09/11/2004,LAN,MI,AGL,CE,Towers with Radar,48,25,16,2,91,0,0,62,0,62,48,25,78,2,153,92,0,92,245
09/12/2004,LAN,MI,AGL,CE,Towers with Radar,25,61,26,1,113,0,0,57,0,57,25,61,83,1,170,68,0,68,238
09/13/2004,LAN,MI,AGL,CE,Towers with Radar,19,78,24,6,127,0,0,53,0,53,19,78,77,6,180,74,0,74,254
09/14/2004,LAN,MI,AGL,CE,Towers with Radar,62,43,35,6,146,0,0,66,0,66,62,43,101,6,212,82,12,94,306
09/15/2004,LAN,MI,AGL,CE,Towers with Radar,53,63,40,0,156,0,0,75,4,79,53,63,115,4,235,92,7,99,334
09/16/2004,LAN,MI,AGL,CE,Towers with Radar,31,91,37,0,159,0,0,41,0,41,31,91,78,0,200,176,0,176,376
09/17/2004,LAN,MI,AGL,CE,Towers with Radar,17,79,40,3,139,0,0,95,0,95,17,79,135,3,234,66,4,70,304
09/18/2004,LAN,MI,AGL,CE,Towers with Radar,47,29,25,1,102,0,0,58,0,58,47,29,83,1,160,28,0,28,188
09/19/2004,LAN,MI,AGL,CE,Towers with Radar,56,20,26,4,106,0,3,70,0,73,56,23,96,4,179,76,10,86,265
09/20/2004,LAN,MI,AGL,CE,Towers with Radar,19,79,25,2,125,0,0,95,0,95,19,79,120,2,220,74,0,74,294
09/21/2004,LAN,MI,AGL,CE,Towers with Radar,58,51,44,11,164,0,1,68,1,70,58,52,112,12,234,92,16,108,342
09/22/2004,LAN,MI,AGL,CE,Towers with Radar,41,75,47,8,171,0,1,94,0,95,41,76,141,8,266,118,28,146,412
09/23/2004,LAN,MI,AGL,CE,Towers with Radar,57,51,58,5,171,0,2,79,2,83,57,53,137,7,254,130,4,134,388
09/24/2004,LAN,MI,AGL,CE,Towers with Radar,62,50,50,1,163,0,1,53,0,54,62,51,103,1,217,96,14,110,327
09/25/2004,LAN,MI,AGL,CE,Towers with Radar,56,26,29,0,111,0,0,41,0,41,56,26,70,0,152,50,0,50,202
09/26/2004,LAN,MI,AGL,CE,Towers with Radar,57,21,45,1,124,0,0,73,0,73,57,21,118,1,197,128,16,144,341
09/27/2004,LAN,MI,AGL,CE,Towers with Radar,19,73,25,5,122,0,0,81,0,81,19,73,106,5,203,106,4,110,313
09/28/2004,LAN,MI,AGL,CE,Towers with Radar,46,43,54,2,145,0,0,27,0,27,46,43,81,2,172,38,0,38,210
09/29/2004,LAN,MI,AGL,CE,Towers with Radar,43,74,58,0,175,0,0,88,4,92,43,74,146,4,267,146,10,156,423
09/30/2004,LAN,MI,AGL,CE,Towers with Radar,60,55,63,7,185,0,4,98,4,106,60,59,161,11,291,102,4,106,397
10/01/2004,LAN,MI,AGL,CE,Towers with Radar,48,59,58,5,170,0,0,76,0,76,48,59,134,5,246,48,0,48,294
10/02/2004,LAN,MI,AGL,CE,Towers with Radar,58,36,6,0,100,0,0,38,0,38,58,36,44,0,138,22,0,22,160
10/03/2004,LAN,MI,AGL,CE,Towers with Radar,49,20,27,10,106,3,16,41,3,63,52,36,68,13,169,70,14,84,253
10/04/2004,LAN,MI,AGL,CE,Towers with Radar,49,40,33,0,122,0,0,38,0,38,49,40,71,0,160,22,0,22,182
10/05/2004,LAN,MI,AGL,CE,Towers with Radar,63,38,46,0,147,0,0,106,0,106,63,38,152,0,253,174,16,190,443
10/06/2004,LAN,MI,AGL,CE,Towers with Radar,44,62,62,0,168,0,0,76,2,78,44,62,138,2,246,120,16,136,382
10/07/2004,LAN,MI,AGL,CE,Towers with Radar,24,81,55,0,160,0,0,85,0,85,24,81,140,0,245,120,8,128,373
10/08/2004,LAN,MI,AGL,CE,Towers with Radar,36,80,36,0,152,0,2,24,0,26,36,82,60,0,178,24,0,24,202
10/09/2004,LAN,MI,AGL,CE,Towers with Radar,24,66,32,0,122,0,0,57,1,58,24,66,89,1,180,54,0,54,234
10/10/2004,LAN,MI,AGL,CE,Towers with Radar,36,39,49,0,124,0,0,105,0,105,36,39,154,0,229,86,12,98,327
10/11/2004,LAN,MI,AGL,CE,Towers with Radar,17,76,38,0,131,0,0,73,0,73,17,76,111,0,204,144,0,144,348
10/12/2004,LAN,MI,AGL,CE,Towers with Radar,54,57,81,3,195,0,0,65,0,65,54,57,146,3,260,104,8,112,372
10/13/2004,LAN,MI,AGL,CE,Towers with Radar,55,58,40,2,155,0,2,60,2,64,55,60,100,4,219,160,0,160,379
10/14/2004,LAN,MI,AGL,CE,Towers with Radar,52,55,65,2,174,0,0,40,0,40,52,55,105,2,214,118,8,126,340
10/15/2004,LAN,MI,AGL,CE,Towers with Radar,36,78,82,0,196,0,0,0,0,0,36,78,82,0,196,38,0,38,234
10/16/2004,LAN,MI,AGL,CE,Towers with Radar,52,36,16,0,104,0,0,0,0,0,52,36,16,0,104,0,0,0,104
10/17/2004,LAN,MI,AGL,CE,Towers with Radar,42,10,27,0,79,0,0,20,0,20,42,10,47,0,99,66,0,66,165
10/18/2004,LAN,MI,AGL,CE,Towers with Radar,22,73,44,1,140,0,0,60,0,60,22,73,104,1,200,186,0,186,386
10/19/2004,LAN,MI,AGL,CE,Towers with Radar,46,43,37,0,126,0,0,20,0,20,46,43,57,0,146,132,16,148,294
10/20/2004,LAN,MI,AGL,CE,Towers with Radar,60,43,63,3,169,0,0,16,0,16,60,43,79,3,185,80,0,80,265
10/21/2004,LAN,MI,AGL,CE,Towers with Radar,72,47,86,15,220,0,0,61,0,61,72,47,147,15,281,88,14,102,383
10/22/2004,LAN,MI,AGL,CE,Towers with Radar,36,102,48,0,186,0,2,32,2,36,36,104,80,2,222,136,8,144,366
10/23/2004,LAN,MI,AGL,CE,Towers with Radar,49,36,26,0,111,0,0,1,0,1,49,36,27,0,112,0,0,0,112
10/24/2004,LAN,MI,AGL,CE,Towers with Radar,15,49,37,0,101,0,0,24,0,24,15,49,61,0,125,62,0,62,187
10/25/2004,LAN,MI,AGL,CE,Towers with Radar,53,36,53,5,147,0,0,115,0,115,53,36,168,5,262,148,14,162,424
10/26/2004,LAN,MI,AGL,CE,Towers with Radar,47,29,50,0,126,0,0,20,0,20,47,29,70,0,146,76,0,76,222
10/27/2004,LAN,MI,AGL,CE,Towers with Radar,82,51,108,1,242,0,1,12,0,13,82,52,120,1,255,98,0,98,353
10/28/2004,LAN,MI,AGL,CE,Towers with Radar,29,104,53,3,189,0,0,50,10,60,29,104,103,13,249,60,10,70,319
10/29/2004,LAN,MI,AGL,CE,Towers with Radar,30,74,40,5,149,0,0,1,0,1,30,74,41,5,150,0,0,0,150
10/30/2004,LAN,MI,AGL,CE,Towers with Radar,24,70,20,14,128,0,0,10,3,13,24,70,30,17,141,10,0,10,151
10/31/2004,LAN,MI,AGL,CE,Towers with Radar,20,51,43,0,114,0,0,27,0,27,20,51,70,0,141,28,0,28,169
11/01/2004,LAN,MI,AGL,CE,Combined TRACON& Tower with Radar,22,71,30,0,123,0,0,32,0,32,22,71,62,0,155,90,0,90,245
11/02/2004,LAN,MI,AGL,CE,Combined TRACON& Tower with Radar,53,56,31,9,149,0,2,2,0,4,53,58,33,9,153,28,2,30,183
11/03/2004,LAN,MI,AGL,CE,Combined TRACON& Tower with Radar,41,67,59,1,168,0,2,71,1,74,41,69,130,2,242,114,0,114,356
11/04/2004,LAN,MI,AGL,CE,Combined TRACON& Tower with Radar,24,84,27,2,137,0,0,6,0,6,24,84,33,2,143,0,0,0,143
11/05/2004,LAN,MI,AGL,CE,Combined TRACON& Tower with Radar,60,41,38,7,146,0,0,80,4,84,60,41,118,11,230,102,14,116,346
11/06/2004,LAN,MI,AGL,CE,Combined TRACON& Tower with Radar,52,26,47,3,128,0,0,63,1,64,52,26,110,4,192,82,4,86,278
11/07/2004,LAN,MI,AGL,CE,Combined TRACON& Tower with Radar,20,57,37,4,118,0,0,46,1,47,20,57,83,5,165,60,13,73,238
11/08/2004,LAN,MI,AGL,CE,Combined TRACON& Tower with Radar,22,70,31,2,125,0,0,66,0,66,22,70,97,2,191,129,0,129,320
11/09/2004,LAN,MI,AGL,CE,Combined TRACON& Tower with Radar,65,40,44,2,151,0,0,95,0,95,65,40,139,2,246,144,22,166,412
11/10/2004,LAN,MI,AGL,CE,Combined TRACON& Tower with Radar,50,53,54,0,157,0,0,67,4,71,50,53,121,4,228,112,6,118,346
11/11/2004,LAN,MI,AGL,CE,Combined TRACON& Tower with Radar,67,32,64,1,164,0,0,37,2,39,67,32,101,3,203,146,24,170,373
11/12/2004,LAN,MI,AGL,CE,Combined TRACON& Tower with Radar,39,70,34,2,145,0,0,101,2,103,39,70,135,4,248,154,0,154,402
11/13/2004,LAN,MI,AGL,CE,Combined TRACON& Tower with Radar,61,31,53,0,145,0,0,73,0,73,61,31,126,0,218,64,0,64,282
11/14/2004,LAN,MI,AGL,CE,Combined TRACON& Tower with Radar,16,52,28,0,96,0,0,77,0,77,16,52,105,0,173,126,0,126,299
11/15/2004,LAN,MI,AGL,CE,Combined TRACON& Tower with Radar,20,70,23,2,115,0,0,29,0,29,20,70,52,2,144,86,0,86,230
11/16/2004,LAN,MI,AGL,CE,Combined TRACON& Tower with Radar,64,46,51,6,167,0,0,0,0,0,64,46,51,6,167,42,0,42,209
11/17/2004,LAN,MI,AGL,CE,Combined TRACON& Tower with Radar,55,49,49,0,153,0,0,0,0,0,55,49,49,0,153,0,0,0,153
11/18/2004,LAN,MI,AGL,CE,Combined TRACON& Tower with Radar,0,83,59,3,145,0,4,22,0,26,0,87,81,3,171,76,2,78,249
11/19/2004,LAN,MI,AGL,CE,Combined TRACON& Tower with Radar,36,76,61,5,178,0,0,0,0,0,36,76,61,5,178,0,0,0,178
11/20/2004,LAN,MI,AGL,CE,Combined TRACON& Tower with Radar,61,25,41,0,127,0,0,0,0,0,61,25,41,0,127,0,0,0,127
11/21/2004,LAN,MI,AGL,CE,Combined TRACON& Tower with Radar,14,48,50,4,116,0,0,52,0,52,14,48,102,4,168,82,0,82,250
11/22/2004,LAN,MI,AGL,CE,Combined TRACON& Tower with Radar,21,76,34,8,139,0,0,87,0,87,21,76,121,8,226,202,0,202,428
11/23/2004,LAN,MI,AGL,CE,Combined TRACON& Tower with Radar,71,56,29,4,160,0,1,5,0,6,71,57,34,4,166,20,0,20,186
11/24/2004,LAN,MI,AGL,CE,Combined TRACON& Tower with Radar,22,20,9,4,55,0,0,2,0,2,22,20,11,4,57,10,0,10,67
11/25/2004,LAN,MI,AGL,CE,Combined TRACON& Tower with Radar,31,57,20,2,110,0,0,8,0,8,31,57,28,2,118,4,0,4,122
11/26/2004,LAN,MI,AGL,CE,Combined TRACON& Tower with Radar,29,56,4,1,90,0,0,26,0,26,29,56,30,1,116,30,0,30,146
11/27/2004,LAN,MI,AGL,CE,Combined TRACON& Tower with Radar,38,36,6,0,80,0,0,0,0,0,38,36,6,0,80,0,0,0,80
11/28/2004,LAN,MI,AGL,CE,Combined TRACON& Tower with Radar,19,54,11,0,84,0,0,4,0,4,19,54,15,0,88,0,0,0,88
11/29/2004,LAN,MI,AGL,CE,Combined TRACON& Tower with Radar,64,44,21,3,132,0,0,59,0,59,64,44,80,3,191,50,1,51,242
11/30/2004,LAN,MI,AGL,CE,Combined TRACON& Tower with Radar,53,40,25,1,119,0,0,0,0,0,53,40,25,1,119,0,0,0,119
12/01/2004,LAN,MI,AGL,CE,Combined TRACON& Tower with Radar,27,72,34,5,138,0,1,22,0,23,27,73,56,5,161,110,2,112,273
12/02/2004,LAN,MI,AGL,CE,Combined TRACON& Tower with Radar,34,72,64,5,175,0,0,64,0,64,34,72,128,5,239,90,0,90,329
12/03/2004,LAN,MI,AGL,CE,Combined TRACON& Tower with Radar,24,74,61,10,169,0,0,68,2,70,24,74,129,12,239,102,4,106,345
12/04/2004,LAN,MI,AGL,CE,Combined TRACON& Tower with Radar,50,20,20,0,90,0,0,34,0,34,50,20,54,0,124,44,4,48,172
12/05/2004,LAN,MI,AGL,CE,Combined TRACON& Tower with Radar,35,14,28,2,79,0,0,77,2,79,35,14,105,4,158,108,0,108,266
12/06/2004,LAN,MI,AGL,CE,Combined TRACON& Tower with Radar,52,35,18,0,105,0,0,2,0,2,52,35,20,0,107,2,0,2,109
12/07/2004,LAN,MI,AGL,CE,Combined TRACON& Tower with Radar,53,40,18,1,112,0,0,0,0,0,53,40,18,1,112,0,0,0,112
12/08/2004,LAN,MI,AGL,CE,Combined TRACON& Tower with Radar,43,62,71,2,178,0,0,62,0,62,43,62,133,2,240,160,0,160,400
12/09/2004,LAN,MI,AGL,CE,Combined TRACON& Tower with Radar,27,77,48,6,158,0,0,67,0,67,27,77,115,6,225,170,14,184,409
12/10/2004,LAN,MI,AGL,CE,Combined TRACON& Tower with Radar,28,66,36,2,132,0,0,0,0,0,28,66,36,2,132,0,0,0,132
12/11/2004,LAN,MI,AGL,CE,Combined TRACON& Tower with Radar,48,15,11,4,78,0,0,4,1,5,48,15,15,5,83,0,0,0,83
12/12/2004,LAN,MI,AGL,CE,Combined TRACON& Tower with Radar,28,16,10,4,58,0,2,12,3,17,28,18,22,7,75,0,0,0,75
12/13/2004,LAN,MI,AGL,CE,Combined TRACON& Tower with Radar,27,70,18,0,115,0,0,4,0,4,27,70,22,0,119,2,0,2,121
12/14/2004,LAN,MI,AGL,CE,Combined TRACON& Tower with Radar,47,48,65,0,160,0,0,38,0,38,47,48,103,0,198,50,0,50,248
12/15/2004,LAN,MI,AGL,CE,Combined TRACON& Tower with Radar,38,52,54,3,147,0,1,66,31,98,38,53,120,34,245,118,0,118,363
12/16/2004,LAN,MI,AGL,CE,Combined TRACON& Tower with Radar,51,43,30,1,125,0,0,26,0,26,51,43,56,1,151,74,12,86,237
12/17/2004,LAN,MI,AGL,CE,Combined TRACON& Tower with Radar,56,59,50,9,174,0,0,94,0,94,56,59,144,9,268,76,6,82,350
12/18/2004,LAN,MI,AGL,CE,Combined TRACON& Tower with Radar,44,19,29,0,92,0,0,6,0,6,44,19,35,0,98,10,0,10,108
12/19/2004,LAN,MI,AGL,CE,Combined TRACON& Tower with Radar,43,31,22,2,98,0,0,0,0,0,43,31,22,2,98,0,0,0,98
12/20/2004,LAN,MI,AGL,CE,Combined TRACON& Tower with Radar,20,60,25,3,108,0,0,16,0,16,20,60,41,3,124,18,0,18,142
12/21/2004,LAN,MI,AGL,CE,Combined TRACON& Tower with Radar,49,56,45,0,150,0,0,26,0,26,49,56,71,0,176,114,4,118,294
12/22/2004,LAN,MI,AGL,CE,Combined TRACON& Tower with Radar,44,60,38,4,146,0,0,15,0,15,44,60,53,4,161,36,0,36,197
12/23/2004,LAN,MI,AGL,CE,Combined TRACON& Tower with Radar,35,47,15,6,103,0,0,0,0,0,35,47,15,6,103,60,0,60,163
12/24/2004,LAN,MI,AGL,CE,Combined TRACON& Tower with Radar,25,44,21,0,90,0,0,5,0,5,25,44,26,0,95,0,0,0,95
12/25/2004,LAN,MI,AGL,CE,Combined TRACON& Tower with Radar,34,3,4,0,41,0,0,7,0,7,34,3,11,0,48,0,0,0,48
12/26/2004,LAN,MI,AGL,CE,Combined TRACON& Tower with Radar,15,25,12,0,52,0,0,9,0,9,15,25,21,0,61,0,0,0,61
12/27/2004,LAN,MI,AGL,CE,Combined TRACON& Tower with Radar,48,46,13,0,107,0,0,20,0,20,48,46,33,0,127,60,0,60,187
12/28/2004,LAN,MI,AGL,CE,Combined TRACON& Tower with Radar,37,35,24,2,98,0,0,22,0,22,37,35,46,2,120,36,10,46,166
12/29/2004,LAN,MI,AGL,CE,Combined TRACON& Tower with Radar,62,34,11,8,115,0,0,6,2,8,62,34,17,10,123,36,14,50,173
12/30/2004,LAN,MI,AGL,CE,Combined TRACON& Tower with Radar,22,51,29,10,112,0,0,2,0,2,22,51,31,10,114,64,8,72,186
12/31/2004,LAN,MI,AGL,CE,Combined TRACON& Tower with Radar,19,54,16,0,89,0,0,10,0,10,19,54,26,0,99,12,0,12,111
01/01/2005,LAN,MI,AGL,CE,Combined TRACON& Tower with Radar,36,10,26,0,72,0,0,24,0,24,36,10,50,0,96,20,0,20,116
01/02/2005,LAN,MI,AGL,CE,Combined TRACON& Tower with Radar,46,2,14,0,62,0,0,0,0,0,46,2,14,0,62,0,0,0,62
01/03/2005,LAN,MI,AGL,CE,Combined TRACON& Tower with Radar,37,35,23,0,95,0,0,1,0,1,37,35,24,0,96,2,0,2,98
01/04/2005,LAN,MI,AGL,CE,Combined TRACON& Tower with Radar,49,46,16,10,121,0,0,1,0,1,49,46,17,10,122,0,0,0,122
01/05/2005,LAN,MI,AGL,CE,Combined TRACON& Tower with Radar,20,55,0,0,75,0,0,20,0,20,20,55,20,0,95,0,0,0,95
01/06/2005,LAN,MI,AGL,CE,Combined TRACON& Tower with Radar,53,38,9,2,102,0,0,3,0,3,53,38,12,2,105,10,0,10,115
01/07/2005,LAN,MI,AGL,CE,Combined TRACON& Tower with Radar,23,62,44,5,134,0,0,24,2,26,23,62,68,7,160,64,12,76,236
01/08/2005,LAN,MI,AGL,CE,Combined TRACON& Tower with Radar,36,22,14,1,73,0,0,6,0,6,36,22,20,1,79,18,0,18,97
01/09/2005,LAN,MI,AGL,CE,Combined TRACON& Tower with Radar,19,22,12,1,54,0,0,2,0,2,19,22,14,1,56,12,4,16,72
01/10/2005,LAN,MI,AGL,CE,Combined TRACON& Tower with Radar,22,51,27,1,101,0,0,60,0,60,22,51,87,1,161,86,2,88,249
01/11/2005,LAN,MI,AGL,CE,Combined TRACON& Tower with Radar,35,51,18,6,110,0,0,0,0,0,35,51,18,6,110,2,2,4,114
01/12/2005,LAN,MI,AGL,CE,Combined TRACON& Tower with Radar,15,73,24,0,112,0,0,1,0,1,15,73,25,0,113,2,0,2,115
01/13/2005,LAN,MI,AGL,CE,Combined TRACON& Tower with Radar,22,52,32,0,106,0,0,0,0,0,22,52,32,0,106,0,0,0,106
01/14/2005,LAN,MI,AGL,CE,Combined TRACON& Tower with Radar,35,46,36,0,117,0,0,39,0,39,35,46,75,0,156,58,0,58,214
01/15/2005,LAN,MI,AGL,CE,Combined TRACON& Tower with Radar,37,17,63,10,127,0,0,56,4,60,37,17,119,14,187,100,12,112,299
01/16/2005,LAN,MI,AGL,CE,Combined TRACON& Tower with Radar,21,18,25,0,64,0,0,32,0,32,21,18,57,0,96,16,0,16,112
01/17/2005,LAN,MI,AGL,CE,Combined TRACON& Tower with Radar,48,39,28,0,115,0,0,20,0,20,48,39,48,0,135,54,0,54,189
01/18/2005,LAN,MI,AGL,CE,Combined TRACON& Tower with Radar,21,76,33,3,133,0,0,61,0,61,21,76,94,3,194,136,8,144,338
01/19/2005,LAN,MI,AGL,CE,Combined TRACON& Tower with Radar,20,62,39,0,121,0,0,2,0,2,20,62,41,0,123,36,0,36,159
01/20/2005,LAN,MI,AGL,CE,Combined TRACON& Tower with Radar,44,31,45,2,122,0,0,58,4,62,44,31,103,6,184,50,0,50,234
01/21/2005,LAN,MI,AGL,CE,Combined TRACON& Tower with Radar,55,58,64,12,189,0,0,88,4,92,55,58,152,16,281,104,10,114,395
01/22/2005,LAN,MI,AGL,CE,Combined TRACON& Tower with Radar,26,19,3,0,48,0,0,0,0,0,26,19,3,0,48,0,0,0,48
01/23/2005,LAN,MI,AGL,CE,Combined TRACON& Tower with Radar,22,45,31,0,98,0,0,53,0,53,22,45,84,0,151,74,0,74,225
01/24/2005,LAN,MI,AGL,CE,Combined TRACON& Tower with Radar,44,27,36,2,109,0,1,17,0,18,44,28,53,2,127,18,0,18,145
01/25/2005,LAN,MI,AGL,CE,Combined TRACON& Tower with Radar,37,73,22,0,132,0,0,32,0,32,37,73,54,0,164,154,16,170,334
01/26/2005,LAN,MI,AGL,CE,Combined TRACON& Tower with Radar,16,74,29,4,123,0,0,20,0,20,16,74,49,4,143,38,10,48,191
01/27/2005,LAN,MI,AGL,CE,Combined TRACON& Tower with Radar,41,56,69,4,170,0,2,106,0,108,41,58,175,4,278,102,0,102,380
01/28/2005,LAN,MI,AGL,CE,Combined TRACON& Tower with Radar,36,72,56,4,168,0,0,81,8,89,36,72,137,12,257,104,8,112,369
01/29/2005,LAN,MI,AGL,CE,Combined TRACON& Tower with Radar,26,28,44,0,98,0,2,48,0,50,26,30,92,0,148,78,0,78,226
01/30/2005,LAN,MI,AGL,CE,Combined TRACON& Tower with Radar,16,24,34,0,74,0,0,36,0,36,16,24,70,0,110,24,0,24,134
01/31/2005,LAN,MI,AGL,CE,Combined TRACON& Tower with Radar,63,36,25,0,124,0,0,49,2,51,63,36,74,2,175,142,2,144,319
02/01/2005,LAN,MI,AGL,CE,Combined TRACON& Tower with Radar,41,46,57,2,146,0,0,32,0,32,41,46,89,2,178,106,12,118,296
02/02/2005,LAN,MI,AGL,CE,Combined TRACON& Tower with Radar,20,65,41,2,128,0,0,63,1,64,20,65,104,3,192,126,8,134,326
02/03/2005,LAN,MI,AGL,CE,Combined TRACON& Tower with Radar,22,66,43,0,131,0,0,74,0,74,22,66,117,0,205,140,0,140,345
02/04/2005,LAN,MI,AGL,CE,Combined TRACON& Tower with Radar,41,46,74,16,177,0,0,72,4,76,41,46,146,20,253,158,0,158,411
02/05/2005,LAN,MI,AGL,CE,Combined TRACON& Tower with Radar,33,19,21,8,81,0,0,38,0,38,33,19,59,8,119,50,12,62,181
02/06/2005,LAN,MI,AGL,CE,Combined TRACON& Tower with Radar,18,30,21,2,71,0,0,43,0,43,18,30,64,2,114,62,12,74,188
02/07/2005,LAN,MI,AGL,CE,Combined TRACON& Tower with Radar,43,26,22,2,93,0,0,8,0,8,43,26,30,2,101,18,0,18,119
02/08/2005,LAN,MI,AGL,CE,Combined TRACON& Tower with Radar,17,64,30,2,113,0,0,0,0,0,17,64,30,2,113,4,0,4,117
02/09/2005,LAN,MI,AGL,CE,Combined TRACON& Tower with Radar,20,67,17,7,111,0,0,10,0,10,20,67,27,7,121,62,4,66,187
02/10/2005,LAN,MI,AGL,CE,Combined TRACON& Tower with Radar,49,34,53,0,136,0,0,62,0,62,49,34,115,0,198,126,0,126,324
02/11/2005,LAN,MI,AGL,CE,Combined TRACON& Tower with Radar,38,58,20,0,116,0,4,16,0,20,38,62,36,0,136,32,0,32,168
02/12/2005,LAN,MI,AGL,CE,Combined TRACON& Tower with Radar,32,18,31,8,89,0,0,54,6,60,32,18,85,14,149,96,8,104,253
02/13/2005,LAN,MI,AGL,CE,Combined TRACON& Tower with Radar,25,7,8,4,44,0,0,36,2,38,25,7,44,6,82,28,8,36,118
02/14/2005,LAN,MI,AGL,CE,Combined TRACON& Tower with Radar,35,38,17,2,92,0,0,0,0,0,35,38,17,2,92,16,0,16,108
02/15/2005,LAN,MI,AGL,CE,Combined TRACON& Tower with Radar,26,75,39,4,144,0,0,0,0,0,26,75,39,4,144,14,0,14,158
02/16/2005,LAN,MI,AGL,CE,Combined TRACON& Tower with Radar,20,58,54,2,134,0,0,33,4,37,20,58,87,6,171,82,20,102,273
02/17/2005,LAN,MI,AGL,CE,Combined TRACON& Tower with Radar,38,64,29,14,145,0,8,18,0,26,38,72,47,14,171,60,0,60,231
02/18/2005,LAN,MI,AGL,CE,Combined TRACON& Tower with Radar,35,46,41,4,126,0,0,48,4,52,35,46,89,8,178,147,8,155,333
02/19/2005,LAN,MI,AGL,CE,Combined TRACON& Tower with Radar,33,28,21,1,83,0,0,42,0,42,33,28,63,1,125,86,0,86,211
02/20/2005,LAN,MI,AGL,CE,Combined TRACON& Tower with Radar,23,8,10,0,41,0,0,1,0,1,23,8,11,0,42,0,0,0,42
02/21/2005,LAN,MI,AGL,CE,Combined TRACON& Tower with Radar,37,25,20,0,82,0,0,0,0,0,37,25,20,0,82,14,0,14,96
02/22/2005,LAN,MI,AGL,CE,Combined TRACON& Tower with Radar,21,64,26,2,113,0,0,0,0,0,21,64,26,2,113,52,0,52,165
02/23/2005,LAN,MI,AGL,CE,Combined TRACON& Tower with Radar,22,71,52,12,157,0,0,48,0,48,22,71,100,12,205,100,12,112,317
02/24/2005,LAN,MI,AGL,CE,Combined TRACON& Tower with Radar,22,63,37,4,126,0,2,42,1,45,22,65,79,5,171,136,0,136,307
02/25/2005,LAN,MI,AGL,CE,Combined TRACON& Tower with Radar,46,65,29,28,168,0,1,3,0,4,46,66,32,28,172,32,0,32,204
02/26/2005,LAN,MI,AGL,CE,Combined TRACON& Tower with Radar,36,21,37,1,95,0,0,91,0,91,36,21,128,1,186,140,0,140,326
02/27/2005,LAN,MI,AGL,CE,Combined TRACON& Tower with Radar,22,34,43,2,101,0,0,35,0,35,22,34,78,2,136,44,0,44,180
02/28/2005,LAN,MI,AGL,CE,Combined TRACON& Tower with Radar,35,31,15,1,82,0,0,8,0,8,35,31,23,1,90,24,0,24,114
03/01/2005,LAN,MI,AGL,CE,Combined TRACON& Tower with Radar,21,59,17,2,99,0,0,0,0,0,21,59,17,2,99,0,0,0,99
03/02/2005,LAN,MI,AGL,CE,Combined TRACON& Tower with Radar,21,57,42,2,122,0,0,14,2,16,21,57,56,4,138,10,0,10,148
03/03/2005,LAN,MI,AGL,CE,Combined TRACON& Tower with Radar,33,43,52,0,128,0,0,75,0,75,33,43,127,0,203,106,0,106,309
03/04/2005,LAN,MI,AGL,CE,Combined TRACON& Tower with Radar,37,47,30,1,115,0,0,68,4,72,37,47,98,5,187,104,0,104,291
03/05/2005,LAN,MI,AGL,CE,Combined TRACON& Tower with Radar,38,18,31,2,89,0,0,42,0,42,38,18,73,2,131,30,0,30,161
03/06/2005,LAN,MI,AGL,CE,Combined TRACON& Tower with Radar,20,24,18,4,66,0,0,42,2,44,20,24,60,6,110,10,8,18,128
03/07/2005,LAN,MI,AGL,CE,Combined TRACON& Tower with Radar,45,25,22,0,92,0,0,0,4,4,45,25,22,4,96,4,0,4,100
03/08/2005,LAN,MI,AGL,CE,Combined TRACON& Tower with Radar,18,64,53,1,136,0,0,47,0,47,18,64,100,1,183,74,8,82,265
03/09/2005,LAN,MI,AGL,CE,Combined TRACON& Tower with Radar,18,61,51,3,133,0,0,29,0,29,18,61,80,3,162,52,14,66,228
03/10/2005,LAN,MI,AGL,CE,Combined TRACON& Tower with Radar,42,60,51,0,153,0,0,17,0,17,42,60,68,0,170,42,0,42,212
03/11/2005,LAN,MI,AGL,CE,Combined TRACON& Tower with Radar,41,41,19,2,103,0,0,5,5,10,41,41,24,7,113,42,18,60,173
03/12/2005,LAN,MI,AGL,CE,Combined TRACON& Tower with Radar,39,21,11,2,73,0,0,2,2,4,39,21,13,4,77,8,0,8,85
03/13/2005,LAN,MI,AGL,CE,Combined TRACON& Tower with Radar,12,27,39,4,82,0,0,66,0,66,12,27,105,4,148,86,4,90,238
03/14/2005,LAN,MI,AGL,CE,Combined TRACON& Tower with Radar,32,43,52,1,128,0,0,0,0,0,32,43,52,1,128,114,0,114,242
03/15/2005,LAN,MI,AGL,CE,Combined TRACON& Tower with Radar,24,67,73,0,164,0,0,50,0,50,24,67,123,0,214,70,0,70,284
03/16/2005,LAN,MI,AGL,CE,Combined TRACON& Tower with Radar,19,72,38,1,130,0,0,47,0,47,19,72,85,1,177,134,12,146,323
03/17/2005,LAN,MI,AGL,CE,Combined TRACON& Tower with Radar,22,58,29,2,111,0,0,53,0,53,22,58,82,2,164,138,10,148,312
03/18/2005,LAN,MI,AGL,CE,Combined TRACON& Tower with Radar,41,54,46,7,148,0,0,38,3,41,41,54,84,10,189,42,0,42,231
03/19/2005,LAN,MI,AGL,CE,Combined TRACON& Tower with Radar,37,18,11,0,66,0,0,0,66,66,37,18,11,66,132,0,0,0,132
03/20/2005,LAN,MI,AGL,CE,Combined TRACON& Tower with Radar,18,28,6,2,54,0,0,4,0,4,18,28,10,2,58,0,0,0,58
03/21/2005,LAN,MI,AGL,CE,Combined TRACON& Tower with Radar,19,54,37,10,120,0,0,51,4,55,19,54,88,14,175,88,10,98,273
03/22/2005,LAN,MI,AGL,CE,Combined TRACON& Tower with Radar,21,69,55,11,156,0,0,60,0,60,21,69,115,11,216,152,12,164,380
03/23/2005,LAN,MI,AGL,CE,Combined TRACON& Tower with Radar,28,62,33,3,126,0,2,25,4,31,28,64,58,7,157,32,10,42,199
03/24/2005,LAN,MI,AGL,CE,Combined TRACON& Tower with Radar,40,55,42,13,150,0,0,85,0,85,40,55,127,13,235,108,2,110,345
03/25/2005,LAN,MI,AGL,CE,Combined TRACON& Tower with Radar,34,32,34,1,101,0,1,49,0,50,34,33,83,1,151,68,8,76,227
03/26/2005,LAN,MI,AGL,CE,Combined TRACON& Tower with Radar,34,13,39,1,87,0,0,70,0,70,34,13,109,1,157,140,14,154,311
03/27/2005,LAN,MI,AGL,CE,Combined TRACON& Tower with Radar,10,24,8,0,42,0,0,19,0,19,10,24,27,0,61,44,0,44,105
03/28/2005,LAN,MI,AGL,CE,Combined TRACON& Tower with Radar,34,40,43,8,125,0,0,72,0,72,34,40,115,8,197,98,2,100,297
03/29/2005,LAN,MI,AGL,CE,Combined TRACON& Tower with Radar,22,59,52,12,145,0,1,35,0,36,22,60,87,12,181,108,18,126,307
03/30/2005,LAN,MI,AGL,CE,Combined TRACON& Tower with Radar,20,56,32,5,113,0,0,24,3,27,20,56,56,8,140,48,8,56,196
03/31/2005,LAN,MI,AGL,CE,Combined TRACON& Tower with Radar,44,44,20,2,110,0,0,1,0,1,44,44,21,2,111,20,0,20,131
04/01/2005,LAN,MI,AGL,CE,Combined TRACON& Tower with Radar,39,46,42,0,127,0,0,84,211,295,39,46,126,211,422,174,0,174,596
04/02/2005,LAN,MI,AGL,CE,Combined TRACON& Tower with Radar,37,19,10,0,66,0,0,21,0,21,37,19,31,0,87,22,0,22,109
04/03/2005,LAN,MI,AGL,CE,Combined TRACON& Tower with Radar,24,21,20,0,65,0,0,31,0,31,24,21,51,0,96,0,0,0,96
04/04/2005,LAN,MI,AGL,CE,Combined TRACON& Tower with Radar,26,50,39,0,115,0,0,55,0,55,26,50,94,0,170,44,0,44,214
04/05/2005,LAN,MI,AGL,CE,Combined TRACON& Tower with Radar,48,46,51,1,146,0,0,79,0,79,48,46,130,1,225,64,4,68,293
04/06/2005,LAN,MI,AGL,CE,Combined TRACON& Tower with Radar,37,70,62,6,175,0,0,68,12,80,37,70,130,18,255,104,10,114,369
04/07/2005,LAN,MI,AGL,CE,Combined TRACON& Tower with Radar,31,49,40,1,121,0,2,15,0,17,31,51,55,1,138,68,10,78,216
04/08/2005,LAN,MI,AGL,CE,Combined TRACON& Tower with Radar,39,45,46,13,143,0,1,85,3,89,39,46,131,16,232,142,8,150,382
04/09/2005,LAN,MI,AGL,CE,Combined TRACON& Tower with Radar,34,14,65,0,113,0,0,51,0,51,34,14,116,0,164,72,0,72,236
04/10/2005,LAN,MI,AGL,CE,Combined TRACON& Tower with Radar,19,21,23,1,64,0,0,53,0,53,19,21,76,1,117,32,0,32,149
04/11/2005,LAN,MI,AGL,CE,Combined TRACON& Tower with Radar,22,47,43,0,112,0,0,74,0,74,22,47,117,0,186,94,0,94,280
04/12/2005,LAN,MI,AGL,CE,Combined TRACON& Tower with Radar,23,54,32,4,113,0,0,32,0,32,23,54,64,4,145,70,0,70,215
04/13/2005,LAN,MI,AGL,CE,Combined TRACON& Tower with Radar,22,64,47,3,136,0,2,48,0,50,22,66,95,3,186,64,4,68,254
04/14/2005,LAN,MI,AGL,CE,Combined TRACON& Tower with Radar,44,35,34,0,113,64,0,0,0,64,108,35,34,0,177,66,0,66,243
04/15/2005,LAN,MI,AGL,CE,Combined TRACON& Tower with Radar,36,48,22,2,108,0,0,93,2,95,36,48,115,4,203,102,0,102,305
04/16/2005,LAN,MI,AGL,CE,Combined TRACON& Tower with Radar,26,33,12,0,71,0,0,62,0,62,26,33,74,0,133,56,0,56,189
04/17/2005,LAN,MI,AGL,CE,Combined TRACON& Tower with Radar,18,21,21,2,62,0,0,46,0,46,18,21,67,2,108,52,0,52,160
04/18/2005,LAN,MI,AGL,CE,Combined TRACON& Tower with Radar,43,26,35,2,106,0,0,64,0,64,43,26,99,2,170,74,0,74,244
04/19/2005,LAN,MI,AGL,CE,Combined TRACON& Tower with Radar,41,40,44,2,127,0,0,45,2,47,41,40,89,4,174,86,8,94,268
04/20/2005,LAN,MI,AGL,CE,Combined TRACON& Tower with Radar,22,59,33,2,116,0,0,9,0,9,22,59,42,2,125,42,0,42,167
04/21/2005,LAN,MI,AGL,CE,Combined TRACON& Tower with Radar,51,54,0,0,105,104,0,111,2,217,155,54,111,2,322,66,8,74,396
04/22/2005,LAN,MI,AGL,CE,Combined TRACON& Tower with Radar,22,47,32,0,101,0,0,31,0,31,22,47,63,0,132,62,2,64,196
04/23/2005,LAN,MI,AGL,CE,Combined TRACON& Tower with Radar,31,29,2,0,62,0,0,0,0,0,31,29,2,0,62,0,0,0,62
04/24/2005,LAN,MI,AGL,CE,Combined TRACON& Tower with Radar,14,25,8,0,47,0,0,0,0,0,14,25,8,0,47,0,0,0,47
04/25/2005,LAN,MI,AGL,CE,Combined TRACON& Tower with Radar,47,23,46,0,116,0,0,47,0,47,47,23,93,0,163,90,0,90,253
04/26/2005,LAN,MI,AGL,CE,Combined TRACON& Tower with Radar,20,59,59,4,142,0,0,19,0,19,20,59,78,4,161,28,30,58,219
04/27/2005,LAN,MI,AGL,CE,Combined TRACON& Tower with Radar,22,54,46,2,124,0,0,12,0,12,22,54,58,2,136,56,8,64,200
04/28/2005,LAN,MI,AGL,CE,Combined TRACON& Tower with Radar,24,53,83,0,160,0,0,65,0,65,24,53,148,0,225,104,0,104,329
04/29/2005,LAN,MI,AGL,CE,Combined TRACON& Tower with Radar,45,19,56,3,123,0,8,97,0,105,45,27,153,3,228,134,4,138,366
04/30/2005,LAN,MI,AGL,CE,Combined TRACON& Tower with Radar,32,16,32,8,88,0,0,25,2,27,32,16,57,10,115,52,10,62,177
05/01/2005,LAN,MI,AGL,CE,Combined TRACON& Tower with Radar,14,26,14,2,56,0,0,16,0,16,14,26,30,2,72,8,0,8,80
05/02/2005,LAN,MI,AGL,CE,Combined TRACON& Tower with Radar,42,33,47,0,122,0,0,14,0,14,42,33,61,0,136,40,0,40,176
05/03/2005,LAN,MI,AGL,CE,Combined TRACON& Tower with Radar,20,63,49,2,134,0,7,54,0,61,20,70,103,2,195,92,6,98,293
05/04/2005,LAN,MI,AGL,CE,Combined TRACON& Tower with Radar,26,55,45,6,132,0,0,91,0,91,26,55,136,6,223,100,6,106,329
05/05/2005,LAN,MI,AGL,CE,Combined TRACON& Tower with Radar,39,38,27,0,104,0,0,107,0,107,39,38,134,0,211,96,6,102,313
05/06/2005,LAN,MI,AGL,CE,Combined TRACON& Tower with Radar,44,43,43,1,131,0,3,73,0,76,44,46,116,1,207,126,4,130,337
05/07/2005,LAN,MI,AGL,CE,Combined TRACON& Tower with Radar,28,17,32,0,77,0,0,18,0,18,28,17,50,0,95,12,0,12,107
05/08/2005,LAN,MI,AGL,CE,Combined TRACON& Tower with Radar,28,14,20,1,63,0,0,64,0,64,28,14,84,1,127,92,0,92,219
05/09/2005,LAN,MI,AGL,CE,Combined TRACON& Tower with Radar,34,35,31,2,102,0,0,32,0,32,34,35,63,2,134,64,0,64,198
05/10/2005,LAN,MI,AGL,CE,Combined TRACON& Tower with Radar,30,56,39,8,133,0,6,34,0,40,30,62,73,8,173,112,0,112,285
05/11/2005,LAN,MI,AGL,CE,Combined TRACON& Tower with Radar,24,59,61,4,148,0,0,3,3,6,24,59,64,7,154,46,0,46,200
05/12/2005,LAN,MI,AGL,CE,Combined TRACON& Tower with Radar,45,48,86,3,182,0,2,67,0,69,45,50,153,3,251,96,0,96,347
05/13/2005,LAN,MI,AGL,CE,Combined TRACON& Tower with Radar,35,43,19,1,98,0,0,8,0,8,35,43,27,1,106,36,0,36,142
05/14/2005,LAN,MI,AGL,CE,Combined TRACON& Tower with Radar,32,13,33,0,78,0,0,6,0,6,32,13,39,0,84,8,0,8,92
05/15/2005,LAN,MI,AGL,CE,Combined TRACON& Tower with Radar,15,22,25,2,64,0,0,32,0,32,15,22,57,2,96,64,0,64,160
05/16/2005,LAN,MI,AGL,CE,Combined TRACON& Tower with Radar,43,37,58,2,140,0,0,62,0,62,43,37,120,2,202,138,0,138,340
05/17/2005,LAN,MI,AGL,CE,Combined TRACON& Tower with Radar,51,42,43,4,140,0,3,100,0,103,51,45,143,4,243,64,0,64,307
05/18/2005,LAN,MI,AGL,CE,Combined TRACON& Tower with Radar,47,29,56,3,135,0,0,62,0,62,47,29,118,3,197,66,4,70,267
05/19/2005,LAN,MI,AGL,CE,Combined TRACON& Tower with Radar,24,50,63,6,143,0,0,10,1,11,24,50,73,7,154,14,0,14,168
05/20/2005,LAN,MI,AGL,CE,Combined TRACON& Tower with Radar,47,34,49,6,136,0,0,85,0,85,47,34,134,6,221,142,6,148,369
05/21/2005,LAN,MI,AGL,CE,Combined TRACON& Tower with Radar,33,23,24,0,80,0,0,137,0,137,33,23,161,0,217,152,0,152,369
05/22/2005,LAN,MI,AGL,CE,Combined TRACON& Tower with Radar,16,22,14,1,53,0,0,28,2,30,16,22,42,3,83,14,4,18,101
05/23/2005,LAN,MI,AGL,CE,Combined TRACON& Tower with Radar,49,29,36,1,115,0,0,19,0,19,49,29,55,1,134,46,0,46,180
05/24/2005,LAN,MI,AGL,CE,Combined TRACON& Tower with Radar,43,47,63,0,153,0,1,57,1,59,43,48,120,1,212,120,0,120,332
05/25/2005,LAN,MI,AGL,CE,Combined TRACON& Tower with Radar,20,45,48,0,113,0,0,104,4,108,20,45,152,4,221,146,10,156,377
05/26/2005,LAN,MI,AGL,CE,Combined TRACON& Tower with Radar,28,57,61,2,148,0,0,52,0,52,28,57,113,2,200,106,4,110,310
05/27/2005,LAN,MI,AGL,CE,Combined TRACON& Tower with Radar,48,33,27,5,113,0,0,23,5,28,48,33,50,10,141,90,6,96,237
05/28/2005,LAN,MI,AGL,CE,Combined TRACON& Tower with Radar,27,11,30,0,68,0,0,22,0,22,27,11,52,0,90,36,0,36,126
05/29/2005,LAN,MI,AGL,CE,Combined TRACON& Tower with Radar,20,37,21,1,79,0,0,42,0,42,20,37,63,1,121,42,6,48,169
05/30/2005,LAN,MI,AGL,CE,Combined TRACON& Tower with Radar,38,23,17,0,78,0,0,46,0,46,38,23,63,0,124,24,0,24,148
05/31/2005,LAN,MI,AGL,CE,Combined TRACON& Tower with Radar,36,37,41,3,117,0,0,136,3,139,36,37,177,6,256,90,4,94,350
06/01/2005,LAN,MI,AGL,CE,Combined TRACON& Tower with Radar,22,64,54,4,144,0,0,64,0,64,22,64,118,4,208,112,0,112,320
06/02/2005,LAN,MI,AGL,CE,Combined TRACON& Tower with Radar,44,46,54,2,146,0,1,67,0,68,44,47,121,2,214,102,0,102,316
06/03/2005,LAN,MI,AGL,CE,Combined TRACON& Tower with Radar,32,53,44,1,130,0,0,37,0,37,32,53,81,1,167,46,0,46,213
06/04/2005,LAN,MI,AGL,CE,Combined TRACON& Tower with Radar,50,17,22,6,95,0,0,47,0,47,50,17,69,6,142,82,4,86,228
06/05/2005,LAN,MI,AGL,CE,Combined TRACON& Tower with Radar,24,15,12,5,56,0,0,26,0,26,24,15,38,5,82,72,0,72,154
06/06/2005,LAN,MI,AGL,CE,Combined TRACON& Tower with Radar,23,49,66,2,140,0,0,40,2,42,23,49,106,4,182,88,12,100,282
06/07/2005,LAN,MI,AGL,CE,Combined TRACON& Tower with Radar,22,57,64,0,143,0,0,59,0,59,22,57,123,0,202,80,0,80,282
06/08/2005,LAN,MI,AGL,CE,Combined TRACON& Tower with Radar,35,64,61,7,167,0,0,69,3,72,35,64,130,10,239,94,8,102,341
06/09/2005,LAN,MI,AGL,CE,Combined TRACON& Tower with Radar,41,36,41,0,118,0,0,56,0,56,41,36,97,0,174,40,2,42,216
06/10/2005,LAN,MI,AGL,CE,Combined TRACON& Tower with Radar,28,50,50,2,130,0,0,34,0,34,28,50,84,2,164,24,0,24,188
06/11/2005,LAN,MI,AGL,CE,Combined TRACON& Tower with Radar,32,21,27,1,81,0,0,37,0,37,32,21,64,1,118,22,0,22,140
06/12/2005,LAN,MI,AGL,CE,Combined TRACON& Tower with Radar,23,28,22,2,75,0,0,49,0,49,23,28,71,2,124,24,2,26,150
06/13/2005,LAN,MI,AGL,CE,Combined TRACON& Tower with Radar,17,53,45,1,116,0,0,6,0,6,17,53,51,1,122,68,12,80,202
06/14/2005,LAN,MI,AGL,CE,Combined TRACON& Tower with Radar,18,47,49,0,114,0,0,49,0,49,18,47,98,0,163,102,10,112,275
06/15/2005,LAN,MI,AGL,CE,Combined TRACON& Tower with Radar,33,42,68,11,154,0,2,14,0,16,33,44,82,11,170,46,4,50,220
06/16/2005,LAN,MI,AGL,CE,Combined TRACON& Tower with Radar,23,64,14,1,102,0,0,45,3,48,23,64,59,4,150,2,0,2,152
06/17/2005,LAN,MI,AGL,CE,Combined TRACON& Tower with Radar,34,41,60,8,143,0,0,48,7,55,34,41,108,15,198,30,6,36,234
06/18/2005,LAN,MI,AGL,CE,Combined TRACON& Tower with Radar,32,20,27,2,81,0,28,26,5,59,32,48,53,7,140,26,0,26,166
06/19/2005,LAN,MI,AGL,CE,Combined TRACON& Tower with Radar,24,36,18,1,79,0,0,64,0,64,24,36,82,1,143,30,0,30,173
06/20/2005,LAN,MI,AGL,CE,Combined TRACON& Tower with Radar,41,30,35,0,106,0,0,74,4,78,41,30,109,4,184,60,0,60,244
06/21/2005,LAN,MI,AGL,CE,Combined TRACON& Tower with Radar,32,44,32,5,113,0,0,62,0,62,32,44,94,5,175,80,0,80,255
06/22/2005,LAN,MI,AGL,CE,Combined TRACON& Tower with Radar,20,59,36,2,117,0,0,78,0,78,20,59,114,2,195,66,4,70,265
06/23/2005,LAN,MI,AGL,CE,Combined TRACON& Tower with Radar,51,48,69,2,170,0,2,81,0,83,51,50,150,2,253,114,14,128,381
06/24/2005,LAN,MI,AGL,CE,Combined TRACON& Tower with Radar,26,40,39,0,105,0,0,47,0,47,26,40,86,0,152,38,4,42,194
06/25/2005,LAN,MI,AGL,CE,Combined TRACON& Tower with Radar,35,26,51,0,112,0,0,27,2,29,35,26,78,2,141,48,0,48,189
06/26/2005,LAN,MI,AGL,CE,Combined TRACON& Tower with Radar,27,21,13,0,61,0,0,24,0,24,27,21,37,0,85,18,12,30,115
06/27/2005,LAN,MI,AGL,CE,Combined TRACON& Tower with Radar,38,23,35,0,96,0,0,42,0,42,38,23,77,0,138,96,10,106,244
06/28/2005,LAN,MI,AGL,CE,Combined TRACON& Tower with Radar,51,52,36,0,139,0,2,50,2,54,51,54,86,2,193,114,20,134,327
06/29/2005,LAN,MI,AGL,CE,Combined TRACON& Tower with Radar,47,43,76,9,175,0,0,52,0,52,47,43,128,9,227,104,2,106,333
06/30/2005,LAN,MI,AGL,CE,Combined TRACON& Tower with Radar,24,60,37,10,131,0,0,22,0,22,24,60,59,10,153,32,0,32,185
07/01/2005,LAN,MI,AGL,CE,Combined TRACON& Tower with Radar,46,39,50,2,137,0,0,78,2,80,46,39,128,4,217,102,4,106,323
07/02/2005,LAN,MI,AGL,CE,Combined TRACON& Tower with Radar,34,22,15,0,71,0,0,36,6,42,34,22,51,6,113,58,4,62,175
07/03/2005,LAN,MI,AGL,CE,Combined TRACON& Tower with Radar,15,13,4,0,32,0,0,46,0,46,15,13,50,0,78,0,0,0,78
07/04/2005,LAN,MI,AGL,CE,Combined TRACON& Tower with Radar,42,30,4,0,76,0,0,20,0,20,42,30,24,0,96,44,0,44,140
07/05/2005,LAN,MI,AGL,CE,Combined TRACON& Tower with Radar,17,62,35,0,114,0,0,34,0,34,17,62,69,0,148,104,12,116,264
07/06/2005,LAN,MI,AGL,CE,Combined TRACON& Tower with Radar,31,62,62,7,162,62,0,0,0,62,93,62,62,7,224,104,4,108,332
07/07/2005,LAN,MI,AGL,CE,Combined TRACON& Tower with Radar,22,57,58,1,138,0,0,79,0,79,22,57,137,1,217,58,0,58,275
07/08/2005,LAN,MI,AGL,CE,Combined TRACON& Tower with Radar,52,36,59,1,148,0,0,69,0,69,52,36,128,1,217,88,0,88,305
07/09/2005,LAN,MI,AGL,CE,Combined TRACON& Tower with Radar,31,14,8,0,53,0,1,47,5,53,31,15,55,5,106,76,0,76,182
07/10/2005,LAN,MI,AGL,CE,Combined TRACON& Tower with Radar,26,4,24,0,54,0,0,55,0,55,26,4,79,0,109,108,16,124,233
07/11/2005,LAN,MI,AGL,CE,Combined TRACON& Tower with Radar,50,25,28,0,103,0,0,55,0,55,50,25,83,0,158,120,18,138,296
07/12/2005,LAN,MI,AGL,CE,Combined TRACON& Tower with Radar,17,56,35,0,108,0,0,29,0,29,17,56,64,0,137,56,2,58,195
07/13/2005,LAN,MI,AGL,CE,Combined TRACON& Tower with Radar,17,60,38,5,120,0,0,41,0,41,17,60,79,5,161,110,10,120,281
07/14/2005,LAN,MI,AGL,CE,Combined TRACON& Tower with Radar,38,51,50,2,141,0,1,63,10,74,38,52,113,12,215,54,10,64,279
07/15/2005,LAN,MI,AGL,CE,Combined TRACON& Tower with Radar,41,40,39,2,122,0,2,46,0,48,41,42,85,2,170,74,0,74,244
07/16/2005,LAN,MI,AGL,CE,Combined TRACON& Tower with Radar,32,22,28,0,82,0,0,14,0,14,32,22,42,0,96,38,0,38,134
07/17/2005,LAN,MI,AGL,CE,Combined TRACON& Tower with Radar,19,20,26,2,67,0,0,14,0,14,19,20,40,2,81,0,0,0,81
07/18/2005,LAN,MI,AGL,CE,Combined TRACON& Tower with Radar,15,52,44,0,111,0,0,6,0,6,15,52,50,0,117,16,0,16,133
07/19/2005,LAN,MI,AGL,CE,Combined TRACON& Tower with Radar,46,27,58,0,131,0,0,100,0,100,46,27,158,0,231,140,8,148,379
07/20/2005,LAN,MI,AGL,CE,Combined TRACON& Tower with Radar,49,55,43,4,151,0,0,59,0,59,49,55,102,4,210,106,0,106,316
07/21/2005,LAN,MI,AGL,CE,Combined TRACON& Tower with Radar,33,42,31,0,106,0,0,8,0,8,33,42,39,0,114,50,10,60,174
07/22/2005,LAN,MI,AGL,CE,Combined TRACON& Tower with Radar,43,43,29,2,117,0,0,58,0,58,43,43,87,2,175,74,0,74,249
07/23/2005,LAN,MI,AGL,CE,Combined TRACON& Tower with Radar,33,13,15,0,61,0,0,27,0,27,33,13,42,0,88,40,12,52,140
07/24/2005,LAN,MI,AGL,CE,Combined TRACON& Tower with Radar,21,42,15,2,80,0,0,26,0,26,21,42,41,2,106,22,0,22,128
07/25/2005,LAN,MI,AGL,CE,Combined TRACON& Tower with Radar,32,20,40,0,92,0,0,48,0,48,32,20,88,0,140,80,0,80,220
07/26/2005,LAN,MI,AGL,CE,Combined TRACON& Tower with Radar,19,51,45,4,119,0,1,31,0,32,19,52,76,4,151,56,6,62,213
07/27/2005,LAN,MI,AGL,CE,Combined TRACON& Tower with Radar,35,49,60,0,144,0,0,82,2,84,35,49,142,2,228,118,6,124,352
07/28/2005,LAN,MI,AGL,CE,Combined TRACON& Tower with Radar,53,67,142,3,265,0,0,84,0,84,53,67,226,3,349,166,32,198,547
07/29/2005,LAN,MI,AGL,CE,Combined TRACON& Tower with Radar,33,73,46,7,159,0,0,85,0,85,33,73,131,7,244,120,0,120,364
07/30/2005,LAN,MI,AGL,CE,Combined TRACON& Tower with Radar,33,25,11,0,69,0,0,39,0,39,33,25,50,0,108,58,0,58,166
07/31/2005,LAN,MI,AGL,CE,Combined TRACON& Tower with Radar,35,6,25,0,66,0,0,43,0,43,35,6,68,0,109,44,0,44,153
08/01/2005,LAN,MI,AGL,CE,Combined TRACON& Tower with Radar,40,23,27,2,92,0,0,43,1,44,40,23,70,3,136,96,0,96,232
08/02/2005,LAN,MI,AGL,CE,Combined TRACON& Tower with Radar,26,53,41,0,120,0,0,68,0,68,26,53,109,0,188,196,2,198,386
08/03/2005,LAN,MI,AGL,CE,Combined TRACON& Tower with Radar,18,35,40,0,93,0,0,50,0,50,18,35,90,0,143,80,0,80,223
08/04/2005,LAN,MI,AGL,CE,Combined TRACON& Tower with Radar,20,70,48,2,140,0,2,14,0,16,20,72,62,2,156,14,0,14,170
08/05/2005,LAN,MI,AGL,CE,Combined TRACON& Tower with Radar,42,33,28,4,107,0,0,75,0,75,42,33,103,4,182,82,0,82,264
08/06/2005,LAN,MI,AGL,CE,Combined TRACON& Tower with Radar,26,22,19,0,67,0,0,77,0,77,26,22,96,0,144,90,0,90,234
08/07/2005,LAN,MI,AGL,CE,Combined TRACON& Tower with Radar,15,24,44,0,83,0,0,32,1,33,15,24,76,1,116,38,0,38,154
08/08/2005,LAN,MI,AGL,CE,Combined TRACON& Tower with Radar,49,37,29,2,117,0,2,75,0,77,49,39,104,2,194,120,30,150,344
08/09/2005,LAN,MI,AGL,CE,Combined TRACON& Tower with Radar,48,43,55,1,147,0,60,0,0,60,48,103,55,1,207,84,12,96,303
08/10/2005,LAN,MI,AGL,CE,Combined TRACON& Tower with Radar,33,78,58,12,181,0,0,32,0,32,33,78,90,12,213,30,4,34,247
08/11/2005,LAN,MI,AGL,CE,Combined TRACON& Tower with Radar,24,36,33,4,97,0,0,43,1,44,24,36,76,5,141,74,6,80,221
08/12/2005,LAN,MI,AGL,CE,Combined TRACON& Tower with Radar,41,53,46,4,144,0,0,20,0,20,41,53,66,4,164,74,10,84,248
08/13/2005,LAN,MI,AGL,CE,Combined TRACON& Tower with Radar,27,12,26,2,67,0,0,19,0,19,27,12,45,2,86,30,0,30,116
08/14/2005,LAN,MI,AGL,CE,Combined TRACON& Tower with Radar,24,29,37,0,90,0,0,12,0,12,24,29,49,0,102,34,0,34,136
08/15/2005,LAN,MI,AGL,CE,Combined TRACON& Tower with Radar,21,58,32,0,111,0,0,57,0,57,21,58,89,0,168,42,2,44,212
08/16/2005,LAN,MI,AGL,CE,Combined TRACON& Tower with Radar,18,60,52,4,134,0,0,48,0,48,18,60,100,4,182,112,14,126,308
08/17/2005,LAN,MI,AGL,CE,Combined TRACON& Tower with Radar,42,60,45,3,150,0,0,90,0,90,42,60,135,3,240,80,4,84,324
08/18/2005,LAN,MI,AGL,CE,Combined TRACON& Tower with Radar,33,62,43,5,143,0,0,38,0,38,33,62,81,5,181,40,6,46,227
08/19/2005,LAN,MI,AGL,CE,Combined TRACON& Tower with Radar,39,40,46,0,125,0,0,24,2,26,39,40,70,2,151,94,8,102,253
08/20/2005,LAN,MI,AGL,CE,Combined TRACON& Tower with Radar,30,22,8,0,60,0,0,7,0,7,30,22,15,0,67,8,0,8,75
08/21/2005,LAN,MI,AGL,CE,Combined TRACON& Tower with Radar,15,28,24,0,67,0,0,47,0,47,15,28,71,0,114,52,2,54,168
08/22/2005,LAN,MI,AGL,CE,Combined TRACON& Tower with Radar,49,30,35,0,114,0,0,55,0,55,49,30,90,0,169,82,6,88,257
08/23/2005,LAN,MI,AGL,CE,Combined TRACON& Tower with Radar,17,62,23,2,104,0,0,69,0,69,17,62,92,2,173,80,8,88,261
08/24/2005,LAN,MI,AGL,CE,Combined TRACON& Tower with Radar,55,50,40,1,146,0,0,80,0,80,55,50,120,1,226,44,10,54,280
08/25/2005,LAN,MI,AGL,CE,Combined TRACON& Tower with Radar,35,46,41,3,125,0,4,71,1,76,35,50,112,4,201,48,10,58,259
08/26/2005,LAN,MI,AGL,CE,Combined TRACON& Tower with Radar,36,42,35,0,113,0,2,68,0,70,36,44,103,0,183,90,0,90,273
08/27/2005,LAN,MI,AGL,CE,Combined TRACON& Tower with Radar,29,18,9,0,56,0,0,13,0,13,29,18,22,0,69,56,0,56,125
08/28/2005,LAN,MI,AGL,CE,Combined TRACON& Tower with Radar,15,24,20,0,59,0,0,48,0,48,15,24,68,0,107,22,0,22,129
08/29/2005,LAN,MI,AGL,CE,Combined TRACON& Tower with Radar,49,29,41,0,119,0,0,69,0,69,49,29,110,0,188,68,0,68,256
08/30/2005,LAN,MI,AGL,CE,Combined TRACON& Tower with Radar,43,32,45,8,128,0,0,52,5,57,43,32,97,13,185,62,18,80,265
08/31/2005,LAN,MI,AGL,CE,Combined TRACON& Tower with Radar,19,58,63,0,140,0,0,59,0,59,19,58,122,0,199,74,0,74,273
09/01/2005,LAN,MI,AGL,CE,Combined TRACON& Tower with Radar,34,77,36,2,149,0,0,42,9,51,34,77,78,11,200,78,12,90,290
09/02/2005,LAN,MI,AGL,CE,Combined TRACON& Tower with Radar,47,31,38,6,122,0,0,52,0,52,47,31,90,6,174,40,0,40,214
09/03/2005,LAN,MI,AGL,CE,Combined TRACON& Tower with Radar,26,18,18,2,64,0,0,41,0,41,26,18,59,2,105,70,0,70,175
09/04/2005,LAN,MI,AGL,CE,Combined TRACON& Tower with Radar,13,36,14,4,67,0,0,35,0,35,13,36,49,4,102,6,0,6,108
09/05/2005,LAN,MI,AGL,CE,Combined TRACON& Tower with Radar,47,12,27,0,86,0,0,39,0,39,47,12,66,0,125,78,0,78,203
09/06/2005,LAN,MI,AGL,CE,Combined TRACON& Tower with Radar,18,60,15,2,95,0,0,65,1,66,18,60,80,3,161,70,0,70,231
09/07/2005,LAN,MI,AGL,CE,Combined TRACON& Tower with Radar,54,61,60,1,176,0,0,65,0,65,54,61,125,1,241,78,12,90,331
09/08/2005,LAN,MI,AGL,CE,Combined TRACON& Tower with Radar,35,51,33,2,121,0,2,33,0,35,35,53,66,2,156,88,14,102,258
09/09/2005,LAN,MI,AGL,CE,Combined TRACON& Tower with Radar,39,62,33,0,134,0,8,58,0,66,39,70,91,0,200,76,0,76,276
09/10/2005,LAN,MI,AGL,CE,Combined TRACON& Tower with Radar,34,15,18,1,68,0,0,58,3,61,34,15,76,4,129,54,0,54,183
09/11/2005,LAN,MI,AGL,CE,Combined TRACON& Tower with Radar,20,27,20,0,67,0,0,31,0,31,20,27,51,0,98,36,0,36,134
09/12/2005,LAN,MI,AGL,CE,Combined TRACON& Tower with Radar,19,49,33,4,105,0,0,43,0,43,19,49,76,4,148,70,4,74,222
09/13/2005,LAN,MI,AGL,CE,Combined TRACON& Tower with Radar,40,41,38,0,119,0,0,42,0,42,40,41,80,0,161,90,14,104,265
09/14/2005,LAN,MI,AGL,CE,Combined TRACON& Tower with Radar,31,68,42,0,141,0,0,34,0,34,31,68,76,0,175,100,16,116,291
09/15/2005,LAN,MI,AGL,CE,Combined TRACON& Tower with Radar,21,55,37,0,113,0,2,75,4,81,21,57,112,4,194,50,4,54,248
09/16/2005,LAN,MI,AGL,CE,Combined TRACON& Tower with Radar,22,68,29,4,123,0,0,16,2,18,22,68,45,6,141,7,0,7,148
09/17/2005,LAN,MI,AGL,CE,Combined TRACON& Tower with Radar,27,22,28,0,77,0,26,58,0,84,27,48,86,0,161,52,0,52,213
09/18/2005,LAN,MI,AGL,CE,Combined TRACON& Tower with Radar,32,23,24,0,79,0,0,64,0,64,32,23,88,0,143,54,0,54,197
09/19/2005,LAN,MI,AGL,CE,Combined TRACON& Tower with Radar,52,37,27,0,116,0,0,28,0,28,52,37,55,0,144,60,0,60,204
09/20/2005,LAN,MI,AGL,CE,Combined TRACON& Tower with Radar,49,62,42,0,153,0,0,92,0,92,49,62,134,0,245,102,18,120,365
09/21/2005,LAN,MI,AGL,CE,Combined TRACON& Tower with Radar,30,64,54,4,152,0,0,66,0,66,30,64,120,4,218,108,10,118,336
09/22/2005,LAN,MI,AGL,CE,Combined TRACON& Tower with Radar,19,58,16,1,94,0,0,23,0,23,19,58,39,1,117,62,2,64,181
09/23/2005,LAN,MI,AGL,CE,Combined TRACON& Tower with Radar,47,37,35,4,123,0,0,89,12,101,47,37,124,16,224,122,24,146,370
09/24/2005,LAN,MI,AGL,CE,Combined TRACON& Tower with Radar,30,22,16,0,68,0,0,26,0,26,30,22,42,0,94,70,0,70,164
09/25/2005,LAN,MI,AGL,CE,Combined TRACON& Tower with Radar,21,27,17,0,65,0,0,5,0,5,21,27,22,0,70,0,0,0,70
09/26/2005,LAN,MI,AGL,CE,Combined TRACON& Tower with Radar,49,29,48,8,134,0,0,29,0,29,49,29,77,8,163,50,0,50,213
09/27/2005,LAN,MI,AGL,CE,Combined TRACON& Tower with Radar,20,54,57,2,133,0,0,112,0,112,20,54,169,2,245,160,18,178,423
09/28/2005,LAN,MI,AGL,CE,Combined TRACON& Tower with Radar,40,60,40,2,142,0,0,50,0,50,40,60,90,2,192,120,16,136,328
09/29/2005,LAN,MI,AGL,CE,Combined TRACON& Tower with Radar,42,47,40,0,129,0,0,61,0,61,42,47,101,0,190,98,4,102,292
09/30/2005,LAN,MI,AGL,CE,Combined TRACON& Tower with Radar,27,37,29,1,94,0,0,66,0,66,27,37,95,1,160,98,8,106,266
10/01/2005,LAN,MI,AGL,CE,Combined TRACON& Tower with Radar,35,41,52,0,128,0,4,58,0,62,35,45,110,0,190,60,0,60,250
10/02/2005,LAN,MI,AGL,CE,Combined TRACON& Tower with Radar,35,4,19,0,58,0,0,25,0,25,35,4,44,0,83,0,0,0,83
10/03/2005,LAN,MI,AGL,CE,Combined TRACON& Tower with Radar,16,40,37,0,93,0,0,0,0,0,16,40,37,0,93,0,0,0,93
10/04/2005,LAN,MI,AGL,CE,Combined TRACON& Tower with Radar,52,50,53,8,163,0,0,50,0,50,52,50,103,8,213,130,24,154,367
10/05/2005,LAN,MI,AGL,CE,Combined TRACON& Tower with Radar,18,64,35,4,121,0,2,44,3,49,18,66,79,7,170,136,32,168,338
10/06/2005,LAN,MI,AGL,CE,Combined TRACON& Tower with Radar,38,55,41,8,142,0,0,28,2,30,38,55,69,10,172,120,4,124,296
10/07/2005,LAN,MI,AGL,CE,Combined TRACON& Tower with Radar,38,38,79,0,155,0,1,63,4,68,38,39,142,4,223,98,0,98,321
10/08/2005,LAN,MI,AGL,CE,Combined TRACON& Tower with Radar,20,35,36,0,91,0,0,22,0,22,20,35,58,0,113,66,12,78,191
10/09/2005,LAN,MI,AGL,CE,Combined TRACON& Tower with Radar,33,25,28,0,86,0,0,71,0,71,33,25,99,0,157,82,0,82,239
10/10/2005,LAN,MI,AGL,CE,Combined TRACON& Tower with Radar,25,50,36,0,111,0,0,29,0,29,25,50,65,0,140,52,0,52,192
10/11/2005,LAN,MI,AGL,CE,Combined TRACON& Tower with Radar,55,53,66,0,174,0,0,15,0,15,55,53,81,0,189,130,28,158,347
10/12/2005,LAN,MI,AGL,CE,Combined TRACON& Tower with Radar,38,48,53,0,139,0,0,20,0,20,38,48,73,0,159,126,12,138,297
10/13/2005,LAN,MI,AGL,CE,Combined TRACON& Tower with Radar,23,77,51,0,151,0,1,47,0,48,23,78,98,0,199,102,0,102,301
10/14/2005,LAN,MI,AGL,CE,Combined TRACON& Tower with Radar,19,56,42,0,117,0,0,21,0,21,19,56,63,0,138,70,0,70,208
10/15/2005,LAN,MI,AGL,CE,Combined TRACON& Tower with Radar,16,37,16,0,69,0,0,42,0,42,16,37,58,0,111,50,0,50,161
10/16/2005,LAN,MI,AGL,CE,Combined TRACON& Tower with Radar,20,39,41,0,100,0,0,72,0,72,20,39,113,0,172,30,0,30,202
10/17/2005,LAN,MI,AGL,CE,Combined TRACON& Tower with Radar,37,32,26,0,95,0,0,49,2,51,37,32,75,2,146,72,0,72,218
10/18/2005,LAN,MI,AGL,CE,Combined TRACON& Tower with Radar,25,75,34,3,137,0,3,65,2,70,25,78,99,5,207,176,18,194,401
10/19/2005,LAN,MI,AGL,CE,Combined TRACON& Tower with Radar,42,57,40,2,141,0,0,49,0,49,42,57,89,2,190,140,0,140,330
10/20/2005,LAN,MI,AGL,CE,Combined TRACON& Tower with Radar,36,45,48,8,137,0,2,78,0,80,36,47,126,8,217,62,12,74,291
10/21/2005,LAN,MI,AGL,CE,Combined TRACON& Tower with Radar,44,30,47,0,121,0,0,81,0,81,44,30,128,0,202,120,0,120,322
10/22/2005,LAN,MI,AGL,CE,Combined TRACON& Tower with Radar,29,23,33,1,86,0,2,41,0,43,29,25,74,1,129,46,4,50,179
10/23/2005,LAN,MI,AGL,CE,Combined TRACON& Tower with Radar,13,34,16,0,63,0,0,19,0,19,13,34,35,0,82,6,0,6,88
10/24/2005,LAN,MI,AGL,CE,Combined TRACON& Tower with Radar,40,20,50,6,116,0,0,13,0,13,40,20,63,6,129,90,2,92,221
10/25/2005,LAN,MI,AGL,CE,Combined TRACON& Tower with Radar,54,52,50,0,156,0,0,30,0,30,54,52,80,0,186,94,26,120,306
10/26/2005,LAN,MI,AGL,CE,Combined TRACON& Tower with Radar,42,33,56,2,133,0,0,67,0,67,42,33,123,2,200,116,18,134,334
10/27/2005,LAN,MI,AGL,CE,Combined TRACON& Tower with Radar,39,51,44,2,136,0,0,68,2,70,39,51,112,4,206,94,2,96,302
10/28/2005,LAN,MI,AGL,CE,Combined TRACON& Tower with Radar,35,52,43,0,130,0,4,81,0,85,35,56,124,0,215,80,0,80,295
10/29/2005,LAN,MI,AGL,CE,Combined TRACON& Tower with Radar,31,22,24,0,77,0,4,46,0,50,31,26,70,0,127,44,0,44,171
10/30/2005,LAN,MI,AGL,CE,Combined TRACON& Tower with Radar,20,36,24,0,80,0,0,39,0,39,20,36,63,0,119,4,0,4,123
10/31/2005,LAN,MI,AGL,CE,Combined TRACON& Tower with Radar,26,35,32,0,93,0,0,11,0,11,26,35,43,0,104,24,0,24,128
11/01/2005,LAN,MI,AGL,CE,Combined TRACON& Tower with Radar,13,65,48,0,126,0,2,37,0,39,13,67,85,0,165,116,12,128,293
11/02/2005,LAN,MI,AGL,CE,Combined TRACON& Tower with Radar,41,35,55,0,131,0,0,67,0,67,41,35,122,0,198,126,0,126,324
11/03/2005,LAN,MI,AGL,CE,Combined TRACON& Tower with Radar,20,66,88,0,174,0,0,40,0,40,20,66,128,0,214,108,0,108,322
11/04/2005,LAN,MI,AGL,CE,Combined TRACON& Tower with Radar,38,43,26,0,107,0,0,36,0,36,38,43,62,0,143,122,18,140,283
11/05/2005,LAN,MI,AGL,CE,Combined TRACON& Tower with Radar,33,29,24,1,87,0,0,24,0,24,33,29,48,1,111,28,0,28,139
11/06/2005,LAN,MI,AGL,CE,Combined TRACON& Tower with Radar,13,25,4,0,42,0,0,0,3,3,13,25,4,3,45,4,2,6,51
11/07/2005,LAN,MI,AGL,CE,Combined TRACON& Tower with Radar,38,22,37,0,97,0,0,47,0,47,38,22,84,0,144,138,8,146,290
11/08/2005,LAN,MI,AGL,CE,Combined TRACON& Tower with Radar,52,37,52,0,141,0,0,86,0,86,52,37,138,0,227,186,36,222,449
11/09/2005,LAN,MI,AGL,CE,Combined TRACON& Tower with Radar,16,67,24,0,107,0,1,2,0,3,16,68,26,0,110,20,0,20,130
11/10/2005,LAN,MI,AGL,CE,Combined TRACON& Tower with Radar,0,47,35,0,82,44,0,31,0,75,44,47,66,0,157,82,22,104,261
11/11/2005,LAN,MI,AGL,CE,Combined TRACON& Tower with Radar,38,38,39,0,115,0,0,49,0,49,38,38,88,0,164,100,0,100,264
11/12/2005,LAN,MI,AGL,CE,Combined TRACON& Tower with Radar,27,41,39,0,107,0,5,63,0,68,27,46,102,0,175,104,8,112,287
11/13/2005,LAN,MI,AGL,CE,Combined TRACON& Tower with Radar,11,31,4,0,46,0,0,0,0,0,11,31,4,0,46,0,0,0,46
11/14/2005,LAN,MI,AGL,CE,Combined TRACON& Tower with Radar,47,20,34,5,106,0,0,132,0,132,47,20,166,5,238,132,0,132,370
11/15/2005,LAN,MI,AGL,CE,Combined TRACON& Tower with Radar,33,36,61,2,132,0,0,1,0,1,33,36,62,2,133,74,16,90,223
11/16/2005,LAN,MI,AGL,CE,Combined TRACON& Tower with Radar,63,52,15,2,132,0,0,2,0,2,63,52,17,2,134,36,0,36,170
11/17/2005,LAN,MI,AGL,CE,Combined TRACON& Tower with Radar,16,60,50,2,128,0,0,9,0,9,16,60,59,2,137,40,0,40,177
11/18/2005,LAN,MI,AGL,CE,Combined TRACON& Tower with Radar,42,46,54,2,144,0,0,40,0,40,42,46,94,2,184,136,0,136,320
11/19/2005,LAN,MI,AGL,CE,Combined TRACON& Tower with Radar,34,26,56,0,116,0,2,56,0,58,34,28,112,0,174,130,0,130,304
11/20/2005,LAN,MI,AGL,CE,Combined TRACON& Tower with Radar,13,46,28,2,89,0,0,53,0,53,13,46,81,2,142,96,8,104,246
11/21/2005,LAN,MI,AGL,CE,Combined TRACON& Tower with Radar,46,23,39,2,110,0,0,5,0,5,46,23,44,2,115,0,0,0,115
11/22/2005,LAN,MI,AGL,CE,Combined TRACON& Tower with Radar,20,57,57,3,137,0,0,25,2,27,20,57,82,5,164,62,8,70,234
11/23/2005,LAN,MI,AGL,CE,Combined TRACON& Tower with Radar,59,31,12,4,106,0,0,2,0,2,59,31,14,4,108,24,0,24,132
11/24/2005,LAN,MI,AGL,CE,Combined TRACON& Tower with Radar,9,41,4,0,54,0,0,0,0,0,9,41,4,0,54,0,0,0,54
11/25/2005,LAN,MI,AGL,CE,Combined TRACON& Tower with Radar,39,36,14,0,89,0,0,18,0,18,39,36,32,0,107,4,0,4,111
11/26/2005,LAN,MI,AGL,CE,Combined TRACON& Tower with Radar,32,26,31,0,89,0,1,43,0,44,32,27,74,0,133,10,0,10,143
11/27/2005,LAN,MI,AGL,CE,Combined TRACON& Tower with Radar,26,17,19,3,65,0,0,2,0,2,26,17,21,3,67,0,0,0,67
11/28/2005,LAN,MI,AGL,CE,Combined TRACON& Tower with Radar,47,17,19,0,83,0,0,0,0,0,47,17,19,0,83,0,0,0,83
11/29/2005,LAN,MI,AGL,CE,Combined TRACON& Tower with Radar,53,54,40,2,149,0,0,20,0,20,53,54,60,2,169,42,0,42,211
11/30/2005,LAN,MI,AGL,CE,Combined TRACON& Tower with Radar,54,65,33,2,154,0,0,6,0,6,54,65,39,2,160,10,0,10,170
12/01/2005,LAN,MI,AGL,CE,Combined TRACON& Tower with Radar,30,56,18,2,106,0,2,16,0,18,30,58,34,2,124,36,0,36,160
12/02/2005,LAN,MI,AGL,CE,Combined TRACON& Tower with Radar,35,51,25,2,113,0,1,9,0,10,35,52,34,2,123,68,10,78,201
12/03/2005,LAN,MI,AGL,CE,Combined TRACON& Tower with Radar,25,29,45,8,107,0,3,54,4,61,25,32,99,12,168,72,0,72,240
12/04/2005,LAN,MI,AGL,CE,Combined TRACON& Tower with Radar,46,32,36,0,114,0,0,18,0,18,46,32,54,0,132,26,0,26,158
12/05/2005,LAN,MI,AGL,CE,Combined TRACON& Tower with Radar,55,38,35,3,131,0,0,8,0,8,55,38,43,3,139,48,0,48,187
12/06/2005,LAN,MI,AGL,CE,Combined TRACON& Tower with Radar,23,67,50,3,143,0,0,29,0,29,23,67,79,3,172,120,8,128,300
12/07/2005,LAN,MI,AGL,CE,Combined TRACON& Tower with Radar,55,60,60,0,175,0,0,42,0,42,55,60,102,0,217,108,18,126,343
12/08/2005,LAN,MI,AGL,CE,Combined TRACON& Tower with Radar,20,58,41,0,119,0,0,51,0,51,20,58,92,0,170,88,0,88,258
12/09/2005,LAN,MI,AGL,CE,Combined TRACON& Tower with Radar,38,42,39,15,134,0,0,24,4,28,38,42,63,19,162,70,10,80,242
12/10/2005,LAN,MI,AGL,CE,Combined TRACON& Tower with Radar,26,29,15,0,70,0,1,17,0,18,26,30,32,0,88,22,0,22,110
12/11/2005,LAN,MI,AGL,CE,Combined TRACON& Tower with Radar,8,29,5,0,42,0,0,2,0,2,8,29,7,0,44,32,12,44,88
12/12/2005,LAN,MI,AGL,CE,Combined TRACON& Tower with Radar,16,41,54,3,114,0,0,78,2,80,16,41,132,5,194,182,18,200,394
12/13/2005,LAN,MI,AGL,CE,Combined TRACON& Tower with Radar,18,72,52,0,142,0,1,17,0,18,18,73,69,0,160,68,0,68,228
12/14/2005,LAN,MI,AGL,CE,Combined TRACON& Tower with Radar,51,42,52,2,147,0,0,51,0,51,51,42,103,2,198,63,8,71,269
12/15/2005,LAN,MI,AGL,CE,Combined TRACON& Tower with Radar,17,54,22,0,93,0,0,0,0,0,17,54,22,0,93,0,0,0,93
12/16/2005,LAN,MI,AGL,CE,Combined TRACON& Tower with Radar,37,48,42,0,127,0,0,4,0,4,37,48,46,0,131,6,0,6,137
12/17/2005,LAN,MI,AGL,CE,Combined TRACON& Tower with Radar,25,31,21,0,77,0,0,18,0,18,25,31,39,0,95,42,0,42,137
12/18/2005,LAN,MI,AGL,CE,Combined TRACON& Tower with Radar,11,29,37,0,77,0,0,7,0,7,11,29,44,0,84,16,0,16,100
12/19/2005,LAN,MI,AGL,CE,Combined TRACON& Tower with Radar,35,43,52,3,133,0,0,17,0,17,35,43,69,3,150,62,2,64,214
12/20/2005,LAN,MI,AGL,CE,Combined TRACON& Tower with Radar,60,37,39,0,136,0,0,21,0,21,60,37,60,0,157,60,0,60,217
12/21/2005,LAN,MI,AGL,CE,Combined TRACON& Tower with Radar,26,77,20,2,125,0,0,20,0,20,26,77,40,2,145,80,0,80,225
12/22/2005,LAN,MI,AGL,CE,Combined TRACON& Tower with Radar,59,50,45,0,154,0,0,24,0,24,59,50,69,0,178,28,0,28,206
12/23/2005,LAN,MI,AGL,CE,Combined TRACON& Tower with Radar,38,54,37,0,129,0,0,20,0,20,38,54,57,0,149,58,0,58,207
12/24/2005,LAN,MI,AGL,CE,Combined TRACON& Tower with Radar,32,36,9,0,77,0,0,0,0,0,32,36,9,0,77,0,0,0,77
12/25/2005,LAN,MI,AGL,CE,Combined TRACON& Tower with Radar,18,17,1,0,36,0,0,0,0,0,18,17,1,0,36,0,0,0,36
12/26/2005,LAN,MI,AGL,CE,Combined TRACON& Tower with Radar,33,9,15,0,57,0,0,16,0,16,33,9,31,0,73,0,0,0,73
12/27/2005,LAN,MI,AGL,CE,Combined TRACON& Tower with Radar,18,47,32,0,97,0,0,0,0,0,18,47,32,0,97,52,4,56,153
12/28/2005,LAN,MI,AGL,CE,Combined TRACON& Tower with Radar,18,63,23,0,104,0,0,0,0,0,18,63,23,0,104,30,0,30,134
12/29/2005,LAN,MI,AGL,CE,Combined TRACON& Tower with Radar,16,90,13,0,119,0,0,2,0,2,16,90,15,0,121,20,0,20,141
12/30/2005,LAN,MI,AGL,CE,Combined TRACON& Tower with Radar,28,64,10,0,102,0,0,8,0,8,28,64,18,0,110,26,0,26,136
12/31/2005,LAN,MI,AGL,CE,Combined TRACON& Tower with Radar,20,42,6,0,68,0,0,0,0,0,20,42,6,0,68,0,0,0,68
01/01/2006,LAN,MI,AGL,CE,Combined TRACON& Tower with Radar,16,21,30,0,67,0,0,24,0,24,16,21,54,0,91,26,0,26,117
01/02/2006,LAN,MI,AGL,CE,Combined TRACON& Tower with Radar,45,12,33,0,90,0,0,0,0,0,45,12,33,0,90,0,0,0,90
01/03/2006,LAN,MI,AGL,CE,Combined TRACON& Tower with Radar,40,42,30,0,112,0,0,0,0,0,40,42,30,0,112,10,0,10,122
01/04/2006,LAN,MI,AGL,CE,Combined TRACON& Tower with Radar,57,29,20,0,106,0,0,0,0,0,57,29,20,0,106,0,0,0,106
01/05/2006,LAN,MI,AGL,CE,Combined TRACON& Tower with Radar,22,52,25,6,105,0,0,1,0,1,22,52,26,6,106,6,0,6,112
01/06/2006,LAN,MI,AGL,CE,Combined TRACON& Tower with Radar,36,38,66,0,140,0,0,69,0,69,36,38,135,0,209,102,0,102,311
01/07/2006,LAN,MI,AGL,CE,Combined TRACON& Tower with Radar,21,29,4,0,54,0,0,0,0,0,21,29,4,0,54,0,0,0,54
01/08/2006,LAN,MI,AGL,CE,Combined TRACON& Tower with Radar,36,24,42,0,102,0,0,16,0,16,36,24,58,0,118,12,0,12,130
01/09/2006,LAN,MI,AGL,CE,Combined TRACON& Tower with Radar,30,31,24,0,85,0,0,17,0,17,30,31,41,0,102,114,0,114,216
01/10/2006,LAN,MI,AGL,CE,Combined TRACON& Tower with Radar,34,35,81,1,151,0,0,77,0,77,34,35,158,1,228,19,8,27,255
01/11/2006,LAN,MI,AGL,CE,Combined TRACON& Tower with Radar,16,57,42,0,115,0,0,4,0,4,16,57,46,0,119,30,0,30,149
01/12/2006,LAN,MI,AGL,CE,Combined TRACON& Tower with Radar,24,54,67,2,147,0,0,66,0,66,24,54,133,2,213,88,0,88,301
01/13/2006,LAN,MI,AGL,CE,Combined TRACON& Tower with Radar,39,36,51,0,126,0,0,12,0,12,39,36,63,0,138,22,0,22,160
01/14/2006,LAN,MI,AGL,CE,Combined TRACON& Tower with Radar,21,31,11,0,63,0,1,17,0,18,21,32,28,0,81,18,0,18,99
01/15/2006,LAN,MI,AGL,CE,Combined TRACON& Tower with Radar,26,19,28,0,73,0,1,65,0,66,26,20,93,0,139,80,4,84,223
01/16/2006,LAN,MI,AGL,CE,Combined TRACON& Tower with Radar,36,22,38,0,96,0,0,29,0,29,36,22,67,0,125,56,0,56,181
01/17/2006,LAN,MI,AGL,CE,Combined TRACON& Tower with Radar,30,48,23,0,101,0,0,0,0,0,30,48,23,0,101,0,0,0,101
01/18/2006,LAN,MI,AGL,CE,Combined TRACON& Tower with Radar,52,49,32,0,133,0,0,0,0,0,52,49,32,0,133,25,0,25,158
01/19/2006,LAN,MI,AGL,CE,Combined TRACON& Tower with Radar,25,58,43,0,126,0,0,62,0,62,25,58,105,0,188,44,4,48,236
01/20/2006,LAN,MI,AGL,CE,Combined TRACON& Tower with Radar,36,34,82,2,154,0,0,14,0,14,36,34,96,2,168,106,6,112,280
01/21/2006,LAN,MI,AGL,CE,Combined TRACON& Tower with Radar,18,29,31,0,78,0,0,60,0,60,18,29,91,0,138,110,0,110,248
01/22/2006,LAN,MI,AGL,CE,Combined TRACON& Tower with Radar,17,19,29,2,67,0,0,86,0,86,17,19,115,2,153,92,0,92,245
01/23/2006,LAN,MI,AGL,CE,Combined TRACON& Tower with Radar,23,61,64,0,148,3,0,65,0,68,26,61,129,0,216,86,0,86,302
01/24/2006,LAN,MI,AGL,CE,Combined TRACON& Tower with Radar,39,46,12,0,97,0,0,1,0,1,39,46,13,0,98,10,0,10,108
01/25/2006,LAN,MI,AGL,CE,Combined TRACON& Tower with Radar,18,58,44,2,122,0,0,27,0,27,18,58,71,2,149,50,0,50,199
01/26/2006,LAN,MI,AGL,CE,Combined TRACON& Tower with Radar,44,42,62,0,148,0,8,94,0,102,44,50,156,0,250,88,2,90,340
01/27/2006,LAN,MI,AGL,CE,Combined TRACON& Tower with Radar,40,47,38,0,125,0,2,63,0,65,40,49,101,0,190,138,4,142,332
01/28/2006,LAN,MI,AGL,CE,Combined TRACON& Tower with Radar,22,35,54,0,111,0,2,61,0,63,22,37,115,0,174,68,0,68,242
01/29/2006,LAN,MI,AGL,CE,Combined TRACON& Tower with Radar,36,7,41,0,84,0,0,0,0,0,36,7,41,0,84,0,0,0,84
01/30/2006,LAN,MI,AGL,CE,Combined TRACON& Tower with Radar,19,29,19,0,67,0,0,6,0,6,19,29,25,0,73,40,0,40,113
01/31/2006,LAN,MI,AGL,CE,Combined TRACON& Tower with Radar,21,63,32,0,116,0,0,24,0,24,21,63,56,0,140,102,22,124,264
02/01/2006,LAN,MI,AGL,CE,Combined TRACON& Tower with Radar,31,52,45,0,128,0,0,61,0,61,31,52,106,0,189,42,0,42,231
02/02/2006,LAN,MI,AGL,CE,Combined TRACON& Tower with Radar,22,49,34,0,105,0,0,56,2,58,22,49,90,2,163,120,12,132,295
02/03/2006,LAN,MI,AGL,CE,Combined TRACON& Tower with Radar,58,36,74,3,171,0,0,20,0,20,58,36,94,3,191,94,6,100,291
02/04/2006,LAN,MI,AGL,CE,Combined TRACON& Tower with Radar,22,38,14,0,74,0,0,2,0,2,22,38,16,0,76,0,0,0,76
02/05/2006,LAN,MI,AGL,CE,Combined TRACON& Tower with Radar,15,24,5,0,44,0,0,0,0,0,15,24,5,0,44,0,0,0,44
02/06/2006,LAN,MI,AGL,CE,Combined TRACON& Tower with Radar,43,29,37,0,109,0,0,18,0,18,43,29,55,0,127,0,0,0,127
02/07/2006,LAN,MI,AGL,CE,Combined TRACON& Tower with Radar,20,42,32,2,96,0,0,48,0,48,20,42,80,2,144,148,24,172,316
02/08/2006,LAN,MI,AGL,CE,Combined TRACON& Tower with Radar,28,80,33,0,141,0,2,16,0,18,28,82,49,0,159,76,12,88,247
02/09/2006,LAN,MI,AGL,CE,Combined TRACON& Tower with Radar,25,58,57,1,141,0,0,56,1,57,25,58,113,2,198,140,2,142,340
02/10/2006,LAN,MI,AGL,CE,Combined TRACON& Tower with Radar,38,42,33,0,113,0,0,15,0,15,38,42,48,0,128,46,0,46,174
02/11/2006,LAN,MI,AGL,CE,Combined TRACON& Tower with Radar,19,39,21,0,79,0,0,14,0,14,19,39,35,0,93,46,0,46,139
02/12/2006,LAN,MI,AGL,CE,Combined TRACON& Tower with Radar,24,31,39,0,94,0,0,46,0,46,24,31,85,0,140,72,0,72,212
02/13/2006,LAN,MI,AGL,CE,Combined TRACON& Tower with Radar,45,54,39,0,138,0,0,48,2,50,45,54,87,2,188,88,0,88,276
02/14/2006,LAN,MI,AGL,CE,Combined TRACON& Tower with Radar,18,45,47,0,110,0,0,43,0,43,18,45,90,0,153,108,0,108,261
02/15/2006,LAN,MI,AGL,CE,Combined TRACON& Tower with Radar,17,56,37,0,110,0,0,53,0,53,17,56,90,0,163,120,0,120,283
02/16/2006,LAN,MI,AGL,CE,Combined TRACON& Tower with Radar,30,52,12,0,94,0,0,14,0,14,30,52,26,0,108,0,0,0,108
02/17/2006,LAN,MI,AGL,CE,Combined TRACON& Tower with Radar,63,39,55,0,157,0,0,19,0,19,63,39,74,0,176,34,4,38,214
02/18/2006,LAN,MI,AGL,CE,Combined TRACON& Tower with Radar,15,38,35,0,88,3,0,26,0,29,18,38,61,0,117,118,18,136,253
02/19/2006,LAN,MI,AGL,CE,Combined TRACON& Tower with Radar,14,24,25,0,63,0,0,10,0,10,14,24,35,0,73,108,9,117,190
02/20/2006,LAN,MI,AGL,CE,Combined TRACON& Tower with Radar,43,27,66,0,136,0,0,67,0,67,43,27,133,0,203,92,0,92,295
02/21/2006,LAN,MI,AGL,CE,Combined TRACON& Tower with Radar,17,52,64,6,139,0,1,68,0,69,17,53,132,6,208,124,12,136,344
02/22/2006,LAN,MI,AGL,CE,Combined TRACON& Tower with Radar,18,56,47,4,125,0,0,80,1,81,18,56,127,5,206,72,0,72,278
02/23/2006,LAN,MI,AGL,CE,Combined TRACON& Tower with Radar,22,45,35,0,102,0,0,36,0,36,22,45,71,0,138,34,0,34,172
02/24/2006,LAN,MI,AGL,CE,Combined TRACON& Tower with Radar,62,48,61,9,180,0,0,98,0,98,62,48,159,9,278,122,8,130,408
02/25/2006,LAN,MI,AGL,CE,Combined TRACON& Tower with Radar,28,23,16,0,67,0,0,6,0,6,28,23,22,0,73,20,0,20,93
02/26/2006,LAN,MI,AGL,CE,Combined TRACON& Tower with Radar,17,22,13,0,52,0,0,47,0,47,17,22,60,0,99,86,0,86,185
02/27/2006,LAN,MI,AGL,CE,Combined TRACON& Tower with Radar,38,49,44,0,131,0,2,33,0,35,38,51,77,0,166,82,8,90,256
02/28/2006,LAN,MI,AGL,CE,Combined TRACON& Tower with Radar,39,41,82,3,165,0,0,98,0,98,39,41,180,3,263,172,22,194,457
03/01/2006,LAN,MI,AGL,CE,Combined TRACON& Tower with Radar,51,24,63,0,138,0,0,55,0,55,51,24,118,0,193,124,4,128,321
03/02/2006,LAN,MI,AGL,CE,Combined TRACON& Tower with Radar,18,53,20,2,93,0,0,4,0,4,18,53,24,2,97,0,0,0,97
03/03/2006,LAN,MI,AGL,CE,Combined TRACON& Tower with Radar,39,48,73,11,171,0,2,61,0,63,39,50,134,11,234,160,32,192,426
03/04/2006,LAN,MI,AGL,CE,Combined TRACON& Tower with Radar,26,39,70,10,145,0,2,91,1,94,26,41,161,11,239,116,4,120,359
03/05/2006,LAN,MI,AGL,CE,Combined TRACON& Tower with Radar,16,14,19,3,52,0,0,38,2,40,16,14,57,5,92,44,2,46,138
03/06/2006,LAN,MI,AGL,CE,Combined TRACON& Tower with Radar,47,29,36,3,115,0,0,28,0,28,47,29,64,3,143,60,0,60,203
03/07/2006,LAN,MI,AGL,CE,Combined TRACON& Tower with Radar,31,46,51,0,128,0,0,94,0,94,31,46,145,0,222,116,16,132,354
03/08/2006,LAN,MI,AGL,CE,Combined TRACON& Tower with Radar,37,34,41,0,112,0,0,24,0,24,37,34,65,0,136,62,0,62,198
03/09/2006,LAN,MI,AGL,CE,Combined TRACON& Tower with Radar,42,16,39,0,97,0,0,0,0,0,42,16,39,0,97,28,0,28,125
03/10/2006,LAN,MI,AGL,CE,Combined TRACON& Tower with Radar,36,52,30,8,126,0,0,28,2,30,36,52,58,10,156,92,6,98,254
03/11/2006,LAN,MI,AGL,CE,Combined TRACON& Tower with Radar,21,30,21,0,72,0,2,43,0,45,21,32,64,0,117,10,0,10,127
03/12/2006,LAN,MI,AGL,CE,Combined TRACON& Tower with Radar,7,17,29,1,54,0,0,11,0,11,7,17,40,1,65,30,0,30,95
03/13/2006,LAN,MI,AGL,CE,Combined TRACON& Tower with Radar,29,17,23,0,69,0,0,1,0,1,29,17,24,0,70,0,0,0,70
03/14/2006,LAN,MI,AGL,CE,Combined TRACON& Tower with Radar,23,63,29,0,115,0,0,2,0,2,23,63,31,0,117,48,18,66,183
03/15/2006,LAN,MI,AGL,CE,Combined TRACON& Tower with Radar,19,55,67,1,142,0,0,42,1,43,19,55,109,2,185,120,0,120,305
03/16/2006,LAN,MI,AGL,CE,Combined TRACON& Tower with Radar,22,49,37,0,108,0,0,36,0,36,22,49,73,0,144,120,0,120,264
03/17/2006,LAN,MI,AGL,CE,Combined TRACON& Tower with Radar,46,74,124,0,244,0,2,129,10,141,46,76,253,10,385,120,8,128,513
03/18/2006,LAN,MI,AGL,CE,Combined TRACON& Tower with Radar,19,32,51,2,104,0,5,39,0,44,19,37,90,2,148,92,0,92,240
03/19/2006,LAN,MI,AGL,CE,Combined TRACON& Tower with Radar,13,22,9,0,44,0,0,48,0,48,13,22,57,0,92,22,12,34,126
03/20/2006,LAN,MI,AGL,CE,Combined TRACON& Tower with Radar,39,27,60,0,126,0,0,53,0,53,39,27,113,0,179,100,0,100,279
03/21/2006,LAN,MI,AGL,CE,Combined TRACON& Tower with Radar,33,43,28,8,112,0,0,55,0,55,33,43,83,8,167,126,6,132,299
03/22/2006,LAN,MI,AGL,CE,Combined TRACON& Tower with Radar,23,54,43,1,121,0,0,29,0,29,23,54,72,1,150,28,0,28,178
03/23/2006,LAN,MI,AGL,CE,Combined TRACON& Tower with Radar,20,53,62,3,138,0,0,43,0,43,20,53,105,3,181,70,0,70,251
03/24/2006,LAN,MI,AGL,CE,Combined TRACON& Tower with Radar,38,53,92,4,187,0,0,27,0,27,38,53,119,4,214,62,4,66,280
03/25/2006,LAN,MI,AGL,CE,Combined TRACON& Tower with Radar,17,41,15,0,73,0,0,7,0,7,17,41,22,0,80,12,2,14,94
03/26/2006,LAN,MI,AGL,CE,Combined TRACON& Tower with Radar,12,23,60,0,95,0,0,74,0,74,12,23,134,0,169,122,0,122,291
03/27/2006,LAN,MI,AGL,CE,Combined TRACON& Tower with Radar,47,41,37,0,125,0,1,43,0,44,47,42,80,0,169,42,0,42,211
03/28/2006,LAN,MI,AGL,CE,Combined TRACON& Tower with Radar,18,56,65,0,139,0,0,16,0,16,18,56,81,0,155,86,8,94,249
03/29/2006,LAN,MI,AGL,CE,Combined TRACON& Tower with Radar,46,29,78,1,154,0,0,92,0,92,46,29,170,1,246,158,12,170,416
03/30/2006,LAN,MI,AGL,CE,Combined TRACON& Tower with Radar,32,54,49,0,135,0,0,89,4,93,32,54,138,4,228,140,8,148,376
03/31/2006,LAN,MI,AGL,CE,Combined TRACON& Tower with Radar,76,39,49,2,166,0,2,47,0,49,76,41,96,2,215,24,2,26,241
04/01/2006,LAN,MI,AGL,CE,Combined TRACON& Tower with Radar,21,25,41,0,87,0,0,8,0,8,21,25,49,0,95,24,0,24,119
04/02/2006,LAN,MI,AGL,CE,Combined TRACON& Tower with Radar,13,24,37,0,74,0,0,4,0,4,13,24,41,0,78,24,0,24,102
04/03/2006,LAN,MI,AGL,CE,Combined TRACON& Tower with Radar,41,37,23,0,101,0,0,8,0,8,41,37,31,0,109,0,0,0,109
04/04/2006,LAN,MI,AGL,CE,Combined TRACON& Tower with Radar,36,32,30,0,98,0,0,19,0,19,36,32,49,0,117,0,0,0,117
04/05/2006,LAN,MI,AGL,CE,Combined TRACON& Tower with Radar,38,32,58,2,130,0,0,56,2,58,38,32,114,4,188,96,18,114,302
04/06/2006,LAN,MI,AGL,CE,Combined TRACON& Tower with Radar,21,51,54,0,126,0,0,68,0,68,21,51,122,0,194,82,0,82,276
04/07/2006,LAN,MI,AGL,CE,Combined TRACON& Tower with Radar,26,54,46,5,131,0,0,1,0,1,26,54,47,5,132,62,2,64,196
04/08/2006,LAN,MI,AGL,CE,Combined TRACON& Tower with Radar,34,23,29,1,87,0,2,55,0,57,34,25,84,1,144,122,0,122,266
04/09/2006,LAN,MI,AGL,CE,Combined TRACON& Tower with Radar,16,22,30,3,71,0,0,85,0,85,16,22,115,3,156,136,0,136,292
04/10/2006,LAN,MI,AGL,CE,Combined TRACON& Tower with Radar,49,52,88,0,189,0,0,83,0,83,49,52,171,0,272,148,0,148,420
04/11/2006,LAN,MI,AGL,CE,Combined TRACON& Tower with Radar,17,58,70,0,145,0,0,61,0,61,17,58,131,0,206,168,16,184,390
04/12/2006,LAN,MI,AGL,CE,Combined TRACON& Tower with Radar,19,56,36,4,115,0,0,5,0,5,19,56,41,4,120,16,0,16,136
04/13/2006,LAN,MI,AGL,CE,Combined TRACON& Tower with Radar,23,52,51,2,128,0,0,71,0,71,23,52,122,2,199,168,26,194,393
04/14/2006,LAN,MI,AGL,CE,Combined TRACON& Tower with Radar,42,29,37,0,108,0,0,51,0,51,42,29,88,0,159,126,8,134,293
04/15/2006,LAN,MI,AGL,CE,Combined TRACON& Tower with Radar,17,36,44,0,97,0,3,76,0,79,17,39,120,0,176,136,4,140,316
04/16/2006,LAN,MI,AGL,CE,Combined TRACON& Tower with Radar,44,20,31,0,95,0,0,30,0,30,44,20,61,0,125,0,0,0,125
04/17/2006,LAN,MI,AGL,CE,Combined TRACON& Tower with Radar,47,39,87,0,173,0,0,44,0,44,47,39,131,0,217,88,0,88,305
04/18/2006,LAN,MI,AGL,CE,Combined TRACON& Tower with Radar,16,48,48,2,114,0,0,72,0,72,16,48,120,2,186,170,22,192,378
04/19/2006,LAN,MI,AGL,CE,Combined TRACON& Tower with Radar,19,50,48,0,117,0,0,48,2,50,19,50,96,2,167,56,2,58,225
04/20/2006,LAN,MI,AGL,CE,Combined TRACON& Tower with Radar,21,43,28,2,94,0,0,65,0,65,21,43,93,2,159,69,2,71,230
04/21/2006,LAN,MI,AGL,CE,Combined TRACON& Tower with Radar,45,41,78,4,168,0,0,74,0,74,45,41,152,4,242,88,12,100,342
04/22/2006,LAN,MI,AGL,CE,Combined TRACON& Tower with Radar,22,23,34,0,79,0,15,61,5,81,22,38,95,5,160,78,4,82,242
04/23/2006,LAN,MI,AGL,CE,Combined TRACON& Tower with Radar,15,22,14,0,51,0,0,15,0,15,15,22,29,0,66,20,0,20,86
04/24/2006,LAN,MI,AGL,CE,Combined TRACON& Tower with Radar,42,21,29,3,95,0,0,41,0,41,42,21,70,3,136,50,0,50,186
04/25/2006,LAN,MI,AGL,CE,Combined TRACON& Tower with Radar,26,37,46,0,109,0,0,20,0,20,26,37,66,0,129,106,8,114,243
04/26/2006,LAN,MI,AGL,CE,Combined TRACON& Tower with Radar,55,41,52,0,148,0,0,124,0,124,55,41,176,0,272,75,10,85,357
04/27/2006,LAN,MI,AGL,CE,Combined TRACON& Tower with Radar,21,57,39,2,119,0,0,62,0,62,21,57,101,2,181,64,0,64,245
04/28/2006,LAN,MI,AGL,CE,Combined TRACON& Tower with Radar,42,29,33,4,108,0,0,58,4,62,42,29,91,8,170,98,6,104,274
04/29/2006,LAN,MI,AGL,CE,Combined TRACON& Tower with Radar,15,30,19,0,64,0,0,52,1,53,15,30,71,1,117,78,2,80,197
04/30/2006,LAN,MI,AGL,CE,Combined TRACON& Tower with Radar,21,19,15,5,60,0,0,27,0,27,21,19,42,5,87,68,0,68,155
05/01/2006,LAN,MI,AGL,CE,Combined TRACON& Tower with Radar,25,58,44,4,131,0,0,21,0,21,25,58,65,4,152,20,0,20,172
05/02/2006,LAN,MI,AGL,CE,Combined TRACON& Tower with Radar,19,56,61,5,141,0,0,3,2,5,19,56,64,7,146,72,2,74,220
05/03/2006,LAN,MI,AGL,CE,Combined TRACON& Tower with Radar,55,37,53,4,149,0,0,52,0,52,55,37,105,4,201,82,6,88,289
05/04/2006,LAN,MI,AGL,CE,Combined TRACON& Tower with Radar,25,44,48,0,117,0,0,66,1,67,25,44,114,1,184,194,8,202,386
05/05/2006,LAN,MI,AGL,CE,Combined TRACON& Tower with Radar,40,32,46,9,127,0,2,70,0,72,40,34,116,9,199,68,0,68,267
05/06/2006,LAN,MI,AGL,CE,Combined TRACON& Tower with Radar,14,37,19,0,70,0,2,56,6,64,14,39,75,6,134,78,4,82,216
05/07/2006,LAN,MI,AGL,CE,Combined TRACON& Tower with Radar,14,17,15,0,46,0,0,39,0,39,14,17,54,0,85,60,0,60,145
05/08/2006,LAN,MI,AGL,CE,Combined TRACON& Tower with Radar,39,24,26,2,91,0,0,57,0,57,39,24,83,2,148,66,0,66,214
05/09/2006,LAN,MI,AGL,CE,Combined TRACON& Tower with Radar,17,46,42,0,105,0,1,51,2,54,17,47,93,2,159,60,2,62,221
05/10/2006,LAN,MI,AGL,CE,Combined TRACON& Tower with Radar,16,50,47,5,118,0,0,24,0,24,16,50,71,5,142,70,10,80,222
05/11/2006,LAN,MI,AGL,CE,Combined TRACON& Tower with Radar,22,46,29,0,97,0,0,1,0,1,22,46,30,0,98,0,0,0,98
05/12/2006,LAN,MI,AGL,CE,Combined TRACON& Tower with Radar,36,61,54,0,151,0,0,8,0,8,36,61,62,0,159,16,0,16,175
05/13/2006,LAN,MI,AGL,CE,Combined TRACON& Tower with Radar,30,29,39,0,98,0,0,4,0,4,30,29,43,0,102,0,0,0,102
05/14/2006,LAN,MI,AGL,CE,Combined TRACON& Tower with Radar,25,28,47,0,100,0,0,8,0,8,25,28,55,0,108,0,0,0,108
05/15/2006,LAN,MI,AGL,CE,Combined TRACON& Tower with Radar,46,47,59,0,152,0,0,4,1,5,46,47,63,1,157,0,0,0,157
05/16/2006,LAN,MI,AGL,CE,Combined TRACON& Tower with Radar,19,48,59,3,129,0,0,26,0,26,19,48,85,3,155,68,2,70,225
05/17/2006,LAN,MI,AGL,CE,Combined TRACON& Tower with Radar,21,51,66,5,143,0,0,40,3,43,21,51,106,8,186,74,6,80,266
05/18/2006,LAN,MI,AGL,CE,Combined TRACON& Tower with Radar,21,47,42,0,110,0,0,22,0,22,21,47,64,0,132,4,0,4,136
05/19/2006,LAN,MI,AGL,CE,Combined TRACON& Tower with Radar,58,41,63,4,166,0,0,27,0,27,58,41,90,4,193,52,6,58,251
05/20/2006,LAN,MI,AGL,CE,Combined TRACON& Tower with Radar,21,31,59,6,117,0,7,112,2,121,21,38,171,8,238,142,6,148,386
05/21/2006,LAN,MI,AGL,CE,Combined TRACON& Tower with Radar,33,27,41,1,102,0,0,39,0,39,33,27,80,1,141,32,0,32,173
05/22/2006,LAN,MI,AGL,CE,Combined TRACON& Tower with Radar,44,43,61,1,149,0,0,49,0,49,44,43,110,1,198,86,0,86,284
05/23/2006,LAN,MI,AGL,CE,Combined TRACON& Tower with Radar,23,54,63,1,141,0,0,78,0,78,23,54,141,1,219,112,14,126,345
05/24/2006,LAN,MI,AGL,CE,Combined TRACON& Tower with Radar,36,32,61,0,129,0,0,67,0,67,36,32,128,0,196,86,4,90,286
05/25/2006,LAN,MI,AGL,CE,Combined TRACON& Tower with Radar,30,42,41,0,113,0,0,23,0,23,30,42,64,0,136,60,10,70,206
05/26/2006,LAN,MI,AGL,CE,Combined TRACON& Tower with Radar,43,26,51,1,121,0,0,27,0,27,43,26,78,1,148,16,0,16,164
05/27/2006,LAN,MI,AGL,CE,Combined TRACON& Tower with Radar,26,19,31,0,76,0,0,37,0,37,26,19,68,0,113,26,0,26,139
05/28/2006,LAN,MI,AGL,CE,Combined TRACON& Tower with Radar,37,14,29,0,80,0,0,15,0,15,37,14,44,0,95,38,0,38,133
05/29/2006,LAN,MI,AGL,CE,Combined TRACON& Tower with Radar,49,37,41,0,127,0,0,59,0,59,49,37,100,0,186,46,0,46,232
05/30/2006,LAN,MI,AGL,CE,Combined TRACON& Tower with Radar,15,47,29,4,95,0,2,18,2,22,15,49,47,6,117,40,6,46,163
05/31/2006,LAN,MI,AGL,CE,Combined TRACON& Tower with Radar,18,47,36,1,102,0,0,30,3,33,18,47,66,4,135,66,6,72,207
06/01/2006,LAN,MI,AGL,CE,Combined TRACON& Tower with Radar,22,46,52,0,120,0,0,69,0,69,22,46,121,0,189,54,0,54,243
06/02/2006,LAN,MI,AGL,CE,Combined TRACON& Tower with Radar,51,32,67,5,155,0,0,102,3,105,51,32,169,8,260,148,4,152,412
06/03/2006,LAN,MI,AGL,CE,Combined TRACON& Tower with Radar,33,37,25,0,95,0,0,39,0,39,33,37,64,0,134,42,0,42,176
06/04/2006,LAN,MI,AGL,CE,Combined TRACON& Tower with Radar,33,18,25,7,83,0,12,44,0,56,33,30,69,7,139,56,10,66,205
06/05/2006,LAN,MI,AGL,CE,Combined TRACON& Tower with Radar,42,51,52,2,147,0,4,65,0,69,42,55,117,2,216,110,10,120,336
06/06/2006,LAN,MI,AGL,CE,Combined TRACON& Tower with Radar,38,34,56,0,128,0,0,66,0,66,38,34,122,0,194,76,0,76,270
06/07/2006,LAN,MI,AGL,CE,Combined TRACON& Tower with Radar,16,61,42,3,122,0,0,28,0,28,16,61,70,3,150,100,0,100,250
06/08/2006,LAN,MI,AGL,CE,Combined TRACON& Tower with Radar,22,52,68,1,143,0,0,42,0,42,22,52,110,1,185,56,2,58,243
06/09/2006,LAN,MI,AGL,CE,Combined TRACON& Tower with Radar,53,43,65,6,167,0,0,93,0,93,53,43,158,6,260,192,8,200,460
06/10/2006,LAN,MI,AGL,CE,Combined TRACON& Tower with Radar,28,19,46,0,93,0,5,51,2,58,28,24,97,2,151,84,0,84,235
06/11/2006,LAN,MI,AGL,CE,Combined TRACON& Tower with Radar,37,42,37,5,121,0,12,63,0,75,37,54,100,5,196,98,0,98,294
06/12/2006,LAN,MI,AGL,CE,Combined TRACON& Tower with Radar,31,45,51,8,135,0,0,51,0,51,31,45,102,8,186,112,4,116,302
06/13/2006,LAN,MI,AGL,CE,Combined TRACON& Tower with Radar,15,47,80,0,142,0,0,55,0,55,15,47,135,0,197,88,0,88,285
06/14/2006,LAN,MI,AGL,CE,Combined TRACON& Tower with Radar,38,36,45,0,119,0,0,67,0,67,38,36,112,0,186,92,4,96,282
06/15/2006,LAN,MI,AGL,CE,Combined TRACON& Tower with Radar,30,42,46,1,119,0,0,75,4,79,30,42,121,5,198,106,0,106,304
06/16/2006,LAN,MI,AGL,CE,Combined TRACON& Tower with Radar,25,44,37,6,112,0,0,68,6,74,25,44,105,12,186,96,4,100,286
06/17/2006,LAN,MI,AGL,CE,Combined TRACON& Tower with Radar,30,8,41,0,79,0,0,25,0,25,30,8,66,0,104,68,0,68,172
06/18/2006,LAN,MI,AGL,CE,Combined TRACON& Tower with Radar,9,19,16,0,44,0,0,7,0,7,9,19,23,0,51,0,0,0,51
06/19/2006,LAN,MI,AGL,CE,Combined TRACON& Tower with Radar,44,51,72,2,169,0,0,33,0,33,44,51,105,2,202,80,0,80,282
06/20/2006,LAN,MI,AGL,CE,Combined TRACON& Tower with Radar,17,48,38,0,103,0,0,73,4,77,17,48,111,4,180,72,4,76,256
06/21/2006,LAN,MI,AGL,CE,Combined TRACON& Tower with Radar,27,48,46,3,124,0,0,31,0,31,27,48,77,3,155,46,0,46,201
06/22/2006,LAN,MI,AGL,CE,Combined TRACON& Tower with Radar,19,76,55,5,155,0,0,69,1,70,19,76,124,6,225,190,2,192,417
06/23/2006,LAN,MI,AGL,CE,Combined TRACON& Tower with Radar,28,58,68,6,160,0,0,77,0,77,28,58,145,6,237,62,6,68,305
06/24/2006,LAN,MI,AGL,CE,Combined TRACON& Tower with Radar,28,19,19,0,66,0,6,51,0,57,28,25,70,0,123,86,0,86,209
06/25/2006,LAN,MI,AGL,CE,Combined TRACON& Tower with Radar,13,15,23,2,53,0,0,34,0,34,13,15,57,2,87,58,0,58,145
06/26/2006,LAN,MI,AGL,CE,Combined TRACON& Tower with Radar,42,37,57,0,136,0,0,65,0,65,42,37,122,0,201,98,0,98,299
06/27/2006,LAN,MI,AGL,CE,Combined TRACON& Tower with Radar,18,46,45,5,114,0,0,39,5,44,18,46,84,10,158,58,8,66,224
06/28/2006,LAN,MI,AGL,CE,Combined TRACON& Tower with Radar,19,47,47,0,113,0,0,45,0,45,19,47,92,0,158,136,0,136,294
06/29/2006,LAN,MI,AGL,CE,Combined TRACON& Tower with Radar,23,51,59,2,135,0,0,58,1,59,23,51,117,3,194,58,0,58,252
06/30/2006,LAN,MI,AGL,CE,Combined TRACON& Tower with Radar,36,37,48,3,124,0,0,81,3,84,36,37,129,6,208,137,12,149,357
07/01/2006,LAN,MI,AGL,CE,Combined TRACON& Tower with Radar,20,38,22,0,80,0,2,33,0,35,20,40,55,0,115,12,4,16,131
07/02/2006,LAN,MI,AGL,CE,Combined TRACON& Tower with Radar,16,18,20,0,54,0,0,29,0,29,16,18,49,0,83,12,0,12,95
07/03/2006,LAN,MI,AGL,CE,Combined TRACON& Tower with Radar,16,37,25,0,78,0,0,21,0,21,16,37,46,0,99,46,0,46,145
07/04/2006,LAN,MI,AGL,CE,Combined TRACON& Tower with Radar,21,15,18,0,54,0,0,24,0,24,21,15,42,0,78,24,0,24,102
07/05/2006,LAN,MI,AGL,CE,Combined TRACON& Tower with Radar,16,48,31,0,95,0,0,71,0,71,16,48,102,0,166,86,0,86,252
07/06/2006,LAN,MI,AGL,CE,Combined TRACON& Tower with Radar,16,63,26,1,106,0,3,67,4,74,16,66,93,5,180,170,16,186,366
07/07/2006,LAN,MI,AGL,CE,Combined TRACON& Tower with Radar,26,48,27,0,101,0,0,87,0,87,26,48,114,0,188,132,0,132,320
07/08/2006,LAN,MI,AGL,CE,Combined TRACON& Tower with Radar,14,39,28,2,83,0,0,76,1,77,14,39,104,3,160,122,0,122,282
07/09/2006,LAN,MI,AGL,CE,Combined TRACON& Tower with Radar,33,17,41,6,97,0,0,29,0,29,33,17,70,6,126,36,4,40,166
07/10/2006,LAN,MI,AGL,CE,Combined TRACON& Tower with Radar,43,29,32,0,104,0,0,43,0,43,43,29,75,0,147,28,0,28,175
07/11/2006,LAN,MI,AGL,CE,Combined TRACON& Tower with Radar,26,39,46,12,123,0,0,29,0,29,26,39,75,12,152,24,4,28,180
07/12/2006,LAN,MI,AGL,CE,Combined TRACON& Tower with Radar,20,40,50,0,110,0,0,20,0,20,20,40,70,0,130,36,0,36,166
07/13/2006,LAN,MI,AGL,CE,Combined TRACON& Tower with Radar,21,45,59,0,125,0,0,39,0,39,21,45,98,0,164,56,0,56,220
07/14/2006,LAN,MI,AGL,CE,Combined TRACON& Tower with Radar,52,21,67,6,146,0,0,44,0,44,52,21,111,6,190,126,14,140,330
07/15/2006,LAN,MI,AGL,CE,Combined TRACON& Tower with Radar,24,25,23,0,72,0,3,23,0,26,24,28,46,0,98,58,0,58,156
07/16/2006,LAN,MI,AGL,CE,Combined TRACON& Tower with Radar,41,22,37,1,101,0,0,51,0,51,41,22,88,1,152,54,0,54,206
07/17/2006,LAN,MI,AGL,CE,Combined TRACON& Tower with Radar,42,47,39,2,130,0,0,37,0,37,42,47,76,2,167,38,0,38,205
07/18/2006,LAN,MI,AGL,CE,Combined TRACON& Tower with Radar,33,39,58,3,133,0,0,63,0,63,33,39,121,3,196,126,8,134,330
07/19/2006,LAN,MI,AGL,CE,Combined TRACON& Tower with Radar,16,48,35,0,99,0,0,46,0,46,16,48,81,0,145,44,0,44,189
07/20/2006,LAN,MI,AGL,CE,Combined TRACON& Tower with Radar,20,42,19,1,82,0,0,23,2,25,20,42,42,3,107,10,0,10,117
07/21/2006,LAN,MI,AGL,CE,Combined TRACON& Tower with Radar,37,30,48,2,117,0,0,52,0,52,37,30,100,2,169,84,0,84,253
07/22/2006,LAN,MI,AGL,CE,Combined TRACON& Tower with Radar,23,21,26,0,70,0,2,42,0,44,23,23,68,0,114,88,0,88,202
07/23/2006,LAN,MI,AGL,CE,Combined TRACON& Tower with Radar,31,24,29,2,86,0,0,57,0,57,31,24,86,2,143,94,0,94,237
07/24/2006,LAN,MI,AGL,CE,Combined TRACON& Tower with Radar,31,43,40,2,116,0,0,56,0,56,31,43,96,2,172,52,0,52,224
07/25/2006,LAN,MI,AGL,CE,Combined TRACON& Tower with Radar,17,48,39,6,110,0,0,38,0,38,17,48,77,6,148,60,16,76,224
07/26/2006,LAN,MI,AGL,CE,Combined TRACON& Tower with Radar,36,38,51,0,125,0,0,42,0,42,36,38,93,0,167,58,2,60,227
07/27/2006,LAN,MI,AGL,CE,Combined TRACON& Tower with Radar,21,47,47,0,115,0,0,16,0,16,21,47,63,0,131,24,0,24,155
07/28/2006,LAN,MI,AGL,CE,Combined TRACON& Tower with Radar,43,32,61,0,136,0,0,46,0,46,43,32,107,0,182,68,6,74,256
07/29/2006,LAN,MI,AGL,CE,Combined TRACON& Tower with Radar,13,29,31,0,73,0,0,42,0,42,13,29,73,0,115,58,0,58,173
07/30/2006,LAN,MI,AGL,CE,Combined TRACON& Tower with Radar,28,4,36,0,68,0,0,29,0,29,28,4,65,0,97,17,10,27,124
07/31/2006,LAN,MI,AGL,CE,Combined TRACON& Tower with Radar,34,41,68,0,143,0,3,65,0,68,34,44,133,0,211,108,0,108,319
08/01/2006,LAN,MI,AGL,CE,Combined TRACON& Tower with Radar,26,44,39,0,109,0,0,56,0,56,26,44,95,0,165,76,10,86,251
08/02/2006,LAN,MI,AGL,CE,Combined TRACON& Tower with Radar,15,47,19,0,81,0,0,36,0,36,15,47,55,0,117,24,0,24,141
08/03/2006,LAN,MI,AGL,CE,Combined TRACON& Tower with Radar,20,44,52,0,116,0,0,10,0,10,20,44,62,0,126,6,0,6,132
08/04/2006,LAN,MI,AGL,CE,Combined TRACON& Tower with Radar,22,53,28,0,103,0,2,104,0,106,22,55,132,0,209,222,0,222,431
08/05/2006,LAN,MI,AGL,CE,Combined TRACON& Tower with Radar,14,31,17,0,62,0,7,47,0,54,14,38,64,0,116,78,0,78,194
08/06/2006,LAN,MI,AGL,CE,Combined TRACON& Tower with Radar,37,32,49,0,118,0,2,41,0,43,37,34,90,0,161,60,0,60,221
08/07/2006,LAN,MI,AGL,CE,Combined TRACON& Tower with Radar,16,39,36,0,91,0,2,59,0,61,16,41,95,0,152,32,0,32,184
08/08/2006,LAN,MI,AGL,CE,Combined TRACON& Tower with Radar,16,47,43,0,106,0,2,65,0,67,16,49,108,0,173,50,6,56,229
08/09/2006,LAN,MI,AGL,CE,Combined TRACON& Tower with Radar,16,53,43,0,112,0,1,92,0,93,16,54,135,0,205,88,0,88,293
08/10/2006,LAN,MI,AGL,CE,Combined TRACON& Tower with Radar,20,38,60,1,119,0,4,37,0,41,20,42,97,1,160,92,0,92,252
08/11/2006,LAN,MI,AGL,CE,Combined TRACON& Tower with Radar,25,52,50,1,128,0,2,82,0,84,25,54,132,1,212,70,0,70,282
08/12/2006,LAN,MI,AGL,CE,Combined TRACON& Tower with Radar,43,26,17,2,88,0,0,42,0,42,43,26,59,2,130,40,2,42,172
08/13/2006,LAN,MI,AGL,CE,Combined TRACON& Tower with Radar,12,23,17,1,53,0,0,39,0,39,12,23,56,1,92,34,0,34,126
08/14/2006,LAN,MI,AGL,CE,Combined TRACON& Tower with Radar,28,55,37,0,120,0,0,20,0,20,28,55,57,0,140,54,0,54,194
08/15/2006,LAN,MI,AGL,CE,Combined TRACON& Tower with Radar,14,40,44,4,102,0,2,62,0,64,14,42,106,4,166,66,2,68,234
08/16/2006,LAN,MI,AGL,CE,Combined TRACON& Tower with Radar,35,32,39,5,111,0,2,63,10,75,35,34,102,15,186,68,14,82,268
08/17/2006,LAN,MI,AGL,CE,Combined TRACON& Tower with Radar,19,70,50,9,148,0,3,39,0,42,19,73,89,9,190,50,26,76,266
08/18/2006,LAN,MI,AGL,CE,Combined TRACON& Tower with Radar,53,31,53,9,146,0,0,61,0,61,53,31,114,9,207,52,10,62,269
08/19/2006,LAN,MI,AGL,CE,Combined TRACON& Tower with Radar,24,22,14,0,60,0,0,12,0,12,24,22,26,0,72,0,0,0,72
08/20/2006,LAN,MI,AGL,CE,Combined TRACON& Tower with Radar,17,11,24,0,52,0,0,39,0,39,17,11,63,0,91,38,0,38,129
08/21/2006,LAN,MI,AGL,CE,Combined TRACON& Tower with Radar,16,40,44,2,102,0,0,48,0,48,16,40,92,2,150,34,0,34,184
08/22/2006,LAN,MI,AGL,CE,Combined TRACON& Tower with Radar,31,41,43,0,115,0,0,68,0,68,31,41,111,0,183,42,0,42,225
08/23/2006,LAN,MI,AGL,CE,Combined TRACON& Tower with Radar,41,38,78,9,166,0,0,66,0,66,41,38,144,9,232,114,26,140,372
08/24/2006,LAN,MI,AGL,CE,Combined TRACON& Tower with Radar,31,47,72,3,153,0,0,10,0,10,31,47,82,3,163,10,0,10,173
08/25/2006,LAN,MI,AGL,CE,Combined TRACON& Tower with Radar,38,37,66,6,147,0,0,23,0,23,38,37,89,6,170,20,0,20,190
08/26/2006,LAN,MI,AGL,CE,Combined TRACON& Tower with Radar,42,23,36,2,103,0,0,21,0,21,42,23,57,2,124,22,0,22,146
08/27/2006,LAN,MI,AGL,CE,Combined TRACON& Tower with Radar,27,19,27,0,73,0,0,3,0,3,27,19,30,0,76,24,6,30,106
08/28/2006,LAN,MI,AGL,CE,Combined TRACON& Tower with Radar,17,28,34,0,79,0,0,27,0,27,17,28,61,0,106,50,0,50,156
08/29/2006,LAN,MI,AGL,CE,Combined TRACON& Tower with Radar,23,43,74,4,144,0,0,46,0,46,23,43,120,4,190,76,8,84,274
08/30/2006,LAN,MI,AGL,CE,Combined TRACON& Tower with Radar,19,48,44,5,116,0,0,32,0,32,19,48,76,5,148,68,0,68,216
08/31/2006,LAN,MI,AGL,CE,Combined TRACON& Tower with Radar,24,49,69,1,143,0,0,52,0,52,24,49,121,1,195,104,0,104,299
09/01/2006,LAN,MI,AGL,CE,Combined TRACON& Tower with Radar,52,32,56,3,143,0,0,64,0,64,52,32,120,3,207,80,6,86,293
09/02/2006,LAN,MI,AGL,CE,Combined TRACON& Tower with Radar,35,33,39,0,107,0,0,45,0,45,35,33,84,0,152,44,0,44,196
09/03/2006,LAN,MI,AGL,CE,Combined TRACON& Tower with Radar,25,14,23,0,62,0,0,37,0,37,25,14,60,0,99,26,0,26,125
09/04/2006,LAN,MI,AGL,CE,Combined TRACON& Tower with Radar,34,4,23,0,61,0,0,44,0,44,34,4,67,0,105,82,0,82,187
09/05/2006,LAN,MI,AGL,CE,Combined TRACON& Tower with Radar,20,45,36,0,101,0,0,28,2,30,20,45,64,2,131,22,12,34,165
09/06/2006,LAN,MI,AGL,CE,Combined TRACON& Tower with Radar,20,47,61,4,132,0,0,28,0,28,20,47,89,4,160,64,10,74,234
09/07/2006,LAN,MI,AGL,CE,Combined TRACON& Tower with Radar,20,39,50,5,114,0,0,37,0,37,20,39,87,5,151,100,0,100,251
09/08/2006,LAN,MI,AGL,CE,Combined TRACON& Tower with Radar,51,29,42,1,123,0,0,52,0,52,51,29,94,1,175,108,6,114,289
09/09/2006,LAN,MI,AGL,CE,Combined TRACON& Tower with Radar,26,17,49,0,92,0,0,3,0,3,26,17,52,0,95,8,0,8,103
09/10/2006,LAN,MI,AGL,CE,Combined TRACON& Tower with Radar,32,27,43,0,102,0,0,29,0,29,32,27,72,0,131,16,0,16,147
09/11/2006,LAN,MI,AGL,CE,Combined TRACON& Tower with Radar,22,51,23,0,96,0,0,36,6,42,22,51,59,6,138,22,0,22,160
09/12/2006,LAN,MI,AGL,CE,Combined TRACON& Tower with Radar,33,23,32,1,89,0,0,0,0,0,33,23,32,1,89,2,0,2,91
09/13/2006,LAN,MI,AGL,CE,Combined TRACON& Tower with Radar,34,41,54,1,130,0,0,4,0,4,34,41,58,1,134,48,16,64,198
09/14/2006,LAN,MI,AGL,CE,Combined TRACON& Tower with Radar,22,49,68,3,142,0,2,63,4,69,22,51,131,7,211,142,0,142,353
09/15/2006,LAN,MI,AGL,CE,Combined TRACON& Tower with Radar,37,45,61,2,145,0,6,84,0,90,37,51,145,2,235,76,0,76,311
09/16/2006,LAN,MI,AGL,CE,Combined TRACON& Tower with Radar,29,35,45,6,115,0,3,45,2,50,29,38,90,8,165,54,4,58,223
09/17/2006,LAN,MI,AGL,CE,Combined TRACON& Tower with Radar,23,17,44,0,84,0,0,33,0,33,23,17,77,0,117,46,0,46,163
09/18/2006,LAN,MI,AGL,CE,Combined TRACON& Tower with Radar,23,28,37,0,88,0,0,22,0,22,23,28,59,0,110,84,0,84,194
09/19/2006,LAN,MI,AGL,CE,Combined TRACON& Tower with Radar,35,39,64,6,144,0,0,36,0,36,35,39,100,6,180,46,6,52,232
09/20/2006,LAN,MI,AGL,CE,Combined TRACON& Tower with Radar,40,75,50,2,167,0,0,5,0,5,40,75,55,2,172,118,12,130,302
09/21/2006,LAN,MI,AGL,CE,Combined TRACON& Tower with Radar,34,33,40,0,107,0,5,71,4,80,34,38,111,4,187,110,0,110,297
09/22/2006,LAN,MI,AGL,CE,Combined TRACON& Tower with Radar,28,63,64,3,158,0,0,48,2,50,28,63,112,5,208,40,0,40,248
09/23/2006,LAN,MI,AGL,CE,Combined TRACON& Tower with Radar,21,20,37,0,78,0,0,0,0,0,21,20,37,0,78,8,0,8,86
09/24/2006,LAN,MI,AGL,CE,Combined TRACON& Tower with Radar,43,31,47,2,123,0,0,12,0,12,43,31,59,2,135,12,0,12,147
09/25/2006,LAN,MI,AGL,CE,Combined TRACON& Tower with Radar,48,51,52,0,151,0,3,47,0,50,48,54,99,0,201,48,0,48,249
09/26/2006,LAN,MI,AGL,CE,Combined TRACON& Tower with Radar,44,36,59,0,139,0,0,111,0,111,44,36,170,0,250,140,18,158,408
09/27/2006,LAN,MI,AGL,CE,Combined TRACON& Tower with Radar,21,64,48,3,136,0,0,30,1,31,21,64,78,4,167,40,0,40,207
09/28/2006,LAN,MI,AGL,CE,Combined TRACON& Tower with Radar,21,56,74,4,155,0,0,33,2,35,21,56,107,6,190,68,0,68,258
09/29/2006,LAN,MI,AGL,CE,Combined TRACON& Tower with Radar,38,54,73,8,173,0,4,89,2,95,38,58,162,10,268,134,6,140,408
09/30/2006,LAN,MI,AGL,CE,Combined TRACON& Tower with Radar,35,24,17,0,76,0,0,15,0,15,35,24,32,0,91,14,0,14,105
10/01/2006,LAN,MI,AGL,CE,Combined TRACON& Tower with Radar,33,25,47,1,106,0,0,54,0,54,33,25,101,1,160,64,0,64,224
10/02/2006,LAN,MI,AGL,CE,Combined TRACON& Tower with Radar,45,51,42,2,140,0,0,29,0,29,45,51,71,2,169,64,0,64,233
10/03/2006,LAN,MI,AGL,CE,Combined TRACON& Tower with Radar,35,20,34,1,90,0,0,53,1,54,35,20,87,2,144,106,18,124,268
10/04/2006,LAN,MI,AGL,CE,Combined TRACON& Tower with Radar,20,41,35,0,96,0,0,0,0,0,20,41,35,0,96,0,0,0,96
10/05/2006,LAN,MI,AGL,CE,Combined TRACON& Tower with Radar,38,29,41,5,113,0,0,41,6,47,38,29,82,11,160,56,6,62,222
10/06/2006,LAN,MI,AGL,CE,Combined TRACON& Tower with Radar,36,42,46,6,130,0,2,91,4,97,36,44,137,10,227,152,10,162,389
10/07/2006,LAN,MI,AGL,CE,Combined TRACON& Tower with Radar,28,17,31,0,76,0,12,56,0,68,28,29,87,0,144,68,4,72,216
10/08/2006,LAN,MI,AGL,CE,Combined TRACON& Tower with Radar,34,23,67,0,124,0,0,67,0,67,34,23,134,0,191,66,4,70,261
10/09/2006,LAN,MI,AGL,CE,Combined TRACON& Tower with Radar,29,15,30,0,74,0,0,40,0,40,29,15,70,0,114,56,0,56,170
10/10/2006,LAN,MI,AGL,CE,Combined TRACON& Tower with Radar,29,38,49,0,116,0,0,42,0,42,29,38,91,0,158,30,0,30,188
10/11/2006,LAN,MI,AGL,CE,Combined TRACON& Tower with Radar,31,33,40,0,104,0,0,8,112,120,31,33,48,112,224,26,0,26,250
10/12/2006,LAN,MI,AGL,CE,Combined TRACON& Tower with Radar,18,44,31,0,93,0,0,1,0,1,18,44,32,0,94,0,0,0,94
10/13/2006,LAN,MI,AGL,CE,Combined TRACON& Tower with Radar,49,46,39,4,138,0,0,11,0,11,49,46,50,4,149,32,6,38,187
10/14/2006,LAN,MI,AGL,CE,Combined TRACON& Tower with Radar,24,22,28,5,79,22,0,22,0,44,46,22,50,5,123,20,10,30,153
10/15/2006,LAN,MI,AGL,CE,Combined TRACON& Tower with Radar,41,23,57,1,122,0,0,61,0,61,41,23,118,1,183,118,0,118,301
10/16/2006,LAN,MI,AGL,CE,Combined TRACON& Tower with Radar,34,22,28,1,85,0,0,30,0,30,34,22,58,1,115,122,0,122,237
10/17/2006,LAN,MI,AGL,CE,Combined TRACON& Tower with Radar,27,21,32,2,82,0,0,0,1,1,27,21,32,3,83,0,0,0,83
10/18/2006,LAN,MI,AGL,CE,Combined TRACON& Tower with Radar,21,28,40,0,89,0,0,20,0,20,21,28,60,0,109,62,0,62,171
10/19/2006,LAN,MI,AGL,CE,Combined TRACON& Tower with Radar,37,29,69,3,138,0,0,38,0,38,37,29,107,3,176,104,4,108,284
10/20/2006,LAN,MI,AGL,CE,Combined TRACON& Tower with Radar,36,41,51,6,134,0,6,85,2,93,36,47,136,8,227,152,0,152,379
10/21/2006,LAN,MI,AGL,CE,Combined TRACON& Tower with Radar,30,16,32,3,81,0,4,28,0,32,30,20,60,3,113,48,0,48,161
10/22/2006,LAN,MI,AGL,CE,Combined TRACON& Tower with Radar,36,27,49,2,114,0,0,3,0,3,36,27,52,2,117,2,0,2,119
10/23/2006,LAN,MI,AGL,CE,Combined TRACON& Tower with Radar,47,51,53,0,151,0,2,57,1,60,47,53,110,1,211,118,0,118,329
10/24/2006,LAN,MI,AGL,CE,Combined TRACON& Tower with Radar,21,45,41,2,109,0,0,89,2,91,21,45,130,4,200,148,0,148,348
10/25/2006,LAN,MI,AGL,CE,Combined TRACON& Tower with Radar,20,50,63,0,133,0,0,71,0,71,20,50,134,0,204,96,0,96,300
10/26/2006,LAN,MI,AGL,CE,Combined TRACON& Tower with Radar,21,38,32,4,95,0,0,38,1,39,21,38,70,5,134,50,2,52,186
10/27/2006,LAN,MI,AGL,CE,Combined TRACON& Tower with Radar,35,32,46,0,113,0,0,0,0,0,35,32,46,0,113,0,0,0,113
10/28/2006,LAN,MI,AGL,CE,Combined TRACON& Tower with Radar,19,25,5,0,49,0,1,0,0,1,19,26,5,0,50,0,0,0,50
10/29/2006,LAN,MI,AGL,CE,Combined TRACON& Tower with Radar,34,17,29,0,80,0,0,22,0,22,34,17,51,0,102,24,0,24,126
10/30/2006,LAN,MI,AGL,CE,Combined TRACON& Tower with Radar,16,33,63,0,112,0,0,48,0,48,16,33,111,0,160,48,0,48,208
10/31/2006,LAN,MI,AGL,CE,Combined TRACON& Tower with Radar,31,36,48,0,115,0,0,12,0,12,31,36,60,0,127,78,0,78,205
11/01/2006,LAN,MI,AGL,CE,Combined TRACON& Tower with Radar,26,43,46,0,115,0,0,29,0,29,26,43,75,0,144,142,0,142,286
11/02/2006,LAN,MI,AGL,CE,Combined TRACON& Tower with Radar,32,24,28,1,85,0,0,6,2,8,32,24,34,3,93,10,2,12,105
11/03/2006,LAN,MI,AGL,CE,Combined TRACON& Tower with Radar,51,33,51,11,146,0,0,68,2,70,51,33,119,13,216,46,13,59,275
11/04/2006,LAN,MI,AGL,CE,Combined TRACON& Tower with Radar,29,21,26,2,78,0,2,38,0,40,29,23,64,2,118,52,0,52,170
11/05/2006,LAN,MI,AGL,CE,Combined TRACON& Tower with Radar,16,19,17,2,54,0,5,50,2,57,16,24,67,4,111,94,0,94,205
11/06/2006,LAN,MI,AGL,CE,Combined TRACON& Tower with Radar,31,23,51,1,106,0,0,52,0,52,31,23,103,1,158,110,0,110,268
11/07/2006,LAN,MI,AGL,CE,Combined TRACON& Tower with Radar,37,51,33,0,121,0,0,2,0,2,37,51,35,0,123,12,0,12,135
11/08/2006,LAN,MI,AGL,CE,Combined TRACON& Tower with Radar,20,42,44,7,113,0,0,6,0,6,20,42,50,7,119,40,0,40,159
11/09/2006,LAN,MI,AGL,CE,Combined TRACON& Tower with Radar,28,35,58,6,127,0,2,61,0,63,28,37,119,6,190,110,6,116,306
11/10/2006,LAN,MI,AGL,CE,Combined TRACON& Tower with Radar,39,20,70,2,131,0,0,83,0,83,39,20,153,2,214,160,4,164,378
11/11/2006,LAN,MI,AGL,CE,Combined TRACON& Tower with Radar,29,21,9,2,61,0,0,0,0,0,29,21,9,2,61,0,10,10,71
11/12/2006,LAN,MI,AGL,CE,Combined TRACON& Tower with Radar,42,27,33,1,103,0,0,31,0,31,42,27,64,1,134,32,0,32,166
11/13/2006,LAN,MI,AGL,CE,Combined TRACON& Tower with Radar,45,47,26,6,124,0,0,15,0,15,45,47,41,6,139,46,0,46,185
11/14/2006,LAN,MI,AGL,CE,Combined TRACON& Tower with Radar,35,28,40,5,108,0,0,41,1,42,35,28,81,6,150,68,6,74,224
11/15/2006,LAN,MI,AGL,CE,Combined TRACON& Tower with Radar,23,39,63,1,126,0,0,9,0,9,23,39,72,1,135,56,0,56,191
11/16/2006,LAN,MI,AGL,CE,Combined TRACON& Tower with Radar,21,29,34,0,84,0,0,1,0,1,21,29,35,0,85,44,0,44,129
11/17/2006,LAN,MI,AGL,CE,Combined TRACON& Tower with Radar,37,56,58,0,151,0,0,72,4,76,37,56,130,4,227,190,10,200,427
11/18/2006,LAN,MI,AGL,CE,Combined TRACON& Tower with Radar,31,21,55,0,107,0,0,18,0,18,31,21,73,0,125,72,0,72,197
11/19/2006,LAN,MI,AGL,CE,Combined TRACON& Tower with Radar,21,16,19,0,56,0,0,15,0,15,21,16,34,0,71,39,0,39,110
11/20/2006,LAN,MI,AGL,CE,Combined TRACON& Tower with Radar,33,18,47,0,98,0,2,44,0,46,33,20,91,0,144,80,0,80,224
11/21/2006,LAN,MI,AGL,CE,Combined TRACON& Tower with Radar,35,33,40,2,110,0,1,58,0,59,35,34,98,2,169,50,0,50,219
11/22/2006,LAN,MI,AGL,CE,Combined TRACON& Tower with Radar,22,46,52,2,122,0,0,85,0,85,22,46,137,2,207,114,0,114,321
11/23/2006,LAN,MI,AGL,CE,Combined TRACON& Tower with Radar,14,21,8,0,43,0,0,14,0,14,14,21,22,0,57,6,0,6,63
11/24/2006,LAN,MI,AGL,CE,Combined TRACON& Tower with Radar,37,32,25,0,94,0,1,77,0,78,37,33,102,0,172,38,0,38,210
11/25/2006,LAN,MI,AGL,CE,Combined TRACON& Tower with Radar,21,29,17,2,69,0,3,39,0,42,21,32,56,2,111,36,0,36,147
11/26/2006,LAN,MI,AGL,CE,Combined TRACON& Tower with Radar,41,37,49,0,127,0,3,57,1,61,41,40,106,1,188,44,0,44,232
11/27/2006,LAN,MI,AGL,CE,Combined TRACON& Tower with Radar,55,47,61,1,164,0,0,41,0,41,55,47,102,1,205,78,0,78,283
11/28/2006,LAN,MI,AGL,CE,Combined TRACON& Tower with Radar,31,44,45,2,122,0,0,55,0,55,31,44,100,2,177,156,12,168,345
11/29/2006,LAN,MI,AGL,CE,Combined TRACON& Tower with Radar,20,41,51,9,121,0,0,13,2,15,20,41,64,11,136,38,12,50,186
11/30/2006,LAN,MI,AGL,CE,Combined TRACON& Tower with Radar,43,16,44,1,104,0,0,0,0,0,43,16,44,1,104,14,0,14,118
12/01/2006,LAN,MI,AGL,CE,Combined TRACON& Tower with Radar,26,30,9,0,65,0,0,2,0,2,26,30,11,0,67,0,0,0,67
12/02/2006,LAN,MI,AGL,CE,Combined TRACON& Tower with Radar,29,13,17,0,59,0,0,11,0,11,29,13,28,0,70,32,0,32,102
12/03/2006,LAN,MI,AGL,CE,Combined TRACON& Tower with Radar,37,23,31,1,92,0,0,0,0,0,37,23,31,1,92,0,0,0,92
12/04/2006,LAN,MI,AGL,CE,Combined TRACON& Tower with Radar,30,30,18,1,79,0,0,6,0,6,30,30,24,1,85,24,0,24,109
12/05/2006,LAN,MI,AGL,CE,Combined TRACON& Tower with Radar,33,29,33,0,95,0,0,38,0,38,33,29,71,0,133,122,14,136,269
12/06/2006,LAN,MI,AGL,CE,Combined TRACON& Tower with Radar,21,44,48,0,113,0,0,16,0,16,21,44,64,0,129,86,0,86,215
12/07/2006,LAN,MI,AGL,CE,Combined TRACON& Tower with Radar,30,36,53,2,121,0,0,18,1,19,30,36,71,3,140,48,0,48,188
12/08/2006,LAN,MI,AGL,CE,Combined TRACON& Tower with Radar,34,73,81,0,188,0,2,70,0,72,34,75,151,0,260,176,0,176,436
12/09/2006,LAN,MI,AGL,CE,Combined TRACON& Tower with Radar,23,23,31,0,77,0,2,47,0,49,23,25,78,0,126,46,0,46,172
12/10/2006,LAN,MI,AGL,CE,Combined TRACON& Tower with Radar,27,18,18,3,66,0,0,112,0,112,27,18,130,3,178,128,3,131,309
12/11/2006,LAN,MI,AGL,CE,Combined TRACON& Tower with Radar,47,41,57,0,145,0,0,56,0,56,47,41,113,0,201,94,0,94,295
12/12/2006,LAN,MI,AGL,CE,Combined TRACON& Tower with Radar,30,31,34,0,95,0,0,6,0,6,30,31,40,0,101,16,0,16,117
12/13/2006,LAN,MI,AGL,CE,Combined TRACON& Tower with Radar,17,26,37,0,80,0,0,2,0,2,17,26,39,0,82,24,0,24,106
12/14/2006,LAN,MI,AGL,CE,Combined TRACON& Tower with Radar,51,49,59,4,163,0,0,53,0,53,51,49,112,4,216,68,4,72,288
12/15/2006,LAN,MI,AGL,CE,Combined TRACON& Tower with Radar,27,38,31,4,100,0,0,34,0,34,27,38,65,4,134,62,2,64,198
12/16/2006,LAN,MI,AGL,CE,Combined TRACON& Tower with Radar,18,23,18,0,59,0,0,34,0,34,18,23,52,0,93,66,0,66,159
12/17/2006,LAN,MI,AGL,CE,Combined TRACON& Tower with Radar,16,17,21,2,56,0,0,26,0,26,16,17,47,2,82,24,0,24,106
12/18/2006,LAN,MI,AGL,CE,Combined TRACON& Tower with Radar,35,24,44,0,103,0,0,54,0,54,35,24,98,0,157,58,6,64,221
12/19/2006,LAN,MI,AGL,CE,Combined TRACON& Tower with Radar,29,45,45,1,120,0,1,102,8,111,29,46,147,9,231,124,8,132,363
12/20/2006,LAN,MI,AGL,CE,Combined TRACON& Tower with Radar,25,49,33,3,110,0,1,46,3,50,25,50,79,6,160,74,18,92,252
12/21/2006,LAN,MI,AGL,CE,Combined TRACON& Tower with Radar,43,56,82,2,183,0,0,29,0,29,43,56,111,2,212,112,4,116,328
12/22/2006,LAN,MI,AGL,CE,Combined TRACON& Tower with Radar,38,46,42,2,128,0,0,0,0,0,38,46,42,2,128,0,0,0,128
12/23/2006,LAN,MI,AGL,CE,Combined TRACON& Tower with Radar,31,31,17,0,79,0,0,0,0,0,31,31,17,0,79,0,0,0,79
12/24/2006,LAN,MI,AGL,CE,Combined TRACON& Tower with Radar,33,14,31,0,78,0,0,36,0,36,33,14,67,0,114,0,0,0,114
12/25/2006,LAN,MI,AGL,CE,Combined TRACON& Tower with Radar,31,34,0,0,65,0,0,2,0,2,31,34,2,0,67,0,0,0,67
12/26/2006,LAN,MI,AGL,CE,Combined TRACON& Tower with Radar,27,32,11,0,70,0,0,4,10,14,27,32,15,10,84,22,10,32,116
12/27/2006,LAN,MI,AGL,CE,Combined TRACON& Tower with Radar,19,38,24,1,82,0,1,43,1,45,19,39,67,2,127,94,14,108,235
12/28/2006,LAN,MI,AGL,CE,Combined TRACON& Tower with Radar,40,23,36,2,101,0,0,37,2,39,40,23,73,4,140,98,2,100,240
12/29/2006,LAN,MI,AGL,CE,Combined TRACON& Tower with Radar,26,45,64,0,135,0,0,26,11,37,26,45,90,11,172,78,4,82,254
12/30/2006,LAN,MI,AGL,CE,Combined TRACON& Tower with Radar,30,13,69,1,113,0,0,35,0,35,30,13,104,1,148,82,6,88,236
12/31/2006,LAN,MI,AGL,CE,Combined TRACON& Tower with Radar,25,6,20,0,51,0,0,0,51,51,25,6,20,51,102,0,0,0,102
01/01/2007,LAN,MI,AGL,CE,Combined TRACON& Tower with Radar,24,10,3,0,37,0,0,0,3,3,24,10,3,3,40,0,0,0,40
01/02/2007,LAN,MI,AGL,CE,Combined TRACON& Tower with Radar,28,25,19,0,72,0,4,46,5,55,28,29,65,5,127,48,6,54,181
01/03/2007,LAN,MI,AGL,CE,Combined TRACON& Tower with Radar,22,42,44,0,108,0,2,36,6,44,22,44,80,6,152,96,6,102,254
01/04/2007,LAN,MI,AGL,CE,Combined TRACON& Tower with Radar,39,28,38,2,107,0,0,10,0,10,39,28,48,2,117,46,0,46,163
01/05/2007,LAN,MI,AGL,CE,Combined TRACON& Tower with Radar,24,64,51,0,139,0,4,28,6,38,24,68,79,6,177,80,0,80,257
01/06/2007,LAN,MI,AGL,CE,Combined TRACON& Tower with Radar,14,22,30,0,66,0,0,2,0,2,14,22,32,0,68,10,0,10,78
01/07/2007,LAN,MI,AGL,CE,Combined TRACON& Tower with Radar,41,33,39,2,115,0,0,18,0,18,41,33,57,2,133,28,0,28,161
01/08/2007,LAN,MI,AGL,CE,Combined TRACON& Tower with Radar,42,18,26,0,86,0,2,14,8,24,42,20,40,8,110,16,6,22,132
01/09/2007,LAN,MI,AGL,CE,Combined TRACON& Tower with Radar,17,43,15,0,75,0,0,27,3,30,17,43,42,3,105,70,4,74,179
01/10/2007,LAN,MI,AGL,CE,Combined TRACON& Tower with Radar,16,54,47,1,118,0,0,80,1,81,16,54,127,2,199,122,0,122,321
01/11/2007,LAN,MI,AGL,CE,Combined TRACON& Tower with Radar,40,16,38,0,94,0,1,12,0,13,40,17,50,0,107,10,0,10,117
01/12/2007,LAN,MI,AGL,CE,Combined TRACON& Tower with Radar,38,28,32,0,98,0,0,0,0,0,38,28,32,0,98,4,0,4,102
01/13/2007,LAN,MI,AGL,CE,Combined TRACON& Tower with Radar,30,21,6,0,57,0,0,2,0,2,30,21,8,0,59,8,0,8,67
01/14/2007,LAN,MI,AGL,CE,Combined TRACON& Tower with Radar,33,31,11,0,75,0,0,0,0,0,33,31,11,0,75,0,0,0,75
01/15/2007,LAN,MI,AGL,CE,Combined TRACON& Tower with Radar,14,16,17,0,47,0,0,0,0,0,14,16,17,0,47,0,0,0,47
01/16/2007,LAN,MI,AGL,CE,Combined TRACON& Tower with Radar,32,41,31,2,106,0,0,29,0,29,32,41,60,2,135,66,16,82,217
01/17/2007,LAN,MI,AGL,CE,Combined TRACON& Tower with Radar,17,40,50,1,108,0,0,29,0,29,17,40,79,1,137,90,0,90,227
01/18/2007,LAN,MI,AGL,CE,Combined TRACON& Tower with Radar,34,24,25,9,92,0,0,33,0,33,34,24,58,9,125,48,0,48,173
01/19/2007,LAN,MI,AGL,CE,Combined TRACON& Tower with Radar,35,44,30,0,109,0,2,10,4,16,35,46,40,4,125,48,0,48,173
01/20/2007,LAN,MI,AGL,CE,Combined TRACON& Tower with Radar,21,18,32,4,75,0,0,75,8,83,21,18,107,12,158,92,4,96,254
01/21/2007,LAN,MI,AGL,CE,Combined TRACON& Tower with Radar,32,21,33,0,86,0,0,4,0,4,32,21,37,0,90,14,0,14,104
01/22/2007,LAN,MI,AGL,CE,Combined TRACON& Tower with Radar,42,34,42,8,126,0,6,22,6,34,42,40,64,14,160,34,12,46,206
01/23/2007,LAN,MI,AGL,CE,Combined TRACON& Tower with Radar,21,43,24,0,88,0,2,7,0,9,21,45,31,0,97,44,0,44,141
01/24/2007,LAN,MI,AGL,CE,Combined TRACON& Tower with Radar,17,50,32,2,101,0,0,10,0,10,17,50,42,2,111,58,0,58,169
01/25/2007,LAN,MI,AGL,CE,Combined TRACON& Tower with Radar,41,30,35,0,106,0,0,42,2,44,41,30,77,2,150,90,4,94,244
01/26/2007,LAN,MI,AGL,CE,Combined TRACON& Tower with Radar,36,51,29,0,116,0,0,11,0,11,36,51,40,0,127,34,0,34,161
01/27/2007,LAN,MI,AGL,CE,Combined TRACON& Tower with Radar,26,24,10,0,60,0,0,10,0,10,26,24,20,0,70,0,0,0,70
01/28/2007,LAN,MI,AGL,CE,Combined TRACON& Tower with Radar,37,33,41,0,111,0,0,0,0,0,37,33,41,0,111,4,0,4,115
01/29/2007,LAN,MI,AGL,CE,Combined TRACON& Tower with Radar,45,39,69,8,161,0,0,0,0,0,45,39,69,8,161,63,12,75,236
01/30/2007,LAN,MI,AGL,CE,Combined TRACON& Tower with Radar,47,40,32,6,125,0,2,38,8,48,47,42,70,14,173,48,18,66,239
01/31/2007,LAN,MI,AGL,CE,Combined TRACON& Tower with Radar,19,46,41,2,108,0,0,69,0,69,19,46,110,2,177,102,4,106,283
02/01/2007,LAN,MI,AGL,CE,Combined TRACON& Tower with Radar,29,31,39,0,99,0,0,8,0,8,29,31,47,0,107,40,0,40,147
02/02/2007,LAN,MI,AGL,CE,Combined TRACON& Tower with Radar,35,47,22,4,108,0,0,24,0,24,35,47,46,4,132,54,4,58,190
02/03/2007,LAN,MI,AGL,CE,Combined TRACON& Tower with Radar,7,31,13,0,51,0,0,0,0,0,7,31,13,0,51,0,0,0,51
02/04/2007,LAN,MI,AGL,CE,Combined TRACON& Tower with Radar,27,34,1,3,65,10,0,0,0,10,37,34,1,3,75,0,0,0,75
02/05/2007,LAN,MI,AGL,CE,Combined TRACON& Tower with Radar,17,26,15,2,60,0,1,30,0,31,17,27,45,2,91,20,0,20,111
02/06/2007,LAN,MI,AGL,CE,Combined TRACON& Tower with Radar,24,41,52,6,123,0,0,23,4,27,24,41,75,10,150,60,4,64,214
02/07/2007,LAN,MI,AGL,CE,Combined TRACON& Tower with Radar,18,53,65,2,138,0,0,26,4,30,18,53,91,6,168,64,0,64,232
02/08/2007,LAN,MI,AGL,CE,Combined TRACON& Tower with Radar,27,36,38,4,105,0,0,26,2,28,27,36,64,6,133,74,0,74,207
02/09/2007,LAN,MI,AGL,CE,Combined TRACON& Tower with Radar,26,49,45,2,122,0,0,56,2,58,26,49,101,4,180,72,0,72,252
02/10/2007,LAN,MI,AGL,CE,Combined TRACON& Tower with Radar,19,21,29,0,69,0,2,16,0,18,19,23,45,0,87,77,0,77,164
02/11/2007,LAN,MI,AGL,CE,Combined TRACON& Tower with Radar,26,28,31,4,89,0,0,11,0,11,26,28,42,4,100,8,0,8,108
02/12/2007,LAN,MI,AGL,CE,Combined TRACON& Tower with Radar,27,46,16,0,89,0,0,2,0,2,27,46,18,0,91,2,0,2,93
02/13/2007,LAN,MI,AGL,CE,Combined TRACON& Tower with Radar,25,35,24,0,84,0,0,20,0,20,25,35,44,0,104,22,0,22,126
02/14/2007,LAN,MI,AGL,CE,Combined TRACON& Tower with Radar,17,45,26,0,88,0,0,55,0,55,17,45,81,0,143,56,0,56,199
02/15/2007,LAN,MI,AGL,CE,Combined TRACON& Tower with Radar,24,42,62,2,130,0,0,34,3,37,24,42,96,5,167,152,12,164,331
02/16/2007,LAN,MI,AGL,CE,Combined TRACON& Tower with Radar,33,46,64,2,145,0,2,65,0,67,33,48,129,2,212,117,0,117,329
02/17/2007,LAN,MI,AGL,CE,Combined TRACON& Tower with Radar,30,21,9,0,60,0,0,1,0,1,30,21,10,0,61,0,0,0,61
02/18/2007,LAN,MI,AGL,CE,Combined TRACON& Tower with Radar,26,28,36,0,90,0,0,15,0,15,26,28,51,0,105,32,0,32,137
02/19/2007,LAN,MI,AGL,CE,Combined TRACON& Tower with Radar,27,24,20,0,71,0,0,23,0,23,27,24,43,0,94,2,0,2,96
02/20/2007,LAN,MI,AGL,CE,Combined TRACON& Tower with Radar,30,44,46,0,120,0,1,26,1,28,30,45,72,1,148,156,6,162,310
02/21/2007,LAN,MI,AGL,CE,Combined TRACON& Tower with Radar,20,49,53,0,122,0,1,51,0,52,20,50,104,0,174,152,0,152,326
02/22/2007,LAN,MI,AGL,CE,Combined TRACON& Tower with Radar,30,49,9,1,89,0,0,8,0,8,30,49,17,1,97,12,2,14,111
02/23/2007,LAN,MI,AGL,CE,Combined TRACON& Tower with Radar,34,42,102,4,182,0,4,125,2,131,34,46,227,6,313,216,2,218,531
02/24/2007,LAN,MI,AGL,CE,Combined TRACON& Tower with Radar,23,28,56,0,107,0,5,43,0,48,23,33,99,0,155,106,0,106,261
02/25/2007,LAN,MI,AGL,CE,Combined TRACON& Tower with Radar,18,21,33,1,73,0,0,0,0,0,18,21,33,1,73,2,0,2,75
02/26/2007,LAN,MI,AGL,CE,Combined TRACON& Tower with Radar,15,35,7,0,57,0,0,2,0,2,15,35,9,0,59,2,0,2,61
02/27/2007,LAN,MI,AGL,CE,Combined TRACON& Tower with Radar,32,41,15,0,88,0,0,14,0,14,32,41,29,0,102,54,0,54,156
02/28/2007,LAN,MI,AGL,CE,Combined TRACON& Tower with Radar,48,38,60,7,153,0,0,45,0,45,48,38,105,7,198,39,0,39,237
03/01/2007,LAN,MI,AGL,CE,Combined TRACON& Tower with Radar,24,20,18,0,62,0,0,0,0,0,24,20,18,0,62,0,0,0,62
03/02/2007,LAN,MI,AGL,CE,Combined TRACON& Tower with Radar,37,52,36,0,125,0,0,0,0,0,37,52,36,0,125,0,0,0,125
03/03/2007,LAN,MI,AGL,CE,Combined TRACON& Tower with Radar,27,20,1,3,51,0,0,0,2,2,27,20,1,5,53,0,0,0,53
03/04/2007,LAN,MI,AGL,CE,Combined TRACON& Tower with Radar,21,27,31,0,79,0,0,22,0,22,21,27,53,0,101,0,0,0,101
03/05/2007,LAN,MI,AGL,CE,Combined TRACON& Tower with Radar,38,39,40,6,123,0,0,36,0,36,38,39,76,6,159,26,6,32,191
03/06/2007,LAN,MI,AGL,CE,Combined TRACON& Tower with Radar,24,55,25,4,108,0,0,37,0,37,24,55,62,4,145,74,0,74,219
03/07/2007,LAN,MI,AGL,CE,Combined TRACON& Tower with Radar,19,52,48,7,126,0,0,33,2,35,19,52,81,9,161,74,0,74,235
03/08/2007,LAN,MI,AGL,CE,Combined TRACON& Tower with Radar,22,48,46,11,127,0,2,41,0,43,22,50,87,11,170,162,4,166,336
03/09/2007,LAN,MI,AGL,CE,Combined TRACON& Tower with Radar,32,48,56,6,142,0,4,61,2,67,32,52,117,8,209,124,4,128,337
03/10/2007,LAN,MI,AGL,CE,Combined TRACON& Tower with Radar,18,40,18,0,76,0,0,26,0,26,18,40,44,0,102,44,0,44,146
03/11/2007,LAN,MI,AGL,CE,Combined TRACON& Tower with Radar,26,16,59,2,103,0,0,79,0,79,26,16,138,2,182,52,0,52,234
03/12/2007,LAN,MI,AGL,CE,Combined TRACON& Tower with Radar,19,47,45,2,113,0,2,49,0,51,19,49,94,2,164,66,0,66,230
03/13/2007,LAN,MI,AGL,CE,Combined TRACON& Tower with Radar,33,51,34,4,122,0,3,47,2,52,33,54,81,6,174,120,4,124,298
03/14/2007,LAN,MI,AGL,CE,Combined TRACON& Tower with Radar,27,46,46,2,121,0,0,15,0,15,27,46,61,2,136,38,0,38,174
03/15/2007,LAN,MI,AGL,CE,Combined TRACON& Tower with Radar,28,30,81,8,147,0,0,42,0,42,28,30,123,8,189,154,12,166,355
03/16/2007,LAN,MI,AGL,CE,Combined TRACON& Tower with Radar,28,62,68,2,160,0,4,59,2,65,28,66,127,4,225,168,10,178,403
03/17/2007,LAN,MI,AGL,CE,Combined TRACON& Tower with Radar,13,48,25,4,90,0,0,37,0,37,13,48,62,4,127,72,12,84,211
03/18/2007,LAN,MI,AGL,CE,Combined TRACON& Tower with Radar,31,21,63,2,117,0,0,52,0,52,31,21,115,2,169,60,0,60,229
03/19/2007,LAN,MI,AGL,CE,Combined TRACON& Tower with Radar,21,39,26,0,86,0,1,14,4,19,21,40,40,4,105,66,0,66,171
03/20/2007,LAN,MI,AGL,CE,Combined TRACON& Tower with Radar,20,49,46,0,115,0,4,63,0,67,20,53,109,0,182,142,0,142,324
03/21/2007,LAN,MI,AGL,CE,Combined TRACON& Tower with Radar,32,42,29,0,103,0,0,16,0,16,32,42,45,0,119,64,0,64,183
03/22/2007,LAN,MI,AGL,CE,Combined TRACON& Tower with Radar,23,30,28,0,81,0,2,27,0,29,23,32,55,0,110,106,0,106,216
03/23/2007,LAN,MI,AGL,CE,Combined TRACON& Tower with Radar,35,38,55,0,128,0,0,94,0,94,35,38,149,0,222,168,0,168,390
03/24/2007,LAN,MI,AGL,CE,Combined TRACON& Tower with Radar,24,23,29,0,76,0,2,13,0,15,24,25,42,0,91,14,0,14,105
03/25/2007,LAN,MI,AGL,CE,Combined TRACON& Tower with Radar,33,21,27,0,81,0,0,34,0,34,33,21,61,0,115,4,0,4,119
03/26/2007,LAN,MI,AGL,CE,Combined TRACON& Tower with Radar,31,20,38,0,89,0,0,41,130,171,31,20,79,130,260,80,0,80,340
03/27/2007,LAN,MI,AGL,CE,Combined TRACON& Tower with Radar,16,35,46,3,100,0,0,76,0,76,16,35,122,3,176,98,2,100,276
03/28/2007,LAN,MI,AGL,CE,Combined TRACON& Tower with Radar,20,44,46,0,110,0,0,51,4,55,20,44,97,4,165,88,8,96,261
03/29/2007,LAN,MI,AGL,CE,Combined TRACON& Tower with Radar,16,53,35,1,105,0,6,63,2,71,16,59,98,3,176,142,0,142,318
03/30/2007,LAN,MI,AGL,CE,Combined TRACON& Tower with Radar,19,46,37,3,105,0,0,78,0,78,19,46,115,3,183,100,18,118,301
03/31/2007,LAN,MI,AGL,CE,Combined TRACON& Tower with Radar,20,16,31,0,67,0,0,28,4,32,20,16,59,4,99,22,8,30,129
04/01/2007,LAN,MI,AGL,CE,Combined TRACON& Tower with Radar,7,21,19,2,49,0,0,14,0,14,7,21,33,2,63,22,2,24,87
04/02/2007,LAN,MI,AGL,CE,Combined TRACON& Tower with Radar,30,27,51,6,114,0,6,36,2,44,30,33,87,8,158,56,8,64,222
04/03/2007,LAN,MI,AGL,CE,Combined TRACON& Tower with Radar,19,46,30,4,99,0,0,15,0,15,19,46,45,4,114,62,6,68,182
04/04/2007,LAN,MI,AGL,CE,Combined TRACON& Tower with Radar,26,44,19,0,89,0,0,2,0,2,26,44,21,0,91,0,0,0,91
04/05/2007,LAN,MI,AGL,CE,Combined TRACON& Tower with Radar,31,56,29,0,116,0,4,16,0,20,31,60,45,0,136,0,0,0,136
04/06/2007,LAN,MI,AGL,CE,Combined TRACON& Tower with Radar,28,52,38,0,118,0,0,2,0,2,28,52,40,0,120,8,0,8,128
04/07/2007,LAN,MI,AGL,CE,Combined TRACON& Tower with Radar,20,36,8,0,64,0,0,2,0,2,20,36,10,0,66,0,0,0,66
04/08/2007,LAN,MI,AGL,CE,Combined TRACON& Tower with Radar,25,22,31,0,78,0,0,10,0,10,25,22,41,0,88,0,0,0,88
04/09/2007,LAN,MI,AGL,CE,Combined TRACON& Tower with Radar,39,18,40,0,97,0,0,102,0,102,39,18,142,0,199,220,0,220,419
04/10/2007,LAN,MI,AGL,CE,Combined TRACON& Tower with Radar,43,28,31,0,102,0,0,120,8,128,43,28,151,8,230,138,4,142,372
04/11/2007,LAN,MI,AGL,CE,Combined TRACON& Tower with Radar,32,39,36,0,107,0,0,4,0,4,32,39,40,0,111,0,0,0,111
04/12/2007,LAN,MI,AGL,CE,Combined TRACON& Tower with Radar,34,40,33,0,107,0,0,1,0,1,34,40,34,0,108,12,0,12,120
04/13/2007,LAN,MI,AGL,CE,Combined TRACON& Tower with Radar,39,67,53,8,167,0,1,92,4,97,39,68,145,12,264,126,13,139,403
04/14/2007,LAN,MI,AGL,CE,Combined TRACON& Tower with Radar,30,21,31,0,82,0,0,32,114,146,30,21,63,114,228,80,0,80,308
04/15/2007,LAN,MI,AGL,CE,Combined TRACON& Tower with Radar,28,32,46,1,107,0,0,20,0,20,28,32,66,1,127,41,0,41,168
04/16/2007,LAN,MI,AGL,CE,Combined TRACON& Tower with Radar,43,25,28,1,97,0,0,25,0,25,43,25,53,1,122,12,3,15,137
04/17/2007,LAN,MI,AGL,CE,Combined TRACON& Tower with Radar,26,58,38,0,122,0,2,65,0,67,26,60,103,0,189,88,22,110,299
04/18/2007,LAN,MI,AGL,CE,Combined TRACON& Tower with Radar,45,59,58,4,166,0,0,18,0,18,45,59,76,4,184,144,22,166,350
04/19/2007,LAN,MI,AGL,CE,Combined TRACON& Tower with Radar,19,46,40,7,112,0,0,81,8,89,19,46,121,15,201,144,12,156,357
04/20/2007,LAN,MI,AGL,CE,Combined TRACON& Tower with Radar,19,24,143,11,197,0,0,96,0,96,19,24,239,11,293,280,8,288,581
04/21/2007,LAN,MI,AGL,CE,Combined TRACON& Tower with Radar,19,27,39,0,85,0,8,58,0,66,19,35,97,0,151,62,0,62,213
04/22/2007,LAN,MI,AGL,CE,Combined TRACON& Tower with Radar,31,37,48,1,117,0,0,44,0,44,31,37,92,1,161,84,0,84,245
04/23/2007,LAN,MI,AGL,CE,Combined TRACON& Tower with Radar,42,30,32,3,107,0,8,31,0,39,42,38,63,3,146,60,0,60,206
04/24/2007,LAN,MI,AGL,CE,Combined TRACON& Tower with Radar,23,42,60,2,127,0,2,85,0,87,23,44,145,2,214,160,18,178,392
04/25/2007,LAN,MI,AGL,CE,Combined TRACON& Tower with Radar,24,65,62,5,156,0,0,17,1,18,24,65,79,6,174,58,0,58,232
04/26/2007,LAN,MI,AGL,CE,Combined TRACON& Tower with Radar,35,24,62,0,121,0,0,1,1,2,35,24,63,1,123,12,0,12,135
04/27/2007,LAN,MI,AGL,CE,Combined TRACON& Tower with Radar,66,54,51,1,172,0,1,2,0,3,66,55,53,1,175,10,2,12,187
04/28/2007,LAN,MI,AGL,CE,Combined TRACON& Tower with Radar,19,23,36,0,78,0,6,71,0,77,19,29,107,0,155,22,0,22,177
04/29/2007,LAN,MI,AGL,CE,Combined TRACON& Tower with Radar,29,34,29,0,92,0,0,41,1,42,29,34,70,1,134,8,0,8,142
04/30/2007,LAN,MI,AGL,CE,Combined TRACON& Tower with Radar,43,18,32,6,99,0,6,73,4,83,43,24,105,10,182,94,4,98,280
05/01/2007,LAN,MI,AGL,CE,Combined TRACON& Tower with Radar,29,44,38,0,111,0,0,38,0,38,29,44,76,0,149,116,4,120,269
05/02/2007,LAN,MI,AGL,CE,Combined TRACON& Tower with Radar,38,60,66,4,168,0,0,78,0,78,38,60,144,4,246,174,0,174,420
05/03/2007,LAN,MI,AGL,CE,Combined TRACON& Tower with Radar,27,36,65,3,131,0,3,76,0,79,27,39,141,3,210,84,2,86,296
05/04/2007,LAN,MI,AGL,CE,Combined TRACON& Tower with Radar,41,33,69,3,146,0,0,79,0,79,41,33,148,3,225,146,22,168,393
05/05/2007,LAN,MI,AGL,CE,Combined TRACON& Tower with Radar,28,25,23,2,78,0,0,33,6,39,28,25,56,8,117,30,0,30,147
05/06/2007,LAN,MI,AGL,CE,Combined TRACON& Tower with Radar,27,32,29,9,97,0,0,57,3,60,27,32,86,12,157,32,0,32,189
05/07/2007,LAN,MI,AGL,CE,Combined TRACON& Tower with Radar,40,30,56,3,129,0,3,82,0,85,40,33,138,3,214,56,0,56,270
05/08/2007,LAN,MI,AGL,CE,Combined TRACON& Tower with Radar,17,40,35,2,94,0,2,64,0,66,17,42,99,2,160,64,0,64,224
05/09/2007,LAN,MI,AGL,CE,Combined TRACON& Tower with Radar,21,58,34,10,123,0,0,10,3,13,21,58,44,13,136,52,24,76,212
05/10/2007,LAN,MI,AGL,CE,Combined TRACON& Tower with Radar,23,42,43,0,108,0,5,73,0,78,23,47,116,0,186,98,0,98,284
05/11/2007,LAN,MI,AGL,CE,Combined TRACON& Tower with Radar,39,49,47,0,135,0,5,61,0,66,39,54,108,0,201,58,0,58,259
05/12/2007,LAN,MI,AGL,CE,Combined TRACON& Tower with Radar,20,17,19,0,56,0,0,27,0,27,20,17,46,0,83,26,0,26,109
05/13/2007,LAN,MI,AGL,CE,Combined TRACON& Tower with Radar,27,33,44,1,105,0,0,51,0,51,27,33,95,1,156,68,18,86,242
05/14/2007,LAN,MI,AGL,CE,Combined TRACON& Tower with Radar,48,18,35,1,102,0,3,29,0,32,48,21,64,1,134,64,12,76,210
05/15/2007,LAN,MI,AGL,CE,Combined TRACON& Tower with Radar,18,62,35,0,115,0,1,20,0,21,18,63,55,0,136,34,0,34,170
05/16/2007,LAN,MI,AGL,CE,Combined TRACON& Tower with Radar,17,50,36,7,110,0,0,14,0,14,17,50,50,7,124,30,6,36,160
05/17/2007,LAN,MI,AGL,CE,Combined TRACON& Tower with Radar,21,42,30,0,93,0,0,35,0,35,21,42,65,0,128,162,0,162,290
05/18/2007,LAN,MI,AGL,CE,Combined TRACON& Tower with Radar,28,42,36,4,110,0,0,77,5,82,28,42,113,9,192,118,6,124,316
05/19/2007,LAN,MI,AGL,CE,Combined TRACON& Tower with Radar,22,26,32,2,82,0,11,113,0,124,22,37,145,2,206,48,2,50,256
05/20/2007,LAN,MI,AGL,CE,Combined TRACON& Tower with Radar,27,34,46,1,108,0,0,8,0,8,27,34,54,1,116,44,0,44,160
05/21/2007,LAN,MI,AGL,CE,Combined TRACON& Tower with Radar,43,24,35,2,104,0,0,73,0,73,43,24,108,2,177,92,4,96,273
05/22/2007,LAN,MI,AGL,CE,Combined TRACON& Tower with Radar,18,45,38,3,104,0,4,45,3,52,18,49,83,6,156,90,6,96,252
05/23/2007,LAN,MI,AGL,CE,Combined TRACON& Tower with Radar,30,30,57,5,122,0,0,58,2,60,30,30,115,7,182,52,4,56,238
05/24/2007,LAN,MI,AGL,CE,Combined TRACON& Tower with Radar,28,56,62,8,154,0,4,55,4,63,28,60,117,12,217,68,10,78,295
05/25/2007,LAN,MI,AGL,CE,Combined TRACON& Tower with Radar,39,42,48,2,131,0,4,36,0,40,39,46,84,2,171,116,0,116,287
05/26/2007,LAN,MI,AGL,CE,Combined TRACON& Tower with Radar,28,22,20,0,70,0,0,2,0,2,28,22,22,0,72,16,0,16,88
05/27/2007,LAN,MI,AGL,CE,Combined TRACON& Tower with Radar,20,23,12,0,55,2,0,12,0,14,22,23,24,0,69,18,0,18,87
05/28/2007,LAN,MI,AGL,CE,Combined TRACON& Tower with Radar,37,16,38,16,107,0,6,82,4,92,37,22,120,20,199,28,4,32,231
05/29/2007,LAN,MI,AGL,CE,Combined TRACON& Tower with Radar,20,43,27,0,90,0,0,68,0,68,20,43,95,0,158,100,6,106,264
05/30/2007,LAN,MI,AGL,CE,Combined TRACON& Tower with Radar,20,48,64,4,136,0,1,59,1,61,20,49,123,5,197,100,16,116,313
05/31/2007,LAN,MI,AGL,CE,Combined TRACON& Tower with Radar,20,43,52,1,116,0,1,42,4,47,20,44,94,5,163,104,4,108,271
06/01/2007,LAN,MI,AGL,CE,Combined TRACON& Tower with Radar,59,41,43,2,145,0,0,38,0,38,59,41,81,2,183,64,20,84,267
06/02/2007,LAN,MI,AGL,CE,Combined TRACON& Tower with Radar,34,27,16,2,79,0,3,24,0,27,34,30,40,2,106,172,16,188,294
06/03/2007,LAN,MI,AGL,CE,Combined TRACON& Tower with Radar,26,31,23,0,80,0,0,5,1,6,26,31,28,1,86,4,0,4,90
06/04/2007,LAN,MI,AGL,CE,Combined TRACON& Tower with Radar,16,37,19,2,74,0,0,6,0,6,16,37,25,2,80,0,0,0,80
06/05/2007,LAN,MI,AGL,CE,Combined TRACON& Tower with Radar,19,51,41,0,111,0,0,36,1,37,19,51,77,1,148,54,0,54,202
06/06/2007,LAN,MI,AGL,CE,Combined TRACON& Tower with Radar,29,39,42,4,114,0,4,68,0,72,29,43,110,4,186,82,4,86,272
06/07/2007,LAN,MI,AGL,CE,Combined TRACON& Tower with Radar,14,39,19,4,76,0,0,9,4,13,14,39,28,8,89,20,4,24,113
06/08/2007,LAN,MI,AGL,CE,Combined TRACON& Tower with Radar,38,40,34,2,114,0,4,48,0,52,38,44,82,2,166,84,0,84,250
06/09/2007,LAN,MI,AGL,CE,Combined TRACON& Tower with Radar,24,15,17,0,56,0,4,45,3,52,24,19,62,3,108,76,6,82,190
06/10/2007,LAN,MI,AGL,CE,Combined TRACON& Tower with Radar,14,17,32,0,63,0,0,52,0,52,14,17,84,0,115,92,0,92,207
06/11/2007,LAN,MI,AGL,CE,Combined TRACON& Tower with Radar,17,29,39,3,88,0,7,119,0,126,17,36,158,3,214,230,0,230,444
06/12/2007,LAN,MI,AGL,CE,Combined TRACON& Tower with Radar,14,45,40,10,109,0,3,84,2,89,14,48,124,12,198,146,0,146,344
06/13/2007,LAN,MI,AGL,CE,Combined TRACON& Tower with Radar,15,55,52,7,129,0,2,74,2,78,15,57,126,9,207,124,14,138,345
06/14/2007,LAN,MI,AGL,CE,Combined TRACON& Tower with Radar,18,63,34,0,115,0,1,61,2,64,18,64,95,2,179,140,0,140,319
06/15/2007,LAN,MI,AGL,CE,Combined TRACON& Tower with Radar,44,41,37,1,123,0,0,0,0,0,44,41,37,1,123,162,14,176,299
06/16/2007,LAN,MI,AGL,CE,Combined TRACON& Tower with Radar,23,24,18,4,69,0,0,42,0,42,23,24,60,4,111,26,0,26,137
06/17/2007,LAN,MI,AGL,CE,Combined TRACON& Tower with Radar,8,24,12,1,45,0,0,23,0,23,8,24,35,1,68,46,8,54,122
06/18/2007,LAN,MI,AGL,CE,Combined TRACON& Tower with Radar,39,19,23,3,84,0,3,53,12,68,39,22,76,15,152,84,0,84,236
06/19/2007,LAN,MI,AGL,CE,Combined TRACON& Tower with Radar,17,44,27,2,90,0,1,11,1,13,17,45,38,3,103,122,6,128,231
06/20/2007,LAN,MI,AGL,CE,Combined TRACON& Tower with Radar,32,34,54,6,126,0,0,80,4,84,32,34,134,10,210,152,12,164,374
06/21/2007,LAN,MI,AGL,CE,Combined TRACON& Tower with Radar,14,44,22,4,84,0,1,34,4,39,14,45,56,8,123,102,4,106,229
06/22/2007,LAN,MI,AGL,CE,Combined TRACON& Tower with Radar,26,52,82,2,162,0,0,92,2,94,26,52,174,4,256,84,2,86,342
06/23/2007,LAN,MI,AGL,CE,Combined TRACON& Tower with Radar,8,26,16,4,54,0,4,58,6,68,8,30,74,10,122,52,0,52,174
06/24/2007,LAN,MI,AGL,CE,Combined TRACON& Tower with Radar,17,21,32,1,71,0,0,45,0,45,17,21,77,1,116,88,0,88,204
06/25/2007,LAN,MI,AGL,CE,Combined TRACON& Tower with Radar,42,30,36,8,116,0,6,80,12,98,42,36,116,20,214,170,14,184,398
06/26/2007,LAN,MI,AGL,CE,Combined TRACON& Tower with Radar,14,48,60,3,125,0,4,60,4,68,14,52,120,7,193,96,4,100,293
06/27/2007,LAN,MI,AGL,CE,Combined TRACON& Tower with Radar,16,49,30,0,95,0,0,21,0,21,16,49,51,0,116,112,0,112,228
06/28/2007,LAN,MI,AGL,CE,Combined TRACON& Tower with Radar,20,45,86,4,155,0,0,70,2,72,20,45,156,6,227,90,8,98,325
06/29/2007,LAN,MI,AGL,CE,Combined TRACON& Tower with Radar,34,34,44,2,114,0,4,94,4,102,34,38,138,6,216,106,2,108,324
06/30/2007,LAN,MI,AGL,CE,Combined TRACON& Tower with Radar,20,16,26,0,62,0,5,81,2,88,20,21,107,2,150,98,4,102,252
07/01/2007,LAN,MI,AGL,CE,Combined TRACON& Tower with Radar,12,19,15,0,46,0,0,19,0,19,12,19,34,0,65,32,12,44,109
07/02/2007,LAN,MI,AGL,CE,Combined TRACON& Tower with Radar,35,22,32,6,95,0,0,73,8,81,35,22,105,14,176,92,12,104,280
07/03/2007,LAN,MI,AGL,CE,Combined TRACON& Tower with Radar,13,40,23,0,76,0,0,32,4,36,13,40,55,4,112,88,0,88,200
07/04/2007,LAN,MI,AGL,CE,Combined TRACON& Tower with Radar,6,17,2,1,26,0,0,5,1,6,6,17,7,2,32,6,0,6,38
07/05/2007,LAN,MI,AGL,CE,Combined TRACON& Tower with Radar,52,20,38,1,111,0,0,40,0,40,52,20,78,1,151,84,6,90,241
07/06/2007,LAN,MI,AGL,CE,Combined TRACON& Tower with Radar,46,29,32,0,107,0,0,64,171,235,46,29,96,171,342,70,12,82,424
07/07/2007,LAN,MI,AGL,CE,Combined TRACON& Tower with Radar,28,21,11,0,60,0,0,44,0,44,28,21,55,0,104,81,4,85,189
07/08/2007,LAN,MI,AGL,CE,Combined TRACON& Tower with Radar,21,23,31,0,75,0,0,22,0,22,21,23,53,0,97,26,0,26,123
07/09/2007,LAN,MI,AGL,CE,Combined TRACON& Tower with Radar,27,51,47,0,125,0,0,29,0,29,27,51,76,0,154,134,4,138,292
07/10/2007,LAN,MI,AGL,CE,Combined TRACON& Tower with Radar,20,34,41,0,95,0,2,16,0,18,20,36,57,0,113,22,0,22,135
07/11/2007,LAN,MI,AGL,CE,Combined TRACON& Tower with Radar,20,46,30,0,96,0,1,52,0,53,20,47,82,0,149,90,0,90,239
07/12/2007,LAN,MI,AGL,CE,Combined TRACON& Tower with Radar,23,43,32,4,102,0,0,42,2,44,23,43,74,6,146,132,4,136,282
07/13/2007,LAN,MI,AGL,CE,Combined TRACON& Tower with Radar,34,42,45,6,127,0,4,55,2,61,34,46,100,8,188,58,0,58,246
07/14/2007,LAN,MI,AGL,CE,Combined TRACON& Tower with Radar,9,28,1,2,40,0,1,12,2,15,9,29,13,4,55,2,0,2,57
07/15/2007,LAN,MI,AGL,CE,Combined TRACON& Tower with Radar,21,32,41,2,96,0,0,53,0,53,21,32,94,2,149,64,0,64,213
07/16/2007,LAN,MI,AGL,CE,Combined TRACON& Tower with Radar,35,32,37,3,107,0,8,42,6,56,35,40,79,9,163,68,12,80,243
07/17/2007,LAN,MI,AGL,CE,Combined TRACON& Tower with Radar,22,50,47,1,120,0,0,12,0,12,22,50,59,1,132,52,14,66,198
07/18/2007,LAN,MI,AGL,CE,Combined TRACON& Tower with Radar,22,55,39,1,117,0,0,17,0,17,22,55,56,1,134,66,0,66,200
07/19/2007,LAN,MI,AGL,CE,Combined TRACON& Tower with Radar,18,43,49,1,111,0,1,10,2,13,18,44,59,3,124,32,0,32,156
07/20/2007,LAN,MI,AGL,CE,Combined TRACON& Tower with Radar,52,26,53,6,137,0,0,64,0,64,52,26,117,6,201,76,16,92,293
07/21/2007,LAN,MI,AGL,CE,Combined TRACON& Tower with Radar,14,34,15,4,67,0,4,39,0,43,14,38,54,4,110,84,0,84,194
07/22/2007,LAN,MI,AGL,CE,Combined TRACON& Tower with Radar,31,36,37,0,104,0,0,41,0,41,31,36,78,0,145,66,0,66,211
07/23/2007,LAN,MI,AGL,CE,Combined TRACON& Tower with Radar,40,20,40,8,108,0,0,98,14,112,40,20,138,22,220,70,14,84,304
07/24/2007,LAN,MI,AGL,CE,Combined TRACON& Tower with Radar,14,54,36,2,106,0,4,46,2,52,14,58,82,4,158,116,4,120,278
07/25/2007,LAN,MI,AGL,CE,Combined TRACON& Tower with Radar,19,42,50,2,113,0,0,49,0,49,19,42,99,2,162,72,0,72,234
07/26/2007,LAN,MI,AGL,CE,Combined TRACON& Tower with Radar,14,31,67,2,114,0,0,23,0,23,14,31,90,2,137,132,0,132,269
07/27/2007,LAN,MI,AGL,CE,Combined TRACON& Tower with Radar,36,54,28,4,122,0,2,32,2,36,36,56,60,6,158,62,0,62,220
07/28/2007,LAN,MI,AGL,CE,Combined TRACON& Tower with Radar,7,26,28,0,61,0,0,51,0,51,7,26,79,0,112,30,0,30,142
07/29/2007,LAN,MI,AGL,CE,Combined TRACON& Tower with Radar,21,31,46,10,108,0,0,48,0,48,21,31,94,10,156,96,0,96,252
07/30/2007,LAN,MI,AGL,CE,Combined TRACON& Tower with Radar,42,20,40,0,102,0,0,61,0,61,42,20,101,0,163,50,0,50,213
07/31/2007,LAN,MI,AGL,CE,Combined TRACON& Tower with Radar,20,40,50,2,112,0,2,66,7,75,20,42,116,9,187,48,0,48,235
08/01/2007,LAN,MI,AGL,CE,Combined TRACON& Tower with Radar,16,46,55,1,118,0,1,45,0,46,16,47,100,1,164,72,0,72,236
08/02/2007,LAN,MI,AGL,CE,Combined TRACON& Tower with Radar,15,47,67,3,132,0,0,45,0,45,15,47,112,3,177,32,8,40,217
08/03/2007,LAN,MI,AGL,CE,Combined TRACON& Tower with Radar,33,22,43,3,101,0,1,64,0,65,33,23,107,3,166,84,4,88,254
08/04/2007,LAN,MI,AGL,CE,Combined TRACON& Tower with Radar,21,19,26,3,69,0,4,33,2,39,21,23,59,5,108,104,6,110,218
08/05/2007,LAN,MI,AGL,CE,Combined TRACON& Tower with Radar,27,33,37,1,98,0,0,3,0,3,27,33,40,1,101,2,0,2,103
08/06/2007,LAN,MI,AGL,CE,Combined TRACON& Tower with Radar,32,29,48,6,115,0,6,42,0,48,32,35,90,6,163,76,12,88,251
08/07/2007,LAN,MI,AGL,CE,Combined TRACON& Tower with Radar,17,47,31,0,95,0,0,43,0,43,17,47,74,0,138,116,0,116,254
08/08/2007,LAN,MI,AGL,CE,Combined TRACON& Tower with Radar,13,56,44,0,113,0,0,66,179,245,13,56,110,179,358,140,4,144,502
08/09/2007,LAN,MI,AGL,CE,Combined TRACON& Tower with Radar,45,38,66,10,159,0,0,22,161,183,45,38,88,171,342,32,0,32,374
08/10/2007,LAN,MI,AGL,CE,Combined TRACON& Tower with Radar,34,48,34,4,120,0,6,48,4,58,34,54,82,8,178,52,16,68,246
08/11/2007,LAN,MI,AGL,CE,Combined TRACON& Tower with Radar,30,15,21,2,68,0,0,15,0,15,30,15,36,2,83,20,2,22,105
08/12/2007,LAN,MI,AGL,CE,Combined TRACON& Tower with Radar,27,32,25,0,84,0,0,33,0,33,27,32,58,0,117,36,0,36,153
08/13/2007,LAN,MI,AGL,CE,Combined TRACON& Tower with Radar,35,22,47,0,104,0,0,72,0,72,35,22,119,0,176,64,0,64,240
08/14/2007,LAN,MI,AGL,CE,Combined TRACON& Tower with Radar,20,52,59,0,131,0,0,43,0,43,20,52,102,0,174,78,14,92,266
08/15/2007,LAN,MI,AGL,CE,Combined TRACON& Tower with Radar,29,46,49,0,124,0,0,38,162,200,29,46,87,162,324,74,12,86,410
08/16/2007,LAN,MI,AGL,CE,Combined TRACON& Tower with Radar,18,40,40,1,99,0,0,52,0,52,18,40,92,1,151,124,12,136,287
08/17/2007,LAN,MI,AGL,CE,Combined TRACON& Tower with Radar,27,59,49,2,137,0,0,41,0,41,27,59,90,2,178,82,2,84,262
08/18/2007,LAN,MI,AGL,CE,Combined TRACON& Tower with Radar,21,41,26,0,88,0,4,41,0,45,21,45,67,0,133,48,0,48,181
08/19/2007,LAN,MI,AGL,CE,Combined TRACON& Tower with Radar,17,21,37,0,75,0,0,1,2,3,17,21,38,2,78,0,0,0,78
08/20/2007,LAN,MI,AGL,CE,Combined TRACON& Tower with Radar,18,39,16,0,73,0,0,0,0,0,18,39,16,0,73,0,0,0,73
08/21/2007,LAN,MI,AGL,CE,Combined TRACON& Tower with Radar,14,52,35,4,105,0,0,1,0,1,14,52,36,4,106,0,0,0,106
08/22/2007,LAN,MI,AGL,CE,Combined TRACON& Tower with Radar,19,59,38,0,116,0,0,33,4,37,19,59,71,4,153,104,0,104,257
08/23/2007,LAN,MI,AGL,CE,Combined TRACON& Tower with Radar,16,45,19,0,80,0,0,17,0,17,16,45,36,0,97,44,0,44,141
08/24/2007,LAN,MI,AGL,CE,Combined TRACON& Tower with Radar,54,28,51,5,138,0,0,36,0,36,54,28,87,5,174,16,0,16,190
08/25/2007,LAN,MI,AGL,CE,Combined TRACON& Tower with Radar,16,27,5,0,48,0,0,10,58,68,16,27,15,58,116,32,0,32,148
08/26/2007,LAN,MI,AGL,CE,Combined TRACON& Tower with Radar,8,19,17,1,45,0,0,51,0,51,8,19,68,1,96,54,0,54,150
08/27/2007,LAN,MI,AGL,CE,Combined TRACON& Tower with Radar,33,22,23,0,78,0,0,83,0,83,33,22,106,0,161,90,0,90,251
08/28/2007,LAN,MI,AGL,CE,Combined TRACON& Tower with Radar,23,42,29,0,94,0,1,51,4,56,23,43,80,4,150,92,4,96,246
08/29/2007,LAN,MI,AGL,CE,Combined TRACON& Tower with Radar,24,50,36,6,116,0,0,22,3,25,24,50,58,9,141,32,4,36,177
08/30/2007,LAN,MI,AGL,CE,Combined TRACON& Tower with Radar,15,51,43,11,120,0,0,48,0,48,15,51,91,11,168,58,0,58,226
08/31/2007,LAN,MI,AGL,CE,Combined TRACON& Tower with Radar,38,48,39,0,125,0,0,101,0,101,38,48,140,0,226,124,0,124,350
09/01/2007,LAN,MI,AGL,CE,Combined TRACON& Tower with Radar,14,29,43,0,86,0,2,55,0,57,14,31,98,0,143,46,0,46,189
09/02/2007,LAN,MI,AGL,CE,Combined TRACON& Tower with Radar,17,21,15,0,53,0,0,32,0,32,17,21,47,0,85,12,0,12,97
09/03/2007,LAN,MI,AGL,CE,Combined TRACON& Tower with Radar,18,19,11,0,48,0,0,29,77,106,18,19,40,77,154,76,0,76,230
09/04/2007,LAN,MI,AGL,CE,Combined TRACON& Tower with Radar,13,42,28,0,83,0,0,31,0,31,13,42,59,0,114,30,0,30,144
09/05/2007,LAN,MI,AGL,CE,Combined TRACON& Tower with Radar,12,49,20,2,83,0,0,40,1,41,12,49,60,3,124,68,6,74,198
09/06/2007,LAN,MI,AGL,CE,Combined TRACON& Tower with Radar,34,25,38,1,98,0,0,31,0,31,34,25,69,1,129,48,0,48,177
09/07/2007,LAN,MI,AGL,CE,Combined TRACON& Tower with Radar,47,54,82,0,183,0,0,14,0,14,47,54,96,0,197,16,0,16,213
09/08/2007,LAN,MI,AGL,CE,Combined TRACON& Tower with Radar,4,30,18,0,52,0,0,59,0,59,4,30,77,0,111,92,0,92,203
09/09/2007,LAN,MI,AGL,CE,Combined TRACON& Tower with Radar,17,22,44,0,83,0,0,35,0,35,17,22,79,0,118,28,0,28,146
09/10/2007,LAN,MI,AGL,CE,Combined TRACON& Tower with Radar,36,32,59,0,127,0,0,22,0,22,36,32,81,0,149,70,0,70,219
09/11/2007,LAN,MI,AGL,CE,Combined TRACON& Tower with Radar,12,51,29,0,92,0,0,13,0,13,12,51,42,0,105,26,0,26,131
09/12/2007,LAN,MI,AGL,CE,Combined TRACON& Tower with Radar,14,35,63,1,113,0,0,50,0,50,14,35,113,1,163,150,6,156,319
09/13/2007,LAN,MI,AGL,CE,Combined TRACON& Tower with Radar,36,33,67,2,138,0,6,22,0,28,36,39,89,2,166,158,2,160,326
09/14/2007,LAN,MI,AGL,CE,Combined TRACON& Tower with Radar,54,36,63,8,161,0,0,61,0,61,54,36,124,8,222,28,4,32,254
09/15/2007,LAN,MI,AGL,CE,Combined TRACON& Tower with Radar,10,35,33,0,78,0,7,44,0,51,10,42,77,0,129,78,8,86,215
09/16/2007,LAN,MI,AGL,CE,Combined TRACON& Tower with Radar,23,31,33,0,87,0,0,40,0,40,23,31,73,0,127,33,0,33,160
09/17/2007,LAN,MI,AGL,CE,Combined TRACON& Tower with Radar,34,30,18,2,84,0,0,54,2,56,34,30,72,4,140,82,6,88,228
09/18/2007,LAN,MI,AGL,CE,Combined TRACON& Tower with Radar,7,58,56,0,121,50,0,0,0,50,57,58,56,0,171,94,4,98,269
09/19/2007,LAN,MI,AGL,CE,Combined TRACON& Tower with Radar,22,48,56,2,128,0,3,51,0,54,22,51,107,2,182,134,8,142,324
09/20/2007,LAN,MI,AGL,CE,Combined TRACON& Tower with Radar,19,52,54,2,127,0,0,78,2,80,19,52,132,4,207,148,2,150,357
09/21/2007,LAN,MI,AGL,CE,Combined TRACON& Tower with Radar,40,42,64,2,148,0,0,64,0,64,40,42,128,2,212,40,2,42,254
09/22/2007,LAN,MI,AGL,CE,Combined TRACON& Tower with Radar,6,33,25,0,64,0,0,20,0,20,6,33,45,0,84,78,0,78,162
09/23/2007,LAN,MI,AGL,CE,Combined TRACON& Tower with Radar,17,23,31,0,71,0,0,67,0,67,17,23,98,0,138,86,0,86,224
09/24/2007,LAN,MI,AGL,CE,Combined TRACON& Tower with Radar,34,20,55,1,110,0,0,57,12,69,34,20,112,13,179,118,18,136,315
09/25/2007,LAN,MI,AGL,CE,Combined TRACON& Tower with Radar,9,44,30,1,84,0,0,13,2,15,9,44,43,3,99,28,0,28,127
09/26/2007,LAN,MI,AGL,CE,Combined TRACON& Tower with Radar,22,45,76,10,153,0,0,34,0,34,22,45,110,10,187,70,0,70,257
09/27/2007,LAN,MI,AGL,CE,Combined TRACON& Tower with Radar,13,52,68,0,133,0,0,31,0,31,13,52,99,0,164,94,4,98,262
09/28/2007,LAN,MI,AGL,CE,Combined TRACON& Tower with Radar,29,56,51,0,136,0,0,57,0,57,29,56,108,0,193,88,0,88,281
09/29/2007,LAN,MI,AGL,CE,Combined TRACON& Tower with Radar,9,38,33,0,80,0,4,57,0,61,9,42,90,0,141,82,6,88,229
09/30/2007,LAN,MI,AGL,CE,Combined TRACON& Tower with Radar,17,24,41,1,83,100,0,55,0,155,117,24,96,1,238,72,0,72,310
10/01/2007,LAN,MI,AGL,CE,Combined TRACON& Tower with Radar,31,20,22,2,75,0,0,5,0,5,31,20,27,2,80,24,10,34,114
10/02/2007,LAN,MI,AGL,CE,Combined TRACON& Tower with Radar,16,40,40,1,97,0,0,12,0,12,16,40,52,1,109,48,12,60,169
10/03/2007,LAN,MI,AGL,CE,Combined TRACON& Tower with Radar,14,47,49,5,115,0,0,43,0,43,14,47,92,5,158,98,0,98,256
10/04/2007,LAN,MI,AGL,CE,Combined TRACON& Tower with Radar,13,51,48,4,116,0,1,86,2,89,13,52,134,6,205,124,2,126,331
10/05/2007,LAN,MI,AGL,CE,Combined TRACON& Tower with Radar,17,43,28,1,89,0,2,42,2,46,17,45,70,3,135,38,0,38,173
10/06/2007,LAN,MI,AGL,CE,Combined TRACON& Tower with Radar,19,22,14,0,55,0,0,18,0,18,19,22,32,0,73,28,0,28,101
10/07/2007,LAN,MI,AGL,CE,Combined TRACON& Tower with Radar,6,33,24,2,65,0,0,37,0,37,6,33,61,2,102,7,0,7,109
10/08/2007,LAN,MI,AGL,CE,Combined TRACON& Tower with Radar,40,24,20,1,85,0,0,83,2,85,40,24,103,3,170,144,2,146,316
10/09/2007,LAN,MI,AGL,CE,Combined TRACON& Tower with Radar,11,41,17,1,70,0,1,38,0,39,11,42,55,1,109,40,0,40,149
10/10/2007,LAN,MI,AGL,CE,Combined TRACON& Tower with Radar,33,38,35,6,112,0,0,19,2,21,33,38,54,8,133,10,6,16,149
10/11/2007,LAN,MI,AGL,CE,Combined TRACON& Tower with Radar,19,54,57,2,132,0,0,17,0,17,19,54,74,2,149,32,0,32,181
10/12/2007,LAN,MI,AGL,CE,Combined TRACON& Tower with Radar,26,42,37,9,114,0,7,33,0,40,26,49,70,9,154,80,2,82,236
10/13/2007,LAN,MI,AGL,CE,Combined TRACON& Tower with Radar,13,34,24,0,71,0,4,37,0,41,13,38,61,0,112,36,0,36,148
10/14/2007,LAN,MI,AGL,CE,Combined TRACON& Tower with Radar,21,34,37,0,92,0,0,39,0,39,21,34,76,0,131,36,0,36,167
10/15/2007,LAN,MI,AGL,CE,Combined TRACON& Tower with Radar,26,33,42,6,107,0,3,50,0,53,26,36,92,6,160,40,6,46,206
10/16/2007,LAN,MI,AGL,CE,Combined TRACON& Tower with Radar,14,46,35,2,97,0,0,15,0,15,14,46,50,2,112,22,0,22,134
10/17/2007,LAN,MI,AGL,CE,Combined TRACON& Tower with Radar,26,57,44,5,132,0,2,48,0,50,26,59,92,5,182,122,6,128,310
10/18/2007,LAN,MI,AGL,CE,Combined TRACON& Tower with Radar,25,35,16,0,76,0,0,1,0,1,25,35,17,0,77,0,0,0,77
10/19/2007,LAN,MI,AGL,CE,Combined TRACON& Tower with Radar,19,43,39,2,103,0,0,2,0,2,19,43,41,2,105,2,0,2,107
10/20/2007,LAN,MI,AGL,CE,Combined TRACON& Tower with Radar,14,25,7,0,46,0,0,22,68,90,14,25,29,68,136,14,6,20,156
10/21/2007,LAN,MI,AGL,CE,Combined TRACON& Tower with Radar,17,28,25,6,76,0,0,33,0,33,17,28,58,6,109,36,14,50,159
10/22/2007,LAN,MI,AGL,CE,Combined TRACON& Tower with Radar,35,27,51,0,113,0,0,54,0,54,35,27,105,0,167,52,10,62,229
10/23/2007,LAN,MI,AGL,CE,Combined TRACON& Tower with Radar,15,47,34,4,100,0,0,24,0,24,15,47,58,4,124,18,4,22,146
10/24/2007,LAN,MI,AGL,CE,Combined TRACON& Tower with Radar,18,63,52,1,134,0,0,45,0,45,18,63,97,1,179,84,0,84,263
10/25/2007,LAN,MI,AGL,CE,Combined TRACON& Tower with Radar,27,59,76,4,166,0,0,82,0,82,27,59,158,4,248,88,2,90,338
10/26/2007,LAN,MI,AGL,CE,Combined TRACON& Tower with Radar,14,45,46,5,110,0,0,23,5,28,14,45,69,10,138,72,4,76,214
10/27/2007,LAN,MI,AGL,CE,Combined TRACON& Tower with Radar,28,33,18,0,79,0,0,3,0,3,28,33,21,0,82,10,0,10,92
10/28/2007,LAN,MI,AGL,CE,Combined TRACON& Tower with Radar,22,31,47,1,101,0,0,51,0,51,22,31,98,1,152,66,12,78,230
10/29/2007,LAN,MI,AGL,CE,Combined TRACON& Tower with Radar,17,40,21,2,80,0,4,57,0,61,17,44,78,2,141,83,12,95,236
10/30/2007,LAN,MI,AGL,CE,Combined TRACON& Tower with Radar,12,39,42,10,103,0,0,45,6,51,12,39,87,16,154,98,0,98,252
10/31/2007,LAN,MI,AGL,CE,Combined TRACON& Tower with Radar,12,47,16,11,86,0,1,14,17,32,12,48,30,28,118,58,0,58,176
11/01/2007,LAN,MI,AGL,CE,Combined TRACON& Tower with Radar,16,47,42,5,110,0,0,43,0,43,16,47,85,5,153,58,6,64,217
11/02/2007,LAN,MI,AGL,CE,Combined TRACON& Tower with Radar,12,40,30,0,82,0,0,74,2,76,12,40,104,2,158,60,2,62,220
11/03/2007,LAN,MI,AGL,CE,Combined TRACON& Tower with Radar,10,23,27,2,62,0,0,26,0,26,10,23,53,2,88,46,8,54,142
11/04/2007,LAN,MI,AGL,CE,Combined TRACON& Tower with Radar,19,24,39,3,85,0,0,59,0,59,19,24,98,3,144,52,2,54,198
11/05/2007,LAN,MI,AGL,CE,Combined TRACON& Tower with Radar,42,32,18,0,92,0,0,17,3,20,42,32,35,3,112,38,12,50,162
11/06/2007,LAN,MI,AGL,CE,Combined TRACON& Tower with Radar,15,37,9,0,61,0,1,0,0,1,15,38,9,0,62,38,12,50,112
11/07/2007,LAN,MI,AGL,CE,Combined TRACON& Tower with Radar,16,42,46,9,113,0,0,79,0,79,16,42,125,9,192,142,24,166,358
11/08/2007,LAN,MI,AGL,CE,Combined TRACON& Tower with Radar,21,49,45,4,119,0,0,22,0,22,21,49,67,4,141,46,2,48,189
11/09/2007,LAN,MI,AGL,CE,Combined TRACON& Tower with Radar,20,54,28,0,102,0,0,33,0,33,20,54,61,0,135,174,0,174,309
11/10/2007,LAN,MI,AGL,CE,Combined TRACON& Tower with Radar,14,32,41,0,87,0,0,37,0,37,14,32,78,0,124,54,0,54,178
11/11/2007,LAN,MI,AGL,CE,Combined TRACON& Tower with Radar,17,27,22,0,66,0,0,14,0,14,17,27,36,0,80,38,0,38,118
11/12/2007,LAN,MI,AGL,CE,Combined TRACON& Tower with Radar,11,27,16,0,54,0,0,0,0,0,11,27,16,0,54,0,0,0,54
11/13/2007,LAN,MI,AGL,CE,Combined TRACON& Tower with Radar,18,40,51,2,111,0,0,49,0,49,18,40,100,2,160,76,0,76,236
11/14/2007,LAN,MI,AGL,CE,Combined TRACON& Tower with Radar,19,49,35,4,107,0,0,12,0,12,19,49,47,4,119,34,6,40,159
11/15/2007,LAN,MI,AGL,CE,Combined TRACON& Tower with Radar,34,71,32,0,137,0,0,13,0,13,34,71,45,0,150,40,0,40,190
11/16/2007,LAN,MI,AGL,CE,Combined TRACON& Tower with Radar,29,47,40,5,121,0,2,27,2,31,29,49,67,7,152,68,0,68,220
11/17/2007,LAN,MI,AGL,CE,Combined TRACON& Tower with Radar,17,25,33,0,75,0,0,17,1,18,17,25,50,1,93,0,0,0,93
11/18/2007,LAN,MI,AGL,CE,Combined TRACON& Tower with Radar,17,24,62,6,109,0,0,44,0,44,17,24,106,6,153,78,4,82,235
11/19/2007,LAN,MI,AGL,CE,Combined TRACON& Tower with Radar,36,25,50,0,111,0,0,16,0,16,36,25,66,0,127,8,0,8,135
11/20/2007,LAN,MI,AGL,CE,Combined TRACON& Tower with Radar,15,52,42,0,109,0,0,7,0,7,15,52,49,0,116,26,0,26,142
11/21/2007,LAN,MI,AGL,CE,Combined TRACON& Tower with Radar,31,48,22,0,101,0,0,0,0,0,31,48,22,0,101,0,0,0,101
11/22/2007,LAN,MI,AGL,CE,Combined TRACON& Tower with Radar,9,17,3,0,29,0,0,0,0,0,9,17,3,0,29,0,0,0,29
11/23/2007,LAN,MI,AGL,CE,Combined TRACON& Tower with Radar,16,35,20,0,71,0,0,38,0,38,16,35,58,0,109,95,6,101,210
11/24/2007,LAN,MI,AGL,CE,Combined TRACON& Tower with Radar,17,49,17,0,83,0,0,18,0,18,17,49,35,0,101,28,0,28,129
11/25/2007,LAN,MI,AGL,CE,Combined TRACON& Tower with Radar,10,23,26,0,59,0,0,19,0,19,10,23,45,0,78,44,0,44,122
11/26/2007,LAN,MI,AGL,CE,Combined TRACON& Tower with Radar,38,30,32,12,112,0,0,6,0,6,38,30,38,12,118,22,0,22,140
11/27/2007,LAN,MI,AGL,CE,Combined TRACON& Tower with Radar,19,49,16,3,87,0,0,6,0,6,19,49,22,3,93,26,4,30,123
11/28/2007,LAN,MI,AGL,CE,Combined TRACON& Tower with Radar,18,56,24,2,100,0,0,37,0,37,18,56,61,2,137,32,2,34,171
11/29/2007,LAN,MI,AGL,CE,Combined TRACON& Tower with Radar,36,43,28,2,109,0,0,7,1,8,36,43,35,3,117,8,0,8,125
11/30/2007,LAN,MI,AGL,CE,Combined TRACON& Tower with Radar,29,25,19,4,77,0,0,16,0,16,29,25,35,4,93,8,4,12,105
12/01/2007,LAN,MI,AGL,CE,Combined TRACON& Tower with Radar,9,25,12,0,46,0,0,24,0,24,9,25,36,0,70,42,0,42,112
12/02/2007,LAN,MI,AGL,CE,Combined TRACON& Tower with Radar,21,30,12,0,63,0,0,0,0,0,21,30,12,0,63,0,0,0,63
12/03/2007,LAN,MI,AGL,CE,Combined TRACON& Tower with Radar,27,62,13,0,102,0,0,0,0,0,27,62,13,0,102,10,2,12,114
12/04/2007,LAN,MI,AGL,CE,Combined TRACON& Tower with Radar,16,42,24,7,89,0,0,50,3,53,16,42,74,10,142,124,14,138,280
12/05/2007,LAN,MI,AGL,CE,Combined TRACON& Tower with Radar,17,45,28,8,98,0,0,53,0,53,17,45,81,8,151,6,8,14,165
12/06/2007,LAN,MI,AGL,CE,Combined TRACON& Tower with Radar,23,53,61,26,163,0,0,87,0,87,23,53,148,26,250,106,8,114,364
12/07/2007,LAN,MI,AGL,CE,Combined TRACON& Tower with Radar,36,44,13,0,93,0,0,2,0,2,36,44,15,0,95,0,0,0,95
12/08/2007,LAN,MI,AGL,CE,Combined TRACON& Tower with Radar,19,23,16,0,58,0,12,107,0,119,19,35,123,0,177,68,14,82,259
12/09/2007,LAN,MI,AGL,CE,Combined TRACON& Tower with Radar,14,22,2,0,38,0,0,0,0,0,14,22,2,0,38,2,0,2,40
12/10/2007,LAN,MI,AGL,CE,Combined TRACON& Tower with Radar,15,57,65,0,137,0,0,31,0,31,15,57,96,0,168,120,18,138,306
12/11/2007,LAN,MI,AGL,CE,Combined TRACON& Tower with Radar,16,44,16,2,78,0,0,0,0,0,16,44,16,2,78,0,0,0,78
12/12/2007,LAN,MI,AGL,CE,Combined TRACON& Tower with Radar,16,49,46,20,131,0,0,47,0,47,16,49,93,20,178,168,20,188,366
12/13/2007,LAN,MI,AGL,CE,Combined TRACON& Tower with Radar,37,68,46,6,157,0,0,0,0,0,37,68,46,6,157,2,2,4,161
12/14/2007,LAN,MI,AGL,CE,Combined TRACON& Tower with Radar,16,43,60,3,122,0,0,42,0,42,16,43,102,3,164,96,8,104,268
12/15/2007,LAN,MI,AGL,CE,Combined TRACON& Tower with Radar,11,28,7,0,46,0,1,8,0,9,11,29,15,0,55,6,0,6,61
12/16/2007,LAN,MI,AGL,CE,Combined TRACON& Tower with Radar,17,18,6,0,41,0,0,0,0,0,17,18,6,0,41,0,0,0,41
12/17/2007,LAN,MI,AGL,CE,Combined TRACON& Tower with Radar,16,49,29,1,95,0,0,13,0,13,16,49,42,1,108,30,0,30,138
12/18/2007,LAN,MI,AGL,CE,Combined TRACON& Tower with Radar,22,43,42,11,118,0,0,29,0,29,22,43,71,11,147,26,0,26,173
12/19/2007,LAN,MI,AGL,CE,Combined TRACON& Tower with Radar,23,41,30,4,98,0,0,13,2,15,23,41,43,6,113,52,0,52,165
12/20/2007,LAN,MI,AGL,CE,Combined TRACON& Tower with Radar,26,48,30,2,106,0,0,40,0,40,26,48,70,2,146,58,0,58,204
12/21/2007,LAN,MI,AGL,CE,Combined TRACON& Tower with Radar,19,50,23,0,92,0,0,39,0,39,19,50,62,0,131,72,38,110,241
12/22/2007,LAN,MI,AGL,CE,Combined TRACON& Tower with Radar,17,37,26,0,80,0,1,2,0,3,17,38,28,0,83,0,0,0,83
12/23/2007,LAN,MI,AGL,CE,Combined TRACON& Tower with Radar,20,24,18,0,62,0,0,0,0,0,20,24,18,0,62,0,0,0,62
12/24/2007,LAN,MI,AGL,CE,Combined TRACON& Tower with Radar,16,37,6,0,59,0,0,4,0,4,16,37,10,0,63,0,0,0,63
12/25/2007,LAN,MI,AGL,CE,Combined TRACON& Tower with Radar,7,20,6,0,33,0,0,2,0,2,7,20,8,0,35,0,0,0,35
12/26/2007,LAN,MI,AGL,CE,Combined TRACON& Tower with Radar,27,35,17,0,79,0,0,44,0,44,27,35,61,0,123,24,0,24,147
12/27/2007,LAN,MI,AGL,CE,Combined TRACON& Tower with Radar,23,32,19,3,77,0,0,1,0,1,23,32,20,3,78,0,0,0,78
12/28/2007,LAN,MI,AGL,CE,Combined TRACON& Tower with Radar,19,22,16,6,63,0,0,2,0,2,19,22,18,6,65,2,0,2,67
12/29/2007,LAN,MI,AGL,CE,Combined TRACON& Tower with Radar,19,25,12,0,56,0,0,0,0,0,19,25,12,0,56,0,0,0,56
12/30/2007,LAN,MI,AGL,CE,Combined TRACON& Tower with Radar,27,32,34,0,93,0,0,29,0,29,27,32,63,0,122,0,0,0,122
12/31/2007,LAN,MI,AGL,CE,Combined TRACON& Tower with Radar,14,24,16,0,54,0,0,0,0,0,14,24,16,0,54,4,0,4,58
01/01/2008,LAN,MI,AGL,CE,Combined TRACON& Tower with Radar,11,17,2,0,30,0,0,0,0,0,11,17,2,0,30,0,0,0,30
01/02/2008,LAN,MI,AGL,CE,Combined TRACON& Tower with Radar,14,30,6,0,50,0,0,11,4,15,14,30,17,4,65,32,6,38,103
01/03/2008,LAN,MI,AGL,CE,Combined TRACON& Tower with Radar,17,42,43,7,109,0,0,31,0,31,17,42,74,7,140,34,0,34,174
01/04/2008,LAN,MI,AGL,CE,Combined TRACON& Tower with Radar,18,42,17,7,84,0,2,48,1,51,18,44,65,8,135,38,2,40,175
01/05/2008,LAN,MI,AGL,CE,Combined TRACON& Tower with Radar,13,29,3,0,45,0,3,0,2,5,13,32,3,2,50,2,6,8,58
01/06/2008,LAN,MI,AGL,CE,Combined TRACON& Tower with Radar,17,24,19,0,60,0,0,0,0,0,17,24,19,0,60,0,0,0,60
01/07/2008,LAN,MI,AGL,CE,Combined TRACON& Tower with Radar,11,35,38,3,87,0,0,21,0,21,11,35,59,3,108,4,0,4,112
01/08/2008,LAN,MI,AGL,CE,Combined TRACON& Tower with Radar,10,42,22,0,74,0,0,0,0,0,10,42,22,0,74,0,0,0,74
01/09/2008,LAN,MI,AGL,CE,Combined TRACON& Tower with Radar,19,41,19,4,83,0,0,20,2,22,19,41,39,6,105,14,0,14,119
01/10/2008,LAN,MI,AGL,CE,Combined TRACON& Tower with Radar,12,49,28,3,92,0,0,34,1,35,12,49,62,4,127,90,2,92,219
01/11/2008,LAN,MI,AGL,CE,Combined TRACON& Tower with Radar,10,43,14,0,67,0,0,0,1,1,10,43,14,1,68,0,0,0,68
01/12/2008,LAN,MI,AGL,CE,Combined TRACON& Tower with Radar,13,27,36,0,76,0,0,60,0,60,13,27,96,0,136,62,0,62,198
01/13/2008,LAN,MI,AGL,CE,Combined TRACON& Tower with Radar,17,23,22,0,62,0,4,2,0,6,17,27,24,0,68,0,0,0,68
01/14/2008,LAN,MI,AGL,CE,Combined TRACON& Tower with Radar,9,39,19,0,67,0,0,0,0,0,9,39,19,0,67,0,0,0,67
01/15/2008,LAN,MI,AGL,CE,Combined TRACON& Tower with Radar,10,52,37,0,99,0,0,0,0,0,10,52,37,0,99,94,4,98,197
01/16/2008,LAN,MI,AGL,CE,Combined TRACON& Tower with Radar,13,40,38,0,91,0,2,50,1,53,13,42,88,1,144,120,0,120,264
01/17/2008,LAN,MI,AGL,CE,Combined TRACON& Tower with Radar,13,45,17,5,80,0,1,12,1,14,13,46,29,6,94,10,2,12,106
01/18/2008,LAN,MI,AGL,CE,Combined TRACON& Tower with Radar,12,42,15,0,69,0,0,22,0,22,12,42,37,0,91,24,0,24,115
01/19/2008,LAN,MI,AGL,CE,Combined TRACON& Tower with Radar,8,34,6,0,48,0,2,0,0,2,8,36,6,0,50,0,0,0,50
01/20/2008,LAN,MI,AGL,CE,Combined TRACON& Tower with Radar,17,26,19,0,62,0,0,5,0,5,17,26,24,0,67,6,0,6,73
01/21/2008,LAN,MI,AGL,CE,Combined TRACON& Tower with Radar,9,39,23,0,71,0,0,1,0,1,9,39,24,0,72,0,0,0,72
01/22/2008,LAN,MI,AGL,CE,Combined TRACON& Tower with Radar,11,44,12,5,72,0,0,2,1,3,11,44,14,6,75,12,8,20,95
01/23/2008,LAN,MI,AGL,CE,Combined TRACON& Tower with Radar,11,48,37,0,96,0,0,2,0,2,11,48,39,0,98,4,0,4,102
01/24/2008,LAN,MI,AGL,CE,Combined TRACON& Tower with Radar,12,41,19,6,78,0,0,24,4,28,12,41,43,10,106,72,2,74,180
01/25/2008,LAN,MI,AGL,CE,Combined TRACON& Tower with Radar,12,48,25,2,87,0,0,38,0,38,12,48,63,2,125,100,0,100,225
01/26/2008,LAN,MI,AGL,CE,Combined TRACON& Tower with Radar,8,29,6,4,47,0,0,2,1,3,8,29,8,5,50,2,4,6,56
01/27/2008,LAN,MI,AGL,CE,Combined TRACON& Tower with Radar,17,24,15,0,56,0,0,4,0,4,17,24,19,0,60,0,0,0,60
01/28/2008,LAN,MI,AGL,CE,Combined TRACON& Tower with Radar,12,39,32,3,86,0,0,12,0,12,12,39,44,3,98,2,0,2,100
01/29/2008,LAN,MI,AGL,CE,Combined TRACON& Tower with Radar,9,47,19,2,77,0,0,0,0,0,9,47,19,2,77,0,0,0,77
01/30/2008,LAN,MI,AGL,CE,Combined TRACON& Tower with Radar,13,41,11,0,65,0,0,0,0,0,13,41,11,0,65,0,0,0,65
01/31/2008,LAN,MI,AGL,CE,Combined TRACON& Tower with Radar,20,42,43,5,110,0,0,34,4,38,20,42,77,9,148,36,4,40,188
02/01/2008,LAN,MI,AGL,CE,Combined TRACON& Tower with Radar,11,48,18,0,77,0,0,0,0,0,11,48,18,0,77,0,0,0,77
02/02/2008,LAN,MI,AGL,CE,Combined TRACON& Tower with Radar,10,26,8,0,44,0,0,0,0,0,10,26,8,0,44,0,0,0,44
02/03/2008,LAN,MI,AGL,CE,Combined TRACON& Tower with Radar,17,33,15,0,65,0,0,10,0,10,17,33,25,0,75,0,0,0,75
02/04/2008,LAN,MI,AGL,CE,Combined TRACON& Tower with Radar,8,31,12,0,51,0,0,0,0,0,8,31,12,0,51,18,0,18,69
02/05/2008,LAN,MI,AGL,CE,Combined TRACON& Tower with Radar,9,39,18,0,66,0,0,0,0,0,9,39,18,0,66,0,0,0,66
02/06/2008,LAN,MI,AGL,CE,Combined TRACON& Tower with Radar,12,28,9,0,49,0,0,0,0,0,12,28,9,0,49,0,0,0,49
02/07/2008,LAN,MI,AGL,CE,Combined TRACON& Tower with Radar,18,46,26,1,91,0,0,6,1,7,18,46,32,2,98,38,0,38,136
02/08/2008,LAN,MI,AGL,CE,Combined TRACON& Tower with Radar,10,43,37,2,92,0,0,5,2,7,10,43,42,4,99,34,0,34,133
02/09/2008,LAN,MI,AGL,CE,Combined TRACON& Tower with Radar,6,26,10,0,42,0,0,0,0,0,6,26,10,0,42,0,0,0,42
02/10/2008,LAN,MI,AGL,CE,Combined TRACON& Tower with Radar,17,23,10,1,51,0,0,0,0,0,17,23,10,1,51,0,0,0,51
02/11/2008,LAN,MI,AGL,CE,Combined TRACON& Tower with Radar,10,43,20,1,74,0,0,28,0,28,10,43,48,1,102,52,0,52,154
02/12/2008,LAN,MI,AGL,CE,Combined TRACON& Tower with Radar,10,36,23,0,69,0,0,0,0,0,10,36,23,0,69,0,0,0,69
02/13/2008,LAN,MI,AGL,CE,Combined TRACON& Tower with Radar,15,45,55,0,115,0,0,57,8,65,15,45,112,8,180,52,0,52,232
02/14/2008,LAN,MI,AGL,CE,Combined TRACON& Tower with Radar,16,45,30,4,95,0,0,24,2,26,16,45,54,6,121,44,4,48,169
02/15/2008,LAN,MI,AGL,CE,Combined TRACON& Tower with Radar,18,47,20,0,85,0,0,40,0,40,18,47,60,0,125,36,0,36,161
02/16/2008,LAN,MI,AGL,CE,Combined TRACON& Tower with Radar,16,27,35,0,78,0,2,41,0,43,16,29,76,0,121,30,0,30,151
02/17/2008,LAN,MI,AGL,CE,Combined TRACON& Tower with Radar,17,21,10,0,48,0,0,0,0,0,17,21,10,0,48,0,0,0,48
02/18/2008,LAN,MI,AGL,CE,Combined TRACON& Tower with Radar,14,32,20,0,66,0,0,0,0,0,14,32,20,0,66,0,0,0,66
02/19/2008,LAN,MI,AGL,CE,Combined TRACON& Tower with Radar,14,43,20,0,77,0,0,0,0,0,14,43,20,0,77,2,0,2,79
02/20/2008,LAN,MI,AGL,CE,Combined TRACON& Tower with Radar,17,49,39,5,110,0,1,47,0,48,17,50,86,5,158,52,0,52,210
02/21/2008,LAN,MI,AGL,CE,Combined TRACON& Tower with Radar,15,51,46,6,118,0,15,58,1,74,15,66,104,7,192,76,0,76,268
02/22/2008,LAN,MI,AGL,CE,Combined TRACON& Tower with Radar,19,47,39,6,111,0,0,36,0,36,19,47,75,6,147,82,4,86,233
02/23/2008,LAN,MI,AGL,CE,Combined TRACON& Tower with Radar,9,22,12,0,43,0,0,62,0,62,9,22,74,0,105,48,0,48,153
02/24/2008,LAN,MI,AGL,CE,Combined TRACON& Tower with Radar,23,34,15,0,72,0,0,41,0,41,23,34,56,0,113,34,0,34,147
02/25/2008,LAN,MI,AGL,CE,Combined TRACON& Tower with Radar,13,26,20,2,61,0,0,0,0,0,13,26,20,2,61,0,0,0,61
02/26/2008,LAN,MI,AGL,CE,Combined TRACON& Tower with Radar,16,38,9,0,63,0,0,0,0,0,16,38,9,0,63,0,0,0,63
02/27/2008,LAN,MI,AGL,CE,Combined TRACON& Tower with Radar,18,38,29,3,88,0,0,24,2,26,18,38,53,5,114,56,0,56,170
02/28/2008,LAN,MI,AGL,CE,Combined TRACON& Tower with Radar,16,42,39,1,98,0,0,28,0,28,16,42,67,1,126,54,0,54,180
02/29/2008,LAN,MI,AGL,CE,Combined TRACON& Tower with Radar,17,34,11,2,64,0,0,0,0,0,17,34,11,2,64,0,0,0,64
03/01/2008,LAN,MI,AGL,CE,Combined TRACON& Tower with Radar,12,24,43,0,79,0,1,19,0,20,12,25,62,0,99,34,0,34,133
03/02/2008,LAN,MI,AGL,CE,Combined TRACON& Tower with Radar,19,26,24,0,69,0,0,21,0,21,19,26,45,0,90,0,0,0,90
03/03/2008,LAN,MI,AGL,CE,Combined TRACON& Tower with Radar,13,38,17,0,68,0,0,0,0,0,13,38,17,0,68,0,0,0,68
03/04/2008,LAN,MI,AGL,CE,Combined TRACON& Tower with Radar,17,39,21,5,82,0,0,0,0,0,17,39,21,5,82,50,2,52,134
03/05/2008,LAN,MI,AGL,CE,Combined TRACON& Tower with Radar,20,39,56,0,115,0,0,40,0,40,20,39,96,0,155,36,0,36,191
03/06/2008,LAN,MI,AGL,CE,Combined TRACON& Tower with Radar,17,35,54,7,113,0,0,0,0,0,17,35,54,7,113,28,0,28,141
03/07/2008,LAN,MI,AGL,CE,Combined TRACON& Tower with Radar,17,32,27,7,83,0,2,27,1,30,17,34,54,8,113,26,0,26,139
03/08/2008,LAN,MI,AGL,CE,Combined TRACON& Tower with Radar,12,24,16,0,52,0,0,6,0,6,12,24,22,0,58,34,0,34,92
03/09/2008,LAN,MI,AGL,CE,Combined TRACON& Tower with Radar,21,29,24,0,74,0,0,26,0,26,21,29,50,0,100,52,0,52,152
03/10/2008,LAN,MI,AGL,CE,Combined TRACON& Tower with Radar,13,31,43,0,87,0,0,0,0,0,13,31,43,0,87,144,0,144,231
03/11/2008,LAN,MI,AGL,CE,Combined TRACON& Tower with Radar,16,34,27,4,81,0,0,0,0,0,16,34,27,4,81,16,0,16,97
03/12/2008,LAN,MI,AGL,CE,Combined TRACON& Tower with Radar,25,35,52,3,115,0,2,51,6,59,25,37,103,9,174,64,4,68,242
03/13/2008,LAN,MI,AGL,CE,Combined TRACON& Tower with Radar,16,37,28,2,83,0,1,10,0,11,16,38,38,2,94,32,2,34,128
03/14/2008,LAN,MI,AGL,CE,Combined TRACON& Tower with Radar,12,35,48,7,102,0,2,51,2,55,12,37,99,9,157,48,0,48,205
03/15/2008,LAN,MI,AGL,CE,Combined TRACON& Tower with Radar,11,31,17,2,61,0,0,49,0,49,11,31,66,2,110,64,0,64,174
03/16/2008,LAN,MI,AGL,CE,Combined TRACON& Tower with Radar,21,29,4,0,54,0,0,92,0,92,21,29,96,0,146,0,0,0,146
03/17/2008,LAN,MI,AGL,CE,Combined TRACON& Tower with Radar,15,37,29,2,83,0,2,34,0,36,15,39,63,2,119,60,0,60,179
03/18/2008,LAN,MI,AGL,CE,Combined TRACON& Tower with Radar,21,42,11,0,74,0,0,0,0,0,21,42,11,0,74,0,0,0,74
03/19/2008,LAN,MI,AGL,CE,Combined TRACON& Tower with Radar,33,19,35,18,105,0,0,22,0,22,33,19,57,18,127,18,10,28,155
03/20/2008,LAN,MI,AGL,CE,Combined TRACON& Tower with Radar,17,40,45,2,104,0,0,56,0,56,17,40,101,2,160,68,0,68,228
03/21/2008,LAN,MI,AGL,CE,Combined TRACON& Tower with Radar,21,33,26,2,82,0,0,17,0,17,21,33,43,2,99,24,0,24,123
03/22/2008,LAN,MI,AGL,CE,Combined TRACON& Tower with Radar,13,22,24,1,60,0,1,10,0,11,13,23,34,1,71,16,0,16,87
03/23/2008,LAN,MI,AGL,CE,Combined TRACON& Tower with Radar,17,25,19,0,61,0,0,3,0,3,17,25,22,0,64,0,0,0,64
03/24/2008,LAN,MI,AGL,CE,Combined TRACON& Tower with Radar,17,28,41,2,88,0,1,45,0,46,17,29,86,2,134,118,0,118,252
03/25/2008,LAN,MI,AGL,CE,Combined TRACON& Tower with Radar,16,32,15,0,63,0,0,0,0,0,16,32,15,0,63,0,0,0,63
03/26/2008,LAN,MI,AGL,CE,Combined TRACON& Tower with Radar,21,44,45,6,116,0,2,46,0,48,21,46,91,6,164,76,2,78,242
03/27/2008,LAN,MI,AGL,CE,Combined TRACON& Tower with Radar,17,36,18,1,72,0,0,3,0,3,17,36,21,1,75,18,0,18,93
03/28/2008,LAN,MI,AGL,CE,Combined TRACON& Tower with Radar,26,44,51,2,123,0,0,53,8,61,26,44,104,10,184,58,0,58,242
03/29/2008,LAN,MI,AGL,CE,Combined TRACON& Tower with Radar,14,28,63,0,105,0,0,51,0,51,14,28,114,0,156,102,10,112,268
03/30/2008,LAN,MI,AGL,CE,Combined TRACON& Tower with Radar,21,23,26,0,70,0,0,12,0,12,21,23,38,0,82,0,0,0,82
03/31/2008,LAN,MI,AGL,CE,Combined TRACON& Tower with Radar,13,30,13,1,57,0,0,0,0,0,13,30,13,1,57,0,0,0,57
04/01/2008,LAN,MI,AGL,CE,Combined TRACON& Tower with Radar,16,43,9,1,69,0,0,0,0,0,16,43,9,1,69,4,0,4,73
04/02/2008,LAN,MI,AGL,CE,Combined TRACON& Tower with Radar,20,40,45,0,105,0,15,108,0,123,20,55,153,0,228,118,0,118,346
04/03/2008,LAN,MI,AGL,CE,Combined TRACON& Tower with Radar,20,35,25,2,82,3,1,47,0,51,23,36,72,2,133,114,0,114,247
04/04/2008,LAN,MI,AGL,CE,Combined TRACON& Tower with Radar,20,51,20,2,93,0,0,3,0,3,20,51,23,2,96,18,0,18,114
04/05/2008,LAN,MI,AGL,CE,Combined TRACON& Tower with Radar,18,42,42,0,102,0,0,52,0,52,18,42,94,0,154,42,0,42,196
04/06/2008,LAN,MI,AGL,CE,Combined TRACON& Tower with Radar,11,16,19,0,46,0,0,43,0,43,11,16,62,0,89,36,0,36,125
04/07/2008,LAN,MI,AGL,CE,Combined TRACON& Tower with Radar,25,36,21,5,87,0,0,18,0,18,25,36,39,5,105,10,0,10,115
04/08/2008,LAN,MI,AGL,CE,Combined TRACON& Tower with Radar,16,36,28,3,83,0,0,27,0,27,16,36,55,3,110,70,0,70,180
04/09/2008,LAN,MI,AGL,CE,Combined TRACON& Tower with Radar,16,40,36,5,97,0,0,0,0,0,16,40,36,5,97,0,0,0,97
04/10/2008,LAN,MI,AGL,CE,Combined TRACON& Tower with Radar,21,42,38,0,101,0,0,8,0,8,21,42,46,0,109,28,0,28,137
04/11/2008,LAN,MI,AGL,CE,Combined TRACON& Tower with Radar,18,41,28,2,89,0,0,0,0,0,18,41,28,2,89,2,0,2,91
04/12/2008,LAN,MI,AGL,CE,Combined TRACON& Tower with Radar,11,28,0,0,39,0,0,0,0,0,11,28,0,0,39,0,0,0,39
04/13/2008,LAN,MI,AGL,CE,Combined TRACON& Tower with Radar,21,27,33,0,81,0,0,12,0,12,21,27,45,0,93,22,0,22,115
04/14/2008,LAN,MI,AGL,CE,Combined TRACON& Tower with Radar,13,33,26,1,73,0,0,33,0,33,13,33,59,1,106,136,0,136,242
04/15/2008,LAN,MI,AGL,CE,Combined TRACON& Tower with Radar,14,35,42,6,97,0,0,0,0,0,14,35,42,6,97,84,8,92,189
04/16/2008,LAN,MI,AGL,CE,Combined TRACON& Tower with Radar,17,34,20,2,73,0,0,24,0,24,17,34,44,2,97,16,0,16,113
04/17/2008,LAN,MI,AGL,CE,Combined TRACON& Tower with Radar,14,37,24,2,77,0,1,32,2,35,14,38,56,4,112,76,0,76,188
04/18/2008,LAN,MI,AGL,CE,Combined TRACON& Tower with Radar,13,32,30,2,77,0,0,45,0,45,13,32,75,2,122,92,0,92,214
04/19/2008,LAN,MI,AGL,CE,Combined TRACON& Tower with Radar,10,30,24,0,64,23,0,0,0,23,33,30,24,0,87,4,0,4,91
04/20/2008,LAN,MI,AGL,CE,Combined TRACON& Tower with Radar,17,21,35,0,73,0,0,42,0,42,17,21,77,0,115,14,0,14,129
04/21/2008,LAN,MI,AGL,CE,Combined TRACON& Tower with Radar,14,38,33,0,85,0,0,37,0,37,14,38,70,0,122,92,0,92,214
04/22/2008,LAN,MI,AGL,CE,Combined TRACON& Tower with Radar,14,36,31,0,81,0,0,0,0,0,14,36,31,0,81,58,0,58,139
04/23/2008,LAN,MI,AGL,CE,Combined TRACON& Tower with Radar,18,37,41,0,96,0,0,31,0,31,18,37,72,0,127,66,0,66,193
04/24/2008,LAN,MI,AGL,CE,Combined TRACON& Tower with Radar,16,43,32,1,92,0,0,33,0,33,16,43,65,1,125,38,0,38,163
04/25/2008,LAN,MI,AGL,CE,Combined TRACON& Tower with Radar,14,37,40,1,92,0,0,13,0,13,14,37,53,1,105,18,0,18,123
04/26/2008,LAN,MI,AGL,CE,Combined TRACON& Tower with Radar,9,27,18,1,55,0,0,0,0,0,9,27,18,1,55,0,0,0,55
04/27/2008,LAN,MI,AGL,CE,Combined TRACON& Tower with Radar,19,24,26,0,69,0,0,33,0,33,19,24,59,0,102,32,0,32,134
04/28/2008,LAN,MI,AGL,CE,Combined TRACON& Tower with Radar,11,36,9,0,56,0,0,22,0,22,11,36,31,0,78,56,4,60,138
04/29/2008,LAN,MI,AGL,CE,Combined TRACON& Tower with Radar,15,42,25,1,83,0,0,0,0,0,15,42,25,1,83,80,2,82,165
04/30/2008,LAN,MI,AGL,CE,Combined TRACON& Tower with Radar,18,41,44,0,103,0,0,55,0,55,18,41,99,0,158,112,2,114,272
05/01/2008,LAN,MI,AGL,CE,Combined TRACON& Tower with Radar,16,42,21,3,82,0,5,30,0,35,16,47,51,3,117,48,0,48,165
05/02/2008,LAN,MI,AGL,CE,Combined TRACON& Tower with Radar,11,36,18,3,68,0,0,14,7,21,11,36,32,10,89,14,1,15,104
05/03/2008,LAN,MI,AGL,CE,Combined TRACON& Tower with Radar,12,29,35,0,76,0,0,15,0,15,12,29,50,0,91,64,0,64,155
05/04/2008,LAN,MI,AGL,CE,Combined TRACON& Tower with Radar,19,26,34,0,79,0,0,44,0,44,19,26,78,0,123,74,0,74,197
05/05/2008,LAN,MI,AGL,CE,Combined TRACON& Tower with Radar,11,33,21,3,68,0,0,0,0,0,11,33,21,3,68,28,4,32,100
05/06/2008,LAN,MI,AGL,CE,Combined TRACON& Tower with Radar,21,35,46,6,108,0,0,0,0,0,21,35,46,6,108,20,28,48,156
05/07/2008,LAN,MI,AGL,CE,Combined TRACON& Tower with Radar,18,38,30,5,91,0,0,8,0,8,18,38,38,5,99,4,0,4,103
05/08/2008,LAN,MI,AGL,CE,Combined TRACON& Tower with Radar,16,40,28,4,88,0,0,35,0,35,16,40,63,4,123,82,4,86,209
05/09/2008,LAN,MI,AGL,CE,Combined TRACON& Tower with Radar,11,39,43,0,93,0,0,34,0,34,11,39,77,0,127,54,4,58,185
05/10/2008,LAN,MI,AGL,CE,Combined TRACON& Tower with Radar,12,22,9,1,44,0,1,24,0,25,12,23,33,1,69,36,0,36,105
05/11/2008,LAN,MI,AGL,CE,Combined TRACON& Tower with Radar,12,15,18,1,46,0,0,5,0,5,12,15,23,1,51,0,0,0,51
05/12/2008,LAN,MI,AGL,CE,Combined TRACON& Tower with Radar,13,35,32,0,80,0,0,5,0,5,13,35,37,0,85,58,0,58,143
05/13/2008,LAN,MI,AGL,CE,Combined TRACON& Tower with Radar,14,37,30,4,85,0,0,21,0,21,14,37,51,4,106,24,0,24,130
05/14/2008,LAN,MI,AGL,CE,Combined TRACON& Tower with Radar,17,41,46,1,105,0,0,0,0,0,17,41,46,1,105,10,0,10,115
05/15/2008,LAN,MI,AGL,CE,Combined TRACON& Tower with Radar,16,41,40,5,102,0,0,50,8,58,16,41,90,13,160,59,10,69,229
05/16/2008,LAN,MI,AGL,CE,Combined TRACON& Tower with Radar,14,40,42,7,103,0,0,40,0,40,14,40,82,7,143,16,0,16,159
05/17/2008,LAN,MI,AGL,CE,Combined TRACON& Tower with Radar,13,21,11,5,50,0,0,5,9,14,13,21,16,14,64,28,6,34,98
05/18/2008,LAN,MI,AGL,CE,Combined TRACON& Tower with Radar,8,15,13,0,36,0,0,6,0,6,8,15,19,0,42,24,0,24,66
05/19/2008,LAN,MI,AGL,CE,Combined TRACON& Tower with Radar,15,39,30,0,84,0,0,30,4,34,15,39,60,4,118,28,0,28,146
05/20/2008,LAN,MI,AGL,CE,Combined TRACON& Tower with Radar,14,36,40,4,94,0,0,0,0,0,14,36,40,4,94,0,0,0,94
05/21/2008,LAN,MI,AGL,CE,Combined TRACON& Tower with Radar,16,46,27,5,94,0,0,12,0,12,16,46,39,5,106,24,0,24,130
05/22/2008,LAN,MI,AGL,CE,Combined TRACON& Tower with Radar,17,40,47,6,110,0,0,26,0,26,17,40,73,6,136,20,0,20,156
05/23/2008,LAN,MI,AGL,CE,Combined TRACON& Tower with Radar,17,15,18,7,57,0,0,25,5,30,17,15,43,12,87,22,4,26,113
05/24/2008,LAN,MI,AGL,CE,Combined TRACON& Tower with Radar,11,24,16,0,51,0,0,25,0,25,11,24,41,0,76,68,0,68,144
05/25/2008,LAN,MI,AGL,CE,Combined TRACON& Tower with Radar,7,13,18,0,38,0,0,21,0,21,7,13,39,0,59,10,0,10,69
05/26/2008,LAN,MI,AGL,CE,Combined TRACON& Tower with Radar,11,22,9,0,42,0,0,0,0,0,11,22,9,0,42,2,0,2,44
05/27/2008,LAN,MI,AGL,CE,Combined TRACON& Tower with Radar,12,35,8,2,57,0,0,0,0,0,12,35,8,2,57,12,2,14,71
05/28/2008,LAN,MI,AGL,CE,Combined TRACON& Tower with Radar,14,46,43,1,104,0,2,65,0,67,14,48,108,1,171,102,2,104,275
05/29/2008,LAN,MI,AGL,CE,Combined TRACON& Tower with Radar,14,41,30,0,85,0,1,45,0,46,14,42,75,0,131,54,0,54,185
05/30/2008,LAN,MI,AGL,CE,Combined TRACON& Tower with Radar,15,37,25,0,77,0,0,7,0,7,15,37,32,0,84,8,0,8,92
05/31/2008,LAN,MI,AGL,CE,Combined TRACON& Tower with Radar,13,43,6,0,62,0,0,12,0,12,13,43,18,0,74,0,0,0,74
06/01/2008,LAN,MI,AGL,CE,Combined TRACON& Tower with Radar,8,14,18,0,40,0,0,20,0,20,8,14,38,0,60,32,0,32,92
06/02/2008,LAN,MI,AGL,CE,Combined TRACON& Tower with Radar,12,35,35,0,82,0,0,38,0,38,12,35,73,0,120,42,0,42,162
06/03/2008,LAN,MI,AGL,CE,Combined TRACON& Tower with Radar,13,35,35,0,83,0,0,4,0,4,13,35,39,0,87,0,0,0,87
06/04/2008,LAN,MI,AGL,CE,Combined TRACON& Tower with Radar,14,39,55,0,108,0,0,2,0,2,14,39,57,0,110,0,0,0,110
06/05/2008,LAN,MI,AGL,CE,Combined TRACON& Tower with Radar,12,44,30,0,86,0,0,10,0,10,12,44,40,0,96,4,0,4,100
06/06/2008,LAN,MI,AGL,CE,Combined TRACON& Tower with Radar,13,39,22,2,76,0,0,15,0,15,13,39,37,2,91,2,2,4,95
06/07/2008,LAN,MI,AGL,CE,Combined TRACON& Tower with Radar,8,26,20,2,56,0,0,25,0,25,8,26,45,2,81,50,4,54,135
06/08/2008,LAN,MI,AGL,CE,Combined TRACON& Tower with Radar,8,12,11,2,33,0,0,10,0,10,8,12,21,2,43,0,0,0,43
06/09/2008,LAN,MI,AGL,CE,Combined TRACON& Tower with Radar,12,29,26,0,67,0,2,9,0,11,12,31,35,0,78,0,0,0,78
06/10/2008,LAN,MI,AGL,CE,Combined TRACON& Tower with Radar,13,39,32,2,86,0,0,0,0,0,13,39,32,2,86,72,0,72,158
06/11/2008,LAN,MI,AGL,CE,Combined TRACON& Tower with Radar,12,42,55,2,111,0,0,84,0,84,12,42,139,2,195,46,0,46,241
06/12/2008,LAN,MI,AGL,CE,Combined TRACON& Tower with Radar,18,41,32,3,94,0,5,53,3,61,18,46,85,6,155,54,0,54,209
06/13/2008,LAN,MI,AGL,CE,Combined TRACON& Tower with Radar,15,44,28,2,89,0,1,14,0,15,15,45,42,2,104,62,0,62,166
06/14/2008,LAN,MI,AGL,CE,Combined TRACON& Tower with Radar,10,31,27,0,68,0,2,28,0,30,10,33,55,0,98,20,0,20,118
06/15/2008,LAN,MI,AGL,CE,Combined TRACON& Tower with Radar,14,21,8,0,43,0,0,14,0,14,14,21,22,0,57,2,0,2,59
06/16/2008,LAN,MI,AGL,CE,Combined TRACON& Tower with Radar,16,45,26,7,94,0,1,37,1,39,16,46,63,8,133,18,0,18,151
06/17/2008,LAN,MI,AGL,CE,Combined TRACON& Tower with Radar,13,42,18,7,80,0,0,0,0,0,13,42,18,7,80,20,0,20,100
06/18/2008,LAN,MI,AGL,CE,Combined TRACON& Tower with Radar,13,44,41,2,100,0,0,21,0,21,13,44,62,2,121,58,0,58,179
06/19/2008,LAN,MI,AGL,CE,Combined TRACON& Tower with Radar,20,48,36,3,107,4,0,56,1,61,24,48,92,4,168,64,0,64,232
06/20/2008,LAN,MI,AGL,CE,Combined TRACON& Tower with Radar,11,36,43,0,90,0,1,52,0,53,11,37,95,0,143,26,0,26,169
06/21/2008,LAN,MI,AGL,CE,Combined TRACON& Tower with Radar,7,32,25,0,64,0,0,21,0,21,7,32,46,0,85,16,0,16,101
06/22/2008,LAN,MI,AGL,CE,Combined TRACON& Tower with Radar,10,16,15,0,41,0,0,36,0,36,10,16,51,0,77,6,0,6,83
06/23/2008,LAN,MI,AGL,CE,Combined TRACON& Tower with Radar,11,28,26,2,67,0,1,29,0,30,11,29,55,2,97,10,0,10,107
06/24/2008,LAN,MI,AGL,CE,Combined TRACON& Tower with Radar,16,36,53,0,105,0,0,0,0,0,16,36,53,0,105,64,0,64,169
06/25/2008,LAN,MI,AGL,CE,Combined TRACON& Tower with Radar,14,44,14,3,75,0,0,19,1,20,14,44,33,4,95,16,8,24,119
06/26/2008,LAN,MI,AGL,CE,Combined TRACON& Tower with Radar,14,37,24,0,75,0,1,29,0,30,14,38,53,0,105,18,0,18,123
06/27/2008,LAN,MI,AGL,CE,Combined TRACON& Tower with Radar,15,45,29,2,91,0,0,0,0,0,15,45,29,2,91,28,2,30,121
06/28/2008,LAN,MI,AGL,CE,Combined TRACON& Tower with Radar,8,35,10,0,53,0,0,11,0,11,8,35,21,0,64,35,0,35,99
06/29/2008,LAN,MI,AGL,CE,Combined TRACON& Tower with Radar,9,21,8,0,38,0,0,7,0,7,9,21,15,0,45,10,0,10,55
06/30/2008,LAN,MI,AGL,CE,Combined TRACON& Tower with Radar,12,30,48,9,99,0,1,29,0,30,12,31,77,9,129,40,2,42,171
07/01/2008,LAN,MI,AGL,CE,Combined TRACON& Tower with Radar,11,37,24,0,72,0,1,51,2,54,11,38,75,2,126,82,0,82,208
07/02/2008,LAN,MI,AGL,CE,Combined TRACON& Tower with Radar,11,33,12,0,56,0,0,11,2,13,11,33,23,2,69,26,0,26,95
07/03/2008,LAN,MI,AGL,CE,Combined TRACON& Tower with Radar,8,34,22,0,64,0,0,30,0,30,8,34,52,0,94,20,0,20,114
07/04/2008,LAN,MI,AGL,CE,Combined TRACON& Tower with Radar,5,14,33,0,52,0,2,95,4,101,5,16,128,4,153,68,0,68,221
07/05/2008,LAN,MI,AGL,CE,Combined TRACON& Tower with Radar,6,25,2,0,33,0,2,19,0,21,6,27,21,0,54,0,0,0,54
07/06/2008,LAN,MI,AGL,CE,Combined TRACON& Tower with Radar,10,17,14,1,42,0,0,27,0,27,10,17,41,1,69,0,0,0,69
07/07/2008,LAN,MI,AGL,CE,Combined TRACON& Tower with Radar,14,33,17,0,64,0,0,21,0,21,14,33,38,0,85,22,0,22,107
07/08/2008,LAN,MI,AGL,CE,Combined TRACON& Tower with Radar,12,42,28,0,82,0,0,16,0,16,12,42,44,0,98,55,0,55,153
07/09/2008,LAN,MI,AGL,CE,Combined TRACON& Tower with Radar,14,34,32,1,81,0,1,39,4,44,14,35,71,5,125,34,6,40,165
07/10/2008,LAN,MI,AGL,CE,Combined TRACON& Tower with Radar,14,37,21,5,77,0,0,46,1,47,14,37,67,6,124,60,0,60,184
07/11/2008,LAN,MI,AGL,CE,Combined TRACON& Tower with Radar,9,44,41,3,97,0,0,36,0,36,9,44,77,3,133,79,0,79,212
07/12/2008,LAN,MI,AGL,CE,Combined TRACON& Tower with Radar,8,27,19,0,54,0,0,1,0,1,8,27,20,0,55,4,0,4,59
07/13/2008,LAN,MI,AGL,CE,Combined TRACON& Tower with Radar,7,19,18,0,44,0,0,24,0,24,7,19,42,0,68,2,0,2,70
07/14/2008,LAN,MI,AGL,CE,Combined TRACON& Tower with Radar,10,39,16,4,69,0,0,56,2,58,10,39,72,6,127,102,12,114,241
07/15/2008,LAN,MI,AGL,CE,Combined TRACON& Tower with Radar,16,34,31,5,86,0,2,56,0,58,16,36,87,5,144,42,2,44,188
07/16/2008,LAN,MI,AGL,CE,Combined TRACON& Tower with Radar,13,45,38,2,98,0,0,30,0,30,13,45,68,2,128,74,0,74,202
07/17/2008,LAN,MI,AGL,CE,Combined TRACON& Tower with Radar,13,40,69,1,123,0,0,42,2,44,13,40,111,3,167,66,0,66,233
07/18/2008,LAN,MI,AGL,CE,Combined TRACON& Tower with Radar,11,44,28,2,85,0,0,28,0,28,11,44,56,2,113,3,24,27,140
07/19/2008,LAN,MI,AGL,CE,Combined TRACON& Tower with Radar,7,28,16,2,53,0,0,6,0,6,7,28,22,2,59,38,0,38,97
07/20/2008,LAN,MI,AGL,CE,Combined TRACON& Tower with Radar,10,19,10,0,39,0,0,4,0,4,10,19,14,0,43,0,0,0,43
07/21/2008,LAN,MI,AGL,CE,Combined TRACON& Tower with Radar,9,33,26,2,70,0,0,27,0,27,9,33,53,2,97,16,0,16,113
07/22/2008,LAN,MI,AGL,CE,Combined TRACON& Tower with Radar,25,44,26,0,95,0,0,34,0,34,25,44,60,0,129,14,0,14,143
07/23/2008,LAN,MI,AGL,CE,Combined TRACON& Tower with Radar,12,47,16,2,77,0,0,57,4,61,12,47,73,6,138,52,0,52,190
07/24/2008,LAN,MI,AGL,CE,Combined TRACON& Tower with Radar,14,41,34,2,91,0,5,64,0,69,14,46,98,2,160,70,0,70,230
07/25/2008,LAN,MI,AGL,CE,Combined TRACON& Tower with Radar,11,39,26,0,76,0,0,24,0,24,11,39,50,0,100,22,0,22,122
07/26/2008,LAN,MI,AGL,CE,Combined TRACON& Tower with Radar,11,33,14,0,58,0,0,18,0,18,11,33,32,0,76,16,0,16,92
07/27/2008,LAN,MI,AGL,CE,Combined TRACON& Tower with Radar,8,19,26,0,53,0,0,20,0,20,8,19,46,0,73,14,0,14,87
07/28/2008,LAN,MI,AGL,CE,Combined TRACON& Tower with Radar,9,37,25,2,73,0,0,66,0,66,9,37,91,2,139,12,0,12,151
07/29/2008,LAN,MI,AGL,CE,Combined TRACON& Tower with Radar,14,42,28,2,86,0,0,43,0,43,14,42,71,2,129,16,14,30,159
07/30/2008,LAN,MI,AGL,CE,Combined TRACON& Tower with Radar,16,43,54,0,113,0,0,24,2,26,16,43,78,2,139,16,0,16,155
07/31/2008,LAN,MI,AGL,CE,Combined TRACON& Tower with Radar,12,47,45,2,106,0,1,38,3,42,12,48,83,5,148,52,8,60,208
08/01/2008,LAN,MI,AGL,CE,Combined TRACON& Tower with Radar,19,48,19,4,90,0,0,35,0,35,19,48,54,4,125,50,2,52,177
08/02/2008,LAN,MI,AGL,CE,Combined TRACON& Tower with Radar,9,35,15,0,59,0,0,30,0,30,9,35,45,0,89,4,0,4,93
08/03/2008,LAN,MI,AGL,CE,Combined TRACON& Tower with Radar,9,16,9,2,36,0,0,27,0,27,9,16,36,2,63,32,0,32,95
08/04/2008,LAN,MI,AGL,CE,Combined TRACON& Tower with Radar,11,32,19,0,62,0,0,22,0,22,11,32,41,0,84,22,0,22,106
08/05/2008,LAN,MI,AGL,CE,Combined TRACON& Tower with Radar,12,39,29,1,81,0,0,30,0,30,12,39,59,1,111,56,0,56,167
08/06/2008,LAN,MI,AGL,CE,Combined TRACON& Tower with Radar,14,43,33,6,96,0,0,67,3,70,14,43,100,9,166,6,0,6,172
08/07/2008,LAN,MI,AGL,CE,Combined TRACON& Tower with Radar,15,44,25,1,85,0,0,26,0,26,15,44,51,1,111,14,0,14,125
08/08/2008,LAN,MI,AGL,CE,Combined TRACON& Tower with Radar,13,42,32,0,87,0,0,41,0,41,13,42,73,0,128,26,0,26,154
08/09/2008,LAN,MI,AGL,CE,Combined TRACON& Tower with Radar,10,25,7,0,42,0,0,18,0,18,10,25,25,0,60,0,0,0,60
08/10/2008,LAN,MI,AGL,CE,Combined TRACON& Tower with Radar,13,26,17,0,56,0,0,10,0,10,13,26,27,0,66,2,0,2,68
08/11/2008,LAN,MI,AGL,CE,Combined TRACON& Tower with Radar,10,30,32,3,75,0,1,29,2,32,10,31,61,5,107,62,0,62,169
08/12/2008,LAN,MI,AGL,CE,Combined TRACON& Tower with Radar,11,47,28,0,86,0,1,66,0,67,11,48,94,0,153,24,0,24,177
08/13/2008,LAN,MI,AGL,CE,Combined TRACON& Tower with Radar,14,38,22,2,76,0,0,32,0,32,14,38,54,2,108,24,0,24,132
08/14/2008,LAN,MI,AGL,CE,Combined TRACON& Tower with Radar,18,41,38,2,99,0,1,29,0,30,18,42,67,2,129,43,0,43,172
08/15/2008,LAN,MI,AGL,CE,Combined TRACON& Tower with Radar,10,40,25,6,81,0,0,70,1,71,10,40,95,7,152,38,0,38,190
08/16/2008,LAN,MI,AGL,CE,Combined TRACON& Tower with Radar,10,27,13,0,50,0,0,37,0,37,10,27,50,0,87,36,0,36,123
08/17/2008,LAN,MI,AGL,CE,Combined TRACON& Tower with Radar,8,0,0,0,8,0,0,19,0,19,8,0,19,0,27,4,0,4,31
08/18/2008,LAN,MI,AGL,CE,Combined TRACON& Tower with Radar,8,31,25,2,66,0,0,16,0,16,8,31,41,2,82,0,14,14,96
08/19/2008,LAN,MI,AGL,CE,Combined TRACON& Tower with Radar,21,29,24,0,74,0,2,26,0,28,21,31,50,0,102,26,2,28,130
08/20/2008,LAN,MI,AGL,CE,Combined TRACON& Tower with Radar,20,32,49,2,103,0,1,49,0,50,20,33,98,2,153,102,0,102,255
08/21/2008,LAN,MI,AGL,CE,Combined TRACON& Tower with Radar,16,40,34,0,90,0,1,54,0,55,16,41,88,0,145,85,0,85,230
08/22/2008,LAN,MI,AGL,CE,Combined TRACON& Tower with Radar,13,45,37,0,95,0,0,18,0,18,13,45,55,0,113,14,0,14,127
08/23/2008,LAN,MI,AGL,CE,Combined TRACON& Tower with Radar,8,27,10,0,45,0,1,8,0,9,8,28,18,0,54,30,0,30,84
08/24/2008,LAN,MI,AGL,CE,Combined TRACON& Tower with Radar,7,17,40,0,64,0,0,15,0,15,7,17,55,0,79,12,0,12,91
08/25/2008,LAN,MI,AGL,CE,Combined TRACON& Tower with Radar,12,37,47,0,96,0,1,42,0,43,12,38,89,0,139,50,0,50,189
08/26/2008,LAN,MI,AGL,CE,Combined TRACON& Tower with Radar,15,29,22,2,68,0,0,34,2,36,15,29,56,4,104,42,0,42,146
08/27/2008,LAN,MI,AGL,CE,Combined TRACON& Tower with Radar,15,33,25,0,73,0,1,54,0,55,15,34,79,0,128,42,0,42,170
08/28/2008,LAN,MI,AGL,CE,Combined TRACON& Tower with Radar,16,38,45,2,101,0,0,20,0,20,16,38,65,2,121,38,0,38,159
08/29/2008,LAN,MI,AGL,CE,Combined TRACON& Tower with Radar,13,35,33,0,81,0,0,62,0,62,13,35,95,0,143,18,0,18,161
08/30/2008,LAN,MI,AGL,CE,Combined TRACON& Tower with Radar,8,25,20,0,53,0,0,25,0,25,8,25,45,0,78,14,0,14,92
08/31/2008,LAN,MI,AGL,CE,Combined TRACON& Tower with Radar,7,8,6,0,21,0,0,16,0,16,7,8,22,0,37,4,0,4,41
09/01/2008,LAN,MI,AGL,CE,Combined TRACON& Tower with Radar,11,13,13,0,37,0,1,28,0,29,11,14,41,0,66,0,0,0,66
09/02/2008,LAN,MI,AGL,CE,Combined TRACON& Tower with Radar,15,31,39,0,85,0,2,49,0,51,15,33,88,0,136,90,0,90,226
09/03/2008,LAN,MI,AGL,CE,Combined TRACON& Tower with Radar,14,32,21,1,68,0,0,27,3,30,14,32,48,4,98,6,2,8,106
09/04/2008,LAN,MI,AGL,CE,Combined TRACON& Tower with Radar,25,28,52,0,105,0,0,8,0,8,25,28,60,0,113,36,2,38,151
09/05/2008,LAN,MI,AGL,CE,Combined TRACON& Tower with Radar,20,29,26,0,75,0,0,26,1,27,20,29,52,1,102,18,0,18,120
09/06/2008,LAN,MI,AGL,CE,Combined TRACON& Tower with Radar,6,21,6,0,33,0,0,48,0,48,6,21,54,0,81,8,0,8,89
09/07/2008,LAN,MI,AGL,CE,Combined TRACON& Tower with Radar,11,12,13,0,36,0,0,19,0,19,11,12,32,0,55,20,0,20,75
09/08/2008,LAN,MI,AGL,CE,Combined TRACON& Tower with Radar,13,28,43,2,86,0,0,49,6,55,13,28,92,8,141,40,2,42,183
09/09/2008,LAN,MI,AGL,CE,Combined TRACON& Tower with Radar,15,31,50,0,96,0,0,22,0,22,15,31,72,0,118,34,0,34,152
09/10/2008,LAN,MI,AGL,CE,Combined TRACON& Tower with Radar,13,30,27,1,71,0,0,47,1,48,13,30,74,2,119,36,0,36,155
09/11/2008,LAN,MI,AGL,CE,Combined TRACON& Tower with Radar,14,37,48,0,99,0,0,56,0,56,14,37,104,0,155,100,0,100,255
09/12/2008,LAN,MI,AGL,CE,Combined TRACON& Tower with Radar,14,32,37,2,85,0,0,0,0,0,14,32,37,2,85,4,0,4,89
09/13/2008,LAN,MI,AGL,CE,Combined TRACON& Tower with Radar,10,23,8,0,41,0,0,0,0,0,10,23,8,0,41,0,0,0,41
09/14/2008,LAN,MI,AGL,CE,Combined TRACON& Tower with Radar,5,10,3,0,18,0,0,0,0,0,5,10,3,0,18,0,0,0,18
09/15/2008,LAN,MI,AGL,CE,Combined TRACON& Tower with Radar,11,27,32,2,72,0,0,11,0,11,11,27,43,2,83,2,0,2,85
09/16/2008,LAN,MI,AGL,CE,Combined TRACON& Tower with Radar,15,30,41,2,88,0,2,66,0,68,15,32,107,2,156,96,0,96,252
09/17/2008,LAN,MI,AGL,CE,Combined TRACON& Tower with Radar,15,33,39,4,91,0,1,33,0,34,15,34,72,4,125,70,0,70,195
09/18/2008,LAN,MI,AGL,CE,Combined TRACON& Tower with Radar,14,34,36,0,84,0,0,48,0,48,14,34,84,0,132,96,0,96,228
09/19/2008,LAN,MI,AGL,CE,Combined TRACON& Tower with Radar,12,39,48,1,100,0,0,31,0,31,12,39,79,1,131,39,0,39,170
09/20/2008,LAN,MI,AGL,CE,Combined TRACON& Tower with Radar,6,27,30,0,63,0,0,36,0,36,6,27,66,0,99,6,0,6,105
09/21/2008,LAN,MI,AGL,CE,Combined TRACON& Tower with Radar,10,14,9,0,33,0,0,10,0,10,10,14,19,0,43,6,0,6,49
09/22/2008,LAN,MI,AGL,CE,Combined TRACON& Tower with Radar,12,29,42,0,83,0,1,49,0,50,12,30,91,0,133,66,0,66,199
09/23/2008,LAN,MI,AGL,CE,Combined TRACON& Tower with Radar,13,38,51,2,104,0,3,50,0,53,13,41,101,2,157,40,0,40,197
09/24/2008,LAN,MI,AGL,CE,Combined TRACON& Tower with Radar,14,37,25,0,76,0,0,27,1,28,14,37,52,1,104,4,0,4,108
09/25/2008,LAN,MI,AGL,CE,Combined TRACON& Tower with Radar,14,40,44,0,98,0,0,47,0,47,14,40,91,0,145,41,0,41,186
09/26/2008,LAN,MI,AGL,CE,Combined TRACON& Tower with Radar,16,32,26,2,76,0,0,40,0,40,16,32,66,2,116,76,0,76,192
09/27/2008,LAN,MI,AGL,CE,Combined TRACON& Tower with Radar,5,26,27,0,58,0,0,17,0,17,5,26,44,0,75,34,0,34,109
09/28/2008,LAN,MI,AGL,CE,Combined TRACON& Tower with Radar,12,11,38,0,61,0,0,5,0,5,12,11,43,0,66,4,0,4,70
09/29/2008,LAN,MI,AGL,CE,Combined TRACON& Tower with Radar,19,38,41,1,99,0,0,11,0,11,19,38,52,1,110,4,0,4,114
09/30/2008,LAN,MI,AGL,CE,Combined TRACON& Tower with Radar,12,31,20,3,66,0,1,10,0,11,12,32,30,3,77,18,0,18,95
10/01/2008,LAN,MI,AGL,CE,Combined TRACON& Tower with Radar,11,42,32,1,86,0,0,8,3,11,11,42,40,4,97,0,0,0,97
10/02/2008,LAN,MI,AGL,CE,Combined TRACON& Tower with Radar,14,40,44,0,98,0,0,24,0,24,14,40,68,0,122,36,0,36,158
10/03/2008,LAN,MI,AGL,CE,Combined TRACON& Tower with Radar,19,33,30,5,87,0,0,40,0,40,19,33,70,5,127,30,4,34,161
10/04/2008,LAN,MI,AGL,CE,Combined TRACON& Tower with Radar,5,27,25,0,57,0,0,30,0,30,5,27,55,0,87,12,0,12,99
10/05/2008,LAN,MI,AGL,CE,Combined TRACON& Tower with Radar,5,15,21,2,43,0,0,33,0,33,5,15,54,2,76,18,0,18,94
10/06/2008,LAN,MI,AGL,CE,Combined TRACON& Tower with Radar,11,28,38,0,77,0,0,30,0,30,11,28,68,0,107,30,0,30,137
10/07/2008,LAN,MI,AGL,CE,Combined TRACON& Tower with Radar,11,36,35,0,82,0,0,44,2,46,11,36,79,2,128,62,4,66,194
10/08/2008,LAN,MI,AGL,CE,Combined TRACON& Tower with Radar,12,38,31,2,83,0,0,0,2,2,12,38,31,4,85,0,0,0,85
10/09/2008,LAN,MI,AGL,CE,Combined TRACON& Tower with Radar,12,43,20,3,78,0,0,38,3,41,12,43,58,6,119,34,2,36,155
10/10/2008,LAN,MI,AGL,CE,Combined TRACON& Tower with Radar,13,31,39,0,83,0,0,50,0,50,13,31,89,0,133,70,6,76,209
10/11/2008,LAN,MI,AGL,CE,Combined TRACON& Tower with Radar,4,24,21,0,49,0,0,118,0,118,4,24,139,0,167,4,0,4,171
10/12/2008,LAN,MI,AGL,CE,Combined TRACON& Tower with Radar,7,16,17,0,40,0,0,33,0,33,7,16,50,0,73,28,0,28,101
10/13/2008,LAN,MI,AGL,CE,Combined TRACON& Tower with Radar,10,32,22,0,64,0,0,43,0,43,10,32,65,0,107,44,0,44,151
10/14/2008,LAN,MI,AGL,CE,Combined TRACON& Tower with Radar,13,29,36,0,78,0,0,44,0,44,13,29,80,0,122,82,0,82,204
10/15/2008,LAN,MI,AGL,CE,Combined TRACON& Tower with Radar,12,39,36,5,92,0,0,12,0,12,12,39,48,5,104,22,0,22,126
10/16/2008,LAN,MI,AGL,CE,Combined TRACON& Tower with Radar,13,38,46,4,101,0,8,37,0,45,13,46,83,4,146,34,0,34,180
10/17/2008,LAN,MI,AGL,CE,Combined TRACON& Tower with Radar,13,36,40,3,92,0,0,31,1,32,13,36,71,4,124,26,0,26,150
10/18/2008,LAN,MI,AGL,CE,Combined TRACON& Tower with Radar,4,31,44,0,79,0,3,54,0,57,4,34,98,0,136,20,0,20,156
10/19/2008,LAN,MI,AGL,CE,Combined TRACON& Tower with Radar,6,14,14,0,34,0,0,24,0,24,6,14,38,0,58,2,0,2,60
10/20/2008,LAN,MI,AGL,CE,Combined TRACON& Tower with Radar,8,28,42,0,78,0,1,13,0,14,8,29,55,0,92,35,0,35,127
10/21/2008,LAN,MI,AGL,CE,Combined TRACON& Tower with Radar,10,31,17,0,58,0,0,32,0,32,10,31,49,0,90,52,0,52,142
10/22/2008,LAN,MI,AGL,CE,Combined TRACON& Tower with Radar,11,33,24,3,71,0,0,62,0,62,11,33,86,3,133,42,0,42,175
10/23/2008,LAN,MI,AGL,CE,Combined TRACON& Tower with Radar,13,34,30,0,77,0,0,21,1,22,13,34,51,1,99,16,2,18,117
10/24/2008,LAN,MI,AGL,CE,Combined TRACON& Tower with Radar,11,33,15,0,59,0,0,5,4,9,11,33,20,4,68,14,6,20,88
10/25/2008,LAN,MI,AGL,CE,Combined TRACON& Tower with Radar,3,28,8,0,39,0,0,0,0,0,3,28,8,0,39,3,0,3,42
10/26/2008,LAN,MI,AGL,CE,Combined TRACON& Tower with Radar,5,12,10,0,27,0,0,1,0,1,5,12,11,0,28,0,0,0,28
10/27/2008,LAN,MI,AGL,CE,Combined TRACON& Tower with Radar,11,31,11,0,53,0,0,7,0,7,11,31,18,0,60,0,0,0,60
10/28/2008,LAN,MI,AGL,CE,Combined TRACON& Tower with Radar,11,42,25,3,81,0,2,21,0,23,11,44,46,3,104,91,0,91,195
10/29/2008,LAN,MI,AGL,CE,Combined TRACON& Tower with Radar,12,38,39,3,92,0,1,21,2,24,12,39,60,5,116,4,2,6,122
10/30/2008,LAN,MI,AGL,CE,Combined TRACON& Tower with Radar,14,31,39,0,84,0,0,45,2,47,14,31,84,2,131,62,0,62,193
10/31/2008,LAN,MI,AGL,CE,Combined TRACON& Tower with Radar,12,37,27,3,79,0,0,47,0,47,12,37,74,3,126,107,0,107,233
11/01/2008,LAN,MI,AGL,CE,Combined TRACON& Tower with Radar,6,25,41,1,73,0,2,34,0,36,6,27,75,1,109,10,0,10,119
11/02/2008,LAN,MI,AGL,CE,Combined TRACON& Tower with Radar,14,11,26,2,53,0,0,12,4,16,14,11,38,6,69,8,0,8,77
11/03/2008,LAN,MI,AGL,CE,Combined TRACON& Tower with Radar,13,26,21,2,62,0,0,47,0,47,13,26,68,2,109,20,0,20,129
11/04/2008,LAN,MI,AGL,CE,Combined TRACON& Tower with Radar,13,28,13,6,60,0,0,34,1,35,13,28,47,7,95,52,0,52,147
11/05/2008,LAN,MI,AGL,CE,Combined TRACON& Tower with Radar,16,31,41,1,89,0,0,58,0,58,16,31,99,1,147,56,0,56,203
11/06/2008,LAN,MI,AGL,CE,Combined TRACON& Tower with Radar,18,25,31,2,76,0,0,27,0,27,18,25,58,2,103,54,0,54,157
11/07/2008,LAN,MI,AGL,CE,Combined TRACON& Tower with Radar,19,25,38,1,83,0,1,17,0,18,19,26,55,1,101,30,0,30,131
11/08/2008,LAN,MI,AGL,CE,Combined TRACON& Tower with Radar,11,18,18,0,47,0,0,0,0,0,11,18,18,0,47,0,0,0,47
11/09/2008,LAN,MI,AGL,CE,Combined TRACON& Tower with Radar,12,9,9,0,30,0,0,0,0,0,12,9,9,0,30,0,0,0,30
11/10/2008,LAN,MI,AGL,CE,Combined TRACON& Tower with Radar,16,25,15,0,56,0,0,6,0,6,16,25,21,0,62,22,0,22,84
11/11/2008,LAN,MI,AGL,CE,Combined TRACON& Tower with Radar,16,39,39,0,94,0,0,8,0,8,16,39,47,0,102,65,0,65,167
11/12/2008,LAN,MI,AGL,CE,Combined TRACON& Tower with Radar,14,36,30,0,80,0,0,7,0,7,14,36,37,0,87,57,0,57,144
11/13/2008,LAN,MI,AGL,CE,Combined TRACON& Tower with Radar,18,36,27,2,83,0,2,5,1,8,18,38,32,3,91,2,0,2,93
11/14/2008,LAN,MI,AGL,CE,Combined TRACON& Tower with Radar,17,26,27,8,78,0,1,0,0,1,17,27,27,8,79,0,0,0,79
11/15/2008,LAN,MI,AGL,CE,Combined TRACON& Tower with Radar,12,18,5,0,35,0,0,5,0,5,12,18,10,0,40,0,0,0,40
11/16/2008,LAN,MI,AGL,CE,Combined TRACON& Tower with Radar,14,12,8,0,34,0,0,0,0,0,14,12,8,0,34,0,0,0,34
11/17/2008,LAN,MI,AGL,CE,Combined TRACON& Tower with Radar,14,22,19,0,55,0,0,6,0,6,14,22,25,0,61,16,0,16,77
11/18/2008,LAN,MI,AGL,CE,Combined TRACON& Tower with Radar,16,26,30,0,72,0,0,29,0,29,16,26,59,0,101,50,0,50,151
11/19/2008,LAN,MI,AGL,CE,Combined TRACON& Tower with Radar,21,30,39,2,92,0,0,14,1,15,21,30,53,3,107,20,0,20,127
11/20/2008,LAN,MI,AGL,CE,Combined TRACON& Tower with Radar,19,39,17,0,75,0,0,4,0,4,19,39,21,0,79,6,0,6,85
11/21/2008,LAN,MI,AGL,CE,Combined TRACON& Tower with Radar,17,28,43,3,91,0,0,19,6,25,17,28,62,9,116,77,2,79,195
11/22/2008,LAN,MI,AGL,CE,Combined TRACON& Tower with Radar,16,21,29,0,66,0,7,45,0,52,16,28,74,0,118,24,0,24,142
11/23/2008,LAN,MI,AGL,CE,Combined TRACON& Tower with Radar,17,14,3,0,34,0,0,30,0,30,17,14,33,0,64,14,0,14,78
11/24/2008,LAN,MI,AGL,CE,Combined TRACON& Tower with Radar,15,24,9,0,48,0,0,7,0,7,15,24,16,0,55,6,0,6,61
11/25/2008,LAN,MI,AGL,CE,Combined TRACON& Tower with Radar,20,34,19,0,73,0,0,0,0,0,20,34,19,0,73,0,0,0,73
11/26/2008,LAN,MI,AGL,CE,Combined TRACON& Tower with Radar,23,36,33,3,95,0,0,33,0,33,23,36,66,3,128,42,0,42,170
11/27/2008,LAN,MI,AGL,CE,Combined TRACON& Tower with Radar,9,13,9,0,31,0,0,10,0,10,9,13,19,0,41,0,0,0,41
11/28/2008,LAN,MI,AGL,CE,Combined TRACON& Tower with Radar,12,23,13,0,48,0,0,2,0,2,12,23,15,0,50,4,0,4,54
11/29/2008,LAN,MI,AGL,CE,Combined TRACON& Tower with Radar,15,23,17,0,55,0,0,52,0,52,15,23,69,0,107,20,0,20,127
11/30/2008,LAN,MI,AGL,CE,Combined TRACON& Tower with Radar,16,8,14,2,40,0,0,3,0,3,16,8,17,2,43,0,0,0,43
12/01/2008,LAN,MI,AGL,CE,Combined TRACON& Tower with Radar,14,27,9,1,51,0,0,0,0,0,14,27,9,1,51,0,0,0,51
12/02/2008,LAN,MI,AGL,CE,Combined TRACON& Tower with Radar,15,32,26,6,79,0,1,9,0,10,15,33,35,6,89,0,0,0,89
12/03/2008,LAN,MI,AGL,CE,Combined TRACON& Tower with Radar,16,35,18,13,82,0,0,12,1,13,16,35,30,14,95,2,15,17,112
12/04/2008,LAN,MI,AGL,CE,Combined TRACON& Tower with Radar,16,32,35,4,87,0,0,0,0,0,16,32,35,4,87,0,0,0,87
12/05/2008,LAN,MI,AGL,CE,Combined TRACON& Tower with Radar,43,27,16,0,86,0,0,5,0,5,43,27,21,0,91,0,0,0,91
12/06/2008,LAN,MI,AGL,CE,Combined TRACON& Tower with Radar,7,25,6,0,38,0,0,0,0,0,7,25,6,0,38,0,0,0,38
12/07/2008,LAN,MI,AGL,CE,Combined TRACON& Tower with Radar,11,14,14,7,46,0,0,26,0,26,11,14,40,7,72,16,0,16,88
12/08/2008,LAN,MI,AGL,CE,Combined TRACON& Tower with Radar,10,15,20,6,51,0,0,19,0,19,10,15,39,6,70,14,0,14,84
12/09/2008,LAN,MI,AGL,CE,Combined TRACON& Tower with Radar,20,44,7,2,73,0,0,0,0,0,20,44,7,2,73,0,0,0,73
12/10/2008,LAN,MI,AGL,CE,Combined TRACON& Tower with Radar,16,46,31,10,103,0,0,15,1,16,16,46,46,11,119,18,0,18,137
12/11/2008,LAN,MI,AGL,CE,Combined TRACON& Tower with Radar,15,39,26,3,83,0,0,11,2,13,15,39,37,5,96,28,0,28,124
12/12/2008,LAN,MI,AGL,CE,Combined TRACON& Tower with Radar,15,31,28,4,78,0,1,9,0,10,15,32,37,4,88,10,13,23,111
12/13/2008,LAN,MI,AGL,CE,Combined TRACON& Tower with Radar,9,21,37,0,67,0,0,4,0,4,9,21,41,0,71,4,0,4,75
12/14/2008,LAN,MI,AGL,CE,Combined TRACON& Tower with Radar,13,8,7,2,30,0,0,0,0,0,13,8,7,2,30,0,0,0,30
12/15/2008,LAN,MI,AGL,CE,Combined TRACON& Tower with Radar,12,34,16,4,66,0,0,3,0,3,12,34,19,4,69,0,0,0,69
12/16/2008,LAN,MI,AGL,CE,Combined TRACON& Tower with Radar,18,38,18,4,78,0,2,14,1,17,18,40,32,5,95,34,0,34,129
12/17/2008,LAN,MI,AGL,CE,Combined TRACON& Tower with Radar,25,41,20,2,88,0,0,1,0,1,25,41,21,2,89,0,0,0,89
12/18/2008,LAN,MI,AGL,CE,Combined TRACON& Tower with Radar,23,49,21,4,97,0,0,9,0,9,23,49,30,4,106,26,0,26,132
12/19/2008,LAN,MI,AGL,CE,Combined TRACON& Tower with Radar,9,40,6,1,56,0,0,0,0,0,9,40,6,1,56,0,0,0,56
12/20/2008,LAN,MI,AGL,CE,Combined TRACON& Tower with Radar,18,28,19,0,65,0,0,1,0,1,18,28,20,0,66,0,0,0,66
12/21/2008,LAN,MI,AGL,CE,Combined TRACON& Tower with Radar,11,10,8,0,29,0,0,0,0,0,11,10,8,0,29,0,0,0,29
12/22/2008,LAN,MI,AGL,CE,Combined TRACON& Tower with Radar,19,40,17,0,76,0,0,0,0,0,19,40,17,0,76,2,0,2,78
12/23/2008,LAN,MI,AGL,CE,Combined TRACON& Tower with Radar,25,44,6,0,75,0,0,0,0,0,25,44,6,0,75,0,0,0,75
12/24/2008,LAN,MI,AGL,CE,Combined TRACON& Tower with Radar,0,0,0,0,0,0,0,0,0,0,0,0,0,0,0,0,0,0,0
12/25/2008,LAN,MI,AGL,CE,Combined TRACON& Tower with Radar,14,13,2,0,29,0,0,2,0,2,14,13,4,0,31,14,0,14,45
12/26/2008,LAN,MI,AGL,CE,Combined TRACON& Tower with Radar,4,32,9,0,45,0,0,0,0,0,4,32,9,0,45,0,0,0,45
12/27/2008,LAN,MI,AGL,CE,Combined TRACON& Tower with Radar,26,21,0,0,47,0,0,0,0,0,26,21,0,0,47,0,0,0,47
12/28/2008,LAN,MI,AGL,CE,Combined TRACON& Tower with Radar,18,11,2,5,36,0,0,3,0,3,18,11,5,5,39,2,0,2,41
12/29/2008,LAN,MI,AGL,CE,Combined TRACON& Tower with Radar,14,22,11,0,47,0,0,44,0,44,14,22,55,0,91,19,0,19,110
12/30/2008,LAN,MI,AGL,CE,Combined TRACON& Tower with Radar,14,30,14,4,62,0,0,21,3,24,14,30,35,7,86,26,2,28,114
12/31/2008,LAN,MI,AGL,CE,Combined TRACON& Tower with Radar,23,28,5,4,60,0,0,6,1,7,23,28,11,5,67,0,0,0,67
01/01/2009,LAN,MI,AGL,CE,Combined TRACON& Tower with Radar,10,12,6,0,28,0,0,7,0,7,10,12,13,0,35,0,0,0,35
01/02/2009,LAN,MI,AGL,CE,Combined TRACON& Tower with Radar,15,28,26,13,82,0,0,8,4,12,15,28,34,17,94,0,0,0,94
01/03/2009,LAN,MI,AGL,CE,Combined TRACON& Tower with Radar,15,26,41,0,82,0,1,54,0,55,15,27,95,0,137,42,0,42,179
01/04/2009,LAN,MI,AGL,CE,Combined TRACON& Tower with Radar,11,11,0,0,22,0,0,0,0,0,11,11,0,0,22,0,0,0,22
01/05/2009,LAN,MI,AGL,CE,Combined TRACON& Tower with Radar,14,26,22,1,63,0,0,50,2,52,14,26,72,3,115,52,0,52,167
01/06/2009,LAN,MI,AGL,CE,Combined TRACON& Tower with Radar,13,27,17,3,60,0,0,20,2,22,13,27,37,5,82,30,0,30,112
01/07/2009,LAN,MI,AGL,CE,Combined TRACON& Tower with Radar,17,24,24,3,68,0,0,0,0,0,17,24,24,3,68,0,0,0,68
01/08/2009,LAN,MI,AGL,CE,Combined TRACON& Tower with Radar,14,32,28,1,75,0,0,13,0,13,14,32,41,1,88,20,0,20,108
01/09/2009,LAN,MI,AGL,CE,Combined TRACON& Tower with Radar,14,27,3,1,45,0,0,2,0,2,14,27,5,1,47,0,0,0,47
01/10/2009,LAN,MI,AGL,CE,Combined TRACON& Tower with Radar,10,15,8,0,33,0,0,0,0,0,10,15,8,0,33,0,0,0,33
01/11/2009,LAN,MI,AGL,CE,Combined TRACON& Tower with Radar,11,10,6,10,37,0,0,19,0,19,11,10,25,10,56,0,6,6,62
01/12/2009,LAN,MI,AGL,CE,Combined TRACON& Tower with Radar,12,19,16,0,47,0,0,8,0,8,12,19,24,0,55,42,0,42,97
01/13/2009,LAN,MI,AGL,CE,Combined TRACON& Tower with Radar,14,29,29,2,74,0,0,4,0,4,14,29,33,2,78,14,0,14,92
01/14/2009,LAN,MI,AGL,CE,Combined TRACON& Tower with Radar,14,33,21,6,74,0,0,24,2,26,14,33,45,8,100,0,0,0,100
01/15/2009,LAN,MI,AGL,CE,Combined TRACON& Tower with Radar,13,31,29,11,84,0,0,7,4,11,13,31,36,15,95,21,0,21,116
01/16/2009,LAN,MI,AGL,CE,Combined TRACON& Tower with Radar,14,25,14,4,57,0,0,28,3,31,14,25,42,7,88,50,0,50,138
01/17/2009,LAN,MI,AGL,CE,Combined TRACON& Tower with Radar,13,22,10,0,45,0,0,1,0,1,13,22,11,0,46,0,0,0,46
01/18/2009,LAN,MI,AGL,CE,Combined TRACON& Tower with Radar,10,10,7,0,27,0,0,0,0,0,10,10,7,0,27,2,0,2,29
01/19/2009,LAN,MI,AGL,CE,Combined TRACON& Tower with Radar,14,24,14,0,52,0,0,33,0,33,14,24,47,0,85,16,0,16,101
01/20/2009,LAN,MI,AGL,CE,Combined TRACON& Tower with Radar,14,27,44,2,87,0,0,30,0,30,14,27,74,2,117,26,0,26,143
01/21/2009,LAN,MI,AGL,CE,Combined TRACON& Tower with Radar,18,28,44,7,97,0,0,11,0,11,18,28,55,7,108,4,14,18,126
01/22/2009,LAN,MI,AGL,CE,Combined TRACON& Tower with Radar,18,26,26,2,72,0,0,7,2,9,18,26,33,4,81,6,0,6,87
01/23/2009,LAN,MI,AGL,CE,Combined TRACON& Tower with Radar,12,31,19,3,65,0,0,2,0,2,12,31,21,3,67,16,0,16,83
01/24/2009,LAN,MI,AGL,CE,Combined TRACON& Tower with Radar,12,23,16,1,52,0,4,14,0,18,12,27,30,1,70,14,0,14,84
01/25/2009,LAN,MI,AGL,CE,Combined TRACON& Tower with Radar,11,14,12,2,39,0,0,4,0,4,11,14,16,2,43,4,0,4,47
01/26/2009,LAN,MI,AGL,CE,Combined TRACON& Tower with Radar,14,21,20,2,57,0,0,29,0,29,14,21,49,2,86,22,0,22,108
01/27/2009,LAN,MI,AGL,CE,Combined TRACON& Tower with Radar,13,28,25,7,73,0,0,27,1,28,13,28,52,8,101,43,0,43,144
01/28/2009,LAN,MI,AGL,CE,Combined TRACON& Tower with Radar,17,27,26,2,72,0,0,6,1,7,17,27,32,3,79,0,0,0,79
01/29/2009,LAN,MI,AGL,CE,Combined TRACON& Tower with Radar,19,36,25,0,80,0,1,1,0,2,19,37,26,0,82,0,0,0,82
01/30/2009,LAN,MI,AGL,CE,Combined TRACON& Tower with Radar,13,30,5,2,50,0,0,2,0,2,13,30,7,2,52,0,0,0,52
01/31/2009,LAN,MI,AGL,CE,Combined TRACON& Tower with Radar,11,20,5,0,36,0,0,4,0,4,11,20,9,0,40,0,0,0,40
02/01/2009,LAN,MI,AGL,CE,Combined TRACON& Tower with Radar,8,13,50,1,72,0,0,16,2,18,8,13,66,3,90,12,0,12,102
02/02/2009,LAN,MI,AGL,CE,Combined TRACON& Tower with Radar,14,24,29,5,72,0,0,22,1,23,14,24,51,6,95,38,0,38,133
02/03/2009,LAN,MI,AGL,CE,Combined TRACON& Tower with Radar,18,33,32,5,88,0,0,4,0,4,18,33,36,5,92,22,0,22,114
02/04/2009,LAN,MI,AGL,CE,Combined TRACON& Tower with Radar,11,30,33,1,75,0,0,41,0,41,11,30,74,1,116,30,0,30,146
02/05/2009,LAN,MI,AGL,CE,Combined TRACON& Tower with Radar,13,28,37,7,85,0,0,13,11,24,13,28,50,18,109,14,0,14,123
02/06/2009,LAN,MI,AGL,CE,Combined TRACON& Tower with Radar,12,29,29,1,71,0,0,29,4,33,12,29,58,5,104,30,0,30,134
02/07/2009,LAN,MI,AGL,CE,Combined TRACON& Tower with Radar,9,23,14,0,46,0,0,2,0,2,9,23,16,0,48,0,0,0,48
02/08/2009,LAN,MI,AGL,CE,Combined TRACON& Tower with Radar,8,12,34,0,54,0,0,31,0,31,8,12,65,0,85,34,0,34,119
02/09/2009,LAN,MI,AGL,CE,Combined TRACON& Tower with Radar,10,20,32,2,64,0,0,19,0,19,10,20,51,2,83,31,0,31,114
02/10/2009,LAN,MI,AGL,CE,Combined TRACON& Tower with Radar,12,30,13,2,57,0,0,26,2,28,12,30,39,4,85,6,0,6,91
02/11/2009,LAN,MI,AGL,CE,Combined TRACON& Tower with Radar,0,0,0,0,0,0,0,0,0,0,0,0,0,0,0,0,0,0,0
02/12/2009,LAN,MI,AGL,CE,Combined TRACON& Tower with Radar,8,32,21,0,61,0,0,0,0,0,8,32,21,0,61,0,0,0,61
02/13/2009,LAN,MI,AGL,CE,Combined TRACON& Tower with Radar,10,31,11,0,52,0,0,26,0,26,10,31,37,0,78,86,0,86,164
02/14/2009,LAN,MI,AGL,CE,Combined TRACON& Tower with Radar,7,23,2,0,32,0,1,0,0,1,7,24,2,0,33,0,0,0,33
02/15/2009,LAN,MI,AGL,CE,Combined TRACON& Tower with Radar,8,9,22,0,39,0,1,16,0,17,8,10,38,0,56,0,0,0,56
02/16/2009,LAN,MI,AGL,CE,Combined TRACON& Tower with Radar,9,29,19,0,57,0,0,52,0,52,9,29,71,0,109,19,0,19,128
02/17/2009,LAN,MI,AGL,CE,Combined TRACON& Tower with Radar,9,32,38,2,81,0,0,37,0,37,9,32,75,2,118,31,0,31,149
02/18/2009,LAN,MI,AGL,CE,Combined TRACON& Tower with Radar,10,27,24,5,66,0,0,0,0,0,10,27,24,5,66,0,0,0,66
02/19/2009,LAN,MI,AGL,CE,Combined TRACON& Tower with Radar,12,28,12,2,54,0,0,0,0,0,12,28,12,2,54,0,0,0,54
02/20/2009,LAN,MI,AGL,CE,Combined TRACON& Tower with Radar,9,33,40,5,87,0,0,17,2,19,9,33,57,7,106,22,0,22,128
02/21/2009,LAN,MI,AGL,CE,Combined TRACON& Tower with Radar,11,21,0,0,32,0,0,2,0,2,11,21,2,0,34,4,0,4,38
02/22/2009,LAN,MI,AGL,CE,Combined TRACON& Tower with Radar,6,13,10,0,29,0,0,1,0,1,6,13,11,0,30,2,0,2,32
02/23/2009,LAN,MI,AGL,CE,Combined TRACON& Tower with Radar,9,35,35,3,82,0,0,45,0,45,9,35,80,3,127,82,0,82,209
02/24/2009,LAN,MI,AGL,CE,Combined TRACON& Tower with Radar,13,27,35,14,89,0,0,33,2,35,13,27,68,16,124,85,2,87,211
02/25/2009,LAN,MI,AGL,CE,Combined TRACON& Tower with Radar,10,36,33,0,79,0,1,29,0,30,10,37,62,0,109,22,0,22,131
02/26/2009,LAN,MI,AGL,CE,Combined TRACON& Tower with Radar,11,34,33,2,80,0,0,2,0,2,11,34,35,2,82,6,2,8,90
02/27/2009,LAN,MI,AGL,CE,Combined TRACON& Tower with Radar,9,41,14,1,65,0,0,3,1,4,9,41,17,2,69,0,0,0,69
02/28/2009,LAN,MI,AGL,CE,Combined TRACON& Tower with Radar,10,25,24,0,59,0,0,22,0,22,10,25,46,0,81,0,0,0,81
03/01/2009,LAN,MI,AGL,CE,Combined TRACON& Tower with Radar,7,14,11,0,32,0,0,8,0,8,7,14,19,0,40,0,0,0,40
03/02/2009,LAN,MI,AGL,CE,Combined TRACON& Tower with Radar,11,22,27,0,60,0,0,27,0,27,11,22,54,0,87,57,0,57,144
03/03/2009,LAN,MI,AGL,CE,Combined TRACON& Tower with Radar,9,36,32,1,78,0,0,41,1,42,9,36,73,2,120,60,0,60,180
03/04/2009,LAN,MI,AGL,CE,Combined TRACON& Tower with Radar,10,37,40,9,96,0,0,52,1,53,10,37,92,10,149,72,0,72,221
03/05/2009,LAN,MI,AGL,CE,Combined TRACON& Tower with Radar,10,33,22,1,66,0,2,10,4,16,10,35,32,5,82,27,0,27,109
03/06/2009,LAN,MI,AGL,CE,Combined TRACON& Tower with Radar,9,35,28,0,72,0,0,16,0,16,9,35,44,0,88,22,2,24,112
03/07/2009,LAN,MI,AGL,CE,Combined TRACON& Tower with Radar,6,25,7,0,38,0,0,0,0,0,6,25,7,0,38,0,0,0,38
03/08/2009,LAN,MI,AGL,CE,Combined TRACON& Tower with Radar,6,10,10,0,26,0,0,0,0,0,6,10,10,0,26,0,0,0,26
03/09/2009,LAN,MI,AGL,CE,Combined TRACON& Tower with Radar,7,24,43,0,74,0,0,8,0,8,7,24,51,0,82,23,0,23,105
03/10/2009,LAN,MI,AGL,CE,Combined TRACON& Tower with Radar,11,32,8,0,51,0,0,0,0,0,11,32,8,0,51,0,0,0,51
03/11/2009,LAN,MI,AGL,CE,Combined TRACON& Tower with Radar,0,0,0,0,0,0,0,0,0,0,0,0,0,0,0,0,4,4,4
03/12/2009,LAN,MI,AGL,CE,Combined TRACON& Tower with Radar,10,33,51,1,95,0,0,32,1,33,10,33,83,2,128,72,0,72,200
03/13/2009,LAN,MI,AGL,CE,Combined TRACON& Tower with Radar,10,32,26,2,70,0,0,31,0,31,10,32,57,2,101,2,0,2,103
03/14/2009,LAN,MI,AGL,CE,Combined TRACON& Tower with Radar,7,22,16,0,45,0,0,35,0,35,7,22,51,0,80,20,0,20,100
03/15/2009,LAN,MI,AGL,CE,Combined TRACON& Tower with Radar,9,7,34,0,50,0,0,52,0,52,9,7,86,0,102,36,0,36,138
03/16/2009,LAN,MI,AGL,CE,Combined TRACON& Tower with Radar,9,22,26,0,57,0,2,32,0,34,9,24,58,0,91,102,0,102,193
03/17/2009,LAN,MI,AGL,CE,Combined TRACON& Tower with Radar,10,32,25,0,67,0,1,27,0,28,10,33,52,0,95,30,0,30,125
03/18/2009,LAN,MI,AGL,CE,Combined TRACON& Tower with Radar,12,30,30,0,72,0,0,17,0,17,12,30,47,0,89,36,0,36,125
03/19/2009,LAN,MI,AGL,CE,Combined TRACON& Tower with Radar,10,36,34,0,80,0,4,38,0,42,10,40,72,0,122,24,0,24,146
03/20/2009,LAN,MI,AGL,CE,Combined TRACON& Tower with Radar,13,34,29,1,77,0,0,44,1,45,13,34,73,2,122,68,0,68,190
03/21/2009,LAN,MI,AGL,CE,Combined TRACON& Tower with Radar,7,23,28,0,58,0,0,29,0,29,7,23,57,0,87,50,0,50,137
03/22/2009,LAN,MI,AGL,CE,Combined TRACON& Tower with Radar,11,7,23,0,41,0,0,26,0,26,11,7,49,0,67,16,0,16,83
03/23/2009,LAN,MI,AGL,CE,Combined TRACON& Tower with Radar,14,23,37,0,74,0,0,21,0,21,14,23,58,0,95,10,0,10,105
03/24/2009,LAN,MI,AGL,CE,Combined TRACON& Tower with Radar,9,32,19,2,62,0,0,12,0,12,9,32,31,2,74,10,0,10,84
03/25/2009,LAN,MI,AGL,CE,Combined TRACON& Tower with Radar,12,36,26,2,76,0,2,16,0,18,12,38,42,2,94,22,0,22,116
03/26/2009,LAN,MI,AGL,CE,Combined TRACON& Tower with Radar,13,22,52,4,91,0,0,39,0,39,13,22,91,4,130,36,0,36,166
03/27/2009,LAN,MI,AGL,CE,Combined TRACON& Tower with Radar,7,31,18,1,57,0,0,31,2,33,7,31,49,3,90,0,16,16,106
03/28/2009,LAN,MI,AGL,CE,Combined TRACON& Tower with Radar,8,21,50,0,79,0,0,17,0,17,8,21,67,0,96,6,0,6,102
03/29/2009,LAN,MI,AGL,CE,Combined TRACON& Tower with Radar,9,9,15,2,35,0,0,0,0,0,9,9,15,2,35,0,0,0,35
03/30/2009,LAN,MI,AGL,CE,Combined TRACON& Tower with Radar,10,31,35,0,76,0,0,38,0,38,10,31,73,0,114,56,0,56,170
03/31/2009,LAN,MI,AGL,CE,Combined TRACON& Tower with Radar,12,32,9,0,53,0,0,12,0,12,12,32,21,0,65,48,0,48,113
04/01/2009,LAN,MI,AGL,CE,Combined TRACON& Tower with Radar,8,40,33,2,83,0,3,24,2,29,8,43,57,4,112,13,0,13,125
04/02/2009,LAN,MI,AGL,CE,Combined TRACON& Tower with Radar,10,30,40,1,81,0,0,25,0,25,10,30,65,1,106,52,0,52,158
04/03/2009,LAN,MI,AGL,CE,Combined TRACON& Tower with Radar,10,32,14,1,57,0,0,1,0,1,10,32,15,1,58,0,0,0,58
04/04/2009,LAN,MI,AGL,CE,Combined TRACON& Tower with Radar,9,24,14,2,49,0,4,15,4,23,9,28,29,6,72,0,0,0,72
04/05/2009,LAN,MI,AGL,CE,Combined TRACON& Tower with Radar,9,10,21,0,40,0,0,8,0,8,9,10,29,0,48,6,0,6,54
04/06/2009,LAN,MI,AGL,CE,Combined TRACON& Tower with Radar,9,22,3,0,34,0,0,5,0,5,9,22,8,0,39,0,0,0,39
04/07/2009,LAN,MI,AGL,CE,Combined TRACON& Tower with Radar,12,30,34,1,77,0,0,3,1,4,12,30,37,2,81,6,0,6,87
04/08/2009,LAN,MI,AGL,CE,Combined TRACON& Tower with Radar,11,29,23,2,65,0,0,36,0,36,11,29,59,2,101,32,0,32,133
04/09/2009,LAN,MI,AGL,CE,Combined TRACON& Tower with Radar,14,29,54,2,99,0,3,46,4,53,14,32,100,6,152,26,0,26,178
04/10/2009,LAN,MI,AGL,CE,Combined TRACON& Tower with Radar,9,34,22,0,65,0,0,42,0,42,9,34,64,0,107,12,0,12,119
04/11/2009,LAN,MI,AGL,CE,Combined TRACON& Tower with Radar,8,21,22,0,51,0,0,54,0,54,8,21,76,0,105,8,0,8,113
04/12/2009,LAN,MI,AGL,CE,Combined TRACON& Tower with Radar,9,8,20,0,37,0,0,27,0,27,9,8,47,0,64,38,0,38,102
04/13/2009,LAN,MI,AGL,CE,Combined TRACON& Tower with Radar,10,19,23,0,52,0,0,12,0,12,10,19,35,0,64,2,0,2,66
04/14/2009,LAN,MI,AGL,CE,Combined TRACON& Tower with Radar,12,27,28,1,68,0,0,4,0,4,12,27,32,1,72,0,0,0,72
04/15/2009,LAN,MI,AGL,CE,Combined TRACON& Tower with Radar,10,29,50,1,90,0,0,59,0,59,10,29,109,1,149,8,0,8,157
04/16/2009,LAN,MI,AGL,CE,Combined TRACON& Tower with Radar,11,29,62,0,102,0,0,65,1,66,11,29,127,1,168,140,0,140,308
04/17/2009,LAN,MI,AGL,CE,Combined TRACON& Tower with Radar,11,29,53,1,94,0,3,71,1,75,11,32,124,2,169,47,0,47,216
04/18/2009,LAN,MI,AGL,CE,Combined TRACON& Tower with Radar,7,21,37,0,65,0,0,31,0,31,7,21,68,0,96,0,0,0,96
04/19/2009,LAN,MI,AGL,CE,Combined TRACON& Tower with Radar,6,8,14,0,28,0,0,0,0,0,6,8,14,0,28,0,0,0,28
04/20/2009,LAN,MI,AGL,CE,Combined TRACON& Tower with Radar,10,25,25,0,60,0,0,0,0,0,10,25,25,0,60,0,0,0,60
04/21/2009,LAN,MI,AGL,CE,Combined TRACON& Tower with Radar,9,31,27,0,67,0,0,15,0,15,9,31,42,0,82,0,0,0,82
04/22/2009,LAN,MI,AGL,CE,Combined TRACON& Tower with Radar,10,33,44,3,90,0,0,33,0,33,10,33,77,3,123,34,0,34,157
04/23/2009,LAN,MI,AGL,CE,Combined TRACON& Tower with Radar,12,34,87,0,133,0,3,38,0,41,12,37,125,0,174,17,0,17,191
04/24/2009,LAN,MI,AGL,CE,Combined TRACON& Tower with Radar,9,30,25,1,65,0,1,34,1,36,9,31,59,2,101,12,0,12,113
04/25/2009,LAN,MI,AGL,CE,Combined TRACON& Tower with Radar,8,21,13,0,42,0,0,8,0,8,8,21,21,0,50,4,0,4,54
04/26/2009,LAN,MI,AGL,CE,Combined TRACON& Tower with Radar,8,5,22,0,35,0,0,9,0,9,8,5,31,0,44,14,0,14,58
04/27/2009,LAN,MI,AGL,CE,Combined TRACON& Tower with Radar,9,24,18,0,51,0,0,9,0,9,9,24,27,0,60,10,0,10,70
04/28/2009,LAN,MI,AGL,CE,Combined TRACON& Tower with Radar,10,29,34,0,73,0,0,20,0,20,10,29,54,0,93,0,0,0,93
04/29/2009,LAN,MI,AGL,CE,Combined TRACON& Tower with Radar,9,33,41,0,83,0,0,41,5,46,9,33,82,5,129,40,2,42,171
04/30/2009,LAN,MI,AGL,CE,Combined TRACON& Tower with Radar,12,25,66,0,103,0,0,7,0,7,12,25,73,0,110,8,0,8,118
05/01/2009,LAN,MI,AGL,CE,Combined TRACON& Tower with Radar,10,34,45,1,90,0,3,38,0,41,10,37,83,1,131,18,2,20,151
05/02/2009,LAN,MI,AGL,CE,Combined TRACON& Tower with Radar,5,26,18,0,49,0,1,42,3,46,5,27,60,3,95,0,0,0,95
05/03/2009,LAN,MI,AGL,CE,Combined TRACON& Tower with Radar,6,14,18,0,38,0,0,40,0,40,6,14,58,0,78,12,0,12,90
05/04/2009,LAN,MI,AGL,CE,Combined TRACON& Tower with Radar,9,26,33,1,69,0,0,53,0,53,9,26,86,1,122,36,0,36,158
05/05/2009,LAN,MI,AGL,CE,Combined TRACON& Tower with Radar,10,27,34,0,71,0,3,52,0,55,10,30,86,0,126,58,0,58,184
05/06/2009,LAN,MI,AGL,CE,Combined TRACON& Tower with Radar,10,32,61,1,104,0,0,50,0,50,10,32,111,1,154,44,0,44,198
05/07/2009,LAN,MI,AGL,CE,Combined TRACON& Tower with Radar,10,29,42,0,81,0,0,5,0,5,10,29,47,0,86,23,0,23,109
05/08/2009,LAN,MI,AGL,CE,Combined TRACON& Tower with Radar,11,39,37,0,87,0,0,41,0,41,11,39,78,0,128,87,0,87,215
05/09/2009,LAN,MI,AGL,CE,Combined TRACON& Tower with Radar,6,26,11,0,43,0,0,9,0,9,6,26,20,0,52,0,0,0,52
05/10/2009,LAN,MI,AGL,CE,Combined TRACON& Tower with Radar,6,12,11,0,29,0,0,19,0,19,6,12,30,0,48,8,0,8,56
05/11/2009,LAN,MI,AGL,CE,Combined TRACON& Tower with Radar,9,24,28,0,61,0,0,46,0,46,9,24,74,0,107,32,0,32,139
05/12/2009,LAN,MI,AGL,CE,Combined TRACON& Tower with Radar,10,28,31,1,70,0,0,32,1,33,10,28,63,2,103,36,0,36,139
05/13/2009,LAN,MI,AGL,CE,Combined TRACON& Tower with Radar,10,30,16,5,61,0,0,10,1,11,10,30,26,6,72,0,0,0,72
05/14/2009,LAN,MI,AGL,CE,Combined TRACON& Tower with Radar,12,30,32,2,76,0,0,16,1,17,12,30,48,3,93,0,0,0,93
05/15/2009,LAN,MI,AGL,CE,Combined TRACON& Tower with Radar,10,29,34,0,73,0,1,37,2,40,10,30,71,2,113,58,0,58,171
05/16/2009,LAN,MI,AGL,CE,Combined TRACON& Tower with Radar,5,29,14,0,48,0,10,9,0,19,5,39,23,0,67,8,0,8,75
05/17/2009,LAN,MI,AGL,CE,Combined TRACON& Tower with Radar,6,12,17,0,35,0,0,55,0,55,6,12,72,0,90,28,0,28,118
05/18/2009,LAN,MI,AGL,CE,Combined TRACON& Tower with Radar,9,24,27,0,60,0,0,43,0,43,9,24,70,0,103,20,0,20,123
05/19/2009,LAN,MI,AGL,CE,Combined TRACON& Tower with Radar,10,28,36,1,75,0,0,28,1,29,10,28,64,2,104,53,0,53,157
05/20/2009,LAN,MI,AGL,CE,Combined TRACON& Tower with Radar,10,31,26,0,67,0,0,27,0,27,10,31,53,0,94,30,0,30,124
05/21/2009,LAN,MI,AGL,CE,Combined TRACON& Tower with Radar,10,30,29,0,69,0,0,28,0,28,10,30,57,0,97,14,0,14,111
05/22/2009,LAN,MI,AGL,CE,Combined TRACON& Tower with Radar,10,31,28,0,69,0,0,33,0,33,10,31,61,0,102,42,0,42,144
05/23/2009,LAN,MI,AGL,CE,Combined TRACON& Tower with Radar,6,23,13,0,42,0,1,15,0,16,6,24,28,0,58,36,0,36,94
05/24/2009,LAN,MI,AGL,CE,Combined TRACON& Tower with Radar,4,12,10,0,26,0,0,15,0,15,4,12,25,0,41,0,0,0,41
05/25/2009,LAN,MI,AGL,CE,Combined TRACON& Tower with Radar,8,12,16,0,36,0,0,20,0,20,8,12,36,0,56,0,0,0,56
05/26/2009,LAN,MI,AGL,CE,Combined TRACON& Tower with Radar,10,25,26,0,61,0,1,9,0,10,10,26,35,0,71,20,0,20,91
05/27/2009,LAN,MI,AGL,CE,Combined TRACON& Tower with Radar,10,31,17,0,58,0,0,1,0,1,10,31,18,0,59,0,0,0,59
05/28/2009,LAN,MI,AGL,CE,Combined TRACON& Tower with Radar,13,32,57,2,104,0,0,6,0,6,13,32,63,2,110,16,0,16,126
05/29/2009,LAN,MI,AGL,CE,Combined TRACON& Tower with Radar,10,35,31,0,76,0,0,30,0,30,10,35,61,0,106,28,0,28,134
05/30/2009,LAN,MI,AGL,CE,Combined TRACON& Tower with Radar,5,25,5,0,35,0,4,32,0,36,5,29,37,0,71,18,0,18,89
05/31/2009,LAN,MI,AGL,CE,Combined TRACON& Tower with Radar,4,15,28,0,47,0,0,29,0,29,4,15,57,0,76,36,0,36,112
06/01/2009,LAN,MI,AGL,CE,Combined TRACON& Tower with Radar,9,26,11,0,46,0,2,4,0,6,9,28,15,0,52,10,0,10,62
06/02/2009,LAN,MI,AGL,CE,Combined TRACON& Tower with Radar,10,34,40,0,84,0,0,25,1,26,10,34,65,1,110,47,0,47,157
06/03/2009,LAN,MI,AGL,CE,Combined TRACON& Tower with Radar,12,32,45,0,89,0,0,38,0,38,12,32,83,0,127,64,0,64,191
06/04/2009,LAN,MI,AGL,CE,Combined TRACON& Tower with Radar,10,32,67,4,113,0,1,60,0,61,10,33,127,4,174,76,0,76,250
06/05/2009,LAN,MI,AGL,CE,Combined TRACON& Tower with Radar,11,34,15,4,64,0,0,38,2,40,11,34,53,6,104,24,0,24,128
06/06/2009,LAN,MI,AGL,CE,Combined TRACON& Tower with Radar,15,32,41,0,88,0,0,26,0,26,15,32,67,0,114,26,0,26,140
06/07/2009,LAN,MI,AGL,CE,Combined TRACON& Tower with Radar,8,14,35,0,57,0,0,12,0,12,8,14,47,0,69,16,0,16,85
06/08/2009,LAN,MI,AGL,CE,Combined TRACON& Tower with Radar,9,26,21,0,56,0,0,3,0,3,9,26,24,0,59,0,0,0,59
06/09/2009,LAN,MI,AGL,CE,Combined TRACON& Tower with Radar,12,32,37,0,81,0,0,28,0,28,12,32,65,0,109,58,0,58,167
06/10/2009,LAN,MI,AGL,CE,Combined TRACON& Tower with Radar,9,34,49,0,92,0,0,56,0,56,9,34,105,0,148,54,0,54,202
06/11/2009,LAN,MI,AGL,CE,Combined TRACON& Tower with Radar,15,32,56,4,107,0,0,21,0,21,15,32,77,4,128,18,0,18,146
06/12/2009,LAN,MI,AGL,CE,Combined TRACON& Tower with Radar,7,34,33,0,74,0,0,45,0,45,7,34,78,0,119,18,0,18,137
06/13/2009,LAN,MI,AGL,CE,Combined TRACON& Tower with Radar,7,27,33,0,67,0,0,24,0,24,7,27,57,0,91,4,0,4,95
06/14/2009,LAN,MI,AGL,CE,Combined TRACON& Tower with Radar,9,15,14,0,38,0,0,63,0,63,9,15,77,0,101,32,0,32,133
06/15/2009,LAN,MI,AGL,CE,Combined TRACON& Tower with Radar,9,24,33,1,67,0,0,111,0,111,9,24,144,1,178,74,0,74,252
06/16/2009,LAN,MI,AGL,CE,Combined TRACON& Tower with Radar,12,33,60,4,109,0,0,61,0,61,12,33,121,4,170,57,0,57,227
06/17/2009,LAN,MI,AGL,CE,Combined TRACON& Tower with Radar,11,36,53,0,100,0,0,0,0,0,11,36,53,0,100,0,0,0,100
06/18/2009,LAN,MI,AGL,CE,Combined TRACON& Tower with Radar,10,34,54,0,98,0,0,26,0,26,10,34,80,0,124,64,0,64,188
06/19/2009,LAN,MI,AGL,CE,Combined TRACON& Tower with Radar,5,36,20,0,61,0,2,18,0,20,5,38,38,0,81,12,0,12,93
06/20/2009,LAN,MI,AGL,CE,Combined TRACON& Tower with Radar,10,26,20,0,56,0,0,19,0,19,10,26,39,0,75,0,0,0,75
06/21/2009,LAN,MI,AGL,CE,Combined TRACON& Tower with Radar,8,15,20,0,43,0,0,16,0,16,8,15,36,0,59,0,0,0,59
06/22/2009,LAN,MI,AGL,CE,Combined TRACON& Tower with Radar,8,37,20,2,67,0,0,95,2,97,8,37,115,4,164,46,0,46,210
06/23/2009,LAN,MI,AGL,CE,Combined TRACON& Tower with Radar,10,49,32,0,91,0,2,60,0,62,10,51,92,0,153,32,0,32,185
06/24/2009,LAN,MI,AGL,CE,Combined TRACON& Tower with Radar,11,30,16,0,57,0,4,46,0,50,11,34,62,0,107,106,0,106,213
06/25/2009,LAN,MI,AGL,CE,Combined TRACON& Tower with Radar,11,40,26,0,77,0,34,12,0,46,11,74,38,0,123,14,0,14,137
06/26/2009,LAN,MI,AGL,CE,Combined TRACON& Tower with Radar,11,35,24,1,71,0,1,57,1,59,11,36,81,2,130,116,0,116,246
06/27/2009,LAN,MI,AGL,CE,Combined TRACON& Tower with Radar,7,24,14,0,45,0,0,29,0,29,7,24,43,0,74,6,0,6,80
06/28/2009,LAN,MI,AGL,CE,Combined TRACON& Tower with Radar,9,13,12,0,34,0,1,16,0,17,9,14,28,0,51,0,0,0,51
06/29/2009,LAN,MI,AGL,CE,Combined TRACON& Tower with Radar,9,22,17,2,50,0,0,10,0,10,9,22,27,2,60,32,0,32,92
06/30/2009,LAN,MI,AGL,CE,Combined TRACON& Tower with Radar,10,37,38,0,85,0,0,9,0,9,10,37,47,0,94,12,0,12,106
07/01/2009,LAN,MI,AGL,CE,Combined TRACON& Tower with Radar,8,41,32,0,81,0,8,4,0,12,8,49,36,0,93,44,0,44,137
07/02/2009,LAN,MI,AGL,CE,Combined TRACON& Tower with Radar,8,37,19,0,64,0,0,0,0,0,8,37,19,0,64,18,0,18,82
07/03/2009,LAN,MI,AGL,CE,Combined TRACON& Tower with Radar,6,28,15,0,49,0,1,42,0,43,6,29,57,0,92,38,0,38,130
07/04/2009,LAN,MI,AGL,CE,Combined TRACON& Tower with Radar,2,14,3,0,19,0,0,17,0,17,2,14,20,0,36,4,0,4,40
07/05/2009,LAN,MI,AGL,CE,Combined TRACON& Tower with Radar,5,19,6,0,30,0,2,30,0,32,5,21,36,0,62,10,0,10,72
07/06/2009,LAN,MI,AGL,CE,Combined TRACON& Tower with Radar,7,29,17,0,53,0,0,39,0,39,7,29,56,0,92,58,0,58,150
07/07/2009,LAN,MI,AGL,CE,Combined TRACON& Tower with Radar,8,34,26,0,68,0,0,36,0,36,8,34,62,0,104,73,0,73,177
07/08/2009,LAN,MI,AGL,CE,Combined TRACON& Tower with Radar,8,49,37,0,94,0,0,54,0,54,8,49,91,0,148,99,0,99,247
07/09/2009,LAN,MI,AGL,CE,Combined TRACON& Tower with Radar,8,31,55,0,94,0,0,52,0,52,8,31,107,0,146,99,0,99,245
07/10/2009,LAN,MI,AGL,CE,Combined TRACON& Tower with Radar,8,35,18,2,63,0,0,16,2,18,8,35,34,4,81,18,0,18,99
07/11/2009,LAN,MI,AGL,CE,Combined TRACON& Tower with Radar,7,26,8,0,41,0,0,16,0,16,7,26,24,0,57,0,0,0,57
07/12/2009,LAN,MI,AGL,CE,Combined TRACON& Tower with Radar,7,13,9,0,29,0,0,25,0,25,7,13,34,0,54,0,0,0,54
07/13/2009,LAN,MI,AGL,CE,Combined TRACON& Tower with Radar,9,27,23,0,59,0,0,41,0,41,9,27,64,0,100,32,0,32,132
07/14/2009,LAN,MI,AGL,CE,Combined TRACON& Tower with Radar,8,36,35,0,79,0,0,46,0,46,8,36,81,0,125,20,0,20,145
07/15/2009,LAN,MI,AGL,CE,Combined TRACON& Tower with Radar,8,38,35,1,82,0,3,13,7,23,8,41,48,8,105,10,0,10,115
07/16/2009,LAN,MI,AGL,CE,Combined TRACON& Tower with Radar,8,40,41,0,89,0,0,42,2,44,8,40,83,2,133,36,0,36,169
07/17/2009,LAN,MI,AGL,CE,Combined TRACON& Tower with Radar,8,42,13,2,65,0,5,41,2,48,8,47,54,4,113,40,0,40,153
07/18/2009,LAN,MI,AGL,CE,Combined TRACON& Tower with Radar,9,24,24,0,57,0,0,12,0,12,9,24,36,0,69,6,0,6,75
07/19/2009,LAN,MI,AGL,CE,Combined TRACON& Tower with Radar,6,18,24,0,48,0,0,79,0,79,6,18,103,0,127,25,0,25,152
07/20/2009,LAN,MI,AGL,CE,Combined TRACON& Tower with Radar,7,23,18,0,48,0,0,49,0,49,7,23,67,0,97,73,0,73,170
07/21/2009,LAN,MI,AGL,CE,Combined TRACON& Tower with Radar,10,33,26,1,70,0,0,46,0,46,10,33,72,1,116,46,0,46,162
07/22/2009,LAN,MI,AGL,CE,Combined TRACON& Tower with Radar,7,35,21,2,65,0,4,13,0,17,7,39,34,2,82,22,0,22,104
07/23/2009,LAN,MI,AGL,CE,Combined TRACON& Tower with Radar,9,39,34,0,82,0,1,17,0,18,9,40,51,0,100,2,0,2,102
07/24/2009,LAN,MI,AGL,CE,Combined TRACON& Tower with Radar,8,38,18,0,64,0,0,26,0,26,8,38,44,0,90,6,0,6,96
07/25/2009,LAN,MI,AGL,CE,Combined TRACON& Tower with Radar,8,24,45,0,77,0,0,64,0,64,8,24,109,0,141,10,0,10,151
07/26/2009,LAN,MI,AGL,CE,Combined TRACON& Tower with Radar,6,19,19,0,44,0,0,8,0,8,6,19,27,0,52,0,0,0,52
07/27/2009,LAN,MI,AGL,CE,Combined TRACON& Tower with Radar,7,29,25,0,61,0,0,49,0,49,7,29,74,0,110,48,0,48,158
07/28/2009,LAN,MI,AGL,CE,Combined TRACON& Tower with Radar,7,36,24,0,67,0,0,22,0,22,7,36,46,0,89,10,0,10,99
07/29/2009,LAN,MI,AGL,CE,Combined TRACON& Tower with Radar,9,33,46,3,91,0,1,44,0,45,9,34,90,3,136,6,0,6,142
07/30/2009,LAN,MI,AGL,CE,Combined TRACON& Tower with Radar,7,35,47,0,89,0,0,49,0,49,7,35,96,0,138,62,0,62,200
07/31/2009,LAN,MI,AGL,CE,Combined TRACON& Tower with Radar,8,38,18,1,65,0,1,31,1,33,8,39,49,2,98,18,0,18,116
08/01/2009,LAN,MI,AGL,CE,Combined TRACON& Tower with Radar,7,23,13,0,43,0,0,21,0,21,7,23,34,0,64,2,0,2,66
08/02/2009,LAN,MI,AGL,CE,Combined TRACON& Tower with Radar,6,12,16,1,35,0,0,17,0,17,6,12,33,1,52,6,0,6,58
08/03/2009,LAN,MI,AGL,CE,Combined TRACON& Tower with Radar,7,28,11,0,46,0,0,25,0,25,7,28,36,0,71,0,0,0,71
08/04/2009,LAN,MI,AGL,CE,Combined TRACON& Tower with Radar,10,41,24,0,75,0,0,35,0,35,10,41,59,0,110,12,0,12,122
08/05/2009,LAN,MI,AGL,CE,Combined TRACON& Tower with Radar,7,37,36,3,83,0,0,95,0,95,7,37,131,3,178,76,2,78,256
08/06/2009,LAN,MI,AGL,CE,Combined TRACON& Tower with Radar,8,38,26,7,79,0,1,54,6,61,8,39,80,13,140,20,0,20,160
08/07/2009,LAN,MI,AGL,CE,Combined TRACON& Tower with Radar,8,36,33,0,77,0,0,51,0,51,8,36,84,0,128,32,0,32,160
08/08/2009,LAN,MI,AGL,CE,Combined TRACON& Tower with Radar,7,25,9,0,41,0,0,3,0,3,7,25,12,0,44,0,0,0,44
08/09/2009,LAN,MI,AGL,CE,Combined TRACON& Tower with Radar,8,16,8,0,32,0,0,15,0,15,8,16,23,0,47,0,0,0,47
08/10/2009,LAN,MI,AGL,CE,Combined TRACON& Tower with Radar,7,25,24,0,56,0,0,27,0,27,7,25,51,0,83,30,0,30,113
08/11/2009,LAN,MI,AGL,CE,Combined TRACON& Tower with Radar,8,38,47,3,96,0,0,33,1,34,8,38,80,4,130,40,0,40,170
08/12/2009,LAN,MI,AGL,CE,Combined TRACON& Tower with Radar,11,35,46,0,92,0,0,19,0,19,11,35,65,0,111,47,0,47,158
08/13/2009,LAN,MI,AGL,CE,Combined TRACON& Tower with Radar,11,31,37,1,80,0,0,70,1,71,11,31,107,2,151,50,0,50,201
08/14/2009,LAN,MI,AGL,CE,Combined TRACON& Tower with Radar,8,36,8,1,53,0,3,33,4,40,8,39,41,5,93,36,0,36,129
08/15/2009,LAN,MI,AGL,CE,Combined TRACON& Tower with Radar,7,24,18,0,49,0,0,58,0,58,7,24,76,0,107,12,0,12,119
08/16/2009,LAN,MI,AGL,CE,Combined TRACON& Tower with Radar,7,17,12,0,36,0,0,8,0,8,7,17,20,0,44,0,0,0,44
08/17/2009,LAN,MI,AGL,CE,Combined TRACON& Tower with Radar,7,30,9,0,46,0,0,7,0,7,7,30,16,0,53,16,0,16,69
08/18/2009,LAN,MI,AGL,CE,Combined TRACON& Tower with Radar,4,37,27,0,68,0,0,27,0,27,4,37,54,0,95,30,0,30,125
08/19/2009,LAN,MI,AGL,CE,Combined TRACON& Tower with Radar,2,35,29,0,66,0,0,51,0,51,2,35,80,0,117,42,0,42,159
08/20/2009,LAN,MI,AGL,CE,Combined TRACON& Tower with Radar,4,39,19,0,62,0,0,18,0,18,4,39,37,0,80,28,0,28,108
08/21/2009,LAN,MI,AGL,CE,Combined TRACON& Tower with Radar,2,44,11,0,57,0,0,16,0,16,2,44,27,0,73,34,0,34,107
08/22/2009,LAN,MI,AGL,CE,Combined TRACON& Tower with Radar,1,29,16,0,46,0,1,10,2,13,1,30,26,2,59,0,0,0,59
08/23/2009,LAN,MI,AGL,CE,Combined TRACON& Tower with Radar,0,17,34,2,53,0,1,12,0,13,0,18,46,2,66,19,0,19,85
08/24/2009,LAN,MI,AGL,CE,Combined TRACON& Tower with Radar,1,29,37,2,69,0,0,45,0,45,1,29,82,2,114,76,0,76,190
08/25/2009,LAN,MI,AGL,CE,Combined TRACON& Tower with Radar,2,43,26,1,72,0,0,51,5,56,2,43,77,6,128,81,0,81,209
08/26/2009,LAN,MI,AGL,CE,Combined TRACON& Tower with Radar,4,44,30,0,78,0,3,18,0,21,4,47,48,0,99,16,0,16,115
08/27/2009,LAN,MI,AGL,CE,Combined TRACON& Tower with Radar,2,49,37,3,91,0,0,30,0,30,2,49,67,3,121,24,0,24,145
08/28/2009,LAN,MI,AGL,CE,Combined TRACON& Tower with Radar,2,44,31,1,78,0,0,7,0,7,2,44,38,1,85,0,0,0,85
08/29/2009,LAN,MI,AGL,CE,Combined TRACON& Tower with Radar,3,30,20,0,53,0,0,2,0,2,3,30,22,0,55,0,0,0,55
08/30/2009,LAN,MI,AGL,CE,Combined TRACON& Tower with Radar,0,0,18,7,25,0,0,15,0,15,0,0,33,7,40,10,0,10,50
08/31/2009,LAN,MI,AGL,CE,Combined TRACON& Tower with Radar,1,33,28,0,62,0,0,48,0,48,1,33,76,0,110,31,0,31,141
09/01/2009,LAN,MI,AGL,CE,Combined TRACON& Tower with Radar,2,49,38,0,89,0,0,38,0,38,2,49,76,0,127,37,0,37,164
09/02/2009,LAN,MI,AGL,CE,Combined TRACON& Tower with Radar,4,39,28,0,71,0,0,60,0,60,4,39,88,0,131,34,0,34,165
09/03/2009,LAN,MI,AGL,CE,Combined TRACON& Tower with Radar,2,38,38,0,78,0,0,50,5,55,2,38,88,5,133,64,0,64,197
09/04/2009,LAN,MI,AGL,CE,Combined TRACON& Tower with Radar,6,42,22,0,70,0,0,29,3,32,6,42,51,3,102,62,0,62,164
09/05/2009,LAN,MI,AGL,CE,Combined TRACON& Tower with Radar,3,29,50,0,82,0,0,83,0,83,3,29,133,0,165,17,0,17,182
09/06/2009,LAN,MI,AGL,CE,Combined TRACON& Tower with Radar,2,14,12,0,28,0,0,19,0,19,2,14,31,0,47,28,0,28,75
09/07/2009,LAN,MI,AGL,CE,Combined TRACON& Tower with Radar,1,19,20,0,40,0,0,18,0,18,1,19,38,0,58,6,0,6,64
09/08/2009,LAN,MI,AGL,CE,Combined TRACON& Tower with Radar,4,36,34,0,74,0,0,1,0,1,4,36,35,0,75,22,0,22,97
09/09/2009,LAN,MI,AGL,CE,Combined TRACON& Tower with Radar,2,40,30,0,72,0,0,27,0,27,2,40,57,0,99,76,0,76,175
09/10/2009,LAN,MI,AGL,CE,Combined TRACON& Tower with Radar,2,40,34,0,76,0,0,34,0,34,2,40,68,0,110,42,0,42,152
09/11/2009,LAN,MI,AGL,CE,Combined TRACON& Tower with Radar,2,44,22,0,68,0,0,69,0,69,2,44,91,0,137,45,0,45,182
09/12/2009,LAN,MI,AGL,CE,Combined TRACON& Tower with Radar,1,25,9,0,35,0,1,8,0,9,1,26,17,0,44,2,0,2,46
09/13/2009,LAN,MI,AGL,CE,Combined TRACON& Tower with Radar,2,21,28,0,51,0,0,73,0,73,2,21,101,0,124,0,0,0,124
09/14/2009,LAN,MI,AGL,CE,Combined TRACON& Tower with Radar,1,32,40,0,73,0,0,30,0,30,1,32,70,0,103,49,0,49,152
09/15/2009,LAN,MI,AGL,CE,Combined TRACON& Tower with Radar,3,44,66,2,115,0,0,44,1,45,3,44,110,3,160,65,0,65,225
09/16/2009,LAN,MI,AGL,CE,Combined TRACON& Tower with Radar,5,40,27,2,74,0,0,28,2,30,5,40,55,4,104,16,0,16,120
09/17/2009,LAN,MI,AGL,CE,Combined TRACON& Tower with Radar,0,0,58,0,58,2,57,31,0,90,2,57,89,0,148,91,0,91,239
09/18/2009,LAN,MI,AGL,CE,Combined TRACON& Tower with Radar,4,61,32,0,97,0,22,29,0,51,4,83,61,0,148,64,0,64,212
09/19/2009,LAN,MI,AGL,CE,Combined TRACON& Tower with Radar,3,31,22,0,56,0,0,29,3,32,3,31,51,3,88,7,0,7,95
09/20/2009,LAN,MI,AGL,CE,Combined TRACON& Tower with Radar,0,21,25,0,46,0,2,30,0,32,0,23,55,0,78,8,0,8,86
09/21/2009,LAN,MI,AGL,CE,Combined TRACON& Tower with Radar,0,31,22,0,53,0,0,0,0,0,0,31,22,0,53,0,0,0,53
09/22/2009,LAN,MI,AGL,CE,Combined TRACON& Tower with Radar,2,37,36,1,76,0,0,8,1,9,2,37,44,2,85,12,0,12,97
09/23/2009,LAN,MI,AGL,CE,Combined TRACON& Tower with Radar,2,55,39,0,96,0,0,18,0,18,2,55,57,0,114,16,0,16,130
09/24/2009,LAN,MI,AGL,CE,Combined TRACON& Tower with Radar,2,50,55,0,107,0,14,70,0,84,2,64,125,0,191,78,0,78,269
09/25/2009,LAN,MI,AGL,CE,Combined TRACON& Tower with Radar,6,41,32,0,79,0,0,44,0,44,6,41,76,0,123,40,0,40,163
09/26/2009,LAN,MI,AGL,CE,Combined TRACON& Tower with Radar,3,28,15,0,46,0,1,0,0,1,3,29,15,0,47,0,0,0,47
09/27/2009,LAN,MI,AGL,CE,Combined TRACON& Tower with Radar,2,21,22,0,45,0,0,14,0,14,2,21,36,0,59,0,0,0,59
09/28/2009,LAN,MI,AGL,CE,Combined TRACON& Tower with Radar,1,32,16,0,49,0,0,3,0,3,1,32,19,0,52,0,0,0,52
09/29/2009,LAN,MI,AGL,CE,Combined TRACON& Tower with Radar,2,39,32,2,75,0,0,5,0,5,2,39,37,2,80,0,0,0,80
09/30/2009,LAN,MI,AGL,CE,Combined TRACON& Tower with Radar,2,40,77,0,119,0,0,57,0,57,2,40,134,0,176,44,0,44,220
10/01/2009,LAN,MI,AGL,CE,Combined TRACON& Tower with Radar,4,76,48,2,130,0,1,44,0,45,4,77,92,2,175,50,0,50,225
10/02/2009,LAN,MI,AGL,CE,Combined TRACON& Tower with Radar,2,45,35,0,82,0,0,0,0,0,2,45,35,0,82,8,0,8,90
10/03/2009,LAN,MI,AGL,CE,Combined TRACON& Tower with Radar,1,34,21,0,56,0,0,16,0,16,1,34,37,0,72,11,0,11,83
10/04/2009,LAN,MI,AGL,CE,Combined TRACON& Tower with Radar,0,25,16,1,42,0,0,0,0,0,0,25,16,1,42,0,0,0,42
10/05/2009,LAN,MI,AGL,CE,Combined TRACON& Tower with Radar,1,34,29,0,64,0,3,38,2,43,1,37,67,2,107,52,0,52,159
10/06/2009,LAN,MI,AGL,CE,Combined TRACON& Tower with Radar,2,44,32,2,80,0,0,13,0,13,2,44,45,2,93,28,0,28,121
10/07/2009,LAN,MI,AGL,CE,Combined TRACON& Tower with Radar,2,41,25,3,71,0,0,18,0,18,2,41,43,3,89,18,0,18,107
10/08/2009,LAN,MI,AGL,CE,Combined TRACON& Tower with Radar,3,43,34,3,83,0,1,34,0,35,3,44,68,3,118,4,0,4,122
10/09/2009,LAN,MI,AGL,CE,Combined TRACON& Tower with Radar,3,42,22,0,67,0,0,0,0,0,3,42,22,0,67,2,0,2,69
10/10/2009,LAN,MI,AGL,CE,Combined TRACON& Tower with Radar,3,25,15,0,43,0,0,21,0,21,3,25,36,0,64,24,0,24,88
10/11/2009,LAN,MI,AGL,CE,Combined TRACON& Tower with Radar,0,21,18,0,39,0,0,31,0,31,0,21,49,0,70,18,2,20,90
10/12/2009,LAN,MI,AGL,CE,Combined TRACON& Tower with Radar,1,32,19,2,54,0,0,28,0,28,1,32,47,2,82,36,16,52,134
10/13/2009,LAN,MI,AGL,CE,Combined TRACON& Tower with Radar,2,37,23,1,63,0,0,30,1,31,2,37,53,2,94,2,0,2,96
10/14/2009,LAN,MI,AGL,CE,Combined TRACON& Tower with Radar,2,43,40,8,93,0,0,34,1,35,2,43,74,9,128,12,0,12,140
10/15/2009,LAN,MI,AGL,CE,Combined TRACON& Tower with Radar,2,56,41,0,99,0,0,20,0,20,2,56,61,0,119,22,0,22,141
10/16/2009,LAN,MI,AGL,CE,Combined TRACON& Tower with Radar,4,46,18,2,70,0,0,30,4,34,4,46,48,6,104,4,0,4,108
10/17/2009,LAN,MI,AGL,CE,Combined TRACON& Tower with Radar,1,31,9,0,41,0,1,35,0,36,1,32,44,0,77,10,0,10,87
10/18/2009,LAN,MI,AGL,CE,Combined TRACON& Tower with Radar,0,22,23,0,45,0,0,29,0,29,0,22,52,0,74,12,0,12,86
10/19/2009,LAN,MI,AGL,CE,Combined TRACON& Tower with Radar,3,33,31,0,67,0,0,40,4,44,3,33,71,4,111,0,0,0,111
10/20/2009,LAN,MI,AGL,CE,Combined TRACON& Tower with Radar,2,45,22,0,69,0,0,32,0,32,2,45,54,0,101,49,0,49,150
10/21/2009,LAN,MI,AGL,CE,Combined TRACON& Tower with Radar,2,40,68,0,110,0,0,30,0,30,2,40,98,0,140,49,0,49,189
10/22/2009,LAN,MI,AGL,CE,Combined TRACON& Tower with Radar,2,42,43,6,93,0,0,11,0,11,2,42,54,6,104,30,0,30,134
10/23/2009,LAN,MI,AGL,CE,Combined TRACON& Tower with Radar,4,44,13,0,61,0,0,0,0,0,4,44,13,0,61,0,0,0,61
10/24/2009,LAN,MI,AGL,CE,Combined TRACON& Tower with Radar,2,29,24,0,55,0,0,3,0,3,2,29,27,0,58,0,0,0,58
10/25/2009,LAN,MI,AGL,CE,Combined TRACON& Tower with Radar,2,16,30,3,51,0,0,34,3,37,2,16,64,6,88,22,0,22,110
10/26/2009,LAN,MI,AGL,CE,Combined TRACON& Tower with Radar,2,41,30,10,83,0,0,8,0,8,2,41,38,10,91,8,0,8,99
10/27/2009,LAN,MI,AGL,CE,Combined TRACON& Tower with Radar,2,40,43,4,89,0,0,15,1,16,2,40,58,5,105,24,0,24,129
10/28/2009,LAN,MI,AGL,CE,Combined TRACON& Tower with Radar,2,44,100,6,152,0,0,10,1,11,2,44,110,7,163,0,0,0,163
10/29/2009,LAN,MI,AGL,CE,Combined TRACON& Tower with Radar,2,40,36,4,82,0,0,17,0,17,2,40,53,4,99,14,0,14,113
10/30/2009,LAN,MI,AGL,CE,Combined TRACON& Tower with Radar,7,39,8,4,58,0,0,0,0,0,7,39,8,4,58,0,0,0,58
10/31/2009,LAN,MI,AGL,CE,Combined TRACON& Tower with Radar,15,26,13,0,54,0,0,5,0,5,15,26,18,0,59,0,0,0,59
11/01/2009,LAN,MI,AGL,CE,Combined TRACON& Tower with Radar,2,21,31,0,54,0,3,47,0,50,2,24,78,0,104,56,0,56,160
11/02/2009,LAN,MI,AGL,CE,Combined TRACON& Tower with Radar,1,36,20,1,58,0,0,17,0,17,1,36,37,1,75,20,0,20,95
11/03/2009,LAN,MI,AGL,CE,Combined TRACON& Tower with Radar,2,42,24,2,70,0,0,48,0,48,2,42,72,2,118,36,0,36,154
11/04/2009,LAN,MI,AGL,CE,Combined TRACON& Tower with Radar,2,39,20,3,64,0,0,27,3,30,2,39,47,6,94,14,8,22,116
11/05/2009,LAN,MI,AGL,CE,Combined TRACON& Tower with Radar,2,45,47,0,94,0,1,23,7,31,2,46,70,7,125,44,0,44,169
11/06/2009,LAN,MI,AGL,CE,Combined TRACON& Tower with Radar,4,45,43,8,100,0,0,56,0,56,4,45,99,8,156,55,0,55,211
11/07/2009,LAN,MI,AGL,CE,Combined TRACON& Tower with Radar,1,25,13,6,45,0,2,22,2,26,1,27,35,8,71,0,0,0,71
11/08/2009,LAN,MI,AGL,CE,Combined TRACON& Tower with Radar,0,19,19,0,38,0,4,32,0,36,0,23,51,0,74,22,0,22,96
11/09/2009,LAN,MI,AGL,CE,Combined TRACON& Tower with Radar,1,35,16,4,56,0,0,46,0,46,1,35,62,4,102,0,0,0,102
11/10/2009,LAN,MI,AGL,CE,Combined TRACON& Tower with Radar,2,43,34,5,84,0,0,30,0,30,2,43,64,5,114,30,0,30,144
11/11/2009,LAN,MI,AGL,CE,Combined TRACON& Tower with Radar,2,48,30,2,82,0,0,47,0,47,2,48,77,2,129,18,0,18,147
11/12/2009,LAN,MI,AGL,CE,Combined TRACON& Tower with Radar,10,49,37,5,101,0,0,36,2,38,10,49,73,7,139,64,0,64,203
11/13/2009,LAN,MI,AGL,CE,Combined TRACON& Tower with Radar,4,42,16,0,62,0,0,28,0,28,4,42,44,0,90,70,0,70,160
11/14/2009,LAN,MI,AGL,CE,Combined TRACON& Tower with Radar,3,29,15,0,47,0,0,35,0,35,3,29,50,0,82,2,0,2,84
11/15/2009,LAN,MI,AGL,CE,Combined TRACON& Tower with Radar,0,21,24,0,45,0,0,0,0,0,0,21,24,0,45,26,0,26,71
11/16/2009,LAN,MI,AGL,CE,Combined TRACON& Tower with Radar,3,35,28,2,68,0,0,39,0,39,3,35,67,2,107,30,0,30,137
11/17/2009,LAN,MI,AGL,CE,Combined TRACON& Tower with Radar,3,45,20,2,70,0,0,27,2,29,3,45,47,4,99,6,0,6,105
11/18/2009,LAN,MI,AGL,CE,Combined TRACON& Tower with Radar,3,45,22,5,75,0,0,26,6,32,3,45,48,11,107,18,0,18,125
11/19/2009,LAN,MI,AGL,CE,Combined TRACON& Tower with Radar,2,46,58,8,114,0,0,8,2,10,2,46,66,10,124,0,0,0,124
11/20/2009,LAN,MI,AGL,CE,Combined TRACON& Tower with Radar,6,43,22,0,71,0,0,0,0,0,6,43,22,0,71,0,0,0,71
11/21/2009,LAN,MI,AGL,CE,Combined TRACON& Tower with Radar,3,27,26,0,56,0,0,15,0,15,3,27,41,0,71,28,0,28,99
11/22/2009,LAN,MI,AGL,CE,Combined TRACON& Tower with Radar,1,24,24,0,49,0,0,20,0,20,1,24,44,0,69,6,0,6,75
11/23/2009,LAN,MI,AGL,CE,Combined TRACON& Tower with Radar,2,33,45,1,81,0,0,25,0,25,2,33,70,1,106,0,0,0,106
11/24/2009,LAN,MI,AGL,CE,Combined TRACON& Tower with Radar,4,59,60,3,126,0,0,15,1,16,4,59,75,4,142,20,0,20,162
11/25/2009,LAN,MI,AGL,CE,Combined TRACON& Tower with Radar,3,49,19,0,71,0,0,2,0,2,3,49,21,0,73,0,0,0,73
11/26/2009,LAN,MI,AGL,CE,Combined TRACON& Tower with Radar,0,21,0,0,21,0,0,2,0,2,0,21,2,0,23,0,0,0,23
11/27/2009,LAN,MI,AGL,CE,Combined TRACON& Tower with Radar,4,29,16,0,49,0,1,4,0,5,4,30,20,0,54,0,0,0,54
11/28/2009,LAN,MI,AGL,CE,Combined TRACON& Tower with Radar,1,35,44,0,80,0,0,38,0,38,1,35,82,0,118,16,0,16,134
11/29/2009,LAN,MI,AGL,CE,Combined TRACON& Tower with Radar,0,29,13,0,42,0,0,3,0,3,0,29,16,0,45,2,0,2,47
11/30/2009,LAN,MI,AGL,CE,Combined TRACON& Tower with Radar,4,38,20,2,64,0,0,21,0,21,4,38,41,2,85,36,0,36,121
12/01/2009,LAN,MI,AGL,CE,Combined TRACON& Tower with Radar,4,46,45,2,97,0,0,47,2,49,4,46,92,4,146,68,0,68,214
12/02/2009,LAN,MI,AGL,CE,Combined TRACON& Tower with Radar,4,48,37,4,93,0,0,45,8,53,4,48,82,12,146,30,0,30,176
12/03/2009,LAN,MI,AGL,CE,Combined TRACON& Tower with Radar,4,47,30,6,87,0,1,3,0,4,4,48,33,6,91,0,0,0,91
12/04/2009,LAN,MI,AGL,CE,Combined TRACON& Tower with Radar,9,47,16,2,74,0,0,14,0,14,9,47,30,2,88,0,0,0,88
12/05/2009,LAN,MI,AGL,CE,Combined TRACON& Tower with Radar,1,29,24,2,56,0,0,66,0,66,1,29,90,2,122,0,0,0,122
12/06/2009,LAN,MI,AGL,CE,Combined TRACON& Tower with Radar,0,28,16,1,45,0,1,25,11,37,0,29,41,12,82,4,0,4,86
12/07/2009,LAN,MI,AGL,CE,Combined TRACON& Tower with Radar,2,37,34,2,75,0,0,18,0,18,2,37,52,2,93,10,26,36,129
12/08/2009,LAN,MI,AGL,CE,Combined TRACON& Tower with Radar,4,46,41,0,91,0,0,4,2,6,4,46,45,2,97,4,0,4,101
12/09/2009,LAN,MI,AGL,CE,Combined TRACON& Tower with Radar,6,41,7,0,54,0,0,0,0,0,6,41,7,0,54,0,0,0,54
12/10/2009,LAN,MI,AGL,CE,Combined TRACON& Tower with Radar,3,49,22,0,74,0,0,0,0,0,3,49,22,0,74,0,0,0,74
12/11/2009,LAN,MI,AGL,CE,Combined TRACON& Tower with Radar,4,52,40,1,97,0,0,8,0,8,4,52,48,1,105,2,0,2,107
12/12/2009,LAN,MI,AGL,CE,Combined TRACON& Tower with Radar,3,26,31,0,60,0,0,44,0,44,3,26,75,0,104,0,0,0,104
12/13/2009,LAN,MI,AGL,CE,Combined TRACON& Tower with Radar,0,18,8,0,26,0,0,0,0,0,0,18,8,0,26,0,0,0,26
12/14/2009,LAN,MI,AGL,CE,Combined TRACON& Tower with Radar,2,38,5,0,45,0,0,0,0,0,2,38,5,0,45,0,0,0,45
12/15/2009,LAN,MI,AGL,CE,Combined TRACON& Tower with Radar,6,50,15,1,72,0,0,8,1,9,6,50,23,2,81,0,0,0,81
12/16/2009,LAN,MI,AGL,CE,Combined TRACON& Tower with Radar,10,56,84,18,168,4,0,63,0,67,14,56,147,18,235,12,0,12,247
12/17/2009,LAN,MI,AGL,CE,Combined TRACON& Tower with Radar,5,49,46,6,106,0,0,67,0,67,5,49,113,6,173,62,14,76,249
12/18/2009,LAN,MI,AGL,CE,Combined TRACON& Tower with Radar,3,46,48,5,102,0,0,52,0,52,3,46,100,5,154,81,0,81,235
12/19/2009,LAN,MI,AGL,CE,Combined TRACON& Tower with Radar,0,40,6,0,46,0,0,0,0,0,0,40,6,0,46,2,0,2,48
12/20/2009,LAN,MI,AGL,CE,Combined TRACON& Tower with Radar,0,22,36,0,58,0,0,17,0,17,0,22,53,0,75,22,0,22,97
12/21/2009,LAN,MI,AGL,CE,Combined TRACON& Tower with Radar,6,44,5,1,56,0,0,0,0,0,6,44,5,1,56,0,0,0,56
12/22/2009,LAN,MI,AGL,CE,Combined TRACON& Tower with Radar,12,50,13,0,75,0,0,11,0,11,12,50,24,0,86,6,0,6,92
12/23/2009,LAN,MI,AGL,CE,Combined TRACON& Tower with Radar,12,54,21,0,87,0,0,58,0,58,12,54,79,0,145,64,0,64,209
12/24/2009,LAN,MI,AGL,CE,Combined TRACON& Tower with Radar,10,39,4,0,53,0,0,2,0,2,10,39,6,0,55,10,0,10,65
12/25/2009,LAN,MI,AGL,CE,Combined TRACON& Tower with Radar,0,14,0,0,14,0,0,0,0,0,0,14,0,0,14,0,0,0,14
12/26/2009,LAN,MI,AGL,CE,Combined TRACON& Tower with Radar,1,34,9,0,44,0,1,2,0,3,1,35,11,0,47,0,0,0,47
12/27/2009,LAN,MI,AGL,CE,Combined TRACON& Tower with Radar,6,27,6,0,39,0,0,3,0,3,6,27,9,0,42,18,0,18,60
12/28/2009,LAN,MI,AGL,CE,Combined TRACON& Tower with Radar,1,34,4,0,39,0,0,0,0,0,1,34,4,0,39,0,0,0,39
12/29/2009,LAN,MI,AGL,CE,Combined TRACON& Tower with Radar,2,43,41,0,86,0,0,42,0,42,2,43,83,0,128,48,0,48,176
12/30/2009,LAN,MI,AGL,CE,Combined TRACON& Tower with Radar,4,42,24,1,71,0,0,32,0,32,4,42,56,1,103,32,0,32,135
12/31/2009,LAN,MI,AGL,CE,Combined TRACON& Tower with Radar,6,31,3,0,40,0,0,3,0,3,6,31,6,0,43,0,0,0,43
01/01/2010,LAN,MI,AGL,CE,Combined TRACON& Tower with Radar,3,14,9,0,26,0,1,10,0,11,3,15,19,0,37,1,0,1,38
01/02/2010,LAN,MI,AGL,CE,Combined TRACON& Tower with Radar,5,33,5,0,43,0,0,3,0,3,5,33,8,0,46,18,0,18,64
01/03/2010,LAN,MI,AGL,CE,Combined TRACON& Tower with Radar,15,24,8,0,47,0,0,13,0,13,15,24,21,0,60,0,0,0,60
01/04/2010,LAN,MI,AGL,CE,Combined TRACON& Tower with Radar,5,40,5,0,50,0,3,2,0,5,5,43,7,0,55,0,0,0,55
01/05/2010,LAN,MI,AGL,CE,Combined TRACON& Tower with Radar,5,47,6,0,58,0,0,3,0,3,5,47,9,0,61,0,0,0,61
01/06/2010,LAN,MI,AGL,CE,Combined TRACON& Tower with Radar,2,49,15,9,75,0,0,15,0,15,2,49,30,9,90,0,0,0,90
01/07/2010,LAN,MI,AGL,CE,Combined TRACON& Tower with Radar,12,37,9,0,58,0,0,0,0,0,12,37,9,0,58,0,0,0,58
01/08/2010,LAN,MI,AGL,CE,Combined TRACON& Tower with Radar,5,44,14,4,67,0,0,6,0,6,5,44,20,4,73,0,0,0,73
01/09/2010,LAN,MI,AGL,CE,Combined TRACON& Tower with Radar,1,30,16,1,48,0,0,28,3,31,1,30,44,4,79,0,0,0,79
01/10/2010,LAN,MI,AGL,CE,Combined TRACON& Tower with Radar,3,17,29,5,54,0,0,16,4,20,3,17,45,9,74,20,0,20,94
01/11/2010,LAN,MI,AGL,CE,Combined TRACON& Tower with Radar,3,34,9,0,46,0,0,0,0,0,3,34,9,0,46,0,0,0,46
01/12/2010,LAN,MI,AGL,CE,Combined TRACON& Tower with Radar,2,42,42,2,88,0,0,16,0,16,2,42,58,2,104,16,0,16,120
01/13/2010,LAN,MI,AGL,CE,Combined TRACON& Tower with Radar,2,40,30,2,74,0,0,36,2,38,2,40,66,4,112,46,0,46,158
01/14/2010,LAN,MI,AGL,CE,Combined TRACON& Tower with Radar,2,41,38,1,82,0,2,18,4,24,2,43,56,5,106,18,0,18,124
01/15/2010,LAN,MI,AGL,CE,Combined TRACON& Tower with Radar,2,55,14,2,73,0,0,20,0,20,2,55,34,2,93,60,0,60,153
01/16/2010,LAN,MI,AGL,CE,Combined TRACON& Tower with Radar,1,27,5,0,33,0,0,8,0,8,1,27,13,0,41,0,0,0,41
01/17/2010,LAN,MI,AGL,CE,Combined TRACON& Tower with Radar,2,19,3,0,24,0,0,7,0,7,2,19,10,0,31,0,0,0,31
01/18/2010,LAN,MI,AGL,CE,Combined TRACON& Tower with Radar,1,32,5,0,38,0,0,0,0,0,1,32,5,0,38,0,0,0,38
01/19/2010,LAN,MI,AGL,CE,Combined TRACON& Tower with Radar,2,40,27,4,73,0,0,27,2,29,2,40,54,6,102,34,0,34,136
01/20/2010,LAN,MI,AGL,CE,Combined TRACON& Tower with Radar,4,43,38,8,93,0,0,61,12,73,4,43,99,20,166,38,0,38,204
01/21/2010,LAN,MI,AGL,CE,Combined TRACON& Tower with Radar,2,39,49,3,93,0,1,21,0,22,2,40,70,3,115,56,0,56,171
01/22/2010,LAN,MI,AGL,CE,Combined TRACON& Tower with Radar,2,43,10,5,60,0,0,7,0,7,2,43,17,5,67,7,0,7,74
01/23/2010,LAN,MI,AGL,CE,Combined TRACON& Tower with Radar,1,31,1,0,33,0,0,9,0,9,1,31,10,0,42,6,0,6,48
01/24/2010,LAN,MI,AGL,CE,Combined TRACON& Tower with Radar,2,27,2,2,33,0,0,4,0,4,2,27,6,2,37,0,0,0,37
01/25/2010,LAN,MI,AGL,CE,Combined TRACON& Tower with Radar,1,43,17,2,63,0,0,9,0,9,1,43,26,2,72,10,0,10,82
01/26/2010,LAN,MI,AGL,CE,Combined TRACON& Tower with Radar,2,38,20,0,60,0,0,2,0,2,2,38,22,0,62,0,0,0,62
01/27/2010,LAN,MI,AGL,CE,Combined TRACON& Tower with Radar,3,40,17,5,65,0,0,10,4,14,3,40,27,9,79,30,0,30,109
01/28/2010,LAN,MI,AGL,CE,Combined TRACON& Tower with Radar,2,46,16,6,70,0,0,2,2,4,2,46,18,8,74,8,0,8,82
01/29/2010,LAN,MI,AGL,CE,Combined TRACON& Tower with Radar,2,41,26,0,69,0,0,26,0,26,2,41,52,0,95,16,0,16,111
01/30/2010,LAN,MI,AGL,CE,Combined TRACON& Tower with Radar,1,27,23,2,53,0,0,47,2,49,1,27,70,4,102,21,0,21,123
01/31/2010,LAN,MI,AGL,CE,Combined TRACON& Tower with Radar,2,18,12,0,32,0,0,7,0,7,2,18,19,0,39,2,0,2,41
02/01/2010,LAN,MI,AGL,CE,Combined TRACON& Tower with Radar,1,33,31,2,67,0,0,27,0,27,1,33,58,2,94,54,0,54,148
02/02/2010,LAN,MI,AGL,CE,Combined TRACON& Tower with Radar,2,38,15,0,55,0,0,3,0,3,2,38,18,0,58,0,0,0,58
02/03/2010,LAN,MI,AGL,CE,Combined TRACON& Tower with Radar,2,43,31,2,78,0,0,4,0,4,2,43,35,2,82,6,0,6,88
02/04/2010,LAN,MI,AGL,CE,Combined TRACON& Tower with Radar,2,41,50,3,96,0,0,56,3,59,2,41,106,6,155,32,0,32,187
02/05/2010,LAN,MI,AGL,CE,Combined TRACON& Tower with Radar,2,40,20,2,64,0,0,18,0,18,2,40,38,2,82,0,0,0,82
02/06/2010,LAN,MI,AGL,CE,Combined TRACON& Tower with Radar,1,31,18,0,50,0,0,2,0,2,1,31,20,0,52,0,0,0,52
02/07/2010,LAN,MI,AGL,CE,Combined TRACON& Tower with Radar,2,21,8,0,31,0,0,23,0,23,2,21,31,0,54,0,0,0,54
02/08/2010,LAN,MI,AGL,CE,Combined TRACON& Tower with Radar,1,32,27,4,64,0,0,63,0,63,1,32,90,4,127,54,0,54,181
02/09/2010,LAN,MI,AGL,CE,Combined TRACON& Tower with Radar,2,33,10,1,46,0,0,0,0,0,2,33,10,1,46,0,0,0,46
02/10/2010,LAN,MI,AGL,CE,Combined TRACON& Tower with Radar,2,43,11,3,59,0,0,11,1,12,2,43,22,4,71,30,0,30,101
02/11/2010,LAN,MI,AGL,CE,Combined TRACON& Tower with Radar,4,36,28,3,71,0,0,7,0,7,4,36,35,3,78,51,0,51,129
02/12/2010,LAN,MI,AGL,CE,Combined TRACON& Tower with Radar,2,46,22,0,70,0,0,7,0,7,2,46,29,0,77,17,0,17,94
02/13/2010,LAN,MI,AGL,CE,Combined TRACON& Tower with Radar,1,40,14,0,55,0,0,7,0,7,1,40,21,0,62,0,0,0,62
02/14/2010,LAN,MI,AGL,CE,Combined TRACON& Tower with Radar,2,21,19,0,42,0,0,5,0,5,2,21,24,0,47,6,0,6,53
02/15/2010,LAN,MI,AGL,CE,Combined TRACON& Tower with Radar,1,36,23,2,62,0,0,27,0,27,1,36,50,2,89,74,0,74,163
02/16/2010,LAN,MI,AGL,CE,Combined TRACON& Tower with Radar,4,44,12,0,60,0,0,13,0,13,4,44,25,0,73,12,0,12,85
02/17/2010,LAN,MI,AGL,CE,Combined TRACON& Tower with Radar,2,49,24,0,75,0,0,6,0,6,2,49,30,0,81,16,0,16,97
02/18/2010,LAN,MI,AGL,CE,Combined TRACON& Tower with Radar,2,52,27,4,85,0,0,50,5,55,2,52,77,9,140,44,0,44,184
02/19/2010,LAN,MI,AGL,CE,Combined TRACON& Tower with Radar,2,55,31,1,89,0,0,76,0,76,2,55,107,1,165,51,0,51,216
02/20/2010,LAN,MI,AGL,CE,Combined TRACON& Tower with Radar,1,29,27,0,57,0,0,35,0,35,1,29,62,0,92,22,0,22,114
02/21/2010,LAN,MI,AGL,CE,Combined TRACON& Tower with Radar,2,21,24,0,47,0,0,24,0,24,2,21,48,0,71,26,0,26,97
02/22/2010,LAN,MI,AGL,CE,Combined TRACON& Tower with Radar,1,33,8,0,42,0,0,0,0,0,1,33,8,0,42,0,0,0,42
02/23/2010,LAN,MI,AGL,CE,Combined TRACON& Tower with Radar,2,44,23,0,69,0,0,4,0,4,2,44,27,0,73,0,0,0,73
02/24/2010,LAN,MI,AGL,CE,Combined TRACON& Tower with Radar,2,45,10,2,59,0,0,0,0,0,2,45,10,2,59,0,0,0,59
02/25/2010,LAN,MI,AGL,CE,Combined TRACON& Tower with Radar,3,44,36,8,91,0,0,15,0,15,3,44,51,8,106,20,0,20,126
02/26/2010,LAN,MI,AGL,CE,Combined TRACON& Tower with Radar,2,46,8,0,56,0,1,0,0,1,2,47,8,0,57,0,0,0,57
02/27/2010,LAN,MI,AGL,CE,Combined TRACON& Tower with Radar,0,29,3,6,38,0,0,1,0,1,0,29,4,6,39,0,0,0,39
02/28/2010,LAN,MI,AGL,CE,Combined TRACON& Tower with Radar,4,23,10,1,38,0,0,16,0,16,4,23,26,1,54,12,0,12,66
03/01/2010,LAN,MI,AGL,CE,Combined TRACON& Tower with Radar,1,34,40,0,75,0,0,41,0,41,1,34,81,0,116,68,0,68,184
03/02/2010,LAN,MI,AGL,CE,Combined TRACON& Tower with Radar,2,46,22,0,70,0,0,28,0,28,2,46,50,0,98,71,0,71,169
03/03/2010,LAN,MI,AGL,CE,Combined TRACON& Tower with Radar,3,39,27,0,69,0,0,50,0,50,3,39,77,0,119,92,0,92,211
03/04/2010,LAN,MI,AGL,CE,Combined TRACON& Tower with Radar,2,48,42,3,95,0,4,75,0,79,2,52,117,3,174,83,0,83,257
03/05/2010,LAN,MI,AGL,CE,Combined TRACON& Tower with Radar,2,44,25,6,77,0,2,76,0,78,2,46,101,6,155,36,0,36,191
03/06/2010,LAN,MI,AGL,CE,Combined TRACON& Tower with Radar,1,32,18,0,51,0,2,67,0,69,1,34,85,0,120,14,0,14,134
03/07/2010,LAN,MI,AGL,CE,Combined TRACON& Tower with Radar,2,22,26,0,50,0,0,24,4,28,2,22,50,4,78,0,0,0,78
03/08/2010,LAN,MI,AGL,CE,Combined TRACON& Tower with Radar,1,34,17,0,52,0,0,32,0,32,1,34,49,0,84,18,0,18,102
03/09/2010,LAN,MI,AGL,CE,Combined TRACON& Tower with Radar,4,39,34,4,81,0,0,28,2,30,4,39,62,6,111,50,0,50,161
03/10/2010,LAN,MI,AGL,CE,Combined TRACON& Tower with Radar,6,48,29,3,86,4,0,14,4,22,10,48,43,7,108,0,0,0,108
03/11/2010,LAN,MI,AGL,CE,Combined TRACON& Tower with Radar,2,44,30,2,78,0,0,4,0,4,2,44,34,2,82,34,0,34,116
03/12/2010,LAN,MI,AGL,CE,Combined TRACON& Tower with Radar,2,51,30,0,83,0,0,2,0,2,2,51,32,0,85,0,0,0,85
03/13/2010,LAN,MI,AGL,CE,Combined TRACON& Tower with Radar,2,29,16,0,47,0,0,3,0,3,2,29,19,0,50,0,0,0,50
03/14/2010,LAN,MI,AGL,CE,Combined TRACON& Tower with Radar,2,21,6,0,29,0,0,3,0,3,2,21,9,0,32,0,0,0,32
03/15/2010,LAN,MI,AGL,CE,Combined TRACON& Tower with Radar,1,36,39,3,79,0,0,20,0,20,1,36,59,3,99,8,0,8,107
03/16/2010,LAN,MI,AGL,CE,Combined TRACON& Tower with Radar,4,44,26,3,77,0,0,21,3,24,4,44,47,6,101,66,0,66,167
03/17/2010,LAN,MI,AGL,CE,Combined TRACON& Tower with Radar,2,46,42,9,99,0,4,56,3,63,2,50,98,12,162,46,0,46,208
03/18/2010,LAN,MI,AGL,CE,Combined TRACON& Tower with Radar,4,45,53,9,111,0,1,66,4,71,4,46,119,13,182,60,6,66,248
03/19/2010,LAN,MI,AGL,CE,Combined TRACON& Tower with Radar,2,43,38,2,85,0,0,59,0,59,2,43,97,2,144,30,0,30,174
03/20/2010,LAN,MI,AGL,CE,Combined TRACON& Tower with Radar,1,29,6,0,36,0,0,1,0,1,1,29,7,0,37,0,0,0,37
03/21/2010,LAN,MI,AGL,CE,Combined TRACON& Tower with Radar,4,24,59,1,88,0,0,17,6,23,4,24,76,7,111,0,0,0,111
03/22/2010,LAN,MI,AGL,CE,Combined TRACON& Tower with Radar,1,42,27,0,70,0,0,26,0,26,1,42,53,0,96,12,0,12,108
03/23/2010,LAN,MI,AGL,CE,Combined TRACON& Tower with Radar,4,47,42,3,96,0,0,41,3,44,4,47,83,6,140,32,2,34,174
03/24/2010,LAN,MI,AGL,CE,Combined TRACON& Tower with Radar,3,46,28,6,83,0,1,59,5,65,3,47,87,11,148,110,0,110,258
03/25/2010,LAN,MI,AGL,CE,Combined TRACON& Tower with Radar,4,43,40,6,93,0,2,18,2,22,4,45,58,8,115,24,0,24,139
03/26/2010,LAN,MI,AGL,CE,Combined TRACON& Tower with Radar,2,51,44,0,97,0,0,45,0,45,2,51,89,0,142,40,0,40,182
03/27/2010,LAN,MI,AGL,CE,Combined TRACON& Tower with Radar,3,33,15,0,51,0,0,30,0,30,3,33,45,0,81,18,0,18,99
03/28/2010,LAN,MI,AGL,CE,Combined TRACON& Tower with Radar,4,23,10,0,37,0,0,4,0,4,4,23,14,0,41,0,0,0,41
03/29/2010,LAN,MI,AGL,CE,Combined TRACON& Tower with Radar,2,35,21,0,58,0,0,16,0,16,2,35,37,0,74,38,0,38,112
03/30/2010,LAN,MI,AGL,CE,Combined TRACON& Tower with Radar,2,41,33,1,77,0,2,30,0,32,2,43,63,1,109,116,0,116,225
03/31/2010,LAN,MI,AGL,CE,Combined TRACON& Tower with Radar,2,48,37,1,88,0,3,80,2,85,2,51,117,3,173,100,0,100,273
04/01/2010,LAN,MI,AGL,CE,Combined TRACON& Tower with Radar,2,47,40,1,90,0,1,44,0,45,2,48,84,1,135,4,0,4,139
04/02/2010,LAN,MI,AGL,CE,Combined TRACON& Tower with Radar,0,0,0,0,0,0,0,0,0,0,0,0,0,0,0,16,0,16,16
04/03/2010,LAN,MI,AGL,CE,Combined TRACON& Tower with Radar,1,28,19,1,49,0,0,9,0,9,1,28,28,1,58,0,0,0,58
04/04/2010,LAN,MI,AGL,CE,Combined TRACON& Tower with Radar,0,0,0,0,0,0,0,0,0,0,0,0,0,0,0,0,0,0,0
04/05/2010,LAN,MI,AGL,CE,Combined TRACON& Tower with Radar,1,38,11,2,52,0,0,30,0,30,1,38,41,2,82,24,0,24,106
04/06/2010,LAN,MI,AGL,CE,Combined TRACON& Tower with Radar,2,41,12,4,59,0,0,0,1,1,2,41,12,5,60,0,0,0,60
04/07/2010,LAN,MI,AGL,CE,Combined TRACON& Tower with Radar,2,41,19,0,62,0,3,0,0,3,2,44,19,0,65,0,0,0,65
04/08/2010,LAN,MI,AGL,CE,Combined TRACON& Tower with Radar,2,44,15,11,72,0,2,4,2,8,2,46,19,13,80,0,0,0,80
04/09/2010,LAN,MI,AGL,CE,Combined TRACON& Tower with Radar,4,44,11,0,59,0,0,6,0,6,4,44,17,0,65,0,0,0,65
04/10/2010,LAN,MI,AGL,CE,Combined TRACON& Tower with Radar,2,34,16,13,65,0,0,34,0,34,2,34,50,13,99,10,0,10,109
04/11/2010,LAN,MI,AGL,CE,Combined TRACON& Tower with Radar,2,20,29,0,51,0,0,40,0,40,2,20,69,0,91,4,0,4,95
04/12/2010,LAN,MI,AGL,CE,Combined TRACON& Tower with Radar,1,38,38,2,79,0,0,59,0,59,1,38,97,2,138,54,0,54,192
04/13/2010,LAN,MI,AGL,CE,Combined TRACON& Tower with Radar,2,44,39,2,87,0,0,17,0,17,2,44,56,2,104,14,0,14,118
04/14/2010,LAN,MI,AGL,CE,Combined TRACON& Tower with Radar,4,58,47,0,109,0,3,58,0,61,4,61,105,0,170,64,0,64,234
04/15/2010,LAN,MI,AGL,CE,Combined TRACON& Tower with Radar,2,47,45,2,96,0,2,56,2,60,2,49,101,4,156,48,0,48,204
04/16/2010,LAN,MI,AGL,CE,Combined TRACON& Tower with Radar,2,50,34,3,89,0,0,34,0,34,2,50,68,3,123,67,0,67,190
04/17/2010,LAN,MI,AGL,CE,Combined TRACON& Tower with Radar,3,30,2,0,35,0,0,13,0,13,3,30,15,0,48,22,0,22,70
04/18/2010,LAN,MI,AGL,CE,Combined TRACON& Tower with Radar,0,0,0,0,0,0,0,0,0,0,0,0,0,0,0,16,0,16,16
04/19/2010,LAN,MI,AGL,CE,Combined TRACON& Tower with Radar,1,36,23,2,62,0,0,46,0,46,1,36,69,2,108,26,0,26,134
04/20/2010,LAN,MI,AGL,CE,Combined TRACON& Tower with Radar,2,56,31,10,99,0,0,37,0,37,2,56,68,10,136,79,0,79,215
04/21/2010,LAN,MI,AGL,CE,Combined TRACON& Tower with Radar,2,47,28,0,77,0,0,0,0,0,2,47,28,0,77,70,0,70,147
04/22/2010,LAN,MI,AGL,CE,Combined TRACON& Tower with Radar,2,47,47,2,98,0,0,52,3,55,2,47,99,5,153,42,0,42,195
04/23/2010,LAN,MI,AGL,CE,Combined TRACON& Tower with Radar,2,47,41,0,90,0,2,70,0,72,2,49,111,0,162,12,0,12,174
04/24/2010,LAN,MI,AGL,CE,Combined TRACON& Tower with Radar,1,29,27,0,57,0,0,4,0,4,1,29,31,0,61,6,0,6,67
04/25/2010,LAN,MI,AGL,CE,Combined TRACON& Tower with Radar,0,0,0,0,0,0,0,0,0,0,0,0,0,0,0,0,0,0,0
04/26/2010,LAN,MI,AGL,CE,Combined TRACON& Tower with Radar,1,36,28,6,71,0,1,19,0,20,1,37,47,6,91,39,0,39,130
04/27/2010,LAN,MI,AGL,CE,Combined TRACON& Tower with Radar,2,42,53,2,99,0,0,36,0,36,2,42,89,2,135,26,0,26,161
04/28/2010,LAN,MI,AGL,CE,Combined TRACON& Tower with Radar,2,46,33,1,82,0,0,50,0,50,2,46,83,1,132,6,0,6,138
04/29/2010,LAN,MI,AGL,CE,Combined TRACON& Tower with Radar,2,46,32,0,80,0,2,25,0,27,2,48,57,0,107,4,0,4,111
04/30/2010,LAN,MI,AGL,CE,Combined TRACON& Tower with Radar,2,47,27,10,86,0,0,32,0,32,2,47,59,10,118,12,2,14,132
05/01/2010,LAN,MI,AGL,CE,Combined TRACON& Tower with Radar,1,30,8,0,39,0,0,7,0,7,1,30,15,0,46,20,0,20,66
05/02/2010,LAN,MI,AGL,CE,Combined TRACON& Tower with Radar,2,23,15,0,40,0,0,3,0,3,2,23,18,0,43,0,0,0,43
05/03/2010,LAN,MI,AGL,CE,Combined TRACON& Tower with Radar,1,39,25,2,67,0,0,37,0,37,1,39,62,2,104,22,0,22,126
05/04/2010,LAN,MI,AGL,CE,Combined TRACON& Tower with Radar,2,44,35,2,83,0,0,33,0,33,2,44,68,2,116,10,0,10,126
05/05/2010,LAN,MI,AGL,CE,Combined TRACON& Tower with Radar,2,49,43,5,99,0,0,19,0,19,2,49,62,5,118,2,0,2,120
05/06/2010,LAN,MI,AGL,CE,Combined TRACON& Tower with Radar,2,44,44,2,92,0,2,49,2,53,2,46,93,4,145,42,0,42,187
05/07/2010,LAN,MI,AGL,CE,Combined TRACON& Tower with Radar,2,42,25,0,69,0,0,2,0,2,2,42,27,0,71,0,0,0,71
05/08/2010,LAN,MI,AGL,CE,Combined TRACON& Tower with Radar,2,35,4,2,43,0,0,6,0,6,2,35,10,2,49,0,0,0,49
05/09/2010,LAN,MI,AGL,CE,Combined TRACON& Tower with Radar,0,22,8,0,30,0,0,14,0,14,0,22,22,0,44,8,0,8,52
05/10/2010,LAN,MI,AGL,CE,Combined TRACON& Tower with Radar,1,38,24,2,65,0,0,61,0,61,1,38,85,2,126,35,0,35,161
05/11/2010,LAN,MI,AGL,CE,Combined TRACON& Tower with Radar,2,42,39,2,85,0,0,0,0,0,2,42,39,2,85,0,0,0,85
05/12/2010,LAN,MI,AGL,CE,Combined TRACON& Tower with Radar,3,48,55,0,106,0,0,5,0,5,3,48,60,0,111,24,0,24,135
05/13/2010,LAN,MI,AGL,CE,Combined TRACON& Tower with Radar,2,46,22,2,72,0,0,1,0,1,2,46,23,2,73,6,0,6,79
05/14/2010,LAN,MI,AGL,CE,Combined TRACON& Tower with Radar,1,47,37,2,87,0,0,31,0,31,1,47,68,2,118,48,0,48,166
05/15/2010,LAN,MI,AGL,CE,Combined TRACON& Tower with Radar,1,29,15,0,45,0,0,53,1,54,1,29,68,1,99,16,0,16,115
05/16/2010,LAN,MI,AGL,CE,Combined TRACON& Tower with Radar,2,19,25,0,46,0,0,34,0,34,2,19,59,0,80,10,0,10,90
05/17/2010,LAN,MI,AGL,CE,Combined TRACON& Tower with Radar,5,40,40,1,86,0,0,24,1,25,5,40,64,2,111,16,0,16,127
05/18/2010,LAN,MI,AGL,CE,Combined TRACON& Tower with Radar,2,45,46,0,93,0,0,12,0,12,2,45,58,0,105,20,0,20,125
05/19/2010,LAN,MI,AGL,CE,Combined TRACON& Tower with Radar,2,46,36,0,84,0,4,48,0,52,2,50,84,0,136,64,4,68,204
05/20/2010,LAN,MI,AGL,CE,Combined TRACON& Tower with Radar,2,47,43,4,96,0,0,61,3,64,2,47,104,7,160,50,0,50,210
05/21/2010,LAN,MI,AGL,CE,Combined TRACON& Tower with Radar,3,46,29,0,78,0,0,6,0,6,3,46,35,0,84,0,0,0,84
05/22/2010,LAN,MI,AGL,CE,Combined TRACON& Tower with Radar,3,33,28,0,64,0,0,7,0,7,3,33,35,0,71,0,0,0,71
05/23/2010,LAN,MI,AGL,CE,Combined TRACON& Tower with Radar,2,23,10,0,35,0,0,40,0,40,2,23,50,0,75,12,0,12,87
05/24/2010,LAN,MI,AGL,CE,Combined TRACON& Tower with Radar,4,40,28,4,76,0,0,46,0,46,4,40,74,4,122,47,0,47,169
05/25/2010,LAN,MI,AGL,CE,Combined TRACON& Tower with Radar,4,49,46,5,104,0,1,53,5,59,4,50,99,10,163,80,0,80,243
05/26/2010,LAN,MI,AGL,CE,Combined TRACON& Tower with Radar,2,46,59,1,108,0,0,100,0,100,2,46,159,1,208,32,0,32,240
05/27/2010,LAN,MI,AGL,CE,Combined TRACON& Tower with Radar,2,48,31,2,83,0,0,56,7,63,2,48,87,9,146,22,0,22,168
05/28/2010,LAN,MI,AGL,CE,Combined TRACON& Tower with Radar,2,48,26,0,76,0,0,24,0,24,2,48,50,0,100,36,0,36,136
05/29/2010,LAN,MI,AGL,CE,Combined TRACON& Tower with Radar,3,31,23,0,57,0,0,30,0,30,3,31,53,0,87,44,0,44,131
05/30/2010,LAN,MI,AGL,CE,Combined TRACON& Tower with Radar,0,18,10,0,28,0,0,26,0,26,0,18,36,0,54,22,0,22,76
05/31/2010,LAN,MI,AGL,CE,Combined TRACON& Tower with Radar,1,18,12,0,31,0,0,20,0,20,1,18,32,0,51,24,0,24,75
06/01/2010,LAN,MI,AGL,CE,Combined TRACON& Tower with Radar,6,42,28,3,79,0,0,24,1,25,6,42,52,4,104,60,0,60,164
06/02/2010,LAN,MI,AGL,CE,Combined TRACON& Tower with Radar,2,40,20,1,63,0,1,5,1,7,2,41,25,2,70,12,0,12,82
06/03/2010,LAN,MI,AGL,CE,Combined TRACON& Tower with Radar,6,54,60,4,124,0,3,18,0,21,6,57,78,4,145,30,0,30,175
06/04/2010,LAN,MI,AGL,CE,Combined TRACON& Tower with Radar,2,58,63,6,129,0,0,32,10,42,2,58,95,16,171,20,0,20,191
06/05/2010,LAN,MI,AGL,CE,Combined TRACON& Tower with Radar,4,31,32,2,69,0,0,24,0,24,4,31,56,2,93,43,0,43,136
06/06/2010,LAN,MI,AGL,CE,Combined TRACON& Tower with Radar,1,22,13,0,36,0,0,9,0,9,1,22,22,0,45,0,0,0,45
06/07/2010,LAN,MI,AGL,CE,Combined TRACON& Tower with Radar,3,36,29,0,68,0,0,40,2,42,3,36,69,2,110,58,0,58,168
06/08/2010,LAN,MI,AGL,CE,Combined TRACON& Tower with Radar,2,42,46,2,92,0,0,21,4,25,2,42,67,6,117,46,0,46,163
06/09/2010,LAN,MI,AGL,CE,Combined TRACON& Tower with Radar,2,47,44,1,94,0,0,21,1,22,2,47,65,2,116,16,0,16,132
06/10/2010,LAN,MI,AGL,CE,Combined TRACON& Tower with Radar,2,47,56,4,109,0,1,46,2,49,2,48,102,6,158,34,0,34,192
06/11/2010,LAN,MI,AGL,CE,Combined TRACON& Tower with Radar,2,46,25,0,73,0,0,26,0,26,2,46,51,0,99,44,0,44,143
06/12/2010,LAN,MI,AGL,CE,Combined TRACON& Tower with Radar,1,28,31,0,60,0,0,4,0,4,1,28,35,0,64,26,0,26,90
06/13/2010,LAN,MI,AGL,CE,Combined TRACON& Tower with Radar,0,20,20,0,40,0,0,9,0,9,0,20,29,0,49,32,0,32,81
06/14/2010,LAN,MI,AGL,CE,Combined TRACON& Tower with Radar,1,31,31,2,65,0,0,12,0,12,1,31,43,2,77,42,0,42,119
06/15/2010,LAN,MI,AGL,CE,Combined TRACON& Tower with Radar,2,43,30,2,77,0,0,10,0,10,2,43,40,2,87,26,0,26,113
06/16/2010,LAN,MI,AGL,CE,Combined TRACON& Tower with Radar,2,41,46,2,91,0,0,13,0,13,2,41,59,2,104,18,0,18,122
06/17/2010,LAN,MI,AGL,CE,Combined TRACON& Tower with Radar,2,41,46,2,91,0,4,64,0,68,2,45,110,2,159,6,0,6,165
06/18/2010,LAN,MI,AGL,CE,Combined TRACON& Tower with Radar,2,45,23,1,71,0,0,15,0,15,2,45,38,1,86,0,0,0,86
06/19/2010,LAN,MI,AGL,CE,Combined TRACON& Tower with Radar,1,31,11,0,43,0,0,18,0,18,1,31,29,0,61,59,0,59,120
06/20/2010,LAN,MI,AGL,CE,Combined TRACON& Tower with Radar,0,23,11,1,35,0,0,43,0,43,0,23,54,1,78,24,0,24,102
06/21/2010,LAN,MI,AGL,CE,Combined TRACON& Tower with Radar,1,35,34,0,70,0,0,57,0,57,1,35,91,0,127,58,0,58,185
06/22/2010,LAN,MI,AGL,CE,Combined TRACON& Tower with Radar,2,47,38,4,91,0,0,23,0,23,2,47,61,4,114,47,0,47,161
06/23/2010,LAN,MI,AGL,CE,Combined TRACON& Tower with Radar,2,52,32,0,86,0,2,12,0,14,2,54,44,0,100,8,0,8,108
06/24/2010,LAN,MI,AGL,CE,Combined TRACON& Tower with Radar,14,50,43,4,111,0,0,43,7,50,14,50,86,11,161,10,0,10,171
06/25/2010,LAN,MI,AGL,CE,Combined TRACON& Tower with Radar,2,52,23,0,77,0,0,40,0,40,2,52,63,0,117,12,0,12,129
06/26/2010,LAN,MI,AGL,CE,Combined TRACON& Tower with Radar,1,35,6,0,42,0,0,10,0,10,1,35,16,0,52,0,0,0,52
06/27/2010,LAN,MI,AGL,CE,Combined TRACON& Tower with Radar,2,22,6,0,30,0,0,4,0,4,2,22,10,0,34,0,0,0,34
06/28/2010,LAN,MI,AGL,CE,Combined TRACON& Tower with Radar,1,36,45,0,82,0,0,31,0,31,1,36,76,0,113,46,0,46,159
06/29/2010,LAN,MI,AGL,CE,Combined TRACON& Tower with Radar,2,45,40,2,89,0,0,35,0,35,2,45,75,2,124,10,0,10,134
06/30/2010,LAN,MI,AGL,CE,Combined TRACON& Tower with Radar,2,49,35,1,87,0,2,37,1,40,2,51,72,2,127,26,0,26,153
07/01/2010,LAN,MI,AGL,CE,Combined TRACON& Tower with Radar,4,46,22,1,73,0,0,33,1,34,4,46,55,2,107,49,0,49,156
07/02/2010,LAN,MI,AGL,CE,Combined TRACON& Tower with Radar,2,47,9,1,59,0,0,44,0,44,2,47,53,1,103,66,0,66,169
07/03/2010,LAN,MI,AGL,CE,Combined TRACON& Tower with Radar,1,30,7,0,38,0,0,17,0,17,1,30,24,0,55,4,0,4,59
07/04/2010,LAN,MI,AGL,CE,Combined TRACON& Tower with Radar,2,19,43,0,64,0,0,16,0,16,2,19,59,0,80,4,0,4,84
07/05/2010,LAN,MI,AGL,CE,Combined TRACON& Tower with Radar,1,22,7,0,30,0,0,11,0,11,1,22,18,0,41,0,0,0,41
07/06/2010,LAN,MI,AGL,CE,Combined TRACON& Tower with Radar,4,39,24,0,67,0,0,30,0,30,4,39,54,0,97,42,0,42,139
07/07/2010,LAN,MI,AGL,CE,Combined TRACON& Tower with Radar,2,43,26,0,71,0,2,34,0,36,2,45,60,0,107,28,0,28,135
07/08/2010,LAN,MI,AGL,CE,Combined TRACON& Tower with Radar,2,45,25,0,72,0,0,8,0,8,2,45,33,0,80,40,0,40,120
07/09/2010,LAN,MI,AGL,CE,Combined TRACON& Tower with Radar,2,51,30,14,97,0,0,29,0,29,2,51,59,14,126,27,12,39,165
07/10/2010,LAN,MI,AGL,CE,Combined TRACON& Tower with Radar,1,31,6,0,38,0,0,30,0,30,1,31,36,0,68,14,0,14,82
07/11/2010,LAN,MI,AGL,CE,Combined TRACON& Tower with Radar,0,21,9,0,30,0,0,19,0,19,0,21,28,0,49,2,0,2,51
07/12/2010,LAN,MI,AGL,CE,Combined TRACON& Tower with Radar,1,35,38,0,74,0,2,20,0,22,1,37,58,0,96,66,0,66,162
07/13/2010,LAN,MI,AGL,CE,Combined TRACON& Tower with Radar,4,47,63,0,114,0,0,17,0,17,4,47,80,0,131,52,0,52,183
07/14/2010,LAN,MI,AGL,CE,Combined TRACON& Tower with Radar,2,44,19,0,65,0,2,47,0,49,2,46,66,0,114,42,0,42,156
07/15/2010,LAN,MI,AGL,CE,Combined TRACON& Tower with Radar,4,55,25,2,86,0,0,7,3,10,4,55,32,5,96,0,0,0,96
07/16/2010,LAN,MI,AGL,CE,Combined TRACON& Tower with Radar,4,46,27,0,77,0,0,37,0,37,4,46,64,0,114,14,0,14,128
07/17/2010,LAN,MI,AGL,CE,Combined TRACON& Tower with Radar,3,28,18,0,49,0,0,12,0,12,3,28,30,0,61,14,0,14,75
07/18/2010,LAN,MI,AGL,CE,Combined TRACON& Tower with Radar,0,23,18,0,41,0,0,7,0,7,0,23,25,0,48,30,0,30,78
07/19/2010,LAN,MI,AGL,CE,Combined TRACON& Tower with Radar,1,35,72,0,108,0,0,39,0,39,1,35,111,0,147,26,0,26,173
07/20/2010,LAN,MI,AGL,CE,Combined TRACON& Tower with Radar,2,44,57,4,107,0,0,22,0,22,2,44,79,4,129,86,0,86,215
07/21/2010,LAN,MI,AGL,CE,Combined TRACON& Tower with Radar,2,43,50,0,95,0,0,61,0,61,2,43,111,0,156,30,0,30,186
07/22/2010,LAN,MI,AGL,CE,Combined TRACON& Tower with Radar,2,44,34,0,80,0,0,26,0,26,2,44,60,0,106,22,0,22,128
07/23/2010,LAN,MI,AGL,CE,Combined TRACON& Tower with Radar,2,49,18,0,69,0,0,17,0,17,2,49,35,0,86,14,0,14,100
07/24/2010,LAN,MI,AGL,CE,Combined TRACON& Tower with Radar,1,27,9,0,37,0,0,4,0,4,1,27,13,0,41,22,0,22,63
07/25/2010,LAN,MI,AGL,CE,Combined TRACON& Tower with Radar,0,22,26,0,48,0,0,32,0,32,0,22,58,0,80,8,0,8,88
07/26/2010,LAN,MI,AGL,CE,Combined TRACON& Tower with Radar,1,36,43,2,82,0,0,60,1,61,1,36,103,3,143,104,0,104,247
07/27/2010,LAN,MI,AGL,CE,Combined TRACON& Tower with Radar,2,45,31,2,80,0,0,57,0,57,2,45,88,2,137,84,0,84,221
07/28/2010,LAN,MI,AGL,CE,Combined TRACON& Tower with Radar,5,46,28,4,83,0,2,20,0,22,5,48,48,4,105,2,0,2,107
07/29/2010,LAN,MI,AGL,CE,Combined TRACON& Tower with Radar,2,47,33,0,82,0,0,55,0,55,2,47,88,0,137,20,0,20,157
07/30/2010,LAN,MI,AGL,CE,Combined TRACON& Tower with Radar,2,51,24,0,77,0,0,37,0,37,2,51,61,0,114,42,0,42,156
07/31/2010,LAN,MI,AGL,CE,Combined TRACON& Tower with Radar,1,30,20,0,51,0,0,14,0,14,1,30,34,0,65,4,0,4,69
08/01/2010,LAN,MI,AGL,CE,Combined TRACON& Tower with Radar,0,20,16,0,36,0,0,22,0,22,0,20,38,0,58,0,0,0,58
08/02/2010,LAN,MI,AGL,CE,Combined TRACON& Tower with Radar,1,41,17,2,61,0,0,51,0,51,1,41,68,2,112,58,0,58,170
08/03/2010,LAN,MI,AGL,CE,Combined TRACON& Tower with Radar,2,47,33,0,82,0,0,30,0,30,2,47,63,0,112,30,0,30,142
08/04/2010,LAN,MI,AGL,CE,Combined TRACON& Tower with Radar,2,48,41,2,93,0,4,23,0,27,2,52,64,2,120,2,0,2,122
08/05/2010,LAN,MI,AGL,CE,Combined TRACON& Tower with Radar,2,40,55,2,99,0,7,49,1,57,2,47,104,3,156,0,0,0,156
08/06/2010,LAN,MI,AGL,CE,Combined TRACON& Tower with Radar,6,43,26,0,75,4,0,28,0,32,10,43,54,0,107,30,0,30,137
08/07/2010,LAN,MI,AGL,CE,Combined TRACON& Tower with Radar,1,29,19,2,51,0,0,20,4,24,1,29,39,6,75,0,0,0,75
08/08/2010,LAN,MI,AGL,CE,Combined TRACON& Tower with Radar,0,18,10,0,28,0,0,21,0,21,0,18,31,0,49,2,0,2,51
08/09/2010,LAN,MI,AGL,CE,Combined TRACON& Tower with Radar,1,35,19,2,57,0,0,15,0,15,1,35,34,2,72,0,0,0,72
08/10/2010,LAN,MI,AGL,CE,Combined TRACON& Tower with Radar,2,47,45,2,96,0,0,27,0,27,2,47,72,2,123,10,0,10,133
08/11/2010,LAN,MI,AGL,CE,Combined TRACON& Tower with Radar,2,52,27,1,82,0,0,10,0,10,2,52,37,1,92,16,0,16,108
08/12/2010,LAN,MI,AGL,CE,Combined TRACON& Tower with Radar,2,42,34,2,80,0,0,11,0,11,2,42,45,2,91,12,0,12,103
08/13/2010,LAN,MI,AGL,CE,Combined TRACON& Tower with Radar,2,47,32,0,81,0,0,24,0,24,2,47,56,0,105,44,0,44,149
08/14/2010,LAN,MI,AGL,CE,Combined TRACON& Tower with Radar,1,32,9,2,44,0,0,16,0,16,1,32,25,2,60,14,0,14,74
08/15/2010,LAN,MI,AGL,CE,Combined TRACON& Tower with Radar,0,16,19,0,35,0,0,12,0,12,0,16,31,0,47,0,0,0,47
08/16/2010,LAN,MI,AGL,CE,Combined TRACON& Tower with Radar,11,42,25,2,80,1,0,36,0,37,12,42,61,2,117,30,0,30,147
08/17/2010,LAN,MI,AGL,CE,Combined TRACON& Tower with Radar,7,48,35,2,92,0,0,35,0,35,7,48,70,2,127,8,0,8,135
08/18/2010,LAN,MI,AGL,CE,Combined TRACON& Tower with Radar,2,49,26,2,79,0,2,37,0,39,2,51,63,2,118,24,0,24,142
08/19/2010,LAN,MI,AGL,CE,Combined TRACON& Tower with Radar,2,45,21,1,69,0,0,39,0,39,2,45,60,1,108,20,0,20,128
08/20/2010,LAN,MI,AGL,CE,Combined TRACON& Tower with Radar,2,52,17,2,73,0,0,18,0,18,2,52,35,2,91,6,0,6,97
08/21/2010,LAN,MI,AGL,CE,Combined TRACON& Tower with Radar,1,31,10,0,42,0,0,10,0,10,1,31,20,0,52,10,0,10,62
08/22/2010,LAN,MI,AGL,CE,Combined TRACON& Tower with Radar,0,21,10,0,31,0,0,21,0,21,0,21,31,0,52,0,0,0,52
08/23/2010,LAN,MI,AGL,CE,Combined TRACON& Tower with Radar,1,40,35,0,76,0,0,21,0,21,1,40,56,0,97,80,0,80,177
08/24/2010,LAN,MI,AGL,CE,Combined TRACON& Tower with Radar,4,53,35,3,95,0,0,18,1,19,4,53,53,4,114,38,0,38,152
08/25/2010,LAN,MI,AGL,CE,Combined TRACON& Tower with Radar,2,49,28,5,84,0,5,38,0,43,2,54,66,5,127,34,0,34,161
08/26/2010,LAN,MI,AGL,CE,Combined TRACON& Tower with Radar,2,47,46,9,104,0,5,35,1,41,2,52,81,10,145,22,0,22,167
08/27/2010,LAN,MI,AGL,CE,Combined TRACON& Tower with Radar,4,48,45,1,98,0,3,77,2,82,4,51,122,3,180,18,0,18,198
08/28/2010,LAN,MI,AGL,CE,Combined TRACON& Tower with Radar,1,29,9,0,39,0,0,39,0,39,1,29,48,0,78,14,0,14,92
08/29/2010,LAN,MI,AGL,CE,Combined TRACON& Tower with Radar,0,18,20,0,38,0,0,29,0,29,0,18,49,0,67,2,0,2,69
08/30/2010,LAN,MI,AGL,CE,Combined TRACON& Tower with Radar,1,35,19,0,55,0,1,36,0,37,1,36,55,0,92,52,0,52,144
08/31/2010,LAN,MI,AGL,CE,Combined TRACON& Tower with Radar,2,43,40,0,85,0,0,31,0,31,2,43,71,0,116,36,0,36,152
09/01/2010,LAN,MI,AGL,CE,Combined TRACON& Tower with Radar,2,46,31,4,83,0,0,17,0,17,2,46,48,4,100,10,0,10,110
09/02/2010,LAN,MI,AGL,CE,Combined TRACON& Tower with Radar,3,45,37,2,87,0,0,4,0,4,3,45,41,2,91,0,0,0,91
09/03/2010,LAN,MI,AGL,CE,Combined TRACON& Tower with Radar,3,50,24,0,77,0,0,8,0,8,3,50,32,0,85,8,0,8,93
09/04/2010,LAN,MI,AGL,CE,Combined TRACON& Tower with Radar,1,36,7,0,44,0,0,4,0,4,1,36,11,0,48,0,0,0,48
09/05/2010,LAN,MI,AGL,CE,Combined TRACON& Tower with Radar,0,15,15,0,30,0,1,15,0,16,0,16,30,0,46,25,0,25,71
09/06/2010,LAN,MI,AGL,CE,Combined TRACON& Tower with Radar,3,18,11,0,32,0,0,5,0,5,3,18,16,0,37,0,0,0,37
09/07/2010,LAN,MI,AGL,CE,Combined TRACON& Tower with Radar,5,37,18,0,60,0,0,13,0,13,5,37,31,0,73,6,0,6,79
09/08/2010,LAN,MI,AGL,CE,Combined TRACON& Tower with Radar,1,46,37,2,86,0,0,60,0,60,1,46,97,2,146,18,0,18,164
09/09/2010,LAN,MI,AGL,CE,Combined TRACON& Tower with Radar,3,49,44,0,96,0,0,50,0,50,3,49,94,0,146,31,0,31,177
09/10/2010,LAN,MI,AGL,CE,Combined TRACON& Tower with Radar,4,51,46,2,103,0,0,62,0,62,4,51,108,2,165,56,0,56,221
09/11/2010,LAN,MI,AGL,CE,Combined TRACON& Tower with Radar,1,36,21,2,60,0,0,13,0,13,1,36,34,2,73,6,0,6,79
09/12/2010,LAN,MI,AGL,CE,Combined TRACON& Tower with Radar,0,24,18,0,42,0,0,31,0,31,0,24,49,0,73,6,0,6,79
09/13/2010,LAN,MI,AGL,CE,Combined TRACON& Tower with Radar,0,36,27,4,67,0,2,53,0,55,0,38,80,4,122,48,0,48,170
09/14/2010,LAN,MI,AGL,CE,Combined TRACON& Tower with Radar,2,48,64,0,114,0,0,38,0,38,2,48,102,0,152,28,0,28,180
09/15/2010,LAN,MI,AGL,CE,Combined TRACON& Tower with Radar,2,50,43,1,96,0,0,70,1,71,2,50,113,2,167,98,0,98,265
09/16/2010,LAN,MI,AGL,CE,Combined TRACON& Tower with Radar,2,48,29,2,81,0,0,3,0,3,2,48,32,2,84,6,0,6,90
09/17/2010,LAN,MI,AGL,CE,Combined TRACON& Tower with Radar,2,52,38,2,94,0,0,52,0,52,2,52,90,2,146,64,0,64,210
09/18/2010,LAN,MI,AGL,CE,Combined TRACON& Tower with Radar,1,34,18,0,53,0,0,6,0,6,1,34,24,0,59,0,0,0,59
09/19/2010,LAN,MI,AGL,CE,Combined TRACON& Tower with Radar,0,29,43,0,72,0,0,49,0,49,0,29,92,0,121,2,0,2,123
09/20/2010,LAN,MI,AGL,CE,Combined TRACON& Tower with Radar,1,39,44,2,86,0,0,30,0,30,1,39,74,2,116,84,0,84,200
09/21/2010,LAN,MI,AGL,CE,Combined TRACON& Tower with Radar,2,46,38,0,86,0,0,18,0,18,2,46,56,0,104,26,0,26,130
09/22/2010,LAN,MI,AGL,CE,Combined TRACON& Tower with Radar,2,53,39,0,94,0,0,5,0,5,2,53,44,0,99,0,0,0,99
09/23/2010,LAN,MI,AGL,CE,Combined TRACON& Tower with Radar,2,48,33,0,83,0,2,17,0,19,2,50,50,0,102,0,0,0,102
09/24/2010,LAN,MI,AGL,CE,Combined TRACON& Tower with Radar,4,43,17,0,64,0,0,5,0,5,4,43,22,0,69,0,0,0,69
09/25/2010,LAN,MI,AGL,CE,Combined TRACON& Tower with Radar,1,29,33,0,63,0,0,9,0,9,1,29,42,0,72,24,0,24,96
09/26/2010,LAN,MI,AGL,CE,Combined TRACON& Tower with Radar,0,23,12,0,35,0,0,13,0,13,0,23,25,0,48,10,0,10,58
09/27/2010,LAN,MI,AGL,CE,Combined TRACON& Tower with Radar,1,42,24,2,69,0,0,22,0,22,1,42,46,2,91,0,0,0,91
09/28/2010,LAN,MI,AGL,CE,Combined TRACON& Tower with Radar,2,46,26,3,77,0,2,7,1,10,2,48,33,4,87,0,0,0,87
09/29/2010,LAN,MI,AGL,CE,Combined TRACON& Tower with Radar,2,49,37,2,90,0,2,55,1,58,2,51,92,3,148,8,0,8,156
09/30/2010,LAN,MI,AGL,CE,Combined TRACON& Tower with Radar,2,51,52,4,109,0,0,37,2,39,2,51,89,6,148,14,0,14,162
10/01/2010,LAN,MI,AGL,CE,Combined TRACON& Tower with Radar,6,47,24,2,79,0,0,29,4,33,6,47,53,6,112,42,0,42,154
10/02/2010,LAN,MI,AGL,CE,Combined TRACON& Tower with Radar,3,34,12,0,49,0,0,4,0,4,3,34,16,0,53,0,0,0,53
10/03/2010,LAN,MI,AGL,CE,Combined TRACON& Tower with Radar,0,24,30,2,56,0,0,17,0,17,0,24,47,2,73,2,0,2,75
10/04/2010,LAN,MI,AGL,CE,Combined TRACON& Tower with Radar,1,41,26,0,68,0,1,19,0,20,1,42,45,0,88,30,0,30,118
10/05/2010,LAN,MI,AGL,CE,Combined TRACON& Tower with Radar,2,43,24,0,69,0,0,31,0,31,2,43,55,0,100,44,0,44,144
10/06/2010,LAN,MI,AGL,CE,Combined TRACON& Tower with Radar,2,44,31,2,79,0,1,40,0,41,2,45,71,2,120,50,0,50,170
10/07/2010,LAN,MI,AGL,CE,Combined TRACON& Tower with Radar,2,44,25,2,73,0,2,23,0,25,2,46,48,2,98,18,0,18,116
10/08/2010,LAN,MI,AGL,CE,Combined TRACON& Tower with Radar,5,42,32,2,81,0,0,62,3,65,5,42,94,5,146,30,0,30,176
10/09/2010,LAN,MI,AGL,CE,Combined TRACON& Tower with Radar,4,36,5,2,47,0,0,33,0,33,4,36,38,2,80,12,0,12,92
10/10/2010,LAN,MI,AGL,CE,Combined TRACON& Tower with Radar,0,21,15,0,36,0,0,36,0,36,0,21,51,0,72,32,0,32,104
10/11/2010,LAN,MI,AGL,CE,Combined TRACON& Tower with Radar,3,39,18,0,60,0,0,21,0,21,3,39,39,0,81,72,0,72,153
10/12/2010,LAN,MI,AGL,CE,Combined TRACON& Tower with Radar,4,46,24,0,74,0,0,38,0,38,4,46,62,0,112,21,0,21,133
10/13/2010,LAN,MI,AGL,CE,Combined TRACON& Tower with Radar,2,48,28,2,80,0,0,8,0,8,2,48,36,2,88,2,0,2,90
10/14/2010,LAN,MI,AGL,CE,Combined TRACON& Tower with Radar,2,46,29,0,77,0,1,43,0,44,2,47,72,0,121,28,0,28,149
10/15/2010,LAN,MI,AGL,CE,Combined TRACON& Tower with Radar,3,48,30,2,83,0,0,44,0,44,3,48,74,2,127,65,6,71,198
10/16/2010,LAN,MI,AGL,CE,Combined TRACON& Tower with Radar,2,34,15,0,51,0,0,23,0,23,2,34,38,0,74,14,0,14,88
10/17/2010,LAN,MI,AGL,CE,Combined TRACON& Tower with Radar,0,27,9,0,36,0,0,50,0,50,0,27,59,0,86,0,0,0,86
10/18/2010,LAN,MI,AGL,CE,Combined TRACON& Tower with Radar,1,34,22,2,59,0,0,30,0,30,1,34,52,2,89,136,0,136,225
10/19/2010,LAN,MI,AGL,CE,Combined TRACON& Tower with Radar,2,45,28,0,75,0,0,37,2,39,2,45,65,2,114,106,0,106,220
10/20/2010,LAN,MI,AGL,CE,Combined TRACON& Tower with Radar,2,45,27,2,76,0,3,25,0,28,2,48,52,2,104,34,0,34,138
10/21/2010,LAN,MI,AGL,CE,Combined TRACON& Tower with Radar,1,47,26,2,76,0,0,19,0,19,1,47,45,2,95,22,0,22,117
10/22/2010,LAN,MI,AGL,CE,Combined TRACON& Tower with Radar,2,45,38,3,88,0,0,71,0,71,2,45,109,3,159,68,0,68,227
10/23/2010,LAN,MI,AGL,CE,Combined TRACON& Tower with Radar,1,28,13,0,42,0,1,9,0,10,1,29,22,0,52,22,0,22,74
10/24/2010,LAN,MI,AGL,CE,Combined TRACON& Tower with Radar,0,27,8,0,35,0,0,10,0,10,0,27,18,0,45,10,0,10,55
10/25/2010,LAN,MI,AGL,CE,Combined TRACON& Tower with Radar,2,38,27,3,70,0,1,8,0,9,2,39,35,3,79,45,0,45,124
10/26/2010,LAN,MI,AGL,CE,Combined TRACON& Tower with Radar,2,37,11,2,52,0,0,4,0,4,2,37,15,2,56,4,0,4,60
10/27/2010,LAN,MI,AGL,CE,Combined TRACON& Tower with Radar,2,42,4,0,48,0,2,2,0,4,2,44,6,0,52,4,0,4,56
10/28/2010,LAN,MI,AGL,CE,Combined TRACON& Tower with Radar,4,46,14,4,68,0,0,10,0,10,4,46,24,4,78,0,0,0,78
10/29/2010,LAN,MI,AGL,CE,Combined TRACON& Tower with Radar,4,47,37,2,90,0,3,38,0,41,4,50,75,2,131,86,0,86,217
10/30/2010,LAN,MI,AGL,CE,Combined TRACON& Tower with Radar,3,33,3,0,39,0,2,38,1,41,3,35,41,1,80,8,0,8,88
10/31/2010,LAN,MI,AGL,CE,Combined TRACON& Tower with Radar,0,22,11,0,33,0,1,22,1,24,0,23,33,1,57,86,0,86,143
11/01/2010,LAN,MI,AGL,CE,Combined TRACON& Tower with Radar,1,37,30,4,72,0,4,28,2,34,1,41,58,6,106,0,0,0,106
11/02/2010,LAN,MI,AGL,CE,Combined TRACON& Tower with Radar,2,42,44,3,91,0,0,34,0,34,2,42,78,3,125,108,0,108,233
11/03/2010,LAN,MI,AGL,CE,Combined TRACON& Tower with Radar,2,41,26,0,69,0,0,36,2,38,2,41,62,2,107,122,0,122,229
11/04/2010,LAN,MI,AGL,CE,Combined TRACON& Tower with Radar,2,40,27,4,73,0,0,12,0,12,2,40,39,4,85,80,0,80,165
11/05/2010,LAN,MI,AGL,CE,Combined TRACON& Tower with Radar,3,45,18,0,66,0,0,7,0,7,3,45,25,0,73,20,0,20,93
11/06/2010,LAN,MI,AGL,CE,Combined TRACON& Tower with Radar,2,31,20,0,53,0,4,44,3,51,2,35,64,3,104,0,0,0,104
11/07/2010,LAN,MI,AGL,CE,Combined TRACON& Tower with Radar,0,25,11,4,40,0,5,21,3,29,0,30,32,7,69,0,0,0,69
11/08/2010,LAN,MI,AGL,CE,Combined TRACON& Tower with Radar,1,39,20,0,60,0,5,18,0,23,1,44,38,0,83,6,0,6,89
11/09/2010,LAN,MI,AGL,CE,Combined TRACON& Tower with Radar,2,43,24,4,73,0,0,43,1,44,2,43,67,5,117,156,0,156,273
11/10/2010,LAN,MI,AGL,CE,Combined TRACON& Tower with Radar,2,41,24,0,67,0,0,16,0,16,2,41,40,0,83,68,0,68,151
11/11/2010,LAN,MI,AGL,CE,Combined TRACON& Tower with Radar,7,49,22,0,78,0,2,23,0,25,7,51,45,0,103,83,0,83,186
11/12/2010,LAN,MI,AGL,CE,Combined TRACON& Tower with Radar,3,47,36,0,86,0,1,30,0,31,3,48,66,0,117,114,0,114,231
11/13/2010,LAN,MI,AGL,CE,Combined TRACON& Tower with Radar,4,35,37,0,76,0,0,15,0,15,4,35,52,0,91,49,0,49,140
11/14/2010,LAN,MI,AGL,CE,Combined TRACON& Tower with Radar,1,25,9,2,37,0,2,12,0,14,1,27,21,2,51,0,0,0,51
11/15/2010,LAN,MI,AGL,CE,Combined TRACON& Tower with Radar,1,40,20,4,65,0,0,32,0,32,1,40,52,4,97,38,0,38,135
11/16/2010,LAN,MI,AGL,CE,Combined TRACON& Tower with Radar,2,48,36,0,86,0,1,22,0,23,2,49,58,0,109,38,0,38,147
11/17/2010,LAN,MI,AGL,CE,Combined TRACON& Tower with Radar,2,41,39,2,84,0,3,29,0,32,2,44,68,2,116,0,0,0,116
11/18/2010,LAN,MI,AGL,CE,Combined TRACON& Tower with Radar,2,45,38,0,85,0,0,17,0,17,2,45,55,0,102,52,0,52,154
11/19/2010,LAN,MI,AGL,CE,Combined TRACON& Tower with Radar,2,49,33,0,84,0,0,24,0,24,2,49,57,0,108,24,0,24,132
11/20/2010,LAN,MI,AGL,CE,Combined TRACON& Tower with Radar,4,36,34,0,74,0,0,34,2,36,4,36,68,2,110,0,0,0,110
11/21/2010,LAN,MI,AGL,CE,Combined TRACON& Tower with Radar,0,22,8,0,30,0,1,8,0,9,0,23,16,0,39,6,0,6,45
11/22/2010,LAN,MI,AGL,CE,Combined TRACON& Tower with Radar,2,31,17,0,50,0,0,3,0,3,2,31,20,0,53,6,0,6,59
11/23/2010,LAN,MI,AGL,CE,Combined TRACON& Tower with Radar,4,46,14,0,64,0,0,9,0,9,4,46,23,0,73,4,0,4,77
11/24/2010,LAN,MI,AGL,CE,Combined TRACON& Tower with Radar,5,46,19,0,70,0,2,31,0,33,5,48,50,0,103,26,0,26,129
11/25/2010,LAN,MI,AGL,CE,Combined TRACON& Tower with Radar,0,20,2,0,22,0,0,1,0,1,0,20,3,0,23,0,0,0,23
11/26/2010,LAN,MI,AGL,CE,Combined TRACON& Tower with Radar,4,31,0,0,35,0,0,9,0,9,4,31,9,0,44,0,0,0,44
11/27/2010,LAN,MI,AGL,CE,Combined TRACON& Tower with Radar,3,37,10,0,50,0,1,11,0,12,3,38,21,0,62,0,0,0,62
11/28/2010,LAN,MI,AGL,CE,Combined TRACON& Tower with Radar,2,28,12,0,42,0,0,42,0,42,2,28,54,0,84,26,0,26,110
11/29/2010,LAN,MI,AGL,CE,Combined TRACON& Tower with Radar,4,41,11,0,56,0,0,21,0,21,4,41,32,0,77,32,0,32,109
11/30/2010,LAN,MI,AGL,CE,Combined TRACON& Tower with Radar,12,53,16,2,83,0,1,1,0,2,12,54,17,2,85,0,0,0,85
12/01/2010,LAN,MI,AGL,CE,Combined TRACON& Tower with Radar,5,48,27,0,80,0,3,3,0,6,5,51,30,0,86,16,0,16,102
12/02/2010,LAN,MI,AGL,CE,Combined TRACON& Tower with Radar,7,48,20,0,75,0,0,0,0,0,7,48,20,0,75,0,0,0,75
12/03/2010,LAN,MI,AGL,CE,Combined TRACON& Tower with Radar,4,50,17,2,73,0,3,24,0,27,4,53,41,2,100,16,0,16,116
12/04/2010,LAN,MI,AGL,CE,Combined TRACON& Tower with Radar,3,32,22,4,61,0,1,40,0,41,3,33,62,4,102,0,0,0,102
12/05/2010,LAN,MI,AGL,CE,Combined TRACON& Tower with Radar,2,21,6,0,29,0,0,3,0,3,2,21,9,0,32,0,0,0,32
12/06/2010,LAN,MI,AGL,CE,Combined TRACON& Tower with Radar,6,40,9,0,55,0,3,5,0,8,6,43,14,0,63,25,0,25,88
12/07/2010,LAN,MI,AGL,CE,Combined TRACON& Tower with Radar,4,48,13,1,66,0,1,4,0,5,4,49,17,1,71,8,0,8,79
12/08/2010,LAN,MI,AGL,CE,Combined TRACON& Tower with Radar,6,50,25,1,82,0,1,9,0,10,6,51,34,1,92,20,6,26,118
12/09/2010,LAN,MI,AGL,CE,Combined TRACON& Tower with Radar,10,49,22,2,83,0,0,30,1,31,10,49,52,3,114,0,0,0,114
12/10/2010,LAN,MI,AGL,CE,Combined TRACON& Tower with Radar,3,48,20,2,73,0,0,4,0,4,3,48,24,2,77,44,0,44,121
12/11/2010,LAN,MI,AGL,CE,Combined TRACON& Tower with Radar,1,29,7,0,37,0,0,4,0,4,1,29,11,0,41,0,0,0,41
12/12/2010,LAN,MI,AGL,CE,Combined TRACON& Tower with Radar,0,4,3,0,7,0,0,0,0,0,0,4,3,0,7,0,0,0,7
12/13/2010,LAN,MI,AGL,CE,Combined TRACON& Tower with Radar,2,36,13,0,51,0,2,6,0,8,2,38,19,0,59,0,0,0,59
12/14/2010,LAN,MI,AGL,CE,Combined TRACON& Tower with Radar,10,49,20,0,79,0,0,19,0,19,10,49,39,0,98,14,0,14,112
12/15/2010,LAN,MI,AGL,CE,Combined TRACON& Tower with Radar,5,47,45,2,99,0,2,22,0,24,5,49,67,2,123,0,0,0,123
12/16/2010,LAN,MI,AGL,CE,Combined TRACON& Tower with Radar,6,57,37,0,100,0,1,30,0,31,6,58,67,0,131,38,0,38,169
12/17/2010,LAN,MI,AGL,CE,Combined TRACON& Tower with Radar,5,46,17,2,70,0,1,5,0,6,5,47,22,2,76,0,0,0,76
12/18/2010,LAN,MI,AGL,CE,Combined TRACON& Tower with Radar,3,37,10,0,50,0,0,6,0,6,3,37,16,0,56,10,0,10,66
12/19/2010,LAN,MI,AGL,CE,Combined TRACON& Tower with Radar,5,23,4,0,32,0,2,4,0,6,5,25,8,0,38,12,0,12,50
12/20/2010,LAN,MI,AGL,CE,Combined TRACON& Tower with Radar,1,43,24,0,68,0,0,16,0,16,1,43,40,0,84,20,0,20,104
12/21/2010,LAN,MI,AGL,CE,Combined TRACON& Tower with Radar,10,41,25,0,76,0,2,9,0,11,10,43,34,0,87,30,0,30,117
12/22/2010,LAN,MI,AGL,CE,Combined TRACON& Tower with Radar,13,58,11,2,84,0,2,12,0,14,13,60,23,2,98,52,0,52,150
12/23/2010,LAN,MI,AGL,CE,Combined TRACON& Tower with Radar,12,51,12,0,75,0,1,12,0,13,12,52,24,0,88,2,0,2,90
12/24/2010,LAN,MI,AGL,CE,Combined TRACON& Tower with Radar,7,47,0,0,54,0,0,3,0,3,7,47,3,0,57,0,0,0,57
12/25/2010,LAN,MI,AGL,CE,Combined TRACON& Tower with Radar,7,13,1,0,21,0,0,1,0,1,7,13,2,0,22,0,0,0,22
12/26/2010,LAN,MI,AGL,CE,Combined TRACON& Tower with Radar,3,24,7,0,34,0,0,6,0,6,3,24,13,0,40,0,0,0,40
12/27/2010,LAN,MI,AGL,CE,Combined TRACON& Tower with Radar,7,35,8,0,50,0,2,16,0,18,7,37,24,0,68,0,0,0,68
12/28/2010,LAN,MI,AGL,CE,Combined TRACON& Tower with Radar,8,46,7,2,63,0,0,1,0,1,8,46,8,2,64,0,0,0,64
12/29/2010,LAN,MI,AGL,CE,Combined TRACON& Tower with Radar,12,39,16,2,69,0,2,19,0,21,12,41,35,2,90,0,0,0,90
12/30/2010,LAN,MI,AGL,CE,Combined TRACON& Tower with Radar,10,47,2,0,59,0,0,2,0,2,10,47,4,0,61,0,0,0,61
12/31/2010,LAN,MI,AGL,CE,Combined TRACON& Tower with Radar,6,30,6,0,42,0,0,6,0,6,6,30,12,0,48,0,0,0,48
01/01/2011,LAN,MI,AGL,CE,Combined TRACON& Tower with Radar,5,24,4,1,34,0,0,3,1,4,5,24,7,2,38,0,0,0,38
01/02/2011,LAN,MI,AGL,CE,Combined TRACON& Tower with Radar,9,25,7,0,41,0,2,3,0,5,9,27,10,0,46,0,0,0,46
01/03/2011,LAN,MI,AGL,CE,Combined TRACON& Tower with Radar,5,37,33,0,75,0,0,39,0,39,5,37,72,0,114,8,0,8,122
01/04/2011,LAN,MI,AGL,CE,Combined TRACON& Tower with Radar,7,44,15,2,68,0,0,1,0,1,7,44,16,2,69,0,0,0,69
01/05/2011,LAN,MI,AGL,CE,Combined TRACON& Tower with Radar,6,47,24,3,80,0,4,12,0,16,6,51,36,3,96,14,0,14,110
01/06/2011,LAN,MI,AGL,CE,Combined TRACON& Tower with Radar,6,43,8,2,59,0,0,1,0,1,6,43,9,2,60,0,0,0,60
01/07/2011,LAN,MI,AGL,CE,Combined TRACON& Tower with Radar,8,40,19,2,69,0,0,0,0,0,8,40,19,2,69,0,0,0,69
01/08/2011,LAN,MI,AGL,CE,Combined TRACON& Tower with Radar,7,27,17,2,53,0,2,14,0,16,7,29,31,2,69,17,0,17,86
01/09/2011,LAN,MI,AGL,CE,Combined TRACON& Tower with Radar,3,18,23,2,46,0,0,28,2,30,3,18,51,4,76,14,0,14,90
01/10/2011,LAN,MI,AGL,CE,Combined TRACON& Tower with Radar,6,38,39,0,83,0,0,28,0,28,6,38,67,0,111,48,0,48,159
01/11/2011,LAN,MI,AGL,CE,Combined TRACON& Tower with Radar,2,40,23,2,67,0,0,0,0,0,2,40,23,2,67,0,0,0,67
01/12/2011,LAN,MI,AGL,CE,Combined TRACON& Tower with Radar,10,49,25,0,84,0,0,11,0,11,10,49,36,0,95,4,0,4,99
01/13/2011,LAN,MI,AGL,CE,Combined TRACON& Tower with Radar,6,44,37,2,89,0,2,24,0,26,6,46,61,2,115,92,0,92,207
01/14/2011,LAN,MI,AGL,CE,Combined TRACON& Tower with Radar,6,42,20,2,70,0,1,7,0,8,6,43,27,2,78,0,0,0,78
01/15/2011,LAN,MI,AGL,CE,Combined TRACON& Tower with Radar,7,27,6,0,40,0,1,0,0,1,7,28,6,0,41,0,0,0,41
01/16/2011,LAN,MI,AGL,CE,Combined TRACON& Tower with Radar,3,16,10,2,31,0,0,11,0,11,3,16,21,2,42,0,0,0,42
01/17/2011,LAN,MI,AGL,CE,Combined TRACON& Tower with Radar,8,31,12,2,53,0,0,15,0,15,8,31,27,2,68,64,0,64,132
01/18/2011,LAN,MI,AGL,CE,Combined TRACON& Tower with Radar,2,39,11,2,54,0,0,1,0,1,2,39,12,2,55,0,0,0,55
01/19/2011,LAN,MI,AGL,CE,Combined TRACON& Tower with Radar,6,48,21,0,75,0,0,8,0,8,6,48,29,0,83,38,0,38,121
01/20/2011,LAN,MI,AGL,CE,Combined TRACON& Tower with Radar,6,43,21,2,72,0,3,12,0,15,6,46,33,2,87,39,0,39,126
01/21/2011,LAN,MI,AGL,CE,Combined TRACON& Tower with Radar,8,42,39,10,99,0,2,39,2,43,8,44,78,12,142,0,0,0,142
01/22/2011,LAN,MI,AGL,CE,Combined TRACON& Tower with Radar,6,28,10,0,44,0,0,4,0,4,6,28,14,0,48,0,0,0,48
01/23/2011,LAN,MI,AGL,CE,Combined TRACON& Tower with Radar,6,20,6,0,32,0,2,22,0,24,6,22,28,0,56,6,0,6,62
01/24/2011,LAN,MI,AGL,CE,Combined TRACON& Tower with Radar,6,36,20,2,64,0,1,0,0,1,6,37,20,2,65,0,0,0,65
01/25/2011,LAN,MI,AGL,CE,Combined TRACON& Tower with Radar,2,46,18,0,66,0,0,2,1,3,2,46,20,1,69,0,0,0,69
01/26/2011,LAN,MI,AGL,CE,Combined TRACON& Tower with Radar,6,54,26,0,86,0,0,6,0,6,6,54,32,0,92,0,0,0,92
01/27/2011,LAN,MI,AGL,CE,Combined TRACON& Tower with Radar,5,38,15,0,58,0,0,0,0,0,5,38,15,0,58,0,0,0,58
01/28/2011,LAN,MI,AGL,CE,Combined TRACON& Tower with Radar,7,46,39,2,94,0,0,12,0,12,7,46,51,2,106,10,0,10,116
01/29/2011,LAN,MI,AGL,CE,Combined TRACON& Tower with Radar,5,30,2,0,37,0,0,0,0,0,5,30,2,0,37,0,0,0,37
01/30/2011,LAN,MI,AGL,CE,Combined TRACON& Tower with Radar,3,25,19,2,49,0,0,19,0,19,3,25,38,2,68,0,0,0,68
01/31/2011,LAN,MI,AGL,CE,Combined TRACON& Tower with Radar,6,32,21,2,61,0,0,34,6,40,6,32,55,8,101,22,0,22,123
02/01/2011,LAN,MI,AGL,CE,Combined TRACON& Tower with Radar,4,32,26,0,62,0,0,6,0,6,4,32,32,0,68,20,0,20,88
02/02/2011,LAN,MI,AGL,CE,Combined TRACON& Tower with Radar,5,21,4,0,30,0,0,2,0,2,5,21,6,0,32,0,0,0,32
02/03/2011,LAN,MI,AGL,CE,Combined TRACON& Tower with Radar,9,31,16,2,58,0,0,29,0,29,9,31,45,2,87,8,0,8,95
02/04/2011,LAN,MI,AGL,CE,Combined TRACON& Tower with Radar,7,52,38,0,97,0,1,37,0,38,7,53,75,0,135,36,0,36,171
02/05/2011,LAN,MI,AGL,CE,Combined TRACON& Tower with Radar,10,31,13,0,54,0,3,15,0,18,10,34,28,0,72,0,0,0,72
02/06/2011,LAN,MI,AGL,CE,Combined TRACON& Tower with Radar,4,23,3,0,30,0,0,5,0,5,4,23,8,0,35,0,0,0,35
02/07/2011,LAN,MI,AGL,CE,Combined TRACON& Tower with Radar,8,33,21,0,62,0,2,15,0,17,8,35,36,0,79,0,0,0,79
02/08/2011,LAN,MI,AGL,CE,Combined TRACON& Tower with Radar,3,47,24,2,76,0,0,19,0,19,3,47,43,2,95,34,0,34,129
02/09/2011,LAN,MI,AGL,CE,Combined TRACON& Tower with Radar,6,46,19,5,76,0,1,10,0,11,6,47,29,5,87,26,0,26,113
02/10/2011,LAN,MI,AGL,CE,Combined TRACON& Tower with Radar,8,38,25,2,73,0,2,32,0,34,8,40,57,2,107,106,0,106,213
02/11/2011,LAN,MI,AGL,CE,Combined TRACON& Tower with Radar,6,46,13,0,65,0,2,7,0,9,6,48,20,0,74,0,0,0,74
02/12/2011,LAN,MI,AGL,CE,Combined TRACON& Tower with Radar,5,27,19,0,51,0,1,22,0,23,5,28,41,0,74,6,0,6,80
02/13/2011,LAN,MI,AGL,CE,Combined TRACON& Tower with Radar,5,19,2,2,28,0,0,10,0,10,5,19,12,2,38,0,0,0,38
02/14/2011,LAN,MI,AGL,CE,Combined TRACON& Tower with Radar,10,33,7,1,51,0,1,8,2,11,10,34,15,3,62,44,0,44,106
02/15/2011,LAN,MI,AGL,CE,Combined TRACON& Tower with Radar,4,41,44,0,89,2,1,57,2,62,6,42,101,2,151,16,0,16,167
02/16/2011,LAN,MI,AGL,CE,Combined TRACON& Tower with Radar,8,46,45,0,99,0,0,27,0,27,8,46,72,0,126,12,0,12,138
02/17/2011,LAN,MI,AGL,CE,Combined TRACON& Tower with Radar,5,45,22,6,78,0,0,5,0,5,5,45,27,6,83,30,0,30,113
02/18/2011,LAN,MI,AGL,CE,Combined TRACON& Tower with Radar,6,53,17,1,77,0,0,12,0,12,6,53,29,1,89,0,0,0,89
02/19/2011,LAN,MI,AGL,CE,Combined TRACON& Tower with Radar,6,34,30,0,70,0,7,32,0,39,6,41,62,0,109,0,0,0,109
02/20/2011,LAN,MI,AGL,CE,Combined TRACON& Tower with Radar,3,14,7,0,24,0,2,6,0,8,3,16,13,0,32,0,0,0,32
02/21/2011,LAN,MI,AGL,CE,Combined TRACON& Tower with Radar,7,26,14,0,47,0,0,0,0,0,7,26,14,0,47,0,0,0,47
02/22/2011,LAN,MI,AGL,CE,Combined TRACON& Tower with Radar,7,49,18,0,74,0,5,23,0,28,7,54,41,0,102,46,0,46,148
02/23/2011,LAN,MI,AGL,CE,Combined TRACON& Tower with Radar,9,43,34,2,88,0,1,17,0,18,9,44,51,2,106,2,0,2,108
02/24/2011,LAN,MI,AGL,CE,Combined TRACON& Tower with Radar,6,55,28,7,96,0,0,7,2,9,6,55,35,9,105,36,0,36,141
02/25/2011,LAN,MI,AGL,CE,Combined TRACON& Tower with Radar,5,41,18,0,64,0,0,75,0,75,5,41,93,0,139,0,0,0,139
02/26/2011,LAN,MI,AGL,CE,Combined TRACON& Tower with Radar,8,31,1,0,40,0,1,0,0,1,8,32,1,0,41,0,0,0,41
02/27/2011,LAN,MI,AGL,CE,Combined TRACON& Tower with Radar,3,24,10,0,37,0,0,0,0,0,3,24,10,0,37,0,0,0,37
02/28/2011,LAN,MI,AGL,CE,Combined TRACON& Tower with Radar,6,36,14,0,56,0,0,4,0,4,6,36,18,0,60,0,0,0,60
03/01/2011,LAN,MI,AGL,CE,Combined TRACON& Tower with Radar,6,37,32,5,80,0,1,58,0,59,6,38,90,5,139,66,0,66,205
03/02/2011,LAN,MI,AGL,CE,Combined TRACON& Tower with Radar,6,41,25,6,78,0,0,45,1,46,6,41,70,7,124,54,0,54,178
03/03/2011,LAN,MI,AGL,CE,Combined TRACON& Tower with Radar,6,40,42,2,90,0,0,18,0,18,6,40,60,2,108,34,0,34,142
03/04/2011,LAN,MI,AGL,CE,Combined TRACON& Tower with Radar,5,39,11,2,57,0,0,3,0,3,5,39,14,2,60,0,0,0,60
03/05/2011,LAN,MI,AGL,CE,Combined TRACON& Tower with Radar,6,28,2,0,36,0,0,0,0,0,6,28,2,0,36,0,0,0,36
03/06/2011,LAN,MI,AGL,CE,Combined TRACON& Tower with Radar,3,20,18,0,41,0,0,5,0,5,3,20,23,0,46,0,0,0,46
03/07/2011,LAN,MI,AGL,CE,Combined TRACON& Tower with Radar,6,35,21,5,67,0,0,19,0,19,6,35,40,5,86,38,0,38,124
03/08/2011,LAN,MI,AGL,CE,Combined TRACON& Tower with Radar,6,44,17,0,67,0,1,26,0,27,6,45,43,0,94,78,0,78,172
03/09/2011,LAN,MI,AGL,CE,Combined TRACON& Tower with Radar,6,40,23,0,69,0,0,0,0,0,6,40,23,0,69,0,0,0,69
03/10/2011,LAN,MI,AGL,CE,Combined TRACON& Tower with Radar,8,42,27,0,77,0,0,0,0,0,8,42,27,0,77,0,0,0,77
03/11/2011,LAN,MI,AGL,CE,Combined TRACON& Tower with Radar,7,44,17,1,69,0,0,25,0,25,7,44,42,1,94,0,0,0,94
03/12/2011,LAN,MI,AGL,CE,Combined TRACON& Tower with Radar,6,27,3,0,36,0,1,7,0,8,6,28,10,0,44,0,0,0,44
03/13/2011,LAN,MI,AGL,CE,Combined TRACON& Tower with Radar,3,16,31,0,50,0,0,7,0,7,3,16,38,0,57,30,0,30,87
03/14/2011,LAN,MI,AGL,CE,Combined TRACON& Tower with Radar,8,36,23,0,67,0,0,33,0,33,8,36,56,0,100,84,0,84,184
03/15/2011,LAN,MI,AGL,CE,Combined TRACON& Tower with Radar,8,38,18,0,64,0,0,21,0,21,8,38,39,0,85,90,0,90,175
03/16/2011,LAN,MI,AGL,CE,Combined TRACON& Tower with Radar,6,41,48,5,100,0,0,37,0,37,6,41,85,5,137,50,0,50,187
03/17/2011,LAN,MI,AGL,CE,Combined TRACON& Tower with Radar,6,40,39,4,89,0,1,22,0,23,6,41,61,4,112,30,0,30,142
03/18/2011,LAN,MI,AGL,CE,Combined TRACON& Tower with Radar,11,39,10,0,60,0,1,27,0,28,11,40,37,0,88,74,0,74,162
03/19/2011,LAN,MI,AGL,CE,Combined TRACON& Tower with Radar,6,28,31,0,65,0,1,43,0,44,6,29,74,0,109,34,0,34,143
03/20/2011,LAN,MI,AGL,CE,Combined TRACON& Tower with Radar,3,16,9,0,28,0,0,9,0,9,3,16,18,0,37,0,0,0,37
03/21/2011,LAN,MI,AGL,CE,Combined TRACON& Tower with Radar,6,34,30,0,70,0,1,2,0,3,6,35,32,0,73,0,0,0,73
03/22/2011,LAN,MI,AGL,CE,Combined TRACON& Tower with Radar,6,33,9,0,48,0,0,4,0,4,6,33,13,0,52,20,0,20,72
03/23/2011,LAN,MI,AGL,CE,Combined TRACON& Tower with Radar,8,30,6,0,44,0,0,0,0,0,8,30,6,0,44,0,0,0,44
03/24/2011,LAN,MI,AGL,CE,Combined TRACON& Tower with Radar,8,38,21,0,67,0,2,22,3,27,8,40,43,3,94,30,0,30,124
03/25/2011,LAN,MI,AGL,CE,Combined TRACON& Tower with Radar,5,36,35,0,76,0,3,44,0,47,5,39,79,0,123,46,0,46,169
03/26/2011,LAN,MI,AGL,CE,Combined TRACON& Tower with Radar,6,35,13,0,54,0,5,34,0,39,6,40,47,0,93,32,0,32,125
03/27/2011,LAN,MI,AGL,CE,Combined TRACON& Tower with Radar,3,18,7,0,28,0,2,35,0,37,3,20,42,0,65,34,0,34,99
03/28/2011,LAN,MI,AGL,CE,Combined TRACON& Tower with Radar,6,34,23,0,63,0,0,32,0,32,6,34,55,0,95,72,0,72,167
03/29/2011,LAN,MI,AGL,CE,Combined TRACON& Tower with Radar,6,39,44,0,89,0,0,33,5,38,6,39,77,5,127,64,0,64,191
03/30/2011,LAN,MI,AGL,CE,Combined TRACON& Tower with Radar,6,40,31,0,77,0,3,39,6,48,6,43,70,6,125,0,0,0,125
03/31/2011,LAN,MI,AGL,CE,Combined TRACON& Tower with Radar,8,39,16,0,63,0,1,32,0,33,8,40,48,0,96,130,0,130,226
04/01/2011,LAN,MI,AGL,CE,Combined TRACON& Tower with Radar,9,45,19,4,77,0,0,24,0,24,9,45,43,4,101,84,0,84,185
04/02/2011,LAN,MI,AGL,CE,Combined TRACON& Tower with Radar,6,29,13,0,48,0,2,8,0,10,6,31,21,0,58,72,0,72,130
04/03/2011,LAN,MI,AGL,CE,Combined TRACON& Tower with Radar,9,19,1,0,29,1,0,3,0,4,10,19,4,0,33,10,0,10,43
04/04/2011,LAN,MI,AGL,CE,Combined TRACON& Tower with Radar,10,36,6,0,52,0,0,0,0,0,10,36,6,0,52,0,0,0,52
04/05/2011,LAN,MI,AGL,CE,Combined TRACON& Tower with Radar,10,40,22,0,72,0,1,10,0,11,10,41,32,0,83,32,0,32,115
04/06/2011,LAN,MI,AGL,CE,Combined TRACON& Tower with Radar,10,41,34,0,85,0,0,0,0,0,10,41,34,0,85,36,0,36,121
04/07/2011,LAN,MI,AGL,CE,Combined TRACON& Tower with Radar,9,37,27,6,79,0,1,17,0,18,9,38,44,6,97,12,0,12,109
04/08/2011,LAN,MI,AGL,CE,Combined TRACON& Tower with Radar,10,42,17,0,69,1,1,9,0,11,11,43,26,0,80,22,0,22,102
04/09/2011,LAN,MI,AGL,CE,Combined TRACON& Tower with Radar,5,27,41,0,73,0,1,26,1,28,5,28,67,1,101,32,0,32,133
04/10/2011,LAN,MI,AGL,CE,Combined TRACON& Tower with Radar,9,35,8,0,52,0,0,19,0,19,9,35,27,0,71,12,0,12,83
04/11/2011,LAN,MI,AGL,CE,Combined TRACON& Tower with Radar,10,39,23,0,72,0,2,13,0,15,10,41,36,0,87,28,0,28,115
04/12/2011,LAN,MI,AGL,CE,Combined TRACON& Tower with Radar,6,39,17,3,65,0,1,50,0,51,6,40,67,3,116,84,0,84,200
04/13/2011,LAN,MI,AGL,CE,Combined TRACON& Tower with Radar,9,42,47,6,104,0,1,53,0,54,9,43,100,6,158,66,0,66,224
04/14/2011,LAN,MI,AGL,CE,Combined TRACON& Tower with Radar,12,46,25,0,83,0,0,25,0,25,12,46,50,0,108,42,0,42,150
04/15/2011,LAN,MI,AGL,CE,Combined TRACON& Tower with Radar,9,38,13,2,62,0,1,14,0,15,9,39,27,2,77,0,0,0,77
04/16/2011,LAN,MI,AGL,CE,Combined TRACON& Tower with Radar,6,26,10,0,42,0,1,0,0,1,6,27,10,0,43,0,0,0,43
04/17/2011,LAN,MI,AGL,CE,Combined TRACON& Tower with Radar,7,21,11,0,39,0,0,2,0,2,7,21,13,0,41,0,0,0,41
04/18/2011,LAN,MI,AGL,CE,Combined TRACON& Tower with Radar,10,38,21,0,69,0,0,2,0,2,10,38,23,0,71,0,0,0,71
04/19/2011,LAN,MI,AGL,CE,Combined TRACON& Tower with Radar,6,34,17,0,57,0,0,8,0,8,6,34,25,0,65,18,0,18,83
04/20/2011,LAN,MI,AGL,CE,Combined TRACON& Tower with Radar,10,45,18,0,73,0,0,4,0,4,10,45,22,0,77,20,0,20,97
04/21/2011,LAN,MI,AGL,CE,Combined TRACON& Tower with Radar,12,49,41,1,103,0,4,60,0,64,12,53,101,1,167,34,0,34,201
04/22/2011,LAN,MI,AGL,CE,Combined TRACON& Tower with Radar,12,45,11,0,68,0,0,6,0,6,12,45,17,0,74,0,0,0,74
04/23/2011,LAN,MI,AGL,CE,Combined TRACON& Tower with Radar,5,26,15,0,46,0,0,13,0,13,5,26,28,0,59,0,0,0,59
04/24/2011,LAN,MI,AGL,CE,Combined TRACON& Tower with Radar,7,19,7,0,33,0,0,12,0,12,7,19,19,0,45,4,0,4,49
04/25/2011,LAN,MI,AGL,CE,Combined TRACON& Tower with Radar,9,32,16,0,57,0,0,4,0,4,9,32,20,0,61,70,0,70,131
04/26/2011,LAN,MI,AGL,CE,Combined TRACON& Tower with Radar,7,39,15,0,61,0,0,5,0,5,7,39,20,0,66,0,0,0,66
04/27/2011,LAN,MI,AGL,CE,Combined TRACON& Tower with Radar,9,46,20,3,78,0,1,0,0,1,9,47,20,3,79,0,0,0,79
04/28/2011,LAN,MI,AGL,CE,Combined TRACON& Tower with Radar,9,42,18,0,69,0,0,7,2,9,9,42,25,2,78,4,0,4,82
04/29/2011,LAN,MI,AGL,CE,Combined TRACON& Tower with Radar,9,55,50,0,114,0,2,42,0,44,9,57,92,0,158,40,0,40,198
04/30/2011,LAN,MI,AGL,CE,Combined TRACON& Tower with Radar,5,38,18,0,61,0,4,31,1,36,5,42,49,1,97,15,0,15,112
05/01/2011,LAN,MI,AGL,CE,Combined TRACON& Tower with Radar,9,20,16,0,45,0,0,23,0,23,9,20,39,0,68,39,0,39,107
05/02/2011,LAN,MI,AGL,CE,Combined TRACON& Tower with Radar,7,35,21,3,66,0,0,34,0,34,7,35,55,3,100,0,0,0,100
05/03/2011,LAN,MI,AGL,CE,Combined TRACON& Tower with Radar,6,38,28,4,76,0,0,24,0,24,6,38,52,4,100,118,0,118,218
05/04/2011,LAN,MI,AGL,CE,Combined TRACON& Tower with Radar,6,42,25,2,75,0,2,48,0,50,6,44,73,2,125,56,6,62,187
05/05/2011,LAN,MI,AGL,CE,Combined TRACON& Tower with Radar,6,42,23,8,79,0,0,40,0,40,6,42,63,8,119,98,0,98,217
05/06/2011,LAN,MI,AGL,CE,Combined TRACON& Tower with Radar,7,48,22,2,79,0,1,14,0,15,7,49,36,2,94,26,0,26,120
05/07/2011,LAN,MI,AGL,CE,Combined TRACON& Tower with Radar,6,31,16,1,54,0,0,22,1,23,6,31,38,2,77,20,0,20,97
05/08/2011,LAN,MI,AGL,CE,Combined TRACON& Tower with Radar,6,23,10,2,41,0,0,27,0,27,6,23,37,2,68,0,0,0,68
05/09/2011,LAN,MI,AGL,CE,Combined TRACON& Tower with Radar,5,39,21,6,71,0,3,37,0,40,5,42,58,6,111,66,2,68,179
05/10/2011,LAN,MI,AGL,CE,Combined TRACON& Tower with Radar,6,40,27,4,77,0,0,12,0,12,6,40,39,4,89,60,0,60,149
05/11/2011,LAN,MI,AGL,CE,Combined TRACON& Tower with Radar,6,50,28,3,87,0,8,26,1,35,6,58,54,4,122,36,12,48,170
05/12/2011,LAN,MI,AGL,CE,Combined TRACON& Tower with Radar,6,51,31,5,93,0,2,22,0,24,6,53,53,5,117,8,0,8,125
05/13/2011,LAN,MI,AGL,CE,Combined TRACON& Tower with Radar,8,44,22,3,77,0,0,11,0,11,8,44,33,3,88,8,0,8,96
05/14/2011,LAN,MI,AGL,CE,Combined TRACON& Tower with Radar,5,28,29,0,62,0,0,1,0,1,5,28,30,0,63,0,0,0,63
05/15/2011,LAN,MI,AGL,CE,Combined TRACON& Tower with Radar,6,21,14,0,41,0,0,0,0,0,6,21,14,0,41,0,0,0,41
05/16/2011,LAN,MI,AGL,CE,Combined TRACON& Tower with Radar,5,33,19,0,57,0,4,12,0,16,5,37,31,0,73,24,0,24,97
05/17/2011,LAN,MI,AGL,CE,Combined TRACON& Tower with Radar,6,44,17,0,67,0,0,19,2,21,6,44,36,2,88,10,0,10,98
05/18/2011,LAN,MI,AGL,CE,Combined TRACON& Tower with Radar,8,40,19,0,67,0,0,1,0,1,8,40,20,0,68,0,0,0,68
05/19/2011,LAN,MI,AGL,CE,Combined TRACON& Tower with Radar,6,42,37,0,85,0,1,7,0,8,6,43,44,0,93,42,0,42,135
05/20/2011,LAN,MI,AGL,CE,Combined TRACON& Tower with Radar,8,43,20,0,71,0,0,19,3,22,8,43,39,3,93,62,0,62,155
05/21/2011,LAN,MI,AGL,CE,Combined TRACON& Tower with Radar,13,32,10,0,55,0,2,37,0,39,13,34,47,0,94,22,0,22,116
05/22/2011,LAN,MI,AGL,CE,Combined TRACON& Tower with Radar,7,19,18,0,44,0,1,12,0,13,7,20,30,0,57,4,0,4,61
05/23/2011,LAN,MI,AGL,CE,Combined TRACON& Tower with Radar,8,35,12,0,55,0,0,9,0,9,8,35,21,0,64,4,0,4,68
05/24/2011,LAN,MI,AGL,CE,Combined TRACON& Tower with Radar,8,50,32,2,92,0,2,43,0,45,8,52,75,2,137,38,0,38,175
05/25/2011,LAN,MI,AGL,CE,Combined TRACON& Tower with Radar,6,31,15,0,52,0,0,1,0,1,6,31,16,0,53,0,0,0,53
05/26/2011,LAN,MI,AGL,CE,Combined TRACON& Tower with Radar,6,43,17,2,68,0,0,0,0,0,6,43,17,2,68,0,0,0,68
05/27/2011,LAN,MI,AGL,CE,Combined TRACON& Tower with Radar,10,44,32,0,86,0,0,7,0,7,10,44,39,0,93,0,0,0,93
05/28/2011,LAN,MI,AGL,CE,Combined TRACON& Tower with Radar,5,25,13,0,43,0,2,5,0,7,5,27,18,0,50,0,0,0,50
05/29/2011,LAN,MI,AGL,CE,Combined TRACON& Tower with Radar,6,15,5,0,26,0,0,4,0,4,6,15,9,0,30,22,0,22,52
05/30/2011,LAN,MI,AGL,CE,Combined TRACON& Tower with Radar,7,25,20,0,52,0,2,31,0,33,7,27,51,0,85,0,0,0,85
05/31/2011,LAN,MI,AGL,CE,Combined TRACON& Tower with Radar,8,40,21,0,69,0,3,14,0,17,8,43,35,0,86,32,0,32,118
06/01/2011,LAN,MI,AGL,CE,Combined TRACON& Tower with Radar,6,46,21,1,74,0,0,26,3,29,6,46,47,4,103,18,0,18,121
06/02/2011,LAN,MI,AGL,CE,Combined TRACON& Tower with Radar,6,45,29,3,83,0,2,37,0,39,6,47,66,3,122,90,0,90,212
06/03/2011,LAN,MI,AGL,CE,Combined TRACON& Tower with Radar,6,51,23,0,80,0,0,31,0,31,6,51,54,0,111,20,0,20,131
06/04/2011,LAN,MI,AGL,CE,Combined TRACON& Tower with Radar,6,30,9,0,45,0,0,20,0,20,6,30,29,0,65,0,0,0,65
06/05/2011,LAN,MI,AGL,CE,Combined TRACON& Tower with Radar,6,23,20,0,49,0,1,27,0,28,6,24,47,0,77,16,0,16,93
06/06/2011,LAN,MI,AGL,CE,Combined TRACON& Tower with Radar,5,41,17,0,63,0,0,29,0,29,5,41,46,0,92,10,0,10,102
06/07/2011,LAN,MI,AGL,CE,Combined TRACON& Tower with Radar,6,39,34,0,79,0,0,31,0,31,6,39,65,0,110,48,0,48,158
06/08/2011,LAN,MI,AGL,CE,Combined TRACON& Tower with Radar,6,40,26,1,73,0,1,25,0,26,6,41,51,1,99,38,0,38,137
06/09/2011,LAN,MI,AGL,CE,Combined TRACON& Tower with Radar,6,39,29,0,74,0,1,13,0,14,6,40,42,0,88,24,0,24,112
06/10/2011,LAN,MI,AGL,CE,Combined TRACON& Tower with Radar,8,44,31,0,83,0,0,2,0,2,8,44,33,0,85,0,0,0,85
06/11/2011,LAN,MI,AGL,CE,Combined TRACON& Tower with Radar,5,32,26,0,63,0,1,10,0,11,5,33,36,0,74,0,0,0,74
06/12/2011,LAN,MI,AGL,CE,Combined TRACON& Tower with Radar,6,24,19,2,51,0,0,19,3,22,6,24,38,5,73,18,0,18,91
06/13/2011,LAN,MI,AGL,CE,Combined TRACON& Tower with Radar,5,40,27,0,72,0,0,36,0,36,5,40,63,0,108,40,0,40,148
06/14/2011,LAN,MI,AGL,CE,Combined TRACON& Tower with Radar,12,46,43,0,101,0,0,50,2,52,12,46,93,2,153,30,0,30,183
06/15/2011,LAN,MI,AGL,CE,Combined TRACON& Tower with Radar,5,41,20,0,66,0,0,14,2,16,5,41,34,2,82,32,0,32,114
06/16/2011,LAN,MI,AGL,CE,Combined TRACON& Tower with Radar,6,45,33,1,85,0,0,26,0,26,6,45,59,1,111,34,0,34,145
06/17/2011,LAN,MI,AGL,CE,Combined TRACON& Tower with Radar,10,49,28,0,87,0,2,33,0,35,10,51,61,0,122,0,0,0,122
06/18/2011,LAN,MI,AGL,CE,Combined TRACON& Tower with Radar,5,32,19,1,57,0,0,26,0,26,5,32,45,1,83,22,0,22,105
06/19/2011,LAN,MI,AGL,CE,Combined TRACON& Tower with Radar,6,24,7,0,37,0,3,11,0,14,6,27,18,0,51,0,0,0,51
06/20/2011,LAN,MI,AGL,CE,Combined TRACON& Tower with Radar,5,38,32,2,77,0,8,10,0,18,5,46,42,2,95,26,0,26,121
06/21/2011,LAN,MI,AGL,CE,Combined TRACON& Tower with Radar,6,36,34,12,88,0,4,6,0,10,6,40,40,12,98,28,0,28,126
06/22/2011,LAN,MI,AGL,CE,Combined TRACON& Tower with Radar,6,47,26,3,82,0,0,10,0,10,6,47,36,3,92,4,0,4,96
06/23/2011,LAN,MI,AGL,CE,Combined TRACON& Tower with Radar,6,41,34,13,94,0,0,2,2,4,6,41,36,15,98,0,0,0,98
06/24/2011,LAN,MI,AGL,CE,Combined TRACON& Tower with Radar,6,49,34,4,93,0,1,28,0,29,6,50,62,4,122,0,0,0,122
06/25/2011,LAN,MI,AGL,CE,Combined TRACON& Tower with Radar,5,29,20,0,54,0,2,54,0,56,5,31,74,0,110,32,0,32,142
06/26/2011,LAN,MI,AGL,CE,Combined TRACON& Tower with Radar,7,33,40,0,80,0,0,43,0,43,7,33,83,0,123,36,0,36,159
06/27/2011,LAN,MI,AGL,CE,Combined TRACON& Tower with Radar,10,41,37,0,88,0,0,17,1,18,10,41,54,1,106,26,0,26,132
06/28/2011,LAN,MI,AGL,CE,Combined TRACON& Tower with Radar,8,43,21,10,82,0,1,15,7,23,8,44,36,17,105,0,0,0,105
06/29/2011,LAN,MI,AGL,CE,Combined TRACON& Tower with Radar,6,44,30,0,80,0,1,38,2,41,6,45,68,2,121,22,0,22,143
06/30/2011,LAN,MI,AGL,CE,Combined TRACON& Tower with Radar,6,45,40,2,93,0,1,35,4,40,6,46,75,6,133,34,0,34,167
07/01/2011,LAN,MI,AGL,CE,Combined TRACON& Tower with Radar,6,50,21,0,77,0,0,28,0,28,6,50,49,0,105,14,0,14,119
07/02/2011,LAN,MI,AGL,CE,Combined TRACON& Tower with Radar,7,28,16,0,51,0,0,13,0,13,7,28,29,0,64,22,0,22,86
07/03/2011,LAN,MI,AGL,CE,Combined TRACON& Tower with Radar,6,23,15,0,44,0,1,25,0,26,6,24,40,0,70,0,0,0,70
07/04/2011,LAN,MI,AGL,CE,Combined TRACON& Tower with Radar,4,21,11,0,36,0,2,28,0,30,4,23,39,0,66,0,0,0,66
07/05/2011,LAN,MI,AGL,CE,Combined TRACON& Tower with Radar,7,45,16,0,68,0,5,33,0,38,7,50,49,0,106,54,0,54,160
07/06/2011,LAN,MI,AGL,CE,Combined TRACON& Tower with Radar,6,45,14,0,65,0,0,19,0,19,6,45,33,0,84,20,0,20,104
07/07/2011,LAN,MI,AGL,CE,Combined TRACON& Tower with Radar,6,47,17,5,75,0,1,33,2,36,6,48,50,7,111,48,0,48,159
07/08/2011,LAN,MI,AGL,CE,Combined TRACON& Tower with Radar,8,51,11,0,70,0,7,31,0,38,8,58,42,0,108,48,0,48,156
07/09/2011,LAN,MI,AGL,CE,Combined TRACON& Tower with Radar,5,28,19,0,52,0,1,45,0,46,5,29,64,0,98,22,0,22,120
07/10/2011,LAN,MI,AGL,CE,Combined TRACON& Tower with Radar,6,23,13,0,42,0,0,28,0,28,6,23,41,0,70,28,0,28,98
07/11/2011,LAN,MI,AGL,CE,Combined TRACON& Tower with Radar,5,38,9,2,54,0,2,7,0,9,5,40,16,2,63,0,0,0,63
07/12/2011,LAN,MI,AGL,CE,Combined TRACON& Tower with Radar,6,50,37,6,99,0,1,29,0,30,6,51,66,6,129,40,0,40,169
07/13/2011,LAN,MI,AGL,CE,Combined TRACON& Tower with Radar,6,40,36,0,82,0,4,36,0,40,6,44,72,0,122,42,0,42,164
07/14/2011,LAN,MI,AGL,CE,Combined TRACON& Tower with Radar,6,47,23,0,76,0,8,38,0,46,6,55,61,0,122,30,0,30,152
07/15/2011,LAN,MI,AGL,CE,Combined TRACON& Tower with Radar,6,47,13,0,66,0,0,32,0,32,6,47,45,0,98,144,0,144,242
07/16/2011,LAN,MI,AGL,CE,Combined TRACON& Tower with Radar,5,34,8,0,47,0,0,34,1,35,5,34,42,1,82,7,0,7,89
07/17/2011,LAN,MI,AGL,CE,Combined TRACON& Tower with Radar,6,23,13,0,42,0,0,20,0,20,6,23,33,0,62,0,0,0,62
07/18/2011,LAN,MI,AGL,CE,Combined TRACON& Tower with Radar,7,42,8,2,59,0,2,15,1,18,7,44,23,3,77,42,2,44,121
07/19/2011,LAN,MI,AGL,CE,Combined TRACON& Tower with Radar,6,46,26,2,80,0,0,21,0,21,6,46,47,2,101,8,0,8,109
07/20/2011,LAN,MI,AGL,CE,Combined TRACON& Tower with Radar,6,44,31,0,81,0,1,32,0,33,6,45,63,0,114,0,0,0,114
07/21/2011,LAN,MI,AGL,CE,Combined TRACON& Tower with Radar,6,46,18,6,76,0,0,20,2,22,6,46,38,8,98,30,0,30,128
07/22/2011,LAN,MI,AGL,CE,Combined TRACON& Tower with Radar,6,46,16,24,92,0,1,24,0,25,6,47,40,24,117,12,26,38,155
07/23/2011,LAN,MI,AGL,CE,Combined TRACON& Tower with Radar,5,34,14,0,53,0,2,15,2,19,5,36,29,2,72,0,52,52,124
07/24/2011,LAN,MI,AGL,CE,Combined TRACON& Tower with Radar,6,21,22,0,49,0,3,15,1,19,6,24,37,1,68,42,0,42,110
07/25/2011,LAN,MI,AGL,CE,Combined TRACON& Tower with Radar,5,37,27,0,69,0,2,36,0,38,5,39,63,0,107,74,0,74,181
07/26/2011,LAN,MI,AGL,CE,Combined TRACON& Tower with Radar,6,45,25,0,76,0,1,44,0,45,6,46,69,0,121,70,0,70,191
07/27/2011,LAN,MI,AGL,CE,Combined TRACON& Tower with Radar,6,44,38,0,88,0,0,32,1,33,6,44,70,1,121,40,0,40,161
07/28/2011,LAN,MI,AGL,CE,Combined TRACON& Tower with Radar,14,43,24,0,81,0,2,16,0,18,14,45,40,0,99,12,0,12,111
07/29/2011,LAN,MI,AGL,CE,Combined TRACON& Tower with Radar,5,47,20,2,74,0,2,15,1,18,5,49,35,3,92,26,0,26,118
07/30/2011,LAN,MI,AGL,CE,Combined TRACON& Tower with Radar,5,29,14,2,50,0,0,40,0,40,5,29,54,2,90,28,0,28,118
07/31/2011,LAN,MI,AGL,CE,Combined TRACON& Tower with Radar,6,21,11,0,38,0,1,17,0,18,6,22,28,0,56,24,0,24,80
08/01/2011,LAN,MI,AGL,CE,Combined TRACON& Tower with Radar,5,37,18,0,60,0,0,39,0,39,5,37,57,0,99,58,0,58,157
08/02/2011,LAN,MI,AGL,CE,Combined TRACON& Tower with Radar,6,44,28,3,81,0,0,16,0,16,6,44,44,3,97,20,0,20,117
08/03/2011,LAN,MI,AGL,CE,Combined TRACON& Tower with Radar,8,49,27,0,84,0,2,16,1,19,8,51,43,1,103,20,0,20,123
08/04/2011,LAN,MI,AGL,CE,Combined TRACON& Tower with Radar,6,45,25,0,76,0,0,16,0,16,6,45,41,0,92,2,0,2,94
08/05/2011,LAN,MI,AGL,CE,Combined TRACON& Tower with Radar,6,47,16,4,73,0,0,38,0,38,6,47,54,4,111,18,0,18,129
08/06/2011,LAN,MI,AGL,CE,Combined TRACON& Tower with Radar,5,28,14,3,50,0,0,14,0,14,5,28,28,3,64,4,0,4,68
08/07/2011,LAN,MI,AGL,CE,Combined TRACON& Tower with Radar,6,26,11,2,45,0,0,14,1,15,6,26,25,3,60,14,0,14,74
08/08/2011,LAN,MI,AGL,CE,Combined TRACON& Tower with Radar,5,40,17,0,62,0,0,9,0,9,5,40,26,0,71,0,0,0,71
08/09/2011,LAN,MI,AGL,CE,Combined TRACON& Tower with Radar,8,44,18,2,72,0,1,13,0,14,8,45,31,2,86,0,0,0,86
08/10/2011,LAN,MI,AGL,CE,Combined TRACON& Tower with Radar,6,44,24,20,94,0,0,24,1,25,6,44,48,21,119,38,0,38,157
08/11/2011,LAN,MI,AGL,CE,Combined TRACON& Tower with Radar,6,42,26,9,83,0,0,46,0,46,6,42,72,9,129,26,8,34,163
08/12/2011,LAN,MI,AGL,CE,Combined TRACON& Tower with Radar,8,49,29,0,86,0,1,40,0,41,8,50,69,0,127,8,0,8,135
08/13/2011,LAN,MI,AGL,CE,Combined TRACON& Tower with Radar,7,27,4,0,38,0,0,3,0,3,7,27,7,0,41,0,0,0,41
08/14/2011,LAN,MI,AGL,CE,Combined TRACON& Tower with Radar,5,22,13,2,42,0,0,1,0,1,5,22,14,2,43,10,0,10,53
08/15/2011,LAN,MI,AGL,CE,Combined TRACON& Tower with Radar,5,38,21,1,65,0,3,47,0,50,5,41,68,1,115,5,0,5,120
08/16/2011,LAN,MI,AGL,CE,Combined TRACON& Tower with Radar,8,43,22,3,76,0,0,39,2,41,8,43,61,5,117,28,0,28,145
08/17/2011,LAN,MI,AGL,CE,Combined TRACON& Tower with Radar,6,41,30,9,86,0,0,23,0,23,6,41,53,9,109,8,0,8,117
08/18/2011,LAN,MI,AGL,CE,Combined TRACON& Tower with Radar,6,44,17,0,67,0,0,24,0,24,6,44,41,0,91,38,0,38,129
08/19/2011,LAN,MI,AGL,CE,Combined TRACON& Tower with Radar,8,49,16,2,75,0,1,51,2,54,8,50,67,4,129,12,0,12,141
08/20/2011,LAN,MI,AGL,CE,Combined TRACON& Tower with Radar,7,29,13,0,49,0,0,18,0,18,7,29,31,0,67,4,0,4,71
08/21/2011,LAN,MI,AGL,CE,Combined TRACON& Tower with Radar,6,21,7,0,34,0,3,29,0,32,6,24,36,0,66,18,0,18,84
08/22/2011,LAN,MI,AGL,CE,Combined TRACON& Tower with Radar,5,38,35,2,80,0,4,35,0,39,5,42,70,2,119,46,0,46,165
08/23/2011,LAN,MI,AGL,CE,Combined TRACON& Tower with Radar,6,41,30,3,80,0,0,35,1,36,6,41,65,4,116,60,0,60,176
08/24/2011,LAN,MI,AGL,CE,Combined TRACON& Tower with Radar,15,45,22,4,86,0,0,6,1,7,15,45,28,5,93,82,0,82,175
08/25/2011,LAN,MI,AGL,CE,Combined TRACON& Tower with Radar,6,46,26,0,78,2,0,37,0,39,8,46,63,0,117,52,0,52,169
08/26/2011,LAN,MI,AGL,CE,Combined TRACON& Tower with Radar,10,49,23,2,84,0,5,39,0,44,10,54,62,2,128,20,0,20,148
08/27/2011,LAN,MI,AGL,CE,Combined TRACON& Tower with Radar,5,30,9,0,44,0,1,17,0,18,5,31,26,0,62,0,0,0,62
08/28/2011,LAN,MI,AGL,CE,Combined TRACON& Tower with Radar,6,22,17,0,45,0,0,20,3,23,6,22,37,3,68,16,0,16,84
08/29/2011,LAN,MI,AGL,CE,Combined TRACON& Tower with Radar,5,37,29,2,73,0,2,16,0,18,5,39,45,2,91,0,0,0,91
08/30/2011,LAN,MI,AGL,CE,Combined TRACON& Tower with Radar,6,44,23,5,78,0,2,32,3,37,6,46,55,8,115,14,12,26,141
08/31/2011,LAN,MI,AGL,CE,Combined TRACON& Tower with Radar,7,44,19,10,80,0,1,21,3,25,7,45,40,13,105,4,0,4,109
09/01/2011,LAN,MI,AGL,CE,Combined TRACON& Tower with Radar,6,50,27,4,87,0,0,24,0,24,6,50,51,4,111,20,0,20,131
09/02/2011,LAN,MI,AGL,CE,Combined TRACON& Tower with Radar,9,46,11,3,69,0,2,10,3,15,9,48,21,6,84,14,14,28,112
09/03/2011,LAN,MI,AGL,CE,Combined TRACON& Tower with Radar,1,32,10,2,45,0,0,9,0,9,1,32,19,2,54,0,14,14,68
09/04/2011,LAN,MI,AGL,CE,Combined TRACON& Tower with Radar,6,15,11,0,32,0,0,9,0,9,6,15,20,0,41,6,0,6,47
09/05/2011,LAN,MI,AGL,CE,Combined TRACON& Tower with Radar,4,20,20,1,45,0,0,11,0,11,4,20,31,1,56,0,0,0,56
09/06/2011,LAN,MI,AGL,CE,Combined TRACON& Tower with Radar,7,41,17,2,67,0,0,19,0,19,7,41,36,2,86,12,0,12,98
09/07/2011,LAN,MI,AGL,CE,Combined TRACON& Tower with Radar,6,51,19,0,76,0,0,14,2,16,6,51,33,2,92,0,0,0,92
09/08/2011,LAN,MI,AGL,CE,Combined TRACON& Tower with Radar,7,53,26,2,88,0,1,5,0,6,7,54,31,2,94,20,0,20,114
09/09/2011,LAN,MI,AGL,CE,Combined TRACON& Tower with Radar,10,45,16,4,75,0,3,6,0,9,10,48,22,4,84,0,0,0,84
09/10/2011,LAN,MI,AGL,CE,Combined TRACON& Tower with Radar,8,32,13,0,53,0,2,6,9,17,8,34,19,9,70,14,0,14,84
09/11/2011,LAN,MI,AGL,CE,Combined TRACON& Tower with Radar,8,24,11,0,43,0,0,15,0,15,8,24,26,0,58,0,0,0,58
09/12/2011,LAN,MI,AGL,CE,Combined TRACON& Tower with Radar,5,40,31,0,76,0,3,56,0,59,5,43,87,0,135,0,0,0,135
09/13/2011,LAN,MI,AGL,CE,Combined TRACON& Tower with Radar,6,46,16,12,80,0,2,24,0,26,6,48,40,12,106,18,0,18,124
09/14/2011,LAN,MI,AGL,CE,Combined TRACON& Tower with Radar,6,40,38,0,84,0,1,22,0,23,6,41,60,0,107,22,0,22,129
09/15/2011,LAN,MI,AGL,CE,Combined TRACON& Tower with Radar,8,53,43,3,107,0,1,26,0,27,8,54,69,3,134,14,0,14,148
09/16/2011,LAN,MI,AGL,CE,Combined TRACON& Tower with Radar,8,48,22,4,82,0,0,23,4,27,8,48,45,8,109,16,0,16,125
09/17/2011,LAN,MI,AGL,CE,Combined TRACON& Tower with Radar,5,35,7,2,49,0,0,20,0,20,5,35,27,2,69,0,0,0,69
09/18/2011,LAN,MI,AGL,CE,Combined TRACON& Tower with Radar,6,22,9,2,39,0,0,28,0,28,6,22,37,2,67,2,0,2,69
09/19/2011,LAN,MI,AGL,CE,Combined TRACON& Tower with Radar,7,37,21,2,67,0,2,7,0,9,7,39,28,2,76,4,0,4,80
09/20/2011,LAN,MI,AGL,CE,Combined TRACON& Tower with Radar,6,45,25,9,85,0,0,24,2,26,6,45,49,11,111,20,0,20,131
09/21/2011,LAN,MI,AGL,CE,Combined TRACON& Tower with Radar,8,42,23,11,84,0,1,7,0,8,8,43,30,11,92,0,0,0,92
09/22/2011,LAN,MI,AGL,CE,Combined TRACON& Tower with Radar,6,52,24,3,85,0,0,21,0,21,6,52,45,3,106,0,0,0,106
09/23/2011,LAN,MI,AGL,CE,Combined TRACON& Tower with Radar,12,48,32,0,92,0,1,9,1,11,12,49,41,1,103,8,0,8,111
09/24/2011,LAN,MI,AGL,CE,Combined TRACON& Tower with Radar,5,32,17,0,54,0,0,17,0,17,5,32,34,0,71,0,0,0,71
09/25/2011,LAN,MI,AGL,CE,Combined TRACON& Tower with Radar,6,22,8,0,36,0,0,7,1,8,6,22,15,1,44,12,0,12,56
09/26/2011,LAN,MI,AGL,CE,Combined TRACON& Tower with Radar,5,36,26,0,67,0,0,5,0,5,5,36,31,0,72,0,0,0,72
09/27/2011,LAN,MI,AGL,CE,Combined TRACON& Tower with Radar,8,37,39,4,88,0,0,14,4,18,8,37,53,8,106,0,0,0,106
09/28/2011,LAN,MI,AGL,CE,Combined TRACON& Tower with Radar,6,38,22,8,74,0,1,5,0,6,6,39,27,8,80,0,0,0,80
09/29/2011,LAN,MI,AGL,CE,Combined TRACON& Tower with Radar,6,43,30,6,85,0,0,6,0,6,6,43,36,6,91,0,0,0,91
09/30/2011,LAN,MI,AGL,CE,Combined TRACON& Tower with Radar,22,45,8,0,75,0,0,6,9,15,22,45,14,9,90,0,8,8,98
10/01/2011,LAN,MI,AGL,CE,Combined TRACON& Tower with Radar,7,28,3,0,38,0,0,18,0,18,7,28,21,0,56,10,0,10,66
10/02/2011,LAN,MI,AGL,CE,Combined TRACON& Tower with Radar,6,23,13,0,42,0,2,28,0,30,6,25,41,0,72,6,0,6,78
10/03/2011,LAN,MI,AGL,CE,Combined TRACON& Tower with Radar,7,35,17,0,59,0,0,29,0,29,7,35,46,0,88,4,0,4,92
10/04/2011,LAN,MI,AGL,CE,Combined TRACON& Tower with Radar,6,41,27,0,74,0,6,48,2,56,6,47,75,2,130,8,0,8,138
10/05/2011,LAN,MI,AGL,CE,Combined TRACON& Tower with Radar,8,47,18,6,79,2,0,19,0,21,10,47,37,6,100,47,0,47,147
10/06/2011,LAN,MI,AGL,CE,Combined TRACON& Tower with Radar,8,48,35,2,93,0,0,27,3,30,8,48,62,5,123,0,0,0,123
10/07/2011,LAN,MI,AGL,CE,Combined TRACON& Tower with Radar,10,46,20,0,76,0,1,31,0,32,10,47,51,0,108,10,0,10,118
10/08/2011,LAN,MI,AGL,CE,Combined TRACON& Tower with Radar,10,32,4,0,46,0,0,40,0,40,10,32,44,0,86,0,0,0,86
10/09/2011,LAN,MI,AGL,CE,Combined TRACON& Tower with Radar,7,25,15,2,49,0,1,28,0,29,7,26,43,2,78,20,0,20,98
10/10/2011,LAN,MI,AGL,CE,Combined TRACON& Tower with Radar,5,36,29,0,70,0,6,34,0,40,5,42,63,0,110,0,0,0,110
10/11/2011,LAN,MI,AGL,CE,Combined TRACON& Tower with Radar,6,43,24,2,75,0,1,31,0,32,6,44,55,2,107,20,0,20,127
10/12/2011,LAN,MI,AGL,CE,Combined TRACON& Tower with Radar,6,41,27,2,76,0,0,22,0,22,6,41,49,2,98,10,0,10,108
10/13/2011,LAN,MI,AGL,CE,Combined TRACON& Tower with Radar,5,52,26,0,83,0,0,9,0,9,5,52,35,0,92,12,0,12,104
10/14/2011,LAN,MI,AGL,CE,Combined TRACON& Tower with Radar,8,50,31,0,89,0,1,5,1,7,8,51,36,1,96,0,0,0,96
10/15/2011,LAN,MI,AGL,CE,Combined TRACON& Tower with Radar,5,35,24,0,64,0,0,9,2,11,5,35,33,2,75,8,0,8,83
10/16/2011,LAN,MI,AGL,CE,Combined TRACON& Tower with Radar,6,31,23,0,60,0,0,10,1,11,6,31,33,1,71,0,0,0,71
10/17/2011,LAN,MI,AGL,CE,Combined TRACON& Tower with Radar,5,39,8,1,53,0,0,13,0,13,5,39,21,1,66,2,0,2,68
10/18/2011,LAN,MI,AGL,CE,Combined TRACON& Tower with Radar,6,48,17,6,77,0,1,20,2,23,6,49,37,8,100,10,0,10,110
10/19/2011,LAN,MI,AGL,CE,Combined TRACON& Tower with Radar,6,46,12,1,65,0,0,0,0,0,6,46,12,1,65,0,0,0,65
10/20/2011,LAN,MI,AGL,CE,Combined TRACON& Tower with Radar,6,46,11,4,67,0,0,0,0,0,6,46,11,4,67,0,0,0,67
10/21/2011,LAN,MI,AGL,CE,Combined TRACON& Tower with Radar,10,53,34,6,103,0,0,8,1,9,10,53,42,7,112,12,0,12,124
10/22/2011,LAN,MI,AGL,CE,Combined TRACON& Tower with Radar,6,35,24,0,65,0,3,42,0,45,6,38,66,0,110,12,0,12,122
10/23/2011,LAN,MI,AGL,CE,Combined TRACON& Tower with Radar,7,30,25,2,64,0,0,26,2,28,7,30,51,4,92,0,0,0,92
10/24/2011,LAN,MI,AGL,CE,Combined TRACON& Tower with Radar,5,35,19,4,63,0,0,9,0,9,5,35,28,4,72,0,0,0,72
10/25/2011,LAN,MI,AGL,CE,Combined TRACON& Tower with Radar,6,51,21,3,81,0,2,18,0,20,6,53,39,3,101,4,0,4,105
10/26/2011,LAN,MI,AGL,CE,Combined TRACON& Tower with Radar,6,46,44,4,100,0,0,3,0,3,6,46,47,4,103,0,0,0,103
10/27/2011,LAN,MI,AGL,CE,Combined TRACON& Tower with Radar,8,45,35,0,88,0,3,13,0,16,8,48,48,0,104,0,0,0,104
10/28/2011,LAN,MI,AGL,CE,Combined TRACON& Tower with Radar,10,44,35,4,93,0,0,21,2,23,10,44,56,6,116,0,0,0,116
10/29/2011,LAN,MI,AGL,CE,Combined TRACON& Tower with Radar,9,30,12,0,51,0,1,19,2,22,9,31,31,2,73,10,0,10,83
10/30/2011,LAN,MI,AGL,CE,Combined TRACON& Tower with Radar,8,22,12,0,42,0,0,29,0,29,8,22,41,0,71,10,0,10,81
10/31/2011,LAN,MI,AGL,CE,Combined TRACON& Tower with Radar,5,35,11,0,51,0,2,14,0,16,5,37,25,0,67,0,0,0,67
11/01/2011,LAN,MI,AGL,CE,Combined TRACON& Tower with Radar,8,43,24,5,80,0,3,23,0,26,8,46,47,5,106,0,0,0,106
11/02/2011,LAN,MI,AGL,CE,Combined TRACON& Tower with Radar,7,41,15,4,67,0,2,19,5,26,7,43,34,9,93,6,0,6,99
11/03/2011,LAN,MI,AGL,CE,Combined TRACON& Tower with Radar,6,44,23,4,77,0,1,15,2,18,6,45,38,6,95,0,0,0,95
11/04/2011,LAN,MI,AGL,CE,Combined TRACON& Tower with Radar,10,50,47,10,117,0,0,29,2,31,10,50,76,12,148,24,0,24,172
11/05/2011,LAN,MI,AGL,CE,Combined TRACON& Tower with Radar,7,37,20,12,76,0,0,38,2,40,7,37,58,14,116,0,0,0,116
11/06/2011,LAN,MI,AGL,CE,Combined TRACON& Tower with Radar,6,25,8,8,47,0,1,25,0,26,6,26,33,8,73,30,0,30,103
11/07/2011,LAN,MI,AGL,CE,Combined TRACON& Tower with Radar,5,36,16,2,59,0,0,14,0,14,5,36,30,2,73,4,16,20,93
11/08/2011,LAN,MI,AGL,CE,Combined TRACON& Tower with Radar,5,39,14,2,60,0,0,1,0,1,5,39,15,2,61,0,0,0,61
11/09/2011,LAN,MI,AGL,CE,Combined TRACON& Tower with Radar,8,43,17,7,75,0,0,0,0,0,8,43,17,7,75,12,0,12,87
11/10/2011,LAN,MI,AGL,CE,Combined TRACON& Tower with Radar,6,56,31,11,104,0,0,4,0,4,6,56,35,11,108,0,2,2,110
11/11/2011,LAN,MI,AGL,CE,Combined TRACON& Tower with Radar,10,42,15,1,68,0,3,21,2,26,10,45,36,3,94,0,0,0,94
11/12/2011,LAN,MI,AGL,CE,Combined TRACON& Tower with Radar,9,31,25,0,65,0,1,22,0,23,9,32,47,0,88,0,0,0,88
11/13/2011,LAN,MI,AGL,CE,Combined TRACON& Tower with Radar,6,29,9,0,44,0,0,3,0,3,6,29,12,0,47,0,0,0,47
11/14/2011,LAN,MI,AGL,CE,Combined TRACON& Tower with Radar,7,36,26,0,69,0,3,2,0,5,7,39,28,0,74,0,0,0,74
11/15/2011,LAN,MI,AGL,CE,Combined TRACON& Tower with Radar,8,46,26,0,80,0,2,14,0,16,8,48,40,0,96,0,0,0,96
11/16/2011,LAN,MI,AGL,CE,Combined TRACON& Tower with Radar,9,43,29,4,85,0,1,28,3,32,9,44,57,7,117,0,0,0,117
11/17/2011,LAN,MI,AGL,CE,Combined TRACON& Tower with Radar,6,48,11,1,66,0,3,11,2,16,6,51,22,3,82,0,0,0,82
11/18/2011,LAN,MI,AGL,CE,Combined TRACON& Tower with Radar,13,48,23,0,84,0,1,12,0,13,13,49,35,0,97,8,0,8,105
11/19/2011,LAN,MI,AGL,CE,Combined TRACON& Tower with Radar,7,27,22,0,56,0,0,17,0,17,7,27,39,0,73,4,0,4,77
11/20/2011,LAN,MI,AGL,CE,Combined TRACON& Tower with Radar,8,20,28,0,56,0,0,17,0,17,8,20,45,0,73,0,0,0,73
11/21/2011,LAN,MI,AGL,CE,Combined TRACON& Tower with Radar,5,38,27,1,71,0,0,28,0,28,5,38,55,1,99,6,0,6,105
11/22/2011,LAN,MI,AGL,CE,Combined TRACON& Tower with Radar,8,49,28,1,86,0,5,18,0,23,8,54,46,1,109,8,0,8,117
11/23/2011,LAN,MI,AGL,CE,Combined TRACON& Tower with Radar,7,52,20,10,89,0,1,39,2,42,7,53,59,12,131,32,10,42,173
11/24/2011,LAN,MI,AGL,CE,Combined TRACON& Tower with Radar,4,16,20,0,40,0,0,2,0,2,4,16,22,0,42,0,0,0,42
11/25/2011,LAN,MI,AGL,CE,Combined TRACON& Tower with Radar,10,32,21,0,63,0,1,17,0,18,10,33,38,0,81,0,0,0,81
11/26/2011,LAN,MI,AGL,CE,Combined TRACON& Tower with Radar,3,35,12,0,50,0,1,7,0,8,3,36,19,0,58,4,0,4,62
11/27/2011,LAN,MI,AGL,CE,Combined TRACON& Tower with Radar,6,26,7,0,39,0,0,0,0,0,6,26,7,0,39,0,0,0,39
11/28/2011,LAN,MI,AGL,CE,Combined TRACON& Tower with Radar,8,41,14,1,64,0,0,0,1,1,8,41,14,2,65,0,0,0,65
11/29/2011,LAN,MI,AGL,CE,Combined TRACON& Tower with Radar,7,41,12,0,60,0,0,0,0,0,7,41,12,0,60,0,0,0,60
11/30/2011,LAN,MI,AGL,CE,Combined TRACON& Tower with Radar,7,27,17,3,54,0,1,9,1,11,7,28,26,4,65,0,0,0,65
12/01/2011,LAN,MI,AGL,CE,Combined TRACON& Tower with Radar,8,44,31,4,87,0,0,31,0,31,8,44,62,4,118,20,0,20,138
12/02/2011,LAN,MI,AGL,CE,Combined TRACON& Tower with Radar,10,48,29,1,88,0,0,15,0,15,10,48,44,1,103,0,0,0,103
12/03/2011,LAN,MI,AGL,CE,Combined TRACON& Tower with Radar,7,36,20,5,68,0,1,36,4,41,7,37,56,9,109,13,0,13,122
12/04/2011,LAN,MI,AGL,CE,Combined TRACON& Tower with Radar,10,24,12,0,46,0,1,1,0,2,10,25,13,0,48,22,0,22,70
12/05/2011,LAN,MI,AGL,CE,Combined TRACON& Tower with Radar,6,39,19,2,66,0,0,4,0,4,6,39,23,2,70,0,0,0,70
12/06/2011,LAN,MI,AGL,CE,Combined TRACON& Tower with Radar,8,45,18,5,76,0,0,8,1,9,8,45,26,6,85,14,0,14,99
12/07/2011,LAN,MI,AGL,CE,Combined TRACON& Tower with Radar,8,43,32,5,88,0,0,19,0,19,8,43,51,5,107,16,0,16,123
12/08/2011,LAN,MI,AGL,CE,Combined TRACON& Tower with Radar,10,45,24,0,79,0,2,25,0,27,10,47,49,0,106,26,0,26,132
12/09/2011,LAN,MI,AGL,CE,Combined TRACON& Tower with Radar,9,46,17,2,74,0,0,5,0,5,9,46,22,2,79,0,0,0,79
12/10/2011,LAN,MI,AGL,CE,Combined TRACON& Tower with Radar,5,31,13,2,51,0,1,26,3,30,5,32,39,5,81,20,0,20,101
12/11/2011,LAN,MI,AGL,CE,Combined TRACON& Tower with Radar,8,21,22,2,53,0,1,26,0,27,8,22,48,2,80,10,0,10,90
12/12/2011,LAN,MI,AGL,CE,Combined TRACON& Tower with Radar,6,43,27,6,82,0,0,28,0,28,6,43,55,6,110,10,0,10,120
12/13/2011,LAN,MI,AGL,CE,Combined TRACON& Tower with Radar,8,53,31,8,100,0,0,14,1,15,8,53,45,9,115,24,0,24,139
12/14/2011,LAN,MI,AGL,CE,Combined TRACON& Tower with Radar,10,53,13,0,76,0,0,0,0,0,10,53,13,0,76,0,0,0,76
12/15/2011,LAN,MI,AGL,CE,Combined TRACON& Tower with Radar,10,51,17,6,84,0,0,6,0,6,10,51,23,6,90,1,0,1,91
12/16/2011,LAN,MI,AGL,CE,Combined TRACON& Tower with Radar,10,53,15,0,78,0,1,26,0,27,10,54,41,0,105,0,0,0,105
12/17/2011,LAN,MI,AGL,CE,Combined TRACON& Tower with Radar,7,35,10,0,52,0,0,3,0,3,7,35,13,0,55,0,0,0,55
12/18/2011,LAN,MI,AGL,CE,Combined TRACON& Tower with Radar,8,19,8,0,35,0,1,18,0,19,8,20,26,0,54,10,0,10,64
12/19/2011,LAN,MI,AGL,CE,Combined TRACON& Tower with Radar,7,42,14,0,63,0,0,5,0,5,7,42,19,0,68,24,0,24,92
12/20/2011,LAN,MI,AGL,CE,Combined TRACON& Tower with Radar,15,48,16,2,81,0,0,10,5,15,15,48,26,7,96,2,0,2,98
12/21/2011,LAN,MI,AGL,CE,Combined TRACON& Tower with Radar,16,53,6,2,77,0,0,0,0,0,16,53,6,2,77,0,0,0,77
12/22/2011,LAN,MI,AGL,CE,Combined TRACON& Tower with Radar,14,53,18,2,87,0,0,4,0,4,14,53,22,2,91,0,0,0,91
12/23/2011,LAN,MI,AGL,CE,Combined TRACON& Tower with Radar,18,51,9,0,78,0,0,39,0,39,18,51,48,0,117,22,0,22,139
12/24/2011,LAN,MI,AGL,CE,Combined TRACON& Tower with Radar,8,29,2,0,39,0,0,7,0,7,8,29,9,0,46,0,0,0,46
12/25/2011,LAN,MI,AGL,CE,Combined TRACON& Tower with Radar,8,14,0,0,22,0,0,2,0,2,8,14,2,0,24,0,0,0,24
12/26/2011,LAN,MI,AGL,CE,Combined TRACON& Tower with Radar,12,22,8,0,42,0,1,27,0,28,12,23,35,0,70,0,0,0,70
12/27/2011,LAN,MI,AGL,CE,Combined TRACON& Tower with Radar,7,37,6,1,51,0,0,0,0,0,7,37,6,1,51,0,0,0,51
12/28/2011,LAN,MI,AGL,CE,Combined TRACON& Tower with Radar,11,43,15,0,69,0,1,20,0,21,11,44,35,0,90,28,0,28,118
12/29/2011,LAN,MI,AGL,CE,Combined TRACON& Tower with Radar,10,36,6,1,53,0,1,1,1,3,10,37,7,2,56,0,0,0,56
12/30/2011,LAN,MI,AGL,CE,Combined TRACON& Tower with Radar,14,44,4,0,62,0,0,0,0,0,14,44,4,0,62,0,0,0,62
12/31/2011,LAN,MI,AGL,CE,Combined TRACON& Tower with Radar,8,31,2,0,41,0,0,1,0,1,8,31,3,0,42,0,0,0,42
01/01/2012,LAN,MI,AGL,CE,Combined TRACON& Tower with Radar,8,14,0,0,22,0,0,2,0,2,8,14,2,0,24,0,0,0,24
01/02/2012,LAN,MI,AGL,CE,Combined TRACON& Tower with Radar,12,26,12,0,50,0,1,4,0,5,12,27,16,0,55,0,0,0,55
01/03/2012,LAN,MI,AGL,CE,Combined TRACON& Tower with Radar,15,35,11,1,62,0,2,19,0,21,15,37,30,1,83,2,14,16,99
01/04/2012,LAN,MI,AGL,CE,Combined TRACON& Tower with Radar,11,40,37,2,90,0,0,17,1,18,11,40,54,3,108,0,0,0,108
01/05/2012,LAN,MI,AGL,CE,Combined TRACON& Tower with Radar,8,39,24,6,77,0,5,27,0,32,8,44,51,6,109,4,10,14,123
01/06/2012,LAN,MI,AGL,CE,Combined TRACON& Tower with Radar,14,44,49,2,109,0,2,21,1,24,14,46,70,3,133,16,0,16,149
01/07/2012,LAN,MI,AGL,CE,Combined TRACON& Tower with Radar,7,35,16,7,65,0,0,12,2,14,7,35,28,9,79,14,0,14,93
01/08/2012,LAN,MI,AGL,CE,Combined TRACON& Tower with Radar,8,24,20,5,57,0,0,22,0,22,8,24,42,5,79,0,0,0,79
01/09/2012,LAN,MI,AGL,CE,Combined TRACON& Tower with Radar,12,35,9,4,60,0,1,12,2,15,12,36,21,6,75,12,0,12,87
01/10/2012,LAN,MI,AGL,CE,Combined TRACON& Tower with Radar,7,36,43,3,89,0,2,45,0,47,7,38,88,3,136,0,0,0,136
01/11/2012,LAN,MI,AGL,CE,Combined TRACON& Tower with Radar,9,45,37,2,93,0,0,24,1,25,9,45,61,3,118,0,0,0,118
01/12/2012,LAN,MI,AGL,CE,Combined TRACON& Tower with Radar,8,41,17,0,66,0,0,1,0,1,8,41,18,0,67,30,0,30,97
01/13/2012,LAN,MI,AGL,CE,Combined TRACON& Tower with Radar,12,38,8,2,60,0,0,0,0,0,12,38,8,2,60,0,0,0,60
01/14/2012,LAN,MI,AGL,CE,Combined TRACON& Tower with Radar,4,33,11,0,48,0,0,1,0,1,4,33,12,0,49,0,0,0,49
01/15/2012,LAN,MI,AGL,CE,Combined TRACON& Tower with Radar,9,21,3,0,33,0,0,20,0,20,9,21,23,0,53,0,0,0,53
01/16/2012,LAN,MI,AGL,CE,Combined TRACON& Tower with Radar,13,35,10,0,58,0,0,1,0,1,13,35,11,0,59,0,0,0,59
01/17/2012,LAN,MI,AGL,CE,Combined TRACON& Tower with Radar,6,40,13,2,61,0,0,0,0,0,6,40,13,2,61,0,0,0,61
01/18/2012,LAN,MI,AGL,CE,Combined TRACON& Tower with Radar,10,63,33,3,109,0,0,14,1,15,10,63,47,4,124,0,0,0,124
01/19/2012,LAN,MI,AGL,CE,Combined TRACON& Tower with Radar,8,44,14,21,87,0,0,4,0,4,8,44,18,21,91,18,8,26,117
01/20/2012,LAN,MI,AGL,CE,Combined TRACON& Tower with Radar,12,39,7,0,58,0,0,5,3,8,12,39,12,3,66,12,0,12,78
01/21/2012,LAN,MI,AGL,CE,Combined TRACON& Tower with Radar,5,29,17,0,51,0,0,32,0,32,5,29,49,0,83,30,0,30,113
01/22/2012,LAN,MI,AGL,CE,Combined TRACON& Tower with Radar,8,20,2,0,30,0,0,0,0,0,8,20,2,0,30,0,0,0,30
01/23/2012,LAN,MI,AGL,CE,Combined TRACON& Tower with Radar,9,36,19,2,66,0,0,3,0,3,9,36,22,2,69,0,0,0,69
01/24/2012,LAN,MI,AGL,CE,Combined TRACON& Tower with Radar,8,40,10,7,65,0,4,5,1,10,8,44,15,8,75,2,0,2,77
01/25/2012,LAN,MI,AGL,CE,Combined TRACON& Tower with Radar,12,37,40,3,92,0,6,14,3,23,12,43,54,6,115,40,0,40,155
01/26/2012,LAN,MI,AGL,CE,Combined TRACON& Tower with Radar,12,44,26,2,84,0,0,3,0,3,12,44,29,2,87,0,0,0,87
01/27/2012,LAN,MI,AGL,CE,Combined TRACON& Tower with Radar,11,43,15,2,71,0,2,28,0,30,11,45,43,2,101,22,0,22,123
01/28/2012,LAN,MI,AGL,CE,Combined TRACON& Tower with Radar,6,34,0,0,40,0,2,2,0,4,6,36,2,0,44,0,0,0,44
01/29/2012,LAN,MI,AGL,CE,Combined TRACON& Tower with Radar,8,25,7,2,42,0,1,1,0,2,8,26,8,2,44,0,0,0,44
01/30/2012,LAN,MI,AGL,CE,Combined TRACON& Tower with Radar,10,31,17,5,63,0,0,13,0,13,10,31,30,5,76,18,0,18,94
01/31/2012,LAN,MI,AGL,CE,Combined TRACON& Tower with Radar,8,39,20,4,71,0,1,26,0,27,8,40,46,4,98,12,0,12,110
02/01/2012,LAN,MI,AGL,CE,Combined TRACON& Tower with Radar,12,41,22,0,75,0,1,12,2,15,12,42,34,2,90,20,0,20,110
02/02/2012,LAN,MI,AGL,CE,Combined TRACON& Tower with Radar,8,42,23,0,73,0,0,12,0,12,8,42,35,0,85,2,0,2,87
02/03/2012,LAN,MI,AGL,CE,Combined TRACON& Tower with Radar,12,40,25,0,77,0,2,7,1,10,12,42,32,1,87,0,0,0,87
02/04/2012,LAN,MI,AGL,CE,Combined TRACON& Tower with Radar,5,33,30,2,70,0,4,36,1,41,5,37,66,3,111,60,0,60,171
02/05/2012,LAN,MI,AGL,CE,Combined TRACON& Tower with Radar,8,22,10,4,44,0,0,31,0,31,8,22,41,4,75,0,0,0,75
02/06/2012,LAN,MI,AGL,CE,Combined TRACON& Tower with Radar,10,41,8,2,61,0,0,23,0,23,10,41,31,2,84,5,0,5,89
02/07/2012,LAN,MI,AGL,CE,Combined TRACON& Tower with Radar,8,40,15,0,63,0,0,7,0,7,8,40,22,0,70,14,2,16,86
02/08/2012,LAN,MI,AGL,CE,Combined TRACON& Tower with Radar,11,41,38,3,93,0,2,33,0,35,11,43,71,3,128,2,0,2,130
02/09/2012,LAN,MI,AGL,CE,Combined TRACON& Tower with Radar,8,42,30,4,84,0,5,28,1,34,8,47,58,5,118,18,0,18,136
02/10/2012,LAN,MI,AGL,CE,Combined TRACON& Tower with Radar,10,44,22,0,76,0,0,2,0,2,10,44,24,0,78,0,0,0,78
02/11/2012,LAN,MI,AGL,CE,Combined TRACON& Tower with Radar,4,35,7,0,46,0,2,9,0,11,4,37,16,0,57,2,0,2,59
02/12/2012,LAN,MI,AGL,CE,Combined TRACON& Tower with Radar,9,22,8,2,41,0,0,12,0,12,9,22,20,2,53,0,0,0,53
02/13/2012,LAN,MI,AGL,CE,Combined TRACON& Tower with Radar,9,38,28,2,77,0,1,18,0,19,9,39,46,2,96,0,0,0,96
02/14/2012,LAN,MI,AGL,CE,Combined TRACON& Tower with Radar,6,40,12,4,62,0,0,1,1,2,6,40,13,5,64,0,0,0,64
02/15/2012,LAN,MI,AGL,CE,Combined TRACON& Tower with Radar,10,43,39,4,96,0,0,10,5,15,10,43,49,9,111,12,0,12,123
02/16/2012,LAN,MI,AGL,CE,Combined TRACON& Tower with Radar,9,47,25,4,85,0,1,4,0,5,9,48,29,4,90,18,0,18,108
02/17/2012,LAN,MI,AGL,CE,Combined TRACON& Tower with Radar,10,40,21,10,81,0,1,18,3,22,10,41,39,13,103,5,0,5,108
02/18/2012,LAN,MI,AGL,CE,Combined TRACON& Tower with Radar,7,30,6,0,43,0,3,12,0,15,7,33,18,0,58,0,0,0,58
02/19/2012,LAN,MI,AGL,CE,Combined TRACON& Tower with Radar,9,18,29,2,58,0,0,41,0,41,9,18,70,2,99,4,0,4,103
02/20/2012,LAN,MI,AGL,CE,Combined TRACON& Tower with Radar,9,32,22,4,67,0,0,26,1,27,9,32,48,5,94,0,0,0,94
02/21/2012,LAN,MI,AGL,CE,Combined TRACON& Tower with Radar,9,41,9,2,61,0,0,3,4,7,9,41,12,6,68,40,0,40,108
02/22/2012,LAN,MI,AGL,CE,Combined TRACON& Tower with Radar,10,42,35,6,93,0,4,20,0,24,10,46,55,6,117,10,0,10,127
02/23/2012,LAN,MI,AGL,CE,Combined TRACON& Tower with Radar,10,42,20,3,75,0,0,23,2,25,10,42,43,5,100,6,0,6,106
02/24/2012,LAN,MI,AGL,CE,Combined TRACON& Tower with Radar,11,35,15,0,61,0,0,4,0,4,11,35,19,0,65,0,0,0,65
02/25/2012,LAN,MI,AGL,CE,Combined TRACON& Tower with Radar,7,32,4,0,43,0,0,8,0,8,7,32,12,0,51,0,0,0,51
02/26/2012,LAN,MI,AGL,CE,Combined TRACON& Tower with Radar,9,21,5,4,39,0,2,21,0,23,9,23,26,4,62,22,0,22,84
02/27/2012,LAN,MI,AGL,CE,Combined TRACON& Tower with Radar,11,34,37,2,84,0,2,8,0,10,11,36,45,2,94,0,0,0,94
02/28/2012,LAN,MI,AGL,CE,Combined TRACON& Tower with Radar,8,36,34,7,85,1,0,27,3,31,9,36,61,10,116,38,18,56,172
02/29/2012,LAN,MI,AGL,CE,Combined TRACON& Tower with Radar,10,42,13,2,67,0,0,0,0,0,10,42,13,2,67,0,0,0,67
03/01/2012,LAN,MI,AGL,CE,Combined TRACON& Tower with Radar,7,50,16,2,75,0,0,8,2,10,7,50,24,4,85,14,0,14,99
03/02/2012,LAN,MI,AGL,CE,Combined TRACON& Tower with Radar,14,42,27,3,86,0,0,9,2,11,14,42,36,5,97,8,0,8,105
03/03/2012,LAN,MI,AGL,CE,Combined TRACON& Tower with Radar,5,33,2,2,42,0,0,0,1,1,5,33,2,3,43,0,0,0,43
03/04/2012,LAN,MI,AGL,CE,Combined TRACON& Tower with Radar,8,27,6,0,41,0,0,8,0,8,8,27,14,0,49,10,0,10,59
03/05/2012,LAN,MI,AGL,CE,Combined TRACON& Tower with Radar,11,34,15,3,63,0,1,22,1,24,11,35,37,4,87,16,0,16,103
03/06/2012,LAN,MI,AGL,CE,Combined TRACON& Tower with Radar,8,40,23,1,72,0,0,16,0,16,8,40,39,1,88,0,0,0,88
03/07/2012,LAN,MI,AGL,CE,Combined TRACON& Tower with Radar,10,39,11,6,66,0,0,1,1,2,10,39,12,7,68,0,0,0,68
03/08/2012,LAN,MI,AGL,CE,Combined TRACON& Tower with Radar,8,47,35,1,91,0,0,5,0,5,8,47,40,1,96,0,0,0,96
03/09/2012,LAN,MI,AGL,CE,Combined TRACON& Tower with Radar,10,41,12,5,68,0,0,20,3,23,10,41,32,8,91,2,0,2,93
03/10/2012,LAN,MI,AGL,CE,Combined TRACON& Tower with Radar,4,30,12,0,46,0,0,24,0,24,4,30,36,0,70,10,0,10,80
03/11/2012,LAN,MI,AGL,CE,Combined TRACON& Tower with Radar,6,22,18,0,46,0,0,23,0,23,6,22,41,0,69,0,0,0,69
03/12/2012,LAN,MI,AGL,CE,Combined TRACON& Tower with Radar,9,44,13,0,66,0,1,4,0,5,9,45,17,0,71,0,0,0,71
03/13/2012,LAN,MI,AGL,CE,Combined TRACON& Tower with Radar,8,43,38,9,98,0,0,28,0,28,8,43,66,9,126,0,0,0,126
03/14/2012,LAN,MI,AGL,CE,Combined TRACON& Tower with Radar,10,40,36,1,87,0,2,38,1,41,10,42,74,2,128,20,0,20,148
03/15/2012,LAN,MI,AGL,CE,Combined TRACON& Tower with Radar,12,44,19,6,81,0,1,27,0,28,12,45,46,6,109,32,0,32,141
03/16/2012,LAN,MI,AGL,CE,Combined TRACON& Tower with Radar,12,42,19,0,73,0,0,18,5,23,12,42,37,5,96,0,0,0,96
03/17/2012,LAN,MI,AGL,CE,Combined TRACON& Tower with Radar,6,29,14,0,49,0,0,20,2,22,6,29,34,2,71,6,0,6,77
03/18/2012,LAN,MI,AGL,CE,Combined TRACON& Tower with Radar,7,24,19,7,57,0,0,12,0,12,7,24,31,7,69,0,0,0,69
03/19/2012,LAN,MI,AGL,CE,Combined TRACON& Tower with Radar,13,35,25,6,79,0,2,19,0,21,13,37,44,6,100,60,0,60,160
03/20/2012,LAN,MI,AGL,CE,Combined TRACON& Tower with Radar,6,37,20,8,71,0,2,20,0,22,6,39,40,8,93,22,0,22,115
03/21/2012,LAN,MI,AGL,CE,Combined TRACON& Tower with Radar,12,40,41,9,102,0,3,27,2,32,12,43,68,11,134,28,0,28,162
03/22/2012,LAN,MI,AGL,CE,Combined TRACON& Tower with Radar,8,44,23,3,78,0,0,25,1,26,8,44,48,4,104,6,0,6,110
03/23/2012,LAN,MI,AGL,CE,Combined TRACON& Tower with Radar,13,41,19,0,73,0,0,8,0,8,13,41,27,0,81,0,0,0,81
03/24/2012,LAN,MI,AGL,CE,Combined TRACON& Tower with Radar,5,31,47,0,83,0,0,1,0,1,5,31,48,0,84,0,0,0,84
03/25/2012,LAN,MI,AGL,CE,Combined TRACON& Tower with Radar,7,23,15,2,47,0,0,45,0,45,7,23,60,2,92,0,0,0,92
03/26/2012,LAN,MI,AGL,CE,Combined TRACON& Tower with Radar,9,42,39,2,92,0,0,13,0,13,9,42,52,2,105,0,0,0,105
03/27/2012,LAN,MI,AGL,CE,Combined TRACON& Tower with Radar,6,41,16,2,65,0,3,22,0,25,6,44,38,2,90,26,0,26,116
03/28/2012,LAN,MI,AGL,CE,Combined TRACON& Tower with Radar,10,40,12,3,65,0,0,16,1,17,10,40,28,4,82,2,0,2,84
03/29/2012,LAN,MI,AGL,CE,Combined TRACON& Tower with Radar,7,44,24,0,75,0,0,20,0,20,7,44,44,0,95,28,0,28,123
03/30/2012,LAN,MI,AGL,CE,Combined TRACON& Tower with Radar,17,48,14,0,79,0,0,3,0,3,17,48,17,0,82,0,0,0,82
03/31/2012,LAN,MI,AGL,CE,Combined TRACON& Tower with Radar,7,37,22,0,66,0,1,5,0,6,7,38,27,0,72,0,0,0,72
04/01/2012,LAN,MI,AGL,CE,Combined TRACON& Tower with Radar,6,24,11,0,41,0,0,8,0,8,6,24,19,0,49,0,0,0,49
04/02/2012,LAN,MI,AGL,CE,Combined TRACON& Tower with Radar,9,37,17,2,65,0,0,34,0,34,9,37,51,2,99,18,0,18,117
04/03/2012,LAN,MI,AGL,CE,Combined TRACON& Tower with Radar,6,43,11,4,64,0,0,12,0,12,6,43,23,4,76,16,0,16,92
04/04/2012,LAN,MI,AGL,CE,Combined TRACON& Tower with Radar,10,40,13,8,71,0,0,45,2,47,10,40,58,10,118,22,0,22,140
04/05/2012,LAN,MI,AGL,CE,Combined TRACON& Tower with Radar,9,40,26,4,79,0,0,25,1,26,9,40,51,5,105,0,0,0,105
04/06/2012,LAN,MI,AGL,CE,Combined TRACON& Tower with Radar,11,40,17,3,71,0,0,38,0,38,11,40,55,3,109,0,0,0,109
04/07/2012,LAN,MI,AGL,CE,Combined TRACON& Tower with Radar,6,31,24,0,61,0,7,30,0,37,6,38,54,0,98,14,0,14,112
04/08/2012,LAN,MI,AGL,CE,Combined TRACON& Tower with Radar,6,20,2,0,28,0,0,13,0,13,6,20,15,0,41,0,0,0,41
04/09/2012,LAN,MI,AGL,CE,Combined TRACON& Tower with Radar,9,36,7,2,54,0,0,19,0,19,9,36,26,2,73,0,0,0,73
04/10/2012,LAN,MI,AGL,CE,Combined TRACON& Tower with Radar,8,43,4,16,71,0,0,15,1,16,8,43,19,17,87,43,0,43,130
04/11/2012,LAN,MI,AGL,CE,Combined TRACON& Tower with Radar,10,44,34,0,88,0,2,41,2,45,10,46,75,2,133,39,0,39,172
04/12/2012,LAN,MI,AGL,CE,Combined TRACON& Tower with Radar,8,48,22,3,81,0,0,31,0,31,8,48,53,3,112,62,0,62,174
04/13/2012,LAN,MI,AGL,CE,Combined TRACON& Tower with Radar,10,47,15,6,78,0,0,43,0,43,10,47,58,6,121,8,0,8,129
04/14/2012,LAN,MI,AGL,CE,Combined TRACON& Tower with Radar,5,28,13,9,55,0,1,15,1,17,5,29,28,10,72,26,0,26,98
04/15/2012,LAN,MI,AGL,CE,Combined TRACON& Tower with Radar,7,19,6,0,32,0,0,0,0,0,7,19,6,0,32,0,0,0,32
04/16/2012,LAN,MI,AGL,CE,Combined TRACON& Tower with Radar,10,32,23,2,67,0,0,4,0,4,10,32,27,2,71,0,0,0,71
04/17/2012,LAN,MI,AGL,CE,Combined TRACON& Tower with Radar,6,39,29,17,91,0,1,33,1,35,6,40,62,18,126,14,14,28,154
04/18/2012,LAN,MI,AGL,CE,Combined TRACON& Tower with Radar,6,43,21,2,72,0,0,13,1,14,6,43,34,3,86,49,0,49,135
04/19/2012,LAN,MI,AGL,CE,Combined TRACON& Tower with Radar,6,44,19,5,74,0,1,21,0,22,6,45,40,5,96,10,0,10,106
04/20/2012,LAN,MI,AGL,CE,Combined TRACON& Tower with Radar,8,39,25,6,78,0,1,4,0,5,8,40,29,6,83,0,0,0,83
04/21/2012,LAN,MI,AGL,CE,Combined TRACON& Tower with Radar,5,36,13,2,56,0,0,22,0,22,5,36,35,2,78,14,14,28,106
04/22/2012,LAN,MI,AGL,CE,Combined TRACON& Tower with Radar,6,23,7,0,36,0,0,15,0,15,6,23,22,0,51,18,0,18,69
04/23/2012,LAN,MI,AGL,CE,Combined TRACON& Tower with Radar,7,41,13,4,65,0,0,15,0,15,7,41,28,4,80,16,0,16,96
04/24/2012,LAN,MI,AGL,CE,Combined TRACON& Tower with Radar,8,39,16,8,71,0,2,14,0,16,8,41,30,8,87,36,0,36,123
04/25/2012,LAN,MI,AGL,CE,Combined TRACON& Tower with Radar,6,39,26,8,79,0,0,18,0,18,6,39,44,8,97,10,0,10,107
04/26/2012,LAN,MI,AGL,CE,Combined TRACON& Tower with Radar,5,41,33,14,93,0,0,11,1,12,5,41,44,15,105,0,0,0,105
04/27/2012,LAN,MI,AGL,CE,Combined TRACON& Tower with Radar,7,45,31,0,83,0,1,39,1,41,7,46,70,1,124,0,0,0,124
04/28/2012,LAN,MI,AGL,CE,Combined TRACON& Tower with Radar,3,30,8,2,43,0,0,16,0,16,3,30,24,2,59,8,0,8,67
04/29/2012,LAN,MI,AGL,CE,Combined TRACON& Tower with Radar,6,22,7,1,36,0,0,48,0,48,6,22,55,1,84,18,0,18,102
04/30/2012,LAN,MI,AGL,CE,Combined TRACON& Tower with Radar,9,42,8,3,62,0,2,1,0,3,9,44,9,3,65,0,0,0,65
05/01/2012,LAN,MI,AGL,CE,Combined TRACON& Tower with Radar,6,41,26,2,75,0,0,14,0,14,6,41,40,2,89,2,0,2,91
05/02/2012,LAN,MI,AGL,CE,Combined TRACON& Tower with Radar,6,37,23,8,74,0,2,9,0,11,6,39,32,8,85,12,14,26,111
05/03/2012,LAN,MI,AGL,CE,Combined TRACON& Tower with Radar,7,37,11,1,56,0,0,16,1,17,7,37,27,2,73,36,0,36,109
05/04/2012,LAN,MI,AGL,CE,Combined TRACON& Tower with Radar,8,41,21,8,78,0,0,12,1,13,8,41,33,9,91,0,0,0,91
05/05/2012,LAN,MI,AGL,CE,Combined TRACON& Tower with Radar,3,29,14,5,51,0,0,8,1,9,3,29,22,6,60,8,0,8,68
05/06/2012,LAN,MI,AGL,CE,Combined TRACON& Tower with Radar,6,22,15,2,45,0,0,21,0,21,6,22,36,2,66,8,0,8,74
05/07/2012,LAN,MI,AGL,CE,Combined TRACON& Tower with Radar,6,34,19,8,67,0,1,1,1,3,6,35,20,9,70,0,0,0,70
05/08/2012,LAN,MI,AGL,CE,Combined TRACON& Tower with Radar,7,42,34,11,94,0,0,46,0,46,7,42,80,11,140,6,0,6,146
05/09/2012,LAN,MI,AGL,CE,Combined TRACON& Tower with Radar,6,46,38,3,93,0,0,21,1,22,6,46,59,4,115,22,0,22,137
05/10/2012,LAN,MI,AGL,CE,Combined TRACON& Tower with Radar,6,43,28,3,80,0,1,46,0,47,6,44,74,3,127,22,2,24,151
05/11/2012,LAN,MI,AGL,CE,Combined TRACON& Tower with Radar,6,43,22,2,73,0,1,51,4,56,6,44,73,6,129,0,0,0,129
05/12/2012,LAN,MI,AGL,CE,Combined TRACON& Tower with Radar,1,24,7,0,32,0,0,3,0,3,1,24,10,0,35,34,0,34,69
05/13/2012,LAN,MI,AGL,CE,Combined TRACON& Tower with Radar,4,20,6,0,30,0,0,20,0,20,4,20,26,0,50,8,0,8,58
05/14/2012,LAN,MI,AGL,CE,Combined TRACON& Tower with Radar,5,34,27,6,72,0,0,23,0,23,5,34,50,6,95,53,0,53,148
05/15/2012,LAN,MI,AGL,CE,Combined TRACON& Tower with Radar,6,39,30,2,77,0,0,19,5,24,6,39,49,7,101,10,0,10,111
05/16/2012,LAN,MI,AGL,CE,Combined TRACON& Tower with Radar,6,41,18,3,68,0,0,26,0,26,6,41,44,3,94,6,0,6,100
05/17/2012,LAN,MI,AGL,CE,Combined TRACON& Tower with Radar,6,39,41,1,87,0,2,39,4,45,6,41,80,5,132,0,0,0,132
05/18/2012,LAN,MI,AGL,CE,Combined TRACON& Tower with Radar,7,38,13,0,58,0,0,32,3,35,7,38,45,3,93,8,0,8,101
05/19/2012,LAN,MI,AGL,CE,Combined TRACON& Tower with Radar,1,32,12,2,47,0,0,35,0,35,1,32,47,2,82,0,0,0,82
05/20/2012,LAN,MI,AGL,CE,Combined TRACON& Tower with Radar,4,15,9,0,28,0,0,26,1,27,4,15,35,1,55,18,6,24,79
05/21/2012,LAN,MI,AGL,CE,Combined TRACON& Tower with Radar,5,36,17,2,60,0,0,9,2,11,5,36,26,4,71,16,0,16,87
05/22/2012,LAN,MI,AGL,CE,Combined TRACON& Tower with Radar,6,40,27,5,78,0,1,33,0,34,6,41,60,5,112,12,0,12,124
05/23/2012,LAN,MI,AGL,CE,Combined TRACON& Tower with Radar,6,37,42,0,85,0,0,41,0,41,6,37,83,0,126,4,0,4,130
05/24/2012,LAN,MI,AGL,CE,Combined TRACON& Tower with Radar,6,42,21,0,69,0,0,29,1,30,6,42,50,1,99,2,0,2,101
05/25/2012,LAN,MI,AGL,CE,Combined TRACON& Tower with Radar,6,44,16,0,66,0,1,35,0,36,6,45,51,0,102,41,0,41,143
05/26/2012,LAN,MI,AGL,CE,Combined TRACON& Tower with Radar,5,26,4,0,35,0,0,7,0,7,5,26,11,0,42,0,0,0,42
05/27/2012,LAN,MI,AGL,CE,Combined TRACON& Tower with Radar,4,15,7,0,26,0,0,3,0,3,4,15,10,0,29,0,0,0,29
05/28/2012,LAN,MI,AGL,CE,Combined TRACON& Tower with Radar,5,25,16,0,46,0,1,19,0,20,5,26,35,0,66,14,0,14,80
05/29/2012,LAN,MI,AGL,CE,Combined TRACON& Tower with Radar,6,37,14,0,57,0,0,25,1,26,6,37,39,1,83,18,0,18,101
05/30/2012,LAN,MI,AGL,CE,Combined TRACON& Tower with Radar,6,44,21,2,73,0,3,36,0,39,6,47,57,2,112,32,0,32,144
05/31/2012,LAN,MI,AGL,CE,Combined TRACON& Tower with Radar,6,43,36,2,87,0,4,18,2,24,6,47,54,4,111,8,0,8,119
06/01/2012,LAN,MI,AGL,CE,Combined TRACON& Tower with Radar,6,39,19,6,70,0,0,3,0,3,6,39,22,6,73,0,0,0,73
06/02/2012,LAN,MI,AGL,CE,Combined TRACON& Tower with Radar,5,31,20,0,56,0,0,7,0,7,5,31,27,0,63,0,0,0,63
06/03/2012,LAN,MI,AGL,CE,Combined TRACON& Tower with Radar,4,20,15,2,41,0,0,22,0,22,4,20,37,2,63,0,0,0,63
06/04/2012,LAN,MI,AGL,CE,Combined TRACON& Tower with Radar,5,34,12,2,53,0,4,16,0,20,5,38,28,2,73,54,0,54,127
06/05/2012,LAN,MI,AGL,CE,Combined TRACON& Tower with Radar,6,37,30,0,73,0,0,35,0,35,6,37,65,0,108,6,0,6,114
06/06/2012,LAN,MI,AGL,CE,Combined TRACON& Tower with Radar,6,46,26,1,79,0,3,25,0,28,6,49,51,1,107,36,0,36,143
06/07/2012,LAN,MI,AGL,CE,Combined TRACON& Tower with Radar,6,44,43,15,108,0,0,39,0,39,6,44,82,15,147,48,0,48,195
06/08/2012,LAN,MI,AGL,CE,Combined TRACON& Tower with Radar,8,41,35,2,86,0,0,32,3,35,8,41,67,5,121,0,0,0,121
06/09/2012,LAN,MI,AGL,CE,Combined TRACON& Tower with Radar,5,26,7,2,40,0,0,25,2,27,5,26,32,4,67,16,0,16,83
06/10/2012,LAN,MI,AGL,CE,Combined TRACON& Tower with Radar,4,22,16,0,42,0,2,33,0,35,4,24,49,0,77,0,0,0,77
06/11/2012,LAN,MI,AGL,CE,Combined TRACON& Tower with Radar,7,34,22,2,65,0,2,12,2,16,7,36,34,4,81,0,0,0,81
06/12/2012,LAN,MI,AGL,CE,Combined TRACON& Tower with Radar,6,40,18,4,68,0,7,14,3,24,6,47,32,7,92,18,0,18,110
06/13/2012,LAN,MI,AGL,CE,Combined TRACON& Tower with Radar,8,40,19,3,70,0,4,34,4,42,8,44,53,7,112,16,0,16,128
06/14/2012,LAN,MI,AGL,CE,Combined TRACON& Tower with Radar,6,41,41,5,93,0,2,42,0,44,6,43,83,5,137,9,0,9,146
06/15/2012,LAN,MI,AGL,CE,Combined TRACON& Tower with Radar,6,43,19,0,68,0,3,13,2,18,6,46,32,2,86,6,0,6,92
06/16/2012,LAN,MI,AGL,CE,Combined TRACON& Tower with Radar,5,28,21,0,54,0,3,16,0,19,5,31,37,0,73,18,5,23,96
06/17/2012,LAN,MI,AGL,CE,Combined TRACON& Tower with Radar,4,21,5,0,30,0,0,15,0,15,4,21,20,0,45,12,0,12,57
06/18/2012,LAN,MI,AGL,CE,Combined TRACON& Tower with Radar,5,45,10,0,60,0,2,12,0,14,5,47,22,0,74,10,0,10,84
06/19/2012,LAN,MI,AGL,CE,Combined TRACON& Tower with Radar,8,47,15,4,74,0,4,35,0,39,8,51,50,4,113,18,0,18,131
06/20/2012,LAN,MI,AGL,CE,Combined TRACON& Tower with Radar,5,49,24,0,78,0,2,19,0,21,5,51,43,0,99,20,0,20,119
06/21/2012,LAN,MI,AGL,CE,Combined TRACON& Tower with Radar,8,43,22,3,76,0,5,12,2,19,8,48,34,5,95,27,0,27,122
06/22/2012,LAN,MI,AGL,CE,Combined TRACON& Tower with Radar,6,44,9,0,59,0,2,32,0,34,6,46,41,0,93,12,0,12,105
06/23/2012,LAN,MI,AGL,CE,Combined TRACON& Tower with Radar,5,35,19,0,59,0,3,30,0,33,5,38,49,0,92,12,0,12,104
06/24/2012,LAN,MI,AGL,CE,Combined TRACON& Tower with Radar,4,31,13,0,48,0,1,31,0,32,4,32,44,0,80,4,0,4,84
06/25/2012,LAN,MI,AGL,CE,Combined TRACON& Tower with Radar,5,38,34,0,77,0,1,35,0,36,5,39,69,0,113,22,0,22,135
06/26/2012,LAN,MI,AGL,CE,Combined TRACON& Tower with Radar,6,46,19,0,71,0,5,41,1,47,6,51,60,1,118,24,0,24,142
06/27/2012,LAN,MI,AGL,CE,Combined TRACON& Tower with Radar,6,45,25,2,78,0,9,41,0,50,6,54,66,2,128,18,0,18,146
06/28/2012,LAN,MI,AGL,CE,Combined TRACON& Tower with Radar,9,44,32,2,87,0,3,27,8,38,9,47,59,10,125,24,0,24,149
06/29/2012,LAN,MI,AGL,CE,Combined TRACON& Tower with Radar,8,41,13,0,62,0,4,36,0,40,8,45,49,0,102,12,0,12,114
06/30/2012,LAN,MI,AGL,CE,Combined TRACON& Tower with Radar,7,32,12,2,53,0,3,34,0,37,7,35,46,2,90,10,0,10,100
07/01/2012,LAN,MI,AGL,CE,Combined TRACON& Tower with Radar,5,21,24,0,50,0,0,24,0,24,5,21,48,0,74,26,0,26,100
07/02/2012,LAN,MI,AGL,CE,Combined TRACON& Tower with Radar,5,31,10,4,50,0,0,32,0,32,5,31,42,4,82,76,0,76,158
07/03/2012,LAN,MI,AGL,CE,Combined TRACON& Tower with Radar,6,43,18,0,67,0,0,18,0,18,6,43,36,0,85,21,0,21,106
07/04/2012,LAN,MI,AGL,CE,Combined TRACON& Tower with Radar,4,14,3,0,21,0,0,17,0,17,4,14,20,0,38,0,0,0,38
07/05/2012,LAN,MI,AGL,CE,Combined TRACON& Tower with Radar,6,35,11,2,54,0,2,19,0,21,6,37,30,2,75,0,0,0,75
07/06/2012,LAN,MI,AGL,CE,Combined TRACON& Tower with Radar,7,39,21,1,68,0,2,27,2,31,7,41,48,3,99,8,0,8,107
07/07/2012,LAN,MI,AGL,CE,Combined TRACON& Tower with Radar,7,27,14,0,48,0,3,24,0,27,7,30,38,0,75,4,0,4,79
07/08/2012,LAN,MI,AGL,CE,Combined TRACON& Tower with Radar,7,23,11,0,41,0,5,28,0,33,7,28,39,0,74,2,0,2,76
07/09/2012,LAN,MI,AGL,CE,Combined TRACON& Tower with Radar,6,36,31,0,73,0,6,33,0,39,6,42,64,0,112,64,0,64,176
07/10/2012,LAN,MI,AGL,CE,Combined TRACON& Tower with Radar,7,40,32,3,82,0,5,29,0,34,7,45,61,3,116,47,0,47,163
07/11/2012,LAN,MI,AGL,CE,Combined TRACON& Tower with Radar,6,43,47,1,97,0,4,37,3,44,6,47,84,4,141,45,0,45,186
07/12/2012,LAN,MI,AGL,CE,Combined TRACON& Tower with Radar,6,42,18,6,72,0,6,41,0,47,6,48,59,6,119,0,0,0,119
07/13/2012,LAN,MI,AGL,CE,Combined TRACON& Tower with Radar,8,41,18,0,67,0,3,44,0,47,8,44,62,0,114,8,0,8,122
07/14/2012,LAN,MI,AGL,CE,Combined TRACON& Tower with Radar,10,34,17,0,61,0,4,32,0,36,10,38,49,0,97,0,0,0,97
07/15/2012,LAN,MI,AGL,CE,Combined TRACON& Tower with Radar,5,19,7,0,31,0,2,23,0,25,5,21,30,0,56,2,0,2,58
07/16/2012,LAN,MI,AGL,CE,Combined TRACON& Tower with Radar,5,37,13,2,57,0,0,26,2,28,5,37,39,4,85,6,0,6,91
07/17/2012,LAN,MI,AGL,CE,Combined TRACON& Tower with Radar,6,42,23,2,73,0,0,35,2,37,6,42,58,4,110,16,0,16,126
07/18/2012,LAN,MI,AGL,CE,Combined TRACON& Tower with Radar,6,36,23,0,65,0,0,17,0,17,6,36,40,0,82,12,0,12,94
07/19/2012,LAN,MI,AGL,CE,Combined TRACON& Tower with Radar,6,41,30,10,87,0,0,3,0,3,6,41,33,10,90,0,0,0,90
07/20/2012,LAN,MI,AGL,CE,Combined TRACON& Tower with Radar,7,44,17,4,72,0,5,37,0,42,7,49,54,4,114,20,0,20,134
07/21/2012,LAN,MI,AGL,CE,Combined TRACON& Tower with Radar,6,26,11,0,43,0,2,40,0,42,6,28,51,0,85,12,0,12,97
07/22/2012,LAN,MI,AGL,CE,Combined TRACON& Tower with Radar,5,27,13,2,47,0,0,26,0,26,5,27,39,2,73,12,0,12,85
07/23/2012,LAN,MI,AGL,CE,Combined TRACON& Tower with Radar,5,43,18,2,68,0,2,27,1,30,5,45,45,3,98,0,0,0,98
07/24/2012,LAN,MI,AGL,CE,Combined TRACON& Tower with Radar,6,41,39,2,88,0,0,41,0,41,6,41,80,2,129,32,0,32,161
07/25/2012,LAN,MI,AGL,CE,Combined TRACON& Tower with Radar,6,42,19,4,71,0,2,25,2,29,6,44,44,6,100,6,0,6,106
07/26/2012,LAN,MI,AGL,CE,Combined TRACON& Tower with Radar,6,48,17,4,75,0,4,15,0,19,6,52,32,4,94,6,0,6,100
07/27/2012,LAN,MI,AGL,CE,Combined TRACON& Tower with Radar,6,44,17,4,71,0,2,11,0,13,6,46,28,4,84,0,0,0,84
07/28/2012,LAN,MI,AGL,CE,Combined TRACON& Tower with Radar,7,27,12,0,46,0,1,33,0,34,7,28,45,0,80,0,0,0,80
07/29/2012,LAN,MI,AGL,CE,Combined TRACON& Tower with Radar,7,20,28,2,57,0,2,28,0,30,7,22,56,2,87,0,0,0,87
07/30/2012,LAN,MI,AGL,CE,Combined TRACON& Tower with Radar,7,38,19,0,64,0,2,18,1,21,7,40,37,1,85,6,0,6,91
07/31/2012,LAN,MI,AGL,CE,Combined TRACON& Tower with Radar,6,37,13,3,59,0,1,37,2,40,6,38,50,5,99,24,0,24,123
08/01/2012,LAN,MI,AGL,CE,Combined TRACON& Tower with Radar,6,37,24,6,73,0,2,32,2,36,6,39,56,8,109,14,0,14,123
08/02/2012,LAN,MI,AGL,CE,Combined TRACON& Tower with Radar,6,43,35,1,85,0,1,26,4,31,6,44,61,5,116,4,0,4,120
08/03/2012,LAN,MI,AGL,CE,Combined TRACON& Tower with Radar,7,37,17,3,64,0,0,34,1,35,7,37,51,4,99,13,0,13,112
08/04/2012,LAN,MI,AGL,CE,Combined TRACON& Tower with Radar,7,25,16,4,52,0,0,20,0,20,7,25,36,4,72,0,0,0,72
08/05/2012,LAN,MI,AGL,CE,Combined TRACON& Tower with Radar,6,16,8,0,30,0,2,26,0,28,6,18,34,0,58,0,0,0,58
08/06/2012,LAN,MI,AGL,CE,Combined TRACON& Tower with Radar,6,31,24,2,63,0,0,40,0,40,6,31,64,2,103,0,0,0,103
08/07/2012,LAN,MI,AGL,CE,Combined TRACON& Tower with Radar,6,39,11,2,58,0,0,26,2,28,6,39,37,4,86,2,0,2,88
08/08/2012,LAN,MI,AGL,CE,Combined TRACON& Tower with Radar,6,42,22,7,77,0,2,25,1,28,6,44,47,8,105,22,0,22,127
08/09/2012,LAN,MI,AGL,CE,Combined TRACON& Tower with Radar,6,37,34,0,77,0,0,2,0,2,6,37,36,0,79,0,0,0,79
08/10/2012,LAN,MI,AGL,CE,Combined TRACON& Tower with Radar,8,42,21,4,75,0,0,2,0,2,8,42,23,4,77,0,0,0,77
08/11/2012,LAN,MI,AGL,CE,Combined TRACON& Tower with Radar,5,30,9,4,48,0,0,5,0,5,5,30,14,4,53,0,0,0,53
08/12/2012,LAN,MI,AGL,CE,Combined TRACON& Tower with Radar,5,25,10,2,42,0,0,48,2,50,5,25,58,4,92,0,0,0,92
08/13/2012,LAN,MI,AGL,CE,Combined TRACON& Tower with Radar,6,30,35,2,73,0,1,13,0,14,6,31,48,2,87,10,0,10,97
08/14/2012,LAN,MI,AGL,CE,Combined TRACON& Tower with Radar,8,44,26,6,84,0,1,45,0,46,8,45,71,6,130,14,0,14,144
08/15/2012,LAN,MI,AGL,CE,Combined TRACON& Tower with Radar,6,38,23,3,70,0,0,31,1,32,6,38,54,4,102,0,0,0,102
08/16/2012,LAN,MI,AGL,CE,Combined TRACON& Tower with Radar,6,46,17,5,74,0,0,10,0,10,6,46,27,5,84,0,0,0,84
08/17/2012,LAN,MI,AGL,CE,Combined TRACON& Tower with Radar,10,45,20,1,76,0,0,30,0,30,10,45,50,1,106,0,0,0,106
08/18/2012,LAN,MI,AGL,CE,Combined TRACON& Tower with Radar,7,25,11,2,45,0,0,25,0,25,7,25,36,2,70,0,0,0,70
08/19/2012,LAN,MI,AGL,CE,Combined TRACON& Tower with Radar,5,25,4,2,36,0,0,12,0,12,5,25,16,2,48,0,0,0,48
08/20/2012,LAN,MI,AGL,CE,Combined TRACON& Tower with Radar,6,38,10,4,58,0,2,24,1,27,6,40,34,5,85,4,0,4,89
08/21/2012,LAN,MI,AGL,CE,Combined TRACON& Tower with Radar,6,39,28,2,75,0,1,25,0,26,6,40,53,2,101,0,0,0,101
08/22/2012,LAN,MI,AGL,CE,Combined TRACON& Tower with Radar,8,39,47,2,96,0,1,50,0,51,8,40,97,2,147,0,0,0,147
08/23/2012,LAN,MI,AGL,CE,Combined TRACON& Tower with Radar,8,43,28,5,84,0,1,25,1,27,8,44,53,6,111,4,0,4,115
08/24/2012,LAN,MI,AGL,CE,Combined TRACON& Tower with Radar,10,49,30,0,89,0,1,26,2,29,10,50,56,2,118,2,0,2,120
08/25/2012,LAN,MI,AGL,CE,Combined TRACON& Tower with Radar,5,32,8,0,45,0,1,31,0,32,5,33,39,0,77,0,0,0,77
08/26/2012,LAN,MI,AGL,CE,Combined TRACON& Tower with Radar,7,21,18,2,48,0,0,17,0,17,7,21,35,2,65,2,0,2,67
08/27/2012,LAN,MI,AGL,CE,Combined TRACON& Tower with Radar,6,42,20,2,70,0,3,12,0,15,6,45,32,2,85,0,0,0,85
08/28/2012,LAN,MI,AGL,CE,Combined TRACON& Tower with Radar,8,46,39,4,97,0,0,39,0,39,8,46,78,4,136,6,0,6,142
08/29/2012,LAN,MI,AGL,CE,Combined TRACON& Tower with Radar,7,41,33,2,83,0,1,44,1,46,7,42,77,3,129,22,0,22,151
08/30/2012,LAN,MI,AGL,CE,Combined TRACON& Tower with Radar,15,57,32,2,106,0,5,30,3,38,15,62,62,5,144,5,0,5,149
08/31/2012,LAN,MI,AGL,CE,Combined TRACON& Tower with Radar,12,57,43,3,115,0,2,27,0,29,12,59,70,3,144,0,0,0,144
09/01/2012,LAN,MI,AGL,CE,Combined TRACON& Tower with Radar,3,28,29,0,60,0,0,26,0,26,3,28,55,0,86,4,0,4,90
09/02/2012,LAN,MI,AGL,CE,Combined TRACON& Tower with Radar,5,15,14,0,34,0,1,14,0,15,5,16,28,0,49,10,0,10,59
09/03/2012,LAN,MI,AGL,CE,Combined TRACON& Tower with Radar,5,28,6,0,39,0,2,12,0,14,5,30,18,0,53,14,0,14,67
09/04/2012,LAN,MI,AGL,CE,Combined TRACON& Tower with Radar,8,38,22,1,69,0,2,8,0,10,8,40,30,1,79,0,0,0,79
09/05/2012,LAN,MI,AGL,CE,Combined TRACON& Tower with Radar,11,57,33,4,105,0,0,26,1,27,11,57,59,5,132,14,2,16,148
09/06/2012,LAN,MI,AGL,CE,Combined TRACON& Tower with Radar,7,49,19,3,78,0,1,33,1,35,7,50,52,4,113,8,0,8,121
09/07/2012,LAN,MI,AGL,CE,Combined TRACON& Tower with Radar,7,49,21,0,77,0,0,18,0,18,7,49,39,0,95,14,0,14,109
09/08/2012,LAN,MI,AGL,CE,Combined TRACON& Tower with Radar,1,25,12,6,44,0,2,23,0,25,1,27,35,6,69,6,0,6,75
09/09/2012,LAN,MI,AGL,CE,Combined TRACON& Tower with Radar,6,22,17,8,53,0,0,29,0,29,6,22,46,8,82,6,0,6,88
09/10/2012,LAN,MI,AGL,CE,Combined TRACON& Tower with Radar,5,42,18,4,69,0,0,28,0,28,5,42,46,4,97,4,0,4,101
09/11/2012,LAN,MI,AGL,CE,Combined TRACON& Tower with Radar,5,39,35,0,79,0,0,43,0,43,5,39,78,0,122,2,0,2,124
09/12/2012,LAN,MI,AGL,CE,Combined TRACON& Tower with Radar,8,42,26,4,80,0,1,44,0,45,8,43,70,4,125,25,0,25,150
09/13/2012,LAN,MI,AGL,CE,Combined TRACON& Tower with Radar,7,39,54,7,107,0,3,21,2,26,7,42,75,9,133,24,0,24,157
09/14/2012,LAN,MI,AGL,CE,Combined TRACON& Tower with Radar,7,49,31,9,96,0,0,44,20,64,7,49,75,29,160,17,4,21,181
09/15/2012,LAN,MI,AGL,CE,Combined TRACON& Tower with Radar,1,33,39,0,73,0,0,23,0,23,1,33,62,0,96,0,0,0,96
09/16/2012,LAN,MI,AGL,CE,Combined TRACON& Tower with Radar,10,29,27,3,69,0,1,22,0,23,10,30,49,3,92,2,0,2,94
09/17/2012,LAN,MI,AGL,CE,Combined TRACON& Tower with Radar,5,34,21,3,63,0,2,20,0,22,5,36,41,3,85,12,2,14,99
09/18/2012,LAN,MI,AGL,CE,Combined TRACON& Tower with Radar,6,37,18,6,67,0,1,14,0,15,6,38,32,6,82,8,0,8,90
09/19/2012,LAN,MI,AGL,CE,Combined TRACON& Tower with Radar,10,41,41,5,97,0,0,23,0,23,10,41,64,5,120,6,0,6,126
09/20/2012,LAN,MI,AGL,CE,Combined TRACON& Tower with Radar,11,49,34,10,104,0,4,6,3,13,11,53,40,13,117,16,0,16,133
09/21/2012,LAN,MI,AGL,CE,Combined TRACON& Tower with Radar,10,46,32,2,90,0,0,13,0,13,10,46,45,2,103,0,0,0,103
09/22/2012,LAN,MI,AGL,CE,Combined TRACON& Tower with Radar,2,32,11,0,45,0,0,12,0,12,2,32,23,0,57,0,0,0,57
09/23/2012,LAN,MI,AGL,CE,Combined TRACON& Tower with Radar,11,22,19,0,52,0,0,27,1,28,11,22,46,1,80,2,0,2,82
09/24/2012,LAN,MI,AGL,CE,Combined TRACON& Tower with Radar,5,37,13,2,57,0,1,29,0,30,5,38,42,2,87,0,0,0,87
09/25/2012,LAN,MI,AGL,CE,Combined TRACON& Tower with Radar,8,39,27,7,81,1,4,34,2,41,9,43,61,9,122,8,0,8,130
09/26/2012,LAN,MI,AGL,CE,Combined TRACON& Tower with Radar,6,47,38,0,91,0,5,23,0,28,6,52,61,0,119,24,0,24,143
09/27/2012,LAN,MI,AGL,CE,Combined TRACON& Tower with Radar,11,50,29,2,92,0,0,42,0,42,11,50,71,2,134,2,0,2,136
09/28/2012,LAN,MI,AGL,CE,Combined TRACON& Tower with Radar,16,66,45,1,128,0,1,29,0,30,16,67,74,1,158,0,0,0,158
09/29/2012,LAN,MI,AGL,CE,Combined TRACON& Tower with Radar,4,38,18,0,60,0,0,45,0,45,4,38,63,0,105,14,0,14,119
09/30/2012,LAN,MI,AGL,CE,Combined TRACON& Tower with Radar,8,33,8,0,49,0,0,24,0,24,8,33,32,0,73,43,0,43,116
10/01/2012,LAN,MI,AGL,CE,Combined TRACON& Tower with Radar,5,40,19,0,64,0,2,22,0,24,5,42,41,0,88,0,0,0,88
10/02/2012,LAN,MI,AGL,CE,Combined TRACON& Tower with Radar,10,43,22,2,77,0,0,26,0,26,10,43,48,2,103,34,0,34,137
10/03/2012,LAN,MI,AGL,CE,Combined TRACON& Tower with Radar,14,52,30,4,100,0,1,6,2,9,14,53,36,6,109,0,0,0,109
10/04/2012,LAN,MI,AGL,CE,Combined TRACON& Tower with Radar,15,62,32,6,115,0,0,25,0,25,15,62,57,6,140,0,0,0,140
10/05/2012,LAN,MI,AGL,CE,Combined TRACON& Tower with Radar,11,48,16,0,75,0,0,21,0,21,11,48,37,0,96,6,0,6,102
10/06/2012,LAN,MI,AGL,CE,Combined TRACON& Tower with Radar,3,28,13,0,44,0,0,18,0,18,3,28,31,0,62,6,0,6,68
10/07/2012,LAN,MI,AGL,CE,Combined TRACON& Tower with Radar,4,31,4,0,39,0,0,8,0,8,4,31,12,0,47,6,0,6,53
10/08/2012,LAN,MI,AGL,CE,Combined TRACON& Tower with Radar,5,35,37,2,79,0,1,16,0,17,5,36,53,2,96,0,0,0,96
10/09/2012,LAN,MI,AGL,CE,Combined TRACON& Tower with Radar,7,44,25,5,81,0,0,24,1,25,7,44,49,6,106,16,0,16,122
10/10/2012,LAN,MI,AGL,CE,Combined TRACON& Tower with Radar,15,39,34,4,92,0,0,16,2,18,15,39,50,6,110,23,0,23,133
10/11/2012,LAN,MI,AGL,CE,Combined TRACON& Tower with Radar,14,41,28,8,91,0,2,13,0,15,14,43,41,8,106,8,0,8,114
10/12/2012,LAN,MI,AGL,CE,Combined TRACON& Tower with Radar,19,47,42,2,110,0,1,39,3,43,19,48,81,5,153,8,2,10,163
10/13/2012,LAN,MI,AGL,CE,Combined TRACON& Tower with Radar,3,30,32,1,66,0,0,2,0,2,3,30,34,1,68,20,0,20,88
10/14/2012,LAN,MI,AGL,CE,Combined TRACON& Tower with Radar,5,17,6,1,29,0,0,2,0,2,5,17,8,1,31,2,1,3,34
10/15/2012,LAN,MI,AGL,CE,Combined TRACON& Tower with Radar,10,47,25,2,84,0,0,3,0,3,10,47,28,2,87,4,0,4,91
10/16/2012,LAN,MI,AGL,CE,Combined TRACON& Tower with Radar,10,53,17,5,85,0,12,28,0,40,10,65,45,5,125,12,0,12,137
10/17/2012,LAN,MI,AGL,CE,Combined TRACON& Tower with Radar,10,39,24,4,77,0,5,13,0,18,10,44,37,4,95,0,0,0,95
10/18/2012,LAN,MI,AGL,CE,Combined TRACON& Tower with Radar,11,42,9,4,66,0,1,14,0,15,11,43,23,4,81,0,0,0,81
10/19/2012,LAN,MI,AGL,CE,Combined TRACON& Tower with Radar,11,43,27,2,83,0,0,4,2,6,11,43,31,4,89,7,0,7,96
10/20/2012,LAN,MI,AGL,CE,Combined TRACON& Tower with Radar,3,28,11,0,42,0,0,9,0,9,3,28,20,0,51,0,0,0,51
10/21/2012,LAN,MI,AGL,CE,Combined TRACON& Tower with Radar,4,31,27,0,62,0,2,30,0,32,4,33,57,0,94,20,0,20,114
10/22/2012,LAN,MI,AGL,CE,Combined TRACON& Tower with Radar,11,34,11,3,59,0,2,18,2,22,11,36,29,5,81,0,0,0,81
10/23/2012,LAN,MI,AGL,CE,Combined TRACON& Tower with Radar,10,40,23,0,73,0,1,3,0,4,10,41,26,0,77,2,0,2,79
10/24/2012,LAN,MI,AGL,CE,Combined TRACON& Tower with Radar,18,52,34,5,109,0,0,25,4,29,18,52,59,9,138,22,0,22,160
10/25/2012,LAN,MI,AGL,CE,Combined TRACON& Tower with Radar,19,41,13,7,80,0,4,30,4,38,19,45,43,11,118,21,0,21,139
10/26/2012,LAN,MI,AGL,CE,Combined TRACON& Tower with Radar,17,47,13,2,79,0,0,9,0,9,17,47,22,2,88,4,0,4,92
10/27/2012,LAN,MI,AGL,CE,Combined TRACON& Tower with Radar,4,30,9,0,43,0,0,34,0,34,4,30,43,0,77,42,0,42,119
10/28/2012,LAN,MI,AGL,CE,Combined TRACON& Tower with Radar,4,29,14,0,47,0,0,20,0,20,4,29,34,0,67,0,0,0,67
10/29/2012,LAN,MI,AGL,CE,Combined TRACON& Tower with Radar,10,37,4,0,51,0,0,8,0,8,10,37,12,0,59,0,0,0,59
10/30/2012,LAN,MI,AGL,CE,Combined TRACON& Tower with Radar,6,30,6,0,42,0,0,0,0,0,6,30,6,0,42,0,0,0,42
10/31/2012,LAN,MI,AGL,CE,Combined TRACON& Tower with Radar,15,36,12,2,65,0,0,9,0,9,15,36,21,2,74,0,0,0,74
11/01/2012,LAN,MI,AGL,CE,Combined TRACON& Tower with Radar,18,44,24,3,89,1,1,16,1,19,19,45,40,4,108,6,0,6,114
11/02/2012,LAN,MI,AGL,CE,Combined TRACON& Tower with Radar,19,44,23,4,90,0,0,21,0,21,19,44,44,4,111,0,0,0,111
11/03/2012,LAN,MI,AGL,CE,Combined TRACON& Tower with Radar,9,40,35,0,84,0,0,26,0,26,9,40,61,0,110,0,0,0,110
11/04/2012,LAN,MI,AGL,CE,Combined TRACON& Tower with Radar,11,28,25,0,64,0,0,18,0,18,11,28,43,0,82,14,0,14,96
11/05/2012,LAN,MI,AGL,CE,Combined TRACON& Tower with Radar,9,34,22,0,65,0,2,20,0,22,9,36,42,0,87,21,0,21,108
11/06/2012,LAN,MI,AGL,CE,Combined TRACON& Tower with Radar,8,30,14,2,54,0,0,27,0,27,8,30,41,2,81,60,0,60,141
11/07/2012,LAN,MI,AGL,CE,Combined TRACON& Tower with Radar,10,36,30,2,78,0,0,20,0,20,10,36,50,2,98,2,0,2,100
11/08/2012,LAN,MI,AGL,CE,Combined TRACON& Tower with Radar,13,40,21,10,84,0,0,18,0,18,13,40,39,10,102,2,4,6,108
11/09/2012,LAN,MI,AGL,CE,Combined TRACON& Tower with Radar,11,38,20,4,73,0,0,27,0,27,11,38,47,4,100,38,0,38,138
11/10/2012,LAN,MI,AGL,CE,Combined TRACON& Tower with Radar,3,26,19,2,50,0,0,22,0,22,3,26,41,2,72,46,0,46,118
11/11/2012,LAN,MI,AGL,CE,Combined TRACON& Tower with Radar,9,21,15,2,47,0,0,7,0,7,9,21,22,2,54,0,0,0,54
11/12/2012,LAN,MI,AGL,CE,Combined TRACON& Tower with Radar,9,34,11,0,54,0,0,3,0,3,9,34,14,0,57,32,0,32,89
11/13/2012,LAN,MI,AGL,CE,Combined TRACON& Tower with Radar,8,37,26,1,72,0,0,22,1,23,8,37,48,2,95,14,0,14,109
11/14/2012,LAN,MI,AGL,CE,Combined TRACON& Tower with Radar,12,34,34,5,85,0,0,38,0,38,12,34,72,5,123,44,0,44,167
11/15/2012,LAN,MI,AGL,CE,Combined TRACON& Tower with Radar,12,38,18,3,71,0,2,39,0,41,12,40,57,3,112,64,2,66,178
11/16/2012,LAN,MI,AGL,CE,Combined TRACON& Tower with Radar,7,38,41,2,88,0,0,35,5,40,7,38,76,7,128,6,0,6,134
11/17/2012,LAN,MI,AGL,CE,Combined TRACON& Tower with Radar,1,32,20,0,53,0,0,32,0,32,1,32,52,0,85,12,0,12,97
11/18/2012,LAN,MI,AGL,CE,Combined TRACON& Tower with Radar,6,24,18,0,48,0,0,32,0,32,6,24,50,0,80,8,0,8,88
11/19/2012,LAN,MI,AGL,CE,Combined TRACON& Tower with Radar,5,31,32,2,70,0,0,19,8,27,5,31,51,10,97,6,0,6,103
11/20/2012,LAN,MI,AGL,CE,Combined TRACON& Tower with Radar,7,39,37,3,86,0,0,24,0,24,7,39,61,3,110,8,0,8,118
11/21/2012,LAN,MI,AGL,CE,Combined TRACON& Tower with Radar,11,47,18,2,78,0,0,20,0,20,11,47,38,2,98,0,0,0,98
11/22/2012,LAN,MI,AGL,CE,Combined TRACON& Tower with Radar,8,13,4,0,25,0,0,11,0,11,8,13,15,0,36,0,0,0,36
11/23/2012,LAN,MI,AGL,CE,Combined TRACON& Tower with Radar,8,31,5,0,44,0,0,4,0,4,8,31,9,0,48,0,0,0,48
11/24/2012,LAN,MI,AGL,CE,Combined TRACON& Tower with Radar,3,33,16,0,52,0,0,9,0,9,3,33,25,0,61,0,0,0,61
11/25/2012,LAN,MI,AGL,CE,Combined TRACON& Tower with Radar,5,29,13,0,47,0,3,6,0,9,5,32,19,0,56,0,0,0,56
11/26/2012,LAN,MI,AGL,CE,Combined TRACON& Tower with Radar,9,39,29,0,77,0,0,12,0,12,9,39,41,0,89,8,0,8,97
11/27/2012,LAN,MI,AGL,CE,Combined TRACON& Tower with Radar,12,39,27,2,80,0,1,25,0,26,12,40,52,2,106,8,0,8,114
11/28/2012,LAN,MI,AGL,CE,Combined TRACON& Tower with Radar,8,41,30,0,79,0,1,15,0,16,8,42,45,0,95,6,0,6,101
11/29/2012,LAN,MI,AGL,CE,Combined TRACON& Tower with Radar,12,40,29,7,88,0,0,21,6,27,12,40,50,13,115,6,0,6,121
11/30/2012,LAN,MI,AGL,CE,Combined TRACON& Tower with Radar,8,43,14,2,67,0,0,1,0,1,8,43,15,2,68,0,0,0,68
12/01/2012,LAN,MI,AGL,CE,Combined TRACON& Tower with Radar,1,35,30,0,66,0,0,6,0,6,1,35,36,0,72,8,0,8,80
12/02/2012,LAN,MI,AGL,CE,Combined TRACON& Tower with Radar,11,20,17,0,48,0,0,2,0,2,11,20,19,0,50,0,0,0,50
12/03/2012,LAN,MI,AGL,CE,Combined TRACON& Tower with Radar,6,33,24,2,65,0,0,0,0,0,6,33,24,2,65,0,0,0,65
12/04/2012,LAN,MI,AGL,CE,Combined TRACON& Tower with Radar,8,37,33,0,78,0,1,13,0,14,8,38,46,0,92,0,0,0,92
12/05/2012,LAN,MI,AGL,CE,Combined TRACON& Tower with Radar,10,38,37,2,87,0,1,37,0,38,10,39,74,2,125,12,0,12,137
12/06/2012,LAN,MI,AGL,CE,Combined TRACON& Tower with Radar,10,42,34,3,89,0,0,23,4,27,10,42,57,7,116,44,0,44,160
12/07/2012,LAN,MI,AGL,CE,Combined TRACON& Tower with Radar,8,47,22,4,81,0,3,3,0,6,8,50,25,4,87,0,0,0,87
12/08/2012,LAN,MI,AGL,CE,Combined TRACON& Tower with Radar,1,30,18,0,49,0,0,4,0,4,1,30,22,0,53,0,0,0,53
12/09/2012,LAN,MI,AGL,CE,Combined TRACON& Tower with Radar,6,23,6,0,35,0,0,0,0,0,6,23,6,0,35,24,0,24,59
12/10/2012,LAN,MI,AGL,CE,Combined TRACON& Tower with Radar,5,33,9,2,49,0,0,4,0,4,5,33,13,2,53,0,0,0,53
12/11/2012,LAN,MI,AGL,CE,Combined TRACON& Tower with Radar,12,41,35,9,97,0,1,23,4,28,12,42,58,13,125,0,0,0,125
12/12/2012,LAN,MI,AGL,CE,Combined TRACON& Tower with Radar,12,45,34,5,96,0,2,27,0,29,12,47,61,5,125,8,0,8,133
12/13/2012,LAN,MI,AGL,CE,Combined TRACON& Tower with Radar,12,49,40,7,108,0,0,28,1,29,12,49,68,8,137,10,0,10,147
12/14/2012,LAN,MI,AGL,CE,Combined TRACON& Tower with Radar,10,43,29,5,87,0,0,25,1,26,10,43,54,6,113,16,0,16,129
12/15/2012,LAN,MI,AGL,CE,Combined TRACON& Tower with Radar,1,28,8,0,37,0,0,10,0,10,1,28,18,0,47,4,0,4,51
12/16/2012,LAN,MI,AGL,CE,Combined TRACON& Tower with Radar,6,16,23,0,45,0,0,0,0,0,6,16,23,0,45,0,0,0,45
12/17/2012,LAN,MI,AGL,CE,Combined TRACON& Tower with Radar,6,33,25,2,66,0,0,5,0,5,6,33,30,2,71,0,0,0,71
12/18/2012,LAN,MI,AGL,CE,Combined TRACON& Tower with Radar,15,38,38,6,97,0,0,5,7,12,15,38,43,13,109,22,0,22,131
12/19/2012,LAN,MI,AGL,CE,Combined TRACON& Tower with Radar,11,45,36,7,99,0,0,4,0,4,11,45,40,7,103,0,0,0,103
12/20/2012,LAN,MI,AGL,CE,Combined TRACON& Tower with Radar,13,38,11,0,62,0,0,3,0,3,13,38,14,0,65,0,0,0,65
12/21/2012,LAN,MI,AGL,CE,Combined TRACON& Tower with Radar,9,48,2,0,59,0,0,0,0,0,9,48,2,0,59,0,0,0,59
12/22/2012,LAN,MI,AGL,CE,Combined TRACON& Tower with Radar,12,44,11,0,67,0,0,16,0,16,12,44,27,0,83,24,0,24,107
12/23/2012,LAN,MI,AGL,CE,Combined TRACON& Tower with Radar,8,13,2,0,23,0,0,10,0,10,8,13,12,0,33,0,0,0,33
12/24/2012,LAN,MI,AGL,CE,Combined TRACON& Tower with Radar,12,31,5,0,48,0,0,3,0,3,12,31,8,0,51,0,0,0,51
12/25/2012,LAN,MI,AGL,CE,Combined TRACON& Tower with Radar,4,13,5,0,22,0,0,9,0,9,4,13,14,0,31,0,0,0,31
12/26/2012,LAN,MI,AGL,CE,Combined TRACON& Tower with Radar,10,43,8,2,63,0,0,1,0,1,10,43,9,2,64,0,0,0,64
12/27/2012,LAN,MI,AGL,CE,Combined TRACON& Tower with Radar,15,36,10,4,65,0,0,18,1,19,15,36,28,5,84,16,0,16,100
12/28/2012,LAN,MI,AGL,CE,Combined TRACON& Tower with Radar,7,34,2,2,45,0,0,8,0,8,7,34,10,2,53,0,0,0,53
12/29/2012,LAN,MI,AGL,CE,Combined TRACON& Tower with Radar,5,26,4,2,37,0,0,3,0,3,5,26,7,2,40,0,0,0,40
12/30/2012,LAN,MI,AGL,CE,Combined TRACON& Tower with Radar,16,15,3,0,34,0,0,3,0,3,16,15,6,0,37,34,0,34,71
12/31/2012,LAN,MI,AGL,CE,Combined TRACON& Tower with Radar,10,30,7,0,47,2,0,4,0,6,12,30,11,0,53,0,0,0,53
01/01/2013,LAN,MI,AGL,CE,Combined TRACON& Tower with Radar,5,14,3,0,22,0,0,3,0,3,5,14,6,0,25,0,0,0,25
01/02/2013,LAN,MI,AGL,CE,Combined TRACON& Tower with Radar,10,39,13,4,66,0,0,5,0,5,10,39,18,4,71,18,0,18,89
01/03/2013,LAN,MI,AGL,CE,Combined TRACON& Tower with Radar,12,40,8,2,62,0,0,4,0,4,12,40,12,2,66,16,0,16,82
01/04/2013,LAN,MI,AGL,CE,Combined TRACON& Tower with Radar,8,42,6,2,58,0,0,10,0,10,8,42,16,2,68,2,0,2,70
01/05/2013,LAN,MI,AGL,CE,Combined TRACON& Tower with Radar,8,27,12,2,49,0,0,12,0,12,8,27,24,2,61,0,0,0,61
01/06/2013,LAN,MI,AGL,CE,Combined TRACON& Tower with Radar,9,22,5,0,36,0,0,0,0,0,9,22,5,0,36,0,0,0,36
01/07/2013,LAN,MI,AGL,CE,Combined TRACON& Tower with Radar,8,31,14,0,53,0,0,5,0,5,8,31,19,0,58,6,0,6,64
01/08/2013,LAN,MI,AGL,CE,Combined TRACON& Tower with Radar,9,35,40,0,84,0,0,25,0,25,9,35,65,0,109,0,0,0,109
01/09/2013,LAN,MI,AGL,CE,Combined TRACON& Tower with Radar,10,35,23,9,77,0,0,14,1,15,10,35,37,10,92,0,0,0,92
01/10/2013,LAN,MI,AGL,CE,Combined TRACON& Tower with Radar,13,38,21,4,76,0,1,24,3,28,13,39,45,7,104,12,3,15,119
01/11/2013,LAN,MI,AGL,CE,Combined TRACON& Tower with Radar,7,36,9,0,52,0,0,2,0,2,7,36,11,0,54,0,0,0,54
01/12/2013,LAN,MI,AGL,CE,Combined TRACON& Tower with Radar,5,32,11,0,48,0,0,21,0,21,5,32,32,0,69,20,0,20,89
01/13/2013,LAN,MI,AGL,CE,Combined TRACON& Tower with Radar,8,26,1,2,37,0,0,0,0,0,8,26,1,2,37,0,0,0,37
01/14/2013,LAN,MI,AGL,CE,Combined TRACON& Tower with Radar,8,35,20,7,70,0,0,6,0,6,8,35,26,7,76,0,0,0,76
01/15/2013,LAN,MI,AGL,CE,Combined TRACON& Tower with Radar,7,38,26,12,83,0,0,36,1,37,7,38,62,13,120,24,0,24,144
01/16/2013,LAN,MI,AGL,CE,Combined TRACON& Tower with Radar,9,30,26,4,69,0,0,19,0,19,9,30,45,4,88,0,0,0,88
01/17/2013,LAN,MI,AGL,CE,Combined TRACON& Tower with Radar,11,34,42,2,89,0,0,10,3,13,11,34,52,5,102,0,0,0,102
01/18/2013,LAN,MI,AGL,CE,Combined TRACON& Tower with Radar,7,34,13,4,58,0,0,11,0,11,7,34,24,4,69,12,0,12,81
01/19/2013,LAN,MI,AGL,CE,Combined TRACON& Tower with Radar,6,27,11,2,46,0,0,10,0,10,6,27,21,2,56,0,0,0,56
01/20/2013,LAN,MI,AGL,CE,Combined TRACON& Tower with Radar,8,19,6,0,33,0,0,2,0,2,8,19,8,0,35,4,0,4,39
01/21/2013,LAN,MI,AGL,CE,Combined TRACON& Tower with Radar,9,28,13,0,50,0,0,0,0,0,9,28,13,0,50,0,0,0,50
01/22/2013,LAN,MI,AGL,CE,Combined TRACON& Tower with Radar,8,38,31,2,79,0,0,4,0,4,8,38,35,2,83,0,0,0,83
01/23/2013,LAN,MI,AGL,CE,Combined TRACON& Tower with Radar,9,36,24,6,75,0,0,5,0,5,9,36,29,6,80,0,0,0,80
01/24/2013,LAN,MI,AGL,CE,Combined TRACON& Tower with Radar,14,41,45,8,108,0,1,24,1,26,14,42,69,9,134,18,0,18,152
01/25/2013,LAN,MI,AGL,CE,Combined TRACON& Tower with Radar,6,46,19,2,73,0,0,0,0,0,6,46,19,2,73,0,0,0,73
01/26/2013,LAN,MI,AGL,CE,Combined TRACON& Tower with Radar,9,27,25,2,63,0,0,15,0,15,9,27,40,2,78,0,0,0,78
01/27/2013,LAN,MI,AGL,CE,Combined TRACON& Tower with Radar,10,17,9,2,38,0,0,16,0,16,10,17,25,2,54,10,0,10,64
01/28/2013,LAN,MI,AGL,CE,Combined TRACON& Tower with Radar,8,29,9,2,48,0,0,0,0,0,8,29,9,2,48,0,0,0,48
01/29/2013,LAN,MI,AGL,CE,Combined TRACON& Tower with Radar,7,29,14,2,52,0,2,2,0,4,7,31,16,2,56,0,0,0,56
01/30/2013,LAN,MI,AGL,CE,Combined TRACON& Tower with Radar,10,36,21,0,67,0,0,0,0,0,10,36,21,0,67,0,0,0,67
01/31/2013,LAN,MI,AGL,CE,Combined TRACON& Tower with Radar,8,36,29,2,75,0,0,0,0,0,8,36,29,2,75,0,0,0,75
02/01/2013,LAN,MI,AGL,CE,Combined TRACON& Tower with Radar,9,41,29,2,81,0,0,1,0,1,9,41,30,2,82,0,0,0,82
02/02/2013,LAN,MI,AGL,CE,Combined TRACON& Tower with Radar,8,31,16,0,55,0,4,3,0,7,8,35,19,0,62,0,0,0,62
02/03/2013,LAN,MI,AGL,CE,Combined TRACON& Tower with Radar,8,19,2,0,29,0,0,1,0,1,8,19,3,0,30,8,0,8,38
02/04/2013,LAN,MI,AGL,CE,Combined TRACON& Tower with Radar,8,25,11,0,44,0,0,0,0,0,8,25,11,0,44,0,0,0,44
02/05/2013,LAN,MI,AGL,CE,Combined TRACON& Tower with Radar,10,37,12,7,66,0,0,5,0,5,10,37,17,7,71,0,0,0,71
02/06/2013,LAN,MI,AGL,CE,Combined TRACON& Tower with Radar,11,42,24,4,81,0,0,32,2,34,11,42,56,6,115,12,0,12,127
02/07/2013,LAN,MI,AGL,CE,Combined TRACON& Tower with Radar,10,39,12,3,64,0,1,0,0,1,10,40,12,3,65,0,0,0,65
02/08/2013,LAN,MI,AGL,CE,Combined TRACON& Tower with Radar,8,39,19,3,69,0,1,13,0,14,8,40,32,3,83,6,0,6,89
02/09/2013,LAN,MI,AGL,CE,Combined TRACON& Tower with Radar,5,35,15,0,55,0,2,35,0,37,5,37,50,0,92,14,0,14,106
02/10/2013,LAN,MI,AGL,CE,Combined TRACON& Tower with Radar,8,20,6,0,34,0,0,3,0,3,8,20,9,0,37,20,0,20,57
02/11/2013,LAN,MI,AGL,CE,Combined TRACON& Tower with Radar,6,35,14,2,57,0,0,0,0,0,6,35,14,2,57,0,0,0,57
02/12/2013,LAN,MI,AGL,CE,Combined TRACON& Tower with Radar,7,39,25,2,73,0,0,3,0,3,7,39,28,2,76,0,0,0,76
02/13/2013,LAN,MI,AGL,CE,Combined TRACON& Tower with Radar,8,40,33,8,89,0,0,23,0,23,8,40,56,8,112,46,0,46,158
02/14/2013,LAN,MI,AGL,CE,Combined TRACON& Tower with Radar,11,41,24,2,78,0,0,6,0,6,11,41,30,2,84,0,0,0,84
02/15/2013,LAN,MI,AGL,CE,Combined TRACON& Tower with Radar,8,42,20,2,72,0,0,8,0,8,8,42,28,2,80,32,0,32,112
02/16/2013,LAN,MI,AGL,CE,Combined TRACON& Tower with Radar,5,26,6,0,37,0,0,4,0,4,5,26,10,0,41,0,0,0,41
02/17/2013,LAN,MI,AGL,CE,Combined TRACON& Tower with Radar,8,21,18,0,47,0,0,23,0,23,8,21,41,0,70,8,0,8,78
02/18/2013,LAN,MI,AGL,CE,Combined TRACON& Tower with Radar,9,32,24,0,65,0,0,7,0,7,9,32,31,0,72,0,0,0,72
02/19/2013,LAN,MI,AGL,CE,Combined TRACON& Tower with Radar,9,47,19,2,77,0,0,0,0,0,9,47,19,2,77,0,0,0,77
02/20/2013,LAN,MI,AGL,CE,Combined TRACON& Tower with Radar,11,42,38,6,97,4,0,4,1,9,15,42,42,7,106,0,0,0,106
02/21/2013,LAN,MI,AGL,CE,Combined TRACON& Tower with Radar,12,40,34,5,91,0,0,13,3,16,12,40,47,8,107,17,0,17,124
02/22/2013,LAN,MI,AGL,CE,Combined TRACON& Tower with Radar,9,37,8,2,56,0,0,0,0,0,9,37,8,2,56,0,0,0,56
02/23/2013,LAN,MI,AGL,CE,Combined TRACON& Tower with Radar,8,27,22,0,57,0,0,2,0,2,8,27,24,0,59,0,0,0,59
02/24/2013,LAN,MI,AGL,CE,Combined TRACON& Tower with Radar,10,24,7,0,41,0,0,6,0,6,10,24,13,0,47,8,0,8,55
02/25/2013,LAN,MI,AGL,CE,Combined TRACON& Tower with Radar,10,35,20,3,68,0,0,21,2,23,10,35,41,5,91,2,2,4,95
02/26/2013,LAN,MI,AGL,CE,Combined TRACON& Tower with Radar,8,32,15,2,57,0,0,2,0,2,8,32,17,2,59,0,0,0,59
02/27/2013,LAN,MI,AGL,CE,Combined TRACON& Tower with Radar,12,36,18,4,70,0,0,0,0,0,12,36,18,4,70,0,0,0,70
02/28/2013,LAN,MI,AGL,CE,Combined TRACON& Tower with Radar,12,39,33,2,86,0,0,1,1,2,12,39,34,3,88,4,0,4,92
03/01/2013,LAN,MI,AGL,CE,Combined TRACON& Tower with Radar,9,41,33,3,86,0,0,3,0,3,9,41,36,3,89,0,0,0,89
03/02/2013,LAN,MI,AGL,CE,Combined TRACON& Tower with Radar,5,31,11,2,49,0,0,6,0,6,5,31,17,2,55,0,0,0,55
03/03/2013,LAN,MI,AGL,CE,Combined TRACON& Tower with Radar,8,23,13,4,48,0,0,22,0,22,8,23,35,4,70,0,0,0,70
03/04/2013,LAN,MI,AGL,CE,Combined TRACON& Tower with Radar,8,35,32,2,77,0,1,26,1,28,8,36,58,3,105,22,0,22,127
03/05/2013,LAN,MI,AGL,CE,Combined TRACON& Tower with Radar,7,31,20,1,59,0,1,14,5,20,7,32,34,6,79,10,0,10,89
03/06/2013,LAN,MI,AGL,CE,Combined TRACON& Tower with Radar,10,49,38,0,97,0,0,11,0,11,10,49,49,0,108,0,0,0,108
03/07/2013,LAN,MI,AGL,CE,Combined TRACON& Tower with Radar,12,38,28,5,83,0,0,12,0,12,12,38,40,5,95,8,0,8,103
03/08/2013,LAN,MI,AGL,CE,Combined TRACON& Tower with Radar,7,41,37,3,88,0,0,42,0,42,7,41,79,3,130,4,0,4,134
03/09/2013,LAN,MI,AGL,CE,Combined TRACON& Tower with Radar,5,32,10,0,47,0,0,22,5,27,5,32,32,5,74,22,0,22,96
03/10/2013,LAN,MI,AGL,CE,Combined TRACON& Tower with Radar,10,27,8,0,45,0,0,1,0,1,10,27,9,0,46,0,0,0,46
03/11/2013,LAN,MI,AGL,CE,Combined TRACON& Tower with Radar,8,34,23,0,65,0,0,0,0,0,8,34,23,0,65,4,0,4,69
03/12/2013,LAN,MI,AGL,CE,Combined TRACON& Tower with Radar,7,40,24,3,74,0,0,3,5,8,7,40,27,8,82,0,0,0,82
03/13/2013,LAN,MI,AGL,CE,Combined TRACON& Tower with Radar,8,38,29,1,76,0,0,8,0,8,8,38,37,1,84,9,0,9,93
03/14/2013,LAN,MI,AGL,CE,Combined TRACON& Tower with Radar,10,43,41,0,94,0,0,32,0,32,10,43,73,0,126,12,0,12,138
03/15/2013,LAN,MI,AGL,CE,Combined TRACON& Tower with Radar,8,42,20,0,70,0,0,2,1,3,8,42,22,1,73,14,0,14,87
03/16/2013,LAN,MI,AGL,CE,Combined TRACON& Tower with Radar,5,28,7,2,42,0,0,4,0,4,5,28,11,2,46,0,0,0,46
03/17/2013,LAN,MI,AGL,CE,Combined TRACON& Tower with Radar,8,23,22,0,53,0,0,24,0,24,8,23,46,0,77,12,0,12,89
03/18/2013,LAN,MI,AGL,CE,Combined TRACON& Tower with Radar,10,31,11,2,54,0,0,2,0,2,10,31,13,2,56,0,0,0,56
03/19/2013,LAN,MI,AGL,CE,Combined TRACON& Tower with Radar,9,37,19,2,67,0,0,2,0,2,9,37,21,2,69,0,0,0,69
03/20/2013,LAN,MI,AGL,CE,Combined TRACON& Tower with Radar,10,43,23,3,79,0,0,6,0,6,10,43,29,3,85,0,0,0,85
03/21/2013,LAN,MI,AGL,CE,Combined TRACON& Tower with Radar,12,40,22,0,74,0,0,8,3,11,12,40,30,3,85,14,0,14,99
03/22/2013,LAN,MI,AGL,CE,Combined TRACON& Tower with Radar,8,40,28,4,80,0,0,18,0,18,8,40,46,4,98,0,0,0,98
03/23/2013,LAN,MI,AGL,CE,Combined TRACON& Tower with Radar,4,30,11,0,45,0,0,22,0,22,4,30,33,0,67,13,0,13,80
03/24/2013,LAN,MI,AGL,CE,Combined TRACON& Tower with Radar,10,22,18,0,50,0,2,8,0,10,10,24,26,0,60,4,0,4,64
03/25/2013,LAN,MI,AGL,CE,Combined TRACON& Tower with Radar,9,33,10,2,54,0,0,7,0,7,9,33,17,2,61,2,0,2,63
03/26/2013,LAN,MI,AGL,CE,Combined TRACON& Tower with Radar,9,41,21,2,73,0,0,11,0,11,9,41,32,2,84,0,0,0,84
03/27/2013,LAN,MI,AGL,CE,Combined TRACON& Tower with Radar,11,45,26,2,84,0,0,16,1,17,11,45,42,3,101,12,0,12,113
03/28/2013,LAN,MI,AGL,CE,Combined TRACON& Tower with Radar,10,45,22,6,83,0,0,32,3,35,10,45,54,9,118,8,0,8,126
03/29/2013,LAN,MI,AGL,CE,Combined TRACON& Tower with Radar,8,40,23,0,71,0,0,32,0,32,8,40,55,0,103,0,0,0,103
03/30/2013,LAN,MI,AGL,CE,Combined TRACON& Tower with Radar,5,28,13,0,46,0,0,18,0,18,5,28,31,0,64,24,0,24,88
03/31/2013,LAN,MI,AGL,CE,Combined TRACON& Tower with Radar,8,22,14,0,44,0,0,0,0,0,8,22,14,0,44,0,0,0,44
04/01/2013,LAN,MI,AGL,CE,Combined TRACON& Tower with Radar,8,34,17,2,61,0,0,5,0,5,8,34,22,2,66,2,0,2,68
04/02/2013,LAN,MI,AGL,CE,Combined TRACON& Tower with Radar,9,38,15,2,64,0,0,12,0,12,9,38,27,2,76,0,2,2,78
04/03/2013,LAN,MI,AGL,CE,Combined TRACON& Tower with Radar,11,37,26,0,74,0,0,16,0,16,11,37,42,0,90,28,0,28,118
04/04/2013,LAN,MI,AGL,CE,Combined TRACON& Tower with Radar,13,43,21,4,81,0,0,36,0,36,13,43,57,4,117,6,0,6,123
04/05/2013,LAN,MI,AGL,CE,Combined TRACON& Tower with Radar,8,42,14,0,64,0,0,24,0,24,8,42,38,0,88,20,0,20,108
04/06/2013,LAN,MI,AGL,CE,Combined TRACON& Tower with Radar,5,32,6,2,45,0,1,6,0,7,5,33,12,2,52,0,0,0,52
04/07/2013,LAN,MI,AGL,CE,Combined TRACON& Tower with Radar,8,24,6,0,38,0,0,4,4,8,8,24,10,4,46,0,0,0,46
04/08/2013,LAN,MI,AGL,CE,Combined TRACON& Tower with Radar,7,37,12,2,58,0,0,0,0,0,7,37,12,2,58,0,0,0,58
04/09/2013,LAN,MI,AGL,CE,Combined TRACON& Tower with Radar,9,49,14,0,72,0,0,0,0,0,9,49,14,0,72,0,0,0,72
04/10/2013,LAN,MI,AGL,CE,Combined TRACON& Tower with Radar,6,52,26,8,92,0,0,0,0,0,6,52,26,8,92,0,0,0,92
04/11/2013,LAN,MI,AGL,CE,Combined TRACON& Tower with Radar,10,37,20,0,67,0,0,0,0,0,10,37,20,0,67,0,0,0,67
04/12/2013,LAN,MI,AGL,CE,Combined TRACON& Tower with Radar,8,36,13,1,58,0,0,8,0,8,8,36,21,1,66,0,0,0,66
04/13/2013,LAN,MI,AGL,CE,Combined TRACON& Tower with Radar,7,26,5,0,38,0,0,7,0,7,7,26,12,0,45,14,0,14,59
04/14/2013,LAN,MI,AGL,CE,Combined TRACON& Tower with Radar,10,23,7,0,40,0,0,11,0,11,10,23,18,0,51,19,0,19,70
04/15/2013,LAN,MI,AGL,CE,Combined TRACON& Tower with Radar,7,34,22,4,67,0,0,10,0,10,7,34,32,4,77,0,0,0,77
04/16/2013,LAN,MI,AGL,CE,Combined TRACON& Tower with Radar,6,39,23,3,71,0,0,28,0,28,6,39,51,3,99,44,0,44,143
04/17/2013,LAN,MI,AGL,CE,Combined TRACON& Tower with Radar,6,41,25,2,74,0,1,10,2,13,6,42,35,4,87,0,0,0,87
04/18/2013,LAN,MI,AGL,CE,Combined TRACON& Tower with Radar,14,35,13,2,64,0,0,0,2,2,14,35,13,4,66,0,0,0,66
04/19/2013,LAN,MI,AGL,CE,Combined TRACON& Tower with Radar,8,39,17,0,64,0,0,2,0,2,8,39,19,0,66,0,0,0,66
04/20/2013,LAN,MI,AGL,CE,Combined TRACON& Tower with Radar,5,25,14,2,46,0,0,28,0,28,5,25,42,2,74,44,0,44,118
04/21/2013,LAN,MI,AGL,CE,Combined TRACON& Tower with Radar,12,24,20,2,58,0,0,36,0,36,12,24,56,2,94,10,0,10,104
04/22/2013,LAN,MI,AGL,CE,Combined TRACON& Tower with Radar,7,34,36,6,83,0,0,23,0,23,7,34,59,6,106,6,0,6,112
04/23/2013,LAN,MI,AGL,CE,Combined TRACON& Tower with Radar,7,39,19,13,78,0,0,7,2,9,7,39,26,15,87,0,0,0,87
04/24/2013,LAN,MI,AGL,CE,Combined TRACON& Tower with Radar,9,36,26,3,74,0,0,9,0,9,9,36,35,3,83,0,0,0,83
04/25/2013,LAN,MI,AGL,CE,Combined TRACON& Tower with Radar,10,46,23,11,90,0,0,24,0,24,10,46,47,11,114,4,0,4,118
04/26/2013,LAN,MI,AGL,CE,Combined TRACON& Tower with Radar,8,38,19,2,67,0,1,21,2,24,8,39,40,4,91,0,4,4,95
04/27/2013,LAN,MI,AGL,CE,Combined TRACON& Tower with Radar,5,26,15,0,46,0,0,39,1,40,5,26,54,1,86,14,0,14,100
04/28/2013,LAN,MI,AGL,CE,Combined TRACON& Tower with Radar,10,20,19,0,49,0,0,3,0,3,10,20,22,0,52,4,0,4,56
04/29/2013,LAN,MI,AGL,CE,Combined TRACON& Tower with Radar,7,32,32,0,71,0,0,22,0,22,7,32,54,0,93,0,0,0,93
04/30/2013,LAN,MI,AGL,CE,Combined TRACON& Tower with Radar,6,36,23,3,68,0,0,10,0,10,6,36,33,3,78,0,0,0,78
05/01/2013,LAN,MI,AGL,CE,Combined TRACON& Tower with Radar,6,41,26,0,73,0,0,37,0,37,6,41,63,0,110,0,0,0,110
05/02/2013,LAN,MI,AGL,CE,Combined TRACON& Tower with Radar,7,37,27,1,72,0,0,41,0,41,7,37,68,1,113,12,0,12,125
05/03/2013,LAN,MI,AGL,CE,Combined TRACON& Tower with Radar,8,38,28,1,75,0,1,12,0,13,8,39,40,1,88,0,0,0,88
05/04/2013,LAN,MI,AGL,CE,Combined TRACON& Tower with Radar,2,30,12,3,47,0,0,21,2,23,2,30,33,5,70,0,0,0,70
05/05/2013,LAN,MI,AGL,CE,Combined TRACON& Tower with Radar,6,20,9,0,35,0,0,20,0,20,6,20,29,0,55,0,0,0,55
05/06/2013,LAN,MI,AGL,CE,Combined TRACON& Tower with Radar,5,39,34,3,81,0,2,23,0,25,5,41,57,3,106,10,0,10,116
05/07/2013,LAN,MI,AGL,CE,Combined TRACON& Tower with Radar,6,38,25,2,71,0,0,30,0,30,6,38,55,2,101,0,0,0,101
05/08/2013,LAN,MI,AGL,CE,Combined TRACON& Tower with Radar,6,39,39,4,88,0,0,27,0,27,6,39,66,4,115,14,0,14,129
05/09/2013,LAN,MI,AGL,CE,Combined TRACON& Tower with Radar,10,43,23,14,90,0,0,29,8,37,10,43,52,22,127,3,0,3,130
05/10/2013,LAN,MI,AGL,CE,Combined TRACON& Tower with Radar,6,43,23,2,74,0,0,0,0,0,6,43,23,2,74,0,0,0,74
05/11/2013,LAN,MI,AGL,CE,Combined TRACON& Tower with Radar,1,26,24,0,51,0,0,5,0,5,1,26,29,0,56,0,0,0,56
05/12/2013,LAN,MI,AGL,CE,Combined TRACON& Tower with Radar,6,22,12,0,40,0,0,7,0,7,6,22,19,0,47,0,0,0,47
05/13/2013,LAN,MI,AGL,CE,Combined TRACON& Tower with Radar,5,40,48,2,95,0,3,31,0,34,5,43,79,2,129,32,0,32,161
05/14/2013,LAN,MI,AGL,CE,Combined TRACON& Tower with Radar,6,45,31,2,84,0,2,21,0,23,6,47,52,2,107,0,0,0,107
05/15/2013,LAN,MI,AGL,CE,Combined TRACON& Tower with Radar,6,42,26,2,76,0,2,29,0,31,6,44,55,2,107,6,0,6,113
05/16/2013,LAN,MI,AGL,CE,Combined TRACON& Tower with Radar,7,45,33,5,90,0,0,36,0,36,7,45,69,5,126,0,0,0,126
05/17/2013,LAN,MI,AGL,CE,Combined TRACON& Tower with Radar,7,40,32,0,79,0,0,19,0,19,7,40,51,0,98,0,0,0,98
05/18/2013,LAN,MI,AGL,CE,Combined TRACON& Tower with Radar,1,27,12,0,40,0,0,20,0,20,1,27,32,0,60,0,0,0,60
05/19/2013,LAN,MI,AGL,CE,Combined TRACON& Tower with Radar,6,20,3,0,29,0,1,28,0,29,6,21,31,0,58,11,0,11,69
05/20/2013,LAN,MI,AGL,CE,Combined TRACON& Tower with Radar,5,39,19,6,69,0,0,12,2,14,5,39,31,8,83,0,0,0,83
05/21/2013,LAN,MI,AGL,CE,Combined TRACON& Tower with Radar,6,41,21,0,68,0,2,17,0,19,6,43,38,0,87,40,0,40,127
05/22/2013,LAN,MI,AGL,CE,Combined TRACON& Tower with Radar,6,40,28,4,78,0,0,0,1,1,6,40,28,5,79,0,6,6,85
05/23/2013,LAN,MI,AGL,CE,Combined TRACON& Tower with Radar,7,37,33,2,79,0,0,1,0,1,7,37,34,2,80,0,0,0,80
05/24/2013,LAN,MI,AGL,CE,Combined TRACON& Tower with Radar,7,41,18,0,66,0,1,31,2,34,7,42,49,2,100,9,0,9,109
05/25/2013,LAN,MI,AGL,CE,Combined TRACON& Tower with Radar,1,25,5,0,31,0,0,22,0,22,1,25,27,0,53,8,0,8,61
05/26/2013,LAN,MI,AGL,CE,Combined TRACON& Tower with Radar,6,16,13,0,35,0,1,34,0,35,6,17,47,0,70,18,0,18,88
05/27/2013,LAN,MI,AGL,CE,Combined TRACON& Tower with Radar,5,22,10,0,37,0,1,8,0,9,5,23,18,0,46,2,0,2,48
05/28/2013,LAN,MI,AGL,CE,Combined TRACON& Tower with Radar,6,42,11,0,59,0,0,1,0,1,6,42,12,0,60,0,0,0,60
05/29/2013,LAN,MI,AGL,CE,Combined TRACON& Tower with Radar,6,46,29,6,87,0,0,19,0,19,6,46,48,6,106,0,4,4,110
05/30/2013,LAN,MI,AGL,CE,Combined TRACON& Tower with Radar,16,42,25,2,85,0,0,17,0,17,16,42,42,2,102,0,0,0,102
05/31/2013,LAN,MI,AGL,CE,Combined TRACON& Tower with Radar,8,40,28,2,78,0,0,1,0,1,8,40,29,2,79,0,0,0,79
06/01/2013,LAN,MI,AGL,CE,Combined TRACON& Tower with Radar,5,29,13,0,47,0,0,2,2,4,5,29,15,2,51,4,0,4,55
06/02/2013,LAN,MI,AGL,CE,Combined TRACON& Tower with Radar,5,26,16,0,47,0,0,6,1,7,5,26,22,1,54,0,0,0,54
06/03/2013,LAN,MI,AGL,CE,Combined TRACON& Tower with Radar,5,36,36,0,77,0,0,58,0,58,5,36,94,0,135,18,0,18,153
06/04/2013,LAN,MI,AGL,CE,Combined TRACON& Tower with Radar,5,38,33,4,80,0,1,40,5,46,5,39,73,9,126,6,4,10,136
06/05/2013,LAN,MI,AGL,CE,Combined TRACON& Tower with Radar,5,43,33,4,85,0,0,31,1,32,5,43,64,5,117,0,0,0,117
06/06/2013,LAN,MI,AGL,CE,Combined TRACON& Tower with Radar,8,38,29,3,78,0,2,15,1,18,8,40,44,4,96,20,1,21,117
06/07/2013,LAN,MI,AGL,CE,Combined TRACON& Tower with Radar,6,40,20,2,68,0,0,11,6,17,6,40,31,8,85,20,0,20,105
06/08/2013,LAN,MI,AGL,CE,Combined TRACON& Tower with Radar,5,29,10,0,44,1,0,29,0,30,6,29,39,0,74,19,0,19,93
06/09/2013,LAN,MI,AGL,CE,Combined TRACON& Tower with Radar,6,23,15,0,44,1,0,28,0,29,7,23,43,0,73,4,0,4,77
06/10/2013,LAN,MI,AGL,CE,Combined TRACON& Tower with Radar,5,33,23,6,67,0,0,0,0,0,5,33,23,6,67,0,0,0,67
06/11/2013,LAN,MI,AGL,CE,Combined TRACON& Tower with Radar,8,41,24,4,77,0,0,16,0,16,8,41,40,4,93,0,0,0,93
06/12/2013,LAN,MI,AGL,CE,Combined TRACON& Tower with Radar,6,43,22,2,73,0,0,22,0,22,6,43,44,2,95,20,0,20,115
06/13/2013,LAN,MI,AGL,CE,Combined TRACON& Tower with Radar,8,43,36,4,91,0,2,37,2,41,8,45,73,6,132,22,2,24,156
06/14/2013,LAN,MI,AGL,CE,Combined TRACON& Tower with Radar,6,45,27,0,78,0,0,28,0,28,6,45,55,0,106,0,0,0,106
06/15/2013,LAN,MI,AGL,CE,Combined TRACON& Tower with Radar,5,37,20,0,62,0,0,15,0,15,5,37,35,0,77,0,0,0,77
06/16/2013,LAN,MI,AGL,CE,Combined TRACON& Tower with Radar,6,23,12,0,41,0,0,7,0,7,6,23,19,0,48,0,0,0,48
06/17/2013,LAN,MI,AGL,CE,Combined TRACON& Tower with Radar,5,38,23,4,70,0,0,22,0,22,5,38,45,4,92,0,0,0,92
06/18/2013,LAN,MI,AGL,CE,Combined TRACON& Tower with Radar,6,49,35,3,93,0,0,24,0,24,6,49,59,3,117,14,0,14,131
06/19/2013,LAN,MI,AGL,CE,Combined TRACON& Tower with Radar,8,39,37,0,84,0,1,45,0,46,8,40,82,0,130,34,0,34,164
06/20/2013,LAN,MI,AGL,CE,Combined TRACON& Tower with Radar,10,42,32,0,84,0,0,23,0,23,10,42,55,0,107,22,0,22,129
06/21/2013,LAN,MI,AGL,CE,Combined TRACON& Tower with Radar,8,40,13,0,61,0,0,20,8,28,8,40,33,8,89,22,2,24,113
06/22/2013,LAN,MI,AGL,CE,Combined TRACON& Tower with Radar,5,35,18,0,58,0,0,12,0,12,5,35,30,0,70,6,0,6,76
06/23/2013,LAN,MI,AGL,CE,Combined TRACON& Tower with Radar,6,22,18,0,46,0,0,17,0,17,6,22,35,0,63,0,0,0,63
06/24/2013,LAN,MI,AGL,CE,Combined TRACON& Tower with Radar,5,36,29,4,74,0,0,6,0,6,5,36,35,4,80,0,0,0,80
06/25/2013,LAN,MI,AGL,CE,Combined TRACON& Tower with Radar,6,40,20,5,71,0,0,9,2,11,6,40,29,7,82,0,2,2,84
06/26/2013,LAN,MI,AGL,CE,Combined TRACON& Tower with Radar,6,39,23,4,72,0,0,16,22,38,6,39,39,26,110,0,0,0,110
06/27/2013,LAN,MI,AGL,CE,Combined TRACON& Tower with Radar,7,40,37,2,86,0,5,11,2,18,7,45,48,4,104,6,0,6,110
06/28/2013,LAN,MI,AGL,CE,Combined TRACON& Tower with Radar,9,43,18,3,73,0,1,4,1,6,9,44,22,4,79,0,0,0,79
06/29/2013,LAN,MI,AGL,CE,Combined TRACON& Tower with Radar,5,35,10,0,50,0,0,7,1,8,5,35,17,1,58,0,0,0,58
06/30/2013,LAN,MI,AGL,CE,Combined TRACON& Tower with Radar,6,19,11,0,36,0,0,22,0,22,6,19,33,0,58,8,0,8,66
07/01/2013,LAN,MI,AGL,CE,Combined TRACON& Tower with Radar,4,33,18,2,57,0,0,21,4,25,4,33,39,6,82,0,0,0,82
07/02/2013,LAN,MI,AGL,CE,Combined TRACON& Tower with Radar,6,35,19,6,66,0,0,7,2,9,6,35,26,8,75,16,0,16,91
07/03/2013,LAN,MI,AGL,CE,Combined TRACON& Tower with Radar,6,42,19,2,69,0,0,10,0,10,6,42,29,2,79,6,0,6,85
07/04/2013,LAN,MI,AGL,CE,Combined TRACON& Tower with Radar,6,13,3,0,22,0,0,9,0,9,6,13,12,0,31,0,0,0,31
07/05/2013,LAN,MI,AGL,CE,Combined TRACON& Tower with Radar,6,31,4,0,41,0,0,16,0,16,6,31,20,0,57,0,0,0,57
07/06/2013,LAN,MI,AGL,CE,Combined TRACON& Tower with Radar,5,28,7,0,40,0,3,15,0,18,5,31,22,0,58,21,0,21,79
07/07/2013,LAN,MI,AGL,CE,Combined TRACON& Tower with Radar,5,20,13,0,38,0,0,5,0,5,5,20,18,0,43,0,0,0,43
07/08/2013,LAN,MI,AGL,CE,Combined TRACON& Tower with Radar,8,41,17,4,70,0,0,7,3,10,8,41,24,7,80,0,0,0,80
07/09/2013,LAN,MI,AGL,CE,Combined TRACON& Tower with Radar,6,43,16,5,70,0,0,15,0,15,6,43,31,5,85,2,0,2,87
07/10/2013,LAN,MI,AGL,CE,Combined TRACON& Tower with Radar,6,41,25,4,76,0,0,13,0,13,6,41,38,4,89,0,0,0,89
07/11/2013,LAN,MI,AGL,CE,Combined TRACON& Tower with Radar,7,41,23,2,73,0,1,33,0,34,7,42,56,2,107,22,1,23,130
07/12/2013,LAN,MI,AGL,CE,Combined TRACON& Tower with Radar,5,41,29,8,83,0,1,24,3,28,5,42,53,11,111,2,0,2,113
07/13/2013,LAN,MI,AGL,CE,Combined TRACON& Tower with Radar,5,30,12,0,47,0,1,24,0,25,5,31,36,0,72,6,0,6,78
07/14/2013,LAN,MI,AGL,CE,Combined TRACON& Tower with Radar,6,25,26,4,61,0,0,19,0,19,6,25,45,4,80,0,0,0,80
07/15/2013,LAN,MI,AGL,CE,Combined TRACON& Tower with Radar,4,36,20,2,62,0,0,21,6,27,4,36,41,8,89,8,0,8,97
07/16/2013,LAN,MI,AGL,CE,Combined TRACON& Tower with Radar,6,48,28,5,87,0,0,22,2,24,6,48,50,7,111,11,0,11,122
07/17/2013,LAN,MI,AGL,CE,Combined TRACON& Tower with Radar,6,45,31,3,85,0,4,23,0,27,6,49,54,3,112,9,0,9,121
07/18/2013,LAN,MI,AGL,CE,Combined TRACON& Tower with Radar,10,45,22,2,79,0,2,20,0,22,10,47,42,2,101,12,0,12,113
07/19/2013,LAN,MI,AGL,CE,Combined TRACON& Tower with Radar,6,39,17,3,65,0,1,18,0,19,6,40,35,3,84,0,0,0,84
07/20/2013,LAN,MI,AGL,CE,Combined TRACON& Tower with Radar,5,30,11,0,46,0,0,21,0,21,5,30,32,0,67,20,0,20,87
07/21/2013,LAN,MI,AGL,CE,Combined TRACON& Tower with Radar,6,26,6,2,40,0,0,36,0,36,6,26,42,2,76,0,0,0,76
07/22/2013,LAN,MI,AGL,CE,Combined TRACON& Tower with Radar,5,40,26,2,73,0,2,17,0,19,5,42,43,2,92,6,0,6,98
07/23/2013,LAN,MI,AGL,CE,Combined TRACON& Tower with Radar,6,45,26,4,81,0,2,20,2,24,6,47,46,6,105,20,0,20,125
07/24/2013,LAN,MI,AGL,CE,Combined TRACON& Tower with Radar,6,42,41,4,93,0,2,34,0,36,6,44,75,4,129,24,0,24,153
07/25/2013,LAN,MI,AGL,CE,Combined TRACON& Tower with Radar,8,42,28,6,84,8,1,30,0,39,16,43,58,6,123,14,0,14,137
07/26/2013,LAN,MI,AGL,CE,Combined TRACON& Tower with Radar,6,42,30,0,78,0,1,18,0,19,6,43,48,0,97,0,0,0,97
07/27/2013,LAN,MI,AGL,CE,Combined TRACON& Tower with Radar,5,31,6,0,42,0,2,6,0,8,5,33,12,0,50,0,0,0,50
07/28/2013,LAN,MI,AGL,CE,Combined TRACON& Tower with Radar,5,25,19,0,49,0,0,6,0,6,5,25,25,0,55,0,0,0,55
07/29/2013,LAN,MI,AGL,CE,Combined TRACON& Tower with Radar,8,35,44,2,89,0,0,13,0,13,8,35,57,2,102,20,0,20,122
07/30/2013,LAN,MI,AGL,CE,Combined TRACON& Tower with Radar,6,39,28,2,75,0,0,25,0,25,6,39,53,2,100,28,0,28,128
07/31/2013,LAN,MI,AGL,CE,Combined TRACON& Tower with Radar,6,40,43,0,89,0,1,11,0,12,6,41,54,0,101,14,0,14,115
08/01/2013,LAN,MI,AGL,CE,Combined TRACON& Tower with Radar,10,44,41,2,97,0,0,12,0,12,10,44,53,2,109,0,0,0,109
08/02/2013,LAN,MI,AGL,CE,Combined TRACON& Tower with Radar,6,44,27,0,77,0,2,16,0,18,6,46,43,0,95,2,0,2,97
08/03/2013,LAN,MI,AGL,CE,Combined TRACON& Tower with Radar,5,33,5,4,47,0,0,26,0,26,5,33,31,4,73,18,0,18,91
08/04/2013,LAN,MI,AGL,CE,Combined TRACON& Tower with Radar,5,31,5,0,41,1,0,28,0,29,6,31,33,0,70,22,0,22,92
08/05/2013,LAN,MI,AGL,CE,Combined TRACON& Tower with Radar,5,40,18,4,67,0,1,19,0,20,5,41,37,4,87,8,0,8,95
08/06/2013,LAN,MI,AGL,CE,Combined TRACON& Tower with Radar,6,44,16,0,66,0,0,11,0,11,6,44,27,0,77,4,0,4,81
08/07/2013,LAN,MI,AGL,CE,Combined TRACON& Tower with Radar,5,41,16,2,64,0,0,8,0,8,5,41,24,2,72,0,0,0,72
08/08/2013,LAN,MI,AGL,CE,Combined TRACON& Tower with Radar,8,44,29,2,83,0,0,28,2,30,8,44,57,4,113,26,0,26,139
08/09/2013,LAN,MI,AGL,CE,Combined TRACON& Tower with Radar,7,45,19,1,72,0,4,26,1,31,7,49,45,2,103,2,0,2,105
08/10/2013,LAN,MI,AGL,CE,Combined TRACON& Tower with Radar,5,29,10,0,44,0,0,18,0,18,5,29,28,0,62,0,0,0,62
08/11/2013,LAN,MI,AGL,CE,Combined TRACON& Tower with Radar,6,23,6,0,35,0,0,16,0,16,6,23,22,0,51,0,0,0,51
08/12/2013,LAN,MI,AGL,CE,Combined TRACON& Tower with Radar,5,37,25,2,69,0,0,2,0,2,5,37,27,2,71,0,0,0,71
08/13/2013,LAN,MI,AGL,CE,Combined TRACON& Tower with Radar,6,42,40,4,92,0,0,26,0,26,6,42,66,4,118,12,0,12,130
08/14/2013,LAN,MI,AGL,CE,Combined TRACON& Tower with Radar,6,39,29,2,76,0,2,23,0,25,6,41,52,2,101,0,0,0,101
08/15/2013,LAN,MI,AGL,CE,Combined TRACON& Tower with Radar,6,39,35,3,83,0,2,27,0,29,6,41,62,3,112,0,0,0,112
08/16/2013,LAN,MI,AGL,CE,Combined TRACON& Tower with Radar,8,41,19,2,70,0,2,10,0,12,8,43,29,2,82,0,0,0,82
08/17/2013,LAN,MI,AGL,CE,Combined TRACON& Tower with Radar,5,28,12,2,47,0,1,21,0,22,5,29,33,2,69,15,0,15,84
08/18/2013,LAN,MI,AGL,CE,Combined TRACON& Tower with Radar,4,24,11,1,40,0,0,22,0,22,4,24,33,1,62,2,0,2,64
08/19/2013,LAN,MI,AGL,CE,Combined TRACON& Tower with Radar,5,39,31,4,79,0,1,15,0,16,5,40,46,4,95,0,0,0,95
08/20/2013,LAN,MI,AGL,CE,Combined TRACON& Tower with Radar,5,39,37,1,82,0,1,39,2,42,5,40,76,3,124,12,0,12,136
08/21/2013,LAN,MI,AGL,CE,Combined TRACON& Tower with Radar,6,40,25,4,75,0,0,25,0,25,6,40,50,4,100,6,0,6,106
08/22/2013,LAN,MI,AGL,CE,Combined TRACON& Tower with Radar,6,38,19,12,75,0,0,13,0,13,6,38,32,12,88,0,0,0,88
08/23/2013,LAN,MI,AGL,CE,Combined TRACON& Tower with Radar,6,43,14,2,65,0,2,31,1,34,6,45,45,3,99,6,0,6,105
08/24/2013,LAN,MI,AGL,CE,Combined TRACON& Tower with Radar,2,30,19,0,51,0,0,28,0,28,2,30,47,0,79,0,0,0,79
08/25/2013,LAN,MI,AGL,CE,Combined TRACON& Tower with Radar,4,26,10,2,42,0,0,30,0,30,4,26,40,2,72,14,0,14,86
08/26/2013,LAN,MI,AGL,CE,Combined TRACON& Tower with Radar,4,38,21,2,65,0,0,20,1,21,4,38,41,3,86,16,0,16,102
08/27/2013,LAN,MI,AGL,CE,Combined TRACON& Tower with Radar,6,45,28,0,79,0,0,10,4,14,6,45,38,4,93,0,0,0,93
08/28/2013,LAN,MI,AGL,CE,Combined TRACON& Tower with Radar,4,51,32,0,87,0,0,10,0,10,4,51,42,0,97,0,0,0,97
08/29/2013,LAN,MI,AGL,CE,Combined TRACON& Tower with Radar,6,53,35,6,100,0,0,24,0,24,6,53,59,6,124,0,0,0,124
08/30/2013,LAN,MI,AGL,CE,Combined TRACON& Tower with Radar,5,55,19,0,79,0,2,15,0,17,5,57,34,0,96,0,0,0,96
08/31/2013,LAN,MI,AGL,CE,Combined TRACON& Tower with Radar,5,21,10,0,36,0,0,10,0,10,5,21,20,0,46,0,0,0,46
09/01/2013,LAN,MI,AGL,CE,Combined TRACON& Tower with Radar,4,15,5,0,24,0,0,5,0,5,4,15,10,0,29,6,0,6,35
09/02/2013,LAN,MI,AGL,CE,Combined TRACON& Tower with Radar,4,21,11,0,36,0,0,7,0,7,4,21,18,0,43,0,0,0,43
09/03/2013,LAN,MI,AGL,CE,Combined TRACON& Tower with Radar,4,41,21,1,67,0,0,13,0,13,4,41,34,1,80,2,0,2,82
09/04/2013,LAN,MI,AGL,CE,Combined TRACON& Tower with Radar,6,49,31,4,90,0,0,36,0,36,6,49,67,4,126,13,0,13,139
09/05/2013,LAN,MI,AGL,CE,Combined TRACON& Tower with Radar,6,43,25,4,78,0,2,26,0,28,6,45,51,4,106,24,0,24,130
09/06/2013,LAN,MI,AGL,CE,Combined TRACON& Tower with Radar,9,42,30,1,82,0,1,36,5,42,9,43,66,6,124,12,12,24,148
09/07/2013,LAN,MI,AGL,CE,Combined TRACON& Tower with Radar,5,25,10,2,42,0,0,8,1,9,5,25,18,3,51,6,0,6,57
09/08/2013,LAN,MI,AGL,CE,Combined TRACON& Tower with Radar,6,24,23,0,53,0,0,13,0,13,6,24,36,0,66,10,0,10,76
09/09/2013,LAN,MI,AGL,CE,Combined TRACON& Tower with Radar,4,34,19,2,59,0,0,6,0,6,4,34,25,2,65,0,0,0,65
09/10/2013,LAN,MI,AGL,CE,Combined TRACON& Tower with Radar,6,37,15,7,65,0,1,12,0,13,6,38,27,7,78,0,0,0,78
09/11/2013,LAN,MI,AGL,CE,Combined TRACON& Tower with Radar,4,38,24,2,68,0,2,17,0,19,4,40,41,2,87,0,0,0,87
09/12/2013,LAN,MI,AGL,CE,Combined TRACON& Tower with Radar,6,44,23,4,77,0,2,12,0,14,6,46,35,4,91,0,0,0,91
09/13/2013,LAN,MI,AGL,CE,Combined TRACON& Tower with Radar,12,45,27,0,84,0,0,34,0,34,12,45,61,0,118,15,0,15,133
09/14/2013,LAN,MI,AGL,CE,Combined TRACON& Tower with Radar,2,27,15,0,44,0,3,36,0,39,2,30,51,0,83,0,0,0,83
09/15/2013,LAN,MI,AGL,CE,Combined TRACON& Tower with Radar,6,26,16,0,48,0,0,11,0,11,6,26,27,0,59,0,0,0,59
09/16/2013,LAN,MI,AGL,CE,Combined TRACON& Tower with Radar,4,37,19,0,60,0,0,15,1,16,4,37,34,1,76,12,0,12,88
09/17/2013,LAN,MI,AGL,CE,Combined TRACON& Tower with Radar,4,39,42,0,85,0,6,24,0,30,4,45,66,0,115,16,0,16,131
09/18/2013,LAN,MI,AGL,CE,Combined TRACON& Tower with Radar,4,45,16,4,69,0,2,21,1,24,4,47,37,5,93,24,0,24,117
09/19/2013,LAN,MI,AGL,CE,Combined TRACON& Tower with Radar,8,42,22,1,73,0,1,4,0,5,8,43,26,1,78,0,0,0,78
09/20/2013,LAN,MI,AGL,CE,Combined TRACON& Tower with Radar,6,49,18,1,74,0,0,6,2,8,6,49,24,3,82,11,0,11,93
09/21/2013,LAN,MI,AGL,CE,Combined TRACON& Tower with Radar,2,26,4,0,32,0,0,8,0,8,2,26,12,0,40,0,0,0,40
09/22/2013,LAN,MI,AGL,CE,Combined TRACON& Tower with Radar,5,24,13,0,42,0,0,15,0,15,5,24,28,0,57,0,0,0,57
09/23/2013,LAN,MI,AGL,CE,Combined TRACON& Tower with Radar,4,36,25,0,65,0,1,26,0,27,4,37,51,0,92,0,0,0,92
09/24/2013,LAN,MI,AGL,CE,Combined TRACON& Tower with Radar,4,47,20,2,73,0,1,19,0,20,4,48,39,2,93,6,0,6,99
09/25/2013,LAN,MI,AGL,CE,Combined TRACON& Tower with Radar,4,48,24,0,76,0,0,20,0,20,4,48,44,0,96,10,0,10,106
09/26/2013,LAN,MI,AGL,CE,Combined TRACON& Tower with Radar,8,44,21,4,77,0,1,25,3,29,8,45,46,7,106,15,0,15,121
09/27/2013,LAN,MI,AGL,CE,Combined TRACON& Tower with Radar,8,46,23,17,94,0,0,33,0,33,8,46,56,17,127,2,18,20,147
09/28/2013,LAN,MI,AGL,CE,Combined TRACON& Tower with Radar,4,24,13,0,41,0,0,20,2,22,4,24,33,2,63,0,0,0,63
09/29/2013,LAN,MI,AGL,CE,Combined TRACON& Tower with Radar,4,25,23,0,52,0,0,3,0,3,4,25,26,0,55,2,0,2,57
09/30/2013,LAN,MI,AGL,CE,Combined TRACON& Tower with Radar,4,37,21,0,62,0,1,24,0,25,4,38,45,0,87,0,0,0,87
10/01/2013,LAN,MI,AGL,CE,Combined TRACON& Tower with Radar,4,43,23,0,70,0,0,8,0,8,4,43,31,0,78,4,0,4,82
10/02/2013,LAN,MI,AGL,CE,Combined TRACON& Tower with Radar,6,42,34,0,82,0,1,36,0,37,6,43,70,0,119,0,0,0,119
10/03/2013,LAN,MI,AGL,CE,Combined TRACON& Tower with Radar,10,41,35,0,86,0,0,5,0,5,10,41,40,0,91,4,0,4,95
10/04/2013,LAN,MI,AGL,CE,Combined TRACON& Tower with Radar,14,40,15,0,69,0,0,7,0,7,14,40,22,0,76,0,0,0,76
10/05/2013,LAN,MI,AGL,CE,Combined TRACON& Tower with Radar,4,27,8,0,39,0,0,6,0,6,4,27,14,0,45,6,0,6,51
10/06/2013,LAN,MI,AGL,CE,Combined TRACON& Tower with Radar,8,30,6,0,44,0,0,0,0,0,8,30,6,0,44,0,0,0,44
10/07/2013,LAN,MI,AGL,CE,Combined TRACON& Tower with Radar,4,44,20,0,68,0,0,7,0,7,4,44,27,0,75,6,0,6,81
10/08/2013,LAN,MI,AGL,CE,Combined TRACON& Tower with Radar,4,38,44,3,89,0,1,25,0,26,4,39,69,3,115,2,0,2,117
10/09/2013,LAN,MI,AGL,CE,Combined TRACON& Tower with Radar,4,37,32,0,73,0,1,36,0,37,4,38,68,0,110,30,0,30,140
10/10/2013,LAN,MI,AGL,CE,Combined TRACON& Tower with Radar,10,42,22,4,78,0,3,26,0,29,10,45,48,4,107,0,0,0,107
10/11/2013,LAN,MI,AGL,CE,Combined TRACON& Tower with Radar,20,44,38,0,102,0,0,47,0,47,20,44,85,0,149,0,0,0,149
10/12/2013,LAN,MI,AGL,CE,Combined TRACON& Tower with Radar,5,25,8,0,38,0,0,18,0,18,5,25,26,0,56,0,0,0,56
10/13/2013,LAN,MI,AGL,CE,Combined TRACON& Tower with Radar,7,26,16,0,49,0,0,17,0,17,7,26,33,0,66,8,0,8,74
10/14/2013,LAN,MI,AGL,CE,Combined TRACON& Tower with Radar,4,41,32,0,77,0,10,23,0,33,4,51,55,0,110,2,0,2,112
10/15/2013,LAN,MI,AGL,CE,Combined TRACON& Tower with Radar,6,53,27,0,86,0,8,7,0,15,6,61,34,0,101,0,0,0,101
10/16/2013,LAN,MI,AGL,CE,Combined TRACON& Tower with Radar,16,51,30,0,97,0,2,11,0,13,16,53,41,0,110,0,0,0,110
10/17/2013,LAN,MI,AGL,CE,Combined TRACON& Tower with Radar,22,43,14,0,79,0,0,1,0,1,22,43,15,0,80,0,0,0,80
10/18/2013,LAN,MI,AGL,CE,Combined TRACON& Tower with Radar,16,45,22,0,83,0,0,19,0,19,16,45,41,0,102,4,0,4,106
10/19/2013,LAN,MI,AGL,CE,Combined TRACON& Tower with Radar,21,32,15,0,68,0,0,4,0,4,21,32,19,0,72,12,0,12,84
10/20/2013,LAN,MI,AGL,CE,Combined TRACON& Tower with Radar,8,30,12,0,50,0,1,24,2,27,8,31,36,2,77,0,0,0,77
10/21/2013,LAN,MI,AGL,CE,Combined TRACON& Tower with Radar,20,38,14,0,72,0,0,10,0,10,20,38,24,0,82,4,0,4,86
10/22/2013,LAN,MI,AGL,CE,Combined TRACON& Tower with Radar,15,40,29,4,88,0,1,18,0,19,15,41,47,4,107,0,0,0,107
10/23/2013,LAN,MI,AGL,CE,Combined TRACON& Tower with Radar,9,48,23,2,82,0,2,10,0,12,9,50,33,2,94,10,0,10,104
10/24/2013,LAN,MI,AGL,CE,Combined TRACON& Tower with Radar,22,42,30,6,100,0,0,11,0,11,22,42,41,6,111,12,0,12,123
10/25/2013,LAN,MI,AGL,CE,Combined TRACON& Tower with Radar,19,44,38,14,115,0,0,16,0,16,19,44,54,14,131,0,0,0,131
10/26/2013,LAN,MI,AGL,CE,Combined TRACON& Tower with Radar,7,25,7,2,41,0,0,19,0,19,7,25,26,2,60,6,0,6,66
10/27/2013,LAN,MI,AGL,CE,Combined TRACON& Tower with Radar,7,25,8,2,42,0,0,30,0,30,7,25,38,2,72,4,0,4,76
10/28/2013,LAN,MI,AGL,CE,Combined TRACON& Tower with Radar,4,35,21,2,62,0,0,31,0,31,4,35,52,2,93,32,0,32,125
10/29/2013,LAN,MI,AGL,CE,Combined TRACON& Tower with Radar,4,43,23,3,73,0,0,18,2,20,4,43,41,5,93,2,2,4,97
10/30/2013,LAN,MI,AGL,CE,Combined TRACON& Tower with Radar,4,42,24,5,75,0,1,28,0,29,4,43,52,5,104,0,0,0,104
10/31/2013,LAN,MI,AGL,CE,Combined TRACON& Tower with Radar,9,33,11,0,53,0,0,2,0,2,9,33,13,0,55,4,0,4,59
11/01/2013,LAN,MI,AGL,CE,Combined TRACON& Tower with Radar,16,49,28,2,95,0,0,3,0,3,16,49,31,2,98,4,0,4,102
11/02/2013,LAN,MI,AGL,CE,Combined TRACON& Tower with Radar,10,35,16,0,61,0,0,10,2,12,10,35,26,2,73,0,0,0,73
11/03/2013,LAN,MI,AGL,CE,Combined TRACON& Tower with Radar,7,21,13,2,43,0,0,10,0,10,7,21,23,2,53,0,0,0,53
11/04/2013,LAN,MI,AGL,CE,Combined TRACON& Tower with Radar,4,37,26,0,67,0,1,10,2,13,4,38,36,2,80,0,8,8,88
11/05/2013,LAN,MI,AGL,CE,Combined TRACON& Tower with Radar,6,36,16,5,63,0,0,11,1,12,6,36,27,6,75,8,2,10,85
11/06/2013,LAN,MI,AGL,CE,Combined TRACON& Tower with Radar,4,41,23,2,70,0,0,0,0,0,4,41,23,2,70,0,0,0,70
11/07/2013,LAN,MI,AGL,CE,Combined TRACON& Tower with Radar,10,46,30,4,90,0,2,7,0,9,10,48,37,4,99,22,0,22,121
11/08/2013,LAN,MI,AGL,CE,Combined TRACON& Tower with Radar,6,52,39,0,97,0,2,23,3,28,6,54,62,3,125,14,0,14,139
11/09/2013,LAN,MI,AGL,CE,Combined TRACON& Tower with Radar,3,26,5,0,34,0,0,7,0,7,3,26,12,0,41,0,0,0,41
11/10/2013,LAN,MI,AGL,CE,Combined TRACON& Tower with Radar,7,26,5,0,38,0,0,18,0,18,7,26,23,0,56,0,0,0,56
11/11/2013,LAN,MI,AGL,CE,Combined TRACON& Tower with Radar,6,34,12,0,52,0,0,1,0,1,6,34,13,0,53,4,0,4,57
11/12/2013,LAN,MI,AGL,CE,Combined TRACON& Tower with Radar,4,42,21,2,69,0,0,10,0,10,4,42,31,2,79,2,0,2,81
11/13/2013,LAN,MI,AGL,CE,Combined TRACON& Tower with Radar,6,44,27,9,86,0,0,29,0,29,6,44,56,9,115,0,0,0,115
11/14/2013,LAN,MI,AGL,CE,Combined TRACON& Tower with Radar,10,50,36,6,102,0,1,14,0,15,10,51,50,6,117,2,0,2,119
11/15/2013,LAN,MI,AGL,CE,Combined TRACON& Tower with Radar,8,40,30,0,78,0,2,18,0,20,8,42,48,0,98,12,0,12,110
11/16/2013,LAN,MI,AGL,CE,Combined TRACON& Tower with Radar,3,26,10,0,39,0,0,2,0,2,3,26,12,0,41,0,0,0,41
11/17/2013,LAN,MI,AGL,CE,Combined TRACON& Tower with Radar,12,17,8,0,37,0,0,0,0,0,12,17,8,0,37,0,0,0,37
11/18/2013,LAN,MI,AGL,CE,Combined TRACON& Tower with Radar,5,35,22,0,62,0,2,5,0,7,5,37,27,0,69,2,0,2,71
11/19/2013,LAN,MI,AGL,CE,Combined TRACON& Tower with Radar,4,40,23,2,69,0,0,30,1,31,4,40,53,3,100,24,0,24,124
11/20/2013,LAN,MI,AGL,CE,Combined TRACON& Tower with Radar,4,39,43,2,88,0,0,26,0,26,4,39,69,2,114,12,0,12,126
11/21/2013,LAN,MI,AGL,CE,Combined TRACON& Tower with Radar,12,40,27,2,81,0,0,13,0,13,12,40,40,2,94,0,0,0,94
11/22/2013,LAN,MI,AGL,CE,Combined TRACON& Tower with Radar,7,40,25,2,74,0,0,12,0,12,7,40,37,2,86,0,0,0,86
11/23/2013,LAN,MI,AGL,CE,Combined TRACON& Tower with Radar,7,29,15,2,53,0,0,7,0,7,7,29,22,2,60,0,0,0,60
11/24/2013,LAN,MI,AGL,CE,Combined TRACON& Tower with Radar,12,20,10,0,42,0,0,11,0,11,12,20,21,0,53,0,0,0,53
11/25/2013,LAN,MI,AGL,CE,Combined TRACON& Tower with Radar,4,32,12,2,50,0,0,7,2,9,4,32,19,4,59,0,0,0,59
11/26/2013,LAN,MI,AGL,CE,Combined TRACON& Tower with Radar,10,42,28,11,91,0,0,9,1,10,10,42,37,12,101,4,0,4,105
11/27/2013,LAN,MI,AGL,CE,Combined TRACON& Tower with Radar,10,48,6,4,68,0,1,15,0,16,10,49,21,4,84,16,0,16,100
11/28/2013,LAN,MI,AGL,CE,Combined TRACON& Tower with Radar,3,13,4,0,20,0,0,7,0,7,3,13,11,0,27,0,0,0,27
11/29/2013,LAN,MI,AGL,CE,Combined TRACON& Tower with Radar,6,33,7,0,46,0,0,9,0,9,6,33,16,0,55,0,0,0,55
11/30/2013,LAN,MI,AGL,CE,Combined TRACON& Tower with Radar,5,37,24,0,66,0,0,16,0,16,5,37,40,0,82,6,0,6,88
12/01/2013,LAN,MI,AGL,CE,Combined TRACON& Tower with Radar,4,28,25,2,59,0,0,2,0,2,4,28,27,2,61,7,0,7,68
12/02/2013,LAN,MI,AGL,CE,Combined TRACON& Tower with Radar,10,39,15,0,64,0,2,32,0,34,10,41,47,0,98,26,0,26,124
12/03/2013,LAN,MI,AGL,CE,Combined TRACON& Tower with Radar,7,43,20,0,70,0,0,2,0,2,7,43,22,0,72,8,0,8,80
12/04/2013,LAN,MI,AGL,CE,Combined TRACON& Tower with Radar,6,45,25,0,76,0,0,4,0,4,6,45,29,0,80,0,0,0,80
12/05/2013,LAN,MI,AGL,CE,Combined TRACON& Tower with Radar,10,53,25,6,94,0,0,13,0,13,10,53,38,6,107,2,0,2,109
12/06/2013,LAN,MI,AGL,CE,Combined TRACON& Tower with Radar,10,46,20,4,80,0,0,6,0,6,10,46,26,4,86,8,0,8,94
12/07/2013,LAN,MI,AGL,CE,Combined TRACON& Tower with Radar,2,29,13,8,52,0,0,28,3,31,2,29,41,11,83,8,0,8,91
12/08/2013,LAN,MI,AGL,CE,Combined TRACON& Tower with Radar,8,25,13,0,46,0,0,4,0,4,8,25,17,0,50,12,0,12,62
12/09/2013,LAN,MI,AGL,CE,Combined TRACON& Tower with Radar,4,39,22,2,67,0,0,0,0,0,4,39,22,2,67,0,0,0,67
12/10/2013,LAN,MI,AGL,CE,Combined TRACON& Tower with Radar,6,46,20,2,74,0,0,5,0,5,6,46,25,2,79,0,0,0,79
12/11/2013,LAN,MI,AGL,CE,Combined TRACON& Tower with Radar,8,50,24,2,84,0,0,9,0,9,8,50,33,2,93,0,0,0,93
12/12/2013,LAN,MI,AGL,CE,Combined TRACON& Tower with Radar,10,52,34,2,98,0,0,10,0,10,10,52,44,2,108,0,0,0,108
12/13/2013,LAN,MI,AGL,CE,Combined TRACON& Tower with Radar,8,48,19,2,77,0,0,16,2,18,8,48,35,4,95,10,0,10,105
12/14/2013,LAN,MI,AGL,CE,Combined TRACON& Tower with Radar,3,30,3,2,38,0,0,0,0,0,3,30,3,2,38,0,0,0,38
12/15/2013,LAN,MI,AGL,CE,Combined TRACON& Tower with Radar,7,24,7,0,38,0,0,1,0,1,7,24,8,0,39,0,0,0,39
12/16/2013,LAN,MI,AGL,CE,Combined TRACON& Tower with Radar,6,39,22,2,69,0,0,13,0,13,6,39,35,2,82,26,0,26,108
12/17/2013,LAN,MI,AGL,CE,Combined TRACON& Tower with Radar,12,52,12,3,79,0,0,2,0,2,12,52,14,3,81,0,0,0,81
12/18/2013,LAN,MI,AGL,CE,Combined TRACON& Tower with Radar,15,50,29,2,96,0,0,16,4,20,15,50,45,6,116,26,0,26,142
12/19/2013,LAN,MI,AGL,CE,Combined TRACON& Tower with Radar,15,47,22,2,86,0,2,16,0,18,15,49,38,2,104,6,0,6,110
12/20/2013,LAN,MI,AGL,CE,Combined TRACON& Tower with Radar,12,39,8,0,59,0,0,0,0,0,12,39,8,0,59,0,0,0,59
12/21/2013,LAN,MI,AGL,CE,Combined TRACON& Tower with Radar,9,30,1,0,40,0,0,0,0,0,9,30,1,0,40,0,0,0,40
12/22/2013,LAN,MI,AGL,CE,Combined TRACON& Tower with Radar,3,9,1,0,13,0,0,0,0,0,3,9,1,0,13,0,0,0,13
12/23/2013,LAN,MI,AGL,CE,Combined TRACON& Tower with Radar,8,39,13,2,62,0,0,2,0,2,8,39,15,2,64,0,0,0,64
12/24/2013,LAN,MI,AGL,CE,Combined TRACON& Tower with Radar,14,37,0,0,51,0,1,6,0,7,14,38,6,0,58,0,0,0,58
12/25/2013,LAN,MI,AGL,CE,Combined TRACON& Tower with Radar,7,16,2,0,25,0,1,0,0,1,7,17,2,0,26,0,0,0,26
12/26/2013,LAN,MI,AGL,CE,Combined TRACON& Tower with Radar,15,38,7,2,62,0,0,3,0,3,15,38,10,2,65,0,0,0,65
12/27/2013,LAN,MI,AGL,CE,Combined TRACON& Tower with Radar,11,35,5,4,55,0,0,5,2,7,11,35,10,6,62,0,0,0,62
12/28/2013,LAN,MI,AGL,CE,Combined TRACON& Tower with Radar,6,29,19,0,54,0,0,36,0,36,6,29,55,0,90,11,0,11,101
12/29/2013,LAN,MI,AGL,CE,Combined TRACON& Tower with Radar,32,15,4,0,51,0,0,1,0,1,32,15,5,0,52,0,0,0,52
12/30/2013,LAN,MI,AGL,CE,Combined TRACON& Tower with Radar,5,29,9,2,45,0,0,8,0,8,5,29,17,2,53,6,0,6,59
12/31/2013,LAN,MI,AGL,CE,Combined TRACON& Tower with Radar,8,35,12,4,59,0,0,0,0,0,8,35,12,4,59,0,4,4,63
01/01/2014,LAN,MI,AGL,CE,Combined TRACON& Tower with Radar,5,14,1,0,20,0,0,2,0,2,5,14,3,0,22,0,0,0,22
01/02/2014,LAN,MI,AGL,CE,Combined TRACON& Tower with Radar,37,28,5,0,70,0,0,2,0,2,37,28,7,0,72,0,0,0,72
01/03/2014,LAN,MI,AGL,CE,Combined TRACON& Tower with Radar,17,38,16,0,71,0,0,21,6,27,17,38,37,6,98,0,0,0,98
01/04/2014,LAN,MI,AGL,CE,Combined TRACON& Tower with Radar,5,34,5,0,44,0,0,0,0,0,5,34,5,0,44,0,0,0,44
01/05/2014,LAN,MI,AGL,CE,Combined TRACON& Tower with Radar,7,7,6,2,22,0,0,0,0,0,7,7,6,2,22,0,0,0,22
01/06/2014,LAN,MI,AGL,CE,Combined TRACON& Tower with Radar,3,14,4,0,21,0,1,0,0,1,3,15,4,0,22,0,0,0,22
01/07/2014,LAN,MI,AGL,CE,Combined TRACON& Tower with Radar,20,28,8,4,60,0,0,3,0,3,20,28,11,4,63,0,0,0,63
01/08/2014,LAN,MI,AGL,CE,Combined TRACON& Tower with Radar,14,35,10,4,63,0,0,12,5,17,14,35,22,9,80,0,0,0,80
01/09/2014,LAN,MI,AGL,CE,Combined TRACON& Tower with Radar,12,45,20,4,81,0,0,9,3,12,12,45,29,7,93,0,1,1,94
01/10/2014,LAN,MI,AGL,CE,Combined TRACON& Tower with Radar,6,42,8,2,58,0,0,0,0,0,6,42,8,2,58,0,0,0,58
01/11/2014,LAN,MI,AGL,CE,Combined TRACON& Tower with Radar,2,27,4,0,33,0,0,0,0,0,2,27,4,0,33,0,0,0,33
01/12/2014,LAN,MI,AGL,CE,Combined TRACON& Tower with Radar,6,24,19,2,51,0,0,18,0,18,6,24,37,2,69,0,0,0,69
01/13/2014,LAN,MI,AGL,CE,Combined TRACON& Tower with Radar,4,35,18,1,58,0,0,11,1,12,4,35,29,2,70,0,0,0,70
01/14/2014,LAN,MI,AGL,CE,Combined TRACON& Tower with Radar,6,37,20,0,63,0,1,11,0,12,6,38,31,0,75,14,0,14,89
01/15/2014,LAN,MI,AGL,CE,Combined TRACON& Tower with Radar,6,44,26,1,77,0,0,14,0,14,6,44,40,1,91,20,0,20,111
01/16/2014,LAN,MI,AGL,CE,Combined TRACON& Tower with Radar,8,46,24,0,78,0,0,3,0,3,8,46,27,0,81,0,0,0,81
01/17/2014,LAN,MI,AGL,CE,Combined TRACON& Tower with Radar,9,45,13,0,67,0,0,6,0,6,9,45,19,0,73,0,0,0,73
01/18/2014,LAN,MI,AGL,CE,Combined TRACON& Tower with Radar,3,25,22,0,50,0,0,7,0,7,3,25,29,0,57,6,0,6,63
01/19/2014,LAN,MI,AGL,CE,Combined TRACON& Tower with Radar,6,22,5,0,33,0,0,5,0,5,6,22,10,0,38,0,0,0,38
01/20/2014,LAN,MI,AGL,CE,Combined TRACON& Tower with Radar,4,33,17,0,54,0,1,6,0,7,4,34,23,0,61,14,0,14,75
01/21/2014,LAN,MI,AGL,CE,Combined TRACON& Tower with Radar,5,40,25,0,70,0,2,20,1,23,5,42,45,1,93,0,0,0,93
01/22/2014,LAN,MI,AGL,CE,Combined TRACON& Tower with Radar,6,42,18,0,66,0,0,3,0,3,6,42,21,0,69,0,0,0,69
01/23/2014,LAN,MI,AGL,CE,Combined TRACON& Tower with Radar,11,47,27,3,88,0,0,16,0,16,11,47,43,3,104,2,0,2,106
01/24/2014,LAN,MI,AGL,CE,Combined TRACON& Tower with Radar,7,30,18,2,57,0,1,4,0,5,7,31,22,2,62,0,0,0,62
01/25/2014,LAN,MI,AGL,CE,Combined TRACON& Tower with Radar,4,23,5,0,32,0,0,0,0,0,4,23,5,0,32,0,0,0,32
01/26/2014,LAN,MI,AGL,CE,Combined TRACON& Tower with Radar,8,23,5,0,36,0,0,0,0,0,8,23,5,0,36,0,0,0,36
01/27/2014,LAN,MI,AGL,CE,Combined TRACON& Tower with Radar,7,36,13,2,58,0,1,4,0,5,7,37,17,2,63,0,0,0,63
01/28/2014,LAN,MI,AGL,CE,Combined TRACON& Tower with Radar,6,33,21,12,72,0,1,16,0,17,6,34,37,12,89,18,0,18,107
01/29/2014,LAN,MI,AGL,CE,Combined TRACON& Tower with Radar,8,49,42,2,101,0,0,6,0,6,8,49,48,2,107,0,0,0,107
01/30/2014,LAN,MI,AGL,CE,Combined TRACON& Tower with Radar,12,36,12,2,62,0,0,2,3,5,12,36,14,5,67,0,0,0,67
01/31/2014,LAN,MI,AGL,CE,Combined TRACON& Tower with Radar,10,42,14,4,70,0,1,15,8,24,10,43,29,12,94,6,0,6,100
02/01/2014,LAN,MI,AGL,CE,Combined TRACON& Tower with Radar,4,24,1,0,29,0,0,0,0,0,4,24,1,0,29,0,0,0,29
02/02/2014,LAN,MI,AGL,CE,Combined TRACON& Tower with Radar,8,19,6,0,33,0,0,6,0,6,8,19,12,0,39,16,0,16,55
02/03/2014,LAN,MI,AGL,CE,Combined TRACON& Tower with Radar,9,34,28,0,71,0,3,13,6,22,9,37,41,6,93,0,6,6,99
02/04/2014,LAN,MI,AGL,CE,Combined TRACON& Tower with Radar,8,35,29,4,76,0,1,7,2,10,8,36,36,6,86,0,0,0,86
02/05/2014,LAN,MI,AGL,CE,Combined TRACON& Tower with Radar,8,41,17,2,68,0,0,3,0,3,8,41,20,2,71,6,0,6,77
02/06/2014,LAN,MI,AGL,CE,Combined TRACON& Tower with Radar,12,41,20,7,80,0,0,3,4,7,12,41,23,11,87,0,1,1,88
02/07/2014,LAN,MI,AGL,CE,Combined TRACON& Tower with Radar,9,41,15,6,71,0,1,13,2,16,9,42,28,8,87,0,0,0,87
02/08/2014,LAN,MI,AGL,CE,Combined TRACON& Tower with Radar,6,27,11,3,47,0,0,1,1,2,6,27,12,4,49,0,0,0,49
02/09/2014,LAN,MI,AGL,CE,Combined TRACON& Tower with Radar,10,23,5,3,41,0,0,5,0,5,10,23,10,3,46,0,0,0,46
02/10/2014,LAN,MI,AGL,CE,Combined TRACON& Tower with Radar,7,34,21,0,62,0,0,1,0,1,7,34,22,0,63,0,0,0,63
02/11/2014,LAN,MI,AGL,CE,Combined TRACON& Tower with Radar,6,40,23,8,77,0,0,26,0,26,6,40,49,8,103,0,0,0,103
02/12/2014,LAN,MI,AGL,CE,Combined TRACON& Tower with Radar,8,50,35,0,93,0,0,14,0,14,8,50,49,0,107,0,0,0,107
02/13/2014,LAN,MI,AGL,CE,Combined TRACON& Tower with Radar,13,45,22,6,86,0,0,5,2,7,13,45,27,8,93,0,0,0,93
02/14/2014,LAN,MI,AGL,CE,Combined TRACON& Tower with Radar,8,44,21,2,75,0,1,4,2,7,8,45,25,4,82,0,0,0,82
02/15/2014,LAN,MI,AGL,CE,Combined TRACON& Tower with Radar,4,30,20,0,54,0,1,14,2,17,4,31,34,2,71,7,0,7,78
02/16/2014,LAN,MI,AGL,CE,Combined TRACON& Tower with Radar,8,20,11,0,39,0,1,9,0,10,8,21,20,0,49,6,0,6,55
02/17/2014,LAN,MI,AGL,CE,Combined TRACON& Tower with Radar,8,30,9,0,47,0,0,0,0,0,8,30,9,0,47,0,0,0,47
02/18/2014,LAN,MI,AGL,CE,Combined TRACON& Tower with Radar,7,42,28,3,80,8,0,10,1,19,15,42,38,4,99,0,0,0,99
02/19/2014,LAN,MI,AGL,CE,Combined TRACON& Tower with Radar,6,42,32,1,81,0,2,20,2,24,6,44,52,3,105,2,0,2,107
02/20/2014,LAN,MI,AGL,CE,Combined TRACON& Tower with Radar,10,38,17,2,67,0,0,0,2,2,10,38,17,4,69,0,0,0,69
02/21/2014,LAN,MI,AGL,CE,Combined TRACON& Tower with Radar,9,40,12,7,68,0,0,0,4,4,9,40,12,11,72,0,0,0,72
02/22/2014,LAN,MI,AGL,CE,Combined TRACON& Tower with Radar,4,33,9,0,46,0,0,7,1,8,4,33,16,1,54,24,0,24,78
02/23/2014,LAN,MI,AGL,CE,Combined TRACON& Tower with Radar,8,26,11,0,45,0,0,14,0,14,8,26,25,0,59,0,0,0,59
02/24/2014,LAN,MI,AGL,CE,Combined TRACON& Tower with Radar,9,34,9,2,54,0,0,6,0,6,9,34,15,2,60,0,0,0,60
02/25/2014,LAN,MI,AGL,CE,Combined TRACON& Tower with Radar,5,39,49,6,99,0,4,8,1,13,5,43,57,7,112,0,0,0,112
02/26/2014,LAN,MI,AGL,CE,Combined TRACON& Tower with Radar,7,46,24,4,81,0,0,6,0,6,7,46,30,4,87,0,0,0,87
02/27/2014,LAN,MI,AGL,CE,Combined TRACON& Tower with Radar,9,43,18,6,76,0,0,3,0,3,9,43,21,6,79,4,0,4,83
02/28/2014,LAN,MI,AGL,CE,Combined TRACON& Tower with Radar,10,43,40,2,95,0,0,11,0,11,10,43,51,2,106,0,0,0,106
03/01/2014,LAN,MI,AGL,CE,Combined TRACON& Tower with Radar,6,25,12,1,44,0,0,3,4,7,6,25,15,5,51,0,0,0,51
03/02/2014,LAN,MI,AGL,CE,Combined TRACON& Tower with Radar,8,23,4,2,37,0,0,9,0,9,8,23,13,2,46,0,0,0,46
03/03/2014,LAN,MI,AGL,CE,Combined TRACON& Tower with Radar,9,42,14,3,68,0,0,17,1,18,9,42,31,4,86,0,0,0,86
03/04/2014,LAN,MI,AGL,CE,Combined TRACON& Tower with Radar,14,52,13,5,84,0,0,12,1,13,14,52,25,6,97,0,2,2,99
03/05/2014,LAN,MI,AGL,CE,Combined TRACON& Tower with Radar,6,39,22,2,69,0,0,8,0,8,6,39,30,2,77,0,2,2,79
03/06/2014,LAN,MI,AGL,CE,Combined TRACON& Tower with Radar,8,47,33,2,90,0,1,23,3,27,8,48,56,5,117,0,0,0,117
03/07/2014,LAN,MI,AGL,CE,Combined TRACON& Tower with Radar,9,46,25,9,89,0,1,12,10,23,9,47,37,19,112,6,0,6,118
03/08/2014,LAN,MI,AGL,CE,Combined TRACON& Tower with Radar,4,31,9,0,44,0,0,5,0,5,4,31,14,0,49,10,0,10,59
03/09/2014,LAN,MI,AGL,CE,Combined TRACON& Tower with Radar,8,27,15,0,50,0,0,27,0,27,8,27,42,0,77,8,0,8,85
03/10/2014,LAN,MI,AGL,CE,Combined TRACON& Tower with Radar,7,34,23,0,64,0,1,7,1,9,7,35,30,1,73,0,0,0,73
03/11/2014,LAN,MI,AGL,CE,Combined TRACON& Tower with Radar,6,40,21,6,73,0,1,10,4,15,6,41,31,10,88,0,0,0,88
03/12/2014,LAN,MI,AGL,CE,Combined TRACON& Tower with Radar,6,39,7,0,52,0,0,3,0,3,6,39,10,0,55,10,0,10,65
03/13/2014,LAN,MI,AGL,CE,Combined TRACON& Tower with Radar,9,46,20,9,84,0,4,21,5,30,9,50,41,14,114,4,0,4,118
03/14/2014,LAN,MI,AGL,CE,Combined TRACON& Tower with Radar,8,39,15,3,65,0,2,6,1,9,8,41,21,4,74,0,0,0,74
03/15/2014,LAN,MI,AGL,CE,Combined TRACON& Tower with Radar,4,30,2,0,36,0,1,8,0,9,4,31,10,0,45,0,0,0,45
03/16/2014,LAN,MI,AGL,CE,Combined TRACON& Tower with Radar,8,25,3,0,36,0,0,18,0,18,8,25,21,0,54,6,0,6,60
03/17/2014,LAN,MI,AGL,CE,Combined TRACON& Tower with Radar,9,34,20,5,68,0,2,7,0,9,9,36,27,5,77,15,3,18,95
03/18/2014,LAN,MI,AGL,CE,Combined TRACON& Tower with Radar,6,42,26,11,85,0,4,31,4,39,6,46,57,15,124,0,0,0,124
03/19/2014,LAN,MI,AGL,CE,Combined TRACON& Tower with Radar,6,45,23,7,81,0,0,5,3,8,6,45,28,10,89,20,0,20,109
03/20/2014,LAN,MI,AGL,CE,Combined TRACON& Tower with Radar,12,47,14,3,76,0,0,3,0,3,12,47,17,3,79,20,0,20,99
03/21/2014,LAN,MI,AGL,CE,Combined TRACON& Tower with Radar,11,47,30,2,90,0,1,35,0,36,11,48,65,2,126,28,0,28,154
03/22/2014,LAN,MI,AGL,CE,Combined TRACON& Tower with Radar,3,30,14,0,47,0,0,14,0,14,3,30,28,0,61,0,0,0,61
03/23/2014,LAN,MI,AGL,CE,Combined TRACON& Tower with Radar,10,24,10,0,44,0,0,24,0,24,10,24,34,0,68,0,0,0,68
03/24/2014,LAN,MI,AGL,CE,Combined TRACON& Tower with Radar,8,40,28,2,78,0,0,17,0,17,8,40,45,2,95,24,0,24,119
03/25/2014,LAN,MI,AGL,CE,Combined TRACON& Tower with Radar,6,48,17,8,79,0,0,7,2,9,6,48,24,10,88,11,0,11,99
03/26/2014,LAN,MI,AGL,CE,Combined TRACON& Tower with Radar,12,54,23,10,99,0,1,18,0,19,12,55,41,10,118,0,0,0,118
03/27/2014,LAN,MI,AGL,CE,Combined TRACON& Tower with Radar,9,44,31,6,90,0,0,0,1,1,9,44,31,7,91,0,0,0,91
03/28/2014,LAN,MI,AGL,CE,Combined TRACON& Tower with Radar,7,46,22,6,81,0,1,3,0,4,7,47,25,6,85,0,0,0,85
03/29/2014,LAN,MI,AGL,CE,Combined TRACON& Tower with Radar,5,31,10,0,46,0,0,6,0,6,5,31,16,0,52,0,0,0,52
03/30/2014,LAN,MI,AGL,CE,Combined TRACON& Tower with Radar,12,27,21,0,60,0,0,40,0,40,12,27,61,0,100,0,0,0,100
03/31/2014,LAN,MI,AGL,CE,Combined TRACON& Tower with Radar,9,34,15,0,58,0,0,21,0,21,9,34,36,0,79,8,0,8,87
04/01/2014,LAN,MI,AGL,CE,Combined TRACON& Tower with Radar,6,35,13,2,56,0,0,19,2,21,6,35,32,4,77,4,0,4,81
04/02/2014,LAN,MI,AGL,CE,Combined TRACON& Tower with Radar,6,38,36,4,84,0,0,20,1,21,6,38,56,5,105,36,0,36,141
04/03/2014,LAN,MI,AGL,CE,Combined TRACON& Tower with Radar,10,38,10,8,66,0,0,3,0,3,10,38,13,8,69,16,0,16,85
04/04/2014,LAN,MI,AGL,CE,Combined TRACON& Tower with Radar,9,34,9,2,54,0,0,2,1,3,9,34,11,3,57,0,0,0,57
04/05/2014,LAN,MI,AGL,CE,Combined TRACON& Tower with Radar,4,30,6,2,42,0,1,18,0,19,4,31,24,2,61,0,0,0,61
04/06/2014,LAN,MI,AGL,CE,Combined TRACON& Tower with Radar,7,26,28,2,63,0,0,41,0,41,7,26,69,2,104,2,0,2,106
04/07/2014,LAN,MI,AGL,CE,Combined TRACON& Tower with Radar,9,36,13,4,62,0,0,7,0,7,9,36,20,4,69,19,0,19,88
04/08/2014,LAN,MI,AGL,CE,Combined TRACON& Tower with Radar,6,44,10,10,70,0,0,12,0,12,6,44,22,10,82,6,0,6,88
04/09/2014,LAN,MI,AGL,CE,Combined TRACON& Tower with Radar,6,37,33,2,78,0,0,19,0,19,6,37,52,2,97,8,0,8,105
04/10/2014,LAN,MI,AGL,CE,Combined TRACON& Tower with Radar,9,39,23,2,73,0,1,10,3,14,9,40,33,5,87,14,0,14,101
04/11/2014,LAN,MI,AGL,CE,Combined TRACON& Tower with Radar,8,40,32,2,82,0,0,46,0,46,8,40,78,2,128,32,0,32,160
04/12/2014,LAN,MI,AGL,CE,Combined TRACON& Tower with Radar,4,28,19,0,51,0,0,32,2,34,4,28,51,2,85,30,0,30,115
04/13/2014,LAN,MI,AGL,CE,Combined TRACON& Tower with Radar,8,26,11,0,45,0,0,10,0,10,8,26,21,0,55,16,0,16,71
04/14/2014,LAN,MI,AGL,CE,Combined TRACON& Tower with Radar,7,34,14,4,59,0,0,0,0,0,7,34,14,4,59,0,0,0,59
04/15/2014,LAN,MI,AGL,CE,Combined TRACON& Tower with Radar,6,42,41,8,97,26,0,14,2,42,32,42,55,10,139,0,0,0,139
04/16/2014,LAN,MI,AGL,CE,Combined TRACON& Tower with Radar,6,43,30,8,87,0,0,10,2,12,6,43,40,10,99,0,0,0,99
04/17/2014,LAN,MI,AGL,CE,Combined TRACON& Tower with Radar,9,44,29,5,87,0,3,17,1,21,9,47,46,6,108,8,0,8,116
04/18/2014,LAN,MI,AGL,CE,Combined TRACON& Tower with Radar,8,37,23,3,71,0,3,22,1,26,8,40,45,4,97,18,0,18,115
04/19/2014,LAN,MI,AGL,CE,Combined TRACON& Tower with Radar,4,26,9,0,39,0,1,30,0,31,4,27,39,0,70,0,0,0,70
04/20/2014,LAN,MI,AGL,CE,Combined TRACON& Tower with Radar,8,16,5,0,29,0,0,24,0,24,8,16,29,0,53,4,0,4,57
04/21/2014,LAN,MI,AGL,CE,Combined TRACON& Tower with Radar,7,45,33,2,87,0,1,18,0,19,7,46,51,2,106,0,0,0,106
04/22/2014,LAN,MI,AGL,CE,Combined TRACON& Tower with Radar,6,42,30,7,85,12,9,17,2,40,18,51,47,9,125,0,0,0,125
04/23/2014,LAN,MI,AGL,CE,Combined TRACON& Tower with Radar,5,39,33,3,80,0,1,35,0,36,5,40,68,3,116,0,0,0,116
04/24/2014,LAN,MI,AGL,CE,Combined TRACON& Tower with Radar,9,39,35,8,91,0,0,21,4,25,9,39,56,12,116,0,0,0,116
04/25/2014,LAN,MI,AGL,CE,Combined TRACON& Tower with Radar,8,43,19,2,72,0,0,9,0,9,8,43,28,2,81,0,0,0,81
04/26/2014,LAN,MI,AGL,CE,Combined TRACON& Tower with Radar,4,31,20,0,55,0,0,23,0,23,4,31,43,0,78,30,0,30,108
04/27/2014,LAN,MI,AGL,CE,Combined TRACON& Tower with Radar,8,27,16,2,53,0,2,16,0,18,8,29,32,2,71,0,0,0,71
04/28/2014,LAN,MI,AGL,CE,Combined TRACON& Tower with Radar,8,31,15,0,54,0,0,6,0,6,8,31,21,0,60,0,0,0,60
04/29/2014,LAN,MI,AGL,CE,Combined TRACON& Tower with Radar,6,37,19,8,70,8,0,7,0,15,14,37,26,8,85,0,0,0,85
04/30/2014,LAN,MI,AGL,CE,Combined TRACON& Tower with Radar,6,38,28,2,74,0,0,8,0,8,6,38,36,2,82,27,0,27,109
05/01/2014,LAN,MI,AGL,CE,Combined TRACON& Tower with Radar,8,43,22,16,89,0,0,14,2,16,8,43,36,18,105,20,0,20,125
05/02/2014,LAN,MI,AGL,CE,Combined TRACON& Tower with Radar,6,41,26,4,77,0,0,15,0,15,6,41,41,4,92,15,0,15,107
05/03/2014,LAN,MI,AGL,CE,Combined TRACON& Tower with Radar,3,35,8,3,49,0,0,9,0,9,3,35,17,3,58,14,0,14,72
05/04/2014,LAN,MI,AGL,CE,Combined TRACON& Tower with Radar,6,25,5,2,38,0,0,18,0,18,6,25,23,2,56,6,0,6,62
05/05/2014,LAN,MI,AGL,CE,Combined TRACON& Tower with Radar,5,36,20,2,63,0,0,30,0,30,5,36,50,2,93,0,0,0,93
05/06/2014,LAN,MI,AGL,CE,Combined TRACON& Tower with Radar,8,43,37,4,92,0,0,45,1,46,8,43,82,5,138,10,0,10,148
05/07/2014,LAN,MI,AGL,CE,Combined TRACON& Tower with Radar,6,38,12,21,77,0,0,14,0,14,6,38,26,21,91,31,0,31,122
05/08/2014,LAN,MI,AGL,CE,Combined TRACON& Tower with Radar,8,42,31,2,83,0,0,48,7,55,8,42,79,9,138,22,0,22,160
05/09/2014,LAN,MI,AGL,CE,Combined TRACON& Tower with Radar,6,45,19,2,72,0,0,7,0,7,6,45,26,2,79,86,0,86,165
05/10/2014,LAN,MI,AGL,CE,Combined TRACON& Tower with Radar,1,29,8,0,38,0,0,24,0,24,1,29,32,0,62,0,0,0,62
05/11/2014,LAN,MI,AGL,CE,Combined TRACON& Tower with Radar,6,16,8,2,32,0,0,8,0,8,6,16,16,2,40,0,0,0,40
05/12/2014,LAN,MI,AGL,CE,Combined TRACON& Tower with Radar,5,28,21,2,56,0,0,4,3,7,5,28,25,5,63,0,0,0,63
05/13/2014,LAN,MI,AGL,CE,Combined TRACON& Tower with Radar,6,35,21,0,62,0,0,6,0,6,6,35,27,0,68,12,0,12,80
05/14/2014,LAN,MI,AGL,CE,Combined TRACON& Tower with Radar,6,39,28,2,75,0,0,14,0,14,6,39,42,2,89,12,0,12,101
05/15/2014,LAN,MI,AGL,CE,Combined TRACON& Tower with Radar,7,37,35,0,79,0,0,3,0,3,7,37,38,0,82,0,0,0,82
05/16/2014,LAN,MI,AGL,CE,Combined TRACON& Tower with Radar,6,39,32,4,81,0,0,21,1,22,6,39,53,5,103,0,0,0,103
05/17/2014,LAN,MI,AGL,CE,Combined TRACON& Tower with Radar,3,31,27,0,61,0,0,13,0,13,3,31,40,0,74,0,0,0,74
05/18/2014,LAN,MI,AGL,CE,Combined TRACON& Tower with Radar,6,22,8,0,36,0,0,17,0,17,6,22,25,0,53,30,0,30,83
05/19/2014,LAN,MI,AGL,CE,Combined TRACON& Tower with Radar,4,34,19,0,57,0,0,27,2,29,4,34,46,2,86,2,0,2,88
05/20/2014,LAN,MI,AGL,CE,Combined TRACON& Tower with Radar,6,46,20,2,74,0,0,24,0,24,6,46,44,2,98,12,0,12,110
05/21/2014,LAN,MI,AGL,CE,Combined TRACON& Tower with Radar,9,38,25,8,80,0,0,18,2,20,9,38,43,10,100,14,0,14,114
05/22/2014,LAN,MI,AGL,CE,Combined TRACON& Tower with Radar,9,39,31,2,81,0,1,30,4,35,9,40,61,6,116,10,0,10,126
05/23/2014,LAN,MI,AGL,CE,Combined TRACON& Tower with Radar,6,40,25,2,73,0,0,25,0,25,6,40,50,2,98,10,0,10,108
05/24/2014,LAN,MI,AGL,CE,Combined TRACON& Tower with Radar,1,26,8,0,35,0,0,31,0,31,1,26,39,0,66,8,0,8,74
05/25/2014,LAN,MI,AGL,CE,Combined TRACON& Tower with Radar,6,12,3,0,21,0,0,21,0,21,6,12,24,0,42,8,0,8,50
05/26/2014,LAN,MI,AGL,CE,Combined TRACON& Tower with Radar,5,18,10,0,33,0,2,27,0,29,5,20,37,0,62,0,0,0,62
05/27/2014,LAN,MI,AGL,CE,Combined TRACON& Tower with Radar,8,41,19,4,72,0,0,6,2,8,8,41,25,6,80,0,0,0,80
05/28/2014,LAN,MI,AGL,CE,Combined TRACON& Tower with Radar,6,49,29,2,86,0,3,6,0,9,6,52,35,2,95,32,0,32,127
05/29/2014,LAN,MI,AGL,CE,Combined TRACON& Tower with Radar,8,45,25,0,78,0,0,33,0,33,8,45,58,0,111,34,0,34,145
05/30/2014,LAN,MI,AGL,CE,Combined TRACON& Tower with Radar,8,48,39,4,99,0,0,45,0,45,8,48,84,4,144,20,0,20,164
05/31/2014,LAN,MI,AGL,CE,Combined TRACON& Tower with Radar,1,35,8,0,44,0,0,25,4,29,1,35,33,4,73,22,0,22,95
06/01/2014,LAN,MI,AGL,CE,Combined TRACON& Tower with Radar,6,22,13,0,41,0,2,21,0,23,6,24,34,0,64,8,0,8,72
06/02/2014,LAN,MI,AGL,CE,Combined TRACON& Tower with Radar,5,33,34,5,77,0,1,8,0,9,5,34,42,5,86,0,0,0,86
06/03/2014,LAN,MI,AGL,CE,Combined TRACON& Tower with Radar,6,40,26,2,74,0,0,16,0,16,6,40,42,2,90,23,0,23,113
06/04/2014,LAN,MI,AGL,CE,Combined TRACON& Tower with Radar,6,40,30,3,79,0,0,12,0,12,6,40,42,3,91,12,1,13,104
06/05/2014,LAN,MI,AGL,CE,Combined TRACON& Tower with Radar,8,45,37,4,94,0,0,26,0,26,8,45,63,4,120,26,0,26,146
06/06/2014,LAN,MI,AGL,CE,Combined TRACON& Tower with Radar,8,39,15,2,64,0,0,19,0,19,8,39,34,2,83,24,0,24,107
06/07/2014,LAN,MI,AGL,CE,Combined TRACON& Tower with Radar,1,32,7,0,40,0,0,19,5,24,1,32,26,5,64,0,0,0,64
06/08/2014,LAN,MI,AGL,CE,Combined TRACON& Tower with Radar,6,25,2,2,35,0,0,21,0,21,6,25,23,2,56,0,0,0,56
06/09/2014,LAN,MI,AGL,CE,Combined TRACON& Tower with Radar,5,35,23,0,63,0,0,20,3,23,5,35,43,3,86,0,0,0,86
06/10/2014,LAN,MI,AGL,CE,Combined TRACON& Tower with Radar,6,38,11,0,55,0,0,19,5,24,6,38,30,5,79,88,0,88,167
06/11/2014,LAN,MI,AGL,CE,Combined TRACON& Tower with Radar,6,48,31,4,89,0,0,1,0,1,6,48,32,4,90,0,0,0,90
06/12/2014,LAN,MI,AGL,CE,Combined TRACON& Tower with Radar,8,49,36,10,103,0,0,6,0,6,8,49,42,10,109,0,0,0,109
06/13/2014,LAN,MI,AGL,CE,Combined TRACON& Tower with Radar,6,46,21,0,73,6,1,24,2,33,12,47,45,2,106,36,0,36,142
06/14/2014,LAN,MI,AGL,CE,Combined TRACON& Tower with Radar,1,26,19,2,48,0,0,31,0,31,1,26,50,2,79,20,0,20,99
06/15/2014,LAN,MI,AGL,CE,Combined TRACON& Tower with Radar,6,23,15,0,44,0,0,28,0,28,6,23,43,0,72,42,0,42,114
06/16/2014,LAN,MI,AGL,CE,Combined TRACON& Tower with Radar,5,39,26,2,72,1,0,25,5,31,6,39,51,7,103,16,0,16,119
06/17/2014,LAN,MI,AGL,CE,Combined TRACON& Tower with Radar,6,36,20,2,64,0,0,15,3,18,6,36,35,5,82,2,0,2,84
06/18/2014,LAN,MI,AGL,CE,Combined TRACON& Tower with Radar,6,40,20,0,66,0,0,5,0,5,6,40,25,0,71,0,0,0,71
06/19/2014,LAN,MI,AGL,CE,Combined TRACON& Tower with Radar,9,41,37,0,87,0,0,12,0,12,9,41,49,0,99,0,0,0,99
06/20/2014,LAN,MI,AGL,CE,Combined TRACON& Tower with Radar,6,48,22,4,80,0,0,3,1,4,6,48,25,5,84,18,0,18,102
06/21/2014,LAN,MI,AGL,CE,Combined TRACON& Tower with Radar,1,35,8,1,45,0,0,38,0,38,1,35,46,1,83,30,0,30,113
06/22/2014,LAN,MI,AGL,CE,Combined TRACON& Tower with Radar,7,27,11,1,46,0,0,28,1,29,7,27,39,2,75,14,0,14,89
06/23/2014,LAN,MI,AGL,CE,Combined TRACON& Tower with Radar,4,36,21,6,67,0,0,9,0,9,4,36,30,6,76,0,0,0,76
06/24/2014,LAN,MI,AGL,CE,Combined TRACON& Tower with Radar,6,44,28,5,83,0,0,8,1,9,6,44,36,6,92,16,0,16,108
06/25/2014,LAN,MI,AGL,CE,Combined TRACON& Tower with Radar,8,35,29,0,72,0,0,10,0,10,8,35,39,0,82,13,0,13,95
06/26/2014,LAN,MI,AGL,CE,Combined TRACON& Tower with Radar,8,41,49,4,102,0,1,36,0,37,8,42,85,4,139,64,0,64,203
06/27/2014,LAN,MI,AGL,CE,Combined TRACON& Tower with Radar,6,41,24,2,73,0,1,48,0,49,6,42,72,2,122,8,0,8,130
06/28/2014,LAN,MI,AGL,CE,Combined TRACON& Tower with Radar,1,28,25,0,54,0,1,20,0,21,1,29,45,0,75,12,0,12,87
06/29/2014,LAN,MI,AGL,CE,Combined TRACON& Tower with Radar,6,24,18,0,48,0,0,19,0,19,6,24,37,0,67,38,0,38,105
06/30/2014,LAN,MI,AGL,CE,Combined TRACON& Tower with Radar,4,28,31,4,67,0,0,12,1,13,4,28,43,5,80,30,0,30,110
07/01/2014,LAN,MI,AGL,CE,Combined TRACON& Tower with Radar,9,34,11,4,58,0,0,12,6,18,9,34,23,10,76,0,0,0,76
07/02/2014,LAN,MI,AGL,CE,Combined TRACON& Tower with Radar,5,42,13,8,68,0,0,16,3,19,5,42,29,11,87,4,0,4,91
07/03/2014,LAN,MI,AGL,CE,Combined TRACON& Tower with Radar,8,41,8,1,58,0,1,25,1,27,8,42,33,2,85,6,0,6,91
07/04/2014,LAN,MI,AGL,CE,Combined TRACON& Tower with Radar,3,14,6,0,23,0,1,23,0,24,3,15,29,0,47,0,0,0,47
07/05/2014,LAN,MI,AGL,CE,Combined TRACON& Tower with Radar,1,24,11,0,36,0,0,31,0,31,1,24,42,0,67,0,0,0,67
07/06/2014,LAN,MI,AGL,CE,Combined TRACON& Tower with Radar,6,25,10,0,41,0,0,7,0,7,6,25,17,0,48,18,0,18,66
07/07/2014,LAN,MI,AGL,CE,Combined TRACON& Tower with Radar,9,35,15,2,61,0,0,14,0,14,9,35,29,2,75,0,0,0,75
07/08/2014,LAN,MI,AGL,CE,Combined TRACON& Tower with Radar,6,41,22,3,72,0,0,12,0,12,6,41,34,3,84,0,4,4,88
07/09/2014,LAN,MI,AGL,CE,Combined TRACON& Tower with Radar,6,44,18,2,70,0,0,28,1,29,6,44,46,3,99,28,0,28,127
07/10/2014,LAN,MI,AGL,CE,Combined TRACON& Tower with Radar,8,45,38,4,95,0,5,33,0,38,8,50,71,4,133,42,4,46,179
07/11/2014,LAN,MI,AGL,CE,Combined TRACON& Tower with Radar,6,42,23,3,74,0,6,25,1,32,6,48,48,4,106,40,0,40,146
07/12/2014,LAN,MI,AGL,CE,Combined TRACON& Tower with Radar,1,28,12,6,47,0,0,32,0,32,1,28,44,6,79,29,0,29,108
07/13/2014,LAN,MI,AGL,CE,Combined TRACON& Tower with Radar,6,24,8,0,38,0,0,16,0,16,6,24,24,0,54,16,0,16,70
07/14/2014,LAN,MI,AGL,CE,Combined TRACON& Tower with Radar,5,34,22,0,61,0,0,11,2,13,5,34,33,2,74,6,0,6,80
07/15/2014,LAN,MI,AGL,CE,Combined TRACON& Tower with Radar,6,38,24,2,70,0,0,20,0,20,6,38,44,2,90,18,0,18,108
07/16/2014,LAN,MI,AGL,CE,Combined TRACON& Tower with Radar,6,37,33,2,78,0,0,21,0,21,6,37,54,2,99,0,0,0,99
07/17/2014,LAN,MI,AGL,CE,Combined TRACON& Tower with Radar,8,43,20,5,76,0,0,39,1,40,8,43,59,6,116,20,0,20,136
07/18/2014,LAN,MI,AGL,CE,Combined TRACON& Tower with Radar,5,46,22,2,75,0,0,41,1,42,5,46,63,3,117,7,0,7,124
07/19/2014,LAN,MI,AGL,CE,Combined TRACON& Tower with Radar,1,28,3,2,34,0,0,25,2,27,1,28,28,4,61,12,0,12,73
07/20/2014,LAN,MI,AGL,CE,Combined TRACON& Tower with Radar,8,22,15,1,46,0,0,19,0,19,8,22,34,1,65,0,0,0,65
07/21/2014,LAN,MI,AGL,CE,Combined TRACON& Tower with Radar,5,34,21,2,62,0,0,28,0,28,5,34,49,2,90,0,0,0,90
07/22/2014,LAN,MI,AGL,CE,Combined TRACON& Tower with Radar,7,40,27,6,80,0,0,28,0,28,7,40,55,6,108,0,0,0,108
07/23/2014,LAN,MI,AGL,CE,Combined TRACON& Tower with Radar,8,47,27,3,85,0,0,13,4,17,8,47,40,7,102,8,0,8,110
07/24/2014,LAN,MI,AGL,CE,Combined TRACON& Tower with Radar,8,42,27,3,80,0,0,33,2,35,8,42,60,5,115,10,0,10,125
07/25/2014,LAN,MI,AGL,CE,Combined TRACON& Tower with Radar,5,42,14,2,63,0,1,30,0,31,5,43,44,2,94,50,0,50,144
07/26/2014,LAN,MI,AGL,CE,Combined TRACON& Tower with Radar,1,28,15,0,44,0,0,18,0,18,1,28,33,0,62,20,0,20,82
07/27/2014,LAN,MI,AGL,CE,Combined TRACON& Tower with Radar,7,23,17,0,47,0,0,2,0,2,7,23,19,0,49,0,0,0,49
07/28/2014,LAN,MI,AGL,CE,Combined TRACON& Tower with Radar,7,36,28,2,73,0,1,19,6,26,7,37,47,8,99,14,0,14,113
07/29/2014,LAN,MI,AGL,CE,Combined TRACON& Tower with Radar,6,41,19,2,68,0,1,17,0,18,6,42,36,2,86,0,0,0,86
07/30/2014,LAN,MI,AGL,CE,Combined TRACON& Tower with Radar,8,46,31,0,85,0,0,17,2,19,8,46,48,2,104,14,0,14,118
07/31/2014,LAN,MI,AGL,CE,Combined TRACON& Tower with Radar,8,42,23,2,75,0,0,26,2,28,8,42,49,4,103,22,0,22,125
08/01/2014,LAN,MI,AGL,CE,Combined TRACON& Tower with Radar,6,45,18,2,71,0,0,19,3,22,6,45,37,5,93,55,0,55,148
08/02/2014,LAN,MI,AGL,CE,Combined TRACON& Tower with Radar,3,27,10,0,40,0,1,5,0,6,3,28,15,0,46,73,0,73,119
08/03/2014,LAN,MI,AGL,CE,Combined TRACON& Tower with Radar,6,24,29,2,61,0,0,20,0,20,6,24,49,2,81,0,0,0,81
08/04/2014,LAN,MI,AGL,CE,Combined TRACON& Tower with Radar,5,37,24,2,68,0,0,20,2,22,5,37,44,4,90,0,0,0,90
08/05/2014,LAN,MI,AGL,CE,Combined TRACON& Tower with Radar,6,39,18,2,65,0,0,10,0,10,6,39,28,2,75,10,0,10,85
08/06/2014,LAN,MI,AGL,CE,Combined TRACON& Tower with Radar,6,40,39,3,88,0,0,27,0,27,6,40,66,3,115,20,0,20,135
08/07/2014,LAN,MI,AGL,CE,Combined TRACON& Tower with Radar,11,41,40,2,94,0,0,43,0,43,11,41,83,2,137,52,0,52,189
08/08/2014,LAN,MI,AGL,CE,Combined TRACON& Tower with Radar,6,44,21,4,75,0,0,21,0,21,6,44,42,4,96,18,0,18,114
08/09/2014,LAN,MI,AGL,CE,Combined TRACON& Tower with Radar,1,34,11,1,47,0,0,21,0,21,1,34,32,1,68,90,0,90,158
08/10/2014,LAN,MI,AGL,CE,Combined TRACON& Tower with Radar,5,25,10,1,41,0,0,26,0,26,5,25,36,1,67,60,0,60,127
08/11/2014,LAN,MI,AGL,CE,Combined TRACON& Tower with Radar,7,37,21,2,67,0,0,6,0,6,7,37,27,2,73,4,0,4,77
08/12/2014,LAN,MI,AGL,CE,Combined TRACON& Tower with Radar,6,51,29,4,90,0,0,3,0,3,6,51,32,4,93,0,0,0,93
08/13/2014,LAN,MI,AGL,CE,Combined TRACON& Tower with Radar,6,45,19,0,70,0,1,31,0,32,6,46,50,0,102,14,0,14,116
08/14/2014,LAN,MI,AGL,CE,Combined TRACON& Tower with Radar,6,46,23,5,80,0,2,39,2,43,6,48,62,7,123,48,0,48,171
08/15/2014,LAN,MI,AGL,CE,Combined TRACON& Tower with Radar,6,42,15,1,64,0,0,31,0,31,6,42,46,1,95,12,0,12,107
08/16/2014,LAN,MI,AGL,CE,Combined TRACON& Tower with Radar,1,32,8,0,41,0,0,13,0,13,1,32,21,0,54,0,0,0,54
08/17/2014,LAN,MI,AGL,CE,Combined TRACON& Tower with Radar,4,23,12,0,39,0,0,9,0,9,4,23,21,0,48,16,0,16,64
08/18/2014,LAN,MI,AGL,CE,Combined TRACON& Tower with Radar,5,34,31,2,72,0,0,17,3,20,5,34,48,5,92,12,0,12,104
08/19/2014,LAN,MI,AGL,CE,Combined TRACON& Tower with Radar,6,35,24,0,65,0,0,6,5,11,6,35,30,5,76,2,0,2,78
08/20/2014,LAN,MI,AGL,CE,Combined TRACON& Tower with Radar,6,42,34,0,82,0,0,16,0,16,6,42,50,0,98,8,0,8,106
08/21/2014,LAN,MI,AGL,CE,Combined TRACON& Tower with Radar,8,39,44,0,91,0,0,26,0,26,8,39,70,0,117,15,0,15,132
08/22/2014,LAN,MI,AGL,CE,Combined TRACON& Tower with Radar,6,41,13,10,70,0,0,11,0,11,6,41,24,10,81,0,0,0,81
08/23/2014,LAN,MI,AGL,CE,Combined TRACON& Tower with Radar,2,25,5,0,32,0,0,25,0,25,2,25,30,0,57,16,0,16,73
08/24/2014,LAN,MI,AGL,CE,Combined TRACON& Tower with Radar,4,22,10,0,36,0,0,12,0,12,4,22,22,0,48,0,0,0,48
08/25/2014,LAN,MI,AGL,CE,Combined TRACON& Tower with Radar,5,34,22,2,63,0,0,8,0,8,5,34,30,2,71,94,0,94,165
08/26/2014,LAN,MI,AGL,CE,Combined TRACON& Tower with Radar,6,36,37,3,82,0,0,15,2,17,6,36,52,5,99,12,0,12,111
08/27/2014,LAN,MI,AGL,CE,Combined TRACON& Tower with Radar,6,40,35,2,83,0,0,29,0,29,6,40,64,2,112,0,0,0,112
08/28/2014,LAN,MI,AGL,CE,Combined TRACON& Tower with Radar,8,39,47,2,96,0,0,44,0,44,8,39,91,2,140,20,0,20,160
08/29/2014,LAN,MI,AGL,CE,Combined TRACON& Tower with Radar,7,44,22,2,75,0,0,13,0,13,7,44,35,2,88,0,0,0,88
08/30/2014,LAN,MI,AGL,CE,Combined TRACON& Tower with Radar,3,23,5,0,31,0,0,11,0,11,3,23,16,0,42,0,0,0,42
08/31/2014,LAN,MI,AGL,CE,Combined TRACON& Tower with Radar,5,7,4,0,16,0,0,4,0,4,5,7,8,0,20,0,0,0,20
09/01/2014,LAN,MI,AGL,CE,Combined TRACON& Tower with Radar,6,23,18,0,47,0,0,1,0,1,6,23,19,0,48,0,0,0,48
09/02/2014,LAN,MI,AGL,CE,Combined TRACON& Tower with Radar,7,41,23,4,75,0,0,20,1,21,7,41,43,5,96,22,0,22,118
09/03/2014,LAN,MI,AGL,CE,Combined TRACON& Tower with Radar,6,39,56,11,112,0,0,56,4,60,6,39,112,15,172,15,0,15,187
09/04/2014,LAN,MI,AGL,CE,Combined TRACON& Tower with Radar,10,44,24,0,78,0,0,14,0,14,10,44,38,0,92,56,0,56,148
09/05/2014,LAN,MI,AGL,CE,Combined TRACON& Tower with Radar,6,39,10,2,57,0,0,12,0,12,6,39,22,2,69,104,0,104,173
09/06/2014,LAN,MI,AGL,CE,Combined TRACON& Tower with Radar,1,27,16,2,46,0,0,20,0,20,1,27,36,2,66,8,0,8,74
09/07/2014,LAN,MI,AGL,CE,Combined TRACON& Tower with Radar,6,26,17,0,49,0,0,23,0,23,6,26,40,0,72,6,0,6,78
09/08/2014,LAN,MI,AGL,CE,Combined TRACON& Tower with Radar,5,35,30,0,70,0,0,23,0,23,5,35,53,0,93,14,0,14,107
09/09/2014,LAN,MI,AGL,CE,Combined TRACON& Tower with Radar,6,41,48,2,97,0,0,41,2,43,6,41,89,4,140,18,0,18,158
09/10/2014,LAN,MI,AGL,CE,Combined TRACON& Tower with Radar,7,40,17,0,64,0,0,0,0,0,7,40,17,0,64,0,0,0,64
09/11/2014,LAN,MI,AGL,CE,Combined TRACON& Tower with Radar,7,41,35,8,91,0,0,11,0,11,7,41,46,8,102,71,0,71,173
09/12/2014,LAN,MI,AGL,CE,Combined TRACON& Tower with Radar,10,43,24,0,77,0,0,15,0,15,10,43,39,0,92,27,0,27,119
09/13/2014,LAN,MI,AGL,CE,Combined TRACON& Tower with Radar,3,27,12,0,42,0,0,8,0,8,3,27,20,0,50,0,0,0,50
09/14/2014,LAN,MI,AGL,CE,Combined TRACON& Tower with Radar,4,23,8,3,38,0,0,24,0,24,4,23,32,3,62,0,0,0,62
09/15/2014,LAN,MI,AGL,CE,Combined TRACON& Tower with Radar,7,39,17,1,64,0,0,9,0,9,7,39,26,1,73,24,0,24,97
09/16/2014,LAN,MI,AGL,CE,Combined TRACON& Tower with Radar,6,39,32,3,80,0,1,18,0,19,6,40,50,3,99,36,0,36,135
09/17/2014,LAN,MI,AGL,CE,Combined TRACON& Tower with Radar,6,42,23,1,72,0,2,25,6,33,6,44,48,7,105,82,0,82,187
09/18/2014,LAN,MI,AGL,CE,Combined TRACON& Tower with Radar,6,42,34,0,82,0,0,33,0,33,6,42,67,0,115,20,0,20,135
09/19/2014,LAN,MI,AGL,CE,Combined TRACON& Tower with Radar,8,42,22,0,72,0,0,38,0,38,8,42,60,0,110,56,0,56,166
09/20/2014,LAN,MI,AGL,CE,Combined TRACON& Tower with Radar,2,30,7,0,39,0,0,13,0,13,2,30,20,0,52,8,0,8,60
09/21/2014,LAN,MI,AGL,CE,Combined TRACON& Tower with Radar,6,23,14,0,43,0,0,0,0,0,6,23,14,0,43,0,0,0,43
09/22/2014,LAN,MI,AGL,CE,Combined TRACON& Tower with Radar,7,33,42,2,84,0,0,19,0,19,7,33,61,2,103,0,0,0,103
09/23/2014,LAN,MI,AGL,CE,Combined TRACON& Tower with Radar,6,44,28,8,86,0,4,26,7,37,6,48,54,15,123,34,12,46,169
09/24/2014,LAN,MI,AGL,CE,Combined TRACON& Tower with Radar,6,54,26,5,91,0,7,40,5,52,6,61,66,10,143,62,0,62,205
09/25/2014,LAN,MI,AGL,CE,Combined TRACON& Tower with Radar,6,46,18,0,70,0,1,29,1,31,6,47,47,1,101,6,0,6,107
09/26/2014,LAN,MI,AGL,CE,Combined TRACON& Tower with Radar,10,39,16,3,68,0,1,21,3,25,10,40,37,6,93,50,2,52,145
09/27/2014,LAN,MI,AGL,CE,Combined TRACON& Tower with Radar,4,23,20,0,47,0,0,41,0,41,4,23,61,0,88,8,0,8,96
09/28/2014,LAN,MI,AGL,CE,Combined TRACON& Tower with Radar,4,19,12,0,35,0,0,21,0,21,4,19,33,0,56,0,0,0,56
09/29/2014,LAN,MI,AGL,CE,Combined TRACON& Tower with Radar,5,39,28,0,72,0,3,23,0,26,5,42,51,0,98,40,0,40,138
09/30/2014,LAN,MI,AGL,CE,Combined TRACON& Tower with Radar,6,46,27,6,85,0,0,14,0,14,6,46,41,6,99,34,0,34,133
10/01/2014,LAN,MI,AGL,CE,Combined TRACON& Tower with Radar,6,40,45,0,91,0,3,13,0,16,6,43,58,0,107,32,0,32,139
10/02/2014,LAN,MI,AGL,CE,Combined TRACON& Tower with Radar,8,42,33,2,85,0,0,7,0,7,8,42,40,2,92,68,0,68,160
10/03/2014,LAN,MI,AGL,CE,Combined TRACON& Tower with Radar,9,50,22,0,81,0,1,4,0,5,9,51,26,0,86,4,0,4,90
10/04/2014,LAN,MI,AGL,CE,Combined TRACON& Tower with Radar,2,29,29,4,64,0,2,10,0,12,2,31,39,4,76,28,0,28,104
10/05/2014,LAN,MI,AGL,CE,Combined TRACON& Tower with Radar,8,31,25,2,66,0,0,16,3,19,8,31,41,5,85,8,0,8,93
10/06/2014,LAN,MI,AGL,CE,Combined TRACON& Tower with Radar,5,35,22,2,64,0,0,7,0,7,5,35,29,2,71,2,0,2,73
10/07/2014,LAN,MI,AGL,CE,Combined TRACON& Tower with Radar,6,35,28,4,73,0,1,16,2,19,6,36,44,6,92,56,0,56,148
10/08/2014,LAN,MI,AGL,CE,Combined TRACON& Tower with Radar,6,41,23,3,73,0,0,14,2,16,6,41,37,5,89,44,0,44,133
10/09/2014,LAN,MI,AGL,CE,Combined TRACON& Tower with Radar,8,43,30,2,83,0,0,37,0,37,8,43,67,2,120,47,0,47,167
10/10/2014,LAN,MI,AGL,CE,Combined TRACON& Tower with Radar,8,41,18,2,69,0,0,25,0,25,8,41,43,2,94,32,0,32,126
10/11/2014,LAN,MI,AGL,CE,Combined TRACON& Tower with Radar,2,28,11,0,41,0,0,28,0,28,2,28,39,0,69,26,0,26,95
10/12/2014,LAN,MI,AGL,CE,Combined TRACON& Tower with Radar,5,27,11,0,43,0,0,17,0,17,5,27,28,0,60,22,0,22,82
10/13/2014,LAN,MI,AGL,CE,Combined TRACON& Tower with Radar,10,32,38,0,80,0,1,4,0,5,10,33,42,0,85,10,0,10,95
10/14/2014,LAN,MI,AGL,CE,Combined TRACON& Tower with Radar,5,41,13,3,62,0,2,2,1,5,5,43,15,4,67,0,0,0,67
10/15/2014,LAN,MI,AGL,CE,Combined TRACON& Tower with Radar,7,46,23,4,80,0,0,8,1,9,7,46,31,5,89,46,0,46,135
10/16/2014,LAN,MI,AGL,CE,Combined TRACON& Tower with Radar,8,42,32,8,90,0,0,4,0,4,8,42,36,8,94,26,0,26,120
10/17/2014,LAN,MI,AGL,CE,Combined TRACON& Tower with Radar,8,48,23,5,84,0,0,12,5,17,8,48,35,10,101,20,0,20,121
10/18/2014,LAN,MI,AGL,CE,Combined TRACON& Tower with Radar,3,27,11,0,41,0,0,8,0,8,3,27,19,0,49,10,0,10,59
10/19/2014,LAN,MI,AGL,CE,Combined TRACON& Tower with Radar,6,28,15,1,50,0,0,21,0,21,6,28,36,1,71,22,0,22,93
10/20/2014,LAN,MI,AGL,CE,Combined TRACON& Tower with Radar,5,36,10,5,56,0,0,4,1,5,5,36,14,6,61,2,0,2,63
10/21/2014,LAN,MI,AGL,CE,Combined TRACON& Tower with Radar,6,44,21,4,75,0,0,2,3,5,6,44,23,7,80,58,0,58,138
10/22/2014,LAN,MI,AGL,CE,Combined TRACON& Tower with Radar,6,42,43,2,93,0,1,9,4,14,6,43,52,6,107,38,2,40,147
10/23/2014,LAN,MI,AGL,CE,Combined TRACON& Tower with Radar,9,49,20,4,82,0,3,27,0,30,9,52,47,4,112,16,0,16,128
10/24/2014,LAN,MI,AGL,CE,Combined TRACON& Tower with Radar,9,42,27,5,83,0,0,12,0,12,9,42,39,5,95,24,0,24,119
10/25/2014,LAN,MI,AGL,CE,Combined TRACON& Tower with Radar,3,31,35,0,69,0,0,16,1,17,3,31,51,1,86,0,0,0,86
10/26/2014,LAN,MI,AGL,CE,Combined TRACON& Tower with Radar,6,28,28,4,66,1,0,38,0,39,7,28,66,4,105,2,0,2,107
10/27/2014,LAN,MI,AGL,CE,Combined TRACON& Tower with Radar,7,34,22,3,66,0,0,10,1,11,7,34,32,4,77,8,0,8,85
10/28/2014,LAN,MI,AGL,CE,Combined TRACON& Tower with Radar,6,38,20,2,66,0,0,8,0,8,6,38,28,2,74,10,0,10,84
10/29/2014,LAN,MI,AGL,CE,Combined TRACON& Tower with Radar,6,37,12,4,59,0,0,12,0,12,6,37,24,4,71,0,0,0,71
10/30/2014,LAN,MI,AGL,CE,Combined TRACON& Tower with Radar,10,42,22,4,78,0,0,24,0,24,10,42,46,4,102,4,0,4,106
10/31/2014,LAN,MI,AGL,CE,Combined TRACON& Tower with Radar,6,41,4,2,53,0,0,4,0,4,6,41,8,2,57,6,0,6,63
11/01/2014,LAN,MI,AGL,CE,Combined TRACON& Tower with Radar,1,25,12,0,38,0,0,17,0,17,1,25,29,0,55,0,0,0,55
11/02/2014,LAN,MI,AGL,CE,Combined TRACON& Tower with Radar,6,24,15,0,45,0,0,38,5,43,6,24,53,5,88,42,0,42,130
11/03/2014,LAN,MI,AGL,CE,Combined TRACON& Tower with Radar,5,34,12,0,51,0,0,23,0,23,5,34,35,0,74,4,0,4,78
11/04/2014,LAN,MI,AGL,CE,Combined TRACON& Tower with Radar,6,38,15,3,62,0,0,0,0,0,6,38,15,3,62,0,0,0,62
11/05/2014,LAN,MI,AGL,CE,Combined TRACON& Tower with Radar,6,42,29,2,79,0,0,28,0,28,6,42,57,2,107,16,0,16,123
11/06/2014,LAN,MI,AGL,CE,Combined TRACON& Tower with Radar,8,43,37,2,90,0,0,3,3,6,8,43,40,5,96,0,0,0,96
11/07/2014,LAN,MI,AGL,CE,Combined TRACON& Tower with Radar,7,45,26,0,78,0,6,26,1,33,7,51,52,1,111,8,0,8,119
11/08/2014,LAN,MI,AGL,CE,Combined TRACON& Tower with Radar,1,31,23,6,61,0,1,4,0,5,1,32,27,6,66,0,0,0,66
11/09/2014,LAN,MI,AGL,CE,Combined TRACON& Tower with Radar,7,34,34,4,79,0,0,17,1,18,7,34,51,5,97,44,0,44,141
11/10/2014,LAN,MI,AGL,CE,Combined TRACON& Tower with Radar,4,33,22,0,59,0,1,12,0,13,4,34,34,0,72,0,0,0,72
11/11/2014,LAN,MI,AGL,CE,Combined TRACON& Tower with Radar,6,54,11,0,71,0,0,6,0,6,6,54,17,0,77,28,0,28,105
11/12/2014,LAN,MI,AGL,CE,Combined TRACON& Tower with Radar,8,51,14,7,80,0,0,16,0,16,8,51,30,7,96,2,0,2,98
11/13/2014,LAN,MI,AGL,CE,Combined TRACON& Tower with Radar,8,45,21,8,82,0,0,4,1,5,8,45,25,9,87,6,0,6,93
11/14/2014,LAN,MI,AGL,CE,Combined TRACON& Tower with Radar,8,45,3,4,60,0,0,14,0,14,8,45,17,4,74,2,0,2,76
11/15/2014,LAN,MI,AGL,CE,Combined TRACON& Tower with Radar,3,31,38,0,72,0,0,19,0,19,3,31,57,0,91,0,0,0,91
11/16/2014,LAN,MI,AGL,CE,Combined TRACON& Tower with Radar,8,23,14,2,47,0,0,1,0,1,8,23,15,2,48,0,0,0,48
11/17/2014,LAN,MI,AGL,CE,Combined TRACON& Tower with Radar,7,36,13,2,58,0,0,6,0,6,7,36,19,2,64,0,0,0,64
11/18/2014,LAN,MI,AGL,CE,Combined TRACON& Tower with Radar,9,49,18,6,82,0,0,0,0,0,9,49,18,6,82,0,0,0,82
11/19/2014,LAN,MI,AGL,CE,Combined TRACON& Tower with Radar,7,45,14,0,66,0,0,0,0,0,7,45,14,0,66,0,0,0,66
11/20/2014,LAN,MI,AGL,CE,Combined TRACON& Tower with Radar,8,53,17,0,78,0,0,0,0,0,8,53,17,0,78,6,0,6,84
11/21/2014,LAN,MI,AGL,CE,Combined TRACON& Tower with Radar,8,58,28,2,96,0,2,39,0,41,8,60,67,2,137,29,0,29,166
11/22/2014,LAN,MI,AGL,CE,Combined TRACON& Tower with Radar,5,28,7,0,40,0,0,0,0,0,5,28,7,0,40,0,0,0,40
11/23/2014,LAN,MI,AGL,CE,Combined TRACON& Tower with Radar,8,22,8,0,38,0,0,5,0,5,8,22,13,0,43,0,0,0,43
11/24/2014,LAN,MI,AGL,CE,Combined TRACON& Tower with Radar,8,32,7,0,47,0,0,0,0,0,8,32,7,0,47,0,0,0,47
11/25/2014,LAN,MI,AGL,CE,Combined TRACON& Tower with Radar,14,55,20,4,93,0,0,2,0,2,14,55,22,4,95,34,0,34,129
11/26/2014,LAN,MI,AGL,CE,Combined TRACON& Tower with Radar,9,51,14,4,78,0,1,16,2,19,9,52,30,6,97,82,0,82,179
11/27/2014,LAN,MI,AGL,CE,Combined TRACON& Tower with Radar,6,13,6,0,25,0,0,2,0,2,6,13,8,0,27,8,0,8,35
11/28/2014,LAN,MI,AGL,CE,Combined TRACON& Tower with Radar,8,35,6,0,49,0,0,13,0,13,8,35,19,0,62,32,0,32,94
11/29/2014,LAN,MI,AGL,CE,Combined TRACON& Tower with Radar,4,36,11,0,51,0,0,10,0,10,4,36,21,0,61,14,0,14,75
11/30/2014,LAN,MI,AGL,CE,Combined TRACON& Tower with Radar,8,29,11,0,48,0,0,4,0,4,8,29,15,0,52,0,0,0,52
12/01/2014,LAN,MI,AGL,CE,Combined TRACON& Tower with Radar,6,37,14,2,59,0,1,19,0,20,6,38,33,2,79,38,0,38,117
12/02/2014,LAN,MI,AGL,CE,Combined TRACON& Tower with Radar,10,45,22,2,79,0,0,10,0,10,10,45,32,2,89,30,0,30,119
12/03/2014,LAN,MI,AGL,CE,Combined TRACON& Tower with Radar,9,39,23,10,81,0,0,5,4,9,9,39,28,14,90,8,0,8,98
12/04/2014,LAN,MI,AGL,CE,Combined TRACON& Tower with Radar,12,40,33,1,86,0,1,29,0,30,12,41,62,1,116,26,0,26,142
12/05/2014,LAN,MI,AGL,CE,Combined TRACON& Tower with Radar,9,41,12,8,70,0,0,14,0,14,9,41,26,8,84,3,0,3,87
12/06/2014,LAN,MI,AGL,CE,Combined TRACON& Tower with Radar,4,27,24,0,55,1,0,15,0,16,5,27,39,0,71,0,0,0,71
12/07/2014,LAN,MI,AGL,CE,Combined TRACON& Tower with Radar,6,23,17,5,51,0,0,38,0,38,6,23,55,5,89,38,0,38,127
12/08/2014,LAN,MI,AGL,CE,Combined TRACON& Tower with Radar,5,37,8,2,52,1,0,7,0,8,6,37,15,2,60,0,0,0,60
12/09/2014,LAN,MI,AGL,CE,Combined TRACON& Tower with Radar,13,48,22,5,88,0,0,3,0,3,13,48,25,5,91,0,0,0,91
12/10/2014,LAN,MI,AGL,CE,Combined TRACON& Tower with Radar,23,55,26,0,104,0,0,13,3,16,23,55,39,3,120,105,0,105,225
12/11/2014,LAN,MI,AGL,CE,Combined TRACON& Tower with Radar,19,51,32,2,104,0,0,19,0,19,19,51,51,2,123,10,0,10,133
12/12/2014,LAN,MI,AGL,CE,Combined TRACON& Tower with Radar,24,49,31,2,106,0,0,10,0,10,24,49,41,2,116,0,0,0,116
12/13/2014,LAN,MI,AGL,CE,Combined TRACON& Tower with Radar,1,29,18,0,48,0,0,0,0,0,1,29,18,0,48,0,0,0,48
12/14/2014,LAN,MI,AGL,CE,Combined TRACON& Tower with Radar,7,21,17,0,45,0,0,0,0,0,7,21,17,0,45,0,0,0,45
12/15/2014,LAN,MI,AGL,CE,Combined TRACON& Tower with Radar,7,40,24,2,73,0,0,10,1,11,7,40,34,3,84,10,0,10,94
12/16/2014,LAN,MI,AGL,CE,Combined TRACON& Tower with Radar,16,44,15,4,79,0,0,0,0,0,16,44,15,4,79,0,0,0,79
12/17/2014,LAN,MI,AGL,CE,Combined TRACON& Tower with Radar,16,46,11,6,79,0,0,3,1,4,16,46,14,7,83,18,0,18,101
12/18/2014,LAN,MI,AGL,CE,Combined TRACON& Tower with Radar,15,54,14,0,83,0,0,0,0,0,15,54,14,0,83,0,0,0,83
12/19/2014,LAN,MI,AGL,CE,Combined TRACON& Tower with Radar,13,57,17,6,93,0,0,14,0,14,13,57,31,6,107,84,0,84,191
12/20/2014,LAN,MI,AGL,CE,Combined TRACON& Tower with Radar,6,32,11,0,49,0,1,15,0,16,6,33,26,0,65,22,0,22,87
12/21/2014,LAN,MI,AGL,CE,Combined TRACON& Tower with Radar,7,24,8,0,39,0,0,10,0,10,7,24,18,0,49,20,0,20,69
12/22/2014,LAN,MI,AGL,CE,Combined TRACON& Tower with Radar,8,46,5,8,67,0,0,17,0,17,8,46,22,8,84,48,0,48,132
12/23/2014,LAN,MI,AGL,CE,Combined TRACON& Tower with Radar,10,55,25,0,90,0,0,1,0,1,10,55,26,0,91,0,0,0,91
12/24/2014,LAN,MI,AGL,CE,Combined TRACON& Tower with Radar,9,44,2,0,55,0,0,0,0,0,9,44,2,0,55,0,0,0,55
12/25/2014,LAN,MI,AGL,CE,Combined TRACON& Tower with Radar,8,14,1,0,23,0,0,1,0,1,8,14,2,0,24,0,0,0,24
12/26/2014,LAN,MI,AGL,CE,Combined TRACON& Tower with Radar,8,45,13,0,66,0,0,29,0,29,8,45,42,0,95,28,0,28,123
12/27/2014,LAN,MI,AGL,CE,Combined TRACON& Tower with Radar,3,32,12,0,47,0,0,1,0,1,3,32,13,0,48,0,0,0,48
12/28/2014,LAN,MI,AGL,CE,Combined TRACON& Tower with Radar,7,20,5,0,32,0,2,18,0,20,7,22,23,0,52,14,0,14,66
12/29/2014,LAN,MI,AGL,CE,Combined TRACON& Tower with Radar,14,38,8,0,60,0,0,20,0,20,14,38,28,0,80,20,0,20,100
12/30/2014,LAN,MI,AGL,CE,Combined TRACON& Tower with Radar,12,49,13,7,81,0,0,16,0,16,12,49,29,7,97,0,0,0,97
12/31/2014,LAN,MI,AGL,CE,Combined TRACON& Tower with Radar,8,39,12,0,59,0,0,7,0,7,8,39,19,0,66,34,0,34,100
01/01/2015,LAN,MI,AGL,CE,Combined TRACON& Tower with Radar,11,18,1,0,30,0,0,0,0,0,11,18,1,0,30,0,0,0,30
01/02/2015,LAN,MI,AGL,CE,Combined TRACON& Tower with Radar,11,50,7,0,68,0,0,11,0,11,11,50,18,0,79,18,0,18,97
01/03/2015,LAN,MI,AGL,CE,Combined TRACON& Tower with Radar,2,28,2,0,32,0,0,0,0,0,2,28,2,0,32,0,0,0,32
01/04/2015,LAN,MI,AGL,CE,Combined TRACON& Tower with Radar,8,16,5,0,29,0,0,0,0,0,8,16,5,0,29,0,0,0,29
01/05/2015,LAN,MI,AGL,CE,Combined TRACON& Tower with Radar,6,40,14,2,62,0,0,1,0,1,6,40,15,2,63,18,0,18,81
01/06/2015,LAN,MI,AGL,CE,Combined TRACON& Tower with Radar,6,37,9,2,54,0,0,9,0,9,6,37,18,2,63,10,0,10,73
01/07/2015,LAN,MI,AGL,CE,Combined TRACON& Tower with Radar,10,42,8,2,62,0,0,13,0,13,10,42,21,2,75,22,0,22,97
01/08/2015,LAN,MI,AGL,CE,Combined TRACON& Tower with Radar,7,43,8,2,60,0,2,13,0,15,7,45,21,2,75,4,0,4,79
01/09/2015,LAN,MI,AGL,CE,Combined TRACON& Tower with Radar,9,40,9,2,60,0,0,2,0,2,9,40,11,2,62,0,0,0,62
01/10/2015,LAN,MI,AGL,CE,Combined TRACON& Tower with Radar,2,30,5,2,39,0,0,11,0,11,2,30,16,2,50,0,0,0,50
01/11/2015,LAN,MI,AGL,CE,Combined TRACON& Tower with Radar,5,20,8,0,33,0,2,6,0,8,5,22,14,0,41,16,0,16,57
01/12/2015,LAN,MI,AGL,CE,Combined TRACON& Tower with Radar,5,32,13,10,60,0,0,10,2,12,5,32,23,12,72,0,0,0,72
01/13/2015,LAN,MI,AGL,CE,Combined TRACON& Tower with Radar,8,37,16,2,63,0,0,21,0,21,8,37,37,2,84,10,0,10,94
01/14/2015,LAN,MI,AGL,CE,Combined TRACON& Tower with Radar,8,39,9,8,64,0,2,13,0,15,8,41,22,8,79,34,0,34,113
01/15/2015,LAN,MI,AGL,CE,Combined TRACON& Tower with Radar,9,36,25,4,74,0,1,20,0,21,9,37,45,4,95,68,0,68,163
01/16/2015,LAN,MI,AGL,CE,Combined TRACON& Tower with Radar,8,40,15,2,65,0,0,12,0,12,8,40,27,2,77,44,0,44,121
01/17/2015,LAN,MI,AGL,CE,Combined TRACON& Tower with Radar,5,24,5,0,34,0,0,12,0,12,5,24,17,0,46,8,0,8,54
01/18/2015,LAN,MI,AGL,CE,Combined TRACON& Tower with Radar,6,17,11,0,34,0,0,3,0,3,6,17,14,0,37,6,0,6,43
01/19/2015,LAN,MI,AGL,CE,Combined TRACON& Tower with Radar,5,30,13,0,48,0,0,13,0,13,5,30,26,0,61,42,0,42,103
01/20/2015,LAN,MI,AGL,CE,Combined TRACON& Tower with Radar,6,35,24,4,69,0,0,2,2,4,6,35,26,6,73,0,0,0,73
01/21/2015,LAN,MI,AGL,CE,Combined TRACON& Tower with Radar,6,39,11,2,58,0,0,0,0,0,6,39,11,2,58,0,0,0,58
01/22/2015,LAN,MI,AGL,CE,Combined TRACON& Tower with Radar,9,42,20,4,75,0,0,6,3,9,9,42,26,7,84,18,0,18,102
01/23/2015,LAN,MI,AGL,CE,Combined TRACON& Tower with Radar,6,41,18,2,67,0,0,8,0,8,6,41,26,2,75,42,0,42,117
01/24/2015,LAN,MI,AGL,CE,Combined TRACON& Tower with Radar,4,27,4,2,37,0,0,4,0,4,4,27,8,2,41,14,0,14,55
01/25/2015,LAN,MI,AGL,CE,Combined TRACON& Tower with Radar,5,23,4,0,32,0,0,6,0,6,5,23,10,0,38,54,0,54,92
01/26/2015,LAN,MI,AGL,CE,Combined TRACON& Tower with Radar,5,29,30,2,66,0,0,19,0,19,5,29,49,2,85,0,0,0,85
01/27/2015,LAN,MI,AGL,CE,Combined TRACON& Tower with Radar,6,38,18,12,74,0,3,24,0,27,6,41,42,12,101,18,0,18,119
01/28/2015,LAN,MI,AGL,CE,Combined TRACON& Tower with Radar,7,40,25,9,81,0,0,23,1,24,7,40,48,10,105,22,0,22,127
01/29/2015,LAN,MI,AGL,CE,Combined TRACON& Tower with Radar,7,42,13,0,62,0,0,2,0,2,7,42,15,0,64,0,0,0,64
01/30/2015,LAN,MI,AGL,CE,Combined TRACON& Tower with Radar,6,43,16,2,67,0,2,6,2,10,6,45,22,4,77,0,0,0,77
01/31/2015,LAN,MI,AGL,CE,Combined TRACON& Tower with Radar,4,24,22,0,50,0,2,25,0,27,4,26,47,0,77,14,0,14,91
02/01/2015,LAN,MI,AGL,CE,Combined TRACON& Tower with Radar,3,9,9,0,21,0,0,0,0,0,3,9,9,0,21,0,0,0,21
02/02/2015,LAN,MI,AGL,CE,Combined TRACON& Tower with Radar,5,29,8,0,42,0,0,0,0,0,5,29,8,0,42,0,0,0,42
02/03/2015,LAN,MI,AGL,CE,Combined TRACON& Tower with Radar,8,37,19,0,64,0,1,10,0,11,8,38,29,0,75,2,0,2,77
02/04/2015,LAN,MI,AGL,CE,Combined TRACON& Tower with Radar,9,34,20,15,78,0,1,5,0,6,9,35,25,15,84,0,0,0,84
02/05/2015,LAN,MI,AGL,CE,Combined TRACON& Tower with Radar,7,41,22,15,85,0,0,7,0,7,7,41,29,15,92,14,0,14,106
02/06/2015,LAN,MI,AGL,CE,Combined TRACON& Tower with Radar,7,37,13,5,62,0,0,8,1,9,7,37,21,6,71,4,0,4,75
02/07/2015,LAN,MI,AGL,CE,Combined TRACON& Tower with Radar,5,29,8,0,42,0,0,17,0,17,5,29,25,0,59,0,0,0,59
02/08/2015,LAN,MI,AGL,CE,Combined TRACON& Tower with Radar,5,18,4,0,27,0,0,0,0,0,5,18,4,0,27,0,0,0,27
02/09/2015,LAN,MI,AGL,CE,Combined TRACON& Tower with Radar,5,34,11,6,56,0,0,2,0,2,5,34,13,6,58,0,0,0,58
02/10/2015,LAN,MI,AGL,CE,Combined TRACON& Tower with Radar,6,37,29,8,80,0,0,10,1,11,6,37,39,9,91,0,0,0,91
02/11/2015,LAN,MI,AGL,CE,Combined TRACON& Tower with Radar,7,41,12,3,63,0,0,4,0,4,7,41,16,3,67,0,0,0,67
02/12/2015,LAN,MI,AGL,CE,Combined TRACON& Tower with Radar,7,54,16,13,90,0,0,17,2,19,7,54,33,15,109,6,0,6,115
02/13/2015,LAN,MI,AGL,CE,Combined TRACON& Tower with Radar,6,47,14,2,69,0,0,12,0,12,6,47,26,2,81,0,0,0,81
02/14/2015,LAN,MI,AGL,CE,Combined TRACON& Tower with Radar,4,27,2,0,33,0,0,0,0,0,4,27,2,0,33,0,0,0,33
02/15/2015,LAN,MI,AGL,CE,Combined TRACON& Tower with Radar,6,17,4,0,27,0,0,12,0,12,6,17,16,0,39,10,0,10,49
02/16/2015,LAN,MI,AGL,CE,Combined TRACON& Tower with Radar,7,32,15,0,54,0,0,10,0,10,7,32,25,0,64,0,0,0,64
02/17/2015,LAN,MI,AGL,CE,Combined TRACON& Tower with Radar,8,34,18,15,75,0,2,3,1,6,8,36,21,16,81,6,0,6,87
02/18/2015,LAN,MI,AGL,CE,Combined TRACON& Tower with Radar,9,40,25,10,84,0,2,5,0,7,9,42,30,10,91,0,0,0,91
02/19/2015,LAN,MI,AGL,CE,Combined TRACON& Tower with Radar,9,46,36,7,98,0,0,9,1,10,9,46,45,8,108,34,0,34,142
02/20/2015,LAN,MI,AGL,CE,Combined TRACON& Tower with Radar,7,40,9,2,58,0,0,10,0,10,7,40,19,2,68,4,0,4,72
02/21/2015,LAN,MI,AGL,CE,Combined TRACON& Tower with Radar,6,24,0,0,30,0,0,6,0,6,6,24,6,0,36,12,0,12,48
02/22/2015,LAN,MI,AGL,CE,Combined TRACON& Tower with Radar,6,22,15,0,43,0,0,2,0,2,6,22,17,0,45,0,0,0,45
02/23/2015,LAN,MI,AGL,CE,Combined TRACON& Tower with Radar,13,30,23,8,74,0,0,13,0,13,13,30,36,8,87,4,0,4,91
02/24/2015,LAN,MI,AGL,CE,Combined TRACON& Tower with Radar,8,36,14,6,64,0,0,5,0,5,8,36,19,6,69,0,0,0,69
02/25/2015,LAN,MI,AGL,CE,Combined TRACON& Tower with Radar,12,36,19,19,86,0,0,27,5,32,12,36,46,24,118,6,0,6,124
02/26/2015,LAN,MI,AGL,CE,Combined TRACON& Tower with Radar,15,45,28,10,98,0,4,9,0,13,15,49,37,10,111,8,0,8,119
02/27/2015,LAN,MI,AGL,CE,Combined TRACON& Tower with Radar,10,48,17,1,76,0,2,10,0,12,10,50,27,1,88,8,0,8,96
02/28/2015,LAN,MI,AGL,CE,Combined TRACON& Tower with Radar,10,31,7,0,48,0,0,26,0,26,10,31,33,0,74,0,0,0,74
03/01/2015,LAN,MI,AGL,CE,Combined TRACON& Tower with Radar,6,25,6,0,37,0,0,8,0,8,6,25,14,0,45,18,0,18,63
03/02/2015,LAN,MI,AGL,CE,Combined TRACON& Tower with Radar,11,31,25,0,67,0,2,14,1,17,11,33,39,1,84,10,4,14,98
03/03/2015,LAN,MI,AGL,CE,Combined TRACON& Tower with Radar,10,38,19,0,67,0,0,2,0,2,10,38,21,0,69,0,0,0,69
03/04/2015,LAN,MI,AGL,CE,Combined TRACON& Tower with Radar,11,43,14,8,76,0,0,14,6,20,11,43,28,14,96,12,0,12,108
03/05/2015,LAN,MI,AGL,CE,Combined TRACON& Tower with Radar,10,43,31,6,90,0,0,16,0,16,10,43,47,6,106,34,0,34,140
03/06/2015,LAN,MI,AGL,CE,Combined TRACON& Tower with Radar,8,49,25,2,84,0,2,8,2,12,8,51,33,4,96,19,0,19,115
03/07/2015,LAN,MI,AGL,CE,Combined TRACON& Tower with Radar,6,31,10,2,49,0,0,10,0,10,6,31,20,2,59,37,0,37,96
03/08/2015,LAN,MI,AGL,CE,Combined TRACON& Tower with Radar,6,17,25,4,52,0,0,16,0,16,6,17,41,4,68,2,0,2,70
03/09/2015,LAN,MI,AGL,CE,Combined TRACON& Tower with Radar,5,36,23,0,64,0,0,13,0,13,5,36,36,0,77,0,0,0,77
03/10/2015,LAN,MI,AGL,CE,Combined TRACON& Tower with Radar,9,40,41,6,96,0,0,5,1,6,9,40,46,7,102,0,0,0,102
03/11/2015,LAN,MI,AGL,CE,Combined TRACON& Tower with Radar,12,37,26,8,83,0,4,15,4,23,12,41,41,12,106,26,6,32,138
03/12/2015,LAN,MI,AGL,CE,Combined TRACON& Tower with Radar,6,45,23,3,77,0,1,25,4,30,6,46,48,7,107,12,4,16,123
03/13/2015,LAN,MI,AGL,CE,Combined TRACON& Tower with Radar,6,42,25,4,77,0,2,29,0,31,6,44,54,4,108,16,0,16,124
03/14/2015,LAN,MI,AGL,CE,Combined TRACON& Tower with Radar,4,26,18,0,48,0,0,5,0,5,4,26,23,0,53,0,0,0,53
03/15/2015,LAN,MI,AGL,CE,Combined TRACON& Tower with Radar,7,18,19,0,44,0,0,21,0,21,7,18,40,0,65,0,0,0,65
03/16/2015,LAN,MI,AGL,CE,Combined TRACON& Tower with Radar,6,36,20,0,62,0,6,14,0,20,6,42,34,0,82,46,0,46,128
03/17/2015,LAN,MI,AGL,CE,Combined TRACON& Tower with Radar,10,43,28,8,89,0,7,9,2,18,10,50,37,10,107,8,0,8,115
03/18/2015,LAN,MI,AGL,CE,Combined TRACON& Tower with Radar,15,41,21,3,80,0,11,20,3,34,15,52,41,6,114,64,0,64,178
03/19/2015,LAN,MI,AGL,CE,Combined TRACON& Tower with Radar,11,44,19,14,88,0,0,18,1,19,11,44,37,15,107,14,0,14,121
03/20/2015,LAN,MI,AGL,CE,Combined TRACON& Tower with Radar,10,35,36,6,87,0,0,11,0,11,10,35,47,6,98,18,0,18,116
03/21/2015,LAN,MI,AGL,CE,Combined TRACON& Tower with Radar,5,31,18,0,54,0,0,8,3,11,5,31,26,3,65,0,0,0,65
03/22/2015,LAN,MI,AGL,CE,Combined TRACON& Tower with Radar,9,15,23,0,47,0,0,32,0,32,9,15,55,0,79,36,0,36,115
03/23/2015,LAN,MI,AGL,CE,Combined TRACON& Tower with Radar,10,25,9,4,48,0,2,7,0,9,10,27,16,4,57,38,0,38,95
03/24/2015,LAN,MI,AGL,CE,Combined TRACON& Tower with Radar,9,33,21,4,67,0,3,43,2,48,9,36,64,6,115,0,0,0,115
03/25/2015,LAN,MI,AGL,CE,Combined TRACON& Tower with Radar,13,37,9,5,64,0,0,3,1,4,13,37,12,6,68,38,2,40,108
03/26/2015,LAN,MI,AGL,CE,Combined TRACON& Tower with Radar,11,40,29,5,85,0,0,14,1,15,11,40,43,6,100,0,0,0,100
03/27/2015,LAN,MI,AGL,CE,Combined TRACON& Tower with Radar,10,34,17,2,63,0,0,9,0,9,10,34,26,2,72,22,0,22,94
03/28/2015,LAN,MI,AGL,CE,Combined TRACON& Tower with Radar,7,26,20,0,53,0,1,27,0,28,7,27,47,0,81,9,0,9,90
03/29/2015,LAN,MI,AGL,CE,Combined TRACON& Tower with Radar,10,20,17,2,49,0,0,8,0,8,10,20,25,2,57,0,0,0,57
03/30/2015,LAN,MI,AGL,CE,Combined TRACON& Tower with Radar,9,30,12,2,53,0,1,11,0,12,9,31,23,2,65,0,0,0,65
03/31/2015,LAN,MI,AGL,CE,Combined TRACON& Tower with Radar,10,35,33,10,88,0,0,2,0,2,10,35,35,10,90,0,0,0,90
04/01/2015,LAN,MI,AGL,CE,Combined TRACON& Tower with Radar,11,47,22,5,85,0,0,24,1,25,11,47,46,6,110,52,0,52,162
04/02/2015,LAN,MI,AGL,CE,Combined TRACON& Tower with Radar,9,38,17,7,71,0,0,3,0,3,9,38,20,7,74,0,0,0,74
04/03/2015,LAN,MI,AGL,CE,Combined TRACON& Tower with Radar,9,36,21,0,66,0,0,3,0,3,9,36,24,0,69,45,0,45,114
04/04/2015,LAN,MI,AGL,CE,Combined TRACON& Tower with Radar,4,23,17,0,44,0,0,19,0,19,4,23,36,0,63,0,0,0,63
04/05/2015,LAN,MI,AGL,CE,Combined TRACON& Tower with Radar,8,12,9,0,29,0,1,13,0,14,8,13,22,0,43,6,0,6,49
04/06/2015,LAN,MI,AGL,CE,Combined TRACON& Tower with Radar,8,30,24,2,64,0,0,19,0,19,8,30,43,2,83,23,0,23,106
04/07/2015,LAN,MI,AGL,CE,Combined TRACON& Tower with Radar,10,32,14,10,66,0,2,4,0,6,10,34,18,10,72,22,0,22,94
04/08/2015,LAN,MI,AGL,CE,Combined TRACON& Tower with Radar,9,35,13,2,59,0,0,0,0,0,9,35,13,2,59,0,0,0,59
04/09/2015,LAN,MI,AGL,CE,Combined TRACON& Tower with Radar,10,34,7,0,51,0,0,2,0,2,10,34,9,0,53,0,0,0,53
04/10/2015,LAN,MI,AGL,CE,Combined TRACON& Tower with Radar,11,41,18,2,72,0,0,1,0,1,11,41,19,2,73,0,0,0,73
04/11/2015,LAN,MI,AGL,CE,Combined TRACON& Tower with Radar,4,30,20,0,54,0,0,48,0,48,4,30,68,0,102,20,0,20,122
04/12/2015,LAN,MI,AGL,CE,Combined TRACON& Tower with Radar,7,21,13,1,42,0,0,31,1,32,7,21,44,2,74,28,0,28,102
04/13/2015,LAN,MI,AGL,CE,Combined TRACON& Tower with Radar,7,30,17,1,55,0,0,12,3,15,7,30,29,4,70,0,0,0,70
04/14/2015,LAN,MI,AGL,CE,Combined TRACON& Tower with Radar,8,41,31,4,84,0,0,32,7,39,8,41,63,11,123,78,0,78,201
04/15/2015,LAN,MI,AGL,CE,Combined TRACON& Tower with Radar,8,39,26,3,76,0,2,19,0,21,8,41,45,3,97,62,0,62,159
04/16/2015,LAN,MI,AGL,CE,Combined TRACON& Tower with Radar,7,41,24,6,78,0,0,12,2,14,7,41,36,8,92,26,0,26,118
04/17/2015,LAN,MI,AGL,CE,Combined TRACON& Tower with Radar,6,34,20,1,61,0,0,31,0,31,6,34,51,1,92,66,0,66,158
04/18/2015,LAN,MI,AGL,CE,Combined TRACON& Tower with Radar,3,28,15,0,46,0,4,28,0,32,3,32,43,0,78,11,0,11,89
04/19/2015,LAN,MI,AGL,CE,Combined TRACON& Tower with Radar,8,15,3,0,26,0,0,3,0,3,8,15,6,0,29,0,0,0,29
04/20/2015,LAN,MI,AGL,CE,Combined TRACON& Tower with Radar,9,34,12,3,58,0,0,2,0,2,9,34,14,3,60,0,0,0,60
04/21/2015,LAN,MI,AGL,CE,Combined TRACON& Tower with Radar,7,37,26,3,73,0,0,1,0,1,7,37,27,3,74,0,0,0,74
04/22/2015,LAN,MI,AGL,CE,Combined TRACON& Tower with Radar,8,36,23,9,76,0,0,14,0,14,8,36,37,9,90,62,0,62,152
04/23/2015,LAN,MI,AGL,CE,Combined TRACON& Tower with Radar,8,35,32,6,81,0,0,13,0,13,8,35,45,6,94,10,0,10,104
04/24/2015,LAN,MI,AGL,CE,Combined TRACON& Tower with Radar,8,41,32,7,88,0,0,39,0,39,8,41,71,7,127,90,0,90,217
04/25/2015,LAN,MI,AGL,CE,Combined TRACON& Tower with Radar,3,27,5,0,35,0,0,14,2,16,3,27,19,2,51,1,0,1,52
04/26/2015,LAN,MI,AGL,CE,Combined TRACON& Tower with Radar,6,17,20,3,46,0,0,25,0,25,6,17,45,3,71,22,0,22,93
04/27/2015,LAN,MI,AGL,CE,Combined TRACON& Tower with Radar,7,30,15,0,52,0,0,13,2,15,7,30,28,2,67,52,0,52,119
04/28/2015,LAN,MI,AGL,CE,Combined TRACON& Tower with Radar,10,34,35,4,83,0,0,30,2,32,10,34,65,6,115,0,0,0,115
04/29/2015,LAN,MI,AGL,CE,Combined TRACON& Tower with Radar,8,37,40,2,87,0,0,31,6,37,8,37,71,8,124,76,0,76,200
04/30/2015,LAN,MI,AGL,CE,Combined TRACON& Tower with Radar,10,36,25,7,78,0,0,19,3,22,10,36,44,10,100,74,0,74,174
05/01/2015,LAN,MI,AGL,CE,Combined TRACON& Tower with Radar,8,38,35,4,85,0,0,30,0,30,8,38,65,4,115,102,0,102,217
05/02/2015,LAN,MI,AGL,CE,Combined TRACON& Tower with Radar,1,28,8,0,37,0,2,28,0,30,1,30,36,0,67,6,0,6,73
05/03/2015,LAN,MI,AGL,CE,Combined TRACON& Tower with Radar,8,21,20,0,49,0,4,15,0,19,8,25,35,0,68,2,0,2,70
05/04/2015,LAN,MI,AGL,CE,Combined TRACON& Tower with Radar,7,31,11,0,49,0,0,18,0,18,7,31,29,0,67,20,0,20,87
05/05/2015,LAN,MI,AGL,CE,Combined TRACON& Tower with Radar,8,36,27,6,77,0,0,7,0,7,8,36,34,6,84,0,0,0,84
05/06/2015,LAN,MI,AGL,CE,Combined TRACON& Tower with Radar,10,42,22,5,79,0,0,11,2,13,10,42,33,7,92,26,0,26,118
05/07/2015,LAN,MI,AGL,CE,Combined TRACON& Tower with Radar,9,41,37,1,88,0,0,24,0,24,9,41,61,1,112,20,0,20,132
05/08/2015,LAN,MI,AGL,CE,Combined TRACON& Tower with Radar,9,38,21,5,73,0,0,12,0,12,9,38,33,5,85,6,0,6,91
05/09/2015,LAN,MI,AGL,CE,Combined TRACON& Tower with Radar,1,24,7,0,32,0,0,4,0,4,1,24,11,0,36,0,0,0,36
05/10/2015,LAN,MI,AGL,CE,Combined TRACON& Tower with Radar,8,17,4,0,29,0,0,0,0,0,8,17,4,0,29,0,0,0,29
05/11/2015,LAN,MI,AGL,CE,Combined TRACON& Tower with Radar,7,28,9,2,46,0,0,1,0,1,7,28,10,2,47,0,0,0,47
05/12/2015,LAN,MI,AGL,CE,Combined TRACON& Tower with Radar,10,38,21,8,77,0,0,3,0,3,10,38,24,8,80,8,0,8,88
05/13/2015,LAN,MI,AGL,CE,Combined TRACON& Tower with Radar,8,28,38,1,75,0,0,19,1,20,8,28,57,2,95,30,0,30,125
05/14/2015,LAN,MI,AGL,CE,Combined TRACON& Tower with Radar,10,40,14,4,68,0,1,23,0,24,10,41,37,4,92,24,0,24,116
05/15/2015,LAN,MI,AGL,CE,Combined TRACON& Tower with Radar,11,37,21,2,71,0,0,6,0,6,11,37,27,2,77,0,0,0,77
05/16/2015,LAN,MI,AGL,CE,Combined TRACON& Tower with Radar,2,24,7,0,33,0,0,4,0,4,2,24,11,0,37,6,0,6,43
05/17/2015,LAN,MI,AGL,CE,Combined TRACON& Tower with Radar,6,16,14,0,36,0,0,11,0,11,6,16,25,0,47,24,0,24,71
05/18/2015,LAN,MI,AGL,CE,Combined TRACON& Tower with Radar,9,26,22,2,59,0,2,13,0,15,9,28,35,2,74,4,0,4,78
05/19/2015,LAN,MI,AGL,CE,Combined TRACON& Tower with Radar,12,40,20,3,75,0,4,3,3,10,12,44,23,6,85,2,0,2,87
05/20/2015,LAN,MI,AGL,CE,Combined TRACON& Tower with Radar,18,34,28,4,84,0,1,24,0,25,18,35,52,4,109,42,0,42,151
05/21/2015,LAN,MI,AGL,CE,Combined TRACON& Tower with Radar,14,41,28,5,88,0,2,24,4,30,14,43,52,9,118,42,0,42,160
05/22/2015,LAN,MI,AGL,CE,Combined TRACON& Tower with Radar,13,38,20,2,73,0,0,30,0,30,13,38,50,2,103,20,0,20,123
05/23/2015,LAN,MI,AGL,CE,Combined TRACON& Tower with Radar,6,20,8,0,34,0,0,34,0,34,6,20,42,0,68,17,0,17,85
05/24/2015,LAN,MI,AGL,CE,Combined TRACON& Tower with Radar,6,9,6,0,21,0,0,4,0,4,6,9,10,0,25,20,0,20,45
05/25/2015,LAN,MI,AGL,CE,Combined TRACON& Tower with Radar,10,15,5,0,30,0,1,2,0,3,10,16,7,0,33,0,0,0,33
05/26/2015,LAN,MI,AGL,CE,Combined TRACON& Tower with Radar,14,37,16,4,71,0,2,2,1,5,14,39,18,5,76,10,0,10,86
05/27/2015,LAN,MI,AGL,CE,Combined TRACON& Tower with Radar,17,36,26,4,83,0,0,8,0,8,17,36,34,4,91,0,0,0,91
05/28/2015,LAN,MI,AGL,CE,Combined TRACON& Tower with Radar,13,42,20,6,81,0,1,28,0,29,13,43,48,6,110,56,0,56,166
05/29/2015,LAN,MI,AGL,CE,Combined TRACON& Tower with Radar,16,37,29,4,86,0,0,21,0,21,16,37,50,4,107,0,0,0,107
05/30/2015,LAN,MI,AGL,CE,Combined TRACON& Tower with Radar,6,23,25,0,54,0,0,3,0,3,6,23,28,0,57,0,0,0,57
05/31/2015,LAN,MI,AGL,CE,Combined TRACON& Tower with Radar,11,18,15,0,44,0,0,2,0,2,11,18,17,0,46,0,0,0,46
06/01/2015,LAN,MI,AGL,CE,Combined TRACON& Tower with Radar,10,26,25,2,63,0,0,19,0,19,10,26,44,2,82,25,0,25,107
06/02/2015,LAN,MI,AGL,CE,Combined TRACON& Tower with Radar,15,32,22,6,75,0,0,26,1,27,15,32,48,7,102,0,0,0,102
06/03/2015,LAN,MI,AGL,CE,Combined TRACON& Tower with Radar,14,39,37,3,93,0,0,29,4,33,14,39,66,7,126,40,0,40,166
06/04/2015,LAN,MI,AGL,CE,Combined TRACON& Tower with Radar,10,40,33,4,87,0,3,26,3,32,10,43,59,7,119,4,0,4,123
06/05/2015,LAN,MI,AGL,CE,Combined TRACON& Tower with Radar,10,37,14,3,64,0,1,8,3,12,10,38,22,6,76,0,0,0,76
06/06/2015,LAN,MI,AGL,CE,Combined TRACON& Tower with Radar,5,24,6,0,35,4,1,27,0,32,9,25,33,0,67,0,0,0,67
06/07/2015,LAN,MI,AGL,CE,Combined TRACON& Tower with Radar,8,17,14,0,39,0,2,9,0,11,8,19,23,0,50,6,0,6,56
06/08/2015,LAN,MI,AGL,CE,Combined TRACON& Tower with Radar,7,32,13,0,52,0,0,9,0,9,7,32,22,0,61,46,0,46,107
06/09/2015,LAN,MI,AGL,CE,Combined TRACON& Tower with Radar,10,41,29,1,81,0,2,20,4,26,10,43,49,5,107,56,9,65,172
06/10/2015,LAN,MI,AGL,CE,Combined TRACON& Tower with Radar,10,40,14,8,72,0,0,23,4,27,10,40,37,12,99,0,4,4,103
06/11/2015,LAN,MI,AGL,CE,Combined TRACON& Tower with Radar,11,38,34,6,89,0,0,29,0,29,11,38,63,6,118,38,0,38,156
06/12/2015,LAN,MI,AGL,CE,Combined TRACON& Tower with Radar,12,34,17,4,67,0,0,2,0,2,12,34,19,4,69,0,0,0,69
06/13/2015,LAN,MI,AGL,CE,Combined TRACON& Tower with Radar,9,26,14,0,49,0,0,1,0,1,9,26,15,0,50,0,0,0,50
06/14/2015,LAN,MI,AGL,CE,Combined TRACON& Tower with Radar,8,19,8,0,35,0,0,4,0,4,8,19,12,0,39,0,0,0,39
06/15/2015,LAN,MI,AGL,CE,Combined TRACON& Tower with Radar,9,30,10,2,51,0,0,12,3,15,9,30,22,5,66,43,0,43,109
06/16/2015,LAN,MI,AGL,CE,Combined TRACON& Tower with Radar,8,37,32,0,77,0,1,32,1,34,8,38,64,1,111,16,0,16,127
06/17/2015,LAN,MI,AGL,CE,Combined TRACON& Tower with Radar,10,40,19,5,74,0,2,16,0,18,10,42,35,5,92,6,0,6,98
06/18/2015,LAN,MI,AGL,CE,Combined TRACON& Tower with Radar,10,43,17,5,75,0,0,2,0,2,10,43,19,5,77,0,0,0,77
06/19/2015,LAN,MI,AGL,CE,Combined TRACON& Tower with Radar,10,46,21,2,79,0,0,44,0,44,10,46,65,2,123,26,0,26,149
06/20/2015,LAN,MI,AGL,CE,Combined TRACON& Tower with Radar,7,24,20,0,51,0,0,24,0,24,7,24,44,0,75,21,0,21,96
06/21/2015,LAN,MI,AGL,CE,Combined TRACON& Tower with Radar,8,16,16,0,40,16,0,9,0,25,24,16,25,0,65,0,0,0,65
06/22/2015,LAN,MI,AGL,CE,Combined TRACON& Tower with Radar,14,33,9,0,56,0,14,12,3,29,14,47,21,3,85,14,0,14,99
06/23/2015,LAN,MI,AGL,CE,Combined TRACON& Tower with Radar,11,46,24,3,84,0,3,28,3,34,11,49,52,6,118,20,0,20,138
06/24/2015,LAN,MI,AGL,CE,Combined TRACON& Tower with Radar,15,34,32,0,81,0,0,31,4,35,15,34,63,4,116,18,0,18,134
06/25/2015,LAN,MI,AGL,CE,Combined TRACON& Tower with Radar,13,58,26,2,99,0,0,12,2,14,13,58,38,4,113,24,0,24,137
06/26/2015,LAN,MI,AGL,CE,Combined TRACON& Tower with Radar,10,40,16,2,68,0,0,30,4,34,10,40,46,6,102,20,0,20,122
06/27/2015,LAN,MI,AGL,CE,Combined TRACON& Tower with Radar,5,27,15,0,47,0,1,6,0,7,5,28,21,0,54,2,0,2,56
06/28/2015,LAN,MI,AGL,CE,Combined TRACON& Tower with Radar,7,17,14,4,42,2,0,18,0,20,9,17,32,4,62,0,0,0,62
06/29/2015,LAN,MI,AGL,CE,Combined TRACON& Tower with Radar,8,28,15,3,54,0,2,13,2,17,8,30,28,5,71,0,0,0,71
06/30/2015,LAN,MI,AGL,CE,Combined TRACON& Tower with Radar,14,33,19,2,68,0,0,14,0,14,14,33,33,2,82,12,8,20,102
07/01/2015,LAN,MI,AGL,CE,Combined TRACON& Tower with Radar,10,30,31,9,80,0,0,15,0,15,10,30,46,9,95,16,4,20,115
07/02/2015,LAN,MI,AGL,CE,Combined TRACON& Tower with Radar,10,38,19,4,71,0,1,18,2,21,10,39,37,6,92,19,0,19,111
07/03/2015,LAN,MI,AGL,CE,Combined TRACON& Tower with Radar,8,22,6,0,36,0,0,30,0,30,8,22,36,0,66,24,0,24,90
07/04/2015,LAN,MI,AGL,CE,Combined TRACON& Tower with Radar,2,8,8,0,18,0,0,14,0,14,2,8,22,0,32,0,0,0,32
07/05/2015,LAN,MI,AGL,CE,Combined TRACON& Tower with Radar,6,17,9,0,32,0,0,17,0,17,6,17,26,0,49,2,0,2,51
07/06/2015,LAN,MI,AGL,CE,Combined TRACON& Tower with Radar,9,25,17,0,51,0,0,16,0,16,9,25,33,0,67,19,0,19,86
07/07/2015,LAN,MI,AGL,CE,Combined TRACON& Tower with Radar,10,32,29,4,75,0,0,9,1,10,10,32,38,5,85,4,0,4,89
07/08/2015,LAN,MI,AGL,CE,Combined TRACON& Tower with Radar,10,37,24,6,77,0,0,26,0,26,10,37,50,6,103,24,0,24,127
07/09/2015,LAN,MI,AGL,CE,Combined TRACON& Tower with Radar,12,42,30,0,84,0,0,14,0,14,12,42,44,0,98,8,0,8,106
07/10/2015,LAN,MI,AGL,CE,Combined TRACON& Tower with Radar,9,33,13,4,59,0,0,22,0,22,9,33,35,4,81,0,0,0,81
07/11/2015,LAN,MI,AGL,CE,Combined TRACON& Tower with Radar,3,24,10,0,37,0,0,37,0,37,3,24,47,0,74,12,0,12,86
07/12/2015,LAN,MI,AGL,CE,Combined TRACON& Tower with Radar,8,18,6,2,34,0,2,15,0,17,8,20,21,2,51,0,0,0,51
07/13/2015,LAN,MI,AGL,CE,Combined TRACON& Tower with Radar,9,30,25,0,64,0,2,9,1,12,9,32,34,1,76,0,0,0,76
07/14/2015,LAN,MI,AGL,CE,Combined TRACON& Tower with Radar,12,32,35,0,79,0,0,5,0,5,12,32,40,0,84,0,0,0,84
07/15/2015,LAN,MI,AGL,CE,Combined TRACON& Tower with Radar,11,37,33,1,82,0,0,39,3,42,11,37,72,4,124,4,0,4,128
07/16/2015,LAN,MI,AGL,CE,Combined TRACON& Tower with Radar,10,36,34,6,86,0,0,29,2,31,10,36,63,8,117,30,0,30,147
07/17/2015,LAN,MI,AGL,CE,Combined TRACON& Tower with Radar,12,45,19,0,76,0,0,7,0,7,12,45,26,0,83,24,0,24,107
07/18/2015,LAN,MI,AGL,CE,Combined TRACON& Tower with Radar,3,20,11,2,36,0,0,19,0,19,3,20,30,2,55,17,0,17,72
07/19/2015,LAN,MI,AGL,CE,Combined TRACON& Tower with Radar,8,13,25,0,46,0,0,11,0,11,8,13,36,0,57,4,0,4,61
07/20/2015,LAN,MI,AGL,CE,Combined TRACON& Tower with Radar,11,34,25,6,76,0,0,25,0,25,11,34,50,6,101,0,0,0,101
07/21/2015,LAN,MI,AGL,CE,Combined TRACON& Tower with Radar,9,35,29,0,73,0,0,32,0,32,9,35,61,0,105,0,0,0,105
07/22/2015,LAN,MI,AGL,CE,Combined TRACON& Tower with Radar,11,35,27,0,73,0,0,45,0,45,11,35,72,0,118,28,0,28,146
07/23/2015,LAN,MI,AGL,CE,Combined TRACON& Tower with Radar,9,38,32,0,79,0,0,32,4,36,9,38,64,4,115,0,0,0,115
07/24/2015,LAN,MI,AGL,CE,Combined TRACON& Tower with Radar,10,34,25,0,69,0,0,18,0,18,10,34,43,0,87,0,0,0,87
07/25/2015,LAN,MI,AGL,CE,Combined TRACON& Tower with Radar,5,26,11,2,44,0,1,8,0,9,5,27,19,2,53,0,0,0,53
07/26/2015,LAN,MI,AGL,CE,Combined TRACON& Tower with Radar,6,19,9,2,36,0,0,21,0,21,6,19,30,2,57,13,0,13,70
07/27/2015,LAN,MI,AGL,CE,Combined TRACON& Tower with Radar,9,26,26,2,63,0,1,18,0,19,9,27,44,2,82,13,0,13,95
07/28/2015,LAN,MI,AGL,CE,Combined TRACON& Tower with Radar,11,36,30,0,77,0,0,20,4,24,11,36,50,4,101,6,0,6,107
07/29/2015,LAN,MI,AGL,CE,Combined TRACON& Tower with Radar,10,32,32,6,80,0,0,17,3,20,10,32,49,9,100,8,0,8,108
07/30/2015,LAN,MI,AGL,CE,Combined TRACON& Tower with Radar,10,32,37,0,79,0,0,13,0,13,10,32,50,0,92,6,0,6,98
07/31/2015,LAN,MI,AGL,CE,Combined TRACON& Tower with Radar,13,41,21,4,79,0,1,25,1,27,13,42,46,5,106,4,0,4,110
08/01/2015,LAN,MI,AGL,CE,Combined TRACON& Tower with Radar,3,21,14,0,38,0,1,23,2,26,3,22,37,2,64,15,0,15,79
08/02/2015,LAN,MI,AGL,CE,Combined TRACON& Tower with Radar,7,14,13,1,35,0,0,11,0,11,7,14,24,1,46,10,1,11,57
08/03/2015,LAN,MI,AGL,CE,Combined TRACON& Tower with Radar,10,33,25,0,68,0,0,8,2,10,10,33,33,2,78,4,0,4,82
08/04/2015,LAN,MI,AGL,CE,Combined TRACON& Tower with Radar,10,33,42,2,87,0,0,27,1,28,10,33,69,3,115,1,0,1,116
08/05/2015,LAN,MI,AGL,CE,Combined TRACON& Tower with Radar,12,34,31,0,77,0,0,25,0,25,12,34,56,0,102,8,0,8,110
08/06/2015,LAN,MI,AGL,CE,Combined TRACON& Tower with Radar,12,35,22,4,73,0,0,32,2,34,12,35,54,6,107,18,0,18,125
08/07/2015,LAN,MI,AGL,CE,Combined TRACON& Tower with Radar,12,38,15,0,65,0,0,22,0,22,12,38,37,0,87,22,0,22,109
08/08/2015,LAN,MI,AGL,CE,Combined TRACON& Tower with Radar,3,20,8,4,35,0,0,23,1,24,3,20,31,5,59,17,0,17,76
08/09/2015,LAN,MI,AGL,CE,Combined TRACON& Tower with Radar,8,15,17,0,40,0,0,16,0,16,8,15,33,0,56,3,0,3,59
08/10/2015,LAN,MI,AGL,CE,Combined TRACON& Tower with Radar,11,31,10,0,52,0,1,9,0,10,11,32,19,0,62,12,0,12,74
08/11/2015,LAN,MI,AGL,CE,Combined TRACON& Tower with Radar,12,33,39,4,88,0,0,21,3,24,12,33,60,7,112,0,0,0,112
08/12/2015,LAN,MI,AGL,CE,Combined TRACON& Tower with Radar,14,32,18,1,65,0,0,29,4,33,14,32,47,5,98,6,0,6,104
08/13/2015,LAN,MI,AGL,CE,Combined TRACON& Tower with Radar,9,41,44,2,96,0,0,19,1,20,9,41,63,3,116,0,0,0,116
08/14/2015,LAN,MI,AGL,CE,Combined TRACON& Tower with Radar,12,35,15,0,62,0,0,17,0,17,12,35,32,0,79,40,0,40,119
08/15/2015,LAN,MI,AGL,CE,Combined TRACON& Tower with Radar,3,23,7,0,33,0,0,24,0,24,3,23,31,0,57,0,0,0,57
08/16/2015,LAN,MI,AGL,CE,Combined TRACON& Tower with Radar,8,16,13,0,37,0,0,15,0,15,8,16,28,0,52,0,0,0,52
08/17/2015,LAN,MI,AGL,CE,Combined TRACON& Tower with Radar,11,29,18,0,58,0,0,15,0,15,11,29,33,0,73,16,0,16,89
08/18/2015,LAN,MI,AGL,CE,Combined TRACON& Tower with Radar,16,39,15,6,76,0,0,11,1,12,16,39,26,7,88,14,0,14,102
08/19/2015,LAN,MI,AGL,CE,Combined TRACON& Tower with Radar,8,41,18,2,69,0,0,11,0,11,8,41,29,2,80,10,0,10,90
08/20/2015,LAN,MI,AGL,CE,Combined TRACON& Tower with Radar,13,48,28,0,89,0,0,11,0,11,13,48,39,0,100,12,0,12,112
08/21/2015,LAN,MI,AGL,CE,Combined TRACON& Tower with Radar,18,38,26,0,82,0,1,30,0,31,18,39,56,0,113,2,0,2,115
08/22/2015,LAN,MI,AGL,CE,Combined TRACON& Tower with Radar,6,29,3,0,38,0,3,12,0,15,6,32,15,0,53,6,0,6,59
08/23/2015,LAN,MI,AGL,CE,Combined TRACON& Tower with Radar,7,17,8,0,32,20,0,14,0,34,27,17,22,0,66,0,0,0,66
08/24/2015,LAN,MI,AGL,CE,Combined TRACON& Tower with Radar,13,33,27,5,78,0,1,15,0,16,13,34,42,5,94,21,0,21,115
08/25/2015,LAN,MI,AGL,CE,Combined TRACON& Tower with Radar,16,38,13,8,75,0,1,20,0,21,16,39,33,8,96,2,0,2,98
08/26/2015,LAN,MI,AGL,CE,Combined TRACON& Tower with Radar,15,49,33,0,97,0,0,13,0,13,15,49,46,0,110,4,0,4,114
08/27/2015,LAN,MI,AGL,CE,Combined TRACON& Tower with Radar,17,40,29,6,92,0,0,21,3,24,17,40,50,9,116,6,0,6,122
08/28/2015,LAN,MI,AGL,CE,Combined TRACON& Tower with Radar,14,46,20,2,82,0,0,37,0,37,14,46,57,2,119,6,0,6,125
08/29/2015,LAN,MI,AGL,CE,Combined TRACON& Tower with Radar,3,22,3,0,28,0,0,4,0,4,3,22,7,0,32,0,0,0,32
08/30/2015,LAN,MI,AGL,CE,Combined TRACON& Tower with Radar,6,21,27,1,55,0,0,11,0,11,6,21,38,1,66,12,0,12,78
08/31/2015,LAN,MI,AGL,CE,Combined TRACON& Tower with Radar,7,34,36,2,79,0,1,17,0,18,7,35,53,2,97,4,0,4,101
09/01/2015,LAN,MI,AGL,CE,Combined TRACON& Tower with Radar,14,41,28,3,86,0,0,13,1,14,14,41,41,4,100,17,0,17,117
09/02/2015,LAN,MI,AGL,CE,Combined TRACON& Tower with Radar,17,44,16,3,80,0,0,4,1,5,17,44,20,4,85,10,0,10,95
09/03/2015,LAN,MI,AGL,CE,Combined TRACON& Tower with Radar,17,43,37,8,105,0,1,6,0,7,17,44,43,8,112,0,0,0,112
09/04/2015,LAN,MI,AGL,CE,Combined TRACON& Tower with Radar,17,38,20,2,77,0,0,8,0,8,17,38,28,2,85,0,0,0,85
09/05/2015,LAN,MI,AGL,CE,Combined TRACON& Tower with Radar,4,20,9,0,33,0,2,9,0,11,4,22,18,0,44,0,0,0,44
09/06/2015,LAN,MI,AGL,CE,Combined TRACON& Tower with Radar,4,10,17,0,31,0,2,16,0,18,4,12,33,0,49,2,0,2,51
09/07/2015,LAN,MI,AGL,CE,Combined TRACON& Tower with Radar,8,21,26,0,55,0,1,20,0,21,8,22,46,0,76,0,0,0,76
09/08/2015,LAN,MI,AGL,CE,Combined TRACON& Tower with Radar,10,33,17,2,62,0,0,11,2,13,10,33,28,4,75,0,0,0,75
09/09/2015,LAN,MI,AGL,CE,Combined TRACON& Tower with Radar,12,32,33,9,86,0,3,15,1,19,12,35,48,10,105,0,0,0,105
09/10/2015,LAN,MI,AGL,CE,Combined TRACON& Tower with Radar,11,35,44,2,92,0,0,30,0,30,11,35,74,2,122,12,0,12,134
09/11/2015,LAN,MI,AGL,CE,Combined TRACON& Tower with Radar,14,42,32,2,90,0,0,18,0,18,14,42,50,2,108,23,0,23,131
09/12/2015,LAN,MI,AGL,CE,Combined TRACON& Tower with Radar,6,24,26,0,56,0,0,21,0,21,6,24,47,0,77,2,0,2,79
09/13/2015,LAN,MI,AGL,CE,Combined TRACON& Tower with Radar,8,24,31,0,63,4,0,25,0,29,12,24,56,0,92,0,0,0,92
09/14/2015,LAN,MI,AGL,CE,Combined TRACON& Tower with Radar,9,35,27,2,73,0,1,24,0,25,9,36,51,2,98,4,0,4,102
09/15/2015,LAN,MI,AGL,CE,Combined TRACON& Tower with Radar,8,35,30,6,79,0,1,26,2,29,8,36,56,8,108,11,0,11,119
09/16/2015,LAN,MI,AGL,CE,Combined TRACON& Tower with Radar,9,36,35,2,82,0,1,28,2,31,9,37,63,4,113,2,0,2,115
09/17/2015,LAN,MI,AGL,CE,Combined TRACON& Tower with Radar,10,37,24,3,74,0,0,27,1,28,10,37,51,4,102,10,0,10,112
09/18/2015,LAN,MI,AGL,CE,Combined TRACON& Tower with Radar,13,36,31,7,87,0,0,11,0,11,13,36,42,7,98,0,0,0,98
09/19/2015,LAN,MI,AGL,CE,Combined TRACON& Tower with Radar,7,24,12,2,45,0,0,1,0,1,7,24,13,2,46,6,0,6,52
09/20/2015,LAN,MI,AGL,CE,Combined TRACON& Tower with Radar,7,24,26,3,60,0,1,27,2,30,7,25,53,5,90,0,0,0,90
09/21/2015,LAN,MI,AGL,CE,Combined TRACON& Tower with Radar,9,32,22,6,69,0,0,17,2,19,9,32,39,8,88,6,0,6,94
09/22/2015,LAN,MI,AGL,CE,Combined TRACON& Tower with Radar,8,38,26,4,76,0,0,38,1,39,8,38,64,5,115,0,0,0,115
09/23/2015,LAN,MI,AGL,CE,Combined TRACON& Tower with Radar,10,39,23,2,74,0,1,28,0,29,10,40,51,2,103,26,0,26,129
09/24/2015,LAN,MI,AGL,CE,Combined TRACON& Tower with Radar,10,46,32,6,94,0,0,18,1,19,10,46,50,7,113,26,0,26,139
09/25/2015,LAN,MI,AGL,CE,Combined TRACON& Tower with Radar,10,38,46,2,96,0,0,35,0,35,10,38,81,2,131,10,0,10,141
09/26/2015,LAN,MI,AGL,CE,Combined TRACON& Tower with Radar,4,21,11,2,38,0,0,21,0,21,4,21,32,2,59,0,0,0,59
09/27/2015,LAN,MI,AGL,CE,Combined TRACON& Tower with Radar,7,18,14,0,39,2,0,23,0,25,9,18,37,0,64,0,0,0,64
09/28/2015,LAN,MI,AGL,CE,Combined TRACON& Tower with Radar,11,35,25,2,73,0,2,22,0,24,11,37,47,2,97,56,0,56,153
09/29/2015,LAN,MI,AGL,CE,Combined TRACON& Tower with Radar,10,39,25,4,78,0,0,7,0,7,10,39,32,4,85,0,0,0,85
09/30/2015,LAN,MI,AGL,CE,Combined TRACON& Tower with Radar,6,43,18,10,77,0,0,16,0,16,6,43,34,10,93,2,0,2,95
10/01/2015,LAN,MI,AGL,CE,Combined TRACON& Tower with Radar,6,50,30,5,91,0,4,20,0,24,6,54,50,5,115,4,0,4,119
10/02/2015,LAN,MI,AGL,CE,Combined TRACON& Tower with Radar,7,37,23,2,69,0,0,15,0,15,7,37,38,2,84,0,0,0,84
10/03/2015,LAN,MI,AGL,CE,Combined TRACON& Tower with Radar,5,28,18,0,51,0,0,7,2,9,5,28,25,2,60,0,0,0,60
10/04/2015,LAN,MI,AGL,CE,Combined TRACON& Tower with Radar,3,18,23,0,44,0,0,1,0,1,3,18,24,0,45,0,0,0,45
10/05/2015,LAN,MI,AGL,CE,Combined TRACON& Tower with Radar,5,28,31,2,66,0,0,2,0,2,5,28,33,2,68,12,0,12,80
10/06/2015,LAN,MI,AGL,CE,Combined TRACON& Tower with Radar,6,39,28,0,73,0,0,5,0,5,6,39,33,0,78,4,0,4,82
10/07/2015,LAN,MI,AGL,CE,Combined TRACON& Tower with Radar,6,47,31,4,88,0,2,22,0,24,6,49,53,4,112,8,0,8,120
10/08/2015,LAN,MI,AGL,CE,Combined TRACON& Tower with Radar,6,48,21,10,85,0,0,22,0,22,6,48,43,10,107,24,0,24,131
10/09/2015,LAN,MI,AGL,CE,Combined TRACON& Tower with Radar,5,46,42,0,93,0,0,22,0,22,5,46,64,0,115,19,0,19,134
10/10/2015,LAN,MI,AGL,CE,Combined TRACON& Tower with Radar,3,24,13,0,40,0,0,51,0,51,3,24,64,0,91,0,0,0,91
10/11/2015,LAN,MI,AGL,CE,Combined TRACON& Tower with Radar,6,23,9,0,38,0,0,38,0,38,6,23,47,0,76,15,0,15,91
10/12/2015,LAN,MI,AGL,CE,Combined TRACON& Tower with Radar,5,40,28,0,73,0,0,7,0,7,5,40,35,0,80,16,0,16,96
10/13/2015,LAN,MI,AGL,CE,Combined TRACON& Tower with Radar,6,33,27,2,68,0,0,7,1,8,6,33,34,3,76,24,0,24,100
10/14/2015,LAN,MI,AGL,CE,Combined TRACON& Tower with Radar,5,40,31,8,84,0,0,23,0,23,5,40,54,8,107,46,0,46,153
10/15/2015,LAN,MI,AGL,CE,Combined TRACON& Tower with Radar,6,37,29,4,76,0,1,20,0,21,6,38,49,4,97,0,0,0,97
10/16/2015,LAN,MI,AGL,CE,Combined TRACON& Tower with Radar,7,41,34,0,82,0,0,14,2,16,7,41,48,2,98,14,0,14,112
10/17/2015,LAN,MI,AGL,CE,Combined TRACON& Tower with Radar,5,23,8,0,36,0,0,13,4,17,5,23,21,4,53,4,1,5,58
10/18/2015,LAN,MI,AGL,CE,Combined TRACON& Tower with Radar,2,21,18,0,41,0,0,17,0,17,2,21,35,0,58,0,0,0,58
10/19/2015,LAN,MI,AGL,CE,Combined TRACON& Tower with Radar,5,31,15,3,54,0,0,18,2,20,5,31,33,5,74,18,0,18,92
10/20/2015,LAN,MI,AGL,CE,Combined TRACON& Tower with Radar,6,35,30,1,72,0,1,12,0,13,6,36,42,1,85,8,0,8,93
10/21/2015,LAN,MI,AGL,CE,Combined TRACON& Tower with Radar,8,37,30,0,75,0,1,10,2,13,8,38,40,2,88,22,0,22,110
10/22/2015,LAN,MI,AGL,CE,Combined TRACON& Tower with Radar,9,39,36,4,88,0,2,25,5,32,9,41,61,9,120,9,0,9,129
10/23/2015,LAN,MI,AGL,CE,Combined TRACON& Tower with Radar,8,41,30,2,81,0,0,22,0,22,8,41,52,2,103,0,0,0,103
10/24/2015,LAN,MI,AGL,CE,Combined TRACON& Tower with Radar,7,26,9,2,44,0,0,0,0,0,7,26,9,2,44,0,0,0,44
10/25/2015,LAN,MI,AGL,CE,Combined TRACON& Tower with Radar,6,13,13,0,32,0,0,18,0,18,6,13,31,0,50,26,0,26,76
10/26/2015,LAN,MI,AGL,CE,Combined TRACON& Tower with Radar,6,29,14,2,51,0,0,10,0,10,6,29,24,2,61,66,0,66,127
10/27/2015,LAN,MI,AGL,CE,Combined TRACON& Tower with Radar,5,36,34,4,79,0,0,9,0,9,5,36,43,4,88,0,0,0,88
10/28/2015,LAN,MI,AGL,CE,Combined TRACON& Tower with Radar,6,44,15,4,69,0,0,3,0,3,6,44,18,4,72,2,0,2,74
10/29/2015,LAN,MI,AGL,CE,Combined TRACON& Tower with Radar,5,53,26,4,88,0,0,8,0,8,5,53,34,4,96,6,0,6,102
10/30/2015,LAN,MI,AGL,CE,Combined TRACON& Tower with Radar,8,38,27,2,75,0,0,25,2,27,8,38,52,4,102,6,0,6,108
10/31/2015,LAN,MI,AGL,CE,Combined TRACON& Tower with Radar,3,24,19,0,46,0,0,7,0,7,3,24,26,0,53,0,0,0,53
11/01/2015,LAN,MI,AGL,CE,Combined TRACON& Tower with Radar,5,20,17,0,42,0,0,8,0,8,5,20,25,0,50,16,0,16,66
11/02/2015,LAN,MI,AGL,CE,Combined TRACON& Tower with Radar,3,35,38,4,80,0,6,17,0,23,3,41,55,4,103,44,0,44,147
11/03/2015,LAN,MI,AGL,CE,Combined TRACON& Tower with Radar,2,41,33,4,80,0,0,41,10,51,2,41,74,14,131,51,0,51,182
11/04/2015,LAN,MI,AGL,CE,Combined TRACON& Tower with Radar,6,46,41,4,97,0,5,33,0,38,6,51,74,4,135,65,0,65,200
11/05/2015,LAN,MI,AGL,CE,Combined TRACON& Tower with Radar,10,42,26,10,88,0,1,1,1,3,10,43,27,11,91,0,0,0,91
11/06/2015,LAN,MI,AGL,CE,Combined TRACON& Tower with Radar,8,43,14,4,69,0,0,5,2,7,8,43,19,6,76,0,0,0,76
11/07/2015,LAN,MI,AGL,CE,Combined TRACON& Tower with Radar,6,21,5,2,34,0,0,9,1,10,6,21,14,3,44,2,0,2,46
11/08/2015,LAN,MI,AGL,CE,Combined TRACON& Tower with Radar,7,17,17,2,43,0,0,45,1,46,7,17,62,3,89,0,0,0,89
11/09/2015,LAN,MI,AGL,CE,Combined TRACON& Tower with Radar,7,35,23,2,67,0,0,37,2,39,7,35,60,4,106,49,0,49,155
11/10/2015,LAN,MI,AGL,CE,Combined TRACON& Tower with Radar,5,47,31,11,94,0,0,11,0,11,5,47,42,11,105,0,0,0,105
11/11/2015,LAN,MI,AGL,CE,Combined TRACON& Tower with Radar,7,48,20,0,75,0,1,12,0,13,7,49,32,0,88,8,0,8,96
11/12/2015,LAN,MI,AGL,CE,Combined TRACON& Tower with Radar,5,50,12,5,72,0,0,1,0,1,5,50,13,5,73,0,0,0,73
11/13/2015,LAN,MI,AGL,CE,Combined TRACON& Tower with Radar,14,42,15,1,72,0,0,3,1,4,14,42,18,2,76,0,0,0,76
11/14/2015,LAN,MI,AGL,CE,Combined TRACON& Tower with Radar,11,26,19,2,58,0,0,12,1,13,11,26,31,3,71,5,0,5,76
11/15/2015,LAN,MI,AGL,CE,Combined TRACON& Tower with Radar,3,16,18,0,37,0,3,24,0,27,3,19,42,0,64,0,0,0,64
11/16/2015,LAN,MI,AGL,CE,Combined TRACON& Tower with Radar,5,34,15,0,54,0,0,20,0,20,5,34,35,0,74,0,0,0,74
11/17/2015,LAN,MI,AGL,CE,Combined TRACON& Tower with Radar,6,36,24,10,76,0,0,6,2,8,6,36,30,12,84,8,0,8,92
11/18/2015,LAN,MI,AGL,CE,Combined TRACON& Tower with Radar,7,40,21,0,68,0,0,2,1,3,7,40,23,1,71,1,0,1,72
11/19/2015,LAN,MI,AGL,CE,Combined TRACON& Tower with Radar,8,41,23,5,77,0,1,5,1,7,8,42,28,6,84,32,2,34,118
11/20/2015,LAN,MI,AGL,CE,Combined TRACON& Tower with Radar,13,52,36,4,105,0,1,8,0,9,13,53,44,4,114,0,0,0,114
11/21/2015,LAN,MI,AGL,CE,Combined TRACON& Tower with Radar,4,18,10,0,32,0,0,0,0,0,4,18,10,0,32,0,0,0,32
11/22/2015,LAN,MI,AGL,CE,Combined TRACON& Tower with Radar,4,17,11,0,32,0,2,7,0,9,4,19,18,0,41,20,0,20,61
11/23/2015,LAN,MI,AGL,CE,Combined TRACON& Tower with Radar,6,32,14,5,57,0,0,8,0,8,6,32,22,5,65,10,0,10,75
11/24/2015,LAN,MI,AGL,CE,Combined TRACON& Tower with Radar,9,48,33,8,98,0,0,14,0,14,9,48,47,8,112,32,0,32,144
11/25/2015,LAN,MI,AGL,CE,Combined TRACON& Tower with Radar,10,45,22,3,80,0,0,21,0,21,10,45,43,3,101,46,0,46,147
11/26/2015,LAN,MI,AGL,CE,Combined TRACON& Tower with Radar,4,8,1,0,13,0,1,2,0,3,4,9,3,0,16,0,0,0,16
11/27/2015,LAN,MI,AGL,CE,Combined TRACON& Tower with Radar,5,40,4,0,49,0,0,0,0,0,5,40,4,0,49,0,0,0,49
11/28/2015,LAN,MI,AGL,CE,Combined TRACON& Tower with Radar,5,34,19,0,58,0,0,9,1,10,5,34,28,1,68,16,0,16,84
11/29/2015,LAN,MI,AGL,CE,Combined TRACON& Tower with Radar,8,17,20,0,45,20,1,23,2,46,28,18,43,2,91,0,0,0,91
11/30/2015,LAN,MI,AGL,CE,Combined TRACON& Tower with Radar,8,36,7,2,53,0,0,13,2,15,8,36,20,4,68,58,0,58,126
12/01/2015,LAN,MI,AGL,CE,Combined TRACON& Tower with Radar,6,46,25,7,84,0,0,3,1,4,6,46,28,8,88,0,0,0,88
12/02/2015,LAN,MI,AGL,CE,Combined TRACON& Tower with Radar,10,50,39,4,103,0,1,7,1,9,10,51,46,5,112,16,0,16,128
12/03/2015,LAN,MI,AGL,CE,Combined TRACON& Tower with Radar,5,49,24,10,88,0,0,12,0,12,5,49,36,10,100,14,0,14,114
12/04/2015,LAN,MI,AGL,CE,Combined TRACON& Tower with Radar,6,50,21,5,82,0,0,13,5,18,6,50,34,10,100,58,0,58,158
12/05/2015,LAN,MI,AGL,CE,Combined TRACON& Tower with Radar,1,30,27,2,60,0,0,10,0,10,1,30,37,2,70,0,0,0,70
12/06/2015,LAN,MI,AGL,CE,Combined TRACON& Tower with Radar,3,25,28,2,58,0,0,23,2,25,3,25,51,4,83,32,0,32,115
12/07/2015,LAN,MI,AGL,CE,Combined TRACON& Tower with Radar,1,26,10,3,40,0,0,0,0,0,1,26,10,3,40,0,0,0,40
12/08/2015,LAN,MI,AGL,CE,Combined TRACON& Tower with Radar,4,58,23,2,87,0,0,6,0,6,4,58,29,2,93,38,0,38,131
12/09/2015,LAN,MI,AGL,CE,Combined TRACON& Tower with Radar,4,45,19,6,74,0,1,11,4,16,4,46,30,10,90,48,0,48,138
12/10/2015,LAN,MI,AGL,CE,Combined TRACON& Tower with Radar,4,50,24,6,84,0,0,6,0,6,4,50,30,6,90,0,0,0,90
12/11/2015,LAN,MI,AGL,CE,Combined TRACON& Tower with Radar,4,49,26,2,81,0,0,24,6,30,4,49,50,8,111,60,0,60,171
12/12/2015,LAN,MI,AGL,CE,Combined TRACON& Tower with Radar,1,34,26,0,61,0,0,1,0,1,1,34,27,0,62,0,0,0,62
12/13/2015,LAN,MI,AGL,CE,Combined TRACON& Tower with Radar,0,20,12,0,32,2,0,3,0,5,2,20,15,0,37,0,0,0,37
12/14/2015,LAN,MI,AGL,CE,Combined TRACON& Tower with Radar,1,38,7,4,50,0,0,2,10,12,1,38,9,14,62,52,0,52,114
12/15/2015,LAN,MI,AGL,CE,Combined TRACON& Tower with Radar,8,47,21,5,81,0,0,7,12,19,8,47,28,17,100,0,0,0,100
12/16/2015,LAN,MI,AGL,CE,Combined TRACON& Tower with Radar,8,53,18,2,81,0,1,1,2,4,8,54,19,4,85,2,0,2,87
12/17/2015,LAN,MI,AGL,CE,Combined TRACON& Tower with Radar,8,57,28,9,102,0,3,5,1,9,8,60,33,10,111,20,0,20,131
12/18/2015,LAN,MI,AGL,CE,Combined TRACON& Tower with Radar,8,51,14,4,77,0,0,7,0,7,8,51,21,4,84,18,0,18,102
12/19/2015,LAN,MI,AGL,CE,Combined TRACON& Tower with Radar,4,32,15,0,51,0,0,12,0,12,4,32,27,0,63,0,0,0,63
12/20/2015,LAN,MI,AGL,CE,Combined TRACON& Tower with Radar,4,22,9,2,37,0,0,10,0,10,4,22,19,2,47,8,0,8,55
12/21/2015,LAN,MI,AGL,CE,Combined TRACON& Tower with Radar,2,39,17,2,60,0,0,0,0,0,2,39,17,2,60,0,0,0,60
12/22/2015,LAN,MI,AGL,CE,Combined TRACON& Tower with Radar,8,53,29,2,92,0,0,5,1,6,8,53,34,3,98,0,0,0,98
12/23/2015,LAN,MI,AGL,CE,Combined TRACON& Tower with Radar,8,51,13,0,72,0,0,0,0,0,8,51,13,0,72,0,0,0,72
12/24/2015,LAN,MI,AGL,CE,Combined TRACON& Tower with Radar,4,40,5,0,49,0,0,3,0,3,4,40,8,0,52,12,0,12,64
12/25/2015,LAN,MI,AGL,CE,Combined TRACON& Tower with Radar,5,16,9,0,30,0,0,7,0,7,5,16,16,0,37,20,0,20,57
12/26/2015,LAN,MI,AGL,CE,Combined TRACON& Tower with Radar,4,34,6,0,44,0,0,4,0,4,4,34,10,0,48,2,0,2,50
12/27/2015,LAN,MI,AGL,CE,Combined TRACON& Tower with Radar,0,14,4,2,20,0,0,3,0,3,0,14,7,2,23,4,0,4,27
12/28/2015,LAN,MI,AGL,CE,Combined TRACON& Tower with Radar,1,27,3,0,31,0,0,0,0,0,1,27,3,0,31,0,0,0,31
12/29/2015,LAN,MI,AGL,CE,Combined TRACON& Tower with Radar,18,43,8,2,71,0,0,0,0,0,18,43,8,2,71,5,0,5,76
12/30/2015,LAN,MI,AGL,CE,Combined TRACON& Tower with Radar,4,36,4,4,48,0,0,1,0,1,4,36,5,4,49,0,0,0,49
12/31/2015,LAN,MI,AGL,CE,Combined TRACON& Tower with Radar,4,34,6,0,44,0,0,1,0,1,4,34,7,0,45,0,0,0,45
01/01/2016,LAN,MI,AGL,CE,Combined TRACON& Tower with Radar,19,11,7,0,37,0,0,0,0,0,19,11,7,0,37,0,0,0,37
01/02/2016,LAN,MI,AGL,CE,Combined TRACON& Tower with Radar,4,32,13,0,49,0,0,7,0,7,4,32,20,0,56,32,0,32,88
01/03/2016,LAN,MI,AGL,CE,Combined TRACON& Tower with Radar,0,16,18,0,34,6,0,5,0,11,6,16,23,0,45,0,0,0,45
01/04/2016,LAN,MI,AGL,CE,Combined TRACON& Tower with Radar,1,44,4,0,49,0,0,4,2,6,1,44,8,2,55,10,0,10,65
01/05/2016,LAN,MI,AGL,CE,Combined TRACON& Tower with Radar,8,40,16,1,65,0,1,33,5,39,8,41,49,6,104,16,0,16,120
01/06/2016,LAN,MI,AGL,CE,Combined TRACON& Tower with Radar,8,42,10,2,62,0,0,21,7,28,8,42,31,9,90,24,0,24,114
01/07/2016,LAN,MI,AGL,CE,Combined TRACON& Tower with Radar,5,43,16,2,66,0,2,20,2,24,5,45,36,4,90,40,0,40,130
01/08/2016,LAN,MI,AGL,CE,Combined TRACON& Tower with Radar,7,39,12,0,58,0,1,1,2,4,7,40,13,2,62,0,0,0,62
01/09/2016,LAN,MI,AGL,CE,Combined TRACON& Tower with Radar,4,32,16,0,52,0,0,0,0,0,4,32,16,0,52,0,0,0,52
01/10/2016,LAN,MI,AGL,CE,Combined TRACON& Tower with Radar,13,19,10,0,42,0,0,0,0,0,13,19,10,0,42,0,0,0,42
01/11/2016,LAN,MI,AGL,CE,Combined TRACON& Tower with Radar,1,36,10,0,47,0,0,1,1,2,1,36,11,1,49,0,0,0,49
01/12/2016,LAN,MI,AGL,CE,Combined TRACON& Tower with Radar,6,47,8,2,63,0,0,1,5,6,6,47,9,7,69,6,0,6,75
01/13/2016,LAN,MI,AGL,CE,Combined TRACON& Tower with Radar,4,46,27,5,82,0,0,5,1,6,4,46,32,6,88,22,0,22,110
01/14/2016,LAN,MI,AGL,CE,Combined TRACON& Tower with Radar,3,41,16,4,64,0,0,2,0,2,3,41,18,4,66,14,0,14,80
01/15/2016,LAN,MI,AGL,CE,Combined TRACON& Tower with Radar,5,44,7,4,60,0,0,5,0,5,5,44,12,4,65,34,0,34,99
01/16/2016,LAN,MI,AGL,CE,Combined TRACON& Tower with Radar,5,25,32,0,62,0,0,10,0,10,5,25,42,0,72,22,0,22,94
01/17/2016,LAN,MI,AGL,CE,Combined TRACON& Tower with Radar,7,13,12,0,32,0,0,11,0,11,7,13,23,0,43,9,0,9,52
01/18/2016,LAN,MI,AGL,CE,Combined TRACON& Tower with Radar,3,38,11,0,52,0,0,7,0,7,3,38,18,0,59,0,0,0,59
01/19/2016,LAN,MI,AGL,CE,Combined TRACON& Tower with Radar,4,42,31,2,79,0,0,18,0,18,4,42,49,2,97,23,0,23,120
01/20/2016,LAN,MI,AGL,CE,Combined TRACON& Tower with Radar,8,42,23,6,79,0,0,2,1,3,8,42,25,7,82,0,0,0,82
01/21/2016,LAN,MI,AGL,CE,Combined TRACON& Tower with Radar,4,44,26,2,76,0,2,3,0,5,4,46,29,2,81,0,0,0,81
01/22/2016,LAN,MI,AGL,CE,Combined TRACON& Tower with Radar,8,41,17,0,66,0,0,6,2,8,8,41,23,2,74,0,0,0,74
01/23/2016,LAN,MI,AGL,CE,Combined TRACON& Tower with Radar,5,25,8,0,38,0,0,13,2,15,5,25,21,2,53,6,2,8,61
01/24/2016,LAN,MI,AGL,CE,Combined TRACON& Tower with Radar,4,22,22,0,48,0,0,17,0,17,4,22,39,0,65,15,0,15,80
01/25/2016,LAN,MI,AGL,CE,Combined TRACON& Tower with Radar,3,31,6,0,40,0,0,4,0,4,3,31,10,0,44,6,0,6,50
01/26/2016,LAN,MI,AGL,CE,Combined TRACON& Tower with Radar,5,42,14,0,61,0,0,2,4,6,5,42,16,4,67,0,0,0,67
01/27/2016,LAN,MI,AGL,CE,Combined TRACON& Tower with Radar,9,40,19,0,68,0,0,7,0,7,9,40,26,0,75,12,0,12,87
01/28/2016,LAN,MI,AGL,CE,Combined TRACON& Tower with Radar,5,43,23,0,71,0,0,2,0,2,5,43,25,0,73,4,0,4,77
01/29/2016,LAN,MI,AGL,CE,Combined TRACON& Tower with Radar,9,38,34,0,81,0,0,24,2,26,9,38,58,2,107,6,0,6,113
01/30/2016,LAN,MI,AGL,CE,Combined TRACON& Tower with Radar,5,29,26,0,60,0,0,13,0,13,5,29,39,0,73,13,0,13,86
01/31/2016,LAN,MI,AGL,CE,Combined TRACON& Tower with Radar,4,19,8,0,31,0,1,2,0,3,4,20,10,0,34,0,0,0,34
02/01/2016,LAN,MI,AGL,CE,Combined TRACON& Tower with Radar,1,34,14,0,49,4,2,11,1,18,5,36,25,1,67,0,0,0,67
02/02/2016,LAN,MI,AGL,CE,Combined TRACON& Tower with Radar,3,34,13,2,52,0,0,2,0,2,3,34,15,2,54,4,0,4,58
02/03/2016,LAN,MI,AGL,CE,Combined TRACON& Tower with Radar,5,35,12,0,52,0,0,0,7,7,5,35,12,7,59,0,0,0,59
02/04/2016,LAN,MI,AGL,CE,Combined TRACON& Tower with Radar,5,44,23,2,74,0,0,0,4,4,5,44,23,6,78,0,0,0,78
02/05/2016,LAN,MI,AGL,CE,Combined TRACON& Tower with Radar,4,38,27,3,72,0,0,16,3,19,4,38,43,6,91,18,0,18,109
02/06/2016,LAN,MI,AGL,CE,Combined TRACON& Tower with Radar,6,23,14,4,47,0,1,10,0,11,6,24,24,4,58,26,0,26,84
02/07/2016,LAN,MI,AGL,CE,Combined TRACON& Tower with Radar,3,16,10,2,31,0,0,9,0,9,3,16,19,2,40,12,0,12,52
02/08/2016,LAN,MI,AGL,CE,Combined TRACON& Tower with Radar,1,33,13,4,51,0,0,4,0,4,1,33,17,4,55,25,0,25,80
02/09/2016,LAN,MI,AGL,CE,Combined TRACON& Tower with Radar,4,45,15,4,68,0,0,0,0,0,4,45,15,4,68,0,0,0,68
02/10/2016,LAN,MI,AGL,CE,Combined TRACON& Tower with Radar,6,47,16,4,73,0,0,2,2,4,6,47,18,6,77,12,0,12,89
02/11/2016,LAN,MI,AGL,CE,Combined TRACON& Tower with Radar,5,41,42,2,90,0,2,21,2,25,5,43,63,4,115,24,0,24,139
02/12/2016,LAN,MI,AGL,CE,Combined TRACON& Tower with Radar,2,43,10,2,57,0,0,0,1,1,2,43,10,3,58,0,0,0,58
02/13/2016,LAN,MI,AGL,CE,Combined TRACON& Tower with Radar,5,30,6,0,41,0,0,8,0,8,5,30,14,0,49,0,0,0,49
02/14/2016,LAN,MI,AGL,CE,Combined TRACON& Tower with Radar,2,19,19,0,40,0,0,11,0,11,2,19,30,0,51,8,0,8,59
02/15/2016,LAN,MI,AGL,CE,Combined TRACON& Tower with Radar,1,37,8,0,46,0,0,0,0,0,1,37,8,0,46,0,0,0,46
02/16/2016,LAN,MI,AGL,CE,Combined TRACON& Tower with Radar,4,40,18,2,64,0,0,3,2,5,4,40,21,4,69,12,0,12,81
02/17/2016,LAN,MI,AGL,CE,Combined TRACON& Tower with Radar,4,39,24,4,71,0,1,14,0,15,4,40,38,4,86,20,0,20,106
02/18/2016,LAN,MI,AGL,CE,Combined TRACON& Tower with Radar,7,45,27,10,89,0,0,16,1,17,7,45,43,11,106,4,0,4,110
02/19/2016,LAN,MI,AGL,CE,Combined TRACON& Tower with Radar,11,37,11,4,63,0,0,2,0,2,11,37,13,4,65,0,0,0,65
02/20/2016,LAN,MI,AGL,CE,Combined TRACON& Tower with Radar,4,26,2,0,32,0,1,16,3,20,4,27,18,3,52,0,2,2,54
02/21/2016,LAN,MI,AGL,CE,Combined TRACON& Tower with Radar,4,24,14,4,46,0,0,17,0,17,4,24,31,4,63,56,0,56,119
02/22/2016,LAN,MI,AGL,CE,Combined TRACON& Tower with Radar,4,34,12,0,50,0,0,17,0,17,4,34,29,0,67,0,0,0,67
02/23/2016,LAN,MI,AGL,CE,Combined TRACON& Tower with Radar,4,39,29,5,77,0,0,47,2,49,4,39,76,7,126,58,2,60,186
02/24/2016,LAN,MI,AGL,CE,Combined TRACON& Tower with Radar,4,23,7,0,34,0,0,0,0,0,4,23,7,0,34,0,0,0,34
02/25/2016,LAN,MI,AGL,CE,Combined TRACON& Tower with Radar,2,43,7,0,52,0,0,2,0,2,2,43,9,0,54,0,0,0,54
02/26/2016,LAN,MI,AGL,CE,Combined TRACON& Tower with Radar,5,41,18,2,66,0,0,10,2,12,5,41,28,4,78,8,0,8,86
02/27/2016,LAN,MI,AGL,CE,Combined TRACON& Tower with Radar,6,36,10,0,52,0,0,17,0,17,6,36,27,0,69,0,0,0,69
02/28/2016,LAN,MI,AGL,CE,Combined TRACON& Tower with Radar,0,21,4,0,25,0,0,12,0,12,0,21,16,0,37,17,0,17,54
02/29/2016,LAN,MI,AGL,CE,Combined TRACON& Tower with Radar,1,32,12,2,47,0,0,11,0,11,1,32,23,2,58,8,0,8,66
03/01/2016,LAN,MI,AGL,CE,Combined TRACON& Tower with Radar,4,33,11,0,48,0,0,0,0,0,4,33,11,0,48,0,0,0,48
03/02/2016,LAN,MI,AGL,CE,Combined TRACON& Tower with Radar,3,41,21,0,65,0,0,8,3,11,3,41,29,3,76,16,0,16,92
03/03/2016,LAN,MI,AGL,CE,Combined TRACON& Tower with Radar,6,41,27,0,74,0,0,0,0,0,6,41,27,0,74,0,0,0,74
03/04/2016,LAN,MI,AGL,CE,Combined TRACON& Tower with Radar,3,47,27,2,79,0,0,30,5,35,3,47,57,7,114,22,0,22,136
03/05/2016,LAN,MI,AGL,CE,Combined TRACON& Tower with Radar,6,37,8,0,51,0,0,0,0,0,6,37,8,0,51,0,0,0,51
03/06/2016,LAN,MI,AGL,CE,Combined TRACON& Tower with Radar,2,18,4,0,24,0,1,4,4,9,2,19,8,4,33,12,0,12,45
03/07/2016,LAN,MI,AGL,CE,Combined TRACON& Tower with Radar,1,40,17,2,60,0,0,12,2,14,1,40,29,4,74,0,0,0,74
03/08/2016,LAN,MI,AGL,CE,Combined TRACON& Tower with Radar,3,38,24,2,67,0,1,17,1,19,3,39,41,3,86,16,0,16,102
03/09/2016,LAN,MI,AGL,CE,Combined TRACON& Tower with Radar,5,37,13,3,58,0,0,9,0,9,5,37,22,3,67,0,0,0,67
03/10/2016,LAN,MI,AGL,CE,Combined TRACON& Tower with Radar,4,38,21,4,67,0,0,8,0,8,4,38,29,4,75,6,0,6,81
03/11/2016,LAN,MI,AGL,CE,Combined TRACON& Tower with Radar,6,41,34,2,83,0,0,38,2,40,6,41,72,4,123,12,0,12,135
03/12/2016,LAN,MI,AGL,CE,Combined TRACON& Tower with Radar,5,34,16,0,55,0,1,20,2,23,5,35,36,2,78,6,0,6,84
03/13/2016,LAN,MI,AGL,CE,Combined TRACON& Tower with Radar,2,23,11,0,36,0,0,0,0,0,2,23,11,0,36,0,0,0,36
03/14/2016,LAN,MI,AGL,CE,Combined TRACON& Tower with Radar,1,37,20,0,58,0,0,0,0,0,1,37,20,0,58,0,0,0,58
03/15/2016,LAN,MI,AGL,CE,Combined TRACON& Tower with Radar,3,43,28,4,78,0,0,2,0,2,3,43,30,4,80,22,0,22,102
03/16/2016,LAN,MI,AGL,CE,Combined TRACON& Tower with Radar,9,41,21,0,71,0,0,4,0,4,9,41,25,0,75,0,0,0,75
03/17/2016,LAN,MI,AGL,CE,Combined TRACON& Tower with Radar,3,51,19,6,79,0,0,10,0,10,3,51,29,6,89,50,0,50,139
03/18/2016,LAN,MI,AGL,CE,Combined TRACON& Tower with Radar,3,46,22,0,71,0,1,23,3,27,3,47,45,3,98,0,0,0,98
03/19/2016,LAN,MI,AGL,CE,Combined TRACON& Tower with Radar,7,33,14,0,54,0,0,17,0,17,7,33,31,0,71,11,0,11,82
03/20/2016,LAN,MI,AGL,CE,Combined TRACON& Tower with Radar,5,21,23,0,49,0,2,37,0,39,5,23,60,0,88,30,0,30,118
03/21/2016,LAN,MI,AGL,CE,Combined TRACON& Tower with Radar,3,36,16,0,55,0,0,34,2,36,3,36,50,2,91,9,0,9,100
03/22/2016,LAN,MI,AGL,CE,Combined TRACON& Tower with Radar,3,46,13,2,64,0,4,16,4,24,3,50,29,6,88,16,0,16,104
03/23/2016,LAN,MI,AGL,CE,Combined TRACON& Tower with Radar,4,41,17,0,62,0,0,0,2,2,4,41,17,2,64,0,0,0,64
03/24/2016,LAN,MI,AGL,CE,Combined TRACON& Tower with Radar,5,37,27,0,69,0,0,0,0,0,5,37,27,0,69,0,0,0,69
03/25/2016,LAN,MI,AGL,CE,Combined TRACON& Tower with Radar,2,37,21,0,60,0,1,7,0,8,2,38,28,0,68,27,0,27,95
03/26/2016,LAN,MI,AGL,CE,Combined TRACON& Tower with Radar,5,25,20,0,50,0,0,42,1,43,5,25,62,1,93,26,0,26,119
03/27/2016,LAN,MI,AGL,CE,Combined TRACON& Tower with Radar,2,19,10,0,31,0,0,7,0,7,2,19,17,0,38,2,0,2,40
03/28/2016,LAN,MI,AGL,CE,Combined TRACON& Tower with Radar,1,34,12,0,47,4,0,2,1,7,5,34,14,1,54,0,0,0,54
03/29/2016,LAN,MI,AGL,CE,Combined TRACON& Tower with Radar,3,45,34,10,92,0,1,30,7,38,3,46,64,17,130,150,0,150,280
03/30/2016,LAN,MI,AGL,CE,Combined TRACON& Tower with Radar,4,36,30,2,72,0,0,6,0,6,4,36,36,2,78,0,0,0,78
03/31/2016,LAN,MI,AGL,CE,Combined TRACON& Tower with Radar,3,37,7,0,47,0,0,0,0,0,3,37,7,0,47,0,0,0,47
04/01/2016,LAN,MI,AGL,CE,Combined TRACON& Tower with Radar,2,39,21,14,76,0,2,9,2,13,2,41,30,16,89,51,0,51,140
04/02/2016,LAN,MI,AGL,CE,Combined TRACON& Tower with Radar,5,35,7,0,47,0,1,0,0,1,5,36,7,0,48,0,0,0,48
04/03/2016,LAN,MI,AGL,CE,Combined TRACON& Tower with Radar,2,19,17,14,52,0,0,4,0,4,2,19,21,14,56,32,0,32,88
04/04/2016,LAN,MI,AGL,CE,Combined TRACON& Tower with Radar,5,30,2,0,37,0,0,3,0,3,5,30,5,0,40,0,0,0,40
04/05/2016,LAN,MI,AGL,CE,Combined TRACON& Tower with Radar,4,43,24,2,73,0,0,25,2,27,4,43,49,4,100,66,0,66,166
04/06/2016,LAN,MI,AGL,CE,Combined TRACON& Tower with Radar,4,33,7,0,44,0,0,0,0,0,4,33,7,0,44,0,0,0,44
04/07/2016,LAN,MI,AGL,CE,Combined TRACON& Tower with Radar,6,37,8,0,51,0,0,0,0,0,6,37,8,0,51,0,0,0,51
04/08/2016,LAN,MI,AGL,CE,Combined TRACON& Tower with Radar,6,34,6,3,49,0,0,4,0,4,6,34,10,3,53,0,0,0,53
04/09/2016,LAN,MI,AGL,CE,Combined TRACON& Tower with Radar,3,30,10,0,43,0,0,7,0,7,3,30,17,0,50,0,0,0,50
04/10/2016,LAN,MI,AGL,CE,Combined TRACON& Tower with Radar,6,14,3,0,23,0,0,0,0,0,6,14,3,0,23,0,0,0,23
04/11/2016,LAN,MI,AGL,CE,Combined TRACON& Tower with Radar,5,37,24,4,70,0,2,8,0,10,5,39,32,4,80,2,0,2,82
04/12/2016,LAN,MI,AGL,CE,Combined TRACON& Tower with Radar,4,50,24,6,84,0,0,30,3,33,4,50,54,9,117,32,6,38,155
04/13/2016,LAN,MI,AGL,CE,Combined TRACON& Tower with Radar,4,43,24,10,81,0,1,24,10,35,4,44,48,20,116,34,2,36,152
04/14/2016,LAN,MI,AGL,CE,Combined TRACON& Tower with Radar,6,34,26,4,70,0,0,35,6,41,6,34,61,10,111,34,0,34,145
04/15/2016,LAN,MI,AGL,CE,Combined TRACON& Tower with Radar,6,34,28,2,70,0,0,34,6,40,6,34,62,8,110,66,0,66,176
04/16/2016,LAN,MI,AGL,CE,Combined TRACON& Tower with Radar,1,30,21,0,52,0,1,40,3,44,1,31,61,3,96,44,0,44,140
04/17/2016,LAN,MI,AGL,CE,Combined TRACON& Tower with Radar,6,16,13,2,37,0,0,15,0,15,6,16,28,2,52,23,0,23,75
04/18/2016,LAN,MI,AGL,CE,Combined TRACON& Tower with Radar,7,29,45,2,83,0,3,34,0,37,7,32,79,2,120,20,0,20,140
04/19/2016,LAN,MI,AGL,CE,Combined TRACON& Tower with Radar,4,40,33,6,83,0,1,15,6,22,4,41,48,12,105,8,0,8,113
04/20/2016,LAN,MI,AGL,CE,Combined TRACON& Tower with Radar,4,43,33,7,87,0,0,14,6,20,4,43,47,13,107,16,16,32,139
04/21/2016,LAN,MI,AGL,CE,Combined TRACON& Tower with Radar,8,38,31,4,81,0,0,3,0,3,8,38,34,4,84,0,0,0,84
04/22/2016,LAN,MI,AGL,CE,Combined TRACON& Tower with Radar,6,53,29,6,94,0,0,4,0,4,6,53,33,6,98,18,0,18,116
04/23/2016,LAN,MI,AGL,CE,Combined TRACON& Tower with Radar,1,29,18,0,48,0,1,29,1,31,1,30,47,1,79,53,0,53,132
04/24/2016,LAN,MI,AGL,CE,Combined TRACON& Tower with Radar,6,16,15,0,37,0,0,12,0,12,6,16,27,0,49,8,0,8,57
04/25/2016,LAN,MI,AGL,CE,Combined TRACON& Tower with Radar,5,37,20,2,64,0,1,8,4,13,5,38,28,6,77,0,0,0,77
04/26/2016,LAN,MI,AGL,CE,Combined TRACON& Tower with Radar,4,49,24,8,85,0,0,0,0,0,4,49,24,8,85,0,0,0,85
04/27/2016,LAN,MI,AGL,CE,Combined TRACON& Tower with Radar,3,53,21,3,80,0,2,18,1,21,3,55,39,4,101,24,0,24,125
04/28/2016,LAN,MI,AGL,CE,Combined TRACON& Tower with Radar,6,53,27,1,87,0,0,8,6,14,6,53,35,7,101,6,0,6,107
04/29/2016,LAN,MI,AGL,CE,Combined TRACON& Tower with Radar,6,52,24,0,82,0,0,8,0,8,6,52,32,0,90,36,0,36,126
04/30/2016,LAN,MI,AGL,CE,Combined TRACON& Tower with Radar,1,40,24,1,66,0,0,22,0,22,1,40,46,1,88,18,0,18,106
05/01/2016,LAN,MI,AGL,CE,Combined TRACON& Tower with Radar,3,20,18,2,43,0,0,0,0,0,3,20,18,2,43,0,0,0,43
05/02/2016,LAN,MI,AGL,CE,Combined TRACON& Tower with Radar,7,27,22,5,61,0,0,19,1,20,7,27,41,6,81,0,0,0,81
05/03/2016,LAN,MI,AGL,CE,Combined TRACON& Tower with Radar,6,44,27,13,90,0,1,21,1,23,6,45,48,14,113,6,0,6,119
05/04/2016,LAN,MI,AGL,CE,Combined TRACON& Tower with Radar,5,49,24,2,80,0,0,0,0,0,5,49,24,2,80,0,0,0,80
05/05/2016,LAN,MI,AGL,CE,Combined TRACON& Tower with Radar,7,58,24,5,94,0,0,8,5,13,7,58,32,10,107,28,6,34,141
05/06/2016,LAN,MI,AGL,CE,Combined TRACON& Tower with Radar,7,54,25,6,92,0,1,37,1,39,7,55,62,7,131,43,0,43,174
05/07/2016,LAN,MI,AGL,CE,Combined TRACON& Tower with Radar,6,23,11,0,40,0,1,17,0,18,6,24,28,0,58,12,0,12,70
05/08/2016,LAN,MI,AGL,CE,Combined TRACON& Tower with Radar,2,22,17,0,41,0,0,5,1,6,2,22,22,1,47,0,0,0,47
05/09/2016,LAN,MI,AGL,CE,Combined TRACON& Tower with Radar,4,37,25,2,68,0,0,26,6,32,4,37,51,8,100,30,0,30,130
05/10/2016,LAN,MI,AGL,CE,Combined TRACON& Tower with Radar,6,45,31,4,86,0,0,2,4,6,6,45,33,8,92,0,0,0,92
05/11/2016,LAN,MI,AGL,CE,Combined TRACON& Tower with Radar,6,54,24,6,90,0,2,7,0,9,6,56,31,6,99,6,0,6,105
05/12/2016,LAN,MI,AGL,CE,Combined TRACON& Tower with Radar,6,55,30,6,97,0,0,4,0,4,6,55,34,6,101,8,0,8,109
05/13/2016,LAN,MI,AGL,CE,Combined TRACON& Tower with Radar,6,60,36,4,106,0,0,31,0,31,6,60,67,4,137,16,0,16,153
05/14/2016,LAN,MI,AGL,CE,Combined TRACON& Tower with Radar,2,27,8,2,39,0,0,7,1,8,2,27,15,3,47,27,0,27,74
05/15/2016,LAN,MI,AGL,CE,Combined TRACON& Tower with Radar,3,21,18,6,48,0,0,11,0,11,3,21,29,6,59,4,0,4,63
05/16/2016,LAN,MI,AGL,CE,Combined TRACON& Tower with Radar,6,33,16,0,55,0,1,17,3,21,6,34,33,3,76,0,0,0,76
05/17/2016,LAN,MI,AGL,CE,Combined TRACON& Tower with Radar,6,35,24,8,73,0,6,24,5,35,6,41,48,13,108,34,1,35,143
05/18/2016,LAN,MI,AGL,CE,Combined TRACON& Tower with Radar,6,42,28,2,78,0,1,23,0,24,6,43,51,2,102,28,0,28,130
05/19/2016,LAN,MI,AGL,CE,Combined TRACON& Tower with Radar,6,37,22,3,68,0,0,19,1,20,6,37,41,4,88,22,0,22,110
05/20/2016,LAN,MI,AGL,CE,Combined TRACON& Tower with Radar,6,36,27,6,75,0,1,27,0,28,6,37,54,6,103,46,0,46,149
05/21/2016,LAN,MI,AGL,CE,Combined TRACON& Tower with Radar,5,28,9,0,42,0,0,38,1,39,5,28,47,1,81,11,0,11,92
05/22/2016,LAN,MI,AGL,CE,Combined TRACON& Tower with Radar,2,16,22,2,42,0,2,13,0,15,2,18,35,2,57,0,0,0,57
05/23/2016,LAN,MI,AGL,CE,Combined TRACON& Tower with Radar,5,40,25,4,74,0,0,17,1,18,5,40,42,5,92,6,0,6,98
05/24/2016,LAN,MI,AGL,CE,Combined TRACON& Tower with Radar,8,38,32,2,80,0,0,22,1,23,8,38,54,3,103,6,0,6,109
05/25/2016,LAN,MI,AGL,CE,Combined TRACON& Tower with Radar,6,42,24,4,76,0,0,15,4,19,6,42,39,8,95,12,0,12,107
05/26/2016,LAN,MI,AGL,CE,Combined TRACON& Tower with Radar,6,40,12,5,63,0,1,8,3,12,6,41,20,8,75,33,0,33,108
05/27/2016,LAN,MI,AGL,CE,Combined TRACON& Tower with Radar,8,38,23,4,73,0,0,5,3,8,8,38,28,7,81,4,0,4,85
05/28/2016,LAN,MI,AGL,CE,Combined TRACON& Tower with Radar,3,26,6,0,35,0,0,2,4,6,3,26,8,4,41,0,0,0,41
05/29/2016,LAN,MI,AGL,CE,Combined TRACON& Tower with Radar,4,10,19,0,33,0,0,12,2,14,4,10,31,2,47,8,0,8,55
05/30/2016,LAN,MI,AGL,CE,Combined TRACON& Tower with Radar,5,18,15,0,38,0,2,34,0,36,5,20,49,0,74,8,0,8,82
05/31/2016,LAN,MI,AGL,CE,Combined TRACON& Tower with Radar,8,39,17,4,68,0,1,34,6,41,8,40,51,10,109,12,0,12,121
06/01/2016,LAN,MI,AGL,CE,Combined TRACON& Tower with Radar,8,40,31,0,79,0,0,8,2,10,8,40,39,2,89,4,0,4,93
06/02/2016,LAN,MI,AGL,CE,Combined TRACON& Tower with Radar,7,36,24,4,71,0,0,25,3,28,7,36,49,7,99,42,0,42,141
06/03/2016,LAN,MI,AGL,CE,Combined TRACON& Tower with Radar,8,38,30,2,78,0,0,12,0,12,8,38,42,2,90,18,0,18,108
06/04/2016,LAN,MI,AGL,CE,Combined TRACON& Tower with Radar,4,29,10,0,43,0,0,11,1,12,4,29,21,1,55,0,0,0,55
06/05/2016,LAN,MI,AGL,CE,Combined TRACON& Tower with Radar,3,16,6,0,25,0,0,6,2,8,3,16,12,2,33,0,0,0,33
06/06/2016,LAN,MI,AGL,CE,Combined TRACON& Tower with Radar,5,30,17,4,56,0,0,14,2,16,5,30,31,6,72,18,0,18,90
06/07/2016,LAN,MI,AGL,CE,Combined TRACON& Tower with Radar,6,37,41,2,86,0,0,7,2,9,6,37,48,4,95,51,0,51,146
06/08/2016,LAN,MI,AGL,CE,Combined TRACON& Tower with Radar,11,35,33,5,84,0,0,16,4,20,11,35,49,9,104,0,0,0,104
06/09/2016,LAN,MI,AGL,CE,Combined TRACON& Tower with Radar,4,43,21,4,72,0,0,25,2,27,4,43,46,6,99,0,0,0,99
06/10/2016,LAN,MI,AGL,CE,Combined TRACON& Tower with Radar,4,42,20,2,68,0,1,17,0,18,4,43,37,2,86,0,0,0,86
06/11/2016,LAN,MI,AGL,CE,Combined TRACON& Tower with Radar,4,32,13,0,49,0,4,13,1,18,4,36,26,1,67,26,0,26,93
06/12/2016,LAN,MI,AGL,CE,Combined TRACON& Tower with Radar,1,20,11,0,32,0,1,20,1,22,1,21,31,1,54,0,0,0,54
06/13/2016,LAN,MI,AGL,CE,Combined TRACON& Tower with Radar,3,32,28,2,65,0,1,54,2,57,3,33,82,4,122,0,0,0,122
06/14/2016,LAN,MI,AGL,CE,Combined TRACON& Tower with Radar,6,42,28,2,78,0,1,12,3,16,6,43,40,5,94,24,0,24,118
06/15/2016,LAN,MI,AGL,CE,Combined TRACON& Tower with Radar,4,47,26,8,85,0,0,15,0,15,4,47,41,8,100,7,0,7,107
06/16/2016,LAN,MI,AGL,CE,Combined TRACON& Tower with Radar,4,42,33,3,82,0,0,0,5,5,4,42,33,8,87,2,0,2,89
06/17/2016,LAN,MI,AGL,CE,Combined TRACON& Tower with Radar,4,47,31,2,84,0,0,23,4,27,4,47,54,6,111,10,0,10,121
06/18/2016,LAN,MI,AGL,CE,Combined TRACON& Tower with Radar,6,27,5,0,38,0,0,22,0,22,6,27,27,0,60,38,0,38,98
06/19/2016,LAN,MI,AGL,CE,Combined TRACON& Tower with Radar,1,25,8,0,34,0,0,16,1,17,1,25,24,1,51,0,0,0,51
06/20/2016,LAN,MI,AGL,CE,Combined TRACON& Tower with Radar,3,37,23,2,65,0,0,14,1,15,3,37,37,3,80,20,0,20,100
06/21/2016,LAN,MI,AGL,CE,Combined TRACON& Tower with Radar,6,39,34,7,86,0,0,27,5,32,6,39,61,12,118,23,0,23,141
06/22/2016,LAN,MI,AGL,CE,Combined TRACON& Tower with Radar,4,46,23,6,79,0,4,22,2,28,4,50,45,8,107,32,0,32,139
06/23/2016,LAN,MI,AGL,CE,Combined TRACON& Tower with Radar,4,45,35,4,88,0,0,16,3,19,4,45,51,7,107,4,0,4,111
06/24/2016,LAN,MI,AGL,CE,Combined TRACON& Tower with Radar,4,43,30,2,79,0,0,31,2,33,4,43,61,4,112,8,0,8,120
06/25/2016,LAN,MI,AGL,CE,Combined TRACON& Tower with Radar,4,32,17,2,55,0,2,17,6,25,4,34,34,8,80,20,0,20,100
06/26/2016,LAN,MI,AGL,CE,Combined TRACON& Tower with Radar,1,23,13,0,37,0,0,7,0,7,1,23,20,0,44,0,0,0,44
06/27/2016,LAN,MI,AGL,CE,Combined TRACON& Tower with Radar,3,34,22,2,61,0,0,15,0,15,3,34,37,2,76,12,0,12,88
06/28/2016,LAN,MI,AGL,CE,Combined TRACON& Tower with Radar,6,45,38,2,91,0,0,12,0,12,6,45,50,2,103,58,0,58,161
06/29/2016,LAN,MI,AGL,CE,Combined TRACON& Tower with Radar,6,39,27,7,79,0,0,40,2,42,6,39,67,9,121,8,0,8,129
06/30/2016,LAN,MI,AGL,CE,Combined TRACON& Tower with Radar,4,50,22,4,80,0,5,26,2,33,4,55,48,6,113,22,0,22,135
07/01/2016,LAN,MI,AGL,CE,Combined TRACON& Tower with Radar,11,42,15,2,70,0,2,14,0,16,11,44,29,2,86,14,0,14,100
07/02/2016,LAN,MI,AGL,CE,Combined TRACON& Tower with Radar,3,28,2,1,34,0,1,15,0,16,3,29,17,1,50,14,0,14,64
07/03/2016,LAN,MI,AGL,CE,Combined TRACON& Tower with Radar,0,14,8,0,22,0,0,21,0,21,0,14,29,0,43,10,0,10,53
07/04/2016,LAN,MI,AGL,CE,Combined TRACON& Tower with Radar,2,17,1,0,20,0,2,15,2,19,2,19,16,2,39,0,0,0,39
07/05/2016,LAN,MI,AGL,CE,Combined TRACON& Tower with Radar,10,33,29,0,72,0,0,20,1,21,10,33,49,1,93,0,0,0,93
07/06/2016,LAN,MI,AGL,CE,Combined TRACON& Tower with Radar,13,34,23,2,72,0,0,21,4,25,13,34,44,6,97,12,0,12,109
07/07/2016,LAN,MI,AGL,CE,Combined TRACON& Tower with Radar,12,31,22,2,67,0,0,5,0,5,12,31,27,2,72,28,8,36,108
07/08/2016,LAN,MI,AGL,CE,Combined TRACON& Tower with Radar,12,33,13,0,58,0,0,11,0,11,12,33,24,0,69,28,0,28,97
07/09/2016,LAN,MI,AGL,CE,Combined TRACON& Tower with Radar,7,24,23,0,54,0,0,9,1,10,7,24,32,1,64,8,0,8,72
07/10/2016,LAN,MI,AGL,CE,Combined TRACON& Tower with Radar,6,14,4,2,26,0,0,19,0,19,6,14,23,2,45,0,0,0,45
07/11/2016,LAN,MI,AGL,CE,Combined TRACON& Tower with Radar,11,31,22,1,65,0,0,4,0,4,11,31,26,1,69,6,0,6,75
07/12/2016,LAN,MI,AGL,CE,Combined TRACON& Tower with Radar,12,35,15,3,65,0,0,16,6,22,12,35,31,9,87,0,0,0,87
07/13/2016,LAN,MI,AGL,CE,Combined TRACON& Tower with Radar,10,35,24,6,75,0,3,22,2,27,10,38,46,8,102,7,0,7,109
07/14/2016,LAN,MI,AGL,CE,Combined TRACON& Tower with Radar,15,44,35,5,99,0,0,6,5,11,15,44,41,10,110,0,0,0,110
07/15/2016,LAN,MI,AGL,CE,Combined TRACON& Tower with Radar,14,34,32,2,82,0,0,6,6,12,14,34,38,8,94,0,0,0,94
07/16/2016,LAN,MI,AGL,CE,Combined TRACON& Tower with Radar,6,25,9,2,42,0,1,16,1,18,6,26,25,3,60,0,0,0,60
07/17/2016,LAN,MI,AGL,CE,Combined TRACON& Tower with Radar,4,20,15,2,41,0,0,13,0,13,4,20,28,2,54,29,0,29,83
07/18/2016,LAN,MI,AGL,CE,Combined TRACON& Tower with Radar,9,31,32,1,73,0,1,18,2,21,9,32,50,3,94,10,0,10,104
07/19/2016,LAN,MI,AGL,CE,Combined TRACON& Tower with Radar,12,40,19,6,77,0,0,28,4,32,12,40,47,10,109,8,0,8,117
07/20/2016,LAN,MI,AGL,CE,Combined TRACON& Tower with Radar,10,44,18,1,73,0,1,20,3,24,10,45,38,4,97,10,0,10,107
07/21/2016,LAN,MI,AGL,CE,Combined TRACON& Tower with Radar,12,35,35,0,82,0,5,16,0,21,12,40,51,0,103,6,0,6,109
07/22/2016,LAN,MI,AGL,CE,Combined TRACON& Tower with Radar,10,40,31,1,82,0,2,21,0,23,10,42,52,1,105,10,0,10,115
07/23/2016,LAN,MI,AGL,CE,Combined TRACON& Tower with Radar,5,33,23,0,61,0,1,22,0,23,5,34,45,0,84,45,0,45,129
07/24/2016,LAN,MI,AGL,CE,Combined TRACON& Tower with Radar,4,20,13,0,37,0,0,2,0,2,4,20,15,0,39,0,0,0,39
07/25/2016,LAN,MI,AGL,CE,Combined TRACON& Tower with Radar,9,31,32,2,74,0,2,17,1,20,9,33,49,3,94,0,0,0,94
07/26/2016,LAN,MI,AGL,CE,Combined TRACON& Tower with Radar,10,38,29,1,78,0,3,23,4,30,10,41,52,5,108,0,0,0,108
07/27/2016,LAN,MI,AGL,CE,Combined TRACON& Tower with Radar,10,36,25,7,78,0,0,23,1,24,10,36,48,8,102,6,0,6,108
07/28/2016,LAN,MI,AGL,CE,Combined TRACON& Tower with Radar,10,38,20,2,70,0,2,11,4,17,10,40,31,6,87,18,0,18,105
07/29/2016,LAN,MI,AGL,CE,Combined TRACON& Tower with Radar,10,41,24,3,78,0,2,10,2,14,10,43,34,5,92,0,0,0,92
07/30/2016,LAN,MI,AGL,CE,Combined TRACON& Tower with Radar,4,29,11,0,44,0,2,5,2,9,4,31,16,2,53,10,0,10,63
07/31/2016,LAN,MI,AGL,CE,Combined TRACON& Tower with Radar,3,20,20,0,43,0,1,12,1,14,3,21,32,1,57,4,0,4,61
08/01/2016,LAN,MI,AGL,CE,Combined TRACON& Tower with Radar,7,41,29,4,81,0,5,20,2,27,7,46,49,6,108,0,0,0,108
08/02/2016,LAN,MI,AGL,CE,Combined TRACON& Tower with Radar,10,47,28,9,94,0,2,27,6,35,10,49,55,15,129,0,0,0,129
08/03/2016,LAN,MI,AGL,CE,Combined TRACON& Tower with Radar,10,45,33,2,90,0,4,16,0,20,10,49,49,2,110,22,0,22,132
08/04/2016,LAN,MI,AGL,CE,Combined TRACON& Tower with Radar,10,36,17,2,65,0,0,18,8,26,10,36,35,10,91,0,0,0,91
08/05/2016,LAN,MI,AGL,CE,Combined TRACON& Tower with Radar,10,40,12,0,62,0,0,8,8,16,10,40,20,8,78,0,0,0,78
08/06/2016,LAN,MI,AGL,CE,Combined TRACON& Tower with Radar,5,26,16,0,47,0,0,29,2,31,5,26,45,2,78,11,0,11,89
08/07/2016,LAN,MI,AGL,CE,Combined TRACON& Tower with Radar,4,16,12,0,32,0,0,14,1,15,4,16,26,1,47,0,0,0,47
08/08/2016,LAN,MI,AGL,CE,Combined TRACON& Tower with Radar,5,33,33,2,73,0,0,17,3,20,5,33,50,5,93,6,0,6,99
08/09/2016,LAN,MI,AGL,CE,Combined TRACON& Tower with Radar,10,35,23,2,70,0,0,23,3,26,10,35,46,5,96,24,0,24,120
08/10/2016,LAN,MI,AGL,CE,Combined TRACON& Tower with Radar,10,35,22,6,73,0,2,12,4,18,10,37,34,10,91,0,0,0,91
08/11/2016,LAN,MI,AGL,CE,Combined TRACON& Tower with Radar,10,42,36,1,89,0,0,9,0,9,10,42,45,1,98,8,0,8,106
08/12/2016,LAN,MI,AGL,CE,Combined TRACON& Tower with Radar,11,42,17,3,73,0,1,11,1,13,11,43,28,4,86,0,0,0,86
08/13/2016,LAN,MI,AGL,CE,Combined TRACON& Tower with Radar,5,26,4,0,35,0,0,1,0,1,5,26,5,0,36,0,0,0,36
08/14/2016,LAN,MI,AGL,CE,Combined TRACON& Tower with Radar,5,16,50,4,75,0,0,14,0,14,5,16,64,4,89,18,0,18,107
08/15/2016,LAN,MI,AGL,CE,Combined TRACON& Tower with Radar,9,32,32,4,77,0,0,2,1,3,9,32,34,5,80,6,0,6,86
08/16/2016,LAN,MI,AGL,CE,Combined TRACON& Tower with Radar,8,38,26,4,76,0,1,10,1,12,8,39,36,5,88,0,0,0,88
08/17/2016,LAN,MI,AGL,CE,Combined TRACON& Tower with Radar,10,36,30,2,78,0,0,6,3,9,10,36,36,5,87,16,0,16,103
08/18/2016,LAN,MI,AGL,CE,Combined TRACON& Tower with Radar,10,35,26,4,75,0,1,21,4,26,10,36,47,8,101,22,0,22,123
08/19/2016,LAN,MI,AGL,CE,Combined TRACON& Tower with Radar,10,37,31,2,80,0,3,17,7,27,10,40,48,9,107,8,8,16,123
08/20/2016,LAN,MI,AGL,CE,Combined TRACON& Tower with Radar,7,32,5,2,46,0,0,9,3,12,7,32,14,5,58,0,0,0,58
08/21/2016,LAN,MI,AGL,CE,Combined TRACON& Tower with Radar,4,20,4,0,28,0,0,10,2,12,4,20,14,2,40,0,0,0,40
08/22/2016,LAN,MI,AGL,CE,Combined TRACON& Tower with Radar,8,36,21,3,68,0,0,19,2,21,8,36,40,5,89,18,0,18,107
08/23/2016,LAN,MI,AGL,CE,Combined TRACON& Tower with Radar,11,46,22,2,81,0,1,16,3,20,11,47,38,5,101,10,0,10,111
08/24/2016,LAN,MI,AGL,CE,Combined TRACON& Tower with Radar,14,44,29,4,91,0,0,6,0,6,14,44,35,4,97,0,0,0,97
08/25/2016,LAN,MI,AGL,CE,Combined TRACON& Tower with Radar,12,48,22,4,86,0,0,6,1,7,12,48,28,5,93,0,0,0,93
08/26/2016,LAN,MI,AGL,CE,Combined TRACON& Tower with Radar,11,45,23,2,81,0,0,31,5,36,11,45,54,7,117,0,0,0,117
08/27/2016,LAN,MI,AGL,CE,Combined TRACON& Tower with Radar,8,24,12,0,44,0,0,7,2,9,8,24,19,2,53,0,0,0,53
08/28/2016,LAN,MI,AGL,CE,Combined TRACON& Tower with Radar,6,23,14,1,44,0,0,11,1,12,6,23,25,2,56,0,0,0,56
08/29/2016,LAN,MI,AGL,CE,Combined TRACON& Tower with Radar,10,35,14,1,60,0,0,12,2,14,10,35,26,3,74,38,0,38,112
08/30/2016,LAN,MI,AGL,CE,Combined TRACON& Tower with Radar,11,41,25,8,85,0,0,15,2,17,11,41,40,10,102,36,0,36,138
08/31/2016,LAN,MI,AGL,CE,Combined TRACON& Tower with Radar,13,44,17,7,81,0,1,10,8,19,13,45,27,15,100,8,0,8,108
09/01/2016,LAN,MI,AGL,CE,Combined TRACON& Tower with Radar,11,51,26,0,88,0,0,6,2,8,11,51,32,2,96,16,0,16,112
09/02/2016,LAN,MI,AGL,CE,Combined TRACON& Tower with Radar,12,45,17,0,74,0,1,25,4,30,12,46,42,4,104,7,0,7,111
09/03/2016,LAN,MI,AGL,CE,Combined TRACON& Tower with Radar,6,27,11,0,44,0,0,24,1,25,6,27,35,1,69,6,0,6,75
09/04/2016,LAN,MI,AGL,CE,Combined TRACON& Tower with Radar,4,12,14,1,31,0,0,17,0,17,4,12,31,1,48,0,0,0,48
09/05/2016,LAN,MI,AGL,CE,Combined TRACON& Tower with Radar,5,25,12,0,42,0,2,16,2,20,5,27,28,2,62,16,0,16,78
09/06/2016,LAN,MI,AGL,CE,Combined TRACON& Tower with Radar,10,47,24,8,89,0,3,15,6,24,10,50,39,14,113,14,0,14,127
09/07/2016,LAN,MI,AGL,CE,Combined TRACON& Tower with Radar,12,40,23,2,77,0,0,2,1,3,12,40,25,3,80,8,0,8,88
09/08/2016,LAN,MI,AGL,CE,Combined TRACON& Tower with Radar,10,58,27,2,97,0,1,1,3,5,10,59,28,5,102,0,0,0,102
09/09/2016,LAN,MI,AGL,CE,Combined TRACON& Tower with Radar,11,44,33,4,92,0,0,9,2,11,11,44,42,6,103,10,0,10,113
09/10/2016,LAN,MI,AGL,CE,Combined TRACON& Tower with Radar,8,27,3,0,38,0,0,0,0,0,8,27,3,0,38,0,0,0,38
09/11/2016,LAN,MI,AGL,CE,Combined TRACON& Tower with Radar,3,30,16,4,53,0,1,25,1,27,3,31,41,5,80,0,0,0,80
09/12/2016,LAN,MI,AGL,CE,Combined TRACON& Tower with Radar,7,44,24,2,77,0,0,35,4,39,7,44,59,6,116,36,0,36,152
09/13/2016,LAN,MI,AGL,CE,Combined TRACON& Tower with Radar,10,55,22,6,93,0,0,25,11,36,10,55,47,17,129,10,0,10,139
09/14/2016,LAN,MI,AGL,CE,Combined TRACON& Tower with Radar,10,51,20,2,83,0,1,13,2,16,10,52,33,4,99,0,0,0,99
09/15/2016,LAN,MI,AGL,CE,Combined TRACON& Tower with Radar,9,49,23,4,85,0,1,26,5,32,9,50,49,9,117,26,0,26,143
09/16/2016,LAN,MI,AGL,CE,Combined TRACON& Tower with Radar,10,47,27,0,84,0,0,29,0,29,10,47,56,0,113,14,0,14,127
09/17/2016,LAN,MI,AGL,CE,Combined TRACON& Tower with Radar,4,32,9,2,47,0,0,6,0,6,4,32,15,2,53,10,0,10,63
09/18/2016,LAN,MI,AGL,CE,Combined TRACON& Tower with Radar,3,29,26,0,58,0,0,24,2,26,3,29,50,2,84,14,0,14,98
09/19/2016,LAN,MI,AGL,CE,Combined TRACON& Tower with Radar,7,36,22,4,69,0,2,21,9,32,7,38,43,13,101,6,0,6,107
09/20/2016,LAN,MI,AGL,CE,Combined TRACON& Tower with Radar,10,48,19,3,80,0,0,19,2,21,10,48,38,5,101,29,0,29,130
09/21/2016,LAN,MI,AGL,CE,Combined TRACON& Tower with Radar,10,47,21,2,80,0,1,5,4,10,10,48,26,6,90,4,0,4,94
09/22/2016,LAN,MI,AGL,CE,Combined TRACON& Tower with Radar,8,62,51,4,125,0,0,14,4,18,8,62,65,8,143,10,0,10,153
09/23/2016,LAN,MI,AGL,CE,Combined TRACON& Tower with Radar,13,49,39,4,105,0,0,2,4,6,13,49,41,8,111,0,0,0,111
09/24/2016,LAN,MI,AGL,CE,Combined TRACON& Tower with Radar,7,40,38,4,89,0,4,20,6,30,7,44,58,10,119,0,0,0,119
09/25/2016,LAN,MI,AGL,CE,Combined TRACON& Tower with Radar,3,26,25,0,54,0,2,17,0,19,3,28,42,0,73,12,0,12,85
09/26/2016,LAN,MI,AGL,CE,Combined TRACON& Tower with Radar,9,43,10,0,62,0,0,9,3,12,9,43,19,3,74,0,0,0,74
09/27/2016,LAN,MI,AGL,CE,Combined TRACON& Tower with Radar,14,45,45,4,108,0,0,19,4,23,14,45,64,8,131,0,0,0,131
09/28/2016,LAN,MI,AGL,CE,Combined TRACON& Tower with Radar,11,50,29,11,101,0,4,8,8,20,11,54,37,19,121,8,0,8,129
09/29/2016,LAN,MI,AGL,CE,Combined TRACON& Tower with Radar,11,44,25,2,82,0,0,2,1,3,11,44,27,3,85,0,0,0,85
09/30/2016,LAN,MI,AGL,CE,Combined TRACON& Tower with Radar,11,49,13,6,79,0,0,0,0,0,11,49,13,6,79,0,0,0,79
10/01/2016,LAN,MI,AGL,CE,Combined TRACON& Tower with Radar,4,29,6,0,39,0,0,2,1,3,4,29,8,1,42,0,0,0,42
10/02/2016,LAN,MI,AGL,CE,Combined TRACON& Tower with Radar,7,27,18,0,52,0,0,5,1,6,7,27,23,1,58,6,0,6,64
10/03/2016,LAN,MI,AGL,CE,Combined TRACON& Tower with Radar,7,41,28,2,78,0,0,0,1,1,7,41,28,3,79,0,0,0,79
10/04/2016,LAN,MI,AGL,CE,Combined TRACON& Tower with Radar,10,44,17,0,71,0,0,13,4,17,10,44,30,4,88,2,0,2,90
10/05/2016,LAN,MI,AGL,CE,Combined TRACON& Tower with Radar,10,43,34,2,89,0,1,20,3,24,10,44,54,5,113,0,0,0,113
10/06/2016,LAN,MI,AGL,CE,Combined TRACON& Tower with Radar,10,46,30,0,86,0,0,12,4,16,10,46,42,4,102,0,0,0,102
10/07/2016,LAN,MI,AGL,CE,Combined TRACON& Tower with Radar,10,44,38,2,94,0,0,11,7,18,10,44,49,9,112,0,0,0,112
10/08/2016,LAN,MI,AGL,CE,Combined TRACON& Tower with Radar,6,31,16,0,53,0,0,14,0,14,6,31,30,0,67,0,0,0,67
10/09/2016,LAN,MI,AGL,CE,Combined TRACON& Tower with Radar,6,23,13,2,44,0,0,28,0,28,6,23,41,2,72,10,0,10,82
10/10/2016,LAN,MI,AGL,CE,Combined TRACON& Tower with Radar,9,38,22,0,69,0,1,24,2,27,9,39,46,2,96,6,0,6,102
10/11/2016,LAN,MI,AGL,CE,Combined TRACON& Tower with Radar,10,44,44,8,106,0,1,9,2,12,10,45,53,10,118,0,0,0,118
10/12/2016,LAN,MI,AGL,CE,Combined TRACON& Tower with Radar,10,47,26,8,91,0,0,9,8,17,10,47,35,16,108,16,0,16,124
10/13/2016,LAN,MI,AGL,CE,Combined TRACON& Tower with Radar,7,53,46,8,114,0,0,20,4,24,7,53,66,12,138,1,0,1,139
10/14/2016,LAN,MI,AGL,CE,Combined TRACON& Tower with Radar,10,56,28,4,98,0,1,26,4,31,10,57,54,8,129,0,0,0,129
10/15/2016,LAN,MI,AGL,CE,Combined TRACON& Tower with Radar,4,46,17,7,74,0,1,6,2,9,4,47,23,9,83,5,0,5,88
10/16/2016,LAN,MI,AGL,CE,Combined TRACON& Tower with Radar,5,27,12,0,44,0,0,2,2,4,5,27,14,2,48,0,0,0,48
10/17/2016,LAN,MI,AGL,CE,Combined TRACON& Tower with Radar,7,40,17,2,66,0,0,6,2,8,7,40,23,4,74,12,0,12,86
10/18/2016,LAN,MI,AGL,CE,Combined TRACON& Tower with Radar,10,42,22,5,79,0,0,3,2,5,10,42,25,7,84,6,0,6,90
10/19/2016,LAN,MI,AGL,CE,Combined TRACON& Tower with Radar,10,44,32,7,93,0,0,17,24,41,10,44,49,31,134,18,4,22,156
10/20/2016,LAN,MI,AGL,CE,Combined TRACON& Tower with Radar,9,48,26,0,83,0,0,5,6,11,9,48,31,6,94,0,0,0,94
10/21/2016,LAN,MI,AGL,CE,Combined TRACON& Tower with Radar,10,50,17,2,79,0,1,19,2,22,10,51,36,4,101,0,0,0,101
10/22/2016,LAN,MI,AGL,CE,Combined TRACON& Tower with Radar,5,29,20,0,54,0,0,15,5,20,5,29,35,5,74,18,0,18,92
10/23/2016,LAN,MI,AGL,CE,Combined TRACON& Tower with Radar,8,24,19,2,53,0,0,18,0,18,8,24,37,2,71,22,0,22,93
10/24/2016,LAN,MI,AGL,CE,Combined TRACON& Tower with Radar,7,39,22,4,72,0,0,18,0,18,7,39,40,4,90,27,0,27,117
10/25/2016,LAN,MI,AGL,CE,Combined TRACON& Tower with Radar,11,47,30,4,92,0,2,23,1,26,11,49,53,5,118,11,0,11,129
10/26/2016,LAN,MI,AGL,CE,Combined TRACON& Tower with Radar,10,45,17,4,76,0,0,0,3,3,10,45,17,7,79,0,0,0,79
10/27/2016,LAN,MI,AGL,CE,Combined TRACON& Tower with Radar,14,43,23,2,82,0,0,0,0,0,14,43,23,2,82,4,0,4,86
10/28/2016,LAN,MI,AGL,CE,Combined TRACON& Tower with Radar,13,46,36,6,101,0,0,19,0,19,13,46,55,6,120,4,0,4,124
10/29/2016,LAN,MI,AGL,CE,Combined TRACON& Tower with Radar,6,41,18,0,65,0,0,9,2,11,6,41,27,2,76,0,0,0,76
10/30/2016,LAN,MI,AGL,CE,Combined TRACON& Tower with Radar,8,19,18,0,45,0,1,2,4,7,8,20,20,4,52,2,0,2,54
10/31/2016,LAN,MI,AGL,CE,Combined TRACON& Tower with Radar,7,33,16,0,56,0,0,21,4,25,7,33,37,4,81,14,0,14,95
11/01/2016,LAN,MI,AGL,CE,Combined TRACON& Tower with Radar,12,43,38,2,95,0,2,20,3,25,12,45,58,5,120,12,0,12,132
11/02/2016,LAN,MI,AGL,CE,Combined TRACON& Tower with Radar,10,54,23,3,90,0,0,2,0,2,10,54,25,3,92,0,0,0,92
11/03/2016,LAN,MI,AGL,CE,Combined TRACON& Tower with Radar,12,40,16,4,72,0,0,9,0,9,12,40,25,4,81,0,0,0,81
11/04/2016,LAN,MI,AGL,CE,Combined TRACON& Tower with Radar,15,44,35,2,96,0,0,28,7,35,15,44,63,9,131,4,0,4,135
11/05/2016,LAN,MI,AGL,CE,Combined TRACON& Tower with Radar,8,27,25,2,62,0,0,39,6,45,8,27,64,8,107,14,0,14,121
11/06/2016,LAN,MI,AGL,CE,Combined TRACON& Tower with Radar,4,20,26,0,50,0,0,19,0,19,4,20,45,0,69,0,0,0,69
11/07/2016,LAN,MI,AGL,CE,Combined TRACON& Tower with Radar,5,34,22,0,61,0,0,15,0,15,5,34,37,0,76,24,0,24,100
11/08/2016,LAN,MI,AGL,CE,Combined TRACON& Tower with Radar,8,42,21,21,92,0,0,4,0,4,8,42,25,21,96,12,1,13,109
11/09/2016,LAN,MI,AGL,CE,Combined TRACON& Tower with Radar,8,52,46,6,112,0,0,18,0,18,8,52,64,6,130,0,0,0,130
11/10/2016,LAN,MI,AGL,CE,Combined TRACON& Tower with Radar,8,48,20,10,86,0,0,10,0,10,8,48,30,10,96,3,4,7,103
11/11/2016,LAN,MI,AGL,CE,Combined TRACON& Tower with Radar,10,48,24,3,85,0,0,5,0,5,10,48,29,3,90,12,0,12,102
11/12/2016,LAN,MI,AGL,CE,Combined TRACON& Tower with Radar,6,35,18,1,60,0,3,22,0,25,6,38,40,1,85,0,0,0,85
11/13/2016,LAN,MI,AGL,CE,Combined TRACON& Tower with Radar,4,28,21,1,54,0,0,9,0,9,4,28,30,1,63,14,0,14,77
11/14/2016,LAN,MI,AGL,CE,Combined TRACON& Tower with Radar,6,44,21,4,75,0,2,9,0,11,6,46,30,4,86,0,0,0,86
11/15/2016,LAN,MI,AGL,CE,Combined TRACON& Tower with Radar,8,49,16,10,83,0,0,4,0,4,8,49,20,10,87,0,0,0,87
11/16/2016,LAN,MI,AGL,CE,Combined TRACON& Tower with Radar,9,45,45,17,116,0,0,7,8,15,9,45,52,25,131,0,0,0,131
11/17/2016,LAN,MI,AGL,CE,Combined TRACON& Tower with Radar,8,50,32,6,96,0,1,20,0,21,8,51,52,6,117,2,0,2,119
11/18/2016,LAN,MI,AGL,CE,Combined TRACON& Tower with Radar,9,47,33,22,111,0,0,10,0,10,9,47,43,22,121,4,0,4,125
11/19/2016,LAN,MI,AGL,CE,Combined TRACON& Tower with Radar,9,36,6,0,51,0,0,0,0,0,9,36,6,0,51,0,0,0,51
11/20/2016,LAN,MI,AGL,CE,Combined TRACON& Tower with Radar,4,24,10,2,40,0,0,4,0,4,4,24,14,2,44,0,0,0,44
11/21/2016,LAN,MI,AGL,CE,Combined TRACON& Tower with Radar,6,47,23,13,89,0,0,14,0,14,6,47,37,13,103,12,0,12,115
11/22/2016,LAN,MI,AGL,CE,Combined TRACON& Tower with Radar,10,53,27,3,93,0,2,25,1,28,10,55,52,4,121,0,0,0,121
11/23/2016,LAN,MI,AGL,CE,Combined TRACON& Tower with Radar,12,64,4,4,84,0,1,0,0,1,12,65,4,4,85,6,0,6,91
11/24/2016,LAN,MI,AGL,CE,Combined TRACON& Tower with Radar,5,18,10,0,33,0,0,0,0,0,5,18,10,0,33,0,0,0,33
11/25/2016,LAN,MI,AGL,CE,Combined TRACON& Tower with Radar,7,46,6,0,59,0,0,0,0,0,7,46,6,0,59,10,0,10,69
11/26/2016,LAN,MI,AGL,CE,Combined TRACON& Tower with Radar,9,36,18,0,63,0,0,1,0,1,9,36,19,0,64,0,0,0,64
11/27/2016,LAN,MI,AGL,CE,Combined TRACON& Tower with Radar,7,32,21,0,60,0,0,4,0,4,7,32,25,0,64,0,0,0,64
11/28/2016,LAN,MI,AGL,CE,Combined TRACON& Tower with Radar,7,48,14,7,76,0,0,2,0,2,7,48,16,7,78,0,0,0,78
11/29/2016,LAN,MI,AGL,CE,Combined TRACON& Tower with Radar,9,49,30,6,94,0,1,14,2,17,9,50,44,8,111,0,0,0,111
11/30/2016,LAN,MI,AGL,CE,Combined TRACON& Tower with Radar,10,57,40,12,119,0,0,4,0,4,10,57,44,12,123,0,0,0,123
12/01/2016,LAN,MI,AGL,CE,Combined TRACON& Tower with Radar,8,63,28,4,103,0,0,3,4,7,8,63,31,8,110,0,0,0,110
12/02/2016,LAN,MI,AGL,CE,Combined TRACON& Tower with Radar,6,65,27,14,112,0,2,9,0,11,6,67,36,14,123,20,0,20,143
12/03/2016,LAN,MI,AGL,CE,Combined TRACON& Tower with Radar,2,34,27,5,68,0,2,71,0,73,2,36,98,5,141,8,0,8,149
12/04/2016,LAN,MI,AGL,CE,Combined TRACON& Tower with Radar,0,23,6,3,32,0,0,4,0,4,0,23,10,3,36,2,0,2,38
12/05/2016,LAN,MI,AGL,CE,Combined TRACON& Tower with Radar,3,50,20,5,78,0,0,2,0,2,3,50,22,5,80,0,0,0,80
12/06/2016,LAN,MI,AGL,CE,Combined TRACON& Tower with Radar,7,65,22,18,112,0,0,1,0,1,7,65,23,18,113,0,0,0,113
12/07/2016,LAN,MI,AGL,CE,Combined TRACON& Tower with Radar,8,58,27,13,106,0,1,9,0,10,8,59,36,13,116,8,0,8,124
12/08/2016,LAN,MI,AGL,CE,Combined TRACON& Tower with Radar,13,56,20,9,98,0,0,1,0,1,13,56,21,9,99,0,0,0,99
12/09/2016,LAN,MI,AGL,CE,Combined TRACON& Tower with Radar,6,57,21,7,91,0,1,3,1,5,6,58,24,8,96,0,0,0,96
12/10/2016,LAN,MI,AGL,CE,Combined TRACON& Tower with Radar,3,36,13,0,52,0,0,0,0,0,3,36,13,0,52,0,0,0,52
12/11/2016,LAN,MI,AGL,CE,Combined TRACON& Tower with Radar,1,13,4,2,20,0,0,0,0,0,1,13,4,2,20,0,0,0,20
12/12/2016,LAN,MI,AGL,CE,Combined TRACON& Tower with Radar,2,46,23,4,75,0,0,1,2,3,2,46,24,6,78,0,0,0,78
12/13/2016,LAN,MI,AGL,CE,Combined TRACON& Tower with Radar,10,59,23,0,92,0,0,5,0,5,10,59,28,0,97,8,0,8,105
12/14/2016,LAN,MI,AGL,CE,Combined TRACON& Tower with Radar,9,75,24,0,108,0,0,0,0,0,9,75,24,0,108,0,0,0,108
12/15/2016,LAN,MI,AGL,CE,Combined TRACON& Tower with Radar,11,63,18,7,99,0,0,11,1,12,11,63,29,8,111,10,0,10,121
12/16/2016,LAN,MI,AGL,CE,Combined TRACON& Tower with Radar,6,56,27,4,93,0,0,4,5,9,6,56,31,9,102,28,0,28,130
12/17/2016,LAN,MI,AGL,CE,Combined TRACON& Tower with Radar,7,33,1,2,43,0,0,0,0,0,7,33,1,2,43,0,0,0,43
12/18/2016,LAN,MI,AGL,CE,Combined TRACON& Tower with Radar,2,20,8,2,32,0,0,4,0,4,2,20,12,2,36,0,0,0,36
12/19/2016,LAN,MI,AGL,CE,Combined TRACON& Tower with Radar,5,44,18,6,73,0,0,9,0,9,5,44,27,6,82,10,0,10,92
12/20/2016,LAN,MI,AGL,CE,Combined TRACON& Tower with Radar,16,52,25,6,99,0,1,9,3,13,16,53,34,9,112,0,0,0,112
12/21/2016,LAN,MI,AGL,CE,Combined TRACON& Tower with Radar,12,50,28,4,94,0,0,13,1,14,12,50,41,5,108,2,0,2,110
12/22/2016,LAN,MI,AGL,CE,Combined TRACON& Tower with Radar,15,53,20,2,90,0,2,24,1,27,15,55,44,3,117,20,0,20,137
12/23/2016,LAN,MI,AGL,CE,Combined TRACON& Tower with Radar,12,54,13,0,79,0,0,16,0,16,12,54,29,0,95,10,0,10,105
12/24/2016,LAN,MI,AGL,CE,Combined TRACON& Tower with Radar,4,34,0,0,38,0,2,0,0,2,4,36,0,0,40,0,0,0,40
12/25/2016,LAN,MI,AGL,CE,Combined TRACON& Tower with Radar,0,16,0,0,16,0,0,0,0,0,0,16,0,0,16,0,0,0,16
12/26/2016,LAN,MI,AGL,CE,Combined TRACON& Tower with Radar,6,28,7,0,41,0,0,1,0,1,6,28,8,0,42,0,0,0,42
12/27/2016,LAN,MI,AGL,CE,Combined TRACON& Tower with Radar,5,54,13,4,76,0,0,0,0,0,5,54,13,4,76,0,0,0,76
12/28/2016,LAN,MI,AGL,CE,Combined TRACON& Tower with Radar,10,45,25,6,86,0,0,24,2,26,10,45,49,8,112,22,0,22,134
12/29/2016,LAN,MI,AGL,CE,Combined TRACON& Tower with Radar,7,56,8,7,78,0,0,4,1,5,7,56,12,8,83,16,0,16,99
12/30/2016,LAN,MI,AGL,CE,Combined TRACON& Tower with Radar,7,49,11,0,67,0,1,5,0,6,7,50,16,0,73,2,0,2,75
12/31/2016,LAN,MI,AGL,CE,Combined TRACON& Tower with Radar,6,32,0,0,38,0,0,2,0,2,6,32,2,0,40,0,0,0,40
01/01/2017,LAN,MI,AGL,CE,Towers with Radar,5,16,8,2,31,0,0,19,0,19,5,16,27,2,50,32,0,32,82
01/02/2017,LAN,MI,AGL,CE,Towers with Radar,5,27,9,0,41,0,1,2,0,3,5,28,11,0,44,0,0,0,44
01/03/2017,LAN,MI,AGL,CE,Towers with Radar,6,53,5,2,66,0,0,0,0,0,6,53,5,2,66,0,0,0,66
01/04/2017,LAN,MI,AGL,CE,Towers with Radar,6,46,5,2,59,0,0,0,0,0,6,46,5,2,59,0,0,0,59
01/05/2017,LAN,MI,AGL,CE,Towers with Radar,10,43,21,11,85,0,0,0,1,1,10,43,21,12,86,0,0,0,86
01/06/2017,LAN,MI,AGL,CE,Towers with Radar,11,41,18,3,73,0,1,4,2,7,11,42,22,5,80,7,0,7,87
01/07/2017,LAN,MI,AGL,CE,Towers with Radar,11,28,14,2,55,0,1,0,0,1,11,29,14,2,56,0,0,0,56
01/08/2017,LAN,MI,AGL,CE,Towers with Radar,6,23,22,2,53,0,0,13,1,14,6,23,35,3,67,0,0,0,67
01/09/2017,LAN,MI,AGL,CE,Towers with Radar,5,42,16,2,65,0,2,3,0,5,5,44,19,2,70,6,0,6,76
01/10/2017,LAN,MI,AGL,CE,Towers with Radar,10,46,9,5,70,0,0,0,2,2,10,46,9,7,72,0,0,0,72
01/11/2017,LAN,MI,AGL,CE,Towers with Radar,6,45,25,1,77,0,0,1,0,1,6,45,26,1,78,0,0,0,78
01/12/2017,LAN,MI,AGL,CE,Towers with Radar,5,52,21,3,81,0,0,0,0,0,5,52,21,3,81,0,0,0,81
01/13/2017,LAN,MI,AGL,CE,Towers with Radar,6,59,21,3,89,0,0,15,2,17,6,59,36,5,106,17,0,17,123
01/14/2017,LAN,MI,AGL,CE,Towers with Radar,7,32,11,0,50,0,0,21,0,21,7,32,32,0,71,4,0,4,75
01/15/2017,LAN,MI,AGL,CE,Towers with Radar,6,20,25,0,51,0,0,29,0,29,6,20,54,0,80,10,0,10,90
01/16/2017,LAN,MI,AGL,CE,Towers with Radar,3,37,6,0,46,0,0,0,0,0,3,37,6,0,46,0,0,0,46
01/17/2017,LAN,MI,AGL,CE,Towers with Radar,5,49,17,2,73,0,1,0,0,1,5,50,17,2,74,0,0,0,74
01/18/2017,LAN,MI,AGL,CE,Towers with Radar,5,57,23,6,91,0,0,0,0,0,5,57,23,6,91,0,0,0,91
01/19/2017,LAN,MI,AGL,CE,Towers with Radar,4,51,38,5,98,0,0,9,6,15,4,51,47,11,113,2,0,2,115
01/20/2017,LAN,MI,AGL,CE,Towers with Radar,9,51,12,2,74,0,0,0,0,0,9,51,12,2,74,0,0,0,74
01/21/2017,LAN,MI,AGL,CE,Towers with Radar,5,28,14,2,49,0,0,2,0,2,5,28,16,2,51,0,0,0,51
01/22/2017,LAN,MI,AGL,CE,Towers with Radar,3,27,6,2,38,0,0,0,0,0,3,27,6,2,38,0,0,0,38
01/23/2017,LAN,MI,AGL,CE,Towers with Radar,6,41,13,1,61,0,0,0,0,0,6,41,13,1,61,0,0,0,61
01/24/2017,LAN,MI,AGL,CE,Towers with Radar,7,54,21,5,87,0,0,0,0,0,7,54,21,5,87,0,0,0,87
01/25/2017,LAN,MI,AGL,CE,Towers with Radar,7,46,16,4,73,0,0,0,0,0,7,46,16,4,73,0,0,0,73
01/26/2017,LAN,MI,AGL,CE,Towers with Radar,6,48,14,8,76,0,0,2,0,2,6,48,16,8,78,6,0,6,84
01/27/2017,LAN,MI,AGL,CE,Towers with Radar,6,49,13,4,72,0,0,2,0,2,6,49,15,4,74,0,0,0,74
01/28/2017,LAN,MI,AGL,CE,Towers with Radar,4,29,8,0,41,0,0,4,0,4,4,29,12,0,45,0,0,0,45
01/29/2017,LAN,MI,AGL,CE,Towers with Radar,3,30,20,0,53,0,0,2,0,2,3,30,22,0,55,3,0,3,58
01/30/2017,LAN,MI,AGL,CE,Towers with Radar,3,42,29,2,76,0,0,13,0,13,3,42,42,2,89,6,0,6,95
01/31/2017,LAN,MI,AGL,CE,Towers with Radar,5,47,15,0,67,0,0,0,0,0,5,47,15,0,67,0,0,0,67
02/01/2017,LAN,MI,AGL,CE,Towers with Radar,9,50,16,4,79,0,0,6,4,10,9,50,22,8,89,0,0,0,89
02/02/2017,LAN,MI,AGL,CE,Towers with Radar,8,49,25,7,89,0,0,3,0,3,8,49,28,7,92,8,0,8,100
02/03/2017,LAN,MI,AGL,CE,Towers with Radar,9,50,20,9,88,0,0,12,0,12,9,50,32,9,100,0,0,0,100
02/04/2017,LAN,MI,AGL,CE,Towers with Radar,9,31,19,0,59,0,0,21,0,21,9,31,40,0,80,5,0,5,85
02/05/2017,LAN,MI,AGL,CE,Towers with Radar,3,20,3,2,28,0,0,4,0,4,3,20,7,2,32,10,0,10,42
02/06/2017,LAN,MI,AGL,CE,Towers with Radar,5,46,7,7,65,0,0,21,0,21,5,46,28,7,86,6,0,6,92
02/07/2017,LAN,MI,AGL,CE,Towers with Radar,5,48,5,0,58,0,1,0,0,1,5,49,5,0,59,0,0,0,59
02/08/2017,LAN,MI,AGL,CE,Towers with Radar,7,51,44,5,107,0,0,9,0,9,7,51,53,5,116,0,0,0,116
02/09/2017,LAN,MI,AGL,CE,Towers with Radar,6,52,26,2,86,0,0,13,1,14,6,52,39,3,100,14,0,14,114
02/10/2017,LAN,MI,AGL,CE,Towers with Radar,6,53,17,4,80,0,0,10,0,10,6,53,27,4,90,14,0,14,104
02/11/2017,LAN,MI,AGL,CE,Towers with Radar,7,32,8,2,49,0,0,11,0,11,7,32,19,2,60,12,0,12,72
02/12/2017,LAN,MI,AGL,CE,Towers with Radar,3,30,6,2,41,0,0,1,0,1,3,30,7,2,42,0,0,0,42
02/13/2017,LAN,MI,AGL,CE,Towers with Radar,5,42,36,6,89,0,0,34,2,36,5,42,70,8,125,16,0,16,141
02/14/2017,LAN,MI,AGL,CE,Towers with Radar,9,49,22,8,88,0,1,12,5,18,9,50,34,13,106,0,8,8,114
02/15/2017,LAN,MI,AGL,CE,Towers with Radar,8,53,25,2,88,0,0,2,0,2,8,53,27,2,90,6,0,6,96
02/16/2017,LAN,MI,AGL,CE,Towers with Radar,7,51,26,4,88,0,0,17,0,17,7,51,43,4,105,18,0,18,123
02/17/2017,LAN,MI,AGL,CE,Towers with Radar,11,45,24,0,80,0,0,25,1,26,11,45,49,1,106,0,0,0,106
02/18/2017,LAN,MI,AGL,CE,Towers with Radar,7,30,15,0,52,0,1,35,1,37,7,31,50,1,89,14,0,14,103
02/19/2017,LAN,MI,AGL,CE,Towers with Radar,7,16,21,0,44,0,0,21,0,21,7,16,42,0,65,24,0,24,89
02/20/2017,LAN,MI,AGL,CE,Towers with Radar,8,43,20,0,71,0,0,11,0,11,8,43,31,0,82,12,0,12,94
02/21/2017,LAN,MI,AGL,CE,Towers with Radar,10,46,9,3,68,0,0,0,0,0,10,46,9,3,68,4,0,4,72
02/22/2017,LAN,MI,AGL,CE,Towers with Radar,12,46,29,3,90,0,0,1,1,2,12,46,30,4,92,0,0,0,92
02/23/2017,LAN,MI,AGL,CE,Towers with Radar,12,50,25,1,88,0,0,7,1,8,12,50,32,2,96,16,0,16,112
02/24/2017,LAN,MI,AGL,CE,Towers with Radar,10,41,15,1,67,0,1,0,0,1,10,42,15,1,68,0,0,0,68
02/25/2017,LAN,MI,AGL,CE,Towers with Radar,7,32,3,2,44,0,1,0,0,1,7,33,3,2,45,0,0,0,45
02/26/2017,LAN,MI,AGL,CE,Towers with Radar,6,27,12,0,45,0,0,15,0,15,6,27,27,0,60,0,0,0,60
02/27/2017,LAN,MI,AGL,CE,Towers with Radar,7,44,33,1,85,0,0,22,0,22,7,44,55,1,107,10,0,10,117
02/28/2017,LAN,MI,AGL,CE,Towers with Radar,12,39,17,0,68,0,0,1,0,1,12,39,18,0,69,0,0,0,69
03/01/2017,LAN,MI,AGL,CE,Towers with Radar,10,48,15,1,74,0,1,0,0,1,10,49,15,1,75,0,0,0,75
03/02/2017,LAN,MI,AGL,CE,Towers with Radar,12,46,16,7,81,0,0,6,2,8,12,46,22,9,89,16,0,16,105
03/03/2017,LAN,MI,AGL,CE,Towers with Radar,14,47,22,8,91,0,0,8,1,9,14,47,30,9,100,0,0,0,100
03/04/2017,LAN,MI,AGL,CE,Towers with Radar,6,31,6,0,43,0,1,27,3,31,6,32,33,3,74,0,0,0,74
03/05/2017,LAN,MI,AGL,CE,Towers with Radar,6,22,11,2,41,0,0,5,0,5,6,22,16,2,46,0,0,0,46
03/06/2017,LAN,MI,AGL,CE,Towers with Radar,9,40,12,2,63,0,0,2,0,2,9,40,14,2,65,5,0,5,70
03/07/2017,LAN,MI,AGL,CE,Towers with Radar,9,47,18,5,79,0,0,4,2,6,9,47,22,7,85,0,0,0,85
03/08/2017,LAN,MI,AGL,CE,Towers with Radar,11,45,12,2,70,0,1,0,0,1,11,46,12,2,71,0,0,0,71
03/09/2017,LAN,MI,AGL,CE,Towers with Radar,10,47,26,6,89,0,0,12,0,12,10,47,38,6,101,6,0,6,107
03/10/2017,LAN,MI,AGL,CE,Towers with Radar,7,46,14,3,70,0,5,4,7,16,7,51,18,10,86,4,10,14,100
03/11/2017,LAN,MI,AGL,CE,Towers with Radar,7,34,16,1,58,0,0,8,0,8,7,34,24,1,66,0,0,0,66
03/12/2017,LAN,MI,AGL,CE,Towers with Radar,5,26,20,0,51,0,0,11,0,11,5,26,31,0,62,2,0,2,64
03/13/2017,LAN,MI,AGL,CE,Towers with Radar,5,37,19,0,61,0,0,0,0,0,5,37,19,0,61,0,0,0,61
03/14/2017,LAN,MI,AGL,CE,Towers with Radar,6,40,20,5,71,0,0,7,2,9,6,40,27,7,80,0,2,2,82
03/15/2017,LAN,MI,AGL,CE,Towers with Radar,12,45,26,6,89,0,0,5,0,5,12,45,31,6,94,4,0,4,98
03/16/2017,LAN,MI,AGL,CE,Towers with Radar,6,46,52,3,107,0,0,23,0,23,6,46,75,3,130,24,0,24,154
03/17/2017,LAN,MI,AGL,CE,Towers with Radar,8,47,15,0,70,0,0,1,0,1,8,47,16,0,71,0,0,0,71
03/18/2017,LAN,MI,AGL,CE,Towers with Radar,8,33,9,1,51,0,0,0,0,0,8,33,9,1,51,0,0,0,51
03/19/2017,LAN,MI,AGL,CE,Towers with Radar,3,26,25,0,54,0,0,31,0,31,3,26,56,0,85,8,0,8,93
03/20/2017,LAN,MI,AGL,CE,Towers with Radar,10,43,25,3,81,0,0,5,3,8,10,43,30,6,89,9,0,9,98
03/21/2017,LAN,MI,AGL,CE,Towers with Radar,6,54,22,6,88,0,0,23,0,23,6,54,45,6,111,2,0,2,113
03/22/2017,LAN,MI,AGL,CE,Towers with Radar,8,52,31,4,95,0,0,11,0,11,8,52,42,4,106,18,0,18,124
03/23/2017,LAN,MI,AGL,CE,Towers with Radar,10,47,33,8,98,0,0,25,0,25,10,47,58,8,123,4,0,4,127
03/24/2017,LAN,MI,AGL,CE,Towers with Radar,9,49,13,5,76,0,0,4,0,4,9,49,17,5,80,0,0,0,80
03/25/2017,LAN,MI,AGL,CE,Towers with Radar,4,37,11,2,54,0,0,0,0,0,4,37,11,2,54,0,0,0,54
03/26/2017,LAN,MI,AGL,CE,Towers with Radar,5,24,4,2,35,0,0,0,0,0,5,24,4,2,35,0,0,0,35
03/27/2017,LAN,MI,AGL,CE,Towers with Radar,4,40,32,2,78,0,1,1,0,2,4,41,33,2,80,0,0,0,80
03/28/2017,LAN,MI,AGL,CE,Towers with Radar,6,54,40,8,108,0,0,7,0,7,6,54,47,8,115,0,0,0,115
03/29/2017,LAN,MI,AGL,CE,Towers with Radar,8,45,41,2,96,0,4,26,0,30,8,49,67,2,126,18,0,18,144
03/30/2017,LAN,MI,AGL,CE,Towers with Radar,10,47,17,12,86,0,0,0,0,0,10,47,17,12,86,0,0,0,86
03/31/2017,LAN,MI,AGL,CE,Towers with Radar,8,51,18,2,79,0,0,0,0,0,8,51,18,2,79,0,0,0,79
04/01/2017,LAN,MI,AGL,CE,Towers with Radar,8,27,38,6,79,0,0,31,0,31,8,27,69,6,110,14,0,14,124
04/02/2017,LAN,MI,AGL,CE,Towers with Radar,8,22,3,0,33,0,0,26,0,26,8,22,29,0,59,17,0,17,76
04/03/2017,LAN,MI,AGL,CE,Towers with Radar,7,39,10,2,58,0,0,2,0,2,7,39,12,2,60,6,0,6,66
04/04/2017,LAN,MI,AGL,CE,Towers with Radar,8,45,14,2,69,0,0,0,0,0,8,45,14,2,69,0,0,0,69
04/05/2017,LAN,MI,AGL,CE,Towers with Radar,10,40,13,2,65,0,0,0,0,0,10,40,13,2,65,0,0,0,65
04/06/2017,LAN,MI,AGL,CE,Towers with Radar,8,33,11,0,52,0,0,0,0,0,8,33,11,0,52,0,0,0,52
04/07/2017,LAN,MI,AGL,CE,Towers with Radar,10,44,21,10,85,0,0,8,0,8,10,44,29,10,93,0,0,0,93
04/08/2017,LAN,MI,AGL,CE,Towers with Radar,6,32,23,4,65,0,0,26,1,27,6,32,49,5,92,0,0,0,92
04/09/2017,LAN,MI,AGL,CE,Towers with Radar,7,23,14,0,44,0,2,10,0,12,7,25,24,0,56,9,0,9,65
04/10/2017,LAN,MI,AGL,CE,Towers with Radar,6,43,15,6,70,0,0,4,0,4,6,43,19,6,74,0,0,0,74
04/11/2017,LAN,MI,AGL,CE,Towers with Radar,9,47,33,6,95,0,0,2,0,2,9,47,35,6,97,14,0,14,111
04/12/2017,LAN,MI,AGL,CE,Towers with Radar,10,48,33,11,102,0,0,20,4,24,10,48,53,15,126,4,0,4,130
04/13/2017,LAN,MI,AGL,CE,Towers with Radar,7,47,47,10,111,0,1,8,4,13,7,48,55,14,124,10,0,10,134
04/14/2017,LAN,MI,AGL,CE,Towers with Radar,10,38,22,6,76,0,0,19,0,19,10,38,41,6,95,2,0,2,97
04/15/2017,LAN,MI,AGL,CE,Towers with Radar,6,25,1,2,34,0,0,10,0,10,6,25,11,2,44,0,0,0,44
04/16/2017,LAN,MI,AGL,CE,Towers with Radar,6,19,5,0,30,0,0,0,0,0,6,19,5,0,30,0,0,0,30
04/17/2017,LAN,MI,AGL,CE,Towers with Radar,5,40,23,4,72,0,0,26,2,28,5,40,49,6,100,6,0,6,106
04/18/2017,LAN,MI,AGL,CE,Towers with Radar,7,44,24,8,83,0,0,30,1,31,7,44,54,9,114,0,0,0,114
04/19/2017,LAN,MI,AGL,CE,Towers with Radar,8,40,37,4,89,0,0,4,0,4,8,40,41,4,93,12,0,12,105
04/20/2017,LAN,MI,AGL,CE,Towers with Radar,7,38,29,0,74,0,0,0,0,0,7,38,29,0,74,0,0,0,74
04/21/2017,LAN,MI,AGL,CE,Towers with Radar,6,47,35,2,90,0,0,5,1,6,6,47,40,3,96,0,0,0,96
04/22/2017,LAN,MI,AGL,CE,Towers with Radar,5,31,14,1,51,0,3,15,0,18,5,34,29,1,69,2,0,2,71
04/23/2017,LAN,MI,AGL,CE,Towers with Radar,4,22,15,0,41,0,0,22,0,22,4,22,37,0,63,14,0,14,77
04/24/2017,LAN,MI,AGL,CE,Towers with Radar,5,37,20,2,64,0,0,20,1,21,5,37,40,3,85,16,0,16,101
04/25/2017,LAN,MI,AGL,CE,Towers with Radar,8,49,32,4,93,0,0,17,0,17,8,49,49,4,110,0,0,0,110
04/26/2017,LAN,MI,AGL,CE,Towers with Radar,9,39,21,2,71,0,0,5,2,7,9,39,26,4,78,24,0,24,102
04/27/2017,LAN,MI,AGL,CE,Towers with Radar,8,49,35,4,96,0,0,4,0,4,8,49,39,4,100,9,0,9,109
04/28/2017,LAN,MI,AGL,CE,Towers with Radar,9,45,19,2,75,0,2,14,0,16,9,47,33,2,91,0,0,0,91
04/29/2017,LAN,MI,AGL,CE,Towers with Radar,7,38,9,3,57,0,1,2,0,3,7,39,11,3,60,0,0,0,60
04/30/2017,LAN,MI,AGL,CE,Towers with Radar,3,27,9,0,39,0,0,0,0,0,3,27,9,0,39,0,0,0,39
05/01/2017,LAN,MI,AGL,CE,Towers with Radar,2,40,20,3,65,0,0,4,0,4,2,40,24,3,69,0,0,0,69
05/02/2017,LAN,MI,AGL,CE,Towers with Radar,7,44,18,6,75,0,0,0,0,0,7,44,18,6,75,0,0,0,75
05/03/2017,LAN,MI,AGL,CE,Towers with Radar,6,47,44,4,101,0,0,23,1,24,6,47,67,5,125,18,0,18,143
05/04/2017,LAN,MI,AGL,CE,Towers with Radar,7,56,39,2,104,0,0,1,0,1,7,56,40,2,105,0,0,0,105
05/05/2017,LAN,MI,AGL,CE,Towers with Radar,7,51,24,2,84,0,1,4,0,5,7,52,28,2,89,8,0,8,97
05/06/2017,LAN,MI,AGL,CE,Towers with Radar,3,42,11,1,57,0,0,10,0,10,3,42,21,1,67,0,0,0,67
05/07/2017,LAN,MI,AGL,CE,Towers with Radar,2,30,16,2,50,0,0,14,0,14,2,30,30,2,64,20,0,20,84
05/08/2017,LAN,MI,AGL,CE,Towers with Radar,3,38,28,5,74,0,2,39,0,41,3,40,67,5,115,16,0,16,131
05/09/2017,LAN,MI,AGL,CE,Towers with Radar,5,55,28,8,96,0,0,22,3,25,5,55,50,11,121,37,0,37,158
05/10/2017,LAN,MI,AGL,CE,Towers with Radar,6,56,39,5,106,0,2,15,2,19,6,58,54,7,125,0,0,0,125
05/11/2017,LAN,MI,AGL,CE,Towers with Radar,7,46,22,0,75,0,1,19,1,21,7,47,41,1,96,7,0,7,103
05/12/2017,LAN,MI,AGL,CE,Towers with Radar,6,51,35,1,93,0,0,31,0,31,6,51,66,1,124,34,0,34,158
05/13/2017,LAN,MI,AGL,CE,Towers with Radar,4,28,15,3,50,0,0,12,0,12,4,28,27,3,62,16,0,16,78
05/14/2017,LAN,MI,AGL,CE,Towers with Radar,2,19,16,0,37,0,0,14,0,14,2,19,30,0,51,0,0,0,51
05/15/2017,LAN,MI,AGL,CE,Towers with Radar,3,40,23,6,72,0,0,20,0,20,3,40,43,6,92,8,0,8,100
05/16/2017,LAN,MI,AGL,CE,Towers with Radar,6,48,20,2,76,0,0,12,1,13,6,48,32,3,89,10,0,10,99
05/17/2017,LAN,MI,AGL,CE,Towers with Radar,7,43,21,4,75,0,0,7,0,7,7,43,28,4,82,0,0,0,82
05/18/2017,LAN,MI,AGL,CE,Towers with Radar,3,44,21,2,70,0,0,10,4,14,3,44,31,6,84,0,0,0,84
05/19/2017,LAN,MI,AGL,CE,Towers with Radar,6,43,36,0,85,0,0,4,0,4,6,43,40,0,89,0,0,0,89
05/20/2017,LAN,MI,AGL,CE,Towers with Radar,3,29,18,1,51,0,0,9,0,9,3,29,27,1,60,0,0,0,60
05/21/2017,LAN,MI,AGL,CE,Towers with Radar,2,24,4,0,30,0,0,5,0,5,2,24,9,0,35,16,0,16,51
05/22/2017,LAN,MI,AGL,CE,Towers with Radar,3,41,23,4,71,0,0,14,0,14,3,41,37,4,85,10,0,10,95
05/23/2017,LAN,MI,AGL,CE,Towers with Radar,6,45,29,4,84,0,0,10,0,10,6,45,39,4,94,0,0,0,94
05/24/2017,LAN,MI,AGL,CE,Towers with Radar,8,47,31,3,89,0,1,4,0,5,8,48,35,3,94,0,0,0,94
05/25/2017,LAN,MI,AGL,CE,Towers with Radar,6,50,38,1,95,0,0,3,0,3,6,50,41,1,98,0,0,0,98
05/26/2017,LAN,MI,AGL,CE,Towers with Radar,7,49,27,0,83,0,0,15,0,15,7,49,42,0,98,0,0,0,98
05/27/2017,LAN,MI,AGL,CE,Towers with Radar,3,34,10,1,48,0,0,24,0,24,3,34,34,1,72,0,0,0,72
05/28/2017,LAN,MI,AGL,CE,Towers with Radar,2,20,6,0,28,0,0,5,0,5,2,20,11,0,33,4,0,4,37
05/29/2017,LAN,MI,AGL,CE,Towers with Radar,5,27,21,0,53,0,0,21,0,21,5,27,42,0,74,0,0,0,74
05/30/2017,LAN,MI,AGL,CE,Towers with Radar,5,51,19,4,79,0,0,18,4,22,5,51,37,8,101,0,0,0,101
05/31/2017,LAN,MI,AGL,CE,Towers with Radar,6,52,34,4,96,0,0,15,1,16,6,52,49,5,112,44,10,54,166
06/01/2017,LAN,MI,AGL,CE,Towers with Radar,6,52,33,2,93,0,0,38,1,39,6,52,71,3,132,32,0,32,164
06/02/2017,LAN,MI,AGL,CE,Towers with Radar,7,53,33,2,95,0,0,23,0,23,7,53,56,2,118,0,0,0,118
06/03/2017,LAN,MI,AGL,CE,Towers with Radar,3,30,13,1,47,0,1,24,0,25,3,31,37,1,72,0,0,0,72
06/04/2017,LAN,MI,AGL,CE,Towers with Radar,2,23,20,2,47,0,0,9,2,11,2,23,29,4,58,0,0,0,58
06/05/2017,LAN,MI,AGL,CE,Towers with Radar,3,38,30,0,71,0,0,3,2,5,3,38,33,2,76,6,0,6,82
06/06/2017,LAN,MI,AGL,CE,Towers with Radar,6,47,25,3,81,0,0,19,0,19,6,47,44,3,100,5,0,5,105
06/07/2017,LAN,MI,AGL,CE,Towers with Radar,6,47,31,3,87,0,1,27,0,28,6,48,58,3,115,27,0,27,142
06/08/2017,LAN,MI,AGL,CE,Towers with Radar,6,52,51,4,113,0,0,18,3,21,6,52,69,7,134,30,0,30,164
06/09/2017,LAN,MI,AGL,CE,Towers with Radar,6,48,26,2,82,0,0,20,1,21,6,48,46,3,103,37,0,37,140
06/10/2017,LAN,MI,AGL,CE,Towers with Radar,3,29,14,2,48,0,0,29,0,29,3,29,43,2,77,0,0,0,77
06/11/2017,LAN,MI,AGL,CE,Towers with Radar,2,20,13,3,38,0,0,13,3,16,2,20,26,6,54,0,0,0,54
06/12/2017,LAN,MI,AGL,CE,Towers with Radar,2,44,29,0,75,0,1,8,0,9,2,45,37,0,84,2,0,2,86
06/13/2017,LAN,MI,AGL,CE,Towers with Radar,5,53,22,0,80,0,2,16,0,18,5,55,38,0,98,0,0,0,98
06/14/2017,LAN,MI,AGL,CE,Towers with Radar,7,46,28,1,82,0,1,7,0,8,7,47,35,1,90,0,0,0,90
06/15/2017,LAN,MI,AGL,CE,Towers with Radar,6,46,30,0,82,0,0,8,0,8,6,46,38,0,90,46,0,46,136
06/16/2017,LAN,MI,AGL,CE,Towers with Radar,7,50,21,5,83,0,0,21,1,22,7,50,42,6,105,16,0,16,121
06/17/2017,LAN,MI,AGL,CE,Towers with Radar,4,31,22,2,59,0,0,9,0,9,4,31,31,2,68,0,0,0,68
06/18/2017,LAN,MI,AGL,CE,Towers with Radar,3,25,8,5,41,0,1,1,0,2,3,26,9,5,43,0,0,0,43
06/19/2017,LAN,MI,AGL,CE,Towers with Radar,5,39,33,0,77,0,0,19,0,19,5,39,52,0,96,8,0,8,104
06/20/2017,LAN,MI,AGL,CE,Towers with Radar,6,46,16,6,74,0,0,19,0,19,6,46,35,6,93,0,0,0,93
06/21/2017,LAN,MI,AGL,CE,Towers with Radar,8,49,19,8,84,0,0,23,0,23,8,49,42,8,107,22,0,22,129
06/22/2017,LAN,MI,AGL,CE,Towers with Radar,6,45,29,6,86,0,0,4,0,4,6,45,33,6,90,14,0,14,104
06/23/2017,LAN,MI,AGL,CE,Towers with Radar,6,52,16,3,77,0,0,4,0,4,6,52,20,3,81,0,0,0,81
06/24/2017,LAN,MI,AGL,CE,Towers with Radar,4,37,14,5,60,0,1,17,0,18,4,38,31,5,78,14,0,14,92
06/25/2017,LAN,MI,AGL,CE,Towers with Radar,3,21,16,3,43,0,0,12,0,12,3,21,28,3,55,0,0,0,55
06/26/2017,LAN,MI,AGL,CE,Towers with Radar,3,40,25,5,73,0,0,13,0,13,3,40,38,5,86,0,0,0,86
06/27/2017,LAN,MI,AGL,CE,Towers with Radar,6,53,33,6,98,0,0,25,2,27,6,53,58,8,125,46,0,46,171
06/28/2017,LAN,MI,AGL,CE,Towers with Radar,6,52,31,8,97,0,0,18,1,19,6,52,49,9,116,14,0,14,130
06/29/2017,LAN,MI,AGL,CE,Towers with Radar,6,54,24,4,88,0,4,15,0,19,6,58,39,4,107,0,0,0,107
06/30/2017,LAN,MI,AGL,CE,Towers with Radar,5,54,16,6,81,0,0,3,1,4,5,54,19,7,85,0,0,0,85
07/01/2017,LAN,MI,AGL,CE,Towers with Radar,2,33,7,2,44,0,0,2,0,2,2,33,9,2,46,4,0,4,50
07/02/2017,LAN,MI,AGL,CE,Towers with Radar,2,19,13,4,38,0,0,14,0,14,2,19,27,4,52,0,0,0,52
07/03/2017,LAN,MI,AGL,CE,Towers with Radar,3,31,9,6,49,0,3,25,0,28,3,34,34,6,77,2,0,2,79
07/04/2017,LAN,MI,AGL,CE,Towers with Radar,2,21,0,4,27,0,2,14,0,16,2,23,14,4,43,8,0,8,51
07/05/2017,LAN,MI,AGL,CE,Towers with Radar,5,43,15,1,64,0,0,24,0,24,5,43,39,1,88,6,0,6,94
07/06/2017,LAN,MI,AGL,CE,Towers with Radar,4,48,48,0,100,0,1,20,0,21,4,49,68,0,121,16,0,16,137
07/07/2017,LAN,MI,AGL,CE,Towers with Radar,4,46,17,0,67,0,1,10,0,11,4,47,27,0,78,28,0,28,106
07/08/2017,LAN,MI,AGL,CE,Towers with Radar,2,40,26,0,68,0,1,23,0,24,2,41,49,0,92,27,0,27,119
07/09/2017,LAN,MI,AGL,CE,Towers with Radar,2,25,15,0,42,0,0,11,0,11,2,25,26,0,53,22,0,22,75
07/10/2017,LAN,MI,AGL,CE,Towers with Radar,3,48,26,4,81,0,0,3,0,3,3,48,29,4,84,0,0,0,84
07/11/2017,LAN,MI,AGL,CE,Towers with Radar,5,53,25,1,84,0,0,7,0,7,5,53,32,1,91,0,0,0,91
07/12/2017,LAN,MI,AGL,CE,Towers with Radar,4,45,24,2,75,0,0,6,0,6,4,45,30,2,81,9,0,9,90
07/13/2017,LAN,MI,AGL,CE,Towers with Radar,6,49,22,1,78,0,0,5,0,5,6,49,27,1,83,2,0,2,85
07/14/2017,LAN,MI,AGL,CE,Towers with Radar,5,46,23,3,77,0,1,10,0,11,5,47,33,3,88,8,0,8,96
07/15/2017,LAN,MI,AGL,CE,Towers with Radar,3,33,19,2,57,0,0,20,0,20,3,33,39,2,77,0,0,0,77
07/16/2017,LAN,MI,AGL,CE,Towers with Radar,2,22,21,0,45,0,0,8,0,8,2,22,29,0,53,0,0,0,53
07/17/2017,LAN,MI,AGL,CE,Towers with Radar,3,38,31,3,75,0,0,27,0,27,3,38,58,3,102,24,0,24,126
07/18/2017,LAN,MI,AGL,CE,Towers with Radar,6,52,35,4,97,0,0,30,1,31,6,52,65,5,128,12,0,12,140
07/19/2017,LAN,MI,AGL,CE,Towers with Radar,8,52,29,2,91,0,0,11,0,11,8,52,40,2,102,8,0,8,110
07/20/2017,LAN,MI,AGL,CE,Towers with Radar,6,47,29,0,82,0,0,16,0,16,6,47,45,0,98,20,0,20,118
07/21/2017,LAN,MI,AGL,CE,Towers with Radar,6,48,22,4,80,0,0,26,0,26,6,48,48,4,106,6,0,6,112
07/22/2017,LAN,MI,AGL,CE,Towers with Radar,4,33,18,2,57,0,0,2,0,2,4,33,20,2,59,2,0,2,61
07/23/2017,LAN,MI,AGL,CE,Towers with Radar,2,23,18,0,43,0,0,4,0,4,2,23,22,0,47,0,0,0,47
07/24/2017,LAN,MI,AGL,CE,Towers with Radar,3,39,28,0,70,0,0,16,0,16,3,39,44,0,86,0,0,0,86
07/25/2017,LAN,MI,AGL,CE,Towers with Radar,6,48,18,1,73,0,0,21,0,21,6,48,39,1,94,0,0,0,94
07/26/2017,LAN,MI,AGL,CE,Towers with Radar,8,52,39,3,102,0,1,20,0,21,8,53,59,3,123,0,0,0,123
07/27/2017,LAN,MI,AGL,CE,Towers with Radar,6,53,19,5,83,0,1,29,1,31,6,54,48,6,114,30,0,30,144
07/28/2017,LAN,MI,AGL,CE,Towers with Radar,6,49,23,2,80,0,0,20,0,20,6,49,43,2,100,2,0,2,102
07/29/2017,LAN,MI,AGL,CE,Towers with Radar,4,33,12,0,49,0,0,11,0,11,4,33,23,0,60,14,0,14,74
07/30/2017,LAN,MI,AGL,CE,Towers with Radar,2,29,19,0,50,0,0,13,0,13,2,29,32,0,63,4,0,4,67
07/31/2017,LAN,MI,AGL,CE,Towers with Radar,4,44,27,2,77,0,0,28,0,28,4,44,55,2,105,18,0,18,123
08/01/2017,LAN,MI,AGL,CE,Towers with Radar,6,46,23,3,78,0,0,27,0,27,6,46,50,3,105,10,0,10,115
08/02/2017,LAN,MI,AGL,CE,Towers with Radar,6,47,18,14,85,0,0,11,0,11,6,47,29,14,96,4,0,4,100
08/03/2017,LAN,MI,AGL,CE,Towers with Radar,5,49,11,2,67,0,0,3,0,3,5,49,14,2,70,0,0,0,70
08/04/2017,LAN,MI,AGL,CE,Towers with Radar,5,50,21,2,78,0,0,5,0,5,5,50,26,2,83,28,0,28,111
08/05/2017,LAN,MI,AGL,CE,Towers with Radar,2,34,10,5,51,0,0,9,0,9,2,34,19,5,60,2,0,2,62
08/06/2017,LAN,MI,AGL,CE,Towers with Radar,2,25,6,6,39,0,0,8,0,8,2,25,14,6,47,4,0,4,51
08/07/2017,LAN,MI,AGL,CE,Towers with Radar,3,40,11,6,60,0,0,6,0,6,3,40,17,6,66,0,0,0,66
08/08/2017,LAN,MI,AGL,CE,Towers with Radar,5,55,42,8,110,0,2,34,1,37,5,57,76,9,147,26,2,28,175
08/09/2017,LAN,MI,AGL,CE,Towers with Radar,8,53,21,6,88,0,3,30,2,35,8,56,51,8,123,8,0,8,131
08/10/2017,LAN,MI,AGL,CE,Towers with Radar,6,49,27,8,90,0,0,44,0,44,6,49,71,8,134,22,0,22,156
08/11/2017,LAN,MI,AGL,CE,Towers with Radar,5,53,27,3,88,0,0,9,0,9,5,53,36,3,97,0,0,0,97
08/12/2017,LAN,MI,AGL,CE,Towers with Radar,4,38,15,5,62,0,1,7,0,8,4,39,22,5,70,0,0,0,70
08/13/2017,LAN,MI,AGL,CE,Towers with Radar,2,23,32,2,59,0,0,36,0,36,2,23,68,2,95,2,0,2,97
08/14/2017,LAN,MI,AGL,CE,Towers with Radar,3,40,29,0,72,0,0,15,0,15,3,40,44,0,87,26,0,26,113
08/15/2017,LAN,MI,AGL,CE,Towers with Radar,6,47,33,1,87,0,0,20,0,20,6,47,53,1,107,14,0,14,121
08/16/2017,LAN,MI,AGL,CE,Towers with Radar,6,54,23,9,92,0,0,16,0,16,6,54,39,9,108,12,0,12,120
08/17/2017,LAN,MI,AGL,CE,Towers with Radar,6,49,28,0,83,0,0,7,0,7,6,49,35,0,90,0,0,0,90
08/18/2017,LAN,MI,AGL,CE,Towers with Radar,6,53,18,0,77,0,0,13,0,13,6,53,31,0,90,26,0,26,116
08/19/2017,LAN,MI,AGL,CE,Towers with Radar,2,36,16,3,57,0,2,10,0,12,2,38,26,3,69,5,0,5,74
08/20/2017,LAN,MI,AGL,CE,Towers with Radar,1,26,14,0,41,0,0,18,0,18,1,26,32,0,59,4,0,4,63
08/21/2017,LAN,MI,AGL,CE,Towers with Radar,2,43,27,6,78,0,3,11,0,14,2,46,38,6,92,0,0,0,92
08/22/2017,LAN,MI,AGL,CE,Towers with Radar,7,50,16,6,79,0,0,5,0,5,7,50,21,6,84,8,0,8,92
08/23/2017,LAN,MI,AGL,CE,Towers with Radar,5,55,21,4,85,0,0,24,0,24,5,55,45,4,109,10,0,10,119
08/24/2017,LAN,MI,AGL,CE,Towers with Radar,8,51,34,0,93,0,1,22,0,23,8,52,56,0,116,0,10,10,126
08/25/2017,LAN,MI,AGL,CE,Towers with Radar,5,52,15,4,76,0,0,15,5,20,5,52,30,9,96,16,2,18,114
08/26/2017,LAN,MI,AGL,CE,Towers with Radar,5,31,11,5,52,0,1,16,0,17,5,32,27,5,69,0,0,0,69
08/27/2017,LAN,MI,AGL,CE,Towers with Radar,4,25,27,0,56,0,0,19,0,19,4,25,46,0,75,6,0,6,81
08/28/2017,LAN,MI,AGL,CE,Towers with Radar,5,37,15,2,59,0,0,4,0,4,5,37,19,2,63,10,0,10,73
08/29/2017,LAN,MI,AGL,CE,Towers with Radar,12,43,41,12,108,0,0,6,0,6,12,43,47,12,114,10,0,10,124
08/30/2017,LAN,MI,AGL,CE,Towers with Radar,9,42,41,3,95,0,0,11,0,11,9,42,52,3,106,6,0,6,112
08/31/2017,LAN,MI,AGL,CE,Towers with Radar,10,42,29,9,90,0,1,17,0,18,10,43,46,9,108,0,0,0,108
09/01/2017,LAN,MI,AGL,CE,Towers with Radar,9,45,31,3,88,0,0,24,1,25,9,45,55,4,113,10,0,10,123
09/02/2017,LAN,MI,AGL,CE,Towers with Radar,5,29,14,2,50,0,0,24,0,24,5,29,38,2,74,10,0,10,84
09/03/2017,LAN,MI,AGL,CE,Towers with Radar,1,15,7,3,26,0,0,26,0,26,1,15,33,3,52,20,0,20,72
09/04/2017,LAN,MI,AGL,CE,Towers with Radar,6,30,5,0,41,0,1,11,0,12,6,31,16,0,53,0,0,0,53
09/05/2017,LAN,MI,AGL,CE,Towers with Radar,8,46,17,1,72,0,0,13,0,13,8,46,30,1,85,0,0,0,85
09/06/2017,LAN,MI,AGL,CE,Towers with Radar,8,46,28,5,87,0,0,13,2,15,8,46,41,7,102,2,0,2,104
09/07/2017,LAN,MI,AGL,CE,Towers with Radar,10,49,24,4,87,0,0,11,0,11,10,49,35,4,98,14,0,14,112
09/08/2017,LAN,MI,AGL,CE,Towers with Radar,14,46,31,3,94,0,0,11,3,14,14,46,42,6,108,10,0,10,118
09/09/2017,LAN,MI,AGL,CE,Towers with Radar,7,32,19,5,63,0,0,28,2,30,7,32,47,7,93,0,0,0,93
09/10/2017,LAN,MI,AGL,CE,Towers with Radar,4,27,19,2,52,0,0,20,4,24,4,27,39,6,76,8,0,8,84
09/11/2017,LAN,MI,AGL,CE,Towers with Radar,7,37,24,7,75,0,0,26,1,27,7,37,50,8,102,0,0,0,102
09/12/2017,LAN,MI,AGL,CE,Towers with Radar,9,45,27,2,83,0,0,14,3,17,9,45,41,5,100,14,0,14,114
09/13/2017,LAN,MI,AGL,CE,Towers with Radar,8,44,18,6,76,0,0,8,2,10,8,44,26,8,86,2,0,2,88
09/14/2017,LAN,MI,AGL,CE,Towers with Radar,8,52,13,2,75,0,0,9,0,9,8,52,22,2,84,0,0,0,84
09/15/2017,LAN,MI,AGL,CE,Towers with Radar,10,54,26,2,92,0,1,23,0,24,10,55,49,2,116,5,0,5,121
09/16/2017,LAN,MI,AGL,CE,Towers with Radar,7,33,12,3,55,0,0,26,0,26,7,33,38,3,81,24,0,24,105
09/17/2017,LAN,MI,AGL,CE,Towers with Radar,4,28,29,0,61,0,0,22,0,22,4,28,51,0,83,2,0,2,85
09/18/2017,LAN,MI,AGL,CE,Towers with Radar,6,36,33,3,78,0,1,12,0,13,6,37,45,3,91,0,0,0,91
09/19/2017,LAN,MI,AGL,CE,Towers with Radar,11,40,21,8,80,0,0,4,1,5,11,40,25,9,85,8,0,8,93
09/20/2017,LAN,MI,AGL,CE,Towers with Radar,8,46,42,5,101,0,2,26,0,28,8,48,68,5,129,10,0,10,139
09/21/2017,LAN,MI,AGL,CE,Towers with Radar,7,49,27,2,85,0,2,21,2,25,7,51,48,4,110,14,0,14,124
09/22/2017,LAN,MI,AGL,CE,Towers with Radar,10,47,30,5,92,0,0,22,1,23,10,47,52,6,115,0,0,0,115
09/23/2017,LAN,MI,AGL,CE,Towers with Radar,5,32,13,1,51,0,1,23,0,24,5,33,36,1,75,0,0,0,75
09/24/2017,LAN,MI,AGL,CE,Towers with Radar,2,30,25,0,57,0,0,28,0,28,2,30,53,0,85,10,0,10,95
09/25/2017,LAN,MI,AGL,CE,Towers with Radar,4,39,30,5,78,0,0,24,0,24,4,39,54,5,102,6,0,6,108
09/26/2017,LAN,MI,AGL,CE,Towers with Radar,9,45,40,0,94,0,0,21,3,24,9,45,61,3,118,6,0,6,124
09/27/2017,LAN,MI,AGL,CE,Towers with Radar,6,47,34,4,91,0,5,13,2,20,6,52,47,6,111,6,0,6,117
09/28/2017,LAN,MI,AGL,CE,Towers with Radar,8,47,43,1,99,0,2,21,0,23,8,49,64,1,122,10,0,10,132
09/29/2017,LAN,MI,AGL,CE,Towers with Radar,11,47,31,6,95,0,0,22,0,22,11,47,53,6,117,0,0,0,117
09/30/2017,LAN,MI,AGL,CE,Towers with Radar,9,25,24,0,58,0,1,33,0,34,9,26,57,0,92,7,0,7,99
10/01/2017,LAN,MI,AGL,CE,Towers with Radar,4,25,20,0,49,0,0,26,0,26,4,25,46,0,75,8,0,8,83
10/02/2017,LAN,MI,AGL,CE,Towers with Radar,6,34,28,1,69,0,0,22,0,22,6,34,50,1,91,22,0,22,113
10/03/2017,LAN,MI,AGL,CE,Towers with Radar,9,43,38,7,97,0,0,11,3,14,9,43,49,10,111,0,0,0,111
10/04/2017,LAN,MI,AGL,CE,Towers with Radar,7,42,27,2,78,0,0,3,0,3,7,42,30,2,81,16,0,16,97
10/05/2017,LAN,MI,AGL,CE,Towers with Radar,5,49,40,0,94,0,1,27,2,30,5,50,67,2,124,50,0,50,174
10/06/2017,LAN,MI,AGL,CE,Towers with Radar,10,43,30,2,85,0,0,1,0,1,10,43,31,2,86,0,0,0,86
10/07/2017,LAN,MI,AGL,CE,Towers with Radar,7,25,8,0,40,0,0,9,2,11,7,25,17,2,51,0,0,0,51
10/08/2017,LAN,MI,AGL,CE,Towers with Radar,3,23,10,0,36,0,2,24,2,28,3,25,34,2,64,0,0,0,64
10/09/2017,LAN,MI,AGL,CE,Towers with Radar,8,34,26,5,73,0,1,21,0,22,8,35,47,5,95,14,0,14,109
10/10/2017,LAN,MI,AGL,CE,Towers with Radar,8,42,26,2,78,0,0,39,0,39,8,42,65,2,117,46,0,46,163
10/11/2017,LAN,MI,AGL,CE,Towers with Radar,8,45,41,1,95,0,0,0,0,0,8,45,41,1,95,0,0,0,95
10/12/2017,LAN,MI,AGL,CE,Towers with Radar,8,49,34,2,93,0,0,2,0,2,8,49,36,2,95,10,0,10,105
10/13/2017,LAN,MI,AGL,CE,Towers with Radar,10,45,31,2,88,0,0,13,0,13,10,45,44,2,101,18,0,18,119
10/14/2017,LAN,MI,AGL,CE,Towers with Radar,5,26,5,0,36,0,0,0,0,0,5,26,5,0,36,0,0,0,36
10/15/2017,LAN,MI,AGL,CE,Towers with Radar,6,32,15,3,56,0,0,0,1,1,6,32,15,4,57,7,2,9,66
10/16/2017,LAN,MI,AGL,CE,Towers with Radar,5,36,28,3,72,0,0,23,0,23,5,36,51,3,95,2,0,2,97
10/17/2017,LAN,MI,AGL,CE,Towers with Radar,8,49,28,2,87,0,2,30,0,32,8,51,58,2,119,30,0,30,149
10/18/2017,LAN,MI,AGL,CE,Towers with Radar,11,48,32,6,97,0,0,26,0,26,11,48,58,6,123,28,0,28,151
10/19/2017,LAN,MI,AGL,CE,Towers with Radar,11,46,41,3,101,0,0,27,0,27,11,46,68,3,128,42,0,42,170
10/20/2017,LAN,MI,AGL,CE,Towers with Radar,11,48,23,2,84,0,0,25,0,25,11,48,48,2,109,18,0,18,127
10/21/2017,LAN,MI,AGL,CE,Towers with Radar,8,29,27,1,65,0,0,27,0,27,8,29,54,1,92,0,0,0,92
10/22/2017,LAN,MI,AGL,CE,Towers with Radar,4,27,12,3,46,0,0,14,0,14,4,27,26,3,60,0,0,0,60
10/23/2017,LAN,MI,AGL,CE,Towers with Radar,5,35,20,5,65,0,0,0,1,1,5,35,20,6,66,0,0,0,66
10/24/2017,LAN,MI,AGL,CE,Towers with Radar,8,39,15,0,62,0,0,0,1,1,8,39,15,1,63,0,0,0,63
10/25/2017,LAN,MI,AGL,CE,Towers with Radar,9,44,27,9,89,0,1,17,0,18,9,45,44,9,107,6,0,6,113
10/26/2017,LAN,MI,AGL,CE,Towers with Radar,9,48,24,7,88,0,0,24,0,24,9,48,48,7,112,18,0,18,130
10/27/2017,LAN,MI,AGL,CE,Towers with Radar,10,41,22,4,77,0,0,3,0,3,10,41,25,4,80,10,0,10,90
10/28/2017,LAN,MI,AGL,CE,Towers with Radar,7,28,10,2,47,0,0,14,0,14,7,28,24,2,61,0,0,0,61
10/29/2017,LAN,MI,AGL,CE,Towers with Radar,4,23,17,0,44,0,0,13,0,13,4,23,30,0,57,0,0,0,57
10/30/2017,LAN,MI,AGL,CE,Towers with Radar,5,33,28,2,68,0,0,3,0,3,5,33,31,2,71,2,0,2,73
10/31/2017,LAN,MI,AGL,CE,Towers with Radar,10,40,27,0,77,0,0,8,0,8,10,40,35,0,85,0,0,0,85
11/01/2017,LAN,MI,AGL,CE,Towers with Radar,13,39,24,0,76,0,0,10,0,10,13,39,34,0,86,12,0,12,98
11/02/2017,LAN,MI,AGL,CE,Towers with Radar,11,41,42,2,96,0,0,0,0,0,11,41,42,2,96,0,0,0,96
11/03/2017,LAN,MI,AGL,CE,Towers with Radar,14,40,24,4,82,0,0,25,0,25,14,40,49,4,107,62,0,62,169
11/04/2017,LAN,MI,AGL,CE,Towers with Radar,9,34,13,2,58,0,0,2,0,2,9,34,15,2,60,0,0,0,60
11/05/2017,LAN,MI,AGL,CE,Towers with Radar,5,28,14,0,47,0,0,0,0,0,5,28,14,0,47,0,0,0,47
11/06/2017,LAN,MI,AGL,CE,Towers with Radar,7,34,23,2,66,0,0,17,0,17,7,34,40,2,83,18,0,18,101
11/07/2017,LAN,MI,AGL,CE,Towers with Radar,10,37,28,2,77,0,2,17,2,21,10,39,45,4,98,5,0,5,103
11/08/2017,LAN,MI,AGL,CE,Towers with Radar,11,48,32,4,95,0,1,25,2,28,11,49,57,6,123,76,0,76,199
11/09/2017,LAN,MI,AGL,CE,Towers with Radar,10,40,9,3,62,0,1,4,0,5,10,41,13,3,67,0,0,0,67
11/10/2017,LAN,MI,AGL,CE,Towers with Radar,15,44,30,0,89,0,0,27,0,27,15,44,57,0,116,21,0,21,137
11/11/2017,LAN,MI,AGL,CE,Towers with Radar,9,31,13,2,55,0,0,38,0,38,9,31,51,2,93,0,0,0,93
11/12/2017,LAN,MI,AGL,CE,Towers with Radar,4,25,9,1,39,0,0,0,0,0,4,25,9,1,39,16,0,16,55
11/13/2017,LAN,MI,AGL,CE,Towers with Radar,7,36,27,8,78,0,0,5,0,5,7,36,32,8,83,0,0,0,83
11/14/2017,LAN,MI,AGL,CE,Towers with Radar,9,40,27,3,79,0,0,22,4,26,9,40,49,7,105,4,0,4,109
11/15/2017,LAN,MI,AGL,CE,Towers with Radar,9,42,7,0,58,0,0,2,0,2,9,42,9,0,60,8,0,8,68
11/16/2017,LAN,MI,AGL,CE,Towers with Radar,8,47,19,3,77,0,0,2,0,2,8,47,21,3,79,0,0,0,79
11/17/2017,LAN,MI,AGL,CE,Towers with Radar,9,43,16,0,68,0,0,15,0,15,9,43,31,0,83,18,0,18,101
11/18/2017,LAN,MI,AGL,CE,Towers with Radar,6,34,6,0,46,0,0,0,0,0,6,34,6,0,46,0,0,0,46
11/19/2017,LAN,MI,AGL,CE,Towers with Radar,2,22,6,0,30,0,0,7,0,7,2,22,13,0,37,0,0,0,37
11/20/2017,LAN,MI,AGL,CE,Towers with Radar,5,35,41,0,81,0,0,22,0,22,5,35,63,0,103,4,0,4,107
11/21/2017,LAN,MI,AGL,CE,Towers with Radar,12,50,21,8,91,0,0,5,3,8,12,50,26,11,99,0,0,0,99
11/22/2017,LAN,MI,AGL,CE,Towers with Radar,12,58,17,2,89,0,0,19,4,23,12,58,36,6,112,18,0,18,130
11/23/2017,LAN,MI,AGL,CE,Towers with Radar,6,14,1,0,21,0,0,10,0,10,6,14,11,0,31,0,0,0,31
11/24/2017,LAN,MI,AGL,CE,Towers with Radar,10,40,4,2,56,0,0,7,0,7,10,40,11,2,63,6,0,6,69
11/25/2017,LAN,MI,AGL,CE,Towers with Radar,7,44,6,1,58,0,0,8,0,8,7,44,14,1,66,1,0,1,67
11/26/2017,LAN,MI,AGL,CE,Towers with Radar,8,26,29,0,63,0,0,26,0,26,8,26,55,0,89,2,0,2,91
11/27/2017,LAN,MI,AGL,CE,Towers with Radar,7,41,28,4,80,0,0,4,0,4,7,41,32,4,84,30,0,30,114
11/28/2017,LAN,MI,AGL,CE,Towers with Radar,7,46,18,7,78,0,0,7,0,7,7,46,25,7,85,0,0,0,85
11/29/2017,LAN,MI,AGL,CE,Towers with Radar,9,49,24,2,84,0,0,45,0,45,9,49,69,2,129,24,0,24,153
11/30/2017,LAN,MI,AGL,CE,Towers with Radar,10,51,17,2,80,0,0,9,0,9,10,51,26,2,89,4,0,4,93
12/01/2017,LAN,MI,AGL,CE,Towers with Radar,6,51,26,6,89,0,0,29,4,33,6,51,55,10,122,24,1,25,147
12/02/2017,LAN,MI,AGL,CE,Towers with Radar,4,36,35,1,76,0,0,48,0,48,4,36,83,1,124,16,0,16,140
12/03/2017,LAN,MI,AGL,CE,Towers with Radar,3,29,17,2,51,0,0,34,0,34,3,29,51,2,85,0,0,0,85
12/04/2017,LAN,MI,AGL,CE,Towers with Radar,5,45,15,2,67,0,0,4,0,4,5,45,19,2,71,0,0,0,71
12/05/2017,LAN,MI,AGL,CE,Towers with Radar,8,51,28,4,91,0,0,1,0,1,8,51,29,4,92,0,0,0,92
12/06/2017,LAN,MI,AGL,CE,Towers with Radar,11,51,38,1,101,0,0,6,4,10,11,51,44,5,111,0,0,0,111
12/07/2017,LAN,MI,AGL,CE,Towers with Radar,8,50,26,3,87,0,0,6,0,6,8,50,32,3,93,24,0,24,117
12/08/2017,LAN,MI,AGL,CE,Towers with Radar,6,49,32,0,87,0,0,14,0,14,6,49,46,0,101,14,0,14,115
12/09/2017,LAN,MI,AGL,CE,Towers with Radar,3,34,12,0,49,0,0,0,0,0,3,34,12,0,49,0,0,0,49
12/10/2017,LAN,MI,AGL,CE,Towers with Radar,4,28,6,0,38,0,0,5,0,5,4,28,11,0,43,6,0,6,49
12/11/2017,LAN,MI,AGL,CE,Towers with Radar,3,48,20,2,73,0,0,2,0,2,3,48,22,2,75,0,0,0,75
12/12/2017,LAN,MI,AGL,CE,Towers with Radar,11,48,24,4,87,0,1,3,0,4,11,49,27,4,91,0,0,0,91
12/13/2017,LAN,MI,AGL,CE,Towers with Radar,11,45,24,2,82,0,0,0,0,0,11,45,24,2,82,0,0,0,82
12/14/2017,LAN,MI,AGL,CE,Towers with Radar,7,56,37,4,104,0,0,12,0,12,7,56,49,4,116,26,0,26,142
12/15/2017,LAN,MI,AGL,CE,Towers with Radar,6,53,7,4,70,0,0,0,0,0,6,53,7,4,70,0,0,0,70
12/16/2017,LAN,MI,AGL,CE,Towers with Radar,7,34,2,1,44,0,0,0,0,0,7,34,2,1,44,10,0,10,54
12/17/2017,LAN,MI,AGL,CE,Towers with Radar,2,28,7,2,39,0,0,0,0,0,2,28,7,2,39,0,0,0,39
12/18/2017,LAN,MI,AGL,CE,Towers with Radar,6,44,13,2,65,0,0,0,0,0,6,44,13,2,65,4,0,4,69
12/19/2017,LAN,MI,AGL,CE,Towers with Radar,9,43,19,5,76,0,0,23,0,23,9,43,42,5,99,0,0,0,99
12/20/2017,LAN,MI,AGL,CE,Towers with Radar,13,46,50,2,111,0,3,32,1,36,13,49,82,3,147,22,0,22,169
12/21/2017,LAN,MI,AGL,CE,Towers with Radar,12,44,31,2,89,0,0,12,0,12,12,44,43,2,101,28,0,28,129
12/22/2017,LAN,MI,AGL,CE,Towers with Radar,15,47,5,0,67,0,0,0,0,0,15,47,5,0,67,0,0,0,67
12/23/2017,LAN,MI,AGL,CE,Towers with Radar,12,46,4,0,62,0,0,8,0,8,12,46,12,0,70,0,0,0,70
12/24/2017,LAN,MI,AGL,CE,Towers with Radar,3,14,3,0,20,0,0,5,0,5,3,14,8,0,25,5,0,5,30
12/25/2017,LAN,MI,AGL,CE,Towers with Radar,5,21,0,0,26,0,1,0,0,1,5,22,0,0,27,0,0,0,27
12/26/2017,LAN,MI,AGL,CE,Towers with Radar,7,47,5,0,59,0,0,0,0,0,7,47,5,0,59,0,0,0,59
12/27/2017,LAN,MI,AGL,CE,Towers with Radar,8,48,12,0,68,0,1,8,0,9,8,49,20,0,77,10,0,10,87
12/28/2017,LAN,MI,AGL,CE,Towers with Radar,8,45,9,0,62,0,0,2,0,2,8,45,11,0,64,0,0,0,64
12/29/2017,LAN,MI,AGL,CE,Towers with Radar,9,47,4,0,60,0,0,2,0,2,9,47,6,0,62,0,0,0,62
12/30/2017,LAN,MI,AGL,CE,Towers with Radar,5,43,4,0,52,0,0,4,0,4,5,43,8,0,56,0,0,0,56
12/31/2017,LAN,MI,AGL,CE,Towers with Radar,4,22,7,0,33,0,0,7,0,7,4,22,14,0,40,0,0,0,40
01/01/2018,LAN,MI,AGL,CE,Towers with Radar,3,22,2,0,27,0,0,2,0,2,3,22,4,0,29,0,0,0,29
01/02/2018,LAN,MI,AGL,CE,Towers with Radar,4,50,7,0,61,0,0,0,0,0,4,50,7,0,61,0,0,0,61
01/03/2018,LAN,MI,AGL,CE,Towers with Radar,7,46,13,2,68,0,0,0,0,0,7,46,13,2,68,0,0,0,68
01/04/2018,LAN,MI,AGL,CE,Towers with Radar,4,52,15,8,79,0,0,9,0,9,4,52,24,8,88,10,0,10,98
01/05/2018,LAN,MI,AGL,CE,Towers with Radar,4,47,19,2,72,0,0,10,2,12,4,47,29,4,84,28,0,28,112
01/06/2018,LAN,MI,AGL,CE,Towers with Radar,5,38,9,1,53,0,1,9,1,11,5,39,18,2,64,0,0,0,64
01/07/2018,LAN,MI,AGL,CE,Towers with Radar,2,21,6,2,31,0,0,3,0,3,2,21,9,2,34,8,0,8,42
01/08/2018,LAN,MI,AGL,CE,Towers with Radar,3,41,17,0,61,0,0,0,0,0,3,41,17,0,61,0,0,0,61
01/09/2018,LAN,MI,AGL,CE,Towers with Radar,4,54,23,0,81,0,0,2,0,2,4,54,25,0,83,0,0,0,83
01/10/2018,LAN,MI,AGL,CE,Towers with Radar,6,53,15,0,74,0,0,0,0,0,6,53,15,0,74,0,0,0,74
01/11/2018,LAN,MI,AGL,CE,Towers with Radar,5,47,13,0,65,0,0,0,0,0,5,47,13,0,65,0,0,0,65
01/12/2018,LAN,MI,AGL,CE,Towers with Radar,5,51,3,0,59,0,0,0,0,0,5,51,3,0,59,0,0,0,59
01/13/2018,LAN,MI,AGL,CE,Towers with Radar,3,37,7,0,47,0,0,3,0,3,3,37,10,0,50,0,0,0,50
01/14/2018,LAN,MI,AGL,CE,Towers with Radar,4,17,10,0,31,0,0,24,0,24,4,17,34,0,55,9,0,9,64
01/15/2018,LAN,MI,AGL,CE,Towers with Radar,3,45,5,0,53,0,0,0,0,0,3,45,5,0,53,0,0,0,53
01/16/2018,LAN,MI,AGL,CE,Towers with Radar,5,54,21,2,82,0,0,1,0,1,5,54,22,2,83,10,0,10,93
01/17/2018,LAN,MI,AGL,CE,Towers with Radar,6,57,20,4,87,0,0,8,0,8,6,57,28,4,95,0,2,2,97
01/18/2018,LAN,MI,AGL,CE,Towers with Radar,4,53,32,7,96,0,0,5,3,8,4,53,37,10,104,6,0,6,110
01/19/2018,LAN,MI,AGL,CE,Towers with Radar,10,60,45,2,117,0,1,23,0,24,10,61,68,2,141,0,0,0,141
01/20/2018,LAN,MI,AGL,CE,Towers with Radar,4,41,22,0,67,0,0,20,0,20,4,41,42,0,87,30,0,30,117
01/21/2018,LAN,MI,AGL,CE,Towers with Radar,4,24,8,0,36,0,0,0,0,0,4,24,8,0,36,0,0,0,36
01/22/2018,LAN,MI,AGL,CE,Towers with Radar,5,34,12,0,51,0,0,2,0,2,5,34,14,0,53,0,0,0,53
01/23/2018,LAN,MI,AGL,CE,Towers with Radar,7,47,20,4,78,0,0,0,0,0,7,47,20,4,78,0,0,0,78
01/24/2018,LAN,MI,AGL,CE,Towers with Radar,6,50,44,6,106,0,0,8,0,8,6,50,52,6,114,0,0,0,114
01/25/2018,LAN,MI,AGL,CE,Towers with Radar,8,53,20,3,84,0,0,14,1,15,8,53,34,4,99,0,0,0,99
01/26/2018,LAN,MI,AGL,CE,Towers with Radar,7,59,22,5,93,0,1,14,0,15,7,60,36,5,108,22,0,22,130
01/27/2018,LAN,MI,AGL,CE,Towers with Radar,6,40,12,0,58,0,1,9,0,10,6,41,21,0,68,8,0,8,76
01/28/2018,LAN,MI,AGL,CE,Towers with Radar,4,26,10,0,40,0,0,25,0,25,4,26,35,0,65,8,0,8,73
01/29/2018,LAN,MI,AGL,CE,Towers with Radar,3,41,15,2,61,0,0,0,0,0,3,41,15,2,61,0,0,0,61
01/30/2018,LAN,MI,AGL,CE,Towers with Radar,4,52,29,6,91,0,0,10,0,10,4,52,39,6,101,18,0,18,119
01/31/2018,LAN,MI,AGL,CE,Towers with Radar,6,50,12,2,70,0,0,3,0,3,6,50,15,2,73,0,0,0,73
02/01/2018,LAN,MI,AGL,CE,Towers with Radar,6,50,22,2,80,0,0,4,0,4,6,50,26,2,84,16,4,20,104
02/02/2018,LAN,MI,AGL,CE,Towers with Radar,8,55,24,3,90,0,0,10,0,10,8,55,34,3,100,0,0,0,100
02/03/2018,LAN,MI,AGL,CE,Towers with Radar,3,44,10,1,58,0,0,3,0,3,3,44,13,1,61,0,0,0,61
02/04/2018,LAN,MI,AGL,CE,Towers with Radar,4,16,1,0,21,0,0,0,0,0,4,16,1,0,21,0,0,0,21
02/05/2018,LAN,MI,AGL,CE,Towers with Radar,4,43,14,0,61,0,0,10,0,10,4,43,24,0,71,0,0,0,71
02/06/2018,LAN,MI,AGL,CE,Towers with Radar,5,51,13,4,73,0,0,4,1,5,5,51,17,5,78,0,0,0,78
02/07/2018,LAN,MI,AGL,CE,Towers with Radar,9,52,20,5,86,0,0,1,1,2,9,52,21,6,88,0,0,0,88
02/08/2018,LAN,MI,AGL,CE,Towers with Radar,7,54,34,10,105,0,0,2,0,2,7,54,36,10,107,4,0,4,111
02/09/2018,LAN,MI,AGL,CE,Towers with Radar,6,46,11,2,65,0,0,0,0,0,6,46,11,2,65,0,0,0,65
02/10/2018,LAN,MI,AGL,CE,Towers with Radar,4,42,11,2,59,0,0,1,0,1,4,42,12,2,60,0,0,0,60
02/11/2018,LAN,MI,AGL,CE,Towers with Radar,4,22,11,0,37,0,0,0,0,0,4,22,11,0,37,0,0,0,37
02/12/2018,LAN,MI,AGL,CE,Towers with Radar,5,49,35,0,89,0,2,28,0,30,5,51,63,0,119,28,2,30,149
02/13/2018,LAN,MI,AGL,CE,Towers with Radar,4,55,32,4,95,0,5,11,3,19,4,60,43,7,114,2,0,2,116
02/14/2018,LAN,MI,AGL,CE,Towers with Radar,8,47,23,2,80,0,2,6,0,8,8,49,29,2,88,0,0,0,88
02/15/2018,LAN,MI,AGL,CE,Towers with Radar,5,54,23,2,84,0,0,1,0,1,5,54,24,2,85,0,0,0,85
02/16/2018,LAN,MI,AGL,CE,Towers with Radar,8,54,25,2,89,0,0,26,0,26,8,54,51,2,115,24,0,24,139
02/17/2018,LAN,MI,AGL,CE,Towers with Radar,5,39,15,0,59,0,0,21,0,21,5,39,36,0,80,6,0,6,86
02/18/2018,LAN,MI,AGL,CE,Towers with Radar,2,21,37,0,60,0,0,16,0,16,2,21,53,0,76,6,0,6,82
02/19/2018,LAN,MI,AGL,CE,Towers with Radar,7,46,12,0,65,0,0,0,0,0,7,46,12,0,65,0,0,0,65
02/20/2018,LAN,MI,AGL,CE,Towers with Radar,6,49,17,0,72,0,0,0,0,0,6,49,17,0,72,0,0,0,72
02/21/2018,LAN,MI,AGL,CE,Towers with Radar,8,53,23,6,90,0,0,0,0,0,8,53,23,6,90,0,0,0,90
02/22/2018,LAN,MI,AGL,CE,Towers with Radar,6,52,30,4,92,0,0,14,0,14,6,52,44,4,106,18,0,18,124
02/23/2018,LAN,MI,AGL,CE,Towers with Radar,9,52,9,2,72,0,0,0,0,0,9,52,9,2,72,0,0,0,72
02/24/2018,LAN,MI,AGL,CE,Towers with Radar,5,39,12,3,59,0,0,2,0,2,5,39,14,3,61,0,0,0,61
02/25/2018,LAN,MI,AGL,CE,Towers with Radar,4,23,3,2,32,0,0,0,0,0,4,23,3,2,32,0,0,0,32
02/26/2018,LAN,MI,AGL,CE,Towers with Radar,4,44,32,4,84,0,0,35,2,37,4,44,67,6,121,20,0,20,141
02/27/2018,LAN,MI,AGL,CE,Towers with Radar,4,48,33,7,92,0,0,27,0,27,4,48,60,7,119,4,0,4,123
02/28/2018,LAN,MI,AGL,CE,Towers with Radar,6,48,32,11,97,0,0,29,0,29,6,48,61,11,126,12,0,12,138
03/01/2018,LAN,MI,AGL,CE,Towers with Radar,8,47,11,3,69,0,0,0,0,0,8,47,11,3,69,0,0,0,69
03/02/2018,LAN,MI,AGL,CE,Towers with Radar,6,54,22,6,88,0,0,27,0,27,6,54,49,6,115,14,0,14,129
03/03/2018,LAN,MI,AGL,CE,Towers with Radar,5,45,18,7,75,0,0,25,0,25,5,45,43,7,100,28,0,28,128
03/04/2018,LAN,MI,AGL,CE,Towers with Radar,4,25,31,1,61,0,0,15,4,19,4,25,46,5,80,26,0,26,106
03/05/2018,LAN,MI,AGL,CE,Towers with Radar,3,39,20,6,68,0,0,4,2,6,3,39,24,8,74,10,0,10,84
03/06/2018,LAN,MI,AGL,CE,Towers with Radar,4,52,11,10,77,0,0,0,0,0,4,52,11,10,77,0,0,0,77
03/07/2018,LAN,MI,AGL,CE,Towers with Radar,6,53,13,9,81,0,0,1,3,4,6,53,14,12,85,0,0,0,85
03/08/2018,LAN,MI,AGL,CE,Towers with Radar,6,53,13,16,88,0,0,2,0,2,6,53,15,16,90,2,0,2,92
03/09/2018,LAN,MI,AGL,CE,Towers with Radar,6,56,17,12,91,0,1,13,0,14,6,57,30,12,105,0,0,0,105
03/10/2018,LAN,MI,AGL,CE,Towers with Radar,3,46,30,1,80,0,0,36,0,36,3,46,66,1,116,10,0,10,126
03/11/2018,LAN,MI,AGL,CE,Towers with Radar,2,26,17,1,46,0,0,19,0,19,2,26,36,1,65,8,0,8,73
03/12/2018,LAN,MI,AGL,CE,Towers with Radar,3,46,14,4,67,0,2,0,0,2,3,48,14,4,69,18,0,18,87
03/13/2018,LAN,MI,AGL,CE,Towers with Radar,4,51,16,15,86,0,1,7,0,8,4,52,23,15,94,16,0,16,110
03/14/2018,LAN,MI,AGL,CE,Towers with Radar,6,63,35,15,119,0,0,13,4,17,6,63,48,19,136,0,0,0,136
03/15/2018,LAN,MI,AGL,CE,Towers with Radar,6,52,11,22,91,0,0,12,1,13,6,52,23,23,104,7,0,7,111
03/16/2018,LAN,MI,AGL,CE,Towers with Radar,6,55,18,13,92,0,0,41,0,41,6,55,59,13,133,44,0,44,177
03/17/2018,LAN,MI,AGL,CE,Towers with Radar,3,40,32,3,78,0,0,21,0,21,3,40,53,3,99,16,0,16,115
03/18/2018,LAN,MI,AGL,CE,Towers with Radar,2,27,17,0,46,0,0,29,0,29,2,27,46,0,75,38,0,38,113
03/19/2018,LAN,MI,AGL,CE,Towers with Radar,4,44,13,10,71,0,2,13,4,19,4,46,26,14,90,0,0,0,90
03/20/2018,LAN,MI,AGL,CE,Towers with Radar,4,49,13,6,72,0,0,12,5,17,4,49,25,11,89,0,0,0,89
03/21/2018,LAN,MI,AGL,CE,Towers with Radar,6,53,21,7,87,0,0,21,3,24,6,53,42,10,111,30,0,30,141
03/22/2018,LAN,MI,AGL,CE,Towers with Radar,6,54,26,14,100,0,2,42,2,46,6,56,68,16,146,16,0,16,162
03/23/2018,LAN,MI,AGL,CE,Towers with Radar,6,55,29,13,103,0,2,28,0,30,6,57,57,13,133,4,0,4,137
03/24/2018,LAN,MI,AGL,CE,Towers with Radar,3,51,28,1,83,0,1,33,0,34,3,52,61,1,117,6,0,6,123
03/25/2018,LAN,MI,AGL,CE,Towers with Radar,2,24,21,2,49,0,0,11,0,11,2,24,32,2,60,0,0,0,60
03/26/2018,LAN,MI,AGL,CE,Towers with Radar,7,44,35,2,88,0,1,9,0,10,7,45,44,2,98,12,0,12,110
03/27/2018,LAN,MI,AGL,CE,Towers with Radar,6,49,19,6,80,0,1,0,0,1,6,50,19,6,81,0,0,0,81
03/28/2018,LAN,MI,AGL,CE,Towers with Radar,8,52,24,4,88,0,0,12,0,12,8,52,36,4,100,0,0,0,100
03/29/2018,LAN,MI,AGL,CE,Towers with Radar,6,55,14,14,89,0,1,4,0,5,6,56,18,14,94,0,0,0,94
03/30/2018,LAN,MI,AGL,CE,Towers with Radar,8,51,25,2,86,0,1,26,0,27,8,52,51,2,113,16,0,16,129
03/31/2018,LAN,MI,AGL,CE,Towers with Radar,3,38,4,2,47,0,1,1,0,2,3,39,5,2,49,0,0,0,49
04/01/2018,LAN,MI,AGL,CE,Towers with Radar,4,24,3,0,31,0,0,5,0,5,4,24,8,0,36,0,0,0,36
04/02/2018,LAN,MI,AGL,CE,Towers with Radar,3,41,18,0,62,4,1,29,0,34,7,42,47,0,96,0,0,0,96
04/03/2018,LAN,MI,AGL,CE,Towers with Radar,5,53,10,0,68,0,0,0,0,0,5,53,10,0,68,0,0,0,68
04/04/2018,LAN,MI,AGL,CE,Towers with Radar,5,54,19,6,84,0,0,0,0,0,5,54,19,6,84,4,0,4,88
04/05/2018,LAN,MI,AGL,CE,Towers with Radar,5,55,14,8,82,0,4,23,2,29,5,59,37,10,111,4,6,10,121
04/06/2018,LAN,MI,AGL,CE,Towers with Radar,6,52,18,5,81,0,0,1,1,2,6,52,19,6,83,0,0,0,83
04/07/2018,LAN,MI,AGL,CE,Towers with Radar,3,37,20,1,61,0,2,27,2,31,3,39,47,3,92,9,0,9,101
04/08/2018,LAN,MI,AGL,CE,Towers with Radar,2,29,16,2,49,0,2,35,0,37,2,31,51,2,86,8,0,8,94
04/09/2018,LAN,MI,AGL,CE,Towers with Radar,6,38,18,2,64,0,0,0,0,0,6,38,18,2,64,8,0,8,72
04/10/2018,LAN,MI,AGL,CE,Towers with Radar,9,49,32,9,99,0,3,23,0,26,9,52,55,9,125,9,2,11,136
04/11/2018,LAN,MI,AGL,CE,Towers with Radar,8,49,22,6,85,0,1,5,0,6,8,50,27,6,91,0,0,0,91
04/12/2018,LAN,MI,AGL,CE,Towers with Radar,8,46,30,4,88,0,0,7,1,8,8,46,37,5,96,2,0,2,98
04/13/2018,LAN,MI,AGL,CE,Towers with Radar,8,42,17,4,71,0,0,8,3,11,8,42,25,7,82,0,0,0,82
04/14/2018,LAN,MI,AGL,CE,Towers with Radar,3,31,1,0,35,0,0,0,0,0,3,31,1,0,35,0,0,0,35
04/15/2018,LAN,MI,AGL,CE,Towers with Radar,1,23,2,0,26,0,0,0,0,0,1,23,2,0,26,0,0,0,26
04/16/2018,LAN,MI,AGL,CE,Towers with Radar,6,34,13,0,53,0,0,0,0,0,6,34,13,0,53,0,0,0,53
04/17/2018,LAN,MI,AGL,CE,Towers with Radar,6,47,11,2,66,0,0,3,5,8,6,47,14,7,74,10,0,10,84
04/18/2018,LAN,MI,AGL,CE,Towers with Radar,7,45,16,2,70,0,0,0,4,4,7,45,16,6,74,2,4,6,80
04/19/2018,LAN,MI,AGL,CE,Towers with Radar,9,47,33,7,96,0,1,18,1,20,9,48,51,8,116,0,0,0,116
04/20/2018,LAN,MI,AGL,CE,Towers with Radar,8,48,36,2,94,0,2,48,5,55,8,50,84,7,149,28,0,28,177
04/21/2018,LAN,MI,AGL,CE,Towers with Radar,3,32,16,1,52,0,3,24,0,27,3,35,40,1,79,6,0,6,85
04/22/2018,LAN,MI,AGL,CE,Towers with Radar,2,25,30,3,60,0,0,25,0,25,2,25,55,3,85,0,0,0,85
04/23/2018,LAN,MI,AGL,CE,Towers with Radar,5,45,33,2,85,0,1,23,2,26,5,46,56,4,111,4,0,4,115
04/24/2018,LAN,MI,AGL,CE,Towers with Radar,8,52,28,2,90,0,0,14,0,14,8,52,42,2,104,8,0,8,112
04/25/2018,LAN,MI,AGL,CE,Towers with Radar,8,47,29,8,92,0,1,22,0,23,8,48,51,8,115,8,0,8,123
04/26/2018,LAN,MI,AGL,CE,Towers with Radar,8,43,20,2,73,0,4,25,3,32,8,47,45,5,105,4,0,4,109
04/27/2018,LAN,MI,AGL,CE,Towers with Radar,8,44,20,8,80,0,0,15,0,15,8,44,35,8,95,18,0,18,113
04/28/2018,LAN,MI,AGL,CE,Towers with Radar,3,33,6,1,43,0,0,18,0,18,3,33,24,1,61,0,0,0,61
04/29/2018,LAN,MI,AGL,CE,Towers with Radar,4,26,24,1,55,0,0,27,0,27,4,26,51,1,82,18,0,18,100
04/30/2018,LAN,MI,AGL,CE,Towers with Radar,5,36,27,10,78,0,1,23,0,24,5,37,50,10,102,20,0,20,122
05/01/2018,LAN,MI,AGL,CE,Towers with Radar,8,48,19,2,77,0,7,9,0,16,8,55,28,2,93,10,0,10,103
05/02/2018,LAN,MI,AGL,CE,Towers with Radar,10,46,25,8,89,0,0,2,2,4,10,46,27,10,93,0,0,0,93
05/03/2018,LAN,MI,AGL,CE,Towers with Radar,8,49,33,2,92,0,0,0,0,0,8,49,33,2,92,0,0,0,92
05/04/2018,LAN,MI,AGL,CE,Towers with Radar,8,48,12,1,69,0,0,4,0,4,8,48,16,1,73,0,0,0,73
05/05/2018,LAN,MI,AGL,CE,Towers with Radar,3,35,20,1,59,0,1,16,0,17,3,36,36,1,76,20,0,20,96
05/06/2018,LAN,MI,AGL,CE,Towers with Radar,4,23,10,0,37,0,0,10,0,10,4,23,20,0,47,2,0,2,49
05/07/2018,LAN,MI,AGL,CE,Towers with Radar,5,34,24,2,65,0,1,26,1,28,5,35,50,3,93,24,0,24,117
05/08/2018,LAN,MI,AGL,CE,Towers with Radar,8,48,22,5,83,0,2,36,1,39,8,50,58,6,122,12,0,12,134
05/09/2018,LAN,MI,AGL,CE,Towers with Radar,6,48,17,7,78,0,3,4,1,8,6,51,21,8,86,0,0,0,86
05/10/2018,LAN,MI,AGL,CE,Towers with Radar,11,49,30,2,92,0,0,14,2,16,11,49,44,4,108,0,0,0,108
05/11/2018,LAN,MI,AGL,CE,Towers with Radar,10,47,25,2,84,0,0,8,0,8,10,47,33,2,92,6,0,6,98
05/12/2018,LAN,MI,AGL,CE,Towers with Radar,3,31,10,3,47,0,0,0,0,0,3,31,10,3,47,0,0,0,47
05/13/2018,LAN,MI,AGL,CE,Towers with Radar,4,26,10,0,40,0,0,3,0,3,4,26,13,0,43,0,0,0,43
05/14/2018,LAN,MI,AGL,CE,Towers with Radar,4,36,20,5,65,0,0,5,0,5,4,36,25,5,70,0,0,0,70
05/15/2018,LAN,MI,AGL,CE,Towers with Radar,5,44,27,2,78,0,0,15,0,15,5,44,42,2,93,0,0,0,93
05/16/2018,LAN,MI,AGL,CE,Towers with Radar,8,45,37,8,98,0,3,27,0,30,8,48,64,8,128,24,0,24,152
05/17/2018,LAN,MI,AGL,CE,Towers with Radar,8,47,33,0,88,0,1,26,2,29,8,48,59,2,117,18,0,18,135
05/18/2018,LAN,MI,AGL,CE,Towers with Radar,10,46,42,3,101,0,2,15,0,17,10,48,57,3,118,0,0,0,118
05/19/2018,LAN,MI,AGL,CE,Towers with Radar,3,31,2,0,36,0,0,0,0,0,3,31,2,0,36,0,0,0,36
05/20/2018,LAN,MI,AGL,CE,Towers with Radar,4,27,20,0,51,0,0,3,0,3,4,27,23,0,54,0,0,0,54
05/21/2018,LAN,MI,AGL,CE,Towers with Radar,5,43,29,8,85,0,1,15,0,16,5,44,44,8,101,41,0,41,142
05/22/2018,LAN,MI,AGL,CE,Towers with Radar,10,49,22,4,85,0,0,0,0,0,10,49,22,4,85,0,0,0,85
05/23/2018,LAN,MI,AGL,CE,Towers with Radar,8,44,41,10,103,0,2,48,3,53,8,46,89,13,156,48,0,48,204
05/24/2018,LAN,MI,AGL,CE,Towers with Radar,8,42,49,5,104,0,2,19,0,21,8,44,68,5,125,4,0,4,129
05/25/2018,LAN,MI,AGL,CE,Towers with Radar,7,45,15,6,73,0,1,23,0,24,7,46,38,6,97,2,0,2,99
05/26/2018,LAN,MI,AGL,CE,Towers with Radar,3,40,7,1,51,0,0,6,1,7,3,40,13,2,58,0,0,0,58
05/27/2018,LAN,MI,AGL,CE,Towers with Radar,2,17,12,0,31,0,0,16,0,16,2,17,28,0,47,8,0,8,55
05/28/2018,LAN,MI,AGL,CE,Towers with Radar,5,20,7,0,32,0,1,12,0,13,5,21,19,0,45,4,0,4,49
05/29/2018,LAN,MI,AGL,CE,Towers with Radar,9,43,30,2,84,0,0,19,0,19,9,43,49,2,103,8,0,8,111
05/30/2018,LAN,MI,AGL,CE,Towers with Radar,7,49,31,4,91,0,0,10,4,14,7,49,41,8,105,8,0,8,113
05/31/2018,LAN,MI,AGL,CE,Towers with Radar,8,44,24,5,81,0,0,14,1,15,8,44,38,6,96,0,0,0,96
06/01/2018,LAN,MI,AGL,CE,Towers with Radar,8,45,26,2,81,0,4,14,0,18,8,49,40,2,99,0,0,0,99
06/02/2018,LAN,MI,AGL,CE,Towers with Radar,3,31,13,0,47,0,0,5,0,5,3,31,18,0,52,6,0,6,58
06/03/2018,LAN,MI,AGL,CE,Towers with Radar,6,19,13,0,38,0,0,3,0,3,6,19,16,0,41,6,0,6,47
06/04/2018,LAN,MI,AGL,CE,Towers with Radar,5,33,18,4,60,0,2,10,0,12,5,35,28,4,72,0,0,0,72
06/05/2018,LAN,MI,AGL,CE,Towers with Radar,9,40,32,6,87,0,0,26,0,26,9,40,58,6,113,6,0,6,119
06/06/2018,LAN,MI,AGL,CE,Towers with Radar,8,40,31,2,81,0,2,33,0,35,8,42,64,2,116,60,0,60,176
06/07/2018,LAN,MI,AGL,CE,Towers with Radar,7,46,38,8,99,0,5,26,0,31,7,51,64,8,130,0,0,0,130
06/08/2018,LAN,MI,AGL,CE,Towers with Radar,4,41,29,4,78,0,2,8,3,13,4,43,37,7,91,44,0,44,135
06/09/2018,LAN,MI,AGL,CE,Towers with Radar,1,38,14,2,55,0,0,2,1,3,1,38,16,3,58,0,0,0,58
06/10/2018,LAN,MI,AGL,CE,Towers with Radar,0,20,17,2,39,0,0,0,0,0,0,20,17,2,39,0,0,0,39
06/11/2018,LAN,MI,AGL,CE,Towers with Radar,1,38,21,0,60,0,1,11,2,14,1,39,32,2,74,15,1,16,90
06/12/2018,LAN,MI,AGL,CE,Towers with Radar,6,44,39,4,93,0,0,13,8,21,6,44,52,12,114,6,4,10,124
06/13/2018,LAN,MI,AGL,CE,Towers with Radar,6,44,26,6,82,0,2,14,0,16,6,46,40,6,98,6,0,6,104
06/14/2018,LAN,MI,AGL,CE,Towers with Radar,6,48,21,4,79,0,2,38,1,41,6,50,59,5,120,38,0,38,158
06/15/2018,LAN,MI,AGL,CE,Towers with Radar,5,50,43,0,98,0,2,33,3,38,5,52,76,3,136,0,0,0,136
06/16/2018,LAN,MI,AGL,CE,Towers with Radar,1,40,14,2,57,0,0,12,0,12,1,40,26,2,69,32,0,32,101
06/17/2018,LAN,MI,AGL,CE,Towers with Radar,0,21,17,0,38,0,0,28,0,28,0,21,45,0,66,0,0,0,66
06/18/2018,LAN,MI,AGL,CE,Towers with Radar,1,39,11,1,52,0,1,8,2,11,1,40,19,3,63,2,0,2,65
06/19/2018,LAN,MI,AGL,CE,Towers with Radar,4,54,20,1,79,0,1,18,0,19,4,55,38,1,98,12,0,12,110
06/20/2018,LAN,MI,AGL,CE,Towers with Radar,4,49,26,5,84,0,0,10,0,10,4,49,36,5,94,8,0,8,102
06/21/2018,LAN,MI,AGL,CE,Towers with Radar,4,54,26,7,91,0,0,33,1,34,4,54,59,8,125,20,0,20,145
06/22/2018,LAN,MI,AGL,CE,Towers with Radar,4,49,16,4,73,0,0,6,0,6,4,49,22,4,79,0,0,0,79
06/23/2018,LAN,MI,AGL,CE,Towers with Radar,3,42,18,2,65,0,0,3,0,3,3,42,21,2,68,4,0,4,72
06/24/2018,LAN,MI,AGL,CE,Towers with Radar,0,24,19,3,46,0,0,9,0,9,0,24,28,3,55,6,0,6,61
06/25/2018,LAN,MI,AGL,CE,Towers with Radar,1,38,43,5,87,0,1,43,0,44,1,39,86,5,131,28,0,28,159
06/26/2018,LAN,MI,AGL,CE,Towers with Radar,4,43,19,5,71,0,0,22,4,26,4,43,41,9,97,22,0,22,119
06/27/2018,LAN,MI,AGL,CE,Towers with Radar,6,52,25,3,86,0,0,0,1,1,6,52,25,4,87,0,0,0,87
06/28/2018,LAN,MI,AGL,CE,Towers with Radar,4,48,36,8,96,0,0,20,5,25,4,48,56,13,121,0,0,0,121
06/29/2018,LAN,MI,AGL,CE,Towers with Radar,4,51,18,6,79,0,2,22,4,28,4,53,40,10,107,4,0,4,111
06/30/2018,LAN,MI,AGL,CE,Towers with Radar,1,34,5,1,41,0,1,12,0,13,1,35,17,1,54,10,0,10,64
07/01/2018,LAN,MI,AGL,CE,Towers with Radar,0,19,4,0,23,0,0,6,0,6,0,19,10,0,29,0,0,0,29
07/02/2018,LAN,MI,AGL,CE,Towers with Radar,1,36,20,2,59,0,0,15,0,15,1,36,35,2,74,22,0,22,96
07/03/2018,LAN,MI,AGL,CE,Towers with Radar,6,46,31,2,85,0,0,35,0,35,6,46,66,2,120,6,0,6,126
07/04/2018,LAN,MI,AGL,CE,Towers with Radar,1,23,9,0,33,0,0,19,0,19,1,23,28,0,52,16,0,16,68
07/05/2018,LAN,MI,AGL,CE,Towers with Radar,5,43,18,6,72,0,0,11,1,12,5,43,29,7,84,0,0,0,84
07/06/2018,LAN,MI,AGL,CE,Towers with Radar,4,39,19,0,62,0,2,18,0,20,4,41,37,0,82,0,6,6,88
07/07/2018,LAN,MI,AGL,CE,Towers with Radar,1,29,18,4,52,0,2,20,0,22,1,31,38,4,74,12,0,12,86
07/08/2018,LAN,MI,AGL,CE,Towers with Radar,0,27,13,1,41,0,0,26,0,26,0,27,39,1,67,0,0,0,67
07/09/2018,LAN,MI,AGL,CE,Towers with Radar,1,42,26,4,73,0,1,19,0,20,1,43,45,4,93,8,0,8,101
07/10/2018,LAN,MI,AGL,CE,Towers with Radar,4,52,29,3,88,0,0,29,0,29,4,52,58,3,117,31,0,31,148
07/11/2018,LAN,MI,AGL,CE,Towers with Radar,6,50,34,11,101,0,0,17,4,21,6,50,51,15,122,12,0,12,134
07/12/2018,LAN,MI,AGL,CE,Towers with Radar,6,50,32,6,94,0,2,32,6,40,6,52,64,12,134,33,0,33,167
07/13/2018,LAN,MI,AGL,CE,Towers with Radar,3,52,18,6,79,0,1,36,0,37,3,53,54,6,116,20,0,20,136
07/14/2018,LAN,MI,AGL,CE,Towers with Radar,1,37,8,3,49,0,0,16,0,16,1,37,24,3,65,0,0,0,65
07/15/2018,LAN,MI,AGL,CE,Towers with Radar,0,25,14,1,40,0,1,9,0,10,0,26,23,1,50,0,0,0,50
07/16/2018,LAN,MI,AGL,CE,Towers with Radar,1,42,34,6,83,0,0,7,0,7,1,42,41,6,90,0,0,0,90
07/17/2018,LAN,MI,AGL,CE,Towers with Radar,4,47,26,2,79,0,2,21,1,24,4,49,47,3,103,29,0,29,132
07/18/2018,LAN,MI,AGL,CE,Towers with Radar,4,52,33,1,90,0,0,18,0,18,4,52,51,1,108,0,0,0,108
07/19/2018,LAN,MI,AGL,CE,Towers with Radar,6,60,39,4,109,0,0,39,1,40,6,60,78,5,149,0,0,0,149
07/20/2018,LAN,MI,AGL,CE,Towers with Radar,6,44,26,3,79,0,0,6,0,6,6,44,32,3,85,47,0,47,132
07/21/2018,LAN,MI,AGL,CE,Towers with Radar,1,41,29,0,71,0,0,1,0,1,1,41,30,0,72,0,0,0,72
07/22/2018,LAN,MI,AGL,CE,Towers with Radar,0,28,18,0,46,0,0,3,0,3,0,28,21,0,49,0,0,0,49
07/23/2018,LAN,MI,AGL,CE,Towers with Radar,1,42,32,3,78,0,0,3,2,5,1,42,35,5,83,20,2,22,105
07/24/2018,LAN,MI,AGL,CE,Towers with Radar,4,51,24,3,82,0,0,9,1,10,4,51,33,4,92,0,0,0,92
07/25/2018,LAN,MI,AGL,CE,Towers with Radar,6,49,44,6,105,0,0,42,1,43,6,49,86,7,148,10,0,10,158
07/26/2018,LAN,MI,AGL,CE,Towers with Radar,6,49,32,3,90,0,1,10,0,11,6,50,42,3,101,14,0,14,115
07/27/2018,LAN,MI,AGL,CE,Towers with Radar,6,49,13,4,72,0,1,17,0,18,6,50,30,4,90,0,0,0,90
07/28/2018,LAN,MI,AGL,CE,Towers with Radar,1,40,14,2,57,0,0,15,0,15,1,40,29,2,72,8,0,8,80
07/29/2018,LAN,MI,AGL,CE,Towers with Radar,0,26,18,1,45,0,0,21,0,21,0,26,39,1,66,0,0,0,66
07/30/2018,LAN,MI,AGL,CE,Towers with Radar,1,45,23,11,80,0,1,15,1,17,1,46,38,12,97,0,0,0,97
07/31/2018,LAN,MI,AGL,CE,Towers with Radar,6,48,21,1,76,0,0,10,1,11,6,48,31,2,87,10,0,10,97
08/01/2018,LAN,MI,AGL,CE,Towers with Radar,4,52,17,11,84,0,0,13,0,13,4,52,30,11,97,12,0,12,109
08/02/2018,LAN,MI,AGL,CE,Towers with Radar,4,54,18,4,80,0,0,17,0,17,4,54,35,4,97,0,0,0,97
08/03/2018,LAN,MI,AGL,CE,Towers with Radar,4,49,10,4,67,0,1,10,8,19,4,50,20,12,86,0,0,0,86
08/04/2018,LAN,MI,AGL,CE,Towers with Radar,3,37,9,1,50,0,0,26,0,26,3,37,35,1,76,8,0,8,84
08/05/2018,LAN,MI,AGL,CE,Towers with Radar,0,28,14,1,43,0,0,16,0,16,0,28,30,1,59,0,0,0,59
08/06/2018,LAN,MI,AGL,CE,Towers with Radar,1,40,18,1,60,0,0,1,0,1,1,40,19,1,61,0,0,0,61
08/07/2018,LAN,MI,AGL,CE,Towers with Radar,6,50,31,5,92,0,0,5,0,5,6,50,36,5,97,0,0,0,97
08/08/2018,LAN,MI,AGL,CE,Towers with Radar,6,49,24,4,83,0,0,10,0,10,6,49,34,4,93,0,0,0,93
08/09/2018,LAN,MI,AGL,CE,Towers with Radar,6,47,29,4,86,0,0,11,0,11,6,47,40,4,97,16,0,16,113
08/10/2018,LAN,MI,AGL,CE,Towers with Radar,6,49,23,2,80,0,1,16,0,17,6,50,39,2,97,12,0,12,109
08/11/2018,LAN,MI,AGL,CE,Towers with Radar,1,39,17,0,57,0,0,15,1,16,1,39,32,1,73,0,0,0,73
08/12/2018,LAN,MI,AGL,CE,Towers with Radar,0,26,4,1,31,0,0,26,0,26,0,26,30,1,57,2,0,2,59
08/13/2018,LAN,MI,AGL,CE,Towers with Radar,1,43,25,0,69,0,0,18,0,18,1,43,43,0,87,36,0,36,123
08/14/2018,LAN,MI,AGL,CE,Towers with Radar,4,49,25,3,81,0,1,33,0,34,4,50,58,3,115,18,0,18,133
08/15/2018,LAN,MI,AGL,CE,Towers with Radar,6,53,31,0,90,0,2,21,1,24,6,55,52,1,114,12,0,12,126
08/16/2018,LAN,MI,AGL,CE,Towers with Radar,8,50,22,0,80,0,0,3,0,3,8,50,25,0,83,4,0,4,87
08/17/2018,LAN,MI,AGL,CE,Towers with Radar,6,52,41,5,104,0,0,3,0,3,6,52,44,5,107,0,0,0,107
08/18/2018,LAN,MI,AGL,CE,Towers with Radar,1,43,17,0,61,0,0,18,0,18,1,43,35,0,79,0,0,0,79
08/19/2018,LAN,MI,AGL,CE,Towers with Radar,0,29,12,0,41,0,0,10,0,10,0,29,22,0,51,23,0,23,74
08/20/2018,LAN,MI,AGL,CE,Towers with Radar,2,39,21,3,65,0,2,18,0,20,2,41,39,3,85,6,0,6,91
08/21/2018,LAN,MI,AGL,CE,Towers with Radar,7,48,16,1,72,0,0,2,0,2,7,48,18,1,74,0,0,0,74
08/22/2018,LAN,MI,AGL,CE,Towers with Radar,10,50,29,5,94,0,1,20,0,21,10,51,49,5,115,6,0,6,121
08/23/2018,LAN,MI,AGL,CE,Towers with Radar,10,52,26,2,90,0,0,46,0,46,10,52,72,2,136,26,0,26,162
08/24/2018,LAN,MI,AGL,CE,Towers with Radar,10,48,34,4,96,0,5,19,0,24,10,53,53,4,120,8,0,8,128
08/25/2018,LAN,MI,AGL,CE,Towers with Radar,5,38,19,0,62,0,0,1,0,1,5,38,20,0,63,0,0,0,63
08/26/2018,LAN,MI,AGL,CE,Towers with Radar,4,25,20,4,53,0,0,3,0,3,4,25,23,4,56,22,0,22,78
08/27/2018,LAN,MI,AGL,CE,Towers with Radar,5,39,20,0,64,0,0,17,0,17,5,39,37,0,81,0,0,0,81
08/28/2018,LAN,MI,AGL,CE,Towers with Radar,9,45,16,6,76,0,0,4,0,4,9,45,20,6,80,0,4,4,84
08/29/2018,LAN,MI,AGL,CE,Towers with Radar,9,52,30,7,98,0,1,7,0,8,9,53,37,7,106,0,4,4,110
08/30/2018,LAN,MI,AGL,CE,Towers with Radar,12,46,28,9,95,0,0,19,4,23,12,46,47,13,118,0,0,0,118
08/31/2018,LAN,MI,AGL,CE,Towers with Radar,9,46,24,5,84,0,0,19,1,20,9,46,43,6,104,12,0,12,116
09/01/2018,LAN,MI,AGL,CE,Towers with Radar,5,28,4,0,37,0,0,10,0,10,5,28,14,0,47,0,0,0,47
09/02/2018,LAN,MI,AGL,CE,Towers with Radar,3,23,8,0,34,0,0,9,0,9,3,23,17,0,43,4,0,4,47
09/03/2018,LAN,MI,AGL,CE,Towers with Radar,3,19,6,0,28,0,0,5,0,5,3,19,11,0,33,8,0,8,41
09/04/2018,LAN,MI,AGL,CE,Towers with Radar,10,44,14,11,79,0,1,17,0,18,10,45,31,11,97,0,0,0,97
09/05/2018,LAN,MI,AGL,CE,Towers with Radar,8,46,14,8,76,0,0,7,0,7,8,46,21,8,83,0,0,0,83
09/06/2018,LAN,MI,AGL,CE,Towers with Radar,8,52,30,9,99,0,0,11,0,11,8,52,41,9,110,0,8,8,118
09/07/2018,LAN,MI,AGL,CE,Towers with Radar,12,48,39,6,105,0,1,24,0,25,12,49,63,6,130,8,0,8,138
09/08/2018,LAN,MI,AGL,CE,Towers with Radar,7,36,12,1,56,0,1,11,4,16,7,37,23,5,72,0,0,0,72
09/09/2018,LAN,MI,AGL,CE,Towers with Radar,4,22,20,2,48,0,0,10,0,10,4,22,30,2,58,0,0,0,58
09/10/2018,LAN,MI,AGL,CE,Towers with Radar,3,39,11,4,57,0,0,2,0,2,3,39,13,4,59,0,0,0,59
09/11/2018,LAN,MI,AGL,CE,Towers with Radar,8,47,29,5,89,0,1,13,0,14,8,48,42,5,103,0,0,0,103
09/12/2018,LAN,MI,AGL,CE,Towers with Radar,8,47,29,8,92,0,2,17,4,23,8,49,46,12,115,10,0,10,125
09/13/2018,LAN,MI,AGL,CE,Towers with Radar,6,47,54,5,112,0,0,16,1,17,6,47,70,6,129,0,0,0,129
09/14/2018,LAN,MI,AGL,CE,Towers with Radar,10,45,25,2,82,0,6,16,0,22,10,51,41,2,104,36,0,36,140
09/15/2018,LAN,MI,AGL,CE,Towers with Radar,6,33,19,2,60,0,0,16,0,16,6,33,35,2,76,0,0,0,76
09/16/2018,LAN,MI,AGL,CE,Towers with Radar,4,24,22,0,50,0,0,13,0,13,4,24,35,0,63,10,0,10,73
09/17/2018,LAN,MI,AGL,CE,Towers with Radar,3,45,23,2,73,0,0,18,1,19,3,45,41,3,92,2,0,2,94
09/18/2018,LAN,MI,AGL,CE,Towers with Radar,8,54,24,3,89,0,0,8,0,8,8,54,32,3,97,0,0,0,97
09/19/2018,LAN,MI,AGL,CE,Towers with Radar,8,49,24,3,84,0,1,11,1,13,8,50,35,4,97,12,0,12,109
09/20/2018,LAN,MI,AGL,CE,Towers with Radar,10,53,17,6,86,0,0,4,0,4,10,53,21,6,90,0,0,0,90
09/21/2018,LAN,MI,AGL,CE,Towers with Radar,13,52,19,0,84,0,1,6,0,7,13,53,25,0,91,0,0,0,91
09/22/2018,LAN,MI,AGL,CE,Towers with Radar,6,35,14,2,57,0,1,29,0,30,6,36,43,2,87,8,0,8,95
09/23/2018,LAN,MI,AGL,CE,Towers with Radar,4,29,27,0,60,0,2,31,0,33,4,31,58,0,93,0,0,0,93
09/24/2018,LAN,MI,AGL,CE,Towers with Radar,3,39,13,2,57,0,0,1,0,1,3,39,14,2,58,2,0,2,60
09/25/2018,LAN,MI,AGL,CE,Towers with Radar,8,50,22,4,84,0,0,1,0,1,8,50,23,4,85,0,0,0,85
09/26/2018,LAN,MI,AGL,CE,Towers with Radar,9,46,26,7,88,0,0,7,0,7,9,46,33,7,95,2,0,2,97
09/27/2018,LAN,MI,AGL,CE,Towers with Radar,14,51,46,8,119,0,0,26,0,26,14,51,72,8,145,7,0,7,152
09/28/2018,LAN,MI,AGL,CE,Towers with Radar,13,52,19,0,84,0,0,6,0,6,13,52,25,0,90,0,0,0,90
09/29/2018,LAN,MI,AGL,CE,Towers with Radar,5,42,12,0,59,0,0,43,0,43,5,42,55,0,102,2,0,2,104
09/30/2018,LAN,MI,AGL,CE,Towers with Radar,2,27,8,0,37,0,0,0,0,0,2,27,8,0,37,0,0,0,37
10/01/2018,LAN,MI,AGL,CE,Towers with Radar,3,44,35,0,82,0,0,0,0,0,3,44,35,0,82,0,0,0,82
10/02/2018,LAN,MI,AGL,CE,Towers with Radar,8,53,27,2,90,0,0,0,0,0,8,53,27,2,90,0,0,0,90
10/03/2018,LAN,MI,AGL,CE,Towers with Radar,10,47,28,11,96,0,0,6,2,8,10,47,34,13,104,0,2,2,106
10/04/2018,LAN,MI,AGL,CE,Towers with Radar,7,54,17,2,80,0,0,27,1,28,7,54,44,3,108,42,0,42,150
10/05/2018,LAN,MI,AGL,CE,Towers with Radar,8,53,24,2,87,0,1,3,0,4,8,54,27,2,91,0,0,0,91
10/06/2018,LAN,MI,AGL,CE,Towers with Radar,5,39,7,0,51,0,0,1,1,2,5,39,8,1,53,0,0,0,53
10/07/2018,LAN,MI,AGL,CE,Towers with Radar,0,27,20,1,48,0,0,0,0,0,0,27,20,1,48,0,0,0,48
10/08/2018,LAN,MI,AGL,CE,Towers with Radar,1,44,52,0,97,0,2,11,0,13,1,46,63,0,110,0,0,0,110
10/09/2018,LAN,MI,AGL,CE,Towers with Radar,6,49,16,1,72,2,0,16,0,18,8,49,32,1,90,10,0,10,100
10/10/2018,LAN,MI,AGL,CE,Towers with Radar,6,49,18,0,73,0,0,7,0,7,6,49,25,0,80,16,0,16,96
10/11/2018,LAN,MI,AGL,CE,Towers with Radar,7,59,23,6,95,0,1,2,1,4,7,60,25,7,99,0,0,0,99
10/12/2018,LAN,MI,AGL,CE,Towers with Radar,9,48,24,0,81,0,0,16,0,16,9,48,40,0,97,10,0,10,107
10/13/2018,LAN,MI,AGL,CE,Towers with Radar,3,34,19,0,56,0,0,40,0,40,3,34,59,0,96,0,0,0,96
10/14/2018,LAN,MI,AGL,CE,Towers with Radar,0,30,18,0,48,0,0,32,0,32,0,30,50,0,80,14,0,14,94
10/15/2018,LAN,MI,AGL,CE,Towers with Radar,1,42,31,4,78,0,0,0,0,0,1,42,31,4,78,16,0,16,94
10/16/2018,LAN,MI,AGL,CE,Towers with Radar,6,47,24,2,79,0,0,17,0,17,6,47,41,2,96,30,0,30,126
10/17/2018,LAN,MI,AGL,CE,Towers with Radar,6,48,18,8,80,0,0,10,1,11,6,48,28,9,91,4,0,4,95
10/18/2018,LAN,MI,AGL,CE,Towers with Radar,6,47,28,4,85,0,1,37,1,39,6,48,65,5,124,0,0,0,124
10/19/2018,LAN,MI,AGL,CE,Towers with Radar,6,56,27,6,95,0,2,21,1,24,6,58,48,7,119,3,0,3,122
10/20/2018,LAN,MI,AGL,CE,Towers with Radar,3,40,11,0,54,0,0,4,0,4,3,40,15,0,58,0,0,0,58
10/21/2018,LAN,MI,AGL,CE,Towers with Radar,0,32,22,2,56,0,0,19,0,19,0,32,41,2,75,0,0,0,75
10/22/2018,LAN,MI,AGL,CE,Towers with Radar,1,46,32,2,81,0,0,29,0,29,1,46,61,2,110,34,0,34,144
10/23/2018,LAN,MI,AGL,CE,Towers with Radar,9,48,19,4,80,0,0,11,0,11,9,48,30,4,91,16,0,16,107
10/24/2018,LAN,MI,AGL,CE,Towers with Radar,10,48,21,2,81,0,0,29,0,29,10,48,50,2,110,42,0,42,152
10/25/2018,LAN,MI,AGL,CE,Towers with Radar,7,47,27,11,92,0,0,14,1,15,7,47,41,12,107,0,0,0,107
10/26/2018,LAN,MI,AGL,CE,Towers with Radar,9,50,24,6,89,0,1,10,0,11,9,51,34,6,100,0,0,0,100
10/27/2018,LAN,MI,AGL,CE,Towers with Radar,3,39,14,3,59,0,0,0,0,0,3,39,14,3,59,0,0,0,59
10/28/2018,LAN,MI,AGL,CE,Towers with Radar,3,20,8,0,31,0,0,0,0,0,3,20,8,0,31,0,0,0,31
10/29/2018,LAN,MI,AGL,CE,Towers with Radar,3,37,31,5,76,0,0,16,1,17,3,37,47,6,93,12,0,12,105
10/30/2018,LAN,MI,AGL,CE,Towers with Radar,9,45,22,5,81,0,0,9,5,14,9,45,31,10,95,0,0,0,95
10/31/2018,LAN,MI,AGL,CE,Towers with Radar,8,44,26,4,82,0,0,6,1,7,8,44,32,5,89,2,0,2,91
11/01/2018,LAN,MI,AGL,CE,Towers with Radar,8,47,14,2,71,0,1,3,0,4,8,48,17,2,75,0,0,0,75
11/02/2018,LAN,MI,AGL,CE,Towers with Radar,10,48,12,2,72,0,1,4,0,5,10,49,16,2,77,30,0,30,107
11/03/2018,LAN,MI,AGL,CE,Towers with Radar,4,35,8,0,47,0,0,34,1,35,4,35,42,1,82,0,0,0,82
11/04/2018,LAN,MI,AGL,CE,Towers with Radar,2,30,3,0,35,0,1,8,0,9,2,31,11,0,44,0,0,0,44
11/05/2018,LAN,MI,AGL,CE,Towers with Radar,4,39,13,6,62,0,0,4,0,4,4,39,17,6,66,2,0,2,68
11/06/2018,LAN,MI,AGL,CE,Towers with Radar,9,51,10,3,73,0,0,0,0,0,9,51,10,3,73,0,0,0,73
11/07/2018,LAN,MI,AGL,CE,Towers with Radar,10,49,15,3,77,0,0,9,0,9,10,49,24,3,86,8,0,8,94
11/08/2018,LAN,MI,AGL,CE,Towers with Radar,10,48,23,6,87,0,0,20,0,20,10,48,43,6,107,6,0,6,113
11/09/2018,LAN,MI,AGL,CE,Towers with Radar,12,49,13,2,76,0,0,1,0,1,12,49,14,2,77,0,0,0,77
11/10/2018,LAN,MI,AGL,CE,Towers with Radar,5,41,13,0,59,0,0,5,0,5,5,41,18,0,64,0,0,0,64
11/11/2018,LAN,MI,AGL,CE,Towers with Radar,2,24,9,0,35,0,0,22,0,22,2,24,31,0,57,13,0,13,70
11/12/2018,LAN,MI,AGL,CE,Towers with Radar,3,39,27,0,69,0,0,10,0,10,3,39,37,0,79,6,0,6,85
11/13/2018,LAN,MI,AGL,CE,Towers with Radar,8,48,11,12,79,0,0,3,6,9,8,48,14,18,88,6,0,6,94
11/14/2018,LAN,MI,AGL,CE,Towers with Radar,6,48,26,5,85,0,2,40,0,42,6,50,66,5,127,42,0,42,169
11/15/2018,LAN,MI,AGL,CE,Towers with Radar,8,48,12,4,72,0,1,1,0,2,8,49,13,4,74,0,0,0,74
11/16/2018,LAN,MI,AGL,CE,Towers with Radar,10,46,17,2,75,0,0,0,0,0,10,46,17,2,75,0,0,0,75
11/17/2018,LAN,MI,AGL,CE,Towers with Radar,5,33,10,2,50,0,1,0,0,1,5,34,10,2,51,0,0,0,51
11/18/2018,LAN,MI,AGL,CE,Towers with Radar,2,21,19,0,42,0,0,3,0,3,2,21,22,0,45,0,0,0,45
11/19/2018,LAN,MI,AGL,CE,Towers with Radar,3,40,26,2,71,0,0,4,0,4,3,40,30,2,75,4,0,4,79
11/20/2018,LAN,MI,AGL,CE,Towers with Radar,14,46,30,4,94,0,0,12,0,12,14,46,42,4,106,0,0,0,106
11/21/2018,LAN,MI,AGL,CE,Towers with Radar,12,54,17,11,94,0,0,10,0,10,12,54,27,11,104,22,0,22,126
11/22/2018,LAN,MI,AGL,CE,Towers with Radar,3,18,4,0,25,0,0,5,0,5,3,18,9,0,30,0,0,0,30
11/23/2018,LAN,MI,AGL,CE,Towers with Radar,5,38,28,0,71,0,1,12,0,13,5,39,40,0,84,0,0,0,84
11/24/2018,LAN,MI,AGL,CE,Towers with Radar,7,39,5,0,51,0,0,0,0,0,7,39,5,0,51,0,0,0,51
11/25/2018,LAN,MI,AGL,CE,Towers with Radar,5,21,17,0,43,0,0,7,0,7,5,21,24,0,50,16,0,16,66
11/26/2018,LAN,MI,AGL,CE,Towers with Radar,2,31,13,0,46,0,0,0,0,0,2,31,13,0,46,0,0,0,46
11/27/2018,LAN,MI,AGL,CE,Towers with Radar,15,44,12,1,72,0,0,2,3,5,15,44,14,4,77,0,0,0,77
11/28/2018,LAN,MI,AGL,CE,Towers with Radar,18,57,31,6,112,0,0,1,2,3,18,57,32,8,115,0,0,0,115
11/29/2018,LAN,MI,AGL,CE,Towers with Radar,22,47,10,2,81,0,0,0,0,0,22,47,10,2,81,0,0,0,81
11/30/2018,LAN,MI,AGL,CE,Towers with Radar,16,45,17,2,80,0,1,8,4,13,16,46,25,6,93,30,0,30,123
12/01/2018,LAN,MI,AGL,CE,Towers with Radar,11,26,4,0,41,0,0,0,0,0,11,26,4,0,41,0,0,0,41
12/02/2018,LAN,MI,AGL,CE,Towers with Radar,5,15,12,0,32,0,0,4,0,4,5,15,16,0,36,0,0,0,36
12/03/2018,LAN,MI,AGL,CE,Towers with Radar,10,39,19,3,71,0,0,3,1,4,10,39,22,4,75,0,0,0,75
12/04/2018,LAN,MI,AGL,CE,Towers with Radar,18,47,40,4,109,0,2,23,0,25,18,49,63,4,134,16,0,16,150
12/05/2018,LAN,MI,AGL,CE,Towers with Radar,18,44,16,0,78,0,0,3,0,3,18,44,19,0,81,0,0,0,81
12/06/2018,LAN,MI,AGL,CE,Towers with Radar,20,43,21,7,91,0,0,6,2,8,20,43,27,9,99,4,0,4,103
12/07/2018,LAN,MI,AGL,CE,Towers with Radar,16,44,29,1,90,0,0,14,1,15,16,44,43,2,105,4,0,4,109
12/08/2018,LAN,MI,AGL,CE,Towers with Radar,9,29,14,1,53,0,0,24,0,24,9,29,38,1,77,4,0,4,81
12/09/2018,LAN,MI,AGL,CE,Towers with Radar,6,19,19,1,45,0,0,10,0,10,6,19,29,1,55,8,0,8,63
12/10/2018,LAN,MI,AGL,CE,Towers with Radar,7,43,24,1,75,0,0,8,0,8,7,43,32,1,83,25,0,25,108
12/11/2018,LAN,MI,AGL,CE,Towers with Radar,14,47,23,4,88,0,0,2,2,4,14,47,25,6,92,0,2,2,94
12/12/2018,LAN,MI,AGL,CE,Towers with Radar,14,51,29,2,96,0,0,2,0,2,14,51,31,2,98,10,0,10,108
12/13/2018,LAN,MI,AGL,CE,Towers with Radar,12,44,38,7,101,0,0,5,1,6,12,44,43,8,107,2,0,2,109
12/14/2018,LAN,MI,AGL,CE,Towers with Radar,9,40,9,0,58,0,0,0,0,0,9,40,9,0,58,0,0,0,58
12/15/2018,LAN,MI,AGL,CE,Towers with Radar,11,41,14,0,66,0,1,6,0,7,11,42,20,0,73,8,0,8,81
12/16/2018,LAN,MI,AGL,CE,Towers with Radar,4,19,13,2,38,0,0,0,0,0,4,19,13,2,38,0,0,0,38
12/17/2018,LAN,MI,AGL,CE,Towers with Radar,9,39,32,8,88,0,0,14,0,14,9,39,46,8,102,31,0,31,133
12/18/2018,LAN,MI,AGL,CE,Towers with Radar,17,45,36,8,106,0,0,14,4,18,17,45,50,12,124,6,0,6,130
12/19/2018,LAN,MI,AGL,CE,Towers with Radar,13,47,43,2,105,0,1,27,0,28,13,48,70,2,133,18,0,18,151
12/20/2018,LAN,MI,AGL,CE,Towers with Radar,11,47,24,0,82,0,0,0,0,0,11,47,24,0,82,0,0,0,82
12/21/2018,LAN,MI,AGL,CE,Towers with Radar,10,52,4,0,66,0,0,0,0,0,10,52,4,0,66,0,0,0,66
12/22/2018,LAN,MI,AGL,CE,Towers with Radar,12,36,10,1,59,0,0,2,0,2,12,36,12,1,61,0,0,0,61
12/23/2018,LAN,MI,AGL,CE,Towers with Radar,9,19,0,0,28,0,0,0,0,0,9,19,0,0,28,0,0,0,28
12/24/2018,LAN,MI,AGL,CE,Towers with Radar,4,35,5,0,44,0,0,6,0,6,4,35,11,0,50,0,0,0,50
12/25/2018,LAN,MI,AGL,CE,Towers with Radar,1,20,1,0,22,0,0,0,0,0,1,20,1,0,22,0,0,0,22
12/26/2018,LAN,MI,AGL,CE,Towers with Radar,11,47,30,0,88,0,0,10,0,10,11,47,40,0,98,0,0,0,98
12/27/2018,LAN,MI,AGL,CE,Towers with Radar,8,34,11,1,54,0,0,0,0,0,8,34,11,1,54,0,0,0,54
12/28/2018,LAN,MI,AGL,CE,Towers with Radar,8,42,7,2,59,0,1,0,0,1,8,43,7,2,60,0,0,0,60
12/29/2018,LAN,MI,AGL,CE,Towers with Radar,9,35,14,4,62,0,0,3,0,3,9,35,17,4,65,4,0,4,69
12/30/2018,LAN,MI,AGL,CE,Towers with Radar,6,17,14,0,37,0,1,12,0,13,6,18,26,0,50,4,0,4,54
12/31/2018,LAN,MI,AGL,CE,Towers with Radar,4,38,2,0,44,0,0,0,0,0,4,38,2,0,44,0,0,0,44
01/01/2019,LAN,MI,AGL,CE,Towers with Radar,5,18,4,0,27,0,0,0,0,0,5,18,4,0,27,0,0,0,27
01/02/2019,LAN,MI,AGL,CE,Towers with Radar,8,43,3,0,54,0,0,0,0,0,8,43,3,0,54,0,0,0,54
01/03/2019,LAN,MI,AGL,CE,Towers with Radar,11,41,22,4,78,0,0,8,0,8,11,41,30,4,86,6,0,6,92
01/04/2019,LAN,MI,AGL,CE,Towers with Radar,11,40,25,5,81,0,1,14,1,16,11,41,39,6,97,0,0,0,97
01/05/2019,LAN,MI,AGL,CE,Towers with Radar,8,34,19,2,63,0,0,38,0,38,8,34,57,2,101,14,0,14,115
01/06/2019,LAN,MI,AGL,CE,Towers with Radar,1,27,27,0,55,0,0,27,0,27,1,27,54,0,82,0,0,0,82
01/07/2019,LAN,MI,AGL,CE,Towers with Radar,7,33,2,0,42,0,0,0,0,0,7,33,2,0,42,0,0,0,42
01/08/2019,LAN,MI,AGL,CE,Towers with Radar,8,44,8,11,71,0,0,0,0,0,8,44,8,11,71,0,0,0,71
01/09/2019,LAN,MI,AGL,CE,Towers with Radar,9,49,12,0,70,0,0,1,0,1,9,49,13,0,71,0,0,0,71
01/10/2019,LAN,MI,AGL,CE,Towers with Radar,12,42,13,10,77,0,2,5,0,7,12,44,18,10,84,4,6,10,94
01/11/2019,LAN,MI,AGL,CE,Towers with Radar,6,51,10,0,67,0,1,21,0,22,6,52,31,0,89,12,0,12,101
01/12/2019,LAN,MI,AGL,CE,Towers with Radar,9,28,22,0,59,0,0,8,0,8,9,28,30,0,67,0,0,0,67
01/13/2019,LAN,MI,AGL,CE,Towers with Radar,8,23,34,0,65,0,0,22,0,22,8,23,56,0,87,4,0,4,91
01/14/2019,LAN,MI,AGL,CE,Towers with Radar,3,39,19,0,61,0,2,6,1,9,3,41,25,1,70,12,0,12,82
01/15/2019,LAN,MI,AGL,CE,Towers with Radar,6,46,8,0,60,0,1,0,0,1,6,47,8,0,61,0,0,0,61
01/16/2019,LAN,MI,AGL,CE,Towers with Radar,8,49,22,8,87,0,0,12,0,12,8,49,34,8,99,12,0,12,111
01/17/2019,LAN,MI,AGL,CE,Towers with Radar,8,48,24,5,85,0,0,6,1,7,8,48,30,6,92,12,0,12,104
01/18/2019,LAN,MI,AGL,CE,Towers with Radar,11,44,25,0,80,0,0,4,0,4,11,44,29,0,84,0,0,0,84
01/19/2019,LAN,MI,AGL,CE,Towers with Radar,6,27,2,0,35,0,0,0,0,0,6,27,2,0,35,0,0,0,35
01/20/2019,LAN,MI,AGL,CE,Towers with Radar,6,20,10,0,36,0,0,10,0,10,6,20,20,0,46,0,0,0,46
01/21/2019,LAN,MI,AGL,CE,Towers with Radar,5,40,25,0,70,0,0,13,0,13,5,40,38,0,83,12,0,12,95
01/22/2019,LAN,MI,AGL,CE,Towers with Radar,7,33,16,0,56,0,0,5,0,5,7,33,21,0,61,0,0,0,61
01/23/2019,LAN,MI,AGL,CE,Towers with Radar,11,52,11,0,74,0,0,0,1,1,11,52,11,1,75,0,0,0,75
01/24/2019,LAN,MI,AGL,CE,Towers with Radar,13,38,21,10,82,0,0,0,0,0,13,38,21,10,82,0,0,0,82
01/25/2019,LAN,MI,AGL,CE,Towers with Radar,8,52,16,1,77,0,1,2,0,3,8,53,18,1,80,0,0,0,80
01/26/2019,LAN,MI,AGL,CE,Towers with Radar,12,33,16,2,63,0,0,13,0,13,12,33,29,2,76,0,0,0,76
01/27/2019,LAN,MI,AGL,CE,Towers with Radar,4,19,14,1,38,0,0,5,1,6,4,19,19,2,44,22,0,22,66
01/28/2019,LAN,MI,AGL,CE,Towers with Radar,3,22,1,0,26,0,0,0,0,0,3,22,1,0,26,0,0,0,26
01/29/2019,LAN,MI,AGL,CE,Towers with Radar,9,40,11,0,60,0,0,0,0,0,9,40,11,0,60,0,0,0,60
01/30/2019,LAN,MI,AGL,CE,Towers with Radar,5,32,10,0,47,0,0,0,0,0,5,32,10,0,47,0,0,0,47
01/31/2019,LAN,MI,AGL,CE,Towers with Radar,10,37,9,2,58,0,0,3,0,3,10,37,12,2,61,0,0,0,61
02/01/2019,LAN,MI,AGL,CE,Towers with Radar,10,46,36,2,94,0,0,10,1,11,10,46,46,3,105,6,0,6,111
02/02/2019,LAN,MI,AGL,CE,Towers with Radar,10,32,6,0,48,0,0,6,0,6,10,32,12,0,54,0,0,0,54
02/03/2019,LAN,MI,AGL,CE,Towers with Radar,6,21,14,0,41,0,0,0,0,0,6,21,14,0,41,0,0,0,41
02/04/2019,LAN,MI,AGL,CE,Towers with Radar,11,34,18,0,63,0,0,0,0,0,11,34,18,0,63,0,0,0,63
02/05/2019,LAN,MI,AGL,CE,Towers with Radar,7,39,11,1,58,0,0,4,5,9,7,39,15,6,67,0,0,0,67
02/06/2019,LAN,MI,AGL,CE,Towers with Radar,10,41,12,0,63,0,0,0,0,0,10,41,12,0,63,0,0,0,63
02/07/2019,LAN,MI,AGL,CE,Towers with Radar,11,41,13,0,65,0,0,0,0,0,11,41,13,0,65,0,0,0,65
02/08/2019,LAN,MI,AGL,CE,Towers with Radar,16,40,14,0,70,0,0,0,0,0,16,40,14,0,70,0,0,0,70
02/09/2019,LAN,MI,AGL,CE,Towers with Radar,11,37,23,8,79,0,0,37,2,39,11,37,60,10,118,8,0,8,126
02/10/2019,LAN,MI,AGL,CE,Towers with Radar,5,23,23,2,53,0,0,6,0,6,5,23,29,2,59,8,4,12,71
02/11/2019,LAN,MI,AGL,CE,Towers with Radar,8,39,10,0,57,0,0,0,0,0,8,39,10,0,57,0,0,0,57
02/12/2019,LAN,MI,AGL,CE,Towers with Radar,7,37,13,0,57,0,0,0,0,0,7,37,13,0,57,6,0,6,63
02/13/2019,LAN,MI,AGL,CE,Towers with Radar,13,44,20,0,77,0,0,0,0,0,13,44,20,0,77,0,0,0,77
02/14/2019,LAN,MI,AGL,CE,Towers with Radar,8,46,19,9,82,0,2,11,0,13,8,48,30,9,95,6,0,6,101
02/15/2019,LAN,MI,AGL,CE,Towers with Radar,8,51,21,0,80,0,0,2,0,2,8,51,23,0,82,0,0,0,82
02/16/2019,LAN,MI,AGL,CE,Towers with Radar,6,38,18,0,62,0,1,16,0,17,6,39,34,0,79,0,0,0,79
02/17/2019,LAN,MI,AGL,CE,Towers with Radar,5,15,5,1,26,0,0,0,0,0,5,15,5,1,26,0,0,0,26
02/18/2019,LAN,MI,AGL,CE,Towers with Radar,5,36,26,0,67,0,0,16,0,16,5,36,42,0,83,18,0,18,101
02/19/2019,LAN,MI,AGL,CE,Towers with Radar,6,46,34,11,97,0,1,44,1,46,6,47,78,12,143,0,0,0,143
02/20/2019,LAN,MI,AGL,CE,Towers with Radar,9,36,10,1,56,0,2,0,0,2,9,38,10,1,58,0,0,0,58
02/21/2019,LAN,MI,AGL,CE,Towers with Radar,7,52,12,12,83,0,1,5,1,7,7,53,17,13,90,6,0,6,96
02/22/2019,LAN,MI,AGL,CE,Towers with Radar,9,44,30,0,83,0,1,27,1,29,9,45,57,1,112,6,0,6,118
02/23/2019,LAN,MI,AGL,CE,Towers with Radar,6,32,11,0,49,0,0,9,0,9,6,32,20,0,58,0,0,0,58
02/24/2019,LAN,MI,AGL,CE,Towers with Radar,6,7,2,0,15,0,0,0,0,0,6,7,2,0,15,0,0,0,15
02/25/2019,LAN,MI,AGL,CE,Towers with Radar,7,35,14,0,56,0,0,7,0,7,7,35,21,0,63,20,0,20,83
02/26/2019,LAN,MI,AGL,CE,Towers with Radar,6,45,25,5,81,0,0,7,0,7,6,45,32,5,88,0,0,0,88
02/27/2019,LAN,MI,AGL,CE,Towers with Radar,8,51,9,10,78,0,0,8,0,8,8,51,17,10,86,12,2,14,100
02/28/2019,LAN,MI,AGL,CE,Towers with Radar,8,46,17,6,77,0,0,7,0,7,8,46,24,6,84,0,0,0,84
03/01/2019,LAN,MI,AGL,CE,Towers with Radar,9,45,25,6,85,0,0,22,0,22,9,45,47,6,107,0,0,0,107
03/02/2019,LAN,MI,AGL,CE,Towers with Radar,6,33,14,3,56,0,0,3,5,8,6,33,17,8,64,4,0,4,68
03/03/2019,LAN,MI,AGL,CE,Towers with Radar,8,19,8,0,35,0,0,6,0,6,8,19,14,0,41,0,0,0,41
03/04/2019,LAN,MI,AGL,CE,Towers with Radar,7,41,16,0,64,0,2,0,0,2,7,43,16,0,66,0,0,0,66
03/05/2019,LAN,MI,AGL,CE,Towers with Radar,7,52,16,11,86,0,0,0,1,1,7,52,16,12,87,0,0,0,87
03/06/2019,LAN,MI,AGL,CE,Towers with Radar,9,51,29,6,95,0,2,2,0,4,9,53,31,6,99,0,0,0,99
03/07/2019,LAN,MI,AGL,CE,Towers with Radar,10,48,22,6,86,0,2,27,0,29,10,50,49,6,115,16,0,16,131
03/08/2019,LAN,MI,AGL,CE,Towers with Radar,8,47,14,2,71,0,0,27,2,29,8,47,41,4,100,0,0,0,100
03/09/2019,LAN,MI,AGL,CE,Towers with Radar,9,31,10,0,50,0,1,11,0,12,9,32,21,0,62,0,0,0,62
03/10/2019,LAN,MI,AGL,CE,Towers with Radar,6,21,3,0,30,0,0,0,0,0,6,21,3,0,30,0,0,0,30
03/11/2019,LAN,MI,AGL,CE,Towers with Radar,5,37,18,0,60,0,0,12,0,12,5,37,30,0,72,0,0,0,72
03/12/2019,LAN,MI,AGL,CE,Towers with Radar,6,42,28,0,76,0,4,37,4,45,6,46,65,4,121,4,0,4,125
03/13/2019,LAN,MI,AGL,CE,Towers with Radar,8,50,23,2,83,0,0,0,2,2,8,50,23,4,85,0,0,0,85
03/14/2019,LAN,MI,AGL,CE,Towers with Radar,8,40,17,2,67,0,2,0,0,2,8,42,17,2,69,0,0,0,69
03/15/2019,LAN,MI,AGL,CE,Towers with Radar,6,47,3,4,60,0,0,0,0,0,6,47,3,4,60,2,0,2,62
03/16/2019,LAN,MI,AGL,CE,Towers with Radar,6,31,16,2,55,0,0,12,0,12,6,31,28,2,67,18,0,18,85
03/17/2019,LAN,MI,AGL,CE,Towers with Radar,3,24,21,0,48,0,0,18,0,18,3,24,39,0,66,2,0,2,68
03/18/2019,LAN,MI,AGL,CE,Towers with Radar,4,42,19,1,66,0,1,27,1,29,4,43,46,2,95,6,0,6,101
03/19/2019,LAN,MI,AGL,CE,Towers with Radar,8,45,20,5,78,0,0,29,2,31,8,45,49,7,109,28,0,28,137
03/20/2019,LAN,MI,AGL,CE,Towers with Radar,9,49,18,2,78,0,0,6,0,6,9,49,24,2,84,0,0,0,84
03/21/2019,LAN,MI,AGL,CE,Towers with Radar,7,51,16,2,76,0,0,1,3,4,7,51,17,5,80,5,0,5,85
03/22/2019,LAN,MI,AGL,CE,Towers with Radar,9,47,13,8,77,0,1,7,0,8,9,48,20,8,85,0,0,0,85
03/23/2019,LAN,MI,AGL,CE,Towers with Radar,5,24,15,4,48,0,4,29,0,33,5,28,44,4,81,8,0,8,89
03/24/2019,LAN,MI,AGL,CE,Towers with Radar,5,24,20,2,51,0,0,18,0,18,5,24,38,2,69,12,0,12,81
03/25/2019,LAN,MI,AGL,CE,Towers with Radar,5,40,19,2,66,0,0,24,0,24,5,40,43,2,90,8,0,8,98
03/26/2019,LAN,MI,AGL,CE,Towers with Radar,6,50,17,7,80,0,1,37,1,39,6,51,54,8,119,0,0,0,119
03/27/2019,LAN,MI,AGL,CE,Towers with Radar,10,50,26,4,90,0,2,26,2,30,10,52,52,6,120,8,0,8,128
03/28/2019,LAN,MI,AGL,CE,Towers with Radar,10,46,23,3,82,0,0,8,1,9,10,46,31,4,91,4,0,4,95
03/29/2019,LAN,MI,AGL,CE,Towers with Radar,8,45,6,9,68,0,0,12,1,13,8,45,18,10,81,3,4,7,88
03/30/2019,LAN,MI,AGL,CE,Towers with Radar,5,28,8,0,41,0,0,0,0,0,5,28,8,0,41,0,0,0,41
03/31/2019,LAN,MI,AGL,CE,Towers with Radar,5,19,12,0,36,0,0,4,1,5,5,19,16,1,41,0,0,0,41
04/01/2019,LAN,MI,AGL,CE,Towers with Radar,7,43,21,2,73,0,1,20,0,21,7,44,41,2,94,6,0,6,100
04/02/2019,LAN,MI,AGL,CE,Towers with Radar,4,49,13,4,70,0,0,12,0,12,4,49,25,4,82,0,0,0,82
04/03/2019,LAN,MI,AGL,CE,Towers with Radar,10,45,21,0,76,0,0,18,0,18,10,45,39,0,94,0,0,0,94
04/04/2019,LAN,MI,AGL,CE,Towers with Radar,6,46,32,3,87,0,0,8,2,10,6,46,40,5,97,0,0,0,97
04/05/2019,LAN,MI,AGL,CE,Towers with Radar,8,53,23,4,88,0,1,4,0,5,8,54,27,4,93,0,0,0,93
04/06/2019,LAN,MI,AGL,CE,Towers with Radar,3,41,32,2,78,0,0,18,0,18,3,41,50,2,96,4,0,4,100
04/07/2019,LAN,MI,AGL,CE,Towers with Radar,2,23,15,0,40,0,0,12,0,12,2,23,27,0,52,0,0,0,52
04/08/2019,LAN,MI,AGL,CE,Towers with Radar,5,45,25,0,75,0,1,15,0,16,5,46,40,0,91,6,0,6,97
04/09/2019,LAN,MI,AGL,CE,Towers with Radar,5,53,28,0,86,0,0,12,1,13,5,53,40,1,99,0,0,0,99
04/10/2019,LAN,MI,AGL,CE,Towers with Radar,4,49,27,4,84,0,0,9,0,9,4,49,36,4,93,19,0,19,112
04/11/2019,LAN,MI,AGL,CE,Towers with Radar,4,47,13,3,67,0,0,5,0,5,4,47,18,3,72,0,0,0,72
04/12/2019,LAN,MI,AGL,CE,Towers with Radar,4,49,17,5,75,0,2,2,4,8,4,51,19,9,83,0,0,0,83
04/13/2019,LAN,MI,AGL,CE,Towers with Radar,1,38,16,1,56,0,1,10,0,11,1,39,26,1,67,3,0,3,70
04/14/2019,LAN,MI,AGL,CE,Towers with Radar,0,16,4,1,21,0,0,0,0,0,0,16,4,1,21,0,0,0,21
04/15/2019,LAN,MI,AGL,CE,Towers with Radar,1,40,25,0,66,0,1,14,0,15,1,41,39,0,81,6,0,6,87
04/16/2019,LAN,MI,AGL,CE,Towers with Radar,4,51,23,4,82,0,0,3,0,3,4,51,26,4,85,8,0,8,93
04/17/2019,LAN,MI,AGL,CE,Towers with Radar,4,51,39,2,96,0,0,3,0,3,4,51,42,2,99,0,0,0,99
04/18/2019,LAN,MI,AGL,CE,Towers with Radar,4,52,19,0,75,0,0,0,0,0,4,52,19,0,75,0,0,0,75
04/19/2019,LAN,MI,AGL,CE,Towers with Radar,3,44,13,0,60,0,0,0,0,0,3,44,13,0,60,0,0,0,60
04/20/2019,LAN,MI,AGL,CE,Towers with Radar,1,34,9,0,44,0,0,5,0,5,1,34,14,0,49,0,0,0,49
04/21/2019,LAN,MI,AGL,CE,Towers with Radar,0,23,7,0,30,0,0,27,0,27,0,23,34,0,57,7,0,7,64
04/22/2019,LAN,MI,AGL,CE,Towers with Radar,1,48,50,5,104,0,1,16,1,18,1,49,66,6,122,6,0,6,128
04/23/2019,LAN,MI,AGL,CE,Towers with Radar,4,48,25,6,83,0,0,7,0,7,4,48,32,6,90,0,0,0,90
04/24/2019,LAN,MI,AGL,CE,Towers with Radar,4,47,37,6,94,0,2,24,0,26,4,49,61,6,120,22,0,22,142
04/25/2019,LAN,MI,AGL,CE,Towers with Radar,4,48,39,8,99,0,0,21,0,21,4,48,60,8,120,28,0,28,148
04/26/2019,LAN,MI,AGL,CE,Towers with Radar,4,50,19,6,79,0,0,4,0,4,4,50,23,6,83,0,0,0,83
04/27/2019,LAN,MI,AGL,CE,Towers with Radar,1,34,12,0,47,0,0,17,0,17,1,34,29,0,64,0,0,0,64
04/28/2019,LAN,MI,AGL,CE,Towers with Radar,2,23,23,0,48,0,0,23,0,23,2,23,46,0,71,18,0,18,89
04/29/2019,LAN,MI,AGL,CE,Towers with Radar,1,43,20,0,64,0,0,1,0,1,1,43,21,0,65,0,0,0,65
04/30/2019,LAN,MI,AGL,CE,Towers with Radar,5,48,18,0,71,0,0,0,0,0,5,48,18,0,71,16,0,16,87
05/01/2019,LAN,MI,AGL,CE,Towers with Radar,7,46,21,2,76,0,0,0,2,2,7,46,21,4,78,4,0,4,82
05/02/2019,LAN,MI,AGL,CE,Towers with Radar,9,44,18,2,73,0,0,2,0,2,9,44,20,2,75,4,0,4,79
05/03/2019,LAN,MI,AGL,CE,Towers with Radar,7,52,22,2,83,0,0,5,0,5,7,52,27,2,88,14,0,14,102
05/04/2019,LAN,MI,AGL,CE,Towers with Radar,4,31,21,4,60,0,0,27,0,27,4,31,48,4,87,12,0,12,99
05/05/2019,LAN,MI,AGL,CE,Towers with Radar,3,32,14,2,51,0,0,24,0,24,3,32,38,2,75,0,0,0,75
05/06/2019,LAN,MI,AGL,CE,Towers with Radar,3,37,23,2,65,5,0,19,0,24,8,37,42,2,89,2,0,2,91
05/07/2019,LAN,MI,AGL,CE,Towers with Radar,5,47,26,0,78,0,1,30,0,31,5,48,56,0,109,8,0,8,117
05/08/2019,LAN,MI,AGL,CE,Towers with Radar,7,49,22,15,93,0,0,8,0,8,7,49,30,15,101,18,0,18,119
05/09/2019,LAN,MI,AGL,CE,Towers with Radar,8,49,20,2,79,0,0,1,0,1,8,49,21,2,80,0,0,0,80
05/10/2019,LAN,MI,AGL,CE,Towers with Radar,8,49,23,6,86,0,0,23,0,23,8,49,46,6,109,2,0,2,111
05/11/2019,LAN,MI,AGL,CE,Towers with Radar,5,30,15,0,50,0,0,20,0,20,5,30,35,0,70,22,0,22,92
05/12/2019,LAN,MI,AGL,CE,Towers with Radar,2,22,6,0,30,0,0,0,0,0,2,22,6,0,30,0,0,0,30
05/13/2019,LAN,MI,AGL,CE,Towers with Radar,3,38,18,4,63,0,0,11,0,11,3,38,29,4,74,8,0,8,82
05/14/2019,LAN,MI,AGL,CE,Towers with Radar,6,47,40,3,96,0,1,29,0,30,6,48,69,3,126,32,0,32,158
05/15/2019,LAN,MI,AGL,CE,Towers with Radar,7,47,43,2,99,0,1,12,0,13,7,48,55,2,112,30,0,30,142
05/16/2019,LAN,MI,AGL,CE,Towers with Radar,5,45,14,0,64,0,0,13,2,15,5,45,27,2,79,15,0,15,94
05/17/2019,LAN,MI,AGL,CE,Towers with Radar,4,51,20,10,85,0,0,10,0,10,4,51,30,10,95,4,0,4,99
05/18/2019,LAN,MI,AGL,CE,Towers with Radar,5,27,15,4,51,0,0,8,0,8,5,27,23,4,59,34,0,34,93
05/19/2019,LAN,MI,AGL,CE,Towers with Radar,2,23,2,0,27,0,0,3,0,3,2,23,5,0,30,0,0,0,30
05/20/2019,LAN,MI,AGL,CE,Towers with Radar,3,42,28,4,77,0,0,16,0,16,3,42,44,4,93,6,0,6,99
05/21/2019,LAN,MI,AGL,CE,Towers with Radar,6,48,34,4,92,18,2,25,3,48,24,50,59,7,140,0,0,0,140
05/22/2019,LAN,MI,AGL,CE,Towers with Radar,6,48,29,1,84,0,0,9,0,9,6,48,38,1,93,0,0,0,93
05/23/2019,LAN,MI,AGL,CE,Towers with Radar,5,47,36,0,88,0,0,2,0,2,5,47,38,0,90,0,0,0,90
05/24/2019,LAN,MI,AGL,CE,Towers with Radar,5,54,15,4,78,0,0,11,0,11,5,54,26,4,89,0,0,0,89
05/25/2019,LAN,MI,AGL,CE,Towers with Radar,5,28,15,0,48,0,0,6,0,6,5,28,21,0,54,6,0,6,60
05/26/2019,LAN,MI,AGL,CE,Towers with Radar,4,22,5,2,33,0,0,6,0,6,4,22,11,2,39,0,0,0,39
05/27/2019,LAN,MI,AGL,CE,Towers with Radar,2,23,10,0,35,0,5,19,0,24,2,28,29,0,59,16,0,16,75
05/28/2019,LAN,MI,AGL,CE,Towers with Radar,5,53,20,1,79,0,0,1,0,1,5,53,21,1,80,0,0,0,80
05/29/2019,LAN,MI,AGL,CE,Towers with Radar,8,49,34,2,93,0,0,1,0,1,8,49,35,2,94,0,0,0,94
05/30/2019,LAN,MI,AGL,CE,Towers with Radar,8,46,36,7,97,0,0,17,0,17,8,46,53,7,114,12,0,12,126
05/31/2019,LAN,MI,AGL,CE,Towers with Radar,8,48,40,2,98,0,1,28,0,29,8,49,68,2,127,6,0,6,133
06/01/2019,LAN,MI,AGL,CE,Towers with Radar,5,28,9,0,42,0,0,7,0,7,5,28,16,0,49,0,0,0,49
06/02/2019,LAN,MI,AGL,CE,Towers with Radar,4,19,11,0,34,0,0,27,0,27,4,19,38,0,61,12,0,12,73
06/03/2019,LAN,MI,AGL,CE,Towers with Radar,3,39,27,1,70,0,1,19,0,20,3,40,46,1,90,28,0,28,118
06/04/2019,LAN,MI,AGL,CE,Towers with Radar,4,57,22,2,85,0,2,9,0,11,4,59,31,2,96,0,0,0,96
06/05/2019,LAN,MI,AGL,CE,Towers with Radar,10,46,48,0,104,0,0,2,1,3,10,46,50,1,107,39,0,39,146
06/06/2019,LAN,MI,AGL,CE,Towers with Radar,6,47,35,2,90,0,0,16,0,16,6,47,51,2,106,22,0,22,128
06/07/2019,LAN,MI,AGL,CE,Towers with Radar,6,51,19,1,77,0,1,21,0,22,6,52,40,1,99,15,0,15,114
06/08/2019,LAN,MI,AGL,CE,Towers with Radar,8,31,13,0,52,0,0,22,0,22,8,31,35,0,74,16,0,16,90
06/09/2019,LAN,MI,AGL,CE,Towers with Radar,3,21,12,2,38,0,0,5,0,5,3,21,17,2,43,0,0,0,43
06/10/2019,LAN,MI,AGL,CE,Towers with Radar,5,51,18,0,74,0,0,1,0,1,5,51,19,0,75,0,0,0,75
06/11/2019,LAN,MI,AGL,CE,Towers with Radar,9,42,46,3,100,0,2,36,0,38,9,44,82,3,138,30,0,30,168
06/12/2019,LAN,MI,AGL,CE,Towers with Radar,7,47,21,0,75,0,0,18,1,19,7,47,39,1,94,0,0,0,94
06/13/2019,LAN,MI,AGL,CE,Towers with Radar,6,46,23,0,75,0,0,10,0,10,6,46,33,0,85,24,0,24,109
06/14/2019,LAN,MI,AGL,CE,Towers with Radar,5,45,23,0,73,0,1,19,4,24,5,46,42,4,97,50,0,50,147
06/15/2019,LAN,MI,AGL,CE,Towers with Radar,4,32,24,0,60,0,0,6,0,6,4,32,30,0,66,29,0,29,95
06/16/2019,LAN,MI,AGL,CE,Towers with Radar,5,22,25,0,52,0,0,0,0,0,5,22,25,0,52,0,0,0,52
06/17/2019,LAN,MI,AGL,CE,Towers with Radar,4,38,27,0,69,0,0,3,0,3,4,38,30,0,72,3,0,3,75
06/18/2019,LAN,MI,AGL,CE,Towers with Radar,6,43,25,0,74,0,0,28,0,28,6,43,53,0,102,44,0,44,146
06/19/2019,LAN,MI,AGL,CE,Towers with Radar,5,48,26,0,79,0,0,9,4,13,5,48,35,4,92,0,1,1,93
06/20/2019,LAN,MI,AGL,CE,Towers with Radar,11,43,24,1,79,0,0,7,0,7,11,43,31,1,86,3,0,3,89
06/21/2019,LAN,MI,AGL,CE,Towers with Radar,7,49,14,2,72,0,1,31,0,32,7,50,45,2,104,4,0,4,108
06/22/2019,LAN,MI,AGL,CE,Towers with Radar,5,31,10,1,47,0,0,32,0,32,5,31,42,1,79,10,0,10,89
06/23/2019,LAN,MI,AGL,CE,Towers with Radar,2,17,20,2,41,0,1,23,1,25,2,18,43,3,66,2,0,2,68
06/24/2019,LAN,MI,AGL,CE,Towers with Radar,3,38,14,0,55,0,0,0,0,0,3,38,14,0,55,0,0,0,55
06/25/2019,LAN,MI,AGL,CE,Towers with Radar,8,44,22,0,74,0,1,14,0,15,8,45,36,0,89,0,0,0,89
06/26/2019,LAN,MI,AGL,CE,Towers with Radar,6,47,30,0,83,0,1,29,0,30,6,48,59,0,113,0,0,0,113
06/27/2019,LAN,MI,AGL,CE,Towers with Radar,6,43,31,0,80,0,2,28,0,30,6,45,59,0,110,10,0,10,120
06/28/2019,LAN,MI,AGL,CE,Towers with Radar,7,45,16,1,69,0,2,10,1,13,7,47,26,2,82,0,0,0,82
06/29/2019,LAN,MI,AGL,CE,Towers with Radar,6,35,21,0,62,0,0,32,0,32,6,35,53,0,94,2,0,2,96
06/30/2019,LAN,MI,AGL,CE,Towers with Radar,4,16,9,0,29,0,0,20,0,20,4,16,29,0,49,0,0,0,49
07/01/2019,LAN,MI,AGL,CE,Towers with Radar,4,32,15,0,51,0,0,33,0,33,4,32,48,0,84,34,0,34,118
07/02/2019,LAN,MI,AGL,CE,Towers with Radar,9,36,18,2,65,0,2,11,2,15,9,38,29,4,80,10,0,10,90
07/03/2019,LAN,MI,AGL,CE,Towers with Radar,8,41,9,3,61,0,0,2,0,2,8,41,11,3,63,0,0,0,63
07/04/2019,LAN,MI,AGL,CE,Towers with Radar,6,12,1,0,19,0,1,2,0,3,6,13,3,0,22,0,0,0,22
07/05/2019,LAN,MI,AGL,CE,Towers with Radar,6,36,8,0,50,0,0,6,0,6,6,36,14,0,56,0,0,0,56
07/06/2019,LAN,MI,AGL,CE,Towers with Radar,3,32,4,0,39,0,1,4,0,5,3,33,8,0,44,0,0,0,44
07/07/2019,LAN,MI,AGL,CE,Towers with Radar,2,20,8,0,30,0,0,25,0,25,2,20,33,0,55,18,0,18,73
07/08/2019,LAN,MI,AGL,CE,Towers with Radar,3,36,18,0,57,0,0,28,0,28,3,36,46,0,85,26,0,26,111
07/09/2019,LAN,MI,AGL,CE,Towers with Radar,6,45,29,1,81,0,0,21,1,22,6,45,50,2,103,0,0,0,103
07/10/2019,LAN,MI,AGL,CE,Towers with Radar,6,45,35,3,89,0,6,36,0,42,6,51,71,3,131,16,0,16,147
07/11/2019,LAN,MI,AGL,CE,Towers with Radar,8,42,24,3,77,0,0,24,0,24,8,42,48,3,101,32,0,32,133
07/12/2019,LAN,MI,AGL,CE,Towers with Radar,10,46,32,0,88,0,0,13,0,13,10,46,45,0,101,0,0,0,101
07/13/2019,LAN,MI,AGL,CE,Towers with Radar,3,38,10,0,51,0,0,17,0,17,3,38,27,0,68,0,0,0,68
07/14/2019,LAN,MI,AGL,CE,Towers with Radar,2,21,13,0,36,0,0,21,0,21,2,21,34,0,57,4,0,4,61
07/15/2019,LAN,MI,AGL,CE,Towers with Radar,5,37,17,0,59,0,0,21,0,21,5,37,38,0,80,18,0,18,98
07/16/2019,LAN,MI,AGL,CE,Towers with Radar,8,42,28,4,82,0,0,13,0,13,8,42,41,4,95,12,0,12,107
07/17/2019,LAN,MI,AGL,CE,Towers with Radar,8,47,32,2,89,0,0,11,2,13,8,47,43,4,102,0,0,0,102
07/18/2019,LAN,MI,AGL,CE,Towers with Radar,7,45,26,4,82,0,0,12,0,12,7,45,38,4,94,16,0,16,110
07/19/2019,LAN,MI,AGL,CE,Towers with Radar,9,43,16,0,68,0,0,3,0,3,9,43,19,0,71,4,0,4,75
07/20/2019,LAN,MI,AGL,CE,Towers with Radar,6,35,8,0,49,0,0,7,1,8,6,35,15,1,57,0,0,0,57
07/21/2019,LAN,MI,AGL,CE,Towers with Radar,1,18,6,0,25,0,0,4,1,5,1,18,10,1,30,0,0,0,30
07/22/2019,LAN,MI,AGL,CE,Towers with Radar,3,42,39,0,84,0,1,27,0,28,3,43,66,0,112,6,0,6,118
07/23/2019,LAN,MI,AGL,CE,Towers with Radar,8,42,32,0,82,0,0,25,0,25,8,42,57,0,107,0,0,0,107
07/24/2019,LAN,MI,AGL,CE,Towers with Radar,6,43,23,1,73,0,0,24,3,27,6,43,47,4,100,0,0,0,100
07/25/2019,LAN,MI,AGL,CE,Towers with Radar,6,45,40,0,91,0,2,22,1,25,6,47,62,1,116,0,0,0,116
07/26/2019,LAN,MI,AGL,CE,Towers with Radar,8,45,14,0,67,0,2,20,0,22,8,47,34,0,89,6,0,6,95
07/27/2019,LAN,MI,AGL,CE,Towers with Radar,3,32,10,0,45,0,0,18,0,18,3,32,28,0,63,0,0,0,63
07/28/2019,LAN,MI,AGL,CE,Towers with Radar,2,22,17,0,41,0,0,14,0,14,2,22,31,0,55,0,0,0,55
07/29/2019,LAN,MI,AGL,CE,Towers with Radar,3,36,19,0,58,0,0,3,0,3,3,36,22,0,61,0,0,0,61
07/30/2019,LAN,MI,AGL,CE,Towers with Radar,6,46,27,0,79,0,0,36,0,36,6,46,63,0,115,0,0,0,115
07/31/2019,LAN,MI,AGL,CE,Towers with Radar,6,47,17,6,76,0,0,17,1,18,6,47,34,7,94,22,0,22,116
08/01/2019,LAN,MI,AGL,CE,Towers with Radar,8,46,23,2,79,0,0,37,3,40,8,46,60,5,119,0,0,0,119
08/02/2019,LAN,MI,AGL,CE,Towers with Radar,6,41,18,0,65,0,0,43,0,43,6,41,61,0,108,16,0,16,124
08/03/2019,LAN,MI,AGL,CE,Towers with Radar,3,36,15,0,54,0,0,13,1,14,3,36,28,1,68,6,0,6,74
08/04/2019,LAN,MI,AGL,CE,Towers with Radar,2,18,16,0,36,0,0,14,0,14,2,18,30,0,50,0,0,0,50
08/05/2019,LAN,MI,AGL,CE,Towers with Radar,3,39,15,0,57,0,0,18,0,18,3,39,33,0,75,0,0,0,75
08/06/2019,LAN,MI,AGL,CE,Towers with Radar,8,43,25,0,76,0,0,4,0,4,8,43,29,0,80,17,0,17,97
08/07/2019,LAN,MI,AGL,CE,Towers with Radar,12,39,31,2,84,0,0,27,0,27,12,39,58,2,111,0,0,0,111
08/08/2019,LAN,MI,AGL,CE,Towers with Radar,6,44,33,0,83,0,0,12,0,12,6,44,45,0,95,8,0,8,103
08/09/2019,LAN,MI,AGL,CE,Towers with Radar,8,42,16,2,68,0,3,29,1,33,8,45,45,3,101,16,0,16,117
08/10/2019,LAN,MI,AGL,CE,Towers with Radar,2,36,14,0,52,0,0,22,0,22,2,36,36,0,74,24,0,24,98
08/11/2019,LAN,MI,AGL,CE,Towers with Radar,2,24,10,2,38,0,0,12,0,12,2,24,22,2,50,8,0,8,58
08/12/2019,LAN,MI,AGL,CE,Towers with Radar,3,40,10,2,55,0,0,9,0,9,3,40,19,2,64,18,0,18,82
08/13/2019,LAN,MI,AGL,CE,Towers with Radar,6,48,14,2,70,0,0,19,0,19,6,48,33,2,89,37,0,37,126
08/14/2019,LAN,MI,AGL,CE,Towers with Radar,6,46,32,0,84,0,1,20,1,22,6,47,52,1,106,0,0,0,106
08/15/2019,LAN,MI,AGL,CE,Towers with Radar,6,50,35,2,93,0,1,14,0,15,6,51,49,2,108,0,0,0,108
08/16/2019,LAN,MI,AGL,CE,Towers with Radar,8,46,20,0,74,0,0,13,1,14,8,46,33,1,88,8,0,8,96
08/17/2019,LAN,MI,AGL,CE,Towers with Radar,5,35,4,0,44,0,0,28,0,28,5,35,32,0,72,8,0,8,80
08/18/2019,LAN,MI,AGL,CE,Towers with Radar,1,19,12,0,32,0,0,3,0,3,1,19,15,0,35,0,0,0,35
08/19/2019,LAN,MI,AGL,CE,Towers with Radar,4,41,18,1,64,0,2,18,0,20,4,43,36,1,84,28,0,28,112
08/20/2019,LAN,MI,AGL,CE,Towers with Radar,2,23,12,0,37,0,0,3,0,3,2,23,15,0,40,8,0,8,48
08/21/2019,LAN,MI,AGL,CE,Towers with Radar,10,38,28,2,78,0,0,11,0,11,10,38,39,2,89,8,0,8,97
08/22/2019,LAN,MI,AGL,CE,Towers with Radar,8,40,11,0,59,0,2,31,0,33,8,42,42,0,92,0,0,0,92
08/23/2019,LAN,MI,AGL,CE,Towers with Radar,8,43,24,0,75,0,2,41,0,43,8,45,65,0,118,12,0,12,130
08/24/2019,LAN,MI,AGL,CE,Towers with Radar,5,33,4,0,42,0,1,15,0,16,5,34,19,0,58,22,0,22,80
08/25/2019,LAN,MI,AGL,CE,Towers with Radar,2,20,15,0,37,0,0,21,0,21,2,20,36,0,58,2,0,2,60
08/26/2019,LAN,MI,AGL,CE,Towers with Radar,3,41,22,0,66,0,0,6,0,6,3,41,28,0,72,0,0,0,72
08/27/2019,LAN,MI,AGL,CE,Towers with Radar,6,47,21,0,74,0,0,12,0,12,6,47,33,0,86,0,0,0,86
08/28/2019,LAN,MI,AGL,CE,Towers with Radar,7,44,24,2,77,0,0,18,0,18,7,44,42,2,95,4,0,4,99
08/29/2019,LAN,MI,AGL,CE,Towers with Radar,8,44,26,0,78,0,0,19,0,19,8,44,45,0,97,24,0,24,121
08/30/2019,LAN,MI,AGL,CE,Towers with Radar,7,47,16,2,72,0,0,25,0,25,7,47,41,2,97,0,0,0,97
08/31/2019,LAN,MI,AGL,CE,Towers with Radar,4,32,10,0,46,0,1,15,0,16,4,33,25,0,62,2,0,2,64
09/01/2019,LAN,MI,AGL,CE,Towers with Radar,2,13,5,0,20,0,0,3,0,3,2,13,8,0,23,0,0,0,23
09/02/2019,LAN,MI,AGL,CE,Towers with Radar,3,22,21,0,46,0,1,9,0,10,3,23,30,0,56,0,0,0,56
09/03/2019,LAN,MI,AGL,CE,Towers with Radar,4,50,16,2,72,0,0,0,0,0,4,50,16,2,72,0,0,0,72
09/04/2019,LAN,MI,AGL,CE,Towers with Radar,8,50,23,1,82,0,0,18,0,18,8,50,41,1,100,33,0,33,133
09/05/2019,LAN,MI,AGL,CE,Towers with Radar,8,48,29,0,85,0,1,29,0,30,8,49,58,0,115,0,0,0,115
09/06/2019,LAN,MI,AGL,CE,Towers with Radar,10,45,27,0,82,0,1,3,0,4,10,46,30,0,86,0,0,0,86
09/07/2019,LAN,MI,AGL,CE,Towers with Radar,3,34,33,0,70,0,0,12,0,12,3,34,45,0,82,0,0,0,82
09/08/2019,LAN,MI,AGL,CE,Towers with Radar,2,24,14,0,40,0,0,14,0,14,2,24,28,0,54,18,0,18,72
09/09/2019,LAN,MI,AGL,CE,Towers with Radar,3,40,20,2,65,0,0,7,0,7,3,40,27,2,72,0,0,0,72
09/10/2019,LAN,MI,AGL,CE,Towers with Radar,6,46,13,0,65,0,0,5,0,5,6,46,18,0,70,0,0,0,70
09/11/2019,LAN,MI,AGL,CE,Towers with Radar,6,46,28,1,81,0,0,8,1,9,6,46,36,2,90,0,0,0,90
09/12/2019,LAN,MI,AGL,CE,Towers with Radar,9,49,26,7,91,0,0,0,0,0,9,49,26,7,91,0,0,0,91
09/13/2019,LAN,MI,AGL,CE,Towers with Radar,7,50,21,3,81,0,0,5,0,5,7,50,26,3,86,18,0,18,104
09/14/2019,LAN,MI,AGL,CE,Towers with Radar,5,41,18,0,64,0,0,30,0,30,5,41,48,0,94,0,0,0,94
09/15/2019,LAN,MI,AGL,CE,Towers with Radar,4,26,16,0,46,0,0,5,0,5,4,26,21,0,51,0,0,0,51
09/16/2019,LAN,MI,AGL,CE,Towers with Radar,3,37,24,0,64,0,1,11,1,13,3,38,35,1,77,6,0,6,83
09/17/2019,LAN,MI,AGL,CE,Towers with Radar,6,44,34,0,84,0,0,16,0,16,6,44,50,0,100,6,0,6,106
09/18/2019,LAN,MI,AGL,CE,Towers with Radar,8,43,18,2,71,0,0,40,0,40,8,43,58,2,111,12,0,12,123
09/19/2019,LAN,MI,AGL,CE,Towers with Radar,6,52,42,6,106,0,0,41,2,43,6,52,83,8,149,16,0,16,165
09/20/2019,LAN,MI,AGL,CE,Towers with Radar,8,50,24,5,87,0,0,34,0,34,8,50,58,5,121,24,0,24,145
09/21/2019,LAN,MI,AGL,CE,Towers with Radar,5,34,14,2,55,1,0,8,0,9,6,34,22,2,64,6,0,6,70
09/22/2019,LAN,MI,AGL,CE,Towers with Radar,2,25,10,0,37,0,0,2,0,2,2,25,12,0,39,0,0,0,39
09/23/2019,LAN,MI,AGL,CE,Towers with Radar,3,50,22,2,77,0,2,8,0,10,3,52,30,2,87,0,0,0,87
09/24/2019,LAN,MI,AGL,CE,Towers with Radar,6,54,32,1,93,0,6,21,2,29,6,60,53,3,122,30,0,30,152
09/25/2019,LAN,MI,AGL,CE,Towers with Radar,6,50,7,3,66,0,4,5,1,10,6,54,12,4,76,0,0,0,76
09/26/2019,LAN,MI,AGL,CE,Towers with Radar,6,47,35,2,90,0,0,23,1,24,6,47,58,3,114,12,0,12,126
09/27/2019,LAN,MI,AGL,CE,Towers with Radar,8,47,22,2,79,0,0,5,1,6,8,47,27,3,85,2,0,2,87
09/28/2019,LAN,MI,AGL,CE,Towers with Radar,5,31,26,0,62,0,1,3,0,4,5,32,29,0,66,0,0,0,66
09/29/2019,LAN,MI,AGL,CE,Towers with Radar,2,21,18,0,41,0,0,4,0,4,2,21,22,0,45,0,0,0,45
09/30/2019,LAN,MI,AGL,CE,Towers with Radar,4,40,15,0,59,0,0,5,0,5,4,40,20,0,64,10,0,10,74
10/01/2019,LAN,MI,AGL,CE,Towers with Radar,7,48,28,5,88,0,0,9,0,9,7,48,37,5,97,18,0,18,115
10/02/2019,LAN,MI,AGL,CE,Towers with Radar,6,44,21,1,72,0,0,0,0,0,6,44,21,1,72,0,0,0,72
10/03/2019,LAN,MI,AGL,CE,Towers with Radar,6,45,17,0,68,0,0,2,0,2,6,45,19,0,70,0,0,0,70
10/04/2019,LAN,MI,AGL,CE,Towers with Radar,8,45,19,0,72,0,1,19,0,20,8,46,38,0,92,10,0,10,102
10/05/2019,LAN,MI,AGL,CE,Towers with Radar,5,34,13,0,52,0,0,15,0,15,5,34,28,0,67,10,0,10,77
10/06/2019,LAN,MI,AGL,CE,Towers with Radar,6,22,22,0,50,0,0,3,0,3,6,22,25,0,53,0,0,0,53
10/07/2019,LAN,MI,AGL,CE,Towers with Radar,3,40,23,1,67,0,1,35,0,36,3,41,58,1,103,0,0,0,103
10/08/2019,LAN,MI,AGL,CE,Towers with Radar,8,42,22,2,74,0,3,29,1,33,8,45,51,3,107,18,0,18,125
10/09/2019,LAN,MI,AGL,CE,Towers with Radar,6,51,31,2,90,0,0,40,0,40,6,51,71,2,130,17,0,17,147
10/10/2019,LAN,MI,AGL,CE,Towers with Radar,10,46,35,0,91,0,1,25,0,26,10,47,60,0,117,14,0,14,131
10/11/2019,LAN,MI,AGL,CE,Towers with Radar,10,42,10,0,62,0,0,1,0,1,10,42,11,0,63,0,0,0,63
10/12/2019,LAN,MI,AGL,CE,Towers with Radar,8,36,12,2,58,0,0,5,2,7,8,36,17,4,65,0,0,0,65
10/13/2019,LAN,MI,AGL,CE,Towers with Radar,2,24,14,0,40,0,0,3,0,3,2,24,17,0,43,0,0,0,43
10/14/2019,LAN,MI,AGL,CE,Towers with Radar,4,38,28,0,70,0,0,15,0,15,4,38,43,0,85,4,0,4,89
10/15/2019,LAN,MI,AGL,CE,Towers with Radar,11,44,18,1,74,0,0,10,1,11,11,44,28,2,85,10,8,18,103
10/16/2019,LAN,MI,AGL,CE,Towers with Radar,11,43,22,2,78,0,0,0,0,0,11,43,22,2,78,0,0,0,78
10/17/2019,LAN,MI,AGL,CE,Towers with Radar,6,44,28,0,78,0,0,19,0,19,6,44,47,0,97,12,0,12,109
10/18/2019,LAN,MI,AGL,CE,Towers with Radar,8,46,21,0,75,0,0,37,1,38,8,46,58,1,113,1,1,2,115
10/19/2019,LAN,MI,AGL,CE,Towers with Radar,5,34,9,0,48,0,0,20,0,20,5,34,29,0,68,24,0,24,92
10/20/2019,LAN,MI,AGL,CE,Towers with Radar,3,23,4,0,30,0,0,27,0,27,3,23,31,0,57,12,0,12,69
10/21/2019,LAN,MI,AGL,CE,Towers with Radar,3,38,19,0,60,0,0,0,2,2,3,38,19,2,62,0,0,0,62
10/22/2019,LAN,MI,AGL,CE,Towers with Radar,7,43,20,0,70,0,0,5,0,5,7,43,25,0,75,0,0,0,75
10/23/2019,LAN,MI,AGL,CE,Towers with Radar,6,50,20,0,76,0,0,6,0,6,6,50,26,0,82,19,0,19,101
10/24/2019,LAN,MI,AGL,CE,Towers with Radar,8,45,17,2,72,0,1,27,0,28,8,46,44,2,100,6,0,6,106
10/25/2019,LAN,MI,AGL,CE,Towers with Radar,8,52,27,2,89,0,0,22,0,22,8,52,49,2,111,10,0,10,121
10/26/2019,LAN,MI,AGL,CE,Towers with Radar,5,37,16,0,58,0,0,17,0,17,5,37,33,0,75,0,0,0,75
10/27/2019,LAN,MI,AGL,CE,Towers with Radar,4,24,20,0,48,0,0,2,0,2,4,24,22,0,50,0,0,0,50
10/28/2019,LAN,MI,AGL,CE,Towers with Radar,3,33,21,0,57,0,0,20,0,20,3,33,41,0,77,8,0,8,85
10/29/2019,LAN,MI,AGL,CE,Towers with Radar,5,44,27,5,81,0,0,0,0,0,5,44,27,5,81,8,0,8,89
10/30/2019,LAN,MI,AGL,CE,Towers with Radar,8,35,18,4,65,0,0,0,0,0,8,35,18,4,65,0,0,0,65
10/31/2019,LAN,MI,AGL,CE,Towers with Radar,8,38,8,0,54,0,0,0,0,0,8,38,8,0,54,0,0,0,54
11/01/2019,LAN,MI,AGL,CE,Towers with Radar,6,42,18,1,67,0,0,21,0,21,6,42,39,1,88,17,0,17,105
11/02/2019,LAN,MI,AGL,CE,Towers with Radar,4,37,6,0,47,0,0,7,0,7,4,37,13,0,54,0,0,0,54
11/03/2019,LAN,MI,AGL,CE,Towers with Radar,3,18,8,0,29,0,0,12,0,12,3,18,20,0,41,0,0,0,41
11/04/2019,LAN,MI,AGL,CE,Towers with Radar,7,38,12,0,57,0,0,12,0,12,7,38,24,0,69,0,0,0,69
11/05/2019,LAN,MI,AGL,CE,Towers with Radar,12,44,16,1,73,0,0,34,0,34,12,44,50,1,107,26,0,26,133
11/06/2019,LAN,MI,AGL,CE,Towers with Radar,11,41,25,2,79,0,0,2,0,2,11,41,27,2,81,0,0,0,81
11/07/2019,LAN,MI,AGL,CE,Towers with Radar,9,44,21,4,78,0,2,12,1,15,9,46,33,5,93,4,0,4,97
11/08/2019,LAN,MI,AGL,CE,Towers with Radar,12,44,21,1,78,0,0,41,1,42,12,44,62,2,120,28,0,28,148
11/09/2019,LAN,MI,AGL,CE,Towers with Radar,9,34,12,2,57,0,1,13,2,16,9,35,25,4,73,4,0,4,77
11/10/2019,LAN,MI,AGL,CE,Towers with Radar,6,18,10,1,35,0,0,0,0,0,6,18,10,1,35,0,0,0,35
11/11/2019,LAN,MI,AGL,CE,Towers with Radar,4,30,8,0,42,0,0,0,0,0,4,30,8,0,42,0,0,0,42
11/12/2019,LAN,MI,AGL,CE,Towers with Radar,10,44,21,1,76,0,0,7,0,7,10,44,28,1,83,0,0,0,83
11/13/2019,LAN,MI,AGL,CE,Towers with Radar,13,40,16,0,69,0,0,6,0,6,13,40,22,0,75,0,0,0,75
11/14/2019,LAN,MI,AGL,CE,Towers with Radar,10,41,12,0,63,0,0,0,0,0,10,41,12,0,63,0,0,0,63
11/15/2019,LAN,MI,AGL,CE,Towers with Radar,11,45,13,0,69,0,1,6,0,7,11,46,19,0,76,7,0,7,83
11/16/2019,LAN,MI,AGL,CE,Towers with Radar,7,32,22,0,61,0,0,35,0,35,7,32,57,0,96,14,0,14,110
11/17/2019,LAN,MI,AGL,CE,Towers with Radar,5,17,5,0,27,0,0,35,0,35,5,17,40,0,62,10,0,10,72
11/18/2019,LAN,MI,AGL,CE,Towers with Radar,5,45,12,0,62,0,0,15,0,15,5,45,27,0,77,10,0,10,87
11/19/2019,LAN,MI,AGL,CE,Towers with Radar,10,42,24,2,78,0,0,0,0,0,10,42,24,2,78,0,0,0,78
11/20/2019,LAN,MI,AGL,CE,Towers with Radar,10,42,24,1,77,0,0,5,1,6,10,42,29,2,83,4,0,4,87
11/21/2019,LAN,MI,AGL,CE,Towers with Radar,10,46,18,0,74,0,0,2,0,2,10,46,20,0,76,4,0,4,80
11/22/2019,LAN,MI,AGL,CE,Towers with Radar,13,45,25,2,85,0,0,25,0,25,13,45,50,2,110,22,0,22,132
11/23/2019,LAN,MI,AGL,CE,Towers with Radar,9,34,23,0,66,0,0,39,0,39,9,34,62,0,105,20,0,20,125
11/24/2019,LAN,MI,AGL,CE,Towers with Radar,5,19,13,0,37,0,0,23,0,23,5,19,36,0,60,0,0,0,60
11/25/2019,LAN,MI,AGL,CE,Towers with Radar,5,34,25,1,65,0,0,21,1,22,5,34,46,2,87,0,6,6,93
11/26/2019,LAN,MI,AGL,CE,Towers with Radar,14,49,27,1,91,0,0,6,0,6,14,49,33,1,97,8,0,8,105
11/27/2019,LAN,MI,AGL,CE,Towers with Radar,16,38,7,1,62,0,0,0,0,0,16,38,7,1,62,0,0,0,62
11/28/2019,LAN,MI,AGL,CE,Towers with Radar,8,11,5,0,24,0,0,0,0,0,8,11,5,0,24,0,0,0,24
11/29/2019,LAN,MI,AGL,CE,Towers with Radar,9,44,10,0,63,0,1,3,0,4,9,45,13,0,67,0,0,0,67
11/30/2019,LAN,MI,AGL,CE,Towers with Radar,5,39,4,0,48,0,0,4,0,4,5,39,8,0,52,0,0,0,52
12/01/2019,LAN,MI,AGL,CE,Towers with Radar,9,25,8,0,42,0,0,0,0,0,9,25,8,0,42,0,0,0,42
12/02/2019,LAN,MI,AGL,CE,Towers with Radar,5,41,10,0,56,0,0,3,0,3,5,41,13,0,59,0,0,0,59
12/03/2019,LAN,MI,AGL,CE,Towers with Radar,12,69,37,0,118,0,0,5,0,5,12,69,42,0,123,20,0,20,143
12/04/2019,LAN,MI,AGL,CE,Towers with Radar,14,63,35,0,112,0,0,8,0,8,14,63,43,0,120,18,0,18,138
12/05/2019,LAN,MI,AGL,CE,Towers with Radar,14,52,35,0,101,0,1,22,0,23,14,53,57,0,124,20,0,20,144
12/06/2019,LAN,MI,AGL,CE,Towers with Radar,8,55,16,0,79,0,0,13,0,13,8,55,29,0,92,0,0,0,92
12/07/2019,LAN,MI,AGL,CE,Towers with Radar,7,37,15,0,59,0,0,37,0,37,7,37,52,0,96,10,0,10,106
12/08/2019,LAN,MI,AGL,CE,Towers with Radar,4,23,11,0,38,0,0,2,0,2,4,23,13,0,40,0,0,0,40
12/09/2019,LAN,MI,AGL,CE,Towers with Radar,5,39,20,2,66,0,0,0,0,0,5,39,20,2,66,0,0,0,66
12/10/2019,LAN,MI,AGL,CE,Towers with Radar,12,53,22,2,89,0,0,0,0,0,12,53,22,2,89,6,0,6,95
12/11/2019,LAN,MI,AGL,CE,Towers with Radar,11,53,22,1,87,0,0,5,0,5,11,53,27,1,92,2,0,2,94
12/12/2019,LAN,MI,AGL,CE,Towers with Radar,13,59,25,2,99,0,0,7,0,7,13,59,32,2,106,6,0,6,112
12/13/2019,LAN,MI,AGL,CE,Towers with Radar,7,51,22,0,80,0,0,26,0,26,7,51,48,0,106,2,0,2,108
12/14/2019,LAN,MI,AGL,CE,Towers with Radar,5,34,10,0,49,0,0,0,0,0,5,34,10,0,49,0,0,0,49
12/15/2019,LAN,MI,AGL,CE,Towers with Radar,4,16,3,0,23,0,0,5,0,5,4,16,8,0,28,1,2,3,31
12/16/2019,LAN,MI,AGL,CE,Towers with Radar,4,39,23,1,67,0,0,14,0,14,4,39,37,1,81,0,0,0,81
12/17/2019,LAN,MI,AGL,CE,Towers with Radar,13,54,30,4,101,0,1,20,1,22,13,55,50,5,123,12,0,12,135
12/18/2019,LAN,MI,AGL,CE,Towers with Radar,12,52,20,0,84,0,0,8,2,10,12,52,28,2,94,0,0,0,94
12/19/2019,LAN,MI,AGL,CE,Towers with Radar,14,50,27,1,92,0,0,14,0,14,14,50,41,1,106,5,0,5,111
12/20/2019,LAN,MI,AGL,CE,Towers with Radar,12,47,14,0,73,0,0,18,0,18,12,47,32,0,91,0,0,0,91
12/21/2019,LAN,MI,AGL,CE,Towers with Radar,14,45,11,0,70,0,0,23,0,23,14,45,34,0,93,12,0,12,105
12/22/2019,LAN,MI,AGL,CE,Towers with Radar,15,16,2,0,33,0,0,7,0,7,15,16,9,0,40,0,0,0,40
12/23/2019,LAN,MI,AGL,CE,Towers with Radar,11,47,10,1,69,0,0,23,1,24,11,47,33,2,93,0,0,0,93
12/24/2019,LAN,MI,AGL,CE,Towers with Radar,12,47,9,0,68,0,0,0,0,0,12,47,9,0,68,0,0,0,68
12/25/2019,LAN,MI,AGL,CE,Towers with Radar,3,17,0,0,20,0,0,1,0,1,3,17,1,0,21,0,0,0,21
12/26/2019,LAN,MI,AGL,CE,Towers with Radar,8,43,0,0,51,0,0,8,0,8,8,43,8,0,59,12,0,12,71
12/27/2019,LAN,MI,AGL,CE,Towers with Radar,12,50,9,0,71,0,1,1,0,2,12,51,10,0,73,0,0,0,73
12/28/2019,LAN,MI,AGL,CE,Towers with Radar,11,34,6,0,51,0,0,9,0,9,11,34,15,0,60,0,0,0,60
12/29/2019,LAN,MI,AGL,CE,Towers with Radar,7,22,7,0,36,0,0,0,0,0,7,22,7,0,36,0,0,0,36
12/30/2019,LAN,MI,AGL,CE,Towers with Radar,3,33,2,0,38,0,0,1,0,1,3,33,3,0,39,0,0,0,39
12/31/2019,LAN,MI,AGL,CE,Towers with Radar,12,43,0,0,55,0,0,1,0,1,12,43,1,0,56,0,0,0,56
01/01/2020,LAN,MI,AGL,CE,Towers with Radar,5,19,10,0,34,0,2,18,0,20,5,21,28,0,54,0,0,0,54
01/02/2020,LAN,MI,AGL,CE,Towers with Radar,11,44,14,0,69,0,0,6,0,6,11,44,20,0,75,0,0,0,75
01/03/2020,LAN,MI,AGL,CE,Towers with Radar,11,45,14,0,70,0,0,1,0,1,11,45,15,0,71,0,0,0,71
01/04/2020,LAN,MI,AGL,CE,Towers with Radar,4,37,6,0,47,0,0,1,0,1,4,37,7,0,48,0,0,0,48
01/05/2020,LAN,MI,AGL,CE,Towers with Radar,3,18,16,0,37,0,0,4,0,4,3,18,20,0,41,0,0,0,41
01/06/2020,LAN,MI,AGL,CE,Towers with Radar,4,35,20,0,59,0,1,17,0,18,4,36,37,0,77,0,0,0,77
01/07/2020,LAN,MI,AGL,CE,Towers with Radar,11,47,19,4,81,0,0,11,2,13,11,47,30,6,94,0,0,0,94
01/08/2020,LAN,MI,AGL,CE,Towers with Radar,14,49,20,0,83,0,0,17,0,17,14,49,37,0,100,0,0,0,100
01/09/2020,LAN,MI,AGL,CE,Towers with Radar,15,49,22,2,88,0,0,11,0,11,15,49,33,2,99,0,0,0,99
01/10/2020,LAN,MI,AGL,CE,Towers with Radar,9,57,10,0,76,0,0,0,0,0,9,57,10,0,76,0,0,0,76
01/11/2020,LAN,MI,AGL,CE,Towers with Radar,5,17,3,0,25,0,0,0,0,0,5,17,3,0,25,0,0,0,25
01/12/2020,LAN,MI,AGL,CE,Towers with Radar,11,17,15,0,43,0,0,0,0,0,11,17,15,0,43,0,0,0,43
01/13/2020,LAN,MI,AGL,CE,Towers with Radar,6,39,14,0,59,0,0,0,0,0,6,39,14,0,59,0,0,0,59
01/14/2020,LAN,MI,AGL,CE,Towers with Radar,9,44,21,0,74,0,12,3,0,15,9,56,24,0,89,0,0,0,89
01/15/2020,LAN,MI,AGL,CE,Towers with Radar,8,43,15,0,66,0,0,9,0,9,8,43,24,0,75,0,0,0,75
01/16/2020,LAN,MI,AGL,CE,Towers with Radar,14,44,19,1,78,0,0,2,0,2,14,44,21,1,80,0,0,0,80
01/17/2020,LAN,MI,AGL,CE,Towers with Radar,11,38,25,2,76,0,2,22,0,24,11,40,47,2,100,6,0,6,106
01/18/2020,LAN,MI,AGL,CE,Towers with Radar,9,14,0,0,23,0,0,0,0,0,9,14,0,0,23,0,0,0,23
01/19/2020,LAN,MI,AGL,CE,Towers with Radar,6,16,1,0,23,0,0,2,0,2,6,16,3,0,25,0,0,0,25
01/20/2020,LAN,MI,AGL,CE,Towers with Radar,5,37,19,0,61,0,0,7,0,7,5,37,26,0,68,8,0,8,76
01/21/2020,LAN,MI,AGL,CE,Towers with Radar,9,44,21,4,78,0,1,20,0,21,9,45,41,4,99,26,2,28,127
01/22/2020,LAN,MI,AGL,CE,Towers with Radar,13,51,34,0,98,0,0,13,0,13,13,51,47,0,111,1,0,1,112
01/23/2020,LAN,MI,AGL,CE,Towers with Radar,10,49,17,2,78,0,0,6,0,6,10,49,23,2,84,6,0,6,90
01/24/2020,LAN,MI,AGL,CE,Towers with Radar,10,45,10,0,65,0,1,0,0,1,10,46,10,0,66,0,0,0,66
01/25/2020,LAN,MI,AGL,CE,Towers with Radar,10,32,4,0,46,0,0,0,0,0,10,32,4,0,46,0,0,0,46
01/26/2020,LAN,MI,AGL,CE,Towers with Radar,13,12,9,0,34,0,0,0,0,0,13,12,9,0,34,0,0,0,34
01/27/2020,LAN,MI,AGL,CE,Towers with Radar,5,36,6,0,47,0,0,2,0,2,5,36,8,0,49,0,0,0,49
01/28/2020,LAN,MI,AGL,CE,Towers with Radar,9,48,17,0,74,0,0,1,0,1,9,48,18,0,75,0,0,0,75
01/29/2020,LAN,MI,AGL,CE,Towers with Radar,10,47,15,0,72,0,0,5,0,5,10,47,20,0,77,0,0,0,77
01/30/2020,LAN,MI,AGL,CE,Towers with Radar,12,50,17,1,80,0,0,16,1,17,12,50,33,2,97,4,0,4,101
01/31/2020,LAN,MI,AGL,CE,Towers with Radar,14,41,15,5,75,0,0,8,2,10,14,41,23,7,85,6,0,6,91
02/01/2020,LAN,MI,AGL,CE,Towers with Radar,13,28,7,2,50,0,0,0,0,0,13,28,7,2,50,28,0,28,78
02/02/2020,LAN,MI,AGL,CE,Towers with Radar,8,17,6,6,37,0,0,8,2,10,8,17,14,8,47,0,0,0,47
02/03/2020,LAN,MI,AGL,CE,Towers with Radar,7,41,22,0,70,0,0,34,1,35,7,41,56,1,105,0,0,0,105
02/04/2020,LAN,MI,AGL,CE,Towers with Radar,14,46,27,0,87,0,0,15,0,15,14,46,42,0,102,0,0,0,102
02/05/2020,LAN,MI,AGL,CE,Towers with Radar,8,48,18,4,78,0,0,4,1,5,8,48,22,5,83,6,0,6,89
02/06/2020,LAN,MI,AGL,CE,Towers with Radar,11,47,16,0,74,0,0,1,0,1,11,47,17,0,75,0,0,0,75
02/07/2020,LAN,MI,AGL,CE,Towers with Radar,9,43,18,4,74,0,0,7,0,7,9,43,25,4,81,0,0,0,81
02/08/2020,LAN,MI,AGL,CE,Towers with Radar,11,28,4,0,43,0,0,1,0,1,11,28,5,0,44,0,0,0,44
02/09/2020,LAN,MI,AGL,CE,Towers with Radar,11,13,7,0,31,0,0,0,0,0,11,13,7,0,31,0,0,0,31
02/10/2020,LAN,MI,AGL,CE,Towers with Radar,10,44,12,4,70,0,0,1,0,1,10,44,13,4,71,8,0,8,79
02/11/2020,LAN,MI,AGL,CE,Towers with Radar,12,42,28,1,83,0,0,5,0,5,12,42,33,1,88,4,0,4,92
02/12/2020,LAN,MI,AGL,CE,Towers with Radar,14,47,21,2,84,0,0,14,1,15,14,47,35,3,99,0,0,0,99
02/13/2020,LAN,MI,AGL,CE,Towers with Radar,14,43,10,0,67,0,1,0,0,1,14,44,10,0,68,0,0,0,68
02/14/2020,LAN,MI,AGL,CE,Towers with Radar,13,47,19,2,81,0,0,18,0,18,13,47,37,2,99,6,0,6,105
02/15/2020,LAN,MI,AGL,CE,Towers with Radar,7,37,11,0,55,0,2,7,0,9,7,39,18,0,64,0,0,0,64
02/16/2020,LAN,MI,AGL,CE,Towers with Radar,5,18,8,0,31,0,0,30,0,30,5,18,38,0,61,6,0,6,67
02/17/2020,LAN,MI,AGL,CE,Towers with Radar,9,35,16,0,60,0,0,9,0,9,9,35,25,0,69,0,0,0,69
02/18/2020,LAN,MI,AGL,CE,Towers with Radar,8,48,12,0,68,0,0,1,0,1,8,48,13,0,69,0,0,0,69
02/19/2020,LAN,MI,AGL,CE,Towers with Radar,14,43,24,0,81,0,1,35,2,38,14,44,59,2,119,24,0,24,143
02/20/2020,LAN,MI,AGL,CE,Towers with Radar,11,44,33,1,89,0,0,27,1,28,11,44,60,2,117,4,0,4,121
02/21/2020,LAN,MI,AGL,CE,Towers with Radar,13,47,22,0,82,0,4,25,2,31,13,51,47,2,113,6,0,6,119
02/22/2020,LAN,MI,AGL,CE,Towers with Radar,5,35,16,0,56,0,0,32,0,32,5,35,48,0,88,10,0,10,98
02/23/2020,LAN,MI,AGL,CE,Towers with Radar,6,18,9,3,36,0,0,21,0,21,6,18,30,3,57,8,0,8,65
02/24/2020,LAN,MI,AGL,CE,Towers with Radar,8,34,7,0,49,0,0,11,0,11,8,34,18,0,60,4,0,4,64
02/25/2020,LAN,MI,AGL,CE,Towers with Radar,11,43,19,2,75,0,0,2,0,2,11,43,21,2,77,0,0,0,77
02/26/2020,LAN,MI,AGL,CE,Towers with Radar,9,42,12,0,63,0,0,0,0,0,9,42,12,0,63,0,0,0,63
02/27/2020,LAN,MI,AGL,CE,Towers with Radar,12,41,22,2,77,0,0,4,2,6,12,41,26,4,83,4,0,4,87
02/28/2020,LAN,MI,AGL,CE,Towers with Radar,12,44,22,0,78,0,0,5,2,7,12,44,27,2,85,10,0,10,95
02/29/2020,LAN,MI,AGL,CE,Towers with Radar,9,34,10,0,53,0,0,23,0,23,9,34,33,0,76,8,0,8,84
03/01/2020,LAN,MI,AGL,CE,Towers with Radar,9,17,5,0,31,0,0,8,0,8,9,17,13,0,39,0,0,0,39
03/02/2020,LAN,MI,AGL,CE,Towers with Radar,10,34,16,0,60,0,0,15,0,15,10,34,31,0,75,0,0,0,75
03/03/2020,LAN,MI,AGL,CE,Towers with Radar,11,44,24,0,79,0,0,4,0,4,11,44,28,0,83,4,0,4,87
03/04/2020,LAN,MI,AGL,CE,Towers with Radar,12,44,22,1,79,0,1,15,0,16,12,45,37,1,95,0,0,0,95
03/05/2020,LAN,MI,AGL,CE,Towers with Radar,10,43,27,7,87,0,0,14,5,19,10,43,41,12,106,12,0,12,118
03/06/2020,LAN,MI,AGL,CE,Towers with Radar,16,42,7,0,65,0,0,0,0,0,16,42,7,0,65,0,0,0,65
03/07/2020,LAN,MI,AGL,CE,Towers with Radar,8,34,21,2,65,0,0,31,1,32,8,34,52,3,97,4,0,4,101
03/08/2020,LAN,MI,AGL,CE,Towers with Radar,8,18,19,1,46,0,0,14,5,19,8,18,33,6,65,0,0,0,65
03/09/2020,LAN,MI,AGL,CE,Towers with Radar,9,39,5,1,54,0,0,2,0,2,9,39,7,1,56,0,0,0,56
03/10/2020,LAN,MI,AGL,CE,Towers with Radar,10,47,20,1,78,0,1,6,0,7,10,48,26,1,85,8,0,8,93
03/11/2020,LAN,MI,AGL,CE,Towers with Radar,12,45,27,0,84,0,0,1,0,1,12,45,28,0,85,14,0,14,99
03/12/2020,LAN,MI,AGL,CE,Towers with Radar,10,47,15,0,72,0,2,2,3,7,10,49,17,3,79,0,0,0,79
03/13/2020,LAN,MI,AGL,CE,Towers with Radar,10,46,18,2,76,0,1,4,0,5,10,47,22,2,81,0,0,0,81
03/14/2020,LAN,MI,AGL,CE,Towers with Radar,8,30,17,0,55,0,0,22,0,22,8,30,39,0,77,0,0,0,77
03/15/2020,LAN,MI,AGL,CE,Towers with Radar,5,20,10,0,35,0,1,35,0,36,5,21,45,0,71,6,0,6,77
03/16/2020,LAN,MI,AGL,CE,Towers with Radar,8,38,8,0,54,0,0,11,0,11,8,38,19,0,65,10,0,10,75
03/17/2020,LAN,MI,AGL,CE,Towers with Radar,13,47,13,3,76,0,0,11,0,11,13,47,24,3,87,0,1,1,88
03/18/2020,LAN,MI,AGL,CE,Towers with Radar,10,45,7,3,65,0,1,5,1,7,10,46,12,4,72,0,0,0,72
03/19/2020,LAN,MI,AGL,CE,Towers with Radar,9,41,12,2,64,0,0,0,0,0,9,41,12,2,64,0,0,0,64
03/20/2020,LAN,MI,AGL,CE,Towers with Radar,9,41,12,0,62,0,0,0,0,0,9,41,12,0,62,0,0,0,62
03/21/2020,LAN,MI,AGL,CE,Towers with Radar,8,27,12,0,47,0,0,11,0,11,8,27,23,0,58,2,0,2,60
03/22/2020,LAN,MI,AGL,CE,Towers with Radar,4,14,9,0,27,0,0,26,0,26,4,14,35,0,53,0,0,0,53
03/23/2020,LAN,MI,AGL,CE,Towers with Radar,7,30,5,0,42,0,0,2,0,2,7,30,7,0,44,0,0,0,44
03/24/2020,LAN,MI,AGL,CE,Towers with Radar,8,34,4,0,46,0,0,0,0,0,8,34,4,0,46,0,0,0,46
03/25/2020,LAN,MI,AGL,CE,Towers with Radar,8,27,1,0,36,0,0,0,2,2,8,27,1,2,38,0,0,0,38
03/26/2020,LAN,MI,AGL,CE,Towers with Radar,7,29,6,0,42,0,0,0,1,1,7,29,6,1,43,0,0,0,43
03/27/2020,LAN,MI,AGL,CE,Towers with Radar,7,31,5,0,43,0,0,1,0,1,7,31,6,0,44,0,0,0,44
03/28/2020,LAN,MI,AGL,CE,Towers with Radar,6,20,2,0,28,0,0,0,0,0,6,20,2,0,28,0,0,0,28
03/29/2020,LAN,MI,AGL,CE,Towers with Radar,2,5,1,0,8,0,0,0,0,0,2,5,1,0,8,0,0,0,8
03/30/2020,LAN,MI,AGL,CE,Towers with Radar,5,22,4,0,31,0,0,0,0,0,5,22,4,0,31,0,0,0,31
03/31/2020,LAN,MI,AGL,CE,Towers with Radar,6,26,2,2,36,0,0,0,0,0,6,26,2,2,36,0,0,0,36
04/01/2020,LAN,MI,AGL,CE,Towers with Radar,6,31,3,0,40,0,0,1,0,1,6,31,4,0,41,0,0,0,41
04/02/2020,LAN,MI,AGL,CE,Towers with Radar,6,27,8,0,41,0,2,12,0,14,6,29,20,0,55,6,0,6,61
04/03/2020,LAN,MI,AGL,CE,Towers with Radar,6,31,13,0,50,0,2,11,2,15,6,33,24,2,65,0,0,0,65
04/04/2020,LAN,MI,AGL,CE,Towers with Radar,2,19,4,0,25,0,0,0,0,0,2,19,4,0,25,0,0,0,25
04/05/2020,LAN,MI,AGL,CE,Towers with Radar,2,5,1,0,8,0,0,3,0,3,2,5,4,0,11,4,0,4,15
04/06/2020,LAN,MI,AGL,CE,Towers with Radar,3,25,6,0,34,0,0,0,0,0,3,25,6,0,34,0,0,0,34
04/07/2020,LAN,MI,AGL,CE,Towers with Radar,6,32,1,0,39,0,0,0,0,0,6,32,1,0,39,0,0,0,39
04/08/2020,LAN,MI,AGL,CE,Towers with Radar,5,27,6,0,38,0,0,4,0,4,5,27,10,0,42,0,0,0,42
04/09/2020,LAN,MI,AGL,CE,Towers with Radar,6,31,2,0,39,0,0,2,0,2,6,31,4,0,41,0,0,0,41
04/10/2020,LAN,MI,AGL,CE,Towers with Radar,6,28,7,0,41,0,0,0,0,0,6,28,7,0,41,0,0,0,41
04/11/2020,LAN,MI,AGL,CE,Towers with Radar,3,22,3,0,28,0,0,2,0,2,3,22,5,0,30,0,0,0,30
04/12/2020,LAN,MI,AGL,CE,Towers with Radar,2,10,0,0,12,0,0,4,0,4,2,10,4,0,16,0,0,0,16
04/13/2020,LAN,MI,AGL,CE,Towers with Radar,3,24,4,0,31,0,0,0,0,0,3,24,4,0,31,0,0,0,31
04/14/2020,LAN,MI,AGL,CE,Towers with Radar,6,31,5,0,42,0,4,2,0,6,6,35,7,0,48,0,0,0,48
04/15/2020,LAN,MI,AGL,CE,Towers with Radar,8,27,8,0,43,0,0,5,0,5,8,27,13,0,48,0,0,0,48
04/16/2020,LAN,MI,AGL,CE,Towers with Radar,6,29,4,0,39,0,0,10,0,10,6,29,14,0,49,6,0,6,55
04/17/2020,LAN,MI,AGL,CE,Towers with Radar,6,28,5,0,39,0,0,0,0,0,6,28,5,0,39,0,0,0,39
04/18/2020,LAN,MI,AGL,CE,Towers with Radar,3,18,5,0,26,0,0,11,0,11,3,18,16,0,37,0,0,0,37
04/19/2020,LAN,MI,AGL,CE,Towers with Radar,2,6,0,0,8,0,0,3,0,3,2,6,3,0,11,0,0,0,11
04/20/2020,LAN,MI,AGL,CE,Towers with Radar,3,21,5,0,29,0,0,9,0,9,3,21,14,0,38,0,0,0,38
04/21/2020,LAN,MI,AGL,CE,Towers with Radar,6,27,1,0,34,0,0,2,0,2,6,27,3,0,36,10,0,10,46
04/22/2020,LAN,MI,AGL,CE,Towers with Radar,6,26,6,4,42,0,0,3,0,3,6,26,9,4,45,0,0,0,45
04/23/2020,LAN,MI,AGL,CE,Towers with Radar,6,31,0,0,37,0,0,0,0,0,6,31,0,0,37,0,0,0,37
04/24/2020,LAN,MI,AGL,CE,Towers with Radar,6,27,7,2,42,0,2,8,0,10,6,29,15,2,52,0,0,0,52
04/25/2020,LAN,MI,AGL,CE,Towers with Radar,3,20,6,0,29,0,0,3,0,3,3,20,9,0,32,0,0,0,32
04/26/2020,LAN,MI,AGL,CE,Towers with Radar,2,4,0,0,6,0,0,2,0,2,2,4,2,0,8,0,0,0,8
04/27/2020,LAN,MI,AGL,CE,Towers with Radar,3,19,3,0,25,0,0,7,1,8,3,19,10,1,33,2,0,2,35
04/28/2020,LAN,MI,AGL,CE,Towers with Radar,6,28,12,0,46,0,0,10,0,10,6,28,22,0,56,4,0,4,60
04/29/2020,LAN,MI,AGL,CE,Towers with Radar,6,27,2,4,39,0,0,0,0,0,6,27,2,4,39,0,0,0,39
04/30/2020,LAN,MI,AGL,CE,Towers with Radar,6,26,2,0,34,0,0,0,0,0,6,26,2,0,34,0,0,0,34
05/01/2020,LAN,MI,AGL,CE,Towers with Radar,6,26,8,2,42,0,1,6,0,7,6,27,14,2,49,4,0,4,53
05/02/2020,LAN,MI,AGL,CE,Towers with Radar,3,17,2,0,22,0,0,2,2,4,3,17,4,2,26,0,0,0,26
05/03/2020,LAN,MI,AGL,CE,Towers with Radar,3,5,1,0,9,0,0,4,0,4,3,5,5,0,13,0,0,0,13
05/04/2020,LAN,MI,AGL,CE,Towers with Radar,1,25,9,0,35,0,1,4,0,5,1,26,13,0,40,46,0,46,86
05/05/2020,LAN,MI,AGL,CE,Towers with Radar,6,25,3,0,34,0,0,8,0,8,6,25,11,0,42,0,0,0,42
05/06/2020,LAN,MI,AGL,CE,Towers with Radar,6,27,17,0,50,0,1,20,0,21,6,28,37,0,71,20,0,20,91
05/07/2020,LAN,MI,AGL,CE,Towers with Radar,6,29,9,2,46,0,0,5,0,5,6,29,14,2,51,18,0,18,69
05/08/2020,LAN,MI,AGL,CE,Towers with Radar,6,30,2,2,40,0,0,1,0,1,6,30,3,2,41,0,0,0,41
05/09/2020,LAN,MI,AGL,CE,Towers with Radar,1,18,7,0,26,0,0,11,0,11,1,18,18,0,37,0,0,0,37
05/10/2020,LAN,MI,AGL,CE,Towers with Radar,0,5,1,0,6,0,0,0,0,0,0,5,1,0,6,0,0,0,6
05/11/2020,LAN,MI,AGL,CE,Towers with Radar,1,20,5,0,26,0,1,9,0,10,1,21,14,0,36,8,0,8,44
05/12/2020,LAN,MI,AGL,CE,Towers with Radar,4,24,9,0,37,0,0,13,0,13,4,24,22,0,50,24,0,24,74
05/13/2020,LAN,MI,AGL,CE,Towers with Radar,4,30,19,0,53,0,0,40,0,40,4,30,59,0,93,41,0,41,134
05/14/2020,LAN,MI,AGL,CE,Towers with Radar,4,22,10,0,36,0,0,0,1,1,4,22,10,1,37,0,0,0,37
05/15/2020,LAN,MI,AGL,CE,Towers with Radar,4,33,28,2,67,0,1,2,0,3,4,34,30,2,70,0,0,0,70
05/16/2020,LAN,MI,AGL,CE,Towers with Radar,1,17,14,0,32,0,0,5,0,5,1,17,19,0,37,5,0,5,42
05/17/2020,LAN,MI,AGL,CE,Towers with Radar,0,11,0,0,11,0,0,0,0,0,0,11,0,0,11,0,0,0,11
05/18/2020,LAN,MI,AGL,CE,Towers with Radar,1,23,14,0,38,0,0,0,0,0,1,23,14,0,38,0,0,0,38
05/19/2020,LAN,MI,AGL,CE,Towers with Radar,4,21,6,2,33,0,0,5,1,6,4,21,11,3,39,6,0,6,45
05/20/2020,LAN,MI,AGL,CE,Towers with Radar,4,27,14,2,47,0,0,34,2,36,4,27,48,4,83,33,0,33,116
05/21/2020,LAN,MI,AGL,CE,Towers with Radar,4,30,10,2,46,0,1,11,0,12,4,31,21,2,58,2,0,2,60
05/22/2020,LAN,MI,AGL,CE,Towers with Radar,4,30,5,0,39,0,0,3,0,3,4,30,8,0,42,0,0,0,42
05/23/2020,LAN,MI,AGL,CE,Towers with Radar,1,18,3,0,22,0,0,10,0,10,1,18,13,0,32,4,0,4,36
05/24/2020,LAN,MI,AGL,CE,Towers with Radar,0,5,3,0,8,0,0,7,0,7,0,5,10,0,15,10,0,10,25
05/25/2020,LAN,MI,AGL,CE,Towers with Radar,0,9,5,0,14,0,1,8,0,9,0,10,13,0,23,16,0,16,39
05/26/2020,LAN,MI,AGL,CE,Towers with Radar,3,24,4,0,31,0,0,9,1,10,3,24,13,1,41,0,0,0,41
05/27/2020,LAN,MI,AGL,CE,Towers with Radar,6,26,24,0,56,0,0,15,0,15,6,26,39,0,71,0,0,0,71
05/28/2020,LAN,MI,AGL,CE,Towers with Radar,6,28,8,0,42,0,0,4,0,4,6,28,12,0,46,12,0,12,58
05/29/2020,LAN,MI,AGL,CE,Towers with Radar,6,31,15,2,54,0,0,4,0,4,6,31,19,2,58,0,0,0,58
05/30/2020,LAN,MI,AGL,CE,Towers with Radar,1,24,10,0,35,0,0,25,0,25,1,24,35,0,60,17,0,17,77
05/31/2020,LAN,MI,AGL,CE,Towers with Radar,0,7,18,2,27,0,0,34,0,34,0,7,52,2,61,10,0,10,71
06/01/2020,LAN,MI,AGL,CE,Towers with Radar,1,20,17,4,42,0,1,13,1,15,1,21,30,5,57,14,0,14,71
06/02/2020,LAN,MI,AGL,CE,Towers with Radar,4,29,13,2,48,0,2,17,0,19,4,31,30,2,67,28,2,30,97
06/03/2020,LAN,MI,AGL,CE,Towers with Radar,4,26,16,15,61,0,4,12,0,16,4,30,28,15,77,32,0,32,109
06/04/2020,LAN,MI,AGL,CE,Towers with Radar,4,24,20,0,48,0,2,18,0,20,4,26,38,0,68,0,0,0,68
06/05/2020,LAN,MI,AGL,CE,Towers with Radar,4,25,11,1,41,0,2,10,2,14,4,27,21,3,55,14,2,16,71
06/06/2020,LAN,MI,AGL,CE,Towers with Radar,1,17,22,0,40,0,0,23,0,23,1,17,45,0,63,6,0,6,69
06/07/2020,LAN,MI,AGL,CE,Towers with Radar,0,5,6,0,11,0,0,13,0,13,0,5,19,0,24,0,0,0,24
06/08/2020,LAN,MI,AGL,CE,Towers with Radar,1,24,12,2,39,0,1,24,0,25,1,25,36,2,64,48,0,48,112
06/09/2020,LAN,MI,AGL,CE,Towers with Radar,4,27,11,0,42,0,0,13,0,13,4,27,24,0,55,14,0,14,69
06/10/2020,LAN,MI,AGL,CE,Towers with Radar,4,23,8,0,35,0,0,3,0,3,4,23,11,0,38,4,0,4,42
06/11/2020,LAN,MI,AGL,CE,Towers with Radar,6,26,10,0,42,0,0,6,0,6,6,26,16,0,48,0,0,0,48
06/12/2020,LAN,MI,AGL,CE,Towers with Radar,4,30,18,0,52,0,1,16,0,17,4,31,34,0,69,50,0,50,119
06/13/2020,LAN,MI,AGL,CE,Towers with Radar,1,23,9,3,36,0,0,13,3,16,1,23,22,6,52,2,0,2,54
06/14/2020,LAN,MI,AGL,CE,Towers with Radar,0,5,10,0,15,0,0,19,0,19,0,5,29,0,34,2,0,2,36
06/15/2020,LAN,MI,AGL,CE,Towers with Radar,1,24,20,0,45,0,0,28,0,28,1,24,48,0,73,26,0,26,99
06/16/2020,LAN,MI,AGL,CE,Towers with Radar,4,27,23,0,54,0,0,31,0,31,4,27,54,0,85,30,0,30,115
06/17/2020,LAN,MI,AGL,CE,Towers with Radar,4,27,23,2,56,0,0,28,0,28,4,27,51,2,84,14,0,14,98
06/18/2020,LAN,MI,AGL,CE,Towers with Radar,5,32,17,2,56,0,0,21,2,23,5,32,38,4,79,13,0,13,92
06/19/2020,LAN,MI,AGL,CE,Towers with Radar,6,29,13,0,48,0,0,16,1,17,6,29,29,1,65,0,0,0,65
06/20/2020,LAN,MI,AGL,CE,Towers with Radar,1,23,12,0,36,0,0,11,0,11,1,23,23,0,47,9,0,9,56
06/21/2020,LAN,MI,AGL,CE,Towers with Radar,0,6,9,0,15,0,0,1,0,1,0,6,10,0,16,2,0,2,18
06/22/2020,LAN,MI,AGL,CE,Towers with Radar,1,23,17,0,41,0,0,4,0,4,1,23,21,0,45,0,0,0,45
06/23/2020,LAN,MI,AGL,CE,Towers with Radar,4,35,6,2,47,0,0,1,0,1,4,35,7,2,48,6,0,6,54
06/24/2020,LAN,MI,AGL,CE,Towers with Radar,4,27,17,4,52,0,0,27,0,27,4,27,44,4,79,24,0,24,103
06/25/2020,LAN,MI,AGL,CE,Towers with Radar,4,30,24,2,60,0,0,31,3,34,4,30,55,5,94,19,0,19,113
06/26/2020,LAN,MI,AGL,CE,Towers with Radar,4,29,16,2,51,0,0,9,0,9,4,29,25,2,60,0,0,0,60
06/27/2020,LAN,MI,AGL,CE,Towers with Radar,1,19,20,0,40,0,0,17,0,17,1,19,37,0,57,18,0,18,75
06/28/2020,LAN,MI,AGL,CE,Towers with Radar,0,7,11,0,18,0,1,22,2,25,0,8,33,2,43,23,0,23,66
06/29/2020,LAN,MI,AGL,CE,Towers with Radar,1,21,9,2,33,0,1,24,0,25,1,22,33,2,58,32,0,32,90
06/30/2020,LAN,MI,AGL,CE,Towers with Radar,4,28,23,0,55,0,0,21,0,21,4,28,44,0,76,16,0,16,92
07/01/2020,LAN,MI,AGL,CE,Towers with Radar,4,24,11,0,39,0,0,12,0,12,4,24,23,0,51,12,0,12,63
07/02/2020,LAN,MI,AGL,CE,Towers with Radar,6,26,9,0,41,0,1,14,0,15,6,27,23,0,56,0,0,0,56
07/03/2020,LAN,MI,AGL,CE,Towers with Radar,5,30,8,0,43,0,0,7,0,7,5,30,15,0,50,0,0,0,50
07/04/2020,LAN,MI,AGL,CE,Towers with Radar,2,3,3,0,8,0,0,9,0,9,2,3,12,0,17,12,0,12,29
07/05/2020,LAN,MI,AGL,CE,Towers with Radar,3,4,15,0,22,0,0,8,1,9,3,4,23,1,31,4,0,4,35
07/06/2020,LAN,MI,AGL,CE,Towers with Radar,4,23,13,0,40,0,1,8,0,9,4,24,21,0,49,8,0,8,57
07/07/2020,LAN,MI,AGL,CE,Towers with Radar,10,28,9,3,50,0,0,10,4,14,10,28,19,7,64,16,0,16,80
07/08/2020,LAN,MI,AGL,CE,Towers with Radar,3,29,11,0,43,0,0,17,0,17,3,29,28,0,60,6,0,6,66
07/09/2020,LAN,MI,AGL,CE,Towers with Radar,7,30,9,0,46,0,0,9,0,9,7,30,18,0,55,10,0,10,65
07/10/2020,LAN,MI,AGL,CE,Towers with Radar,6,30,10,0,46,0,1,4,0,5,6,31,14,0,51,0,0,0,51
07/11/2020,LAN,MI,AGL,CE,Towers with Radar,1,27,6,0,34,0,1,16,0,17,1,28,22,0,51,22,0,22,73
07/12/2020,LAN,MI,AGL,CE,Towers with Radar,0,7,18,2,27,0,0,18,0,18,0,7,36,2,45,18,0,18,63
07/13/2020,LAN,MI,AGL,CE,Towers with Radar,1,26,16,0,43,0,0,13,0,13,1,26,29,0,56,10,0,10,66
07/14/2020,LAN,MI,AGL,CE,Towers with Radar,4,27,15,0,46,0,1,18,0,19,4,28,33,0,65,8,0,8,73
07/15/2020,LAN,MI,AGL,CE,Towers with Radar,4,32,14,2,52,0,0,21,0,21,4,32,35,2,73,32,0,32,105
07/16/2020,LAN,MI,AGL,CE,Towers with Radar,4,29,23,2,58,0,0,0,0,0,4,29,23,2,58,10,0,10,68
07/17/2020,LAN,MI,AGL,CE,Towers with Radar,4,30,18,2,54,0,0,29,0,29,4,30,47,2,83,20,0,20,103
07/18/2020,LAN,MI,AGL,CE,Towers with Radar,1,23,8,0,32,0,0,10,0,10,1,23,18,0,42,0,0,0,42
07/19/2020,LAN,MI,AGL,CE,Towers with Radar,0,6,13,0,19,0,0,1,0,1,0,6,14,0,20,4,0,4,24
07/20/2020,LAN,MI,AGL,CE,Towers with Radar,1,21,23,0,45,0,0,17,1,18,1,21,40,1,63,12,0,12,75
07/21/2020,LAN,MI,AGL,CE,Towers with Radar,4,34,17,3,58,0,0,17,0,17,4,34,34,3,75,10,0,10,85
07/22/2020,LAN,MI,AGL,CE,Towers with Radar,4,32,8,0,44,0,0,5,1,6,4,32,13,1,50,8,0,8,58
07/23/2020,LAN,MI,AGL,CE,Towers with Radar,4,32,23,0,59,0,0,15,0,15,4,32,38,0,74,20,0,20,94
07/24/2020,LAN,MI,AGL,CE,Towers with Radar,4,31,23,1,59,0,1,43,1,45,4,32,66,2,104,58,0,58,162
07/25/2020,LAN,MI,AGL,CE,Towers with Radar,1,23,10,0,34,0,0,19,0,19,1,23,29,0,53,16,0,16,69
07/26/2020,LAN,MI,AGL,CE,Towers with Radar,0,6,2,0,8,0,0,2,0,2,0,6,4,0,10,0,0,0,10
07/27/2020,LAN,MI,AGL,CE,Towers with Radar,1,24,7,0,32,0,0,10,0,10,1,24,17,0,42,0,0,0,42
07/28/2020,LAN,MI,AGL,CE,Towers with Radar,4,33,9,0,46,0,1,13,3,17,4,34,22,3,63,0,0,0,63
07/29/2020,LAN,MI,AGL,CE,Towers with Radar,4,37,22,2,65,0,1,19,0,20,4,38,41,2,85,32,0,32,117
07/30/2020,LAN,MI,AGL,CE,Towers with Radar,4,35,16,0,55,0,0,44,0,44,4,35,60,0,99,23,0,23,122
07/31/2020,LAN,MI,AGL,CE,Towers with Radar,4,34,22,0,60,0,0,30,0,30,4,34,52,0,90,33,0,33,123
08/01/2020,LAN,MI,AGL,CE,Towers with Radar,1,27,7,0,35,0,0,11,0,11,1,27,18,0,46,0,0,0,46
08/02/2020,LAN,MI,AGL,CE,Towers with Radar,0,12,5,0,17,0,0,1,0,1,0,12,6,0,18,0,0,0,18
08/03/2020,LAN,MI,AGL,CE,Towers with Radar,1,23,18,3,45,0,0,3,0,3,1,23,21,3,48,0,0,0,48
08/04/2020,LAN,MI,AGL,CE,Towers with Radar,8,32,23,0,63,0,0,12,0,12,8,32,35,0,75,15,0,15,90
08/05/2020,LAN,MI,AGL,CE,Towers with Radar,4,30,23,2,59,0,2,28,0,30,4,32,51,2,89,20,0,20,109
08/06/2020,LAN,MI,AGL,CE,Towers with Radar,4,31,19,1,55,0,1,33,0,34,4,32,52,1,89,40,0,40,129
08/07/2020,LAN,MI,AGL,CE,Towers with Radar,4,36,16,0,56,0,0,45,1,46,4,36,61,1,102,15,0,15,117
08/08/2020,LAN,MI,AGL,CE,Towers with Radar,1,27,9,0,37,0,0,18,0,18,1,27,27,0,55,0,0,0,55
08/09/2020,LAN,MI,AGL,CE,Towers with Radar,0,9,5,0,14,0,0,9,0,9,0,9,14,0,23,12,0,12,35
08/10/2020,LAN,MI,AGL,CE,Towers with Radar,1,24,14,0,39,0,0,13,3,16,1,24,27,3,55,40,0,40,95
08/11/2020,LAN,MI,AGL,CE,Towers with Radar,6,32,16,0,54,0,0,26,0,26,6,32,42,0,80,10,0,10,90
08/12/2020,LAN,MI,AGL,CE,Towers with Radar,4,34,18,2,58,0,0,29,2,31,4,34,47,4,89,18,0,18,107
08/13/2020,LAN,MI,AGL,CE,Towers with Radar,4,32,4,2,42,0,0,16,0,16,4,32,20,2,58,12,0,12,70
08/14/2020,LAN,MI,AGL,CE,Towers with Radar,4,34,13,2,53,0,0,17,1,18,4,34,30,3,71,0,0,0,71
08/15/2020,LAN,MI,AGL,CE,Towers with Radar,1,25,6,1,33,0,0,9,0,9,1,25,15,1,42,4,0,4,46
08/16/2020,LAN,MI,AGL,CE,Towers with Radar,0,8,1,1,10,0,0,7,0,7,0,8,8,1,17,0,0,0,17
08/17/2020,LAN,MI,AGL,CE,Towers with Radar,1,25,12,0,38,0,0,18,0,18,1,25,30,0,56,18,0,18,74
08/18/2020,LAN,MI,AGL,CE,Towers with Radar,4,32,26,0,62,0,0,34,0,34,4,32,60,0,96,38,0,38,134
08/19/2020,LAN,MI,AGL,CE,Towers with Radar,4,33,16,0,53,0,0,29,0,29,4,33,45,0,82,19,0,19,101
08/20/2020,LAN,MI,AGL,CE,Towers with Radar,4,35,13,2,54,0,0,17,0,17,4,35,30,2,71,4,0,4,75
08/21/2020,LAN,MI,AGL,CE,Towers with Radar,4,35,16,0,55,0,1,24,0,25,4,36,40,0,80,4,0,4,84
08/22/2020,LAN,MI,AGL,CE,Towers with Radar,1,27,12,2,42,0,0,28,0,28,1,27,40,2,70,2,0,2,72
08/23/2020,LAN,MI,AGL,CE,Towers with Radar,0,8,12,0,20,0,0,21,0,21,0,8,33,0,41,0,0,0,41
08/24/2020,LAN,MI,AGL,CE,Towers with Radar,1,25,19,0,45,0,0,10,1,11,1,25,29,1,56,42,0,42,98
08/25/2020,LAN,MI,AGL,CE,Towers with Radar,4,40,24,0,68,0,0,12,0,12,4,40,36,0,80,23,0,23,103
08/26/2020,LAN,MI,AGL,CE,Towers with Radar,4,34,9,0,47,0,0,10,0,10,4,34,19,0,57,6,0,6,63
08/27/2020,LAN,MI,AGL,CE,Towers with Radar,4,33,3,0,40,0,0,19,1,20,4,33,22,1,60,4,0,4,64
08/28/2020,LAN,MI,AGL,CE,Towers with Radar,3,32,12,0,47,0,1,0,0,1,3,33,12,0,48,0,0,0,48
08/29/2020,LAN,MI,AGL,CE,Towers with Radar,1,25,8,0,34,0,0,8,0,8,1,25,16,0,42,0,0,0,42
08/30/2020,LAN,MI,AGL,CE,Towers with Radar,2,9,16,0,27,0,0,19,0,19,2,9,35,0,46,26,0,26,72
08/31/2020,LAN,MI,AGL,CE,Towers with Radar,1,24,18,2,45,0,0,21,2,23,1,24,39,4,68,12,0,12,80
09/01/2020,LAN,MI,AGL,CE,Towers with Radar,4,39,5,0,48,0,0,11,0,11,4,39,16,0,59,0,0,0,59
09/02/2020,LAN,MI,AGL,CE,Towers with Radar,4,35,14,6,59,0,0,14,0,14,4,35,28,6,73,0,0,0,73
09/03/2020,LAN,MI,AGL,CE,Towers with Radar,6,38,17,0,61,0,0,16,3,19,6,38,33,3,80,0,0,0,80
09/04/2020,LAN,MI,AGL,CE,Towers with Radar,4,34,12,0,50,0,3,34,0,37,4,37,46,0,87,13,0,13,100
09/05/2020,LAN,MI,AGL,CE,Towers with Radar,1,26,12,0,39,0,0,22,0,22,1,26,34,0,61,5,0,5,66
09/06/2020,LAN,MI,AGL,CE,Towers with Radar,0,10,3,2,15,0,0,15,0,15,0,10,18,2,30,0,0,0,30
09/07/2020,LAN,MI,AGL,CE,Towers with Radar,0,14,6,0,20,0,0,14,0,14,0,14,20,0,34,6,0,6,40
09/08/2020,LAN,MI,AGL,CE,Towers with Radar,3,33,18,0,54,0,0,0,0,0,3,33,18,0,54,0,0,0,54
09/09/2020,LAN,MI,AGL,CE,Towers with Radar,6,40,17,2,65,0,0,0,0,0,6,40,17,2,65,0,0,0,65
09/10/2020,LAN,MI,AGL,CE,Towers with Radar,6,38,26,0,70,0,0,0,0,0,6,38,26,0,70,0,0,0,70
09/11/2020,LAN,MI,AGL,CE,Towers with Radar,6,33,25,2,66,0,1,27,1,29,6,34,52,3,95,10,0,10,105
09/12/2020,LAN,MI,AGL,CE,Towers with Radar,1,29,18,0,48,0,0,5,0,5,1,29,23,0,53,28,0,28,81
09/13/2020,LAN,MI,AGL,CE,Towers with Radar,0,10,11,0,21,0,0,12,0,12,0,10,23,0,33,0,0,0,33
09/14/2020,LAN,MI,AGL,CE,Towers with Radar,1,31,13,0,45,0,4,32,2,38,1,35,45,2,83,18,0,18,101
09/15/2020,LAN,MI,AGL,CE,Towers with Radar,4,41,17,0,62,0,5,21,2,28,4,46,38,2,90,28,0,28,118
09/16/2020,LAN,MI,AGL,CE,Towers with Radar,8,38,11,3,60,0,1,13,0,14,8,39,24,3,74,10,0,10,84
09/17/2020,LAN,MI,AGL,CE,Towers with Radar,4,33,14,0,51,0,1,24,2,27,4,34,38,2,78,8,0,8,86
09/18/2020,LAN,MI,AGL,CE,Towers with Radar,4,40,10,2,56,0,1,10,0,11,4,41,20,2,67,0,0,0,67
09/19/2020,LAN,MI,AGL,CE,Towers with Radar,1,28,4,0,33,0,0,25,0,25,1,28,29,0,58,25,0,25,83
09/20/2020,LAN,MI,AGL,CE,Towers with Radar,0,11,11,1,23,0,0,22,0,22,0,11,33,1,45,0,0,0,45
09/21/2020,LAN,MI,AGL,CE,Towers with Radar,1,27,18,1,47,0,0,18,0,18,1,27,36,1,65,18,0,18,83
09/22/2020,LAN,MI,AGL,CE,Towers with Radar,4,39,27,1,71,0,0,26,0,26,4,39,53,1,97,8,0,8,105
09/23/2020,LAN,MI,AGL,CE,Towers with Radar,4,38,21,0,63,0,0,26,0,26,4,38,47,0,89,0,0,0,89
09/24/2020,LAN,MI,AGL,CE,Towers with Radar,3,37,15,2,57,0,0,24,0,24,3,37,39,2,81,36,0,36,117
09/25/2020,LAN,MI,AGL,CE,Towers with Radar,5,39,16,0,60,0,1,16,0,17,5,40,32,0,77,12,0,12,89
09/26/2020,LAN,MI,AGL,CE,Towers with Radar,1,27,15,2,45,0,0,14,0,14,1,27,29,2,59,0,0,0,59
09/27/2020,LAN,MI,AGL,CE,Towers with Radar,0,11,5,0,16,0,0,6,0,6,0,11,11,0,22,0,0,0,22
09/28/2020,LAN,MI,AGL,CE,Towers with Radar,1,27,24,0,52,0,0,0,0,0,1,27,24,0,52,0,0,0,52
09/29/2020,LAN,MI,AGL,CE,Towers with Radar,4,35,16,2,57,0,0,9,0,9,4,35,25,2,66,4,0,4,70
09/30/2020,LAN,MI,AGL,CE,Towers with Radar,4,35,15,0,54,0,0,5,0,5,4,35,20,0,59,2,0,2,61
10/01/2020,LAN,MI,AGL,CE,Towers with Radar,4,43,29,0,76,0,0,7,1,8,4,43,36,1,84,10,0,10,94
10/02/2020,LAN,MI,AGL,CE,Towers with Radar,4,37,25,0,66,0,2,18,1,21,4,39,43,1,87,12,0,12,99
10/03/2020,LAN,MI,AGL,CE,Towers with Radar,1,30,9,0,40,0,0,14,0,14,1,30,23,0,54,4,0,4,58
10/04/2020,LAN,MI,AGL,CE,Towers with Radar,0,14,8,0,22,0,0,2,0,2,0,14,10,0,24,4,0,4,28
10/05/2020,LAN,MI,AGL,CE,Towers with Radar,1,28,15,0,44,0,1,14,0,15,1,29,29,0,59,0,0,0,59
10/06/2020,LAN,MI,AGL,CE,Towers with Radar,4,38,16,1,59,0,0,17,1,18,4,38,33,2,77,14,0,14,91
10/07/2020,LAN,MI,AGL,CE,Towers with Radar,4,37,12,2,55,0,0,12,0,12,4,37,24,2,67,0,0,0,67
10/08/2020,LAN,MI,AGL,CE,Towers with Radar,4,41,11,0,56,0,0,26,2,28,4,41,37,2,84,26,0,26,110
10/09/2020,LAN,MI,AGL,CE,Towers with Radar,4,39,22,0,65,0,0,9,0,9,4,39,31,0,74,7,0,7,81
10/10/2020,LAN,MI,AGL,CE,Towers with Radar,1,27,12,0,40,0,0,6,0,6,1,27,18,0,46,0,0,0,46
10/11/2020,LAN,MI,AGL,CE,Towers with Radar,0,21,19,0,40,0,1,8,0,9,0,22,27,0,49,0,0,0,49
10/12/2020,LAN,MI,AGL,CE,Towers with Radar,1,34,8,0,43,0,2,0,0,2,1,36,8,0,45,0,0,0,45
10/13/2020,LAN,MI,AGL,CE,Towers with Radar,6,35,21,0,62,0,2,17,1,20,6,37,38,1,82,22,0,22,104
10/14/2020,LAN,MI,AGL,CE,Towers with Radar,6,37,7,1,51,0,1,11,2,14,6,38,18,3,65,14,0,14,79
10/15/2020,LAN,MI,AGL,CE,Towers with Radar,6,40,12,0,58,0,1,4,0,5,6,41,16,0,63,8,0,8,71
10/16/2020,LAN,MI,AGL,CE,Towers with Radar,6,40,9,0,55,0,1,20,0,21,6,41,29,0,76,6,0,6,82
10/17/2020,LAN,MI,AGL,CE,Towers with Radar,1,29,14,0,44,0,0,16,0,16,1,29,30,0,60,0,0,0,60
10/18/2020,LAN,MI,AGL,CE,Towers with Radar,0,15,9,4,28,0,0,1,0,1,0,15,10,4,29,0,4,4,33
10/19/2020,LAN,MI,AGL,CE,Towers with Radar,1,35,17,0,53,0,0,8,0,8,1,35,25,0,61,0,0,0,61
10/20/2020,LAN,MI,AGL,CE,Towers with Radar,6,42,11,0,59,0,1,18,0,19,6,43,29,0,78,30,0,30,108
10/21/2020,LAN,MI,AGL,CE,Towers with Radar,4,41,22,2,69,0,1,18,0,19,4,42,40,2,88,4,0,4,92
10/22/2020,LAN,MI,AGL,CE,Towers with Radar,6,48,15,0,69,0,0,0,0,0,6,48,15,0,69,0,0,0,69
10/23/2020,LAN,MI,AGL,CE,Towers with Radar,6,40,7,0,53,0,0,1,0,1,6,40,8,0,54,0,0,0,54
10/24/2020,LAN,MI,AGL,CE,Towers with Radar,3,28,7,2,40,0,1,17,0,18,3,29,24,2,58,10,0,10,68
10/25/2020,LAN,MI,AGL,CE,Towers with Radar,0,16,26,1,43,0,0,20,0,20,0,16,46,1,63,0,0,0,63
10/26/2020,LAN,MI,AGL,CE,Towers with Radar,1,29,15,2,47,0,0,0,0,0,1,29,15,2,47,18,0,18,65
10/27/2020,LAN,MI,AGL,CE,Towers with Radar,4,40,8,4,56,0,0,2,0,2,4,40,10,4,58,6,0,6,64
10/28/2020,LAN,MI,AGL,CE,Towers with Radar,4,35,23,1,63,0,0,34,0,34,4,35,57,1,97,32,0,32,129
10/29/2020,LAN,MI,AGL,CE,Towers with Radar,4,42,10,2,58,0,0,9,0,9,4,42,19,2,67,2,0,2,69
10/30/2020,LAN,MI,AGL,CE,Towers with Radar,4,37,22,2,65,0,1,12,0,13,4,38,34,2,78,0,0,0,78
10/31/2020,LAN,MI,AGL,CE,Towers with Radar,1,23,10,0,34,0,2,23,0,25,1,25,33,0,59,4,0,4,63
11/01/2020,LAN,MI,AGL,CE,Towers with Radar,0,14,2,0,16,0,0,0,0,0,0,14,2,0,16,0,0,0,16
11/02/2020,LAN,MI,AGL,CE,Towers with Radar,1,29,5,0,35,0,2,6,0,8,1,31,11,0,43,6,0,6,49
11/03/2020,LAN,MI,AGL,CE,Towers with Radar,4,28,16,1,49,0,0,12,0,12,4,28,28,1,61,36,0,36,97
11/04/2020,LAN,MI,AGL,CE,Towers with Radar,4,33,17,3,57,0,1,26,2,29,4,34,43,5,86,24,0,24,110
11/05/2020,LAN,MI,AGL,CE,Towers with Radar,4,39,6,0,49,0,1,14,2,17,4,40,20,2,66,2,0,2,68
11/06/2020,LAN,MI,AGL,CE,Towers with Radar,6,35,7,0,48,0,0,31,1,32,6,35,38,1,80,6,0,6,86
11/07/2020,LAN,MI,AGL,CE,Towers with Radar,3,29,20,1,53,0,0,19,0,19,3,29,39,1,72,20,0,20,92
11/08/2020,LAN,MI,AGL,CE,Towers with Radar,0,14,4,0,18,0,0,25,0,25,0,14,29,0,43,13,0,13,56
11/09/2020,LAN,MI,AGL,CE,Towers with Radar,1,31,13,0,45,0,0,22,0,22,1,31,35,0,67,2,0,2,69
11/10/2020,LAN,MI,AGL,CE,Towers with Radar,4,38,8,2,52,0,0,1,1,2,4,38,9,3,54,0,0,0,54
11/11/2020,LAN,MI,AGL,CE,Towers with Radar,4,39,12,0,55,0,0,9,0,9,4,39,21,0,64,10,0,10,74
11/12/2020,LAN,MI,AGL,CE,Towers with Radar,4,45,9,3,61,0,0,30,3,33,4,45,39,6,94,20,0,20,114
11/13/2020,LAN,MI,AGL,CE,Towers with Radar,6,39,16,0,61,0,1,4,0,5,6,40,20,0,66,4,0,4,70
11/14/2020,LAN,MI,AGL,CE,Towers with Radar,3,28,9,0,40,0,0,18,0,18,3,28,27,0,58,7,0,7,65
11/15/2020,LAN,MI,AGL,CE,Towers with Radar,0,20,4,2,26,0,0,0,0,0,0,20,4,2,26,0,0,0,26
11/16/2020,LAN,MI,AGL,CE,Towers with Radar,1,29,11,3,44,0,1,2,0,3,1,30,13,3,47,0,0,0,47
11/17/2020,LAN,MI,AGL,CE,Towers with Radar,5,35,10,1,51,0,0,6,0,6,5,35,16,1,57,0,0,0,57
11/18/2020,LAN,MI,AGL,CE,Towers with Radar,6,38,12,1,57,0,0,19,0,19,6,38,31,1,76,0,0,0,76
11/19/2020,LAN,MI,AGL,CE,Towers with Radar,6,39,2,2,49,0,0,2,0,2,6,39,4,2,51,0,0,0,51
11/20/2020,LAN,MI,AGL,CE,Towers with Radar,8,43,11,4,66,0,1,22,0,23,8,44,33,4,89,0,0,0,89
11/21/2020,LAN,MI,AGL,CE,Towers with Radar,1,29,8,0,38,0,0,24,0,24,1,29,32,0,62,4,0,4,66
11/22/2020,LAN,MI,AGL,CE,Towers with Radar,0,20,0,2,22,0,0,0,0,0,0,20,0,2,22,0,0,0,22
11/23/2020,LAN,MI,AGL,CE,Towers with Radar,1,28,8,0,37,0,0,12,0,12,1,28,20,0,49,18,0,18,67
11/24/2020,LAN,MI,AGL,CE,Towers with Radar,8,37,9,0,54,0,0,0,0,0,8,37,9,0,54,16,0,16,70
11/25/2020,LAN,MI,AGL,CE,Towers with Radar,8,48,3,2,61,0,0,0,0,0,8,48,3,2,61,0,0,0,61
11/26/2020,LAN,MI,AGL,CE,Towers with Radar,2,12,0,0,14,0,0,0,0,0,2,12,0,0,14,0,0,0,14
11/27/2020,LAN,MI,AGL,CE,Towers with Radar,2,37,12,0,51,0,1,0,0,1,2,38,12,0,52,0,0,0,52
11/28/2020,LAN,MI,AGL,CE,Towers with Radar,1,33,16,0,50,0,0,34,0,34,1,33,50,0,84,0,0,0,84
11/29/2020,LAN,MI,AGL,CE,Towers with Radar,0,14,22,0,36,0,0,29,1,30,0,14,51,1,66,22,0,22,88
11/30/2020,LAN,MI,AGL,CE,Towers with Radar,3,30,5,0,38,0,0,2,0,2,3,30,7,0,40,0,0,0,40
12/01/2020,LAN,MI,AGL,CE,Towers with Radar,8,56,7,0,71,0,2,4,1,7,8,58,11,1,78,4,0,4,82
12/02/2020,LAN,MI,AGL,CE,Towers with Radar,12,43,23,2,80,0,1,32,0,33,12,44,55,2,113,16,0,16,129
12/03/2020,LAN,MI,AGL,CE,Towers with Radar,8,43,4,1,56,0,0,14,0,14,8,43,18,1,70,20,0,20,90
12/04/2020,LAN,MI,AGL,CE,Towers with Radar,7,40,6,0,53,0,0,10,0,10,7,40,16,0,63,0,0,0,63
12/05/2020,LAN,MI,AGL,CE,Towers with Radar,3,33,10,0,46,0,0,13,0,13,3,33,23,0,59,6,0,6,65
12/06/2020,LAN,MI,AGL,CE,Towers with Radar,0,10,2,0,12,0,0,6,0,6,0,10,8,0,18,8,0,8,26
12/07/2020,LAN,MI,AGL,CE,Towers with Radar,2,30,5,0,37,0,0,17,0,17,2,30,22,0,54,30,0,30,84
12/08/2020,LAN,MI,AGL,CE,Towers with Radar,12,42,9,2,65,0,0,7,2,9,12,42,16,4,74,10,0,10,84
12/09/2020,LAN,MI,AGL,CE,Towers with Radar,10,39,13,3,65,0,1,8,0,9,10,40,21,3,74,4,0,4,78
12/10/2020,LAN,MI,AGL,CE,Towers with Radar,10,42,15,0,67,0,0,35,0,35,10,42,50,0,102,24,0,24,126
12/11/2020,LAN,MI,AGL,CE,Towers with Radar,7,40,7,2,56,0,1,10,0,11,7,41,17,2,67,0,0,0,67
12/12/2020,LAN,MI,AGL,CE,Towers with Radar,4,33,4,2,43,0,0,0,0,0,4,33,4,2,43,0,0,0,43
12/13/2020,LAN,MI,AGL,CE,Towers with Radar,2,12,2,1,17,0,0,1,0,1,2,12,3,1,18,0,0,0,18
12/14/2020,LAN,MI,AGL,CE,Towers with Radar,1,31,7,1,40,0,0,5,1,6,1,31,12,2,46,10,0,10,56
12/15/2020,LAN,MI,AGL,CE,Towers with Radar,8,43,20,4,75,0,0,26,1,27,8,43,46,5,102,0,0,0,102
12/16/2020,LAN,MI,AGL,CE,Towers with Radar,8,46,4,8,66,0,0,1,2,3,8,46,5,10,69,0,0,0,69
12/17/2020,LAN,MI,AGL,CE,Towers with Radar,8,40,7,0,55,0,1,4,0,5,8,41,11,0,60,0,0,0,60
12/18/2020,LAN,MI,AGL,CE,Towers with Radar,8,42,14,0,64,0,1,16,0,17,8,43,30,0,81,15,0,15,96
12/19/2020,LAN,MI,AGL,CE,Towers with Radar,8,34,6,0,48,0,0,0,0,0,8,34,6,0,48,0,0,0,48
12/20/2020,LAN,MI,AGL,CE,Towers with Radar,7,12,2,0,21,0,0,9,1,10,7,12,11,1,31,25,0,25,56
12/21/2020,LAN,MI,AGL,CE,Towers with Radar,6,43,2,0,51,0,0,2,0,2,6,43,4,0,53,0,0,0,53
12/22/2020,LAN,MI,AGL,CE,Towers with Radar,9,44,8,0,61,0,1,11,0,12,9,45,19,0,73,0,0,0,73
12/23/2020,LAN,MI,AGL,CE,Towers with Radar,11,44,7,2,64,0,0,1,0,1,11,44,8,2,65,0,0,0,65
12/24/2020,LAN,MI,AGL,CE,Towers with Radar,8,44,4,0,56,0,0,2,0,2,8,44,6,0,58,0,0,0,58
12/25/2020,LAN,MI,AGL,CE,Towers with Radar,2,10,1,0,13,0,0,1,0,1,2,10,2,0,14,0,0,0,14
12/26/2020,LAN,MI,AGL,CE,Towers with Radar,1,33,4,0,38,0,0,0,0,0,1,33,4,0,38,0,0,0,38
12/27/2020,LAN,MI,AGL,CE,Towers with Radar,2,10,7,0,19,0,0,12,0,12,2,10,19,0,31,0,0,0,31
12/28/2020,LAN,MI,AGL,CE,Towers with Radar,1,32,4,0,37,0,1,4,0,5,1,33,8,0,42,0,0,0,42
12/29/2020,LAN,MI,AGL,CE,Towers with Radar,9,39,23,0,71,0,0,47,1,48,9,39,70,1,119,2,0,2,121
12/30/2020,LAN,MI,AGL,CE,Towers with Radar,6,36,0,0,42,0,0,0,0,0,6,36,0,0,42,0,0,0,42
12/31/2020,LAN,MI,AGL,CE,Towers with Radar,5,36,2,0,43,0,0,5,0,5,5,36,7,0,48,8,0,8,56
01/01/2021,LAN,MI,AGL,CE,Towers with Radar,2,8,5,0,15,0,0,2,0,2,2,8,7,0,17,0,0,0,17
01/02/2021,LAN,MI,AGL,CE,Towers with Radar,4,23,10,0,37,0,0,0,0,0,4,23,10,0,37,0,0,0,37
01/03/2021,LAN,MI,AGL,CE,Towers with Radar,1,11,2,0,14,0,0,0,0,0,1,11,2,0,14,0,0,0,14
01/04/2021,LAN,MI,AGL,CE,Towers with Radar,2,31,6,0,39,0,0,0,0,0,2,31,6,0,39,0,0,0,39
01/05/2021,LAN,MI,AGL,CE,Towers with Radar,6,39,3,0,48,0,0,1,0,1,6,39,4,0,49,0,0,0,49
01/06/2021,LAN,MI,AGL,CE,Towers with Radar,6,41,9,0,56,0,0,11,0,11,6,41,20,0,67,16,0,16,83
01/07/2021,LAN,MI,AGL,CE,Towers with Radar,7,40,3,0,50,0,0,1,0,1,7,40,4,0,51,2,0,2,53
01/08/2021,LAN,MI,AGL,CE,Towers with Radar,7,35,6,0,48,0,1,2,0,3,7,36,8,0,51,0,0,0,51
01/09/2021,LAN,MI,AGL,CE,Towers with Radar,5,30,27,0,62,0,0,52,0,52,5,30,79,0,114,30,0,30,144
01/10/2021,LAN,MI,AGL,CE,Towers with Radar,0,14,0,0,14,0,0,3,0,3,0,14,3,0,17,11,0,11,28
01/11/2021,LAN,MI,AGL,CE,Towers with Radar,1,27,4,0,32,0,0,0,0,0,1,27,4,0,32,0,0,0,32
01/12/2021,LAN,MI,AGL,CE,Towers with Radar,8,34,8,2,52,0,0,0,0,0,8,34,8,2,52,0,0,0,52
01/13/2021,LAN,MI,AGL,CE,Towers with Radar,10,32,12,0,54,0,4,18,0,22,10,36,30,0,76,0,0,0,76
01/14/2021,LAN,MI,AGL,CE,Towers with Radar,6,36,9,2,53,0,0,27,0,27,6,36,36,2,80,9,0,9,89
01/15/2021,LAN,MI,AGL,CE,Towers with Radar,6,32,13,0,51,0,0,0,0,0,6,32,13,0,51,0,0,0,51
01/16/2021,LAN,MI,AGL,CE,Towers with Radar,1,27,4,0,32,0,0,0,0,0,1,27,4,0,32,25,0,25,57
01/17/2021,LAN,MI,AGL,CE,Towers with Radar,0,10,2,0,12,0,0,4,0,4,0,10,6,0,16,0,0,0,16
01/18/2021,LAN,MI,AGL,CE,Towers with Radar,0,26,6,0,32,0,0,0,0,0,0,26,6,0,32,0,0,0,32
01/19/2021,LAN,MI,AGL,CE,Towers with Radar,9,33,8,0,50,0,0,0,0,0,9,33,8,0,50,0,0,0,50
01/20/2021,LAN,MI,AGL,CE,Towers with Radar,6,38,18,0,62,0,0,17,0,17,6,38,35,0,79,2,0,2,81
01/21/2021,LAN,MI,AGL,CE,Towers with Radar,6,38,6,2,52,0,2,15,0,17,6,40,21,2,69,0,0,0,69
01/22/2021,LAN,MI,AGL,CE,Towers with Radar,6,40,11,0,57,0,1,5,0,6,6,41,16,0,63,13,0,13,76
01/23/2021,LAN,MI,AGL,CE,Towers with Radar,1,28,19,0,48,0,2,48,0,50,1,30,67,0,98,6,0,6,104
01/24/2021,LAN,MI,AGL,CE,Towers with Radar,2,12,3,2,19,0,0,2,0,2,2,12,5,2,21,0,0,0,21
01/25/2021,LAN,MI,AGL,CE,Towers with Radar,0,31,4,2,37,0,0,3,0,3,0,31,7,2,40,6,12,18,58
01/26/2021,LAN,MI,AGL,CE,Towers with Radar,7,36,4,0,47,0,0,0,0,0,7,36,4,0,47,0,0,0,47
01/27/2021,LAN,MI,AGL,CE,Towers with Radar,10,39,15,3,67,0,3,16,0,19,10,42,31,3,86,51,0,51,137
01/28/2021,LAN,MI,AGL,CE,Towers with Radar,9,36,9,0,54,0,1,17,0,18,9,37,26,0,72,18,0,18,90
01/29/2021,LAN,MI,AGL,CE,Towers with Radar,9,38,16,0,63,0,0,13,0,13,9,38,29,0,76,4,0,4,80
01/30/2021,LAN,MI,AGL,CE,Towers with Radar,3,29,8,0,40,0,0,23,0,23,3,29,31,0,63,10,0,10,73
01/31/2021,LAN,MI,AGL,CE,Towers with Radar,0,11,3,0,14,0,0,0,0,0,0,11,3,0,14,0,0,0,14
02/01/2021,LAN,MI,AGL,CE,Towers with Radar,1,28,14,0,43,0,1,5,0,6,1,29,19,0,49,12,0,12,61
02/02/2021,LAN,MI,AGL,CE,Towers with Radar,6,41,16,2,65,0,1,7,0,8,6,42,23,2,73,6,0,6,79
02/03/2021,LAN,MI,AGL,CE,Towers with Radar,9,37,38,2,86,0,1,41,0,42,9,38,79,2,128,30,0,30,158
02/04/2021,LAN,MI,AGL,CE,Towers with Radar,6,37,10,0,53,0,0,13,1,14,6,37,23,1,67,0,0,0,67
02/05/2021,LAN,MI,AGL,CE,Towers with Radar,7,38,7,0,52,0,0,0,0,0,7,38,7,0,52,0,0,0,52
02/06/2021,LAN,MI,AGL,CE,Towers with Radar,1,27,13,0,41,0,0,3,0,3,1,27,16,0,44,0,0,0,44
02/07/2021,LAN,MI,AGL,CE,Towers with Radar,0,10,3,0,13,0,0,7,0,7,0,10,10,0,20,0,0,0,20
02/08/2021,LAN,MI,AGL,CE,Towers with Radar,3,32,11,0,46,0,1,6,0,7,3,33,17,0,53,12,0,12,65
02/09/2021,LAN,MI,AGL,CE,Towers with Radar,8,40,6,2,56,0,2,7,2,11,8,42,13,4,67,6,0,6,73
02/10/2021,LAN,MI,AGL,CE,Towers with Radar,6,34,16,2,58,0,2,19,0,21,6,36,35,2,79,4,0,4,83
02/11/2021,LAN,MI,AGL,CE,Towers with Radar,7,35,25,6,73,0,1,26,1,28,7,36,51,7,101,8,0,8,109
02/12/2021,LAN,MI,AGL,CE,Towers with Radar,10,43,15,0,68,0,1,0,0,1,10,44,15,0,69,0,0,0,69
02/13/2021,LAN,MI,AGL,CE,Towers with Radar,8,32,6,0,46,0,0,0,0,0,8,32,6,0,46,0,0,0,46
02/14/2021,LAN,MI,AGL,CE,Towers with Radar,0,17,2,0,19,0,1,4,0,5,0,18,6,0,24,0,0,0,24
02/15/2021,LAN,MI,AGL,CE,Towers with Radar,0,22,4,0,26,0,0,0,0,0,0,22,4,0,26,0,0,0,26
02/16/2021,LAN,MI,AGL,CE,Towers with Radar,3,29,6,0,38,0,0,1,0,1,3,29,7,0,39,0,0,0,39
02/17/2021,LAN,MI,AGL,CE,Towers with Radar,6,34,12,2,54,0,1,15,0,16,6,35,27,2,70,0,0,0,70
02/18/2021,LAN,MI,AGL,CE,Towers with Radar,6,36,5,0,47,0,0,3,0,3,6,36,8,0,50,0,0,0,50
02/19/2021,LAN,MI,AGL,CE,Towers with Radar,11,40,14,2,67,0,0,5,0,5,11,40,19,2,72,6,0,6,78
02/20/2021,LAN,MI,AGL,CE,Towers with Radar,4,32,16,0,52,0,0,29,0,29,4,32,45,0,81,24,0,24,105
02/21/2021,LAN,MI,AGL,CE,Towers with Radar,0,19,6,0,25,0,0,10,0,10,0,19,16,0,35,0,0,0,35
02/22/2021,LAN,MI,AGL,CE,Towers with Radar,2,31,5,2,40,0,0,0,0,0,2,31,5,2,40,0,0,0,40
02/23/2021,LAN,MI,AGL,CE,Towers with Radar,7,41,14,0,62,0,3,9,0,12,7,44,23,0,74,2,0,2,76
02/24/2021,LAN,MI,AGL,CE,Towers with Radar,7,41,9,0,57,0,0,1,2,3,7,41,10,2,60,0,0,0,60
02/25/2021,LAN,MI,AGL,CE,Towers with Radar,6,34,22,2,64,0,2,29,1,32,6,36,51,3,96,30,0,30,126
02/26/2021,LAN,MI,AGL,CE,Towers with Radar,10,39,14,2,65,0,0,25,0,25,10,39,39,2,90,2,0,2,92
02/27/2021,LAN,MI,AGL,CE,Towers with Radar,6,33,11,0,50,0,0,20,0,20,6,33,31,0,70,4,0,4,74
02/28/2021,LAN,MI,AGL,CE,Towers with Radar,2,10,6,0,18,0,0,1,0,1,2,10,7,0,19,0,0,0,19
03/01/2021,LAN,MI,AGL,CE,Towers with Radar,3,31,14,2,50,0,3,11,0,14,3,34,25,2,64,11,0,11,75
03/02/2021,LAN,MI,AGL,CE,Towers with Radar,6,38,11,1,56,0,2,22,0,24,6,40,33,1,80,29,0,29,109
03/03/2021,LAN,MI,AGL,CE,Towers with Radar,6,35,19,4,64,0,4,33,0,37,6,39,52,4,101,4,0,4,105
03/04/2021,LAN,MI,AGL,CE,Towers with Radar,7,37,15,2,61,0,2,13,0,15,7,39,28,2,76,0,0,0,76
03/05/2021,LAN,MI,AGL,CE,Towers with Radar,7,40,21,2,70,0,3,18,0,21,7,43,39,2,91,3,0,3,94
03/06/2021,LAN,MI,AGL,CE,Towers with Radar,3,30,14,2,49,0,0,25,0,25,3,30,39,2,74,2,0,2,76
03/07/2021,LAN,MI,AGL,CE,Towers with Radar,0,10,6,2,18,0,0,31,0,31,0,10,37,2,49,0,0,0,49
03/08/2021,LAN,MI,AGL,CE,Towers with Radar,1,30,12,0,43,0,4,11,0,15,1,34,23,0,58,37,0,37,95
03/09/2021,LAN,MI,AGL,CE,Towers with Radar,8,35,21,0,64,0,2,22,1,25,8,37,43,1,89,0,0,0,89
03/10/2021,LAN,MI,AGL,CE,Towers with Radar,6,34,11,0,51,0,2,9,0,11,6,36,20,0,62,7,0,7,69
03/11/2021,LAN,MI,AGL,CE,Towers with Radar,6,38,9,3,56,0,3,5,1,9,6,41,14,4,65,0,0,0,65
03/12/2021,LAN,MI,AGL,CE,Towers with Radar,7,34,15,0,56,0,4,7,2,13,7,38,22,2,69,12,0,12,81
03/13/2021,LAN,MI,AGL,CE,Towers with Radar,2,29,28,2,61,0,0,35,0,35,2,29,63,2,96,27,0,27,123
03/14/2021,LAN,MI,AGL,CE,Towers with Radar,0,10,11,0,21,0,0,21,0,21,0,10,32,0,42,0,0,0,42
03/15/2021,LAN,MI,AGL,CE,Towers with Radar,1,29,12,8,50,0,2,13,1,16,1,31,25,9,66,0,0,0,66
03/16/2021,LAN,MI,AGL,CE,Towers with Radar,7,48,10,0,65,0,0,4,0,4,7,48,14,0,69,10,0,10,79
03/17/2021,LAN,MI,AGL,CE,Towers with Radar,7,38,20,1,66,0,4,32,2,38,7,42,52,3,104,30,0,30,134
03/18/2021,LAN,MI,AGL,CE,Towers with Radar,6,41,3,0,50,0,0,0,0,0,6,41,3,0,50,0,0,0,50
03/19/2021,LAN,MI,AGL,CE,Towers with Radar,6,43,27,0,76,0,4,31,0,35,6,47,58,0,111,44,0,44,155
03/20/2021,LAN,MI,AGL,CE,Towers with Radar,2,30,17,0,49,0,0,45,0,45,2,30,62,0,94,32,0,32,126
03/21/2021,LAN,MI,AGL,CE,Towers with Radar,0,14,14,0,28,0,0,17,0,17,0,14,31,0,45,0,0,0,45
03/22/2021,LAN,MI,AGL,CE,Towers with Radar,1,34,9,2,46,0,0,13,0,13,1,34,22,2,59,0,0,0,59
03/23/2021,LAN,MI,AGL,CE,Towers with Radar,8,38,20,3,69,0,2,15,0,17,8,40,35,3,86,32,0,32,118
03/24/2021,LAN,MI,AGL,CE,Towers with Radar,5,41,11,4,61,0,1,2,1,4,5,42,13,5,65,28,0,28,93
03/25/2021,LAN,MI,AGL,CE,Towers with Radar,7,40,25,7,79,0,0,13,3,16,7,40,38,10,95,14,0,14,109
03/26/2021,LAN,MI,AGL,CE,Towers with Radar,7,42,6,0,55,0,0,5,1,6,7,42,11,1,61,4,0,4,65
03/27/2021,LAN,MI,AGL,CE,Towers with Radar,4,32,13,0,49,0,2,21,0,23,4,34,34,0,72,1,0,1,73
03/28/2021,LAN,MI,AGL,CE,Towers with Radar,0,12,4,0,16,0,0,2,0,2,0,12,6,0,18,0,0,0,18
03/29/2021,LAN,MI,AGL,CE,Towers with Radar,2,29,34,2,67,0,1,24,0,25,2,30,58,2,92,8,0,8,100
03/30/2021,LAN,MI,AGL,CE,Towers with Radar,4,35,1,0,40,0,1,4,0,5,4,36,5,0,45,0,0,0,45
03/31/2021,LAN,MI,AGL,CE,Towers with Radar,4,36,5,0,45,0,0,11,0,11,4,36,16,0,56,14,0,14,70
04/01/2021,LAN,MI,AGL,CE,Towers with Radar,4,38,14,2,58,0,0,8,0,8,4,38,22,2,66,14,0,14,80
04/02/2021,LAN,MI,AGL,CE,Towers with Radar,7,44,18,0,69,0,0,32,0,32,7,44,50,0,101,0,0,0,101
04/03/2021,LAN,MI,AGL,CE,Towers with Radar,4,33,15,0,52,0,0,14,0,14,4,33,29,0,66,9,0,9,75
04/04/2021,LAN,MI,AGL,CE,Towers with Radar,2,14,12,0,28,0,1,14,0,15,2,15,26,0,43,0,0,0,43
04/05/2021,LAN,MI,AGL,CE,Towers with Radar,3,35,6,2,46,0,0,4,0,4,3,35,10,2,50,8,0,8,58
04/06/2021,LAN,MI,AGL,CE,Towers with Radar,6,38,20,4,68,0,4,24,2,30,6,42,44,6,98,14,0,14,112
04/07/2021,LAN,MI,AGL,CE,Towers with Radar,6,40,25,2,73,0,4,20,0,24,6,44,45,2,97,0,0,0,97
04/08/2021,LAN,MI,AGL,CE,Towers with Radar,6,45,6,0,57,0,1,11,0,12,6,46,17,0,69,6,0,6,75
04/09/2021,LAN,MI,AGL,CE,Towers with Radar,6,46,6,2,60,0,0,10,0,10,6,46,16,2,70,0,0,0,70
04/10/2021,LAN,MI,AGL,CE,Towers with Radar,4,38,28,0,70,0,0,26,0,26,4,38,54,0,96,8,0,8,104
04/11/2021,LAN,MI,AGL,CE,Towers with Radar,3,15,10,0,28,0,0,2,0,2,3,15,12,0,30,14,0,14,44
04/12/2021,LAN,MI,AGL,CE,Towers with Radar,5,33,23,0,61,0,2,7,0,9,5,35,30,0,70,0,0,0,70
04/13/2021,LAN,MI,AGL,CE,Towers with Radar,6,35,13,1,55,0,5,22,1,28,6,40,35,2,83,6,0,6,89
04/14/2021,LAN,MI,AGL,CE,Towers with Radar,8,36,15,0,59,0,1,26,0,27,8,37,41,0,86,18,0,18,104
04/15/2021,LAN,MI,AGL,CE,Towers with Radar,6,45,5,0,56,0,0,2,1,3,6,45,7,1,59,0,0,0,59
04/16/2021,LAN,MI,AGL,CE,Towers with Radar,6,41,11,0,58,0,1,11,0,12,6,42,22,0,70,10,0,10,80
04/17/2021,LAN,MI,AGL,CE,Towers with Radar,3,30,21,0,54,0,0,29,0,29,3,30,50,0,83,20,0,20,103
04/18/2021,LAN,MI,AGL,CE,Towers with Radar,2,13,9,0,24,0,0,28,0,28,2,13,37,0,52,4,0,4,56
04/19/2021,LAN,MI,AGL,CE,Towers with Radar,3,40,24,0,67,0,0,15,0,15,3,40,39,0,82,12,0,12,94
04/20/2021,LAN,MI,AGL,CE,Towers with Radar,6,39,11,2,58,0,0,12,0,12,6,39,23,2,70,14,0,14,84
04/21/2021,LAN,MI,AGL,CE,Towers with Radar,6,34,25,1,66,0,0,16,1,17,6,34,41,2,83,14,0,14,97
04/22/2021,LAN,MI,AGL,CE,Towers with Radar,6,34,19,0,59,0,2,20,0,22,6,36,39,0,81,0,0,0,81
04/23/2021,LAN,MI,AGL,CE,Towers with Radar,6,37,18,0,61,0,4,21,2,27,6,41,39,2,88,10,0,10,98
04/24/2021,LAN,MI,AGL,CE,Towers with Radar,3,29,8,0,40,0,5,7,2,14,3,34,15,2,54,6,0,6,60
04/25/2021,LAN,MI,AGL,CE,Towers with Radar,2,13,17,0,32,0,2,17,0,19,2,15,34,0,51,0,0,0,51
04/26/2021,LAN,MI,AGL,CE,Towers with Radar,3,29,14,0,46,0,0,7,0,7,3,29,21,0,53,0,0,0,53
04/27/2021,LAN,MI,AGL,CE,Towers with Radar,10,35,8,1,54,0,0,10,1,11,10,35,18,2,65,6,0,6,71
04/28/2021,LAN,MI,AGL,CE,Towers with Radar,6,35,17,1,59,0,0,5,1,6,6,35,22,2,65,7,0,7,72
04/29/2021,LAN,MI,AGL,CE,Towers with Radar,6,41,36,4,87,0,0,1,0,1,6,41,37,4,88,0,0,0,88
04/30/2021,LAN,MI,AGL,CE,Towers with Radar,6,42,13,2,63,0,2,6,1,9,6,44,19,3,72,8,0,8,80
05/01/2021,LAN,MI,AGL,CE,Towers with Radar,3,35,22,0,60,0,0,9,0,9,3,35,31,0,69,4,0,4,73
05/02/2021,LAN,MI,AGL,CE,Towers with Radar,4,18,8,0,30,0,0,14,0,14,4,18,22,0,44,0,0,0,44
05/03/2021,LAN,MI,AGL,CE,Towers with Radar,3,33,28,0,64,0,0,1,2,3,3,33,29,2,67,2,0,2,69
05/04/2021,LAN,MI,AGL,CE,Towers with Radar,8,38,28,1,75,0,0,4,1,5,8,38,32,2,80,4,0,4,84
05/05/2021,LAN,MI,AGL,CE,Towers with Radar,7,37,9,2,55,0,1,20,0,21,7,38,29,2,76,14,0,14,90
05/06/2021,LAN,MI,AGL,CE,Towers with Radar,8,37,18,0,63,0,0,3,0,3,8,37,21,0,66,0,0,0,66
05/07/2021,LAN,MI,AGL,CE,Towers with Radar,8,40,10,4,62,0,0,7,0,7,8,40,17,4,69,0,0,0,69
05/08/2021,LAN,MI,AGL,CE,Towers with Radar,3,30,24,0,57,0,0,43,0,43,3,30,67,0,100,72,0,72,172
05/09/2021,LAN,MI,AGL,CE,Towers with Radar,2,17,3,0,22,0,0,6,0,6,2,17,9,0,28,4,0,4,32
05/10/2021,LAN,MI,AGL,CE,Towers with Radar,3,28,28,1,60,0,0,22,3,25,3,28,50,4,85,4,13,17,102
05/11/2021,LAN,MI,AGL,CE,Towers with Radar,6,36,11,3,56,0,1,11,2,14,6,37,22,5,70,20,0,20,90
05/12/2021,LAN,MI,AGL,CE,Towers with Radar,6,38,21,2,67,0,3,27,0,30,6,41,48,2,97,34,0,34,131
05/13/2021,LAN,MI,AGL,CE,Towers with Radar,6,37,19,2,64,0,1,37,0,38,6,38,56,2,102,0,0,0,102
05/14/2021,LAN,MI,AGL,CE,Towers with Radar,6,34,24,0,64,0,2,23,0,25,6,36,47,0,89,27,0,27,116
05/15/2021,LAN,MI,AGL,CE,Towers with Radar,3,26,24,0,53,0,0,35,1,36,3,26,59,1,89,4,0,4,93
05/16/2021,LAN,MI,AGL,CE,Towers with Radar,2,12,21,2,37,0,0,14,1,15,2,12,35,3,52,0,0,0,52
05/17/2021,LAN,MI,AGL,CE,Towers with Radar,3,27,28,1,59,0,0,33,0,33,3,27,61,1,92,0,0,0,92
05/18/2021,LAN,MI,AGL,CE,Towers with Radar,6,37,12,0,55,0,1,17,2,20,6,38,29,2,75,13,0,13,88
05/19/2021,LAN,MI,AGL,CE,Towers with Radar,6,33,31,1,71,0,1,17,0,18,6,34,48,1,89,12,0,12,101
05/20/2021,LAN,MI,AGL,CE,Towers with Radar,6,42,17,1,66,0,4,17,2,23,6,46,34,3,89,18,0,18,107
05/21/2021,LAN,MI,AGL,CE,Towers with Radar,6,39,19,0,64,0,0,20,0,20,6,39,39,0,84,4,0,4,88
05/22/2021,LAN,MI,AGL,CE,Towers with Radar,3,27,9,0,39,0,0,16,0,16,3,27,25,0,55,0,0,0,55
05/23/2021,LAN,MI,AGL,CE,Towers with Radar,2,13,8,0,23,0,0,6,0,6,2,13,14,0,29,0,0,0,29
05/24/2021,LAN,MI,AGL,CE,Towers with Radar,3,31,18,4,56,0,0,6,0,6,3,31,24,4,62,5,0,5,67
05/25/2021,LAN,MI,AGL,CE,Towers with Radar,6,39,14,1,60,0,4,22,0,26,6,43,36,1,86,7,0,7,93
05/26/2021,LAN,MI,AGL,CE,Towers with Radar,6,43,21,2,72,0,3,12,0,15,6,46,33,2,87,0,0,0,87
05/27/2021,LAN,MI,AGL,CE,Towers with Radar,6,37,29,2,74,0,0,31,0,31,6,37,60,2,105,12,0,12,117
05/28/2021,LAN,MI,AGL,CE,Towers with Radar,5,41,14,0,60,0,0,6,0,6,5,41,20,0,66,6,0,6,72
05/29/2021,LAN,MI,AGL,CE,Towers with Radar,7,28,8,0,43,0,0,11,0,11,7,28,19,0,54,0,0,0,54
05/30/2021,LAN,MI,AGL,CE,Towers with Radar,3,7,6,0,16,0,0,14,0,14,3,7,20,0,30,2,0,2,32
05/31/2021,LAN,MI,AGL,CE,Towers with Radar,4,12,11,0,27,0,0,15,0,15,4,12,26,0,42,0,0,0,42
06/01/2021,LAN,MI,AGL,CE,Towers with Radar,11,40,7,0,58,0,3,14,0,17,11,43,21,0,75,6,0,6,81
06/02/2021,LAN,MI,AGL,CE,Towers with Radar,8,42,29,0,79,0,3,9,2,14,8,45,38,2,93,6,0,6,99
06/03/2021,LAN,MI,AGL,CE,Towers with Radar,13,35,27,0,75,0,0,19,2,21,13,35,46,2,96,16,0,16,112
06/04/2021,LAN,MI,AGL,CE,Towers with Radar,10,32,13,0,55,0,0,21,0,21,10,32,34,0,76,10,0,10,86
06/05/2021,LAN,MI,AGL,CE,Towers with Radar,3,28,6,0,37,0,0,11,0,11,3,28,17,0,48,12,0,12,60
06/06/2021,LAN,MI,AGL,CE,Towers with Radar,6,11,7,0,24,0,0,20,0,20,6,11,27,0,44,9,0,9,53
06/07/2021,LAN,MI,AGL,CE,Towers with Radar,5,29,14,0,48,0,0,9,0,9,5,29,23,0,57,12,0,12,69
06/08/2021,LAN,MI,AGL,CE,Towers with Radar,8,37,7,0,52,0,0,7,0,7,8,37,14,0,59,0,0,0,59
06/09/2021,LAN,MI,AGL,CE,Towers with Radar,7,37,26,0,70,0,0,15,0,15,7,37,41,0,85,0,0,0,85
06/10/2021,LAN,MI,AGL,CE,Towers with Radar,9,36,12,0,57,0,0,23,0,23,9,36,35,0,80,18,0,18,98
06/11/2021,LAN,MI,AGL,CE,Towers with Radar,10,45,21,0,76,0,1,21,0,22,10,46,42,0,98,0,0,0,98
06/12/2021,LAN,MI,AGL,CE,Towers with Radar,5,30,24,0,59,0,2,10,0,12,5,32,34,0,71,8,0,8,79
06/13/2021,LAN,MI,AGL,CE,Towers with Radar,4,15,17,1,37,0,0,30,0,30,4,15,47,1,67,6,0,6,73
06/14/2021,LAN,MI,AGL,CE,Towers with Radar,5,32,17,0,54,0,1,8,0,9,5,33,25,0,63,2,0,2,65
06/15/2021,LAN,MI,AGL,CE,Towers with Radar,8,42,11,0,61,0,1,24,0,25,8,43,35,0,86,24,0,24,110
06/16/2021,LAN,MI,AGL,CE,Towers with Radar,8,39,11,0,58,0,1,30,0,31,8,40,41,0,89,4,0,4,93
06/17/2021,LAN,MI,AGL,CE,Towers with Radar,8,37,31,1,77,0,4,35,0,39,8,41,66,1,116,0,0,0,116
06/18/2021,LAN,MI,AGL,CE,Towers with Radar,8,38,5,0,51,0,0,4,0,4,8,38,9,0,55,0,0,0,55
06/19/2021,LAN,MI,AGL,CE,Towers with Radar,3,30,4,0,37,0,0,6,0,6,3,30,10,0,43,0,0,0,43
06/20/2021,LAN,MI,AGL,CE,Towers with Radar,4,12,6,0,22,0,0,12,0,12,4,12,18,0,34,7,0,7,41
06/21/2021,LAN,MI,AGL,CE,Towers with Radar,7,30,20,0,57,0,0,1,2,3,7,30,21,2,60,6,0,6,66
06/22/2021,LAN,MI,AGL,CE,Towers with Radar,8,36,17,10,71,0,0,17,0,17,8,36,34,10,88,9,0,9,97
06/23/2021,LAN,MI,AGL,CE,Towers with Radar,8,40,35,0,83,0,2,11,0,13,8,42,46,0,96,8,0,8,104
06/24/2021,LAN,MI,AGL,CE,Towers with Radar,8,37,22,6,73,0,2,7,1,10,8,39,29,7,83,0,0,0,83
06/25/2021,LAN,MI,AGL,CE,Towers with Radar,8,40,4,0,52,0,1,0,0,1,8,41,4,0,53,0,0,0,53
06/26/2021,LAN,MI,AGL,CE,Towers with Radar,5,25,1,0,31,0,0,1,0,1,5,25,2,0,32,12,0,12,44
06/27/2021,LAN,MI,AGL,CE,Towers with Radar,8,13,13,0,34,0,0,0,0,0,8,13,13,0,34,4,0,4,38
06/28/2021,LAN,MI,AGL,CE,Towers with Radar,11,33,20,0,64,0,0,9,0,9,11,33,29,0,73,0,0,0,73
06/29/2021,LAN,MI,AGL,CE,Towers with Radar,11,38,13,2,64,0,0,9,1,10,11,38,22,3,74,0,0,0,74
06/30/2021,LAN,MI,AGL,CE,Towers with Radar,9,38,24,0,71,0,2,18,0,20,9,40,42,0,91,18,0,18,109
07/01/2021,LAN,MI,AGL,CE,Towers with Radar,8,39,23,1,71,0,0,13,1,14,8,39,36,2,85,29,0,29,114
07/02/2021,LAN,MI,AGL,CE,Towers with Radar,10,40,14,0,64,0,2,14,0,16,10,42,28,0,80,1,0,1,81
07/03/2021,LAN,MI,AGL,CE,Towers with Radar,2,28,9,0,39,0,0,12,0,12,2,28,21,0,51,10,0,10,61
07/04/2021,LAN,MI,AGL,CE,Towers with Radar,3,13,3,0,19,0,0,15,0,15,3,13,18,0,34,8,0,8,42
07/05/2021,LAN,MI,AGL,CE,Towers with Radar,4,14,7,0,25,0,1,8,0,9,4,15,15,0,34,6,0,6,40
07/06/2021,LAN,MI,AGL,CE,Towers with Radar,7,37,7,0,51,0,0,17,0,17,7,37,24,0,68,8,0,8,76
07/07/2021,LAN,MI,AGL,CE,Towers with Radar,13,33,13,2,61,0,0,6,0,6,13,33,19,2,67,0,0,0,67
07/08/2021,LAN,MI,AGL,CE,Towers with Radar,11,36,14,0,61,0,0,2,0,2,11,36,16,0,63,0,0,0,63
07/09/2021,LAN,MI,AGL,CE,Towers with Radar,10,40,23,2,75,0,0,28,0,28,10,40,51,2,103,8,0,8,111
07/10/2021,LAN,MI,AGL,CE,Towers with Radar,3,33,24,0,60,0,0,20,0,20,3,33,44,0,80,2,0,2,82
07/11/2021,LAN,MI,AGL,CE,Towers with Radar,4,14,11,0,29,0,0,3,0,3,4,14,14,0,32,0,0,0,32
07/12/2021,LAN,MI,AGL,CE,Towers with Radar,5,30,34,0,69,0,0,3,0,3,5,30,37,0,72,12,0,12,84
07/13/2021,LAN,MI,AGL,CE,Towers with Radar,8,37,16,0,61,0,0,0,0,0,8,37,16,0,61,0,0,0,61
07/14/2021,LAN,MI,AGL,CE,Towers with Radar,8,45,33,0,86,0,0,29,1,30,8,45,62,1,116,9,0,9,125
07/15/2021,LAN,MI,AGL,CE,Towers with Radar,7,40,12,0,59,0,0,7,1,8,7,40,19,1,67,0,0,0,67
07/16/2021,LAN,MI,AGL,CE,Towers with Radar,9,36,22,4,71,0,1,2,0,3,9,37,24,4,74,0,0,0,74
07/17/2021,LAN,MI,AGL,CE,Towers with Radar,2,28,17,0,47,0,1,9,0,10,2,29,26,0,57,0,0,0,57
07/18/2021,LAN,MI,AGL,CE,Towers with Radar,3,14,19,1,37,0,2,30,0,32,3,16,49,1,69,3,0,3,72
07/19/2021,LAN,MI,AGL,CE,Towers with Radar,9,24,24,0,57,0,2,29,0,31,9,26,53,0,88,19,0,19,107
07/20/2021,LAN,MI,AGL,CE,Towers with Radar,11,49,30,4,94,0,3,21,1,25,11,52,51,5,119,22,0,22,141
07/21/2021,LAN,MI,AGL,CE,Towers with Radar,9,40,35,0,84,0,0,17,1,18,9,40,52,1,102,10,0,10,112
07/22/2021,LAN,MI,AGL,CE,Towers with Radar,8,33,35,6,82,0,5,30,0,35,8,38,65,6,117,30,0,30,147
07/23/2021,LAN,MI,AGL,CE,Towers with Radar,8,38,10,0,56,0,1,2,0,3,8,39,12,0,59,0,0,0,59
07/24/2021,LAN,MI,AGL,CE,Towers with Radar,4,31,22,0,57,0,0,2,0,2,4,31,24,0,59,0,0,0,59
07/25/2021,LAN,MI,AGL,CE,Towers with Radar,5,14,8,0,27,0,0,30,0,30,5,14,38,0,57,3,0,3,60
07/26/2021,LAN,MI,AGL,CE,Towers with Radar,5,28,29,0,62,0,1,23,0,24,5,29,52,0,86,6,0,6,92
07/27/2021,LAN,MI,AGL,CE,Towers with Radar,8,53,18,0,79,0,2,21,3,26,8,55,39,3,105,9,0,9,114
07/28/2021,LAN,MI,AGL,CE,Towers with Radar,7,35,32,2,76,0,0,23,3,26,7,35,55,5,102,8,0,8,110
07/29/2021,LAN,MI,AGL,CE,Towers with Radar,9,35,26,9,79,0,0,15,3,18,9,35,41,12,97,0,0,0,97
07/30/2021,LAN,MI,AGL,CE,Towers with Radar,8,33,17,0,58,0,0,20,0,20,8,33,37,0,78,0,0,0,78
07/31/2021,LAN,MI,AGL,CE,Towers with Radar,5,31,8,0,44,0,0,25,2,27,5,31,33,2,71,14,0,14,85
08/01/2021,LAN,MI,AGL,CE,Towers with Radar,4,12,15,0,31,0,0,4,0,4,4,12,19,0,35,0,0,0,35
08/02/2021,LAN,MI,AGL,CE,Towers with Radar,5,29,27,0,61,0,2,36,0,38,5,31,63,0,99,6,0,6,105
08/03/2021,LAN,MI,AGL,CE,Towers with Radar,8,40,27,0,75,0,2,16,2,20,8,42,43,2,95,10,5,15,110
08/04/2021,LAN,MI,AGL,CE,Towers with Radar,8,34,29,2,73,0,3,25,0,28,8,37,54,2,101,0,0,0,101
08/05/2021,LAN,MI,AGL,CE,Towers with Radar,8,35,18,0,61,0,0,18,0,18,8,35,36,0,79,19,0,19,98
08/06/2021,LAN,MI,AGL,CE,Towers with Radar,7,39,6,0,52,0,1,2,0,3,7,40,8,0,55,8,0,8,63
08/07/2021,LAN,MI,AGL,CE,Towers with Radar,4,28,8,0,40,0,1,13,2,16,4,29,21,2,56,48,0,48,104
08/08/2021,LAN,MI,AGL,CE,Towers with Radar,3,11,5,0,19,0,0,15,0,15,3,11,20,0,34,6,0,6,40
08/09/2021,LAN,MI,AGL,CE,Towers with Radar,5,30,17,0,52,0,0,10,0,10,5,30,27,0,62,0,0,0,62
08/10/2021,LAN,MI,AGL,CE,Towers with Radar,5,38,21,3,67,0,1,13,0,14,5,39,34,3,81,0,0,0,81
08/11/2021,LAN,MI,AGL,CE,Towers with Radar,7,33,12,3,55,0,1,6,0,7,7,34,18,3,62,0,0,0,62
08/12/2021,LAN,MI,AGL,CE,Towers with Radar,7,38,31,1,77,0,0,35,0,35,7,38,66,1,112,20,0,20,132
08/13/2021,LAN,MI,AGL,CE,Towers with Radar,8,39,21,0,68,0,2,53,0,55,8,41,74,0,123,10,0,10,133
08/14/2021,LAN,MI,AGL,CE,Towers with Radar,6,32,10,0,48,0,1,23,1,25,6,33,33,1,73,8,0,8,81
08/15/2021,LAN,MI,AGL,CE,Towers with Radar,4,12,16,0,32,0,0,15,0,15,4,12,31,0,47,0,0,0,47
08/16/2021,LAN,MI,AGL,CE,Towers with Radar,6,28,22,0,56,2,2,23,1,28,8,30,45,1,84,12,0,12,96
08/17/2021,LAN,MI,AGL,CE,Towers with Radar,8,40,26,1,75,0,4,24,0,28,8,44,50,1,103,20,0,20,123
08/18/2021,LAN,MI,AGL,CE,Towers with Radar,8,37,18,3,66,0,3,22,0,25,8,40,40,3,91,25,0,25,116
08/19/2021,LAN,MI,AGL,CE,Towers with Radar,6,38,19,2,65,0,0,39,0,39,6,38,58,2,104,28,0,28,132
08/20/2021,LAN,MI,AGL,CE,Towers with Radar,8,38,20,2,68,0,0,31,1,32,8,38,51,3,100,4,2,6,106
08/21/2021,LAN,MI,AGL,CE,Towers with Radar,5,35,20,1,61,0,3,24,2,29,5,38,44,3,90,19,0,19,109
08/22/2021,LAN,MI,AGL,CE,Towers with Radar,4,14,6,0,24,0,0,12,0,12,4,14,18,0,36,0,0,0,36
08/23/2021,LAN,MI,AGL,CE,Towers with Radar,5,26,23,1,55,0,3,23,1,27,5,29,46,2,82,0,0,0,82
08/24/2021,LAN,MI,AGL,CE,Towers with Radar,7,27,20,0,54,0,2,14,0,16,7,29,34,0,70,0,0,0,70
08/25/2021,LAN,MI,AGL,CE,Towers with Radar,6,39,25,4,74,0,0,23,0,23,6,39,48,4,97,4,0,4,101
08/26/2021,LAN,MI,AGL,CE,Towers with Radar,7,42,23,1,73,0,0,17,2,19,7,42,40,3,92,24,0,24,116
08/27/2021,LAN,MI,AGL,CE,Towers with Radar,10,39,15,2,66,0,0,4,0,4,10,39,19,2,70,0,0,0,70
08/28/2021,LAN,MI,AGL,CE,Towers with Radar,2,33,14,0,49,0,2,8,0,10,2,35,22,0,59,0,0,0,59
08/29/2021,LAN,MI,AGL,CE,Towers with Radar,5,16,9,0,30,0,0,7,0,7,5,16,16,0,37,6,0,6,43
08/30/2021,LAN,MI,AGL,CE,Towers with Radar,5,30,15,0,50,0,0,21,0,21,5,30,36,0,71,6,0,6,77
08/31/2021,LAN,MI,AGL,CE,Towers with Radar,8,36,18,3,65,0,0,21,1,22,8,36,39,4,87,0,0,0,87
09/01/2021,LAN,MI,AGL,CE,Towers with Radar,8,36,19,1,64,0,1,20,1,22,8,37,39,2,86,4,0,4,90
09/02/2021,LAN,MI,AGL,CE,Towers with Radar,10,40,22,4,76,0,0,21,1,22,10,40,43,5,98,45,0,45,143
09/03/2021,LAN,MI,AGL,CE,Towers with Radar,8,36,13,0,57,0,1,22,0,23,8,37,35,0,80,6,0,6,86
09/04/2021,LAN,MI,AGL,CE,Towers with Radar,4,27,5,0,36,0,0,12,0,12,4,27,17,0,48,0,0,0,48
09/05/2021,LAN,MI,AGL,CE,Towers with Radar,4,10,1,0,15,0,0,13,0,13,4,10,14,0,28,0,0,0,28
09/06/2021,LAN,MI,AGL,CE,Towers with Radar,4,12,6,0,22,0,0,25,0,25,4,12,31,0,47,22,0,22,69
09/07/2021,LAN,MI,AGL,CE,Towers with Radar,6,33,9,5,53,0,3,3,0,6,6,36,12,5,59,8,1,9,68
09/08/2021,LAN,MI,AGL,CE,Towers with Radar,13,39,19,7,78,0,3,4,5,12,13,42,23,12,90,6,0,6,96
09/09/2021,LAN,MI,AGL,CE,Towers with Radar,12,40,19,3,74,0,1,16,3,20,12,41,35,6,94,26,0,26,120
09/10/2021,LAN,MI,AGL,CE,Towers with Radar,10,38,33,2,83,0,1,41,4,46,10,39,74,6,129,32,0,32,161
09/11/2021,LAN,MI,AGL,CE,Towers with Radar,7,29,13,0,49,0,1,19,2,22,7,30,32,2,71,13,0,13,84
09/12/2021,LAN,MI,AGL,CE,Towers with Radar,5,15,11,0,31,0,0,16,1,17,5,15,27,1,48,16,0,16,64
09/13/2021,LAN,MI,AGL,CE,Towers with Radar,4,30,13,0,47,0,0,5,0,5,4,30,18,0,52,17,0,17,69
09/14/2021,LAN,MI,AGL,CE,Towers with Radar,10,37,14,3,64,0,4,6,1,11,10,41,20,4,75,2,0,2,77
09/15/2021,LAN,MI,AGL,CE,Towers with Radar,9,35,31,2,77,0,0,22,4,26,9,35,53,6,103,8,0,8,111
09/16/2021,LAN,MI,AGL,CE,Towers with Radar,9,37,30,0,76,0,0,44,0,44,9,37,74,0,120,34,0,34,154
09/17/2021,LAN,MI,AGL,CE,Towers with Radar,13,35,21,0,69,0,4,15,0,19,13,39,36,0,88,35,0,35,123
09/18/2021,LAN,MI,AGL,CE,Towers with Radar,10,32,18,0,60,0,0,28,0,28,10,32,46,0,88,18,0,18,106
09/19/2021,LAN,MI,AGL,CE,Towers with Radar,6,12,11,2,31,0,0,28,0,28,6,12,39,2,59,4,0,4,63
09/20/2021,LAN,MI,AGL,CE,Towers with Radar,7,31,21,2,61,0,1,9,0,10,7,32,30,2,71,0,0,0,71
09/21/2021,LAN,MI,AGL,CE,Towers with Radar,10,38,20,0,68,0,0,1,0,1,10,38,21,0,69,0,0,0,69
09/22/2021,LAN,MI,AGL,CE,Towers with Radar,10,38,12,0,60,0,0,1,0,1,10,38,13,0,61,0,0,0,61
09/23/2021,LAN,MI,AGL,CE,Towers with Radar,9,44,19,0,72,0,0,0,0,0,9,44,19,0,72,0,0,0,72
09/24/2021,LAN,MI,AGL,CE,Towers with Radar,14,42,28,2,86,0,2,30,0,32,14,44,58,2,118,8,0,8,126
09/25/2021,LAN,MI,AGL,CE,Towers with Radar,10,29,24,2,65,0,0,7,0,7,10,29,31,2,72,32,0,32,104
09/26/2021,LAN,MI,AGL,CE,Towers with Radar,9,15,21,0,45,0,0,27,0,27,9,15,48,0,72,24,0,24,96
09/27/2021,LAN,MI,AGL,CE,Towers with Radar,6,40,14,0,60,0,0,37,0,37,6,40,51,0,97,2,0,2,99
09/28/2021,LAN,MI,AGL,CE,Towers with Radar,11,36,12,0,59,0,0,24,0,24,11,36,36,0,83,4,0,4,87
09/29/2021,LAN,MI,AGL,CE,Towers with Radar,10,42,19,3,74,0,1,29,0,30,10,43,48,3,104,10,0,10,114
09/30/2021,LAN,MI,AGL,CE,Towers with Radar,10,47,37,1,95,0,0,33,3,36,10,47,70,4,131,14,0,14,145
10/01/2021,LAN,MI,AGL,CE,Towers with Radar,11,39,27,0,77,0,1,37,0,38,11,40,64,0,115,0,0,0,115
10/02/2021,LAN,MI,AGL,CE,Towers with Radar,6,21,19,2,48,0,0,17,0,17,6,21,36,2,65,0,0,0,65
10/03/2021,LAN,MI,AGL,CE,Towers with Radar,6,13,21,6,46,0,0,0,1,1,6,13,21,7,47,0,0,0,47
10/04/2021,LAN,MI,AGL,CE,Towers with Radar,7,30,20,5,62,0,0,0,0,0,7,30,20,5,62,0,0,0,62
10/05/2021,LAN,MI,AGL,CE,Towers with Radar,10,35,3,3,51,0,0,4,0,4,10,35,7,3,55,0,0,0,55
10/06/2021,LAN,MI,AGL,CE,Towers with Radar,10,31,27,11,79,0,0,4,0,4,10,31,31,11,83,0,0,0,83
10/07/2021,LAN,MI,AGL,CE,Towers with Radar,10,35,15,0,60,0,0,0,0,0,10,35,15,0,60,0,0,0,60
10/08/2021,LAN,MI,AGL,CE,Towers with Radar,12,34,16,8,70,0,0,1,0,1,12,34,17,8,71,0,0,0,71
10/09/2021,LAN,MI,AGL,CE,Towers with Radar,11,20,12,0,43,0,0,16,0,16,11,20,28,0,59,0,0,0,59
10/10/2021,LAN,MI,AGL,CE,Towers with Radar,6,13,10,0,29,0,1,8,0,9,6,14,18,0,38,0,0,0,38
10/11/2021,LAN,MI,AGL,CE,Towers with Radar,4,27,26,0,57,0,2,11,0,13,4,29,37,0,70,4,0,4,74
10/12/2021,LAN,MI,AGL,CE,Towers with Radar,11,32,11,1,55,0,0,5,0,5,11,32,16,1,60,12,0,12,72
10/13/2021,LAN,MI,AGL,CE,Towers with Radar,10,36,27,2,75,0,0,27,2,29,10,36,54,4,104,50,0,50,154
10/14/2021,LAN,MI,AGL,CE,Towers with Radar,10,43,14,8,75,0,0,0,1,1,10,43,14,9,76,11,0,11,87
10/15/2021,LAN,MI,AGL,CE,Towers with Radar,12,37,17,2,68,0,1,7,0,8,12,38,24,2,76,0,0,0,76
10/16/2021,LAN,MI,AGL,CE,Towers with Radar,9,20,13,2,44,0,0,8,2,10,9,20,21,4,54,14,0,14,68
10/17/2021,LAN,MI,AGL,CE,Towers with Radar,6,12,12,2,32,0,0,18,2,20,6,12,30,4,52,0,6,6,58
10/18/2021,LAN,MI,AGL,CE,Towers with Radar,6,29,23,0,58,0,3,55,0,58,6,32,78,0,116,12,0,12,128
10/19/2021,LAN,MI,AGL,CE,Towers with Radar,11,37,22,2,72,0,0,39,0,39,11,37,61,2,111,24,0,24,135
10/20/2021,LAN,MI,AGL,CE,Towers with Radar,10,32,17,4,63,0,2,34,0,36,10,34,51,4,99,20,0,20,119
10/21/2021,LAN,MI,AGL,CE,Towers with Radar,9,36,36,4,85,0,0,1,0,1,9,36,37,4,86,0,0,0,86
10/22/2021,LAN,MI,AGL,CE,Towers with Radar,8,40,29,0,77,0,0,8,0,8,8,40,37,0,85,0,0,0,85
10/23/2021,LAN,MI,AGL,CE,Towers with Radar,6,26,24,0,56,0,0,14,0,14,6,26,38,0,70,14,0,14,84
10/24/2021,LAN,MI,AGL,CE,Towers with Radar,5,15,5,2,27,0,0,1,0,1,5,15,6,2,28,6,0,6,34
10/25/2021,LAN,MI,AGL,CE,Towers with Radar,5,28,16,0,49,0,0,0,0,0,5,28,16,0,49,0,0,0,49
10/26/2021,LAN,MI,AGL,CE,Towers with Radar,11,44,18,6,79,0,0,21,0,21,11,44,39,6,100,8,0,8,108
10/27/2021,LAN,MI,AGL,CE,Towers with Radar,10,32,32,4,78,0,0,1,0,1,10,32,33,4,79,0,0,0,79
10/28/2021,LAN,MI,AGL,CE,Towers with Radar,10,41,14,4,69,0,0,13,2,15,10,41,27,6,84,0,0,0,84
10/29/2021,LAN,MI,AGL,CE,Towers with Radar,10,52,26,2,90,0,0,0,0,0,10,52,26,2,90,0,0,0,90
10/30/2021,LAN,MI,AGL,CE,Towers with Radar,5,53,54,1,113,0,0,4,0,4,5,53,58,1,117,0,0,0,117
10/31/2021,LAN,MI,AGL,CE,Towers with Radar,4,25,12,0,41,0,0,8,0,8,4,25,20,0,49,0,0,0,49
11/01/2021,LAN,MI,AGL,CE,Towers with Radar,5,28,13,2,48,0,3,8,1,12,5,31,21,3,60,1,0,1,61
11/02/2021,LAN,MI,AGL,CE,Towers with Radar,8,36,20,0,64,0,0,14,0,14,8,36,34,0,78,8,0,8,86
11/03/2021,LAN,MI,AGL,CE,Towers with Radar,8,36,26,3,73,0,4,26,1,31,8,40,52,4,104,0,0,0,104
11/04/2021,LAN,MI,AGL,CE,Towers with Radar,8,35,19,2,64,0,0,24,0,24,8,35,43,2,88,0,0,0,88
11/05/2021,LAN,MI,AGL,CE,Towers with Radar,9,38,28,0,75,0,4,23,0,27,9,42,51,0,102,6,0,6,108
11/06/2021,LAN,MI,AGL,CE,Towers with Radar,9,25,13,3,50,0,0,21,6,27,9,25,34,9,77,12,0,12,89
11/07/2021,LAN,MI,AGL,CE,Towers with Radar,4,18,22,0,44,0,0,36,0,36,4,18,58,0,80,6,0,6,86
11/08/2021,LAN,MI,AGL,CE,Towers with Radar,7,34,19,2,62,0,2,35,0,37,7,36,54,2,99,16,0,16,115
11/09/2021,LAN,MI,AGL,CE,Towers with Radar,8,40,19,0,67,0,2,28,2,32,8,42,47,2,99,8,0,8,107
11/10/2021,LAN,MI,AGL,CE,Towers with Radar,10,42,20,2,74,0,1,31,2,34,10,43,51,4,108,6,0,6,114
11/11/2021,LAN,MI,AGL,CE,Towers with Radar,8,39,7,0,54,0,1,7,0,8,8,40,14,0,62,0,0,0,62
11/12/2021,LAN,MI,AGL,CE,Towers with Radar,9,35,10,2,56,0,1,7,0,8,9,36,17,2,64,0,0,0,64
11/13/2021,LAN,MI,AGL,CE,Towers with Radar,8,30,8,0,46,0,0,5,0,5,8,30,13,0,51,0,0,0,51
11/14/2021,LAN,MI,AGL,CE,Towers with Radar,4,12,10,2,28,0,0,0,0,0,4,12,10,2,28,0,0,0,28
11/15/2021,LAN,MI,AGL,CE,Towers with Radar,5,30,18,2,55,0,2,25,0,27,5,32,43,2,82,23,0,23,105
11/16/2021,LAN,MI,AGL,CE,Towers with Radar,8,35,26,1,70,0,3,21,0,24,8,38,47,1,94,14,0,14,108
11/17/2021,LAN,MI,AGL,CE,Towers with Radar,8,41,15,0,64,0,0,0,0,0,8,41,15,0,64,0,0,0,64
11/18/2021,LAN,MI,AGL,CE,Towers with Radar,10,41,13,0,64,0,0,3,1,4,10,41,16,1,68,0,0,0,68
11/19/2021,LAN,MI,AGL,CE,Towers with Radar,12,35,20,2,69,0,1,29,1,31,12,36,49,3,100,14,0,14,114
11/20/2021,LAN,MI,AGL,CE,Towers with Radar,9,25,14,0,48,0,0,13,0,13,9,25,27,0,61,0,0,0,61
11/21/2021,LAN,MI,AGL,CE,Towers with Radar,4,15,7,0,26,0,0,7,0,7,4,15,14,0,33,4,0,4,37
11/22/2021,LAN,MI,AGL,CE,Towers with Radar,7,41,22,2,72,0,1,19,1,21,7,42,41,3,93,4,0,4,97
11/23/2021,LAN,MI,AGL,CE,Towers with Radar,13,44,32,2,91,0,0,41,0,41,13,44,73,2,132,18,0,18,150
11/24/2021,LAN,MI,AGL,CE,Towers with Radar,13,41,10,4,68,0,0,10,0,10,13,41,20,4,78,0,0,0,78
11/25/2021,LAN,MI,AGL,CE,Towers with Radar,2,9,1,0,12,0,0,0,0,0,2,9,1,0,12,0,0,0,12
11/26/2021,LAN,MI,AGL,CE,Towers with Radar,7,39,15,0,61,0,1,6,0,7,7,40,21,0,68,8,0,8,76
11/27/2021,LAN,MI,AGL,CE,Towers with Radar,12,28,10,0,50,0,0,2,0,2,12,28,12,0,52,0,0,0,52
11/28/2021,LAN,MI,AGL,CE,Towers with Radar,6,22,15,0,43,0,0,1,0,1,6,22,16,0,44,0,0,0,44
11/29/2021,LAN,MI,AGL,CE,Towers with Radar,4,35,15,1,55,0,0,7,0,7,4,35,22,1,62,0,0,0,62
11/30/2021,LAN,MI,AGL,CE,Towers with Radar,15,46,13,2,76,0,0,1,1,2,15,46,14,3,78,12,0,12,90
12/01/2021,LAN,MI,AGL,CE,Towers with Radar,14,45,25,2,86,0,0,15,1,16,14,45,40,3,102,0,0,0,102
12/02/2021,LAN,MI,AGL,CE,Towers with Radar,14,36,19,5,74,0,0,14,0,14,14,36,33,5,88,0,0,0,88
12/03/2021,LAN,MI,AGL,CE,Towers with Radar,9,38,16,0,63,0,0,2,0,2,9,38,18,0,65,0,0,0,65
12/04/2021,LAN,MI,AGL,CE,Towers with Radar,8,20,13,1,42,0,0,12,2,14,8,20,25,3,56,16,0,16,72
12/05/2021,LAN,MI,AGL,CE,Towers with Radar,4,13,6,0,23,0,0,3,0,3,4,13,9,0,26,0,0,0,26
12/06/2021,LAN,MI,AGL,CE,Towers with Radar,4,24,12,2,42,0,0,2,0,2,4,24,14,2,44,0,0,0,44
12/07/2021,LAN,MI,AGL,CE,Towers with Radar,12,44,31,4,91,0,0,10,2,12,12,44,41,6,103,0,0,0,103
12/08/2021,LAN,MI,AGL,CE,Towers with Radar,12,45,21,0,78,0,0,17,1,18,12,45,38,1,96,0,0,0,96
12/09/2021,LAN,MI,AGL,CE,Towers with Radar,14,43,26,4,87,0,0,16,1,17,14,43,42,5,104,17,0,17,121
12/10/2021,LAN,MI,AGL,CE,Towers with Radar,8,43,14,1,66,0,1,7,0,8,8,44,21,1,74,13,0,13,87
12/11/2021,LAN,MI,AGL,CE,Towers with Radar,5,12,4,0,21,0,0,0,0,0,5,12,4,0,21,0,0,0,21
12/12/2021,LAN,MI,AGL,CE,Towers with Radar,2,13,14,1,30,0,1,20,0,21,2,14,34,1,51,3,0,3,54
12/13/2021,LAN,MI,AGL,CE,Towers with Radar,3,32,15,0,50,0,4,36,0,40,3,36,51,0,90,34,0,34,124
12/14/2021,LAN,MI,AGL,CE,Towers with Radar,10,44,13,2,69,0,0,16,3,19,10,44,29,5,88,8,0,8,96
12/15/2021,LAN,MI,AGL,CE,Towers with Radar,10,44,16,2,72,0,0,2,0,2,10,44,18,2,74,0,0,0,74
12/16/2021,LAN,MI,AGL,CE,Towers with Radar,11,19,9,0,39,0,1,0,1,2,11,20,9,1,41,0,0,0,41
12/17/2021,LAN,MI,AGL,CE,Towers with Radar,12,42,20,2,76,0,1,44,0,45,12,43,64,2,121,18,0,18,139
12/18/2021,LAN,MI,AGL,CE,Towers with Radar,11,27,9,0,47,0,0,0,0,0,11,27,9,0,47,0,0,0,47
12/19/2021,LAN,MI,AGL,CE,Towers with Radar,8,12,5,0,25,0,0,9,0,9,8,12,14,0,34,0,0,0,34
12/20/2021,LAN,MI,AGL,CE,Towers with Radar,7,35,22,0,64,0,0,6,1,7,7,35,28,1,71,0,0,0,71
12/21/2021,LAN,MI,AGL,CE,Towers with Radar,14,38,14,2,68,0,0,6,2,8,14,38,20,4,76,0,0,0,76
12/22/2021,LAN,MI,AGL,CE,Towers with Radar,14,39,25,0,78,0,1,10,0,11,14,40,35,0,89,4,0,4,93
12/23/2021,LAN,MI,AGL,CE,Towers with Radar,13,41,15,0,69,0,0,10,0,10,13,41,25,0,79,0,0,0,79
12/24/2021,LAN,MI,AGL,CE,Towers with Radar,14,42,2,0,58,0,0,0,0,0,14,42,2,0,58,8,0,8,66
12/25/2021,LAN,MI,AGL,CE,Towers with Radar,4,12,1,0,17,0,0,0,0,0,4,12,1,0,17,0,0,0,17
12/26/2021,LAN,MI,AGL,CE,Towers with Radar,3,15,13,0,31,0,0,15,0,15,3,15,28,0,46,0,0,0,46
12/27/2021,LAN,MI,AGL,CE,Towers with Radar,4,28,6,0,38,0,0,0,0,0,4,28,6,0,38,0,0,0,38
12/28/2021,LAN,MI,AGL,CE,Towers with Radar,11,30,6,0,47,0,1,1,2,4,11,31,7,2,51,0,0,0,51
12/29/2021,LAN,MI,AGL,CE,Towers with Radar,9,51,5,0,65,0,6,0,0,6,9,57,5,0,71,8,0,8,79
12/30/2021,LAN,MI,AGL,CE,Towers with Radar,14,34,9,0,57,0,0,0,0,0,14,34,9,0,57,17,0,17,74
12/31/2021,LAN,MI,AGL,CE,Towers with Radar,8,46,3,0,57,0,0,1,0,1,8,46,4,0,58,0,0,0,58
01/01/2022,LAN,MI,AGL,CE,Towers with Radar,2,7,3,0,12,0,0,0,0,0,2,7,3,0,12,0,0,0,12
01/02/2022,LAN,MI,AGL,CE,Towers with Radar,4,12,8,0,24,0,0,4,0,4,4,12,12,0,28,0,0,0,28
01/03/2022,LAN,MI,AGL,CE,Towers with Radar,5,31,24,0,60,0,0,7,1,8,5,31,31,1,68,0,0,0,68
01/04/2022,LAN,MI,AGL,CE,Towers with Radar,8,40,12,3,63,0,0,15,2,17,8,40,27,5,80,2,0,2,82
01/05/2022,LAN,MI,AGL,CE,Towers with Radar,6,40,2,2,50,0,0,0,0,0,6,40,2,2,50,0,0,0,50
01/06/2022,LAN,MI,AGL,CE,Towers with Radar,6,46,13,2,67,0,0,0,0,0,6,46,13,2,67,0,0,0,67
01/07/2022,LAN,MI,AGL,CE,Towers with Radar,4,41,16,0,61,0,2,21,0,23,4,43,37,0,84,6,0,6,90
01/08/2022,LAN,MI,AGL,CE,Towers with Radar,2,27,13,0,42,0,0,4,0,4,2,27,17,0,46,0,0,0,46
01/09/2022,LAN,MI,AGL,CE,Towers with Radar,5,15,6,0,26,0,0,6,0,6,5,15,12,0,32,0,0,0,32
01/10/2022,LAN,MI,AGL,CE,Towers with Radar,5,24,21,2,52,0,0,2,1,3,5,24,23,3,55,6,0,6,61
01/11/2022,LAN,MI,AGL,CE,Towers with Radar,8,32,19,4,63,0,0,16,0,16,8,32,35,4,79,4,0,4,83
01/12/2022,LAN,MI,AGL,CE,Towers with Radar,10,35,6,6,57,0,0,6,0,6,10,35,12,6,63,0,2,2,65
01/13/2022,LAN,MI,AGL,CE,Towers with Radar,8,38,11,2,59,0,0,0,0,0,8,38,11,2,59,0,0,0,59
01/14/2022,LAN,MI,AGL,CE,Towers with Radar,8,34,8,2,52,0,0,2,0,2,8,34,10,2,54,0,0,0,54
01/15/2022,LAN,MI,AGL,CE,Towers with Radar,1,25,18,0,44,0,4,24,0,28,1,29,42,0,72,16,0,16,88
01/16/2022,LAN,MI,AGL,CE,Towers with Radar,2,12,26,0,40,0,0,52,0,52,2,12,78,0,92,6,0,6,98
01/17/2022,LAN,MI,AGL,CE,Towers with Radar,1,25,10,0,36,0,0,0,0,0,1,25,10,0,36,0,0,0,36
01/18/2022,LAN,MI,AGL,CE,Towers with Radar,6,36,11,2,55,0,1,2,0,3,6,37,13,2,58,0,0,0,58
01/19/2022,LAN,MI,AGL,CE,Towers with Radar,6,40,8,0,54,0,2,2,0,4,6,42,10,0,58,6,0,6,64
01/20/2022,LAN,MI,AGL,CE,Towers with Radar,8,38,10,0,56,0,0,10,3,13,8,38,20,3,69,2,0,2,71
01/21/2022,LAN,MI,AGL,CE,Towers with Radar,6,32,21,5,64,0,3,29,3,35,6,35,50,8,99,6,0,6,105
01/22/2022,LAN,MI,AGL,CE,Towers with Radar,5,25,3,0,33,0,0,0,0,0,5,25,3,0,33,0,0,0,33
01/23/2022,LAN,MI,AGL,CE,Towers with Radar,4,15,12,0,31,0,0,11,0,11,4,15,23,0,42,2,0,2,44
01/24/2022,LAN,MI,AGL,CE,Towers with Radar,5,23,12,2,42,0,0,0,0,0,5,23,12,2,42,0,0,0,42
01/25/2022,LAN,MI,AGL,CE,Towers with Radar,7,34,20,2,63,0,0,10,0,10,7,34,30,2,73,16,0,16,89
01/26/2022,LAN,MI,AGL,CE,Towers with Radar,10,41,28,2,81,0,1,25,0,26,10,42,53,2,107,7,0,7,114
01/27/2022,LAN,MI,AGL,CE,Towers with Radar,6,42,12,0,60,0,0,5,0,5,6,42,17,0,65,6,0,6,71
01/28/2022,LAN,MI,AGL,CE,Towers with Radar,8,35,15,2,60,0,4,9,0,13,8,39,24,2,73,0,0,0,73
01/29/2022,LAN,MI,AGL,CE,Towers with Radar,3,25,23,0,51,0,1,16,0,17,3,26,39,0,68,23,0,23,91
01/30/2022,LAN,MI,AGL,CE,Towers with Radar,6,15,2,0,23,0,0,8,0,8,6,15,10,0,31,0,0,0,31
01/31/2022,LAN,MI,AGL,CE,Towers with Radar,5,32,12,0,49,0,0,13,0,13,5,32,25,0,62,2,0,2,64
02/01/2022,LAN,MI,AGL,CE,Towers with Radar,7,37,4,0,48,0,0,5,0,5,7,37,9,0,53,0,0,0,53
02/02/2022,LAN,MI,AGL,CE,Towers with Radar,7,27,1,0,35,0,0,0,0,0,7,27,1,0,35,0,0,0,35
02/03/2022,LAN,MI,AGL,CE,Towers with Radar,11,34,4,0,49,0,0,0,0,0,11,34,4,0,49,0,0,0,49
02/04/2022,LAN,MI,AGL,CE,Towers with Radar,9,32,14,1,56,0,0,7,1,8,9,32,21,2,64,6,0,6,70
02/05/2022,LAN,MI,AGL,CE,Towers with Radar,9,17,9,2,37,0,1,9,0,10,9,18,18,2,47,0,0,0,47
02/06/2022,LAN,MI,AGL,CE,Towers with Radar,6,11,13,0,30,0,0,14,0,14,6,11,27,0,44,0,0,0,44
02/07/2022,LAN,MI,AGL,CE,Towers with Radar,5,24,7,0,36,0,0,0,0,0,5,24,7,0,36,14,0,14,50
02/08/2022,LAN,MI,AGL,CE,Towers with Radar,8,45,24,3,80,0,4,24,1,29,8,49,48,4,109,6,0,6,115
02/09/2022,LAN,MI,AGL,CE,Towers with Radar,8,39,15,4,66,0,1,1,0,2,8,40,16,4,68,0,0,0,68
02/10/2022,LAN,MI,AGL,CE,Towers with Radar,8,37,24,4,73,0,0,2,0,2,8,37,26,4,75,0,0,0,75
02/11/2022,LAN,MI,AGL,CE,Towers with Radar,15,36,13,0,64,0,0,0,0,0,15,36,13,0,64,0,0,0,64
02/12/2022,LAN,MI,AGL,CE,Towers with Radar,8,20,21,0,49,0,1,10,0,11,8,21,31,0,60,12,0,12,72
02/13/2022,LAN,MI,AGL,CE,Towers with Radar,4,10,6,0,20,0,0,0,0,0,4,10,6,0,20,0,0,0,20
02/14/2022,LAN,MI,AGL,CE,Towers with Radar,5,25,13,0,43,0,3,9,0,12,5,28,22,0,55,0,0,0,55
02/15/2022,LAN,MI,AGL,CE,Towers with Radar,10,36,15,0,61,0,2,15,0,17,10,38,30,0,78,4,0,4,82
02/16/2022,LAN,MI,AGL,CE,Towers with Radar,9,31,21,2,63,0,0,0,0,0,9,31,21,2,63,0,0,0,63
02/17/2022,LAN,MI,AGL,CE,Towers with Radar,8,31,6,0,45,0,0,0,0,0,8,31,6,0,45,0,0,0,45
02/18/2022,LAN,MI,AGL,CE,Towers with Radar,12,26,15,2,55,0,2,8,0,10,12,28,23,2,65,0,0,0,65
02/19/2022,LAN,MI,AGL,CE,Towers with Radar,4,18,11,0,33,0,0,5,0,5,4,18,16,0,38,0,0,0,38
02/20/2022,LAN,MI,AGL,CE,Towers with Radar,4,12,7,0,23,0,0,0,0,0,4,12,7,0,23,0,0,0,23
02/21/2022,LAN,MI,AGL,CE,Towers with Radar,4,31,10,2,47,0,2,26,0,28,4,33,36,2,75,18,0,18,93
02/22/2022,LAN,MI,AGL,CE,Towers with Radar,10,29,5,0,44,0,0,0,0,0,10,29,5,0,44,0,0,0,44
02/23/2022,LAN,MI,AGL,CE,Towers with Radar,9,43,19,2,73,0,0,20,0,20,9,43,39,2,93,12,0,12,105
02/24/2022,LAN,MI,AGL,CE,Towers with Radar,10,36,23,0,69,0,2,10,0,12,10,38,33,0,81,2,0,2,83
02/25/2022,LAN,MI,AGL,CE,Towers with Radar,7,39,15,2,63,0,0,4,0,4,7,39,19,2,67,7,0,7,74
02/26/2022,LAN,MI,AGL,CE,Towers with Radar,5,25,19,0,49,0,0,16,0,16,5,25,35,0,65,5,0,5,70
02/27/2022,LAN,MI,AGL,CE,Towers with Radar,7,13,8,1,29,0,0,10,0,10,7,13,18,1,39,0,0,0,39
02/28/2022,LAN,MI,AGL,CE,Towers with Radar,3,25,21,1,50,0,3,21,0,24,3,28,42,1,74,32,0,32,106
03/01/2022,LAN,MI,AGL,CE,Towers with Radar,6,32,33,2,73,0,2,27,1,30,6,34,60,3,103,8,0,8,111
03/02/2022,LAN,MI,AGL,CE,Towers with Radar,8,36,14,1,59,0,0,1,1,2,8,36,15,2,61,0,0,0,61
03/03/2022,LAN,MI,AGL,CE,Towers with Radar,9,41,27,1,78,0,4,15,0,19,9,45,42,1,97,20,0,20,117
03/04/2022,LAN,MI,AGL,CE,Towers with Radar,9,36,15,1,61,0,2,34,1,37,9,38,49,2,98,30,0,30,128
03/05/2022,LAN,MI,AGL,CE,Towers with Radar,7,18,9,2,36,5,0,9,0,14,12,18,18,2,50,0,0,0,50
03/06/2022,LAN,MI,AGL,CE,Towers with Radar,6,10,5,0,21,0,0,0,0,0,6,10,5,0,21,0,0,0,21
03/07/2022,LAN,MI,AGL,CE,Towers with Radar,3,25,8,0,36,0,0,0,0,0,3,25,8,0,36,4,0,4,40
03/08/2022,LAN,MI,AGL,CE,Towers with Radar,6,39,20,1,66,0,2,20,0,22,6,41,40,1,88,20,0,20,108
03/09/2022,LAN,MI,AGL,CE,Towers with Radar,8,40,35,3,86,0,0,28,1,29,8,40,63,4,115,12,0,12,127
03/10/2022,LAN,MI,AGL,CE,Towers with Radar,8,33,23,1,65,0,0,38,1,39,8,33,61,2,104,28,0,28,132
03/11/2022,LAN,MI,AGL,CE,Towers with Radar,10,31,10,1,52,0,0,4,0,4,10,31,14,1,56,0,0,0,56
03/12/2022,LAN,MI,AGL,CE,Towers with Radar,3,23,8,3,37,0,0,1,2,3,3,23,9,5,40,0,0,0,40
03/13/2022,LAN,MI,AGL,CE,Towers with Radar,4,18,17,2,41,0,0,1,0,1,4,18,18,2,42,4,0,4,46
03/14/2022,LAN,MI,AGL,CE,Towers with Radar,3,27,29,0,59,0,4,13,0,17,3,31,42,0,76,24,0,24,100
03/15/2022,LAN,MI,AGL,CE,Towers with Radar,6,32,19,1,58,0,0,10,2,12,6,32,29,3,70,14,0,14,84
03/16/2022,LAN,MI,AGL,CE,Towers with Radar,10,34,22,2,68,0,6,34,0,40,10,40,56,2,108,18,0,18,126
03/17/2022,LAN,MI,AGL,CE,Towers with Radar,8,37,31,4,80,0,0,44,2,46,8,37,75,6,126,49,0,49,175
03/18/2022,LAN,MI,AGL,CE,Towers with Radar,9,37,19,2,67,0,1,5,0,6,9,38,24,2,73,0,0,0,73
03/19/2022,LAN,MI,AGL,CE,Towers with Radar,5,21,7,0,33,0,0,0,0,0,5,21,7,0,33,0,0,0,33
03/20/2022,LAN,MI,AGL,CE,Towers with Radar,5,12,34,0,51,0,0,53,0,53,5,12,87,0,104,14,0,14,118
03/21/2022,LAN,MI,AGL,CE,Towers with Radar,4,29,28,0,61,0,2,22,0,24,4,31,50,0,85,4,0,4,89
03/22/2022,LAN,MI,AGL,CE,Towers with Radar,10,38,22,7,77,0,1,9,1,11,10,39,31,8,88,14,0,14,102
03/23/2022,LAN,MI,AGL,CE,Towers with Radar,9,37,13,0,59,0,0,0,0,0,9,37,13,0,59,0,0,0,59
03/24/2022,LAN,MI,AGL,CE,Towers with Radar,8,45,17,2,72,0,0,2,0,2,8,45,19,2,74,0,0,0,74
03/25/2022,LAN,MI,AGL,CE,Towers with Radar,10,36,20,0,66,0,0,3,0,3,10,36,23,0,69,0,0,0,69
03/26/2022,LAN,MI,AGL,CE,Towers with Radar,10,32,5,0,47,0,0,0,0,0,10,32,5,0,47,0,0,0,47
03/27/2022,LAN,MI,AGL,CE,Towers with Radar,4,9,13,0,26,0,0,9,0,9,4,9,22,0,35,0,0,0,35
03/28/2022,LAN,MI,AGL,CE,Towers with Radar,5,27,27,3,62,0,5,23,1,29,5,32,50,4,91,4,0,4,95
03/29/2022,LAN,MI,AGL,CE,Towers with Radar,7,38,24,0,69,0,2,36,5,43,7,40,60,5,112,12,0,12,124
03/30/2022,LAN,MI,AGL,CE,Towers with Radar,8,17,4,0,29,0,0,4,0,4,8,17,8,0,33,0,0,0,33
03/31/2022,LAN,MI,AGL,CE,Towers with Radar,8,38,8,0,54,0,0,1,0,1,8,38,9,0,55,0,0,0,55
04/01/2022,LAN,MI,AGL,CE,Towers with Radar,8,38,15,0,61,0,1,3,0,4,8,39,18,0,65,0,0,0,65
04/02/2022,LAN,MI,AGL,CE,Towers with Radar,7,23,21,5,56,0,0,18,1,19,7,23,39,6,75,0,0,0,75
04/03/2022,LAN,MI,AGL,CE,Towers with Radar,8,15,7,0,30,0,0,3,0,3,8,15,10,0,33,0,0,0,33
04/04/2022,LAN,MI,AGL,CE,Towers with Radar,3,26,10,0,39,0,0,0,0,0,3,26,10,0,39,0,0,0,39
04/05/2022,LAN,MI,AGL,CE,Towers with Radar,6,37,26,2,71,0,1,17,0,18,6,38,43,2,89,32,0,32,121
04/06/2022,LAN,MI,AGL,CE,Towers with Radar,8,40,17,7,72,0,0,3,1,4,8,40,20,8,76,6,0,6,82
04/07/2022,LAN,MI,AGL,CE,Towers with Radar,8,40,16,4,68,0,1,8,0,9,8,41,24,4,77,4,0,4,81
04/08/2022,LAN,MI,AGL,CE,Towers with Radar,8,37,10,0,55,0,0,0,0,0,8,37,10,0,55,0,0,0,55
04/09/2022,LAN,MI,AGL,CE,Towers with Radar,5,24,6,1,36,0,0,2,0,2,5,24,8,1,38,0,0,0,38
04/10/2022,LAN,MI,AGL,CE,Towers with Radar,4,12,38,0,54,0,1,43,1,45,4,13,81,1,99,0,0,0,99
04/11/2022,LAN,MI,AGL,CE,Towers with Radar,4,24,24,0,52,0,0,14,0,14,4,24,38,0,66,2,0,2,68
04/12/2022,LAN,MI,AGL,CE,Towers with Radar,6,33,33,0,72,0,0,32,0,32,6,33,65,0,104,38,0,38,142
04/13/2022,LAN,MI,AGL,CE,Towers with Radar,6,35,9,0,50,0,0,1,0,1,6,35,10,0,51,0,0,0,51
04/14/2022,LAN,MI,AGL,CE,Towers with Radar,6,40,11,3,60,0,2,10,4,16,6,42,21,7,76,0,0,0,76
04/15/2022,LAN,MI,AGL,CE,Towers with Radar,5,42,7,0,54,0,0,2,0,2,5,42,9,0,56,0,0,0,56
04/16/2022,LAN,MI,AGL,CE,Towers with Radar,4,24,8,0,36,0,1,17,0,18,4,25,25,0,54,6,0,6,60
04/17/2022,LAN,MI,AGL,CE,Towers with Radar,2,14,10,0,26,0,0,29,0,29,2,14,39,0,55,10,0,10,65
04/18/2022,LAN,MI,AGL,CE,Towers with Radar,3,30,10,0,43,0,0,0,0,0,3,30,10,0,43,0,0,0,43
04/19/2022,LAN,MI,AGL,CE,Towers with Radar,8,32,13,1,54,0,6,6,3,15,8,38,19,4,69,4,0,4,73
04/20/2022,LAN,MI,AGL,CE,Towers with Radar,6,40,22,3,71,0,2,21,4,27,6,42,43,7,98,0,0,0,98
04/21/2022,LAN,MI,AGL,CE,Towers with Radar,6,36,16,0,58,0,4,8,0,12,6,40,24,0,70,0,0,0,70
04/22/2022,LAN,MI,AGL,CE,Towers with Radar,6,30,28,0,64,0,1,22,0,23,6,31,50,0,87,0,0,0,87
04/23/2022,LAN,MI,AGL,CE,Towers with Radar,3,18,11,0,32,0,0,21,0,21,3,18,32,0,53,0,0,0,53
04/24/2022,LAN,MI,AGL,CE,Towers with Radar,2,13,6,0,21,0,0,12,0,12,2,13,18,0,33,4,0,4,37
04/25/2022,LAN,MI,AGL,CE,Towers with Radar,3,27,24,0,54,0,0,16,0,16,3,27,40,0,70,13,0,13,83
04/26/2022,LAN,MI,AGL,CE,Towers with Radar,6,35,20,5,66,0,0,5,1,6,6,35,25,6,72,8,0,8,80
04/27/2022,LAN,MI,AGL,CE,Towers with Radar,6,32,24,2,64,0,1,25,3,29,6,33,49,5,93,24,0,24,117
04/28/2022,LAN,MI,AGL,CE,Towers with Radar,6,36,22,4,68,0,4,26,2,32,6,40,48,6,100,22,0,22,122
04/29/2022,LAN,MI,AGL,CE,Towers with Radar,8,36,22,0,66,0,3,33,0,36,8,39,55,0,102,0,0,0,102
04/30/2022,LAN,MI,AGL,CE,Towers with Radar,3,21,5,0,29,0,0,7,0,7,3,21,12,0,36,0,0,0,36
05/01/2022,LAN,MI,AGL,CE,Towers with Radar,4,14,14,0,32,0,1,8,0,9,4,15,22,0,41,0,0,0,41
05/02/2022,LAN,MI,AGL,CE,Towers with Radar,3,27,20,8,58,0,0,9,0,9,3,27,29,8,67,0,0,0,67
05/03/2022,LAN,MI,AGL,CE,Towers with Radar,8,42,27,0,77,0,0,0,0,0,8,42,27,0,77,10,0,10,87
05/04/2022,LAN,MI,AGL,CE,Towers with Radar,6,41,34,2,83,0,2,28,3,33,6,43,62,5,116,9,0,9,125
05/05/2022,LAN,MI,AGL,CE,Towers with Radar,6,36,27,2,71,0,1,25,0,26,6,37,52,2,97,6,0,6,103
05/06/2022,LAN,MI,AGL,CE,Towers with Radar,5,32,22,0,59,0,0,7,0,7,5,32,29,0,66,0,0,0,66
05/07/2022,LAN,MI,AGL,CE,Towers with Radar,4,26,18,0,48,0,0,16,0,16,4,26,34,0,64,7,0,7,71
05/08/2022,LAN,MI,AGL,CE,Towers with Radar,2,12,12,0,26,0,0,18,0,18,2,12,30,0,44,13,0,13,57
05/09/2022,LAN,MI,AGL,CE,Towers with Radar,3,27,17,2,49,0,1,7,3,11,3,28,24,5,60,7,0,7,67
05/10/2022,LAN,MI,AGL,CE,Towers with Radar,6,45,17,6,74,0,1,23,3,27,6,46,40,9,101,18,0,18,119
05/11/2022,LAN,MI,AGL,CE,Towers with Radar,6,43,19,4,72,0,7,21,3,31,6,50,40,7,103,24,0,24,127
05/12/2022,LAN,MI,AGL,CE,Towers with Radar,8,38,31,2,79,0,5,36,1,42,8,43,67,3,121,9,0,9,130
05/13/2022,LAN,MI,AGL,CE,Towers with Radar,6,38,36,2,82,0,3,33,2,38,6,41,69,4,120,27,0,27,147
05/14/2022,LAN,MI,AGL,CE,Towers with Radar,3,28,11,2,44,0,0,22,0,22,3,28,33,2,66,0,0,0,66
05/15/2022,LAN,MI,AGL,CE,Towers with Radar,4,13,3,2,22,0,0,17,0,17,4,13,20,2,39,18,0,18,57
05/16/2022,LAN,MI,AGL,CE,Towers with Radar,3,25,15,0,43,0,0,20,0,20,3,25,35,0,63,22,0,22,85
05/17/2022,LAN,MI,AGL,CE,Towers with Radar,6,33,28,4,71,0,0,30,0,30,6,33,58,4,101,26,0,26,127
05/18/2022,LAN,MI,AGL,CE,Towers with Radar,6,35,24,0,65,0,0,6,0,6,6,35,30,0,71,0,0,0,71
05/19/2022,LAN,MI,AGL,CE,Towers with Radar,6,41,32,5,84,0,0,16,1,17,6,41,48,6,101,0,8,8,109
05/20/2022,LAN,MI,AGL,CE,Towers with Radar,6,30,29,2,67,0,0,1,0,1,6,30,30,2,68,0,0,0,68
05/21/2022,LAN,MI,AGL,CE,Towers with Radar,3,29,9,0,41,0,0,3,0,3,3,29,12,0,44,6,0,6,50
05/22/2022,LAN,MI,AGL,CE,Towers with Radar,2,19,15,0,36,0,0,5,0,5,2,19,20,0,41,0,0,0,41
05/23/2022,LAN,MI,AGL,CE,Towers with Radar,3,27,25,0,55,0,5,43,0,48,3,32,68,0,103,93,0,93,196
05/24/2022,LAN,MI,AGL,CE,Towers with Radar,6,34,23,0,63,0,1,30,0,31,6,35,53,0,94,16,0,16,110
05/25/2022,LAN,MI,AGL,CE,Towers with Radar,6,38,23,2,69,0,1,1,0,2,6,39,24,2,71,0,0,0,71
05/26/2022,LAN,MI,AGL,CE,Towers with Radar,6,33,35,4,78,0,0,0,0,0,6,33,35,4,78,2,0,2,80
05/27/2022,LAN,MI,AGL,CE,Towers with Radar,4,34,16,0,54,0,1,0,0,1,4,35,16,0,55,0,0,0,55
05/28/2022,LAN,MI,AGL,CE,Towers with Radar,3,24,11,0,38,0,2,18,0,20,3,26,29,0,58,7,0,7,65
05/29/2022,LAN,MI,AGL,CE,Towers with Radar,2,12,6,0,20,0,1,17,0,18,2,13,23,0,38,24,0,24,62
05/30/2022,LAN,MI,AGL,CE,Towers with Radar,2,14,11,0,27,0,0,10,0,10,2,14,21,0,37,20,0,20,57
05/31/2022,LAN,MI,AGL,CE,Towers with Radar,5,44,23,4,76,0,3,23,2,28,5,47,46,6,104,23,0,23,127
06/01/2022,LAN,MI,AGL,CE,Towers with Radar,6,38,17,2,63,0,0,24,0,24,6,38,41,2,87,36,0,36,123
06/02/2022,LAN,MI,AGL,CE,Towers with Radar,6,35,24,0,65,0,3,39,0,42,6,38,63,0,107,70,0,70,177
06/03/2022,LAN,MI,AGL,CE,Towers with Radar,6,36,12,2,56,0,0,6,0,6,6,36,18,2,62,0,0,0,62
06/04/2022,LAN,MI,AGL,CE,Towers with Radar,3,25,22,0,50,0,0,25,0,25,3,25,47,0,75,16,0,16,91
06/05/2022,LAN,MI,AGL,CE,Towers with Radar,2,10,11,0,23,0,0,17,0,17,2,10,28,0,40,14,0,14,54
06/06/2022,LAN,MI,AGL,CE,Towers with Radar,2,26,14,0,42,0,0,9,2,11,2,26,23,2,53,10,0,10,63
06/07/2022,LAN,MI,AGL,CE,Towers with Radar,8,39,30,2,79,0,1,29,0,30,8,40,59,2,109,32,0,32,141
06/08/2022,LAN,MI,AGL,CE,Towers with Radar,7,36,25,1,69,0,0,26,0,26,7,36,51,1,95,27,0,27,122
06/09/2022,LAN,MI,AGL,CE,Towers with Radar,6,40,17,2,65,0,0,23,2,25,6,40,40,4,90,23,0,23,113
06/10/2022,LAN,MI,AGL,CE,Towers with Radar,6,30,20,2,58,0,1,18,0,19,6,31,38,2,77,12,0,12,89
06/11/2022,LAN,MI,AGL,CE,Towers with Radar,3,21,14,2,40,0,0,20,0,20,3,21,34,2,60,5,0,5,65
06/12/2022,LAN,MI,AGL,CE,Towers with Radar,2,10,13,0,25,0,0,14,1,15,2,10,27,1,40,0,0,0,40
06/13/2022,LAN,MI,AGL,CE,Towers with Radar,3,25,25,0,53,0,0,21,0,21,3,25,46,0,74,24,0,24,98
06/14/2022,LAN,MI,AGL,CE,Towers with Radar,6,44,26,0,76,0,2,11,0,13,6,46,37,0,89,4,0,4,93
06/15/2022,LAN,MI,AGL,CE,Towers with Radar,6,39,22,0,67,0,4,26,0,30,6,43,48,0,97,10,0,10,107
06/16/2022,LAN,MI,AGL,CE,Towers with Radar,6,35,20,3,64,0,0,18,1,19,6,35,38,4,83,0,0,0,83
06/17/2022,LAN,MI,AGL,CE,Towers with Radar,4,38,12,0,54,0,1,23,0,24,4,39,35,0,78,9,0,9,87
06/18/2022,LAN,MI,AGL,CE,Towers with Radar,1,29,15,0,45,0,6,28,0,34,1,35,43,0,79,10,0,10,89
06/19/2022,LAN,MI,AGL,CE,Towers with Radar,2,14,9,0,25,0,0,25,0,25,2,14,34,0,50,11,0,11,61
06/20/2022,LAN,MI,AGL,CE,Towers with Radar,3,28,12,2,45,0,2,20,0,22,3,30,32,2,67,12,0,12,79
06/21/2022,LAN,MI,AGL,CE,Towers with Radar,6,44,22,0,72,0,8,32,0,40,6,52,54,0,112,34,0,34,146
06/22/2022,LAN,MI,AGL,CE,Towers with Radar,6,34,33,0,73,0,1,25,0,26,6,35,58,0,99,12,0,12,111
06/23/2022,LAN,MI,AGL,CE,Towers with Radar,4,40,32,2,78,0,1,28,0,29,4,41,60,2,107,30,0,30,137
06/24/2022,LAN,MI,AGL,CE,Towers with Radar,6,33,10,0,49,0,1,17,1,19,6,34,27,1,68,0,0,0,68
06/25/2022,LAN,MI,AGL,CE,Towers with Radar,3,25,16,0,44,0,0,12,0,12,3,25,28,0,56,2,0,2,58
06/26/2022,LAN,MI,AGL,CE,Towers with Radar,2,13,10,0,25,0,0,8,0,8,2,13,18,0,33,28,0,28,61
06/27/2022,LAN,MI,AGL,CE,Towers with Radar,3,31,31,0,65,0,1,32,0,33,3,32,63,0,98,14,0,14,112
06/28/2022,LAN,MI,AGL,CE,Towers with Radar,6,32,18,0,56,0,5,39,4,48,6,37,57,4,104,12,0,12,116
06/29/2022,LAN,MI,AGL,CE,Towers with Radar,6,32,21,0,59,0,4,24,0,28,6,36,45,0,87,16,0,16,103
06/30/2022,LAN,MI,AGL,CE,Towers with Radar,6,33,23,1,63,0,1,20,3,24,6,34,43,4,87,0,0,0,87
07/01/2022,LAN,MI,AGL,CE,Towers with Radar,6,34,9,4,53,0,1,16,0,17,6,35,25,4,70,0,0,0,70
07/02/2022,LAN,MI,AGL,CE,Towers with Radar,3,25,8,2,38,0,0,24,0,24,3,25,32,2,62,6,0,6,68
07/03/2022,LAN,MI,AGL,CE,Towers with Radar,0,8,1,0,9,0,0,23,1,24,0,8,24,1,33,24,0,24,57
07/04/2022,LAN,MI,AGL,CE,Towers with Radar,2,11,3,0,16,0,0,15,0,15,2,11,18,0,31,6,0,6,37
07/05/2022,LAN,MI,AGL,CE,Towers with Radar,5,34,7,1,47,0,0,9,1,10,5,34,16,2,57,2,0,2,59
07/06/2022,LAN,MI,AGL,CE,Towers with Radar,6,40,20,2,68,0,0,8,0,8,6,40,28,2,76,8,0,8,84
07/07/2022,LAN,MI,AGL,CE,Towers with Radar,6,32,25,0,63,0,1,35,2,38,6,33,60,2,101,0,0,0,101
07/08/2022,LAN,MI,AGL,CE,Towers with Radar,6,38,17,0,61,0,0,15,1,16,6,38,32,1,77,6,0,6,83
07/09/2022,LAN,MI,AGL,CE,Towers with Radar,3,21,13,0,37,0,0,24,0,24,3,21,37,0,61,12,0,12,73
07/10/2022,LAN,MI,AGL,CE,Towers with Radar,2,12,18,2,34,0,0,26,2,28,2,12,44,4,62,16,0,16,78
07/11/2022,LAN,MI,AGL,CE,Towers with Radar,3,26,18,1,48,0,0,14,0,14,3,26,32,1,62,0,0,0,62
07/12/2022,LAN,MI,AGL,CE,Towers with Radar,6,31,14,6,57,0,0,12,0,12,6,31,26,6,69,22,0,22,91
07/13/2022,LAN,MI,AGL,CE,Towers with Radar,6,32,23,1,62,0,0,30,0,30,6,32,53,1,92,4,0,4,96
07/14/2022,LAN,MI,AGL,CE,Towers with Radar,8,30,30,3,71,0,4,44,1,49,8,34,74,4,120,90,0,90,210
07/15/2022,LAN,MI,AGL,CE,Towers with Radar,6,38,19,0,63,0,1,15,0,16,6,39,34,0,79,10,0,10,89
07/16/2022,LAN,MI,AGL,CE,Towers with Radar,3,19,12,0,34,0,0,6,0,6,3,19,18,0,40,0,0,0,40
07/17/2022,LAN,MI,AGL,CE,Towers with Radar,3,10,12,0,25,0,0,3,0,3,3,10,15,0,28,2,0,2,30
07/18/2022,LAN,MI,AGL,CE,Towers with Radar,5,30,31,2,68,0,0,41,0,41,5,30,72,2,109,32,0,32,141
07/19/2022,LAN,MI,AGL,CE,Towers with Radar,7,35,26,2,70,0,0,29,2,31,7,35,55,4,101,17,0,17,118
07/20/2022,LAN,MI,AGL,CE,Towers with Radar,6,32,15,2,55,0,1,3,0,4,6,33,18,2,59,0,0,0,59
07/21/2022,LAN,MI,AGL,CE,Towers with Radar,6,34,35,0,75,0,2,24,0,26,6,36,59,0,101,8,0,8,109
07/22/2022,LAN,MI,AGL,CE,Towers with Radar,10,38,29,0,77,0,2,20,0,22,10,40,49,0,99,0,0,0,99
07/23/2022,LAN,MI,AGL,CE,Towers with Radar,3,21,5,0,29,0,0,17,0,17,3,21,22,0,46,4,0,4,50
07/24/2022,LAN,MI,AGL,CE,Towers with Radar,4,14,11,0,29,0,0,7,0,7,4,14,18,0,36,0,0,0,36
07/25/2022,LAN,MI,AGL,CE,Towers with Radar,4,25,32,0,61,0,2,25,2,29,4,27,57,2,90,24,0,24,114
07/26/2022,LAN,MI,AGL,CE,Towers with Radar,7,38,16,2,63,0,6,29,0,35,7,44,45,2,98,8,0,8,106
07/27/2022,LAN,MI,AGL,CE,Towers with Radar,8,30,38,0,76,0,0,23,2,25,8,30,61,2,101,4,0,4,105
07/28/2022,LAN,MI,AGL,CE,Towers with Radar,8,27,26,2,63,0,1,5,0,6,8,28,31,2,69,0,0,0,69
07/29/2022,LAN,MI,AGL,CE,Towers with Radar,6,33,22,2,63,0,7,32,0,39,6,40,54,2,102,22,0,22,124
07/30/2022,LAN,MI,AGL,CE,Towers with Radar,5,25,15,0,45,0,0,24,0,24,5,25,39,0,69,27,0,27,96
07/31/2022,LAN,MI,AGL,CE,Towers with Radar,2,12,14,0,28,0,0,16,0,16,2,12,30,0,44,0,0,0,44
08/01/2022,LAN,MI,AGL,CE,Towers with Radar,3,27,15,0,45,0,2,8,0,10,3,29,23,0,55,0,0,0,55
08/02/2022,LAN,MI,AGL,CE,Towers with Radar,7,37,17,0,61,0,3,38,0,41,7,40,55,0,102,34,0,34,136
08/03/2022,LAN,MI,AGL,CE,Towers with Radar,7,25,10,2,44,0,0,6,0,6,7,25,16,2,50,0,0,0,50
08/04/2022,LAN,MI,AGL,CE,Towers with Radar,9,34,24,2,69,0,1,6,0,7,9,35,30,2,76,2,0,2,78
08/05/2022,LAN,MI,AGL,CE,Towers with Radar,5,30,31,0,66,0,0,6,3,9,5,30,37,3,75,0,0,0,75
08/06/2022,LAN,MI,AGL,CE,Towers with Radar,3,23,19,0,45,0,0,20,2,22,3,23,39,2,67,33,0,33,100
08/07/2022,LAN,MI,AGL,CE,Towers with Radar,2,6,9,1,18,0,0,4,1,5,2,6,13,2,23,1,0,1,24
08/08/2022,LAN,MI,AGL,CE,Towers with Radar,3,27,14,2,46,0,0,2,0,2,3,27,16,2,48,0,0,0,48
08/09/2022,LAN,MI,AGL,CE,Towers with Radar,6,31,43,3,83,0,4,46,1,51,6,35,89,4,134,11,0,11,145
08/10/2022,LAN,MI,AGL,CE,Towers with Radar,6,31,29,0,66,0,10,30,0,40,6,41,59,0,106,20,0,20,126
08/11/2022,LAN,MI,AGL,CE,Towers with Radar,6,38,23,4,71,0,5,33,1,39,6,43,56,5,110,30,0,30,140
08/12/2022,LAN,MI,AGL,CE,Towers with Radar,6,33,22,2,63,0,1,35,0,36,6,34,57,2,99,21,0,21,120
08/13/2022,LAN,MI,AGL,CE,Towers with Radar,3,24,7,2,36,0,0,4,0,4,3,24,11,2,40,0,0,0,40
08/14/2022,LAN,MI,AGL,CE,Towers with Radar,4,13,26,2,45,0,0,8,0,8,4,13,34,2,53,0,0,0,53
08/15/2022,LAN,MI,AGL,CE,Towers with Radar,3,24,17,2,46,0,0,21,0,21,3,24,38,2,67,0,0,0,67
08/16/2022,LAN,MI,AGL,CE,Towers with Radar,6,29,28,2,65,0,1,34,0,35,6,30,62,2,100,30,0,30,130
08/17/2022,LAN,MI,AGL,CE,Towers with Radar,6,33,22,0,61,0,4,16,0,20,6,37,38,0,81,16,0,16,97
08/18/2022,LAN,MI,AGL,CE,Towers with Radar,6,38,21,3,68,0,0,31,3,34,6,38,52,6,102,24,0,24,126
08/19/2022,LAN,MI,AGL,CE,Towers with Radar,6,35,14,0,55,0,0,21,1,22,6,35,35,1,77,16,0,16,93
08/20/2022,LAN,MI,AGL,CE,Towers with Radar,3,21,13,0,37,0,0,10,0,10,3,21,23,0,47,2,0,2,49
08/21/2022,LAN,MI,AGL,CE,Towers with Radar,2,8,12,0,22,0,0,5,4,9,2,8,17,4,31,7,0,7,38
08/22/2022,LAN,MI,AGL,CE,Towers with Radar,3,26,20,0,49,0,1,11,0,12,3,27,31,0,61,0,0,0,61
08/23/2022,LAN,MI,AGL,CE,Towers with Radar,7,30,16,0,53,0,3,27,1,31,7,33,43,1,84,8,0,8,92
08/24/2022,LAN,MI,AGL,CE,Towers with Radar,10,27,18,0,55,0,2,30,0,32,10,29,48,0,87,2,0,2,89
08/25/2022,LAN,MI,AGL,CE,Towers with Radar,7,30,16,0,53,0,0,16,0,16,7,30,32,0,69,14,0,14,83
08/26/2022,LAN,MI,AGL,CE,Towers with Radar,8,33,17,2,60,0,1,9,0,10,8,34,26,2,70,0,0,0,70
08/27/2022,LAN,MI,AGL,CE,Towers with Radar,3,19,14,0,36,0,0,40,2,42,3,19,54,2,78,27,0,27,105
08/28/2022,LAN,MI,AGL,CE,Towers with Radar,2,10,8,0,20,0,0,23,0,23,2,10,31,0,43,6,0,6,49
08/29/2022,LAN,MI,AGL,CE,Towers with Radar,3,24,11,0,38,0,0,2,0,2,3,24,13,0,40,6,0,6,46
08/30/2022,LAN,MI,AGL,CE,Towers with Radar,6,35,24,0,65,0,2,12,1,15,6,37,36,1,80,26,0,26,106
08/31/2022,LAN,MI,AGL,CE,Towers with Radar,6,30,36,0,72,0,7,31,1,39,6,37,67,1,111,42,0,42,153
09/01/2022,LAN,MI,AGL,CE,Towers with Radar,6,35,17,0,58,0,4,24,1,29,6,39,41,1,87,20,0,20,107
09/02/2022,LAN,MI,AGL,CE,Towers with Radar,6,31,11,0,48,0,1,18,0,19,6,32,29,0,67,0,0,0,67
09/03/2022,LAN,MI,AGL,CE,Towers with Radar,3,21,12,0,36,0,2,16,0,18,3,23,28,0,54,0,0,0,54
09/04/2022,LAN,MI,AGL,CE,Towers with Radar,2,8,22,0,32,0,0,0,0,0,2,8,22,0,32,0,0,0,32
09/05/2022,LAN,MI,AGL,CE,Towers with Radar,2,10,13,0,25,0,0,2,0,2,2,10,15,0,27,0,0,0,27
09/06/2022,LAN,MI,AGL,CE,Towers with Radar,5,35,18,2,60,0,0,8,1,9,5,35,26,3,69,0,0,0,69
09/07/2022,LAN,MI,AGL,CE,Towers with Radar,6,36,22,4,68,0,0,18,0,18,6,36,40,4,86,10,0,10,96
09/08/2022,LAN,MI,AGL,CE,Towers with Radar,7,36,33,4,80,0,3,34,0,37,7,39,67,4,117,8,0,8,125
09/09/2022,LAN,MI,AGL,CE,Towers with Radar,7,32,15,0,54,0,2,41,0,43,7,34,56,0,97,24,0,24,121
09/10/2022,LAN,MI,AGL,CE,Towers with Radar,4,22,7,1,34,0,0,14,1,15,4,22,21,2,49,8,0,8,57
09/11/2022,LAN,MI,AGL,CE,Towers with Radar,4,8,18,0,30,0,0,0,0,0,4,8,18,0,30,0,0,0,30
09/12/2022,LAN,MI,AGL,CE,Towers with Radar,3,32,24,2,61,0,7,5,0,12,3,39,29,2,73,34,0,34,107
09/13/2022,LAN,MI,AGL,CE,Towers with Radar,6,35,25,0,66,0,2,16,0,18,6,37,41,0,84,6,0,6,90
09/14/2022,LAN,MI,AGL,CE,Towers with Radar,6,37,18,2,63,1,3,18,0,22,7,40,36,2,85,20,0,20,105
09/15/2022,LAN,MI,AGL,CE,Towers with Radar,6,33,34,2,75,0,0,19,0,19,6,33,53,2,94,4,0,4,98
09/16/2022,LAN,MI,AGL,CE,Towers with Radar,9,29,15,0,53,0,2,16,1,19,9,31,31,1,72,0,0,0,72
09/17/2022,LAN,MI,AGL,CE,Towers with Radar,4,19,13,0,36,0,2,13,0,15,4,21,26,0,51,18,0,18,69
09/18/2022,LAN,MI,AGL,CE,Towers with Radar,4,8,16,0,28,0,0,10,0,10,4,8,26,0,38,28,0,28,66
09/19/2022,LAN,MI,AGL,CE,Towers with Radar,3,22,21,0,46,0,0,10,0,10,3,22,31,0,56,0,0,0,56
09/20/2022,LAN,MI,AGL,CE,Towers with Radar,7,37,18,0,62,0,0,6,1,7,7,37,24,1,69,10,0,10,79
09/21/2022,LAN,MI,AGL,CE,Towers with Radar,6,37,11,0,54,0,2,15,0,17,6,39,26,0,71,20,0,20,91
09/22/2022,LAN,MI,AGL,CE,Towers with Radar,9,34,22,9,74,0,1,14,3,18,9,35,36,12,92,28,0,28,120
09/23/2022,LAN,MI,AGL,CE,Towers with Radar,7,38,30,0,75,0,7,31,2,40,7,45,61,2,115,11,0,11,126
09/24/2022,LAN,MI,AGL,CE,Towers with Radar,6,33,24,0,63,0,0,14,0,14,6,33,38,0,77,24,0,24,101
09/25/2022,LAN,MI,AGL,CE,Towers with Radar,7,15,16,0,38,0,0,2,0,2,7,15,18,0,40,0,0,0,40
09/26/2022,LAN,MI,AGL,CE,Towers with Radar,3,30,7,0,40,0,0,0,0,0,3,30,7,0,40,12,0,12,52
09/27/2022,LAN,MI,AGL,CE,Towers with Radar,7,39,22,4,72,0,0,3,0,3,7,39,25,4,75,2,0,2,77
09/28/2022,LAN,MI,AGL,CE,Towers with Radar,6,44,37,0,87,0,0,13,0,13,6,44,50,0,100,26,0,26,126
09/29/2022,LAN,MI,AGL,CE,Towers with Radar,8,36,18,3,65,0,3,37,3,43,8,39,55,6,108,37,0,37,145
09/30/2022,LAN,MI,AGL,CE,Towers with Radar,8,32,16,3,59,0,0,30,1,31,8,32,46,4,90,10,0,10,100
10/01/2022,LAN,MI,AGL,CE,Towers with Radar,5,23,12,0,40,0,0,16,0,16,5,23,28,0,56,18,0,18,74
10/02/2022,LAN,MI,AGL,CE,Towers with Radar,4,8,13,0,25,0,0,23,0,23,4,8,36,0,48,10,0,10,58
10/03/2022,LAN,MI,AGL,CE,Towers with Radar,5,23,33,2,63,0,2,32,0,34,5,25,65,2,97,12,0,12,109
10/04/2022,LAN,MI,AGL,CE,Towers with Radar,6,33,20,0,59,0,3,23,3,29,6,36,43,3,88,33,0,33,121
10/05/2022,LAN,MI,AGL,CE,Towers with Radar,6,37,21,2,66,0,1,18,0,19,6,38,39,2,85,14,0,14,99
10/06/2022,LAN,MI,AGL,CE,Towers with Radar,6,35,19,2,62,0,0,15,0,15,6,35,34,2,77,0,0,0,77
10/07/2022,LAN,MI,AGL,CE,Towers with Radar,8,35,28,0,71,0,0,14,0,14,8,35,42,0,85,0,0,0,85
10/08/2022,LAN,MI,AGL,CE,Towers with Radar,5,37,19,2,63,0,0,13,0,13,5,37,32,2,76,14,0,14,90
10/09/2022,LAN,MI,AGL,CE,Towers with Radar,2,13,18,1,34,0,0,16,0,16,2,13,34,1,50,6,0,6,56
10/10/2022,LAN,MI,AGL,CE,Towers with Radar,3,26,19,0,48,0,2,18,0,20,3,28,37,0,68,6,0,6,74
10/11/2022,LAN,MI,AGL,CE,Towers with Radar,6,41,21,1,69,0,0,17,0,17,6,41,38,1,86,4,0,4,90
10/12/2022,LAN,MI,AGL,CE,Towers with Radar,6,43,11,0,60,0,0,4,0,4,6,43,15,0,64,0,0,0,64
10/13/2022,LAN,MI,AGL,CE,Towers with Radar,6,37,25,2,70,0,0,15,0,15,6,37,40,2,85,8,0,8,93
10/14/2022,LAN,MI,AGL,CE,Towers with Radar,8,36,26,0,70,0,6,21,0,27,8,42,47,0,97,14,0,14,111
10/15/2022,LAN,MI,AGL,CE,Towers with Radar,5,27,19,0,51,0,0,4,0,4,5,27,23,0,55,0,0,0,55
10/16/2022,LAN,MI,AGL,CE,Towers with Radar,2,16,20,0,38,0,0,13,0,13,2,16,33,0,51,4,0,4,55
10/17/2022,LAN,MI,AGL,CE,Towers with Radar,3,30,12,0,45,0,0,0,0,0,3,30,12,0,45,0,0,0,45
10/18/2022,LAN,MI,AGL,CE,Towers with Radar,6,32,14,2,54,0,0,6,0,6,6,32,20,2,60,0,0,0,60
10/19/2022,LAN,MI,AGL,CE,Towers with Radar,6,32,17,0,55,0,0,11,0,11,6,32,28,0,66,0,0,0,66
10/20/2022,LAN,MI,AGL,CE,Towers with Radar,7,41,33,0,81,0,2,23,0,25,7,43,56,0,106,22,0,22,128
10/21/2022,LAN,MI,AGL,CE,Towers with Radar,6,39,15,2,62,0,0,17,0,17,6,39,32,2,79,32,0,32,111
10/22/2022,LAN,MI,AGL,CE,Towers with Radar,6,21,18,0,45,0,4,18,0,22,6,25,36,0,67,2,0,2,69
10/23/2022,LAN,MI,AGL,CE,Towers with Radar,4,16,14,0,34,0,1,20,0,21,4,17,34,0,55,14,0,14,69
10/24/2022,LAN,MI,AGL,CE,Towers with Radar,3,25,15,0,43,0,2,14,0,16,3,27,29,0,59,10,0,10,69
10/25/2022,LAN,MI,AGL,CE,Towers with Radar,7,40,22,0,69,0,3,20,0,23,7,43,42,0,92,8,0,8,100
10/26/2022,LAN,MI,AGL,CE,Towers with Radar,8,34,23,1,66,0,0,1,0,1,8,34,24,1,67,0,0,0,67
10/27/2022,LAN,MI,AGL,CE,Towers with Radar,11,35,32,1,79,0,4,20,2,26,11,39,52,3,105,18,0,18,123
10/28/2022,LAN,MI,AGL,CE,Towers with Radar,6,35,24,1,66,0,4,40,1,45,6,39,64,2,111,24,0,24,135
10/29/2022,LAN,MI,AGL,CE,Towers with Radar,5,21,13,0,39,0,2,18,0,20,5,23,31,0,59,6,0,6,65
10/30/2022,LAN,MI,AGL,CE,Towers with Radar,6,12,14,0,32,0,1,28,0,29,6,13,42,0,61,14,0,14,75
10/31/2022,LAN,MI,AGL,CE,Towers with Radar,3,25,13,2,43,0,0,0,0,0,3,25,13,2,43,0,0,0,43
11/01/2022,LAN,MI,AGL,CE,Towers with Radar,5,44,23,0,72,0,1,13,0,14,5,45,36,0,86,18,0,18,104
11/02/2022,LAN,MI,AGL,CE,Towers with Radar,7,39,25,3,74,0,1,23,2,26,7,40,48,5,100,2,0,2,102
11/03/2022,LAN,MI,AGL,CE,Towers with Radar,10,49,19,3,81,0,2,21,2,25,10,51,40,5,106,4,0,4,110
11/04/2022,LAN,MI,AGL,CE,Towers with Radar,8,36,16,2,62,0,3,16,0,19,8,39,32,2,81,0,0,0,81
11/05/2022,LAN,MI,AGL,CE,Towers with Radar,9,19,6,0,34,0,0,2,0,2,9,19,8,0,36,0,0,0,36
11/06/2022,LAN,MI,AGL,CE,Towers with Radar,4,14,4,0,22,0,0,14,0,14,4,14,18,0,36,12,0,12,48
11/07/2022,LAN,MI,AGL,CE,Towers with Radar,3,20,20,0,43,0,1,27,0,28,3,21,47,0,71,42,0,42,113
11/08/2022,LAN,MI,AGL,CE,Towers with Radar,7,34,25,0,66,0,3,26,0,29,7,37,51,0,95,2,0,2,97
11/09/2022,LAN,MI,AGL,CE,Towers with Radar,8,34,15,0,57,0,0,19,2,21,8,34,34,2,78,0,0,0,78
11/10/2022,LAN,MI,AGL,CE,Towers with Radar,6,33,25,2,66,0,0,17,0,17,6,33,42,2,83,14,0,14,97
11/11/2022,LAN,MI,AGL,CE,Towers with Radar,8,37,17,0,62,0,1,6,0,7,8,38,23,0,69,6,0,6,75
11/12/2022,LAN,MI,AGL,CE,Towers with Radar,7,23,11,0,41,0,0,4,0,4,7,23,15,0,45,0,0,0,45
11/13/2022,LAN,MI,AGL,CE,Towers with Radar,4,9,13,4,30,0,2,6,0,8,4,11,19,4,38,0,4,4,42
11/14/2022,LAN,MI,AGL,CE,Towers with Radar,5,27,11,0,43,0,5,33,0,38,5,32,44,0,81,30,0,30,111
11/15/2022,LAN,MI,AGL,CE,Towers with Radar,6,41,9,0,56,0,0,0,0,0,6,41,9,0,56,0,0,0,56
11/16/2022,LAN,MI,AGL,CE,Towers with Radar,10,33,17,4,64,0,0,0,0,0,10,33,17,4,64,0,0,0,64
11/17/2022,LAN,MI,AGL,CE,Towers with Radar,12,40,7,2,61,0,0,0,0,0,12,40,7,2,61,0,0,0,61
11/18/2022,LAN,MI,AGL,CE,Towers with Radar,11,49,19,2,81,0,0,0,0,0,11,49,19,2,81,0,0,0,81
11/19/2022,LAN,MI,AGL,CE,Towers with Radar,7,20,8,4,39,0,0,4,0,4,7,20,12,4,43,0,0,0,43
11/20/2022,LAN,MI,AGL,CE,Towers with Radar,8,13,10,0,31,0,0,4,0,4,8,13,14,0,35,14,0,14,49
11/21/2022,LAN,MI,AGL,CE,Towers with Radar,3,27,5,0,35,0,6,3,0,9,3,33,8,0,44,6,0,6,50
11/22/2022,LAN,MI,AGL,CE,Towers with Radar,12,57,15,2,86,0,11,34,2,47,12,68,49,4,133,26,0,26,159
11/23/2022,LAN,MI,AGL,CE,Towers with Radar,10,43,18,2,73,0,1,34,0,35,10,44,52,2,108,30,0,30,138
11/24/2022,LAN,MI,AGL,CE,Towers with Radar,3,8,0,0,11,0,1,7,0,8,3,9,7,0,19,2,0,2,21
11/25/2022,LAN,MI,AGL,CE,Towers with Radar,4,41,5,0,50,0,0,13,0,13,4,41,18,0,63,8,0,8,71
11/26/2022,LAN,MI,AGL,CE,Towers with Radar,5,31,21,0,57,0,5,20,0,25,5,36,41,0,82,3,0,3,85
11/27/2022,LAN,MI,AGL,CE,Towers with Radar,4,10,5,0,19,0,0,0,0,0,4,10,5,0,19,0,0,0,19
11/28/2022,LAN,MI,AGL,CE,Towers with Radar,6,27,22,0,55,0,1,24,0,25,6,28,46,0,80,8,0,8,88
11/29/2022,LAN,MI,AGL,CE,Towers with Radar,10,40,12,2,64,0,0,7,0,7,10,40,19,2,71,0,0,0,71
11/30/2022,LAN,MI,AGL,CE,Towers with Radar,10,44,19,0,73,0,0,0,0,0,10,44,19,0,73,0,0,0,73
12/01/2022,LAN,MI,AGL,CE,Towers with Radar,13,38,28,0,79,0,3,28,2,33,13,41,56,2,112,14,0,14,126
12/02/2022,LAN,MI,AGL,CE,Towers with Radar,7,32,13,0,52,0,0,9,0,9,7,32,22,0,61,0,0,0,61
12/03/2022,LAN,MI,AGL,CE,Towers with Radar,6,20,8,2,36,0,0,6,0,6,6,20,14,2,42,0,0,0,42
12/04/2022,LAN,MI,AGL,CE,Towers with Radar,6,11,21,2,40,0,2,10,0,12,6,13,31,2,52,0,0,0,52
12/05/2022,LAN,MI,AGL,CE,Towers with Radar,3,28,12,2,45,0,6,13,0,19,3,34,25,2,64,6,0,6,70
12/06/2022,LAN,MI,AGL,CE,Towers with Radar,12,35,37,5,89,0,0,10,1,11,12,35,47,6,100,0,0,0,100
12/07/2022,LAN,MI,AGL,CE,Towers with Radar,11,37,27,4,79,0,0,3,0,3,11,37,30,4,82,18,0,18,100
12/08/2022,LAN,MI,AGL,CE,Towers with Radar,13,40,22,5,80,0,0,2,1,3,13,40,24,6,83,10,0,10,93
12/09/2022,LAN,MI,AGL,CE,Towers with Radar,6,37,9,0,52,0,1,0,0,1,6,38,9,0,53,0,0,0,53
12/10/2022,LAN,MI,AGL,CE,Towers with Radar,7,23,8,0,38,0,2,1,0,3,7,25,9,0,41,2,0,2,43
12/11/2022,LAN,MI,AGL,CE,Towers with Radar,6,15,5,0,26,0,0,0,0,0,6,15,5,0,26,0,0,0,26
12/12/2022,LAN,MI,AGL,CE,Towers with Radar,3,29,14,2,48,0,0,3,0,3,3,29,17,2,51,4,0,4,55
12/13/2022,LAN,MI,AGL,CE,Towers with Radar,10,40,26,0,76,0,0,13,0,13,10,40,39,0,89,6,0,6,95
12/14/2022,LAN,MI,AGL,CE,Towers with Radar,10,36,9,4,59,0,0,4,0,4,10,36,13,4,63,4,0,4,67
12/15/2022,LAN,MI,AGL,CE,Towers with Radar,9,40,21,2,72,0,0,14,0,14,9,40,35,2,86,6,0,6,92
12/16/2022,LAN,MI,AGL,CE,Towers with Radar,10,29,4,4,47,0,0,1,0,1,10,29,5,4,48,22,0,22,70
12/17/2022,LAN,MI,AGL,CE,Towers with Radar,10,26,10,0,46,0,0,3,0,3,10,26,13,0,49,0,0,0,49
12/18/2022,LAN,MI,AGL,CE,Towers with Radar,9,9,4,0,22,0,0,0,0,0,9,9,4,0,22,0,0,0,22
12/19/2022,LAN,MI,AGL,CE,Towers with Radar,6,24,4,1,35,0,0,0,0,0,6,24,4,1,35,0,0,0,35
12/20/2022,LAN,MI,AGL,CE,Towers with Radar,12,34,18,1,65,0,0,10,0,10,12,34,28,1,75,38,0,38,113
12/21/2022,LAN,MI,AGL,CE,Towers with Radar,12,41,30,3,86,0,1,33,0,34,12,42,63,3,120,0,0,0,120
12/22/2022,LAN,MI,AGL,CE,Towers with Radar,14,38,17,2,71,0,0,5,1,6,14,38,22,3,77,6,0,6,83
12/23/2022,LAN,MI,AGL,CE,Towers with Radar,8,11,4,0,23,0,0,0,0,0,8,11,4,0,23,0,0,0,23
12/24/2022,LAN,MI,AGL,CE,Towers with Radar,1,6,4,0,11,0,0,0,0,0,1,6,4,0,11,0,0,0,11
12/25/2022,LAN,MI,AGL,CE,Towers with Radar,1,10,1,0,12,0,0,0,0,0,1,10,1,0,12,0,0,0,12
12/26/2022,LAN,MI,AGL,CE,Towers with Radar,2,11,5,0,18,0,0,2,0,2,2,11,7,0,20,0,0,0,20
12/27/2022,LAN,MI,AGL,CE,Towers with Radar,5,32,8,0,45,0,0,2,0,2,5,32,10,0,47,4,0,4,51
12/28/2022,LAN,MI,AGL,CE,Towers with Radar,11,35,10,6,62,0,1,10,2,13,11,36,20,8,75,6,0,6,81
12/29/2022,LAN,MI,AGL,CE,Towers with Radar,16,36,9,3,64,0,1,0,0,1,16,37,9,3,65,2,0,2,67
12/30/2022,LAN,MI,AGL,CE,Towers with Radar,8,35,6,0,49,0,0,4,0,4,8,35,10,0,53,4,0,4,57
12/31/2022,LAN,MI,AGL,CE,Towers with Radar,1,21,3,0,25,0,0,0,0,0,1,21,3,0,25,8,0,8,33
01/01/2023,LAN,MI,AGL,CE,Towers with Radar,6,7,5,0,18,0,0,0,0,0,6,7,5,0,18,0,0,0,18
01/02/2023,LAN,MI,AGL,CE,Towers with Radar,5,13,9,0,27,0,0,0,0,0,5,13,9,0,27,0,0,0,27
01/03/2023,LAN,MI,AGL,CE,Towers with Radar,7,29,4,0,40,0,0,0,0,0,7,29,4,0,40,0,0,0,40
01/04/2023,LAN,MI,AGL,CE,Towers with Radar,6,36,7,0,49,0,0,0,0,0,6,36,7,0,49,0,0,0,49
01/05/2023,LAN,MI,AGL,CE,Towers with Radar,8,33,6,2,49,0,0,0,0,0,8,33,6,2,49,0,0,0,49
01/06/2023,LAN,MI,AGL,CE,Towers with Radar,7,33,4,4,48,0,0,0,0,0,7,33,4,4,48,0,0,0,48
01/07/2023,LAN,MI,AGL,CE,Towers with Radar,4,24,12,2,42,0,0,7,0,7,4,24,19,2,49,14,0,14,63
01/08/2023,LAN,MI,AGL,CE,Towers with Radar,4,8,21,0,33,0,0,4,0,4,4,8,25,0,37,26,0,26,63
01/09/2023,LAN,MI,AGL,CE,Towers with Radar,5,26,23,2,56,0,0,37,0,37,5,26,60,2,93,34,0,34,127
01/10/2023,LAN,MI,AGL,CE,Towers with Radar,7,31,14,2,54,0,0,18,2,20,7,31,32,4,74,0,0,0,74
01/11/2023,LAN,MI,AGL,CE,Towers with Radar,7,39,14,0,60,0,0,12,0,12,7,39,26,0,72,46,0,46,118
01/12/2023,LAN,MI,AGL,CE,Towers with Radar,13,34,12,4,63,0,0,0,0,0,13,34,12,4,63,0,0,0,63
01/13/2023,LAN,MI,AGL,CE,Towers with Radar,6,31,9,0,46,0,0,2,0,2,6,31,11,0,48,0,0,0,48
01/14/2023,LAN,MI,AGL,CE,Towers with Radar,5,22,22,0,49,0,2,50,0,52,5,24,72,0,101,16,0,16,117
01/15/2023,LAN,MI,AGL,CE,Towers with Radar,5,8,6,0,19,0,0,22,0,22,5,8,28,0,41,4,0,4,45
01/16/2023,LAN,MI,AGL,CE,Towers with Radar,4,21,11,0,36,0,0,8,0,8,4,21,19,0,44,1,0,1,45
01/17/2023,LAN,MI,AGL,CE,Towers with Radar,7,29,24,2,62,0,0,1,0,1,7,29,25,2,63,0,0,0,63
01/18/2023,LAN,MI,AGL,CE,Towers with Radar,8,31,19,2,60,0,2,4,0,6,8,33,23,2,66,7,0,7,73
01/19/2023,LAN,MI,AGL,CE,Towers with Radar,11,35,18,2,66,0,0,0,0,0,11,35,18,2,66,0,0,0,66
01/20/2023,LAN,MI,AGL,CE,Towers with Radar,5,30,18,2,55,0,0,0,0,0,5,30,18,2,55,0,0,0,55
01/21/2023,LAN,MI,AGL,CE,Towers with Radar,5,23,4,0,32,0,1,3,1,5,5,24,7,1,37,0,0,0,37
01/22/2023,LAN,MI,AGL,CE,Towers with Radar,7,8,0,0,15,0,0,0,0,0,7,8,0,0,15,0,0,0,15
01/23/2023,LAN,MI,AGL,CE,Towers with Radar,3,20,13,0,36,0,2,0,0,2,3,22,13,0,38,0,0,0,38
01/24/2023,LAN,MI,AGL,CE,Towers with Radar,6,38,18,0,62,0,0,14,0,14,6,38,32,0,76,10,2,12,88
01/25/2023,LAN,MI,AGL,CE,Towers with Radar,7,26,11,0,44,0,0,0,0,0,7,26,11,0,44,0,0,0,44
01/26/2023,LAN,MI,AGL,CE,Towers with Radar,11,37,19,0,67,0,0,0,0,0,11,37,19,0,67,0,0,0,67
01/27/2023,LAN,MI,AGL,CE,Towers with Radar,4,30,6,0,40,0,0,2,0,2,4,30,8,0,42,0,0,0,42
01/28/2023,LAN,MI,AGL,CE,Towers with Radar,9,26,6,0,41,0,0,4,0,4,9,26,10,0,45,6,0,6,51
01/29/2023,LAN,MI,AGL,CE,Towers with Radar,11,11,1,2,25,0,0,0,0,0,11,11,1,2,25,0,0,0,25
01/30/2023,LAN,MI,AGL,CE,Towers with Radar,7,23,5,0,35,0,5,4,0,9,7,28,9,0,44,10,0,10,54
01/31/2023,LAN,MI,AGL,CE,Towers with Radar,6,33,11,0,50,0,2,29,2,33,6,35,40,2,83,28,0,28,111
02/01/2023,LAN,MI,AGL,CE,Towers with Radar,10,36,22,0,68,0,4,47,0,51,10,40,69,0,119,8,0,8,127
02/02/2023,LAN,MI,AGL,CE,Towers with Radar,11,32,13,0,56,0,1,8,2,11,11,33,21,2,67,20,0,20,87
02/03/2023,LAN,MI,AGL,CE,Towers with Radar,13,39,13,0,65,0,7,21,0,28,13,46,34,0,93,52,0,52,145
02/04/2023,LAN,MI,AGL,CE,Towers with Radar,5,22,7,2,36,0,0,6,0,6,5,22,13,2,42,0,0,0,42
02/05/2023,LAN,MI,AGL,CE,Towers with Radar,6,10,0,0,16,0,0,2,0,2,6,10,2,0,18,0,0,0,18
02/06/2023,LAN,MI,AGL,CE,Towers with Radar,7,28,19,2,56,0,1,31,0,32,7,29,50,2,88,37,0,37,125
02/07/2023,LAN,MI,AGL,CE,Towers with Radar,7,32,9,1,49,0,0,1,0,1,7,32,10,1,50,0,0,0,50
02/08/2023,LAN,MI,AGL,CE,Towers with Radar,12,48,21,1,82,0,3,40,1,44,12,51,61,2,126,6,0,6,132
02/09/2023,LAN,MI,AGL,CE,Towers with Radar,11,31,8,2,52,0,0,0,0,0,11,31,8,2,52,0,0,0,52
02/10/2023,LAN,MI,AGL,CE,Towers with Radar,8,39,8,2,57,0,0,12,0,12,8,39,20,2,69,4,0,4,73
02/11/2023,LAN,MI,AGL,CE,Towers with Radar,7,24,14,0,45,0,4,43,0,47,7,28,57,0,92,27,0,27,119
02/12/2023,LAN,MI,AGL,CE,Towers with Radar,10,8,13,0,31,0,0,46,0,46,10,8,59,0,77,26,0,26,103
02/13/2023,LAN,MI,AGL,CE,Towers with Radar,5,27,14,0,46,0,3,31,0,34,5,30,45,0,80,40,0,40,120
02/14/2023,LAN,MI,AGL,CE,Towers with Radar,8,32,10,7,57,0,0,14,3,17,8,32,24,10,74,6,0,6,80
02/15/2023,LAN,MI,AGL,CE,Towers with Radar,8,40,0,2,50,0,0,0,0,0,8,40,0,2,50,0,0,0,50
02/16/2023,LAN,MI,AGL,CE,Towers with Radar,10,22,3,0,35,0,0,2,0,2,10,22,5,0,37,6,0,6,43
02/17/2023,LAN,MI,AGL,CE,Towers with Radar,10,46,20,0,76,0,5,9,0,14,10,51,29,0,90,10,0,10,100
02/18/2023,LAN,MI,AGL,CE,Towers with Radar,5,24,18,0,47,0,0,11,0,11,5,24,29,0,58,0,0,0,58
02/19/2023,LAN,MI,AGL,CE,Towers with Radar,8,11,8,0,27,0,0,10,0,10,8,11,18,0,37,0,0,0,37
02/20/2023,LAN,MI,AGL,CE,Towers with Radar,7,33,19,0,59,0,4,38,0,42,7,37,57,0,101,32,0,32,133
02/21/2023,LAN,MI,AGL,CE,Towers with Radar,8,41,10,2,61,0,4,9,1,14,8,45,19,3,75,4,0,4,79
02/22/2023,LAN,MI,AGL,CE,Towers with Radar,7,20,1,2,30,0,0,0,0,0,7,20,1,2,30,0,0,0,30
02/23/2023,LAN,MI,AGL,CE,Towers with Radar,12,13,4,2,31,0,0,0,0,0,12,13,4,2,31,0,0,0,31
02/24/2023,LAN,MI,AGL,CE,Towers with Radar,12,45,8,1,66,0,2,13,1,16,12,47,21,2,82,2,0,2,84
02/25/2023,LAN,MI,AGL,CE,Towers with Radar,7,29,5,0,41,0,0,0,0,0,7,29,5,0,41,0,0,0,41
02/26/2023,LAN,MI,AGL,CE,Towers with Radar,6,13,18,0,37,0,0,25,0,25,6,13,43,0,62,35,0,35,97
02/27/2023,LAN,MI,AGL,CE,Towers with Radar,7,15,5,0,27,0,0,0,0,0,7,15,5,0,27,0,0,0,27
02/28/2023,LAN,MI,AGL,CE,Towers with Radar,6,38,16,1,61,0,1,14,1,16,6,39,30,2,77,12,2,14,91
03/01/2023,LAN,MI,AGL,CE,Towers with Radar,12,35,18,0,65,0,1,7,0,8,12,36,25,0,73,10,0,10,83
03/02/2023,LAN,MI,AGL,CE,Towers with Radar,10,36,19,0,65,0,0,6,0,6,10,36,25,0,71,6,0,6,77
03/03/2023,LAN,MI,AGL,CE,Towers with Radar,9,30,8,0,47,0,0,0,0,0,9,30,8,0,47,0,0,0,47
03/04/2023,LAN,MI,AGL,CE,Towers with Radar,8,28,11,0,47,0,1,15,0,16,8,29,26,0,63,0,0,0,63
03/05/2023,LAN,MI,AGL,CE,Towers with Radar,6,12,10,0,28,0,0,25,0,25,6,12,35,0,53,52,0,52,105
03/06/2023,LAN,MI,AGL,CE,Towers with Radar,5,23,9,0,37,0,0,0,0,0,5,23,9,0,37,0,0,0,37
03/07/2023,LAN,MI,AGL,CE,Towers with Radar,6,38,26,2,72,0,2,24,0,26,6,40,50,2,98,12,0,12,110
03/08/2023,LAN,MI,AGL,CE,Towers with Radar,9,31,26,0,66,0,0,30,0,30,9,31,56,0,96,6,0,6,102
03/09/2023,LAN,MI,AGL,CE,Towers with Radar,16,29,23,1,69,0,0,27,3,30,16,29,50,4,99,20,0,20,119
03/10/2023,LAN,MI,AGL,CE,Towers with Radar,11,28,8,0,47,0,0,0,0,0,11,28,8,0,47,0,0,0,47
03/11/2023,LAN,MI,AGL,CE,Towers with Radar,8,16,18,0,42,0,0,22,0,22,8,16,40,0,64,22,0,22,86
03/12/2023,LAN,MI,AGL,CE,Towers with Radar,11,6,7,1,25,0,0,0,0,0,11,6,7,1,25,0,0,0,25
03/13/2023,LAN,MI,AGL,CE,Towers with Radar,9,19,12,0,40,0,0,0,0,0,9,19,12,0,40,0,0,0,40
03/14/2023,LAN,MI,AGL,CE,Towers with Radar,10,31,36,0,77,0,3,25,2,30,10,34,61,2,107,24,0,24,131
03/15/2023,LAN,MI,AGL,CE,Towers with Radar,12,31,27,0,70,0,5,45,0,50,12,36,72,0,120,5,0,5,125
03/16/2023,LAN,MI,AGL,CE,Towers with Radar,14,34,30,3,81,0,0,17,5,22,14,34,47,8,103,0,0,0,103
03/17/2023,LAN,MI,AGL,CE,Towers with Radar,14,27,13,1,55,0,0,0,0,0,14,27,13,1,55,0,0,0,55
03/18/2023,LAN,MI,AGL,CE,Towers with Radar,7,21,9,0,37,0,0,0,0,0,7,21,9,0,37,0,0,0,37
03/19/2023,LAN,MI,AGL,CE,Towers with Radar,10,7,18,2,37,0,0,16,0,16,10,7,34,2,53,0,0,0,53
03/20/2023,LAN,MI,AGL,CE,Towers with Radar,11,21,16,0,48,0,0,7,0,7,11,21,23,0,55,0,0,0,55
03/21/2023,LAN,MI,AGL,CE,Towers with Radar,12,28,21,3,64,0,2,39,1,42,12,30,60,4,106,6,0,6,112
03/22/2023,LAN,MI,AGL,CE,Towers with Radar,12,26,14,2,54,0,0,0,0,0,12,26,14,2,54,0,0,0,54
03/23/2023,LAN,MI,AGL,CE,Towers with Radar,14,25,26,4,69,0,1,4,1,6,14,26,30,5,75,8,0,8,83
03/24/2023,LAN,MI,AGL,CE,Towers with Radar,14,29,26,3,72,0,4,27,0,31,14,33,53,3,103,15,0,15,118
03/25/2023,LAN,MI,AGL,CE,Towers with Radar,7,15,6,0,28,0,0,0,0,0,7,15,6,0,28,0,0,0,28
03/26/2023,LAN,MI,AGL,CE,Towers with Radar,10,7,28,0,45,0,0,38,0,38,10,7,66,0,83,0,0,0,83
03/27/2023,LAN,MI,AGL,CE,Towers with Radar,9,23,13,2,47,0,2,12,0,14,9,25,25,2,61,20,0,20,81
03/28/2023,LAN,MI,AGL,CE,Towers with Radar,10,33,23,2,68,0,0,27,0,27,10,33,50,2,95,16,0,16,111
03/29/2023,LAN,MI,AGL,CE,Towers with Radar,12,37,8,2,59,0,0,10,1,11,12,37,18,3,70,5,0,5,75
03/30/2023,LAN,MI,AGL,CE,Towers with Radar,14,31,25,1,71,0,2,34,5,41,14,33,59,6,112,8,0,8,120
03/31/2023,LAN,MI,AGL,CE,Towers with Radar,11,17,5,0,33,0,1,0,0,1,11,18,5,0,34,0,0,0,34
04/01/2023,LAN,MI,AGL,CE,Towers with Radar,8,13,5,0,26,0,0,2,0,2,8,13,7,0,28,0,0,0,28
04/02/2023,LAN,MI,AGL,CE,Towers with Radar,10,7,13,3,33,0,1,16,0,17,10,8,29,3,50,8,0,8,58
04/03/2023,LAN,MI,AGL,CE,Towers with Radar,9,23,10,0,42,0,1,11,0,12,9,24,21,0,54,18,0,18,72
04/04/2023,LAN,MI,AGL,CE,Towers with Radar,11,26,18,0,55,0,0,0,0,0,11,26,18,0,55,0,0,0,55
04/05/2023,LAN,MI,AGL,CE,Towers with Radar,12,32,8,0,52,0,0,0,0,0,12,32,8,0,52,0,0,0,52
04/06/2023,LAN,MI,AGL,CE,Towers with Radar,17,34,29,1,81,0,7,23,3,33,17,41,52,4,114,6,0,6,120
04/07/2023,LAN,MI,AGL,CE,Towers with Radar,13,28,17,0,58,0,3,44,0,47,13,31,61,0,105,36,0,36,141
04/08/2023,LAN,MI,AGL,CE,Towers with Radar,9,17,13,0,39,0,1,28,0,29,9,18,41,0,68,32,0,32,100
04/09/2023,LAN,MI,AGL,CE,Towers with Radar,10,4,9,0,23,0,0,16,0,16,10,4,25,0,39,0,0,0,39
04/10/2023,LAN,MI,AGL,CE,Towers with Radar,9,28,31,0,68,0,6,31,0,37,9,34,62,0,105,27,0,27,132
04/11/2023,LAN,MI,AGL,CE,Towers with Radar,11,31,25,0,67,0,2,26,0,28,11,33,51,0,95,8,0,8,103
04/12/2023,LAN,MI,AGL,CE,Towers with Radar,10,33,19,5,67,0,0,8,0,8,10,33,27,5,75,0,0,0,75
04/13/2023,LAN,MI,AGL,CE,Towers with Radar,12,41,16,2,71,0,8,28,6,42,12,49,44,8,113,14,0,14,127
04/14/2023,LAN,MI,AGL,CE,Towers with Radar,9,28,20,0,57,0,3,32,2,37,9,31,52,2,94,18,0,18,112
04/15/2023,LAN,MI,AGL,CE,Towers with Radar,9,26,17,0,52,0,1,30,0,31,9,27,47,0,83,26,0,26,109
04/16/2023,LAN,MI,AGL,CE,Towers with Radar,10,5,4,0,19,0,0,3,0,3,10,5,7,0,22,0,0,0,22
04/17/2023,LAN,MI,AGL,CE,Towers with Radar,7,24,8,2,41,0,0,0,0,0,7,24,8,2,41,0,0,0,41
04/18/2023,LAN,MI,AGL,CE,Towers with Radar,10,29,25,2,66,0,7,10,2,19,10,36,35,4,85,42,0,42,127
04/19/2023,LAN,MI,AGL,CE,Towers with Radar,10,39,28,3,80,0,4,31,2,37,10,43,59,5,117,1,0,1,118
04/20/2023,LAN,MI,AGL,CE,Towers with Radar,12,31,29,2,74,0,0,11,1,12,12,31,40,3,86,18,0,18,104
04/21/2023,LAN,MI,AGL,CE,Towers with Radar,10,36,20,2,68,0,1,9,0,10,10,37,29,2,78,6,0,6,84
04/22/2023,LAN,MI,AGL,CE,Towers with Radar,7,16,12,0,35,0,0,6,0,6,7,16,18,0,41,4,0,4,45
04/23/2023,LAN,MI,AGL,CE,Towers with Radar,8,9,7,0,24,0,0,8,0,8,8,9,15,0,32,14,0,14,46
04/24/2023,LAN,MI,AGL,CE,Towers with Radar,7,23,18,2,50,0,1,13,0,14,7,24,31,2,64,10,0,10,74
04/25/2023,LAN,MI,AGL,CE,Towers with Radar,10,32,26,0,68,0,0,4,0,4,10,32,30,0,72,0,0,0,72
04/26/2023,LAN,MI,AGL,CE,Towers with Radar,10,38,38,0,86,0,6,58,0,64,10,44,96,0,150,34,0,34,184
04/27/2023,LAN,MI,AGL,CE,Towers with Radar,12,34,22,0,68,0,2,37,1,40,12,36,59,1,108,6,0,6,114
04/28/2023,LAN,MI,AGL,CE,Towers with Radar,10,36,12,2,60,0,1,4,0,5,10,37,16,2,65,14,0,14,79
04/29/2023,LAN,MI,AGL,CE,Towers with Radar,7,18,16,0,41,0,0,0,0,0,7,18,16,0,41,0,0,0,41
04/30/2023,LAN,MI,AGL,CE,Towers with Radar,8,6,6,0,20,0,2,5,0,7,8,8,11,0,27,4,0,4,31
05/01/2023,LAN,MI,AGL,CE,Towers with Radar,6,20,19,0,45,0,0,0,0,0,6,20,19,0,45,0,0,0,45
05/02/2023,LAN,MI,AGL,CE,Towers with Radar,11,28,10,0,49,0,0,0,0,0,11,28,10,0,49,0,0,0,49
05/03/2023,LAN,MI,AGL,CE,Towers with Radar,10,32,23,0,65,0,4,24,0,28,10,36,47,0,93,33,0,33,126
05/04/2023,LAN,MI,AGL,CE,Towers with Radar,12,35,19,0,66,0,2,28,0,30,12,37,47,0,96,12,0,12,108
05/05/2023,LAN,MI,AGL,CE,Towers with Radar,10,35,24,0,69,0,3,35,1,39,10,38,59,1,108,36,0,36,144
05/06/2023,LAN,MI,AGL,CE,Towers with Radar,7,19,8,0,34,0,1,16,0,17,7,20,24,0,51,16,0,16,67
05/07/2023,LAN,MI,AGL,CE,Towers with Radar,8,9,12,0,29,0,0,9,0,9,8,9,21,0,38,0,0,0,38
05/08/2023,LAN,MI,AGL,CE,Towers with Radar,7,28,24,2,61,0,3,13,0,16,7,31,37,2,77,22,0,22,99
05/09/2023,LAN,MI,AGL,CE,Towers with Radar,9,34,19,0,62,0,8,46,1,55,9,42,65,1,117,52,0,52,169
05/10/2023,LAN,MI,AGL,CE,Towers with Radar,11,36,13,0,60,0,4,42,0,46,11,40,55,0,106,76,0,76,182
05/11/2023,LAN,MI,AGL,CE,Towers with Radar,8,32,35,0,75,0,7,33,2,42,8,39,68,2,117,4,0,4,121
05/12/2023,LAN,MI,AGL,CE,Towers with Radar,10,31,21,0,62,0,3,21,0,24,10,34,42,0,86,34,0,34,120
05/13/2023,LAN,MI,AGL,CE,Towers with Radar,7,21,17,0,45,0,0,16,0,16,7,21,33,0,61,24,0,24,85
05/14/2023,LAN,MI,AGL,CE,Towers with Radar,10,11,7,0,28,0,0,7,0,7,10,11,14,0,35,0,0,0,35
05/15/2023,LAN,MI,AGL,CE,Towers with Radar,7,27,18,0,52,0,3,20,2,25,7,30,38,2,77,16,0,16,93
05/16/2023,LAN,MI,AGL,CE,Towers with Radar,10,34,17,2,63,0,3,24,0,27,10,37,41,2,90,0,0,0,90
05/17/2023,LAN,MI,AGL,CE,Towers with Radar,10,32,29,2,73,0,0,48,0,48,10,32,77,2,121,30,0,30,151
05/18/2023,LAN,MI,AGL,CE,Towers with Radar,16,36,21,4,77,0,2,34,0,36,16,38,55,4,113,21,0,21,134
05/19/2023,LAN,MI,AGL,CE,Towers with Radar,12,28,10,0,50,0,1,4,0,5,12,29,14,0,55,12,0,12,67
05/20/2023,LAN,MI,AGL,CE,Towers with Radar,7,18,17,0,42,0,0,9,0,9,7,18,26,0,51,0,0,0,51
05/21/2023,LAN,MI,AGL,CE,Towers with Radar,8,15,9,0,32,0,1,31,0,32,8,16,40,0,64,18,0,18,82
05/22/2023,LAN,MI,AGL,CE,Towers with Radar,7,24,25,2,58,0,3,16,0,19,7,27,41,2,77,0,0,0,77
05/23/2023,LAN,MI,AGL,CE,Towers with Radar,9,29,24,2,64,0,6,29,0,35,9,35,53,2,99,44,0,44,143
05/24/2023,LAN,MI,AGL,CE,Towers with Radar,10,38,24,10,82,0,4,12,0,16,10,42,36,10,98,4,0,4,102
05/25/2023,LAN,MI,AGL,CE,Towers with Radar,12,35,18,3,68,0,2,19,3,24,12,37,37,6,92,14,0,14,106
05/26/2023,LAN,MI,AGL,CE,Towers with Radar,9,36,17,0,62,0,8,30,0,38,9,44,47,0,100,10,0,10,110
05/27/2023,LAN,MI,AGL,CE,Towers with Radar,8,18,7,0,33,0,1,14,0,15,8,19,21,0,48,6,0,6,54
05/28/2023,LAN,MI,AGL,CE,Towers with Radar,8,9,9,0,26,0,0,20,0,20,8,9,29,0,46,4,0,4,50
05/29/2023,LAN,MI,AGL,CE,Towers with Radar,6,10,14,0,30,2,2,27,0,31,8,12,41,0,61,22,0,22,83
05/30/2023,LAN,MI,AGL,CE,Towers with Radar,9,30,20,0,59,0,6,31,0,37,9,36,51,0,96,4,0,4,100
05/31/2023,LAN,MI,AGL,CE,Towers with Radar,12,27,15,0,54,0,2,22,0,24,12,29,37,0,78,12,0,12,90
06/01/2023,LAN,MI,AGL,CE,Towers with Radar,12,28,29,0,69,0,4,25,0,29,12,32,54,0,98,46,0,46,144
06/02/2023,LAN,MI,AGL,CE,Towers with Radar,9,38,12,2,61,0,8,14,0,22,9,46,26,2,83,74,0,74,157
06/03/2023,LAN,MI,AGL,CE,Towers with Radar,8,22,6,0,36,0,6,26,0,32,8,28,32,0,68,18,0,18,86
06/04/2023,LAN,MI,AGL,CE,Towers with Radar,8,9,7,0,24,0,0,22,0,22,8,9,29,0,46,34,0,34,80
06/05/2023,LAN,MI,AGL,CE,Towers with Radar,9,27,23,2,61,0,6,22,0,28,9,33,45,2,89,32,0,32,121
06/06/2023,LAN,MI,AGL,CE,Towers with Radar,13,35,26,2,76,0,9,24,0,33,13,44,50,2,109,8,0,8,117
06/07/2023,LAN,MI,AGL,CE,Towers with Radar,10,29,33,4,76,0,1,19,0,20,10,30,52,4,96,6,0,6,102
06/08/2023,LAN,MI,AGL,CE,Towers with Radar,12,35,36,2,85,0,6,28,0,34,12,41,64,2,119,4,0,4,123
06/09/2023,LAN,MI,AGL,CE,Towers with Radar,10,42,22,0,74,0,4,23,0,27,10,46,45,0,101,48,0,48,149
06/10/2023,LAN,MI,AGL,CE,Towers with Radar,7,24,7,0,38,0,1,9,0,10,7,25,16,0,48,12,0,12,60
06/11/2023,LAN,MI,AGL,CE,Towers with Radar,8,12,14,0,34,0,0,3,0,3,8,12,17,0,37,0,0,0,37
06/12/2023,LAN,MI,AGL,CE,Towers with Radar,7,23,23,4,57,0,3,2,0,5,7,26,25,4,62,2,0,2,64
06/13/2023,LAN,MI,AGL,CE,Towers with Radar,14,34,20,0,68,0,0,5,0,5,14,34,25,0,73,0,0,0,73
06/14/2023,LAN,MI,AGL,CE,Towers with Radar,10,42,32,2,86,0,8,21,0,29,10,50,53,2,115,14,0,14,129
06/15/2023,LAN,MI,AGL,CE,Towers with Radar,12,27,19,4,62,0,0,8,1,9,12,27,27,5,71,22,0,22,93
06/16/2023,LAN,MI,AGL,CE,Towers with Radar,11,37,13,2,63,0,1,5,0,6,11,38,18,2,69,0,0,0,69
06/17/2023,LAN,MI,AGL,CE,Towers with Radar,7,18,4,0,29,0,2,21,0,23,7,20,25,0,52,4,0,4,56
06/18/2023,LAN,MI,AGL,CE,Towers with Radar,10,5,4,0,19,0,1,32,0,33,10,6,36,0,52,6,0,6,58
06/19/2023,LAN,MI,AGL,CE,Towers with Radar,8,24,14,0,46,0,0,27,0,27,8,24,41,0,73,22,0,22,95
06/20/2023,LAN,MI,AGL,CE,Towers with Radar,10,35,14,0,59,0,11,20,0,31,10,46,34,0,90,46,0,46,136
06/21/2023,LAN,MI,AGL,CE,Towers with Radar,10,38,21,5,74,0,8,17,0,25,10,46,38,5,99,15,0,15,114
06/22/2023,LAN,MI,AGL,CE,Towers with Radar,14,29,27,0,70,0,1,32,0,33,14,30,59,0,103,9,0,9,112
06/23/2023,LAN,MI,AGL,CE,Towers with Radar,10,33,15,2,60,0,1,7,0,8,10,34,22,2,68,0,0,0,68
06/24/2023,LAN,MI,AGL,CE,Towers with Radar,7,19,17,1,44,0,2,13,1,16,7,21,30,2,60,0,0,0,60
06/25/2023,LAN,MI,AGL,CE,Towers with Radar,8,3,5,2,18,0,0,4,0,4,8,3,9,2,22,2,0,2,24
06/26/2023,LAN,MI,AGL,CE,Towers with Radar,7,27,6,0,40,0,0,0,0,0,7,27,6,0,40,0,0,0,40
06/27/2023,LAN,MI,AGL,CE,Towers with Radar,8,32,14,2,56,0,0,0,0,0,8,32,14,2,56,0,0,0,56
06/28/2023,LAN,MI,AGL,CE,Towers with Radar,10,37,20,2,69,0,0,2,0,2,10,37,22,2,71,0,0,0,71
06/29/2023,LAN,MI,AGL,CE,Towers with Radar,14,29,18,2,63,0,0,0,0,0,14,29,18,2,63,0,0,0,63
06/30/2023,LAN,MI,AGL,CE,Towers with Radar,10,27,22,0,59,0,0,14,0,14,10,27,36,0,73,26,0,26,99
07/01/2023,LAN,MI,AGL,CE,Towers with Radar,5,15,3,0,23,0,0,8,0,8,5,15,11,0,31,12,0,12,43
07/02/2023,LAN,MI,AGL,CE,Towers with Radar,8,4,3,0,15,0,0,0,0,0,8,4,3,0,15,0,0,0,15
07/03/2023,LAN,MI,AGL,CE,Towers with Radar,5,25,17,0,47,0,0,15,0,15,5,25,32,0,62,0,0,0,62
07/04/2023,LAN,MI,AGL,CE,Towers with Radar,4,5,8,0,17,0,0,12,0,12,4,5,20,0,29,4,0,4,33
07/05/2023,LAN,MI,AGL,CE,Towers with Radar,8,28,11,4,51,0,0,9,1,10,8,28,20,5,61,0,0,0,61
07/06/2023,LAN,MI,AGL,CE,Towers with Radar,12,32,28,4,76,0,1,9,0,10,12,33,37,4,86,0,0,0,86
07/07/2023,LAN,MI,AGL,CE,Towers with Radar,8,35,18,4,65,0,3,16,0,19,8,38,34,4,84,6,0,6,90
07/08/2023,LAN,MI,AGL,CE,Towers with Radar,7,13,7,0,27,0,0,3,0,3,7,13,10,0,30,0,0,0,30
07/09/2023,LAN,MI,AGL,CE,Towers with Radar,8,6,22,0,36,0,0,25,0,25,8,6,47,0,61,18,0,18,79
07/10/2023,LAN,MI,AGL,CE,Towers with Radar,7,25,14,4,50,0,7,30,0,37,7,32,44,4,87,46,0,46,133
07/11/2023,LAN,MI,AGL,CE,Towers with Radar,10,32,13,0,55,0,0,9,0,9,10,32,22,0,64,20,0,20,84
07/12/2023,LAN,MI,AGL,CE,Towers with Radar,9,31,14,2,56,0,1,8,0,9,9,32,22,2,65,0,0,0,65
07/13/2023,LAN,MI,AGL,CE,Towers with Radar,13,28,20,2,63,0,6,18,0,24,13,34,38,2,87,12,0,12,99
07/14/2023,LAN,MI,AGL,CE,Towers with Radar,8,27,15,0,50,0,2,22,0,24,8,29,37,0,74,10,0,10,84
07/15/2023,LAN,MI,AGL,CE,Towers with Radar,7,17,14,2,40,0,0,4,0,4,7,17,18,2,44,4,0,4,48
07/16/2023,LAN,MI,AGL,CE,Towers with Radar,8,14,10,0,32,0,3,22,0,25,8,17,32,0,57,9,0,9,66
07/17/2023,LAN,MI,AGL,CE,Towers with Radar,9,20,21,2,52,0,1,33,0,34,9,21,54,2,86,14,0,14,100
07/18/2023,LAN,MI,AGL,CE,Towers with Radar,11,30,22,2,65,0,1,47,5,53,11,31,69,7,118,18,0,18,136
07/19/2023,LAN,MI,AGL,CE,Towers with Radar,11,29,33,2,75,0,6,32,0,38,11,35,65,2,113,33,0,33,146
07/20/2023,LAN,MI,AGL,CE,Towers with Radar,12,32,10,4,58,0,3,11,0,14,12,35,21,4,72,65,0,65,137
07/21/2023,LAN,MI,AGL,CE,Towers with Radar,10,29,23,9,71,0,4,18,0,22,10,33,41,9,93,71,0,71,164
07/22/2023,LAN,MI,AGL,CE,Towers with Radar,9,16,7,0,32,0,0,14,0,14,9,16,21,0,46,27,0,27,73
07/23/2023,LAN,MI,AGL,CE,Towers with Radar,8,9,8,0,25,0,0,12,0,12,8,9,20,0,37,10,0,10,47
07/24/2023,LAN,MI,AGL,CE,Towers with Radar,7,24,18,4,53,0,2,18,0,20,7,26,36,4,73,22,0,22,95
07/25/2023,LAN,MI,AGL,CE,Towers with Radar,10,36,17,4,67,0,1,19,4,24,10,37,36,8,91,8,0,8,99
07/26/2023,LAN,MI,AGL,CE,Towers with Radar,8,36,16,0,60,0,0,14,0,14,8,36,30,0,74,4,0,4,78
07/27/2023,LAN,MI,AGL,CE,Towers with Radar,12,36,22,1,71,0,8,12,0,20,12,44,34,1,91,28,0,28,119
07/28/2023,LAN,MI,AGL,CE,Towers with Radar,10,29,9,2,50,0,3,16,3,22,10,32,25,5,72,4,0,4,76
07/29/2023,LAN,MI,AGL,CE,Towers with Radar,5,22,8,0,35,0,5,14,8,27,5,27,22,8,62,2,0,2,64
07/30/2023,LAN,MI,AGL,CE,Towers with Radar,10,11,9,0,30,0,2,23,1,26,10,13,32,1,56,60,0,60,116
07/31/2023,LAN,MI,AGL,CE,Towers with Radar,7,28,25,2,62,0,3,36,2,41,7,31,61,4,103,10,0,10,113
08/01/2023,LAN,MI,AGL,CE,Towers with Radar,10,33,29,7,79,0,2,29,2,33,10,35,58,9,112,6,0,6,118
08/02/2023,LAN,MI,AGL,CE,Towers with Radar,10,33,22,4,69,0,3,49,0,52,10,36,71,4,121,25,0,25,146
08/03/2023,LAN,MI,AGL,CE,Towers with Radar,14,33,32,5,84,0,2,51,0,53,14,35,83,5,137,41,0,41,178
08/04/2023,LAN,MI,AGL,CE,Towers with Radar,10,34,16,2,62,0,3,35,0,38,10,37,51,2,100,22,0,22,122
08/05/2023,LAN,MI,AGL,CE,Towers with Radar,7,17,20,2,46,0,3,14,0,17,7,20,34,2,63,26,0,26,89
08/06/2023,LAN,MI,AGL,CE,Towers with Radar,8,9,9,0,26,0,0,0,0,0,8,9,9,0,26,0,0,0,26
08/07/2023,LAN,MI,AGL,CE,Towers with Radar,4,24,34,0,62,0,2,6,0,8,4,26,40,0,70,14,0,14,84
08/08/2023,LAN,MI,AGL,CE,Towers with Radar,9,31,20,2,62,0,4,33,1,38,9,35,53,3,100,10,0,10,110
08/09/2023,LAN,MI,AGL,CE,Towers with Radar,12,33,27,4,76,0,4,39,1,44,12,37,66,5,120,28,0,28,148
08/10/2023,LAN,MI,AGL,CE,Towers with Radar,12,31,8,2,53,0,1,23,0,24,12,32,31,2,77,16,0,16,93
08/11/2023,LAN,MI,AGL,CE,Towers with Radar,10,26,19,0,55,0,3,15,0,18,10,29,34,0,73,10,0,10,83
08/12/2023,LAN,MI,AGL,CE,Towers with Radar,7,20,12,2,41,0,2,19,3,24,7,22,31,5,65,16,0,16,81
08/13/2023,LAN,MI,AGL,CE,Towers with Radar,8,8,10,0,26,0,0,30,0,30,8,8,40,0,56,18,0,18,74
08/14/2023,LAN,MI,AGL,CE,Towers with Radar,7,21,24,0,52,0,0,12,0,12,7,21,36,0,64,6,0,6,70
08/15/2023,LAN,MI,AGL,CE,Towers with Radar,10,33,20,3,66,0,0,2,0,2,10,33,22,3,68,4,0,4,72
08/16/2023,LAN,MI,AGL,CE,Towers with Radar,11,35,38,2,86,0,5,55,0,60,11,40,93,2,146,20,0,20,166
08/17/2023,LAN,MI,AGL,CE,Towers with Radar,12,28,10,0,50,0,1,7,0,8,12,29,17,0,58,0,0,0,58
08/18/2023,LAN,MI,AGL,CE,Towers with Radar,12,27,16,0,55,0,2,20,2,24,12,29,36,2,79,0,0,0,79
08/19/2023,LAN,MI,AGL,CE,Towers with Radar,8,16,19,0,43,0,0,18,0,18,8,16,37,0,61,16,0,16,77
08/20/2023,LAN,MI,AGL,CE,Towers with Radar,8,7,9,0,24,0,0,19,0,19,8,7,28,0,43,4,0,4,47
08/21/2023,LAN,MI,AGL,CE,Towers with Radar,7,28,12,0,47,0,1,16,0,17,7,29,28,0,64,14,0,14,78
08/22/2023,LAN,MI,AGL,CE,Towers with Radar,10,31,30,0,71,0,1,24,0,25,10,32,54,0,96,29,0,29,125
08/23/2023,LAN,MI,AGL,CE,Towers with Radar,10,35,11,4,60,0,0,5,1,6,10,35,16,5,66,0,1,1,67
08/24/2023,LAN,MI,AGL,CE,Towers with Radar,11,36,18,0,65,0,0,6,0,6,11,36,24,0,71,15,0,15,86
08/25/2023,LAN,MI,AGL,CE,Towers with Radar,11,41,9,1,62,0,0,12,0,12,11,41,21,1,74,0,0,0,74
08/26/2023,LAN,MI,AGL,CE,Towers with Radar,9,16,19,0,44,0,0,4,0,4,9,16,23,0,48,0,0,0,48
08/27/2023,LAN,MI,AGL,CE,Towers with Radar,10,7,13,0,30,0,0,19,0,19,10,7,32,0,49,2,0,2,51
08/28/2023,LAN,MI,AGL,CE,Towers with Radar,7,25,14,0,46,0,9,29,0,38,7,34,43,0,84,22,0,22,106
08/29/2023,LAN,MI,AGL,CE,Towers with Radar,10,30,9,0,49,0,0,20,0,20,10,30,29,0,69,8,0,8,77
08/30/2023,LAN,MI,AGL,CE,Towers with Radar,10,32,20,1,63,0,2,21,0,23,10,34,41,1,86,12,0,12,98
08/31/2023,LAN,MI,AGL,CE,Towers with Radar,11,37,16,1,65,0,3,44,3,50,11,40,60,4,115,12,0,12,127
