01/01/2000,LAS,NV,AWP,WE,Combined TRACON& Tower with Radar,668,70,258,50,1046,0,44,126,26,196,668,114,384,76,1242,12,0,12,1254
01/02/2000,LAS,NV,AWP,WE,Combined TRACON& Tower with Radar,937,90,334,64,1425,0,34,89,31,154,937,124,423,95,1579,24,0,24,1603
01/03/2000,LAS,NV,AWP,WE,Combined TRACON& Tower with Radar,817,78,231,55,1181,135,70,0,16,221,952,148,231,71,1402,24,0,24,1426
01/04/2000,LAS,NV,AWP,WE,Combined TRACON& Tower with Radar,828,79,258,56,1221,102,54,0,13,169,930,133,258,69,1390,16,0,16,1406
01/05/2000,LAS,NV,AWP,WE,Combined TRACON& Tower with Radar,839,80,295,57,1271,56,92,0,9,157,895,172,295,66,1428,30,0,30,1458
01/06/2000,LAS,NV,AWP,WE,Combined TRACON& Tower with Radar,953,91,335,64,1443,32,73,27,36,168,985,164,362,100,1611,44,0,44,1655
01/07/2000,LAS,NV,AWP,WE,Combined TRACON& Tower with Radar,943,89,333,63,1428,0,51,97,47,195,943,140,430,110,1623,38,0,38,1661
01/08/2000,LAS,NV,AWP,WE,Combined TRACON& Tower with Radar,830,79,292,56,1257,9,37,96,41,183,839,116,388,97,1440,38,0,38,1478
01/09/2000,LAS,NV,AWP,WE,Combined TRACON& Tower with Radar,884,89,329,62,1364,0,44,136,34,214,884,133,465,96,1578,32,0,32,1610
01/10/2000,LAS,NV,AWP,WE,Combined TRACON& Tower with Radar,834,79,294,56,1263,69,60,11,10,150,903,139,305,66,1413,28,0,28,1441
01/11/2000,LAS,NV,AWP,WE,Combined TRACON& Tower with Radar,832,79,293,56,1260,79,36,26,11,152,911,115,319,67,1412,38,0,38,1450
01/12/2000,LAS,NV,AWP,WE,Combined TRACON& Tower with Radar,843,80,297,57,1277,25,65,17,10,117,868,145,314,67,1394,26,0,26,1420
01/13/2000,LAS,NV,AWP,WE,Combined TRACON& Tower with Radar,879,84,309,59,1331,36,27,37,50,150,915,111,346,109,1481,40,0,40,1521
01/14/2000,LAS,NV,AWP,WE,Combined TRACON& Tower with Radar,918,88,328,63,1397,0,77,69,20,166,918,165,397,83,1563,22,0,22,1585
01/15/2000,LAS,NV,AWP,WE,Combined TRACON& Tower with Radar,853,80,301,58,1292,0,71,80,4,155,853,151,381,62,1447,56,0,56,1503
01/16/2000,LAS,NV,AWP,WE,Combined TRACON& Tower with Radar,845,79,258,57,1239,48,130,0,23,201,893,209,258,80,1440,40,0,40,1480
01/17/2000,LAS,NV,AWP,WE,Combined TRACON& Tower with Radar,836,78,275,52,1241,52,85,0,0,137,888,163,275,52,1378,44,0,44,1422
01/18/2000,LAS,NV,AWP,WE,Combined TRACON& Tower with Radar,812,76,267,54,1209,70,68,0,7,145,882,144,267,61,1354,60,0,60,1414
01/19/2000,LAS,NV,AWP,WE,Combined TRACON& Tower with Radar,848,80,299,57,1284,53,64,5,22,144,901,144,304,79,1428,38,0,38,1466
01/20/2000,LAS,NV,AWP,WE,Combined TRACON& Tower with Radar,896,84,316,61,1357,50,99,11,22,182,946,183,327,83,1539,32,0,32,1571
01/21/2000,LAS,NV,AWP,WE,Combined TRACON& Tower with Radar,899,84,317,61,1361,36,65,54,54,209,935,149,371,115,1570,44,0,44,1614
01/22/2000,LAS,NV,AWP,WE,Combined TRACON& Tower with Radar,804,75,284,54,1217,76,90,41,13,220,880,165,325,67,1437,34,0,34,1471
01/23/2000,LAS,NV,AWP,WE,Combined TRACON& Tower with Radar,860,81,304,57,1302,36,59,58,60,213,896,140,362,117,1515,34,0,34,1549
01/24/2000,LAS,NV,AWP,WE,Combined TRACON& Tower with Radar,952,98,370,70,1490,0,79,147,39,265,952,177,517,109,1755,36,0,36,1791
01/25/2000,LAS,NV,AWP,WE,Combined TRACON& Tower with Radar,889,106,399,75,1469,0,89,265,41,395,889,195,664,116,1864,22,0,22,1886
01/26/2000,LAS,NV,AWP,WE,Combined TRACON& Tower with Radar,866,94,352,66,1378,0,72,149,84,305,866,166,501,150,1683,34,0,34,1717
01/27/2000,LAS,NV,AWP,WE,Combined TRACON& Tower with Radar,967,92,345,65,1469,0,135,92,31,258,967,227,437,96,1727,46,0,46,1773
01/28/2000,LAS,NV,AWP,WE,Combined TRACON& Tower with Radar,941,90,340,64,1435,0,93,127,12,232,941,183,467,76,1667,24,0,24,1691
01/29/2000,LAS,NV,AWP,WE,Combined TRACON& Tower with Radar,816,77,288,54,1235,69,75,36,41,221,885,152,324,95,1456,36,0,36,1492
01/30/2000,LAS,NV,AWP,WE,Combined TRACON& Tower with Radar,869,81,307,58,1315,38,24,40,2,104,907,105,347,60,1419,44,0,44,1463
01/31/2000,LAS,NV,AWP,WE,Combined TRACON& Tower with Radar,933,89,328,62,1412,5,63,43,11,122,938,152,371,73,1534,44,0,44,1578
02/01/2000,LAS,NV,AWP,WE,Combined TRACON& Tower with Radar,919,102,280,52,1353,0,46,81,9,136,919,148,361,61,1489,32,0,32,1521
02/02/2000,LAS,NV,AWP,WE,Combined TRACON& Tower with Radar,861,95,259,47,1262,26,86,87,12,211,887,181,346,59,1473,18,0,18,1491
02/03/2000,LAS,NV,AWP,WE,Combined TRACON& Tower with Radar,965,106,290,54,1415,5,109,50,62,226,970,215,340,116,1641,16,0,16,1657
02/04/2000,LAS,NV,AWP,WE,Combined TRACON& Tower with Radar,955,110,302,56,1423,0,110,118,22,250,955,220,420,78,1673,26,0,26,1699
02/05/2000,LAS,NV,AWP,WE,Combined TRACON& Tower with Radar,875,99,269,50,1293,0,64,103,48,215,875,163,372,98,1508,40,0,40,1548
02/06/2000,LAS,NV,AWP,WE,Combined TRACON& Tower with Radar,876,96,263,49,1284,45,53,38,30,166,921,149,301,79,1450,44,0,44,1494
02/07/2000,LAS,NV,AWP,WE,Combined TRACON& Tower with Radar,868,95,244,49,1256,76,69,0,11,156,944,164,244,60,1412,22,0,22,1434
02/08/2000,LAS,NV,AWP,WE,Combined TRACON& Tower with Radar,911,100,274,49,1334,0,107,72,0,179,911,207,346,49,1513,20,0,20,1533
02/09/2000,LAS,NV,AWP,WE,Combined TRACON& Tower with Radar,893,102,280,52,1327,0,180,59,42,281,893,282,339,94,1608,24,0,24,1632
02/10/2000,LAS,NV,AWP,WE,Combined TRACON& Tower with Radar,967,106,291,54,1418,14,84,32,27,157,981,190,323,81,1575,28,0,28,1603
02/11/2000,LAS,NV,AWP,WE,Combined TRACON& Tower with Radar,967,110,300,55,1432,0,54,118,47,219,967,164,418,102,1651,16,0,16,1667
02/12/2000,LAS,NV,AWP,WE,Combined TRACON& Tower with Radar,799,88,212,44,1143,76,62,0,25,163,875,150,212,69,1306,28,0,28,1334
02/13/2000,LAS,NV,AWP,WE,Combined TRACON& Tower with Radar,904,103,282,51,1340,0,88,50,36,174,904,191,332,87,1514,16,0,16,1530
02/14/2000,LAS,NV,AWP,WE,Combined TRACON& Tower with Radar,921,101,240,52,1314,84,54,0,21,159,1005,155,240,73,1473,17,0,17,1490
02/15/2000,LAS,NV,AWP,WE,Combined TRACON& Tower with Radar,916,103,282,52,1353,0,78,73,10,161,916,181,355,62,1514,16,0,16,1530
02/16/2000,LAS,NV,AWP,WE,Combined TRACON& Tower with Radar,889,98,268,50,1305,0,45,6,69,120,889,143,274,119,1425,52,0,52,1477
02/17/2000,LAS,NV,AWP,WE,Combined TRACON& Tower with Radar,962,112,310,57,1441,0,194,1,7,202,962,306,311,64,1643,18,0,18,1661
02/18/2000,LAS,NV,AWP,WE,Combined TRACON& Tower with Radar,914,105,291,54,1364,0,67,145,42,254,914,172,436,96,1618,26,0,26,1644
02/19/2000,LAS,NV,AWP,WE,Combined TRACON& Tower with Radar,886,98,272,50,1306,0,69,76,48,193,886,167,348,98,1499,24,0,24,1523
02/20/2000,LAS,NV,AWP,WE,Combined TRACON& Tower with Radar,845,92,228,47,1212,66,34,0,47,147,911,126,228,94,1359,11,0,11,1370
02/21/2000,LAS,NV,AWP,WE,Combined TRACON& Tower with Radar,904,89,259,51,1303,48,0,0,29,77,952,89,259,80,1380,0,0,0,1380
02/22/2000,LAS,NV,AWP,WE,Combined TRACON& Tower with Radar,903,98,272,50,1323,83,98,24,18,223,986,196,296,68,1546,38,0,38,1584
02/23/2000,LAS,NV,AWP,WE,Combined TRACON& Tower with Radar,862,94,248,47,1251,63,75,0,21,159,925,169,248,68,1410,0,0,0,1410
02/24/2000,LAS,NV,AWP,WE,Combined TRACON& Tower with Radar,946,103,285,52,1386,32,50,45,23,150,978,153,330,75,1536,0,0,0,1536
02/25/2000,LAS,NV,AWP,WE,Combined TRACON& Tower with Radar,972,110,305,56,1443,0,136,77,55,268,972,246,382,111,1711,0,0,0,1711
02/26/2000,LAS,NV,AWP,WE,Combined TRACON& Tower with Radar,886,98,273,50,1307,0,100,86,14,200,886,198,359,64,1507,2,0,2,1509
02/27/2000,LAS,NV,AWP,WE,Combined TRACON& Tower with Radar,889,98,267,49,1303,47,47,38,23,155,936,145,305,72,1458,0,0,0,1458
02/28/2000,LAS,NV,AWP,WE,Combined TRACON& Tower with Radar,924,101,277,52,1354,66,69,7,13,155,990,170,284,65,1509,0,0,0,1509
02/29/2000,LAS,NV,AWP,WE,Combined TRACON& Tower with Radar,851,93,234,48,1226,73,84,0,9,166,924,177,234,57,1392,0,0,0,1392
03/01/2000,LAS,NV,AWP,WE,Combined TRACON& Tower with Radar,815,98,251,48,1212,94,81,0,11,186,909,179,251,59,1398,4,0,4,1402
03/02/2000,LAS,NV,AWP,WE,Combined TRACON& Tower with Radar,964,117,315,56,1452,57,77,36,32,202,1021,194,351,88,1654,2,0,2,1656
03/03/2000,LAS,NV,AWP,WE,Combined TRACON& Tower with Radar,973,124,338,60,1495,0,112,162,64,338,973,236,500,124,1833,1,0,1,1834
03/04/2000,LAS,NV,AWP,WE,Combined TRACON& Tower with Radar,886,107,291,52,1336,35,110,65,30,240,921,217,356,82,1576,0,0,0,1576
03/05/2000,LAS,NV,AWP,WE,Combined TRACON& Tower with Radar,868,129,350,62,1409,0,945,211,17,1173,868,1074,561,79,2582,0,0,0,2582
03/06/2000,LAS,NV,AWP,WE,Combined TRACON& Tower with Radar,886,107,290,52,1335,90,49,3,34,176,976,156,293,86,1511,0,0,0,1511
03/07/2000,LAS,NV,AWP,WE,Combined TRACON& Tower with Radar,850,102,270,50,1272,84,87,0,28,199,934,189,270,78,1471,0,0,0,1471
03/08/2000,LAS,NV,AWP,WE,Combined TRACON& Tower with Radar,892,108,292,53,1345,1,102,6,37,146,893,210,298,90,1491,0,0,0,1491
03/09/2000,LAS,NV,AWP,WE,Combined TRACON& Tower with Radar,980,120,326,58,1484,0,77,88,23,188,980,197,414,81,1672,6,0,6,1678
03/10/2000,LAS,NV,AWP,WE,Combined TRACON& Tower with Radar,963,119,323,58,1463,0,111,109,41,261,963,230,432,99,1724,0,0,0,1724
03/11/2000,LAS,NV,AWP,WE,Combined TRACON& Tower with Radar,869,104,285,51,1309,52,87,45,30,214,921,191,330,81,1523,0,0,0,1523
03/12/2000,LAS,NV,AWP,WE,Combined TRACON& Tower with Radar,897,109,294,52,1352,33,49,54,46,182,930,158,348,98,1534,0,0,0,1534
03/13/2000,LAS,NV,AWP,WE,Combined TRACON& Tower with Radar,899,108,289,53,1349,57,67,0,57,181,956,175,289,110,1530,0,0,0,1530
03/14/2000,LAS,NV,AWP,WE,Combined TRACON& Tower with Radar,904,109,296,53,1362,38,132,12,17,199,942,241,308,70,1561,0,0,0,1561
03/15/2000,LAS,NV,AWP,WE,Combined TRACON& Tower with Radar,919,115,311,55,1400,0,174,69,11,254,919,289,380,66,1654,4,0,4,1658
03/16/2000,LAS,NV,AWP,WE,Combined TRACON& Tower with Radar,996,121,326,57,1500,15,109,41,42,207,1011,230,367,99,1707,0,0,0,1707
03/17/2000,LAS,NV,AWP,WE,Combined TRACON& Tower with Radar,1007,122,330,58,1517,0,84,68,44,196,1007,206,398,102,1713,0,0,0,1713
03/18/2000,LAS,NV,AWP,WE,Combined TRACON& Tower with Radar,879,106,288,50,1323,0,111,72,21,204,879,217,360,71,1527,0,0,0,1527
03/19/2000,LAS,NV,AWP,WE,Combined TRACON& Tower with Radar,950,120,323,57,1450,0,19,149,47,215,950,139,472,104,1665,2,0,2,1667
03/20/2000,LAS,NV,AWP,WE,Combined TRACON& Tower with Radar,856,103,186,49,1194,121,113,0,20,254,977,216,186,69,1448,0,0,0,1448
03/21/2000,LAS,NV,AWP,WE,Combined TRACON& Tower with Radar,878,106,287,50,1321,58,80,33,14,185,936,186,320,64,1506,0,0,0,1506
03/22/2000,LAS,NV,AWP,WE,Combined TRACON& Tower with Radar,919,110,300,53,1382,8,99,53,32,192,927,209,353,85,1574,2,0,2,1576
03/23/2000,LAS,NV,AWP,WE,Combined TRACON& Tower with Radar,988,119,322,57,1486,17,111,38,54,220,1005,230,360,111,1706,4,0,4,1710
03/24/2000,LAS,NV,AWP,WE,Combined TRACON& Tower with Radar,994,126,340,60,1520,0,129,101,55,285,994,255,441,115,1805,0,0,0,1805
03/25/2000,LAS,NV,AWP,WE,Combined TRACON& Tower with Radar,848,102,277,48,1275,47,111,27,18,203,895,213,304,66,1478,0,0,0,1478
03/26/2000,LAS,NV,AWP,WE,Combined TRACON& Tower with Radar,929,112,303,53,1397,3,89,86,39,217,932,201,389,92,1614,0,0,0,1614
03/27/2000,LAS,NV,AWP,WE,Combined TRACON& Tower with Radar,962,117,316,56,1451,0,121,34,30,185,962,238,350,86,1636,0,0,0,1636
03/28/2000,LAS,NV,AWP,WE,Combined TRACON& Tower with Radar,919,111,300,53,1383,4,129,15,22,170,923,240,315,75,1553,2,0,2,1555
03/29/2000,LAS,NV,AWP,WE,Combined TRACON& Tower with Radar,909,110,297,52,1368,3,134,83,32,252,912,244,380,84,1620,4,0,4,1624
03/30/2000,LAS,NV,AWP,WE,Combined TRACON& Tower with Radar,998,120,326,57,1501,19,118,6,49,192,1017,238,332,106,1693,4,0,4,1697
03/31/2000,LAS,NV,AWP,WE,Combined TRACON& Tower with Radar,923,112,301,53,1389,41,101,12,37,191,964,213,313,90,1580,0,0,0,1580
04/01/2000,LAS,NV,AWP,WE,Combined TRACON& Tower with Radar,864,83,233,55,1235,37,148,0,24,209,901,231,233,79,1444,2,0,2,1446
04/02/2000,LAS,NV,AWP,WE,Combined TRACON& Tower with Radar,969,95,261,61,1386,4,87,66,56,213,973,182,327,117,1599,0,0,0,1599
04/03/2000,LAS,NV,AWP,WE,Combined TRACON& Tower with Radar,955,93,257,61,1366,23,113,51,10,197,978,206,308,71,1563,0,0,0,1563
04/04/2000,LAS,NV,AWP,WE,Combined TRACON& Tower with Radar,952,96,265,62,1375,0,169,96,7,272,952,265,361,69,1647,2,0,2,1649
04/05/2000,LAS,NV,AWP,WE,Combined TRACON& Tower with Radar,916,92,253,59,1320,0,197,105,19,321,916,289,358,78,1641,0,0,0,1641
04/06/2000,LAS,NV,AWP,WE,Combined TRACON& Tower with Radar,992,100,278,65,1435,0,149,68,32,249,992,249,346,97,1684,0,0,0,1684
04/07/2000,LAS,NV,AWP,WE,Combined TRACON& Tower with Radar,956,92,259,61,1368,19,149,64,42,274,975,241,323,103,1642,0,0,0,1642
04/08/2000,LAS,NV,AWP,WE,Combined TRACON& Tower with Radar,825,81,223,52,1181,53,124,86,55,318,878,205,309,107,1499,0,0,0,1499
04/09/2000,LAS,NV,AWP,WE,Combined TRACON& Tower with Radar,935,92,257,60,1344,0,105,162,44,311,935,197,419,104,1655,0,0,0,1655
04/10/2000,LAS,NV,AWP,WE,Combined TRACON& Tower with Radar,928,90,251,59,1328,42,94,3,31,170,970,184,254,90,1498,0,0,0,1498
04/11/2000,LAS,NV,AWP,WE,Combined TRACON& Tower with Radar,922,90,250,58,1320,0,141,91,18,250,922,231,341,76,1570,0,0,0,1570
04/12/2000,LAS,NV,AWP,WE,Combined TRACON& Tower with Radar,892,87,241,57,1277,18,139,150,31,338,910,226,391,88,1615,0,0,0,1615
04/13/2000,LAS,NV,AWP,WE,Combined TRACON& Tower with Radar,954,93,258,61,1366,22,104,69,54,249,976,197,327,115,1615,0,0,0,1615
04/14/2000,LAS,NV,AWP,WE,Combined TRACON& Tower with Radar,966,95,263,62,1386,0,141,91,54,286,966,236,354,116,1672,0,0,0,1672
04/15/2000,LAS,NV,AWP,WE,Combined TRACON& Tower with Radar,813,78,220,52,1163,60,100,103,39,302,873,178,323,91,1465,0,0,0,1465
04/16/2000,LAS,NV,AWP,WE,Combined TRACON& Tower with Radar,973,95,265,61,1394,0,71,188,44,303,973,166,453,105,1697,2,0,2,1699
04/17/2000,LAS,NV,AWP,WE,Combined TRACON& Tower with Radar,880,84,231,55,1250,81,152,0,14,247,961,236,231,69,1497,0,0,0,1497
04/18/2000,LAS,NV,AWP,WE,Combined TRACON& Tower with Radar,857,82,206,53,1198,61,143,0,35,239,918,225,206,88,1437,0,0,0,1437
04/19/2000,LAS,NV,AWP,WE,Combined TRACON& Tower with Radar,897,86,242,56,1281,38,180,87,36,341,935,266,329,92,1622,0,0,0,1622
04/20/2000,LAS,NV,AWP,WE,Combined TRACON& Tower with Radar,955,92,258,60,1365,21,166,162,72,421,976,258,420,132,1786,0,0,0,1786
04/21/2000,LAS,NV,AWP,WE,Combined TRACON& Tower with Radar,963,93,260,60,1376,38,134,94,58,324,1001,227,354,118,1700,6,0,6,1706
04/22/2000,LAS,NV,AWP,WE,Combined TRACON& Tower with Radar,837,80,226,52,1195,47,154,110,57,368,884,234,336,109,1563,0,0,0,1563
04/23/2000,LAS,NV,AWP,WE,Combined TRACON& Tower with Radar,930,91,255,59,1335,0,80,164,37,281,930,171,419,96,1616,4,0,4,1620
04/24/2000,LAS,NV,AWP,WE,Combined TRACON& Tower with Radar,870,85,234,54,1243,102,143,76,38,359,972,228,310,92,1602,2,0,2,1604
04/25/2000,LAS,NV,AWP,WE,Combined TRACON& Tower with Radar,844,82,227,52,1205,96,174,20,30,320,940,256,247,82,1525,0,0,0,1525
04/26/2000,LAS,NV,AWP,WE,Combined TRACON& Tower with Radar,830,80,216,52,1178,59,38,0,4,101,889,118,216,56,1279,237,0,237,1516
04/27/2000,LAS,NV,AWP,WE,Combined TRACON& Tower with Radar,940,89,255,59,1343,0,0,74,23,97,940,89,329,82,1440,247,0,247,1687
04/28/2000,LAS,NV,AWP,WE,Combined TRACON& Tower with Radar,957,95,261,60,1373,0,12,92,8,112,957,107,353,68,1485,301,0,301,1786
04/29/2000,LAS,NV,AWP,WE,Combined TRACON& Tower with Radar,823,80,221,44,1168,31,42,18,0,91,854,122,239,44,1259,230,0,230,1489
04/30/2000,LAS,NV,AWP,WE,Combined TRACON& Tower with Radar,892,90,248,58,1288,0,56,98,17,171,892,146,346,75,1459,197,0,197,1656
05/01/2000,LAS,NV,AWP,WE,Combined TRACON& Tower with Radar,937,98,247,55,1337,0,32,42,34,108,937,130,289,89,1445,0,0,0,1445
05/02/2000,LAS,NV,AWP,WE,Combined TRACON& Tower with Radar,877,88,221,43,1229,18,33,21,0,72,895,121,242,43,1301,0,0,0,1301
05/03/2000,LAS,NV,AWP,WE,Combined TRACON& Tower with Radar,878,88,222,44,1232,23,22,59,0,104,901,110,281,44,1336,0,0,0,1336
05/04/2000,LAS,NV,AWP,WE,Combined TRACON& Tower with Radar,908,95,238,54,1295,0,24,82,21,127,908,119,320,75,1422,0,0,0,1422
05/05/2000,LAS,NV,AWP,WE,Combined TRACON& Tower with Radar,958,101,253,58,1370,0,30,77,54,161,958,131,330,112,1531,0,0,0,1531
05/06/2000,LAS,NV,AWP,WE,Combined TRACON& Tower with Radar,829,69,209,47,1154,12,0,74,0,86,841,69,283,47,1240,0,0,0,1240
05/07/2000,LAS,NV,AWP,WE,Combined TRACON& Tower with Radar,866,68,235,53,1222,0,0,122,40,162,866,68,357,93,1384,0,0,0,1384
05/08/2000,LAS,NV,AWP,WE,Combined TRACON& Tower with Radar,916,92,226,52,1286,27,20,0,7,54,943,112,226,59,1340,0,0,0,1340
05/09/2000,LAS,NV,AWP,WE,Combined TRACON& Tower with Radar,873,88,220,47,1228,9,9,61,0,79,882,97,281,47,1307,0,0,0,1307
05/10/2000,LAS,NV,AWP,WE,Combined TRACON& Tower with Radar,886,89,224,41,1240,27,19,3,0,49,913,108,227,41,1289,2,0,2,1291
05/11/2000,LAS,NV,AWP,WE,Combined TRACON& Tower with Radar,948,98,246,55,1347,0,57,34,22,113,948,155,280,77,1460,0,0,0,1460
05/12/2000,LAS,NV,AWP,WE,Combined TRACON& Tower with Radar,921,99,248,55,1323,0,65,106,13,184,921,164,354,68,1507,0,0,0,1507
05/13/2000,LAS,NV,AWP,WE,Combined TRACON& Tower with Radar,805,80,204,36,1125,39,7,55,0,101,844,87,259,36,1226,0,0,0,1226
05/14/2000,LAS,NV,AWP,WE,Combined TRACON& Tower with Radar,854,56,216,48,1174,22,0,58,15,95,876,56,274,63,1269,0,0,0,1269
05/15/2000,LAS,NV,AWP,WE,Combined TRACON& Tower with Radar,902,91,205,50,1248,43,9,0,13,65,945,100,205,63,1313,2,0,2,1315
05/16/2000,LAS,NV,AWP,WE,Combined TRACON& Tower with Radar,867,87,205,39,1198,37,51,0,0,88,904,138,205,39,1286,0,0,0,1286
05/17/2000,LAS,NV,AWP,WE,Combined TRACON& Tower with Radar,863,87,219,48,1217,33,42,21,2,98,896,129,240,50,1315,0,0,0,1315
05/18/2000,LAS,NV,AWP,WE,Combined TRACON& Tower with Radar,934,97,246,54,1331,0,61,76,19,156,934,158,322,73,1487,0,0,0,1487
05/19/2000,LAS,NV,AWP,WE,Combined TRACON& Tower with Radar,928,94,240,53,1315,0,14,83,5,102,928,108,323,58,1417,0,0,0,1417
05/20/2000,LAS,NV,AWP,WE,Combined TRACON& Tower with Radar,825,81,209,40,1155,21,14,51,0,86,846,95,260,40,1241,0,0,0,1241
05/21/2000,LAS,NV,AWP,WE,Combined TRACON& Tower with Radar,858,94,239,52,1243,0,13,131,26,170,858,107,370,78,1413,0,0,0,1413
05/22/2000,LAS,NV,AWP,WE,Combined TRACON& Tower with Radar,925,94,238,52,1309,0,21,37,10,68,925,115,275,62,1377,0,0,0,1377
05/23/2000,LAS,NV,AWP,WE,Combined TRACON& Tower with Radar,897,89,228,44,1258,0,16,66,0,82,897,105,294,44,1340,2,0,2,1342
05/24/2000,LAS,NV,AWP,WE,Combined TRACON& Tower with Radar,929,96,243,48,1316,0,55,44,0,99,929,151,287,48,1415,0,0,0,1415
05/25/2000,LAS,NV,AWP,WE,Combined TRACON& Tower with Radar,986,102,258,40,1386,0,28,98,0,126,986,130,356,40,1512,4,0,4,1516
05/26/2000,LAS,NV,AWP,WE,Combined TRACON& Tower with Radar,968,98,246,44,1356,0,9,121,0,130,968,107,367,44,1486,0,0,0,1486
05/27/2000,LAS,NV,AWP,WE,Combined TRACON& Tower with Radar,840,84,211,26,1161,36,5,49,0,90,876,89,260,26,1251,0,0,0,1251
05/28/2000,LAS,NV,AWP,WE,Combined TRACON& Tower with Radar,817,82,206,25,1130,57,0,25,0,82,874,82,231,25,1212,0,0,0,1212
05/29/2000,LAS,NV,AWP,WE,Combined TRACON& Tower with Radar,923,87,233,42,1285,5,0,76,0,81,928,87,309,42,1366,0,0,0,1366
05/30/2000,LAS,NV,AWP,WE,Combined TRACON& Tower with Radar,858,83,200,25,1166,85,0,0,0,85,943,83,200,25,1251,2,0,2,1253
05/31/2000,LAS,NV,AWP,WE,Combined TRACON& Tower with Radar,892,90,225,29,1236,53,15,48,0,116,945,105,273,29,1352,0,0,0,1352
06/01/2000,LAS,NV,AWP,WE,Combined TRACON& Tower with Radar,997,85,224,34,1340,13,16,56,4,89,1010,101,280,38,1429,0,0,0,1429
06/02/2000,LAS,NV,AWP,WE,Combined TRACON& Tower with Radar,945,83,217,32,1277,0,21,98,0,119,945,104,315,32,1396,0,0,0,1396
06/03/2000,LAS,NV,AWP,WE,Combined TRACON& Tower with Radar,853,69,190,24,1136,25,0,66,0,91,878,69,256,24,1227,0,0,0,1227
06/04/2000,LAS,NV,AWP,WE,Combined TRACON& Tower with Radar,904,60,203,29,1196,0,0,99,4,103,904,60,302,33,1299,0,0,0,1299
06/05/2000,LAS,NV,AWP,WE,Combined TRACON& Tower with Radar,931,81,208,25,1245,43,20,26,0,89,974,101,234,25,1334,0,0,0,1334
06/06/2000,LAS,NV,AWP,WE,Combined TRACON& Tower with Radar,907,79,204,30,1220,0,19,33,5,57,907,98,237,35,1277,0,0,0,1277
06/07/2000,LAS,NV,AWP,WE,Combined TRACON& Tower with Radar,948,82,212,28,1270,0,65,14,0,79,948,147,226,28,1349,0,0,0,1349
06/08/2000,LAS,NV,AWP,WE,Combined TRACON& Tower with Radar,989,86,221,32,1328,13,56,12,7,88,1002,142,233,39,1416,0,0,0,1416
06/09/2000,LAS,NV,AWP,WE,Combined TRACON& Tower with Radar,960,90,233,35,1318,0,51,138,18,207,960,141,371,53,1525,0,0,0,1525
06/10/2000,LAS,NV,AWP,WE,Combined TRACON& Tower with Radar,834,70,186,22,1112,12,0,77,0,89,846,70,263,22,1201,0,0,0,1201
06/11/2000,LAS,NV,AWP,WE,Combined TRACON& Tower with Radar,891,63,207,31,1192,0,0,135,13,148,891,63,342,44,1340,0,0,0,1340
06/12/2000,LAS,NV,AWP,WE,Combined TRACON& Tower with Radar,932,81,208,31,1252,59,16,13,5,93,991,97,221,36,1345,0,0,0,1345
06/13/2000,LAS,NV,AWP,WE,Combined TRACON& Tower with Radar,902,79,204,30,1215,0,36,32,8,76,902,115,236,38,1291,4,0,4,1295
06/14/2000,LAS,NV,AWP,WE,Combined TRACON& Tower with Radar,866,76,197,29,1168,0,18,65,16,99,866,94,262,45,1267,0,0,0,1267
06/15/2000,LAS,NV,AWP,WE,Combined TRACON& Tower with Radar,994,86,223,33,1336,0,0,49,28,77,994,86,272,61,1413,0,0,0,1413
06/16/2000,LAS,NV,AWP,WE,Combined TRACON& Tower with Radar,955,86,222,32,1295,0,23,87,12,122,955,109,309,44,1417,0,0,0,1417
06/17/2000,LAS,NV,AWP,WE,Combined TRACON& Tower with Radar,855,73,192,19,1139,29,18,37,0,84,884,91,229,19,1223,0,0,0,1223
06/18/2000,LAS,NV,AWP,WE,Combined TRACON& Tower with Radar,918,79,208,29,1234,0,18,82,0,100,918,97,290,29,1334,0,0,0,1334
06/19/2000,LAS,NV,AWP,WE,Combined TRACON& Tower with Radar,955,82,214,26,1277,17,22,38,0,77,972,104,252,26,1354,0,0,0,1354
06/20/2000,LAS,NV,AWP,WE,Combined TRACON& Tower with Radar,918,81,213,29,1241,0,37,76,0,113,918,118,289,29,1354,0,0,0,1354
06/21/2000,LAS,NV,AWP,WE,Combined TRACON& Tower with Radar,956,82,215,23,1276,6,24,43,0,73,962,106,258,23,1349,2,0,2,1351
06/22/2000,LAS,NV,AWP,WE,Combined TRACON& Tower with Radar,956,82,215,31,1284,29,17,27,7,80,985,99,242,38,1364,2,0,2,1366
06/23/2000,LAS,NV,AWP,WE,Combined TRACON& Tower with Radar,991,84,221,32,1328,8,10,66,9,93,999,94,287,41,1421,2,0,2,1423
06/24/2000,LAS,NV,AWP,WE,Combined TRACON& Tower with Radar,886,76,200,30,1192,0,42,32,5,79,886,118,232,35,1271,0,0,0,1271
06/25/2000,LAS,NV,AWP,WE,Combined TRACON& Tower with Radar,909,80,212,32,1233,0,0,102,6,108,909,80,314,38,1341,0,0,0,1341
06/26/2000,LAS,NV,AWP,WE,Combined TRACON& Tower with Radar,934,80,210,30,1254,56,9,1,0,66,990,89,211,30,1320,0,0,0,1320
06/27/2000,LAS,NV,AWP,WE,Combined TRACON& Tower with Radar,909,78,204,24,1215,38,7,40,0,85,947,85,244,24,1300,0,0,0,1300
06/28/2000,LAS,NV,AWP,WE,Combined TRACON& Tower with Radar,921,79,207,16,1223,2,30,59,0,91,923,109,266,16,1314,4,0,4,1318
06/29/2000,LAS,NV,AWP,WE,Combined TRACON& Tower with Radar,991,86,225,34,1336,0,1,113,0,114,991,87,338,34,1450,4,0,4,1454
06/30/2000,LAS,NV,AWP,WE,Combined TRACON& Tower with Radar,1002,86,225,31,1344,0,3,96,0,99,1002,89,321,31,1443,0,0,0,1443
07/01/2000,LAS,NV,AWP,WE,Combined TRACON& Tower with Radar,853,62,171,17,1103,8,18,63,0,89,861,80,234,17,1192,0,0,0,1192
07/02/2000,LAS,NV,AWP,WE,Combined TRACON& Tower with Radar,821,60,164,31,1076,29,15,38,2,84,850,75,202,33,1160,0,0,0,1160
07/03/2000,LAS,NV,AWP,WE,Combined TRACON& Tower with Radar,835,61,167,20,1083,23,17,25,0,65,858,78,192,20,1148,0,0,0,1148
07/04/2000,LAS,NV,AWP,WE,Combined TRACON& Tower with Radar,761,56,152,21,990,34,14,28,0,76,795,70,180,21,1066,0,0,0,1066
07/05/2000,LAS,NV,AWP,WE,Combined TRACON& Tower with Radar,880,64,177,26,1147,0,25,31,0,56,880,89,208,26,1203,0,0,0,1203
07/06/2000,LAS,NV,AWP,WE,Combined TRACON& Tower with Radar,966,69,194,31,1260,20,18,77,0,115,986,87,271,31,1375,0,0,0,1375
07/07/2000,LAS,NV,AWP,WE,Combined TRACON& Tower with Radar,954,68,195,35,1252,0,0,89,3,92,954,68,284,38,1344,0,0,0,1344
07/08/2000,LAS,NV,AWP,WE,Combined TRACON& Tower with Radar,832,60,167,30,1089,33,2,53,6,94,865,62,220,36,1183,6,0,6,1189
07/09/2000,LAS,NV,AWP,WE,Combined TRACON& Tower with Radar,884,65,177,32,1158,1,10,56,14,81,885,75,233,46,1239,6,0,6,1245
07/10/2000,LAS,NV,AWP,WE,Combined TRACON& Tower with Radar,898,66,174,24,1162,48,33,0,0,81,946,99,174,24,1243,0,0,0,1243
07/11/2000,LAS,NV,AWP,WE,Combined TRACON& Tower with Radar,890,65,179,24,1158,7,30,50,0,87,897,95,229,24,1245,0,0,0,1245
07/12/2000,LAS,NV,AWP,WE,Combined TRACON& Tower with Radar,871,64,175,31,1141,12,33,50,2,97,883,97,225,33,1238,0,0,0,1238
07/13/2000,LAS,NV,AWP,WE,Combined TRACON& Tower with Radar,973,69,196,35,1273,8,0,76,0,84,981,69,272,35,1357,0,0,0,1357
07/14/2000,LAS,NV,AWP,WE,Combined TRACON& Tower with Radar,925,69,190,35,1219,0,18,58,15,91,925,87,248,50,1310,0,0,0,1310
07/15/2000,LAS,NV,AWP,WE,Combined TRACON& Tower with Radar,845,62,170,22,1099,17,1,101,0,119,862,63,271,22,1218,0,0,0,1218
07/16/2000,LAS,NV,AWP,WE,Combined TRACON& Tower with Radar,886,61,185,33,1165,0,0,131,4,135,886,61,316,37,1300,0,0,0,1300
07/17/2000,LAS,NV,AWP,WE,Combined TRACON& Tower with Radar,969,70,195,35,1269,8,5,43,3,59,977,75,238,38,1328,0,0,0,1328
07/18/2000,LAS,NV,AWP,WE,Combined TRACON& Tower with Radar,908,69,189,34,1200,0,49,52,1,102,908,118,241,35,1302,0,0,0,1302
07/19/2000,LAS,NV,AWP,WE,Combined TRACON& Tower with Radar,869,63,175,32,1139,12,35,55,15,117,881,98,230,47,1256,0,0,0,1256
07/20/2000,LAS,NV,AWP,WE,Combined TRACON& Tower with Radar,951,71,198,35,1255,0,68,63,11,142,951,139,261,46,1397,0,0,0,1397
07/21/2000,LAS,NV,AWP,WE,Combined TRACON& Tower with Radar,917,71,198,35,1221,0,33,139,25,197,917,104,337,60,1418,7,0,7,1425
07/22/2000,LAS,NV,AWP,WE,Combined TRACON& Tower with Radar,822,59,165,22,1068,34,7,47,0,88,856,66,212,22,1156,0,0,0,1156
07/23/2000,LAS,NV,AWP,WE,Combined TRACON& Tower with Radar,883,67,187,34,1171,0,9,85,13,107,883,76,272,47,1278,0,0,0,1278
07/24/2000,LAS,NV,AWP,WE,Combined TRACON& Tower with Radar,923,62,186,25,1196,25,0,55,0,80,948,62,241,25,1276,0,0,0,1276
07/25/2000,LAS,NV,AWP,WE,Combined TRACON& Tower with Radar,876,63,176,26,1141,16,27,31,0,74,892,90,207,26,1215,2,0,2,1217
07/26/2000,LAS,NV,AWP,WE,Combined TRACON& Tower with Radar,894,65,182,32,1173,0,49,35,12,96,894,114,217,44,1269,0,0,0,1269
07/27/2000,LAS,NV,AWP,WE,Combined TRACON& Tower with Radar,971,73,206,37,1287,0,31,85,21,137,971,104,291,58,1424,0,0,0,1424
07/28/2000,LAS,NV,AWP,WE,Combined TRACON& Tower with Radar,936,71,198,35,1240,0,13,113,25,151,936,84,311,60,1391,0,0,0,1391
07/29/2000,LAS,NV,AWP,WE,Combined TRACON& Tower with Radar,827,59,166,18,1070,31,13,43,0,87,858,72,209,18,1157,0,0,0,1157
07/30/2000,LAS,NV,AWP,WE,Combined TRACON& Tower with Radar,900,53,184,33,1170,0,0,89,8,97,900,53,273,41,1267,0,0,0,1267
07/31/2000,LAS,NV,AWP,WE,Combined TRACON& Tower with Radar,934,61,188,23,1206,50,0,31,0,81,984,61,219,23,1287,0,0,0,1287
08/01/2000,LAS,NV,AWP,WE,Combined TRACON& Tower with Radar,857,71,188,36,1152,65,0,0,0,65,922,71,188,36,1217,0,0,0,1217
08/02/2000,LAS,NV,AWP,WE,Combined TRACON& Tower with Radar,844,79,188,38,1149,41,9,0,0,50,885,88,188,38,1199,0,0,0,1199
08/03/2000,LAS,NV,AWP,WE,Combined TRACON& Tower with Radar,917,76,213,41,1247,55,0,0,0,55,972,76,213,41,1302,0,0,0,1302
08/04/2000,LAS,NV,AWP,WE,Combined TRACON& Tower with Radar,946,77,226,50,1299,1,0,43,0,44,947,77,269,50,1343,0,0,0,1343
08/05/2000,LAS,NV,AWP,WE,Combined TRACON& Tower with Radar,811,54,194,26,1085,39,0,26,0,65,850,54,220,26,1150,2,0,2,1152
08/06/2000,LAS,NV,AWP,WE,Combined TRACON& Tower with Radar,897,73,224,46,1240,0,0,91,0,91,897,73,315,46,1331,0,0,0,1331
08/07/2000,LAS,NV,AWP,WE,Combined TRACON& Tower with Radar,914,74,219,41,1248,47,0,3,0,50,961,74,222,41,1298,0,0,0,1298
08/08/2000,LAS,NV,AWP,WE,Combined TRACON& Tower with Radar,934,87,224,24,1269,4,11,43,0,58,938,98,267,24,1327,0,0,0,1327
08/09/2000,LAS,NV,AWP,WE,Combined TRACON& Tower with Radar,877,81,210,38,1206,28,5,6,0,39,905,86,216,38,1245,0,0,0,1245
08/10/2000,LAS,NV,AWP,WE,Combined TRACON& Tower with Radar,956,89,226,44,1315,23,20,0,0,43,979,109,226,44,1358,0,0,0,1358
08/11/2000,LAS,NV,AWP,WE,Combined TRACON& Tower with Radar,984,92,240,46,1362,0,0,64,0,64,984,92,304,46,1426,0,0,0,1426
08/12/2000,LAS,NV,AWP,WE,Combined TRACON& Tower with Radar,848,78,203,23,1152,23,8,19,0,50,871,86,222,23,1202,2,0,2,1204
08/13/2000,LAS,NV,AWP,WE,Combined TRACON& Tower with Radar,921,67,231,57,1276,0,0,93,0,93,921,67,324,57,1369,0,0,0,1369
08/14/2000,LAS,NV,AWP,WE,Combined TRACON& Tower with Radar,926,86,190,41,1243,70,2,0,0,72,996,88,190,41,1315,0,0,0,1315
08/15/2000,LAS,NV,AWP,WE,Combined TRACON& Tower with Radar,843,71,139,74,1127,36,0,0,34,70,879,71,139,108,1197,0,0,0,1197
08/16/2000,LAS,NV,AWP,WE,Combined TRACON& Tower with Radar,868,82,188,77,1215,0,14,0,13,27,868,96,188,90,1242,0,0,0,1242
08/17/2000,LAS,NV,AWP,WE,Combined TRACON& Tower with Radar,915,89,228,85,1317,0,3,0,44,47,915,92,228,129,1364,0,0,0,1364
08/18/2000,LAS,NV,AWP,WE,Combined TRACON& Tower with Radar,922,67,231,85,1305,0,0,16,55,71,922,67,247,140,1376,0,0,0,1376
08/19/2000,LAS,NV,AWP,WE,Combined TRACON& Tower with Radar,834,56,199,72,1161,4,0,7,9,20,838,56,206,81,1181,2,0,2,1183
08/20/2000,LAS,NV,AWP,WE,Combined TRACON& Tower with Radar,856,43,218,79,1196,0,0,52,45,97,856,43,270,124,1293,0,0,0,1293
08/21/2000,LAS,NV,AWP,WE,Combined TRACON& Tower with Radar,889,62,167,77,1195,43,0,0,22,65,932,62,167,99,1260,0,0,0,1260
08/22/2000,LAS,NV,AWP,WE,Combined TRACON& Tower with Radar,884,75,204,78,1241,0,0,0,30,30,884,75,204,108,1271,0,0,0,1271
08/23/2000,LAS,NV,AWP,WE,Combined TRACON& Tower with Radar,852,60,188,74,1174,34,0,0,1,35,886,60,188,75,1209,0,0,0,1209
08/24/2000,LAS,NV,AWP,WE,Combined TRACON& Tower with Radar,911,86,186,81,1264,0,0,0,60,60,911,86,186,141,1324,2,0,2,1326
08/25/2000,LAS,NV,AWP,WE,Combined TRACON& Tower with Radar,930,89,187,84,1290,0,8,0,68,76,930,97,187,152,1366,0,0,0,1366
08/26/2000,LAS,NV,AWP,WE,Combined TRACON& Tower with Radar,860,85,183,79,1207,0,64,0,19,83,860,149,183,98,1290,0,0,0,1290
08/27/2000,LAS,NV,AWP,WE,Combined TRACON& Tower with Radar,862,49,209,76,1196,0,0,14,31,45,862,49,223,107,1241,0,0,0,1241
08/28/2000,LAS,NV,AWP,WE,Combined TRACON& Tower with Radar,970,96,182,90,1338,0,58,0,75,133,970,154,182,165,1471,0,0,0,1471
08/29/2000,LAS,NV,AWP,WE,Combined TRACON& Tower with Radar,889,84,161,78,1212,0,37,0,28,65,889,121,161,106,1277,0,0,0,1277
08/30/2000,LAS,NV,AWP,WE,Combined TRACON& Tower with Radar,878,82,175,67,1202,0,45,0,0,45,878,127,175,67,1247,0,0,0,1247
08/31/2000,LAS,NV,AWP,WE,Combined TRACON& Tower with Radar,935,84,234,85,1338,0,0,9,42,51,935,84,243,127,1389,2,0,2,1391
09/01/2000,LAS,NV,AWP,WE,Combined TRACON& Tower with Radar,905,107,158,38,1208,0,27,108,30,165,905,134,266,68,1373,0,0,0,1373
09/02/2000,LAS,NV,AWP,WE,Combined TRACON& Tower with Radar,807,94,140,33,1074,41,5,73,2,121,848,99,213,35,1195,0,0,0,1195
09/03/2000,LAS,NV,AWP,WE,Combined TRACON& Tower with Radar,810,95,140,34,1079,35,1,84,0,120,845,96,224,34,1199,0,0,0,1199
09/04/2000,LAS,NV,AWP,WE,Combined TRACON& Tower with Radar,862,101,149,36,1148,4,0,90,4,98,866,101,239,40,1246,0,0,0,1246
09/05/2000,LAS,NV,AWP,WE,Combined TRACON& Tower with Radar,818,95,143,22,1078,60,0,17,0,77,878,95,160,22,1155,0,0,0,1155
09/06/2000,LAS,NV,AWP,WE,Combined TRACON& Tower with Radar,850,99,148,25,1122,35,2,41,0,78,885,101,189,25,1200,0,0,0,1200
09/07/2000,LAS,NV,AWP,WE,Combined TRACON& Tower with Radar,912,109,161,38,1220,0,53,61,0,114,912,162,222,38,1334,2,0,2,1336
09/08/2000,LAS,NV,AWP,WE,Combined TRACON& Tower with Radar,930,112,166,39,1247,0,22,85,13,120,930,134,251,52,1367,0,0,0,1367
09/09/2000,LAS,NV,AWP,WE,Combined TRACON& Tower with Radar,824,96,144,34,1098,15,18,80,3,116,839,114,224,37,1214,0,0,0,1214
09/10/2000,LAS,NV,AWP,WE,Combined TRACON& Tower with Radar,852,76,150,34,1112,0,0,132,17,149,852,76,282,51,1261,0,0,0,1261
09/11/2000,LAS,NV,AWP,WE,Combined TRACON& Tower with Radar,880,103,153,30,1166,36,5,23,0,64,916,108,176,30,1230,0,0,0,1230
09/12/2000,LAS,NV,AWP,WE,Combined TRACON& Tower with Radar,854,101,150,31,1136,0,29,47,0,76,854,130,197,31,1212,0,0,0,1212
09/13/2000,LAS,NV,AWP,WE,Combined TRACON& Tower with Radar,872,104,155,35,1166,0,45,70,9,124,872,149,225,44,1290,0,0,0,1290
09/14/2000,LAS,NV,AWP,WE,Combined TRACON& Tower with Radar,933,111,165,38,1247,0,37,71,9,117,933,148,236,47,1364,0,0,0,1364
09/15/2000,LAS,NV,AWP,WE,Combined TRACON& Tower with Radar,948,119,177,41,1285,0,42,129,17,188,948,161,306,58,1473,12,0,12,1485
09/16/2000,LAS,NV,AWP,WE,Combined TRACON& Tower with Radar,836,98,146,25,1105,0,20,85,0,105,836,118,231,25,1210,0,0,0,1210
09/17/2000,LAS,NV,AWP,WE,Combined TRACON& Tower with Radar,863,105,157,36,1161,0,19,148,19,186,863,124,305,55,1347,0,0,0,1347
09/18/2000,LAS,NV,AWP,WE,Combined TRACON& Tower with Radar,928,109,163,38,1238,0,50,51,6,107,928,159,214,44,1345,0,0,0,1345
09/19/2000,LAS,NV,AWP,WE,Combined TRACON& Tower with Radar,888,103,155,35,1181,0,23,56,0,79,888,126,211,35,1260,0,0,0,1260
09/20/2000,LAS,NV,AWP,WE,Combined TRACON& Tower with Radar,863,103,152,31,1149,0,34,78,0,112,863,137,230,31,1261,0,0,0,1261
09/21/2000,LAS,NV,AWP,WE,Combined TRACON& Tower with Radar,917,110,163,38,1228,0,37,84,0,121,917,147,247,38,1349,0,0,0,1349
09/22/2000,LAS,NV,AWP,WE,Combined TRACON& Tower with Radar,927,112,165,38,1242,0,47,57,14,118,927,159,222,52,1360,0,0,0,1360
09/23/2000,LAS,NV,AWP,WE,Combined TRACON& Tower with Radar,816,95,141,33,1085,39,23,31,8,101,855,118,172,41,1186,0,0,0,1186
09/24/2000,LAS,NV,AWP,WE,Combined TRACON& Tower with Radar,842,98,145,34,1119,15,9,76,1,101,857,107,221,35,1220,0,0,0,1220
09/25/2000,LAS,NV,AWP,WE,Combined TRACON& Tower with Radar,919,107,159,37,1222,15,11,52,0,78,934,118,211,37,1300,0,0,0,1300
09/26/2000,LAS,NV,AWP,WE,Combined TRACON& Tower with Radar,869,102,150,22,1143,28,30,51,0,109,897,132,201,22,1252,0,0,0,1252
09/27/2000,LAS,NV,AWP,WE,Combined TRACON& Tower with Radar,869,101,150,35,1155,3,6,83,3,95,872,107,233,38,1250,0,0,0,1250
09/28/2000,LAS,NV,AWP,WE,Combined TRACON& Tower with Radar,944,111,163,37,1255,14,13,75,0,102,958,124,238,37,1357,0,0,0,1357
09/29/2000,LAS,NV,AWP,WE,Combined TRACON& Tower with Radar,934,109,163,38,1244,0,10,118,9,137,934,119,281,47,1381,0,0,0,1381
09/30/2000,LAS,NV,AWP,WE,Combined TRACON& Tower with Radar,807,95,139,32,1073,33,4,75,1,113,840,99,214,33,1186,0,0,0,1186
10/01/2000,LAS,NV,AWP,WE,Combined TRACON& Tower with Radar,844,90,160,33,1127,0,4,114,0,118,844,94,274,33,1245,0,0,0,1245
10/02/2000,LAS,NV,AWP,WE,Combined TRACON& Tower with Radar,916,94,170,35,1215,31,1,20,6,58,947,95,190,41,1273,0,0,0,1273
10/03/2000,LAS,NV,AWP,WE,Combined TRACON& Tower with Radar,865,90,160,32,1147,12,17,37,0,66,877,107,197,32,1213,4,0,4,1217
10/04/2000,LAS,NV,AWP,WE,Combined TRACON& Tower with Radar,854,91,164,34,1143,0,77,53,8,138,854,168,217,42,1281,0,0,0,1281
10/05/2000,LAS,NV,AWP,WE,Combined TRACON& Tower with Radar,923,99,179,37,1238,0,24,100,18,142,923,123,279,55,1380,0,0,0,1380
10/06/2000,LAS,NV,AWP,WE,Combined TRACON& Tower with Radar,912,98,174,36,1220,0,45,58,22,125,912,143,232,58,1345,0,0,0,1345
10/07/2000,LAS,NV,AWP,WE,Combined TRACON& Tower with Radar,829,85,154,28,1096,38,17,32,0,87,867,102,186,28,1183,2,0,2,1185
10/08/2000,LAS,NV,AWP,WE,Combined TRACON& Tower with Radar,863,93,167,35,1158,0,8,117,5,130,863,101,284,40,1288,0,0,0,1288
10/09/2000,LAS,NV,AWP,WE,Combined TRACON& Tower with Radar,905,93,169,36,1203,0,30,33,7,70,905,123,202,43,1273,0,0,0,1273
10/10/2000,LAS,NV,AWP,WE,Combined TRACON& Tower with Radar,879,89,163,21,1152,14,18,21,0,53,893,107,184,21,1205,1,0,1,1206
10/11/2000,LAS,NV,AWP,WE,Combined TRACON& Tower with Radar,863,91,165,22,1141,0,36,82,0,118,863,127,247,22,1259,0,0,0,1259
10/12/2000,LAS,NV,AWP,WE,Combined TRACON& Tower with Radar,948,101,184,40,1273,0,58,67,1,126,948,159,251,41,1399,0,0,0,1399
10/13/2000,LAS,NV,AWP,WE,Combined TRACON& Tower with Radar,950,101,185,40,1276,0,32,125,12,169,950,133,310,52,1445,1,0,1,1446
10/14/2000,LAS,NV,AWP,WE,Combined TRACON& Tower with Radar,832,88,161,35,1116,0,27,103,9,139,832,115,264,44,1255,0,0,0,1255
10/15/2000,LAS,NV,AWP,WE,Combined TRACON& Tower with Radar,865,91,165,36,1157,0,12,107,24,143,865,103,272,60,1300,0,0,0,1300
10/16/2000,LAS,NV,AWP,WE,Combined TRACON& Tower with Radar,952,97,175,38,1262,29,186,54,24,293,981,283,229,62,1555,0,0,0,1555
10/17/2000,LAS,NV,AWP,WE,Combined TRACON& Tower with Radar,895,91,164,36,1186,21,206,47,15,289,916,297,211,51,1475,0,0,0,1475
10/18/2000,LAS,NV,AWP,WE,Combined TRACON& Tower with Radar,888,91,163,35,1177,16,199,103,0,318,904,290,266,35,1495,3,0,3,1498
10/19/2000,LAS,NV,AWP,WE,Combined TRACON& Tower with Radar,926,94,170,37,1227,10,233,111,22,376,936,327,281,59,1603,2,0,2,1605
10/20/2000,LAS,NV,AWP,WE,Combined TRACON& Tower with Radar,983,100,181,39,1303,11,183,93,39,326,994,283,274,78,1629,0,0,0,1629
10/21/2000,LAS,NV,AWP,WE,Combined TRACON& Tower with Radar,816,83,150,21,1070,85,210,27,0,322,901,293,177,21,1392,0,0,0,1392
10/22/2000,LAS,NV,AWP,WE,Combined TRACON& Tower with Radar,855,87,157,34,1133,10,27,54,5,96,865,114,211,39,1229,0,0,0,1229
10/23/2000,LAS,NV,AWP,WE,Combined TRACON& Tower with Radar,922,94,144,37,1197,79,98,0,1,178,1001,192,144,38,1375,0,0,0,1375
10/24/2000,LAS,NV,AWP,WE,Combined TRACON& Tower with Radar,859,88,158,34,1139,43,205,14,1,263,902,293,172,35,1402,3,0,3,1405
10/25/2000,LAS,NV,AWP,WE,Combined TRACON& Tower with Radar,887,90,163,34,1174,16,220,67,18,321,903,310,230,52,1495,0,0,0,1495
10/26/2000,LAS,NV,AWP,WE,Combined TRACON& Tower with Radar,951,97,175,37,1260,30,166,42,8,246,981,263,217,45,1506,0,0,0,1506
10/27/2000,LAS,NV,AWP,WE,Combined TRACON& Tower with Radar,911,93,167,35,1206,48,37,6,0,91,959,130,173,35,1297,0,0,0,1297
10/28/2000,LAS,NV,AWP,WE,Combined TRACON& Tower with Radar,824,84,151,32,1091,83,174,38,7,302,907,258,189,39,1393,0,0,0,1393
10/29/2000,LAS,NV,AWP,WE,Combined TRACON& Tower with Radar,968,99,180,37,1284,0,119,84,0,203,968,218,264,37,1487,0,0,0,1487
10/30/2000,LAS,NV,AWP,WE,Combined TRACON& Tower with Radar,900,92,165,35,1192,80,98,6,4,188,980,190,171,39,1380,0,0,0,1380
10/31/2000,LAS,NV,AWP,WE,Combined TRACON& Tower with Radar,893,91,164,35,1183,46,105,52,22,225,939,196,216,57,1408,0,0,0,1408
11/01/2000,LAS,NV,AWP,WE,Combined TRACON& Tower with Radar,918,74,209,39,1240,0,207,123,13,343,918,281,332,52,1583,0,0,0,1583
11/02/2000,LAS,NV,AWP,WE,Combined TRACON& Tower with Radar,972,76,212,40,1300,0,163,90,25,278,972,239,302,65,1578,0,0,0,1578
11/03/2000,LAS,NV,AWP,WE,Combined TRACON& Tower with Radar,981,74,208,39,1302,4,217,83,22,326,985,291,291,61,1628,0,0,0,1628
11/04/2000,LAS,NV,AWP,WE,Combined TRACON& Tower with Radar,827,62,175,33,1097,43,205,33,5,286,870,267,208,38,1383,0,0,0,1383
11/05/2000,LAS,NV,AWP,WE,Combined TRACON& Tower with Radar,956,72,203,38,1269,19,196,67,29,311,975,268,270,67,1580,2,0,2,1582
11/06/2000,LAS,NV,AWP,WE,Combined TRACON& Tower with Radar,911,69,181,36,1197,63,210,0,13,286,974,279,181,49,1483,0,0,0,1483
11/07/2000,LAS,NV,AWP,WE,Combined TRACON& Tower with Radar,866,65,180,35,1146,61,228,0,1,290,927,293,180,36,1436,0,0,0,1436
11/08/2000,LAS,NV,AWP,WE,Combined TRACON& Tower with Radar,900,68,192,36,1196,8,240,58,17,323,908,308,250,53,1519,0,0,0,1519
11/09/2000,LAS,NV,AWP,WE,Combined TRACON& Tower with Radar,1099,83,193,44,1419,38,222,0,28,288,1137,305,193,72,1707,0,0,0,1707
11/10/2000,LAS,NV,AWP,WE,Combined TRACON& Tower with Radar,969,74,209,38,1290,0,162,94,21,277,969,236,303,59,1567,0,0,0,1567
11/11/2000,LAS,NV,AWP,WE,Combined TRACON& Tower with Radar,878,66,187,34,1165,39,215,40,7,301,917,281,227,41,1466,0,0,0,1466
11/12/2000,LAS,NV,AWP,WE,Combined TRACON& Tower with Radar,968,78,221,40,1307,0,146,181,22,349,968,224,402,62,1656,0,0,0,1656
11/13/2000,LAS,NV,AWP,WE,Combined TRACON& Tower with Radar,1051,78,224,41,1394,9,119,76,9,213,1060,197,300,50,1607,6,0,6,1613
11/14/2000,LAS,NV,AWP,WE,Combined TRACON& Tower with Radar,923,69,199,36,1227,0,143,127,10,280,923,212,326,46,1507,0,0,0,1507
11/15/2000,LAS,NV,AWP,WE,Combined TRACON& Tower with Radar,967,75,214,39,1295,0,172,170,16,358,967,247,384,55,1653,0,0,0,1653
11/16/2000,LAS,NV,AWP,WE,Combined TRACON& Tower with Radar,1022,81,232,43,1378,0,133,224,21,378,1022,214,456,64,1756,0,0,0,1756
11/17/2000,LAS,NV,AWP,WE,Combined TRACON& Tower with Radar,986,79,225,41,1331,0,194,202,18,414,986,273,427,59,1745,0,0,0,1745
11/18/2000,LAS,NV,AWP,WE,Combined TRACON& Tower with Radar,849,63,181,33,1126,27,222,95,9,353,876,285,276,42,1479,0,0,0,1479
11/19/2000,LAS,NV,AWP,WE,Combined TRACON& Tower with Radar,948,71,202,31,1252,17,189,133,0,339,965,260,335,31,1591,0,0,0,1591
11/20/2000,LAS,NV,AWP,WE,Combined TRACON& Tower with Radar,929,69,198,32,1228,77,171,28,0,276,1006,240,226,32,1504,0,0,0,1504
11/21/2000,LAS,NV,AWP,WE,Combined TRACON& Tower with Radar,895,67,191,34,1187,33,158,35,5,231,928,225,226,39,1418,0,0,0,1418
11/22/2000,LAS,NV,AWP,WE,Combined TRACON& Tower with Radar,928,68,198,36,1230,25,219,63,9,316,953,287,261,45,1546,0,0,0,1546
11/23/2000,LAS,NV,AWP,WE,Combined TRACON& Tower with Radar,797,59,170,30,1056,84,124,6,2,216,881,183,176,32,1272,0,0,0,1272
11/24/2000,LAS,NV,AWP,WE,Combined TRACON& Tower with Radar,776,57,165,30,1028,42,205,89,1,337,818,262,254,31,1365,0,0,0,1365
11/25/2000,LAS,NV,AWP,WE,Combined TRACON& Tower with Radar,785,59,166,19,1029,35,164,76,0,275,820,223,242,19,1304,0,0,0,1304
11/26/2000,LAS,NV,AWP,WE,Combined TRACON& Tower with Radar,938,71,201,36,1246,0,117,136,27,280,938,188,337,63,1526,0,0,0,1526
11/27/2000,LAS,NV,AWP,WE,Combined TRACON& Tower with Radar,941,71,200,35,1247,67,110,18,0,195,1008,181,218,35,1442,0,0,0,1442
11/28/2000,LAS,NV,AWP,WE,Combined TRACON& Tower with Radar,937,71,199,29,1236,43,103,90,0,236,980,174,289,29,1472,0,0,0,1472
11/29/2000,LAS,NV,AWP,WE,Combined TRACON& Tower with Radar,932,72,202,36,1242,0,122,132,0,254,932,194,334,36,1496,2,0,2,1498
11/30/2000,LAS,NV,AWP,WE,Combined TRACON& Tower with Radar,988,74,1,38,1101,10,146,0,18,174,998,220,1,56,1275,0,0,0,1275
12/01/2000,LAS,NV,AWP,WE,Combined TRACON& Tower with Radar,982,74,203,43,1302,0,140,180,9,329,982,214,383,52,1631,0,0,0,1631
12/02/2000,LAS,NV,AWP,WE,Combined TRACON& Tower with Radar,875,63,172,37,1147,0,134,133,5,272,875,197,305,42,1419,0,0,0,1419
12/03/2000,LAS,NV,AWP,WE,Combined TRACON& Tower with Radar,932,70,195,41,1238,0,160,188,21,369,932,230,383,62,1607,0,0,0,1607
12/04/2000,LAS,NV,AWP,WE,Combined TRACON& Tower with Radar,960,66,184,39,1249,30,111,68,11,220,990,177,252,50,1469,0,0,0,1469
12/05/2000,LAS,NV,AWP,WE,Combined TRACON& Tower with Radar,927,69,188,40,1224,0,122,121,16,259,927,191,309,56,1483,0,0,0,1483
12/06/2000,LAS,NV,AWP,WE,Combined TRACON& Tower with Radar,928,66,180,38,1212,0,194,96,3,293,928,260,276,41,1505,0,0,0,1505
12/07/2000,LAS,NV,AWP,WE,Combined TRACON& Tower with Radar,993,72,200,42,1307,0,37,173,8,218,993,109,373,50,1525,0,0,0,1525
12/08/2000,LAS,NV,AWP,WE,Combined TRACON& Tower with Radar,943,71,194,41,1249,0,140,155,16,311,943,211,349,57,1560,0,0,0,1560
12/09/2000,LAS,NV,AWP,WE,Combined TRACON& Tower with Radar,860,61,166,35,1122,0,141,135,2,278,860,202,301,37,1400,0,0,0,1400
12/10/2000,LAS,NV,AWP,WE,Combined TRACON& Tower with Radar,949,66,185,38,1238,0,76,123,0,199,949,142,308,38,1437,0,0,0,1437
12/11/2000,LAS,NV,AWP,WE,Combined TRACON& Tower with Radar,925,65,178,36,1204,17,122,75,0,214,942,187,253,36,1418,0,0,0,1418
12/12/2000,LAS,NV,AWP,WE,Combined TRACON& Tower with Radar,930,67,187,38,1222,0,105,110,10,225,930,172,297,48,1447,4,0,4,1451
12/13/2000,LAS,NV,AWP,WE,Combined TRACON& Tower with Radar,808,56,156,32,1052,37,88,43,9,177,845,144,199,41,1229,0,0,0,1229
12/14/2000,LAS,NV,AWP,WE,Combined TRACON& Tower with Radar,925,65,178,37,1205,25,93,70,15,203,950,158,248,52,1408,3,0,3,1411
12/15/2000,LAS,NV,AWP,WE,Combined TRACON& Tower with Radar,919,65,180,37,1201,0,137,101,6,244,919,202,281,43,1445,0,0,0,1445
12/16/2000,LAS,NV,AWP,WE,Combined TRACON& Tower with Radar,785,55,151,31,1022,58,114,8,15,195,843,169,159,46,1217,0,0,0,1217
12/17/2000,LAS,NV,AWP,WE,Combined TRACON& Tower with Radar,814,57,157,32,1060,68,57,51,9,185,882,114,208,41,1245,0,0,0,1245
12/18/2000,LAS,NV,AWP,WE,Combined TRACON& Tower with Radar,853,60,164,34,1111,59,104,2,2,167,912,164,166,36,1278,3,0,3,1281
12/19/2000,LAS,NV,AWP,WE,Combined TRACON& Tower with Radar,809,57,156,30,1052,38,111,9,0,158,847,168,165,30,1210,0,0,0,1210
12/20/2000,LAS,NV,AWP,WE,Combined TRACON& Tower with Radar,830,57,160,33,1080,19,64,33,31,147,849,121,193,64,1227,0,0,0,1227
12/21/2000,LAS,NV,AWP,WE,Combined TRACON& Tower with Radar,852,59,160,33,1104,65,103,0,1,169,917,162,160,34,1273,0,0,0,1273
12/22/2000,LAS,NV,AWP,WE,Combined TRACON& Tower with Radar,888,61,171,35,1155,24,114,21,16,175,912,175,192,51,1330,0,0,0,1330
12/23/2000,LAS,NV,AWP,WE,Combined TRACON& Tower with Radar,790,54,150,31,1025,74,107,0,3,184,864,161,150,34,1209,2,0,2,1211
12/24/2000,LAS,NV,AWP,WE,Combined TRACON& Tower with Radar,694,48,79,27,848,125,80,0,1,206,819,128,79,28,1054,2,0,2,1056
12/25/2000,LAS,NV,AWP,WE,Combined TRACON& Tower with Radar,651,46,50,12,759,134,55,0,0,189,785,101,50,12,948,0,0,0,948
12/26/2000,LAS,NV,AWP,WE,Combined TRACON& Tower with Radar,780,54,149,31,1014,39,144,10,21,214,819,198,159,52,1228,0,0,0,1228
12/27/2000,LAS,NV,AWP,WE,Combined TRACON& Tower with Radar,835,58,160,33,1086,18,192,65,12,287,853,250,225,45,1373,0,0,0,1373
12/28/2000,LAS,NV,AWP,WE,Combined TRACON& Tower with Radar,955,66,183,38,1242,18,211,52,15,296,973,277,235,53,1538,0,0,0,1538
12/29/2000,LAS,NV,AWP,WE,Combined TRACON& Tower with Radar,912,66,180,37,1195,0,207,99,23,329,912,273,279,60,1524,0,0,0,1524
12/30/2000,LAS,NV,AWP,WE,Combined TRACON& Tower with Radar,802,58,160,33,1053,0,237,96,12,345,802,295,256,45,1398,0,0,0,1398
12/31/2000,LAS,NV,AWP,WE,Combined TRACON& Tower with Radar,741,52,142,29,964,50,157,52,8,267,791,209,194,37,1231,0,0,0,1231
01/01/2001,LAS,NV,AWP,WE,Combined TRACON& Tower with Radar,793,57,168,32,1050,0,162,160,2,324,793,219,328,34,1374,0,0,0,1374
01/02/2001,LAS,NV,AWP,WE,Combined TRACON& Tower with Radar,866,64,187,34,1151,0,184,92,17,293,866,248,279,51,1444,0,0,0,1444
01/03/2001,LAS,NV,AWP,WE,Combined TRACON& Tower with Radar,873,61,178,33,1145,20,191,34,9,254,893,252,212,42,1399,0,0,0,1399
01/04/2001,LAS,NV,AWP,WE,Combined TRACON& Tower with Radar,927,64,189,35,1215,50,214,12,11,287,977,278,201,46,1502,0,0,0,1502
01/05/2001,LAS,NV,AWP,WE,Combined TRACON& Tower with Radar,928,65,190,35,1218,0,135,84,1,220,928,200,274,36,1438,0,0,0,1438
01/06/2001,LAS,NV,AWP,WE,Combined TRACON& Tower with Radar,813,57,168,31,1069,0,124,88,21,233,813,181,256,52,1302,0,0,0,1302
01/07/2001,LAS,NV,AWP,WE,Combined TRACON& Tower with Radar,902,63,186,34,1185,0,78,148,24,250,902,141,334,58,1435,0,0,0,1435
01/08/2001,LAS,NV,AWP,WE,Combined TRACON& Tower with Radar,929,64,189,34,1216,7,105,64,2,178,936,169,253,36,1394,0,0,0,1394
01/09/2001,LAS,NV,AWP,WE,Combined TRACON& Tower with Radar,720,54,160,25,959,0,96,83,0,179,720,150,243,25,1138,2,0,2,1140
01/10/2001,LAS,NV,AWP,WE,Combined TRACON& Tower with Radar,856,59,175,32,1122,16,147,33,2,198,872,206,208,34,1320,0,0,0,1320
01/11/2001,LAS,NV,AWP,WE,Combined TRACON& Tower with Radar,865,60,176,27,1128,35,49,27,0,111,900,109,203,27,1239,0,0,0,1239
01/12/2001,LAS,NV,AWP,WE,Combined TRACON& Tower with Radar,925,66,194,35,1220,0,115,67,21,203,925,181,261,56,1423,0,0,0,1423
01/13/2001,LAS,NV,AWP,WE,Combined TRACON& Tower with Radar,828,58,170,30,1086,38,140,25,9,212,866,198,195,39,1298,0,0,0,1298
01/14/2001,LAS,NV,AWP,WE,Combined TRACON& Tower with Radar,876,61,180,32,1149,27,97,90,4,218,903,158,270,36,1367,0,0,0,1367
01/15/2001,LAS,NV,AWP,WE,Combined TRACON& Tower with Radar,836,58,152,31,1077,57,94,0,6,157,893,152,152,37,1234,0,0,0,1234
01/16/2001,LAS,NV,AWP,WE,Combined TRACON& Tower with Radar,694,48,142,26,910,33,125,8,10,176,727,173,150,36,1086,0,0,0,1086
01/17/2001,LAS,NV,AWP,WE,Combined TRACON& Tower with Radar,831,57,163,30,1081,50,138,0,7,195,881,195,163,37,1276,0,0,0,1276
01/18/2001,LAS,NV,AWP,WE,Combined TRACON& Tower with Radar,910,62,186,33,1191,44,96,24,19,183,954,158,210,52,1374,0,0,0,1374
01/19/2001,LAS,NV,AWP,WE,Combined TRACON& Tower with Radar,916,64,192,34,1206,0,138,76,29,243,916,202,268,63,1449,0,0,0,1449
01/20/2001,LAS,NV,AWP,WE,Combined TRACON& Tower with Radar,802,55,164,29,1050,43,91,55,8,197,845,146,219,37,1247,0,0,0,1247
01/21/2001,LAS,NV,AWP,WE,Combined TRACON& Tower with Radar,883,60,181,32,1156,2,109,88,16,215,885,169,269,48,1371,0,0,0,1371
01/22/2001,LAS,NV,AWP,WE,Combined TRACON& Tower with Radar,900,61,184,33,1178,41,72,29,5,147,941,133,213,38,1325,0,0,0,1325
01/23/2001,LAS,NV,AWP,WE,Combined TRACON& Tower with Radar,879,60,181,29,1149,0,117,52,0,169,879,177,233,29,1318,0,0,0,1318
01/24/2001,LAS,NV,AWP,WE,Combined TRACON& Tower with Radar,861,59,176,32,1128,26,107,24,0,157,887,166,200,32,1285,1,0,1,1286
01/25/2001,LAS,NV,AWP,WE,Combined TRACON& Tower with Radar,950,64,195,31,1240,19,107,66,0,192,969,171,261,31,1432,0,0,0,1432
01/26/2001,LAS,NV,AWP,WE,Combined TRACON& Tower with Radar,951,64,196,35,1246,0,77,72,14,163,951,141,268,49,1409,4,0,4,1413
01/27/2001,LAS,NV,AWP,WE,Combined TRACON& Tower with Radar,840,56,172,16,1084,46,0,0,0,46,886,56,172,16,1130,0,0,0,1130
01/28/2001,LAS,NV,AWP,WE,Combined TRACON& Tower with Radar,854,59,174,29,1116,68,55,27,0,150,922,114,201,29,1266,0,0,0,1266
01/29/2001,LAS,NV,AWP,WE,Combined TRACON& Tower with Radar,966,66,197,35,1264,2,119,62,12,195,968,185,259,47,1459,0,0,0,1459
01/30/2001,LAS,NV,AWP,WE,Combined TRACON& Tower with Radar,894,62,182,33,1171,34,106,34,11,185,928,168,216,44,1356,1,0,1,1357
01/31/2001,LAS,NV,AWP,WE,Combined TRACON& Tower with Radar,954,66,194,35,1249,49,66,54,8,177,1003,132,248,43,1426,0,0,0,1426
02/01/2001,LAS,NV,AWP,WE,Combined TRACON& Tower with Radar,978,70,187,38,1273,21,97,54,21,193,999,167,241,59,1466,0,0,0,1466
02/02/2001,LAS,NV,AWP,WE,Combined TRACON& Tower with Radar,939,72,192,39,1242,0,116,182,47,345,939,188,374,86,1587,2,0,2,1589
02/03/2001,LAS,NV,AWP,WE,Combined TRACON& Tower with Radar,823,58,157,32,1070,13,154,68,19,254,836,212,225,51,1324,0,0,0,1324
02/04/2001,LAS,NV,AWP,WE,Combined TRACON& Tower with Radar,907,65,175,35,1182,0,103,115,17,235,907,168,290,52,1417,3,0,3,1420
02/05/2001,LAS,NV,AWP,WE,Combined TRACON& Tower with Radar,924,66,177,35,1202,32,135,70,15,252,956,201,247,50,1454,2,0,2,1456
02/06/2001,LAS,NV,AWP,WE,Combined TRACON& Tower with Radar,891,64,170,30,1155,24,150,44,0,218,915,214,214,30,1373,0,0,0,1373
02/07/2001,LAS,NV,AWP,WE,Combined TRACON& Tower with Radar,856,60,164,19,1099,63,139,10,0,212,919,199,174,19,1311,0,0,0,1311
02/08/2001,LAS,NV,AWP,WE,Combined TRACON& Tower with Radar,912,65,174,33,1184,58,119,6,0,183,970,184,180,33,1367,0,0,0,1367
02/09/2001,LAS,NV,AWP,WE,Combined TRACON& Tower with Radar,945,67,181,36,1229,2,137,71,25,235,947,204,252,61,1464,0,0,0,1464
02/10/2001,LAS,NV,AWP,WE,Combined TRACON& Tower with Radar,786,56,133,26,1001,75,150,0,0,225,861,206,133,26,1226,0,0,0,1226
02/11/2001,LAS,NV,AWP,WE,Combined TRACON& Tower with Radar,907,65,173,35,1180,17,116,31,2,166,924,181,204,37,1346,0,0,0,1346
02/12/2001,LAS,NV,AWP,WE,Combined TRACON& Tower with Radar,933,67,167,32,1199,67,87,0,0,154,1000,154,167,32,1353,0,0,0,1353
02/13/2001,LAS,NV,AWP,WE,Combined TRACON& Tower with Radar,880,64,171,26,1141,0,48,35,0,83,880,112,206,26,1224,0,0,0,1224
02/14/2001,LAS,NV,AWP,WE,Combined TRACON& Tower with Radar,868,62,167,30,1127,35,82,42,0,159,903,144,209,30,1286,0,0,0,1286
02/15/2001,LAS,NV,AWP,WE,Combined TRACON& Tower with Radar,995,71,192,37,1295,0,146,76,10,232,995,217,268,47,1527,0,0,0,1527
02/16/2001,LAS,NV,AWP,WE,Combined TRACON& Tower with Radar,952,72,196,39,1259,0,136,207,33,376,952,208,403,72,1635,0,0,0,1635
02/17/2001,LAS,NV,AWP,WE,Combined TRACON& Tower with Radar,859,61,167,32,1119,0,180,90,17,287,859,241,257,49,1406,0,0,0,1406
02/18/2001,LAS,NV,AWP,WE,Combined TRACON& Tower with Radar,912,65,177,34,1188,0,132,82,17,231,912,197,259,51,1419,0,0,0,1419
02/19/2001,LAS,NV,AWP,WE,Combined TRACON& Tower with Radar,900,65,179,35,1179,0,191,59,12,262,900,256,238,47,1441,0,0,0,1441
02/20/2001,LAS,NV,AWP,WE,Combined TRACON& Tower with Radar,883,61,169,33,1146,56,175,10,20,261,939,236,179,53,1407,0,0,0,1407
02/21/2001,LAS,NV,AWP,WE,Combined TRACON& Tower with Radar,876,61,168,33,1138,35,194,46,20,295,911,255,214,53,1433,1,0,1,1434
02/22/2001,LAS,NV,AWP,WE,Combined TRACON& Tower with Radar,986,69,189,38,1282,37,143,27,27,234,1023,212,216,65,1516,0,0,0,1516
02/23/2001,LAS,NV,AWP,WE,Combined TRACON& Tower with Radar,942,66,181,35,1224,25,138,34,18,215,967,204,215,53,1439,0,0,0,1439
02/24/2001,LAS,NV,AWP,WE,Combined TRACON& Tower with Radar,816,57,157,30,1060,39,124,17,11,191,855,181,174,41,1251,0,0,0,1251
02/25/2001,LAS,NV,AWP,WE,Combined TRACON& Tower with Radar,859,60,157,32,1108,52,103,0,2,157,911,163,157,34,1265,0,0,0,1265
02/26/2001,LAS,NV,AWP,WE,Combined TRACON& Tower with Radar,923,65,154,31,1173,45,22,0,0,67,968,87,154,31,1240,0,0,0,1240
02/27/2001,LAS,NV,AWP,WE,Combined TRACON& Tower with Radar,872,61,163,26,1122,51,103,0,0,154,923,164,163,26,1276,0,0,0,1276
02/28/2001,LAS,NV,AWP,WE,Combined TRACON& Tower with Radar,880,63,169,22,1134,0,66,49,0,115,880,129,218,22,1249,0,0,0,1249
03/01/2001,LAS,NV,AWP,WE,Combined TRACON& Tower with Radar,1000,94,204,46,1344,3,182,72,16,273,1003,276,276,62,1617,0,0,0,1617
03/02/2001,LAS,NV,AWP,WE,Combined TRACON& Tower with Radar,970,92,200,44,1306,0,157,123,36,316,970,249,323,80,1622,0,0,0,1622
03/03/2001,LAS,NV,AWP,WE,Combined TRACON& Tower with Radar,803,75,164,37,1079,100,203,39,16,358,903,278,203,53,1437,0,0,0,1437
03/04/2001,LAS,NV,AWP,WE,Combined TRACON& Tower with Radar,888,92,200,44,1224,0,795,105,14,914,888,887,305,58,2138,0,0,0,2138
03/05/2001,LAS,NV,AWP,WE,Combined TRACON& Tower with Radar,907,85,183,34,1209,97,127,0,0,224,1004,212,183,34,1433,0,0,0,1433
03/06/2001,LAS,NV,AWP,WE,Combined TRACON& Tower with Radar,828,78,150,21,1077,88,125,0,0,213,916,203,150,21,1290,0,0,0,1290
03/07/2001,LAS,NV,AWP,WE,Combined TRACON& Tower with Radar,887,83,180,33,1183,55,195,0,0,250,942,278,180,33,1433,0,0,0,1433
03/08/2001,LAS,NV,AWP,WE,Combined TRACON& Tower with Radar,987,92,203,45,1327,2,154,77,28,261,989,246,280,73,1588,2,0,2,1590
03/09/2001,LAS,NV,AWP,WE,Combined TRACON& Tower with Radar,934,87,192,42,1255,21,136,58,4,219,955,223,250,46,1474,2,0,2,1476
03/10/2001,LAS,NV,AWP,WE,Combined TRACON& Tower with Radar,844,79,157,38,1118,58,143,0,1,202,902,222,157,39,1320,0,0,0,1320
03/11/2001,LAS,NV,AWP,WE,Combined TRACON& Tower with Radar,903,85,185,37,1210,24,124,46,0,194,927,209,231,37,1404,0,0,0,1404
03/12/2001,LAS,NV,AWP,WE,Combined TRACON& Tower with Radar,890,83,183,36,1192,98,119,11,0,228,988,202,194,36,1420,0,0,0,1420
03/13/2001,LAS,NV,AWP,WE,Combined TRACON& Tower with Radar,856,80,176,39,1151,42,189,47,17,295,898,269,223,56,1446,0,0,0,1446
03/14/2001,LAS,NV,AWP,WE,Combined TRACON& Tower with Radar,895,83,184,40,1202,5,174,69,10,258,900,257,253,50,1460,0,0,0,1460
03/15/2001,LAS,NV,AWP,WE,Combined TRACON& Tower with Radar,1015,96,210,46,1367,0,178,137,6,321,1015,274,347,52,1688,0,0,0,1688
03/16/2001,LAS,NV,AWP,WE,Combined TRACON& Tower with Radar,961,91,199,43,1294,0,149,92,18,259,961,240,291,61,1553,0,0,0,1553
03/17/2001,LAS,NV,AWP,WE,Combined TRACON& Tower with Radar,813,75,167,37,1092,51,240,47,24,362,864,315,214,61,1454,0,0,0,1454
03/18/2001,LAS,NV,AWP,WE,Combined TRACON& Tower with Radar,906,87,193,42,1228,0,150,108,27,285,906,237,301,69,1513,0,0,0,1513
03/19/2001,LAS,NV,AWP,WE,Combined TRACON& Tower with Radar,907,84,186,40,1217,59,168,45,29,301,966,252,231,69,1518,0,0,0,1518
03/20/2001,LAS,NV,AWP,WE,Combined TRACON& Tower with Radar,897,83,184,40,1204,3,60,68,8,139,900,143,252,48,1343,0,0,0,1343
03/21/2001,LAS,NV,AWP,WE,Combined TRACON& Tower with Radar,920,84,189,41,1234,16,222,115,21,374,936,306,304,62,1608,0,0,0,1608
03/22/2001,LAS,NV,AWP,WE,Combined TRACON& Tower with Radar,1013,93,208,45,1359,15,175,80,45,315,1028,268,288,90,1674,1,0,1,1675
03/23/2001,LAS,NV,AWP,WE,Combined TRACON& Tower with Radar,959,91,202,44,1296,0,191,159,44,394,959,282,361,88,1690,0,0,0,1690
03/24/2001,LAS,NV,AWP,WE,Combined TRACON& Tower with Radar,811,75,166,37,1089,46,193,82,13,334,857,268,248,50,1423,0,0,0,1423
03/25/2001,LAS,NV,AWP,WE,Combined TRACON& Tower with Radar,891,89,196,42,1218,0,177,185,22,384,891,266,381,64,1602,0,0,0,1602
03/26/2001,LAS,NV,AWP,WE,Combined TRACON& Tower with Radar,898,84,183,40,1205,61,153,35,5,254,959,237,218,45,1459,0,0,0,1459
03/27/2001,LAS,NV,AWP,WE,Combined TRACON& Tower with Radar,896,83,183,40,1202,34,158,29,14,235,930,241,212,54,1437,0,0,0,1437
03/28/2001,LAS,NV,AWP,WE,Combined TRACON& Tower with Radar,904,85,184,40,1213,11,182,82,12,287,915,267,266,52,1500,0,0,0,1500
03/29/2001,LAS,NV,AWP,WE,Combined TRACON& Tower with Radar,994,93,203,44,1334,0,182,94,25,301,994,275,297,69,1635,0,0,0,1635
03/30/2001,LAS,NV,AWP,WE,Combined TRACON& Tower with Radar,955,89,195,42,1281,17,184,88,21,310,972,273,283,63,1591,0,0,0,1591
03/31/2001,LAS,NV,AWP,WE,Combined TRACON& Tower with Radar,816,77,166,36,1095,27,159,63,27,276,843,236,229,63,1371,0,0,0,1371
04/01/2001,LAS,NV,AWP,WE,Combined TRACON& Tower with Radar,882,84,155,40,1161,0,137,92,19,248,882,221,247,59,1409,0,0,0,1409
04/02/2001,LAS,NV,AWP,WE,Combined TRACON& Tower with Radar,884,84,154,39,1161,80,146,1,2,229,964,230,155,41,1390,0,0,0,1390
04/03/2001,LAS,NV,AWP,WE,Combined TRACON& Tower with Radar,890,84,155,40,1169,18,176,37,16,247,908,260,192,56,1416,0,0,0,1416
04/04/2001,LAS,NV,AWP,WE,Combined TRACON& Tower with Radar,873,83,152,39,1147,21,214,54,12,301,894,297,206,51,1448,0,0,0,1448
04/05/2001,LAS,NV,AWP,WE,Combined TRACON& Tower with Radar,893,85,155,40,1173,73,114,17,14,218,966,199,172,54,1391,0,0,0,1391
04/06/2001,LAS,NV,AWP,WE,Combined TRACON& Tower with Radar,921,89,163,42,1215,0,396,87,35,518,921,485,250,77,1733,0,0,0,1733
04/07/2001,LAS,NV,AWP,WE,Combined TRACON& Tower with Radar,810,77,141,29,1057,56,124,12,0,192,866,201,153,29,1249,2,0,2,1251
04/08/2001,LAS,NV,AWP,WE,Combined TRACON& Tower with Radar,891,86,158,40,1175,0,144,91,22,257,891,230,249,62,1432,0,0,0,1432
04/09/2001,LAS,NV,AWP,WE,Combined TRACON& Tower with Radar,879,84,154,39,1156,66,164,6,7,243,945,248,160,46,1399,0,0,0,1399
04/10/2001,LAS,NV,AWP,WE,Combined TRACON& Tower with Radar,831,78,146,37,1092,73,169,25,2,269,904,247,171,39,1361,0,0,0,1361
04/11/2001,LAS,NV,AWP,WE,Combined TRACON& Tower with Radar,841,80,147,37,1105,17,221,21,17,276,858,301,168,54,1381,0,0,0,1381
04/12/2001,LAS,NV,AWP,WE,Combined TRACON& Tower with Radar,945,90,165,42,1242,8,222,62,35,327,953,312,227,77,1569,0,0,0,1569
04/13/2001,LAS,NV,AWP,WE,Combined TRACON& Tower with Radar,914,87,160,41,1202,41,195,50,11,297,955,282,210,52,1499,0,0,0,1499
04/14/2001,LAS,NV,AWP,WE,Combined TRACON& Tower with Radar,787,75,138,35,1035,35,223,50,27,335,822,298,188,62,1370,0,0,0,1370
04/15/2001,LAS,NV,AWP,WE,Combined TRACON& Tower with Radar,836,79,146,37,1098,58,194,25,12,289,894,273,171,49,1387,3,0,3,1390
04/16/2001,LAS,NV,AWP,WE,Combined TRACON& Tower with Radar,895,83,157,39,1174,59,199,12,27,297,954,282,169,66,1471,0,0,0,1471
04/17/2001,LAS,NV,AWP,WE,Combined TRACON& Tower with Radar,887,86,159,39,1171,0,226,107,11,344,887,312,266,50,1515,0,0,0,1515
04/18/2001,LAS,NV,AWP,WE,Combined TRACON& Tower with Radar,890,83,156,39,1168,35,206,55,14,310,925,289,211,53,1478,0,0,0,1478
04/19/2001,LAS,NV,AWP,WE,Combined TRACON& Tower with Radar,985,93,172,43,1293,15,176,51,39,281,1000,269,223,82,1574,0,0,0,1574
04/20/2001,LAS,NV,AWP,WE,Combined TRACON& Tower with Radar,946,91,170,42,1249,0,193,93,14,300,946,284,263,56,1549,0,0,0,1549
04/21/2001,LAS,NV,AWP,WE,Combined TRACON& Tower with Radar,826,77,145,33,1081,52,118,15,0,185,878,195,160,33,1266,0,0,0,1266
04/22/2001,LAS,NV,AWP,WE,Combined TRACON& Tower with Radar,883,90,167,41,1181,0,157,189,21,367,883,247,356,62,1548,0,0,0,1548
04/23/2001,LAS,NV,AWP,WE,Combined TRACON& Tower with Radar,927,88,161,35,1211,50,128,58,0,236,977,216,219,35,1447,0,0,0,1447
04/24/2001,LAS,NV,AWP,WE,Combined TRACON& Tower with Radar,906,86,158,39,1189,9,137,97,6,249,915,223,255,45,1438,0,0,0,1438
04/25/2001,LAS,NV,AWP,WE,Combined TRACON& Tower with Radar,894,86,158,39,1177,0,219,102,14,335,894,305,260,53,1512,0,0,0,1512
04/26/2001,LAS,NV,AWP,WE,Combined TRACON& Tower with Radar,964,93,169,42,1268,0,189,115,36,340,964,282,284,78,1608,0,0,0,1608
04/27/2001,LAS,NV,AWP,WE,Combined TRACON& Tower with Radar,910,91,165,41,1207,0,191,146,51,388,910,282,311,92,1595,0,0,0,1595
04/28/2001,LAS,NV,AWP,WE,Combined TRACON& Tower with Radar,923,88,160,35,1206,79,167,41,0,287,1002,255,201,35,1493,0,0,0,1493
04/29/2001,LAS,NV,AWP,WE,Combined TRACON& Tower with Radar,915,89,162,40,1206,0,169,116,4,289,915,258,278,44,1495,0,0,0,1495
04/30/2001,LAS,NV,AWP,WE,Combined TRACON& Tower with Radar,908,86,158,40,1192,51,196,39,7,293,959,282,197,47,1485,0,0,0,1485
05/01/2001,LAS,NV,AWP,WE,Combined TRACON& Tower with Radar,867,94,161,41,1163,10,273,65,0,348,877,367,226,41,1511,0,0,0,1511
05/02/2001,LAS,NV,AWP,WE,Combined TRACON& Tower with Radar,882,95,155,40,1172,38,223,0,0,261,920,318,155,40,1433,0,0,0,1433
05/03/2001,LAS,NV,AWP,WE,Combined TRACON& Tower with Radar,934,101,173,49,1257,20,227,52,26,325,954,328,225,75,1582,0,0,0,1582
05/04/2001,LAS,NV,AWP,WE,Combined TRACON& Tower with Radar,926,101,174,49,1250,0,290,115,26,431,926,391,289,75,1681,0,0,0,1681
05/05/2001,LAS,NV,AWP,WE,Combined TRACON& Tower with Radar,790,85,146,42,1063,45,151,67,1,264,835,236,213,43,1327,0,0,0,1327
05/06/2001,LAS,NV,AWP,WE,Combined TRACON& Tower with Radar,849,93,162,46,1150,0,130,131,21,282,849,223,293,67,1432,0,0,0,1432
05/07/2001,LAS,NV,AWP,WE,Combined TRACON& Tower with Radar,856,92,160,45,1153,68,98,32,8,206,924,190,192,53,1359,0,0,0,1359
05/08/2001,LAS,NV,AWP,WE,Combined TRACON& Tower with Radar,886,96,165,44,1191,5,177,44,0,226,891,273,209,44,1417,0,0,0,1417
05/09/2001,LAS,NV,AWP,WE,Combined TRACON& Tower with Radar,837,90,156,44,1127,53,169,46,17,285,890,259,202,61,1412,0,0,0,1412
05/10/2001,LAS,NV,AWP,WE,Combined TRACON& Tower with Radar,941,102,175,49,1267,19,164,64,57,304,960,266,239,106,1571,0,0,0,1571
05/11/2001,LAS,NV,AWP,WE,Combined TRACON& Tower with Radar,970,106,184,52,1312,0,175,110,12,297,970,281,294,64,1609,0,0,0,1609
05/12/2001,LAS,NV,AWP,WE,Combined TRACON& Tower with Radar,795,85,148,42,1070,71,130,22,3,226,866,215,170,45,1296,0,0,0,1296
05/13/2001,LAS,NV,AWP,WE,Combined TRACON& Tower with Radar,810,86,151,42,1089,81,133,41,5,260,891,219,192,47,1349,0,0,0,1349
05/14/2001,LAS,NV,AWP,WE,Combined TRACON& Tower with Radar,862,91,161,45,1159,71,109,27,6,213,933,200,188,51,1372,0,0,0,1372
05/15/2001,LAS,NV,AWP,WE,Combined TRACON& Tower with Radar,849,91,158,44,1142,45,146,37,0,228,894,237,195,44,1370,0,0,0,1370
05/16/2001,LAS,NV,AWP,WE,Combined TRACON& Tower with Radar,877,94,163,41,1175,38,192,34,0,264,915,286,197,41,1439,0,0,0,1439
05/17/2001,LAS,NV,AWP,WE,Combined TRACON& Tower with Radar,930,99,173,48,1250,31,176,59,30,296,961,275,232,78,1546,0,0,0,1546
05/18/2001,LAS,NV,AWP,WE,Combined TRACON& Tower with Radar,908,97,169,46,1220,8,197,104,32,341,916,294,273,78,1561,0,0,0,1561
05/19/2001,LAS,NV,AWP,WE,Combined TRACON& Tower with Radar,817,86,152,42,1097,35,154,67,8,264,852,240,219,50,1361,0,0,0,1361
05/20/2001,LAS,NV,AWP,WE,Combined TRACON& Tower with Radar,876,96,168,46,1186,0,144,146,2,292,876,240,314,48,1478,0,0,0,1478
05/21/2001,LAS,NV,AWP,WE,Combined TRACON& Tower with Radar,927,99,173,47,1246,5,152,96,15,268,932,251,269,62,1514,0,0,0,1514
05/22/2001,LAS,NV,AWP,WE,Combined TRACON& Tower with Radar,906,97,169,47,1219,0,179,95,11,285,906,276,264,58,1504,0,0,0,1504
05/23/2001,LAS,NV,AWP,WE,Combined TRACON& Tower with Radar,919,108,185,51,1263,0,211,158,27,396,919,319,343,78,1659,0,0,0,1659
05/24/2001,LAS,NV,AWP,WE,Combined TRACON& Tower with Radar,943,101,175,48,1267,14,161,64,4,243,957,262,239,52,1510,0,0,0,1510
05/25/2001,LAS,NV,AWP,WE,Combined TRACON& Tower with Radar,914,106,182,50,1252,0,165,161,30,356,914,271,343,80,1608,0,0,0,1608
05/26/2001,LAS,NV,AWP,WE,Combined TRACON& Tower with Radar,769,83,141,39,1032,59,205,0,4,268,828,288,141,43,1300,0,0,0,1300
05/27/2001,LAS,NV,AWP,WE,Combined TRACON& Tower with Radar,770,83,143,36,1032,62,144,63,0,269,832,227,206,36,1301,0,0,0,1301
05/28/2001,LAS,NV,AWP,WE,Combined TRACON& Tower with Radar,822,89,152,42,1105,12,146,92,25,275,834,235,244,67,1380,0,0,0,1380
05/29/2001,LAS,NV,AWP,WE,Combined TRACON& Tower with Radar,870,94,161,44,1169,27,200,34,4,265,897,294,195,48,1434,0,0,0,1434
05/30/2001,LAS,NV,AWP,WE,Combined TRACON& Tower with Radar,872,93,162,45,1172,19,211,65,17,312,891,304,227,62,1484,0,0,0,1484
05/31/2001,LAS,NV,AWP,WE,Combined TRACON& Tower with Radar,944,102,175,48,1269,6,219,55,65,345,950,321,230,113,1614,0,0,0,1614
06/01/2001,LAS,NV,AWP,WE,Combined TRACON& Tower with Radar,923,88,160,50,1221,0,200,102,28,330,923,288,262,78,1551,0,0,0,1551
06/02/2001,LAS,NV,AWP,WE,Combined TRACON& Tower with Radar,828,76,135,42,1081,25,78,24,8,135,853,154,159,50,1216,0,0,0,1216
06/03/2001,LAS,NV,AWP,WE,Combined TRACON& Tower with Radar,947,86,155,46,1234,52,131,68,0,251,999,217,223,46,1485,2,0,2,1487
06/04/2001,LAS,NV,AWP,WE,Combined TRACON& Tower with Radar,886,81,145,45,1157,70,138,27,7,242,956,219,172,52,1399,0,0,0,1399
06/05/2001,LAS,NV,AWP,WE,Combined TRACON& Tower with Radar,895,82,146,46,1169,1,161,67,5,234,896,243,213,51,1403,0,0,0,1403
06/06/2001,LAS,NV,AWP,WE,Combined TRACON& Tower with Radar,903,82,147,47,1179,30,190,82,3,305,933,272,229,50,1484,0,0,0,1484
06/07/2001,LAS,NV,AWP,WE,Combined TRACON& Tower with Radar,931,85,152,48,1216,25,207,73,2,307,956,292,225,50,1523,0,0,0,1523
06/08/2001,LAS,NV,AWP,WE,Combined TRACON& Tower with Radar,935,85,153,47,1220,16,181,91,13,301,951,266,244,60,1521,0,0,0,1521
06/09/2001,LAS,NV,AWP,WE,Combined TRACON& Tower with Radar,827,76,135,42,1080,7,178,74,10,269,834,254,209,52,1349,0,0,0,1349
06/10/2001,LAS,NV,AWP,WE,Combined TRACON& Tower with Radar,885,81,144,44,1154,2,108,110,12,232,887,189,254,56,1386,0,0,0,1386
06/11/2001,LAS,NV,AWP,WE,Combined TRACON& Tower with Radar,883,81,144,44,1152,57,49,29,7,142,940,130,173,51,1294,0,0,0,1294
06/12/2001,LAS,NV,AWP,WE,Combined TRACON& Tower with Radar,884,81,144,44,1153,2,198,52,20,272,886,279,196,64,1425,6,0,6,1431
06/13/2001,LAS,NV,AWP,WE,Combined TRACON& Tower with Radar,849,77,139,41,1106,64,159,28,0,251,913,236,167,41,1357,0,0,0,1357
06/14/2001,LAS,NV,AWP,WE,Combined TRACON& Tower with Radar,957,89,160,49,1255,0,166,124,21,311,957,255,284,70,1566,0,0,0,1566
06/15/2001,LAS,NV,AWP,WE,Combined TRACON& Tower with Radar,939,86,154,47,1226,7,163,73,22,265,946,249,227,69,1491,0,0,0,1491
06/16/2001,LAS,NV,AWP,WE,Combined TRACON& Tower with Radar,829,76,136,41,1082,29,193,39,13,274,858,269,175,54,1356,0,0,0,1356
06/17/2001,LAS,NV,AWP,WE,Combined TRACON& Tower with Radar,851,76,140,42,1109,44,154,51,3,252,895,230,191,45,1361,2,0,2,1363
06/18/2001,LAS,NV,AWP,WE,Combined TRACON& Tower with Radar,909,82,149,45,1185,37,153,33,6,229,946,235,182,51,1414,0,0,0,1414
06/19/2001,LAS,NV,AWP,WE,Combined TRACON& Tower with Radar,864,77,142,43,1126,29,250,10,13,302,893,327,152,56,1428,0,0,0,1428
06/20/2001,LAS,NV,AWP,WE,Combined TRACON& Tower with Radar,890,80,146,44,1160,24,146,70,9,249,914,226,216,53,1409,0,0,0,1409
06/21/2001,LAS,NV,AWP,WE,Combined TRACON& Tower with Radar,925,83,152,46,1206,10,158,57,18,243,935,241,209,64,1449,0,0,0,1449
06/22/2001,LAS,NV,AWP,WE,Combined TRACON& Tower with Radar,918,84,152,46,1200,0,205,94,28,327,918,289,246,74,1527,0,0,0,1527
06/23/2001,LAS,NV,AWP,WE,Combined TRACON& Tower with Radar,827,74,136,41,1078,22,204,59,13,298,849,278,195,54,1376,0,0,0,1376
06/24/2001,LAS,NV,AWP,WE,Combined TRACON& Tower with Radar,887,82,150,46,1165,0,146,151,14,311,887,228,301,60,1476,0,0,0,1476
06/25/2001,LAS,NV,AWP,WE,Combined TRACON& Tower with Radar,877,79,144,39,1139,56,157,8,0,221,933,236,152,39,1360,0,0,0,1360
06/26/2001,LAS,NV,AWP,WE,Combined TRACON& Tower with Radar,890,80,146,44,1160,17,206,34,49,306,907,286,180,93,1466,0,0,0,1466
06/27/2001,LAS,NV,AWP,WE,Combined TRACON& Tower with Radar,909,82,149,45,1185,3,225,46,26,300,912,307,195,71,1485,7,0,7,1492
06/28/2001,LAS,NV,AWP,WE,Combined TRACON& Tower with Radar,970,88,160,48,1266,0,218,72,18,308,970,306,232,66,1574,0,0,0,1574
06/29/2001,LAS,NV,AWP,WE,Combined TRACON& Tower with Radar,939,84,154,47,1224,6,166,99,19,290,945,250,253,66,1514,0,0,0,1514
06/30/2001,LAS,NV,AWP,WE,Combined TRACON& Tower with Radar,796,72,131,39,1038,39,143,47,9,238,835,215,178,48,1276,0,0,0,1276
07/01/2001,LAS,NV,AWP,WE,Combined TRACON& Tower with Radar,864,74,125,37,1100,30,142,57,10,239,894,216,182,47,1339,0,0,0,1339
07/02/2001,LAS,NV,AWP,WE,Combined TRACON& Tower with Radar,904,77,130,39,1150,45,201,32,1,279,949,278,162,40,1429,1,0,1,1430
07/03/2001,LAS,NV,AWP,WE,Combined TRACON& Tower with Radar,886,75,128,38,1127,15,206,55,9,285,901,281,183,47,1412,0,0,0,1412
07/04/2001,LAS,NV,AWP,WE,Combined TRACON& Tower with Radar,792,67,114,36,1009,64,202,22,5,293,856,269,136,41,1302,0,0,0,1302
07/05/2001,LAS,NV,AWP,WE,Combined TRACON& Tower with Radar,878,73,127,39,1117,30,210,11,2,253,908,283,138,41,1370,0,0,0,1370
07/06/2001,LAS,NV,AWP,WE,Combined TRACON& Tower with Radar,911,77,131,40,1159,1,179,47,13,240,912,256,178,53,1399,0,0,0,1399
07/07/2001,LAS,NV,AWP,WE,Combined TRACON& Tower with Radar,820,70,118,36,1044,37,129,8,4,178,857,199,126,40,1222,0,0,0,1222
07/08/2001,LAS,NV,AWP,WE,Combined TRACON& Tower with Radar,832,70,120,37,1059,52,105,20,7,184,884,175,140,44,1243,0,0,0,1243
07/09/2001,LAS,NV,AWP,WE,Combined TRACON& Tower with Radar,897,75,129,40,1141,50,135,16,2,203,947,210,145,42,1344,0,0,0,1344
07/10/2001,LAS,NV,AWP,WE,Combined TRACON& Tower with Radar,885,74,128,39,1126,36,152,37,5,230,921,226,165,44,1356,0,0,0,1356
07/11/2001,LAS,NV,AWP,WE,Combined TRACON& Tower with Radar,911,77,131,40,1159,1,181,59,33,274,912,258,190,73,1433,0,0,0,1433
07/12/2001,LAS,NV,AWP,WE,Combined TRACON& Tower with Radar,937,79,137,42,1195,0,174,50,19,243,937,253,187,61,1438,0,0,0,1438
07/13/2001,LAS,NV,AWP,WE,Combined TRACON& Tower with Radar,943,81,139,42,1205,0,154,109,21,284,943,235,248,63,1489,4,0,4,1493
07/14/2001,LAS,NV,AWP,WE,Combined TRACON& Tower with Radar,851,71,123,38,1083,11,161,55,8,235,862,232,178,46,1318,0,0,0,1318
07/15/2001,LAS,NV,AWP,WE,Combined TRACON& Tower with Radar,892,76,130,40,1138,0,134,98,9,241,892,210,228,49,1379,0,0,0,1379
07/16/2001,LAS,NV,AWP,WE,Combined TRACON& Tower with Radar,896,76,128,39,1139,50,165,27,11,253,946,241,155,50,1392,0,0,0,1392
07/17/2001,LAS,NV,AWP,WE,Combined TRACON& Tower with Radar,906,76,129,39,1150,6,183,46,25,260,912,259,175,64,1410,0,0,0,1410
07/18/2001,LAS,NV,AWP,WE,Combined TRACON& Tower with Radar,868,73,124,38,1103,18,217,54,10,299,886,290,178,48,1402,0,0,0,1402
07/19/2001,LAS,NV,AWP,WE,Combined TRACON& Tower with Radar,960,82,139,42,1223,0,140,76,21,237,960,222,215,63,1460,0,0,0,1460
07/20/2001,LAS,NV,AWP,WE,Combined TRACON& Tower with Radar,936,79,135,40,1190,0,173,73,19,265,936,252,208,59,1455,0,0,0,1455
07/21/2001,LAS,NV,AWP,WE,Combined TRACON& Tower with Radar,819,69,117,35,1040,42,123,40,23,228,861,192,157,58,1268,0,0,0,1268
07/22/2001,LAS,NV,AWP,WE,Combined TRACON& Tower with Radar,882,74,126,38,1120,8,119,113,11,251,890,193,239,49,1371,0,0,0,1371
07/23/2001,LAS,NV,AWP,WE,Combined TRACON& Tower with Radar,900,75,129,39,1143,36,194,47,7,284,936,269,176,46,1427,0,0,0,1427
07/24/2001,LAS,NV,AWP,WE,Combined TRACON& Tower with Radar,905,76,129,39,1149,20,222,65,5,312,925,298,194,44,1461,0,0,0,1461
07/25/2001,LAS,NV,AWP,WE,Combined TRACON& Tower with Radar,880,74,126,38,1118,0,155,53,41,249,880,229,179,79,1367,0,0,0,1367
07/26/2001,LAS,NV,AWP,WE,Combined TRACON& Tower with Radar,968,81,139,42,1230,0,209,108,7,324,968,290,247,49,1554,0,0,0,1554
07/27/2001,LAS,NV,AWP,WE,Combined TRACON& Tower with Radar,970,87,148,45,1250,0,188,128,39,355,970,275,276,84,1605,0,0,0,1605
07/28/2001,LAS,NV,AWP,WE,Combined TRACON& Tower with Radar,813,69,116,35,1033,52,191,42,18,303,865,260,158,53,1336,0,0,0,1336
07/29/2001,LAS,NV,AWP,WE,Combined TRACON& Tower with Radar,908,76,130,39,1153,3,93,120,8,224,911,169,250,47,1377,0,0,0,1377
07/30/2001,LAS,NV,AWP,WE,Combined TRACON& Tower with Radar,900,75,128,39,1142,27,164,52,14,257,927,239,180,53,1399,0,0,0,1399
07/31/2001,LAS,NV,AWP,WE,Combined TRACON& Tower with Radar,906,76,130,39,1151,45,194,37,19,295,951,270,167,58,1446,0,0,0,1446
08/01/2001,LAS,NV,AWP,WE,Combined TRACON& Tower with Radar,890,87,138,46,1161,33,173,49,19,274,923,260,187,65,1435,0,0,0,1435
08/02/2001,LAS,NV,AWP,WE,Combined TRACON& Tower with Radar,940,92,146,48,1226,33,185,52,25,295,973,277,198,73,1521,0,0,0,1521
08/03/2001,LAS,NV,AWP,WE,Combined TRACON& Tower with Radar,951,94,148,49,1242,0,224,111,10,345,951,318,259,59,1587,0,0,0,1587
08/04/2001,LAS,NV,AWP,WE,Combined TRACON& Tower with Radar,805,79,125,41,1050,59,151,38,26,274,864,230,163,67,1324,0,0,0,1324
08/05/2001,LAS,NV,AWP,WE,Combined TRACON& Tower with Radar,896,88,139,45,1168,16,126,92,12,246,912,214,231,57,1414,0,0,0,1414
08/06/2001,LAS,NV,AWP,WE,Combined TRACON& Tower with Radar,912,90,141,41,1184,33,188,66,0,287,945,278,207,41,1471,0,0,0,1471
08/07/2001,LAS,NV,AWP,WE,Combined TRACON& Tower with Radar,857,84,134,43,1118,17,290,18,2,327,874,374,152,45,1445,1,0,1,1446
08/08/2001,LAS,NV,AWP,WE,Combined TRACON& Tower with Radar,858,84,134,33,1109,58,254,28,0,340,916,338,162,33,1449,0,0,0,1449
08/09/2001,LAS,NV,AWP,WE,Combined TRACON& Tower with Radar,920,90,144,46,1200,32,244,6,28,310,952,334,150,74,1510,0,0,0,1510
08/10/2001,LAS,NV,AWP,WE,Combined TRACON& Tower with Radar,954,94,149,48,1245,0,212,94,14,320,954,306,243,62,1565,0,0,0,1565
08/11/2001,LAS,NV,AWP,WE,Combined TRACON& Tower with Radar,801,78,125,40,1044,57,142,20,11,230,858,220,145,51,1274,0,0,0,1274
08/12/2001,LAS,NV,AWP,WE,Combined TRACON& Tower with Radar,893,88,140,44,1165,23,126,82,17,248,916,214,222,61,1413,0,0,0,1413
08/13/2001,LAS,NV,AWP,WE,Combined TRACON& Tower with Radar,906,88,142,45,1181,19,181,45,12,257,925,269,187,57,1438,0,0,0,1438
08/14/2001,LAS,NV,AWP,WE,Combined TRACON& Tower with Radar,911,89,142,45,1187,14,174,49,17,254,925,263,191,62,1441,0,0,0,1441
08/15/2001,LAS,NV,AWP,WE,Combined TRACON& Tower with Radar,906,89,144,46,1185,0,185,115,5,305,906,274,259,51,1490,0,0,0,1490
08/16/2001,LAS,NV,AWP,WE,Combined TRACON& Tower with Radar,947,94,152,49,1242,0,159,118,1,278,947,253,270,50,1520,0,0,0,1520
08/17/2001,LAS,NV,AWP,WE,Combined TRACON& Tower with Radar,965,94,151,49,1259,0,162,100,35,297,965,256,251,84,1556,0,0,0,1556
08/18/2001,LAS,NV,AWP,WE,Combined TRACON& Tower with Radar,800,78,125,32,1035,70,145,22,0,237,870,223,147,32,1272,0,0,0,1272
08/19/2001,LAS,NV,AWP,WE,Combined TRACON& Tower with Radar,911,88,142,45,1186,22,170,71,10,273,933,258,213,55,1459,0,0,0,1459
08/20/2001,LAS,NV,AWP,WE,Combined TRACON& Tower with Radar,879,85,137,44,1145,75,163,6,18,262,954,248,143,62,1407,0,0,0,1407
08/21/2001,LAS,NV,AWP,WE,Combined TRACON& Tower with Radar,943,92,147,47,1229,1,205,17,10,233,944,297,164,57,1462,0,0,0,1462
08/22/2001,LAS,NV,AWP,WE,Combined TRACON& Tower with Radar,901,86,141,45,1173,33,185,18,12,248,934,271,159,57,1421,0,0,0,1421
08/23/2001,LAS,NV,AWP,WE,Combined TRACON& Tower with Radar,1000,97,156,50,1303,4,190,60,16,270,1004,287,216,66,1573,0,0,0,1573
08/24/2001,LAS,NV,AWP,WE,Combined TRACON& Tower with Radar,961,97,153,49,1260,0,183,78,16,277,961,280,231,65,1537,0,0,0,1537
08/25/2001,LAS,NV,AWP,WE,Combined TRACON& Tower with Radar,830,81,129,41,1081,5,150,46,17,218,835,231,175,58,1299,0,0,0,1299
08/26/2001,LAS,NV,AWP,WE,Combined TRACON& Tower with Radar,871,85,135,43,1134,16,76,89,16,197,887,161,224,59,1331,0,0,0,1331
08/27/2001,LAS,NV,AWP,WE,Combined TRACON& Tower with Radar,924,91,143,46,1204,39,106,50,7,202,963,197,193,53,1406,0,0,0,1406
08/28/2001,LAS,NV,AWP,WE,Combined TRACON& Tower with Radar,891,87,138,44,1160,26,122,39,9,196,917,209,177,53,1356,0,0,0,1356
08/29/2001,LAS,NV,AWP,WE,Combined TRACON& Tower with Radar,888,87,138,44,1157,47,175,31,3,256,935,262,169,47,1413,0,0,0,1413
08/30/2001,LAS,NV,AWP,WE,Combined TRACON& Tower with Radar,935,96,151,48,1230,0,156,95,30,281,935,252,246,78,1511,0,0,0,1511
08/31/2001,LAS,NV,AWP,WE,Combined TRACON& Tower with Radar,1145,113,178,57,1493,0,126,76,33,235,1145,239,254,90,1728,0,0,0,1728
09/01/2001,LAS,NV,AWP,WE,Combined TRACON& Tower with Radar,818,98,130,35,1081,53,127,50,12,242,871,225,180,47,1323,0,0,0,1323
09/02/2001,LAS,NV,AWP,WE,Combined TRACON& Tower with Radar,829,99,131,37,1096,65,122,30,5,222,894,221,161,42,1318,0,0,0,1318
09/03/2001,LAS,NV,AWP,WE,Combined TRACON& Tower with Radar,893,112,148,40,1193,0,77,171,15,263,893,189,319,55,1456,0,0,0,1456
09/04/2001,LAS,NV,AWP,WE,Combined TRACON& Tower with Radar,875,105,139,38,1157,55,131,0,10,196,930,236,139,48,1353,0,0,0,1353
09/05/2001,LAS,NV,AWP,WE,Combined TRACON& Tower with Radar,849,101,135,37,1122,62,182,1,29,274,911,283,136,66,1396,0,0,0,1396
09/06/2001,LAS,NV,AWP,WE,Combined TRACON& Tower with Radar,944,112,151,41,1248,33,149,34,30,246,977,261,185,71,1494,0,0,0,1494
09/07/2001,LAS,NV,AWP,WE,Combined TRACON& Tower with Radar,965,116,154,41,1276,12,164,83,37,296,977,280,237,78,1572,0,0,0,1572
09/08/2001,LAS,NV,AWP,WE,Combined TRACON& Tower with Radar,816,98,130,35,1079,64,131,16,15,226,880,229,146,50,1305,0,0,0,1305
09/09/2001,LAS,NV,AWP,WE,Combined TRACON& Tower with Radar,925,113,150,40,1228,0,115,126,22,263,925,228,276,62,1491,0,0,0,1491
09/10/2001,LAS,NV,AWP,WE,Combined TRACON& Tower with Radar,921,109,147,40,1217,34,147,58,21,260,955,256,205,61,1477,0,0,0,1477
09/11/2001,LAS,NV,AWP,WE,Combined TRACON& Tower with Radar,184,22,28,8,242,10,31,0,2,43,194,53,28,10,285,0,0,0,285
09/12/2001,LAS,NV,AWP,WE,Combined TRACON& Tower with Radar,1,0,0,0,1,0,0,16,1,17,1,0,16,1,18,0,0,0,18
09/13/2001,LAS,NV,AWP,WE,Combined TRACON& Tower with Radar,85,29,20,10,144,0,193,0,11,204,85,222,20,21,348,0,0,0,348
09/14/2001,LAS,NV,AWP,WE,Combined TRACON& Tower with Radar,547,95,101,34,777,0,317,0,1,318,547,412,101,35,1095,0,0,0,1095
09/15/2001,LAS,NV,AWP,WE,Combined TRACON& Tower with Radar,710,87,110,20,927,0,136,0,0,136,710,223,110,20,1063,0,0,0,1063
09/16/2001,LAS,NV,AWP,WE,Combined TRACON& Tower with Radar,743,88,87,24,942,62,90,0,0,152,805,178,87,24,1094,0,0,0,1094
09/17/2001,LAS,NV,AWP,WE,Combined TRACON& Tower with Radar,811,96,101,25,1033,27,141,0,0,168,838,237,101,25,1201,0,0,0,1201
09/18/2001,LAS,NV,AWP,WE,Combined TRACON& Tower with Radar,791,94,82,26,993,17,159,0,0,176,808,253,82,26,1169,0,0,0,1169
09/19/2001,LAS,NV,AWP,WE,Combined TRACON& Tower with Radar,801,95,113,23,1032,20,143,0,0,163,821,238,113,23,1195,0,0,0,1195
09/20/2001,LAS,NV,AWP,WE,Combined TRACON& Tower with Radar,894,106,142,32,1174,16,118,0,0,134,910,224,142,32,1308,0,0,0,1308
09/21/2001,LAS,NV,AWP,WE,Combined TRACON& Tower with Radar,880,109,143,24,1156,0,62,41,0,103,880,171,184,24,1259,0,0,0,1259
09/22/2001,LAS,NV,AWP,WE,Combined TRACON& Tower with Radar,729,87,102,21,939,46,75,0,0,121,775,162,102,21,1060,0,0,0,1060
09/23/2001,LAS,NV,AWP,WE,Combined TRACON& Tower with Radar,841,106,140,37,1124,0,59,82,1,142,841,165,222,38,1266,0,0,0,1266
09/24/2001,LAS,NV,AWP,WE,Combined TRACON& Tower with Radar,829,99,127,22,1077,54,80,0,0,134,883,179,127,22,1211,0,0,0,1211
09/25/2001,LAS,NV,AWP,WE,Combined TRACON& Tower with Radar,805,96,110,34,1045,75,85,0,3,163,880,181,110,37,1208,0,0,0,1208
09/26/2001,LAS,NV,AWP,WE,Combined TRACON& Tower with Radar,801,96,127,33,1057,48,118,7,1,174,849,214,134,34,1231,0,0,0,1231
09/27/2001,LAS,NV,AWP,WE,Combined TRACON& Tower with Radar,890,106,141,37,1174,39,79,9,23,150,929,185,150,60,1324,0,0,0,1324
09/28/2001,LAS,NV,AWP,WE,Combined TRACON& Tower with Radar,879,104,139,37,1159,30,76,55,14,175,909,180,194,51,1334,0,0,0,1334
09/29/2001,LAS,NV,AWP,WE,Combined TRACON& Tower with Radar,782,93,124,33,1032,24,175,33,5,237,806,268,157,38,1269,0,0,0,1269
09/30/2001,LAS,NV,AWP,WE,Combined TRACON& Tower with Radar,871,107,143,38,1159,0,131,69,0,200,871,238,212,38,1359,0,0,0,1359
10/01/2001,LAS,NV,AWP,WE,Combined TRACON& Tower with Radar,825,72,133,29,1059,79,144,0,0,223,904,216,133,29,1282,0,0,0,1282
10/02/2001,LAS,NV,AWP,WE,Combined TRACON& Tower with Radar,814,71,162,27,1074,42,130,15,0,187,856,201,177,27,1261,0,0,0,1261
10/03/2001,LAS,NV,AWP,WE,Combined TRACON& Tower with Radar,818,72,163,32,1085,19,119,6,15,159,837,191,169,47,1244,0,0,0,1244
10/04/2001,LAS,NV,AWP,WE,Combined TRACON& Tower with Radar,916,79,182,36,1213,4,99,0,9,112,920,178,182,45,1325,0,0,0,1325
10/05/2001,LAS,NV,AWP,WE,Combined TRACON& Tower with Radar,880,77,175,34,1166,36,142,30,5,213,916,219,205,39,1379,0,0,0,1379
10/06/2001,LAS,NV,AWP,WE,Combined TRACON& Tower with Radar,768,67,123,29,987,69,152,0,5,226,837,219,123,34,1213,0,0,0,1213
10/07/2001,LAS,NV,AWP,WE,Combined TRACON& Tower with Radar,856,76,173,33,1138,0,123,36,3,162,856,199,209,36,1300,0,0,0,1300
10/08/2001,LAS,NV,AWP,WE,Combined TRACON& Tower with Radar,831,73,166,31,1101,29,125,2,0,156,860,198,168,31,1257,0,0,0,1257
10/09/2001,LAS,NV,AWP,WE,Combined TRACON& Tower with Radar,857,75,172,32,1136,6,184,8,12,210,863,259,180,44,1346,0,0,0,1346
10/10/2001,LAS,NV,AWP,WE,Combined TRACON& Tower with Radar,783,69,149,25,1026,61,167,0,0,228,844,236,149,25,1254,0,0,0,1254
10/11/2001,LAS,NV,AWP,WE,Combined TRACON& Tower with Radar,916,81,185,35,1217,0,153,29,18,200,916,234,214,53,1417,0,0,0,1417
10/12/2001,LAS,NV,AWP,WE,Combined TRACON& Tower with Radar,887,78,179,34,1178,0,112,44,11,167,887,190,223,45,1345,0,0,0,1345
10/13/2001,LAS,NV,AWP,WE,Combined TRACON& Tower with Radar,768,67,154,29,1018,44,104,10,8,166,812,171,164,37,1184,0,0,0,1184
10/14/2001,LAS,NV,AWP,WE,Combined TRACON& Tower with Radar,849,79,184,35,1147,0,133,65,14,212,849,212,249,49,1359,0,0,0,1359
10/15/2001,LAS,NV,AWP,WE,Combined TRACON& Tower with Radar,849,74,141,31,1095,62,125,0,0,187,911,199,141,31,1282,0,0,0,1282
10/16/2001,LAS,NV,AWP,WE,Combined TRACON& Tower with Radar,845,74,160,32,1111,47,115,0,20,182,892,189,160,52,1293,0,0,0,1293
10/17/2001,LAS,NV,AWP,WE,Combined TRACON& Tower with Radar,830,72,167,31,1100,0,125,22,12,159,830,197,189,43,1259,0,0,0,1259
10/18/2001,LAS,NV,AWP,WE,Combined TRACON& Tower with Radar,889,77,178,34,1178,0,110,22,10,142,889,187,200,44,1320,0,0,0,1320
10/19/2001,LAS,NV,AWP,WE,Combined TRACON& Tower with Radar,914,79,184,36,1213,0,99,58,27,184,914,178,242,63,1397,0,0,0,1397
10/20/2001,LAS,NV,AWP,WE,Combined TRACON& Tower with Radar,774,67,155,29,1025,30,128,2,7,167,804,195,157,36,1192,0,0,0,1192
10/21/2001,LAS,NV,AWP,WE,Combined TRACON& Tower with Radar,848,75,175,34,1132,0,112,34,6,152,848,187,209,40,1284,0,0,0,1284
10/22/2001,LAS,NV,AWP,WE,Combined TRACON& Tower with Radar,865,74,171,33,1143,29,112,0,16,157,894,186,171,49,1300,0,0,0,1300
10/23/2001,LAS,NV,AWP,WE,Combined TRACON& Tower with Radar,862,74,173,33,1142,0,128,49,15,192,862,202,222,48,1334,0,0,0,1334
10/24/2001,LAS,NV,AWP,WE,Combined TRACON& Tower with Radar,823,71,165,31,1090,30,117,32,6,185,853,188,197,37,1275,0,0,0,1275
10/25/2001,LAS,NV,AWP,WE,Combined TRACON& Tower with Radar,919,81,188,36,1224,0,132,76,21,229,919,213,264,57,1453,0,0,0,1453
10/26/2001,LAS,NV,AWP,WE,Combined TRACON& Tower with Radar,895,77,179,34,1185,2,116,56,32,206,897,193,235,66,1391,0,0,0,1391
10/27/2001,LAS,NV,AWP,WE,Combined TRACON& Tower with Radar,778,68,155,30,1031,6,141,58,15,220,784,209,213,45,1251,0,0,0,1251
10/28/2001,LAS,NV,AWP,WE,Combined TRACON& Tower with Radar,851,78,177,34,1140,0,73,115,16,204,851,151,292,50,1344,0,0,0,1344
10/29/2001,LAS,NV,AWP,WE,Combined TRACON& Tower with Radar,872,75,174,33,1154,30,90,48,8,176,902,165,222,41,1330,0,0,0,1330
10/30/2001,LAS,NV,AWP,WE,Combined TRACON& Tower with Radar,853,76,174,33,1136,0,92,62,5,159,853,168,236,38,1295,0,0,0,1295
10/31/2001,LAS,NV,AWP,WE,Combined TRACON& Tower with Radar,815,71,162,32,1080,28,72,37,10,147,843,143,199,42,1227,0,0,0,1227
11/01/2001,LAS,NV,AWP,WE,Combined TRACON& Tower with Radar,905,90,165,41,1201,7,61,75,6,149,912,151,240,47,1350,0,0,0,1350
11/02/2001,LAS,NV,AWP,WE,Combined TRACON& Tower with Radar,894,89,163,41,1187,0,115,88,12,215,894,204,251,53,1402,0,0,0,1402
11/03/2001,LAS,NV,AWP,WE,Combined TRACON& Tower with Radar,772,76,141,35,1024,9,99,66,20,194,781,175,207,55,1218,0,0,0,1218
11/04/2001,LAS,NV,AWP,WE,Combined TRACON& Tower with Radar,835,84,153,37,1109,0,92,85,0,177,835,176,238,37,1286,0,0,0,1286
11/05/2001,LAS,NV,AWP,WE,Combined TRACON& Tower with Radar,829,83,151,37,1100,34,131,0,10,175,863,214,151,47,1275,0,0,0,1275
11/06/2001,LAS,NV,AWP,WE,Combined TRACON& Tower with Radar,821,82,149,37,1089,23,166,38,2,229,844,248,187,39,1318,0,0,0,1318
11/07/2001,LAS,NV,AWP,WE,Combined TRACON& Tower with Radar,834,82,153,38,1107,13,157,36,3,209,847,239,189,41,1316,0,0,0,1316
11/08/2001,LAS,NV,AWP,WE,Combined TRACON& Tower with Radar,870,87,159,39,1155,40,130,95,9,274,910,217,254,48,1429,0,0,0,1429
11/09/2001,LAS,NV,AWP,WE,Combined TRACON& Tower with Radar,890,90,166,42,1188,0,143,51,29,223,890,233,217,71,1411,0,0,0,1411
11/10/2001,LAS,NV,AWP,WE,Combined TRACON& Tower with Radar,752,74,138,34,998,43,121,39,26,229,795,195,177,60,1227,0,0,0,1227
11/11/2001,LAS,NV,AWP,WE,Combined TRACON& Tower with Radar,819,85,157,38,1099,0,76,100,23,199,819,161,257,61,1298,0,0,0,1298
11/12/2001,LAS,NV,AWP,WE,Combined TRACON& Tower with Radar,801,80,147,35,1063,26,82,28,8,144,827,162,175,43,1207,0,0,0,1207
11/13/2001,LAS,NV,AWP,WE,Combined TRACON& Tower with Radar,855,86,158,38,1137,0,60,78,14,152,855,146,236,52,1289,0,0,0,1289
11/14/2001,LAS,NV,AWP,WE,Combined TRACON& Tower with Radar,828,83,153,37,1101,0,95,94,20,209,828,178,247,57,1310,0,0,0,1310
11/15/2001,LAS,NV,AWP,WE,Combined TRACON& Tower with Radar,864,91,167,40,1162,0,101,117,24,242,864,192,284,64,1404,0,0,0,1404
11/16/2001,LAS,NV,AWP,WE,Combined TRACON& Tower with Radar,890,95,176,42,1203,0,150,141,18,309,890,245,317,60,1512,0,0,0,1512
11/17/2001,LAS,NV,AWP,WE,Combined TRACON& Tower with Radar,777,79,149,36,1041,0,134,78,19,231,777,213,227,55,1272,0,0,0,1272
11/18/2001,LAS,NV,AWP,WE,Combined TRACON& Tower with Radar,838,90,167,41,1136,0,108,131,10,249,838,198,298,51,1385,0,0,0,1385
11/19/2001,LAS,NV,AWP,WE,Combined TRACON& Tower with Radar,842,82,154,37,1115,24,117,29,6,176,866,199,183,43,1291,0,0,0,1291
11/20/2001,LAS,NV,AWP,WE,Combined TRACON& Tower with Radar,789,77,144,35,1045,37,152,19,14,222,826,229,163,49,1267,0,0,0,1267
11/21/2001,LAS,NV,AWP,WE,Combined TRACON& Tower with Radar,849,84,155,31,1119,23,108,38,0,169,872,192,193,31,1288,0,0,0,1288
11/22/2001,LAS,NV,AWP,WE,Combined TRACON& Tower with Radar,639,63,65,25,792,105,75,0,0,180,744,138,65,25,972,0,0,0,972
11/23/2001,LAS,NV,AWP,WE,Combined TRACON& Tower with Radar,644,63,118,28,853,23,170,22,3,218,667,233,140,31,1071,0,0,0,1071
11/24/2001,LAS,NV,AWP,WE,Combined TRACON& Tower with Radar,667,67,102,29,865,68,102,0,7,177,735,169,102,36,1042,0,0,0,1042
11/25/2001,LAS,NV,AWP,WE,Combined TRACON& Tower with Radar,817,81,148,36,1082,35,83,20,7,145,852,164,168,43,1227,0,0,0,1227
11/26/2001,LAS,NV,AWP,WE,Combined TRACON& Tower with Radar,830,83,151,36,1100,38,68,8,12,126,868,151,159,48,1226,0,0,0,1226
11/27/2001,LAS,NV,AWP,WE,Combined TRACON& Tower with Radar,790,78,136,29,1033,65,95,0,0,160,855,173,136,29,1193,0,0,0,1193
11/28/2001,LAS,NV,AWP,WE,Combined TRACON& Tower with Radar,794,79,144,35,1052,38,112,2,6,158,832,191,146,41,1210,0,0,0,1210
11/29/2001,LAS,NV,AWP,WE,Combined TRACON& Tower with Radar,851,84,153,37,1125,39,42,0,5,86,890,126,153,42,1211,1,0,1,1212
11/30/2001,LAS,NV,AWP,WE,Combined TRACON& Tower with Radar,866,86,157,38,1147,10,43,57,15,125,876,129,214,53,1272,0,0,0,1272
12/01/2001,LAS,NV,AWP,WE,Combined TRACON& Tower with Radar,661,57,108,26,852,6,197,32,5,240,667,254,140,31,1092,0,0,0,1092
12/02/2001,LAS,NV,AWP,WE,Combined TRACON& Tower with Radar,819,72,134,32,1057,12,60,19,30,121,831,132,153,62,1178,0,0,0,1178
12/03/2001,LAS,NV,AWP,WE,Combined TRACON& Tower with Radar,830,72,125,33,1060,44,85,0,10,139,874,157,125,43,1199,0,0,0,1199
12/04/2001,LAS,NV,AWP,WE,Combined TRACON& Tower with Radar,816,71,133,28,1048,25,72,36,0,133,841,143,169,28,1181,0,0,0,1181
12/05/2001,LAS,NV,AWP,WE,Combined TRACON& Tower with Radar,812,70,132,32,1046,24,81,44,4,153,836,151,176,36,1199,0,0,0,1199
12/06/2001,LAS,NV,AWP,WE,Combined TRACON& Tower with Radar,880,78,145,35,1138,0,94,52,12,158,880,172,197,47,1296,0,0,0,1296
12/07/2001,LAS,NV,AWP,WE,Combined TRACON& Tower with Radar,868,80,150,36,1134,0,121,106,31,258,868,201,256,67,1392,0,0,0,1392
12/08/2001,LAS,NV,AWP,WE,Combined TRACON& Tower with Radar,756,65,124,30,975,29,97,61,8,195,785,162,185,38,1170,0,0,0,1170
12/09/2001,LAS,NV,AWP,WE,Combined TRACON& Tower with Radar,833,76,142,34,1085,0,68,102,22,192,833,144,244,56,1277,2,0,2,1279
12/10/2001,LAS,NV,AWP,WE,Combined TRACON& Tower with Radar,877,76,145,24,1122,10,95,36,0,141,887,171,181,24,1263,0,0,0,1263
12/11/2001,LAS,NV,AWP,WE,Combined TRACON& Tower with Radar,855,74,141,28,1098,3,60,57,0,120,858,134,198,28,1218,2,0,2,1220
12/12/2001,LAS,NV,AWP,WE,Combined TRACON& Tower with Radar,851,75,141,34,1101,0,109,75,4,188,851,184,216,38,1289,2,0,2,1291
12/13/2001,LAS,NV,AWP,WE,Combined TRACON& Tower with Radar,874,82,154,37,1147,0,97,121,23,241,874,179,275,60,1388,0,0,0,1388
12/14/2001,LAS,NV,AWP,WE,Combined TRACON& Tower with Radar,823,73,140,33,1069,0,107,51,2,160,823,180,191,35,1229,0,0,0,1229
12/15/2001,LAS,NV,AWP,WE,Combined TRACON& Tower with Radar,792,69,131,30,1022,13,101,21,6,141,805,170,152,36,1163,0,0,0,1163
12/16/2001,LAS,NV,AWP,WE,Combined TRACON& Tower with Radar,807,73,137,32,1049,0,66,78,12,156,807,139,215,44,1205,0,0,0,1205
12/17/2001,LAS,NV,AWP,WE,Combined TRACON& Tower with Radar,824,71,136,31,1062,27,70,30,13,140,851,141,166,44,1202,0,0,0,1202
12/18/2001,LAS,NV,AWP,WE,Combined TRACON& Tower with Radar,782,66,129,30,1007,44,77,10,5,136,826,143,139,35,1143,0,0,0,1143
12/19/2001,LAS,NV,AWP,WE,Combined TRACON& Tower with Radar,799,69,132,30,1030,7,56,67,13,143,806,125,199,43,1173,2,0,2,1175
12/20/2001,LAS,NV,AWP,WE,Combined TRACON& Tower with Radar,833,71,137,27,1068,51,58,11,0,120,884,129,148,27,1188,0,0,0,1188
12/21/2001,LAS,NV,AWP,WE,Combined TRACON& Tower with Radar,836,71,138,32,1077,39,43,4,4,90,875,114,142,36,1167,0,0,0,1167
12/22/2001,LAS,NV,AWP,WE,Combined TRACON& Tower with Radar,706,61,115,27,909,60,59,0,17,136,766,120,115,44,1045,0,0,0,1045
12/23/2001,LAS,NV,AWP,WE,Combined TRACON& Tower with Radar,697,59,88,23,867,91,54,0,0,145,788,113,88,23,1012,0,0,0,1012
12/24/2001,LAS,NV,AWP,WE,Combined TRACON& Tower with Radar,624,53,65,24,766,83,92,0,0,175,707,145,65,24,941,0,0,0,941
12/25/2001,LAS,NV,AWP,WE,Combined TRACON& Tower with Radar,587,51,56,20,714,97,57,0,0,154,684,108,56,20,868,0,0,0,868
12/26/2001,LAS,NV,AWP,WE,Combined TRACON& Tower with Radar,763,66,125,29,983,37,125,36,2,200,800,191,161,31,1183,0,0,0,1183
12/27/2001,LAS,NV,AWP,WE,Combined TRACON& Tower with Radar,848,74,139,32,1093,14,175,23,10,222,862,249,162,42,1315,0,0,0,1315
12/28/2001,LAS,NV,AWP,WE,Combined TRACON& Tower with Radar,855,76,143,34,1108,0,145,60,17,222,855,221,203,51,1330,0,0,0,1330
12/29/2001,LAS,NV,AWP,WE,Combined TRACON& Tower with Radar,788,73,136,32,1029,0,147,63,21,231,788,220,199,53,1260,0,0,0,1260
12/30/2001,LAS,NV,AWP,WE,Combined TRACON& Tower with Radar,758,73,136,32,999,0,185,87,32,304,758,258,223,64,1303,0,0,0,1303
12/31/2001,LAS,NV,AWP,WE,Combined TRACON& Tower with Radar,706,65,121,28,920,0,156,51,29,236,706,221,172,57,1156,0,0,0,1156
01/01/2002,LAS,NV,AWP,WE,Combined TRACON& Tower with Radar,680,75,137,39,931,0,154,111,26,291,680,229,248,65,1222,0,0,0,1222
01/02/2002,LAS,NV,AWP,WE,Combined TRACON& Tower with Radar,799,82,149,41,1071,0,205,56,14,275,799,287,205,55,1346,0,0,0,1346
01/03/2002,LAS,NV,AWP,WE,Combined TRACON& Tower with Radar,823,82,150,42,1097,41,143,4,11,199,864,225,154,53,1296,0,0,0,1296
01/04/2002,LAS,NV,AWP,WE,Combined TRACON& Tower with Radar,655,65,119,33,872,11,116,60,6,193,666,181,179,39,1065,1,0,1,1066
01/05/2002,LAS,NV,AWP,WE,Combined TRACON& Tower with Radar,724,72,132,35,963,47,106,20,0,173,771,178,152,35,1136,0,0,0,1136
01/06/2002,LAS,NV,AWP,WE,Combined TRACON& Tower with Radar,834,83,152,42,1111,6,108,91,8,213,840,191,243,50,1324,0,0,0,1324
01/07/2002,LAS,NV,AWP,WE,Combined TRACON& Tower with Radar,823,82,150,42,1097,24,89,40,11,164,847,171,190,53,1261,0,0,0,1261
01/08/2002,LAS,NV,AWP,WE,Combined TRACON& Tower with Radar,829,84,154,43,1110,0,62,103,7,172,829,146,257,50,1282,0,0,0,1282
01/09/2002,LAS,NV,AWP,WE,Combined TRACON& Tower with Radar,814,86,157,43,1100,0,74,124,12,210,814,160,281,55,1310,0,0,0,1310
01/10/2002,LAS,NV,AWP,WE,Combined TRACON& Tower with Radar,890,92,170,47,1199,0,77,121,12,210,890,169,291,59,1409,0,0,0,1409
01/11/2002,LAS,NV,AWP,WE,Combined TRACON& Tower with Radar,844,90,167,46,1147,0,84,126,56,266,844,174,293,102,1413,0,0,0,1413
01/12/2002,LAS,NV,AWP,WE,Combined TRACON& Tower with Radar,733,73,134,36,976,20,85,45,23,173,753,158,179,59,1149,0,0,0,1149
01/13/2002,LAS,NV,AWP,WE,Combined TRACON& Tower with Radar,767,76,141,38,1022,42,62,18,8,130,809,138,159,46,1152,0,0,0,1152
01/14/2002,LAS,NV,AWP,WE,Combined TRACON& Tower with Radar,771,77,134,38,1020,86,83,0,6,175,857,160,134,44,1195,0,0,0,1195
01/15/2002,LAS,NV,AWP,WE,Combined TRACON& Tower with Radar,772,76,141,38,1027,53,59,40,7,159,825,135,181,45,1186,3,0,3,1189
01/16/2002,LAS,NV,AWP,WE,Combined TRACON& Tower with Radar,793,78,145,40,1056,17,95,35,4,151,810,173,180,44,1207,0,0,0,1207
01/17/2002,LAS,NV,AWP,WE,Combined TRACON& Tower with Radar,860,84,158,42,1144,21,89,38,13,161,881,173,196,55,1305,0,0,0,1305
01/18/2002,LAS,NV,AWP,WE,Combined TRACON& Tower with Radar,872,86,162,43,1163,0,113,72,28,213,872,199,234,71,1376,0,0,0,1376
01/19/2002,LAS,NV,AWP,WE,Combined TRACON& Tower with Radar,722,71,132,36,961,34,137,25,14,210,756,208,157,50,1171,4,0,4,1175
01/20/2002,LAS,NV,AWP,WE,Combined TRACON& Tower with Radar,794,78,146,39,1057,29,102,43,31,205,823,180,189,70,1262,0,0,0,1262
01/21/2002,LAS,NV,AWP,WE,Combined TRACON& Tower with Radar,712,73,138,37,960,0,95,115,15,225,712,168,253,52,1185,0,0,0,1185
01/22/2002,LAS,NV,AWP,WE,Combined TRACON& Tower with Radar,823,81,152,41,1097,0,76,66,11,153,823,157,218,52,1250,0,0,0,1250
01/23/2002,LAS,NV,AWP,WE,Combined TRACON& Tower with Radar,775,76,142,38,1031,34,94,10,11,149,809,170,152,49,1180,0,0,0,1180
01/24/2002,LAS,NV,AWP,WE,Combined TRACON& Tower with Radar,841,83,154,41,1119,29,65,21,11,126,870,148,175,52,1245,0,0,0,1245
01/25/2002,LAS,NV,AWP,WE,Combined TRACON& Tower with Radar,874,86,161,43,1164,0,82,71,21,174,874,168,232,64,1338,0,0,0,1338
01/26/2002,LAS,NV,AWP,WE,Combined TRACON& Tower with Radar,722,72,131,35,960,7,143,38,26,214,729,215,169,61,1174,0,0,0,1174
01/27/2002,LAS,NV,AWP,WE,Combined TRACON& Tower with Radar,805,80,147,39,1071,0,71,55,0,126,805,151,202,39,1197,0,0,0,1197
01/28/2002,LAS,NV,AWP,WE,Combined TRACON& Tower with Radar,827,82,151,31,1091,38,87,4,0,129,865,169,155,31,1220,0,0,0,1220
01/29/2002,LAS,NV,AWP,WE,Combined TRACON& Tower with Radar,787,78,139,36,1040,46,101,0,0,147,833,179,139,36,1187,0,0,0,1187
01/30/2002,LAS,NV,AWP,WE,Combined TRACON& Tower with Radar,762,76,139,31,1008,43,75,16,0,134,805,151,155,31,1142,0,0,0,1142
01/31/2002,LAS,NV,AWP,WE,Combined TRACON& Tower with Radar,844,84,154,41,1123,40,93,53,9,195,884,177,207,50,1318,0,0,0,1318
02/01/2002,LAS,NV,AWP,WE,Combined TRACON& Tower with Radar,882,90,194,49,1215,0,103,173,21,297,882,193,367,70,1512,0,0,0,1512
02/02/2002,LAS,NV,AWP,WE,Combined TRACON& Tower with Radar,752,73,157,40,1022,0,113,98,14,225,752,186,255,54,1247,0,0,0,1247
02/03/2002,LAS,NV,AWP,WE,Combined TRACON& Tower with Radar,798,76,162,42,1078,30,42,73,2,147,828,118,235,44,1225,0,0,0,1225
02/04/2002,LAS,NV,AWP,WE,Combined TRACON& Tower with Radar,905,88,192,48,1233,0,83,109,9,201,905,171,301,57,1434,0,0,0,1434
02/05/2002,LAS,NV,AWP,WE,Combined TRACON& Tower with Radar,796,76,163,41,1076,46,78,56,1,181,842,154,219,42,1257,0,0,0,1257
02/06/2002,LAS,NV,AWP,WE,Combined TRACON& Tower with Radar,804,76,165,42,1087,24,128,48,19,219,828,204,213,61,1306,0,0,0,1306
02/07/2002,LAS,NV,AWP,WE,Combined TRACON& Tower with Radar,843,79,173,43,1138,52,102,5,11,170,895,181,178,54,1308,0,0,0,1308
02/08/2002,LAS,NV,AWP,WE,Combined TRACON& Tower with Radar,883,84,181,45,1193,0,104,59,27,190,883,188,240,72,1383,0,0,0,1383
02/09/2002,LAS,NV,AWP,WE,Combined TRACON& Tower with Radar,735,70,150,31,986,39,133,22,0,194,774,203,172,31,1180,0,0,0,1180
02/10/2002,LAS,NV,AWP,WE,Combined TRACON& Tower with Radar,859,81,178,44,1162,0,106,77,31,214,859,187,255,75,1376,0,0,0,1376
02/11/2002,LAS,NV,AWP,WE,Combined TRACON& Tower with Radar,852,81,174,38,1145,28,122,70,0,220,880,203,244,38,1365,0,0,0,1365
02/12/2002,LAS,NV,AWP,WE,Combined TRACON& Tower with Radar,857,82,177,44,1160,0,142,96,5,243,857,224,273,49,1403,0,0,0,1403
02/13/2002,LAS,NV,AWP,WE,Combined TRACON& Tower with Radar,834,83,179,44,1140,0,146,104,11,261,834,229,283,55,1401,2,0,2,1403
02/14/2002,LAS,NV,AWP,WE,Combined TRACON& Tower with Radar,929,87,191,47,1254,0,187,54,10,251,929,274,245,57,1505,0,0,0,1505
02/15/2002,LAS,NV,AWP,WE,Combined TRACON& Tower with Radar,915,88,189,46,1238,0,147,77,18,242,915,235,266,64,1480,0,0,0,1480
02/16/2002,LAS,NV,AWP,WE,Combined TRACON& Tower with Radar,736,69,146,37,988,38,152,0,20,210,774,221,146,57,1198,0,0,0,1198
02/17/2002,LAS,NV,AWP,WE,Combined TRACON& Tower with Radar,836,77,171,42,1126,22,121,9,14,166,858,198,180,56,1292,1,0,1,1293
02/18/2002,LAS,NV,AWP,WE,Combined TRACON& Tower with Radar,870,81,179,44,1174,0,159,69,0,228,870,240,248,44,1402,0,0,0,1402
02/19/2002,LAS,NV,AWP,WE,Combined TRACON& Tower with Radar,808,76,165,40,1089,31,156,17,28,232,839,232,182,68,1321,4,0,4,1325
02/20/2002,LAS,NV,AWP,WE,Combined TRACON& Tower with Radar,843,79,173,42,1137,0,157,52,22,231,843,236,225,64,1368,0,0,0,1368
02/21/2002,LAS,NV,AWP,WE,Combined TRACON& Tower with Radar,921,88,190,47,1246,0,122,81,16,219,921,210,271,63,1465,0,0,0,1465
02/22/2002,LAS,NV,AWP,WE,Combined TRACON& Tower with Radar,875,82,178,44,1179,31,154,34,34,253,906,236,212,78,1432,6,0,6,1438
02/23/2002,LAS,NV,AWP,WE,Combined TRACON& Tower with Radar,753,71,153,38,1015,20,186,27,16,249,773,257,180,54,1264,8,0,8,1272
02/24/2002,LAS,NV,AWP,WE,Combined TRACON& Tower with Radar,845,80,172,42,1139,21,83,76,22,202,866,163,248,64,1341,4,0,4,1345
02/25/2002,LAS,NV,AWP,WE,Combined TRACON& Tower with Radar,807,76,134,41,1058,89,104,0,13,206,896,180,134,54,1264,0,0,0,1264
02/26/2002,LAS,NV,AWP,WE,Combined TRACON& Tower with Radar,789,75,160,40,1064,64,115,35,15,229,853,190,195,55,1293,0,0,0,1293
02/27/2002,LAS,NV,AWP,WE,Combined TRACON& Tower with Radar,816,77,166,42,1101,31,102,43,11,187,847,179,209,53,1288,0,0,0,1288
02/28/2002,LAS,NV,AWP,WE,Combined TRACON& Tower with Radar,927,88,190,47,1252,0,80,109,16,205,927,168,299,63,1457,0,0,0,1457
03/01/2002,LAS,NV,AWP,WE,Combined TRACON& Tower with Radar,780,100,157,42,1079,1,73,87,17,178,781,173,244,59,1257,0,0,0,1257
03/02/2002,LAS,NV,AWP,WE,Combined TRACON& Tower with Radar,775,99,156,42,1072,6,174,30,24,234,781,273,186,66,1306,0,0,0,1306
03/03/2002,LAS,NV,AWP,WE,Combined TRACON& Tower with Radar,860,170,271,72,1373,0,589,77,11,677,860,759,348,83,2050,0,0,0,2050
03/04/2002,LAS,NV,AWP,WE,Combined TRACON& Tower with Radar,862,110,174,43,1189,53,148,50,0,251,915,258,224,43,1440,0,0,0,1440
03/05/2002,LAS,NV,AWP,WE,Combined TRACON& Tower with Radar,816,104,164,45,1129,59,135,45,0,239,875,239,209,45,1368,0,0,0,1368
03/06/2002,LAS,NV,AWP,WE,Combined TRACON& Tower with Radar,839,107,169,46,1161,23,122,71,3,219,862,229,240,49,1380,0,0,0,1380
03/07/2002,LAS,NV,AWP,WE,Combined TRACON& Tower with Radar,875,112,176,46,1209,58,107,13,0,178,933,219,189,46,1387,0,0,0,1387
03/08/2002,LAS,NV,AWP,WE,Combined TRACON& Tower with Radar,896,114,182,48,1240,26,131,39,22,218,922,245,221,70,1458,0,0,0,1458
03/09/2002,LAS,NV,AWP,WE,Combined TRACON& Tower with Radar,729,93,148,38,1008,69,122,4,19,214,798,215,152,57,1222,0,0,0,1222
03/10/2002,LAS,NV,AWP,WE,Combined TRACON& Tower with Radar,820,105,166,44,1135,30,74,60,19,183,850,179,226,63,1318,0,0,0,1318
03/11/2002,LAS,NV,AWP,WE,Combined TRACON& Tower with Radar,841,107,149,45,1142,87,114,0,11,212,928,221,149,56,1354,0,0,0,1354
03/12/2002,LAS,NV,AWP,WE,Combined TRACON& Tower with Radar,789,101,160,42,1092,94,103,6,21,224,883,204,166,63,1316,0,0,0,1316
03/13/2002,LAS,NV,AWP,WE,Combined TRACON& Tower with Radar,802,103,150,42,1097,63,39,0,9,111,865,142,150,51,1208,0,0,0,1208
03/14/2002,LAS,NV,AWP,WE,Combined TRACON& Tower with Radar,890,113,180,47,1230,82,125,27,16,250,972,238,207,63,1480,0,0,0,1480
03/15/2002,LAS,NV,AWP,WE,Combined TRACON& Tower with Radar,894,114,181,47,1236,33,114,56,27,230,927,228,237,74,1466,1,0,1,1467
03/16/2002,LAS,NV,AWP,WE,Combined TRACON& Tower with Radar,721,91,146,38,996,87,105,15,6,213,808,196,161,44,1209,0,0,0,1209
03/17/2002,LAS,NV,AWP,WE,Combined TRACON& Tower with Radar,845,107,171,45,1168,19,79,103,28,229,864,186,274,73,1397,1,0,1,1398
03/18/2002,LAS,NV,AWP,WE,Combined TRACON& Tower with Radar,885,112,179,46,1222,50,124,9,8,191,935,236,188,54,1413,0,0,0,1413
03/19/2002,LAS,NV,AWP,WE,Combined TRACON& Tower with Radar,862,109,174,45,1190,0,102,138,39,279,862,211,312,84,1469,0,0,0,1469
03/20/2002,LAS,NV,AWP,WE,Combined TRACON& Tower with Radar,852,114,183,47,1196,0,161,174,6,341,852,275,357,53,1537,0,0,0,1537
03/21/2002,LAS,NV,AWP,WE,Combined TRACON& Tower with Radar,933,131,209,55,1328,0,158,201,63,422,933,289,410,118,1750,0,0,0,1750
03/22/2002,LAS,NV,AWP,WE,Combined TRACON& Tower with Radar,898,125,200,52,1275,0,171,180,70,421,898,296,380,122,1696,0,0,0,1696
03/23/2002,LAS,NV,AWP,WE,Combined TRACON& Tower with Radar,816,105,168,45,1134,0,155,100,30,285,816,260,268,75,1419,0,0,0,1419
03/24/2002,LAS,NV,AWP,WE,Combined TRACON& Tower with Radar,883,115,184,48,1230,0,35,114,26,175,883,150,298,74,1405,0,0,0,1405
03/25/2002,LAS,NV,AWP,WE,Combined TRACON& Tower with Radar,865,109,175,45,1194,58,158,23,14,253,923,267,198,59,1447,0,0,0,1447
03/26/2002,LAS,NV,AWP,WE,Combined TRACON& Tower with Radar,801,101,160,42,1104,91,128,22,16,257,892,229,182,58,1361,0,0,0,1361
03/27/2002,LAS,NV,AWP,WE,Combined TRACON& Tower with Radar,836,107,168,44,1155,31,152,70,13,266,867,259,238,57,1421,0,0,0,1421
03/28/2002,LAS,NV,AWP,WE,Combined TRACON& Tower with Radar,880,112,177,46,1215,81,166,22,7,276,961,278,199,53,1491,0,0,0,1491
03/29/2002,LAS,NV,AWP,WE,Combined TRACON& Tower with Radar,850,108,171,45,1174,88,168,27,7,290,938,276,198,52,1464,0,0,0,1464
03/30/2002,LAS,NV,AWP,WE,Combined TRACON& Tower with Radar,677,87,126,35,925,101,172,0,9,282,778,259,126,44,1207,0,0,0,1207
03/31/2002,LAS,NV,AWP,WE,Combined TRACON& Tower with Radar,784,100,158,41,1083,76,150,21,2,249,860,250,179,43,1332,0,0,0,1332
04/01/2002,LAS,NV,AWP,WE,Combined TRACON& Tower with Radar,876,88,153,44,1161,52,160,0,29,241,928,248,153,73,1402,1,0,1,1403
04/02/2002,LAS,NV,AWP,WE,Combined TRACON& Tower with Radar,850,86,151,43,1130,42,172,43,6,263,892,258,194,49,1393,0,0,0,1393
04/03/2002,LAS,NV,AWP,WE,Combined TRACON& Tower with Radar,837,84,149,42,1112,38,188,30,10,266,875,272,179,52,1378,0,0,0,1378
04/04/2002,LAS,NV,AWP,WE,Combined TRACON& Tower with Radar,963,97,171,48,1279,4,163,61,43,271,967,260,232,91,1550,0,0,0,1550
04/05/2002,LAS,NV,AWP,WE,Combined TRACON& Tower with Radar,920,94,167,47,1228,0,155,85,26,266,920,249,252,73,1494,0,0,0,1494
04/06/2002,LAS,NV,AWP,WE,Combined TRACON& Tower with Radar,770,78,137,36,1021,28,179,77,0,284,798,257,214,36,1305,0,0,0,1305
04/07/2002,LAS,NV,AWP,WE,Combined TRACON& Tower with Radar,852,92,163,45,1152,0,164,125,14,303,852,256,288,59,1455,0,0,0,1455
04/08/2002,LAS,NV,AWP,WE,Combined TRACON& Tower with Radar,903,91,160,45,1199,25,138,47,9,219,928,229,207,54,1418,0,0,0,1418
04/09/2002,LAS,NV,AWP,WE,Combined TRACON& Tower with Radar,856,87,154,43,1140,0,150,93,16,259,856,237,247,59,1399,0,0,0,1399
04/10/2002,LAS,NV,AWP,WE,Combined TRACON& Tower with Radar,882,89,158,44,1173,0,144,73,15,232,882,233,231,59,1405,0,0,0,1405
04/11/2002,LAS,NV,AWP,WE,Combined TRACON& Tower with Radar,950,96,169,46,1261,24,111,52,25,212,974,207,221,71,1473,0,0,0,1473
04/12/2002,LAS,NV,AWP,WE,Combined TRACON& Tower with Radar,944,96,171,47,1258,0,138,130,25,293,944,234,301,72,1551,0,0,0,1551
04/13/2002,LAS,NV,AWP,WE,Combined TRACON& Tower with Radar,788,79,141,39,1047,39,181,53,13,286,827,260,194,52,1333,0,0,0,1333
04/14/2002,LAS,NV,AWP,WE,Combined TRACON& Tower with Radar,852,86,152,42,1132,7,165,44,36,252,859,251,196,78,1384,0,0,0,1384
04/15/2002,LAS,NV,AWP,WE,Combined TRACON& Tower with Radar,787,79,124,28,1018,80,15,0,0,95,867,94,124,28,1113,0,0,0,1113
04/16/2002,LAS,NV,AWP,WE,Combined TRACON& Tower with Radar,853,85,152,42,1132,27,200,38,14,279,880,285,190,56,1411,0,0,0,1411
04/17/2002,LAS,NV,AWP,WE,Combined TRACON& Tower with Radar,882,88,157,36,1163,30,102,63,0,195,912,190,220,36,1358,0,0,0,1358
04/18/2002,LAS,NV,AWP,WE,Combined TRACON& Tower with Radar,923,92,165,45,1225,25,189,54,17,285,948,281,219,62,1510,0,0,0,1510
04/19/2002,LAS,NV,AWP,WE,Combined TRACON& Tower with Radar,915,91,164,46,1216,0,155,45,30,230,915,246,209,76,1446,0,0,0,1446
04/20/2002,LAS,NV,AWP,WE,Combined TRACON& Tower with Radar,790,79,141,38,1048,31,173,22,1,227,821,252,163,39,1275,0,0,0,1275
04/21/2002,LAS,NV,AWP,WE,Combined TRACON& Tower with Radar,860,86,155,43,1144,0,145,104,28,277,860,231,259,71,1421,0,0,0,1421
04/22/2002,LAS,NV,AWP,WE,Combined TRACON& Tower with Radar,848,84,151,42,1125,73,132,7,22,234,921,216,158,64,1359,0,0,0,1359
04/23/2002,LAS,NV,AWP,WE,Combined TRACON& Tower with Radar,814,81,144,40,1079,68,162,0,17,247,882,243,144,57,1326,0,0,0,1326
04/24/2002,LAS,NV,AWP,WE,Combined TRACON& Tower with Radar,854,85,152,42,1133,16,198,65,5,284,870,283,217,47,1417,0,0,0,1417
04/25/2002,LAS,NV,AWP,WE,Combined TRACON& Tower with Radar,944,95,171,47,1257,0,168,105,12,285,944,263,276,59,1542,0,0,0,1542
04/26/2002,LAS,NV,AWP,WE,Combined TRACON& Tower with Radar,920,92,165,45,1222,0,143,91,37,271,920,235,256,82,1493,0,0,0,1493
04/27/2002,LAS,NV,AWP,WE,Combined TRACON& Tower with Radar,783,79,139,38,1039,26,164,33,19,242,809,243,172,57,1281,0,0,0,1281
04/28/2002,LAS,NV,AWP,WE,Combined TRACON& Tower with Radar,842,89,157,43,1131,0,168,107,24,299,842,257,264,67,1430,0,0,0,1430
04/29/2002,LAS,NV,AWP,WE,Combined TRACON& Tower with Radar,867,87,154,39,1147,74,179,16,0,269,941,266,170,39,1416,0,0,0,1416
04/30/2002,LAS,NV,AWP,WE,Combined TRACON& Tower with Radar,822,83,146,40,1091,64,165,1,8,238,886,248,147,48,1329,0,0,0,1329
05/01/2002,LAS,NV,AWP,WE,Combined TRACON& Tower with Radar,959,110,182,53,1304,54,126,26,7,213,1013,236,208,60,1517,0,0,0,1517
05/02/2002,LAS,NV,AWP,WE,Combined TRACON& Tower with Radar,933,108,178,51,1270,0,119,101,15,235,933,227,279,66,1505,0,0,0,1505
05/03/2002,LAS,NV,AWP,WE,Combined TRACON& Tower with Radar,914,105,174,50,1243,0,181,88,29,298,914,286,262,79,1541,0,0,0,1541
05/04/2002,LAS,NV,AWP,WE,Combined TRACON& Tower with Radar,764,88,145,42,1039,42,110,64,24,240,806,198,209,66,1279,0,0,0,1279
05/05/2002,LAS,NV,AWP,WE,Combined TRACON& Tower with Radar,854,97,162,47,1160,0,122,113,8,243,854,219,275,55,1403,0,0,0,1403
05/06/2002,LAS,NV,AWP,WE,Combined TRACON& Tower with Radar,849,98,161,46,1154,39,137,22,34,232,888,235,183,80,1386,0,0,0,1386
05/07/2002,LAS,NV,AWP,WE,Combined TRACON& Tower with Radar,821,93,156,45,1115,39,150,49,10,248,860,243,205,55,1363,0,0,0,1363
05/08/2002,LAS,NV,AWP,WE,Combined TRACON& Tower with Radar,813,93,154,44,1104,35,158,37,9,239,848,251,191,53,1343,0,0,0,1343
05/09/2002,LAS,NV,AWP,WE,Combined TRACON& Tower with Radar,954,111,184,53,1302,0,137,78,12,227,954,248,262,65,1529,0,0,0,1529
05/10/2002,LAS,NV,AWP,WE,Combined TRACON& Tower with Radar,959,110,182,52,1303,55,139,36,17,247,1014,249,218,69,1550,0,0,0,1550
05/11/2002,LAS,NV,AWP,WE,Combined TRACON& Tower with Radar,755,87,130,41,1013,62,254,0,0,316,817,341,130,41,1329,0,0,0,1329
05/12/2002,LAS,NV,AWP,WE,Combined TRACON& Tower with Radar,782,90,149,43,1064,51,129,31,17,228,833,219,180,60,1292,0,0,0,1292
05/13/2002,LAS,NV,AWP,WE,Combined TRACON& Tower with Radar,840,97,152,45,1134,62,124,0,7,193,902,221,152,52,1327,0,0,0,1327
05/14/2002,LAS,NV,AWP,WE,Combined TRACON& Tower with Radar,823,95,157,44,1119,53,159,24,12,248,876,254,181,56,1367,0,0,0,1367
05/15/2002,LAS,NV,AWP,WE,Combined TRACON& Tower with Radar,811,92,155,43,1101,41,138,34,3,216,852,230,189,46,1317,4,0,4,1321
05/16/2002,LAS,NV,AWP,WE,Combined TRACON& Tower with Radar,856,97,163,46,1162,50,139,7,10,206,906,236,170,56,1368,0,0,0,1368
05/17/2002,LAS,NV,AWP,WE,Combined TRACON& Tower with Radar,909,106,178,50,1243,0,124,109,36,269,909,230,287,86,1512,0,0,0,1512
05/18/2002,LAS,NV,AWP,WE,Combined TRACON& Tower with Radar,769,87,147,42,1045,38,197,60,8,303,807,284,207,50,1348,0,0,0,1348
05/19/2002,LAS,NV,AWP,WE,Combined TRACON& Tower with Radar,825,104,175,49,1153,0,191,156,52,399,825,295,331,101,1552,0,0,0,1552
05/20/2002,LAS,NV,AWP,WE,Combined TRACON& Tower with Radar,920,106,177,50,1253,0,125,61,13,199,920,231,238,63,1452,2,0,2,1454
05/21/2002,LAS,NV,AWP,WE,Combined TRACON& Tower with Radar,867,104,175,49,1195,0,169,73,15,257,867,273,248,64,1452,0,0,0,1452
05/22/2002,LAS,NV,AWP,WE,Combined TRACON& Tower with Radar,882,111,187,52,1232,0,191,158,36,385,882,302,345,88,1617,0,0,0,1617
05/23/2002,LAS,NV,AWP,WE,Combined TRACON& Tower with Radar,954,111,186,52,1303,0,194,73,5,272,954,305,259,57,1575,0,0,0,1575
05/24/2002,LAS,NV,AWP,WE,Combined TRACON& Tower with Radar,933,107,179,50,1269,0,171,117,22,310,933,278,296,72,1579,2,0,2,1581
05/25/2002,LAS,NV,AWP,WE,Combined TRACON& Tower with Radar,770,87,147,42,1046,38,218,71,8,335,808,305,218,50,1381,6,0,6,1387
05/26/2002,LAS,NV,AWP,WE,Combined TRACON& Tower with Radar,778,88,148,42,1056,26,205,85,7,323,804,293,233,49,1379,0,0,0,1379
05/27/2002,LAS,NV,AWP,WE,Combined TRACON& Tower with Radar,823,97,160,46,1126,0,154,98,28,280,823,251,258,74,1406,0,0,0,1406
05/28/2002,LAS,NV,AWP,WE,Combined TRACON& Tower with Radar,824,94,156,44,1118,54,130,45,16,245,878,224,201,60,1363,0,0,0,1363
05/29/2002,LAS,NV,AWP,WE,Combined TRACON& Tower with Radar,854,97,162,46,1159,43,162,30,0,235,897,259,192,46,1394,0,0,0,1394
05/30/2002,LAS,NV,AWP,WE,Combined TRACON& Tower with Radar,918,105,174,42,1239,51,117,40,0,208,969,222,214,42,1447,14,0,14,1461
05/31/2002,LAS,NV,AWP,WE,Combined TRACON& Tower with Radar,923,106,175,49,1253,9,126,99,12,246,932,232,274,61,1499,0,0,0,1499
06/01/2002,LAS,NV,AWP,WE,Combined TRACON& Tower with Radar,826,81,125,32,1064,42,139,48,0,229,868,220,173,32,1293,0,0,0,1293
06/02/2002,LAS,NV,AWP,WE,Combined TRACON& Tower with Radar,825,94,145,47,1111,0,201,186,54,441,825,295,331,101,1552,0,0,0,1552
06/03/2002,LAS,NV,AWP,WE,Combined TRACON& Tower with Radar,880,87,133,43,1143,64,147,4,10,225,944,234,137,53,1368,1,0,1,1369
06/04/2002,LAS,NV,AWP,WE,Combined TRACON& Tower with Radar,860,85,130,40,1115,13,187,52,2,254,873,272,182,42,1369,2,0,2,1371
06/05/2002,LAS,NV,AWP,WE,Combined TRACON& Tower with Radar,840,83,127,40,1090,69,189,20,2,280,909,272,147,42,1370,6,0,6,1376
06/06/2002,LAS,NV,AWP,WE,Combined TRACON& Tower with Radar,933,92,141,44,1210,41,136,28,33,238,974,228,169,77,1448,0,0,0,1448
06/07/2002,LAS,NV,AWP,WE,Combined TRACON& Tower with Radar,927,93,143,45,1208,0,159,86,28,273,927,252,229,73,1481,0,0,0,1481
06/08/2002,LAS,NV,AWP,WE,Combined TRACON& Tower with Radar,800,78,121,38,1037,45,116,38,25,224,845,194,159,63,1261,0,0,0,1261
06/09/2002,LAS,NV,AWP,WE,Combined TRACON& Tower with Radar,867,85,131,41,1124,47,106,44,9,206,914,191,175,50,1330,0,0,0,1330
06/10/2002,LAS,NV,AWP,WE,Combined TRACON& Tower with Radar,872,86,133,41,1132,50,130,8,2,190,922,216,141,43,1322,2,0,2,1324
06/11/2002,LAS,NV,AWP,WE,Combined TRACON& Tower with Radar,824,80,126,39,1069,50,167,35,11,263,874,247,161,50,1332,0,0,0,1332
06/12/2002,LAS,NV,AWP,WE,Combined TRACON& Tower with Radar,861,85,131,41,1118,26,163,49,15,253,887,248,180,56,1371,0,0,0,1371
06/13/2002,LAS,NV,AWP,WE,Combined TRACON& Tower with Radar,947,93,144,45,1229,9,188,89,12,298,956,281,233,57,1527,0,0,0,1527
06/14/2002,LAS,NV,AWP,WE,Combined TRACON& Tower with Radar,936,93,144,45,1218,0,164,71,21,256,936,257,215,66,1474,0,0,0,1474
06/15/2002,LAS,NV,AWP,WE,Combined TRACON& Tower with Radar,811,80,124,38,1053,52,129,45,1,227,863,209,169,39,1280,0,0,0,1280
06/16/2002,LAS,NV,AWP,WE,Combined TRACON& Tower with Radar,881,86,134,42,1143,0,105,100,9,214,881,191,234,51,1357,0,0,0,1357
06/17/2002,LAS,NV,AWP,WE,Combined TRACON& Tower with Radar,882,86,134,42,1144,37,143,9,20,209,919,229,143,62,1353,0,0,0,1353
06/18/2002,LAS,NV,AWP,WE,Combined TRACON& Tower with Radar,866,84,132,33,1115,47,192,7,0,246,913,276,139,33,1361,0,0,0,1361
06/19/2002,LAS,NV,AWP,WE,Combined TRACON& Tower with Radar,868,84,132,42,1126,10,174,47,14,245,878,258,179,56,1371,0,0,0,1371
06/20/2002,LAS,NV,AWP,WE,Combined TRACON& Tower with Radar,964,93,147,45,1249,2,133,86,2,223,966,226,233,47,1472,0,0,0,1472
06/21/2002,LAS,NV,AWP,WE,Combined TRACON& Tower with Radar,938,92,144,44,1218,0,185,96,18,299,938,277,240,62,1517,0,0,0,1517
06/22/2002,LAS,NV,AWP,WE,Combined TRACON& Tower with Radar,821,80,125,39,1065,16,142,65,19,242,837,222,190,58,1307,0,0,0,1307
06/23/2002,LAS,NV,AWP,WE,Combined TRACON& Tower with Radar,864,83,132,41,1120,24,156,76,10,266,888,239,208,51,1386,0,0,0,1386
06/24/2002,LAS,NV,AWP,WE,Combined TRACON& Tower with Radar,916,89,139,35,1179,35,154,59,0,248,951,243,198,35,1427,0,0,0,1427
06/25/2002,LAS,NV,AWP,WE,Combined TRACON& Tower with Radar,882,86,134,42,1144,4,165,61,5,235,886,251,195,47,1379,2,0,2,1381
06/26/2002,LAS,NV,AWP,WE,Combined TRACON& Tower with Radar,841,83,127,40,1091,37,171,60,7,275,878,254,187,47,1366,0,0,0,1366
06/27/2002,LAS,NV,AWP,WE,Combined TRACON& Tower with Radar,938,92,142,45,1217,0,144,63,9,216,938,236,205,54,1433,0,0,0,1433
06/28/2002,LAS,NV,AWP,WE,Combined TRACON& Tower with Radar,949,94,145,46,1234,0,161,105,34,300,949,255,250,80,1534,2,0,2,1536
06/29/2002,LAS,NV,AWP,WE,Combined TRACON& Tower with Radar,838,82,127,39,1086,2,146,53,20,221,840,228,180,59,1307,0,0,0,1307
06/30/2002,LAS,NV,AWP,WE,Combined TRACON& Tower with Radar,887,88,136,42,1153,0,104,84,19,207,887,192,220,61,1360,0,0,0,1360
07/01/2002,LAS,NV,AWP,WE,Combined TRACON& Tower with Radar,933,86,120,36,1175,20,137,35,12,204,953,223,155,48,1379,0,0,0,1379
07/02/2002,LAS,NV,AWP,WE,Combined TRACON& Tower with Radar,852,78,111,33,1074,41,149,30,15,235,893,227,141,48,1309,0,0,0,1309
07/03/2002,LAS,NV,AWP,WE,Combined TRACON& Tower with Radar,901,83,117,34,1135,10,185,17,12,224,911,268,134,46,1359,0,0,0,1359
07/04/2002,LAS,NV,AWP,WE,Combined TRACON& Tower with Radar,771,71,101,30,973,64,140,9,14,227,835,211,110,44,1200,0,0,0,1200
07/05/2002,LAS,NV,AWP,WE,Combined TRACON& Tower with Radar,753,70,98,29,950,33,211,26,16,286,786,281,124,45,1236,0,0,0,1236
07/06/2002,LAS,NV,AWP,WE,Combined TRACON& Tower with Radar,748,69,98,29,944,45,178,32,8,263,793,247,130,37,1207,0,0,0,1207
07/07/2002,LAS,NV,AWP,WE,Combined TRACON& Tower with Radar,894,83,119,35,1131,0,122,49,21,192,894,205,168,56,1323,0,0,0,1323
07/08/2002,LAS,NV,AWP,WE,Combined TRACON& Tower with Radar,891,82,116,34,1123,43,119,16,14,192,934,201,132,48,1315,0,0,0,1315
07/09/2002,LAS,NV,AWP,WE,Combined TRACON& Tower with Radar,863,80,112,32,1087,39,175,29,0,243,902,255,141,32,1330,0,0,0,1330
07/10/2002,LAS,NV,AWP,WE,Combined TRACON& Tower with Radar,880,80,115,33,1108,15,166,34,0,215,895,246,149,33,1323,0,0,0,1323
07/11/2002,LAS,NV,AWP,WE,Combined TRACON& Tower with Radar,934,85,122,36,1177,24,162,32,30,248,958,247,154,66,1425,0,0,0,1425
07/12/2002,LAS,NV,AWP,WE,Combined TRACON& Tower with Radar,921,85,120,35,1161,7,136,58,17,218,928,221,178,52,1379,0,0,0,1379
07/13/2002,LAS,NV,AWP,WE,Combined TRACON& Tower with Radar,843,77,110,29,1059,49,164,32,0,245,892,241,142,29,1304,0,0,0,1304
07/14/2002,LAS,NV,AWP,WE,Combined TRACON& Tower with Radar,912,83,119,35,1149,12,114,53,17,196,924,197,172,52,1345,0,0,0,1345
07/15/2002,LAS,NV,AWP,WE,Combined TRACON& Tower with Radar,935,85,122,36,1178,33,112,37,13,195,968,197,159,49,1373,0,0,0,1373
07/16/2002,LAS,NV,AWP,WE,Combined TRACON& Tower with Radar,899,83,116,33,1131,9,143,66,9,227,908,226,182,42,1358,0,0,0,1358
07/17/2002,LAS,NV,AWP,WE,Combined TRACON& Tower with Radar,888,82,115,33,1118,0,164,41,4,209,888,246,156,37,1327,0,0,0,1327
07/18/2002,LAS,NV,AWP,WE,Combined TRACON& Tower with Radar,985,91,128,37,1241,0,143,102,15,260,985,234,230,52,1501,0,0,0,1501
07/19/2002,LAS,NV,AWP,WE,Combined TRACON& Tower with Radar,914,83,118,34,1149,24,161,68,29,282,938,244,186,63,1431,0,0,0,1431
07/20/2002,LAS,NV,AWP,WE,Combined TRACON& Tower with Radar,806,73,104,30,1013,50,172,16,17,255,856,245,120,47,1268,0,0,0,1268
07/21/2002,LAS,NV,AWP,WE,Combined TRACON& Tower with Radar,861,80,112,32,1085,0,144,75,27,246,861,224,187,59,1331,0,0,0,1331
07/22/2002,LAS,NV,AWP,WE,Combined TRACON& Tower with Radar,909,85,119,34,1147,0,153,60,13,226,909,238,179,47,1373,0,0,0,1373
07/23/2002,LAS,NV,AWP,WE,Combined TRACON& Tower with Radar,878,80,113,33,1104,3,183,56,20,262,881,263,169,53,1366,0,0,0,1366
07/24/2002,LAS,NV,AWP,WE,Combined TRACON& Tower with Radar,890,81,115,33,1119,15,203,18,2,238,905,284,133,35,1357,0,0,0,1357
07/25/2002,LAS,NV,AWP,WE,Combined TRACON& Tower with Radar,981,90,127,36,1234,0,198,70,16,284,981,288,197,52,1518,0,0,0,1518
07/26/2002,LAS,NV,AWP,WE,Combined TRACON& Tower with Radar,939,88,123,35,1185,0,209,67,34,310,939,297,190,69,1495,0,0,0,1495
07/27/2002,LAS,NV,AWP,WE,Combined TRACON& Tower with Radar,820,75,106,30,1031,28,161,43,25,257,848,236,149,55,1288,0,0,0,1288
07/28/2002,LAS,NV,AWP,WE,Combined TRACON& Tower with Radar,868,79,112,32,1091,7,142,78,20,247,875,221,190,52,1338,0,0,0,1338
07/29/2002,LAS,NV,AWP,WE,Combined TRACON& Tower with Radar,886,81,114,33,1114,42,161,33,16,252,928,242,147,49,1366,0,0,0,1366
07/30/2002,LAS,NV,AWP,WE,Combined TRACON& Tower with Radar,890,84,118,34,1126,0,172,76,21,269,890,256,194,55,1395,0,0,0,1395
07/31/2002,LAS,NV,AWP,WE,Combined TRACON& Tower with Radar,907,83,117,34,1141,16,164,67,1,248,923,247,184,35,1389,0,0,0,1389
08/01/2002,LAS,NV,AWP,WE,Combined TRACON& Tower with Radar,925,103,133,43,1204,0,152,57,26,235,925,255,190,69,1439,0,0,0,1439
08/02/2002,LAS,NV,AWP,WE,Combined TRACON& Tower with Radar,932,103,134,43,1212,0,171,71,32,274,932,274,205,75,1486,0,0,0,1486
08/03/2002,LAS,NV,AWP,WE,Combined TRACON& Tower with Radar,800,89,114,37,1040,26,223,4,13,266,826,312,118,50,1306,2,0,2,1308
08/04/2002,LAS,NV,AWP,WE,Combined TRACON& Tower with Radar,888,101,131,42,1162,0,152,95,19,266,888,253,226,61,1428,0,0,0,1428
08/05/2002,LAS,NV,AWP,WE,Combined TRACON& Tower with Radar,876,97,125,35,1133,53,185,21,0,259,929,282,146,35,1392,3,0,3,1395
08/06/2002,LAS,NV,AWP,WE,Combined TRACON& Tower with Radar,838,92,120,39,1089,60,172,24,1,257,898,264,144,40,1346,0,0,0,1346
08/07/2002,LAS,NV,AWP,WE,Combined TRACON& Tower with Radar,860,95,123,40,1118,28,210,39,6,283,888,305,162,46,1401,2,0,2,1403
08/08/2002,LAS,NV,AWP,WE,Combined TRACON& Tower with Radar,939,104,134,43,1220,7,204,48,26,285,946,308,182,69,1505,0,0,0,1505
08/09/2002,LAS,NV,AWP,WE,Combined TRACON& Tower with Radar,906,100,129,42,1177,17,143,53,36,249,923,243,182,78,1426,0,0,0,1426
08/10/2002,LAS,NV,AWP,WE,Combined TRACON& Tower with Radar,797,87,115,37,1036,24,161,61,2,248,821,248,176,39,1284,0,0,0,1284
08/11/2002,LAS,NV,AWP,WE,Combined TRACON& Tower with Radar,896,101,133,42,1172,0,138,139,0,277,896,239,272,42,1449,0,0,0,1449
08/12/2002,LAS,NV,AWP,WE,Combined TRACON& Tower with Radar,895,99,129,40,1163,34,163,9,0,206,929,262,138,40,1369,0,0,0,1369
08/13/2002,LAS,NV,AWP,WE,Combined TRACON& Tower with Radar,863,95,124,33,1115,22,212,50,0,284,885,307,174,33,1399,0,0,0,1399
08/14/2002,LAS,NV,AWP,WE,Combined TRACON& Tower with Radar,883,98,128,40,1149,0,232,65,11,308,883,330,193,51,1457,0,0,0,1457
08/15/2002,LAS,NV,AWP,WE,Combined TRACON& Tower with Radar,945,105,139,44,1233,0,209,98,21,328,945,314,237,65,1561,0,0,0,1561
08/16/2002,LAS,NV,AWP,WE,Combined TRACON& Tower with Radar,926,101,133,42,1202,4,183,58,33,278,930,284,191,75,1480,0,0,0,1480
08/17/2002,LAS,NV,AWP,WE,Combined TRACON& Tower with Radar,795,87,114,36,1032,32,191,13,8,244,827,278,127,44,1276,0,0,0,1276
08/18/2002,LAS,NV,AWP,WE,Combined TRACON& Tower with Radar,873,98,129,40,1140,0,131,59,35,225,873,229,188,75,1365,0,0,0,1365
08/19/2002,LAS,NV,AWP,WE,Combined TRACON& Tower with Radar,891,97,128,41,1157,41,170,8,9,228,932,267,136,50,1385,0,0,0,1385
08/20/2002,LAS,NV,AWP,WE,Combined TRACON& Tower with Radar,811,88,113,35,1047,91,150,0,0,241,902,238,113,35,1288,0,0,0,1288
08/21/2002,LAS,NV,AWP,WE,Combined TRACON& Tower with Radar,845,92,122,38,1097,44,182,19,12,257,889,274,141,50,1354,0,0,0,1354
08/22/2002,LAS,NV,AWP,WE,Combined TRACON& Tower with Radar,940,103,135,42,1220,20,121,56,13,210,960,224,191,55,1430,0,0,0,1430
08/23/2002,LAS,NV,AWP,WE,Combined TRACON& Tower with Radar,938,103,136,43,1220,0,198,66,30,294,938,301,202,73,1514,0,0,0,1514
08/24/2002,LAS,NV,AWP,WE,Combined TRACON& Tower with Radar,768,84,111,34,997,58,144,36,18,256,826,228,147,52,1253,0,0,0,1253
08/25/2002,LAS,NV,AWP,WE,Combined TRACON& Tower with Radar,893,98,128,40,1159,2,112,117,19,250,895,210,245,59,1409,0,0,0,1409
08/26/2002,LAS,NV,AWP,WE,Combined TRACON& Tower with Radar,918,100,132,42,1192,0,116,50,10,176,918,216,182,52,1368,0,0,0,1368
08/27/2002,LAS,NV,AWP,WE,Combined TRACON& Tower with Radar,857,95,122,39,1113,50,110,34,1,195,907,205,156,40,1308,0,0,0,1308
08/28/2002,LAS,NV,AWP,WE,Combined TRACON& Tower with Radar,857,95,122,38,1112,20,127,49,14,210,877,222,171,52,1322,0,0,0,1322
08/29/2002,LAS,NV,AWP,WE,Combined TRACON& Tower with Radar,961,106,137,44,1248,0,130,53,18,201,961,236,190,62,1449,0,0,0,1449
08/30/2002,LAS,NV,AWP,WE,Combined TRACON& Tower with Radar,895,101,131,41,1168,0,141,103,15,259,895,242,234,56,1427,0,0,0,1427
08/31/2002,LAS,NV,AWP,WE,Combined TRACON& Tower with Radar,753,83,107,34,977,43,153,23,21,240,796,236,130,55,1217,0,0,0,1217
09/01/2002,LAS,NV,AWP,WE,Combined TRACON& Tower with Radar,762,86,115,36,999,59,153,35,11,258,821,239,150,47,1257,0,0,0,1257
09/02/2002,LAS,NV,AWP,WE,Combined TRACON& Tower with Radar,820,93,125,38,1076,35,93,66,19,213,855,186,191,57,1289,0,0,0,1289
09/03/2002,LAS,NV,AWP,WE,Combined TRACON& Tower with Radar,820,93,125,34,1072,33,169,18,0,220,853,262,143,34,1292,0,0,0,1292
09/04/2002,LAS,NV,AWP,WE,Combined TRACON& Tower with Radar,847,96,129,40,1112,44,175,12,4,235,891,271,141,44,1347,0,0,0,1347
09/05/2002,LAS,NV,AWP,WE,Combined TRACON& Tower with Radar,909,104,128,42,1183,63,129,0,5,197,972,233,128,47,1380,0,0,0,1380
09/06/2002,LAS,NV,AWP,WE,Combined TRACON& Tower with Radar,942,108,143,44,1237,8,146,54,3,211,950,254,197,47,1448,0,0,0,1448
09/07/2002,LAS,NV,AWP,WE,Combined TRACON& Tower with Radar,750,86,104,35,975,87,119,0,7,213,837,205,104,42,1188,0,0,0,1188
09/08/2002,LAS,NV,AWP,WE,Combined TRACON& Tower with Radar,833,94,127,39,1093,35,123,37,5,200,868,217,164,44,1293,0,0,0,1293
09/09/2002,LAS,NV,AWP,WE,Combined TRACON& Tower with Radar,847,96,123,40,1106,61,175,0,8,244,908,271,123,48,1350,0,0,0,1350
09/10/2002,LAS,NV,AWP,WE,Combined TRACON& Tower with Radar,834,94,126,39,1093,24,223,31,1,279,858,317,157,40,1372,0,0,0,1372
09/11/2002,LAS,NV,AWP,WE,Combined TRACON& Tower with Radar,815,93,124,38,1070,35,207,58,2,302,850,300,182,40,1372,0,0,0,1372
09/12/2002,LAS,NV,AWP,WE,Combined TRACON& Tower with Radar,921,105,140,43,1209,30,194,42,5,271,951,299,182,48,1480,0,0,0,1480
09/13/2002,LAS,NV,AWP,WE,Combined TRACON& Tower with Radar,938,116,155,48,1257,0,170,153,59,382,938,286,308,107,1639,0,0,0,1639
09/14/2002,LAS,NV,AWP,WE,Combined TRACON& Tower with Radar,820,96,129,39,1084,0,213,131,18,362,820,309,260,57,1446,0,0,0,1446
09/15/2002,LAS,NV,AWP,WE,Combined TRACON& Tower with Radar,876,110,147,44,1177,0,164,181,32,377,876,274,328,76,1554,0,0,0,1554
09/16/2002,LAS,NV,AWP,WE,Combined TRACON& Tower with Radar,903,103,137,41,1184,33,153,38,8,232,936,256,175,49,1416,0,0,0,1416
09/17/2002,LAS,NV,AWP,WE,Combined TRACON& Tower with Radar,859,98,131,39,1127,15,155,31,4,205,874,253,162,43,1332,0,0,0,1332
09/18/2002,LAS,NV,AWP,WE,Combined TRACON& Tower with Radar,879,99,133,40,1151,16,259,7,14,296,895,358,140,54,1447,0,0,0,1447
09/19/2002,LAS,NV,AWP,WE,Combined TRACON& Tower with Radar,956,108,144,44,1252,0,212,56,19,287,956,320,200,63,1539,0,0,0,1539
09/20/2002,LAS,NV,AWP,WE,Combined TRACON& Tower with Radar,976,111,147,45,1279,1,199,69,28,297,977,310,216,73,1576,1,0,1,1577
09/21/2002,LAS,NV,AWP,WE,Combined TRACON& Tower with Radar,797,91,120,36,1044,13,241,11,31,296,810,332,131,67,1340,0,0,0,1340
09/22/2002,LAS,NV,AWP,WE,Combined TRACON& Tower with Radar,877,100,133,40,1150,0,164,72,30,266,877,264,205,70,1416,0,0,0,1416
09/23/2002,LAS,NV,AWP,WE,Combined TRACON& Tower with Radar,860,97,130,39,1126,52,192,4,1,249,912,289,134,40,1375,0,0,0,1375
09/24/2002,LAS,NV,AWP,WE,Combined TRACON& Tower with Radar,830,94,125,38,1087,44,202,36,7,289,874,296,161,45,1376,0,0,0,1376
09/25/2002,LAS,NV,AWP,WE,Combined TRACON& Tower with Radar,860,97,130,39,1126,28,188,27,17,260,888,285,157,56,1386,0,0,0,1386
09/26/2002,LAS,NV,AWP,WE,Combined TRACON& Tower with Radar,968,110,146,44,1268,15,206,40,6,267,983,316,186,50,1535,0,0,0,1535
09/27/2002,LAS,NV,AWP,WE,Combined TRACON& Tower with Radar,927,105,140,42,1214,19,158,62,23,262,946,263,202,65,1476,0,0,0,1476
09/28/2002,LAS,NV,AWP,WE,Combined TRACON& Tower with Radar,819,93,124,37,1073,0,188,40,16,244,819,281,164,53,1317,0,0,0,1317
09/29/2002,LAS,NV,AWP,WE,Combined TRACON& Tower with Radar,871,103,138,42,1154,0,148,115,5,268,871,251,253,47,1422,0,0,0,1422
09/30/2002,LAS,NV,AWP,WE,Combined TRACON& Tower with Radar,870,99,131,40,1140,51,195,12,8,266,921,294,143,48,1406,0,0,0,1406
10/01/2002,LAS,NV,AWP,WE,Combined TRACON& Tower with Radar,815,94,129,42,1080,67,148,0,0,215,882,242,129,42,1295,0,0,0,1295
10/02/2002,LAS,NV,AWP,WE,Combined TRACON& Tower with Radar,873,101,156,46,1176,19,93,43,0,155,892,194,199,46,1331,0,0,0,1331
10/03/2002,LAS,NV,AWP,WE,Combined TRACON& Tower with Radar,949,110,169,56,1284,2,190,47,25,264,951,300,216,81,1548,0,0,0,1548
10/04/2002,LAS,NV,AWP,WE,Combined TRACON& Tower with Radar,960,114,176,58,1308,0,162,86,37,285,960,276,262,95,1593,0,0,0,1593
10/05/2002,LAS,NV,AWP,WE,Combined TRACON& Tower with Radar,787,91,140,46,1064,40,160,38,29,267,827,251,178,75,1331,0,0,0,1331
10/06/2002,LAS,NV,AWP,WE,Combined TRACON& Tower with Radar,881,102,157,51,1191,12,172,84,22,290,893,274,241,73,1481,0,0,0,1481
10/07/2002,LAS,NV,AWP,WE,Combined TRACON& Tower with Radar,869,100,151,39,1159,78,169,0,0,247,947,269,151,39,1406,0,0,0,1406
10/08/2002,LAS,NV,AWP,WE,Combined TRACON& Tower with Radar,866,101,156,51,1174,0,216,69,2,287,866,317,225,53,1461,0,0,0,1461
10/09/2002,LAS,NV,AWP,WE,Combined TRACON& Tower with Radar,860,101,156,50,1167,0,239,80,17,336,860,340,236,67,1503,0,0,0,1503
10/10/2002,LAS,NV,AWP,WE,Combined TRACON& Tower with Radar,965,112,172,55,1304,8,221,77,5,311,973,333,249,60,1615,0,0,0,1615
10/11/2002,LAS,NV,AWP,WE,Combined TRACON& Tower with Radar,939,114,176,56,1285,0,89,114,37,240,939,203,290,93,1525,0,0,0,1525
10/12/2002,LAS,NV,AWP,WE,Combined TRACON& Tower with Radar,814,94,145,47,1100,31,176,20,35,262,845,270,165,82,1362,0,0,0,1362
10/13/2002,LAS,NV,AWP,WE,Combined TRACON& Tower with Radar,879,105,163,52,1199,0,179,98,37,314,879,284,261,89,1513,0,0,0,1513
10/14/2002,LAS,NV,AWP,WE,Combined TRACON& Tower with Radar,887,103,158,51,1199,2,200,21,22,245,889,303,179,73,1444,0,0,0,1444
10/15/2002,LAS,NV,AWP,WE,Combined TRACON& Tower with Radar,853,98,152,48,1151,48,168,21,0,237,901,266,173,48,1388,0,0,0,1388
10/16/2002,LAS,NV,AWP,WE,Combined TRACON& Tower with Radar,885,103,158,51,1197,0,195,45,13,253,885,298,203,64,1450,0,0,0,1450
10/17/2002,LAS,NV,AWP,WE,Combined TRACON& Tower with Radar,974,111,174,56,1315,31,110,48,22,211,1005,221,222,78,1526,0,0,0,1526
10/18/2002,LAS,NV,AWP,WE,Combined TRACON& Tower with Radar,916,109,170,54,1249,0,185,85,38,308,916,294,255,92,1557,0,0,0,1557
10/19/2002,LAS,NV,AWP,WE,Combined TRACON& Tower with Radar,799,91,143,46,1079,53,192,14,16,275,852,283,157,62,1354,0,0,0,1354
10/20/2002,LAS,NV,AWP,WE,Combined TRACON& Tower with Radar,898,103,161,51,1213,0,160,64,34,258,898,263,225,85,1471,0,0,0,1471
10/21/2002,LAS,NV,AWP,WE,Combined TRACON& Tower with Radar,848,97,134,49,1128,72,166,0,18,256,920,263,134,67,1384,0,0,0,1384
10/22/2002,LAS,NV,AWP,WE,Combined TRACON& Tower with Radar,817,93,147,44,1101,68,167,6,0,241,885,260,153,44,1342,0,0,0,1342
10/23/2002,LAS,NV,AWP,WE,Combined TRACON& Tower with Radar,834,95,150,48,1127,42,200,13,23,278,876,295,163,71,1405,0,0,0,1405
10/24/2002,LAS,NV,AWP,WE,Combined TRACON& Tower with Radar,946,108,169,55,1278,18,171,64,27,280,964,279,233,82,1558,0,0,0,1558
10/25/2002,LAS,NV,AWP,WE,Combined TRACON& Tower with Radar,960,110,172,55,1297,1,198,64,19,282,961,308,236,74,1579,0,0,0,1579
10/26/2002,LAS,NV,AWP,WE,Combined TRACON& Tower with Radar,798,91,143,46,1078,42,121,0,10,173,840,212,143,56,1251,0,0,0,1251
10/27/2002,LAS,NV,AWP,WE,Combined TRACON& Tower with Radar,881,101,158,50,1190,2,107,73,9,191,883,208,231,59,1381,0,0,0,1381
10/28/2002,LAS,NV,AWP,WE,Combined TRACON& Tower with Radar,897,103,161,51,1212,43,185,8,7,243,940,288,169,58,1455,0,0,0,1455
10/29/2002,LAS,NV,AWP,WE,Combined TRACON& Tower with Radar,873,100,157,50,1180,3,163,42,13,221,876,263,199,63,1401,0,0,0,1401
10/30/2002,LAS,NV,AWP,WE,Combined TRACON& Tower with Radar,870,99,156,50,1175,10,169,38,0,217,880,268,194,50,1392,0,0,0,1392
10/31/2002,LAS,NV,AWP,WE,Combined TRACON& Tower with Radar,899,103,161,51,1214,65,125,46,7,243,964,228,207,58,1457,0,0,0,1457
11/01/2002,LAS,NV,AWP,WE,Combined TRACON& Tower with Radar,903,98,178,59,1238,22,157,52,7,238,925,255,230,66,1476,0,0,0,1476
11/02/2002,LAS,NV,AWP,WE,Combined TRACON& Tower with Radar,756,83,149,49,1037,48,169,30,7,254,804,252,179,56,1291,0,0,0,1291
11/03/2002,LAS,NV,AWP,WE,Combined TRACON& Tower with Radar,822,90,162,54,1128,46,143,57,14,260,868,233,219,68,1388,0,0,0,1388
11/04/2002,LAS,NV,AWP,WE,Combined TRACON& Tower with Radar,923,101,182,58,1264,8,56,80,0,144,931,157,262,58,1408,0,0,0,1408
11/05/2002,LAS,NV,AWP,WE,Combined TRACON& Tower with Radar,850,93,167,55,1165,18,144,73,21,256,868,237,240,76,1421,1,0,1,1422
11/06/2002,LAS,NV,AWP,WE,Combined TRACON& Tower with Radar,844,100,180,59,1183,0,171,139,36,346,844,271,319,95,1529,0,0,0,1529
11/07/2002,LAS,NV,AWP,WE,Combined TRACON& Tower with Radar,862,99,178,60,1199,0,170,124,22,316,862,269,302,82,1515,0,0,0,1515
11/08/2002,LAS,NV,AWP,WE,Combined TRACON& Tower with Radar,861,102,184,60,1207,0,110,92,8,210,861,212,276,68,1417,0,0,0,1417
11/09/2002,LAS,NV,AWP,WE,Combined TRACON& Tower with Radar,722,79,140,46,987,43,137,0,20,200,765,216,140,66,1187,0,0,0,1187
11/10/2002,LAS,NV,AWP,WE,Combined TRACON& Tower with Radar,792,87,156,50,1085,23,139,98,4,264,815,226,254,54,1349,0,0,0,1349
11/11/2002,LAS,NV,AWP,WE,Combined TRACON& Tower with Radar,800,88,157,51,1096,21,181,82,4,288,821,269,239,55,1384,0,0,0,1384
11/12/2002,LAS,NV,AWP,WE,Combined TRACON& Tower with Radar,784,86,154,51,1075,32,208,37,15,292,816,294,191,66,1367,0,0,0,1367
11/13/2002,LAS,NV,AWP,WE,Combined TRACON& Tower with Radar,755,83,148,48,1034,65,188,28,16,297,820,271,176,64,1331,0,0,0,1331
11/14/2002,LAS,NV,AWP,WE,Combined TRACON& Tower with Radar,873,95,171,56,1195,2,183,57,27,269,875,278,228,83,1464,1,0,1,1465
11/15/2002,LAS,NV,AWP,WE,Combined TRACON& Tower with Radar,861,97,173,56,1187,0,147,64,43,254,861,244,237,99,1441,0,0,0,1441
11/16/2002,LAS,NV,AWP,WE,Combined TRACON& Tower with Radar,721,79,143,46,989,4,176,62,37,279,725,255,205,83,1268,0,0,0,1268
11/17/2002,LAS,NV,AWP,WE,Combined TRACON& Tower with Radar,805,98,179,58,1140,0,147,185,19,351,805,245,364,77,1491,0,0,0,1491
11/18/2002,LAS,NV,AWP,WE,Combined TRACON& Tower with Radar,833,90,165,54,1142,20,138,83,0,241,853,228,248,54,1383,0,0,0,1383
11/19/2002,LAS,NV,AWP,WE,Combined TRACON& Tower with Radar,804,87,159,52,1102,0,170,46,18,234,804,257,205,70,1336,0,0,0,1336
11/20/2002,LAS,NV,AWP,WE,Combined TRACON& Tower with Radar,819,89,163,53,1124,0,181,64,14,259,819,270,227,67,1383,0,0,0,1383
11/21/2002,LAS,NV,AWP,WE,Combined TRACON& Tower with Radar,854,94,172,55,1175,0,139,102,32,273,854,233,274,87,1448,0,0,0,1448
11/22/2002,LAS,NV,AWP,WE,Combined TRACON& Tower with Radar,839,91,166,53,1149,10,126,106,28,270,849,217,272,81,1419,0,0,0,1419
11/23/2002,LAS,NV,AWP,WE,Combined TRACON& Tower with Radar,713,77,141,46,977,44,179,49,15,287,757,256,190,61,1264,0,0,0,1264
11/24/2002,LAS,NV,AWP,WE,Combined TRACON& Tower with Radar,745,81,147,47,1020,58,113,40,12,223,803,194,187,59,1243,0,0,0,1243
11/25/2002,LAS,NV,AWP,WE,Combined TRACON& Tower with Radar,735,79,93,37,944,107,130,0,0,237,842,209,93,37,1181,3,0,3,1184
11/26/2002,LAS,NV,AWP,WE,Combined TRACON& Tower with Radar,737,80,132,38,987,81,193,0,0,274,818,273,132,38,1261,0,0,0,1261
11/27/2002,LAS,NV,AWP,WE,Combined TRACON& Tower with Radar,799,86,158,52,1095,21,231,27,2,281,820,317,185,54,1376,0,0,0,1376
11/28/2002,LAS,NV,AWP,WE,Combined TRACON& Tower with Radar,604,65,67,37,773,105,120,0,0,225,709,185,67,37,998,0,0,0,998
11/29/2002,LAS,NV,AWP,WE,Combined TRACON& Tower with Radar,641,69,126,41,877,6,184,36,33,259,647,253,162,74,1136,0,0,0,1136
11/30/2002,LAS,NV,AWP,WE,Combined TRACON& Tower with Radar,679,74,133,43,929,6,124,9,5,144,685,198,142,48,1073,0,0,0,1073
12/01/2002,LAS,NV,AWP,WE,Combined TRACON& Tower with Radar,806,79,145,46,1076,0,133,93,16,242,806,212,238,62,1318,0,0,0,1318
12/02/2002,LAS,NV,AWP,WE,Combined TRACON& Tower with Radar,802,74,136,44,1056,41,131,16,2,190,843,205,152,46,1246,2,0,2,1248
12/03/2002,LAS,NV,AWP,WE,Combined TRACON& Tower with Radar,784,72,133,42,1031,15,173,32,19,239,799,245,165,61,1270,0,0,0,1270
12/04/2002,LAS,NV,AWP,WE,Combined TRACON& Tower with Radar,796,74,136,37,1043,0,140,90,0,230,796,214,226,37,1273,0,0,0,1273
12/05/2002,LAS,NV,AWP,WE,Combined TRACON& Tower with Radar,857,81,148,47,1133,0,138,68,16,222,857,219,216,63,1355,0,0,0,1355
12/06/2002,LAS,NV,AWP,WE,Combined TRACON& Tower with Radar,868,81,149,47,1145,0,32,120,16,168,868,113,269,63,1313,0,0,0,1313
12/07/2002,LAS,NV,AWP,WE,Combined TRACON& Tower with Radar,710,66,121,38,935,18,147,37,7,209,728,213,158,45,1144,0,0,0,1144
12/08/2002,LAS,NV,AWP,WE,Combined TRACON& Tower with Radar,775,74,137,43,1029,0,83,101,40,224,775,157,238,83,1253,0,0,0,1253
12/09/2002,LAS,NV,AWP,WE,Combined TRACON& Tower with Radar,815,77,142,45,1079,0,114,75,19,208,815,191,217,64,1287,0,0,0,1287
12/10/2002,LAS,NV,AWP,WE,Combined TRACON& Tower with Radar,765,75,139,44,1023,0,144,91,12,247,765,219,230,56,1270,0,0,0,1270
12/11/2002,LAS,NV,AWP,WE,Combined TRACON& Tower with Radar,790,74,137,43,1044,0,114,76,16,206,790,188,213,59,1250,0,0,0,1250
12/12/2002,LAS,NV,AWP,WE,Combined TRACON& Tower with Radar,851,81,149,47,1128,0,122,67,24,213,851,203,216,71,1341,0,0,0,1341
12/13/2002,LAS,NV,AWP,WE,Combined TRACON& Tower with Radar,839,82,151,48,1120,0,90,104,29,223,839,172,255,77,1343,0,0,0,1343
12/14/2002,LAS,NV,AWP,WE,Combined TRACON& Tower with Radar,681,63,116,36,896,46,128,32,11,217,727,191,148,47,1113,0,0,0,1113
12/15/2002,LAS,NV,AWP,WE,Combined TRACON& Tower with Radar,761,72,135,42,1010,0,74,81,2,157,761,146,216,44,1167,2,0,2,1169
12/16/2002,LAS,NV,AWP,WE,Combined TRACON& Tower with Radar,764,70,120,31,985,52,106,0,0,158,816,176,120,31,1143,4,0,4,1147
12/17/2002,LAS,NV,AWP,WE,Combined TRACON& Tower with Radar,730,66,125,39,960,33,91,8,1,133,763,157,133,40,1093,0,0,0,1093
12/18/2002,LAS,NV,AWP,WE,Combined TRACON& Tower with Radar,734,67,115,38,954,26,81,0,0,107,760,148,115,38,1061,0,0,0,1061
12/19/2002,LAS,NV,AWP,WE,Combined TRACON& Tower with Radar,808,74,138,43,1063,44,93,22,18,177,852,167,160,61,1240,0,0,0,1240
12/20/2002,LAS,NV,AWP,WE,Combined TRACON& Tower with Radar,804,73,132,44,1053,34,22,0,2,58,838,95,132,46,1111,0,0,0,1111
12/21/2002,LAS,NV,AWP,WE,Combined TRACON& Tower with Radar,708,65,89,29,891,49,79,0,0,128,757,144,89,29,1019,0,0,0,1019
12/22/2002,LAS,NV,AWP,WE,Combined TRACON& Tower with Radar,716,65,107,35,923,78,95,0,0,173,794,160,107,35,1096,0,0,0,1096
12/23/2002,LAS,NV,AWP,WE,Combined TRACON& Tower with Radar,762,70,130,40,1002,49,120,16,12,197,811,190,146,52,1199,12,0,12,1211
12/24/2002,LAS,NV,AWP,WE,Combined TRACON& Tower with Radar,628,57,89,33,807,66,136,0,0,202,694,193,89,33,1009,0,0,0,1009
12/25/2002,LAS,NV,AWP,WE,Combined TRACON& Tower with Radar,526,49,53,21,649,76,90,0,0,166,602,139,53,21,815,0,0,0,815
12/26/2002,LAS,NV,AWP,WE,Combined TRACON& Tower with Radar,760,70,129,41,1000,45,183,18,25,271,805,253,147,66,1271,0,0,0,1271
12/27/2002,LAS,NV,AWP,WE,Combined TRACON& Tower with Radar,799,74,136,43,1052,0,190,69,12,271,799,264,205,55,1323,0,0,0,1323
12/28/2002,LAS,NV,AWP,WE,Combined TRACON& Tower with Radar,706,65,120,37,928,21,204,43,16,284,727,269,163,53,1212,0,0,0,1212
12/29/2002,LAS,NV,AWP,WE,Combined TRACON& Tower with Radar,770,71,130,41,1012,11,210,26,20,267,781,281,156,61,1279,0,0,0,1279
12/30/2002,LAS,NV,AWP,WE,Combined TRACON& Tower with Radar,806,77,142,45,1070,0,226,103,21,350,806,303,245,66,1420,0,0,0,1420
12/31/2002,LAS,NV,AWP,WE,Combined TRACON& Tower with Radar,694,64,117,34,909,35,194,54,0,283,729,258,171,34,1192,0,0,0,1192
01/01/2003,LAS,NV,AWP,WE,Combined TRACON& Tower with Radar,650,64,143,40,897,0,253,106,0,359,650,317,249,40,1256,3,0,3,1259
01/02/2003,LAS,NV,AWP,WE,Combined TRACON& Tower with Radar,828,80,182,57,1147,24,225,64,5,318,852,305,246,62,1465,0,0,0,1465
01/03/2003,LAS,NV,AWP,WE,Combined TRACON& Tower with Radar,771,75,169,53,1068,53,225,0,8,286,824,300,169,61,1354,0,0,0,1354
01/04/2003,LAS,NV,AWP,WE,Combined TRACON& Tower with Radar,698,68,153,49,968,38,172,25,23,258,736,240,178,72,1226,0,0,0,1226
01/05/2003,LAS,NV,AWP,WE,Combined TRACON& Tower with Radar,746,73,164,51,1034,43,104,20,3,170,789,177,184,54,1204,0,0,0,1204
01/06/2003,LAS,NV,AWP,WE,Combined TRACON& Tower with Radar,751,73,130,52,1006,85,121,0,4,210,836,194,130,56,1216,0,0,0,1216
01/07/2003,LAS,NV,AWP,WE,Combined TRACON& Tower with Radar,727,71,134,45,977,90,130,0,0,220,817,201,134,45,1197,0,0,0,1197
01/08/2003,LAS,NV,AWP,WE,Combined TRACON& Tower with Radar,809,80,181,56,1126,0,99,49,13,161,809,179,230,69,1287,13,0,13,1300
01/09/2003,LAS,NV,AWP,WE,Combined TRACON& Tower with Radar,863,88,197,60,1208,0,89,91,30,210,863,177,288,90,1418,0,0,0,1418
01/10/2003,LAS,NV,AWP,WE,Combined TRACON& Tower with Radar,843,87,197,61,1188,0,125,71,19,215,843,212,268,80,1403,0,0,0,1403
01/11/2003,LAS,NV,AWP,WE,Combined TRACON& Tower with Radar,748,74,168,52,1042,0,123,64,15,202,748,197,232,67,1244,0,0,0,1244
01/12/2003,LAS,NV,AWP,WE,Combined TRACON& Tower with Radar,786,76,173,53,1088,16,94,84,14,208,802,170,257,67,1296,0,0,0,1296
01/13/2003,LAS,NV,AWP,WE,Combined TRACON& Tower with Radar,763,75,144,51,1033,96,124,0,3,223,859,199,144,54,1256,2,0,2,1258
01/14/2003,LAS,NV,AWP,WE,Combined TRACON& Tower with Radar,724,71,160,49,1004,75,102,14,16,207,799,173,174,65,1211,0,0,0,1211
01/15/2003,LAS,NV,AWP,WE,Combined TRACON& Tower with Radar,743,73,164,47,1027,53,93,25,0,171,796,166,189,47,1198,0,0,0,1198
01/16/2003,LAS,NV,AWP,WE,Combined TRACON& Tower with Radar,813,79,180,55,1127,64,122,40,7,233,877,201,220,62,1360,0,0,0,1360
01/17/2003,LAS,NV,AWP,WE,Combined TRACON& Tower with Radar,847,84,191,59,1181,0,137,124,21,282,847,221,315,80,1463,0,0,0,1463
01/18/2003,LAS,NV,AWP,WE,Combined TRACON& Tower with Radar,687,66,152,46,951,40,167,31,11,249,727,233,183,57,1200,0,0,0,1200
01/19/2003,LAS,NV,AWP,WE,Combined TRACON& Tower with Radar,760,73,168,52,1053,28,152,51,23,254,788,225,219,75,1307,0,0,0,1307
01/20/2003,LAS,NV,AWP,WE,Combined TRACON& Tower with Radar,827,82,190,58,1157,0,132,102,6,240,827,214,292,64,1397,0,0,0,1397
01/21/2003,LAS,NV,AWP,WE,Combined TRACON& Tower with Radar,800,78,179,54,1111,0,136,56,14,206,800,214,235,68,1317,0,0,0,1317
01/22/2003,LAS,NV,AWP,WE,Combined TRACON& Tower with Radar,804,84,191,59,1138,0,140,177,16,333,804,224,368,75,1471,0,0,0,1471
01/23/2003,LAS,NV,AWP,WE,Combined TRACON& Tower with Radar,887,90,206,64,1247,0,182,120,30,332,887,272,326,94,1579,0,0,0,1579
01/24/2003,LAS,NV,AWP,WE,Combined TRACON& Tower with Radar,876,90,206,63,1235,0,204,119,27,350,876,294,325,90,1585,0,0,0,1585
01/25/2003,LAS,NV,AWP,WE,Combined TRACON& Tower with Radar,718,70,161,49,998,0,217,46,31,294,718,287,207,80,1292,0,0,0,1292
01/26/2003,LAS,NV,AWP,WE,Combined TRACON& Tower with Radar,806,78,178,54,1116,7,93,52,16,168,813,171,230,70,1284,0,0,0,1284
01/27/2003,LAS,NV,AWP,WE,Combined TRACON& Tower with Radar,845,89,206,63,1203,0,162,104,31,297,845,251,310,94,1500,0,0,0,1500
01/28/2003,LAS,NV,AWP,WE,Combined TRACON& Tower with Radar,776,75,171,52,1074,30,132,57,5,224,806,207,228,57,1298,0,0,0,1298
01/29/2003,LAS,NV,AWP,WE,Combined TRACON& Tower with Radar,775,75,170,52,1072,33,120,44,3,200,808,195,214,55,1272,0,0,0,1272
01/30/2003,LAS,NV,AWP,WE,Combined TRACON& Tower with Radar,817,80,179,55,1131,63,100,27,7,197,880,180,206,62,1328,0,0,0,1328
01/31/2003,LAS,NV,AWP,WE,Combined TRACON& Tower with Radar,867,85,190,59,1201,9,148,93,17,267,876,233,283,76,1468,0,0,0,1468
02/01/2003,LAS,NV,AWP,WE,Combined TRACON& Tower with Radar,672,65,126,44,907,37,149,32,37,255,709,214,158,81,1162,0,0,0,1162
02/02/2003,LAS,NV,AWP,WE,Combined TRACON& Tower with Radar,829,80,155,54,1118,27,48,48,12,135,856,128,203,66,1253,0,0,0,1253
02/03/2003,LAS,NV,AWP,WE,Combined TRACON& Tower with Radar,798,77,150,52,1077,67,122,34,4,227,865,199,184,56,1304,0,0,0,1304
02/04/2003,LAS,NV,AWP,WE,Combined TRACON& Tower with Radar,773,74,145,52,1044,38,178,7,17,240,811,252,152,69,1284,0,0,0,1284
02/05/2003,LAS,NV,AWP,WE,Combined TRACON& Tower with Radar,806,78,152,53,1089,0,176,51,11,238,806,254,203,64,1327,0,0,0,1327
02/06/2003,LAS,NV,AWP,WE,Combined TRACON& Tower with Radar,873,84,166,58,1181,0,164,98,34,296,873,248,264,92,1477,0,0,0,1477
02/07/2003,LAS,NV,AWP,WE,Combined TRACON& Tower with Radar,825,82,163,57,1127,0,202,107,13,322,825,284,270,70,1449,2,0,2,1451
02/08/2003,LAS,NV,AWP,WE,Combined TRACON& Tower with Radar,752,73,143,49,1017,0,172,87,35,294,752,245,230,84,1311,0,0,0,1311
02/09/2003,LAS,NV,AWP,WE,Combined TRACON& Tower with Radar,833,83,163,56,1135,0,137,148,20,305,833,220,311,76,1440,0,0,0,1440
02/10/2003,LAS,NV,AWP,WE,Combined TRACON& Tower with Radar,848,81,160,54,1143,52,128,29,13,222,900,209,189,67,1365,0,0,0,1365
02/11/2003,LAS,NV,AWP,WE,Combined TRACON& Tower with Radar,783,75,148,51,1057,38,209,18,8,273,821,284,166,59,1330,0,0,0,1330
02/12/2003,LAS,NV,AWP,WE,Combined TRACON& Tower with Radar,782,75,148,40,1045,27,38,11,0,76,809,113,159,40,1121,1,0,1,1122
02/13/2003,LAS,NV,AWP,WE,Combined TRACON& Tower with Radar,821,79,144,39,1083,44,71,0,0,115,865,150,144,39,1198,0,0,0,1198
02/14/2003,LAS,NV,AWP,WE,Combined TRACON& Tower with Radar,885,84,167,57,1193,18,207,29,24,278,903,291,196,81,1471,0,0,0,1471
02/15/2003,LAS,NV,AWP,WE,Combined TRACON& Tower with Radar,686,66,130,44,926,49,267,16,15,347,735,333,146,59,1273,0,0,0,1273
02/16/2003,LAS,NV,AWP,WE,Combined TRACON& Tower with Radar,790,76,149,51,1066,27,186,24,26,263,817,262,173,77,1329,0,0,0,1329
02/17/2003,LAS,NV,AWP,WE,Combined TRACON& Tower with Radar,805,80,159,54,1098,0,181,90,16,287,805,261,249,70,1385,0,0,0,1385
02/18/2003,LAS,NV,AWP,WE,Combined TRACON& Tower with Radar,807,76,152,53,1088,16,205,72,3,296,823,281,224,56,1384,0,0,0,1384
02/19/2003,LAS,NV,AWP,WE,Combined TRACON& Tower with Radar,804,76,152,52,1084,23,172,40,32,267,827,248,192,84,1351,0,0,0,1351
02/20/2003,LAS,NV,AWP,WE,Combined TRACON& Tower with Radar,911,86,172,58,1227,18,119,70,20,227,929,205,242,78,1454,0,0,0,1454
02/21/2003,LAS,NV,AWP,WE,Combined TRACON& Tower with Radar,854,80,161,55,1150,20,122,72,54,268,874,202,233,109,1418,0,0,0,1418
02/22/2003,LAS,NV,AWP,WE,Combined TRACON& Tower with Radar,709,67,134,45,955,27,195,22,27,271,736,262,156,72,1226,0,0,0,1226
02/23/2003,LAS,NV,AWP,WE,Combined TRACON& Tower with Radar,806,76,150,52,1084,8,142,65,39,254,814,218,215,91,1338,0,0,0,1338
02/24/2003,LAS,NV,AWP,WE,Combined TRACON& Tower with Radar,816,78,151,53,1098,73,130,0,3,206,889,208,151,56,1304,0,0,0,1304
02/25/2003,LAS,NV,AWP,WE,Combined TRACON& Tower with Radar,788,76,127,35,1026,34,68,0,0,102,822,144,127,35,1128,0,0,0,1128
02/26/2003,LAS,NV,AWP,WE,Combined TRACON& Tower with Radar,807,77,151,53,1088,24,240,3,7,274,831,317,154,60,1362,0,0,0,1362
02/27/2003,LAS,NV,AWP,WE,Combined TRACON& Tower with Radar,920,89,175,60,1244,0,147,35,13,195,920,236,210,73,1439,0,0,0,1439
02/28/2003,LAS,NV,AWP,WE,Combined TRACON& Tower with Radar,897,88,174,60,1219,0,147,74,25,246,897,235,248,85,1465,0,0,0,1465
03/01/2003,LAS,NV,AWP,WE,Combined TRACON& Tower with Radar,759,77,146,50,1032,2,168,43,54,267,761,245,189,104,1299,0,0,0,1299
03/02/2003,LAS,NV,AWP,WE,Combined TRACON& Tower with Radar,830,96,183,62,1171,0,673,195,79,947,830,769,378,141,2118,0,0,0,2118
03/03/2003,LAS,NV,AWP,WE,Combined TRACON& Tower with Radar,859,88,166,56,1169,26,218,46,21,311,885,306,212,77,1480,0,0,0,1480
03/04/2003,LAS,NV,AWP,WE,Combined TRACON& Tower with Radar,791,81,144,52,1068,38,193,0,0,231,829,274,144,52,1299,0,0,0,1299
03/05/2003,LAS,NV,AWP,WE,Combined TRACON& Tower with Radar,783,80,152,51,1066,38,208,12,26,284,821,288,164,77,1350,0,0,0,1350
03/06/2003,LAS,NV,AWP,WE,Combined TRACON& Tower with Radar,882,90,171,58,1201,41,160,19,19,239,923,250,190,77,1440,0,0,0,1440
03/07/2003,LAS,NV,AWP,WE,Combined TRACON& Tower with Radar,891,91,173,58,1213,2,142,101,48,293,893,233,274,106,1506,0,0,0,1506
03/08/2003,LAS,NV,AWP,WE,Combined TRACON& Tower with Radar,697,72,135,46,950,42,171,52,42,307,739,243,187,88,1257,0,0,0,1257
03/09/2003,LAS,NV,AWP,WE,Combined TRACON& Tower with Radar,824,84,159,54,1121,7,118,107,39,271,831,202,266,93,1392,0,0,0,1392
03/10/2003,LAS,NV,AWP,WE,Combined TRACON& Tower with Radar,809,83,152,53,1097,83,117,0,4,204,892,200,152,57,1301,0,0,0,1301
03/11/2003,LAS,NV,AWP,WE,Combined TRACON& Tower with Radar,806,83,157,53,1099,36,164,33,7,240,842,247,190,60,1339,0,0,0,1339
03/12/2003,LAS,NV,AWP,WE,Combined TRACON& Tower with Radar,826,84,161,54,1125,16,186,51,29,282,842,270,212,83,1407,0,0,0,1407
03/13/2003,LAS,NV,AWP,WE,Combined TRACON& Tower with Radar,922,94,180,59,1255,0,151,75,23,249,922,245,255,82,1504,0,0,0,1504
03/14/2003,LAS,NV,AWP,WE,Combined TRACON& Tower with Radar,878,90,171,57,1196,18,161,71,25,275,896,251,242,82,1471,0,0,0,1471
03/15/2003,LAS,NV,AWP,WE,Combined TRACON& Tower with Radar,693,71,129,46,939,62,135,0,6,203,755,206,129,52,1142,0,0,0,1142
03/16/2003,LAS,NV,AWP,WE,Combined TRACON& Tower with Radar,824,84,161,53,1122,26,79,1,7,113,850,163,162,60,1235,0,0,0,1235
03/17/2003,LAS,NV,AWP,WE,Combined TRACON& Tower with Radar,826,84,130,46,1086,67,107,0,0,174,893,191,130,46,1260,0,0,0,1260
03/18/2003,LAS,NV,AWP,WE,Combined TRACON& Tower with Radar,772,79,151,46,1048,63,189,6,0,258,835,268,157,46,1306,0,0,0,1306
03/19/2003,LAS,NV,AWP,WE,Combined TRACON& Tower with Radar,782,80,152,51,1065,14,188,34,20,256,796,268,186,71,1321,1,0,1,1322
03/20/2003,LAS,NV,AWP,WE,Combined TRACON& Tower with Radar,886,90,173,57,1206,42,145,29,22,238,928,235,202,79,1444,0,0,0,1444
03/21/2003,LAS,NV,AWP,WE,Combined TRACON& Tower with Radar,903,92,175,58,1228,12,143,105,29,289,915,235,280,87,1517,1,0,1,1518
03/22/2003,LAS,NV,AWP,WE,Combined TRACON& Tower with Radar,724,73,141,47,985,31,191,39,31,292,755,264,180,78,1277,0,0,0,1277
03/23/2003,LAS,NV,AWP,WE,Combined TRACON& Tower with Radar,862,86,168,56,1172,2,156,64,15,237,864,242,232,71,1409,0,0,0,1409
03/24/2003,LAS,NV,AWP,WE,Combined TRACON& Tower with Radar,861,88,167,55,1171,28,195,19,1,243,889,283,186,56,1414,0,0,0,1414
03/25/2003,LAS,NV,AWP,WE,Combined TRACON& Tower with Radar,849,91,172,58,1170,0,195,115,34,344,849,286,287,92,1514,0,0,0,1514
03/26/2003,LAS,NV,AWP,WE,Combined TRACON& Tower with Radar,839,94,179,60,1172,0,264,122,18,404,839,358,301,78,1576,0,0,0,1576
03/27/2003,LAS,NV,AWP,WE,Combined TRACON& Tower with Radar,904,92,175,58,1229,17,174,63,5,259,921,266,238,63,1488,0,0,0,1488
03/28/2003,LAS,NV,AWP,WE,Combined TRACON& Tower with Radar,901,92,174,59,1226,30,176,46,22,274,931,268,220,81,1500,0,0,0,1500
03/29/2003,LAS,NV,AWP,WE,Combined TRACON& Tower with Radar,755,77,146,49,1027,8,194,52,39,293,763,271,198,88,1320,0,0,0,1320
03/30/2003,LAS,NV,AWP,WE,Combined TRACON& Tower with Radar,850,88,167,55,1160,0,157,114,38,309,850,245,281,93,1469,0,0,0,1469
03/31/2003,LAS,NV,AWP,WE,Combined TRACON& Tower with Radar,810,83,156,52,1101,87,170,0,0,257,897,253,156,52,1358,0,0,0,1358
04/01/2003,LAS,NV,AWP,WE,Combined TRACON& Tower with Radar,810,80,146,54,1090,36,195,22,7,260,846,275,168,61,1350,0,0,0,1350
04/02/2003,LAS,NV,AWP,WE,Combined TRACON& Tower with Radar,798,79,144,53,1074,45,169,8,6,228,843,248,152,59,1302,0,0,0,1302
04/03/2003,LAS,NV,AWP,WE,Combined TRACON& Tower with Radar,902,90,163,59,1214,23,204,37,32,296,925,294,200,91,1510,2,0,2,1512
04/04/2003,LAS,NV,AWP,WE,Combined TRACON& Tower with Radar,913,91,166,60,1230,0,117,101,50,268,913,208,267,110,1498,0,0,0,1498
04/05/2003,LAS,NV,AWP,WE,Combined TRACON& Tower with Radar,733,73,132,49,987,19,167,17,40,243,752,240,149,89,1230,0,0,0,1230
04/06/2003,LAS,NV,AWP,WE,Combined TRACON& Tower with Radar,856,86,156,58,1156,0,165,109,32,306,856,251,265,90,1462,0,0,0,1462
04/07/2003,LAS,NV,AWP,WE,Combined TRACON& Tower with Radar,841,84,152,55,1132,58,135,30,0,223,899,219,182,55,1355,0,0,0,1355
04/08/2003,LAS,NV,AWP,WE,Combined TRACON& Tower with Radar,850,84,154,55,1143,8,162,105,0,275,858,246,259,55,1418,0,0,0,1418
04/09/2003,LAS,NV,AWP,WE,Combined TRACON& Tower with Radar,826,82,149,54,1111,0,161,76,17,254,826,243,225,71,1365,0,0,0,1365
04/10/2003,LAS,NV,AWP,WE,Combined TRACON& Tower with Radar,867,86,157,57,1167,39,146,22,26,233,906,232,179,83,1400,0,0,0,1400
04/11/2003,LAS,NV,AWP,WE,Combined TRACON& Tower with Radar,870,86,157,57,1170,0,177,78,42,297,870,263,235,99,1467,0,0,0,1467
04/12/2003,LAS,NV,AWP,WE,Combined TRACON& Tower with Radar,740,73,134,48,995,0,194,76,20,290,740,267,210,68,1285,0,0,0,1285
04/13/2003,LAS,NV,AWP,WE,Combined TRACON& Tower with Radar,836,84,153,56,1129,0,183,87,11,281,836,267,240,67,1410,0,0,0,1410
04/14/2003,LAS,NV,AWP,WE,Combined TRACON& Tower with Radar,805,80,138,52,1075,68,171,0,9,248,873,251,138,61,1323,0,0,0,1323
04/15/2003,LAS,NV,AWP,WE,Combined TRACON& Tower with Radar,775,77,141,50,1043,54,209,12,1,276,829,286,153,51,1319,0,0,0,1319
04/16/2003,LAS,NV,AWP,WE,Combined TRACON& Tower with Radar,806,80,147,52,1085,37,235,61,22,355,843,315,208,74,1440,4,0,4,1444
04/17/2003,LAS,NV,AWP,WE,Combined TRACON& Tower with Radar,870,86,159,57,1172,0,223,76,42,341,870,309,235,99,1513,4,0,4,1517
04/18/2003,LAS,NV,AWP,WE,Combined TRACON& Tower with Radar,887,88,164,59,1198,0,235,75,25,335,887,323,239,84,1533,0,0,0,1533
04/19/2003,LAS,NV,AWP,WE,Combined TRACON& Tower with Radar,706,69,128,47,950,43,211,21,21,296,749,280,149,68,1246,0,0,0,1246
04/20/2003,LAS,NV,AWP,WE,Combined TRACON& Tower with Radar,830,81,151,54,1116,11,205,61,14,291,841,286,212,68,1407,0,0,0,1407
04/21/2003,LAS,NV,AWP,WE,Combined TRACON& Tower with Radar,803,79,138,52,1072,66,214,0,8,288,869,293,138,60,1360,0,0,0,1360
04/22/2003,LAS,NV,AWP,WE,Combined TRACON& Tower with Radar,760,74,107,42,983,70,169,0,0,239,830,243,107,42,1222,0,0,0,1222
04/23/2003,LAS,NV,AWP,WE,Combined TRACON& Tower with Radar,764,75,139,49,1027,50,251,3,37,341,814,326,142,86,1368,0,0,0,1368
04/24/2003,LAS,NV,AWP,WE,Combined TRACON& Tower with Radar,910,89,166,60,1225,0,235,69,35,339,910,324,235,95,1564,0,0,0,1564
04/25/2003,LAS,NV,AWP,WE,Combined TRACON& Tower with Radar,868,88,163,59,1178,0,222,111,28,361,868,310,274,87,1539,0,0,0,1539
04/26/2003,LAS,NV,AWP,WE,Combined TRACON& Tower with Radar,731,72,133,47,983,20,217,50,30,317,751,289,183,77,1300,0,0,0,1300
04/27/2003,LAS,NV,AWP,WE,Combined TRACON& Tower with Radar,836,85,157,56,1134,0,204,109,9,322,836,289,266,65,1456,0,0,0,1456
04/28/2003,LAS,NV,AWP,WE,Combined TRACON& Tower with Radar,823,81,150,47,1101,64,167,16,0,247,887,248,166,47,1348,0,0,0,1348
04/29/2003,LAS,NV,AWP,WE,Combined TRACON& Tower with Radar,781,77,141,51,1050,37,167,43,6,253,818,244,184,57,1303,2,0,2,1305
04/30/2003,LAS,NV,AWP,WE,Combined TRACON& Tower with Radar,820,82,149,54,1105,0,225,86,25,336,820,307,235,79,1441,0,0,0,1441
05/01/2003,LAS,NV,AWP,WE,Combined TRACON& Tower with Radar,872,102,182,63,1219,0,212,90,27,329,872,314,272,90,1548,0,0,0,1548
05/02/2003,LAS,NV,AWP,WE,Combined TRACON& Tower with Radar,887,104,185,63,1239,0,210,105,30,345,887,314,290,93,1584,0,0,0,1584
05/03/2003,LAS,NV,AWP,WE,Combined TRACON& Tower with Radar,700,81,145,45,971,62,149,4,0,215,762,230,149,45,1186,0,0,0,1186
05/04/2003,LAS,NV,AWP,WE,Combined TRACON& Tower with Radar,810,101,179,62,1152,0,211,115,26,352,810,312,294,88,1504,4,0,4,1508
05/05/2003,LAS,NV,AWP,WE,Combined TRACON& Tower with Radar,822,96,170,58,1146,63,216,21,5,305,885,312,191,63,1451,0,0,0,1451
05/06/2003,LAS,NV,AWP,WE,Combined TRACON& Tower with Radar,765,89,158,54,1066,53,147,18,7,225,818,236,176,61,1291,2,0,2,1293
05/07/2003,LAS,NV,AWP,WE,Combined TRACON& Tower with Radar,801,93,166,57,1117,19,166,47,24,256,820,259,213,81,1373,0,0,0,1373
05/08/2003,LAS,NV,AWP,WE,Combined TRACON& Tower with Radar,843,98,174,59,1174,36,130,54,8,228,879,228,228,67,1402,0,0,0,1402
05/09/2003,LAS,NV,AWP,WE,Combined TRACON& Tower with Radar,828,96,171,58,1153,54,195,47,15,311,882,291,218,73,1464,0,0,0,1464
05/10/2003,LAS,NV,AWP,WE,Combined TRACON& Tower with Radar,687,80,142,48,957,54,185,33,15,287,741,265,175,63,1244,0,0,0,1244
05/11/2003,LAS,NV,AWP,WE,Combined TRACON& Tower with Radar,756,88,156,53,1053,65,141,56,8,270,821,229,212,61,1323,0,0,0,1323
05/12/2003,LAS,NV,AWP,WE,Combined TRACON& Tower with Radar,810,94,147,57,1108,63,133,0,15,211,873,227,147,72,1319,0,0,0,1319
05/13/2003,LAS,NV,AWP,WE,Combined TRACON& Tower with Radar,774,90,161,49,1074,51,177,11,0,239,825,267,172,49,1313,0,0,0,1313
05/14/2003,LAS,NV,AWP,WE,Combined TRACON& Tower with Radar,805,94,168,56,1123,24,162,37,19,242,829,256,205,75,1365,0,0,0,1365
05/15/2003,LAS,NV,AWP,WE,Combined TRACON& Tower with Radar,868,101,181,61,1211,7,42,62,31,142,875,143,243,92,1353,0,0,0,1353
05/16/2003,LAS,NV,AWP,WE,Combined TRACON& Tower with Radar,885,103,184,62,1234,4,166,67,24,261,889,269,251,86,1495,0,0,0,1495
05/17/2003,LAS,NV,AWP,WE,Combined TRACON& Tower with Radar,740,85,154,51,1030,9,219,36,21,285,749,304,190,72,1315,0,0,0,1315
05/18/2003,LAS,NV,AWP,WE,Combined TRACON& Tower with Radar,810,105,189,63,1167,0,202,142,36,380,810,307,331,99,1547,0,0,0,1547
05/19/2003,LAS,NV,AWP,WE,Combined TRACON& Tower with Radar,834,96,173,59,1162,54,169,9,16,248,888,265,182,75,1410,0,0,0,1410
05/20/2003,LAS,NV,AWP,WE,Combined TRACON& Tower with Radar,830,97,176,59,1162,0,176,86,12,274,830,273,262,71,1436,0,0,0,1436
05/21/2003,LAS,NV,AWP,WE,Combined TRACON& Tower with Radar,824,105,191,64,1184,0,196,175,28,399,824,301,366,92,1583,0,0,0,1583
05/22/2003,LAS,NV,AWP,WE,Combined TRACON& Tower with Radar,899,104,187,62,1252,5,182,91,18,296,904,286,278,80,1548,0,0,0,1548
05/23/2003,LAS,NV,AWP,WE,Combined TRACON& Tower with Radar,842,104,187,63,1196,0,181,135,37,353,842,285,322,100,1549,0,0,0,1549
05/24/2003,LAS,NV,AWP,WE,Combined TRACON& Tower with Radar,685,79,142,47,953,38,187,55,46,326,723,266,197,93,1279,0,0,0,1279
05/25/2003,LAS,NV,AWP,WE,Combined TRACON& Tower with Radar,732,84,152,49,1017,45,198,51,0,294,777,282,203,49,1311,0,0,0,1311
05/26/2003,LAS,NV,AWP,WE,Combined TRACON& Tower with Radar,773,88,161,54,1076,11,222,80,17,330,784,310,241,71,1406,2,0,2,1408
05/27/2003,LAS,NV,AWP,WE,Combined TRACON& Tower with Radar,749,87,155,52,1043,74,199,12,2,287,823,286,167,54,1330,0,0,0,1330
05/28/2003,LAS,NV,AWP,WE,Combined TRACON& Tower with Radar,779,90,161,54,1084,55,261,1,10,327,834,351,162,64,1411,0,0,0,1411
05/29/2003,LAS,NV,AWP,WE,Combined TRACON& Tower with Radar,846,98,175,59,1178,56,152,36,38,282,902,250,211,97,1460,0,0,0,1460
05/30/2003,LAS,NV,AWP,WE,Combined TRACON& Tower with Radar,827,96,171,58,1152,44,180,36,16,276,871,276,207,74,1428,0,0,0,1428
05/31/2003,LAS,NV,AWP,WE,Combined TRACON& Tower with Radar,681,79,140,47,947,56,201,9,14,280,737,280,149,61,1227,0,0,0,1227
06/01/2003,LAS,NV,AWP,WE,Combined TRACON& Tower with Radar,807,77,144,58,1086,0,155,109,21,285,807,232,253,79,1371,0,0,0,1371
06/02/2003,LAS,NV,AWP,WE,Combined TRACON& Tower with Radar,843,78,145,59,1125,57,164,18,1,240,900,242,163,60,1365,0,0,0,1365
06/03/2003,LAS,NV,AWP,WE,Combined TRACON& Tower with Radar,822,75,142,57,1096,17,236,42,1,296,839,311,184,58,1392,0,0,0,1392
06/04/2003,LAS,NV,AWP,WE,Combined TRACON& Tower with Radar,821,75,141,58,1095,20,214,44,14,292,841,289,185,72,1387,0,0,0,1387
06/05/2003,LAS,NV,AWP,WE,Combined TRACON& Tower with Radar,850,78,147,59,1134,69,171,26,17,283,919,249,173,76,1417,0,0,0,1417
06/06/2003,LAS,NV,AWP,WE,Combined TRACON& Tower with Radar,874,80,151,60,1165,12,209,44,13,278,886,289,195,73,1443,0,0,0,1443
06/07/2003,LAS,NV,AWP,WE,Combined TRACON& Tower with Radar,723,66,125,49,963,24,171,43,46,284,747,237,168,95,1247,0,0,0,1247
06/08/2003,LAS,NV,AWP,WE,Combined TRACON& Tower with Radar,827,77,144,58,1106,0,183,58,13,254,827,260,202,71,1360,0,0,0,1360
06/09/2003,LAS,NV,AWP,WE,Combined TRACON& Tower with Radar,843,78,145,58,1124,61,207,2,7,277,904,285,147,65,1401,0,0,0,1401
06/10/2003,LAS,NV,AWP,WE,Combined TRACON& Tower with Radar,801,74,137,54,1066,54,187,0,1,242,855,261,137,55,1308,0,0,0,1308
06/11/2003,LAS,NV,AWP,WE,Combined TRACON& Tower with Radar,791,73,136,54,1054,60,222,21,0,303,851,295,157,54,1357,0,0,0,1357
06/12/2003,LAS,NV,AWP,WE,Combined TRACON& Tower with Radar,873,79,150,59,1161,33,197,33,31,294,906,276,183,90,1455,0,0,0,1455
06/13/2003,LAS,NV,AWP,WE,Combined TRACON& Tower with Radar,900,83,155,61,1199,11,184,57,28,280,911,267,212,89,1479,0,0,0,1479
06/14/2003,LAS,NV,AWP,WE,Combined TRACON& Tower with Radar,732,67,126,50,975,66,177,6,27,276,798,244,132,77,1251,0,0,0,1251
06/15/2003,LAS,NV,AWP,WE,Combined TRACON& Tower with Radar,817,74,142,56,1089,23,163,60,23,269,840,237,202,79,1358,0,0,0,1358
06/16/2003,LAS,NV,AWP,WE,Combined TRACON& Tower with Radar,826,76,143,56,1101,52,165,18,7,242,878,241,161,63,1343,0,0,0,1343
06/17/2003,LAS,NV,AWP,WE,Combined TRACON& Tower with Radar,790,73,137,54,1054,53,176,15,8,252,843,249,152,62,1306,0,0,0,1306
06/18/2003,LAS,NV,AWP,WE,Combined TRACON& Tower with Radar,793,73,138,54,1058,46,188,52,4,290,839,261,190,58,1348,0,0,0,1348
06/19/2003,LAS,NV,AWP,WE,Combined TRACON& Tower with Radar,904,82,158,62,1206,0,170,50,28,248,904,252,208,90,1454,0,0,0,1454
06/20/2003,LAS,NV,AWP,WE,Combined TRACON& Tower with Radar,901,87,165,65,1218,0,203,105,45,353,901,290,270,110,1571,0,0,0,1571
06/21/2003,LAS,NV,AWP,WE,Combined TRACON& Tower with Radar,758,69,131,51,1009,29,193,45,12,279,787,262,176,63,1288,0,0,0,1288
06/22/2003,LAS,NV,AWP,WE,Combined TRACON& Tower with Radar,814,82,157,63,1116,0,195,117,57,369,814,277,274,120,1485,0,0,0,1485
06/23/2003,LAS,NV,AWP,WE,Combined TRACON& Tower with Radar,824,75,143,53,1095,58,198,11,0,267,882,273,154,53,1362,1,0,1,1363
06/24/2003,LAS,NV,AWP,WE,Combined TRACON& Tower with Radar,840,76,146,57,1119,5,257,39,0,301,845,333,185,57,1420,0,0,0,1420
06/25/2003,LAS,NV,AWP,WE,Combined TRACON& Tower with Radar,821,74,141,56,1092,3,202,55,24,284,824,276,196,80,1376,0,0,0,1376
06/26/2003,LAS,NV,AWP,WE,Combined TRACON& Tower with Radar,890,81,156,62,1189,0,306,95,17,418,890,387,251,79,1607,0,0,0,1607
06/27/2003,LAS,NV,AWP,WE,Combined TRACON& Tower with Radar,874,84,160,64,1182,0,222,122,25,369,874,306,282,89,1551,0,0,0,1551
06/28/2003,LAS,NV,AWP,WE,Combined TRACON& Tower with Radar,778,70,135,53,1036,19,202,63,20,304,797,272,198,73,1340,0,0,0,1340
06/29/2003,LAS,NV,AWP,WE,Combined TRACON& Tower with Radar,829,78,149,59,1115,0,166,106,26,298,829,244,255,85,1413,0,0,0,1413
06/30/2003,LAS,NV,AWP,WE,Combined TRACON& Tower with Radar,837,77,144,57,1115,43,213,12,8,276,880,290,156,65,1391,0,0,0,1391
07/01/2003,LAS,NV,AWP,WE,Combined TRACON& Tower with Radar,826,79,131,58,1094,26,203,60,2,291,852,282,191,60,1385,0,0,0,1385
07/02/2003,LAS,NV,AWP,WE,Combined TRACON& Tower with Radar,813,77,129,57,1076,53,200,46,2,301,866,277,175,59,1377,0,0,0,1377
07/03/2003,LAS,NV,AWP,WE,Combined TRACON& Tower with Radar,857,81,136,60,1134,10,192,84,36,322,867,273,220,96,1456,0,0,0,1456
07/04/2003,LAS,NV,AWP,WE,Combined TRACON& Tower with Radar,672,64,106,47,889,76,183,30,21,310,748,247,136,68,1199,0,0,0,1199
07/05/2003,LAS,NV,AWP,WE,Combined TRACON& Tower with Radar,668,63,106,47,884,55,189,51,22,317,723,252,157,69,1201,0,0,0,1201
07/06/2003,LAS,NV,AWP,WE,Combined TRACON& Tower with Radar,809,80,134,59,1082,0,146,120,29,295,809,226,254,88,1377,2,0,2,1379
07/07/2003,LAS,NV,AWP,WE,Combined TRACON& Tower with Radar,875,83,139,61,1158,6,170,57,9,242,881,253,196,70,1400,2,0,2,1402
07/08/2003,LAS,NV,AWP,WE,Combined TRACON& Tower with Radar,833,79,132,59,1103,18,242,33,1,294,851,321,165,60,1397,0,0,0,1397
07/09/2003,LAS,NV,AWP,WE,Combined TRACON& Tower with Radar,826,79,131,58,1094,22,196,52,14,284,848,275,183,72,1378,0,0,0,1378
07/10/2003,LAS,NV,AWP,WE,Combined TRACON& Tower with Radar,887,85,141,61,1174,34,161,32,15,242,921,246,173,76,1416,0,0,0,1416
07/11/2003,LAS,NV,AWP,WE,Combined TRACON& Tower with Radar,860,82,136,59,1137,7,159,84,37,287,867,241,220,96,1424,0,0,0,1424
07/12/2003,LAS,NV,AWP,WE,Combined TRACON& Tower with Radar,676,65,107,46,894,70,195,40,27,332,746,260,147,73,1226,0,0,0,1226
07/13/2003,LAS,NV,AWP,WE,Combined TRACON& Tower with Radar,809,80,135,58,1082,0,146,119,30,295,809,226,254,88,1377,0,0,0,1377
07/14/2003,LAS,NV,AWP,WE,Combined TRACON& Tower with Radar,857,81,137,59,1134,29,188,22,3,242,886,269,159,62,1376,0,0,0,1376
07/15/2003,LAS,NV,AWP,WE,Combined TRACON& Tower with Radar,833,79,133,52,1097,41,203,22,0,266,874,282,155,52,1363,0,0,0,1363
07/16/2003,LAS,NV,AWP,WE,Combined TRACON& Tower with Radar,835,80,133,56,1104,30,185,24,0,239,865,265,157,56,1343,0,0,0,1343
07/17/2003,LAS,NV,AWP,WE,Combined TRACON& Tower with Radar,892,85,142,62,1181,25,195,45,11,276,917,280,187,73,1457,0,0,0,1457
07/18/2003,LAS,NV,AWP,WE,Combined TRACON& Tower with Radar,901,86,146,64,1197,0,183,67,28,278,901,269,213,92,1475,0,0,0,1475
07/19/2003,LAS,NV,AWP,WE,Combined TRACON& Tower with Radar,757,71,121,52,1001,62,164,9,26,261,819,235,130,78,1262,0,0,0,1262
07/20/2003,LAS,NV,AWP,WE,Combined TRACON& Tower with Radar,842,81,138,60,1121,0,200,87,10,297,842,281,225,70,1418,2,0,2,1420
07/21/2003,LAS,NV,AWP,WE,Combined TRACON& Tower with Radar,874,82,139,61,1156,16,209,41,4,270,890,291,180,65,1426,4,0,4,1430
07/22/2003,LAS,NV,AWP,WE,Combined TRACON& Tower with Radar,827,77,132,57,1093,27,195,55,20,297,854,272,187,77,1390,9,0,9,1399
07/23/2003,LAS,NV,AWP,WE,Combined TRACON& Tower with Radar,842,79,134,58,1113,41,173,34,9,257,883,252,168,67,1370,2,0,2,1372
07/24/2003,LAS,NV,AWP,WE,Combined TRACON& Tower with Radar,690,65,110,47,912,51,149,16,22,238,741,214,126,69,1150,6,0,6,1156
07/25/2003,LAS,NV,AWP,WE,Combined TRACON& Tower with Radar,890,84,142,62,1178,0,155,67,36,258,890,239,209,98,1436,0,0,0,1436
07/26/2003,LAS,NV,AWP,WE,Combined TRACON& Tower with Radar,778,73,124,53,1028,14,177,33,17,241,792,250,157,70,1269,0,0,0,1269
07/27/2003,LAS,NV,AWP,WE,Combined TRACON& Tower with Radar,831,84,142,62,1119,0,135,111,55,301,831,219,253,117,1420,0,0,0,1420
07/28/2003,LAS,NV,AWP,WE,Combined TRACON& Tower with Radar,892,85,141,62,1180,35,148,36,14,233,927,233,177,76,1413,12,0,12,1425
07/29/2003,LAS,NV,AWP,WE,Combined TRACON& Tower with Radar,842,80,133,58,1113,50,198,20,7,275,892,278,153,65,1388,0,0,0,1388
07/30/2003,LAS,NV,AWP,WE,Combined TRACON& Tower with Radar,846,80,134,58,1118,26,182,65,12,285,872,262,199,70,1403,0,0,0,1403
07/31/2003,LAS,NV,AWP,WE,Combined TRACON& Tower with Radar,891,85,141,62,1179,23,192,27,12,254,914,277,168,74,1433,0,0,0,1433
08/01/2003,LAS,NV,AWP,WE,Combined TRACON& Tower with Radar,917,92,137,72,1218,0,196,36,33,265,917,288,173,105,1483,0,0,0,1483
08/02/2003,LAS,NV,AWP,WE,Combined TRACON& Tower with Radar,764,76,114,61,1015,37,230,23,18,308,801,306,137,79,1323,0,0,0,1323
08/03/2003,LAS,NV,AWP,WE,Combined TRACON& Tower with Radar,836,84,126,67,1113,0,194,75,11,280,836,278,201,78,1393,0,0,0,1393
08/04/2003,LAS,NV,AWP,WE,Combined TRACON& Tower with Radar,879,88,131,66,1164,47,241,25,0,313,926,329,156,66,1477,0,0,0,1477
08/05/2003,LAS,NV,AWP,WE,Combined TRACON& Tower with Radar,809,80,121,64,1074,62,246,30,10,348,871,326,151,74,1422,2,0,2,1424
08/06/2003,LAS,NV,AWP,WE,Combined TRACON& Tower with Radar,821,81,123,65,1090,40,245,31,18,334,861,326,154,83,1424,0,0,0,1424
08/07/2003,LAS,NV,AWP,WE,Combined TRACON& Tower with Radar,900,89,134,71,1194,5,259,82,4,350,905,348,216,75,1544,0,0,0,1544
08/08/2003,LAS,NV,AWP,WE,Combined TRACON& Tower with Radar,893,90,135,71,1189,0,232,116,23,371,893,322,251,94,1560,0,0,0,1560
08/09/2003,LAS,NV,AWP,WE,Combined TRACON& Tower with Radar,767,77,115,60,1019,22,196,42,27,287,789,273,157,87,1306,0,0,0,1306
08/10/2003,LAS,NV,AWP,WE,Combined TRACON& Tower with Radar,845,86,130,68,1129,0,178,123,21,322,845,264,253,89,1451,0,0,0,1451
08/11/2003,LAS,NV,AWP,WE,Combined TRACON& Tower with Radar,833,83,124,66,1106,62,256,8,6,332,895,339,132,72,1438,0,0,0,1438
08/12/2003,LAS,NV,AWP,WE,Combined TRACON& Tower with Radar,802,80,121,62,1065,58,289,0,5,352,860,369,121,67,1417,0,0,0,1417
08/13/2003,LAS,NV,AWP,WE,Combined TRACON& Tower with Radar,812,81,122,63,1078,45,205,27,45,322,857,286,149,108,1400,0,0,0,1400
08/14/2003,LAS,NV,AWP,WE,Combined TRACON& Tower with Radar,881,87,133,68,1169,41,254,51,15,361,922,341,184,83,1530,0,0,0,1530
08/15/2003,LAS,NV,AWP,WE,Combined TRACON& Tower with Radar,891,90,137,70,1188,0,241,77,26,344,891,331,214,96,1532,0,0,0,1532
08/16/2003,LAS,NV,AWP,WE,Combined TRACON& Tower with Radar,757,75,114,59,1005,24,195,8,32,259,781,270,122,91,1264,0,0,0,1264
08/17/2003,LAS,NV,AWP,WE,Combined TRACON& Tower with Radar,841,84,127,65,1117,26,61,74,13,174,867,145,201,78,1291,0,0,0,1291
08/18/2003,LAS,NV,AWP,WE,Combined TRACON& Tower with Radar,851,85,121,67,1124,70,220,0,14,304,921,305,121,81,1428,7,0,7,1435
08/19/2003,LAS,NV,AWP,WE,Combined TRACON& Tower with Radar,818,81,122,63,1084,57,225,24,16,322,875,306,146,79,1406,1,0,1,1407
08/20/2003,LAS,NV,AWP,WE,Combined TRACON& Tower with Radar,833,83,125,65,1106,17,248,39,20,324,850,331,164,85,1430,0,0,0,1430
08/21/2003,LAS,NV,AWP,WE,Combined TRACON& Tower with Radar,894,89,134,69,1186,18,198,23,17,256,912,287,157,86,1442,0,0,0,1442
08/22/2003,LAS,NV,AWP,WE,Combined TRACON& Tower with Radar,931,92,139,72,1234,15,94,61,23,193,946,186,200,95,1427,0,0,0,1427
08/23/2003,LAS,NV,AWP,WE,Combined TRACON& Tower with Radar,774,76,116,60,1026,32,103,42,27,204,806,179,158,87,1230,0,0,0,1230
08/24/2003,LAS,NV,AWP,WE,Combined TRACON& Tower with Radar,844,84,129,66,1123,0,71,83,24,178,844,155,212,90,1301,0,0,0,1301
08/25/2003,LAS,NV,AWP,WE,Combined TRACON& Tower with Radar,892,87,134,69,1182,15,146,39,12,212,907,233,173,81,1394,4,0,4,1398
08/26/2003,LAS,NV,AWP,WE,Combined TRACON& Tower with Radar,823,81,124,64,1092,41,165,9,23,238,864,246,133,87,1330,0,0,0,1330
08/27/2003,LAS,NV,AWP,WE,Combined TRACON& Tower with Radar,849,85,131,67,1132,0,245,44,26,315,849,330,175,93,1447,0,0,0,1447
08/28/2003,LAS,NV,AWP,WE,Combined TRACON& Tower with Radar,916,91,138,71,1216,0,167,87,33,287,916,258,225,104,1503,0,0,0,1503
08/29/2003,LAS,NV,AWP,WE,Combined TRACON& Tower with Radar,852,87,131,68,1138,0,195,90,36,321,852,282,221,104,1459,0,0,0,1459
08/30/2003,LAS,NV,AWP,WE,Combined TRACON& Tower with Radar,758,75,113,59,1005,41,72,51,32,196,799,147,164,91,1201,0,0,0,1201
08/31/2003,LAS,NV,AWP,WE,Combined TRACON& Tower with Radar,747,75,111,58,991,55,174,16,23,268,802,249,127,81,1259,2,0,2,1261
09/01/2003,LAS,NV,AWP,WE,Combined TRACON& Tower with Radar,797,78,150,62,1087,39,150,44,5,238,836,228,194,67,1325,0,0,0,1325
09/02/2003,LAS,NV,AWP,WE,Combined TRACON& Tower with Radar,777,76,131,56,1040,82,187,0,0,269,859,263,131,56,1309,0,0,0,1309
09/03/2003,LAS,NV,AWP,WE,Combined TRACON& Tower with Radar,760,73,143,60,1036,76,196,6,0,278,836,269,149,60,1314,0,0,0,1314
09/04/2003,LAS,NV,AWP,WE,Combined TRACON& Tower with Radar,811,79,135,63,1088,82,180,0,6,268,893,259,135,69,1356,0,0,0,1356
09/05/2003,LAS,NV,AWP,WE,Combined TRACON& Tower with Radar,868,84,163,69,1184,33,68,82,24,207,901,152,245,93,1391,0,0,0,1391
09/06/2003,LAS,NV,AWP,WE,Combined TRACON& Tower with Radar,712,69,127,56,964,59,242,0,32,333,771,311,127,88,1297,0,0,0,1297
09/07/2003,LAS,NV,AWP,WE,Combined TRACON& Tower with Radar,797,78,150,62,1087,34,171,31,29,265,831,249,181,91,1352,0,0,0,1352
09/08/2003,LAS,NV,AWP,WE,Combined TRACON& Tower with Radar,818,80,154,63,1115,66,213,13,0,292,884,293,167,63,1407,0,0,0,1407
09/09/2003,LAS,NV,AWP,WE,Combined TRACON& Tower with Radar,785,76,148,61,1070,37,274,27,12,350,822,350,175,73,1420,0,0,0,1420
09/10/2003,LAS,NV,AWP,WE,Combined TRACON& Tower with Radar,836,81,157,65,1139,34,238,77,26,375,870,319,234,91,1514,0,0,0,1514
09/11/2003,LAS,NV,AWP,WE,Combined TRACON& Tower with Radar,902,88,170,71,1231,0,235,76,34,345,902,323,246,105,1576,0,0,0,1576
09/12/2003,LAS,NV,AWP,WE,Combined TRACON& Tower with Radar,896,95,184,75,1250,0,308,139,34,481,896,403,323,109,1731,0,0,0,1731
09/13/2003,LAS,NV,AWP,WE,Combined TRACON& Tower with Radar,777,78,153,62,1070,0,197,112,32,341,777,275,265,94,1411,0,0,0,1411
09/14/2003,LAS,NV,AWP,WE,Combined TRACON& Tower with Radar,848,96,186,76,1206,0,234,185,41,460,848,330,371,117,1666,0,0,0,1666
09/15/2003,LAS,NV,AWP,WE,Combined TRACON& Tower with Radar,872,85,165,67,1189,32,259,35,11,337,904,344,200,78,1526,0,0,0,1526
09/16/2003,LAS,NV,AWP,WE,Combined TRACON& Tower with Radar,859,82,162,67,1170,30,278,73,2,383,889,360,235,69,1553,0,0,0,1553
09/17/2003,LAS,NV,AWP,WE,Combined TRACON& Tower with Radar,854,81,162,66,1163,5,270,84,14,373,859,351,246,80,1536,0,0,0,1536
09/18/2003,LAS,NV,AWP,WE,Combined TRACON& Tower with Radar,878,84,166,68,1196,3,180,37,23,243,881,264,203,91,1439,0,0,0,1439
09/19/2003,LAS,NV,AWP,WE,Combined TRACON& Tower with Radar,906,90,179,73,1248,0,257,104,41,402,906,347,283,114,1650,0,0,0,1650
09/20/2003,LAS,NV,AWP,WE,Combined TRACON& Tower with Radar,742,71,141,57,1011,30,226,40,37,333,772,297,181,94,1344,0,0,0,1344
09/21/2003,LAS,NV,AWP,WE,Combined TRACON& Tower with Radar,868,85,167,69,1189,0,208,111,18,337,868,293,278,87,1526,0,0,0,1526
09/22/2003,LAS,NV,AWP,WE,Combined TRACON& Tower with Radar,867,83,164,68,1182,28,224,35,43,330,895,307,199,111,1512,0,0,0,1512
09/23/2003,LAS,NV,AWP,WE,Combined TRACON& Tower with Radar,853,82,161,64,1160,12,225,71,0,308,865,307,232,64,1468,0,0,0,1468
09/24/2003,LAS,NV,AWP,WE,Combined TRACON& Tower with Radar,823,79,156,63,1121,30,201,33,13,277,853,280,189,76,1398,0,0,0,1398
09/25/2003,LAS,NV,AWP,WE,Combined TRACON& Tower with Radar,916,88,173,71,1248,13,241,59,26,339,929,329,232,97,1587,0,0,0,1587
09/26/2003,LAS,NV,AWP,WE,Combined TRACON& Tower with Radar,920,89,175,71,1255,0,224,73,28,325,920,313,248,99,1580,0,0,0,1580
09/27/2003,LAS,NV,AWP,WE,Combined TRACON& Tower with Radar,721,69,137,55,982,41,226,41,16,324,762,295,178,71,1306,0,0,0,1306
09/28/2003,LAS,NV,AWP,WE,Combined TRACON& Tower with Radar,857,83,161,67,1168,11,167,87,3,268,868,250,248,70,1436,0,0,0,1436
09/29/2003,LAS,NV,AWP,WE,Combined TRACON& Tower with Radar,805,78,144,44,1071,99,199,0,0,298,904,277,144,44,1369,0,0,0,1369
09/30/2003,LAS,NV,AWP,WE,Combined TRACON& Tower with Radar,815,79,153,63,1110,60,178,35,28,301,875,257,188,91,1411,0,0,0,1411
10/01/2003,LAS,NV,AWP,WE,Combined TRACON& Tower with Radar,885,83,141,7,1116,9,181,61,15,266,894,264,202,22,1382,0,0,0,1382
10/02/2003,LAS,NV,AWP,WE,Combined TRACON& Tower with Radar,960,90,153,2,1205,12,218,35,0,265,972,308,188,2,1470,0,0,0,1470
10/03/2003,LAS,NV,AWP,WE,Combined TRACON& Tower with Radar,947,93,158,5,1203,0,225,95,0,320,947,318,253,5,1523,0,0,0,1523
10/04/2003,LAS,NV,AWP,WE,Combined TRACON& Tower with Radar,816,77,130,4,1027,6,167,50,0,223,822,244,180,4,1250,0,0,0,1250
10/05/2003,LAS,NV,AWP,WE,Combined TRACON& Tower with Radar,920,92,157,7,1176,0,216,105,0,321,920,308,262,7,1497,0,0,0,1497
10/06/2003,LAS,NV,AWP,WE,Combined TRACON& Tower with Radar,917,86,146,7,1156,29,212,39,7,287,946,298,185,14,1443,0,0,0,1443
10/07/2003,LAS,NV,AWP,WE,Combined TRACON& Tower with Radar,872,82,139,6,1099,27,254,27,0,308,899,336,166,6,1407,0,0,0,1407
10/08/2003,LAS,NV,AWP,WE,Combined TRACON& Tower with Radar,900,85,146,7,1138,0,243,80,0,323,900,328,226,7,1461,0,0,0,1461
10/09/2003,LAS,NV,AWP,WE,Combined TRACON& Tower with Radar,943,90,155,6,1194,0,264,65,9,338,943,354,220,15,1532,4,0,4,1536
10/10/2003,LAS,NV,AWP,WE,Combined TRACON& Tower with Radar,893,89,152,6,1140,0,243,90,7,340,893,332,242,13,1480,0,0,0,1480
10/11/2003,LAS,NV,AWP,WE,Combined TRACON& Tower with Radar,800,75,129,5,1009,2,111,59,0,172,802,186,188,5,1181,0,0,0,1181
10/12/2003,LAS,NV,AWP,WE,Combined TRACON& Tower with Radar,859,84,143,5,1091,0,180,76,1,257,859,264,219,6,1348,0,0,0,1348
10/13/2003,LAS,NV,AWP,WE,Combined TRACON& Tower with Radar,743,71,120,4,938,0,275,71,4,350,743,346,191,8,1288,0,0,0,1288
10/14/2003,LAS,NV,AWP,WE,Combined TRACON& Tower with Radar,744,71,122,0,937,0,270,61,0,331,744,341,183,0,1268,0,0,0,1268
10/15/2003,LAS,NV,AWP,WE,Combined TRACON& Tower with Radar,745,71,121,4,941,0,272,79,0,351,745,343,200,4,1292,0,0,0,1292
10/16/2003,LAS,NV,AWP,WE,Combined TRACON& Tower with Radar,788,73,127,5,993,7,238,48,0,293,795,311,175,5,1286,0,0,0,1286
10/17/2003,LAS,NV,AWP,WE,Combined TRACON& Tower with Radar,915,87,148,5,1155,0,240,114,10,364,915,327,262,15,1519,0,0,0,1519
10/18/2003,LAS,NV,AWP,WE,Combined TRACON& Tower with Radar,793,73,127,3,996,25,207,75,0,307,818,280,202,3,1303,0,0,0,1303
10/19/2003,LAS,NV,AWP,WE,Combined TRACON& Tower with Radar,912,88,153,6,1159,0,178,150,12,340,912,266,303,18,1499,0,0,0,1499
10/20/2003,LAS,NV,AWP,WE,Combined TRACON& Tower with Radar,902,84,145,5,1136,49,235,23,6,313,951,319,168,11,1449,0,0,0,1449
10/21/2003,LAS,NV,AWP,WE,Combined TRACON& Tower with Radar,867,81,139,5,1092,39,273,36,1,349,906,354,175,6,1441,0,0,0,1441
10/22/2003,LAS,NV,AWP,WE,Combined TRACON& Tower with Radar,782,72,126,5,985,6,240,45,16,307,788,312,171,21,1292,0,0,0,1292
10/23/2003,LAS,NV,AWP,WE,Combined TRACON& Tower with Radar,884,83,141,1,1109,4,281,64,0,349,888,364,205,1,1458,0,0,0,1458
10/24/2003,LAS,NV,AWP,WE,Combined TRACON& Tower with Radar,960,90,154,6,1210,0,224,76,7,307,960,314,230,13,1517,0,0,0,1517
10/25/2003,LAS,NV,AWP,WE,Combined TRACON& Tower with Radar,817,77,130,3,1027,29,269,51,0,349,846,346,181,3,1376,0,0,0,1376
10/26/2003,LAS,NV,AWP,WE,Combined TRACON& Tower with Radar,907,88,150,6,1151,0,345,123,8,476,907,433,273,14,1627,0,0,0,1627
10/27/2003,LAS,NV,AWP,WE,Combined TRACON& Tower with Radar,929,88,151,6,1174,0,285,85,1,371,929,373,236,7,1545,0,0,0,1545
10/28/2003,LAS,NV,AWP,WE,Combined TRACON& Tower with Radar,912,86,145,4,1147,25,303,57,0,385,937,389,202,4,1532,0,0,0,1532
10/29/2003,LAS,NV,AWP,WE,Combined TRACON& Tower with Radar,901,85,144,5,1135,15,157,20,0,192,916,242,164,5,1327,0,0,0,1327
10/30/2003,LAS,NV,AWP,WE,Combined TRACON& Tower with Radar,963,90,146,6,1205,47,126,0,4,177,1010,216,146,10,1382,0,0,0,1382
10/31/2003,LAS,NV,AWP,WE,Combined TRACON& Tower with Radar,963,90,153,6,1212,21,197,20,14,252,984,287,173,20,1464,0,0,0,1464
11/01/2003,LAS,NV,AWP,WE,Combined TRACON& Tower with Radar,786,70,117,5,978,43,246,0,13,302,829,316,117,18,1280,0,0,0,1280
11/02/2003,LAS,NV,AWP,WE,Combined TRACON& Tower with Radar,918,83,149,6,1156,0,269,69,4,342,918,352,218,10,1498,0,0,0,1498
11/03/2003,LAS,NV,AWP,WE,Combined TRACON& Tower with Radar,963,86,156,5,1210,5,243,57,0,305,968,329,213,5,1515,0,0,0,1515
11/04/2003,LAS,NV,AWP,WE,Combined TRACON& Tower with Radar,913,85,154,5,1157,0,181,131,0,312,913,266,285,5,1469,0,0,0,1469
11/05/2003,LAS,NV,AWP,WE,Combined TRACON& Tower with Radar,913,86,155,6,1160,0,262,113,2,377,913,348,268,8,1537,0,0,0,1537
11/06/2003,LAS,NV,AWP,WE,Combined TRACON& Tower with Radar,990,94,170,7,1261,0,389,138,5,532,990,483,308,12,1793,0,0,0,1793
11/07/2003,LAS,NV,AWP,WE,Combined TRACON& Tower with Radar,949,94,170,6,1219,0,301,140,3,444,949,395,310,9,1663,0,0,0,1663
11/08/2003,LAS,NV,AWP,WE,Combined TRACON& Tower with Radar,836,74,135,5,1050,3,343,63,3,412,839,417,198,8,1462,0,0,0,1462
11/09/2003,LAS,NV,AWP,WE,Combined TRACON& Tower with Radar,917,88,159,6,1170,0,370,113,0,483,917,458,272,6,1653,10,0,10,1663
11/10/2003,LAS,NV,AWP,WE,Combined TRACON& Tower with Radar,922,82,149,0,1153,44,450,20,0,514,966,532,169,0,1667,0,0,0,1667
11/11/2003,LAS,NV,AWP,WE,Combined TRACON& Tower with Radar,881,79,144,5,1109,0,381,46,0,427,881,460,190,5,1536,0,0,0,1536
11/12/2003,LAS,NV,AWP,WE,Combined TRACON& Tower with Radar,905,81,138,6,1130,9,159,0,0,168,914,240,138,6,1298,0,0,0,1298
11/13/2003,LAS,NV,AWP,WE,Combined TRACON& Tower with Radar,992,88,161,5,1246,17,436,58,0,511,1009,524,219,5,1757,0,0,0,1757
11/14/2003,LAS,NV,AWP,WE,Combined TRACON& Tower with Radar,1007,93,170,6,1276,0,402,117,34,553,1007,495,287,40,1829,0,0,0,1829
11/15/2003,LAS,NV,AWP,WE,Combined TRACON& Tower with Radar,811,72,132,4,1019,27,371,37,11,446,838,443,169,15,1465,0,0,0,1465
11/16/2003,LAS,NV,AWP,WE,Combined TRACON& Tower with Radar,891,85,156,6,1138,0,122,104,7,233,891,207,260,13,1371,0,0,0,1371
11/17/2003,LAS,NV,AWP,WE,Combined TRACON& Tower with Radar,980,87,160,6,1233,0,155,70,6,231,980,242,230,12,1464,0,0,0,1464
11/18/2003,LAS,NV,AWP,WE,Combined TRACON& Tower with Radar,865,77,142,2,1086,0,380,54,0,434,865,457,196,2,1520,0,0,0,1520
11/19/2003,LAS,NV,AWP,WE,Combined TRACON& Tower with Radar,922,83,152,4,1161,0,359,77,0,436,922,442,229,4,1597,0,0,0,1597
11/20/2003,LAS,NV,AWP,WE,Combined TRACON& Tower with Radar,1013,93,171,5,1282,0,391,100,0,491,1013,484,271,5,1773,0,0,0,1773
11/21/2003,LAS,NV,AWP,WE,Combined TRACON& Tower with Radar,979,87,159,6,1231,0,218,57,5,280,979,305,216,11,1511,0,0,0,1511
11/22/2003,LAS,NV,AWP,WE,Combined TRACON& Tower with Radar,793,70,127,4,994,45,220,0,3,268,838,290,127,7,1262,0,0,0,1262
11/23/2003,LAS,NV,AWP,WE,Combined TRACON& Tower with Radar,906,80,147,5,1138,18,294,44,5,361,924,374,191,10,1499,0,0,0,1499
11/24/2003,LAS,NV,AWP,WE,Combined TRACON& Tower with Radar,879,77,125,5,1086,73,281,0,0,354,952,358,125,5,1440,0,0,0,1440
11/25/2003,LAS,NV,AWP,WE,Combined TRACON& Tower with Radar,891,80,144,4,1119,36,152,7,0,195,927,232,151,4,1314,0,0,0,1314
11/26/2003,LAS,NV,AWP,WE,Combined TRACON& Tower with Radar,911,81,147,4,1143,29,350,19,0,398,940,431,166,4,1541,0,0,0,1541
11/27/2003,LAS,NV,AWP,WE,Combined TRACON& Tower with Radar,709,63,64,2,838,100,326,0,0,426,809,389,64,2,1264,2,0,2,1266
11/28/2003,LAS,NV,AWP,WE,Combined TRACON& Tower with Radar,714,64,115,0,893,47,244,5,0,296,761,308,120,0,1189,0,0,0,1189
11/29/2003,LAS,NV,AWP,WE,Combined TRACON& Tower with Radar,759,67,122,4,952,28,251,28,1,308,787,318,150,5,1260,0,0,0,1260
11/30/2003,LAS,NV,AWP,WE,Combined TRACON& Tower with Radar,905,81,147,5,1138,0,266,62,0,328,905,347,209,5,1466,2,0,2,1468
12/01/2003,LAS,NV,AWP,WE,Combined TRACON& Tower with Radar,937,76,117,3,1133,30,230,21,0,281,967,306,138,3,1414,0,0,0,1414
12/02/2003,LAS,NV,AWP,WE,Combined TRACON& Tower with Radar,888,72,111,0,1071,55,247,6,0,308,943,319,117,0,1379,0,0,0,1379
12/03/2003,LAS,NV,AWP,WE,Combined TRACON& Tower with Radar,907,74,113,5,1099,13,274,32,1,320,920,348,145,6,1419,0,0,0,1419
12/04/2003,LAS,NV,AWP,WE,Combined TRACON& Tower with Radar,943,77,119,5,1144,0,321,37,0,358,943,398,156,5,1502,0,0,0,1502
12/05/2003,LAS,NV,AWP,WE,Combined TRACON& Tower with Radar,963,83,127,6,1179,0,282,94,6,382,963,365,221,12,1561,0,0,0,1561
12/06/2003,LAS,NV,AWP,WE,Combined TRACON& Tower with Radar,809,66,101,5,981,1,290,45,5,341,810,356,146,10,1322,0,0,0,1322
12/07/2003,LAS,NV,AWP,WE,Combined TRACON& Tower with Radar,910,80,123,6,1119,0,236,102,5,343,910,316,225,11,1462,0,0,0,1462
12/08/2003,LAS,NV,AWP,WE,Combined TRACON& Tower with Radar,927,77,118,6,1128,0,228,78,8,314,927,305,196,14,1442,0,0,0,1442
12/09/2003,LAS,NV,AWP,WE,Combined TRACON& Tower with Radar,908,77,118,6,1109,0,273,103,6,382,908,350,221,12,1491,0,0,0,1491
12/10/2003,LAS,NV,AWP,WE,Combined TRACON& Tower with Radar,946,83,127,6,1162,0,261,117,9,387,946,344,244,15,1549,0,0,0,1549
12/11/2003,LAS,NV,AWP,WE,Combined TRACON& Tower with Radar,869,77,118,5,1069,0,152,72,6,230,869,229,190,11,1299,0,0,0,1299
12/12/2003,LAS,NV,AWP,WE,Combined TRACON& Tower with Radar,982,85,131,5,1203,0,192,123,10,325,982,277,254,15,1528,0,0,0,1528
12/13/2003,LAS,NV,AWP,WE,Combined TRACON& Tower with Radar,812,66,101,5,984,6,314,66,2,388,818,380,167,7,1372,0,0,0,1372
12/14/2003,LAS,NV,AWP,WE,Combined TRACON& Tower with Radar,894,75,116,5,1090,0,216,86,1,303,894,291,202,6,1393,0,0,0,1393
12/15/2003,LAS,NV,AWP,WE,Combined TRACON& Tower with Radar,932,76,117,5,1130,32,223,38,4,297,964,299,155,9,1427,0,0,0,1427
12/16/2003,LAS,NV,AWP,WE,Combined TRACON& Tower with Radar,881,71,111,4,1067,28,233,8,5,274,909,304,119,9,1341,0,0,0,1341
12/17/2003,LAS,NV,AWP,WE,Combined TRACON& Tower with Radar,900,73,113,5,1091,3,204,44,0,251,903,277,157,5,1342,0,0,0,1342
12/18/2003,LAS,NV,AWP,WE,Combined TRACON& Tower with Radar,936,75,118,3,1132,29,208,15,0,252,965,283,133,3,1384,0,0,0,1384
12/19/2003,LAS,NV,AWP,WE,Combined TRACON& Tower with Radar,935,75,118,4,1132,16,207,69,3,295,951,282,187,7,1427,0,0,0,1427
12/20/2003,LAS,NV,AWP,WE,Combined TRACON& Tower with Radar,814,65,102,5,986,23,190,25,4,242,837,255,127,9,1228,0,0,0,1228
12/21/2003,LAS,NV,AWP,WE,Combined TRACON& Tower with Radar,858,69,108,4,1039,39,221,14,0,274,897,290,122,4,1313,0,0,0,1313
12/22/2003,LAS,NV,AWP,WE,Combined TRACON& Tower with Radar,908,73,114,4,1099,50,256,2,1,309,958,329,116,5,1408,0,0,0,1408
12/23/2003,LAS,NV,AWP,WE,Combined TRACON& Tower with Radar,897,72,113,4,1086,10,244,13,2,269,907,316,126,6,1355,0,0,0,1355
12/24/2003,LAS,NV,AWP,WE,Combined TRACON& Tower with Radar,784,63,83,4,934,50,145,0,2,197,834,208,83,6,1131,0,0,0,1131
12/25/2003,LAS,NV,AWP,WE,Combined TRACON& Tower with Radar,673,53,36,0,762,80,161,0,0,241,753,214,36,0,1003,0,0,0,1003
12/26/2003,LAS,NV,AWP,WE,Combined TRACON& Tower with Radar,876,70,111,3,1060,0,256,29,0,285,876,326,140,3,1345,0,0,0,1345
12/27/2003,LAS,NV,AWP,WE,Combined TRACON& Tower with Radar,831,66,105,0,1002,0,243,44,0,287,831,309,149,0,1289,0,0,0,1289
12/28/2003,LAS,NV,AWP,WE,Combined TRACON& Tower with Radar,882,70,111,2,1065,24,391,26,0,441,906,461,137,2,1506,0,0,0,1506
12/29/2003,LAS,NV,AWP,WE,Combined TRACON& Tower with Radar,911,73,115,4,1103,19,317,33,1,370,930,390,148,5,1473,0,0,0,1473
12/30/2003,LAS,NV,AWP,WE,Combined TRACON& Tower with Radar,887,76,116,1,1080,0,218,49,0,267,887,294,165,1,1347,0,0,0,1347
12/31/2003,LAS,NV,AWP,WE,Combined TRACON& Tower with Radar,863,71,108,4,1046,0,309,77,3,389,863,380,185,7,1435,3,0,3,1438
01/01/2004,LAS,NV,AWP,WE,Combined TRACON& Tower with Radar,793,68,111,0,972,0,281,31,2,314,793,349,142,2,1286,0,0,0,1286
01/02/2004,LAS,NV,AWP,WE,Combined TRACON& Tower with Radar,891,109,197,0,1197,0,275,15,0,290,891,384,212,0,1487,0,0,0,1487
01/03/2004,LAS,NV,AWP,WE,Combined TRACON& Tower with Radar,833,61,136,0,1030,0,219,22,0,241,833,280,158,0,1271,0,0,0,1271
01/04/2004,LAS,NV,AWP,WE,Combined TRACON& Tower with Radar,883,77,161,0,1121,0,234,55,1,290,883,311,216,1,1411,0,0,0,1411
01/05/2004,LAS,NV,AWP,WE,Combined TRACON& Tower with Radar,959,78,96,1,1134,0,256,44,0,300,959,334,140,1,1434,0,0,0,1434
01/06/2004,LAS,NV,AWP,WE,Combined TRACON& Tower with Radar,901,80,132,5,1118,0,183,59,2,244,901,263,191,7,1362,0,0,0,1362
01/07/2004,LAS,NV,AWP,WE,Combined TRACON& Tower with Radar,916,106,206,2,1230,0,214,61,1,276,916,320,267,3,1506,0,0,0,1506
01/08/2004,LAS,NV,AWP,WE,Combined TRACON& Tower with Radar,1005,161,215,0,1381,0,182,80,4,266,1005,343,295,4,1647,0,0,0,1647
01/09/2004,LAS,NV,AWP,WE,Combined TRACON& Tower with Radar,987,145,264,2,1398,0,186,78,0,264,987,331,342,2,1662,0,0,0,1662
01/10/2004,LAS,NV,AWP,WE,Combined TRACON& Tower with Radar,838,101,165,4,1108,0,162,77,1,240,838,263,242,5,1348,0,0,0,1348
01/11/2004,LAS,NV,AWP,WE,Combined TRACON& Tower with Radar,914,114,182,7,1217,0,280,61,2,343,914,394,243,9,1560,0,0,0,1560
01/12/2004,LAS,NV,AWP,WE,Combined TRACON& Tower with Radar,991,57,87,1,1136,0,170,36,2,208,991,227,123,3,1344,0,0,0,1344
01/13/2004,LAS,NV,AWP,WE,Combined TRACON& Tower with Radar,911,62,82,6,1061,0,182,32,3,217,911,244,114,9,1278,0,0,0,1278
01/14/2004,LAS,NV,AWP,WE,Combined TRACON& Tower with Radar,926,78,105,1,1110,0,169,33,1,203,926,247,138,2,1313,0,0,0,1313
01/15/2004,LAS,NV,AWP,WE,Combined TRACON& Tower with Radar,996,73,137,2,1208,0,220,42,0,262,996,293,179,2,1470,0,0,0,1470
01/16/2004,LAS,NV,AWP,WE,Combined TRACON& Tower with Radar,1022,101,182,8,1313,3,196,41,3,243,1025,297,223,11,1556,0,0,0,1556
01/17/2004,LAS,NV,AWP,WE,Combined TRACON& Tower with Radar,849,83,157,3,1092,0,183,39,2,224,849,266,196,5,1316,0,0,0,1316
01/18/2004,LAS,NV,AWP,WE,Combined TRACON& Tower with Radar,926,88,246,3,1263,0,247,60,0,307,926,335,306,3,1570,0,0,0,1570
01/19/2004,LAS,NV,AWP,WE,Combined TRACON& Tower with Radar,953,144,264,10,1371,0,171,45,0,216,953,315,309,10,1587,0,0,0,1587
01/20/2004,LAS,NV,AWP,WE,Combined TRACON& Tower with Radar,997,101,212,1,1311,9,195,46,0,250,1006,296,258,1,1561,0,0,0,1561
01/21/2004,LAS,NV,AWP,WE,Combined TRACON& Tower with Radar,1004,129,248,0,1381,8,274,39,2,323,1012,403,287,2,1704,0,0,0,1704
01/22/2004,LAS,NV,AWP,WE,Combined TRACON& Tower with Radar,1016,121,219,3,1359,0,209,44,3,256,1016,330,263,6,1615,0,0,0,1615
01/23/2004,LAS,NV,AWP,WE,Combined TRACON& Tower with Radar,994,101,168,7,1270,0,249,43,3,295,994,350,211,10,1565,0,0,0,1565
01/24/2004,LAS,NV,AWP,WE,Combined TRACON& Tower with Radar,875,59,101,8,1043,0,201,28,0,229,875,260,129,8,1272,0,0,0,1272
01/25/2004,LAS,NV,AWP,WE,Combined TRACON& Tower with Radar,935,86,158,7,1186,0,183,52,0,235,935,269,210,7,1421,0,0,0,1421
01/26/2004,LAS,NV,AWP,WE,Combined TRACON& Tower with Radar,986,87,137,0,1210,0,114,37,0,151,986,201,174,0,1361,0,0,0,1361
01/27/2004,LAS,NV,AWP,WE,Combined TRACON& Tower with Radar,909,81,129,1,1120,0,189,32,0,221,909,270,161,1,1341,0,0,0,1341
01/28/2004,LAS,NV,AWP,WE,Combined TRACON& Tower with Radar,886,97,122,5,1110,0,208,23,2,233,886,305,145,7,1343,0,0,0,1343
01/29/2004,LAS,NV,AWP,WE,Combined TRACON& Tower with Radar,1021,108,206,7,1342,0,253,41,1,295,1021,361,247,8,1637,0,0,0,1637
01/30/2004,LAS,NV,AWP,WE,Combined TRACON& Tower with Radar,1004,148,282,5,1439,0,336,77,2,415,1004,484,359,7,1854,0,0,0,1854
01/31/2004,LAS,NV,AWP,WE,Combined TRACON& Tower with Radar,879,113,199,3,1194,0,88,21,0,109,879,201,220,3,1303,0,0,0,1303
02/01/2004,LAS,NV,AWP,WE,Combined TRACON& Tower with Radar,922,85,183,7,1197,0,207,31,2,240,922,292,214,9,1437,0,0,0,1437
02/02/2004,LAS,NV,AWP,WE,Combined TRACON& Tower with Radar,995,138,310,8,1451,0,183,36,1,220,995,321,346,9,1671,0,0,0,1671
02/03/2004,LAS,NV,AWP,WE,Combined TRACON& Tower with Radar,915,77,173,4,1169,0,110,15,1,126,915,187,188,5,1295,0,0,0,1295
02/04/2004,LAS,NV,AWP,WE,Combined TRACON& Tower with Radar,926,89,124,0,1139,0,242,43,0,285,926,331,167,0,1424,0,0,0,1424
02/05/2004,LAS,NV,AWP,WE,Combined TRACON& Tower with Radar,1028,90,136,2,1256,0,225,35,1,261,1028,315,171,3,1517,0,0,0,1517
02/06/2004,LAS,NV,AWP,WE,Combined TRACON& Tower with Radar,1022,100,166,17,1305,0,228,42,4,274,1022,328,208,21,1579,0,0,0,1579
02/07/2004,LAS,NV,AWP,WE,Combined TRACON& Tower with Radar,884,63,111,9,1067,0,219,40,0,259,884,282,151,9,1326,0,0,0,1326
02/08/2004,LAS,NV,AWP,WE,Combined TRACON& Tower with Radar,960,71,144,9,1184,0,242,46,1,289,960,313,190,10,1473,0,0,0,1473
02/09/2004,LAS,NV,AWP,WE,Combined TRACON& Tower with Radar,1012,71,112,13,1208,0,234,46,0,280,1012,305,158,13,1488,0,0,0,1488
02/10/2004,LAS,NV,AWP,WE,Combined TRACON& Tower with Radar,943,81,130,0,1154,0,210,44,3,257,943,291,174,3,1411,0,0,0,1411
02/11/2004,LAS,NV,AWP,WE,Combined TRACON& Tower with Radar,968,84,154,3,1209,0,242,42,10,294,968,326,196,13,1503,0,0,0,1503
02/12/2004,LAS,NV,AWP,WE,Combined TRACON& Tower with Radar,1056,92,193,1,1342,0,224,40,3,267,1056,316,233,4,1609,0,0,0,1609
02/13/2004,LAS,NV,AWP,WE,Combined TRACON& Tower with Radar,1029,118,244,7,1398,0,243,65,1,309,1029,361,309,8,1707,0,0,0,1707
02/14/2004,LAS,NV,AWP,WE,Combined TRACON& Tower with Radar,881,89,114,2,1086,0,293,56,0,349,881,382,170,2,1435,0,0,0,1435
02/15/2004,LAS,NV,AWP,WE,Combined TRACON& Tower with Radar,961,96,209,5,1271,0,315,51,0,366,961,411,260,5,1637,0,0,0,1637
02/16/2004,LAS,NV,AWP,WE,Combined TRACON& Tower with Radar,984,92,183,1,1260,0,263,59,1,323,984,355,242,2,1583,0,0,0,1583
02/17/2004,LAS,NV,AWP,WE,Combined TRACON& Tower with Radar,934,73,120,8,1135,0,302,49,0,351,934,375,169,8,1486,0,0,0,1486
02/18/2004,LAS,NV,AWP,WE,Combined TRACON& Tower with Radar,957,87,117,3,1164,0,323,48,10,381,957,410,165,13,1545,0,0,0,1545
02/19/2004,LAS,NV,AWP,WE,Combined TRACON& Tower with Radar,1047,102,153,3,1305,0,265,34,0,299,1047,367,187,3,1604,0,0,0,1604
02/20/2004,LAS,NV,AWP,WE,Combined TRACON& Tower with Radar,1021,115,194,7,1337,0,267,18,1,286,1021,382,212,8,1623,0,0,0,1623
02/21/2004,LAS,NV,AWP,WE,Combined TRACON& Tower with Radar,882,66,125,4,1077,0,99,7,0,106,882,165,132,4,1183,0,0,0,1183
02/22/2004,LAS,NV,AWP,WE,Combined TRACON& Tower with Radar,810,75,166,4,1055,0,90,1,0,91,810,165,167,4,1146,0,0,0,1146
02/23/2004,LAS,NV,AWP,WE,Combined TRACON& Tower with Radar,1080,82,137,1,1300,0,76,4,0,80,1080,158,141,1,1380,0,0,0,1380
02/24/2004,LAS,NV,AWP,WE,Combined TRACON& Tower with Radar,959,91,175,9,1234,0,305,25,0,330,959,396,200,9,1564,0,0,0,1564
02/25/2004,LAS,NV,AWP,WE,Combined TRACON& Tower with Radar,952,83,160,5,1200,0,248,34,1,283,952,331,194,6,1483,0,0,0,1483
02/26/2004,LAS,NV,AWP,WE,Combined TRACON& Tower with Radar,1042,87,161,4,1294,0,130,10,0,140,1042,217,171,4,1434,0,0,0,1434
02/27/2004,LAS,NV,AWP,WE,Combined TRACON& Tower with Radar,870,65,145,11,1091,0,200,14,3,217,870,265,159,14,1308,0,0,0,1308
02/28/2004,LAS,NV,AWP,WE,Combined TRACON& Tower with Radar,913,56,117,15,1101,0,165,34,2,201,913,221,151,17,1302,0,0,0,1302
02/29/2004,LAS,NV,AWP,WE,Combined TRACON& Tower with Radar,961,86,197,11,1255,0,315,57,3,375,961,401,254,14,1630,0,0,0,1630
03/01/2004,LAS,NV,AWP,WE,Combined TRACON& Tower with Radar,1017,64,141,10,1232,0,215,8,1,224,1017,279,149,11,1456,0,0,0,1456
03/02/2004,LAS,NV,AWP,WE,Combined TRACON& Tower with Radar,926,68,135,3,1132,0,164,6,0,170,926,232,141,3,1302,0,0,0,1302
03/03/2004,LAS,NV,AWP,WE,Combined TRACON& Tower with Radar,991,97,144,4,1236,0,324,71,11,406,991,421,215,15,1642,0,0,0,1642
03/04/2004,LAS,NV,AWP,WE,Combined TRACON& Tower with Radar,1065,90,221,2,1378,0,346,43,5,394,1065,436,264,7,1772,0,0,0,1772
03/05/2004,LAS,NV,AWP,WE,Combined TRACON& Tower with Radar,1073,117,230,5,1425,0,299,45,0,344,1073,416,275,5,1769,0,0,0,1769
03/06/2004,LAS,NV,AWP,WE,Combined TRACON& Tower with Radar,934,78,157,1,1170,0,293,67,0,360,934,371,224,1,1530,0,0,0,1530
03/07/2004,LAS,NV,AWP,WE,Combined TRACON& Tower with Radar,1009,112,271,3,1395,0,846,67,0,913,1009,958,338,3,2308,0,0,0,2308
03/08/2004,LAS,NV,AWP,WE,Combined TRACON& Tower with Radar,1038,97,177,9,1321,0,270,42,0,312,1038,367,219,9,1633,0,0,0,1633
03/09/2004,LAS,NV,AWP,WE,Combined TRACON& Tower with Radar,981,92,168,0,1241,0,292,49,2,343,981,384,217,2,1584,0,0,0,1584
03/10/2004,LAS,NV,AWP,WE,Combined TRACON& Tower with Radar,1002,82,134,6,1224,0,288,63,1,352,1002,370,197,7,1576,0,0,0,1576
03/11/2004,LAS,NV,AWP,WE,Combined TRACON& Tower with Radar,1080,93,157,4,1334,0,280,72,5,357,1080,373,229,9,1691,0,0,0,1691
03/12/2004,LAS,NV,AWP,WE,Combined TRACON& Tower with Radar,1059,113,194,17,1383,0,296,63,1,360,1059,409,257,18,1743,0,0,0,1743
03/13/2004,LAS,NV,AWP,WE,Combined TRACON& Tower with Radar,935,94,112,7,1148,0,281,47,3,331,935,375,159,10,1479,0,0,0,1479
03/14/2004,LAS,NV,AWP,WE,Combined TRACON& Tower with Radar,994,109,211,13,1327,0,343,76,2,421,994,452,287,15,1748,0,0,0,1748
03/15/2004,LAS,NV,AWP,WE,Combined TRACON& Tower with Radar,1058,71,148,4,1281,0,304,61,3,368,1058,375,209,7,1649,0,0,0,1649
03/16/2004,LAS,NV,AWP,WE,Combined TRACON& Tower with Radar,970,106,184,4,1264,0,337,76,1,414,970,443,260,5,1678,0,0,0,1678
03/17/2004,LAS,NV,AWP,WE,Combined TRACON& Tower with Radar,989,117,183,1,1290,0,422,79,3,504,989,539,262,4,1794,0,0,0,1794
03/18/2004,LAS,NV,AWP,WE,Combined TRACON& Tower with Radar,1081,115,189,2,1387,0,332,80,4,416,1081,447,269,6,1803,0,0,0,1803
03/19/2004,LAS,NV,AWP,WE,Combined TRACON& Tower with Radar,1069,105,211,6,1391,0,289,61,0,350,1069,394,272,6,1741,0,0,0,1741
03/20/2004,LAS,NV,AWP,WE,Combined TRACON& Tower with Radar,919,76,115,2,1112,0,242,48,0,290,919,318,163,2,1402,0,0,0,1402
03/21/2004,LAS,NV,AWP,WE,Combined TRACON& Tower with Radar,1011,145,243,5,1404,0,325,70,0,395,1011,470,313,5,1799,0,0,0,1799
03/22/2004,LAS,NV,AWP,WE,Combined TRACON& Tower with Radar,1054,70,138,1,1263,0,280,44,0,324,1054,350,182,1,1587,0,0,0,1587
03/23/2004,LAS,NV,AWP,WE,Combined TRACON& Tower with Radar,988,95,134,4,1221,0,298,29,0,327,988,393,163,4,1548,0,0,0,1548
03/24/2004,LAS,NV,AWP,WE,Combined TRACON& Tower with Radar,1000,99,168,5,1272,0,316,77,8,401,1000,415,245,13,1673,0,0,0,1673
03/25/2004,LAS,NV,AWP,WE,Combined TRACON& Tower with Radar,1078,121,183,2,1384,0,328,40,1,369,1078,449,223,3,1753,0,0,0,1753
03/26/2004,LAS,NV,AWP,WE,Combined TRACON& Tower with Radar,1060,118,171,14,1363,0,282,47,4,333,1060,400,218,18,1696,0,0,0,1696
03/27/2004,LAS,NV,AWP,WE,Combined TRACON& Tower with Radar,931,68,111,15,1125,0,257,46,3,306,931,325,157,18,1431,0,0,0,1431
03/28/2004,LAS,NV,AWP,WE,Combined TRACON& Tower with Radar,998,99,163,10,1270,1,273,62,1,337,999,372,225,11,1607,0,0,0,1607
03/29/2004,LAS,NV,AWP,WE,Combined TRACON& Tower with Radar,1073,69,101,12,1255,4,268,46,1,319,1077,337,147,13,1574,0,0,0,1574
03/30/2004,LAS,NV,AWP,WE,Combined TRACON& Tower with Radar,1056,108,128,3,1295,10,279,40,1,330,1066,387,168,4,1625,0,0,0,1625
03/31/2004,LAS,NV,AWP,WE,Combined TRACON& Tower with Radar,1018,89,188,10,1305,2,345,68,0,415,1020,434,256,10,1720,0,0,0,1720
04/01/2004,LAS,NV,AWP,WE,Combined TRACON& Tower with Radar,1120,103,196,1,1420,7,258,44,0,309,1127,361,240,1,1729,0,0,0,1729
04/02/2004,LAS,NV,AWP,WE,Combined TRACON& Tower with Radar,996,113,218,8,1335,0,123,7,1,131,996,236,225,9,1466,0,0,0,1466
04/03/2004,LAS,NV,AWP,WE,Combined TRACON& Tower with Radar,955,83,143,1,1182,0,164,16,1,181,955,247,159,2,1363,0,0,0,1363
04/04/2004,LAS,NV,AWP,WE,Combined TRACON& Tower with Radar,996,103,220,5,1324,0,355,55,0,410,996,458,275,5,1734,0,0,0,1734
04/05/2004,LAS,NV,AWP,WE,Combined TRACON& Tower with Radar,1124,72,117,8,1321,7,339,40,0,386,1131,411,157,8,1707,0,0,0,1707
04/06/2004,LAS,NV,AWP,WE,Combined TRACON& Tower with Radar,1039,109,106,1,1255,9,402,27,0,438,1048,511,133,1,1693,0,0,0,1693
04/07/2004,LAS,NV,AWP,WE,Combined TRACON& Tower with Radar,996,109,154,0,1259,3,402,30,0,435,999,511,184,0,1694,0,0,0,1694
04/08/2004,LAS,NV,AWP,WE,Combined TRACON& Tower with Radar,1050,105,155,4,1314,0,362,27,4,393,1050,467,182,8,1707,0,0,0,1707
04/09/2004,LAS,NV,AWP,WE,Combined TRACON& Tower with Radar,1056,91,121,6,1274,0,367,49,0,416,1056,458,170,6,1690,0,0,0,1690
04/10/2004,LAS,NV,AWP,WE,Combined TRACON& Tower with Radar,916,79,91,0,1086,0,348,46,1,395,916,427,137,1,1481,0,0,0,1481
04/11/2004,LAS,NV,AWP,WE,Combined TRACON& Tower with Radar,1018,77,117,3,1215,0,346,47,0,393,1018,423,164,3,1608,0,0,0,1608
04/12/2004,LAS,NV,AWP,WE,Combined TRACON& Tower with Radar,1082,102,122,3,1309,6,338,24,1,369,1088,440,146,4,1678,0,0,0,1678
04/13/2004,LAS,NV,AWP,WE,Combined TRACON& Tower with Radar,1041,74,128,7,1250,6,349,36,0,391,1047,423,164,7,1641,0,0,0,1641
04/14/2004,LAS,NV,AWP,WE,Combined TRACON& Tower with Radar,989,94,141,10,1234,0,386,39,0,425,989,480,180,10,1659,0,0,0,1659
04/15/2004,LAS,NV,AWP,WE,Combined TRACON& Tower with Radar,1062,90,141,4,1297,0,315,46,1,362,1062,405,187,5,1659,0,0,0,1659
04/16/2004,LAS,NV,AWP,WE,Combined TRACON& Tower with Radar,1045,94,166,9,1314,0,340,44,1,385,1045,434,210,10,1699,0,0,0,1699
04/17/2004,LAS,NV,AWP,WE,Combined TRACON& Tower with Radar,908,84,124,1,1117,0,177,27,0,204,908,261,151,1,1321,0,0,0,1321
04/18/2004,LAS,NV,AWP,WE,Combined TRACON& Tower with Radar,903,99,199,2,1203,0,374,72,0,446,903,473,271,2,1649,0,0,0,1649
04/19/2004,LAS,NV,AWP,WE,Combined TRACON& Tower with Radar,1042,111,132,7,1292,0,305,46,0,351,1042,416,178,7,1643,0,0,0,1643
04/20/2004,LAS,NV,AWP,WE,Combined TRACON& Tower with Radar,976,113,125,2,1216,0,301,48,2,351,976,414,173,4,1567,0,0,0,1567
04/21/2004,LAS,NV,AWP,WE,Combined TRACON& Tower with Radar,989,116,192,19,1316,0,306,34,0,340,989,422,226,19,1656,0,0,0,1656
04/22/2004,LAS,NV,AWP,WE,Combined TRACON& Tower with Radar,1072,121,138,4,1335,0,263,21,0,284,1072,384,159,4,1619,0,0,0,1619
04/23/2004,LAS,NV,AWP,WE,Combined TRACON& Tower with Radar,1059,115,169,3,1346,0,359,57,2,418,1059,474,226,5,1764,0,0,0,1764
04/24/2004,LAS,NV,AWP,WE,Combined TRACON& Tower with Radar,913,71,112,0,1096,0,298,69,3,370,913,369,181,3,1466,0,0,0,1466
04/25/2004,LAS,NV,AWP,WE,Combined TRACON& Tower with Radar,998,122,189,5,1314,0,374,66,1,441,998,496,255,6,1755,0,0,0,1755
04/26/2004,LAS,NV,AWP,WE,Combined TRACON& Tower with Radar,1046,81,147,2,1276,0,308,38,0,346,1046,389,185,2,1622,0,0,0,1622
04/27/2004,LAS,NV,AWP,WE,Combined TRACON& Tower with Radar,988,110,136,5,1239,0,320,47,1,368,988,430,183,6,1607,0,0,0,1607
04/28/2004,LAS,NV,AWP,WE,Combined TRACON& Tower with Radar,969,108,209,7,1293,0,199,30,1,230,969,307,239,8,1523,0,0,0,1523
04/29/2004,LAS,NV,AWP,WE,Combined TRACON& Tower with Radar,1071,96,158,5,1330,0,336,35,1,372,1071,432,193,6,1702,0,0,0,1702
04/30/2004,LAS,NV,AWP,WE,Combined TRACON& Tower with Radar,1065,111,234,9,1419,0,367,76,2,445,1065,478,310,11,1864,0,0,0,1864
05/01/2004,LAS,NV,AWP,WE,Combined TRACON& Tower with Radar,905,74,105,5,1089,0,343,64,3,410,905,417,169,8,1499,0,0,0,1499
05/02/2004,LAS,NV,AWP,WE,Combined TRACON& Tower with Radar,992,107,219,8,1326,0,367,53,0,420,992,474,272,8,1746,0,0,0,1746
05/03/2004,LAS,NV,AWP,WE,Combined TRACON& Tower with Radar,1028,66,143,12,1249,2,325,40,0,367,1030,391,183,12,1616,0,0,0,1616
05/04/2004,LAS,NV,AWP,WE,Combined TRACON& Tower with Radar,895,80,129,2,1106,0,379,38,0,417,895,459,167,2,1523,0,0,0,1523
05/05/2004,LAS,NV,AWP,WE,Combined TRACON& Tower with Radar,989,120,178,4,1291,0,341,29,1,371,989,461,207,5,1662,0,0,0,1662
05/06/2004,LAS,NV,AWP,WE,Combined TRACON& Tower with Radar,1052,97,179,2,1330,0,338,48,1,387,1052,435,227,3,1717,0,0,0,1717
05/07/2004,LAS,NV,AWP,WE,Combined TRACON& Tower with Radar,1030,128,177,7,1342,0,317,45,2,364,1030,445,222,9,1706,0,0,0,1706
05/08/2004,LAS,NV,AWP,WE,Combined TRACON& Tower with Radar,925,61,102,3,1091,0,262,47,1,310,925,323,149,4,1401,0,0,0,1401
05/09/2004,LAS,NV,AWP,WE,Combined TRACON& Tower with Radar,980,75,133,6,1194,0,274,55,0,329,980,349,188,6,1523,0,0,0,1523
05/10/2004,LAS,NV,AWP,WE,Combined TRACON& Tower with Radar,1070,94,134,4,1302,2,157,23,0,182,1072,251,157,4,1484,0,0,0,1484
05/11/2004,LAS,NV,AWP,WE,Combined TRACON& Tower with Radar,980,103,113,12,1208,0,369,37,1,407,980,472,150,13,1615,0,0,0,1615
05/12/2004,LAS,NV,AWP,WE,Combined TRACON& Tower with Radar,1003,123,158,1,1285,0,287,59,1,347,1003,410,217,2,1632,0,0,0,1632
05/13/2004,LAS,NV,AWP,WE,Combined TRACON& Tower with Radar,1037,125,160,5,1327,0,297,40,1,338,1037,422,200,6,1665,0,0,0,1665
05/14/2004,LAS,NV,AWP,WE,Combined TRACON& Tower with Radar,1054,124,215,2,1395,1,356,76,7,440,1055,480,291,9,1835,0,0,0,1835
05/15/2004,LAS,NV,AWP,WE,Combined TRACON& Tower with Radar,911,85,146,0,1142,0,297,61,5,363,911,382,207,5,1505,0,0,0,1505
05/16/2004,LAS,NV,AWP,WE,Combined TRACON& Tower with Radar,998,112,237,1,1348,0,291,88,2,381,998,403,325,3,1729,0,0,0,1729
05/17/2004,LAS,NV,AWP,WE,Combined TRACON& Tower with Radar,1035,90,126,2,1253,0,256,40,3,299,1035,346,166,5,1552,0,0,0,1552
05/18/2004,LAS,NV,AWP,WE,Combined TRACON& Tower with Radar,994,86,127,3,1210,0,323,34,5,362,994,409,161,8,1572,0,0,0,1572
05/19/2004,LAS,NV,AWP,WE,Combined TRACON& Tower with Radar,999,96,156,5,1256,0,293,44,2,339,999,389,200,7,1595,0,0,0,1595
05/20/2004,LAS,NV,AWP,WE,Combined TRACON& Tower with Radar,1048,117,168,8,1341,0,318,39,0,357,1048,435,207,8,1698,0,0,0,1698
05/21/2004,LAS,NV,AWP,WE,Combined TRACON& Tower with Radar,1044,131,216,3,1394,0,350,44,8,402,1044,481,260,11,1796,0,0,0,1796
05/22/2004,LAS,NV,AWP,WE,Combined TRACON& Tower with Radar,923,100,137,2,1162,0,242,54,1,297,923,342,191,3,1459,0,0,0,1459
05/23/2004,LAS,NV,AWP,WE,Combined TRACON& Tower with Radar,981,123,287,3,1394,0,331,59,1,391,981,454,346,4,1785,0,0,0,1785
05/24/2004,LAS,NV,AWP,WE,Combined TRACON& Tower with Radar,1045,133,217,1,1396,0,239,43,0,282,1045,372,260,1,1678,0,0,0,1678
05/25/2004,LAS,NV,AWP,WE,Combined TRACON& Tower with Radar,993,160,235,1,1389,0,290,53,0,343,993,450,288,1,1732,0,0,0,1732
05/26/2004,LAS,NV,AWP,WE,Combined TRACON& Tower with Radar,988,172,278,5,1443,0,309,54,0,363,988,481,332,5,1806,0,0,0,1806
05/27/2004,LAS,NV,AWP,WE,Combined TRACON& Tower with Radar,1042,128,208,1,1379,0,343,50,2,395,1042,471,258,3,1774,0,0,0,1774
05/28/2004,LAS,NV,AWP,WE,Combined TRACON& Tower with Radar,1055,125,227,3,1410,1,304,48,3,356,1056,429,275,6,1766,0,0,0,1766
05/29/2004,LAS,NV,AWP,WE,Combined TRACON& Tower with Radar,908,80,103,0,1091,0,228,29,0,257,908,308,132,0,1348,0,0,0,1348
05/30/2004,LAS,NV,AWP,WE,Combined TRACON& Tower with Radar,932,69,115,1,1117,0,317,38,0,355,932,386,153,1,1472,0,0,0,1472
05/31/2004,LAS,NV,AWP,WE,Combined TRACON& Tower with Radar,974,114,189,0,1277,1,307,64,0,372,975,421,253,0,1649,0,0,0,1649
06/01/2004,LAS,NV,AWP,WE,Combined TRACON& Tower with Radar,982,61,110,1,1154,0,352,25,1,378,982,413,135,2,1532,0,0,0,1532
06/02/2004,LAS,NV,AWP,WE,Combined TRACON& Tower with Radar,1010,93,125,5,1233,0,351,26,0,377,1010,444,151,5,1610,0,0,0,1610
06/03/2004,LAS,NV,AWP,WE,Combined TRACON& Tower with Radar,1077,108,130,3,1318,0,343,33,0,376,1077,451,163,3,1694,0,0,0,1694
06/04/2004,LAS,NV,AWP,WE,Combined TRACON& Tower with Radar,1059,107,103,8,1277,0,266,48,0,314,1059,373,151,8,1591,0,0,0,1591
06/05/2004,LAS,NV,AWP,WE,Combined TRACON& Tower with Radar,915,93,96,2,1106,0,186,60,0,246,915,279,156,2,1352,0,0,0,1352
06/06/2004,LAS,NV,AWP,WE,Combined TRACON& Tower with Radar,1001,127,181,5,1314,0,238,71,0,309,1001,365,252,5,1623,0,0,0,1623
06/07/2004,LAS,NV,AWP,WE,Combined TRACON& Tower with Radar,1065,103,119,2,1289,0,245,38,0,283,1065,348,157,2,1572,0,0,0,1572
06/08/2004,LAS,NV,AWP,WE,Combined TRACON& Tower with Radar,969,106,92,1,1168,0,272,28,1,301,969,378,120,2,1469,0,0,0,1469
06/09/2004,LAS,NV,AWP,WE,Combined TRACON& Tower with Radar,989,98,100,2,1189,0,215,23,1,239,989,313,123,3,1428,0,0,0,1428
06/10/2004,LAS,NV,AWP,WE,Combined TRACON& Tower with Radar,1068,92,145,2,1307,0,345,35,5,385,1068,437,180,7,1692,0,0,0,1692
06/11/2004,LAS,NV,AWP,WE,Combined TRACON& Tower with Radar,1026,106,180,3,1315,0,343,55,1,399,1026,449,235,4,1714,0,0,0,1714
06/12/2004,LAS,NV,AWP,WE,Combined TRACON& Tower with Radar,921,86,106,6,1119,0,257,40,1,298,921,343,146,7,1417,0,0,0,1417
06/13/2004,LAS,NV,AWP,WE,Combined TRACON& Tower with Radar,993,113,144,3,1253,0,257,45,3,305,993,370,189,6,1558,0,0,0,1558
06/14/2004,LAS,NV,AWP,WE,Combined TRACON& Tower with Radar,1048,76,139,13,1276,0,282,28,1,311,1048,358,167,14,1587,0,0,0,1587
06/15/2004,LAS,NV,AWP,WE,Combined TRACON& Tower with Radar,1004,102,149,0,1255,0,359,32,1,392,1004,461,181,1,1647,0,0,0,1647
06/16/2004,LAS,NV,AWP,WE,Combined TRACON& Tower with Radar,1003,87,114,13,1217,1,316,32,5,354,1004,403,146,18,1571,0,0,0,1571
06/17/2004,LAS,NV,AWP,WE,Combined TRACON& Tower with Radar,1050,96,117,1,1264,1,260,42,0,303,1051,356,159,1,1567,0,0,0,1567
06/18/2004,LAS,NV,AWP,WE,Combined TRACON& Tower with Radar,1073,110,158,11,1352,0,303,35,0,338,1073,413,193,11,1690,0,0,0,1690
06/19/2004,LAS,NV,AWP,WE,Combined TRACON& Tower with Radar,946,69,70,4,1089,0,239,44,1,284,946,308,114,5,1373,0,0,0,1373
06/20/2004,LAS,NV,AWP,WE,Combined TRACON& Tower with Radar,1013,82,104,3,1202,0,253,35,5,293,1013,335,139,8,1495,0,0,0,1495
06/21/2004,LAS,NV,AWP,WE,Combined TRACON& Tower with Radar,1049,85,151,4,1289,0,256,20,0,276,1049,341,171,4,1565,0,0,0,1565
06/22/2004,LAS,NV,AWP,WE,Combined TRACON& Tower with Radar,1015,107,130,7,1259,0,302,25,2,329,1015,409,155,9,1588,0,0,0,1588
06/23/2004,LAS,NV,AWP,WE,Combined TRACON& Tower with Radar,999,73,116,21,1209,0,320,28,5,353,999,393,144,26,1562,0,0,0,1562
06/24/2004,LAS,NV,AWP,WE,Combined TRACON& Tower with Radar,1077,99,123,3,1302,0,343,42,0,385,1077,442,165,3,1687,0,0,0,1687
06/25/2004,LAS,NV,AWP,WE,Combined TRACON& Tower with Radar,1057,103,145,8,1313,0,321,34,6,361,1057,424,179,14,1674,0,0,0,1674
06/26/2004,LAS,NV,AWP,WE,Combined TRACON& Tower with Radar,947,74,79,5,1105,0,267,42,1,310,947,341,121,6,1415,0,0,0,1415
06/27/2004,LAS,NV,AWP,WE,Combined TRACON& Tower with Radar,996,93,162,5,1256,0,267,62,3,332,996,360,224,8,1588,0,0,0,1588
06/28/2004,LAS,NV,AWP,WE,Combined TRACON& Tower with Radar,1074,88,118,1,1281,0,223,27,3,253,1074,311,145,4,1534,0,0,0,1534
06/29/2004,LAS,NV,AWP,WE,Combined TRACON& Tower with Radar,1010,89,110,4,1213,0,315,41,1,357,1010,404,151,5,1570,0,0,0,1570
06/30/2004,LAS,NV,AWP,WE,Combined TRACON& Tower with Radar,1001,80,94,12,1187,0,285,41,2,328,1001,365,135,14,1515,0,0,0,1515
07/01/2004,LAS,NV,AWP,WE,Combined TRACON& Tower with Radar,1069,97,134,4,1304,0,322,30,2,354,1069,419,164,6,1658,0,0,0,1658
07/02/2004,LAS,NV,AWP,WE,Combined TRACON& Tower with Radar,1055,114,117,2,1288,0,273,35,0,308,1055,387,152,2,1596,0,0,0,1596
07/03/2004,LAS,NV,AWP,WE,Combined TRACON& Tower with Radar,925,69,63,0,1057,0,244,22,1,267,925,313,85,1,1324,0,0,0,1324
07/04/2004,LAS,NV,AWP,WE,Combined TRACON& Tower with Radar,900,58,65,0,1023,0,250,18,0,268,900,308,83,0,1291,0,0,0,1291
07/05/2004,LAS,NV,AWP,WE,Combined TRACON& Tower with Radar,964,79,124,2,1169,0,298,37,0,335,964,377,161,2,1504,0,0,0,1504
07/06/2004,LAS,NV,AWP,WE,Combined TRACON& Tower with Radar,991,91,124,1,1207,0,296,22,1,319,991,387,146,2,1526,0,0,0,1526
07/07/2004,LAS,NV,AWP,WE,Combined TRACON& Tower with Radar,978,70,110,17,1175,0,319,28,1,348,978,389,138,18,1523,0,0,0,1523
07/08/2004,LAS,NV,AWP,WE,Combined TRACON& Tower with Radar,1086,96,150,2,1334,0,267,29,0,296,1086,363,179,2,1630,0,0,0,1630
07/09/2004,LAS,NV,AWP,WE,Combined TRACON& Tower with Radar,1065,113,148,5,1331,0,280,44,5,329,1065,393,192,10,1660,0,0,0,1660
07/10/2004,LAS,NV,AWP,WE,Combined TRACON& Tower with Radar,929,74,88,6,1097,0,234,38,0,272,929,308,126,6,1369,0,0,0,1369
07/11/2004,LAS,NV,AWP,WE,Combined TRACON& Tower with Radar,1000,86,127,5,1218,0,233,57,0,290,1000,319,184,5,1508,0,0,0,1508
07/12/2004,LAS,NV,AWP,WE,Combined TRACON& Tower with Radar,1056,77,125,3,1261,0,239,21,0,260,1056,316,146,3,1521,0,0,0,1521
07/13/2004,LAS,NV,AWP,WE,Combined TRACON& Tower with Radar,999,99,111,7,1216,0,291,28,2,321,999,390,139,9,1537,0,0,0,1537
07/14/2004,LAS,NV,AWP,WE,Combined TRACON& Tower with Radar,992,104,142,13,1251,0,295,22,1,318,992,399,164,14,1569,0,0,0,1569
07/15/2004,LAS,NV,AWP,WE,Combined TRACON& Tower with Radar,1075,85,136,5,1301,0,294,22,0,316,1075,379,158,5,1617,0,0,0,1617
07/16/2004,LAS,NV,AWP,WE,Combined TRACON& Tower with Radar,1064,98,151,5,1318,0,251,27,6,284,1064,349,178,11,1602,0,0,0,1602
07/17/2004,LAS,NV,AWP,WE,Combined TRACON& Tower with Radar,940,75,95,4,1114,0,221,38,0,259,940,296,133,4,1373,0,0,0,1373
07/18/2004,LAS,NV,AWP,WE,Combined TRACON& Tower with Radar,994,84,152,7,1237,0,218,37,2,257,994,302,189,9,1494,0,0,0,1494
07/19/2004,LAS,NV,AWP,WE,Combined TRACON& Tower with Radar,1039,70,98,4,1211,0,253,19,0,272,1039,323,117,4,1483,0,0,0,1483
07/20/2004,LAS,NV,AWP,WE,Combined TRACON& Tower with Radar,999,80,116,1,1196,0,298,29,2,329,999,378,145,3,1525,0,0,0,1525
07/21/2004,LAS,NV,AWP,WE,Combined TRACON& Tower with Radar,994,91,115,3,1203,0,297,32,0,329,994,388,147,3,1532,0,0,0,1532
07/22/2004,LAS,NV,AWP,WE,Combined TRACON& Tower with Radar,1060,87,155,3,1305,0,307,28,0,335,1060,394,183,3,1640,0,0,0,1640
07/23/2004,LAS,NV,AWP,WE,Combined TRACON& Tower with Radar,1069,100,165,7,1341,0,293,41,0,334,1069,393,206,7,1675,0,0,0,1675
07/24/2004,LAS,NV,AWP,WE,Combined TRACON& Tower with Radar,942,79,110,3,1134,0,227,55,0,282,942,306,165,3,1416,0,0,0,1416
07/25/2004,LAS,NV,AWP,WE,Combined TRACON& Tower with Radar,948,67,145,2,1162,0,303,58,0,361,948,370,203,2,1523,0,0,0,1523
07/26/2004,LAS,NV,AWP,WE,Combined TRACON& Tower with Radar,1068,78,117,6,1269,0,236,37,5,278,1068,314,154,11,1547,0,0,0,1547
07/27/2004,LAS,NV,AWP,WE,Combined TRACON& Tower with Radar,975,77,112,8,1172,0,297,32,3,332,975,374,144,11,1504,0,0,0,1504
07/28/2004,LAS,NV,AWP,WE,Combined TRACON& Tower with Radar,1001,103,98,4,1206,0,346,33,0,379,1001,449,131,4,1585,0,0,0,1585
07/29/2004,LAS,NV,AWP,WE,Combined TRACON& Tower with Radar,1080,105,114,1,1300,0,353,38,0,391,1080,458,152,1,1691,0,0,0,1691
07/30/2004,LAS,NV,AWP,WE,Combined TRACON& Tower with Radar,1074,96,145,0,1315,0,332,46,0,378,1074,428,191,0,1693,0,0,0,1693
07/31/2004,LAS,NV,AWP,WE,Combined TRACON& Tower with Radar,921,80,76,0,1077,0,234,49,0,283,921,314,125,0,1360,0,0,0,1360
08/01/2004,LAS,NV,AWP,WE,Combined TRACON& Tower with Radar,980,100,138,3,1221,0,281,56,1,338,980,381,194,4,1559,0,0,0,1559
08/02/2004,LAS,NV,AWP,WE,Combined TRACON& Tower with Radar,1072,83,106,2,1263,0,261,28,3,292,1072,344,134,5,1555,0,0,0,1555
08/03/2004,LAS,NV,AWP,WE,Combined TRACON& Tower with Radar,1001,86,129,5,1221,0,319,38,0,357,1001,405,167,5,1578,0,0,0,1578
08/04/2004,LAS,NV,AWP,WE,Combined TRACON& Tower with Radar,986,91,127,0,1204,0,337,48,1,386,986,428,175,1,1590,0,0,0,1590
08/05/2004,LAS,NV,AWP,WE,Combined TRACON& Tower with Radar,1063,98,139,4,1304,0,329,32,0,361,1063,427,171,4,1665,0,0,0,1665
08/06/2004,LAS,NV,AWP,WE,Combined TRACON& Tower with Radar,1066,103,170,13,1352,0,311,52,0,363,1066,414,222,13,1715,0,0,0,1715
08/07/2004,LAS,NV,AWP,WE,Combined TRACON& Tower with Radar,921,87,93,11,1112,0,265,42,2,309,921,352,135,13,1421,0,0,0,1421
08/08/2004,LAS,NV,AWP,WE,Combined TRACON& Tower with Radar,1003,88,162,2,1255,0,302,57,1,360,1003,390,219,3,1615,0,0,0,1615
08/09/2004,LAS,NV,AWP,WE,Combined TRACON& Tower with Radar,1048,94,152,6,1300,0,290,25,2,317,1048,384,177,8,1617,0,0,0,1617
08/10/2004,LAS,NV,AWP,WE,Combined TRACON& Tower with Radar,676,77,95,0,848,0,260,17,0,277,676,337,112,0,1125,0,0,0,1125
08/11/2004,LAS,NV,AWP,WE,Combined TRACON& Tower with Radar,977,104,131,12,1224,0,325,44,0,369,977,429,175,12,1593,0,0,0,1593
08/12/2004,LAS,NV,AWP,WE,Combined TRACON& Tower with Radar,1057,113,133,2,1305,0,279,30,1,310,1057,392,163,3,1615,0,0,0,1615
08/13/2004,LAS,NV,AWP,WE,Combined TRACON& Tower with Radar,1118,113,149,7,1387,0,361,26,3,390,1118,474,175,10,1777,0,0,0,1777
08/14/2004,LAS,NV,AWP,WE,Combined TRACON& Tower with Radar,944,92,108,7,1151,0,266,18,0,284,944,358,126,7,1435,0,0,0,1435
08/15/2004,LAS,NV,AWP,WE,Combined TRACON& Tower with Radar,1008,88,140,5,1241,0,276,33,1,310,1008,364,173,6,1551,0,0,0,1551
08/16/2004,LAS,NV,AWP,WE,Combined TRACON& Tower with Radar,1042,97,78,2,1219,0,295,26,0,321,1042,392,104,2,1540,0,0,0,1540
08/17/2004,LAS,NV,AWP,WE,Combined TRACON& Tower with Radar,997,78,110,8,1193,0,346,56,3,405,997,424,166,11,1598,0,0,0,1598
08/18/2004,LAS,NV,AWP,WE,Combined TRACON& Tower with Radar,990,89,89,12,1180,0,336,28,3,367,990,425,117,15,1547,0,0,0,1547
08/19/2004,LAS,NV,AWP,WE,Combined TRACON& Tower with Radar,1090,101,148,6,1345,0,333,31,1,365,1090,434,179,7,1710,0,0,0,1710
08/20/2004,LAS,NV,AWP,WE,Combined TRACON& Tower with Radar,1057,105,151,8,1321,0,281,44,1,326,1057,386,195,9,1647,0,0,0,1647
08/21/2004,LAS,NV,AWP,WE,Combined TRACON& Tower with Radar,944,91,94,4,1133,0,277,44,0,321,944,368,138,4,1454,0,0,0,1454
08/22/2004,LAS,NV,AWP,WE,Combined TRACON& Tower with Radar,1022,92,146,12,1272,0,251,63,1,315,1022,343,209,13,1587,0,0,0,1587
08/23/2004,LAS,NV,AWP,WE,Combined TRACON& Tower with Radar,1058,90,104,3,1255,0,267,25,0,292,1058,357,129,3,1547,0,0,0,1547
08/24/2004,LAS,NV,AWP,WE,Combined TRACON& Tower with Radar,986,85,121,1,1193,0,330,36,0,366,986,415,157,1,1559,0,0,0,1559
08/25/2004,LAS,NV,AWP,WE,Combined TRACON& Tower with Radar,1013,100,137,18,1268,0,277,38,0,315,1013,377,175,18,1583,0,0,0,1583
08/26/2004,LAS,NV,AWP,WE,Combined TRACON& Tower with Radar,1120,101,164,0,1385,0,278,28,0,306,1120,379,192,0,1691,0,0,0,1691
08/27/2004,LAS,NV,AWP,WE,Combined TRACON& Tower with Radar,1116,100,138,11,1365,0,285,41,5,331,1116,385,179,16,1696,0,0,0,1696
08/28/2004,LAS,NV,AWP,WE,Combined TRACON& Tower with Radar,935,77,87,9,1108,0,232,39,3,274,935,309,126,12,1382,0,0,0,1382
08/29/2004,LAS,NV,AWP,WE,Combined TRACON& Tower with Radar,1003,102,165,10,1280,0,236,64,2,302,1003,338,229,12,1582,0,0,0,1582
08/30/2004,LAS,NV,AWP,WE,Combined TRACON& Tower with Radar,1116,89,143,3,1351,0,202,26,1,229,1116,291,169,4,1580,0,0,0,1580
08/31/2004,LAS,NV,AWP,WE,Combined TRACON& Tower with Radar,1041,103,160,0,1304,0,248,40,2,290,1041,351,200,2,1594,0,0,0,1594
09/01/2004,LAS,NV,AWP,WE,Combined TRACON& Tower with Radar,1115,96,150,0,1361,0,196,32,0,228,1115,292,182,0,1589,0,0,0,1589
09/02/2004,LAS,NV,AWP,WE,Combined TRACON& Tower with Radar,1078,89,150,4,1321,0,280,30,0,310,1078,369,180,4,1631,0,0,0,1631
09/03/2004,LAS,NV,AWP,WE,Combined TRACON& Tower with Radar,1024,107,173,5,1309,0,259,35,2,296,1024,366,208,7,1605,0,0,0,1605
09/04/2004,LAS,NV,AWP,WE,Combined TRACON& Tower with Radar,934,66,99,4,1103,0,238,34,0,272,934,304,133,4,1375,0,0,0,1375
09/05/2004,LAS,NV,AWP,WE,Combined TRACON& Tower with Radar,948,71,98,0,1117,0,284,37,0,321,948,355,135,0,1438,0,0,0,1438
09/06/2004,LAS,NV,AWP,WE,Combined TRACON& Tower with Radar,976,74,162,5,1217,0,317,42,1,360,976,391,204,6,1577,0,0,0,1577
09/07/2004,LAS,NV,AWP,WE,Combined TRACON& Tower with Radar,997,89,101,0,1187,0,343,36,4,383,997,432,137,4,1570,0,0,0,1570
09/08/2004,LAS,NV,AWP,WE,Combined TRACON& Tower with Radar,1002,88,132,7,1229,0,315,29,0,344,1002,403,161,7,1573,0,0,0,1573
09/09/2004,LAS,NV,AWP,WE,Combined TRACON& Tower with Radar,1005,92,124,4,1225,0,379,24,0,403,1005,471,148,4,1628,0,0,0,1628
09/10/2004,LAS,NV,AWP,WE,Combined TRACON& Tower with Radar,1092,105,159,9,1365,0,364,43,1,408,1092,469,202,10,1773,0,0,0,1773
09/11/2004,LAS,NV,AWP,WE,Combined TRACON& Tower with Radar,924,87,110,4,1125,0,302,25,0,327,924,389,135,4,1452,0,0,0,1452
09/12/2004,LAS,NV,AWP,WE,Combined TRACON& Tower with Radar,998,78,154,19,1249,0,295,47,3,345,998,373,201,22,1594,0,0,0,1594
09/13/2004,LAS,NV,AWP,WE,Combined TRACON& Tower with Radar,1056,80,129,22,1287,1,337,32,0,370,1057,417,161,22,1657,0,0,0,1657
09/14/2004,LAS,NV,AWP,WE,Combined TRACON& Tower with Radar,854,78,118,9,1059,0,335,41,11,387,854,413,159,20,1446,0,0,0,1446
09/15/2004,LAS,NV,AWP,WE,Combined TRACON& Tower with Radar,1081,106,160,8,1355,0,394,37,3,434,1081,500,197,11,1789,0,0,0,1789
09/16/2004,LAS,NV,AWP,WE,Combined TRACON& Tower with Radar,1122,106,168,6,1402,0,410,41,0,451,1122,516,209,6,1853,0,0,0,1853
09/17/2004,LAS,NV,AWP,WE,Combined TRACON& Tower with Radar,1068,126,207,27,1428,0,382,54,0,436,1068,508,261,27,1864,0,0,0,1864
09/18/2004,LAS,NV,AWP,WE,Combined TRACON& Tower with Radar,927,89,139,4,1159,0,249,28,0,277,927,338,167,4,1436,0,0,0,1436
09/19/2004,LAS,NV,AWP,WE,Combined TRACON& Tower with Radar,975,145,249,7,1376,0,325,40,0,365,975,470,289,7,1741,0,0,0,1741
09/20/2004,LAS,NV,AWP,WE,Combined TRACON& Tower with Radar,1082,85,136,3,1306,0,287,21,0,308,1082,372,157,3,1614,0,0,0,1614
09/21/2004,LAS,NV,AWP,WE,Combined TRACON& Tower with Radar,982,80,125,0,1187,0,341,41,3,385,982,421,166,3,1572,0,0,0,1572
09/22/2004,LAS,NV,AWP,WE,Combined TRACON& Tower with Radar,984,90,137,0,1211,0,348,34,0,382,984,438,171,0,1593,0,0,0,1593
09/23/2004,LAS,NV,AWP,WE,Combined TRACON& Tower with Radar,1045,92,142,10,1289,0,427,33,0,460,1045,519,175,10,1749,0,0,0,1749
09/24/2004,LAS,NV,AWP,WE,Combined TRACON& Tower with Radar,1072,118,200,11,1401,0,352,63,2,417,1072,470,263,13,1818,0,0,0,1818
09/25/2004,LAS,NV,AWP,WE,Combined TRACON& Tower with Radar,907,77,123,5,1112,0,269,38,0,307,907,346,161,5,1419,0,0,0,1419
09/26/2004,LAS,NV,AWP,WE,Combined TRACON& Tower with Radar,982,112,247,3,1344,0,363,48,2,413,982,475,295,5,1757,0,0,0,1757
09/27/2004,LAS,NV,AWP,WE,Combined TRACON& Tower with Radar,1043,100,205,5,1353,0,302,38,0,340,1043,402,243,5,1693,0,0,0,1693
09/28/2004,LAS,NV,AWP,WE,Combined TRACON& Tower with Radar,972,115,204,4,1295,0,375,50,1,426,972,490,254,5,1721,0,0,0,1721
09/29/2004,LAS,NV,AWP,WE,Combined TRACON& Tower with Radar,993,114,224,10,1341,0,343,38,1,382,993,457,262,11,1723,0,0,0,1723
09/30/2004,LAS,NV,AWP,WE,Combined TRACON& Tower with Radar,1062,142,177,5,1386,0,347,41,0,388,1062,489,218,5,1774,0,0,0,1774
10/01/2004,LAS,NV,AWP,WE,Combined TRACON& Tower with Radar,1082,135,236,6,1459,0,318,40,1,359,1082,453,276,7,1818,0,0,0,1818
10/02/2004,LAS,NV,AWP,WE,Combined TRACON& Tower with Radar,0,0,0,0,0,924,392,194,2,1512,924,392,194,2,1512,0,0,0,1512
10/03/2004,LAS,NV,AWP,WE,Combined TRACON& Tower with Radar,0,0,0,0,0,992,432,319,4,1747,992,432,319,4,1747,0,0,0,1747
10/04/2004,LAS,NV,AWP,WE,Combined TRACON& Tower with Radar,0,0,0,0,0,1068,410,191,0,1669,1068,410,191,0,1669,0,0,0,1669
10/05/2004,LAS,NV,AWP,WE,Combined TRACON& Tower with Radar,0,0,0,0,0,991,415,206,1,1613,991,415,206,1,1613,0,0,0,1613
10/06/2004,LAS,NV,AWP,WE,Combined TRACON& Tower with Radar,0,0,0,0,0,987,450,213,6,1656,987,450,213,6,1656,0,0,0,1656
10/07/2004,LAS,NV,AWP,WE,Combined TRACON& Tower with Radar,0,0,0,0,0,1054,406,230,0,1690,1054,406,230,0,1690,0,0,0,1690
10/08/2004,LAS,NV,AWP,WE,Combined TRACON& Tower with Radar,0,0,0,0,0,1086,420,196,4,1706,1086,420,196,4,1706,0,0,0,1706
10/09/2004,LAS,NV,AWP,WE,Combined TRACON& Tower with Radar,0,0,0,0,0,924,431,131,0,1486,924,431,131,0,1486,0,0,0,1486
10/10/2004,LAS,NV,AWP,WE,Combined TRACON& Tower with Radar,0,0,0,0,0,1003,387,188,1,1579,1003,387,188,1,1579,0,0,0,1579
10/11/2004,LAS,NV,AWP,WE,Combined TRACON& Tower with Radar,0,0,0,0,0,1030,406,184,2,1622,1030,406,184,2,1622,0,0,0,1622
10/12/2004,LAS,NV,AWP,WE,Combined TRACON& Tower with Radar,0,0,0,0,0,983,427,191,0,1601,983,427,191,0,1601,0,0,0,1601
10/13/2004,LAS,NV,AWP,WE,Combined TRACON& Tower with Radar,0,0,0,0,0,996,390,202,2,1590,996,390,202,2,1590,0,0,0,1590
10/14/2004,LAS,NV,AWP,WE,Combined TRACON& Tower with Radar,0,0,0,0,0,1055,346,222,2,1625,1055,346,222,2,1625,0,0,0,1625
10/15/2004,LAS,NV,AWP,WE,Combined TRACON& Tower with Radar,0,0,0,0,0,1080,460,235,5,1780,1080,460,235,5,1780,0,0,0,1780
10/16/2004,LAS,NV,AWP,WE,Combined TRACON& Tower with Radar,0,0,0,0,0,902,349,153,2,1406,902,349,153,2,1406,0,0,0,1406
10/17/2004,LAS,NV,AWP,WE,Combined TRACON& Tower with Radar,0,0,0,0,0,976,377,208,3,1564,976,377,208,3,1564,0,0,0,1564
10/18/2004,LAS,NV,AWP,WE,Combined TRACON& Tower with Radar,0,0,0,0,0,1071,394,161,1,1627,1071,394,161,1,1627,0,0,0,1627
10/19/2004,LAS,NV,AWP,WE,Combined TRACON& Tower with Radar,0,0,0,0,0,984,394,156,4,1538,984,394,156,4,1538,0,0,0,1538
10/20/2004,LAS,NV,AWP,WE,Combined TRACON& Tower with Radar,0,0,0,0,0,900,221,165,1,1287,900,221,165,1,1287,0,0,0,1287
10/21/2004,LAS,NV,AWP,WE,Combined TRACON& Tower with Radar,0,0,0,0,0,1082,206,204,1,1493,1082,206,204,1,1493,0,0,0,1493
10/22/2004,LAS,NV,AWP,WE,Combined TRACON& Tower with Radar,0,0,0,0,0,1109,429,247,8,1793,1109,429,247,8,1793,0,0,0,1793
10/23/2004,LAS,NV,AWP,WE,Combined TRACON& Tower with Radar,0,0,0,0,0,936,415,149,6,1506,936,415,149,6,1506,0,0,0,1506
10/24/2004,LAS,NV,AWP,WE,Combined TRACON& Tower with Radar,0,0,0,0,0,992,495,260,8,1755,992,495,260,8,1755,0,0,0,1755
10/25/2004,LAS,NV,AWP,WE,Combined TRACON& Tower with Radar,0,0,0,0,0,1075,472,168,4,1719,1075,472,168,4,1719,0,0,0,1719
10/26/2004,LAS,NV,AWP,WE,Combined TRACON& Tower with Radar,0,0,0,0,0,992,398,140,4,1534,992,398,140,4,1534,0,0,0,1534
10/27/2004,LAS,NV,AWP,WE,Combined TRACON& Tower with Radar,0,0,0,0,0,937,168,117,1,1223,937,168,117,1,1223,0,0,0,1223
10/28/2004,LAS,NV,AWP,WE,Combined TRACON& Tower with Radar,0,0,0,0,0,1087,460,157,0,1704,1087,460,157,0,1704,0,0,0,1704
10/29/2004,LAS,NV,AWP,WE,Combined TRACON& Tower with Radar,0,0,0,0,0,1090,440,233,4,1767,1090,440,233,4,1767,0,0,0,1767
10/30/2004,LAS,NV,AWP,WE,Combined TRACON& Tower with Radar,910,91,143,3,1147,0,286,23,2,311,910,377,166,5,1458,0,0,0,1458
10/31/2004,LAS,NV,AWP,WE,Combined TRACON& Tower with Radar,0,0,0,0,0,1021,364,196,5,1586,1021,364,196,5,1586,0,0,0,1586
11/01/2004,LAS,NV,AWP,WE,Towers with Radar,1110,90,173,4,1377,0,224,22,1,247,1110,314,195,5,1624,0,0,0,1624
11/02/2004,LAS,NV,AWP,WE,Towers with Radar,1013,95,191,0,1299,0,239,27,0,266,1013,334,218,0,1565,0,0,0,1565
11/03/2004,LAS,NV,AWP,WE,Towers with Radar,1010,107,190,0,1307,0,280,38,0,318,1010,387,228,0,1625,0,0,0,1625
11/04/2004,LAS,NV,AWP,WE,Towers with Radar,1077,116,228,0,1421,0,381,49,0,430,1077,497,277,0,1851,0,0,0,1851
11/05/2004,LAS,NV,AWP,WE,Towers with Radar,1126,120,213,5,1464,0,290,32,0,322,1126,410,245,5,1786,0,0,0,1786
11/06/2004,LAS,NV,AWP,WE,Towers with Radar,945,97,98,3,1143,0,303,36,0,339,945,400,134,3,1482,0,0,0,1482
11/07/2004,LAS,NV,AWP,WE,Towers with Radar,933,98,164,10,1205,0,217,61,0,278,933,315,225,10,1483,0,0,0,1483
11/08/2004,LAS,NV,AWP,WE,Towers with Radar,1132,73,142,5,1352,0,159,44,3,206,1132,232,186,8,1558,0,0,0,1558
11/09/2004,LAS,NV,AWP,WE,Towers with Radar,1013,113,131,6,1263,0,357,39,0,396,1013,470,170,6,1659,0,0,0,1659
11/10/2004,LAS,NV,AWP,WE,Towers with Radar,988,98,167,10,1263,0,395,37,0,432,988,493,204,10,1695,0,0,0,1695
11/11/2004,LAS,NV,AWP,WE,Towers with Radar,1042,118,188,6,1354,0,388,38,1,427,1042,506,226,7,1781,0,0,0,1781
11/12/2004,LAS,NV,AWP,WE,Towers with Radar,1091,122,189,8,1410,0,351,53,0,404,1091,473,242,8,1814,0,0,0,1814
11/13/2004,LAS,NV,AWP,WE,Towers with Radar,953,108,147,8,1216,0,266,32,0,298,953,374,179,8,1514,0,0,0,1514
11/14/2004,LAS,NV,AWP,WE,Towers with Radar,1023,132,219,6,1380,0,324,58,0,382,1023,456,277,6,1762,0,0,0,1762
11/15/2004,LAS,NV,AWP,WE,Towers with Radar,1090,93,145,9,1337,0,288,31,0,319,1090,381,176,9,1656,0,0,0,1656
11/16/2004,LAS,NV,AWP,WE,Towers with Radar,996,97,134,6,1233,0,371,28,0,399,996,468,162,6,1632,0,0,0,1632
11/17/2004,LAS,NV,AWP,WE,Towers with Radar,1016,91,168,3,1278,0,346,32,0,378,1016,437,200,3,1656,0,0,0,1656
11/18/2004,LAS,NV,AWP,WE,Towers with Radar,1077,122,161,10,1370,0,358,30,1,389,1077,480,191,11,1759,0,0,0,1759
11/19/2004,LAS,NV,AWP,WE,Towers with Radar,1100,132,208,15,1455,0,313,43,0,356,1100,445,251,15,1811,0,0,0,1811
11/20/2004,LAS,NV,AWP,WE,Towers with Radar,942,95,123,6,1166,0,276,31,1,308,942,371,154,7,1474,0,0,0,1474
11/21/2004,LAS,NV,AWP,WE,Towers with Radar,881,83,136,0,1100,0,44,48,0,92,881,127,184,0,1192,0,0,0,1192
11/22/2004,LAS,NV,AWP,WE,Towers with Radar,1178,81,120,7,1386,0,74,44,0,118,1178,155,164,7,1504,0,0,0,1504
11/23/2004,LAS,NV,AWP,WE,Towers with Radar,1023,70,102,1,1196,0,239,30,0,269,1023,309,132,1,1465,0,0,0,1465
11/24/2004,LAS,NV,AWP,WE,Towers with Radar,1047,82,114,3,1246,0,351,33,0,384,1047,433,147,3,1630,0,0,0,1630
11/25/2004,LAS,NV,AWP,WE,Towers with Radar,873,50,36,0,959,0,232,11,0,243,873,282,47,0,1202,0,0,0,1202
11/26/2004,LAS,NV,AWP,WE,Towers with Radar,889,69,85,0,1043,0,372,20,0,392,889,441,105,0,1435,0,0,0,1435
11/27/2004,LAS,NV,AWP,WE,Towers with Radar,900,64,110,1,1075,0,291,20,0,311,900,355,130,1,1386,0,0,0,1386
11/28/2004,LAS,NV,AWP,WE,Towers with Radar,1019,94,179,1,1293,0,255,43,0,298,1019,349,222,1,1591,0,0,0,1591
11/29/2004,LAS,NV,AWP,WE,Towers with Radar,1097,83,111,7,1298,0,162,20,0,182,1097,245,131,7,1480,0,0,0,1480
11/30/2004,LAS,NV,AWP,WE,Towers with Radar,1051,96,116,14,1277,0,183,21,1,205,1051,279,137,15,1482,0,0,0,1482
12/01/2004,LAS,NV,AWP,WE,Towers with Radar,1003,94,139,13,1249,0,226,31,3,260,1003,320,170,16,1509,0,0,0,1509
12/02/2004,LAS,NV,AWP,WE,Towers with Radar,1088,91,160,8,1347,0,285,29,2,316,1088,376,189,10,1663,0,0,0,1663
12/03/2004,LAS,NV,AWP,WE,Towers with Radar,1109,111,169,9,1398,0,237,37,0,274,1109,348,206,9,1672,0,0,0,1672
12/04/2004,LAS,NV,AWP,WE,Towers with Radar,927,60,115,13,1115,0,215,33,0,248,927,275,148,13,1363,0,0,0,1363
12/05/2004,LAS,NV,AWP,WE,Towers with Radar,991,87,186,16,1280,0,186,8,0,194,991,273,194,16,1474,0,0,0,1474
12/06/2004,LAS,NV,AWP,WE,Towers with Radar,1077,96,129,6,1308,0,194,24,1,219,1077,290,153,7,1527,0,0,0,1527
12/07/2004,LAS,NV,AWP,WE,Towers with Radar,995,102,136,11,1244,0,220,4,0,224,995,322,140,11,1468,0,0,0,1468
12/08/2004,LAS,NV,AWP,WE,Towers with Radar,989,124,179,15,1307,0,239,14,1,254,989,363,193,16,1561,0,0,0,1561
12/09/2004,LAS,NV,AWP,WE,Towers with Radar,1075,99,169,21,1364,0,271,27,3,301,1075,370,196,24,1665,0,0,0,1665
12/10/2004,LAS,NV,AWP,WE,Towers with Radar,1065,117,215,8,1405,0,267,43,7,317,1065,384,258,15,1722,0,0,0,1722
12/11/2004,LAS,NV,AWP,WE,Towers with Radar,942,66,112,2,1122,0,182,53,2,237,942,248,165,4,1359,0,0,0,1359
12/12/2004,LAS,NV,AWP,WE,Towers with Radar,1005,90,211,4,1310,0,203,51,1,255,1005,293,262,5,1565,0,0,0,1565
12/13/2004,LAS,NV,AWP,WE,Towers with Radar,1069,76,103,1,1249,0,161,19,0,180,1069,237,122,1,1429,0,0,0,1429
12/14/2004,LAS,NV,AWP,WE,Towers with Radar,1009,99,121,1,1230,0,194,31,0,225,1009,293,152,1,1455,0,0,0,1455
12/15/2004,LAS,NV,AWP,WE,Towers with Radar,990,87,113,20,1210,0,181,34,0,215,990,268,147,20,1425,0,0,0,1425
12/16/2004,LAS,NV,AWP,WE,Towers with Radar,1070,109,127,1,1307,0,175,25,2,202,1070,284,152,3,1509,0,0,0,1509
12/17/2004,LAS,NV,AWP,WE,Towers with Radar,1085,90,125,3,1303,0,191,35,1,227,1085,281,160,4,1530,0,0,0,1530
12/18/2004,LAS,NV,AWP,WE,Towers with Radar,955,64,80,2,1101,0,151,30,1,182,955,215,110,3,1283,0,0,0,1283
12/19/2004,LAS,NV,AWP,WE,Towers with Radar,1018,79,103,7,1207,0,187,53,2,242,1018,266,156,9,1449,0,0,0,1449
12/20/2004,LAS,NV,AWP,WE,Towers with Radar,1051,79,118,4,1252,0,176,25,1,202,1051,255,143,5,1454,0,0,0,1454
12/21/2004,LAS,NV,AWP,WE,Towers with Radar,1038,91,85,3,1217,0,216,29,0,245,1038,307,114,3,1462,0,0,0,1462
12/22/2004,LAS,NV,AWP,WE,Towers with Radar,992,80,82,8,1162,0,191,12,0,203,992,271,94,8,1365,0,0,0,1365
12/23/2004,LAS,NV,AWP,WE,Towers with Radar,1054,79,110,0,1243,0,220,14,0,234,1054,299,124,0,1477,0,0,0,1477
12/24/2004,LAS,NV,AWP,WE,Towers with Radar,1062,63,61,0,1186,0,94,13,3,110,1062,157,74,3,1296,0,0,0,1296
12/25/2004,LAS,NV,AWP,WE,Towers with Radar,884,43,21,0,948,0,130,8,0,138,884,173,29,0,1086,0,0,0,1086
12/26/2004,LAS,NV,AWP,WE,Towers with Radar,1043,68,104,0,1215,0,266,15,0,281,1043,334,119,0,1496,0,0,0,1496
12/27/2004,LAS,NV,AWP,WE,Towers with Radar,1066,78,135,0,1279,1,291,13,0,305,1067,369,148,0,1584,0,0,0,1584
12/28/2004,LAS,NV,AWP,WE,Towers with Radar,964,95,92,0,1151,0,166,7,0,173,964,261,99,0,1324,0,0,0,1324
12/29/2004,LAS,NV,AWP,WE,Towers with Radar,1053,101,134,2,1290,0,227,4,0,231,1053,328,138,2,1521,0,0,0,1521
12/30/2004,LAS,NV,AWP,WE,Towers with Radar,1114,111,216,2,1443,0,400,26,0,426,1114,511,242,2,1869,0,0,0,1869
12/31/2004,LAS,NV,AWP,WE,Towers with Radar,1033,91,124,0,1248,0,241,12,9,262,1033,332,136,9,1510,0,0,0,1510
01/01/2005,LAS,NV,AWP,WE,Towers with Radar,887,75,154,2,1118,0,325,23,17,365,887,400,177,19,1483,0,0,0,1483
01/02/2005,LAS,NV,AWP,WE,Towers with Radar,1040,111,249,0,1400,0,364,13,14,391,1040,475,262,14,1791,0,0,0,1791
01/03/2005,LAS,NV,AWP,WE,Towers with Radar,1032,101,125,0,1258,0,31,0,0,31,1032,132,125,0,1289,0,0,0,1289
01/04/2005,LAS,NV,AWP,WE,Towers with Radar,1023,94,100,1,1218,0,210,0,0,210,1023,304,100,1,1428,0,0,0,1428
01/05/2005,LAS,NV,AWP,WE,Towers with Radar,1023,124,204,3,1354,0,276,24,0,300,1023,400,228,3,1654,0,0,0,1654
01/06/2005,LAS,NV,AWP,WE,Towers with Radar,1074,170,219,1,1464,2,231,24,11,268,1076,401,243,12,1732,0,0,0,1732
01/07/2005,LAS,NV,AWP,WE,Towers with Radar,900,145,186,3,1234,0,88,5,2,95,900,233,191,5,1329,0,0,0,1329
01/08/2005,LAS,NV,AWP,WE,Towers with Radar,992,106,161,1,1260,0,110,1,0,111,992,216,162,1,1371,0,0,0,1371
01/09/2005,LAS,NV,AWP,WE,Towers with Radar,998,117,173,2,1290,0,197,3,0,200,998,314,176,2,1490,0,0,0,1490
01/10/2005,LAS,NV,AWP,WE,Towers with Radar,1068,106,104,2,1280,0,140,4,0,144,1068,246,108,2,1424,0,0,0,1424
01/11/2005,LAS,NV,AWP,WE,Towers with Radar,977,77,100,0,1154,0,165,6,0,171,977,242,106,0,1325,0,0,0,1325
01/12/2005,LAS,NV,AWP,WE,Towers with Radar,980,79,145,0,1204,0,246,24,1,271,980,325,169,1,1475,0,0,0,1475
01/13/2005,LAS,NV,AWP,WE,Towers with Radar,1063,99,146,2,1310,0,298,33,1,332,1063,397,179,3,1642,0,0,0,1642
01/14/2005,LAS,NV,AWP,WE,Towers with Radar,1045,117,165,9,1336,0,224,55,1,280,1045,341,220,10,1616,0,0,0,1616
01/15/2005,LAS,NV,AWP,WE,Towers with Radar,928,80,90,4,1102,0,190,46,0,236,928,270,136,4,1338,0,0,0,1338
01/16/2005,LAS,NV,AWP,WE,Towers with Radar,991,69,145,0,1205,0,263,43,1,307,991,332,188,1,1512,0,0,0,1512
01/17/2005,LAS,NV,AWP,WE,Towers with Radar,1004,123,156,3,1286,0,182,31,0,213,1004,305,187,3,1499,0,0,0,1499
01/18/2005,LAS,NV,AWP,WE,Towers with Radar,991,87,157,3,1238,0,222,19,1,242,991,309,176,4,1480,0,0,0,1480
01/19/2005,LAS,NV,AWP,WE,Towers with Radar,983,89,165,10,1247,0,256,47,2,305,983,345,212,12,1552,0,0,0,1552
01/20/2005,LAS,NV,AWP,WE,Towers with Radar,1049,92,182,13,1336,0,303,55,0,358,1049,395,237,13,1694,0,0,0,1694
01/21/2005,LAS,NV,AWP,WE,Towers with Radar,1057,119,207,9,1392,0,271,54,5,330,1057,390,261,14,1722,0,0,0,1722
01/22/2005,LAS,NV,AWP,WE,Towers with Radar,869,73,109,2,1053,0,239,63,1,303,869,312,172,3,1356,0,0,0,1356
01/23/2005,LAS,NV,AWP,WE,Towers with Radar,992,93,155,12,1252,0,267,60,0,327,992,360,215,12,1579,0,0,0,1579
01/24/2005,LAS,NV,AWP,WE,Towers with Radar,1024,115,140,7,1286,0,205,32,0,237,1024,320,172,7,1523,0,0,0,1523
01/25/2005,LAS,NV,AWP,WE,Towers with Radar,994,109,153,1,1257,0,258,30,1,289,994,367,183,2,1546,0,0,0,1546
01/26/2005,LAS,NV,AWP,WE,Towers with Radar,935,105,176,2,1218,0,61,9,0,70,935,166,185,2,1288,0,0,0,1288
01/27/2005,LAS,NV,AWP,WE,Towers with Radar,1090,123,193,3,1409,0,260,18,0,278,1090,383,211,3,1687,0,0,0,1687
01/28/2005,LAS,NV,AWP,WE,Towers with Radar,1061,130,206,7,1404,0,216,18,2,236,1061,346,224,9,1640,0,0,0,1640
01/29/2005,LAS,NV,AWP,WE,Towers with Radar,930,71,139,8,1148,0,59,6,0,65,930,130,145,8,1213,0,0,0,1213
01/30/2005,LAS,NV,AWP,WE,Towers with Radar,961,110,217,3,1291,0,293,47,0,340,961,403,264,3,1631,0,0,0,1631
01/31/2005,LAS,NV,AWP,WE,Towers with Radar,1068,96,131,8,1303,0,183,21,1,205,1068,279,152,9,1508,0,0,0,1508
02/01/2005,LAS,NV,AWP,WE,Towers with Radar,1002,82,136,9,1229,0,213,19,3,235,1002,295,155,12,1464,0,0,0,1464
02/02/2005,LAS,NV,AWP,WE,Towers with Radar,999,99,114,12,1224,0,210,23,4,237,999,309,137,16,1461,0,0,0,1461
02/03/2005,LAS,NV,AWP,WE,Towers with Radar,1092,136,197,7,1432,0,210,39,6,255,1092,346,236,13,1687,0,0,0,1687
02/04/2005,LAS,NV,AWP,WE,Towers with Radar,1070,167,219,4,1460,0,260,50,6,316,1070,427,269,10,1776,0,0,0,1776
02/05/2005,LAS,NV,AWP,WE,Towers with Radar,939,113,171,6,1229,0,256,48,5,309,939,369,219,11,1538,0,0,0,1538
02/06/2005,LAS,NV,AWP,WE,Towers with Radar,1010,112,202,2,1326,0,182,31,0,213,1010,294,233,2,1539,0,0,0,1539
02/07/2005,LAS,NV,AWP,WE,Towers with Radar,1049,142,260,4,1455,0,151,27,4,182,1049,293,287,8,1637,0,0,0,1637
02/08/2005,LAS,NV,AWP,WE,Towers with Radar,1006,105,124,0,1235,0,231,17,0,248,1006,336,141,0,1483,0,0,0,1483
02/09/2005,LAS,NV,AWP,WE,Towers with Radar,994,96,151,4,1245,0,273,27,0,300,994,369,178,4,1545,0,0,0,1545
02/10/2005,LAS,NV,AWP,WE,Towers with Radar,1080,123,181,9,1393,0,287,14,0,301,1080,410,195,9,1694,0,0,0,1694
02/11/2005,LAS,NV,AWP,WE,Towers with Radar,972,102,142,8,1224,0,63,1,0,64,972,165,143,8,1288,0,0,0,1288
02/12/2005,LAS,NV,AWP,WE,Towers with Radar,1040,89,115,2,1246,0,112,12,1,125,1040,201,127,3,1371,0,0,0,1371
02/13/2005,LAS,NV,AWP,WE,Towers with Radar,1003,109,236,4,1352,0,370,33,1,404,1003,479,269,5,1756,0,0,0,1756
02/14/2005,LAS,NV,AWP,WE,Towers with Radar,958,103,115,2,1178,0,305,16,0,321,958,408,131,2,1499,0,0,0,1499
02/15/2005,LAS,NV,AWP,WE,Towers with Radar,1013,111,188,4,1316,0,356,27,0,383,1013,467,215,4,1699,0,0,0,1699
02/16/2005,LAS,NV,AWP,WE,Towers with Radar,1020,130,186,0,1336,0,300,10,0,310,1020,430,196,0,1646,0,0,0,1646
02/17/2005,LAS,NV,AWP,WE,Towers with Radar,1099,113,219,0,1431,0,306,28,0,334,1099,419,247,0,1765,0,0,0,1765
02/18/2005,LAS,NV,AWP,WE,Towers with Radar,968,119,135,7,1229,0,88,3,0,91,968,207,138,7,1320,0,0,0,1320
02/19/2005,LAS,NV,AWP,WE,Towers with Radar,1048,98,102,2,1250,0,187,3,0,190,1048,285,105,2,1440,0,0,0,1440
02/20/2005,LAS,NV,AWP,WE,Towers with Radar,1034,93,158,6,1291,0,303,30,0,333,1034,396,188,6,1624,0,0,0,1624
02/21/2005,LAS,NV,AWP,WE,Towers with Radar,1049,121,135,3,1308,0,126,4,0,130,1049,247,139,3,1438,0,0,0,1438
02/22/2005,LAS,NV,AWP,WE,Towers with Radar,1018,95,153,0,1266,0,142,6,1,149,1018,237,159,1,1415,0,0,0,1415
02/23/2005,LAS,NV,AWP,WE,Towers with Radar,1037,110,188,0,1335,0,246,7,1,254,1037,356,195,1,1589,0,0,0,1589
02/24/2005,LAS,NV,AWP,WE,Towers with Radar,1056,95,209,2,1362,0,291,36,0,327,1056,386,245,2,1689,0,0,0,1689
02/25/2005,LAS,NV,AWP,WE,Towers with Radar,1121,131,209,6,1467,0,351,39,0,390,1121,482,248,6,1857,0,0,0,1857
02/26/2005,LAS,NV,AWP,WE,Towers with Radar,967,85,129,7,1188,0,279,39,1,319,967,364,168,8,1507,0,0,0,1507
02/27/2005,LAS,NV,AWP,WE,Towers with Radar,1023,112,210,6,1351,0,317,64,0,381,1023,429,274,6,1732,0,0,0,1732
02/28/2005,LAS,NV,AWP,WE,Towers with Radar,1085,93,142,1,1321,0,256,17,0,273,1085,349,159,1,1594,0,0,0,1594
03/01/2005,LAS,NV,AWP,WE,Towers with Radar,1016,111,161,3,1291,0,253,31,0,284,1016,364,192,3,1575,0,0,0,1575
03/02/2005,LAS,NV,AWP,WE,Towers with Radar,1046,107,167,7,1327,0,309,28,5,342,1046,416,195,12,1669,0,0,0,1669
03/03/2005,LAS,NV,AWP,WE,Towers with Radar,1150,118,159,3,1430,0,278,24,2,304,1150,396,183,5,1734,0,0,0,1734
03/04/2005,LAS,NV,AWP,WE,Towers with Radar,1124,111,184,5,1424,0,306,30,0,336,1124,417,214,5,1760,0,0,0,1760
03/05/2005,LAS,NV,AWP,WE,Towers with Radar,997,90,142,6,1235,0,214,10,0,224,997,304,152,6,1459,0,0,0,1459
03/06/2005,LAS,NV,AWP,WE,Towers with Radar,1050,126,195,6,1377,0,285,45,0,330,1050,411,240,6,1707,0,0,0,1707
03/07/2005,LAS,NV,AWP,WE,Towers with Radar,1122,101,140,8,1371,0,277,31,3,311,1122,378,171,11,1682,0,0,0,1682
03/08/2005,LAS,NV,AWP,WE,Towers with Radar,1046,103,139,3,1291,0,332,40,1,373,1046,435,179,4,1664,0,0,0,1664
03/09/2005,LAS,NV,AWP,WE,Towers with Radar,1042,98,171,12,1323,0,358,42,1,401,1042,456,213,13,1724,0,0,0,1724
03/10/2005,LAS,NV,AWP,WE,Towers with Radar,1130,109,235,2,1476,0,391,62,3,456,1130,500,297,5,1932,0,0,0,1932
03/11/2005,LAS,NV,AWP,WE,Towers with Radar,1142,129,227,6,1504,0,334,42,0,376,1142,463,269,6,1880,0,0,0,1880
03/12/2005,LAS,NV,AWP,WE,Towers with Radar,977,96,162,3,1238,0,378,51,3,432,977,474,213,6,1670,0,0,0,1670
03/13/2005,LAS,NV,AWP,WE,Towers with Radar,1055,149,237,4,1445,0,869,51,1,921,1055,1018,288,5,2366,0,0,0,2366
03/14/2005,LAS,NV,AWP,WE,Towers with Radar,1115,121,208,6,1450,0,301,24,0,325,1115,422,232,6,1775,0,0,0,1775
03/15/2005,LAS,NV,AWP,WE,Towers with Radar,1069,107,205,3,1384,0,295,49,0,344,1069,402,254,3,1728,0,0,0,1728
03/16/2005,LAS,NV,AWP,WE,Towers with Radar,1078,125,224,8,1435,0,349,44,1,394,1078,474,268,9,1829,0,0,0,1829
03/17/2005,LAS,NV,AWP,WE,Towers with Radar,1123,174,305,14,1616,0,417,45,7,469,1123,591,350,21,2085,0,0,0,2085
03/18/2005,LAS,NV,AWP,WE,Towers with Radar,1129,148,277,14,1568,0,396,48,0,444,1129,544,325,14,2012,0,0,0,2012
03/19/2005,LAS,NV,AWP,WE,Towers with Radar,1006,98,213,8,1325,0,255,8,0,263,1006,353,221,8,1588,0,0,0,1588
03/20/2005,LAS,NV,AWP,WE,Towers with Radar,1071,127,238,10,1446,0,340,51,1,392,1071,467,289,11,1838,0,0,0,1838
03/21/2005,LAS,NV,AWP,WE,Towers with Radar,1120,95,121,3,1339,0,317,20,1,338,1120,412,141,4,1677,0,0,0,1677
03/22/2005,LAS,NV,AWP,WE,Towers with Radar,1056,103,137,8,1304,0,352,11,0,363,1056,455,148,8,1667,0,0,0,1667
03/23/2005,LAS,NV,AWP,WE,Towers with Radar,1066,105,147,13,1331,0,358,11,6,375,1066,463,158,19,1706,0,0,0,1706
03/24/2005,LAS,NV,AWP,WE,Towers with Radar,1142,98,174,15,1429,0,369,19,1,389,1142,467,193,16,1818,0,0,0,1818
03/25/2005,LAS,NV,AWP,WE,Towers with Radar,1087,126,158,6,1377,0,353,35,0,388,1087,479,193,6,1765,0,0,0,1765
03/26/2005,LAS,NV,AWP,WE,Towers with Radar,1003,88,114,4,1209,0,336,30,0,366,1003,424,144,4,1575,0,0,0,1575
03/27/2005,LAS,NV,AWP,WE,Towers with Radar,1085,89,129,1,1304,0,360,34,0,394,1085,449,163,1,1698,0,0,0,1698
03/28/2005,LAS,NV,AWP,WE,Towers with Radar,1113,84,133,10,1340,0,261,17,0,278,1113,345,150,10,1618,0,0,0,1618
03/29/2005,LAS,NV,AWP,WE,Towers with Radar,1079,103,137,2,1321,0,379,34,3,416,1079,482,171,5,1737,0,0,0,1737
03/30/2005,LAS,NV,AWP,WE,Towers with Radar,1057,97,125,18,1297,0,407,42,1,450,1057,504,167,19,1747,0,0,0,1747
03/31/2005,LAS,NV,AWP,WE,Towers with Radar,1154,91,180,7,1432,0,383,43,0,426,1154,474,223,7,1858,0,0,0,1858
04/01/2005,LAS,NV,AWP,WE,Towers with Radar,1142,121,195,10,1468,0,344,45,1,390,1142,465,240,11,1858,0,0,0,1858
04/02/2005,LAS,NV,AWP,WE,Towers with Radar,975,78,131,4,1188,0,353,33,1,387,975,431,164,5,1575,0,0,0,1575
04/03/2005,LAS,NV,AWP,WE,Towers with Radar,1054,112,190,4,1360,0,362,60,0,422,1054,474,250,4,1782,0,0,0,1782
04/04/2005,LAS,NV,AWP,WE,Towers with Radar,1129,91,112,0,1332,0,275,20,0,295,1129,366,132,0,1627,0,0,0,1627
04/05/2005,LAS,NV,AWP,WE,Towers with Radar,1051,108,143,0,1302,0,362,35,1,398,1051,470,178,1,1700,0,0,0,1700
04/06/2005,LAS,NV,AWP,WE,Towers with Radar,1059,122,159,9,1349,0,364,36,0,400,1059,486,195,9,1749,0,0,0,1749
04/07/2005,LAS,NV,AWP,WE,Towers with Radar,1127,122,153,7,1409,0,390,40,1,431,1127,512,193,8,1840,0,0,0,1840
04/08/2005,LAS,NV,AWP,WE,Towers with Radar,1124,142,187,5,1458,0,313,35,4,352,1124,455,222,9,1810,0,0,0,1810
04/09/2005,LAS,NV,AWP,WE,Towers with Radar,1000,102,112,10,1224,0,169,22,0,191,1000,271,134,10,1415,0,0,0,1415
04/10/2005,LAS,NV,AWP,WE,Towers with Radar,1018,144,208,5,1375,0,330,46,1,377,1018,474,254,6,1752,0,0,0,1752
04/11/2005,LAS,NV,AWP,WE,Towers with Radar,1103,104,135,8,1350,0,380,24,5,409,1103,484,159,13,1759,0,0,0,1759
04/12/2005,LAS,NV,AWP,WE,Towers with Radar,1060,85,147,9,1301,0,379,7,5,391,1060,464,154,14,1692,0,0,0,1692
04/13/2005,LAS,NV,AWP,WE,Towers with Radar,1042,124,160,2,1328,0,339,36,1,376,1042,463,196,3,1704,0,0,0,1704
04/14/2005,LAS,NV,AWP,WE,Towers with Radar,1128,106,168,2,1404,0,368,45,7,420,1128,474,213,9,1824,0,0,0,1824
04/15/2005,LAS,NV,AWP,WE,Towers with Radar,1118,164,201,6,1489,0,368,68,3,439,1118,532,269,9,1928,0,0,0,1928
04/16/2005,LAS,NV,AWP,WE,Towers with Radar,361,124,17,0,502,628,284,160,0,1072,989,408,177,0,1574,0,0,0,1574
04/17/2005,LAS,NV,AWP,WE,Towers with Radar,1055,148,227,4,1434,0,341,62,0,403,1055,489,289,4,1837,0,0,0,1837
04/18/2005,LAS,NV,AWP,WE,Towers with Radar,1113,104,136,11,1364,0,350,45,3,398,1113,454,181,14,1762,0,0,0,1762
04/19/2005,LAS,NV,AWP,WE,Towers with Radar,1060,122,113,2,1297,0,327,31,8,366,1060,449,144,10,1663,0,0,0,1663
04/20/2005,LAS,NV,AWP,WE,Towers with Radar,985,168,173,4,1330,0,379,52,6,437,985,547,225,10,1767,0,0,0,1767
04/21/2005,LAS,NV,AWP,WE,Towers with Radar,1144,150,228,4,1526,0,345,55,1,401,1144,495,283,5,1927,0,0,0,1927
04/22/2005,LAS,NV,AWP,WE,Towers with Radar,1119,138,220,9,1486,0,383,36,2,421,1119,521,256,11,1907,0,0,0,1907
04/23/2005,LAS,NV,AWP,WE,Towers with Radar,987,106,125,0,1218,0,280,22,2,304,987,386,147,2,1522,0,0,0,1522
04/24/2005,LAS,NV,AWP,WE,Towers with Radar,1063,139,264,0,1466,0,287,28,1,316,1063,426,292,1,1782,0,0,0,1782
04/25/2005,LAS,NV,AWP,WE,Towers with Radar,1113,118,114,2,1347,0,342,22,0,364,1113,460,136,2,1711,0,0,0,1711
04/26/2005,LAS,NV,AWP,WE,Towers with Radar,1057,97,124,2,1280,0,380,23,1,404,1057,477,147,3,1684,0,0,0,1684
04/27/2005,LAS,NV,AWP,WE,Towers with Radar,1026,117,174,3,1320,0,386,20,0,406,1026,503,194,3,1726,0,0,0,1726
04/28/2005,LAS,NV,AWP,WE,Towers with Radar,1134,162,236,1,1533,0,298,12,7,317,1134,460,248,8,1850,0,0,0,1850
04/29/2005,LAS,NV,AWP,WE,Towers with Radar,1138,160,240,2,1540,0,379,53,8,440,1138,539,293,10,1980,0,0,0,1980
04/30/2005,LAS,NV,AWP,WE,Towers with Radar,999,123,173,1,1296,0,390,48,0,438,999,513,221,1,1734,0,0,0,1734
05/01/2005,LAS,NV,AWP,WE,Towers with Radar,1060,169,293,1,1523,0,373,45,0,418,1060,542,338,1,1941,0,0,0,1941
05/02/2005,LAS,NV,AWP,WE,Towers with Radar,1124,127,184,0,1435,0,329,31,0,360,1124,456,215,0,1795,0,0,0,1795
05/03/2005,LAS,NV,AWP,WE,Towers with Radar,1071,110,153,0,1334,0,343,35,0,378,1071,453,188,0,1712,0,0,0,1712
05/04/2005,LAS,NV,AWP,WE,Towers with Radar,1073,133,210,4,1420,0,380,27,1,408,1073,513,237,5,1828,0,0,0,1828
05/05/2005,LAS,NV,AWP,WE,Towers with Radar,1135,131,211,5,1482,0,347,25,0,372,1135,478,236,5,1854,0,0,0,1854
05/06/2005,LAS,NV,AWP,WE,Towers with Radar,1130,156,255,0,1541,0,316,35,1,352,1130,472,290,1,1893,0,0,0,1893
05/07/2005,LAS,NV,AWP,WE,Towers with Radar,1009,113,135,6,1263,0,291,32,9,332,1009,404,167,15,1595,0,0,0,1595
05/08/2005,LAS,NV,AWP,WE,Towers with Radar,1058,139,180,9,1386,0,319,56,2,377,1058,458,236,11,1763,0,0,0,1763
05/09/2005,LAS,NV,AWP,WE,Towers with Radar,1109,101,138,5,1353,0,290,20,0,310,1109,391,158,5,1663,0,0,0,1663
05/10/2005,LAS,NV,AWP,WE,Towers with Radar,1085,147,174,4,1410,0,282,23,6,311,1085,429,197,10,1721,0,0,0,1721
05/11/2005,LAS,NV,AWP,WE,Towers with Radar,1068,121,158,4,1351,0,351,26,13,390,1068,472,184,17,1741,0,0,0,1741
05/12/2005,LAS,NV,AWP,WE,Towers with Radar,1130,128,214,1,1473,0,332,28,2,362,1130,460,242,3,1835,0,0,0,1835
05/13/2005,LAS,NV,AWP,WE,Towers with Radar,1132,132,234,6,1504,0,386,56,3,445,1132,518,290,9,1949,0,0,0,1949
05/14/2005,LAS,NV,AWP,WE,Towers with Radar,1007,100,129,3,1239,0,346,48,3,397,1007,446,177,6,1636,0,0,0,1636
05/15/2005,LAS,NV,AWP,WE,Towers with Radar,1056,138,223,8,1425,0,329,73,7,409,1056,467,296,15,1834,0,0,0,1834
05/16/2005,LAS,NV,AWP,WE,Towers with Radar,1116,127,170,1,1414,0,171,28,1,200,1116,298,198,2,1614,0,0,0,1614
05/17/2005,LAS,NV,AWP,WE,Towers with Radar,1069,116,194,1,1380,0,334,42,5,381,1069,450,236,6,1761,0,0,0,1761
05/18/2005,LAS,NV,AWP,WE,Towers with Radar,1137,147,240,4,1528,0,358,36,4,398,1137,505,276,8,1926,0,0,0,1926
05/19/2005,LAS,NV,AWP,WE,Towers with Radar,1127,139,236,6,1508,0,333,46,2,381,1127,472,282,8,1889,0,0,0,1889
05/20/2005,LAS,NV,AWP,WE,Towers with Radar,1126,172,171,5,1474,0,363,43,2,408,1126,535,214,7,1882,0,0,0,1882
05/21/2005,LAS,NV,AWP,WE,Towers with Radar,1018,153,155,8,1334,0,342,43,0,385,1018,495,198,8,1719,0,0,0,1719
05/22/2005,LAS,NV,AWP,WE,Towers with Radar,1059,184,355,5,1603,0,355,17,0,372,1059,539,372,5,1975,0,0,0,1975
05/23/2005,LAS,NV,AWP,WE,Towers with Radar,1125,146,200,7,1478,1,267,34,0,302,1126,413,234,7,1780,0,0,0,1780
05/24/2005,LAS,NV,AWP,WE,Towers with Radar,1070,190,271,3,1534,0,322,35,2,359,1070,512,306,5,1893,0,0,0,1893
05/25/2005,LAS,NV,AWP,WE,Towers with Radar,1052,216,318,0,1586,0,364,21,2,387,1052,580,339,2,1973,0,0,0,1973
05/26/2005,LAS,NV,AWP,WE,Towers with Radar,1136,165,201,11,1513,0,436,28,5,469,1136,601,229,16,1982,0,0,0,1982
05/27/2005,LAS,NV,AWP,WE,Towers with Radar,1136,151,167,1,1455,0,355,38,5,398,1136,506,205,6,1853,0,0,0,1853
05/28/2005,LAS,NV,AWP,WE,Towers with Radar,999,74,126,0,1199,0,323,29,0,352,999,397,155,0,1551,0,0,0,1551
05/29/2005,LAS,NV,AWP,WE,Towers with Radar,1024,114,98,5,1241,0,283,21,0,304,1024,397,119,5,1545,0,0,0,1545
05/30/2005,LAS,NV,AWP,WE,Towers with Radar,1030,130,155,4,1319,0,355,33,0,388,1030,485,188,4,1707,0,0,0,1707
05/31/2005,LAS,NV,AWP,WE,Towers with Radar,1061,102,124,1,1288,0,344,13,4,361,1061,446,137,5,1649,0,0,0,1649
06/01/2005,LAS,NV,AWP,WE,Towers with Radar,1081,104,139,0,1324,0,370,34,1,405,1081,474,173,1,1729,0,0,0,1729
06/02/2005,LAS,NV,AWP,WE,Towers with Radar,1138,118,171,8,1435,4,343,22,2,371,1142,461,193,10,1806,0,0,0,1806
06/03/2005,LAS,NV,AWP,WE,Towers with Radar,1120,114,191,8,1433,1,295,25,1,322,1121,409,216,9,1755,0,0,0,1755
06/04/2005,LAS,NV,AWP,WE,Towers with Radar,991,106,128,1,1226,5,313,28,1,347,996,419,156,2,1573,0,0,0,1573
06/05/2005,LAS,NV,AWP,WE,Towers with Radar,1053,115,173,10,1351,1,315,31,0,347,1054,430,204,10,1698,0,0,0,1698
06/06/2005,LAS,NV,AWP,WE,Towers with Radar,1111,95,107,0,1313,1,289,46,0,336,1112,384,153,0,1649,0,0,0,1649
06/07/2005,LAS,NV,AWP,WE,Towers with Radar,1077,101,127,0,1305,1,340,32,1,374,1078,441,159,1,1679,0,0,0,1679
06/08/2005,LAS,NV,AWP,WE,Towers with Radar,1072,120,147,4,1343,5,388,46,9,448,1077,508,193,13,1791,0,0,0,1791
06/09/2005,LAS,NV,AWP,WE,Towers with Radar,1127,142,182,0,1451,4,348,33,0,385,1131,490,215,0,1836,0,0,0,1836
06/10/2005,LAS,NV,AWP,WE,Towers with Radar,1131,171,244,2,1548,1,364,25,3,393,1132,535,269,5,1941,0,0,0,1941
06/11/2005,LAS,NV,AWP,WE,Towers with Radar,995,131,110,6,1242,3,338,15,1,357,998,469,125,7,1599,0,0,0,1599
06/12/2005,LAS,NV,AWP,WE,Towers with Radar,1083,174,224,5,1486,3,300,21,0,324,1086,474,245,5,1810,0,0,0,1810
06/13/2005,LAS,NV,AWP,WE,Towers with Radar,1126,97,121,1,1345,3,332,19,1,355,1129,429,140,2,1700,0,0,0,1700
06/14/2005,LAS,NV,AWP,WE,Towers with Radar,1060,104,130,1,1295,2,375,20,0,397,1062,479,150,1,1692,0,0,0,1692
06/15/2005,LAS,NV,AWP,WE,Towers with Radar,1088,122,127,4,1341,1,359,30,4,394,1089,481,157,8,1735,0,0,0,1735
06/16/2005,LAS,NV,AWP,WE,Towers with Radar,1139,110,179,3,1431,2,333,23,7,365,1141,443,202,10,1796,0,0,0,1796
06/17/2005,LAS,NV,AWP,WE,Towers with Radar,1136,101,163,2,1402,3,280,28,2,313,1139,381,191,4,1715,0,0,0,1715
06/18/2005,LAS,NV,AWP,WE,Towers with Radar,1022,75,96,5,1198,5,274,36,8,323,1027,349,132,13,1521,0,0,0,1521
06/19/2005,LAS,NV,AWP,WE,Towers with Radar,1080,100,121,3,1304,1,260,49,2,312,1081,360,170,5,1616,0,0,0,1616
06/20/2005,LAS,NV,AWP,WE,Towers with Radar,1106,87,119,3,1315,1,272,26,1,300,1107,359,145,4,1615,0,0,0,1615
06/21/2005,LAS,NV,AWP,WE,Towers with Radar,1076,98,112,5,1291,1,340,31,0,372,1077,438,143,5,1663,0,0,0,1663
06/22/2005,LAS,NV,AWP,WE,Towers with Radar,1081,93,147,6,1327,1,268,29,6,304,1082,361,176,12,1631,0,0,0,1631
06/23/2005,LAS,NV,AWP,WE,Towers with Radar,1145,108,118,7,1378,3,319,29,0,351,1148,427,147,7,1729,0,0,0,1729
06/24/2005,LAS,NV,AWP,WE,Towers with Radar,1163,122,135,14,1434,4,319,33,4,360,1167,441,168,18,1794,0,0,0,1794
06/25/2005,LAS,NV,AWP,WE,Towers with Radar,1021,89,86,5,1201,0,285,20,3,308,1021,374,106,8,1509,0,0,0,1509
06/26/2005,LAS,NV,AWP,WE,Towers with Radar,1072,119,148,12,1351,2,267,43,1,313,1074,386,191,13,1664,0,0,0,1664
06/27/2005,LAS,NV,AWP,WE,Towers with Radar,1118,91,118,8,1335,2,310,25,2,339,1120,401,143,10,1674,0,0,0,1674
06/28/2005,LAS,NV,AWP,WE,Towers with Radar,1079,100,105,0,1284,2,369,25,12,408,1081,469,130,12,1692,0,0,0,1692
06/29/2005,LAS,NV,AWP,WE,Towers with Radar,1085,109,126,14,1334,1,300,36,1,338,1086,409,162,15,1672,0,0,0,1672
06/30/2005,LAS,NV,AWP,WE,Towers with Radar,1135,112,144,2,1393,3,318,29,0,350,1138,430,173,2,1743,0,0,0,1743
07/01/2005,LAS,NV,AWP,WE,Towers with Radar,1140,110,154,1,1405,2,279,47,0,328,1142,389,201,1,1733,0,0,0,1733
07/02/2005,LAS,NV,AWP,WE,Towers with Radar,1027,80,100,0,1207,1,293,44,1,339,1028,373,144,1,1546,0,0,0,1546
07/03/2005,LAS,NV,AWP,WE,Towers with Radar,1014,71,70,1,1156,1,312,29,1,343,1015,383,99,2,1499,0,0,0,1499
07/04/2005,LAS,NV,AWP,WE,Towers with Radar,1045,71,87,4,1207,6,290,22,0,318,1051,361,109,4,1525,0,0,0,1525
07/05/2005,LAS,NV,AWP,WE,Towers with Radar,1044,101,121,2,1268,1,340,30,0,371,1045,441,151,2,1639,0,0,0,1639
07/06/2005,LAS,NV,AWP,WE,Towers with Radar,1105,86,111,2,1304,5,324,33,8,370,1110,410,144,10,1674,0,0,0,1674
07/07/2005,LAS,NV,AWP,WE,Towers with Radar,1136,116,121,7,1380,2,303,31,7,343,1138,419,152,14,1723,0,0,0,1723
07/08/2005,LAS,NV,AWP,WE,Towers with Radar,1135,129,147,10,1421,4,297,30,0,331,1139,426,177,10,1752,0,0,0,1752
07/09/2005,LAS,NV,AWP,WE,Towers with Radar,1017,93,94,13,1217,3,264,27,5,299,1020,357,121,18,1516,0,0,0,1516
07/10/2005,LAS,NV,AWP,WE,Towers with Radar,1097,95,160,10,1362,2,263,50,1,316,1099,358,210,11,1678,0,0,0,1678
07/11/2005,LAS,NV,AWP,WE,Towers with Radar,1127,95,120,12,1354,1,272,31,5,309,1128,367,151,17,1663,0,0,0,1663
07/12/2005,LAS,NV,AWP,WE,Towers with Radar,1088,90,89,4,1271,1,310,17,1,329,1089,400,106,5,1600,0,0,0,1600
07/13/2005,LAS,NV,AWP,WE,Towers with Radar,1078,131,106,2,1317,5,354,29,1,389,1083,485,135,3,1706,0,0,0,1706
07/14/2005,LAS,NV,AWP,WE,Towers with Radar,1122,102,150,8,1382,3,325,32,1,361,1125,427,182,9,1743,0,0,0,1743
07/15/2005,LAS,NV,AWP,WE,Towers with Radar,1137,127,144,3,1411,3,304,32,2,341,1140,431,176,5,1752,0,0,0,1752
07/16/2005,LAS,NV,AWP,WE,Towers with Radar,1014,82,104,3,1203,2,263,26,0,291,1016,345,130,3,1494,0,0,0,1494
07/17/2005,LAS,NV,AWP,WE,Towers with Radar,1068,93,150,3,1314,2,291,35,2,330,1070,384,185,5,1644,0,0,0,1644
07/18/2005,LAS,NV,AWP,WE,Towers with Radar,1144,80,108,0,1332,1,276,27,0,304,1145,356,135,0,1636,0,0,0,1636
07/19/2005,LAS,NV,AWP,WE,Towers with Radar,1097,103,102,3,1305,1,341,23,3,368,1098,444,125,6,1673,0,0,0,1673
07/20/2005,LAS,NV,AWP,WE,Towers with Radar,1089,89,128,5,1311,4,335,29,4,372,1093,424,157,9,1683,0,0,0,1683
07/21/2005,LAS,NV,AWP,WE,Towers with Radar,1152,90,137,1,1380,1,267,17,0,285,1153,357,154,1,1665,0,0,0,1665
07/22/2005,LAS,NV,AWP,WE,Towers with Radar,1167,96,153,13,1429,3,302,31,3,339,1170,398,184,16,1768,0,0,0,1768
07/23/2005,LAS,NV,AWP,WE,Towers with Radar,1034,81,108,11,1234,3,282,19,0,304,1037,363,127,11,1538,0,0,0,1538
07/24/2005,LAS,NV,AWP,WE,Towers with Radar,1100,102,158,8,1368,1,247,19,0,267,1101,349,177,8,1635,0,0,0,1635
07/25/2005,LAS,NV,AWP,WE,Towers with Radar,1104,112,154,2,1372,4,329,20,0,353,1108,441,174,2,1725,0,0,0,1725
07/26/2005,LAS,NV,AWP,WE,Towers with Radar,1107,116,153,3,1379,3,283,19,0,305,1110,399,172,3,1684,0,0,0,1684
07/27/2005,LAS,NV,AWP,WE,Towers with Radar,1083,114,157,12,1366,2,374,33,2,411,1085,488,190,14,1777,0,0,0,1777
07/28/2005,LAS,NV,AWP,WE,Towers with Radar,1094,114,139,4,1351,2,375,22,0,399,1096,489,161,4,1750,0,0,0,1750
07/29/2005,LAS,NV,AWP,WE,Towers with Radar,1174,144,184,7,1509,3,296,28,2,329,1177,440,212,9,1838,0,0,0,1838
07/30/2005,LAS,NV,AWP,WE,Towers with Radar,1055,113,106,8,1282,5,311,17,11,344,1060,424,123,19,1626,0,0,0,1626
07/31/2005,LAS,NV,AWP,WE,Towers with Radar,1089,107,162,0,1358,3,313,26,3,345,1092,420,188,3,1703,0,0,0,1703
08/01/2005,LAS,NV,AWP,WE,Towers with Radar,1134,97,95,9,1335,3,286,26,1,316,1137,383,121,10,1651,0,0,0,1651
08/02/2005,LAS,NV,AWP,WE,Towers with Radar,1068,98,97,2,1265,2,305,16,6,329,1070,403,113,8,1594,0,0,0,1594
08/03/2005,LAS,NV,AWP,WE,Towers with Radar,1123,95,126,0,1344,5,354,23,13,395,1128,449,149,13,1739,0,0,0,1739
08/04/2005,LAS,NV,AWP,WE,Towers with Radar,1167,92,138,0,1397,4,365,24,8,401,1171,457,162,8,1798,0,0,0,1798
08/05/2005,LAS,NV,AWP,WE,Towers with Radar,1150,107,140,3,1400,3,353,23,3,382,1153,460,163,6,1782,0,0,0,1782
08/06/2005,LAS,NV,AWP,WE,Towers with Radar,1052,106,98,5,1261,2,338,24,3,367,1054,444,122,8,1628,0,0,0,1628
08/07/2005,LAS,NV,AWP,WE,Towers with Radar,1086,105,137,0,1328,2,319,31,0,352,1088,424,168,0,1680,0,0,0,1680
08/08/2005,LAS,NV,AWP,WE,Towers with Radar,1162,88,131,15,1396,2,354,26,1,383,1164,442,157,16,1779,0,0,0,1779
08/09/2005,LAS,NV,AWP,WE,Towers with Radar,1046,96,119,4,1265,2,363,12,0,377,1048,459,131,4,1642,0,0,0,1642
08/10/2005,LAS,NV,AWP,WE,Towers with Radar,1104,112,130,9,1355,6,382,18,3,409,1110,494,148,12,1764,0,0,0,1764
08/11/2005,LAS,NV,AWP,WE,Towers with Radar,1151,116,126,0,1393,7,417,27,4,455,1158,533,153,4,1848,0,0,0,1848
08/12/2005,LAS,NV,AWP,WE,Towers with Radar,1081,85,147,9,1322,1,378,19,2,400,1082,463,166,11,1722,0,0,0,1722
08/13/2005,LAS,NV,AWP,WE,Towers with Radar,1018,98,104,5,1225,3,298,32,0,333,1021,396,136,5,1558,0,0,0,1558
08/14/2005,LAS,NV,AWP,WE,Towers with Radar,998,85,125,8,1216,0,230,25,3,258,998,315,150,11,1474,0,0,0,1474
08/15/2005,LAS,NV,AWP,WE,Towers with Radar,1223,104,123,3,1453,1,339,28,11,379,1224,443,151,14,1832,0,0,0,1832
08/16/2005,LAS,NV,AWP,WE,Towers with Radar,1080,111,108,3,1302,1,339,24,2,366,1081,450,132,5,1668,0,0,0,1668
08/17/2005,LAS,NV,AWP,WE,Towers with Radar,1112,123,135,7,1377,0,356,24,2,382,1112,479,159,9,1759,0,0,0,1759
08/18/2005,LAS,NV,AWP,WE,Towers with Radar,1162,143,124,1,1430,3,388,25,3,419,1165,531,149,4,1849,0,0,0,1849
08/19/2005,LAS,NV,AWP,WE,Towers with Radar,1155,117,174,4,1450,4,327,38,5,374,1159,444,212,9,1824,0,0,0,1824
08/20/2005,LAS,NV,AWP,WE,Towers with Radar,1018,87,86,8,1199,5,266,19,4,294,1023,353,105,12,1493,0,0,0,1493
08/21/2005,LAS,NV,AWP,WE,Towers with Radar,1094,128,168,7,1397,2,280,47,1,330,1096,408,215,8,1727,0,0,0,1727
08/22/2005,LAS,NV,AWP,WE,Towers with Radar,1142,121,108,5,1376,0,264,28,1,293,1142,385,136,6,1669,0,0,0,1669
08/23/2005,LAS,NV,AWP,WE,Towers with Radar,1088,114,119,9,1330,1,292,23,4,320,1089,406,142,13,1650,0,0,0,1650
08/24/2005,LAS,NV,AWP,WE,Towers with Radar,1098,104,135,2,1339,0,334,30,9,373,1098,438,165,11,1712,0,0,0,1712
08/25/2005,LAS,NV,AWP,WE,Towers with Radar,1154,99,121,10,1384,2,327,23,2,354,1156,426,144,12,1738,0,0,0,1738
08/26/2005,LAS,NV,AWP,WE,Towers with Radar,1140,106,141,2,1389,1,301,32,5,339,1141,407,173,7,1728,0,0,0,1728
08/27/2005,LAS,NV,AWP,WE,Towers with Radar,1038,90,70,5,1203,2,264,41,3,310,1040,354,111,8,1513,0,0,0,1513
08/28/2005,LAS,NV,AWP,WE,Towers with Radar,1100,116,147,2,1365,1,263,36,0,300,1101,379,183,2,1665,0,0,0,1665
08/29/2005,LAS,NV,AWP,WE,Towers with Radar,1136,102,122,11,1371,3,278,46,11,338,1139,380,168,22,1709,0,0,0,1709
08/30/2005,LAS,NV,AWP,WE,Towers with Radar,1084,96,133,17,1330,1,280,36,13,330,1085,376,169,30,1660,0,0,0,1660
08/31/2005,LAS,NV,AWP,WE,Towers with Radar,1078,135,149,6,1368,1,280,45,4,330,1079,415,194,10,1698,0,0,0,1698
09/01/2005,LAS,NV,AWP,WE,Towers with Radar,1160,102,130,3,1395,2,210,24,0,236,1162,312,154,3,1631,0,0,0,1631
09/02/2005,LAS,NV,AWP,WE,Towers with Radar,1100,98,174,10,1382,3,243,24,2,272,1103,341,198,12,1654,0,0,0,1654
09/03/2005,LAS,NV,AWP,WE,Towers with Radar,1006,98,89,2,1195,7,311,44,1,363,1013,409,133,3,1558,0,0,0,1558
09/04/2005,LAS,NV,AWP,WE,Towers with Radar,1019,59,66,5,1149,2,266,33,2,303,1021,325,99,7,1452,0,0,0,1452
09/05/2005,LAS,NV,AWP,WE,Towers with Radar,1051,110,144,6,1311,1,291,46,0,338,1052,401,190,6,1649,0,0,0,1649
09/06/2005,LAS,NV,AWP,WE,Towers with Radar,1074,104,103,3,1284,0,297,30,1,328,1074,401,133,4,1612,0,0,0,1612
09/07/2005,LAS,NV,AWP,WE,Towers with Radar,1088,99,130,6,1323,0,308,28,1,337,1088,407,158,7,1660,0,0,0,1660
09/08/2005,LAS,NV,AWP,WE,Towers with Radar,1161,107,139,1,1408,0,332,41,1,374,1161,439,180,2,1782,0,0,0,1782
09/09/2005,LAS,NV,AWP,WE,Towers with Radar,1166,132,165,6,1469,1,342,34,0,377,1167,474,199,6,1846,0,0,0,1846
09/10/2005,LAS,NV,AWP,WE,Towers with Radar,1012,87,86,4,1189,0,329,15,0,344,1012,416,101,4,1533,0,0,0,1533
09/11/2005,LAS,NV,AWP,WE,Towers with Radar,1101,107,159,7,1374,0,306,40,0,346,1101,413,199,7,1720,0,0,0,1720
09/12/2005,LAS,NV,AWP,WE,Towers with Radar,1145,108,130,6,1389,0,327,17,0,344,1145,435,147,6,1733,0,0,0,1733
09/13/2005,LAS,NV,AWP,WE,Towers with Radar,1070,100,130,7,1307,0,336,31,0,367,1070,436,161,7,1674,0,0,0,1674
09/14/2005,LAS,NV,AWP,WE,Towers with Radar,1093,154,173,11,1431,0,386,40,0,426,1093,540,213,11,1857,0,0,0,1857
09/15/2005,LAS,NV,AWP,WE,Towers with Radar,1191,136,189,13,1529,0,379,26,0,405,1191,515,215,13,1934,0,0,0,1934
09/16/2005,LAS,NV,AWP,WE,Towers with Radar,1167,155,170,10,1502,0,397,45,4,446,1167,552,215,14,1948,0,0,0,1948
09/17/2005,LAS,NV,AWP,WE,Towers with Radar,1030,76,117,4,1227,0,373,36,0,409,1030,449,153,4,1636,0,0,0,1636
09/18/2005,LAS,NV,AWP,WE,Towers with Radar,1115,153,167,10,1445,3,311,33,0,347,1118,464,200,10,1792,0,0,0,1792
09/19/2005,LAS,NV,AWP,WE,Towers with Radar,1146,106,116,4,1372,0,355,25,0,380,1146,461,141,4,1752,0,0,0,1752
09/20/2005,LAS,NV,AWP,WE,Towers with Radar,1071,112,180,1,1364,0,354,16,1,371,1071,466,196,2,1735,0,0,0,1735
09/21/2005,LAS,NV,AWP,WE,Towers with Radar,1077,119,166,10,1372,0,346,31,1,378,1077,465,197,11,1750,0,0,0,1750
09/22/2005,LAS,NV,AWP,WE,Towers with Radar,1146,124,177,8,1455,0,371,28,1,400,1146,495,205,9,1855,0,0,0,1855
09/23/2005,LAS,NV,AWP,WE,Towers with Radar,1163,137,222,12,1534,0,333,38,0,371,1163,470,260,12,1905,0,0,0,1905
09/24/2005,LAS,NV,AWP,WE,Towers with Radar,999,88,111,1,1199,0,348,35,2,385,999,436,146,3,1584,0,0,0,1584
09/25/2005,LAS,NV,AWP,WE,Towers with Radar,1075,133,225,4,1437,0,314,43,2,359,1075,447,268,6,1796,0,0,0,1796
09/26/2005,LAS,NV,AWP,WE,Towers with Radar,1152,105,138,0,1395,0,337,24,2,363,1152,442,162,2,1758,0,0,0,1758
09/27/2005,LAS,NV,AWP,WE,Towers with Radar,1069,100,140,3,1312,1,330,17,1,349,1070,430,157,4,1661,0,0,0,1661
09/28/2005,LAS,NV,AWP,WE,Towers with Radar,1032,97,143,9,1281,1,299,34,2,336,1033,396,177,11,1617,0,0,0,1617
09/29/2005,LAS,NV,AWP,WE,Towers with Radar,1183,123,141,4,1451,0,334,16,4,354,1183,457,157,8,1805,0,0,0,1805
09/30/2005,LAS,NV,AWP,WE,Towers with Radar,1165,140,172,6,1483,0,320,32,2,354,1165,460,204,8,1837,0,0,0,1837
10/01/2005,LAS,NV,AWP,WE,Towers with Radar,1029,92,113,5,1239,0,332,38,0,370,1029,424,151,5,1609,0,0,0,1609
10/02/2005,LAS,NV,AWP,WE,Towers with Radar,1072,129,150,2,1353,0,269,29,0,298,1072,398,179,2,1651,0,0,0,1651
10/03/2005,LAS,NV,AWP,WE,Towers with Radar,1173,94,101,0,1368,1,328,22,0,351,1174,422,123,0,1719,0,0,0,1719
10/04/2005,LAS,NV,AWP,WE,Towers with Radar,1064,88,105,0,1257,0,329,15,0,344,1064,417,120,0,1601,0,0,0,1601
10/05/2005,LAS,NV,AWP,WE,Towers with Radar,1074,100,163,8,1345,0,397,29,9,435,1074,497,192,17,1780,0,0,0,1780
10/06/2005,LAS,NV,AWP,WE,Towers with Radar,1184,108,160,4,1456,0,350,33,3,386,1184,458,193,7,1842,0,0,0,1842
10/07/2005,LAS,NV,AWP,WE,Towers with Radar,1165,140,209,10,1524,0,339,44,5,388,1165,479,253,15,1912,0,0,0,1912
10/08/2005,LAS,NV,AWP,WE,Towers with Radar,1056,110,135,3,1304,0,272,38,0,310,1056,382,173,3,1614,0,0,0,1614
10/09/2005,LAS,NV,AWP,WE,Towers with Radar,1068,121,193,3,1385,0,299,33,0,332,1068,420,226,3,1717,0,0,0,1717
10/10/2005,LAS,NV,AWP,WE,Towers with Radar,1151,118,145,10,1424,1,325,30,0,356,1152,443,175,10,1780,0,0,0,1780
10/11/2005,LAS,NV,AWP,WE,Towers with Radar,1079,108,112,2,1301,1,302,24,4,331,1080,410,136,6,1632,0,0,0,1632
10/12/2005,LAS,NV,AWP,WE,Towers with Radar,1092,121,169,3,1385,0,313,26,3,342,1092,434,195,6,1727,0,0,0,1727
10/13/2005,LAS,NV,AWP,WE,Towers with Radar,1171,113,139,6,1429,0,346,31,3,380,1171,459,170,9,1809,0,0,0,1809
10/14/2005,LAS,NV,AWP,WE,Towers with Radar,1178,163,181,3,1525,0,345,36,13,394,1178,508,217,16,1919,0,0,0,1919
10/15/2005,LAS,NV,AWP,WE,Towers with Radar,1043,97,139,1,1280,0,312,33,1,346,1043,409,172,2,1626,0,0,0,1626
10/16/2005,LAS,NV,AWP,WE,Towers with Radar,1082,140,249,6,1477,0,281,27,9,317,1082,421,276,15,1794,0,0,0,1794
10/17/2005,LAS,NV,AWP,WE,Towers with Radar,1114,107,144,9,1374,0,184,13,3,200,1114,291,157,12,1574,0,0,0,1574
10/18/2005,LAS,NV,AWP,WE,Towers with Radar,1018,102,158,2,1280,0,82,2,0,84,1018,184,160,2,1364,0,0,0,1364
10/19/2005,LAS,NV,AWP,WE,Towers with Radar,1126,124,186,12,1448,0,341,18,7,366,1126,465,204,19,1814,0,0,0,1814
10/20/2005,LAS,NV,AWP,WE,Towers with Radar,1169,157,192,4,1522,0,351,17,5,373,1169,508,209,9,1895,0,0,0,1895
10/21/2005,LAS,NV,AWP,WE,Towers with Radar,1173,137,225,12,1547,1,351,32,17,401,1174,488,257,29,1948,0,0,0,1948
10/22/2005,LAS,NV,AWP,WE,Towers with Radar,1065,109,127,5,1306,0,345,29,1,375,1065,454,156,6,1681,0,0,0,1681
10/23/2005,LAS,NV,AWP,WE,Towers with Radar,1092,129,272,8,1501,0,302,45,2,349,1092,431,317,10,1850,0,0,0,1850
10/24/2005,LAS,NV,AWP,WE,Towers with Radar,1152,94,154,1,1401,0,308,23,0,331,1152,402,177,1,1732,0,0,0,1732
10/25/2005,LAS,NV,AWP,WE,Towers with Radar,1074,128,138,2,1342,0,350,23,3,376,1074,478,161,5,1718,0,0,0,1718
10/26/2005,LAS,NV,AWP,WE,Towers with Radar,1085,133,161,1,1380,0,330,33,2,365,1085,463,194,3,1745,0,0,0,1745
10/27/2005,LAS,NV,AWP,WE,Towers with Radar,1175,146,198,1,1520,0,349,34,3,386,1175,495,232,4,1906,0,0,0,1906
10/28/2005,LAS,NV,AWP,WE,Towers with Radar,1173,151,222,1,1547,1,352,36,1,390,1174,503,258,2,1937,0,0,0,1937
10/29/2005,LAS,NV,AWP,WE,Towers with Radar,1048,110,125,6,1289,0,307,45,0,352,1048,417,170,6,1641,0,0,0,1641
10/30/2005,LAS,NV,AWP,WE,Towers with Radar,1095,110,208,2,1415,0,237,38,0,275,1095,347,246,2,1690,0,0,0,1690
10/31/2005,LAS,NV,AWP,WE,Towers with Radar,1163,106,138,2,1409,0,262,36,2,300,1163,368,174,4,1709,0,0,0,1709
11/01/2005,LAS,NV,AWP,WE,Towers with Radar,1081,110,201,0,1392,0,237,49,6,292,1081,347,250,6,1684,0,0,0,1684
11/02/2005,LAS,NV,AWP,WE,Towers with Radar,1085,155,197,0,1437,0,240,56,0,296,1085,395,253,0,1733,0,0,0,1733
11/03/2005,LAS,NV,AWP,WE,Towers with Radar,1159,163,257,2,1581,1,289,50,3,343,1160,452,307,5,1924,0,0,0,1924
11/04/2005,LAS,NV,AWP,WE,Towers with Radar,1180,212,283,5,1680,0,317,42,7,366,1180,529,325,12,2046,0,0,0,2046
11/05/2005,LAS,NV,AWP,WE,Towers with Radar,1016,101,145,9,1271,0,331,49,1,381,1016,432,194,10,1652,0,0,0,1652
11/06/2005,LAS,NV,AWP,WE,Towers with Radar,1080,173,222,9,1484,0,305,39,0,344,1080,478,261,9,1828,0,0,0,1828
11/07/2005,LAS,NV,AWP,WE,Towers with Radar,1163,114,164,2,1443,1,327,29,0,357,1164,441,193,2,1800,0,0,0,1800
11/08/2005,LAS,NV,AWP,WE,Towers with Radar,1069,110,140,9,1328,0,326,17,3,346,1069,436,157,12,1674,0,0,0,1674
11/09/2005,LAS,NV,AWP,WE,Towers with Radar,1074,122,142,12,1350,0,362,20,6,388,1074,484,162,18,1738,0,0,0,1738
11/10/2005,LAS,NV,AWP,WE,Towers with Radar,1165,111,211,14,1501,0,332,31,3,366,1165,443,242,17,1867,0,0,0,1867
11/11/2005,LAS,NV,AWP,WE,Towers with Radar,1138,125,203,7,1473,0,350,47,1,398,1138,475,250,8,1871,0,0,0,1871
11/12/2005,LAS,NV,AWP,WE,Towers with Radar,1007,91,83,15,1196,0,328,31,1,360,1007,419,114,16,1556,0,0,0,1556
11/13/2005,LAS,NV,AWP,WE,Towers with Radar,1082,123,181,7,1393,0,351,63,1,415,1082,474,244,8,1808,0,0,0,1808
11/14/2005,LAS,NV,AWP,WE,Towers with Radar,1172,102,144,4,1422,0,301,31,2,334,1172,403,175,6,1756,0,0,0,1756
11/15/2005,LAS,NV,AWP,WE,Towers with Radar,1048,101,151,5,1305,0,303,22,3,328,1048,404,173,8,1633,0,0,0,1633
11/16/2005,LAS,NV,AWP,WE,Towers with Radar,1087,133,233,3,1456,0,349,28,2,379,1087,482,261,5,1835,0,0,0,1835
11/17/2005,LAS,NV,AWP,WE,Towers with Radar,1178,153,254,7,1592,0,287,34,2,323,1178,440,288,9,1915,0,0,0,1915
11/18/2005,LAS,NV,AWP,WE,Towers with Radar,1181,185,241,3,1610,0,282,53,1,336,1181,467,294,4,1946,0,0,0,1946
11/19/2005,LAS,NV,AWP,WE,Towers with Radar,1021,117,164,7,1309,0,326,37,1,364,1021,443,201,8,1673,0,0,0,1673
11/20/2005,LAS,NV,AWP,WE,Towers with Radar,1101,133,215,6,1455,0,335,55,3,393,1101,468,270,9,1848,0,0,0,1848
11/21/2005,LAS,NV,AWP,WE,Towers with Radar,1144,116,99,3,1362,0,312,33,5,350,1144,428,132,8,1712,0,0,0,1712
11/22/2005,LAS,NV,AWP,WE,Towers with Radar,1098,116,138,3,1355,0,337,36,0,373,1098,453,174,3,1728,0,0,0,1728
11/23/2005,LAS,NV,AWP,WE,Towers with Radar,1130,104,158,1,1393,0,336,40,1,377,1130,440,198,2,1770,0,0,0,1770
11/24/2005,LAS,NV,AWP,WE,Towers with Radar,931,64,26,0,1021,0,230,27,0,257,931,294,53,0,1278,0,0,0,1278
11/25/2005,LAS,NV,AWP,WE,Towers with Radar,960,90,103,1,1154,0,309,44,0,353,960,399,147,1,1507,0,0,0,1507
11/26/2005,LAS,NV,AWP,WE,Towers with Radar,961,83,82,5,1131,0,264,14,4,282,961,347,96,9,1413,0,0,0,1413
11/27/2005,LAS,NV,AWP,WE,Towers with Radar,1107,116,184,0,1407,1,215,14,0,230,1108,331,198,0,1637,0,0,0,1637
11/28/2005,LAS,NV,AWP,WE,Towers with Radar,1161,117,113,3,1394,0,257,28,4,289,1161,374,141,7,1683,0,0,0,1683
11/29/2005,LAS,NV,AWP,WE,Towers with Radar,1113,115,120,1,1349,0,201,30,2,233,1113,316,150,3,1582,0,0,0,1582
11/30/2005,LAS,NV,AWP,WE,Towers with Radar,1104,114,95,7,1320,0,205,22,6,233,1104,319,117,13,1553,0,0,0,1553
12/01/2005,LAS,NV,AWP,WE,Towers with Radar,1170,147,170,2,1489,0,271,24,0,295,1170,418,194,2,1784,0,0,0,1784
12/02/2005,LAS,NV,AWP,WE,Towers with Radar,1176,168,202,10,1556,1,200,20,3,224,1177,368,222,13,1780,0,0,0,1780
12/03/2005,LAS,NV,AWP,WE,Towers with Radar,1001,99,147,10,1257,0,232,23,2,257,1001,331,170,12,1514,0,0,0,1514
12/04/2005,LAS,NV,AWP,WE,Towers with Radar,1033,152,233,15,1433,0,239,29,1,269,1033,391,262,16,1702,0,0,0,1702
12/05/2005,LAS,NV,AWP,WE,Towers with Radar,1139,106,150,4,1399,0,205,29,2,236,1139,311,179,6,1635,0,0,0,1635
12/06/2005,LAS,NV,AWP,WE,Towers with Radar,1042,107,170,4,1323,0,227,33,6,266,1042,334,203,10,1589,0,0,0,1589
12/07/2005,LAS,NV,AWP,WE,Towers with Radar,1023,120,201,8,1352,0,236,45,2,283,1023,356,246,10,1635,0,0,0,1635
12/08/2005,LAS,NV,AWP,WE,Towers with Radar,1090,141,176,5,1412,0,180,24,9,213,1090,321,200,14,1625,0,0,0,1625
12/09/2005,LAS,NV,AWP,WE,Towers with Radar,1146,151,216,12,1525,1,196,44,9,250,1147,347,260,21,1775,0,0,0,1775
12/10/2005,LAS,NV,AWP,WE,Towers with Radar,978,87,120,8,1193,0,230,26,4,260,978,317,146,12,1453,0,0,0,1453
12/11/2005,LAS,NV,AWP,WE,Towers with Radar,1036,126,172,10,1344,0,175,49,0,224,1036,301,221,10,1568,0,0,0,1568
12/12/2005,LAS,NV,AWP,WE,Towers with Radar,1122,110,88,2,1322,0,180,17,1,198,1122,290,105,3,1520,0,0,0,1520
12/13/2005,LAS,NV,AWP,WE,Towers with Radar,1040,119,126,1,1286,0,188,29,3,220,1040,307,155,4,1506,0,0,0,1506
12/14/2005,LAS,NV,AWP,WE,Towers with Radar,1028,105,120,1,1254,0,160,37,5,202,1028,265,157,6,1456,0,0,0,1456
12/15/2005,LAS,NV,AWP,WE,Towers with Radar,1088,144,118,8,1358,0,124,20,1,145,1088,268,138,9,1503,0,0,0,1503
12/16/2005,LAS,NV,AWP,WE,Towers with Radar,1139,139,157,17,1452,0,134,50,4,188,1139,273,207,21,1640,0,0,0,1640
12/17/2005,LAS,NV,AWP,WE,Towers with Radar,961,115,94,9,1179,0,180,28,0,208,961,295,122,9,1387,0,0,0,1387
12/18/2005,LAS,NV,AWP,WE,Towers with Radar,1054,115,131,4,1304,0,155,17,2,174,1054,270,148,6,1478,0,0,0,1478
12/19/2005,LAS,NV,AWP,WE,Towers with Radar,1116,103,127,15,1361,1,181,16,1,199,1117,284,143,16,1560,0,0,0,1560
12/20/2005,LAS,NV,AWP,WE,Towers with Radar,1043,116,104,8,1271,0,176,24,2,202,1043,292,128,10,1473,0,0,0,1473
12/21/2005,LAS,NV,AWP,WE,Towers with Radar,1025,98,121,2,1246,0,146,38,0,184,1025,244,159,2,1430,0,0,0,1430
12/22/2005,LAS,NV,AWP,WE,Towers with Radar,1132,108,118,2,1360,1,134,33,2,170,1133,242,151,4,1530,0,0,0,1530
12/23/2005,LAS,NV,AWP,WE,Towers with Radar,1131,101,110,1,1343,0,156,35,3,194,1131,257,145,4,1537,0,0,0,1537
12/24/2005,LAS,NV,AWP,WE,Towers with Radar,951,76,52,0,1079,0,142,20,0,162,951,218,72,0,1241,0,0,0,1241
12/25/2005,LAS,NV,AWP,WE,Towers with Radar,944,66,30,0,1040,0,117,11,0,128,944,183,41,0,1168,0,0,0,1168
12/26/2005,LAS,NV,AWP,WE,Towers with Radar,1044,89,107,0,1240,0,215,15,0,230,1044,304,122,0,1470,0,0,0,1470
12/27/2005,LAS,NV,AWP,WE,Towers with Radar,1040,122,137,2,1301,1,310,22,3,336,1041,432,159,5,1637,0,0,0,1637
12/28/2005,LAS,NV,AWP,WE,Towers with Radar,1043,121,120,5,1289,0,388,16,2,406,1043,509,136,7,1695,0,0,0,1695
12/29/2005,LAS,NV,AWP,WE,Towers with Radar,1134,129,167,7,1437,0,369,25,2,396,1134,498,192,9,1833,0,0,0,1833
12/30/2005,LAS,NV,AWP,WE,Towers with Radar,1122,155,203,0,1480,0,388,37,25,450,1122,543,240,25,1930,0,0,0,1930
12/31/2005,LAS,NV,AWP,WE,Towers with Radar,956,101,108,1,1166,0,276,11,12,299,956,377,119,13,1465,0,0,0,1465
01/01/2006,LAS,NV,AWP,WE,Towers with Radar,982,123,178,0,1283,0,303,18,14,335,982,426,196,14,1618,0,0,0,1618
01/02/2006,LAS,NV,AWP,WE,Towers with Radar,1012,146,235,2,1395,0,278,7,0,285,1012,424,242,2,1680,0,0,0,1680
01/03/2006,LAS,NV,AWP,WE,Towers with Radar,1107,144,189,0,1440,1,296,20,15,332,1108,440,209,15,1772,0,0,0,1772
01/04/2006,LAS,NV,AWP,WE,Towers with Radar,1115,180,246,0,1541,0,277,38,4,319,1115,457,284,4,1860,0,0,0,1860
01/05/2006,LAS,NV,AWP,WE,Towers with Radar,1168,195,334,0,1697,0,194,44,8,246,1168,389,378,8,1943,0,0,0,1943
01/06/2006,LAS,NV,AWP,WE,Towers with Radar,1139,175,282,7,1603,1,163,33,7,204,1140,338,315,14,1807,0,0,0,1807
01/07/2006,LAS,NV,AWP,WE,Towers with Radar,967,108,166,4,1245,0,203,45,5,253,967,311,211,9,1498,0,0,0,1498
01/08/2006,LAS,NV,AWP,WE,Towers with Radar,1081,148,206,8,1443,0,217,53,0,270,1081,365,259,8,1713,0,0,0,1713
01/09/2006,LAS,NV,AWP,WE,Towers with Radar,1131,117,136,8,1392,0,206,25,0,231,1131,323,161,8,1623,0,0,0,1623
01/10/2006,LAS,NV,AWP,WE,Towers with Radar,1060,77,125,1,1263,1,196,29,3,229,1061,273,154,4,1492,0,0,0,1492
01/11/2006,LAS,NV,AWP,WE,Towers with Radar,1015,113,157,3,1288,0,217,45,2,264,1015,330,202,5,1552,0,0,0,1552
01/12/2006,LAS,NV,AWP,WE,Towers with Radar,1118,117,144,9,1388,0,197,49,2,248,1118,314,193,11,1636,0,0,0,1636
01/13/2006,LAS,NV,AWP,WE,Towers with Radar,1119,123,185,5,1432,0,211,46,3,260,1119,334,231,8,1692,0,0,0,1692
01/14/2006,LAS,NV,AWP,WE,Towers with Radar,977,87,100,4,1168,0,224,24,0,248,977,311,124,4,1416,0,0,0,1416
01/15/2006,LAS,NV,AWP,WE,Towers with Radar,1025,103,130,9,1267,0,192,37,1,230,1025,295,167,10,1497,0,0,0,1497
01/16/2006,LAS,NV,AWP,WE,Towers with Radar,1093,110,158,3,1364,0,199,30,2,231,1093,309,188,5,1595,0,0,0,1595
01/17/2006,LAS,NV,AWP,WE,Towers with Radar,1024,105,122,2,1253,0,186,30,1,217,1024,291,152,3,1470,0,0,0,1470
01/18/2006,LAS,NV,AWP,WE,Towers with Radar,1017,98,132,5,1252,0,223,25,4,252,1017,321,157,9,1504,0,0,0,1504
01/19/2006,LAS,NV,AWP,WE,Towers with Radar,1106,112,169,4,1391,0,219,29,4,252,1106,331,198,8,1643,0,0,0,1643
01/20/2006,LAS,NV,AWP,WE,Towers with Radar,1134,126,163,9,1432,0,245,39,4,288,1134,371,202,13,1720,0,0,0,1720
01/21/2006,LAS,NV,AWP,WE,Towers with Radar,972,85,98,4,1159,0,253,35,0,288,972,338,133,4,1447,0,0,0,1447
01/22/2006,LAS,NV,AWP,WE,Towers with Radar,1015,102,165,7,1289,0,196,45,0,241,1015,298,210,7,1530,0,0,0,1530
01/23/2006,LAS,NV,AWP,WE,Towers with Radar,1114,100,151,2,1367,0,177,26,0,203,1114,277,177,2,1570,0,0,0,1570
01/24/2006,LAS,NV,AWP,WE,Towers with Radar,1044,116,128,2,1290,0,232,38,1,271,1044,348,166,3,1561,0,0,0,1561
01/25/2006,LAS,NV,AWP,WE,Towers with Radar,1020,115,162,1,1298,0,148,26,1,175,1020,263,188,2,1473,0,0,0,1473
01/26/2006,LAS,NV,AWP,WE,Towers with Radar,1120,127,145,5,1397,0,168,32,3,203,1120,295,177,8,1600,0,0,0,1600
01/27/2006,LAS,NV,AWP,WE,Towers with Radar,1132,132,159,11,1434,0,222,33,0,255,1132,354,192,11,1689,0,0,0,1689
01/28/2006,LAS,NV,AWP,WE,Towers with Radar,955,71,117,4,1147,0,256,36,2,294,955,327,153,6,1441,0,0,0,1441
01/29/2006,LAS,NV,AWP,WE,Towers with Radar,1034,119,192,7,1352,0,219,49,2,270,1034,338,241,9,1622,0,0,0,1622
01/30/2006,LAS,NV,AWP,WE,Towers with Radar,1114,107,131,7,1359,0,153,28,1,182,1114,260,159,8,1541,0,0,0,1541
01/31/2006,LAS,NV,AWP,WE,Towers with Radar,1034,125,156,3,1318,0,180,16,0,196,1034,305,172,3,1514,0,0,0,1514
02/01/2006,LAS,NV,AWP,WE,Towers with Radar,1025,120,196,12,1353,0,180,41,3,224,1025,300,237,15,1577,0,0,0,1577
02/02/2006,LAS,NV,AWP,WE,Towers with Radar,1116,135,210,10,1471,0,218,49,5,272,1116,353,259,15,1743,0,0,0,1743
02/03/2006,LAS,NV,AWP,WE,Towers with Radar,1123,152,273,4,1552,0,232,43,4,279,1123,384,316,8,1831,0,0,0,1831
02/04/2006,LAS,NV,AWP,WE,Towers with Radar,981,98,169,3,1251,0,256,29,2,287,981,354,198,5,1538,0,0,0,1538
02/05/2006,LAS,NV,AWP,WE,Towers with Radar,1042,120,212,5,1379,0,146,18,1,165,1042,266,230,6,1544,0,0,0,1544
02/06/2006,LAS,NV,AWP,WE,Towers with Radar,1127,166,289,6,1588,0,215,47,1,263,1127,381,336,7,1851,0,0,0,1851
02/07/2006,LAS,NV,AWP,WE,Towers with Radar,1045,111,148,1,1305,0,198,37,1,236,1045,309,185,2,1541,0,0,0,1541
02/08/2006,LAS,NV,AWP,WE,Towers with Radar,1043,116,153,6,1318,0,228,23,1,252,1043,344,176,7,1570,0,0,0,1570
02/09/2006,LAS,NV,AWP,WE,Towers with Radar,1136,119,164,2,1421,0,207,31,8,246,1136,326,195,10,1667,0,0,0,1667
02/10/2006,LAS,NV,AWP,WE,Towers with Radar,1158,155,182,15,1510,1,233,44,1,279,1159,388,226,16,1789,0,0,0,1789
02/11/2006,LAS,NV,AWP,WE,Towers with Radar,1000,92,120,11,1223,0,266,34,0,300,1000,358,154,11,1523,0,0,0,1523
02/12/2006,LAS,NV,AWP,WE,Towers with Radar,1003,123,207,10,1343,0,229,48,2,279,1003,352,255,12,1622,0,0,0,1622
02/13/2006,LAS,NV,AWP,WE,Towers with Radar,1107,122,115,2,1346,0,290,23,11,324,1107,412,138,13,1670,0,0,0,1670
02/14/2006,LAS,NV,AWP,WE,Towers with Radar,1044,111,117,3,1275,0,359,28,1,388,1044,470,145,4,1663,0,0,0,1663
02/15/2006,LAS,NV,AWP,WE,Towers with Radar,1025,102,135,2,1264,0,170,20,0,190,1025,272,155,2,1454,0,0,0,1454
02/16/2006,LAS,NV,AWP,WE,Towers with Radar,1126,109,161,9,1405,0,281,30,1,312,1126,390,191,10,1717,0,0,0,1717
02/17/2006,LAS,NV,AWP,WE,Towers with Radar,1156,133,221,1,1511,0,289,39,1,329,1156,422,260,2,1840,0,0,0,1840
02/18/2006,LAS,NV,AWP,WE,Towers with Radar,1011,100,117,2,1230,0,279,14,0,293,1011,379,131,2,1523,0,0,0,1523
02/19/2006,LAS,NV,AWP,WE,Towers with Radar,1041,119,150,0,1310,1,208,7,0,216,1042,327,157,0,1526,0,0,0,1526
02/20/2006,LAS,NV,AWP,WE,Towers with Radar,1111,111,190,5,1417,0,234,43,1,278,1111,345,233,6,1695,0,0,0,1695
02/21/2006,LAS,NV,AWP,WE,Towers with Radar,1087,126,175,1,1389,1,258,41,1,301,1088,384,216,2,1690,0,0,0,1690
02/22/2006,LAS,NV,AWP,WE,Towers with Radar,1054,129,150,3,1336,0,262,37,1,300,1054,391,187,4,1636,0,0,0,1636
02/23/2006,LAS,NV,AWP,WE,Towers with Radar,1143,134,179,5,1461,0,261,36,8,305,1143,395,215,13,1766,0,0,0,1766
02/24/2006,LAS,NV,AWP,WE,Towers with Radar,1155,168,187,6,1516,0,232,35,7,274,1155,400,222,13,1790,0,0,0,1790
02/25/2006,LAS,NV,AWP,WE,Towers with Radar,1003,109,142,3,1257,1,281,38,4,324,1004,390,180,7,1581,0,0,0,1581
02/26/2006,LAS,NV,AWP,WE,Towers with Radar,1046,162,206,4,1418,0,262,29,3,294,1046,424,235,7,1712,0,0,0,1712
02/27/2006,LAS,NV,AWP,WE,Towers with Radar,1119,96,124,5,1344,0,261,23,0,284,1119,357,147,5,1628,0,0,0,1628
02/28/2006,LAS,NV,AWP,WE,Towers with Radar,1063,131,120,0,1314,0,169,14,0,183,1063,300,134,0,1497,0,0,0,1497
03/01/2006,LAS,NV,AWP,WE,Towers with Radar,1057,131,171,0,1359,0,276,16,4,296,1057,407,187,4,1655,0,0,0,1655
03/02/2006,LAS,NV,AWP,WE,Towers with Radar,1151,143,156,4,1454,0,282,37,8,327,1151,425,193,12,1781,0,0,0,1781
03/03/2006,LAS,NV,AWP,WE,Towers with Radar,1152,164,194,6,1516,0,268,29,3,300,1152,432,223,9,1816,0,0,0,1816
03/04/2006,LAS,NV,AWP,WE,Towers with Radar,1023,117,133,4,1277,0,288,33,1,322,1023,405,166,5,1599,0,0,0,1599
03/05/2006,LAS,NV,AWP,WE,Towers with Radar,1073,152,227,7,1459,0,277,51,2,330,1073,429,278,9,1789,0,0,0,1789
03/06/2006,LAS,NV,AWP,WE,Towers with Radar,1159,92,127,2,1380,0,250,19,0,269,1159,342,146,2,1649,0,0,0,1649
03/07/2006,LAS,NV,AWP,WE,Towers with Radar,1072,111,139,1,1323,0,236,12,4,252,1072,347,151,5,1575,0,0,0,1575
03/08/2006,LAS,NV,AWP,WE,Towers with Radar,1092,133,148,1,1374,0,282,16,1,299,1092,415,164,2,1673,0,0,0,1673
03/09/2006,LAS,NV,AWP,WE,Towers with Radar,1170,134,215,9,1528,0,289,22,0,311,1170,423,237,9,1839,0,0,0,1839
03/10/2006,LAS,NV,AWP,WE,Towers with Radar,1168,155,203,5,1531,0,270,14,0,284,1168,425,217,5,1815,0,0,0,1815
03/11/2006,LAS,NV,AWP,WE,Towers with Radar,1023,103,119,0,1245,1,137,3,5,146,1024,240,122,5,1391,0,0,0,1391
03/12/2006,LAS,NV,AWP,WE,Towers with Radar,1077,166,248,5,1496,0,914,12,0,926,1077,1080,260,5,2422,0,0,0,2422
03/13/2006,LAS,NV,AWP,WE,Towers with Radar,1169,120,175,6,1470,0,326,29,0,355,1169,446,204,6,1825,0,0,0,1825
03/14/2006,LAS,NV,AWP,WE,Towers with Radar,1105,114,131,0,1350,0,336,21,2,359,1105,450,152,2,1709,0,0,0,1709
03/15/2006,LAS,NV,AWP,WE,Towers with Radar,1100,111,164,0,1375,0,333,32,4,369,1100,444,196,4,1744,0,0,0,1744
03/16/2006,LAS,NV,AWP,WE,Towers with Radar,1166,174,171,8,1519,1,332,28,4,365,1167,506,199,12,1884,0,0,0,1884
03/17/2006,LAS,NV,AWP,WE,Towers with Radar,1170,144,181,6,1501,0,285,14,3,302,1170,429,195,9,1803,0,0,0,1803
03/18/2006,LAS,NV,AWP,WE,Towers with Radar,1012,117,99,0,1228,0,224,17,1,242,1012,341,116,1,1470,0,0,0,1470
03/19/2006,LAS,NV,AWP,WE,Towers with Radar,1077,147,202,4,1430,0,182,10,3,195,1077,329,212,7,1625,0,0,0,1625
03/20/2006,LAS,NV,AWP,WE,Towers with Radar,1144,113,138,7,1402,1,346,30,1,378,1145,459,168,8,1780,0,0,0,1780
03/21/2006,LAS,NV,AWP,WE,Towers with Radar,1107,147,147,4,1405,0,124,17,3,144,1107,271,164,7,1549,0,0,0,1549
03/22/2006,LAS,NV,AWP,WE,Towers with Radar,1122,126,157,6,1411,0,352,40,6,398,1122,478,197,12,1809,0,0,0,1809
03/23/2006,LAS,NV,AWP,WE,Towers with Radar,1161,159,213,1,1534,0,344,38,5,387,1161,503,251,6,1921,0,0,0,1921
03/24/2006,LAS,NV,AWP,WE,Towers with Radar,1139,195,194,8,1536,0,336,45,3,384,1139,531,239,11,1920,0,0,0,1920
03/25/2006,LAS,NV,AWP,WE,Towers with Radar,1025,109,124,5,1263,0,321,32,3,356,1025,430,156,8,1619,0,0,0,1619
03/26/2006,LAS,NV,AWP,WE,Towers with Radar,1081,142,197,9,1429,1,301,32,7,341,1082,443,229,16,1770,0,0,0,1770
03/27/2006,LAS,NV,AWP,WE,Towers with Radar,1171,113,121,8,1413,0,329,20,2,351,1171,442,141,10,1764,0,0,0,1764
03/28/2006,LAS,NV,AWP,WE,Towers with Radar,1032,111,123,4,1270,0,253,12,4,269,1032,364,135,8,1539,0,0,0,1539
03/29/2006,LAS,NV,AWP,WE,Towers with Radar,1120,141,159,3,1423,0,278,16,1,295,1120,419,175,4,1718,0,0,0,1718
03/30/2006,LAS,NV,AWP,WE,Towers with Radar,1154,140,199,2,1495,0,334,46,4,384,1154,474,245,6,1879,0,0,0,1879
03/31/2006,LAS,NV,AWP,WE,Towers with Radar,1155,160,201,6,1522,1,335,41,11,388,1156,495,242,17,1910,0,0,0,1910
04/01/2006,LAS,NV,AWP,WE,Towers with Radar,1026,105,115,6,1252,0,275,21,2,298,1026,380,136,8,1550,0,0,0,1550
04/02/2006,LAS,NV,AWP,WE,Towers with Radar,1077,134,179,8,1398,0,268,72,2,342,1077,402,251,10,1740,0,0,0,1740
04/03/2006,LAS,NV,AWP,WE,Towers with Radar,1146,120,138,5,1409,0,265,14,0,279,1146,385,152,5,1688,0,0,0,1688
04/04/2006,LAS,NV,AWP,WE,Towers with Radar,1076,122,168,1,1367,0,196,10,2,208,1076,318,178,3,1575,0,0,0,1575
04/05/2006,LAS,NV,AWP,WE,Towers with Radar,1092,167,193,2,1454,0,212,6,7,225,1092,379,199,9,1679,0,0,0,1679
04/06/2006,LAS,NV,AWP,WE,Towers with Radar,1158,170,213,2,1543,0,361,24,18,403,1158,531,237,20,1946,0,0,0,1946
04/07/2006,LAS,NV,AWP,WE,Towers with Radar,1165,168,255,12,1600,1,369,43,0,413,1166,537,298,12,2013,0,0,0,2013
04/08/2006,LAS,NV,AWP,WE,Towers with Radar,1048,123,129,1,1301,0,348,30,0,378,1048,471,159,1,1679,0,0,0,1679
04/09/2006,LAS,NV,AWP,WE,Towers with Radar,1096,169,225,7,1497,0,311,33,0,344,1096,480,258,7,1841,0,0,0,1841
04/10/2006,LAS,NV,AWP,WE,Towers with Radar,1154,117,123,2,1396,0,346,21,1,368,1154,463,144,3,1764,0,0,0,1764
04/11/2006,LAS,NV,AWP,WE,Towers with Radar,1025,112,101,6,1244,0,350,24,5,379,1025,462,125,11,1623,0,0,0,1623
04/12/2006,LAS,NV,AWP,WE,Towers with Radar,1144,127,133,1,1405,0,410,25,2,437,1144,537,158,3,1842,0,0,0,1842
04/13/2006,LAS,NV,AWP,WE,Towers with Radar,1174,135,129,2,1440,0,359,34,1,394,1174,494,163,3,1834,0,0,0,1834
04/14/2006,LAS,NV,AWP,WE,Towers with Radar,1160,124,114,8,1406,0,275,5,2,282,1160,399,119,10,1688,0,0,0,1688
04/15/2006,LAS,NV,AWP,WE,Towers with Radar,1031,98,88,3,1220,0,394,25,3,422,1031,492,113,6,1642,0,0,0,1642
04/16/2006,LAS,NV,AWP,WE,Towers with Radar,1088,102,127,4,1321,0,347,15,1,363,1088,449,142,5,1684,0,0,0,1684
04/17/2006,LAS,NV,AWP,WE,Towers with Radar,1152,115,136,3,1406,0,311,15,1,327,1152,426,151,4,1733,0,0,0,1733
04/18/2006,LAS,NV,AWP,WE,Towers with Radar,1087,116,134,1,1338,2,352,26,7,387,1089,468,160,8,1725,0,0,0,1725
04/19/2006,LAS,NV,AWP,WE,Towers with Radar,1093,125,146,6,1370,0,369,35,2,406,1093,494,181,8,1776,0,0,0,1776
04/20/2006,LAS,NV,AWP,WE,Towers with Radar,1164,156,164,10,1494,0,326,23,3,352,1164,482,187,13,1846,0,0,0,1846
04/21/2006,LAS,NV,AWP,WE,Towers with Radar,1150,187,194,6,1537,0,321,34,4,359,1150,508,228,10,1896,0,0,0,1896
04/22/2006,LAS,NV,AWP,WE,Towers with Radar,1024,123,151,5,1303,0,266,23,4,293,1024,389,174,9,1596,0,0,0,1596
04/23/2006,LAS,NV,AWP,WE,Towers with Radar,1078,148,250,4,1480,0,303,22,0,325,1078,451,272,4,1805,0,0,0,1805
04/24/2006,LAS,NV,AWP,WE,Towers with Radar,1164,115,129,7,1415,1,215,38,1,255,1165,330,167,8,1670,0,0,0,1670
04/25/2006,LAS,NV,AWP,WE,Towers with Radar,1082,136,145,2,1365,0,341,37,1,379,1082,477,182,3,1744,0,0,0,1744
04/26/2006,LAS,NV,AWP,WE,Towers with Radar,1086,151,155,6,1398,0,395,35,7,437,1086,546,190,13,1835,0,0,0,1835
04/27/2006,LAS,NV,AWP,WE,Towers with Radar,1160,148,175,0,1483,1,320,33,3,357,1161,468,208,3,1840,0,0,0,1840
04/28/2006,LAS,NV,AWP,WE,Towers with Radar,1168,170,193,1,1532,0,354,36,0,390,1168,524,229,1,1922,0,0,0,1922
04/29/2006,LAS,NV,AWP,WE,Towers with Radar,1011,119,124,3,1257,0,347,28,0,375,1011,466,152,3,1632,0,0,0,1632
04/30/2006,LAS,NV,AWP,WE,Towers with Radar,1070,151,215,2,1438,0,318,35,2,355,1070,469,250,4,1793,0,0,0,1793
05/01/2006,LAS,NV,AWP,WE,Towers with Radar,1164,123,136,0,1423,0,338,26,0,364,1164,461,162,0,1787,0,0,0,1787
05/02/2006,LAS,NV,AWP,WE,Towers with Radar,1074,139,141,2,1356,0,348,24,3,375,1074,487,165,5,1731,0,0,0,1731
05/03/2006,LAS,NV,AWP,WE,Towers with Radar,1090,131,155,0,1376,0,318,36,4,358,1090,449,191,4,1734,0,0,0,1734
05/04/2006,LAS,NV,AWP,WE,Towers with Radar,1157,162,163,0,1482,0,315,38,7,360,1157,477,201,7,1842,0,0,0,1842
05/05/2006,LAS,NV,AWP,WE,Towers with Radar,1171,165,143,8,1487,0,334,28,2,364,1171,499,171,10,1851,0,0,0,1851
05/06/2006,LAS,NV,AWP,WE,Towers with Radar,1019,97,130,6,1252,0,317,49,0,366,1019,414,179,6,1618,0,0,0,1618
05/07/2006,LAS,NV,AWP,WE,Towers with Radar,1092,165,235,13,1505,0,286,52,2,340,1092,451,287,15,1845,0,0,0,1845
05/08/2006,LAS,NV,AWP,WE,Towers with Radar,1132,129,140,0,1401,0,309,33,0,342,1132,438,173,0,1743,0,0,0,1743
05/09/2006,LAS,NV,AWP,WE,Towers with Radar,1090,116,130,7,1343,0,344,24,3,371,1090,460,154,10,1714,0,0,0,1714
05/10/2006,LAS,NV,AWP,WE,Towers with Radar,1089,149,145,2,1385,0,335,24,3,362,1089,484,169,5,1747,0,0,0,1747
05/11/2006,LAS,NV,AWP,WE,Towers with Radar,1152,149,174,8,1483,0,304,32,10,346,1152,453,206,18,1829,0,0,0,1829
05/12/2006,LAS,NV,AWP,WE,Towers with Radar,1155,157,192,3,1507,1,292,27,6,326,1156,449,219,9,1833,0,0,0,1833
05/13/2006,LAS,NV,AWP,WE,Towers with Radar,1025,115,99,8,1247,0,304,34,0,338,1025,419,133,8,1585,0,0,0,1585
05/14/2006,LAS,NV,AWP,WE,Towers with Radar,1078,117,109,1,1305,0,263,28,3,294,1078,380,137,4,1599,0,0,0,1599
05/15/2006,LAS,NV,AWP,WE,Towers with Radar,1130,117,124,4,1375,0,303,30,5,338,1130,420,154,9,1713,0,0,0,1713
05/16/2006,LAS,NV,AWP,WE,Towers with Radar,1085,128,143,9,1365,0,309,26,1,336,1085,437,169,10,1701,0,0,0,1701
05/17/2006,LAS,NV,AWP,WE,Towers with Radar,1071,141,148,2,1362,0,334,13,3,350,1071,475,161,5,1712,0,0,0,1712
05/18/2006,LAS,NV,AWP,WE,Towers with Radar,1163,141,195,1,1500,0,283,29,0,312,1163,424,224,1,1812,0,0,0,1812
05/19/2006,LAS,NV,AWP,WE,Towers with Radar,1157,158,175,3,1493,0,330,36,3,369,1157,488,211,6,1862,0,0,0,1862
05/20/2006,LAS,NV,AWP,WE,Towers with Radar,1026,129,149,3,1307,0,319,25,0,344,1026,448,174,3,1651,0,0,0,1651
05/21/2006,LAS,NV,AWP,WE,Towers with Radar,1051,194,287,5,1537,1,251,24,0,276,1052,445,311,5,1813,0,0,0,1813
05/22/2006,LAS,NV,AWP,WE,Towers with Radar,1179,171,196,3,1549,0,222,14,2,238,1179,393,210,5,1787,0,0,0,1787
05/23/2006,LAS,NV,AWP,WE,Towers with Radar,1085,182,292,5,1564,0,278,45,2,325,1085,460,337,7,1889,0,0,0,1889
05/24/2006,LAS,NV,AWP,WE,Towers with Radar,1088,237,324,6,1655,0,294,29,0,323,1088,531,353,6,1978,0,0,0,1978
05/25/2006,LAS,NV,AWP,WE,Towers with Radar,1157,159,144,8,1468,0,352,30,2,384,1157,511,174,10,1852,0,0,0,1852
05/26/2006,LAS,NV,AWP,WE,Towers with Radar,1135,158,175,1,1469,0,307,22,1,330,1135,465,197,2,1799,0,0,0,1799
05/27/2006,LAS,NV,AWP,WE,Towers with Radar,1022,127,110,0,1259,0,191,20,1,212,1022,318,130,1,1471,0,0,0,1471
05/28/2006,LAS,NV,AWP,WE,Towers with Radar,1007,111,107,0,1225,0,314,35,1,350,1007,425,142,1,1575,0,0,0,1575
05/29/2006,LAS,NV,AWP,WE,Towers with Radar,1046,120,182,3,1351,0,294,38,0,332,1046,414,220,3,1683,0,0,0,1683
05/30/2006,LAS,NV,AWP,WE,Towers with Radar,1080,108,125,0,1313,0,350,25,4,379,1080,458,150,4,1692,0,0,0,1692
05/31/2006,LAS,NV,AWP,WE,Towers with Radar,1098,112,133,0,1343,0,352,18,0,370,1098,464,151,0,1713,0,0,0,1713
06/01/2006,LAS,NV,AWP,WE,Towers with Radar,1160,153,154,5,1472,0,300,27,3,330,1160,453,181,8,1802,0,0,0,1802
06/02/2006,LAS,NV,AWP,WE,Towers with Radar,1158,173,137,7,1475,0,269,29,7,305,1158,442,166,14,1780,0,0,0,1780
06/03/2006,LAS,NV,AWP,WE,Towers with Radar,1024,120,97,1,1242,0,241,21,0,262,1024,361,118,1,1504,0,0,0,1504
06/04/2006,LAS,NV,AWP,WE,Towers with Radar,1088,154,168,9,1419,0,240,22,1,263,1088,394,190,10,1682,0,0,0,1682
06/05/2006,LAS,NV,AWP,WE,Towers with Radar,1149,113,121,12,1395,1,251,18,1,271,1150,364,139,13,1666,0,0,0,1666
06/06/2006,LAS,NV,AWP,WE,Towers with Radar,1089,127,105,3,1324,1,308,24,2,335,1090,435,129,5,1659,0,0,0,1659
06/07/2006,LAS,NV,AWP,WE,Towers with Radar,1085,132,117,4,1338,0,228,11,4,243,1085,360,128,8,1581,0,0,0,1581
06/08/2006,LAS,NV,AWP,WE,Towers with Radar,1167,128,121,4,1420,0,295,32,1,328,1167,423,153,5,1748,0,0,0,1748
06/09/2006,LAS,NV,AWP,WE,Towers with Radar,1154,145,144,6,1449,0,295,33,5,333,1154,440,177,11,1782,0,0,0,1782
06/10/2006,LAS,NV,AWP,WE,Towers with Radar,1037,105,95,5,1242,0,266,23,2,291,1037,371,118,7,1533,0,0,0,1533
06/11/2006,LAS,NV,AWP,WE,Towers with Radar,1081,138,117,6,1342,0,246,29,2,277,1081,384,146,8,1619,0,0,0,1619
06/12/2006,LAS,NV,AWP,WE,Towers with Radar,1149,93,122,1,1365,0,301,20,0,321,1149,394,142,1,1686,0,0,0,1686
06/13/2006,LAS,NV,AWP,WE,Towers with Radar,1105,120,94,2,1321,0,313,19,9,341,1105,433,113,11,1662,0,0,0,1662
06/14/2006,LAS,NV,AWP,WE,Towers with Radar,1099,141,127,3,1370,0,331,20,4,355,1099,472,147,7,1725,0,0,0,1725
06/15/2006,LAS,NV,AWP,WE,Towers with Radar,1150,163,136,15,1464,2,279,13,2,296,1152,442,149,17,1760,0,0,0,1760
06/16/2006,LAS,NV,AWP,WE,Towers with Radar,1147,172,165,10,1494,0,286,22,8,316,1147,458,187,18,1810,0,0,0,1810
06/17/2006,LAS,NV,AWP,WE,Towers with Radar,1045,135,85,4,1269,1,274,24,0,299,1046,409,109,4,1568,0,0,0,1568
06/18/2006,LAS,NV,AWP,WE,Towers with Radar,1095,196,135,2,1428,0,259,30,1,290,1095,455,165,3,1718,0,0,0,1718
06/19/2006,LAS,NV,AWP,WE,Towers with Radar,1135,137,110,0,1382,0,279,22,4,305,1135,416,132,4,1687,0,0,0,1687
06/20/2006,LAS,NV,AWP,WE,Towers with Radar,1116,122,123,0,1361,0,269,17,3,289,1116,391,140,3,1650,0,0,0,1650
06/21/2006,LAS,NV,AWP,WE,Towers with Radar,1085,130,119,0,1334,1,278,26,2,307,1086,408,145,2,1641,0,0,0,1641
06/22/2006,LAS,NV,AWP,WE,Towers with Radar,1152,139,153,4,1448,0,280,30,1,311,1152,419,183,5,1759,0,0,0,1759
06/23/2006,LAS,NV,AWP,WE,Towers with Radar,1156,134,172,5,1467,0,280,31,1,312,1156,414,203,6,1779,0,0,0,1779
06/24/2006,LAS,NV,AWP,WE,Towers with Radar,1038,114,95,8,1255,0,295,23,2,320,1038,409,118,10,1575,0,0,0,1575
06/25/2006,LAS,NV,AWP,WE,Towers with Radar,1068,135,156,1,1360,1,232,28,0,261,1069,367,184,1,1621,0,0,0,1621
06/26/2006,LAS,NV,AWP,WE,Towers with Radar,1154,122,127,2,1405,1,291,12,1,305,1155,413,139,3,1710,0,0,0,1710
06/27/2006,LAS,NV,AWP,WE,Towers with Radar,1073,121,115,0,1309,2,237,22,0,261,1075,358,137,0,1570,0,0,0,1570
06/28/2006,LAS,NV,AWP,WE,Towers with Radar,1128,142,123,4,1397,0,308,38,7,353,1128,450,161,11,1750,0,0,0,1750
06/29/2006,LAS,NV,AWP,WE,Towers with Radar,1173,125,134,13,1445,0,286,29,4,319,1173,411,163,17,1764,0,0,0,1764
06/30/2006,LAS,NV,AWP,WE,Towers with Radar,1141,142,189,18,1490,0,296,40,6,342,1141,438,229,24,1832,0,0,0,1832
07/01/2006,LAS,NV,AWP,WE,Towers with Radar,1051,150,120,2,1323,0,281,16,6,303,1051,431,136,8,1626,0,0,0,1626
07/02/2006,LAS,NV,AWP,WE,Towers with Radar,1086,102,80,3,1271,0,290,20,3,313,1086,392,100,6,1584,0,0,0,1584
07/03/2006,LAS,NV,AWP,WE,Towers with Radar,1051,102,67,1,1221,1,345,17,2,365,1052,447,84,3,1586,0,0,0,1586
07/04/2006,LAS,NV,AWP,WE,Towers with Radar,979,92,61,0,1132,0,283,14,1,298,979,375,75,1,1430,0,0,0,1430
07/05/2006,LAS,NV,AWP,WE,Towers with Radar,1099,98,115,3,1315,0,319,15,4,338,1099,417,130,7,1653,0,0,0,1653
07/06/2006,LAS,NV,AWP,WE,Towers with Radar,1163,107,106,4,1380,0,242,13,4,259,1163,349,119,8,1639,0,0,0,1639
07/07/2006,LAS,NV,AWP,WE,Towers with Radar,1174,141,118,0,1433,0,300,17,0,317,1174,441,135,0,1750,0,0,0,1750
07/08/2006,LAS,NV,AWP,WE,Towers with Radar,1033,107,109,9,1258,0,231,17,4,252,1033,338,126,13,1510,0,0,0,1510
07/09/2006,LAS,NV,AWP,WE,Towers with Radar,1037,121,131,7,1296,0,178,28,1,207,1037,299,159,8,1503,0,0,0,1503
07/10/2006,LAS,NV,AWP,WE,Towers with Radar,1148,115,111,10,1384,0,268,28,0,296,1148,383,139,10,1680,0,0,0,1680
07/11/2006,LAS,NV,AWP,WE,Towers with Radar,1077,107,126,4,1314,0,290,17,0,307,1077,397,143,4,1621,0,0,0,1621
07/12/2006,LAS,NV,AWP,WE,Towers with Radar,1106,118,102,0,1326,0,329,44,4,377,1106,447,146,4,1703,0,0,0,1703
07/13/2006,LAS,NV,AWP,WE,Towers with Radar,1170,128,136,5,1439,0,319,36,1,356,1170,447,172,6,1795,0,0,0,1795
07/14/2006,LAS,NV,AWP,WE,Towers with Radar,1144,138,127,4,1413,0,272,35,0,307,1144,410,162,4,1720,0,0,0,1720
07/15/2006,LAS,NV,AWP,WE,Towers with Radar,1037,106,94,7,1244,1,246,17,0,264,1038,352,111,7,1508,0,0,0,1508
07/16/2006,LAS,NV,AWP,WE,Towers with Radar,1098,144,160,4,1406,0,231,29,2,262,1098,375,189,6,1668,0,0,0,1668
07/17/2006,LAS,NV,AWP,WE,Towers with Radar,1102,116,104,0,1322,0,242,13,0,255,1102,358,117,0,1577,0,0,0,1577
07/18/2006,LAS,NV,AWP,WE,Towers with Radar,992,123,103,1,1219,2,313,21,0,336,994,436,124,1,1555,0,0,0,1555
07/19/2006,LAS,NV,AWP,WE,Towers with Radar,1186,122,133,2,1443,0,285,15,0,300,1186,407,148,2,1743,0,0,0,1743
07/20/2006,LAS,NV,AWP,WE,Towers with Radar,1141,138,150,9,1438,0,324,23,1,348,1141,462,173,10,1786,0,0,0,1786
07/21/2006,LAS,NV,AWP,WE,Towers with Radar,1166,137,163,10,1476,0,304,35,2,341,1166,441,198,12,1817,0,0,0,1817
07/22/2006,LAS,NV,AWP,WE,Towers with Radar,1037,96,117,4,1254,1,289,9,1,300,1038,385,126,5,1554,0,0,0,1554
07/23/2006,LAS,NV,AWP,WE,Towers with Radar,1090,129,142,7,1368,1,275,22,4,302,1091,404,164,11,1670,0,0,0,1670
07/24/2006,LAS,NV,AWP,WE,Towers with Radar,1151,134,104,6,1395,0,259,21,1,281,1151,393,125,7,1676,0,0,0,1676
07/25/2006,LAS,NV,AWP,WE,Towers with Radar,1087,132,134,2,1355,0,315,21,5,341,1087,447,155,7,1696,0,0,0,1696
07/26/2006,LAS,NV,AWP,WE,Towers with Radar,1151,131,120,4,1406,0,314,26,5,345,1151,445,146,9,1751,0,0,0,1751
07/27/2006,LAS,NV,AWP,WE,Towers with Radar,1132,139,163,6,1440,0,304,24,2,330,1132,443,187,8,1770,0,0,0,1770
07/28/2006,LAS,NV,AWP,WE,Towers with Radar,1158,136,152,1,1447,1,305,31,4,341,1159,441,183,5,1788,0,0,0,1788
07/29/2006,LAS,NV,AWP,WE,Towers with Radar,1075,109,117,4,1305,1,310,20,0,331,1076,419,137,4,1636,0,0,0,1636
07/30/2006,LAS,NV,AWP,WE,Towers with Radar,1084,127,141,0,1352,0,268,30,1,299,1084,395,171,1,1651,0,0,0,1651
07/31/2006,LAS,NV,AWP,WE,Towers with Radar,1141,126,130,3,1400,0,275,25,6,306,1141,401,155,9,1706,0,0,0,1706
08/01/2006,LAS,NV,AWP,WE,Towers with Radar,1112,132,112,0,1356,0,285,21,4,310,1112,417,133,4,1666,0,0,0,1666
08/02/2006,LAS,NV,AWP,WE,Towers with Radar,1104,124,112,0,1340,0,295,23,0,318,1104,419,135,0,1658,0,0,0,1658
08/03/2006,LAS,NV,AWP,WE,Towers with Radar,1148,171,162,6,1487,0,317,39,6,362,1148,488,201,12,1849,0,0,0,1849
08/04/2006,LAS,NV,AWP,WE,Towers with Radar,1163,166,145,5,1479,0,309,30,5,344,1163,475,175,10,1823,0,0,0,1823
08/05/2006,LAS,NV,AWP,WE,Towers with Radar,1048,99,72,6,1225,2,282,33,7,324,1050,381,105,13,1549,0,0,0,1549
08/06/2006,LAS,NV,AWP,WE,Towers with Radar,1098,113,127,4,1342,0,316,47,0,363,1098,429,174,4,1705,0,0,0,1705
08/07/2006,LAS,NV,AWP,WE,Towers with Radar,1124,121,122,16,1383,0,340,31,1,372,1124,461,153,17,1755,0,0,0,1755
08/08/2006,LAS,NV,AWP,WE,Towers with Radar,1116,114,114,0,1344,0,373,18,6,397,1116,487,132,6,1741,0,0,0,1741
08/09/2006,LAS,NV,AWP,WE,Towers with Radar,1110,130,135,12,1387,2,297,20,1,320,1112,427,155,13,1707,0,0,0,1707
08/10/2006,LAS,NV,AWP,WE,Towers with Radar,1120,156,159,6,1441,0,365,20,0,385,1120,521,179,6,1826,0,0,0,1826
08/11/2006,LAS,NV,AWP,WE,Towers with Radar,1193,156,161,7,1517,0,358,28,5,391,1193,514,189,12,1908,0,0,0,1908
08/12/2006,LAS,NV,AWP,WE,Towers with Radar,1059,120,93,7,1279,0,332,23,1,356,1059,452,116,8,1635,0,0,0,1635
08/13/2006,LAS,NV,AWP,WE,Towers with Radar,1083,138,137,8,1366,0,301,37,2,340,1083,439,174,10,1706,0,0,0,1706
08/14/2006,LAS,NV,AWP,WE,Towers with Radar,1138,118,154,3,1413,0,335,25,1,361,1138,453,179,4,1774,0,0,0,1774
08/15/2006,LAS,NV,AWP,WE,Towers with Radar,1107,130,97,2,1336,0,334,27,3,364,1107,464,124,5,1700,0,0,0,1700
08/16/2006,LAS,NV,AWP,WE,Towers with Radar,1116,130,134,9,1389,0,328,33,1,362,1116,458,167,10,1751,0,0,0,1751
08/17/2006,LAS,NV,AWP,WE,Towers with Radar,1155,138,154,17,1464,0,330,31,2,363,1155,468,185,19,1827,0,0,0,1827
08/18/2006,LAS,NV,AWP,WE,Towers with Radar,1159,165,143,8,1475,0,351,33,1,385,1159,516,176,9,1860,0,0,0,1860
08/19/2006,LAS,NV,AWP,WE,Towers with Radar,1059,111,113,6,1289,0,293,21,1,315,1059,404,134,7,1604,0,0,0,1604
08/20/2006,LAS,NV,AWP,WE,Towers with Radar,1101,116,127,4,1348,0,266,41,2,309,1101,382,168,6,1657,0,0,0,1657
08/21/2006,LAS,NV,AWP,WE,Towers with Radar,1135,116,115,2,1368,1,307,20,1,329,1136,423,135,3,1697,0,0,0,1697
08/22/2006,LAS,NV,AWP,WE,Towers with Radar,1118,133,125,4,1380,0,329,22,0,351,1118,462,147,4,1731,0,0,0,1731
08/23/2006,LAS,NV,AWP,WE,Towers with Radar,1101,116,146,0,1363,1,320,17,2,340,1102,436,163,2,1703,0,0,0,1703
08/24/2006,LAS,NV,AWP,WE,Towers with Radar,1141,125,122,4,1392,0,307,20,2,329,1141,432,142,6,1721,0,0,0,1721
08/25/2006,LAS,NV,AWP,WE,Towers with Radar,1196,147,155,7,1505,0,330,35,1,366,1196,477,190,8,1871,0,0,0,1871
08/26/2006,LAS,NV,AWP,WE,Towers with Radar,1055,99,93,1,1248,0,290,28,1,319,1055,389,121,2,1567,0,0,0,1567
08/27/2006,LAS,NV,AWP,WE,Towers with Radar,1109,139,177,5,1430,0,271,35,1,307,1109,410,212,6,1737,0,0,0,1737
08/28/2006,LAS,NV,AWP,WE,Towers with Radar,1148,138,128,13,1427,0,262,27,1,290,1148,400,155,14,1717,0,0,0,1717
08/29/2006,LAS,NV,AWP,WE,Towers with Radar,1096,124,110,2,1332,0,272,29,1,302,1096,396,139,3,1634,0,0,0,1634
08/30/2006,LAS,NV,AWP,WE,Towers with Radar,1106,151,128,2,1387,0,275,25,7,307,1106,426,153,9,1694,0,0,0,1694
08/31/2006,LAS,NV,AWP,WE,Towers with Radar,1163,139,168,3,1473,0,266,23,2,291,1163,405,191,5,1764,0,0,0,1764
09/01/2006,LAS,NV,AWP,WE,Towers with Radar,1128,133,187,3,1451,0,285,18,1,304,1128,418,205,4,1755,0,0,0,1755
09/02/2006,LAS,NV,AWP,WE,Towers with Radar,1050,95,104,4,1253,0,294,27,1,322,1050,389,131,5,1575,0,0,0,1575
09/03/2006,LAS,NV,AWP,WE,Towers with Radar,1035,120,128,1,1284,0,321,28,0,349,1035,441,156,1,1633,0,0,0,1633
09/04/2006,LAS,NV,AWP,WE,Towers with Radar,1082,147,153,1,1383,0,300,36,1,337,1082,447,189,2,1720,0,0,0,1720
09/05/2006,LAS,NV,AWP,WE,Towers with Radar,1103,119,105,3,1330,0,346,22,1,369,1103,465,127,4,1699,0,0,0,1699
09/06/2006,LAS,NV,AWP,WE,Towers with Radar,1069,109,84,1,1263,0,323,13,1,337,1069,432,97,2,1600,0,0,0,1600
09/07/2006,LAS,NV,AWP,WE,Towers with Radar,1171,107,129,9,1416,0,337,16,0,353,1171,444,145,9,1769,0,0,0,1769
09/08/2006,LAS,NV,AWP,WE,Towers with Radar,1206,156,159,7,1528,1,371,26,1,399,1207,527,185,8,1927,0,0,0,1927
09/09/2006,LAS,NV,AWP,WE,Towers with Radar,1049,98,87,4,1238,0,343,26,1,370,1049,441,113,5,1608,0,0,0,1608
09/10/2006,LAS,NV,AWP,WE,Towers with Radar,1095,124,144,7,1370,0,321,26,0,347,1095,445,170,7,1717,0,0,0,1717
09/11/2006,LAS,NV,AWP,WE,Towers with Radar,1169,122,101,0,1392,0,324,14,0,338,1169,446,115,0,1730,0,0,0,1730
09/12/2006,LAS,NV,AWP,WE,Towers with Radar,1089,92,130,0,1311,0,345,29,0,374,1089,437,159,0,1685,0,0,0,1685
09/13/2006,LAS,NV,AWP,WE,Towers with Radar,1080,113,146,0,1339,0,396,22,8,426,1080,509,168,8,1765,0,0,0,1765
09/14/2006,LAS,NV,AWP,WE,Towers with Radar,1151,118,161,6,1436,0,359,19,1,379,1151,477,180,7,1815,0,0,0,1815
09/15/2006,LAS,NV,AWP,WE,Towers with Radar,1187,128,182,5,1502,0,239,21,2,262,1187,367,203,7,1764,0,0,0,1764
09/16/2006,LAS,NV,AWP,WE,Towers with Radar,1066,91,99,0,1256,0,357,20,2,379,1066,448,119,2,1635,0,0,0,1635
09/17/2006,LAS,NV,AWP,WE,Towers with Radar,1094,148,182,2,1426,1,368,23,1,393,1095,516,205,3,1819,0,0,0,1819
09/18/2006,LAS,NV,AWP,WE,Towers with Radar,1190,118,145,0,1453,0,374,30,5,409,1190,492,175,5,1862,0,0,0,1862
09/19/2006,LAS,NV,AWP,WE,Towers with Radar,1087,86,137,2,1312,1,386,20,1,408,1088,472,157,3,1720,0,0,0,1720
09/20/2006,LAS,NV,AWP,WE,Towers with Radar,1078,97,145,3,1323,0,353,24,1,378,1078,450,169,4,1701,0,0,0,1701
09/21/2006,LAS,NV,AWP,WE,Towers with Radar,1162,108,142,0,1412,1,361,39,0,401,1163,469,181,0,1813,0,0,0,1813
09/22/2006,LAS,NV,AWP,WE,Towers with Radar,1165,136,187,2,1490,0,355,13,0,368,1165,491,200,2,1858,0,0,0,1858
09/23/2006,LAS,NV,AWP,WE,Towers with Radar,1078,89,69,7,1243,0,333,29,0,362,1078,422,98,7,1605,0,0,0,1605
09/24/2006,LAS,NV,AWP,WE,Towers with Radar,1099,114,178,8,1399,0,316,33,1,350,1099,430,211,9,1749,0,0,0,1749
09/25/2006,LAS,NV,AWP,WE,Towers with Radar,1174,121,103,4,1402,1,329,17,5,352,1175,450,120,9,1754,0,0,0,1754
09/26/2006,LAS,NV,AWP,WE,Towers with Radar,1101,107,143,1,1352,0,352,37,6,395,1101,459,180,7,1747,0,0,0,1747
09/27/2006,LAS,NV,AWP,WE,Towers with Radar,1079,126,166,5,1376,0,317,26,2,345,1079,443,192,7,1721,0,0,0,1721
09/28/2006,LAS,NV,AWP,WE,Towers with Radar,1151,149,203,3,1506,0,346,23,4,373,1151,495,226,7,1879,0,0,0,1879
09/29/2006,LAS,NV,AWP,WE,Towers with Radar,1204,153,200,10,1567,0,314,39,2,355,1204,467,239,12,1922,0,0,0,1922
09/30/2006,LAS,NV,AWP,WE,Towers with Radar,1058,103,104,2,1267,0,334,44,1,379,1058,437,148,3,1646,0,0,0,1646
10/01/2006,LAS,NV,AWP,WE,Towers with Radar,1084,135,150,2,1371,0,299,31,2,332,1084,434,181,4,1703,0,0,0,1703
10/02/2006,LAS,NV,AWP,WE,Towers with Radar,1176,109,96,5,1386,0,328,12,0,340,1176,437,108,5,1726,0,0,0,1726
10/03/2006,LAS,NV,AWP,WE,Towers with Radar,1088,104,86,2,1280,0,351,29,2,382,1088,455,115,4,1662,0,0,0,1662
10/04/2006,LAS,NV,AWP,WE,Towers with Radar,1083,122,140,1,1346,0,310,19,3,332,1083,432,159,4,1678,0,0,0,1678
10/05/2006,LAS,NV,AWP,WE,Towers with Radar,1122,125,144,4,1395,0,349,27,0,376,1122,474,171,4,1771,0,0,0,1771
10/06/2006,LAS,NV,AWP,WE,Towers with Radar,1217,165,167,12,1561,0,322,19,3,344,1217,487,186,15,1905,0,0,0,1905
10/07/2006,LAS,NV,AWP,WE,Towers with Radar,1100,115,121,4,1340,0,364,19,0,383,1100,479,140,4,1723,0,0,0,1723
10/08/2006,LAS,NV,AWP,WE,Towers with Radar,1108,166,239,3,1516,0,341,29,0,370,1108,507,268,3,1886,0,0,0,1886
10/09/2006,LAS,NV,AWP,WE,Towers with Radar,1141,130,169,9,1449,0,340,28,0,368,1141,470,197,9,1817,0,0,0,1817
10/10/2006,LAS,NV,AWP,WE,Towers with Radar,1089,125,176,0,1390,0,313,18,0,331,1089,438,194,0,1721,0,0,0,1721
10/11/2006,LAS,NV,AWP,WE,Towers with Radar,1093,114,200,5,1412,0,362,32,3,397,1093,476,232,8,1809,0,0,0,1809
10/12/2006,LAS,NV,AWP,WE,Towers with Radar,1146,133,180,4,1463,1,368,38,0,407,1147,501,218,4,1870,0,0,0,1870
10/13/2006,LAS,NV,AWP,WE,Towers with Radar,1108,126,189,3,1426,0,268,20,3,291,1108,394,209,6,1717,0,0,0,1717
10/14/2006,LAS,NV,AWP,WE,Towers with Radar,1132,103,121,2,1358,0,190,3,3,196,1132,293,124,5,1554,0,0,0,1554
10/15/2006,LAS,NV,AWP,WE,Towers with Radar,1104,161,233,3,1501,0,325,41,1,367,1104,486,274,4,1868,0,0,0,1868
10/16/2006,LAS,NV,AWP,WE,Towers with Radar,1182,129,117,0,1428,0,301,21,3,325,1182,430,138,3,1753,0,0,0,1753
10/17/2006,LAS,NV,AWP,WE,Towers with Radar,1097,109,156,0,1362,1,291,14,2,308,1098,400,170,2,1670,0,0,0,1670
10/18/2006,LAS,NV,AWP,WE,Towers with Radar,1104,121,125,4,1354,1,319,31,2,353,1105,440,156,6,1707,0,0,0,1707
10/19/2006,LAS,NV,AWP,WE,Towers with Radar,1166,116,179,7,1468,0,317,31,3,351,1166,433,210,10,1819,0,0,0,1819
10/20/2006,LAS,NV,AWP,WE,Towers with Radar,1200,164,197,5,1566,0,328,28,0,356,1200,492,225,5,1922,0,0,0,1922
10/21/2006,LAS,NV,AWP,WE,Towers with Radar,1082,102,117,4,1305,0,307,28,0,335,1082,409,145,4,1640,0,0,0,1640
10/22/2006,LAS,NV,AWP,WE,Towers with Radar,1083,137,226,6,1452,0,289,31,0,320,1083,426,257,6,1772,0,0,0,1772
10/23/2006,LAS,NV,AWP,WE,Towers with Radar,1202,121,143,0,1466,0,309,33,0,342,1202,430,176,0,1808,0,0,0,1808
10/24/2006,LAS,NV,AWP,WE,Towers with Radar,1102,126,143,2,1373,0,325,37,6,368,1102,451,180,8,1741,0,0,0,1741
10/25/2006,LAS,NV,AWP,WE,Towers with Radar,1098,129,196,6,1429,1,333,14,3,351,1099,462,210,9,1780,0,0,0,1780
10/26/2006,LAS,NV,AWP,WE,Towers with Radar,1152,128,185,2,1467,0,343,31,1,375,1152,471,216,3,1842,0,0,0,1842
10/27/2006,LAS,NV,AWP,WE,Towers with Radar,1208,151,235,2,1596,0,346,27,1,374,1208,497,262,3,1970,0,0,0,1970
10/28/2006,LAS,NV,AWP,WE,Towers with Radar,1066,92,119,4,1281,0,312,16,2,330,1066,404,135,6,1611,0,0,0,1611
10/29/2006,LAS,NV,AWP,WE,Towers with Radar,1072,132,249,1,1454,0,276,33,0,309,1072,408,282,1,1763,0,0,0,1763
10/30/2006,LAS,NV,AWP,WE,Towers with Radar,1189,129,163,1,1482,1,260,27,0,288,1190,389,190,1,1770,0,0,0,1770
10/31/2006,LAS,NV,AWP,WE,Towers with Radar,1093,115,158,0,1366,0,214,24,3,241,1093,329,182,3,1607,0,0,0,1607
11/01/2006,LAS,NV,AWP,WE,Towers with Radar,1097,140,212,3,1452,0,229,33,6,268,1097,369,245,9,1720,0,0,0,1720
11/02/2006,LAS,NV,AWP,WE,Towers with Radar,1161,127,239,0,1527,0,250,51,5,306,1161,377,290,5,1833,0,0,0,1833
11/03/2006,LAS,NV,AWP,WE,Towers with Radar,1195,183,266,10,1654,3,298,33,3,337,1198,481,299,13,1991,0,0,0,1991
11/04/2006,LAS,NV,AWP,WE,Towers with Radar,1030,105,129,10,1274,0,314,32,3,349,1030,419,161,13,1623,0,0,0,1623
11/05/2006,LAS,NV,AWP,WE,Towers with Radar,1082,148,274,6,1510,1,277,50,1,329,1083,425,324,7,1839,0,0,0,1839
11/06/2006,LAS,NV,AWP,WE,Towers with Radar,1193,119,151,6,1469,0,294,25,0,319,1193,413,176,6,1788,0,0,0,1788
11/07/2006,LAS,NV,AWP,WE,Towers with Radar,1095,127,173,4,1399,0,320,34,5,359,1095,447,207,9,1758,0,0,0,1758
11/08/2006,LAS,NV,AWP,WE,Towers with Radar,1111,120,173,4,1408,0,306,34,3,343,1111,426,207,7,1751,0,0,0,1751
11/09/2006,LAS,NV,AWP,WE,Towers with Radar,1160,128,224,4,1516,2,334,27,1,364,1162,462,251,5,1880,0,0,0,1880
11/10/2006,LAS,NV,AWP,WE,Towers with Radar,1139,156,202,1,1498,0,286,23,2,311,1139,442,225,3,1809,0,0,0,1809
11/11/2006,LAS,NV,AWP,WE,Towers with Radar,1032,111,126,2,1271,2,346,21,0,369,1034,457,147,2,1640,0,0,0,1640
11/12/2006,LAS,NV,AWP,WE,Towers with Radar,1070,120,210,1,1401,1,306,35,0,342,1071,426,245,1,1743,0,0,0,1743
11/13/2006,LAS,NV,AWP,WE,Towers with Radar,1153,122,199,2,1476,1,301,25,2,329,1154,423,224,4,1805,0,0,0,1805
11/14/2006,LAS,NV,AWP,WE,Towers with Radar,1100,159,210,3,1472,0,310,15,1,326,1100,469,225,4,1798,0,0,0,1798
11/15/2006,LAS,NV,AWP,WE,Towers with Radar,1092,144,217,4,1457,0,284,27,1,312,1092,428,244,5,1769,0,0,0,1769
11/16/2006,LAS,NV,AWP,WE,Towers with Radar,1150,132,236,2,1520,0,273,29,3,305,1150,405,265,5,1825,0,0,0,1825
11/17/2006,LAS,NV,AWP,WE,Towers with Radar,1192,155,294,4,1645,0,297,22,0,319,1192,452,316,4,1964,0,0,0,1964
11/18/2006,LAS,NV,AWP,WE,Towers with Radar,1042,108,134,3,1287,0,287,24,1,312,1042,395,158,4,1599,0,0,0,1599
11/19/2006,LAS,NV,AWP,WE,Towers with Radar,1094,176,230,6,1506,0,280,20,1,301,1094,456,250,7,1807,0,0,0,1807
11/20/2006,LAS,NV,AWP,WE,Towers with Radar,1160,116,111,2,1389,0,280,38,2,320,1160,396,149,4,1709,0,0,0,1709
11/21/2006,LAS,NV,AWP,WE,Towers with Radar,1116,126,99,3,1344,0,317,21,4,342,1116,443,120,7,1686,0,0,0,1686
11/22/2006,LAS,NV,AWP,WE,Towers with Radar,1134,117,132,1,1384,0,328,17,2,347,1134,445,149,3,1731,0,0,0,1731
11/23/2006,LAS,NV,AWP,WE,Towers with Radar,967,86,52,0,1105,0,209,18,0,227,967,295,70,0,1332,0,0,0,1332
11/24/2006,LAS,NV,AWP,WE,Towers with Radar,1002,90,114,1,1207,0,305,15,0,320,1002,395,129,1,1527,0,0,0,1527
11/25/2006,LAS,NV,AWP,WE,Towers with Radar,1006,95,89,4,1194,0,339,34,0,373,1006,434,123,4,1567,0,0,0,1567
11/26/2006,LAS,NV,AWP,WE,Towers with Radar,1077,126,194,0,1397,0,231,21,0,252,1077,357,215,0,1649,0,0,0,1649
11/27/2006,LAS,NV,AWP,WE,Towers with Radar,1171,117,109,0,1397,0,206,19,2,227,1171,323,128,2,1624,0,0,0,1624
11/28/2006,LAS,NV,AWP,WE,Towers with Radar,1147,118,116,0,1381,0,238,10,0,248,1147,356,126,0,1629,0,0,0,1629
11/29/2006,LAS,NV,AWP,WE,Towers with Radar,1092,135,110,0,1337,2,200,23,0,225,1094,335,133,0,1562,0,0,0,1562
11/30/2006,LAS,NV,AWP,WE,Towers with Radar,1140,147,178,7,1472,0,188,31,3,222,1140,335,209,10,1694,0,0,0,1694
12/01/2006,LAS,NV,AWP,WE,Towers with Radar,1132,176,182,7,1497,0,223,24,0,247,1132,399,206,7,1744,0,0,0,1744
12/02/2006,LAS,NV,AWP,WE,Towers with Radar,1065,106,106,5,1282,0,231,11,0,242,1065,337,117,5,1524,0,0,0,1524
12/03/2006,LAS,NV,AWP,WE,Towers with Radar,1066,142,198,18,1424,2,224,28,1,255,1068,366,226,19,1679,0,0,0,1679
12/04/2006,LAS,NV,AWP,WE,Towers with Radar,1173,122,169,6,1470,0,174,35,2,211,1173,296,204,8,1681,0,0,0,1681
12/05/2006,LAS,NV,AWP,WE,Towers with Radar,1098,132,146,3,1379,1,222,34,6,263,1099,354,180,9,1642,0,0,0,1642
12/06/2006,LAS,NV,AWP,WE,Towers with Radar,1072,119,173,5,1369,0,212,40,4,256,1072,331,213,9,1625,0,0,0,1625
12/07/2006,LAS,NV,AWP,WE,Towers with Radar,1161,145,188,4,1498,0,145,33,6,184,1161,290,221,10,1682,0,0,0,1682
12/08/2006,LAS,NV,AWP,WE,Towers with Radar,1183,147,175,1,1506,1,199,27,1,228,1184,346,202,2,1734,0,0,0,1734
12/09/2006,LAS,NV,AWP,WE,Towers with Radar,1021,92,129,7,1249,0,219,23,0,242,1021,311,152,7,1491,0,0,0,1491
12/10/2006,LAS,NV,AWP,WE,Towers with Radar,1078,144,193,5,1420,0,151,25,1,177,1078,295,218,6,1597,0,0,0,1597
12/11/2006,LAS,NV,AWP,WE,Towers with Radar,1173,125,94,2,1394,0,152,23,3,178,1173,277,117,5,1572,0,0,0,1572
12/12/2006,LAS,NV,AWP,WE,Towers with Radar,1077,102,115,3,1297,0,162,28,0,190,1077,264,143,3,1487,0,0,0,1487
12/13/2006,LAS,NV,AWP,WE,Towers with Radar,1091,118,104,4,1317,0,159,12,4,175,1091,277,116,8,1492,0,0,0,1492
12/14/2006,LAS,NV,AWP,WE,Towers with Radar,1118,130,102,1,1351,0,145,25,13,183,1118,275,127,14,1534,0,0,0,1534
12/15/2006,LAS,NV,AWP,WE,Towers with Radar,1138,160,153,5,1456,0,155,27,4,186,1138,315,180,9,1642,0,0,0,1642
12/16/2006,LAS,NV,AWP,WE,Towers with Radar,1033,132,91,5,1261,0,175,18,3,196,1033,307,109,8,1457,0,0,0,1457
12/17/2006,LAS,NV,AWP,WE,Towers with Radar,1069,138,129,2,1338,0,150,8,4,162,1069,288,137,6,1500,0,0,0,1500
12/18/2006,LAS,NV,AWP,WE,Towers with Radar,1136,108,112,3,1359,0,120,20,1,141,1136,228,132,4,1500,0,0,0,1500
12/19/2006,LAS,NV,AWP,WE,Towers with Radar,1074,134,93,1,1302,1,90,17,5,113,1075,224,110,6,1415,0,0,0,1415
12/20/2006,LAS,NV,AWP,WE,Towers with Radar,1060,138,118,2,1318,0,181,33,11,225,1060,319,151,13,1543,0,0,0,1543
12/21/2006,LAS,NV,AWP,WE,Towers with Radar,1073,150,149,10,1382,0,158,20,6,184,1073,308,169,16,1566,0,0,0,1566
12/22/2006,LAS,NV,AWP,WE,Towers with Radar,1127,128,121,6,1382,0,122,13,1,136,1127,250,134,7,1518,0,0,0,1518
12/23/2006,LAS,NV,AWP,WE,Towers with Radar,1070,116,93,1,1280,0,167,7,2,176,1070,283,100,3,1456,0,0,0,1456
12/24/2006,LAS,NV,AWP,WE,Towers with Radar,1008,89,60,0,1157,0,161,16,0,177,1008,250,76,0,1334,0,0,0,1334
12/25/2006,LAS,NV,AWP,WE,Towers with Radar,958,98,30,0,1086,0,115,15,0,130,958,213,45,0,1216,0,0,0,1216
12/26/2006,LAS,NV,AWP,WE,Towers with Radar,1013,126,130,0,1269,0,262,10,2,274,1013,388,140,2,1543,0,0,0,1543
12/27/2006,LAS,NV,AWP,WE,Towers with Radar,1092,143,107,2,1344,0,267,6,3,276,1092,410,113,5,1620,0,0,0,1620
12/28/2006,LAS,NV,AWP,WE,Towers with Radar,1120,127,123,1,1371,1,289,5,0,295,1121,416,128,1,1666,0,0,0,1666
12/29/2006,LAS,NV,AWP,WE,Towers with Radar,1157,153,199,0,1509,1,313,20,0,334,1158,466,219,0,1843,0,0,0,1843
12/30/2006,LAS,NV,AWP,WE,Towers with Radar,1070,155,166,1,1392,2,340,23,14,379,1072,495,189,15,1771,0,0,0,1771
12/31/2006,LAS,NV,AWP,WE,Towers with Radar,999,140,98,0,1237,0,277,34,3,314,999,417,132,3,1551,0,0,0,1551
01/01/2007,LAS,NV,AWP,WE,Towers with Radar,1008,174,223,0,1405,0,250,21,9,280,1008,424,244,9,1685,0,0,0,1685
01/02/2007,LAS,NV,AWP,WE,Towers with Radar,1083,164,201,0,1448,0,305,22,0,327,1083,469,223,0,1775,0,0,0,1775
01/03/2007,LAS,NV,AWP,WE,Towers with Radar,1103,134,105,10,1352,0,287,17,10,314,1103,421,122,20,1666,0,0,0,1666
01/04/2007,LAS,NV,AWP,WE,Towers with Radar,1127,117,125,4,1373,1,275,19,1,296,1128,392,144,5,1669,0,0,0,1669
01/05/2007,LAS,NV,AWP,WE,Towers with Radar,1164,133,137,6,1440,2,212,9,0,223,1166,345,146,6,1663,0,0,0,1663
01/06/2007,LAS,NV,AWP,WE,Towers with Radar,1016,113,127,7,1263,0,216,29,1,246,1016,329,156,8,1509,0,0,0,1509
01/07/2007,LAS,NV,AWP,WE,Towers with Radar,1063,139,184,5,1391,1,161,15,0,177,1064,300,199,5,1568,0,0,0,1568
01/08/2007,LAS,NV,AWP,WE,Towers with Radar,1126,151,197,1,1475,0,76,17,3,96,1126,227,214,4,1571,0,0,0,1571
01/09/2007,LAS,NV,AWP,WE,Towers with Radar,1055,170,204,6,1435,0,147,22,0,169,1055,317,226,6,1604,0,0,0,1604
01/10/2007,LAS,NV,AWP,WE,Towers with Radar,1043,175,221,8,1447,0,155,38,4,197,1043,330,259,12,1644,0,0,0,1644
01/11/2007,LAS,NV,AWP,WE,Towers with Radar,1103,168,181,4,1456,0,153,10,0,163,1103,321,191,4,1619,0,0,0,1619
01/12/2007,LAS,NV,AWP,WE,Towers with Radar,1125,160,188,10,1483,0,140,15,0,155,1125,300,203,10,1638,0,0,0,1638
01/13/2007,LAS,NV,AWP,WE,Towers with Radar,962,104,95,6,1167,0,193,13,0,206,962,297,108,6,1373,0,0,0,1373
01/14/2007,LAS,NV,AWP,WE,Towers with Radar,997,124,172,2,1295,0,199,20,1,220,997,323,192,3,1515,0,0,0,1515
01/15/2007,LAS,NV,AWP,WE,Towers with Radar,1084,135,156,1,1376,0,179,20,0,199,1084,314,176,1,1575,0,0,0,1575
01/16/2007,LAS,NV,AWP,WE,Towers with Radar,1091,108,121,11,1331,0,188,33,0,221,1091,296,154,11,1552,0,0,0,1552
01/17/2007,LAS,NV,AWP,WE,Towers with Radar,1013,134,142,1,1290,0,152,18,2,172,1013,286,160,3,1462,0,0,0,1462
01/18/2007,LAS,NV,AWP,WE,Towers with Radar,1113,116,167,6,1402,0,223,7,0,230,1113,339,174,6,1632,0,0,0,1632
01/19/2007,LAS,NV,AWP,WE,Towers with Radar,1147,140,170,14,1471,0,203,18,1,222,1147,343,188,15,1693,0,0,0,1693
01/20/2007,LAS,NV,AWP,WE,Towers with Radar,977,111,119,3,1210,0,228,40,8,276,977,339,159,11,1486,0,0,0,1486
01/21/2007,LAS,NV,AWP,WE,Towers with Radar,986,117,184,5,1292,0,227,22,4,253,986,344,206,9,1545,0,0,0,1545
01/22/2007,LAS,NV,AWP,WE,Towers with Radar,1150,132,138,1,1421,0,169,27,4,200,1150,301,165,5,1621,0,0,0,1621
01/23/2007,LAS,NV,AWP,WE,Towers with Radar,1060,117,146,0,1323,0,189,30,6,225,1060,306,176,6,1548,0,0,0,1548
01/24/2007,LAS,NV,AWP,WE,Towers with Radar,1048,139,186,1,1374,0,208,28,2,238,1048,347,214,3,1612,0,0,0,1612
01/25/2007,LAS,NV,AWP,WE,Towers with Radar,1038,145,162,5,1350,0,207,27,6,240,1038,352,189,11,1590,0,0,0,1590
01/26/2007,LAS,NV,AWP,WE,Towers with Radar,1128,169,223,4,1524,0,236,30,0,266,1128,405,253,4,1790,0,0,0,1790
01/27/2007,LAS,NV,AWP,WE,Towers with Radar,985,125,111,1,1222,0,236,24,0,260,985,361,135,1,1482,0,0,0,1482
01/28/2007,LAS,NV,AWP,WE,Towers with Radar,1030,144,222,1,1397,0,203,26,3,232,1030,347,248,4,1629,0,0,0,1629
01/29/2007,LAS,NV,AWP,WE,Towers with Radar,1123,145,153,0,1421,0,158,18,0,176,1123,303,171,0,1597,0,0,0,1597
01/30/2007,LAS,NV,AWP,WE,Towers with Radar,1051,147,182,0,1380,0,175,13,4,192,1051,322,195,4,1572,0,0,0,1572
01/31/2007,LAS,NV,AWP,WE,Towers with Radar,1037,127,160,5,1329,0,161,8,6,175,1037,288,168,11,1504,0,0,0,1504
02/01/2007,LAS,NV,AWP,WE,Towers with Radar,1098,158,191,3,1450,0,157,26,3,186,1098,315,217,6,1636,0,0,0,1636
02/02/2007,LAS,NV,AWP,WE,Towers with Radar,1138,191,277,6,1612,1,183,25,1,210,1139,374,302,7,1822,0,0,0,1822
02/03/2007,LAS,NV,AWP,WE,Towers with Radar,972,139,146,2,1259,0,191,23,1,215,972,330,169,3,1474,0,0,0,1474
02/04/2007,LAS,NV,AWP,WE,Towers with Radar,1026,148,153,0,1327,0,121,13,0,134,1026,269,166,0,1461,0,0,0,1461
02/05/2007,LAS,NV,AWP,WE,Towers with Radar,1117,217,285,1,1620,0,148,11,1,160,1117,365,296,2,1780,0,0,0,1780
02/06/2007,LAS,NV,AWP,WE,Towers with Radar,1048,149,166,4,1367,0,202,24,4,230,1048,351,190,8,1597,0,0,0,1597
02/07/2007,LAS,NV,AWP,WE,Towers with Radar,1087,133,120,0,1340,0,197,22,0,219,1087,330,142,0,1559,0,0,0,1559
02/08/2007,LAS,NV,AWP,WE,Towers with Radar,1116,131,141,0,1388,2,172,19,0,193,1118,303,160,0,1581,0,0,0,1581
02/09/2007,LAS,NV,AWP,WE,Towers with Radar,1137,175,189,12,1513,1,215,19,1,236,1138,390,208,13,1749,0,0,0,1749
02/10/2007,LAS,NV,AWP,WE,Towers with Radar,985,108,101,4,1198,0,236,20,0,256,985,344,121,4,1454,0,0,0,1454
02/11/2007,LAS,NV,AWP,WE,Towers with Radar,1031,120,178,11,1340,0,193,16,3,212,1031,313,194,14,1552,0,0,0,1552
02/12/2007,LAS,NV,AWP,WE,Towers with Radar,1116,112,122,2,1352,0,190,38,1,229,1116,302,160,3,1581,0,0,0,1581
02/13/2007,LAS,NV,AWP,WE,Towers with Radar,1004,147,130,0,1281,0,195,7,0,202,1004,342,137,0,1483,0,0,0,1483
02/14/2007,LAS,NV,AWP,WE,Towers with Radar,1001,141,156,0,1298,0,292,24,3,319,1001,433,180,3,1617,0,0,0,1617
02/15/2007,LAS,NV,AWP,WE,Towers with Radar,1124,166,258,7,1555,0,220,42,5,267,1124,386,300,12,1822,0,0,0,1822
02/16/2007,LAS,NV,AWP,WE,Towers with Radar,1140,208,291,0,1639,0,180,48,18,246,1140,388,339,18,1885,0,0,0,1885
02/17/2007,LAS,NV,AWP,WE,Towers with Radar,1008,142,163,0,1313,0,197,33,26,256,1008,339,196,26,1569,0,0,0,1569
02/18/2007,LAS,NV,AWP,WE,Towers with Radar,1076,156,197,0,1429,1,160,24,17,202,1077,316,221,17,1631,0,0,0,1631
02/19/2007,LAS,NV,AWP,WE,Towers with Radar,1091,190,264,1,1546,1,169,9,7,186,1092,359,273,8,1732,0,0,0,1732
02/20/2007,LAS,NV,AWP,WE,Towers with Radar,1147,131,156,0,1434,0,257,25,1,283,1147,388,181,1,1717,0,0,0,1717
02/21/2007,LAS,NV,AWP,WE,Towers with Radar,1061,136,194,9,1400,0,272,29,1,302,1061,408,223,10,1702,0,0,0,1702
02/22/2007,LAS,NV,AWP,WE,Towers with Radar,1143,157,174,2,1476,0,273,17,3,293,1143,430,191,5,1769,0,0,0,1769
02/23/2007,LAS,NV,AWP,WE,Towers with Radar,1171,150,200,6,1527,1,250,15,0,266,1172,400,215,6,1793,0,0,0,1793
02/24/2007,LAS,NV,AWP,WE,Towers with Radar,967,105,132,3,1207,0,266,22,1,289,967,371,154,4,1496,0,0,0,1496
02/25/2007,LAS,NV,AWP,WE,Towers with Radar,1010,120,170,4,1304,0,213,19,0,232,1010,333,189,4,1536,0,0,0,1536
02/26/2007,LAS,NV,AWP,WE,Towers with Radar,1156,120,127,4,1407,0,224,17,1,242,1156,344,144,5,1649,0,0,0,1649
02/27/2007,LAS,NV,AWP,WE,Towers with Radar,1112,141,170,1,1424,0,216,11,1,228,1112,357,181,2,1652,0,0,0,1652
02/28/2007,LAS,NV,AWP,WE,Towers with Radar,1070,151,186,0,1407,0,217,9,1,227,1070,368,195,1,1634,0,0,0,1634
03/01/2007,LAS,NV,AWP,WE,Towers with Radar,1120,138,149,4,1411,1,213,24,3,241,1121,351,173,7,1652,0,0,0,1652
03/02/2007,LAS,NV,AWP,WE,Towers with Radar,1160,154,193,4,1511,1,253,31,4,289,1161,407,224,8,1800,0,0,0,1800
03/03/2007,LAS,NV,AWP,WE,Towers with Radar,1022,106,107,3,1238,1,262,21,1,285,1023,368,128,4,1523,0,0,0,1523
03/04/2007,LAS,NV,AWP,WE,Towers with Radar,1077,153,189,4,1423,1,242,35,0,278,1078,395,224,4,1701,0,0,0,1701
03/05/2007,LAS,NV,AWP,WE,Towers with Radar,1144,147,129,6,1426,0,234,33,11,278,1144,381,162,17,1704,0,0,0,1704
03/06/2007,LAS,NV,AWP,WE,Towers with Radar,1122,111,159,3,1395,0,255,38,30,323,1122,366,197,33,1718,0,0,0,1718
03/07/2007,LAS,NV,AWP,WE,Towers with Radar,1108,122,164,4,1398,0,261,22,19,302,1108,383,186,23,1700,0,0,0,1700
03/08/2007,LAS,NV,AWP,WE,Towers with Radar,1209,159,206,4,1578,1,250,30,15,296,1210,409,236,19,1874,0,0,0,1874
03/09/2007,LAS,NV,AWP,WE,Towers with Radar,1172,168,230,6,1576,1,279,19,6,305,1173,447,249,12,1881,0,0,0,1881
03/10/2007,LAS,NV,AWP,WE,Towers with Radar,1002,114,136,5,1257,0,298,22,0,320,1002,412,158,5,1577,0,0,0,1577
03/11/2007,LAS,NV,AWP,WE,Towers with Radar,1027,147,230,4,1408,0,740,18,0,758,1027,887,248,4,2166,0,0,0,2166
03/12/2007,LAS,NV,AWP,WE,Towers with Radar,1123,135,148,7,1413,0,288,24,4,316,1123,423,172,11,1729,0,0,0,1729
03/13/2007,LAS,NV,AWP,WE,Towers with Radar,1129,138,147,7,1421,1,276,19,2,298,1130,414,166,9,1719,0,0,0,1719
03/14/2007,LAS,NV,AWP,WE,Towers with Radar,1126,132,198,4,1460,1,242,33,7,283,1127,374,231,11,1743,0,0,0,1743
03/15/2007,LAS,NV,AWP,WE,Towers with Radar,1200,146,193,4,1543,0,282,25,11,318,1200,428,218,15,1861,0,0,0,1861
03/16/2007,LAS,NV,AWP,WE,Towers with Radar,1149,173,196,10,1528,1,248,44,3,296,1150,421,240,13,1824,0,0,0,1824
03/17/2007,LAS,NV,AWP,WE,Towers with Radar,1041,104,121,10,1276,0,230,24,2,256,1041,334,145,12,1532,0,0,0,1532
03/18/2007,LAS,NV,AWP,WE,Towers with Radar,1102,142,219,7,1470,0,217,28,1,246,1102,359,247,8,1716,0,0,0,1716
03/19/2007,LAS,NV,AWP,WE,Towers with Radar,1183,144,139,4,1470,0,255,21,2,278,1183,399,160,6,1748,0,0,0,1748
03/20/2007,LAS,NV,AWP,WE,Towers with Radar,1127,131,132,2,1392,0,276,15,2,293,1127,407,147,4,1685,0,0,0,1685
03/21/2007,LAS,NV,AWP,WE,Towers with Radar,1103,145,163,0,1411,0,256,11,1,268,1103,401,174,1,1679,0,0,0,1679
03/22/2007,LAS,NV,AWP,WE,Towers with Radar,1166,154,150,8,1478,0,264,12,2,278,1166,418,162,10,1756,0,0,0,1756
03/23/2007,LAS,NV,AWP,WE,Towers with Radar,1208,174,182,3,1567,0,258,9,1,268,1208,432,191,4,1835,0,0,0,1835
03/24/2007,LAS,NV,AWP,WE,Towers with Radar,1082,123,133,1,1339,0,271,20,0,291,1082,394,153,1,1630,0,0,0,1630
03/25/2007,LAS,NV,AWP,WE,Towers with Radar,1103,155,161,2,1421,0,259,28,13,300,1103,414,189,15,1721,0,0,0,1721
03/26/2007,LAS,NV,AWP,WE,Towers with Radar,1164,130,114,0,1408,0,240,18,6,264,1164,370,132,6,1672,0,0,0,1672
03/27/2007,LAS,NV,AWP,WE,Towers with Radar,1117,117,114,3,1351,0,183,5,9,197,1117,300,119,12,1548,0,0,0,1548
03/28/2007,LAS,NV,AWP,WE,Towers with Radar,1123,144,148,3,1418,0,234,15,3,252,1123,378,163,6,1670,0,0,0,1670
03/29/2007,LAS,NV,AWP,WE,Towers with Radar,1178,133,161,5,1477,0,253,16,5,274,1178,386,177,10,1751,0,0,0,1751
03/30/2007,LAS,NV,AWP,WE,Towers with Radar,1194,163,210,10,1577,0,261,30,6,297,1194,424,240,16,1874,0,0,0,1874
03/31/2007,LAS,NV,AWP,WE,Towers with Radar,1070,127,132,4,1333,0,279,28,1,308,1070,406,160,5,1641,0,0,0,1641
04/01/2007,LAS,NV,AWP,WE,Towers with Radar,1103,137,185,6,1431,0,262,21,1,284,1103,399,206,7,1715,0,0,0,1715
04/02/2007,LAS,NV,AWP,WE,Towers with Radar,1163,110,98,1,1372,0,296,21,5,322,1163,406,119,6,1694,0,0,0,1694
04/03/2007,LAS,NV,AWP,WE,Towers with Radar,1117,125,134,4,1380,0,329,14,5,348,1117,454,148,9,1728,0,0,0,1728
04/04/2007,LAS,NV,AWP,WE,Towers with Radar,1100,124,118,1,1343,0,322,15,12,349,1100,446,133,13,1692,0,0,0,1692
04/05/2007,LAS,NV,AWP,WE,Towers with Radar,1206,140,134,4,1484,0,331,17,5,353,1206,471,151,9,1837,0,0,0,1837
04/06/2007,LAS,NV,AWP,WE,Towers with Radar,1182,126,124,4,1436,0,331,18,0,349,1182,457,142,4,1785,0,0,0,1785
04/07/2007,LAS,NV,AWP,WE,Towers with Radar,1057,107,97,6,1267,0,343,16,2,361,1057,450,113,8,1628,0,0,0,1628
04/08/2007,LAS,NV,AWP,WE,Towers with Radar,1108,113,146,4,1371,0,323,16,3,342,1108,436,162,7,1713,0,0,0,1713
04/09/2007,LAS,NV,AWP,WE,Towers with Radar,1168,115,123,2,1408,0,327,21,7,355,1168,442,144,9,1763,0,0,0,1763
04/10/2007,LAS,NV,AWP,WE,Towers with Radar,1118,107,117,4,1346,1,313,20,8,342,1119,420,137,12,1688,0,0,0,1688
04/11/2007,LAS,NV,AWP,WE,Towers with Radar,1086,122,131,4,1343,0,313,17,8,338,1086,435,148,12,1681,0,0,0,1681
04/12/2007,LAS,NV,AWP,WE,Towers with Radar,1181,142,148,7,1478,0,190,10,6,206,1181,332,158,13,1684,0,0,0,1684
04/13/2007,LAS,NV,AWP,WE,Towers with Radar,1196,146,191,10,1543,0,299,19,0,318,1196,445,210,10,1861,0,0,0,1861
04/14/2007,LAS,NV,AWP,WE,Towers with Radar,1072,100,101,6,1279,0,275,18,5,298,1072,375,119,11,1577,0,0,0,1577
04/15/2007,LAS,NV,AWP,WE,Towers with Radar,1087,143,216,6,1452,0,227,6,2,235,1087,370,222,8,1687,0,0,0,1687
04/16/2007,LAS,NV,AWP,WE,Towers with Radar,1185,130,150,4,1469,0,226,16,0,242,1185,356,166,4,1711,0,0,0,1711
04/17/2007,LAS,NV,AWP,WE,Towers with Radar,1079,135,153,0,1367,0,239,31,2,272,1079,374,184,2,1639,0,0,0,1639
04/18/2007,LAS,NV,AWP,WE,Towers with Radar,1097,142,195,0,1434,0,219,11,1,231,1097,361,206,1,1665,0,0,0,1665
04/19/2007,LAS,NV,AWP,WE,Towers with Radar,1173,168,217,1,1559,0,268,19,7,294,1173,436,236,8,1853,0,0,0,1853
04/20/2007,LAS,NV,AWP,WE,Towers with Radar,1191,175,200,10,1576,0,260,16,10,286,1191,435,216,20,1862,0,0,0,1862
04/21/2007,LAS,NV,AWP,WE,Towers with Radar,1034,124,114,3,1275,0,293,14,2,309,1034,417,128,5,1584,0,0,0,1584
04/22/2007,LAS,NV,AWP,WE,Towers with Radar,1058,164,242,1,1465,2,246,18,0,266,1060,410,260,1,1731,0,0,0,1731
04/23/2007,LAS,NV,AWP,WE,Towers with Radar,1211,137,135,2,1485,0,246,8,1,255,1211,383,143,3,1740,0,0,0,1740
04/24/2007,LAS,NV,AWP,WE,Towers with Radar,1070,117,122,2,1311,0,316,21,3,340,1070,433,143,5,1651,0,0,0,1651
04/25/2007,LAS,NV,AWP,WE,Towers with Radar,1069,122,166,8,1365,1,317,24,9,351,1070,439,190,17,1716,0,0,0,1716
04/26/2007,LAS,NV,AWP,WE,Towers with Radar,1172,145,195,1,1513,0,311,22,0,333,1172,456,217,1,1846,0,0,0,1846
04/27/2007,LAS,NV,AWP,WE,Towers with Radar,1208,160,187,7,1562,0,303,18,0,321,1208,463,205,7,1883,0,0,0,1883
04/28/2007,LAS,NV,AWP,WE,Towers with Radar,1053,107,119,5,1284,0,319,26,0,345,1053,426,145,5,1629,0,0,0,1629
04/29/2007,LAS,NV,AWP,WE,Towers with Radar,1102,140,178,7,1427,0,267,35,1,303,1102,407,213,8,1730,0,0,0,1730
04/30/2007,LAS,NV,AWP,WE,Towers with Radar,1184,144,131,3,1462,0,303,19,2,324,1184,447,150,5,1786,0,0,0,1786
05/01/2007,LAS,NV,AWP,WE,Towers with Radar,1093,117,109,2,1321,0,330,22,1,353,1093,447,131,3,1674,0,0,0,1674
05/02/2007,LAS,NV,AWP,WE,Towers with Radar,1088,135,137,6,1366,0,245,21,1,267,1088,380,158,7,1633,0,0,0,1633
05/03/2007,LAS,NV,AWP,WE,Towers with Radar,1200,138,198,4,1540,0,315,24,16,355,1200,453,222,20,1895,0,0,0,1895
05/04/2007,LAS,NV,AWP,WE,Towers with Radar,1167,192,232,2,1593,0,303,11,0,314,1167,495,243,2,1907,0,0,0,1907
05/05/2007,LAS,NV,AWP,WE,Towers with Radar,1104,157,152,2,1415,0,247,6,4,257,1104,404,158,6,1672,0,0,0,1672
05/06/2007,LAS,NV,AWP,WE,Towers with Radar,1099,230,337,3,1669,2,297,16,1,316,1101,527,353,4,1985,0,0,0,1985
05/07/2007,LAS,NV,AWP,WE,Towers with Radar,1212,155,192,5,1564,0,287,13,2,302,1212,442,205,7,1866,0,0,0,1866
05/08/2007,LAS,NV,AWP,WE,Towers with Radar,1113,145,180,11,1449,0,260,21,4,285,1113,405,201,15,1734,0,0,0,1734
05/09/2007,LAS,NV,AWP,WE,Towers with Radar,1080,174,205,4,1463,0,261,23,9,293,1080,435,228,13,1756,0,0,0,1756
05/10/2007,LAS,NV,AWP,WE,Towers with Radar,1169,151,181,3,1504,0,277,28,5,310,1169,428,209,8,1814,0,0,0,1814
05/11/2007,LAS,NV,AWP,WE,Towers with Radar,1218,185,153,10,1566,0,260,18,5,283,1218,445,171,15,1849,0,0,0,1849
05/12/2007,LAS,NV,AWP,WE,Towers with Radar,1057,120,124,4,1305,0,284,16,1,301,1057,404,140,5,1606,0,0,0,1606
05/13/2007,LAS,NV,AWP,WE,Towers with Radar,1112,128,169,4,1413,0,260,18,2,280,1112,388,187,6,1693,0,0,0,1693
05/14/2007,LAS,NV,AWP,WE,Towers with Radar,1184,131,142,3,1460,0,268,19,4,291,1184,399,161,7,1751,0,0,0,1751
05/15/2007,LAS,NV,AWP,WE,Towers with Radar,1097,110,126,6,1339,0,317,17,0,334,1097,427,143,6,1673,0,0,0,1673
05/16/2007,LAS,NV,AWP,WE,Towers with Radar,1088,128,173,1,1390,0,323,28,2,353,1088,451,201,3,1743,0,0,0,1743
05/17/2007,LAS,NV,AWP,WE,Towers with Radar,1207,148,151,6,1512,0,288,17,8,313,1207,436,168,14,1825,0,0,0,1825
05/18/2007,LAS,NV,AWP,WE,Towers with Radar,1200,172,179,5,1556,0,260,25,5,290,1200,432,204,10,1846,0,0,0,1846
05/19/2007,LAS,NV,AWP,WE,Towers with Radar,1077,137,164,2,1380,0,267,31,2,300,1077,404,195,4,1680,0,0,0,1680
05/20/2007,LAS,NV,AWP,WE,Towers with Radar,1093,197,265,2,1557,0,272,24,3,299,1093,469,289,5,1856,0,0,0,1856
05/21/2007,LAS,NV,AWP,WE,Towers with Radar,1210,208,182,3,1603,0,239,22,2,263,1210,447,204,5,1866,0,0,0,1866
05/22/2007,LAS,NV,AWP,WE,Towers with Radar,1110,206,254,1,1571,0,271,22,2,295,1110,477,276,3,1866,0,0,0,1866
05/23/2007,LAS,NV,AWP,WE,Towers with Radar,1107,240,304,0,1651,0,280,16,7,303,1107,520,320,7,1954,0,0,0,1954
05/24/2007,LAS,NV,AWP,WE,Towers with Radar,1176,170,188,0,1534,0,323,21,2,346,1176,493,209,2,1880,0,0,0,1880
05/25/2007,LAS,NV,AWP,WE,Towers with Radar,1183,181,191,0,1555,0,338,24,0,362,1183,519,215,0,1917,0,0,0,1917
05/26/2007,LAS,NV,AWP,WE,Towers with Radar,1073,108,115,2,1298,0,319,20,1,340,1073,427,135,3,1638,0,0,0,1638
05/27/2007,LAS,NV,AWP,WE,Towers with Radar,1021,111,106,1,1239,0,318,32,0,350,1021,429,138,1,1589,0,0,0,1589
05/28/2007,LAS,NV,AWP,WE,Towers with Radar,1091,138,150,4,1383,0,346,22,0,368,1091,484,172,4,1751,0,0,0,1751
05/29/2007,LAS,NV,AWP,WE,Towers with Radar,1099,124,160,7,1390,1,348,10,1,360,1100,472,170,8,1750,0,0,0,1750
05/30/2007,LAS,NV,AWP,WE,Towers with Radar,1112,130,121,9,1372,0,334,11,2,347,1112,464,132,11,1719,0,0,0,1719
05/31/2007,LAS,NV,AWP,WE,Towers with Radar,1184,129,155,6,1474,0,310,13,2,325,1184,439,168,8,1799,0,0,0,1799
06/01/2007,LAS,NV,AWP,WE,Towers with Radar,1200,153,143,3,1499,0,305,7,2,314,1200,458,150,5,1813,0,0,0,1813
06/02/2007,LAS,NV,AWP,WE,Towers with Radar,1065,111,83,1,1260,0,228,24,0,252,1065,339,107,1,1512,0,0,0,1512
06/03/2007,LAS,NV,AWP,WE,Towers with Radar,1068,127,145,2,1342,0,221,20,0,241,1068,348,165,2,1583,0,0,0,1583
06/04/2007,LAS,NV,AWP,WE,Towers with Radar,1191,146,102,2,1441,0,220,16,2,238,1191,366,118,4,1679,0,0,0,1679
06/05/2007,LAS,NV,AWP,WE,Towers with Radar,1097,127,101,2,1327,0,195,13,1,209,1097,322,114,3,1536,0,0,0,1536
06/06/2007,LAS,NV,AWP,WE,Towers with Radar,1094,145,120,1,1360,0,282,6,1,289,1094,427,126,2,1649,0,0,0,1649
06/07/2007,LAS,NV,AWP,WE,Towers with Radar,1175,129,148,0,1452,0,282,16,5,303,1175,411,164,5,1755,0,0,0,1755
06/08/2007,LAS,NV,AWP,WE,Towers with Radar,1154,136,156,4,1450,0,256,18,13,287,1154,392,174,17,1737,0,0,0,1737
06/09/2007,LAS,NV,AWP,WE,Towers with Radar,1051,127,93,3,1274,0,240,27,16,283,1051,367,120,19,1557,0,0,0,1557
06/10/2007,LAS,NV,AWP,WE,Towers with Radar,1082,146,151,10,1389,0,260,26,2,288,1082,406,177,12,1677,0,0,0,1677
06/11/2007,LAS,NV,AWP,WE,Towers with Radar,1169,139,123,0,1431,1,265,18,1,285,1170,404,141,1,1716,0,0,0,1716
06/12/2007,LAS,NV,AWP,WE,Towers with Radar,1081,135,92,3,1311,0,302,15,8,325,1081,437,107,11,1636,0,0,0,1636
06/13/2007,LAS,NV,AWP,WE,Towers with Radar,1101,149,110,6,1366,1,286,22,1,310,1102,435,132,7,1676,0,0,0,1676
06/14/2007,LAS,NV,AWP,WE,Towers with Radar,1181,176,130,7,1494,0,315,13,0,328,1181,491,143,7,1822,0,0,0,1822
06/15/2007,LAS,NV,AWP,WE,Towers with Radar,1194,212,177,5,1588,1,317,25,3,346,1195,529,202,8,1934,0,0,0,1934
06/16/2007,LAS,NV,AWP,WE,Towers with Radar,1026,172,115,0,1313,0,280,16,3,299,1026,452,131,3,1612,0,0,0,1612
06/17/2007,LAS,NV,AWP,WE,Towers with Radar,1113,192,161,1,1467,0,271,21,1,293,1113,463,182,2,1760,0,0,0,1760
06/18/2007,LAS,NV,AWP,WE,Towers with Radar,1153,148,117,6,1424,0,268,9,0,277,1153,416,126,6,1701,0,0,0,1701
06/19/2007,LAS,NV,AWP,WE,Towers with Radar,1098,129,109,4,1340,0,291,17,0,308,1098,420,126,4,1648,0,0,0,1648
06/20/2007,LAS,NV,AWP,WE,Towers with Radar,1105,135,105,7,1352,0,278,14,1,293,1105,413,119,8,1645,0,0,0,1645
06/21/2007,LAS,NV,AWP,WE,Towers with Radar,1164,136,137,4,1441,0,279,18,5,302,1164,415,155,9,1743,0,0,0,1743
06/22/2007,LAS,NV,AWP,WE,Towers with Radar,1176,146,145,2,1469,0,268,23,1,292,1176,414,168,3,1761,0,0,0,1761
06/23/2007,LAS,NV,AWP,WE,Towers with Radar,1041,105,72,1,1219,0,272,12,1,285,1041,377,84,2,1504,0,0,0,1504
06/24/2007,LAS,NV,AWP,WE,Towers with Radar,1072,145,140,0,1357,1,274,13,0,288,1073,419,153,0,1645,0,0,0,1645
06/25/2007,LAS,NV,AWP,WE,Towers with Radar,1151,142,125,1,1419,0,313,17,2,332,1151,455,142,3,1751,0,0,0,1751
06/26/2007,LAS,NV,AWP,WE,Towers with Radar,1077,109,90,4,1280,0,296,23,3,322,1077,405,113,7,1602,0,0,0,1602
06/27/2007,LAS,NV,AWP,WE,Towers with Radar,1081,135,107,2,1325,0,293,17,1,311,1081,428,124,3,1636,0,0,0,1636
06/28/2007,LAS,NV,AWP,WE,Towers with Radar,1151,116,140,1,1408,0,309,23,5,337,1151,425,163,6,1745,0,0,0,1745
06/29/2007,LAS,NV,AWP,WE,Towers with Radar,1186,169,152,2,1509,0,301,16,2,319,1186,470,168,4,1828,0,0,0,1828
06/30/2007,LAS,NV,AWP,WE,Towers with Radar,1037,98,85,0,1220,0,261,25,2,288,1037,359,110,2,1508,0,0,0,1508
07/01/2007,LAS,NV,AWP,WE,Towers with Radar,1084,114,137,2,1337,0,243,24,2,269,1084,357,161,4,1606,0,0,0,1606
07/02/2007,LAS,NV,AWP,WE,Towers with Radar,1161,123,95,2,1381,1,286,13,2,302,1162,409,108,4,1683,0,0,0,1683
07/03/2007,LAS,NV,AWP,WE,Towers with Radar,1098,126,85,8,1317,2,288,7,6,303,1100,414,92,14,1620,0,0,0,1620
07/04/2007,LAS,NV,AWP,WE,Towers with Radar,987,84,35,0,1106,1,286,13,0,300,988,370,48,0,1406,0,0,0,1406
07/05/2007,LAS,NV,AWP,WE,Towers with Radar,1117,117,141,6,1381,0,289,17,0,306,1117,406,158,6,1687,0,0,0,1687
07/06/2007,LAS,NV,AWP,WE,Towers with Radar,1167,134,122,1,1424,1,302,17,0,320,1168,436,139,1,1744,0,0,0,1744
07/07/2007,LAS,NV,AWP,WE,Towers with Radar,1047,113,93,0,1253,0,302,18,1,321,1047,415,111,1,1574,0,0,0,1574
07/08/2007,LAS,NV,AWP,WE,Towers with Radar,1077,137,151,0,1365,0,271,31,3,305,1077,408,182,3,1670,0,0,0,1670
07/09/2007,LAS,NV,AWP,WE,Towers with Radar,1150,137,128,2,1417,0,275,38,2,315,1150,412,166,4,1732,0,0,0,1732
07/10/2007,LAS,NV,AWP,WE,Towers with Radar,1086,139,117,7,1349,0,300,8,0,308,1086,439,125,7,1657,0,0,0,1657
07/11/2007,LAS,NV,AWP,WE,Towers with Radar,1106,152,123,0,1381,0,295,12,3,310,1106,447,135,3,1691,0,0,0,1691
07/12/2007,LAS,NV,AWP,WE,Towers with Radar,1174,146,121,1,1442,0,261,26,1,288,1174,407,147,2,1730,0,0,0,1730
07/13/2007,LAS,NV,AWP,WE,Towers with Radar,1185,153,130,7,1475,0,252,21,2,275,1185,405,151,9,1750,0,0,0,1750
07/14/2007,LAS,NV,AWP,WE,Towers with Radar,1036,118,97,3,1254,0,258,32,2,292,1036,376,129,5,1546,0,0,0,1546
07/15/2007,LAS,NV,AWP,WE,Towers with Radar,1085,131,163,3,1382,2,222,19,0,243,1087,353,182,3,1625,0,0,0,1625
07/16/2007,LAS,NV,AWP,WE,Towers with Radar,1172,126,111,0,1409,0,275,11,0,286,1172,401,122,0,1695,0,0,0,1695
07/17/2007,LAS,NV,AWP,WE,Towers with Radar,1094,119,112,0,1325,1,291,22,0,314,1095,410,134,0,1639,0,0,0,1639
07/18/2007,LAS,NV,AWP,WE,Towers with Radar,1091,138,113,2,1344,0,260,28,0,288,1091,398,141,2,1632,0,0,0,1632
07/19/2007,LAS,NV,AWP,WE,Towers with Radar,1182,162,145,2,1491,0,307,24,11,342,1182,469,169,13,1833,0,0,0,1833
07/20/2007,LAS,NV,AWP,WE,Towers with Radar,1208,154,163,1,1526,0,245,35,0,280,1208,399,198,1,1806,0,0,0,1806
07/21/2007,LAS,NV,AWP,WE,Towers with Radar,1033,116,106,1,1256,0,248,22,0,270,1033,364,128,1,1526,0,0,0,1526
07/22/2007,LAS,NV,AWP,WE,Towers with Radar,1075,136,182,4,1397,0,248,23,1,272,1075,384,205,5,1669,0,0,0,1669
07/23/2007,LAS,NV,AWP,WE,Towers with Radar,1171,147,116,0,1434,1,240,21,9,271,1172,387,137,9,1705,0,0,0,1705
07/24/2007,LAS,NV,AWP,WE,Towers with Radar,1103,131,104,0,1338,0,269,18,2,289,1103,400,122,2,1627,0,0,0,1627
07/25/2007,LAS,NV,AWP,WE,Towers with Radar,1089,127,124,4,1344,1,285,21,5,312,1090,412,145,9,1656,0,0,0,1656
07/26/2007,LAS,NV,AWP,WE,Towers with Radar,1161,155,146,4,1466,0,286,20,1,307,1161,441,166,5,1773,0,0,0,1773
07/27/2007,LAS,NV,AWP,WE,Towers with Radar,1158,144,157,3,1462,0,262,23,4,289,1158,406,180,7,1751,0,0,0,1751
07/28/2007,LAS,NV,AWP,WE,Towers with Radar,1055,138,95,0,1288,0,301,11,1,313,1055,439,106,1,1601,0,0,0,1601
07/29/2007,LAS,NV,AWP,WE,Towers with Radar,1074,154,126,3,1357,0,258,13,2,273,1074,412,139,5,1630,0,0,0,1630
07/30/2007,LAS,NV,AWP,WE,Towers with Radar,1158,132,152,1,1443,2,264,18,2,286,1160,396,170,3,1729,0,0,0,1729
07/31/2007,LAS,NV,AWP,WE,Towers with Radar,1110,138,118,0,1366,0,290,28,0,318,1110,428,146,0,1684,0,0,0,1684
08/01/2007,LAS,NV,AWP,WE,Towers with Radar,1089,135,128,0,1352,0,212,10,13,235,1089,347,138,13,1587,0,0,0,1587
08/02/2007,LAS,NV,AWP,WE,Towers with Radar,1170,149,115,1,1435,0,311,20,11,342,1170,460,135,12,1777,0,0,0,1777
08/03/2007,LAS,NV,AWP,WE,Towers with Radar,1176,145,134,6,1461,0,307,22,3,332,1176,452,156,9,1793,0,0,0,1793
08/04/2007,LAS,NV,AWP,WE,Towers with Radar,1033,112,67,6,1218,0,290,17,0,307,1033,402,84,6,1525,0,0,0,1525
08/05/2007,LAS,NV,AWP,WE,Towers with Radar,1074,133,149,6,1362,0,293,24,0,317,1074,426,173,6,1679,0,0,0,1679
08/06/2007,LAS,NV,AWP,WE,Towers with Radar,1158,133,89,0,1380,0,316,26,2,344,1158,449,115,2,1724,0,0,0,1724
08/07/2007,LAS,NV,AWP,WE,Towers with Radar,1106,127,112,4,1349,1,327,13,2,343,1107,454,125,6,1692,0,0,0,1692
08/08/2007,LAS,NV,AWP,WE,Towers with Radar,1081,128,121,2,1332,0,341,30,3,374,1081,469,151,5,1706,0,0,0,1706
08/09/2007,LAS,NV,AWP,WE,Towers with Radar,1135,134,134,7,1410,0,316,22,4,342,1135,450,156,11,1752,0,0,0,1752
08/10/2007,LAS,NV,AWP,WE,Towers with Radar,1168,149,125,8,1450,0,284,25,7,316,1168,433,150,15,1766,0,0,0,1766
08/11/2007,LAS,NV,AWP,WE,Towers with Radar,1047,109,90,2,1248,2,267,10,0,279,1049,376,100,2,1527,0,0,0,1527
08/12/2007,LAS,NV,AWP,WE,Towers with Radar,1088,130,159,3,1380,0,336,18,0,354,1088,466,177,3,1734,0,0,0,1734
08/13/2007,LAS,NV,AWP,WE,Towers with Radar,1162,136,110,0,1408,0,309,30,0,339,1162,445,140,0,1747,0,0,0,1747
08/14/2007,LAS,NV,AWP,WE,Towers with Radar,1090,119,123,4,1336,0,308,18,5,331,1090,427,141,9,1667,0,0,0,1667
08/15/2007,LAS,NV,AWP,WE,Towers with Radar,1089,135,126,0,1350,0,335,24,10,369,1089,470,150,10,1719,0,0,0,1719
08/16/2007,LAS,NV,AWP,WE,Towers with Radar,1170,130,133,2,1435,2,331,31,0,364,1172,461,164,2,1799,0,0,0,1799
08/17/2007,LAS,NV,AWP,WE,Towers with Radar,1162,139,147,3,1451,2,283,18,0,303,1164,422,165,3,1754,0,0,0,1754
08/18/2007,LAS,NV,AWP,WE,Towers with Radar,1053,115,87,5,1260,0,305,13,0,318,1053,420,100,5,1578,0,0,0,1578
08/19/2007,LAS,NV,AWP,WE,Towers with Radar,1068,144,155,1,1368,0,268,20,1,289,1068,412,175,2,1657,0,0,0,1657
08/20/2007,LAS,NV,AWP,WE,Towers with Radar,1171,142,114,4,1431,0,283,21,1,305,1171,425,135,5,1736,0,0,0,1736
08/21/2007,LAS,NV,AWP,WE,Towers with Radar,1099,132,117,3,1351,0,306,27,1,334,1099,438,144,4,1685,0,0,0,1685
08/22/2007,LAS,NV,AWP,WE,Towers with Radar,1062,114,129,6,1311,0,308,29,3,340,1062,422,158,9,1651,0,0,0,1651
08/23/2007,LAS,NV,AWP,WE,Towers with Radar,1149,136,160,7,1452,0,322,22,5,349,1149,458,182,12,1801,0,0,0,1801
08/24/2007,LAS,NV,AWP,WE,Towers with Radar,1188,139,129,1,1457,0,289,28,2,319,1188,428,157,3,1776,0,0,0,1776
08/25/2007,LAS,NV,AWP,WE,Towers with Radar,1050,119,109,0,1278,1,265,14,0,280,1051,384,123,0,1558,0,0,0,1558
08/26/2007,LAS,NV,AWP,WE,Towers with Radar,1074,145,155,3,1377,0,234,17,0,251,1074,379,172,3,1628,0,0,0,1628
08/27/2007,LAS,NV,AWP,WE,Towers with Radar,1197,118,129,1,1445,0,248,22,0,270,1197,366,151,1,1715,0,0,0,1715
08/28/2007,LAS,NV,AWP,WE,Towers with Radar,1095,121,129,9,1354,0,285,25,1,311,1095,406,154,10,1665,0,0,0,1665
08/29/2007,LAS,NV,AWP,WE,Towers with Radar,1072,145,129,9,1355,0,281,25,10,316,1072,426,154,19,1671,0,0,0,1671
08/30/2007,LAS,NV,AWP,WE,Towers with Radar,1165,142,155,8,1470,2,268,23,0,293,1167,410,178,8,1763,0,0,0,1763
08/31/2007,LAS,NV,AWP,WE,Towers with Radar,1169,163,182,4,1518,0,291,21,0,312,1169,454,203,4,1830,0,0,0,1830
09/01/2007,LAS,NV,AWP,WE,Towers with Radar,1021,116,85,2,1224,0,270,18,0,288,1021,386,103,2,1512,0,0,0,1512
09/02/2007,LAS,NV,AWP,WE,Towers with Radar,981,100,84,2,1167,1,284,17,0,302,982,384,101,2,1469,0,0,0,1469
09/03/2007,LAS,NV,AWP,WE,Towers with Radar,1088,164,142,0,1394,2,274,21,0,297,1090,438,163,0,1691,0,0,0,1691
09/04/2007,LAS,NV,AWP,WE,Towers with Radar,1089,126,89,0,1304,0,279,20,0,299,1089,405,109,0,1603,0,0,0,1603
09/05/2007,LAS,NV,AWP,WE,Towers with Radar,1079,117,139,0,1335,1,287,6,0,294,1080,404,145,0,1629,0,0,0,1629
09/06/2007,LAS,NV,AWP,WE,Towers with Radar,1198,160,136,5,1499,0,299,18,6,323,1198,459,154,11,1822,0,0,0,1822
09/07/2007,LAS,NV,AWP,WE,Towers with Radar,1237,158,140,2,1537,1,296,26,0,323,1238,454,166,2,1860,0,0,0,1860
09/08/2007,LAS,NV,AWP,WE,Towers with Radar,1027,107,129,7,1270,2,302,16,1,321,1029,409,145,8,1591,0,0,0,1591
09/09/2007,LAS,NV,AWP,WE,Towers with Radar,1113,135,176,3,1427,0,259,26,0,285,1113,394,202,3,1712,0,0,0,1712
09/10/2007,LAS,NV,AWP,WE,Towers with Radar,1221,127,155,4,1507,1,301,27,0,329,1222,428,182,4,1836,0,0,0,1836
09/11/2007,LAS,NV,AWP,WE,Towers with Radar,1092,98,103,1,1294,1,339,21,1,362,1093,437,124,2,1656,0,0,0,1656
09/12/2007,LAS,NV,AWP,WE,Towers with Radar,1077,112,102,0,1291,1,299,14,1,315,1078,411,116,1,1606,0,0,0,1606
09/13/2007,LAS,NV,AWP,WE,Towers with Radar,1200,134,129,2,1465,0,343,19,2,364,1200,477,148,4,1829,0,0,0,1829
09/14/2007,LAS,NV,AWP,WE,Towers with Radar,1228,162,154,3,1547,0,346,27,1,374,1228,508,181,4,1921,0,0,0,1921
09/15/2007,LAS,NV,AWP,WE,Towers with Radar,1046,99,81,1,1227,0,320,16,0,336,1046,419,97,1,1563,0,0,0,1563
09/16/2007,LAS,NV,AWP,WE,Towers with Radar,1093,129,158,4,1384,0,293,17,1,311,1093,422,175,5,1695,0,0,0,1695
09/17/2007,LAS,NV,AWP,WE,Towers with Radar,1238,147,105,2,1492,0,324,13,1,338,1238,471,118,3,1830,0,0,0,1830
09/18/2007,LAS,NV,AWP,WE,Towers with Radar,1101,109,107,2,1319,0,314,20,0,334,1101,423,127,2,1653,0,0,0,1653
09/19/2007,LAS,NV,AWP,WE,Towers with Radar,1067,116,115,7,1305,0,320,38,6,364,1067,436,153,13,1669,0,0,0,1669
09/20/2007,LAS,NV,AWP,WE,Towers with Radar,1188,138,154,2,1482,0,350,17,2,369,1188,488,171,4,1851,0,0,0,1851
09/21/2007,LAS,NV,AWP,WE,Towers with Radar,1217,136,155,2,1510,0,282,16,2,300,1217,418,171,4,1810,0,0,0,1810
09/22/2007,LAS,NV,AWP,WE,Towers with Radar,1067,99,101,3,1270,0,249,7,2,258,1067,348,108,5,1528,0,0,0,1528
09/23/2007,LAS,NV,AWP,WE,Towers with Radar,1113,114,175,6,1408,0,317,19,0,336,1113,431,194,6,1744,0,0,0,1744
09/24/2007,LAS,NV,AWP,WE,Towers with Radar,1224,136,98,3,1461,0,333,17,3,353,1224,469,115,6,1814,0,0,0,1814
09/25/2007,LAS,NV,AWP,WE,Towers with Radar,1084,108,118,3,1313,0,315,35,4,354,1084,423,153,7,1667,0,0,0,1667
09/26/2007,LAS,NV,AWP,WE,Towers with Radar,1091,123,157,1,1372,1,388,18,1,408,1092,511,175,2,1780,0,0,0,1780
09/27/2007,LAS,NV,AWP,WE,Towers with Radar,1181,158,136,2,1477,0,337,20,8,365,1181,495,156,10,1842,0,0,0,1842
09/28/2007,LAS,NV,AWP,WE,Towers with Radar,1232,151,157,0,1540,0,348,23,3,374,1232,499,180,3,1914,0,0,0,1914
09/29/2007,LAS,NV,AWP,WE,Towers with Radar,1062,116,83,1,1262,1,330,25,1,357,1063,446,108,2,1619,0,0,0,1619
09/30/2007,LAS,NV,AWP,WE,Towers with Radar,1077,163,176,2,1418,1,316,12,2,331,1078,479,188,4,1749,0,0,0,1749
10/01/2007,LAS,NV,AWP,WE,Towers with Radar,1232,137,130,2,1501,0,298,29,1,328,1232,469,159,3,1863,0,0,0,1894
10/02/2007,LAS,NV,AWP,WE,Towers with Radar,1096,114,136,2,1348,0,323,18,0,341,1096,484,154,2,1736,0,0,0,1754
10/03/2007,LAS,NV,AWP,WE,Towers with Radar,1102,121,154,2,1379,0,305,20,0,325,1102,471,174,2,1749,0,0,0,1786
10/04/2007,LAS,NV,AWP,WE,Towers with Radar,1202,130,148,2,1482,0,322,24,0,346,1202,481,172,2,1857,0,0,0,1897
10/05/2007,LAS,NV,AWP,WE,Towers with Radar,1221,174,178,4,1577,0,243,9,0,252,1221,432,187,4,1844,0,0,0,1877
10/06/2007,LAS,NV,AWP,WE,Towers with Radar,1074,121,106,7,1308,0,329,17,6,352,1074,480,123,13,1690,0,0,0,1712
10/07/2007,LAS,NV,AWP,WE,Towers with Radar,1092,177,233,1,1503,0,295,12,2,309,1092,513,245,3,1853,0,0,0,1867
10/08/2007,LAS,NV,AWP,WE,Towers with Radar,1189,138,108,2,1437,0,311,15,6,332,1189,495,123,8,1815,0,0,0,1828
10/09/2007,LAS,NV,AWP,WE,Towers with Radar,1121,127,143,1,1392,0,371,13,1,385,1121,539,156,2,1818,0,0,0,1843
10/10/2007,LAS,NV,AWP,WE,Towers with Radar,1112,141,153,0,1406,0,339,18,1,358,1112,507,171,1,1791,0,0,0,1827
10/11/2007,LAS,NV,AWP,WE,Towers with Radar,1220,129,158,3,1510,0,370,20,5,395,1220,546,178,8,1952,0,0,0,1985
10/12/2007,LAS,NV,AWP,WE,Towers with Radar,1255,144,192,5,1596,0,352,25,1,378,1255,536,217,6,2014,0,0,0,2058
10/13/2007,LAS,NV,AWP,WE,Towers with Radar,1085,117,83,1,1286,1,342,15,2,360,1086,507,98,3,1694,0,0,0,1724
10/14/2007,LAS,NV,AWP,WE,Towers with Radar,1079,159,199,7,1444,2,313,24,1,340,1081,506,223,8,1818,0,0,0,1840
10/15/2007,LAS,NV,AWP,WE,Towers with Radar,1234,135,146,3,1518,0,310,12,0,322,1234,482,158,3,1877,0,0,0,1910
10/16/2007,LAS,NV,AWP,WE,Towers with Radar,1139,116,121,4,1380,1,323,15,0,339,1140,479,136,4,1759,0,0,0,1802
10/17/2007,LAS,NV,AWP,WE,Towers with Radar,1095,108,168,7,1378,0,316,22,9,347,1095,481,190,16,1782,0,0,0,1821
10/18/2007,LAS,NV,AWP,WE,Towers with Radar,1219,146,172,3,1540,1,287,26,5,319,1220,475,198,8,1901,0,0,0,1935
10/19/2007,LAS,NV,AWP,WE,Towers with Radar,1264,179,197,5,1645,0,320,19,4,343,1264,528,216,9,2017,0,0,0,2055
10/20/2007,LAS,NV,AWP,WE,Towers with Radar,1104,124,98,5,1331,0,269,22,0,291,1104,429,120,5,1658,0,0,0,1699
10/21/2007,LAS,NV,AWP,WE,Towers with Radar,1085,120,171,6,1382,0,275,12,0,287,1085,417,183,6,1691,0,0,0,1696
10/22/2007,LAS,NV,AWP,WE,Towers with Radar,1256,122,123,0,1501,2,309,13,2,326,1258,474,136,2,1870,0,0,0,1889
10/23/2007,LAS,NV,AWP,WE,Towers with Radar,1132,145,148,10,1435,1,342,14,2,359,1133,526,162,12,1833,0,0,0,1858
10/24/2007,LAS,NV,AWP,WE,Towers with Radar,1109,135,143,3,1390,0,329,19,1,349,1109,513,162,4,1788,0,0,0,1812
10/25/2007,LAS,NV,AWP,WE,Towers with Radar,1224,150,184,7,1565,1,326,24,5,356,1226,528,208,12,1974,0,0,0,2003
10/26/2007,LAS,NV,AWP,WE,Towers with Radar,1249,173,187,2,1611,0,347,17,1,365,1249,574,204,3,2030,0,0,0,2057
10/27/2007,LAS,NV,AWP,WE,Towers with Radar,1091,112,105,3,1311,0,314,14,1,329,1091,479,119,4,1693,0,0,0,1713
10/28/2007,LAS,NV,AWP,WE,Towers with Radar,1087,154,214,1,1456,1,282,14,0,297,1088,495,228,1,1812,0,0,0,1844
10/29/2007,LAS,NV,AWP,WE,Towers with Radar,1228,132,179,0,1539,1,252,24,0,277,1229,421,203,0,1853,0,0,0,1888
10/30/2007,LAS,NV,AWP,WE,Towers with Radar,1135,125,163,0,1423,0,211,32,2,245,1135,379,195,2,1711,0,0,0,1771
10/31/2007,LAS,NV,AWP,WE,Towers with Radar,1082,119,149,3,1353,0,250,19,0,269,1082,413,168,3,1666,0,0,0,1702
11/01/2007,LAS,NV,AWP,WE,Towers with Radar,1200,148,208,2,1558,0,274,28,1,303,1200,472,236,3,1911,0,0,0,1944
11/02/2007,LAS,NV,AWP,WE,Towers with Radar,1255,148,179,2,1584,0,284,25,1,310,1255,481,204,3,1943,0,0,0,1961
11/03/2007,LAS,NV,AWP,WE,Towers with Radar,1065,97,109,2,1273,0,329,23,2,354,1065,479,132,4,1680,0,0,0,1702
11/04/2007,LAS,NV,AWP,WE,Towers with Radar,1088,130,172,3,1393,0,275,31,5,311,1088,429,203,8,1728,0,0,0,1750
11/05/2007,LAS,NV,AWP,WE,Towers with Radar,1214,125,113,3,1455,0,313,30,0,343,1214,482,143,3,1842,0,0,0,1876
11/06/2007,LAS,NV,AWP,WE,Towers with Radar,1134,141,121,3,1399,0,301,15,1,317,1134,494,136,4,1768,0,0,0,1793
11/07/2007,LAS,NV,AWP,WE,Towers with Radar,1120,128,120,6,1374,0,345,11,4,360,1120,517,131,10,1778,0,0,0,1813
11/08/2007,LAS,NV,AWP,WE,Towers with Radar,1205,143,165,4,1517,0,323,23,11,357,1205,512,188,15,1920,0,0,0,1955
11/09/2007,LAS,NV,AWP,WE,Towers with Radar,1242,177,211,4,1634,0,311,21,4,336,1242,536,232,8,2018,0,0,0,2066
11/10/2007,LAS,NV,AWP,WE,Towers with Radar,1056,109,119,2,1286,0,309,13,0,322,1056,463,132,2,1653,0,0,0,1672
11/11/2007,LAS,NV,AWP,WE,Towers with Radar,1113,150,225,3,1491,0,311,31,1,343,1113,514,256,4,1887,0,0,0,1910
11/12/2007,LAS,NV,AWP,WE,Towers with Radar,1196,133,160,12,1501,1,293,19,16,329,1197,474,179,28,1878,0,0,0,1906
11/13/2007,LAS,NV,AWP,WE,Towers with Radar,1127,169,164,10,1470,2,274,23,5,304,1129,490,187,15,1821,0,0,0,1857
11/14/2007,LAS,NV,AWP,WE,Towers with Radar,1121,150,207,1,1479,0,316,22,4,342,1121,518,229,5,1873,0,0,0,1903
11/15/2007,LAS,NV,AWP,WE,Towers with Radar,1194,169,239,3,1605,0,287,22,0,309,1194,487,261,3,1945,0,0,0,1973
11/16/2007,LAS,NV,AWP,WE,Towers with Radar,1245,177,252,5,1679,0,318,26,6,350,1246,545,278,11,2080,0,0,0,2112
11/17/2007,LAS,NV,AWP,WE,Towers with Radar,1064,137,117,2,1320,0,328,22,0,350,1064,498,139,2,1703,0,0,0,1717
11/18/2007,LAS,NV,AWP,WE,Towers with Radar,1093,123,202,2,1420,1,288,18,2,309,1094,434,220,4,1752,0,0,0,1769
11/19/2007,LAS,NV,AWP,WE,Towers with Radar,1195,129,83,0,1407,0,282,20,0,302,1195,458,103,0,1756,0,0,0,1781
11/20/2007,LAS,NV,AWP,WE,Towers with Radar,1159,125,112,4,1400,0,266,20,6,292,1159,436,132,10,1737,0,0,0,1767
11/21/2007,LAS,NV,AWP,WE,Towers with Radar,1181,123,147,2,1453,1,278,24,1,304,1182,455,171,3,1811,0,0,0,1835
11/22/2007,LAS,NV,AWP,WE,Towers with Radar,975,83,42,0,1100,0,225,13,0,238,975,345,55,0,1375,0,0,0,1396
11/23/2007,LAS,NV,AWP,WE,Towers with Radar,1002,103,82,0,1187,1,293,12,0,306,1003,419,94,0,1516,0,0,0,1537
11/24/2007,LAS,NV,AWP,WE,Towers with Radar,1003,128,81,2,1214,0,272,11,0,283,1003,452,92,2,1549,0,0,0,1569
11/25/2007,LAS,NV,AWP,WE,Towers with Radar,1136,137,149,1,1423,0,254,16,0,270,1136,433,165,1,1735,0,0,0,1766
11/26/2007,LAS,NV,AWP,WE,Towers with Radar,1237,116,112,6,1471,0,248,24,6,278,1237,404,136,12,1789,0,0,0,1812
11/27/2007,LAS,NV,AWP,WE,Towers with Radar,1143,107,127,2,1379,0,218,15,4,237,1143,366,142,6,1657,0,0,0,1680
11/28/2007,LAS,NV,AWP,WE,Towers with Radar,1102,117,102,1,1322,0,233,12,2,247,1102,388,114,3,1607,0,0,0,1635
11/29/2007,LAS,NV,AWP,WE,Towers with Radar,1170,136,120,1,1427,0,268,21,10,299,1170,432,141,11,1754,0,0,0,1780
11/30/2007,LAS,NV,AWP,WE,Towers with Radar,1076,118,130,4,1328,0,95,5,0,100,1076,226,135,4,1441,0,0,0,1462
12/01/2007,LAS,NV,AWP,WE,Towers with Radar,1110,121,89,4,1324,0,233,10,0,243,1111,365,99,4,1579,0,0,0,1607
12/02/2007,LAS,NV,AWP,WE,Towers with Radar,1067,140,124,7,1338,0,257,19,1,277,1067,429,143,8,1647,0,0,0,1668
12/03/2007,LAS,NV,AWP,WE,Towers with Radar,1223,125,100,1,1449,0,260,16,0,276,1223,425,116,1,1765,0,0,0,1794
12/04/2007,LAS,NV,AWP,WE,Towers with Radar,1088,137,117,0,1342,0,298,17,0,315,1089,454,134,0,1677,0,0,0,1716
12/05/2007,LAS,NV,AWP,WE,Towers with Radar,1071,121,111,0,1303,0,265,17,2,284,1071,427,128,2,1628,0,0,0,1667
12/06/2007,LAS,NV,AWP,WE,Towers with Radar,1171,150,177,5,1503,0,269,23,1,293,1171,459,200,6,1836,0,0,0,1868
12/07/2007,LAS,NV,AWP,WE,Towers with Radar,1207,156,200,3,1566,0,220,6,0,226,1207,390,206,3,1806,0,0,0,1849
12/08/2007,LAS,NV,AWP,WE,Towers with Radar,1080,126,129,3,1338,0,220,8,0,228,1080,379,137,3,1599,0,0,0,1627
12/09/2007,LAS,NV,AWP,WE,Towers with Radar,1056,169,233,5,1463,0,291,13,0,304,1056,486,246,5,1793,0,0,0,1815
12/10/2007,LAS,NV,AWP,WE,Towers with Radar,1219,129,158,8,1514,0,295,21,4,320,1219,465,179,12,1875,0,0,0,1894
12/11/2007,LAS,NV,AWP,WE,Towers with Radar,1060,126,141,7,1334,1,274,20,2,297,1061,447,161,9,1678,0,0,0,1704
12/12/2007,LAS,NV,AWP,WE,Towers with Radar,1091,116,175,13,1395,0,223,20,11,254,1091,376,195,24,1686,0,0,0,1721
12/13/2007,LAS,NV,AWP,WE,Towers with Radar,1171,115,182,6,1474,0,213,33,2,248,1171,368,215,8,1762,0,0,0,1801
12/14/2007,LAS,NV,AWP,WE,Towers with Radar,1207,166,171,13,1557,1,232,15,23,271,1208,428,186,36,1858,0,0,0,1888
12/15/2007,LAS,NV,AWP,WE,Towers with Radar,1026,112,115,1,1254,0,222,26,0,248,1026,358,141,1,1526,0,0,0,1551
12/16/2007,LAS,NV,AWP,WE,Towers with Radar,1048,126,186,6,1366,0,199,21,0,220,1048,365,207,6,1626,0,0,0,1645
12/17/2007,LAS,NV,AWP,WE,Towers with Radar,1197,100,116,0,1413,0,187,22,1,210,1197,341,138,1,1677,0,0,0,1710
12/18/2007,LAS,NV,AWP,WE,Towers with Radar,1088,101,109,7,1305,0,148,16,4,168,1088,278,125,11,1502,0,0,0,1518
12/19/2007,LAS,NV,AWP,WE,Towers with Radar,1096,110,111,0,1317,0,161,21,2,184,1096,309,132,2,1539,0,0,0,1576
12/20/2007,LAS,NV,AWP,WE,Towers with Radar,1146,118,106,0,1370,0,140,15,9,164,1146,277,121,9,1553,0,0,0,1584
12/21/2007,LAS,NV,AWP,WE,Towers with Radar,1210,121,103,1,1435,0,172,13,3,188,1210,326,116,4,1656,0,0,0,1680
12/22/2007,LAS,NV,AWP,WE,Towers with Radar,1065,95,114,0,1274,0,168,14,0,182,1065,288,128,0,1481,0,0,0,1504
12/23/2007,LAS,NV,AWP,WE,Towers with Radar,1125,80,95,0,1300,0,233,11,0,244,1125,339,106,0,1570,0,0,0,1594
12/24/2007,LAS,NV,AWP,WE,Towers with Radar,1016,71,45,4,1136,0,224,16,4,244,1016,324,61,8,1409,0,0,0,1431
12/25/2007,LAS,NV,AWP,WE,Towers with Radar,902,78,51,0,1031,0,131,6,0,137,902,242,57,0,1201,0,0,0,1210
12/26/2007,LAS,NV,AWP,WE,Towers with Radar,1100,108,94,0,1302,2,325,18,1,346,1102,488,112,1,1703,0,0,0,1720
12/27/2007,LAS,NV,AWP,WE,Towers with Radar,1183,115,134,0,1432,1,315,17,2,335,1184,469,151,2,1806,0,0,0,1822
12/28/2007,LAS,NV,AWP,WE,Towers with Radar,1180,129,173,0,1482,0,317,31,34,382,1180,498,204,34,1916,0,0,0,1950
12/29/2007,LAS,NV,AWP,WE,Towers with Radar,1077,136,193,2,1408,0,320,11,0,331,1077,503,204,2,1786,0,0,0,1810
12/30/2007,LAS,NV,AWP,WE,Towers with Radar,1073,119,180,2,1374,0,361,17,2,380,1073,525,197,4,1799,0,0,0,1825
12/31/2007,LAS,NV,AWP,WE,Towers with Radar,990,96,86,0,1172,0,287,29,26,342,990,445,115,26,1576,0,0,0,1621
01/01/2008,LAS,NV,AWP,WE,Towers with Radar,985,112,188,0,1285,1,322,32,38,393,986,459,220,38,1703,0,0,0,1744
01/02/2008,LAS,NV,AWP,WE,Towers with Radar,1159,137,217,4,1517,0,350,14,1,365,1159,531,231,5,1926,0,0,0,1956
01/03/2008,LAS,NV,AWP,WE,Towers with Radar,1200,113,141,6,1460,0,331,18,9,358,1200,468,159,15,1842,0,0,0,1871
01/04/2008,LAS,NV,AWP,WE,Towers with Radar,1155,125,99,8,1387,0,306,23,2,331,1155,456,122,10,1743,0,0,0,1776
01/05/2008,LAS,NV,AWP,WE,Towers with Radar,1028,101,117,5,1251,0,186,1,0,187,1028,296,118,5,1447,0,0,0,1467
01/06/2008,LAS,NV,AWP,WE,Towers with Radar,1105,147,191,1,1444,0,226,10,0,236,1105,392,201,1,1699,0,0,0,1727
01/07/2008,LAS,NV,AWP,WE,Towers with Radar,1200,166,176,6,1548,0,138,5,0,143,1200,354,181,6,1741,0,0,0,1783
01/08/2008,LAS,NV,AWP,WE,Towers with Radar,1048,160,194,2,1404,0,147,27,1,175,1048,342,221,3,1614,0,0,0,1637
01/09/2008,LAS,NV,AWP,WE,Towers with Radar,1079,161,209,4,1453,1,172,27,4,204,1080,367,236,8,1691,0,0,0,1726
01/10/2008,LAS,NV,AWP,WE,Towers with Radar,1154,149,189,0,1492,1,189,47,3,240,1155,367,236,3,1761,0,0,0,1790
01/11/2008,LAS,NV,AWP,WE,Towers with Radar,1204,154,171,9,1538,0,241,35,1,277,1204,433,206,10,1853,0,0,0,1880
01/12/2008,LAS,NV,AWP,WE,Towers with Radar,1005,86,75,4,1170,0,218,25,0,243,1005,327,100,4,1436,0,0,0,1457
01/13/2008,LAS,NV,AWP,WE,Towers with Radar,1051,125,141,6,1323,0,146,16,0,162,1051,295,157,6,1509,0,0,0,1530
01/14/2008,LAS,NV,AWP,WE,Towers with Radar,1167,114,114,9,1404,1,182,26,1,210,1168,327,140,10,1645,0,0,0,1678
01/15/2008,LAS,NV,AWP,WE,Towers with Radar,1030,106,149,3,1288,0,186,22,2,210,1031,320,171,5,1527,0,0,0,1556
01/16/2008,LAS,NV,AWP,WE,Towers with Radar,1068,127,132,2,1329,0,185,9,1,195,1068,343,141,3,1555,0,0,0,1580
01/17/2008,LAS,NV,AWP,WE,Towers with Radar,1143,151,154,1,1449,0,203,19,2,224,1143,397,173,3,1716,0,0,0,1749
01/18/2008,LAS,NV,AWP,WE,Towers with Radar,1227,154,210,8,1599,1,198,30,4,233,1229,391,240,12,1872,0,0,0,1906
01/19/2008,LAS,NV,AWP,WE,Towers with Radar,1007,86,96,3,1192,0,236,28,0,264,1007,377,124,3,1511,0,0,0,1532
01/20/2008,LAS,NV,AWP,WE,Towers with Radar,1047,90,108,4,1249,0,212,11,0,223,1047,335,119,4,1505,0,0,0,1532
01/21/2008,LAS,NV,AWP,WE,Towers with Radar,1126,140,137,0,1403,0,216,15,1,232,1126,381,152,1,1660,0,0,0,1683
01/22/2008,LAS,NV,AWP,WE,Towers with Radar,1049,106,137,0,1292,1,193,22,6,222,1050,343,159,6,1558,0,0,0,1590
01/23/2008,LAS,NV,AWP,WE,Towers with Radar,1052,118,124,3,1297,0,209,12,7,228,1052,372,136,10,1570,0,0,0,1604
01/24/2008,LAS,NV,AWP,WE,Towers with Radar,1127,132,144,3,1406,0,189,13,7,209,1127,356,157,10,1650,0,0,0,1693
01/25/2008,LAS,NV,AWP,WE,Towers with Radar,1149,144,153,7,1453,0,256,32,0,288,1149,439,185,7,1780,0,0,0,1825
01/26/2008,LAS,NV,AWP,WE,Towers with Radar,1006,85,98,4,1193,0,245,16,9,270,1006,348,114,13,1481,0,0,0,1506
01/27/2008,LAS,NV,AWP,WE,Towers with Radar,894,94,142,5,1135,2,25,2,1,30,896,124,144,6,1170,0,0,0,1194
01/28/2008,LAS,NV,AWP,WE,Towers with Radar,1266,105,123,1,1495,0,103,11,0,114,1267,216,134,1,1618,0,0,0,1642
01/29/2008,LAS,NV,AWP,WE,Towers with Radar,1044,125,126,2,1297,0,209,25,0,234,1044,397,151,2,1594,0,0,0,1624
01/30/2008,LAS,NV,AWP,WE,Towers with Radar,1060,138,165,2,1365,0,174,23,4,201,1060,333,188,6,1587,0,0,0,1612
01/31/2008,LAS,NV,AWP,WE,Towers with Radar,1129,127,147,1,1404,0,144,9,1,154,1129,302,156,2,1589,0,0,0,1602
02/01/2008,LAS,NV,AWP,WE,Towers with Radar,1205,164,222,7,1598,0,212,16,4,232,1205,413,238,11,1867,0,0,0,1894
02/02/2008,LAS,NV,AWP,WE,Towers with Radar,1030,145,147,1,1323,0,213,27,2,242,1030,411,174,3,1618,0,0,0,1657
02/03/2008,LAS,NV,AWP,WE,Towers with Radar,919,148,172,5,1244,0,32,9,0,41,919,188,181,5,1293,0,0,0,1313
02/04/2008,LAS,NV,AWP,WE,Towers with Radar,1221,201,276,3,1701,0,162,17,0,179,1221,382,293,3,1899,0,0,0,1934
02/05/2008,LAS,NV,AWP,WE,Towers with Radar,1047,128,132,4,1311,0,194,20,3,217,1047,341,152,7,1547,0,0,0,1570
02/06/2008,LAS,NV,AWP,WE,Towers with Radar,1028,101,143,2,1274,1,209,23,5,238,1029,335,166,7,1537,0,0,0,1576
02/07/2008,LAS,NV,AWP,WE,Towers with Radar,1139,130,137,0,1406,1,218,26,3,248,1141,371,163,3,1678,0,0,0,1701
02/08/2008,LAS,NV,AWP,WE,Towers with Radar,1206,171,142,8,1527,0,264,23,5,292,1206,458,165,13,1842,0,0,0,1882
02/09/2008,LAS,NV,AWP,WE,Towers with Radar,1009,98,93,5,1205,1,237,34,2,274,1010,347,127,7,1491,0,0,0,1503
02/10/2008,LAS,NV,AWP,WE,Towers with Radar,1040,135,165,9,1349,1,217,17,5,240,1041,379,182,14,1616,0,0,0,1638
02/11/2008,LAS,NV,AWP,WE,Towers with Radar,1179,112,125,1,1417,0,248,36,2,286,1179,381,161,3,1724,0,0,0,1755
02/12/2008,LAS,NV,AWP,WE,Towers with Radar,1021,95,147,2,1265,0,244,20,1,265,1021,380,167,3,1571,0,0,0,1603
02/13/2008,LAS,NV,AWP,WE,Towers with Radar,898,95,145,3,1141,0,138,24,1,163,899,257,169,4,1329,0,0,0,1369
02/14/2008,LAS,NV,AWP,WE,Towers with Radar,1197,121,146,0,1464,1,248,18,0,267,1199,396,164,0,1759,0,0,0,1778
02/15/2008,LAS,NV,AWP,WE,Towers with Radar,1167,129,180,7,1483,1,237,20,0,258,1168,407,200,7,1782,0,0,0,1818
02/16/2008,LAS,NV,AWP,WE,Towers with Radar,1004,108,113,3,1228,0,309,33,1,343,1004,442,146,4,1596,0,0,0,1626
02/17/2008,LAS,NV,AWP,WE,Towers with Radar,1067,113,144,0,1324,0,277,20,2,299,1067,413,164,2,1646,0,0,0,1662
02/18/2008,LAS,NV,AWP,WE,Towers with Radar,1146,118,145,1,1410,1,249,19,0,269,1147,394,164,1,1706,0,0,0,1740
02/19/2008,LAS,NV,AWP,WE,Towers with Radar,1100,106,112,5,1323,1,281,17,5,304,1101,424,129,10,1664,0,0,0,1695
02/20/2008,LAS,NV,AWP,WE,Towers with Radar,1066,109,111,1,1287,0,204,13,6,223,1066,325,124,7,1522,0,0,0,1564
02/21/2008,LAS,NV,AWP,WE,Towers with Radar,1145,136,142,0,1423,0,251,20,1,272,1145,406,162,1,1714,0,0,0,1764
02/22/2008,LAS,NV,AWP,WE,Towers with Radar,1171,135,158,4,1468,0,162,22,4,188,1171,304,180,8,1663,0,0,0,1696
02/23/2008,LAS,NV,AWP,WE,Towers with Radar,1030,93,97,1,1221,2,281,16,1,300,1032,391,113,2,1538,0,0,0,1577
02/24/2008,LAS,NV,AWP,WE,Towers with Radar,1064,99,145,3,1311,0,210,4,0,214,1064,341,149,3,1557,0,0,0,1588
02/25/2008,LAS,NV,AWP,WE,Towers with Radar,1196,124,128,2,1450,0,240,24,1,265,1196,388,152,3,1739,0,0,0,1771
02/26/2008,LAS,NV,AWP,WE,Towers with Radar,1086,116,144,1,1347,0,247,24,1,272,1086,382,168,2,1638,0,0,0,1664
02/27/2008,LAS,NV,AWP,WE,Towers with Radar,1091,127,182,3,1403,0,232,24,7,263,1091,374,206,10,1681,0,0,0,1723
02/28/2008,LAS,NV,AWP,WE,Towers with Radar,1176,144,179,1,1500,2,251,53,2,308,1178,445,232,3,1858,0,0,0,1894
02/29/2008,LAS,NV,AWP,WE,Towers with Radar,1185,150,174,6,1515,0,300,29,10,339,1185,471,203,16,1875,0,0,0,1904
03/01/2008,LAS,NV,AWP,WE,Towers with Radar,1016,125,94,1,1236,0,352,20,3,375,1016,522,114,4,1656,0,0,0,1697
03/02/2008,LAS,NV,AWP,WE,Towers with Radar,1085,142,191,2,1420,0,707,29,1,737,1085,940,220,3,2248,0,0,0,2266
03/03/2008,LAS,NV,AWP,WE,Towers with Radar,1181,126,150,0,1457,0,259,27,0,286,1181,414,177,0,1772,0,0,0,1787
03/04/2008,LAS,NV,AWP,WE,Towers with Radar,1071,123,154,2,1350,0,227,22,9,258,1071,386,176,11,1644,0,0,0,1683
03/05/2008,LAS,NV,AWP,WE,Towers with Radar,1092,135,156,1,1384,0,234,35,4,273,1092,402,191,5,1690,0,0,0,1733
03/06/2008,LAS,NV,AWP,WE,Towers with Radar,1151,139,130,2,1422,1,262,16,0,279,1152,443,146,2,1743,0,0,0,1772
03/07/2008,LAS,NV,AWP,WE,Towers with Radar,1155,145,149,5,1454,1,286,19,3,309,1156,446,168,8,1778,0,0,0,1821
03/08/2008,LAS,NV,AWP,WE,Towers with Radar,1061,95,76,2,1234,1,277,16,2,296,1062,395,92,4,1553,0,0,0,1572
03/09/2008,LAS,NV,AWP,WE,Towers with Radar,1092,145,148,3,1388,1,260,21,3,285,1093,431,169,6,1699,0,0,0,1708
03/10/2008,LAS,NV,AWP,WE,Towers with Radar,1159,137,140,7,1443,1,282,26,4,313,1160,437,166,11,1774,0,0,0,1797
03/11/2008,LAS,NV,AWP,WE,Towers with Radar,1097,120,223,7,1447,0,277,33,10,320,1097,418,256,17,1788,0,0,0,1825
03/12/2008,LAS,NV,AWP,WE,Towers with Radar,1073,138,183,9,1403,0,317,31,1,349,1073,468,214,10,1765,0,0,0,1810
03/13/2008,LAS,NV,AWP,WE,Towers with Radar,1173,160,229,3,1565,0,353,26,3,382,1173,545,255,6,1979,0,0,0,2056
03/14/2008,LAS,NV,AWP,WE,Towers with Radar,1184,166,223,13,1586,0,354,23,2,379,1184,550,246,15,1995,0,0,0,2027
03/15/2008,LAS,NV,AWP,WE,Towers with Radar,1120,117,121,1,1359,0,364,5,2,371,1120,510,126,3,1759,0,0,0,1801
03/16/2008,LAS,NV,AWP,WE,Towers with Radar,1081,128,190,6,1405,0,152,9,6,167,1081,290,199,12,1582,0,0,0,1599
03/17/2008,LAS,NV,AWP,WE,Towers with Radar,1192,128,100,3,1423,0,342,13,0,355,1193,492,113,3,1801,0,0,0,1822
03/18/2008,LAS,NV,AWP,WE,Towers with Radar,1067,114,105,0,1286,2,400,20,3,425,1069,535,125,3,1732,0,0,0,1762
03/19/2008,LAS,NV,AWP,WE,Towers with Radar,1114,130,142,8,1394,0,356,26,15,397,1114,511,168,23,1816,0,0,0,1863
03/20/2008,LAS,NV,AWP,WE,Towers with Radar,1179,144,131,4,1458,0,337,34,11,382,1179,507,165,15,1866,0,0,0,1898
03/21/2008,LAS,NV,AWP,WE,Towers with Radar,1187,121,96,10,1414,0,333,19,0,352,1187,483,115,10,1795,0,0,0,1822
03/22/2008,LAS,NV,AWP,WE,Towers with Radar,1105,104,90,11,1310,1,334,12,1,348,1106,465,102,12,1685,0,0,0,1700
03/23/2008,LAS,NV,AWP,WE,Towers with Radar,1106,108,79,3,1296,0,347,28,0,375,1106,472,107,3,1688,0,0,0,1706
03/24/2008,LAS,NV,AWP,WE,Towers with Radar,1178,97,93,5,1373,0,339,31,2,372,1178,457,124,7,1766,0,0,0,1803
03/25/2008,LAS,NV,AWP,WE,Towers with Radar,1080,113,85,13,1291,0,334,18,1,353,1080,465,103,14,1662,0,0,0,1708
03/26/2008,LAS,NV,AWP,WE,Towers with Radar,1104,121,108,9,1342,0,350,24,32,406,1104,502,132,41,1779,0,0,0,1839
03/27/2008,LAS,NV,AWP,WE,Towers with Radar,1163,137,107,9,1416,0,326,19,10,355,1163,480,126,19,1788,0,0,0,1829
03/28/2008,LAS,NV,AWP,WE,Towers with Radar,1196,132,144,5,1477,0,332,17,3,352,1196,479,161,8,1844,0,0,0,1892
03/29/2008,LAS,NV,AWP,WE,Towers with Radar,1076,105,89,3,1273,1,279,14,8,302,1077,407,103,11,1598,0,0,0,1639
03/30/2008,LAS,NV,AWP,WE,Towers with Radar,1086,108,170,6,1370,1,244,18,2,265,1087,382,188,8,1665,0,0,0,1705
03/31/2008,LAS,NV,AWP,WE,Towers with Radar,1170,122,117,1,1410,1,322,15,0,338,1171,464,132,1,1768,0,0,0,1799
04/01/2008,LAS,NV,AWP,WE,Towers with Radar,1132,112,122,2,1368,0,261,18,0,279,1132,402,140,2,1676,0,0,0,1714
04/02/2008,LAS,NV,AWP,WE,Towers with Radar,1104,127,126,7,1364,0,291,27,12,330,1105,449,153,19,1726,0,0,0,1786
04/03/2008,LAS,NV,AWP,WE,Towers with Radar,1156,128,111,0,1395,0,287,24,0,311,1156,446,135,0,1737,0,0,0,1765
04/04/2008,LAS,NV,AWP,WE,Towers with Radar,1173,117,121,1,1412,0,331,19,0,350,1173,468,140,1,1782,0,0,0,1841
04/05/2008,LAS,NV,AWP,WE,Towers with Radar,1059,93,76,3,1231,0,294,18,0,312,1060,413,94,3,1570,0,0,0,1611
04/06/2008,LAS,NV,AWP,WE,Towers with Radar,1064,130,144,4,1342,0,275,27,4,306,1064,431,171,8,1674,0,0,0,1716
04/07/2008,LAS,NV,AWP,WE,Towers with Radar,1184,114,107,1,1406,0,272,30,1,303,1184,412,137,2,1735,0,0,0,1764
04/08/2008,LAS,NV,AWP,WE,Towers with Radar,1054,97,97,0,1248,0,310,15,3,328,1054,419,112,3,1588,0,0,0,1632
04/09/2008,LAS,NV,AWP,WE,Towers with Radar,1041,111,139,2,1293,1,291,24,0,316,1042,414,163,2,1621,0,0,0,1641
04/10/2008,LAS,NV,AWP,WE,Towers with Radar,1105,135,129,0,1369,0,303,34,4,341,1105,482,163,4,1754,0,0,0,1799
04/11/2008,LAS,NV,AWP,WE,Towers with Radar,1163,139,157,3,1462,1,319,19,2,341,1164,488,176,5,1833,0,0,0,1860
04/12/2008,LAS,NV,AWP,WE,Towers with Radar,1054,81,83,5,1223,0,294,23,3,320,1054,394,106,8,1562,0,0,0,1585
04/13/2008,LAS,NV,AWP,WE,Towers with Radar,1069,119,156,5,1349,0,275,20,5,300,1069,423,176,10,1678,0,0,0,1693
04/14/2008,LAS,NV,AWP,WE,Towers with Radar,1153,108,115,4,1380,1,257,23,1,282,1154,393,138,5,1690,0,0,0,1725
04/15/2008,LAS,NV,AWP,WE,Towers with Radar,1020,97,131,0,1248,0,197,16,3,216,1021,315,147,3,1486,0,0,0,1524
04/16/2008,LAS,NV,AWP,WE,Towers with Radar,1073,121,139,0,1333,0,261,16,0,277,1073,411,155,0,1639,0,0,0,1658
04/17/2008,LAS,NV,AWP,WE,Towers with Radar,1137,163,150,4,1454,0,263,21,2,286,1137,453,171,6,1767,0,0,0,1793
04/18/2008,LAS,NV,AWP,WE,Towers with Radar,1170,138,183,8,1499,0,345,29,1,375,1170,511,212,9,1902,0,0,0,1951
04/19/2008,LAS,NV,AWP,WE,Towers with Radar,1036,89,84,3,1212,0,265,19,3,287,1036,379,103,6,1524,0,0,0,1558
04/20/2008,LAS,NV,AWP,WE,Towers with Radar,1055,143,180,5,1383,0,317,15,1,333,1055,477,195,6,1733,0,0,0,1771
04/21/2008,LAS,NV,AWP,WE,Towers with Radar,1169,105,109,3,1386,1,366,30,2,399,1170,498,139,5,1812,0,0,0,1832
04/22/2008,LAS,NV,AWP,WE,Towers with Radar,1060,102,102,0,1264,0,348,27,9,384,1060,474,129,9,1672,0,0,0,1712
04/23/2008,LAS,NV,AWP,WE,Towers with Radar,1039,85,102,4,1230,0,326,23,8,357,1039,438,125,12,1614,0,0,0,1672
04/24/2008,LAS,NV,AWP,WE,Towers with Radar,1154,130,126,4,1414,0,323,25,0,348,1154,486,151,4,1795,0,0,0,1830
04/25/2008,LAS,NV,AWP,WE,Towers with Radar,1163,126,129,1,1419,0,321,32,7,360,1163,478,161,8,1810,0,0,0,1841
04/26/2008,LAS,NV,AWP,WE,Towers with Radar,1046,82,71,3,1202,0,343,10,0,353,1046,448,81,3,1578,0,0,0,1598
04/27/2008,LAS,NV,AWP,WE,Towers with Radar,1077,115,147,2,1341,1,297,29,0,327,1078,435,176,2,1691,0,0,0,1705
04/28/2008,LAS,NV,AWP,WE,Towers with Radar,1165,129,117,0,1411,0,337,36,0,373,1165,491,153,0,1809,0,0,0,1854
04/29/2008,LAS,NV,AWP,WE,Towers with Radar,1058,112,114,3,1287,1,294,22,16,333,1060,430,136,19,1645,0,0,0,1686
04/30/2008,LAS,NV,AWP,WE,Towers with Radar,1066,109,129,3,1307,1,308,26,5,340,1067,428,155,8,1658,0,0,0,1711
05/01/2008,LAS,NV,AWP,WE,Towers with Radar,1159,138,150,1,1448,1,334,17,9,361,1160,487,167,10,1824,0,0,0,1860
05/02/2008,LAS,NV,AWP,WE,Towers with Radar,1157,149,168,11,1485,1,381,27,22,431,1158,562,195,33,1948,0,0,0,1982
05/03/2008,LAS,NV,AWP,WE,Towers with Radar,1058,99,129,5,1291,0,325,28,1,354,1058,454,157,6,1675,0,0,0,1709
05/04/2008,LAS,NV,AWP,WE,Towers with Radar,1059,141,198,6,1404,0,318,19,1,338,1061,481,217,7,1766,0,0,0,1805
05/05/2008,LAS,NV,AWP,WE,Towers with Radar,1159,132,150,0,1441,0,305,20,0,325,1160,463,170,0,1793,0,0,0,1830
05/06/2008,LAS,NV,AWP,WE,Towers with Radar,1069,98,166,3,1336,0,314,23,6,343,1069,445,189,9,1712,0,0,0,1747
05/07/2008,LAS,NV,AWP,WE,Towers with Radar,1050,107,158,3,1318,0,313,24,14,351,1050,436,182,17,1685,0,0,0,1734
05/08/2008,LAS,NV,AWP,WE,Towers with Radar,1160,125,139,4,1428,1,355,32,12,400,1161,498,171,16,1846,0,0,0,1890
05/09/2008,LAS,NV,AWP,WE,Towers with Radar,1154,123,133,4,1414,0,338,44,5,387,1154,491,177,9,1831,0,0,0,1882
05/10/2008,LAS,NV,AWP,WE,Towers with Radar,1048,107,91,2,1248,0,319,24,0,343,1048,475,115,2,1640,0,0,0,1665
05/11/2008,LAS,NV,AWP,WE,Towers with Radar,1039,113,119,0,1271,0,284,19,2,305,1039,426,138,2,1605,0,0,0,1624
05/12/2008,LAS,NV,AWP,WE,Towers with Radar,1139,122,103,0,1364,0,288,19,0,307,1139,434,122,0,1695,0,0,0,1715
05/13/2008,LAS,NV,AWP,WE,Towers with Radar,1076,113,122,0,1311,0,300,17,2,319,1076,437,139,2,1654,0,0,0,1673
05/14/2008,LAS,NV,AWP,WE,Towers with Radar,1074,119,152,0,1345,0,335,23,5,363,1074,478,175,5,1732,0,0,0,1774
05/15/2008,LAS,NV,AWP,WE,Towers with Radar,1148,133,152,2,1435,0,291,22,7,320,1148,443,174,9,1774,0,0,0,1797
05/16/2008,LAS,NV,AWP,WE,Towers with Radar,1158,168,136,4,1466,0,259,22,0,281,1158,453,158,4,1773,0,0,0,1806
05/17/2008,LAS,NV,AWP,WE,Towers with Radar,1040,131,144,3,1318,0,308,19,0,327,1040,479,163,3,1685,0,0,0,1711
05/18/2008,LAS,NV,AWP,WE,Towers with Radar,1043,189,253,2,1487,0,273,20,1,294,1043,493,273,3,1812,0,0,0,1852
05/19/2008,LAS,NV,AWP,WE,Towers with Radar,1155,176,193,0,1524,0,242,30,3,275,1155,434,223,3,1815,0,0,0,1855
05/20/2008,LAS,NV,AWP,WE,Towers with Radar,1039,186,185,2,1412,0,254,32,1,287,1039,450,217,3,1709,0,0,0,1761
05/21/2008,LAS,NV,AWP,WE,Towers with Radar,1085,155,219,0,1459,0,221,19,3,243,1085,397,238,3,1723,0,0,0,1752
05/22/2008,LAS,NV,AWP,WE,Towers with Radar,1132,134,154,0,1420,0,295,11,0,306,1132,450,165,0,1747,0,0,0,1784
05/23/2008,LAS,NV,AWP,WE,Towers with Radar,1113,128,193,0,1434,0,277,4,1,282,1114,414,197,1,1726,0,0,0,1783
05/24/2008,LAS,NV,AWP,WE,Towers with Radar,1068,97,102,2,1269,0,314,6,0,320,1068,425,108,2,1603,0,0,0,1625
05/25/2008,LAS,NV,AWP,WE,Towers with Radar,985,80,96,1,1162,0,275,10,0,285,985,384,106,1,1476,0,0,0,1496
05/26/2008,LAS,NV,AWP,WE,Towers with Radar,1046,117,130,0,1293,0,320,20,0,340,1046,456,150,0,1652,0,0,0,1688
05/27/2008,LAS,NV,AWP,WE,Towers with Radar,1041,96,90,0,1227,0,365,29,10,404,1041,481,119,10,1651,0,0,0,1681
05/28/2008,LAS,NV,AWP,WE,Towers with Radar,1095,113,97,1,1306,0,329,21,6,356,1095,455,118,7,1675,0,0,0,1714
05/29/2008,LAS,NV,AWP,WE,Towers with Radar,1143,118,113,1,1375,0,338,10,3,351,1143,478,123,4,1748,0,0,0,1796
05/30/2008,LAS,NV,AWP,WE,Towers with Radar,1161,141,133,2,1437,1,291,13,2,307,1162,454,146,4,1766,0,0,0,1797
05/31/2008,LAS,NV,AWP,WE,Towers with Radar,1027,74,87,1,1189,1,276,15,1,293,1028,379,102,2,1511,0,0,0,1548
06/01/2008,LAS,NV,AWP,WE,Towers with Radar,1046,90,141,1,1278,0,292,18,0,310,1046,409,159,1,1615,0,0,0,1655
06/02/2008,LAS,NV,AWP,WE,Towers with Radar,1136,111,93,0,1340,0,303,22,0,325,1136,433,115,0,1684,0,0,0,1716
06/03/2008,LAS,NV,AWP,WE,Towers with Radar,1046,92,96,2,1236,0,337,20,3,360,1046,447,116,5,1614,0,0,0,1651
06/04/2008,LAS,NV,AWP,WE,Towers with Radar,1081,94,72,1,1248,0,198,17,0,215,1082,299,89,1,1471,0,0,0,1505
06/05/2008,LAS,NV,AWP,WE,Towers with Radar,1151,117,105,2,1375,0,326,23,2,351,1151,462,128,4,1745,0,0,0,1775
06/06/2008,LAS,NV,AWP,WE,Towers with Radar,1178,110,120,9,1417,1,308,18,1,328,1179,438,138,10,1765,0,0,0,1819
06/07/2008,LAS,NV,AWP,WE,Towers with Radar,1048,81,62,6,1197,0,312,8,9,329,1048,434,70,15,1567,0,0,0,1600
06/08/2008,LAS,NV,AWP,WE,Towers with Radar,1040,96,112,15,1263,0,265,18,8,291,1041,385,130,23,1579,0,0,0,1593
06/09/2008,LAS,NV,AWP,WE,Towers with Radar,1138,90,100,7,1335,0,291,17,0,308,1138,400,117,7,1662,0,0,0,1683
06/10/2008,LAS,NV,AWP,WE,Towers with Radar,1070,83,93,2,1248,0,288,16,3,307,1070,394,109,5,1578,0,0,0,1603
06/11/2008,LAS,NV,AWP,WE,Towers with Radar,1087,96,111,5,1299,0,307,19,4,330,1087,425,130,9,1651,0,0,0,1677
06/12/2008,LAS,NV,AWP,WE,Towers with Radar,1132,150,113,2,1397,0,305,13,4,322,1132,484,126,6,1748,0,0,0,1781
06/13/2008,LAS,NV,AWP,WE,Towers with Radar,1149,155,135,3,1442,0,293,12,2,307,1149,482,147,5,1783,0,0,0,1808
06/14/2008,LAS,NV,AWP,WE,Towers with Radar,1054,120,65,0,1239,1,272,13,1,287,1055,423,78,1,1557,0,0,0,1584
06/15/2008,LAS,NV,AWP,WE,Towers with Radar,1054,154,126,0,1334,0,260,22,0,282,1054,460,148,0,1662,0,0,0,1693
06/16/2008,LAS,NV,AWP,WE,Towers with Radar,1108,113,104,1,1326,0,300,18,0,318,1108,433,122,1,1664,0,0,0,1714
06/17/2008,LAS,NV,AWP,WE,Towers with Radar,1080,139,102,0,1321,0,310,19,4,333,1080,466,121,4,1671,0,0,0,1705
06/18/2008,LAS,NV,AWP,WE,Towers with Radar,1093,102,130,7,1332,1,299,13,8,321,1094,408,143,15,1660,0,0,0,1696
06/19/2008,LAS,NV,AWP,WE,Towers with Radar,1122,99,98,1,1320,0,296,16,10,322,1122,411,114,11,1658,0,0,0,1688
06/20/2008,LAS,NV,AWP,WE,Towers with Radar,1182,116,136,1,1435,0,323,26,4,353,1182,456,162,5,1805,0,0,0,1839
06/21/2008,LAS,NV,AWP,WE,Towers with Radar,1039,92,76,2,1209,1,321,17,0,339,1040,432,93,2,1567,0,0,0,1601
06/22/2008,LAS,NV,AWP,WE,Towers with Radar,1061,116,138,2,1317,0,285,22,1,308,1061,445,160,3,1669,0,0,0,1695
06/23/2008,LAS,NV,AWP,WE,Towers with Radar,1143,101,89,0,1333,0,286,14,0,300,1143,409,103,0,1655,0,0,0,1674
06/24/2008,LAS,NV,AWP,WE,Towers with Radar,1084,85,92,0,1261,0,292,23,4,319,1084,391,115,4,1594,0,0,0,1620
06/25/2008,LAS,NV,AWP,WE,Towers with Radar,1079,94,98,3,1274,0,294,22,2,318,1079,415,120,5,1619,0,0,0,1664
06/26/2008,LAS,NV,AWP,WE,Towers with Radar,1144,115,119,1,1379,0,314,27,0,341,1144,459,146,1,1750,0,0,0,1810
06/27/2008,LAS,NV,AWP,WE,Towers with Radar,1165,143,142,2,1452,2,317,25,2,346,1167,476,167,4,1814,0,0,0,1859
06/28/2008,LAS,NV,AWP,WE,Towers with Radar,1059,88,80,4,1231,1,295,21,0,317,1060,415,101,4,1580,0,0,0,1602
06/29/2008,LAS,NV,AWP,WE,Towers with Radar,1067,108,121,3,1299,1,242,15,1,259,1068,380,136,4,1588,0,0,0,1612
06/30/2008,LAS,NV,AWP,WE,Towers with Radar,1141,87,88,2,1318,1,271,15,0,287,1142,393,103,2,1640,0,0,0,1678
07/01/2008,LAS,NV,AWP,WE,Towers with Radar,1091,83,69,1,1244,0,315,22,2,339,1091,398,91,3,1583,0,0,0,1583
07/02/2008,LAS,NV,AWP,WE,Towers with Radar,1080,83,69,0,1232,0,299,23,11,333,1080,382,92,11,1565,0,0,0,1565
07/03/2008,LAS,NV,AWP,WE,Towers with Radar,1145,113,105,1,1364,0,305,16,2,323,1145,418,121,3,1687,0,0,0,1687
07/04/2008,LAS,NV,AWP,WE,Towers with Radar,1003,58,67,3,1131,2,313,17,6,338,1005,371,84,9,1469,0,0,0,1469
07/05/2008,LAS,NV,AWP,WE,Towers with Radar,940,64,75,0,1079,0,320,19,0,339,940,384,94,0,1418,0,0,0,1418
07/06/2008,LAS,NV,AWP,WE,Towers with Radar,1055,102,117,5,1279,1,314,29,3,347,1056,416,146,8,1626,0,0,0,1626
07/07/2008,LAS,NV,AWP,WE,Towers with Radar,1145,106,82,1,1334,0,287,22,0,309,1145,393,104,1,1643,0,0,0,1643
07/08/2008,LAS,NV,AWP,WE,Towers with Radar,1064,95,92,1,1252,0,310,13,5,328,1064,405,105,6,1580,0,0,0,1580
07/09/2008,LAS,NV,AWP,WE,Towers with Radar,1101,94,107,0,1302,0,316,32,0,348,1101,410,139,0,1650,0,0,0,1650
07/10/2008,LAS,NV,AWP,WE,Towers with Radar,1146,100,87,0,1333,1,329,16,3,349,1147,429,103,3,1682,0,0,0,1682
07/11/2008,LAS,NV,AWP,WE,Towers with Radar,1174,101,118,5,1398,0,318,11,7,336,1174,419,129,12,1734,0,0,0,1734
07/12/2008,LAS,NV,AWP,WE,Towers with Radar,1045,70,62,5,1182,1,292,12,0,305,1046,362,74,5,1487,0,0,0,1487
07/13/2008,LAS,NV,AWP,WE,Towers with Radar,1043,83,117,8,1251,0,221,24,0,245,1043,304,141,8,1496,0,0,0,1496
07/14/2008,LAS,NV,AWP,WE,Towers with Radar,1160,97,82,7,1346,2,304,24,2,332,1162,401,106,9,1678,0,0,0,1678
07/15/2008,LAS,NV,AWP,WE,Towers with Radar,1081,93,83,3,1260,0,339,24,7,370,1081,432,107,10,1630,0,0,0,1630
07/16/2008,LAS,NV,AWP,WE,Towers with Radar,1095,95,89,4,1283,0,320,14,4,338,1095,415,103,8,1621,0,0,0,1621
07/17/2008,LAS,NV,AWP,WE,Towers with Radar,1135,110,125,0,1370,1,321,19,5,346,1136,431,144,5,1716,0,0,0,1716
07/18/2008,LAS,NV,AWP,WE,Towers with Radar,1161,105,115,1,1382,0,372,24,3,399,1161,477,139,4,1781,0,0,0,1781
07/19/2008,LAS,NV,AWP,WE,Towers with Radar,1046,90,80,4,1220,2,309,14,6,331,1048,399,94,10,1551,0,0,0,1551
07/20/2008,LAS,NV,AWP,WE,Towers with Radar,1056,99,136,1,1292,0,237,19,0,256,1056,336,155,1,1548,0,0,0,1548
07/21/2008,LAS,NV,AWP,WE,Towers with Radar,1131,105,91,9,1336,0,341,16,7,364,1131,446,107,16,1700,0,0,0,1700
07/22/2008,LAS,NV,AWP,WE,Towers with Radar,1064,84,80,2,1230,0,348,28,5,381,1064,432,108,7,1611,0,0,0,1611
07/23/2008,LAS,NV,AWP,WE,Towers with Radar,1075,75,86,4,1240,0,344,31,6,381,1075,419,117,10,1621,0,0,0,1621
07/24/2008,LAS,NV,AWP,WE,Towers with Radar,1141,91,126,2,1360,0,383,24,2,409,1141,474,150,4,1769,0,0,0,1769
07/25/2008,LAS,NV,AWP,WE,Towers with Radar,1162,113,149,3,1427,0,336,28,0,364,1162,449,177,3,1791,0,0,0,1791
07/26/2008,LAS,NV,AWP,WE,Towers with Radar,1053,88,90,0,1231,0,271,8,1,280,1053,359,98,1,1511,0,0,0,1511
07/27/2008,LAS,NV,AWP,WE,Towers with Radar,1046,105,131,2,1284,1,315,9,1,326,1047,420,140,3,1610,0,0,0,1610
07/28/2008,LAS,NV,AWP,WE,Towers with Radar,1149,103,94,2,1348,0,345,19,0,364,1149,448,113,2,1712,0,0,0,1712
07/29/2008,LAS,NV,AWP,WE,Towers with Radar,1068,105,98,4,1275,0,337,21,1,359,1068,442,119,5,1634,0,0,0,1634
07/30/2008,LAS,NV,AWP,WE,Towers with Radar,1096,96,109,1,1302,0,335,31,3,369,1096,431,140,4,1671,0,0,0,1671
07/31/2008,LAS,NV,AWP,WE,Towers with Radar,1137,104,105,6,1352,0,353,24,6,383,1137,457,129,12,1735,0,0,0,1735
08/01/2008,LAS,NV,AWP,WE,Towers with Radar,1171,93,92,3,1359,0,318,20,1,339,1171,411,112,4,1698,0,0,0,1698
08/02/2008,LAS,NV,AWP,WE,Towers with Radar,1007,59,54,5,1125,0,321,3,0,324,1007,380,57,5,1449,0,0,0,1449
08/03/2008,LAS,NV,AWP,WE,Towers with Radar,1090,81,97,8,1276,1,334,13,2,350,1091,415,110,10,1626,0,0,0,1626
08/04/2008,LAS,NV,AWP,WE,Towers with Radar,1121,80,82,3,1286,0,329,23,0,352,1121,409,105,3,1638,0,0,0,1638
08/05/2008,LAS,NV,AWP,WE,Towers with Radar,1070,64,100,5,1239,1,369,27,0,397,1071,433,127,5,1636,0,0,0,1636
08/06/2008,LAS,NV,AWP,WE,Towers with Radar,1106,75,81,2,1264,0,346,14,0,360,1106,421,95,2,1624,0,0,0,1624
08/07/2008,LAS,NV,AWP,WE,Towers with Radar,1148,105,97,0,1350,0,361,23,7,391,1148,466,120,7,1741,0,0,0,1741
08/08/2008,LAS,NV,AWP,WE,Towers with Radar,1191,107,95,10,1403,0,355,18,1,374,1191,462,113,11,1777,0,0,0,1777
08/09/2008,LAS,NV,AWP,WE,Towers with Radar,1045,57,82,4,1188,0,359,8,1,368,1045,416,90,5,1556,0,0,0,1556
08/10/2008,LAS,NV,AWP,WE,Towers with Radar,1059,94,120,5,1278,0,350,18,1,369,1059,444,138,6,1647,0,0,0,1647
08/11/2008,LAS,NV,AWP,WE,Towers with Radar,1142,79,82,5,1308,0,341,18,2,361,1142,420,100,7,1669,0,0,0,1669
08/12/2008,LAS,NV,AWP,WE,Towers with Radar,1078,93,104,9,1284,0,350,32,6,388,1078,443,136,15,1672,0,0,0,1672
08/13/2008,LAS,NV,AWP,WE,Towers with Radar,1081,87,86,8,1262,0,338,25,1,364,1081,425,111,9,1626,0,0,0,1626
08/14/2008,LAS,NV,AWP,WE,Towers with Radar,1140,87,122,4,1353,0,378,17,1,396,1140,465,139,5,1749,0,0,0,1749
08/15/2008,LAS,NV,AWP,WE,Towers with Radar,1161,99,113,5,1378,1,383,14,8,406,1162,482,127,13,1784,0,0,0,1784
08/16/2008,LAS,NV,AWP,WE,Towers with Radar,1039,72,85,6,1202,0,314,11,0,325,1039,386,96,6,1527,0,0,0,1527
08/17/2008,LAS,NV,AWP,WE,Towers with Radar,1077,95,127,5,1304,0,303,20,0,323,1077,398,147,5,1627,0,0,0,1627
08/18/2008,LAS,NV,AWP,WE,Towers with Radar,1138,90,91,3,1322,0,350,22,4,376,1138,440,113,7,1698,0,0,0,1698
08/19/2008,LAS,NV,AWP,WE,Towers with Radar,1077,79,95,3,1254,0,342,27,0,369,1077,421,122,3,1623,0,0,0,1623
08/20/2008,LAS,NV,AWP,WE,Towers with Radar,1030,86,99,1,1216,0,351,22,28,401,1030,437,121,29,1617,0,0,0,1617
08/21/2008,LAS,NV,AWP,WE,Towers with Radar,1090,75,111,2,1278,3,335,24,4,366,1093,410,135,6,1644,0,0,0,1644
08/22/2008,LAS,NV,AWP,WE,Towers with Radar,1098,85,110,12,1305,1,345,33,7,386,1099,430,143,19,1691,0,0,0,1691
08/23/2008,LAS,NV,AWP,WE,Towers with Radar,925,83,68,5,1081,0,320,8,2,330,925,403,76,7,1411,0,0,0,1411
08/24/2008,LAS,NV,AWP,WE,Towers with Radar,1016,99,134,4,1253,1,267,21,1,290,1017,366,155,5,1543,0,0,0,1543
08/25/2008,LAS,NV,AWP,WE,Towers with Radar,1047,73,121,0,1241,0,228,19,2,249,1047,301,140,2,1490,0,0,0,1490
08/26/2008,LAS,NV,AWP,WE,Towers with Radar,1030,99,101,0,1230,0,325,19,1,345,1030,424,120,1,1575,0,0,0,1575
08/27/2008,LAS,NV,AWP,WE,Towers with Radar,1028,97,131,1,1257,1,300,11,1,313,1029,397,142,2,1570,0,0,0,1570
08/28/2008,LAS,NV,AWP,WE,Towers with Radar,1097,79,100,3,1279,0,275,33,7,315,1097,354,133,10,1594,0,0,0,1594
08/29/2008,LAS,NV,AWP,WE,Towers with Radar,1096,95,142,7,1340,1,287,14,6,308,1097,382,156,13,1648,0,0,0,1648
08/30/2008,LAS,NV,AWP,WE,Towers with Radar,892,63,70,5,1030,0,226,8,0,234,892,289,78,5,1264,0,0,0,1264
08/31/2008,LAS,NV,AWP,WE,Towers with Radar,872,81,60,4,1017,0,258,7,1,266,872,339,67,5,1283,0,0,0,1283
09/01/2008,LAS,NV,AWP,WE,Towers with Radar,963,108,126,4,1201,0,266,20,0,286,963,374,146,4,1487,0,0,0,1487
09/02/2008,LAS,NV,AWP,WE,Towers with Radar,1003,76,82,4,1165,0,282,25,4,311,1003,358,107,8,1476,0,0,0,1476
09/03/2008,LAS,NV,AWP,WE,Towers with Radar,1017,73,104,4,1198,0,297,28,0,325,1017,370,132,4,1523,0,0,0,1523
09/04/2008,LAS,NV,AWP,WE,Towers with Radar,1085,81,95,2,1263,1,318,16,2,337,1086,399,111,4,1600,0,0,0,1600
09/05/2008,LAS,NV,AWP,WE,Towers with Radar,1087,96,133,10,1326,0,299,11,4,314,1087,395,144,14,1640,0,0,0,1640
09/06/2008,LAS,NV,AWP,WE,Towers with Radar,869,70,80,5,1024,1,295,8,1,305,870,365,88,6,1329,0,0,0,1329
09/07/2008,LAS,NV,AWP,WE,Towers with Radar,1017,91,99,6,1213,1,258,18,1,278,1018,349,117,7,1491,0,0,0,1491
09/08/2008,LAS,NV,AWP,WE,Towers with Radar,1064,68,104,0,1236,0,238,16,0,254,1064,306,120,0,1490,0,0,0,1490
09/09/2008,LAS,NV,AWP,WE,Towers with Radar,978,77,108,1,1164,0,321,20,1,342,978,398,128,2,1506,0,0,0,1506
09/10/2008,LAS,NV,AWP,WE,Towers with Radar,1002,83,85,10,1180,0,348,19,2,369,1002,431,104,12,1549,0,0,0,1549
09/11/2008,LAS,NV,AWP,WE,Towers with Radar,1089,95,101,6,1291,0,333,22,0,355,1089,428,123,6,1646,0,0,0,1646
09/12/2008,LAS,NV,AWP,WE,Towers with Radar,1069,126,117,10,1322,1,349,24,4,378,1070,475,141,14,1700,0,0,0,1700
09/13/2008,LAS,NV,AWP,WE,Towers with Radar,863,76,100,3,1042,0,355,14,0,369,863,431,114,3,1411,0,0,0,1411
09/14/2008,LAS,NV,AWP,WE,Towers with Radar,999,105,121,2,1227,0,350,26,0,376,999,455,147,2,1603,0,0,0,1603
09/15/2008,LAS,NV,AWP,WE,Towers with Radar,1052,96,81,0,1229,0,333,28,1,362,1052,429,109,1,1591,0,0,0,1591
09/16/2008,LAS,NV,AWP,WE,Towers with Radar,991,110,109,2,1212,0,364,18,0,382,991,474,127,2,1594,0,0,0,1594
09/17/2008,LAS,NV,AWP,WE,Towers with Radar,992,98,93,4,1187,1,337,27,5,370,993,435,120,9,1557,0,0,0,1557
09/18/2008,LAS,NV,AWP,WE,Towers with Radar,1096,83,106,0,1285,1,372,23,2,398,1097,455,129,2,1683,0,0,0,1683
09/19/2008,LAS,NV,AWP,WE,Towers with Radar,1083,102,126,7,1318,0,348,26,0,374,1083,450,152,7,1692,0,0,0,1692
09/20/2008,LAS,NV,AWP,WE,Towers with Radar,885,70,105,0,1060,0,321,13,2,336,885,391,118,2,1396,0,0,0,1396
09/21/2008,LAS,NV,AWP,WE,Towers with Radar,1012,122,156,5,1295,0,330,12,1,343,1012,452,168,6,1638,0,0,0,1638
09/22/2008,LAS,NV,AWP,WE,Towers with Radar,1083,92,121,2,1298,0,344,25,1,370,1083,436,146,3,1668,0,0,0,1668
09/23/2008,LAS,NV,AWP,WE,Towers with Radar,988,82,131,3,1204,0,363,25,0,388,988,445,156,3,1592,0,0,0,1592
09/24/2008,LAS,NV,AWP,WE,Towers with Radar,1006,103,155,2,1266,1,341,23,0,365,1007,444,178,2,1631,0,0,0,1631
09/25/2008,LAS,NV,AWP,WE,Towers with Radar,1096,95,147,3,1341,0,343,22,2,367,1096,438,169,5,1708,0,0,0,1708
09/26/2008,LAS,NV,AWP,WE,Towers with Radar,1098,103,153,6,1360,0,332,21,6,359,1098,435,174,12,1719,0,0,0,1719
09/27/2008,LAS,NV,AWP,WE,Towers with Radar,897,67,81,1,1046,0,321,17,1,339,897,388,98,2,1385,0,0,0,1385
09/28/2008,LAS,NV,AWP,WE,Towers with Radar,1017,110,135,5,1267,0,316,21,0,337,1017,426,156,5,1604,0,0,0,1604
09/29/2008,LAS,NV,AWP,WE,Towers with Radar,1080,73,80,1,1234,0,329,30,0,359,1080,402,110,1,1593,0,0,0,1593
09/30/2008,LAS,NV,AWP,WE,Towers with Radar,988,68,87,3,1146,0,346,30,1,377,988,414,117,4,1523,0,0,0,1523
10/01/2008,LAS,NV,AWP,WE,Towers with Radar,1004,75,88,7,1174,0,331,28,0,359,1004,406,116,7,1533,0,0,0,1533
10/02/2008,LAS,NV,AWP,WE,Towers with Radar,1096,97,116,1,1310,0,369,31,0,400,1096,466,147,1,1710,0,0,0,1710
10/03/2008,LAS,NV,AWP,WE,Towers with Radar,1090,110,123,1,1324,0,325,20,2,347,1090,435,143,3,1671,0,0,0,1671
10/04/2008,LAS,NV,AWP,WE,Towers with Radar,871,63,77,4,1015,0,276,6,7,289,871,339,83,11,1304,0,0,0,1304
10/05/2008,LAS,NV,AWP,WE,Towers with Radar,1010,93,156,8,1267,0,287,7,0,294,1010,380,163,8,1561,0,0,0,1561
10/06/2008,LAS,NV,AWP,WE,Towers with Radar,1071,102,123,1,1297,0,295,27,3,325,1071,397,150,4,1622,0,0,0,1622
10/07/2008,LAS,NV,AWP,WE,Towers with Radar,969,93,108,1,1171,0,325,29,2,356,969,418,137,3,1527,0,0,0,1527
10/08/2008,LAS,NV,AWP,WE,Towers with Radar,986,95,127,1,1209,0,325,21,2,348,986,420,148,3,1557,0,0,0,1557
10/09/2008,LAS,NV,AWP,WE,Towers with Radar,1096,96,103,5,1300,0,301,24,10,335,1096,397,127,15,1635,0,0,0,1635
10/10/2008,LAS,NV,AWP,WE,Towers with Radar,1084,105,132,1,1322,1,320,22,8,351,1085,425,154,9,1673,0,0,0,1673
10/11/2008,LAS,NV,AWP,WE,Towers with Radar,883,90,70,1,1044,0,271,19,0,290,883,361,89,1,1334,0,0,0,1334
10/12/2008,LAS,NV,AWP,WE,Towers with Radar,1017,113,132,0,1262,0,305,18,0,323,1017,418,150,0,1585,0,0,0,1585
10/13/2008,LAS,NV,AWP,WE,Towers with Radar,1052,82,119,3,1256,0,300,20,0,320,1052,382,139,3,1576,0,0,0,1576
10/14/2008,LAS,NV,AWP,WE,Towers with Radar,978,72,112,0,1162,0,327,25,0,352,978,399,137,0,1514,0,0,0,1514
10/15/2008,LAS,NV,AWP,WE,Towers with Radar,1005,73,99,1,1178,0,315,19,2,336,1005,388,118,3,1514,0,0,0,1514
10/16/2008,LAS,NV,AWP,WE,Towers with Radar,1097,104,122,1,1324,0,272,30,0,302,1097,376,152,1,1626,0,0,0,1626
10/17/2008,LAS,NV,AWP,WE,Towers with Radar,1100,114,121,4,1339,0,287,25,0,312,1100,401,146,4,1651,0,0,0,1651
10/18/2008,LAS,NV,AWP,WE,Towers with Radar,869,71,87,2,1029,0,290,32,1,323,869,361,119,3,1352,0,0,0,1352
10/19/2008,LAS,NV,AWP,WE,Towers with Radar,1013,135,181,1,1330,0,272,38,0,310,1013,407,219,1,1640,0,0,0,1640
10/20/2008,LAS,NV,AWP,WE,Towers with Radar,1077,80,92,2,1251,0,248,26,1,275,1077,328,118,3,1526,0,0,0,1526
10/21/2008,LAS,NV,AWP,WE,Towers with Radar,977,81,100,4,1162,0,262,34,4,300,977,343,134,8,1462,0,0,0,1462
10/22/2008,LAS,NV,AWP,WE,Towers with Radar,990,90,109,2,1191,0,299,29,2,330,990,389,138,4,1521,0,0,0,1521
10/23/2008,LAS,NV,AWP,WE,Towers with Radar,1089,116,126,5,1336,1,314,61,4,380,1090,430,187,9,1716,0,0,0,1716
10/24/2008,LAS,NV,AWP,WE,Towers with Radar,1088,95,122,13,1318,0,304,27,0,331,1088,399,149,13,1649,0,0,0,1649
10/25/2008,LAS,NV,AWP,WE,Towers with Radar,884,78,78,9,1049,0,284,29,3,316,884,362,107,12,1365,0,0,0,1365
10/26/2008,LAS,NV,AWP,WE,Towers with Radar,1015,89,104,6,1214,0,232,20,3,255,1015,321,124,9,1469,0,0,0,1469
10/27/2008,LAS,NV,AWP,WE,Towers with Radar,1073,62,69,3,1207,0,292,28,2,322,1073,354,97,5,1529,0,0,0,1529
10/28/2008,LAS,NV,AWP,WE,Towers with Radar,976,70,92,1,1139,0,276,28,3,307,976,346,120,4,1446,0,0,0,1446
10/29/2008,LAS,NV,AWP,WE,Towers with Radar,1013,74,76,3,1166,0,262,25,12,299,1013,336,101,15,1465,0,0,0,1465
10/30/2008,LAS,NV,AWP,WE,Towers with Radar,1091,82,94,2,1269,0,259,37,1,297,1091,341,131,3,1566,0,0,0,1566
10/31/2008,LAS,NV,AWP,WE,Towers with Radar,1081,66,80,3,1230,0,249,22,4,275,1081,315,102,7,1505,0,0,0,1505
11/01/2008,LAS,NV,AWP,WE,Towers with Radar,903,74,80,7,1064,0,206,14,1,221,903,280,94,8,1285,0,0,0,1285
11/02/2008,LAS,NV,AWP,WE,Towers with Radar,921,66,107,7,1101,0,172,14,1,187,921,238,121,8,1288,0,0,0,1288
11/03/2008,LAS,NV,AWP,WE,Towers with Radar,1118,66,83,3,1270,0,213,32,0,245,1118,279,115,3,1515,0,0,0,1515
11/04/2008,LAS,NV,AWP,WE,Towers with Radar,983,76,107,2,1168,0,202,16,0,218,983,278,123,2,1386,0,0,0,1386
11/05/2008,LAS,NV,AWP,WE,Towers with Radar,1001,82,114,2,1199,0,222,27,0,249,1001,304,141,2,1448,0,0,0,1448
11/06/2008,LAS,NV,AWP,WE,Towers with Radar,1071,87,121,5,1284,0,242,26,4,272,1071,329,147,9,1556,0,0,0,1556
11/07/2008,LAS,NV,AWP,WE,Towers with Radar,1062,101,134,4,1301,1,284,28,2,315,1063,385,162,6,1616,0,0,0,1616
11/08/2008,LAS,NV,AWP,WE,Towers with Radar,906,77,81,6,1070,2,280,20,0,302,908,357,101,6,1372,0,0,0,1372
11/09/2008,LAS,NV,AWP,WE,Towers with Radar,926,95,126,3,1150,0,246,11,1,258,926,341,137,4,1408,0,0,0,1408
11/10/2008,LAS,NV,AWP,WE,Towers with Radar,1113,77,98,2,1290,0,250,19,2,271,1113,327,117,4,1561,0,0,0,1561
11/11/2008,LAS,NV,AWP,WE,Towers with Radar,957,80,81,3,1121,1,258,11,3,273,958,338,92,6,1394,0,0,0,1394
11/12/2008,LAS,NV,AWP,WE,Towers with Radar,986,64,80,2,1132,0,277,17,9,303,986,341,97,11,1435,0,0,0,1435
11/13/2008,LAS,NV,AWP,WE,Towers with Radar,1074,74,91,2,1241,0,255,18,9,282,1074,329,109,11,1523,0,0,0,1523
11/14/2008,LAS,NV,AWP,WE,Towers with Radar,1082,82,86,3,1253,1,260,19,4,284,1083,342,105,7,1537,0,0,0,1537
11/15/2008,LAS,NV,AWP,WE,Towers with Radar,862,43,61,3,969,1,273,20,4,298,863,316,81,7,1267,0,0,0,1267
11/16/2008,LAS,NV,AWP,WE,Towers with Radar,984,83,127,5,1199,0,241,11,2,254,984,324,138,7,1453,0,0,0,1453
11/17/2008,LAS,NV,AWP,WE,Towers with Radar,1055,55,85,2,1197,1,206,34,2,243,1056,261,119,4,1440,0,0,0,1440
11/18/2008,LAS,NV,AWP,WE,Towers with Radar,995,67,95,0,1157,0,220,24,10,254,995,287,119,10,1411,0,0,0,1411
11/19/2008,LAS,NV,AWP,WE,Towers with Radar,975,68,81,2,1126,0,212,35,2,249,975,280,116,4,1375,0,0,0,1375
11/20/2008,LAS,NV,AWP,WE,Towers with Radar,1059,96,79,2,1236,0,212,25,2,239,1059,308,104,4,1475,0,0,0,1475
11/21/2008,LAS,NV,AWP,WE,Towers with Radar,1067,96,130,5,1298,0,236,30,2,268,1067,332,160,7,1566,0,0,0,1566
11/22/2008,LAS,NV,AWP,WE,Towers with Radar,898,60,68,2,1028,0,221,19,2,242,898,281,87,4,1270,0,0,0,1270
11/23/2008,LAS,NV,AWP,WE,Towers with Radar,969,96,99,4,1168,0,215,15,3,233,969,311,114,7,1401,0,0,0,1401
11/24/2008,LAS,NV,AWP,WE,Towers with Radar,1052,47,56,0,1155,1,248,19,0,268,1053,295,75,0,1423,0,0,0,1423
11/25/2008,LAS,NV,AWP,WE,Towers with Radar,1012,71,60,2,1145,0,243,23,2,268,1012,314,83,4,1413,0,0,0,1413
11/26/2008,LAS,NV,AWP,WE,Towers with Radar,1031,71,101,0,1203,0,36,12,0,48,1031,107,113,0,1251,0,0,0,1251
11/27/2008,LAS,NV,AWP,WE,Towers with Radar,775,29,21,0,825,0,79,3,0,82,775,108,24,0,907,0,0,0,907
11/28/2008,LAS,NV,AWP,WE,Towers with Radar,892,56,78,1,1027,0,145,10,3,158,892,201,88,4,1185,0,0,0,1185
11/29/2008,LAS,NV,AWP,WE,Towers with Radar,888,49,65,0,1002,0,284,6,0,290,888,333,71,0,1292,0,0,0,1292
11/30/2008,LAS,NV,AWP,WE,Towers with Radar,991,89,125,0,1205,0,232,18,0,250,991,321,143,0,1455,0,0,0,1455
12/01/2008,LAS,NV,AWP,WE,Towers with Radar,1068,49,66,0,1183,0,167,29,1,197,1068,216,95,1,1380,0,0,0,1380
12/02/2008,LAS,NV,AWP,WE,Towers with Radar,1030,55,66,2,1153,0,149,24,2,175,1030,204,90,4,1328,0,0,0,1328
12/03/2008,LAS,NV,AWP,WE,Towers with Radar,971,69,71,2,1113,0,163,23,16,202,971,232,94,18,1315,0,0,0,1315
12/04/2008,LAS,NV,AWP,WE,Towers with Radar,1055,103,118,1,1277,0,165,29,2,196,1055,268,147,3,1473,0,0,0,1473
12/05/2008,LAS,NV,AWP,WE,Towers with Radar,1047,111,144,5,1307,0,164,21,0,185,1047,275,165,5,1492,0,0,0,1492
12/06/2008,LAS,NV,AWP,WE,Towers with Radar,852,74,131,2,1059,1,157,23,0,181,853,231,154,2,1240,0,0,0,1240
12/07/2008,LAS,NV,AWP,WE,Towers with Radar,948,125,193,10,1276,1,142,25,0,168,949,267,218,10,1444,0,0,0,1444
12/08/2008,LAS,NV,AWP,WE,Towers with Radar,1045,68,92,6,1211,1,144,23,0,168,1046,212,115,6,1379,0,0,0,1379
12/09/2008,LAS,NV,AWP,WE,Towers with Radar,953,72,101,7,1133,0,147,15,8,170,953,219,116,15,1303,0,0,0,1303
12/10/2008,LAS,NV,AWP,WE,Towers with Radar,939,66,118,3,1126,0,138,22,2,162,939,204,140,5,1288,0,0,0,1288
12/11/2008,LAS,NV,AWP,WE,Towers with Radar,1045,94,123,7,1269,0,168,30,6,204,1045,262,153,13,1473,0,0,0,1473
12/12/2008,LAS,NV,AWP,WE,Towers with Radar,1045,75,95,17,1232,0,173,17,20,210,1045,248,112,37,1442,0,0,0,1442
12/13/2008,LAS,NV,AWP,WE,Towers with Radar,867,54,85,3,1009,0,71,12,0,83,867,125,97,3,1092,0,0,0,1092
12/14/2008,LAS,NV,AWP,WE,Towers with Radar,937,75,105,3,1120,0,147,21,0,168,937,222,126,3,1288,0,0,0,1288
12/15/2008,LAS,NV,AWP,WE,Towers with Radar,945,57,60,0,1062,0,25,8,2,35,945,82,68,2,1097,0,0,0,1097
12/16/2008,LAS,NV,AWP,WE,Towers with Radar,967,59,50,0,1076,0,119,10,1,130,967,178,60,1,1206,0,0,0,1206
12/17/2008,LAS,NV,AWP,WE,Towers with Radar,512,28,42,0,582,0,14,2,0,16,512,42,44,0,598,0,0,0,598
12/18/2008,LAS,NV,AWP,WE,Towers with Radar,905,65,84,0,1054,0,78,21,1,100,905,143,105,1,1154,0,0,0,1154
12/19/2008,LAS,NV,AWP,WE,Towers with Radar,1009,80,98,3,1190,0,155,21,0,176,1009,235,119,3,1366,0,0,0,1366
12/20/2008,LAS,NV,AWP,WE,Towers with Radar,959,56,74,0,1089,1,159,13,3,176,960,215,87,3,1265,0,0,0,1265
12/21/2008,LAS,NV,AWP,WE,Towers with Radar,909,74,75,3,1061,0,142,14,2,158,909,216,89,5,1219,0,0,0,1219
12/22/2008,LAS,NV,AWP,WE,Towers with Radar,1001,63,80,1,1145,0,137,5,0,142,1001,200,85,1,1287,0,0,0,1287
12/23/2008,LAS,NV,AWP,WE,Towers with Radar,985,72,67,3,1127,0,95,7,2,104,985,167,74,5,1231,0,0,0,1231
12/24/2008,LAS,NV,AWP,WE,Towers with Radar,901,54,36,0,991,0,179,4,1,184,901,233,40,1,1175,0,0,0,1175
12/25/2008,LAS,NV,AWP,WE,Towers with Radar,814,38,24,1,877,0,40,0,0,40,814,78,24,1,917,0,0,0,917
12/26/2008,LAS,NV,AWP,WE,Towers with Radar,971,67,61,0,1099,1,234,2,0,237,972,301,63,0,1336,0,0,0,1336
12/27/2008,LAS,NV,AWP,WE,Towers with Radar,902,63,93,0,1058,0,264,16,1,281,902,327,109,1,1339,0,0,0,1339
12/28/2008,LAS,NV,AWP,WE,Towers with Radar,970,72,95,0,1137,0,278,12,2,292,970,350,107,2,1429,0,0,0,1429
12/29/2008,LAS,NV,AWP,WE,Towers with Radar,995,77,81,11,1164,1,303,27,2,333,996,380,108,13,1497,0,0,0,1497
12/30/2008,LAS,NV,AWP,WE,Towers with Radar,998,70,96,2,1166,1,319,26,4,350,999,389,122,6,1516,0,0,0,1516
12/31/2008,LAS,NV,AWP,WE,Towers with Radar,889,81,89,0,1059,0,279,40,15,334,889,360,129,15,1393,0,0,0,1393
01/01/2009,LAS,NV,AWP,WE,Towers with Radar,878,61,103,0,1042,0,320,29,22,371,878,381,132,22,1413,0,0,0,1413
01/02/2009,LAS,NV,AWP,WE,Towers with Radar,1001,105,145,0,1251,1,302,17,0,320,1002,407,162,0,1571,0,0,0,1571
01/03/2009,LAS,NV,AWP,WE,Towers with Radar,919,74,124,0,1117,0,299,13,0,312,919,373,137,0,1429,0,0,0,1429
01/04/2009,LAS,NV,AWP,WE,Towers with Radar,955,65,81,0,1101,0,233,17,0,250,955,298,98,0,1351,0,0,0,1351
01/05/2009,LAS,NV,AWP,WE,Towers with Radar,1034,68,54,2,1158,1,181,14,0,196,1035,249,68,2,1354,0,0,0,1354
01/06/2009,LAS,NV,AWP,WE,Towers with Radar,991,62,96,7,1156,0,167,9,6,182,991,229,105,13,1338,0,0,0,1338
01/07/2009,LAS,NV,AWP,WE,Towers with Radar,960,93,130,5,1188,0,179,24,2,205,960,272,154,7,1393,0,0,0,1393
01/08/2009,LAS,NV,AWP,WE,Towers with Radar,1026,96,137,2,1261,2,120,25,6,153,1028,216,162,8,1414,0,0,0,1414
01/09/2009,LAS,NV,AWP,WE,Towers with Radar,1039,98,168,2,1307,0,158,24,0,182,1039,256,192,2,1489,0,0,0,1489
01/10/2009,LAS,NV,AWP,WE,Towers with Radar,851,65,82,2,1000,0,185,25,1,211,851,250,107,3,1211,0,0,0,1211
01/11/2009,LAS,NV,AWP,WE,Towers with Radar,953,80,122,5,1160,0,164,23,0,187,953,244,145,5,1347,0,0,0,1347
01/12/2009,LAS,NV,AWP,WE,Towers with Radar,1005,76,89,1,1171,1,184,16,0,201,1006,260,105,1,1372,0,0,0,1372
01/13/2009,LAS,NV,AWP,WE,Towers with Radar,930,58,66,1,1055,0,150,22,2,174,930,208,88,3,1229,0,0,0,1229
01/14/2009,LAS,NV,AWP,WE,Towers with Radar,944,56,71,5,1076,0,162,23,7,192,944,218,94,12,1268,0,0,0,1268
01/15/2009,LAS,NV,AWP,WE,Towers with Radar,1022,77,77,7,1183,0,133,18,11,162,1022,210,95,18,1345,0,0,0,1345
01/16/2009,LAS,NV,AWP,WE,Towers with Radar,1027,78,87,6,1198,0,162,20,7,189,1027,240,107,13,1387,0,0,0,1387
01/17/2009,LAS,NV,AWP,WE,Towers with Radar,859,39,42,9,949,0,156,24,3,183,859,195,66,12,1132,0,0,0,1132
01/18/2009,LAS,NV,AWP,WE,Towers with Radar,955,69,100,5,1129,0,150,19,0,169,955,219,119,5,1298,0,0,0,1298
01/19/2009,LAS,NV,AWP,WE,Towers with Radar,975,71,90,1,1137,0,140,13,1,154,975,211,103,2,1291,0,0,0,1291
01/20/2009,LAS,NV,AWP,WE,Towers with Radar,936,70,83,2,1091,0,161,21,4,186,936,231,104,6,1277,0,0,0,1277
01/21/2009,LAS,NV,AWP,WE,Towers with Radar,949,71,97,4,1121,0,169,22,13,204,949,240,119,17,1325,0,0,0,1325
01/22/2009,LAS,NV,AWP,WE,Towers with Radar,1029,76,113,5,1223,0,129,20,3,152,1029,205,133,8,1375,0,0,0,1375
01/23/2009,LAS,NV,AWP,WE,Towers with Radar,1031,89,126,6,1252,0,114,8,2,124,1031,203,134,8,1376,0,0,0,1376
01/24/2009,LAS,NV,AWP,WE,Towers with Radar,858,54,76,8,996,0,215,5,2,222,858,269,81,10,1218,0,0,0,1218
01/25/2009,LAS,NV,AWP,WE,Towers with Radar,944,84,113,7,1148,0,153,7,1,161,944,237,120,8,1309,0,0,0,1309
01/26/2009,LAS,NV,AWP,WE,Towers with Radar,1025,64,95,0,1184,0,120,11,2,133,1025,184,106,2,1317,0,0,0,1317
01/27/2009,LAS,NV,AWP,WE,Towers with Radar,934,70,77,0,1081,0,171,22,2,195,934,241,99,2,1276,0,0,0,1276
01/28/2009,LAS,NV,AWP,WE,Towers with Radar,911,66,116,8,1101,0,144,24,9,177,911,210,140,17,1278,0,0,0,1278
01/29/2009,LAS,NV,AWP,WE,Towers with Radar,1025,84,108,0,1217,0,190,17,3,210,1025,274,125,3,1427,0,0,0,1427
01/30/2009,LAS,NV,AWP,WE,Towers with Radar,1044,76,148,1,1269,0,143,21,0,164,1044,219,169,1,1433,0,0,0,1433
01/31/2009,LAS,NV,AWP,WE,Towers with Radar,839,62,96,1,998,0,172,18,1,191,839,234,114,2,1189,0,0,0,1189
02/01/2009,LAS,NV,AWP,WE,Towers with Radar,962,78,116,3,1159,0,116,14,0,130,962,194,130,3,1289,0,0,0,1289
02/02/2009,LAS,NV,AWP,WE,Towers with Radar,1011,100,128,1,1240,0,145,16,0,161,1011,245,144,1,1401,0,0,0,1401
02/03/2009,LAS,NV,AWP,WE,Towers with Radar,957,60,101,0,1118,0,121,15,6,142,957,181,116,6,1260,0,0,0,1260
02/04/2009,LAS,NV,AWP,WE,Towers with Radar,940,74,70,2,1086,1,135,22,10,168,941,209,92,12,1254,0,0,0,1254
02/05/2009,LAS,NV,AWP,WE,Towers with Radar,1011,64,123,5,1203,0,185,21,1,207,1011,249,144,6,1410,0,0,0,1410
02/06/2009,LAS,NV,AWP,WE,Towers with Radar,1033,63,92,8,1196,0,202,11,0,213,1033,265,103,8,1409,0,0,0,1409
02/07/2009,LAS,NV,AWP,WE,Towers with Radar,838,63,61,4,966,0,43,1,0,44,838,106,62,4,1010,0,0,0,1010
02/08/2009,LAS,NV,AWP,WE,Towers with Radar,955,72,121,8,1156,0,112,3,0,115,955,184,124,8,1271,0,0,0,1271
02/09/2009,LAS,NV,AWP,WE,Towers with Radar,991,69,75,4,1139,0,86,9,0,95,991,155,84,4,1234,0,0,0,1234
02/10/2009,LAS,NV,AWP,WE,Towers with Radar,942,67,101,5,1115,0,157,19,2,178,942,224,120,7,1293,0,0,0,1293
02/11/2009,LAS,NV,AWP,WE,Towers with Radar,949,62,83,2,1096,0,160,15,0,175,949,222,98,2,1271,0,0,0,1271
02/12/2009,LAS,NV,AWP,WE,Towers with Radar,1024,79,108,4,1215,0,169,16,5,190,1024,248,124,9,1405,0,0,0,1405
02/13/2009,LAS,NV,AWP,WE,Towers with Radar,993,95,101,3,1192,0,199,8,1,208,993,294,109,4,1400,0,0,0,1400
02/14/2009,LAS,NV,AWP,WE,Towers with Radar,891,68,52,0,1011,0,298,11,1,310,891,366,63,1,1321,0,0,0,1321
02/15/2009,LAS,NV,AWP,WE,Towers with Radar,944,72,85,0,1101,0,212,8,0,220,944,284,93,0,1321,0,0,0,1321
02/16/2009,LAS,NV,AWP,WE,Towers with Radar,1012,68,104,3,1187,0,133,6,1,140,1012,201,110,4,1327,0,0,0,1327
02/17/2009,LAS,NV,AWP,WE,Towers with Radar,1016,60,85,1,1162,0,198,17,0,215,1016,258,102,1,1377,0,0,0,1377
02/18/2009,LAS,NV,AWP,WE,Towers with Radar,969,60,93,0,1122,0,242,29,2,273,969,302,122,2,1395,0,0,0,1395
02/19/2009,LAS,NV,AWP,WE,Towers with Radar,1062,80,113,1,1256,1,232,19,5,257,1063,312,132,6,1513,0,0,0,1513
02/20/2009,LAS,NV,AWP,WE,Towers with Radar,1045,73,107,3,1228,0,193,18,1,212,1045,266,125,4,1440,0,0,0,1440
02/21/2009,LAS,NV,AWP,WE,Towers with Radar,864,60,73,2,999,1,188,23,0,212,865,248,96,2,1211,0,0,0,1211
02/22/2009,LAS,NV,AWP,WE,Towers with Radar,960,91,91,1,1143,0,172,10,0,182,960,263,101,1,1325,0,0,0,1325
02/23/2009,LAS,NV,AWP,WE,Towers with Radar,1060,69,102,3,1234,0,174,14,0,188,1060,243,116,3,1422,0,0,0,1422
02/24/2009,LAS,NV,AWP,WE,Towers with Radar,981,61,102,9,1153,0,224,28,3,255,981,285,130,12,1408,0,0,0,1408
02/25/2009,LAS,NV,AWP,WE,Towers with Radar,985,68,101,5,1159,0,179,28,5,212,985,247,129,10,1371,0,0,0,1371
02/26/2009,LAS,NV,AWP,WE,Towers with Radar,1040,86,111,3,1240,0,245,19,10,274,1040,331,130,13,1514,0,0,0,1514
02/27/2009,LAS,NV,AWP,WE,Towers with Radar,1059,106,123,6,1294,0,295,25,7,327,1059,401,148,13,1621,0,0,0,1621
02/28/2009,LAS,NV,AWP,WE,Towers with Radar,870,69,86,4,1029,0,333,23,4,360,870,402,109,8,1389,0,0,0,1389
03/01/2009,LAS,NV,AWP,WE,Towers with Radar,934,86,149,2,1171,0,619,23,2,644,934,705,172,4,1815,0,0,0,1815
03/02/2009,LAS,NV,AWP,WE,Towers with Radar,1013,75,120,0,1208,0,196,22,0,218,1013,271,142,0,1426,0,0,0,1426
03/03/2009,LAS,NV,AWP,WE,Towers with Radar,985,66,85,2,1138,0,170,15,1,186,985,236,100,3,1324,0,0,0,1324
03/04/2009,LAS,NV,AWP,WE,Towers with Radar,992,52,107,0,1151,0,147,11,5,163,992,199,118,5,1314,0,0,0,1314
03/05/2009,LAS,NV,AWP,WE,Towers with Radar,1052,77,93,0,1222,0,193,22,0,215,1052,270,115,0,1437,0,0,0,1437
03/06/2009,LAS,NV,AWP,WE,Towers with Radar,1055,79,86,2,1222,0,215,18,0,233,1055,294,104,2,1455,0,0,0,1455
03/07/2009,LAS,NV,AWP,WE,Towers with Radar,907,44,52,2,1005,0,193,16,0,209,907,237,68,2,1214,0,0,0,1214
03/08/2009,LAS,NV,AWP,WE,Towers with Radar,958,66,76,4,1104,0,199,28,0,227,958,265,104,4,1331,0,0,0,1331
03/09/2009,LAS,NV,AWP,WE,Towers with Radar,1084,54,62,0,1200,0,152,11,6,169,1084,206,73,6,1369,0,0,0,1369
03/10/2009,LAS,NV,AWP,WE,Towers with Radar,1019,49,80,2,1150,0,223,18,1,242,1019,272,98,3,1392,0,0,0,1392
03/11/2009,LAS,NV,AWP,WE,Towers with Radar,1020,51,83,3,1157,1,172,37,10,220,1021,223,120,13,1377,0,0,0,1377
03/12/2009,LAS,NV,AWP,WE,Towers with Radar,1077,75,93,1,1246,1,180,14,5,200,1078,255,107,6,1446,0,0,0,1446
03/13/2009,LAS,NV,AWP,WE,Towers with Radar,1081,81,100,7,1269,1,176,21,5,203,1082,257,121,12,1472,0,0,0,1472
03/14/2009,LAS,NV,AWP,WE,Towers with Radar,950,45,56,3,1054,0,212,17,0,229,950,257,73,3,1283,0,0,0,1283
03/15/2009,LAS,NV,AWP,WE,Towers with Radar,980,57,88,2,1127,0,157,11,4,172,980,214,99,6,1299,0,0,0,1299
03/16/2009,LAS,NV,AWP,WE,Towers with Radar,1082,56,82,6,1226,0,211,25,0,236,1082,267,107,6,1462,0,0,0,1462
03/17/2009,LAS,NV,AWP,WE,Towers with Radar,1013,62,89,5,1169,0,211,14,1,226,1013,273,103,6,1395,0,0,0,1395
03/18/2009,LAS,NV,AWP,WE,Towers with Radar,1033,97,110,6,1246,0,215,27,5,247,1033,312,137,11,1493,0,0,0,1493
03/19/2009,LAS,NV,AWP,WE,Towers with Radar,1090,99,148,8,1345,0,157,27,3,187,1090,256,175,11,1532,0,0,0,1532
03/20/2009,LAS,NV,AWP,WE,Towers with Radar,1082,76,113,9,1280,0,161,20,6,187,1082,237,133,15,1467,0,0,0,1467
03/21/2009,LAS,NV,AWP,WE,Towers with Radar,936,67,67,7,1077,0,188,16,3,207,936,255,83,10,1284,0,0,0,1284
03/22/2009,LAS,NV,AWP,WE,Towers with Radar,937,72,115,8,1132,0,111,10,1,122,937,183,125,9,1254,0,0,0,1254
03/23/2009,LAS,NV,AWP,WE,Towers with Radar,1137,66,61,4,1268,0,219,11,3,233,1137,285,72,7,1501,0,0,0,1501
03/24/2009,LAS,NV,AWP,WE,Towers with Radar,1019,49,59,5,1132,0,195,23,1,219,1019,244,82,6,1351,0,0,0,1351
03/25/2009,LAS,NV,AWP,WE,Towers with Radar,1011,72,86,3,1172,1,211,32,4,248,1012,283,118,7,1420,0,0,0,1420
03/26/2009,LAS,NV,AWP,WE,Towers with Radar,1033,59,85,1,1178,0,154,14,4,172,1033,213,99,5,1350,0,0,0,1350
03/27/2009,LAS,NV,AWP,WE,Towers with Radar,1106,82,86,5,1279,0,223,14,2,239,1106,305,100,7,1518,0,0,0,1518
03/28/2009,LAS,NV,AWP,WE,Towers with Radar,942,55,62,5,1064,1,244,23,6,274,943,299,85,11,1338,0,0,0,1338
03/29/2009,LAS,NV,AWP,WE,Towers with Radar,962,79,108,2,1151,0,198,15,1,214,962,277,123,3,1365,0,0,0,1365
03/30/2009,LAS,NV,AWP,WE,Towers with Radar,1108,64,70,4,1246,0,175,19,6,200,1108,239,89,10,1446,0,0,0,1446
03/31/2009,LAS,NV,AWP,WE,Towers with Radar,1010,59,106,3,1178,1,217,23,0,241,1011,276,129,3,1419,0,0,0,1419
04/01/2009,LAS,NV,AWP,WE,Towers with Radar,1032,55,93,0,1180,0,201,18,1,220,1032,256,111,1,1400,0,0,0,1400
04/02/2009,LAS,NV,AWP,WE,Towers with Radar,1057,73,113,2,1245,0,229,16,4,249,1057,302,129,6,1494,0,0,0,1494
04/03/2009,LAS,NV,AWP,WE,Towers with Radar,1070,83,124,8,1285,0,151,11,5,167,1070,234,135,13,1452,0,0,0,1452
04/04/2009,LAS,NV,AWP,WE,Towers with Radar,947,51,99,6,1103,0,246,11,2,259,947,297,110,8,1362,0,0,0,1362
04/05/2009,LAS,NV,AWP,WE,Towers with Radar,987,78,120,12,1197,0,209,15,3,227,987,287,135,15,1424,0,0,0,1424
04/06/2009,LAS,NV,AWP,WE,Towers with Radar,1067,62,80,3,1212,0,259,16,2,277,1067,321,96,5,1489,0,0,0,1489
04/07/2009,LAS,NV,AWP,WE,Towers with Radar,1004,56,94,3,1157,0,277,10,1,288,1004,333,104,4,1445,0,0,0,1445
04/08/2009,LAS,NV,AWP,WE,Towers with Radar,1012,62,75,2,1151,0,271,22,0,293,1012,333,97,2,1444,0,0,0,1444
04/09/2009,LAS,NV,AWP,WE,Towers with Radar,1060,77,68,9,1214,0,313,21,4,338,1060,390,89,13,1552,0,0,0,1552
04/10/2009,LAS,NV,AWP,WE,Towers with Radar,1096,57,78,8,1239,0,284,17,4,305,1096,341,95,12,1544,0,0,0,1544
04/11/2009,LAS,NV,AWP,WE,Towers with Radar,929,41,52,1,1023,0,298,13,0,311,929,339,65,1,1334,0,0,0,1334
04/12/2009,LAS,NV,AWP,WE,Towers with Radar,989,47,81,5,1122,0,290,18,3,311,989,337,99,8,1433,0,0,0,1433
04/13/2009,LAS,NV,AWP,WE,Towers with Radar,1094,55,75,6,1230,0,298,32,0,330,1094,353,107,6,1560,0,0,0,1560
04/14/2009,LAS,NV,AWP,WE,Towers with Radar,1002,41,75,0,1118,1,271,18,0,290,1003,312,93,0,1408,0,0,0,1408
04/15/2009,LAS,NV,AWP,WE,Towers with Radar,1046,50,85,1,1182,0,239,11,12,262,1046,289,96,13,1444,0,0,0,1444
04/16/2009,LAS,NV,AWP,WE,Towers with Radar,1078,76,99,8,1261,0,271,21,6,298,1078,347,120,14,1559,0,0,0,1559
04/17/2009,LAS,NV,AWP,WE,Towers with Radar,1058,82,116,10,1266,0,255,24,4,283,1058,337,140,14,1549,0,0,0,1549
04/18/2009,LAS,NV,AWP,WE,Towers with Radar,933,55,91,7,1086,1,267,13,0,281,934,322,104,7,1367,0,0,0,1367
04/19/2009,LAS,NV,AWP,WE,Towers with Radar,988,78,147,3,1216,0,206,17,1,224,988,284,164,4,1440,0,0,0,1440
04/20/2009,LAS,NV,AWP,WE,Towers with Radar,1069,76,75,0,1220,0,215,23,0,238,1069,291,98,0,1458,0,0,0,1458
04/21/2009,LAS,NV,AWP,WE,Towers with Radar,991,59,111,1,1162,0,224,20,1,245,991,283,131,2,1407,0,0,0,1407
04/22/2009,LAS,NV,AWP,WE,Towers with Radar,991,58,105,1,1155,0,232,33,3,268,991,290,138,4,1423,0,0,0,1423
04/23/2009,LAS,NV,AWP,WE,Towers with Radar,1064,85,124,0,1273,0,263,31,2,296,1064,348,155,2,1569,0,0,0,1569
04/24/2009,LAS,NV,AWP,WE,Towers with Radar,1073,74,94,5,1246,0,259,14,3,276,1073,333,108,8,1522,0,0,0,1522
04/25/2009,LAS,NV,AWP,WE,Towers with Radar,915,53,76,5,1049,0,230,12,2,244,915,283,88,7,1293,0,0,0,1293
04/26/2009,LAS,NV,AWP,WE,Towers with Radar,988,68,118,5,1179,0,236,14,5,255,988,304,132,10,1434,0,0,0,1434
04/27/2009,LAS,NV,AWP,WE,Towers with Radar,1058,55,78,0,1191,0,225,22,2,249,1058,280,100,2,1440,0,0,0,1440
04/28/2009,LAS,NV,AWP,WE,Towers with Radar,981,60,89,3,1133,0,232,11,0,243,981,292,100,3,1376,0,0,0,1376
04/29/2009,LAS,NV,AWP,WE,Towers with Radar,987,71,113,1,1172,0,216,21,3,240,987,287,134,4,1412,0,0,0,1412
04/30/2009,LAS,NV,AWP,WE,Towers with Radar,1071,67,146,5,1289,0,267,26,2,295,1071,334,172,7,1584,0,0,0,1584
05/01/2009,LAS,NV,AWP,WE,Towers with Radar,1058,82,150,2,1292,0,300,32,2,334,1058,382,182,4,1626,0,0,0,1626
05/02/2009,LAS,NV,AWP,WE,Towers with Radar,916,58,80,2,1056,0,242,13,1,256,916,300,93,3,1312,0,0,0,1312
05/03/2009,LAS,NV,AWP,WE,Towers with Radar,975,94,198,4,1271,1,262,19,2,284,976,356,217,6,1555,0,0,0,1555
05/04/2009,LAS,NV,AWP,WE,Towers with Radar,1053,57,114,0,1224,0,265,21,2,288,1053,322,135,2,1512,0,0,0,1512
05/05/2009,LAS,NV,AWP,WE,Towers with Radar,977,70,101,0,1148,0,256,14,2,272,977,326,115,2,1420,0,0,0,1420
05/06/2009,LAS,NV,AWP,WE,Towers with Radar,978,50,86,0,1114,0,302,21,19,342,978,352,107,19,1456,0,0,0,1456
05/07/2009,LAS,NV,AWP,WE,Towers with Radar,1053,72,103,5,1233,0,271,31,2,304,1053,343,134,7,1537,0,0,0,1537
05/08/2009,LAS,NV,AWP,WE,Towers with Radar,1068,65,118,5,1256,0,239,21,3,263,1068,304,139,8,1519,0,0,0,1519
05/09/2009,LAS,NV,AWP,WE,Towers with Radar,916,59,61,1,1037,0,247,20,0,267,916,306,81,1,1304,0,0,0,1304
05/10/2009,LAS,NV,AWP,WE,Towers with Radar,979,73,82,2,1136,0,204,26,0,230,979,277,108,2,1366,0,0,0,1366
05/11/2009,LAS,NV,AWP,WE,Towers with Radar,1038,49,90,2,1179,0,241,25,0,266,1038,290,115,2,1445,0,0,0,1445
05/12/2009,LAS,NV,AWP,WE,Towers with Radar,975,58,98,1,1132,0,246,12,0,258,975,304,110,1,1390,0,0,0,1390
05/13/2009,LAS,NV,AWP,WE,Towers with Radar,992,65,103,5,1165,0,256,29,2,287,992,321,132,7,1452,0,0,0,1452
05/14/2009,LAS,NV,AWP,WE,Towers with Radar,1036,84,94,2,1216,0,219,22,1,242,1036,303,116,3,1458,0,0,0,1458
05/15/2009,LAS,NV,AWP,WE,Towers with Radar,1060,81,131,8,1280,0,246,24,1,271,1060,327,155,9,1551,0,0,0,1551
05/16/2009,LAS,NV,AWP,WE,Towers with Radar,909,59,95,6,1069,0,266,18,1,285,909,325,113,7,1354,0,0,0,1354
05/17/2009,LAS,NV,AWP,WE,Towers with Radar,968,102,169,3,1242,0,201,20,2,223,968,303,189,5,1465,0,0,0,1465
05/18/2009,LAS,NV,AWP,WE,Towers with Radar,1030,54,102,3,1189,0,216,29,1,246,1030,270,131,4,1435,0,0,0,1435
05/19/2009,LAS,NV,AWP,WE,Towers with Radar,986,90,131,1,1208,0,244,25,0,269,986,334,156,1,1477,0,0,0,1477
05/20/2009,LAS,NV,AWP,WE,Towers with Radar,1004,91,119,1,1215,0,278,24,2,304,1004,369,143,3,1519,0,0,0,1519
05/21/2009,LAS,NV,AWP,WE,Towers with Radar,1036,77,86,5,1204,0,281,33,3,317,1036,358,119,8,1521,0,0,0,1521
05/22/2009,LAS,NV,AWP,WE,Towers with Radar,1013,70,111,6,1200,0,282,20,3,305,1013,352,131,9,1505,0,0,0,1505
05/23/2009,LAS,NV,AWP,WE,Towers with Radar,913,38,50,1,1002,0,233,17,0,250,913,271,67,1,1252,0,0,0,1252
05/24/2009,LAS,NV,AWP,WE,Towers with Radar,917,49,92,4,1062,0,259,13,0,272,917,308,105,4,1334,0,0,0,1334
05/25/2009,LAS,NV,AWP,WE,Towers with Radar,993,67,140,3,1203,0,331,19,1,351,993,398,159,4,1554,0,0,0,1554
05/26/2009,LAS,NV,AWP,WE,Towers with Radar,973,43,68,0,1084,0,216,24,0,240,973,259,92,0,1324,0,0,0,1324
05/27/2009,LAS,NV,AWP,WE,Towers with Radar,1003,46,41,1,1091,1,235,18,0,254,1004,281,59,1,1345,0,0,0,1345
05/28/2009,LAS,NV,AWP,WE,Towers with Radar,1065,78,72,0,1215,0,346,15,4,365,1065,424,87,4,1580,0,0,0,1580
05/29/2009,LAS,NV,AWP,WE,Towers with Radar,1047,64,100,5,1216,0,300,8,4,312,1047,364,108,9,1528,0,0,0,1528
05/30/2009,LAS,NV,AWP,WE,Towers with Radar,912,44,51,1,1008,0,233,14,0,247,912,277,65,1,1255,0,0,0,1255
05/31/2009,LAS,NV,AWP,WE,Towers with Radar,975,71,96,5,1147,0,195,11,0,206,975,266,107,5,1353,0,0,0,1353
06/01/2009,LAS,NV,AWP,WE,Towers with Radar,1035,58,69,5,1167,0,237,14,0,251,1035,295,83,5,1418,0,0,0,1418
06/02/2009,LAS,NV,AWP,WE,Towers with Radar,976,56,86,4,1122,0,240,15,2,257,976,296,101,6,1379,0,0,0,1379
06/03/2009,LAS,NV,AWP,WE,Towers with Radar,992,54,85,1,1132,0,208,22,2,232,992,262,107,3,1364,0,0,0,1364
06/04/2009,LAS,NV,AWP,WE,Towers with Radar,1034,69,84,5,1192,0,251,25,5,281,1034,320,109,10,1473,0,0,0,1473
06/05/2009,LAS,NV,AWP,WE,Towers with Radar,1056,53,69,5,1183,0,248,15,4,267,1056,301,84,9,1450,0,0,0,1450
06/06/2009,LAS,NV,AWP,WE,Towers with Radar,907,36,60,4,1007,1,218,11,5,235,908,254,71,9,1242,0,0,0,1242
06/07/2009,LAS,NV,AWP,WE,Towers with Radar,963,47,97,5,1112,0,209,12,1,222,963,256,109,6,1334,0,0,0,1334
06/08/2009,LAS,NV,AWP,WE,Towers with Radar,1057,53,71,3,1184,0,234,32,0,266,1057,287,103,3,1450,0,0,0,1450
06/09/2009,LAS,NV,AWP,WE,Towers with Radar,970,50,76,1,1097,0,239,19,0,258,970,289,95,1,1355,0,0,0,1355
06/10/2009,LAS,NV,AWP,WE,Towers with Radar,1006,42,62,0,1110,0,265,13,1,279,1006,307,75,1,1389,0,0,0,1389
06/11/2009,LAS,NV,AWP,WE,Towers with Radar,1038,58,73,1,1170,0,300,15,0,315,1038,358,88,1,1485,0,0,0,1485
06/12/2009,LAS,NV,AWP,WE,Towers with Radar,1078,62,105,6,1251,0,260,17,1,278,1078,322,122,7,1529,0,0,0,1529
06/13/2009,LAS,NV,AWP,WE,Towers with Radar,910,44,41,4,999,0,221,10,0,231,910,265,51,4,1230,0,0,0,1230
06/14/2009,LAS,NV,AWP,WE,Towers with Radar,970,65,99,3,1137,0,216,12,0,228,970,281,111,3,1365,0,0,0,1365
06/15/2009,LAS,NV,AWP,WE,Towers with Radar,1028,50,53,0,1131,1,248,20,0,269,1029,298,73,0,1400,0,0,0,1400
06/16/2009,LAS,NV,AWP,WE,Towers with Radar,1014,42,71,0,1127,2,229,7,0,238,1016,271,78,0,1365,0,0,0,1365
06/17/2009,LAS,NV,AWP,WE,Towers with Radar,1012,54,54,1,1121,0,238,36,0,274,1012,292,90,1,1395,0,0,0,1395
06/18/2009,LAS,NV,AWP,WE,Towers with Radar,1030,98,85,3,1216,0,238,14,1,253,1030,336,99,4,1469,0,0,0,1469
06/19/2009,LAS,NV,AWP,WE,Towers with Radar,1040,114,102,3,1259,0,271,17,2,290,1040,385,119,5,1549,0,0,0,1549
06/20/2009,LAS,NV,AWP,WE,Towers with Radar,919,98,65,5,1087,0,237,11,0,248,919,335,76,5,1335,0,0,0,1335
06/21/2009,LAS,NV,AWP,WE,Towers with Radar,955,128,101,1,1185,0,247,13,2,262,955,375,114,3,1447,0,0,0,1447
06/22/2009,LAS,NV,AWP,WE,Towers with Radar,1040,72,66,0,1178,0,255,18,0,273,1040,327,84,0,1451,0,0,0,1451
06/23/2009,LAS,NV,AWP,WE,Towers with Radar,994,44,69,2,1109,0,258,20,4,282,994,302,89,6,1391,0,0,0,1391
06/24/2009,LAS,NV,AWP,WE,Towers with Radar,1026,48,64,3,1141,0,280,11,1,292,1026,328,75,4,1433,0,0,0,1433
06/25/2009,LAS,NV,AWP,WE,Towers with Radar,1050,57,72,2,1181,1,283,12,0,296,1051,340,84,2,1477,0,0,0,1477
06/26/2009,LAS,NV,AWP,WE,Towers with Radar,1059,55,91,7,1212,1,255,28,7,291,1060,310,119,14,1503,0,0,0,1503
06/27/2009,LAS,NV,AWP,WE,Towers with Radar,909,47,55,9,1020,1,211,18,0,230,910,258,73,9,1250,0,0,0,1250
06/28/2009,LAS,NV,AWP,WE,Towers with Radar,966,55,113,6,1140,0,237,12,0,249,966,292,125,6,1389,0,0,0,1389
06/29/2009,LAS,NV,AWP,WE,Towers with Radar,1052,63,54,0,1169,0,234,28,2,264,1052,297,82,2,1433,0,0,0,1433
06/30/2009,LAS,NV,AWP,WE,Towers with Radar,996,43,69,0,1108,2,259,18,0,279,998,302,87,0,1387,0,0,0,1387
07/01/2009,LAS,NV,AWP,WE,Towers with Radar,1024,60,67,3,1154,1,264,15,6,286,1025,324,82,9,1440,0,0,0,1440
07/02/2009,LAS,NV,AWP,WE,Towers with Radar,1033,61,100,10,1204,2,274,17,1,294,1035,335,117,11,1498,0,0,0,1498
07/03/2009,LAS,NV,AWP,WE,Towers with Radar,1010,62,84,1,1157,2,237,14,0,253,1012,299,98,1,1410,0,0,0,1410
07/04/2009,LAS,NV,AWP,WE,Towers with Radar,787,32,29,1,849,0,293,10,0,303,787,325,39,1,1152,0,0,0,1152
07/05/2009,LAS,NV,AWP,WE,Towers with Radar,939,51,104,3,1097,1,224,7,1,233,940,275,111,4,1330,0,0,0,1330
07/06/2009,LAS,NV,AWP,WE,Towers with Radar,1032,67,69,3,1171,0,261,30,1,292,1032,328,99,4,1463,0,0,0,1463
07/07/2009,LAS,NV,AWP,WE,Towers with Radar,994,60,68,1,1123,0,286,17,0,303,994,346,85,1,1426,0,0,0,1426
07/08/2009,LAS,NV,AWP,WE,Towers with Radar,1016,41,63,0,1120,0,257,28,16,301,1016,298,91,16,1421,0,0,0,1421
07/09/2009,LAS,NV,AWP,WE,Towers with Radar,1042,54,90,2,1188,0,302,18,0,320,1042,356,108,2,1508,0,0,0,1508
07/10/2009,LAS,NV,AWP,WE,Towers with Radar,1040,74,96,11,1221,0,212,16,0,228,1040,286,112,11,1449,0,0,0,1449
07/11/2009,LAS,NV,AWP,WE,Towers with Radar,898,43,55,3,999,1,281,20,1,303,899,324,75,4,1302,0,0,0,1302
07/12/2009,LAS,NV,AWP,WE,Towers with Radar,964,82,117,9,1172,0,233,15,0,248,964,315,132,9,1420,0,0,0,1420
07/13/2009,LAS,NV,AWP,WE,Towers with Radar,1022,41,66,6,1135,0,233,25,0,258,1022,274,91,6,1393,0,0,0,1393
07/14/2009,LAS,NV,AWP,WE,Towers with Radar,989,60,98,1,1148,0,268,22,0,290,989,328,120,1,1438,0,0,0,1438
07/15/2009,LAS,NV,AWP,WE,Towers with Radar,1010,61,85,1,1157,0,256,28,0,284,1010,317,113,1,1441,0,0,0,1441
07/16/2009,LAS,NV,AWP,WE,Towers with Radar,1047,65,105,5,1222,1,251,16,2,270,1048,316,121,7,1492,0,0,0,1492
07/17/2009,LAS,NV,AWP,WE,Towers with Radar,1053,72,92,6,1223,2,239,15,1,257,1055,311,107,7,1480,0,0,0,1480
07/18/2009,LAS,NV,AWP,WE,Towers with Radar,899,54,56,6,1015,0,188,22,0,210,899,242,78,6,1225,0,0,0,1225
07/19/2009,LAS,NV,AWP,WE,Towers with Radar,960,44,96,1,1101,0,242,13,0,255,960,286,109,1,1356,0,0,0,1356
07/20/2009,LAS,NV,AWP,WE,Towers with Radar,1044,57,69,3,1173,0,192,17,0,209,1044,249,86,3,1382,0,0,0,1382
07/21/2009,LAS,NV,AWP,WE,Towers with Radar,1011,40,57,5,1113,1,272,17,1,291,1012,312,74,6,1404,0,0,0,1404
07/22/2009,LAS,NV,AWP,WE,Towers with Radar,1004,53,68,3,1128,2,246,13,2,263,1006,299,81,5,1391,0,0,0,1391
07/23/2009,LAS,NV,AWP,WE,Towers with Radar,1037,65,91,9,1202,0,264,13,0,277,1037,329,104,9,1479,0,0,0,1479
07/24/2009,LAS,NV,AWP,WE,Towers with Radar,1050,58,82,7,1197,0,248,14,0,262,1050,306,96,7,1459,0,0,0,1459
07/25/2009,LAS,NV,AWP,WE,Towers with Radar,898,49,49,4,1000,2,278,10,2,292,900,327,59,6,1292,0,0,0,1292
07/26/2009,LAS,NV,AWP,WE,Towers with Radar,953,53,110,8,1124,0,225,11,0,236,953,278,121,8,1360,0,0,0,1360
07/27/2009,LAS,NV,AWP,WE,Towers with Radar,1023,54,86,3,1166,3,263,20,1,287,1026,317,106,4,1453,0,0,0,1453
07/28/2009,LAS,NV,AWP,WE,Towers with Radar,998,40,46,0,1084,1,250,25,1,277,999,290,71,1,1361,0,0,0,1361
07/29/2009,LAS,NV,AWP,WE,Towers with Radar,1001,47,79,0,1127,0,289,32,0,321,1001,336,111,0,1448,0,0,0,1448
07/30/2009,LAS,NV,AWP,WE,Towers with Radar,1042,57,98,0,1197,0,304,17,0,321,1042,361,115,0,1518,0,0,0,1518
07/31/2009,LAS,NV,AWP,WE,Towers with Radar,1037,81,103,6,1227,1,268,19,1,289,1038,349,122,7,1516,0,0,0,1516
08/01/2009,LAS,NV,AWP,WE,Towers with Radar,917,59,77,4,1057,1,234,11,1,247,918,293,88,5,1304,0,0,0,1304
08/02/2009,LAS,NV,AWP,WE,Towers with Radar,971,86,107,7,1171,0,289,11,3,303,971,375,118,10,1474,0,0,0,1474
08/03/2009,LAS,NV,AWP,WE,Towers with Radar,1036,59,61,0,1156,0,284,24,3,311,1036,343,85,3,1467,0,0,0,1467
08/04/2009,LAS,NV,AWP,WE,Towers with Radar,997,41,56,1,1095,0,296,16,1,313,997,337,72,2,1408,0,0,0,1408
08/05/2009,LAS,NV,AWP,WE,Towers with Radar,985,35,70,3,1093,0,312,30,0,342,985,347,100,3,1435,0,0,0,1435
08/06/2009,LAS,NV,AWP,WE,Towers with Radar,1016,69,72,0,1157,0,288,24,0,312,1016,357,96,0,1469,0,0,0,1469
08/07/2009,LAS,NV,AWP,WE,Towers with Radar,1048,63,83,2,1196,0,306,40,1,347,1048,369,123,3,1543,0,0,0,1543
08/08/2009,LAS,NV,AWP,WE,Towers with Radar,903,44,53,1,1001,1,272,28,10,311,904,316,81,11,1312,0,0,0,1312
08/09/2009,LAS,NV,AWP,WE,Towers with Radar,963,66,119,3,1151,0,273,14,0,287,963,339,133,3,1438,0,0,0,1438
08/10/2009,LAS,NV,AWP,WE,Towers with Radar,1027,59,79,3,1168,1,276,32,0,309,1028,335,111,3,1477,0,0,0,1477
08/11/2009,LAS,NV,AWP,WE,Towers with Radar,994,57,84,3,1138,1,281,20,0,302,995,338,104,3,1440,0,0,0,1440
08/12/2009,LAS,NV,AWP,WE,Towers with Radar,996,59,72,9,1136,0,287,16,4,307,996,346,88,13,1443,0,0,0,1443
08/13/2009,LAS,NV,AWP,WE,Towers with Radar,1047,60,83,5,1195,0,315,17,0,332,1047,375,100,5,1527,0,0,0,1527
08/14/2009,LAS,NV,AWP,WE,Towers with Radar,1046,73,99,13,1231,0,305,17,0,322,1046,378,116,13,1553,0,0,0,1553
08/15/2009,LAS,NV,AWP,WE,Towers with Radar,897,34,47,5,983,0,247,19,1,267,897,281,66,6,1250,0,0,0,1250
08/16/2009,LAS,NV,AWP,WE,Towers with Radar,943,51,98,10,1102,1,250,12,0,263,944,301,110,10,1365,0,0,0,1365
08/17/2009,LAS,NV,AWP,WE,Towers with Radar,1019,54,74,3,1150,1,284,25,1,311,1020,338,99,4,1461,0,0,0,1461
08/18/2009,LAS,NV,AWP,WE,Towers with Radar,987,51,58,2,1098,4,275,26,0,305,991,326,84,2,1403,0,0,0,1403
08/19/2009,LAS,NV,AWP,WE,Towers with Radar,979,56,71,4,1110,0,285,24,3,312,979,341,95,7,1422,0,0,0,1422
08/20/2009,LAS,NV,AWP,WE,Towers with Radar,1036,61,117,1,1215,2,272,18,2,294,1038,333,135,3,1509,0,0,0,1509
08/21/2009,LAS,NV,AWP,WE,Towers with Radar,1012,54,86,1,1153,2,280,16,5,303,1014,334,102,6,1456,0,0,0,1456
08/22/2009,LAS,NV,AWP,WE,Towers with Radar,874,45,63,3,985,0,218,6,0,224,874,263,69,3,1209,0,0,0,1209
08/23/2009,LAS,NV,AWP,WE,Towers with Radar,969,75,95,4,1143,0,238,9,1,248,969,313,104,5,1391,0,0,0,1391
08/24/2009,LAS,NV,AWP,WE,Towers with Radar,1037,49,59,0,1145,0,274,18,0,292,1037,323,77,0,1437,0,0,0,1437
08/25/2009,LAS,NV,AWP,WE,Towers with Radar,969,58,85,5,1117,0,261,25,1,287,969,319,110,6,1404,0,0,0,1404
08/26/2009,LAS,NV,AWP,WE,Towers with Radar,978,66,90,4,1138,0,298,18,1,317,978,364,108,5,1455,0,0,0,1455
08/27/2009,LAS,NV,AWP,WE,Towers with Radar,1044,55,99,3,1201,1,281,16,0,298,1045,336,115,3,1499,0,0,0,1499
08/28/2009,LAS,NV,AWP,WE,Towers with Radar,1033,65,124,3,1225,0,277,27,2,306,1033,342,151,5,1531,0,0,0,1531
08/29/2009,LAS,NV,AWP,WE,Towers with Radar,848,52,71,4,975,0,246,19,0,265,848,298,90,4,1240,0,0,0,1240
08/30/2009,LAS,NV,AWP,WE,Towers with Radar,947,59,108,2,1116,0,220,14,0,234,947,279,122,2,1350,0,0,0,1350
08/31/2009,LAS,NV,AWP,WE,Towers with Radar,1014,53,88,0,1155,1,268,17,2,288,1015,321,105,2,1443,0,0,0,1443
09/01/2009,LAS,NV,AWP,WE,Towers with Radar,962,59,92,0,1113,0,254,33,0,287,962,313,125,0,1400,0,0,0,1400
09/02/2009,LAS,NV,AWP,WE,Towers with Radar,966,69,89,0,1124,0,270,18,2,290,966,339,107,2,1414,0,0,0,1414
09/03/2009,LAS,NV,AWP,WE,Towers with Radar,1027,59,109,0,1195,1,277,12,0,290,1028,336,121,0,1485,0,0,0,1485
09/04/2009,LAS,NV,AWP,WE,Towers with Radar,1005,73,94,2,1174,0,274,9,0,283,1005,347,103,2,1457,0,0,0,1457
09/05/2009,LAS,NV,AWP,WE,Towers with Radar,844,41,67,4,956,0,261,7,0,268,844,302,74,4,1224,0,0,0,1224
09/06/2009,LAS,NV,AWP,WE,Towers with Radar,861,38,72,2,973,0,253,15,0,268,861,291,87,2,1241,0,0,0,1241
09/07/2009,LAS,NV,AWP,WE,Towers with Radar,943,67,104,2,1116,0,322,24,0,346,943,389,128,2,1462,0,0,0,1462
09/08/2009,LAS,NV,AWP,WE,Towers with Radar,954,54,59,1,1068,0,334,15,2,351,954,388,74,3,1419,0,0,0,1419
09/09/2009,LAS,NV,AWP,WE,Towers with Radar,973,43,55,2,1073,0,365,26,2,393,973,408,81,4,1466,0,0,0,1466
09/10/2009,LAS,NV,AWP,WE,Towers with Radar,1046,67,81,2,1196,0,358,18,3,379,1046,425,99,5,1575,0,0,0,1575
09/11/2009,LAS,NV,AWP,WE,Towers with Radar,1037,74,109,4,1224,1,330,19,3,353,1038,404,128,7,1577,0,0,0,1577
09/12/2009,LAS,NV,AWP,WE,Towers with Radar,849,43,83,2,977,0,302,10,16,328,849,345,93,18,1305,0,0,0,1305
09/13/2009,LAS,NV,AWP,WE,Towers with Radar,968,67,136,5,1176,0,266,21,11,298,968,333,157,16,1474,0,0,0,1474
09/14/2009,LAS,NV,AWP,WE,Towers with Radar,1031,74,123,0,1228,0,318,13,4,335,1031,392,136,4,1563,0,0,0,1563
09/15/2009,LAS,NV,AWP,WE,Towers with Radar,964,77,146,1,1188,0,339,11,0,350,964,416,157,1,1538,0,0,0,1538
09/16/2009,LAS,NV,AWP,WE,Towers with Radar,994,84,133,1,1212,0,321,27,3,351,994,405,160,4,1563,0,0,0,1563
09/17/2009,LAS,NV,AWP,WE,Towers with Radar,1049,62,144,0,1255,0,333,22,0,355,1049,395,166,0,1610,0,0,0,1610
09/18/2009,LAS,NV,AWP,WE,Towers with Radar,1047,87,135,0,1269,0,315,30,0,345,1047,402,165,0,1614,0,0,0,1614
09/19/2009,LAS,NV,AWP,WE,Towers with Radar,831,44,79,4,958,0,299,17,3,319,831,343,96,7,1277,0,0,0,1277
09/20/2009,LAS,NV,AWP,WE,Towers with Radar,965,76,130,4,1175,0,305,19,0,324,965,381,149,4,1499,0,0,0,1499
09/21/2009,LAS,NV,AWP,WE,Towers with Radar,1037,75,88,4,1204,0,332,21,1,354,1037,407,109,5,1558,0,0,0,1558
09/22/2009,LAS,NV,AWP,WE,Towers with Radar,966,59,108,0,1133,0,352,16,0,368,966,411,124,0,1501,0,0,0,1501
09/23/2009,LAS,NV,AWP,WE,Towers with Radar,957,77,83,2,1119,0,330,24,0,354,957,407,107,2,1473,0,0,0,1473
09/24/2009,LAS,NV,AWP,WE,Towers with Radar,1039,68,114,3,1224,0,329,29,0,358,1039,397,143,3,1582,0,0,0,1582
09/25/2009,LAS,NV,AWP,WE,Towers with Radar,1050,65,142,5,1262,0,320,27,1,348,1050,385,169,6,1610,0,0,0,1610
09/26/2009,LAS,NV,AWP,WE,Towers with Radar,823,58,64,2,947,0,275,29,0,304,823,333,93,2,1251,0,0,0,1251
09/27/2009,LAS,NV,AWP,WE,Towers with Radar,958,77,112,2,1149,0,270,17,0,287,958,347,129,2,1436,0,0,0,1436
09/28/2009,LAS,NV,AWP,WE,Towers with Radar,1043,58,84,2,1187,0,326,24,1,351,1043,384,108,3,1538,0,0,0,1538
09/29/2009,LAS,NV,AWP,WE,Towers with Radar,923,56,79,0,1058,1,297,19,0,317,924,353,98,0,1375,0,0,0,1375
09/30/2009,LAS,NV,AWP,WE,Towers with Radar,963,57,75,5,1100,0,295,18,1,314,963,352,93,6,1414,0,0,0,1414
10/01/2009,LAS,NV,AWP,WE,Towers with Radar,1042,65,111,1,1219,0,311,13,0,324,1042,376,124,1,1543,0,0,0,1543
10/02/2009,LAS,NV,AWP,WE,Towers with Radar,1057,69,117,4,1247,0,318,25,1,344,1057,387,142,5,1591,0,0,0,1591
10/03/2009,LAS,NV,AWP,WE,Towers with Radar,830,57,91,6,984,0,291,15,10,316,830,348,106,16,1300,0,0,0,1300
10/04/2009,LAS,NV,AWP,WE,Towers with Radar,975,73,119,7,1174,0,253,10,3,266,975,326,129,10,1440,0,0,0,1440
10/05/2009,LAS,NV,AWP,WE,Towers with Radar,1039,53,93,2,1187,0,287,22,2,311,1039,340,115,4,1498,0,0,0,1498
10/06/2009,LAS,NV,AWP,WE,Towers with Radar,962,63,88,4,1117,0,340,19,0,359,962,403,107,4,1476,0,0,0,1476
10/07/2009,LAS,NV,AWP,WE,Towers with Radar,963,60,118,2,1143,0,340,17,2,359,963,400,135,4,1502,0,0,0,1502
10/08/2009,LAS,NV,AWP,WE,Towers with Radar,1068,76,132,2,1278,0,298,19,4,321,1068,374,151,6,1599,0,0,0,1599
10/09/2009,LAS,NV,AWP,WE,Towers with Radar,1063,73,109,8,1253,0,313,11,2,326,1063,386,120,10,1579,0,0,0,1579
10/10/2009,LAS,NV,AWP,WE,Towers with Radar,839,57,77,7,980,0,298,11,2,311,839,355,88,9,1291,0,0,0,1291
10/11/2009,LAS,NV,AWP,WE,Towers with Radar,980,82,127,9,1198,0,292,11,1,304,980,374,138,10,1502,0,0,0,1502
10/12/2009,LAS,NV,AWP,WE,Towers with Radar,1000,59,81,5,1145,0,302,17,1,320,1000,361,98,6,1465,0,0,0,1465
10/13/2009,LAS,NV,AWP,WE,Towers with Radar,966,50,96,4,1116,1,277,9,2,289,967,327,105,6,1405,0,0,0,1405
10/14/2009,LAS,NV,AWP,WE,Towers with Radar,974,57,106,1,1138,0,297,18,1,316,974,354,124,2,1454,0,0,0,1454
10/15/2009,LAS,NV,AWP,WE,Towers with Radar,1058,66,99,3,1226,0,299,12,0,311,1058,365,111,3,1537,0,0,0,1537
10/16/2009,LAS,NV,AWP,WE,Towers with Radar,1059,67,136,19,1281,0,304,20,15,339,1059,371,156,34,1620,0,0,0,1620
10/17/2009,LAS,NV,AWP,WE,Towers with Radar,829,48,65,2,944,0,325,20,5,350,829,373,85,7,1294,0,0,0,1294
10/18/2009,LAS,NV,AWP,WE,Towers with Radar,972,99,142,7,1220,0,285,14,1,300,972,384,156,8,1520,0,0,0,1520
10/19/2009,LAS,NV,AWP,WE,Towers with Radar,1034,59,71,8,1172,1,294,20,1,316,1035,353,91,9,1488,0,0,0,1488
10/20/2009,LAS,NV,AWP,WE,Towers with Radar,975,61,97,6,1139,0,294,10,5,309,975,355,107,11,1448,0,0,0,1448
10/21/2009,LAS,NV,AWP,WE,Towers with Radar,969,75,110,4,1158,0,274,18,0,292,969,349,128,4,1450,0,0,0,1450
10/22/2009,LAS,NV,AWP,WE,Towers with Radar,1046,81,96,9,1232,0,244,25,0,269,1046,325,121,9,1501,0,0,0,1501
10/23/2009,LAS,NV,AWP,WE,Towers with Radar,1052,119,159,5,1335,0,295,20,1,316,1052,414,179,6,1651,0,0,0,1651
10/24/2009,LAS,NV,AWP,WE,Towers with Radar,833,72,103,6,1014,0,291,22,1,314,833,363,125,7,1328,0,0,0,1328
10/25/2009,LAS,NV,AWP,WE,Towers with Radar,976,83,150,9,1218,0,277,18,0,295,976,360,168,9,1513,0,0,0,1513
10/26/2009,LAS,NV,AWP,WE,Towers with Radar,1028,49,72,1,1150,0,299,17,2,318,1028,348,89,3,1468,0,0,0,1468
10/27/2009,LAS,NV,AWP,WE,Towers with Radar,965,52,81,1,1099,0,249,12,0,261,965,301,93,1,1360,0,0,0,1360
10/28/2009,LAS,NV,AWP,WE,Towers with Radar,960,51,79,3,1093,0,267,13,0,280,960,318,92,3,1373,0,0,0,1373
10/29/2009,LAS,NV,AWP,WE,Towers with Radar,1033,60,91,5,1189,0,269,11,2,282,1033,329,102,7,1471,0,0,0,1471
10/30/2009,LAS,NV,AWP,WE,Towers with Radar,1054,64,88,0,1206,0,270,27,1,298,1054,334,115,1,1504,0,0,0,1504
10/31/2009,LAS,NV,AWP,WE,Towers with Radar,812,38,48,0,898,0,260,8,0,268,812,298,56,0,1166,0,0,0,1166
11/01/2009,LAS,NV,AWP,WE,Towers with Radar,961,68,99,1,1129,0,249,20,2,271,961,317,119,3,1400,0,0,0,1400
11/02/2009,LAS,NV,AWP,WE,Towers with Radar,1021,59,97,5,1182,0,229,25,1,255,1021,288,122,6,1437,0,0,0,1437
11/03/2009,LAS,NV,AWP,WE,Towers with Radar,957,71,100,5,1133,0,216,14,1,231,957,287,114,6,1364,0,0,0,1364
11/04/2009,LAS,NV,AWP,WE,Towers with Radar,950,85,118,4,1157,0,249,20,8,277,950,334,138,12,1434,0,0,0,1434
11/05/2009,LAS,NV,AWP,WE,Towers with Radar,1025,84,131,1,1241,0,251,24,12,287,1025,335,155,13,1528,0,0,0,1528
11/06/2009,LAS,NV,AWP,WE,Towers with Radar,1028,93,133,5,1259,0,253,17,1,271,1028,346,150,6,1530,0,0,0,1530
11/07/2009,LAS,NV,AWP,WE,Towers with Radar,837,70,71,4,982,0,261,16,0,277,837,331,87,4,1259,0,0,0,1259
11/08/2009,LAS,NV,AWP,WE,Towers with Radar,961,88,111,4,1164,1,243,24,0,268,962,331,135,4,1432,0,0,0,1432
11/09/2009,LAS,NV,AWP,WE,Towers with Radar,1020,58,82,1,1161,0,254,24,0,278,1020,312,106,1,1439,0,0,0,1439
11/10/2009,LAS,NV,AWP,WE,Towers with Radar,946,74,76,6,1102,0,276,18,0,294,946,350,94,6,1396,0,0,0,1396
11/11/2009,LAS,NV,AWP,WE,Towers with Radar,910,65,112,10,1097,0,276,15,5,296,910,341,127,15,1393,0,0,0,1393
11/12/2009,LAS,NV,AWP,WE,Towers with Radar,1019,74,127,4,1224,0,268,19,7,294,1019,342,146,11,1518,0,0,0,1518
11/13/2009,LAS,NV,AWP,WE,Towers with Radar,1014,109,131,1,1255,0,276,24,6,306,1014,385,155,7,1561,0,0,0,1561
11/14/2009,LAS,NV,AWP,WE,Towers with Radar,836,75,102,2,1015,0,253,23,0,276,836,328,125,2,1291,0,0,0,1291
11/15/2009,LAS,NV,AWP,WE,Towers with Radar,951,126,173,2,1252,0,240,18,0,258,951,366,191,2,1510,0,0,0,1510
11/16/2009,LAS,NV,AWP,WE,Towers with Radar,1017,77,99,1,1194,0,260,32,1,293,1017,337,131,2,1487,0,0,0,1487
11/17/2009,LAS,NV,AWP,WE,Towers with Radar,948,63,100,0,1111,0,196,10,0,206,948,259,110,0,1317,0,0,0,1317
11/18/2009,LAS,NV,AWP,WE,Towers with Radar,943,54,95,0,1092,0,249,17,6,272,943,303,112,6,1364,0,0,0,1364
11/19/2009,LAS,NV,AWP,WE,Towers with Radar,1027,77,110,0,1214,2,229,11,2,244,1029,306,121,2,1458,0,0,0,1458
11/20/2009,LAS,NV,AWP,WE,Towers with Radar,1036,77,130,5,1248,0,252,10,1,263,1036,329,140,6,1511,0,0,0,1511
11/21/2009,LAS,NV,AWP,WE,Towers with Radar,826,65,64,4,959,0,261,17,0,278,826,326,81,4,1237,0,0,0,1237
11/22/2009,LAS,NV,AWP,WE,Towers with Radar,954,72,97,7,1130,0,255,22,0,277,954,327,119,7,1407,0,0,0,1407
11/23/2009,LAS,NV,AWP,WE,Towers with Radar,978,66,54,4,1102,0,215,14,1,230,978,281,68,5,1332,0,0,0,1332
11/24/2009,LAS,NV,AWP,WE,Towers with Radar,967,58,69,0,1094,0,230,15,10,255,967,288,84,10,1349,0,0,0,1349
11/25/2009,LAS,NV,AWP,WE,Towers with Radar,985,47,95,0,1127,0,237,23,3,263,985,284,118,3,1390,0,0,0,1390
11/26/2009,LAS,NV,AWP,WE,Towers with Radar,717,42,29,0,788,0,167,7,0,174,717,209,36,0,962,0,0,0,962
11/27/2009,LAS,NV,AWP,WE,Towers with Radar,803,57,64,0,924,0,267,29,0,296,803,324,93,0,1220,0,0,0,1220
11/28/2009,LAS,NV,AWP,WE,Towers with Radar,868,50,65,0,983,0,272,6,0,278,868,322,71,0,1261,0,0,0,1261
11/29/2009,LAS,NV,AWP,WE,Towers with Radar,971,78,129,2,1180,0,212,6,0,218,971,290,135,2,1398,0,0,0,1398
11/30/2009,LAS,NV,AWP,WE,Towers with Radar,1020,60,77,0,1157,0,183,11,0,194,1020,243,88,0,1351,0,0,0,1351
12/01/2009,LAS,NV,AWP,WE,Towers with Radar,939,55,80,0,1074,0,161,15,10,186,939,216,95,10,1260,0,0,0,1260
12/02/2009,LAS,NV,AWP,WE,Towers with Radar,901,66,89,2,1058,0,151,16,3,170,901,217,105,5,1228,0,0,0,1228
12/03/2009,LAS,NV,AWP,WE,Towers with Radar,1008,75,97,0,1180,0,156,23,1,180,1008,231,120,1,1360,0,0,0,1360
12/04/2009,LAS,NV,AWP,WE,Towers with Radar,976,70,135,3,1184,0,183,12,6,201,976,253,147,9,1385,0,0,0,1385
12/05/2009,LAS,NV,AWP,WE,Towers with Radar,791,71,122,7,991,0,212,6,2,220,791,283,128,9,1211,0,0,0,1211
12/06/2009,LAS,NV,AWP,WE,Towers with Radar,905,88,126,6,1125,0,129,55,0,184,905,217,181,6,1309,0,0,0,1309
12/07/2009,LAS,NV,AWP,WE,Towers with Radar,938,48,126,4,1116,0,92,7,0,99,938,140,133,4,1215,0,0,0,1215
12/08/2009,LAS,NV,AWP,WE,Towers with Radar,910,66,89,1,1066,0,190,16,4,210,910,256,105,5,1276,0,0,0,1276
12/09/2009,LAS,NV,AWP,WE,Towers with Radar,887,95,89,13,1084,0,191,20,6,217,887,286,109,19,1301,0,0,0,1301
12/10/2009,LAS,NV,AWP,WE,Towers with Radar,978,70,113,5,1166,0,177,62,2,241,978,247,175,7,1407,0,0,0,1407
12/11/2009,LAS,NV,AWP,WE,Towers with Radar,1001,67,125,2,1195,0,176,21,0,197,1001,243,146,2,1392,0,0,0,1392
12/12/2009,LAS,NV,AWP,WE,Towers with Radar,799,55,96,3,953,0,135,4,0,139,799,190,100,3,1092,0,0,0,1092
12/13/2009,LAS,NV,AWP,WE,Towers with Radar,907,66,153,5,1131,0,136,9,0,145,907,202,162,5,1276,0,0,0,1276
12/14/2009,LAS,NV,AWP,WE,Towers with Radar,969,66,71,0,1106,0,170,11,1,182,969,236,82,1,1288,0,0,0,1288
12/15/2009,LAS,NV,AWP,WE,Towers with Radar,902,48,86,1,1037,0,146,12,2,160,902,194,98,3,1197,0,0,0,1197
12/16/2009,LAS,NV,AWP,WE,Towers with Radar,909,60,75,1,1045,0,130,13,0,143,909,190,88,1,1188,0,0,0,1188
12/17/2009,LAS,NV,AWP,WE,Towers with Radar,969,77,83,1,1130,0,99,25,0,124,969,176,108,1,1254,0,0,0,1254
12/18/2009,LAS,NV,AWP,WE,Towers with Radar,983,86,106,2,1177,0,125,26,2,153,983,211,132,4,1330,0,0,0,1330
12/19/2009,LAS,NV,AWP,WE,Towers with Radar,793,57,77,3,930,0,179,19,0,198,793,236,96,3,1128,0,0,0,1128
12/20/2009,LAS,NV,AWP,WE,Towers with Radar,866,58,78,3,1005,0,130,3,0,133,866,188,81,3,1138,0,0,0,1138
12/21/2009,LAS,NV,AWP,WE,Towers with Radar,940,55,77,0,1072,0,150,15,1,166,940,205,92,1,1238,0,0,0,1238
12/22/2009,LAS,NV,AWP,WE,Towers with Radar,936,63,73,1,1073,0,100,5,0,105,936,163,78,1,1178,0,0,0,1178
12/23/2009,LAS,NV,AWP,WE,Towers with Radar,946,59,66,0,1071,0,185,9,1,195,946,244,75,1,1266,0,0,0,1266
12/24/2009,LAS,NV,AWP,WE,Towers with Radar,848,55,45,2,950,0,147,12,1,160,848,202,57,3,1110,0,0,0,1110
12/25/2009,LAS,NV,AWP,WE,Towers with Radar,734,36,47,0,817,0,140,6,0,146,734,176,53,0,963,0,0,0,963
12/26/2009,LAS,NV,AWP,WE,Towers with Radar,822,47,66,0,935,0,230,14,0,244,822,277,80,0,1179,0,0,0,1179
12/27/2009,LAS,NV,AWP,WE,Towers with Radar,933,56,110,1,1100,0,249,18,2,269,933,305,128,3,1369,0,0,0,1369
12/28/2009,LAS,NV,AWP,WE,Towers with Radar,959,79,73,4,1115,0,265,10,0,275,959,344,83,4,1390,0,0,0,1390
12/29/2009,LAS,NV,AWP,WE,Towers with Radar,929,74,98,4,1105,0,306,22,18,346,929,380,120,22,1451,0,0,0,1451
12/30/2009,LAS,NV,AWP,WE,Towers with Radar,936,83,182,0,1201,0,190,12,7,209,936,273,194,7,1410,0,0,0,1410
12/31/2009,LAS,NV,AWP,WE,Towers with Radar,839,82,115,0,1036,0,281,28,31,340,839,363,143,31,1376,0,0,0,1376
01/01/2010,LAS,NV,AWP,WE,Towers with Radar,780,69,126,0,975,0,315,18,54,387,780,384,144,54,1362,0,0,0,1362
01/02/2010,LAS,NV,AWP,WE,Towers with Radar,854,84,185,0,1123,0,293,16,0,309,854,377,201,0,1432,0,0,0,1432
01/03/2010,LAS,NV,AWP,WE,Towers with Radar,935,74,185,0,1194,0,271,16,0,287,935,345,201,0,1481,0,0,0,1481
01/04/2010,LAS,NV,AWP,WE,Towers with Radar,980,70,110,2,1162,0,248,20,0,268,980,318,130,2,1430,0,0,0,1430
01/05/2010,LAS,NV,AWP,WE,Towers with Radar,900,74,110,1,1085,0,228,17,0,245,900,302,127,1,1330,0,0,0,1330
01/06/2010,LAS,NV,AWP,WE,Towers with Radar,865,99,195,0,1159,0,223,14,2,239,865,322,209,2,1398,0,0,0,1398
01/07/2010,LAS,NV,AWP,WE,Towers with Radar,962,125,215,7,1309,0,163,17,0,180,962,288,232,7,1489,0,0,0,1489
01/08/2010,LAS,NV,AWP,WE,Towers with Radar,973,130,255,1,1359,0,171,24,15,210,973,301,279,16,1569,0,0,0,1569
01/09/2010,LAS,NV,AWP,WE,Towers with Radar,772,85,168,4,1029,0,202,20,1,223,772,287,188,5,1252,0,0,0,1252
01/10/2010,LAS,NV,AWP,WE,Towers with Radar,893,88,170,6,1157,0,196,22,1,219,893,284,192,7,1376,0,0,0,1376
01/11/2010,LAS,NV,AWP,WE,Towers with Radar,940,66,80,3,1089,0,183,23,1,207,940,249,103,4,1296,0,0,0,1296
01/12/2010,LAS,NV,AWP,WE,Towers with Radar,866,45,86,4,1001,0,181,3,0,184,866,226,89,4,1185,0,0,0,1185
01/13/2010,LAS,NV,AWP,WE,Towers with Radar,858,59,79,2,998,0,119,8,2,129,858,178,87,4,1127,0,0,0,1127
01/14/2010,LAS,NV,AWP,WE,Towers with Radar,951,70,65,4,1090,0,136,26,1,163,951,206,91,5,1253,0,0,0,1253
01/15/2010,LAS,NV,AWP,WE,Towers with Radar,967,84,108,4,1163,0,186,18,1,205,967,270,126,5,1368,0,0,0,1368
01/16/2010,LAS,NV,AWP,WE,Towers with Radar,720,53,87,12,872,0,188,5,2,195,720,241,92,14,1067,0,0,0,1067
01/17/2010,LAS,NV,AWP,WE,Towers with Radar,887,73,112,6,1078,0,214,4,0,218,887,287,116,6,1296,0,0,0,1296
01/18/2010,LAS,NV,AWP,WE,Towers with Radar,872,66,127,4,1069,0,97,3,0,100,872,163,130,4,1169,0,0,0,1169
01/19/2010,LAS,NV,AWP,WE,Towers with Radar,892,71,135,10,1108,0,132,14,1,147,892,203,149,11,1255,0,0,0,1255
01/20/2010,LAS,NV,AWP,WE,Towers with Radar,844,70,119,0,1033,0,130,7,0,137,844,200,126,0,1170,0,0,0,1170
01/21/2010,LAS,NV,AWP,WE,Towers with Radar,795,49,129,3,976,0,6,6,0,12,795,55,135,3,988,0,0,0,988
01/22/2010,LAS,NV,AWP,WE,Towers with Radar,1042,78,115,7,1242,0,113,10,0,123,1042,191,125,7,1365,0,0,0,1365
01/23/2010,LAS,NV,AWP,WE,Towers with Radar,744,69,92,6,911,0,225,11,3,239,744,294,103,9,1150,0,0,0,1150
01/24/2010,LAS,NV,AWP,WE,Towers with Radar,880,90,90,6,1066,0,201,9,4,214,880,291,99,10,1280,0,0,0,1280
01/25/2010,LAS,NV,AWP,WE,Towers with Radar,922,82,79,3,1086,0,191,18,2,211,922,273,97,5,1297,0,0,0,1297
01/26/2010,LAS,NV,AWP,WE,Towers with Radar,875,75,68,6,1024,0,141,15,0,156,875,216,83,6,1180,0,0,0,1180
01/27/2010,LAS,NV,AWP,WE,Towers with Radar,976,77,90,5,1148,0,17,124,0,141,976,94,214,5,1289,0,0,0,1289
01/28/2010,LAS,NV,AWP,WE,Towers with Radar,951,67,110,7,1135,0,12,279,4,295,951,79,389,11,1430,0,0,0,1430
01/29/2010,LAS,NV,AWP,WE,Towers with Radar,963,73,117,4,1157,0,3,215,1,219,963,76,332,5,1376,0,0,0,1376
01/30/2010,LAS,NV,AWP,WE,Towers with Radar,727,42,66,10,845,0,0,244,2,246,727,42,310,12,1091,0,0,0,1091
01/31/2010,LAS,NV,AWP,WE,Towers with Radar,879,74,114,6,1073,0,0,202,0,202,879,74,316,6,1275,0,0,0,1275
02/01/2010,LAS,NV,AWP,WE,Towers with Radar,947,68,78,6,1099,0,150,17,0,167,947,218,95,6,1266,0,0,0,1266
02/02/2010,LAS,NV,AWP,WE,Towers with Radar,851,56,76,5,988,0,110,22,0,132,851,166,98,5,1120,0,0,0,1120
02/03/2010,LAS,NV,AWP,WE,Towers with Radar,881,53,110,0,1044,0,146,25,1,172,881,199,135,1,1216,0,0,0,1216
02/04/2010,LAS,NV,AWP,WE,Towers with Radar,967,71,133,0,1171,0,185,21,1,207,967,256,154,1,1378,0,0,0,1378
02/05/2010,LAS,NV,AWP,WE,Towers with Radar,957,76,148,4,1185,0,186,16,0,202,957,262,164,4,1387,0,0,0,1387
02/06/2010,LAS,NV,AWP,WE,Towers with Radar,694,72,80,1,847,0,42,3,0,45,694,114,83,1,892,0,0,0,892
02/07/2010,LAS,NV,AWP,WE,Towers with Radar,880,79,109,1,1069,0,86,8,0,94,880,165,117,1,1163,0,0,0,1163
02/08/2010,LAS,NV,AWP,WE,Towers with Radar,938,104,131,0,1173,0,208,15,0,223,938,312,146,0,1396,0,0,0,1396
02/09/2010,LAS,NV,AWP,WE,Towers with Radar,829,60,85,0,974,0,68,9,0,77,829,128,94,0,1051,0,0,0,1051
02/10/2010,LAS,NV,AWP,WE,Towers with Radar,805,69,60,1,935,0,155,17,2,174,805,224,77,3,1109,0,0,0,1109
02/11/2010,LAS,NV,AWP,WE,Towers with Radar,923,79,137,1,1140,0,203,21,4,228,923,282,158,5,1368,0,0,0,1368
02/12/2010,LAS,NV,AWP,WE,Towers with Radar,948,98,167,0,1213,1,219,22,1,243,949,317,189,1,1456,0,0,0,1456
02/13/2010,LAS,NV,AWP,WE,Towers with Radar,747,63,92,2,904,0,239,11,4,254,747,302,103,6,1158,0,0,0,1158
02/14/2010,LAS,NV,AWP,WE,Towers with Radar,900,87,108,9,1104,0,312,11,1,324,900,399,119,10,1428,0,0,0,1428
02/15/2010,LAS,NV,AWP,WE,Towers with Radar,906,87,170,5,1168,0,228,29,1,258,906,315,199,6,1426,0,0,0,1426
02/16/2010,LAS,NV,AWP,WE,Towers with Radar,872,67,113,1,1053,0,238,19,0,257,872,305,132,1,1310,0,0,0,1310
02/17/2010,LAS,NV,AWP,WE,Towers with Radar,881,80,100,1,1062,0,246,17,2,265,881,326,117,3,1327,0,0,0,1327
02/18/2010,LAS,NV,AWP,WE,Towers with Radar,983,74,122,5,1184,0,188,23,11,222,983,262,145,16,1406,0,0,0,1406
02/19/2010,LAS,NV,AWP,WE,Towers with Radar,972,56,106,7,1141,0,131,15,9,155,972,187,121,16,1296,0,0,0,1296
02/20/2010,LAS,NV,AWP,WE,Towers with Radar,739,70,82,2,893,0,250,6,3,259,739,320,88,5,1152,0,0,0,1152
02/21/2010,LAS,NV,AWP,WE,Towers with Radar,906,83,114,12,1115,0,202,18,0,220,906,285,132,12,1335,0,0,0,1335
02/22/2010,LAS,NV,AWP,WE,Towers with Radar,940,67,98,2,1107,0,150,17,1,168,940,217,115,3,1275,0,0,0,1275
02/23/2010,LAS,NV,AWP,WE,Towers with Radar,877,53,78,0,1008,0,229,18,0,247,877,282,96,0,1255,0,0,0,1255
02/24/2010,LAS,NV,AWP,WE,Towers with Radar,891,54,89,0,1034,0,201,19,0,220,891,255,108,0,1254,0,0,0,1254
02/25/2010,LAS,NV,AWP,WE,Towers with Radar,960,76,128,0,1164,0,234,17,2,253,960,310,145,2,1417,0,0,0,1417
02/26/2010,LAS,NV,AWP,WE,Towers with Radar,949,91,133,2,1175,1,239,29,3,272,950,330,162,5,1447,0,0,0,1447
02/27/2010,LAS,NV,AWP,WE,Towers with Radar,755,71,100,5,931,0,191,8,0,199,755,262,108,5,1130,0,0,0,1130
02/28/2010,LAS,NV,AWP,WE,Towers with Radar,909,88,178,3,1178,0,452,13,1,466,909,540,191,4,1644,0,0,0,1644
03/01/2010,LAS,NV,AWP,WE,Towers with Radar,956,78,109,0,1143,0,208,29,0,237,956,286,138,0,1380,0,0,0,1380
03/02/2010,LAS,NV,AWP,WE,Towers with Radar,880,60,107,0,1047,0,215,20,0,235,880,275,127,0,1282,0,0,0,1282
03/03/2010,LAS,NV,AWP,WE,Towers with Radar,897,65,74,1,1037,0,236,14,2,252,897,301,88,3,1289,0,0,0,1289
03/04/2010,LAS,NV,AWP,WE,Towers with Radar,979,93,89,0,1161,0,208,15,0,223,979,301,104,0,1384,0,0,0,1384
03/05/2010,LAS,NV,AWP,WE,Towers with Radar,979,69,93,5,1146,0,266,15,0,281,979,335,108,5,1427,0,0,0,1427
03/06/2010,LAS,NV,AWP,WE,Towers with Radar,756,58,62,14,890,0,215,3,7,225,756,273,65,21,1115,0,0,0,1115
03/07/2010,LAS,NV,AWP,WE,Towers with Radar,916,72,86,11,1085,0,83,1,0,84,916,155,87,11,1169,0,0,0,1169
03/08/2010,LAS,NV,AWP,WE,Towers with Radar,950,59,81,4,1094,0,204,8,0,212,950,263,89,4,1306,0,0,0,1306
03/09/2010,LAS,NV,AWP,WE,Towers with Radar,862,60,79,3,1004,0,82,12,0,94,862,142,91,3,1098,0,0,0,1098
03/10/2010,LAS,NV,AWP,WE,Towers with Radar,910,66,76,2,1054,0,194,16,0,210,910,260,92,2,1264,0,0,0,1264
03/11/2010,LAS,NV,AWP,WE,Towers with Radar,999,92,131,0,1222,0,247,10,2,259,999,339,141,2,1481,0,0,0,1481
03/12/2010,LAS,NV,AWP,WE,Towers with Radar,976,71,115,6,1168,0,260,19,0,279,976,331,134,6,1447,0,0,0,1447
03/13/2010,LAS,NV,AWP,WE,Towers with Radar,807,66,72,9,954,0,178,12,3,193,807,244,84,12,1147,0,0,0,1147
03/14/2010,LAS,NV,AWP,WE,Towers with Radar,923,89,125,5,1142,0,239,13,0,252,923,328,138,5,1394,0,0,0,1394
03/15/2010,LAS,NV,AWP,WE,Towers with Radar,971,66,65,3,1105,0,235,26,0,261,971,301,91,3,1366,0,0,0,1366
03/16/2010,LAS,NV,AWP,WE,Towers with Radar,917,73,79,6,1075,0,248,25,4,277,917,321,104,10,1352,0,0,0,1352
03/17/2010,LAS,NV,AWP,WE,Towers with Radar,938,73,112,1,1124,0,270,23,6,299,938,343,135,7,1423,0,0,0,1423
03/18/2010,LAS,NV,AWP,WE,Towers with Radar,1006,97,115,5,1223,0,214,20,4,238,1006,311,135,9,1461,0,0,0,1461
03/19/2010,LAS,NV,AWP,WE,Towers with Radar,1009,93,119,16,1237,0,237,27,22,286,1009,330,146,38,1523,0,0,0,1523
03/20/2010,LAS,NV,AWP,WE,Towers with Radar,844,63,91,10,1008,0,195,16,3,214,844,258,107,13,1222,0,0,0,1222
03/21/2010,LAS,NV,AWP,WE,Towers with Radar,943,70,124,12,1149,0,186,26,0,212,943,256,150,12,1361,0,0,0,1361
03/22/2010,LAS,NV,AWP,WE,Towers with Radar,986,70,115,7,1178,0,232,28,2,262,986,302,143,9,1440,0,0,0,1440
03/23/2010,LAS,NV,AWP,WE,Towers with Radar,903,58,99,3,1063,0,228,23,1,252,903,286,122,4,1315,0,0,0,1315
03/24/2010,LAS,NV,AWP,WE,Towers with Radar,909,85,121,2,1117,0,257,31,6,294,909,342,152,8,1411,0,0,0,1411
03/25/2010,LAS,NV,AWP,WE,Towers with Radar,1012,93,159,3,1267,0,218,20,4,242,1012,311,179,7,1509,0,0,0,1509
03/26/2010,LAS,NV,AWP,WE,Towers with Radar,986,106,158,9,1259,0,246,29,2,277,986,352,187,11,1536,0,0,0,1536
03/27/2010,LAS,NV,AWP,WE,Towers with Radar,837,90,103,3,1033,0,237,20,0,257,837,327,123,3,1290,0,0,0,1290
03/28/2010,LAS,NV,AWP,WE,Towers with Radar,934,82,129,4,1149,0,257,33,0,290,934,339,162,4,1439,0,0,0,1439
03/29/2010,LAS,NV,AWP,WE,Towers with Radar,978,81,61,1,1121,0,282,22,6,310,978,363,83,7,1431,0,0,0,1431
03/30/2010,LAS,NV,AWP,WE,Towers with Radar,871,49,52,1,973,0,313,9,2,324,871,362,61,3,1297,0,0,0,1297
03/31/2010,LAS,NV,AWP,WE,Towers with Radar,923,58,62,3,1046,0,234,12,2,248,923,292,74,5,1294,0,0,0,1294
04/01/2010,LAS,NV,AWP,WE,Towers with Radar,1016,56,85,8,1165,0,305,7,1,313,1016,361,92,9,1478,0,0,0,1478
04/02/2010,LAS,NV,AWP,WE,Towers with Radar,1000,60,77,7,1144,0,352,13,3,368,1000,412,90,10,1512,0,0,0,1512
04/03/2010,LAS,NV,AWP,WE,Towers with Radar,815,61,49,3,928,0,353,17,2,372,815,414,66,5,1300,0,0,0,1300
04/04/2010,LAS,NV,AWP,WE,Towers with Radar,936,61,68,0,1065,0,325,11,0,336,936,386,79,0,1401,0,0,0,1401
04/05/2010,LAS,NV,AWP,WE,Towers with Radar,933,59,76,5,1073,0,308,10,0,318,933,367,86,5,1391,0,0,0,1391
04/06/2010,LAS,NV,AWP,WE,Towers with Radar,918,54,86,3,1061,0,317,23,4,344,918,371,109,7,1405,0,0,0,1405
04/07/2010,LAS,NV,AWP,WE,Towers with Radar,924,70,102,0,1096,0,340,27,1,368,924,410,129,1,1464,0,0,0,1464
04/08/2010,LAS,NV,AWP,WE,Towers with Radar,1025,70,113,1,1209,0,356,20,1,377,1025,426,133,2,1586,0,0,0,1586
04/09/2010,LAS,NV,AWP,WE,Towers with Radar,1008,78,100,2,1188,0,341,15,0,356,1008,419,115,2,1544,0,0,0,1544
04/10/2010,LAS,NV,AWP,WE,Towers with Radar,832,78,78,1,989,0,314,13,0,327,832,392,91,1,1316,0,0,0,1316
04/11/2010,LAS,NV,AWP,WE,Towers with Radar,954,89,131,3,1177,0,244,10,0,254,954,333,141,3,1431,0,0,0,1431
04/12/2010,LAS,NV,AWP,WE,Towers with Radar,990,73,87,0,1150,0,194,11,2,207,990,267,98,2,1357,0,0,0,1357
04/13/2010,LAS,NV,AWP,WE,Towers with Radar,912,72,83,0,1067,0,272,17,4,293,912,344,100,4,1360,0,0,0,1360
04/14/2010,LAS,NV,AWP,WE,Towers with Radar,934,85,85,2,1106,0,276,25,4,305,934,361,110,6,1411,0,0,0,1411
04/15/2010,LAS,NV,AWP,WE,Towers with Radar,1014,90,123,1,1228,0,284,25,4,313,1014,374,148,5,1541,0,0,0,1541
04/16/2010,LAS,NV,AWP,WE,Towers with Radar,994,102,135,7,1238,0,332,14,4,350,994,434,149,11,1588,0,0,0,1588
04/17/2010,LAS,NV,AWP,WE,Towers with Radar,824,56,83,4,967,0,262,8,0,270,824,318,91,4,1237,0,0,0,1237
04/18/2010,LAS,NV,AWP,WE,Towers with Radar,947,95,137,5,1184,0,215,20,0,235,947,310,157,5,1419,0,0,0,1419
04/19/2010,LAS,NV,AWP,WE,Towers with Radar,980,64,93,1,1138,1,219,24,0,244,981,283,117,1,1382,0,0,0,1382
04/20/2010,LAS,NV,AWP,WE,Towers with Radar,874,70,119,11,1074,0,194,10,4,208,874,264,129,15,1282,0,0,0,1282
04/21/2010,LAS,NV,AWP,WE,Towers with Radar,923,64,94,4,1085,0,157,7,0,164,923,221,101,4,1249,0,0,0,1249
04/22/2010,LAS,NV,AWP,WE,Towers with Radar,1016,73,129,8,1226,0,71,12,12,95,1016,144,141,20,1321,0,0,0,1321
04/23/2010,LAS,NV,AWP,WE,Towers with Radar,1013,97,101,9,1220,0,281,26,0,307,1013,378,127,9,1527,0,0,0,1527
04/24/2010,LAS,NV,AWP,WE,Towers with Radar,809,56,84,6,955,0,260,31,3,294,809,316,115,9,1249,0,0,0,1249
04/25/2010,LAS,NV,AWP,WE,Towers with Radar,951,103,140,9,1203,0,238,34,0,272,951,341,174,9,1475,0,0,0,1475
04/26/2010,LAS,NV,AWP,WE,Towers with Radar,977,72,77,4,1130,0,266,23,5,294,977,338,100,9,1424,0,0,0,1424
04/27/2010,LAS,NV,AWP,WE,Towers with Radar,879,65,79,0,1023,0,217,16,4,237,879,282,95,4,1260,0,0,0,1260
04/28/2010,LAS,NV,AWP,WE,Towers with Radar,880,51,96,0,1027,0,191,14,0,205,880,242,110,0,1232,0,0,0,1232
04/29/2010,LAS,NV,AWP,WE,Towers with Radar,1014,102,126,6,1248,0,251,12,4,267,1014,353,138,10,1515,0,0,0,1515
04/30/2010,LAS,NV,AWP,WE,Towers with Radar,990,111,158,8,1267,0,269,27,11,307,990,380,185,19,1574,0,0,0,1574
05/01/2010,LAS,NV,AWP,WE,Towers with Radar,841,93,118,2,1054,0,232,15,4,251,841,325,133,6,1305,0,0,0,1305
05/02/2010,LAS,NV,AWP,WE,Towers with Radar,945,137,209,3,1294,0,250,8,1,259,945,387,217,4,1553,0,0,0,1553
05/03/2010,LAS,NV,AWP,WE,Towers with Radar,975,88,109,1,1173,0,295,24,0,319,975,383,133,1,1492,0,0,0,1492
05/04/2010,LAS,NV,AWP,WE,Towers with Radar,910,80,96,0,1086,0,283,23,0,306,910,363,119,0,1392,0,0,0,1392
05/05/2010,LAS,NV,AWP,WE,Towers with Radar,932,75,104,3,1114,0,320,13,0,333,932,395,117,3,1447,0,0,0,1447
05/06/2010,LAS,NV,AWP,WE,Towers with Radar,1023,90,104,2,1219,0,284,16,4,304,1023,374,120,6,1523,0,0,0,1523
05/07/2010,LAS,NV,AWP,WE,Towers with Radar,1001,77,89,1,1168,1,318,22,1,342,1002,395,111,2,1510,0,0,0,1510
05/08/2010,LAS,NV,AWP,WE,Towers with Radar,816,57,54,3,930,0,295,17,0,312,816,352,71,3,1242,0,0,0,1242
05/09/2010,LAS,NV,AWP,WE,Towers with Radar,959,74,98,2,1133,0,274,26,0,300,959,348,124,2,1433,0,0,0,1433
05/10/2010,LAS,NV,AWP,WE,Towers with Radar,968,81,80,4,1133,2,254,17,1,274,970,335,97,5,1407,0,0,0,1407
05/11/2010,LAS,NV,AWP,WE,Towers with Radar,919,74,96,1,1090,0,254,20,0,274,919,328,116,1,1364,0,0,0,1364
05/12/2010,LAS,NV,AWP,WE,Towers with Radar,930,61,106,1,1098,0,325,28,0,353,930,386,134,1,1451,0,0,0,1451
05/13/2010,LAS,NV,AWP,WE,Towers with Radar,1029,90,123,4,1246,0,290,21,2,313,1029,380,144,6,1559,0,0,0,1559
05/14/2010,LAS,NV,AWP,WE,Towers with Radar,990,94,132,4,1220,0,311,32,0,343,990,405,164,4,1563,0,0,0,1563
05/15/2010,LAS,NV,AWP,WE,Towers with Radar,825,48,71,2,946,0,306,8,1,315,825,354,79,3,1261,0,0,0,1261
05/16/2010,LAS,NV,AWP,WE,Towers with Radar,956,89,138,5,1188,0,268,25,2,295,956,357,163,7,1483,0,0,0,1483
05/17/2010,LAS,NV,AWP,WE,Towers with Radar,988,67,84,5,1144,0,288,14,3,305,988,355,98,8,1449,0,0,0,1449
05/18/2010,LAS,NV,AWP,WE,Towers with Radar,907,99,103,1,1110,0,294,18,6,318,907,393,121,7,1428,0,0,0,1428
05/19/2010,LAS,NV,AWP,WE,Towers with Radar,943,72,94,1,1110,0,298,34,3,335,943,370,128,4,1445,0,0,0,1445
05/20/2010,LAS,NV,AWP,WE,Towers with Radar,1018,72,103,4,1197,0,311,27,0,338,1018,383,130,4,1535,0,0,0,1535
05/21/2010,LAS,NV,AWP,WE,Towers with Radar,983,89,137,3,1212,0,291,22,2,315,983,380,159,5,1527,0,0,0,1527
05/22/2010,LAS,NV,AWP,WE,Towers with Radar,814,92,107,0,1013,0,314,14,2,330,814,406,121,2,1343,0,0,0,1343
05/23/2010,LAS,NV,AWP,WE,Towers with Radar,958,121,181,3,1263,0,274,7,1,282,958,395,188,4,1545,0,0,0,1545
05/24/2010,LAS,NV,AWP,WE,Towers with Radar,978,92,106,6,1182,0,278,34,2,314,978,370,140,8,1496,0,0,0,1496
05/25/2010,LAS,NV,AWP,WE,Towers with Radar,909,125,157,3,1194,0,300,19,0,319,909,425,176,3,1513,0,0,0,1513
05/26/2010,LAS,NV,AWP,WE,Towers with Radar,934,85,113,4,1136,0,301,11,0,312,934,386,124,4,1448,0,0,0,1448
05/27/2010,LAS,NV,AWP,WE,Towers with Radar,992,79,100,2,1173,0,280,9,0,289,992,359,109,2,1462,0,0,0,1462
05/28/2010,LAS,NV,AWP,WE,Towers with Radar,968,92,119,2,1181,0,274,25,0,299,968,366,144,2,1480,0,0,0,1480
05/29/2010,LAS,NV,AWP,WE,Towers with Radar,817,66,68,4,955,0,283,17,2,302,817,349,85,6,1257,0,0,0,1257
05/30/2010,LAS,NV,AWP,WE,Towers with Radar,872,56,79,0,1007,0,278,27,0,305,872,334,106,0,1312,0,0,0,1312
05/31/2010,LAS,NV,AWP,WE,Towers with Radar,913,76,119,0,1108,0,269,18,0,287,913,345,137,0,1395,0,0,0,1395
06/01/2010,LAS,NV,AWP,WE,Towers with Radar,918,61,72,3,1054,0,283,13,0,296,918,344,85,3,1350,0,0,0,1350
06/02/2010,LAS,NV,AWP,WE,Towers with Radar,939,77,49,3,1068,0,339,21,1,361,939,416,70,4,1429,0,0,0,1429
06/03/2010,LAS,NV,AWP,WE,Towers with Radar,1018,91,78,5,1192,0,289,10,1,300,1018,380,88,6,1492,0,0,0,1492
06/04/2010,LAS,NV,AWP,WE,Towers with Radar,1006,79,98,6,1189,0,284,23,8,315,1006,363,121,14,1504,0,0,0,1504
06/05/2010,LAS,NV,AWP,WE,Towers with Radar,824,55,47,3,929,0,273,14,0,287,824,328,61,3,1216,0,0,0,1216
06/06/2010,LAS,NV,AWP,WE,Towers with Radar,944,75,117,3,1139,0,258,16,1,275,944,333,133,4,1414,0,0,0,1414
06/07/2010,LAS,NV,AWP,WE,Towers with Radar,979,74,81,8,1142,0,273,17,2,292,979,347,98,10,1434,0,0,0,1434
06/08/2010,LAS,NV,AWP,WE,Towers with Radar,912,75,78,1,1066,0,288,19,0,307,912,363,97,1,1373,0,0,0,1373
06/09/2010,LAS,NV,AWP,WE,Towers with Radar,935,86,88,1,1110,0,299,19,2,320,935,385,107,3,1430,0,0,0,1430
06/10/2010,LAS,NV,AWP,WE,Towers with Radar,1012,70,120,2,1204,0,269,26,0,295,1012,339,146,2,1499,0,0,0,1499
06/11/2010,LAS,NV,AWP,WE,Towers with Radar,994,96,97,5,1192,0,248,23,1,272,994,344,120,6,1464,0,0,0,1464
06/12/2010,LAS,NV,AWP,WE,Towers with Radar,835,86,79,0,1000,0,254,12,2,268,835,340,91,2,1268,0,0,0,1268
06/13/2010,LAS,NV,AWP,WE,Towers with Radar,957,94,113,7,1171,0,243,20,0,263,957,337,133,7,1434,0,0,0,1434
06/14/2010,LAS,NV,AWP,WE,Towers with Radar,976,72,64,1,1113,0,269,17,0,286,976,341,81,1,1399,0,0,0,1399
06/15/2010,LAS,NV,AWP,WE,Towers with Radar,918,71,65,0,1054,0,271,24,0,295,918,342,89,0,1349,0,0,0,1349
06/16/2010,LAS,NV,AWP,WE,Towers with Radar,943,95,63,3,1104,0,292,22,0,314,943,387,85,3,1418,0,0,0,1418
06/17/2010,LAS,NV,AWP,WE,Towers with Radar,1010,87,98,1,1196,0,279,16,0,295,1010,366,114,1,1491,0,0,0,1491
06/18/2010,LAS,NV,AWP,WE,Towers with Radar,988,80,108,6,1182,0,289,10,2,301,988,369,118,8,1483,0,0,0,1483
06/19/2010,LAS,NV,AWP,WE,Towers with Radar,830,59,68,4,961,0,276,9,1,286,830,335,77,5,1247,0,0,0,1247
06/20/2010,LAS,NV,AWP,WE,Towers with Radar,958,60,85,3,1106,0,278,23,0,301,958,338,108,3,1407,0,0,0,1407
06/21/2010,LAS,NV,AWP,WE,Towers with Radar,984,76,73,0,1133,0,279,17,1,297,984,355,90,1,1430,0,0,0,1430
06/22/2010,LAS,NV,AWP,WE,Towers with Radar,927,63,66,1,1057,0,289,13,2,304,927,352,79,3,1361,0,0,0,1361
06/23/2010,LAS,NV,AWP,WE,Towers with Radar,961,69,80,0,1110,0,283,15,5,303,961,352,95,5,1413,0,0,0,1413
06/24/2010,LAS,NV,AWP,WE,Towers with Radar,1009,90,95,1,1195,1,285,17,5,308,1010,375,112,6,1503,0,0,0,1503
06/25/2010,LAS,NV,AWP,WE,Towers with Radar,1015,86,113,11,1225,0,315,36,3,354,1015,401,149,14,1579,0,0,0,1579
06/26/2010,LAS,NV,AWP,WE,Towers with Radar,832,66,65,6,969,0,241,21,0,262,832,307,86,6,1231,0,0,0,1231
06/27/2010,LAS,NV,AWP,WE,Towers with Radar,954,78,114,7,1153,0,236,29,3,268,954,314,143,10,1421,0,0,0,1421
06/28/2010,LAS,NV,AWP,WE,Towers with Radar,993,79,66,1,1139,0,286,26,3,315,993,365,92,4,1454,0,0,0,1454
06/29/2010,LAS,NV,AWP,WE,Towers with Radar,935,66,74,2,1077,0,273,18,3,294,935,339,92,5,1371,0,0,0,1371
06/30/2010,LAS,NV,AWP,WE,Towers with Radar,954,91,68,3,1116,0,289,20,0,309,954,380,88,3,1425,0,0,0,1425
07/01/2010,LAS,NV,AWP,WE,Towers with Radar,1015,73,84,3,1175,0,264,20,0,284,1015,337,104,3,1459,0,0,0,1459
07/02/2010,LAS,NV,AWP,WE,Towers with Radar,969,87,94,0,1150,0,290,28,4,322,969,377,122,4,1472,0,0,0,1472
07/03/2010,LAS,NV,AWP,WE,Towers with Radar,826,48,56,1,931,0,303,19,2,324,826,351,75,3,1255,0,0,0,1255
07/04/2010,LAS,NV,AWP,WE,Towers with Radar,834,52,60,0,946,0,237,21,0,258,834,289,81,0,1204,0,0,0,1204
07/05/2010,LAS,NV,AWP,WE,Towers with Radar,934,81,62,5,1082,0,273,24,2,299,934,354,86,7,1381,0,0,0,1381
07/06/2010,LAS,NV,AWP,WE,Towers with Radar,923,70,62,0,1055,0,287,22,4,313,923,357,84,4,1368,0,0,0,1368
07/07/2010,LAS,NV,AWP,WE,Towers with Radar,967,75,65,3,1110,0,353,15,5,373,967,428,80,8,1483,0,0,0,1483
07/08/2010,LAS,NV,AWP,WE,Towers with Radar,1026,70,55,2,1153,0,179,9,6,194,1026,249,64,8,1347,0,0,0,1347
07/09/2010,LAS,NV,AWP,WE,Towers with Radar,1003,88,90,3,1184,0,259,15,3,277,1003,347,105,6,1461,0,0,0,1461
07/10/2010,LAS,NV,AWP,WE,Towers with Radar,843,68,86,1,998,0,346,8,0,354,843,414,94,1,1352,0,0,0,1352
07/11/2010,LAS,NV,AWP,WE,Towers with Radar,954,80,90,12,1136,0,240,14,3,257,954,320,104,15,1393,0,0,0,1393
07/12/2010,LAS,NV,AWP,WE,Towers with Radar,989,83,72,3,1147,0,313,23,2,338,989,396,95,5,1485,0,0,0,1485
07/13/2010,LAS,NV,AWP,WE,Towers with Radar,928,70,58,4,1060,0,300,19,0,319,928,370,77,4,1379,0,0,0,1379
07/14/2010,LAS,NV,AWP,WE,Towers with Radar,963,72,71,1,1107,0,302,35,0,337,963,374,106,1,1444,0,0,0,1444
07/15/2010,LAS,NV,AWP,WE,Towers with Radar,1017,69,82,3,1171,0,337,23,4,364,1017,406,105,7,1535,0,0,0,1535
07/16/2010,LAS,NV,AWP,WE,Towers with Radar,1011,58,109,3,1181,0,317,27,6,350,1011,375,136,9,1531,0,0,0,1531
07/17/2010,LAS,NV,AWP,WE,Towers with Radar,843,74,64,0,981,0,294,12,1,307,843,368,76,1,1288,0,0,0,1288
07/18/2010,LAS,NV,AWP,WE,Towers with Radar,960,88,136,2,1186,0,284,30,0,314,960,372,166,2,1500,0,0,0,1500
07/19/2010,LAS,NV,AWP,WE,Towers with Radar,999,76,65,7,1147,0,323,16,2,341,999,399,81,9,1488,0,0,0,1488
07/20/2010,LAS,NV,AWP,WE,Towers with Radar,935,71,84,6,1096,0,315,24,1,340,935,386,108,7,1436,0,0,0,1436
07/21/2010,LAS,NV,AWP,WE,Towers with Radar,961,82,75,4,1122,0,344,22,1,367,961,426,97,5,1489,0,0,0,1489
07/22/2010,LAS,NV,AWP,WE,Towers with Radar,1023,77,102,2,1204,0,310,26,0,336,1023,387,128,2,1540,0,0,0,1540
07/23/2010,LAS,NV,AWP,WE,Towers with Radar,998,66,89,4,1157,0,314,27,5,346,998,380,116,9,1503,0,0,0,1503
07/24/2010,LAS,NV,AWP,WE,Towers with Radar,846,65,79,4,994,0,296,16,0,312,846,361,95,4,1306,0,0,0,1306
07/25/2010,LAS,NV,AWP,WE,Towers with Radar,961,88,122,4,1175,0,278,11,0,289,961,366,133,4,1464,0,0,0,1464
07/26/2010,LAS,NV,AWP,WE,Towers with Radar,989,82,92,3,1166,0,295,13,0,308,989,377,105,3,1474,0,0,0,1474
07/27/2010,LAS,NV,AWP,WE,Towers with Radar,937,88,82,2,1109,0,332,16,2,350,937,420,98,4,1459,0,0,0,1459
07/28/2010,LAS,NV,AWP,WE,Towers with Radar,958,60,65,0,1083,0,334,14,0,348,958,394,79,0,1431,0,0,0,1431
07/29/2010,LAS,NV,AWP,WE,Towers with Radar,1033,81,100,2,1216,0,300,24,0,324,1033,381,124,2,1540,0,0,0,1540
07/30/2010,LAS,NV,AWP,WE,Towers with Radar,1018,62,100,0,1180,0,319,17,2,338,1018,381,117,2,1518,0,0,0,1518
07/31/2010,LAS,NV,AWP,WE,Towers with Radar,828,50,57,3,938,0,308,21,0,329,828,358,78,3,1267,0,0,0,1267
08/01/2010,LAS,NV,AWP,WE,Towers with Radar,966,67,110,2,1145,0,295,30,0,325,966,362,140,2,1470,0,0,0,1470
08/02/2010,LAS,NV,AWP,WE,Towers with Radar,997,58,58,1,1114,0,333,23,0,356,997,391,81,1,1470,0,0,0,1470
08/03/2010,LAS,NV,AWP,WE,Towers with Radar,927,67,70,0,1064,0,377,24,0,401,927,444,94,0,1465,0,0,0,1465
08/04/2010,LAS,NV,AWP,WE,Towers with Radar,953,85,82,0,1120,0,354,28,2,384,953,439,110,2,1504,0,0,0,1504
08/05/2010,LAS,NV,AWP,WE,Towers with Radar,1018,106,110,0,1234,0,336,10,2,348,1018,442,120,2,1582,0,0,0,1582
08/06/2010,LAS,NV,AWP,WE,Towers with Radar,1008,72,109,3,1192,0,342,20,2,364,1008,414,129,5,1556,0,0,0,1556
08/07/2010,LAS,NV,AWP,WE,Towers with Radar,823,74,73,3,973,0,317,13,0,330,823,391,86,3,1303,0,0,0,1303
08/08/2010,LAS,NV,AWP,WE,Towers with Radar,964,63,118,3,1148,0,290,9,0,299,964,353,127,3,1447,0,0,0,1447
08/09/2010,LAS,NV,AWP,WE,Towers with Radar,990,69,67,2,1128,0,334,23,0,357,990,403,90,2,1485,0,0,0,1485
08/10/2010,LAS,NV,AWP,WE,Towers with Radar,940,75,87,4,1106,0,338,20,0,358,940,413,107,4,1464,0,0,0,1464
08/11/2010,LAS,NV,AWP,WE,Towers with Radar,961,72,81,0,1114,0,342,30,6,378,961,414,111,6,1492,0,0,0,1492
08/12/2010,LAS,NV,AWP,WE,Towers with Radar,1011,97,97,0,1205,0,378,28,3,409,1011,475,125,3,1614,0,0,0,1614
08/13/2010,LAS,NV,AWP,WE,Towers with Radar,1010,94,144,4,1252,0,326,24,3,353,1010,420,168,7,1605,0,0,0,1605
08/14/2010,LAS,NV,AWP,WE,Towers with Radar,825,86,74,2,987,0,339,23,1,363,825,425,97,3,1350,0,0,0,1350
08/15/2010,LAS,NV,AWP,WE,Towers with Radar,952,87,119,2,1160,0,287,20,1,308,952,374,139,3,1468,0,0,0,1468
08/16/2010,LAS,NV,AWP,WE,Towers with Radar,986,91,99,1,1177,0,294,24,3,321,986,385,123,4,1498,0,0,0,1498
08/17/2010,LAS,NV,AWP,WE,Towers with Radar,954,68,90,4,1116,0,277,22,4,303,954,345,112,8,1419,0,0,0,1419
08/18/2010,LAS,NV,AWP,WE,Towers with Radar,939,80,99,3,1121,0,340,26,4,370,939,420,125,7,1491,0,0,0,1491
08/19/2010,LAS,NV,AWP,WE,Towers with Radar,1019,72,118,3,1212,0,320,16,2,338,1019,392,134,5,1550,0,0,0,1550
08/20/2010,LAS,NV,AWP,WE,Towers with Radar,991,89,91,3,1174,0,283,28,0,311,991,372,119,3,1485,0,0,0,1485
08/21/2010,LAS,NV,AWP,WE,Towers with Radar,790,69,64,1,924,0,294,14,2,310,790,363,78,3,1234,0,0,0,1234
08/22/2010,LAS,NV,AWP,WE,Towers with Radar,931,83,88,2,1104,0,255,20,1,276,931,338,108,3,1380,0,0,0,1380
08/23/2010,LAS,NV,AWP,WE,Towers with Radar,986,76,75,3,1140,0,299,22,0,321,986,375,97,3,1461,0,0,0,1461
08/24/2010,LAS,NV,AWP,WE,Towers with Radar,924,65,68,4,1061,0,325,16,1,342,924,390,84,5,1403,0,0,0,1403
08/25/2010,LAS,NV,AWP,WE,Towers with Radar,939,83,69,7,1098,0,310,21,8,339,939,393,90,15,1437,0,0,0,1437
08/26/2010,LAS,NV,AWP,WE,Towers with Radar,1015,72,74,0,1161,1,263,22,0,286,1016,335,96,0,1447,0,0,0,1447
08/27/2010,LAS,NV,AWP,WE,Towers with Radar,1001,90,91,3,1185,0,315,16,3,334,1001,405,107,6,1519,0,0,0,1519
08/28/2010,LAS,NV,AWP,WE,Towers with Radar,789,60,56,3,908,0,278,16,1,295,789,338,72,4,1203,0,0,0,1203
08/29/2010,LAS,NV,AWP,WE,Towers with Radar,934,72,101,2,1109,0,267,15,0,282,934,339,116,2,1391,0,0,0,1391
08/30/2010,LAS,NV,AWP,WE,Towers with Radar,976,73,87,2,1138,0,292,47,0,339,976,365,134,2,1477,0,0,0,1477
08/31/2010,LAS,NV,AWP,WE,Towers with Radar,913,71,61,0,1045,0,284,13,2,299,913,355,74,2,1344,0,0,0,1344
09/01/2010,LAS,NV,AWP,WE,Towers with Radar,927,82,64,2,1075,0,301,13,6,320,927,383,77,8,1395,0,0,0,1395
09/02/2010,LAS,NV,AWP,WE,Towers with Radar,1015,92,94,0,1201,0,255,22,5,282,1015,347,116,5,1483,0,0,0,1483
09/03/2010,LAS,NV,AWP,WE,Towers with Radar,969,73,109,7,1158,0,262,18,1,281,969,335,127,8,1439,0,0,0,1439
09/04/2010,LAS,NV,AWP,WE,Towers with Radar,776,54,85,2,917,0,277,24,0,301,776,331,109,2,1218,0,0,0,1218
09/05/2010,LAS,NV,AWP,WE,Towers with Radar,818,57,58,3,936,0,332,8,0,340,818,389,66,3,1276,0,0,0,1276
09/06/2010,LAS,NV,AWP,WE,Towers with Radar,920,81,92,6,1099,0,314,20,1,335,920,395,112,7,1434,0,0,0,1434
09/07/2010,LAS,NV,AWP,WE,Towers with Radar,914,67,71,4,1056,0,349,19,0,368,914,416,90,4,1424,0,0,0,1424
09/08/2010,LAS,NV,AWP,WE,Towers with Radar,939,54,57,3,1053,0,348,18,2,368,939,402,75,5,1421,0,0,0,1421
09/09/2010,LAS,NV,AWP,WE,Towers with Radar,1017,64,61,0,1142,0,343,11,0,354,1017,407,72,0,1496,0,0,0,1496
09/10/2010,LAS,NV,AWP,WE,Towers with Radar,1008,88,100,3,1199,0,361,25,7,393,1008,449,125,10,1592,0,0,0,1592
09/11/2010,LAS,NV,AWP,WE,Towers with Radar,782,59,79,3,923,0,324,12,0,336,782,383,91,3,1259,0,0,0,1259
09/12/2010,LAS,NV,AWP,WE,Towers with Radar,941,73,106,8,1128,0,339,16,1,356,941,412,122,9,1484,0,0,0,1484
09/13/2010,LAS,NV,AWP,WE,Towers with Radar,975,83,97,0,1155,0,328,18,1,347,975,411,115,1,1502,0,0,0,1502
09/14/2010,LAS,NV,AWP,WE,Towers with Radar,919,88,69,0,1076,0,348,23,3,374,919,436,92,3,1450,0,0,0,1450
09/15/2010,LAS,NV,AWP,WE,Towers with Radar,970,83,104,0,1157,0,355,20,0,375,970,438,124,0,1532,0,0,0,1532
09/16/2010,LAS,NV,AWP,WE,Towers with Radar,1020,79,92,0,1191,0,360,13,5,378,1020,439,105,5,1569,0,0,0,1569
09/17/2010,LAS,NV,AWP,WE,Towers with Radar,1027,56,86,1,1170,0,327,31,0,358,1027,383,117,1,1528,0,0,0,1528
09/18/2010,LAS,NV,AWP,WE,Towers with Radar,789,55,76,0,920,0,326,15,0,341,789,381,91,0,1261,0,0,0,1261
09/19/2010,LAS,NV,AWP,WE,Towers with Radar,970,95,115,2,1182,0,346,22,1,369,970,441,137,3,1551,0,0,0,1551
09/20/2010,LAS,NV,AWP,WE,Towers with Radar,998,75,65,6,1144,0,311,27,0,338,998,386,92,6,1482,0,0,0,1482
09/21/2010,LAS,NV,AWP,WE,Towers with Radar,909,70,86,2,1067,0,329,14,0,343,909,399,100,2,1410,0,0,0,1410
09/22/2010,LAS,NV,AWP,WE,Towers with Radar,946,69,95,2,1112,1,330,27,1,359,947,399,122,3,1471,0,0,0,1471
09/23/2010,LAS,NV,AWP,WE,Towers with Radar,1031,85,125,5,1246,0,335,34,1,370,1031,420,159,6,1616,0,0,0,1616
09/24/2010,LAS,NV,AWP,WE,Towers with Radar,1017,87,135,3,1242,0,353,42,0,395,1017,440,177,3,1637,0,0,0,1637
09/25/2010,LAS,NV,AWP,WE,Towers with Radar,796,62,88,2,948,0,345,10,0,355,796,407,98,2,1303,0,0,0,1303
09/26/2010,LAS,NV,AWP,WE,Towers with Radar,954,76,126,3,1159,0,328,29,0,357,954,404,155,3,1516,0,0,0,1516
09/27/2010,LAS,NV,AWP,WE,Towers with Radar,996,67,92,1,1156,0,326,39,0,365,996,393,131,1,1521,0,0,0,1521
09/28/2010,LAS,NV,AWP,WE,Towers with Radar,927,68,80,0,1075,0,330,23,3,356,927,398,103,3,1431,0,0,0,1431
09/29/2010,LAS,NV,AWP,WE,Towers with Radar,940,75,79,6,1100,0,333,10,2,345,940,408,89,8,1445,0,0,0,1445
09/30/2010,LAS,NV,AWP,WE,Towers with Radar,1026,72,67,0,1165,0,335,20,2,357,1026,407,87,2,1522,0,0,0,1522
10/01/2010,LAS,NV,AWP,WE,Towers with Radar,1015,86,109,1,1211,0,338,21,2,361,1015,424,130,3,1572,0,0,0,1572
10/02/2010,LAS,NV,AWP,WE,Towers with Radar,810,58,77,3,948,0,300,16,0,316,810,358,93,3,1264,0,0,0,1264
10/03/2010,LAS,NV,AWP,WE,Towers with Radar,969,80,115,5,1169,0,312,13,0,325,969,392,128,5,1494,0,0,0,1494
10/04/2010,LAS,NV,AWP,WE,Towers with Radar,983,89,100,1,1173,0,192,11,2,205,983,281,111,3,1378,0,0,0,1378
10/05/2010,LAS,NV,AWP,WE,Towers with Radar,928,76,103,0,1107,0,299,14,0,313,928,375,117,0,1420,0,0,0,1420
10/06/2010,LAS,NV,AWP,WE,Towers with Radar,943,79,100,0,1122,0,333,23,0,356,943,412,123,0,1478,0,0,0,1478
10/07/2010,LAS,NV,AWP,WE,Towers with Radar,1040,83,124,1,1248,0,301,15,0,316,1040,384,139,1,1564,0,0,0,1564
10/08/2010,LAS,NV,AWP,WE,Towers with Radar,1014,68,112,7,1201,0,315,23,0,338,1014,383,135,7,1539,0,0,0,1539
10/09/2010,LAS,NV,AWP,WE,Towers with Radar,798,64,80,6,948,0,317,19,0,336,798,381,99,6,1284,0,0,0,1284
10/10/2010,LAS,NV,AWP,WE,Towers with Radar,970,73,127,2,1172,0,326,23,3,352,970,399,150,5,1524,0,0,0,1524
10/11/2010,LAS,NV,AWP,WE,Towers with Radar,954,86,120,4,1164,0,323,25,0,348,954,409,145,4,1512,0,0,0,1512
10/12/2010,LAS,NV,AWP,WE,Towers with Radar,931,73,98,0,1102,0,332,28,0,360,931,405,126,0,1462,0,0,0,1462
10/13/2010,LAS,NV,AWP,WE,Towers with Radar,943,87,95,0,1125,0,326,20,0,346,943,413,115,0,1471,0,0,0,1471
10/14/2010,LAS,NV,AWP,WE,Towers with Radar,1042,99,88,0,1229,0,323,19,4,346,1042,422,107,4,1575,0,0,0,1575
10/15/2010,LAS,NV,AWP,WE,Towers with Radar,1018,97,138,2,1255,0,321,17,4,342,1018,418,155,6,1597,0,0,0,1597
10/16/2010,LAS,NV,AWP,WE,Towers with Radar,808,57,96,4,965,0,361,24,0,385,808,418,120,4,1350,0,0,0,1350
10/17/2010,LAS,NV,AWP,WE,Towers with Radar,962,75,134,5,1176,0,255,11,1,267,962,330,145,6,1443,0,0,0,1443
10/18/2010,LAS,NV,AWP,WE,Towers with Radar,1007,86,86,1,1180,0,308,10,0,318,1007,394,96,1,1498,0,0,0,1498
10/19/2010,LAS,NV,AWP,WE,Towers with Radar,920,82,81,2,1085,0,288,13,2,303,920,370,94,4,1388,0,0,0,1388
10/20/2010,LAS,NV,AWP,WE,Towers with Radar,934,88,99,2,1123,0,197,3,0,200,934,285,102,2,1323,0,0,0,1323
10/21/2010,LAS,NV,AWP,WE,Towers with Radar,1051,95,98,1,1245,0,313,16,0,329,1051,408,114,1,1574,0,0,0,1574
10/22/2010,LAS,NV,AWP,WE,Towers with Radar,1015,92,143,0,1250,0,216,10,15,241,1015,308,153,15,1491,0,0,0,1491
10/23/2010,LAS,NV,AWP,WE,Towers with Radar,802,74,81,1,958,0,254,18,7,279,802,328,99,8,1237,0,0,0,1237
10/24/2010,LAS,NV,AWP,WE,Towers with Radar,958,113,173,2,1246,0,331,14,0,345,958,444,187,2,1591,0,0,0,1591
10/25/2010,LAS,NV,AWP,WE,Towers with Radar,1010,73,105,1,1189,0,316,4,0,320,1010,389,109,1,1509,0,0,0,1509
10/26/2010,LAS,NV,AWP,WE,Towers with Radar,903,81,88,1,1073,0,322,20,0,342,903,403,108,1,1415,0,0,0,1415
10/27/2010,LAS,NV,AWP,WE,Towers with Radar,946,76,85,0,1107,0,320,17,4,341,946,396,102,4,1448,0,0,0,1448
10/28/2010,LAS,NV,AWP,WE,Towers with Radar,1043,88,106,5,1242,0,319,14,4,337,1043,407,120,9,1579,0,0,0,1579
10/29/2010,LAS,NV,AWP,WE,Towers with Radar,1016,88,117,6,1227,0,335,36,1,372,1016,423,153,7,1599,0,0,0,1599
10/30/2010,LAS,NV,AWP,WE,Towers with Radar,804,64,72,4,944,0,270,13,0,283,804,334,85,4,1227,0,0,0,1227
10/31/2010,LAS,NV,AWP,WE,Towers with Radar,934,75,105,5,1119,0,232,28,2,262,934,307,133,7,1381,0,0,0,1381
11/01/2010,LAS,NV,AWP,WE,Towers with Radar,974,82,104,0,1160,0,270,22,0,292,974,352,126,0,1452,0,0,0,1452
11/02/2010,LAS,NV,AWP,WE,Towers with Radar,906,65,100,0,1071,0,290,33,1,324,906,355,133,1,1395,0,0,0,1395
11/03/2010,LAS,NV,AWP,WE,Towers with Radar,923,85,111,2,1121,0,281,39,0,320,923,366,150,2,1441,0,0,0,1441
11/04/2010,LAS,NV,AWP,WE,Towers with Radar,1013,102,126,8,1249,0,292,34,2,328,1013,394,160,10,1577,0,0,0,1577
11/05/2010,LAS,NV,AWP,WE,Towers with Radar,988,96,121,7,1212,0,296,41,2,339,988,392,162,9,1551,0,0,0,1551
11/06/2010,LAS,NV,AWP,WE,Towers with Radar,788,83,84,2,957,0,283,21,0,304,788,366,105,2,1261,0,0,0,1261
11/07/2010,LAS,NV,AWP,WE,Towers with Radar,937,106,145,5,1193,0,261,33,0,294,937,367,178,5,1487,0,0,0,1487
11/08/2010,LAS,NV,AWP,WE,Towers with Radar,957,99,107,0,1163,0,251,20,0,271,957,350,127,0,1434,0,0,0,1434
11/09/2010,LAS,NV,AWP,WE,Towers with Radar,897,94,105,0,1096,0,264,28,0,292,897,358,133,0,1388,0,0,0,1388
11/10/2010,LAS,NV,AWP,WE,Towers with Radar,901,86,118,0,1105,0,257,40,2,299,901,343,158,2,1404,0,0,0,1404
11/11/2010,LAS,NV,AWP,WE,Towers with Radar,960,88,91,0,1139,0,252,32,0,284,960,340,123,0,1423,0,0,0,1423
11/12/2010,LAS,NV,AWP,WE,Towers with Radar,969,83,121,4,1177,0,288,25,8,321,969,371,146,12,1498,0,0,0,1498
11/13/2010,LAS,NV,AWP,WE,Towers with Radar,777,67,69,2,915,0,293,26,2,321,777,360,95,4,1236,0,0,0,1236
11/14/2010,LAS,NV,AWP,WE,Towers with Radar,936,88,107,12,1143,0,248,20,4,272,936,336,127,16,1415,0,0,0,1415
11/15/2010,LAS,NV,AWP,WE,Towers with Radar,955,73,84,2,1114,0,211,23,0,234,955,284,107,2,1348,0,0,0,1348
11/16/2010,LAS,NV,AWP,WE,Towers with Radar,907,92,120,0,1119,0,258,26,1,285,907,350,146,1,1404,0,0,0,1404
11/17/2010,LAS,NV,AWP,WE,Towers with Radar,906,96,88,4,1094,0,254,14,0,268,906,350,102,4,1362,0,0,0,1362
11/18/2010,LAS,NV,AWP,WE,Towers with Radar,1007,76,111,1,1195,0,257,26,0,283,1007,333,137,1,1478,0,0,0,1478
11/19/2010,LAS,NV,AWP,WE,Towers with Radar,987,100,105,3,1195,0,280,16,1,297,987,380,121,4,1492,0,0,0,1492
11/20/2010,LAS,NV,AWP,WE,Towers with Radar,800,72,83,3,958,0,257,10,7,274,800,329,93,10,1232,0,0,0,1232
11/21/2010,LAS,NV,AWP,WE,Towers with Radar,933,85,94,3,1115,0,195,6,0,201,933,280,100,3,1316,0,0,0,1316
11/22/2010,LAS,NV,AWP,WE,Towers with Radar,932,76,71,6,1085,0,257,23,0,280,932,333,94,6,1365,0,0,0,1365
11/23/2010,LAS,NV,AWP,WE,Towers with Radar,940,75,73,1,1089,0,268,20,1,289,940,343,93,2,1378,0,0,0,1378
11/24/2010,LAS,NV,AWP,WE,Towers with Radar,969,72,91,1,1133,0,187,17,1,205,969,259,108,2,1338,0,0,0,1338
11/25/2010,LAS,NV,AWP,WE,Towers with Radar,675,31,39,1,746,0,171,12,1,184,675,202,51,2,930,0,0,0,930
11/26/2010,LAS,NV,AWP,WE,Towers with Radar,809,62,81,1,953,0,269,25,1,295,809,331,106,2,1248,0,0,0,1248
11/27/2010,LAS,NV,AWP,WE,Towers with Radar,821,77,56,3,957,0,259,21,0,280,821,336,77,3,1237,0,0,0,1237
11/28/2010,LAS,NV,AWP,WE,Towers with Radar,986,91,145,2,1224,0,184,16,0,200,986,275,161,2,1424,0,0,0,1424
11/29/2010,LAS,NV,AWP,WE,Towers with Radar,972,63,76,1,1112,0,152,13,1,166,972,215,89,2,1278,0,0,0,1278
11/30/2010,LAS,NV,AWP,WE,Towers with Radar,922,59,94,4,1079,0,160,13,6,179,922,219,107,10,1258,0,0,0,1258
12/01/2010,LAS,NV,AWP,WE,Towers with Radar,915,81,106,0,1102,0,186,18,0,204,915,267,124,0,1306,0,0,0,1306
12/02/2010,LAS,NV,AWP,WE,Towers with Radar,987,85,112,0,1184,0,147,34,0,181,987,232,146,0,1365,0,0,0,1365
12/03/2010,LAS,NV,AWP,WE,Towers with Radar,974,98,105,5,1182,0,171,24,1,196,974,269,129,6,1378,0,0,0,1378
12/04/2010,LAS,NV,AWP,WE,Towers with Radar,749,69,117,9,944,0,207,13,0,220,749,276,130,9,1164,0,0,0,1164
12/05/2010,LAS,NV,AWP,WE,Towers with Radar,915,87,153,5,1160,0,133,21,4,158,915,220,174,9,1318,0,0,0,1318
12/06/2010,LAS,NV,AWP,WE,Towers with Radar,949,78,92,5,1124,0,201,32,0,233,949,279,124,5,1357,0,0,0,1357
12/07/2010,LAS,NV,AWP,WE,Towers with Radar,897,81,97,5,1080,0,191,20,0,211,897,272,117,5,1291,0,0,0,1291
12/08/2010,LAS,NV,AWP,WE,Towers with Radar,924,75,97,4,1100,0,168,24,3,195,924,243,121,7,1295,0,0,0,1295
12/09/2010,LAS,NV,AWP,WE,Towers with Radar,1001,91,95,1,1188,0,166,26,2,194,1001,257,121,3,1382,0,0,0,1382
12/10/2010,LAS,NV,AWP,WE,Towers with Radar,978,105,132,4,1219,0,221,26,4,251,978,326,158,8,1470,0,0,0,1470
12/11/2010,LAS,NV,AWP,WE,Towers with Radar,744,78,100,7,929,0,208,21,1,230,744,286,121,8,1159,0,0,0,1159
12/12/2010,LAS,NV,AWP,WE,Towers with Radar,892,109,140,11,1152,0,212,23,1,236,892,321,163,12,1388,0,0,0,1388
12/13/2010,LAS,NV,AWP,WE,Towers with Radar,951,79,71,2,1103,0,165,25,0,190,951,244,96,2,1293,0,0,0,1293
12/14/2010,LAS,NV,AWP,WE,Towers with Radar,881,72,60,3,1016,0,129,9,2,140,881,201,69,5,1156,0,0,0,1156
12/15/2010,LAS,NV,AWP,WE,Towers with Radar,894,78,83,4,1059,0,122,10,2,134,894,200,93,6,1193,0,0,0,1193
12/16/2010,LAS,NV,AWP,WE,Towers with Radar,979,62,89,4,1134,0,124,13,11,148,979,186,102,15,1282,0,0,0,1282
12/17/2010,LAS,NV,AWP,WE,Towers with Radar,941,84,102,2,1129,0,101,9,7,117,941,185,111,9,1246,0,0,0,1246
12/18/2010,LAS,NV,AWP,WE,Towers with Radar,800,63,61,5,929,0,165,7,0,172,800,228,68,5,1101,0,0,0,1101
12/19/2010,LAS,NV,AWP,WE,Towers with Radar,916,64,98,2,1080,0,147,4,8,159,916,211,102,10,1239,0,0,0,1239
12/20/2010,LAS,NV,AWP,WE,Towers with Radar,921,83,58,1,1063,0,93,5,0,98,921,176,63,1,1161,0,0,0,1161
12/21/2010,LAS,NV,AWP,WE,Towers with Radar,913,69,66,1,1049,1,9,4,0,14,914,78,70,1,1063,0,0,0,1063
12/22/2010,LAS,NV,AWP,WE,Towers with Radar,919,73,82,1,1075,0,15,2,0,17,919,88,84,1,1092,0,0,0,1092
12/23/2010,LAS,NV,AWP,WE,Towers with Radar,1011,63,86,0,1160,0,198,13,0,211,1011,261,99,0,1371,0,0,0,1371
12/24/2010,LAS,NV,AWP,WE,Towers with Radar,778,65,40,0,883,0,207,11,6,224,778,272,51,6,1107,0,0,0,1107
12/25/2010,LAS,NV,AWP,WE,Towers with Radar,713,52,50,0,815,0,126,4,0,130,713,178,54,0,945,0,0,0,945
12/26/2010,LAS,NV,AWP,WE,Towers with Radar,907,77,82,0,1066,0,222,9,0,231,907,299,91,0,1297,0,0,0,1297
12/27/2010,LAS,NV,AWP,WE,Towers with Radar,910,87,82,0,1079,0,277,19,0,296,910,364,101,0,1375,0,0,0,1375
12/28/2010,LAS,NV,AWP,WE,Towers with Radar,882,81,112,2,1077,0,267,19,0,286,882,348,131,2,1363,0,0,0,1363
12/29/2010,LAS,NV,AWP,WE,Towers with Radar,896,97,108,1,1102,0,176,9,5,190,896,273,117,6,1292,0,0,0,1292
12/30/2010,LAS,NV,AWP,WE,Towers with Radar,997,114,157,4,1272,0,311,14,4,329,997,425,171,8,1601,0,0,0,1601
12/31/2010,LAS,NV,AWP,WE,Towers with Radar,786,91,116,2,995,0,253,35,19,307,786,344,151,21,1302,0,0,0,1302
01/01/2011,LAS,NV,AWP,WE,Towers with Radar,746,110,117,1,974,0,296,27,0,323,746,406,144,1,1297,0,0,0,1297
01/02/2011,LAS,NV,AWP,WE,Towers with Radar,936,110,270,1,1317,0,276,10,0,286,936,386,280,1,1603,0,0,0,1603
01/03/2011,LAS,NV,AWP,WE,Towers with Radar,946,87,109,1,1143,0,135,22,0,157,946,222,131,1,1300,0,0,0,1300
01/04/2011,LAS,NV,AWP,WE,Towers with Radar,897,94,153,1,1145,0,247,24,7,278,897,341,177,8,1423,0,0,0,1423
01/05/2011,LAS,NV,AWP,WE,Towers with Radar,896,149,202,1,1248,0,264,18,2,284,896,413,220,3,1532,0,0,0,1532
01/06/2011,LAS,NV,AWP,WE,Towers with Radar,991,143,217,3,1354,0,188,29,0,217,991,331,246,3,1571,0,0,0,1571
01/07/2011,LAS,NV,AWP,WE,Towers with Radar,966,127,255,1,1349,0,204,31,4,239,966,331,286,5,1588,0,0,0,1588
01/08/2011,LAS,NV,AWP,WE,Towers with Radar,761,113,150,4,1028,0,219,19,0,238,761,332,169,4,1266,0,0,0,1266
01/09/2011,LAS,NV,AWP,WE,Towers with Radar,920,120,182,2,1224,0,214,15,0,229,920,334,197,2,1453,0,0,0,1453
01/10/2011,LAS,NV,AWP,WE,Towers with Radar,927,95,95,7,1124,0,196,22,0,218,927,291,117,7,1342,0,0,0,1342
01/11/2011,LAS,NV,AWP,WE,Towers with Radar,843,77,92,2,1014,0,177,18,2,197,843,254,110,4,1211,0,0,0,1211
01/12/2011,LAS,NV,AWP,WE,Towers with Radar,855,84,102,0,1041,0,165,17,4,186,855,249,119,4,1227,0,0,0,1227
01/13/2011,LAS,NV,AWP,WE,Towers with Radar,978,89,98,0,1165,0,169,22,6,197,978,258,120,6,1362,0,0,0,1362
01/14/2011,LAS,NV,AWP,WE,Towers with Radar,966,87,133,16,1202,0,201,31,6,238,966,288,164,22,1440,0,0,0,1440
01/15/2011,LAS,NV,AWP,WE,Towers with Radar,740,76,67,5,888,0,198,14,1,213,740,274,81,6,1101,0,0,0,1101
01/16/2011,LAS,NV,AWP,WE,Towers with Radar,918,79,108,4,1109,0,170,10,0,180,918,249,118,4,1289,0,0,0,1289
01/17/2011,LAS,NV,AWP,WE,Towers with Radar,891,82,102,8,1083,0,163,25,1,189,891,245,127,9,1272,0,0,0,1272
01/18/2011,LAS,NV,AWP,WE,Towers with Radar,860,69,95,1,1025,0,142,21,0,163,860,211,116,1,1188,0,0,0,1188
01/19/2011,LAS,NV,AWP,WE,Towers with Radar,887,70,116,0,1073,0,163,24,1,188,887,233,140,1,1261,0,0,0,1261
01/20/2011,LAS,NV,AWP,WE,Towers with Radar,969,76,100,3,1148,0,176,27,0,203,969,252,127,3,1351,0,0,0,1351
01/21/2011,LAS,NV,AWP,WE,Towers with Radar,951,100,128,6,1185,0,192,19,1,212,951,292,147,7,1397,0,0,0,1397
01/22/2011,LAS,NV,AWP,WE,Towers with Radar,752,72,70,2,896,0,194,23,0,217,752,266,93,2,1113,0,0,0,1113
01/23/2011,LAS,NV,AWP,WE,Towers with Radar,913,77,95,2,1087,0,172,18,1,191,913,249,113,3,1278,0,0,0,1278
01/24/2011,LAS,NV,AWP,WE,Towers with Radar,935,78,85,0,1098,0,143,34,0,177,935,221,119,0,1275,0,0,0,1275
01/25/2011,LAS,NV,AWP,WE,Towers with Radar,869,69,70,2,1010,0,150,15,0,165,869,219,85,2,1175,0,0,0,1175
01/26/2011,LAS,NV,AWP,WE,Towers with Radar,859,72,101,1,1033,0,172,15,2,189,859,244,116,3,1222,0,0,0,1222
01/27/2011,LAS,NV,AWP,WE,Towers with Radar,968,68,89,3,1128,0,208,19,1,228,968,276,108,4,1356,0,0,0,1356
01/28/2011,LAS,NV,AWP,WE,Towers with Radar,953,85,96,2,1136,0,197,12,1,210,953,282,108,3,1346,0,0,0,1346
01/29/2011,LAS,NV,AWP,WE,Towers with Radar,743,63,85,1,892,0,223,24,1,248,743,286,109,2,1140,0,0,0,1140
01/30/2011,LAS,NV,AWP,WE,Towers with Radar,916,81,123,0,1120,0,220,7,0,227,916,301,130,0,1347,0,0,0,1347
01/31/2011,LAS,NV,AWP,WE,Towers with Radar,919,80,81,0,1080,0,127,18,0,145,919,207,99,0,1225,0,0,0,1225
02/01/2011,LAS,NV,AWP,WE,Towers with Radar,766,65,71,2,904,0,161,11,2,174,766,226,82,4,1078,0,0,0,1078
02/02/2011,LAS,NV,AWP,WE,Towers with Radar,809,74,82,0,965,0,144,21,8,173,809,218,103,8,1138,0,0,0,1138
02/03/2011,LAS,NV,AWP,WE,Towers with Radar,955,107,131,0,1193,0,170,11,2,183,955,277,142,2,1376,0,0,0,1376
02/04/2011,LAS,NV,AWP,WE,Towers with Radar,959,119,167,4,1249,0,193,28,6,227,959,312,195,10,1476,0,0,0,1476
02/05/2011,LAS,NV,AWP,WE,Towers with Radar,754,103,114,0,971,0,205,15,0,220,754,308,129,0,1191,0,0,0,1191
02/06/2011,LAS,NV,AWP,WE,Towers with Radar,920,86,144,0,1150,0,161,21,2,184,920,247,165,2,1334,0,0,0,1334
02/07/2011,LAS,NV,AWP,WE,Towers with Radar,953,139,173,4,1269,0,178,24,0,202,953,317,197,4,1471,0,0,0,1471
02/08/2011,LAS,NV,AWP,WE,Towers with Radar,874,78,98,0,1050,0,152,10,0,162,874,230,108,0,1212,0,0,0,1212
02/09/2011,LAS,NV,AWP,WE,Towers with Radar,874,75,104,1,1054,0,171,11,2,184,874,246,115,3,1238,0,0,0,1238
02/10/2011,LAS,NV,AWP,WE,Towers with Radar,987,98,99,2,1186,0,165,15,1,181,987,263,114,3,1367,0,0,0,1367
02/11/2011,LAS,NV,AWP,WE,Towers with Radar,962,81,113,6,1162,0,201,19,1,221,962,282,132,7,1383,0,0,0,1383
02/12/2011,LAS,NV,AWP,WE,Towers with Radar,751,71,66,5,893,0,271,17,2,290,751,342,83,7,1183,0,0,0,1183
02/13/2011,LAS,NV,AWP,WE,Towers with Radar,937,98,104,7,1146,0,242,26,0,268,937,340,130,7,1414,0,0,0,1414
02/14/2011,LAS,NV,AWP,WE,Towers with Radar,940,72,84,5,1101,0,244,16,0,260,940,316,100,5,1361,0,0,0,1361
02/15/2011,LAS,NV,AWP,WE,Towers with Radar,877,81,106,1,1065,0,226,21,0,247,877,307,127,1,1312,0,0,0,1312
02/16/2011,LAS,NV,AWP,WE,Towers with Radar,858,77,103,1,1039,0,191,10,0,201,858,268,113,1,1240,0,0,0,1240
02/17/2011,LAS,NV,AWP,WE,Towers with Radar,991,86,112,3,1192,0,205,17,0,222,991,291,129,3,1414,0,0,0,1414
02/18/2011,LAS,NV,AWP,WE,Towers with Radar,998,82,124,7,1211,0,228,17,5,250,998,310,141,12,1461,0,0,0,1461
02/19/2011,LAS,NV,AWP,WE,Towers with Radar,775,61,62,4,902,0,109,3,0,112,775,170,65,4,1014,0,0,0,1014
02/20/2011,LAS,NV,AWP,WE,Towers with Radar,930,69,107,2,1108,0,136,10,0,146,930,205,117,2,1254,0,0,0,1254
02/21/2011,LAS,NV,AWP,WE,Towers with Radar,925,88,97,0,1110,0,247,18,0,265,925,335,115,0,1375,0,0,0,1375
02/22/2011,LAS,NV,AWP,WE,Towers with Radar,901,82,84,1,1068,0,244,27,2,273,901,326,111,3,1341,0,0,0,1341
02/23/2011,LAS,NV,AWP,WE,Towers with Radar,916,111,94,2,1123,0,221,19,0,240,916,332,113,2,1363,0,0,0,1363
02/24/2011,LAS,NV,AWP,WE,Towers with Radar,1004,115,94,2,1215,0,219,19,2,240,1004,334,113,4,1455,0,0,0,1455
02/25/2011,LAS,NV,AWP,WE,Towers with Radar,970,106,98,6,1180,0,227,11,6,244,970,333,109,12,1424,0,0,0,1424
02/26/2011,LAS,NV,AWP,WE,Towers with Radar,787,68,96,2,953,0,139,4,0,143,787,207,100,2,1096,0,0,0,1096
02/27/2011,LAS,NV,AWP,WE,Towers with Radar,946,85,136,3,1170,0,180,22,2,204,946,265,158,5,1374,0,0,0,1374
02/28/2011,LAS,NV,AWP,WE,Towers with Radar,962,91,72,0,1125,0,174,24,1,199,962,265,96,1,1324,0,0,0,1324
03/01/2011,LAS,NV,AWP,WE,Towers with Radar,882,85,85,1,1053,0,178,14,2,194,882,263,99,3,1247,0,0,0,1247
03/02/2011,LAS,NV,AWP,WE,Towers with Radar,918,99,109,1,1127,0,199,14,0,213,918,298,123,1,1340,0,0,0,1340
03/03/2011,LAS,NV,AWP,WE,Towers with Radar,1026,124,166,2,1318,0,219,24,1,244,1026,343,190,3,1562,0,0,0,1562
03/04/2011,LAS,NV,AWP,WE,Towers with Radar,981,88,150,6,1225,0,267,27,0,294,981,355,177,6,1519,0,0,0,1519
03/05/2011,LAS,NV,AWP,WE,Towers with Radar,797,75,117,2,991,0,291,13,1,305,797,366,130,3,1296,0,0,0,1296
03/06/2011,LAS,NV,AWP,WE,Towers with Radar,951,87,189,2,1229,0,534,11,0,545,951,621,200,2,1774,0,0,0,1774
03/07/2011,LAS,NV,AWP,WE,Towers with Radar,997,79,85,2,1163,0,210,8,1,219,997,289,93,3,1382,0,0,0,1382
03/08/2011,LAS,NV,AWP,WE,Towers with Radar,916,77,86,2,1081,0,251,10,1,262,916,328,96,3,1343,0,0,0,1343
03/09/2011,LAS,NV,AWP,WE,Towers with Radar,924,75,100,0,1099,0,264,15,0,279,924,339,115,0,1378,0,0,0,1378
03/10/2011,LAS,NV,AWP,WE,Towers with Radar,1030,97,101,4,1232,0,221,39,2,262,1030,318,140,6,1494,0,0,0,1494
03/11/2011,LAS,NV,AWP,WE,Towers with Radar,995,97,121,7,1220,0,271,41,3,315,995,368,162,10,1535,0,0,0,1535
03/12/2011,LAS,NV,AWP,WE,Towers with Radar,828,74,65,5,972,0,264,11,2,277,828,338,76,7,1249,0,0,0,1249
03/13/2011,LAS,NV,AWP,WE,Towers with Radar,977,100,109,8,1194,0,254,22,3,279,977,354,131,11,1473,0,0,0,1473
03/14/2011,LAS,NV,AWP,WE,Towers with Radar,1006,93,75,1,1175,0,248,11,4,263,1006,341,86,5,1438,0,0,0,1438
03/15/2011,LAS,NV,AWP,WE,Towers with Radar,944,84,90,1,1119,0,285,12,0,297,944,369,102,1,1416,0,0,0,1416
03/16/2011,LAS,NV,AWP,WE,Towers with Radar,974,100,113,1,1188,0,273,13,0,286,974,373,126,1,1474,0,0,0,1474
03/17/2011,LAS,NV,AWP,WE,Towers with Radar,1062,111,123,1,1297,0,239,16,0,255,1062,350,139,1,1552,0,0,0,1552
03/18/2011,LAS,NV,AWP,WE,Towers with Radar,1031,117,119,4,1271,0,245,32,1,278,1031,362,151,5,1549,0,0,0,1549
03/19/2011,LAS,NV,AWP,WE,Towers with Radar,871,110,91,5,1077,0,228,12,0,240,871,338,103,5,1317,0,0,0,1317
03/20/2011,LAS,NV,AWP,WE,Towers with Radar,1011,130,135,1,1277,0,258,7,2,267,1011,388,142,3,1544,0,0,0,1544
03/21/2011,LAS,NV,AWP,WE,Towers with Radar,1008,85,128,1,1222,0,170,6,5,181,1008,255,134,6,1403,0,0,0,1403
03/22/2011,LAS,NV,AWP,WE,Towers with Radar,951,96,161,3,1211,0,264,17,0,281,951,360,178,3,1492,0,0,0,1492
03/23/2011,LAS,NV,AWP,WE,Towers with Radar,963,116,151,0,1230,0,289,16,0,305,963,405,167,0,1535,0,0,0,1535
03/24/2011,LAS,NV,AWP,WE,Towers with Radar,1063,122,160,0,1345,0,299,16,0,315,1063,421,176,0,1660,0,0,0,1660
03/25/2011,LAS,NV,AWP,WE,Towers with Radar,1024,104,200,5,1333,0,315,12,1,328,1024,419,212,6,1661,0,0,0,1661
03/26/2011,LAS,NV,AWP,WE,Towers with Radar,848,91,147,3,1089,0,309,13,2,324,848,400,160,5,1413,0,0,0,1413
03/27/2011,LAS,NV,AWP,WE,Towers with Radar,982,98,169,7,1256,0,301,24,0,325,982,399,193,7,1581,0,0,0,1581
03/28/2011,LAS,NV,AWP,WE,Towers with Radar,1012,90,98,4,1204,0,291,32,0,323,1012,381,130,4,1527,0,0,0,1527
03/29/2011,LAS,NV,AWP,WE,Towers with Radar,957,78,84,2,1121,0,275,22,1,298,957,353,106,3,1419,0,0,0,1419
03/30/2011,LAS,NV,AWP,WE,Towers with Radar,947,112,108,2,1169,0,274,25,0,299,947,386,133,2,1468,0,0,0,1468
03/31/2011,LAS,NV,AWP,WE,Towers with Radar,1052,108,110,0,1270,0,265,27,2,294,1052,373,137,2,1564,0,0,0,1564
04/01/2011,LAS,NV,AWP,WE,Towers with Radar,1030,100,105,5,1240,0,274,19,0,293,1030,374,124,5,1533,0,0,0,1533
04/02/2011,LAS,NV,AWP,WE,Towers with Radar,797,95,86,3,981,0,276,15,0,291,797,371,101,3,1272,0,0,0,1272
04/03/2011,LAS,NV,AWP,WE,Towers with Radar,922,105,157,5,1189,0,243,23,0,266,922,348,180,5,1455,0,0,0,1455
04/04/2011,LAS,NV,AWP,WE,Towers with Radar,1005,97,97,2,1201,1,296,14,0,311,1006,393,111,2,1512,0,0,0,1512
04/05/2011,LAS,NV,AWP,WE,Towers with Radar,947,89,77,1,1114,0,297,19,2,318,947,386,96,3,1432,0,0,0,1432
04/06/2011,LAS,NV,AWP,WE,Towers with Radar,938,85,67,3,1093,0,318,16,0,334,938,403,83,3,1427,0,0,0,1427
04/07/2011,LAS,NV,AWP,WE,Towers with Radar,1031,87,78,1,1197,0,142,7,0,149,1031,229,85,1,1346,0,0,0,1346
04/08/2011,LAS,NV,AWP,WE,Towers with Radar,1028,79,97,6,1210,0,164,14,0,178,1028,243,111,6,1388,0,0,0,1388
04/09/2011,LAS,NV,AWP,WE,Towers with Radar,833,80,85,7,1005,0,260,6,0,266,833,340,91,7,1271,0,0,0,1271
04/10/2011,LAS,NV,AWP,WE,Towers with Radar,985,105,107,7,1204,0,310,24,1,335,985,415,131,8,1539,0,0,0,1539
04/11/2011,LAS,NV,AWP,WE,Towers with Radar,986,89,90,8,1173,0,292,29,2,323,986,381,119,10,1496,0,0,0,1496
04/12/2011,LAS,NV,AWP,WE,Towers with Radar,917,107,92,6,1122,0,288,16,0,304,917,395,108,6,1426,0,0,0,1426
04/13/2011,LAS,NV,AWP,WE,Towers with Radar,925,87,124,0,1136,0,259,15,1,275,925,346,139,1,1411,0,0,0,1411
04/14/2011,LAS,NV,AWP,WE,Towers with Radar,1041,101,129,0,1271,0,297,26,0,323,1041,398,155,0,1594,0,0,0,1594
04/15/2011,LAS,NV,AWP,WE,Towers with Radar,1020,121,138,12,1291,0,352,40,2,394,1020,473,178,14,1685,0,0,0,1685
04/16/2011,LAS,NV,AWP,WE,Towers with Radar,822,72,105,8,1007,0,330,28,1,359,822,402,133,9,1366,0,0,0,1366
04/17/2011,LAS,NV,AWP,WE,Towers with Radar,981,99,114,10,1204,0,330,33,3,366,981,429,147,13,1570,0,0,0,1570
04/18/2011,LAS,NV,AWP,WE,Towers with Radar,1028,91,67,2,1188,0,322,8,1,331,1028,413,75,3,1519,0,0,0,1519
04/19/2011,LAS,NV,AWP,WE,Towers with Radar,925,102,74,2,1103,0,364,15,0,379,925,466,89,2,1482,0,0,0,1482
04/20/2011,LAS,NV,AWP,WE,Towers with Radar,953,95,62,3,1113,0,336,14,0,350,953,431,76,3,1463,0,0,0,1463
04/21/2011,LAS,NV,AWP,WE,Towers with Radar,1074,109,67,1,1251,0,363,10,0,373,1074,472,77,1,1624,0,0,0,1624
04/22/2011,LAS,NV,AWP,WE,Towers with Radar,1033,86,84,10,1213,0,363,19,1,383,1033,449,103,11,1596,0,0,0,1596
04/23/2011,LAS,NV,AWP,WE,Towers with Radar,834,76,54,4,968,0,375,23,0,398,834,451,77,4,1366,0,0,0,1366
04/24/2011,LAS,NV,AWP,WE,Towers with Radar,984,91,62,8,1145,0,307,12,0,319,984,398,74,8,1464,0,0,0,1464
04/25/2011,LAS,NV,AWP,WE,Towers with Radar,988,72,78,5,1143,0,321,19,0,340,988,393,97,5,1483,0,0,0,1483
04/26/2011,LAS,NV,AWP,WE,Towers with Radar,935,100,84,3,1122,0,336,16,0,352,935,436,100,3,1474,0,0,0,1474
04/27/2011,LAS,NV,AWP,WE,Towers with Radar,952,95,130,3,1180,0,351,16,0,367,952,446,146,3,1547,0,0,0,1547
04/28/2011,LAS,NV,AWP,WE,Towers with Radar,1048,106,150,4,1308,0,290,20,0,310,1048,396,170,4,1618,0,0,0,1618
04/29/2011,LAS,NV,AWP,WE,Towers with Radar,1054,117,134,6,1311,0,316,20,1,337,1054,433,154,7,1648,0,0,0,1648
04/30/2011,LAS,NV,AWP,WE,Towers with Radar,825,79,87,1,992,0,300,15,0,315,825,379,102,1,1307,0,0,0,1307
05/01/2011,LAS,NV,AWP,WE,Towers with Radar,972,106,196,4,1278,0,256,28,0,284,972,362,224,4,1562,0,0,0,1562
05/02/2011,LAS,NV,AWP,WE,Towers with Radar,1004,78,102,0,1184,0,268,21,2,291,1004,346,123,2,1475,0,0,0,1475
05/03/2011,LAS,NV,AWP,WE,Towers with Radar,923,70,88,0,1081,0,288,21,1,310,923,358,109,1,1391,0,0,0,1391
05/04/2011,LAS,NV,AWP,WE,Towers with Radar,947,96,99,0,1142,0,304,18,0,322,947,400,117,0,1464,0,0,0,1464
05/05/2011,LAS,NV,AWP,WE,Towers with Radar,1066,102,143,3,1314,0,306,23,4,333,1066,408,166,7,1647,0,0,0,1647
05/06/2011,LAS,NV,AWP,WE,Towers with Radar,1053,123,154,3,1333,0,316,22,3,341,1053,439,176,6,1674,0,0,0,1674
05/07/2011,LAS,NV,AWP,WE,Towers with Radar,831,72,127,3,1033,0,267,28,0,295,831,339,155,3,1328,0,0,0,1328
05/08/2011,LAS,NV,AWP,WE,Towers with Radar,1008,119,203,4,1334,0,207,23,0,230,1008,326,226,4,1564,0,0,0,1564
05/09/2011,LAS,NV,AWP,WE,Towers with Radar,1034,81,130,3,1248,0,223,14,0,237,1034,304,144,3,1485,0,0,0,1485
05/10/2011,LAS,NV,AWP,WE,Towers with Radar,955,113,140,1,1209,0,318,17,1,336,955,431,157,2,1545,0,0,0,1545
05/11/2011,LAS,NV,AWP,WE,Towers with Radar,937,122,134,1,1194,0,341,29,2,372,937,463,163,3,1566,0,0,0,1566
05/12/2011,LAS,NV,AWP,WE,Towers with Radar,1071,104,119,4,1298,0,308,31,0,339,1071,412,150,4,1637,0,0,0,1637
05/13/2011,LAS,NV,AWP,WE,Towers with Radar,1053,87,120,3,1263,0,280,24,0,304,1053,367,144,3,1567,0,0,0,1567
05/14/2011,LAS,NV,AWP,WE,Towers with Radar,830,72,83,9,994,0,304,15,0,319,830,376,98,9,1313,0,0,0,1313
05/15/2011,LAS,NV,AWP,WE,Towers with Radar,998,115,126,4,1243,0,273,9,0,282,998,388,135,4,1525,0,0,0,1525
05/16/2011,LAS,NV,AWP,WE,Towers with Radar,1043,88,101,4,1236,0,319,16,1,336,1043,407,117,5,1572,0,0,0,1572
05/17/2011,LAS,NV,AWP,WE,Towers with Radar,945,78,73,6,1102,0,320,15,0,335,945,398,88,6,1437,0,0,0,1437
05/18/2011,LAS,NV,AWP,WE,Towers with Radar,972,81,108,0,1161,0,284,11,0,295,972,365,119,0,1456,0,0,0,1456
05/19/2011,LAS,NV,AWP,WE,Towers with Radar,1080,106,111,0,1297,0,352,19,2,373,1080,458,130,2,1670,0,0,0,1670
05/20/2011,LAS,NV,AWP,WE,Towers with Radar,1046,113,166,7,1332,0,321,31,1,353,1046,434,197,8,1685,0,0,0,1685
05/21/2011,LAS,NV,AWP,WE,Towers with Radar,856,104,106,3,1069,0,352,20,0,372,856,456,126,3,1441,0,0,0,1441
05/22/2011,LAS,NV,AWP,WE,Towers with Radar,994,158,207,6,1365,0,258,17,5,280,994,416,224,11,1645,0,0,0,1645
05/23/2011,LAS,NV,AWP,WE,Towers with Radar,1028,113,139,3,1283,0,331,43,5,379,1028,444,182,8,1662,0,0,0,1662
05/24/2011,LAS,NV,AWP,WE,Towers with Radar,955,144,161,2,1262,0,328,36,5,369,955,472,197,7,1631,0,0,0,1631
05/25/2011,LAS,NV,AWP,WE,Towers with Radar,928,116,149,3,1196,0,316,16,2,334,928,432,165,5,1530,0,0,0,1530
05/26/2011,LAS,NV,AWP,WE,Towers with Radar,1076,100,85,1,1262,0,301,31,2,334,1076,401,116,3,1596,0,0,0,1596
05/27/2011,LAS,NV,AWP,WE,Towers with Radar,1022,121,130,8,1281,0,337,30,1,368,1022,458,160,9,1649,0,0,0,1649
05/28/2011,LAS,NV,AWP,WE,Towers with Radar,815,67,73,2,957,0,181,19,1,201,815,248,92,3,1158,0,0,0,1158
05/29/2011,LAS,NV,AWP,WE,Towers with Radar,911,89,71,2,1073,0,277,21,0,298,911,366,92,2,1371,0,0,0,1371
05/30/2011,LAS,NV,AWP,WE,Towers with Radar,956,97,119,2,1174,0,285,88,0,373,956,382,207,2,1547,0,0,0,1547
05/31/2011,LAS,NV,AWP,WE,Towers with Radar,954,108,57,1,1120,0,328,13,0,341,954,436,70,1,1461,0,0,0,1461
06/01/2011,LAS,NV,AWP,WE,Towers with Radar,937,104,83,6,1130,0,311,19,0,330,937,415,102,6,1460,0,0,0,1460
06/02/2011,LAS,NV,AWP,WE,Towers with Radar,1080,94,104,1,1279,0,319,18,2,339,1080,413,122,3,1618,0,0,0,1618
06/03/2011,LAS,NV,AWP,WE,Towers with Radar,1055,105,127,0,1287,0,253,35,3,291,1055,358,162,3,1578,0,0,0,1578
06/04/2011,LAS,NV,AWP,WE,Towers with Radar,835,76,56,3,970,0,282,15,0,297,835,358,71,3,1267,0,0,0,1267
06/05/2011,LAS,NV,AWP,WE,Towers with Radar,1000,91,114,2,1207,0,266,25,0,291,1000,357,139,2,1498,0,0,0,1498
06/06/2011,LAS,NV,AWP,WE,Towers with Radar,1023,87,89,4,1203,0,317,16,2,335,1023,404,105,6,1538,0,0,0,1538
06/07/2011,LAS,NV,AWP,WE,Towers with Radar,964,77,78,3,1122,0,318,20,0,338,964,395,98,3,1460,0,0,0,1460
06/08/2011,LAS,NV,AWP,WE,Towers with Radar,966,79,83,1,1129,0,335,20,1,356,966,414,103,2,1485,0,0,0,1485
06/09/2011,LAS,NV,AWP,WE,Towers with Radar,1043,86,78,3,1210,0,352,26,1,379,1043,438,104,4,1589,0,0,0,1589
06/10/2011,LAS,NV,AWP,WE,Towers with Radar,1068,99,155,8,1330,0,327,51,8,386,1068,426,206,16,1716,0,0,0,1716
06/11/2011,LAS,NV,AWP,WE,Towers with Radar,850,87,82,4,1023,0,317,15,1,333,850,404,97,5,1356,0,0,0,1356
06/12/2011,LAS,NV,AWP,WE,Towers with Radar,1009,100,103,5,1217,0,306,14,0,320,1009,406,117,5,1537,0,0,0,1537
06/13/2011,LAS,NV,AWP,WE,Towers with Radar,1033,89,108,0,1230,0,309,18,0,327,1033,398,126,0,1557,0,0,0,1557
06/14/2011,LAS,NV,AWP,WE,Towers with Radar,958,58,69,0,1085,0,316,22,2,340,958,374,91,2,1425,0,0,0,1425
06/15/2011,LAS,NV,AWP,WE,Towers with Radar,1007,95,66,2,1170,0,325,20,0,345,1007,420,86,2,1515,0,0,0,1515
06/16/2011,LAS,NV,AWP,WE,Towers with Radar,1073,114,88,3,1278,0,340,27,1,368,1073,454,115,4,1646,0,0,0,1646
06/17/2011,LAS,NV,AWP,WE,Towers with Radar,1040,159,122,0,1321,0,321,39,1,361,1040,480,161,1,1682,0,0,0,1682
06/18/2011,LAS,NV,AWP,WE,Towers with Radar,873,113,79,10,1075,0,325,24,16,365,873,438,103,26,1440,0,0,0,1440
06/19/2011,LAS,NV,AWP,WE,Towers with Radar,1004,154,106,4,1268,0,283,16,4,303,1004,437,122,8,1571,0,0,0,1571
06/20/2011,LAS,NV,AWP,WE,Towers with Radar,1028,102,71,1,1202,0,316,19,0,335,1028,418,90,1,1537,0,0,0,1537
06/21/2011,LAS,NV,AWP,WE,Towers with Radar,967,81,73,13,1134,0,325,38,10,373,967,406,111,23,1507,0,0,0,1507
06/22/2011,LAS,NV,AWP,WE,Towers with Radar,993,77,98,2,1170,0,354,43,0,397,993,431,141,2,1567,0,0,0,1567
06/23/2011,LAS,NV,AWP,WE,Towers with Radar,1088,98,103,0,1289,0,386,66,2,454,1088,484,169,2,1743,0,0,0,1743
06/24/2011,LAS,NV,AWP,WE,Towers with Radar,1057,87,114,7,1265,0,342,24,13,379,1057,429,138,20,1644,0,0,0,1644
06/25/2011,LAS,NV,AWP,WE,Towers with Radar,864,54,91,1,1010,0,369,23,1,393,864,423,114,2,1403,0,0,0,1403
06/26/2011,LAS,NV,AWP,WE,Towers with Radar,1008,103,147,5,1263,0,331,30,0,361,1008,434,177,5,1624,0,0,0,1624
06/27/2011,LAS,NV,AWP,WE,Towers with Radar,1046,93,86,0,1225,0,326,27,0,353,1046,419,113,0,1578,0,0,0,1578
06/28/2011,LAS,NV,AWP,WE,Towers with Radar,986,81,106,0,1173,0,326,27,1,354,986,407,133,1,1527,0,0,0,1527
06/29/2011,LAS,NV,AWP,WE,Towers with Radar,990,73,97,2,1162,0,281,32,0,313,990,354,129,2,1475,0,0,0,1475
06/30/2011,LAS,NV,AWP,WE,Towers with Radar,1074,84,129,1,1288,0,344,35,0,379,1074,428,164,1,1667,0,0,0,1667
07/01/2011,LAS,NV,AWP,WE,Towers with Radar,1034,84,92,2,1212,0,114,19,8,141,1034,198,111,10,1353,0,0,0,1353
07/02/2011,LAS,NV,AWP,WE,Towers with Radar,859,60,66,2,987,0,180,17,6,203,859,240,83,8,1190,0,0,0,1190
07/03/2011,LAS,NV,AWP,WE,Towers with Radar,889,52,43,1,985,0,146,11,0,157,889,198,54,1,1142,0,0,0,1142
07/04/2011,LAS,NV,AWP,WE,Towers with Radar,981,51,64,1,1097,0,280,28,0,308,981,331,92,1,1405,0,0,0,1405
07/05/2011,LAS,NV,AWP,WE,Towers with Radar,998,60,85,2,1145,0,338,19,0,357,998,398,104,2,1502,0,0,0,1502
07/06/2011,LAS,NV,AWP,WE,Towers with Radar,1005,67,60,2,1134,0,340,14,3,357,1005,407,74,5,1491,0,0,0,1491
07/07/2011,LAS,NV,AWP,WE,Towers with Radar,1090,79,67,3,1239,1,330,21,2,354,1091,409,88,5,1593,0,0,0,1593
07/08/2011,LAS,NV,AWP,WE,Towers with Radar,1045,81,86,7,1219,0,311,34,5,350,1045,392,120,12,1569,0,0,0,1569
07/09/2011,LAS,NV,AWP,WE,Towers with Radar,884,80,67,3,1034,0,267,20,1,288,884,347,87,4,1322,0,0,0,1322
07/10/2011,LAS,NV,AWP,WE,Towers with Radar,1026,84,98,3,1211,0,277,15,0,292,1026,361,113,3,1503,0,0,0,1503
07/11/2011,LAS,NV,AWP,WE,Towers with Radar,1047,102,90,3,1242,0,312,23,1,336,1047,414,113,4,1578,0,0,0,1578
07/12/2011,LAS,NV,AWP,WE,Towers with Radar,987,95,95,3,1180,0,312,20,0,332,987,407,115,3,1512,0,0,0,1512
07/13/2011,LAS,NV,AWP,WE,Towers with Radar,1001,76,84,2,1163,0,351,16,1,368,1001,427,100,3,1531,0,0,0,1531
07/14/2011,LAS,NV,AWP,WE,Towers with Radar,1087,85,66,0,1238,0,324,32,6,362,1087,409,98,6,1600,0,0,0,1600
07/15/2011,LAS,NV,AWP,WE,Towers with Radar,1055,106,99,3,1263,0,320,22,5,347,1055,426,121,8,1610,0,0,0,1610
07/16/2011,LAS,NV,AWP,WE,Towers with Radar,878,77,51,0,1006,0,311,21,0,332,878,388,72,0,1338,0,0,0,1338
07/17/2011,LAS,NV,AWP,WE,Towers with Radar,1027,101,108,1,1237,0,280,22,0,302,1027,381,130,1,1539,0,0,0,1539
07/18/2011,LAS,NV,AWP,WE,Towers with Radar,1053,93,78,5,1229,0,349,12,2,363,1053,442,90,7,1592,0,0,0,1592
07/19/2011,LAS,NV,AWP,WE,Towers with Radar,980,78,57,3,1118,0,342,14,0,356,980,420,71,3,1474,0,0,0,1474
07/20/2011,LAS,NV,AWP,WE,Towers with Radar,1009,90,69,3,1171,0,364,22,2,388,1009,454,91,5,1559,0,0,0,1559
07/21/2011,LAS,NV,AWP,WE,Towers with Radar,1091,94,90,2,1277,0,347,34,2,383,1091,441,124,4,1660,0,0,0,1660
07/22/2011,LAS,NV,AWP,WE,Towers with Radar,1049,107,101,3,1260,0,350,20,4,374,1049,457,121,7,1634,0,0,0,1634
07/23/2011,LAS,NV,AWP,WE,Towers with Radar,886,72,57,7,1022,0,331,16,6,353,886,403,73,13,1375,0,0,0,1375
07/24/2011,LAS,NV,AWP,WE,Towers with Radar,1024,99,97,4,1224,0,352,25,4,381,1024,451,122,8,1605,0,0,0,1605
07/25/2011,LAS,NV,AWP,WE,Towers with Radar,1058,73,62,7,1200,0,324,25,4,353,1058,397,87,11,1553,0,0,0,1553
07/26/2011,LAS,NV,AWP,WE,Towers with Radar,1000,88,70,7,1165,0,349,27,12,388,1000,437,97,19,1553,0,0,0,1553
07/27/2011,LAS,NV,AWP,WE,Towers with Radar,1019,109,64,0,1192,0,348,30,0,378,1019,457,94,0,1570,0,0,0,1570
07/28/2011,LAS,NV,AWP,WE,Towers with Radar,1092,103,82,2,1279,0,351,27,1,379,1092,454,109,3,1658,0,0,0,1658
07/29/2011,LAS,NV,AWP,WE,Towers with Radar,1050,98,88,2,1238,0,344,20,2,366,1050,442,108,4,1604,0,0,0,1604
07/30/2011,LAS,NV,AWP,WE,Towers with Radar,887,79,73,3,1042,0,277,8,0,285,887,356,81,3,1327,0,0,0,1327
07/31/2011,LAS,NV,AWP,WE,Towers with Radar,1030,113,96,2,1241,0,241,9,2,252,1030,354,105,4,1493,0,0,0,1493
08/01/2011,LAS,NV,AWP,WE,Towers with Radar,1043,97,83,2,1225,0,345,15,0,360,1043,442,98,2,1585,0,0,0,1585
08/02/2011,LAS,NV,AWP,WE,Towers with Radar,993,96,97,1,1187,0,364,21,2,387,993,460,118,3,1574,0,0,0,1574
08/03/2011,LAS,NV,AWP,WE,Towers with Radar,1009,90,86,0,1185,0,355,28,0,383,1009,445,114,0,1568,0,0,0,1568
08/04/2011,LAS,NV,AWP,WE,Towers with Radar,1094,72,82,1,1249,0,348,30,1,379,1094,420,112,2,1628,0,0,0,1628
08/05/2011,LAS,NV,AWP,WE,Towers with Radar,1053,91,105,7,1256,0,371,58,1,430,1053,462,163,8,1686,0,0,0,1686
08/06/2011,LAS,NV,AWP,WE,Towers with Radar,878,69,65,2,1014,0,344,20,2,366,878,413,85,4,1380,0,0,0,1380
08/07/2011,LAS,NV,AWP,WE,Towers with Radar,1007,94,107,7,1215,0,368,23,1,392,1007,462,130,8,1607,0,0,0,1607
08/08/2011,LAS,NV,AWP,WE,Towers with Radar,1056,79,68,1,1204,0,373,11,2,386,1056,452,79,3,1590,0,0,0,1590
08/09/2011,LAS,NV,AWP,WE,Towers with Radar,989,84,71,2,1146,0,355,15,0,370,989,439,86,2,1516,0,0,0,1516
08/10/2011,LAS,NV,AWP,WE,Towers with Radar,1007,84,64,4,1159,0,387,13,1,401,1007,471,77,5,1560,0,0,0,1560
08/11/2011,LAS,NV,AWP,WE,Towers with Radar,1088,85,95,0,1268,0,376,19,3,398,1088,461,114,3,1666,0,0,0,1666
08/12/2011,LAS,NV,AWP,WE,Towers with Radar,1063,94,104,3,1264,0,366,21,0,387,1063,460,125,3,1651,0,0,0,1651
08/13/2011,LAS,NV,AWP,WE,Towers with Radar,851,60,53,1,965,0,363,13,0,376,851,423,66,1,1341,0,0,0,1341
08/14/2011,LAS,NV,AWP,WE,Towers with Radar,1003,74,108,4,1189,0,361,13,0,374,1003,435,121,4,1563,0,0,0,1563
08/15/2011,LAS,NV,AWP,WE,Towers with Radar,1035,65,81,9,1190,0,358,24,1,383,1035,423,105,10,1573,0,0,0,1573
08/16/2011,LAS,NV,AWP,WE,Towers with Radar,954,57,61,6,1078,0,373,23,0,396,954,430,84,6,1474,0,0,0,1474
08/17/2011,LAS,NV,AWP,WE,Towers with Radar,964,76,87,1,1128,0,358,19,2,379,964,434,106,3,1507,0,0,0,1507
08/18/2011,LAS,NV,AWP,WE,Towers with Radar,1062,74,98,1,1235,0,367,16,0,383,1062,441,114,1,1618,0,0,0,1618
08/19/2011,LAS,NV,AWP,WE,Towers with Radar,1031,83,98,4,1216,0,333,18,2,353,1031,416,116,6,1569,0,0,0,1569
08/20/2011,LAS,NV,AWP,WE,Towers with Radar,808,74,61,10,953,0,318,18,5,341,808,392,79,15,1294,0,0,0,1294
08/21/2011,LAS,NV,AWP,WE,Towers with Radar,978,88,115,4,1185,0,316,23,0,339,978,404,138,4,1524,0,0,0,1524
08/22/2011,LAS,NV,AWP,WE,Towers with Radar,1033,88,86,0,1207,0,317,32,0,349,1033,405,118,0,1556,0,0,0,1556
08/23/2011,LAS,NV,AWP,WE,Towers with Radar,950,88,80,0,1118,0,319,19,5,343,950,407,99,5,1461,0,0,0,1461
08/24/2011,LAS,NV,AWP,WE,Towers with Radar,970,92,97,1,1160,0,321,26,0,347,970,413,123,1,1507,0,0,0,1507
08/25/2011,LAS,NV,AWP,WE,Towers with Radar,1062,74,92,1,1229,0,292,20,0,312,1062,366,112,1,1541,0,0,0,1541
08/26/2011,LAS,NV,AWP,WE,Towers with Radar,1043,83,106,4,1236,0,322,32,1,355,1043,405,138,5,1591,0,0,0,1591
08/27/2011,LAS,NV,AWP,WE,Towers with Radar,766,81,62,1,910,0,295,22,3,320,766,376,84,4,1230,0,0,0,1230
08/28/2011,LAS,NV,AWP,WE,Towers with Radar,918,86,102,1,1107,0,286,11,1,298,918,372,113,2,1405,0,0,0,1405
08/29/2011,LAS,NV,AWP,WE,Towers with Radar,1011,74,69,6,1160,0,343,31,5,379,1011,417,100,11,1539,0,0,0,1539
08/30/2011,LAS,NV,AWP,WE,Towers with Radar,932,72,82,1,1087,0,217,26,0,243,932,289,108,1,1330,0,0,0,1330
08/31/2011,LAS,NV,AWP,WE,Towers with Radar,950,71,75,5,1101,0,331,15,0,346,950,402,90,5,1447,0,0,0,1447
09/01/2011,LAS,NV,AWP,WE,Towers with Radar,1075,68,85,3,1231,0,339,31,4,374,1075,407,116,7,1605,0,0,0,1605
09/02/2011,LAS,NV,AWP,WE,Towers with Radar,1051,94,114,6,1265,0,346,45,0,391,1051,440,159,6,1656,0,0,0,1656
09/03/2011,LAS,NV,AWP,WE,Towers with Radar,782,76,79,0,937,0,356,17,1,374,782,432,96,1,1311,0,0,0,1311
09/04/2011,LAS,NV,AWP,WE,Towers with Radar,856,68,70,3,997,0,346,37,0,383,856,414,107,3,1380,0,0,0,1380
09/05/2011,LAS,NV,AWP,WE,Towers with Radar,940,85,126,2,1153,0,348,17,0,365,940,433,143,2,1518,0,0,0,1518
09/06/2011,LAS,NV,AWP,WE,Towers with Radar,951,69,80,6,1106,0,362,35,1,398,951,431,115,7,1504,0,0,0,1504
09/07/2011,LAS,NV,AWP,WE,Towers with Radar,953,69,55,0,1077,0,347,37,0,384,953,416,92,0,1461,0,0,0,1461
09/08/2011,LAS,NV,AWP,WE,Towers with Radar,1074,83,65,6,1228,0,381,26,0,407,1074,464,91,6,1635,0,0,0,1635
09/09/2011,LAS,NV,AWP,WE,Towers with Radar,1076,88,100,4,1268,0,372,21,2,395,1076,460,121,6,1663,0,0,0,1663
09/10/2011,LAS,NV,AWP,WE,Towers with Radar,809,70,90,2,971,0,349,17,0,366,809,419,107,2,1337,0,0,0,1337
09/11/2011,LAS,NV,AWP,WE,Towers with Radar,1011,83,109,4,1207,0,302,20,2,324,1011,385,129,6,1531,0,0,0,1531
09/12/2011,LAS,NV,AWP,WE,Towers with Radar,1033,86,93,3,1215,0,347,23,0,370,1033,433,116,3,1585,0,0,0,1585
09/13/2011,LAS,NV,AWP,WE,Towers with Radar,936,70,79,2,1087,0,133,29,0,162,936,203,108,2,1249,0,0,0,1249
09/14/2011,LAS,NV,AWP,WE,Towers with Radar,987,101,98,2,1188,0,319,17,1,337,987,420,115,3,1525,0,0,0,1525
09/15/2011,LAS,NV,AWP,WE,Towers with Radar,1116,111,137,3,1367,0,396,37,5,438,1116,507,174,8,1805,0,0,0,1805
09/16/2011,LAS,NV,AWP,WE,Towers with Radar,1067,95,127,7,1296,0,358,45,2,405,1067,453,172,9,1701,0,0,0,1701
09/17/2011,LAS,NV,AWP,WE,Towers with Radar,821,82,101,6,1010,0,362,30,4,396,821,444,131,10,1406,0,0,0,1406
09/18/2011,LAS,NV,AWP,WE,Towers with Radar,1056,117,162,6,1341,0,352,35,1,388,1056,469,197,7,1729,0,0,0,1729
09/19/2011,LAS,NV,AWP,WE,Towers with Radar,1060,93,89,2,1244,0,384,12,2,398,1060,477,101,4,1642,0,0,0,1642
09/20/2011,LAS,NV,AWP,WE,Towers with Radar,923,80,89,2,1094,0,401,27,2,430,923,481,116,4,1524,0,0,0,1524
09/21/2011,LAS,NV,AWP,WE,Towers with Radar,958,101,94,1,1154,0,384,22,1,407,958,485,116,2,1561,0,0,0,1561
09/22/2011,LAS,NV,AWP,WE,Towers with Radar,1090,98,96,0,1284,0,368,32,1,401,1090,466,128,1,1685,0,0,0,1685
09/23/2011,LAS,NV,AWP,WE,Towers with Radar,1077,117,131,0,1325,0,357,31,0,388,1077,474,162,0,1713,0,0,0,1713
09/24/2011,LAS,NV,AWP,WE,Towers with Radar,821,78,84,2,985,0,323,29,0,352,821,401,113,2,1337,0,0,0,1337
09/25/2011,LAS,NV,AWP,WE,Towers with Radar,1028,122,171,3,1324,0,315,40,0,355,1028,437,211,3,1679,0,0,0,1679
09/26/2011,LAS,NV,AWP,WE,Towers with Radar,1034,78,96,0,1208,0,358,31,2,391,1034,436,127,2,1599,0,0,0,1599
09/27/2011,LAS,NV,AWP,WE,Towers with Radar,931,74,87,7,1099,0,393,40,1,434,931,467,127,8,1533,0,0,0,1533
09/28/2011,LAS,NV,AWP,WE,Towers with Radar,953,72,96,1,1122,0,345,21,0,366,953,417,117,1,1488,0,0,0,1488
09/29/2011,LAS,NV,AWP,WE,Towers with Radar,1088,75,95,0,1258,0,367,34,2,403,1088,442,129,2,1661,0,0,0,1661
09/30/2011,LAS,NV,AWP,WE,Towers with Radar,1084,95,97,0,1276,0,347,22,0,369,1084,442,119,0,1645,0,0,0,1645
10/01/2011,LAS,NV,AWP,WE,Towers with Radar,825,68,64,2,959,0,341,33,0,374,825,409,97,2,1333,0,0,0,1333
10/02/2011,LAS,NV,AWP,WE,Towers with Radar,1017,76,114,4,1211,0,355,21,0,376,1017,431,135,4,1587,0,0,0,1587
10/03/2011,LAS,NV,AWP,WE,Towers with Radar,1037,77,114,2,1230,0,313,20,0,333,1037,390,134,2,1563,0,0,0,1563
10/04/2011,LAS,NV,AWP,WE,Towers with Radar,935,78,110,1,1124,0,131,9,0,140,935,209,119,1,1264,0,0,0,1264
10/05/2011,LAS,NV,AWP,WE,Towers with Radar,946,88,127,2,1163,0,344,7,0,351,946,432,134,2,1514,0,0,0,1514
10/06/2011,LAS,NV,AWP,WE,Towers with Radar,1091,82,138,2,1313,0,332,27,0,359,1091,414,165,2,1672,0,0,0,1672
10/07/2011,LAS,NV,AWP,WE,Towers with Radar,1101,95,118,5,1319,0,368,27,1,396,1101,463,145,6,1715,0,0,0,1715
10/08/2011,LAS,NV,AWP,WE,Towers with Radar,714,68,76,4,862,0,206,17,1,224,714,274,93,5,1086,0,0,0,1086
10/09/2011,LAS,NV,AWP,WE,Towers with Radar,953,117,196,0,1266,0,306,27,0,333,953,423,223,0,1599,0,0,0,1599
10/10/2011,LAS,NV,AWP,WE,Towers with Radar,997,96,187,0,1280,0,338,22,0,360,997,434,209,0,1640,0,0,0,1640
10/11/2011,LAS,NV,AWP,WE,Towers with Radar,935,100,191,0,1226,0,342,29,0,371,935,442,220,0,1597,0,0,0,1597
10/12/2011,LAS,NV,AWP,WE,Towers with Radar,962,126,237,0,1325,0,363,29,2,394,962,489,266,2,1719,0,0,0,1719
10/13/2011,LAS,NV,AWP,WE,Towers with Radar,1097,81,145,2,1325,0,332,26,1,359,1097,413,171,3,1684,0,0,0,1684
10/14/2011,LAS,NV,AWP,WE,Towers with Radar,1083,93,151,5,1332,0,347,23,2,372,1083,440,174,7,1704,0,0,0,1704
10/15/2011,LAS,NV,AWP,WE,Towers with Radar,838,86,102,3,1029,0,324,19,2,345,838,410,121,5,1374,0,0,0,1374
10/16/2011,LAS,NV,AWP,WE,Towers with Radar,1016,102,160,5,1283,0,295,24,3,322,1016,397,184,8,1605,0,0,0,1605
10/17/2011,LAS,NV,AWP,WE,Towers with Radar,1038,80,91,1,1210,0,307,22,1,330,1038,387,113,2,1540,0,0,0,1540
10/18/2011,LAS,NV,AWP,WE,Towers with Radar,942,75,104,0,1121,0,316,16,1,333,942,391,120,1,1454,0,0,0,1454
10/19/2011,LAS,NV,AWP,WE,Towers with Radar,956,94,97,1,1148,0,320,27,2,349,956,414,124,3,1497,0,0,0,1497
10/20/2011,LAS,NV,AWP,WE,Towers with Radar,1102,85,87,2,1276,0,308,39,0,347,1102,393,126,2,1623,0,0,0,1623
10/21/2011,LAS,NV,AWP,WE,Towers with Radar,1079,111,119,6,1315,0,321,28,0,349,1079,432,147,6,1664,0,0,0,1664
10/22/2011,LAS,NV,AWP,WE,Towers with Radar,836,83,80,6,1005,0,308,33,0,341,836,391,113,6,1346,0,0,0,1346
10/23/2011,LAS,NV,AWP,WE,Towers with Radar,1028,117,150,5,1300,0,301,29,0,330,1028,418,179,5,1630,0,0,0,1630
10/24/2011,LAS,NV,AWP,WE,Towers with Radar,1052,84,63,4,1203,0,155,38,1,194,1052,239,101,5,1397,0,0,0,1397
10/25/2011,LAS,NV,AWP,WE,Towers with Radar,938,81,75,6,1100,0,335,14,0,349,938,416,89,6,1449,0,0,0,1449
10/26/2011,LAS,NV,AWP,WE,Towers with Radar,966,86,65,0,1117,0,354,15,0,369,966,440,80,0,1486,0,0,0,1486
10/27/2011,LAS,NV,AWP,WE,Towers with Radar,1094,84,100,15,1293,0,333,24,2,359,1094,417,124,17,1652,0,0,0,1652
10/28/2011,LAS,NV,AWP,WE,Towers with Radar,1078,109,121,3,1311,0,318,39,1,358,1078,427,160,4,1669,0,0,0,1669
10/29/2011,LAS,NV,AWP,WE,Towers with Radar,807,72,88,3,970,0,336,29,2,367,807,408,117,5,1337,0,0,0,1337
10/30/2011,LAS,NV,AWP,WE,Towers with Radar,1008,96,137,2,1243,0,319,34,0,353,1008,415,171,2,1596,0,0,0,1596
10/31/2011,LAS,NV,AWP,WE,Towers with Radar,982,95,96,0,1173,0,320,14,3,337,982,415,110,3,1510,0,0,0,1510
11/01/2011,LAS,NV,AWP,WE,Towers with Radar,930,80,94,0,1104,0,309,10,2,321,930,389,104,2,1425,0,0,0,1425
11/02/2011,LAS,NV,AWP,WE,Towers with Radar,956,101,113,1,1171,0,299,28,1,328,956,400,141,2,1499,0,0,0,1499
11/03/2011,LAS,NV,AWP,WE,Towers with Radar,1077,103,154,2,1336,0,302,27,3,332,1077,405,181,5,1668,0,0,0,1668
11/04/2011,LAS,NV,AWP,WE,Towers with Radar,1038,85,152,3,1278,0,275,12,0,287,1038,360,164,3,1565,0,0,0,1565
11/05/2011,LAS,NV,AWP,WE,Towers with Radar,814,92,90,3,999,0,364,38,4,406,814,456,128,7,1405,0,0,0,1405
11/06/2011,LAS,NV,AWP,WE,Towers with Radar,986,102,165,2,1255,0,275,7,0,282,986,377,172,2,1537,0,0,0,1537
11/07/2011,LAS,NV,AWP,WE,Towers with Radar,982,102,82,1,1167,0,231,20,2,253,982,333,102,3,1420,0,0,0,1420
11/08/2011,LAS,NV,AWP,WE,Towers with Radar,898,88,102,0,1088,0,300,18,2,320,898,388,120,2,1408,0,0,0,1408
11/09/2011,LAS,NV,AWP,WE,Towers with Radar,913,99,86,0,1098,0,263,20,2,285,913,362,106,2,1383,0,0,0,1383
11/10/2011,LAS,NV,AWP,WE,Towers with Radar,1034,117,127,5,1283,0,301,30,3,334,1034,418,157,8,1617,0,0,0,1617
11/11/2011,LAS,NV,AWP,WE,Towers with Radar,964,132,159,7,1262,0,343,30,2,375,964,475,189,9,1637,0,0,0,1637
11/12/2011,LAS,NV,AWP,WE,Towers with Radar,794,105,129,2,1030,0,314,13,0,327,794,419,142,2,1357,0,0,0,1357
11/13/2011,LAS,NV,AWP,WE,Towers with Radar,983,145,215,5,1348,0,328,20,0,348,983,473,235,5,1696,0,0,0,1696
11/14/2011,LAS,NV,AWP,WE,Towers with Radar,981,104,107,1,1193,0,255,28,0,283,981,359,135,1,1476,0,0,0,1476
11/15/2011,LAS,NV,AWP,WE,Towers with Radar,900,95,80,0,1075,0,270,20,2,292,900,365,100,2,1367,0,0,0,1367
11/16/2011,LAS,NV,AWP,WE,Towers with Radar,904,102,81,2,1089,0,241,28,6,275,904,343,109,8,1364,0,0,0,1364
11/17/2011,LAS,NV,AWP,WE,Towers with Radar,1034,98,110,8,1250,0,247,18,9,274,1034,345,128,17,1524,0,0,0,1524
11/18/2011,LAS,NV,AWP,WE,Towers with Radar,1013,119,130,5,1267,0,269,19,6,294,1013,388,149,11,1561,0,0,0,1561
11/19/2011,LAS,NV,AWP,WE,Towers with Radar,807,80,88,1,976,0,275,26,2,303,807,355,114,3,1279,0,0,0,1279
11/20/2011,LAS,NV,AWP,WE,Towers with Radar,980,114,114,1,1209,0,263,14,1,278,980,377,128,2,1487,0,0,0,1487
11/21/2011,LAS,NV,AWP,WE,Towers with Radar,965,84,67,0,1116,0,265,19,0,284,965,349,86,0,1400,0,0,0,1400
11/22/2011,LAS,NV,AWP,WE,Towers with Radar,954,86,56,2,1098,0,273,12,0,285,954,359,68,2,1383,0,0,0,1383
11/23/2011,LAS,NV,AWP,WE,Towers with Radar,1011,85,78,0,1174,0,272,23,2,297,1011,357,101,2,1471,0,0,0,1471
11/24/2011,LAS,NV,AWP,WE,Towers with Radar,707,57,23,0,787,0,155,9,0,164,707,212,32,0,951,0,0,0,951
11/25/2011,LAS,NV,AWP,WE,Towers with Radar,815,80,55,0,950,0,293,29,0,322,815,373,84,0,1272,0,0,0,1272
11/26/2011,LAS,NV,AWP,WE,Towers with Radar,817,67,61,0,945,0,248,19,1,268,817,315,80,1,1213,0,0,0,1213
11/27/2011,LAS,NV,AWP,WE,Towers with Radar,1000,78,93,2,1173,0,191,27,0,218,1000,269,120,2,1391,0,0,0,1391
11/28/2011,LAS,NV,AWP,WE,Towers with Radar,1013,69,48,2,1132,0,202,19,0,221,1013,271,67,2,1353,0,0,0,1353
11/29/2011,LAS,NV,AWP,WE,Towers with Radar,886,73,73,2,1034,0,193,6,2,201,886,266,79,4,1235,0,0,0,1235
11/30/2011,LAS,NV,AWP,WE,Towers with Radar,883,99,83,1,1066,0,181,15,1,197,883,280,98,2,1263,0,0,0,1263
12/01/2011,LAS,NV,AWP,WE,Towers with Radar,972,80,107,4,1163,0,81,12,0,93,972,161,119,4,1256,0,0,0,1256
12/02/2011,LAS,NV,AWP,WE,Towers with Radar,975,110,154,2,1241,0,151,23,1,175,975,261,177,3,1416,0,0,0,1416
12/03/2011,LAS,NV,AWP,WE,Towers with Radar,748,91,112,11,962,0,208,23,0,231,748,299,135,11,1193,0,0,0,1193
12/04/2011,LAS,NV,AWP,WE,Towers with Radar,928,120,138,6,1192,0,161,17,1,179,928,281,155,7,1371,0,0,0,1371
12/05/2011,LAS,NV,AWP,WE,Towers with Radar,943,106,97,4,1150,0,210,15,5,230,943,316,112,9,1380,0,0,0,1380
12/06/2011,LAS,NV,AWP,WE,Towers with Radar,859,78,83,2,1022,0,200,29,5,234,859,278,112,7,1256,0,0,0,1256
12/07/2011,LAS,NV,AWP,WE,Towers with Radar,871,101,116,7,1095,0,220,26,5,251,871,321,142,12,1346,0,0,0,1346
12/08/2011,LAS,NV,AWP,WE,Towers with Radar,982,111,119,7,1219,0,130,30,2,162,982,241,149,9,1381,0,0,0,1381
12/09/2011,LAS,NV,AWP,WE,Towers with Radar,962,120,152,7,1241,0,217,29,5,251,962,337,181,12,1492,0,0,0,1492
12/10/2011,LAS,NV,AWP,WE,Towers with Radar,755,76,72,4,907,0,200,30,1,231,755,276,102,5,1138,0,0,0,1138
12/11/2011,LAS,NV,AWP,WE,Towers with Radar,917,101,174,6,1198,0,179,25,3,207,917,280,199,9,1405,0,0,0,1405
12/12/2011,LAS,NV,AWP,WE,Towers with Radar,943,83,83,4,1113,0,123,6,2,131,943,206,89,6,1244,0,0,0,1244
12/13/2011,LAS,NV,AWP,WE,Towers with Radar,841,75,65,3,984,0,68,17,0,85,841,143,82,3,1069,0,0,0,1069
12/14/2011,LAS,NV,AWP,WE,Towers with Radar,870,83,83,0,1036,0,172,18,5,195,870,255,101,5,1231,0,0,0,1231
12/15/2011,LAS,NV,AWP,WE,Towers with Radar,982,74,81,2,1139,0,155,20,2,177,982,229,101,4,1316,0,0,0,1316
12/16/2011,LAS,NV,AWP,WE,Towers with Radar,957,91,108,4,1160,0,150,19,2,171,957,241,127,6,1331,0,0,0,1331
12/17/2011,LAS,NV,AWP,WE,Towers with Radar,778,73,61,1,913,0,178,15,1,194,778,251,76,2,1107,0,0,0,1107
12/18/2011,LAS,NV,AWP,WE,Towers with Radar,920,75,57,4,1056,0,123,9,1,133,920,198,66,5,1189,0,0,0,1189
12/19/2011,LAS,NV,AWP,WE,Towers with Radar,924,80,56,4,1064,0,193,26,0,219,924,273,82,4,1283,0,0,0,1283
12/20/2011,LAS,NV,AWP,WE,Towers with Radar,889,71,60,1,1021,0,189,12,0,201,889,260,72,1,1222,0,0,0,1222
12/21/2011,LAS,NV,AWP,WE,Towers with Radar,902,79,75,7,1063,0,170,10,0,180,902,249,85,7,1243,0,0,0,1243
12/22/2011,LAS,NV,AWP,WE,Towers with Radar,1004,63,86,4,1157,0,160,15,0,175,1004,223,101,4,1332,0,0,0,1332
12/23/2011,LAS,NV,AWP,WE,Towers with Radar,975,70,84,0,1129,0,174,14,0,188,975,244,98,0,1317,0,0,0,1317
12/24/2011,LAS,NV,AWP,WE,Towers with Radar,737,57,47,1,842,0,142,9,0,151,737,199,56,1,993,0,0,0,993
12/25/2011,LAS,NV,AWP,WE,Towers with Radar,763,56,17,0,836,0,127,4,0,131,763,183,21,0,967,0,0,0,967
12/26/2011,LAS,NV,AWP,WE,Towers with Radar,939,75,101,0,1115,0,268,16,0,284,939,343,117,0,1399,0,0,0,1399
12/27/2011,LAS,NV,AWP,WE,Towers with Radar,897,99,100,2,1098,0,273,14,0,287,897,372,114,2,1385,0,0,0,1385
12/28/2011,LAS,NV,AWP,WE,Towers with Radar,935,90,102,2,1129,0,321,17,0,338,935,411,119,2,1467,0,0,0,1467
12/29/2011,LAS,NV,AWP,WE,Towers with Radar,979,82,120,0,1181,0,325,21,15,361,979,407,141,15,1542,0,0,0,1542
12/30/2011,LAS,NV,AWP,WE,Towers with Radar,975,117,163,1,1256,0,358,36,0,394,975,475,199,1,1650,0,0,0,1650
12/31/2011,LAS,NV,AWP,WE,Towers with Radar,757,75,83,2,917,0,295,23,82,400,757,370,106,84,1317,0,0,0,1317
01/01/2012,LAS,NV,AWP,WE,Towers with Radar,823,101,149,1,1074,0,328,24,10,362,823,429,173,11,1436,0,0,0,1436
01/02/2012,LAS,NV,AWP,WE,Towers with Radar,949,86,217,1,1253,0,311,26,0,337,949,397,243,1,1590,0,0,0,1590
01/03/2012,LAS,NV,AWP,WE,Towers with Radar,903,87,105,2,1097,0,280,20,0,300,903,367,125,2,1397,0,0,0,1397
01/04/2012,LAS,NV,AWP,WE,Towers with Radar,907,95,93,0,1095,0,305,23,2,330,907,400,116,2,1425,0,0,0,1425
01/05/2012,LAS,NV,AWP,WE,Towers with Radar,990,93,78,2,1163,0,272,20,3,295,990,365,98,5,1458,0,0,0,1458
01/06/2012,LAS,NV,AWP,WE,Towers with Radar,980,75,96,15,1166,0,267,17,4,288,980,342,113,19,1454,0,0,0,1454
01/07/2012,LAS,NV,AWP,WE,Towers with Radar,770,83,87,5,945,0,224,8,4,236,770,307,95,9,1181,0,0,0,1181
01/08/2012,LAS,NV,AWP,WE,Towers with Radar,912,75,115,11,1113,0,212,14,0,226,912,287,129,11,1339,0,0,0,1339
01/09/2012,LAS,NV,AWP,WE,Towers with Radar,930,132,156,5,1223,0,207,22,0,229,930,339,178,5,1452,0,0,0,1452
01/10/2012,LAS,NV,AWP,WE,Towers with Radar,855,128,194,1,1178,0,170,24,2,196,855,298,218,3,1374,0,0,0,1374
01/11/2012,LAS,NV,AWP,WE,Towers with Radar,855,115,186,1,1157,0,193,39,0,232,855,308,225,1,1389,0,0,0,1389
01/12/2012,LAS,NV,AWP,WE,Towers with Radar,960,144,190,1,1295,0,220,35,2,257,960,364,225,3,1552,0,0,0,1552
01/13/2012,LAS,NV,AWP,WE,Towers with Radar,955,139,182,5,1281,0,246,36,2,284,955,385,218,7,1565,0,0,0,1565
01/14/2012,LAS,NV,AWP,WE,Towers with Radar,735,90,70,2,897,0,246,21,0,267,735,336,91,2,1164,0,0,0,1164
01/15/2012,LAS,NV,AWP,WE,Towers with Radar,898,102,111,5,1116,0,203,11,1,215,898,305,122,6,1331,0,0,0,1331
01/16/2012,LAS,NV,AWP,WE,Towers with Radar,892,97,112,2,1103,0,209,10,0,219,892,306,122,2,1322,0,0,0,1322
01/17/2012,LAS,NV,AWP,WE,Towers with Radar,833,65,94,0,992,0,177,14,0,191,833,242,108,0,1183,0,0,0,1183
01/18/2012,LAS,NV,AWP,WE,Towers with Radar,845,74,87,3,1009,0,186,31,0,217,845,260,118,3,1226,0,0,0,1226
01/19/2012,LAS,NV,AWP,WE,Towers with Radar,934,95,106,0,1135,0,198,19,0,217,934,293,125,0,1352,0,0,0,1352
01/20/2012,LAS,NV,AWP,WE,Towers with Radar,922,123,161,1,1207,0,245,18,0,263,922,368,179,1,1470,0,0,0,1470
01/21/2012,LAS,NV,AWP,WE,Towers with Radar,735,63,120,4,922,1,75,8,1,85,736,138,128,5,1007,0,0,0,1007
01/22/2012,LAS,NV,AWP,WE,Towers with Radar,897,113,103,6,1119,0,212,14,0,226,897,325,117,6,1345,0,0,0,1345
01/23/2012,LAS,NV,AWP,WE,Towers with Radar,935,82,106,0,1123,0,109,11,0,120,935,191,117,0,1243,0,0,0,1243
01/24/2012,LAS,NV,AWP,WE,Towers with Radar,844,97,99,2,1042,0,219,14,0,233,844,316,113,2,1275,0,0,0,1275
01/25/2012,LAS,NV,AWP,WE,Towers with Radar,848,66,91,4,1009,0,214,26,7,247,848,280,117,11,1256,0,0,0,1256
01/26/2012,LAS,NV,AWP,WE,Towers with Radar,952,85,121,3,1161,0,152,7,10,169,952,237,128,13,1330,0,0,0,1330
01/27/2012,LAS,NV,AWP,WE,Towers with Radar,948,88,118,4,1158,0,263,24,2,289,948,351,142,6,1447,0,0,0,1447
01/28/2012,LAS,NV,AWP,WE,Towers with Radar,731,69,90,3,893,0,233,16,2,251,731,302,106,5,1144,0,0,0,1144
01/29/2012,LAS,NV,AWP,WE,Towers with Radar,909,92,162,2,1165,0,204,10,1,215,909,296,172,3,1380,0,0,0,1380
01/30/2012,LAS,NV,AWP,WE,Towers with Radar,911,75,108,3,1097,0,154,20,2,176,911,229,128,5,1273,0,0,0,1273
01/31/2012,LAS,NV,AWP,WE,Towers with Radar,840,71,107,4,1022,0,140,23,1,164,840,211,130,5,1186,0,0,0,1186
02/01/2012,LAS,NV,AWP,WE,Towers with Radar,862,98,145,5,1110,0,169,34,0,203,862,267,179,5,1313,0,0,0,1313
02/02/2012,LAS,NV,AWP,WE,Towers with Radar,977,114,159,0,1250,0,152,12,1,165,977,266,171,1,1415,0,0,0,1415
02/03/2012,LAS,NV,AWP,WE,Towers with Radar,950,162,247,1,1360,0,244,32,0,276,950,406,279,1,1636,0,0,0,1636
02/04/2012,LAS,NV,AWP,WE,Towers with Radar,755,130,147,1,1033,0,232,32,0,264,755,362,179,1,1297,0,0,0,1297
02/05/2012,LAS,NV,AWP,WE,Towers with Radar,914,118,179,2,1213,0,176,24,0,200,914,294,203,2,1413,0,0,0,1413
02/06/2012,LAS,NV,AWP,WE,Towers with Radar,944,153,216,4,1317,0,229,31,0,260,944,382,247,4,1577,0,0,0,1577
02/07/2012,LAS,NV,AWP,WE,Towers with Radar,851,84,96,1,1032,0,207,9,0,216,851,291,105,1,1248,0,0,0,1248
02/08/2012,LAS,NV,AWP,WE,Towers with Radar,853,89,86,4,1032,0,191,18,2,211,853,280,104,6,1243,0,0,0,1243
02/09/2012,LAS,NV,AWP,WE,Towers with Radar,969,92,93,3,1157,0,205,21,5,231,969,297,114,8,1388,0,0,0,1388
02/10/2012,LAS,NV,AWP,WE,Towers with Radar,945,100,108,8,1161,0,249,28,0,277,945,349,136,8,1438,0,0,0,1438
02/11/2012,LAS,NV,AWP,WE,Towers with Radar,751,74,70,1,896,0,258,5,0,263,751,332,75,1,1159,0,0,0,1159
02/12/2012,LAS,NV,AWP,WE,Towers with Radar,916,95,109,14,1134,0,253,18,7,278,916,348,127,21,1412,0,0,0,1412
02/13/2012,LAS,NV,AWP,WE,Towers with Radar,930,88,74,2,1094,0,222,12,0,234,930,310,86,2,1328,0,0,0,1328
02/14/2012,LAS,NV,AWP,WE,Towers with Radar,865,65,81,7,1018,0,221,13,5,239,865,286,94,12,1257,0,0,0,1257
02/15/2012,LAS,NV,AWP,WE,Towers with Radar,892,83,104,0,1079,0,193,8,0,201,892,276,112,0,1280,0,0,0,1280
02/16/2012,LAS,NV,AWP,WE,Towers with Radar,1000,88,102,3,1193,0,235,19,1,255,1000,323,121,4,1448,0,0,0,1448
02/17/2012,LAS,NV,AWP,WE,Towers with Radar,969,125,143,9,1246,0,299,32,1,332,969,424,175,10,1578,0,0,0,1578
02/18/2012,LAS,NV,AWP,WE,Towers with Radar,779,95,84,3,961,0,277,31,2,310,779,372,115,5,1271,0,0,0,1271
02/19/2012,LAS,NV,AWP,WE,Towers with Radar,946,101,123,0,1170,0,255,23,0,278,946,356,146,0,1448,0,0,0,1448
02/20/2012,LAS,NV,AWP,WE,Towers with Radar,913,88,110,4,1115,0,276,18,0,294,913,364,128,4,1409,0,0,0,1409
02/21/2012,LAS,NV,AWP,WE,Towers with Radar,884,75,103,5,1067,0,233,12,1,246,884,308,115,6,1313,0,0,0,1313
02/22/2012,LAS,NV,AWP,WE,Towers with Radar,885,78,71,8,1042,0,244,22,2,268,885,322,93,10,1310,0,0,0,1310
02/23/2012,LAS,NV,AWP,WE,Towers with Radar,986,86,105,5,1182,0,248,28,1,277,986,334,133,6,1459,0,0,0,1459
02/24/2012,LAS,NV,AWP,WE,Towers with Radar,982,82,97,9,1170,0,303,17,0,320,982,385,114,9,1490,0,0,0,1490
02/25/2012,LAS,NV,AWP,WE,Towers with Radar,779,73,66,2,920,0,275,17,0,292,779,348,83,2,1212,0,0,0,1212
02/26/2012,LAS,NV,AWP,WE,Towers with Radar,963,81,94,5,1143,0,242,21,0,263,963,323,115,5,1406,0,0,0,1406
02/27/2012,LAS,NV,AWP,WE,Towers with Radar,953,83,75,1,1112,0,203,13,0,216,953,286,88,1,1328,0,0,0,1328
02/28/2012,LAS,NV,AWP,WE,Towers with Radar,871,81,73,0,1025,0,241,20,1,262,871,322,93,1,1287,0,0,0,1287
02/29/2012,LAS,NV,AWP,WE,Towers with Radar,880,100,103,2,1085,0,189,14,2,205,880,289,117,4,1290,0,0,0,1290
03/01/2012,LAS,NV,AWP,WE,Towers with Radar,973,81,124,3,1181,0,234,16,0,250,973,315,140,3,1431,0,0,0,1431
03/02/2012,LAS,NV,AWP,WE,Towers with Radar,1013,87,103,4,1207,0,279,37,0,316,1013,366,140,4,1523,0,0,0,1523
03/03/2012,LAS,NV,AWP,WE,Towers with Radar,786,62,53,3,904,0,281,38,2,321,786,343,91,5,1225,0,0,0,1225
03/04/2012,LAS,NV,AWP,WE,Towers with Radar,960,70,121,4,1155,0,264,32,2,298,960,334,153,6,1453,0,0,0,1453
03/05/2012,LAS,NV,AWP,WE,Towers with Radar,966,64,61,0,1091,0,271,31,0,302,966,335,92,0,1393,0,0,0,1393
03/06/2012,LAS,NV,AWP,WE,Towers with Radar,804,56,62,0,922,0,91,7,0,98,804,147,69,0,1020,0,0,0,1020
03/07/2012,LAS,NV,AWP,WE,Towers with Radar,932,81,85,0,1098,0,243,22,0,265,932,324,107,0,1363,0,0,0,1363
03/08/2012,LAS,NV,AWP,WE,Towers with Radar,1014,87,124,2,1227,0,333,35,1,369,1014,420,159,3,1596,0,0,0,1596
03/09/2012,LAS,NV,AWP,WE,Towers with Radar,1006,101,126,4,1237,1,348,45,1,395,1007,449,171,5,1632,0,0,0,1632
03/10/2012,LAS,NV,AWP,WE,Towers with Radar,850,82,85,0,1017,0,342,49,0,391,850,424,134,0,1408,0,0,0,1408
03/11/2012,LAS,NV,AWP,WE,Towers with Radar,982,78,132,2,1194,0,573,44,0,617,982,651,176,2,1811,0,0,0,1811
03/12/2012,LAS,NV,AWP,WE,Towers with Radar,1010,93,98,2,1203,0,303,33,0,336,1010,396,131,2,1539,0,0,0,1539
03/13/2012,LAS,NV,AWP,WE,Towers with Radar,938,73,90,0,1101,0,304,36,1,341,938,377,126,1,1442,0,0,0,1442
03/14/2012,LAS,NV,AWP,WE,Towers with Radar,966,87,99,1,1153,0,334,21,0,355,966,421,120,1,1508,0,0,0,1508
03/15/2012,LAS,NV,AWP,WE,Towers with Radar,1064,90,107,6,1267,0,250,29,5,284,1064,340,136,11,1551,0,0,0,1551
03/16/2012,LAS,NV,AWP,WE,Towers with Radar,1041,105,117,6,1269,0,275,24,1,300,1041,380,141,7,1569,0,0,0,1569
03/17/2012,LAS,NV,AWP,WE,Towers with Radar,845,92,76,3,1016,0,141,4,0,145,845,233,80,3,1161,0,0,0,1161
03/18/2012,LAS,NV,AWP,WE,Towers with Radar,990,100,131,5,1226,0,183,13,0,196,990,283,144,5,1422,0,0,0,1422
03/19/2012,LAS,NV,AWP,WE,Towers with Radar,1016,80,75,1,1172,0,287,28,0,315,1016,367,103,1,1487,0,0,0,1487
03/20/2012,LAS,NV,AWP,WE,Towers with Radar,950,71,78,2,1101,0,327,29,1,357,950,398,107,3,1458,0,0,0,1458
03/21/2012,LAS,NV,AWP,WE,Towers with Radar,979,92,100,0,1171,0,215,38,0,253,979,307,138,0,1424,0,0,0,1424
03/22/2012,LAS,NV,AWP,WE,Towers with Radar,1069,119,90,5,1283,0,307,66,2,375,1069,426,156,7,1658,0,0,0,1658
03/23/2012,LAS,NV,AWP,WE,Towers with Radar,1013,108,107,7,1235,0,326,25,1,352,1013,434,132,8,1587,0,0,0,1587
03/24/2012,LAS,NV,AWP,WE,Towers with Radar,855,73,79,7,1014,0,253,25,3,281,855,326,104,10,1295,0,0,0,1295
03/25/2012,LAS,NV,AWP,WE,Towers with Radar,1005,101,125,2,1233,0,221,15,2,238,1005,322,140,4,1471,0,0,0,1471
03/26/2012,LAS,NV,AWP,WE,Towers with Radar,1019,82,72,0,1173,0,250,28,1,279,1019,332,100,1,1452,0,0,0,1452
03/27/2012,LAS,NV,AWP,WE,Towers with Radar,935,80,87,0,1102,0,306,27,3,336,935,386,114,3,1438,0,0,0,1438
03/28/2012,LAS,NV,AWP,WE,Towers with Radar,972,79,77,2,1130,0,295,24,0,319,972,374,101,2,1449,0,0,0,1449
03/29/2012,LAS,NV,AWP,WE,Towers with Radar,1056,99,103,0,1258,0,284,31,0,315,1056,383,134,0,1573,0,0,0,1573
03/30/2012,LAS,NV,AWP,WE,Towers with Radar,1031,103,132,3,1269,0,310,50,0,360,1031,413,182,3,1629,0,0,0,1629
03/31/2012,LAS,NV,AWP,WE,Towers with Radar,862,96,86,2,1046,0,270,32,1,303,862,366,118,3,1349,0,0,0,1349
04/01/2012,LAS,NV,AWP,WE,Towers with Radar,1002,113,137,2,1254,0,299,31,1,331,1002,412,168,3,1585,0,0,0,1585
04/02/2012,LAS,NV,AWP,WE,Towers with Radar,1039,92,112,2,1245,0,325,49,2,376,1039,417,161,4,1621,0,0,0,1621
04/03/2012,LAS,NV,AWP,WE,Towers with Radar,927,69,78,1,1075,0,386,39,6,431,927,455,117,7,1506,0,0,0,1506
04/04/2012,LAS,NV,AWP,WE,Towers with Radar,974,99,75,6,1154,0,373,37,1,411,974,472,112,7,1565,0,0,0,1565
04/05/2012,LAS,NV,AWP,WE,Towers with Radar,1052,97,97,2,1248,0,290,13,4,307,1052,387,110,6,1555,0,0,0,1555
04/06/2012,LAS,NV,AWP,WE,Towers with Radar,1041,86,73,3,1203,0,427,32,0,459,1041,513,105,3,1662,0,0,0,1662
04/07/2012,LAS,NV,AWP,WE,Towers with Radar,851,64,49,2,966,0,384,30,0,414,851,448,79,2,1380,0,0,0,1380
04/08/2012,LAS,NV,AWP,WE,Towers with Radar,994,73,62,0,1129,0,340,26,0,366,994,413,88,0,1495,0,0,0,1495
04/09/2012,LAS,NV,AWP,WE,Towers with Radar,1025,64,42,0,1131,0,361,24,2,387,1025,425,66,2,1518,0,0,0,1518
04/10/2012,LAS,NV,AWP,WE,Towers with Radar,941,66,46,0,1053,0,346,22,1,369,941,412,68,1,1422,0,0,0,1422
04/11/2012,LAS,NV,AWP,WE,Towers with Radar,960,64,63,4,1091,0,340,15,1,356,960,404,78,5,1447,0,0,0,1447
04/12/2012,LAS,NV,AWP,WE,Towers with Radar,1061,93,97,1,1252,0,364,30,4,398,1061,457,127,5,1650,0,0,0,1650
04/13/2012,LAS,NV,AWP,WE,Towers with Radar,1056,101,105,4,1266,0,250,14,1,265,1056,351,119,5,1531,0,0,0,1531
04/14/2012,LAS,NV,AWP,WE,Towers with Radar,833,82,83,8,1006,0,201,22,0,223,833,283,105,8,1229,0,0,0,1229
04/15/2012,LAS,NV,AWP,WE,Towers with Radar,1011,104,113,8,1236,0,325,40,0,365,1011,429,153,8,1601,0,0,0,1601
04/16/2012,LAS,NV,AWP,WE,Towers with Radar,1034,99,84,2,1219,1,274,33,0,308,1035,373,117,2,1527,0,0,0,1527
04/17/2012,LAS,NV,AWP,WE,Towers with Radar,929,69,64,4,1066,0,286,30,1,317,929,355,94,5,1383,0,0,0,1383
04/18/2012,LAS,NV,AWP,WE,Towers with Radar,961,75,102,0,1138,0,290,28,1,319,961,365,130,1,1457,0,0,0,1457
04/19/2012,LAS,NV,AWP,WE,Towers with Radar,1064,99,95,2,1260,0,299,31,2,332,1064,398,126,4,1592,0,0,0,1592
04/20/2012,LAS,NV,AWP,WE,Towers with Radar,1042,98,139,3,1282,0,308,38,1,347,1042,406,177,4,1629,0,0,0,1629
04/21/2012,LAS,NV,AWP,WE,Towers with Radar,844,73,82,1,1000,0,311,23,0,334,844,384,105,1,1334,0,0,0,1334
04/22/2012,LAS,NV,AWP,WE,Towers with Radar,999,104,140,1,1244,0,305,35,4,344,999,409,175,5,1588,0,0,0,1588
04/23/2012,LAS,NV,AWP,WE,Towers with Radar,1028,70,61,1,1160,0,296,18,1,315,1028,366,79,2,1475,0,0,0,1475
04/24/2012,LAS,NV,AWP,WE,Towers with Radar,935,72,96,4,1107,0,327,16,2,345,935,399,112,6,1452,0,0,0,1452
04/25/2012,LAS,NV,AWP,WE,Towers with Radar,964,82,86,2,1134,0,277,15,2,294,964,359,101,4,1428,0,0,0,1428
04/26/2012,LAS,NV,AWP,WE,Towers with Radar,1068,120,125,4,1317,0,241,11,0,252,1068,361,136,4,1569,0,0,0,1569
04/27/2012,LAS,NV,AWP,WE,Towers with Radar,1043,125,105,3,1276,0,314,29,2,345,1043,439,134,5,1621,0,0,0,1621
04/28/2012,LAS,NV,AWP,WE,Towers with Radar,843,71,81,3,998,0,307,24,1,332,843,378,105,4,1330,0,0,0,1330
04/29/2012,LAS,NV,AWP,WE,Towers with Radar,999,110,133,2,1244,0,328,38,1,367,999,438,171,3,1611,0,0,0,1611
04/30/2012,LAS,NV,AWP,WE,Towers with Radar,1024,76,71,3,1174,0,264,24,2,290,1024,340,95,5,1464,0,0,0,1464
05/01/2012,LAS,NV,AWP,WE,Towers with Radar,940,84,95,1,1120,0,300,30,4,334,940,384,125,5,1454,0,0,0,1454
05/02/2012,LAS,NV,AWP,WE,Towers with Radar,954,85,123,0,1162,0,273,31,4,308,954,358,154,4,1470,0,0,0,1470
05/03/2012,LAS,NV,AWP,WE,Towers with Radar,1051,101,114,2,1268,0,309,33,6,348,1051,410,147,8,1616,0,0,0,1616
05/04/2012,LAS,NV,AWP,WE,Towers with Radar,1045,120,154,6,1325,0,348,45,3,396,1045,468,199,9,1721,0,0,0,1721
05/05/2012,LAS,NV,AWP,WE,Towers with Radar,838,78,84,3,1003,0,304,33,5,342,838,382,117,8,1345,0,0,0,1345
05/06/2012,LAS,NV,AWP,WE,Towers with Radar,999,128,188,3,1318,0,312,29,0,341,999,440,217,3,1659,0,0,0,1659
05/07/2012,LAS,NV,AWP,WE,Towers with Radar,1031,92,111,8,1242,0,288,41,3,332,1031,380,152,11,1574,0,0,0,1574
05/08/2012,LAS,NV,AWP,WE,Towers with Radar,949,75,93,2,1119,0,316,30,3,349,949,391,123,5,1468,0,0,0,1468
05/09/2012,LAS,NV,AWP,WE,Towers with Radar,996,91,99,2,1188,0,314,38,2,354,996,405,137,4,1542,0,0,0,1542
05/10/2012,LAS,NV,AWP,WE,Towers with Radar,1085,94,101,1,1281,0,271,40,2,313,1085,365,141,3,1594,0,0,0,1594
05/11/2012,LAS,NV,AWP,WE,Towers with Radar,1058,95,115,4,1272,0,271,46,1,318,1058,366,161,5,1590,0,0,0,1590
05/12/2012,LAS,NV,AWP,WE,Towers with Radar,832,71,53,12,968,0,315,17,7,339,832,386,70,19,1307,0,0,0,1307
05/13/2012,LAS,NV,AWP,WE,Towers with Radar,1007,92,106,6,1211,0,300,25,2,327,1007,392,131,8,1538,0,0,0,1538
05/14/2012,LAS,NV,AWP,WE,Towers with Radar,1034,83,82,7,1206,0,325,32,0,357,1034,408,114,7,1563,0,0,0,1563
05/15/2012,LAS,NV,AWP,WE,Towers with Radar,920,79,106,0,1105,1,343,23,0,367,921,422,129,0,1472,0,0,0,1472
05/16/2012,LAS,NV,AWP,WE,Towers with Radar,946,104,111,3,1164,0,336,31,0,367,946,440,142,3,1531,0,0,0,1531
05/17/2012,LAS,NV,AWP,WE,Towers with Radar,1065,108,113,0,1286,0,255,16,0,271,1065,363,129,0,1557,0,0,0,1557
05/18/2012,LAS,NV,AWP,WE,Towers with Radar,1062,103,123,8,1296,0,333,42,0,375,1062,436,165,8,1671,0,0,0,1671
05/19/2012,LAS,NV,AWP,WE,Towers with Radar,834,110,120,0,1064,0,320,34,0,354,834,430,154,0,1418,0,0,0,1418
05/20/2012,LAS,NV,AWP,WE,Towers with Radar,996,121,180,6,1303,0,361,42,2,405,996,482,222,8,1708,0,0,0,1708
05/21/2012,LAS,NV,AWP,WE,Towers with Radar,1019,96,103,0,1218,0,341,54,2,397,1019,437,157,2,1615,0,0,0,1615
05/22/2012,LAS,NV,AWP,WE,Towers with Radar,940,145,137,0,1222,0,343,34,0,377,940,488,171,0,1599,0,0,0,1599
05/23/2012,LAS,NV,AWP,WE,Towers with Radar,959,108,125,4,1196,0,352,30,2,384,959,460,155,6,1580,0,0,0,1580
05/24/2012,LAS,NV,AWP,WE,Towers with Radar,1064,87,74,2,1227,0,329,22,0,351,1064,416,96,2,1578,0,0,0,1578
05/25/2012,LAS,NV,AWP,WE,Towers with Radar,1024,101,138,3,1266,0,236,14,0,250,1024,337,152,3,1516,0,0,0,1516
05/26/2012,LAS,NV,AWP,WE,Towers with Radar,768,70,84,1,923,0,311,54,0,365,768,381,138,1,1288,0,0,0,1288
05/27/2012,LAS,NV,AWP,WE,Towers with Radar,876,63,88,1,1028,0,310,39,0,349,876,373,127,1,1377,0,0,0,1377
05/28/2012,LAS,NV,AWP,WE,Towers with Radar,941,103,124,2,1170,0,331,71,0,402,941,434,195,2,1572,0,0,0,1572
05/29/2012,LAS,NV,AWP,WE,Towers with Radar,936,67,73,0,1076,0,304,35,0,339,936,371,108,0,1415,0,0,0,1415
05/30/2012,LAS,NV,AWP,WE,Towers with Radar,948,79,67,1,1095,0,370,29,1,400,948,449,96,2,1495,0,0,0,1495
05/31/2012,LAS,NV,AWP,WE,Towers with Radar,1072,89,95,4,1260,0,317,37,3,357,1072,406,132,7,1617,0,0,0,1617
06/01/2012,LAS,NV,AWP,WE,Towers with Radar,1043,84,110,3,1240,0,278,32,0,310,1043,362,142,3,1550,0,0,0,1550
06/02/2012,LAS,NV,AWP,WE,Towers with Radar,834,59,65,5,963,0,297,36,0,333,834,356,101,5,1296,0,0,0,1296
06/03/2012,LAS,NV,AWP,WE,Towers with Radar,990,85,120,8,1203,0,262,31,0,293,990,347,151,8,1496,0,0,0,1496
06/04/2012,LAS,NV,AWP,WE,Towers with Radar,1030,70,73,2,1175,1,310,14,5,330,1031,380,87,7,1505,0,0,0,1505
06/05/2012,LAS,NV,AWP,WE,Towers with Radar,940,81,62,0,1083,0,351,13,0,364,940,432,75,0,1447,0,0,0,1447
06/06/2012,LAS,NV,AWP,WE,Towers with Radar,941,73,79,0,1093,0,350,47,0,397,941,423,126,0,1490,0,0,0,1490
06/07/2012,LAS,NV,AWP,WE,Towers with Radar,1061,92,81,0,1234,0,257,32,9,298,1061,349,113,9,1532,0,0,0,1532
06/08/2012,LAS,NV,AWP,WE,Towers with Radar,1054,89,127,4,1274,0,390,48,0,438,1054,479,175,4,1712,0,0,0,1712
06/09/2012,LAS,NV,AWP,WE,Towers with Radar,817,74,101,0,992,0,423,21,1,445,817,497,122,1,1437,0,0,0,1437
06/10/2012,LAS,NV,AWP,WE,Towers with Radar,973,119,124,1,1217,0,412,28,0,440,973,531,152,1,1657,0,0,0,1657
06/11/2012,LAS,NV,AWP,WE,Towers with Radar,1027,79,97,5,1208,0,405,32,2,439,1027,484,129,7,1647,0,0,0,1647
06/12/2012,LAS,NV,AWP,WE,Towers with Radar,949,68,90,0,1107,0,321,46,2,369,949,389,136,2,1476,0,0,0,1476
06/13/2012,LAS,NV,AWP,WE,Towers with Radar,948,85,68,0,1101,0,330,25,3,358,948,415,93,3,1459,0,0,0,1459
06/14/2012,LAS,NV,AWP,WE,Towers with Radar,1052,115,111,2,1280,0,327,34,0,361,1052,442,145,2,1641,0,0,0,1641
06/15/2012,LAS,NV,AWP,WE,Towers with Radar,1048,131,108,0,1287,1,309,24,4,338,1049,440,132,4,1625,0,0,0,1625
06/16/2012,LAS,NV,AWP,WE,Towers with Radar,832,97,70,0,999,0,285,20,0,305,832,382,90,0,1304,0,0,0,1304
06/17/2012,LAS,NV,AWP,WE,Towers with Radar,976,149,71,1,1197,0,307,15,2,324,976,456,86,3,1521,0,0,0,1521
06/18/2012,LAS,NV,AWP,WE,Towers with Radar,1019,98,74,1,1192,0,345,19,0,364,1019,443,93,1,1556,0,0,0,1556
06/19/2012,LAS,NV,AWP,WE,Towers with Radar,945,69,94,3,1111,0,334,16,1,351,945,403,110,4,1462,0,0,0,1462
06/20/2012,LAS,NV,AWP,WE,Towers with Radar,964,70,97,1,1132,0,333,15,3,351,964,403,112,4,1483,0,0,0,1483
06/21/2012,LAS,NV,AWP,WE,Towers with Radar,1070,84,130,2,1286,0,335,22,2,359,1070,419,152,4,1645,0,0,0,1645
06/22/2012,LAS,NV,AWP,WE,Towers with Radar,1014,88,99,2,1203,0,310,32,0,342,1014,398,131,2,1545,0,0,0,1545
06/23/2012,LAS,NV,AWP,WE,Towers with Radar,843,52,58,2,955,0,292,13,0,305,843,344,71,2,1260,0,0,0,1260
06/24/2012,LAS,NV,AWP,WE,Towers with Radar,981,65,96,0,1142,0,319,18,3,340,981,384,114,3,1482,0,0,0,1482
06/25/2012,LAS,NV,AWP,WE,Towers with Radar,1005,66,69,2,1142,0,369,15,1,385,1005,435,84,3,1527,0,0,0,1527
06/26/2012,LAS,NV,AWP,WE,Towers with Radar,935,64,68,5,1072,0,325,21,1,347,935,389,89,6,1419,0,0,0,1419
06/27/2012,LAS,NV,AWP,WE,Towers with Radar,962,80,67,2,1111,0,282,12,1,295,962,362,79,3,1406,0,0,0,1406
06/28/2012,LAS,NV,AWP,WE,Towers with Radar,1053,98,84,3,1238,0,340,17,4,361,1053,438,101,7,1599,0,0,0,1599
06/29/2012,LAS,NV,AWP,WE,Towers with Radar,1025,78,88,10,1201,0,311,23,6,340,1025,389,111,16,1541,0,0,0,1541
06/30/2012,LAS,NV,AWP,WE,Towers with Radar,839,74,63,3,979,0,243,22,0,265,839,317,85,3,1244,0,0,0,1244
07/01/2012,LAS,NV,AWP,WE,Towers with Radar,971,75,81,5,1132,0,266,25,0,291,971,341,106,5,1423,0,0,0,1423
07/02/2012,LAS,NV,AWP,WE,Towers with Radar,1024,53,80,7,1164,0,345,26,1,372,1024,398,106,8,1536,0,0,0,1536
07/03/2012,LAS,NV,AWP,WE,Towers with Radar,924,69,61,2,1056,0,344,23,2,369,924,413,84,4,1425,0,0,0,1425
07/04/2012,LAS,NV,AWP,WE,Towers with Radar,836,57,47,2,942,0,263,27,0,290,836,320,74,2,1232,0,0,0,1232
07/05/2012,LAS,NV,AWP,WE,Towers with Radar,1017,72,95,2,1186,0,346,26,0,372,1017,418,121,2,1558,0,0,0,1558
07/06/2012,LAS,NV,AWP,WE,Towers with Radar,1014,98,74,1,1187,0,358,29,0,387,1014,456,103,1,1574,0,0,0,1574
07/07/2012,LAS,NV,AWP,WE,Towers with Radar,830,84,75,3,992,0,290,12,2,304,830,374,87,5,1296,0,0,0,1296
07/08/2012,LAS,NV,AWP,WE,Towers with Radar,986,105,96,2,1189,0,328,13,0,341,986,433,109,2,1530,0,0,0,1530
07/09/2012,LAS,NV,AWP,WE,Towers with Radar,1024,90,77,0,1191,0,340,17,0,357,1024,430,94,0,1548,0,0,0,1548
07/10/2012,LAS,NV,AWP,WE,Towers with Radar,944,74,88,0,1106,0,329,16,10,355,944,403,104,10,1461,0,0,0,1461
07/11/2012,LAS,NV,AWP,WE,Towers with Radar,967,83,95,2,1147,0,320,12,0,332,967,403,107,2,1479,0,0,0,1479
07/12/2012,LAS,NV,AWP,WE,Towers with Radar,1054,95,103,3,1255,0,278,24,0,302,1054,373,127,3,1557,0,0,0,1557
07/13/2012,LAS,NV,AWP,WE,Towers with Radar,1038,100,110,0,1248,0,217,13,0,230,1038,317,123,0,1478,0,0,0,1478
07/14/2012,LAS,NV,AWP,WE,Towers with Radar,835,70,70,2,977,0,317,12,1,330,835,387,82,3,1307,0,0,0,1307
07/15/2012,LAS,NV,AWP,WE,Towers with Radar,986,96,103,1,1186,0,343,12,0,355,986,439,115,1,1541,0,0,0,1541
07/16/2012,LAS,NV,AWP,WE,Towers with Radar,1024,68,88,3,1183,0,358,21,1,380,1024,426,109,4,1563,0,0,0,1563
07/17/2012,LAS,NV,AWP,WE,Towers with Radar,952,76,78,1,1107,0,335,19,0,354,952,411,97,1,1461,0,0,0,1461
07/18/2012,LAS,NV,AWP,WE,Towers with Radar,949,89,60,2,1100,0,363,16,0,379,949,452,76,2,1479,0,0,0,1479
07/19/2012,LAS,NV,AWP,WE,Towers with Radar,1057,96,92,2,1247,0,355,18,2,375,1057,451,110,4,1622,0,0,0,1622
07/20/2012,LAS,NV,AWP,WE,Towers with Radar,1035,94,82,6,1217,0,332,30,12,374,1035,426,112,18,1591,0,0,0,1591
07/21/2012,LAS,NV,AWP,WE,Towers with Radar,860,78,50,0,988,0,299,16,0,315,860,377,66,0,1303,0,0,0,1303
07/22/2012,LAS,NV,AWP,WE,Towers with Radar,987,87,83,1,1158,0,344,18,1,363,987,431,101,2,1521,0,0,0,1521
07/23/2012,LAS,NV,AWP,WE,Towers with Radar,1018,72,81,2,1173,1,343,18,0,362,1019,415,99,2,1535,0,0,0,1535
07/24/2012,LAS,NV,AWP,WE,Towers with Radar,949,76,80,0,1105,0,310,23,0,333,949,386,103,0,1438,0,0,0,1438
07/25/2012,LAS,NV,AWP,WE,Towers with Radar,957,82,82,2,1123,0,362,21,1,384,957,444,103,3,1507,0,0,0,1507
07/26/2012,LAS,NV,AWP,WE,Towers with Radar,1035,91,85,2,1213,0,319,35,0,354,1035,410,120,2,1567,0,0,0,1567
07/27/2012,LAS,NV,AWP,WE,Towers with Radar,1041,81,93,3,1218,0,327,26,1,354,1041,408,119,4,1572,0,0,0,1572
07/28/2012,LAS,NV,AWP,WE,Towers with Radar,836,62,52,6,956,0,298,17,0,315,836,360,69,6,1271,0,0,0,1271
07/29/2012,LAS,NV,AWP,WE,Towers with Radar,995,88,98,6,1187,0,330,15,0,345,995,418,113,6,1532,0,0,0,1532
07/30/2012,LAS,NV,AWP,WE,Towers with Radar,1010,70,67,3,1150,0,274,9,0,283,1010,344,76,3,1433,0,0,0,1433
07/31/2012,LAS,NV,AWP,WE,Towers with Radar,943,74,71,1,1089,0,320,17,0,337,943,394,88,1,1426,0,0,0,1426
08/01/2012,LAS,NV,AWP,WE,Towers with Radar,963,74,74,1,1112,0,350,14,2,366,963,424,88,3,1478,0,0,0,1478
08/02/2012,LAS,NV,AWP,WE,Towers with Radar,1056,82,77,0,1215,0,356,14,2,372,1056,438,91,2,1587,0,0,0,1587
08/03/2012,LAS,NV,AWP,WE,Towers with Radar,1043,75,88,1,1207,0,310,15,6,331,1043,385,103,7,1538,0,0,0,1538
08/04/2012,LAS,NV,AWP,WE,Towers with Radar,838,65,63,1,967,0,333,18,8,359,838,398,81,9,1326,0,0,0,1326
08/05/2012,LAS,NV,AWP,WE,Towers with Radar,989,65,78,2,1134,0,337,14,0,351,989,402,92,2,1485,0,0,0,1485
08/06/2012,LAS,NV,AWP,WE,Towers with Radar,1021,71,67,4,1163,0,351,22,0,373,1021,422,89,4,1536,0,0,0,1536
08/07/2012,LAS,NV,AWP,WE,Towers with Radar,944,62,72,1,1079,0,353,26,1,380,944,415,98,2,1459,0,0,0,1459
08/08/2012,LAS,NV,AWP,WE,Towers with Radar,954,94,83,0,1131,0,377,14,0,391,954,471,97,0,1522,0,0,0,1522
08/09/2012,LAS,NV,AWP,WE,Towers with Radar,1054,84,81,0,1219,0,306,16,0,322,1054,390,97,0,1541,0,0,0,1541
08/10/2012,LAS,NV,AWP,WE,Towers with Radar,1033,79,89,4,1205,0,345,20,8,373,1033,424,109,12,1578,0,0,0,1578
08/11/2012,LAS,NV,AWP,WE,Towers with Radar,840,51,72,9,972,0,252,17,7,276,840,303,89,16,1248,0,0,0,1248
08/12/2012,LAS,NV,AWP,WE,Towers with Radar,958,81,114,6,1159,0,365,14,0,379,958,446,128,6,1538,0,0,0,1538
08/13/2012,LAS,NV,AWP,WE,Towers with Radar,992,68,90,2,1152,0,374,23,0,397,992,442,113,2,1549,0,0,0,1549
08/14/2012,LAS,NV,AWP,WE,Towers with Radar,917,77,49,3,1046,0,362,14,0,376,917,439,63,3,1422,0,0,0,1422
08/15/2012,LAS,NV,AWP,WE,Towers with Radar,935,72,108,1,1116,0,389,13,0,402,935,461,121,1,1518,0,0,0,1518
08/16/2012,LAS,NV,AWP,WE,Towers with Radar,1014,99,99,3,1215,0,365,12,0,377,1014,464,111,3,1592,0,0,0,1592
08/17/2012,LAS,NV,AWP,WE,Towers with Radar,1051,81,91,4,1227,0,347,21,12,380,1051,428,112,16,1607,0,0,0,1607
08/18/2012,LAS,NV,AWP,WE,Towers with Radar,773,69,59,2,903,0,337,12,0,349,773,406,71,2,1252,0,0,0,1252
08/19/2012,LAS,NV,AWP,WE,Towers with Radar,987,80,105,4,1176,0,311,19,2,332,987,391,124,6,1508,0,0,0,1508
08/20/2012,LAS,NV,AWP,WE,Towers with Radar,995,82,80,0,1157,0,345,22,1,368,995,427,102,1,1525,0,0,0,1525
08/21/2012,LAS,NV,AWP,WE,Towers with Radar,954,71,78,4,1107,0,246,15,2,263,954,317,93,6,1370,0,0,0,1370
08/22/2012,LAS,NV,AWP,WE,Towers with Radar,913,77,79,1,1070,0,67,10,0,77,913,144,89,1,1147,0,0,0,1147
08/23/2012,LAS,NV,AWP,WE,Towers with Radar,1036,72,112,0,1220,0,389,25,2,416,1036,461,137,2,1636,0,0,0,1636
08/24/2012,LAS,NV,AWP,WE,Towers with Radar,1028,84,102,4,1218,1,393,31,3,428,1029,477,133,7,1646,0,0,0,1646
08/25/2012,LAS,NV,AWP,WE,Towers with Radar,782,67,57,6,912,0,351,30,1,382,782,418,87,7,1294,0,0,0,1294
08/26/2012,LAS,NV,AWP,WE,Towers with Radar,963,75,100,7,1145,0,327,25,1,353,963,402,125,8,1498,0,0,0,1498
08/27/2012,LAS,NV,AWP,WE,Towers with Radar,981,67,64,1,1113,0,316,23,0,339,981,383,87,1,1452,0,0,0,1452
08/28/2012,LAS,NV,AWP,WE,Towers with Radar,913,80,62,2,1057,0,325,36,2,363,913,405,98,4,1420,0,0,0,1420
08/29/2012,LAS,NV,AWP,WE,Towers with Radar,913,89,69,0,1071,0,279,32,2,313,913,368,101,2,1384,0,0,0,1384
08/30/2012,LAS,NV,AWP,WE,Towers with Radar,1017,75,75,2,1169,0,289,24,1,314,1017,364,99,3,1483,0,0,0,1483
08/31/2012,LAS,NV,AWP,WE,Towers with Radar,988,103,103,1,1195,0,304,19,0,323,988,407,122,1,1518,0,0,0,1518
09/01/2012,LAS,NV,AWP,WE,Towers with Radar,745,72,86,0,903,0,265,16,0,281,745,337,102,0,1184,0,0,0,1184
09/02/2012,LAS,NV,AWP,WE,Towers with Radar,826,61,62,0,949,0,309,38,0,347,826,370,100,0,1296,0,0,0,1296
09/03/2012,LAS,NV,AWP,WE,Towers with Radar,895,78,91,0,1064,0,311,23,0,334,895,389,114,0,1398,0,0,0,1398
09/04/2012,LAS,NV,AWP,WE,Towers with Radar,906,74,60,1,1041,0,330,22,0,352,906,404,82,1,1393,0,0,0,1393
09/05/2012,LAS,NV,AWP,WE,Towers with Radar,938,67,64,0,1069,0,324,28,2,354,938,391,92,2,1423,0,0,0,1423
09/06/2012,LAS,NV,AWP,WE,Towers with Radar,1032,65,64,0,1161,0,338,21,0,359,1032,403,85,0,1520,0,0,0,1520
09/07/2012,LAS,NV,AWP,WE,Towers with Radar,1040,85,75,1,1201,0,330,38,2,370,1040,415,113,3,1571,0,0,0,1571
09/08/2012,LAS,NV,AWP,WE,Towers with Radar,789,78,59,1,927,0,336,11,0,347,789,414,70,1,1274,0,0,0,1274
09/09/2012,LAS,NV,AWP,WE,Towers with Radar,989,83,121,6,1199,0,325,17,0,342,989,408,138,6,1541,0,0,0,1541
09/10/2012,LAS,NV,AWP,WE,Towers with Radar,995,107,123,1,1226,1,344,15,0,360,996,451,138,1,1586,0,0,0,1586
09/11/2012,LAS,NV,AWP,WE,Towers with Radar,884,105,158,0,1147,0,269,17,1,287,884,374,175,1,1434,0,0,0,1434
09/12/2012,LAS,NV,AWP,WE,Towers with Radar,949,119,119,2,1189,1,219,19,7,246,950,338,138,9,1435,0,0,0,1435
09/13/2012,LAS,NV,AWP,WE,Towers with Radar,1067,105,132,2,1306,0,426,24,4,454,1067,531,156,6,1760,0,0,0,1760
09/14/2012,LAS,NV,AWP,WE,Towers with Radar,1056,110,125,3,1294,0,386,24,2,412,1056,496,149,5,1706,0,0,0,1706
09/15/2012,LAS,NV,AWP,WE,Towers with Radar,788,56,72,2,918,0,347,26,1,374,788,403,98,3,1292,0,0,0,1292
09/16/2012,LAS,NV,AWP,WE,Towers with Radar,1015,93,100,0,1208,0,327,10,1,338,1015,420,110,1,1546,0,0,0,1546
09/17/2012,LAS,NV,AWP,WE,Towers with Radar,1014,80,81,0,1175,0,396,27,3,426,1014,476,108,3,1601,0,0,0,1601
09/18/2012,LAS,NV,AWP,WE,Towers with Radar,907,89,76,0,1072,0,406,25,0,431,907,495,101,0,1503,0,0,0,1503
09/19/2012,LAS,NV,AWP,WE,Towers with Radar,935,79,109,3,1126,1,398,30,1,430,936,477,139,4,1556,0,0,0,1556
09/20/2012,LAS,NV,AWP,WE,Towers with Radar,1044,93,141,4,1282,0,366,33,0,399,1044,459,174,4,1681,0,0,0,1681
09/21/2012,LAS,NV,AWP,WE,Towers with Radar,1050,106,197,0,1353,0,353,43,2,398,1050,459,240,2,1751,0,0,0,1751
09/22/2012,LAS,NV,AWP,WE,Towers with Radar,774,77,133,1,985,0,352,37,0,389,774,429,170,1,1374,0,0,0,1374
09/23/2012,LAS,NV,AWP,WE,Towers with Radar,990,128,232,0,1350,0,351,25,0,376,990,479,257,0,1726,0,0,0,1726
09/24/2012,LAS,NV,AWP,WE,Towers with Radar,998,81,93,1,1173,0,379,24,0,403,998,460,117,1,1576,0,0,0,1576
09/25/2012,LAS,NV,AWP,WE,Towers with Radar,921,91,108,0,1120,0,408,28,3,439,921,499,136,3,1559,0,0,0,1559
09/26/2012,LAS,NV,AWP,WE,Towers with Radar,925,96,151,3,1175,0,382,21,0,403,925,478,172,3,1578,0,0,0,1578
09/27/2012,LAS,NV,AWP,WE,Towers with Radar,1034,84,124,2,1244,1,387,32,1,421,1035,471,156,3,1665,0,0,0,1665
09/28/2012,LAS,NV,AWP,WE,Towers with Radar,1035,88,108,0,1231,1,379,34,1,415,1036,467,142,1,1646,0,0,0,1646
09/29/2012,LAS,NV,AWP,WE,Towers with Radar,789,67,88,0,944,0,370,39,0,409,789,437,127,0,1353,0,0,0,1353
09/30/2012,LAS,NV,AWP,WE,Towers with Radar,979,92,133,2,1206,0,158,10,8,176,979,250,143,10,1382,0,0,0,1382
10/01/2012,LAS,NV,AWP,WE,Towers with Radar,1012,75,83,2,1172,0,53,3,0,56,1012,128,86,2,1228,0,0,0,1228
10/02/2012,LAS,NV,AWP,WE,Towers with Radar,918,85,90,0,1093,0,57,3,0,60,918,142,93,0,1153,0,0,0,1153
10/03/2012,LAS,NV,AWP,WE,Towers with Radar,925,103,101,0,1129,0,183,35,4,222,925,286,136,4,1351,0,0,0,1351
10/04/2012,LAS,NV,AWP,WE,Towers with Radar,1049,84,103,0,1236,0,412,26,0,438,1049,496,129,0,1674,0,0,0,1674
10/05/2012,LAS,NV,AWP,WE,Towers with Radar,1032,90,109,2,1233,0,351,28,0,379,1032,441,137,2,1612,0,0,0,1612
10/06/2012,LAS,NV,AWP,WE,Towers with Radar,812,48,66,0,926,0,362,21,1,384,812,410,87,1,1310,0,0,0,1310
10/07/2012,LAS,NV,AWP,WE,Towers with Radar,987,115,148,3,1253,0,329,15,1,345,987,444,163,4,1598,0,0,0,1598
10/08/2012,LAS,NV,AWP,WE,Towers with Radar,957,84,107,1,1149,0,357,42,0,399,957,441,149,1,1548,0,0,0,1548
10/09/2012,LAS,NV,AWP,WE,Towers with Radar,939,80,118,1,1138,0,347,19,2,368,939,427,137,3,1506,0,0,0,1506
10/10/2012,LAS,NV,AWP,WE,Towers with Radar,926,94,119,1,1140,0,374,16,1,391,926,468,135,2,1531,0,0,0,1531
10/11/2012,LAS,NV,AWP,WE,Towers with Radar,999,72,107,1,1179,0,162,7,0,169,999,234,114,1,1348,0,0,0,1348
10/12/2012,LAS,NV,AWP,WE,Towers with Radar,1087,96,120,4,1307,1,360,24,0,385,1088,456,144,4,1692,0,0,0,1692
10/13/2012,LAS,NV,AWP,WE,Towers with Radar,822,58,77,2,959,0,346,20,0,366,822,404,97,2,1325,0,0,0,1325
10/14/2012,LAS,NV,AWP,WE,Towers with Radar,1006,100,127,3,1236,0,341,31,1,373,1006,441,158,4,1609,0,0,0,1609
10/15/2012,LAS,NV,AWP,WE,Towers with Radar,1013,82,104,4,1203,0,313,24,0,337,1013,395,128,4,1540,0,0,0,1540
10/16/2012,LAS,NV,AWP,WE,Towers with Radar,920,81,101,5,1107,0,361,13,0,374,920,442,114,5,1481,0,0,0,1481
10/17/2012,LAS,NV,AWP,WE,Towers with Radar,933,79,99,1,1112,0,353,25,4,382,933,432,124,5,1494,0,0,0,1494
10/18/2012,LAS,NV,AWP,WE,Towers with Radar,1058,80,105,0,1243,0,317,19,9,345,1058,397,124,9,1588,0,0,0,1588
10/19/2012,LAS,NV,AWP,WE,Towers with Radar,1042,91,103,0,1236,0,312,33,1,346,1042,403,136,1,1582,0,0,0,1582
10/20/2012,LAS,NV,AWP,WE,Towers with Radar,823,66,98,5,992,0,329,28,0,357,823,395,126,5,1349,0,0,0,1349
10/21/2012,LAS,NV,AWP,WE,Towers with Radar,985,99,116,2,1202,0,305,21,3,329,985,404,137,5,1531,0,0,0,1531
10/22/2012,LAS,NV,AWP,WE,Towers with Radar,1011,75,83,2,1171,0,331,21,0,352,1011,406,104,2,1523,0,0,0,1523
10/23/2012,LAS,NV,AWP,WE,Towers with Radar,919,76,89,1,1085,0,326,11,0,337,919,402,100,1,1422,0,0,0,1422
10/24/2012,LAS,NV,AWP,WE,Towers with Radar,931,82,108,2,1123,1,298,16,13,328,932,380,124,15,1451,0,0,0,1451
10/25/2012,LAS,NV,AWP,WE,Towers with Radar,1039,87,111,3,1240,0,340,31,0,371,1039,427,142,3,1611,0,0,0,1611
10/26/2012,LAS,NV,AWP,WE,Towers with Radar,1052,88,120,4,1264,0,340,27,0,367,1052,428,147,4,1631,0,0,0,1631
10/27/2012,LAS,NV,AWP,WE,Towers with Radar,817,65,107,4,993,1,330,30,1,362,818,395,137,5,1355,0,0,0,1355
10/28/2012,LAS,NV,AWP,WE,Towers with Radar,956,122,175,1,1254,0,310,19,0,329,956,432,194,1,1583,0,0,0,1583
10/29/2012,LAS,NV,AWP,WE,Towers with Radar,945,84,91,0,1120,0,379,30,0,409,945,463,121,0,1529,0,0,0,1529
10/30/2012,LAS,NV,AWP,WE,Towers with Radar,856,78,121,0,1055,0,347,47,1,395,856,425,168,1,1450,0,0,0,1450
10/31/2012,LAS,NV,AWP,WE,Towers with Radar,835,82,91,2,1010,0,305,40,1,346,835,387,131,3,1356,0,0,0,1356
11/01/2012,LAS,NV,AWP,WE,Towers with Radar,1042,96,114,1,1253,0,209,30,7,246,1042,305,144,8,1499,0,0,0,1499
11/02/2012,LAS,NV,AWP,WE,Towers with Radar,1026,100,118,5,1249,0,369,53,0,422,1026,469,171,5,1671,0,0,0,1671
11/03/2012,LAS,NV,AWP,WE,Towers with Radar,804,71,107,3,985,0,350,24,0,374,804,421,131,3,1359,0,0,0,1359
11/04/2012,LAS,NV,AWP,WE,Towers with Radar,954,108,110,3,1175,0,311,27,2,340,954,419,137,5,1515,0,0,0,1515
11/05/2012,LAS,NV,AWP,WE,Towers with Radar,965,90,69,3,1127,0,281,36,2,319,965,371,105,5,1446,0,0,0,1446
11/06/2012,LAS,NV,AWP,WE,Towers with Radar,819,66,87,2,974,0,283,18,1,302,819,349,105,3,1276,0,0,0,1276
11/07/2012,LAS,NV,AWP,WE,Towers with Radar,879,90,88,0,1057,0,274,23,6,303,879,364,111,6,1360,0,0,0,1360
11/08/2012,LAS,NV,AWP,WE,Towers with Radar,998,102,115,0,1215,0,273,23,2,298,998,375,138,2,1513,0,0,0,1513
11/09/2012,LAS,NV,AWP,WE,Towers with Radar,972,89,132,2,1195,1,263,14,1,279,973,352,146,3,1474,0,0,0,1474
11/10/2012,LAS,NV,AWP,WE,Towers with Radar,800,57,85,1,943,0,284,31,4,319,800,341,116,5,1262,0,0,0,1262
11/11/2012,LAS,NV,AWP,WE,Towers with Radar,935,95,117,5,1152,0,342,24,1,367,935,437,141,6,1519,0,0,0,1519
11/12/2012,LAS,NV,AWP,WE,Towers with Radar,937,69,109,4,1119,0,274,40,2,316,937,343,149,6,1435,0,0,0,1435
11/13/2012,LAS,NV,AWP,WE,Towers with Radar,890,72,104,3,1069,0,240,38,5,283,890,312,142,8,1352,0,0,0,1352
11/14/2012,LAS,NV,AWP,WE,Towers with Radar,907,85,98,2,1092,0,268,34,6,308,907,353,132,8,1400,0,0,0,1400
11/15/2012,LAS,NV,AWP,WE,Towers with Radar,1006,93,146,0,1245,0,262,27,1,290,1006,355,173,1,1535,0,0,0,1535
11/16/2012,LAS,NV,AWP,WE,Towers with Radar,986,120,177,7,1290,1,309,24,2,336,987,429,201,9,1626,0,0,0,1626
11/17/2012,LAS,NV,AWP,WE,Towers with Radar,797,103,110,1,1011,0,262,28,4,294,797,365,138,5,1305,0,0,0,1305
11/18/2012,LAS,NV,AWP,WE,Towers with Radar,916,129,193,6,1244,0,273,12,2,287,916,402,205,8,1531,0,0,0,1531
11/19/2012,LAS,NV,AWP,WE,Towers with Radar,936,76,55,2,1069,0,259,48,0,307,936,335,103,2,1376,0,0,0,1376
11/20/2012,LAS,NV,AWP,WE,Towers with Radar,949,68,59,1,1077,0,273,38,3,314,949,341,97,4,1391,0,0,0,1391
11/21/2012,LAS,NV,AWP,WE,Towers with Radar,976,66,75,2,1119,1,280,28,0,309,977,346,103,2,1428,0,0,0,1428
11/22/2012,LAS,NV,AWP,WE,Towers with Radar,648,41,37,0,726,0,186,16,0,202,648,227,53,0,928,0,0,0,928
11/23/2012,LAS,NV,AWP,WE,Towers with Radar,735,62,56,0,853,0,270,15,0,285,735,332,71,0,1138,0,0,0,1138
11/24/2012,LAS,NV,AWP,WE,Towers with Radar,828,77,62,0,967,0,276,35,0,311,828,353,97,0,1278,0,0,0,1278
11/25/2012,LAS,NV,AWP,WE,Towers with Radar,970,91,134,1,1196,0,233,14,1,248,970,324,148,2,1444,0,0,0,1444
11/26/2012,LAS,NV,AWP,WE,Towers with Radar,940,61,51,2,1054,1,215,27,0,243,941,276,78,2,1297,0,0,0,1297
11/27/2012,LAS,NV,AWP,WE,Towers with Radar,848,61,75,1,985,0,195,16,4,215,848,256,91,5,1200,0,0,0,1200
11/28/2012,LAS,NV,AWP,WE,Towers with Radar,862,67,61,0,990,0,213,20,1,234,862,280,81,1,1224,0,0,0,1224
11/29/2012,LAS,NV,AWP,WE,Towers with Radar,968,82,99,2,1151,0,221,15,0,236,968,303,114,2,1387,0,0,0,1387
11/30/2012,LAS,NV,AWP,WE,Towers with Radar,954,106,84,3,1147,0,221,14,0,235,954,327,98,3,1382,0,0,0,1382
12/01/2012,LAS,NV,AWP,WE,Towers with Radar,766,69,86,0,921,0,223,20,3,246,766,292,106,3,1167,0,0,0,1167
12/02/2012,LAS,NV,AWP,WE,Towers with Radar,911,110,78,3,1102,0,89,10,1,100,911,199,88,4,1202,0,0,0,1202
12/03/2012,LAS,NV,AWP,WE,Towers with Radar,930,82,97,1,1110,0,198,24,0,222,930,280,121,1,1332,0,0,0,1332
12/04/2012,LAS,NV,AWP,WE,Towers with Radar,845,79,66,4,994,0,181,12,0,193,845,260,78,4,1187,0,0,0,1187
12/05/2012,LAS,NV,AWP,WE,Towers with Radar,861,84,84,5,1034,0,185,13,1,199,861,269,97,6,1233,0,0,0,1233
12/06/2012,LAS,NV,AWP,WE,Towers with Radar,978,80,133,6,1197,0,189,18,0,207,978,269,151,6,1404,0,0,0,1404
12/07/2012,LAS,NV,AWP,WE,Towers with Radar,958,117,166,10,1251,0,228,26,1,255,958,345,192,11,1506,0,0,0,1506
12/08/2012,LAS,NV,AWP,WE,Towers with Radar,747,80,104,6,937,0,221,21,0,242,747,301,125,6,1179,0,0,0,1179
12/09/2012,LAS,NV,AWP,WE,Towers with Radar,920,121,162,13,1216,1,178,21,0,200,921,299,183,13,1416,0,0,0,1416
12/10/2012,LAS,NV,AWP,WE,Towers with Radar,938,101,122,10,1171,0,156,13,0,169,938,257,135,10,1340,0,0,0,1340
12/11/2012,LAS,NV,AWP,WE,Towers with Radar,849,85,100,3,1037,0,184,24,1,209,849,269,124,4,1246,0,0,0,1246
12/12/2012,LAS,NV,AWP,WE,Towers with Radar,858,96,113,5,1072,1,226,24,0,251,859,322,137,5,1323,0,0,0,1323
12/13/2012,LAS,NV,AWP,WE,Towers with Radar,963,73,119,2,1157,0,136,7,1,144,963,209,126,3,1301,0,0,0,1301
12/14/2012,LAS,NV,AWP,WE,Towers with Radar,975,90,122,7,1194,1,104,18,1,124,976,194,140,8,1318,0,0,0,1318
12/15/2012,LAS,NV,AWP,WE,Towers with Radar,760,52,78,6,896,0,158,14,0,172,760,210,92,6,1068,0,0,0,1068
12/16/2012,LAS,NV,AWP,WE,Towers with Radar,914,70,146,5,1135,0,204,9,1,214,914,274,155,6,1349,0,0,0,1349
12/17/2012,LAS,NV,AWP,WE,Towers with Radar,933,70,79,0,1082,0,176,17,0,193,933,246,96,0,1275,0,0,0,1275
12/18/2012,LAS,NV,AWP,WE,Towers with Radar,854,56,52,0,962,0,134,8,0,142,854,190,60,0,1104,0,0,0,1104
12/19/2012,LAS,NV,AWP,WE,Towers with Radar,885,56,88,0,1029,1,187,19,4,211,886,243,107,4,1240,0,0,0,1240
12/20/2012,LAS,NV,AWP,WE,Towers with Radar,980,69,66,0,1115,0,185,20,1,206,980,254,86,1,1321,0,0,0,1321
12/21/2012,LAS,NV,AWP,WE,Towers with Radar,915,65,87,0,1067,0,192,17,1,210,915,257,104,1,1277,0,0,0,1277
12/22/2012,LAS,NV,AWP,WE,Towers with Radar,844,67,65,0,976,0,180,23,0,203,844,247,88,0,1179,0,0,0,1179
12/23/2012,LAS,NV,AWP,WE,Towers with Radar,892,55,71,0,1018,1,234,8,0,243,893,289,79,0,1261,0,0,0,1261
12/24/2012,LAS,NV,AWP,WE,Towers with Radar,781,42,33,0,856,0,184,4,0,188,781,226,37,0,1044,0,0,0,1044
12/25/2012,LAS,NV,AWP,WE,Towers with Radar,677,38,47,0,762,0,121,22,0,143,677,159,69,0,905,0,0,0,905
12/26/2012,LAS,NV,AWP,WE,Towers with Radar,912,46,98,3,1059,0,295,38,0,333,912,341,136,3,1392,0,0,0,1392
12/27/2012,LAS,NV,AWP,WE,Towers with Radar,957,76,85,1,1119,0,312,35,5,352,957,388,120,6,1471,0,0,0,1471
12/28/2012,LAS,NV,AWP,WE,Towers with Radar,948,75,115,4,1142,0,316,40,2,358,948,391,155,6,1500,0,0,0,1500
12/29/2012,LAS,NV,AWP,WE,Towers with Radar,787,61,137,0,985,0,330,38,0,368,787,391,175,0,1353,0,0,0,1353
12/30/2012,LAS,NV,AWP,WE,Towers with Radar,897,76,147,1,1121,0,311,17,0,328,897,387,164,1,1449,0,0,0,1449
12/31/2012,LAS,NV,AWP,WE,Towers with Radar,776,65,61,5,907,0,286,35,32,353,776,351,96,37,1260,0,0,0,1260
01/01/2013,LAS,NV,AWP,WE,Towers with Radar,805,76,165,0,1046,0,367,42,2,411,805,443,207,2,1457,0,0,0,1457
01/02/2013,LAS,NV,AWP,WE,Towers with Radar,932,79,146,4,1161,1,358,37,0,396,933,437,183,4,1557,0,0,0,1557
01/03/2013,LAS,NV,AWP,WE,Towers with Radar,997,75,133,2,1207,0,326,28,0,354,997,401,161,2,1561,0,0,0,1561
01/04/2013,LAS,NV,AWP,WE,Towers with Radar,964,78,106,3,1151,0,337,31,0,368,964,415,137,3,1519,0,0,0,1519
01/05/2013,LAS,NV,AWP,WE,Towers with Radar,788,66,78,1,933,0,310,24,0,334,788,376,102,1,1267,0,0,0,1267
01/06/2013,LAS,NV,AWP,WE,Towers with Radar,887,61,155,2,1105,0,260,10,0,270,887,321,165,2,1375,0,0,0,1375
01/07/2013,LAS,NV,AWP,WE,Towers with Radar,917,111,155,1,1184,0,228,13,3,244,917,339,168,4,1428,0,0,0,1428
01/08/2013,LAS,NV,AWP,WE,Towers with Radar,823,115,156,0,1094,0,181,29,1,211,823,296,185,1,1305,0,0,0,1305
01/09/2013,LAS,NV,AWP,WE,Towers with Radar,830,108,191,1,1130,0,214,19,0,233,830,322,210,1,1363,0,0,0,1363
01/10/2013,LAS,NV,AWP,WE,Towers with Radar,938,131,181,0,1250,0,206,14,0,220,938,337,195,0,1470,0,0,0,1470
01/11/2013,LAS,NV,AWP,WE,Towers with Radar,924,113,139,1,1177,0,232,24,0,256,924,345,163,1,1433,0,0,0,1433
01/12/2013,LAS,NV,AWP,WE,Towers with Radar,721,81,72,2,876,0,248,32,0,280,721,329,104,2,1156,0,0,0,1156
01/13/2013,LAS,NV,AWP,WE,Towers with Radar,867,83,111,1,1062,0,187,16,0,203,867,270,127,1,1265,0,0,0,1265
01/14/2013,LAS,NV,AWP,WE,Towers with Radar,894,85,77,4,1060,0,178,15,0,193,894,263,92,4,1253,0,0,0,1253
01/15/2013,LAS,NV,AWP,WE,Towers with Radar,815,66,82,6,969,0,181,22,23,226,815,247,104,29,1195,0,0,0,1195
01/16/2013,LAS,NV,AWP,WE,Towers with Radar,824,85,119,3,1031,0,212,23,2,237,824,297,142,5,1268,0,0,0,1268
01/17/2013,LAS,NV,AWP,WE,Towers with Radar,929,85,120,4,1138,0,183,20,1,204,929,268,140,5,1342,0,0,0,1342
01/18/2013,LAS,NV,AWP,WE,Towers with Radar,924,93,134,3,1154,0,211,44,2,257,924,304,178,5,1411,0,0,0,1411
01/19/2013,LAS,NV,AWP,WE,Towers with Radar,688,56,80,5,829,0,230,20,1,251,688,286,100,6,1080,0,0,0,1080
01/20/2013,LAS,NV,AWP,WE,Towers with Radar,862,66,95,0,1023,0,212,8,1,221,862,278,103,1,1244,0,0,0,1244
01/21/2013,LAS,NV,AWP,WE,Towers with Radar,851,73,125,4,1053,0,177,16,1,194,851,250,141,5,1247,0,0,0,1247
01/22/2013,LAS,NV,AWP,WE,Towers with Radar,816,63,92,2,973,0,179,18,0,197,816,242,110,2,1170,0,0,0,1170
01/23/2013,LAS,NV,AWP,WE,Towers with Radar,822,69,91,1,983,0,159,19,0,178,822,228,110,1,1161,0,0,0,1161
01/24/2013,LAS,NV,AWP,WE,Towers with Radar,933,68,122,2,1125,0,183,11,0,194,933,251,133,2,1319,0,0,0,1319
01/25/2013,LAS,NV,AWP,WE,Towers with Radar,922,80,122,10,1134,0,213,15,0,228,922,293,137,10,1362,0,0,0,1362
01/26/2013,LAS,NV,AWP,WE,Towers with Radar,699,49,71,4,823,0,92,22,1,115,699,141,93,5,938,0,0,0,938
01/27/2013,LAS,NV,AWP,WE,Towers with Radar,869,80,136,3,1088,0,215,10,0,225,869,295,146,3,1313,0,0,0,1313
01/28/2013,LAS,NV,AWP,WE,Towers with Radar,900,61,101,0,1062,0,178,12,2,192,900,239,113,2,1254,0,0,0,1254
01/29/2013,LAS,NV,AWP,WE,Towers with Radar,825,91,87,0,1003,0,88,27,7,122,825,179,114,7,1125,0,0,0,1125
01/30/2013,LAS,NV,AWP,WE,Towers with Radar,821,70,91,3,985,0,176,16,0,192,821,246,107,3,1177,0,0,0,1177
01/31/2013,LAS,NV,AWP,WE,Towers with Radar,940,72,95,0,1107,0,181,23,3,207,940,253,118,3,1314,0,0,0,1314
02/01/2013,LAS,NV,AWP,WE,Towers with Radar,928,122,149,5,1204,0,189,23,1,213,928,311,172,6,1417,0,0,0,1417
02/02/2013,LAS,NV,AWP,WE,Towers with Radar,708,73,94,7,882,0,206,32,2,240,708,279,126,9,1122,0,0,0,1122
02/03/2013,LAS,NV,AWP,WE,Towers with Radar,855,83,111,1,1050,0,144,15,1,160,855,227,126,2,1210,0,0,0,1210
02/04/2013,LAS,NV,AWP,WE,Towers with Radar,923,119,164,2,1208,0,169,27,6,202,923,288,191,8,1410,0,0,0,1410
02/05/2013,LAS,NV,AWP,WE,Towers with Radar,817,73,83,0,973,0,185,19,2,206,817,258,102,2,1179,0,0,0,1179
02/06/2013,LAS,NV,AWP,WE,Towers with Radar,833,70,103,1,1007,0,220,22,0,242,833,290,125,1,1249,0,0,0,1249
02/07/2013,LAS,NV,AWP,WE,Towers with Radar,942,71,105,2,1120,0,253,13,0,266,942,324,118,2,1386,0,0,0,1386
02/08/2013,LAS,NV,AWP,WE,Towers with Radar,881,78,118,7,1084,0,252,12,4,268,881,330,130,11,1352,0,0,0,1352
02/09/2013,LAS,NV,AWP,WE,Towers with Radar,693,60,75,2,830,0,233,11,0,244,693,293,86,2,1074,0,0,0,1074
02/10/2013,LAS,NV,AWP,WE,Towers with Radar,870,75,115,5,1065,0,264,16,0,280,870,339,131,5,1345,0,0,0,1345
02/11/2013,LAS,NV,AWP,WE,Towers with Radar,907,56,92,2,1057,0,244,29,0,273,907,300,121,2,1330,0,0,0,1330
02/12/2013,LAS,NV,AWP,WE,Towers with Radar,820,57,84,1,962,0,288,29,0,317,820,345,113,1,1279,0,0,0,1279
02/13/2013,LAS,NV,AWP,WE,Towers with Radar,846,70,113,0,1029,0,290,17,0,307,846,360,130,0,1336,0,0,0,1336
02/14/2013,LAS,NV,AWP,WE,Towers with Radar,972,82,103,0,1157,0,318,40,2,360,972,400,143,2,1517,0,0,0,1517
02/15/2013,LAS,NV,AWP,WE,Towers with Radar,975,88,131,1,1195,0,246,42,0,288,975,334,173,1,1483,0,0,0,1483
02/16/2013,LAS,NV,AWP,WE,Towers with Radar,742,49,71,3,865,0,277,25,1,303,742,326,96,4,1168,0,0,0,1168
02/17/2013,LAS,NV,AWP,WE,Towers with Radar,898,86,93,1,1078,0,251,19,0,270,898,337,112,1,1348,0,0,0,1348
02/18/2013,LAS,NV,AWP,WE,Towers with Radar,903,102,137,0,1142,0,256,22,0,278,903,358,159,0,1420,0,0,0,1420
02/19/2013,LAS,NV,AWP,WE,Towers with Radar,872,72,95,2,1041,0,222,10,1,233,872,294,105,3,1274,0,0,0,1274
02/20/2013,LAS,NV,AWP,WE,Towers with Radar,858,97,122,0,1077,0,57,17,3,77,858,154,139,3,1154,0,0,0,1154
02/21/2013,LAS,NV,AWP,WE,Towers with Radar,966,86,103,2,1157,0,303,25,0,328,966,389,128,2,1485,0,0,0,1485
02/22/2013,LAS,NV,AWP,WE,Towers with Radar,972,68,113,3,1156,0,261,26,1,288,972,329,139,4,1444,0,0,0,1444
02/23/2013,LAS,NV,AWP,WE,Towers with Radar,759,67,99,6,931,0,286,15,1,302,759,353,114,7,1233,0,0,0,1233
02/24/2013,LAS,NV,AWP,WE,Towers with Radar,906,85,111,2,1104,0,231,20,3,254,906,316,131,5,1358,0,0,0,1358
02/25/2013,LAS,NV,AWP,WE,Towers with Radar,939,74,63,1,1077,0,199,23,1,223,939,273,86,2,1300,0,0,0,1300
02/26/2013,LAS,NV,AWP,WE,Towers with Radar,830,88,74,2,994,0,194,23,0,217,830,282,97,2,1211,0,0,0,1211
02/27/2013,LAS,NV,AWP,WE,Towers with Radar,875,81,98,1,1055,0,200,21,0,221,875,281,119,1,1276,0,0,0,1276
02/28/2013,LAS,NV,AWP,WE,Towers with Radar,983,87,112,2,1184,0,211,24,0,235,983,298,136,2,1419,0,0,0,1419
03/01/2013,LAS,NV,AWP,WE,Towers with Radar,977,87,115,0,1179,0,239,30,0,269,977,326,145,0,1448,0,0,0,1448
03/02/2013,LAS,NV,AWP,WE,Towers with Radar,757,42,85,4,888,0,267,34,2,303,757,309,119,6,1191,0,0,0,1191
03/03/2013,LAS,NV,AWP,WE,Towers with Radar,909,84,125,4,1122,0,231,15,1,247,909,315,140,5,1369,0,0,0,1369
03/04/2013,LAS,NV,AWP,WE,Towers with Radar,944,81,100,3,1128,0,217,52,0,269,944,298,152,3,1397,0,0,0,1397
03/05/2013,LAS,NV,AWP,WE,Towers with Radar,860,68,120,1,1049,0,218,33,0,251,860,286,153,1,1300,0,0,0,1300
03/06/2013,LAS,NV,AWP,WE,Towers with Radar,886,85,125,1,1097,0,250,30,0,280,886,335,155,1,1377,0,0,0,1377
03/07/2013,LAS,NV,AWP,WE,Towers with Radar,993,73,121,1,1188,0,271,37,0,308,993,344,158,1,1496,0,0,0,1496
03/08/2013,LAS,NV,AWP,WE,Towers with Radar,955,86,135,5,1181,0,94,10,0,104,955,180,145,5,1285,0,0,0,1285
03/09/2013,LAS,NV,AWP,WE,Towers with Radar,777,54,82,3,916,0,274,12,0,286,777,328,94,3,1202,0,0,0,1202
03/10/2013,LAS,NV,AWP,WE,Towers with Radar,961,64,158,5,1188,0,630,27,0,657,961,694,185,5,1845,0,0,0,1845
03/11/2013,LAS,NV,AWP,WE,Towers with Radar,987,74,83,0,1144,0,299,41,0,340,987,373,124,0,1484,0,0,0,1484
03/12/2013,LAS,NV,AWP,WE,Towers with Radar,915,72,92,0,1079,0,328,32,0,360,915,400,124,0,1439,0,0,0,1439
03/13/2013,LAS,NV,AWP,WE,Towers with Radar,940,80,120,1,1141,0,285,28,0,313,940,365,148,1,1454,0,0,0,1454
03/14/2013,LAS,NV,AWP,WE,Towers with Radar,1047,88,128,0,1263,0,263,40,0,303,1047,351,168,0,1566,0,0,0,1566
03/15/2013,LAS,NV,AWP,WE,Towers with Radar,1012,84,142,7,1245,0,288,48,0,336,1012,372,190,7,1581,0,0,0,1581
03/16/2013,LAS,NV,AWP,WE,Towers with Radar,808,65,101,2,976,0,258,44,0,302,808,323,145,2,1278,0,0,0,1278
03/17/2013,LAS,NV,AWP,WE,Towers with Radar,971,91,150,2,1214,0,260,38,1,299,971,351,188,3,1513,0,0,0,1513
03/18/2013,LAS,NV,AWP,WE,Towers with Radar,987,63,77,0,1127,0,262,49,0,311,987,325,126,0,1438,0,0,0,1438
03/19/2013,LAS,NV,AWP,WE,Towers with Radar,924,76,87,1,1088,0,280,23,0,303,924,356,110,1,1391,0,0,0,1391
03/20/2013,LAS,NV,AWP,WE,Towers with Radar,936,78,104,0,1118,0,213,36,0,249,936,291,140,0,1367,0,0,0,1367
03/21/2013,LAS,NV,AWP,WE,Towers with Radar,1037,94,134,0,1265,0,261,34,2,297,1037,355,168,2,1562,0,0,0,1562
03/22/2013,LAS,NV,AWP,WE,Towers with Radar,1021,108,123,3,1255,0,278,19,0,297,1021,386,142,3,1552,0,0,0,1552
03/23/2013,LAS,NV,AWP,WE,Towers with Radar,804,83,83,3,973,0,240,49,0,289,804,323,132,3,1262,0,0,0,1262
03/24/2013,LAS,NV,AWP,WE,Towers with Radar,975,97,146,1,1219,0,299,33,1,333,975,396,179,2,1552,0,0,0,1552
03/25/2013,LAS,NV,AWP,WE,Towers with Radar,998,69,82,2,1151,0,321,36,0,357,998,390,118,2,1508,0,0,0,1508
03/26/2013,LAS,NV,AWP,WE,Towers with Radar,920,56,39,1,1016,0,334,40,0,374,920,390,79,1,1390,0,0,0,1390
03/27/2013,LAS,NV,AWP,WE,Towers with Radar,942,77,69,4,1092,0,363,42,0,405,942,440,111,4,1497,0,0,0,1497
03/28/2013,LAS,NV,AWP,WE,Towers with Radar,1031,92,72,3,1198,0,350,38,0,388,1031,442,110,3,1586,0,0,0,1586
03/29/2013,LAS,NV,AWP,WE,Towers with Radar,1016,68,59,6,1149,0,372,27,2,401,1016,440,86,8,1550,0,0,0,1550
03/30/2013,LAS,NV,AWP,WE,Towers with Radar,790,41,57,3,891,0,379,48,0,427,790,420,105,3,1318,0,0,0,1318
03/31/2013,LAS,NV,AWP,WE,Towers with Radar,952,72,76,1,1101,0,369,20,2,391,952,441,96,3,1492,0,0,0,1492
04/01/2013,LAS,NV,AWP,WE,Towers with Radar,1009,65,66,2,1142,0,375,33,0,408,1009,440,99,2,1550,0,0,0,1550
04/02/2013,LAS,NV,AWP,WE,Towers with Radar,924,61,76,0,1061,0,347,29,2,378,924,408,105,2,1439,0,0,0,1439
04/03/2013,LAS,NV,AWP,WE,Towers with Radar,941,67,90,0,1098,0,335,34,0,369,941,402,124,0,1467,0,0,0,1467
04/04/2013,LAS,NV,AWP,WE,Towers with Radar,1041,89,109,3,1242,0,332,22,0,354,1041,421,131,3,1596,0,0,0,1596
04/05/2013,LAS,NV,AWP,WE,Towers with Radar,1029,89,121,5,1244,0,377,33,0,410,1029,466,154,5,1654,0,0,0,1654
04/06/2013,LAS,NV,AWP,WE,Towers with Radar,790,57,89,0,936,0,371,47,0,418,790,428,136,0,1354,0,0,0,1354
04/07/2013,LAS,NV,AWP,WE,Towers with Radar,971,111,141,4,1227,0,300,18,0,318,971,411,159,4,1545,0,0,0,1545
04/08/2013,LAS,NV,AWP,WE,Towers with Radar,981,66,110,0,1157,0,160,13,0,173,981,226,123,0,1330,0,0,0,1330
04/09/2013,LAS,NV,AWP,WE,Towers with Radar,905,81,81,0,1067,0,275,50,0,325,905,356,131,0,1392,0,0,0,1392
04/10/2013,LAS,NV,AWP,WE,Towers with Radar,932,86,104,0,1122,0,307,37,1,345,932,393,141,1,1467,0,0,0,1467
04/11/2013,LAS,NV,AWP,WE,Towers with Radar,1019,76,115,0,1210,0,304,42,0,346,1019,380,157,0,1556,0,0,0,1556
04/12/2013,LAS,NV,AWP,WE,Towers with Radar,1016,117,147,3,1283,0,308,49,0,357,1016,425,196,3,1640,0,0,0,1640
04/13/2013,LAS,NV,AWP,WE,Towers with Radar,797,78,87,0,962,0,288,23,0,311,797,366,110,0,1273,0,0,0,1273
04/14/2013,LAS,NV,AWP,WE,Towers with Radar,971,116,159,3,1249,0,258,55,2,315,971,374,214,5,1564,0,0,0,1564
04/15/2013,LAS,NV,AWP,WE,Towers with Radar,1001,93,80,2,1176,0,250,9,1,260,1001,343,89,3,1436,0,0,0,1436
04/16/2013,LAS,NV,AWP,WE,Towers with Radar,908,80,120,4,1112,0,278,11,4,293,908,358,131,8,1405,0,0,0,1405
04/17/2013,LAS,NV,AWP,WE,Towers with Radar,920,70,88,1,1079,0,315,35,0,350,920,385,123,1,1429,0,0,0,1429
04/18/2013,LAS,NV,AWP,WE,Towers with Radar,1025,83,95,2,1205,0,305,31,0,336,1025,388,126,2,1541,0,0,0,1541
04/19/2013,LAS,NV,AWP,WE,Towers with Radar,1013,98,118,3,1232,0,306,35,0,341,1013,404,153,3,1573,0,0,0,1573
04/20/2013,LAS,NV,AWP,WE,Towers with Radar,804,72,74,1,951,0,272,29,0,301,804,344,103,1,1252,0,0,0,1252
04/21/2013,LAS,NV,AWP,WE,Towers with Radar,959,95,117,4,1175,0,270,28,0,298,959,365,145,4,1473,0,0,0,1473
04/22/2013,LAS,NV,AWP,WE,Towers with Radar,972,69,83,1,1125,0,300,35,2,337,972,369,118,3,1462,0,0,0,1462
04/23/2013,LAS,NV,AWP,WE,Towers with Radar,922,75,80,1,1078,0,339,16,3,358,922,414,96,4,1436,0,0,0,1436
04/24/2013,LAS,NV,AWP,WE,Towers with Radar,940,59,79,5,1083,0,343,38,2,383,940,402,117,7,1466,0,0,0,1466
04/25/2013,LAS,NV,AWP,WE,Towers with Radar,1046,97,117,1,1261,0,325,24,5,354,1046,422,141,6,1615,0,0,0,1615
04/26/2013,LAS,NV,AWP,WE,Towers with Radar,1013,114,139,7,1273,0,309,32,1,342,1013,423,171,8,1615,0,0,0,1615
04/27/2013,LAS,NV,AWP,WE,Towers with Radar,805,61,89,4,959,0,337,36,0,373,805,398,125,4,1332,0,0,0,1332
04/28/2013,LAS,NV,AWP,WE,Towers with Radar,976,113,182,1,1272,0,297,15,0,312,976,410,197,1,1584,0,0,0,1584
04/29/2013,LAS,NV,AWP,WE,Towers with Radar,1005,60,75,4,1144,0,313,40,0,353,1005,373,115,4,1497,0,0,0,1497
04/30/2013,LAS,NV,AWP,WE,Towers with Radar,907,71,86,1,1065,0,309,36,0,345,907,380,122,1,1410,0,0,0,1410
05/01/2013,LAS,NV,AWP,WE,Towers with Radar,977,68,89,3,1137,0,339,26,0,365,977,407,115,3,1502,0,0,0,1502
05/02/2013,LAS,NV,AWP,WE,Towers with Radar,1039,63,80,1,1183,0,356,24,4,384,1039,419,104,5,1567,0,0,0,1567
05/03/2013,LAS,NV,AWP,WE,Towers with Radar,1036,89,151,0,1276,0,381,46,3,430,1036,470,197,3,1706,0,0,0,1706
05/04/2013,LAS,NV,AWP,WE,Towers with Radar,821,81,79,1,982,0,337,29,2,368,821,418,108,3,1350,0,0,0,1350
05/05/2013,LAS,NV,AWP,WE,Towers with Radar,986,109,154,2,1251,0,343,12,0,355,986,452,166,2,1606,0,0,0,1606
05/06/2013,LAS,NV,AWP,WE,Towers with Radar,1027,69,81,0,1177,0,368,35,0,403,1027,437,116,0,1580,0,0,0,1580
05/07/2013,LAS,NV,AWP,WE,Towers with Radar,927,84,108,0,1119,0,341,25,0,366,927,425,133,0,1485,0,0,0,1485
05/08/2013,LAS,NV,AWP,WE,Towers with Radar,943,86,94,1,1124,0,361,15,0,376,943,447,109,1,1500,0,0,0,1500
05/09/2013,LAS,NV,AWP,WE,Towers with Radar,1046,87,115,1,1249,0,361,34,2,397,1046,448,149,3,1646,0,0,0,1646
05/10/2013,LAS,NV,AWP,WE,Towers with Radar,1024,84,98,3,1209,0,383,37,0,420,1024,467,135,3,1629,0,0,0,1629
05/11/2013,LAS,NV,AWP,WE,Towers with Radar,802,62,65,4,933,0,372,23,0,395,802,434,88,4,1328,0,0,0,1328
05/12/2013,LAS,NV,AWP,WE,Towers with Radar,979,81,93,2,1155,0,324,13,0,337,979,405,106,2,1492,0,0,0,1492
05/13/2013,LAS,NV,AWP,WE,Towers with Radar,1015,64,78,0,1157,0,347,29,0,376,1015,411,107,0,1533,0,0,0,1533
05/14/2013,LAS,NV,AWP,WE,Towers with Radar,927,75,76,1,1079,0,365,21,1,387,927,440,97,2,1466,0,0,0,1466
05/15/2013,LAS,NV,AWP,WE,Towers with Radar,957,73,109,1,1140,0,365,29,3,397,957,438,138,4,1537,0,0,0,1537
05/16/2013,LAS,NV,AWP,WE,Towers with Radar,1046,97,132,0,1275,0,376,34,0,410,1046,473,166,0,1685,0,0,0,1685
05/17/2013,LAS,NV,AWP,WE,Towers with Radar,1045,115,132,5,1297,0,373,43,0,416,1045,488,175,5,1713,0,0,0,1713
05/18/2013,LAS,NV,AWP,WE,Towers with Radar,799,76,107,3,985,0,326,50,0,376,799,402,157,3,1361,0,0,0,1361
05/19/2013,LAS,NV,AWP,WE,Towers with Radar,983,153,207,4,1347,0,302,16,0,318,983,455,223,4,1665,0,0,0,1665
05/20/2013,LAS,NV,AWP,WE,Towers with Radar,1014,112,147,1,1274,0,342,46,0,388,1014,454,193,1,1662,0,0,0,1662
05/21/2013,LAS,NV,AWP,WE,Towers with Radar,945,135,159,0,1239,0,360,20,2,382,945,495,179,2,1621,0,0,0,1621
05/22/2013,LAS,NV,AWP,WE,Towers with Radar,962,89,147,0,1198,0,372,18,0,390,962,461,165,0,1588,0,0,0,1588
05/23/2013,LAS,NV,AWP,WE,Towers with Radar,1025,92,112,1,1230,0,372,36,1,409,1025,464,148,2,1639,0,0,0,1639
05/24/2013,LAS,NV,AWP,WE,Towers with Radar,1011,99,109,1,1220,0,350,33,0,383,1011,449,142,1,1603,0,0,0,1603
05/25/2013,LAS,NV,AWP,WE,Towers with Radar,741,61,90,1,893,0,339,58,0,397,741,400,148,1,1290,0,0,0,1290
05/26/2013,LAS,NV,AWP,WE,Towers with Radar,840,63,80,0,983,0,312,29,0,341,840,375,109,0,1324,0,0,0,1324
05/27/2013,LAS,NV,AWP,WE,Towers with Radar,937,91,117,1,1146,0,329,35,0,364,937,420,152,1,1510,0,0,0,1510
05/28/2013,LAS,NV,AWP,WE,Towers with Radar,928,66,71,0,1065,0,369,44,0,413,928,435,115,0,1478,0,0,0,1478
05/29/2013,LAS,NV,AWP,WE,Towers with Radar,947,59,62,1,1069,0,368,37,0,405,947,427,99,1,1474,0,0,0,1474
05/30/2013,LAS,NV,AWP,WE,Towers with Radar,1044,82,105,1,1232,0,386,38,3,427,1044,468,143,4,1659,0,0,0,1659
05/31/2013,LAS,NV,AWP,WE,Towers with Radar,1033,76,106,4,1219,0,352,51,1,404,1033,428,157,5,1623,0,0,0,1623
06/01/2013,LAS,NV,AWP,WE,Towers with Radar,808,52,50,1,911,0,252,22,2,276,808,304,72,3,1187,0,0,0,1187
06/02/2013,LAS,NV,AWP,WE,Towers with Radar,992,66,102,0,1160,0,258,12,0,270,992,324,114,0,1430,0,0,0,1430
06/03/2013,LAS,NV,AWP,WE,Towers with Radar,1046,69,71,3,1189,5,349,34,0,388,1051,418,105,3,1577,0,0,0,1577
06/04/2013,LAS,NV,AWP,WE,Towers with Radar,943,61,60,4,1068,0,359,40,1,400,943,420,100,5,1468,0,0,0,1468
06/05/2013,LAS,NV,AWP,WE,Towers with Radar,953,78,61,2,1094,0,378,26,0,404,953,456,87,2,1498,0,0,0,1498
06/06/2013,LAS,NV,AWP,WE,Towers with Radar,1041,91,76,2,1210,0,373,33,0,406,1041,464,109,2,1616,0,0,0,1616
06/07/2013,LAS,NV,AWP,WE,Towers with Radar,1029,56,78,2,1165,0,353,36,0,389,1029,409,114,2,1554,0,0,0,1554
06/08/2013,LAS,NV,AWP,WE,Towers with Radar,809,52,57,1,919,0,297,29,3,329,809,349,86,4,1248,0,0,0,1248
06/09/2013,LAS,NV,AWP,WE,Towers with Radar,969,62,82,2,1115,0,293,9,0,302,969,355,91,2,1417,0,0,0,1417
06/10/2013,LAS,NV,AWP,WE,Towers with Radar,995,64,53,5,1117,0,333,24,0,357,995,397,77,5,1474,0,0,0,1474
06/11/2013,LAS,NV,AWP,WE,Towers with Radar,953,68,71,3,1095,0,372,30,1,403,953,440,101,4,1498,0,0,0,1498
06/12/2013,LAS,NV,AWP,WE,Towers with Radar,934,65,68,7,1074,0,361,25,5,391,934,426,93,12,1465,0,0,0,1465
06/13/2013,LAS,NV,AWP,WE,Towers with Radar,1002,74,84,2,1162,0,347,35,0,382,1002,421,119,2,1544,0,0,0,1544
06/14/2013,LAS,NV,AWP,WE,Towers with Radar,1064,82,95,1,1242,0,379,36,1,416,1064,461,131,2,1658,0,0,0,1658
06/15/2013,LAS,NV,AWP,WE,Towers with Radar,824,52,62,1,939,0,257,48,0,305,824,309,110,1,1244,0,0,0,1244
06/16/2013,LAS,NV,AWP,WE,Towers with Radar,978,84,80,3,1145,0,279,20,0,299,978,363,100,3,1444,0,0,0,1444
06/17/2013,LAS,NV,AWP,WE,Towers with Radar,999,52,71,6,1128,0,339,33,0,372,999,391,104,6,1500,0,0,0,1500
06/18/2013,LAS,NV,AWP,WE,Towers with Radar,934,65,39,0,1038,0,346,12,0,358,934,411,51,0,1396,0,0,0,1396
06/19/2013,LAS,NV,AWP,WE,Towers with Radar,968,81,47,0,1096,0,367,36,0,403,968,448,83,0,1499,0,0,0,1499
06/20/2013,LAS,NV,AWP,WE,Towers with Radar,1032,63,90,1,1186,0,328,37,0,365,1032,391,127,1,1551,0,0,0,1551
06/21/2013,LAS,NV,AWP,WE,Towers with Radar,990,72,104,2,1168,0,339,37,2,378,990,411,141,4,1546,0,0,0,1546
06/22/2013,LAS,NV,AWP,WE,Towers with Radar,846,61,48,1,956,0,430,34,0,464,846,491,82,1,1420,0,0,0,1420
06/23/2013,LAS,NV,AWP,WE,Towers with Radar,960,76,86,3,1125,0,483,47,0,530,960,559,133,3,1655,0,0,0,1655
06/24/2013,LAS,NV,AWP,WE,Towers with Radar,1002,73,86,0,1161,0,475,34,0,509,1002,548,120,0,1670,0,0,0,1670
06/25/2013,LAS,NV,AWP,WE,Towers with Radar,947,76,75,3,1101,0,355,42,0,397,947,431,117,3,1498,0,0,0,1498
06/26/2013,LAS,NV,AWP,WE,Towers with Radar,928,80,79,2,1089,0,367,49,3,419,928,447,128,5,1508,0,0,0,1508
06/27/2013,LAS,NV,AWP,WE,Towers with Radar,1047,76,104,3,1230,0,367,31,0,398,1047,443,135,3,1628,0,0,0,1628
06/28/2013,LAS,NV,AWP,WE,Towers with Radar,1001,90,124,0,1215,0,347,28,1,376,1001,437,152,1,1591,0,0,0,1591
06/29/2013,LAS,NV,AWP,WE,Towers with Radar,835,70,85,0,990,0,264,42,2,308,835,334,127,2,1298,0,0,0,1298
06/30/2013,LAS,NV,AWP,WE,Towers with Radar,963,103,126,0,1192,0,264,25,1,290,963,367,151,1,1482,0,0,0,1482
07/01/2013,LAS,NV,AWP,WE,Towers with Radar,993,63,63,0,1119,0,308,38,0,346,993,371,101,0,1465,0,0,0,1465
07/02/2013,LAS,NV,AWP,WE,Towers with Radar,938,59,50,2,1049,0,311,51,3,365,938,370,101,5,1414,0,0,0,1414
07/03/2013,LAS,NV,AWP,WE,Towers with Radar,948,66,82,0,1096,0,382,46,0,428,948,448,128,0,1524,0,0,0,1524
07/04/2013,LAS,NV,AWP,WE,Towers with Radar,804,52,51,0,907,0,290,24,0,314,804,342,75,0,1221,0,0,0,1221
07/05/2013,LAS,NV,AWP,WE,Towers with Radar,855,58,94,1,1008,0,371,46,0,417,855,429,140,1,1425,0,0,0,1425
07/06/2013,LAS,NV,AWP,WE,Towers with Radar,819,52,74,0,945,0,324,46,0,370,819,376,120,0,1315,0,0,0,1315
07/07/2013,LAS,NV,AWP,WE,Towers with Radar,986,73,108,0,1167,0,347,28,0,375,986,420,136,0,1542,0,0,0,1542
07/08/2013,LAS,NV,AWP,WE,Towers with Radar,1007,55,78,3,1143,0,353,38,0,391,1007,408,116,3,1534,0,0,0,1534
07/09/2013,LAS,NV,AWP,WE,Towers with Radar,933,59,60,1,1053,0,339,47,1,387,933,398,107,2,1440,0,0,0,1440
07/10/2013,LAS,NV,AWP,WE,Towers with Radar,937,68,77,2,1084,0,341,48,0,389,937,409,125,2,1473,0,0,0,1473
07/11/2013,LAS,NV,AWP,WE,Towers with Radar,1055,77,95,0,1227,0,276,16,0,292,1055,353,111,0,1519,0,0,0,1519
07/12/2013,LAS,NV,AWP,WE,Towers with Radar,1033,82,92,3,1210,0,323,33,2,358,1033,405,125,5,1568,0,0,0,1568
07/13/2013,LAS,NV,AWP,WE,Towers with Radar,813,46,77,4,940,0,282,38,8,328,813,328,115,12,1268,0,0,0,1268
07/14/2013,LAS,NV,AWP,WE,Towers with Radar,984,72,98,4,1158,0,283,19,0,302,984,355,117,4,1460,0,0,0,1460
07/15/2013,LAS,NV,AWP,WE,Towers with Radar,1002,55,65,3,1125,0,321,34,1,356,1002,376,99,4,1481,0,0,0,1481
07/16/2013,LAS,NV,AWP,WE,Towers with Radar,935,68,58,1,1062,0,314,37,0,351,935,382,95,1,1413,0,0,0,1413
07/17/2013,LAS,NV,AWP,WE,Towers with Radar,958,74,78,0,1110,0,364,30,2,396,958,438,108,2,1506,0,0,0,1506
07/18/2013,LAS,NV,AWP,WE,Towers with Radar,1039,71,85,1,1196,0,362,37,1,400,1039,433,122,2,1596,0,0,0,1596
07/19/2013,LAS,NV,AWP,WE,Towers with Radar,1004,70,95,1,1170,0,283,24,3,310,1004,353,119,4,1480,0,0,0,1480
07/20/2013,LAS,NV,AWP,WE,Towers with Radar,834,63,63,0,960,0,284,19,2,305,834,347,82,2,1265,0,0,0,1265
07/21/2013,LAS,NV,AWP,WE,Towers with Radar,998,83,104,1,1186,0,279,18,0,297,998,362,122,1,1483,0,0,0,1483
07/22/2013,LAS,NV,AWP,WE,Towers with Radar,1015,61,57,2,1135,0,268,51,4,323,1015,329,108,6,1458,0,0,0,1458
07/23/2013,LAS,NV,AWP,WE,Towers with Radar,937,73,54,0,1064,0,347,22,2,371,937,420,76,2,1435,0,0,0,1435
07/24/2013,LAS,NV,AWP,WE,Towers with Radar,954,73,78,0,1105,0,384,30,1,415,954,457,108,1,1520,0,0,0,1520
07/25/2013,LAS,NV,AWP,WE,Towers with Radar,1051,92,108,4,1255,0,421,29,3,453,1051,513,137,7,1708,0,0,0,1708
07/26/2013,LAS,NV,AWP,WE,Towers with Radar,1020,69,93,5,1187,3,371,29,1,404,1023,440,122,6,1591,0,0,0,1591
07/27/2013,LAS,NV,AWP,WE,Towers with Radar,843,54,75,5,977,0,341,34,2,377,843,395,109,7,1354,0,0,0,1354
07/28/2013,LAS,NV,AWP,WE,Towers with Radar,955,81,110,1,1147,0,267,10,0,277,955,348,120,1,1424,0,0,0,1424
07/29/2013,LAS,NV,AWP,WE,Towers with Radar,1021,73,78,4,1176,0,386,54,2,442,1021,459,132,6,1618,0,0,0,1618
07/30/2013,LAS,NV,AWP,WE,Towers with Radar,949,53,83,1,1086,0,368,43,0,411,949,421,126,1,1497,0,0,0,1497
07/31/2013,LAS,NV,AWP,WE,Towers with Radar,951,62,93,1,1107,0,347,48,2,397,951,409,141,3,1504,0,0,0,1504
08/01/2013,LAS,NV,AWP,WE,Towers with Radar,1036,84,81,0,1201,0,369,42,3,414,1036,453,123,3,1615,0,0,0,1615
08/02/2013,LAS,NV,AWP,WE,Towers with Radar,1029,74,95,4,1202,0,354,36,0,390,1029,428,131,4,1592,0,0,0,1592
08/03/2013,LAS,NV,AWP,WE,Towers with Radar,810,48,63,1,922,0,310,24,0,334,810,358,87,1,1256,0,0,0,1256
08/04/2013,LAS,NV,AWP,WE,Towers with Radar,978,74,121,8,1181,0,351,28,0,379,978,425,149,8,1560,0,0,0,1560
08/05/2013,LAS,NV,AWP,WE,Towers with Radar,1021,66,74,0,1161,0,351,24,4,379,1021,417,98,4,1540,0,0,0,1540
08/06/2013,LAS,NV,AWP,WE,Towers with Radar,948,57,71,2,1078,0,354,23,4,381,948,411,94,6,1459,0,0,0,1459
08/07/2013,LAS,NV,AWP,WE,Towers with Radar,957,49,92,0,1098,0,354,37,0,391,957,403,129,0,1489,0,0,0,1489
08/08/2013,LAS,NV,AWP,WE,Towers with Radar,1030,94,113,0,1237,0,380,45,6,431,1030,474,158,6,1668,0,0,0,1668
08/09/2013,LAS,NV,AWP,WE,Towers with Radar,1036,113,95,2,1246,0,361,32,4,397,1036,474,127,6,1643,0,0,0,1643
08/10/2013,LAS,NV,AWP,WE,Towers with Radar,834,93,78,3,1008,0,363,40,2,405,834,456,118,5,1413,0,0,0,1413
08/11/2013,LAS,NV,AWP,WE,Towers with Radar,968,134,102,0,1204,0,352,20,0,372,968,486,122,0,1576,0,0,0,1576
08/12/2013,LAS,NV,AWP,WE,Towers with Radar,994,91,97,0,1182,0,349,51,3,403,994,440,148,3,1585,0,0,0,1585
08/13/2013,LAS,NV,AWP,WE,Towers with Radar,922,52,104,0,1078,0,363,49,0,412,922,415,153,0,1490,0,0,0,1490
08/14/2013,LAS,NV,AWP,WE,Towers with Radar,927,60,95,2,1084,0,373,28,0,401,927,433,123,2,1485,0,0,0,1485
08/15/2013,LAS,NV,AWP,WE,Towers with Radar,1043,80,95,0,1218,0,349,30,0,379,1043,429,125,0,1597,0,0,0,1597
08/16/2013,LAS,NV,AWP,WE,Towers with Radar,993,76,96,3,1168,0,360,37,1,398,993,436,133,4,1566,0,0,0,1566
08/17/2013,LAS,NV,AWP,WE,Towers with Radar,792,41,63,1,897,0,341,37,0,378,792,382,100,1,1275,0,0,0,1275
08/18/2013,LAS,NV,AWP,WE,Towers with Radar,957,61,139,6,1163,0,226,9,0,235,957,287,148,6,1398,0,0,0,1398
08/19/2013,LAS,NV,AWP,WE,Towers with Radar,992,53,93,2,1140,0,337,24,0,361,992,390,117,2,1501,0,0,0,1501
08/20/2013,LAS,NV,AWP,WE,Towers with Radar,906,60,96,3,1065,0,338,26,0,364,906,398,122,3,1429,0,0,0,1429
08/21/2013,LAS,NV,AWP,WE,Towers with Radar,935,63,90,0,1088,0,385,19,0,404,935,448,109,0,1492,0,0,0,1492
08/22/2013,LAS,NV,AWP,WE,Towers with Radar,1025,67,92,3,1187,0,348,24,3,375,1025,415,116,6,1562,0,0,0,1562
08/23/2013,LAS,NV,AWP,WE,Towers with Radar,1000,77,91,1,1169,0,357,31,11,399,1000,434,122,12,1568,0,0,0,1568
08/24/2013,LAS,NV,AWP,WE,Towers with Radar,768,39,65,2,874,0,382,32,0,414,768,421,97,2,1288,0,0,0,1288
08/25/2013,LAS,NV,AWP,WE,Towers with Radar,965,61,89,1,1116,0,186,14,7,207,965,247,103,8,1323,0,0,0,1323
08/26/2013,LAS,NV,AWP,WE,Towers with Radar,984,49,64,5,1102,0,263,27,0,290,984,312,91,5,1392,0,0,0,1392
08/27/2013,LAS,NV,AWP,WE,Towers with Radar,895,44,50,3,992,0,331,29,0,360,895,375,79,3,1352,0,0,0,1352
08/28/2013,LAS,NV,AWP,WE,Towers with Radar,915,50,57,0,1022,0,364,19,2,385,915,414,76,2,1407,0,0,0,1407
08/29/2013,LAS,NV,AWP,WE,Towers with Radar,1026,57,94,2,1179,0,355,25,1,381,1026,412,119,3,1560,0,0,0,1560
08/30/2013,LAS,NV,AWP,WE,Towers with Radar,939,64,90,6,1099,0,328,21,0,349,939,392,111,6,1448,0,0,0,1448
08/31/2013,LAS,NV,AWP,WE,Towers with Radar,714,41,56,2,813,0,277,32,0,309,714,318,88,2,1122,0,0,0,1122
09/01/2013,LAS,NV,AWP,WE,Towers with Radar,790,62,49,0,901,0,329,20,0,349,790,391,69,0,1250,0,0,0,1250
09/02/2013,LAS,NV,AWP,WE,Towers with Radar,852,71,82,1,1006,0,325,31,0,356,852,396,113,1,1362,0,0,0,1362
09/03/2013,LAS,NV,AWP,WE,Towers with Radar,908,54,57,3,1022,0,335,20,1,356,908,389,77,4,1378,0,0,0,1378
09/04/2013,LAS,NV,AWP,WE,Towers with Radar,944,42,48,0,1034,0,318,28,0,346,944,360,76,0,1380,0,0,0,1380
09/05/2013,LAS,NV,AWP,WE,Towers with Radar,1048,52,78,2,1180,0,334,22,0,356,1048,386,100,2,1536,0,0,0,1536
09/06/2013,LAS,NV,AWP,WE,Towers with Radar,1011,66,110,3,1190,0,353,23,3,379,1011,419,133,6,1569,0,0,0,1569
09/07/2013,LAS,NV,AWP,WE,Towers with Radar,776,50,63,1,890,0,317,21,2,340,776,367,84,3,1230,0,0,0,1230
09/08/2013,LAS,NV,AWP,WE,Towers with Radar,989,64,118,5,1176,0,223,25,0,248,989,287,143,5,1424,0,0,0,1424
09/09/2013,LAS,NV,AWP,WE,Towers with Radar,976,58,80,0,1114,0,335,28,4,367,976,393,108,4,1481,0,0,0,1481
09/10/2013,LAS,NV,AWP,WE,Towers with Radar,897,66,103,1,1067,0,323,28,2,353,897,389,131,3,1420,0,0,0,1420
09/11/2013,LAS,NV,AWP,WE,Towers with Radar,927,54,92,1,1074,0,334,43,4,381,927,388,135,5,1455,0,0,0,1455
09/12/2013,LAS,NV,AWP,WE,Towers with Radar,1074,105,131,0,1310,0,334,25,0,359,1074,439,156,0,1669,0,0,0,1669
09/13/2013,LAS,NV,AWP,WE,Towers with Radar,1026,130,156,2,1314,0,349,37,0,386,1026,479,193,2,1700,0,0,0,1700
09/14/2013,LAS,NV,AWP,WE,Towers with Radar,776,81,95,1,953,0,315,18,0,333,776,396,113,1,1286,0,0,0,1286
09/15/2013,LAS,NV,AWP,WE,Towers with Radar,1002,114,172,0,1288,0,347,27,0,374,1002,461,199,0,1662,0,0,0,1662
09/16/2013,LAS,NV,AWP,WE,Towers with Radar,1025,97,108,2,1232,0,334,41,0,375,1025,431,149,2,1607,0,0,0,1607
09/17/2013,LAS,NV,AWP,WE,Towers with Radar,909,76,84,1,1070,1,348,30,8,387,910,424,114,9,1457,0,0,0,1457
09/18/2013,LAS,NV,AWP,WE,Towers with Radar,936,73,93,0,1102,0,342,25,5,372,936,415,118,5,1474,0,0,0,1474
09/19/2013,LAS,NV,AWP,WE,Towers with Radar,1036,87,116,1,1240,0,342,53,0,395,1036,429,169,1,1635,0,0,0,1635
09/20/2013,LAS,NV,AWP,WE,Towers with Radar,1007,105,116,0,1228,0,338,35,6,379,1007,443,151,6,1607,0,0,0,1607
09/21/2013,LAS,NV,AWP,WE,Towers with Radar,797,94,87,1,979,0,340,44,1,385,797,434,131,2,1364,0,0,0,1364
09/22/2013,LAS,NV,AWP,WE,Towers with Radar,976,130,141,0,1247,0,328,21,0,349,976,458,162,0,1596,0,0,0,1596
09/23/2013,LAS,NV,AWP,WE,Towers with Radar,990,74,101,6,1171,0,352,48,3,403,990,426,149,9,1574,0,0,0,1574
09/24/2013,LAS,NV,AWP,WE,Towers with Radar,920,67,86,1,1074,0,306,39,4,349,920,373,125,5,1423,0,0,0,1423
09/25/2013,LAS,NV,AWP,WE,Towers with Radar,938,64,111,1,1114,0,308,24,0,332,938,372,135,1,1446,0,0,0,1446
09/26/2013,LAS,NV,AWP,WE,Towers with Radar,1058,70,121,1,1250,0,336,40,1,377,1058,406,161,2,1627,0,0,0,1627
09/27/2013,LAS,NV,AWP,WE,Towers with Radar,1011,72,152,3,1238,0,367,53,0,420,1011,439,205,3,1658,0,0,0,1658
09/28/2013,LAS,NV,AWP,WE,Towers with Radar,780,60,91,4,935,0,301,32,0,333,780,361,123,4,1268,0,0,0,1268
09/29/2013,LAS,NV,AWP,WE,Towers with Radar,1004,90,136,0,1230,0,325,24,0,349,1004,415,160,0,1579,0,0,0,1579
09/30/2013,LAS,NV,AWP,WE,Towers with Radar,979,57,66,0,1102,0,315,38,0,353,979,372,104,0,1455,0,0,0,1455
10/01/2013,LAS,NV,AWP,WE,Towers with Radar,869,62,82,2,1015,0,314,47,2,363,869,376,129,4,1378,0,0,0,1378
10/02/2013,LAS,NV,AWP,WE,Towers with Radar,894,72,89,0,1055,0,305,20,0,325,894,377,109,0,1380,0,0,0,1380
10/03/2013,LAS,NV,AWP,WE,Towers with Radar,1015,79,95,2,1191,0,345,26,2,373,1015,424,121,4,1564,0,0,0,1564
10/04/2013,LAS,NV,AWP,WE,Towers with Radar,958,74,92,0,1124,1,335,52,2,390,959,409,144,2,1514,0,0,0,1514
10/05/2013,LAS,NV,AWP,WE,Towers with Radar,826,48,58,0,932,0,309,42,2,353,826,357,100,2,1285,0,0,0,1285
10/06/2013,LAS,NV,AWP,WE,Towers with Radar,1015,79,118,0,1212,0,317,13,0,330,1015,396,131,0,1542,0,0,0,1542
10/07/2013,LAS,NV,AWP,WE,Towers with Radar,958,74,87,0,1119,0,350,34,3,387,958,424,121,3,1506,0,0,0,1506
10/08/2013,LAS,NV,AWP,WE,Towers with Radar,869,68,101,0,1038,0,349,35,0,384,869,417,136,0,1422,0,0,0,1422
10/09/2013,LAS,NV,AWP,WE,Towers with Radar,911,76,112,1,1100,0,321,36,3,360,911,397,148,4,1460,0,0,0,1460
10/10/2013,LAS,NV,AWP,WE,Towers with Radar,1026,85,103,0,1214,0,308,41,0,349,1026,393,144,0,1563,0,0,0,1563
10/11/2013,LAS,NV,AWP,WE,Towers with Radar,979,86,116,0,1181,0,332,55,0,387,979,418,171,0,1568,0,0,0,1568
10/12/2013,LAS,NV,AWP,WE,Towers with Radar,812,57,76,0,945,0,335,69,2,406,812,392,145,2,1351,0,0,0,1351
10/13/2013,LAS,NV,AWP,WE,Towers with Radar,1010,91,97,2,1200,0,305,26,0,331,1010,396,123,2,1531,0,0,0,1531
10/14/2013,LAS,NV,AWP,WE,Towers with Radar,957,77,96,0,1130,0,314,33,0,347,957,391,129,0,1477,0,0,0,1477
10/15/2013,LAS,NV,AWP,WE,Towers with Radar,905,61,90,0,1056,0,272,31,0,303,905,333,121,0,1359,0,0,0,1359
10/16/2013,LAS,NV,AWP,WE,Towers with Radar,929,67,83,0,1079,0,347,45,0,392,929,414,128,0,1471,0,0,0,1471
10/17/2013,LAS,NV,AWP,WE,Towers with Radar,1042,89,96,0,1227,0,343,50,0,393,1042,432,146,0,1620,0,0,0,1620
10/18/2013,LAS,NV,AWP,WE,Towers with Radar,1033,78,123,0,1234,0,343,64,0,407,1033,421,187,0,1641,0,0,0,1641
10/19/2013,LAS,NV,AWP,WE,Towers with Radar,823,52,77,0,952,0,337,41,0,378,823,389,118,0,1330,0,0,0,1330
10/20/2013,LAS,NV,AWP,WE,Towers with Radar,1015,105,171,2,1293,0,344,51,0,395,1015,449,222,2,1688,0,0,0,1688
10/21/2013,LAS,NV,AWP,WE,Towers with Radar,987,66,172,1,1226,0,336,44,0,380,987,402,216,1,1606,0,0,0,1606
10/22/2013,LAS,NV,AWP,WE,Towers with Radar,923,75,193,0,1191,0,330,44,0,374,923,405,237,0,1565,0,0,0,1565
10/23/2013,LAS,NV,AWP,WE,Towers with Radar,940,100,173,2,1215,0,337,49,1,387,940,437,222,3,1602,0,0,0,1602
10/24/2013,LAS,NV,AWP,WE,Towers with Radar,1055,114,221,0,1390,0,311,36,0,347,1055,425,257,0,1737,0,0,0,1737
10/25/2013,LAS,NV,AWP,WE,Towers with Radar,1023,107,149,4,1283,0,303,62,0,365,1023,410,211,4,1648,0,0,0,1648
10/26/2013,LAS,NV,AWP,WE,Towers with Radar,817,61,107,0,985,0,308,30,2,340,817,369,137,2,1325,0,0,0,1325
10/27/2013,LAS,NV,AWP,WE,Towers with Radar,995,79,154,0,1228,0,298,22,3,323,995,377,176,3,1551,0,0,0,1551
10/28/2013,LAS,NV,AWP,WE,Towers with Radar,968,58,76,0,1102,0,234,12,0,246,968,292,88,0,1348,0,0,0,1348
10/29/2013,LAS,NV,AWP,WE,Towers with Radar,912,53,68,2,1035,0,324,39,1,364,912,377,107,3,1399,0,0,0,1399
10/30/2013,LAS,NV,AWP,WE,Towers with Radar,943,48,73,2,1066,0,325,44,1,370,943,373,117,3,1436,0,0,0,1436
10/31/2013,LAS,NV,AWP,WE,Towers with Radar,973,63,53,2,1091,0,276,20,1,297,973,339,73,3,1388,0,0,0,1388
11/01/2013,LAS,NV,AWP,WE,Towers with Radar,1014,75,96,1,1186,0,258,37,1,296,1014,333,133,2,1482,0,0,0,1482
11/02/2013,LAS,NV,AWP,WE,Towers with Radar,799,57,67,1,924,0,262,47,0,309,799,319,114,1,1233,0,0,0,1233
11/03/2013,LAS,NV,AWP,WE,Towers with Radar,953,94,120,2,1169,0,275,33,0,308,953,369,153,2,1477,0,0,0,1477
11/04/2013,LAS,NV,AWP,WE,Towers with Radar,968,73,93,0,1134,0,284,28,2,314,968,357,121,2,1448,0,0,0,1448
11/05/2013,LAS,NV,AWP,WE,Towers with Radar,889,78,128,2,1097,0,242,23,1,266,889,320,151,3,1363,0,0,0,1363
11/06/2013,LAS,NV,AWP,WE,Towers with Radar,914,60,133,2,1109,0,270,39,1,310,914,330,172,3,1419,0,0,0,1419
11/07/2013,LAS,NV,AWP,WE,Towers with Radar,1010,66,141,1,1218,0,291,43,2,336,1010,357,184,3,1554,0,0,0,1554
11/08/2013,LAS,NV,AWP,WE,Towers with Radar,992,98,132,8,1230,0,296,61,0,357,992,394,193,8,1587,0,0,0,1587
11/09/2013,LAS,NV,AWP,WE,Towers with Radar,792,64,91,4,951,0,257,60,0,317,792,321,151,4,1268,0,0,0,1268
11/10/2013,LAS,NV,AWP,WE,Towers with Radar,947,88,137,1,1173,0,288,21,0,309,947,376,158,1,1482,0,0,0,1482
11/11/2013,LAS,NV,AWP,WE,Towers with Radar,920,60,80,5,1065,0,333,45,1,379,920,393,125,6,1444,0,0,0,1444
11/12/2013,LAS,NV,AWP,WE,Towers with Radar,872,58,76,0,1006,0,237,50,0,287,872,295,126,0,1293,0,0,0,1293
11/13/2013,LAS,NV,AWP,WE,Towers with Radar,913,63,82,1,1059,0,268,22,1,291,913,331,104,2,1350,0,0,0,1350
11/14/2013,LAS,NV,AWP,WE,Towers with Radar,1007,64,98,4,1173,0,232,27,0,259,1007,296,125,4,1432,0,0,0,1432
11/15/2013,LAS,NV,AWP,WE,Towers with Radar,1002,118,121,4,1245,0,265,35,1,301,1002,383,156,5,1546,0,0,0,1546
11/16/2013,LAS,NV,AWP,WE,Towers with Radar,791,66,66,1,924,0,280,48,3,331,791,346,114,4,1255,0,0,0,1255
11/17/2013,LAS,NV,AWP,WE,Towers with Radar,934,97,120,2,1153,0,165,34,0,199,934,262,154,2,1352,0,0,0,1352
11/18/2013,LAS,NV,AWP,WE,Towers with Radar,975,86,72,3,1136,0,252,39,0,291,975,338,111,3,1427,0,0,0,1427
11/19/2013,LAS,NV,AWP,WE,Towers with Radar,873,74,90,0,1037,0,272,19,0,291,873,346,109,0,1328,0,0,0,1328
11/20/2013,LAS,NV,AWP,WE,Towers with Radar,907,85,109,4,1105,0,260,11,0,271,907,345,120,4,1376,0,0,0,1376
11/21/2013,LAS,NV,AWP,WE,Towers with Radar,919,90,120,0,1129,0,138,5,0,143,919,228,125,0,1272,0,0,0,1272
11/22/2013,LAS,NV,AWP,WE,Towers with Radar,877,62,98,2,1039,0,202,20,0,222,877,264,118,2,1261,0,0,0,1261
11/23/2013,LAS,NV,AWP,WE,Towers with Radar,876,47,70,0,993,0,53,1,0,54,876,100,71,0,1047,0,0,0,1047
11/24/2013,LAS,NV,AWP,WE,Towers with Radar,932,64,102,1,1099,0,127,28,2,157,932,191,130,3,1256,0,0,0,1256
11/25/2013,LAS,NV,AWP,WE,Towers with Radar,940,43,55,1,1039,0,274,29,1,304,940,317,84,2,1343,0,0,0,1343
11/26/2013,LAS,NV,AWP,WE,Towers with Radar,890,67,73,0,1030,0,281,28,0,309,890,348,101,0,1339,0,0,0,1339
11/27/2013,LAS,NV,AWP,WE,Towers with Radar,976,71,74,5,1126,0,234,55,1,290,976,305,129,6,1416,0,0,0,1416
11/28/2013,LAS,NV,AWP,WE,Towers with Radar,642,30,34,0,706,0,148,6,0,154,642,178,40,0,860,0,0,0,860
11/29/2013,LAS,NV,AWP,WE,Towers with Radar,752,42,56,4,854,0,236,44,0,280,752,278,100,4,1134,0,0,0,1134
11/30/2013,LAS,NV,AWP,WE,Towers with Radar,804,58,67,3,932,0,270,38,0,308,804,328,105,3,1240,0,0,0,1240
12/01/2013,LAS,NV,AWP,WE,Towers with Radar,942,60,117,7,1126,0,214,20,0,234,942,274,137,7,1360,0,0,0,1360
12/02/2013,LAS,NV,AWP,WE,Towers with Radar,964,69,62,5,1100,0,193,19,2,214,964,262,81,7,1314,0,0,0,1314
12/03/2013,LAS,NV,AWP,WE,Towers with Radar,888,52,89,2,1031,0,151,11,0,162,888,203,100,2,1193,0,0,0,1193
12/04/2013,LAS,NV,AWP,WE,Towers with Radar,872,72,83,2,1029,0,138,30,0,168,872,210,113,2,1197,0,0,0,1197
12/05/2013,LAS,NV,AWP,WE,Towers with Radar,984,71,126,3,1184,0,181,29,1,211,984,252,155,4,1395,0,0,0,1395
12/06/2013,LAS,NV,AWP,WE,Towers with Radar,933,76,116,10,1135,0,167,69,0,236,933,243,185,10,1371,0,0,0,1371
12/07/2013,LAS,NV,AWP,WE,Towers with Radar,760,55,102,8,925,0,83,23,1,107,760,138,125,9,1032,0,0,0,1032
12/08/2013,LAS,NV,AWP,WE,Towers with Radar,883,80,168,4,1135,0,185,31,0,216,883,265,199,4,1351,0,0,0,1351
12/09/2013,LAS,NV,AWP,WE,Towers with Radar,939,85,86,2,1112,0,150,19,0,169,939,235,105,2,1281,0,0,0,1281
12/10/2013,LAS,NV,AWP,WE,Towers with Radar,849,81,82,4,1016,0,149,20,3,172,849,230,102,7,1188,0,0,0,1188
12/11/2013,LAS,NV,AWP,WE,Towers with Radar,873,88,87,1,1049,0,148,31,2,181,873,236,118,3,1230,0,0,0,1230
12/12/2013,LAS,NV,AWP,WE,Towers with Radar,985,88,97,1,1171,0,164,22,1,187,985,252,119,2,1358,0,0,0,1358
12/13/2013,LAS,NV,AWP,WE,Towers with Radar,959,107,110,11,1187,0,156,45,0,201,959,263,155,11,1388,0,0,0,1388
12/14/2013,LAS,NV,AWP,WE,Towers with Radar,749,61,62,0,872,0,167,40,2,209,749,228,102,2,1081,0,0,0,1081
12/15/2013,LAS,NV,AWP,WE,Towers with Radar,909,83,114,6,1112,0,152,17,0,169,909,235,131,6,1281,0,0,0,1281
12/16/2013,LAS,NV,AWP,WE,Towers with Radar,932,51,80,2,1065,0,139,31,1,171,932,190,111,3,1236,0,0,0,1236
12/17/2013,LAS,NV,AWP,WE,Towers with Radar,852,48,85,6,991,0,128,44,1,173,852,176,129,7,1164,0,0,0,1164
12/18/2013,LAS,NV,AWP,WE,Towers with Radar,878,49,70,2,999,0,154,40,1,195,878,203,110,3,1194,0,0,0,1194
12/19/2013,LAS,NV,AWP,WE,Towers with Radar,977,73,68,0,1118,0,150,18,0,168,977,223,86,0,1286,0,0,0,1286
12/20/2013,LAS,NV,AWP,WE,Towers with Radar,948,83,104,5,1140,0,134,26,1,161,948,217,130,6,1301,0,0,0,1301
12/21/2013,LAS,NV,AWP,WE,Towers with Radar,823,61,83,4,971,0,144,47,0,191,823,205,130,4,1162,0,0,0,1162
12/22/2013,LAS,NV,AWP,WE,Towers with Radar,897,58,79,0,1034,0,205,42,0,247,897,263,121,0,1281,0,0,0,1281
12/23/2013,LAS,NV,AWP,WE,Towers with Radar,923,59,78,0,1060,0,230,54,0,284,923,289,132,0,1344,0,0,0,1344
12/24/2013,LAS,NV,AWP,WE,Towers with Radar,738,41,58,2,839,0,176,18,0,194,738,217,76,2,1033,0,0,0,1033
12/25/2013,LAS,NV,AWP,WE,Towers with Radar,677,52,34,0,763,0,122,11,0,133,677,174,45,0,896,0,0,0,896
12/26/2013,LAS,NV,AWP,WE,Towers with Radar,954,66,78,0,1098,0,302,52,0,354,954,368,130,0,1452,0,0,0,1452
12/27/2013,LAS,NV,AWP,WE,Towers with Radar,967,80,124,1,1172,0,322,40,0,362,967,402,164,1,1534,0,0,0,1534
12/28/2013,LAS,NV,AWP,WE,Towers with Radar,824,95,101,4,1024,0,333,37,0,370,824,428,138,4,1394,0,0,0,1394
12/29/2013,LAS,NV,AWP,WE,Towers with Radar,887,113,119,1,1120,0,342,20,0,362,887,455,139,1,1482,0,0,0,1482
12/30/2013,LAS,NV,AWP,WE,Towers with Radar,912,94,158,2,1166,0,361,57,0,418,912,455,215,2,1584,0,0,0,1584
12/31/2013,LAS,NV,AWP,WE,Towers with Radar,741,82,62,0,885,0,282,50,6,338,741,364,112,6,1223,0,0,0,1223
01/01/2014,LAS,NV,AWP,WE,Towers with Radar,723,95,130,2,950,0,371,48,2,421,723,466,178,4,1371,0,0,0,1371
01/02/2014,LAS,NV,AWP,WE,Towers with Radar,911,120,201,4,1236,0,349,70,1,420,911,469,271,5,1656,0,0,0,1656
01/03/2014,LAS,NV,AWP,WE,Towers with Radar,897,89,120,0,1106,0,351,58,1,410,897,440,178,1,1516,0,0,0,1516
01/04/2014,LAS,NV,AWP,WE,Towers with Radar,785,58,92,1,936,0,309,36,0,345,785,367,128,1,1281,0,0,0,1281
01/05/2014,LAS,NV,AWP,WE,Towers with Radar,853,64,144,1,1062,0,281,20,0,301,853,345,164,1,1363,0,0,0,1363
01/06/2014,LAS,NV,AWP,WE,Towers with Radar,912,135,222,0,1269,0,250,32,0,282,912,385,254,0,1551,0,0,0,1551
01/07/2014,LAS,NV,AWP,WE,Towers with Radar,847,135,190,0,1172,0,149,40,2,191,847,284,230,2,1363,0,0,0,1363
01/08/2014,LAS,NV,AWP,WE,Towers with Radar,863,112,174,3,1152,0,178,29,0,207,863,290,203,3,1359,0,0,0,1359
01/09/2014,LAS,NV,AWP,WE,Towers with Radar,965,156,217,2,1340,0,202,30,0,232,965,358,247,2,1572,0,0,0,1572
01/10/2014,LAS,NV,AWP,WE,Towers with Radar,963,122,143,4,1232,0,214,39,0,253,963,336,182,4,1485,0,0,0,1485
01/11/2014,LAS,NV,AWP,WE,Towers with Radar,724,81,70,1,876,0,225,42,0,267,724,306,112,1,1143,0,0,0,1143
01/12/2014,LAS,NV,AWP,WE,Towers with Radar,901,83,114,0,1098,0,239,12,0,251,901,322,126,0,1349,0,0,0,1349
01/13/2014,LAS,NV,AWP,WE,Towers with Radar,916,74,74,0,1064,0,161,20,2,183,916,235,94,2,1247,0,0,0,1247
01/14/2014,LAS,NV,AWP,WE,Towers with Radar,832,54,84,0,970,0,186,27,2,215,832,240,111,2,1185,0,0,0,1185
01/15/2014,LAS,NV,AWP,WE,Towers with Radar,837,79,105,0,1021,0,175,40,1,216,837,254,145,1,1237,0,0,0,1237
01/16/2014,LAS,NV,AWP,WE,Towers with Radar,953,80,105,2,1140,1,190,39,0,230,954,270,144,2,1370,0,0,0,1370
01/17/2014,LAS,NV,AWP,WE,Towers with Radar,945,90,136,0,1171,0,184,53,9,246,945,274,189,9,1417,0,0,0,1417
01/18/2014,LAS,NV,AWP,WE,Towers with Radar,720,55,88,3,866,0,228,45,7,280,720,283,133,10,1146,0,0,0,1146
01/19/2014,LAS,NV,AWP,WE,Towers with Radar,881,79,79,1,1040,0,237,20,4,261,881,316,99,5,1301,0,0,0,1301
01/20/2014,LAS,NV,AWP,WE,Towers with Radar,868,82,113,0,1063,0,211,23,3,237,868,293,136,3,1300,0,0,0,1300
01/21/2014,LAS,NV,AWP,WE,Towers with Radar,797,65,82,2,946,0,183,36,2,221,797,248,118,4,1167,0,0,0,1167
01/22/2014,LAS,NV,AWP,WE,Towers with Radar,848,73,68,0,989,0,195,23,0,218,848,268,91,0,1207,0,0,0,1207
01/23/2014,LAS,NV,AWP,WE,Towers with Radar,963,73,88,4,1128,0,219,20,2,241,963,292,108,6,1369,0,0,0,1369
01/24/2014,LAS,NV,AWP,WE,Towers with Radar,932,69,116,5,1122,0,231,53,2,286,932,300,169,7,1408,0,0,0,1408
01/25/2014,LAS,NV,AWP,WE,Towers with Radar,723,54,68,5,850,0,219,67,2,288,723,273,135,7,1138,0,0,0,1138
01/26/2014,LAS,NV,AWP,WE,Towers with Radar,888,88,93,4,1073,0,194,13,3,210,888,282,106,7,1283,0,0,0,1283
01/27/2014,LAS,NV,AWP,WE,Towers with Radar,908,71,81,3,1063,0,168,27,1,196,908,239,108,4,1259,0,0,0,1259
01/28/2014,LAS,NV,AWP,WE,Towers with Radar,807,57,74,5,943,0,140,30,7,177,807,197,104,12,1120,0,0,0,1120
01/29/2014,LAS,NV,AWP,WE,Towers with Radar,834,67,104,2,1007,0,175,22,0,197,834,242,126,2,1204,0,0,0,1204
01/30/2014,LAS,NV,AWP,WE,Towers with Radar,944,101,124,0,1169,0,161,12,0,173,944,262,136,0,1342,0,0,0,1342
01/31/2014,LAS,NV,AWP,WE,Towers with Radar,951,108,179,8,1246,0,200,9,0,209,951,308,188,8,1455,0,0,0,1455
02/01/2014,LAS,NV,AWP,WE,Towers with Radar,729,71,91,2,893,0,236,59,1,296,729,307,150,3,1189,0,0,0,1189
02/02/2014,LAS,NV,AWP,WE,Towers with Radar,820,89,120,7,1036,0,174,13,0,187,820,263,133,7,1223,0,0,0,1223
02/03/2014,LAS,NV,AWP,WE,Towers with Radar,919,116,206,1,1242,0,222,46,1,269,919,338,252,2,1511,0,0,0,1511
02/04/2014,LAS,NV,AWP,WE,Towers with Radar,832,88,150,0,1070,0,179,45,0,224,832,267,195,0,1294,0,0,0,1294
02/05/2014,LAS,NV,AWP,WE,Towers with Radar,832,101,160,1,1094,0,178,28,0,206,832,279,188,1,1300,0,0,0,1300
02/06/2014,LAS,NV,AWP,WE,Towers with Radar,962,102,192,3,1259,0,193,4,0,197,962,295,196,3,1456,0,0,0,1456
02/07/2014,LAS,NV,AWP,WE,Towers with Radar,934,84,137,9,1164,0,222,45,1,268,934,306,182,10,1432,0,0,0,1432
02/08/2014,LAS,NV,AWP,WE,Towers with Radar,731,80,101,3,915,0,248,39,1,288,731,328,140,4,1203,0,0,0,1203
02/09/2014,LAS,NV,AWP,WE,Towers with Radar,898,80,135,3,1116,0,254,18,0,272,898,334,153,3,1388,0,0,0,1388
02/10/2014,LAS,NV,AWP,WE,Towers with Radar,918,80,98,3,1099,0,212,25,2,239,918,292,123,5,1338,0,0,0,1338
02/11/2014,LAS,NV,AWP,WE,Towers with Radar,823,53,92,0,968,0,208,49,0,257,823,261,141,0,1225,0,0,0,1225
02/12/2014,LAS,NV,AWP,WE,Towers with Radar,816,67,108,0,991,0,194,29,2,225,816,261,137,2,1216,0,0,0,1216
02/13/2014,LAS,NV,AWP,WE,Towers with Radar,932,69,112,3,1116,0,210,24,0,234,932,279,136,3,1350,0,0,0,1350
02/14/2014,LAS,NV,AWP,WE,Towers with Radar,974,71,150,0,1195,0,306,85,0,391,974,377,235,0,1586,0,0,0,1586
02/15/2014,LAS,NV,AWP,WE,Towers with Radar,736,70,81,0,887,1,277,47,0,325,737,347,128,0,1212,0,0,0,1212
02/16/2014,LAS,NV,AWP,WE,Towers with Radar,907,76,113,3,1099,0,265,21,0,286,907,341,134,3,1385,0,0,0,1385
02/17/2014,LAS,NV,AWP,WE,Towers with Radar,900,91,136,3,1130,0,251,43,1,295,900,342,179,4,1425,0,0,0,1425
02/18/2014,LAS,NV,AWP,WE,Towers with Radar,863,82,101,3,1049,0,201,28,6,235,863,283,129,9,1284,0,0,0,1284
02/19/2014,LAS,NV,AWP,WE,Towers with Radar,900,80,103,0,1083,0,226,44,4,274,900,306,147,4,1357,0,0,0,1357
02/20/2014,LAS,NV,AWP,WE,Towers with Radar,992,74,94,1,1161,0,213,36,7,256,992,287,130,8,1417,0,0,0,1417
02/21/2014,LAS,NV,AWP,WE,Towers with Radar,964,66,108,9,1147,0,231,43,1,275,964,297,151,10,1422,0,0,0,1422
02/22/2014,LAS,NV,AWP,WE,Towers with Radar,755,58,89,4,906,0,228,42,0,270,755,286,131,4,1176,0,0,0,1176
02/23/2014,LAS,NV,AWP,WE,Towers with Radar,916,85,99,5,1105,0,205,14,0,219,916,290,113,5,1324,0,0,0,1324
02/24/2014,LAS,NV,AWP,WE,Towers with Radar,942,59,68,2,1071,0,194,55,1,250,942,253,123,3,1321,0,0,0,1321
02/25/2014,LAS,NV,AWP,WE,Towers with Radar,880,72,76,0,1028,0,209,33,3,245,880,281,109,3,1273,0,0,0,1273
02/26/2014,LAS,NV,AWP,WE,Towers with Radar,878,82,102,2,1064,0,205,22,2,229,878,287,124,4,1293,0,0,0,1293
02/27/2014,LAS,NV,AWP,WE,Towers with Radar,989,79,118,3,1189,0,194,31,2,227,989,273,149,5,1416,0,0,0,1416
02/28/2014,LAS,NV,AWP,WE,Towers with Radar,885,67,99,4,1055,0,137,14,0,151,885,204,113,4,1206,0,0,0,1206
03/01/2014,LAS,NV,AWP,WE,Towers with Radar,803,59,82,3,947,0,213,46,2,261,803,272,128,5,1208,0,0,0,1208
03/02/2014,LAS,NV,AWP,WE,Towers with Radar,924,101,142,3,1170,0,262,17,2,281,924,363,159,5,1451,0,0,0,1451
03/03/2014,LAS,NV,AWP,WE,Towers with Radar,956,97,126,0,1179,0,278,56,0,334,956,375,182,0,1513,0,0,0,1513
03/04/2014,LAS,NV,AWP,WE,Towers with Radar,871,88,169,0,1128,0,270,37,3,310,871,358,206,3,1438,0,0,0,1438
03/05/2014,LAS,NV,AWP,WE,Towers with Radar,899,104,160,5,1168,0,301,30,3,334,899,405,190,8,1502,0,0,0,1502
03/06/2014,LAS,NV,AWP,WE,Towers with Radar,1019,89,191,0,1299,0,301,35,2,338,1019,390,226,2,1637,0,0,0,1637
03/07/2014,LAS,NV,AWP,WE,Towers with Radar,991,106,203,1,1301,0,327,50,0,377,991,433,253,1,1678,0,0,0,1678
03/08/2014,LAS,NV,AWP,WE,Towers with Radar,803,65,122,0,990,0,355,43,4,402,803,420,165,4,1392,0,0,0,1392
03/09/2014,LAS,NV,AWP,WE,Towers with Radar,980,91,174,0,1245,0,591,28,13,632,980,682,202,13,1877,0,0,0,1877
03/10/2014,LAS,NV,AWP,WE,Towers with Radar,1000,75,74,0,1149,0,275,62,0,337,1000,350,136,0,1486,0,0,0,1486
03/11/2014,LAS,NV,AWP,WE,Towers with Radar,915,58,109,1,1083,0,281,34,0,315,915,339,143,1,1398,0,0,0,1398
03/12/2014,LAS,NV,AWP,WE,Towers with Radar,918,93,97,2,1110,0,276,42,0,318,918,369,139,2,1428,0,0,0,1428
03/13/2014,LAS,NV,AWP,WE,Towers with Radar,1040,101,105,3,1249,0,258,70,2,330,1040,359,175,5,1579,0,0,0,1579
03/14/2014,LAS,NV,AWP,WE,Towers with Radar,1033,102,105,5,1245,0,272,73,3,348,1033,374,178,8,1593,0,0,0,1593
03/15/2014,LAS,NV,AWP,WE,Towers with Radar,816,91,101,1,1009,0,240,74,1,315,816,331,175,2,1324,0,0,0,1324
03/16/2014,LAS,NV,AWP,WE,Towers with Radar,976,97,120,3,1196,0,248,42,1,291,976,345,162,4,1487,0,0,0,1487
03/17/2014,LAS,NV,AWP,WE,Towers with Radar,1018,64,79,0,1161,0,219,29,1,249,1018,283,108,1,1410,0,0,0,1410
03/18/2014,LAS,NV,AWP,WE,Towers with Radar,924,63,72,2,1061,0,273,75,4,352,924,336,147,6,1413,0,0,0,1413
03/19/2014,LAS,NV,AWP,WE,Towers with Radar,932,70,101,0,1103,0,258,48,0,306,932,328,149,0,1409,0,0,0,1409
03/20/2014,LAS,NV,AWP,WE,Towers with Radar,1041,88,120,0,1249,0,263,45,0,308,1041,351,165,0,1557,0,0,0,1557
03/21/2014,LAS,NV,AWP,WE,Towers with Radar,1022,81,140,4,1247,0,241,60,0,301,1022,322,200,4,1548,0,0,0,1548
03/22/2014,LAS,NV,AWP,WE,Towers with Radar,806,66,95,7,974,0,263,24,4,291,806,329,119,11,1265,0,0,0,1265
03/23/2014,LAS,NV,AWP,WE,Towers with Radar,969,128,147,11,1255,0,285,28,0,313,969,413,175,11,1568,0,0,0,1568
03/24/2014,LAS,NV,AWP,WE,Towers with Radar,997,73,121,7,1198,0,249,48,2,299,997,322,169,9,1497,0,0,0,1497
03/25/2014,LAS,NV,AWP,WE,Towers with Radar,919,64,73,2,1058,0,250,39,2,291,919,314,112,4,1349,0,0,0,1349
03/26/2014,LAS,NV,AWP,WE,Towers with Radar,944,72,102,1,1119,0,150,24,4,178,944,222,126,5,1297,0,0,0,1297
03/27/2014,LAS,NV,AWP,WE,Towers with Radar,1037,97,142,1,1277,0,314,42,3,359,1037,411,184,4,1636,0,0,0,1636
03/28/2014,LAS,NV,AWP,WE,Towers with Radar,1033,93,119,5,1250,0,287,56,1,344,1033,380,175,6,1594,0,0,0,1594
03/29/2014,LAS,NV,AWP,WE,Towers with Radar,805,61,74,1,941,0,261,26,0,287,805,322,100,1,1228,0,0,0,1228
03/30/2014,LAS,NV,AWP,WE,Towers with Radar,979,86,119,5,1189,0,244,41,1,286,979,330,160,6,1475,0,0,0,1475
03/31/2014,LAS,NV,AWP,WE,Towers with Radar,1004,80,64,1,1149,0,273,31,1,305,1004,353,95,2,1454,0,0,0,1454
04/01/2014,LAS,NV,AWP,WE,Towers with Radar,918,60,75,0,1053,0,248,18,2,268,918,308,93,2,1321,0,0,0,1321
04/02/2014,LAS,NV,AWP,WE,Towers with Radar,939,64,80,4,1087,0,202,53,0,255,939,266,133,4,1342,0,0,0,1342
04/03/2014,LAS,NV,AWP,WE,Towers with Radar,1021,79,116,2,1218,0,277,42,0,319,1021,356,158,2,1537,0,0,0,1537
04/04/2014,LAS,NV,AWP,WE,Towers with Radar,1021,87,132,8,1248,0,266,45,1,312,1021,353,177,9,1560,0,0,0,1560
04/05/2014,LAS,NV,AWP,WE,Towers with Radar,814,64,87,6,971,0,236,43,4,283,814,300,130,10,1254,0,0,0,1254
04/06/2014,LAS,NV,AWP,WE,Towers with Radar,954,110,148,2,1214,0,239,56,2,297,954,349,204,4,1511,0,0,0,1511
04/07/2014,LAS,NV,AWP,WE,Towers with Radar,990,106,119,0,1215,0,240,43,0,283,990,346,162,0,1498,0,0,0,1498
04/08/2014,LAS,NV,AWP,WE,Towers with Radar,933,82,108,0,1123,0,220,97,3,320,933,302,205,3,1443,0,0,0,1443
04/09/2014,LAS,NV,AWP,WE,Towers with Radar,936,86,124,0,1146,0,228,40,0,268,936,314,164,0,1414,0,0,0,1414
04/10/2014,LAS,NV,AWP,WE,Towers with Radar,1047,94,117,0,1258,0,261,41,1,303,1047,355,158,1,1561,0,0,0,1561
04/11/2014,LAS,NV,AWP,WE,Towers with Radar,1019,115,164,4,1302,0,291,58,2,351,1019,406,222,6,1653,0,0,0,1653
04/12/2014,LAS,NV,AWP,WE,Towers with Radar,780,71,84,5,940,0,289,59,3,351,780,360,143,8,1291,0,0,0,1291
04/13/2014,LAS,NV,AWP,WE,Towers with Radar,961,113,142,5,1221,0,344,19,1,364,961,457,161,6,1585,0,0,0,1585
04/14/2014,LAS,NV,AWP,WE,Towers with Radar,1003,56,74,5,1138,0,349,18,0,367,1003,405,92,5,1505,0,0,0,1505
04/15/2014,LAS,NV,AWP,WE,Towers with Radar,917,45,67,7,1036,0,363,62,2,427,917,408,129,9,1463,0,0,0,1463
04/16/2014,LAS,NV,AWP,WE,Towers with Radar,940,62,89,1,1092,4,366,60,0,430,944,428,149,1,1522,0,0,0,1522
04/17/2014,LAS,NV,AWP,WE,Towers with Radar,1036,63,92,0,1191,0,372,59,2,433,1036,435,151,2,1624,0,0,0,1624
04/18/2014,LAS,NV,AWP,WE,Towers with Radar,1014,69,83,7,1173,0,364,48,2,414,1014,433,131,9,1587,0,0,0,1587
04/19/2014,LAS,NV,AWP,WE,Towers with Radar,776,42,52,3,873,0,384,76,0,460,776,426,128,3,1333,0,0,0,1333
04/20/2014,LAS,NV,AWP,WE,Towers with Radar,962,53,72,3,1090,0,337,26,1,364,962,390,98,4,1454,0,0,0,1454
04/21/2014,LAS,NV,AWP,WE,Towers with Radar,1002,63,101,4,1170,0,359,49,0,408,1002,422,150,4,1578,0,0,0,1578
04/22/2014,LAS,NV,AWP,WE,Towers with Radar,889,43,72,0,1004,0,251,10,2,263,889,294,82,2,1267,0,0,0,1267
04/23/2014,LAS,NV,AWP,WE,Towers with Radar,947,71,81,2,1101,0,342,92,5,439,947,413,173,7,1540,0,0,0,1540
04/24/2014,LAS,NV,AWP,WE,Towers with Radar,1036,72,92,5,1205,0,367,75,0,442,1036,439,167,5,1647,0,0,0,1647
04/25/2014,LAS,NV,AWP,WE,Towers with Radar,1030,92,108,4,1234,0,245,8,0,253,1030,337,116,4,1487,0,0,0,1487
04/26/2014,LAS,NV,AWP,WE,Towers with Radar,804,70,71,2,947,0,231,60,0,291,804,301,131,2,1238,0,0,0,1238
04/27/2014,LAS,NV,AWP,WE,Towers with Radar,964,79,124,3,1170,0,325,37,0,362,964,404,161,3,1532,0,0,0,1532
04/28/2014,LAS,NV,AWP,WE,Towers with Radar,1008,56,85,2,1151,0,293,51,0,344,1008,349,136,2,1495,0,0,0,1495
04/29/2014,LAS,NV,AWP,WE,Towers with Radar,919,56,96,0,1071,0,315,38,0,353,919,371,134,0,1424,0,0,0,1424
04/30/2014,LAS,NV,AWP,WE,Towers with Radar,906,74,114,1,1095,5,325,44,0,374,911,399,158,1,1469,0,0,0,1469
05/01/2014,LAS,NV,AWP,WE,Towers with Radar,1051,88,127,1,1267,1,329,52,2,384,1052,417,179,3,1651,0,0,0,1651
05/02/2014,LAS,NV,AWP,WE,Towers with Radar,1028,115,156,6,1305,0,320,48,0,368,1028,435,204,6,1673,0,0,0,1673
05/03/2014,LAS,NV,AWP,WE,Towers with Radar,794,66,99,4,963,0,280,39,4,323,794,346,138,8,1286,0,0,0,1286
05/04/2014,LAS,NV,AWP,WE,Towers with Radar,973,111,172,1,1257,0,333,18,2,353,973,444,190,3,1610,0,0,0,1610
05/05/2014,LAS,NV,AWP,WE,Towers with Radar,1004,60,109,1,1174,0,334,38,0,372,1004,394,147,1,1546,0,0,0,1546
05/06/2014,LAS,NV,AWP,WE,Towers with Radar,931,64,98,2,1095,0,337,36,5,378,931,401,134,7,1473,0,0,0,1473
05/07/2014,LAS,NV,AWP,WE,Towers with Radar,951,72,82,0,1105,0,323,47,0,370,951,395,129,0,1475,0,0,0,1475
05/08/2014,LAS,NV,AWP,WE,Towers with Radar,1012,76,97,0,1185,0,325,63,0,388,1012,401,160,0,1573,0,0,0,1573
05/09/2014,LAS,NV,AWP,WE,Towers with Radar,1034,67,121,0,1222,0,340,63,2,405,1034,407,184,2,1627,0,0,0,1627
05/10/2014,LAS,NV,AWP,WE,Towers with Radar,793,50,48,0,891,0,285,47,0,332,793,335,95,0,1223,0,0,0,1223
05/11/2014,LAS,NV,AWP,WE,Towers with Radar,966,60,99,0,1125,0,282,16,0,298,966,342,115,0,1423,0,0,0,1423
05/12/2014,LAS,NV,AWP,WE,Towers with Radar,1007,64,77,2,1150,0,292,64,2,358,1007,356,141,4,1508,0,0,0,1508
05/13/2014,LAS,NV,AWP,WE,Towers with Radar,912,81,80,0,1073,0,301,52,0,353,912,382,132,0,1426,0,0,0,1426
05/14/2014,LAS,NV,AWP,WE,Towers with Radar,951,86,115,2,1154,0,311,10,1,322,951,397,125,3,1476,0,0,0,1476
05/15/2014,LAS,NV,AWP,WE,Towers with Radar,1032,84,139,0,1255,0,321,37,0,358,1032,405,176,0,1613,0,0,0,1613
05/16/2014,LAS,NV,AWP,WE,Towers with Radar,1035,108,154,3,1300,0,320,60,2,382,1035,428,214,5,1682,0,0,0,1682
05/17/2014,LAS,NV,AWP,WE,Towers with Radar,810,100,102,1,1013,0,276,48,2,326,810,376,150,3,1339,0,0,0,1339
05/18/2014,LAS,NV,AWP,WE,Towers with Radar,981,141,207,2,1331,0,251,5,0,256,981,392,212,2,1587,0,0,0,1587
05/19/2014,LAS,NV,AWP,WE,Towers with Radar,1009,91,125,1,1226,0,138,33,0,171,1009,229,158,1,1397,0,0,0,1397
05/20/2014,LAS,NV,AWP,WE,Towers with Radar,932,139,166,0,1237,0,254,35,1,290,932,393,201,1,1527,0,0,0,1527
05/21/2014,LAS,NV,AWP,WE,Towers with Radar,941,75,120,1,1137,0,393,39,0,432,941,468,159,1,1569,0,0,0,1569
05/22/2014,LAS,NV,AWP,WE,Towers with Radar,1022,79,103,3,1207,0,359,45,4,408,1022,438,148,7,1615,0,0,0,1615
05/23/2014,LAS,NV,AWP,WE,Towers with Radar,1017,101,137,5,1260,0,321,60,0,381,1017,422,197,5,1641,0,0,0,1641
05/24/2014,LAS,NV,AWP,WE,Towers with Radar,762,51,75,2,890,0,300,56,0,356,762,351,131,2,1246,0,0,0,1246
05/25/2014,LAS,NV,AWP,WE,Towers with Radar,865,60,97,1,1023,0,309,40,1,350,865,369,137,2,1373,0,0,0,1373
05/26/2014,LAS,NV,AWP,WE,Towers with Radar,928,87,126,1,1142,0,308,57,0,365,928,395,183,1,1507,0,0,0,1507
05/27/2014,LAS,NV,AWP,WE,Towers with Radar,916,63,55,0,1034,0,392,63,2,457,916,455,118,2,1491,0,0,0,1491
05/28/2014,LAS,NV,AWP,WE,Towers with Radar,963,62,67,1,1093,0,350,52,0,402,963,412,119,1,1495,0,0,0,1495
05/29/2014,LAS,NV,AWP,WE,Towers with Radar,1058,77,104,1,1240,0,350,39,2,391,1058,427,143,3,1631,0,0,0,1631
05/30/2014,LAS,NV,AWP,WE,Towers with Radar,1046,81,111,0,1238,0,321,45,0,366,1046,402,156,0,1604,0,0,0,1604
05/31/2014,LAS,NV,AWP,WE,Towers with Radar,790,43,75,0,908,0,277,48,0,325,790,320,123,0,1233,0,0,0,1233
06/01/2014,LAS,NV,AWP,WE,Towers with Radar,987,93,101,1,1182,0,298,22,1,321,987,391,123,2,1503,0,0,0,1503
06/02/2014,LAS,NV,AWP,WE,Towers with Radar,1035,74,76,1,1186,0,276,72,1,349,1035,350,148,2,1535,0,0,0,1535
06/03/2014,LAS,NV,AWP,WE,Towers with Radar,938,54,71,0,1063,0,307,43,0,350,938,361,114,0,1413,0,0,0,1413
06/04/2014,LAS,NV,AWP,WE,Towers with Radar,949,56,94,2,1101,0,328,22,0,350,949,384,116,2,1451,0,0,0,1451
06/05/2014,LAS,NV,AWP,WE,Towers with Radar,1045,87,95,2,1229,0,337,59,0,396,1045,424,154,2,1625,0,0,0,1625
06/06/2014,LAS,NV,AWP,WE,Towers with Radar,1039,79,104,9,1231,0,296,63,0,359,1039,375,167,9,1590,0,0,0,1590
06/07/2014,LAS,NV,AWP,WE,Towers with Radar,778,47,81,0,906,0,253,44,0,297,778,300,125,0,1203,0,0,0,1203
06/08/2014,LAS,NV,AWP,WE,Towers with Radar,974,66,133,7,1180,0,310,30,0,340,974,376,163,7,1520,0,0,0,1520
06/09/2014,LAS,NV,AWP,WE,Towers with Radar,1020,60,90,1,1171,0,312,49,0,361,1020,372,139,1,1532,0,0,0,1532
06/10/2014,LAS,NV,AWP,WE,Towers with Radar,917,53,78,1,1049,0,315,36,2,353,917,368,114,3,1402,0,0,0,1402
06/11/2014,LAS,NV,AWP,WE,Towers with Radar,914,60,83,2,1059,0,311,37,1,349,914,371,120,3,1408,0,0,0,1408
06/12/2014,LAS,NV,AWP,WE,Towers with Radar,1033,65,94,1,1193,0,305,37,0,342,1033,370,131,1,1535,0,0,0,1535
06/13/2014,LAS,NV,AWP,WE,Towers with Radar,1020,79,91,6,1196,0,278,31,7,316,1020,357,122,13,1512,0,0,0,1512
06/14/2014,LAS,NV,AWP,WE,Towers with Radar,810,53,48,21,932,0,241,76,7,324,810,294,124,28,1256,0,0,0,1256
06/15/2014,LAS,NV,AWP,WE,Towers with Radar,967,74,103,3,1147,0,265,19,0,284,967,339,122,3,1431,0,0,0,1431
06/16/2014,LAS,NV,AWP,WE,Towers with Radar,1009,62,69,6,1146,0,295,13,0,308,1009,357,82,6,1454,0,0,0,1454
06/17/2014,LAS,NV,AWP,WE,Towers with Radar,926,57,72,1,1056,1,308,49,1,359,927,365,121,2,1415,0,0,0,1415
06/18/2014,LAS,NV,AWP,WE,Towers with Radar,938,79,78,1,1096,0,338,78,0,416,938,417,156,1,1512,0,0,0,1512
06/19/2014,LAS,NV,AWP,WE,Towers with Radar,1030,75,96,2,1203,0,302,37,0,339,1030,377,133,2,1542,0,0,0,1542
06/20/2014,LAS,NV,AWP,WE,Towers with Radar,1039,103,126,3,1271,0,390,83,5,478,1039,493,209,8,1749,0,0,0,1749
06/21/2014,LAS,NV,AWP,WE,Towers with Radar,825,67,80,2,974,0,511,60,4,575,825,578,140,6,1549,0,0,0,1549
06/22/2014,LAS,NV,AWP,WE,Towers with Radar,980,67,112,4,1163,0,495,23,1,519,980,562,135,5,1682,0,0,0,1682
06/23/2014,LAS,NV,AWP,WE,Towers with Radar,1021,91,86,0,1198,0,465,61,0,526,1021,556,147,0,1724,0,0,0,1724
06/24/2014,LAS,NV,AWP,WE,Towers with Radar,951,68,79,0,1098,0,344,54,0,398,951,412,133,0,1496,0,0,0,1496
06/25/2014,LAS,NV,AWP,WE,Towers with Radar,931,73,76,0,1080,0,310,42,3,355,931,383,118,3,1435,0,0,0,1435
06/26/2014,LAS,NV,AWP,WE,Towers with Radar,1063,76,71,1,1211,0,302,14,2,318,1063,378,85,3,1529,0,0,0,1529
06/27/2014,LAS,NV,AWP,WE,Towers with Radar,1017,74,100,0,1191,0,288,42,3,333,1017,362,142,3,1524,0,0,0,1524
06/28/2014,LAS,NV,AWP,WE,Towers with Radar,840,55,51,0,946,0,260,58,2,320,840,315,109,2,1266,0,0,0,1266
06/29/2014,LAS,NV,AWP,WE,Towers with Radar,972,82,99,5,1158,0,272,38,1,311,972,354,137,6,1469,0,0,0,1469
06/30/2014,LAS,NV,AWP,WE,Towers with Radar,993,59,57,0,1109,0,309,45,0,354,993,368,102,0,1463,0,0,0,1463
07/01/2014,LAS,NV,AWP,WE,Towers with Radar,912,45,81,0,1038,0,310,43,0,353,912,355,124,0,1391,0,0,0,1391
07/02/2014,LAS,NV,AWP,WE,Towers with Radar,950,70,80,0,1100,1,344,42,0,387,951,414,122,0,1487,0,0,0,1487
07/03/2014,LAS,NV,AWP,WE,Towers with Radar,1026,83,89,0,1198,0,358,73,0,431,1026,441,162,0,1629,0,0,0,1629
07/04/2014,LAS,NV,AWP,WE,Towers with Radar,810,47,38,0,895,0,207,23,0,230,810,254,61,0,1125,0,0,0,1125
07/05/2014,LAS,NV,AWP,WE,Towers with Radar,809,55,63,1,928,0,301,75,0,376,809,356,138,1,1304,0,0,0,1304
07/06/2014,LAS,NV,AWP,WE,Towers with Radar,995,64,93,1,1153,0,307,25,0,332,995,371,118,1,1485,0,0,0,1485
07/07/2014,LAS,NV,AWP,WE,Towers with Radar,1005,66,71,1,1143,0,309,70,0,379,1005,375,141,1,1522,0,0,0,1522
07/08/2014,LAS,NV,AWP,WE,Towers with Radar,929,68,60,2,1059,0,314,44,2,360,929,382,104,4,1419,0,0,0,1419
07/09/2014,LAS,NV,AWP,WE,Towers with Radar,954,61,72,1,1088,0,334,48,6,388,954,395,120,7,1476,0,0,0,1476
07/10/2014,LAS,NV,AWP,WE,Towers with Radar,1041,81,91,1,1214,0,243,41,0,284,1041,324,132,1,1498,0,0,0,1498
07/11/2014,LAS,NV,AWP,WE,Towers with Radar,1041,81,103,3,1228,0,366,66,2,434,1041,447,169,5,1662,0,0,0,1662
07/12/2014,LAS,NV,AWP,WE,Towers with Radar,819,53,78,8,958,0,297,56,1,354,819,350,134,9,1312,0,0,0,1312
07/13/2014,LAS,NV,AWP,WE,Towers with Radar,978,90,124,5,1197,0,266,32,1,299,978,356,156,6,1496,0,0,0,1496
07/14/2014,LAS,NV,AWP,WE,Towers with Radar,1003,72,79,6,1160,0,308,45,1,354,1003,380,124,7,1514,0,0,0,1514
07/15/2014,LAS,NV,AWP,WE,Towers with Radar,922,64,87,1,1074,0,315,21,2,338,922,379,108,3,1412,0,0,0,1412
07/16/2014,LAS,NV,AWP,WE,Towers with Radar,951,63,85,4,1103,0,325,33,0,358,951,388,118,4,1461,0,0,0,1461
07/17/2014,LAS,NV,AWP,WE,Towers with Radar,1050,82,92,0,1224,0,333,39,2,374,1050,415,131,2,1598,0,0,0,1598
07/18/2014,LAS,NV,AWP,WE,Towers with Radar,1014,89,104,5,1212,0,331,52,0,383,1014,420,156,5,1595,0,0,0,1595
07/19/2014,LAS,NV,AWP,WE,Towers with Radar,854,53,68,0,975,0,297,32,1,330,854,350,100,1,1305,0,0,0,1305
07/20/2014,LAS,NV,AWP,WE,Towers with Radar,986,83,91,4,1164,0,307,16,0,323,986,390,107,4,1487,0,0,0,1487
07/21/2014,LAS,NV,AWP,WE,Towers with Radar,1001,68,82,3,1154,1,356,52,0,409,1002,424,134,3,1563,0,0,0,1563
07/22/2014,LAS,NV,AWP,WE,Towers with Radar,930,64,68,4,1066,0,365,17,2,384,930,429,85,6,1450,0,0,0,1450
07/23/2014,LAS,NV,AWP,WE,Towers with Radar,942,68,102,2,1114,0,320,70,0,390,942,388,172,2,1504,0,0,0,1504
07/24/2014,LAS,NV,AWP,WE,Towers with Radar,1054,72,101,4,1231,0,375,52,1,428,1054,447,153,5,1659,0,0,0,1659
07/25/2014,LAS,NV,AWP,WE,Towers with Radar,1036,65,102,4,1207,0,325,49,2,376,1036,390,151,6,1583,0,0,0,1583
07/26/2014,LAS,NV,AWP,WE,Towers with Radar,836,79,73,3,991,0,331,27,1,359,836,410,100,4,1350,0,0,0,1350
07/27/2014,LAS,NV,AWP,WE,Towers with Radar,966,92,127,2,1187,0,208,12,1,221,966,300,139,3,1408,0,0,0,1408
07/28/2014,LAS,NV,AWP,WE,Towers with Radar,1025,74,78,3,1180,0,307,36,0,343,1025,381,114,3,1523,0,0,0,1523
07/29/2014,LAS,NV,AWP,WE,Towers with Radar,940,63,69,3,1075,0,386,45,1,432,940,449,114,4,1507,0,0,0,1507
07/30/2014,LAS,NV,AWP,WE,Towers with Radar,955,81,59,12,1107,0,390,54,4,448,955,471,113,16,1555,0,0,0,1555
07/31/2014,LAS,NV,AWP,WE,Towers with Radar,1034,68,70,3,1175,0,386,32,3,421,1034,454,102,6,1596,0,0,0,1596
08/01/2014,LAS,NV,AWP,WE,Towers with Radar,1031,83,105,6,1225,0,344,53,1,398,1031,427,158,7,1623,0,0,0,1623
08/02/2014,LAS,NV,AWP,WE,Towers with Radar,863,56,69,0,988,0,318,36,2,356,863,374,105,2,1344,0,0,0,1344
08/03/2014,LAS,NV,AWP,WE,Towers with Radar,971,67,84,2,1124,0,259,16,0,275,971,326,100,2,1399,0,0,0,1399
08/04/2014,LAS,NV,AWP,WE,Towers with Radar,1003,65,62,3,1133,0,311,45,0,356,1003,376,107,3,1489,0,0,0,1489
08/05/2014,LAS,NV,AWP,WE,Towers with Radar,953,57,66,3,1079,0,375,40,0,415,953,432,106,3,1494,0,0,0,1494
08/06/2014,LAS,NV,AWP,WE,Towers with Radar,955,46,72,6,1079,0,393,65,3,461,955,439,137,9,1540,0,0,0,1540
08/07/2014,LAS,NV,AWP,WE,Towers with Radar,1038,78,104,0,1220,0,384,40,0,424,1038,462,144,0,1644,0,0,0,1644
08/08/2014,LAS,NV,AWP,WE,Towers with Radar,1024,76,96,2,1198,0,366,85,0,451,1024,442,181,2,1649,0,0,0,1649
08/09/2014,LAS,NV,AWP,WE,Towers with Radar,838,54,62,0,954,0,350,59,3,412,838,404,121,3,1366,0,0,0,1366
08/10/2014,LAS,NV,AWP,WE,Towers with Radar,965,61,93,0,1119,0,324,27,0,351,965,385,120,0,1470,0,0,0,1470
08/11/2014,LAS,NV,AWP,WE,Towers with Radar,1002,55,79,2,1138,0,332,55,0,387,1002,387,134,2,1525,0,0,0,1525
08/12/2014,LAS,NV,AWP,WE,Towers with Radar,926,52,71,2,1051,1,364,37,0,402,927,416,108,2,1453,0,0,0,1453
08/13/2014,LAS,NV,AWP,WE,Towers with Radar,956,62,102,2,1122,0,405,49,0,454,956,467,151,2,1576,0,0,0,1576
08/14/2014,LAS,NV,AWP,WE,Towers with Radar,1049,86,78,3,1216,0,395,39,1,435,1049,481,117,4,1651,0,0,0,1651
08/15/2014,LAS,NV,AWP,WE,Towers with Radar,1019,74,97,6,1196,0,359,75,1,435,1019,433,172,7,1631,0,0,0,1631
08/16/2014,LAS,NV,AWP,WE,Towers with Radar,773,55,66,3,897,0,345,49,2,396,773,400,115,5,1293,0,0,0,1293
08/17/2014,LAS,NV,AWP,WE,Towers with Radar,980,78,117,3,1178,0,338,35,1,374,980,416,152,4,1552,0,0,0,1552
08/18/2014,LAS,NV,AWP,WE,Towers with Radar,996,67,91,5,1159,0,345,54,1,400,996,412,145,6,1559,0,0,0,1559
08/19/2014,LAS,NV,AWP,WE,Towers with Radar,911,65,87,5,1068,0,367,40,3,410,911,432,127,8,1478,0,0,0,1478
08/20/2014,LAS,NV,AWP,WE,Towers with Radar,929,69,93,2,1093,0,359,36,0,395,929,428,129,2,1488,0,0,0,1488
08/21/2014,LAS,NV,AWP,WE,Towers with Radar,1025,73,82,4,1184,0,339,43,5,387,1025,412,125,9,1571,0,0,0,1571
08/22/2014,LAS,NV,AWP,WE,Towers with Radar,1009,79,127,4,1219,0,374,80,4,458,1009,453,207,8,1677,0,0,0,1677
08/23/2014,LAS,NV,AWP,WE,Towers with Radar,777,60,82,3,922,0,344,55,2,401,777,404,137,5,1323,0,0,0,1323
08/24/2014,LAS,NV,AWP,WE,Towers with Radar,987,83,144,3,1217,0,377,32,0,409,987,460,176,3,1626,0,0,0,1626
08/25/2014,LAS,NV,AWP,WE,Towers with Radar,962,58,81,2,1103,0,378,50,3,431,962,436,131,5,1534,0,0,0,1534
08/26/2014,LAS,NV,AWP,WE,Towers with Radar,915,71,77,1,1064,0,335,34,0,369,915,406,111,1,1433,0,0,0,1433
08/27/2014,LAS,NV,AWP,WE,Towers with Radar,930,81,95,5,1111,0,327,51,0,378,930,408,146,5,1489,0,0,0,1489
08/28/2014,LAS,NV,AWP,WE,Towers with Radar,1034,100,115,1,1250,0,326,45,0,371,1034,426,160,1,1621,0,0,0,1621
08/29/2014,LAS,NV,AWP,WE,Towers with Radar,972,89,111,3,1175,0,312,67,0,379,972,401,178,3,1554,0,0,0,1554
08/30/2014,LAS,NV,AWP,WE,Towers with Radar,720,51,84,0,855,0,303,59,1,363,720,354,143,1,1218,0,0,0,1218
08/31/2014,LAS,NV,AWP,WE,Towers with Radar,807,69,73,1,950,0,290,48,0,338,807,359,121,1,1288,0,0,0,1288
09/01/2014,LAS,NV,AWP,WE,Towers with Radar,882,63,111,1,1057,0,282,49,2,333,882,345,160,3,1390,0,0,0,1390
09/02/2014,LAS,NV,AWP,WE,Towers with Radar,910,48,69,0,1027,0,325,37,0,362,910,373,106,0,1389,0,0,0,1389
09/03/2014,LAS,NV,AWP,WE,Towers with Radar,916,52,64,2,1034,0,333,41,1,375,916,385,105,3,1409,0,0,0,1409
09/04/2014,LAS,NV,AWP,WE,Towers with Radar,1014,40,78,2,1134,0,355,50,0,405,1014,395,128,2,1539,0,0,0,1539
09/05/2014,LAS,NV,AWP,WE,Towers with Radar,975,67,84,2,1128,0,344,48,0,392,975,411,132,2,1520,0,0,0,1520
09/06/2014,LAS,NV,AWP,WE,Towers with Radar,758,37,52,2,849,0,333,61,0,394,758,370,113,2,1243,0,0,0,1243
09/07/2014,LAS,NV,AWP,WE,Towers with Radar,965,53,89,0,1107,0,251,26,0,277,965,304,115,0,1384,0,0,0,1384
09/08/2014,LAS,NV,AWP,WE,Towers with Radar,988,51,82,4,1125,0,214,45,2,261,988,265,127,6,1386,0,0,0,1386
09/09/2014,LAS,NV,AWP,WE,Towers with Radar,924,67,114,3,1108,0,340,43,4,387,924,407,157,7,1495,0,0,0,1495
09/10/2014,LAS,NV,AWP,WE,Towers with Radar,950,71,128,6,1155,0,356,64,0,420,950,427,192,6,1575,0,0,0,1575
09/11/2014,LAS,NV,AWP,WE,Towers with Radar,1044,96,120,4,1264,0,344,45,2,391,1044,440,165,6,1655,0,0,0,1655
09/12/2014,LAS,NV,AWP,WE,Towers with Radar,1046,96,146,4,1292,0,357,64,0,421,1046,453,210,4,1713,0,0,0,1713
09/13/2014,LAS,NV,AWP,WE,Towers with Radar,788,65,95,0,948,0,345,53,0,398,788,410,148,0,1346,0,0,0,1346
09/14/2014,LAS,NV,AWP,WE,Towers with Radar,986,76,152,1,1215,0,338,42,1,381,986,414,194,2,1596,0,0,0,1596
09/15/2014,LAS,NV,AWP,WE,Towers with Radar,1006,55,113,8,1182,0,359,61,3,423,1006,414,174,11,1605,0,0,0,1605
09/16/2014,LAS,NV,AWP,WE,Towers with Radar,938,67,120,4,1129,0,367,27,1,395,938,434,147,5,1524,0,0,0,1524
09/17/2014,LAS,NV,AWP,WE,Towers with Radar,946,63,105,2,1116,0,336,47,0,383,946,399,152,2,1499,0,0,0,1499
09/18/2014,LAS,NV,AWP,WE,Towers with Radar,1030,61,115,4,1210,0,339,30,2,371,1030,400,145,6,1581,0,0,0,1581
09/19/2014,LAS,NV,AWP,WE,Towers with Radar,1024,83,135,7,1249,0,339,46,2,387,1024,422,181,9,1636,0,0,0,1636
09/20/2014,LAS,NV,AWP,WE,Towers with Radar,779,70,90,3,942,0,322,46,4,372,779,392,136,7,1314,0,0,0,1314
09/21/2014,LAS,NV,AWP,WE,Towers with Radar,1003,94,145,4,1246,0,315,19,4,338,1003,409,164,8,1584,0,0,0,1584
09/22/2014,LAS,NV,AWP,WE,Towers with Radar,1004,43,73,2,1122,0,353,57,2,412,1004,396,130,4,1534,0,0,0,1534
09/23/2014,LAS,NV,AWP,WE,Towers with Radar,913,45,95,4,1057,0,341,49,3,393,913,386,144,7,1450,0,0,0,1450
09/24/2014,LAS,NV,AWP,WE,Towers with Radar,962,55,117,2,1136,0,353,51,0,404,962,408,168,2,1540,0,0,0,1540
09/25/2014,LAS,NV,AWP,WE,Towers with Radar,1053,56,107,5,1221,0,336,47,0,383,1053,392,154,5,1604,0,0,0,1604
09/26/2014,LAS,NV,AWP,WE,Towers with Radar,980,66,111,2,1159,0,283,40,2,325,980,349,151,4,1484,0,0,0,1484
09/27/2014,LAS,NV,AWP,WE,Towers with Radar,808,38,71,6,923,0,246,39,7,292,808,284,110,13,1215,0,0,0,1215
09/28/2014,LAS,NV,AWP,WE,Towers with Radar,1000,71,130,6,1207,2,320,28,1,351,1002,391,158,7,1558,0,0,0,1558
09/29/2014,LAS,NV,AWP,WE,Towers with Radar,1005,51,83,2,1141,3,327,59,1,390,1008,378,142,3,1531,0,0,0,1531
09/30/2014,LAS,NV,AWP,WE,Towers with Radar,915,60,81,0,1056,1,314,28,0,343,916,374,109,0,1399,0,0,0,1399
10/01/2014,LAS,NV,AWP,WE,Towers with Radar,958,52,90,1,1101,0,315,42,0,357,958,367,132,1,1458,0,0,0,1458
10/02/2014,LAS,NV,AWP,WE,Towers with Radar,1025,59,93,2,1179,0,320,59,1,380,1025,379,152,3,1559,0,0,0,1559
10/03/2014,LAS,NV,AWP,WE,Towers with Radar,1055,53,121,4,1233,4,309,40,0,353,1059,362,161,4,1586,0,0,0,1586
10/04/2014,LAS,NV,AWP,WE,Towers with Radar,800,31,52,0,883,0,318,61,3,382,800,349,113,3,1265,0,0,0,1265
10/05/2014,LAS,NV,AWP,WE,Towers with Radar,998,36,123,1,1158,1,290,33,0,324,999,326,156,1,1482,0,0,0,1482
10/06/2014,LAS,NV,AWP,WE,Towers with Radar,1004,48,82,6,1140,1,295,72,0,368,1005,343,154,6,1508,0,0,0,1508
10/07/2014,LAS,NV,AWP,WE,Towers with Radar,929,56,102,2,1089,0,312,42,0,354,929,368,144,2,1443,0,0,0,1443
10/08/2014,LAS,NV,AWP,WE,Towers with Radar,964,58,114,4,1140,0,341,23,1,365,964,399,137,5,1505,0,0,0,1505
10/09/2014,LAS,NV,AWP,WE,Towers with Radar,1069,65,116,8,1258,0,345,36,2,383,1069,410,152,10,1641,0,0,0,1641
10/10/2014,LAS,NV,AWP,WE,Towers with Radar,1052,65,152,4,1273,0,324,56,2,382,1052,389,208,6,1655,0,0,0,1655
10/11/2014,LAS,NV,AWP,WE,Towers with Radar,793,55,96,2,946,0,284,60,0,344,793,339,156,2,1290,0,0,0,1290
10/12/2014,LAS,NV,AWP,WE,Towers with Radar,1002,82,148,0,1232,0,285,34,1,320,1002,367,182,1,1552,0,0,0,1552
10/13/2014,LAS,NV,AWP,WE,Towers with Radar,974,70,88,4,1136,0,284,51,0,335,974,354,139,4,1471,0,0,0,1471
10/14/2014,LAS,NV,AWP,WE,Towers with Radar,954,66,96,2,1118,0,296,32,3,331,954,362,128,5,1449,0,0,0,1449
10/15/2014,LAS,NV,AWP,WE,Towers with Radar,968,40,116,2,1126,0,327,47,0,374,968,367,163,2,1500,0,0,0,1500
10/16/2014,LAS,NV,AWP,WE,Towers with Radar,1085,61,106,2,1254,0,311,51,0,362,1085,372,157,2,1616,0,0,0,1616
10/17/2014,LAS,NV,AWP,WE,Towers with Radar,1047,55,136,3,1241,0,314,44,0,358,1047,369,180,3,1599,0,0,0,1599
10/18/2014,LAS,NV,AWP,WE,Towers with Radar,808,47,97,1,953,0,282,55,0,337,808,329,152,1,1290,0,0,0,1290
10/19/2014,LAS,NV,AWP,WE,Towers with Radar,1010,86,145,2,1243,0,321,29,0,350,1010,407,174,2,1593,0,0,0,1593
10/20/2014,LAS,NV,AWP,WE,Towers with Radar,1018,55,72,2,1147,0,280,57,4,341,1018,335,129,6,1488,0,0,0,1488
10/21/2014,LAS,NV,AWP,WE,Towers with Radar,933,39,73,3,1048,0,282,32,4,318,933,321,105,7,1366,0,0,0,1366
10/22/2014,LAS,NV,AWP,WE,Towers with Radar,968,57,99,3,1127,0,274,40,6,320,968,331,139,9,1447,0,0,0,1447
10/23/2014,LAS,NV,AWP,WE,Towers with Radar,1076,62,112,0,1250,0,319,49,1,369,1076,381,161,1,1619,0,0,0,1619
10/24/2014,LAS,NV,AWP,WE,Towers with Radar,1043,78,99,2,1222,0,321,70,0,391,1043,399,169,2,1613,0,0,0,1613
10/25/2014,LAS,NV,AWP,WE,Towers with Radar,797,43,69,2,911,0,306,56,1,363,797,349,125,3,1274,0,0,0,1274
10/26/2014,LAS,NV,AWP,WE,Towers with Radar,995,70,126,0,1191,0,304,24,1,329,995,374,150,1,1520,0,0,0,1520
10/27/2014,LAS,NV,AWP,WE,Towers with Radar,990,63,74,4,1131,0,294,47,0,341,990,357,121,4,1472,0,0,0,1472
10/28/2014,LAS,NV,AWP,WE,Towers with Radar,911,57,81,0,1049,0,287,20,1,308,911,344,101,1,1357,0,0,0,1357
10/29/2014,LAS,NV,AWP,WE,Towers with Radar,937,38,77,5,1057,0,281,39,2,322,937,319,116,7,1379,0,0,0,1379
10/30/2014,LAS,NV,AWP,WE,Towers with Radar,1030,50,100,2,1182,0,296,45,5,346,1030,346,145,7,1528,0,0,0,1528
10/31/2014,LAS,NV,AWP,WE,Towers with Radar,914,51,118,7,1090,0,266,24,1,291,914,317,142,8,1381,0,0,0,1381
11/01/2014,LAS,NV,AWP,WE,Towers with Radar,754,42,87,0,883,0,187,19,2,208,754,229,106,2,1091,0,0,0,1091
11/02/2014,LAS,NV,AWP,WE,Towers with Radar,958,62,166,3,1189,0,277,16,2,295,958,339,182,5,1484,0,0,0,1484
11/03/2014,LAS,NV,AWP,WE,Towers with Radar,974,71,150,3,1198,0,274,32,4,310,974,345,182,7,1508,0,0,0,1508
11/04/2014,LAS,NV,AWP,WE,Towers with Radar,889,69,116,2,1076,0,252,30,7,289,889,321,146,9,1365,0,0,0,1365
11/05/2014,LAS,NV,AWP,WE,Towers with Radar,921,68,150,4,1143,0,258,56,0,314,921,326,206,4,1457,0,0,0,1457
11/06/2014,LAS,NV,AWP,WE,Towers with Radar,1012,77,131,0,1220,0,273,48,5,326,1012,350,179,5,1546,0,0,0,1546
11/07/2014,LAS,NV,AWP,WE,Towers with Radar,1007,76,162,7,1252,0,283,63,2,348,1007,359,225,9,1600,0,0,0,1600
11/08/2014,LAS,NV,AWP,WE,Towers with Radar,797,49,99,2,947,1,281,84,4,370,798,330,183,6,1317,0,0,0,1317
11/09/2014,LAS,NV,AWP,WE,Towers with Radar,952,69,155,4,1180,0,257,25,1,283,952,326,180,5,1463,0,0,0,1463
11/10/2014,LAS,NV,AWP,WE,Towers with Radar,973,51,66,3,1093,0,325,49,1,375,973,376,115,4,1468,0,0,0,1468
11/11/2014,LAS,NV,AWP,WE,Towers with Radar,859,57,79,1,996,0,285,38,0,323,859,342,117,1,1319,0,0,0,1319
11/12/2014,LAS,NV,AWP,WE,Towers with Radar,916,67,111,4,1098,0,249,32,1,282,916,316,143,5,1380,0,0,0,1380
11/13/2014,LAS,NV,AWP,WE,Towers with Radar,1013,85,95,7,1200,0,250,53,6,309,1013,335,148,13,1509,0,0,0,1509
11/14/2014,LAS,NV,AWP,WE,Towers with Radar,1002,121,148,7,1278,0,250,55,1,306,1002,371,203,8,1584,0,0,0,1584
11/15/2014,LAS,NV,AWP,WE,Towers with Radar,782,67,75,4,928,0,280,63,0,343,782,347,138,4,1271,0,0,0,1271
11/16/2014,LAS,NV,AWP,WE,Towers with Radar,951,111,112,7,1181,0,181,28,1,210,951,292,140,8,1391,0,0,0,1391
11/17/2014,LAS,NV,AWP,WE,Towers with Radar,971,100,79,2,1152,0,246,44,0,290,971,346,123,2,1442,0,0,0,1442
11/18/2014,LAS,NV,AWP,WE,Towers with Radar,899,46,92,2,1039,0,198,39,0,237,899,244,131,2,1276,0,0,0,1276
11/19/2014,LAS,NV,AWP,WE,Towers with Radar,910,60,99,2,1071,0,207,41,10,258,910,267,140,12,1329,0,0,0,1329
11/20/2014,LAS,NV,AWP,WE,Towers with Radar,1023,73,103,2,1201,0,243,41,2,286,1023,316,144,4,1487,0,0,0,1487
11/21/2014,LAS,NV,AWP,WE,Towers with Radar,987,61,138,3,1189,0,97,12,14,123,987,158,150,17,1312,0,0,0,1312
11/22/2014,LAS,NV,AWP,WE,Towers with Radar,795,47,70,2,914,0,99,4,2,105,795,146,74,4,1019,0,0,0,1019
11/23/2014,LAS,NV,AWP,WE,Towers with Radar,923,56,108,1,1088,1,174,56,0,231,924,230,164,1,1319,0,0,0,1319
11/24/2014,LAS,NV,AWP,WE,Towers with Radar,923,39,70,0,1032,0,283,90,0,373,923,322,160,0,1405,0,0,0,1405
11/25/2014,LAS,NV,AWP,WE,Towers with Radar,845,54,57,0,956,0,237,58,0,295,845,291,115,0,1251,0,0,0,1251
11/26/2014,LAS,NV,AWP,WE,Towers with Radar,948,55,72,1,1076,0,261,66,0,327,948,316,138,1,1403,0,0,0,1403
11/27/2014,LAS,NV,AWP,WE,Towers with Radar,654,30,35,0,719,0,146,20,0,166,654,176,55,0,885,0,0,0,885
11/28/2014,LAS,NV,AWP,WE,Towers with Radar,792,43,44,5,884,0,260,75,0,335,792,303,119,5,1219,0,0,0,1219
11/29/2014,LAS,NV,AWP,WE,Towers with Radar,822,36,63,2,923,0,280,62,0,342,822,316,125,2,1265,0,0,0,1265
11/30/2014,LAS,NV,AWP,WE,Towers with Radar,941,36,93,7,1077,0,210,26,0,236,941,246,119,7,1313,0,0,0,1313
12/01/2014,LAS,NV,AWP,WE,Towers with Radar,962,50,86,5,1103,0,183,35,0,218,962,233,121,5,1321,0,0,0,1321
12/02/2014,LAS,NV,AWP,WE,Towers with Radar,885,51,89,4,1029,0,146,22,2,170,885,197,111,6,1199,0,0,0,1199
12/03/2014,LAS,NV,AWP,WE,Towers with Radar,839,42,105,4,990,0,6,3,0,9,839,48,108,4,999,0,0,0,999
12/04/2014,LAS,NV,AWP,WE,Towers with Radar,819,76,134,4,1033,0,22,7,0,29,819,98,141,4,1062,0,0,0,1062
12/05/2014,LAS,NV,AWP,WE,Towers with Radar,973,77,149,6,1205,0,110,26,8,144,973,187,175,14,1349,0,0,0,1349
12/06/2014,LAS,NV,AWP,WE,Towers with Radar,750,53,131,7,941,0,246,43,1,290,750,299,174,8,1231,0,0,0,1231
12/07/2014,LAS,NV,AWP,WE,Towers with Radar,906,90,172,11,1179,0,179,23,0,202,906,269,195,11,1381,0,0,0,1381
12/08/2014,LAS,NV,AWP,WE,Towers with Radar,938,69,92,3,1102,0,214,42,1,257,938,283,134,4,1359,0,0,0,1359
12/09/2014,LAS,NV,AWP,WE,Towers with Radar,841,55,78,2,976,1,176,33,5,215,842,231,111,7,1191,0,0,0,1191
12/10/2014,LAS,NV,AWP,WE,Towers with Radar,870,79,133,2,1084,0,171,44,0,215,870,250,177,2,1299,0,0,0,1299
12/11/2014,LAS,NV,AWP,WE,Towers with Radar,975,67,164,2,1208,0,215,38,2,255,975,282,202,4,1463,0,0,0,1463
12/12/2014,LAS,NV,AWP,WE,Towers with Radar,942,57,118,5,1122,0,140,12,0,152,942,197,130,5,1274,0,0,0,1274
12/13/2014,LAS,NV,AWP,WE,Towers with Radar,748,43,81,0,872,0,195,65,2,262,748,238,146,2,1134,0,0,0,1134
12/14/2014,LAS,NV,AWP,WE,Towers with Radar,904,69,142,1,1116,0,169,32,0,201,904,238,174,1,1317,0,0,0,1317
12/15/2014,LAS,NV,AWP,WE,Towers with Radar,922,38,80,2,1042,0,131,50,2,183,922,169,130,4,1225,0,0,0,1225
12/16/2014,LAS,NV,AWP,WE,Towers with Radar,851,31,54,6,942,0,124,34,0,158,851,155,88,6,1100,0,0,0,1100
12/17/2014,LAS,NV,AWP,WE,Towers with Radar,872,44,60,3,979,0,114,23,0,137,872,158,83,3,1116,0,0,0,1116
12/18/2014,LAS,NV,AWP,WE,Towers with Radar,985,64,68,5,1122,0,136,33,0,169,985,200,101,5,1291,0,0,0,1291
12/19/2014,LAS,NV,AWP,WE,Towers with Radar,970,46,103,7,1126,0,162,41,0,203,970,208,144,7,1329,0,0,0,1329
12/20/2014,LAS,NV,AWP,WE,Towers with Radar,816,55,89,0,960,0,163,59,1,223,816,218,148,1,1183,0,0,0,1183
12/21/2014,LAS,NV,AWP,WE,Towers with Radar,934,40,74,0,1048,0,189,17,3,209,934,229,91,3,1257,0,0,0,1257
12/22/2014,LAS,NV,AWP,WE,Towers with Radar,935,37,53,1,1026,0,172,43,0,215,935,209,96,1,1241,0,0,0,1241
12/23/2014,LAS,NV,AWP,WE,Towers with Radar,889,49,61,3,1002,0,245,67,0,312,889,294,128,3,1314,0,0,0,1314
12/24/2014,LAS,NV,AWP,WE,Towers with Radar,786,31,64,0,881,0,178,16,0,194,786,209,80,0,1075,0,0,0,1075
12/25/2014,LAS,NV,AWP,WE,Towers with Radar,767,19,47,0,833,0,106,19,0,125,767,125,66,0,958,0,0,0,958
12/26/2014,LAS,NV,AWP,WE,Towers with Radar,932,51,87,0,1070,0,290,81,0,371,932,341,168,0,1441,0,0,0,1441
12/27/2014,LAS,NV,AWP,WE,Towers with Radar,824,58,77,0,959,0,309,65,0,374,824,367,142,0,1333,0,0,0,1333
12/28/2014,LAS,NV,AWP,WE,Towers with Radar,937,64,81,0,1082,0,291,33,0,324,937,355,114,0,1406,0,0,0,1406
12/29/2014,LAS,NV,AWP,WE,Towers with Radar,943,75,83,0,1101,0,337,77,0,414,943,412,160,0,1515,0,0,0,1515
12/30/2014,LAS,NV,AWP,WE,Towers with Radar,893,94,125,5,1117,0,352,60,0,412,893,446,185,5,1529,0,0,0,1529
12/31/2014,LAS,NV,AWP,WE,Towers with Radar,804,71,75,0,950,0,19,33,0,52,804,90,108,0,1002,0,0,0,1002
01/01/2015,LAS,NV,AWP,WE,Towers with Radar,786,98,105,0,989,0,335,65,0,400,786,433,170,0,1389,0,0,0,1389
01/02/2015,LAS,NV,AWP,WE,Towers with Radar,963,104,186,1,1254,0,323,82,0,405,963,427,268,1,1659,0,0,0,1659
01/03/2015,LAS,NV,AWP,WE,Towers with Radar,818,77,126,0,1021,0,297,116,1,414,818,374,242,1,1435,0,0,0,1435
01/04/2015,LAS,NV,AWP,WE,Towers with Radar,940,80,154,1,1175,0,307,33,0,340,940,387,187,1,1515,0,0,0,1515
01/05/2015,LAS,NV,AWP,WE,Towers with Radar,989,90,173,2,1254,0,248,43,0,291,989,338,216,2,1545,0,0,0,1545
01/06/2015,LAS,NV,AWP,WE,Towers with Radar,888,93,161,2,1144,0,181,40,1,222,888,274,201,3,1366,0,0,0,1366
01/07/2015,LAS,NV,AWP,WE,Towers with Radar,902,126,200,4,1232,0,177,55,0,232,902,303,255,4,1464,0,0,0,1464
01/08/2015,LAS,NV,AWP,WE,Towers with Radar,995,102,223,6,1326,0,193,45,0,238,995,295,268,6,1564,0,0,0,1564
01/09/2015,LAS,NV,AWP,WE,Towers with Radar,1002,65,146,3,1216,0,210,66,1,277,1002,275,212,4,1493,0,0,0,1493
01/10/2015,LAS,NV,AWP,WE,Towers with Radar,774,48,71,1,894,0,208,81,2,291,774,256,152,3,1185,0,0,0,1185
01/11/2015,LAS,NV,AWP,WE,Towers with Radar,911,40,93,3,1047,0,61,1,0,62,911,101,94,3,1109,0,0,0,1109
01/12/2015,LAS,NV,AWP,WE,Towers with Radar,921,47,67,7,1042,0,124,38,1,163,921,171,105,8,1205,0,0,0,1205
01/13/2015,LAS,NV,AWP,WE,Towers with Radar,858,47,77,2,984,0,218,56,2,276,858,265,133,4,1260,0,0,0,1260
01/14/2015,LAS,NV,AWP,WE,Towers with Radar,872,51,73,4,1000,0,192,36,4,232,872,243,109,8,1232,0,0,0,1232
01/15/2015,LAS,NV,AWP,WE,Towers with Radar,991,53,112,7,1163,0,172,36,0,208,991,225,148,7,1371,0,0,0,1371
01/16/2015,LAS,NV,AWP,WE,Towers with Radar,976,87,130,6,1199,0,149,69,2,220,976,236,199,8,1419,0,0,0,1419
01/17/2015,LAS,NV,AWP,WE,Towers with Radar,747,55,90,3,895,0,204,71,8,283,747,259,161,11,1178,0,0,0,1178
01/18/2015,LAS,NV,AWP,WE,Towers with Radar,918,67,119,2,1106,0,186,16,3,205,918,253,135,5,1311,0,0,0,1311
01/19/2015,LAS,NV,AWP,WE,Towers with Radar,910,76,170,0,1156,0,184,28,1,213,910,260,198,1,1369,0,0,0,1369
01/20/2015,LAS,NV,AWP,WE,Towers with Radar,854,62,124,2,1042,0,126,31,0,157,854,188,155,2,1199,0,0,0,1199
01/21/2015,LAS,NV,AWP,WE,Towers with Radar,862,54,133,4,1053,0,169,40,5,214,862,223,173,9,1267,0,0,0,1267
01/22/2015,LAS,NV,AWP,WE,Towers with Radar,986,78,144,5,1213,0,174,35,3,212,986,252,179,8,1425,0,0,0,1425
01/23/2015,LAS,NV,AWP,WE,Towers with Radar,967,55,156,6,1184,0,195,55,2,252,967,250,211,8,1436,0,0,0,1436
01/24/2015,LAS,NV,AWP,WE,Towers with Radar,751,49,81,1,882,0,246,67,4,317,751,295,148,5,1199,0,0,0,1199
01/25/2015,LAS,NV,AWP,WE,Towers with Radar,919,64,108,4,1095,0,210,25,1,236,919,274,133,5,1331,0,0,0,1331
01/26/2015,LAS,NV,AWP,WE,Towers with Radar,904,43,71,8,1026,0,164,35,2,201,904,207,106,10,1227,0,0,0,1227
01/27/2015,LAS,NV,AWP,WE,Towers with Radar,825,66,94,3,988,0,130,21,2,153,825,196,115,5,1141,0,0,0,1141
01/28/2015,LAS,NV,AWP,WE,Towers with Radar,857,53,105,4,1019,0,158,45,2,205,857,211,150,6,1224,0,0,0,1224
01/29/2015,LAS,NV,AWP,WE,Towers with Radar,983,69,110,12,1174,0,164,40,5,209,983,233,150,17,1383,0,0,0,1383
01/30/2015,LAS,NV,AWP,WE,Towers with Radar,978,104,200,10,1292,0,41,32,0,73,978,145,232,10,1365,0,0,0,1365
01/31/2015,LAS,NV,AWP,WE,Towers with Radar,739,72,128,1,940,0,195,45,0,240,739,267,173,1,1180,0,0,0,1180
02/01/2015,LAS,NV,AWP,WE,Towers with Radar,852,92,157,2,1103,0,186,15,4,205,852,278,172,6,1308,0,0,0,1308
02/02/2015,LAS,NV,AWP,WE,Towers with Radar,951,112,229,2,1294,0,192,50,3,245,951,304,279,5,1539,0,0,0,1539
02/03/2015,LAS,NV,AWP,WE,Towers with Radar,859,48,100,3,1010,0,155,28,1,184,859,203,128,4,1194,0,0,0,1194
02/04/2015,LAS,NV,AWP,WE,Towers with Radar,891,55,122,5,1073,0,168,34,0,202,891,223,156,5,1275,0,0,0,1275
02/05/2015,LAS,NV,AWP,WE,Towers with Radar,1001,76,115,7,1199,0,207,18,1,226,1001,283,133,8,1425,0,0,0,1425
02/06/2015,LAS,NV,AWP,WE,Towers with Radar,956,67,107,5,1135,0,233,21,1,255,956,300,128,6,1390,0,0,0,1390
02/07/2015,LAS,NV,AWP,WE,Towers with Radar,758,60,91,4,913,0,246,8,1,255,758,306,99,5,1168,0,0,0,1168
02/08/2015,LAS,NV,AWP,WE,Towers with Radar,927,85,123,3,1138,0,219,24,1,244,927,304,147,4,1382,0,0,0,1382
02/09/2015,LAS,NV,AWP,WE,Towers with Radar,944,41,75,5,1065,0,179,16,0,195,944,220,91,5,1260,0,0,0,1260
02/10/2015,LAS,NV,AWP,WE,Towers with Radar,858,67,88,2,1015,0,212,18,0,230,858,279,106,2,1245,0,0,0,1245
02/11/2015,LAS,NV,AWP,WE,Towers with Radar,906,60,89,2,1057,0,174,10,0,184,906,234,99,2,1241,0,0,0,1241
02/12/2015,LAS,NV,AWP,WE,Towers with Radar,1002,50,94,4,1150,0,189,9,1,199,1002,239,103,5,1349,0,0,0,1349
02/13/2015,LAS,NV,AWP,WE,Towers with Radar,959,52,98,4,1113,0,236,21,0,257,959,288,119,4,1370,0,0,0,1370
02/14/2015,LAS,NV,AWP,WE,Towers with Radar,750,39,80,2,871,0,334,7,0,341,750,373,87,2,1212,0,0,0,1212
02/15/2015,LAS,NV,AWP,WE,Towers with Radar,898,45,109,1,1053,0,265,17,0,282,898,310,126,1,1335,0,0,0,1335
02/16/2015,LAS,NV,AWP,WE,Towers with Radar,911,59,131,4,1105,0,248,12,0,260,911,307,143,4,1365,0,0,0,1365
02/17/2015,LAS,NV,AWP,WE,Towers with Radar,889,44,88,3,1024,0,259,21,0,280,889,303,109,3,1304,0,0,0,1304
02/18/2015,LAS,NV,AWP,WE,Towers with Radar,910,43,111,3,1067,0,231,24,1,256,910,274,135,4,1323,0,0,0,1323
02/19/2015,LAS,NV,AWP,WE,Towers with Radar,1014,66,101,4,1185,0,248,12,1,261,1014,314,113,5,1446,0,0,0,1446
02/20/2015,LAS,NV,AWP,WE,Towers with Radar,981,67,135,11,1194,0,285,12,0,297,981,352,147,11,1491,0,0,0,1491
02/21/2015,LAS,NV,AWP,WE,Towers with Radar,741,42,75,1,859,0,293,24,0,317,741,335,99,1,1176,0,0,0,1176
02/22/2015,LAS,NV,AWP,WE,Towers with Radar,895,52,110,1,1058,0,182,8,1,191,895,234,118,2,1249,0,0,0,1249
02/23/2015,LAS,NV,AWP,WE,Towers with Radar,975,46,82,7,1110,0,61,1,3,65,975,107,83,10,1175,0,0,0,1175
02/24/2015,LAS,NV,AWP,WE,Towers with Radar,865,68,107,4,1044,0,258,19,1,278,865,326,126,5,1322,0,0,0,1322
02/25/2015,LAS,NV,AWP,WE,Towers with Radar,884,51,98,2,1035,0,217,14,1,232,884,268,112,3,1267,0,0,0,1267
02/26/2015,LAS,NV,AWP,WE,Towers with Radar,990,51,104,9,1154,0,227,10,0,237,990,278,114,9,1391,0,0,0,1391
02/27/2015,LAS,NV,AWP,WE,Towers with Radar,971,58,109,12,1150,0,242,8,0,250,971,300,117,12,1400,0,0,0,1400
02/28/2015,LAS,NV,AWP,WE,Towers with Radar,720,50,85,2,857,0,206,5,0,211,720,256,90,2,1068,0,0,0,1068
03/01/2015,LAS,NV,AWP,WE,Towers with Radar,881,62,104,3,1050,0,138,2,2,142,881,200,106,5,1192,0,0,0,1192
03/02/2015,LAS,NV,AWP,WE,Towers with Radar,970,41,59,5,1075,0,94,7,7,108,970,135,66,12,1183,0,0,0,1183
03/03/2015,LAS,NV,AWP,WE,Towers with Radar,880,47,72,4,1003,0,238,23,6,267,880,285,95,10,1270,0,0,0,1270
03/04/2015,LAS,NV,AWP,WE,Towers with Radar,907,47,105,2,1061,0,204,22,7,233,907,251,127,9,1294,0,0,0,1294
03/05/2015,LAS,NV,AWP,WE,Towers with Radar,978,83,176,2,1239,0,220,25,2,247,978,303,201,4,1486,0,0,0,1486
03/06/2015,LAS,NV,AWP,WE,Towers with Radar,1003,86,147,4,1240,0,272,30,2,304,1003,358,177,6,1544,0,0,0,1544
03/07/2015,LAS,NV,AWP,WE,Towers with Radar,814,67,103,0,984,0,275,34,0,309,814,342,137,0,1293,0,0,0,1293
03/08/2015,LAS,NV,AWP,WE,Towers with Radar,988,97,162,1,1248,0,441,44,0,485,988,538,206,1,1733,0,0,0,1733
03/09/2015,LAS,NV,AWP,WE,Towers with Radar,1011,74,104,4,1193,0,244,35,2,281,1011,318,139,6,1474,0,0,0,1474
03/10/2015,LAS,NV,AWP,WE,Towers with Radar,931,70,92,7,1100,0,216,11,6,233,931,286,103,13,1333,0,0,0,1333
03/11/2015,LAS,NV,AWP,WE,Towers with Radar,970,73,90,2,1135,0,256,21,5,282,970,329,111,7,1417,0,0,0,1417
03/12/2015,LAS,NV,AWP,WE,Towers with Radar,1044,61,128,5,1238,0,267,18,5,290,1044,328,146,10,1528,0,0,0,1528
03/13/2015,LAS,NV,AWP,WE,Towers with Radar,1048,61,125,11,1245,0,232,21,3,256,1048,293,146,14,1501,0,0,0,1501
03/14/2015,LAS,NV,AWP,WE,Towers with Radar,822,46,91,4,963,0,269,29,1,299,822,315,120,5,1262,0,0,0,1262
03/15/2015,LAS,NV,AWP,WE,Towers with Radar,996,72,139,8,1215,0,260,18,0,278,996,332,157,8,1493,0,0,0,1493
03/16/2015,LAS,NV,AWP,WE,Towers with Radar,1011,65,73,5,1154,0,265,13,2,280,1011,330,86,7,1434,0,0,0,1434
03/17/2015,LAS,NV,AWP,WE,Towers with Radar,931,60,75,2,1068,0,335,22,5,362,931,395,97,7,1430,0,0,0,1430
03/18/2015,LAS,NV,AWP,WE,Towers with Radar,968,68,108,4,1148,0,235,18,0,253,968,303,126,4,1401,0,0,0,1401
03/19/2015,LAS,NV,AWP,WE,Towers with Radar,1050,70,91,2,1213,0,247,19,1,267,1050,317,110,3,1480,0,0,0,1480
03/20/2015,LAS,NV,AWP,WE,Towers with Radar,1022,90,135,9,1256,0,261,16,2,279,1022,351,151,11,1535,0,0,0,1535
03/21/2015,LAS,NV,AWP,WE,Towers with Radar,844,61,93,3,1001,0,252,14,0,266,844,313,107,3,1267,0,0,0,1267
03/22/2015,LAS,NV,AWP,WE,Towers with Radar,987,88,112,1,1188,0,254,20,2,276,987,342,132,3,1464,0,0,0,1464
03/23/2015,LAS,NV,AWP,WE,Towers with Radar,997,57,79,2,1135,0,256,21,2,279,997,313,100,4,1414,0,0,0,1414
03/24/2015,LAS,NV,AWP,WE,Towers with Radar,940,62,82,4,1088,0,287,14,2,303,940,349,96,6,1391,0,0,0,1391
03/25/2015,LAS,NV,AWP,WE,Towers with Radar,964,80,89,2,1135,0,278,11,2,291,964,358,100,4,1426,0,0,0,1426
03/26/2015,LAS,NV,AWP,WE,Towers with Radar,1050,69,98,2,1219,0,308,14,0,322,1050,377,112,2,1541,0,0,0,1541
03/27/2015,LAS,NV,AWP,WE,Towers with Radar,1043,70,108,4,1225,0,311,27,0,338,1043,381,135,4,1563,0,0,0,1563
03/28/2015,LAS,NV,AWP,WE,Towers with Radar,829,63,76,2,970,0,265,23,3,291,829,328,99,5,1261,0,0,0,1261
03/29/2015,LAS,NV,AWP,WE,Towers with Radar,982,75,114,1,1172,0,290,27,0,317,982,365,141,1,1489,0,0,0,1489
03/30/2015,LAS,NV,AWP,WE,Towers with Radar,1014,48,69,4,1135,0,291,13,2,306,1014,339,82,6,1441,0,0,0,1441
03/31/2015,LAS,NV,AWP,WE,Towers with Radar,930,56,73,2,1061,0,310,9,2,321,930,366,82,4,1382,0,0,0,1382
04/01/2015,LAS,NV,AWP,WE,Towers with Radar,971,62,93,2,1128,0,312,12,0,324,971,374,105,2,1452,0,0,0,1452
04/02/2015,LAS,NV,AWP,WE,Towers with Radar,1041,64,85,6,1196,0,341,7,0,348,1041,405,92,6,1544,0,0,0,1544
04/03/2015,LAS,NV,AWP,WE,Towers with Radar,1030,62,87,4,1183,0,350,11,4,365,1030,412,98,8,1548,0,0,0,1548
04/04/2015,LAS,NV,AWP,WE,Towers with Radar,802,58,63,0,923,0,350,29,2,381,802,408,92,2,1304,0,0,0,1304
04/05/2015,LAS,NV,AWP,WE,Towers with Radar,978,63,79,4,1124,0,320,11,3,334,978,383,90,7,1458,0,0,0,1458
04/06/2015,LAS,NV,AWP,WE,Towers with Radar,1010,49,113,6,1178,0,325,11,2,338,1010,374,124,8,1516,0,0,0,1516
04/07/2015,LAS,NV,AWP,WE,Towers with Radar,905,60,81,0,1046,0,343,8,3,354,905,403,89,3,1400,0,0,0,1400
04/08/2015,LAS,NV,AWP,WE,Towers with Radar,971,53,84,0,1108,0,353,13,2,368,971,406,97,2,1476,0,0,0,1476
04/09/2015,LAS,NV,AWP,WE,Towers with Radar,1042,71,102,5,1220,0,306,23,0,329,1042,377,125,5,1549,0,0,0,1549
04/10/2015,LAS,NV,AWP,WE,Towers with Radar,1037,84,120,5,1246,0,320,23,1,344,1037,404,143,6,1590,0,0,0,1590
04/11/2015,LAS,NV,AWP,WE,Towers with Radar,825,49,79,1,954,0,273,8,5,286,825,322,87,6,1240,0,0,0,1240
04/12/2015,LAS,NV,AWP,WE,Towers with Radar,990,84,142,3,1219,0,252,19,5,276,990,336,161,8,1495,0,0,0,1495
04/13/2015,LAS,NV,AWP,WE,Towers with Radar,1024,47,111,4,1186,0,217,22,0,239,1024,264,133,4,1425,0,0,0,1425
04/14/2015,LAS,NV,AWP,WE,Towers with Radar,933,61,102,6,1102,0,112,5,0,117,933,173,107,6,1219,0,0,0,1219
04/15/2015,LAS,NV,AWP,WE,Towers with Radar,981,74,127,3,1185,0,306,40,3,349,981,380,167,6,1534,0,0,0,1534
04/16/2015,LAS,NV,AWP,WE,Towers with Radar,1040,85,119,3,1247,0,268,15,2,285,1040,353,134,5,1532,0,0,0,1532
04/17/2015,LAS,NV,AWP,WE,Towers with Radar,1034,107,156,3,1300,0,288,15,0,303,1034,395,171,3,1603,0,0,0,1603
04/18/2015,LAS,NV,AWP,WE,Towers with Radar,819,58,104,0,981,0,245,15,5,265,819,303,119,5,1246,0,0,0,1246
04/19/2015,LAS,NV,AWP,WE,Towers with Radar,989,85,156,0,1230,0,259,11,0,270,989,344,167,0,1500,0,0,0,1500
04/20/2015,LAS,NV,AWP,WE,Towers with Radar,1014,72,96,5,1187,0,288,6,4,298,1014,360,102,9,1485,0,0,0,1485
04/21/2015,LAS,NV,AWP,WE,Towers with Radar,943,44,110,3,1100,0,303,7,3,313,943,347,117,6,1413,0,0,0,1413
04/22/2015,LAS,NV,AWP,WE,Towers with Radar,966,49,85,3,1103,0,282,5,0,287,966,331,90,3,1390,0,0,0,1390
04/23/2015,LAS,NV,AWP,WE,Towers with Radar,1052,85,113,2,1252,0,291,7,0,298,1052,376,120,2,1550,0,0,0,1550
04/24/2015,LAS,NV,AWP,WE,Towers with Radar,1012,84,137,7,1240,0,296,13,0,309,1012,380,150,7,1549,0,0,0,1549
04/25/2015,LAS,NV,AWP,WE,Towers with Radar,826,64,81,0,971,0,232,6,0,238,826,296,87,0,1209,0,0,0,1209
04/26/2015,LAS,NV,AWP,WE,Towers with Radar,994,85,141,3,1223,0,242,12,3,257,994,327,153,6,1480,0,0,0,1480
04/27/2015,LAS,NV,AWP,WE,Towers with Radar,1005,32,67,4,1108,0,301,10,0,311,1005,333,77,4,1419,0,0,0,1419
04/28/2015,LAS,NV,AWP,WE,Towers with Radar,958,49,58,5,1070,0,311,17,1,329,958,360,75,6,1399,0,0,0,1399
04/29/2015,LAS,NV,AWP,WE,Towers with Radar,981,57,103,5,1146,0,317,22,4,343,981,374,125,9,1489,0,0,0,1489
04/30/2015,LAS,NV,AWP,WE,Towers with Radar,1053,109,190,6,1358,0,333,13,1,347,1053,442,203,7,1705,0,0,0,1705
05/01/2015,LAS,NV,AWP,WE,Towers with Radar,1059,152,275,4,1490,0,324,11,0,335,1059,476,286,4,1825,0,0,0,1825
05/02/2015,LAS,NV,AWP,WE,Towers with Radar,823,83,178,0,1084,0,244,22,1,267,823,327,200,1,1351,0,0,0,1351
05/03/2015,LAS,NV,AWP,WE,Towers with Radar,994,136,315,0,1445,0,308,10,0,318,994,444,325,0,1763,0,0,0,1763
05/04/2015,LAS,NV,AWP,WE,Towers with Radar,1036,122,155,4,1317,0,337,2,2,341,1036,459,157,6,1658,0,0,0,1658
05/05/2015,LAS,NV,AWP,WE,Towers with Radar,982,92,120,4,1198,0,338,12,0,350,982,430,132,4,1548,0,0,0,1548
05/06/2015,LAS,NV,AWP,WE,Towers with Radar,985,67,93,6,1151,0,337,5,6,348,985,404,98,12,1499,0,0,0,1499
05/07/2015,LAS,NV,AWP,WE,Towers with Radar,1080,83,124,6,1293,0,349,17,0,366,1080,432,141,6,1659,0,0,0,1659
05/08/2015,LAS,NV,AWP,WE,Towers with Radar,1050,54,118,2,1224,0,328,9,0,337,1050,382,127,2,1561,0,0,0,1561
05/09/2015,LAS,NV,AWP,WE,Towers with Radar,807,33,64,3,907,0,356,5,0,361,807,389,69,3,1268,0,0,0,1268
05/10/2015,LAS,NV,AWP,WE,Towers with Radar,987,41,96,1,1125,0,322,12,0,334,987,363,108,1,1459,0,0,0,1459
05/11/2015,LAS,NV,AWP,WE,Towers with Radar,1037,46,91,6,1180,0,347,10,0,357,1037,393,101,6,1537,0,0,0,1537
05/12/2015,LAS,NV,AWP,WE,Towers with Radar,993,57,82,2,1134,0,339,13,0,352,993,396,95,2,1486,0,0,0,1486
05/13/2015,LAS,NV,AWP,WE,Towers with Radar,988,64,132,0,1184,0,303,16,1,320,988,367,148,1,1504,0,0,0,1504
05/14/2015,LAS,NV,AWP,WE,Towers with Radar,1074,85,147,6,1312,0,340,9,0,349,1074,425,156,6,1661,0,0,0,1661
05/15/2015,LAS,NV,AWP,WE,Towers with Radar,1049,93,135,4,1281,0,327,14,6,347,1049,420,149,10,1628,0,0,0,1628
05/16/2015,LAS,NV,AWP,WE,Towers with Radar,828,73,143,0,1044,0,339,13,2,354,828,412,156,2,1398,0,0,0,1398
05/17/2015,LAS,NV,AWP,WE,Towers with Radar,1001,138,220,3,1362,0,341,21,1,363,1001,479,241,4,1725,0,0,0,1725
05/18/2015,LAS,NV,AWP,WE,Towers with Radar,1026,102,134,2,1264,0,344,15,2,361,1026,446,149,4,1625,0,0,0,1625
05/19/2015,LAS,NV,AWP,WE,Towers with Radar,996,106,146,5,1253,0,394,10,2,406,996,500,156,7,1659,0,0,0,1659
05/20/2015,LAS,NV,AWP,WE,Towers with Radar,1001,73,163,4,1241,0,351,12,4,367,1001,424,175,8,1608,0,0,0,1608
05/21/2015,LAS,NV,AWP,WE,Towers with Radar,1089,56,100,5,1250,0,344,10,3,357,1089,400,110,8,1607,0,0,0,1607
05/22/2015,LAS,NV,AWP,WE,Towers with Radar,1032,69,128,3,1232,0,328,10,3,341,1032,397,138,6,1573,0,0,0,1573
05/23/2015,LAS,NV,AWP,WE,Towers with Radar,794,44,98,3,939,0,314,7,0,321,794,358,105,3,1260,0,0,0,1260
05/24/2015,LAS,NV,AWP,WE,Towers with Radar,874,58,103,0,1035,0,368,18,0,386,874,426,121,0,1421,0,0,0,1421
05/25/2015,LAS,NV,AWP,WE,Towers with Radar,945,79,90,0,1114,0,366,16,0,382,945,445,106,0,1496,0,0,0,1496
05/26/2015,LAS,NV,AWP,WE,Towers with Radar,968,58,109,2,1137,0,376,15,0,391,968,434,124,2,1528,0,0,0,1528
05/27/2015,LAS,NV,AWP,WE,Towers with Radar,987,59,70,2,1118,0,360,26,1,387,987,419,96,3,1505,0,0,0,1505
05/28/2015,LAS,NV,AWP,WE,Towers with Radar,1086,61,104,6,1257,0,334,10,0,344,1086,395,114,6,1601,0,0,0,1601
05/29/2015,LAS,NV,AWP,WE,Towers with Radar,1072,65,122,0,1259,0,286,15,0,301,1072,351,137,0,1560,0,0,0,1560
05/30/2015,LAS,NV,AWP,WE,Towers with Radar,831,49,85,0,965,0,262,22,0,284,831,311,107,0,1249,0,0,0,1249
05/31/2015,LAS,NV,AWP,WE,Towers with Radar,996,62,132,2,1192,0,287,12,0,299,996,349,144,2,1491,0,0,0,1491
06/01/2015,LAS,NV,AWP,WE,Towers with Radar,1043,54,104,3,1204,0,322,24,2,348,1043,376,128,5,1552,0,0,0,1552
06/02/2015,LAS,NV,AWP,WE,Towers with Radar,979,49,72,3,1103,0,376,26,1,403,979,425,98,4,1506,0,0,0,1506
06/03/2015,LAS,NV,AWP,WE,Towers with Radar,984,46,88,3,1121,0,337,25,1,363,984,383,113,4,1484,0,0,0,1484
06/04/2015,LAS,NV,AWP,WE,Towers with Radar,1052,46,113,4,1215,0,366,15,0,381,1052,412,128,4,1596,0,0,0,1596
06/05/2015,LAS,NV,AWP,WE,Towers with Radar,1046,44,85,5,1180,0,310,13,1,324,1046,354,98,6,1504,0,0,0,1504
06/06/2015,LAS,NV,AWP,WE,Towers with Radar,835,33,56,1,925,0,341,11,0,352,835,374,67,1,1277,0,0,0,1277
06/07/2015,LAS,NV,AWP,WE,Towers with Radar,997,56,100,1,1154,0,304,36,0,340,997,360,136,1,1494,0,0,0,1494
06/08/2015,LAS,NV,AWP,WE,Towers with Radar,1004,63,86,5,1158,0,328,18,0,346,1004,391,104,5,1504,0,0,0,1504
06/09/2015,LAS,NV,AWP,WE,Towers with Radar,972,60,76,7,1115,0,303,5,2,310,972,363,81,9,1425,0,0,0,1425
06/10/2015,LAS,NV,AWP,WE,Towers with Radar,982,70,93,4,1149,0,305,13,2,320,982,375,106,6,1469,0,0,0,1469
06/11/2015,LAS,NV,AWP,WE,Towers with Radar,1054,69,98,3,1224,0,306,16,4,326,1054,375,114,7,1550,0,0,0,1550
06/12/2015,LAS,NV,AWP,WE,Towers with Radar,1052,71,101,3,1227,0,344,26,1,371,1052,415,127,4,1598,0,0,0,1598
06/13/2015,LAS,NV,AWP,WE,Towers with Radar,868,56,78,2,1004,0,269,10,2,281,868,325,88,4,1285,0,0,0,1285
06/14/2015,LAS,NV,AWP,WE,Towers with Radar,1005,65,117,1,1188,0,323,9,0,332,1005,388,126,1,1520,0,0,0,1520
06/15/2015,LAS,NV,AWP,WE,Towers with Radar,1004,56,77,0,1137,0,333,11,1,345,1004,389,88,1,1482,0,0,0,1482
06/16/2015,LAS,NV,AWP,WE,Towers with Radar,965,37,49,4,1055,0,402,10,2,414,965,439,59,6,1469,0,0,0,1469
06/17/2015,LAS,NV,AWP,WE,Towers with Radar,970,52,81,1,1104,0,348,2,0,350,970,400,83,1,1454,0,0,0,1454
06/18/2015,LAS,NV,AWP,WE,Towers with Radar,1060,62,102,2,1226,0,347,11,0,358,1060,409,113,2,1584,0,0,0,1584
06/19/2015,LAS,NV,AWP,WE,Towers with Radar,1062,66,116,3,1247,0,418,13,1,432,1062,484,129,4,1679,0,0,0,1679
06/20/2015,LAS,NV,AWP,WE,Towers with Radar,857,42,57,4,960,0,510,15,3,528,857,552,72,7,1488,0,0,0,1488
06/21/2015,LAS,NV,AWP,WE,Towers with Radar,987,72,117,3,1179,0,528,15,0,543,987,600,132,3,1722,0,0,0,1722
06/22/2015,LAS,NV,AWP,WE,Towers with Radar,1009,72,91,3,1175,0,502,14,1,517,1009,574,105,4,1692,0,0,0,1692
06/23/2015,LAS,NV,AWP,WE,Towers with Radar,974,56,74,2,1106,0,358,13,5,376,974,414,87,7,1482,0,0,0,1482
06/24/2015,LAS,NV,AWP,WE,Towers with Radar,998,65,73,5,1141,0,310,25,0,335,998,375,98,5,1476,0,0,0,1476
06/25/2015,LAS,NV,AWP,WE,Towers with Radar,1067,70,100,4,1241,0,343,30,0,373,1067,413,130,4,1614,0,0,0,1614
06/26/2015,LAS,NV,AWP,WE,Towers with Radar,1046,75,104,4,1229,0,336,22,0,358,1046,411,126,4,1587,0,0,0,1587
06/27/2015,LAS,NV,AWP,WE,Towers with Radar,876,53,69,1,999,0,275,16,2,293,876,328,85,3,1292,0,0,0,1292
06/28/2015,LAS,NV,AWP,WE,Towers with Radar,1001,80,109,0,1190,0,289,15,1,305,1001,369,124,1,1495,0,0,0,1495
06/29/2015,LAS,NV,AWP,WE,Towers with Radar,1021,51,75,3,1150,0,297,5,1,303,1021,348,80,4,1453,0,0,0,1453
06/30/2015,LAS,NV,AWP,WE,Towers with Radar,949,59,56,2,1066,0,307,11,2,320,949,366,67,4,1386,0,0,0,1386
07/01/2015,LAS,NV,AWP,WE,Towers with Radar,970,69,60,3,1102,0,292,10,0,302,970,361,70,3,1404,0,0,0,1404
07/02/2015,LAS,NV,AWP,WE,Towers with Radar,1057,71,84,0,1212,0,342,16,2,360,1057,413,100,2,1572,0,0,0,1572
07/03/2015,LAS,NV,AWP,WE,Towers with Radar,920,61,81,1,1063,0,323,17,0,340,920,384,98,1,1403,0,0,0,1403
07/04/2015,LAS,NV,AWP,WE,Towers with Radar,723,38,32,0,793,0,252,6,0,258,723,290,38,0,1051,0,0,0,1051
07/05/2015,LAS,NV,AWP,WE,Towers with Radar,999,66,92,0,1157,0,285,12,0,297,999,351,104,0,1454,0,0,0,1454
07/06/2015,LAS,NV,AWP,WE,Towers with Radar,1012,67,69,3,1151,0,332,15,0,347,1012,399,84,3,1498,0,0,0,1498
07/07/2015,LAS,NV,AWP,WE,Towers with Radar,974,53,61,4,1092,0,383,7,0,390,974,436,68,4,1482,0,0,0,1482
07/08/2015,LAS,NV,AWP,WE,Towers with Radar,976,68,84,4,1132,0,315,14,2,331,976,383,98,6,1463,0,0,0,1463
07/09/2015,LAS,NV,AWP,WE,Towers with Radar,1063,56,77,2,1198,0,348,15,2,365,1063,404,92,4,1563,0,0,0,1563
07/10/2015,LAS,NV,AWP,WE,Towers with Radar,1053,78,123,4,1258,0,393,19,1,413,1053,471,142,5,1671,0,0,0,1671
07/11/2015,LAS,NV,AWP,WE,Towers with Radar,863,62,89,2,1016,0,319,14,0,333,863,381,103,2,1349,0,0,0,1349
07/12/2015,LAS,NV,AWP,WE,Towers with Radar,1012,67,143,1,1223,0,335,15,3,353,1012,402,158,4,1576,0,0,0,1576
07/13/2015,LAS,NV,AWP,WE,Towers with Radar,998,72,106,2,1178,0,371,12,0,383,998,443,118,2,1561,0,0,0,1561
07/14/2015,LAS,NV,AWP,WE,Towers with Radar,968,63,91,2,1124,0,342,20,0,362,968,405,111,2,1486,0,0,0,1486
07/15/2015,LAS,NV,AWP,WE,Towers with Radar,980,69,83,2,1134,0,340,20,2,362,980,409,103,4,1496,0,0,0,1496
07/16/2015,LAS,NV,AWP,WE,Towers with Radar,1059,76,89,2,1226,0,359,17,0,376,1059,435,106,2,1602,0,0,0,1602
07/17/2015,LAS,NV,AWP,WE,Towers with Radar,1049,81,101,2,1233,0,366,12,0,378,1049,447,113,2,1611,0,0,0,1611
07/18/2015,LAS,NV,AWP,WE,Towers with Radar,836,47,49,0,932,0,237,8,0,245,836,284,57,0,1177,0,0,0,1177
07/19/2015,LAS,NV,AWP,WE,Towers with Radar,1014,77,104,3,1198,0,315,13,1,329,1014,392,117,4,1527,0,0,0,1527
07/20/2015,LAS,NV,AWP,WE,Towers with Radar,1026,62,78,3,1169,0,305,5,1,311,1026,367,83,4,1480,0,0,0,1480
07/21/2015,LAS,NV,AWP,WE,Towers with Radar,968,43,70,2,1083,0,425,20,4,449,968,468,90,6,1532,0,0,0,1532
07/22/2015,LAS,NV,AWP,WE,Towers with Radar,989,51,87,2,1129,0,347,19,0,366,989,398,106,2,1495,0,0,0,1495
07/23/2015,LAS,NV,AWP,WE,Towers with Radar,1055,50,104,5,1214,0,392,8,1,401,1055,442,112,6,1615,0,0,0,1615
07/24/2015,LAS,NV,AWP,WE,Towers with Radar,1044,53,115,7,1219,0,351,12,0,363,1044,404,127,7,1582,0,0,0,1582
07/25/2015,LAS,NV,AWP,WE,Towers with Radar,856,39,59,2,956,0,331,26,1,358,856,370,85,3,1314,0,0,0,1314
07/26/2015,LAS,NV,AWP,WE,Towers with Radar,1000,54,106,2,1162,0,339,19,0,358,1000,393,125,2,1520,0,0,0,1520
07/27/2015,LAS,NV,AWP,WE,Towers with Radar,1039,66,71,2,1178,0,343,9,3,355,1039,409,80,5,1533,0,0,0,1533
07/28/2015,LAS,NV,AWP,WE,Towers with Radar,961,65,69,2,1097,0,338,7,0,345,961,403,76,2,1442,0,0,0,1442
07/29/2015,LAS,NV,AWP,WE,Towers with Radar,983,59,51,6,1099,0,345,11,2,358,983,404,62,8,1457,0,0,0,1457
07/30/2015,LAS,NV,AWP,WE,Towers with Radar,1045,71,113,4,1233,0,342,17,2,361,1045,413,130,6,1594,0,0,0,1594
07/31/2015,LAS,NV,AWP,WE,Towers with Radar,1045,76,111,2,1234,0,334,18,1,353,1045,410,129,3,1587,0,0,0,1587
08/01/2015,LAS,NV,AWP,WE,Towers with Radar,857,66,76,2,1001,0,283,12,0,295,857,349,88,2,1296,0,0,0,1296
08/02/2015,LAS,NV,AWP,WE,Towers with Radar,1002,73,104,4,1183,0,326,21,3,350,1002,399,125,7,1533,0,0,0,1533
08/03/2015,LAS,NV,AWP,WE,Towers with Radar,1037,67,101,4,1209,0,382,11,5,398,1037,449,112,9,1607,0,0,0,1607
08/04/2015,LAS,NV,AWP,WE,Towers with Radar,963,61,86,5,1115,0,362,9,0,371,963,423,95,5,1486,0,0,0,1486
08/05/2015,LAS,NV,AWP,WE,Towers with Radar,981,43,79,2,1105,0,333,18,3,354,981,376,97,5,1459,0,0,0,1459
08/06/2015,LAS,NV,AWP,WE,Towers with Radar,1073,61,84,2,1220,0,338,16,7,361,1073,399,100,9,1581,0,0,0,1581
08/07/2015,LAS,NV,AWP,WE,Towers with Radar,1077,77,103,5,1262,0,376,16,1,393,1077,453,119,6,1655,0,0,0,1655
08/08/2015,LAS,NV,AWP,WE,Towers with Radar,853,52,60,0,965,0,377,9,0,386,853,429,69,0,1351,0,0,0,1351
08/09/2015,LAS,NV,AWP,WE,Towers with Radar,1002,50,101,1,1154,0,336,21,2,359,1002,386,122,3,1513,0,0,0,1513
08/10/2015,LAS,NV,AWP,WE,Towers with Radar,1012,58,92,5,1167,0,349,12,0,361,1012,407,104,5,1528,0,0,0,1528
08/11/2015,LAS,NV,AWP,WE,Towers with Radar,968,70,79,5,1122,0,353,13,1,367,968,423,92,6,1489,0,0,0,1489
08/12/2015,LAS,NV,AWP,WE,Towers with Radar,1001,55,97,9,1162,0,392,20,1,413,1001,447,117,10,1575,0,0,0,1575
08/13/2015,LAS,NV,AWP,WE,Towers with Radar,947,53,88,3,1091,0,324,12,0,336,947,377,100,3,1427,0,0,0,1427
08/14/2015,LAS,NV,AWP,WE,Towers with Radar,1056,68,106,11,1241,0,347,13,0,360,1056,415,119,11,1601,0,0,0,1601
08/15/2015,LAS,NV,AWP,WE,Towers with Radar,825,50,71,1,947,0,355,10,0,365,825,405,81,1,1312,0,0,0,1312
08/16/2015,LAS,NV,AWP,WE,Towers with Radar,1004,64,119,4,1191,0,316,17,0,333,1004,380,136,4,1524,0,0,0,1524
08/17/2015,LAS,NV,AWP,WE,Towers with Radar,1012,50,88,6,1156,0,344,17,3,364,1012,394,105,9,1520,0,0,0,1520
08/18/2015,LAS,NV,AWP,WE,Towers with Radar,948,56,90,0,1094,0,299,49,2,350,948,355,139,2,1444,0,0,0,1444
08/19/2015,LAS,NV,AWP,WE,Towers with Radar,969,71,109,0,1149,0,330,51,0,381,969,401,160,0,1530,0,0,0,1530
08/20/2015,LAS,NV,AWP,WE,Towers with Radar,1039,62,101,3,1205,1,339,16,0,356,1040,401,117,3,1561,0,0,0,1561
08/21/2015,LAS,NV,AWP,WE,Towers with Radar,1050,68,90,5,1213,0,364,17,0,381,1050,432,107,5,1594,0,0,0,1594
08/22/2015,LAS,NV,AWP,WE,Towers with Radar,827,34,74,0,935,0,357,10,4,371,827,391,84,4,1306,0,0,0,1306
08/23/2015,LAS,NV,AWP,WE,Towers with Radar,1002,64,124,1,1191,0,329,27,0,356,1002,393,151,1,1547,0,0,0,1547
08/24/2015,LAS,NV,AWP,WE,Towers with Radar,980,46,88,8,1122,0,143,15,5,163,980,189,103,13,1285,0,0,0,1285
08/25/2015,LAS,NV,AWP,WE,Towers with Radar,898,55,81,6,1040,0,306,12,11,329,898,361,93,17,1369,0,0,0,1369
08/26/2015,LAS,NV,AWP,WE,Towers with Radar,952,46,89,2,1089,0,357,13,4,374,952,403,102,6,1463,0,0,0,1463
08/27/2015,LAS,NV,AWP,WE,Towers with Radar,1025,73,91,2,1191,0,389,7,2,398,1025,462,98,4,1589,0,0,0,1589
08/28/2015,LAS,NV,AWP,WE,Towers with Radar,1028,64,97,5,1194,0,363,11,3,377,1028,427,108,8,1571,0,0,0,1571
08/29/2015,LAS,NV,AWP,WE,Towers with Radar,826,48,54,0,928,0,336,8,3,347,826,384,62,3,1275,0,0,0,1275
08/30/2015,LAS,NV,AWP,WE,Towers with Radar,995,45,91,3,1134,0,308,11,0,319,995,353,102,3,1453,0,0,0,1453
08/31/2015,LAS,NV,AWP,WE,Towers with Radar,1033,52,59,0,1144,0,265,23,1,289,1033,317,82,1,1433,0,0,0,1433
09/01/2015,LAS,NV,AWP,WE,Towers with Radar,935,47,64,7,1053,0,309,15,3,327,935,356,79,10,1380,0,0,0,1380
09/02/2015,LAS,NV,AWP,WE,Towers with Radar,956,38,80,3,1077,0,274,30,2,306,956,312,110,5,1383,0,0,0,1383
09/03/2015,LAS,NV,AWP,WE,Towers with Radar,1040,61,99,7,1207,0,318,15,3,336,1040,379,114,10,1543,0,0,0,1543
09/04/2015,LAS,NV,AWP,WE,Towers with Radar,983,83,121,7,1194,0,310,26,2,338,983,393,147,9,1532,0,0,0,1532
09/05/2015,LAS,NV,AWP,WE,Towers with Radar,733,42,73,5,853,0,342,29,0,371,733,384,102,5,1224,0,0,0,1224
09/06/2015,LAS,NV,AWP,WE,Towers with Radar,842,45,89,1,977,0,342,19,1,362,842,387,108,2,1339,0,0,0,1339
09/07/2015,LAS,NV,AWP,WE,Towers with Radar,906,61,108,0,1075,0,347,19,2,368,906,408,127,2,1443,0,0,0,1443
09/08/2015,LAS,NV,AWP,WE,Towers with Radar,924,62,113,5,1104,0,327,10,2,339,924,389,123,7,1443,0,0,0,1443
09/09/2015,LAS,NV,AWP,WE,Towers with Radar,942,63,120,2,1127,0,335,17,1,353,942,398,137,3,1480,0,0,0,1480
09/10/2015,LAS,NV,AWP,WE,Towers with Radar,1007,69,136,5,1217,0,367,16,1,384,1007,436,152,6,1601,0,0,0,1601
09/11/2015,LAS,NV,AWP,WE,Towers with Radar,1022,97,165,3,1287,0,339,12,0,351,1022,436,177,3,1638,0,0,0,1638
09/12/2015,LAS,NV,AWP,WE,Towers with Radar,821,56,88,6,971,0,308,13,0,321,821,364,101,6,1292,0,0,0,1292
09/13/2015,LAS,NV,AWP,WE,Towers with Radar,1008,82,141,4,1235,0,324,21,1,346,1008,406,162,5,1581,0,0,0,1581
09/14/2015,LAS,NV,AWP,WE,Towers with Radar,1020,58,75,3,1156,0,374,16,5,395,1020,432,91,8,1551,0,0,0,1551
09/15/2015,LAS,NV,AWP,WE,Towers with Radar,942,49,79,3,1073,0,371,9,4,384,942,420,88,7,1457,0,0,0,1457
09/16/2015,LAS,NV,AWP,WE,Towers with Radar,969,81,87,4,1141,0,334,11,0,345,969,415,98,4,1486,0,0,0,1486
09/17/2015,LAS,NV,AWP,WE,Towers with Radar,1049,75,125,6,1255,0,360,32,0,392,1049,435,157,6,1647,0,0,0,1647
09/18/2015,LAS,NV,AWP,WE,Towers with Radar,1048,106,136,7,1297,0,391,27,3,421,1048,497,163,10,1718,0,0,0,1718
09/19/2015,LAS,NV,AWP,WE,Towers with Radar,819,59,83,0,961,0,361,19,0,380,819,420,102,0,1341,0,0,0,1341
09/20/2015,LAS,NV,AWP,WE,Towers with Radar,1006,92,151,2,1251,0,365,17,3,385,1006,457,168,5,1636,0,0,0,1636
09/21/2015,LAS,NV,AWP,WE,Towers with Radar,1015,70,81,4,1170,0,360,15,4,379,1015,430,96,8,1549,0,0,0,1549
09/22/2015,LAS,NV,AWP,WE,Towers with Radar,928,48,65,2,1043,0,352,14,4,370,928,400,79,6,1413,0,0,0,1413
09/23/2015,LAS,NV,AWP,WE,Towers with Radar,962,38,49,5,1054,0,351,11,1,363,962,389,60,6,1417,0,0,0,1417
09/24/2015,LAS,NV,AWP,WE,Towers with Radar,1052,70,117,5,1244,0,413,24,2,439,1052,483,141,7,1683,0,0,0,1683
09/25/2015,LAS,NV,AWP,WE,Towers with Radar,1043,79,107,4,1233,0,384,19,8,411,1043,463,126,12,1644,0,0,0,1644
09/26/2015,LAS,NV,AWP,WE,Towers with Radar,820,45,53,0,918,0,350,11,0,361,820,395,64,0,1279,0,0,0,1279
09/27/2015,LAS,NV,AWP,WE,Towers with Radar,1010,94,109,10,1223,0,390,10,0,400,1010,484,119,10,1623,0,0,0,1623
09/28/2015,LAS,NV,AWP,WE,Towers with Radar,1028,55,115,0,1198,0,362,17,2,381,1028,417,132,2,1579,0,0,0,1579
09/29/2015,LAS,NV,AWP,WE,Towers with Radar,943,65,77,4,1089,0,358,11,0,369,943,423,88,4,1458,0,0,0,1458
09/30/2015,LAS,NV,AWP,WE,Towers with Radar,963,74,80,1,1118,0,366,11,1,378,963,440,91,2,1496,0,0,0,1496
10/01/2015,LAS,NV,AWP,WE,Towers with Radar,1064,88,105,2,1259,0,343,24,0,367,1064,431,129,2,1626,0,0,0,1626
10/02/2015,LAS,NV,AWP,WE,Towers with Radar,1037,71,121,1,1230,0,365,24,0,389,1037,436,145,1,1619,0,0,0,1619
10/03/2015,LAS,NV,AWP,WE,Towers with Radar,835,39,58,6,938,0,355,14,1,370,835,394,72,7,1308,0,0,0,1308
10/04/2015,LAS,NV,AWP,WE,Towers with Radar,1014,65,98,0,1177,0,314,11,0,325,1014,379,109,0,1502,0,0,0,1502
10/05/2015,LAS,NV,AWP,WE,Towers with Radar,1018,63,88,1,1170,0,171,1,0,172,1018,234,89,1,1342,0,0,0,1342
10/06/2015,LAS,NV,AWP,WE,Towers with Radar,955,51,67,0,1073,0,361,7,0,368,955,412,74,0,1441,0,0,0,1441
10/07/2015,LAS,NV,AWP,WE,Towers with Radar,970,73,72,0,1115,0,350,20,0,370,970,423,92,0,1485,0,0,0,1485
10/08/2015,LAS,NV,AWP,WE,Towers with Radar,1065,92,104,2,1263,0,329,24,2,355,1065,421,128,4,1618,0,0,0,1618
10/09/2015,LAS,NV,AWP,WE,Towers with Radar,1043,94,116,3,1256,0,341,14,0,355,1043,435,130,3,1611,0,0,0,1611
10/10/2015,LAS,NV,AWP,WE,Towers with Radar,834,50,74,1,959,0,354,8,0,362,834,404,82,1,1321,0,0,0,1321
10/11/2015,LAS,NV,AWP,WE,Towers with Radar,1021,66,156,2,1245,0,370,18,0,388,1021,436,174,2,1633,0,0,0,1633
10/12/2015,LAS,NV,AWP,WE,Towers with Radar,983,92,113,3,1191,0,332,19,2,353,983,424,132,5,1544,0,0,0,1544
10/13/2015,LAS,NV,AWP,WE,Towers with Radar,945,74,122,6,1147,0,292,10,0,302,945,366,132,6,1449,0,0,0,1449
10/14/2015,LAS,NV,AWP,WE,Towers with Radar,976,89,142,5,1212,0,404,22,0,426,976,493,164,5,1638,0,0,0,1638
10/15/2015,LAS,NV,AWP,WE,Towers with Radar,1062,71,137,2,1272,0,342,19,1,362,1062,413,156,3,1634,0,0,0,1634
10/16/2015,LAS,NV,AWP,WE,Towers with Radar,1048,88,131,7,1274,0,339,8,3,350,1048,427,139,10,1624,0,0,0,1624
10/17/2015,LAS,NV,AWP,WE,Towers with Radar,823,57,58,1,939,0,283,9,1,293,823,340,67,2,1232,0,0,0,1232
10/18/2015,LAS,NV,AWP,WE,Towers with Radar,997,88,130,3,1218,0,221,8,3,232,997,309,138,6,1450,0,0,0,1450
10/19/2015,LAS,NV,AWP,WE,Towers with Radar,1051,63,86,0,1200,0,314,12,0,326,1051,377,98,0,1526,0,0,0,1526
10/20/2015,LAS,NV,AWP,WE,Towers with Radar,944,64,73,0,1081,0,325,17,0,342,944,389,90,0,1423,0,0,0,1423
10/21/2015,LAS,NV,AWP,WE,Towers with Radar,980,65,110,2,1157,0,243,14,1,258,980,308,124,3,1415,0,0,0,1415
10/22/2015,LAS,NV,AWP,WE,Towers with Radar,1061,78,118,4,1261,0,279,29,6,314,1061,357,147,10,1575,0,0,0,1575
10/23/2015,LAS,NV,AWP,WE,Towers with Radar,1032,57,127,6,1222,0,326,33,0,359,1032,383,160,6,1581,0,0,0,1581
10/24/2015,LAS,NV,AWP,WE,Towers with Radar,821,43,82,0,946,0,325,21,0,346,821,368,103,0,1292,0,0,0,1292
10/25/2015,LAS,NV,AWP,WE,Towers with Radar,1006,81,164,0,1251,0,267,19,0,286,1006,348,183,0,1537,0,0,0,1537
10/26/2015,LAS,NV,AWP,WE,Towers with Radar,1012,62,95,5,1174,0,315,13,0,328,1012,377,108,5,1502,0,0,0,1502
10/27/2015,LAS,NV,AWP,WE,Towers with Radar,926,60,69,1,1056,0,314,20,2,336,926,374,89,3,1392,0,0,0,1392
10/28/2015,LAS,NV,AWP,WE,Towers with Radar,954,73,86,2,1115,0,305,23,1,329,954,378,109,3,1444,0,0,0,1444
10/29/2015,LAS,NV,AWP,WE,Towers with Radar,1046,62,98,8,1214,0,384,19,2,405,1046,446,117,10,1619,0,0,0,1619
10/30/2015,LAS,NV,AWP,WE,Towers with Radar,1012,99,104,1,1216,0,308,22,1,331,1012,407,126,2,1547,0,0,0,1547
10/31/2015,LAS,NV,AWP,WE,Towers with Radar,781,47,69,2,899,0,206,25,1,232,781,253,94,3,1131,0,0,0,1131
11/01/2015,LAS,NV,AWP,WE,Towers with Radar,1004,61,103,0,1168,0,243,19,0,262,1004,304,122,0,1430,0,0,0,1430
11/02/2015,LAS,NV,AWP,WE,Towers with Radar,1013,55,113,0,1181,0,282,11,0,293,1013,337,124,0,1474,0,0,0,1474
11/03/2015,LAS,NV,AWP,WE,Towers with Radar,924,66,101,2,1093,0,223,8,0,231,924,289,109,2,1324,0,0,0,1324
11/04/2015,LAS,NV,AWP,WE,Towers with Radar,983,65,112,3,1163,0,122,8,0,130,983,187,120,3,1293,0,0,0,1293
11/05/2015,LAS,NV,AWP,WE,Towers with Radar,1039,105,136,2,1282,0,273,27,1,301,1039,378,163,3,1583,0,0,0,1583
11/06/2015,LAS,NV,AWP,WE,Towers with Radar,1037,131,163,4,1335,0,313,40,0,353,1037,444,203,4,1688,0,0,0,1688
11/07/2015,LAS,NV,AWP,WE,Towers with Radar,857,82,92,3,1034,0,387,13,0,400,857,469,105,3,1434,0,0,0,1434
11/08/2015,LAS,NV,AWP,WE,Towers with Radar,997,129,132,2,1260,0,280,18,1,299,997,409,150,3,1559,0,0,0,1559
11/09/2015,LAS,NV,AWP,WE,Towers with Radar,1019,78,94,2,1193,0,242,17,1,260,1019,320,111,3,1453,0,0,0,1453
11/10/2015,LAS,NV,AWP,WE,Towers with Radar,931,59,80,3,1073,0,240,36,1,277,931,299,116,4,1350,0,0,0,1350
11/11/2015,LAS,NV,AWP,WE,Towers with Radar,915,78,112,0,1105,0,276,27,3,306,915,354,139,3,1411,0,0,0,1411
11/12/2015,LAS,NV,AWP,WE,Towers with Radar,1037,74,120,8,1239,0,267,30,0,297,1037,341,150,8,1536,0,0,0,1536
11/13/2015,LAS,NV,AWP,WE,Towers with Radar,1031,77,118,4,1230,0,268,32,0,300,1031,345,150,4,1530,0,0,0,1530
11/14/2015,LAS,NV,AWP,WE,Towers with Radar,841,43,93,3,980,0,320,17,0,337,841,363,110,3,1317,0,0,0,1317
11/15/2015,LAS,NV,AWP,WE,Towers with Radar,994,77,159,1,1231,0,256,14,0,270,994,333,173,1,1501,0,0,0,1501
11/16/2015,LAS,NV,AWP,WE,Towers with Radar,998,116,185,0,1299,0,191,10,2,203,998,307,195,2,1502,0,0,0,1502
11/17/2015,LAS,NV,AWP,WE,Towers with Radar,940,127,183,4,1254,0,294,17,0,311,940,421,200,4,1565,0,0,0,1565
11/18/2015,LAS,NV,AWP,WE,Towers with Radar,956,113,197,2,1268,0,310,18,1,329,956,423,215,3,1597,0,0,0,1597
11/19/2015,LAS,NV,AWP,WE,Towers with Radar,1048,122,227,2,1399,0,308,12,1,321,1048,430,239,3,1720,0,0,0,1720
11/20/2015,LAS,NV,AWP,WE,Towers with Radar,1030,102,151,0,1283,0,300,11,8,319,1030,402,162,8,1602,0,0,0,1602
11/21/2015,LAS,NV,AWP,WE,Towers with Radar,825,57,91,0,973,0,278,22,5,305,825,335,113,5,1278,0,0,0,1278
11/22/2015,LAS,NV,AWP,WE,Towers with Radar,993,63,136,0,1192,0,282,15,4,301,993,345,151,4,1493,0,0,0,1493
11/23/2015,LAS,NV,AWP,WE,Towers with Radar,966,53,60,0,1079,0,254,16,3,273,966,307,76,3,1352,0,0,0,1352
11/24/2015,LAS,NV,AWP,WE,Towers with Radar,886,68,74,2,1030,0,268,18,1,287,886,336,92,3,1317,0,0,0,1317
11/25/2015,LAS,NV,AWP,WE,Towers with Radar,981,63,53,1,1098,0,263,14,0,277,981,326,67,1,1375,0,0,0,1375
11/26/2015,LAS,NV,AWP,WE,Towers with Radar,681,22,31,0,734,0,178,13,0,191,681,200,44,0,925,0,0,0,925
11/27/2015,LAS,NV,AWP,WE,Towers with Radar,834,54,54,0,942,0,284,15,2,301,834,338,69,2,1243,0,0,0,1243
11/28/2015,LAS,NV,AWP,WE,Towers with Radar,845,49,67,1,962,1,290,9,0,300,846,339,76,1,1262,0,0,0,1262
11/29/2015,LAS,NV,AWP,WE,Towers with Radar,986,67,105,0,1158,0,201,11,0,212,986,268,116,0,1370,0,0,0,1370
11/30/2015,LAS,NV,AWP,WE,Towers with Radar,970,37,70,2,1079,0,155,13,2,170,970,192,83,4,1249,0,0,0,1249
12/01/2015,LAS,NV,AWP,WE,Towers with Radar,916,46,80,0,1042,0,132,13,1,146,916,178,93,1,1188,0,0,0,1188
12/02/2015,LAS,NV,AWP,WE,Towers with Radar,921,74,126,1,1122,0,136,12,0,148,921,210,138,1,1270,0,0,0,1270
12/03/2015,LAS,NV,AWP,WE,Towers with Radar,1004,76,155,0,1235,0,140,24,0,164,1004,216,179,0,1399,0,0,0,1399
12/04/2015,LAS,NV,AWP,WE,Towers with Radar,1007,90,171,4,1272,0,213,13,2,228,1007,303,184,6,1500,0,0,0,1500
12/05/2015,LAS,NV,AWP,WE,Towers with Radar,808,53,102,6,969,0,231,13,1,245,808,284,115,7,1214,0,0,0,1214
12/06/2015,LAS,NV,AWP,WE,Towers with Radar,967,93,146,9,1215,0,160,15,3,178,967,253,161,12,1393,0,0,0,1393
12/07/2015,LAS,NV,AWP,WE,Towers with Radar,971,59,97,2,1129,0,160,11,2,173,971,219,108,4,1302,0,0,0,1302
12/08/2015,LAS,NV,AWP,WE,Towers with Radar,888,67,106,1,1062,0,192,24,0,216,888,259,130,1,1278,0,0,0,1278
12/09/2015,LAS,NV,AWP,WE,Towers with Radar,917,72,86,8,1083,0,183,11,1,195,917,255,97,9,1278,0,0,0,1278
12/10/2015,LAS,NV,AWP,WE,Towers with Radar,1007,73,136,4,1220,0,195,8,2,205,1007,268,144,6,1425,0,0,0,1425
12/11/2015,LAS,NV,AWP,WE,Towers with Radar,998,70,145,0,1213,0,177,3,1,181,998,247,148,1,1394,0,0,0,1394
12/12/2015,LAS,NV,AWP,WE,Towers with Radar,801,65,88,4,958,0,173,11,0,184,801,238,99,4,1142,0,0,0,1142
12/13/2015,LAS,NV,AWP,WE,Towers with Radar,959,81,172,7,1219,0,184,12,1,197,959,265,184,8,1416,0,0,0,1416
12/14/2015,LAS,NV,AWP,WE,Towers with Radar,976,47,82,4,1109,0,147,5,0,152,976,194,87,4,1261,0,0,0,1261
12/15/2015,LAS,NV,AWP,WE,Towers with Radar,859,66,95,1,1021,0,150,14,2,166,859,216,109,3,1187,0,0,0,1187
12/16/2015,LAS,NV,AWP,WE,Towers with Radar,921,61,96,0,1078,0,159,11,0,170,921,220,107,0,1248,0,0,0,1248
12/17/2015,LAS,NV,AWP,WE,Towers with Radar,1030,59,80,4,1173,0,150,17,0,167,1030,209,97,4,1340,0,0,0,1340
12/18/2015,LAS,NV,AWP,WE,Towers with Radar,994,66,84,1,1145,0,177,9,0,186,994,243,93,1,1331,0,0,0,1331
12/19/2015,LAS,NV,AWP,WE,Towers with Radar,857,36,106,2,1001,0,212,11,2,225,857,248,117,4,1226,0,0,0,1226
12/20/2015,LAS,NV,AWP,WE,Towers with Radar,979,45,79,5,1108,0,168,5,1,174,979,213,84,6,1282,0,0,0,1282
12/21/2015,LAS,NV,AWP,WE,Towers with Radar,997,48,65,2,1112,0,206,7,0,213,997,254,72,2,1325,0,0,0,1325
12/22/2015,LAS,NV,AWP,WE,Towers with Radar,941,38,61,1,1041,0,180,2,0,182,941,218,63,1,1223,0,0,0,1223
12/23/2015,LAS,NV,AWP,WE,Towers with Radar,936,53,45,1,1035,0,213,7,0,220,936,266,52,1,1255,0,0,0,1255
12/24/2015,LAS,NV,AWP,WE,Towers with Radar,917,29,54,1,1001,0,182,9,0,191,917,211,63,1,1192,0,0,0,1192
12/25/2015,LAS,NV,AWP,WE,Towers with Radar,768,29,26,0,823,0,164,8,0,172,768,193,34,0,995,0,0,0,995
12/26/2015,LAS,NV,AWP,WE,Towers with Radar,852,39,77,0,968,0,281,4,0,285,852,320,81,0,1253,0,0,0,1253
12/27/2015,LAS,NV,AWP,WE,Towers with Radar,937,48,89,2,1076,0,265,2,0,267,937,313,91,2,1343,0,0,0,1343
12/28/2015,LAS,NV,AWP,WE,Towers with Radar,958,54,87,0,1099,0,352,5,0,357,958,406,92,0,1456,0,0,0,1456
12/29/2015,LAS,NV,AWP,WE,Towers with Radar,953,73,90,0,1116,0,388,22,0,410,953,461,112,0,1526,0,0,0,1526
12/30/2015,LAS,NV,AWP,WE,Towers with Radar,1012,93,131,0,1236,0,378,18,0,396,1012,471,149,0,1632,0,0,0,1632
12/31/2015,LAS,NV,AWP,WE,Towers with Radar,896,85,75,1,1057,1,317,16,0,334,897,402,91,1,1391,0,0,0,1391
01/01/2016,LAS,NV,AWP,WE,Towers with Radar,815,60,90,0,965,0,365,14,0,379,815,425,104,0,1344,0,0,0,1344
01/02/2016,LAS,NV,AWP,WE,Towers with Radar,857,73,156,0,1086,0,372,5,0,377,857,445,161,0,1463,0,0,0,1463
01/03/2016,LAS,NV,AWP,WE,Towers with Radar,975,65,133,1,1174,0,324,13,0,337,975,389,146,1,1511,0,0,0,1511
01/04/2016,LAS,NV,AWP,WE,Towers with Radar,1025,66,101,1,1193,0,207,4,2,213,1025,273,105,3,1406,0,0,0,1406
01/05/2016,LAS,NV,AWP,WE,Towers with Radar,789,76,129,1,995,0,14,2,0,16,789,90,131,1,1011,0,0,0,1011
01/06/2016,LAS,NV,AWP,WE,Towers with Radar,901,130,157,0,1188,0,198,3,0,201,901,328,160,0,1389,0,0,0,1389
01/07/2016,LAS,NV,AWP,WE,Towers with Radar,1047,144,194,3,1388,0,160,11,0,171,1047,304,205,3,1559,0,0,0,1559
01/08/2016,LAS,NV,AWP,WE,Towers with Radar,1035,117,184,3,1339,0,220,11,0,231,1035,337,195,3,1570,0,0,0,1570
01/09/2016,LAS,NV,AWP,WE,Towers with Radar,830,61,102,1,994,0,304,6,0,310,830,365,108,1,1304,0,0,0,1304
01/10/2016,LAS,NV,AWP,WE,Towers with Radar,973,66,101,1,1141,0,254,6,1,261,973,320,107,2,1402,0,0,0,1402
01/11/2016,LAS,NV,AWP,WE,Towers with Radar,983,53,95,4,1135,0,192,10,1,203,983,245,105,5,1338,0,0,0,1338
01/12/2016,LAS,NV,AWP,WE,Towers with Radar,906,51,68,1,1026,0,182,14,0,196,906,233,82,1,1222,0,0,0,1222
01/13/2016,LAS,NV,AWP,WE,Towers with Radar,917,39,88,2,1046,0,183,17,0,200,917,222,105,2,1246,0,0,0,1246
01/14/2016,LAS,NV,AWP,WE,Towers with Radar,1025,56,87,3,1171,0,170,10,4,184,1025,226,97,7,1355,0,0,0,1355
01/15/2016,LAS,NV,AWP,WE,Towers with Radar,1014,90,113,10,1227,0,172,4,1,177,1014,262,117,11,1404,0,0,0,1404
01/16/2016,LAS,NV,AWP,WE,Towers with Radar,787,52,64,2,905,0,235,12,1,248,787,287,76,3,1153,0,0,0,1153
01/17/2016,LAS,NV,AWP,WE,Towers with Radar,931,67,100,1,1099,0,201,13,0,214,931,268,113,1,1313,0,0,0,1313
01/18/2016,LAS,NV,AWP,WE,Towers with Radar,979,73,156,4,1212,0,176,6,3,185,979,249,162,7,1397,0,0,0,1397
01/19/2016,LAS,NV,AWP,WE,Towers with Radar,902,56,116,1,1075,0,114,8,1,123,902,170,124,2,1198,0,0,0,1198
01/20/2016,LAS,NV,AWP,WE,Towers with Radar,928,72,147,1,1148,0,129,9,0,138,928,201,156,1,1286,0,0,0,1286
01/21/2016,LAS,NV,AWP,WE,Towers with Radar,1021,80,172,1,1274,0,194,22,0,216,1021,274,194,1,1490,0,0,0,1490
01/22/2016,LAS,NV,AWP,WE,Towers with Radar,984,88,135,4,1211,0,203,24,0,227,984,291,159,4,1438,0,0,0,1438
01/23/2016,LAS,NV,AWP,WE,Towers with Radar,749,47,93,1,890,0,221,11,1,233,749,268,104,2,1123,0,0,0,1123
01/24/2016,LAS,NV,AWP,WE,Towers with Radar,915,86,154,2,1157,0,199,14,1,214,915,285,168,3,1371,0,0,0,1371
01/25/2016,LAS,NV,AWP,WE,Towers with Radar,963,57,86,0,1106,0,154,12,3,169,963,211,98,3,1275,0,0,0,1275
01/26/2016,LAS,NV,AWP,WE,Towers with Radar,885,73,63,0,1021,0,184,15,2,201,885,257,78,2,1222,0,0,0,1222
01/27/2016,LAS,NV,AWP,WE,Towers with Radar,928,62,95,0,1085,0,144,9,3,156,928,206,104,3,1241,0,0,0,1241
01/28/2016,LAS,NV,AWP,WE,Towers with Radar,1030,66,94,2,1192,0,193,13,0,206,1030,259,107,2,1398,0,0,0,1398
01/29/2016,LAS,NV,AWP,WE,Towers with Radar,1008,73,100,4,1185,0,197,4,3,204,1008,270,104,7,1389,0,0,0,1389
01/30/2016,LAS,NV,AWP,WE,Towers with Radar,802,44,73,1,920,0,237,7,1,245,802,281,80,2,1165,0,0,0,1165
01/31/2016,LAS,NV,AWP,WE,Towers with Radar,954,55,94,0,1103,0,136,5,0,141,954,191,99,0,1244,0,0,0,1244
02/01/2016,LAS,NV,AWP,WE,Towers with Radar,960,53,83,2,1098,0,52,5,1,58,960,105,88,3,1156,0,0,0,1156
02/02/2016,LAS,NV,AWP,WE,Towers with Radar,868,62,121,1,1052,0,179,19,0,198,868,241,140,1,1250,0,0,0,1250
02/03/2016,LAS,NV,AWP,WE,Towers with Radar,905,68,149,1,1123,0,158,14,0,172,905,226,163,1,1295,0,0,0,1295
02/04/2016,LAS,NV,AWP,WE,Towers with Radar,1033,103,157,4,1297,0,189,10,0,199,1033,292,167,4,1496,0,0,0,1496
02/05/2016,LAS,NV,AWP,WE,Towers with Radar,1016,110,175,1,1302,0,248,15,0,263,1016,358,190,1,1565,0,0,0,1565
02/06/2016,LAS,NV,AWP,WE,Towers with Radar,794,76,123,0,993,0,276,29,0,305,794,352,152,0,1298,0,0,0,1298
02/07/2016,LAS,NV,AWP,WE,Towers with Radar,854,82,141,3,1080,0,153,14,0,167,854,235,155,3,1247,0,0,0,1247
02/08/2016,LAS,NV,AWP,WE,Towers with Radar,992,121,194,0,1307,0,203,18,0,221,992,324,212,0,1528,0,0,0,1528
02/09/2016,LAS,NV,AWP,WE,Towers with Radar,900,70,91,1,1062,0,191,14,2,207,900,261,105,3,1269,0,0,0,1269
02/10/2016,LAS,NV,AWP,WE,Towers with Radar,922,51,91,1,1065,0,216,14,4,234,922,267,105,5,1299,0,0,0,1299
02/11/2016,LAS,NV,AWP,WE,Towers with Radar,1023,65,120,2,1210,0,230,20,1,251,1023,295,140,3,1461,0,0,0,1461
02/12/2016,LAS,NV,AWP,WE,Towers with Radar,1016,88,130,2,1236,0,255,28,0,283,1016,343,158,2,1519,0,0,0,1519
02/13/2016,LAS,NV,AWP,WE,Towers with Radar,793,55,79,3,930,0,337,9,2,348,793,392,88,5,1278,0,0,0,1278
02/14/2016,LAS,NV,AWP,WE,Towers with Radar,944,59,99,2,1104,0,373,14,0,387,944,432,113,2,1491,0,0,0,1491
02/15/2016,LAS,NV,AWP,WE,Towers with Radar,955,69,127,1,1152,0,253,22,0,275,955,322,149,1,1427,0,0,0,1427
02/16/2016,LAS,NV,AWP,WE,Towers with Radar,914,53,103,1,1071,0,224,13,2,239,914,277,116,3,1310,0,0,0,1310
02/17/2016,LAS,NV,AWP,WE,Towers with Radar,950,46,94,4,1094,0,230,15,1,246,950,276,109,5,1340,0,0,0,1340
02/18/2016,LAS,NV,AWP,WE,Towers with Radar,1049,76,101,0,1226,0,185,8,3,196,1049,261,109,3,1422,0,0,0,1422
02/19/2016,LAS,NV,AWP,WE,Towers with Radar,1033,85,124,7,1249,0,254,15,2,271,1033,339,139,9,1520,0,0,0,1520
02/20/2016,LAS,NV,AWP,WE,Towers with Radar,823,42,70,7,942,0,278,10,0,288,823,320,80,7,1230,0,0,0,1230
02/21/2016,LAS,NV,AWP,WE,Towers with Radar,966,88,96,4,1154,0,219,10,0,229,966,307,106,4,1383,0,0,0,1383
02/22/2016,LAS,NV,AWP,WE,Towers with Radar,1011,44,66,4,1125,0,174,15,2,191,1011,218,81,6,1316,0,0,0,1316
02/23/2016,LAS,NV,AWP,WE,Towers with Radar,901,46,79,1,1027,0,162,14,0,176,901,208,93,1,1203,0,0,0,1203
02/24/2016,LAS,NV,AWP,WE,Towers with Radar,919,65,72,0,1056,0,170,18,4,192,919,235,90,4,1248,0,0,0,1248
02/25/2016,LAS,NV,AWP,WE,Towers with Radar,1026,58,96,1,1181,0,231,10,4,245,1026,289,106,5,1426,0,0,0,1426
02/26/2016,LAS,NV,AWP,WE,Towers with Radar,1035,69,105,1,1210,0,205,38,0,243,1035,274,143,1,1453,0,0,0,1453
02/27/2016,LAS,NV,AWP,WE,Towers with Radar,805,41,74,0,920,0,236,24,2,262,805,277,98,2,1182,0,0,0,1182
02/28/2016,LAS,NV,AWP,WE,Towers with Radar,965,53,108,1,1127,0,208,33,2,243,965,261,141,3,1370,0,0,0,1370
02/29/2016,LAS,NV,AWP,WE,Towers with Radar,997,51,104,0,1152,0,144,21,0,165,997,195,125,0,1317,0,0,0,1317
03/01/2016,LAS,NV,AWP,WE,Towers with Radar,897,53,73,0,1023,0,132,19,1,152,897,185,92,1,1175,0,0,0,1175
03/02/2016,LAS,NV,AWP,WE,Towers with Radar,967,56,125,0,1148,0,184,14,2,200,967,240,139,2,1348,0,0,0,1348
03/03/2016,LAS,NV,AWP,WE,Towers with Radar,1053,64,112,0,1229,0,197,13,0,210,1053,261,125,0,1439,0,0,0,1439
03/04/2016,LAS,NV,AWP,WE,Towers with Radar,1042,83,153,1,1279,0,272,22,0,294,1042,355,175,1,1573,0,0,0,1573
03/05/2016,LAS,NV,AWP,WE,Towers with Radar,838,39,109,0,986,0,284,13,0,297,838,323,122,0,1283,0,0,0,1283
03/06/2016,LAS,NV,AWP,WE,Towers with Radar,992,93,189,5,1279,0,302,11,0,313,992,395,200,5,1592,0,0,0,1592
03/07/2016,LAS,NV,AWP,WE,Towers with Radar,1019,70,88,0,1177,0,268,14,1,283,1019,338,102,1,1460,0,0,0,1460
03/08/2016,LAS,NV,AWP,WE,Towers with Radar,907,71,92,0,1070,0,235,14,0,249,907,306,106,0,1319,0,0,0,1319
03/09/2016,LAS,NV,AWP,WE,Towers with Radar,952,77,85,2,1116,0,194,14,0,208,952,271,99,2,1324,0,0,0,1324
03/10/2016,LAS,NV,AWP,WE,Towers with Radar,1071,69,118,1,1259,0,203,25,1,229,1071,272,143,2,1488,0,0,0,1488
03/11/2016,LAS,NV,AWP,WE,Towers with Radar,1065,81,118,5,1269,0,193,17,1,211,1065,274,135,6,1480,0,0,0,1480
03/12/2016,LAS,NV,AWP,WE,Towers with Radar,874,47,86,3,1010,0,264,20,2,286,874,311,106,5,1296,0,0,0,1296
03/13/2016,LAS,NV,AWP,WE,Towers with Radar,987,74,110,1,1172,0,220,19,0,239,987,294,129,1,1411,0,0,0,1411
03/14/2016,LAS,NV,AWP,WE,Towers with Radar,1040,54,75,0,1169,0,267,15,2,284,1040,321,90,2,1453,0,0,0,1453
03/15/2016,LAS,NV,AWP,WE,Towers with Radar,950,52,82,2,1086,0,255,16,3,274,950,307,98,5,1360,0,0,0,1360
03/16/2016,LAS,NV,AWP,WE,Towers with Radar,997,69,108,0,1174,0,239,21,2,262,997,308,129,2,1436,0,0,0,1436
03/17/2016,LAS,NV,AWP,WE,Towers with Radar,1075,84,121,4,1284,0,263,13,5,281,1075,347,134,9,1565,0,0,0,1565
03/18/2016,LAS,NV,AWP,WE,Towers with Radar,1061,83,126,1,1271,0,235,9,2,246,1061,318,135,3,1517,0,0,0,1517
03/19/2016,LAS,NV,AWP,WE,Towers with Radar,851,58,100,2,1011,0,260,17,2,279,851,318,117,4,1290,0,0,0,1290
03/20/2016,LAS,NV,AWP,WE,Towers with Radar,1017,102,109,5,1233,0,235,12,3,250,1017,337,121,8,1483,0,0,0,1483
03/21/2016,LAS,NV,AWP,WE,Towers with Radar,1033,52,86,1,1172,0,264,9,1,274,1033,316,95,2,1446,0,0,0,1446
03/22/2016,LAS,NV,AWP,WE,Towers with Radar,965,66,73,3,1107,0,276,10,6,292,965,342,83,9,1399,0,0,0,1399
03/23/2016,LAS,NV,AWP,WE,Towers with Radar,941,78,79,3,1101,0,305,13,0,318,941,383,92,3,1419,0,0,0,1419
03/24/2016,LAS,NV,AWP,WE,Towers with Radar,1045,75,109,1,1230,0,286,21,0,307,1045,361,130,1,1537,0,0,0,1537
03/25/2016,LAS,NV,AWP,WE,Towers with Radar,1084,75,94,5,1258,0,327,21,0,348,1084,402,115,5,1606,0,0,0,1606
03/26/2016,LAS,NV,AWP,WE,Towers with Radar,849,57,84,0,990,0,305,24,2,331,849,362,108,2,1321,0,0,0,1321
03/27/2016,LAS,NV,AWP,WE,Towers with Radar,1012,56,94,1,1163,0,297,20,0,317,1012,353,114,1,1480,0,0,0,1480
03/28/2016,LAS,NV,AWP,WE,Towers with Radar,1056,54,59,1,1170,0,163,7,2,172,1056,217,66,3,1342,0,0,0,1342
03/29/2016,LAS,NV,AWP,WE,Towers with Radar,935,41,60,0,1036,0,340,15,0,355,935,381,75,0,1391,0,0,0,1391
03/30/2016,LAS,NV,AWP,WE,Towers with Radar,987,64,82,2,1135,0,319,32,2,353,987,383,114,4,1488,0,0,0,1488
03/31/2016,LAS,NV,AWP,WE,Towers with Radar,1075,97,145,2,1319,0,359,22,1,382,1075,456,167,3,1701,0,0,0,1701
04/01/2016,LAS,NV,AWP,WE,Towers with Radar,1074,103,150,1,1328,0,309,21,0,330,1074,412,171,1,1658,0,0,0,1658
04/02/2016,LAS,NV,AWP,WE,Towers with Radar,844,75,109,1,1029,0,278,19,0,297,844,353,128,1,1326,0,0,0,1326
04/03/2016,LAS,NV,AWP,WE,Towers with Radar,1014,122,181,0,1317,0,259,17,0,276,1014,381,198,0,1593,0,0,0,1593
04/04/2016,LAS,NV,AWP,WE,Towers with Radar,1047,86,128,0,1261,0,302,25,5,332,1047,388,153,5,1593,0,0,0,1593
04/05/2016,LAS,NV,AWP,WE,Towers with Radar,967,55,84,0,1106,0,264,19,0,283,967,319,103,0,1389,0,0,0,1389
04/06/2016,LAS,NV,AWP,WE,Towers with Radar,998,63,92,2,1155,0,276,23,3,302,998,339,115,5,1457,0,0,0,1457
04/07/2016,LAS,NV,AWP,WE,Towers with Radar,1077,88,125,6,1296,0,279,19,2,300,1077,367,144,8,1596,0,0,0,1596
04/08/2016,LAS,NV,AWP,WE,Towers with Radar,1059,84,135,3,1281,0,215,5,0,220,1059,299,140,3,1501,0,0,0,1501
04/09/2016,LAS,NV,AWP,WE,Towers with Radar,825,54,94,0,973,0,104,7,0,111,825,158,101,0,1084,0,0,0,1084
04/10/2016,LAS,NV,AWP,WE,Towers with Radar,1015,120,139,3,1277,0,193,7,2,202,1015,313,146,5,1479,0,0,0,1479
04/11/2016,LAS,NV,AWP,WE,Towers with Radar,1068,40,77,3,1188,0,261,4,3,268,1068,301,81,6,1456,0,0,0,1456
04/12/2016,LAS,NV,AWP,WE,Towers with Radar,961,51,102,0,1114,0,310,8,0,318,961,361,110,0,1432,0,0,0,1432
04/13/2016,LAS,NV,AWP,WE,Towers with Radar,988,53,103,3,1147,1,269,12,0,282,989,322,115,3,1429,0,0,0,1429
04/14/2016,LAS,NV,AWP,WE,Towers with Radar,1076,72,97,2,1247,0,238,5,4,247,1076,310,102,6,1494,0,0,0,1494
04/15/2016,LAS,NV,AWP,WE,Towers with Radar,1079,60,103,10,1252,0,240,7,4,251,1079,300,110,14,1503,0,0,0,1503
04/16/2016,LAS,NV,AWP,WE,Towers with Radar,821,37,61,3,922,0,225,10,0,235,821,262,71,3,1157,0,0,0,1157
04/17/2016,LAS,NV,AWP,WE,Towers with Radar,1001,85,102,9,1197,0,200,16,0,216,1001,285,118,9,1413,0,0,0,1413
04/18/2016,LAS,NV,AWP,WE,Towers with Radar,1035,68,84,6,1193,0,222,16,1,239,1035,290,100,7,1432,0,0,0,1432
04/19/2016,LAS,NV,AWP,WE,Towers with Radar,971,57,81,3,1112,0,216,19,1,236,971,273,100,4,1348,0,0,0,1348
04/20/2016,LAS,NV,AWP,WE,Towers with Radar,993,54,114,4,1165,0,212,28,3,243,993,266,142,7,1408,0,0,0,1408
04/21/2016,LAS,NV,AWP,WE,Towers with Radar,1091,92,133,4,1320,0,266,81,0,347,1091,358,214,4,1667,0,0,0,1667
04/22/2016,LAS,NV,AWP,WE,Towers with Radar,1071,97,123,3,1294,0,262,25,1,288,1071,359,148,4,1582,0,0,0,1582
04/23/2016,LAS,NV,AWP,WE,Towers with Radar,849,33,82,3,967,0,340,24,2,366,849,373,106,5,1333,0,0,0,1333
04/24/2016,LAS,NV,AWP,WE,Towers with Radar,1018,86,146,3,1253,0,273,6,4,283,1018,359,152,7,1536,0,0,0,1536
04/25/2016,LAS,NV,AWP,WE,Towers with Radar,1043,68,90,1,1202,0,254,2,3,259,1043,322,92,4,1461,0,0,0,1461
04/26/2016,LAS,NV,AWP,WE,Towers with Radar,960,53,76,2,1091,0,323,12,9,344,960,376,88,11,1435,0,0,0,1435
04/27/2016,LAS,NV,AWP,WE,Towers with Radar,967,64,92,0,1123,0,284,3,2,289,967,348,95,2,1412,0,0,0,1412
04/28/2016,LAS,NV,AWP,WE,Towers with Radar,1090,79,96,1,1266,0,205,6,1,212,1090,284,102,2,1478,0,0,0,1478
04/29/2016,LAS,NV,AWP,WE,Towers with Radar,1064,90,140,4,1298,0,370,15,0,385,1064,460,155,4,1683,0,0,0,1683
04/30/2016,LAS,NV,AWP,WE,Towers with Radar,845,43,84,4,976,0,165,3,0,168,845,208,87,4,1144,0,0,0,1144
05/01/2016,LAS,NV,AWP,WE,Towers with Radar,1006,98,160,0,1264,0,305,12,0,317,1006,403,172,0,1581,0,0,0,1581
05/02/2016,LAS,NV,AWP,WE,Towers with Radar,1051,50,88,0,1189,0,310,8,0,318,1051,360,96,0,1507,0,0,0,1507
05/03/2016,LAS,NV,AWP,WE,Towers with Radar,981,51,103,0,1135,0,338,16,0,354,981,389,119,0,1489,0,0,0,1489
05/04/2016,LAS,NV,AWP,WE,Towers with Radar,994,61,96,3,1154,0,349,16,0,365,994,410,112,3,1519,0,0,0,1519
05/05/2016,LAS,NV,AWP,WE,Towers with Radar,1080,68,129,4,1281,0,273,5,0,278,1080,341,134,4,1559,0,0,0,1559
05/06/2016,LAS,NV,AWP,WE,Towers with Radar,1036,73,88,3,1200,0,281,11,1,293,1036,354,99,4,1493,0,0,0,1493
05/07/2016,LAS,NV,AWP,WE,Towers with Radar,845,51,83,2,981,0,352,9,0,361,845,403,92,2,1342,0,0,0,1342
05/08/2016,LAS,NV,AWP,WE,Towers with Radar,990,88,111,1,1190,0,280,12,0,292,990,368,123,1,1482,0,0,0,1482
05/09/2016,LAS,NV,AWP,WE,Towers with Radar,1070,58,96,0,1224,0,319,13,3,335,1070,377,109,3,1559,0,0,0,1559
05/10/2016,LAS,NV,AWP,WE,Towers with Radar,1034,70,114,1,1219,0,311,13,0,324,1034,381,127,1,1543,0,0,0,1543
05/11/2016,LAS,NV,AWP,WE,Towers with Radar,998,81,121,1,1201,0,289,13,0,302,998,370,134,1,1503,0,0,0,1503
05/12/2016,LAS,NV,AWP,WE,Towers with Radar,1069,96,134,2,1301,0,292,23,2,317,1069,388,157,4,1618,0,0,0,1618
05/13/2016,LAS,NV,AWP,WE,Towers with Radar,1090,82,130,3,1305,0,348,18,1,367,1090,430,148,4,1672,0,0,0,1672
05/14/2016,LAS,NV,AWP,WE,Towers with Radar,847,49,89,1,986,0,298,13,1,312,847,347,102,2,1298,0,0,0,1298
05/15/2016,LAS,NV,AWP,WE,Towers with Radar,1010,93,113,2,1218,0,269,10,0,279,1010,362,123,2,1497,0,0,0,1497
05/16/2016,LAS,NV,AWP,WE,Towers with Radar,1059,52,69,0,1180,0,333,12,0,345,1059,385,81,0,1525,0,0,0,1525
05/17/2016,LAS,NV,AWP,WE,Towers with Radar,993,57,76,1,1127,0,317,7,0,324,993,374,83,1,1451,0,0,0,1451
05/18/2016,LAS,NV,AWP,WE,Towers with Radar,1021,46,91,1,1159,0,378,19,2,399,1021,424,110,3,1558,0,0,0,1558
05/19/2016,LAS,NV,AWP,WE,Towers with Radar,1069,58,127,0,1254,0,351,8,0,359,1069,409,135,0,1613,0,0,0,1613
05/20/2016,LAS,NV,AWP,WE,Towers with Radar,1068,113,140,6,1327,0,307,5,0,312,1068,420,145,6,1639,0,0,0,1639
05/21/2016,LAS,NV,AWP,WE,Towers with Radar,855,93,118,4,1070,0,310,13,0,323,855,403,131,4,1393,0,0,0,1393
05/22/2016,LAS,NV,AWP,WE,Towers with Radar,1026,167,256,3,1452,0,316,12,0,328,1026,483,268,3,1780,0,0,0,1780
05/23/2016,LAS,NV,AWP,WE,Towers with Radar,1066,88,134,0,1288,0,319,13,0,332,1066,407,147,0,1620,0,0,0,1620
05/24/2016,LAS,NV,AWP,WE,Towers with Radar,993,103,155,0,1251,0,329,10,0,339,993,432,165,0,1590,0,0,0,1590
05/25/2016,LAS,NV,AWP,WE,Towers with Radar,1009,97,143,2,1251,0,382,11,0,393,1009,479,154,2,1644,0,0,0,1644
05/26/2016,LAS,NV,AWP,WE,Towers with Radar,1057,76,101,0,1234,0,301,7,0,308,1057,377,108,0,1542,0,0,0,1542
05/27/2016,LAS,NV,AWP,WE,Towers with Radar,1055,104,139,3,1301,0,357,11,0,368,1055,461,150,3,1669,0,0,0,1669
05/28/2016,LAS,NV,AWP,WE,Towers with Radar,831,59,77,3,970,0,298,12,0,310,831,357,89,3,1280,0,0,0,1280
05/29/2016,LAS,NV,AWP,WE,Towers with Radar,870,75,92,0,1037,0,306,8,1,315,870,381,100,1,1352,0,0,0,1352
05/30/2016,LAS,NV,AWP,WE,Towers with Radar,982,70,110,0,1162,0,366,15,0,381,982,436,125,0,1543,0,0,0,1543
05/31/2016,LAS,NV,AWP,WE,Towers with Radar,965,50,81,3,1099,0,339,8,0,347,965,389,89,3,1446,0,0,0,1446
06/01/2016,LAS,NV,AWP,WE,Towers with Radar,1007,58,76,1,1142,0,347,14,0,361,1007,405,90,1,1503,0,0,0,1503
06/02/2016,LAS,NV,AWP,WE,Towers with Radar,1080,87,96,4,1267,0,364,10,0,374,1080,451,106,4,1641,0,0,0,1641
06/03/2016,LAS,NV,AWP,WE,Towers with Radar,1096,63,113,3,1275,0,337,15,0,352,1096,400,128,3,1627,0,0,0,1627
06/04/2016,LAS,NV,AWP,WE,Towers with Radar,873,54,81,2,1010,0,244,11,0,255,873,298,92,2,1265,0,0,0,1265
06/05/2016,LAS,NV,AWP,WE,Towers with Radar,1030,92,110,2,1234,0,287,12,0,299,1030,379,122,2,1533,0,0,0,1533
06/06/2016,LAS,NV,AWP,WE,Towers with Radar,1077,63,107,0,1247,0,330,15,1,346,1077,393,122,1,1593,0,0,0,1593
06/07/2016,LAS,NV,AWP,WE,Towers with Radar,999,77,88,0,1164,0,327,7,1,335,999,404,95,1,1499,0,0,0,1499
06/08/2016,LAS,NV,AWP,WE,Towers with Radar,1031,56,109,0,1196,0,397,12,1,410,1031,453,121,1,1606,0,0,0,1606
06/09/2016,LAS,NV,AWP,WE,Towers with Radar,1085,64,118,0,1267,0,358,30,0,388,1085,422,148,0,1655,0,0,0,1655
06/10/2016,LAS,NV,AWP,WE,Towers with Radar,1088,86,121,1,1296,0,356,12,0,368,1088,442,133,1,1664,0,0,0,1664
06/11/2016,LAS,NV,AWP,WE,Towers with Radar,901,27,64,0,992,0,358,14,0,372,901,385,78,0,1364,0,0,0,1364
06/12/2016,LAS,NV,AWP,WE,Towers with Radar,1022,59,119,1,1201,0,314,10,0,324,1022,373,129,1,1525,0,0,0,1525
06/13/2016,LAS,NV,AWP,WE,Towers with Radar,1052,58,75,0,1185,0,317,8,2,327,1052,375,83,2,1512,0,0,0,1512
06/14/2016,LAS,NV,AWP,WE,Towers with Radar,988,45,79,2,1114,0,327,13,2,342,988,372,92,4,1456,0,0,0,1456
06/15/2016,LAS,NV,AWP,WE,Towers with Radar,1017,55,64,2,1138,0,357,10,0,367,1017,412,74,2,1505,0,0,0,1505
06/16/2016,LAS,NV,AWP,WE,Towers with Radar,1074,69,109,2,1254,1,390,15,0,406,1075,459,124,2,1660,0,0,0,1660
06/17/2016,LAS,NV,AWP,WE,Towers with Radar,1096,89,118,1,1304,0,404,20,0,424,1096,493,138,1,1728,0,0,0,1728
06/18/2016,LAS,NV,AWP,WE,Towers with Radar,893,36,61,1,991,0,598,9,1,608,893,634,70,2,1599,0,0,0,1599
06/19/2016,LAS,NV,AWP,WE,Towers with Radar,1038,78,104,2,1222,0,675,18,2,695,1038,753,122,4,1917,0,0,0,1917
06/20/2016,LAS,NV,AWP,WE,Towers with Radar,1059,79,138,2,1278,0,562,10,1,573,1059,641,148,3,1851,0,0,0,1851
06/21/2016,LAS,NV,AWP,WE,Towers with Radar,989,80,89,3,1161,0,358,13,0,371,989,438,102,3,1532,0,0,0,1532
06/22/2016,LAS,NV,AWP,WE,Towers with Radar,1025,78,92,0,1195,0,315,9,0,324,1025,393,101,0,1519,0,0,0,1519
06/23/2016,LAS,NV,AWP,WE,Towers with Radar,1078,74,95,1,1248,0,374,9,3,386,1078,448,104,4,1634,0,0,0,1634
06/24/2016,LAS,NV,AWP,WE,Towers with Radar,1092,63,118,8,1281,0,354,16,3,373,1092,417,134,11,1654,0,0,0,1654
06/25/2016,LAS,NV,AWP,WE,Towers with Radar,882,50,79,0,1011,0,289,25,0,314,882,339,104,0,1325,0,0,0,1325
06/26/2016,LAS,NV,AWP,WE,Towers with Radar,1031,83,98,4,1216,0,311,7,5,323,1031,394,105,9,1539,0,0,0,1539
06/27/2016,LAS,NV,AWP,WE,Towers with Radar,1059,46,72,1,1178,0,278,18,2,298,1059,324,90,3,1476,0,0,0,1476
06/28/2016,LAS,NV,AWP,WE,Towers with Radar,988,47,45,2,1082,0,377,4,4,385,988,424,49,6,1467,0,0,0,1467
06/29/2016,LAS,NV,AWP,WE,Towers with Radar,999,60,65,0,1124,0,328,14,1,343,999,388,79,1,1467,0,0,0,1467
06/30/2016,LAS,NV,AWP,WE,Towers with Radar,949,46,80,1,1076,0,231,15,1,247,949,277,95,2,1323,0,0,0,1323
07/01/2016,LAS,NV,AWP,WE,Towers with Radar,1087,68,95,1,1251,0,316,21,0,337,1087,384,116,1,1588,0,0,0,1588
07/02/2016,LAS,NV,AWP,WE,Towers with Radar,923,48,64,0,1035,0,319,11,1,331,923,367,75,1,1366,0,0,0,1366
07/03/2016,LAS,NV,AWP,WE,Towers with Radar,927,39,51,0,1017,0,312,8,1,321,927,351,59,1,1338,0,0,0,1338
07/04/2016,LAS,NV,AWP,WE,Towers with Radar,877,43,69,0,989,0,240,12,0,252,877,283,81,0,1241,0,0,0,1241
07/05/2016,LAS,NV,AWP,WE,Towers with Radar,922,52,81,0,1055,0,352,7,0,359,922,404,88,0,1414,0,0,0,1414
07/06/2016,LAS,NV,AWP,WE,Towers with Radar,1012,50,76,2,1140,0,363,12,0,375,1012,413,88,2,1515,0,0,0,1515
07/07/2016,LAS,NV,AWP,WE,Towers with Radar,1090,57,63,0,1210,0,315,10,0,325,1090,372,73,0,1535,0,0,0,1535
07/08/2016,LAS,NV,AWP,WE,Towers with Radar,1072,76,135,2,1285,0,365,14,0,379,1072,441,149,2,1664,0,0,0,1664
07/09/2016,LAS,NV,AWP,WE,Towers with Radar,894,53,94,2,1043,0,270,6,0,276,894,323,100,2,1319,0,0,0,1319
07/10/2016,LAS,NV,AWP,WE,Towers with Radar,1043,86,146,5,1280,0,281,14,0,295,1043,367,160,5,1575,0,0,0,1575
07/11/2016,LAS,NV,AWP,WE,Towers with Radar,1052,65,98,1,1216,0,312,13,0,325,1052,377,111,1,1541,0,0,0,1541
07/12/2016,LAS,NV,AWP,WE,Towers with Radar,977,58,85,0,1120,0,301,5,0,306,977,359,90,0,1426,0,0,0,1426
07/13/2016,LAS,NV,AWP,WE,Towers with Radar,1013,76,102,1,1192,0,352,35,1,388,1013,428,137,2,1580,0,0,0,1580
07/14/2016,LAS,NV,AWP,WE,Towers with Radar,1094,76,92,2,1264,0,322,8,0,330,1094,398,100,2,1594,0,0,0,1594
07/15/2016,LAS,NV,AWP,WE,Towers with Radar,1069,83,111,0,1263,0,331,13,1,345,1069,414,124,1,1608,0,0,0,1608
07/16/2016,LAS,NV,AWP,WE,Towers with Radar,894,48,69,0,1011,0,300,10,0,310,894,348,79,0,1321,0,0,0,1321
07/17/2016,LAS,NV,AWP,WE,Towers with Radar,1038,77,99,2,1216,0,308,10,0,318,1038,385,109,2,1534,0,0,0,1534
07/18/2016,LAS,NV,AWP,WE,Towers with Radar,1079,58,77,1,1215,0,355,12,0,367,1079,413,89,1,1582,0,0,0,1582
07/19/2016,LAS,NV,AWP,WE,Towers with Radar,1000,60,76,2,1138,0,345,10,0,355,1000,405,86,2,1493,0,0,0,1493
07/20/2016,LAS,NV,AWP,WE,Towers with Radar,925,57,82,2,1066,0,354,5,3,362,925,411,87,5,1428,0,0,0,1428
07/21/2016,LAS,NV,AWP,WE,Towers with Radar,924,84,105,2,1115,0,342,15,2,359,924,426,120,4,1474,0,0,0,1474
07/22/2016,LAS,NV,AWP,WE,Towers with Radar,1021,98,119,3,1241,0,326,22,1,349,1021,424,141,4,1590,0,0,0,1590
07/23/2016,LAS,NV,AWP,WE,Towers with Radar,872,56,82,2,1012,1,310,5,0,316,873,366,87,2,1328,0,0,0,1328
07/24/2016,LAS,NV,AWP,WE,Towers with Radar,1027,87,114,0,1228,0,298,15,0,313,1027,385,129,0,1541,0,0,0,1541
07/25/2016,LAS,NV,AWP,WE,Towers with Radar,1038,69,81,0,1188,0,339,16,0,355,1038,408,97,0,1543,0,0,0,1543
07/26/2016,LAS,NV,AWP,WE,Towers with Radar,996,67,90,0,1153,0,392,13,0,405,996,459,103,0,1558,0,0,0,1558
07/27/2016,LAS,NV,AWP,WE,Towers with Radar,989,57,90,0,1136,0,391,16,0,407,989,448,106,0,1543,0,0,0,1543
07/28/2016,LAS,NV,AWP,WE,Towers with Radar,1044,68,85,2,1199,0,358,13,0,371,1044,426,98,2,1570,0,0,0,1570
07/29/2016,LAS,NV,AWP,WE,Towers with Radar,1089,95,90,2,1276,0,404,20,1,425,1089,499,110,3,1701,0,0,0,1701
07/30/2016,LAS,NV,AWP,WE,Towers with Radar,888,62,75,4,1029,0,265,11,2,278,888,327,86,6,1307,0,0,0,1307
07/31/2016,LAS,NV,AWP,WE,Towers with Radar,1026,91,108,4,1229,0,355,10,0,365,1026,446,118,4,1594,0,0,0,1594
08/01/2016,LAS,NV,AWP,WE,Towers with Radar,1065,94,101,0,1260,0,418,15,0,433,1065,512,116,0,1693,0,0,0,1693
08/02/2016,LAS,NV,AWP,WE,Towers with Radar,976,64,85,4,1129,0,388,11,2,401,976,452,96,6,1530,0,0,0,1530
08/03/2016,LAS,NV,AWP,WE,Towers with Radar,992,75,78,1,1146,8,346,15,5,374,1000,421,93,6,1520,0,0,0,1520
08/04/2016,LAS,NV,AWP,WE,Towers with Radar,1083,82,102,0,1267,0,335,16,0,351,1083,417,118,0,1618,0,0,0,1618
08/05/2016,LAS,NV,AWP,WE,Towers with Radar,1091,101,65,2,1259,0,371,14,2,387,1091,472,79,4,1646,0,0,0,1646
08/06/2016,LAS,NV,AWP,WE,Towers with Radar,869,60,73,3,1005,0,372,15,6,393,869,432,88,9,1398,0,0,0,1398
08/07/2016,LAS,NV,AWP,WE,Towers with Radar,1013,99,104,6,1222,2,340,18,3,363,1015,439,122,9,1585,0,0,0,1585
08/08/2016,LAS,NV,AWP,WE,Towers with Radar,1000,63,76,0,1139,0,371,4,0,375,1000,434,80,0,1514,0,0,0,1514
08/09/2016,LAS,NV,AWP,WE,Towers with Radar,966,61,74,0,1101,0,405,9,1,415,966,466,83,1,1516,0,0,0,1516
08/10/2016,LAS,NV,AWP,WE,Towers with Radar,958,62,89,1,1110,0,390,8,1,399,958,452,97,2,1509,0,0,0,1509
08/11/2016,LAS,NV,AWP,WE,Towers with Radar,1057,66,75,0,1198,0,416,25,0,441,1057,482,100,0,1639,0,0,0,1639
08/12/2016,LAS,NV,AWP,WE,Towers with Radar,1036,116,76,0,1228,0,420,24,1,445,1036,536,100,1,1673,0,0,0,1673
08/13/2016,LAS,NV,AWP,WE,Towers with Radar,846,46,91,4,987,0,398,18,1,417,846,444,109,5,1404,0,0,0,1404
08/14/2016,LAS,NV,AWP,WE,Towers with Radar,1007,97,120,4,1228,0,318,16,0,334,1007,415,136,4,1562,0,0,0,1562
08/15/2016,LAS,NV,AWP,WE,Towers with Radar,1035,64,74,0,1173,0,339,18,0,357,1035,403,92,0,1530,0,0,0,1530
08/16/2016,LAS,NV,AWP,WE,Towers with Radar,967,75,78,3,1123,0,343,10,5,358,967,418,88,8,1481,0,0,0,1481
08/17/2016,LAS,NV,AWP,WE,Towers with Radar,987,82,73,0,1142,0,319,6,5,330,987,401,79,5,1472,0,0,0,1472
08/18/2016,LAS,NV,AWP,WE,Towers with Radar,1050,89,122,0,1261,0,360,13,0,373,1050,449,135,0,1634,0,0,0,1634
08/19/2016,LAS,NV,AWP,WE,Towers with Radar,1042,111,106,1,1260,0,370,15,2,387,1042,481,121,3,1647,0,0,0,1647
08/20/2016,LAS,NV,AWP,WE,Towers with Radar,841,89,98,0,1028,0,323,9,0,332,841,412,107,0,1360,0,0,0,1360
08/21/2016,LAS,NV,AWP,WE,Towers with Radar,1030,142,120,1,1293,0,317,14,0,331,1030,459,134,1,1624,0,0,0,1624
08/22/2016,LAS,NV,AWP,WE,Towers with Radar,1042,93,92,0,1227,0,259,10,2,271,1042,352,102,2,1498,0,0,0,1498
08/23/2016,LAS,NV,AWP,WE,Towers with Radar,965,74,79,0,1118,0,301,17,1,319,965,375,96,1,1437,0,0,0,1437
08/24/2016,LAS,NV,AWP,WE,Towers with Radar,970,82,86,1,1139,0,343,15,0,358,970,425,101,1,1497,0,0,0,1497
08/25/2016,LAS,NV,AWP,WE,Towers with Radar,1068,84,110,3,1265,0,314,10,1,325,1068,398,120,4,1590,0,0,0,1590
08/26/2016,LAS,NV,AWP,WE,Towers with Radar,1052,93,109,1,1255,0,358,18,1,377,1052,451,127,2,1632,0,0,0,1632
08/27/2016,LAS,NV,AWP,WE,Towers with Radar,822,61,85,1,969,0,313,11,0,324,822,374,96,1,1293,0,0,0,1293
08/28/2016,LAS,NV,AWP,WE,Towers with Radar,1042,69,98,3,1212,0,313,19,1,333,1042,382,117,4,1545,0,0,0,1545
08/29/2016,LAS,NV,AWP,WE,Towers with Radar,1046,49,62,6,1163,0,320,10,3,333,1046,369,72,9,1496,0,0,0,1496
08/30/2016,LAS,NV,AWP,WE,Towers with Radar,968,48,71,2,1089,0,314,7,1,322,968,362,78,3,1411,0,0,0,1411
08/31/2016,LAS,NV,AWP,WE,Towers with Radar,990,68,82,3,1143,0,280,19,2,301,990,348,101,5,1444,0,0,0,1444
09/01/2016,LAS,NV,AWP,WE,Towers with Radar,1065,50,113,2,1230,0,346,4,0,350,1065,396,117,2,1580,0,0,0,1580
09/02/2016,LAS,NV,AWP,WE,Towers with Radar,1022,92,112,0,1226,0,380,12,1,393,1022,472,124,1,1619,0,0,0,1619
09/03/2016,LAS,NV,AWP,WE,Towers with Radar,769,41,94,0,904,0,368,7,0,375,769,409,101,0,1279,0,0,0,1279
09/04/2016,LAS,NV,AWP,WE,Towers with Radar,889,41,65,0,995,0,389,10,0,399,889,430,75,0,1394,0,0,0,1394
09/05/2016,LAS,NV,AWP,WE,Towers with Radar,961,81,112,0,1154,0,334,23,0,357,961,415,135,0,1511,0,0,0,1511
09/06/2016,LAS,NV,AWP,WE,Towers with Radar,969,66,112,0,1147,0,454,23,1,478,969,520,135,1,1625,0,0,0,1625
09/07/2016,LAS,NV,AWP,WE,Towers with Radar,991,87,144,0,1222,0,352,14,3,369,991,439,158,3,1591,0,0,0,1591
09/08/2016,LAS,NV,AWP,WE,Towers with Radar,1074,83,123,0,1280,0,428,6,0,434,1074,511,129,0,1714,0,0,0,1714
09/09/2016,LAS,NV,AWP,WE,Towers with Radar,1062,98,134,1,1295,0,381,17,2,400,1062,479,151,3,1695,0,0,0,1695
09/10/2016,LAS,NV,AWP,WE,Towers with Radar,837,50,89,3,979,0,333,12,1,346,837,383,101,4,1325,0,0,0,1325
09/11/2016,LAS,NV,AWP,WE,Towers with Radar,1033,78,123,4,1238,0,321,21,0,342,1033,399,144,4,1580,0,0,0,1580
09/12/2016,LAS,NV,AWP,WE,Towers with Radar,1063,79,97,0,1239,0,353,12,0,365,1063,432,109,0,1604,0,0,0,1604
09/13/2016,LAS,NV,AWP,WE,Towers with Radar,964,80,101,1,1146,0,402,12,0,414,964,482,113,1,1560,0,0,0,1560
09/14/2016,LAS,NV,AWP,WE,Towers with Radar,1002,77,94,0,1173,0,377,8,0,385,1002,454,102,0,1558,0,0,0,1558
09/15/2016,LAS,NV,AWP,WE,Towers with Radar,1094,70,113,0,1277,0,351,24,0,375,1094,421,137,0,1652,0,0,0,1652
09/16/2016,LAS,NV,AWP,WE,Towers with Radar,1087,92,138,0,1317,0,417,10,0,427,1087,509,148,0,1744,0,0,0,1744
09/17/2016,LAS,NV,AWP,WE,Towers with Radar,842,60,83,0,985,0,364,10,0,374,842,424,93,0,1359,0,0,0,1359
09/18/2016,LAS,NV,AWP,WE,Towers with Radar,1049,108,140,3,1300,0,384,18,0,402,1049,492,158,3,1702,0,0,0,1702
09/19/2016,LAS,NV,AWP,WE,Towers with Radar,1068,57,88,4,1217,0,360,11,0,371,1068,417,99,4,1588,0,0,0,1588
09/20/2016,LAS,NV,AWP,WE,Towers with Radar,982,61,67,2,1112,0,382,6,3,391,982,443,73,5,1503,0,0,0,1503
09/21/2016,LAS,NV,AWP,WE,Towers with Radar,995,78,96,0,1169,0,230,37,0,267,995,308,133,0,1436,0,0,0,1436
09/22/2016,LAS,NV,AWP,WE,Towers with Radar,1082,79,120,0,1281,0,370,11,0,381,1082,449,131,0,1662,0,0,0,1662
09/23/2016,LAS,NV,AWP,WE,Towers with Radar,1088,109,187,3,1387,0,407,23,1,431,1088,516,210,4,1818,0,0,0,1818
09/24/2016,LAS,NV,AWP,WE,Towers with Radar,852,55,100,0,1007,0,380,13,0,393,852,435,113,0,1400,0,0,0,1400
09/25/2016,LAS,NV,AWP,WE,Towers with Radar,1046,96,239,4,1385,0,374,4,0,378,1046,470,243,4,1763,0,0,0,1763
09/26/2016,LAS,NV,AWP,WE,Towers with Radar,1081,68,102,2,1253,0,345,8,0,353,1081,413,110,2,1606,0,0,0,1606
09/27/2016,LAS,NV,AWP,WE,Towers with Radar,990,85,115,0,1190,0,334,8,0,342,990,419,123,0,1532,0,0,0,1532
09/28/2016,LAS,NV,AWP,WE,Towers with Radar,1005,81,127,0,1213,0,396,13,0,409,1005,477,140,0,1622,0,0,0,1622
09/29/2016,LAS,NV,AWP,WE,Towers with Radar,1084,74,105,0,1263,0,368,18,0,386,1084,442,123,0,1649,0,0,0,1649
09/30/2016,LAS,NV,AWP,WE,Towers with Radar,1073,78,126,3,1280,0,373,14,0,387,1073,451,140,3,1667,0,0,0,1667
10/01/2016,LAS,NV,AWP,WE,Towers with Radar,854,43,95,5,997,0,379,16,0,395,854,422,111,5,1392,0,0,0,1392
10/02/2016,LAS,NV,AWP,WE,Towers with Radar,1048,85,118,2,1253,0,340,16,0,356,1048,425,134,2,1609,0,0,0,1609
10/03/2016,LAS,NV,AWP,WE,Towers with Radar,1064,58,77,0,1199,0,355,12,2,369,1064,413,89,2,1568,0,0,0,1568
10/04/2016,LAS,NV,AWP,WE,Towers with Radar,989,61,123,3,1176,0,399,13,0,412,989,460,136,3,1588,0,0,0,1588
10/05/2016,LAS,NV,AWP,WE,Towers with Radar,1014,67,87,1,1169,0,355,12,0,367,1014,422,99,1,1536,0,0,0,1536
10/06/2016,LAS,NV,AWP,WE,Towers with Radar,1087,72,108,3,1270,0,353,13,1,367,1087,425,121,4,1637,0,0,0,1637
10/07/2016,LAS,NV,AWP,WE,Towers with Radar,1083,92,128,2,1305,0,337,4,0,341,1083,429,132,2,1646,0,0,0,1646
10/08/2016,LAS,NV,AWP,WE,Towers with Radar,872,56,96,2,1026,0,335,11,0,346,872,391,107,2,1372,0,0,0,1372
10/09/2016,LAS,NV,AWP,WE,Towers with Radar,1067,83,137,0,1287,1,341,2,0,344,1068,424,139,0,1631,0,0,0,1631
10/10/2016,LAS,NV,AWP,WE,Towers with Radar,1034,61,97,3,1195,0,335,12,0,347,1034,396,109,3,1542,0,0,0,1542
10/11/2016,LAS,NV,AWP,WE,Towers with Radar,997,58,96,1,1152,0,360,15,3,378,997,418,111,4,1530,0,0,0,1530
10/12/2016,LAS,NV,AWP,WE,Towers with Radar,1020,63,91,4,1178,0,335,4,0,339,1020,398,95,4,1517,0,0,0,1517
10/13/2016,LAS,NV,AWP,WE,Towers with Radar,1097,80,116,3,1296,0,369,15,3,387,1097,449,131,6,1683,0,0,0,1683
10/14/2016,LAS,NV,AWP,WE,Towers with Radar,1087,91,116,4,1298,0,405,16,3,424,1087,496,132,7,1722,0,0,0,1722
10/15/2016,LAS,NV,AWP,WE,Towers with Radar,872,60,92,5,1029,0,379,21,0,400,872,439,113,5,1429,0,0,0,1429
10/16/2016,LAS,NV,AWP,WE,Towers with Radar,1068,101,129,3,1301,0,317,10,0,327,1068,418,139,3,1628,0,0,0,1628
10/17/2016,LAS,NV,AWP,WE,Towers with Radar,1086,77,101,3,1267,0,331,7,1,339,1086,408,108,4,1606,0,0,0,1606
10/18/2016,LAS,NV,AWP,WE,Towers with Radar,998,87,114,1,1200,0,360,15,1,376,998,447,129,2,1576,0,0,0,1576
10/19/2016,LAS,NV,AWP,WE,Towers with Radar,997,113,160,0,1270,0,340,17,2,359,997,453,177,2,1629,0,0,0,1629
10/20/2016,LAS,NV,AWP,WE,Towers with Radar,1104,97,147,2,1350,0,374,25,5,404,1104,471,172,7,1754,0,0,0,1754
10/21/2016,LAS,NV,AWP,WE,Towers with Radar,1100,104,147,1,1352,1,364,8,2,375,1101,468,155,3,1727,0,0,0,1727
10/22/2016,LAS,NV,AWP,WE,Towers with Radar,858,74,95,3,1030,0,342,8,0,350,858,416,103,3,1380,0,0,0,1380
10/23/2016,LAS,NV,AWP,WE,Towers with Radar,1079,111,150,4,1344,0,223,8,1,232,1079,334,158,5,1576,0,0,0,1576
10/24/2016,LAS,NV,AWP,WE,Towers with Radar,1051,61,92,4,1208,0,245,2,0,247,1051,306,94,4,1455,0,0,0,1455
10/25/2016,LAS,NV,AWP,WE,Towers with Radar,993,57,92,0,1142,0,315,6,0,321,993,372,98,0,1463,0,0,0,1463
10/26/2016,LAS,NV,AWP,WE,Towers with Radar,1016,76,116,2,1210,0,401,13,2,416,1016,477,129,4,1626,0,0,0,1626
10/27/2016,LAS,NV,AWP,WE,Towers with Radar,1095,67,133,5,1300,0,387,5,2,394,1095,454,138,7,1694,0,0,0,1694
10/28/2016,LAS,NV,AWP,WE,Towers with Radar,1072,82,101,3,1258,0,311,16,3,330,1072,393,117,6,1588,0,0,0,1588
10/29/2016,LAS,NV,AWP,WE,Towers with Radar,853,51,83,2,989,0,296,10,1,307,853,347,93,3,1296,0,0,0,1296
10/30/2016,LAS,NV,AWP,WE,Towers with Radar,1033,89,129,2,1253,0,260,13,1,274,1033,349,142,3,1527,0,0,0,1527
10/31/2016,LAS,NV,AWP,WE,Towers with Radar,985,74,98,1,1158,0,265,5,0,270,985,339,103,1,1428,0,0,0,1428
11/01/2016,LAS,NV,AWP,WE,Towers with Radar,964,79,110,2,1155,0,225,18,0,243,964,304,128,2,1398,0,0,0,1398
11/02/2016,LAS,NV,AWP,WE,Towers with Radar,989,81,132,0,1202,0,278,22,2,302,989,359,154,2,1504,0,0,0,1504
11/03/2016,LAS,NV,AWP,WE,Towers with Radar,1090,90,143,1,1324,0,269,9,0,278,1090,359,152,1,1602,0,0,0,1602
11/04/2016,LAS,NV,AWP,WE,Towers with Radar,1063,98,127,5,1293,0,299,12,0,311,1063,397,139,5,1604,0,0,0,1604
11/05/2016,LAS,NV,AWP,WE,Towers with Radar,849,58,91,2,1000,0,395,11,3,409,849,453,102,5,1409,0,0,0,1409
11/06/2016,LAS,NV,AWP,WE,Towers with Radar,1036,106,138,3,1283,0,249,11,0,260,1036,355,149,3,1543,0,0,0,1543
11/07/2016,LAS,NV,AWP,WE,Towers with Radar,987,60,70,0,1117,0,240,10,3,253,987,300,80,3,1370,0,0,0,1370
11/08/2016,LAS,NV,AWP,WE,Towers with Radar,842,66,57,4,969,0,300,4,0,304,842,366,61,4,1273,0,0,0,1273
11/09/2016,LAS,NV,AWP,WE,Towers with Radar,990,56,89,8,1143,0,266,9,1,276,990,322,98,9,1419,0,0,0,1419
11/10/2016,LAS,NV,AWP,WE,Towers with Radar,1069,96,112,2,1279,0,347,15,0,362,1069,443,127,2,1641,0,0,0,1641
11/11/2016,LAS,NV,AWP,WE,Towers with Radar,1016,113,95,0,1224,0,302,6,0,308,1016,415,101,0,1532,0,0,0,1532
11/12/2016,LAS,NV,AWP,WE,Towers with Radar,853,33,67,1,954,0,323,14,1,338,853,356,81,2,1292,0,0,0,1292
11/13/2016,LAS,NV,AWP,WE,Towers with Radar,1028,96,121,6,1251,0,225,22,4,251,1028,321,143,10,1502,0,0,0,1502
11/14/2016,LAS,NV,AWP,WE,Towers with Radar,1024,74,97,3,1198,12,310,15,0,337,1036,384,112,3,1535,0,0,0,1535
11/15/2016,LAS,NV,AWP,WE,Towers with Radar,954,61,107,3,1125,0,261,21,2,284,954,322,128,5,1409,0,0,0,1409
11/16/2016,LAS,NV,AWP,WE,Towers with Radar,988,96,128,7,1219,0,193,17,5,215,988,289,145,12,1434,0,0,0,1434
11/17/2016,LAS,NV,AWP,WE,Towers with Radar,1064,100,152,0,1316,0,241,14,0,255,1064,341,166,0,1571,0,0,0,1571
11/18/2016,LAS,NV,AWP,WE,Towers with Radar,1057,94,157,3,1311,0,359,15,0,374,1057,453,172,3,1685,0,0,0,1685
11/19/2016,LAS,NV,AWP,WE,Towers with Radar,873,72,116,0,1061,0,301,11,0,312,873,373,127,0,1373,0,0,0,1373
11/20/2016,LAS,NV,AWP,WE,Towers with Radar,1011,122,136,1,1270,0,286,8,1,295,1011,408,144,2,1565,0,0,0,1565
11/21/2016,LAS,NV,AWP,WE,Towers with Radar,1005,53,79,5,1142,0,261,8,0,269,1005,314,87,5,1411,0,0,0,1411
11/22/2016,LAS,NV,AWP,WE,Towers with Radar,921,56,65,0,1042,0,290,11,0,301,921,346,76,0,1343,0,0,0,1343
11/23/2016,LAS,NV,AWP,WE,Towers with Radar,1005,58,90,0,1153,0,295,3,1,299,1005,353,93,1,1452,0,0,0,1452
11/24/2016,LAS,NV,AWP,WE,Towers with Radar,702,38,52,0,792,0,216,8,0,224,702,254,60,0,1016,0,0,0,1016
11/25/2016,LAS,NV,AWP,WE,Towers with Radar,885,46,52,0,983,0,357,12,1,370,885,403,64,1,1353,0,0,0,1353
11/26/2016,LAS,NV,AWP,WE,Towers with Radar,888,56,66,1,1011,0,382,6,1,389,888,438,72,2,1400,0,0,0,1400
11/27/2016,LAS,NV,AWP,WE,Towers with Radar,1023,48,115,3,1189,0,180,7,0,187,1023,228,122,3,1376,0,0,0,1376
11/28/2016,LAS,NV,AWP,WE,Towers with Radar,1017,50,50,2,1119,0,214,7,0,221,1017,264,57,2,1340,0,0,0,1340
11/29/2016,LAS,NV,AWP,WE,Towers with Radar,964,58,67,1,1090,0,198,7,1,206,964,256,74,2,1296,0,0,0,1296
11/30/2016,LAS,NV,AWP,WE,Towers with Radar,945,56,108,2,1111,0,166,7,0,173,945,222,115,2,1284,0,0,0,1284
12/01/2016,LAS,NV,AWP,WE,Towers with Radar,1025,83,126,1,1235,0,159,14,3,176,1025,242,140,4,1411,0,0,0,1411
12/02/2016,LAS,NV,AWP,WE,Towers with Radar,1016,97,176,1,1290,0,212,7,0,219,1016,309,183,1,1509,0,0,0,1509
12/03/2016,LAS,NV,AWP,WE,Towers with Radar,823,71,123,1,1018,0,247,6,0,253,823,318,129,1,1271,0,0,0,1271
12/04/2016,LAS,NV,AWP,WE,Towers with Radar,985,107,145,2,1239,0,180,13,0,193,985,287,158,2,1432,0,0,0,1432
12/05/2016,LAS,NV,AWP,WE,Towers with Radar,1002,70,92,0,1164,0,159,18,0,177,1002,229,110,0,1341,0,0,0,1341
12/06/2016,LAS,NV,AWP,WE,Towers with Radar,906,64,97,1,1068,0,217,16,3,236,906,281,113,4,1304,0,0,0,1304
12/07/2016,LAS,NV,AWP,WE,Towers with Radar,943,73,122,1,1139,0,181,7,2,190,943,254,129,3,1329,0,0,0,1329
12/08/2016,LAS,NV,AWP,WE,Towers with Radar,1017,69,137,4,1227,0,180,9,2,191,1017,249,146,6,1418,0,0,0,1418
12/09/2016,LAS,NV,AWP,WE,Towers with Radar,1003,77,120,2,1202,0,200,7,1,208,1003,277,127,3,1410,0,0,0,1410
12/10/2016,LAS,NV,AWP,WE,Towers with Radar,814,59,83,4,960,0,193,9,1,203,814,252,92,5,1163,0,0,0,1163
12/11/2016,LAS,NV,AWP,WE,Towers with Radar,982,86,125,2,1195,0,223,8,3,234,982,309,133,5,1429,0,0,0,1429
12/12/2016,LAS,NV,AWP,WE,Towers with Radar,1003,44,57,3,1107,0,174,11,4,189,1003,218,68,7,1296,0,0,0,1296
12/13/2016,LAS,NV,AWP,WE,Towers with Radar,918,61,72,0,1051,0,174,8,8,190,918,235,80,8,1241,0,0,0,1241
12/14/2016,LAS,NV,AWP,WE,Towers with Radar,922,58,52,2,1034,0,156,14,1,171,922,214,66,3,1205,0,0,0,1205
12/15/2016,LAS,NV,AWP,WE,Towers with Radar,1024,63,83,2,1172,0,154,5,2,161,1024,217,88,4,1333,0,0,0,1333
12/16/2016,LAS,NV,AWP,WE,Towers with Radar,987,69,92,1,1149,0,133,2,0,135,987,202,94,1,1284,0,0,0,1284
12/17/2016,LAS,NV,AWP,WE,Towers with Radar,818,75,78,4,975,0,265,9,0,274,818,340,87,4,1249,0,0,0,1249
12/18/2016,LAS,NV,AWP,WE,Towers with Radar,957,69,85,4,1115,0,191,3,1,195,957,260,88,5,1310,0,0,0,1310
12/19/2016,LAS,NV,AWP,WE,Towers with Radar,1008,43,88,0,1139,0,175,5,0,180,1008,218,93,0,1319,0,0,0,1319
12/20/2016,LAS,NV,AWP,WE,Towers with Radar,928,41,85,2,1056,0,210,3,2,215,928,251,88,4,1271,0,0,0,1271
12/21/2016,LAS,NV,AWP,WE,Towers with Radar,929,38,71,0,1038,0,193,3,0,196,929,231,74,0,1234,0,0,0,1234
12/22/2016,LAS,NV,AWP,WE,Towers with Radar,970,55,65,0,1090,0,48,1,0,49,970,103,66,0,1139,0,0,0,1139
12/23/2016,LAS,NV,AWP,WE,Towers with Radar,998,58,77,0,1133,0,159,1,0,160,998,217,78,0,1293,0,0,0,1293
12/24/2016,LAS,NV,AWP,WE,Towers with Radar,805,20,52,0,877,0,57,4,0,61,805,77,56,0,938,0,0,0,938
12/25/2016,LAS,NV,AWP,WE,Towers with Radar,792,30,29,0,851,0,240,0,0,240,792,270,29,0,1091,0,0,0,1091
12/26/2016,LAS,NV,AWP,WE,Towers with Radar,931,67,83,0,1081,0,341,8,0,349,931,408,91,0,1430,0,0,0,1430
12/27/2016,LAS,NV,AWP,WE,Towers with Radar,930,61,84,0,1075,0,329,9,0,338,930,390,93,0,1413,0,0,0,1413
12/28/2016,LAS,NV,AWP,WE,Towers with Radar,926,64,103,1,1094,0,380,17,3,400,926,444,120,4,1494,0,0,0,1494
12/29/2016,LAS,NV,AWP,WE,Towers with Radar,983,81,125,4,1193,0,394,13,5,412,983,475,138,9,1605,0,0,0,1605
12/30/2016,LAS,NV,AWP,WE,Towers with Radar,969,139,196,1,1305,0,386,10,0,396,969,525,206,1,1701,0,0,0,1701
12/31/2016,LAS,NV,AWP,WE,Towers with Radar,792,73,95,1,961,0,97,6,6,109,792,170,101,7,1070,0,0,0,1070
01/01/2017,LAS,NV,AWP,WE,Towers with Radar,925,87,167,1,1180,0,281,10,0,291,925,368,177,1,1471,0,0,0,1471
01/02/2017,LAS,NV,AWP,WE,Towers with Radar,953,112,169,0,1234,0,348,9,0,357,953,460,178,0,1591,0,0,0,1591
01/03/2017,LAS,NV,AWP,WE,Towers with Radar,1001,86,138,1,1226,0,313,11,1,325,1001,399,149,2,1551,0,0,0,1551
01/04/2017,LAS,NV,AWP,WE,Towers with Radar,1087,122,209,0,1418,0,265,15,0,280,1087,387,224,0,1698,0,0,0,1698
01/05/2017,LAS,NV,AWP,WE,Towers with Radar,1095,138,195,1,1429,0,186,8,1,195,1095,324,203,2,1624,0,0,0,1624
01/06/2017,LAS,NV,AWP,WE,Towers with Radar,1073,192,223,0,1488,0,211,13,0,224,1073,403,236,0,1712,0,0,0,1712
01/07/2017,LAS,NV,AWP,WE,Towers with Radar,844,72,147,0,1063,0,257,9,0,266,844,329,156,0,1329,0,0,0,1329
01/08/2017,LAS,NV,AWP,WE,Towers with Radar,1052,89,142,0,1283,0,237,12,0,249,1052,326,154,0,1532,0,0,0,1532
01/09/2017,LAS,NV,AWP,WE,Towers with Radar,1023,38,63,0,1124,0,159,4,2,165,1023,197,67,2,1289,0,0,0,1289
01/10/2017,LAS,NV,AWP,WE,Towers with Radar,917,45,66,1,1029,0,245,15,0,260,917,290,81,1,1289,0,0,0,1289
01/11/2017,LAS,NV,AWP,WE,Towers with Radar,929,47,73,1,1050,0,175,6,0,181,929,222,79,1,1231,0,0,0,1231
01/12/2017,LAS,NV,AWP,WE,Towers with Radar,1035,76,105,4,1220,0,178,2,0,180,1035,254,107,4,1400,0,0,0,1400
01/13/2017,LAS,NV,AWP,WE,Towers with Radar,1030,96,115,4,1245,0,153,4,0,157,1030,249,119,4,1402,0,0,0,1402
01/14/2017,LAS,NV,AWP,WE,Towers with Radar,800,65,74,2,941,0,252,6,0,258,800,317,80,2,1199,0,0,0,1199
01/15/2017,LAS,NV,AWP,WE,Towers with Radar,945,81,91,2,1119,0,232,3,2,237,945,313,94,4,1356,0,0,0,1356
01/16/2017,LAS,NV,AWP,WE,Towers with Radar,968,78,127,1,1174,0,182,4,0,186,968,260,131,1,1360,0,0,0,1360
01/17/2017,LAS,NV,AWP,WE,Towers with Radar,907,68,100,0,1075,0,215,13,2,230,907,283,113,2,1305,0,0,0,1305
01/18/2017,LAS,NV,AWP,WE,Towers with Radar,935,68,138,1,1142,0,239,19,3,261,935,307,157,4,1403,0,0,0,1403
01/19/2017,LAS,NV,AWP,WE,Towers with Radar,999,79,118,0,1196,0,81,7,2,90,999,160,125,2,1286,0,0,0,1286
01/20/2017,LAS,NV,AWP,WE,Towers with Radar,975,69,131,4,1179,0,88,2,0,90,975,157,133,4,1269,0,0,0,1269
01/21/2017,LAS,NV,AWP,WE,Towers with Radar,836,47,86,2,971,0,332,10,0,342,836,379,96,2,1313,0,0,0,1313
01/22/2017,LAS,NV,AWP,WE,Towers with Radar,875,68,95,1,1039,0,48,1,0,49,875,116,96,1,1088,0,0,0,1088
01/23/2017,LAS,NV,AWP,WE,Towers with Radar,1025,55,74,1,1155,0,147,4,0,151,1025,202,78,1,1306,0,0,0,1306
01/24/2017,LAS,NV,AWP,WE,Towers with Radar,925,75,73,0,1073,0,214,9,2,225,925,289,82,2,1298,0,0,0,1298
01/25/2017,LAS,NV,AWP,WE,Towers with Radar,930,63,90,1,1084,0,219,7,0,226,930,282,97,1,1310,0,0,0,1310
01/26/2017,LAS,NV,AWP,WE,Towers with Radar,1030,66,97,0,1193,0,248,8,1,257,1030,314,105,1,1450,0,0,0,1450
01/27/2017,LAS,NV,AWP,WE,Towers with Radar,1031,89,117,1,1238,0,239,3,0,242,1031,328,120,1,1480,0,0,0,1480
01/28/2017,LAS,NV,AWP,WE,Towers with Radar,815,47,95,0,957,0,265,8,0,273,815,312,103,0,1230,0,0,0,1230
01/29/2017,LAS,NV,AWP,WE,Towers with Radar,966,74,102,2,1144,0,241,14,0,255,966,315,116,2,1399,0,0,0,1399
01/30/2017,LAS,NV,AWP,WE,Towers with Radar,1023,50,78,3,1154,0,204,20,0,224,1023,254,98,3,1378,0,0,0,1378
01/31/2017,LAS,NV,AWP,WE,Towers with Radar,891,59,119,2,1071,0,186,16,0,202,891,245,135,2,1273,0,0,0,1273
02/01/2017,LAS,NV,AWP,WE,Towers with Radar,947,69,137,0,1153,0,191,21,2,214,947,260,158,2,1367,0,0,0,1367
02/02/2017,LAS,NV,AWP,WE,Towers with Radar,1027,84,144,0,1255,0,222,16,0,238,1027,306,160,0,1493,0,0,0,1493
02/03/2017,LAS,NV,AWP,WE,Towers with Radar,1029,119,166,0,1314,0,235,8,1,244,1029,354,174,1,1558,0,0,0,1558
02/04/2017,LAS,NV,AWP,WE,Towers with Radar,806,85,124,3,1018,0,265,6,0,271,806,350,130,3,1289,0,0,0,1289
02/05/2017,LAS,NV,AWP,WE,Towers with Radar,865,104,153,1,1123,0,207,17,0,224,865,311,170,1,1347,0,0,0,1347
02/06/2017,LAS,NV,AWP,WE,Towers with Radar,998,118,164,0,1280,0,189,4,0,193,998,307,168,0,1473,0,0,0,1473
02/07/2017,LAS,NV,AWP,WE,Towers with Radar,905,74,96,0,1075,0,195,9,0,204,905,269,105,0,1279,0,0,0,1279
02/08/2017,LAS,NV,AWP,WE,Towers with Radar,933,76,72,0,1081,0,187,6,0,193,933,263,78,0,1274,0,0,0,1274
02/09/2017,LAS,NV,AWP,WE,Towers with Radar,1010,68,121,1,1200,0,213,8,0,221,1010,281,129,1,1421,0,0,0,1421
02/10/2017,LAS,NV,AWP,WE,Towers with Radar,1040,77,97,4,1218,0,258,13,0,271,1040,335,110,4,1489,0,0,0,1489
02/11/2017,LAS,NV,AWP,WE,Towers with Radar,821,57,58,3,939,0,241,6,0,247,821,298,64,3,1186,0,0,0,1186
02/12/2017,LAS,NV,AWP,WE,Towers with Radar,985,68,111,2,1166,0,263,4,1,268,985,331,115,3,1434,0,0,0,1434
02/13/2017,LAS,NV,AWP,WE,Towers with Radar,1011,43,66,1,1121,0,273,8,0,281,1011,316,74,1,1402,0,0,0,1402
02/14/2017,LAS,NV,AWP,WE,Towers with Radar,856,56,73,1,986,0,350,10,1,361,856,406,83,2,1347,0,0,0,1347
02/15/2017,LAS,NV,AWP,WE,Towers with Radar,938,64,117,3,1122,0,253,6,2,261,938,317,123,5,1383,0,0,0,1383
02/16/2017,LAS,NV,AWP,WE,Towers with Radar,1039,71,115,1,1226,0,290,7,0,297,1039,361,122,1,1523,0,0,0,1523
02/17/2017,LAS,NV,AWP,WE,Towers with Radar,1014,72,146,0,1232,0,219,4,4,227,1014,291,150,4,1459,0,0,0,1459
02/18/2017,LAS,NV,AWP,WE,Towers with Radar,810,62,78,2,952,0,44,4,0,48,810,106,82,2,1000,0,0,0,1000
02/19/2017,LAS,NV,AWP,WE,Towers with Radar,957,73,95,0,1125,0,316,5,0,321,957,389,100,0,1446,0,0,0,1446
02/20/2017,LAS,NV,AWP,WE,Towers with Radar,972,88,126,0,1186,0,289,10,0,299,972,377,136,0,1485,0,0,0,1485
02/21/2017,LAS,NV,AWP,WE,Towers with Radar,918,54,84,6,1062,0,216,11,1,228,918,270,95,7,1290,0,0,0,1290
02/22/2017,LAS,NV,AWP,WE,Towers with Radar,968,78,100,0,1146,0,169,14,5,188,968,247,114,5,1334,0,0,0,1334
02/23/2017,LAS,NV,AWP,WE,Towers with Radar,1038,71,99,6,1214,0,260,14,5,279,1038,331,113,11,1493,0,0,0,1493
02/24/2017,LAS,NV,AWP,WE,Towers with Radar,1043,110,110,5,1268,0,279,12,5,296,1043,389,122,10,1564,0,0,0,1564
02/25/2017,LAS,NV,AWP,WE,Towers with Radar,813,54,80,6,953,0,322,17,3,342,813,376,97,9,1295,0,0,0,1295
02/26/2017,LAS,NV,AWP,WE,Towers with Radar,1006,112,135,3,1256,0,271,18,0,289,1006,383,153,3,1545,0,0,0,1545
02/27/2017,LAS,NV,AWP,WE,Towers with Radar,1027,61,80,6,1174,0,180,4,1,185,1027,241,84,7,1359,0,0,0,1359
02/28/2017,LAS,NV,AWP,WE,Towers with Radar,918,79,84,4,1085,0,199,11,2,212,918,278,95,6,1297,0,0,0,1297
03/01/2017,LAS,NV,AWP,WE,Towers with Radar,961,62,99,2,1124,0,213,14,0,227,961,275,113,2,1351,0,0,0,1351
03/02/2017,LAS,NV,AWP,WE,Towers with Radar,1053,91,113,3,1260,0,248,9,1,258,1053,339,122,4,1518,0,0,0,1518
03/03/2017,LAS,NV,AWP,WE,Towers with Radar,1051,83,136,10,1280,0,313,12,7,332,1051,396,148,17,1612,0,0,0,1612
03/04/2017,LAS,NV,AWP,WE,Towers with Radar,829,60,96,4,989,0,318,6,5,329,829,378,102,9,1318,0,0,0,1318
03/05/2017,LAS,NV,AWP,WE,Towers with Radar,995,103,136,7,1241,0,185,5,0,190,995,288,141,7,1431,0,0,0,1431
03/06/2017,LAS,NV,AWP,WE,Towers with Radar,1031,70,150,2,1253,0,317,8,2,327,1031,387,158,4,1580,0,0,0,1580
03/07/2017,LAS,NV,AWP,WE,Towers with Radar,933,82,174,4,1193,0,214,16,2,232,933,296,190,6,1425,0,0,0,1425
03/08/2017,LAS,NV,AWP,WE,Towers with Radar,967,104,191,1,1263,0,270,17,0,287,967,374,208,1,1550,0,0,0,1550
03/09/2017,LAS,NV,AWP,WE,Towers with Radar,1081,86,256,7,1430,0,362,30,0,392,1081,448,286,7,1822,0,0,0,1822
03/10/2017,LAS,NV,AWP,WE,Towers with Radar,1082,141,188,2,1413,0,353,27,2,382,1082,494,215,4,1795,0,0,0,1795
03/11/2017,LAS,NV,AWP,WE,Towers with Radar,857,59,142,2,1060,0,381,25,0,406,857,440,167,2,1466,0,0,0,1466
03/12/2017,LAS,NV,AWP,WE,Towers with Radar,1030,120,203,0,1353,0,485,29,2,516,1030,605,232,2,1869,0,0,0,1869
03/13/2017,LAS,NV,AWP,WE,Towers with Radar,1024,72,109,0,1205,0,355,11,0,366,1024,427,120,0,1571,0,0,0,1571
03/14/2017,LAS,NV,AWP,WE,Towers with Radar,900,85,112,2,1099,0,339,10,0,349,900,424,122,2,1448,0,0,0,1448
03/15/2017,LAS,NV,AWP,WE,Towers with Radar,981,92,130,0,1203,0,292,14,0,306,981,384,144,0,1509,0,0,0,1509
03/16/2017,LAS,NV,AWP,WE,Towers with Radar,1093,85,147,0,1325,0,284,26,0,310,1093,369,173,0,1635,0,0,0,1635
03/17/2017,LAS,NV,AWP,WE,Towers with Radar,1072,102,145,0,1319,0,274,19,1,294,1072,376,164,1,1613,0,0,0,1613
03/18/2017,LAS,NV,AWP,WE,Towers with Radar,854,65,104,0,1023,0,264,9,2,275,854,329,113,2,1298,0,0,0,1298
03/19/2017,LAS,NV,AWP,WE,Towers with Radar,1034,95,156,0,1285,0,255,11,0,266,1034,350,167,0,1551,0,0,0,1551
03/20/2017,LAS,NV,AWP,WE,Towers with Radar,1052,65,112,1,1230,0,254,12,2,268,1052,319,124,3,1498,0,0,0,1498
03/21/2017,LAS,NV,AWP,WE,Towers with Radar,962,57,92,8,1119,0,286,5,4,295,962,343,97,12,1414,0,0,0,1414
03/22/2017,LAS,NV,AWP,WE,Towers with Radar,991,61,86,10,1148,0,158,2,3,163,991,219,88,13,1311,0,0,0,1311
03/23/2017,LAS,NV,AWP,WE,Towers with Radar,1078,78,95,6,1257,0,277,5,0,282,1078,355,100,6,1539,0,0,0,1539
03/24/2017,LAS,NV,AWP,WE,Towers with Radar,1073,79,134,6,1292,0,352,16,3,371,1073,431,150,9,1663,0,0,0,1663
03/25/2017,LAS,NV,AWP,WE,Towers with Radar,860,48,77,0,985,0,296,10,0,306,860,344,87,0,1291,0,0,0,1291
03/26/2017,LAS,NV,AWP,WE,Towers with Radar,1031,100,138,2,1271,0,291,11,0,302,1031,391,149,2,1573,0,0,0,1573
03/27/2017,LAS,NV,AWP,WE,Towers with Radar,1061,74,92,2,1229,0,303,8,1,312,1061,377,100,3,1541,0,0,0,1541
03/28/2017,LAS,NV,AWP,WE,Towers with Radar,955,59,110,6,1130,0,290,9,0,299,955,349,119,6,1429,0,0,0,1429
03/29/2017,LAS,NV,AWP,WE,Towers with Radar,1000,74,122,1,1197,0,339,36,1,376,1000,413,158,2,1573,0,0,0,1573
03/30/2017,LAS,NV,AWP,WE,Towers with Radar,900,75,128,1,1104,0,103,6,0,109,900,178,134,1,1213,0,0,0,1213
03/31/2017,LAS,NV,AWP,WE,Towers with Radar,1161,104,159,5,1429,0,227,6,0,233,1161,331,165,5,1662,0,0,0,1662
04/01/2017,LAS,NV,AWP,WE,Towers with Radar,856,56,82,10,1004,0,352,8,0,360,856,408,90,10,1364,0,0,0,1364
04/02/2017,LAS,NV,AWP,WE,Towers with Radar,1012,99,119,7,1237,0,296,8,0,304,1012,395,127,7,1541,0,0,0,1541
04/03/2017,LAS,NV,AWP,WE,Towers with Radar,1058,64,119,1,1242,0,286,11,0,297,1058,350,130,1,1539,0,0,0,1539
04/04/2017,LAS,NV,AWP,WE,Towers with Radar,963,48,82,1,1094,0,289,15,0,304,963,337,97,1,1398,0,0,0,1398
04/05/2017,LAS,NV,AWP,WE,Towers with Radar,965,60,86,1,1112,0,305,7,0,312,965,365,93,1,1424,0,0,0,1424
04/06/2017,LAS,NV,AWP,WE,Towers with Radar,1051,78,95,0,1224,0,338,16,0,354,1051,416,111,0,1578,0,0,0,1578
04/07/2017,LAS,NV,AWP,WE,Towers with Radar,1023,106,135,0,1264,0,294,5,0,299,1023,400,140,0,1563,0,0,0,1563
04/08/2017,LAS,NV,AWP,WE,Towers with Radar,846,56,79,0,981,0,270,6,0,276,846,326,85,0,1257,0,0,0,1257
04/09/2017,LAS,NV,AWP,WE,Towers with Radar,1024,84,124,0,1232,0,338,10,0,348,1024,422,134,0,1580,0,0,0,1580
04/10/2017,LAS,NV,AWP,WE,Towers with Radar,1043,66,86,0,1195,0,343,3,0,346,1043,409,89,0,1541,0,0,0,1541
04/11/2017,LAS,NV,AWP,WE,Towers with Radar,942,60,69,1,1072,0,383,11,0,394,942,443,80,1,1466,0,0,0,1466
04/12/2017,LAS,NV,AWP,WE,Towers with Radar,992,47,68,2,1109,0,390,20,1,411,992,437,88,3,1520,0,0,0,1520
04/13/2017,LAS,NV,AWP,WE,Towers with Radar,1086,68,102,1,1257,0,337,7,4,348,1086,405,109,5,1605,0,0,0,1605
04/14/2017,LAS,NV,AWP,WE,Towers with Radar,1063,63,76,0,1202,0,373,12,1,386,1063,436,88,1,1588,0,0,0,1588
04/15/2017,LAS,NV,AWP,WE,Towers with Radar,826,48,51,0,925,0,418,16,0,434,826,466,67,0,1359,0,0,0,1359
04/16/2017,LAS,NV,AWP,WE,Towers with Radar,1011,61,74,0,1146,0,355,10,0,365,1011,416,84,0,1511,0,0,0,1511
04/17/2017,LAS,NV,AWP,WE,Towers with Radar,1053,53,89,1,1196,0,344,12,1,357,1053,397,101,2,1553,0,0,0,1553
04/18/2017,LAS,NV,AWP,WE,Towers with Radar,962,65,61,1,1089,0,332,7,1,340,962,397,68,2,1429,0,0,0,1429
04/19/2017,LAS,NV,AWP,WE,Towers with Radar,1002,62,81,2,1147,0,363,19,1,383,1002,425,100,3,1530,0,0,0,1530
04/20/2017,LAS,NV,AWP,WE,Towers with Radar,1089,73,113,0,1275,0,330,15,0,345,1089,403,128,0,1620,0,0,0,1620
04/21/2017,LAS,NV,AWP,WE,Towers with Radar,1092,109,140,3,1344,0,334,25,1,360,1092,443,165,4,1704,0,0,0,1704
04/22/2017,LAS,NV,AWP,WE,Towers with Radar,848,73,99,3,1023,0,304,8,0,312,848,377,107,3,1335,0,0,0,1335
04/23/2017,LAS,NV,AWP,WE,Towers with Radar,1027,91,117,2,1237,0,267,17,0,284,1027,358,134,2,1521,0,0,0,1521
04/24/2017,LAS,NV,AWP,WE,Towers with Radar,1034,66,83,0,1183,0,293,4,0,297,1034,359,87,0,1480,0,0,0,1480
04/25/2017,LAS,NV,AWP,WE,Towers with Radar,956,70,90,3,1119,0,238,20,2,260,956,308,110,5,1379,0,0,0,1379
04/26/2017,LAS,NV,AWP,WE,Towers with Radar,991,66,112,2,1171,0,263,20,2,285,991,329,132,4,1456,0,0,0,1456
04/27/2017,LAS,NV,AWP,WE,Towers with Radar,1087,91,137,0,1315,0,259,10,0,269,1087,350,147,0,1584,0,0,0,1584
04/28/2017,LAS,NV,AWP,WE,Towers with Radar,1107,82,144,2,1335,0,284,12,0,296,1107,366,156,2,1631,0,0,0,1631
04/29/2017,LAS,NV,AWP,WE,Towers with Radar,832,57,83,2,974,0,308,14,3,325,832,365,97,5,1299,0,0,0,1299
04/30/2017,LAS,NV,AWP,WE,Towers with Radar,1003,101,128,2,1234,0,282,14,2,298,1003,383,142,4,1532,0,0,0,1532
05/01/2017,LAS,NV,AWP,WE,Towers with Radar,1067,71,79,5,1222,0,308,13,2,323,1067,379,92,7,1545,0,0,0,1545
05/02/2017,LAS,NV,AWP,WE,Towers with Radar,981,57,81,5,1124,0,319,25,1,345,981,376,106,6,1469,0,0,0,1469
05/03/2017,LAS,NV,AWP,WE,Towers with Radar,1003,69,117,6,1195,0,277,14,0,291,1003,346,131,6,1486,0,0,0,1486
05/04/2017,LAS,NV,AWP,WE,Towers with Radar,1090,91,145,3,1329,0,342,20,2,364,1090,433,165,5,1693,0,0,0,1693
05/05/2017,LAS,NV,AWP,WE,Towers with Radar,1089,135,127,5,1356,0,348,25,1,374,1089,483,152,6,1730,0,0,0,1730
05/06/2017,LAS,NV,AWP,WE,Towers with Radar,824,47,94,3,968,0,205,10,1,216,824,252,104,4,1184,0,0,0,1184
05/07/2017,LAS,NV,AWP,WE,Towers with Radar,1030,138,171,2,1341,0,352,5,0,357,1030,490,176,2,1698,0,0,0,1698
05/08/2017,LAS,NV,AWP,WE,Towers with Radar,1063,94,110,0,1267,0,341,13,2,356,1063,435,123,2,1623,0,0,0,1623
05/09/2017,LAS,NV,AWP,WE,Towers with Radar,973,51,82,0,1106,0,258,7,2,267,973,309,89,2,1373,0,0,0,1373
05/10/2017,LAS,NV,AWP,WE,Towers with Radar,1010,72,102,2,1186,0,350,13,0,363,1010,422,115,2,1549,0,0,0,1549
05/11/2017,LAS,NV,AWP,WE,Towers with Radar,1095,94,104,0,1293,0,376,16,3,395,1095,470,120,3,1688,0,0,0,1688
05/12/2017,LAS,NV,AWP,WE,Towers with Radar,1087,89,123,0,1299,0,329,13,2,344,1087,418,136,2,1643,0,0,0,1643
05/13/2017,LAS,NV,AWP,WE,Towers with Radar,829,45,71,5,950,0,332,8,2,342,829,377,79,7,1292,0,0,0,1292
05/14/2017,LAS,NV,AWP,WE,Towers with Radar,1027,81,89,2,1199,0,307,8,0,315,1027,388,97,2,1514,0,0,0,1514
05/15/2017,LAS,NV,AWP,WE,Towers with Radar,1073,73,92,2,1240,0,361,10,1,372,1073,434,102,3,1612,0,0,0,1612
05/16/2017,LAS,NV,AWP,WE,Towers with Radar,991,64,81,4,1140,0,387,13,0,400,991,451,94,4,1540,0,0,0,1540
05/17/2017,LAS,NV,AWP,WE,Towers with Radar,1023,81,109,1,1214,0,353,7,0,360,1023,434,116,1,1574,0,0,0,1574
05/18/2017,LAS,NV,AWP,WE,Towers with Radar,1089,83,112,2,1286,0,339,11,0,350,1089,422,123,2,1636,0,0,0,1636
05/19/2017,LAS,NV,AWP,WE,Towers with Radar,1104,108,134,3,1349,0,350,20,0,370,1104,458,154,3,1719,0,0,0,1719
05/20/2017,LAS,NV,AWP,WE,Towers with Radar,841,90,140,0,1071,0,331,21,0,352,841,421,161,0,1423,0,0,0,1423
05/21/2017,LAS,NV,AWP,WE,Towers with Radar,1018,159,228,1,1406,0,315,11,0,326,1018,474,239,1,1732,0,0,0,1732
05/22/2017,LAS,NV,AWP,WE,Towers with Radar,1092,90,156,4,1342,0,322,11,0,333,1092,412,167,4,1675,0,0,0,1675
05/23/2017,LAS,NV,AWP,WE,Towers with Radar,993,139,222,2,1356,0,337,25,0,362,993,476,247,2,1718,0,0,0,1718
05/24/2017,LAS,NV,AWP,WE,Towers with Radar,1024,116,142,6,1288,0,273,14,2,289,1024,389,156,8,1577,0,0,0,1577
05/25/2017,LAS,NV,AWP,WE,Towers with Radar,1064,94,114,2,1274,0,343,8,0,351,1064,437,122,2,1625,0,0,0,1625
05/26/2017,LAS,NV,AWP,WE,Towers with Radar,1067,99,132,2,1300,0,328,8,0,336,1067,427,140,2,1636,0,0,0,1636
05/27/2017,LAS,NV,AWP,WE,Towers with Radar,837,43,91,0,971,0,309,7,0,316,837,352,98,0,1287,0,0,0,1287
05/28/2017,LAS,NV,AWP,WE,Towers with Radar,907,66,74,3,1050,0,326,10,0,336,907,392,84,3,1386,0,0,0,1386
05/29/2017,LAS,NV,AWP,WE,Towers with Radar,990,83,122,1,1196,0,286,17,0,303,990,369,139,1,1499,0,0,0,1499
05/30/2017,LAS,NV,AWP,WE,Towers with Radar,991,47,74,3,1115,0,373,8,1,382,991,420,82,4,1497,0,0,0,1497
05/31/2017,LAS,NV,AWP,WE,Towers with Radar,1034,60,95,7,1196,0,358,10,4,372,1034,418,105,11,1568,0,0,0,1568
06/01/2017,LAS,NV,AWP,WE,Towers with Radar,1099,52,90,2,1243,0,278,6,4,288,1099,330,96,6,1531,0,0,0,1531
06/02/2017,LAS,NV,AWP,WE,Towers with Radar,1095,102,101,7,1305,0,289,11,1,301,1095,391,112,8,1606,0,0,0,1606
06/03/2017,LAS,NV,AWP,WE,Towers with Radar,854,39,55,5,953,0,296,11,0,307,854,335,66,5,1260,0,0,0,1260
06/04/2017,LAS,NV,AWP,WE,Towers with Radar,1028,77,103,6,1214,0,308,13,0,321,1028,385,116,6,1535,0,0,0,1535
06/05/2017,LAS,NV,AWP,WE,Towers with Radar,1070,62,83,2,1217,0,306,10,2,318,1070,368,93,4,1535,0,0,0,1535
06/06/2017,LAS,NV,AWP,WE,Towers with Radar,999,54,85,6,1144,0,333,13,0,346,999,387,98,6,1490,0,0,0,1490
06/07/2017,LAS,NV,AWP,WE,Towers with Radar,1034,53,91,2,1180,0,332,7,4,343,1034,385,98,6,1523,0,0,0,1523
06/08/2017,LAS,NV,AWP,WE,Towers with Radar,1089,70,102,1,1262,0,335,16,2,353,1089,405,118,3,1615,0,0,0,1615
06/09/2017,LAS,NV,AWP,WE,Towers with Radar,1086,88,86,0,1260,0,299,21,4,324,1086,387,107,4,1584,0,0,0,1584
06/10/2017,LAS,NV,AWP,WE,Towers with Radar,866,52,58,4,980,0,336,9,0,345,866,388,67,4,1325,0,0,0,1325
06/11/2017,LAS,NV,AWP,WE,Towers with Radar,1038,103,94,5,1240,0,156,9,4,169,1038,259,103,9,1409,0,0,0,1409
06/12/2017,LAS,NV,AWP,WE,Towers with Radar,1083,58,94,2,1237,0,356,12,2,370,1083,414,106,4,1607,0,0,0,1607
06/13/2017,LAS,NV,AWP,WE,Towers with Radar,994,52,73,0,1119,0,363,18,2,383,994,415,91,2,1502,0,0,0,1502
06/14/2017,LAS,NV,AWP,WE,Towers with Radar,1037,48,69,2,1156,0,332,14,2,348,1037,380,83,4,1504,0,0,0,1504
06/15/2017,LAS,NV,AWP,WE,Towers with Radar,1088,69,117,2,1276,0,325,13,0,338,1088,394,130,2,1614,0,0,0,1614
06/16/2017,LAS,NV,AWP,WE,Towers with Radar,1097,116,142,3,1358,0,491,16,4,511,1097,607,158,7,1869,0,0,0,1869
06/17/2017,LAS,NV,AWP,WE,Towers with Radar,873,64,75,0,1012,0,777,18,0,795,873,841,93,0,1807,0,0,0,1807
06/18/2017,LAS,NV,AWP,WE,Towers with Radar,1046,103,131,1,1281,0,763,10,0,773,1046,866,141,1,2054,0,0,0,2054
06/19/2017,LAS,NV,AWP,WE,Towers with Radar,1045,85,86,2,1218,0,602,11,2,615,1045,687,97,4,1833,0,0,0,1833
06/20/2017,LAS,NV,AWP,WE,Towers with Radar,988,65,87,0,1140,0,298,17,0,315,988,363,104,0,1455,0,0,0,1455
06/21/2017,LAS,NV,AWP,WE,Towers with Radar,1044,73,85,0,1202,0,370,10,0,380,1044,443,95,0,1582,0,0,0,1582
06/22/2017,LAS,NV,AWP,WE,Towers with Radar,1081,86,101,2,1270,0,337,8,1,346,1081,423,109,3,1616,0,0,0,1616
06/23/2017,LAS,NV,AWP,WE,Towers with Radar,1099,96,125,2,1322,0,338,8,3,349,1099,434,133,5,1671,0,0,0,1671
06/24/2017,LAS,NV,AWP,WE,Towers with Radar,886,40,57,2,985,0,289,9,0,298,886,329,66,2,1283,0,0,0,1283
06/25/2017,LAS,NV,AWP,WE,Towers with Radar,1041,84,86,3,1214,0,303,11,1,315,1041,387,97,4,1529,0,0,0,1529
06/26/2017,LAS,NV,AWP,WE,Towers with Radar,1078,61,96,3,1238,0,328,8,2,338,1078,389,104,5,1576,0,0,0,1576
06/27/2017,LAS,NV,AWP,WE,Towers with Radar,993,51,90,0,1134,0,299,14,0,313,993,350,104,0,1447,0,0,0,1447
06/28/2017,LAS,NV,AWP,WE,Towers with Radar,1034,63,68,0,1165,0,267,29,0,296,1034,330,97,0,1461,0,0,0,1461
06/29/2017,LAS,NV,AWP,WE,Towers with Radar,1093,62,82,2,1239,0,291,14,8,313,1093,353,96,10,1552,0,0,0,1552
06/30/2017,LAS,NV,AWP,WE,Towers with Radar,1075,79,88,2,1244,0,303,10,0,313,1075,382,98,2,1557,0,0,0,1557
07/01/2017,LAS,NV,AWP,WE,Towers with Radar,863,45,63,0,971,0,298,17,1,316,863,343,80,1,1287,0,0,0,1287
07/02/2017,LAS,NV,AWP,WE,Towers with Radar,1012,50,75,1,1138,0,311,16,2,329,1012,361,91,3,1467,0,0,0,1467
07/03/2017,LAS,NV,AWP,WE,Towers with Radar,946,31,54,2,1033,0,431,6,1,438,946,462,60,3,1471,0,0,0,1471
07/04/2017,LAS,NV,AWP,WE,Towers with Radar,812,37,38,0,887,0,325,6,0,331,812,362,44,0,1218,0,0,0,1218
07/05/2017,LAS,NV,AWP,WE,Towers with Radar,1019,68,86,1,1174,0,332,2,0,334,1019,400,88,1,1508,0,0,0,1508
07/06/2017,LAS,NV,AWP,WE,Towers with Radar,1089,73,79,0,1241,0,389,11,0,400,1089,462,90,0,1641,0,0,0,1641
07/07/2017,LAS,NV,AWP,WE,Towers with Radar,1076,80,118,1,1275,0,303,7,2,312,1076,383,125,3,1587,0,0,0,1587
07/08/2017,LAS,NV,AWP,WE,Towers with Radar,879,60,79,0,1018,0,311,13,3,327,879,371,92,3,1345,0,0,0,1345
07/09/2017,LAS,NV,AWP,WE,Towers with Radar,1044,89,107,4,1244,0,295,14,1,310,1044,384,121,5,1554,0,0,0,1554
07/10/2017,LAS,NV,AWP,WE,Towers with Radar,1066,90,109,0,1265,0,307,9,1,317,1066,397,118,1,1582,0,0,0,1582
07/11/2017,LAS,NV,AWP,WE,Towers with Radar,1011,78,96,2,1187,0,373,12,3,388,1011,451,108,5,1575,0,0,0,1575
07/12/2017,LAS,NV,AWP,WE,Towers with Radar,1018,63,101,1,1183,0,383,28,2,413,1018,446,129,3,1596,0,0,0,1596
07/13/2017,LAS,NV,AWP,WE,Towers with Radar,1104,69,84,2,1259,0,340,18,0,358,1104,409,102,2,1617,0,0,0,1617
07/14/2017,LAS,NV,AWP,WE,Towers with Radar,1095,75,105,10,1285,0,323,18,6,347,1095,398,123,16,1632,0,0,0,1632
07/15/2017,LAS,NV,AWP,WE,Towers with Radar,886,49,78,4,1017,0,287,6,3,296,886,336,84,7,1313,0,0,0,1313
07/16/2017,LAS,NV,AWP,WE,Towers with Radar,1042,85,112,6,1245,0,307,10,1,318,1042,392,122,7,1563,0,0,0,1563
07/17/2017,LAS,NV,AWP,WE,Towers with Radar,1098,62,68,3,1231,0,335,16,1,352,1098,397,84,4,1583,0,0,0,1583
07/18/2017,LAS,NV,AWP,WE,Towers with Radar,1026,61,62,3,1152,0,329,25,0,354,1026,390,87,3,1506,0,0,0,1506
07/19/2017,LAS,NV,AWP,WE,Towers with Radar,1017,60,97,1,1175,0,313,9,1,323,1017,373,106,2,1498,0,0,0,1498
07/20/2017,LAS,NV,AWP,WE,Towers with Radar,1094,80,118,3,1295,0,382,14,0,396,1094,462,132,3,1691,0,0,0,1691
07/21/2017,LAS,NV,AWP,WE,Towers with Radar,1089,84,107,4,1284,0,304,12,0,316,1089,388,119,4,1600,0,0,0,1600
07/22/2017,LAS,NV,AWP,WE,Towers with Radar,894,40,67,4,1005,0,343,4,5,352,894,383,71,9,1357,0,0,0,1357
07/23/2017,LAS,NV,AWP,WE,Towers with Radar,1024,88,120,1,1233,0,308,17,2,327,1024,396,137,3,1560,0,0,0,1560
07/24/2017,LAS,NV,AWP,WE,Towers with Radar,1078,59,83,2,1222,0,354,8,0,362,1078,413,91,2,1584,0,0,0,1584
07/25/2017,LAS,NV,AWP,WE,Towers with Radar,1003,54,76,1,1134,0,168,14,0,182,1003,222,90,1,1316,0,0,0,1316
07/26/2017,LAS,NV,AWP,WE,Towers with Radar,1043,85,87,4,1219,0,434,8,1,443,1043,519,95,5,1662,0,0,0,1662
07/27/2017,LAS,NV,AWP,WE,Towers with Radar,1089,84,106,2,1281,0,373,4,3,380,1089,457,110,5,1661,0,0,0,1661
07/28/2017,LAS,NV,AWP,WE,Towers with Radar,1092,99,102,3,1296,0,383,7,2,392,1092,482,109,5,1688,0,0,0,1688
07/29/2017,LAS,NV,AWP,WE,Towers with Radar,892,50,106,1,1049,0,317,17,0,334,892,367,123,1,1383,0,0,0,1383
07/30/2017,LAS,NV,AWP,WE,Towers with Radar,1028,117,124,1,1270,0,330,11,0,341,1028,447,135,1,1611,0,0,0,1611
07/31/2017,LAS,NV,AWP,WE,Towers with Radar,1080,55,101,0,1236,0,328,30,0,358,1080,383,131,0,1594,0,0,0,1594
08/01/2017,LAS,NV,AWP,WE,Towers with Radar,1016,67,88,1,1172,0,371,10,0,381,1016,438,98,1,1553,0,0,0,1553
08/02/2017,LAS,NV,AWP,WE,Towers with Radar,1008,60,109,1,1178,0,352,25,0,377,1008,412,134,1,1555,0,0,0,1555
08/03/2017,LAS,NV,AWP,WE,Towers with Radar,1070,70,76,2,1218,0,305,12,4,321,1070,375,88,6,1539,0,0,0,1539
08/04/2017,LAS,NV,AWP,WE,Towers with Radar,1043,83,106,6,1238,0,367,9,1,377,1043,450,115,7,1615,0,0,0,1615
08/05/2017,LAS,NV,AWP,WE,Towers with Radar,887,27,84,2,1000,0,346,20,0,366,887,373,104,2,1366,0,0,0,1366
08/06/2017,LAS,NV,AWP,WE,Towers with Radar,1025,62,82,3,1172,0,338,8,1,347,1025,400,90,4,1519,0,0,0,1519
08/07/2017,LAS,NV,AWP,WE,Towers with Radar,1076,65,83,4,1228,0,364,6,3,373,1076,429,89,7,1601,0,0,0,1601
08/08/2017,LAS,NV,AWP,WE,Towers with Radar,990,56,57,3,1106,0,394,5,0,399,990,450,62,3,1505,0,0,0,1505
08/09/2017,LAS,NV,AWP,WE,Towers with Radar,1020,69,82,3,1174,0,376,27,0,403,1020,445,109,3,1577,0,0,0,1577
08/10/2017,LAS,NV,AWP,WE,Towers with Radar,1095,64,72,2,1233,0,403,12,1,416,1095,467,84,3,1649,0,0,0,1649
08/11/2017,LAS,NV,AWP,WE,Towers with Radar,1079,102,106,7,1294,0,354,9,1,364,1079,456,115,8,1658,0,0,0,1658
08/12/2017,LAS,NV,AWP,WE,Towers with Radar,870,57,62,1,990,0,319,14,0,333,870,376,76,1,1323,0,0,0,1323
08/13/2017,LAS,NV,AWP,WE,Towers with Radar,1047,94,106,7,1254,0,355,6,1,362,1047,449,112,8,1616,0,0,0,1616
08/14/2017,LAS,NV,AWP,WE,Towers with Radar,1068,67,63,2,1200,0,374,3,0,377,1068,441,66,2,1577,0,0,0,1577
08/15/2017,LAS,NV,AWP,WE,Towers with Radar,984,66,64,2,1116,1,360,12,0,373,985,426,76,2,1489,0,0,0,1489
08/16/2017,LAS,NV,AWP,WE,Towers with Radar,1007,67,105,3,1182,0,373,22,1,396,1007,440,127,4,1578,0,0,0,1578
08/17/2017,LAS,NV,AWP,WE,Towers with Radar,1110,74,126,2,1312,0,348,15,0,363,1110,422,141,2,1675,0,0,0,1675
08/18/2017,LAS,NV,AWP,WE,Towers with Radar,1059,96,91,0,1246,0,343,13,1,357,1059,439,104,1,1603,0,0,0,1603
08/19/2017,LAS,NV,AWP,WE,Towers with Radar,871,51,86,0,1008,0,332,14,2,348,871,383,100,2,1356,0,0,0,1356
08/20/2017,LAS,NV,AWP,WE,Towers with Radar,1052,111,112,0,1275,0,290,9,0,299,1052,401,121,0,1574,0,0,0,1574
08/21/2017,LAS,NV,AWP,WE,Towers with Radar,1081,64,78,2,1225,0,313,17,0,330,1081,377,95,2,1555,0,0,0,1555
08/22/2017,LAS,NV,AWP,WE,Towers with Radar,973,40,63,1,1077,0,320,17,1,338,973,360,80,2,1415,0,0,0,1415
08/23/2017,LAS,NV,AWP,WE,Towers with Radar,993,50,90,0,1133,0,341,11,2,354,993,391,101,2,1487,0,0,0,1487
08/24/2017,LAS,NV,AWP,WE,Towers with Radar,1106,105,132,0,1343,0,293,15,0,308,1106,398,147,0,1651,0,0,0,1651
08/25/2017,LAS,NV,AWP,WE,Towers with Radar,1064,122,207,4,1397,0,357,9,2,368,1064,479,216,6,1765,0,0,0,1765
08/26/2017,LAS,NV,AWP,WE,Towers with Radar,811,68,143,1,1023,0,480,9,0,489,811,548,152,1,1512,0,0,0,1512
08/27/2017,LAS,NV,AWP,WE,Towers with Radar,1023,144,230,0,1397,0,563,8,0,571,1023,707,238,0,1968,0,0,0,1968
08/28/2017,LAS,NV,AWP,WE,Towers with Radar,1023,68,110,4,1205,0,329,9,0,338,1023,397,119,4,1543,0,0,0,1543
08/29/2017,LAS,NV,AWP,WE,Towers with Radar,965,50,86,5,1106,0,306,14,1,321,965,356,100,6,1427,0,0,0,1427
08/30/2017,LAS,NV,AWP,WE,Towers with Radar,984,53,96,3,1136,0,258,8,2,268,984,311,104,5,1404,0,0,0,1404
08/31/2017,LAS,NV,AWP,WE,Towers with Radar,1084,90,79,6,1259,0,326,16,2,344,1084,416,95,8,1603,0,0,0,1603
09/01/2017,LAS,NV,AWP,WE,Towers with Radar,1023,124,153,2,1302,0,317,12,0,329,1023,441,165,2,1631,0,0,0,1631
09/02/2017,LAS,NV,AWP,WE,Towers with Radar,776,66,54,0,896,0,326,15,0,341,776,392,69,0,1237,0,0,0,1237
09/03/2017,LAS,NV,AWP,WE,Towers with Radar,923,70,83,0,1076,0,343,9,0,352,923,413,92,0,1428,0,0,0,1428
09/04/2017,LAS,NV,AWP,WE,Towers with Radar,975,107,123,0,1205,0,341,15,1,357,975,448,138,1,1562,0,0,0,1562
09/05/2017,LAS,NV,AWP,WE,Towers with Radar,952,44,72,5,1073,0,326,30,0,356,952,370,102,5,1429,0,0,0,1429
09/06/2017,LAS,NV,AWP,WE,Towers with Radar,963,68,108,0,1139,0,715,34,5,754,963,783,142,5,1893,0,0,0,1893
09/07/2017,LAS,NV,AWP,WE,Towers with Radar,1074,79,102,5,1260,0,392,9,1,402,1074,471,111,6,1662,0,0,0,1662
09/08/2017,LAS,NV,AWP,WE,Towers with Radar,971,91,104,3,1169,0,180,7,0,187,971,271,111,3,1356,0,0,0,1356
09/09/2017,LAS,NV,AWP,WE,Towers with Radar,882,61,72,6,1021,0,369,6,0,375,882,430,78,6,1396,0,0,0,1396
09/10/2017,LAS,NV,AWP,WE,Towers with Radar,1027,83,93,5,1208,0,328,6,0,334,1027,411,99,5,1542,0,0,0,1542
09/11/2017,LAS,NV,AWP,WE,Towers with Radar,1022,85,83,0,1190,0,371,5,0,376,1022,456,88,0,1566,0,0,0,1566
09/12/2017,LAS,NV,AWP,WE,Towers with Radar,958,81,80,2,1121,0,397,11,1,409,958,478,91,3,1530,0,0,0,1530
09/13/2017,LAS,NV,AWP,WE,Towers with Radar,986,110,118,1,1215,0,390,11,0,401,986,500,129,1,1616,0,0,0,1616
09/14/2017,LAS,NV,AWP,WE,Towers with Radar,1125,113,114,4,1356,0,377,11,0,388,1125,490,125,4,1744,0,0,0,1744
09/15/2017,LAS,NV,AWP,WE,Towers with Radar,1079,119,152,3,1353,0,411,5,1,417,1079,530,157,4,1770,0,0,0,1770
09/16/2017,LAS,NV,AWP,WE,Towers with Radar,860,73,99,0,1032,0,337,12,0,349,860,410,111,0,1381,0,0,0,1381
09/17/2017,LAS,NV,AWP,WE,Towers with Radar,1071,165,193,0,1429,0,377,15,0,392,1071,542,208,0,1821,0,0,0,1821
09/18/2017,LAS,NV,AWP,WE,Towers with Radar,1089,74,112,0,1275,0,367,13,3,383,1089,441,125,3,1658,0,0,0,1658
09/19/2017,LAS,NV,AWP,WE,Towers with Radar,982,61,85,0,1128,0,404,9,5,418,982,465,94,5,1546,0,0,0,1546
09/20/2017,LAS,NV,AWP,WE,Towers with Radar,1015,79,99,0,1193,0,381,16,5,402,1015,460,115,5,1595,0,0,0,1595
09/21/2017,LAS,NV,AWP,WE,Towers with Radar,1111,76,81,0,1268,0,309,9,2,320,1111,385,90,2,1588,0,0,0,1588
09/22/2017,LAS,NV,AWP,WE,Towers with Radar,1084,116,129,6,1335,0,380,26,1,407,1084,496,155,7,1742,0,0,0,1742
09/23/2017,LAS,NV,AWP,WE,Towers with Radar,861,62,104,0,1027,0,374,19,1,394,861,436,123,1,1421,0,0,0,1421
09/24/2017,LAS,NV,AWP,WE,Towers with Radar,1087,114,158,4,1363,0,330,29,0,359,1087,444,187,4,1722,0,0,0,1722
09/25/2017,LAS,NV,AWP,WE,Towers with Radar,1080,69,97,0,1246,0,347,25,0,372,1080,416,122,0,1618,0,0,0,1618
09/26/2017,LAS,NV,AWP,WE,Towers with Radar,988,66,103,4,1161,0,333,13,0,346,988,399,116,4,1507,0,0,0,1507
09/27/2017,LAS,NV,AWP,WE,Towers with Radar,1012,67,93,3,1175,0,378,24,2,404,1012,445,117,5,1579,0,0,0,1579
09/28/2017,LAS,NV,AWP,WE,Towers with Radar,1104,72,120,0,1296,0,331,24,0,355,1104,403,144,0,1651,0,0,0,1651
09/29/2017,LAS,NV,AWP,WE,Towers with Radar,1090,88,98,1,1277,0,385,12,0,397,1090,473,110,1,1674,0,0,0,1674
09/30/2017,LAS,NV,AWP,WE,Towers with Radar,842,30,66,0,938,0,380,21,0,401,842,410,87,0,1339,0,0,0,1339
10/01/2017,LAS,NV,AWP,WE,Towers with Radar,1017,89,85,0,1191,0,329,14,2,345,1017,418,99,2,1536,0,0,0,1536
10/02/2017,LAS,NV,AWP,WE,Towers with Radar,1083,65,78,6,1232,0,10,13,0,23,1083,75,91,6,1255,0,0,0,1255
10/03/2017,LAS,NV,AWP,WE,Towers with Radar,945,56,84,7,1092,0,26,4,1,31,945,82,88,8,1123,0,0,0,1123
10/04/2017,LAS,NV,AWP,WE,Towers with Radar,982,49,84,6,1121,0,139,33,1,173,982,188,117,7,1294,0,0,0,1294
10/05/2017,LAS,NV,AWP,WE,Towers with Radar,1114,67,114,6,1301,0,377,18,0,395,1114,444,132,6,1696,0,0,0,1696
10/06/2017,LAS,NV,AWP,WE,Towers with Radar,1098,88,130,2,1318,0,358,25,0,383,1098,446,155,2,1701,0,0,0,1701
10/07/2017,LAS,NV,AWP,WE,Towers with Radar,856,50,78,1,985,0,332,15,7,354,856,382,93,8,1339,0,0,0,1339
10/08/2017,LAS,NV,AWP,WE,Towers with Radar,1067,117,150,1,1335,0,293,18,1,312,1067,410,168,2,1647,0,0,0,1647
10/09/2017,LAS,NV,AWP,WE,Towers with Radar,1070,95,153,5,1323,0,332,7,0,339,1070,427,160,5,1662,0,0,0,1662
10/10/2017,LAS,NV,AWP,WE,Towers with Radar,1010,98,168,2,1278,0,343,21,0,364,1010,441,189,2,1642,0,0,0,1642
10/11/2017,LAS,NV,AWP,WE,Towers with Radar,1009,117,169,0,1295,0,311,19,0,330,1009,428,188,0,1625,0,0,0,1625
10/12/2017,LAS,NV,AWP,WE,Towers with Radar,1098,108,171,1,1378,0,310,13,1,324,1098,418,184,2,1702,0,0,0,1702
10/13/2017,LAS,NV,AWP,WE,Towers with Radar,1094,109,128,3,1334,0,344,11,0,355,1094,453,139,3,1689,0,0,0,1689
10/14/2017,LAS,NV,AWP,WE,Towers with Radar,862,51,84,4,1001,0,314,12,0,326,862,365,96,4,1327,0,0,0,1327
10/15/2017,LAS,NV,AWP,WE,Towers with Radar,1072,74,135,5,1286,0,342,10,0,352,1072,416,145,5,1638,0,0,0,1638
10/16/2017,LAS,NV,AWP,WE,Towers with Radar,1093,52,55,0,1200,0,324,18,0,342,1093,376,73,0,1542,0,0,0,1542
10/17/2017,LAS,NV,AWP,WE,Towers with Radar,995,54,74,1,1124,0,328,14,2,344,995,382,88,3,1468,0,0,0,1468
10/18/2017,LAS,NV,AWP,WE,Towers with Radar,1019,76,116,3,1214,0,304,15,2,321,1019,380,131,5,1535,0,0,0,1535
10/19/2017,LAS,NV,AWP,WE,Towers with Radar,1101,102,129,2,1334,0,297,11,2,310,1101,399,140,4,1644,0,0,0,1644
10/20/2017,LAS,NV,AWP,WE,Towers with Radar,1088,98,85,2,1273,0,315,15,1,331,1088,413,100,3,1604,0,0,0,1604
10/21/2017,LAS,NV,AWP,WE,Towers with Radar,870,47,89,1,1007,0,381,14,3,398,870,428,103,4,1405,0,0,0,1405
10/22/2017,LAS,NV,AWP,WE,Towers with Radar,1073,120,149,1,1343,0,313,19,0,332,1073,433,168,1,1675,0,0,0,1675
10/23/2017,LAS,NV,AWP,WE,Towers with Radar,1074,69,80,0,1223,0,294,5,0,299,1074,363,85,0,1522,0,0,0,1522
10/24/2017,LAS,NV,AWP,WE,Towers with Radar,990,93,99,1,1183,0,303,12,4,319,990,396,111,5,1502,0,0,0,1502
10/25/2017,LAS,NV,AWP,WE,Towers with Radar,1020,90,109,1,1220,0,356,15,6,377,1020,446,124,7,1597,0,0,0,1597
10/26/2017,LAS,NV,AWP,WE,Towers with Radar,1120,94,108,5,1327,0,303,13,0,316,1120,397,121,5,1643,0,0,0,1643
10/27/2017,LAS,NV,AWP,WE,Towers with Radar,1086,108,125,4,1323,0,285,14,1,300,1086,393,139,5,1623,0,0,0,1623
10/28/2017,LAS,NV,AWP,WE,Towers with Radar,872,60,75,0,1007,0,305,13,1,319,872,365,88,1,1326,0,0,0,1326
10/29/2017,LAS,NV,AWP,WE,Towers with Radar,1034,103,133,0,1270,0,299,27,0,326,1034,402,160,0,1596,0,0,0,1596
10/30/2017,LAS,NV,AWP,WE,Towers with Radar,1048,67,114,0,1229,0,332,19,0,351,1048,399,133,0,1580,0,0,0,1580
10/31/2017,LAS,NV,AWP,WE,Towers with Radar,931,74,95,0,1100,0,202,9,2,213,931,276,104,2,1313,0,0,0,1313
11/01/2017,LAS,NV,AWP,WE,Towers with Radar,986,90,153,3,1232,0,222,19,2,243,986,312,172,5,1475,0,0,0,1475
11/02/2017,LAS,NV,AWP,WE,Towers with Radar,1096,69,163,2,1330,0,276,25,5,306,1096,345,188,7,1636,0,0,0,1636
11/03/2017,LAS,NV,AWP,WE,Towers with Radar,1072,108,168,2,1350,0,353,8,0,361,1072,461,176,2,1711,0,0,0,1711
11/04/2017,LAS,NV,AWP,WE,Towers with Radar,835,51,100,1,987,0,331,11,2,344,835,382,111,3,1331,0,0,0,1331
11/05/2017,LAS,NV,AWP,WE,Towers with Radar,998,111,162,5,1276,0,298,16,0,314,998,409,178,5,1590,0,0,0,1590
11/06/2017,LAS,NV,AWP,WE,Towers with Radar,1050,57,71,1,1179,0,262,15,1,278,1050,319,86,2,1457,0,0,0,1457
11/07/2017,LAS,NV,AWP,WE,Towers with Radar,952,71,73,2,1098,0,285,10,1,296,952,356,83,3,1394,0,0,0,1394
11/08/2017,LAS,NV,AWP,WE,Towers with Radar,972,75,71,0,1118,0,241,8,0,249,972,316,79,0,1367,0,0,0,1367
11/09/2017,LAS,NV,AWP,WE,Towers with Radar,1085,76,85,3,1249,1,289,8,0,298,1086,365,93,3,1547,0,0,0,1547
11/10/2017,LAS,NV,AWP,WE,Towers with Radar,1015,90,96,11,1212,0,285,25,1,311,1015,375,121,12,1523,0,0,0,1523
11/11/2017,LAS,NV,AWP,WE,Towers with Radar,840,45,56,10,951,0,326,19,6,351,840,371,75,16,1302,0,0,0,1302
11/12/2017,LAS,NV,AWP,WE,Towers with Radar,1022,95,109,5,1231,0,183,17,5,205,1022,278,126,10,1436,0,0,0,1436
11/13/2017,LAS,NV,AWP,WE,Towers with Radar,1045,72,129,3,1249,0,254,21,0,275,1045,326,150,3,1524,0,0,0,1524
11/14/2017,LAS,NV,AWP,WE,Towers with Radar,956,78,102,4,1140,0,228,27,2,257,956,306,129,6,1397,0,0,0,1397
11/15/2017,LAS,NV,AWP,WE,Towers with Radar,965,122,140,0,1227,0,229,21,3,253,965,351,161,3,1480,0,0,0,1480
11/16/2017,LAS,NV,AWP,WE,Towers with Radar,1060,117,135,0,1312,0,205,9,3,217,1060,322,144,3,1529,0,0,0,1529
11/17/2017,LAS,NV,AWP,WE,Towers with Radar,1008,129,144,2,1283,0,290,23,0,313,1008,419,167,2,1596,0,0,0,1596
11/18/2017,LAS,NV,AWP,WE,Towers with Radar,867,67,101,1,1036,0,316,10,5,331,867,383,111,6,1367,0,0,0,1367
11/19/2017,LAS,NV,AWP,WE,Towers with Radar,999,82,122,0,1203,0,284,12,1,297,999,366,134,1,1500,0,0,0,1500
11/20/2017,LAS,NV,AWP,WE,Towers with Radar,1018,50,65,0,1133,0,258,9,0,267,1018,308,74,0,1400,0,0,0,1400
11/21/2017,LAS,NV,AWP,WE,Towers with Radar,899,64,87,0,1050,0,289,9,8,306,899,353,96,8,1356,0,0,0,1356
11/22/2017,LAS,NV,AWP,WE,Towers with Radar,989,70,84,0,1143,0,258,12,0,270,989,328,96,0,1413,0,0,0,1413
11/23/2017,LAS,NV,AWP,WE,Towers with Radar,702,24,33,1,760,0,215,5,0,220,702,239,38,1,980,0,0,0,980
11/24/2017,LAS,NV,AWP,WE,Towers with Radar,883,59,41,1,984,0,318,5,0,323,883,377,46,1,1307,0,0,0,1307
11/25/2017,LAS,NV,AWP,WE,Towers with Radar,900,57,72,3,1032,0,314,2,0,316,900,371,74,3,1348,0,0,0,1348
11/26/2017,LAS,NV,AWP,WE,Towers with Radar,983,73,125,2,1183,0,203,17,0,220,983,276,142,2,1403,0,0,0,1403
11/27/2017,LAS,NV,AWP,WE,Towers with Radar,1035,58,83,3,1179,0,120,2,0,122,1035,178,85,3,1301,0,0,0,1301
11/28/2017,LAS,NV,AWP,WE,Towers with Radar,930,54,89,5,1078,0,179,13,0,192,930,233,102,5,1270,0,0,0,1270
11/29/2017,LAS,NV,AWP,WE,Towers with Radar,940,51,86,2,1079,0,172,14,4,190,940,223,100,6,1269,0,0,0,1269
11/30/2017,LAS,NV,AWP,WE,Towers with Radar,1037,81,90,1,1209,0,150,13,4,167,1037,231,103,5,1376,0,0,0,1376
12/01/2017,LAS,NV,AWP,WE,Towers with Radar,1040,74,136,7,1257,0,209,17,0,226,1040,283,153,7,1483,0,0,0,1483
12/02/2017,LAS,NV,AWP,WE,Towers with Radar,833,46,61,4,944,0,188,13,0,201,833,234,74,4,1145,0,0,0,1145
12/03/2017,LAS,NV,AWP,WE,Towers with Radar,1021,96,112,6,1235,0,147,8,0,155,1021,243,120,6,1390,0,0,0,1390
12/04/2017,LAS,NV,AWP,WE,Towers with Radar,1019,64,79,1,1163,0,147,18,2,167,1019,211,97,3,1330,0,0,0,1330
12/05/2017,LAS,NV,AWP,WE,Towers with Radar,923,54,93,9,1079,0,167,10,0,177,923,221,103,9,1256,0,0,0,1256
12/06/2017,LAS,NV,AWP,WE,Towers with Radar,959,57,93,7,1116,0,150,12,6,168,959,207,105,13,1284,0,0,0,1284
12/07/2017,LAS,NV,AWP,WE,Towers with Radar,1057,83,130,10,1280,0,129,19,6,154,1057,212,149,16,1434,0,0,0,1434
12/08/2017,LAS,NV,AWP,WE,Towers with Radar,1017,101,111,2,1231,0,230,11,1,242,1017,331,122,3,1473,0,0,0,1473
12/09/2017,LAS,NV,AWP,WE,Towers with Radar,844,49,83,5,981,0,221,10,3,234,844,270,93,8,1215,0,0,0,1215
12/10/2017,LAS,NV,AWP,WE,Towers with Radar,1013,100,156,0,1269,0,220,11,2,233,1013,320,167,2,1502,0,0,0,1502
12/11/2017,LAS,NV,AWP,WE,Towers with Radar,1032,77,82,6,1197,0,153,14,0,167,1032,230,96,6,1364,0,0,0,1364
12/12/2017,LAS,NV,AWP,WE,Towers with Radar,928,56,91,1,1076,0,162,12,0,174,928,218,103,1,1250,0,0,0,1250
12/13/2017,LAS,NV,AWP,WE,Towers with Radar,944,80,106,5,1135,0,152,14,0,166,944,232,120,5,1301,0,0,0,1301
12/14/2017,LAS,NV,AWP,WE,Towers with Radar,1062,86,100,8,1256,0,146,24,2,172,1062,232,124,10,1428,0,0,0,1428
12/15/2017,LAS,NV,AWP,WE,Towers with Radar,1039,89,115,1,1244,0,211,10,0,221,1039,300,125,1,1465,0,0,0,1465
12/16/2017,LAS,NV,AWP,WE,Towers with Radar,853,82,92,3,1030,0,192,14,2,208,853,274,106,5,1238,0,0,0,1238
12/17/2017,LAS,NV,AWP,WE,Towers with Radar,990,90,104,1,1185,0,165,9,0,174,990,255,113,1,1359,0,0,0,1359
12/18/2017,LAS,NV,AWP,WE,Towers with Radar,1031,70,58,0,1159,0,156,17,0,173,1031,226,75,0,1332,0,0,0,1332
12/19/2017,LAS,NV,AWP,WE,Towers with Radar,938,48,63,2,1051,0,180,11,5,196,938,228,74,7,1247,0,0,0,1247
12/20/2017,LAS,NV,AWP,WE,Towers with Radar,887,79,63,4,1033,0,92,7,1,100,887,171,70,5,1133,0,0,0,1133
12/21/2017,LAS,NV,AWP,WE,Towers with Radar,994,76,55,0,1125,0,204,7,0,211,994,280,62,0,1336,0,0,0,1336
12/22/2017,LAS,NV,AWP,WE,Towers with Radar,966,89,75,2,1132,0,201,7,2,210,966,290,82,4,1342,0,0,0,1342
12/23/2017,LAS,NV,AWP,WE,Towers with Radar,871,56,57,2,986,0,197,3,0,200,871,253,60,2,1186,0,0,0,1186
12/24/2017,LAS,NV,AWP,WE,Towers with Radar,858,24,33,0,915,0,240,8,0,248,858,264,41,0,1163,0,0,0,1163
12/25/2017,LAS,NV,AWP,WE,Towers with Radar,816,32,41,0,889,0,241,8,0,249,816,273,49,0,1138,0,0,0,1138
12/26/2017,LAS,NV,AWP,WE,Towers with Radar,922,69,91,0,1082,0,279,12,0,291,922,348,103,0,1373,0,0,0,1373
12/27/2017,LAS,NV,AWP,WE,Towers with Radar,885,77,62,0,1024,0,338,14,0,352,885,415,76,0,1376,0,0,0,1376
12/28/2017,LAS,NV,AWP,WE,Towers with Radar,987,61,74,0,1122,0,387,11,3,401,987,448,85,3,1523,0,0,0,1523
12/29/2017,LAS,NV,AWP,WE,Towers with Radar,951,99,139,3,1192,0,367,21,11,399,951,466,160,14,1591,0,0,0,1591
12/30/2017,LAS,NV,AWP,WE,Towers with Radar,898,96,120,0,1114,0,409,17,2,428,898,505,137,2,1542,0,0,0,1542
12/31/2017,LAS,NV,AWP,WE,Towers with Radar,814,80,97,0,991,0,305,17,1,323,814,385,114,1,1314,0,0,0,1314
01/01/2018,LAS,NV,AWP,WE,Towers with Radar,935,119,182,0,1236,0,391,18,2,411,935,510,200,2,1647,0,0,0,1647
01/02/2018,LAS,NV,AWP,WE,Towers with Radar,972,83,157,1,1213,0,345,9,0,354,972,428,166,1,1567,0,0,0,1567
01/03/2018,LAS,NV,AWP,WE,Towers with Radar,966,79,125,0,1170,0,319,10,0,329,966,398,135,0,1499,0,0,0,1499
01/04/2018,LAS,NV,AWP,WE,Towers with Radar,991,61,92,3,1147,0,295,12,0,307,991,356,104,3,1454,0,0,0,1454
01/05/2018,LAS,NV,AWP,WE,Towers with Radar,995,94,91,3,1183,0,255,8,0,263,995,349,99,3,1446,0,0,0,1446
01/06/2018,LAS,NV,AWP,WE,Towers with Radar,828,60,88,2,978,0,253,6,1,260,828,313,94,3,1238,0,0,0,1238
01/07/2018,LAS,NV,AWP,WE,Towers with Radar,1053,76,119,2,1250,0,208,8,2,218,1053,284,127,4,1468,0,0,0,1468
01/08/2018,LAS,NV,AWP,WE,Towers with Radar,1104,130,173,2,1409,0,125,4,0,129,1104,255,177,2,1538,0,0,0,1538
01/09/2018,LAS,NV,AWP,WE,Towers with Radar,870,111,172,0,1153,0,0,3,0,3,870,111,175,0,1156,0,0,0,1156
01/10/2018,LAS,NV,AWP,WE,Towers with Radar,953,126,180,0,1259,0,149,16,0,165,953,275,196,0,1424,0,0,0,1424
01/11/2018,LAS,NV,AWP,WE,Towers with Radar,1058,135,186,2,1381,0,165,17,0,182,1058,300,203,2,1563,0,0,0,1563
01/12/2018,LAS,NV,AWP,WE,Towers with Radar,1111,161,165,2,1439,0,241,21,0,262,1111,402,186,2,1701,0,0,0,1701
01/13/2018,LAS,NV,AWP,WE,Towers with Radar,830,89,65,0,984,0,273,5,0,278,830,362,70,0,1262,0,0,0,1262
01/14/2018,LAS,NV,AWP,WE,Towers with Radar,962,73,91,0,1126,0,247,10,0,257,962,320,101,0,1383,0,0,0,1383
01/15/2018,LAS,NV,AWP,WE,Towers with Radar,978,80,97,1,1156,0,213,3,0,216,978,293,100,1,1372,0,0,0,1372
01/16/2018,LAS,NV,AWP,WE,Towers with Radar,909,55,73,1,1038,0,165,10,1,176,909,220,83,2,1214,0,0,0,1214
01/17/2018,LAS,NV,AWP,WE,Towers with Radar,909,78,87,3,1077,0,199,8,2,209,909,277,95,5,1286,0,0,0,1286
01/18/2018,LAS,NV,AWP,WE,Towers with Radar,1027,78,105,2,1212,0,195,9,7,211,1027,273,114,9,1423,0,0,0,1423
01/19/2018,LAS,NV,AWP,WE,Towers with Radar,1023,87,99,2,1211,0,214,13,2,229,1023,301,112,4,1440,0,0,0,1440
01/20/2018,LAS,NV,AWP,WE,Towers with Radar,802,62,67,3,934,0,235,12,0,247,802,297,79,3,1181,0,0,0,1181
01/21/2018,LAS,NV,AWP,WE,Towers with Radar,965,93,135,1,1194,0,214,11,1,226,965,307,146,2,1420,0,0,0,1420
01/22/2018,LAS,NV,AWP,WE,Towers with Radar,994,62,114,0,1170,0,180,5,1,186,994,242,119,1,1356,0,0,0,1356
01/23/2018,LAS,NV,AWP,WE,Towers with Radar,925,74,95,0,1094,0,168,19,0,187,925,242,114,0,1281,0,0,0,1281
01/24/2018,LAS,NV,AWP,WE,Towers with Radar,918,79,116,1,1114,0,161,12,1,174,918,240,128,2,1288,0,0,0,1288
01/25/2018,LAS,NV,AWP,WE,Towers with Radar,1034,114,136,3,1287,0,171,2,0,173,1034,285,138,3,1460,0,0,0,1460
01/26/2018,LAS,NV,AWP,WE,Towers with Radar,1025,112,141,5,1283,0,246,11,2,259,1025,358,152,7,1542,0,0,0,1542
01/27/2018,LAS,NV,AWP,WE,Towers with Radar,799,61,72,7,939,0,294,23,2,319,799,355,95,9,1258,0,0,0,1258
01/28/2018,LAS,NV,AWP,WE,Towers with Radar,972,113,122,2,1209,0,216,14,0,230,972,329,136,2,1439,0,0,0,1439
01/29/2018,LAS,NV,AWP,WE,Towers with Radar,1016,81,86,4,1187,0,160,10,4,174,1016,241,96,8,1361,0,0,0,1361
01/30/2018,LAS,NV,AWP,WE,Towers with Radar,912,85,116,5,1118,0,144,13,2,159,912,229,129,7,1277,0,0,0,1277
01/31/2018,LAS,NV,AWP,WE,Towers with Radar,919,110,146,6,1181,0,153,10,4,167,919,263,156,10,1348,0,0,0,1348
02/01/2018,LAS,NV,AWP,WE,Towers with Radar,1021,109,158,4,1292,0,164,18,0,182,1021,273,176,4,1474,0,0,0,1474
02/02/2018,LAS,NV,AWP,WE,Towers with Radar,1039,145,225,5,1414,0,210,12,0,222,1039,355,237,5,1636,0,0,0,1636
02/03/2018,LAS,NV,AWP,WE,Towers with Radar,814,103,109,4,1030,0,254,23,0,277,814,357,132,4,1307,0,0,0,1307
02/04/2018,LAS,NV,AWP,WE,Towers with Radar,870,112,113,1,1096,0,177,14,0,191,870,289,127,1,1287,0,0,0,1287
02/05/2018,LAS,NV,AWP,WE,Towers with Radar,1010,144,208,0,1362,9,196,13,2,220,1019,340,221,2,1582,0,0,0,1582
02/06/2018,LAS,NV,AWP,WE,Towers with Radar,902,73,80,2,1057,0,160,7,0,167,902,233,87,2,1224,0,0,0,1224
02/07/2018,LAS,NV,AWP,WE,Towers with Radar,913,70,71,2,1056,0,194,8,0,202,913,264,79,2,1258,0,0,0,1258
02/08/2018,LAS,NV,AWP,WE,Towers with Radar,1012,79,88,2,1181,0,194,14,4,212,1012,273,102,6,1393,0,0,0,1393
02/09/2018,LAS,NV,AWP,WE,Towers with Radar,993,112,90,3,1198,0,209,15,0,224,993,321,105,3,1422,0,0,0,1422
02/10/2018,LAS,NV,AWP,WE,Towers with Radar,796,70,58,1,925,0,215,9,0,224,796,285,67,1,1149,0,0,0,1149
02/11/2018,LAS,NV,AWP,WE,Towers with Radar,953,115,114,0,1182,0,71,21,0,92,953,186,135,0,1274,0,0,0,1274
02/12/2018,LAS,NV,AWP,WE,Towers with Radar,1018,81,67,3,1169,0,85,5,7,97,1018,166,72,10,1266,0,0,0,1266
02/13/2018,LAS,NV,AWP,WE,Towers with Radar,913,77,86,2,1078,0,105,3,1,109,913,182,89,3,1187,0,0,0,1187
02/14/2018,LAS,NV,AWP,WE,Towers with Radar,828,97,101,5,1031,0,266,6,0,272,828,363,107,5,1303,0,0,0,1303
02/15/2018,LAS,NV,AWP,WE,Towers with Radar,1038,110,164,6,1318,0,275,12,7,294,1038,385,176,13,1612,0,0,0,1612
02/16/2018,LAS,NV,AWP,WE,Towers with Radar,1000,143,142,3,1288,0,239,10,1,250,1000,382,152,4,1538,0,0,0,1538
02/17/2018,LAS,NV,AWP,WE,Towers with Radar,807,74,95,2,978,0,318,51,3,372,807,392,146,5,1350,0,0,0,1350
02/18/2018,LAS,NV,AWP,WE,Towers with Radar,942,104,121,1,1168,0,107,8,0,115,942,211,129,1,1283,0,0,0,1283
02/19/2018,LAS,NV,AWP,WE,Towers with Radar,999,120,160,0,1279,0,208,1,0,209,999,328,161,0,1488,0,0,0,1488
02/20/2018,LAS,NV,AWP,WE,Towers with Radar,926,98,114,3,1141,0,222,14,1,237,926,320,128,4,1378,0,0,0,1378
02/21/2018,LAS,NV,AWP,WE,Towers with Radar,965,87,105,0,1157,0,245,17,0,262,965,332,122,0,1419,0,0,0,1419
02/22/2018,LAS,NV,AWP,WE,Towers with Radar,1028,97,120,2,1247,0,199,7,1,207,1028,296,127,3,1454,0,0,0,1454
02/23/2018,LAS,NV,AWP,WE,Towers with Radar,1029,102,125,5,1261,0,190,21,6,217,1029,292,146,11,1478,0,0,0,1478
02/24/2018,LAS,NV,AWP,WE,Towers with Radar,817,73,100,7,997,0,305,26,4,335,817,378,126,11,1332,0,0,0,1332
02/25/2018,LAS,NV,AWP,WE,Towers with Radar,988,94,140,5,1227,0,246,14,0,260,988,340,154,5,1487,0,0,0,1487
02/26/2018,LAS,NV,AWP,WE,Towers with Radar,1026,70,112,6,1214,0,242,14,0,256,1026,312,126,6,1470,0,0,0,1470
02/27/2018,LAS,NV,AWP,WE,Towers with Radar,938,83,106,0,1127,0,161,11,3,175,938,244,117,3,1302,0,0,0,1302
02/28/2018,LAS,NV,AWP,WE,Towers with Radar,959,97,141,3,1200,0,226,27,9,262,959,323,168,12,1462,0,0,0,1462
03/01/2018,LAS,NV,AWP,WE,Towers with Radar,1024,97,187,2,1310,0,225,20,5,250,1024,322,207,7,1560,0,0,0,1560
03/02/2018,LAS,NV,AWP,WE,Towers with Radar,1002,84,117,2,1205,0,258,5,1,264,1002,342,122,3,1469,0,0,0,1469
03/03/2018,LAS,NV,AWP,WE,Towers with Radar,824,83,94,3,1004,0,261,4,0,265,824,344,98,3,1269,0,0,0,1269
03/04/2018,LAS,NV,AWP,WE,Towers with Radar,971,111,170,5,1257,0,357,13,0,370,971,468,183,5,1627,0,0,0,1627
03/05/2018,LAS,NV,AWP,WE,Towers with Radar,1027,78,97,2,1204,0,223,13,3,239,1027,301,110,5,1443,0,0,0,1443
03/06/2018,LAS,NV,AWP,WE,Towers with Radar,961,75,76,2,1114,0,188,10,1,199,961,263,86,3,1313,0,0,0,1313
03/07/2018,LAS,NV,AWP,WE,Towers with Radar,965,105,138,0,1208,0,188,12,1,201,965,293,150,1,1409,0,0,0,1409
03/08/2018,LAS,NV,AWP,WE,Towers with Radar,1049,89,124,1,1263,0,211,11,2,224,1049,300,135,3,1487,0,0,0,1487
03/09/2018,LAS,NV,AWP,WE,Towers with Radar,1068,112,113,3,1296,0,222,10,0,232,1068,334,123,3,1528,0,0,0,1528
03/10/2018,LAS,NV,AWP,WE,Towers with Radar,866,62,101,3,1032,0,235,5,2,242,866,297,106,5,1274,0,0,0,1274
03/11/2018,LAS,NV,AWP,WE,Towers with Radar,1040,130,139,6,1315,0,162,5,0,167,1040,292,144,6,1482,0,0,0,1482
03/12/2018,LAS,NV,AWP,WE,Towers with Radar,1048,68,92,4,1212,0,256,15,1,272,1048,324,107,5,1484,0,0,0,1484
03/13/2018,LAS,NV,AWP,WE,Towers with Radar,962,93,76,5,1136,0,228,13,0,241,962,321,89,5,1377,0,0,0,1377
03/14/2018,LAS,NV,AWP,WE,Towers with Radar,989,80,129,4,1202,0,200,11,0,211,989,280,140,4,1413,0,0,0,1413
03/15/2018,LAS,NV,AWP,WE,Towers with Radar,1063,95,120,1,1279,0,188,6,1,195,1063,283,126,2,1474,0,0,0,1474
03/16/2018,LAS,NV,AWP,WE,Towers with Radar,1054,123,116,2,1295,0,239,11,6,256,1054,362,127,8,1551,0,0,0,1551
03/17/2018,LAS,NV,AWP,WE,Towers with Radar,875,62,90,1,1028,0,194,4,4,202,875,256,94,5,1230,0,0,0,1230
03/18/2018,LAS,NV,AWP,WE,Towers with Radar,1044,117,172,5,1338,0,158,12,0,170,1044,275,184,5,1508,0,0,0,1508
03/19/2018,LAS,NV,AWP,WE,Towers with Radar,1062,69,104,4,1239,0,162,6,0,168,1062,231,110,4,1407,0,0,0,1407
03/20/2018,LAS,NV,AWP,WE,Towers with Radar,947,74,107,3,1131,0,170,8,0,178,947,244,115,3,1309,0,0,0,1309
03/21/2018,LAS,NV,AWP,WE,Towers with Radar,958,97,128,5,1188,0,170,5,0,175,958,267,133,5,1363,0,0,0,1363
03/22/2018,LAS,NV,AWP,WE,Towers with Radar,1047,130,175,0,1352,0,194,3,5,202,1047,324,178,5,1554,0,0,0,1554
03/23/2018,LAS,NV,AWP,WE,Towers with Radar,1071,90,154,6,1321,0,262,23,3,288,1071,352,177,9,1609,0,0,0,1609
03/24/2018,LAS,NV,AWP,WE,Towers with Radar,869,66,134,2,1071,0,209,25,4,238,869,275,159,6,1309,0,0,0,1309
03/25/2018,LAS,NV,AWP,WE,Towers with Radar,1039,103,201,0,1343,0,242,20,4,266,1039,345,221,4,1609,0,0,0,1609
03/26/2018,LAS,NV,AWP,WE,Towers with Radar,1052,79,99,0,1230,0,288,9,2,299,1052,367,108,2,1529,0,0,0,1529
03/27/2018,LAS,NV,AWP,WE,Towers with Radar,971,70,68,3,1112,0,301,6,0,307,971,371,74,3,1419,0,0,0,1419
03/28/2018,LAS,NV,AWP,WE,Towers with Radar,994,86,98,2,1180,0,269,17,0,286,994,355,115,2,1466,0,0,0,1466
03/29/2018,LAS,NV,AWP,WE,Towers with Radar,1058,76,102,5,1241,0,326,16,4,346,1058,402,118,9,1587,0,0,0,1587
03/30/2018,LAS,NV,AWP,WE,Towers with Radar,1064,81,82,7,1234,0,327,18,0,345,1064,408,100,7,1579,0,0,0,1579
03/31/2018,LAS,NV,AWP,WE,Towers with Radar,865,59,81,3,1008,0,318,16,2,336,865,377,97,5,1344,0,0,0,1344
04/01/2018,LAS,NV,AWP,WE,Towers with Radar,1027,82,66,0,1175,0,299,16,0,315,1027,381,82,0,1490,0,0,0,1490
04/02/2018,LAS,NV,AWP,WE,Towers with Radar,1047,75,75,2,1199,0,317,9,0,326,1047,392,84,2,1525,0,0,0,1525
04/03/2018,LAS,NV,AWP,WE,Towers with Radar,962,59,103,0,1124,0,306,18,0,324,962,365,121,0,1448,0,0,0,1448
04/04/2018,LAS,NV,AWP,WE,Towers with Radar,987,97,83,2,1169,0,277,17,5,299,987,374,100,7,1468,0,0,0,1468
04/05/2018,LAS,NV,AWP,WE,Towers with Radar,1068,82,97,2,1249,0,298,7,0,305,1068,380,104,2,1554,0,0,0,1554
04/06/2018,LAS,NV,AWP,WE,Towers with Radar,1055,91,138,1,1285,0,291,23,4,318,1055,382,161,5,1603,0,0,0,1603
04/07/2018,LAS,NV,AWP,WE,Towers with Radar,860,68,81,1,1010,0,202,13,1,216,860,270,94,2,1226,0,0,0,1226
04/08/2018,LAS,NV,AWP,WE,Towers with Radar,1044,109,134,3,1290,0,235,7,1,243,1044,344,141,4,1533,0,0,0,1533
04/09/2018,LAS,NV,AWP,WE,Towers with Radar,1079,86,90,1,1256,0,207,13,12,232,1079,293,103,13,1488,0,0,0,1488
04/10/2018,LAS,NV,AWP,WE,Towers with Radar,985,84,102,1,1172,0,198,32,1,231,985,282,134,2,1403,0,0,0,1403
04/11/2018,LAS,NV,AWP,WE,Towers with Radar,968,107,136,0,1211,0,149,11,1,161,968,256,147,1,1372,0,0,0,1372
04/12/2018,LAS,NV,AWP,WE,Towers with Radar,1105,81,151,3,1340,0,103,7,2,112,1105,184,158,5,1452,0,0,0,1452
04/13/2018,LAS,NV,AWP,WE,Towers with Radar,1081,133,164,5,1383,0,238,14,0,252,1081,371,178,5,1635,0,0,0,1635
04/14/2018,LAS,NV,AWP,WE,Towers with Radar,851,78,89,3,1021,0,336,10,0,346,851,414,99,3,1367,0,0,0,1367
04/15/2018,LAS,NV,AWP,WE,Towers with Radar,1030,91,171,3,1295,0,230,16,0,246,1030,321,187,3,1541,0,0,0,1541
04/16/2018,LAS,NV,AWP,WE,Towers with Radar,1063,95,141,2,1301,0,154,5,0,159,1063,249,146,2,1460,0,0,0,1460
04/17/2018,LAS,NV,AWP,WE,Towers with Radar,1005,87,93,2,1187,0,260,7,0,267,1005,347,100,2,1454,0,0,0,1454
04/18/2018,LAS,NV,AWP,WE,Towers with Radar,1005,97,76,2,1180,0,248,27,4,279,1005,345,103,6,1459,0,0,0,1459
04/19/2018,LAS,NV,AWP,WE,Towers with Radar,1087,78,92,4,1261,0,210,4,0,214,1087,288,96,4,1475,0,0,0,1475
04/20/2018,LAS,NV,AWP,WE,Towers with Radar,1092,111,136,2,1341,0,251,14,1,266,1092,362,150,3,1607,0,0,0,1607
04/21/2018,LAS,NV,AWP,WE,Towers with Radar,867,64,75,3,1009,0,238,4,1,243,867,302,79,4,1252,0,0,0,1252
04/22/2018,LAS,NV,AWP,WE,Towers with Radar,1055,108,115,2,1280,0,222,13,2,237,1055,330,128,4,1517,0,0,0,1517
04/23/2018,LAS,NV,AWP,WE,Towers with Radar,1064,87,122,3,1276,0,233,14,2,249,1064,320,136,5,1525,0,0,0,1525
04/24/2018,LAS,NV,AWP,WE,Towers with Radar,983,87,113,2,1185,0,253,13,2,268,983,340,126,4,1453,0,0,0,1453
04/25/2018,LAS,NV,AWP,WE,Towers with Radar,984,119,124,1,1228,0,284,14,3,301,984,403,138,4,1529,0,0,0,1529
04/26/2018,LAS,NV,AWP,WE,Towers with Radar,1097,104,168,2,1371,0,231,18,0,249,1097,335,186,2,1620,0,0,0,1620
04/27/2018,LAS,NV,AWP,WE,Towers with Radar,1088,85,135,6,1314,0,258,13,5,276,1088,343,148,11,1590,0,0,0,1590
04/28/2018,LAS,NV,AWP,WE,Towers with Radar,884,73,105,0,1062,0,272,6,3,281,884,345,111,3,1343,0,0,0,1343
04/29/2018,LAS,NV,AWP,WE,Towers with Radar,1072,119,131,13,1335,0,244,14,1,259,1072,363,145,14,1594,0,0,0,1594
04/30/2018,LAS,NV,AWP,WE,Towers with Radar,1086,84,96,1,1267,0,268,6,0,274,1086,352,102,1,1541,0,0,0,1541
05/01/2018,LAS,NV,AWP,WE,Towers with Radar,987,68,98,0,1153,0,229,6,0,235,987,297,104,0,1388,0,0,0,1388
05/02/2018,LAS,NV,AWP,WE,Towers with Radar,985,88,106,2,1181,1,227,5,2,235,986,315,111,4,1416,0,0,0,1416
05/03/2018,LAS,NV,AWP,WE,Towers with Radar,1089,76,144,0,1309,0,307,10,3,320,1089,383,154,3,1629,0,0,0,1629
05/04/2018,LAS,NV,AWP,WE,Towers with Radar,1117,119,132,2,1370,0,267,12,2,281,1117,386,144,4,1651,0,0,0,1651
05/05/2018,LAS,NV,AWP,WE,Towers with Radar,871,68,95,1,1035,0,284,6,0,290,871,352,101,1,1325,0,0,0,1325
05/06/2018,LAS,NV,AWP,WE,Towers with Radar,1068,129,142,2,1341,0,254,11,2,267,1068,383,153,4,1608,0,0,0,1608
05/07/2018,LAS,NV,AWP,WE,Towers with Radar,1079,90,78,1,1248,0,282,9,0,291,1079,372,87,1,1539,0,0,0,1539
05/08/2018,LAS,NV,AWP,WE,Towers with Radar,993,66,89,6,1154,0,300,14,0,314,993,366,103,6,1468,0,0,0,1468
05/09/2018,LAS,NV,AWP,WE,Towers with Radar,985,96,97,2,1180,0,246,7,2,255,985,342,104,4,1435,0,0,0,1435
05/10/2018,LAS,NV,AWP,WE,Towers with Radar,1075,90,113,6,1284,0,279,8,0,287,1075,369,121,6,1571,0,0,0,1571
05/11/2018,LAS,NV,AWP,WE,Towers with Radar,1115,90,107,4,1316,0,251,18,0,269,1115,341,125,4,1585,0,0,0,1585
05/12/2018,LAS,NV,AWP,WE,Towers with Radar,847,72,80,2,1001,0,310,6,0,316,847,382,86,2,1317,0,0,0,1317
05/13/2018,LAS,NV,AWP,WE,Towers with Radar,1048,76,83,3,1210,0,282,11,0,293,1048,358,94,3,1503,0,0,0,1503
05/14/2018,LAS,NV,AWP,WE,Towers with Radar,1067,69,93,0,1229,0,291,12,0,303,1067,360,105,0,1532,0,0,0,1532
05/15/2018,LAS,NV,AWP,WE,Towers with Radar,982,67,90,1,1140,0,346,11,0,357,982,413,101,1,1497,0,0,0,1497
05/16/2018,LAS,NV,AWP,WE,Towers with Radar,1012,93,112,2,1219,0,322,5,0,327,1012,415,117,2,1546,0,0,0,1546
05/17/2018,LAS,NV,AWP,WE,Towers with Radar,1084,113,122,2,1321,0,329,13,1,343,1084,442,135,3,1664,0,0,0,1664
05/18/2018,LAS,NV,AWP,WE,Towers with Radar,1094,131,167,0,1392,0,499,12,0,511,1094,630,179,0,1903,0,0,0,1903
05/19/2018,LAS,NV,AWP,WE,Towers with Radar,882,87,141,1,1111,0,761,16,0,777,882,848,157,1,1888,0,0,0,1888
05/20/2018,LAS,NV,AWP,WE,Towers with Radar,1047,152,210,1,1410,0,772,15,0,787,1047,924,225,1,2197,0,0,0,2197
05/21/2018,LAS,NV,AWP,WE,Towers with Radar,1065,107,168,1,1341,0,526,11,2,539,1065,633,179,3,1880,0,0,0,1880
05/22/2018,LAS,NV,AWP,WE,Towers with Radar,970,105,191,4,1270,0,287,9,4,300,970,392,200,8,1570,0,0,0,1570
05/23/2018,LAS,NV,AWP,WE,Towers with Radar,1029,97,156,0,1282,0,281,12,0,293,1029,378,168,0,1575,0,0,0,1575
05/24/2018,LAS,NV,AWP,WE,Towers with Radar,1095,67,120,2,1284,0,285,6,0,291,1095,352,126,2,1575,0,0,0,1575
05/25/2018,LAS,NV,AWP,WE,Towers with Radar,1064,86,129,0,1279,0,273,10,1,284,1064,359,139,1,1563,0,0,0,1563
05/26/2018,LAS,NV,AWP,WE,Towers with Radar,862,48,80,2,992,0,289,5,0,294,862,337,85,2,1286,0,0,0,1286
05/27/2018,LAS,NV,AWP,WE,Towers with Radar,915,61,94,0,1070,0,304,13,0,317,915,365,107,0,1387,0,0,0,1387
05/28/2018,LAS,NV,AWP,WE,Towers with Radar,1005,131,136,0,1272,0,566,14,2,582,1005,697,150,2,1854,0,0,0,1854
05/29/2018,LAS,NV,AWP,WE,Towers with Radar,1005,61,98,1,1165,0,531,20,2,553,1005,592,118,3,1718,0,0,0,1718
05/30/2018,LAS,NV,AWP,WE,Towers with Radar,1038,90,110,1,1239,0,294,7,0,301,1038,384,117,1,1540,0,0,0,1540
05/31/2018,LAS,NV,AWP,WE,Towers with Radar,1089,82,115,2,1288,0,270,17,0,287,1089,352,132,2,1575,0,0,0,1575
06/01/2018,LAS,NV,AWP,WE,Towers with Radar,1095,98,121,3,1317,0,279,12,0,291,1095,377,133,3,1608,0,0,0,1608
06/02/2018,LAS,NV,AWP,WE,Towers with Radar,881,52,88,2,1023,0,257,14,0,271,881,309,102,2,1294,0,0,0,1294
06/03/2018,LAS,NV,AWP,WE,Towers with Radar,1055,102,123,2,1282,0,253,8,1,262,1055,355,131,3,1544,0,0,0,1544
06/04/2018,LAS,NV,AWP,WE,Towers with Radar,1086,69,69,0,1224,0,292,5,3,300,1086,361,74,3,1524,0,0,0,1524
06/05/2018,LAS,NV,AWP,WE,Towers with Radar,1026,48,78,3,1155,0,218,9,0,227,1026,266,87,3,1382,0,0,0,1382
06/06/2018,LAS,NV,AWP,WE,Towers with Radar,1027,67,95,3,1192,0,275,21,3,299,1027,342,116,6,1491,0,0,0,1491
06/07/2018,LAS,NV,AWP,WE,Towers with Radar,1096,113,146,2,1357,0,250,8,1,259,1096,363,154,3,1616,0,0,0,1616
06/08/2018,LAS,NV,AWP,WE,Towers with Radar,1114,114,150,4,1382,0,330,6,5,341,1114,444,156,9,1723,0,0,0,1723
06/09/2018,LAS,NV,AWP,WE,Towers with Radar,873,46,87,2,1008,0,205,13,4,222,873,251,100,6,1230,0,0,0,1230
06/10/2018,LAS,NV,AWP,WE,Towers with Radar,1055,95,106,3,1259,0,282,8,0,290,1055,377,114,3,1549,0,0,0,1549
06/11/2018,LAS,NV,AWP,WE,Towers with Radar,1115,67,80,2,1264,0,280,6,1,287,1115,347,86,3,1551,0,0,0,1551
06/12/2018,LAS,NV,AWP,WE,Towers with Radar,1040,48,80,1,1169,0,280,12,8,300,1040,328,92,9,1469,0,0,0,1469
06/13/2018,LAS,NV,AWP,WE,Towers with Radar,1025,82,77,5,1189,0,288,14,3,305,1025,370,91,8,1494,0,0,0,1494
06/14/2018,LAS,NV,AWP,WE,Towers with Radar,1106,83,107,1,1297,0,294,8,1,303,1106,377,115,2,1600,0,0,0,1600
06/15/2018,LAS,NV,AWP,WE,Towers with Radar,1117,98,131,3,1349,0,294,7,3,304,1117,392,138,6,1653,0,0,0,1653
06/16/2018,LAS,NV,AWP,WE,Towers with Radar,881,40,69,6,996,0,283,10,0,293,881,323,79,6,1289,0,0,0,1289
06/17/2018,LAS,NV,AWP,WE,Towers with Radar,1059,58,102,7,1226,0,250,3,2,255,1059,308,105,9,1481,0,0,0,1481
06/18/2018,LAS,NV,AWP,WE,Towers with Radar,1072,71,91,2,1236,0,339,12,1,352,1072,410,103,3,1588,0,0,0,1588
06/19/2018,LAS,NV,AWP,WE,Towers with Radar,1021,70,88,1,1180,0,314,11,0,325,1021,384,99,1,1505,0,0,0,1505
06/20/2018,LAS,NV,AWP,WE,Towers with Radar,1041,59,89,2,1191,0,327,13,0,340,1041,386,102,2,1531,0,0,0,1531
06/21/2018,LAS,NV,AWP,WE,Towers with Radar,1098,92,98,2,1290,0,264,4,0,268,1098,356,102,2,1558,0,0,0,1558
06/22/2018,LAS,NV,AWP,WE,Towers with Radar,1085,87,108,3,1283,0,312,6,1,319,1085,399,114,4,1602,0,0,0,1602
06/23/2018,LAS,NV,AWP,WE,Towers with Radar,900,46,66,3,1015,0,214,3,1,218,900,260,69,4,1233,0,0,0,1233
06/24/2018,LAS,NV,AWP,WE,Towers with Radar,1033,96,94,4,1227,0,304,10,1,315,1033,400,104,5,1542,0,0,0,1542
06/25/2018,LAS,NV,AWP,WE,Towers with Radar,1096,59,93,1,1249,0,288,4,2,294,1096,347,97,3,1543,0,0,0,1543
06/26/2018,LAS,NV,AWP,WE,Towers with Radar,1028,77,60,0,1165,0,295,11,2,308,1028,372,71,2,1473,0,0,0,1473
06/27/2018,LAS,NV,AWP,WE,Towers with Radar,1043,74,86,0,1203,0,291,14,1,306,1043,365,100,1,1509,0,0,0,1509
06/28/2018,LAS,NV,AWP,WE,Towers with Radar,1067,87,95,3,1252,0,256,18,1,275,1067,343,113,4,1527,0,0,0,1527
06/29/2018,LAS,NV,AWP,WE,Towers with Radar,1097,98,108,0,1303,0,306,15,1,322,1097,404,123,1,1625,0,0,0,1625
06/30/2018,LAS,NV,AWP,WE,Towers with Radar,906,62,73,1,1042,0,281,26,1,308,906,343,99,2,1350,0,0,0,1350
07/01/2018,LAS,NV,AWP,WE,Towers with Radar,1025,88,100,0,1213,0,323,23,2,348,1025,411,123,2,1561,0,0,0,1561
07/02/2018,LAS,NV,AWP,WE,Towers with Radar,1061,63,63,1,1188,0,317,16,0,333,1061,380,79,1,1521,0,0,0,1521
07/03/2018,LAS,NV,AWP,WE,Towers with Radar,912,68,88,0,1068,0,336,10,0,346,912,404,98,0,1414,0,0,0,1414
07/04/2018,LAS,NV,AWP,WE,Towers with Radar,850,46,36,0,932,0,264,10,0,274,850,310,46,0,1206,0,0,0,1206
07/05/2018,LAS,NV,AWP,WE,Towers with Radar,1069,78,96,2,1245,0,333,6,0,339,1069,411,102,2,1584,0,0,0,1584
07/06/2018,LAS,NV,AWP,WE,Towers with Radar,1077,101,97,0,1275,0,304,7,3,314,1077,405,104,3,1589,0,0,0,1589
07/07/2018,LAS,NV,AWP,WE,Towers with Radar,891,70,69,0,1030,0,263,4,0,267,891,333,73,0,1297,0,0,0,1297
07/08/2018,LAS,NV,AWP,WE,Towers with Radar,1052,117,117,1,1287,0,294,5,0,299,1052,411,122,1,1586,0,0,0,1586
07/09/2018,LAS,NV,AWP,WE,Towers with Radar,974,94,90,0,1158,0,183,6,2,191,974,277,96,2,1349,0,0,0,1349
07/10/2018,LAS,NV,AWP,WE,Towers with Radar,1124,68,92,0,1284,0,276,7,3,286,1124,344,99,3,1570,0,0,0,1570
07/11/2018,LAS,NV,AWP,WE,Towers with Radar,1037,77,69,2,1185,0,279,7,3,289,1037,356,76,5,1474,0,0,0,1474
07/12/2018,LAS,NV,AWP,WE,Towers with Radar,1076,67,101,0,1244,0,306,3,2,311,1076,373,104,2,1555,0,0,0,1555
07/13/2018,LAS,NV,AWP,WE,Towers with Radar,1125,78,95,5,1303,0,292,8,4,304,1125,370,103,9,1607,0,0,0,1607
07/14/2018,LAS,NV,AWP,WE,Towers with Radar,859,57,69,0,985,0,266,5,0,271,859,323,74,0,1256,0,0,0,1256
07/15/2018,LAS,NV,AWP,WE,Towers with Radar,1077,79,113,0,1269,0,332,10,0,342,1077,411,123,0,1611,0,0,0,1611
07/16/2018,LAS,NV,AWP,WE,Towers with Radar,1089,75,64,2,1230,1,316,4,0,321,1090,391,68,2,1551,0,0,0,1551
07/17/2018,LAS,NV,AWP,WE,Towers with Radar,1034,67,89,2,1192,0,292,4,2,298,1034,359,93,4,1490,0,0,0,1490
07/18/2018,LAS,NV,AWP,WE,Towers with Radar,1072,74,96,3,1245,0,282,10,0,292,1072,356,106,3,1537,0,0,0,1537
07/19/2018,LAS,NV,AWP,WE,Towers with Radar,1049,74,101,0,1224,0,222,4,0,226,1049,296,105,0,1450,0,0,0,1450
07/20/2018,LAS,NV,AWP,WE,Towers with Radar,1144,86,96,1,1327,0,366,6,0,372,1144,452,102,1,1699,0,0,0,1699
07/21/2018,LAS,NV,AWP,WE,Towers with Radar,915,62,74,3,1054,0,266,2,0,268,915,328,76,3,1322,0,0,0,1322
07/22/2018,LAS,NV,AWP,WE,Towers with Radar,1014,88,82,1,1185,0,338,20,0,358,1014,426,102,1,1543,0,0,0,1543
07/23/2018,LAS,NV,AWP,WE,Towers with Radar,1096,61,74,1,1232,0,327,4,0,331,1096,388,78,1,1563,0,0,0,1563
07/24/2018,LAS,NV,AWP,WE,Towers with Radar,1036,74,77,0,1187,0,331,7,4,342,1036,405,84,4,1529,0,0,0,1529
07/25/2018,LAS,NV,AWP,WE,Towers with Radar,1038,64,88,2,1192,0,287,4,2,293,1038,351,92,4,1485,0,0,0,1485
07/26/2018,LAS,NV,AWP,WE,Towers with Radar,1109,87,102,2,1300,0,289,11,2,302,1109,376,113,4,1602,0,0,0,1602
07/27/2018,LAS,NV,AWP,WE,Towers with Radar,1099,110,115,4,1328,0,282,7,2,291,1099,392,122,6,1619,0,0,0,1619
07/28/2018,LAS,NV,AWP,WE,Towers with Radar,912,81,104,1,1098,0,318,6,1,325,912,399,110,2,1423,0,0,0,1423
07/29/2018,LAS,NV,AWP,WE,Towers with Radar,1061,84,130,1,1276,0,293,11,1,305,1061,377,141,2,1581,0,0,0,1581
07/30/2018,LAS,NV,AWP,WE,Towers with Radar,1130,59,95,0,1284,0,276,10,0,286,1130,335,105,0,1570,0,0,0,1570
07/31/2018,LAS,NV,AWP,WE,Towers with Radar,1054,60,81,2,1197,0,321,8,0,329,1054,381,89,2,1526,0,0,0,1526
08/01/2018,LAS,NV,AWP,WE,Towers with Radar,1037,60,90,0,1187,0,330,6,0,336,1037,390,96,0,1523,0,0,0,1523
08/02/2018,LAS,NV,AWP,WE,Towers with Radar,1098,78,102,0,1278,0,313,8,2,323,1098,391,110,2,1601,0,0,0,1601
08/03/2018,LAS,NV,AWP,WE,Towers with Radar,1113,97,103,0,1313,0,334,14,2,350,1113,431,117,2,1663,0,0,0,1663
08/04/2018,LAS,NV,AWP,WE,Towers with Radar,916,50,51,2,1019,0,349,7,0,356,916,399,58,2,1375,0,0,0,1375
08/05/2018,LAS,NV,AWP,WE,Towers with Radar,1070,91,117,2,1280,0,312,7,0,319,1070,403,124,2,1599,0,0,0,1599
08/06/2018,LAS,NV,AWP,WE,Towers with Radar,1089,57,79,4,1229,0,345,4,0,349,1089,402,83,4,1578,0,0,0,1578
08/07/2018,LAS,NV,AWP,WE,Towers with Radar,1021,72,77,3,1173,0,365,14,0,379,1021,437,91,3,1552,0,0,0,1552
08/08/2018,LAS,NV,AWP,WE,Towers with Radar,1033,81,63,1,1178,0,352,14,0,366,1033,433,77,1,1544,0,0,0,1544
08/09/2018,LAS,NV,AWP,WE,Towers with Radar,1096,70,98,2,1266,0,336,5,1,342,1096,406,103,3,1608,0,0,0,1608
08/10/2018,LAS,NV,AWP,WE,Towers with Radar,1096,83,123,3,1305,0,358,7,0,365,1096,441,130,3,1670,0,0,0,1670
08/11/2018,LAS,NV,AWP,WE,Towers with Radar,816,40,69,2,927,0,203,8,0,211,816,243,77,2,1138,0,0,0,1138
08/12/2018,LAS,NV,AWP,WE,Towers with Radar,1131,93,111,1,1336,0,326,6,0,332,1131,419,117,1,1668,0,0,0,1668
08/13/2018,LAS,NV,AWP,WE,Towers with Radar,1069,62,95,4,1230,0,323,3,2,328,1069,385,98,6,1558,0,0,0,1558
08/14/2018,LAS,NV,AWP,WE,Towers with Radar,1015,85,85,2,1187,0,287,2,0,289,1015,372,87,2,1476,0,0,0,1476
08/15/2018,LAS,NV,AWP,WE,Towers with Radar,1005,73,86,0,1164,0,336,8,2,346,1005,409,94,2,1510,0,0,0,1510
08/16/2018,LAS,NV,AWP,WE,Towers with Radar,1102,69,103,4,1278,0,311,10,0,321,1102,380,113,4,1599,0,0,0,1599
08/17/2018,LAS,NV,AWP,WE,Towers with Radar,1091,69,101,0,1261,0,347,8,5,360,1091,416,109,5,1621,0,0,0,1621
08/18/2018,LAS,NV,AWP,WE,Towers with Radar,866,56,68,2,992,0,353,5,4,362,866,409,73,6,1354,0,0,0,1354
08/19/2018,LAS,NV,AWP,WE,Towers with Radar,1044,84,118,0,1246,0,301,18,2,321,1044,385,136,2,1567,0,0,0,1567
08/20/2018,LAS,NV,AWP,WE,Towers with Radar,1074,65,70,0,1209,0,292,9,0,301,1074,357,79,0,1510,0,0,0,1510
08/21/2018,LAS,NV,AWP,WE,Towers with Radar,987,57,75,2,1121,0,330,6,0,336,987,387,81,2,1457,0,0,0,1457
08/22/2018,LAS,NV,AWP,WE,Towers with Radar,1002,74,77,0,1153,0,298,9,0,307,1002,372,86,0,1460,0,0,0,1460
08/23/2018,LAS,NV,AWP,WE,Towers with Radar,1097,90,83,3,1273,0,309,7,0,316,1097,399,90,3,1589,0,0,0,1589
08/24/2018,LAS,NV,AWP,WE,Towers with Radar,1097,88,103,0,1288,0,304,4,0,308,1097,392,107,0,1596,0,0,0,1596
08/25/2018,LAS,NV,AWP,WE,Towers with Radar,855,62,69,4,990,0,307,10,0,317,855,369,79,4,1307,0,0,0,1307
08/26/2018,LAS,NV,AWP,WE,Towers with Radar,1063,105,107,3,1278,0,271,9,0,280,1063,376,116,3,1558,0,0,0,1558
08/27/2018,LAS,NV,AWP,WE,Towers with Radar,1075,71,69,6,1221,0,274,6,0,280,1075,345,75,6,1501,0,0,0,1501
08/28/2018,LAS,NV,AWP,WE,Towers with Radar,990,54,68,1,1113,0,255,8,3,266,990,309,76,4,1379,0,0,0,1379
08/29/2018,LAS,NV,AWP,WE,Towers with Radar,1002,81,73,2,1158,0,243,7,0,250,1002,324,80,2,1408,0,0,0,1408
08/30/2018,LAS,NV,AWP,WE,Towers with Radar,1086,74,77,3,1240,0,258,10,1,269,1086,332,87,4,1509,0,0,0,1509
08/31/2018,LAS,NV,AWP,WE,Towers with Radar,1040,105,114,1,1260,0,273,12,2,287,1040,378,126,3,1547,0,0,0,1547
09/01/2018,LAS,NV,AWP,WE,Towers with Radar,817,59,80,0,956,0,269,10,3,282,817,328,90,3,1238,0,0,0,1238
09/02/2018,LAS,NV,AWP,WE,Towers with Radar,907,58,90,0,1055,0,290,3,0,293,907,348,93,0,1348,0,0,0,1348
09/03/2018,LAS,NV,AWP,WE,Towers with Radar,997,107,111,0,1215,0,252,11,0,263,997,359,122,0,1478,0,0,0,1478
09/04/2018,LAS,NV,AWP,WE,Towers with Radar,989,72,74,0,1135,0,301,12,0,313,989,373,86,0,1448,0,0,0,1448
09/05/2018,LAS,NV,AWP,WE,Towers with Radar,984,66,65,3,1118,0,286,6,4,296,984,352,71,7,1414,0,0,0,1414
09/06/2018,LAS,NV,AWP,WE,Towers with Radar,1082,104,96,2,1284,0,285,12,0,297,1082,389,108,2,1581,0,0,0,1581
09/07/2018,LAS,NV,AWP,WE,Towers with Radar,1092,92,103,4,1291,0,254,14,0,268,1092,346,117,4,1559,0,0,0,1559
09/08/2018,LAS,NV,AWP,WE,Towers with Radar,865,58,65,1,989,0,304,9,0,313,865,362,74,1,1302,0,0,0,1302
09/09/2018,LAS,NV,AWP,WE,Towers with Radar,1078,80,110,2,1270,0,310,11,0,321,1078,390,121,2,1591,0,0,0,1591
09/10/2018,LAS,NV,AWP,WE,Towers with Radar,1092,73,74,4,1243,0,315,10,12,337,1092,388,84,16,1580,0,0,0,1580
09/11/2018,LAS,NV,AWP,WE,Towers with Radar,988,62,62,0,1112,0,686,6,2,694,988,748,68,2,1806,0,0,0,1806
09/12/2018,LAS,NV,AWP,WE,Towers with Radar,989,88,123,0,1200,0,380,4,3,387,989,468,127,3,1587,0,0,0,1587
09/13/2018,LAS,NV,AWP,WE,Towers with Radar,1109,109,162,0,1380,0,309,9,2,320,1109,418,171,2,1700,0,0,0,1700
09/14/2018,LAS,NV,AWP,WE,Towers with Radar,1108,145,193,1,1447,1,341,5,0,347,1109,486,198,1,1794,0,0,0,1794
09/15/2018,LAS,NV,AWP,WE,Towers with Radar,855,83,115,0,1053,0,320,4,0,324,855,403,119,0,1377,0,0,0,1377
09/16/2018,LAS,NV,AWP,WE,Towers with Radar,1087,184,218,0,1489,0,331,11,3,345,1087,515,229,3,1834,0,0,0,1834
09/17/2018,LAS,NV,AWP,WE,Towers with Radar,1127,88,117,2,1334,0,341,13,0,354,1127,429,130,2,1688,0,0,0,1688
09/18/2018,LAS,NV,AWP,WE,Towers with Radar,989,79,79,1,1148,0,318,10,3,331,989,397,89,4,1479,0,0,0,1479
09/19/2018,LAS,NV,AWP,WE,Towers with Radar,996,72,102,2,1172,0,349,8,4,361,996,421,110,6,1533,0,0,0,1533
09/20/2018,LAS,NV,AWP,WE,Towers with Radar,1101,77,112,1,1291,0,183,10,0,193,1101,260,122,1,1484,0,0,0,1484
09/21/2018,LAS,NV,AWP,WE,Towers with Radar,1100,100,96,1,1297,0,267,8,3,278,1100,367,104,4,1575,0,0,0,1575
09/22/2018,LAS,NV,AWP,WE,Towers with Radar,907,87,92,4,1090,0,345,9,0,354,907,432,101,4,1444,0,0,0,1444
09/23/2018,LAS,NV,AWP,WE,Towers with Radar,1082,92,156,0,1330,0,244,9,4,257,1082,336,165,4,1587,0,0,0,1587
09/24/2018,LAS,NV,AWP,WE,Towers with Radar,1106,65,111,0,1282,0,303,14,2,319,1106,368,125,2,1601,0,0,0,1601
09/25/2018,LAS,NV,AWP,WE,Towers with Radar,984,74,94,0,1152,0,304,10,2,316,984,378,104,2,1468,0,0,0,1468
09/26/2018,LAS,NV,AWP,WE,Towers with Radar,982,87,124,0,1193,0,312,11,0,323,982,399,135,0,1516,0,0,0,1516
09/27/2018,LAS,NV,AWP,WE,Towers with Radar,1111,98,122,1,1332,0,316,15,0,331,1111,414,137,1,1663,0,0,0,1663
09/28/2018,LAS,NV,AWP,WE,Towers with Radar,1111,89,113,3,1316,0,310,7,0,317,1111,399,120,3,1633,0,0,0,1633
09/29/2018,LAS,NV,AWP,WE,Towers with Radar,861,64,86,0,1011,0,321,13,0,334,861,385,99,0,1345,0,0,0,1345
09/30/2018,LAS,NV,AWP,WE,Towers with Radar,1078,104,121,0,1303,0,318,11,0,329,1078,422,132,0,1632,0,0,0,1632
10/01/2018,LAS,NV,AWP,WE,Towers with Radar,1098,77,73,4,1252,0,259,4,0,263,1098,336,77,4,1515,0,0,0,1515
10/02/2018,LAS,NV,AWP,WE,Towers with Radar,963,77,80,0,1120,0,231,4,0,235,963,308,84,0,1355,0,0,0,1355
10/03/2018,LAS,NV,AWP,WE,Towers with Radar,987,87,86,0,1160,0,261,4,0,265,987,348,90,0,1425,0,0,0,1425
10/04/2018,LAS,NV,AWP,WE,Towers with Radar,1142,98,140,0,1380,0,310,5,4,319,1142,408,145,4,1699,0,0,0,1699
10/05/2018,LAS,NV,AWP,WE,Towers with Radar,1134,132,177,2,1445,0,336,8,4,348,1134,468,185,6,1793,0,0,0,1793
10/06/2018,LAS,NV,AWP,WE,Towers with Radar,888,86,138,0,1112,0,310,11,1,322,888,396,149,1,1434,0,0,0,1434
10/07/2018,LAS,NV,AWP,WE,Towers with Radar,1067,165,224,2,1458,0,306,4,3,313,1067,471,228,5,1771,0,0,0,1771
10/08/2018,LAS,NV,AWP,WE,Towers with Radar,1079,109,121,1,1310,0,307,11,0,318,1079,416,132,1,1628,0,0,0,1628
10/09/2018,LAS,NV,AWP,WE,Towers with Radar,1007,82,116,1,1206,0,261,10,4,275,1007,343,126,5,1481,0,0,0,1481
10/10/2018,LAS,NV,AWP,WE,Towers with Radar,1012,104,128,1,1245,0,298,9,5,312,1012,402,137,6,1557,0,0,0,1557
10/11/2018,LAS,NV,AWP,WE,Towers with Radar,1132,99,118,1,1350,0,296,12,9,317,1132,395,130,10,1667,0,0,0,1667
10/12/2018,LAS,NV,AWP,WE,Towers with Radar,1166,101,105,1,1373,0,324,13,3,340,1166,425,118,4,1713,0,0,0,1713
10/13/2018,LAS,NV,AWP,WE,Towers with Radar,901,68,54,3,1026,0,328,5,1,334,901,396,59,4,1360,0,0,0,1360
10/14/2018,LAS,NV,AWP,WE,Towers with Radar,1076,80,95,1,1252,0,262,13,1,276,1076,342,108,2,1528,0,0,0,1528
10/15/2018,LAS,NV,AWP,WE,Towers with Radar,1114,84,92,2,1292,0,285,10,0,295,1114,369,102,2,1587,0,0,0,1587
10/16/2018,LAS,NV,AWP,WE,Towers with Radar,1014,64,98,3,1179,0,250,7,2,259,1014,314,105,5,1438,0,0,0,1438
10/17/2018,LAS,NV,AWP,WE,Towers with Radar,981,67,97,0,1145,0,363,8,1,372,981,430,105,1,1517,0,0,0,1517
10/18/2018,LAS,NV,AWP,WE,Towers with Radar,1114,83,120,1,1318,0,324,12,0,336,1114,407,132,1,1654,0,0,0,1654
10/19/2018,LAS,NV,AWP,WE,Towers with Radar,1130,104,118,4,1356,0,324,11,1,336,1130,428,129,5,1692,0,0,0,1692
10/20/2018,LAS,NV,AWP,WE,Towers with Radar,907,73,95,2,1077,0,332,7,0,339,907,405,102,2,1416,0,0,0,1416
10/21/2018,LAS,NV,AWP,WE,Towers with Radar,1079,98,145,6,1328,0,239,9,0,248,1079,337,154,6,1576,0,0,0,1576
10/22/2018,LAS,NV,AWP,WE,Towers with Radar,1107,81,112,1,1301,0,285,9,0,294,1107,366,121,1,1595,0,0,0,1595
10/23/2018,LAS,NV,AWP,WE,Towers with Radar,1018,87,85,5,1195,0,293,10,3,306,1018,380,95,8,1501,0,0,0,1501
10/24/2018,LAS,NV,AWP,WE,Towers with Radar,1004,93,107,5,1209,0,276,18,0,294,1004,369,125,5,1503,0,0,0,1503
10/25/2018,LAS,NV,AWP,WE,Towers with Radar,1150,90,122,7,1369,1,326,10,3,340,1151,416,132,10,1709,0,0,0,1709
10/26/2018,LAS,NV,AWP,WE,Towers with Radar,1141,110,129,7,1387,0,271,11,1,283,1141,381,140,8,1670,0,0,0,1670
10/27/2018,LAS,NV,AWP,WE,Towers with Radar,880,76,69,5,1030,0,303,14,3,320,880,379,83,8,1350,0,0,0,1350
10/28/2018,LAS,NV,AWP,WE,Towers with Radar,1063,109,152,2,1326,0,263,15,0,278,1063,372,167,2,1604,0,0,0,1604
10/29/2018,LAS,NV,AWP,WE,Towers with Radar,1102,89,117,0,1308,0,277,6,1,284,1102,366,123,1,1592,0,0,0,1592
10/30/2018,LAS,NV,AWP,WE,Towers with Radar,979,107,118,4,1208,0,257,11,2,270,979,364,129,6,1478,0,0,0,1478
10/31/2018,LAS,NV,AWP,WE,Towers with Radar,896,111,108,3,1118,0,197,19,0,216,896,308,127,3,1334,0,0,0,1334
11/01/2018,LAS,NV,AWP,WE,Towers with Radar,1116,98,150,1,1365,0,262,13,4,279,1116,360,163,5,1644,0,0,0,1644
11/02/2018,LAS,NV,AWP,WE,Towers with Radar,1105,114,123,1,1343,0,292,21,0,313,1105,406,144,1,1656,0,0,0,1656
11/03/2018,LAS,NV,AWP,WE,Towers with Radar,874,68,80,3,1025,0,330,12,0,342,874,398,92,3,1367,0,0,0,1367
11/04/2018,LAS,NV,AWP,WE,Towers with Radar,1041,106,134,4,1285,0,261,10,0,271,1041,367,144,4,1556,0,0,0,1556
11/05/2018,LAS,NV,AWP,WE,Towers with Radar,1070,89,60,0,1219,0,263,15,0,278,1070,352,75,0,1497,0,0,0,1497
11/06/2018,LAS,NV,AWP,WE,Towers with Radar,959,75,87,0,1121,0,250,11,0,261,959,325,98,0,1382,0,0,0,1382
11/07/2018,LAS,NV,AWP,WE,Towers with Radar,944,76,119,0,1139,0,251,14,1,266,944,327,133,1,1405,0,0,0,1405
11/08/2018,LAS,NV,AWP,WE,Towers with Radar,1104,103,106,4,1317,0,235,5,0,240,1104,338,111,4,1557,0,0,0,1557
11/09/2018,LAS,NV,AWP,WE,Towers with Radar,1079,105,131,0,1315,0,252,14,4,270,1079,357,145,4,1585,0,0,0,1585
11/10/2018,LAS,NV,AWP,WE,Towers with Radar,842,67,79,1,989,0,324,5,1,330,842,391,84,2,1319,0,0,0,1319
11/11/2018,LAS,NV,AWP,WE,Towers with Radar,1022,117,120,2,1261,0,207,16,1,224,1022,324,136,3,1485,0,0,0,1485
11/12/2018,LAS,NV,AWP,WE,Towers with Radar,1044,76,119,2,1241,0,238,7,0,245,1044,314,126,2,1486,0,0,0,1486
11/13/2018,LAS,NV,AWP,WE,Towers with Radar,986,104,118,3,1211,0,212,30,3,245,986,316,148,6,1456,0,0,0,1456
11/14/2018,LAS,NV,AWP,WE,Towers with Radar,974,109,149,3,1235,0,187,11,0,198,974,296,160,3,1433,0,0,0,1433
11/15/2018,LAS,NV,AWP,WE,Towers with Radar,1076,134,163,0,1373,0,191,9,0,200,1076,325,172,0,1573,0,0,0,1573
11/16/2018,LAS,NV,AWP,WE,Towers with Radar,1031,146,181,1,1359,0,234,20,4,258,1031,380,201,5,1617,0,0,0,1617
11/17/2018,LAS,NV,AWP,WE,Towers with Radar,866,85,99,1,1051,0,286,12,0,298,866,371,111,1,1349,0,0,0,1349
11/18/2018,LAS,NV,AWP,WE,Towers with Radar,1018,96,126,0,1240,0,282,15,3,300,1018,378,141,3,1540,0,0,0,1540
11/19/2018,LAS,NV,AWP,WE,Towers with Radar,1051,75,76,0,1202,0,310,7,1,318,1051,385,83,1,1520,0,0,0,1520
11/20/2018,LAS,NV,AWP,WE,Towers with Radar,968,80,88,0,1136,0,296,6,2,304,968,376,94,2,1440,0,0,0,1440
11/21/2018,LAS,NV,AWP,WE,Towers with Radar,983,69,89,3,1144,0,286,13,0,299,983,355,102,3,1443,0,0,0,1443
11/22/2018,LAS,NV,AWP,WE,Towers with Radar,710,43,46,2,801,0,202,1,0,203,710,245,47,2,1004,0,0,0,1004
11/23/2018,LAS,NV,AWP,WE,Towers with Radar,872,71,85,0,1028,0,326,10,0,336,872,397,95,0,1364,0,0,0,1364
11/24/2018,LAS,NV,AWP,WE,Towers with Radar,959,55,84,1,1099,0,320,16,0,336,959,375,100,1,1435,0,0,0,1435
11/25/2018,LAS,NV,AWP,WE,Towers with Radar,1028,86,135,2,1251,0,224,12,0,236,1028,310,147,2,1487,0,0,0,1487
11/26/2018,LAS,NV,AWP,WE,Towers with Radar,1022,72,61,0,1155,0,164,6,4,174,1022,236,67,4,1329,0,0,0,1329
11/27/2018,LAS,NV,AWP,WE,Towers with Radar,956,67,85,3,1111,0,160,8,4,172,956,227,93,7,1283,0,0,0,1283
11/28/2018,LAS,NV,AWP,WE,Towers with Radar,924,73,92,5,1094,0,150,16,0,166,924,223,108,5,1260,0,0,0,1260
11/29/2018,LAS,NV,AWP,WE,Towers with Radar,1034,90,110,1,1235,0,109,2,0,111,1034,199,112,1,1346,0,0,0,1346
11/30/2018,LAS,NV,AWP,WE,Towers with Radar,1066,99,125,4,1294,0,250,14,2,266,1066,349,139,6,1560,0,0,0,1560
12/01/2018,LAS,NV,AWP,WE,Towers with Radar,812,67,86,1,966,0,227,8,0,235,812,294,94,1,1201,0,0,0,1201
12/02/2018,LAS,NV,AWP,WE,Towers with Radar,993,122,116,8,1239,0,189,19,0,208,993,311,135,8,1447,0,0,0,1447
12/03/2018,LAS,NV,AWP,WE,Towers with Radar,1029,70,75,2,1176,0,155,6,1,162,1029,225,81,3,1338,0,0,0,1338
12/04/2018,LAS,NV,AWP,WE,Towers with Radar,891,68,87,0,1046,0,183,9,0,192,891,251,96,0,1238,0,0,0,1238
12/05/2018,LAS,NV,AWP,WE,Towers with Radar,924,70,101,0,1095,0,165,3,3,171,924,235,104,3,1266,0,0,0,1266
12/06/2018,LAS,NV,AWP,WE,Towers with Radar,1049,97,125,1,1272,0,170,6,0,176,1049,267,131,1,1448,0,0,0,1448
12/07/2018,LAS,NV,AWP,WE,Towers with Radar,1063,114,134,2,1313,0,207,4,0,211,1063,321,138,2,1524,0,0,0,1524
12/08/2018,LAS,NV,AWP,WE,Towers with Radar,823,85,105,6,1019,0,195,10,0,205,823,280,115,6,1224,0,0,0,1224
12/09/2018,LAS,NV,AWP,WE,Towers with Radar,971,127,150,1,1249,0,190,11,0,201,971,317,161,1,1450,0,0,0,1450
12/10/2018,LAS,NV,AWP,WE,Towers with Radar,1045,82,114,5,1246,0,176,9,0,185,1045,258,123,5,1431,0,0,0,1431
12/11/2018,LAS,NV,AWP,WE,Towers with Radar,899,80,95,1,1075,0,171,2,0,173,899,251,97,1,1248,0,0,0,1248
12/12/2018,LAS,NV,AWP,WE,Towers with Radar,952,97,113,3,1165,0,138,22,5,165,952,235,135,8,1330,0,0,0,1330
12/13/2018,LAS,NV,AWP,WE,Towers with Radar,1048,78,139,0,1265,0,186,10,1,197,1048,264,149,1,1462,0,0,0,1462
12/14/2018,LAS,NV,AWP,WE,Towers with Radar,1040,101,136,0,1277,0,204,7,2,213,1040,305,143,2,1490,0,0,0,1490
12/15/2018,LAS,NV,AWP,WE,Towers with Radar,831,65,108,1,1005,0,230,25,0,255,831,295,133,1,1260,0,0,0,1260
12/16/2018,LAS,NV,AWP,WE,Towers with Radar,976,107,123,1,1207,0,172,12,0,184,976,279,135,1,1391,0,0,0,1391
12/17/2018,LAS,NV,AWP,WE,Towers with Radar,1039,76,80,2,1197,0,160,12,3,175,1039,236,92,5,1372,0,0,0,1372
12/18/2018,LAS,NV,AWP,WE,Towers with Radar,906,79,58,2,1045,0,181,10,2,193,906,260,68,4,1238,0,0,0,1238
12/19/2018,LAS,NV,AWP,WE,Towers with Radar,962,61,75,0,1098,0,154,15,3,172,962,215,90,3,1270,0,0,0,1270
12/20/2018,LAS,NV,AWP,WE,Towers with Radar,965,80,72,2,1119,0,177,13,0,190,965,257,85,2,1309,0,0,0,1309
12/21/2018,LAS,NV,AWP,WE,Towers with Radar,995,88,86,2,1171,0,197,17,0,214,995,285,103,2,1385,0,0,0,1385
12/22/2018,LAS,NV,AWP,WE,Towers with Radar,920,61,76,0,1057,0,224,5,0,229,920,285,81,0,1286,0,0,0,1286
12/23/2018,LAS,NV,AWP,WE,Towers with Radar,965,74,78,0,1117,0,243,9,0,252,965,317,87,0,1369,0,0,0,1369
12/24/2018,LAS,NV,AWP,WE,Towers with Radar,891,54,39,2,986,0,231,4,0,235,891,285,43,2,1221,0,0,0,1221
12/25/2018,LAS,NV,AWP,WE,Towers with Radar,813,39,38,0,890,0,264,5,0,269,813,303,43,0,1159,0,0,0,1159
12/26/2018,LAS,NV,AWP,WE,Towers with Radar,928,62,97,0,1087,0,311,11,0,322,928,373,108,0,1409,0,0,0,1409
12/27/2018,LAS,NV,AWP,WE,Towers with Radar,986,84,115,4,1189,0,345,10,0,355,986,429,125,4,1544,0,0,0,1544
12/28/2018,LAS,NV,AWP,WE,Towers with Radar,997,113,131,4,1245,0,342,5,0,347,997,455,136,4,1592,0,0,0,1592
12/29/2018,LAS,NV,AWP,WE,Towers with Radar,947,99,143,6,1195,0,373,9,1,383,947,472,152,7,1578,0,0,0,1578
12/30/2018,LAS,NV,AWP,WE,Towers with Radar,967,113,132,0,1212,0,402,5,0,407,967,515,137,0,1619,0,0,0,1619
12/31/2018,LAS,NV,AWP,WE,Towers with Radar,896,94,86,0,1076,0,287,20,2,309,896,381,106,2,1385,0,0,0,1385
01/01/2019,LAS,NV,AWP,WE,Towers with Radar,900,107,148,0,1155,0,383,8,0,391,900,490,156,0,1546,0,0,0,1546
01/02/2019,LAS,NV,AWP,WE,Towers with Radar,984,100,156,2,1242,0,341,13,0,354,984,441,169,2,1596,0,0,0,1596
01/03/2019,LAS,NV,AWP,WE,Towers with Radar,1029,95,100,2,1226,0,321,13,4,338,1029,416,113,6,1564,0,0,0,1564
01/04/2019,LAS,NV,AWP,WE,Towers with Radar,1048,81,84,2,1215,0,280,11,2,293,1048,361,95,4,1508,0,0,0,1508
01/05/2019,LAS,NV,AWP,WE,Towers with Radar,854,54,81,5,994,0,238,6,1,245,854,292,87,6,1239,0,0,0,1239
01/06/2019,LAS,NV,AWP,WE,Towers with Radar,1078,80,88,3,1249,0,173,3,1,177,1078,253,91,4,1426,0,0,0,1426
01/07/2019,LAS,NV,AWP,WE,Towers with Radar,1221,119,158,3,1501,0,184,4,0,188,1221,303,162,3,1689,0,0,0,1689
01/08/2019,LAS,NV,AWP,WE,Towers with Radar,984,124,174,3,1285,0,87,18,2,107,984,211,192,5,1392,0,0,0,1392
01/09/2019,LAS,NV,AWP,WE,Towers with Radar,963,132,161,0,1256,0,126,25,5,156,963,258,186,5,1412,0,0,0,1412
01/10/2019,LAS,NV,AWP,WE,Towers with Radar,1125,137,186,0,1448,0,161,11,0,172,1125,298,197,0,1620,0,0,0,1620
01/11/2019,LAS,NV,AWP,WE,Towers with Radar,1179,123,155,0,1457,0,194,13,0,207,1179,317,168,0,1664,0,0,0,1664
01/12/2019,LAS,NV,AWP,WE,Towers with Radar,860,63,93,2,1018,0,265,5,0,270,860,328,98,2,1288,0,0,0,1288
01/13/2019,LAS,NV,AWP,WE,Towers with Radar,1004,83,103,0,1190,0,190,8,0,198,1004,273,111,0,1388,0,0,0,1388
01/14/2019,LAS,NV,AWP,WE,Towers with Radar,1053,64,73,1,1191,0,178,2,0,180,1053,242,75,1,1371,0,0,0,1371
01/15/2019,LAS,NV,AWP,WE,Towers with Radar,860,68,71,7,1006,0,0,0,0,0,860,68,71,7,1006,0,0,0,1006
01/16/2019,LAS,NV,AWP,WE,Towers with Radar,906,63,84,3,1056,0,176,4,4,184,906,239,88,7,1240,0,0,0,1240
01/17/2019,LAS,NV,AWP,WE,Towers with Radar,1061,89,82,1,1233,0,138,3,2,143,1061,227,85,3,1376,0,0,0,1376
01/18/2019,LAS,NV,AWP,WE,Towers with Radar,1067,105,129,6,1307,0,269,10,0,279,1067,374,139,6,1586,0,0,0,1586
01/19/2019,LAS,NV,AWP,WE,Towers with Radar,790,75,87,5,957,0,265,8,5,278,790,340,95,10,1235,0,0,0,1235
01/20/2019,LAS,NV,AWP,WE,Towers with Radar,950,108,138,5,1201,0,199,14,1,214,950,307,152,6,1415,0,0,0,1415
01/21/2019,LAS,NV,AWP,WE,Towers with Radar,1001,101,141,2,1245,0,164,6,1,171,1001,265,147,3,1416,0,0,0,1416
01/22/2019,LAS,NV,AWP,WE,Towers with Radar,903,98,119,3,1123,0,177,8,0,185,903,275,127,3,1308,0,0,0,1308
01/23/2019,LAS,NV,AWP,WE,Towers with Radar,930,78,124,0,1132,0,140,30,4,174,930,218,154,4,1306,0,0,0,1306
01/24/2019,LAS,NV,AWP,WE,Towers with Radar,1060,99,136,2,1297,0,173,18,3,194,1060,272,154,5,1491,0,0,0,1491
01/25/2019,LAS,NV,AWP,WE,Towers with Radar,1079,115,129,1,1324,0,245,29,1,275,1079,360,158,2,1599,0,0,0,1599
01/26/2019,LAS,NV,AWP,WE,Towers with Radar,824,77,73,2,976,0,276,11,0,287,824,353,84,2,1263,0,0,0,1263
01/27/2019,LAS,NV,AWP,WE,Towers with Radar,975,116,122,2,1215,0,220,11,0,231,975,336,133,2,1446,0,0,0,1446
01/28/2019,LAS,NV,AWP,WE,Towers with Radar,1036,72,85,1,1194,0,166,8,0,174,1036,238,93,1,1368,0,0,0,1368
01/29/2019,LAS,NV,AWP,WE,Towers with Radar,901,74,74,5,1054,0,159,14,0,173,901,233,88,5,1227,0,0,0,1227
01/30/2019,LAS,NV,AWP,WE,Towers with Radar,887,73,95,0,1055,0,144,16,1,161,887,217,111,1,1216,0,0,0,1216
01/31/2019,LAS,NV,AWP,WE,Towers with Radar,1049,103,119,3,1274,0,183,13,0,196,1049,286,132,3,1470,0,0,0,1470
02/01/2019,LAS,NV,AWP,WE,Towers with Radar,1062,149,188,3,1402,0,201,7,0,208,1062,350,195,3,1610,0,0,0,1610
02/02/2019,LAS,NV,AWP,WE,Towers with Radar,794,100,100,2,996,0,192,2,0,194,794,292,102,2,1190,0,0,0,1190
02/03/2019,LAS,NV,AWP,WE,Towers with Radar,899,116,110,0,1125,0,167,3,0,170,899,283,113,0,1295,0,0,0,1295
02/04/2019,LAS,NV,AWP,WE,Towers with Radar,1047,160,169,2,1378,0,159,2,1,162,1047,319,171,3,1540,0,0,0,1540
02/05/2019,LAS,NV,AWP,WE,Towers with Radar,911,71,94,1,1077,0,137,1,0,138,911,208,95,1,1215,0,0,0,1215
02/06/2019,LAS,NV,AWP,WE,Towers with Radar,937,75,84,2,1098,0,178,4,0,182,937,253,88,2,1280,0,0,0,1280
02/07/2019,LAS,NV,AWP,WE,Towers with Radar,1051,86,111,0,1248,0,219,11,2,232,1051,305,122,2,1480,0,0,0,1480
02/08/2019,LAS,NV,AWP,WE,Towers with Radar,1061,91,114,1,1267,0,224,11,2,237,1061,315,125,3,1504,0,0,0,1504
02/09/2019,LAS,NV,AWP,WE,Towers with Radar,815,60,75,0,950,0,253,4,0,257,815,313,79,0,1207,0,0,0,1207
02/10/2019,LAS,NV,AWP,WE,Towers with Radar,999,101,137,1,1238,0,155,3,1,159,999,256,140,2,1397,0,0,0,1397
02/11/2019,LAS,NV,AWP,WE,Towers with Radar,1040,84,91,1,1216,0,234,7,0,241,1040,318,98,1,1457,0,0,0,1457
02/12/2019,LAS,NV,AWP,WE,Towers with Radar,906,76,110,3,1095,0,205,5,2,212,906,281,115,5,1307,0,0,0,1307
02/13/2019,LAS,NV,AWP,WE,Towers with Radar,948,80,86,1,1115,0,166,4,2,172,948,246,90,3,1287,0,0,0,1287
02/14/2019,LAS,NV,AWP,WE,Towers with Radar,992,81,99,1,1173,0,132,4,0,136,992,213,103,1,1309,0,0,0,1309
02/15/2019,LAS,NV,AWP,WE,Towers with Radar,1098,122,122,9,1351,0,311,3,3,317,1098,433,125,12,1668,0,0,0,1668
02/16/2019,LAS,NV,AWP,WE,Towers with Radar,850,64,74,6,994,0,295,15,2,312,850,359,89,8,1306,0,0,0,1306
02/17/2019,LAS,NV,AWP,WE,Towers with Radar,971,98,104,3,1176,0,220,8,0,228,971,318,112,3,1404,0,0,0,1404
02/18/2019,LAS,NV,AWP,WE,Towers with Radar,1022,106,144,2,1274,0,204,14,0,218,1022,310,158,2,1492,0,0,0,1492
02/19/2019,LAS,NV,AWP,WE,Towers with Radar,951,93,121,3,1168,0,211,17,0,228,951,304,138,3,1396,0,0,0,1396
02/20/2019,LAS,NV,AWP,WE,Towers with Radar,923,90,135,0,1148,0,104,6,0,110,923,194,141,0,1258,0,0,0,1258
02/21/2019,LAS,NV,AWP,WE,Towers with Radar,709,120,173,0,1002,0,70,0,0,70,709,190,173,0,1072,0,0,0,1072
02/22/2019,LAS,NV,AWP,WE,Towers with Radar,1118,122,132,3,1375,0,248,16,0,264,1118,370,148,3,1639,0,0,0,1639
02/23/2019,LAS,NV,AWP,WE,Towers with Radar,827,59,72,7,965,0,294,21,0,315,827,353,93,7,1280,0,0,0,1280
02/24/2019,LAS,NV,AWP,WE,Towers with Radar,983,105,134,3,1225,0,228,19,0,247,983,333,153,3,1472,0,0,0,1472
02/25/2019,LAS,NV,AWP,WE,Towers with Radar,1050,92,116,1,1259,0,206,17,2,225,1050,298,133,3,1484,0,0,0,1484
02/26/2019,LAS,NV,AWP,WE,Towers with Radar,954,108,102,0,1164,0,163,12,0,175,954,271,114,0,1339,0,0,0,1339
02/27/2019,LAS,NV,AWP,WE,Towers with Radar,974,90,102,2,1168,0,196,15,1,212,974,286,117,3,1380,0,0,0,1380
02/28/2019,LAS,NV,AWP,WE,Towers with Radar,1068,84,138,0,1290,0,250,15,1,266,1068,334,153,1,1556,0,0,0,1556
03/01/2019,LAS,NV,AWP,WE,Towers with Radar,1071,121,157,1,1350,0,249,13,0,262,1071,370,170,1,1612,0,0,0,1612
03/02/2019,LAS,NV,AWP,WE,Towers with Radar,855,78,96,4,1033,0,270,0,0,270,855,348,96,4,1303,0,0,0,1303
03/03/2019,LAS,NV,AWP,WE,Towers with Radar,1006,137,192,3,1338,0,322,14,0,336,1006,459,206,3,1674,0,0,0,1674
03/04/2019,LAS,NV,AWP,WE,Towers with Radar,1066,99,103,5,1273,10,284,8,1,303,1076,383,111,6,1576,0,0,0,1576
03/05/2019,LAS,NV,AWP,WE,Towers with Radar,963,92,83,4,1142,0,271,7,1,279,963,363,90,5,1421,0,0,0,1421
03/06/2019,LAS,NV,AWP,WE,Towers with Radar,967,85,117,0,1169,0,111,3,2,116,967,196,120,2,1285,0,0,0,1285
03/07/2019,LAS,NV,AWP,WE,Towers with Radar,1101,96,93,2,1292,0,237,3,2,242,1101,333,96,4,1534,0,0,0,1534
03/08/2019,LAS,NV,AWP,WE,Towers with Radar,1083,107,100,1,1291,0,235,6,0,241,1083,342,106,1,1532,0,0,0,1532
03/09/2019,LAS,NV,AWP,WE,Towers with Radar,882,80,85,0,1047,0,280,10,4,294,882,360,95,4,1341,0,0,0,1341
03/10/2019,LAS,NV,AWP,WE,Towers with Radar,1061,102,115,2,1280,0,260,5,0,265,1061,362,120,2,1545,0,0,0,1545
03/11/2019,LAS,NV,AWP,WE,Towers with Radar,1098,89,69,2,1258,0,239,5,1,245,1098,328,74,3,1503,0,0,0,1503
03/12/2019,LAS,NV,AWP,WE,Towers with Radar,998,100,107,1,1206,0,248,5,8,261,998,348,112,9,1467,0,0,0,1467
03/13/2019,LAS,NV,AWP,WE,Towers with Radar,1002,66,85,0,1153,0,216,3,5,224,1002,282,88,5,1377,0,0,0,1377
03/14/2019,LAS,NV,AWP,WE,Towers with Radar,1085,126,132,8,1351,0,271,17,0,288,1085,397,149,8,1639,0,0,0,1639
03/15/2019,LAS,NV,AWP,WE,Towers with Radar,1083,107,140,1,1331,0,252,6,2,260,1083,359,146,3,1591,0,0,0,1591
03/16/2019,LAS,NV,AWP,WE,Towers with Radar,921,106,95,0,1122,0,301,7,0,308,921,407,102,0,1430,0,0,0,1430
03/17/2019,LAS,NV,AWP,WE,Towers with Radar,1076,123,132,5,1336,0,231,15,1,247,1076,354,147,6,1583,0,0,0,1583
03/18/2019,LAS,NV,AWP,WE,Towers with Radar,1080,96,70,2,1248,0,257,8,2,267,1080,353,78,4,1515,0,0,0,1515
03/19/2019,LAS,NV,AWP,WE,Towers with Radar,982,71,64,2,1119,0,275,11,2,288,982,346,75,4,1407,0,0,0,1407
03/20/2019,LAS,NV,AWP,WE,Towers with Radar,1039,78,135,4,1256,0,203,10,2,215,1039,281,145,6,1471,0,0,0,1471
03/21/2019,LAS,NV,AWP,WE,Towers with Radar,1101,123,134,2,1360,0,181,14,2,197,1101,304,148,4,1557,0,0,0,1557
03/22/2019,LAS,NV,AWP,WE,Towers with Radar,1089,140,152,8,1389,0,218,19,7,244,1089,358,171,15,1633,0,0,0,1633
03/23/2019,LAS,NV,AWP,WE,Towers with Radar,897,80,110,1,1088,0,276,13,3,292,897,356,123,4,1380,0,0,0,1380
03/24/2019,LAS,NV,AWP,WE,Towers with Radar,1070,130,150,0,1350,0,261,10,1,272,1070,391,160,1,1622,0,0,0,1622
03/25/2019,LAS,NV,AWP,WE,Towers with Radar,1081,118,91,1,1291,1,252,3,2,258,1082,370,94,3,1549,0,0,0,1549
03/26/2019,LAS,NV,AWP,WE,Towers with Radar,984,71,91,1,1147,0,244,12,2,258,984,315,103,3,1405,0,0,0,1405
03/27/2019,LAS,NV,AWP,WE,Towers with Radar,992,78,80,0,1150,0,246,13,0,259,992,324,93,0,1409,0,0,0,1409
03/28/2019,LAS,NV,AWP,WE,Towers with Radar,1100,110,112,1,1323,0,234,8,1,243,1100,344,120,2,1566,0,0,0,1566
03/29/2019,LAS,NV,AWP,WE,Towers with Radar,1099,104,117,3,1323,0,309,15,0,324,1099,413,132,3,1647,0,0,0,1647
03/30/2019,LAS,NV,AWP,WE,Towers with Radar,887,75,60,1,1023,0,294,8,0,302,887,369,68,1,1325,0,0,0,1325
03/31/2019,LAS,NV,AWP,WE,Towers with Radar,1062,121,131,3,1317,0,293,19,0,312,1062,414,150,3,1629,0,0,0,1629
04/01/2019,LAS,NV,AWP,WE,Towers with Radar,1081,93,88,0,1262,0,254,15,2,271,1081,347,103,2,1533,0,0,0,1533
04/02/2019,LAS,NV,AWP,WE,Towers with Radar,1011,99,87,1,1198,0,221,9,3,233,1011,320,96,4,1431,0,0,0,1431
04/03/2019,LAS,NV,AWP,WE,Towers with Radar,1001,71,115,2,1189,0,251,20,5,276,1001,322,135,7,1465,0,0,0,1465
04/04/2019,LAS,NV,AWP,WE,Towers with Radar,1111,124,111,3,1349,0,295,12,8,315,1111,419,123,11,1664,0,0,0,1664
04/05/2019,LAS,NV,AWP,WE,Towers with Radar,1108,112,138,5,1363,0,166,15,2,183,1108,278,153,7,1546,0,0,0,1546
04/06/2019,LAS,NV,AWP,WE,Towers with Radar,890,64,50,4,1008,0,217,10,3,230,890,281,60,7,1238,0,0,0,1238
04/07/2019,LAS,NV,AWP,WE,Towers with Radar,1071,137,137,3,1348,0,270,18,2,290,1071,407,155,5,1638,0,0,0,1638
04/08/2019,LAS,NV,AWP,WE,Towers with Radar,1073,143,136,6,1358,0,191,26,3,220,1073,334,162,9,1578,0,0,0,1578
04/09/2019,LAS,NV,AWP,WE,Towers with Radar,958,100,100,0,1158,0,132,6,2,140,958,232,106,2,1298,0,0,0,1298
04/10/2019,LAS,NV,AWP,WE,Towers with Radar,1050,93,105,2,1250,0,220,6,0,226,1050,313,111,2,1476,0,0,0,1476
04/11/2019,LAS,NV,AWP,WE,Towers with Radar,1093,91,123,0,1307,0,254,12,1,267,1093,345,135,1,1574,0,0,0,1574
04/12/2019,LAS,NV,AWP,WE,Towers with Radar,1121,112,135,5,1373,0,275,2,3,280,1121,387,137,8,1653,0,0,0,1653
04/13/2019,LAS,NV,AWP,WE,Towers with Radar,867,75,72,6,1020,0,318,23,0,341,867,393,95,6,1361,0,0,0,1361
04/14/2019,LAS,NV,AWP,WE,Towers with Radar,1044,115,98,3,1260,0,309,8,0,317,1044,424,106,3,1577,0,0,0,1577
04/15/2019,LAS,NV,AWP,WE,Towers with Radar,1095,95,76,2,1268,0,328,8,2,338,1095,423,84,4,1606,0,0,0,1606
04/16/2019,LAS,NV,AWP,WE,Towers with Radar,1017,64,74,0,1155,0,288,21,0,309,1017,352,95,0,1464,0,0,0,1464
04/17/2019,LAS,NV,AWP,WE,Towers with Radar,1019,97,79,5,1200,0,353,24,0,377,1019,450,103,5,1577,0,0,0,1577
04/18/2019,LAS,NV,AWP,WE,Towers with Radar,1105,87,72,3,1267,0,370,35,0,405,1105,457,107,3,1672,0,0,0,1672
04/19/2019,LAS,NV,AWP,WE,Towers with Radar,1088,83,89,0,1260,0,400,16,1,417,1088,483,105,1,1677,0,0,0,1677
04/20/2019,LAS,NV,AWP,WE,Towers with Radar,887,70,61,0,1018,0,346,13,1,360,887,416,74,1,1378,0,0,0,1378
04/21/2019,LAS,NV,AWP,WE,Towers with Radar,1073,94,64,0,1231,0,364,12,2,378,1073,458,76,2,1609,0,0,0,1609
04/22/2019,LAS,NV,AWP,WE,Towers with Radar,1104,61,88,1,1254,13,335,7,0,355,1117,396,95,1,1609,0,0,0,1609
04/23/2019,LAS,NV,AWP,WE,Towers with Radar,1011,84,77,0,1172,0,338,10,0,348,1011,422,87,0,1520,0,0,0,1520
04/24/2019,LAS,NV,AWP,WE,Towers with Radar,1019,95,93,0,1207,0,299,10,0,309,1019,394,103,0,1516,0,0,0,1516
04/25/2019,LAS,NV,AWP,WE,Towers with Radar,1108,98,109,2,1317,0,310,12,1,323,1108,408,121,3,1640,0,0,0,1640
04/26/2019,LAS,NV,AWP,WE,Towers with Radar,1104,109,129,5,1347,0,276,10,1,287,1104,385,139,6,1634,0,0,0,1634
04/27/2019,LAS,NV,AWP,WE,Towers with Radar,870,81,63,3,1017,0,307,3,3,313,870,388,66,6,1330,0,0,0,1330
04/28/2019,LAS,NV,AWP,WE,Towers with Radar,1086,120,136,5,1347,1,298,6,0,305,1087,418,142,5,1652,0,0,0,1652
04/29/2019,LAS,NV,AWP,WE,Towers with Radar,1026,96,77,0,1199,0,199,5,1,205,1026,295,82,1,1404,0,0,0,1404
04/30/2019,LAS,NV,AWP,WE,Towers with Radar,1042,81,89,0,1212,0,290,10,8,308,1042,371,99,8,1520,0,0,0,1520
05/01/2019,LAS,NV,AWP,WE,Towers with Radar,1027,109,117,1,1254,0,265,14,0,279,1027,374,131,1,1533,0,0,0,1533
05/02/2019,LAS,NV,AWP,WE,Towers with Radar,1119,131,137,2,1389,0,307,11,1,319,1119,438,148,3,1708,0,0,0,1708
05/03/2019,LAS,NV,AWP,WE,Towers with Radar,1151,127,121,2,1401,0,322,8,1,331,1151,449,129,3,1732,0,0,0,1732
05/04/2019,LAS,NV,AWP,WE,Towers with Radar,912,89,80,1,1082,0,267,4,6,277,912,356,84,7,1359,0,0,0,1359
05/05/2019,LAS,NV,AWP,WE,Towers with Radar,1106,127,154,2,1389,0,300,11,0,311,1106,427,165,2,1700,0,0,0,1700
05/06/2019,LAS,NV,AWP,WE,Towers with Radar,1142,108,109,2,1361,0,317,6,0,323,1142,425,115,2,1684,0,0,0,1684
05/07/2019,LAS,NV,AWP,WE,Towers with Radar,1027,103,131,0,1261,0,273,8,0,281,1027,376,139,0,1542,0,0,0,1542
05/08/2019,LAS,NV,AWP,WE,Towers with Radar,1004,96,123,3,1226,0,260,21,5,286,1004,356,144,8,1512,0,0,0,1512
05/09/2019,LAS,NV,AWP,WE,Towers with Radar,1123,110,144,2,1379,0,199,7,0,206,1123,309,151,2,1585,0,0,0,1585
05/10/2019,LAS,NV,AWP,WE,Towers with Radar,1130,108,124,4,1366,0,309,3,0,312,1130,417,127,4,1678,0,0,0,1678
05/11/2019,LAS,NV,AWP,WE,Towers with Radar,875,84,87,2,1048,0,303,3,0,306,875,387,90,2,1354,0,0,0,1354
05/12/2019,LAS,NV,AWP,WE,Towers with Radar,1085,87,79,3,1254,0,289,5,0,294,1085,376,84,3,1548,0,0,0,1548
05/13/2019,LAS,NV,AWP,WE,Towers with Radar,1098,83,65,2,1248,0,335,4,4,343,1098,418,69,6,1591,0,0,0,1591
05/14/2019,LAS,NV,AWP,WE,Towers with Radar,1037,88,88,2,1215,0,334,11,2,347,1037,422,99,4,1562,0,0,0,1562
05/15/2019,LAS,NV,AWP,WE,Towers with Radar,1036,90,108,0,1234,0,311,17,0,328,1036,401,125,0,1562,0,0,0,1562
05/16/2019,LAS,NV,AWP,WE,Towers with Radar,1129,118,144,1,1392,0,284,12,3,299,1129,402,156,4,1691,0,0,0,1691
05/17/2019,LAS,NV,AWP,WE,Towers with Radar,1133,141,135,2,1411,0,538,17,0,555,1133,679,152,2,1966,0,0,0,1966
05/18/2019,LAS,NV,AWP,WE,Towers with Radar,847,103,122,0,1072,0,807,12,0,819,847,910,134,0,1891,0,0,0,1891
05/19/2019,LAS,NV,AWP,WE,Towers with Radar,1097,154,202,0,1453,0,672,9,0,681,1097,826,211,0,2134,0,0,0,2134
05/20/2019,LAS,NV,AWP,WE,Towers with Radar,1131,123,131,0,1385,0,575,11,5,591,1131,698,142,5,1976,0,0,0,1976
05/21/2019,LAS,NV,AWP,WE,Towers with Radar,1059,135,177,6,1377,0,347,10,6,363,1059,482,187,12,1740,0,0,0,1740
05/22/2019,LAS,NV,AWP,WE,Towers with Radar,1047,125,122,1,1295,0,279,8,0,287,1047,404,130,1,1582,0,0,0,1582
05/23/2019,LAS,NV,AWP,WE,Towers with Radar,1107,103,98,0,1308,0,316,15,4,335,1107,419,113,4,1643,0,0,0,1643
05/24/2019,LAS,NV,AWP,WE,Towers with Radar,1102,136,119,0,1357,0,326,16,0,342,1102,462,135,0,1699,0,0,0,1699
05/25/2019,LAS,NV,AWP,WE,Towers with Radar,873,80,60,0,1013,0,303,6,0,309,873,383,66,0,1322,0,0,0,1322
05/26/2019,LAS,NV,AWP,WE,Towers with Radar,965,95,79,0,1139,0,301,5,0,306,965,396,84,0,1445,0,0,0,1445
05/27/2019,LAS,NV,AWP,WE,Towers with Radar,1036,139,109,0,1284,0,253,15,0,268,1036,392,124,0,1552,0,0,0,1552
05/28/2019,LAS,NV,AWP,WE,Towers with Radar,997,75,66,3,1141,0,314,12,2,328,997,389,78,5,1469,0,0,0,1469
05/29/2019,LAS,NV,AWP,WE,Towers with Radar,1021,95,60,0,1176,0,327,17,6,350,1021,422,77,6,1526,0,0,0,1526
05/30/2019,LAS,NV,AWP,WE,Towers with Radar,1121,105,70,0,1296,0,288,13,4,305,1121,393,83,4,1601,0,0,0,1601
05/31/2019,LAS,NV,AWP,WE,Towers with Radar,1125,109,129,2,1365,0,288,16,0,304,1125,397,145,2,1669,0,0,0,1669
06/01/2019,LAS,NV,AWP,WE,Towers with Radar,874,80,81,0,1035,0,256,9,3,268,874,336,90,3,1303,0,0,0,1303
06/02/2019,LAS,NV,AWP,WE,Towers with Radar,1096,111,109,0,1316,0,248,12,0,260,1096,359,121,0,1576,0,0,0,1576
06/03/2019,LAS,NV,AWP,WE,Towers with Radar,1129,109,107,1,1346,0,321,12,0,333,1129,430,119,1,1679,0,0,0,1679
06/04/2019,LAS,NV,AWP,WE,Towers with Radar,1024,79,73,0,1176,0,267,14,0,281,1024,346,87,0,1457,0,0,0,1457
06/05/2019,LAS,NV,AWP,WE,Towers with Radar,1049,83,88,2,1222,0,311,10,2,323,1049,394,98,4,1545,0,0,0,1545
06/06/2019,LAS,NV,AWP,WE,Towers with Radar,1125,114,95,4,1338,0,315,16,7,338,1125,429,111,11,1676,0,0,0,1676
06/07/2019,LAS,NV,AWP,WE,Towers with Radar,1120,123,97,5,1345,0,270,13,3,286,1120,393,110,8,1631,0,0,0,1631
06/08/2019,LAS,NV,AWP,WE,Towers with Radar,900,87,94,4,1085,0,322,17,4,343,900,409,111,8,1428,0,0,0,1428
06/09/2019,LAS,NV,AWP,WE,Towers with Radar,1052,123,119,4,1298,0,268,4,2,274,1052,391,123,6,1572,0,0,0,1572
06/10/2019,LAS,NV,AWP,WE,Towers with Radar,1097,91,91,6,1285,0,288,16,0,304,1097,379,107,6,1589,0,0,0,1589
06/11/2019,LAS,NV,AWP,WE,Towers with Radar,1032,84,67,1,1184,0,303,22,3,328,1032,387,89,4,1512,0,0,0,1512
06/12/2019,LAS,NV,AWP,WE,Towers with Radar,1046,90,81,1,1218,0,287,12,2,301,1046,377,93,3,1519,0,0,0,1519
06/13/2019,LAS,NV,AWP,WE,Towers with Radar,1095,136,105,2,1338,0,304,14,6,324,1095,440,119,8,1662,0,0,0,1662
06/14/2019,LAS,NV,AWP,WE,Towers with Radar,1126,138,97,0,1361,0,291,9,2,302,1126,429,106,2,1663,0,0,0,1663
06/15/2019,LAS,NV,AWP,WE,Towers with Radar,893,88,91,0,1072,0,269,8,0,277,893,357,99,0,1349,0,0,0,1349
06/16/2019,LAS,NV,AWP,WE,Towers with Radar,1049,121,96,0,1266,0,272,8,1,281,1049,393,104,1,1547,0,0,0,1547
06/17/2019,LAS,NV,AWP,WE,Towers with Radar,1098,107,87,3,1295,0,311,8,2,321,1098,418,95,5,1616,0,0,0,1616
06/18/2019,LAS,NV,AWP,WE,Towers with Radar,1026,80,66,1,1173,0,331,10,5,346,1026,411,76,6,1519,0,0,0,1519
06/19/2019,LAS,NV,AWP,WE,Towers with Radar,1038,90,79,0,1207,0,293,12,4,309,1038,383,91,4,1516,0,0,0,1516
06/20/2019,LAS,NV,AWP,WE,Towers with Radar,1105,111,86,2,1304,0,283,7,2,292,1105,394,93,4,1596,0,0,0,1596
06/21/2019,LAS,NV,AWP,WE,Towers with Radar,1115,116,93,0,1324,0,289,16,1,306,1115,405,109,1,1630,0,0,0,1630
06/22/2019,LAS,NV,AWP,WE,Towers with Radar,921,71,59,0,1051,0,297,5,0,302,921,368,64,0,1353,0,0,0,1353
06/23/2019,LAS,NV,AWP,WE,Towers with Radar,1062,99,98,1,1260,0,222,12,2,236,1062,321,110,3,1496,0,0,0,1496
06/24/2019,LAS,NV,AWP,WE,Towers with Radar,1100,81,94,1,1276,0,265,8,0,273,1100,346,102,1,1549,0,0,0,1549
06/25/2019,LAS,NV,AWP,WE,Towers with Radar,1039,75,50,3,1167,0,279,28,0,307,1039,354,78,3,1474,0,0,0,1474
06/26/2019,LAS,NV,AWP,WE,Towers with Radar,1065,75,53,1,1194,0,290,13,4,307,1065,365,66,5,1501,0,0,0,1501
06/27/2019,LAS,NV,AWP,WE,Towers with Radar,1122,92,92,3,1309,0,265,9,0,274,1122,357,101,3,1583,0,0,0,1583
06/28/2019,LAS,NV,AWP,WE,Towers with Radar,1108,146,83,3,1340,0,274,15,1,290,1108,420,98,4,1630,0,0,0,1630
06/29/2019,LAS,NV,AWP,WE,Towers with Radar,887,93,63,0,1043,0,294,7,0,301,887,387,70,0,1344,0,0,0,1344
06/30/2019,LAS,NV,AWP,WE,Towers with Radar,1075,133,100,0,1308,0,261,15,0,276,1075,394,115,0,1584,0,0,0,1584
07/01/2019,LAS,NV,AWP,WE,Towers with Radar,1084,95,66,0,1245,12,255,7,2,276,1096,350,73,2,1521,0,0,0,1521
07/02/2019,LAS,NV,AWP,WE,Towers with Radar,1007,69,59,0,1135,0,300,8,1,309,1007,369,67,1,1444,0,0,0,1444
07/03/2019,LAS,NV,AWP,WE,Towers with Radar,1047,81,91,0,1219,0,308,19,0,327,1047,389,110,0,1546,0,0,0,1546
07/04/2019,LAS,NV,AWP,WE,Towers with Radar,904,76,48,0,1028,0,270,8,0,278,904,346,56,0,1306,0,0,0,1306
07/05/2019,LAS,NV,AWP,WE,Towers with Radar,969,107,93,1,1170,0,354,6,0,360,969,461,99,1,1530,0,0,0,1530
07/06/2019,LAS,NV,AWP,WE,Towers with Radar,882,84,95,3,1064,0,329,7,0,336,882,413,102,3,1400,0,0,0,1400
07/07/2019,LAS,NV,AWP,WE,Towers with Radar,1073,115,141,2,1331,0,289,7,1,297,1073,404,148,3,1628,0,0,0,1628
07/08/2019,LAS,NV,AWP,WE,Towers with Radar,1101,102,91,0,1294,0,325,10,1,336,1101,427,101,1,1630,0,0,0,1630
07/09/2019,LAS,NV,AWP,WE,Towers with Radar,1052,75,95,2,1224,0,270,26,0,296,1052,345,121,2,1520,0,0,0,1520
07/10/2019,LAS,NV,AWP,WE,Towers with Radar,1056,81,88,1,1226,0,295,7,3,305,1056,376,95,4,1531,0,0,0,1531
07/11/2019,LAS,NV,AWP,WE,Towers with Radar,1095,110,87,2,1294,0,298,19,0,317,1095,408,106,2,1611,0,0,0,1611
07/12/2019,LAS,NV,AWP,WE,Towers with Radar,1129,113,96,1,1339,0,290,16,2,308,1129,403,112,3,1647,0,0,0,1647
07/13/2019,LAS,NV,AWP,WE,Towers with Radar,919,66,84,1,1070,0,276,20,1,297,919,342,104,2,1367,0,0,0,1367
07/14/2019,LAS,NV,AWP,WE,Towers with Radar,1087,95,118,2,1302,0,286,23,4,313,1087,381,141,6,1615,0,0,0,1615
07/15/2019,LAS,NV,AWP,WE,Towers with Radar,1100,90,81,1,1272,0,292,17,0,309,1100,382,98,1,1581,0,0,0,1581
07/16/2019,LAS,NV,AWP,WE,Towers with Radar,1041,82,71,0,1194,0,274,11,2,287,1041,356,82,2,1481,0,0,0,1481
07/17/2019,LAS,NV,AWP,WE,Towers with Radar,1040,113,94,1,1248,0,241,28,2,271,1040,354,122,3,1519,0,0,0,1519
07/18/2019,LAS,NV,AWP,WE,Towers with Radar,1121,107,93,2,1323,0,265,12,0,277,1121,372,105,2,1600,0,0,0,1600
07/19/2019,LAS,NV,AWP,WE,Towers with Radar,1111,125,95,0,1331,0,327,23,0,350,1111,452,118,0,1681,0,0,0,1681
07/20/2019,LAS,NV,AWP,WE,Towers with Radar,910,62,60,1,1033,0,312,16,0,328,910,374,76,1,1361,0,0,0,1361
07/21/2019,LAS,NV,AWP,WE,Towers with Radar,1092,103,103,1,1299,0,295,11,0,306,1092,398,114,1,1605,0,0,0,1605
07/22/2019,LAS,NV,AWP,WE,Towers with Radar,1112,87,55,0,1254,0,332,15,0,347,1112,419,70,0,1601,0,0,0,1601
07/23/2019,LAS,NV,AWP,WE,Towers with Radar,1047,78,79,4,1208,0,324,11,0,335,1047,402,90,4,1543,0,0,0,1543
07/24/2019,LAS,NV,AWP,WE,Towers with Radar,1072,86,82,1,1241,0,276,7,0,283,1072,362,89,1,1524,0,0,0,1524
07/25/2019,LAS,NV,AWP,WE,Towers with Radar,1125,94,96,4,1319,0,285,21,0,306,1125,379,117,4,1625,0,0,0,1625
07/26/2019,LAS,NV,AWP,WE,Towers with Radar,1117,94,85,2,1298,0,305,6,0,311,1117,399,91,2,1609,0,0,0,1609
07/27/2019,LAS,NV,AWP,WE,Towers with Radar,929,62,78,0,1069,0,292,5,0,297,929,354,83,0,1366,0,0,0,1366
07/28/2019,LAS,NV,AWP,WE,Towers with Radar,1094,108,122,2,1326,0,260,16,0,276,1094,368,138,2,1602,0,0,0,1602
07/29/2019,LAS,NV,AWP,WE,Towers with Radar,1095,93,80,0,1268,0,308,6,2,316,1095,401,86,2,1584,0,0,0,1584
07/30/2019,LAS,NV,AWP,WE,Towers with Radar,1037,81,65,0,1183,0,305,4,0,309,1037,386,69,0,1492,0,0,0,1492
07/31/2019,LAS,NV,AWP,WE,Towers with Radar,1043,70,73,1,1187,0,266,21,0,287,1043,336,94,1,1474,0,0,0,1474
08/01/2019,LAS,NV,AWP,WE,Towers with Radar,1108,94,76,1,1279,0,339,17,0,356,1108,433,93,1,1635,0,0,0,1635
08/02/2019,LAS,NV,AWP,WE,Towers with Radar,1126,112,94,2,1334,0,306,12,2,320,1126,418,106,4,1654,0,0,0,1654
08/03/2019,LAS,NV,AWP,WE,Towers with Radar,916,72,63,2,1053,0,327,7,0,334,916,399,70,2,1387,0,0,0,1387
08/04/2019,LAS,NV,AWP,WE,Towers with Radar,1097,88,73,2,1260,0,268,6,0,274,1097,356,79,2,1534,0,0,0,1534
08/05/2019,LAS,NV,AWP,WE,Towers with Radar,1109,92,87,0,1288,0,290,10,0,300,1109,382,97,0,1588,0,0,0,1588
08/06/2019,LAS,NV,AWP,WE,Towers with Radar,1051,73,71,0,1195,0,313,6,0,319,1051,386,77,0,1514,0,0,0,1514
08/07/2019,LAS,NV,AWP,WE,Towers with Radar,1035,77,63,0,1175,4,294,16,0,314,1039,371,79,0,1489,0,0,0,1489
08/08/2019,LAS,NV,AWP,WE,Towers with Radar,1138,88,86,1,1313,0,343,4,3,350,1138,431,90,4,1663,0,0,0,1663
08/09/2019,LAS,NV,AWP,WE,Towers with Radar,1159,111,95,3,1368,0,329,25,1,355,1159,440,120,4,1723,0,0,0,1723
08/10/2019,LAS,NV,AWP,WE,Towers with Radar,941,66,68,4,1079,0,291,15,0,306,941,357,83,4,1385,0,0,0,1385
08/11/2019,LAS,NV,AWP,WE,Towers with Radar,1100,94,104,2,1300,0,334,4,0,338,1100,428,108,2,1638,0,0,0,1638
08/12/2019,LAS,NV,AWP,WE,Towers with Radar,1099,93,68,3,1263,0,279,7,0,286,1099,372,75,3,1549,0,0,0,1549
08/13/2019,LAS,NV,AWP,WE,Towers with Radar,1043,74,76,0,1193,0,327,12,0,339,1043,401,88,0,1532,0,0,0,1532
08/14/2019,LAS,NV,AWP,WE,Towers with Radar,1041,103,91,2,1237,0,342,13,0,355,1041,445,104,2,1592,0,0,0,1592
08/15/2019,LAS,NV,AWP,WE,Towers with Radar,1129,116,114,1,1360,0,311,13,0,324,1129,427,127,1,1684,0,0,0,1684
08/16/2019,LAS,NV,AWP,WE,Towers with Radar,1134,111,101,2,1348,0,332,17,0,349,1134,443,118,2,1697,0,0,0,1697
08/17/2019,LAS,NV,AWP,WE,Towers with Radar,909,72,70,0,1051,0,320,21,0,341,909,392,91,0,1392,0,0,0,1392
08/18/2019,LAS,NV,AWP,WE,Towers with Radar,1066,100,95,1,1262,0,273,11,0,284,1066,373,106,1,1546,0,0,0,1546
08/19/2019,LAS,NV,AWP,WE,Towers with Radar,1110,86,68,2,1266,0,316,9,0,325,1110,402,77,2,1591,0,0,0,1591
08/20/2019,LAS,NV,AWP,WE,Towers with Radar,1021,70,70,4,1165,0,310,8,2,320,1021,380,78,6,1485,0,0,0,1485
08/21/2019,LAS,NV,AWP,WE,Towers with Radar,1034,100,82,2,1218,0,276,12,0,288,1034,376,94,2,1506,0,0,0,1506
08/22/2019,LAS,NV,AWP,WE,Towers with Radar,1139,110,93,0,1342,0,297,30,0,327,1139,407,123,0,1669,0,0,0,1669
08/23/2019,LAS,NV,AWP,WE,Towers with Radar,1138,113,100,2,1353,0,310,9,4,323,1138,423,109,6,1676,0,0,0,1676
08/24/2019,LAS,NV,AWP,WE,Towers with Radar,916,68,77,0,1061,0,305,4,1,310,916,373,81,1,1371,0,0,0,1371
08/25/2019,LAS,NV,AWP,WE,Towers with Radar,1094,117,119,1,1331,0,290,11,1,302,1094,407,130,2,1633,0,0,0,1633
08/26/2019,LAS,NV,AWP,WE,Towers with Radar,1112,71,70,0,1253,0,272,4,0,276,1112,343,74,0,1529,0,0,0,1529
08/27/2019,LAS,NV,AWP,WE,Towers with Radar,1022,65,53,1,1141,0,266,8,4,278,1022,331,61,5,1419,0,0,0,1419
08/28/2019,LAS,NV,AWP,WE,Towers with Radar,1062,68,79,1,1210,0,248,8,5,261,1062,316,87,6,1471,0,0,0,1471
08/29/2019,LAS,NV,AWP,WE,Towers with Radar,1144,112,91,3,1350,0,243,9,1,253,1144,355,100,4,1603,0,0,0,1603
08/30/2019,LAS,NV,AWP,WE,Towers with Radar,1082,106,124,0,1312,0,278,21,0,299,1082,384,145,0,1611,0,0,0,1611
08/31/2019,LAS,NV,AWP,WE,Towers with Radar,820,73,79,0,972,0,263,12,0,275,820,336,91,0,1247,0,0,0,1247
09/01/2019,LAS,NV,AWP,WE,Towers with Radar,993,95,77,0,1165,0,286,12,0,298,993,381,89,0,1463,0,0,0,1463
09/02/2019,LAS,NV,AWP,WE,Towers with Radar,1049,116,116,0,1281,0,267,12,0,279,1049,383,128,0,1560,0,0,0,1560
09/03/2019,LAS,NV,AWP,WE,Towers with Radar,1002,73,70,4,1149,0,261,14,4,279,1002,334,84,8,1428,0,0,0,1428
09/04/2019,LAS,NV,AWP,WE,Towers with Radar,1013,94,79,1,1187,0,265,13,2,280,1013,359,92,3,1467,0,0,0,1467
09/05/2019,LAS,NV,AWP,WE,Towers with Radar,1146,101,59,1,1307,0,286,15,1,302,1146,387,74,2,1609,0,0,0,1609
09/06/2019,LAS,NV,AWP,WE,Towers with Radar,1114,117,102,2,1335,0,293,14,2,309,1114,410,116,4,1644,0,0,0,1644
09/07/2019,LAS,NV,AWP,WE,Towers with Radar,894,97,92,3,1086,0,286,16,0,302,894,383,108,3,1388,0,0,0,1388
09/08/2019,LAS,NV,AWP,WE,Towers with Radar,1119,99,126,1,1345,0,288,11,2,301,1119,387,137,3,1646,0,0,0,1646
09/09/2019,LAS,NV,AWP,WE,Towers with Radar,1130,109,105,1,1345,0,341,6,0,347,1130,450,111,1,1692,0,0,0,1692
09/10/2019,LAS,NV,AWP,WE,Towers with Radar,1017,104,153,6,1280,0,321,8,0,329,1017,425,161,6,1609,0,0,0,1609
09/11/2019,LAS,NV,AWP,WE,Towers with Radar,999,103,132,0,1234,0,280,10,0,290,999,383,142,0,1524,0,0,0,1524
09/12/2019,LAS,NV,AWP,WE,Towers with Radar,1168,124,145,0,1437,0,297,13,0,310,1168,421,158,0,1747,0,0,0,1747
09/13/2019,LAS,NV,AWP,WE,Towers with Radar,1179,126,160,0,1465,0,309,24,0,333,1179,435,184,0,1798,0,0,0,1798
09/14/2019,LAS,NV,AWP,WE,Towers with Radar,917,99,113,0,1129,0,333,11,0,344,917,432,124,0,1473,0,0,0,1473
09/15/2019,LAS,NV,AWP,WE,Towers with Radar,1127,135,162,0,1424,0,314,20,0,334,1127,449,182,0,1758,0,0,0,1758
09/16/2019,LAS,NV,AWP,WE,Towers with Radar,1144,95,104,0,1343,0,308,5,1,314,1144,403,109,1,1657,0,0,0,1657
09/17/2019,LAS,NV,AWP,WE,Towers with Radar,1041,102,82,1,1226,0,336,8,6,350,1041,438,90,7,1576,0,0,0,1576
09/18/2019,LAS,NV,AWP,WE,Towers with Radar,1017,97,87,0,1201,0,300,8,0,308,1017,397,95,0,1509,0,0,0,1509
09/19/2019,LAS,NV,AWP,WE,Towers with Radar,1155,120,89,1,1365,0,310,14,2,326,1155,430,103,3,1691,0,0,0,1691
09/20/2019,LAS,NV,AWP,WE,Towers with Radar,1150,145,117,0,1412,0,307,14,2,323,1150,452,131,2,1735,0,0,0,1735
09/21/2019,LAS,NV,AWP,WE,Towers with Radar,910,99,81,0,1090,0,316,10,0,326,910,415,91,0,1416,0,0,0,1416
09/22/2019,LAS,NV,AWP,WE,Towers with Radar,1123,120,170,0,1413,0,292,25,0,317,1123,412,195,0,1730,0,0,0,1730
09/23/2019,LAS,NV,AWP,WE,Towers with Radar,1114,120,115,0,1349,0,262,17,2,281,1114,382,132,2,1630,0,0,0,1630
09/24/2019,LAS,NV,AWP,WE,Towers with Radar,1041,112,120,0,1273,0,270,16,2,288,1041,382,136,2,1561,0,0,0,1561
09/25/2019,LAS,NV,AWP,WE,Towers with Radar,1022,92,108,2,1224,0,273,12,0,285,1022,365,120,2,1509,0,0,0,1509
09/26/2019,LAS,NV,AWP,WE,Towers with Radar,1182,112,109,0,1403,0,315,22,0,337,1182,427,131,0,1740,0,0,0,1740
09/27/2019,LAS,NV,AWP,WE,Towers with Radar,1142,134,138,2,1416,0,342,21,1,364,1142,476,159,3,1780,0,0,0,1780
09/28/2019,LAS,NV,AWP,WE,Towers with Radar,922,88,77,0,1087,0,297,9,1,307,922,385,86,1,1394,0,0,0,1394
09/29/2019,LAS,NV,AWP,WE,Towers with Radar,1125,133,126,3,1387,0,269,16,0,285,1125,402,142,3,1672,0,0,0,1672
09/30/2019,LAS,NV,AWP,WE,Towers with Radar,1128,93,61,1,1283,0,325,4,1,330,1128,418,65,2,1613,0,0,0,1613
10/01/2019,LAS,NV,AWP,WE,Towers with Radar,1027,84,64,0,1175,0,282,11,2,295,1027,366,75,2,1470,0,0,0,1470
10/02/2019,LAS,NV,AWP,WE,Towers with Radar,1021,113,99,2,1235,0,271,21,0,292,1021,384,120,2,1527,0,0,0,1527
10/03/2019,LAS,NV,AWP,WE,Towers with Radar,1184,131,114,0,1429,0,331,10,2,343,1184,462,124,2,1772,0,0,0,1772
10/04/2019,LAS,NV,AWP,WE,Towers with Radar,1167,129,119,1,1416,0,304,19,0,323,1167,433,138,1,1739,0,0,0,1739
10/05/2019,LAS,NV,AWP,WE,Towers with Radar,911,93,60,0,1064,0,344,22,1,367,911,437,82,1,1431,0,0,0,1431
10/06/2019,LAS,NV,AWP,WE,Towers with Radar,1152,120,145,1,1418,0,284,11,0,295,1152,404,156,1,1713,0,0,0,1713
10/07/2019,LAS,NV,AWP,WE,Towers with Radar,1158,94,64,0,1316,0,329,4,3,336,1158,423,68,3,1652,0,0,0,1652
10/08/2019,LAS,NV,AWP,WE,Towers with Radar,1046,87,43,1,1177,0,317,9,4,330,1046,404,52,5,1507,0,0,0,1507
10/09/2019,LAS,NV,AWP,WE,Towers with Radar,1045,94,65,2,1206,0,293,15,0,308,1045,387,80,2,1514,0,0,0,1514
10/10/2019,LAS,NV,AWP,WE,Towers with Radar,1199,123,103,0,1425,0,291,5,2,298,1199,414,108,2,1723,0,0,0,1723
10/11/2019,LAS,NV,AWP,WE,Towers with Radar,1174,144,127,1,1446,0,325,13,6,344,1174,469,140,7,1790,0,0,0,1790
10/12/2019,LAS,NV,AWP,WE,Towers with Radar,925,101,98,2,1126,0,323,16,1,340,925,424,114,3,1466,0,0,0,1466
10/13/2019,LAS,NV,AWP,WE,Towers with Radar,1141,133,112,5,1391,0,307,14,0,321,1141,440,126,5,1712,0,0,0,1712
10/14/2019,LAS,NV,AWP,WE,Towers with Radar,1136,108,105,7,1356,0,281,16,0,297,1136,389,121,7,1653,0,0,0,1653
10/15/2019,LAS,NV,AWP,WE,Towers with Radar,1049,119,92,9,1269,0,282,2,0,284,1049,401,94,9,1553,0,0,0,1553
10/16/2019,LAS,NV,AWP,WE,Towers with Radar,1051,96,111,1,1259,0,259,20,0,279,1051,355,131,1,1538,0,0,0,1538
10/17/2019,LAS,NV,AWP,WE,Towers with Radar,1191,142,117,1,1451,0,297,27,2,326,1191,439,144,3,1777,0,0,0,1777
10/18/2019,LAS,NV,AWP,WE,Towers with Radar,1189,158,129,1,1477,0,308,12,2,322,1189,466,141,3,1799,0,0,0,1799
10/19/2019,LAS,NV,AWP,WE,Towers with Radar,924,104,101,3,1132,0,320,7,0,327,924,424,108,3,1459,0,0,0,1459
10/20/2019,LAS,NV,AWP,WE,Towers with Radar,1167,145,168,5,1485,0,287,21,1,309,1167,432,189,6,1794,0,0,0,1794
10/21/2019,LAS,NV,AWP,WE,Towers with Radar,1168,137,193,0,1498,0,311,7,0,318,1168,448,200,0,1816,0,0,0,1816
10/22/2019,LAS,NV,AWP,WE,Towers with Radar,1049,108,143,1,1301,0,285,5,0,290,1049,393,148,1,1591,0,0,0,1591
10/23/2019,LAS,NV,AWP,WE,Towers with Radar,1052,109,197,0,1358,0,237,7,1,245,1052,346,204,1,1603,0,0,0,1603
10/24/2019,LAS,NV,AWP,WE,Towers with Radar,1175,140,238,1,1554,0,280,8,0,288,1175,420,246,1,1842,0,0,0,1842
10/25/2019,LAS,NV,AWP,WE,Towers with Radar,1193,116,140,0,1449,0,308,15,0,323,1193,424,155,0,1772,0,0,0,1772
10/26/2019,LAS,NV,AWP,WE,Towers with Radar,896,83,77,2,1058,0,332,7,4,343,896,415,84,6,1401,0,0,0,1401
10/27/2019,LAS,NV,AWP,WE,Towers with Radar,1145,146,149,0,1440,0,237,5,2,244,1145,383,154,2,1684,0,0,0,1684
10/28/2019,LAS,NV,AWP,WE,Towers with Radar,1156,106,102,0,1364,0,234,3,0,237,1156,340,105,0,1601,0,0,0,1601
10/29/2019,LAS,NV,AWP,WE,Towers with Radar,1032,100,94,2,1228,0,249,5,1,255,1032,349,99,3,1483,0,0,0,1483
10/30/2019,LAS,NV,AWP,WE,Towers with Radar,1039,107,104,3,1253,0,272,4,4,280,1039,379,108,7,1533,0,0,0,1533
10/31/2019,LAS,NV,AWP,WE,Towers with Radar,1080,114,106,0,1300,0,230,9,0,239,1080,344,115,0,1539,0,0,0,1539
11/01/2019,LAS,NV,AWP,WE,Towers with Radar,1134,141,157,2,1434,0,266,13,0,279,1134,407,170,2,1713,0,0,0,1713
11/02/2019,LAS,NV,AWP,WE,Towers with Radar,901,90,99,3,1093,0,302,14,0,316,901,392,113,3,1409,0,0,0,1409
11/03/2019,LAS,NV,AWP,WE,Towers with Radar,1136,134,170,3,1443,0,235,12,0,247,1136,369,182,3,1690,0,0,0,1690
11/04/2019,LAS,NV,AWP,WE,Towers with Radar,1075,125,115,6,1321,0,238,8,0,246,1075,363,123,6,1567,0,0,0,1567
11/05/2019,LAS,NV,AWP,WE,Towers with Radar,953,92,128,4,1177,0,181,13,2,196,953,273,141,6,1373,0,0,0,1373
11/06/2019,LAS,NV,AWP,WE,Towers with Radar,970,84,140,0,1194,0,218,15,2,235,970,302,155,2,1429,0,0,0,1429
11/07/2019,LAS,NV,AWP,WE,Towers with Radar,1110,115,146,0,1371,0,254,12,0,266,1110,369,158,0,1637,0,0,0,1637
11/08/2019,LAS,NV,AWP,WE,Towers with Radar,1112,134,165,2,1413,0,281,26,2,309,1112,415,191,4,1722,0,0,0,1722
11/09/2019,LAS,NV,AWP,WE,Towers with Radar,909,89,74,1,1073,0,340,10,0,350,909,429,84,1,1423,0,0,0,1423
11/10/2019,LAS,NV,AWP,WE,Towers with Radar,1132,118,144,1,1395,0,335,10,0,345,1132,453,154,1,1740,0,0,0,1740
11/11/2019,LAS,NV,AWP,WE,Towers with Radar,1010,112,133,2,1257,0,279,15,0,294,1010,391,148,2,1551,0,0,0,1551
11/12/2019,LAS,NV,AWP,WE,Towers with Radar,974,91,109,1,1175,0,181,6,0,187,974,272,115,1,1362,0,0,0,1362
11/13/2019,LAS,NV,AWP,WE,Towers with Radar,996,112,117,1,1226,0,188,9,2,199,996,300,126,3,1425,0,0,0,1425
11/14/2019,LAS,NV,AWP,WE,Towers with Radar,1095,134,129,1,1359,0,208,14,0,222,1095,342,143,1,1581,0,0,0,1581
11/15/2019,LAS,NV,AWP,WE,Towers with Radar,1109,155,162,1,1427,0,316,11,0,327,1109,471,173,1,1754,0,0,0,1754
11/16/2019,LAS,NV,AWP,WE,Towers with Radar,919,78,69,0,1066,0,346,6,0,352,919,424,75,0,1418,0,0,0,1418
11/17/2019,LAS,NV,AWP,WE,Towers with Radar,1137,128,153,2,1420,0,158,28,0,186,1137,286,181,2,1606,0,0,0,1606
11/18/2019,LAS,NV,AWP,WE,Towers with Radar,1078,103,94,3,1278,0,277,8,1,286,1078,380,102,4,1564,0,0,0,1564
11/19/2019,LAS,NV,AWP,WE,Towers with Radar,978,74,82,0,1134,0,223,15,3,241,978,297,97,3,1375,0,0,0,1375
11/20/2019,LAS,NV,AWP,WE,Towers with Radar,934,87,62,2,1085,0,124,0,0,124,934,211,62,2,1209,0,0,0,1209
11/21/2019,LAS,NV,AWP,WE,Towers with Radar,1082,97,95,2,1276,0,179,5,0,184,1082,276,100,2,1460,0,0,0,1460
11/22/2019,LAS,NV,AWP,WE,Towers with Radar,1100,100,115,2,1317,0,273,17,4,294,1100,373,132,6,1611,0,0,0,1611
11/23/2019,LAS,NV,AWP,WE,Towers with Radar,894,75,76,2,1047,0,288,8,0,296,894,363,84,2,1343,0,0,0,1343
11/24/2019,LAS,NV,AWP,WE,Towers with Radar,1119,100,108,3,1330,0,240,16,0,256,1119,340,124,3,1586,0,0,0,1586
11/25/2019,LAS,NV,AWP,WE,Towers with Radar,1048,97,61,2,1208,0,251,4,3,258,1048,348,65,5,1466,0,0,0,1466
11/26/2019,LAS,NV,AWP,WE,Towers with Radar,993,82,70,0,1145,0,294,6,3,303,993,376,76,3,1448,0,0,0,1448
11/27/2019,LAS,NV,AWP,WE,Towers with Radar,1024,84,72,0,1180,0,185,11,0,196,1024,269,83,0,1376,0,0,0,1376
11/28/2019,LAS,NV,AWP,WE,Towers with Radar,783,53,37,0,873,0,24,0,0,24,783,77,37,0,897,0,0,0,897
11/29/2019,LAS,NV,AWP,WE,Towers with Radar,906,75,55,0,1036,0,281,9,0,290,906,356,64,0,1326,0,0,0,1326
11/30/2019,LAS,NV,AWP,WE,Towers with Radar,971,98,75,2,1146,0,313,16,0,329,971,411,91,2,1475,0,0,0,1475
12/01/2019,LAS,NV,AWP,WE,Towers with Radar,1071,92,117,0,1280,0,212,11,0,223,1071,304,128,0,1503,0,0,0,1503
12/02/2019,LAS,NV,AWP,WE,Towers with Radar,1076,86,67,0,1229,0,171,2,1,174,1076,257,69,1,1403,0,0,0,1403
12/03/2019,LAS,NV,AWP,WE,Towers with Radar,946,89,95,1,1131,0,143,8,1,152,946,232,103,2,1283,0,0,0,1283
12/04/2019,LAS,NV,AWP,WE,Towers with Radar,866,90,89,0,1045,0,64,1,0,65,866,154,90,0,1110,0,0,0,1110
12/05/2019,LAS,NV,AWP,WE,Towers with Radar,1108,113,126,1,1348,0,208,14,2,224,1108,321,140,3,1572,0,0,0,1572
12/06/2019,LAS,NV,AWP,WE,Towers with Radar,1062,134,149,6,1351,0,255,16,0,271,1062,389,165,6,1622,0,0,0,1622
12/07/2019,LAS,NV,AWP,WE,Towers with Radar,862,105,83,6,1056,0,175,4,1,180,862,280,87,7,1236,0,0,0,1236
12/08/2019,LAS,NV,AWP,WE,Towers with Radar,1101,127,188,9,1425,0,178,0,0,178,1101,305,188,9,1603,0,0,0,1603
12/09/2019,LAS,NV,AWP,WE,Towers with Radar,1036,100,139,2,1277,0,148,6,2,156,1036,248,145,4,1433,0,0,0,1433
12/10/2019,LAS,NV,AWP,WE,Towers with Radar,912,102,130,0,1144,0,158,12,2,172,912,260,142,2,1316,0,0,0,1316
12/11/2019,LAS,NV,AWP,WE,Towers with Radar,941,115,155,1,1212,0,137,16,2,155,941,252,171,3,1367,0,0,0,1367
12/12/2019,LAS,NV,AWP,WE,Towers with Radar,1072,129,137,1,1339,0,181,13,1,195,1072,310,150,2,1534,0,0,0,1534
12/13/2019,LAS,NV,AWP,WE,Towers with Radar,1065,139,164,0,1368,0,170,11,2,183,1065,309,175,2,1551,0,0,0,1551
12/14/2019,LAS,NV,AWP,WE,Towers with Radar,872,100,102,0,1074,0,253,8,0,261,872,353,110,0,1335,0,0,0,1335
12/15/2019,LAS,NV,AWP,WE,Towers with Radar,1106,145,152,0,1403,0,188,11,0,199,1106,333,163,0,1602,0,0,0,1602
12/16/2019,LAS,NV,AWP,WE,Towers with Radar,1049,89,73,0,1211,0,182,10,0,192,1049,271,83,0,1403,0,0,0,1403
12/17/2019,LAS,NV,AWP,WE,Towers with Radar,924,87,76,0,1087,0,185,4,1,190,924,272,80,1,1277,0,0,0,1277
12/18/2019,LAS,NV,AWP,WE,Towers with Radar,943,81,89,2,1115,0,130,13,0,143,943,211,102,2,1258,0,0,0,1258
12/19/2019,LAS,NV,AWP,WE,Towers with Radar,1058,106,83,0,1247,0,182,6,1,189,1058,288,89,1,1436,0,0,0,1436
12/20/2019,LAS,NV,AWP,WE,Towers with Radar,1059,124,102,0,1285,0,189,15,0,204,1059,313,117,0,1489,0,0,0,1489
12/21/2019,LAS,NV,AWP,WE,Towers with Radar,924,93,73,0,1090,0,239,5,0,244,924,332,78,0,1334,0,0,0,1334
12/22/2019,LAS,NV,AWP,WE,Towers with Radar,1013,87,81,0,1181,0,230,11,0,241,1013,317,92,0,1422,0,0,0,1422
12/23/2019,LAS,NV,AWP,WE,Towers with Radar,1034,100,69,0,1203,0,210,15,0,225,1034,310,84,0,1428,0,0,0,1428
12/24/2019,LAS,NV,AWP,WE,Towers with Radar,856,64,37,0,957,0,132,1,0,133,856,196,38,0,1090,0,0,0,1090
12/25/2019,LAS,NV,AWP,WE,Towers with Radar,822,49,39,0,910,0,270,1,0,271,822,319,40,0,1181,0,0,0,1181
12/26/2019,LAS,NV,AWP,WE,Towers with Radar,944,89,97,0,1130,0,282,0,0,282,944,371,97,0,1412,0,0,0,1412
12/27/2019,LAS,NV,AWP,WE,Towers with Radar,1102,107,112,0,1321,0,215,7,0,222,1102,322,119,0,1543,0,0,0,1543
12/28/2019,LAS,NV,AWP,WE,Towers with Radar,903,83,88,0,1074,0,370,7,0,377,903,453,95,0,1451,0,0,0,1451
12/29/2019,LAS,NV,AWP,WE,Towers with Radar,1010,100,108,0,1218,0,373,14,3,390,1010,473,122,3,1608,0,0,0,1608
12/30/2019,LAS,NV,AWP,WE,Towers with Radar,1020,141,153,0,1314,0,450,21,1,472,1020,591,174,1,1786,0,0,0,1786
12/31/2019,LAS,NV,AWP,WE,Towers with Radar,864,94,64,5,1027,0,313,14,1,328,864,407,78,6,1355,0,0,0,1355
01/01/2020,LAS,NV,AWP,WE,Towers with Radar,897,112,115,0,1124,0,392,7,0,399,897,504,122,0,1523,0,0,0,1523
01/02/2020,LAS,NV,AWP,WE,Towers with Radar,1052,110,136,0,1298,0,398,6,0,404,1052,508,142,0,1702,0,0,0,1702
01/03/2020,LAS,NV,AWP,WE,Towers with Radar,1059,113,112,1,1285,0,321,14,0,335,1059,434,126,1,1620,0,0,0,1620
01/04/2020,LAS,NV,AWP,WE,Towers with Radar,924,75,71,0,1070,0,261,17,0,278,924,336,88,0,1348,0,0,0,1348
01/05/2020,LAS,NV,AWP,WE,Towers with Radar,1162,83,97,1,1343,0,192,10,0,202,1162,275,107,1,1545,0,0,0,1545
01/06/2020,LAS,NV,AWP,WE,Towers with Radar,1287,135,124,0,1546,0,146,14,0,160,1287,281,138,0,1706,0,0,0,1706
01/07/2020,LAS,NV,AWP,WE,Towers with Radar,1030,159,143,0,1332,0,86,17,0,103,1030,245,160,0,1435,0,0,0,1435
01/08/2020,LAS,NV,AWP,WE,Towers with Radar,1005,159,145,1,1310,0,105,6,4,115,1005,264,151,5,1425,0,0,0,1425
01/09/2020,LAS,NV,AWP,WE,Towers with Radar,1226,157,166,5,1554,0,123,10,0,133,1226,280,176,5,1687,0,0,0,1687
01/10/2020,LAS,NV,AWP,WE,Towers with Radar,1240,146,145,1,1532,0,195,9,0,204,1240,341,154,1,1736,0,0,0,1736
01/11/2020,LAS,NV,AWP,WE,Towers with Radar,938,78,84,2,1102,0,284,2,0,286,938,362,86,2,1388,0,0,0,1388
01/12/2020,LAS,NV,AWP,WE,Towers with Radar,1113,92,92,4,1301,0,188,11,0,199,1113,280,103,4,1500,0,0,0,1500
01/13/2020,LAS,NV,AWP,WE,Towers with Radar,1115,86,74,1,1276,0,129,20,0,149,1115,215,94,1,1425,0,0,0,1425
01/14/2020,LAS,NV,AWP,WE,Towers with Radar,963,83,70,4,1120,0,148,11,0,159,963,231,81,4,1279,0,0,0,1279
01/15/2020,LAS,NV,AWP,WE,Towers with Radar,975,89,92,2,1158,0,367,14,2,383,975,456,106,4,1541,0,0,0,1541
01/16/2020,LAS,NV,AWP,WE,Towers with Radar,1106,91,98,2,1297,0,172,33,0,205,1106,263,131,2,1502,0,0,0,1502
01/17/2020,LAS,NV,AWP,WE,Towers with Radar,1103,107,148,1,1359,0,246,17,0,263,1103,353,165,1,1622,0,0,0,1622
01/18/2020,LAS,NV,AWP,WE,Towers with Radar,837,102,98,1,1038,0,232,13,2,247,837,334,111,3,1285,0,0,0,1285
01/19/2020,LAS,NV,AWP,WE,Towers with Radar,1067,113,150,0,1330,0,202,17,0,219,1067,315,167,0,1549,0,0,0,1549
01/20/2020,LAS,NV,AWP,WE,Towers with Radar,1047,117,168,0,1332,0,199,9,2,210,1047,316,177,2,1542,0,0,0,1542
01/21/2020,LAS,NV,AWP,WE,Towers with Radar,960,115,129,1,1205,0,123,16,2,141,960,238,145,3,1346,0,0,0,1346
01/22/2020,LAS,NV,AWP,WE,Towers with Radar,976,102,132,0,1210,0,161,18,2,181,976,263,150,2,1391,0,0,0,1391
01/23/2020,LAS,NV,AWP,WE,Towers with Radar,1121,133,170,0,1424,0,176,19,1,196,1121,309,189,1,1620,0,0,0,1620
01/24/2020,LAS,NV,AWP,WE,Towers with Radar,1102,129,181,6,1418,0,230,22,7,259,1102,359,203,13,1677,0,0,0,1677
01/25/2020,LAS,NV,AWP,WE,Towers with Radar,853,71,75,4,1003,0,281,6,0,287,853,352,81,4,1290,0,0,0,1290
01/26/2020,LAS,NV,AWP,WE,Towers with Radar,1101,117,137,5,1360,0,210,10,0,220,1101,327,147,5,1580,0,0,0,1580
01/27/2020,LAS,NV,AWP,WE,Towers with Radar,1080,88,102,5,1275,0,146,6,2,154,1080,234,108,7,1429,0,0,0,1429
01/28/2020,LAS,NV,AWP,WE,Towers with Radar,965,86,89,1,1141,0,148,6,0,154,965,234,95,1,1295,0,0,0,1295
01/29/2020,LAS,NV,AWP,WE,Towers with Radar,973,77,103,1,1154,0,129,8,2,139,973,206,111,3,1293,0,0,0,1293
01/30/2020,LAS,NV,AWP,WE,Towers with Radar,1128,112,105,1,1346,0,169,4,0,173,1128,281,109,1,1519,0,0,0,1519
01/31/2020,LAS,NV,AWP,WE,Towers with Radar,1097,136,166,1,1400,0,155,6,3,164,1097,291,172,4,1564,0,0,0,1564
02/01/2020,LAS,NV,AWP,WE,Towers with Radar,849,102,96,0,1047,0,213,19,0,232,849,315,115,0,1279,0,0,0,1279
02/02/2020,LAS,NV,AWP,WE,Towers with Radar,1060,114,107,2,1283,0,128,11,0,139,1060,242,118,2,1422,0,0,0,1422
02/03/2020,LAS,NV,AWP,WE,Towers with Radar,1103,159,169,0,1431,0,112,3,0,115,1103,271,172,0,1546,0,0,0,1546
02/04/2020,LAS,NV,AWP,WE,Towers with Radar,949,85,104,0,1138,0,121,13,0,134,949,206,117,0,1272,0,0,0,1272
02/05/2020,LAS,NV,AWP,WE,Towers with Radar,979,74,78,1,1132,0,130,12,0,142,979,204,90,1,1274,0,0,0,1274
02/06/2020,LAS,NV,AWP,WE,Towers with Radar,1081,109,108,2,1300,0,156,9,0,165,1081,265,117,2,1465,0,0,0,1465
02/07/2020,LAS,NV,AWP,WE,Towers with Radar,1098,121,125,6,1350,0,195,14,0,209,1098,316,139,6,1559,0,0,0,1559
02/08/2020,LAS,NV,AWP,WE,Towers with Radar,857,71,70,3,1001,0,220,16,2,238,857,291,86,5,1239,0,0,0,1239
02/09/2020,LAS,NV,AWP,WE,Towers with Radar,1077,101,95,0,1273,0,155,2,1,158,1077,256,97,1,1431,0,0,0,1431
02/10/2020,LAS,NV,AWP,WE,Towers with Radar,1097,101,88,7,1293,0,116,7,0,123,1097,217,95,7,1416,0,0,0,1416
02/11/2020,LAS,NV,AWP,WE,Towers with Radar,959,90,97,2,1148,0,156,8,2,166,959,246,105,4,1314,0,0,0,1314
02/12/2020,LAS,NV,AWP,WE,Towers with Radar,981,88,86,6,1161,1,148,6,0,155,982,236,92,6,1316,0,0,0,1316
02/13/2020,LAS,NV,AWP,WE,Towers with Radar,1111,134,118,0,1363,0,169,12,0,181,1111,303,130,0,1544,0,0,0,1544
02/14/2020,LAS,NV,AWP,WE,Towers with Radar,1084,159,144,0,1387,0,305,9,0,314,1084,464,153,0,1701,0,0,0,1701
02/15/2020,LAS,NV,AWP,WE,Towers with Radar,883,109,101,1,1094,0,205,10,2,217,883,314,111,3,1311,0,0,0,1311
02/16/2020,LAS,NV,AWP,WE,Towers with Radar,1073,136,140,4,1353,0,191,17,5,213,1073,327,157,9,1566,0,0,0,1566
02/17/2020,LAS,NV,AWP,WE,Towers with Radar,1069,174,136,4,1383,0,169,19,1,189,1069,343,155,5,1572,0,0,0,1572
02/18/2020,LAS,NV,AWP,WE,Towers with Radar,999,105,86,6,1196,0,192,8,7,207,999,297,94,13,1403,0,0,0,1403
02/19/2020,LAS,NV,AWP,WE,Towers with Radar,1011,102,59,5,1177,0,195,8,4,207,1011,297,67,9,1384,0,0,0,1384
02/20/2020,LAS,NV,AWP,WE,Towers with Radar,1122,77,90,6,1295,0,81,6,7,94,1122,158,96,13,1389,0,0,0,1389
02/21/2020,LAS,NV,AWP,WE,Towers with Radar,1106,91,105,9,1311,0,141,1,0,142,1106,232,106,9,1453,0,0,0,1453
02/22/2020,LAS,NV,AWP,WE,Towers with Radar,878,110,145,5,1138,0,154,11,0,165,878,264,156,5,1303,0,0,0,1303
02/23/2020,LAS,NV,AWP,WE,Towers with Radar,1111,158,215,1,1485,0,324,17,2,343,1111,482,232,3,1828,0,0,0,1828
02/24/2020,LAS,NV,AWP,WE,Towers with Radar,1107,113,85,1,1306,0,235,6,0,241,1107,348,91,1,1547,0,0,0,1547
02/25/2020,LAS,NV,AWP,WE,Towers with Radar,1005,101,91,2,1199,0,177,13,0,190,1005,278,104,2,1389,0,0,0,1389
02/26/2020,LAS,NV,AWP,WE,Towers with Radar,1009,81,102,0,1192,0,140,26,0,166,1009,221,128,0,1358,0,0,0,1358
02/27/2020,LAS,NV,AWP,WE,Towers with Radar,1117,113,85,1,1316,0,174,23,2,199,1117,287,108,3,1515,0,0,0,1515
02/28/2020,LAS,NV,AWP,WE,Towers with Radar,1121,119,96,0,1336,0,192,14,2,208,1121,311,110,2,1544,0,0,0,1544
02/29/2020,LAS,NV,AWP,WE,Towers with Radar,878,79,46,1,1004,0,191,15,0,206,878,270,61,1,1210,0,0,0,1210
03/01/2020,LAS,NV,AWP,WE,Towers with Radar,1096,130,72,1,1299,0,127,3,1,131,1096,257,75,2,1430,0,0,0,1430
03/02/2020,LAS,NV,AWP,WE,Towers with Radar,1110,110,94,0,1314,0,129,2,0,131,1110,239,96,0,1445,0,0,0,1445
03/03/2020,LAS,NV,AWP,WE,Towers with Radar,994,99,73,0,1166,0,135,24,0,159,994,234,97,0,1325,0,0,0,1325
03/04/2020,LAS,NV,AWP,WE,Towers with Radar,1019,101,94,1,1215,0,168,10,3,181,1019,269,104,4,1396,0,0,0,1396
03/05/2020,LAS,NV,AWP,WE,Towers with Radar,1125,102,106,2,1335,0,151,31,0,182,1125,253,137,2,1517,0,0,0,1517
03/06/2020,LAS,NV,AWP,WE,Towers with Radar,1112,120,109,4,1345,0,166,9,0,175,1112,286,118,4,1520,0,0,0,1520
03/07/2020,LAS,NV,AWP,WE,Towers with Radar,932,104,103,3,1142,0,246,14,2,262,932,350,117,5,1404,0,0,0,1404
03/08/2020,LAS,NV,AWP,WE,Towers with Radar,1112,126,161,4,1403,0,186,7,2,195,1112,312,168,6,1598,0,0,0,1598
03/09/2020,LAS,NV,AWP,WE,Towers with Radar,1151,122,111,6,1390,0,226,23,7,256,1151,348,134,13,1646,0,0,0,1646
03/10/2020,LAS,NV,AWP,WE,Towers with Radar,885,96,117,4,1102,0,104,5,1,110,885,200,122,5,1212,0,0,0,1212
03/11/2020,LAS,NV,AWP,WE,Towers with Radar,993,97,113,4,1207,0,135,6,2,143,993,232,119,6,1350,0,0,0,1350
03/12/2020,LAS,NV,AWP,WE,Towers with Radar,1138,119,142,1,1400,0,185,14,2,201,1138,304,156,3,1601,0,0,0,1601
03/13/2020,LAS,NV,AWP,WE,Towers with Radar,1111,126,127,1,1365,0,144,7,0,151,1111,270,134,1,1516,0,0,0,1516
03/14/2020,LAS,NV,AWP,WE,Towers with Radar,969,71,80,2,1122,0,187,1,1,189,969,258,81,3,1311,0,0,0,1311
03/15/2020,LAS,NV,AWP,WE,Towers with Radar,1112,98,73,0,1283,0,159,3,0,162,1112,257,76,0,1445,0,0,0,1445
03/16/2020,LAS,NV,AWP,WE,Towers with Radar,1133,84,57,0,1274,0,113,4,0,117,1133,197,61,0,1391,0,0,0,1391
03/17/2020,LAS,NV,AWP,WE,Towers with Radar,960,73,50,0,1083,0,79,0,0,79,960,152,50,0,1162,0,0,0,1162
03/18/2020,LAS,NV,AWP,WE,Towers with Radar,869,50,35,0,954,9,10,4,0,23,878,60,39,0,977,0,0,0,977
03/19/2020,LAS,NV,AWP,WE,Towers with Radar,290,18,10,0,318,86,7,4,0,97,376,25,14,0,415,0,0,0,415
03/20/2020,LAS,NV,AWP,WE,Towers with Radar,197,11,8,0,216,74,7,4,0,85,271,18,12,0,301,0,0,0,301
03/21/2020,LAS,NV,AWP,WE,Towers with Radar,232,10,6,0,248,97,5,4,0,106,329,15,10,0,354,0,0,0,354
03/22/2020,LAS,NV,AWP,WE,Towers with Radar,235,5,1,0,241,127,10,1,0,138,362,15,2,0,379,0,0,0,379
03/23/2020,LAS,NV,AWP,WE,Towers with Radar,248,12,4,0,264,117,8,1,0,126,365,20,5,0,390,0,0,0,390
03/24/2020,LAS,NV,AWP,WE,Towers with Radar,240,10,3,0,253,144,13,3,0,160,384,23,6,0,413,0,0,0,413
03/25/2020,LAS,NV,AWP,WE,Towers with Radar,385,20,1,0,406,24,3,5,0,32,409,23,6,0,438,0,0,0,438
03/26/2020,LAS,NV,AWP,WE,Towers with Radar,419,18,18,0,455,0,0,1,0,1,419,18,19,0,456,0,0,0,456
03/27/2020,LAS,NV,AWP,WE,Towers with Radar,385,22,16,0,423,0,0,4,0,4,385,22,20,0,427,0,0,0,427
03/28/2020,LAS,NV,AWP,WE,Towers with Radar,374,16,11,0,401,0,2,6,0,8,374,18,17,0,409,0,0,0,409
03/29/2020,LAS,NV,AWP,WE,Towers with Radar,410,19,5,0,434,0,1,6,0,7,410,20,11,0,441,0,0,0,441
03/30/2020,LAS,NV,AWP,WE,Towers with Radar,396,22,15,0,433,0,2,7,3,12,396,24,22,3,445,0,0,0,445
03/31/2020,LAS,NV,AWP,WE,Towers with Radar,427,18,7,0,452,0,5,19,1,25,427,23,26,1,477,0,0,0,477
04/01/2020,LAS,NV,AWP,WE,Towers with Radar,438,21,8,0,467,0,2,12,1,15,438,23,20,1,482,0,0,0,482
04/02/2020,LAS,NV,AWP,WE,Towers with Radar,422,21,9,0,452,0,5,2,0,7,422,26,11,0,459,0,0,0,459
04/03/2020,LAS,NV,AWP,WE,Towers with Radar,427,29,14,0,470,0,1,13,0,14,427,30,27,0,484,0,0,0,484
04/04/2020,LAS,NV,AWP,WE,Towers with Radar,367,14,8,0,389,0,1,5,0,6,367,15,13,0,395,0,0,0,395
04/05/2020,LAS,NV,AWP,WE,Towers with Radar,358,16,3,4,381,0,2,3,0,5,358,18,6,4,386,0,0,0,386
04/06/2020,LAS,NV,AWP,WE,Towers with Radar,337,22,7,0,366,0,0,1,0,1,337,22,8,0,367,0,0,0,367
04/07/2020,LAS,NV,AWP,WE,Towers with Radar,305,21,9,0,335,0,0,0,0,0,305,21,9,0,335,0,0,0,335
04/08/2020,LAS,NV,AWP,WE,Towers with Radar,271,19,9,0,299,0,0,1,0,1,271,19,10,0,300,0,0,0,300
04/09/2020,LAS,NV,AWP,WE,Towers with Radar,276,20,12,0,308,0,0,2,0,2,276,20,14,0,310,0,0,0,310
04/10/2020,LAS,NV,AWP,WE,Towers with Radar,271,20,13,0,304,0,0,14,0,14,271,20,27,0,318,0,0,0,318
04/11/2020,LAS,NV,AWP,WE,Towers with Radar,255,6,5,0,266,0,0,13,3,16,255,6,18,3,282,0,0,0,282
04/12/2020,LAS,NV,AWP,WE,Towers with Radar,270,5,1,0,276,0,1,2,3,6,270,6,3,3,282,0,0,0,282
04/13/2020,LAS,NV,AWP,WE,Towers with Radar,232,22,11,0,265,0,1,6,0,7,232,23,17,0,272,0,0,0,272
04/14/2020,LAS,NV,AWP,WE,Towers with Radar,256,22,11,2,291,0,0,10,2,12,256,22,21,4,303,0,0,0,303
04/15/2020,LAS,NV,AWP,WE,Towers with Radar,229,24,19,6,278,0,0,11,0,11,229,24,30,6,289,0,0,0,289
04/16/2020,LAS,NV,AWP,WE,Towers with Radar,236,33,13,10,292,0,2,3,1,6,236,35,16,11,298,0,0,0,298
04/17/2020,LAS,NV,AWP,WE,Towers with Radar,238,25,25,8,296,0,1,4,0,5,238,26,29,8,301,0,0,0,301
04/18/2020,LAS,NV,AWP,WE,Towers with Radar,231,9,7,2,249,0,4,10,0,14,231,13,17,2,263,0,0,0,263
04/19/2020,LAS,NV,AWP,WE,Towers with Radar,229,11,10,0,250,0,0,7,0,7,229,11,17,0,257,0,0,0,257
04/20/2020,LAS,NV,AWP,WE,Towers with Radar,221,19,17,9,266,0,1,0,2,3,221,20,17,11,269,0,0,0,269
04/21/2020,LAS,NV,AWP,WE,Towers with Radar,211,21,9,10,251,0,1,4,1,6,211,22,13,11,257,0,0,0,257
04/22/2020,LAS,NV,AWP,WE,Towers with Radar,213,23,13,12,261,0,6,13,2,21,213,29,26,14,282,0,0,0,282
04/23/2020,LAS,NV,AWP,WE,Towers with Radar,232,20,14,12,278,0,0,6,2,8,232,20,20,14,286,0,0,0,286
04/24/2020,LAS,NV,AWP,WE,Towers with Radar,223,27,10,10,270,0,7,3,0,10,223,34,13,10,280,0,0,0,280
04/25/2020,LAS,NV,AWP,WE,Towers with Radar,190,12,16,13,231,0,0,8,9,17,190,12,24,22,248,0,0,0,248
04/26/2020,LAS,NV,AWP,WE,Towers with Radar,214,15,10,0,239,0,3,14,0,17,214,18,24,0,256,0,0,0,256
04/27/2020,LAS,NV,AWP,WE,Towers with Radar,188,31,17,28,264,0,0,7,1,8,188,31,24,29,272,0,0,0,272
04/28/2020,LAS,NV,AWP,WE,Towers with Radar,196,16,12,24,248,0,0,12,3,15,196,16,24,27,263,0,0,0,263
04/29/2020,LAS,NV,AWP,WE,Towers with Radar,190,21,9,38,258,0,0,15,3,18,190,21,24,41,276,0,0,0,276
04/30/2020,LAS,NV,AWP,WE,Towers with Radar,212,26,21,26,285,0,2,16,1,19,212,28,37,27,304,0,0,0,304
05/01/2020,LAS,NV,AWP,WE,Towers with Radar,212,29,19,26,286,0,2,8,0,10,212,31,27,26,296,0,0,0,296
05/02/2020,LAS,NV,AWP,WE,Towers with Radar,201,17,10,0,228,0,2,16,0,18,201,19,26,0,246,0,0,0,246
05/03/2020,LAS,NV,AWP,WE,Towers with Radar,252,15,11,2,280,0,7,6,0,13,252,22,17,2,293,0,0,0,293
05/04/2020,LAS,NV,AWP,WE,Towers with Radar,254,34,14,21,323,0,2,6,4,12,254,36,20,25,335,0,0,0,335
05/05/2020,LAS,NV,AWP,WE,Towers with Radar,239,25,18,20,302,0,0,6,2,8,239,25,24,22,310,0,0,0,310
05/06/2020,LAS,NV,AWP,WE,Towers with Radar,240,37,20,20,317,0,4,7,3,14,240,41,27,23,331,0,0,0,331
05/07/2020,LAS,NV,AWP,WE,Towers with Radar,265,34,24,22,345,0,0,19,4,23,265,34,43,26,368,0,0,0,368
05/08/2020,LAS,NV,AWP,WE,Towers with Radar,275,33,20,20,348,0,0,18,0,18,275,33,38,20,366,0,0,0,366
05/09/2020,LAS,NV,AWP,WE,Towers with Radar,246,12,14,0,272,0,2,6,0,8,246,14,20,0,280,0,0,0,280
05/10/2020,LAS,NV,AWP,WE,Towers with Radar,273,17,18,0,308,0,3,19,0,22,273,20,37,0,330,0,0,0,330
05/11/2020,LAS,NV,AWP,WE,Towers with Radar,261,22,14,20,317,0,4,4,0,8,261,26,18,20,325,0,0,0,325
05/12/2020,LAS,NV,AWP,WE,Towers with Radar,239,23,18,26,306,0,14,0,2,16,239,37,18,28,322,0,0,0,322
05/13/2020,LAS,NV,AWP,WE,Towers with Radar,250,28,16,24,318,0,14,3,0,17,250,42,19,24,335,0,0,0,335
05/14/2020,LAS,NV,AWP,WE,Towers with Radar,294,36,30,26,386,0,2,19,0,21,294,38,49,26,407,0,0,0,407
05/15/2020,LAS,NV,AWP,WE,Towers with Radar,291,33,25,25,374,0,0,6,2,8,291,33,31,27,382,0,0,0,382
05/16/2020,LAS,NV,AWP,WE,Towers with Radar,240,10,13,0,263,0,2,3,0,5,240,12,16,0,268,0,0,0,268
05/17/2020,LAS,NV,AWP,WE,Towers with Radar,284,19,18,0,321,0,4,3,0,7,284,23,21,0,328,0,0,0,328
05/18/2020,LAS,NV,AWP,WE,Towers with Radar,283,29,16,30,358,0,20,2,2,24,283,49,18,32,382,0,0,0,382
05/19/2020,LAS,NV,AWP,WE,Towers with Radar,240,21,26,29,316,0,4,3,2,9,240,25,29,31,325,0,0,0,325
05/20/2020,LAS,NV,AWP,WE,Towers with Radar,253,36,36,35,360,0,6,38,2,46,253,42,74,37,406,0,0,0,406
05/21/2020,LAS,NV,AWP,WE,Towers with Radar,331,35,34,33,433,0,5,14,0,19,331,40,48,33,452,0,0,0,452
05/22/2020,LAS,NV,AWP,WE,Towers with Radar,353,37,38,0,428,0,16,6,0,22,353,53,44,0,450,0,0,0,450
05/23/2020,LAS,NV,AWP,WE,Towers with Radar,248,31,12,0,291,0,21,10,1,32,248,52,22,1,323,0,0,0,323
05/24/2020,LAS,NV,AWP,WE,Towers with Radar,314,20,22,0,356,0,21,7,0,28,314,41,29,0,384,0,0,0,384
05/25/2020,LAS,NV,AWP,WE,Towers with Radar,327,20,26,0,373,0,18,21,0,39,327,38,47,0,412,0,0,0,412
05/26/2020,LAS,NV,AWP,WE,Towers with Radar,235,26,29,30,320,0,12,12,4,28,235,38,41,34,348,0,0,0,348
05/27/2020,LAS,NV,AWP,WE,Towers with Radar,256,30,23,36,345,0,14,34,0,48,256,44,57,36,393,0,0,0,393
05/28/2020,LAS,NV,AWP,WE,Towers with Radar,340,47,44,36,467,0,8,7,4,19,340,55,51,40,486,0,0,0,486
05/29/2020,LAS,NV,AWP,WE,Towers with Radar,338,37,39,30,444,0,13,6,2,21,338,50,45,32,465,0,0,0,465
05/30/2020,LAS,NV,AWP,WE,Towers with Radar,240,27,17,0,284,0,28,1,0,29,240,55,18,0,313,0,0,0,313
05/31/2020,LAS,NV,AWP,WE,Towers with Radar,353,36,32,0,421,0,13,8,0,21,353,49,40,0,442,0,0,0,442
06/01/2020,LAS,NV,AWP,WE,Towers with Radar,342,46,26,32,446,0,12,12,0,24,342,58,38,32,470,0,0,0,470
06/02/2020,LAS,NV,AWP,WE,Towers with Radar,254,23,41,41,359,0,9,22,0,31,254,32,63,41,390,0,0,0,390
06/03/2020,LAS,NV,AWP,WE,Towers with Radar,275,39,32,36,382,0,19,4,1,24,275,58,36,37,406,0,0,0,406
06/04/2020,LAS,NV,AWP,WE,Towers with Radar,378,52,68,37,535,0,30,7,1,38,378,82,75,38,573,0,0,0,573
06/05/2020,LAS,NV,AWP,WE,Towers with Radar,397,60,82,32,571,0,26,6,0,32,397,86,88,32,603,0,0,0,603
06/06/2020,LAS,NV,AWP,WE,Towers with Radar,284,36,31,3,354,0,57,1,0,58,284,93,32,3,412,0,0,0,412
06/07/2020,LAS,NV,AWP,WE,Towers with Radar,416,47,74,1,538,0,38,8,1,47,416,85,82,2,585,0,0,0,585
06/08/2020,LAS,NV,AWP,WE,Towers with Radar,420,41,44,37,542,0,25,8,1,34,420,66,52,38,576,0,0,0,576
06/09/2020,LAS,NV,AWP,WE,Towers with Radar,307,43,46,44,440,0,38,19,1,58,307,81,65,45,498,0,0,0,498
06/10/2020,LAS,NV,AWP,WE,Towers with Radar,326,56,65,46,493,0,34,8,0,42,326,90,73,46,535,0,0,0,535
06/11/2020,LAS,NV,AWP,WE,Towers with Radar,457,57,56,46,616,0,48,15,0,63,457,105,71,46,679,0,0,0,679
06/12/2020,LAS,NV,AWP,WE,Towers with Radar,459,57,66,44,626,0,64,8,0,72,459,121,74,44,698,0,0,0,698
06/13/2020,LAS,NV,AWP,WE,Towers with Radar,343,35,29,0,407,0,38,8,0,46,343,73,37,0,453,0,0,0,453
06/14/2020,LAS,NV,AWP,WE,Towers with Radar,462,54,63,1,580,0,68,11,1,80,462,122,74,2,660,0,0,0,660
06/15/2020,LAS,NV,AWP,WE,Towers with Radar,462,58,60,43,623,0,44,10,0,54,462,102,70,43,677,0,0,0,677
06/16/2020,LAS,NV,AWP,WE,Towers with Radar,344,47,43,48,482,0,59,18,2,79,344,106,61,50,561,0,0,0,561
06/17/2020,LAS,NV,AWP,WE,Towers with Radar,348,49,48,50,495,0,57,6,0,63,348,106,54,50,558,0,0,0,558
06/18/2020,LAS,NV,AWP,WE,Towers with Radar,469,58,49,49,625,0,59,11,0,70,469,117,60,49,695,0,0,0,695
06/19/2020,LAS,NV,AWP,WE,Towers with Radar,463,75,86,37,661,0,88,10,0,98,463,163,96,37,759,0,0,0,759
06/20/2020,LAS,NV,AWP,WE,Towers with Radar,370,40,30,0,440,0,101,8,0,109,370,141,38,0,549,0,0,0,549
06/21/2020,LAS,NV,AWP,WE,Towers with Radar,497,65,56,0,618,0,96,3,0,99,497,161,59,0,717,0,0,0,717
06/22/2020,LAS,NV,AWP,WE,Towers with Radar,510,63,44,36,653,0,70,18,0,88,510,133,62,36,741,0,0,0,741
06/23/2020,LAS,NV,AWP,WE,Towers with Radar,407,48,55,42,552,0,78,31,0,109,407,126,86,42,661,0,0,0,661
06/24/2020,LAS,NV,AWP,WE,Towers with Radar,407,58,55,42,562,0,63,12,1,76,407,121,67,43,638,0,0,0,638
06/25/2020,LAS,NV,AWP,WE,Towers with Radar,519,73,74,42,708,0,71,11,1,83,519,144,85,43,791,0,0,0,791
06/26/2020,LAS,NV,AWP,WE,Towers with Radar,511,75,75,42,703,0,112,12,0,124,511,187,87,42,827,0,0,0,827
06/27/2020,LAS,NV,AWP,WE,Towers with Radar,422,47,33,8,510,0,128,14,0,142,422,175,47,8,652,0,0,0,652
06/28/2020,LAS,NV,AWP,WE,Towers with Radar,527,89,81,0,697,0,70,7,0,77,527,159,88,0,774,0,0,0,774
06/29/2020,LAS,NV,AWP,WE,Towers with Radar,531,74,52,38,695,0,80,8,0,88,531,154,60,38,783,0,0,0,783
06/30/2020,LAS,NV,AWP,WE,Towers with Radar,426,61,47,42,576,0,78,5,0,83,426,139,52,42,659,0,0,0,659
07/01/2020,LAS,NV,AWP,WE,Towers with Radar,481,63,73,42,659,0,53,11,0,64,481,116,84,42,723,0,0,0,723
07/02/2020,LAS,NV,AWP,WE,Towers with Radar,615,76,67,43,801,0,60,9,0,69,615,136,76,43,870,0,0,0,870
07/03/2020,LAS,NV,AWP,WE,Towers with Radar,611,73,68,2,754,0,124,15,0,139,611,197,83,2,893,0,0,0,893
07/04/2020,LAS,NV,AWP,WE,Towers with Radar,353,25,31,0,409,0,144,6,0,150,353,169,37,0,559,0,0,0,559
07/05/2020,LAS,NV,AWP,WE,Towers with Radar,629,70,74,0,773,0,134,17,0,151,629,204,91,0,924,0,0,0,924
07/06/2020,LAS,NV,AWP,WE,Towers with Radar,618,61,62,1,742,0,91,17,3,111,618,152,79,4,853,0,0,0,853
07/07/2020,LAS,NV,AWP,WE,Towers with Radar,516,67,48,25,656,0,73,5,1,79,516,140,53,26,735,0,0,0,735
07/08/2020,LAS,NV,AWP,WE,Towers with Radar,523,50,55,29,657,0,61,15,0,76,523,111,70,29,733,0,0,0,733
07/09/2020,LAS,NV,AWP,WE,Towers with Radar,650,61,76,42,829,1,77,11,0,89,651,138,87,42,918,0,0,0,918
07/10/2020,LAS,NV,AWP,WE,Towers with Radar,649,75,63,38,825,0,95,16,1,112,649,170,79,39,937,0,0,0,937
07/11/2020,LAS,NV,AWP,WE,Towers with Radar,535,50,45,0,630,0,138,9,3,150,535,188,54,3,780,0,0,0,780
07/12/2020,LAS,NV,AWP,WE,Towers with Radar,644,72,65,0,781,0,104,19,3,126,644,176,84,3,907,0,0,0,907
07/13/2020,LAS,NV,AWP,WE,Towers with Radar,641,77,54,42,814,0,76,17,0,93,641,153,71,42,907,0,0,0,907
07/14/2020,LAS,NV,AWP,WE,Towers with Radar,510,55,41,44,650,0,69,8,1,78,510,124,49,45,728,0,0,0,728
07/15/2020,LAS,NV,AWP,WE,Towers with Radar,527,47,58,40,672,0,84,15,1,100,527,131,73,41,772,0,0,0,772
07/16/2020,LAS,NV,AWP,WE,Towers with Radar,659,57,49,42,807,3,83,14,1,101,662,140,63,43,908,0,0,0,908
07/17/2020,LAS,NV,AWP,WE,Towers with Radar,657,59,67,40,823,0,106,11,4,121,657,165,78,44,944,0,0,0,944
07/18/2020,LAS,NV,AWP,WE,Towers with Radar,539,28,42,1,610,0,151,32,0,183,539,179,74,1,793,0,0,0,793
07/19/2020,LAS,NV,AWP,WE,Towers with Radar,649,51,48,2,750,0,115,10,0,125,649,166,58,2,875,0,0,0,875
07/20/2020,LAS,NV,AWP,WE,Towers with Radar,654,72,56,45,827,0,78,34,0,112,654,150,90,45,939,0,0,0,939
07/21/2020,LAS,NV,AWP,WE,Towers with Radar,517,44,40,42,643,0,62,10,2,74,517,106,50,44,717,0,0,0,717
07/22/2020,LAS,NV,AWP,WE,Towers with Radar,528,61,38,42,669,0,64,26,0,90,528,125,64,42,759,0,0,0,759
07/23/2020,LAS,NV,AWP,WE,Towers with Radar,667,79,55,44,845,0,86,7,0,93,667,165,62,44,938,0,0,0,938
07/24/2020,LAS,NV,AWP,WE,Towers with Radar,662,74,63,42,841,0,120,3,0,123,662,194,66,42,964,0,0,0,964
07/25/2020,LAS,NV,AWP,WE,Towers with Radar,537,39,32,0,608,0,138,12,0,150,537,177,44,0,758,0,0,0,758
07/26/2020,LAS,NV,AWP,WE,Towers with Radar,655,70,61,3,789,0,136,20,0,156,655,206,81,3,945,0,0,0,945
07/27/2020,LAS,NV,AWP,WE,Towers with Radar,655,70,40,42,807,0,113,11,0,124,655,183,51,42,931,0,0,0,931
07/28/2020,LAS,NV,AWP,WE,Towers with Radar,502,52,56,42,652,0,98,14,2,114,502,150,70,44,766,0,0,0,766
07/29/2020,LAS,NV,AWP,WE,Towers with Radar,521,53,49,42,665,0,96,21,1,118,521,149,70,43,783,0,0,0,783
07/30/2020,LAS,NV,AWP,WE,Towers with Radar,656,53,60,42,811,0,85,15,2,102,656,138,75,44,913,0,0,0,913
07/31/2020,LAS,NV,AWP,WE,Towers with Radar,661,74,80,42,857,0,136,24,2,162,661,210,104,44,1019,0,0,0,1019
08/01/2020,LAS,NV,AWP,WE,Towers with Radar,530,49,37,5,621,0,160,17,1,178,530,209,54,6,799,0,0,0,799
08/02/2020,LAS,NV,AWP,WE,Towers with Radar,670,54,61,6,791,0,150,12,1,163,670,204,73,7,954,0,0,0,954
08/03/2020,LAS,NV,AWP,WE,Towers with Radar,664,67,57,44,832,0,116,4,0,120,664,183,61,44,952,0,0,0,952
08/04/2020,LAS,NV,AWP,WE,Towers with Radar,531,56,58,44,689,0,87,13,1,101,531,143,71,45,790,0,0,0,790
08/05/2020,LAS,NV,AWP,WE,Towers with Radar,517,44,62,45,668,0,92,8,0,100,517,136,70,45,768,0,0,0,768
08/06/2020,LAS,NV,AWP,WE,Towers with Radar,685,68,73,49,875,0,114,7,0,121,685,182,80,49,996,0,0,0,996
08/07/2020,LAS,NV,AWP,WE,Towers with Radar,660,66,71,40,837,0,147,7,1,155,660,213,78,41,992,0,0,0,992
08/08/2020,LAS,NV,AWP,WE,Towers with Radar,534,51,49,0,634,0,165,7,0,172,534,216,56,0,806,0,0,0,806
08/09/2020,LAS,NV,AWP,WE,Towers with Radar,672,60,71,1,804,0,172,10,0,182,672,232,81,1,986,0,0,0,986
08/10/2020,LAS,NV,AWP,WE,Towers with Radar,647,62,53,45,807,0,117,5,0,122,647,179,58,45,929,0,0,0,929
08/11/2020,LAS,NV,AWP,WE,Towers with Radar,535,49,66,42,692,0,97,7,0,104,535,146,73,42,796,0,0,0,796
08/12/2020,LAS,NV,AWP,WE,Towers with Radar,562,44,56,42,704,0,106,21,0,127,562,150,77,42,831,0,0,0,831
08/13/2020,LAS,NV,AWP,WE,Towers with Radar,709,58,58,44,869,0,105,15,0,120,709,163,73,44,989,0,0,0,989
08/14/2020,LAS,NV,AWP,WE,Towers with Radar,700,72,60,38,870,0,148,10,0,158,700,220,70,38,1028,0,0,0,1028
08/15/2020,LAS,NV,AWP,WE,Towers with Radar,593,35,44,2,674,0,152,9,1,162,593,187,53,3,836,0,0,0,836
08/16/2020,LAS,NV,AWP,WE,Towers with Radar,727,66,68,0,861,0,185,10,1,196,727,251,78,1,1057,0,0,0,1057
08/17/2020,LAS,NV,AWP,WE,Towers with Radar,718,50,38,42,848,0,136,32,2,170,718,186,70,44,1018,0,0,0,1018
08/18/2020,LAS,NV,AWP,WE,Towers with Radar,536,41,52,48,677,0,96,17,0,113,536,137,69,48,790,0,0,0,790
08/19/2020,LAS,NV,AWP,WE,Towers with Radar,542,54,65,46,707,0,88,17,0,105,542,142,82,46,812,0,0,0,812
08/20/2020,LAS,NV,AWP,WE,Towers with Radar,731,82,74,43,930,0,106,7,0,113,731,188,81,43,1043,0,0,0,1043
08/21/2020,LAS,NV,AWP,WE,Towers with Radar,693,84,64,50,891,0,166,19,1,186,693,250,83,51,1077,0,0,0,1077
08/22/2020,LAS,NV,AWP,WE,Towers with Radar,582,34,41,1,658,0,211,12,0,223,582,245,53,1,881,0,0,0,881
08/23/2020,LAS,NV,AWP,WE,Towers with Radar,723,79,89,1,892,0,220,9,0,229,723,299,98,1,1121,0,0,0,1121
08/24/2020,LAS,NV,AWP,WE,Towers with Radar,682,63,60,42,847,0,112,8,0,120,682,175,68,42,967,0,0,0,967
08/25/2020,LAS,NV,AWP,WE,Towers with Radar,536,48,43,42,669,0,89,15,0,104,536,137,58,42,773,0,0,0,773
08/26/2020,LAS,NV,AWP,WE,Towers with Radar,537,54,67,42,700,0,88,19,1,108,537,142,86,43,808,0,0,0,808
08/27/2020,LAS,NV,AWP,WE,Towers with Radar,714,61,53,42,870,0,86,40,0,126,714,147,93,42,996,0,0,0,996
08/28/2020,LAS,NV,AWP,WE,Towers with Radar,681,59,49,43,832,0,165,14,0,179,681,224,63,43,1011,0,0,0,1011
08/29/2020,LAS,NV,AWP,WE,Towers with Radar,590,40,40,2,672,0,200,13,2,215,590,240,53,4,887,0,0,0,887
08/30/2020,LAS,NV,AWP,WE,Towers with Radar,718,60,79,0,857,0,212,10,1,223,718,272,89,1,1080,0,0,0,1080
08/31/2020,LAS,NV,AWP,WE,Towers with Radar,683,65,50,44,842,0,119,15,3,137,683,184,65,47,979,0,0,0,979
09/01/2020,LAS,NV,AWP,WE,Towers with Radar,536,51,49,46,682,0,98,44,3,145,536,149,93,49,827,0,0,0,827
09/02/2020,LAS,NV,AWP,WE,Towers with Radar,540,50,74,47,711,0,73,15,3,91,540,123,89,50,802,0,0,0,802
09/03/2020,LAS,NV,AWP,WE,Towers with Radar,717,74,81,46,918,0,120,16,0,136,717,194,97,46,1054,0,0,0,1054
09/04/2020,LAS,NV,AWP,WE,Towers with Radar,729,79,65,2,875,0,194,21,0,215,729,273,86,2,1090,0,0,0,1090
09/05/2020,LAS,NV,AWP,WE,Towers with Radar,580,40,51,0,671,0,278,7,0,285,580,318,58,0,956,0,0,0,956
09/06/2020,LAS,NV,AWP,WE,Towers with Radar,625,53,55,0,733,0,287,5,0,292,625,340,60,0,1025,0,0,0,1025
09/07/2020,LAS,NV,AWP,WE,Towers with Radar,664,67,92,0,823,0,142,7,0,149,664,209,99,0,972,0,0,0,972
09/08/2020,LAS,NV,AWP,WE,Towers with Radar,502,64,57,38,661,0,88,1,0,89,502,152,58,38,750,0,0,0,750
09/09/2020,LAS,NV,AWP,WE,Towers with Radar,433,49,63,45,590,0,94,4,1,99,433,143,67,46,689,0,0,0,689
09/10/2020,LAS,NV,AWP,WE,Towers with Radar,627,72,72,42,813,0,103,17,4,124,627,175,89,46,937,0,0,0,937
09/11/2020,LAS,NV,AWP,WE,Towers with Radar,601,77,92,44,814,0,228,17,0,245,601,305,109,44,1059,0,0,0,1059
09/12/2020,LAS,NV,AWP,WE,Towers with Radar,480,42,40,2,564,0,120,14,0,134,480,162,54,2,698,0,0,0,698
09/13/2020,LAS,NV,AWP,WE,Towers with Radar,632,5,3,0,640,0,0,0,0,0,632,5,3,0,640,0,0,0,640
09/14/2020,LAS,NV,AWP,WE,Towers with Radar,580,69,110,44,803,0,164,8,2,174,580,233,118,46,977,0,0,0,977
09/15/2020,LAS,NV,AWP,WE,Towers with Radar,421,62,63,47,593,0,113,17,5,135,421,175,80,52,728,0,0,0,728
09/16/2020,LAS,NV,AWP,WE,Towers with Radar,444,54,60,44,602,0,104,11,3,118,444,158,71,47,720,0,0,0,720
09/17/2020,LAS,NV,AWP,WE,Towers with Radar,634,79,84,45,842,0,145,9,2,156,634,224,93,47,998,0,0,0,998
09/18/2020,LAS,NV,AWP,WE,Towers with Radar,598,82,93,42,815,0,213,5,0,218,598,295,98,42,1033,0,0,0,1033
09/19/2020,LAS,NV,AWP,WE,Towers with Radar,475,34,38,0,547,0,268,10,2,280,475,302,48,2,827,0,0,0,827
09/20/2020,LAS,NV,AWP,WE,Towers with Radar,633,63,90,1,787,0,227,19,0,246,633,290,109,1,1033,0,0,0,1033
09/21/2020,LAS,NV,AWP,WE,Towers with Radar,582,61,66,41,750,0,149,19,1,169,582,210,85,42,919,0,0,0,919
09/22/2020,LAS,NV,AWP,WE,Towers with Radar,431,44,56,49,580,0,109,12,0,121,431,153,68,49,701,0,0,0,701
09/23/2020,LAS,NV,AWP,WE,Towers with Radar,443,40,61,48,592,0,117,15,1,133,443,157,76,49,725,0,0,0,725
09/24/2020,LAS,NV,AWP,WE,Towers with Radar,637,70,87,46,840,0,138,13,0,151,637,208,100,46,991,0,0,0,991
09/25/2020,LAS,NV,AWP,WE,Towers with Radar,613,84,107,40,844,0,199,22,8,229,613,283,129,48,1073,0,0,0,1073
09/26/2020,LAS,NV,AWP,WE,Towers with Radar,476,50,80,2,608,0,286,6,0,292,476,336,86,2,900,0,0,0,900
09/27/2020,LAS,NV,AWP,WE,Towers with Radar,629,73,92,0,794,0,216,17,0,233,629,289,109,0,1027,0,0,0,1027
09/28/2020,LAS,NV,AWP,WE,Towers with Radar,599,53,49,39,740,0,135,9,3,147,599,188,58,42,887,0,0,0,887
09/29/2020,LAS,NV,AWP,WE,Towers with Radar,442,47,50,46,585,0,112,14,2,128,442,159,64,48,713,0,0,0,713
09/30/2020,LAS,NV,AWP,WE,Towers with Radar,441,54,71,47,613,0,106,23,0,129,441,160,94,47,742,0,0,0,742
10/01/2020,LAS,NV,AWP,WE,Towers with Radar,659,50,50,46,805,0,102,10,0,112,659,152,60,46,917,0,0,0,917
10/02/2020,LAS,NV,AWP,WE,Towers with Radar,658,71,109,45,883,0,177,9,0,186,658,248,118,45,1069,0,0,0,1069
10/03/2020,LAS,NV,AWP,WE,Towers with Radar,520,55,33,1,609,0,310,6,2,318,520,365,39,3,927,0,0,0,927
10/04/2020,LAS,NV,AWP,WE,Towers with Radar,676,62,85,3,826,0,204,6,0,210,676,266,91,3,1036,0,0,0,1036
10/05/2020,LAS,NV,AWP,WE,Towers with Radar,645,52,64,48,809,0,119,10,0,129,645,171,74,48,938,0,0,0,938
10/06/2020,LAS,NV,AWP,WE,Towers with Radar,458,44,54,46,602,0,102,10,0,112,458,146,64,46,714,0,0,0,714
10/07/2020,LAS,NV,AWP,WE,Towers with Radar,484,67,44,49,644,0,140,24,0,164,484,207,68,49,808,0,0,0,808
10/08/2020,LAS,NV,AWP,WE,Towers with Radar,733,61,78,49,921,0,116,11,2,129,733,177,89,51,1050,0,0,0,1050
10/09/2020,LAS,NV,AWP,WE,Towers with Radar,711,67,83,44,905,0,189,16,4,209,711,256,99,48,1114,0,0,0,1114
10/10/2020,LAS,NV,AWP,WE,Towers with Radar,548,42,39,0,629,0,306,10,5,321,548,348,49,5,950,0,0,0,950
10/11/2020,LAS,NV,AWP,WE,Towers with Radar,738,88,84,0,910,0,240,8,1,249,738,328,92,1,1159,0,0,0,1159
10/12/2020,LAS,NV,AWP,WE,Towers with Radar,691,85,80,1,857,0,144,12,0,156,691,229,92,1,1013,0,0,0,1013
10/13/2020,LAS,NV,AWP,WE,Towers with Radar,485,52,57,43,637,0,120,9,3,132,485,172,66,46,769,0,0,0,769
10/14/2020,LAS,NV,AWP,WE,Towers with Radar,498,50,47,32,627,0,118,9,1,128,498,168,56,33,755,0,0,0,755
10/15/2020,LAS,NV,AWP,WE,Towers with Radar,719,64,78,44,905,0,132,9,3,144,719,196,87,47,1049,0,0,0,1049
10/16/2020,LAS,NV,AWP,WE,Towers with Radar,695,91,87,41,914,0,273,13,5,291,695,364,100,46,1205,0,0,0,1205
10/17/2020,LAS,NV,AWP,WE,Towers with Radar,555,52,52,10,669,0,146,21,1,168,555,198,73,11,837,0,0,0,837
10/18/2020,LAS,NV,AWP,WE,Towers with Radar,724,92,72,3,891,0,74,6,0,80,724,166,78,3,971,0,0,0,971
10/19/2020,LAS,NV,AWP,WE,Towers with Radar,677,76,62,52,867,0,138,2,4,144,677,214,64,56,1011,0,0,0,1011
10/20/2020,LAS,NV,AWP,WE,Towers with Radar,483,46,67,47,643,0,117,8,7,132,483,163,75,54,775,0,0,0,775
10/21/2020,LAS,NV,AWP,WE,Towers with Radar,481,57,64,47,649,0,116,13,1,130,481,173,77,48,779,0,0,0,779
10/22/2020,LAS,NV,AWP,WE,Towers with Radar,715,80,81,44,920,0,144,7,0,151,715,224,88,44,1071,0,0,0,1071
10/23/2020,LAS,NV,AWP,WE,Towers with Radar,679,101,94,48,922,0,225,8,1,234,679,326,102,49,1156,0,0,0,1156
10/24/2020,LAS,NV,AWP,WE,Towers with Radar,537,59,40,4,640,0,264,11,0,275,537,323,51,4,915,0,0,0,915
10/25/2020,LAS,NV,AWP,WE,Towers with Radar,685,101,79,0,865,0,176,10,0,186,685,277,89,0,1051,0,0,0,1051
10/26/2020,LAS,NV,AWP,WE,Towers with Radar,647,65,62,46,820,0,114,0,3,117,647,179,62,49,937,0,0,0,937
10/27/2020,LAS,NV,AWP,WE,Towers with Radar,474,61,69,46,650,0,105,7,0,112,474,166,76,46,762,0,0,0,762
10/28/2020,LAS,NV,AWP,WE,Towers with Radar,470,51,43,52,616,0,113,0,6,119,470,164,43,58,735,0,0,0,735
10/29/2020,LAS,NV,AWP,WE,Towers with Radar,676,61,85,50,872,0,101,9,1,111,676,162,94,51,983,0,0,0,983
10/30/2020,LAS,NV,AWP,WE,Towers with Radar,655,89,100,38,882,0,185,15,0,200,655,274,115,38,1082,0,0,0,1082
10/31/2020,LAS,NV,AWP,WE,Towers with Radar,480,42,47,1,570,0,256,4,0,260,480,298,51,1,830,0,0,0,830
11/01/2020,LAS,NV,AWP,WE,Towers with Radar,681,72,85,1,839,0,188,10,0,198,681,260,95,1,1037,0,0,0,1037
11/02/2020,LAS,NV,AWP,WE,Towers with Radar,641,61,53,41,796,0,126,5,0,131,641,187,58,41,927,0,0,0,927
11/03/2020,LAS,NV,AWP,WE,Towers with Radar,459,48,56,45,608,0,90,12,1,103,459,138,68,46,711,0,0,0,711
11/04/2020,LAS,NV,AWP,WE,Towers with Radar,484,71,59,44,658,0,105,9,5,119,484,176,68,49,777,0,0,0,777
11/05/2020,LAS,NV,AWP,WE,Towers with Radar,719,87,78,44,928,0,116,13,0,129,719,203,91,44,1057,0,0,0,1057
11/06/2020,LAS,NV,AWP,WE,Towers with Radar,695,78,91,40,904,0,214,16,0,230,695,292,107,40,1134,0,0,0,1134
11/07/2020,LAS,NV,AWP,WE,Towers with Radar,529,47,56,3,635,0,246,1,0,247,529,293,57,3,882,0,0,0,882
11/08/2020,LAS,NV,AWP,WE,Towers with Radar,758,86,88,5,937,0,134,2,0,136,758,220,90,5,1073,0,0,0,1073
11/09/2020,LAS,NV,AWP,WE,Towers with Radar,686,89,66,46,887,0,109,17,4,130,686,198,83,50,1017,0,0,0,1017
11/10/2020,LAS,NV,AWP,WE,Towers with Radar,466,55,60,44,625,0,106,11,2,119,466,161,71,46,744,0,0,0,744
11/11/2020,LAS,NV,AWP,WE,Towers with Radar,475,61,58,2,596,0,100,15,2,117,475,161,73,4,713,0,0,0,713
11/12/2020,LAS,NV,AWP,WE,Towers with Radar,727,93,84,51,955,0,132,13,1,146,727,225,97,52,1101,0,0,0,1101
11/13/2020,LAS,NV,AWP,WE,Towers with Radar,699,93,70,41,903,0,196,12,0,208,699,289,82,41,1111,0,0,0,1111
11/14/2020,LAS,NV,AWP,WE,Towers with Radar,543,55,49,1,648,0,343,7,2,352,543,398,56,3,1000,0,0,0,1000
11/15/2020,LAS,NV,AWP,WE,Towers with Radar,754,91,98,0,943,0,218,8,0,226,754,309,106,0,1169,0,0,0,1169
11/16/2020,LAS,NV,AWP,WE,Towers with Radar,683,75,52,37,847,0,107,11,0,118,683,182,63,37,965,0,0,0,965
11/17/2020,LAS,NV,AWP,WE,Towers with Radar,459,54,66,48,627,0,114,7,0,121,459,168,73,48,748,0,0,0,748
11/18/2020,LAS,NV,AWP,WE,Towers with Radar,497,50,44,46,637,0,106,6,0,112,497,156,50,46,749,0,0,0,749
11/19/2020,LAS,NV,AWP,WE,Towers with Radar,719,91,70,46,926,0,100,10,0,110,719,191,80,46,1036,0,0,0,1036
11/20/2020,LAS,NV,AWP,WE,Towers with Radar,735,117,103,42,997,0,142,12,0,154,735,259,115,42,1151,0,0,0,1151
11/21/2020,LAS,NV,AWP,WE,Towers with Radar,631,58,61,9,759,0,285,4,1,290,631,343,65,10,1049,0,0,0,1049
11/22/2020,LAS,NV,AWP,WE,Towers with Radar,732,86,101,0,919,0,177,13,0,190,732,263,114,0,1109,0,0,0,1109
11/23/2020,LAS,NV,AWP,WE,Towers with Radar,707,73,46,40,866,0,144,14,0,158,707,217,60,40,1024,0,0,0,1024
11/24/2020,LAS,NV,AWP,WE,Towers with Radar,687,59,49,46,841,0,102,9,0,111,687,161,58,46,952,0,0,0,952
11/25/2020,LAS,NV,AWP,WE,Towers with Radar,719,78,49,34,880,0,113,10,0,123,719,191,59,34,1003,0,0,0,1003
11/26/2020,LAS,NV,AWP,WE,Towers with Radar,474,39,26,0,539,0,61,6,0,67,474,100,32,0,606,0,0,0,606
11/27/2020,LAS,NV,AWP,WE,Towers with Radar,612,49,52,0,713,0,231,9,0,240,612,280,61,0,953,0,0,0,953
11/28/2020,LAS,NV,AWP,WE,Towers with Radar,687,67,54,0,808,0,226,9,0,235,687,293,63,0,1043,0,0,0,1043
11/29/2020,LAS,NV,AWP,WE,Towers with Radar,764,81,112,0,957,0,121,9,0,130,764,202,121,0,1087,0,0,0,1087
11/30/2020,LAS,NV,AWP,WE,Towers with Radar,718,50,42,42,852,0,67,6,1,74,718,117,48,43,926,0,0,0,926
12/01/2020,LAS,NV,AWP,WE,Towers with Radar,592,75,58,46,771,0,47,9,2,58,592,122,67,48,829,0,0,0,829
12/02/2020,LAS,NV,AWP,WE,Towers with Radar,431,64,55,44,594,0,51,13,1,65,431,115,68,45,659,0,0,0,659
12/03/2020,LAS,NV,AWP,WE,Towers with Radar,590,59,74,45,768,0,60,3,1,64,590,119,77,46,832,0,0,0,832
12/04/2020,LAS,NV,AWP,WE,Towers with Radar,580,65,87,37,769,0,122,13,2,137,580,187,100,39,906,0,0,0,906
12/05/2020,LAS,NV,AWP,WE,Towers with Radar,469,58,51,7,585,0,183,3,4,190,469,241,54,11,775,0,0,0,775
12/06/2020,LAS,NV,AWP,WE,Towers with Radar,618,67,74,3,762,0,119,11,0,130,618,186,85,3,892,0,0,0,892
12/07/2020,LAS,NV,AWP,WE,Towers with Radar,572,77,50,43,742,0,48,7,0,55,572,125,57,43,797,0,0,0,797
12/08/2020,LAS,NV,AWP,WE,Towers with Radar,404,53,39,49,545,0,59,16,0,75,404,112,55,49,620,0,0,0,620
12/09/2020,LAS,NV,AWP,WE,Towers with Radar,407,69,40,47,563,0,64,6,1,71,407,133,46,48,634,0,0,0,634
12/10/2020,LAS,NV,AWP,WE,Towers with Radar,582,75,50,45,752,0,62,13,0,75,582,137,63,45,827,0,0,0,827
12/11/2020,LAS,NV,AWP,WE,Towers with Radar,566,109,60,38,773,0,81,5,0,86,566,190,65,38,859,0,0,0,859
12/12/2020,LAS,NV,AWP,WE,Towers with Radar,466,82,45,0,593,0,153,10,0,163,466,235,55,0,756,0,0,0,756
12/13/2020,LAS,NV,AWP,WE,Towers with Radar,596,87,53,0,736,0,90,6,0,96,596,177,59,0,832,0,0,0,832
12/14/2020,LAS,NV,AWP,WE,Towers with Radar,549,62,54,42,707,0,59,4,0,63,549,121,58,42,770,0,0,0,770
12/15/2020,LAS,NV,AWP,WE,Towers with Radar,402,59,61,46,568,0,72,8,0,80,402,131,69,46,648,0,0,0,648
12/16/2020,LAS,NV,AWP,WE,Towers with Radar,450,62,55,46,613,0,74,5,0,79,450,136,60,46,692,0,0,0,692
12/17/2020,LAS,NV,AWP,WE,Towers with Radar,702,83,52,44,881,0,64,1,0,65,702,147,53,44,946,0,0,0,946
12/18/2020,LAS,NV,AWP,WE,Towers with Radar,697,111,98,39,945,0,91,7,0,98,697,202,105,39,1043,0,0,0,1043
12/19/2020,LAS,NV,AWP,WE,Towers with Radar,628,82,65,0,775,0,162,2,0,164,628,244,67,0,939,0,0,0,939
12/20/2020,LAS,NV,AWP,WE,Towers with Radar,722,85,70,2,879,0,138,10,1,149,722,223,80,3,1028,0,0,0,1028
12/21/2020,LAS,NV,AWP,WE,Towers with Radar,671,95,54,32,852,0,83,7,1,91,671,178,61,33,943,0,0,0,943
12/22/2020,LAS,NV,AWP,WE,Towers with Radar,635,68,45,33,781,0,106,5,0,111,635,174,50,33,892,0,0,0,892
12/23/2020,LAS,NV,AWP,WE,Towers with Radar,693,50,47,26,816,0,110,6,0,116,693,160,53,26,932,0,0,0,932
12/24/2020,LAS,NV,AWP,WE,Towers with Radar,531,30,36,2,599,0,54,0,0,54,531,84,36,2,653,0,0,0,653
12/25/2020,LAS,NV,AWP,WE,Towers with Radar,431,58,26,2,517,0,102,10,0,112,431,160,36,2,629,0,0,0,629
12/26/2020,LAS,NV,AWP,WE,Towers with Radar,670,77,50,0,797,0,152,11,0,163,670,229,61,0,960,0,0,0,960
12/27/2020,LAS,NV,AWP,WE,Towers with Radar,714,99,79,0,892,0,122,4,0,126,714,221,83,0,1018,0,0,0,1018
12/28/2020,LAS,NV,AWP,WE,Towers with Radar,667,77,68,15,827,0,112,4,0,116,667,189,72,15,943,0,0,0,943
12/29/2020,LAS,NV,AWP,WE,Towers with Radar,629,99,61,14,803,0,161,7,0,168,629,260,68,14,971,0,0,0,971
12/30/2020,LAS,NV,AWP,WE,Towers with Radar,698,85,64,22,869,0,194,12,1,207,698,279,76,23,1076,0,0,0,1076
12/31/2020,LAS,NV,AWP,WE,Towers with Radar,530,101,61,0,692,0,192,14,1,207,530,293,75,1,899,0,0,0,899
01/01/2021,LAS,NV,AWP,WE,Towers with Radar,475,91,51,0,617,0,270,8,1,279,475,361,59,1,896,0,0,0,896
01/02/2021,LAS,NV,AWP,WE,Towers with Radar,698,86,79,0,863,0,301,11,0,312,698,387,90,0,1175,0,0,0,1175
01/03/2021,LAS,NV,AWP,WE,Towers with Radar,729,67,112,0,908,0,185,10,0,195,729,252,122,0,1103,0,0,0,1103
01/04/2021,LAS,NV,AWP,WE,Towers with Radar,679,60,58,42,839,0,83,5,0,88,679,143,63,42,927,0,0,0,927
01/05/2021,LAS,NV,AWP,WE,Towers with Radar,544,48,36,47,675,0,76,6,0,82,544,124,42,47,757,0,0,0,757
01/06/2021,LAS,NV,AWP,WE,Towers with Radar,477,43,55,46,621,0,55,2,0,57,477,98,57,46,678,0,0,0,678
01/07/2021,LAS,NV,AWP,WE,Towers with Radar,568,51,55,46,720,0,61,4,1,66,568,112,59,47,786,0,0,0,786
01/08/2021,LAS,NV,AWP,WE,Towers with Radar,558,64,61,43,726,0,126,8,1,135,558,190,69,44,861,0,0,0,861
01/09/2021,LAS,NV,AWP,WE,Towers with Radar,464,72,64,2,602,0,170,29,0,199,464,242,93,2,801,0,0,0,801
01/10/2021,LAS,NV,AWP,WE,Towers with Radar,555,70,62,2,689,0,117,10,0,127,555,187,72,2,816,0,0,0,816
01/11/2021,LAS,NV,AWP,WE,Towers with Radar,529,55,49,46,679,0,68,4,0,72,529,123,53,46,751,0,0,0,751
01/12/2021,LAS,NV,AWP,WE,Towers with Radar,416,59,57,46,578,0,56,3,0,59,416,115,60,46,637,0,0,0,637
01/13/2021,LAS,NV,AWP,WE,Towers with Radar,414,53,65,45,577,0,54,6,0,60,414,107,71,45,637,0,0,0,637
01/14/2021,LAS,NV,AWP,WE,Towers with Radar,568,64,69,48,749,0,58,10,2,70,568,122,79,50,819,0,0,0,819
01/15/2021,LAS,NV,AWP,WE,Towers with Radar,567,84,84,6,741,0,135,3,0,138,567,219,87,6,879,0,0,0,879
01/16/2021,LAS,NV,AWP,WE,Towers with Radar,469,71,40,10,590,0,196,8,0,204,469,267,48,10,794,0,0,0,794
01/17/2021,LAS,NV,AWP,WE,Towers with Radar,560,72,79,9,720,0,134,4,0,138,560,206,83,9,858,0,0,0,858
01/18/2021,LAS,NV,AWP,WE,Towers with Radar,551,60,75,1,687,0,74,9,1,84,551,134,84,2,771,0,0,0,771
01/19/2021,LAS,NV,AWP,WE,Towers with Radar,413,40,33,47,533,0,65,2,0,67,413,105,35,47,600,0,0,0,600
01/20/2021,LAS,NV,AWP,WE,Towers with Radar,411,53,60,49,573,0,83,4,0,87,411,136,64,49,660,0,0,0,660
01/21/2021,LAS,NV,AWP,WE,Towers with Radar,576,61,65,47,749,0,86,2,0,88,576,147,67,47,837,0,0,0,837
01/22/2021,LAS,NV,AWP,WE,Towers with Radar,569,87,92,40,788,0,145,2,0,147,569,232,94,40,935,0,0,0,935
01/23/2021,LAS,NV,AWP,WE,Towers with Radar,460,59,48,1,568,0,294,1,0,295,460,353,49,1,863,0,0,0,863
01/24/2021,LAS,NV,AWP,WE,Towers with Radar,571,85,87,1,744,0,146,2,0,148,571,231,89,1,892,0,0,0,892
01/25/2021,LAS,NV,AWP,WE,Towers with Radar,533,63,55,1,652,0,22,0,0,22,533,85,55,1,674,0,0,0,674
01/26/2021,LAS,NV,AWP,WE,Towers with Radar,409,52,63,29,553,0,84,11,4,99,409,136,74,33,652,0,0,0,652
01/27/2021,LAS,NV,AWP,WE,Towers with Radar,418,71,59,18,566,0,93,18,2,113,418,164,77,20,679,0,0,0,679
01/28/2021,LAS,NV,AWP,WE,Towers with Radar,576,69,60,48,753,0,98,8,0,106,576,167,68,48,859,0,0,0,859
01/29/2021,LAS,NV,AWP,WE,Towers with Radar,573,87,68,20,748,0,134,9,1,144,573,221,77,21,892,0,0,0,892
01/30/2021,LAS,NV,AWP,WE,Towers with Radar,460,62,42,4,568,0,322,3,0,325,460,384,45,4,893,0,0,0,893
01/31/2021,LAS,NV,AWP,WE,Towers with Radar,573,83,73,3,732,0,161,6,0,167,573,244,79,3,899,0,0,0,899
02/01/2021,LAS,NV,AWP,WE,Towers with Radar,525,49,43,42,659,0,78,4,0,82,525,127,47,42,741,0,0,0,741
02/02/2021,LAS,NV,AWP,WE,Towers with Radar,415,56,40,46,557,0,78,6,0,84,415,134,46,46,641,0,0,0,641
02/03/2021,LAS,NV,AWP,WE,Towers with Radar,414,49,48,48,559,0,59,3,0,62,414,108,51,48,621,0,0,0,621
02/04/2021,LAS,NV,AWP,WE,Towers with Radar,580,68,89,47,784,0,76,4,0,80,580,144,93,47,864,0,0,0,864
02/05/2021,LAS,NV,AWP,WE,Towers with Radar,581,75,121,44,821,0,178,7,0,185,581,253,128,44,1006,0,0,0,1006
02/06/2021,LAS,NV,AWP,WE,Towers with Radar,467,90,93,1,651,0,320,17,0,337,467,410,110,1,988,0,0,0,988
02/07/2021,LAS,NV,AWP,WE,Towers with Radar,578,109,89,0,776,0,112,4,0,116,578,221,93,0,892,0,0,0,892
02/08/2021,LAS,NV,AWP,WE,Towers with Radar,562,116,133,38,849,0,100,13,1,114,562,216,146,39,963,0,0,0,963
02/09/2021,LAS,NV,AWP,WE,Towers with Radar,416,62,72,50,600,0,109,7,2,118,416,171,79,52,718,0,0,0,718
02/10/2021,LAS,NV,AWP,WE,Towers with Radar,436,53,71,48,608,0,119,11,6,136,436,172,82,54,744,0,0,0,744
02/11/2021,LAS,NV,AWP,WE,Towers with Radar,610,65,95,51,821,0,126,7,7,140,610,191,102,58,961,0,0,0,961
02/12/2021,LAS,NV,AWP,WE,Towers with Radar,619,79,122,6,826,0,331,4,0,335,619,410,126,6,1161,0,0,0,1161
02/13/2021,LAS,NV,AWP,WE,Towers with Radar,481,76,58,2,617,0,432,6,0,438,481,508,64,2,1055,0,0,0,1055
02/14/2021,LAS,NV,AWP,WE,Towers with Radar,518,89,70,2,679,0,502,4,0,506,518,591,74,2,1185,0,0,0,1185
02/15/2021,LAS,NV,AWP,WE,Towers with Radar,517,92,86,1,696,0,318,5,1,324,517,410,91,2,1020,0,0,0,1020
02/16/2021,LAS,NV,AWP,WE,Towers with Radar,397,75,72,51,595,0,154,4,0,158,397,229,76,51,753,0,0,0,753
02/17/2021,LAS,NV,AWP,WE,Towers with Radar,422,69,63,46,600,0,134,8,2,144,422,203,71,48,744,0,0,0,744
02/18/2021,LAS,NV,AWP,WE,Towers with Radar,576,103,87,45,811,0,132,10,1,143,576,235,97,46,954,0,0,0,954
02/19/2021,LAS,NV,AWP,WE,Towers with Radar,605,103,67,49,824,0,220,12,1,233,605,323,79,50,1057,0,0,0,1057
02/20/2021,LAS,NV,AWP,WE,Towers with Radar,509,97,39,9,654,0,317,8,0,325,509,414,47,9,979,0,0,0,979
02/21/2021,LAS,NV,AWP,WE,Towers with Radar,615,92,81,11,799,0,224,13,1,238,615,316,94,12,1037,0,0,0,1037
02/22/2021,LAS,NV,AWP,WE,Towers with Radar,592,68,43,53,756,0,119,5,1,125,592,187,48,54,881,0,0,0,881
02/23/2021,LAS,NV,AWP,WE,Towers with Radar,443,62,73,52,630,0,109,5,3,117,443,171,78,55,747,0,0,0,747
02/24/2021,LAS,NV,AWP,WE,Towers with Radar,459,75,79,62,675,0,88,6,4,98,459,163,85,66,773,0,0,0,773
02/25/2021,LAS,NV,AWP,WE,Towers with Radar,615,83,98,29,825,0,136,6,4,146,615,219,104,33,971,0,0,0,971
02/26/2021,LAS,NV,AWP,WE,Towers with Radar,615,75,147,7,844,0,241,11,0,252,615,316,158,7,1096,0,0,0,1096
02/27/2021,LAS,NV,AWP,WE,Towers with Radar,506,38,68,3,615,0,379,13,0,392,506,417,81,3,1007,0,0,0,1007
02/28/2021,LAS,NV,AWP,WE,Towers with Radar,613,80,85,2,780,0,268,12,1,281,613,348,97,3,1061,0,0,0,1061
03/01/2021,LAS,NV,AWP,WE,Towers with Radar,593,83,67,23,766,0,122,13,1,136,593,205,80,24,902,0,0,0,902
03/02/2021,LAS,NV,AWP,WE,Towers with Radar,454,54,54,52,614,0,104,3,3,110,454,158,57,55,724,0,0,0,724
03/03/2021,LAS,NV,AWP,WE,Towers with Radar,477,66,91,44,678,0,84,3,5,92,477,150,94,49,770,0,0,0,770
03/04/2021,LAS,NV,AWP,WE,Towers with Radar,651,74,119,47,891,0,137,2,3,142,651,211,121,50,1033,0,0,0,1033
03/05/2021,LAS,NV,AWP,WE,Towers with Radar,639,98,105,46,888,0,277,13,0,290,639,375,118,46,1178,0,0,0,1178
03/06/2021,LAS,NV,AWP,WE,Towers with Radar,541,62,76,1,680,0,417,5,1,423,541,479,81,2,1103,0,0,0,1103
03/07/2021,LAS,NV,AWP,WE,Towers with Radar,720,91,125,1,937,0,303,15,1,319,720,394,140,2,1256,0,0,0,1256
03/08/2021,LAS,NV,AWP,WE,Towers with Radar,719,69,67,43,898,0,174,1,2,177,719,243,68,45,1075,0,0,0,1075
03/09/2021,LAS,NV,AWP,WE,Towers with Radar,494,70,54,48,666,0,140,2,4,146,494,210,56,52,812,0,0,0,812
03/10/2021,LAS,NV,AWP,WE,Towers with Radar,535,55,74,36,700,0,126,2,1,129,535,181,76,37,829,0,0,0,829
03/11/2021,LAS,NV,AWP,WE,Towers with Radar,783,79,82,24,968,0,138,0,0,138,783,217,82,24,1106,0,0,0,1106
03/12/2021,LAS,NV,AWP,WE,Towers with Radar,781,92,91,31,995,0,247,4,0,251,781,339,95,31,1246,0,0,0,1246
03/13/2021,LAS,NV,AWP,WE,Towers with Radar,641,62,63,1,767,0,414,2,4,420,641,476,65,5,1187,0,0,0,1187
03/14/2021,LAS,NV,AWP,WE,Towers with Radar,766,79,91,2,938,0,354,1,1,356,766,433,92,3,1294,0,0,0,1294
03/15/2021,LAS,NV,AWP,WE,Towers with Radar,741,66,37,31,875,0,255,0,2,257,741,321,37,33,1132,0,0,0,1132
03/16/2021,LAS,NV,AWP,WE,Towers with Radar,635,70,65,45,815,0,222,4,5,231,635,292,69,50,1046,0,0,0,1046
03/17/2021,LAS,NV,AWP,WE,Towers with Radar,655,56,75,50,836,0,254,21,5,280,655,310,96,55,1116,0,0,0,1116
03/18/2021,LAS,NV,AWP,WE,Towers with Radar,790,104,111,48,1053,0,252,1,5,258,790,356,112,53,1311,0,0,0,1311
03/19/2021,LAS,NV,AWP,WE,Towers with Radar,795,75,129,53,1052,0,354,6,1,361,795,429,135,54,1413,0,0,0,1413
03/20/2021,LAS,NV,AWP,WE,Towers with Radar,669,65,49,1,784,0,385,7,2,394,669,450,56,3,1178,0,0,0,1178
03/21/2021,LAS,NV,AWP,WE,Towers with Radar,787,113,114,4,1018,0,363,7,3,373,787,476,121,7,1391,0,0,0,1391
03/22/2021,LAS,NV,AWP,WE,Towers with Radar,770,97,61,40,968,0,263,7,0,270,770,360,68,40,1238,0,0,0,1238
03/23/2021,LAS,NV,AWP,WE,Towers with Radar,646,66,69,50,831,0,231,4,3,238,646,297,73,53,1069,0,0,0,1069
03/24/2021,LAS,NV,AWP,WE,Towers with Radar,662,65,75,48,850,0,231,7,8,246,662,296,82,56,1096,0,0,0,1096
03/25/2021,LAS,NV,AWP,WE,Towers with Radar,792,104,98,50,1044,0,242,8,2,252,792,346,106,52,1296,0,0,0,1296
03/26/2021,LAS,NV,AWP,WE,Towers with Radar,805,99,133,47,1084,0,351,12,4,367,805,450,145,51,1451,0,0,0,1451
03/27/2021,LAS,NV,AWP,WE,Towers with Radar,675,71,74,1,821,0,393,5,2,400,675,464,79,3,1221,0,0,0,1221
03/28/2021,LAS,NV,AWP,WE,Towers with Radar,789,111,119,5,1024,0,371,12,2,385,789,482,131,7,1409,0,0,0,1409
03/29/2021,LAS,NV,AWP,WE,Towers with Radar,777,67,48,46,938,0,285,13,1,299,777,352,61,47,1237,0,0,0,1237
03/30/2021,LAS,NV,AWP,WE,Towers with Radar,663,56,52,49,820,0,289,7,4,300,663,345,59,53,1120,0,0,0,1120
03/31/2021,LAS,NV,AWP,WE,Towers with Radar,672,70,75,46,863,0,264,25,5,294,672,334,100,51,1157,0,0,0,1157
04/01/2021,LAS,NV,AWP,WE,Towers with Radar,816,66,91,49,1022,0,279,4,1,284,816,345,95,50,1306,0,0,0,1306
04/02/2021,LAS,NV,AWP,WE,Towers with Radar,793,86,76,38,993,0,369,12,4,385,793,455,88,42,1378,0,0,0,1378
04/03/2021,LAS,NV,AWP,WE,Towers with Radar,681,58,65,0,804,0,396,7,0,403,681,454,72,0,1207,0,0,0,1207
04/04/2021,LAS,NV,AWP,WE,Towers with Radar,799,82,63,1,945,0,392,3,2,397,799,474,66,3,1342,0,0,0,1342
04/05/2021,LAS,NV,AWP,WE,Towers with Radar,794,73,84,39,990,0,280,9,0,289,794,353,93,39,1279,0,0,0,1279
04/06/2021,LAS,NV,AWP,WE,Towers with Radar,646,67,65,48,826,0,252,10,2,264,646,319,75,50,1090,0,0,0,1090
04/07/2021,LAS,NV,AWP,WE,Towers with Radar,663,66,90,47,866,0,287,4,7,298,663,353,94,54,1164,0,0,0,1164
04/08/2021,LAS,NV,AWP,WE,Towers with Radar,823,107,79,57,1066,0,285,6,4,295,823,392,85,61,1361,0,0,0,1361
04/09/2021,LAS,NV,AWP,WE,Towers with Radar,806,102,117,41,1066,0,354,24,5,383,806,456,141,46,1449,0,0,0,1449
04/10/2021,LAS,NV,AWP,WE,Towers with Radar,655,82,64,5,806,0,386,7,2,395,655,468,71,7,1201,0,0,0,1201
04/11/2021,LAS,NV,AWP,WE,Towers with Radar,812,126,110,5,1053,0,362,10,1,373,812,488,120,6,1426,0,0,0,1426
04/12/2021,LAS,NV,AWP,WE,Towers with Radar,795,96,72,43,1006,0,233,1,0,234,795,329,73,43,1240,0,0,0,1240
04/13/2021,LAS,NV,AWP,WE,Towers with Radar,553,72,67,51,743,0,230,7,1,238,553,302,74,52,981,0,0,0,981
04/14/2021,LAS,NV,AWP,WE,Towers with Radar,556,81,103,47,787,0,230,4,4,238,556,311,107,51,1025,0,0,0,1025
04/15/2021,LAS,NV,AWP,WE,Towers with Radar,793,93,110,49,1045,0,242,3,6,251,793,335,113,55,1296,0,0,0,1296
04/16/2021,LAS,NV,AWP,WE,Towers with Radar,803,96,110,58,1067,0,341,19,4,364,803,437,129,62,1431,0,0,0,1431
04/17/2021,LAS,NV,AWP,WE,Towers with Radar,629,64,65,2,760,0,372,7,0,379,629,436,72,2,1139,0,0,0,1139
04/18/2021,LAS,NV,AWP,WE,Towers with Radar,815,118,98,11,1042,0,337,13,3,353,815,455,111,14,1395,0,0,0,1395
04/19/2021,LAS,NV,AWP,WE,Towers with Radar,764,90,79,43,976,0,243,14,1,258,764,333,93,44,1234,0,0,0,1234
04/20/2021,LAS,NV,AWP,WE,Towers with Radar,560,71,57,52,740,0,233,3,7,243,560,304,60,59,983,0,0,0,983
04/21/2021,LAS,NV,AWP,WE,Towers with Radar,560,81,96,48,785,0,208,2,2,212,560,289,98,50,997,0,0,0,997
04/22/2021,LAS,NV,AWP,WE,Towers with Radar,804,108,114,49,1075,0,236,3,8,247,804,344,117,57,1322,0,0,0,1322
04/23/2021,LAS,NV,AWP,WE,Towers with Radar,798,124,128,47,1097,0,302,8,3,313,798,426,136,50,1410,0,0,0,1410
04/24/2021,LAS,NV,AWP,WE,Towers with Radar,625,83,50,2,760,0,347,5,1,353,625,430,55,3,1113,0,0,0,1113
04/25/2021,LAS,NV,AWP,WE,Towers with Radar,825,117,118,2,1062,0,302,4,0,306,825,419,122,2,1368,0,0,0,1368
04/26/2021,LAS,NV,AWP,WE,Towers with Radar,795,85,62,44,986,0,225,1,0,226,795,310,63,44,1212,0,0,0,1212
04/27/2021,LAS,NV,AWP,WE,Towers with Radar,555,61,68,48,732,0,217,0,2,219,555,278,68,50,951,0,0,0,951
04/28/2021,LAS,NV,AWP,WE,Towers with Radar,572,85,89,45,791,0,212,8,2,222,572,297,97,47,1013,0,0,0,1013
04/29/2021,LAS,NV,AWP,WE,Towers with Radar,806,111,125,46,1088,0,223,7,4,234,806,334,132,50,1322,0,0,0,1322
04/30/2021,LAS,NV,AWP,WE,Towers with Radar,794,121,126,49,1090,0,340,23,1,364,794,461,149,50,1454,0,0,0,1454
05/01/2021,LAS,NV,AWP,WE,Towers with Radar,645,80,70,5,800,0,368,21,1,390,645,448,91,6,1190,0,0,0,1190
05/02/2021,LAS,NV,AWP,WE,Towers with Radar,809,116,123,2,1050,0,370,15,2,387,809,486,138,4,1437,0,0,0,1437
05/03/2021,LAS,NV,AWP,WE,Towers with Radar,781,85,92,43,1001,0,252,5,3,260,781,337,97,46,1261,0,0,0,1261
05/04/2021,LAS,NV,AWP,WE,Towers with Radar,538,56,99,48,741,0,229,7,9,245,538,285,106,57,986,0,0,0,986
05/05/2021,LAS,NV,AWP,WE,Towers with Radar,612,78,104,51,845,0,231,13,1,245,612,309,117,52,1090,0,0,0,1090
05/06/2021,LAS,NV,AWP,WE,Towers with Radar,830,87,96,54,1067,0,245,11,2,258,830,332,107,56,1325,0,0,0,1325
05/07/2021,LAS,NV,AWP,WE,Towers with Radar,839,113,92,42,1086,0,326,7,4,337,839,439,99,46,1423,0,0,0,1423
05/08/2021,LAS,NV,AWP,WE,Towers with Radar,717,68,69,0,854,0,385,8,0,393,717,453,77,0,1247,0,0,0,1247
05/09/2021,LAS,NV,AWP,WE,Towers with Radar,889,102,110,5,1106,0,369,5,1,375,889,471,115,6,1481,0,0,0,1481
05/10/2021,LAS,NV,AWP,WE,Towers with Radar,879,84,58,51,1072,0,262,0,3,265,879,346,58,54,1337,0,0,0,1337
05/11/2021,LAS,NV,AWP,WE,Towers with Radar,712,78,70,50,910,0,234,3,4,241,712,312,73,54,1151,0,0,0,1151
05/12/2021,LAS,NV,AWP,WE,Towers with Radar,726,76,103,46,951,0,253,5,3,261,726,329,108,49,1212,0,0,0,1212
05/13/2021,LAS,NV,AWP,WE,Towers with Radar,899,113,93,48,1153,0,259,5,5,269,899,372,98,53,1422,0,0,0,1422
05/14/2021,LAS,NV,AWP,WE,Towers with Radar,910,113,150,49,1222,0,346,9,1,356,910,459,159,50,1578,0,0,0,1578
05/15/2021,LAS,NV,AWP,WE,Towers with Radar,733,76,70,3,882,0,387,4,0,391,733,463,74,3,1273,0,0,0,1273
05/16/2021,LAS,NV,AWP,WE,Towers with Radar,903,124,144,2,1173,0,346,7,0,353,903,470,151,2,1526,0,0,0,1526
05/17/2021,LAS,NV,AWP,WE,Towers with Radar,897,87,100,44,1128,0,265,3,2,270,897,352,103,46,1398,0,0,0,1398
05/18/2021,LAS,NV,AWP,WE,Towers with Radar,733,79,107,41,960,0,274,17,2,293,733,353,124,43,1253,0,0,0,1253
05/19/2021,LAS,NV,AWP,WE,Towers with Radar,740,102,99,51,992,0,240,9,2,251,740,342,108,53,1243,0,0,0,1243
05/20/2021,LAS,NV,AWP,WE,Towers with Radar,905,118,110,45,1178,0,108,4,2,114,905,226,114,47,1292,0,0,0,1292
05/21/2021,LAS,NV,AWP,WE,Towers with Radar,915,126,127,24,1192,0,323,8,0,331,915,449,135,24,1523,0,0,0,1523
05/22/2021,LAS,NV,AWP,WE,Towers with Radar,725,100,88,0,913,0,367,8,0,375,725,467,96,0,1288,0,0,0,1288
05/23/2021,LAS,NV,AWP,WE,Towers with Radar,909,137,156,1,1203,0,369,16,1,386,909,506,172,2,1589,0,0,0,1589
05/24/2021,LAS,NV,AWP,WE,Towers with Radar,892,107,93,46,1138,0,283,16,2,301,892,390,109,48,1439,0,0,0,1439
05/25/2021,LAS,NV,AWP,WE,Towers with Radar,716,90,81,50,937,0,298,6,3,307,716,388,87,53,1244,0,0,0,1244
05/26/2021,LAS,NV,AWP,WE,Towers with Radar,737,108,92,44,981,0,271,6,5,282,737,379,98,49,1263,0,0,0,1263
05/27/2021,LAS,NV,AWP,WE,Towers with Radar,908,126,159,51,1244,0,274,9,3,286,908,400,168,54,1530,0,0,0,1530
05/28/2021,LAS,NV,AWP,WE,Towers with Radar,906,138,133,3,1180,0,344,12,0,356,906,482,145,3,1536,0,0,0,1536
05/29/2021,LAS,NV,AWP,WE,Towers with Radar,748,92,71,2,913,0,365,11,0,376,748,457,82,2,1289,0,0,0,1289
05/30/2021,LAS,NV,AWP,WE,Towers with Radar,907,107,68,0,1082,0,393,10,0,403,907,500,78,0,1485,0,0,0,1485
05/31/2021,LAS,NV,AWP,WE,Towers with Radar,904,115,113,1,1133,0,306,14,1,321,904,421,127,2,1454,0,0,0,1454
06/01/2021,LAS,NV,AWP,WE,Towers with Radar,792,89,84,45,1010,0,275,7,2,284,792,364,91,47,1294,0,0,0,1294
06/02/2021,LAS,NV,AWP,WE,Towers with Radar,816,89,97,46,1048,0,271,10,3,284,816,360,107,49,1332,0,0,0,1332
06/03/2021,LAS,NV,AWP,WE,Towers with Radar,899,116,96,48,1159,0,270,10,3,283,899,386,106,51,1442,0,0,0,1442
06/04/2021,LAS,NV,AWP,WE,Towers with Radar,933,147,116,41,1237,0,316,18,1,335,933,463,134,42,1572,0,0,0,1572
06/05/2021,LAS,NV,AWP,WE,Towers with Radar,774,105,91,4,974,0,369,16,3,388,774,474,107,7,1362,0,0,0,1362
06/06/2021,LAS,NV,AWP,WE,Towers with Radar,902,149,154,7,1212,0,350,18,1,369,902,499,172,8,1581,0,0,0,1581
06/07/2021,LAS,NV,AWP,WE,Towers with Radar,932,106,116,49,1203,0,285,5,3,293,932,391,121,52,1496,0,0,0,1496
06/08/2021,LAS,NV,AWP,WE,Towers with Radar,786,88,93,47,1014,0,290,9,3,302,786,378,102,50,1316,0,0,0,1316
06/09/2021,LAS,NV,AWP,WE,Towers with Radar,824,94,100,50,1068,0,277,9,3,289,824,371,109,53,1357,0,0,0,1357
06/10/2021,LAS,NV,AWP,WE,Towers with Radar,935,131,127,50,1243,0,278,6,2,286,935,409,133,52,1529,0,0,0,1529
06/11/2021,LAS,NV,AWP,WE,Towers with Radar,979,130,142,49,1300,0,318,13,1,332,979,448,155,50,1632,0,0,0,1632
06/12/2021,LAS,NV,AWP,WE,Towers with Radar,772,90,98,1,961,0,351,9,0,360,772,441,107,1,1321,0,0,0,1321
06/13/2021,LAS,NV,AWP,WE,Towers with Radar,905,143,147,2,1197,0,367,11,1,379,905,510,158,3,1576,0,0,0,1576
06/14/2021,LAS,NV,AWP,WE,Towers with Radar,939,99,106,44,1188,0,310,6,2,318,939,409,112,46,1506,0,0,0,1506
06/15/2021,LAS,NV,AWP,WE,Towers with Radar,719,87,84,46,936,0,309,12,2,323,719,396,96,48,1259,0,0,0,1259
06/16/2021,LAS,NV,AWP,WE,Towers with Radar,799,109,114,49,1071,0,264,5,3,272,799,373,119,52,1343,0,0,0,1343
06/17/2021,LAS,NV,AWP,WE,Towers with Radar,950,136,120,54,1260,0,310,5,1,316,950,446,125,55,1576,0,0,0,1576
06/18/2021,LAS,NV,AWP,WE,Towers with Radar,929,158,133,16,1236,0,367,3,0,370,929,525,136,16,1606,0,0,0,1606
06/19/2021,LAS,NV,AWP,WE,Towers with Radar,793,106,84,1,984,0,360,6,1,367,793,466,90,2,1351,0,0,0,1351
06/20/2021,LAS,NV,AWP,WE,Towers with Radar,892,144,113,2,1151,0,367,8,1,376,892,511,121,3,1527,0,0,0,1527
06/21/2021,LAS,NV,AWP,WE,Towers with Radar,940,118,107,44,1209,0,337,5,2,344,940,455,112,46,1553,0,0,0,1553
06/22/2021,LAS,NV,AWP,WE,Towers with Radar,801,110,93,51,1055,0,306,5,3,314,801,416,98,54,1369,0,0,0,1369
06/23/2021,LAS,NV,AWP,WE,Towers with Radar,837,105,93,43,1078,0,315,3,3,321,837,420,96,46,1399,0,0,0,1399
06/24/2021,LAS,NV,AWP,WE,Towers with Radar,896,129,114,46,1185,0,319,9,3,331,896,448,123,49,1516,0,0,0,1516
06/25/2021,LAS,NV,AWP,WE,Towers with Radar,951,147,139,43,1280,0,379,16,2,397,951,526,155,45,1677,0,0,0,1677
06/26/2021,LAS,NV,AWP,WE,Towers with Radar,784,97,97,0,978,0,391,11,0,402,784,488,108,0,1380,0,0,0,1380
06/27/2021,LAS,NV,AWP,WE,Towers with Radar,897,155,179,1,1232,0,374,11,4,389,897,529,190,5,1621,0,0,0,1621
06/28/2021,LAS,NV,AWP,WE,Towers with Radar,936,110,122,42,1210,0,306,8,2,316,936,416,130,44,1526,0,0,0,1526
06/29/2021,LAS,NV,AWP,WE,Towers with Radar,805,93,77,47,1022,0,255,5,1,261,805,348,82,48,1283,0,0,0,1283
06/30/2021,LAS,NV,AWP,WE,Towers with Radar,848,106,111,46,1111,0,311,15,2,328,848,417,126,48,1439,0,0,0,1439
07/01/2021,LAS,NV,AWP,WE,Towers with Radar,943,134,116,48,1241,0,296,5,1,302,943,430,121,49,1543,0,0,0,1543
07/02/2021,LAS,NV,AWP,WE,Towers with Radar,974,136,141,1,1252,0,308,8,0,316,974,444,149,1,1568,0,0,0,1568
07/03/2021,LAS,NV,AWP,WE,Towers with Radar,775,112,99,5,991,0,333,3,2,338,775,445,102,7,1329,0,0,0,1329
07/04/2021,LAS,NV,AWP,WE,Towers with Radar,874,105,89,0,1068,0,325,0,0,325,874,430,89,0,1393,0,0,0,1393
07/05/2021,LAS,NV,AWP,WE,Towers with Radar,939,117,144,3,1203,0,341,8,3,352,939,458,152,6,1555,0,0,0,1555
07/06/2021,LAS,NV,AWP,WE,Towers with Radar,831,106,97,42,1076,0,330,6,1,337,831,436,103,43,1413,0,0,0,1413
07/07/2021,LAS,NV,AWP,WE,Towers with Radar,846,88,98,50,1082,0,322,7,4,333,846,410,105,54,1415,0,0,0,1415
07/08/2021,LAS,NV,AWP,WE,Towers with Radar,941,147,150,52,1290,0,326,7,2,335,941,473,157,54,1625,0,0,0,1625
07/09/2021,LAS,NV,AWP,WE,Towers with Radar,912,176,212,40,1340,0,312,17,1,330,912,488,229,41,1670,0,0,0,1670
07/10/2021,LAS,NV,AWP,WE,Towers with Radar,823,149,155,2,1129,0,317,9,0,326,823,466,164,2,1455,0,0,0,1455
07/11/2021,LAS,NV,AWP,WE,Towers with Radar,889,231,286,1,1407,0,205,15,1,221,889,436,301,2,1628,0,0,0,1628
07/12/2021,LAS,NV,AWP,WE,Towers with Radar,932,149,146,46,1273,0,266,17,4,287,932,415,163,50,1560,0,0,0,1560
07/13/2021,LAS,NV,AWP,WE,Towers with Radar,902,96,97,51,1146,2,278,7,13,300,904,374,104,64,1446,0,0,0,1446
07/14/2021,LAS,NV,AWP,WE,Towers with Radar,856,109,113,52,1130,0,281,5,6,292,856,390,118,58,1422,0,0,0,1422
07/15/2021,LAS,NV,AWP,WE,Towers with Radar,964,138,113,53,1268,0,338,3,1,342,964,476,116,54,1610,0,0,0,1610
07/16/2021,LAS,NV,AWP,WE,Towers with Radar,972,116,102,44,1234,0,379,9,4,392,972,495,111,48,1626,0,0,0,1626
07/17/2021,LAS,NV,AWP,WE,Towers with Radar,784,108,73,2,967,0,390,6,0,396,784,498,79,2,1363,0,0,0,1363
07/18/2021,LAS,NV,AWP,WE,Towers with Radar,911,129,140,1,1181,0,321,2,0,323,911,450,142,1,1504,0,0,0,1504
07/19/2021,LAS,NV,AWP,WE,Towers with Radar,960,112,82,43,1197,0,337,5,3,345,960,449,87,46,1542,0,0,0,1542
07/20/2021,LAS,NV,AWP,WE,Towers with Radar,855,85,76,47,1063,0,306,15,5,326,855,391,91,52,1389,0,0,0,1389
07/21/2021,LAS,NV,AWP,WE,Towers with Radar,862,90,102,48,1102,0,340,8,4,352,862,430,110,52,1454,0,0,0,1454
07/22/2021,LAS,NV,AWP,WE,Towers with Radar,929,116,126,41,1212,0,324,10,3,337,929,440,136,44,1549,0,0,0,1549
07/23/2021,LAS,NV,AWP,WE,Towers with Radar,956,129,143,39,1267,0,351,8,5,364,956,480,151,44,1631,0,0,0,1631
07/24/2021,LAS,NV,AWP,WE,Towers with Radar,818,97,90,0,1005,0,385,7,0,392,818,482,97,0,1397,0,0,0,1397
07/25/2021,LAS,NV,AWP,WE,Towers with Radar,876,119,136,5,1136,0,182,8,1,191,876,301,144,6,1327,0,0,0,1327
07/26/2021,LAS,NV,AWP,WE,Towers with Radar,994,93,118,42,1247,0,364,4,1,369,994,457,122,43,1616,0,0,0,1616
07/27/2021,LAS,NV,AWP,WE,Towers with Radar,847,83,73,51,1054,0,333,3,5,341,847,416,76,56,1395,0,0,0,1395
07/28/2021,LAS,NV,AWP,WE,Towers with Radar,857,98,102,48,1105,0,363,6,1,370,857,461,108,49,1475,0,0,0,1475
07/29/2021,LAS,NV,AWP,WE,Towers with Radar,933,117,104,52,1206,0,298,3,1,302,933,415,107,53,1508,0,0,0,1508
07/30/2021,LAS,NV,AWP,WE,Towers with Radar,969,126,135,37,1267,0,357,9,1,367,969,483,144,38,1634,0,0,0,1634
07/31/2021,LAS,NV,AWP,WE,Towers with Radar,801,110,100,2,1013,0,350,11,0,361,801,460,111,2,1374,0,0,0,1374
08/01/2021,LAS,NV,AWP,WE,Towers with Radar,859,125,119,0,1103,0,407,15,0,422,859,532,134,0,1525,0,0,0,1525
08/02/2021,LAS,NV,AWP,WE,Towers with Radar,897,115,78,38,1128,0,334,10,5,349,897,449,88,43,1477,0,0,0,1477
08/03/2021,LAS,NV,AWP,WE,Towers with Radar,774,72,69,46,961,1,329,8,5,343,775,401,77,51,1304,0,0,0,1304
08/04/2021,LAS,NV,AWP,WE,Towers with Radar,811,73,100,50,1034,0,312,2,6,320,811,385,102,56,1354,0,0,0,1354
08/05/2021,LAS,NV,AWP,WE,Towers with Radar,912,111,117,50,1190,0,283,9,2,294,912,394,126,52,1484,0,0,0,1484
08/06/2021,LAS,NV,AWP,WE,Towers with Radar,920,121,114,38,1193,0,319,9,2,330,920,440,123,40,1523,0,0,0,1523
08/07/2021,LAS,NV,AWP,WE,Towers with Radar,815,89,83,3,990,0,284,6,0,290,815,373,89,3,1280,0,0,0,1280
08/08/2021,LAS,NV,AWP,WE,Towers with Radar,923,141,132,4,1200,0,333,11,1,345,923,474,143,5,1545,0,0,0,1545
08/09/2021,LAS,NV,AWP,WE,Towers with Radar,961,123,95,44,1223,0,240,10,1,251,961,363,105,45,1474,0,0,0,1474
08/10/2021,LAS,NV,AWP,WE,Towers with Radar,842,117,99,47,1105,0,256,6,1,263,842,373,105,48,1368,0,0,0,1368
08/11/2021,LAS,NV,AWP,WE,Towers with Radar,859,106,112,46,1123,0,263,5,3,271,859,369,117,49,1394,0,0,0,1394
08/12/2021,LAS,NV,AWP,WE,Towers with Radar,978,119,133,45,1275,0,256,11,3,270,978,375,144,48,1545,0,0,0,1545
08/13/2021,LAS,NV,AWP,WE,Towers with Radar,1002,142,121,39,1304,0,358,6,6,370,1002,500,127,45,1674,0,0,0,1674
08/14/2021,LAS,NV,AWP,WE,Towers with Radar,798,109,110,0,1017,0,369,14,0,383,798,478,124,0,1400,0,0,0,1400
08/15/2021,LAS,NV,AWP,WE,Towers with Radar,908,135,169,1,1213,0,329,18,1,348,908,464,187,2,1561,0,0,0,1561
08/16/2021,LAS,NV,AWP,WE,Towers with Radar,1009,108,102,41,1260,0,289,12,1,302,1009,397,114,42,1562,0,0,0,1562
08/17/2021,LAS,NV,AWP,WE,Towers with Radar,845,95,105,47,1092,0,269,8,5,282,845,364,113,52,1374,0,0,0,1374
08/18/2021,LAS,NV,AWP,WE,Towers with Radar,849,97,110,47,1103,0,300,4,8,312,849,397,114,55,1415,0,0,0,1415
08/19/2021,LAS,NV,AWP,WE,Towers with Radar,985,134,135,47,1301,0,317,3,2,322,985,451,138,49,1623,0,0,0,1623
08/20/2021,LAS,NV,AWP,WE,Towers with Radar,975,127,135,48,1285,0,326,6,2,334,975,453,141,50,1619,0,0,0,1619
08/21/2021,LAS,NV,AWP,WE,Towers with Radar,793,109,107,0,1009,0,359,7,0,366,793,468,114,0,1375,0,0,0,1375
08/22/2021,LAS,NV,AWP,WE,Towers with Radar,967,140,163,1,1271,0,321,13,1,335,967,461,176,2,1606,0,0,0,1606
08/23/2021,LAS,NV,AWP,WE,Towers with Radar,987,128,95,40,1250,0,263,7,5,275,987,391,102,45,1525,0,0,0,1525
08/24/2021,LAS,NV,AWP,WE,Towers with Radar,847,90,86,48,1071,0,235,4,2,241,847,325,90,50,1312,0,0,0,1312
08/25/2021,LAS,NV,AWP,WE,Towers with Radar,834,84,75,46,1039,0,251,6,2,259,834,335,81,48,1298,0,0,0,1298
08/26/2021,LAS,NV,AWP,WE,Towers with Radar,1006,122,99,47,1274,0,233,7,0,240,1006,355,106,47,1514,0,0,0,1514
08/27/2021,LAS,NV,AWP,WE,Towers with Radar,1001,142,141,50,1334,0,289,11,2,302,1001,431,152,52,1636,0,0,0,1636
08/28/2021,LAS,NV,AWP,WE,Towers with Radar,806,84,69,1,960,0,372,8,3,383,806,456,77,4,1343,0,0,0,1343
08/29/2021,LAS,NV,AWP,WE,Towers with Radar,950,130,137,5,1222,0,334,5,2,341,950,464,142,7,1563,0,0,0,1563
08/30/2021,LAS,NV,AWP,WE,Towers with Radar,963,109,85,47,1204,0,232,12,2,246,963,341,97,49,1450,0,0,0,1450
08/31/2021,LAS,NV,AWP,WE,Towers with Radar,834,69,72,49,1024,0,190,4,6,200,834,259,76,55,1224,0,0,0,1224
09/01/2021,LAS,NV,AWP,WE,Towers with Radar,835,78,96,46,1055,0,204,7,2,213,835,282,103,48,1268,0,0,0,1268
09/02/2021,LAS,NV,AWP,WE,Towers with Radar,1019,127,115,48,1309,0,244,8,4,256,1019,371,123,52,1565,0,0,0,1565
09/03/2021,LAS,NV,AWP,WE,Towers with Radar,1022,119,142,4,1287,1,314,7,0,322,1023,433,149,4,1609,0,0,0,1609
09/04/2021,LAS,NV,AWP,WE,Towers with Radar,793,105,96,1,995,0,384,16,0,400,793,489,112,1,1395,0,0,0,1395
09/05/2021,LAS,NV,AWP,WE,Towers with Radar,958,99,143,0,1200,0,393,8,0,401,958,492,151,0,1601,0,0,0,1601
09/06/2021,LAS,NV,AWP,WE,Towers with Radar,1011,112,140,3,1266,0,305,10,4,319,1011,417,150,7,1585,0,0,0,1585
09/07/2021,LAS,NV,AWP,WE,Towers with Radar,825,88,119,39,1071,0,244,20,1,265,825,332,139,40,1336,0,0,0,1336
09/08/2021,LAS,NV,AWP,WE,Towers with Radar,869,101,105,45,1120,0,236,8,5,249,869,337,113,50,1369,0,0,0,1369
09/09/2021,LAS,NV,AWP,WE,Towers with Radar,1019,130,115,46,1310,0,235,10,2,247,1019,365,125,48,1557,0,0,0,1557
09/10/2021,LAS,NV,AWP,WE,Towers with Radar,1017,137,142,37,1333,0,297,9,3,309,1017,434,151,40,1642,0,0,0,1642
09/11/2021,LAS,NV,AWP,WE,Towers with Radar,877,105,100,9,1091,0,359,7,1,367,877,464,107,10,1458,0,0,0,1458
09/12/2021,LAS,NV,AWP,WE,Towers with Radar,1034,168,206,3,1411,0,348,11,1,360,1034,516,217,4,1771,0,0,0,1771
09/13/2021,LAS,NV,AWP,WE,Towers with Radar,1017,167,148,39,1371,0,205,23,3,231,1017,372,171,42,1602,0,0,0,1602
09/14/2021,LAS,NV,AWP,WE,Towers with Radar,877,130,160,49,1216,0,272,10,1,283,877,402,170,50,1499,0,0,0,1499
09/15/2021,LAS,NV,AWP,WE,Towers with Radar,863,114,120,45,1142,0,270,16,2,288,863,384,136,47,1430,0,0,0,1430
09/16/2021,LAS,NV,AWP,WE,Towers with Radar,1070,145,135,48,1398,0,286,4,2,292,1070,431,139,50,1690,0,0,0,1690
09/17/2021,LAS,NV,AWP,WE,Towers with Radar,1048,174,163,38,1423,0,348,11,0,359,1048,522,174,38,1782,0,0,0,1782
09/18/2021,LAS,NV,AWP,WE,Towers with Radar,884,114,93,0,1091,0,374,10,0,384,884,488,103,0,1475,0,0,0,1475
09/19/2021,LAS,NV,AWP,WE,Towers with Radar,1056,154,189,1,1400,0,319,12,1,332,1056,473,201,2,1732,0,0,0,1732
09/20/2021,LAS,NV,AWP,WE,Towers with Radar,1035,126,118,36,1315,0,261,6,1,268,1035,387,124,37,1583,0,0,0,1583
09/21/2021,LAS,NV,AWP,WE,Towers with Radar,876,103,140,46,1165,0,277,9,2,288,876,380,149,48,1453,0,0,0,1453
09/22/2021,LAS,NV,AWP,WE,Towers with Radar,856,113,163,46,1178,0,228,11,2,241,856,341,174,48,1419,0,0,0,1419
09/23/2021,LAS,NV,AWP,WE,Towers with Radar,1039,168,176,48,1431,0,296,7,1,304,1039,464,183,49,1735,0,0,0,1735
09/24/2021,LAS,NV,AWP,WE,Towers with Radar,1062,180,244,38,1524,0,377,11,2,390,1062,557,255,40,1914,0,0,0,1914
09/25/2021,LAS,NV,AWP,WE,Towers with Radar,852,132,137,0,1121,0,384,11,0,395,852,516,148,0,1516,0,0,0,1516
09/26/2021,LAS,NV,AWP,WE,Towers with Radar,1033,180,265,3,1481,0,328,5,1,334,1033,508,270,4,1815,0,0,0,1815
09/27/2021,LAS,NV,AWP,WE,Towers with Radar,1040,138,159,42,1379,0,244,7,2,253,1040,382,166,44,1632,0,0,0,1632
09/28/2021,LAS,NV,AWP,WE,Towers with Radar,859,88,98,46,1091,0,213,13,6,232,859,301,111,52,1323,0,0,0,1323
09/29/2021,LAS,NV,AWP,WE,Towers with Radar,855,92,125,53,1125,0,220,15,5,240,855,312,140,58,1365,0,0,0,1365
09/30/2021,LAS,NV,AWP,WE,Towers with Radar,1048,121,120,49,1338,0,225,10,2,237,1048,346,130,51,1575,0,0,0,1575
10/01/2021,LAS,NV,AWP,WE,Towers with Radar,1041,153,157,33,1384,0,333,10,3,346,1041,486,167,36,1730,0,0,0,1730
10/02/2021,LAS,NV,AWP,WE,Towers with Radar,861,101,82,1,1045,0,372,3,1,376,861,473,85,2,1421,0,0,0,1421
10/03/2021,LAS,NV,AWP,WE,Towers with Radar,1026,154,183,1,1364,0,312,9,1,322,1026,466,192,2,1686,0,0,0,1686
10/04/2021,LAS,NV,AWP,WE,Towers with Radar,1047,155,180,43,1425,0,244,6,5,255,1047,399,186,48,1680,0,0,0,1680
10/05/2021,LAS,NV,AWP,WE,Towers with Radar,874,114,107,49,1144,0,244,3,4,251,874,358,110,53,1395,0,0,0,1395
10/06/2021,LAS,NV,AWP,WE,Towers with Radar,867,114,123,47,1151,0,252,4,3,259,867,366,127,50,1410,0,0,0,1410
10/07/2021,LAS,NV,AWP,WE,Towers with Radar,1027,171,135,47,1380,0,265,4,1,270,1027,436,139,48,1650,0,0,0,1650
10/08/2021,LAS,NV,AWP,WE,Towers with Radar,1013,173,209,39,1434,0,293,2,0,295,1013,466,211,39,1729,0,0,0,1729
10/09/2021,LAS,NV,AWP,WE,Towers with Radar,783,163,158,0,1104,0,376,9,0,385,783,539,167,0,1489,0,0,0,1489
10/10/2021,LAS,NV,AWP,WE,Towers with Radar,908,264,251,0,1423,0,295,22,0,317,908,559,273,0,1740,0,0,0,1740
10/11/2021,LAS,NV,AWP,WE,Towers with Radar,871,170,201,2,1244,0,58,5,2,65,871,228,206,4,1309,0,0,0,1309
10/12/2021,LAS,NV,AWP,WE,Towers with Radar,940,149,175,46,1310,0,237,7,1,245,940,386,182,47,1555,0,0,0,1555
10/13/2021,LAS,NV,AWP,WE,Towers with Radar,868,131,186,47,1232,0,258,8,2,268,868,389,194,49,1500,0,0,0,1500
10/14/2021,LAS,NV,AWP,WE,Towers with Radar,1032,158,218,45,1453,0,248,14,3,265,1032,406,232,48,1718,0,0,0,1718
10/15/2021,LAS,NV,AWP,WE,Towers with Radar,1038,153,174,46,1411,0,334,9,2,345,1038,487,183,48,1756,0,0,0,1756
10/16/2021,LAS,NV,AWP,WE,Towers with Radar,886,119,117,1,1123,0,371,7,0,378,886,490,124,1,1501,0,0,0,1501
10/17/2021,LAS,NV,AWP,WE,Towers with Radar,1026,155,181,4,1366,0,321,11,1,333,1026,476,192,5,1699,0,0,0,1699
10/18/2021,LAS,NV,AWP,WE,Towers with Radar,1014,144,107,49,1314,0,228,3,2,233,1014,372,110,51,1547,0,0,0,1547
10/19/2021,LAS,NV,AWP,WE,Towers with Radar,880,120,162,45,1207,0,249,9,5,263,880,369,171,50,1470,0,0,0,1470
10/20/2021,LAS,NV,AWP,WE,Towers with Radar,876,114,149,45,1184,0,231,12,5,248,876,345,161,50,1432,0,0,0,1432
10/21/2021,LAS,NV,AWP,WE,Towers with Radar,1030,169,211,48,1458,0,251,13,2,266,1030,420,224,50,1724,0,0,0,1724
10/22/2021,LAS,NV,AWP,WE,Towers with Radar,1024,171,202,37,1434,0,527,20,2,549,1024,698,222,39,1983,0,0,0,1983
10/23/2021,LAS,NV,AWP,WE,Towers with Radar,898,145,130,1,1174,0,926,6,2,934,898,1071,136,3,2108,0,0,0,2108
10/24/2021,LAS,NV,AWP,WE,Towers with Radar,998,190,222,2,1412,0,855,12,3,870,998,1045,234,5,2282,0,0,0,2282
10/25/2021,LAS,NV,AWP,WE,Towers with Radar,1030,168,153,23,1374,0,417,8,0,425,1030,585,161,23,1799,0,0,0,1799
10/26/2021,LAS,NV,AWP,WE,Towers with Radar,908,101,145,51,1205,0,267,9,6,282,908,368,154,57,1487,0,0,0,1487
10/27/2021,LAS,NV,AWP,WE,Towers with Radar,872,118,130,47,1167,0,220,9,3,232,872,338,139,50,1399,0,0,0,1399
10/28/2021,LAS,NV,AWP,WE,Towers with Radar,1038,152,143,46,1379,0,232,11,2,245,1038,384,154,48,1624,0,0,0,1624
10/29/2021,LAS,NV,AWP,WE,Towers with Radar,1012,151,115,42,1320,0,335,12,1,348,1012,486,127,43,1668,0,0,0,1668
10/30/2021,LAS,NV,AWP,WE,Towers with Radar,850,119,101,5,1075,0,374,5,1,380,850,493,106,6,1455,0,0,0,1455
10/31/2021,LAS,NV,AWP,WE,Towers with Radar,948,152,128,1,1229,0,271,8,1,280,948,423,136,2,1509,0,0,0,1509
11/01/2021,LAS,NV,AWP,WE,Towers with Radar,966,127,136,42,1271,0,252,7,0,259,966,379,143,42,1530,0,0,0,1530
11/02/2021,LAS,NV,AWP,WE,Towers with Radar,868,101,127,46,1142,0,179,6,2,187,868,280,133,48,1329,0,0,0,1329
11/03/2021,LAS,NV,AWP,WE,Towers with Radar,870,99,156,46,1171,0,220,3,3,226,870,319,159,49,1397,0,0,0,1397
11/04/2021,LAS,NV,AWP,WE,Towers with Radar,1020,160,211,49,1440,0,248,7,5,260,1020,408,218,54,1700,0,0,0,1700
11/05/2021,LAS,NV,AWP,WE,Towers with Radar,996,205,231,47,1479,0,356,28,1,385,996,561,259,48,1864,0,0,0,1864
11/06/2021,LAS,NV,AWP,WE,Towers with Radar,841,148,123,1,1113,0,376,9,2,387,841,524,132,3,1500,0,0,0,1500
11/07/2021,LAS,NV,AWP,WE,Towers with Radar,964,217,256,6,1443,0,360,7,2,369,964,577,263,8,1812,0,0,0,1812
11/08/2021,LAS,NV,AWP,WE,Towers with Radar,979,156,137,46,1318,0,261,3,0,264,979,417,140,46,1582,0,0,0,1582
11/09/2021,LAS,NV,AWP,WE,Towers with Radar,804,104,120,46,1074,0,215,0,1,216,804,319,120,47,1290,0,0,0,1290
11/10/2021,LAS,NV,AWP,WE,Towers with Radar,810,94,117,47,1068,0,242,11,2,255,810,336,128,49,1323,0,0,0,1323
11/11/2021,LAS,NV,AWP,WE,Towers with Radar,987,163,135,0,1285,0,286,12,0,298,987,449,147,0,1583,0,0,0,1583
11/12/2021,LAS,NV,AWP,WE,Towers with Radar,974,169,182,10,1335,0,342,16,0,358,974,511,198,10,1693,0,0,0,1693
11/13/2021,LAS,NV,AWP,WE,Towers with Radar,831,146,131,0,1108,0,416,15,0,431,831,562,146,0,1539,0,0,0,1539
11/14/2021,LAS,NV,AWP,WE,Towers with Radar,967,211,191,1,1370,0,277,30,1,308,967,488,221,2,1678,0,0,0,1678
11/15/2021,LAS,NV,AWP,WE,Towers with Radar,975,208,199,44,1426,0,247,15,2,264,975,455,214,46,1690,0,0,0,1690
11/16/2021,LAS,NV,AWP,WE,Towers with Radar,796,114,137,48,1095,0,235,11,2,248,796,349,148,50,1343,0,0,0,1343
11/17/2021,LAS,NV,AWP,WE,Towers with Radar,815,138,126,48,1127,0,214,6,4,224,815,352,132,52,1351,0,0,0,1351
11/18/2021,LAS,NV,AWP,WE,Towers with Radar,969,151,148,50,1318,0,236,9,2,247,969,387,157,52,1565,0,0,0,1565
11/19/2021,LAS,NV,AWP,WE,Towers with Radar,965,166,177,47,1355,0,320,3,3,326,965,486,180,50,1681,0,0,0,1681
11/20/2021,LAS,NV,AWP,WE,Towers with Radar,815,101,119,2,1037,0,437,5,1,443,815,538,124,3,1480,0,0,0,1480
11/21/2021,LAS,NV,AWP,WE,Towers with Radar,957,163,166,2,1288,0,322,7,4,333,957,485,173,6,1621,0,0,0,1621
11/22/2021,LAS,NV,AWP,WE,Towers with Radar,969,140,93,46,1248,0,322,10,0,332,969,462,103,46,1580,0,0,0,1580
11/23/2021,LAS,NV,AWP,WE,Towers with Radar,956,112,103,48,1219,0,331,7,1,339,956,443,110,49,1558,0,0,0,1558
11/24/2021,LAS,NV,AWP,WE,Towers with Radar,981,145,121,42,1289,0,327,2,1,330,981,472,123,43,1619,0,0,0,1619
11/25/2021,LAS,NV,AWP,WE,Towers with Radar,758,80,46,0,884,0,237,2,0,239,758,317,48,0,1123,0,0,0,1123
11/26/2021,LAS,NV,AWP,WE,Towers with Radar,829,125,98,2,1054,0,404,5,0,409,829,529,103,2,1463,0,0,0,1463
11/27/2021,LAS,NV,AWP,WE,Towers with Radar,879,118,83,0,1080,0,463,6,1,470,879,581,89,1,1550,0,0,0,1550
11/28/2021,LAS,NV,AWP,WE,Towers with Radar,985,144,130,1,1260,0,298,17,1,316,985,442,147,2,1576,0,0,0,1576
11/29/2021,LAS,NV,AWP,WE,Towers with Radar,999,115,100,42,1256,0,181,8,1,190,999,296,108,43,1446,0,0,0,1446
11/30/2021,LAS,NV,AWP,WE,Towers with Radar,878,90,95,49,1112,0,184,6,2,192,878,274,101,51,1304,0,0,0,1304
12/01/2021,LAS,NV,AWP,WE,Towers with Radar,805,96,115,49,1065,0,176,36,3,215,805,272,151,52,1280,0,0,0,1280
12/02/2021,LAS,NV,AWP,WE,Towers with Radar,955,148,157,48,1308,0,200,11,2,213,955,348,168,50,1521,0,0,0,1521
12/03/2021,LAS,NV,AWP,WE,Towers with Radar,945,198,211,47,1401,0,263,10,2,275,945,461,221,49,1676,0,0,0,1676
12/04/2021,LAS,NV,AWP,WE,Towers with Radar,797,150,131,4,1082,0,355,14,4,373,797,505,145,8,1455,0,0,0,1455
12/05/2021,LAS,NV,AWP,WE,Towers with Radar,959,185,269,3,1416,0,241,10,2,253,959,426,279,5,1669,0,0,0,1669
12/06/2021,LAS,NV,AWP,WE,Towers with Radar,937,155,153,47,1292,0,173,11,0,184,937,328,164,47,1476,0,0,0,1476
12/07/2021,LAS,NV,AWP,WE,Towers with Radar,762,136,184,49,1131,9,203,1,2,215,771,339,185,51,1346,0,0,0,1346
12/08/2021,LAS,NV,AWP,WE,Towers with Radar,769,142,182,47,1140,0,211,11,3,225,769,353,193,50,1365,0,0,0,1365
12/09/2021,LAS,NV,AWP,WE,Towers with Radar,916,172,164,32,1284,0,156,0,1,157,916,328,164,33,1441,0,0,0,1441
12/10/2021,LAS,NV,AWP,WE,Towers with Radar,931,151,215,50,1347,0,298,13,4,315,931,449,228,54,1662,0,0,0,1662
12/11/2021,LAS,NV,AWP,WE,Towers with Radar,784,165,112,2,1063,0,349,20,0,369,784,514,132,2,1432,0,0,0,1432
12/12/2021,LAS,NV,AWP,WE,Towers with Radar,957,176,239,5,1377,0,266,18,2,286,957,442,257,7,1663,0,0,0,1663
12/13/2021,LAS,NV,AWP,WE,Towers with Radar,929,109,115,42,1195,0,217,5,0,222,929,326,120,42,1417,0,0,0,1417
12/14/2021,LAS,NV,AWP,WE,Towers with Radar,741,72,91,6,910,0,47,2,0,49,741,119,93,6,959,0,0,0,959
12/15/2021,LAS,NV,AWP,WE,Towers with Radar,761,82,104,22,969,0,194,4,2,200,761,276,108,24,1169,0,0,0,1169
12/16/2021,LAS,NV,AWP,WE,Towers with Radar,946,130,127,50,1253,0,201,9,1,211,946,331,136,51,1464,0,0,0,1464
12/17/2021,LAS,NV,AWP,WE,Towers with Radar,973,122,152,38,1285,0,223,9,5,237,973,345,161,43,1522,0,0,0,1522
12/18/2021,LAS,NV,AWP,WE,Towers with Radar,784,102,102,2,990,0,365,12,1,378,784,467,114,3,1368,0,0,0,1368
12/19/2021,LAS,NV,AWP,WE,Towers with Radar,934,109,130,1,1174,0,296,17,1,314,934,405,147,2,1488,0,0,0,1488
12/20/2021,LAS,NV,AWP,WE,Towers with Radar,944,107,80,30,1161,0,261,15,0,276,944,368,95,30,1437,0,0,0,1437
12/21/2021,LAS,NV,AWP,WE,Towers with Radar,876,62,67,34,1039,0,270,10,2,282,876,332,77,36,1321,0,0,0,1321
12/22/2021,LAS,NV,AWP,WE,Towers with Radar,876,80,82,31,1069,0,293,4,0,297,876,373,86,31,1366,0,0,0,1366
12/23/2021,LAS,NV,AWP,WE,Towers with Radar,950,107,83,2,1142,0,225,3,1,229,950,332,86,3,1371,0,0,0,1371
12/24/2021,LAS,NV,AWP,WE,Towers with Radar,863,81,51,0,995,0,246,1,0,247,863,327,52,0,1242,0,0,0,1242
12/25/2021,LAS,NV,AWP,WE,Towers with Radar,695,64,34,0,793,0,243,0,0,243,695,307,34,0,1036,0,0,0,1036
12/26/2021,LAS,NV,AWP,WE,Towers with Radar,853,109,111,1,1074,0,368,2,1,371,853,477,113,2,1445,0,0,0,1445
12/27/2021,LAS,NV,AWP,WE,Towers with Radar,899,110,99,19,1127,0,336,3,0,339,899,446,102,19,1466,0,0,0,1466
12/28/2021,LAS,NV,AWP,WE,Towers with Radar,892,85,75,31,1083,0,358,1,0,359,892,443,76,31,1442,0,0,0,1442
12/29/2021,LAS,NV,AWP,WE,Towers with Radar,886,99,96,15,1096,0,371,3,1,375,886,470,99,16,1471,0,0,0,1471
12/30/2021,LAS,NV,AWP,WE,Towers with Radar,932,165,176,10,1283,0,391,1,2,394,932,556,177,12,1677,0,0,0,1677
12/31/2021,LAS,NV,AWP,WE,Towers with Radar,829,122,103,0,1054,0,320,1,6,327,829,442,104,6,1381,0,0,0,1381
01/01/2022,LAS,NV,AWP,WE,Towers with Radar,693,97,94,0,884,0,454,6,0,460,693,551,100,0,1344,0,0,0,1344
01/02/2022,LAS,NV,AWP,WE,Towers with Radar,880,113,178,0,1171,1,424,5,1,431,881,537,183,1,1602,0,0,0,1602
01/03/2022,LAS,NV,AWP,WE,Towers with Radar,892,111,119,2,1124,0,266,16,0,282,892,377,135,2,1406,0,0,0,1406
01/04/2022,LAS,NV,AWP,WE,Towers with Radar,875,74,94,46,1089,0,207,6,2,215,875,281,100,48,1304,0,0,0,1304
01/05/2022,LAS,NV,AWP,WE,Towers with Radar,735,78,104,50,967,0,139,6,1,146,735,217,110,51,1113,0,0,0,1113
01/06/2022,LAS,NV,AWP,WE,Towers with Radar,849,108,114,45,1116,0,161,6,3,170,849,269,120,48,1286,0,0,0,1286
01/07/2022,LAS,NV,AWP,WE,Towers with Radar,874,109,120,42,1145,0,98,6,2,106,874,207,126,44,1251,0,0,0,1251
01/08/2022,LAS,NV,AWP,WE,Towers with Radar,795,65,65,7,932,0,277,5,3,285,795,342,70,10,1217,0,0,0,1217
01/09/2022,LAS,NV,AWP,WE,Towers with Radar,943,130,135,3,1211,0,212,11,1,224,943,342,146,4,1435,0,0,0,1435
01/10/2022,LAS,NV,AWP,WE,Towers with Radar,857,125,89,42,1113,0,145,9,0,154,857,270,98,42,1267,0,0,0,1267
01/11/2022,LAS,NV,AWP,WE,Towers with Radar,738,72,49,46,905,0,164,3,1,168,738,236,52,47,1073,0,0,0,1073
01/12/2022,LAS,NV,AWP,WE,Towers with Radar,768,70,64,53,955,0,157,1,6,164,768,227,65,59,1119,0,0,0,1119
01/13/2022,LAS,NV,AWP,WE,Towers with Radar,903,102,78,52,1135,0,160,9,3,172,903,262,87,55,1307,0,0,0,1307
01/14/2022,LAS,NV,AWP,WE,Towers with Radar,920,117,124,2,1163,0,248,6,0,254,920,365,130,2,1417,0,0,0,1417
01/15/2022,LAS,NV,AWP,WE,Towers with Radar,753,82,78,1,914,0,320,5,0,325,753,402,83,1,1239,0,0,0,1239
01/16/2022,LAS,NV,AWP,WE,Towers with Radar,880,97,107,1,1085,0,255,0,0,255,880,352,107,1,1340,0,0,0,1340
01/17/2022,LAS,NV,AWP,WE,Towers with Radar,925,131,114,3,1173,0,168,2,3,173,925,299,116,6,1346,0,0,0,1346
01/18/2022,LAS,NV,AWP,WE,Towers with Radar,778,90,111,42,1021,0,122,8,2,132,778,212,119,44,1153,0,0,0,1153
01/19/2022,LAS,NV,AWP,WE,Towers with Radar,786,106,111,47,1050,0,129,11,2,142,786,235,122,49,1192,0,0,0,1192
01/20/2022,LAS,NV,AWP,WE,Towers with Radar,971,129,144,48,1292,0,162,12,1,175,971,291,156,49,1467,0,0,0,1467
01/21/2022,LAS,NV,AWP,WE,Towers with Radar,973,130,157,41,1301,0,238,6,1,245,973,368,163,42,1546,0,0,0,1546
01/22/2022,LAS,NV,AWP,WE,Towers with Radar,751,110,87,2,950,0,316,11,1,328,751,426,98,3,1278,0,0,0,1278
01/23/2022,LAS,NV,AWP,WE,Towers with Radar,952,154,169,2,1277,0,245,12,1,258,952,399,181,3,1535,0,0,0,1535
01/24/2022,LAS,NV,AWP,WE,Towers with Radar,938,98,72,40,1148,0,156,5,0,161,938,254,77,40,1309,0,0,0,1309
01/25/2022,LAS,NV,AWP,WE,Towers with Radar,772,73,73,45,963,0,146,17,1,164,772,219,90,46,1127,0,0,0,1127
01/26/2022,LAS,NV,AWP,WE,Towers with Radar,800,94,70,47,1011,0,135,15,1,151,800,229,85,48,1162,0,0,0,1162
01/27/2022,LAS,NV,AWP,WE,Towers with Radar,955,130,98,49,1232,0,149,8,1,158,955,279,106,50,1390,0,0,0,1390
01/28/2022,LAS,NV,AWP,WE,Towers with Radar,957,130,126,47,1260,0,240,13,1,254,957,370,139,48,1514,0,0,0,1514
01/29/2022,LAS,NV,AWP,WE,Towers with Radar,728,80,66,3,877,0,381,12,0,393,728,461,78,3,1270,0,0,0,1270
01/30/2022,LAS,NV,AWP,WE,Towers with Radar,944,132,117,3,1196,0,257,13,1,271,944,389,130,4,1467,0,0,0,1467
01/31/2022,LAS,NV,AWP,WE,Towers with Radar,940,122,85,45,1192,0,132,7,0,139,940,254,92,45,1331,0,0,0,1331
02/01/2022,LAS,NV,AWP,WE,Towers with Radar,772,91,83,53,999,0,136,6,1,143,772,227,89,54,1142,0,0,0,1142
02/02/2022,LAS,NV,AWP,WE,Towers with Radar,763,107,114,43,1027,0,125,4,2,131,763,232,118,45,1158,0,0,0,1158
02/03/2022,LAS,NV,AWP,WE,Towers with Radar,854,104,112,48,1118,0,163,11,2,176,854,267,123,50,1294,0,0,0,1294
02/04/2022,LAS,NV,AWP,WE,Towers with Radar,916,152,159,44,1271,0,235,10,2,247,916,387,169,46,1518,0,0,0,1518
02/05/2022,LAS,NV,AWP,WE,Towers with Radar,740,103,100,1,944,0,351,15,0,366,740,454,115,1,1310,0,0,0,1310
02/06/2022,LAS,NV,AWP,WE,Towers with Radar,959,140,158,4,1261,0,244,19,1,264,959,384,177,5,1525,0,0,0,1525
02/07/2022,LAS,NV,AWP,WE,Towers with Radar,952,121,119,45,1237,0,174,11,0,185,952,295,130,45,1422,0,0,0,1422
02/08/2022,LAS,NV,AWP,WE,Towers with Radar,785,92,72,46,995,0,175,25,4,204,785,267,97,50,1199,0,0,0,1199
02/09/2022,LAS,NV,AWP,WE,Towers with Radar,817,87,89,47,1040,0,164,13,2,179,817,251,102,49,1219,0,0,0,1219
02/10/2022,LAS,NV,AWP,WE,Towers with Radar,995,126,133,48,1302,0,182,15,2,199,995,308,148,50,1501,0,0,0,1501
02/11/2022,LAS,NV,AWP,WE,Towers with Radar,984,144,166,46,1340,0,291,15,0,306,984,435,181,46,1646,0,0,0,1646
02/12/2022,LAS,NV,AWP,WE,Towers with Radar,761,137,94,2,994,0,469,3,0,472,761,606,97,2,1466,0,0,0,1466
02/13/2022,LAS,NV,AWP,WE,Towers with Radar,970,151,129,1,1251,0,312,11,1,324,970,463,140,2,1575,0,0,0,1575
02/14/2022,LAS,NV,AWP,WE,Towers with Radar,981,153,154,41,1329,0,423,10,1,434,981,576,164,42,1763,0,0,0,1763
02/15/2022,LAS,NV,AWP,WE,Towers with Radar,812,96,107,47,1062,0,247,3,1,251,812,343,110,48,1313,0,0,0,1313
02/16/2022,LAS,NV,AWP,WE,Towers with Radar,845,84,79,46,1054,0,238,11,1,250,845,322,90,47,1304,0,0,0,1304
02/17/2022,LAS,NV,AWP,WE,Towers with Radar,977,124,112,43,1256,0,239,11,2,252,977,363,123,45,1508,0,0,0,1508
02/18/2022,LAS,NV,AWP,WE,Towers with Radar,1009,128,135,2,1274,0,300,15,1,316,1009,428,150,3,1590,0,0,0,1590
02/19/2022,LAS,NV,AWP,WE,Towers with Radar,823,93,90,1,1007,0,418,16,0,434,823,511,106,1,1441,0,0,0,1441
02/20/2022,LAS,NV,AWP,WE,Towers with Radar,972,112,109,0,1193,0,362,12,0,374,972,474,121,0,1567,0,0,0,1567
02/21/2022,LAS,NV,AWP,WE,Towers with Radar,987,132,128,3,1250,0,193,4,7,204,987,325,132,10,1454,0,0,0,1454
02/22/2022,LAS,NV,AWP,WE,Towers with Radar,897,100,92,44,1133,0,280,3,1,284,897,380,95,45,1417,0,0,0,1417
02/23/2022,LAS,NV,AWP,WE,Towers with Radar,839,105,100,40,1084,0,207,6,0,213,839,312,106,40,1297,0,0,0,1297
02/24/2022,LAS,NV,AWP,WE,Towers with Radar,943,157,123,56,1279,0,288,11,1,300,943,445,134,57,1579,0,0,0,1579
02/25/2022,LAS,NV,AWP,WE,Towers with Radar,1022,168,153,49,1392,0,328,21,0,349,1022,496,174,49,1741,0,0,0,1741
02/26/2022,LAS,NV,AWP,WE,Towers with Radar,841,133,100,1,1075,0,393,8,0,401,841,526,108,1,1476,0,0,0,1476
02/27/2022,LAS,NV,AWP,WE,Towers with Radar,993,176,160,1,1330,0,194,20,3,217,993,370,180,4,1547,0,0,0,1547
02/28/2022,LAS,NV,AWP,WE,Towers with Radar,1004,142,77,44,1267,0,253,4,0,257,1004,395,81,44,1524,0,0,0,1524
03/01/2022,LAS,NV,AWP,WE,Towers with Radar,883,100,82,50,1115,0,240,4,3,247,883,340,86,53,1362,0,0,0,1362
03/02/2022,LAS,NV,AWP,WE,Towers with Radar,887,95,103,47,1132,0,228,13,4,245,887,323,116,51,1377,0,0,0,1377
03/03/2022,LAS,NV,AWP,WE,Towers with Radar,995,167,124,50,1336,0,249,7,7,263,995,416,131,57,1599,0,0,0,1599
03/04/2022,LAS,NV,AWP,WE,Towers with Radar,985,161,181,50,1377,0,334,6,0,340,985,495,187,50,1717,0,0,0,1717
03/05/2022,LAS,NV,AWP,WE,Towers with Radar,786,149,104,1,1040,0,302,0,4,306,786,451,104,5,1346,0,0,0,1346
03/06/2022,LAS,NV,AWP,WE,Towers with Radar,972,176,181,1,1330,0,343,9,1,353,972,519,190,2,1683,0,0,0,1683
03/07/2022,LAS,NV,AWP,WE,Towers with Radar,986,146,107,43,1282,0,237,10,4,251,986,383,117,47,1533,0,0,0,1533
03/08/2022,LAS,NV,AWP,WE,Towers with Radar,833,140,119,45,1137,0,243,9,1,253,833,383,128,46,1390,0,0,0,1390
03/09/2022,LAS,NV,AWP,WE,Towers with Radar,810,158,128,46,1142,0,237,8,7,252,810,395,136,53,1394,0,0,0,1394
03/10/2022,LAS,NV,AWP,WE,Towers with Radar,1024,182,203,48,1457,0,149,11,3,163,1024,331,214,51,1620,0,0,0,1620
03/11/2022,LAS,NV,AWP,WE,Towers with Radar,1022,152,194,46,1414,0,311,14,1,326,1022,463,208,47,1740,0,0,0,1740
03/12/2022,LAS,NV,AWP,WE,Towers with Radar,823,163,170,1,1157,0,371,10,0,381,823,534,180,1,1538,0,0,0,1538
03/13/2022,LAS,NV,AWP,WE,Towers with Radar,964,203,250,2,1419,0,309,22,1,332,964,512,272,3,1751,0,0,0,1751
03/14/2022,LAS,NV,AWP,WE,Towers with Radar,1014,125,93,43,1275,0,312,3,3,318,1014,437,96,46,1593,0,0,0,1593
03/15/2022,LAS,NV,AWP,WE,Towers with Radar,862,85,91,45,1083,0,313,9,1,323,862,398,100,46,1406,0,0,0,1406
03/16/2022,LAS,NV,AWP,WE,Towers with Radar,878,128,134,45,1185,0,308,7,1,316,878,436,141,46,1501,0,0,0,1501
03/17/2022,LAS,NV,AWP,WE,Towers with Radar,1031,147,138,47,1363,0,268,6,2,276,1031,415,144,49,1639,0,0,0,1639
03/18/2022,LAS,NV,AWP,WE,Towers with Radar,1041,151,188,42,1422,0,279,19,0,298,1041,430,207,42,1720,0,0,0,1720
03/19/2022,LAS,NV,AWP,WE,Towers with Radar,834,123,115,9,1081,0,380,19,0,399,834,503,134,9,1480,0,0,0,1480
03/20/2022,LAS,NV,AWP,WE,Towers with Radar,1033,159,204,1,1397,0,162,8,0,170,1033,321,212,1,1567,0,0,0,1567
03/21/2022,LAS,NV,AWP,WE,Towers with Radar,1037,126,130,48,1341,0,293,2,5,300,1037,419,132,53,1641,0,0,0,1641
03/22/2022,LAS,NV,AWP,WE,Towers with Radar,881,115,88,48,1132,0,301,4,2,307,881,416,92,50,1439,0,0,0,1439
03/23/2022,LAS,NV,AWP,WE,Towers with Radar,869,135,144,46,1194,0,297,14,5,316,869,432,158,51,1510,0,0,0,1510
03/24/2022,LAS,NV,AWP,WE,Towers with Radar,1033,157,142,47,1379,0,307,14,1,322,1033,464,156,48,1701,0,0,0,1701
03/25/2022,LAS,NV,AWP,WE,Towers with Radar,1069,127,148,44,1388,0,327,13,5,345,1069,454,161,49,1733,0,0,0,1733
03/26/2022,LAS,NV,AWP,WE,Towers with Radar,819,120,102,7,1048,0,377,5,0,382,819,497,107,7,1430,0,0,0,1430
03/27/2022,LAS,NV,AWP,WE,Towers with Radar,1044,152,142,4,1342,0,621,7,0,628,1044,773,149,4,1970,0,0,0,1970
03/28/2022,LAS,NV,AWP,WE,Towers with Radar,995,98,87,33,1213,0,412,0,0,412,995,510,87,33,1625,0,0,0,1625
03/29/2022,LAS,NV,AWP,WE,Towers with Radar,899,112,87,50,1148,0,483,9,2,494,899,595,96,52,1642,0,0,0,1642
03/30/2022,LAS,NV,AWP,WE,Towers with Radar,855,107,100,49,1111,0,281,10,2,293,855,388,110,51,1404,0,0,0,1404
03/31/2022,LAS,NV,AWP,WE,Towers with Radar,1009,150,142,54,1355,0,293,8,2,303,1009,443,150,56,1658,0,0,0,1658
04/01/2022,LAS,NV,AWP,WE,Towers with Radar,1005,164,181,50,1400,0,304,17,1,322,1005,468,198,51,1722,0,0,0,1722
04/02/2022,LAS,NV,AWP,WE,Towers with Radar,750,141,151,0,1042,0,362,10,0,372,750,503,161,0,1414,0,0,0,1414
04/03/2022,LAS,NV,AWP,WE,Towers with Radar,967,165,188,4,1324,0,302,12,1,315,967,467,200,5,1639,0,0,0,1639
04/04/2022,LAS,NV,AWP,WE,Towers with Radar,991,155,143,43,1332,0,307,5,2,314,991,462,148,45,1646,0,0,0,1646
04/05/2022,LAS,NV,AWP,WE,Towers with Radar,892,84,98,47,1121,0,312,7,2,321,892,396,105,49,1442,0,0,0,1442
04/06/2022,LAS,NV,AWP,WE,Towers with Radar,902,94,97,45,1138,0,306,5,4,315,902,400,102,49,1453,0,0,0,1453
04/07/2022,LAS,NV,AWP,WE,Towers with Radar,1008,140,132,49,1329,0,291,8,4,303,1008,431,140,53,1632,0,0,0,1632
04/08/2022,LAS,NV,AWP,WE,Towers with Radar,1032,140,133,40,1345,0,313,14,3,330,1032,453,147,43,1675,0,0,0,1675
04/09/2022,LAS,NV,AWP,WE,Towers with Radar,785,140,93,2,1020,0,334,3,1,338,785,474,96,3,1358,0,0,0,1358
04/10/2022,LAS,NV,AWP,WE,Towers with Radar,1020,151,132,2,1305,0,326,12,2,340,1020,477,144,4,1645,0,0,0,1645
04/11/2022,LAS,NV,AWP,WE,Towers with Radar,993,116,88,20,1217,0,75,1,2,78,993,191,89,22,1295,0,0,0,1295
04/12/2022,LAS,NV,AWP,WE,Towers with Radar,944,98,85,45,1172,0,323,0,4,327,944,421,85,49,1499,0,0,0,1499
04/13/2022,LAS,NV,AWP,WE,Towers with Radar,894,100,92,45,1131,0,346,2,2,350,894,446,94,47,1481,0,0,0,1481
04/14/2022,LAS,NV,AWP,WE,Towers with Radar,1035,148,123,48,1354,0,326,7,1,334,1035,474,130,49,1688,0,0,0,1688
04/15/2022,LAS,NV,AWP,WE,Towers with Radar,1047,131,112,45,1335,0,343,13,1,357,1047,474,125,46,1692,0,0,0,1692
04/16/2022,LAS,NV,AWP,WE,Towers with Radar,835,108,76,0,1019,0,285,1,0,286,835,393,77,0,1305,0,0,0,1305
04/17/2022,LAS,NV,AWP,WE,Towers with Radar,1046,130,92,2,1270,0,342,4,2,348,1046,472,96,4,1618,0,0,0,1618
04/18/2022,LAS,NV,AWP,WE,Towers with Radar,1026,125,95,42,1288,0,310,8,0,318,1026,435,103,42,1606,0,0,0,1606
04/19/2022,LAS,NV,AWP,WE,Towers with Radar,932,105,67,44,1148,0,280,4,2,286,932,385,71,46,1434,0,0,0,1434
04/20/2022,LAS,NV,AWP,WE,Towers with Radar,920,98,137,50,1205,0,312,13,3,328,920,410,150,53,1533,0,0,0,1533
04/21/2022,LAS,NV,AWP,WE,Towers with Radar,1049,127,136,52,1364,0,288,5,2,295,1049,415,141,54,1659,0,0,0,1659
04/22/2022,LAS,NV,AWP,WE,Towers with Radar,1063,160,140,27,1390,0,335,4,3,342,1063,495,144,30,1732,0,0,0,1732
04/23/2022,LAS,NV,AWP,WE,Towers with Radar,837,109,102,1,1049,0,348,10,0,358,837,457,112,1,1407,0,0,0,1407
04/24/2022,LAS,NV,AWP,WE,Towers with Radar,1035,170,172,2,1379,0,295,5,2,302,1035,465,177,4,1681,0,0,0,1681
04/25/2022,LAS,NV,AWP,WE,Towers with Radar,1033,120,117,45,1315,0,230,13,3,246,1033,350,130,48,1561,0,0,0,1561
04/26/2022,LAS,NV,AWP,WE,Towers with Radar,921,99,109,47,1176,0,246,8,4,258,921,345,117,51,1434,0,0,0,1434
04/27/2022,LAS,NV,AWP,WE,Towers with Radar,924,116,145,47,1232,0,234,15,5,254,924,350,160,52,1486,0,0,0,1486
04/28/2022,LAS,NV,AWP,WE,Towers with Radar,1071,169,148,46,1434,0,209,27,3,239,1071,378,175,49,1673,0,0,0,1673
04/29/2022,LAS,NV,AWP,WE,Towers with Radar,1074,169,134,39,1416,0,287,20,1,308,1074,456,154,40,1724,0,0,0,1724
04/30/2022,LAS,NV,AWP,WE,Towers with Radar,835,130,89,3,1057,0,335,6,0,341,835,465,95,3,1398,0,0,0,1398
05/01/2022,LAS,NV,AWP,WE,Towers with Radar,1039,165,167,3,1374,0,246,7,2,255,1039,411,174,5,1629,0,0,0,1629
05/02/2022,LAS,NV,AWP,WE,Towers with Radar,1065,117,84,42,1308,0,289,3,2,294,1065,406,87,44,1602,0,0,0,1602
05/03/2022,LAS,NV,AWP,WE,Towers with Radar,946,89,92,46,1173,0,294,5,7,306,946,383,97,53,1479,0,0,0,1479
05/04/2022,LAS,NV,AWP,WE,Towers with Radar,951,103,110,45,1209,0,275,5,3,283,951,378,115,48,1492,0,0,0,1492
05/05/2022,LAS,NV,AWP,WE,Towers with Radar,1046,150,134,48,1378,0,315,19,4,338,1046,465,153,52,1716,0,0,0,1716
05/06/2022,LAS,NV,AWP,WE,Towers with Radar,1066,131,113,41,1351,0,340,8,2,350,1066,471,121,43,1701,0,0,0,1701
05/07/2022,LAS,NV,AWP,WE,Towers with Radar,841,116,82,5,1044,0,341,3,1,345,841,457,85,6,1389,0,0,0,1389
05/08/2022,LAS,NV,AWP,WE,Towers with Radar,934,133,123,0,1190,0,180,12,0,192,934,313,135,0,1382,0,0,0,1382
05/09/2022,LAS,NV,AWP,WE,Towers with Radar,1122,146,143,46,1457,0,288,10,3,301,1122,434,153,49,1758,0,0,0,1758
05/10/2022,LAS,NV,AWP,WE,Towers with Radar,952,127,121,48,1248,0,262,7,4,273,952,389,128,52,1521,0,0,0,1521
05/11/2022,LAS,NV,AWP,WE,Towers with Radar,942,129,136,46,1253,0,258,10,2,270,942,387,146,48,1523,0,0,0,1523
05/12/2022,LAS,NV,AWP,WE,Towers with Radar,1053,174,197,52,1476,0,336,6,2,344,1053,510,203,54,1820,0,0,0,1820
05/13/2022,LAS,NV,AWP,WE,Towers with Radar,1059,175,154,50,1438,0,334,9,0,343,1059,509,163,50,1781,0,0,0,1781
05/14/2022,LAS,NV,AWP,WE,Towers with Radar,850,110,109,2,1071,0,350,7,0,357,850,460,116,2,1428,0,0,0,1428
05/15/2022,LAS,NV,AWP,WE,Towers with Radar,1061,182,197,5,1445,0,300,8,1,309,1061,482,205,6,1754,0,0,0,1754
05/16/2022,LAS,NV,AWP,WE,Towers with Radar,1059,137,99,45,1340,0,316,26,4,346,1059,453,125,49,1686,0,0,0,1686
05/17/2022,LAS,NV,AWP,WE,Towers with Radar,951,124,137,47,1259,0,306,6,6,318,951,430,143,53,1577,0,0,0,1577
05/18/2022,LAS,NV,AWP,WE,Towers with Radar,930,103,128,48,1209,0,323,13,2,338,930,426,141,50,1547,0,0,0,1547
05/19/2022,LAS,NV,AWP,WE,Towers with Radar,1061,176,153,47,1437,0,338,13,1,352,1061,514,166,48,1789,0,0,0,1789
05/20/2022,LAS,NV,AWP,WE,Towers with Radar,1038,162,156,46,1402,0,517,11,1,529,1038,679,167,47,1931,0,0,0,1931
05/21/2022,LAS,NV,AWP,WE,Towers with Radar,869,122,127,1,1119,0,870,14,1,885,869,992,141,2,2004,0,0,0,2004
05/22/2022,LAS,NV,AWP,WE,Towers with Radar,1038,180,209,3,1430,0,873,22,2,897,1038,1053,231,5,2327,0,0,0,2327
05/23/2022,LAS,NV,AWP,WE,Towers with Radar,1060,159,149,45,1413,0,547,20,0,567,1060,706,169,45,1980,0,0,0,1980
05/24/2022,LAS,NV,AWP,WE,Towers with Radar,942,148,168,44,1302,0,278,13,2,293,942,426,181,46,1595,0,0,0,1595
05/25/2022,LAS,NV,AWP,WE,Towers with Radar,957,126,133,47,1263,0,297,13,2,312,957,423,146,49,1575,0,0,0,1575
05/26/2022,LAS,NV,AWP,WE,Towers with Radar,1073,125,116,46,1360,0,282,5,2,289,1073,407,121,48,1649,0,0,0,1649
05/27/2022,LAS,NV,AWP,WE,Towers with Radar,1062,154,125,2,1343,0,331,14,0,345,1062,485,139,2,1688,0,0,0,1688
05/28/2022,LAS,NV,AWP,WE,Towers with Radar,861,109,71,0,1041,0,358,12,0,370,861,467,83,0,1411,0,0,0,1411
05/29/2022,LAS,NV,AWP,WE,Towers with Radar,1038,115,83,0,1236,0,309,9,0,318,1038,424,92,0,1554,0,0,0,1554
05/30/2022,LAS,NV,AWP,WE,Towers with Radar,1081,146,124,2,1353,0,323,6,1,330,1081,469,130,3,1683,0,0,0,1683
05/31/2022,LAS,NV,AWP,WE,Towers with Radar,950,124,87,43,1204,0,301,9,2,312,950,425,96,45,1516,0,0,0,1516
06/01/2022,LAS,NV,AWP,WE,Towers with Radar,927,106,92,47,1172,0,302,9,1,312,927,408,101,48,1484,0,0,0,1484
06/02/2022,LAS,NV,AWP,WE,Towers with Radar,1039,143,100,48,1330,0,296,1,3,300,1039,439,101,51,1630,0,0,0,1630
06/03/2022,LAS,NV,AWP,WE,Towers with Radar,1088,161,110,44,1403,0,300,11,4,315,1088,461,121,48,1718,0,0,0,1718
06/04/2022,LAS,NV,AWP,WE,Towers with Radar,858,101,74,9,1042,0,318,1,0,319,858,419,75,9,1361,0,0,0,1361
06/05/2022,LAS,NV,AWP,WE,Towers with Radar,1099,155,104,2,1360,0,321,4,1,326,1099,476,108,3,1686,0,0,0,1686
06/06/2022,LAS,NV,AWP,WE,Towers with Radar,1102,114,91,46,1353,0,263,5,0,268,1102,377,96,46,1621,0,0,0,1621
06/07/2022,LAS,NV,AWP,WE,Towers with Radar,1037,103,71,46,1257,0,264,3,7,274,1037,367,74,53,1531,0,0,0,1531
06/08/2022,LAS,NV,AWP,WE,Towers with Radar,985,111,104,42,1242,0,251,4,2,257,985,362,108,44,1499,0,0,0,1499
06/09/2022,LAS,NV,AWP,WE,Towers with Radar,1116,121,117,47,1401,0,285,4,2,291,1116,406,121,49,1692,0,0,0,1692
06/10/2022,LAS,NV,AWP,WE,Towers with Radar,1117,136,107,44,1404,0,301,6,1,308,1117,437,113,45,1712,0,0,0,1712
06/11/2022,LAS,NV,AWP,WE,Towers with Radar,941,127,88,5,1161,0,329,6,0,335,941,456,94,5,1496,0,0,0,1496
06/12/2022,LAS,NV,AWP,WE,Towers with Radar,1084,149,136,6,1375,0,276,13,1,290,1084,425,149,7,1665,0,0,0,1665
06/13/2022,LAS,NV,AWP,WE,Towers with Radar,1142,131,90,40,1403,0,263,4,0,267,1142,394,94,40,1670,0,0,0,1670
06/14/2022,LAS,NV,AWP,WE,Towers with Radar,1013,96,54,51,1214,0,298,12,2,312,1013,394,66,53,1526,0,0,0,1526
06/15/2022,LAS,NV,AWP,WE,Towers with Radar,1019,101,89,47,1256,0,277,11,3,291,1019,378,100,50,1547,0,0,0,1547
06/16/2022,LAS,NV,AWP,WE,Towers with Radar,1086,136,112,49,1383,0,305,10,4,319,1086,441,122,53,1702,0,0,0,1702
06/17/2022,LAS,NV,AWP,WE,Towers with Radar,1108,129,101,3,1341,0,313,5,3,321,1108,442,106,6,1662,0,0,0,1662
06/18/2022,LAS,NV,AWP,WE,Towers with Radar,934,90,88,3,1115,0,327,12,0,339,934,417,100,3,1454,0,0,0,1454
06/19/2022,LAS,NV,AWP,WE,Towers with Radar,1113,152,107,1,1373,0,371,18,0,389,1113,523,125,1,1762,0,0,0,1762
06/20/2022,LAS,NV,AWP,WE,Towers with Radar,1117,130,92,4,1343,0,311,9,4,324,1117,441,101,8,1667,0,0,0,1667
06/21/2022,LAS,NV,AWP,WE,Towers with Radar,1016,83,73,41,1213,0,284,8,1,293,1016,367,81,42,1506,0,0,0,1506
06/22/2022,LAS,NV,AWP,WE,Towers with Radar,990,101,86,48,1225,0,260,10,2,272,990,361,96,50,1497,0,0,0,1497
06/23/2022,LAS,NV,AWP,WE,Towers with Radar,1125,124,107,41,1397,0,270,20,3,293,1125,394,127,44,1690,0,0,0,1690
06/24/2022,LAS,NV,AWP,WE,Towers with Radar,1130,150,112,45,1437,0,320,8,8,336,1130,470,120,53,1773,0,0,0,1773
06/25/2022,LAS,NV,AWP,WE,Towers with Radar,910,104,66,1,1081,0,332,10,2,344,910,436,76,3,1425,0,0,0,1425
06/26/2022,LAS,NV,AWP,WE,Towers with Radar,1105,118,117,2,1342,0,304,12,2,318,1105,422,129,4,1660,0,0,0,1660
06/27/2022,LAS,NV,AWP,WE,Towers with Radar,1105,117,93,39,1354,0,266,8,5,279,1105,383,101,44,1633,0,0,0,1633
06/28/2022,LAS,NV,AWP,WE,Towers with Radar,1030,86,54,43,1213,0,220,12,3,235,1030,306,66,46,1448,0,0,0,1448
06/29/2022,LAS,NV,AWP,WE,Towers with Radar,992,114,100,47,1253,0,286,18,5,309,992,400,118,52,1562,0,0,0,1562
06/30/2022,LAS,NV,AWP,WE,Towers with Radar,1120,149,103,48,1420,0,304,10,6,320,1120,453,113,54,1740,0,0,0,1740
07/01/2022,LAS,NV,AWP,WE,Towers with Radar,1124,150,122,26,1422,0,301,3,0,304,1124,451,125,26,1726,0,0,0,1726
07/02/2022,LAS,NV,AWP,WE,Towers with Radar,935,134,104,0,1173,0,341,4,0,345,935,475,108,0,1518,0,0,0,1518
07/03/2022,LAS,NV,AWP,WE,Towers with Radar,1082,119,106,0,1307,0,362,3,0,365,1082,481,109,0,1672,0,0,0,1672
07/04/2022,LAS,NV,AWP,WE,Towers with Radar,1073,111,61,3,1248,0,333,2,3,338,1073,444,63,6,1586,0,0,0,1586
07/05/2022,LAS,NV,AWP,WE,Towers with Radar,1048,117,68,39,1272,0,308,6,1,315,1048,425,74,40,1587,0,0,0,1587
07/06/2022,LAS,NV,AWP,WE,Towers with Radar,1036,111,63,48,1258,0,324,12,4,340,1036,435,75,52,1598,0,0,0,1598
07/07/2022,LAS,NV,AWP,WE,Towers with Radar,1151,144,95,51,1441,0,312,5,3,320,1151,456,100,54,1761,0,0,0,1761
07/08/2022,LAS,NV,AWP,WE,Towers with Radar,1143,139,112,43,1437,0,337,9,0,346,1143,476,121,43,1783,0,0,0,1783
07/09/2022,LAS,NV,AWP,WE,Towers with Radar,940,126,69,3,1138,0,350,7,4,361,940,476,76,7,1499,0,0,0,1499
07/10/2022,LAS,NV,AWP,WE,Towers with Radar,1123,164,103,2,1392,0,316,5,2,323,1123,480,108,4,1715,0,0,0,1715
07/11/2022,LAS,NV,AWP,WE,Towers with Radar,1169,143,106,43,1461,0,302,6,1,309,1169,445,112,44,1770,0,0,0,1770
07/12/2022,LAS,NV,AWP,WE,Towers with Radar,1031,105,80,46,1262,0,311,10,2,323,1031,416,90,48,1585,0,0,0,1585
07/13/2022,LAS,NV,AWP,WE,Towers with Radar,1039,118,87,49,1293,0,312,9,4,325,1039,430,96,53,1618,0,0,0,1618
07/14/2022,LAS,NV,AWP,WE,Towers with Radar,1030,124,113,44,1311,0,254,2,5,261,1030,378,115,49,1572,0,0,0,1572
07/15/2022,LAS,NV,AWP,WE,Towers with Radar,1170,143,110,38,1461,0,326,8,0,334,1170,469,118,38,1795,0,0,0,1795
07/16/2022,LAS,NV,AWP,WE,Towers with Radar,966,100,71,0,1137,0,363,12,1,376,966,463,83,1,1513,0,0,0,1513
07/17/2022,LAS,NV,AWP,WE,Towers with Radar,1143,141,99,2,1385,0,345,13,5,363,1143,486,112,7,1748,0,0,0,1748
07/18/2022,LAS,NV,AWP,WE,Towers with Radar,1157,108,86,42,1393,0,290,5,0,295,1157,398,91,42,1688,0,0,0,1688
07/19/2022,LAS,NV,AWP,WE,Towers with Radar,1051,86,87,47,1271,0,298,3,1,302,1051,384,90,48,1573,0,0,0,1573
07/20/2022,LAS,NV,AWP,WE,Towers with Radar,1025,85,82,48,1240,0,292,14,1,307,1025,377,96,49,1547,0,0,0,1547
07/21/2022,LAS,NV,AWP,WE,Towers with Radar,1143,131,97,43,1414,0,297,12,1,310,1143,428,109,44,1724,0,0,0,1724
07/22/2022,LAS,NV,AWP,WE,Towers with Radar,1161,128,92,42,1423,0,376,5,4,385,1161,504,97,46,1808,0,0,0,1808
07/23/2022,LAS,NV,AWP,WE,Towers with Radar,939,95,73,0,1107,0,382,23,0,405,939,477,96,0,1512,0,0,0,1512
07/24/2022,LAS,NV,AWP,WE,Towers with Radar,1124,139,100,1,1364,0,353,10,1,364,1124,492,110,2,1728,0,0,0,1728
07/25/2022,LAS,NV,AWP,WE,Towers with Radar,1048,96,72,39,1255,0,285,7,1,293,1048,381,79,40,1548,0,0,0,1548
07/26/2022,LAS,NV,AWP,WE,Towers with Radar,1003,102,70,43,1218,0,339,10,1,350,1003,441,80,44,1568,0,0,0,1568
07/27/2022,LAS,NV,AWP,WE,Towers with Radar,991,89,56,42,1178,0,206,3,2,211,991,295,59,44,1389,0,0,0,1389
07/28/2022,LAS,NV,AWP,WE,Towers with Radar,1128,141,85,43,1397,0,207,21,1,229,1128,348,106,44,1626,0,0,0,1626
07/29/2022,LAS,NV,AWP,WE,Towers with Radar,1101,138,80,37,1356,0,318,6,2,326,1101,456,86,39,1682,0,0,0,1682
07/30/2022,LAS,NV,AWP,WE,Towers with Radar,1027,110,65,3,1205,0,373,6,1,380,1027,483,71,4,1585,0,0,0,1585
07/31/2022,LAS,NV,AWP,WE,Towers with Radar,1044,129,85,0,1258,0,351,6,0,357,1044,480,91,0,1615,0,0,0,1615
08/01/2022,LAS,NV,AWP,WE,Towers with Radar,1159,101,58,36,1354,0,341,6,2,349,1159,442,64,38,1703,0,0,0,1703
08/02/2022,LAS,NV,AWP,WE,Towers with Radar,1040,69,57,46,1212,0,306,13,14,333,1040,375,70,60,1545,0,0,0,1545
08/03/2022,LAS,NV,AWP,WE,Towers with Radar,1030,93,77,48,1248,0,333,2,1,336,1030,426,79,49,1584,0,0,0,1584
08/04/2022,LAS,NV,AWP,WE,Towers with Radar,998,119,75,41,1233,0,330,4,1,335,998,449,79,42,1568,0,0,0,1568
08/05/2022,LAS,NV,AWP,WE,Towers with Radar,1129,159,112,39,1439,0,343,6,0,349,1129,502,118,39,1788,0,0,0,1788
08/06/2022,LAS,NV,AWP,WE,Towers with Radar,941,118,74,6,1139,0,345,3,0,348,941,463,77,6,1487,0,0,0,1487
08/07/2022,LAS,NV,AWP,WE,Towers with Radar,1133,146,138,1,1418,0,337,11,1,349,1133,483,149,2,1767,0,0,0,1767
08/08/2022,LAS,NV,AWP,WE,Towers with Radar,1144,103,72,42,1361,0,310,5,0,315,1144,413,77,42,1676,0,0,0,1676
08/09/2022,LAS,NV,AWP,WE,Towers with Radar,1023,88,62,44,1217,0,295,7,2,304,1023,383,69,46,1521,0,0,0,1521
08/10/2022,LAS,NV,AWP,WE,Towers with Radar,983,123,99,52,1257,0,303,4,3,310,983,426,103,55,1567,0,0,0,1567
08/11/2022,LAS,NV,AWP,WE,Towers with Radar,1083,141,85,44,1353,0,232,9,2,243,1083,373,94,46,1596,0,0,0,1596
08/12/2022,LAS,NV,AWP,WE,Towers with Radar,1139,131,90,37,1397,0,330,11,0,341,1139,461,101,37,1738,0,0,0,1738
08/13/2022,LAS,NV,AWP,WE,Towers with Radar,975,123,67,0,1165,0,412,5,0,417,975,535,72,0,1582,0,0,0,1582
08/14/2022,LAS,NV,AWP,WE,Towers with Radar,1082,164,95,1,1342,0,360,7,1,368,1082,524,102,2,1710,0,0,0,1710
08/15/2022,LAS,NV,AWP,WE,Towers with Radar,1170,121,63,37,1391,0,271,5,0,276,1170,392,68,37,1667,0,0,0,1667
08/16/2022,LAS,NV,AWP,WE,Towers with Radar,1048,85,74,42,1249,0,309,5,1,315,1048,394,79,43,1564,0,0,0,1564
08/17/2022,LAS,NV,AWP,WE,Towers with Radar,1034,107,103,42,1286,0,295,4,2,301,1034,402,107,44,1587,0,0,0,1587
08/18/2022,LAS,NV,AWP,WE,Towers with Radar,1139,143,110,41,1433,0,316,7,4,327,1139,459,117,45,1760,0,0,0,1760
08/19/2022,LAS,NV,AWP,WE,Towers with Radar,1168,155,99,39,1461,0,373,16,1,390,1168,528,115,40,1851,0,0,0,1851
08/20/2022,LAS,NV,AWP,WE,Towers with Radar,946,121,92,1,1160,0,350,5,1,356,946,471,97,2,1516,0,0,0,1516
08/21/2022,LAS,NV,AWP,WE,Towers with Radar,1130,167,124,1,1422,0,332,9,2,343,1130,499,133,3,1765,0,0,0,1765
08/22/2022,LAS,NV,AWP,WE,Towers with Radar,1141,105,73,39,1358,0,297,3,3,303,1141,402,76,42,1661,0,0,0,1661
08/23/2022,LAS,NV,AWP,WE,Towers with Radar,1037,69,69,43,1218,0,297,5,3,305,1037,366,74,46,1523,0,0,0,1523
08/24/2022,LAS,NV,AWP,WE,Towers with Radar,987,101,86,40,1214,0,277,3,1,281,987,378,89,41,1495,0,0,0,1495
08/25/2022,LAS,NV,AWP,WE,Towers with Radar,1165,120,96,45,1426,0,297,2,4,303,1165,417,98,49,1729,0,0,0,1729
08/26/2022,LAS,NV,AWP,WE,Towers with Radar,1160,146,92,33,1431,0,325,6,2,333,1160,471,98,35,1764,0,0,0,1764
08/27/2022,LAS,NV,AWP,WE,Towers with Radar,933,86,79,0,1098,0,359,9,1,369,933,445,88,1,1467,0,0,0,1467
08/28/2022,LAS,NV,AWP,WE,Towers with Radar,1147,139,91,2,1379,0,318,9,4,331,1147,457,100,6,1710,0,0,0,1710
08/29/2022,LAS,NV,AWP,WE,Towers with Radar,1146,134,66,36,1382,0,281,8,4,293,1146,415,74,40,1675,0,0,0,1675
08/30/2022,LAS,NV,AWP,WE,Towers with Radar,1039,99,54,41,1233,0,269,2,7,278,1039,368,56,48,1511,0,0,0,1511
08/31/2022,LAS,NV,AWP,WE,Towers with Radar,1019,105,83,42,1249,0,253,5,1,259,1019,358,88,43,1508,0,0,0,1508
09/01/2022,LAS,NV,AWP,WE,Towers with Radar,1150,132,118,41,1441,0,239,13,3,255,1150,371,131,44,1696,0,0,0,1696
09/02/2022,LAS,NV,AWP,WE,Towers with Radar,1171,124,127,26,1448,0,291,5,4,300,1171,415,132,30,1748,0,0,0,1748
09/03/2022,LAS,NV,AWP,WE,Towers with Radar,936,88,69,0,1093,0,342,5,4,351,936,430,74,4,1444,0,0,0,1444
09/04/2022,LAS,NV,AWP,WE,Towers with Radar,1037,108,92,1,1238,0,350,4,0,354,1037,458,96,1,1592,0,0,0,1592
09/05/2022,LAS,NV,AWP,WE,Towers with Radar,1150,134,115,3,1402,0,300,7,3,310,1150,434,122,6,1712,0,0,0,1712
09/06/2022,LAS,NV,AWP,WE,Towers with Radar,1054,113,103,38,1308,0,308,7,5,320,1054,421,110,43,1628,0,0,0,1628
09/07/2022,LAS,NV,AWP,WE,Towers with Radar,1009,127,107,42,1285,0,290,8,10,308,1009,417,115,52,1593,0,0,0,1593
09/08/2022,LAS,NV,AWP,WE,Towers with Radar,1146,162,115,44,1467,0,240,10,2,252,1146,402,125,46,1719,0,0,0,1719
09/09/2022,LAS,NV,AWP,WE,Towers with Radar,1210,188,142,37,1577,0,321,4,2,327,1210,509,146,39,1904,0,0,0,1904
09/10/2022,LAS,NV,AWP,WE,Towers with Radar,996,125,86,0,1207,0,370,5,0,375,996,495,91,0,1582,0,0,0,1582
09/11/2022,LAS,NV,AWP,WE,Towers with Radar,1208,176,140,2,1526,0,352,6,2,360,1208,528,146,4,1886,0,0,0,1886
09/12/2022,LAS,NV,AWP,WE,Towers with Radar,1219,157,110,42,1528,0,302,0,1,303,1219,459,110,43,1831,0,0,0,1831
09/13/2022,LAS,NV,AWP,WE,Towers with Radar,1056,110,111,46,1323,0,293,9,1,303,1056,403,120,47,1626,0,0,0,1626
09/14/2022,LAS,NV,AWP,WE,Towers with Radar,1039,131,118,46,1334,0,325,11,2,338,1039,456,129,48,1672,0,0,0,1672
09/15/2022,LAS,NV,AWP,WE,Towers with Radar,1226,158,146,41,1571,0,307,20,14,341,1226,465,166,55,1912,0,0,0,1912
09/16/2022,LAS,NV,AWP,WE,Towers with Radar,1222,167,156,40,1585,0,336,8,4,348,1222,503,164,44,1933,0,0,0,1933
09/17/2022,LAS,NV,AWP,WE,Towers with Radar,983,127,122,0,1232,0,370,8,0,378,983,497,130,0,1610,0,0,0,1610
09/18/2022,LAS,NV,AWP,WE,Towers with Radar,1176,227,193,2,1598,0,742,8,2,752,1176,969,201,4,2350,0,0,0,2350
09/19/2022,LAS,NV,AWP,WE,Towers with Radar,1207,179,144,39,1569,0,742,9,6,757,1207,921,153,45,2326,0,0,0,2326
09/20/2022,LAS,NV,AWP,WE,Towers with Radar,1067,96,101,46,1310,0,313,4,1,318,1067,409,105,47,1628,0,0,0,1628
09/21/2022,LAS,NV,AWP,WE,Towers with Radar,1021,141,125,41,1328,0,294,30,5,329,1021,435,155,46,1657,0,0,0,1657
09/22/2022,LAS,NV,AWP,WE,Towers with Radar,1212,157,147,44,1560,0,317,13,15,345,1212,474,160,59,1905,0,0,0,1905
09/23/2022,LAS,NV,AWP,WE,Towers with Radar,1235,187,140,33,1595,0,319,16,3,338,1235,506,156,36,1933,0,0,0,1933
09/24/2022,LAS,NV,AWP,WE,Towers with Radar,984,115,87,0,1186,0,390,10,4,404,984,505,97,4,1590,0,0,0,1590
09/25/2022,LAS,NV,AWP,WE,Towers with Radar,1193,151,135,2,1481,0,365,10,2,377,1193,516,145,4,1858,0,0,0,1858
09/26/2022,LAS,NV,AWP,WE,Towers with Radar,1209,94,79,42,1424,0,313,6,1,320,1209,407,85,43,1744,0,0,0,1744
09/27/2022,LAS,NV,AWP,WE,Towers with Radar,1045,120,108,42,1315,0,302,5,4,311,1045,422,113,46,1626,0,0,0,1626
09/28/2022,LAS,NV,AWP,WE,Towers with Radar,960,146,108,39,1253,0,289,11,1,301,960,435,119,40,1554,0,0,0,1554
09/29/2022,LAS,NV,AWP,WE,Towers with Radar,1198,156,125,42,1521,0,254,9,2,265,1198,410,134,44,1786,0,0,0,1786
09/30/2022,LAS,NV,AWP,WE,Towers with Radar,1178,211,177,38,1604,0,334,3,0,337,1178,545,180,38,1941,0,0,0,1941
10/01/2022,LAS,NV,AWP,WE,Towers with Radar,903,140,133,0,1176,0,401,10,0,411,903,541,143,0,1587,0,0,0,1587
10/02/2022,LAS,NV,AWP,WE,Towers with Radar,1159,188,215,1,1563,0,338,10,0,348,1159,526,225,1,1911,0,0,0,1911
10/03/2022,LAS,NV,AWP,WE,Towers with Radar,1211,170,141,36,1558,0,284,5,2,291,1211,454,146,38,1849,0,0,0,1849
10/04/2022,LAS,NV,AWP,WE,Towers with Radar,1063,122,107,38,1330,0,312,8,2,322,1063,434,115,40,1652,0,0,0,1652
10/05/2022,LAS,NV,AWP,WE,Towers with Radar,1046,105,77,37,1265,0,233,13,1,247,1046,338,90,38,1512,0,0,0,1512
10/06/2022,LAS,NV,AWP,WE,Towers with Radar,1212,169,152,42,1575,0,304,4,4,312,1212,473,156,46,1887,0,0,0,1887
10/07/2022,LAS,NV,AWP,WE,Towers with Radar,1223,179,163,28,1593,0,305,15,2,322,1223,484,178,30,1915,0,0,0,1915
10/08/2022,LAS,NV,AWP,WE,Towers with Radar,1015,123,120,0,1258,0,382,22,1,405,1015,505,142,1,1663,0,0,0,1663
10/09/2022,LAS,NV,AWP,WE,Towers with Radar,1214,196,177,1,1588,0,340,16,0,356,1214,536,193,1,1944,0,0,0,1944
10/10/2022,LAS,NV,AWP,WE,Towers with Radar,1214,152,116,4,1486,0,331,5,3,339,1214,483,121,7,1825,0,0,0,1825
10/11/2022,LAS,NV,AWP,WE,Towers with Radar,1102,124,101,44,1371,0,305,8,2,315,1102,429,109,46,1686,0,0,0,1686
10/12/2022,LAS,NV,AWP,WE,Towers with Radar,1071,114,117,42,1344,0,263,8,4,275,1071,377,125,46,1619,0,0,0,1619
10/13/2022,LAS,NV,AWP,WE,Towers with Radar,1205,158,149,45,1557,0,312,9,1,322,1205,470,158,46,1879,0,0,0,1879
10/14/2022,LAS,NV,AWP,WE,Towers with Radar,1245,175,124,38,1582,0,352,21,3,376,1245,527,145,41,1958,0,0,0,1958
10/15/2022,LAS,NV,AWP,WE,Towers with Radar,1034,114,106,1,1255,0,407,7,1,415,1034,521,113,2,1670,0,0,0,1670
10/16/2022,LAS,NV,AWP,WE,Towers with Radar,1228,155,160,1,1544,0,425,10,1,436,1228,580,170,2,1980,0,0,0,1980
10/17/2022,LAS,NV,AWP,WE,Towers with Radar,1215,136,107,36,1494,0,335,7,2,344,1215,471,114,38,1838,0,0,0,1838
10/18/2022,LAS,NV,AWP,WE,Towers with Radar,1106,102,105,46,1359,0,291,5,7,303,1106,393,110,53,1662,0,0,0,1662
10/19/2022,LAS,NV,AWP,WE,Towers with Radar,1086,120,98,37,1341,0,253,5,2,260,1086,373,103,39,1601,0,0,0,1601
10/20/2022,LAS,NV,AWP,WE,Towers with Radar,1223,148,157,44,1572,0,295,8,3,306,1223,443,165,47,1878,0,0,0,1878
10/21/2022,LAS,NV,AWP,WE,Towers with Radar,1230,128,126,37,1521,0,299,4,4,307,1230,427,130,41,1828,0,0,0,1828
10/22/2022,LAS,NV,AWP,WE,Towers with Radar,973,109,80,0,1162,0,108,1,0,109,973,217,81,0,1271,0,0,0,1271
10/23/2022,LAS,NV,AWP,WE,Towers with Radar,1243,179,170,1,1593,0,291,4,1,296,1243,470,174,2,1889,0,0,0,1889
10/24/2022,LAS,NV,AWP,WE,Towers with Radar,1215,141,130,32,1518,0,647,7,0,654,1215,788,137,32,2172,0,0,0,2172
10/25/2022,LAS,NV,AWP,WE,Towers with Radar,1092,130,82,45,1349,0,465,5,5,475,1092,595,87,50,1824,0,0,0,1824
10/26/2022,LAS,NV,AWP,WE,Towers with Radar,1098,139,102,39,1378,0,288,5,2,295,1098,427,107,41,1673,0,0,0,1673
10/27/2022,LAS,NV,AWP,WE,Towers with Radar,1237,154,120,42,1553,0,298,1,4,303,1237,452,121,46,1856,0,0,0,1856
10/28/2022,LAS,NV,AWP,WE,Towers with Radar,1234,153,136,33,1556,0,326,6,1,333,1234,479,142,34,1889,0,0,0,1889
10/29/2022,LAS,NV,AWP,WE,Towers with Radar,987,103,81,2,1173,0,323,10,0,333,987,426,91,2,1506,0,0,0,1506
10/30/2022,LAS,NV,AWP,WE,Towers with Radar,1199,147,128,3,1477,0,340,7,1,348,1199,487,135,4,1825,0,0,0,1825
10/31/2022,LAS,NV,AWP,WE,Towers with Radar,1161,127,77,34,1399,0,287,7,3,297,1161,414,84,37,1696,0,0,0,1696
11/01/2022,LAS,NV,AWP,WE,Towers with Radar,1069,138,153,43,1403,0,270,9,4,283,1069,408,162,47,1686,0,0,0,1686
11/02/2022,LAS,NV,AWP,WE,Towers with Radar,1076,126,115,40,1357,0,213,3,2,218,1076,339,118,42,1575,0,0,0,1575
11/03/2022,LAS,NV,AWP,WE,Towers with Radar,1175,143,132,47,1497,0,250,12,8,270,1175,393,144,55,1767,0,0,0,1767
11/04/2022,LAS,NV,AWP,WE,Towers with Radar,1174,175,134,40,1523,0,332,5,0,337,1174,507,139,40,1860,0,0,0,1860
11/05/2022,LAS,NV,AWP,WE,Towers with Radar,943,130,87,1,1161,0,351,13,0,364,943,481,100,1,1525,0,0,0,1525
11/06/2022,LAS,NV,AWP,WE,Towers with Radar,1135,182,136,4,1457,0,327,11,1,339,1135,509,147,5,1796,0,0,0,1796
11/07/2022,LAS,NV,AWP,WE,Towers with Radar,1132,129,77,31,1369,0,300,0,1,301,1132,429,77,32,1670,0,0,0,1670
11/08/2022,LAS,NV,AWP,WE,Towers with Radar,977,76,69,22,1144,0,141,0,0,141,977,217,69,22,1285,0,0,0,1285
11/09/2022,LAS,NV,AWP,WE,Towers with Radar,1003,106,76,38,1223,0,264,4,5,273,1003,370,80,43,1496,0,0,0,1496
11/10/2022,LAS,NV,AWP,WE,Towers with Radar,1139,167,106,2,1414,0,264,7,7,278,1139,431,113,9,1692,0,0,0,1692
11/11/2022,LAS,NV,AWP,WE,Towers with Radar,1154,165,140,5,1464,0,292,9,4,305,1154,457,149,9,1769,0,0,0,1769
11/12/2022,LAS,NV,AWP,WE,Towers with Radar,945,106,87,0,1138,0,367,21,0,388,945,473,108,0,1526,0,0,0,1526
11/13/2022,LAS,NV,AWP,WE,Towers with Radar,1143,199,170,2,1514,0,273,19,1,293,1143,472,189,3,1807,0,0,0,1807
11/14/2022,LAS,NV,AWP,WE,Towers with Radar,1150,174,138,34,1496,0,239,6,1,246,1150,413,144,35,1742,0,0,0,1742
11/15/2022,LAS,NV,AWP,WE,Towers with Radar,1018,124,104,45,1291,0,215,2,3,220,1018,339,106,48,1511,0,0,0,1511
11/16/2022,LAS,NV,AWP,WE,Towers with Radar,1000,136,135,41,1312,0,206,6,2,214,1000,342,141,43,1526,0,0,0,1526
11/17/2022,LAS,NV,AWP,WE,Towers with Radar,1137,163,134,45,1479,0,210,7,4,221,1137,373,141,49,1700,0,0,0,1700
11/18/2022,LAS,NV,AWP,WE,Towers with Radar,1149,173,163,36,1521,0,274,3,1,278,1149,447,166,37,1799,0,0,0,1799
11/19/2022,LAS,NV,AWP,WE,Towers with Radar,979,132,106,4,1221,0,390,8,0,398,979,522,114,4,1619,0,0,0,1619
11/20/2022,LAS,NV,AWP,WE,Towers with Radar,1164,178,133,1,1476,0,296,6,3,305,1164,474,139,4,1781,0,0,0,1781
11/21/2022,LAS,NV,AWP,WE,Towers with Radar,1148,121,69,31,1369,0,325,8,3,336,1148,446,77,34,1705,0,0,0,1705
11/22/2022,LAS,NV,AWP,WE,Towers with Radar,1062,94,82,41,1279,0,323,11,1,335,1062,417,93,42,1614,0,0,0,1614
11/23/2022,LAS,NV,AWP,WE,Towers with Radar,1050,131,79,32,1292,0,319,8,1,328,1050,450,87,33,1620,0,0,0,1620
11/24/2022,LAS,NV,AWP,WE,Towers with Radar,839,70,34,0,943,0,255,1,0,256,839,325,35,0,1199,0,0,0,1199
11/25/2022,LAS,NV,AWP,WE,Towers with Radar,1040,103,66,2,1211,0,366,16,0,382,1040,469,82,2,1593,0,0,0,1593
11/26/2022,LAS,NV,AWP,WE,Towers with Radar,1017,95,92,0,1204,0,418,10,0,428,1017,513,102,0,1632,0,0,0,1632
11/27/2022,LAS,NV,AWP,WE,Towers with Radar,1104,147,133,2,1386,0,298,5,1,304,1104,445,138,3,1690,0,0,0,1690
11/28/2022,LAS,NV,AWP,WE,Towers with Radar,1101,124,84,32,1341,0,202,6,2,210,1101,326,90,34,1551,0,0,0,1551
11/29/2022,LAS,NV,AWP,WE,Towers with Radar,1043,108,83,41,1275,0,182,25,1,208,1043,290,108,42,1483,0,0,0,1483
11/30/2022,LAS,NV,AWP,WE,Towers with Radar,993,120,88,40,1241,0,158,15,1,174,993,278,103,41,1415,0,0,0,1415
12/01/2022,LAS,NV,AWP,WE,Towers with Radar,1108,172,134,43,1457,0,193,2,2,197,1108,365,136,45,1654,0,0,0,1654
12/02/2022,LAS,NV,AWP,WE,Towers with Radar,1126,231,216,32,1605,0,256,6,2,264,1126,487,222,34,1869,0,0,0,1869
12/03/2022,LAS,NV,AWP,WE,Towers with Radar,934,158,124,3,1219,0,273,3,0,276,934,431,127,3,1495,0,0,0,1495
12/04/2022,LAS,NV,AWP,WE,Towers with Radar,1148,215,213,4,1580,0,239,0,1,240,1148,454,213,5,1820,0,0,0,1820
12/05/2022,LAS,NV,AWP,WE,Towers with Radar,1153,168,157,41,1519,0,204,2,1,207,1153,372,159,42,1726,0,0,0,1726
12/06/2022,LAS,NV,AWP,WE,Towers with Radar,1024,140,119,43,1326,0,153,5,1,159,1024,293,124,44,1485,0,0,0,1485
12/07/2022,LAS,NV,AWP,WE,Towers with Radar,1026,141,148,47,1362,0,194,11,1,206,1026,335,159,48,1568,0,0,0,1568
12/08/2022,LAS,NV,AWP,WE,Towers with Radar,1139,182,177,40,1538,0,212,6,1,219,1139,394,183,41,1757,0,0,0,1757
12/09/2022,LAS,NV,AWP,WE,Towers with Radar,1156,186,148,34,1524,0,255,16,3,274,1156,441,164,37,1798,0,0,0,1798
12/10/2022,LAS,NV,AWP,WE,Towers with Radar,938,133,81,2,1154,0,297,16,0,313,938,430,97,2,1467,0,0,0,1467
12/11/2022,LAS,NV,AWP,WE,Towers with Radar,1118,184,172,2,1476,0,212,1,0,213,1118,396,173,2,1689,0,0,0,1689
12/12/2022,LAS,NV,AWP,WE,Towers with Radar,1164,150,95,35,1444,0,195,6,0,201,1164,345,101,35,1645,0,0,0,1645
12/13/2022,LAS,NV,AWP,WE,Towers with Radar,995,81,69,47,1192,0,155,8,3,166,995,236,77,50,1358,0,0,0,1358
12/14/2022,LAS,NV,AWP,WE,Towers with Radar,1001,93,80,44,1218,0,187,14,9,210,1001,280,94,53,1428,0,0,0,1428
12/15/2022,LAS,NV,AWP,WE,Towers with Radar,1078,148,96,45,1367,0,176,14,7,197,1078,324,110,52,1564,0,0,0,1564
12/16/2022,LAS,NV,AWP,WE,Towers with Radar,1163,162,113,41,1479,0,174,4,1,179,1163,336,117,42,1658,0,0,0,1658
12/17/2022,LAS,NV,AWP,WE,Towers with Radar,986,109,111,2,1208,0,295,6,0,301,986,404,117,2,1509,0,0,0,1509
12/18/2022,LAS,NV,AWP,WE,Towers with Radar,1121,153,120,2,1396,0,232,3,1,236,1121,385,123,3,1632,0,0,0,1632
12/19/2022,LAS,NV,AWP,WE,Towers with Radar,1134,145,78,26,1383,0,237,7,2,246,1134,382,85,28,1629,0,0,0,1629
12/20/2022,LAS,NV,AWP,WE,Towers with Radar,1086,89,72,29,1276,0,271,5,1,277,1086,360,77,30,1553,0,0,0,1553
12/21/2022,LAS,NV,AWP,WE,Towers with Radar,991,93,75,25,1184,0,249,33,3,285,991,342,108,28,1469,0,0,0,1469
12/22/2022,LAS,NV,AWP,WE,Towers with Radar,981,118,75,25,1199,0,255,2,1,258,981,373,77,26,1457,0,0,0,1457
12/23/2022,LAS,NV,AWP,WE,Towers with Radar,865,133,81,2,1081,0,265,3,0,268,865,398,84,2,1349,0,0,0,1349
12/24/2022,LAS,NV,AWP,WE,Towers with Radar,708,75,46,0,829,0,267,7,2,276,708,342,53,2,1105,0,0,0,1105
12/25/2022,LAS,NV,AWP,WE,Towers with Radar,703,66,37,0,806,0,197,0,0,197,703,263,37,0,1003,0,0,0,1003
12/26/2022,LAS,NV,AWP,WE,Towers with Radar,674,114,82,3,873,0,334,10,3,347,674,448,92,6,1220,0,0,0,1220
12/27/2022,LAS,NV,AWP,WE,Towers with Radar,810,107,75,24,1016,0,241,6,3,250,810,348,81,27,1266,0,0,0,1266
12/28/2022,LAS,NV,AWP,WE,Towers with Radar,825,106,92,25,1048,0,318,7,1,326,825,424,99,26,1374,0,0,0,1374
12/29/2022,LAS,NV,AWP,WE,Towers with Radar,891,163,117,22,1193,0,356,3,1,360,891,519,120,23,1553,0,0,0,1553
12/30/2022,LAS,NV,AWP,WE,Towers with Radar,1060,189,146,0,1395,0,307,2,2,311,1060,496,148,2,1706,0,0,0,1706
12/31/2022,LAS,NV,AWP,WE,Towers with Radar,910,122,74,8,1114,0,354,3,0,357,910,476,77,8,1471,0,0,0,1471
01/01/2023,LAS,NV,AWP,WE,Towers with Radar,990,134,142,2,1268,0,372,5,0,377,990,506,147,2,1645,0,0,0,1645
01/02/2023,LAS,NV,AWP,WE,Towers with Radar,1037,182,171,3,1393,0,363,3,4,370,1037,545,174,7,1763,0,0,0,1763
01/03/2023,LAS,NV,AWP,WE,Towers with Radar,1178,125,125,35,1463,0,269,2,2,273,1178,394,127,37,1736,0,0,0,1736
01/04/2023,LAS,NV,AWP,WE,Towers with Radar,1143,112,124,37,1416,0,274,3,0,277,1143,386,127,37,1693,0,0,0,1693
01/05/2023,LAS,NV,AWP,WE,Towers with Radar,1181,169,111,18,1479,0,127,2,0,129,1181,296,113,18,1608,0,0,0,1608
01/06/2023,LAS,NV,AWP,WE,Towers with Radar,1204,173,166,36,1579,0,242,7,2,251,1204,415,173,38,1830,0,0,0,1830
01/07/2023,LAS,NV,AWP,WE,Towers with Radar,994,116,105,0,1215,0,297,8,0,305,994,413,113,0,1520,0,0,0,1520
01/08/2023,LAS,NV,AWP,WE,Towers with Radar,1270,143,106,1,1520,0,256,14,1,271,1270,399,120,2,1791,0,0,0,1791
01/09/2023,LAS,NV,AWP,WE,Towers with Radar,1235,104,72,32,1443,0,187,2,0,189,1235,291,74,32,1632,0,0,0,1632
01/10/2023,LAS,NV,AWP,WE,Towers with Radar,1010,71,54,38,1173,0,102,0,0,102,1010,173,54,38,1275,0,0,0,1275
01/11/2023,LAS,NV,AWP,WE,Towers with Radar,972,84,72,37,1165,0,222,3,2,227,972,306,75,39,1392,0,0,0,1392
01/12/2023,LAS,NV,AWP,WE,Towers with Radar,1170,114,78,37,1399,0,190,14,3,207,1170,304,92,40,1606,0,0,0,1606
01/13/2023,LAS,NV,AWP,WE,Towers with Radar,1172,127,107,29,1435,0,258,2,1,261,1172,385,109,30,1696,0,0,0,1696
01/14/2023,LAS,NV,AWP,WE,Towers with Radar,898,90,62,2,1052,0,242,3,0,245,898,332,65,2,1297,0,0,0,1297
01/15/2023,LAS,NV,AWP,WE,Towers with Radar,1122,132,89,1,1344,0,260,4,0,264,1122,392,93,1,1608,0,0,0,1608
01/16/2023,LAS,NV,AWP,WE,Towers with Radar,1150,119,115,2,1386,0,71,2,0,73,1150,190,117,2,1459,0,0,0,1459
01/17/2023,LAS,NV,AWP,WE,Towers with Radar,1004,112,102,34,1252,0,158,1,3,162,1004,270,103,37,1414,0,0,0,1414
01/18/2023,LAS,NV,AWP,WE,Towers with Radar,1006,115,117,37,1275,0,203,5,1,209,1006,318,122,38,1484,0,0,0,1484
01/19/2023,LAS,NV,AWP,WE,Towers with Radar,1156,162,134,41,1493,0,181,2,2,185,1156,343,136,43,1678,0,0,0,1678
01/20/2023,LAS,NV,AWP,WE,Towers with Radar,1180,154,157,33,1524,0,261,2,1,264,1180,415,159,34,1788,0,0,0,1788
01/21/2023,LAS,NV,AWP,WE,Towers with Radar,909,115,72,1,1097,0,338,6,0,344,909,453,78,1,1441,0,0,0,1441
01/22/2023,LAS,NV,AWP,WE,Towers with Radar,1136,166,137,1,1440,0,216,4,1,221,1136,382,141,2,1661,0,0,0,1661
01/23/2023,LAS,NV,AWP,WE,Towers with Radar,1162,110,83,18,1373,0,206,5,0,211,1162,316,88,18,1584,0,0,0,1584
01/24/2023,LAS,NV,AWP,WE,Towers with Radar,1003,78,89,43,1213,0,195,1,3,199,1003,273,90,46,1412,0,0,0,1412
01/25/2023,LAS,NV,AWP,WE,Towers with Radar,1012,88,95,37,1232,0,190,7,1,198,1012,278,102,38,1430,0,0,0,1430
01/26/2023,LAS,NV,AWP,WE,Towers with Radar,1170,146,100,42,1458,0,184,2,3,189,1170,330,102,45,1647,0,0,0,1647
01/27/2023,LAS,NV,AWP,WE,Towers with Radar,1165,138,121,37,1461,0,236,2,4,242,1165,374,123,41,1703,0,0,0,1703
01/28/2023,LAS,NV,AWP,WE,Towers with Radar,899,100,69,0,1068,0,318,3,0,321,899,418,72,0,1389,0,0,0,1389
01/29/2023,LAS,NV,AWP,WE,Towers with Radar,1116,154,131,2,1403,0,224,8,0,232,1116,378,139,2,1635,0,0,0,1635
01/30/2023,LAS,NV,AWP,WE,Towers with Radar,1003,132,174,30,1339,0,84,1,0,85,1003,216,175,30,1424,0,0,0,1424
01/31/2023,LAS,NV,AWP,WE,Towers with Radar,977,136,135,41,1289,0,164,3,3,170,977,300,138,44,1459,0,0,0,1459
02/01/2023,LAS,NV,AWP,WE,Towers with Radar,952,139,137,42,1270,0,141,8,3,152,952,280,145,45,1422,0,0,0,1422
02/02/2023,LAS,NV,AWP,WE,Towers with Radar,1149,178,200,43,1570,0,213,5,1,219,1149,391,205,44,1789,0,0,0,1789
02/03/2023,LAS,NV,AWP,WE,Towers with Radar,1149,178,113,38,1478,0,282,6,8,296,1149,460,119,46,1774,0,0,0,1774
02/04/2023,LAS,NV,AWP,WE,Towers with Radar,904,113,58,3,1078,0,347,3,0,350,904,460,61,3,1428,0,0,0,1428
02/05/2023,LAS,NV,AWP,WE,Towers with Radar,1119,163,130,2,1414,0,231,5,3,239,1119,394,135,5,1653,0,0,0,1653
02/06/2023,LAS,NV,AWP,WE,Towers with Radar,1179,117,81,37,1414,0,174,3,3,180,1179,291,84,40,1594,0,0,0,1594
02/07/2023,LAS,NV,AWP,WE,Towers with Radar,1007,101,62,41,1211,0,208,9,0,217,1007,309,71,41,1428,0,0,0,1428
02/08/2023,LAS,NV,AWP,WE,Towers with Radar,1018,103,86,38,1245,0,196,12,2,210,1018,299,98,40,1455,0,0,0,1455
02/09/2023,LAS,NV,AWP,WE,Towers with Radar,1144,153,112,41,1450,0,215,7,1,223,1144,368,119,42,1673,0,0,0,1673
02/10/2023,LAS,NV,AWP,WE,Towers with Radar,1174,223,134,33,1564,0,272,13,1,286,1174,495,147,34,1850,0,0,0,1850
02/11/2023,LAS,NV,AWP,WE,Towers with Radar,921,133,94,0,1148,0,379,2,0,381,921,512,96,0,1529,0,0,0,1529
02/12/2023,LAS,NV,AWP,WE,Towers with Radar,1129,181,112,1,1423,0,223,3,1,227,1129,404,115,2,1650,0,0,0,1650
02/13/2023,LAS,NV,AWP,WE,Towers with Radar,1138,215,176,25,1554,0,288,6,1,295,1138,503,182,26,1849,0,0,0,1849
02/14/2023,LAS,NV,AWP,WE,Towers with Radar,934,87,57,38,1116,0,285,6,1,292,934,372,63,39,1408,0,0,0,1408
02/15/2023,LAS,NV,AWP,WE,Towers with Radar,1027,124,82,38,1271,0,257,4,4,265,1027,381,86,42,1536,0,0,0,1536
02/16/2023,LAS,NV,AWP,WE,Towers with Radar,1162,152,117,44,1475,0,251,5,3,259,1162,403,122,47,1734,0,0,0,1734
02/17/2023,LAS,NV,AWP,WE,Towers with Radar,1151,153,110,27,1441,0,288,7,6,301,1151,441,117,33,1742,0,0,0,1742
02/18/2023,LAS,NV,AWP,WE,Towers with Radar,909,105,83,0,1097,0,384,12,2,398,909,489,95,2,1495,0,0,0,1495
02/19/2023,LAS,NV,AWP,WE,Towers with Radar,1113,147,107,1,1368,0,333,7,4,344,1113,480,114,5,1712,0,0,0,1712
02/20/2023,LAS,NV,AWP,WE,Towers with Radar,1157,124,90,6,1377,0,294,9,5,308,1157,418,99,11,1685,0,0,0,1685
02/21/2023,LAS,NV,AWP,WE,Towers with Radar,1020,93,65,31,1209,0,89,2,0,91,1020,182,67,31,1300,0,0,0,1300
02/22/2023,LAS,NV,AWP,WE,Towers with Radar,1048,106,84,38,1276,0,200,2,1,203,1048,306,86,39,1479,0,0,0,1479
02/23/2023,LAS,NV,AWP,WE,Towers with Radar,1124,149,95,31,1399,0,171,2,1,174,1124,320,97,32,1573,0,0,0,1573
02/24/2023,LAS,NV,AWP,WE,Towers with Radar,1160,152,95,12,1419,0,283,2,8,293,1160,435,97,20,1712,0,0,0,1712
02/25/2023,LAS,NV,AWP,WE,Towers with Radar,918,94,82,0,1094,0,100,0,0,100,918,194,82,0,1194,0,0,0,1194
02/26/2023,LAS,NV,AWP,WE,Towers with Radar,1150,152,148,0,1450,0,244,5,0,249,1150,396,153,0,1699,0,0,0,1699
02/27/2023,LAS,NV,AWP,WE,Towers with Radar,1159,116,80,34,1389,0,226,0,1,227,1159,342,80,35,1616,0,0,0,1616
02/28/2023,LAS,NV,AWP,WE,Towers with Radar,1028,111,93,41,1273,1,217,3,0,221,1029,328,96,41,1494,0,0,0,1494
03/01/2023,LAS,NV,AWP,WE,Towers with Radar,1079,118,108,20,1325,0,65,1,0,66,1079,183,109,20,1391,0,0,0,1391
03/02/2023,LAS,NV,AWP,WE,Towers with Radar,1161,162,118,42,1483,0,224,5,2,231,1161,386,123,44,1714,0,0,0,1714
03/03/2023,LAS,NV,AWP,WE,Towers with Radar,1145,197,165,39,1546,0,324,18,2,344,1145,521,183,41,1890,0,0,0,1890
03/04/2023,LAS,NV,AWP,WE,Towers with Radar,916,165,101,2,1184,0,318,7,4,329,916,483,108,6,1513,0,0,0,1513
03/05/2023,LAS,NV,AWP,WE,Towers with Radar,1126,210,202,0,1538,0,339,1,0,340,1126,549,203,0,1878,0,0,0,1878
03/06/2023,LAS,NV,AWP,WE,Towers with Radar,1172,149,103,28,1452,0,240,0,4,244,1172,389,103,32,1696,0,0,0,1696
03/07/2023,LAS,NV,AWP,WE,Towers with Radar,1035,122,77,47,1281,0,236,5,2,243,1035,358,82,49,1524,0,0,0,1524
03/08/2023,LAS,NV,AWP,WE,Towers with Radar,1036,117,109,39,1301,0,202,11,1,214,1036,319,120,40,1515,0,0,0,1515
03/09/2023,LAS,NV,AWP,WE,Towers with Radar,1153,180,122,43,1498,0,225,6,5,236,1153,405,128,48,1734,0,0,0,1734
03/10/2023,LAS,NV,AWP,WE,Towers with Radar,1172,178,120,37,1507,0,265,5,0,270,1172,443,125,37,1777,0,0,0,1777
03/11/2023,LAS,NV,AWP,WE,Towers with Radar,924,148,85,3,1160,0,337,8,0,345,924,485,93,3,1505,0,0,0,1505
03/12/2023,LAS,NV,AWP,WE,Towers with Radar,1163,183,145,2,1493,0,319,1,1,321,1163,502,146,3,1814,0,0,0,1814
03/13/2023,LAS,NV,AWP,WE,Towers with Radar,1184,152,144,34,1514,0,318,5,1,324,1184,470,149,35,1838,0,0,0,1838
03/14/2023,LAS,NV,AWP,WE,Towers with Radar,991,119,132,42,1284,0,112,3,2,117,991,231,135,44,1401,0,0,0,1401
03/15/2023,LAS,NV,AWP,WE,Towers with Radar,1038,109,97,42,1286,0,166,1,0,167,1038,275,98,42,1453,0,0,0,1453
03/16/2023,LAS,NV,AWP,WE,Towers with Radar,1204,242,192,40,1678,0,271,2,1,274,1204,513,194,41,1952,0,0,0,1952
03/17/2023,LAS,NV,AWP,WE,Towers with Radar,1205,200,186,32,1623,0,317,3,0,320,1205,517,189,32,1943,0,0,0,1943
03/18/2023,LAS,NV,AWP,WE,Towers with Radar,943,173,142,0,1258,0,379,3,0,382,943,552,145,0,1640,0,0,0,1640
03/19/2023,LAS,NV,AWP,WE,Towers with Radar,1166,206,179,0,1551,0,355,5,2,362,1166,561,184,2,1913,0,0,0,1913
03/20/2023,LAS,NV,AWP,WE,Towers with Radar,1189,147,98,35,1469,0,339,4,1,344,1189,486,102,36,1813,0,0,0,1813
03/21/2023,LAS,NV,AWP,WE,Towers with Radar,933,99,78,31,1141,0,120,0,0,120,933,219,78,31,1261,0,0,0,1261
03/22/2023,LAS,NV,AWP,WE,Towers with Radar,1090,122,100,32,1344,0,283,3,5,291,1090,405,103,37,1635,0,0,0,1635
03/23/2023,LAS,NV,AWP,WE,Towers with Radar,1195,225,162,38,1620,0,294,3,6,303,1195,519,165,44,1923,0,0,0,1923
03/24/2023,LAS,NV,AWP,WE,Towers with Radar,1194,232,186,35,1647,0,284,8,2,294,1194,516,194,37,1941,0,0,0,1941
03/25/2023,LAS,NV,AWP,WE,Towers with Radar,939,178,133,1,1251,0,304,5,1,310,939,482,138,2,1561,0,0,0,1561
03/26/2023,LAS,NV,AWP,WE,Towers with Radar,1157,263,202,1,1623,0,297,7,1,305,1157,560,209,2,1928,0,0,0,1928
03/27/2023,LAS,NV,AWP,WE,Towers with Radar,1196,136,102,37,1471,0,293,0,1,294,1196,429,102,38,1765,0,0,0,1765
03/28/2023,LAS,NV,AWP,WE,Towers with Radar,1043,103,94,42,1282,0,278,3,3,284,1043,381,97,45,1566,0,0,0,1566
03/29/2023,LAS,NV,AWP,WE,Towers with Radar,1039,101,86,43,1269,0,204,3,2,209,1039,305,89,45,1478,0,0,0,1478
03/30/2023,LAS,NV,AWP,WE,Towers with Radar,1222,138,118,44,1522,0,260,3,2,265,1222,398,121,46,1787,0,0,0,1787
03/31/2023,LAS,NV,AWP,WE,Towers with Radar,1178,153,101,39,1471,0,300,5,3,308,1178,453,106,42,1779,0,0,0,1779
04/01/2023,LAS,NV,AWP,WE,Towers with Radar,930,106,87,2,1125,0,349,5,4,358,930,455,92,6,1483,0,0,0,1483
04/02/2023,LAS,NV,AWP,WE,Towers with Radar,1151,147,111,5,1414,0,301,4,1,306,1151,448,115,6,1720,0,0,0,1720
04/03/2023,LAS,NV,AWP,WE,Towers with Radar,1208,129,75,24,1436,0,212,2,0,214,1208,341,77,24,1650,0,0,0,1650
04/04/2023,LAS,NV,AWP,WE,Towers with Radar,1055,89,69,41,1254,0,339,5,1,345,1055,428,74,42,1599,0,0,0,1599
04/05/2023,LAS,NV,AWP,WE,Towers with Radar,1058,102,70,37,1267,0,324,3,4,331,1058,426,73,41,1598,0,0,0,1598
04/06/2023,LAS,NV,AWP,WE,Towers with Radar,1219,133,80,45,1477,0,336,3,3,342,1219,469,83,48,1819,0,0,0,1819
04/07/2023,LAS,NV,AWP,WE,Towers with Radar,1238,127,69,37,1471,0,347,6,1,354,1238,474,75,38,1825,0,0,0,1825
04/08/2023,LAS,NV,AWP,WE,Towers with Radar,953,113,48,3,1117,0,377,5,1,383,953,490,53,4,1500,0,0,0,1500
04/09/2023,LAS,NV,AWP,WE,Towers with Radar,1194,132,73,1,1400,0,338,8,1,347,1194,470,81,2,1747,0,0,0,1747
04/10/2023,LAS,NV,AWP,WE,Towers with Radar,1205,104,77,31,1417,0,242,0,2,244,1205,346,77,33,1661,0,0,0,1661
04/11/2023,LAS,NV,AWP,WE,Towers with Radar,1129,103,68,43,1343,0,259,4,3,266,1129,362,72,46,1609,0,0,0,1609
04/12/2023,LAS,NV,AWP,WE,Towers with Radar,1094,108,73,37,1312,0,300,7,1,308,1094,408,80,38,1620,0,0,0,1620
04/13/2023,LAS,NV,AWP,WE,Towers with Radar,1217,143,90,39,1489,0,324,6,1,331,1217,467,96,40,1820,0,0,0,1820
04/14/2023,LAS,NV,AWP,WE,Towers with Radar,1212,149,144,36,1541,0,301,6,11,318,1212,450,150,47,1859,0,0,0,1859
04/15/2023,LAS,NV,AWP,WE,Towers with Radar,949,101,69,1,1120,0,344,7,0,351,949,445,76,1,1471,0,0,0,1471
04/16/2023,LAS,NV,AWP,WE,Towers with Radar,1180,138,117,1,1436,0,292,6,1,299,1180,430,123,2,1735,0,0,0,1735
04/17/2023,LAS,NV,AWP,WE,Towers with Radar,1235,139,94,34,1502,0,237,3,2,242,1235,376,97,36,1744,0,0,0,1744
04/18/2023,LAS,NV,AWP,WE,Towers with Radar,1114,101,66,42,1323,0,203,2,1,206,1114,304,68,43,1529,0,0,0,1529
04/19/2023,LAS,NV,AWP,WE,Towers with Radar,1084,84,102,38,1308,0,260,4,2,266,1084,344,106,40,1574,0,0,0,1574
04/20/2023,LAS,NV,AWP,WE,Towers with Radar,1051,125,95,40,1311,0,273,2,6,281,1051,398,97,46,1592,0,0,0,1592
04/21/2023,LAS,NV,AWP,WE,Towers with Radar,1231,161,133,36,1561,0,327,6,2,335,1231,488,139,38,1896,0,0,0,1896
04/22/2023,LAS,NV,AWP,WE,Towers with Radar,942,118,77,1,1138,0,300,3,0,303,942,418,80,1,1441,0,0,0,1441
04/23/2023,LAS,NV,AWP,WE,Towers with Radar,1189,197,141,2,1529,0,288,41,2,331,1189,485,182,4,1860,0,0,0,1860
04/24/2023,LAS,NV,AWP,WE,Towers with Radar,1237,118,87,36,1478,0,247,6,4,257,1237,365,93,40,1735,0,0,0,1735
04/25/2023,LAS,NV,AWP,WE,Towers with Radar,1035,79,61,37,1212,0,254,3,3,260,1035,333,64,40,1472,0,0,0,1472
04/26/2023,LAS,NV,AWP,WE,Towers with Radar,1107,104,103,39,1353,0,276,2,1,279,1107,380,105,40,1632,0,0,0,1632
04/27/2023,LAS,NV,AWP,WE,Towers with Radar,1227,158,103,43,1531,0,275,8,1,284,1227,433,111,44,1815,0,0,0,1815
04/28/2023,LAS,NV,AWP,WE,Towers with Radar,1104,129,66,32,1331,0,258,2,3,263,1104,387,68,35,1594,0,0,0,1594
04/29/2023,LAS,NV,AWP,WE,Towers with Radar,1002,107,71,2,1182,0,328,6,1,335,1002,435,77,3,1517,0,0,0,1517
04/30/2023,LAS,NV,AWP,WE,Towers with Radar,1176,148,110,3,1437,0,260,2,1,263,1176,408,112,4,1700,0,0,0,1700
05/01/2023,LAS,NV,AWP,WE,Towers with Radar,1193,115,63,35,1406,0,244,11,2,257,1193,359,74,37,1663,0,0,0,1663
05/02/2023,LAS,NV,AWP,WE,Towers with Radar,1156,89,91,42,1378,0,254,4,1,259,1156,343,95,43,1637,0,0,0,1637
05/03/2023,LAS,NV,AWP,WE,Towers with Radar,1097,109,89,37,1332,0,263,2,3,268,1097,372,91,40,1600,0,0,0,1600
05/04/2023,LAS,NV,AWP,WE,Towers with Radar,1205,133,102,30,1470,0,250,0,3,253,1205,383,102,33,1723,0,0,0,1723
05/05/2023,LAS,NV,AWP,WE,Towers with Radar,1232,146,118,39,1535,0,301,2,4,307,1232,447,120,43,1842,0,0,0,1842
05/06/2023,LAS,NV,AWP,WE,Towers with Radar,967,101,70,0,1138,1,293,4,6,304,968,394,74,6,1442,0,0,0,1442
05/07/2023,LAS,NV,AWP,WE,Towers with Radar,1189,174,131,2,1496,0,308,3,3,314,1189,482,134,5,1810,0,0,0,1810
05/08/2023,LAS,NV,AWP,WE,Towers with Radar,1226,129,107,34,1496,0,282,9,3,294,1226,411,116,37,1790,0,0,0,1790
05/09/2023,LAS,NV,AWP,WE,Towers with Radar,1111,112,104,46,1373,0,302,1,1,304,1111,414,105,47,1677,0,0,0,1677
05/10/2023,LAS,NV,AWP,WE,Towers with Radar,1075,120,112,40,1347,0,294,1,1,296,1075,414,113,41,1643,0,0,0,1643
05/11/2023,LAS,NV,AWP,WE,Towers with Radar,1211,134,95,40,1480,0,294,0,2,296,1211,428,95,42,1776,0,0,0,1776
05/12/2023,LAS,NV,AWP,WE,Towers with Radar,1051,132,83,34,1300,0,312,2,1,315,1051,444,85,35,1615,0,0,0,1615
05/13/2023,LAS,NV,AWP,WE,Towers with Radar,1031,112,44,0,1187,0,325,3,0,328,1031,437,47,0,1515,0,0,0,1515
05/14/2023,LAS,NV,AWP,WE,Towers with Radar,1178,144,79,2,1403,0,316,5,1,322,1178,460,84,3,1725,0,0,0,1725
05/15/2023,LAS,NV,AWP,WE,Towers with Radar,1207,114,70,32,1423,0,287,10,1,298,1207,401,80,33,1721,0,0,0,1721
05/16/2023,LAS,NV,AWP,WE,Towers with Radar,1094,110,52,44,1300,0,321,2,2,325,1094,431,54,46,1625,0,0,0,1625
05/17/2023,LAS,NV,AWP,WE,Towers with Radar,1083,107,89,40,1319,0,308,12,2,322,1083,415,101,42,1641,0,0,0,1641
05/18/2023,LAS,NV,AWP,WE,Towers with Radar,1122,166,106,41,1435,0,324,7,1,332,1122,490,113,42,1767,0,0,0,1767
05/19/2023,LAS,NV,AWP,WE,Towers with Radar,1196,164,126,35,1521,0,541,12,0,553,1196,705,138,35,2074,0,0,0,2074
05/20/2023,LAS,NV,AWP,WE,Towers with Radar,982,137,106,8,1233,0,868,24,14,906,982,1005,130,22,2139,0,0,0,2139
05/21/2023,LAS,NV,AWP,WE,Towers with Radar,1173,216,160,1,1550,0,897,26,1,924,1173,1113,186,2,2474,0,0,0,2474
05/22/2023,LAS,NV,AWP,WE,Towers with Radar,1205,140,114,36,1495,0,488,9,3,500,1205,628,123,39,1995,0,0,0,1995
05/23/2023,LAS,NV,AWP,WE,Towers with Radar,1128,135,140,42,1445,0,278,3,4,285,1128,413,143,46,1730,0,0,0,1730
05/24/2023,LAS,NV,AWP,WE,Towers with Radar,1075,128,110,39,1352,0,300,2,3,305,1075,428,112,42,1657,0,0,0,1657
05/25/2023,LAS,NV,AWP,WE,Towers with Radar,1222,148,99,35,1504,0,320,9,1,330,1222,468,108,36,1834,0,0,0,1834
05/26/2023,LAS,NV,AWP,WE,Towers with Radar,1212,176,90,20,1498,0,318,7,0,325,1212,494,97,20,1823,0,0,0,1823
05/27/2023,LAS,NV,AWP,WE,Towers with Radar,959,131,83,0,1173,0,330,2,0,332,959,461,85,0,1505,0,0,0,1505
05/28/2023,LAS,NV,AWP,WE,Towers with Radar,1145,151,66,0,1362,0,339,4,0,343,1145,490,70,0,1705,0,0,0,1705
05/29/2023,LAS,NV,AWP,WE,Towers with Radar,1192,148,76,2,1418,0,319,2,2,323,1192,467,78,4,1741,0,0,0,1741
05/30/2023,LAS,NV,AWP,WE,Towers with Radar,1100,88,54,35,1277,0,336,0,1,337,1100,424,54,36,1614,0,0,0,1614
05/31/2023,LAS,NV,AWP,WE,Towers with Radar,1096,99,55,43,1293,0,305,4,4,313,1096,404,59,47,1606,0,0,0,1606
06/01/2023,LAS,NV,AWP,WE,Towers with Radar,1192,135,98,38,1463,0,270,12,1,283,1192,405,110,39,1746,0,0,0,1746
06/02/2023,LAS,NV,AWP,WE,Towers with Radar,1218,149,97,34,1498,0,272,5,1,278,1218,421,102,35,1776,0,0,0,1776
06/03/2023,LAS,NV,AWP,WE,Towers with Radar,964,129,82,1,1176,0,290,4,0,294,964,419,86,1,1470,0,0,0,1470
06/04/2023,LAS,NV,AWP,WE,Towers with Radar,1174,163,112,5,1454,0,252,14,1,267,1174,415,126,6,1721,0,0,0,1721
06/05/2023,LAS,NV,AWP,WE,Towers with Radar,1201,127,85,34,1447,0,194,1,1,196,1201,321,86,35,1643,0,0,0,1643
06/06/2023,LAS,NV,AWP,WE,Towers with Radar,1117,79,71,43,1310,0,272,5,2,279,1117,351,76,45,1589,0,0,0,1589
06/07/2023,LAS,NV,AWP,WE,Towers with Radar,1079,114,79,29,1301,0,297,2,0,299,1079,411,81,29,1600,0,0,0,1600
06/08/2023,LAS,NV,AWP,WE,Towers with Radar,1200,143,77,41,1461,0,287,5,1,293,1200,430,82,42,1754,0,0,0,1754
06/09/2023,LAS,NV,AWP,WE,Towers with Radar,1216,127,109,36,1488,0,285,6,3,294,1216,412,115,39,1782,0,0,0,1782
06/10/2023,LAS,NV,AWP,WE,Towers with Radar,912,97,80,1,1090,0,285,2,0,287,912,382,82,1,1377,0,0,0,1377
06/11/2023,LAS,NV,AWP,WE,Towers with Radar,1176,142,109,3,1430,0,252,6,1,259,1176,394,115,4,1689,0,0,0,1689
06/12/2023,LAS,NV,AWP,WE,Towers with Radar,1188,123,84,31,1426,0,247,1,2,250,1188,370,85,33,1676,0,0,0,1676
06/13/2023,LAS,NV,AWP,WE,Towers with Radar,1082,128,96,42,1348,0,261,0,2,263,1082,389,96,44,1611,0,0,0,1611
06/14/2023,LAS,NV,AWP,WE,Towers with Radar,1061,118,99,39,1317,0,272,3,4,279,1061,390,102,43,1596,0,0,0,1596
06/15/2023,LAS,NV,AWP,WE,Towers with Radar,1198,144,93,41,1476,0,271,6,7,284,1198,415,99,48,1760,0,0,0,1760
06/16/2023,LAS,NV,AWP,WE,Towers with Radar,1198,160,95,29,1482,0,297,6,0,303,1198,457,101,29,1785,0,0,0,1785
06/17/2023,LAS,NV,AWP,WE,Towers with Radar,912,102,63,1,1078,0,314,35,0,349,912,416,98,1,1427,0,0,0,1427
06/18/2023,LAS,NV,AWP,WE,Towers with Radar,1147,154,83,1,1385,0,307,3,0,310,1147,461,86,1,1695,0,0,0,1695
06/19/2023,LAS,NV,AWP,WE,Towers with Radar,1195,136,70,4,1405,0,226,5,3,234,1195,362,75,7,1639,0,0,0,1639
06/20/2023,LAS,NV,AWP,WE,Towers with Radar,1060,103,71,34,1268,0,271,5,2,278,1060,374,76,36,1546,0,0,0,1546
06/21/2023,LAS,NV,AWP,WE,Towers with Radar,1047,115,70,39,1271,0,309,6,1,316,1047,424,76,40,1587,0,0,0,1587
06/22/2023,LAS,NV,AWP,WE,Towers with Radar,1195,133,76,40,1444,0,311,50,2,363,1195,444,126,42,1807,0,0,0,1807
06/23/2023,LAS,NV,AWP,WE,Towers with Radar,1194,156,107,34,1491,0,296,12,3,311,1194,452,119,37,1802,0,0,0,1802
06/24/2023,LAS,NV,AWP,WE,Towers with Radar,918,118,64,0,1100,0,302,10,0,312,918,420,74,0,1412,0,0,0,1412
06/25/2023,LAS,NV,AWP,WE,Towers with Radar,1143,132,128,1,1404,0,306,17,1,324,1143,438,145,2,1728,0,0,0,1728
06/26/2023,LAS,NV,AWP,WE,Towers with Radar,1162,111,65,31,1369,0,256,29,3,288,1162,367,94,34,1657,0,0,0,1657
06/27/2023,LAS,NV,AWP,WE,Towers with Radar,1029,98,69,41,1237,1,243,9,2,255,1030,341,78,43,1492,0,0,0,1492
06/28/2023,LAS,NV,AWP,WE,Towers with Radar,1059,104,83,41,1287,0,272,13,2,287,1059,376,96,43,1574,0,0,0,1574
06/29/2023,LAS,NV,AWP,WE,Towers with Radar,1185,130,93,42,1450,0,263,5,1,269,1185,393,98,43,1719,0,0,0,1719
06/30/2023,LAS,NV,AWP,WE,Towers with Radar,1199,125,97,34,1455,0,308,3,1,312,1199,433,100,35,1767,0,0,0,1767
07/01/2023,LAS,NV,AWP,WE,Towers with Radar,935,117,67,1,1120,0,306,1,0,307,935,423,68,1,1427,0,0,0,1427
07/02/2023,LAS,NV,AWP,WE,Towers with Radar,1151,130,85,0,1366,0,348,4,0,352,1151,478,89,0,1718,0,0,0,1718
07/03/2023,LAS,NV,AWP,WE,Towers with Radar,1143,95,52,2,1292,0,338,3,2,343,1143,433,55,4,1635,0,0,0,1635
07/04/2023,LAS,NV,AWP,WE,Towers with Radar,960,77,40,1,1078,0,342,2,1,345,960,419,42,2,1423,0,0,0,1423
07/05/2023,LAS,NV,AWP,WE,Towers with Radar,1030,98,73,41,1242,0,332,3,48,383,1030,430,76,89,1625,0,0,0,1625
07/06/2023,LAS,NV,AWP,WE,Towers with Radar,1210,120,83,40,1453,0,324,4,2,330,1210,444,87,42,1783,0,0,0,1783
07/07/2023,LAS,NV,AWP,WE,Towers with Radar,1180,165,113,36,1494,0,317,27,3,347,1180,482,140,39,1841,0,0,0,1841
07/08/2023,LAS,NV,AWP,WE,Towers with Radar,946,137,84,1,1168,0,288,3,0,291,946,425,87,1,1459,0,0,0,1459
07/09/2023,LAS,NV,AWP,WE,Towers with Radar,1166,187,124,1,1478,0,293,2,1,296,1166,480,126,2,1774,0,0,0,1774
07/10/2023,LAS,NV,AWP,WE,Towers with Radar,1173,138,126,30,1467,0,283,4,0,287,1173,421,130,30,1754,0,0,0,1754
07/11/2023,LAS,NV,AWP,WE,Towers with Radar,1061,120,101,41,1323,0,313,3,1,317,1061,433,104,42,1640,0,0,0,1640
07/12/2023,LAS,NV,AWP,WE,Towers with Radar,1067,131,93,37,1328,0,296,3,1,300,1067,427,96,38,1628,0,0,0,1628
07/13/2023,LAS,NV,AWP,WE,Towers with Radar,1196,164,89,43,1492,0,303,0,5,308,1196,467,89,48,1800,0,0,0,1800
07/14/2023,LAS,NV,AWP,WE,Towers with Radar,1182,155,85,36,1458,0,301,8,1,310,1182,456,93,37,1768,0,0,0,1768
07/15/2023,LAS,NV,AWP,WE,Towers with Radar,955,117,58,4,1134,0,286,0,0,286,955,403,58,4,1420,0,0,0,1420
07/16/2023,LAS,NV,AWP,WE,Towers with Radar,1131,141,104,1,1377,0,260,5,1,266,1131,401,109,2,1643,0,0,0,1643
07/17/2023,LAS,NV,AWP,WE,Towers with Radar,1194,115,82,31,1422,0,267,10,5,282,1194,382,92,36,1704,0,0,0,1704
07/18/2023,LAS,NV,AWP,WE,Towers with Radar,1077,99,66,41,1283,0,250,8,2,260,1077,349,74,43,1543,0,0,0,1543
07/19/2023,LAS,NV,AWP,WE,Towers with Radar,1082,105,76,39,1302,0,250,5,2,257,1082,355,81,41,1559,0,0,0,1559
07/20/2023,LAS,NV,AWP,WE,Towers with Radar,1180,151,88,42,1461,0,293,0,3,296,1180,444,88,45,1757,0,0,0,1757
07/21/2023,LAS,NV,AWP,WE,Towers with Radar,1188,137,98,34,1457,0,285,1,3,289,1188,422,99,37,1746,0,0,0,1746
07/22/2023,LAS,NV,AWP,WE,Towers with Radar,995,76,35,0,1106,0,293,1,0,294,995,369,36,0,1400,0,0,0,1400
07/23/2023,LAS,NV,AWP,WE,Towers with Radar,1152,124,91,0,1367,0,296,1,0,297,1152,420,92,0,1664,0,0,0,1664
07/24/2023,LAS,NV,AWP,WE,Towers with Radar,1219,113,67,34,1433,0,288,10,1,299,1219,401,77,35,1732,0,0,0,1732
07/25/2023,LAS,NV,AWP,WE,Towers with Radar,1051,93,68,42,1254,0,287,3,2,292,1051,380,71,44,1546,0,0,0,1546
07/26/2023,LAS,NV,AWP,WE,Towers with Radar,1061,95,62,39,1257,0,278,5,8,291,1061,373,67,47,1548,0,0,0,1548
07/27/2023,LAS,NV,AWP,WE,Towers with Radar,1195,137,91,42,1465,0,345,2,2,349,1195,482,93,44,1814,0,0,0,1814
07/28/2023,LAS,NV,AWP,WE,Towers with Radar,1183,152,103,35,1473,0,317,4,2,323,1183,469,107,37,1796,0,0,0,1796
07/29/2023,LAS,NV,AWP,WE,Towers with Radar,966,119,87,3,1175,0,318,9,0,327,966,437,96,3,1502,0,0,0,1502
07/30/2023,LAS,NV,AWP,WE,Towers with Radar,1133,177,109,1,1420,0,260,7,0,267,1133,437,116,1,1687,0,0,0,1687
07/31/2023,LAS,NV,AWP,WE,Towers with Radar,1082,127,75,34,1318,0,252,2,1,255,1082,379,77,35,1573,0,0,0,1573
08/01/2023,LAS,NV,AWP,WE,Towers with Radar,1103,116,62,42,1323,0,246,4,1,251,1103,362,66,43,1574,0,0,0,1574
08/02/2023,LAS,NV,AWP,WE,Towers with Radar,1062,90,58,43,1253,0,295,1,0,296,1062,385,59,43,1549,0,0,0,1549
08/03/2023,LAS,NV,AWP,WE,Towers with Radar,1196,137,76,38,1447,0,308,23,1,332,1196,445,99,39,1779,0,0,0,1779
08/04/2023,LAS,NV,AWP,WE,Towers with Radar,1197,140,69,34,1440,0,321,7,2,330,1197,461,76,36,1770,0,0,0,1770
08/05/2023,LAS,NV,AWP,WE,Towers with Radar,952,94,78,1,1125,0,334,1,0,335,952,428,79,1,1460,0,0,0,1460
08/06/2023,LAS,NV,AWP,WE,Towers with Radar,1120,147,109,3,1379,0,294,4,0,298,1120,441,113,3,1677,0,0,0,1677
08/07/2023,LAS,NV,AWP,WE,Towers with Radar,1161,127,78,31,1397,0,297,5,2,304,1161,424,83,33,1701,0,0,0,1701
08/08/2023,LAS,NV,AWP,WE,Towers with Radar,1083,72,71,42,1268,0,303,6,3,312,1083,375,77,45,1580,0,0,0,1580
08/09/2023,LAS,NV,AWP,WE,Towers with Radar,1064,116,67,37,1284,0,267,0,2,269,1064,383,67,39,1553,0,0,0,1553
08/10/2023,LAS,NV,AWP,WE,Towers with Radar,1211,121,83,38,1453,0,289,3,1,293,1211,410,86,39,1746,0,0,0,1746
08/11/2023,LAS,NV,AWP,WE,Towers with Radar,1197,144,78,29,1448,0,306,8,2,316,1197,450,86,31,1764,0,0,0,1764
08/12/2023,LAS,NV,AWP,WE,Towers with Radar,972,105,65,4,1146,0,346,8,1,355,972,451,73,5,1501,0,0,0,1501
08/13/2023,LAS,NV,AWP,WE,Towers with Radar,1159,137,123,1,1420,0,355,3,0,358,1159,492,126,1,1778,0,0,0,1778
08/14/2023,LAS,NV,AWP,WE,Towers with Radar,1184,139,78,36,1437,0,277,4,1,282,1184,416,82,37,1719,0,0,0,1719
08/15/2023,LAS,NV,AWP,WE,Towers with Radar,1098,105,86,48,1337,0,307,2,1,310,1098,412,88,49,1647,0,0,0,1647
08/16/2023,LAS,NV,AWP,WE,Towers with Radar,1058,75,93,43,1269,0,291,3,8,302,1058,366,96,51,1571,0,0,0,1571
08/17/2023,LAS,NV,AWP,WE,Towers with Radar,1192,149,92,43,1476,0,301,4,5,310,1192,450,96,48,1786,0,0,0,1786
08/18/2023,LAS,NV,AWP,WE,Towers with Radar,1052,129,85,35,1301,0,238,3,0,241,1052,367,88,35,1542,0,0,0,1542
08/19/2023,LAS,NV,AWP,WE,Towers with Radar,945,119,86,1,1151,0,222,3,0,225,945,341,89,1,1376,0,0,0,1376
08/20/2023,LAS,NV,AWP,WE,Towers with Radar,861,113,98,0,1072,0,76,1,0,77,861,189,99,0,1149,0,0,0,1149
08/21/2023,LAS,NV,AWP,WE,Towers with Radar,1147,105,87,25,1364,0,222,0,0,222,1147,327,87,25,1586,0,0,0,1586
08/22/2023,LAS,NV,AWP,WE,Towers with Radar,1072,119,79,28,1298,0,302,7,1,310,1072,421,86,29,1608,0,0,0,1608
08/23/2023,LAS,NV,AWP,WE,Towers with Radar,1054,107,94,42,1297,0,269,10,2,281,1054,376,104,44,1578,0,0,0,1578
08/24/2023,LAS,NV,AWP,WE,Towers with Radar,1200,134,91,44,1469,0,276,9,4,289,1200,410,100,48,1758,0,0,0,1758
08/25/2023,LAS,NV,AWP,WE,Towers with Radar,1207,160,99,37,1503,0,262,7,1,270,1207,422,106,38,1773,0,0,0,1773
08/26/2023,LAS,NV,AWP,WE,Towers with Radar,943,110,60,4,1117,0,306,5,0,311,943,416,65,4,1428,0,0,0,1428
08/27/2023,LAS,NV,AWP,WE,Towers with Radar,1195,175,117,4,1491,0,281,7,0,288,1195,456,124,4,1779,0,0,0,1779
08/28/2023,LAS,NV,AWP,WE,Towers with Radar,1158,104,66,34,1362,0,258,1,2,261,1158,362,67,36,1623,0,0,0,1623
08/29/2023,LAS,NV,AWP,WE,Towers with Radar,1059,70,54,41,1224,0,226,34,2,262,1059,296,88,43,1486,0,0,0,1486
08/30/2023,LAS,NV,AWP,WE,Towers with Radar,1057,106,70,41,1274,0,210,24,4,238,1057,316,94,45,1512,0,0,0,1512
08/31/2023,LAS,NV,AWP,WE,Towers with Radar,1183,176,97,39,1495,0,264,20,1,285,1183,440,117,40,1780,0,0,0,1780
