01/01/2000,LAW,OK,ASW,CE,Federal Contract Tower,0,3,2,0,5,0,12,11,0,23,0,15,13,0,28,0,0,0,28
01/02/2000,LAW,OK,ASW,CE,Federal Contract Tower,0,4,2,0,6,0,12,12,0,24,0,16,14,0,30,0,0,0,30
01/03/2000,LAW,OK,ASW,CE,Federal Contract Tower,0,4,3,0,7,0,10,6,0,16,0,14,9,0,23,0,0,0,23
01/04/2000,LAW,OK,ASW,CE,Federal Contract Tower,0,15,8,6,29,0,0,0,0,0,0,15,8,6,29,0,115,115,144
01/05/2000,LAW,OK,ASW,CE,Federal Contract Tower,0,9,4,0,13,0,4,4,0,8,0,13,8,0,21,0,30,30,51
01/06/2000,LAW,OK,ASW,CE,Federal Contract Tower,0,15,13,0,28,0,0,6,0,6,0,15,19,0,34,21,74,95,129
01/07/2000,LAW,OK,ASW,CE,Federal Contract Tower,0,17,10,0,27,0,0,10,0,10,0,17,20,0,37,2,54,56,93
01/08/2000,LAW,OK,ASW,CE,Federal Contract Tower,0,5,3,1,9,0,11,4,0,15,0,16,7,1,24,0,0,0,24
01/09/2000,LAW,OK,ASW,CE,Federal Contract Tower,0,5,2,0,7,0,10,2,0,12,0,15,4,0,19,10,0,10,29
01/10/2000,LAW,OK,ASW,CE,Federal Contract Tower,0,15,7,0,22,0,1,4,0,5,0,16,11,0,27,8,52,60,87
01/11/2000,LAW,OK,ASW,CE,Federal Contract Tower,0,15,10,2,27,0,0,0,0,0,0,15,10,2,27,4,134,138,165
01/12/2000,LAW,OK,ASW,CE,Federal Contract Tower,0,17,11,0,28,0,0,3,0,3,0,17,14,0,31,12,80,92,123
01/13/2000,LAW,OK,ASW,CE,Federal Contract Tower,0,14,9,0,23,0,0,3,0,3,0,14,12,0,26,22,50,72,98
01/14/2000,LAW,OK,ASW,CE,Federal Contract Tower,0,13,9,0,22,0,0,6,0,6,0,13,15,0,28,0,0,0,28
01/15/2000,LAW,OK,ASW,CE,Federal Contract Tower,0,5,1,2,8,0,10,9,0,19,0,15,10,2,27,10,0,10,37
01/16/2000,LAW,OK,ASW,CE,Federal Contract Tower,0,4,1,0,5,0,10,4,0,14,0,14,5,0,19,8,0,8,27
01/17/2000,LAW,OK,ASW,CE,Federal Contract Tower,0,5,1,0,6,0,8,7,0,15,0,13,8,0,21,0,4,4,25
01/18/2000,LAW,OK,ASW,CE,Federal Contract Tower,0,15,11,0,26,0,0,4,0,4,0,15,15,0,30,22,108,130,160
01/19/2000,LAW,OK,ASW,CE,Federal Contract Tower,0,16,8,1,25,0,0,11,0,11,0,16,19,1,36,16,74,90,126
01/20/2000,LAW,OK,ASW,CE,Federal Contract Tower,0,18,12,2,32,0,0,0,0,0,0,18,12,2,32,22,90,112,144
01/21/2000,LAW,OK,ASW,CE,Federal Contract Tower,0,19,10,0,29,0,0,1,0,1,0,19,11,0,30,24,46,70,100
01/22/2000,LAW,OK,ASW,CE,Federal Contract Tower,0,9,3,0,12,0,9,23,0,32,0,18,26,0,44,20,0,20,64
01/23/2000,LAW,OK,ASW,CE,Federal Contract Tower,0,12,4,10,26,0,3,32,0,35,0,15,36,10,61,6,14,20,81
01/24/2000,LAW,OK,ASW,CE,Federal Contract Tower,0,13,7,2,22,0,0,1,0,1,0,13,8,2,23,0,70,70,93
01/25/2000,LAW,OK,ASW,CE,Federal Contract Tower,0,15,12,2,29,0,0,0,0,0,0,15,12,2,29,0,88,88,117
01/26/2000,LAW,OK,ASW,CE,Federal Contract Tower,0,13,5,0,18,0,0,0,0,0,0,13,5,0,18,4,120,124,142
01/27/2000,LAW,OK,ASW,CE,Federal Contract Tower,0,2,0,0,2,0,3,0,0,3,0,5,0,0,5,0,0,0,5
01/28/2000,LAW,OK,ASW,CE,Federal Contract Tower,0,5,2,0,7,0,6,5,0,11,0,11,7,0,18,0,4,4,22
01/29/2000,LAW,OK,ASW,CE,Federal Contract Tower,0,5,2,2,9,0,10,6,0,16,0,15,8,2,25,0,0,0,25
01/30/2000,LAW,OK,ASW,CE,Federal Contract Tower,0,5,2,0,7,0,14,7,0,21,0,19,9,0,28,0,0,0,28
01/31/2000,LAW,OK,ASW,CE,Federal Contract Tower,0,15,9,0,24,0,0,9,0,9,0,15,18,0,33,0,104,104,137
02/01/2000,LAW,OK,ASW,CE,Federal Contract Tower,0,13,8,0,21,0,0,0,0,0,0,13,8,0,21,0,120,120,141
02/02/2000,LAW,OK,ASW,CE,Federal Contract Tower,0,16,9,1,26,0,1,3,0,4,0,17,12,1,30,8,64,72,102
02/03/2000,LAW,OK,ASW,CE,Federal Contract Tower,0,18,14,1,33,0,0,11,0,11,0,18,25,1,44,0,62,62,106
02/04/2000,LAW,OK,ASW,CE,Federal Contract Tower,0,16,17,8,41,0,0,8,0,8,0,16,25,8,49,8,80,88,137
02/05/2000,LAW,OK,ASW,CE,Federal Contract Tower,0,5,3,0,8,0,12,24,0,36,0,17,27,0,44,12,0,12,56
02/06/2000,LAW,OK,ASW,CE,Federal Contract Tower,0,6,4,0,10,0,8,18,0,26,0,14,22,0,36,19,4,23,59
02/07/2000,LAW,OK,ASW,CE,Federal Contract Tower,0,15,14,0,29,0,0,2,0,2,0,15,16,0,31,2,92,94,125
02/08/2000,LAW,OK,ASW,CE,Federal Contract Tower,0,16,7,0,23,0,0,0,0,0,0,16,7,0,23,0,94,94,117
02/09/2000,LAW,OK,ASW,CE,Federal Contract Tower,0,15,12,2,29,0,0,7,0,7,0,15,19,2,36,18,42,60,96
02/10/2000,LAW,OK,ASW,CE,Federal Contract Tower,0,18,14,2,34,0,0,5,0,5,0,18,19,2,39,22,102,124,163
02/11/2000,LAW,OK,ASW,CE,Federal Contract Tower,0,17,14,0,31,0,0,2,0,2,0,17,16,0,33,18,108,126,159
02/12/2000,LAW,OK,ASW,CE,Federal Contract Tower,0,6,4,0,10,0,13,12,0,25,0,19,16,0,35,72,2,74,109
02/13/2000,LAW,OK,ASW,CE,Federal Contract Tower,0,5,3,0,8,0,10,8,0,18,0,15,11,0,26,16,0,16,42
02/14/2000,LAW,OK,ASW,CE,Federal Contract Tower,0,13,13,0,26,0,0,1,0,1,0,13,14,0,27,2,80,82,109
02/15/2000,LAW,OK,ASW,CE,Federal Contract Tower,0,15,10,0,25,0,0,10,0,10,0,15,20,0,35,0,72,72,107
02/16/2000,LAW,OK,ASW,CE,Federal Contract Tower,0,13,11,0,24,0,0,0,0,0,0,13,11,0,24,2,6,8,32
02/17/2000,LAW,OK,ASW,CE,Federal Contract Tower,0,10,5,0,15,0,3,1,0,4,0,13,6,0,19,0,72,72,91
02/18/2000,LAW,OK,ASW,CE,Federal Contract Tower,0,15,14,4,33,0,0,0,0,0,0,15,14,4,33,22,74,96,129
02/19/2000,LAW,OK,ASW,CE,Federal Contract Tower,0,4,2,2,8,0,13,23,0,36,0,17,25,2,44,2,14,16,60
02/20/2000,LAW,OK,ASW,CE,Federal Contract Tower,0,4,2,2,8,0,12,12,0,24,0,16,14,2,32,22,10,32,64
02/21/2000,LAW,OK,ASW,CE,Federal Contract Tower,0,4,2,0,6,0,14,8,0,22,0,18,10,0,28,0,4,4,32
02/22/2000,LAW,OK,ASW,CE,Federal Contract Tower,0,12,7,1,20,0,0,0,0,0,0,12,7,1,20,0,40,40,60
02/23/2000,LAW,OK,ASW,CE,Federal Contract Tower,0,14,7,0,21,0,2,5,0,7,0,16,12,0,28,16,36,52,80
02/24/2000,LAW,OK,ASW,CE,Federal Contract Tower,0,15,12,1,28,0,0,3,0,3,0,15,15,1,31,8,82,90,121
02/25/2000,LAW,OK,ASW,CE,Federal Contract Tower,0,10,4,0,14,0,3,6,0,9,0,13,10,0,23,16,38,54,77
02/26/2000,LAW,OK,ASW,CE,Federal Contract Tower,0,3,1,2,6,0,9,24,0,33,0,12,25,2,39,2,0,2,41
02/27/2000,LAW,OK,ASW,CE,Federal Contract Tower,0,7,4,1,12,0,6,16,0,22,0,13,20,1,34,34,0,34,68
02/28/2000,LAW,OK,ASW,CE,Federal Contract Tower,0,16,7,1,24,0,0,0,0,0,0,16,7,1,24,6,68,74,98
02/29/2000,LAW,OK,ASW,CE,Federal Contract Tower,0,8,4,0,12,0,7,14,0,21,0,15,18,0,33,0,14,14,47
03/01/2000,LAW,OK,ASW,CE,Federal Contract Tower,0,14,10,1,25,0,0,5,0,5,0,14,15,1,30,0,90,90,120
03/02/2000,LAW,OK,ASW,CE,Federal Contract Tower,0,6,3,0,9,0,9,0,0,9,0,15,3,0,18,0,20,20,38
03/03/2000,LAW,OK,ASW,CE,Federal Contract Tower,0,13,7,2,22,0,2,0,0,2,0,15,7,2,24,0,36,36,60
03/04/2000,LAW,OK,ASW,CE,Federal Contract Tower,0,4,3,1,8,0,10,14,0,24,0,14,17,1,32,16,0,16,48
03/05/2000,LAW,OK,ASW,CE,Federal Contract Tower,0,7,3,3,13,0,7,11,0,18,0,14,14,3,31,14,48,62,93
03/06/2000,LAW,OK,ASW,CE,Federal Contract Tower,0,15,10,0,25,0,0,4,0,4,0,15,14,0,29,14,72,86,115
03/07/2000,LAW,OK,ASW,CE,Federal Contract Tower,0,15,5,0,20,0,0,0,0,0,0,15,5,0,20,0,88,88,108
03/08/2000,LAW,OK,ASW,CE,Federal Contract Tower,0,11,5,0,16,0,6,16,0,22,0,17,21,0,38,0,24,24,62
03/09/2000,LAW,OK,ASW,CE,Federal Contract Tower,0,16,15,1,32,0,0,3,0,3,0,16,18,1,35,41,94,135,170
03/10/2000,LAW,OK,ASW,CE,Federal Contract Tower,0,7,12,0,19,0,0,9,0,9,0,7,21,0,28,4,26,30,58
03/11/2000,LAW,OK,ASW,CE,Federal Contract Tower,0,5,3,2,10,0,10,11,0,21,0,15,14,2,31,24,2,26,57
03/12/2000,LAW,OK,ASW,CE,Federal Contract Tower,0,6,3,1,10,0,8,8,0,16,0,14,11,1,26,18,16,34,60
03/13/2000,LAW,OK,ASW,CE,Federal Contract Tower,0,16,9,5,30,0,0,0,0,0,0,16,9,5,30,0,26,26,56
03/14/2000,LAW,OK,ASW,CE,Federal Contract Tower,0,17,8,0,25,0,0,9,0,9,0,17,17,0,34,0,68,68,102
03/15/2000,LAW,OK,ASW,CE,Federal Contract Tower,0,15,6,0,21,0,0,0,0,0,0,15,6,0,21,0,92,92,113
03/16/2000,LAW,OK,ASW,CE,Federal Contract Tower,0,7,4,2,13,0,8,0,0,8,0,15,4,2,21,8,0,8,29
03/17/2000,LAW,OK,ASW,CE,Federal Contract Tower,0,11,3,0,14,0,4,0,0,4,0,15,3,0,18,10,32,42,60
03/18/2000,LAW,OK,ASW,CE,Federal Contract Tower,0,6,3,0,9,0,24,19,0,43,0,30,22,0,52,34,0,34,86
03/19/2000,LAW,OK,ASW,CE,Federal Contract Tower,0,6,2,0,8,0,9,18,0,27,0,15,20,0,35,28,2,30,65
03/20/2000,LAW,OK,ASW,CE,Federal Contract Tower,0,14,7,0,21,0,0,0,0,0,0,14,7,0,21,0,72,72,93
03/21/2000,LAW,OK,ASW,CE,Federal Contract Tower,0,16,1,1,18,0,0,0,0,0,0,16,1,1,18,0,112,112,130
03/22/2000,LAW,OK,ASW,CE,Federal Contract Tower,0,3,1,0,4,0,13,0,0,13,0,16,1,0,17,0,0,0,17
03/23/2000,LAW,OK,ASW,CE,Federal Contract Tower,0,9,1,2,12,0,5,0,0,5,0,14,1,2,17,0,14,14,31
03/24/2000,LAW,OK,ASW,CE,Federal Contract Tower,0,11,4,0,15,0,6,21,0,27,0,17,25,0,42,0,70,70,112
03/25/2000,LAW,OK,ASW,CE,Federal Contract Tower,0,5,1,1,7,0,10,22,0,32,0,15,23,1,39,40,0,40,79
03/26/2000,LAW,OK,ASW,CE,Federal Contract Tower,0,4,1,0,5,0,11,7,0,18,0,15,8,0,23,24,0,24,47
03/27/2000,LAW,OK,ASW,CE,Federal Contract Tower,0,15,10,4,29,0,0,0,0,0,0,15,10,4,29,8,106,114,143
03/28/2000,LAW,OK,ASW,CE,Federal Contract Tower,0,13,10,0,23,0,0,5,0,5,0,13,15,0,28,12,70,82,110
03/29/2000,LAW,OK,ASW,CE,Federal Contract Tower,0,15,8,1,24,0,0,0,0,0,0,15,8,1,24,0,64,64,88
03/30/2000,LAW,OK,ASW,CE,Federal Contract Tower,0,16,8,2,26,0,0,11,0,11,0,16,19,2,37,0,46,46,83
03/31/2000,LAW,OK,ASW,CE,Federal Contract Tower,0,15,10,0,25,0,0,19,0,19,0,15,29,0,44,0,54,54,98
04/01/2000,LAW,OK,ASW,CE,Federal Contract Tower,0,3,2,0,5,0,9,1,0,10,0,12,3,0,15,6,0,6,21
04/02/2000,LAW,OK,ASW,CE,Federal Contract Tower,0,2,2,0,4,0,10,17,0,27,0,12,19,0,31,20,0,20,51
04/03/2000,LAW,OK,ASW,CE,Federal Contract Tower,0,16,5,1,22,0,0,0,0,0,0,16,5,1,22,2,34,36,58
04/04/2000,LAW,OK,ASW,CE,Federal Contract Tower,0,16,12,5,33,0,0,13,0,13,0,16,25,5,46,19,46,65,111
04/05/2000,LAW,OK,ASW,CE,Federal Contract Tower,0,10,6,0,16,0,5,2,0,7,0,15,8,0,23,6,30,36,59
04/06/2000,LAW,OK,ASW,CE,Federal Contract Tower,0,16,8,0,24,0,0,11,0,11,0,16,19,0,35,0,72,72,107
04/07/2000,LAW,OK,ASW,CE,Federal Contract Tower,0,14,9,1,24,0,0,0,0,0,0,14,9,1,24,0,60,60,84
04/08/2000,LAW,OK,ASW,CE,Federal Contract Tower,0,5,2,2,9,0,10,20,0,30,0,15,22,2,39,14,0,14,53
04/09/2000,LAW,OK,ASW,CE,Federal Contract Tower,0,3,2,0,5,0,9,16,0,25,0,12,18,0,30,18,0,18,48
04/10/2000,LAW,OK,ASW,CE,Federal Contract Tower,0,16,7,0,23,0,0,0,0,0,0,16,7,0,23,0,36,36,59
04/11/2000,LAW,OK,ASW,CE,Federal Contract Tower,0,7,4,0,11,0,3,0,0,3,0,10,4,0,14,14,16,30,44
04/12/2000,LAW,OK,ASW,CE,Federal Contract Tower,0,13,7,0,20,0,0,1,0,1,0,13,8,0,21,14,8,22,43
04/13/2000,LAW,OK,ASW,CE,Federal Contract Tower,0,14,7,2,23,0,2,2,0,4,0,16,9,2,27,6,48,54,81
04/14/2000,LAW,OK,ASW,CE,Federal Contract Tower,0,10,6,0,16,0,10,2,0,12,0,20,8,0,28,6,42,48,76
04/15/2000,LAW,OK,ASW,CE,Federal Contract Tower,0,4,3,0,7,0,14,1,0,15,0,18,4,0,22,0,8,8,30
04/16/2000,LAW,OK,ASW,CE,Federal Contract Tower,0,5,3,0,8,0,9,8,0,17,0,14,11,0,25,38,0,38,63
04/17/2000,LAW,OK,ASW,CE,Federal Contract Tower,0,15,11,3,29,0,0,2,0,2,0,15,13,3,31,22,80,102,133
04/18/2000,LAW,OK,ASW,CE,Federal Contract Tower,0,17,13,0,30,0,0,2,0,2,0,17,15,0,32,14,88,102,134
04/19/2000,LAW,OK,ASW,CE,Federal Contract Tower,0,12,13,0,25,0,0,8,0,8,0,12,21,0,33,16,86,102,135
04/20/2000,LAW,OK,ASW,CE,Federal Contract Tower,0,13,11,1,25,0,0,1,0,1,0,13,12,1,26,16,88,104,130
04/21/2000,LAW,OK,ASW,CE,Federal Contract Tower,0,16,14,0,30,0,0,4,0,4,0,16,18,0,34,12,92,104,138
04/22/2000,LAW,OK,ASW,CE,Federal Contract Tower,0,5,2,2,9,0,11,14,0,25,0,16,16,2,34,10,0,10,44
04/23/2000,LAW,OK,ASW,CE,Federal Contract Tower,0,6,3,1,10,0,9,4,0,13,0,15,7,1,23,12,0,12,35
04/24/2000,LAW,OK,ASW,CE,Federal Contract Tower,0,15,8,1,24,0,0,0,0,0,0,15,8,1,24,36,66,102,126
04/25/2000,LAW,OK,ASW,CE,Federal Contract Tower,0,14,10,0,24,0,0,7,0,7,0,14,17,0,31,10,86,96,127
04/26/2000,LAW,OK,ASW,CE,Federal Contract Tower,0,14,13,0,27,0,0,4,0,4,0,14,17,0,31,18,86,104,135
04/27/2000,LAW,OK,ASW,CE,Federal Contract Tower,0,15,10,2,27,0,0,0,0,0,0,15,10,2,27,4,56,60,87
04/28/2000,LAW,OK,ASW,CE,Federal Contract Tower,0,16,10,0,26,0,0,2,0,2,0,16,12,0,28,10,48,58,86
04/29/2000,LAW,OK,ASW,CE,Federal Contract Tower,0,4,1,2,7,0,11,4,0,15,0,15,5,2,22,0,0,0,22
04/30/2000,LAW,OK,ASW,CE,Federal Contract Tower,0,3,1,0,4,0,10,1,0,11,0,13,2,0,15,0,0,0,15
05/01/2000,LAW,OK,ASW,CE,Federal Contract Tower,0,14,9,1,24,0,0,0,0,0,0,14,9,1,24,0,30,30,54
05/02/2000,LAW,OK,ASW,CE,Federal Contract Tower,0,14,10,2,26,0,0,0,0,0,0,14,10,2,26,12,116,128,154
05/03/2000,LAW,OK,ASW,CE,Federal Contract Tower,0,13,11,1,25,0,0,0,0,0,0,13,11,1,25,12,48,60,85
05/04/2000,LAW,OK,ASW,CE,Federal Contract Tower,0,16,12,6,34,0,0,6,0,6,0,16,18,6,40,2,54,56,96
05/05/2000,LAW,OK,ASW,CE,Federal Contract Tower,0,13,8,1,22,0,0,0,0,0,0,13,8,1,22,14,34,48,70
05/06/2000,LAW,OK,ASW,CE,Federal Contract Tower,0,4,1,2,7,0,9,0,0,9,0,13,1,2,16,10,0,10,26
05/07/2000,LAW,OK,ASW,CE,Federal Contract Tower,0,7,4,0,11,0,8,13,0,21,0,15,17,0,32,41,6,47,79
05/08/2000,LAW,OK,ASW,CE,Federal Contract Tower,0,7,5,0,12,0,8,4,0,12,0,15,9,0,24,2,24,26,50
05/09/2000,LAW,OK,ASW,CE,Federal Contract Tower,0,15,15,0,30,0,0,0,0,0,0,15,15,0,30,8,76,84,114
05/10/2000,LAW,OK,ASW,CE,Federal Contract Tower,0,13,12,2,27,0,0,3,0,3,0,13,15,2,30,0,76,76,106
05/11/2000,LAW,OK,ASW,CE,Federal Contract Tower,0,15,9,2,26,0,0,0,0,0,0,15,9,2,26,2,66,68,94
05/12/2000,LAW,OK,ASW,CE,Federal Contract Tower,0,15,12,0,27,0,0,1,0,1,0,15,13,0,28,3,66,69,97
05/13/2000,LAW,OK,ASW,CE,Federal Contract Tower,0,7,4,2,13,0,7,22,0,29,0,14,26,2,42,16,0,16,58
05/14/2000,LAW,OK,ASW,CE,Federal Contract Tower,0,4,3,0,7,0,11,8,0,19,0,15,11,0,26,20,0,20,46
05/15/2000,LAW,OK,ASW,CE,Federal Contract Tower,0,17,11,6,34,0,0,1,0,1,0,17,12,6,35,8,66,74,109
05/16/2000,LAW,OK,ASW,CE,Federal Contract Tower,0,14,10,0,24,0,0,2,0,2,0,14,12,0,26,6,68,74,100
05/17/2000,LAW,OK,ASW,CE,Federal Contract Tower,0,15,4,0,19,0,0,0,0,0,0,15,4,0,19,6,46,52,71
05/18/2000,LAW,OK,ASW,CE,Federal Contract Tower,0,16,16,3,35,0,0,0,0,0,0,16,16,3,35,14,90,104,139
05/19/2000,LAW,OK,ASW,CE,Federal Contract Tower,0,11,15,2,28,0,0,10,0,10,0,11,25,2,38,18,83,101,139
05/20/2000,LAW,OK,ASW,CE,Federal Contract Tower,0,4,2,2,8,0,12,23,0,35,0,16,25,2,43,30,0,30,73
05/21/2000,LAW,OK,ASW,CE,Federal Contract Tower,0,4,2,0,6,0,11,13,0,24,0,15,15,0,30,36,0,36,66
05/22/2000,LAW,OK,ASW,CE,Federal Contract Tower,0,14,7,0,21,0,0,4,0,4,0,14,11,0,25,0,88,88,113
05/23/2000,LAW,OK,ASW,CE,Federal Contract Tower,0,15,8,0,23,0,3,20,0,23,0,18,28,0,46,5,52,57,103
05/24/2000,LAW,OK,ASW,CE,Federal Contract Tower,0,15,8,2,25,0,0,14,0,14,0,15,22,2,39,0,76,76,115
05/25/2000,LAW,OK,ASW,CE,Federal Contract Tower,0,11,10,2,23,0,0,0,0,0,0,11,10,2,23,10,82,92,115
05/26/2000,LAW,OK,ASW,CE,Federal Contract Tower,0,7,4,4,15,0,10,12,0,22,0,17,16,4,37,10,0,10,47
05/27/2000,LAW,OK,ASW,CE,Federal Contract Tower,0,2,1,0,3,0,6,12,0,18,0,8,13,0,21,8,0,8,29
05/28/2000,LAW,OK,ASW,CE,Federal Contract Tower,0,4,1,0,5,0,15,18,0,33,0,19,19,0,38,11,0,11,49
05/29/2000,LAW,OK,ASW,CE,Federal Contract Tower,0,4,1,0,5,0,11,11,0,22,0,15,12,0,27,16,0,16,43
05/30/2000,LAW,OK,ASW,CE,Federal Contract Tower,0,13,7,2,22,0,4,2,0,6,0,17,9,2,28,2,52,54,82
05/31/2000,LAW,OK,ASW,CE,Federal Contract Tower,0,14,7,1,22,0,1,11,0,12,0,15,18,1,34,4,64,68,102
06/01/2000,LAW,OK,ASW,CE,Federal Contract Tower,0,17,10,0,27,0,0,6,0,6,0,17,16,0,33,26,62,88,121
06/02/2000,LAW,OK,ASW,CE,Federal Contract Tower,0,14,8,4,26,0,0,0,0,0,0,14,8,4,26,6,108,114,140
06/03/2000,LAW,OK,ASW,CE,Federal Contract Tower,0,4,2,2,8,0,10,1,0,11,0,14,3,2,19,0,0,0,19
06/04/2000,LAW,OK,ASW,CE,Federal Contract Tower,0,5,3,1,9,0,7,3,0,10,0,12,6,1,19,24,0,24,43
06/05/2000,LAW,OK,ASW,CE,Federal Contract Tower,0,15,9,0,24,0,0,0,0,0,0,15,9,0,24,4,62,66,90
06/06/2000,LAW,OK,ASW,CE,Federal Contract Tower,0,17,11,2,30,0,0,7,0,7,0,17,18,2,37,12,94,106,143
06/07/2000,LAW,OK,ASW,CE,Federal Contract Tower,0,15,8,1,24,0,0,11,0,11,0,15,19,1,35,10,58,68,103
06/08/2000,LAW,OK,ASW,CE,Federal Contract Tower,0,14,8,2,24,0,0,10,0,10,0,14,18,2,34,4,68,72,106
06/09/2000,LAW,OK,ASW,CE,Federal Contract Tower,0,10,7,5,22,0,0,11,0,11,0,10,18,5,33,18,44,62,95
06/10/2000,LAW,OK,ASW,CE,Federal Contract Tower,0,6,3,0,9,0,7,6,0,13,0,13,9,0,22,20,0,20,42
06/11/2000,LAW,OK,ASW,CE,Federal Contract Tower,0,5,3,2,10,0,7,6,0,13,0,12,9,2,23,8,4,12,35
06/12/2000,LAW,OK,ASW,CE,Federal Contract Tower,0,15,10,0,25,0,0,6,0,6,0,15,16,0,31,1,74,75,106
06/13/2000,LAW,OK,ASW,CE,Federal Contract Tower,0,14,9,0,23,0,0,2,0,2,0,14,11,0,25,4,44,48,73
06/14/2000,LAW,OK,ASW,CE,Federal Contract Tower,0,12,4,1,17,0,0,0,0,0,0,12,4,1,17,14,88,102,119
06/15/2000,LAW,OK,ASW,CE,Federal Contract Tower,0,15,6,2,23,0,0,11,0,11,0,15,17,2,34,20,46,66,100
06/16/2000,LAW,OK,ASW,CE,Federal Contract Tower,0,16,4,3,23,0,0,0,0,0,0,16,4,3,23,18,58,76,99
06/17/2000,LAW,OK,ASW,CE,Federal Contract Tower,0,2,0,3,5,0,8,0,0,8,0,10,0,3,13,0,0,0,13
06/18/2000,LAW,OK,ASW,CE,Federal Contract Tower,0,6,2,1,9,0,9,2,0,11,0,15,4,1,20,6,6,12,32
06/19/2000,LAW,OK,ASW,CE,Federal Contract Tower,0,12,0,0,12,0,3,0,0,3,0,15,0,0,15,0,44,44,59
06/20/2000,LAW,OK,ASW,CE,Federal Contract Tower,0,15,4,0,19,0,0,0,0,0,0,15,4,0,19,14,38,52,71
06/21/2000,LAW,OK,ASW,CE,Federal Contract Tower,0,13,6,0,19,0,0,0,0,0,0,13,6,0,19,0,72,72,91
06/22/2000,LAW,OK,ASW,CE,Federal Contract Tower,0,13,5,1,19,0,0,1,0,1,0,13,6,1,20,0,32,32,52
06/23/2000,LAW,OK,ASW,CE,Federal Contract Tower,0,10,4,4,18,0,5,10,0,15,0,15,14,4,33,0,36,36,69
06/24/2000,LAW,OK,ASW,CE,Federal Contract Tower,0,4,1,0,5,0,12,14,0,26,0,16,15,0,31,26,0,26,57
06/25/2000,LAW,OK,ASW,CE,Federal Contract Tower,0,4,1,0,5,0,9,11,0,20,0,13,12,0,25,18,0,18,43
06/26/2000,LAW,OK,ASW,CE,Federal Contract Tower,0,15,7,0,22,0,0,1,0,1,0,15,8,0,23,0,62,62,85
06/27/2000,LAW,OK,ASW,CE,Federal Contract Tower,0,11,5,0,16,0,3,13,0,16,0,14,18,0,32,4,40,44,76
06/28/2000,LAW,OK,ASW,CE,Federal Contract Tower,0,13,10,0,23,0,0,4,0,4,0,13,14,0,27,10,52,62,89
06/29/2000,LAW,OK,ASW,CE,Federal Contract Tower,0,16,10,2,28,0,0,1,0,1,0,16,11,2,29,2,74,76,105
06/30/2000,LAW,OK,ASW,CE,Federal Contract Tower,0,15,7,5,27,0,1,5,0,6,0,16,12,5,33,6,62,68,101
07/01/2000,LAW,OK,ASW,CE,Federal Contract Tower,0,2,2,0,4,0,12,0,0,12,0,14,2,0,16,16,0,16,32
07/02/2000,LAW,OK,ASW,CE,Federal Contract Tower,0,2,2,0,4,0,13,2,0,15,0,15,4,0,19,8,0,8,27
07/03/2000,LAW,OK,ASW,CE,Federal Contract Tower,0,3,1,0,4,0,8,17,0,25,0,11,18,0,29,8,0,8,37
07/04/2000,LAW,OK,ASW,CE,Federal Contract Tower,0,3,2,0,5,0,11,14,0,25,0,14,16,0,30,6,0,6,36
07/05/2000,LAW,OK,ASW,CE,Federal Contract Tower,0,16,9,0,25,0,0,10,0,10,0,16,19,0,35,0,102,102,137
07/06/2000,LAW,OK,ASW,CE,Federal Contract Tower,0,16,7,0,23,0,0,8,0,8,0,16,15,0,31,0,74,74,105
07/07/2000,LAW,OK,ASW,CE,Federal Contract Tower,0,15,9,0,24,0,0,8,0,8,0,15,17,0,32,32,88,120,152
07/08/2000,LAW,OK,ASW,CE,Federal Contract Tower,0,6,2,2,10,0,11,18,0,29,0,17,20,2,39,8,2,10,49
07/09/2000,LAW,OK,ASW,CE,Federal Contract Tower,0,3,1,6,10,0,12,12,0,24,0,15,13,6,34,0,0,0,34
07/10/2000,LAW,OK,ASW,CE,Federal Contract Tower,0,13,7,1,21,0,0,0,0,0,0,13,7,1,21,4,76,80,101
07/11/2000,LAW,OK,ASW,CE,Federal Contract Tower,0,16,9,0,25,0,0,6,0,6,0,16,15,0,31,2,102,104,135
07/12/2000,LAW,OK,ASW,CE,Federal Contract Tower,0,15,11,5,31,0,0,4,0,4,0,15,15,5,35,0,110,110,145
07/13/2000,LAW,OK,ASW,CE,Federal Contract Tower,0,13,8,3,24,0,0,16,0,16,0,13,24,3,40,12,76,88,128
07/14/2000,LAW,OK,ASW,CE,Federal Contract Tower,0,13,8,2,23,0,0,11,0,11,0,13,19,2,34,4,58,62,96
07/15/2000,LAW,OK,ASW,CE,Federal Contract Tower,0,6,2,2,10,0,9,17,0,26,0,15,19,2,36,8,0,8,44
07/16/2000,LAW,OK,ASW,CE,Federal Contract Tower,0,3,1,0,4,0,10,13,0,23,0,13,14,0,27,4,4,8,35
07/17/2000,LAW,OK,ASW,CE,Federal Contract Tower,0,16,9,0,25,0,0,4,0,4,0,16,13,0,29,0,110,110,139
07/18/2000,LAW,OK,ASW,CE,Federal Contract Tower,0,15,9,2,26,0,0,3,0,3,0,15,12,2,29,12,82,94,123
07/19/2000,LAW,OK,ASW,CE,Federal Contract Tower,0,16,9,3,28,0,0,9,0,9,0,16,18,3,37,21,106,127,164
07/20/2000,LAW,OK,ASW,CE,Federal Contract Tower,0,15,7,3,25,0,0,10,0,10,0,15,17,3,35,8,78,86,121
07/21/2000,LAW,OK,ASW,CE,Federal Contract Tower,0,13,4,1,18,0,2,13,0,15,0,15,17,1,33,2,46,48,81
07/22/2000,LAW,OK,ASW,CE,Federal Contract Tower,0,5,1,2,8,0,11,2,0,13,0,16,3,2,21,8,0,8,29
07/23/2000,LAW,OK,ASW,CE,Federal Contract Tower,0,3,1,0,4,0,10,20,0,30,0,13,21,0,34,2,2,4,38
07/24/2000,LAW,OK,ASW,CE,Federal Contract Tower,0,15,8,1,24,0,0,10,0,10,0,15,18,1,34,10,94,104,138
07/25/2000,LAW,OK,ASW,CE,Federal Contract Tower,0,15,6,0,21,0,0,0,0,0,0,15,6,0,21,0,50,50,71
07/26/2000,LAW,OK,ASW,CE,Federal Contract Tower,0,15,5,0,20,0,0,5,0,5,0,15,10,0,25,0,64,64,89
07/27/2000,LAW,OK,ASW,CE,Federal Contract Tower,0,13,4,1,18,0,2,8,0,10,0,15,12,1,28,0,35,35,63
07/28/2000,LAW,OK,ASW,CE,Federal Contract Tower,0,15,6,2,23,0,0,18,0,18,0,15,24,2,41,12,32,44,85
07/29/2000,LAW,OK,ASW,CE,Federal Contract Tower,0,6,1,2,9,0,10,12,0,22,0,16,13,2,31,5,0,5,36
07/30/2000,LAW,OK,ASW,CE,Federal Contract Tower,0,6,1,2,9,0,9,21,0,30,0,15,22,2,39,2,2,4,43
07/31/2000,LAW,OK,ASW,CE,Federal Contract Tower,0,15,5,0,20,0,1,12,0,13,0,16,17,0,33,0,36,36,69
08/01/2000,LAW,OK,ASW,CE,Federal Contract Tower,0,14,9,0,23,0,0,21,0,21,0,14,30,0,44,12,66,78,122
08/02/2000,LAW,OK,ASW,CE,Federal Contract Tower,0,15,9,2,26,0,0,4,0,4,0,15,13,2,30,0,54,54,84
08/03/2000,LAW,OK,ASW,CE,Federal Contract Tower,0,15,8,0,23,0,0,9,0,9,0,15,17,0,32,4,48,52,84
08/04/2000,LAW,OK,ASW,CE,Federal Contract Tower,0,14,8,2,24,0,0,7,0,7,0,14,15,2,31,4,42,46,77
08/05/2000,LAW,OK,ASW,CE,Federal Contract Tower,0,6,3,0,9,0,9,11,0,20,0,15,14,0,29,20,0,20,49
08/06/2000,LAW,OK,ASW,CE,Federal Contract Tower,0,4,2,0,6,0,11,12,0,23,0,15,14,0,29,14,0,14,43
08/07/2000,LAW,OK,ASW,CE,Federal Contract Tower,0,13,7,1,21,0,0,2,0,2,0,13,9,1,23,20,50,70,93
08/08/2000,LAW,OK,ASW,CE,Federal Contract Tower,0,15,11,0,26,0,0,7,0,7,0,15,18,0,33,6,72,78,111
08/09/2000,LAW,OK,ASW,CE,Federal Contract Tower,0,16,10,0,26,0,0,10,0,10,0,16,20,0,36,6,70,76,112
08/10/2000,LAW,OK,ASW,CE,Federal Contract Tower,0,17,11,3,31,0,0,4,0,4,0,17,15,3,35,28,112,140,175
08/11/2000,LAW,OK,ASW,CE,Federal Contract Tower,0,15,10,0,25,0,0,20,0,20,0,15,30,0,45,18,80,98,143
08/12/2000,LAW,OK,ASW,CE,Federal Contract Tower,0,5,3,0,8,0,10,19,0,29,0,15,22,0,37,34,0,34,71
08/13/2000,LAW,OK,ASW,CE,Federal Contract Tower,0,4,2,0,6,0,11,19,0,30,0,15,21,0,36,4,0,4,40
08/14/2000,LAW,OK,ASW,CE,Federal Contract Tower,0,16,6,5,27,0,0,0,0,0,0,16,6,5,27,10,86,96,123
08/15/2000,LAW,OK,ASW,CE,Federal Contract Tower,0,14,6,0,20,0,0,0,0,0,0,14,6,0,20,8,76,84,104
08/16/2000,LAW,OK,ASW,CE,Federal Contract Tower,0,14,6,1,21,0,1,7,0,8,0,15,13,1,29,10,42,52,81
08/17/2000,LAW,OK,ASW,CE,Federal Contract Tower,0,16,9,0,25,0,0,5,0,5,0,16,14,0,30,6,55,61,91
08/18/2000,LAW,OK,ASW,CE,Federal Contract Tower,0,16,7,3,26,0,0,3,0,3,0,16,10,3,29,12,64,76,105
08/19/2000,LAW,OK,ASW,CE,Federal Contract Tower,0,6,2,8,16,0,11,16,0,27,0,17,18,8,43,18,0,18,61
08/20/2000,LAW,OK,ASW,CE,Federal Contract Tower,0,7,3,0,10,0,9,3,0,12,0,16,6,0,22,32,2,34,56
08/21/2000,LAW,OK,ASW,CE,Federal Contract Tower,0,15,7,2,24,0,0,11,0,11,0,15,18,2,35,10,62,72,107
08/22/2000,LAW,OK,ASW,CE,Federal Contract Tower,0,12,4,3,19,0,0,13,0,13,0,12,17,3,32,7,50,57,89
08/23/2000,LAW,OK,ASW,CE,Federal Contract Tower,0,13,7,1,21,0,0,1,0,1,0,13,8,1,22,16,48,64,86
08/24/2000,LAW,OK,ASW,CE,Federal Contract Tower,0,14,7,0,21,0,0,9,0,9,0,14,16,0,30,16,42,58,88
08/25/2000,LAW,OK,ASW,CE,Federal Contract Tower,0,9,3,0,12,0,8,29,0,37,0,17,32,0,49,26,26,52,101
08/26/2000,LAW,OK,ASW,CE,Federal Contract Tower,0,3,1,0,4,0,11,31,0,42,0,14,32,0,46,0,0,0,46
08/27/2000,LAW,OK,ASW,CE,Federal Contract Tower,0,5,2,0,7,0,11,13,0,24,0,16,15,0,31,6,14,20,51
08/28/2000,LAW,OK,ASW,CE,Federal Contract Tower,0,15,9,0,24,0,0,23,0,23,0,15,32,0,47,18,84,102,149
08/29/2000,LAW,OK,ASW,CE,Federal Contract Tower,0,11,4,1,16,0,4,4,0,8,0,15,8,1,24,0,30,30,54
08/30/2000,LAW,OK,ASW,CE,Federal Contract Tower,0,13,6,0,19,0,0,6,0,6,0,13,12,0,25,16,84,100,125
08/31/2000,LAW,OK,ASW,CE,Federal Contract Tower,0,17,7,0,24,0,0,4,0,4,0,17,11,0,28,0,48,48,76
09/01/2000,LAW,OK,ASW,CE,Federal Contract Tower,0,16,6,0,22,0,0,19,0,19,0,16,25,0,41,0,34,34,75
09/02/2000,LAW,OK,ASW,CE,Federal Contract Tower,0,3,1,0,4,0,11,22,0,33,0,14,23,0,37,4,0,4,41
09/03/2000,LAW,OK,ASW,CE,Federal Contract Tower,0,1,1,0,2,0,10,5,0,15,0,11,6,0,17,6,0,6,23
09/04/2000,LAW,OK,ASW,CE,Federal Contract Tower,0,3,1,0,4,0,11,24,0,35,0,14,25,0,39,6,0,6,45
09/05/2000,LAW,OK,ASW,CE,Federal Contract Tower,0,4,1,0,5,0,10,7,0,17,0,14,8,0,22,4,2,6,28
09/06/2000,LAW,OK,ASW,CE,Federal Contract Tower,0,14,5,0,19,0,0,14,0,14,0,14,19,0,33,0,62,62,95
09/07/2000,LAW,OK,ASW,CE,Federal Contract Tower,0,14,11,4,29,0,0,6,0,6,0,14,17,4,35,4,62,66,101
09/08/2000,LAW,OK,ASW,CE,Federal Contract Tower,0,16,7,0,23,0,0,9,0,9,0,16,16,0,32,0,50,50,82
09/09/2000,LAW,OK,ASW,CE,Federal Contract Tower,0,6,2,2,10,0,11,9,0,20,0,17,11,2,30,0,20,20,50
09/10/2000,LAW,OK,ASW,CE,Federal Contract Tower,0,4,1,2,7,0,12,8,0,20,0,16,9,2,27,4,8,12,39
09/11/2000,LAW,OK,ASW,CE,Federal Contract Tower,0,10,3,0,13,0,5,3,0,8,0,15,6,0,21,0,34,34,55
09/12/2000,LAW,OK,ASW,CE,Federal Contract Tower,0,15,6,0,21,0,0,9,0,9,0,15,15,0,30,0,58,58,88
09/13/2000,LAW,OK,ASW,CE,Federal Contract Tower,0,16,11,2,29,0,0,5,0,5,0,16,16,2,34,6,11,17,51
09/14/2000,LAW,OK,ASW,CE,Federal Contract Tower,0,14,9,0,23,0,0,0,0,0,0,14,9,0,23,0,128,128,151
09/15/2000,LAW,OK,ASW,CE,Federal Contract Tower,0,14,7,0,21,0,0,9,0,9,0,14,16,0,30,0,30,30,60
09/16/2000,LAW,OK,ASW,CE,Federal Contract Tower,0,5,3,0,8,0,12,19,0,31,0,17,22,0,39,10,0,10,49
09/17/2000,LAW,OK,ASW,CE,Federal Contract Tower,0,10,5,5,20,0,4,7,0,11,0,14,12,5,31,4,36,40,71
09/18/2000,LAW,OK,ASW,CE,Federal Contract Tower,0,15,11,4,30,0,0,6,0,6,0,15,17,4,36,10,82,92,128
09/19/2000,LAW,OK,ASW,CE,Federal Contract Tower,0,18,9,4,31,0,0,8,0,8,0,18,17,4,39,2,50,52,91
09/20/2000,LAW,OK,ASW,CE,Federal Contract Tower,0,13,13,1,27,0,0,5,0,5,0,13,18,1,32,0,112,112,144
09/21/2000,LAW,OK,ASW,CE,Federal Contract Tower,0,12,13,3,28,0,0,10,0,10,0,12,23,3,38,34,102,136,174
09/22/2000,LAW,OK,ASW,CE,Federal Contract Tower,0,17,5,3,25,0,0,0,0,0,0,17,5,3,25,28,88,116,141
09/23/2000,LAW,OK,ASW,CE,Federal Contract Tower,0,5,2,1,8,0,12,24,0,36,0,17,26,1,44,30,4,34,78
09/24/2000,LAW,OK,ASW,CE,Federal Contract Tower,0,8,3,0,11,0,8,1,0,9,0,16,4,0,20,0,6,6,26
09/25/2000,LAW,OK,ASW,CE,Federal Contract Tower,0,14,11,2,27,0,0,0,0,0,0,14,11,2,27,6,88,94,121
09/26/2000,LAW,OK,ASW,CE,Federal Contract Tower,0,14,12,0,26,0,0,19,0,19,0,14,31,0,45,28,104,132,177
09/27/2000,LAW,OK,ASW,CE,Federal Contract Tower,0,8,3,2,13,0,7,20,0,27,0,15,23,2,40,25,6,31,71
09/28/2000,LAW,OK,ASW,CE,Federal Contract Tower,0,7,2,2,11,0,7,20,0,27,0,14,22,2,38,24,0,24,62
09/29/2000,LAW,OK,ASW,CE,Federal Contract Tower,0,6,2,0,8,0,9,4,0,13,0,15,6,0,21,22,1,23,44
09/30/2000,LAW,OK,ASW,CE,Federal Contract Tower,0,12,4,0,16,0,4,19,0,23,0,16,23,0,39,54,0,54,93
10/01/2000,LAW,OK,ASW,CE,Federal Contract Tower,0,7,4,0,11,0,7,10,0,17,0,14,14,0,28,28,0,28,56
10/02/2000,LAW,OK,ASW,CE,Federal Contract Tower,0,13,13,6,32,0,0,0,0,0,0,13,13,6,32,8,80,88,120
10/03/2000,LAW,OK,ASW,CE,Federal Contract Tower,0,14,17,3,34,0,0,0,0,0,0,14,17,3,34,38,116,154,188
10/04/2000,LAW,OK,ASW,CE,Federal Contract Tower,0,15,21,4,40,0,0,9,0,9,0,15,30,4,49,38,124,162,211
10/05/2000,LAW,OK,ASW,CE,Federal Contract Tower,0,16,12,2,30,0,1,13,0,14,0,17,25,2,44,16,60,76,120
10/06/2000,LAW,OK,ASW,CE,Federal Contract Tower,0,13,13,0,26,0,0,0,0,0,0,13,13,0,26,8,90,98,124
10/07/2000,LAW,OK,ASW,CE,Federal Contract Tower,0,3,3,0,6,0,6,18,0,24,0,9,21,0,30,4,0,4,34
10/08/2000,LAW,OK,ASW,CE,Federal Contract Tower,0,7,5,0,12,0,8,14,0,22,0,15,19,0,34,30,0,30,64
10/09/2000,LAW,OK,ASW,CE,Federal Contract Tower,0,7,5,2,14,0,8,21,0,29,0,15,26,2,43,36,0,36,79
10/10/2000,LAW,OK,ASW,CE,Federal Contract Tower,0,12,12,0,24,0,0,1,0,1,0,12,13,0,25,21,54,75,100
10/11/2000,LAW,OK,ASW,CE,Federal Contract Tower,0,17,13,2,32,0,0,6,0,6,0,17,19,2,38,12,72,84,122
10/12/2000,LAW,OK,ASW,CE,Federal Contract Tower,0,16,17,3,36,0,0,0,0,0,0,16,17,3,36,10,12,22,58
10/13/2000,LAW,OK,ASW,CE,Federal Contract Tower,0,10,7,3,20,0,5,9,0,14,0,15,16,3,34,0,16,16,50
10/14/2000,LAW,OK,ASW,CE,Federal Contract Tower,0,5,4,0,9,0,12,7,0,19,0,17,11,0,28,26,2,28,56
10/15/2000,LAW,OK,ASW,CE,Federal Contract Tower,0,3,1,2,6,0,7,0,0,7,0,10,1,2,13,0,0,0,13
10/16/2000,LAW,OK,ASW,CE,Federal Contract Tower,0,15,7,6,28,0,0,0,0,0,0,15,7,6,28,14,68,82,110
10/17/2000,LAW,OK,ASW,CE,Federal Contract Tower,0,15,13,8,36,0,0,4,0,4,0,15,17,8,40,18,58,76,116
10/18/2000,LAW,OK,ASW,CE,Federal Contract Tower,0,14,16,2,32,0,0,6,0,6,0,14,22,2,38,52,94,146,184
10/19/2000,LAW,OK,ASW,CE,Federal Contract Tower,0,16,11,0,27,0,0,7,0,7,0,16,18,0,34,26,66,92,126
10/20/2000,LAW,OK,ASW,CE,Federal Contract Tower,0,11,8,0,19,0,5,0,0,5,0,16,8,0,24,2,34,36,60
10/21/2000,LAW,OK,ASW,CE,Federal Contract Tower,0,2,2,0,4,0,9,1,0,10,0,11,3,0,14,0,0,0,14
10/22/2000,LAW,OK,ASW,CE,Federal Contract Tower,0,5,3,1,9,0,9,5,0,14,0,14,8,1,23,0,0,0,23
10/23/2000,LAW,OK,ASW,CE,Federal Contract Tower,0,16,10,4,30,0,1,3,0,4,0,17,13,4,34,22,62,84,118
10/24/2000,LAW,OK,ASW,CE,Federal Contract Tower,0,15,10,0,25,0,0,0,0,0,0,15,10,0,25,20,120,140,165
10/25/2000,LAW,OK,ASW,CE,Federal Contract Tower,0,6,1,0,7,0,8,0,0,8,0,14,1,0,15,4,6,10,25
10/26/2000,LAW,OK,ASW,CE,Federal Contract Tower,0,4,1,2,7,0,11,0,0,11,0,15,1,2,18,0,0,0,18
10/27/2000,LAW,OK,ASW,CE,Federal Contract Tower,0,15,10,0,25,0,3,2,0,5,0,18,12,0,30,29,46,75,105
10/28/2000,LAW,OK,ASW,CE,Federal Contract Tower,0,6,3,2,11,0,10,6,0,16,0,16,9,2,27,8,0,8,35
10/29/2000,LAW,OK,ASW,CE,Federal Contract Tower,0,4,2,2,8,0,13,14,0,27,0,17,16,2,35,8,0,8,43
10/30/2000,LAW,OK,ASW,CE,Federal Contract Tower,0,18,18,5,41,0,0,0,0,0,0,18,18,5,41,26,62,88,129
10/31/2000,LAW,OK,ASW,CE,Federal Contract Tower,0,14,15,1,30,0,0,0,0,0,0,14,15,1,30,2,104,106,136
11/01/2000,LAW,OK,ASW,CE,Federal Contract Tower,0,10,6,0,16,0,5,0,0,5,0,15,6,0,21,8,22,30,51
11/02/2000,LAW,OK,ASW,CE,Federal Contract Tower,0,15,15,2,32,0,0,6,0,6,0,15,21,2,38,30,68,98,136
11/03/2000,LAW,OK,ASW,CE,Federal Contract Tower,0,3,3,0,6,0,12,0,0,12,0,15,3,0,18,8,0,8,26
11/04/2000,LAW,OK,ASW,CE,Federal Contract Tower,0,5,5,0,10,0,8,4,0,12,0,13,9,0,22,20,0,20,42
11/05/2000,LAW,OK,ASW,CE,Federal Contract Tower,0,4,2,0,6,0,7,0,0,7,0,11,2,0,13,26,0,26,39
11/06/2000,LAW,OK,ASW,CE,Federal Contract Tower,0,11,13,2,26,0,0,0,0,0,0,11,13,2,26,18,90,108,134
11/07/2000,LAW,OK,ASW,CE,Federal Contract Tower,0,4,3,0,7,0,10,3,0,13,0,14,6,0,20,2,0,2,22
11/08/2000,LAW,OK,ASW,CE,Federal Contract Tower,0,3,1,1,5,0,12,0,0,12,0,15,1,1,17,0,0,0,17
11/09/2000,LAW,OK,ASW,CE,Federal Contract Tower,0,18,13,0,31,0,0,0,0,0,0,18,13,0,31,11,74,85,116
11/10/2000,LAW,OK,ASW,CE,Federal Contract Tower,0,11,9,0,20,0,2,27,0,29,0,13,36,0,49,44,0,44,93
11/11/2000,LAW,OK,ASW,CE,Federal Contract Tower,0,7,5,0,12,0,6,6,0,12,0,13,11,0,24,24,0,24,48
11/12/2000,LAW,OK,ASW,CE,Federal Contract Tower,0,2,0,0,2,0,11,0,0,11,0,13,0,0,13,0,0,0,13
11/13/2000,LAW,OK,ASW,CE,Federal Contract Tower,0,14,17,3,34,0,0,1,0,1,0,14,18,3,35,20,58,78,113
11/14/2000,LAW,OK,ASW,CE,Federal Contract Tower,0,17,12,0,29,0,0,0,0,0,0,17,12,0,29,20,62,82,111
11/15/2000,LAW,OK,ASW,CE,Federal Contract Tower,0,14,11,2,27,0,0,0,0,0,0,14,11,2,27,10,66,76,103
11/16/2000,LAW,OK,ASW,CE,Federal Contract Tower,0,13,31,6,50,0,0,5,0,5,0,13,36,6,55,42,106,148,203
11/17/2000,LAW,OK,ASW,CE,Federal Contract Tower,0,16,20,0,36,0,0,7,0,7,0,16,27,0,43,24,84,108,151
11/18/2000,LAW,OK,ASW,CE,Federal Contract Tower,0,14,16,2,32,0,0,2,0,2,0,14,18,2,34,50,56,106,140
11/19/2000,LAW,OK,ASW,CE,Federal Contract Tower,0,9,6,0,15,0,8,16,0,24,0,17,22,0,39,20,2,22,61
11/20/2000,LAW,OK,ASW,CE,Federal Contract Tower,0,15,18,3,36,0,0,1,0,1,0,15,19,3,37,18,60,78,115
11/21/2000,LAW,OK,ASW,CE,Federal Contract Tower,0,14,10,0,24,0,3,12,0,15,0,17,22,0,39,12,84,96,135
11/22/2000,LAW,OK,ASW,CE,Federal Contract Tower,0,14,18,1,33,0,0,2,0,2,0,14,20,1,35,6,84,90,125
11/23/2000,LAW,OK,ASW,CE,Federal Contract Tower,0,4,2,0,6,0,9,0,0,9,0,13,2,0,15,10,0,10,25
11/24/2000,LAW,OK,ASW,CE,Federal Contract Tower,0,5,4,0,9,0,11,6,0,17,0,16,10,0,26,8,0,8,34
11/25/2000,LAW,OK,ASW,CE,Federal Contract Tower,0,6,5,0,11,0,9,25,0,34,0,15,30,0,45,42,0,42,87
11/26/2000,LAW,OK,ASW,CE,Federal Contract Tower,0,3,3,0,6,0,13,14,0,27,0,16,17,0,33,0,0,0,33
11/27/2000,LAW,OK,ASW,CE,Federal Contract Tower,0,16,17,1,34,0,0,4,0,4,0,16,21,1,38,2,100,102,140
11/28/2000,LAW,OK,ASW,CE,Federal Contract Tower,0,15,22,1,38,0,0,0,0,0,0,15,22,1,38,32,118,150,188
11/29/2000,LAW,OK,ASW,CE,Federal Contract Tower,0,14,17,4,35,0,0,0,0,0,0,14,17,4,35,11,106,117,152
11/30/2000,LAW,OK,ASW,CE,Federal Contract Tower,0,15,15,0,30,0,0,0,0,0,0,15,15,0,30,22,96,118,148
12/01/2000,LAW,OK,ASW,CE,Federal Contract Tower,0,15,18,1,34,0,0,4,0,4,0,15,22,1,38,26,54,80,118
12/02/2000,LAW,OK,ASW,CE,Federal Contract Tower,0,6,4,0,10,0,10,3,0,13,0,16,7,0,23,6,6,12,35
12/03/2000,LAW,OK,ASW,CE,Federal Contract Tower,0,5,4,0,9,0,11,14,0,25,0,16,18,0,34,16,8,24,58
12/04/2000,LAW,OK,ASW,CE,Federal Contract Tower,0,15,16,6,37,0,0,0,0,0,0,15,16,6,37,24,78,102,139
12/05/2000,LAW,OK,ASW,CE,Federal Contract Tower,0,13,7,0,20,0,0,0,0,0,0,13,7,0,20,20,40,60,80
12/06/2000,LAW,OK,ASW,CE,Federal Contract Tower,0,15,6,3,24,0,0,0,0,0,0,15,6,3,24,34,142,176,200
12/07/2000,LAW,OK,ASW,CE,Federal Contract Tower,0,14,13,4,31,0,0,0,0,0,0,14,13,4,31,48,62,110,141
12/08/2000,LAW,OK,ASW,CE,Federal Contract Tower,0,16,11,0,27,0,0,0,0,0,0,16,11,0,27,36,56,92,119
12/09/2000,LAW,OK,ASW,CE,Federal Contract Tower,0,5,4,1,10,0,10,15,0,25,0,15,19,1,35,40,0,40,75
12/10/2000,LAW,OK,ASW,CE,Federal Contract Tower,0,8,6,0,14,0,5,14,0,19,0,13,20,0,33,16,4,20,53
12/11/2000,LAW,OK,ASW,CE,Federal Contract Tower,0,15,5,0,20,0,0,0,0,0,0,15,5,0,20,8,34,42,62
12/12/2000,LAW,OK,ASW,CE,Federal Contract Tower,0,9,4,0,13,0,0,0,0,0,0,9,4,0,13,0,24,24,37
12/13/2000,LAW,OK,ASW,CE,Federal Contract Tower,0,1,1,0,2,0,3,1,0,4,0,4,2,0,6,0,0,0,6
12/14/2000,LAW,OK,ASW,CE,Federal Contract Tower,0,4,3,0,7,0,6,0,0,6,0,10,3,0,13,12,0,12,25
12/15/2000,LAW,OK,ASW,CE,Federal Contract Tower,0,7,6,0,13,0,6,9,0,15,0,13,15,0,28,10,2,12,40
12/16/2000,LAW,OK,ASW,CE,Federal Contract Tower,0,6,4,0,10,0,9,6,0,15,0,15,10,0,25,12,0,12,37
12/17/2000,LAW,OK,ASW,CE,Federal Contract Tower,0,8,6,0,14,0,5,10,0,15,0,13,16,0,29,44,0,44,73
12/18/2000,LAW,OK,ASW,CE,Federal Contract Tower,0,15,17,0,32,0,0,0,0,0,0,15,17,0,32,32,84,116,148
12/19/2000,LAW,OK,ASW,CE,Federal Contract Tower,0,14,18,6,38,0,0,6,0,6,0,14,24,6,44,18,76,94,138
12/20/2000,LAW,OK,ASW,CE,Federal Contract Tower,0,13,12,1,26,0,0,7,0,7,0,13,19,1,33,30,28,58,91
12/21/2000,LAW,OK,ASW,CE,Federal Contract Tower,0,16,12,1,29,0,0,2,0,2,0,16,14,1,31,26,48,74,105
12/22/2000,LAW,OK,ASW,CE,Federal Contract Tower,0,8,5,0,13,0,3,7,0,10,0,11,12,0,23,10,0,10,33
12/23/2000,LAW,OK,ASW,CE,Federal Contract Tower,0,5,3,0,8,0,10,29,0,39,0,15,32,0,47,40,0,40,87
12/24/2000,LAW,OK,ASW,CE,Federal Contract Tower,0,3,1,0,4,0,5,6,0,11,0,8,7,0,15,22,0,22,37
12/25/2000,LAW,OK,ASW,CE,Federal Contract Tower,0,0,0,0,0,0,3,0,0,3,0,3,0,0,3,0,0,0,3
12/26/2000,LAW,OK,ASW,CE,Federal Contract Tower,0,0,0,0,0,0,0,0,0,0,0,0,0,0,0,0,0,0,0
12/27/2000,LAW,OK,ASW,CE,Federal Contract Tower,0,0,0,0,0,0,0,1,0,1,0,0,1,0,1,1,0,1,2
12/28/2000,LAW,OK,ASW,CE,Federal Contract Tower,0,0,0,0,0,0,1,1,0,2,0,1,1,0,2,0,0,0,2
12/29/2000,LAW,OK,ASW,CE,Federal Contract Tower,0,4,2,0,6,0,12,2,0,14,0,16,4,0,20,0,0,0,20
12/30/2000,LAW,OK,ASW,CE,Federal Contract Tower,0,3,2,0,5,0,9,8,0,17,0,12,10,0,22,18,0,18,40
12/31/2000,LAW,OK,ASW,CE,Federal Contract Tower,0,1,0,0,1,0,4,0,0,4,0,5,0,0,5,0,0,0,5
01/01/2001,LAW,OK,ASW,CE,Federal Contract Tower,0,0,1,0,1,0,4,0,0,4,0,4,1,0,5,0,0,0,5
01/02/2001,LAW,OK,ASW,CE,Federal Contract Tower,0,4,2,2,8,0,13,0,0,13,0,17,2,2,21,0,0,0,21
01/03/2001,LAW,OK,ASW,CE,Federal Contract Tower,0,15,9,7,31,0,4,0,0,4,0,19,9,7,35,31,102,133,168
01/04/2001,LAW,OK,ASW,CE,Federal Contract Tower,0,15,14,2,31,0,0,0,0,0,0,15,14,2,31,12,84,96,127
01/05/2001,LAW,OK,ASW,CE,Federal Contract Tower,0,13,20,0,33,0,0,2,0,2,0,13,22,0,35,2,88,90,125
01/06/2001,LAW,OK,ASW,CE,Federal Contract Tower,0,13,9,1,23,0,5,13,0,18,0,18,22,1,41,18,4,22,63
01/07/2001,LAW,OK,ASW,CE,Federal Contract Tower,0,9,7,6,22,0,5,15,0,20,0,14,22,6,42,32,18,50,92
01/08/2001,LAW,OK,ASW,CE,Federal Contract Tower,0,15,16,10,41,0,0,6,0,6,0,15,22,10,47,26,86,112,159
01/09/2001,LAW,OK,ASW,CE,Federal Contract Tower,0,15,13,1,29,0,0,5,0,5,0,15,18,1,34,11,100,111,145
01/10/2001,LAW,OK,ASW,CE,Federal Contract Tower,0,15,10,8,33,0,3,1,0,4,0,18,11,8,37,10,94,104,141
01/11/2001,LAW,OK,ASW,CE,Federal Contract Tower,0,15,11,9,35,0,0,2,0,2,0,15,13,9,37,25,36,61,98
01/12/2001,LAW,OK,ASW,CE,Federal Contract Tower,0,3,2,0,5,0,13,0,0,13,0,16,2,0,18,0,0,0,18
01/13/2001,LAW,OK,ASW,CE,Federal Contract Tower,0,5,2,0,7,0,7,0,0,7,0,12,2,0,14,38,0,38,52
01/14/2001,LAW,OK,ASW,CE,Federal Contract Tower,0,7,5,2,14,0,8,17,0,25,0,15,22,2,39,88,26,114,153
01/15/2001,LAW,OK,ASW,CE,Federal Contract Tower,0,5,3,2,10,0,11,19,0,30,0,16,22,2,40,56,0,56,96
01/16/2001,LAW,OK,ASW,CE,Federal Contract Tower,0,10,7,0,17,0,8,1,0,9,0,18,8,0,26,0,42,42,68
01/17/2001,LAW,OK,ASW,CE,Federal Contract Tower,0,2,0,0,2,0,13,0,0,13,0,15,0,0,15,0,0,0,15
01/18/2001,LAW,OK,ASW,CE,Federal Contract Tower,0,18,19,4,41,0,0,10,0,10,0,18,29,4,51,32,110,142,193
01/19/2001,LAW,OK,ASW,CE,Federal Contract Tower,0,12,18,2,32,0,0,0,0,0,0,12,18,2,32,14,144,158,190
01/20/2001,LAW,OK,ASW,CE,Federal Contract Tower,0,15,11,13,39,0,0,11,0,11,0,15,22,13,50,2,44,46,96
01/21/2001,LAW,OK,ASW,CE,Federal Contract Tower,0,15,10,8,33,0,0,9,0,9,0,15,19,8,42,6,26,32,74
01/22/2001,LAW,OK,ASW,CE,Federal Contract Tower,0,16,19,0,35,0,0,0,0,0,0,16,19,0,35,22,92,114,149
01/23/2001,LAW,OK,ASW,CE,Federal Contract Tower,0,15,10,6,31,0,0,0,0,0,0,15,10,6,31,24,140,164,195
01/24/2001,LAW,OK,ASW,CE,Federal Contract Tower,0,17,15,0,32,0,0,8,0,8,0,17,23,0,40,30,108,138,178
01/25/2001,LAW,OK,ASW,CE,Federal Contract Tower,0,17,13,28,58,0,0,17,0,17,0,17,30,28,75,36,40,76,151
01/26/2001,LAW,OK,ASW,CE,Federal Contract Tower,0,15,12,1,28,0,0,14,0,14,0,15,26,1,42,26,24,50,92
01/27/2001,LAW,OK,ASW,CE,Federal Contract Tower,0,3,1,1,5,0,10,3,0,13,0,13,4,1,18,6,0,6,24
01/28/2001,LAW,OK,ASW,CE,Federal Contract Tower,0,2,0,0,2,0,12,0,0,12,0,14,0,0,14,0,0,0,14
01/29/2001,LAW,OK,ASW,CE,Federal Contract Tower,0,12,6,18,36,0,0,0,0,0,0,12,6,18,36,4,56,60,96
01/30/2001,LAW,OK,ASW,CE,Federal Contract Tower,0,12,11,4,27,0,0,0,0,0,0,12,11,4,27,8,64,72,99
01/31/2001,LAW,OK,ASW,CE,Federal Contract Tower,0,14,12,9,35,0,0,12,0,12,0,14,24,9,47,46,78,124,171
02/01/2001,LAW,OK,ASW,CE,Federal Contract Tower,0,15,15,4,34,0,0,0,0,0,0,15,15,4,34,23,78,101,135
02/02/2001,LAW,OK,ASW,CE,Federal Contract Tower,0,15,18,7,40,0,0,6,0,6,0,15,24,7,46,32,60,92,138
02/03/2001,LAW,OK,ASW,CE,Federal Contract Tower,0,15,13,0,28,0,0,10,0,10,0,15,23,0,38,40,72,112,150
02/04/2001,LAW,OK,ASW,CE,Federal Contract Tower,0,5,4,0,9,0,10,10,0,20,0,15,14,0,29,26,0,26,55
02/05/2001,LAW,OK,ASW,CE,Federal Contract Tower,0,19,11,0,30,0,0,0,0,0,0,19,11,0,30,5,69,74,104
02/06/2001,LAW,OK,ASW,CE,Federal Contract Tower,0,15,9,0,24,0,0,0,0,0,0,15,9,0,24,12,88,100,124
02/07/2001,LAW,OK,ASW,CE,Federal Contract Tower,0,17,11,0,28,0,1,1,0,2,0,18,12,0,30,8,35,43,73
02/08/2001,LAW,OK,ASW,CE,Federal Contract Tower,0,17,7,2,26,0,0,0,0,0,0,17,7,2,26,14,172,186,212
02/09/2001,LAW,OK,ASW,CE,Federal Contract Tower,0,15,15,1,31,0,0,4,0,4,0,15,19,1,35,2,50,52,87
02/10/2001,LAW,OK,ASW,CE,Federal Contract Tower,0,5,4,0,9,0,11,8,0,19,0,16,12,0,28,6,0,6,34
02/11/2001,LAW,OK,ASW,CE,Federal Contract Tower,0,8,5,5,18,0,6,5,0,11,0,14,10,5,29,13,0,13,42
02/12/2001,LAW,OK,ASW,CE,Federal Contract Tower,0,6,3,3,12,0,8,0,0,8,0,14,3,3,20,2,10,12,32
02/13/2001,LAW,OK,ASW,CE,Federal Contract Tower,0,3,2,0,5,0,8,0,0,8,0,11,2,0,13,0,0,0,13
02/14/2001,LAW,OK,ASW,CE,Federal Contract Tower,0,13,4,14,31,0,0,0,0,0,0,13,4,14,31,8,103,111,142
02/15/2001,LAW,OK,ASW,CE,Federal Contract Tower,0,5,4,4,13,0,8,3,0,11,0,13,7,4,24,0,0,0,24
02/16/2001,LAW,OK,ASW,CE,Federal Contract Tower,0,14,12,0,26,0,0,6,0,6,0,14,18,0,32,0,47,47,79
02/17/2001,LAW,OK,ASW,CE,Federal Contract Tower,0,7,3,1,11,0,9,29,0,38,0,16,32,1,49,37,0,37,86
02/18/2001,LAW,OK,ASW,CE,Federal Contract Tower,0,7,3,1,11,0,8,26,0,34,0,15,29,1,45,18,0,18,63
02/19/2001,LAW,OK,ASW,CE,Federal Contract Tower,0,6,3,4,13,0,10,19,0,29,0,16,22,4,42,15,0,15,57
02/20/2001,LAW,OK,ASW,CE,Federal Contract Tower,0,16,11,0,27,0,0,0,0,0,0,16,11,0,27,6,68,74,101
02/21/2001,LAW,OK,ASW,CE,Federal Contract Tower,0,18,10,2,30,0,0,0,0,0,0,18,10,2,30,2,50,52,82
02/22/2001,LAW,OK,ASW,CE,Federal Contract Tower,0,14,14,13,41,0,0,3,0,3,0,14,17,13,44,2,113,115,159
02/23/2001,LAW,OK,ASW,CE,Federal Contract Tower,0,3,1,3,7,0,5,1,0,6,0,8,2,3,13,0,0,0,13
02/24/2001,LAW,OK,ASW,CE,Federal Contract Tower,0,4,2,0,6,0,9,5,0,14,0,13,7,0,20,0,0,0,20
02/25/2001,LAW,OK,ASW,CE,Federal Contract Tower,0,6,3,0,9,0,10,22,0,32,0,16,25,0,41,17,0,17,58
02/26/2001,LAW,OK,ASW,CE,Federal Contract Tower,0,14,3,3,20,0,0,0,0,0,0,14,3,3,20,8,90,98,118
02/27/2001,LAW,OK,ASW,CE,Federal Contract Tower,0,3,1,0,4,0,5,4,0,9,0,8,5,0,13,0,0,0,13
02/28/2001,LAW,OK,ASW,CE,Federal Contract Tower,0,0,0,0,0,0,2,0,0,2,0,2,0,0,2,0,0,0,2
03/01/2001,LAW,OK,ASW,CE,Federal Contract Tower,0,6,0,2,8,0,9,0,0,9,0,15,0,2,17,0,36,36,53
03/02/2001,LAW,OK,ASW,CE,Federal Contract Tower,0,13,17,0,30,0,0,0,0,0,0,13,17,0,30,9,68,77,107
03/03/2001,LAW,OK,ASW,CE,Federal Contract Tower,0,7,5,3,15,0,5,16,0,21,0,12,21,3,36,38,12,50,86
03/04/2001,LAW,OK,ASW,CE,Federal Contract Tower,0,4,2,0,6,0,8,23,0,31,0,12,25,0,37,12,0,12,49
03/05/2001,LAW,OK,ASW,CE,Federal Contract Tower,0,12,14,4,30,0,0,1,0,1,0,12,15,4,31,18,60,78,109
03/06/2001,LAW,OK,ASW,CE,Federal Contract Tower,0,15,9,10,34,0,1,18,0,19,0,16,27,10,53,10,51,61,114
03/07/2001,LAW,OK,ASW,CE,Federal Contract Tower,0,16,11,0,27,0,0,19,0,19,0,16,30,0,46,13,62,75,121
03/08/2001,LAW,OK,ASW,CE,Federal Contract Tower,0,4,3,3,10,0,12,0,0,12,0,16,3,3,22,0,0,0,22
03/09/2001,LAW,OK,ASW,CE,Federal Contract Tower,0,11,11,7,29,0,0,10,0,10,0,11,21,7,39,40,53,93,132
03/10/2001,LAW,OK,ASW,CE,Federal Contract Tower,0,15,13,2,30,0,0,7,0,7,0,15,20,2,37,48,54,102,139
03/11/2001,LAW,OK,ASW,CE,Federal Contract Tower,0,3,2,2,7,0,12,1,0,13,0,15,3,2,20,0,2,2,22
03/12/2001,LAW,OK,ASW,CE,Federal Contract Tower,0,20,22,2,44,0,0,1,0,1,0,20,23,2,45,13,99,112,157
03/13/2001,LAW,OK,ASW,CE,Federal Contract Tower,0,16,9,3,28,0,0,0,0,0,0,16,9,3,28,5,95,100,128
03/14/2001,LAW,OK,ASW,CE,Federal Contract Tower,0,12,8,2,22,0,3,3,0,6,0,15,11,2,28,11,52,63,91
03/15/2001,LAW,OK,ASW,CE,Federal Contract Tower,0,11,7,12,30,0,1,8,0,9,0,12,15,12,39,2,0,2,41
03/16/2001,LAW,OK,ASW,CE,Federal Contract Tower,0,14,17,8,39,0,0,13,0,13,0,14,30,8,52,28,52,80,132
03/17/2001,LAW,OK,ASW,CE,Federal Contract Tower,0,3,2,0,5,0,11,15,0,26,0,14,17,0,31,24,0,24,55
03/18/2001,LAW,OK,ASW,CE,Federal Contract Tower,0,3,0,3,6,0,11,0,0,11,0,14,0,3,17,7,0,7,24
03/19/2001,LAW,OK,ASW,CE,Federal Contract Tower,0,16,14,5,35,0,0,0,0,0,0,16,14,5,35,2,95,97,132
03/20/2001,LAW,OK,ASW,CE,Federal Contract Tower,0,15,9,6,30,0,0,1,0,1,0,15,10,6,31,6,92,98,129
03/21/2001,LAW,OK,ASW,CE,Federal Contract Tower,0,14,11,0,25,0,0,22,0,22,0,14,33,0,47,30,86,116,163
03/22/2001,LAW,OK,ASW,CE,Federal Contract Tower,0,15,15,3,33,0,0,16,0,16,0,15,31,3,49,28,80,108,157
03/23/2001,LAW,OK,ASW,CE,Federal Contract Tower,0,15,13,0,28,0,0,10,0,10,0,15,23,0,38,34,46,80,118
03/24/2001,LAW,OK,ASW,CE,Federal Contract Tower,0,4,1,0,5,0,11,2,0,13,0,15,3,0,18,2,0,2,20
03/25/2001,LAW,OK,ASW,CE,Federal Contract Tower,0,4,2,0,6,0,9,21,0,30,0,13,23,0,36,36,0,36,72
03/26/2001,LAW,OK,ASW,CE,Federal Contract Tower,0,5,2,3,10,0,9,5,0,14,0,14,7,3,24,0,0,0,24
03/27/2001,LAW,OK,ASW,CE,Federal Contract Tower,0,3,1,0,4,0,11,2,0,13,0,14,3,0,17,0,0,0,17
03/28/2001,LAW,OK,ASW,CE,Federal Contract Tower,0,10,5,3,18,0,3,0,0,3,0,13,5,3,21,8,36,44,65
03/29/2001,LAW,OK,ASW,CE,Federal Contract Tower,0,15,18,6,39,0,0,3,0,3,0,15,21,6,42,32,74,106,148
03/30/2001,LAW,OK,ASW,CE,Federal Contract Tower,0,18,13,3,34,0,0,5,0,5,0,18,18,3,39,22,62,84,123
03/31/2001,LAW,OK,ASW,CE,Federal Contract Tower,0,5,3,0,8,0,12,16,0,28,0,17,19,0,36,22,0,22,58
04/01/2001,LAW,OK,ASW,CE,Federal Contract Tower,0,2,3,2,7,0,14,11,0,25,0,16,14,2,32,14,0,14,46
04/02/2001,LAW,OK,ASW,CE,Federal Contract Tower,0,15,9,9,33,0,0,0,0,0,0,15,9,9,33,34,78,112,145
04/03/2001,LAW,OK,ASW,CE,Federal Contract Tower,0,14,16,2,32,0,0,0,0,0,0,14,16,2,32,18,106,124,156
04/04/2001,LAW,OK,ASW,CE,Federal Contract Tower,0,11,6,4,21,0,5,0,0,5,0,16,6,4,26,14,26,40,66
04/05/2001,LAW,OK,ASW,CE,Federal Contract Tower,0,17,10,9,36,0,0,0,0,0,0,17,10,9,36,12,90,102,138
04/06/2001,LAW,OK,ASW,CE,Federal Contract Tower,0,14,6,0,20,0,0,0,0,0,0,14,6,0,20,12,48,60,80
04/07/2001,LAW,OK,ASW,CE,Federal Contract Tower,0,6,4,0,10,0,8,21,0,29,0,14,25,0,39,42,0,42,81
04/08/2001,LAW,OK,ASW,CE,Federal Contract Tower,0,5,3,0,8,0,10,6,0,16,0,15,9,0,24,20,2,22,46
04/09/2001,LAW,OK,ASW,CE,Federal Contract Tower,0,14,12,5,31,0,0,0,0,0,0,14,12,5,31,4,76,80,111
04/10/2001,LAW,OK,ASW,CE,Federal Contract Tower,0,14,10,4,28,0,0,0,0,0,0,14,10,4,28,3,122,125,153
04/11/2001,LAW,OK,ASW,CE,Federal Contract Tower,0,6,4,0,10,0,7,5,0,12,0,13,9,0,22,8,0,8,30
04/12/2001,LAW,OK,ASW,CE,Federal Contract Tower,0,14,18,1,33,0,0,7,0,7,0,14,25,1,40,4,95,99,139
04/13/2001,LAW,OK,ASW,CE,Federal Contract Tower,0,14,10,2,26,0,0,17,0,17,0,14,27,2,43,30,60,90,133
04/14/2001,LAW,OK,ASW,CE,Federal Contract Tower,0,5,3,0,8,0,10,6,0,16,0,15,9,0,24,4,0,4,28
04/15/2001,LAW,OK,ASW,CE,Federal Contract Tower,0,2,2,0,4,0,10,8,0,18,0,12,10,0,22,4,0,4,26
04/16/2001,LAW,OK,ASW,CE,Federal Contract Tower,0,14,14,4,32,0,0,6,0,6,0,14,20,4,38,28,34,62,100
04/17/2001,LAW,OK,ASW,CE,Federal Contract Tower,0,12,17,5,34,0,0,4,0,4,0,12,21,5,38,20,66,86,124
04/18/2001,LAW,OK,ASW,CE,Federal Contract Tower,0,16,12,0,28,0,0,0,0,0,0,16,12,0,28,8,82,90,118
04/19/2001,LAW,OK,ASW,CE,Federal Contract Tower,0,13,9,4,26,0,0,5,0,5,0,13,14,4,31,9,50,59,90
04/20/2001,LAW,OK,ASW,CE,Federal Contract Tower,0,11,6,0,17,0,5,8,0,13,0,16,14,0,30,14,30,44,74
04/21/2001,LAW,OK,ASW,CE,Federal Contract Tower,0,14,11,0,25,0,0,3,0,3,0,14,14,0,28,46,48,94,122
04/22/2001,LAW,OK,ASW,CE,Federal Contract Tower,0,4,2,2,8,0,10,3,0,13,0,14,5,2,21,16,0,16,37
04/23/2001,LAW,OK,ASW,CE,Federal Contract Tower,0,14,15,4,33,0,0,10,0,10,0,14,25,4,43,6,88,94,137
04/24/2001,LAW,OK,ASW,CE,Federal Contract Tower,0,15,11,4,30,0,0,7,0,7,0,15,18,4,37,4,62,66,103
04/25/2001,LAW,OK,ASW,CE,Federal Contract Tower,0,15,11,8,34,0,0,19,0,19,0,15,30,8,53,24,91,115,168
04/26/2001,LAW,OK,ASW,CE,Federal Contract Tower,0,14,9,2,25,0,0,12,0,12,0,14,21,2,37,4,68,72,109
04/27/2001,LAW,OK,ASW,CE,Federal Contract Tower,0,15,14,7,36,0,0,10,0,10,0,15,24,7,46,6,54,60,106
04/28/2001,LAW,OK,ASW,CE,Federal Contract Tower,0,4,2,0,6,0,11,18,0,29,0,15,20,0,35,30,0,30,65
04/29/2001,LAW,OK,ASW,CE,Federal Contract Tower,0,3,2,0,5,0,11,17,0,28,0,14,19,0,33,4,0,4,37
04/30/2001,LAW,OK,ASW,CE,Federal Contract Tower,0,14,10,2,26,0,0,9,0,9,0,14,19,2,35,17,42,59,94
05/01/2001,LAW,OK,ASW,CE,Federal Contract Tower,0,13,6,5,24,0,1,8,0,9,0,14,14,5,33,8,24,32,65
05/02/2001,LAW,OK,ASW,CE,Federal Contract Tower,0,15,14,88,117,0,0,14,0,14,0,15,28,88,131,0,0,0,131
05/03/2001,LAW,OK,ASW,CE,Federal Contract Tower,0,11,9,46,66,0,4,9,0,13,0,15,18,46,79,0,0,0,79
05/04/2001,LAW,OK,ASW,CE,Federal Contract Tower,0,5,1,30,36,0,6,0,0,6,0,11,1,30,42,0,0,0,42
05/05/2001,LAW,OK,ASW,CE,Federal Contract Tower,0,2,3,0,5,0,13,10,0,23,0,15,13,0,28,10,0,10,38
05/06/2001,LAW,OK,ASW,CE,Federal Contract Tower,0,5,5,9,19,0,11,11,0,22,0,16,16,9,41,12,6,18,59
05/07/2001,LAW,OK,ASW,CE,Federal Contract Tower,0,11,8,50,69,0,4,0,0,4,0,15,8,50,73,4,0,4,77
05/08/2001,LAW,OK,ASW,CE,Federal Contract Tower,0,12,9,44,65,0,3,20,0,23,0,15,29,44,88,4,4,8,96
05/09/2001,LAW,OK,ASW,CE,Federal Contract Tower,0,14,12,63,89,0,0,23,0,23,0,14,35,63,112,2,10,12,124
05/10/2001,LAW,OK,ASW,CE,Federal Contract Tower,0,17,17,106,140,0,0,18,0,18,0,17,35,106,158,0,0,0,158
05/11/2001,LAW,OK,ASW,CE,Federal Contract Tower,0,15,16,101,132,0,0,18,17,35,0,15,34,118,167,4,18,22,189
05/12/2001,LAW,OK,ASW,CE,Federal Contract Tower,0,6,6,5,17,0,8,49,0,57,0,14,55,5,74,8,12,20,94
05/13/2001,LAW,OK,ASW,CE,Federal Contract Tower,0,7,5,0,12,0,6,45,0,51,0,13,50,0,63,18,0,18,81
05/14/2001,LAW,OK,ASW,CE,Federal Contract Tower,0,14,12,71,97,0,0,6,9,15,0,14,18,80,112,20,10,30,142
05/15/2001,LAW,OK,ASW,CE,Federal Contract Tower,0,16,12,117,145,0,0,0,22,22,0,16,12,139,167,0,0,0,167
05/16/2001,LAW,OK,ASW,CE,Federal Contract Tower,0,14,18,109,141,2,0,8,11,21,2,14,26,120,162,0,0,0,162
05/17/2001,LAW,OK,ASW,CE,Federal Contract Tower,0,14,11,147,172,0,0,0,35,35,0,14,11,182,207,0,4,4,211
05/18/2001,LAW,OK,ASW,CE,Federal Contract Tower,0,14,15,102,131,0,0,0,26,26,0,14,15,128,157,0,24,24,181
05/19/2001,LAW,OK,ASW,CE,Federal Contract Tower,0,4,3,5,12,0,5,16,0,21,0,9,19,5,33,0,0,0,33
05/20/2001,LAW,OK,ASW,CE,Federal Contract Tower,0,3,2,4,9,0,11,5,0,16,0,14,7,4,25,0,0,0,25
05/21/2001,LAW,OK,ASW,CE,Federal Contract Tower,0,13,4,113,130,0,0,0,31,31,0,13,4,144,161,0,0,0,161
05/22/2001,LAW,OK,ASW,CE,Federal Contract Tower,0,14,22,148,184,0,0,9,16,25,0,14,31,164,209,0,0,0,209
05/23/2001,LAW,OK,ASW,CE,Federal Contract Tower,0,16,14,91,121,0,0,9,5,14,0,16,23,96,135,0,2,2,137
05/24/2001,LAW,OK,ASW,CE,Federal Contract Tower,0,15,21,136,172,0,0,3,24,27,0,15,24,160,199,8,16,24,223
05/25/2001,LAW,OK,ASW,CE,Federal Contract Tower,0,4,3,9,16,0,13,17,0,30,0,17,20,9,46,0,0,0,46
05/26/2001,LAW,OK,ASW,CE,Federal Contract Tower,0,3,1,0,4,0,9,17,0,26,0,12,18,0,30,2,0,2,32
05/27/2001,LAW,OK,ASW,CE,Federal Contract Tower,0,3,1,0,4,0,11,9,0,20,0,14,10,0,24,0,0,0,24
05/28/2001,LAW,OK,ASW,CE,Federal Contract Tower,0,3,1,0,4,0,10,10,0,20,0,13,11,0,24,0,0,0,24
05/29/2001,LAW,OK,ASW,CE,Federal Contract Tower,0,3,2,2,7,0,11,5,0,16,0,14,7,2,23,0,0,0,23
05/30/2001,LAW,OK,ASW,CE,Federal Contract Tower,0,14,13,87,114,0,0,7,9,16,0,14,20,96,130,0,4,4,134
05/31/2001,LAW,OK,ASW,CE,Federal Contract Tower,0,14,22,164,200,0,0,0,34,34,0,14,22,198,234,0,0,0,234
06/01/2001,LAW,OK,ASW,CE,Federal Contract Tower,0,14,24,131,169,0,0,19,10,29,0,14,43,141,198,0,4,4,202
06/02/2001,LAW,OK,ASW,CE,Federal Contract Tower,0,5,4,0,9,0,12,16,0,28,0,17,20,0,37,0,0,0,37
06/03/2001,LAW,OK,ASW,CE,Federal Contract Tower,0,5,2,1,8,0,10,11,0,21,0,15,13,1,29,0,0,0,29
06/04/2001,LAW,OK,ASW,CE,Federal Contract Tower,0,14,5,95,114,0,0,0,25,25,0,14,5,120,139,0,0,0,139
06/05/2001,LAW,OK,ASW,CE,Federal Contract Tower,0,12,17,97,126,0,0,0,15,15,0,12,17,112,141,0,8,8,149
06/06/2001,LAW,OK,ASW,CE,Federal Contract Tower,0,13,12,111,136,0,1,0,25,26,0,14,12,136,162,0,0,0,162
06/07/2001,LAW,OK,ASW,CE,Federal Contract Tower,0,14,16,90,120,0,0,3,17,20,0,14,19,107,140,0,0,0,140
06/08/2001,LAW,OK,ASW,CE,Federal Contract Tower,0,14,15,82,111,0,0,24,2,26,0,14,39,84,137,0,0,0,137
06/09/2001,LAW,OK,ASW,CE,Federal Contract Tower,0,6,3,1,10,0,10,25,0,35,0,16,28,1,45,0,0,0,45
06/10/2001,LAW,OK,ASW,CE,Federal Contract Tower,0,5,2,9,16,0,9,20,0,29,0,14,22,9,45,0,0,0,45
06/11/2001,LAW,OK,ASW,CE,Federal Contract Tower,0,14,14,78,106,0,0,0,21,21,0,14,14,99,127,10,0,10,137
06/12/2001,LAW,OK,ASW,CE,Federal Contract Tower,0,14,9,79,102,0,0,0,16,16,0,14,9,95,118,0,2,2,120
06/13/2001,LAW,OK,ASW,CE,Federal Contract Tower,0,14,19,97,130,0,0,4,8,12,0,14,23,105,142,0,0,0,142
06/14/2001,LAW,OK,ASW,CE,Federal Contract Tower,0,7,6,20,33,0,8,4,0,12,0,15,10,20,45,0,0,0,45
06/15/2001,LAW,OK,ASW,CE,Federal Contract Tower,0,14,15,73,102,0,0,38,0,38,0,14,53,73,140,12,0,12,152
06/16/2001,LAW,OK,ASW,CE,Federal Contract Tower,0,8,8,6,22,0,5,52,0,57,0,13,60,6,79,12,0,12,91
06/17/2001,LAW,OK,ASW,CE,Federal Contract Tower,0,7,7,19,33,0,8,23,0,31,0,15,30,19,64,0,0,0,64
06/18/2001,LAW,OK,ASW,CE,Federal Contract Tower,0,16,13,100,129,0,0,0,26,26,0,16,13,126,155,0,0,0,155
06/19/2001,LAW,OK,ASW,CE,Federal Contract Tower,0,13,14,69,96,0,0,7,0,7,0,13,21,69,103,0,0,0,103
06/20/2001,LAW,OK,ASW,CE,Federal Contract Tower,0,13,18,94,125,0,0,7,15,22,0,13,25,109,147,2,0,2,149
06/21/2001,LAW,OK,ASW,CE,Federal Contract Tower,0,15,10,112,137,0,0,0,31,31,0,15,10,143,168,6,0,6,174
06/22/2001,LAW,OK,ASW,CE,Federal Contract Tower,0,16,18,90,124,0,0,13,12,25,0,16,31,102,149,8,0,8,157
06/23/2001,LAW,OK,ASW,CE,Federal Contract Tower,0,4,4,4,12,0,12,14,0,26,0,16,18,4,38,12,0,12,50
06/24/2001,LAW,OK,ASW,CE,Federal Contract Tower,0,7,7,12,26,0,8,43,0,51,0,15,50,12,77,4,0,4,81
06/25/2001,LAW,OK,ASW,CE,Federal Contract Tower,0,15,14,69,98,0,1,7,3,11,0,16,21,72,109,0,0,0,109
06/26/2001,LAW,OK,ASW,CE,Federal Contract Tower,0,14,16,71,101,0,0,28,0,28,0,14,44,71,129,0,0,0,129
06/27/2001,LAW,OK,ASW,CE,Federal Contract Tower,0,13,14,70,97,0,0,13,0,13,0,13,27,70,110,12,0,12,122
06/28/2001,LAW,OK,ASW,CE,Federal Contract Tower,0,7,7,28,42,0,7,35,0,42,0,14,42,28,84,16,0,16,100
06/29/2001,LAW,OK,ASW,CE,Federal Contract Tower,0,12,11,54,77,0,3,2,2,7,0,15,13,56,84,2,0,2,86
06/30/2001,LAW,OK,ASW,CE,Federal Contract Tower,0,7,6,10,23,0,10,26,0,36,0,17,32,10,59,0,0,0,59
07/01/2001,LAW,OK,ASW,CE,Federal Contract Tower,0,6,5,12,23,0,8,33,0,41,0,14,38,12,64,14,0,14,78
07/02/2001,LAW,OK,ASW,CE,Federal Contract Tower,0,12,14,124,150,0,0,18,0,18,0,12,32,124,168,0,0,0,168
07/03/2001,LAW,OK,ASW,CE,Federal Contract Tower,0,15,17,156,188,0,0,13,8,21,0,15,30,164,209,0,8,8,217
07/04/2001,LAW,OK,ASW,CE,Federal Contract Tower,0,2,1,0,3,0,9,10,0,19,0,11,11,0,22,6,0,6,28
07/05/2001,LAW,OK,ASW,CE,Federal Contract Tower,0,2,2,1,5,0,11,23,0,34,0,13,25,1,39,4,0,4,43
07/06/2001,LAW,OK,ASW,CE,Federal Contract Tower,0,15,15,132,162,0,0,18,6,24,0,15,33,138,186,2,0,2,188
07/07/2001,LAW,OK,ASW,CE,Federal Contract Tower,0,3,3,4,10,0,11,20,0,31,0,14,23,4,41,8,0,8,49
07/08/2001,LAW,OK,ASW,CE,Federal Contract Tower,0,2,2,0,4,0,12,12,0,24,0,14,14,0,28,0,0,0,28
07/09/2001,LAW,OK,ASW,CE,Federal Contract Tower,0,14,14,120,148,0,0,12,14,26,0,14,26,134,174,0,0,0,174
07/10/2001,LAW,OK,ASW,CE,Federal Contract Tower,0,12,4,112,128,0,0,0,18,18,0,12,4,130,146,0,0,0,146
07/11/2001,LAW,OK,ASW,CE,Federal Contract Tower,0,13,13,112,138,0,0,14,17,31,0,13,27,129,169,10,0,10,179
07/12/2001,LAW,OK,ASW,CE,Federal Contract Tower,0,11,7,73,91,0,2,0,6,8,0,13,7,79,99,0,0,0,99
07/13/2001,LAW,OK,ASW,CE,Federal Contract Tower,0,11,20,179,210,0,0,3,36,39,0,11,23,215,249,4,4,8,257
07/14/2001,LAW,OK,ASW,CE,Federal Contract Tower,0,5,4,0,9,0,11,26,0,37,0,16,30,0,46,0,0,0,46
07/15/2001,LAW,OK,ASW,CE,Federal Contract Tower,0,4,3,0,7,0,15,28,0,43,0,19,31,0,50,20,0,20,70
07/16/2001,LAW,OK,ASW,CE,Federal Contract Tower,0,14,17,158,189,0,0,2,15,17,0,14,19,173,206,0,4,4,210
07/17/2001,LAW,OK,ASW,CE,Federal Contract Tower,0,14,10,90,114,0,0,18,0,18,0,14,28,90,132,10,0,10,142
07/18/2001,LAW,OK,ASW,CE,Federal Contract Tower,0,18,12,118,148,0,0,18,10,28,0,18,30,128,176,0,11,11,187
07/19/2001,LAW,OK,ASW,CE,Federal Contract Tower,0,13,11,102,126,0,0,11,0,11,0,13,22,102,137,0,0,0,137
07/20/2001,LAW,OK,ASW,CE,Federal Contract Tower,0,15,12,113,140,0,0,27,5,32,0,15,39,118,172,0,0,0,172
07/21/2001,LAW,OK,ASW,CE,Federal Contract Tower,0,3,1,0,4,0,11,13,0,24,0,14,14,0,28,0,0,0,28
07/22/2001,LAW,OK,ASW,CE,Federal Contract Tower,0,3,1,5,9,0,10,22,0,32,0,13,23,5,41,0,0,0,41
07/23/2001,LAW,OK,ASW,CE,Federal Contract Tower,0,15,13,129,157,0,0,13,1,14,0,15,26,130,171,0,0,0,171
07/24/2001,LAW,OK,ASW,CE,Federal Contract Tower,0,14,11,102,127,0,0,8,6,14,0,14,19,108,141,0,0,0,141
07/25/2001,LAW,OK,ASW,CE,Federal Contract Tower,0,16,16,155,187,0,0,16,2,18,0,16,32,157,205,0,0,0,205
07/26/2001,LAW,OK,ASW,CE,Federal Contract Tower,0,15,15,140,170,0,0,6,16,22,0,15,21,156,192,0,0,0,192
07/27/2001,LAW,OK,ASW,CE,Federal Contract Tower,0,16,17,164,197,0,0,0,18,18,0,16,17,182,215,8,20,28,243
07/28/2001,LAW,OK,ASW,CE,Federal Contract Tower,0,3,1,4,8,0,11,17,0,28,0,14,18,4,36,6,0,6,42
07/29/2001,LAW,OK,ASW,CE,Federal Contract Tower,0,10,7,66,83,0,4,5,1,10,0,14,12,67,93,0,0,0,93
07/30/2001,LAW,OK,ASW,CE,Federal Contract Tower,0,13,15,157,185,0,0,0,17,17,0,13,15,174,202,0,0,0,202
07/31/2001,LAW,OK,ASW,CE,Federal Contract Tower,0,14,22,207,243,0,0,1,30,31,0,14,23,237,274,0,28,28,302
08/01/2001,LAW,OK,ASW,CE,Federal Contract Tower,0,10,15,145,170,0,0,0,15,15,0,10,15,160,185,8,0,8,193
08/02/2001,LAW,OK,ASW,CE,Federal Contract Tower,0,7,15,134,156,0,0,0,13,13,0,7,15,147,169,0,0,0,169
08/03/2001,LAW,OK,ASW,CE,Federal Contract Tower,0,6,11,83,100,0,3,16,4,23,0,9,27,87,123,6,0,6,129
08/04/2001,LAW,OK,ASW,CE,Federal Contract Tower,0,2,3,4,9,0,8,28,0,36,0,10,31,4,45,0,0,0,45
08/05/2001,LAW,OK,ASW,CE,Federal Contract Tower,0,2,3,13,18,0,6,25,0,31,0,8,28,13,49,6,0,6,55
08/06/2001,LAW,OK,ASW,CE,Federal Contract Tower,0,9,19,154,182,0,0,2,14,16,0,9,21,168,198,2,0,2,200
08/07/2001,LAW,OK,ASW,CE,Federal Contract Tower,0,9,9,165,183,0,0,0,19,19,0,9,9,184,202,0,2,2,204
08/08/2001,LAW,OK,ASW,CE,Federal Contract Tower,0,9,19,154,182,0,0,14,16,30,0,9,33,170,212,14,0,14,226
08/09/2001,LAW,OK,ASW,CE,Federal Contract Tower,0,8,14,112,134,0,0,21,0,21,0,8,35,112,155,4,0,4,159
08/10/2001,LAW,OK,ASW,CE,Federal Contract Tower,0,7,28,226,261,0,0,30,4,34,0,7,58,230,295,14,12,26,321
08/11/2001,LAW,OK,ASW,CE,Federal Contract Tower,0,3,4,2,9,0,5,46,0,51,0,8,50,2,60,20,0,20,80
08/12/2001,LAW,OK,ASW,CE,Federal Contract Tower,0,3,4,12,19,0,5,30,0,35,0,8,34,12,54,0,0,0,54
08/13/2001,LAW,OK,ASW,CE,Federal Contract Tower,0,8,13,140,161,0,0,0,9,9,0,8,13,149,170,6,0,6,176
08/14/2001,LAW,OK,ASW,CE,Federal Contract Tower,0,8,30,243,281,0,0,0,28,28,0,8,30,271,309,2,0,2,311
08/15/2001,LAW,OK,ASW,CE,Federal Contract Tower,0,8,19,154,181,0,0,26,0,26,0,8,45,154,207,18,0,18,225
08/16/2001,LAW,OK,ASW,CE,Federal Contract Tower,0,10,18,139,167,0,1,1,8,10,0,11,19,147,177,0,0,0,177
08/17/2001,LAW,OK,ASW,CE,Federal Contract Tower,0,7,17,139,163,0,0,0,17,17,0,7,17,156,180,10,0,10,190
08/18/2001,LAW,OK,ASW,CE,Federal Contract Tower,0,0,2,0,2,0,7,24,0,31,0,7,26,0,33,0,0,0,33
08/19/2001,LAW,OK,ASW,CE,Federal Contract Tower,0,1,3,0,4,0,7,46,0,53,0,8,49,0,57,12,0,12,69
08/20/2001,LAW,OK,ASW,CE,Federal Contract Tower,0,8,14,173,195,0,0,0,18,18,0,8,14,191,213,0,0,0,213
08/21/2001,LAW,OK,ASW,CE,Federal Contract Tower,0,8,15,129,152,0,0,3,9,12,0,8,18,138,164,0,0,0,164
08/22/2001,LAW,OK,ASW,CE,Federal Contract Tower,0,7,12,99,118,0,0,10,6,16,0,7,22,105,134,0,4,4,138
08/23/2001,LAW,OK,ASW,CE,Federal Contract Tower,0,8,24,192,224,0,0,18,0,18,0,8,42,192,242,0,4,4,246
08/24/2001,LAW,OK,ASW,CE,Federal Contract Tower,0,8,18,136,162,0,0,75,0,75,0,8,93,136,237,0,0,0,237
08/25/2001,LAW,OK,ASW,CE,Federal Contract Tower,0,2,3,0,5,0,6,52,0,58,0,8,55,0,63,14,0,14,77
08/26/2001,LAW,OK,ASW,CE,Federal Contract Tower,0,1,2,5,8,0,9,7,0,16,0,10,9,5,24,8,0,8,32
08/27/2001,LAW,OK,ASW,CE,Federal Contract Tower,0,8,14,112,134,0,1,15,0,16,0,9,29,112,150,0,0,0,150
08/28/2001,LAW,OK,ASW,CE,Federal Contract Tower,0,7,14,113,134,0,0,9,3,12,0,7,23,116,146,0,6,6,152
08/29/2001,LAW,OK,ASW,CE,Federal Contract Tower,0,7,16,130,153,0,0,13,3,16,0,7,29,133,169,2,0,2,171
08/30/2001,LAW,OK,ASW,CE,Federal Contract Tower,0,7,15,133,155,0,3,4,3,10,0,10,19,136,165,0,0,0,165
08/31/2001,LAW,OK,ASW,CE,Federal Contract Tower,0,8,22,186,216,0,0,14,5,19,0,8,36,191,235,4,0,4,239
09/01/2001,LAW,OK,ASW,CE,Federal Contract Tower,0,3,4,0,7,0,3,35,0,38,0,6,39,0,45,0,0,0,45
09/02/2001,LAW,OK,ASW,CE,Federal Contract Tower,0,2,3,0,5,0,4,21,0,25,0,6,24,0,30,4,0,4,34
09/03/2001,LAW,OK,ASW,CE,Federal Contract Tower,0,3,3,0,6,0,4,29,0,33,0,7,32,0,39,0,0,0,39
09/04/2001,LAW,OK,ASW,CE,Federal Contract Tower,0,8,13,70,91,0,2,10,0,12,0,10,23,70,103,0,0,0,103
09/05/2001,LAW,OK,ASW,CE,Federal Contract Tower,0,6,10,45,61,0,3,12,0,15,0,9,22,45,76,0,0,0,76
09/06/2001,LAW,OK,ASW,CE,Federal Contract Tower,0,8,23,135,166,0,0,4,18,22,0,8,27,153,188,0,4,4,192
09/07/2001,LAW,OK,ASW,CE,Federal Contract Tower,0,8,15,82,105,0,1,20,3,24,0,9,35,85,129,34,0,34,163
09/08/2001,LAW,OK,ASW,CE,Federal Contract Tower,0,4,5,16,25,0,7,16,0,23,0,11,21,16,48,0,8,8,56
09/09/2001,LAW,OK,ASW,CE,Federal Contract Tower,0,5,8,40,53,0,6,15,0,21,0,11,23,40,74,28,8,36,110
09/10/2001,LAW,OK,ASW,CE,Federal Contract Tower,0,8,15,89,112,0,0,22,4,26,0,8,37,93,138,4,4,8,146
09/11/2001,LAW,OK,ASW,CE,Federal Contract Tower,0,0,0,3,3,0,0,1,1,2,0,0,1,4,5,0,0,0,5
09/12/2001,LAW,OK,ASW,CE,Federal Contract Tower,0,0,0,0,0,0,0,0,0,0,0,0,0,0,0,0,0,0,0
09/13/2001,LAW,OK,ASW,CE,Federal Contract Tower,0,0,3,104,107,0,0,0,25,25,0,0,3,129,132,0,0,0,132
09/14/2001,LAW,OK,ASW,CE,Federal Contract Tower,0,5,5,59,69,0,0,0,7,7,0,5,5,66,76,0,0,0,76
09/15/2001,LAW,OK,ASW,CE,Federal Contract Tower,0,1,4,0,5,0,9,6,0,15,0,10,10,0,20,0,0,0,20
09/16/2001,LAW,OK,ASW,CE,Federal Contract Tower,0,2,4,21,27,0,7,0,0,7,0,9,4,21,34,0,14,14,48
09/17/2001,LAW,OK,ASW,CE,Federal Contract Tower,0,10,6,108,124,0,0,0,12,12,0,10,6,120,136,0,0,0,136
09/18/2001,LAW,OK,ASW,CE,Federal Contract Tower,0,10,20,180,210,0,0,0,17,17,0,10,20,197,227,0,0,0,227
09/19/2001,LAW,OK,ASW,CE,Federal Contract Tower,0,8,32,190,230,0,0,11,0,11,0,8,43,190,241,8,0,8,249
09/20/2001,LAW,OK,ASW,CE,Federal Contract Tower,0,9,28,163,200,0,0,4,4,8,0,9,32,167,208,0,0,0,208
09/21/2001,LAW,OK,ASW,CE,Federal Contract Tower,0,9,26,151,186,0,0,3,15,18,0,9,29,166,204,0,0,0,204
09/22/2001,LAW,OK,ASW,CE,Federal Contract Tower,0,8,17,112,137,0,0,0,14,14,0,8,17,126,151,0,0,0,151
09/23/2001,LAW,OK,ASW,CE,Federal Contract Tower,0,2,4,0,6,0,6,34,0,40,0,8,38,0,46,22,0,22,68
09/24/2001,LAW,OK,ASW,CE,Federal Contract Tower,0,9,10,214,233,0,0,0,43,43,0,9,10,257,276,0,6,6,282
09/25/2001,LAW,OK,ASW,CE,Federal Contract Tower,0,8,14,194,216,0,0,0,34,34,0,8,14,228,250,0,4,4,254
09/26/2001,LAW,OK,ASW,CE,Federal Contract Tower,0,8,24,147,179,0,0,29,3,32,0,8,53,150,211,4,0,4,215
09/27/2001,LAW,OK,ASW,CE,Federal Contract Tower,0,6,13,72,91,0,2,0,0,2,0,8,13,72,93,0,0,0,93
09/28/2001,LAW,OK,ASW,CE,Federal Contract Tower,0,1,2,0,3,0,7,19,0,26,0,8,21,0,29,0,0,0,29
09/29/2001,LAW,OK,ASW,CE,Federal Contract Tower,0,1,2,2,5,0,7,15,0,22,0,8,17,2,27,6,0,6,33
09/30/2001,LAW,OK,ASW,CE,Federal Contract Tower,0,1,3,0,4,0,8,32,0,40,0,9,35,0,44,0,0,0,44
10/01/2001,LAW,OK,ASW,CE,Federal Contract Tower,0,10,16,189,215,0,0,0,25,25,0,10,16,214,240,0,0,0,240
10/02/2001,LAW,OK,ASW,CE,Federal Contract Tower,0,11,12,194,217,0,0,0,24,24,0,11,12,218,241,0,0,0,241
10/03/2001,LAW,OK,ASW,CE,Federal Contract Tower,0,11,21,164,196,0,0,0,14,14,0,11,21,178,210,0,0,0,210
10/04/2001,LAW,OK,ASW,CE,Federal Contract Tower,0,10,17,129,156,0,0,21,4,25,0,10,38,133,181,2,6,8,189
10/05/2001,LAW,OK,ASW,CE,Federal Contract Tower,0,10,15,122,147,0,0,1,8,9,0,10,16,130,156,0,0,0,156
10/06/2001,LAW,OK,ASW,CE,Federal Contract Tower,0,3,2,0,5,0,7,27,0,34,0,10,29,0,39,6,0,6,45
10/07/2001,LAW,OK,ASW,CE,Federal Contract Tower,0,3,3,2,8,0,5,24,0,29,0,8,27,2,37,0,0,0,37
10/08/2001,LAW,OK,ASW,CE,Federal Contract Tower,0,3,2,0,5,0,5,30,0,35,0,8,32,0,40,8,0,8,48
10/09/2001,LAW,OK,ASW,CE,Federal Contract Tower,0,3,3,20,26,0,6,1,0,7,0,9,4,20,33,0,0,0,33
10/10/2001,LAW,OK,ASW,CE,Federal Contract Tower,0,2,1,1,4,0,6,6,0,12,0,8,7,1,16,0,0,0,16
10/11/2001,LAW,OK,ASW,CE,Federal Contract Tower,0,7,18,126,151,0,0,32,0,32,0,7,50,126,183,10,0,10,193
10/12/2001,LAW,OK,ASW,CE,Federal Contract Tower,0,6,8,58,72,0,2,14,0,16,0,8,22,58,88,0,0,0,88
10/13/2001,LAW,OK,ASW,CE,Federal Contract Tower,0,2,3,10,15,0,5,15,0,20,0,7,18,10,35,0,0,0,35
10/14/2001,LAW,OK,ASW,CE,Federal Contract Tower,0,2,1,0,3,0,6,22,0,28,0,8,23,0,31,4,0,4,35
10/15/2001,LAW,OK,ASW,CE,Federal Contract Tower,0,3,5,30,38,0,5,5,0,10,0,8,10,30,48,6,0,6,54
10/16/2001,LAW,OK,ASW,CE,Federal Contract Tower,0,10,12,180,202,0,0,0,24,24,0,10,12,204,226,0,0,0,226
10/17/2001,LAW,OK,ASW,CE,Federal Contract Tower,0,9,14,112,135,0,0,2,13,15,0,9,16,125,150,0,6,6,156
10/18/2001,LAW,OK,ASW,CE,Federal Contract Tower,0,8,16,155,179,0,0,0,12,12,0,8,16,167,191,4,0,4,195
10/19/2001,LAW,OK,ASW,CE,Federal Contract Tower,0,8,16,130,154,0,0,22,0,22,0,8,38,130,176,30,0,30,206
10/20/2001,LAW,OK,ASW,CE,Federal Contract Tower,0,1,3,0,4,0,9,23,0,32,0,10,26,0,36,6,0,6,42
10/21/2001,LAW,OK,ASW,CE,Federal Contract Tower,0,3,4,23,30,0,5,19,0,24,0,8,23,23,54,4,0,4,58
10/22/2001,LAW,OK,ASW,CE,Federal Contract Tower,0,5,8,60,73,0,3,11,0,14,0,8,19,60,87,4,0,4,91
10/23/2001,LAW,OK,ASW,CE,Federal Contract Tower,0,5,7,52,64,0,4,6,0,10,0,9,13,52,74,0,6,6,80
10/24/2001,LAW,OK,ASW,CE,Federal Contract Tower,0,8,10,171,189,0,0,0,23,23,0,8,10,194,212,0,0,0,212
10/25/2001,LAW,OK,ASW,CE,Federal Contract Tower,0,9,33,259,301,0,0,4,25,29,0,9,37,284,330,0,0,0,330
10/26/2001,LAW,OK,ASW,CE,Federal Contract Tower,0,8,16,103,127,0,0,45,0,45,0,8,61,103,172,14,0,14,186
10/27/2001,LAW,OK,ASW,CE,Federal Contract Tower,0,1,2,0,3,0,7,25,0,32,0,8,27,0,35,0,0,0,35
10/28/2001,LAW,OK,ASW,CE,Federal Contract Tower,0,2,4,20,26,0,6,27,0,33,0,8,31,20,59,6,6,12,71
10/29/2001,LAW,OK,ASW,CE,Federal Contract Tower,0,9,12,108,129,0,1,0,7,8,0,10,12,115,137,8,0,8,145
10/30/2001,LAW,OK,ASW,CE,Federal Contract Tower,0,11,15,195,221,0,0,0,23,23,0,11,15,218,244,0,0,0,244
10/31/2001,LAW,OK,ASW,CE,Federal Contract Tower,0,8,22,172,202,0,0,5,14,19,0,8,27,186,221,0,0,0,221
11/01/2001,LAW,OK,ASW,CE,Federal Contract Tower,0,13,22,144,179,0,0,0,21,21,0,13,22,165,200,8,0,8,208
11/02/2001,LAW,OK,ASW,CE,Federal Contract Tower,0,13,22,120,155,0,0,8,16,24,0,13,30,136,179,6,0,6,185
11/03/2001,LAW,OK,ASW,CE,Federal Contract Tower,0,3,2,0,5,0,9,10,0,19,0,12,12,0,24,0,0,0,24
11/04/2001,LAW,OK,ASW,CE,Federal Contract Tower,0,5,6,9,20,0,5,20,0,25,0,10,26,9,45,0,0,0,45
11/05/2001,LAW,OK,ASW,CE,Federal Contract Tower,0,14,21,107,142,0,0,7,0,7,0,14,28,107,149,10,6,16,165
11/06/2001,LAW,OK,ASW,CE,Federal Contract Tower,0,12,28,150,190,0,0,9,18,27,0,12,37,168,217,20,0,20,237
11/07/2001,LAW,OK,ASW,CE,Federal Contract Tower,0,10,21,107,138,0,0,0,10,10,0,10,21,117,148,0,0,0,148
11/08/2001,LAW,OK,ASW,CE,Federal Contract Tower,0,10,13,156,179,0,0,0,35,35,0,10,13,191,214,0,0,0,214
11/09/2001,LAW,OK,ASW,CE,Federal Contract Tower,0,11,25,131,167,0,0,11,9,20,0,11,36,140,187,0,0,0,187
11/10/2001,LAW,OK,ASW,CE,Federal Contract Tower,0,2,3,0,5,0,9,24,0,33,0,11,27,0,38,0,0,0,38
11/11/2001,LAW,OK,ASW,CE,Federal Contract Tower,0,4,5,0,9,0,6,37,0,43,0,10,42,0,52,24,0,24,76
11/12/2001,LAW,OK,ASW,CE,Federal Contract Tower,0,3,3,0,6,0,8,7,0,15,0,11,10,0,21,0,0,0,21
11/13/2001,LAW,OK,ASW,CE,Federal Contract Tower,0,11,8,115,134,0,0,0,20,20,0,11,8,135,154,0,0,0,154
11/14/2001,LAW,OK,ASW,CE,Federal Contract Tower,0,10,8,74,92,0,0,0,8,8,0,10,8,82,100,0,0,0,100
11/15/2001,LAW,OK,ASW,CE,Federal Contract Tower,0,12,28,149,189,0,0,14,7,21,0,12,42,156,210,2,0,2,212
11/16/2001,LAW,OK,ASW,CE,Federal Contract Tower,0,10,18,101,129,0,0,0,13,13,0,10,18,114,142,0,0,0,142
11/17/2001,LAW,OK,ASW,CE,Federal Contract Tower,0,2,3,0,5,0,8,9,0,17,0,10,12,0,22,0,0,0,22
11/18/2001,LAW,OK,ASW,CE,Federal Contract Tower,0,3,5,6,14,0,7,19,0,26,0,10,24,6,40,12,0,12,52
11/19/2001,LAW,OK,ASW,CE,Federal Contract Tower,0,11,9,105,125,0,0,0,17,17,0,11,9,122,142,0,0,0,142
11/20/2001,LAW,OK,ASW,CE,Federal Contract Tower,0,10,24,131,165,0,0,12,15,27,0,10,36,146,192,10,0,10,202
11/21/2001,LAW,OK,ASW,CE,Federal Contract Tower,0,10,18,98,126,0,0,19,18,37,0,10,37,116,163,2,0,2,165
11/22/2001,LAW,OK,ASW,CE,Federal Contract Tower,0,2,2,0,4,0,9,18,0,27,0,11,20,0,31,0,0,0,31
11/23/2001,LAW,OK,ASW,CE,Federal Contract Tower,0,1,2,0,3,0,8,11,0,19,0,9,13,0,22,0,0,0,22
11/24/2001,LAW,OK,ASW,CE,Federal Contract Tower,0,2,3,4,9,0,10,14,0,24,0,12,17,4,33,0,0,0,33
11/25/2001,LAW,OK,ASW,CE,Federal Contract Tower,0,3,4,0,7,0,7,24,0,31,0,10,28,0,38,8,0,8,46
11/26/2001,LAW,OK,ASW,CE,Federal Contract Tower,0,12,25,132,169,0,0,8,10,18,0,12,33,142,187,0,2,2,189
11/27/2001,LAW,OK,ASW,CE,Federal Contract Tower,0,10,15,4,29,0,0,0,0,0,0,10,15,4,29,0,0,0,29
11/28/2001,LAW,OK,ASW,CE,Federal Contract Tower,0,0,0,0,0,0,0,0,0,0,0,0,0,0,0,0,0,0,0
11/29/2001,LAW,OK,ASW,CE,Federal Contract Tower,0,1,3,4,8,0,11,2,0,13,0,12,5,4,21,0,0,0,21
11/30/2001,LAW,OK,ASW,CE,Federal Contract Tower,0,8,11,52,71,0,5,14,0,19,0,13,25,52,90,8,0,8,98
12/01/2001,LAW,OK,ASW,CE,Federal Contract Tower,0,3,5,0,8,0,8,23,0,31,0,11,28,0,39,12,0,12,51
12/02/2001,LAW,OK,ASW,CE,Federal Contract Tower,0,9,15,1,25,0,0,19,28,47,0,9,34,29,72,4,0,4,76
12/03/2001,LAW,OK,ASW,CE,Federal Contract Tower,0,12,17,137,166,0,0,4,6,10,0,12,21,143,176,4,0,4,180
12/04/2001,LAW,OK,ASW,CE,Federal Contract Tower,0,8,12,104,124,0,0,4,6,10,0,8,16,110,134,0,6,6,140
12/05/2001,LAW,OK,ASW,CE,Federal Contract Tower,0,11,14,141,166,0,0,0,15,15,0,11,14,156,181,0,6,6,187
12/06/2001,LAW,OK,ASW,CE,Federal Contract Tower,0,12,23,200,235,0,0,7,18,25,0,12,30,218,260,40,14,54,314
12/07/2001,LAW,OK,ASW,CE,Federal Contract Tower,0,10,14,117,141,0,0,9,6,15,0,10,23,123,156,0,0,0,156
12/08/2001,LAW,OK,ASW,CE,Federal Contract Tower,0,2,2,4,8,0,6,35,0,41,0,8,37,4,49,14,0,14,63
12/09/2001,LAW,OK,ASW,CE,Federal Contract Tower,0,3,2,8,13,0,9,32,0,41,0,12,34,8,54,6,0,6,60
12/10/2001,LAW,OK,ASW,CE,Federal Contract Tower,0,10,17,140,167,0,0,45,5,50,0,10,62,145,217,8,0,8,225
12/11/2001,LAW,OK,ASW,CE,Federal Contract Tower,0,9,11,152,172,0,0,0,20,20,0,9,11,172,192,0,0,0,192
12/12/2001,LAW,OK,ASW,CE,Federal Contract Tower,0,8,6,83,97,0,0,0,8,8,0,8,6,91,105,0,0,0,105
12/13/2001,LAW,OK,ASW,CE,Federal Contract Tower,0,7,11,217,235,0,0,0,36,36,0,7,11,253,271,10,0,10,281
12/14/2001,LAW,OK,ASW,CE,Federal Contract Tower,0,10,11,122,143,0,0,17,0,17,0,10,28,122,160,0,0,0,160
12/15/2001,LAW,OK,ASW,CE,Federal Contract Tower,0,9,4,2,15,0,0,3,0,3,0,9,7,2,18,0,0,0,18
12/16/2001,LAW,OK,ASW,CE,Federal Contract Tower,0,10,3,4,17,0,0,0,0,0,0,10,3,4,17,0,0,0,17
12/17/2001,LAW,OK,ASW,CE,Federal Contract Tower,0,16,19,244,279,0,0,17,0,17,0,16,36,244,296,0,0,0,296
12/18/2001,LAW,OK,ASW,CE,Federal Contract Tower,0,9,25,199,233,0,0,1,24,25,0,9,26,223,258,20,30,50,308
12/19/2001,LAW,OK,ASW,CE,Federal Contract Tower,0,10,29,228,267,0,0,26,22,48,0,10,55,250,315,12,2,14,329
12/20/2001,LAW,OK,ASW,CE,Federal Contract Tower,0,10,17,165,192,0,0,0,23,23,0,10,17,188,215,6,6,12,227
12/21/2001,LAW,OK,ASW,CE,Federal Contract Tower,0,6,7,42,55,0,4,16,0,20,0,10,23,42,75,6,0,6,81
12/22/2001,LAW,OK,ASW,CE,Federal Contract Tower,0,0,0,0,0,0,8,8,0,16,0,8,8,0,16,4,0,4,20
12/23/2001,LAW,OK,ASW,CE,Federal Contract Tower,0,0,0,0,0,0,8,9,0,17,0,8,9,0,17,0,0,0,17
12/24/2001,LAW,OK,ASW,CE,Federal Contract Tower,0,0,0,1,1,0,8,12,0,20,0,8,12,1,21,0,0,0,21
12/25/2001,LAW,OK,ASW,CE,Federal Contract Tower,0,0,0,0,0,0,8,11,0,19,0,8,11,0,19,18,0,18,37
12/26/2001,LAW,OK,ASW,CE,Federal Contract Tower,0,3,4,0,7,0,7,40,0,47,0,10,44,0,54,18,0,18,72
12/27/2001,LAW,OK,ASW,CE,Federal Contract Tower,0,1,1,6,8,0,9,6,0,15,0,10,7,6,23,0,0,0,23
12/28/2001,LAW,OK,ASW,CE,Federal Contract Tower,0,2,2,6,10,0,8,23,0,31,0,10,25,6,41,6,0,6,47
12/29/2001,LAW,OK,ASW,CE,Federal Contract Tower,0,8,7,2,17,0,0,13,0,13,0,8,20,2,30,0,0,0,30
12/30/2001,LAW,OK,ASW,CE,Federal Contract Tower,0,1,1,0,2,0,9,8,0,17,0,10,9,0,19,6,0,6,25
12/31/2001,LAW,OK,ASW,CE,Federal Contract Tower,0,0,0,0,0,0,8,4,0,12,0,8,4,0,12,0,0,0,12
01/01/2002,LAW,OK,ASW,CE,Federal Contract Tower,0,1,0,0,1,0,7,6,0,13,0,8,6,0,14,0,0,0,14
01/02/2002,LAW,OK,ASW,CE,Federal Contract Tower,0,5,5,0,10,0,7,39,0,46,0,12,44,0,56,0,0,0,56
01/03/2002,LAW,OK,ASW,CE,Federal Contract Tower,0,7,6,66,79,0,4,5,0,9,0,11,11,66,88,0,0,0,88
01/04/2002,LAW,OK,ASW,CE,Federal Contract Tower,0,13,13,148,174,0,0,10,6,16,0,13,23,154,190,8,0,8,198
01/05/2002,LAW,OK,ASW,CE,Federal Contract Tower,0,3,1,4,8,0,6,9,0,15,0,9,10,4,23,0,0,0,23
01/06/2002,LAW,OK,ASW,CE,Federal Contract Tower,0,3,2,0,5,0,8,22,0,30,0,11,24,0,35,0,0,0,35
01/07/2002,LAW,OK,ASW,CE,Federal Contract Tower,0,11,12,136,159,0,0,8,6,14,0,11,20,142,173,6,0,6,179
01/08/2002,LAW,OK,ASW,CE,Federal Contract Tower,0,10,12,129,151,0,0,13,9,22,0,10,25,138,173,0,0,0,173
01/09/2002,LAW,OK,ASW,CE,Federal Contract Tower,0,10,13,144,167,0,0,3,13,16,0,10,16,157,183,6,0,6,189
01/10/2002,LAW,OK,ASW,CE,Federal Contract Tower,0,10,6,182,198,0,0,0,18,18,0,10,6,200,216,0,0,0,216
01/11/2002,LAW,OK,ASW,CE,Federal Contract Tower,0,12,16,173,201,0,0,12,17,29,0,12,28,190,230,12,0,12,242
01/12/2002,LAW,OK,ASW,CE,Federal Contract Tower,0,1,3,0,4,0,7,38,0,45,0,8,41,0,49,4,0,4,53
01/13/2002,LAW,OK,ASW,CE,Federal Contract Tower,0,1,1,0,2,0,9,29,0,38,0,10,30,0,40,8,0,8,48
01/14/2002,LAW,OK,ASW,CE,Federal Contract Tower,0,10,20,222,252,0,0,28,0,28,0,10,48,222,280,0,0,0,280
01/15/2002,LAW,OK,ASW,CE,Federal Contract Tower,0,8,16,178,202,0,0,10,12,22,0,8,26,190,224,0,8,8,232
01/16/2002,LAW,OK,ASW,CE,Federal Contract Tower,0,10,14,216,240,0,0,0,22,22,0,10,14,238,262,6,0,6,268
01/17/2002,LAW,OK,ASW,CE,Federal Contract Tower,0,9,26,292,327,0,0,8,30,38,0,9,34,322,365,12,0,12,377
01/18/2002,LAW,OK,ASW,CE,Federal Contract Tower,0,8,5,102,115,0,2,0,3,5,0,10,5,105,120,0,0,0,120
01/19/2002,LAW,OK,ASW,CE,Federal Contract Tower,0,1,2,0,3,0,7,29,0,36,0,8,31,0,39,16,0,16,55
01/20/2002,LAW,OK,ASW,CE,Federal Contract Tower,0,3,4,9,16,0,8,44,0,52,0,11,48,9,68,0,0,0,68
01/21/2002,LAW,OK,ASW,CE,Federal Contract Tower,0,2,2,2,6,0,11,32,0,43,0,13,34,2,49,14,0,14,63
01/22/2002,LAW,OK,ASW,CE,Federal Contract Tower,0,8,11,138,157,0,0,0,13,13,0,8,11,151,170,0,0,0,170
01/23/2002,LAW,OK,ASW,CE,Federal Contract Tower,0,10,17,178,205,0,0,5,5,10,0,10,22,183,215,0,0,0,215
01/24/2002,LAW,OK,ASW,CE,Federal Contract Tower,0,9,15,283,307,0,0,0,31,31,0,9,15,314,338,0,2,2,340
01/25/2002,LAW,OK,ASW,CE,Federal Contract Tower,0,11,16,177,204,0,0,7,13,20,0,11,23,190,224,6,0,6,230
01/26/2002,LAW,OK,ASW,CE,Federal Contract Tower,0,1,2,12,15,0,8,34,0,42,0,9,36,12,57,52,0,52,109
01/27/2002,LAW,OK,ASW,CE,Federal Contract Tower,0,2,3,3,8,0,9,34,0,43,0,11,37,3,51,2,0,2,53
01/28/2002,LAW,OK,ASW,CE,Federal Contract Tower,0,11,11,276,298,0,0,0,34,34,0,11,11,310,332,0,4,4,336
01/29/2002,LAW,OK,ASW,CE,Federal Contract Tower,0,10,17,230,257,0,0,0,14,14,0,10,17,244,271,0,0,0,271
01/30/2002,LAW,OK,ASW,CE,Federal Contract Tower,0,1,1,0,2,0,9,3,0,12,0,10,4,0,14,0,0,0,14
01/31/2002,LAW,OK,ASW,CE,Federal Contract Tower,0,8,14,161,183,0,0,0,6,6,0,8,14,167,189,0,0,0,189
02/01/2002,LAW,OK,ASW,CE,Federal Contract Tower,1,10,24,188,223,0,0,16,5,21,1,10,40,193,244,2,0,2,246
02/02/2002,LAW,OK,ASW,CE,Federal Contract Tower,0,2,4,0,6,0,7,47,0,54,0,9,51,0,60,6,0,6,66
02/03/2002,LAW,OK,ASW,CE,Federal Contract Tower,0,1,2,6,9,0,9,18,0,27,0,10,20,6,36,14,0,14,50
02/04/2002,LAW,OK,ASW,CE,Federal Contract Tower,0,11,17,231,259,0,0,0,28,28,0,11,17,259,287,0,0,0,287
02/05/2002,LAW,OK,ASW,CE,Federal Contract Tower,0,2,3,4,9,0,5,23,0,28,0,7,26,4,37,0,0,0,37
02/06/2002,LAW,OK,ASW,CE,Federal Contract Tower,0,10,16,128,154,0,0,16,0,16,0,10,32,128,170,0,0,0,170
02/07/2002,LAW,OK,ASW,CE,Federal Contract Tower,0,13,20,166,199,0,0,8,7,15,0,13,28,173,214,18,0,18,232
02/08/2002,LAW,OK,ASW,CE,Federal Contract Tower,0,10,12,102,124,0,0,7,8,15,0,10,19,110,139,10,0,10,149
02/09/2002,LAW,OK,ASW,CE,Federal Contract Tower,0,1,1,0,2,0,8,11,0,19,0,9,12,0,21,0,0,0,21
02/10/2002,LAW,OK,ASW,CE,Federal Contract Tower,0,2,1,4,7,0,9,11,0,20,0,11,12,4,27,0,0,0,27
02/11/2002,LAW,OK,ASW,CE,Federal Contract Tower,0,11,14,148,173,0,0,0,14,14,0,11,14,162,187,0,14,14,201
02/12/2002,LAW,OK,ASW,CE,Federal Contract Tower,0,8,10,81,99,0,2,19,0,21,0,10,29,81,120,4,0,4,124
02/13/2002,LAW,OK,ASW,CE,Federal Contract Tower,0,10,16,140,166,0,0,0,12,12,0,10,16,152,178,0,0,0,178
02/14/2002,LAW,OK,ASW,CE,Federal Contract Tower,0,10,12,104,126,0,0,11,0,11,0,10,23,104,137,8,0,8,145
02/15/2002,LAW,OK,ASW,CE,Federal Contract Tower,0,10,11,125,146,0,0,0,8,8,0,10,11,133,154,8,0,8,162
02/16/2002,LAW,OK,ASW,CE,Federal Contract Tower,0,1,1,0,2,0,9,20,0,29,0,10,21,0,31,0,0,0,31
02/17/2002,LAW,OK,ASW,CE,Federal Contract Tower,0,10,14,0,24,0,0,17,4,21,0,10,31,4,45,20,0,20,65
02/18/2002,LAW,OK,ASW,CE,Federal Contract Tower,0,10,5,2,17,0,0,2,0,2,0,10,7,2,19,0,0,0,19
02/19/2002,LAW,OK,ASW,CE,Federal Contract Tower,0,4,6,42,52,0,5,1,0,6,0,9,7,42,58,0,0,0,58
02/20/2002,LAW,OK,ASW,CE,Federal Contract Tower,0,11,11,183,205,0,0,0,26,26,0,11,11,209,231,0,0,0,231
02/21/2002,LAW,OK,ASW,CE,Federal Contract Tower,0,10,14,196,220,0,0,0,27,27,0,10,14,223,247,0,0,0,247
02/22/2002,LAW,OK,ASW,CE,Federal Contract Tower,0,11,25,199,235,0,0,21,11,32,0,11,46,210,267,30,0,30,297
02/23/2002,LAW,OK,ASW,CE,Federal Contract Tower,0,1,1,1,3,0,8,27,0,35,0,9,28,1,38,6,0,6,44
02/24/2002,LAW,OK,ASW,CE,Federal Contract Tower,0,1,2,2,5,0,10,11,0,21,0,11,13,2,26,0,0,0,26
02/25/2002,LAW,OK,ASW,CE,Federal Contract Tower,0,10,6,117,133,0,0,0,11,11,0,10,6,128,144,0,0,0,144
02/26/2002,LAW,OK,ASW,CE,Federal Contract Tower,0,8,10,79,97,0,0,9,0,9,0,8,19,79,106,0,0,0,106
02/27/2002,LAW,OK,ASW,CE,Federal Contract Tower,0,10,22,173,205,0,0,1,10,11,0,10,23,183,216,0,0,0,216
02/28/2002,LAW,OK,ASW,CE,Federal Contract Tower,0,10,14,112,136,0,0,5,13,18,0,10,19,125,154,0,0,0,154
03/01/2002,LAW,OK,ASW,CE,Federal Contract Tower,0,9,8,46,63,0,2,14,0,16,0,11,22,46,79,0,0,0,79
03/02/2002,LAW,OK,ASW,CE,Federal Contract Tower,0,1,0,0,1,0,4,4,0,8,0,5,4,0,9,0,0,0,9
03/03/2002,LAW,OK,ASW,CE,Federal Contract Tower,0,6,5,22,33,0,5,24,0,29,0,11,29,22,62,4,0,4,66
03/04/2002,LAW,OK,ASW,CE,Federal Contract Tower,0,11,10,74,95,0,4,6,0,10,0,15,16,74,105,0,0,0,105
03/05/2002,LAW,OK,ASW,CE,Federal Contract Tower,0,8,13,100,121,0,0,8,11,19,0,8,21,111,140,0,0,0,140
03/06/2002,LAW,OK,ASW,CE,Federal Contract Tower,0,10,14,96,120,0,0,7,14,21,0,10,21,110,141,0,4,4,145
03/07/2002,LAW,OK,ASW,CE,Federal Contract Tower,0,10,19,134,163,0,0,0,12,12,0,10,19,146,175,0,8,8,183
03/08/2002,LAW,OK,ASW,CE,Federal Contract Tower,0,10,14,99,123,0,0,3,7,10,0,10,17,106,133,0,0,0,133
03/09/2002,LAW,OK,ASW,CE,Federal Contract Tower,0,2,1,0,3,0,7,21,0,28,0,9,22,0,31,0,0,0,31
03/10/2002,LAW,OK,ASW,CE,Federal Contract Tower,0,4,4,12,20,0,8,31,0,39,0,12,35,12,59,0,8,8,67
03/11/2002,LAW,OK,ASW,CE,Federal Contract Tower,0,10,14,117,141,0,0,0,9,9,0,10,14,126,150,0,0,0,150
03/12/2002,LAW,OK,ASW,CE,Federal Contract Tower,0,10,15,105,130,0,0,16,14,30,0,10,31,119,160,24,0,24,184
03/13/2002,LAW,OK,ASW,CE,Federal Contract Tower,0,10,18,130,158,0,0,1,21,22,0,10,19,151,180,12,0,12,192
03/14/2002,LAW,OK,ASW,CE,Federal Contract Tower,0,10,14,104,128,0,0,1,8,9,0,10,15,112,137,8,0,8,145
03/15/2002,LAW,OK,ASW,CE,Federal Contract Tower,0,10,14,99,123,0,0,10,0,10,0,10,24,99,133,0,0,0,133
03/16/2002,LAW,OK,ASW,CE,Federal Contract Tower,0,1,3,0,4,0,9,36,0,45,0,10,39,0,49,4,0,4,53
03/17/2002,LAW,OK,ASW,CE,Federal Contract Tower,0,2,4,8,14,0,8,16,0,24,0,10,20,8,38,0,2,2,40
03/18/2002,LAW,OK,ASW,CE,Federal Contract Tower,0,2,2,2,6,0,8,8,0,16,0,10,10,2,22,0,0,0,22
03/19/2002,LAW,OK,ASW,CE,Federal Contract Tower,0,1,1,2,4,0,3,4,0,7,0,4,5,2,11,0,0,0,11
03/20/2002,LAW,OK,ASW,CE,Federal Contract Tower,0,10,12,162,184,0,0,0,28,28,0,10,12,190,212,14,0,14,226
03/21/2002,LAW,OK,ASW,CE,Federal Contract Tower,0,11,14,102,127,0,0,3,6,9,0,11,17,108,136,0,0,0,136
03/22/2002,LAW,OK,ASW,CE,Federal Contract Tower,0,9,11,76,96,0,2,9,0,11,0,11,20,76,107,12,0,12,119
03/23/2002,LAW,OK,ASW,CE,Federal Contract Tower,0,2,3,6,11,0,7,20,0,27,0,9,23,6,38,4,4,8,46
03/24/2002,LAW,OK,ASW,CE,Federal Contract Tower,0,2,2,0,4,0,8,17,0,25,0,10,19,0,29,0,0,0,29
03/25/2002,LAW,OK,ASW,CE,Federal Contract Tower,0,12,12,213,237,0,0,0,32,32,0,12,12,245,269,0,0,0,269
03/26/2002,LAW,OK,ASW,CE,Federal Contract Tower,0,9,22,154,185,0,0,17,26,43,0,9,39,180,228,18,0,18,246
03/27/2002,LAW,OK,ASW,CE,Federal Contract Tower,0,10,19,118,147,0,0,12,0,12,0,10,31,118,159,0,0,0,159
03/28/2002,LAW,OK,ASW,CE,Federal Contract Tower,0,11,16,112,139,0,0,25,22,47,0,11,41,134,186,0,0,0,186
03/29/2002,LAW,OK,ASW,CE,Federal Contract Tower,0,13,16,118,147,0,0,14,0,14,0,13,30,118,161,0,0,0,161
03/30/2002,LAW,OK,ASW,CE,Federal Contract Tower,0,2,2,0,4,0,9,9,0,18,0,11,11,0,22,0,0,0,22
03/31/2002,LAW,OK,ASW,CE,Federal Contract Tower,0,3,3,4,10,0,9,22,0,31,0,12,25,4,41,0,4,4,45
04/01/2002,LAW,OK,ASW,CE,Federal Contract Tower,0,9,14,71,94,0,2,2,7,11,0,11,16,78,105,14,7,21,126
04/02/2002,LAW,OK,ASW,CE,Federal Contract Tower,0,7,22,105,134,0,0,4,6,10,0,7,26,111,144,0,0,0,144
04/03/2002,LAW,OK,ASW,CE,Federal Contract Tower,0,13,13,116,142,0,0,0,27,27,0,13,13,143,169,0,0,0,169
04/04/2002,LAW,OK,ASW,CE,Federal Contract Tower,0,9,14,120,143,0,0,0,28,28,0,9,14,148,171,0,0,0,171
04/05/2002,LAW,OK,ASW,CE,Federal Contract Tower,0,10,25,111,146,0,0,2,13,15,0,10,27,124,161,12,0,12,173
04/06/2002,LAW,OK,ASW,CE,Federal Contract Tower,0,2,2,0,4,0,7,3,0,10,0,9,5,0,14,0,0,0,14
04/07/2002,LAW,OK,ASW,CE,Federal Contract Tower,0,2,0,2,4,0,10,0,0,10,0,12,0,2,14,0,0,0,14
04/08/2002,LAW,OK,ASW,CE,Federal Contract Tower,0,16,25,119,160,0,0,0,2,2,0,16,25,121,162,0,0,0,162
04/09/2002,LAW,OK,ASW,CE,Federal Contract Tower,0,10,21,135,166,0,0,0,21,21,0,10,21,156,187,0,0,0,187
04/10/2002,LAW,OK,ASW,CE,Federal Contract Tower,0,9,10,150,169,0,0,0,42,42,0,9,10,192,211,6,2,8,219
04/11/2002,LAW,OK,ASW,CE,Federal Contract Tower,0,10,22,101,133,0,0,0,11,11,0,10,22,112,144,0,0,0,144
04/12/2002,LAW,OK,ASW,CE,Federal Contract Tower,0,10,25,110,145,0,0,4,10,14,0,10,29,120,159,14,0,14,173
04/13/2002,LAW,OK,ASW,CE,Federal Contract Tower,0,2,3,0,5,0,2,18,0,20,0,4,21,0,25,20,0,20,45
04/14/2002,LAW,OK,ASW,CE,Federal Contract Tower,0,4,6,0,10,0,6,37,0,43,0,10,43,0,53,10,0,10,63
04/15/2002,LAW,OK,ASW,CE,Federal Contract Tower,0,10,16,70,96,0,2,6,0,8,0,12,22,70,104,0,0,0,104
04/16/2002,LAW,OK,ASW,CE,Federal Contract Tower,0,9,8,118,135,0,0,0,28,28,0,9,8,146,163,0,14,14,177
04/17/2002,LAW,OK,ASW,CE,Federal Contract Tower,0,11,21,102,134,0,0,0,9,9,0,11,21,111,143,0,6,6,149
04/18/2002,LAW,OK,ASW,CE,Federal Contract Tower,0,11,24,106,141,0,0,7,2,9,0,11,31,108,150,6,0,6,156
04/19/2002,LAW,OK,ASW,CE,Federal Contract Tower,0,5,9,29,43,2,5,7,0,14,2,10,16,29,57,0,0,0,57
04/20/2002,LAW,OK,ASW,CE,Federal Contract Tower,0,2,4,4,10,0,7,15,0,22,0,9,19,4,32,0,0,0,32
04/21/2002,LAW,OK,ASW,CE,Federal Contract Tower,0,3,7,11,21,0,7,27,0,34,0,10,34,11,55,16,0,16,71
04/22/2002,LAW,OK,ASW,CE,Federal Contract Tower,0,9,17,66,92,0,4,19,0,23,0,13,36,66,115,8,2,10,125
04/23/2002,LAW,OK,ASW,CE,Federal Contract Tower,0,9,16,73,98,0,2,3,0,5,0,11,19,73,103,0,0,0,103
04/24/2002,LAW,OK,ASW,CE,Federal Contract Tower,0,10,20,88,118,0,0,2,11,13,0,10,22,99,131,0,0,0,131
04/25/2002,LAW,OK,ASW,CE,Federal Contract Tower,0,7,12,58,77,0,3,0,0,3,0,10,12,58,80,0,0,0,80
04/26/2002,LAW,OK,ASW,CE,Federal Contract Tower,0,7,13,38,58,0,3,19,0,22,0,10,32,38,80,0,0,0,80
04/27/2002,LAW,OK,ASW,CE,Federal Contract Tower,0,3,6,0,9,0,5,35,0,40,0,8,41,0,49,0,0,0,49
04/28/2002,LAW,OK,ASW,CE,Federal Contract Tower,0,5,10,3,18,0,6,45,0,51,0,11,55,3,69,2,0,2,71
04/29/2002,LAW,OK,ASW,CE,Federal Contract Tower,0,11,32,141,184,0,0,16,0,16,0,11,48,141,200,0,0,0,200
04/30/2002,LAW,OK,ASW,CE,Federal Contract Tower,0,9,23,99,131,0,0,2,3,5,0,9,25,102,136,0,0,0,136
05/01/2002,LAW,OK,ASW,CE,Federal Contract Tower,0,9,17,123,149,0,0,5,11,16,0,9,22,134,165,0,8,8,173
05/02/2002,LAW,OK,ASW,CE,Federal Contract Tower,0,11,15,189,215,0,0,0,36,36,0,11,15,225,251,0,0,0,251
05/03/2002,LAW,OK,ASW,CE,Federal Contract Tower,0,11,21,154,186,0,0,11,10,21,0,11,32,164,207,0,0,0,207
05/04/2002,LAW,OK,ASW,CE,Federal Contract Tower,0,2,2,0,4,0,7,20,0,27,0,9,22,0,31,0,0,0,31
05/05/2002,LAW,OK,ASW,CE,Federal Contract Tower,0,1,1,1,3,0,10,4,0,14,0,11,5,1,17,0,0,0,17
05/06/2002,LAW,OK,ASW,CE,Federal Contract Tower,0,10,15,109,134,0,0,6,5,11,0,10,21,114,145,0,0,0,145
05/07/2002,LAW,OK,ASW,CE,Federal Contract Tower,0,10,10,83,103,0,3,6,1,10,0,13,16,84,113,12,0,12,125
05/08/2002,LAW,OK,ASW,CE,Federal Contract Tower,0,4,5,21,30,0,6,22,0,28,0,10,27,21,58,0,0,0,58
05/09/2002,LAW,OK,ASW,CE,Federal Contract Tower,0,6,7,29,42,0,4,39,0,43,0,10,46,29,85,0,0,0,85
05/10/2002,LAW,OK,ASW,CE,Federal Contract Tower,0,6,7,35,48,0,5,19,0,24,0,11,26,35,72,0,0,0,72
05/11/2002,LAW,OK,ASW,CE,Federal Contract Tower,0,1,1,0,2,0,8,11,0,19,0,9,12,0,21,3,0,3,24
05/12/2002,LAW,OK,ASW,CE,Federal Contract Tower,0,3,3,22,28,0,6,2,0,8,0,9,5,22,36,0,0,0,36
05/13/2002,LAW,OK,ASW,CE,Federal Contract Tower,0,12,24,169,205,0,0,8,7,15,0,12,32,176,220,14,0,14,234
05/14/2002,LAW,OK,ASW,CE,Federal Contract Tower,0,10,11,83,104,0,0,22,3,25,0,10,33,86,129,6,0,6,135
05/15/2002,LAW,OK,ASW,CE,Federal Contract Tower,0,9,10,78,97,0,1,6,5,12,0,10,16,83,109,6,0,6,115
05/16/2002,LAW,OK,ASW,CE,Federal Contract Tower,0,10,6,85,101,0,0,0,7,7,0,10,6,92,108,0,0,0,108
05/17/2002,LAW,OK,ASW,CE,Federal Contract Tower,0,6,8,69,83,0,0,0,5,5,0,6,8,74,88,4,0,4,92
05/18/2002,LAW,OK,ASW,CE,Federal Contract Tower,0,1,3,0,4,0,8,20,0,28,0,9,23,0,32,14,0,14,46
05/19/2002,LAW,OK,ASW,CE,Federal Contract Tower,0,9,10,0,19,0,1,8,6,15,0,10,18,6,34,0,0,0,34
05/20/2002,LAW,OK,ASW,CE,Federal Contract Tower,0,9,18,125,152,0,0,0,19,19,0,9,18,144,171,6,6,12,183
05/21/2002,LAW,OK,ASW,CE,Federal Contract Tower,0,8,20,141,169,0,0,14,19,33,0,8,34,160,202,0,0,0,202
05/22/2002,LAW,OK,ASW,CE,Federal Contract Tower,0,10,13,100,123,0,0,0,9,9,0,10,13,109,132,8,0,8,140
05/23/2002,LAW,OK,ASW,CE,Federal Contract Tower,0,2,2,9,13,0,8,10,0,18,0,10,12,9,31,0,0,0,31
05/24/2002,LAW,OK,ASW,CE,Federal Contract Tower,0,2,2,0,4,0,8,31,0,39,0,10,33,0,43,4,0,4,47
05/25/2002,LAW,OK,ASW,CE,Federal Contract Tower,0,1,1,0,2,0,6,21,0,27,0,7,22,0,29,6,0,6,35
05/26/2002,LAW,OK,ASW,CE,Federal Contract Tower,0,1,2,2,5,0,6,23,0,29,0,7,25,2,34,16,0,16,50
05/27/2002,LAW,OK,ASW,CE,Federal Contract Tower,0,7,9,0,16,0,5,3,0,8,0,12,12,0,24,0,0,0,24
05/28/2002,LAW,OK,ASW,CE,Federal Contract Tower,0,12,24,164,200,0,0,9,2,11,0,12,33,166,211,0,0,0,211
05/29/2002,LAW,OK,ASW,CE,Federal Contract Tower,0,10,25,167,202,0,0,6,10,16,0,10,31,177,218,0,0,0,218
05/30/2002,LAW,OK,ASW,CE,Federal Contract Tower,0,11,21,191,223,0,0,0,31,31,0,11,21,222,254,0,0,0,254
05/31/2002,LAW,OK,ASW,CE,Federal Contract Tower,0,10,17,116,143,0,0,30,0,30,0,10,47,116,173,0,0,0,173
06/01/2002,LAW,OK,ASW,CE,Federal Contract Tower,0,1,4,0,5,0,7,34,0,41,0,8,38,0,46,0,0,0,46
06/02/2002,LAW,OK,ASW,CE,Federal Contract Tower,0,1,0,0,1,0,9,11,0,20,0,10,11,0,21,0,0,0,21
06/03/2002,LAW,OK,ASW,CE,Federal Contract Tower,0,10,13,86,109,0,0,6,10,16,0,10,19,96,125,6,6,12,137
06/04/2002,LAW,OK,ASW,CE,Federal Contract Tower,0,7,6,34,47,0,4,12,0,16,0,11,18,34,63,0,6,6,69
06/05/2002,LAW,OK,ASW,CE,Federal Contract Tower,0,10,9,128,147,0,0,0,21,21,0,10,9,149,168,0,0,0,168
06/06/2002,LAW,OK,ASW,CE,Federal Contract Tower,0,12,18,170,200,0,0,0,24,24,0,12,18,194,224,0,12,12,236
06/07/2002,LAW,OK,ASW,CE,Federal Contract Tower,0,10,22,132,164,0,0,19,2,21,0,10,41,134,185,0,0,0,185
06/08/2002,LAW,OK,ASW,CE,Federal Contract Tower,0,2,3,6,11,0,7,51,0,58,0,9,54,6,69,0,0,0,69
06/09/2002,LAW,OK,ASW,CE,Federal Contract Tower,0,9,20,0,29,0,1,8,0,9,0,10,28,0,38,4,0,4,42
06/10/2002,LAW,OK,ASW,CE,Federal Contract Tower,0,10,14,77,101,0,0,14,0,14,0,10,28,77,115,0,16,16,131
06/11/2002,LAW,OK,ASW,CE,Federal Contract Tower,0,10,15,113,138,0,0,0,18,18,0,10,15,131,156,0,0,0,156
06/12/2002,LAW,OK,ASW,CE,Federal Contract Tower,0,10,11,97,118,0,0,0,12,12,0,10,11,109,130,0,4,4,134
06/13/2002,LAW,OK,ASW,CE,Federal Contract Tower,0,2,2,8,12,0,5,11,0,16,0,7,13,8,28,0,0,0,28
06/14/2002,LAW,OK,ASW,CE,Federal Contract Tower,0,10,15,94,119,0,0,26,2,28,0,10,41,96,147,0,4,4,151
06/15/2002,LAW,OK,ASW,CE,Federal Contract Tower,0,2,2,0,4,0,7,28,0,35,0,9,30,0,39,0,0,0,39
06/16/2002,LAW,OK,ASW,CE,Federal Contract Tower,0,9,13,0,22,0,2,3,4,9,0,11,16,4,31,2,0,2,33
06/17/2002,LAW,OK,ASW,CE,Federal Contract Tower,0,9,11,68,88,0,2,13,0,15,0,11,24,68,103,0,14,14,117
06/18/2002,LAW,OK,ASW,CE,Federal Contract Tower,0,10,21,132,163,0,0,2,11,13,0,10,23,143,176,0,16,16,192
06/19/2002,LAW,OK,ASW,CE,Federal Contract Tower,0,11,19,118,148,0,0,16,13,29,0,11,35,131,177,0,0,0,177
06/20/2002,LAW,OK,ASW,CE,Federal Contract Tower,0,10,18,108,136,0,0,2,16,18,0,10,20,124,154,0,0,0,154
06/21/2002,LAW,OK,ASW,CE,Federal Contract Tower,0,8,10,66,84,0,3,4,0,7,0,11,14,66,91,10,0,10,101
06/22/2002,LAW,OK,ASW,CE,Federal Contract Tower,0,1,1,2,4,0,7,21,0,28,0,8,22,2,32,6,0,6,38
06/23/2002,LAW,OK,ASW,CE,Federal Contract Tower,0,2,2,4,8,0,8,18,0,26,0,10,20,4,34,0,0,0,34
06/24/2002,LAW,OK,ASW,CE,Federal Contract Tower,0,12,19,119,150,0,0,3,7,10,0,12,22,126,160,0,0,0,160
06/25/2002,LAW,OK,ASW,CE,Federal Contract Tower,0,11,19,132,162,0,0,0,24,24,0,11,19,156,186,2,0,2,188
06/26/2002,LAW,OK,ASW,CE,Federal Contract Tower,0,9,26,159,194,0,0,1,29,30,0,9,27,188,224,10,0,10,234
06/27/2002,LAW,OK,ASW,CE,Federal Contract Tower,0,12,21,142,175,0,0,0,12,12,0,12,21,154,187,0,0,0,187
06/28/2002,LAW,OK,ASW,CE,Federal Contract Tower,0,10,20,122,152,0,0,32,0,32,0,10,52,122,184,0,0,0,184
06/29/2002,LAW,OK,ASW,CE,Federal Contract Tower,0,3,5,0,8,0,6,29,0,35,0,9,34,0,43,0,0,0,43
06/30/2002,LAW,OK,ASW,CE,Federal Contract Tower,0,3,6,10,19,0,6,21,0,27,0,9,27,10,46,0,0,0,46
07/01/2002,LAW,OK,ASW,CE,Federal Contract Tower,0,9,9,78,96,0,0,0,5,5,0,9,9,83,101,0,0,0,101
07/02/2002,LAW,OK,ASW,CE,Federal Contract Tower,0,12,20,126,158,0,0,3,7,10,0,12,23,133,168,0,0,0,168
07/03/2002,LAW,OK,ASW,CE,Federal Contract Tower,0,9,11,65,85,0,0,6,0,6,0,9,17,65,91,0,0,0,91
07/04/2002,LAW,OK,ASW,CE,Federal Contract Tower,0,2,1,8,11,0,5,4,0,9,0,7,5,8,20,0,0,0,20
07/05/2002,LAW,OK,ASW,CE,Federal Contract Tower,0,2,2,0,4,0,6,14,0,20,0,8,16,0,24,0,0,0,24
07/06/2002,LAW,OK,ASW,CE,Federal Contract Tower,0,2,2,0,4,0,7,11,0,18,0,9,13,0,22,4,0,4,26
07/07/2002,LAW,OK,ASW,CE,Federal Contract Tower,0,2,3,0,5,0,8,17,0,25,0,10,20,0,30,0,0,0,30
07/08/2002,LAW,OK,ASW,CE,Federal Contract Tower,0,10,21,127,158,0,0,9,6,15,0,10,30,133,173,16,0,16,189
07/09/2002,LAW,OK,ASW,CE,Federal Contract Tower,0,10,17,101,128,0,0,6,0,6,0,10,23,101,134,0,0,0,134
07/10/2002,LAW,OK,ASW,CE,Federal Contract Tower,0,10,15,93,118,0,0,9,3,12,0,10,24,96,130,0,0,0,130
07/11/2002,LAW,OK,ASW,CE,Federal Contract Tower,0,12,10,117,139,0,0,0,17,17,0,12,10,134,156,0,0,0,156
07/12/2002,LAW,OK,ASW,CE,Federal Contract Tower,0,12,16,93,121,0,0,6,2,8,0,12,22,95,129,0,0,0,129
07/13/2002,LAW,OK,ASW,CE,Federal Contract Tower,0,4,4,0,8,0,5,35,0,40,0,9,39,0,48,22,0,22,70
07/14/2002,LAW,OK,ASW,CE,Federal Contract Tower,0,5,6,8,19,0,6,53,0,59,0,11,59,8,78,6,0,6,84
07/15/2002,LAW,OK,ASW,CE,Federal Contract Tower,0,10,13,73,96,0,0,7,0,7,0,10,20,73,103,0,0,0,103
07/16/2002,LAW,OK,ASW,CE,Federal Contract Tower,0,10,13,72,95,0,4,0,4,8,0,14,13,76,103,0,0,0,103
07/17/2002,LAW,OK,ASW,CE,Federal Contract Tower,0,10,20,119,149,0,0,13,2,15,0,10,33,121,164,0,20,20,184
07/18/2002,LAW,OK,ASW,CE,Federal Contract Tower,0,10,19,112,141,0,0,16,10,26,0,10,35,122,167,12,2,14,181
07/19/2002,LAW,OK,ASW,CE,Federal Contract Tower,0,11,22,130,163,0,0,10,9,19,0,11,32,139,182,0,8,8,190
07/20/2002,LAW,OK,ASW,CE,Federal Contract Tower,0,2,3,3,8,0,7,31,0,38,0,9,34,3,46,14,0,14,60
07/21/2002,LAW,OK,ASW,CE,Federal Contract Tower,0,2,3,0,5,0,8,37,0,45,0,10,40,0,50,12,0,12,62
07/22/2002,LAW,OK,ASW,CE,Federal Contract Tower,0,10,16,135,161,0,0,0,19,19,0,10,16,154,180,0,0,0,180
07/23/2002,LAW,OK,ASW,CE,Federal Contract Tower,0,10,21,122,153,0,0,7,12,19,0,10,28,134,172,8,0,8,180
07/24/2002,LAW,OK,ASW,CE,Federal Contract Tower,0,9,11,131,151,0,0,0,23,23,0,9,11,154,174,0,0,0,174
07/25/2002,LAW,OK,ASW,CE,Federal Contract Tower,0,10,25,146,181,0,0,15,11,26,0,10,40,157,207,6,0,6,213
07/26/2002,LAW,OK,ASW,CE,Federal Contract Tower,0,10,19,116,145,0,0,1,16,17,0,10,20,132,162,0,0,0,162
07/27/2002,LAW,OK,ASW,CE,Federal Contract Tower,0,1,2,0,3,0,8,15,0,23,0,9,17,0,26,6,0,6,32
07/28/2002,LAW,OK,ASW,CE,Federal Contract Tower,0,2,3,6,11,0,11,11,0,22,0,13,14,6,33,6,0,6,39
07/29/2002,LAW,OK,ASW,CE,Federal Contract Tower,0,8,12,68,88,0,2,10,0,12,0,10,22,68,100,6,0,6,106
07/30/2002,LAW,OK,ASW,CE,Federal Contract Tower,0,10,27,163,200,0,0,3,17,20,0,10,30,180,220,0,0,0,220
07/31/2002,LAW,OK,ASW,CE,Federal Contract Tower,0,10,24,156,190,0,0,0,24,24,0,10,24,180,214,0,0,0,214
08/01/2002,LAW,OK,ASW,CE,Federal Contract Tower,0,9,15,119,143,0,0,10,5,15,0,9,25,124,158,0,0,0,158
08/02/2002,LAW,OK,ASW,CE,Federal Contract Tower,0,8,11,80,99,0,0,18,0,18,0,8,29,80,117,0,0,0,117
08/03/2002,LAW,OK,ASW,CE,Federal Contract Tower,0,2,2,0,4,0,5,17,0,22,0,7,19,0,26,0,0,0,26
08/04/2002,LAW,OK,ASW,CE,Federal Contract Tower,0,2,3,2,7,0,6,21,0,27,0,8,24,2,34,0,0,0,34
08/05/2002,LAW,OK,ASW,CE,Federal Contract Tower,0,8,17,128,153,0,0,17,4,21,0,8,34,132,174,6,0,6,180
08/06/2002,LAW,OK,ASW,CE,Federal Contract Tower,0,8,21,162,191,0,0,13,14,27,0,8,34,176,218,4,6,10,228
08/07/2002,LAW,OK,ASW,CE,Federal Contract Tower,0,8,15,194,217,0,0,0,28,28,0,8,15,222,245,2,0,2,247
08/08/2002,LAW,OK,ASW,CE,Federal Contract Tower,0,8,15,122,145,0,0,3,12,15,0,8,18,134,160,0,0,0,160
08/09/2002,LAW,OK,ASW,CE,Federal Contract Tower,0,8,11,82,101,0,0,5,2,7,0,8,16,84,108,0,4,4,112
08/10/2002,LAW,OK,ASW,CE,Federal Contract Tower,0,3,3,4,10,0,5,17,0,22,0,8,20,4,32,0,0,0,32
08/11/2002,LAW,OK,ASW,CE,Federal Contract Tower,0,2,3,0,5,0,6,24,0,30,0,8,27,0,35,0,0,0,35
08/12/2002,LAW,OK,ASW,CE,Federal Contract Tower,0,10,18,143,171,0,0,1,12,13,0,10,19,155,184,0,0,0,184
08/13/2002,LAW,OK,ASW,CE,Federal Contract Tower,0,7,12,133,152,0,0,0,14,14,0,7,12,147,166,4,0,4,170
08/14/2002,LAW,OK,ASW,CE,Federal Contract Tower,0,8,13,101,122,0,0,6,0,6,0,8,19,101,128,6,0,6,134
08/15/2002,LAW,OK,ASW,CE,Federal Contract Tower,0,9,10,118,137,0,0,0,11,11,0,9,10,129,148,0,0,0,148
08/16/2002,LAW,OK,ASW,CE,Federal Contract Tower,0,11,10,124,145,0,1,0,9,10,0,12,10,133,155,0,6,6,161
08/17/2002,LAW,OK,ASW,CE,Federal Contract Tower,0,1,2,0,3,0,8,13,0,21,0,9,15,0,24,0,0,0,24
08/18/2002,LAW,OK,ASW,CE,Federal Contract Tower,0,1,1,0,2,0,8,21,0,29,0,9,22,0,31,0,0,0,31
08/19/2002,LAW,OK,ASW,CE,Federal Contract Tower,0,7,10,81,98,0,0,8,8,16,0,7,18,89,114,0,0,0,114
08/20/2002,LAW,OK,ASW,CE,Federal Contract Tower,0,8,7,96,111,0,0,0,5,5,0,8,7,101,116,0,4,4,120
08/21/2002,LAW,OK,ASW,CE,Federal Contract Tower,0,8,15,122,145,0,0,25,0,25,0,8,40,122,170,0,4,4,174
08/22/2002,LAW,OK,ASW,CE,Federal Contract Tower,0,8,18,142,168,0,0,8,6,14,0,8,26,148,182,0,0,0,182
08/23/2002,LAW,OK,ASW,CE,Federal Contract Tower,0,8,18,140,166,0,0,15,5,20,0,8,33,145,186,0,18,18,204
08/24/2002,LAW,OK,ASW,CE,Federal Contract Tower,0,2,3,4,9,0,6,40,0,46,0,8,43,4,55,28,0,28,83
08/25/2002,LAW,OK,ASW,CE,Federal Contract Tower,0,0,2,0,2,0,8,12,0,20,0,8,14,0,22,4,0,4,26
08/26/2002,LAW,OK,ASW,CE,Federal Contract Tower,0,7,11,81,99,0,2,1,0,3,0,9,12,81,102,0,0,0,102
08/27/2002,LAW,OK,ASW,CE,Federal Contract Tower,0,9,12,104,125,0,0,0,6,6,0,9,12,110,131,0,0,0,131
08/28/2002,LAW,OK,ASW,CE,Federal Contract Tower,0,9,18,140,167,0,0,5,6,11,0,9,23,146,178,0,0,0,178
08/29/2002,LAW,OK,ASW,CE,Federal Contract Tower,0,10,19,149,178,0,0,1,17,18,0,10,20,166,196,0,20,20,216
08/30/2002,LAW,OK,ASW,CE,Federal Contract Tower,0,9,16,120,145,0,0,7,8,15,0,9,23,128,160,0,0,0,160
08/31/2002,LAW,OK,ASW,CE,Federal Contract Tower,0,1,2,0,3,0,5,20,0,25,0,6,22,0,28,0,0,0,28
09/01/2002,LAW,OK,ASW,CE,Federal Contract Tower,0,3,3,0,6,0,3,27,0,30,0,6,30,0,36,0,0,0,36
09/02/2002,LAW,OK,ASW,CE,Federal Contract Tower,0,3,4,2,9,0,3,38,0,41,0,6,42,2,50,20,0,20,70
09/03/2002,LAW,OK,ASW,CE,Federal Contract Tower,0,9,11,143,163,0,0,0,19,19,0,9,11,162,182,0,6,6,188
09/04/2002,LAW,OK,ASW,CE,Federal Contract Tower,0,8,14,91,113,0,0,0,10,10,0,8,14,101,123,0,0,0,123
09/05/2002,LAW,OK,ASW,CE,Federal Contract Tower,0,8,16,105,129,0,0,16,8,24,0,8,32,113,153,2,0,2,155
09/06/2002,LAW,OK,ASW,CE,Federal Contract Tower,0,8,12,81,101,0,0,10,0,10,0,8,22,81,111,0,0,0,111
09/07/2002,LAW,OK,ASW,CE,Federal Contract Tower,0,4,5,9,18,0,4,22,0,26,0,8,27,9,44,0,0,0,44
09/08/2002,LAW,OK,ASW,CE,Federal Contract Tower,0,3,3,0,6,0,5,23,0,28,0,8,26,0,34,0,0,0,34
09/09/2002,LAW,OK,ASW,CE,Federal Contract Tower,0,9,12,59,80,0,0,28,0,28,0,9,40,59,108,0,0,0,108
09/10/2002,LAW,OK,ASW,CE,Federal Contract Tower,0,8,11,211,230,0,0,0,42,42,0,8,11,253,272,0,0,0,272
09/11/2002,LAW,OK,ASW,CE,Federal Contract Tower,0,7,18,131,156,0,0,0,21,21,0,7,18,152,177,10,0,10,187
09/12/2002,LAW,OK,ASW,CE,Federal Contract Tower,0,8,17,144,169,0,0,0,20,20,0,8,17,164,189,6,8,14,203
09/13/2002,LAW,OK,ASW,CE,Federal Contract Tower,0,9,15,100,124,0,0,4,4,8,0,9,19,104,132,0,6,6,138
09/14/2002,LAW,OK,ASW,CE,Federal Contract Tower,0,1,3,0,4,0,7,18,0,25,0,8,21,0,29,0,0,0,29
09/15/2002,LAW,OK,ASW,CE,Federal Contract Tower,0,3,5,16,24,0,6,17,0,23,0,9,22,16,47,0,0,0,47
09/16/2002,LAW,OK,ASW,CE,Federal Contract Tower,0,8,22,144,174,0,0,0,19,19,0,8,22,163,193,0,6,6,199
09/17/2002,LAW,OK,ASW,CE,Federal Contract Tower,0,7,15,134,156,0,0,0,21,21,0,7,15,155,177,0,4,4,181
09/18/2002,LAW,OK,ASW,CE,Federal Contract Tower,0,7,10,71,88,0,1,5,4,10,0,8,15,75,98,0,0,0,98
09/19/2002,LAW,OK,ASW,CE,Federal Contract Tower,0,10,18,170,198,0,0,0,25,25,0,10,18,195,223,0,0,0,223
09/20/2002,LAW,OK,ASW,CE,Federal Contract Tower,0,8,13,87,108,0,2,9,1,12,0,10,22,88,120,2,0,2,122
09/21/2002,LAW,OK,ASW,CE,Federal Contract Tower,0,0,2,0,2,0,8,23,0,31,0,8,25,0,33,0,0,0,33
09/22/2002,LAW,OK,ASW,CE,Federal Contract Tower,0,3,4,28,35,0,6,10,0,16,0,9,14,28,51,10,0,10,61
09/23/2002,LAW,OK,ASW,CE,Federal Contract Tower,0,10,10,152,172,0,0,0,25,25,0,10,10,177,197,0,0,0,197
09/24/2002,LAW,OK,ASW,CE,Federal Contract Tower,0,8,15,134,157,0,0,0,24,24,0,8,15,158,181,6,0,6,187
09/25/2002,LAW,OK,ASW,CE,Federal Contract Tower,0,8,13,101,122,0,0,0,9,9,0,8,13,110,131,0,6,6,137
09/26/2002,LAW,OK,ASW,CE,Federal Contract Tower,0,6,9,60,75,0,3,15,0,18,0,9,24,60,93,0,0,0,93
09/27/2002,LAW,OK,ASW,CE,Federal Contract Tower,0,1,2,4,7,0,7,17,0,24,0,8,19,4,31,2,0,2,33
09/28/2002,LAW,OK,ASW,CE,Federal Contract Tower,0,2,4,4,10,0,6,40,0,46,0,8,44,4,56,0,0,0,56
09/29/2002,LAW,OK,ASW,CE,Federal Contract Tower,0,2,3,0,5,0,6,30,0,36,0,8,33,0,41,8,0,8,49
09/30/2002,LAW,OK,ASW,CE,Federal Contract Tower,0,2,5,6,13,0,6,28,0,34,0,8,33,6,47,0,0,0,47
10/01/2002,LAW,OK,ASW,CE,Federal Contract Tower,0,8,14,120,142,0,0,5,14,19,0,8,19,134,161,0,0,0,161
10/02/2002,LAW,OK,ASW,CE,Federal Contract Tower,0,9,17,143,169,0,0,0,15,15,0,9,17,158,184,0,0,0,184
10/03/2002,LAW,OK,ASW,CE,Federal Contract Tower,0,10,14,177,201,0,0,0,22,22,0,10,14,199,223,0,0,0,223
10/04/2002,LAW,OK,ASW,CE,Federal Contract Tower,0,9,13,218,240,0,0,0,41,41,0,9,13,259,281,0,0,0,281
10/05/2002,LAW,OK,ASW,CE,Federal Contract Tower,0,2,1,0,3,0,6,19,0,25,0,8,20,0,28,0,0,0,28
10/06/2002,LAW,OK,ASW,CE,Federal Contract Tower,0,2,1,0,3,0,6,12,0,18,0,8,13,0,21,0,0,0,21
10/07/2002,LAW,OK,ASW,CE,Federal Contract Tower,0,9,14,131,154,0,0,0,19,19,0,9,14,150,173,0,0,0,173
10/08/2002,LAW,OK,ASW,CE,Federal Contract Tower,0,1,0,0,1,0,7,1,0,8,0,8,1,0,9,0,0,0,9
10/09/2002,LAW,OK,ASW,CE,Federal Contract Tower,0,8,10,73,91,0,0,2,2,4,0,8,12,75,95,0,0,0,95
10/10/2002,LAW,OK,ASW,CE,Federal Contract Tower,0,8,18,161,187,0,0,0,13,13,0,8,18,174,200,0,2,2,202
10/11/2002,LAW,OK,ASW,CE,Federal Contract Tower,0,4,5,20,29,0,4,20,0,24,0,8,25,20,53,0,8,8,61
10/12/2002,LAW,OK,ASW,CE,Federal Contract Tower,0,2,1,0,3,0,6,8,0,14,0,8,9,0,17,0,0,0,17
10/13/2002,LAW,OK,ASW,CE,Federal Contract Tower,0,2,2,0,4,0,6,24,0,30,0,8,26,0,34,8,0,8,42
10/14/2002,LAW,OK,ASW,CE,Federal Contract Tower,0,3,2,6,11,0,5,21,0,26,0,8,23,6,37,0,0,0,37
10/15/2002,LAW,OK,ASW,CE,Federal Contract Tower,0,9,19,147,175,0,0,15,9,24,0,9,34,156,199,2,0,2,201
10/16/2002,LAW,OK,ASW,CE,Federal Contract Tower,0,8,18,143,169,0,0,1,17,18,0,8,19,160,187,6,0,6,193
10/17/2002,LAW,OK,ASW,CE,Federal Contract Tower,0,9,18,145,172,0,0,7,24,31,0,9,25,169,203,2,6,8,211
10/18/2002,LAW,OK,ASW,CE,Federal Contract Tower,0,6,7,54,67,0,2,6,0,8,0,8,13,54,75,0,0,0,75
10/19/2002,LAW,OK,ASW,CE,Federal Contract Tower,0,2,3,0,5,0,6,21,0,27,0,8,24,0,32,0,0,0,32
10/20/2002,LAW,OK,ASW,CE,Federal Contract Tower,0,2,3,8,13,0,6,20,0,26,0,8,23,8,39,0,0,0,39
10/21/2002,LAW,OK,ASW,CE,Federal Contract Tower,0,7,10,77,94,0,1,6,5,12,0,8,16,82,106,4,0,4,110
10/22/2002,LAW,OK,ASW,CE,Federal Contract Tower,0,8,10,77,95,0,0,5,0,5,0,8,15,77,100,0,0,0,100
10/23/2002,LAW,OK,ASW,CE,Federal Contract Tower,0,2,2,2,6,0,6,12,0,18,0,8,14,2,24,0,0,0,24
10/24/2002,LAW,OK,ASW,CE,Federal Contract Tower,0,1,2,2,5,0,8,5,0,13,0,9,7,2,18,0,0,0,18
10/25/2002,LAW,OK,ASW,CE,Federal Contract Tower,0,8,14,105,127,0,0,0,2,2,0,8,14,107,129,8,0,8,137
10/26/2002,LAW,OK,ASW,CE,Federal Contract Tower,0,2,3,0,5,0,6,28,0,34,0,8,31,0,39,10,0,10,49
10/27/2002,LAW,OK,ASW,CE,Federal Contract Tower,0,1,2,0,3,0,7,13,0,20,0,8,15,0,23,10,0,10,33
10/28/2002,LAW,OK,ASW,CE,Federal Contract Tower,0,0,0,2,2,0,9,0,0,9,0,9,0,2,11,0,0,0,11
10/29/2002,LAW,OK,ASW,CE,Federal Contract Tower,0,5,6,35,46,0,3,12,0,15,0,8,18,35,61,0,0,0,61
10/30/2002,LAW,OK,ASW,CE,Federal Contract Tower,0,9,19,237,265,0,0,0,30,30,0,9,19,267,295,2,0,2,297
10/31/2002,LAW,OK,ASW,CE,Federal Contract Tower,0,9,7,160,176,0,0,0,24,24,0,9,7,184,200,0,6,6,206
11/01/2002,LAW,OK,ASW,CE,Federal Contract Tower,0,2,1,0,3,0,6,10,0,16,0,8,11,0,19,0,0,0,19
11/02/2002,LAW,OK,ASW,CE,Federal Contract Tower,0,3,1,0,4,0,5,8,0,13,0,8,9,0,17,0,0,0,17
11/03/2002,LAW,OK,ASW,CE,Federal Contract Tower,0,4,3,10,17,0,3,20,0,23,0,7,23,10,40,0,0,0,40
11/04/2002,LAW,OK,ASW,CE,Federal Contract Tower,0,7,11,240,258,0,0,0,33,33,0,7,11,273,291,0,12,12,303
11/05/2002,LAW,OK,ASW,CE,Federal Contract Tower,0,9,17,213,239,0,0,0,19,19,0,9,17,232,258,14,0,14,272
11/06/2002,LAW,OK,ASW,CE,Federal Contract Tower,0,8,12,136,156,0,0,14,11,25,0,8,26,147,181,6,2,8,189
11/07/2002,LAW,OK,ASW,CE,Federal Contract Tower,0,8,13,147,168,0,0,15,13,28,0,8,28,160,196,0,0,0,196
11/08/2002,LAW,OK,ASW,CE,Federal Contract Tower,0,4,4,32,40,0,4,35,0,39,0,8,39,32,79,6,0,6,85
11/09/2002,LAW,OK,ASW,CE,Federal Contract Tower,0,1,0,0,1,0,6,25,0,31,0,7,25,0,32,24,0,24,56
11/10/2002,LAW,OK,ASW,CE,Federal Contract Tower,0,2,2,0,4,0,6,42,0,48,0,8,44,0,52,8,0,8,60
11/11/2002,LAW,OK,ASW,CE,Federal Contract Tower,0,4,5,44,53,0,4,7,0,11,0,8,12,44,64,2,0,2,66
11/12/2002,LAW,OK,ASW,CE,Federal Contract Tower,0,8,17,188,213,0,0,8,22,30,0,8,25,210,243,0,4,4,247
11/13/2002,LAW,OK,ASW,CE,Federal Contract Tower,0,8,19,203,230,0,0,15,3,18,0,8,34,206,248,0,0,0,248
11/14/2002,LAW,OK,ASW,CE,Federal Contract Tower,0,7,18,195,220,0,0,6,10,16,0,7,24,205,236,0,0,0,236
11/15/2002,LAW,OK,ASW,CE,Federal Contract Tower,0,8,19,189,216,0,0,10,5,15,0,8,29,194,231,14,2,16,247
11/16/2002,LAW,OK,ASW,CE,Federal Contract Tower,0,1,3,4,8,0,9,14,0,23,0,10,17,4,31,8,0,8,39
11/17/2002,LAW,OK,ASW,CE,Federal Contract Tower,0,3,5,35,43,0,4,26,0,30,0,7,31,35,73,16,4,20,93
11/18/2002,LAW,OK,ASW,CE,Federal Contract Tower,0,6,16,175,197,0,0,10,13,23,0,6,26,188,220,0,0,0,220
11/19/2002,LAW,OK,ASW,CE,Federal Contract Tower,0,9,15,157,181,0,0,15,9,24,0,9,30,166,205,0,0,0,205
11/20/2002,LAW,OK,ASW,CE,Federal Contract Tower,0,8,16,178,202,0,0,25,8,33,0,8,41,186,235,4,2,6,241
11/21/2002,LAW,OK,ASW,CE,Federal Contract Tower,0,8,11,123,142,0,0,6,9,15,0,8,17,132,157,0,0,0,157
11/22/2002,LAW,OK,ASW,CE,Federal Contract Tower,0,8,14,151,173,0,0,30,0,30,0,8,44,151,203,16,0,16,219
11/23/2002,LAW,OK,ASW,CE,Federal Contract Tower,0,1,2,0,3,0,7,33,0,40,0,8,35,0,43,14,0,14,57
11/24/2002,LAW,OK,ASW,CE,Federal Contract Tower,0,1,3,18,22,0,5,8,0,13,0,6,11,18,35,0,0,0,35
11/25/2002,LAW,OK,ASW,CE,Federal Contract Tower,0,8,10,167,185,0,0,0,12,12,0,8,10,179,197,0,0,0,197
11/26/2002,LAW,OK,ASW,CE,Federal Contract Tower,0,9,11,157,177,0,0,0,24,24,0,9,11,181,201,0,14,14,215
11/27/2002,LAW,OK,ASW,CE,Federal Contract Tower,0,9,12,137,158,0,0,10,11,21,0,9,22,148,179,0,0,0,179
11/28/2002,LAW,OK,ASW,CE,Federal Contract Tower,0,0,1,0,1,0,8,13,0,21,0,8,14,0,22,0,0,0,22
11/29/2002,LAW,OK,ASW,CE,Federal Contract Tower,0,0,0,0,0,0,7,16,0,23,0,7,16,0,23,0,0,0,23
11/30/2002,LAW,OK,ASW,CE,Federal Contract Tower,0,1,1,0,2,0,7,22,0,29,0,8,23,0,31,0,0,0,31
12/01/2002,LAW,OK,ASW,CE,Federal Contract Tower,0,4,3,12,19,0,3,17,0,20,0,7,20,12,39,0,0,0,39
12/02/2002,LAW,OK,ASW,CE,Federal Contract Tower,0,10,16,99,125,0,0,2,21,23,0,10,18,120,148,6,0,6,154
12/03/2002,LAW,OK,ASW,CE,Federal Contract Tower,0,8,2,55,65,0,0,0,9,9,0,8,2,64,74,0,0,0,74
12/04/2002,LAW,OK,ASW,CE,Federal Contract Tower,0,0,2,2,4,0,9,1,0,10,0,9,3,2,14,0,0,0,14
12/05/2002,LAW,OK,ASW,CE,Federal Contract Tower,0,8,15,106,129,0,0,0,17,17,0,8,15,123,146,0,0,0,146
12/06/2002,LAW,OK,ASW,CE,Federal Contract Tower,0,7,6,40,53,0,2,2,0,4,0,9,8,40,57,0,0,0,57
12/07/2002,LAW,OK,ASW,CE,Federal Contract Tower,0,3,2,5,10,0,6,14,0,20,0,9,16,5,30,0,12,12,42
12/08/2002,LAW,OK,ASW,CE,Federal Contract Tower,0,4,3,0,7,0,3,22,0,25,0,7,25,0,32,0,0,0,32
12/09/2002,LAW,OK,ASW,CE,Federal Contract Tower,0,1,3,2,6,0,6,6,0,12,0,7,9,2,18,0,0,0,18
12/10/2002,LAW,OK,ASW,CE,Federal Contract Tower,0,7,17,95,119,0,0,15,0,15,0,7,32,95,134,0,0,0,134
12/11/2002,LAW,OK,ASW,CE,Federal Contract Tower,0,8,3,120,131,0,0,0,31,31,0,8,3,151,162,0,0,0,162
12/12/2002,LAW,OK,ASW,CE,Federal Contract Tower,0,11,4,83,98,0,0,0,16,16,0,11,4,99,114,0,0,0,114
12/13/2002,LAW,OK,ASW,CE,Federal Contract Tower,0,11,15,104,130,0,0,0,18,18,0,11,15,122,148,0,0,0,148
12/14/2002,LAW,OK,ASW,CE,Federal Contract Tower,0,3,3,7,13,0,7,27,0,34,0,10,30,7,47,10,6,16,63
12/15/2002,LAW,OK,ASW,CE,Federal Contract Tower,0,5,6,14,25,0,4,59,0,63,0,9,65,14,88,22,6,28,116
12/16/2002,LAW,OK,ASW,CE,Federal Contract Tower,0,9,23,136,168,0,0,6,29,35,0,9,29,165,203,14,0,14,217
12/17/2002,LAW,OK,ASW,CE,Federal Contract Tower,0,8,10,67,85,0,0,15,2,17,0,8,25,69,102,0,0,0,102
12/18/2002,LAW,OK,ASW,CE,Federal Contract Tower,0,7,14,88,109,0,0,28,0,28,0,7,42,88,137,0,2,2,139
12/19/2002,LAW,OK,ASW,CE,Federal Contract Tower,0,9,9,151,169,0,0,0,46,46,0,9,9,197,215,0,0,0,215
12/20/2002,LAW,OK,ASW,CE,Federal Contract Tower,0,4,5,28,37,0,6,14,0,20,0,10,19,28,57,0,0,0,57
12/21/2002,LAW,OK,ASW,CE,Federal Contract Tower,0,1,1,0,2,0,9,8,0,17,0,10,9,0,19,0,0,0,19
12/22/2002,LAW,OK,ASW,CE,Federal Contract Tower,0,1,2,0,3,0,6,32,0,38,0,7,34,0,41,8,0,8,49
12/23/2002,LAW,OK,ASW,CE,Federal Contract Tower,0,0,0,0,0,0,7,0,0,7,0,7,0,0,7,0,0,0,7
12/24/2002,LAW,OK,ASW,CE,Federal Contract Tower,0,2,0,0,2,0,6,4,0,10,0,8,4,0,12,0,0,0,12
12/25/2002,LAW,OK,ASW,CE,Federal Contract Tower,0,8,0,0,8,0,0,9,0,9,0,8,9,0,17,0,0,0,17
12/26/2002,LAW,OK,ASW,CE,Federal Contract Tower,0,9,7,0,16,0,0,4,0,4,0,9,11,0,20,6,0,6,26
12/27/2002,LAW,OK,ASW,CE,Federal Contract Tower,0,12,1,0,13,0,0,7,0,7,0,12,8,0,20,0,0,0,20
12/28/2002,LAW,OK,ASW,CE,Federal Contract Tower,0,3,3,10,16,0,6,22,0,28,0,9,25,10,44,16,0,16,60
12/29/2002,LAW,OK,ASW,CE,Federal Contract Tower,0,1,1,0,2,0,7,2,0,9,0,8,3,0,11,0,0,0,11
12/30/2002,LAW,OK,ASW,CE,Federal Contract Tower,0,0,0,0,0,0,7,2,0,9,0,7,2,0,9,6,0,6,15
12/31/2002,LAW,OK,ASW,CE,Federal Contract Tower,0,2,1,0,3,0,8,10,0,18,0,10,11,0,21,0,0,0,21
01/01/2003,LAW,OK,ASW,CE,Federal Contract Tower,0,0,0,0,0,0,7,1,0,8,0,7,1,0,8,0,0,0,8
01/02/2003,LAW,OK,ASW,CE,Federal Contract Tower,0,7,0,0,7,0,0,7,0,7,0,7,7,0,14,0,0,0,14
01/03/2003,LAW,OK,ASW,CE,Federal Contract Tower,0,8,5,81,94,0,3,20,1,24,0,11,25,82,118,0,0,0,118
01/04/2003,LAW,OK,ASW,CE,Federal Contract Tower,0,3,1,0,4,0,4,30,0,34,0,7,31,0,38,12,0,12,50
01/05/2003,LAW,OK,ASW,CE,Federal Contract Tower,0,0,1,0,1,0,8,27,0,35,0,8,28,0,36,8,0,8,44
01/06/2003,LAW,OK,ASW,CE,Federal Contract Tower,0,8,11,167,186,0,0,0,2,2,0,8,11,169,188,0,0,0,188
01/07/2003,LAW,OK,ASW,CE,Federal Contract Tower,0,8,8,134,150,0,0,11,2,13,0,8,19,136,163,12,32,44,207
01/08/2003,LAW,OK,ASW,CE,Federal Contract Tower,0,8,9,125,142,0,0,9,4,13,0,8,18,129,155,0,0,0,155
01/09/2003,LAW,OK,ASW,CE,Federal Contract Tower,0,6,10,154,170,0,0,9,15,24,0,6,19,169,194,0,10,10,204
01/10/2003,LAW,OK,ASW,CE,Federal Contract Tower,0,7,9,120,136,0,0,6,0,6,0,7,15,120,142,6,0,6,148
01/11/2003,LAW,OK,ASW,CE,Federal Contract Tower,0,1,2,15,18,0,7,23,0,30,0,8,25,15,48,0,10,10,58
01/12/2003,LAW,OK,ASW,CE,Federal Contract Tower,0,0,0,5,5,0,3,2,0,5,0,3,2,5,10,0,0,0,10
01/13/2003,LAW,OK,ASW,CE,Federal Contract Tower,0,7,5,72,84,0,2,2,0,4,0,9,7,72,88,0,0,0,88
01/14/2003,LAW,OK,ASW,CE,Federal Contract Tower,0,8,6,92,106,1,0,5,2,8,1,8,11,94,114,4,0,4,118
01/15/2003,LAW,OK,ASW,CE,Federal Contract Tower,0,8,6,149,163,0,0,0,12,12,0,8,6,161,175,0,0,0,175
01/16/2003,LAW,OK,ASW,CE,Federal Contract Tower,0,7,9,137,153,0,0,10,1,11,0,7,19,138,164,0,0,0,164
01/17/2003,LAW,OK,ASW,CE,Federal Contract Tower,0,8,10,154,172,0,0,10,21,31,0,8,20,175,203,10,28,38,241
01/18/2003,LAW,OK,ASW,CE,Federal Contract Tower,0,3,2,27,32,0,5,44,27,76,0,8,46,54,108,0,0,0,108
01/19/2003,LAW,OK,ASW,CE,Federal Contract Tower,0,2,2,5,9,0,7,37,0,44,0,9,39,5,53,0,0,0,53
01/20/2003,LAW,OK,ASW,CE,Federal Contract Tower,0,2,1,10,13,1,5,23,0,29,1,7,24,10,42,0,0,0,42
01/21/2003,LAW,OK,ASW,CE,Federal Contract Tower,0,8,11,204,223,0,0,0,18,18,0,8,11,222,241,0,10,10,251
01/22/2003,LAW,OK,ASW,CE,Federal Contract Tower,0,8,6,98,112,0,0,7,0,7,0,8,13,98,119,0,0,0,119
01/23/2003,LAW,OK,ASW,CE,Federal Contract Tower,0,8,7,151,166,0,0,0,9,9,0,8,7,160,175,0,0,0,175
01/24/2003,LAW,OK,ASW,CE,Federal Contract Tower,0,10,4,117,131,0,0,0,7,7,0,10,4,124,138,0,0,0,138
01/25/2003,LAW,OK,ASW,CE,Federal Contract Tower,0,0,0,0,0,0,9,7,0,16,0,9,7,0,16,0,0,0,16
01/26/2003,LAW,OK,ASW,CE,Federal Contract Tower,0,3,1,17,21,0,5,14,0,19,0,8,15,17,40,16,0,16,56
01/27/2003,LAW,OK,ASW,CE,Federal Contract Tower,0,9,8,133,150,0,0,2,9,11,0,9,10,142,161,8,0,8,169
01/28/2003,LAW,OK,ASW,CE,Federal Contract Tower,0,8,5,84,97,0,5,11,0,16,0,13,16,84,113,0,0,0,113
01/29/2003,LAW,OK,ASW,CE,Federal Contract Tower,0,7,4,207,218,0,0,0,23,23,0,7,4,230,241,0,0,0,241
01/30/2003,LAW,OK,ASW,CE,Federal Contract Tower,0,8,7,121,136,0,0,11,3,14,0,8,18,124,150,24,0,24,174
01/31/2003,LAW,OK,ASW,CE,Federal Contract Tower,0,10,8,138,156,0,0,11,5,16,0,10,19,143,172,0,6,6,178
02/01/2003,LAW,OK,ASW,CE,Federal Contract Tower,0,0,1,0,1,0,12,17,0,29,0,12,18,0,30,4,0,4,34
02/02/2003,LAW,OK,ASW,CE,Federal Contract Tower,0,0,0,2,2,0,9,11,0,20,0,9,11,2,22,0,0,0,22
02/03/2003,LAW,OK,ASW,CE,Federal Contract Tower,0,9,11,191,211,0,0,0,22,22,0,9,11,213,233,0,0,0,233
02/04/2003,LAW,OK,ASW,CE,Federal Contract Tower,0,8,12,122,142,0,0,6,8,14,0,8,18,130,156,0,24,24,180
02/05/2003,LAW,OK,ASW,CE,Federal Contract Tower,0,8,14,146,168,0,0,8,11,19,0,8,22,157,187,0,12,12,199
02/06/2003,LAW,OK,ASW,CE,Federal Contract Tower,0,1,1,0,2,0,7,3,0,10,0,8,4,0,12,0,0,0,12
02/07/2003,LAW,OK,ASW,CE,Federal Contract Tower,0,8,17,178,203,0,0,2,11,13,0,8,19,189,216,0,0,0,216
02/08/2003,LAW,OK,ASW,CE,Federal Contract Tower,0,3,2,0,5,0,3,38,0,41,0,6,40,0,46,0,0,0,46
02/09/2003,LAW,OK,ASW,CE,Federal Contract Tower,0,2,2,2,6,0,6,14,0,20,0,8,16,2,26,0,0,0,26
02/10/2003,LAW,OK,ASW,CE,Federal Contract Tower,0,9,19,219,247,0,0,24,17,41,0,9,43,236,288,10,8,18,306
02/11/2003,LAW,OK,ASW,CE,Federal Contract Tower,0,8,15,187,210,0,0,0,21,21,0,8,15,208,231,12,16,28,259
02/12/2003,LAW,OK,ASW,CE,Federal Contract Tower,0,9,15,173,197,0,0,5,20,25,0,9,20,193,222,0,18,18,240
02/13/2003,LAW,OK,ASW,CE,Federal Contract Tower,0,2,2,14,18,0,6,0,0,6,0,8,2,14,24,0,0,0,24
02/14/2003,LAW,OK,ASW,CE,Federal Contract Tower,0,9,9,106,124,0,0,11,7,18,0,9,20,113,142,0,0,0,142
02/15/2003,LAW,OK,ASW,CE,Federal Contract Tower,0,0,1,1,2,1,7,1,0,9,1,7,2,1,11,0,0,0,11
02/16/2003,LAW,OK,ASW,CE,Federal Contract Tower,0,2,1,8,11,0,5,17,0,22,0,7,18,8,33,0,0,0,33
02/17/2003,LAW,OK,ASW,CE,Federal Contract Tower,0,3,1,7,11,0,5,18,0,23,0,8,19,7,34,0,0,0,34
02/18/2003,LAW,OK,ASW,CE,Federal Contract Tower,0,10,9,180,199,0,0,0,20,20,0,10,9,200,219,6,0,6,225
02/19/2003,LAW,OK,ASW,CE,Federal Contract Tower,0,9,5,134,148,0,0,0,16,16,0,9,5,150,164,0,0,0,164
02/20/2003,LAW,OK,ASW,CE,Federal Contract Tower,0,7,14,172,193,0,0,6,15,21,0,7,20,187,214,0,0,0,214
02/21/2003,LAW,OK,ASW,CE,Federal Contract Tower,0,2,1,7,10,2,5,5,0,12,2,7,6,7,22,0,0,0,22
02/22/2003,LAW,OK,ASW,CE,Federal Contract Tower,0,2,0,0,2,0,8,9,0,17,0,10,9,0,19,0,0,0,19
02/23/2003,LAW,OK,ASW,CE,Federal Contract Tower,0,0,0,0,0,0,8,3,0,11,0,8,3,0,11,0,0,0,11
02/24/2003,LAW,OK,ASW,CE,Federal Contract Tower,0,3,3,31,37,0,5,2,0,7,0,8,5,31,44,0,4,4,48
02/25/2003,LAW,OK,ASW,CE,Federal Contract Tower,0,3,1,20,24,0,1,3,0,4,0,4,4,20,28,0,0,0,28
02/26/2003,LAW,OK,ASW,CE,Federal Contract Tower,0,0,0,2,2,0,3,2,0,5,0,3,2,2,7,0,0,0,7
02/27/2003,LAW,OK,ASW,CE,Federal Contract Tower,0,8,7,98,113,0,0,0,3,3,0,8,7,101,116,0,0,0,116
02/28/2003,LAW,OK,ASW,CE,Federal Contract Tower,0,5,3,36,44,0,3,4,0,7,0,8,7,36,51,0,0,0,51
03/01/2003,LAW,OK,ASW,CE,Federal Contract Tower,0,1,0,0,1,0,8,10,0,18,0,9,10,0,19,0,0,0,19
03/02/2003,LAW,OK,ASW,CE,Federal Contract Tower,0,4,2,32,38,0,4,1,0,5,0,8,3,32,43,0,0,0,43
03/03/2003,LAW,OK,ASW,CE,Federal Contract Tower,0,9,10,115,134,0,0,11,0,11,0,9,21,115,145,0,8,8,153
03/04/2003,LAW,OK,ASW,CE,Federal Contract Tower,0,8,7,93,108,0,0,11,0,11,0,8,18,93,119,0,0,0,119
03/05/2003,LAW,OK,ASW,CE,Federal Contract Tower,0,8,12,145,165,0,0,2,8,10,0,8,14,153,175,0,0,0,175
03/06/2003,LAW,OK,ASW,CE,Federal Contract Tower,0,8,8,96,112,0,0,14,6,20,0,8,22,102,132,18,0,18,150
03/07/2003,LAW,OK,ASW,CE,Federal Contract Tower,0,8,13,154,175,0,0,4,15,19,0,8,17,169,194,0,0,0,194
03/08/2003,LAW,OK,ASW,CE,Federal Contract Tower,0,7,7,81,95,0,2,13,5,20,0,9,20,86,115,8,0,8,123
03/09/2003,LAW,OK,ASW,CE,Federal Contract Tower,0,1,1,0,2,0,6,21,0,27,0,7,22,0,29,0,0,0,29
03/10/2003,LAW,OK,ASW,CE,Federal Contract Tower,0,7,13,137,157,0,0,5,9,14,0,7,18,146,171,0,0,0,171
03/11/2003,LAW,OK,ASW,CE,Federal Contract Tower,0,9,13,152,174,0,0,0,14,14,0,9,13,166,188,6,0,6,194
03/12/2003,LAW,OK,ASW,CE,Federal Contract Tower,0,8,15,160,183,0,0,2,10,12,0,8,17,170,195,0,0,0,195
03/13/2003,LAW,OK,ASW,CE,Federal Contract Tower,0,8,8,170,186,0,0,0,18,18,0,8,8,188,204,0,0,0,204
03/14/2003,LAW,OK,ASW,CE,Federal Contract Tower,0,7,14,149,170,0,0,6,15,21,0,7,20,164,191,0,0,0,191
03/15/2003,LAW,OK,ASW,CE,Federal Contract Tower,0,1,2,0,3,0,7,21,0,28,0,8,23,0,31,0,0,0,31
03/16/2003,LAW,OK,ASW,CE,Federal Contract Tower,1,1,2,8,12,1,7,21,0,29,2,8,23,8,41,6,0,6,47
03/17/2003,LAW,OK,ASW,CE,Federal Contract Tower,0,7,8,93,108,0,0,0,4,4,0,7,8,97,112,0,0,0,112
03/18/2003,LAW,OK,ASW,CE,Federal Contract Tower,0,8,3,140,151,0,0,0,15,15,0,8,3,155,166,0,0,0,166
03/19/2003,LAW,OK,ASW,CE,Federal Contract Tower,0,9,10,99,118,0,1,13,0,14,0,10,23,99,132,0,14,14,146
03/20/2003,LAW,OK,ASW,CE,Federal Contract Tower,1,7,11,175,194,5,0,0,12,17,6,7,11,187,211,0,0,0,211
03/21/2003,LAW,OK,ASW,CE,Federal Contract Tower,0,8,12,128,148,3,0,23,0,26,3,8,35,128,174,12,20,32,206
03/22/2003,LAW,OK,ASW,CE,Federal Contract Tower,0,1,2,2,5,0,6,26,0,32,0,7,28,2,37,0,0,0,37
03/23/2003,LAW,OK,ASW,CE,Federal Contract Tower,0,2,2,13,17,2,5,40,0,47,2,7,42,13,64,18,0,18,82
03/24/2003,LAW,OK,ASW,CE,Federal Contract Tower,0,4,5,54,63,0,4,7,0,11,0,8,12,54,74,0,0,0,74
03/25/2003,LAW,OK,ASW,CE,Federal Contract Tower,0,8,4,119,131,0,0,0,3,3,0,8,4,122,134,0,0,0,134
03/26/2003,LAW,OK,ASW,CE,Federal Contract Tower,0,9,12,135,156,0,0,15,4,19,0,9,27,139,175,0,0,0,175
03/27/2003,LAW,OK,ASW,CE,Federal Contract Tower,0,8,4,93,105,0,2,0,4,6,0,10,4,97,111,0,0,0,111
03/28/2003,LAW,OK,ASW,CE,Federal Contract Tower,0,7,14,155,176,1,0,14,0,15,1,7,28,155,191,0,0,0,191
03/29/2003,LAW,OK,ASW,CE,Federal Contract Tower,0,2,3,0,5,3,7,42,0,52,3,9,45,0,57,0,0,0,57
03/30/2003,LAW,OK,ASW,CE,Federal Contract Tower,0,1,1,2,4,0,13,20,0,33,0,14,21,2,37,10,0,10,47
03/31/2003,LAW,OK,ASW,CE,Federal Contract Tower,0,7,8,87,102,0,1,11,0,12,0,8,19,87,114,0,0,0,114
04/01/2003,LAW,OK,ASW,CE,Federal Contract Tower,0,8,4,134,146,0,0,9,0,9,0,8,13,134,155,0,0,0,155
04/02/2003,LAW,OK,ASW,CE,Federal Contract Tower,0,8,7,155,170,0,0,14,0,14,0,8,21,155,184,0,0,0,184
04/03/2003,LAW,OK,ASW,CE,Federal Contract Tower,0,8,10,101,119,0,0,7,1,8,0,8,17,102,127,6,6,12,139
04/04/2003,LAW,OK,ASW,CE,Federal Contract Tower,1,8,18,136,163,0,0,12,0,12,1,8,30,136,175,6,0,6,181
04/05/2003,LAW,OK,ASW,CE,Federal Contract Tower,0,9,14,4,27,0,0,12,0,12,0,9,26,4,39,0,0,0,39
04/06/2003,LAW,OK,ASW,CE,Federal Contract Tower,0,5,8,1,14,0,0,5,0,5,0,5,13,1,19,0,0,0,19
04/07/2003,LAW,OK,ASW,CE,Federal Contract Tower,0,6,6,115,127,0,0,4,0,4,0,6,10,115,131,0,0,0,131
04/08/2003,LAW,OK,ASW,CE,Federal Contract Tower,0,7,3,106,116,0,0,2,0,2,0,7,5,106,118,0,0,0,118
04/09/2003,LAW,OK,ASW,CE,Federal Contract Tower,0,8,12,170,190,0,0,21,1,22,0,8,33,171,212,0,0,0,212
04/10/2003,LAW,OK,ASW,CE,Federal Contract Tower,0,6,20,119,145,0,0,18,0,18,0,6,38,119,163,12,20,32,195
04/11/2003,LAW,OK,ASW,CE,Federal Contract Tower,0,8,6,108,122,0,0,11,0,11,0,8,17,108,133,2,0,2,135
04/12/2003,LAW,OK,ASW,CE,Federal Contract Tower,5,8,4,0,17,0,0,10,0,10,5,8,14,0,27,0,0,0,27
04/13/2003,LAW,OK,ASW,CE,Federal Contract Tower,5,7,1,2,15,0,0,12,0,12,5,7,13,2,27,0,0,0,27
04/14/2003,LAW,OK,ASW,CE,Federal Contract Tower,0,6,6,114,126,0,0,14,0,14,0,6,20,114,140,14,0,14,154
04/15/2003,LAW,OK,ASW,CE,Federal Contract Tower,0,8,7,149,164,0,0,5,1,6,0,8,12,150,170,0,0,0,170
04/16/2003,LAW,OK,ASW,CE,Federal Contract Tower,0,9,3,28,40,0,0,7,0,7,0,9,10,28,47,0,0,0,47
04/17/2003,LAW,OK,ASW,CE,Federal Contract Tower,0,9,19,124,152,0,0,13,0,13,0,9,32,124,165,6,0,6,171
04/18/2003,LAW,OK,ASW,CE,Federal Contract Tower,0,7,6,51,64,0,0,4,0,4,0,7,10,51,68,0,0,0,68
04/19/2003,LAW,OK,ASW,CE,Federal Contract Tower,0,12,6,0,18,0,0,5,0,5,0,12,11,0,23,6,0,6,29
04/20/2003,LAW,OK,ASW,CE,Federal Contract Tower,0,6,2,0,8,0,0,8,0,8,0,6,10,0,16,8,0,8,24
04/21/2003,LAW,OK,ASW,CE,Federal Contract Tower,0,10,13,95,118,0,0,13,0,13,0,10,26,95,131,0,2,2,133
04/22/2003,LAW,OK,ASW,CE,Federal Contract Tower,0,8,5,82,95,0,0,6,0,6,0,8,11,82,101,0,0,0,101
04/23/2003,LAW,OK,ASW,CE,Federal Contract Tower,0,4,2,0,6,0,0,0,0,0,0,4,2,0,6,0,0,0,6
04/24/2003,LAW,OK,ASW,CE,Federal Contract Tower,0,9,13,50,72,0,0,7,0,7,0,9,20,50,79,0,0,0,79
04/25/2003,LAW,OK,ASW,CE,Federal Contract Tower,0,9,12,156,177,0,0,19,0,19,0,9,31,156,196,24,0,24,220
04/26/2003,LAW,OK,ASW,CE,Federal Contract Tower,0,9,1,0,10,0,0,16,0,16,0,9,17,0,26,0,0,0,26
04/27/2003,LAW,OK,ASW,CE,Federal Contract Tower,0,8,13,4,25,0,0,17,0,17,0,8,30,4,42,10,0,10,52
04/28/2003,LAW,OK,ASW,CE,Federal Contract Tower,0,8,3,72,83,0,0,8,0,8,0,8,11,72,91,4,0,4,95
04/29/2003,LAW,OK,ASW,CE,Federal Contract Tower,4,8,9,90,111,0,0,9,0,9,4,8,18,90,120,0,0,0,120
04/30/2003,LAW,OK,ASW,CE,Federal Contract Tower,0,8,6,77,91,0,0,10,1,11,0,8,16,78,102,0,0,0,102
05/01/2003,LAW,OK,ASW,CE,Federal Contract Tower,0,8,0,114,122,0,0,3,0,3,0,8,3,114,125,0,0,0,125
05/02/2003,LAW,OK,ASW,CE,Federal Contract Tower,0,8,14,159,181,0,0,4,0,4,0,8,18,159,185,0,0,0,185
05/03/2003,LAW,OK,ASW,CE,Federal Contract Tower,0,9,17,11,37,0,0,8,0,8,0,9,25,11,45,0,0,0,45
05/04/2003,LAW,OK,ASW,CE,Federal Contract Tower,0,8,14,0,22,0,0,3,0,3,0,8,17,0,25,0,0,0,25
05/05/2003,LAW,OK,ASW,CE,Federal Contract Tower,0,8,14,74,96,0,0,19,1,20,0,8,33,75,116,2,0,2,118
05/06/2003,LAW,OK,ASW,CE,Federal Contract Tower,0,9,20,80,109,0,0,10,0,10,0,9,30,80,119,2,0,2,121
05/07/2003,LAW,OK,ASW,CE,Federal Contract Tower,0,8,6,109,123,0,0,2,0,2,0,8,8,109,125,0,6,6,131
05/08/2003,LAW,OK,ASW,CE,Federal Contract Tower,0,8,5,129,142,0,0,2,0,2,0,8,7,129,144,0,8,8,152
05/09/2003,LAW,OK,ASW,CE,Federal Contract Tower,0,8,6,66,80,0,0,8,0,8,0,8,14,66,88,12,6,18,106
05/10/2003,LAW,OK,ASW,CE,Federal Contract Tower,0,8,7,0,15,0,0,9,0,9,0,8,16,0,24,0,0,0,24
05/11/2003,LAW,OK,ASW,CE,Federal Contract Tower,0,7,11,0,18,0,0,35,0,35,0,7,46,0,53,6,0,6,59
05/12/2003,LAW,OK,ASW,CE,Federal Contract Tower,0,9,15,114,138,0,0,23,0,23,0,9,38,114,161,18,0,18,179
05/13/2003,LAW,OK,ASW,CE,Federal Contract Tower,0,8,13,101,122,0,0,8,0,8,0,8,21,101,130,0,0,0,130
05/14/2003,LAW,OK,ASW,CE,Federal Contract Tower,0,8,8,78,94,0,0,5,0,5,0,8,13,78,99,0,0,0,99
05/15/2003,LAW,OK,ASW,CE,Federal Contract Tower,0,8,9,143,160,0,0,2,0,2,0,8,11,143,162,0,0,0,162
05/16/2003,LAW,OK,ASW,CE,Federal Contract Tower,0,9,3,47,59,0,0,9,1,10,0,9,12,48,69,0,0,0,69
05/17/2003,LAW,OK,ASW,CE,Federal Contract Tower,0,4,6,0,10,0,4,0,10,14,0,8,6,10,24,0,0,0,24
05/18/2003,LAW,OK,ASW,CE,Federal Contract Tower,0,8,9,13,30,0,0,9,0,9,0,8,18,13,39,6,4,10,49
05/19/2003,LAW,OK,ASW,CE,Federal Contract Tower,0,8,15,150,173,0,0,11,0,11,0,8,26,150,184,0,0,0,184
05/20/2003,LAW,OK,ASW,CE,Federal Contract Tower,0,9,21,62,92,0,0,0,0,0,0,9,21,62,92,0,0,0,92
05/21/2003,LAW,OK,ASW,CE,Federal Contract Tower,0,8,23,287,318,0,0,22,0,22,0,8,45,287,340,0,4,4,344
05/22/2003,LAW,OK,ASW,CE,Federal Contract Tower,0,11,20,167,198,0,0,10,0,10,0,11,30,167,208,0,0,0,208
05/23/2003,LAW,OK,ASW,CE,Federal Contract Tower,0,8,12,3,23,0,0,20,0,20,0,8,32,3,43,6,0,6,49
05/24/2003,LAW,OK,ASW,CE,Federal Contract Tower,0,7,14,0,21,0,0,10,0,10,0,7,24,0,31,20,0,20,51
05/25/2003,LAW,OK,ASW,CE,Federal Contract Tower,0,7,21,2,30,0,0,13,0,13,0,7,34,2,43,0,0,0,43
05/26/2003,LAW,OK,ASW,CE,Federal Contract Tower,0,8,11,8,27,0,0,12,0,12,0,8,23,8,39,10,0,10,49
05/27/2003,LAW,OK,ASW,CE,Federal Contract Tower,0,9,10,126,145,0,0,13,1,14,0,9,23,127,159,0,10,10,169
05/28/2003,LAW,OK,ASW,CE,Federal Contract Tower,0,9,9,86,104,0,0,9,0,9,0,9,18,86,113,0,0,0,113
05/29/2003,LAW,OK,ASW,CE,Federal Contract Tower,0,9,4,58,71,0,0,10,0,10,0,9,14,58,81,0,0,0,81
05/30/2003,LAW,OK,ASW,CE,Federal Contract Tower,0,9,5,10,24,0,0,10,0,10,0,9,15,10,34,14,0,14,48
05/31/2003,LAW,OK,ASW,CE,Federal Contract Tower,0,9,12,0,21,0,0,12,0,12,0,9,24,0,33,16,0,16,49
06/01/2003,LAW,OK,ASW,CE,Federal Contract Tower,2,9,11,0,22,0,0,10,0,10,2,9,21,0,32,0,8,8,40
06/02/2003,LAW,OK,ASW,CE,Federal Contract Tower,0,9,1,136,146,0,0,11,0,11,0,9,12,136,157,4,0,4,161
06/03/2003,LAW,OK,ASW,CE,Federal Contract Tower,2,9,5,138,154,0,0,8,1,9,2,9,13,139,163,4,0,4,167
06/04/2003,LAW,OK,ASW,CE,Federal Contract Tower,2,10,3,134,149,0,0,1,0,1,2,10,4,134,150,6,0,6,156
06/05/2003,LAW,OK,ASW,CE,Federal Contract Tower,0,10,11,54,75,0,0,2,0,2,0,10,13,54,77,0,0,0,77
06/06/2003,LAW,OK,ASW,CE,Federal Contract Tower,0,9,17,106,132,0,0,23,0,23,0,9,40,106,155,0,0,0,155
06/07/2003,LAW,OK,ASW,CE,Federal Contract Tower,12,10,18,2,42,0,0,13,0,13,12,10,31,2,55,4,0,4,59
06/08/2003,LAW,OK,ASW,CE,Federal Contract Tower,0,9,24,22,55,0,0,27,0,27,0,9,51,22,82,6,0,6,88
06/09/2003,LAW,OK,ASW,CE,Federal Contract Tower,0,9,13,56,78,0,0,23,0,23,0,9,36,56,101,6,0,6,107
06/10/2003,LAW,OK,ASW,CE,Federal Contract Tower,2,9,13,67,91,0,0,19,0,19,2,9,32,67,110,2,0,2,112
06/11/2003,LAW,OK,ASW,CE,Federal Contract Tower,2,10,18,28,58,0,0,9,0,9,2,10,27,28,67,0,0,0,67
06/12/2003,LAW,OK,ASW,CE,Federal Contract Tower,0,8,13,77,98,0,0,5,0,5,0,8,18,77,103,0,8,8,111
06/13/2003,LAW,OK,ASW,CE,Federal Contract Tower,0,9,27,8,44,0,0,16,0,16,0,9,43,8,60,16,0,16,76
06/14/2003,LAW,OK,ASW,CE,Federal Contract Tower,1,9,17,5,32,0,0,13,1,14,1,9,30,6,46,6,16,22,68
06/15/2003,LAW,OK,ASW,CE,Federal Contract Tower,4,9,19,2,34,0,0,33,5,38,4,9,52,7,72,8,0,8,80
06/16/2003,LAW,OK,ASW,CE,Federal Contract Tower,0,8,7,118,133,0,0,5,0,5,0,8,12,118,138,0,0,0,138
06/17/2003,LAW,OK,ASW,CE,Federal Contract Tower,2,11,2,128,143,0,0,5,0,5,2,11,7,128,148,12,0,12,160
06/18/2003,LAW,OK,ASW,CE,Federal Contract Tower,4,9,4,136,153,0,0,11,0,11,4,9,15,136,164,28,0,28,192
06/19/2003,LAW,OK,ASW,CE,Federal Contract Tower,0,9,9,121,139,0,0,11,0,11,0,9,20,121,150,10,12,22,172
06/20/2003,LAW,OK,ASW,CE,Federal Contract Tower,7,9,4,56,76,0,0,12,5,17,7,9,16,61,93,12,2,14,107
06/21/2003,LAW,OK,ASW,CE,Federal Contract Tower,5,9,11,2,27,0,0,10,0,10,5,9,21,2,37,30,0,30,67
06/22/2003,LAW,OK,ASW,CE,Federal Contract Tower,0,9,17,8,34,0,0,9,0,9,0,9,26,8,43,2,0,2,45
06/23/2003,LAW,OK,ASW,CE,Federal Contract Tower,0,9,14,119,142,0,0,9,0,9,0,9,23,119,151,0,2,2,153
06/24/2003,LAW,OK,ASW,CE,Federal Contract Tower,2,10,0,72,84,0,0,4,0,4,2,10,4,72,88,0,4,4,92
06/25/2003,LAW,OK,ASW,CE,Federal Contract Tower,0,9,3,62,74,0,0,7,0,7,0,9,10,62,81,8,0,8,89
06/26/2003,LAW,OK,ASW,CE,Federal Contract Tower,0,9,1,76,86,0,0,0,0,0,0,9,1,76,86,0,0,0,86
06/27/2003,LAW,OK,ASW,CE,Federal Contract Tower,0,9,14,30,53,0,0,13,2,15,0,9,27,32,68,0,0,0,68
06/28/2003,LAW,OK,ASW,CE,Federal Contract Tower,0,9,5,0,14,0,0,11,0,11,0,9,16,0,25,8,0,8,33
06/29/2003,LAW,OK,ASW,CE,Federal Contract Tower,0,10,6,2,18,0,0,4,0,4,0,10,10,2,22,0,0,0,22
06/30/2003,LAW,OK,ASW,CE,Federal Contract Tower,0,9,9,130,148,0,0,9,0,9,0,9,18,130,157,4,4,8,165
07/01/2003,LAW,OK,ASW,CE,Federal Contract Tower,0,9,2,89,100,0,0,5,0,5,0,9,7,89,105,0,6,6,111
07/02/2003,LAW,OK,ASW,CE,Federal Contract Tower,0,6,20,104,130,0,0,13,0,13,0,6,33,104,143,0,0,0,143
07/03/2003,LAW,OK,ASW,CE,Federal Contract Tower,0,7,1,0,8,0,0,11,2,13,0,7,12,2,21,0,4,4,25
07/04/2003,LAW,OK,ASW,CE,Federal Contract Tower,0,9,2,0,11,0,0,22,0,22,0,9,24,0,33,22,0,22,55
07/05/2003,LAW,OK,ASW,CE,Federal Contract Tower,0,8,13,0,21,0,0,8,0,8,0,8,21,0,29,4,0,4,33
07/06/2003,LAW,OK,ASW,CE,Federal Contract Tower,0,9,9,0,18,0,0,17,0,17,0,9,26,0,35,0,0,0,35
07/07/2003,LAW,OK,ASW,CE,Federal Contract Tower,0,8,0,112,120,0,0,12,0,12,0,8,12,112,132,10,6,16,148
07/08/2003,LAW,OK,ASW,CE,Federal Contract Tower,2,8,2,117,129,0,0,16,0,16,2,8,18,117,145,0,6,6,151
07/09/2003,LAW,OK,ASW,CE,Federal Contract Tower,0,7,19,94,120,0,0,19,0,19,0,7,38,94,139,0,0,0,139
07/10/2003,LAW,OK,ASW,CE,Federal Contract Tower,0,8,0,68,76,0,0,6,0,6,0,8,6,68,82,0,0,0,82
07/11/2003,LAW,OK,ASW,CE,Federal Contract Tower,0,10,5,118,133,0,0,11,0,11,0,10,16,118,144,14,0,14,158
07/12/2003,LAW,OK,ASW,CE,Federal Contract Tower,0,6,15,0,21,0,0,8,0,8,0,6,23,0,29,0,0,0,29
07/13/2003,LAW,OK,ASW,CE,Federal Contract Tower,0,7,19,9,35,0,0,9,0,9,0,7,28,9,44,0,2,2,46
07/14/2003,LAW,OK,ASW,CE,Federal Contract Tower,0,8,24,66,98,0,0,6,0,6,0,8,30,66,104,0,0,0,104
07/15/2003,LAW,OK,ASW,CE,Federal Contract Tower,0,8,7,142,157,0,0,14,0,14,0,8,21,142,171,0,12,12,183
07/16/2003,LAW,OK,ASW,CE,Federal Contract Tower,0,9,8,122,139,0,0,13,0,13,0,9,21,122,152,6,0,6,158
07/17/2003,LAW,OK,ASW,CE,Federal Contract Tower,0,10,5,116,131,0,0,3,0,3,0,10,8,116,134,0,6,6,140
07/18/2003,LAW,OK,ASW,CE,Federal Contract Tower,0,10,16,150,176,0,0,11,0,11,0,10,27,150,187,0,0,0,187
07/19/2003,LAW,OK,ASW,CE,Federal Contract Tower,0,8,14,0,22,0,0,5,0,5,0,8,19,0,27,0,0,0,27
07/20/2003,LAW,OK,ASW,CE,Federal Contract Tower,0,8,22,12,42,0,0,32,3,35,0,8,54,15,77,2,0,2,79
07/21/2003,LAW,OK,ASW,CE,Federal Contract Tower,1,7,24,134,166,0,0,9,4,13,1,7,33,138,179,4,0,4,183
07/22/2003,LAW,OK,ASW,CE,Federal Contract Tower,0,11,3,112,126,0,0,11,0,11,0,11,14,112,137,0,34,34,171
07/23/2003,LAW,OK,ASW,CE,Federal Contract Tower,0,8,6,159,173,0,0,13,0,13,0,8,19,159,186,24,0,24,210
07/24/2003,LAW,OK,ASW,CE,Federal Contract Tower,0,8,2,109,119,0,0,10,0,10,0,8,12,109,129,0,0,0,129
07/25/2003,LAW,OK,ASW,CE,Federal Contract Tower,0,10,3,120,133,0,0,16,0,16,0,10,19,120,149,0,0,0,149
07/26/2003,LAW,OK,ASW,CE,Federal Contract Tower,0,9,11,12,32,0,0,28,0,28,0,9,39,12,60,30,0,30,90
07/27/2003,LAW,OK,ASW,CE,Federal Contract Tower,0,8,3,2,13,0,0,18,1,19,0,8,21,3,32,26,4,30,62
07/28/2003,LAW,OK,ASW,CE,Federal Contract Tower,0,8,0,77,85,0,0,9,0,9,0,8,9,77,94,4,0,4,98
07/29/2003,LAW,OK,ASW,CE,Federal Contract Tower,0,10,3,104,117,0,0,0,0,0,0,10,3,104,117,0,0,0,117
07/30/2003,LAW,OK,ASW,CE,Federal Contract Tower,0,7,3,121,131,0,0,6,0,6,0,7,9,121,137,0,0,0,137
07/31/2003,LAW,OK,ASW,CE,Federal Contract Tower,0,7,5,149,161,0,0,5,0,5,0,7,10,149,166,0,0,0,166
08/01/2003,LAW,OK,ASW,CE,Federal Contract Tower,0,10,4,98,112,0,0,12,0,12,0,10,16,98,124,2,0,2,126
08/02/2003,LAW,OK,ASW,CE,Federal Contract Tower,0,9,8,10,27,0,0,11,0,11,0,9,19,10,38,16,0,16,54
08/03/2003,LAW,OK,ASW,CE,Federal Contract Tower,0,7,7,0,14,0,0,6,0,6,0,7,13,0,20,0,0,0,20
08/04/2003,LAW,OK,ASW,CE,Federal Contract Tower,0,13,0,90,103,0,0,14,0,14,0,13,14,90,117,6,0,6,123
08/05/2003,LAW,OK,ASW,CE,Federal Contract Tower,0,8,7,154,169,0,0,7,0,7,0,8,14,154,176,0,0,0,176
08/06/2003,LAW,OK,ASW,CE,Federal Contract Tower,0,8,4,199,211,0,0,12,0,12,0,8,16,199,223,10,0,10,233
08/07/2003,LAW,OK,ASW,CE,Federal Contract Tower,0,7,5,146,158,0,0,9,0,9,0,7,14,146,167,0,8,8,175
08/08/2003,LAW,OK,ASW,CE,Federal Contract Tower,0,12,6,154,172,0,0,9,0,9,0,12,15,154,181,4,0,4,185
08/09/2003,LAW,OK,ASW,CE,Federal Contract Tower,0,10,6,0,16,0,0,10,0,10,0,10,16,0,26,18,0,18,44
08/10/2003,LAW,OK,ASW,CE,Federal Contract Tower,0,10,19,0,29,0,0,16,0,16,0,10,35,0,45,6,0,6,51
08/11/2003,LAW,OK,ASW,CE,Federal Contract Tower,0,8,19,114,141,0,0,7,0,7,0,8,26,114,148,0,0,0,148
08/12/2003,LAW,OK,ASW,CE,Federal Contract Tower,0,9,0,203,212,0,0,18,0,18,0,9,18,203,230,0,8,8,238
08/13/2003,LAW,OK,ASW,CE,Federal Contract Tower,0,8,2,224,234,0,0,20,0,20,0,8,22,224,254,20,0,20,274
08/14/2003,LAW,OK,ASW,CE,Federal Contract Tower,0,8,2,253,263,0,0,21,0,21,0,8,23,253,284,32,18,50,334
08/15/2003,LAW,OK,ASW,CE,Federal Contract Tower,0,12,8,106,126,0,0,18,0,18,0,12,26,106,144,0,0,0,144
08/16/2003,LAW,OK,ASW,CE,Federal Contract Tower,0,9,19,2,30,0,0,9,0,9,0,9,28,2,39,8,0,8,47
08/17/2003,LAW,OK,ASW,CE,Federal Contract Tower,0,7,7,8,22,0,0,4,0,4,0,7,11,8,26,0,0,0,26
08/18/2003,LAW,OK,ASW,CE,Federal Contract Tower,0,7,20,166,193,0,0,10,0,10,0,7,30,166,203,0,0,0,203
08/19/2003,LAW,OK,ASW,CE,Federal Contract Tower,0,8,2,193,203,0,0,10,0,10,0,8,12,193,213,0,8,8,221
08/20/2003,LAW,OK,ASW,CE,Federal Contract Tower,0,8,13,128,149,0,0,18,3,21,0,8,31,131,170,8,4,12,182
08/21/2003,LAW,OK,ASW,CE,Federal Contract Tower,0,9,0,204,213,0,0,10,0,10,0,9,10,204,223,12,0,12,235
08/22/2003,LAW,OK,ASW,CE,Federal Contract Tower,0,12,10,219,241,0,0,9,0,9,0,12,19,219,250,0,0,0,250
08/23/2003,LAW,OK,ASW,CE,Federal Contract Tower,0,8,3,0,11,0,0,23,0,23,0,8,26,0,34,18,0,18,52
08/24/2003,LAW,OK,ASW,CE,Federal Contract Tower,0,8,10,1,19,0,0,8,1,9,0,8,18,2,28,20,0,20,48
08/25/2003,LAW,OK,ASW,CE,Federal Contract Tower,0,8,2,125,135,0,0,17,4,21,0,8,19,129,156,16,8,24,180
08/26/2003,LAW,OK,ASW,CE,Federal Contract Tower,0,5,8,144,157,0,0,18,1,19,0,5,26,145,176,0,2,2,178
08/27/2003,LAW,OK,ASW,CE,Federal Contract Tower,0,9,6,186,201,0,0,8,0,8,0,9,14,186,209,0,0,0,209
08/28/2003,LAW,OK,ASW,CE,Federal Contract Tower,0,8,10,188,206,0,0,24,0,24,0,8,34,188,230,20,0,20,250
08/29/2003,LAW,OK,ASW,CE,Federal Contract Tower,0,9,3,84,96,0,0,2,0,2,0,9,5,84,98,0,0,0,98
08/30/2003,LAW,OK,ASW,CE,Federal Contract Tower,0,5,2,0,7,0,0,0,0,0,0,5,2,0,7,0,0,0,7
08/31/2003,LAW,OK,ASW,CE,Federal Contract Tower,1,6,0,2,9,0,0,0,0,0,1,6,0,2,9,0,0,0,9
09/01/2003,LAW,OK,ASW,CE,Federal Contract Tower,0,7,6,2,15,0,0,6,2,8,0,7,12,4,23,0,0,0,23
09/02/2003,LAW,OK,ASW,CE,Federal Contract Tower,0,8,21,197,226,0,0,5,0,5,0,8,26,197,231,0,0,0,231
09/03/2003,LAW,OK,ASW,CE,Federal Contract Tower,0,9,6,211,226,0,0,9,0,9,0,9,15,211,235,0,0,0,235
09/04/2003,LAW,OK,ASW,CE,Federal Contract Tower,0,8,8,234,250,0,0,15,0,15,0,8,23,234,265,0,20,20,285
09/05/2003,LAW,OK,ASW,CE,Federal Contract Tower,0,10,6,145,161,0,6,9,1,16,0,16,15,146,177,10,4,14,191
09/06/2003,LAW,OK,ASW,CE,Federal Contract Tower,0,8,5,0,13,0,0,15,0,15,0,8,20,0,28,0,0,0,28
09/07/2003,LAW,OK,ASW,CE,Federal Contract Tower,0,8,6,12,26,0,0,17,3,20,0,8,23,15,46,0,8,8,54
09/08/2003,LAW,OK,ASW,CE,Federal Contract Tower,0,7,5,77,89,0,0,8,0,8,0,7,13,77,97,16,0,16,113
09/09/2003,LAW,OK,ASW,CE,Federal Contract Tower,0,7,9,197,213,0,0,5,0,5,0,7,14,197,218,0,12,12,230
09/10/2003,LAW,OK,ASW,CE,Federal Contract Tower,0,8,4,100,112,0,0,4,0,4,0,8,8,100,116,0,0,0,116
09/11/2003,LAW,OK,ASW,CE,Federal Contract Tower,0,2,4,28,34,0,0,0,0,0,0,2,4,28,34,0,0,0,34
09/12/2003,LAW,OK,ASW,CE,Federal Contract Tower,0,10,12,91,113,0,0,3,0,3,0,10,15,91,116,4,0,4,120
09/13/2003,LAW,OK,ASW,CE,Federal Contract Tower,0,8,15,0,23,0,0,8,0,8,0,8,23,0,31,0,0,0,31
09/14/2003,LAW,OK,ASW,CE,Federal Contract Tower,2,8,8,90,108,0,0,11,0,11,2,8,19,90,119,12,20,32,151
09/15/2003,LAW,OK,ASW,CE,Federal Contract Tower,0,8,12,170,190,0,0,8,0,8,0,8,20,170,198,0,0,0,198
09/16/2003,LAW,OK,ASW,CE,Federal Contract Tower,0,9,15,178,202,0,0,7,0,7,0,9,22,178,209,0,12,12,221
09/17/2003,LAW,OK,ASW,CE,Federal Contract Tower,0,9,4,284,297,0,0,13,0,13,0,9,17,284,310,0,0,0,310
09/18/2003,LAW,OK,ASW,CE,Federal Contract Tower,0,6,12,162,180,0,0,2,1,3,0,6,14,163,183,0,0,0,183
09/19/2003,LAW,OK,ASW,CE,Federal Contract Tower,0,10,6,160,176,0,0,20,0,20,0,10,26,160,196,10,2,12,208
09/20/2003,LAW,OK,ASW,CE,Federal Contract Tower,0,9,9,0,18,0,0,31,0,31,0,9,40,0,49,18,0,18,67
09/21/2003,LAW,OK,ASW,CE,Federal Contract Tower,0,7,7,0,14,0,0,2,0,2,0,7,9,0,16,8,0,8,24
09/22/2003,LAW,OK,ASW,CE,Federal Contract Tower,0,7,3,144,154,0,0,15,0,15,0,7,18,144,169,8,0,8,177
09/23/2003,LAW,OK,ASW,CE,Federal Contract Tower,0,8,14,159,181,0,0,11,0,11,0,8,25,159,192,18,0,18,210
09/24/2003,LAW,OK,ASW,CE,Federal Contract Tower,4,8,8,96,116,0,0,12,0,12,4,8,20,96,128,0,0,0,128
09/25/2003,LAW,OK,ASW,CE,Federal Contract Tower,2,8,16,128,154,0,0,25,0,25,2,8,41,128,179,12,0,12,191
09/26/2003,LAW,OK,ASW,CE,Federal Contract Tower,0,10,4,27,41,0,0,16,0,16,0,10,20,27,57,0,0,0,57
09/27/2003,LAW,OK,ASW,CE,Federal Contract Tower,0,8,10,0,18,0,0,15,0,15,0,8,25,0,33,16,0,16,49
09/28/2003,LAW,OK,ASW,CE,Federal Contract Tower,0,8,4,0,12,0,0,13,0,13,0,8,17,0,25,6,0,6,31
09/29/2003,LAW,OK,ASW,CE,Federal Contract Tower,0,7,4,1,12,0,0,18,1,19,0,7,22,2,31,0,0,0,31
09/30/2003,LAW,OK,ASW,CE,Federal Contract Tower,0,8,7,0,15,0,0,14,0,14,0,8,21,0,29,0,0,0,29
10/01/2003,LAW,OK,ASW,CE,Federal Contract Tower,0,7,3,95,105,0,0,5,0,5,0,7,8,95,110,0,0,0,110
10/02/2003,LAW,OK,ASW,CE,Federal Contract Tower,0,8,5,118,131,0,0,9,0,9,0,8,14,118,140,0,0,0,140
10/03/2003,LAW,OK,ASW,CE,Federal Contract Tower,0,12,0,90,102,0,0,10,0,10,0,12,10,90,112,0,0,0,112
10/04/2003,LAW,OK,ASW,CE,Federal Contract Tower,0,8,3,0,11,0,0,11,0,11,0,8,14,0,22,18,0,18,40
10/05/2003,LAW,OK,ASW,CE,Federal Contract Tower,0,7,13,1,21,0,0,13,0,13,0,7,26,1,34,0,0,0,34
10/06/2003,LAW,OK,ASW,CE,Federal Contract Tower,0,8,5,149,162,0,0,2,0,2,0,8,7,149,164,0,0,0,164
10/07/2003,LAW,OK,ASW,CE,Federal Contract Tower,0,9,9,72,90,0,0,9,0,9,0,9,18,72,99,0,0,0,99
10/08/2003,LAW,OK,ASW,CE,Federal Contract Tower,2,8,13,118,141,0,0,11,0,11,2,8,24,118,152,0,0,0,152
10/09/2003,LAW,OK,ASW,CE,Federal Contract Tower,0,10,20,172,202,0,0,11,1,12,0,10,31,173,214,0,42,42,256
10/10/2003,LAW,OK,ASW,CE,Federal Contract Tower,0,12,9,134,155,0,0,10,0,10,0,12,19,134,165,4,0,4,169
10/11/2003,LAW,OK,ASW,CE,Federal Contract Tower,0,8,8,0,16,0,0,13,0,13,0,8,21,0,29,0,0,0,29
10/12/2003,LAW,OK,ASW,CE,Federal Contract Tower,0,8,11,34,53,0,0,17,0,17,0,8,28,34,70,8,0,8,78
10/13/2003,LAW,OK,ASW,CE,Federal Contract Tower,0,8,3,9,20,0,0,12,0,12,0,8,15,9,32,0,0,0,32
10/14/2003,LAW,OK,ASW,CE,Federal Contract Tower,0,8,12,63,83,0,0,9,0,9,0,8,21,63,92,0,2,2,94
10/15/2003,LAW,OK,ASW,CE,Federal Contract Tower,0,13,14,150,177,0,0,7,0,7,0,13,21,150,184,0,4,4,188
10/16/2003,LAW,OK,ASW,CE,Federal Contract Tower,2,8,7,265,282,0,0,13,8,21,2,8,20,273,303,8,30,38,341
10/17/2003,LAW,OK,ASW,CE,Federal Contract Tower,2,8,3,163,176,0,0,12,0,12,2,8,15,163,188,0,56,56,244
10/18/2003,LAW,OK,ASW,CE,Federal Contract Tower,0,7,3,0,10,0,0,22,0,22,0,7,25,0,32,0,0,0,32
10/19/2003,LAW,OK,ASW,CE,Federal Contract Tower,0,8,4,6,18,0,0,14,0,14,0,8,18,6,32,0,0,0,32
10/20/2003,LAW,OK,ASW,CE,Federal Contract Tower,0,8,12,227,247,0,0,11,0,11,0,8,23,227,258,0,0,0,258
10/21/2003,LAW,OK,ASW,CE,Federal Contract Tower,0,9,8,328,345,0,0,11,0,11,0,9,19,328,356,0,20,20,376
10/22/2003,LAW,OK,ASW,CE,Federal Contract Tower,0,8,5,302,315,0,0,8,0,8,0,8,13,302,323,6,0,6,329
10/23/2003,LAW,OK,ASW,CE,Federal Contract Tower,0,8,4,220,232,0,0,18,0,18,0,8,22,220,250,0,0,0,250
10/24/2003,LAW,OK,ASW,CE,Federal Contract Tower,0,12,10,133,155,0,0,19,3,22,0,12,29,136,177,22,20,42,219
10/25/2003,LAW,OK,ASW,CE,Federal Contract Tower,0,7,4,0,11,0,0,10,0,10,0,7,14,0,21,0,0,0,21
10/26/2003,LAW,OK,ASW,CE,Federal Contract Tower,0,7,2,24,33,0,0,28,0,28,0,7,30,24,61,42,0,42,103
10/27/2003,LAW,OK,ASW,CE,Federal Contract Tower,0,7,8,220,235,0,0,5,0,5,0,7,13,220,240,0,0,0,240
10/28/2003,LAW,OK,ASW,CE,Federal Contract Tower,0,8,6,236,250,0,0,9,0,9,0,8,15,236,259,0,0,0,259
10/29/2003,LAW,OK,ASW,CE,Federal Contract Tower,2,8,8,158,176,0,0,14,0,14,2,8,22,158,190,0,0,0,190
10/30/2003,LAW,OK,ASW,CE,Federal Contract Tower,0,8,1,149,158,0,0,8,7,15,0,8,9,156,173,0,0,0,173
10/31/2003,LAW,OK,ASW,CE,Federal Contract Tower,0,12,29,238,279,0,0,5,0,5,0,12,34,238,284,0,0,0,284
11/01/2003,LAW,OK,ASW,CE,Federal Contract Tower,0,10,8,0,18,0,0,0,0,0,0,10,8,0,18,0,0,0,18
11/02/2003,LAW,OK,ASW,CE,Federal Contract Tower,0,9,1,0,10,0,0,2,0,2,0,9,3,0,12,0,0,0,12
11/03/2003,LAW,OK,ASW,CE,Federal Contract Tower,0,9,3,213,225,0,0,2,0,2,0,9,5,213,227,0,0,0,227
11/04/2003,LAW,OK,ASW,CE,Federal Contract Tower,0,9,9,270,288,0,0,10,0,10,0,9,19,270,298,8,0,8,306
11/05/2003,LAW,OK,ASW,CE,Federal Contract Tower,0,8,21,141,170,0,0,2,0,2,0,8,23,141,172,0,8,8,180
11/06/2003,LAW,OK,ASW,CE,Federal Contract Tower,0,8,20,192,220,0,0,4,0,4,0,8,24,192,224,0,0,0,224
11/07/2003,LAW,OK,ASW,CE,Federal Contract Tower,0,12,7,323,342,0,0,2,0,2,0,12,9,323,344,0,0,0,344
11/08/2003,LAW,OK,ASW,CE,Federal Contract Tower,0,8,5,0,13,0,0,0,0,0,0,8,5,0,13,0,0,0,13
11/09/2003,LAW,OK,ASW,CE,Federal Contract Tower,0,6,9,5,20,0,0,0,0,0,0,6,9,5,20,0,0,0,20
11/10/2003,LAW,OK,ASW,CE,Federal Contract Tower,0,8,5,150,163,0,0,2,0,2,0,8,7,150,165,10,10,20,185
11/11/2003,LAW,OK,ASW,CE,Federal Contract Tower,0,8,17,4,29,0,0,11,2,13,0,8,28,6,42,0,0,0,42
11/12/2003,LAW,OK,ASW,CE,Federal Contract Tower,0,7,13,104,124,0,0,21,0,21,0,7,34,104,145,0,0,0,145
11/13/2003,LAW,OK,ASW,CE,Federal Contract Tower,0,9,7,357,373,0,0,8,1,9,0,9,15,358,382,0,4,4,386
11/14/2003,LAW,OK,ASW,CE,Federal Contract Tower,0,11,16,198,225,0,0,0,0,0,0,11,16,198,225,0,0,0,225
11/15/2003,LAW,OK,ASW,CE,Federal Contract Tower,0,8,13,0,21,0,0,13,0,13,0,8,26,0,34,10,0,10,44
11/16/2003,LAW,OK,ASW,CE,Federal Contract Tower,1,8,4,2,15,0,0,13,0,13,1,8,17,2,28,6,0,6,34
11/17/2003,LAW,OK,ASW,CE,Federal Contract Tower,1,5,1,46,53,0,0,4,0,4,1,5,5,46,57,0,0,0,57
11/18/2003,LAW,OK,ASW,CE,Federal Contract Tower,0,8,4,49,61,0,0,4,2,6,0,8,8,51,67,0,0,0,67
11/19/2003,LAW,OK,ASW,CE,Federal Contract Tower,0,9,13,193,215,0,0,9,1,10,0,9,22,194,225,6,6,12,237
11/20/2003,LAW,OK,ASW,CE,Federal Contract Tower,0,9,29,170,208,0,0,15,0,15,0,9,44,170,223,0,0,0,223
11/21/2003,LAW,OK,ASW,CE,Federal Contract Tower,0,8,8,126,142,0,0,15,0,15,0,8,23,126,157,18,0,18,175
11/22/2003,LAW,OK,ASW,CE,Federal Contract Tower,1,7,10,2,20,0,0,4,0,4,1,7,14,2,24,0,0,0,24
11/23/2003,LAW,OK,ASW,CE,Federal Contract Tower,1,8,11,8,28,0,0,3,0,3,1,8,14,8,31,0,0,0,31
11/24/2003,LAW,OK,ASW,CE,Federal Contract Tower,0,8,11,136,155,0,0,19,2,21,0,8,30,138,176,36,12,48,224
11/25/2003,LAW,OK,ASW,CE,Federal Contract Tower,0,8,5,59,72,0,0,6,0,6,0,8,11,59,78,0,0,0,78
11/26/2003,LAW,OK,ASW,CE,Federal Contract Tower,0,9,31,202,242,0,0,8,0,8,0,9,39,202,250,0,0,0,250
11/27/2003,LAW,OK,ASW,CE,Federal Contract Tower,0,6,1,0,7,0,0,3,0,3,0,6,4,0,10,0,0,0,10
11/28/2003,LAW,OK,ASW,CE,Federal Contract Tower,0,6,5,0,11,0,0,30,0,30,0,6,35,0,41,0,0,0,41
11/29/2003,LAW,OK,ASW,CE,Federal Contract Tower,0,7,9,0,16,0,0,4,0,4,0,7,13,0,20,0,0,0,20
11/30/2003,LAW,OK,ASW,CE,Federal Contract Tower,2,7,11,0,20,0,0,25,0,25,2,7,36,0,45,2,0,2,47
12/01/2003,LAW,OK,ASW,CE,Federal Contract Tower,0,9,6,220,235,0,0,8,0,8,0,9,14,220,243,0,0,0,243
12/02/2003,LAW,OK,ASW,CE,Federal Contract Tower,0,9,12,243,264,0,0,5,0,5,0,9,17,243,269,0,0,0,269
12/03/2003,LAW,OK,ASW,CE,Federal Contract Tower,0,7,21,190,218,0,0,3,0,3,0,7,24,190,221,0,0,0,221
12/04/2003,LAW,OK,ASW,CE,Federal Contract Tower,0,7,5,202,214,0,0,8,0,8,0,7,13,202,222,10,0,10,232
12/05/2003,LAW,OK,ASW,CE,Federal Contract Tower,0,11,7,200,218,0,0,11,0,11,0,11,18,200,229,6,0,6,235
12/06/2003,LAW,OK,ASW,CE,Federal Contract Tower,0,8,3,0,11,0,0,15,0,15,0,8,18,0,26,16,0,16,42
12/07/2003,LAW,OK,ASW,CE,Federal Contract Tower,0,7,11,0,18,0,0,6,0,6,0,7,17,0,24,2,0,2,26
12/08/2003,LAW,OK,ASW,CE,Federal Contract Tower,0,9,4,280,293,0,0,10,0,10,0,9,14,280,303,10,0,10,313
12/09/2003,LAW,OK,ASW,CE,Federal Contract Tower,2,7,4,12,25,0,0,1,0,1,2,7,5,12,26,0,0,0,26
12/10/2003,LAW,OK,ASW,CE,Federal Contract Tower,2,9,23,336,370,0,0,13,0,13,2,9,36,336,383,0,0,0,383
12/11/2003,LAW,OK,ASW,CE,Federal Contract Tower,3,8,4,132,147,0,0,20,0,20,3,8,24,132,167,10,0,10,177
12/12/2003,LAW,OK,ASW,CE,Federal Contract Tower,0,7,1,74,82,0,0,2,0,2,0,7,3,74,84,0,0,0,84
12/13/2003,LAW,OK,ASW,CE,Federal Contract Tower,2,7,6,0,15,0,0,15,0,15,2,7,21,0,30,22,0,22,52
12/14/2003,LAW,OK,ASW,CE,Federal Contract Tower,0,7,4,28,39,0,0,18,0,18,0,7,22,28,57,18,6,24,81
12/15/2003,LAW,OK,ASW,CE,Federal Contract Tower,0,10,16,52,78,0,0,2,0,2,0,10,18,52,80,6,46,52,132
12/16/2003,LAW,OK,ASW,CE,Federal Contract Tower,0,11,16,220,247,0,0,10,1,11,0,11,26,221,258,0,0,0,258
12/17/2003,LAW,OK,ASW,CE,Federal Contract Tower,0,7,17,156,180,0,0,19,0,19,0,7,36,156,199,10,0,10,209
12/18/2003,LAW,OK,ASW,CE,Federal Contract Tower,0,7,13,260,280,0,0,14,0,14,0,7,27,260,294,24,4,28,322
12/19/2003,LAW,OK,ASW,CE,Federal Contract Tower,0,12,22,156,190,0,0,6,0,6,0,12,28,156,196,4,12,16,212
12/20/2003,LAW,OK,ASW,CE,Federal Contract Tower,0,11,7,0,18,0,0,14,2,16,0,11,21,2,34,20,0,20,54
12/21/2003,LAW,OK,ASW,CE,Federal Contract Tower,0,7,2,7,16,0,0,14,0,14,0,7,16,7,30,14,0,14,44
12/22/2003,LAW,OK,ASW,CE,Federal Contract Tower,0,7,6,124,137,0,0,1,0,1,0,7,7,124,138,0,30,30,168
12/23/2003,LAW,OK,ASW,CE,Federal Contract Tower,0,7,9,3,19,0,0,21,0,21,0,7,30,3,40,20,0,20,60
12/24/2003,LAW,OK,ASW,CE,Federal Contract Tower,0,6,0,0,6,0,0,20,0,20,0,6,20,0,26,16,0,16,42
12/25/2003,LAW,OK,ASW,CE,Federal Contract Tower,0,4,0,0,4,0,0,16,0,16,0,4,16,0,20,10,0,10,30
12/26/2003,LAW,OK,ASW,CE,Federal Contract Tower,0,8,14,0,22,0,0,22,0,22,0,8,36,0,44,0,0,0,44
12/27/2003,LAW,OK,ASW,CE,Federal Contract Tower,6,8,10,0,24,0,0,13,0,13,6,8,23,0,37,14,0,14,51
12/28/2003,LAW,OK,ASW,CE,Federal Contract Tower,0,7,30,0,37,0,0,36,0,36,0,7,66,0,73,28,0,28,101
12/29/2003,LAW,OK,ASW,CE,Federal Contract Tower,0,8,35,0,43,0,0,34,0,34,0,8,69,0,77,8,0,8,85
12/30/2003,LAW,OK,ASW,CE,Federal Contract Tower,0,8,19,0,27,0,0,34,0,34,0,8,53,0,61,18,0,18,79
12/31/2003,LAW,OK,ASW,CE,Federal Contract Tower,0,5,43,0,48,0,0,5,0,5,0,5,48,0,53,6,0,6,59
01/01/2004,LAW,OK,ASW,CE,Federal Contract Tower,0,6,11,0,17,0,0,2,0,2,0,6,13,0,19,0,0,0,19
01/02/2004,LAW,OK,ASW,CE,Federal Contract Tower,0,8,2,0,10,0,0,20,8,28,0,8,22,8,38,0,0,0,38
01/03/2004,LAW,OK,ASW,CE,Federal Contract Tower,0,7,10,0,17,0,0,12,0,12,0,7,22,0,29,10,0,10,39
01/04/2004,LAW,OK,ASW,CE,Federal Contract Tower,0,7,21,0,28,0,0,2,0,2,0,7,23,0,30,0,0,0,30
01/05/2004,LAW,OK,ASW,CE,Federal Contract Tower,0,9,7,182,198,0,0,10,0,10,0,9,17,182,208,0,6,6,214
01/06/2004,LAW,OK,ASW,CE,Federal Contract Tower,2,8,0,234,244,0,0,7,2,9,2,8,7,236,253,0,4,4,257
01/07/2004,LAW,OK,ASW,CE,Federal Contract Tower,0,7,12,195,214,0,0,8,0,8,0,7,20,195,222,0,0,0,222
01/08/2004,LAW,OK,ASW,CE,Federal Contract Tower,0,7,6,258,271,0,0,18,0,18,0,7,24,258,289,0,0,0,289
01/09/2004,LAW,OK,ASW,CE,Federal Contract Tower,0,7,3,228,238,0,0,19,0,19,0,7,22,228,257,30,0,30,287
01/10/2004,LAW,OK,ASW,CE,Federal Contract Tower,0,7,6,2,15,0,0,28,0,28,0,7,34,2,43,6,0,6,49
01/11/2004,LAW,OK,ASW,CE,Federal Contract Tower,0,7,6,13,26,0,0,22,0,22,0,7,28,13,48,24,0,24,72
01/12/2004,LAW,OK,ASW,CE,Federal Contract Tower,0,8,6,218,232,0,0,3,0,3,0,8,9,218,235,0,0,0,235
01/13/2004,LAW,OK,ASW,CE,Federal Contract Tower,0,7,12,270,289,0,0,4,0,4,0,7,16,270,293,0,12,12,305
01/14/2004,LAW,OK,ASW,CE,Federal Contract Tower,0,4,2,125,131,0,0,2,0,2,0,4,4,125,133,0,0,0,133
01/15/2004,LAW,OK,ASW,CE,Federal Contract Tower,0,8,3,306,317,0,0,15,0,15,0,8,18,306,332,12,8,20,352
01/16/2004,LAW,OK,ASW,CE,Federal Contract Tower,0,4,2,1,7,0,0,0,0,0,0,4,2,1,7,0,0,0,7
01/17/2004,LAW,OK,ASW,CE,Federal Contract Tower,0,9,4,16,29,0,0,4,0,4,0,9,8,16,33,0,0,0,33
01/18/2004,LAW,OK,ASW,CE,Federal Contract Tower,0,7,6,0,13,0,0,13,0,13,0,7,19,0,26,0,0,0,26
01/19/2004,LAW,OK,ASW,CE,Federal Contract Tower,0,7,22,0,29,0,0,20,0,20,0,7,42,0,49,12,0,12,61
01/20/2004,LAW,OK,ASW,CE,Federal Contract Tower,0,9,1,286,296,0,0,6,0,6,0,9,7,286,302,2,0,2,304
01/21/2004,LAW,OK,ASW,CE,Federal Contract Tower,0,8,0,374,382,0,0,7,0,7,0,8,7,374,389,0,0,0,389
01/22/2004,LAW,OK,ASW,CE,Federal Contract Tower,0,7,6,251,264,0,0,25,0,25,0,7,31,251,289,12,0,12,301
01/23/2004,LAW,OK,ASW,CE,Federal Contract Tower,0,9,5,160,174,0,0,17,0,17,0,9,22,160,191,30,0,30,221
01/24/2004,LAW,OK,ASW,CE,Federal Contract Tower,0,6,9,136,151,0,0,8,0,8,0,6,17,136,159,12,0,12,171
01/25/2004,LAW,OK,ASW,CE,Federal Contract Tower,0,7,9,6,22,0,0,11,0,11,0,7,20,6,33,2,0,2,35
01/26/2004,LAW,OK,ASW,CE,Federal Contract Tower,0,7,0,164,171,0,0,0,0,0,0,7,0,164,171,0,0,0,171
01/27/2004,LAW,OK,ASW,CE,Federal Contract Tower,0,7,18,276,301,0,0,23,0,23,0,7,41,276,324,16,0,16,340
01/28/2004,LAW,OK,ASW,CE,Federal Contract Tower,2,7,2,220,231,0,0,9,0,9,2,7,11,220,240,0,0,0,240
01/29/2004,LAW,OK,ASW,CE,Federal Contract Tower,2,10,8,264,284,0,0,6,0,6,2,10,14,264,290,10,0,10,300
01/30/2004,LAW,OK,ASW,CE,Federal Contract Tower,0,9,9,122,140,0,0,13,0,13,0,9,22,122,153,0,0,0,153
01/31/2004,LAW,OK,ASW,CE,Federal Contract Tower,0,7,20,2,29,0,0,1,0,1,0,7,21,2,30,0,0,0,30
02/01/2004,LAW,OK,ASW,CE,Federal Contract Tower,0,1,1,0,2,0,7,9,0,16,0,8,10,0,18,0,0,0,18
02/02/2004,LAW,OK,ASW,CE,Federal Contract Tower,0,8,11,212,231,0,0,0,34,34,0,8,11,246,265,0,0,0,265
02/03/2004,LAW,OK,ASW,CE,Federal Contract Tower,0,8,24,203,235,0,0,36,0,36,0,8,60,203,271,16,0,16,287
02/04/2004,LAW,OK,ASW,CE,Federal Contract Tower,0,0,0,2,2,0,7,1,0,8,0,7,1,2,10,0,0,0,10
02/05/2004,LAW,OK,ASW,CE,Federal Contract Tower,0,5,6,49,60,0,2,2,0,4,0,7,8,49,64,0,0,0,64
02/06/2004,LAW,OK,ASW,CE,Federal Contract Tower,0,8,25,286,319,0,0,0,26,26,0,8,25,312,345,4,20,24,369
02/07/2004,LAW,OK,ASW,CE,Federal Contract Tower,0,3,4,6,13,0,7,66,0,73,0,10,70,6,86,14,0,14,100
02/08/2004,LAW,OK,ASW,CE,Federal Contract Tower,0,3,4,10,17,0,5,30,0,35,0,8,34,10,52,0,0,0,52
02/09/2004,LAW,OK,ASW,CE,Federal Contract Tower,0,3,4,16,23,0,4,20,0,24,0,7,24,16,47,8,0,8,55
02/10/2004,LAW,OK,ASW,CE,Federal Contract Tower,0,7,24,262,293,0,0,0,32,32,0,7,24,294,325,6,16,22,347
02/11/2004,LAW,OK,ASW,CE,Federal Contract Tower,0,7,6,221,234,0,0,0,31,31,0,7,6,252,265,16,0,16,281
02/12/2004,LAW,OK,ASW,CE,Federal Contract Tower,0,7,21,197,225,0,0,0,25,25,0,7,21,222,250,28,20,48,298
02/13/2004,LAW,OK,ASW,CE,Federal Contract Tower,0,8,11,98,117,0,2,20,2,24,0,10,31,100,141,32,8,40,181
02/14/2004,LAW,OK,ASW,CE,Federal Contract Tower,0,1,0,0,1,0,6,3,0,9,0,7,3,0,10,0,0,0,10
02/15/2004,LAW,OK,ASW,CE,Federal Contract Tower,0,2,3,4,9,0,6,24,0,30,0,8,27,4,39,8,0,8,47
02/16/2004,LAW,OK,ASW,CE,Federal Contract Tower,0,1,4,12,17,0,6,25,0,31,0,7,29,12,48,64,0,64,112
02/17/2004,LAW,OK,ASW,CE,Federal Contract Tower,0,7,18,163,188,0,0,2,15,17,0,7,20,178,205,72,0,72,277
02/18/2004,LAW,OK,ASW,CE,Federal Contract Tower,0,7,14,126,147,0,0,8,13,21,0,7,22,139,168,36,4,40,208
02/19/2004,LAW,OK,ASW,CE,Federal Contract Tower,0,8,11,107,126,0,0,10,3,13,0,8,21,110,139,0,4,4,143
02/20/2004,LAW,OK,ASW,CE,Federal Contract Tower,0,8,13,117,138,0,0,1,11,12,0,8,14,128,150,14,0,14,164
02/21/2004,LAW,OK,ASW,CE,Federal Contract Tower,0,0,2,2,4,2,0,38,0,40,2,0,40,2,44,24,0,24,68
02/22/2004,LAW,OK,ASW,CE,Federal Contract Tower,0,2,5,28,35,1,8,22,0,31,1,10,27,28,66,52,8,60,126
02/23/2004,LAW,OK,ASW,CE,Federal Contract Tower,0,3,6,46,55,0,3,2,0,5,0,6,8,46,60,0,0,0,60
02/24/2004,LAW,OK,ASW,CE,Federal Contract Tower,0,0,1,0,1,0,6,5,0,11,0,6,6,0,12,0,0,0,12
02/25/2004,LAW,OK,ASW,CE,Federal Contract Tower,0,8,9,230,247,0,0,0,32,32,0,8,9,262,279,22,10,32,311
02/26/2004,LAW,OK,ASW,CE,Federal Contract Tower,0,8,23,214,245,0,0,21,7,28,0,8,44,221,273,0,8,8,281
02/27/2004,LAW,OK,ASW,CE,Federal Contract Tower,0,8,16,148,172,1,0,5,7,13,1,8,21,155,185,14,0,14,199
02/28/2004,LAW,OK,ASW,CE,Federal Contract Tower,0,1,1,0,2,0,7,24,0,31,0,8,25,0,33,46,0,46,79
02/29/2004,LAW,OK,ASW,CE,Federal Contract Tower,0,1,2,5,8,0,7,7,0,14,0,8,9,5,22,0,0,0,22
03/01/2004,LAW,OK,ASW,CE,Federal Contract Tower,0,7,16,254,277,0,0,5,26,31,0,7,21,280,308,0,0,0,308
03/02/2004,LAW,OK,ASW,CE,Federal Contract Tower,0,10,10,246,266,0,0,0,22,22,0,10,10,268,288,0,0,0,288
03/03/2004,LAW,OK,ASW,CE,Federal Contract Tower,0,0,0,0,0,0,10,3,0,13,0,10,3,0,13,0,0,0,13
03/04/2004,LAW,OK,ASW,CE,Federal Contract Tower,0,1,2,22,25,0,6,6,0,12,0,7,8,22,37,0,0,0,37
03/05/2004,LAW,OK,ASW,CE,Federal Contract Tower,0,11,11,172,194,0,0,24,0,24,0,11,35,172,218,16,4,20,238
03/06/2004,LAW,OK,ASW,CE,Federal Contract Tower,0,0,0,0,0,0,7,44,0,51,0,7,44,0,51,32,0,32,83
03/07/2004,LAW,OK,ASW,CE,Federal Contract Tower,0,1,1,4,6,0,9,50,0,59,0,10,51,4,65,16,0,16,81
03/08/2004,LAW,OK,ASW,CE,Federal Contract Tower,0,9,15,239,263,0,0,13,13,26,0,9,28,252,289,10,0,10,299
03/09/2004,LAW,OK,ASW,CE,Federal Contract Tower,0,10,19,296,325,0,0,19,22,41,0,10,38,318,366,12,14,26,392
03/10/2004,LAW,OK,ASW,CE,Federal Contract Tower,0,9,11,174,194,0,0,24,0,24,0,9,35,174,218,0,0,0,218
03/11/2004,LAW,OK,ASW,CE,Federal Contract Tower,0,8,10,141,159,0,0,42,0,42,0,8,52,141,201,0,22,22,223
03/12/2004,LAW,OK,ASW,CE,Federal Contract Tower,0,11,11,175,197,0,0,37,3,40,0,11,48,178,237,8,8,16,253
03/13/2004,LAW,OK,ASW,CE,Federal Contract Tower,0,1,0,0,1,0,6,6,0,12,0,7,6,0,13,0,0,0,13
03/14/2004,LAW,OK,ASW,CE,Federal Contract Tower,0,2,1,0,3,2,7,39,0,48,2,9,40,0,51,16,0,16,67
03/15/2004,LAW,OK,ASW,CE,Federal Contract Tower,0,11,13,214,238,0,0,11,8,19,0,11,24,222,257,0,0,0,257
03/16/2004,LAW,OK,ASW,CE,Federal Contract Tower,0,9,11,182,202,0,0,26,10,36,0,9,37,192,238,40,12,52,290
03/17/2004,LAW,OK,ASW,CE,Federal Contract Tower,0,6,6,90,102,0,3,12,0,15,0,9,18,90,117,16,0,16,133
03/18/2004,LAW,OK,ASW,CE,Federal Contract Tower,0,9,14,224,247,1,0,22,17,40,1,9,36,241,287,12,26,38,325
03/19/2004,LAW,OK,ASW,CE,Federal Contract Tower,0,12,15,226,253,0,0,11,2,13,0,12,26,228,266,0,32,32,298
03/20/2004,LAW,OK,ASW,CE,Federal Contract Tower,0,3,3,42,48,0,5,30,0,35,0,8,33,42,83,10,0,10,93
03/21/2004,LAW,OK,ASW,CE,Federal Contract Tower,0,0,1,4,5,0,7,35,0,42,0,7,36,4,47,24,0,24,71
03/22/2004,LAW,OK,ASW,CE,Federal Contract Tower,0,6,7,94,107,0,3,23,0,26,0,9,30,94,133,6,0,6,139
03/23/2004,LAW,OK,ASW,CE,Federal Contract Tower,0,9,10,148,167,3,4,10,0,17,3,13,20,148,184,0,0,0,184
03/24/2004,LAW,OK,ASW,CE,Federal Contract Tower,0,8,16,262,286,0,0,0,20,20,0,8,16,282,306,0,0,0,306
03/25/2004,LAW,OK,ASW,CE,Federal Contract Tower,0,10,13,207,230,1,0,10,7,18,1,10,23,214,248,0,0,0,248
03/26/2004,LAW,OK,ASW,CE,Federal Contract Tower,0,11,11,176,198,2,0,7,8,17,2,11,18,184,215,0,0,0,215
03/27/2004,LAW,OK,ASW,CE,Federal Contract Tower,0,0,0,2,2,0,7,6,0,13,0,7,6,2,15,0,0,0,15
03/28/2004,LAW,OK,ASW,CE,Federal Contract Tower,0,3,4,51,58,0,6,25,0,31,0,9,29,51,89,4,0,4,93
03/29/2004,LAW,OK,ASW,CE,Federal Contract Tower,0,9,14,231,254,0,0,7,14,21,0,9,21,245,275,42,4,46,321
03/30/2004,LAW,OK,ASW,CE,Federal Contract Tower,0,9,20,322,351,0,0,35,13,48,0,9,55,335,399,0,0,0,399
03/31/2004,LAW,OK,ASW,CE,Federal Contract Tower,0,9,15,236,260,1,0,44,0,45,1,9,59,236,305,0,0,0,305
04/01/2004,LAW,OK,ASW,CE,Federal Contract Tower,0,9,15,199,223,0,0,32,10,42,0,9,47,209,265,0,8,8,273
04/02/2004,LAW,OK,ASW,CE,Federal Contract Tower,0,10,14,178,202,0,0,3,10,13,0,10,17,188,215,0,0,0,215
04/03/2004,LAW,OK,ASW,CE,Federal Contract Tower,0,0,0,0,0,0,9,20,0,29,0,9,20,0,29,0,0,0,29
04/04/2004,LAW,OK,ASW,CE,Federal Contract Tower,0,2,2,2,6,0,8,40,0,48,0,10,42,2,54,4,0,4,58
04/05/2004,LAW,OK,ASW,CE,Federal Contract Tower,1,9,17,233,260,1,0,0,26,27,2,9,17,259,287,26,22,48,335
04/06/2004,LAW,OK,ASW,CE,Federal Contract Tower,0,9,20,256,285,1,0,1,18,20,1,9,21,274,305,0,0,0,305
04/07/2004,LAW,OK,ASW,CE,Federal Contract Tower,0,9,11,146,166,1,0,4,0,5,1,9,15,146,171,0,0,0,171
04/08/2004,LAW,OK,ASW,CE,Federal Contract Tower,0,3,3,24,30,0,6,13,0,19,0,9,16,24,49,0,0,0,49
04/09/2004,LAW,OK,ASW,CE,Federal Contract Tower,0,10,9,121,140,1,0,14,1,16,1,10,23,122,156,18,0,18,174
04/10/2004,LAW,OK,ASW,CE,Federal Contract Tower,0,1,0,0,1,0,9,0,0,9,0,10,0,0,10,0,0,0,10
04/11/2004,LAW,OK,ASW,CE,Federal Contract Tower,0,1,0,0,1,0,6,12,0,18,0,7,12,0,19,0,0,0,19
04/12/2004,LAW,OK,ASW,CE,Federal Contract Tower,0,9,12,155,176,0,0,9,8,17,0,9,21,163,193,2,0,2,195
04/13/2004,LAW,OK,ASW,CE,Federal Contract Tower,0,9,18,231,258,0,0,0,23,23,0,9,18,254,281,0,0,0,281
04/14/2004,LAW,OK,ASW,CE,Federal Contract Tower,0,9,14,177,200,0,0,13,13,26,0,9,27,190,226,0,0,0,226
04/15/2004,LAW,OK,ASW,CE,Federal Contract Tower,0,9,10,120,139,0,0,15,0,15,0,9,25,120,154,6,0,6,160
04/16/2004,LAW,OK,ASW,CE,Federal Contract Tower,0,11,11,135,157,0,1,3,4,8,0,12,14,139,165,0,0,0,165
04/17/2004,LAW,OK,ASW,CE,Federal Contract Tower,0,3,2,6,11,0,6,36,0,42,0,9,38,6,53,0,0,0,53
04/18/2004,LAW,OK,ASW,CE,Federal Contract Tower,0,0,1,0,1,0,9,6,0,15,0,9,7,0,16,0,0,0,16
04/19/2004,LAW,OK,ASW,CE,Federal Contract Tower,0,9,10,207,226,0,0,0,19,19,0,9,10,226,245,4,0,4,249
04/20/2004,LAW,OK,ASW,CE,Federal Contract Tower,0,9,6,126,141,0,0,0,8,8,0,9,6,134,149,0,0,0,149
04/21/2004,LAW,OK,ASW,CE,Federal Contract Tower,0,9,10,121,140,0,0,31,0,31,0,9,41,121,171,0,22,22,193
04/22/2004,LAW,OK,ASW,CE,Federal Contract Tower,0,9,13,164,186,0,0,0,13,13,0,9,13,177,199,0,0,0,199
04/23/2004,LAW,OK,ASW,CE,Federal Contract Tower,0,11,12,251,274,0,0,0,19,19,0,11,12,270,293,0,0,0,293
04/24/2004,LAW,OK,ASW,CE,Federal Contract Tower,0,1,2,2,5,0,6,44,0,50,0,7,46,2,55,0,0,0,55
04/25/2004,LAW,OK,ASW,CE,Federal Contract Tower,0,1,1,8,10,0,8,36,0,44,0,9,37,8,54,0,0,0,54
04/26/2004,LAW,OK,ASW,CE,Federal Contract Tower,0,7,15,190,212,0,0,28,0,28,0,7,43,190,240,0,0,0,240
04/27/2004,LAW,OK,ASW,CE,Federal Contract Tower,0,9,9,118,136,0,1,28,0,29,0,10,37,118,165,0,0,0,165
04/28/2004,LAW,OK,ASW,CE,Federal Contract Tower,0,8,9,108,125,0,2,22,0,24,0,10,31,108,149,0,0,0,149
04/29/2004,LAW,OK,ASW,CE,Federal Contract Tower,0,11,15,194,220,0,0,2,10,12,0,11,17,204,232,0,0,0,232
04/30/2004,LAW,OK,ASW,CE,Federal Contract Tower,0,0,0,2,2,0,11,1,0,12,0,11,1,2,14,0,0,0,14
05/01/2004,LAW,OK,ASW,CE,Federal Contract Tower,0,8,16,2,26,0,0,12,0,12,0,8,28,2,38,0,0,0,38
05/02/2004,LAW,OK,ASW,CE,Federal Contract Tower,0,10,10,12,32,0,0,34,0,34,0,10,44,12,66,36,0,36,102
05/03/2004,LAW,OK,ASW,CE,Federal Contract Tower,0,10,4,131,145,0,0,6,0,6,0,10,10,131,151,0,0,0,151
05/04/2004,LAW,OK,ASW,CE,Federal Contract Tower,0,10,14,107,131,0,0,17,0,17,0,10,31,107,148,16,0,16,164
05/05/2004,LAW,OK,ASW,CE,Federal Contract Tower,0,9,0,234,243,0,0,30,0,30,0,9,30,234,273,8,0,8,281
05/06/2004,LAW,OK,ASW,CE,Federal Contract Tower,0,9,22,190,221,0,0,13,1,14,0,9,35,191,235,0,0,0,235
05/07/2004,LAW,OK,ASW,CE,Federal Contract Tower,0,9,15,93,117,0,0,29,0,29,0,9,44,93,146,18,6,24,170
05/08/2004,LAW,OK,ASW,CE,Federal Contract Tower,0,8,4,2,14,0,0,15,0,15,0,8,19,2,29,0,0,0,29
05/09/2004,LAW,OK,ASW,CE,Federal Contract Tower,0,9,14,19,42,0,0,41,3,44,0,9,55,22,86,8,16,24,110
05/10/2004,LAW,OK,ASW,CE,Federal Contract Tower,3,9,12,62,86,0,0,7,0,7,3,9,19,62,93,6,0,6,99
05/11/2004,LAW,OK,ASW,CE,Federal Contract Tower,2,9,4,104,119,0,0,6,0,6,2,9,10,104,125,22,0,22,147
05/12/2004,LAW,OK,ASW,CE,Federal Contract Tower,0,9,4,301,314,0,0,21,0,21,0,9,25,301,335,0,0,0,335
05/13/2004,LAW,OK,ASW,CE,Federal Contract Tower,0,8,9,84,101,0,0,8,0,8,0,8,17,84,109,0,0,0,109
05/14/2004,LAW,OK,ASW,CE,Federal Contract Tower,0,11,22,209,242,0,0,21,0,21,0,11,43,209,263,2,0,2,265
05/15/2004,LAW,OK,ASW,CE,Federal Contract Tower,0,10,4,0,14,0,1,18,0,19,0,11,22,0,33,10,0,10,43
05/16/2004,LAW,OK,ASW,CE,Federal Contract Tower,0,9,8,9,26,0,0,10,0,10,0,9,18,9,36,10,0,10,46
05/17/2004,LAW,OK,ASW,CE,Federal Contract Tower,0,9,1,247,257,0,0,9,0,9,0,9,10,247,266,0,0,0,266
05/18/2004,LAW,OK,ASW,CE,Federal Contract Tower,0,9,13,215,237,0,0,20,0,20,0,9,33,215,257,14,0,14,271
05/19/2004,LAW,OK,ASW,CE,Federal Contract Tower,0,9,12,196,217,0,0,14,0,14,0,9,26,196,231,0,0,0,231
05/20/2004,LAW,OK,ASW,CE,Federal Contract Tower,0,9,3,214,226,0,0,8,0,8,0,9,11,214,234,0,0,0,234
05/21/2004,LAW,OK,ASW,CE,Federal Contract Tower,0,11,9,154,174,0,0,9,0,9,0,11,18,154,183,0,0,0,183
05/22/2004,LAW,OK,ASW,CE,Federal Contract Tower,0,10,10,8,28,0,0,5,2,7,0,10,15,10,35,10,10,20,55
05/23/2004,LAW,OK,ASW,CE,Federal Contract Tower,0,9,22,12,43,0,0,40,0,40,0,9,62,12,83,25,0,25,108
05/24/2004,LAW,OK,ASW,CE,Federal Contract Tower,0,10,7,234,251,0,0,19,0,19,0,10,26,234,270,14,0,14,284
05/25/2004,LAW,OK,ASW,CE,Federal Contract Tower,0,8,4,200,212,0,0,31,0,31,0,8,35,200,243,56,0,56,299
05/26/2004,LAW,OK,ASW,CE,Federal Contract Tower,0,9,18,209,236,0,0,21,0,21,0,9,39,209,257,24,0,24,281
05/27/2004,LAW,OK,ASW,CE,Federal Contract Tower,0,8,21,92,121,0,0,25,0,25,0,8,46,92,146,22,0,22,168
05/28/2004,LAW,OK,ASW,CE,Federal Contract Tower,0,10,8,30,48,0,0,34,0,34,0,10,42,30,82,0,0,0,82
05/29/2004,LAW,OK,ASW,CE,Federal Contract Tower,0,6,5,0,11,0,0,18,0,18,0,6,23,0,29,18,0,18,47
05/30/2004,LAW,OK,ASW,CE,Federal Contract Tower,0,7,2,0,9,0,0,14,0,14,0,7,16,0,23,0,0,0,23
05/31/2004,LAW,OK,ASW,CE,Federal Contract Tower,0,8,11,2,21,0,0,19,0,19,0,8,30,2,40,24,0,24,64
06/01/2004,LAW,OK,ASW,CE,Federal Contract Tower,0,8,27,0,35,0,0,0,182,182,0,8,27,182,217,0,0,0,217
06/02/2004,LAW,OK,ASW,CE,Federal Contract Tower,0,10,26,0,36,0,0,0,202,202,0,10,26,202,238,0,0,0,238
06/03/2004,LAW,OK,ASW,CE,Federal Contract Tower,0,9,18,0,27,0,0,0,81,81,0,9,18,81,108,0,8,8,116
06/04/2004,LAW,OK,ASW,CE,Federal Contract Tower,0,10,24,0,34,0,1,0,86,87,0,11,24,86,121,6,20,26,147
06/05/2004,LAW,OK,ASW,CE,Federal Contract Tower,0,2,11,0,13,0,6,16,0,22,0,8,27,0,35,56,0,56,91
06/06/2004,LAW,OK,ASW,CE,Federal Contract Tower,0,3,32,0,35,0,6,9,8,23,0,9,41,8,58,20,0,20,78
06/07/2004,LAW,OK,ASW,CE,Federal Contract Tower,0,9,18,0,27,0,0,0,136,136,0,9,18,136,163,24,14,38,201
06/08/2004,LAW,OK,ASW,CE,Federal Contract Tower,0,9,39,0,48,0,0,0,168,168,0,9,39,168,216,24,6,30,246
06/09/2004,LAW,OK,ASW,CE,Federal Contract Tower,0,10,30,0,40,0,0,0,152,152,0,10,30,152,192,0,0,0,192
06/10/2004,LAW,OK,ASW,CE,Federal Contract Tower,0,10,32,0,42,0,0,0,185,185,0,10,32,185,227,0,24,24,251
06/11/2004,LAW,OK,ASW,CE,Federal Contract Tower,0,9,26,0,35,0,0,0,169,169,0,9,26,169,204,0,0,0,204
06/12/2004,LAW,OK,ASW,CE,Federal Contract Tower,0,1,15,0,16,0,7,27,0,34,0,8,42,0,50,34,0,34,84
06/13/2004,LAW,OK,ASW,CE,Federal Contract Tower,0,4,16,0,20,0,5,0,24,29,0,9,16,24,49,0,20,20,69
06/14/2004,LAW,OK,ASW,CE,Federal Contract Tower,0,9,34,0,43,0,0,0,100,100,0,9,34,100,143,0,0,0,143
06/15/2004,LAW,OK,ASW,CE,Federal Contract Tower,0,9,32,0,41,0,0,0,122,122,0,9,32,122,163,10,0,10,173
06/16/2004,LAW,OK,ASW,CE,Federal Contract Tower,0,9,44,0,53,0,0,0,280,280,0,9,44,280,333,0,0,0,333
06/17/2004,LAW,OK,ASW,CE,Federal Contract Tower,0,10,26,0,36,0,0,0,350,350,0,10,26,350,386,4,8,12,398
06/18/2004,LAW,OK,ASW,CE,Federal Contract Tower,0,7,25,0,32,0,3,0,62,65,0,10,25,62,97,8,0,8,105
06/19/2004,LAW,OK,ASW,CE,Federal Contract Tower,0,2,12,0,14,0,6,0,0,6,0,8,12,0,20,6,0,6,26
06/20/2004,LAW,OK,ASW,CE,Federal Contract Tower,0,5,37,0,42,0,4,0,24,28,0,9,37,24,70,6,16,22,92
06/21/2004,LAW,OK,ASW,CE,Federal Contract Tower,0,11,27,0,38,0,0,0,117,117,0,11,27,117,155,6,0,6,161
06/22/2004,LAW,OK,ASW,CE,Federal Contract Tower,0,9,17,0,26,0,0,0,300,300,0,9,17,300,326,0,0,0,326
06/23/2004,LAW,OK,ASW,CE,Federal Contract Tower,0,9,55,0,64,0,0,0,256,256,0,9,55,256,320,0,0,0,320
06/24/2004,LAW,OK,ASW,CE,Federal Contract Tower,0,9,29,0,38,0,0,0,188,188,0,9,29,188,226,18,8,26,252
06/25/2004,LAW,OK,ASW,CE,Federal Contract Tower,0,10,28,0,38,0,1,0,96,97,0,11,28,96,135,0,0,0,135
06/26/2004,LAW,OK,ASW,CE,Federal Contract Tower,0,2,18,0,20,0,6,4,4,14,0,8,22,4,34,14,8,22,56
06/27/2004,LAW,OK,ASW,CE,Federal Contract Tower,0,6,32,0,38,0,2,0,48,50,0,8,32,48,88,14,0,14,102
06/28/2004,LAW,OK,ASW,CE,Federal Contract Tower,0,7,29,0,36,0,0,0,179,179,0,7,29,179,215,10,0,10,225
06/29/2004,LAW,OK,ASW,CE,Federal Contract Tower,0,6,5,0,11,0,0,0,50,50,0,6,5,50,61,0,0,0,61
06/30/2004,LAW,OK,ASW,CE,Federal Contract Tower,0,10,9,0,19,0,0,0,138,138,0,10,9,138,157,0,0,0,157
07/01/2004,LAW,OK,ASW,CE,Federal Contract Tower,0,9,11,151,171,0,0,5,9,14,0,9,16,160,185,30,0,30,215
07/02/2004,LAW,OK,ASW,CE,Federal Contract Tower,0,3,1,8,12,0,8,28,0,36,0,11,29,8,48,4,16,20,68
07/03/2004,LAW,OK,ASW,CE,Federal Contract Tower,0,3,1,2,6,0,5,39,0,44,0,8,40,2,50,6,0,6,56
07/04/2004,LAW,OK,ASW,CE,Federal Contract Tower,0,0,1,0,1,0,5,28,0,33,0,5,29,0,34,10,0,10,44
07/05/2004,LAW,OK,ASW,CE,Federal Contract Tower,0,2,2,2,6,0,8,16,0,24,0,10,18,2,30,24,0,24,54
07/06/2004,LAW,OK,ASW,CE,Federal Contract Tower,0,6,6,71,83,0,1,7,3,11,0,7,13,74,94,10,0,10,104
07/07/2004,LAW,OK,ASW,CE,Federal Contract Tower,0,10,12,147,169,0,0,1,11,12,0,10,13,158,181,0,10,10,191
07/08/2004,LAW,OK,ASW,CE,Federal Contract Tower,0,9,12,149,170,0,0,26,0,26,0,9,38,149,196,6,0,6,202
07/09/2004,LAW,OK,ASW,CE,Federal Contract Tower,0,9,8,97,114,0,1,24,0,25,0,10,32,97,139,0,0,0,139
07/10/2004,LAW,OK,ASW,CE,Federal Contract Tower,0,0,1,0,1,0,7,35,0,42,0,7,36,0,43,10,0,10,53
07/11/2004,LAW,OK,ASW,CE,Federal Contract Tower,0,3,4,36,43,0,6,18,0,24,0,9,22,36,67,40,0,40,107
07/12/2004,LAW,OK,ASW,CE,Federal Contract Tower,0,9,15,185,209,0,0,19,13,32,0,9,34,198,241,32,0,32,273
07/13/2004,LAW,OK,ASW,CE,Federal Contract Tower,0,11,19,236,266,0,0,10,26,36,0,11,29,262,302,36,10,46,348
07/14/2004,LAW,OK,ASW,CE,Federal Contract Tower,0,9,16,204,229,0,0,20,10,30,0,9,36,214,259,0,0,0,259
07/15/2004,LAW,OK,ASW,CE,Federal Contract Tower,0,9,14,177,200,0,0,18,11,29,0,9,32,188,229,14,0,14,243
07/16/2004,LAW,OK,ASW,CE,Federal Contract Tower,0,10,15,183,208,0,0,6,13,19,0,10,21,196,227,12,0,12,239
07/17/2004,LAW,OK,ASW,CE,Federal Contract Tower,0,2,2,9,13,0,6,45,0,51,0,8,47,9,64,40,0,40,104
07/18/2004,LAW,OK,ASW,CE,Federal Contract Tower,0,1,2,8,11,0,8,25,0,33,0,9,27,8,44,18,0,18,62
07/19/2004,LAW,OK,ASW,CE,Federal Contract Tower,0,6,11,184,201,0,0,0,22,22,0,6,11,206,223,14,16,30,253
07/20/2004,LAW,OK,ASW,CE,Federal Contract Tower,0,9,13,164,186,0,0,9,14,23,0,9,22,178,209,0,0,0,209
07/21/2004,LAW,OK,ASW,CE,Federal Contract Tower,0,9,13,177,199,0,0,16,6,22,0,9,29,183,221,0,0,0,221
07/22/2004,LAW,OK,ASW,CE,Federal Contract Tower,0,9,20,272,301,0,0,4,27,31,0,9,24,299,332,12,0,12,344
07/23/2004,LAW,OK,ASW,CE,Federal Contract Tower,0,6,5,69,80,0,2,21,0,23,0,8,26,69,103,30,0,30,133
07/24/2004,LAW,OK,ASW,CE,Federal Contract Tower,0,0,0,0,0,0,8,20,0,28,0,8,20,0,28,16,0,16,44
07/25/2004,LAW,OK,ASW,CE,Federal Contract Tower,0,2,2,14,18,0,7,22,0,29,0,9,24,14,47,6,0,6,53
07/26/2004,LAW,OK,ASW,CE,Federal Contract Tower,0,9,12,159,180,0,0,21,0,21,0,9,33,159,201,0,0,0,201
07/27/2004,LAW,OK,ASW,CE,Federal Contract Tower,0,10,9,118,137,2,0,23,0,25,2,10,32,118,162,0,0,0,162
07/28/2004,LAW,OK,ASW,CE,Federal Contract Tower,0,3,3,30,36,0,10,3,0,13,0,13,6,30,49,0,0,0,49
07/29/2004,LAW,OK,ASW,CE,Federal Contract Tower,0,9,11,228,248,0,0,0,17,17,0,9,11,245,265,0,0,0,265
07/30/2004,LAW,OK,ASW,CE,Federal Contract Tower,0,12,10,128,150,0,1,30,0,31,0,13,40,128,181,0,0,0,181
07/31/2004,LAW,OK,ASW,CE,Federal Contract Tower,0,0,0,0,0,0,8,23,0,31,0,8,23,0,31,0,0,0,31
08/01/2004,LAW,OK,ASW,CE,Federal Contract Tower,1,0,1,4,6,1,10,25,0,36,2,10,26,4,42,28,0,28,70
08/02/2004,LAW,OK,ASW,CE,Federal Contract Tower,0,9,10,154,173,0,0,15,2,17,0,9,25,156,190,0,0,0,190
08/03/2004,LAW,OK,ASW,CE,Federal Contract Tower,0,10,4,254,268,0,0,0,19,19,0,10,4,273,287,0,0,0,287
08/04/2004,LAW,OK,ASW,CE,Federal Contract Tower,0,9,11,177,197,0,0,15,12,27,0,9,26,189,224,24,0,24,248
08/05/2004,LAW,OK,ASW,CE,Federal Contract Tower,0,9,13,211,233,0,0,11,11,22,0,9,24,222,255,22,0,22,277
08/06/2004,LAW,OK,ASW,CE,Federal Contract Tower,0,11,11,184,206,0,0,32,8,40,0,11,43,192,246,24,0,24,270
08/07/2004,LAW,OK,ASW,CE,Federal Contract Tower,0,1,1,0,2,0,7,39,0,46,0,8,40,0,48,20,4,24,72
08/08/2004,LAW,OK,ASW,CE,Federal Contract Tower,0,2,1,0,3,0,7,25,0,32,0,9,26,0,35,16,0,16,51
08/09/2004,LAW,OK,ASW,CE,Federal Contract Tower,0,9,14,237,260,0,0,15,4,19,0,9,29,241,279,10,0,10,289
08/10/2004,LAW,OK,ASW,CE,Federal Contract Tower,0,10,12,180,202,0,0,1,10,11,0,10,13,190,213,14,0,14,227
08/11/2004,LAW,OK,ASW,CE,Federal Contract Tower,0,10,5,214,229,0,0,0,14,14,0,10,5,228,243,6,0,6,249
08/12/2004,LAW,OK,ASW,CE,Federal Contract Tower,0,10,15,234,259,0,0,7,12,19,0,10,22,246,278,0,0,0,278
08/13/2004,LAW,OK,ASW,CE,Federal Contract Tower,0,7,7,91,105,0,5,22,0,27,0,12,29,91,132,0,0,0,132
08/14/2004,LAW,OK,ASW,CE,Federal Contract Tower,0,1,2,5,8,0,7,21,0,28,0,8,23,5,36,14,0,14,50
08/15/2004,LAW,OK,ASW,CE,Federal Contract Tower,0,1,2,2,5,0,8,15,0,23,0,9,17,2,28,0,4,4,32
08/16/2004,LAW,OK,ASW,CE,Federal Contract Tower,0,9,15,240,264,1,0,1,21,23,1,9,16,261,287,8,0,8,295
08/17/2004,LAW,OK,ASW,CE,Federal Contract Tower,0,9,12,192,213,0,0,11,10,21,0,9,23,202,234,6,0,6,240
08/18/2004,LAW,OK,ASW,CE,Federal Contract Tower,0,10,14,212,236,0,0,10,14,24,0,10,24,226,260,0,0,0,260
08/19/2004,LAW,OK,ASW,CE,Federal Contract Tower,0,8,8,130,146,0,1,7,0,8,0,9,15,130,154,18,0,18,172
08/20/2004,LAW,OK,ASW,CE,Federal Contract Tower,0,12,13,219,244,0,0,15,0,15,0,12,28,219,259,0,10,10,269
08/21/2004,LAW,OK,ASW,CE,Federal Contract Tower,0,4,3,23,30,0,6,40,0,46,0,10,43,23,76,0,0,0,76
08/22/2004,LAW,OK,ASW,CE,Federal Contract Tower,0,0,0,0,0,0,9,28,0,37,0,9,28,0,37,0,0,0,37
08/23/2004,LAW,OK,ASW,CE,Federal Contract Tower,0,9,12,197,218,0,0,1,15,16,0,9,13,212,234,0,0,0,234
08/24/2004,LAW,OK,ASW,CE,Federal Contract Tower,0,9,13,212,234,0,0,4,8,12,0,9,17,220,246,0,0,0,246
08/25/2004,LAW,OK,ASW,CE,Federal Contract Tower,0,9,8,143,160,0,0,5,7,12,0,9,13,150,172,4,0,4,176
08/26/2004,LAW,OK,ASW,CE,Federal Contract Tower,0,9,13,214,236,0,0,3,10,13,0,9,16,224,249,30,0,30,279
08/27/2004,LAW,OK,ASW,CE,Federal Contract Tower,0,12,13,223,248,0,0,12,7,19,0,12,25,230,267,0,0,0,267
08/28/2004,LAW,OK,ASW,CE,Federal Contract Tower,0,2,1,8,11,6,8,27,0,41,6,10,28,8,52,20,0,20,72
08/29/2004,LAW,OK,ASW,CE,Federal Contract Tower,0,0,0,0,0,0,9,17,0,26,0,9,17,0,26,20,0,20,46
08/30/2004,LAW,OK,ASW,CE,Federal Contract Tower,0,9,14,234,257,0,0,9,4,13,0,9,23,238,270,0,0,0,270
08/31/2004,LAW,OK,ASW,CE,Federal Contract Tower,0,9,12,203,224,0,0,16,2,18,0,9,28,205,242,4,10,14,256
09/01/2004,LAW,OK,ASW,CE,Federal Contract Tower,0,9,15,213,237,0,0,3,13,16,0,9,18,226,253,0,6,6,259
09/02/2004,LAW,OK,ASW,CE,Federal Contract Tower,0,9,21,311,341,0,0,12,23,35,0,9,33,334,376,0,6,6,382
09/03/2004,LAW,OK,ASW,CE,Federal Contract Tower,0,11,18,263,292,0,0,5,23,28,0,11,23,286,320,0,18,18,338
09/04/2004,LAW,OK,ASW,CE,Federal Contract Tower,0,0,0,0,0,0,6,28,0,34,0,6,28,0,34,0,0,0,34
09/05/2004,LAW,OK,ASW,CE,Federal Contract Tower,0,0,0,0,0,0,7,23,0,30,0,7,23,0,30,10,0,10,40
09/06/2004,LAW,OK,ASW,CE,Federal Contract Tower,0,3,3,30,36,0,7,29,0,36,0,10,32,30,72,2,0,2,74
09/07/2004,LAW,OK,ASW,CE,Federal Contract Tower,0,9,9,131,149,0,0,13,0,13,0,9,22,131,162,0,0,0,162
09/08/2004,LAW,OK,ASW,CE,Federal Contract Tower,0,9,21,309,339,0,0,6,33,39,0,9,27,342,378,10,0,10,388
09/09/2004,LAW,OK,ASW,CE,Federal Contract Tower,2,9,20,305,336,2,0,19,13,34,4,9,39,318,370,0,0,0,370
09/10/2004,LAW,OK,ASW,CE,Federal Contract Tower,1,11,10,148,170,3,1,12,5,21,4,12,22,153,191,8,0,8,199
09/11/2004,LAW,OK,ASW,CE,Federal Contract Tower,0,0,0,0,0,0,8,24,0,32,0,8,24,0,32,10,0,10,42
09/12/2004,LAW,OK,ASW,CE,Federal Contract Tower,0,2,3,25,30,0,7,22,0,29,0,9,25,25,59,12,10,22,81
09/13/2004,LAW,OK,ASW,CE,Federal Contract Tower,0,9,10,136,155,0,0,6,9,15,0,9,16,145,170,0,0,0,170
09/14/2004,LAW,OK,ASW,CE,Federal Contract Tower,0,9,9,121,139,4,0,8,0,12,4,9,17,121,151,0,0,0,151
09/15/2004,LAW,OK,ASW,CE,Federal Contract Tower,0,9,14,197,220,0,0,10,6,16,0,9,24,203,236,0,8,8,244
09/16/2004,LAW,OK,ASW,CE,Federal Contract Tower,0,9,11,151,171,0,0,13,3,16,0,9,24,154,187,6,0,6,193
09/17/2004,LAW,OK,ASW,CE,Federal Contract Tower,0,9,10,137,156,0,0,15,9,24,0,9,25,146,180,0,16,16,196
09/18/2004,LAW,OK,ASW,CE,Federal Contract Tower,0,2,2,6,10,0,6,46,0,52,0,8,48,6,62,0,0,0,62
09/19/2004,LAW,OK,ASW,CE,Federal Contract Tower,0,4,5,44,53,0,6,17,0,23,0,10,22,44,76,6,14,20,96
09/20/2004,LAW,OK,ASW,CE,Federal Contract Tower,0,9,8,128,145,0,1,0,9,10,0,10,8,137,155,0,8,8,163
09/21/2004,LAW,OK,ASW,CE,Federal Contract Tower,0,9,13,207,229,0,0,0,11,11,0,9,13,218,240,0,0,0,240
09/22/2004,LAW,OK,ASW,CE,Federal Contract Tower,0,8,7,114,129,0,1,21,20,42,0,9,28,134,171,0,0,0,171
09/23/2004,LAW,OK,ASW,CE,Federal Contract Tower,0,9,7,150,166,0,0,0,12,12,0,9,7,162,178,0,0,0,178
09/24/2004,LAW,OK,ASW,CE,Federal Contract Tower,0,12,14,206,232,0,0,39,0,39,0,12,53,206,271,0,20,20,291
09/25/2004,LAW,OK,ASW,CE,Federal Contract Tower,0,4,3,12,19,0,6,67,0,73,0,10,70,12,92,22,10,32,124
09/26/2004,LAW,OK,ASW,CE,Federal Contract Tower,0,1,1,3,5,2,8,42,0,52,2,9,43,3,57,20,0,20,77
09/27/2004,LAW,OK,ASW,CE,Federal Contract Tower,0,9,18,269,296,0,0,0,23,23,0,9,18,292,319,0,0,0,319
09/28/2004,LAW,OK,ASW,CE,Federal Contract Tower,0,7,8,126,141,0,0,11,4,15,0,7,19,130,156,0,8,8,164
09/29/2004,LAW,OK,ASW,CE,Federal Contract Tower,0,1,1,0,2,0,9,34,0,43,0,10,35,0,45,6,0,6,51
09/30/2004,LAW,OK,ASW,CE,Federal Contract Tower,0,1,1,1,3,0,8,23,0,31,0,9,24,1,34,0,0,0,34
10/01/2004,LAW,OK,ASW,CE,Federal Contract Tower,0,9,11,1,21,0,0,13,0,13,0,9,24,1,34,0,0,0,34
10/02/2004,LAW,OK,ASW,CE,Federal Contract Tower,0,9,2,3,14,0,0,4,0,4,0,9,6,3,18,0,0,0,18
10/03/2004,LAW,OK,ASW,CE,Federal Contract Tower,2,9,6,4,21,0,0,32,0,32,2,9,38,4,53,0,0,0,53
10/04/2004,LAW,OK,ASW,CE,Federal Contract Tower,0,9,6,8,23,0,0,53,2,55,0,9,59,10,78,12,0,12,90
10/05/2004,LAW,OK,ASW,CE,Federal Contract Tower,0,5,6,204,215,0,0,4,0,4,0,5,10,204,219,24,0,24,243
10/06/2004,LAW,OK,ASW,CE,Federal Contract Tower,2,10,6,276,294,0,0,14,0,14,2,10,20,276,308,0,0,0,308
10/07/2004,LAW,OK,ASW,CE,Federal Contract Tower,0,10,5,139,154,0,0,0,0,0,0,10,5,139,154,0,0,0,154
10/08/2004,LAW,OK,ASW,CE,Federal Contract Tower,0,11,4,102,117,0,0,2,6,8,0,11,6,108,125,0,32,32,157
10/09/2004,LAW,OK,ASW,CE,Federal Contract Tower,0,10,12,203,225,0,0,26,0,26,0,10,38,203,251,0,44,44,295
10/10/2004,LAW,OK,ASW,CE,Federal Contract Tower,0,8,20,0,28,0,0,10,0,10,0,8,30,0,38,20,0,20,58
10/11/2004,LAW,OK,ASW,CE,Federal Contract Tower,0,9,8,0,17,0,0,0,0,0,0,9,8,0,17,0,0,0,17
10/12/2004,LAW,OK,ASW,CE,Federal Contract Tower,2,7,8,20,37,0,0,2,0,2,2,7,10,20,39,0,0,0,39
10/13/2004,LAW,OK,ASW,CE,Federal Contract Tower,0,11,4,90,105,0,0,12,2,14,0,11,16,92,119,8,16,24,143
10/14/2004,LAW,OK,ASW,CE,Federal Contract Tower,1,9,11,207,228,0,0,12,1,13,1,9,23,208,241,0,6,6,247
10/15/2004,LAW,OK,ASW,CE,Federal Contract Tower,0,11,10,7,28,0,0,28,4,32,0,11,38,11,60,0,26,26,86
10/16/2004,LAW,OK,ASW,CE,Federal Contract Tower,0,8,11,10,29,0,0,31,0,31,0,8,42,10,60,8,6,14,74
10/17/2004,LAW,OK,ASW,CE,Federal Contract Tower,0,9,11,0,20,0,0,45,0,45,0,9,56,0,65,26,0,26,91
10/18/2004,LAW,OK,ASW,CE,Federal Contract Tower,0,9,11,0,20,0,0,45,0,45,0,9,56,0,65,26,0,26,91
10/19/2004,LAW,OK,ASW,CE,Federal Contract Tower,0,10,11,62,83,0,0,12,0,12,0,10,23,62,95,0,0,0,95
10/20/2004,LAW,OK,ASW,CE,Federal Contract Tower,0,9,15,126,150,0,0,28,13,41,0,9,43,139,191,4,56,60,251
10/21/2004,LAW,OK,ASW,CE,Federal Contract Tower,0,7,4,102,113,0,0,12,0,12,0,7,16,102,125,0,0,0,125
10/22/2004,LAW,OK,ASW,CE,Federal Contract Tower,0,9,14,160,183,0,0,14,4,18,0,9,28,164,201,0,20,20,221
10/23/2004,LAW,OK,ASW,CE,Federal Contract Tower,0,12,2,80,94,0,0,0,0,0,0,12,2,80,94,0,16,16,110
10/24/2004,LAW,OK,ASW,CE,Federal Contract Tower,0,8,6,6,20,0,0,35,4,39,0,8,41,10,59,6,6,12,71
10/25/2004,LAW,OK,ASW,CE,Federal Contract Tower,0,9,7,29,45,0,0,24,1,25,0,9,31,30,70,0,6,6,76
10/26/2004,LAW,OK,ASW,CE,Federal Contract Tower,0,10,2,34,46,0,0,5,0,5,0,10,7,34,51,0,0,0,51
10/27/2004,LAW,OK,ASW,CE,Federal Contract Tower,0,10,0,206,216,0,0,6,0,6,0,10,6,206,222,0,0,0,222
10/28/2004,LAW,OK,ASW,CE,Federal Contract Tower,0,9,4,168,181,0,0,4,0,4,0,9,8,168,185,0,0,0,185
10/29/2004,LAW,OK,ASW,CE,Federal Contract Tower,0,9,4,168,181,0,0,4,0,4,0,9,8,168,185,0,0,0,185
10/30/2004,LAW,OK,ASW,CE,Federal Contract Tower,0,11,7,60,78,0,0,16,0,16,0,11,23,60,94,30,10,40,134
10/31/2004,LAW,OK,ASW,CE,Federal Contract Tower,0,9,12,0,21,0,0,45,0,45,0,9,57,0,66,0,0,0,66
11/01/2004,LAW,OK,ASW,CE,Federal Contract Tower,0,9,9,4,22,0,0,0,0,0,0,9,9,4,22,0,0,0,22
11/02/2004,LAW,OK,ASW,CE,Federal Contract Tower,0,8,1,260,269,0,0,2,0,2,0,8,3,260,271,30,0,30,301
11/03/2004,LAW,OK,ASW,CE,Federal Contract Tower,0,9,8,8,25,0,0,0,0,0,0,9,8,8,25,0,0,0,25
11/04/2004,LAW,OK,ASW,CE,Federal Contract Tower,0,8,4,178,190,0,0,3,0,3,0,8,7,178,193,6,0,6,199
11/05/2004,LAW,OK,ASW,CE,Federal Contract Tower,0,10,4,194,208,0,0,16,0,16,0,10,20,194,224,0,0,0,224
11/06/2004,LAW,OK,ASW,CE,Federal Contract Tower,0,11,5,107,123,0,0,20,0,20,0,11,25,107,143,2,0,2,145
11/07/2004,LAW,OK,ASW,CE,Federal Contract Tower,2,8,17,0,27,0,0,15,2,17,2,8,32,2,44,22,0,22,66
11/08/2004,LAW,OK,ASW,CE,Federal Contract Tower,0,9,18,31,58,0,0,30,1,31,0,9,48,32,89,24,8,32,121
11/09/2004,LAW,OK,ASW,CE,Federal Contract Tower,0,9,4,224,237,0,0,21,0,21,0,9,25,224,258,30,0,30,288
11/10/2004,LAW,OK,ASW,CE,Federal Contract Tower,0,9,9,280,298,0,0,14,0,14,0,9,23,280,312,0,22,22,334
11/11/2004,LAW,OK,ASW,CE,Federal Contract Tower,0,9,4,140,153,0,0,2,0,2,0,9,6,140,155,0,12,12,167
11/12/2004,LAW,OK,ASW,CE,Federal Contract Tower,0,9,19,2,30,0,0,21,0,21,0,9,40,2,51,0,0,0,51
11/13/2004,LAW,OK,ASW,CE,Federal Contract Tower,0,9,13,109,131,0,0,11,0,11,0,9,24,109,142,4,8,12,154
11/14/2004,LAW,OK,ASW,CE,Federal Contract Tower,0,9,16,0,25,0,0,7,0,7,0,9,23,0,32,10,0,10,42
11/15/2004,LAW,OK,ASW,CE,Federal Contract Tower,0,9,13,0,22,0,0,2,0,2,0,9,15,0,24,18,0,18,42
11/16/2004,LAW,OK,ASW,CE,Federal Contract Tower,0,9,3,2,14,0,0,0,0,0,0,9,3,2,14,0,0,0,14
11/17/2004,LAW,OK,ASW,CE,Federal Contract Tower,0,13,4,3,20,0,0,0,0,0,0,13,4,3,20,0,0,0,20
11/18/2004,LAW,OK,ASW,CE,Federal Contract Tower,3,9,18,122,152,0,0,0,2,2,3,9,18,124,154,0,8,8,162
11/19/2004,LAW,OK,ASW,CE,Federal Contract Tower,0,13,19,117,149,0,0,15,0,15,0,13,34,117,164,12,4,16,180
11/20/2004,LAW,OK,ASW,CE,Federal Contract Tower,0,8,7,1,16,0,0,2,0,2,0,8,9,1,18,0,0,0,18
11/21/2004,LAW,OK,ASW,CE,Federal Contract Tower,0,9,6,14,29,0,0,0,0,0,0,9,6,14,29,0,0,0,29
11/22/2004,LAW,OK,ASW,CE,Federal Contract Tower,0,9,6,14,29,0,0,0,0,0,0,9,6,14,29,0,0,0,29
11/23/2004,LAW,OK,ASW,CE,Federal Contract Tower,0,8,7,3,18,0,0,0,0,0,0,8,7,3,18,0,0,0,18
11/24/2004,LAW,OK,ASW,CE,Federal Contract Tower,0,6,0,153,159,0,0,2,0,2,0,6,2,153,161,4,0,4,165
11/25/2004,LAW,OK,ASW,CE,Federal Contract Tower,0,11,23,116,150,0,0,17,0,17,0,11,40,116,167,0,0,0,167
11/26/2004,LAW,OK,ASW,CE,Federal Contract Tower,0,10,19,0,29,0,0,21,0,21,0,10,40,0,50,0,0,0,50
11/27/2004,LAW,OK,ASW,CE,Federal Contract Tower,0,7,6,0,13,0,0,32,0,32,0,7,38,0,45,20,0,20,65
11/28/2004,LAW,OK,ASW,CE,Federal Contract Tower,0,9,11,0,20,0,0,28,0,28,0,9,39,0,48,0,0,0,48
11/29/2004,LAW,OK,ASW,CE,Federal Contract Tower,0,9,3,0,12,0,0,26,0,26,0,9,29,0,38,16,0,16,54
11/30/2004,LAW,OK,ASW,CE,Federal Contract Tower,0,9,13,147,169,0,0,0,0,0,0,9,13,147,169,14,0,14,183
12/01/2004,LAW,OK,ASW,CE,Federal Contract Tower,0,9,27,182,218,0,0,8,0,8,0,9,35,182,226,0,12,12,238
12/02/2004,LAW,OK,ASW,CE,Federal Contract Tower,0,10,10,206,226,0,0,20,0,20,0,10,30,206,246,0,0,0,246
12/03/2004,LAW,OK,ASW,CE,Federal Contract Tower,0,11,32,178,221,0,0,13,10,23,0,11,45,188,244,18,10,28,272
12/04/2004,LAW,OK,ASW,CE,Federal Contract Tower,0,11,17,148,176,0,0,23,0,23,0,11,40,148,199,10,10,20,219
12/05/2004,LAW,OK,ASW,CE,Federal Contract Tower,0,8,9,60,77,0,0,53,0,53,0,8,62,60,130,0,0,0,130
12/06/2004,LAW,OK,ASW,CE,Federal Contract Tower,0,11,7,9,27,0,0,0,0,0,0,11,7,9,27,0,0,0,27
12/07/2004,LAW,OK,ASW,CE,Federal Contract Tower,0,7,8,84,99,0,0,2,2,4,0,7,10,86,103,0,6,6,109
12/08/2004,LAW,OK,ASW,CE,Federal Contract Tower,0,6,10,144,160,0,0,11,0,11,0,6,21,144,171,0,0,0,171
12/09/2004,LAW,OK,ASW,CE,Federal Contract Tower,0,9,8,145,162,0,0,20,0,20,0,9,28,145,182,0,0,0,182
12/10/2004,LAW,OK,ASW,CE,Federal Contract Tower,0,9,15,107,131,0,0,14,3,17,0,9,29,110,148,0,8,8,156
12/11/2004,LAW,OK,ASW,CE,Federal Contract Tower,0,12,12,113,137,0,0,15,0,15,0,12,27,113,152,0,14,14,166
12/12/2004,LAW,OK,ASW,CE,Federal Contract Tower,2,9,44,142,197,0,0,29,3,32,2,9,73,145,229,32,10,42,271
12/13/2004,LAW,OK,ASW,CE,Federal Contract Tower,0,9,22,20,51,0,0,28,0,28,0,9,50,20,79,24,0,24,103
12/14/2004,LAW,OK,ASW,CE,Federal Contract Tower,2,10,2,192,206,0,0,23,0,23,2,10,25,192,229,4,0,4,233
12/15/2004,LAW,OK,ASW,CE,Federal Contract Tower,0,8,13,136,157,0,0,17,2,19,0,8,30,138,176,20,18,38,214
12/16/2004,LAW,OK,ASW,CE,Federal Contract Tower,0,10,13,100,123,0,0,15,0,15,0,10,28,100,138,8,0,8,146
12/17/2004,LAW,OK,ASW,CE,Federal Contract Tower,0,9,17,130,156,0,0,12,0,12,0,9,29,130,168,16,0,16,184
12/18/2004,LAW,OK,ASW,CE,Federal Contract Tower,0,12,16,120,148,0,0,20,0,20,0,12,36,120,168,4,0,4,172
12/19/2004,LAW,OK,ASW,CE,Federal Contract Tower,0,9,6,0,15,0,0,32,0,32,0,9,38,0,47,20,0,20,67
12/20/2004,LAW,OK,ASW,CE,Federal Contract Tower,0,9,6,2,17,0,0,36,0,36,0,9,42,2,53,20,0,20,73
12/21/2004,LAW,OK,ASW,CE,Federal Contract Tower,0,9,2,13,24,0,0,24,0,24,0,9,26,13,48,12,0,12,60
12/22/2004,LAW,OK,ASW,CE,Federal Contract Tower,0,10,3,62,75,0,0,21,0,21,0,10,24,62,96,10,0,10,106
12/23/2004,LAW,OK,ASW,CE,Federal Contract Tower,0,7,1,0,8,0,0,4,0,4,0,7,5,0,12,8,0,8,20
12/24/2004,LAW,OK,ASW,CE,Federal Contract Tower,0,11,2,0,13,0,0,7,0,7,0,11,9,0,20,0,0,0,20
12/25/2004,LAW,OK,ASW,CE,Federal Contract Tower,0,7,20,3,30,0,0,14,0,14,0,7,34,3,44,0,0,0,44
12/26/2004,LAW,OK,ASW,CE,Federal Contract Tower,0,6,0,0,6,0,0,19,0,19,0,6,19,0,25,10,0,10,35
12/27/2004,LAW,OK,ASW,CE,Federal Contract Tower,0,9,5,0,14,0,0,21,0,21,0,9,26,0,35,10,0,10,45
12/28/2004,LAW,OK,ASW,CE,Federal Contract Tower,0,9,2,0,11,0,0,33,0,33,0,9,35,0,44,10,0,10,54
12/29/2004,LAW,OK,ASW,CE,Federal Contract Tower,0,10,10,8,28,0,0,2,0,2,0,10,12,8,30,8,0,8,38
12/30/2004,LAW,OK,ASW,CE,Federal Contract Tower,0,11,21,12,44,0,0,6,0,6,0,11,27,12,50,0,0,0,50
12/31/2004,LAW,OK,ASW,CE,Federal Contract Tower,0,11,26,13,50,0,0,4,0,4,0,11,30,13,54,0,0,0,54
01/01/2005,LAW,OK,ASW,CE,Federal Contract Tower,4,8,7,10,29,0,0,33,0,33,4,8,40,10,62,0,0,0,62
01/02/2005,LAW,OK,ASW,CE,Federal Contract Tower,0,11,11,5,27,0,0,0,0,0,0,11,11,5,27,0,0,0,27
01/03/2005,LAW,OK,ASW,CE,Federal Contract Tower,0,9,3,0,12,0,0,4,0,4,0,9,7,0,16,6,0,6,22
01/04/2005,LAW,OK,ASW,CE,Federal Contract Tower,4,12,3,12,31,0,0,0,0,0,4,12,3,12,31,0,0,0,31
01/05/2005,LAW,OK,ASW,CE,Federal Contract Tower,0,9,3,0,12,0,0,0,0,0,0,9,3,0,12,0,0,0,12
01/06/2005,LAW,OK,ASW,CE,Federal Contract Tower,2,7,1,0,10,0,0,1,0,1,2,7,2,0,11,0,0,0,11
01/07/2005,LAW,OK,ASW,CE,Federal Contract Tower,0,9,1,89,99,0,0,14,0,14,0,9,15,89,113,0,0,0,113
01/08/2005,LAW,OK,ASW,CE,Federal Contract Tower,0,9,4,82,95,0,0,17,1,18,0,9,21,83,113,24,0,24,137
01/09/2005,LAW,OK,ASW,CE,Federal Contract Tower,0,8,13,18,39,0,0,41,0,41,0,8,54,18,80,26,0,26,106
01/10/2005,LAW,OK,ASW,CE,Federal Contract Tower,0,8,4,20,32,0,0,26,0,26,0,8,30,20,58,40,0,40,98
01/11/2005,LAW,OK,ASW,CE,Federal Contract Tower,0,9,10,90,109,0,0,10,0,10,0,9,20,90,119,26,0,26,145
01/12/2005,LAW,OK,ASW,CE,Federal Contract Tower,0,9,0,57,66,0,0,0,0,0,0,9,0,57,66,0,0,0,66
01/13/2005,LAW,OK,ASW,CE,Federal Contract Tower,0,9,7,208,224,0,0,2,0,2,0,9,9,208,226,0,0,0,226
01/14/2005,LAW,OK,ASW,CE,Federal Contract Tower,0,8,6,151,165,0,0,19,0,19,0,8,25,151,184,0,0,0,184
01/15/2005,LAW,OK,ASW,CE,Federal Contract Tower,0,11,3,145,159,0,0,18,3,21,0,11,21,148,180,4,8,12,192
01/16/2005,LAW,OK,ASW,CE,Federal Contract Tower,0,8,7,0,15,0,0,19,0,19,0,8,26,0,34,48,0,48,82
01/17/2005,LAW,OK,ASW,CE,Federal Contract Tower,0,9,8,4,21,0,0,12,0,12,0,9,20,4,33,28,6,34,67
01/18/2005,LAW,OK,ASW,CE,Federal Contract Tower,0,10,12,32,54,0,0,12,1,13,0,10,24,33,67,2,0,2,69
01/19/2005,LAW,OK,ASW,CE,Federal Contract Tower,0,10,12,83,105,0,0,38,0,38,0,10,50,83,143,6,0,6,149
01/20/2005,LAW,OK,ASW,CE,Federal Contract Tower,0,9,6,202,217,0,0,24,0,24,0,9,30,202,241,30,0,30,271
01/21/2005,LAW,OK,ASW,CE,Federal Contract Tower,0,9,10,178,197,0,0,19,0,19,0,9,29,178,216,6,0,6,222
01/22/2005,LAW,OK,ASW,CE,Federal Contract Tower,0,11,9,62,82,0,0,46,0,46,0,11,55,62,128,42,0,42,170
01/23/2005,LAW,OK,ASW,CE,Federal Contract Tower,0,8,13,18,39,0,0,11,0,11,0,8,24,18,50,30,0,30,80
01/24/2005,LAW,OK,ASW,CE,Federal Contract Tower,0,9,6,38,53,0,0,21,3,24,0,9,27,41,77,20,12,32,109
01/25/2005,LAW,OK,ASW,CE,Federal Contract Tower,0,9,14,168,191,0,0,27,0,27,0,9,41,168,218,20,0,20,238
01/26/2005,LAW,OK,ASW,CE,Federal Contract Tower,0,10,7,165,182,0,0,15,0,15,0,10,22,165,197,12,0,12,209
01/27/2005,LAW,OK,ASW,CE,Federal Contract Tower,0,9,4,146,159,0,0,13,0,13,0,9,17,146,172,0,0,0,172
01/28/2005,LAW,OK,ASW,CE,Federal Contract Tower,0,7,12,241,260,0,0,4,0,4,0,7,16,241,264,0,0,0,264
01/29/2005,LAW,OK,ASW,CE,Federal Contract Tower,4,9,4,0,17,0,0,0,0,0,4,9,4,0,17,0,0,0,17
01/30/2005,LAW,OK,ASW,CE,Federal Contract Tower,0,9,18,6,33,0,0,9,2,11,0,9,27,8,44,36,0,36,80
01/31/2005,LAW,OK,ASW,CE,Federal Contract Tower,0,9,0,4,13,0,0,0,0,0,0,9,0,4,13,0,0,0,13
02/01/2005,LAW,OK,ASW,CE,Federal Contract Tower,0,12,2,175,189,0,0,3,0,3,0,12,5,175,192,0,0,0,192
02/02/2005,LAW,OK,ASW,CE,Federal Contract Tower,0,12,0,0,12,0,0,2,0,2,0,12,2,0,14,0,0,0,14
02/03/2005,LAW,OK,ASW,CE,Federal Contract Tower,0,12,9,132,153,0,0,7,0,7,0,12,16,132,160,28,0,28,188
02/04/2005,LAW,OK,ASW,CE,Federal Contract Tower,0,11,14,114,139,0,0,20,4,24,0,11,34,118,163,0,6,6,169
02/05/2005,LAW,OK,ASW,CE,Federal Contract Tower,0,11,21,140,172,0,0,51,5,56,0,11,72,145,228,28,26,54,282
02/06/2005,LAW,OK,ASW,CE,Federal Contract Tower,0,8,7,2,17,0,0,42,0,42,0,8,49,2,59,16,0,16,75
02/07/2005,LAW,OK,ASW,CE,Federal Contract Tower,3,12,5,0,20,0,0,0,0,0,3,12,5,0,20,0,0,0,20
02/08/2005,LAW,OK,ASW,CE,Federal Contract Tower,0,11,4,108,123,0,0,5,0,5,0,11,9,108,128,0,0,0,128
02/09/2005,LAW,OK,ASW,CE,Federal Contract Tower,2,13,3,0,18,0,0,0,0,0,2,13,3,0,18,0,0,0,18
02/10/2005,LAW,OK,ASW,CE,Federal Contract Tower,0,12,14,178,204,0,0,24,0,24,0,12,38,178,228,38,0,38,266
02/11/2005,LAW,OK,ASW,CE,Federal Contract Tower,0,12,8,157,177,0,0,23,2,25,0,12,31,159,202,14,6,20,222
02/12/2005,LAW,OK,ASW,CE,Federal Contract Tower,0,11,8,156,175,0,0,16,0,16,0,11,24,156,191,14,0,14,205
02/13/2005,LAW,OK,ASW,CE,Federal Contract Tower,4,10,9,0,23,0,0,3,0,3,4,10,12,0,26,0,0,0,26
02/14/2005,LAW,OK,ASW,CE,Federal Contract Tower,0,12,6,4,22,0,0,33,0,33,0,12,39,4,55,0,0,0,55
02/15/2005,LAW,OK,ASW,CE,Federal Contract Tower,0,13,1,82,96,0,0,18,0,18,0,13,19,82,114,14,0,14,128
02/16/2005,LAW,OK,ASW,CE,Federal Contract Tower,1,11,5,136,153,0,1,13,0,14,1,12,18,136,167,6,0,6,173
02/17/2005,LAW,OK,ASW,CE,Federal Contract Tower,0,12,27,75,114,0,0,11,0,11,0,12,38,75,125,14,0,14,139
02/18/2005,LAW,OK,ASW,CE,Federal Contract Tower,0,11,7,134,152,0,0,15,0,15,0,11,22,134,167,4,0,4,171
02/19/2005,LAW,OK,ASW,CE,Federal Contract Tower,0,13,7,122,142,0,0,4,0,4,0,13,11,122,146,8,0,8,154
02/20/2005,LAW,OK,ASW,CE,Federal Contract Tower,0,8,8,0,16,0,0,4,0,4,0,8,12,0,20,0,0,0,20
02/21/2005,LAW,OK,ASW,CE,Federal Contract Tower,0,11,0,0,11,0,0,25,0,25,0,11,25,0,36,10,0,10,46
02/22/2005,LAW,OK,ASW,CE,Federal Contract Tower,2,11,18,9,40,0,0,20,0,20,2,11,38,9,60,20,0,20,80
02/23/2005,LAW,OK,ASW,CE,Federal Contract Tower,0,13,7,212,232,0,0,7,0,7,0,13,14,212,239,5,14,19,258
02/24/2005,LAW,OK,ASW,CE,Federal Contract Tower,0,11,11,8,30,0,0,0,0,0,0,11,11,8,30,0,0,0,30
02/25/2005,LAW,OK,ASW,CE,Federal Contract Tower,0,11,13,170,194,0,0,0,0,0,0,11,13,170,194,2,0,2,196
02/26/2005,LAW,OK,ASW,CE,Federal Contract Tower,0,10,2,102,114,0,0,23,6,29,0,10,25,108,143,16,6,22,165
02/27/2005,LAW,OK,ASW,CE,Federal Contract Tower,0,8,4,0,12,0,0,34,0,34,0,8,38,0,46,62,0,62,108
02/28/2005,LAW,OK,ASW,CE,Federal Contract Tower,0,13,20,0,33,0,0,3,0,3,0,13,23,0,36,42,0,42,78
03/01/2005,LAW,OK,ASW,CE,Federal Contract Tower,0,11,1,102,114,0,0,14,0,14,0,11,15,102,128,14,0,14,142
03/02/2005,LAW,OK,ASW,CE,Federal Contract Tower,0,11,3,82,96,0,0,8,0,8,0,11,11,82,104,0,0,0,104
03/03/2005,LAW,OK,ASW,CE,Federal Contract Tower,0,11,7,124,142,0,0,9,0,9,0,11,16,124,151,0,0,0,151
03/04/2005,LAW,OK,ASW,CE,Federal Contract Tower,2,12,12,48,74,0,0,2,0,2,2,12,14,48,76,0,0,0,76
03/05/2005,LAW,OK,ASW,CE,Federal Contract Tower,0,11,11,70,92,0,0,29,0,29,0,11,40,70,121,6,6,12,133
03/06/2005,LAW,OK,ASW,CE,Federal Contract Tower,0,10,18,0,28,0,0,17,0,17,0,10,35,0,45,0,0,0,45
03/07/2005,LAW,OK,ASW,CE,Federal Contract Tower,0,10,3,2,15,0,0,17,0,17,0,10,20,2,32,0,0,0,32
03/08/2005,LAW,OK,ASW,CE,Federal Contract Tower,0,11,1,144,156,0,0,18,0,18,0,11,19,144,174,18,12,30,204
03/09/2005,LAW,OK,ASW,CE,Federal Contract Tower,1,11,0,128,140,0,0,20,0,20,1,11,20,128,160,12,8,20,180
03/10/2005,LAW,OK,ASW,CE,Federal Contract Tower,0,10,4,43,57,0,0,12,1,13,0,10,16,44,70,0,0,0,70
03/11/2005,LAW,OK,ASW,CE,Federal Contract Tower,0,11,6,12,29,0,0,13,100,113,0,11,19,112,142,0,0,0,142
03/12/2005,LAW,OK,ASW,CE,Federal Contract Tower,2,10,5,87,104,0,0,8,0,8,2,10,13,87,112,16,12,28,140
03/13/2005,LAW,OK,ASW,CE,Federal Contract Tower,0,9,8,7,24,0,0,7,0,7,0,9,15,7,31,52,0,52,83
03/14/2005,LAW,OK,ASW,CE,Federal Contract Tower,2,11,5,4,22,0,0,8,1,9,2,11,13,5,31,0,0,0,31
03/15/2005,LAW,OK,ASW,CE,Federal Contract Tower,0,10,2,52,64,0,0,4,0,4,0,10,6,52,68,0,0,0,68
03/16/2005,LAW,OK,ASW,CE,Federal Contract Tower,0,10,2,52,64,0,0,4,0,4,0,10,6,52,68,0,0,0,68
03/17/2005,LAW,OK,ASW,CE,Federal Contract Tower,1,11,16,25,53,0,0,13,0,13,1,11,29,25,66,22,0,22,88
03/18/2005,LAW,OK,ASW,CE,Federal Contract Tower,0,9,1,55,65,0,0,16,0,16,0,9,17,55,81,0,0,0,81
03/19/2005,LAW,OK,ASW,CE,Federal Contract Tower,2,10,4,33,49,0,0,20,0,20,2,10,24,33,69,0,0,0,69
03/20/2005,LAW,OK,ASW,CE,Federal Contract Tower,2,8,7,2,19,0,0,33,0,33,2,8,40,2,52,52,0,52,104
03/21/2005,LAW,OK,ASW,CE,Federal Contract Tower,0,10,4,2,16,0,0,29,0,29,0,10,33,2,45,36,0,36,81
03/22/2005,LAW,OK,ASW,CE,Federal Contract Tower,3,11,2,3,19,0,0,8,0,8,3,11,10,3,27,6,0,6,33
03/23/2005,LAW,OK,ASW,CE,Federal Contract Tower,0,11,16,90,117,0,0,0,0,0,0,11,16,90,117,10,0,10,127
03/24/2005,LAW,OK,ASW,CE,Federal Contract Tower,1,11,5,119,136,0,0,8,0,8,1,11,13,119,144,5,0,5,149
03/25/2005,LAW,OK,ASW,CE,Federal Contract Tower,0,10,7,68,85,0,0,19,0,19,0,10,26,68,104,4,4,8,112
03/26/2005,LAW,OK,ASW,CE,Federal Contract Tower,2,11,10,89,112,0,0,48,3,51,2,11,58,92,163,12,4,16,179
03/27/2005,LAW,OK,ASW,CE,Federal Contract Tower,2,8,7,7,24,0,0,0,0,0,2,8,7,7,24,0,0,0,24
03/28/2005,LAW,OK,ASW,CE,Federal Contract Tower,0,11,7,12,30,0,0,19,0,19,0,11,26,12,49,4,0,4,53
03/29/2005,LAW,OK,ASW,CE,Federal Contract Tower,4,12,1,40,57,0,0,15,2,17,4,12,16,42,74,20,0,20,94
03/30/2005,LAW,OK,ASW,CE,Federal Contract Tower,0,11,3,29,43,0,0,20,0,20,0,11,23,29,63,12,0,12,75
03/31/2005,LAW,OK,ASW,CE,Federal Contract Tower,2,11,2,45,60,0,0,5,0,5,2,11,7,45,65,30,0,30,95
04/01/2005,LAW,OK,ASW,CE,Federal Contract Tower,0,11,5,10,26,0,0,11,8,19,0,11,16,18,45,0,0,0,45
04/02/2005,LAW,OK,ASW,CE,Federal Contract Tower,0,9,4,32,45,0,0,18,0,18,0,9,22,32,63,0,0,0,63
04/03/2005,LAW,OK,ASW,CE,Federal Contract Tower,0,8,16,0,24,0,0,44,0,44,0,8,60,0,68,32,0,32,100
04/04/2005,LAW,OK,ASW,CE,Federal Contract Tower,0,11,0,0,11,0,0,29,0,29,0,11,29,0,40,30,0,30,70
04/05/2005,LAW,OK,ASW,CE,Federal Contract Tower,0,13,6,120,139,0,0,15,0,15,0,13,21,120,154,4,14,18,172
04/06/2005,LAW,OK,ASW,CE,Federal Contract Tower,0,13,4,12,29,0,0,7,0,7,0,13,11,12,36,0,10,10,46
04/07/2005,LAW,OK,ASW,CE,Federal Contract Tower,0,11,2,80,93,0,0,2,0,2,0,11,4,80,95,0,10,10,105
04/08/2005,LAW,OK,ASW,CE,Federal Contract Tower,0,13,4,113,130,0,0,15,0,15,0,13,19,113,145,0,0,0,145
04/09/2005,LAW,OK,ASW,CE,Federal Contract Tower,0,11,15,48,74,0,0,20,0,20,0,11,35,48,94,2,10,12,106
04/10/2005,LAW,OK,ASW,CE,Federal Contract Tower,0,10,5,3,18,0,0,13,0,13,0,10,18,3,31,0,0,0,31
04/11/2005,LAW,OK,ASW,CE,Federal Contract Tower,0,10,8,0,18,0,0,21,0,21,0,10,29,0,39,0,0,0,39
04/12/2005,LAW,OK,ASW,CE,Federal Contract Tower,0,13,7,12,32,0,0,3,0,3,0,13,10,12,35,0,0,0,35
04/13/2005,LAW,OK,ASW,CE,Federal Contract Tower,0,11,3,78,92,0,0,14,0,14,0,11,17,78,106,10,0,10,116
04/14/2005,LAW,OK,ASW,CE,Federal Contract Tower,0,12,5,83,100,0,0,33,0,33,0,12,38,83,133,0,0,0,133
04/15/2005,LAW,OK,ASW,CE,Federal Contract Tower,0,11,13,44,68,0,0,16,0,16,0,11,29,44,84,6,0,6,90
04/16/2005,LAW,OK,ASW,CE,Federal Contract Tower,0,11,14,0,25,0,0,12,0,12,0,11,26,0,37,0,0,0,37
04/17/2005,LAW,OK,ASW,CE,Federal Contract Tower,0,9,7,0,16,0,0,21,0,21,0,9,28,0,37,0,0,0,37
04/18/2005,LAW,OK,ASW,CE,Federal Contract Tower,0,11,1,9,21,0,0,16,0,16,0,11,17,9,37,0,6,6,43
04/19/2005,LAW,OK,ASW,CE,Federal Contract Tower,0,12,5,40,57,0,0,10,0,10,0,12,15,40,67,0,0,0,67
04/20/2005,LAW,OK,ASW,CE,Federal Contract Tower,0,11,14,92,117,0,0,6,0,6,0,11,20,92,123,0,0,0,123
04/21/2005,LAW,OK,ASW,CE,Federal Contract Tower,0,11,6,70,87,0,0,5,0,5,0,11,11,70,92,0,0,0,92
04/22/2005,LAW,OK,ASW,CE,Federal Contract Tower,0,11,9,78,98,0,0,11,0,11,0,11,20,78,109,0,0,0,109
04/23/2005,LAW,OK,ASW,CE,Federal Contract Tower,0,11,6,64,81,0,0,13,0,13,0,11,19,64,94,0,0,0,94
04/24/2005,LAW,OK,ASW,CE,Federal Contract Tower,0,10,2,0,12,0,0,15,0,15,0,10,17,0,27,0,0,0,27
04/25/2005,LAW,OK,ASW,CE,Federal Contract Tower,0,11,2,0,13,0,0,14,0,14,0,11,16,0,27,0,0,0,27
04/26/2005,LAW,OK,ASW,CE,Federal Contract Tower,0,9,10,62,81,0,0,2,0,2,0,9,12,62,83,0,0,0,83
04/27/2005,LAW,OK,ASW,CE,Federal Contract Tower,0,11,6,110,127,0,0,15,0,15,0,11,21,110,142,0,0,0,142
04/28/2005,LAW,OK,ASW,CE,Federal Contract Tower,2,11,1,86,100,0,0,36,0,36,2,11,37,86,136,18,0,18,154
04/29/2005,LAW,OK,ASW,CE,Federal Contract Tower,0,11,2,118,131,0,0,13,0,13,0,11,15,118,144,0,6,6,150
04/30/2005,LAW,OK,ASW,CE,Federal Contract Tower,0,11,10,128,149,0,0,5,0,5,0,11,15,128,154,0,0,0,154
05/01/2005,LAW,OK,ASW,CE,Federal Contract Tower,0,10,8,0,18,0,0,29,0,29,0,10,37,0,47,10,0,10,57
05/02/2005,LAW,OK,ASW,CE,Federal Contract Tower,0,11,3,8,22,0,0,20,0,20,0,11,23,8,42,10,10,20,62
05/03/2005,LAW,OK,ASW,CE,Federal Contract Tower,0,13,6,169,188,0,0,0,0,0,0,13,6,169,188,0,0,0,188
05/04/2005,LAW,OK,ASW,CE,Federal Contract Tower,0,13,5,268,286,0,0,11,0,11,0,13,16,268,297,0,6,6,303
05/05/2005,LAW,OK,ASW,CE,Federal Contract Tower,2,11,14,0,27,0,0,1,0,1,2,11,15,0,28,0,0,0,28
05/06/2005,LAW,OK,ASW,CE,Federal Contract Tower,0,12,4,146,162,0,0,0,0,0,0,12,4,146,162,0,0,0,162
05/07/2005,LAW,OK,ASW,CE,Federal Contract Tower,0,11,2,46,59,0,0,19,0,19,0,11,21,46,78,10,0,10,88
05/08/2005,LAW,OK,ASW,CE,Federal Contract Tower,0,9,18,0,27,0,0,20,0,20,0,9,38,0,47,20,0,20,67
05/09/2005,LAW,OK,ASW,CE,Federal Contract Tower,0,9,10,8,27,0,0,10,0,10,0,9,20,8,37,12,0,12,49
05/10/2005,LAW,OK,ASW,CE,Federal Contract Tower,0,9,5,46,60,0,0,18,0,18,0,9,23,46,78,40,0,40,118
05/11/2005,LAW,OK,ASW,CE,Federal Contract Tower,0,13,7,18,38,0,0,16,0,16,0,13,23,18,54,0,0,0,54
05/12/2005,LAW,OK,ASW,CE,Federal Contract Tower,0,12,9,36,57,0,0,12,0,12,0,12,21,36,69,0,0,0,69
05/13/2005,LAW,OK,ASW,CE,Federal Contract Tower,0,12,2,54,68,0,0,8,0,8,0,12,10,54,76,0,0,0,76
05/14/2005,LAW,OK,ASW,CE,Federal Contract Tower,0,11,20,92,123,0,0,5,0,5,0,11,25,92,128,16,0,16,144
05/15/2005,LAW,OK,ASW,CE,Federal Contract Tower,0,10,6,2,18,0,0,21,2,23,0,10,27,4,41,26,0,26,67
05/16/2005,LAW,OK,ASW,CE,Federal Contract Tower,0,11,7,42,60,0,0,45,0,45,0,11,52,42,105,72,0,72,177
05/17/2005,LAW,OK,ASW,CE,Federal Contract Tower,0,11,5,80,96,0,0,9,0,9,0,11,14,80,105,20,0,20,125
05/18/2005,LAW,OK,ASW,CE,Federal Contract Tower,0,12,6,65,83,0,0,20,0,20,0,12,26,65,103,32,0,32,135
05/19/2005,LAW,OK,ASW,CE,Federal Contract Tower,0,13,7,79,99,0,0,8,0,8,0,13,15,79,107,24,0,24,131
05/20/2005,LAW,OK,ASW,CE,Federal Contract Tower,0,11,6,122,139,0,0,14,0,14,0,11,20,122,153,0,0,0,153
05/21/2005,LAW,OK,ASW,CE,Federal Contract Tower,0,12,7,129,148,0,0,22,0,22,0,12,29,129,170,0,10,10,180
05/22/2005,LAW,OK,ASW,CE,Federal Contract Tower,0,10,9,0,19,0,0,22,0,22,0,10,31,0,41,0,0,0,41
05/23/2005,LAW,OK,ASW,CE,Federal Contract Tower,0,11,11,15,37,0,0,20,0,20,0,11,31,15,57,8,16,24,81
05/24/2005,LAW,OK,ASW,CE,Federal Contract Tower,0,10,10,66,86,0,0,10,0,10,0,10,20,66,96,0,0,0,96
05/25/2005,LAW,OK,ASW,CE,Federal Contract Tower,0,12,4,47,63,0,0,9,0,9,0,12,13,47,72,0,0,0,72
05/26/2005,LAW,OK,ASW,CE,Federal Contract Tower,0,8,0,0,8,0,0,4,4,8,0,8,4,4,16,0,0,0,16
05/27/2005,LAW,OK,ASW,CE,Federal Contract Tower,0,11,4,22,37,0,0,3,0,3,0,11,7,22,40,0,0,0,40
05/28/2005,LAW,OK,ASW,CE,Federal Contract Tower,0,11,13,10,34,0,0,18,0,18,0,11,31,10,52,16,0,16,68
05/29/2005,LAW,OK,ASW,CE,Federal Contract Tower,0,9,11,0,20,0,0,21,0,21,0,9,32,0,41,10,0,10,51
05/30/2005,LAW,OK,ASW,CE,Federal Contract Tower,0,9,5,0,14,0,0,6,0,6,0,9,11,0,20,4,0,4,24
05/31/2005,LAW,OK,ASW,CE,Federal Contract Tower,0,11,3,0,14,0,0,15,0,15,0,11,18,0,29,8,0,8,37
06/01/2005,LAW,OK,ASW,CE,Federal Contract Tower,0,11,6,4,21,0,0,4,0,4,0,11,10,4,25,0,0,0,25
06/02/2005,LAW,OK,ASW,CE,Federal Contract Tower,0,11,11,77,99,0,0,17,0,17,0,11,28,77,116,0,0,0,116
06/03/2005,LAW,OK,ASW,CE,Federal Contract Tower,0,11,6,38,55,0,0,16,0,16,0,11,22,38,71,0,10,10,81
06/04/2005,LAW,OK,ASW,CE,Federal Contract Tower,0,11,7,0,18,0,0,10,0,10,0,11,17,0,28,0,0,0,28
06/05/2005,LAW,OK,ASW,CE,Federal Contract Tower,0,10,13,0,23,0,0,13,0,13,0,10,26,0,36,18,0,18,54
06/06/2005,LAW,OK,ASW,CE,Federal Contract Tower,0,13,12,4,29,0,0,12,0,12,0,13,24,4,41,0,0,0,41
06/07/2005,LAW,OK,ASW,CE,Federal Contract Tower,0,10,9,128,147,0,0,20,0,20,0,10,29,128,167,0,0,0,167
06/08/2005,LAW,OK,ASW,CE,Federal Contract Tower,0,11,8,124,143,0,0,16,0,16,0,11,24,124,159,10,14,24,183
06/09/2005,LAW,OK,ASW,CE,Federal Contract Tower,0,12,4,116,132,0,0,25,0,25,0,12,29,116,157,0,0,0,157
06/10/2005,LAW,OK,ASW,CE,Federal Contract Tower,0,9,6,106,121,0,0,0,4,4,0,9,6,110,125,0,18,18,143
06/11/2005,LAW,OK,ASW,CE,Federal Contract Tower,2,11,8,61,82,0,0,8,0,8,2,11,16,61,90,0,0,0,90
06/12/2005,LAW,OK,ASW,CE,Federal Contract Tower,0,9,6,0,15,0,0,21,0,21,0,9,27,0,36,10,0,10,46
06/13/2005,LAW,OK,ASW,CE,Federal Contract Tower,0,9,1,4,14,0,0,13,6,19,0,9,14,10,33,8,0,8,41
06/14/2005,LAW,OK,ASW,CE,Federal Contract Tower,0,12,4,18,34,0,0,10,0,10,0,12,14,18,44,0,5,5,49
06/15/2005,LAW,OK,ASW,CE,Federal Contract Tower,0,10,3,124,137,0,0,23,0,23,0,10,26,124,160,8,10,18,178
06/16/2005,LAW,OK,ASW,CE,Federal Contract Tower,0,8,6,50,64,0,0,22,0,22,0,8,28,50,86,0,0,0,86
06/17/2005,LAW,OK,ASW,CE,Federal Contract Tower,0,10,15,86,111,0,0,9,0,9,0,10,24,86,120,22,0,22,142
06/18/2005,LAW,OK,ASW,CE,Federal Contract Tower,2,8,6,142,158,0,0,29,0,29,2,8,35,142,187,0,10,10,197
06/19/2005,LAW,OK,ASW,CE,Federal Contract Tower,0,9,7,0,16,0,0,21,0,21,0,9,28,0,37,14,0,14,51
06/20/2005,LAW,OK,ASW,CE,Federal Contract Tower,0,9,2,12,23,0,0,24,0,24,0,9,26,12,47,0,0,0,47
06/21/2005,LAW,OK,ASW,CE,Federal Contract Tower,0,9,1,160,170,0,0,8,0,8,0,9,9,160,178,0,10,10,188
06/22/2005,LAW,OK,ASW,CE,Federal Contract Tower,0,9,9,166,184,0,0,1,0,1,0,9,10,166,185,0,6,6,191
06/23/2005,LAW,OK,ASW,CE,Federal Contract Tower,0,7,2,160,169,0,0,21,0,21,0,7,23,160,190,10,0,10,200
06/24/2005,LAW,OK,ASW,CE,Federal Contract Tower,0,11,12,176,199,0,0,15,0,15,0,11,27,176,214,0,0,0,214
06/25/2005,LAW,OK,ASW,CE,Federal Contract Tower,0,11,11,140,162,0,0,13,0,13,0,11,24,140,175,26,8,34,209
06/26/2005,LAW,OK,ASW,CE,Federal Contract Tower,0,12,14,0,26,0,0,45,0,45,0,12,59,0,71,20,0,20,91
06/27/2005,LAW,OK,ASW,CE,Federal Contract Tower,0,11,12,14,37,0,0,11,0,11,0,11,23,14,48,20,0,20,68
06/28/2005,LAW,OK,ASW,CE,Federal Contract Tower,0,9,4,78,91,0,0,11,0,11,0,9,15,78,102,0,0,0,102
06/29/2005,LAW,OK,ASW,CE,Federal Contract Tower,0,9,3,107,119,0,0,28,0,28,0,9,31,107,147,10,0,10,157
06/30/2005,LAW,OK,ASW,CE,Federal Contract Tower,0,8,0,161,169,0,0,28,0,28,0,8,28,161,197,28,62,90,287
07/01/2005,LAW,OK,ASW,CE,Federal Contract Tower,0,9,3,129,141,0,0,22,0,22,0,9,25,129,163,0,0,0,163
07/02/2005,LAW,OK,ASW,CE,Federal Contract Tower,0,14,6,0,20,0,0,19,0,19,0,14,25,0,39,0,0,0,39
07/03/2005,LAW,OK,ASW,CE,Federal Contract Tower,0,8,4,0,12,0,0,30,0,30,0,8,34,0,42,0,0,0,42
07/04/2005,LAW,OK,ASW,CE,Federal Contract Tower,0,9,0,0,9,0,0,13,0,13,0,9,13,0,22,4,0,4,26
07/05/2005,LAW,OK,ASW,CE,Federal Contract Tower,0,9,8,4,21,0,0,15,0,15,0,9,23,4,36,30,0,30,66
07/06/2005,LAW,OK,ASW,CE,Federal Contract Tower,0,9,6,78,93,0,0,12,0,12,0,9,18,78,105,0,0,0,105
07/07/2005,LAW,OK,ASW,CE,Federal Contract Tower,0,12,8,196,216,0,0,10,0,10,0,12,18,196,226,22,0,22,248
07/08/2005,LAW,OK,ASW,CE,Federal Contract Tower,0,9,13,148,170,0,0,21,0,21,0,9,34,148,191,0,0,0,191
07/09/2005,LAW,OK,ASW,CE,Federal Contract Tower,0,9,0,180,189,0,0,21,0,21,0,9,21,180,210,0,8,8,218
07/10/2005,LAW,OK,ASW,CE,Federal Contract Tower,0,9,10,4,23,0,0,34,10,44,0,9,44,14,67,16,0,16,83
07/11/2005,LAW,OK,ASW,CE,Federal Contract Tower,0,8,5,124,137,0,0,15,0,15,0,8,20,124,152,0,0,0,152
07/12/2005,LAW,OK,ASW,CE,Federal Contract Tower,0,10,6,110,126,0,0,15,0,15,0,10,21,110,141,0,0,0,141
07/13/2005,LAW,OK,ASW,CE,Federal Contract Tower,0,10,6,110,126,0,0,15,0,15,0,10,21,110,141,0,0,0,141
07/14/2005,LAW,OK,ASW,CE,Federal Contract Tower,0,9,3,150,162,0,0,8,0,8,0,9,11,150,170,0,0,0,170
07/15/2005,LAW,OK,ASW,CE,Federal Contract Tower,0,11,9,148,168,0,0,12,0,12,0,11,21,148,180,0,0,0,180
07/16/2005,LAW,OK,ASW,CE,Federal Contract Tower,0,12,5,174,191,0,0,17,0,17,0,12,22,174,208,0,20,20,228
07/17/2005,LAW,OK,ASW,CE,Federal Contract Tower,0,11,8,2,21,0,0,17,0,17,0,11,25,2,38,0,0,0,38
07/18/2005,LAW,OK,ASW,CE,Federal Contract Tower,0,8,4,11,23,0,0,32,3,35,0,8,36,14,58,20,10,30,88
07/19/2005,LAW,OK,ASW,CE,Federal Contract Tower,0,11,0,140,151,0,0,6,0,6,0,11,6,140,157,0,0,0,157
07/20/2005,LAW,OK,ASW,CE,Federal Contract Tower,0,11,2,146,159,0,0,23,0,23,0,11,25,146,182,0,0,0,182
07/21/2005,LAW,OK,ASW,CE,Federal Contract Tower,0,9,0,157,166,0,0,14,0,14,0,9,14,157,180,0,0,0,180
07/22/2005,LAW,OK,ASW,CE,Federal Contract Tower,0,9,15,92,116,0,0,12,0,12,0,9,27,92,128,10,14,24,152
07/23/2005,LAW,OK,ASW,CE,Federal Contract Tower,0,9,0,74,83,0,0,10,0,10,0,9,10,74,93,0,8,8,101
07/24/2005,LAW,OK,ASW,CE,Federal Contract Tower,0,9,6,2,17,0,0,8,0,8,0,9,14,2,25,0,0,0,25
07/25/2005,LAW,OK,ASW,CE,Federal Contract Tower,0,10,0,0,10,0,0,17,0,17,0,10,17,0,27,10,0,10,37
07/26/2005,LAW,OK,ASW,CE,Federal Contract Tower,0,9,0,24,33,0,0,29,0,29,0,9,29,24,62,0,0,0,62
07/27/2005,LAW,OK,ASW,CE,Federal Contract Tower,0,9,5,70,84,0,0,0,0,0,0,9,5,70,84,0,0,0,84
07/28/2005,LAW,OK,ASW,CE,Federal Contract Tower,0,9,1,48,58,0,0,9,0,9,0,9,10,48,67,0,0,0,67
07/29/2005,LAW,OK,ASW,CE,Federal Contract Tower,0,9,4,82,95,0,0,14,0,14,0,9,18,82,109,0,0,0,109
07/30/2005,LAW,OK,ASW,CE,Federal Contract Tower,0,9,10,116,135,0,0,36,0,36,0,9,46,116,171,10,46,56,227
07/31/2005,LAW,OK,ASW,CE,Federal Contract Tower,0,9,4,0,13,0,0,45,0,45,0,9,49,0,58,20,0,20,78
08/01/2005,LAW,OK,ASW,CE,Federal Contract Tower,1,9,10,0,20,0,0,34,0,34,1,9,44,0,54,4,0,4,58
08/02/2005,LAW,OK,ASW,CE,Federal Contract Tower,1,9,0,106,116,0,0,25,0,25,1,9,25,106,141,10,0,10,151
08/03/2005,LAW,OK,ASW,CE,Federal Contract Tower,0,10,4,148,162,0,0,3,0,3,0,10,7,148,165,0,10,10,175
08/04/2005,LAW,OK,ASW,CE,Federal Contract Tower,0,9,1,122,132,0,0,11,0,11,0,9,12,122,143,0,0,0,143
08/05/2005,LAW,OK,ASW,CE,Federal Contract Tower,0,12,1,176,189,0,0,10,0,10,0,12,11,176,199,0,0,0,199
08/06/2005,LAW,OK,ASW,CE,Federal Contract Tower,0,14,14,156,184,0,0,23,0,23,0,14,37,156,207,10,24,34,241
08/07/2005,LAW,OK,ASW,CE,Federal Contract Tower,2,11,27,32,72,0,0,10,0,10,2,11,37,32,82,10,20,30,112
08/08/2005,LAW,OK,ASW,CE,Federal Contract Tower,0,7,17,10,34,0,0,13,0,13,0,7,30,10,47,16,0,16,63
08/09/2005,LAW,OK,ASW,CE,Federal Contract Tower,0,9,1,104,114,0,0,6,0,6,0,9,7,104,120,4,0,4,124
08/10/2005,LAW,OK,ASW,CE,Federal Contract Tower,0,9,4,120,133,0,0,6,0,6,0,9,10,120,139,0,0,0,139
08/11/2005,LAW,OK,ASW,CE,Federal Contract Tower,0,8,1,166,175,0,0,9,0,9,0,8,10,166,184,12,8,20,204
08/12/2005,LAW,OK,ASW,CE,Federal Contract Tower,0,9,9,98,116,0,0,22,0,22,0,9,31,98,138,0,0,0,138
08/13/2005,LAW,OK,ASW,CE,Federal Contract Tower,0,10,5,1,16,0,0,8,0,8,0,10,13,1,24,0,0,0,24
08/14/2005,LAW,OK,ASW,CE,Federal Contract Tower,0,8,5,0,13,0,0,3,0,3,0,8,8,0,16,0,0,0,16
08/15/2005,LAW,OK,ASW,CE,Federal Contract Tower,0,9,0,66,75,0,0,1,0,1,0,9,1,66,76,0,0,0,76
08/16/2005,LAW,OK,ASW,CE,Federal Contract Tower,0,6,3,45,54,0,0,3,0,3,0,6,6,45,57,0,0,0,57
08/17/2005,LAW,OK,ASW,CE,Federal Contract Tower,2,8,5,172,187,0,0,10,0,10,2,8,15,172,197,0,0,0,197
08/18/2005,LAW,OK,ASW,CE,Federal Contract Tower,0,7,20,166,193,0,0,13,0,13,0,7,33,166,206,0,0,0,206
08/19/2005,LAW,OK,ASW,CE,Federal Contract Tower,0,11,10,117,138,0,0,10,0,10,0,11,20,117,148,38,0,38,186
08/20/2005,LAW,OK,ASW,CE,Federal Contract Tower,0,10,1,0,11,0,0,15,0,15,0,10,16,0,26,48,0,48,74
08/21/2005,LAW,OK,ASW,CE,Federal Contract Tower,0,10,4,6,20,0,0,11,0,11,0,10,15,6,31,10,0,10,41
08/22/2005,LAW,OK,ASW,CE,Federal Contract Tower,0,9,3,184,196,0,0,6,0,6,0,9,9,184,202,0,0,0,202
08/23/2005,LAW,OK,ASW,CE,Federal Contract Tower,0,10,5,101,116,0,0,13,0,13,0,10,18,101,129,0,0,0,129
08/24/2005,LAW,OK,ASW,CE,Federal Contract Tower,0,10,6,186,202,0,0,14,0,14,0,10,20,186,216,0,0,0,216
08/25/2005,LAW,OK,ASW,CE,Federal Contract Tower,0,13,6,194,213,0,0,6,0,6,0,13,12,194,219,12,0,12,231
08/26/2005,LAW,OK,ASW,CE,Federal Contract Tower,0,11,0,148,159,0,0,15,0,15,0,11,15,148,174,10,2,12,186
08/27/2005,LAW,OK,ASW,CE,Federal Contract Tower,2,9,4,0,15,0,0,4,0,4,2,9,8,0,19,0,0,0,19
08/28/2005,LAW,OK,ASW,CE,Federal Contract Tower,0,9,16,2,27,0,0,19,0,19,0,9,35,2,46,0,0,0,46
08/29/2005,LAW,OK,ASW,CE,Federal Contract Tower,0,9,13,188,210,0,0,10,1,11,0,9,23,189,221,0,0,0,221
08/30/2005,LAW,OK,ASW,CE,Federal Contract Tower,0,11,4,260,275,0,0,12,0,12,0,11,16,260,287,0,0,0,287
08/31/2005,LAW,OK,ASW,CE,Federal Contract Tower,0,11,28,224,263,0,0,10,0,10,0,11,38,224,273,0,0,0,273
09/01/2005,LAW,OK,ASW,CE,Federal Contract Tower,0,9,59,260,328,0,0,16,0,16,0,9,75,260,344,18,12,30,374
09/02/2005,LAW,OK,ASW,CE,Federal Contract Tower,0,12,3,162,177,0,0,15,0,15,0,12,18,162,192,0,0,0,192
09/03/2005,LAW,OK,ASW,CE,Federal Contract Tower,0,12,4,2,18,0,0,25,0,25,0,12,29,2,43,10,0,10,53
09/04/2005,LAW,OK,ASW,CE,Federal Contract Tower,0,12,20,0,32,0,0,23,0,23,0,12,43,0,55,10,0,10,65
09/05/2005,LAW,OK,ASW,CE,Federal Contract Tower,3,10,11,0,24,1,0,21,4,26,4,10,32,4,50,8,0,8,58
09/06/2005,LAW,OK,ASW,CE,Federal Contract Tower,0,10,3,62,75,0,0,5,0,5,0,10,8,62,80,0,0,0,80
09/07/2005,LAW,OK,ASW,CE,Federal Contract Tower,0,9,1,38,48,0,0,9,0,9,0,9,10,38,57,0,0,0,57
09/08/2005,LAW,OK,ASW,CE,Federal Contract Tower,3,10,0,62,75,0,0,10,0,10,3,10,10,62,85,0,12,12,97
09/09/2005,LAW,OK,ASW,CE,Federal Contract Tower,0,9,13,102,124,0,0,16,0,16,0,9,29,102,140,0,0,0,140
09/10/2005,LAW,OK,ASW,CE,Federal Contract Tower,0,9,3,0,12,0,0,15,0,15,0,9,18,0,27,0,0,0,27
09/11/2005,LAW,OK,ASW,CE,Federal Contract Tower,2,9,4,16,31,0,0,6,0,6,2,9,10,16,37,6,0,6,43
09/12/2005,LAW,OK,ASW,CE,Federal Contract Tower,0,9,0,122,131,0,0,5,0,5,0,9,5,122,136,0,0,0,136
09/13/2005,LAW,OK,ASW,CE,Federal Contract Tower,0,10,6,96,112,0,0,8,0,8,0,10,14,96,120,0,10,10,130
09/14/2005,LAW,OK,ASW,CE,Federal Contract Tower,0,7,9,87,103,0,0,8,0,8,0,7,17,87,111,3,0,3,114
09/15/2005,LAW,OK,ASW,CE,Federal Contract Tower,0,7,21,156,184,0,0,19,0,19,0,7,40,156,203,0,0,0,203
09/16/2005,LAW,OK,ASW,CE,Federal Contract Tower,0,9,8,142,159,0,0,53,0,53,0,9,61,142,212,0,0,0,212
09/17/2005,LAW,OK,ASW,CE,Federal Contract Tower,0,9,13,0,22,0,0,19,0,19,0,9,32,0,41,10,0,10,51
09/18/2005,LAW,OK,ASW,CE,Federal Contract Tower,0,9,4,28,41,0,0,27,0,27,0,9,31,28,68,20,10,30,98
09/19/2005,LAW,OK,ASW,CE,Federal Contract Tower,0,9,22,153,184,0,0,21,0,21,0,9,43,153,205,6,10,16,221
09/20/2005,LAW,OK,ASW,CE,Federal Contract Tower,0,11,26,142,179,0,0,6,0,6,0,11,32,142,185,0,1,1,186
09/21/2005,LAW,OK,ASW,CE,Federal Contract Tower,0,9,23,156,188,0,0,17,0,17,0,9,40,156,205,0,0,0,205
09/22/2005,LAW,OK,ASW,CE,Federal Contract Tower,0,9,1,112,122,0,0,16,0,16,0,9,17,112,138,10,10,20,158
09/23/2005,LAW,OK,ASW,CE,Federal Contract Tower,2,10,7,101,120,0,0,35,0,35,2,10,42,101,155,22,0,22,177
09/24/2005,LAW,OK,ASW,CE,Federal Contract Tower,0,9,2,3,14,0,0,1,1,2,0,9,3,4,16,16,0,16,32
09/25/2005,LAW,OK,ASW,CE,Federal Contract Tower,0,11,1,0,12,0,0,8,0,8,0,11,9,0,20,12,0,12,32
09/26/2005,LAW,OK,ASW,CE,Federal Contract Tower,0,9,4,24,37,0,0,9,0,9,0,9,13,24,46,0,0,0,46
09/27/2005,LAW,OK,ASW,CE,Federal Contract Tower,0,9,4,52,65,0,0,10,0,10,0,9,14,52,75,0,0,0,75
09/28/2005,LAW,OK,ASW,CE,Federal Contract Tower,0,7,1,8,16,0,0,10,0,10,0,7,11,8,26,0,0,0,26
09/29/2005,LAW,OK,ASW,CE,Federal Contract Tower,0,10,3,36,49,0,0,19,0,19,0,10,22,36,68,0,0,0,68
09/30/2005,LAW,OK,ASW,CE,Federal Contract Tower,2,11,7,0,20,0,0,14,0,14,2,11,21,0,34,0,0,0,34
10/01/2005,LAW,OK,ASW,CE,Federal Contract Tower,0,14,17,7,38,0,0,8,0,8,0,14,25,7,46,20,0,20,66
10/02/2005,LAW,OK,ASW,CE,Federal Contract Tower,0,12,25,0,37,0,0,19,0,19,0,12,44,0,56,16,0,16,72
10/03/2005,LAW,OK,ASW,CE,Federal Contract Tower,0,9,1,78,88,0,0,19,0,19,0,9,20,78,107,10,20,30,137
10/04/2005,LAW,OK,ASW,CE,Federal Contract Tower,0,9,4,34,47,0,0,23,0,23,0,9,27,34,70,0,0,0,70
10/05/2005,LAW,OK,ASW,CE,Federal Contract Tower,2,9,4,84,99,0,0,1,0,1,2,9,5,84,100,0,0,0,100
10/06/2005,LAW,OK,ASW,CE,Federal Contract Tower,2,8,3,8,21,0,0,11,0,11,2,8,14,8,32,0,0,0,32
10/07/2005,LAW,OK,ASW,CE,Federal Contract Tower,0,8,1,0,9,0,0,18,0,18,0,8,19,0,27,0,0,0,27
10/08/2005,LAW,OK,ASW,CE,Federal Contract Tower,0,10,19,0,29,0,0,26,0,26,0,10,45,0,55,10,0,10,65
10/09/2005,LAW,OK,ASW,CE,Federal Contract Tower,0,9,9,0,18,0,0,24,0,24,0,9,33,0,42,18,0,18,60
10/10/2005,LAW,OK,ASW,CE,Federal Contract Tower,1,11,9,0,21,0,0,22,0,22,1,11,31,0,43,0,0,0,43
10/11/2005,LAW,OK,ASW,CE,Federal Contract Tower,0,9,5,82,96,0,0,1,0,1,0,9,6,82,97,0,0,0,97
10/12/2005,LAW,OK,ASW,CE,Federal Contract Tower,0,7,4,65,76,0,0,5,0,5,0,7,9,65,81,0,0,0,81
10/13/2005,LAW,OK,ASW,CE,Federal Contract Tower,0,7,2,52,61,0,0,4,0,4,0,7,6,52,65,0,0,0,65
10/14/2005,LAW,OK,ASW,CE,Federal Contract Tower,0,9,2,78,89,0,0,16,0,16,0,9,18,78,105,0,0,0,105
10/15/2005,LAW,OK,ASW,CE,Federal Contract Tower,2,9,34,0,45,0,0,15,1,16,2,9,49,1,61,30,0,30,91
10/16/2005,LAW,OK,ASW,CE,Federal Contract Tower,0,12,7,4,23,0,0,9,0,9,0,12,16,4,32,24,0,24,56
10/17/2005,LAW,OK,ASW,CE,Federal Contract Tower,0,7,4,113,124,0,0,19,0,19,0,7,23,113,143,0,0,0,143
10/18/2005,LAW,OK,ASW,CE,Federal Contract Tower,0,9,1,127,137,0,0,28,0,28,0,9,29,127,165,10,0,10,175
10/19/2005,LAW,OK,ASW,CE,Federal Contract Tower,0,9,6,68,83,0,0,12,0,12,0,9,18,68,95,0,0,0,95
10/20/2005,LAW,OK,ASW,CE,Federal Contract Tower,0,9,2,97,108,0,0,20,0,20,0,9,22,97,128,10,0,10,138
10/21/2005,LAW,OK,ASW,CE,Federal Contract Tower,0,11,10,131,152,0,0,3,0,3,0,11,13,131,155,0,0,0,155
10/22/2005,LAW,OK,ASW,CE,Federal Contract Tower,2,5,6,2,15,0,0,40,0,40,2,5,46,2,55,0,0,0,55
10/23/2005,LAW,OK,ASW,CE,Federal Contract Tower,0,8,1,16,25,0,0,5,0,5,0,8,6,16,30,0,0,0,30
10/24/2005,LAW,OK,ASW,CE,Federal Contract Tower,0,9,2,142,153,0,0,22,0,22,0,9,24,142,175,10,6,16,191
10/25/2005,LAW,OK,ASW,CE,Federal Contract Tower,0,9,10,116,135,0,0,12,0,12,0,9,22,116,147,0,10,10,157
10/26/2005,LAW,OK,ASW,CE,Federal Contract Tower,2,9,0,120,131,0,0,18,0,18,2,9,18,120,149,0,24,24,173
10/27/2005,LAW,OK,ASW,CE,Federal Contract Tower,0,7,12,110,129,0,0,14,0,14,0,7,26,110,143,16,10,26,169
10/28/2005,LAW,OK,ASW,CE,Federal Contract Tower,0,9,2,128,139,0,0,25,0,25,0,9,27,128,164,10,0,10,174
10/29/2005,LAW,OK,ASW,CE,Federal Contract Tower,0,9,2,0,11,0,0,14,0,14,0,9,16,0,25,0,0,0,25
10/30/2005,LAW,OK,ASW,CE,Federal Contract Tower,1,9,16,24,50,0,0,10,0,10,1,9,26,24,60,10,6,16,76
10/31/2005,LAW,OK,ASW,CE,Federal Contract Tower,0,6,3,168,177,0,0,4,0,4,0,6,7,168,181,0,0,0,181
11/01/2005,LAW,OK,ASW,CE,Federal Contract Tower,2,7,3,174,186,0,0,9,0,9,2,7,12,174,195,0,0,0,195
11/02/2005,LAW,OK,ASW,CE,Federal Contract Tower,0,9,0,163,172,0,0,15,0,15,0,9,15,163,187,10,20,30,217
11/03/2005,LAW,OK,ASW,CE,Federal Contract Tower,2,10,2,107,121,0,0,6,0,6,2,10,8,107,127,0,0,0,127
11/04/2005,LAW,OK,ASW,CE,Federal Contract Tower,0,12,8,181,201,0,0,14,0,14,0,12,22,181,215,30,0,30,245
11/05/2005,LAW,OK,ASW,CE,Federal Contract Tower,0,10,13,0,23,0,0,10,0,10,0,10,23,0,33,30,0,30,63
11/06/2005,LAW,OK,ASW,CE,Federal Contract Tower,0,9,12,10,31,0,0,51,0,51,0,9,63,10,82,30,10,40,122
11/07/2005,LAW,OK,ASW,CE,Federal Contract Tower,2,11,2,188,203,0,0,8,0,8,2,11,10,188,211,10,0,10,221
11/08/2005,LAW,OK,ASW,CE,Federal Contract Tower,0,12,4,126,142,0,0,12,0,12,0,12,16,126,154,0,0,0,154
11/09/2005,LAW,OK,ASW,CE,Federal Contract Tower,2,9,3,144,158,0,0,13,0,13,2,9,16,144,171,0,0,0,171
11/10/2005,LAW,OK,ASW,CE,Federal Contract Tower,0,8,7,148,163,0,0,17,0,17,0,8,24,148,180,0,32,32,212
11/11/2005,LAW,OK,ASW,CE,Federal Contract Tower,0,10,17,0,27,0,0,42,0,42,0,10,59,0,69,40,0,40,109
11/12/2005,LAW,OK,ASW,CE,Federal Contract Tower,0,9,5,0,14,0,0,9,0,9,0,9,14,0,23,22,0,22,45
11/13/2005,LAW,OK,ASW,CE,Federal Contract Tower,0,8,0,1,9,0,0,8,0,8,0,8,8,1,17,0,0,0,17
11/14/2005,LAW,OK,ASW,CE,Federal Contract Tower,1,9,2,0,12,0,0,19,0,19,1,9,21,0,31,8,0,8,39
11/15/2005,LAW,OK,ASW,CE,Federal Contract Tower,0,9,5,102,116,0,0,4,0,4,0,9,9,102,120,0,0,0,120
11/16/2005,LAW,OK,ASW,CE,Federal Contract Tower,0,9,8,220,237,0,0,19,0,19,0,9,27,220,256,10,10,20,276
11/17/2005,LAW,OK,ASW,CE,Federal Contract Tower,0,9,3,150,162,0,0,30,0,30,0,9,33,150,192,0,0,0,192
11/18/2005,LAW,OK,ASW,CE,Federal Contract Tower,0,10,3,161,174,0,0,12,0,12,0,10,15,161,186,4,26,30,216
11/19/2005,LAW,OK,ASW,CE,Federal Contract Tower,2,11,14,0,27,0,0,15,0,15,2,11,29,0,42,12,0,12,54
11/20/2005,LAW,OK,ASW,CE,Federal Contract Tower,2,9,8,5,24,0,0,10,0,10,2,9,18,5,34,18,0,18,52
11/21/2005,LAW,OK,ASW,CE,Federal Contract Tower,0,10,6,192,208,0,0,1,0,1,0,10,7,192,209,0,0,0,209
11/22/2005,LAW,OK,ASW,CE,Federal Contract Tower,0,9,0,224,233,0,0,11,0,11,0,9,11,224,244,0,0,0,244
11/23/2005,LAW,OK,ASW,CE,Federal Contract Tower,8,11,19,144,182,0,0,39,0,39,8,11,58,144,221,20,0,20,241
11/24/2005,LAW,OK,ASW,CE,Federal Contract Tower,0,6,7,0,13,0,0,12,0,12,0,6,19,0,25,0,0,0,25
11/25/2005,LAW,OK,ASW,CE,Federal Contract Tower,0,7,18,0,25,0,0,19,0,19,0,7,37,0,44,8,0,8,52
11/26/2005,LAW,OK,ASW,CE,Federal Contract Tower,0,8,3,0,11,0,0,13,0,13,0,8,16,0,24,16,0,16,40
11/27/2005,LAW,OK,ASW,CE,Federal Contract Tower,2,8,0,0,10,0,0,3,0,3,2,8,3,0,13,0,0,0,13
11/28/2005,LAW,OK,ASW,CE,Federal Contract Tower,0,9,0,188,197,0,0,6,0,6,0,9,6,188,203,0,0,0,203
11/29/2005,LAW,OK,ASW,CE,Federal Contract Tower,0,9,1,212,222,0,0,21,0,21,0,9,22,212,243,0,20,20,263
11/30/2005,LAW,OK,ASW,CE,Federal Contract Tower,0,12,1,82,95,0,0,11,0,11,0,12,12,82,106,0,6,6,112
12/01/2005,LAW,OK,ASW,CE,Federal Contract Tower,0,11,2,228,241,0,0,6,0,6,0,11,8,228,247,0,0,0,247
12/02/2005,LAW,OK,ASW,CE,Federal Contract Tower,1,9,1,70,81,0,0,12,0,12,1,9,13,70,93,0,10,10,103
12/03/2005,LAW,OK,ASW,CE,Federal Contract Tower,0,8,9,0,17,0,0,23,0,23,0,8,32,0,40,10,0,10,50
12/04/2005,LAW,OK,ASW,CE,Federal Contract Tower,0,12,13,34,59,0,0,19,0,19,0,12,32,34,78,28,6,34,112
12/05/2005,LAW,OK,ASW,CE,Federal Contract Tower,0,9,4,150,163,0,0,11,0,11,0,9,15,150,174,0,0,0,174
12/06/2005,LAW,OK,ASW,CE,Federal Contract Tower,0,9,6,174,189,0,0,7,0,7,0,9,13,174,196,0,10,10,206
12/07/2005,LAW,OK,ASW,CE,Federal Contract Tower,0,6,0,130,136,0,0,2,0,2,0,6,2,130,138,0,60,60,198
12/08/2005,LAW,OK,ASW,CE,Federal Contract Tower,2,9,4,164,179,0,0,3,0,3,2,9,7,164,182,0,0,0,182
12/09/2005,LAW,OK,ASW,CE,Federal Contract Tower,0,8,3,127,138,0,0,6,0,6,0,8,9,127,144,0,2,2,146
12/10/2005,LAW,OK,ASW,CE,Federal Contract Tower,0,8,6,3,17,0,0,15,0,15,0,8,21,3,32,0,0,0,32
12/11/2005,LAW,OK,ASW,CE,Federal Contract Tower,0,10,11,2,23,0,0,37,0,37,0,10,48,2,60,18,0,18,78
12/12/2005,LAW,OK,ASW,CE,Federal Contract Tower,2,12,1,162,177,0,0,12,0,12,2,12,13,162,189,0,0,0,189
12/13/2005,LAW,OK,ASW,CE,Federal Contract Tower,0,10,2,82,94,0,0,10,0,10,0,10,12,82,104,0,0,0,104
12/14/2005,LAW,OK,ASW,CE,Federal Contract Tower,0,10,4,194,208,0,0,23,0,23,0,10,27,194,231,0,0,0,231
12/15/2005,LAW,OK,ASW,CE,Federal Contract Tower,0,9,8,117,134,0,0,23,0,23,0,9,31,117,157,0,0,0,157
12/16/2005,LAW,OK,ASW,CE,Federal Contract Tower,5,10,7,236,258,0,0,25,0,25,5,10,32,236,283,0,0,0,283
12/17/2005,LAW,OK,ASW,CE,Federal Contract Tower,2,8,12,0,22,0,0,0,0,0,2,8,12,0,22,0,0,0,22
12/18/2005,LAW,OK,ASW,CE,Federal Contract Tower,0,9,4,2,15,0,0,0,0,0,0,9,4,2,15,10,0,10,25
12/19/2005,LAW,OK,ASW,CE,Federal Contract Tower,0,12,15,0,27,0,0,0,0,0,0,12,15,0,27,0,0,0,27
12/20/2005,LAW,OK,ASW,CE,Federal Contract Tower,0,9,2,44,55,0,0,0,0,0,0,9,2,44,55,0,0,0,55
12/21/2005,LAW,OK,ASW,CE,Federal Contract Tower,0,9,8,0,17,0,0,0,0,0,0,9,8,0,17,0,0,0,17
12/22/2005,LAW,OK,ASW,CE,Federal Contract Tower,2,8,9,66,85,0,0,23,0,23,2,8,32,66,108,0,0,0,108
12/23/2005,LAW,OK,ASW,CE,Federal Contract Tower,0,11,20,0,31,0,0,20,0,20,0,11,40,0,51,0,0,0,51
12/24/2005,LAW,OK,ASW,CE,Federal Contract Tower,0,6,0,0,6,0,0,3,0,3,0,6,3,0,9,0,0,0,9
12/25/2005,LAW,OK,ASW,CE,Federal Contract Tower,0,4,2,0,6,0,0,9,0,9,0,4,11,0,15,0,0,0,15
12/26/2005,LAW,OK,ASW,CE,Federal Contract Tower,0,9,3,0,12,0,0,34,0,34,0,9,37,0,46,0,0,0,46
12/27/2005,LAW,OK,ASW,CE,Federal Contract Tower,0,11,2,0,13,0,0,4,0,4,0,11,6,0,17,0,0,0,17
12/28/2005,LAW,OK,ASW,CE,Federal Contract Tower,0,9,6,0,15,0,0,9,0,9,0,9,15,0,24,10,0,10,34
12/29/2005,LAW,OK,ASW,CE,Federal Contract Tower,0,11,11,0,22,0,0,6,0,6,0,11,17,0,28,0,0,0,28
12/30/2005,LAW,OK,ASW,CE,Federal Contract Tower,0,9,12,0,21,0,0,15,0,15,0,9,27,0,36,0,0,0,36
12/31/2005,LAW,OK,ASW,CE,Federal Contract Tower,0,6,3,0,9,0,0,14,0,14,0,6,17,0,23,0,0,0,23
01/01/2006,LAW,OK,ASW,CE,Federal Contract Tower,0,9,10,0,19,0,0,3,0,3,0,9,13,0,22,0,0,0,22
01/02/2006,LAW,OK,ASW,CE,Federal Contract Tower,0,9,0,0,9,0,0,19,0,19,0,9,19,0,28,10,0,10,38
01/03/2006,LAW,OK,ASW,CE,Federal Contract Tower,0,9,0,116,125,0,0,8,0,8,0,9,8,116,133,0,0,0,133
01/04/2006,LAW,OK,ASW,CE,Federal Contract Tower,0,10,0,160,170,0,0,17,0,17,0,10,17,160,187,0,0,0,187
01/05/2006,LAW,OK,ASW,CE,Federal Contract Tower,0,8,0,162,170,0,0,2,0,2,0,8,2,162,172,0,0,0,172
01/06/2006,LAW,OK,ASW,CE,Federal Contract Tower,0,10,0,76,86,0,0,10,0,10,0,10,10,76,96,10,0,10,106
01/07/2006,LAW,OK,ASW,CE,Federal Contract Tower,0,8,3,0,11,0,0,11,0,11,0,8,14,0,22,0,0,0,22
01/08/2006,LAW,OK,ASW,CE,Federal Contract Tower,0,9,0,28,37,0,0,40,0,40,0,9,40,28,77,0,0,0,77
01/09/2006,LAW,OK,ASW,CE,Federal Contract Tower,0,9,7,118,134,0,0,2,0,2,0,9,9,118,136,0,0,0,136
01/10/2006,LAW,OK,ASW,CE,Federal Contract Tower,0,9,11,110,130,0,0,12,0,12,0,9,23,110,142,0,0,0,142
01/11/2006,LAW,OK,ASW,CE,Federal Contract Tower,0,9,2,106,117,0,0,4,0,4,0,9,6,106,121,0,0,0,121
01/12/2006,LAW,OK,ASW,CE,Federal Contract Tower,1,9,4,42,56,0,0,5,0,5,1,9,9,42,61,0,0,0,61
01/13/2006,LAW,OK,ASW,CE,Federal Contract Tower,0,9,4,110,123,0,0,10,0,10,0,9,14,110,133,0,0,0,133
01/14/2006,LAW,OK,ASW,CE,Federal Contract Tower,0,9,7,0,16,0,0,21,0,21,0,9,28,0,37,10,0,10,47
01/15/2006,LAW,OK,ASW,CE,Federal Contract Tower,1,9,7,0,17,0,0,8,0,8,1,9,15,0,25,10,0,10,35
01/16/2006,LAW,OK,ASW,CE,Federal Contract Tower,0,10,12,6,28,0,0,14,0,14,0,10,26,6,42,10,0,10,52
01/17/2006,LAW,OK,ASW,CE,Federal Contract Tower,0,9,6,100,115,0,0,10,0,10,0,9,16,100,125,0,0,0,125
01/18/2006,LAW,OK,ASW,CE,Federal Contract Tower,2,10,10,88,110,0,0,5,0,5,2,10,15,88,115,0,0,0,115
01/19/2006,LAW,OK,ASW,CE,Federal Contract Tower,2,9,2,44,57,0,0,7,0,7,2,9,9,44,64,0,0,0,64
01/20/2006,LAW,OK,ASW,CE,Federal Contract Tower,0,9,11,120,140,0,0,8,0,8,0,9,19,120,148,0,0,0,148
01/21/2006,LAW,OK,ASW,CE,Federal Contract Tower,0,8,9,0,17,0,0,24,0,24,0,8,33,0,41,16,0,16,57
01/22/2006,LAW,OK,ASW,CE,Federal Contract Tower,2,9,29,30,70,0,0,13,0,13,2,9,42,30,83,0,0,0,83
01/23/2006,LAW,OK,ASW,CE,Federal Contract Tower,0,9,9,126,144,0,0,5,0,5,0,9,14,126,149,10,0,10,159
01/24/2006,LAW,OK,ASW,CE,Federal Contract Tower,0,9,9,133,151,0,0,21,0,21,0,9,30,133,172,2,0,2,174
01/25/2006,LAW,OK,ASW,CE,Federal Contract Tower,0,12,4,204,220,0,0,13,0,13,0,12,17,204,233,0,0,0,233
01/26/2006,LAW,OK,ASW,CE,Federal Contract Tower,0,9,4,158,171,0,0,20,0,20,0,9,24,158,191,0,0,0,191
01/27/2006,LAW,OK,ASW,CE,Federal Contract Tower,0,9,8,77,94,0,0,6,0,6,0,9,14,77,100,0,0,0,100
01/28/2006,LAW,OK,ASW,CE,Federal Contract Tower,0,9,10,0,19,0,0,5,0,5,0,9,15,0,24,0,0,0,24
01/29/2006,LAW,OK,ASW,CE,Federal Contract Tower,0,11,19,0,30,0,0,17,0,17,0,11,36,0,47,0,0,0,47
01/30/2006,LAW,OK,ASW,CE,Federal Contract Tower,0,9,4,109,122,0,0,5,0,5,0,9,9,109,127,0,0,0,127
01/31/2006,LAW,OK,ASW,CE,Federal Contract Tower,0,11,10,116,137,0,0,15,0,15,0,11,25,116,152,0,0,0,152
02/01/2006,LAW,OK,ASW,CE,Federal Contract Tower,0,9,20,174,203,0,0,18,0,18,0,9,38,174,221,0,0,0,221
02/02/2006,LAW,OK,ASW,CE,Federal Contract Tower,0,9,19,154,182,0,0,15,0,15,0,9,34,154,197,0,0,0,197
02/03/2006,LAW,OK,ASW,CE,Federal Contract Tower,0,11,32,118,161,0,0,10,0,10,0,11,42,118,171,0,0,0,171
02/04/2006,LAW,OK,ASW,CE,Federal Contract Tower,2,9,26,6,43,0,0,25,0,25,2,9,51,6,68,4,0,4,72
02/05/2006,LAW,OK,ASW,CE,Federal Contract Tower,0,8,10,0,18,0,0,14,0,14,0,8,24,0,32,8,10,18,50
02/06/2006,LAW,OK,ASW,CE,Federal Contract Tower,0,12,1,120,133,0,0,13,0,13,0,12,14,120,146,0,0,0,146
02/07/2006,LAW,OK,ASW,CE,Federal Contract Tower,0,10,5,192,207,0,0,12,0,12,0,10,17,192,219,0,10,10,229
02/08/2006,LAW,OK,ASW,CE,Federal Contract Tower,4,13,1,182,200,0,0,13,0,13,4,13,14,182,213,0,0,0,213
02/09/2006,LAW,OK,ASW,CE,Federal Contract Tower,0,12,1,110,123,0,0,15,0,15,0,12,16,110,138,0,0,0,138
02/10/2006,LAW,OK,ASW,CE,Federal Contract Tower,0,9,1,28,38,0,0,3,0,3,0,9,4,28,41,0,0,0,41
02/11/2006,LAW,OK,ASW,CE,Federal Contract Tower,1,8,6,3,18,0,0,1,0,1,1,8,7,3,19,0,0,0,19
02/12/2006,LAW,OK,ASW,CE,Federal Contract Tower,0,9,0,12,21,0,0,14,2,16,0,9,14,14,37,0,0,0,37
02/13/2006,LAW,OK,ASW,CE,Federal Contract Tower,2,9,0,62,73,0,0,10,0,10,2,9,10,62,83,0,0,0,83
02/14/2006,LAW,OK,ASW,CE,Federal Contract Tower,0,10,11,159,180,0,0,29,0,29,0,10,40,159,209,0,0,0,209
02/15/2006,LAW,OK,ASW,CE,Federal Contract Tower,0,11,3,182,196,0,0,8,0,8,0,11,11,182,204,12,6,18,222
02/16/2006,LAW,OK,ASW,CE,Federal Contract Tower,0,11,1,50,62,0,0,6,0,6,0,11,7,50,68,0,0,0,68
02/17/2006,LAW,OK,ASW,CE,Federal Contract Tower,0,15,9,150,174,0,0,9,0,9,0,15,18,150,183,18,0,18,201
02/18/2006,LAW,OK,ASW,CE,Federal Contract Tower,0,11,0,0,11,0,0,2,0,2,0,11,2,0,13,0,0,0,13
02/19/2006,LAW,OK,ASW,CE,Federal Contract Tower,0,3,0,0,3,0,0,0,0,0,0,3,0,0,3,0,0,0,3
02/20/2006,LAW,OK,ASW,CE,Federal Contract Tower,0,10,5,0,15,0,0,1,0,1,0,10,6,0,16,0,0,0,16
02/21/2006,LAW,OK,ASW,CE,Federal Contract Tower,0,11,7,60,78,0,0,2,0,2,0,11,9,60,80,0,0,0,80
02/22/2006,LAW,OK,ASW,CE,Federal Contract Tower,0,8,0,68,76,0,0,0,0,0,0,8,0,68,76,0,0,0,76
02/23/2006,LAW,OK,ASW,CE,Federal Contract Tower,0,9,7,128,144,0,0,11,0,11,0,9,18,128,155,0,0,0,155
02/24/2006,LAW,OK,ASW,CE,Federal Contract Tower,0,7,5,78,90,0,0,32,0,32,0,7,37,78,122,16,0,16,138
02/25/2006,LAW,OK,ASW,CE,Federal Contract Tower,0,8,9,4,21,0,0,10,0,10,0,8,19,4,31,0,10,10,41
02/26/2006,LAW,OK,ASW,CE,Federal Contract Tower,0,10,14,4,28,0,0,40,0,40,0,10,54,4,68,10,0,10,78
02/27/2006,LAW,OK,ASW,CE,Federal Contract Tower,0,8,9,22,39,0,0,9,10,19,0,8,18,32,58,0,0,0,58
02/28/2006,LAW,OK,ASW,CE,Federal Contract Tower,0,9,2,108,119,0,0,20,0,20,0,9,22,108,139,0,0,0,139
03/01/2006,LAW,OK,ASW,CE,Federal Contract Tower,0,9,2,86,97,0,0,15,0,15,0,9,17,86,112,4,0,4,116
03/02/2006,LAW,OK,ASW,CE,Federal Contract Tower,0,10,1,26,37,0,0,8,0,8,0,10,9,26,45,0,0,0,45
03/03/2006,LAW,OK,ASW,CE,Federal Contract Tower,0,10,3,146,159,0,0,8,0,8,0,10,11,146,167,4,0,4,171
03/04/2006,LAW,OK,ASW,CE,Federal Contract Tower,0,10,7,0,17,0,0,22,0,22,0,10,29,0,39,10,0,10,49
03/05/2006,LAW,OK,ASW,CE,Federal Contract Tower,0,9,4,0,13,0,0,15,0,15,0,9,19,0,28,10,0,10,38
03/06/2006,LAW,OK,ASW,CE,Federal Contract Tower,0,10,5,118,133,0,0,5,0,5,0,10,10,118,138,0,0,0,138
03/07/2006,LAW,OK,ASW,CE,Federal Contract Tower,0,12,10,54,76,0,0,9,0,9,0,12,19,54,85,0,0,0,85
03/08/2006,LAW,OK,ASW,CE,Federal Contract Tower,0,13,2,64,79,0,0,12,0,12,0,13,14,64,91,0,0,0,91
03/09/2006,LAW,OK,ASW,CE,Federal Contract Tower,0,10,4,89,103,0,0,14,0,14,0,10,18,89,117,0,0,0,117
03/10/2006,LAW,OK,ASW,CE,Federal Contract Tower,0,11,19,76,106,0,0,15,0,15,0,11,34,76,121,10,0,10,131
03/11/2006,LAW,OK,ASW,CE,Federal Contract Tower,0,9,6,0,15,0,0,23,0,23,0,9,29,0,38,8,0,8,46
03/12/2006,LAW,OK,ASW,CE,Federal Contract Tower,0,10,5,0,15,0,0,2,0,2,0,10,7,0,17,0,0,0,17
03/13/2006,LAW,OK,ASW,CE,Federal Contract Tower,0,9,3,184,196,0,0,6,0,6,0,9,9,184,202,0,0,0,202
03/14/2006,LAW,OK,ASW,CE,Federal Contract Tower,0,11,0,160,171,0,0,48,0,48,0,11,48,160,219,0,0,0,219
03/15/2006,LAW,OK,ASW,CE,Federal Contract Tower,0,10,2,52,64,0,0,17,0,17,0,10,19,52,81,0,0,0,81
03/16/2006,LAW,OK,ASW,CE,Federal Contract Tower,0,10,8,84,102,0,0,19,0,19,0,10,27,84,121,2,0,2,123
03/17/2006,LAW,OK,ASW,CE,Federal Contract Tower,0,11,0,64,75,0,0,14,0,14,0,11,14,64,89,14,0,14,103
03/18/2006,LAW,OK,ASW,CE,Federal Contract Tower,0,6,7,0,13,0,0,0,0,0,0,6,7,0,13,0,0,0,13
03/19/2006,LAW,OK,ASW,CE,Federal Contract Tower,0,4,18,0,22,0,0,0,0,0,0,4,18,0,22,0,0,0,22
03/20/2006,LAW,OK,ASW,CE,Federal Contract Tower,0,5,3,3,11,0,0,0,0,0,0,5,3,3,11,0,0,0,11
03/21/2006,LAW,OK,ASW,CE,Federal Contract Tower,0,10,6,94,110,0,0,14,0,14,0,10,20,94,124,0,0,0,124
03/22/2006,LAW,OK,ASW,CE,Federal Contract Tower,2,9,3,222,236,0,0,8,0,8,2,9,11,222,244,0,0,0,244
03/23/2006,LAW,OK,ASW,CE,Federal Contract Tower,0,9,7,67,83,0,0,5,0,5,0,9,12,67,88,0,0,0,88
03/24/2006,LAW,OK,ASW,CE,Federal Contract Tower,0,10,2,86,98,0,0,42,0,42,0,10,44,86,140,10,0,10,150
03/25/2006,LAW,OK,ASW,CE,Federal Contract Tower,0,8,10,0,18,0,0,35,0,35,0,8,45,0,53,0,0,0,53
03/26/2006,LAW,OK,ASW,CE,Federal Contract Tower,0,11,5,0,16,0,0,6,0,6,0,11,11,0,22,0,0,0,22
03/27/2006,LAW,OK,ASW,CE,Federal Contract Tower,0,12,0,80,92,0,0,9,0,9,0,12,9,80,101,0,0,0,101
03/28/2006,LAW,OK,ASW,CE,Federal Contract Tower,0,10,19,108,137,0,0,5,0,5,0,10,24,108,142,0,0,0,142
03/29/2006,LAW,OK,ASW,CE,Federal Contract Tower,0,10,7,112,129,0,0,4,0,4,0,10,11,112,133,0,0,0,133
03/30/2006,LAW,OK,ASW,CE,Federal Contract Tower,0,8,4,6,18,0,0,2,0,2,0,8,6,6,20,0,0,0,20
03/31/2006,LAW,OK,ASW,CE,Federal Contract Tower,0,11,4,66,81,0,0,16,0,16,0,11,20,66,97,4,0,4,101
04/01/2006,LAW,OK,ASW,CE,Federal Contract Tower,0,11,4,0,15,0,0,10,0,10,0,11,14,0,25,0,0,0,25
04/02/2006,LAW,OK,ASW,CE,Federal Contract Tower,0,13,15,16,44,0,0,10,0,10,0,13,25,16,54,4,0,4,58
04/03/2006,LAW,OK,ASW,CE,Federal Contract Tower,0,10,9,138,157,0,0,16,0,16,0,10,25,138,173,0,0,0,173
04/04/2006,LAW,OK,ASW,CE,Federal Contract Tower,0,12,0,136,148,0,0,8,0,8,0,12,8,136,156,0,0,0,156
04/05/2006,LAW,OK,ASW,CE,Federal Contract Tower,0,9,2,92,103,0,0,7,0,7,0,9,9,92,110,0,0,0,110
04/06/2006,LAW,OK,ASW,CE,Federal Contract Tower,0,9,2,0,11,0,0,1,0,1,0,9,3,0,12,0,0,0,12
04/07/2006,LAW,OK,ASW,CE,Federal Contract Tower,0,8,10,6,24,0,0,2,2,4,0,8,12,8,28,6,0,6,34
04/08/2006,LAW,OK,ASW,CE,Federal Contract Tower,0,9,3,4,16,0,0,8,0,8,0,9,11,4,24,6,0,6,30
04/09/2006,LAW,OK,ASW,CE,Federal Contract Tower,0,10,4,0,14,0,0,22,0,22,0,10,26,0,36,10,0,10,46
04/10/2006,LAW,OK,ASW,CE,Federal Contract Tower,0,10,4,94,108,0,0,11,0,11,0,10,15,94,119,0,0,0,119
04/11/2006,LAW,OK,ASW,CE,Federal Contract Tower,0,9,6,42,57,0,0,15,0,15,0,9,21,42,72,0,0,0,72
04/12/2006,LAW,OK,ASW,CE,Federal Contract Tower,0,8,3,92,103,0,0,9,0,9,0,8,12,92,112,10,0,10,122
04/13/2006,LAW,OK,ASW,CE,Federal Contract Tower,0,10,5,134,149,0,0,4,0,4,0,10,9,134,153,0,0,0,153
04/14/2006,LAW,OK,ASW,CE,Federal Contract Tower,0,12,17,62,91,0,0,21,0,21,0,12,38,62,112,16,0,16,128
04/15/2006,LAW,OK,ASW,CE,Federal Contract Tower,0,11,29,0,40,0,0,14,0,14,0,11,43,0,54,0,0,0,54
04/16/2006,LAW,OK,ASW,CE,Federal Contract Tower,0,10,2,0,12,0,0,7,0,7,0,10,9,0,19,14,0,14,33
04/17/2006,LAW,OK,ASW,CE,Federal Contract Tower,0,9,8,14,31,0,0,15,0,15,0,9,23,14,46,0,0,0,46
04/18/2006,LAW,OK,ASW,CE,Federal Contract Tower,0,9,10,103,122,0,0,3,0,3,0,9,13,103,125,0,0,0,125
04/19/2006,LAW,OK,ASW,CE,Federal Contract Tower,0,10,10,60,80,0,0,11,0,11,0,10,21,60,91,0,0,0,91
04/20/2006,LAW,OK,ASW,CE,Federal Contract Tower,0,7,7,122,136,0,0,18,0,18,0,7,25,122,154,0,0,0,154
04/21/2006,LAW,OK,ASW,CE,Federal Contract Tower,0,10,28,82,120,0,0,26,0,26,0,10,54,82,146,12,0,12,158
04/22/2006,LAW,OK,ASW,CE,Federal Contract Tower,0,9,16,10,35,0,0,23,0,23,0,9,39,10,58,24,0,24,82
04/23/2006,LAW,OK,ASW,CE,Federal Contract Tower,0,10,1,0,11,0,0,11,0,11,0,10,12,0,22,34,0,34,56
04/24/2006,LAW,OK,ASW,CE,Federal Contract Tower,0,10,1,46,57,0,0,9,0,9,0,10,10,46,66,16,0,16,82
04/25/2006,LAW,OK,ASW,CE,Federal Contract Tower,0,10,16,128,154,0,0,4,0,4,0,10,20,128,158,10,0,10,168
04/26/2006,LAW,OK,ASW,CE,Federal Contract Tower,0,8,10,123,141,0,0,11,0,11,0,8,21,123,152,0,0,0,152
04/27/2006,LAW,OK,ASW,CE,Federal Contract Tower,0,14,17,84,115,0,0,10,0,10,0,14,27,84,125,0,0,0,125
04/28/2006,LAW,OK,ASW,CE,Federal Contract Tower,2,7,5,53,67,0,0,4,0,4,2,7,9,53,71,0,0,0,71
04/29/2006,LAW,OK,ASW,CE,Federal Contract Tower,2,7,5,53,67,0,0,4,0,4,2,7,9,53,71,0,0,0,71
04/30/2006,LAW,OK,ASW,CE,Federal Contract Tower,0,10,5,4,19,0,0,14,0,14,0,10,19,4,33,24,0,24,57
05/01/2006,LAW,OK,ASW,CE,Federal Contract Tower,2,9,5,122,138,0,0,5,0,5,2,9,10,122,143,0,10,10,153
05/02/2006,LAW,OK,ASW,CE,Federal Contract Tower,0,10,6,36,52,0,0,4,0,4,0,10,10,36,56,0,0,0,56
05/03/2006,LAW,OK,ASW,CE,Federal Contract Tower,0,9,3,52,64,0,0,16,0,16,0,9,19,52,80,0,0,0,80
05/04/2006,LAW,OK,ASW,CE,Federal Contract Tower,0,10,3,118,131,0,0,6,0,6,0,10,9,118,137,0,0,0,137
05/05/2006,LAW,OK,ASW,CE,Federal Contract Tower,0,9,2,64,75,0,0,3,0,3,0,9,5,64,78,0,0,0,78
05/06/2006,LAW,OK,ASW,CE,Federal Contract Tower,0,8,25,0,33,0,0,0,0,0,0,8,25,0,33,0,0,0,33
05/07/2006,LAW,OK,ASW,CE,Federal Contract Tower,0,10,3,0,13,0,0,25,0,25,0,10,28,0,38,26,0,26,64
05/08/2006,LAW,OK,ASW,CE,Federal Contract Tower,2,9,11,30,52,0,0,5,0,5,2,9,16,30,57,0,0,0,57
05/09/2006,LAW,OK,ASW,CE,Federal Contract Tower,0,10,3,121,134,0,0,10,0,10,0,10,13,121,144,0,0,0,144
05/10/2006,LAW,OK,ASW,CE,Federal Contract Tower,0,11,5,142,158,0,0,4,0,4,0,11,9,142,162,0,0,0,162
05/11/2006,LAW,OK,ASW,CE,Federal Contract Tower,0,10,7,110,127,0,0,13,0,13,0,10,20,110,140,10,0,10,150
05/12/2006,LAW,OK,ASW,CE,Federal Contract Tower,0,9,7,82,98,0,0,19,0,19,0,9,26,82,117,24,0,24,141
05/13/2006,LAW,OK,ASW,CE,Federal Contract Tower,0,11,11,0,22,0,0,27,0,27,0,11,38,0,49,36,0,36,85
05/14/2006,LAW,OK,ASW,CE,Federal Contract Tower,0,8,2,0,10,0,0,9,0,9,0,8,11,0,19,20,0,20,39
05/15/2006,LAW,OK,ASW,CE,Federal Contract Tower,0,9,3,174,186,0,0,24,0,24,0,9,27,174,210,0,0,0,210
05/16/2006,LAW,OK,ASW,CE,Federal Contract Tower,0,10,8,182,200,0,0,10,0,10,0,10,18,182,210,0,0,0,210
05/17/2006,LAW,OK,ASW,CE,Federal Contract Tower,0,10,23,111,144,0,0,6,0,6,0,10,29,111,150,0,0,0,150
05/18/2006,LAW,OK,ASW,CE,Federal Contract Tower,0,10,0,90,100,0,0,9,0,9,0,10,9,90,109,22,0,22,131
05/19/2006,LAW,OK,ASW,CE,Federal Contract Tower,0,9,3,14,26,0,0,18,0,18,0,9,21,14,44,20,0,20,64
05/20/2006,LAW,OK,ASW,CE,Federal Contract Tower,0,11,9,0,20,0,0,16,0,16,0,11,25,0,36,0,0,0,36
05/21/2006,LAW,OK,ASW,CE,Federal Contract Tower,0,10,8,4,22,0,0,16,0,16,0,10,24,4,38,14,0,14,52
05/22/2006,LAW,OK,ASW,CE,Federal Contract Tower,0,10,2,124,136,0,0,12,0,12,0,10,14,124,148,0,0,0,148
05/23/2006,LAW,OK,ASW,CE,Federal Contract Tower,0,8,12,78,98,0,0,5,0,5,0,8,17,78,103,0,0,0,103
05/24/2006,LAW,OK,ASW,CE,Federal Contract Tower,0,10,16,76,102,0,0,11,0,11,0,10,27,76,113,12,0,12,125
05/25/2006,LAW,OK,ASW,CE,Federal Contract Tower,0,7,6,86,99,0,0,4,0,4,0,7,10,86,103,0,0,0,103
05/26/2006,LAW,OK,ASW,CE,Federal Contract Tower,0,11,16,0,27,0,0,18,0,18,0,11,34,0,45,10,0,10,55
05/27/2006,LAW,OK,ASW,CE,Federal Contract Tower,0,10,3,0,13,0,0,15,0,15,0,10,18,0,28,32,0,32,60
05/28/2006,LAW,OK,ASW,CE,Federal Contract Tower,0,8,3,0,11,0,0,11,0,11,0,8,14,0,22,16,0,16,38
05/29/2006,LAW,OK,ASW,CE,Federal Contract Tower,0,11,8,0,19,0,0,20,0,20,0,11,28,0,39,28,0,28,67
05/30/2006,LAW,OK,ASW,CE,Federal Contract Tower,0,10,8,130,148,0,0,11,0,11,0,10,19,130,159,0,0,0,159
05/31/2006,LAW,OK,ASW,CE,Federal Contract Tower,0,10,1,210,221,0,0,8,0,8,0,10,9,210,229,4,0,4,233
06/01/2006,LAW,OK,ASW,CE,Federal Contract Tower,0,11,1,134,146,0,0,21,0,21,0,11,22,134,167,40,0,40,207
06/02/2006,LAW,OK,ASW,CE,Federal Contract Tower,0,14,7,120,141,0,0,15,0,15,0,14,22,120,156,56,0,56,212
06/03/2006,LAW,OK,ASW,CE,Federal Contract Tower,0,12,16,0,28,0,0,26,0,26,0,12,42,0,54,16,0,16,70
06/04/2006,LAW,OK,ASW,CE,Federal Contract Tower,0,10,3,12,25,0,0,17,0,17,0,10,20,12,42,12,0,12,54
06/05/2006,LAW,OK,ASW,CE,Federal Contract Tower,1,12,10,52,75,0,0,8,0,8,1,12,18,52,83,10,0,10,93
06/06/2006,LAW,OK,ASW,CE,Federal Contract Tower,0,10,8,142,160,0,0,23,0,23,0,10,31,142,183,0,0,0,183
06/07/2006,LAW,OK,ASW,CE,Federal Contract Tower,0,9,5,114,128,0,0,18,0,18,0,9,23,114,146,16,0,16,162
06/08/2006,LAW,OK,ASW,CE,Federal Contract Tower,0,10,5,90,105,0,0,37,0,37,0,10,42,90,142,34,0,34,176
06/09/2006,LAW,OK,ASW,CE,Federal Contract Tower,0,0,0,0,0,0,8,27,115,150,0,8,27,115,150,30,0,30,180
06/10/2006,LAW,OK,ASW,CE,Federal Contract Tower,0,6,10,4,20,0,0,25,0,25,0,6,35,4,45,12,0,12,57
06/11/2006,LAW,OK,ASW,CE,Federal Contract Tower,0,10,12,0,22,0,0,22,0,22,0,10,34,0,44,20,0,20,64
06/12/2006,LAW,OK,ASW,CE,Federal Contract Tower,0,10,6,40,56,0,0,3,0,3,0,10,9,40,59,0,0,0,59
06/13/2006,LAW,OK,ASW,CE,Federal Contract Tower,0,8,2,156,166,0,0,5,0,5,0,8,7,156,171,0,0,0,171
06/14/2006,LAW,OK,ASW,CE,Federal Contract Tower,0,10,11,134,155,0,0,27,0,27,0,10,38,134,182,0,0,0,182
06/15/2006,LAW,OK,ASW,CE,Federal Contract Tower,0,10,3,131,144,0,0,12,0,12,0,10,15,131,156,16,0,16,172
06/16/2006,LAW,OK,ASW,CE,Federal Contract Tower,0,10,4,22,36,0,0,12,0,12,0,10,16,22,48,6,14,20,68
06/17/2006,LAW,OK,ASW,CE,Federal Contract Tower,0,8,17,1,26,0,0,4,0,4,0,8,21,1,30,16,0,16,46
06/18/2006,LAW,OK,ASW,CE,Federal Contract Tower,0,8,4,18,30,0,0,14,0,14,0,8,18,18,44,10,16,26,70
06/19/2006,LAW,OK,ASW,CE,Federal Contract Tower,0,9,3,84,96,0,0,16,0,16,0,9,19,84,112,0,0,0,112
06/20/2006,LAW,OK,ASW,CE,Federal Contract Tower,0,10,0,106,116,0,0,14,0,14,0,10,14,106,130,0,0,0,130
06/21/2006,LAW,OK,ASW,CE,Federal Contract Tower,0,9,6,74,89,0,0,8,0,8,0,9,14,74,97,10,0,10,107
06/22/2006,LAW,OK,ASW,CE,Federal Contract Tower,0,10,3,8,21,0,0,2,0,2,0,10,5,8,23,0,0,0,23
06/23/2006,LAW,OK,ASW,CE,Federal Contract Tower,0,11,17,16,44,0,0,5,50,55,0,11,22,66,99,34,0,34,133
06/24/2006,LAW,OK,ASW,CE,Federal Contract Tower,0,11,34,8,53,0,0,17,0,17,0,11,51,8,70,6,0,6,76
06/25/2006,LAW,OK,ASW,CE,Federal Contract Tower,1,10,6,10,27,0,0,10,0,10,1,10,16,10,37,0,0,0,37
06/26/2006,LAW,OK,ASW,CE,Federal Contract Tower,0,7,9,100,116,0,0,14,0,14,0,7,23,100,130,0,0,0,130
06/27/2006,LAW,OK,ASW,CE,Federal Contract Tower,0,10,4,122,136,0,0,16,0,16,0,10,20,122,152,0,0,0,152
06/28/2006,LAW,OK,ASW,CE,Federal Contract Tower,0,9,6,66,81,0,0,12,0,12,0,9,18,66,93,0,0,0,93
06/29/2006,LAW,OK,ASW,CE,Federal Contract Tower,0,12,20,130,162,0,0,25,0,25,0,12,45,130,187,24,0,24,211
06/30/2006,LAW,OK,ASW,CE,Federal Contract Tower,0,12,9,0,21,0,0,19,0,19,0,12,28,0,40,38,0,38,78
07/01/2006,LAW,OK,ASW,CE,Federal Contract Tower,0,9,14,0,23,0,0,19,0,19,0,9,33,0,42,10,0,10,52
07/02/2006,LAW,OK,ASW,CE,Federal Contract Tower,0,10,1,0,11,0,0,15,0,15,0,10,16,0,26,0,0,0,26
07/03/2006,LAW,OK,ASW,CE,Federal Contract Tower,2,8,1,0,11,0,0,12,0,12,2,8,13,0,23,22,0,22,45
07/04/2006,LAW,OK,ASW,CE,Federal Contract Tower,0,9,0,2,11,0,0,7,0,7,0,9,7,2,18,20,0,20,38
07/05/2006,LAW,OK,ASW,CE,Federal Contract Tower,0,9,4,93,106,0,0,9,0,9,0,9,13,93,115,0,0,0,115
07/06/2006,LAW,OK,ASW,CE,Federal Contract Tower,0,10,17,120,147,0,0,8,0,8,0,10,25,120,155,0,0,0,155
07/07/2006,LAW,OK,ASW,CE,Federal Contract Tower,0,11,9,104,124,0,0,23,0,23,0,11,32,104,147,20,0,20,167
07/08/2006,LAW,OK,ASW,CE,Federal Contract Tower,0,10,3,0,13,0,0,37,0,37,0,10,40,0,50,10,0,10,60
07/09/2006,LAW,OK,ASW,CE,Federal Contract Tower,0,10,0,2,12,0,0,11,0,11,0,10,11,2,23,0,0,0,23
07/10/2006,LAW,OK,ASW,CE,Federal Contract Tower,0,7,9,100,116,0,0,14,0,14,0,7,23,100,130,10,0,10,140
07/11/2006,LAW,OK,ASW,CE,Federal Contract Tower,0,11,6,132,149,0,0,9,0,9,0,11,15,132,158,0,0,0,158
07/12/2006,LAW,OK,ASW,CE,Federal Contract Tower,0,7,12,74,93,0,0,8,0,8,0,7,20,74,101,0,0,0,101
07/13/2006,LAW,OK,ASW,CE,Federal Contract Tower,0,10,7,104,121,0,0,12,0,12,0,10,19,104,133,10,0,10,143
07/14/2006,LAW,OK,ASW,CE,Federal Contract Tower,0,7,6,66,79,0,0,10,0,10,0,7,16,66,89,0,0,0,89
07/15/2006,LAW,OK,ASW,CE,Federal Contract Tower,0,9,6,0,15,0,0,45,0,45,0,9,51,0,60,6,0,6,66
07/16/2006,LAW,OK,ASW,CE,Federal Contract Tower,0,9,3,0,12,0,0,15,0,15,0,9,18,0,27,0,0,0,27
07/17/2006,LAW,OK,ASW,CE,Federal Contract Tower,2,9,0,86,97,0,0,20,0,20,2,9,20,86,117,10,0,10,127
07/18/2006,LAW,OK,ASW,CE,Federal Contract Tower,0,9,2,2,13,0,0,6,0,6,0,9,8,2,19,10,0,10,29
07/19/2006,LAW,OK,ASW,CE,Federal Contract Tower,2,9,6,78,95,0,0,8,0,8,2,9,14,78,103,4,0,4,107
07/20/2006,LAW,OK,ASW,CE,Federal Contract Tower,0,6,1,89,96,0,0,15,0,15,0,6,16,89,111,0,0,0,111
07/21/2006,LAW,OK,ASW,CE,Federal Contract Tower,2,11,5,86,104,0,0,32,0,32,2,11,37,86,136,0,0,0,136
07/22/2006,LAW,OK,ASW,CE,Federal Contract Tower,1,10,3,0,14,0,0,36,0,36,1,10,39,0,50,0,0,0,50
07/23/2006,LAW,OK,ASW,CE,Federal Contract Tower,0,10,3,2,15,0,0,17,0,17,0,10,20,2,32,0,0,0,32
07/24/2006,LAW,OK,ASW,CE,Federal Contract Tower,0,10,7,70,87,0,0,19,0,19,0,10,26,70,106,6,0,6,112
07/25/2006,LAW,OK,ASW,CE,Federal Contract Tower,0,9,1,97,107,0,0,5,0,5,0,9,6,97,112,0,0,0,112
07/26/2006,LAW,OK,ASW,CE,Federal Contract Tower,0,12,6,150,168,0,0,6,0,6,0,12,12,150,174,10,0,10,184
07/27/2006,LAW,OK,ASW,CE,Federal Contract Tower,0,10,15,177,202,0,0,11,0,11,0,10,26,177,213,0,16,16,229
07/28/2006,LAW,OK,ASW,CE,Federal Contract Tower,0,9,3,144,156,0,0,23,0,23,0,9,26,144,179,0,0,0,179
07/29/2006,LAW,OK,ASW,CE,Federal Contract Tower,0,9,11,0,20,0,0,33,0,33,0,9,44,0,53,26,0,26,79
07/30/2006,LAW,OK,ASW,CE,Federal Contract Tower,0,10,1,0,11,0,0,18,0,18,0,10,19,0,29,18,0,18,47
07/31/2006,LAW,OK,ASW,CE,Federal Contract Tower,1,10,3,125,139,0,0,0,0,0,1,10,3,125,139,0,0,0,139
08/01/2006,LAW,OK,ASW,CE,Federal Contract Tower,0,10,9,102,121,0,0,11,0,11,0,10,20,102,132,4,0,4,136
08/02/2006,LAW,OK,ASW,CE,Federal Contract Tower,0,10,12,119,141,0,0,13,0,13,0,10,25,119,154,14,0,14,168
08/03/2006,LAW,OK,ASW,CE,Federal Contract Tower,0,8,2,112,122,0,0,18,0,18,0,8,20,112,140,10,0,10,150
08/04/2006,LAW,OK,ASW,CE,Federal Contract Tower,0,9,2,60,71,0,0,6,0,6,0,9,8,60,77,0,0,0,77
08/05/2006,LAW,OK,ASW,CE,Federal Contract Tower,0,9,3,0,12,0,0,21,0,21,0,9,24,0,33,10,0,10,43
08/06/2006,LAW,OK,ASW,CE,Federal Contract Tower,2,9,3,2,16,0,0,12,0,12,2,9,15,2,28,20,0,20,48
08/07/2006,LAW,OK,ASW,CE,Federal Contract Tower,0,12,9,28,49,0,0,6,0,6,0,12,15,28,55,2,0,2,57
08/08/2006,LAW,OK,ASW,CE,Federal Contract Tower,0,10,3,90,103,0,0,21,0,21,0,10,24,90,124,0,0,0,124
08/09/2006,LAW,OK,ASW,CE,Federal Contract Tower,0,10,3,46,59,0,0,8,0,8,0,10,11,46,67,0,0,0,67
08/10/2006,LAW,OK,ASW,CE,Federal Contract Tower,0,9,16,79,104,0,0,20,0,20,0,9,36,79,124,0,0,0,124
08/11/2006,LAW,OK,ASW,CE,Federal Contract Tower,1,8,5,74,88,0,0,13,0,13,1,8,18,74,101,0,0,0,101
08/12/2006,LAW,OK,ASW,CE,Federal Contract Tower,0,9,8,29,46,0,0,13,0,13,0,9,21,29,59,0,0,0,59
08/13/2006,LAW,OK,ASW,CE,Federal Contract Tower,0,10,1,0,11,0,0,20,0,20,0,10,21,0,31,20,0,20,51
08/14/2006,LAW,OK,ASW,CE,Federal Contract Tower,0,11,2,106,119,0,0,7,0,7,0,11,9,106,126,0,0,0,126
08/15/2006,LAW,OK,ASW,CE,Federal Contract Tower,0,12,7,158,177,0,0,10,0,10,0,12,17,158,187,10,0,10,197
08/16/2006,LAW,OK,ASW,CE,Federal Contract Tower,0,10,8,96,114,0,0,3,0,3,0,10,11,96,117,0,0,0,117
08/17/2006,LAW,OK,ASW,CE,Federal Contract Tower,0,9,6,106,121,0,0,6,0,6,0,9,12,106,127,0,0,0,127
08/18/2006,LAW,OK,ASW,CE,Federal Contract Tower,0,10,4,70,84,0,0,9,0,9,0,10,13,70,93,0,0,0,93
08/19/2006,LAW,OK,ASW,CE,Federal Contract Tower,0,9,4,0,13,0,0,31,0,31,0,9,35,0,44,6,0,6,50
08/20/2006,LAW,OK,ASW,CE,Federal Contract Tower,2,7,4,0,13,0,0,7,0,7,2,7,11,0,20,0,0,0,20
08/21/2006,LAW,OK,ASW,CE,Federal Contract Tower,0,10,2,62,74,0,0,5,0,5,0,10,7,62,79,6,0,6,85
08/22/2006,LAW,OK,ASW,CE,Federal Contract Tower,0,9,6,98,113,0,0,0,0,0,0,9,6,98,113,4,0,4,117
08/23/2006,LAW,OK,ASW,CE,Federal Contract Tower,0,11,5,119,135,0,0,26,0,26,0,11,31,119,161,0,0,0,161
08/24/2006,LAW,OK,ASW,CE,Federal Contract Tower,0,11,8,104,123,0,0,4,0,4,0,11,12,104,127,0,0,0,127
08/25/2006,LAW,OK,ASW,CE,Federal Contract Tower,0,10,4,172,186,0,0,16,0,16,0,10,20,172,202,0,0,0,202
08/26/2006,LAW,OK,ASW,CE,Federal Contract Tower,0,11,6,0,17,0,0,5,0,5,0,11,11,0,22,0,0,0,22
08/27/2006,LAW,OK,ASW,CE,Federal Contract Tower,0,7,7,2,16,0,0,3,0,3,0,7,10,2,19,0,0,0,19
08/28/2006,LAW,OK,ASW,CE,Federal Contract Tower,0,10,1,170,181,0,0,2,0,2,0,10,3,170,183,0,0,0,183
08/29/2006,LAW,OK,ASW,CE,Federal Contract Tower,0,10,6,160,176,0,0,8,0,8,0,10,14,160,184,0,0,0,184
08/30/2006,LAW,OK,ASW,CE,Federal Contract Tower,0,10,1,168,179,0,0,9,0,9,0,10,10,168,188,0,0,0,188
08/31/2006,LAW,OK,ASW,CE,Federal Contract Tower,0,10,10,150,170,0,0,13,0,13,0,10,23,150,183,0,0,0,183
09/01/2006,LAW,OK,ASW,CE,Federal Contract Tower,0,11,6,138,155,0,0,10,0,10,0,11,16,138,165,0,0,0,165
09/02/2006,LAW,OK,ASW,CE,Federal Contract Tower,0,9,22,0,31,0,0,4,0,4,0,9,26,0,35,0,0,0,35
09/03/2006,LAW,OK,ASW,CE,Federal Contract Tower,0,10,4,0,14,0,0,5,0,5,0,10,9,0,19,20,0,20,39
09/04/2006,LAW,OK,ASW,CE,Federal Contract Tower,1,8,25,0,34,0,0,9,0,9,1,8,34,0,43,0,0,0,43
09/05/2006,LAW,OK,ASW,CE,Federal Contract Tower,0,10,5,95,110,0,0,20,0,20,0,10,25,95,130,0,0,0,130
09/06/2006,LAW,OK,ASW,CE,Federal Contract Tower,1,12,11,100,124,0,0,24,0,24,1,12,35,100,148,10,0,10,158
09/07/2006,LAW,OK,ASW,CE,Federal Contract Tower,1,12,1,106,120,0,0,16,0,16,1,12,17,106,136,10,0,10,146
09/08/2006,LAW,OK,ASW,CE,Federal Contract Tower,0,13,0,26,39,0,0,10,0,10,0,13,10,26,49,0,0,0,49
09/09/2006,LAW,OK,ASW,CE,Federal Contract Tower,0,13,10,2,25,0,0,12,4,16,0,13,22,6,41,4,0,4,45
09/10/2006,LAW,OK,ASW,CE,Federal Contract Tower,1,14,2,8,25,0,0,3,0,3,1,14,5,8,28,0,0,0,28
09/11/2006,LAW,OK,ASW,CE,Federal Contract Tower,0,9,4,91,104,0,0,6,0,6,0,9,10,91,110,0,0,0,110
09/12/2006,LAW,OK,ASW,CE,Federal Contract Tower,0,12,4,110,126,0,0,5,0,5,0,12,9,110,131,0,0,0,131
09/13/2006,LAW,OK,ASW,CE,Federal Contract Tower,0,12,1,131,144,0,0,21,0,21,0,12,22,131,165,20,12,32,197
09/14/2006,LAW,OK,ASW,CE,Federal Contract Tower,0,12,5,67,84,0,0,25,0,25,0,12,30,67,109,2,0,2,111
09/15/2006,LAW,OK,ASW,CE,Federal Contract Tower,0,12,6,61,79,0,0,16,0,16,0,12,22,61,95,0,0,0,95
09/16/2006,LAW,OK,ASW,CE,Federal Contract Tower,0,10,7,0,17,0,0,14,0,14,0,10,21,0,31,10,0,10,41
09/17/2006,LAW,OK,ASW,CE,Federal Contract Tower,0,4,1,0,5,0,0,0,0,0,0,4,1,0,5,0,0,0,5
09/18/2006,LAW,OK,ASW,CE,Federal Contract Tower,1,12,2,116,131,0,0,15,0,15,1,12,17,116,146,0,0,0,146
09/19/2006,LAW,OK,ASW,CE,Federal Contract Tower,0,13,9,127,149,0,0,20,0,20,0,13,29,127,169,10,0,10,179
09/20/2006,LAW,OK,ASW,CE,Federal Contract Tower,0,12,2,82,96,0,0,3,0,3,0,12,5,82,99,0,0,0,99
09/21/2006,LAW,OK,ASW,CE,Federal Contract Tower,2,13,6,24,45,0,0,1,0,1,2,13,7,24,46,0,0,0,46
09/22/2006,LAW,OK,ASW,CE,Federal Contract Tower,0,12,4,87,103,0,0,11,0,11,0,12,15,87,114,0,0,0,114
09/23/2006,LAW,OK,ASW,CE,Federal Contract Tower,0,9,4,1,14,0,0,24,0,24,0,9,28,1,38,0,0,0,38
09/24/2006,LAW,OK,ASW,CE,Federal Contract Tower,0,12,10,0,22,0,0,17,0,17,0,12,27,0,39,0,0,0,39
09/25/2006,LAW,OK,ASW,CE,Federal Contract Tower,0,12,5,90,107,0,0,15,0,15,0,12,20,90,122,20,0,20,142
09/26/2006,LAW,OK,ASW,CE,Federal Contract Tower,2,11,2,106,121,0,0,13,0,13,2,11,15,106,134,0,0,0,134
09/27/2006,LAW,OK,ASW,CE,Federal Contract Tower,0,12,1,34,47,0,0,5,0,5,0,12,6,34,52,0,0,0,52
09/28/2006,LAW,OK,ASW,CE,Federal Contract Tower,0,12,5,0,17,0,0,14,0,14,0,12,19,0,31,0,0,0,31
09/29/2006,LAW,OK,ASW,CE,Federal Contract Tower,1,11,1,0,13,0,0,11,0,11,1,11,12,0,24,0,0,0,24
09/30/2006,LAW,OK,ASW,CE,Federal Contract Tower,0,10,5,0,15,0,0,42,0,42,0,10,47,0,57,30,0,30,87
10/01/2006,LAW,OK,ASW,CE,Federal Contract Tower,0,10,2,0,12,0,0,16,0,16,0,10,18,0,28,10,0,10,38
10/02/2006,LAW,OK,ASW,CE,Federal Contract Tower,0,11,1,55,67,0,0,11,0,11,0,11,12,55,78,0,0,0,78
10/03/2006,LAW,OK,ASW,CE,Federal Contract Tower,0,10,14,108,132,0,0,17,0,17,0,10,31,108,149,6,0,6,155
10/04/2006,LAW,OK,ASW,CE,Federal Contract Tower,0,11,13,89,113,0,0,6,0,6,0,11,19,89,119,0,0,0,119
10/05/2006,LAW,OK,ASW,CE,Federal Contract Tower,2,11,8,86,107,0,0,16,0,16,2,11,24,86,123,0,0,0,123
10/06/2006,LAW,OK,ASW,CE,Federal Contract Tower,0,12,3,112,127,0,0,23,0,23,0,12,26,112,150,12,0,12,162
10/07/2006,LAW,OK,ASW,CE,Federal Contract Tower,0,9,10,0,19,0,0,44,0,44,0,9,54,0,63,8,0,8,71
10/08/2006,LAW,OK,ASW,CE,Federal Contract Tower,0,10,3,0,13,0,0,7,0,7,0,10,10,0,20,0,0,0,20
10/09/2006,LAW,OK,ASW,CE,Federal Contract Tower,0,9,7,0,16,0,0,4,0,4,0,9,11,0,20,0,0,0,20
10/10/2006,LAW,OK,ASW,CE,Federal Contract Tower,0,10,4,153,167,0,0,12,0,12,0,10,16,153,179,0,0,0,179
10/11/2006,LAW,OK,ASW,CE,Federal Contract Tower,0,14,8,49,71,0,0,29,0,29,0,14,37,49,100,0,0,0,100
10/12/2006,LAW,OK,ASW,CE,Federal Contract Tower,2,10,9,28,49,0,0,15,0,15,2,10,24,28,64,2,10,12,76
10/13/2006,LAW,OK,ASW,CE,Federal Contract Tower,0,10,4,122,136,0,0,22,0,22,0,10,26,122,158,20,0,20,178
10/14/2006,LAW,OK,ASW,CE,Federal Contract Tower,1,9,3,0,13,0,0,22,0,22,1,9,25,0,35,0,0,0,35
10/15/2006,LAW,OK,ASW,CE,Federal Contract Tower,0,12,4,0,16,0,0,0,0,0,0,12,4,0,16,0,0,0,16
10/16/2006,LAW,OK,ASW,CE,Federal Contract Tower,2,10,2,54,68,0,0,6,0,6,2,10,8,54,74,0,0,0,74
10/17/2006,LAW,OK,ASW,CE,Federal Contract Tower,2,11,10,76,99,0,0,15,0,15,2,11,25,76,114,6,0,6,120
10/18/2006,LAW,OK,ASW,CE,Federal Contract Tower,0,10,6,126,142,0,0,3,0,3,0,10,9,126,145,0,0,0,145
10/19/2006,LAW,OK,ASW,CE,Federal Contract Tower,0,10,10,106,126,0,0,30,0,30,0,10,40,106,156,0,0,0,156
10/20/2006,LAW,OK,ASW,CE,Federal Contract Tower,2,12,2,38,54,0,0,13,0,13,2,12,15,38,67,0,0,0,67
10/21/2006,LAW,OK,ASW,CE,Federal Contract Tower,1,7,8,9,25,0,0,8,0,8,1,7,16,9,33,0,0,0,33
10/22/2006,LAW,OK,ASW,CE,Federal Contract Tower,0,10,6,4,20,0,0,18,0,18,0,10,24,4,38,0,20,20,58
10/23/2006,LAW,OK,ASW,CE,Federal Contract Tower,0,10,0,62,72,0,0,4,0,4,0,10,4,62,76,0,0,0,76
10/24/2006,LAW,OK,ASW,CE,Federal Contract Tower,2,10,8,118,138,0,0,17,0,17,2,10,25,118,155,10,16,26,181
10/25/2006,LAW,OK,ASW,CE,Federal Contract Tower,1,10,9,76,96,0,0,5,0,5,1,10,14,76,101,0,10,10,111
10/26/2006,LAW,OK,ASW,CE,Federal Contract Tower,0,13,3,136,152,0,0,9,0,9,0,13,12,136,161,0,10,10,171
10/27/2006,LAW,OK,ASW,CE,Federal Contract Tower,0,10,12,47,69,0,0,3,6,9,0,10,15,53,78,0,0,0,78
10/28/2006,LAW,OK,ASW,CE,Federal Contract Tower,2,9,4,0,15,0,0,57,0,57,2,9,61,0,72,30,0,30,102
10/29/2006,LAW,OK,ASW,CE,Federal Contract Tower,0,12,12,2,26,0,0,43,0,43,0,12,55,2,69,10,0,10,79
10/30/2006,LAW,OK,ASW,CE,Federal Contract Tower,2,10,0,88,100,0,0,12,0,12,2,10,12,88,112,10,0,10,122
10/31/2006,LAW,OK,ASW,CE,Federal Contract Tower,2,9,2,180,193,0,0,14,0,14,2,9,16,180,207,16,0,16,223
11/01/2006,LAW,OK,ASW,CE,Federal Contract Tower,0,9,6,88,103,2,0,20,0,22,2,9,26,88,125,0,0,0,125
11/02/2006,LAW,OK,ASW,CE,Federal Contract Tower,0,9,3,82,94,0,0,18,0,18,0,9,21,82,112,16,6,22,134
11/03/2006,LAW,OK,ASW,CE,Federal Contract Tower,2,9,7,90,108,0,0,16,0,16,2,9,23,90,124,0,0,0,124
11/04/2006,LAW,OK,ASW,CE,Federal Contract Tower,3,10,3,0,16,0,0,17,4,21,3,10,20,4,37,22,20,42,79
11/05/2006,LAW,OK,ASW,CE,Federal Contract Tower,2,9,8,0,19,0,0,2,0,2,2,9,10,0,21,6,0,6,27
11/06/2006,LAW,OK,ASW,CE,Federal Contract Tower,2,10,8,106,126,0,0,6,0,6,2,10,14,106,132,6,0,6,138
11/07/2006,LAW,OK,ASW,CE,Federal Contract Tower,0,10,4,118,132,0,0,10,0,10,0,10,14,118,142,40,0,40,182
11/08/2006,LAW,OK,ASW,CE,Federal Contract Tower,0,10,1,179,190,0,0,11,0,11,0,10,12,179,201,20,0,20,221
11/09/2006,LAW,OK,ASW,CE,Federal Contract Tower,0,10,3,90,103,0,0,16,0,16,0,10,19,90,119,0,0,0,119
11/10/2006,LAW,OK,ASW,CE,Federal Contract Tower,0,9,8,0,17,0,0,18,0,18,0,9,26,0,35,0,0,0,35
11/11/2006,LAW,OK,ASW,CE,Federal Contract Tower,0,11,16,0,27,0,0,37,0,37,0,11,53,0,64,16,0,16,80
11/12/2006,LAW,OK,ASW,CE,Federal Contract Tower,0,9,4,0,13,0,0,17,0,17,0,9,21,0,30,0,0,0,30
11/13/2006,LAW,OK,ASW,CE,Federal Contract Tower,2,11,3,166,182,0,0,11,0,11,2,11,14,166,193,0,0,0,193
11/14/2006,LAW,OK,ASW,CE,Federal Contract Tower,0,11,0,138,149,0,0,9,0,9,0,11,9,138,158,0,0,0,158
11/15/2006,LAW,OK,ASW,CE,Federal Contract Tower,0,7,0,2,9,0,0,0,0,0,0,7,0,2,9,0,0,0,9
11/16/2006,LAW,OK,ASW,CE,Federal Contract Tower,0,10,8,114,132,0,0,22,0,22,0,10,30,114,154,0,0,0,154
11/17/2006,LAW,OK,ASW,CE,Federal Contract Tower,0,11,4,0,15,0,0,11,0,11,0,11,15,0,26,0,0,0,26
11/18/2006,LAW,OK,ASW,CE,Federal Contract Tower,0,12,5,0,17,0,0,41,0,41,0,12,46,0,58,16,0,16,74
11/19/2006,LAW,OK,ASW,CE,Federal Contract Tower,0,10,2,4,16,0,0,27,0,27,0,10,29,4,43,6,0,6,49
11/20/2006,LAW,OK,ASW,CE,Federal Contract Tower,0,9,13,126,148,0,0,6,0,6,0,9,19,126,154,0,0,0,154
11/21/2006,LAW,OK,ASW,CE,Federal Contract Tower,0,10,3,45,58,0,0,11,0,11,0,10,14,45,69,0,0,0,69
11/22/2006,LAW,OK,ASW,CE,Federal Contract Tower,0,9,4,39,52,0,0,30,0,30,0,9,34,39,82,0,0,0,82
11/23/2006,LAW,OK,ASW,CE,Federal Contract Tower,0,10,14,0,24,0,0,18,0,18,0,10,32,0,42,0,0,0,42
11/24/2006,LAW,OK,ASW,CE,Federal Contract Tower,0,5,9,0,14,0,0,44,0,44,0,5,53,0,58,10,0,10,68
11/25/2006,LAW,OK,ASW,CE,Federal Contract Tower,0,11,3,0,14,0,0,26,0,26,0,11,29,0,40,20,0,20,60
11/26/2006,LAW,OK,ASW,CE,Federal Contract Tower,4,10,9,0,23,0,0,3,0,3,4,10,12,0,26,0,0,0,26
11/27/2006,LAW,OK,ASW,CE,Federal Contract Tower,1,11,5,138,155,0,0,0,0,0,1,11,5,138,155,0,0,0,155
11/28/2006,LAW,OK,ASW,CE,Federal Contract Tower,0,11,2,108,121,0,0,13,0,13,0,11,15,108,134,0,0,0,134
11/29/2006,LAW,OK,ASW,CE,Federal Contract Tower,0,10,2,33,45,0,0,0,0,0,0,10,2,33,45,0,0,0,45
11/30/2006,LAW,OK,ASW,CE,Federal Contract Tower,2,0,0,0,2,0,0,0,0,0,2,0,0,0,2,0,0,0,2
12/01/2006,LAW,OK,ASW,CE,Federal Contract Tower,0,9,6,26,41,0,0,3,0,3,0,9,9,26,44,0,0,0,44
12/02/2006,LAW,OK,ASW,CE,Federal Contract Tower,0,9,11,0,20,0,0,24,0,24,0,9,35,0,44,40,0,40,84
12/03/2006,LAW,OK,ASW,CE,Federal Contract Tower,0,9,6,1,16,0,0,30,0,30,0,9,36,1,46,10,0,10,56
12/04/2006,LAW,OK,ASW,CE,Federal Contract Tower,0,10,5,122,137,0,0,0,0,0,0,10,5,122,137,0,0,0,137
12/05/2006,LAW,OK,ASW,CE,Federal Contract Tower,0,12,7,180,199,0,0,4,0,4,0,12,11,180,203,0,0,0,203
12/06/2006,LAW,OK,ASW,CE,Federal Contract Tower,0,12,8,216,236,0,0,10,0,10,0,12,18,216,246,20,0,20,266
12/07/2006,LAW,OK,ASW,CE,Federal Contract Tower,0,8,5,92,105,0,0,13,0,13,0,8,18,92,118,0,0,0,118
12/08/2006,LAW,OK,ASW,CE,Federal Contract Tower,0,11,8,124,143,0,0,19,0,19,0,11,27,124,162,0,0,0,162
12/09/2006,LAW,OK,ASW,CE,Federal Contract Tower,0,13,12,0,25,0,0,23,0,23,0,13,35,0,48,20,0,20,68
12/10/2006,LAW,OK,ASW,CE,Federal Contract Tower,0,10,4,0,14,0,0,8,0,8,0,10,12,0,22,0,0,0,22
12/11/2006,LAW,OK,ASW,CE,Federal Contract Tower,0,11,15,88,114,0,0,9,0,9,0,11,24,88,123,6,10,16,139
12/12/2006,LAW,OK,ASW,CE,Federal Contract Tower,0,11,6,171,188,0,0,12,0,12,0,11,18,171,200,0,14,14,214
12/13/2006,LAW,OK,ASW,CE,Federal Contract Tower,0,11,9,83,103,0,0,12,0,12,0,11,21,83,115,24,0,24,139
12/14/2006,LAW,OK,ASW,CE,Federal Contract Tower,0,10,9,102,121,0,0,14,0,14,0,10,23,102,135,10,0,10,145
12/15/2006,LAW,OK,ASW,CE,Federal Contract Tower,0,10,5,14,29,0,0,25,0,25,0,10,30,14,54,2,0,2,56
12/16/2006,LAW,OK,ASW,CE,Federal Contract Tower,1,8,1,0,10,0,0,41,0,41,1,8,42,0,51,0,0,0,51
12/17/2006,LAW,OK,ASW,CE,Federal Contract Tower,0,10,6,0,16,0,0,20,0,20,0,10,26,0,36,28,0,28,64
12/18/2006,LAW,OK,ASW,CE,Federal Contract Tower,0,11,9,196,216,0,0,0,0,0,0,11,9,196,216,10,0,10,226
12/19/2006,LAW,OK,ASW,CE,Federal Contract Tower,0,11,4,0,15,0,0,2,0,2,0,11,6,0,17,0,0,0,17
12/20/2006,LAW,OK,ASW,CE,Federal Contract Tower,0,7,7,38,52,0,0,4,0,4,0,7,11,38,56,10,0,10,66
12/21/2006,LAW,OK,ASW,CE,Federal Contract Tower,0,9,7,112,128,0,0,12,0,12,0,9,19,112,140,0,0,0,140
12/22/2006,LAW,OK,ASW,CE,Federal Contract Tower,0,10,5,56,71,0,0,24,0,24,0,10,29,56,95,10,0,10,105
12/23/2006,LAW,OK,ASW,CE,Federal Contract Tower,0,9,4,0,13,0,0,17,0,17,0,9,21,0,30,0,0,0,30
12/24/2006,LAW,OK,ASW,CE,Federal Contract Tower,0,10,6,0,16,0,0,12,0,12,0,10,18,0,28,0,0,0,28
12/25/2006,LAW,OK,ASW,CE,Federal Contract Tower,0,10,2,0,12,0,0,5,0,5,0,10,7,0,17,0,0,0,17
12/26/2006,LAW,OK,ASW,CE,Federal Contract Tower,0,12,4,0,16,0,0,27,0,27,0,12,31,0,43,16,0,16,59
12/27/2006,LAW,OK,ASW,CE,Federal Contract Tower,0,11,0,0,11,0,0,2,0,2,0,11,2,0,13,0,0,0,13
12/28/2006,LAW,OK,ASW,CE,Federal Contract Tower,0,10,2,0,12,0,0,3,0,3,0,10,5,0,15,0,0,0,15
12/29/2006,LAW,OK,ASW,CE,Federal Contract Tower,0,9,1,0,10,0,0,0,0,0,0,9,1,0,10,0,0,0,10
12/30/2006,LAW,OK,ASW,CE,Federal Contract Tower,0,9,14,0,23,0,0,17,0,17,0,9,31,0,40,48,0,48,88
12/31/2006,LAW,OK,ASW,CE,Federal Contract Tower,0,11,7,0,18,0,0,4,0,4,0,11,11,0,22,0,0,0,22
01/01/2007,LAW,OK,ASW,CE,Federal Contract Tower,0,8,7,0,15,0,0,20,0,20,0,8,27,0,35,10,0,10,45
01/02/2007,LAW,OK,ASW,CE,Federal Contract Tower,0,10,1,0,11,0,0,27,0,27,0,10,28,0,38,10,0,10,48
01/03/2007,LAW,OK,ASW,CE,Federal Contract Tower,0,10,11,112,133,0,0,21,0,21,0,10,32,112,154,0,20,20,174
01/04/2007,LAW,OK,ASW,CE,Federal Contract Tower,3,11,5,64,83,0,0,2,0,2,3,11,7,64,85,0,10,10,95
01/05/2007,LAW,OK,ASW,CE,Federal Contract Tower,0,8,1,100,109,0,0,11,0,11,0,8,12,100,120,16,0,16,136
01/06/2007,LAW,OK,ASW,CE,Federal Contract Tower,0,9,12,12,33,0,0,13,0,13,0,9,25,12,46,10,0,10,56
01/07/2007,LAW,OK,ASW,CE,Federal Contract Tower,0,9,7,0,16,0,0,2,0,2,0,9,9,0,18,24,0,24,42
01/08/2007,LAW,OK,ASW,CE,Federal Contract Tower,0,10,2,162,174,0,0,18,0,18,0,10,20,162,192,0,0,0,192
01/09/2007,LAW,OK,ASW,CE,Federal Contract Tower,0,11,20,222,253,0,0,22,0,22,0,11,42,222,275,0,0,0,275
01/10/2007,LAW,OK,ASW,CE,Federal Contract Tower,0,10,13,94,117,0,0,8,0,8,0,10,21,94,125,10,0,10,135
01/11/2007,LAW,OK,ASW,CE,Federal Contract Tower,2,10,5,130,147,0,0,14,0,14,2,10,19,130,161,10,0,10,171
01/12/2007,LAW,OK,ASW,CE,Federal Contract Tower,0,4,0,0,4,0,0,0,0,0,0,4,0,0,4,0,0,0,4
01/13/2007,LAW,OK,ASW,CE,Federal Contract Tower,0,0,0,0,0,0,0,0,0,0,0,0,0,0,0,0,0,0,0
01/14/2007,LAW,OK,ASW,CE,Federal Contract Tower,0,0,0,0,0,0,0,0,0,0,0,0,0,0,0,0,0,0,0
01/15/2007,LAW,OK,ASW,CE,Federal Contract Tower,0,6,0,0,6,0,0,0,0,0,0,6,0,0,6,0,0,0,6
01/16/2007,LAW,OK,ASW,CE,Federal Contract Tower,0,10,9,4,23,0,0,5,0,5,0,10,14,4,28,0,0,0,28
01/17/2007,LAW,OK,ASW,CE,Federal Contract Tower,0,4,0,0,4,0,0,1,0,1,0,4,1,0,5,0,0,0,5
01/18/2007,LAW,OK,ASW,CE,Federal Contract Tower,0,9,6,140,155,0,0,2,0,2,0,9,8,140,157,0,6,6,163
01/19/2007,LAW,OK,ASW,CE,Federal Contract Tower,1,11,6,252,270,0,0,2,0,2,1,11,8,252,272,0,30,30,302
01/20/2007,LAW,OK,ASW,CE,Federal Contract Tower,0,7,0,0,7,0,0,0,0,0,0,7,0,0,7,0,0,0,7
01/21/2007,LAW,OK,ASW,CE,Federal Contract Tower,0,11,18,0,29,0,0,6,0,6,0,11,24,0,35,0,0,0,35
01/22/2007,LAW,OK,ASW,CE,Federal Contract Tower,0,10,4,160,174,0,0,3,0,3,0,10,7,160,177,0,0,0,177
01/23/2007,LAW,OK,ASW,CE,Federal Contract Tower,0,10,1,154,165,0,0,15,0,15,0,10,16,154,180,10,0,10,190
01/24/2007,LAW,OK,ASW,CE,Federal Contract Tower,0,11,5,102,118,0,0,11,0,11,0,11,16,102,129,0,0,0,129
01/25/2007,LAW,OK,ASW,CE,Federal Contract Tower,0,12,5,98,115,0,0,20,0,20,0,12,25,98,135,10,0,10,145
01/26/2007,LAW,OK,ASW,CE,Federal Contract Tower,0,11,11,62,84,0,0,18,0,18,0,11,29,62,102,16,0,16,118
01/27/2007,LAW,OK,ASW,CE,Federal Contract Tower,0,10,9,0,19,0,0,2,0,2,0,10,11,0,21,10,0,10,31
01/28/2007,LAW,OK,ASW,CE,Federal Contract Tower,0,10,16,18,44,0,0,28,0,28,0,10,44,18,72,0,0,0,72
01/29/2007,LAW,OK,ASW,CE,Federal Contract Tower,0,10,9,216,235,0,0,19,0,19,0,10,28,216,254,6,0,6,260
01/30/2007,LAW,OK,ASW,CE,Federal Contract Tower,0,10,5,288,303,0,0,4,0,4,0,10,9,288,307,6,0,6,313
01/31/2007,LAW,OK,ASW,CE,Federal Contract Tower,0,10,4,0,14,0,0,0,0,0,0,10,4,0,14,0,0,0,14
02/01/2007,LAW,OK,ASW,CE,Federal Contract Tower,0,7,0,1,8,0,0,0,0,0,0,7,0,1,8,0,0,0,8
02/02/2007,LAW,OK,ASW,CE,Federal Contract Tower,0,8,1,160,169,0,0,17,0,17,0,8,18,160,186,0,0,0,186
02/03/2007,LAW,OK,ASW,CE,Federal Contract Tower,0,9,10,0,19,0,0,53,0,53,0,9,63,0,72,10,0,10,82
02/04/2007,LAW,OK,ASW,CE,Federal Contract Tower,2,10,8,12,32,0,0,24,0,24,2,10,32,12,56,10,0,10,66
02/05/2007,LAW,OK,ASW,CE,Federal Contract Tower,0,10,2,188,200,0,0,19,0,19,0,10,21,188,219,32,0,32,251
02/06/2007,LAW,OK,ASW,CE,Federal Contract Tower,0,11,0,126,137,0,0,21,0,21,0,11,21,126,158,0,10,10,168
02/07/2007,LAW,OK,ASW,CE,Federal Contract Tower,2,11,3,234,250,0,0,27,0,27,2,11,30,234,277,10,0,10,287
02/08/2007,LAW,OK,ASW,CE,Federal Contract Tower,1,11,7,2,21,0,0,2,0,2,1,11,9,2,23,0,0,0,23
02/09/2007,LAW,OK,ASW,CE,Federal Contract Tower,0,12,12,28,52,0,0,8,0,8,0,12,20,28,60,22,0,22,82
02/10/2007,LAW,OK,ASW,CE,Federal Contract Tower,0,8,9,4,21,0,0,6,0,6,0,8,15,4,27,0,0,0,27
02/11/2007,LAW,OK,ASW,CE,Federal Contract Tower,0,10,7,0,17,0,0,2,0,2,0,10,9,0,19,0,0,0,19
02/12/2007,LAW,OK,ASW,CE,Federal Contract Tower,0,10,1,64,75,0,0,0,0,0,0,10,1,64,75,0,0,0,75
02/13/2007,LAW,OK,ASW,CE,Federal Contract Tower,0,11,0,174,185,0,0,0,0,0,0,11,0,174,185,0,0,0,185
02/14/2007,LAW,OK,ASW,CE,Federal Contract Tower,0,11,2,68,81,0,0,0,0,0,0,11,2,68,81,0,0,0,81
02/15/2007,LAW,OK,ASW,CE,Federal Contract Tower,0,11,2,189,202,0,0,8,0,8,0,11,10,189,210,0,0,0,210
02/16/2007,LAW,OK,ASW,CE,Federal Contract Tower,0,10,4,124,138,0,0,28,0,28,0,10,32,124,166,22,0,22,188
02/17/2007,LAW,OK,ASW,CE,Federal Contract Tower,0,9,6,0,15,0,0,4,0,4,0,9,10,0,19,4,0,4,23
02/18/2007,LAW,OK,ASW,CE,Federal Contract Tower,0,10,4,0,14,0,0,24,0,24,0,10,28,0,38,28,0,28,66
02/19/2007,LAW,OK,ASW,CE,Federal Contract Tower,0,12,12,0,24,0,0,22,0,22,0,12,34,0,46,4,0,4,50
02/20/2007,LAW,OK,ASW,CE,Federal Contract Tower,0,11,5,28,44,0,0,19,2,21,0,11,24,30,65,0,0,0,65
02/21/2007,LAW,OK,ASW,CE,Federal Contract Tower,0,11,24,192,227,0,0,20,0,20,0,11,44,192,247,20,0,20,267
02/22/2007,LAW,OK,ASW,CE,Federal Contract Tower,0,11,5,144,160,0,0,32,0,32,0,11,37,144,192,0,0,0,192
02/23/2007,LAW,OK,ASW,CE,Federal Contract Tower,0,11,5,38,54,0,0,9,0,9,0,11,14,38,63,16,10,26,89
02/24/2007,LAW,OK,ASW,CE,Federal Contract Tower,0,3,2,8,13,0,0,1,0,1,0,3,3,8,14,0,0,0,14
02/25/2007,LAW,OK,ASW,CE,Federal Contract Tower,0,10,2,2,14,0,0,46,0,46,0,10,48,2,60,0,0,0,60
02/26/2007,LAW,OK,ASW,CE,Federal Contract Tower,2,10,1,156,169,0,0,21,0,21,2,10,22,156,190,0,0,0,190
02/27/2007,LAW,OK,ASW,CE,Federal Contract Tower,2,11,4,162,179,0,0,22,0,22,2,11,26,162,201,22,0,22,223
02/28/2007,LAW,OK,ASW,CE,Federal Contract Tower,0,11,2,92,105,0,0,10,0,10,0,11,12,92,115,10,16,26,141
03/01/2007,LAW,OK,ASW,CE,Federal Contract Tower,1,11,1,134,147,0,0,13,0,13,1,11,14,134,160,0,8,8,168
03/02/2007,LAW,OK,ASW,CE,Federal Contract Tower,0,11,3,15,29,0,0,16,129,145,0,11,19,144,174,30,0,30,204
03/03/2007,LAW,OK,ASW,CE,Federal Contract Tower,0,9,3,2,14,0,0,8,0,8,0,9,11,2,22,0,0,0,22
03/04/2007,LAW,OK,ASW,CE,Federal Contract Tower,0,11,10,6,27,0,0,63,0,63,0,11,73,6,90,10,0,10,100
03/05/2007,LAW,OK,ASW,CE,Federal Contract Tower,0,10,1,130,141,0,0,32,0,32,0,10,33,130,173,26,14,40,213
03/06/2007,LAW,OK,ASW,CE,Federal Contract Tower,0,10,1,100,111,0,0,9,0,9,0,10,10,100,120,10,0,10,130
03/07/2007,LAW,OK,ASW,CE,Federal Contract Tower,0,10,6,58,74,0,0,22,0,22,0,10,28,58,96,0,0,0,96
03/08/2007,LAW,OK,ASW,CE,Federal Contract Tower,0,10,0,174,184,0,0,24,0,24,0,10,24,174,208,0,12,12,220
03/09/2007,LAW,OK,ASW,CE,Federal Contract Tower,0,11,3,110,124,0,0,15,0,15,0,11,18,110,139,0,0,0,139
03/10/2007,LAW,OK,ASW,CE,Federal Contract Tower,0,9,6,0,15,0,0,32,0,32,0,9,38,0,47,10,0,10,57
03/11/2007,LAW,OK,ASW,CE,Federal Contract Tower,0,10,0,0,10,0,0,0,0,0,0,10,0,0,10,0,0,0,10
03/12/2007,LAW,OK,ASW,CE,Federal Contract Tower,0,10,14,152,176,0,0,10,0,10,0,10,24,152,186,0,6,6,192
03/13/2007,LAW,OK,ASW,CE,Federal Contract Tower,0,8,2,132,142,0,0,5,0,5,0,8,7,132,147,0,0,0,147
03/14/2007,LAW,OK,ASW,CE,Federal Contract Tower,0,9,10,116,135,0,0,10,0,10,0,9,20,116,145,22,0,22,167
03/15/2007,LAW,OK,ASW,CE,Federal Contract Tower,0,8,11,104,123,0,0,24,0,24,0,8,35,104,147,12,0,12,159
03/16/2007,LAW,OK,ASW,CE,Federal Contract Tower,0,10,3,88,101,0,0,23,0,23,0,10,26,88,124,0,0,0,124
03/17/2007,LAW,OK,ASW,CE,Federal Contract Tower,0,9,10,0,19,0,0,39,0,39,0,9,49,0,58,0,0,0,58
03/18/2007,LAW,OK,ASW,CE,Federal Contract Tower,0,10,1,0,11,0,0,25,0,25,0,10,26,0,36,0,0,0,36
03/19/2007,LAW,OK,ASW,CE,Federal Contract Tower,0,10,0,68,78,0,0,0,0,0,0,10,0,68,78,0,0,0,78
03/20/2007,LAW,OK,ASW,CE,Federal Contract Tower,0,10,11,98,119,0,0,1,0,1,0,10,12,98,120,0,0,0,120
03/21/2007,LAW,OK,ASW,CE,Federal Contract Tower,0,11,2,52,65,0,0,4,0,4,0,11,6,52,69,0,0,0,69
03/22/2007,LAW,OK,ASW,CE,Federal Contract Tower,0,10,1,70,81,0,0,2,0,2,0,10,3,70,83,0,0,0,83
03/23/2007,LAW,OK,ASW,CE,Federal Contract Tower,0,10,6,58,74,0,0,22,0,22,0,10,28,58,96,0,0,0,96
03/24/2007,LAW,OK,ASW,CE,Federal Contract Tower,0,8,16,0,24,0,0,5,0,5,0,8,21,0,29,10,0,10,39
03/25/2007,LAW,OK,ASW,CE,Federal Contract Tower,0,10,20,0,30,0,0,19,0,19,0,10,39,0,49,60,0,60,109
03/26/2007,LAW,OK,ASW,CE,Federal Contract Tower,0,10,3,142,155,0,0,1,0,1,0,10,4,142,156,0,0,0,156
03/27/2007,LAW,OK,ASW,CE,Federal Contract Tower,0,10,0,131,141,0,0,18,0,18,0,10,18,131,159,0,0,0,159
03/28/2007,LAW,OK,ASW,CE,Federal Contract Tower,0,10,7,58,75,0,0,12,0,12,0,10,19,58,87,26,0,26,113
03/29/2007,LAW,OK,ASW,CE,Federal Contract Tower,0,6,0,10,16,0,0,0,0,0,0,6,0,10,16,0,0,0,16
03/30/2007,LAW,OK,ASW,CE,Federal Contract Tower,2,5,3,0,10,0,0,2,0,2,2,5,5,0,12,0,0,0,12
03/31/2007,LAW,OK,ASW,CE,Federal Contract Tower,0,8,36,0,44,0,0,27,0,27,0,8,63,0,71,31,0,31,102
04/01/2007,LAW,OK,ASW,CE,Federal Contract Tower,0,10,15,0,25,0,0,38,0,38,0,10,53,0,63,10,0,10,73
04/02/2007,LAW,OK,ASW,CE,Federal Contract Tower,0,10,0,84,94,0,0,22,0,22,0,10,22,84,116,0,0,0,116
04/03/2007,LAW,OK,ASW,CE,Federal Contract Tower,0,11,0,84,95,0,0,27,0,27,0,11,27,84,122,6,0,6,128
04/04/2007,LAW,OK,ASW,CE,Federal Contract Tower,0,10,5,118,133,0,0,15,0,15,0,10,20,118,148,16,0,16,164
04/05/2007,LAW,OK,ASW,CE,Federal Contract Tower,0,11,11,154,176,0,0,12,0,12,0,11,23,154,188,0,0,0,188
04/06/2007,LAW,OK,ASW,CE,Federal Contract Tower,0,10,0,88,98,0,0,0,0,0,0,10,0,88,98,0,0,0,98
04/07/2007,LAW,OK,ASW,CE,Federal Contract Tower,0,8,3,0,11,0,0,6,0,6,0,8,9,0,17,4,0,4,21
04/08/2007,LAW,OK,ASW,CE,Federal Contract Tower,0,10,1,0,11,0,0,7,0,7,0,10,8,0,18,0,0,0,18
04/09/2007,LAW,OK,ASW,CE,Federal Contract Tower,0,10,4,131,145,0,0,9,0,9,0,10,13,131,154,0,4,4,158
04/10/2007,LAW,OK,ASW,CE,Federal Contract Tower,0,12,9,197,218,0,0,0,0,0,0,12,9,197,218,0,0,0,218
04/11/2007,LAW,OK,ASW,CE,Federal Contract Tower,0,10,1,163,174,0,0,24,26,50,0,10,25,189,224,0,0,0,224
04/12/2007,LAW,OK,ASW,CE,Federal Contract Tower,0,14,6,60,80,0,0,15,0,15,0,14,21,60,95,0,0,0,95
04/13/2007,LAW,OK,ASW,CE,Federal Contract Tower,0,9,7,21,37,0,0,1,0,1,0,9,8,21,38,0,0,0,38
04/14/2007,LAW,OK,ASW,CE,Federal Contract Tower,0,8,4,1,13,0,0,11,12,23,0,8,15,13,36,0,0,0,36
04/15/2007,LAW,OK,ASW,CE,Federal Contract Tower,0,10,0,0,10,0,0,37,0,37,0,10,37,0,47,50,0,50,97
04/16/2007,LAW,OK,ASW,CE,Federal Contract Tower,0,11,2,136,149,0,0,9,0,9,0,11,11,136,158,0,0,0,158
04/17/2007,LAW,OK,ASW,CE,Federal Contract Tower,0,10,5,26,41,0,0,0,0,0,0,10,5,26,41,0,0,0,41
04/18/2007,LAW,OK,ASW,CE,Federal Contract Tower,0,10,5,144,159,0,0,19,0,19,0,10,24,144,178,28,0,28,206
04/19/2007,LAW,OK,ASW,CE,Federal Contract Tower,0,9,10,74,93,0,0,9,0,9,0,9,19,74,102,0,0,0,102
04/20/2007,LAW,OK,ASW,CE,Federal Contract Tower,0,10,7,78,95,0,0,30,0,30,0,10,37,78,125,6,0,6,131
04/21/2007,LAW,OK,ASW,CE,Federal Contract Tower,0,9,6,0,15,0,0,28,0,28,0,9,34,0,43,0,0,0,43
04/22/2007,LAW,OK,ASW,CE,Federal Contract Tower,0,10,1,0,11,0,0,5,0,5,0,10,6,0,16,6,0,6,22
04/23/2007,LAW,OK,ASW,CE,Federal Contract Tower,2,10,5,170,187,0,0,3,0,3,2,10,8,170,190,0,0,0,190
04/24/2007,LAW,OK,ASW,CE,Federal Contract Tower,0,4,0,80,84,0,0,2,0,2,0,4,2,80,86,0,0,0,86
04/25/2007,LAW,OK,ASW,CE,Federal Contract Tower,0,10,0,60,70,0,0,6,0,6,0,10,6,60,76,0,0,0,76
04/26/2007,LAW,OK,ASW,CE,Federal Contract Tower,0,10,4,60,74,0,0,23,0,23,0,10,27,60,97,0,0,0,97
04/27/2007,LAW,OK,ASW,CE,Federal Contract Tower,0,10,4,40,54,0,0,3,0,3,0,10,7,40,57,0,0,0,57
04/28/2007,LAW,OK,ASW,CE,Federal Contract Tower,0,9,2,3,14,0,0,36,0,36,0,9,38,3,50,4,0,4,54
04/29/2007,LAW,OK,ASW,CE,Federal Contract Tower,0,10,6,1,17,0,0,46,0,46,0,10,52,1,63,10,0,10,73
04/30/2007,LAW,OK,ASW,CE,Federal Contract Tower,0,9,1,8,18,0,0,1,0,1,0,9,2,8,19,0,0,0,19
05/01/2007,LAW,OK,ASW,CE,Federal Contract Tower,0,12,0,78,90,0,0,0,0,0,0,12,0,78,90,0,10,10,100
05/02/2007,LAW,OK,ASW,CE,Federal Contract Tower,0,11,1,70,82,0,0,11,0,11,0,11,12,70,93,10,10,20,113
05/03/2007,LAW,OK,ASW,CE,Federal Contract Tower,0,12,10,44,66,0,0,6,0,6,0,12,16,44,72,0,0,0,72
05/04/2007,LAW,OK,ASW,CE,Federal Contract Tower,0,12,6,54,72,0,0,10,0,10,0,12,16,54,82,0,0,0,82
05/05/2007,LAW,OK,ASW,CE,Federal Contract Tower,2,9,0,6,17,0,0,5,0,5,2,9,5,6,22,10,0,10,32
05/06/2007,LAW,OK,ASW,CE,Federal Contract Tower,0,10,9,36,55,0,0,5,0,5,0,10,14,36,60,0,8,8,68
05/07/2007,LAW,OK,ASW,CE,Federal Contract Tower,0,12,0,76,88,0,0,3,0,3,0,12,3,76,91,16,0,16,107
05/08/2007,LAW,OK,ASW,CE,Federal Contract Tower,0,12,0,52,64,0,0,4,0,4,0,12,4,52,68,0,0,0,68
05/09/2007,LAW,OK,ASW,CE,Federal Contract Tower,0,11,2,62,75,0,0,15,0,15,0,11,17,62,90,0,0,0,90
05/10/2007,LAW,OK,ASW,CE,Federal Contract Tower,0,13,12,144,169,0,0,0,0,0,0,13,12,144,169,0,6,6,175
05/11/2007,LAW,OK,ASW,CE,Federal Contract Tower,0,12,2,94,108,0,0,21,0,21,0,12,23,94,129,0,0,0,129
05/12/2007,LAW,OK,ASW,CE,Federal Contract Tower,0,10,4,0,14,0,0,28,0,28,0,10,32,0,42,10,0,10,52
05/13/2007,LAW,OK,ASW,CE,Federal Contract Tower,0,9,14,8,31,0,0,19,0,19,0,9,33,8,50,10,0,10,60
05/14/2007,LAW,OK,ASW,CE,Federal Contract Tower,0,12,5,84,101,0,0,11,0,11,0,12,16,84,112,0,0,0,112
05/15/2007,LAW,OK,ASW,CE,Federal Contract Tower,0,12,3,130,145,0,0,4,0,4,0,12,7,130,149,0,0,0,149
05/16/2007,LAW,OK,ASW,CE,Federal Contract Tower,0,12,10,194,216,0,0,5,0,5,0,12,15,194,221,0,10,10,231
05/17/2007,LAW,OK,ASW,CE,Federal Contract Tower,0,13,2,150,165,0,0,13,0,13,0,13,15,150,178,0,10,10,188
05/18/2007,LAW,OK,ASW,CE,Federal Contract Tower,0,13,9,86,108,0,0,13,0,13,0,13,22,86,121,0,0,0,121
05/19/2007,LAW,OK,ASW,CE,Federal Contract Tower,0,9,3,0,12,0,0,15,0,15,0,9,18,0,27,10,0,10,37
05/20/2007,LAW,OK,ASW,CE,Federal Contract Tower,2,10,17,8,37,0,0,14,0,14,2,10,31,8,51,0,0,0,51
05/21/2007,LAW,OK,ASW,CE,Federal Contract Tower,0,12,0,60,72,0,0,6,0,6,0,12,6,60,78,0,0,0,78
05/22/2007,LAW,OK,ASW,CE,Federal Contract Tower,0,12,4,174,190,0,0,12,0,12,0,12,16,174,202,0,0,0,202
05/23/2007,LAW,OK,ASW,CE,Federal Contract Tower,0,13,4,154,171,0,0,5,0,5,0,13,9,154,176,0,0,0,176
05/24/2007,LAW,OK,ASW,CE,Federal Contract Tower,0,6,3,1,10,0,0,2,0,2,0,6,5,1,12,0,0,0,12
05/25/2007,LAW,OK,ASW,CE,Federal Contract Tower,0,11,13,0,24,0,0,4,0,4,0,11,17,0,28,0,0,0,28
05/26/2007,LAW,OK,ASW,CE,Federal Contract Tower,0,11,14,0,25,0,0,0,0,0,0,11,14,0,25,0,0,0,25
05/27/2007,LAW,OK,ASW,CE,Federal Contract Tower,0,10,1,0,11,0,0,4,0,4,0,10,5,0,15,0,0,0,15
05/28/2007,LAW,OK,ASW,CE,Federal Contract Tower,0,12,5,0,17,0,0,3,0,3,0,12,8,0,20,12,0,12,32
05/29/2007,LAW,OK,ASW,CE,Federal Contract Tower,0,13,11,160,184,0,0,5,0,5,0,13,16,160,189,0,0,0,189
05/30/2007,LAW,OK,ASW,CE,Federal Contract Tower,0,11,12,118,141,0,0,4,0,4,0,11,16,118,145,0,0,0,145
05/31/2007,LAW,OK,ASW,CE,Federal Contract Tower,0,12,11,166,189,0,0,12,0,12,0,12,23,166,201,4,10,14,215
06/01/2007,LAW,OK,ASW,CE,Federal Contract Tower,0,12,10,90,112,0,0,4,0,4,0,12,14,90,116,4,0,4,120
06/02/2007,LAW,OK,ASW,CE,Federal Contract Tower,0,9,6,6,21,0,0,15,0,15,0,9,21,6,36,0,0,0,36
06/03/2007,LAW,OK,ASW,CE,Federal Contract Tower,2,6,6,2,16,0,0,28,0,28,2,6,34,2,44,0,0,0,44
06/04/2007,LAW,OK,ASW,CE,Federal Contract Tower,0,14,9,128,151,0,0,11,0,11,0,14,20,128,162,0,0,0,162
06/05/2007,LAW,OK,ASW,CE,Federal Contract Tower,0,12,1,122,135,0,0,6,0,6,0,12,7,122,141,60,0,60,201
06/06/2007,LAW,OK,ASW,CE,Federal Contract Tower,0,10,1,42,53,0,0,6,0,6,0,10,7,42,59,0,10,10,69
06/07/2007,LAW,OK,ASW,CE,Federal Contract Tower,0,13,6,48,67,0,0,11,0,11,0,13,17,48,78,0,0,0,78
06/08/2007,LAW,OK,ASW,CE,Federal Contract Tower,0,12,5,82,99,0,0,16,0,16,0,12,21,82,115,0,0,0,115
06/09/2007,LAW,OK,ASW,CE,Federal Contract Tower,0,10,4,0,14,0,0,19,0,19,0,10,23,0,33,0,0,0,33
06/10/2007,LAW,OK,ASW,CE,Federal Contract Tower,0,10,9,3,22,0,0,14,0,14,0,10,23,3,36,0,0,0,36
06/11/2007,LAW,OK,ASW,CE,Federal Contract Tower,2,13,4,40,59,0,0,10,0,10,2,13,14,40,69,0,0,0,69
06/12/2007,LAW,OK,ASW,CE,Federal Contract Tower,0,13,6,26,45,0,0,11,0,11,0,13,17,26,56,12,0,12,68
06/13/2007,LAW,OK,ASW,CE,Federal Contract Tower,0,14,5,82,101,0,0,3,0,3,0,14,8,82,104,0,0,0,104
06/14/2007,LAW,OK,ASW,CE,Federal Contract Tower,0,10,3,52,65,0,0,2,0,2,0,10,5,52,67,0,0,0,67
06/15/2007,LAW,OK,ASW,CE,Federal Contract Tower,0,14,6,136,156,0,0,4,0,4,0,14,10,136,160,0,0,0,160
06/16/2007,LAW,OK,ASW,CE,Federal Contract Tower,0,9,15,0,24,0,0,9,0,9,0,9,24,0,33,20,0,20,53
06/17/2007,LAW,OK,ASW,CE,Federal Contract Tower,4,8,4,0,16,0,0,2,0,2,4,8,6,0,18,0,0,0,18
06/18/2007,LAW,OK,ASW,CE,Federal Contract Tower,0,11,0,96,107,0,0,9,0,9,0,11,9,96,116,0,0,0,116
06/19/2007,LAW,OK,ASW,CE,Federal Contract Tower,0,12,7,134,153,0,0,25,0,25,0,12,32,134,178,10,10,20,198
06/20/2007,LAW,OK,ASW,CE,Federal Contract Tower,0,15,13,106,134,0,0,13,0,13,0,15,26,106,147,14,0,14,161
06/21/2007,LAW,OK,ASW,CE,Federal Contract Tower,0,9,8,112,129,0,0,10,0,10,0,9,18,112,139,0,0,0,139
06/22/2007,LAW,OK,ASW,CE,Federal Contract Tower,0,13,11,156,180,0,0,7,0,7,0,13,18,156,187,12,0,12,199
06/23/2007,LAW,OK,ASW,CE,Federal Contract Tower,0,10,9,8,27,0,0,12,10,22,0,10,21,18,49,16,0,16,65
06/24/2007,LAW,OK,ASW,CE,Federal Contract Tower,0,12,1,18,31,0,0,10,0,10,0,12,11,18,41,0,0,0,41
06/25/2007,LAW,OK,ASW,CE,Federal Contract Tower,0,13,2,94,109,0,0,1,0,1,0,13,3,94,110,0,26,26,136
06/26/2007,LAW,OK,ASW,CE,Federal Contract Tower,0,3,0,4,7,0,0,0,0,0,0,3,0,4,7,0,0,0,7
06/27/2007,LAW,OK,ASW,CE,Federal Contract Tower,0,11,2,119,132,0,0,9,0,9,0,11,11,119,141,26,10,36,177
06/28/2007,LAW,OK,ASW,CE,Federal Contract Tower,0,12,9,62,83,0,0,0,0,0,0,12,9,62,83,0,0,0,83
06/29/2007,LAW,OK,ASW,CE,Federal Contract Tower,0,12,11,24,47,0,0,2,250,252,0,12,13,274,299,0,0,0,299
06/30/2007,LAW,OK,ASW,CE,Federal Contract Tower,0,11,3,0,14,0,0,23,0,23,0,11,26,0,37,10,0,10,47
07/01/2007,LAW,OK,ASW,CE,Federal Contract Tower,0,7,2,0,9,0,0,13,0,13,0,7,15,0,22,20,0,20,42
07/02/2007,LAW,OK,ASW,CE,Federal Contract Tower,0,7,2,79,88,0,0,2,0,2,0,7,4,79,90,0,0,0,90
07/03/2007,LAW,OK,ASW,CE,Federal Contract Tower,0,15,5,104,124,0,0,15,0,15,0,15,20,104,139,12,0,12,151
07/04/2007,LAW,OK,ASW,CE,Federal Contract Tower,0,13,5,0,18,0,0,16,0,16,0,13,21,0,34,0,0,0,34
07/05/2007,LAW,OK,ASW,CE,Federal Contract Tower,0,13,0,0,13,0,0,6,0,6,0,13,6,0,19,22,0,22,41
07/06/2007,LAW,OK,ASW,CE,Federal Contract Tower,0,12,3,114,129,0,0,8,0,8,0,12,11,114,137,0,0,0,137
07/07/2007,LAW,OK,ASW,CE,Federal Contract Tower,0,9,4,0,13,0,0,26,0,26,0,9,30,0,39,10,0,10,49
07/08/2007,LAW,OK,ASW,CE,Federal Contract Tower,0,9,3,0,12,0,0,24,0,24,0,9,27,0,36,6,0,6,42
07/09/2007,LAW,OK,ASW,CE,Federal Contract Tower,0,13,10,76,99,0,0,7,0,7,0,13,17,76,106,0,0,0,106
07/10/2007,LAW,OK,ASW,CE,Federal Contract Tower,0,12,2,60,74,0,0,10,0,10,0,12,12,60,84,4,0,4,88
07/11/2007,LAW,OK,ASW,CE,Federal Contract Tower,2,11,6,58,77,0,0,3,0,3,2,11,9,58,80,0,0,0,80
07/12/2007,LAW,OK,ASW,CE,Federal Contract Tower,0,12,7,85,104,0,0,8,0,8,0,12,15,85,112,0,0,0,112
07/13/2007,LAW,OK,ASW,CE,Federal Contract Tower,0,8,6,80,94,0,0,0,0,0,0,8,6,80,94,0,0,0,94
07/14/2007,LAW,OK,ASW,CE,Federal Contract Tower,4,7,7,66,84,0,0,15,0,15,4,7,22,66,99,0,0,0,99
07/15/2007,LAW,OK,ASW,CE,Federal Contract Tower,0,12,2,6,20,0,0,30,0,30,0,12,32,6,50,0,0,0,50
07/16/2007,LAW,OK,ASW,CE,Federal Contract Tower,0,12,8,50,70,0,0,18,0,18,0,12,26,50,88,0,0,0,88
07/17/2007,LAW,OK,ASW,CE,Federal Contract Tower,0,13,0,74,87,0,0,12,0,12,0,13,12,74,99,0,0,0,99
07/18/2007,LAW,OK,ASW,CE,Federal Contract Tower,0,12,10,88,110,0,0,4,0,4,0,12,14,88,114,6,14,20,134
07/19/2007,LAW,OK,ASW,CE,Federal Contract Tower,1,10,10,74,95,0,0,8,0,8,1,10,18,74,103,0,0,0,103
07/20/2007,LAW,OK,ASW,CE,Federal Contract Tower,0,14,3,32,49,0,0,26,0,26,0,14,29,32,75,0,0,0,75
07/21/2007,LAW,OK,ASW,CE,Federal Contract Tower,0,9,4,0,13,0,0,13,0,13,0,9,17,0,26,26,0,26,52
07/22/2007,LAW,OK,ASW,CE,Federal Contract Tower,0,12,3,4,19,0,0,11,0,11,0,12,14,4,30,0,0,0,30
07/23/2007,LAW,OK,ASW,CE,Federal Contract Tower,0,13,1,120,134,0,0,6,0,6,0,13,7,120,140,0,26,26,166
07/24/2007,LAW,OK,ASW,CE,Federal Contract Tower,0,13,4,120,137,0,0,29,0,29,0,13,33,120,166,0,0,0,166
07/25/2007,LAW,OK,ASW,CE,Federal Contract Tower,0,12,8,94,114,0,0,27,0,27,0,12,35,94,141,0,0,0,141
07/26/2007,LAW,OK,ASW,CE,Federal Contract Tower,2,12,9,126,149,0,0,15,0,15,2,12,24,126,164,0,0,0,164
07/27/2007,LAW,OK,ASW,CE,Federal Contract Tower,0,14,3,104,121,0,0,5,0,5,0,14,8,104,126,20,0,20,146
07/28/2007,LAW,OK,ASW,CE,Federal Contract Tower,0,9,3,0,12,0,0,8,0,8,0,9,11,0,20,6,0,6,26
07/29/2007,LAW,OK,ASW,CE,Federal Contract Tower,0,10,1,0,11,0,0,14,0,14,0,10,15,0,25,0,0,0,25
07/30/2007,LAW,OK,ASW,CE,Federal Contract Tower,0,13,2,60,75,0,0,1,0,1,0,13,3,60,76,8,0,8,84
07/31/2007,LAW,OK,ASW,CE,Federal Contract Tower,0,12,11,64,87,0,0,2,0,2,0,12,13,64,89,0,0,0,89
08/01/2007,LAW,OK,ASW,CE,Federal Contract Tower,0,11,8,64,83,0,0,6,0,6,0,11,14,64,89,0,0,0,89
08/02/2007,LAW,OK,ASW,CE,Federal Contract Tower,0,12,9,16,37,0,0,12,0,12,0,12,21,16,49,0,0,0,49
08/03/2007,LAW,OK,ASW,CE,Federal Contract Tower,3,10,7,32,52,0,0,37,0,37,3,10,44,32,89,2,0,2,91
08/04/2007,LAW,OK,ASW,CE,Federal Contract Tower,1,8,3,0,12,0,0,11,0,11,1,8,14,0,23,0,0,0,23
08/05/2007,LAW,OK,ASW,CE,Federal Contract Tower,0,14,2,2,18,0,0,17,0,17,0,14,19,2,35,0,0,0,35
08/06/2007,LAW,OK,ASW,CE,Federal Contract Tower,0,12,3,64,79,0,0,9,0,9,0,12,12,64,88,0,0,0,88
08/07/2007,LAW,OK,ASW,CE,Federal Contract Tower,0,12,4,60,76,0,0,20,0,20,0,12,24,60,96,0,0,0,96
08/08/2007,LAW,OK,ASW,CE,Federal Contract Tower,2,12,2,54,70,0,0,10,0,10,2,12,12,54,80,0,0,0,80
08/09/2007,LAW,OK,ASW,CE,Federal Contract Tower,0,13,5,112,130,0,0,25,0,25,0,13,30,112,155,16,0,16,171
08/10/2007,LAW,OK,ASW,CE,Federal Contract Tower,0,11,8,42,61,0,0,12,0,12,0,11,20,42,73,0,10,10,83
08/11/2007,LAW,OK,ASW,CE,Federal Contract Tower,0,9,5,4,18,0,0,24,0,24,0,9,29,4,42,0,0,0,42
08/12/2007,LAW,OK,ASW,CE,Federal Contract Tower,0,12,1,5,18,0,0,2,0,2,0,12,3,5,20,0,0,0,20
08/13/2007,LAW,OK,ASW,CE,Federal Contract Tower,0,13,3,52,68,0,0,13,0,13,0,13,16,52,81,0,0,0,81
08/14/2007,LAW,OK,ASW,CE,Federal Contract Tower,0,14,0,100,114,0,0,7,0,7,0,14,7,100,121,0,0,0,121
08/15/2007,LAW,OK,ASW,CE,Federal Contract Tower,0,12,12,154,178,0,0,17,0,17,0,12,29,154,195,30,6,36,231
08/16/2007,LAW,OK,ASW,CE,Federal Contract Tower,0,11,7,76,94,0,0,16,0,16,0,11,23,76,110,10,0,10,120
08/17/2007,LAW,OK,ASW,CE,Federal Contract Tower,0,12,4,84,100,0,0,7,0,7,0,12,11,84,107,0,0,0,107
08/18/2007,LAW,OK,ASW,CE,Federal Contract Tower,0,10,7,0,17,0,0,1,0,1,0,10,8,0,18,0,0,0,18
08/19/2007,LAW,OK,ASW,CE,Federal Contract Tower,0,10,4,0,14,0,0,0,0,0,0,10,4,0,14,0,0,0,14
08/20/2007,LAW,OK,ASW,CE,Federal Contract Tower,0,8,0,96,104,0,0,6,0,6,0,8,6,96,110,0,0,0,110
08/21/2007,LAW,OK,ASW,CE,Federal Contract Tower,0,12,0,90,102,0,0,23,0,23,0,12,23,90,125,0,0,0,125
08/22/2007,LAW,OK,ASW,CE,Federal Contract Tower,0,13,13,184,210,0,0,23,0,23,0,13,36,184,233,4,0,4,237
08/23/2007,LAW,OK,ASW,CE,Federal Contract Tower,0,13,11,88,112,0,0,8,0,8,0,13,19,88,120,10,0,10,130
08/24/2007,LAW,OK,ASW,CE,Federal Contract Tower,0,10,2,48,60,0,0,9,0,9,0,10,11,48,69,0,0,0,69
08/25/2007,LAW,OK,ASW,CE,Federal Contract Tower,0,8,4,0,12,0,0,5,0,5,0,8,9,0,17,0,0,0,17
08/26/2007,LAW,OK,ASW,CE,Federal Contract Tower,0,12,27,2,41,1,0,12,0,13,1,12,39,2,54,0,0,0,54
08/27/2007,LAW,OK,ASW,CE,Federal Contract Tower,0,13,0,38,51,0,0,19,0,19,0,13,19,38,70,0,0,0,70
08/28/2007,LAW,OK,ASW,CE,Federal Contract Tower,0,12,5,96,113,0,0,5,0,5,0,12,10,96,118,0,0,0,118
08/29/2007,LAW,OK,ASW,CE,Federal Contract Tower,1,11,8,110,130,0,0,9,0,9,1,11,17,110,139,0,0,0,139
08/30/2007,LAW,OK,ASW,CE,Federal Contract Tower,0,11,4,115,130,0,0,2,0,2,0,11,6,115,132,0,0,0,132
08/31/2007,LAW,OK,ASW,CE,Federal Contract Tower,0,12,6,0,18,0,0,5,0,5,0,12,11,0,23,0,0,0,23
09/01/2007,LAW,OK,ASW,CE,Federal Contract Tower,2,10,6,0,18,0,0,15,0,15,2,10,21,0,33,0,0,0,33
09/02/2007,LAW,OK,ASW,CE,Federal Contract Tower,2,8,1,1,12,0,0,19,0,19,2,8,20,1,31,20,0,20,51
09/03/2007,LAW,OK,ASW,CE,Federal Contract Tower,0,12,6,0,18,0,0,13,0,13,0,12,19,0,31,20,0,20,51
09/04/2007,LAW,OK,ASW,CE,Federal Contract Tower,0,10,6,74,90,0,0,2,0,2,0,10,8,74,92,0,0,0,92
09/05/2007,LAW,OK,ASW,CE,Federal Contract Tower,0,12,4,48,64,0,0,0,0,0,0,12,4,48,64,0,0,0,64
09/06/2007,LAW,OK,ASW,CE,Federal Contract Tower,0,13,6,98,117,0,0,5,0,5,0,13,11,98,122,0,0,0,122
09/07/2007,LAW,OK,ASW,CE,Federal Contract Tower,0,12,6,56,74,0,0,6,0,6,0,12,12,56,80,0,0,0,80
09/08/2007,LAW,OK,ASW,CE,Federal Contract Tower,0,9,9,0,18,0,0,1,0,1,0,9,10,0,19,0,0,0,19
09/09/2007,LAW,OK,ASW,CE,Federal Contract Tower,0,9,10,2,21,0,0,7,0,7,0,9,17,2,28,0,0,0,28
09/10/2007,LAW,OK,ASW,CE,Federal Contract Tower,0,2,5,178,185,0,0,3,0,3,0,2,8,178,188,0,0,0,188
09/11/2007,LAW,OK,ASW,CE,Federal Contract Tower,0,13,0,42,55,0,0,11,0,11,0,13,11,42,66,0,0,0,66
09/12/2007,LAW,OK,ASW,CE,Federal Contract Tower,0,12,7,132,151,0,0,11,0,11,0,12,18,132,162,0,0,0,162
09/13/2007,LAW,OK,ASW,CE,Federal Contract Tower,0,12,6,111,129,0,0,17,0,17,0,12,23,111,146,0,0,0,146
09/14/2007,LAW,OK,ASW,CE,Federal Contract Tower,0,14,3,52,69,0,0,19,0,19,0,14,22,52,88,16,0,16,104
09/15/2007,LAW,OK,ASW,CE,Federal Contract Tower,0,9,15,0,24,0,0,16,0,16,0,9,31,0,40,0,0,0,40
09/16/2007,LAW,OK,ASW,CE,Federal Contract Tower,0,12,2,11,25,0,0,11,0,11,0,12,13,11,36,0,6,6,42
09/17/2007,LAW,OK,ASW,CE,Federal Contract Tower,0,12,0,36,48,0,0,3,0,3,0,12,3,36,51,0,0,0,51
09/18/2007,LAW,OK,ASW,CE,Federal Contract Tower,0,12,13,24,49,0,0,7,0,7,0,12,20,24,56,0,0,0,56
09/19/2007,LAW,OK,ASW,CE,Federal Contract Tower,0,12,12,102,126,0,0,10,0,10,0,12,22,102,136,0,0,0,136
09/20/2007,LAW,OK,ASW,CE,Federal Contract Tower,0,15,13,80,108,0,0,30,0,30,0,15,43,80,138,0,0,0,138
09/21/2007,LAW,OK,ASW,CE,Federal Contract Tower,0,12,6,104,122,0,0,19,0,19,0,12,25,104,141,20,0,20,161
09/22/2007,LAW,OK,ASW,CE,Federal Contract Tower,0,8,8,0,16,0,0,23,0,23,0,8,31,0,39,24,0,24,63
09/23/2007,LAW,OK,ASW,CE,Federal Contract Tower,0,9,6,0,15,0,0,6,0,6,0,9,12,0,21,0,0,0,21
09/24/2007,LAW,OK,ASW,CE,Federal Contract Tower,0,12,5,90,107,0,0,5,0,5,0,12,10,90,112,0,0,0,112
09/25/2007,LAW,OK,ASW,CE,Federal Contract Tower,0,14,5,126,145,0,0,0,0,0,0,14,5,126,145,0,0,0,145
09/26/2007,LAW,OK,ASW,CE,Federal Contract Tower,0,12,4,118,134,0,0,11,0,11,0,12,15,118,145,0,0,0,145
09/27/2007,LAW,OK,ASW,CE,Federal Contract Tower,0,13,12,0,25,0,0,13,0,13,0,13,25,0,38,20,0,20,58
09/28/2007,LAW,OK,ASW,CE,Federal Contract Tower,0,14,18,0,32,0,0,11,0,11,0,14,29,0,43,0,0,0,43
09/29/2007,LAW,OK,ASW,CE,Federal Contract Tower,0,10,4,0,14,0,0,9,0,9,0,10,13,0,23,0,0,0,23
09/30/2007,LAW,OK,ASW,CE,Federal Contract Tower,0,14,6,0,20,0,0,8,0,8,0,14,14,0,28,0,0,0,28
10/01/2007,LAW,OK,ASW,CE,Federal Contract Tower,0,13,9,146,168,0,0,5,0,5,0,13,14,146,173,0,0,0,173
10/02/2007,LAW,OK,ASW,CE,Federal Contract Tower,0,12,13,172,197,0,0,25,0,25,0,12,38,172,222,0,0,0,222
10/03/2007,LAW,OK,ASW,CE,Federal Contract Tower,0,13,6,248,267,0,0,7,0,7,0,13,13,248,274,0,0,0,274
10/04/2007,LAW,OK,ASW,CE,Federal Contract Tower,0,12,19,194,225,0,0,14,0,14,0,12,33,194,239,24,0,24,263
10/05/2007,LAW,OK,ASW,CE,Federal Contract Tower,0,13,2,100,115,0,0,9,0,9,0,13,11,100,124,0,0,0,124
10/06/2007,LAW,OK,ASW,CE,Federal Contract Tower,0,10,15,0,25,0,0,11,0,11,0,10,26,0,36,0,0,0,36
10/07/2007,LAW,OK,ASW,CE,Federal Contract Tower,0,12,8,0,20,0,0,13,0,13,0,12,21,0,33,0,0,0,33
10/08/2007,LAW,OK,ASW,CE,Federal Contract Tower,0,10,17,28,55,0,0,13,0,13,0,10,30,28,68,0,0,0,68
10/09/2007,LAW,OK,ASW,CE,Federal Contract Tower,2,12,5,200,219,0,0,15,0,15,2,12,20,200,234,58,8,66,300
10/10/2007,LAW,OK,ASW,CE,Federal Contract Tower,0,14,5,174,193,0,0,21,0,21,0,14,26,174,214,20,0,20,234
10/11/2007,LAW,OK,ASW,CE,Federal Contract Tower,0,13,4,130,147,0,0,20,0,20,0,13,24,130,167,0,0,0,167
10/12/2007,LAW,OK,ASW,CE,Federal Contract Tower,0,13,7,88,108,0,0,6,0,6,0,13,13,88,114,0,0,0,114
10/13/2007,LAW,OK,ASW,CE,Federal Contract Tower,0,9,8,1,18,0,0,20,0,20,0,9,28,1,38,0,12,12,50
10/14/2007,LAW,OK,ASW,CE,Federal Contract Tower,0,12,4,17,33,0,0,7,0,7,0,12,11,17,40,0,0,0,40
10/15/2007,LAW,OK,ASW,CE,Federal Contract Tower,0,17,7,164,188,0,0,21,0,21,0,17,28,164,209,22,0,22,231
10/16/2007,LAW,OK,ASW,CE,Federal Contract Tower,0,15,7,78,100,0,0,9,31,40,0,15,16,109,140,0,0,0,140
10/17/2007,LAW,OK,ASW,CE,Federal Contract Tower,0,13,1,68,82,0,0,0,0,0,0,13,1,68,82,0,0,0,82
10/18/2007,LAW,OK,ASW,CE,Federal Contract Tower,0,12,8,48,68,0,0,8,0,8,0,12,16,48,76,10,0,10,86
10/19/2007,LAW,OK,ASW,CE,Federal Contract Tower,0,14,6,0,20,0,0,40,0,40,0,14,46,0,60,12,0,12,72
10/20/2007,LAW,OK,ASW,CE,Federal Contract Tower,0,9,5,0,14,0,0,24,0,24,0,9,29,0,38,0,0,0,38
10/21/2007,LAW,OK,ASW,CE,Federal Contract Tower,0,15,17,4,36,0,0,18,0,18,0,15,35,4,54,4,0,4,58
10/22/2007,LAW,OK,ASW,CE,Federal Contract Tower,0,13,3,208,224,0,0,3,0,3,0,13,6,208,227,0,0,0,227
10/23/2007,LAW,OK,ASW,CE,Federal Contract Tower,0,13,2,105,120,0,0,25,0,25,0,13,27,105,145,0,0,0,145
10/24/2007,LAW,OK,ASW,CE,Federal Contract Tower,0,12,5,98,115,0,1,9,0,10,0,13,14,98,125,0,0,0,125
10/25/2007,LAW,OK,ASW,CE,Federal Contract Tower,0,14,5,160,179,0,0,35,0,35,0,14,40,160,214,10,0,10,224
10/26/2007,LAW,OK,ASW,CE,Federal Contract Tower,0,14,14,144,172,0,0,26,0,26,0,14,40,144,198,10,16,26,224
10/27/2007,LAW,OK,ASW,CE,Federal Contract Tower,0,9,21,0,30,0,0,22,0,22,0,9,43,0,52,10,0,10,62
10/28/2007,LAW,OK,ASW,CE,Federal Contract Tower,0,14,12,12,38,0,0,14,16,30,0,14,26,28,68,48,0,48,116
10/29/2007,LAW,OK,ASW,CE,Federal Contract Tower,0,15,22,76,113,0,0,10,0,10,0,15,32,76,123,56,2,58,181
10/30/2007,LAW,OK,ASW,CE,Federal Contract Tower,0,14,22,26,62,0,0,12,0,12,0,14,34,26,74,0,0,0,74
10/31/2007,LAW,OK,ASW,CE,Federal Contract Tower,0,15,21,108,144,0,0,12,0,12,0,15,33,108,156,0,0,0,156
11/01/2007,LAW,OK,ASW,CE,Federal Contract Tower,0,10,1,130,141,0,0,24,0,24,0,10,25,130,165,20,0,20,185
11/02/2007,LAW,OK,ASW,CE,Federal Contract Tower,0,13,30,36,79,0,0,8,0,8,0,13,38,36,87,16,14,30,117
11/03/2007,LAW,OK,ASW,CE,Federal Contract Tower,0,12,27,0,39,0,0,12,0,12,0,12,39,0,51,16,0,16,67
11/04/2007,LAW,OK,ASW,CE,Federal Contract Tower,2,15,20,2,39,0,0,9,0,9,2,15,29,2,48,46,0,46,94
11/05/2007,LAW,OK,ASW,CE,Federal Contract Tower,0,14,26,72,112,0,0,5,0,5,0,14,31,72,117,2,4,6,123
11/06/2007,LAW,OK,ASW,CE,Federal Contract Tower,2,12,4,168,186,0,0,22,0,22,2,12,26,168,208,0,0,0,208
11/07/2007,LAW,OK,ASW,CE,Federal Contract Tower,5,14,9,164,192,0,0,12,0,12,5,14,21,164,204,4,0,4,208
11/08/2007,LAW,OK,ASW,CE,Federal Contract Tower,0,14,21,116,151,0,0,8,0,8,0,14,29,116,159,24,0,24,183
11/09/2007,LAW,OK,ASW,CE,Federal Contract Tower,0,13,12,28,53,0,1,0,0,1,0,14,12,28,54,32,0,32,86
11/10/2007,LAW,OK,ASW,CE,Federal Contract Tower,0,9,8,0,17,0,0,6,0,6,0,9,14,0,23,0,0,0,23
11/11/2007,LAW,OK,ASW,CE,Federal Contract Tower,0,12,4,0,16,0,0,0,0,0,0,12,4,0,16,0,0,0,16
11/12/2007,LAW,OK,ASW,CE,Federal Contract Tower,0,13,11,0,24,0,0,14,0,14,0,13,25,0,38,22,0,22,60
11/13/2007,LAW,OK,ASW,CE,Federal Contract Tower,0,13,4,144,161,0,0,6,0,6,0,13,10,144,167,0,0,0,167
11/14/2007,LAW,OK,ASW,CE,Federal Contract Tower,0,16,11,79,106,0,0,1,0,1,0,16,12,79,107,0,10,10,117
11/15/2007,LAW,OK,ASW,CE,Federal Contract Tower,0,12,22,194,228,0,0,14,2,16,0,12,36,196,244,0,0,0,244
11/16/2007,LAW,OK,ASW,CE,Federal Contract Tower,0,12,23,54,89,0,0,49,0,49,0,12,72,54,138,10,6,16,154
11/17/2007,LAW,OK,ASW,CE,Federal Contract Tower,0,10,9,0,19,0,0,6,0,6,0,10,15,0,25,20,0,20,45
11/18/2007,LAW,OK,ASW,CE,Federal Contract Tower,0,12,6,1,19,0,0,17,0,17,0,12,23,1,36,10,0,10,46
11/19/2007,LAW,OK,ASW,CE,Federal Contract Tower,0,8,5,81,94,0,0,14,0,14,0,8,19,81,108,16,0,16,124
11/20/2007,LAW,OK,ASW,CE,Federal Contract Tower,0,12,10,63,85,0,0,2,0,2,0,12,12,63,87,0,0,0,87
11/21/2007,LAW,OK,ASW,CE,Federal Contract Tower,0,14,8,91,113,0,0,0,0,0,0,14,8,91,113,0,0,0,113
11/22/2007,LAW,OK,ASW,CE,Federal Contract Tower,0,12,4,0,16,0,0,2,0,2,0,12,6,0,18,0,0,0,18
11/23/2007,LAW,OK,ASW,CE,Federal Contract Tower,0,8,9,0,17,0,0,3,0,3,0,8,12,0,20,10,0,10,30
11/24/2007,LAW,OK,ASW,CE,Federal Contract Tower,0,8,5,0,13,0,0,3,0,3,0,8,8,0,16,0,0,0,16
11/25/2007,LAW,OK,ASW,CE,Federal Contract Tower,0,12,4,0,16,0,0,2,0,2,0,12,6,0,18,0,0,0,18
11/26/2007,LAW,OK,ASW,CE,Federal Contract Tower,0,15,12,95,122,0,0,4,3,7,0,15,16,98,129,20,0,20,149
11/27/2007,LAW,OK,ASW,CE,Federal Contract Tower,0,14,12,158,184,0,0,2,0,2,0,14,14,158,186,16,4,20,206
11/28/2007,LAW,OK,ASW,CE,Federal Contract Tower,6,13,12,104,135,0,0,3,0,3,6,13,15,104,138,10,0,10,148
11/29/2007,LAW,OK,ASW,CE,Federal Contract Tower,0,15,4,142,161,0,0,4,0,4,0,15,8,142,165,0,0,0,165
11/30/2007,LAW,OK,ASW,CE,Federal Contract Tower,0,11,8,83,102,0,0,5,0,5,0,11,13,83,107,0,0,0,107
12/01/2007,LAW,OK,ASW,CE,Federal Contract Tower,0,7,1,0,8,0,0,0,0,0,0,7,1,0,8,0,0,0,8
12/02/2007,LAW,OK,ASW,CE,Federal Contract Tower,0,13,5,0,18,0,0,0,0,0,0,13,5,0,18,0,6,6,24
12/03/2007,LAW,OK,ASW,CE,Federal Contract Tower,0,15,12,110,137,0,0,5,0,5,0,15,17,110,142,0,16,16,158
12/04/2007,LAW,OK,ASW,CE,Federal Contract Tower,0,13,8,84,105,0,0,8,0,8,0,13,16,84,113,0,0,0,113
12/05/2007,LAW,OK,ASW,CE,Federal Contract Tower,0,12,9,72,93,0,0,14,0,14,0,12,23,72,107,0,0,0,107
12/06/2007,LAW,OK,ASW,CE,Federal Contract Tower,0,10,0,94,104,0,0,18,0,18,0,10,18,94,122,0,6,6,128
12/07/2007,LAW,OK,ASW,CE,Federal Contract Tower,0,12,7,26,45,0,0,18,0,18,0,12,25,26,63,0,0,0,63
12/08/2007,LAW,OK,ASW,CE,Federal Contract Tower,0,9,2,0,11,0,0,0,0,0,0,9,2,0,11,0,0,0,11
12/09/2007,LAW,OK,ASW,CE,Federal Contract Tower,0,9,0,0,9,0,0,0,0,0,0,9,0,0,9,0,0,0,9
12/10/2007,LAW,OK,ASW,CE,Federal Contract Tower,0,6,3,0,9,0,0,0,0,0,0,6,3,0,9,0,0,0,9
12/11/2007,LAW,OK,ASW,CE,Federal Contract Tower,0,14,3,0,17,0,0,0,0,0,0,14,3,0,17,0,0,0,17
12/12/2007,LAW,OK,ASW,CE,Federal Contract Tower,0,13,3,52,68,0,0,7,0,7,0,13,10,52,75,0,0,0,75
12/13/2007,LAW,OK,ASW,CE,Federal Contract Tower,0,9,4,0,13,0,0,0,0,0,0,9,4,0,13,0,0,0,13
12/14/2007,LAW,OK,ASW,CE,Federal Contract Tower,0,10,6,0,16,0,0,0,0,0,0,10,6,0,16,0,0,0,16
12/15/2007,LAW,OK,ASW,CE,Federal Contract Tower,0,8,4,0,12,0,0,0,0,0,0,8,4,0,12,0,0,0,12
12/16/2007,LAW,OK,ASW,CE,Federal Contract Tower,0,12,14,56,82,0,0,14,0,14,0,12,28,56,96,4,0,4,100
12/17/2007,LAW,OK,ASW,CE,Federal Contract Tower,0,12,4,128,144,0,0,11,0,11,0,12,15,128,155,4,0,4,159
12/18/2007,LAW,OK,ASW,CE,Federal Contract Tower,0,10,22,200,232,0,0,1,0,1,0,10,23,200,233,0,0,0,233
12/19/2007,LAW,OK,ASW,CE,Federal Contract Tower,0,13,8,70,91,0,0,9,0,9,0,13,17,70,100,0,0,0,100
12/20/2007,LAW,OK,ASW,CE,Federal Contract Tower,0,13,24,120,157,0,0,0,4,4,0,13,24,124,161,0,26,26,187
12/21/2007,LAW,OK,ASW,CE,Federal Contract Tower,2,13,22,0,37,0,0,5,0,5,2,13,27,0,42,0,0,0,42
12/22/2007,LAW,OK,ASW,CE,Federal Contract Tower,0,10,2,0,12,0,0,0,0,0,0,10,2,0,12,0,0,0,12
12/23/2007,LAW,OK,ASW,CE,Federal Contract Tower,0,14,10,0,24,0,0,10,0,10,0,14,20,0,34,60,0,60,94
12/24/2007,LAW,OK,ASW,CE,Federal Contract Tower,0,13,8,0,21,0,0,22,0,22,0,13,30,0,43,10,0,10,53
12/25/2007,LAW,OK,ASW,CE,Federal Contract Tower,0,10,2,0,12,0,0,8,0,8,0,10,10,0,20,0,0,0,20
12/26/2007,LAW,OK,ASW,CE,Federal Contract Tower,1,8,4,0,13,0,0,1,0,1,1,8,5,0,14,0,0,0,14
12/27/2007,LAW,OK,ASW,CE,Federal Contract Tower,0,14,1,0,15,0,0,4,0,4,0,14,5,0,19,0,0,0,19
12/28/2007,LAW,OK,ASW,CE,Federal Contract Tower,0,13,7,0,20,0,0,25,0,25,0,13,32,0,45,0,0,0,45
12/29/2007,LAW,OK,ASW,CE,Federal Contract Tower,0,9,0,0,9,0,0,12,0,12,0,9,12,0,21,0,0,0,21
12/30/2007,LAW,OK,ASW,CE,Federal Contract Tower,0,16,7,0,23,0,0,17,0,17,0,16,24,0,40,30,0,30,70
12/31/2007,LAW,OK,ASW,CE,Federal Contract Tower,0,11,5,0,16,0,0,3,0,3,0,11,8,0,19,0,0,0,19
01/01/2008,LAW,OK,ASW,CE,Federal Contract Tower,0,12,11,0,23,0,0,5,0,5,0,12,16,0,28,0,0,0,28
01/02/2008,LAW,OK,ASW,CE,Federal Contract Tower,0,10,6,0,16,0,0,8,0,8,0,10,14,0,24,0,0,0,24
01/03/2008,LAW,OK,ASW,CE,Federal Contract Tower,0,9,4,54,67,0,0,7,0,7,0,9,11,54,74,0,0,0,74
01/04/2008,LAW,OK,ASW,CE,Federal Contract Tower,0,10,10,36,56,0,0,6,0,6,0,10,16,36,62,8,0,8,70
01/05/2008,LAW,OK,ASW,CE,Federal Contract Tower,0,7,1,0,8,0,0,17,0,17,0,7,18,0,25,0,0,0,25
01/06/2008,LAW,OK,ASW,CE,Federal Contract Tower,0,10,5,8,23,0,0,18,0,18,0,10,23,8,41,0,0,0,41
01/07/2008,LAW,OK,ASW,CE,Federal Contract Tower,0,12,11,59,82,0,0,0,2,2,0,12,11,61,84,0,0,0,84
01/08/2008,LAW,OK,ASW,CE,Federal Contract Tower,0,12,5,112,129,0,0,2,0,2,0,12,7,112,131,0,12,12,143
01/09/2008,LAW,OK,ASW,CE,Federal Contract Tower,0,10,6,62,78,0,0,2,0,2,0,10,8,62,80,0,0,0,80
01/10/2008,LAW,OK,ASW,CE,Federal Contract Tower,0,8,5,62,75,0,0,6,0,6,0,8,11,62,81,0,0,0,81
01/11/2008,LAW,OK,ASW,CE,Federal Contract Tower,1,10,13,26,50,0,0,29,0,29,1,10,42,26,79,0,0,0,79
01/12/2008,LAW,OK,ASW,CE,Federal Contract Tower,0,7,3,2,12,0,0,3,0,3,0,7,6,2,15,0,0,0,15
01/13/2008,LAW,OK,ASW,CE,Federal Contract Tower,0,10,31,2,43,0,0,6,0,6,0,10,37,2,49,20,0,20,69
01/14/2008,LAW,OK,ASW,CE,Federal Contract Tower,0,12,22,140,174,0,0,2,0,2,0,12,24,140,176,0,90,90,266
01/15/2008,LAW,OK,ASW,CE,Federal Contract Tower,0,12,9,66,87,0,0,10,0,10,0,12,19,66,97,0,0,0,97
01/16/2008,LAW,OK,ASW,CE,Federal Contract Tower,4,11,8,92,115,0,0,1,0,1,4,11,9,92,116,0,0,0,116
01/17/2008,LAW,OK,ASW,CE,Federal Contract Tower,2,10,2,162,176,0,0,8,0,8,2,10,10,162,184,0,0,0,184
01/18/2008,LAW,OK,ASW,CE,Federal Contract Tower,0,10,5,96,111,0,0,7,0,7,0,10,12,96,118,0,0,0,118
01/19/2008,LAW,OK,ASW,CE,Federal Contract Tower,0,9,17,14,40,0,0,1,0,1,0,9,18,14,41,0,4,4,45
01/20/2008,LAW,OK,ASW,CE,Federal Contract Tower,0,10,6,4,20,0,0,1,0,1,0,10,7,4,21,0,0,0,21
01/21/2008,LAW,OK,ASW,CE,Federal Contract Tower,0,12,12,7,31,0,0,1,0,1,0,12,13,7,32,10,0,10,42
01/22/2008,LAW,OK,ASW,CE,Federal Contract Tower,0,10,14,0,24,0,0,0,0,0,0,10,14,0,24,14,0,14,38
01/23/2008,LAW,OK,ASW,CE,Federal Contract Tower,0,11,3,102,116,0,0,21,0,21,0,11,24,102,137,10,0,10,147
01/24/2008,LAW,OK,ASW,CE,Federal Contract Tower,0,8,3,162,173,0,0,29,0,29,0,8,32,162,202,0,0,0,202
01/25/2008,LAW,OK,ASW,CE,Federal Contract Tower,4,9,13,82,108,0,0,2,0,2,4,9,15,82,110,0,0,0,110
01/26/2008,LAW,OK,ASW,CE,Federal Contract Tower,4,6,23,5,38,0,0,0,0,0,4,6,23,5,38,0,0,0,38
01/27/2008,LAW,OK,ASW,CE,Federal Contract Tower,0,16,27,4,47,0,0,8,0,8,0,16,35,4,55,39,0,39,94
01/28/2008,LAW,OK,ASW,CE,Federal Contract Tower,0,12,13,44,69,0,0,4,0,4,0,12,17,44,73,0,0,0,73
01/29/2008,LAW,OK,ASW,CE,Federal Contract Tower,5,8,10,42,65,0,0,1,0,1,5,8,11,42,66,0,0,0,66
01/30/2008,LAW,OK,ASW,CE,Federal Contract Tower,0,11,3,56,70,0,0,15,0,15,0,11,18,56,85,0,0,0,85
01/31/2008,LAW,OK,ASW,CE,Federal Contract Tower,6,7,0,32,45,0,0,0,0,0,6,7,0,32,45,0,0,0,45
02/01/2008,LAW,OK,ASW,CE,Federal Contract Tower,0,11,33,112,156,0,0,3,0,3,0,11,36,112,159,0,0,0,159
02/02/2008,LAW,OK,ASW,CE,Federal Contract Tower,4,8,33,0,45,0,0,14,0,14,4,8,47,0,59,0,0,0,59
02/03/2008,LAW,OK,ASW,CE,Federal Contract Tower,0,10,27,5,42,0,0,6,0,6,0,10,33,5,48,0,0,0,48
02/04/2008,LAW,OK,ASW,CE,Federal Contract Tower,0,10,5,23,38,0,0,16,0,16,0,10,21,23,54,46,0,46,100
02/05/2008,LAW,OK,ASW,CE,Federal Contract Tower,8,10,1,204,223,0,0,0,0,0,8,10,1,204,223,0,0,0,223
02/06/2008,LAW,OK,ASW,CE,Federal Contract Tower,2,9,23,144,178,0,0,2,0,2,2,9,25,144,180,0,0,0,180
02/07/2008,LAW,OK,ASW,CE,Federal Contract Tower,0,12,35,82,129,0,0,2,0,2,0,12,37,82,131,0,0,0,131
02/08/2008,LAW,OK,ASW,CE,Federal Contract Tower,0,10,11,120,141,0,0,8,0,8,0,10,19,120,149,0,0,0,149
02/09/2008,LAW,OK,ASW,CE,Federal Contract Tower,0,7,3,0,10,0,0,39,0,39,0,7,42,0,49,0,0,0,49
02/10/2008,LAW,OK,ASW,CE,Federal Contract Tower,0,10,5,0,15,0,0,14,0,14,0,10,19,0,29,16,0,16,45
02/11/2008,LAW,OK,ASW,CE,Federal Contract Tower,0,11,9,226,246,0,0,2,0,2,0,11,11,226,248,0,0,0,248
02/12/2008,LAW,OK,ASW,CE,Federal Contract Tower,0,11,24,150,185,0,0,3,0,3,0,11,27,150,188,0,0,0,188
02/13/2008,LAW,OK,ASW,CE,Federal Contract Tower,1,10,18,157,186,0,0,10,3,13,1,10,28,160,199,0,0,0,199
02/14/2008,LAW,OK,ASW,CE,Federal Contract Tower,1,9,4,34,48,0,0,10,0,10,1,9,14,34,58,0,0,0,58
02/15/2008,LAW,OK,ASW,CE,Federal Contract Tower,0,11,3,0,14,0,0,0,0,0,0,11,3,0,14,0,0,0,14
02/16/2008,LAW,OK,ASW,CE,Federal Contract Tower,4,9,0,0,13,0,0,0,0,0,4,9,0,0,13,0,0,0,13
02/17/2008,LAW,OK,ASW,CE,Federal Contract Tower,0,10,4,0,14,0,0,1,0,1,0,10,5,0,15,0,0,0,15
02/18/2008,LAW,OK,ASW,CE,Federal Contract Tower,0,11,3,0,14,0,0,8,0,8,0,11,11,0,22,0,0,0,22
02/19/2008,LAW,OK,ASW,CE,Federal Contract Tower,0,11,35,138,184,0,0,18,0,18,0,11,53,138,202,0,0,0,202
02/20/2008,LAW,OK,ASW,CE,Federal Contract Tower,2,10,0,109,121,0,0,7,0,7,2,10,7,109,128,0,0,0,128
02/21/2008,LAW,OK,ASW,CE,Federal Contract Tower,0,10,0,2,12,0,0,0,0,0,0,10,0,2,12,0,0,0,12
02/22/2008,LAW,OK,ASW,CE,Federal Contract Tower,0,11,8,81,100,0,0,9,0,9,0,11,17,81,109,0,0,0,109
02/23/2008,LAW,OK,ASW,CE,Federal Contract Tower,0,7,1,0,8,0,0,16,0,16,0,7,17,0,24,36,0,36,60
02/24/2008,LAW,OK,ASW,CE,Federal Contract Tower,0,8,39,14,61,0,0,9,0,9,0,8,48,14,70,10,0,10,80
02/25/2008,LAW,OK,ASW,CE,Federal Contract Tower,0,10,16,82,108,0,0,15,0,15,0,10,31,82,123,0,0,0,123
02/26/2008,LAW,OK,ASW,CE,Federal Contract Tower,1,10,5,75,91,0,0,2,0,2,1,10,7,75,93,0,0,0,93
02/27/2008,LAW,OK,ASW,CE,Federal Contract Tower,0,10,2,68,80,0,0,10,0,10,0,10,12,68,90,0,0,0,90
02/28/2008,LAW,OK,ASW,CE,Federal Contract Tower,0,11,3,94,108,0,0,15,0,15,0,11,18,94,123,0,0,0,123
02/29/2008,LAW,OK,ASW,CE,Federal Contract Tower,6,10,7,68,91,0,0,12,0,12,6,10,19,68,103,0,0,0,103
03/01/2008,LAW,OK,ASW,CE,Federal Contract Tower,0,8,26,2,36,0,0,23,0,23,0,8,49,2,59,10,0,10,69
03/02/2008,LAW,OK,ASW,CE,Federal Contract Tower,0,10,4,31,45,0,0,2,0,2,0,10,6,31,47,0,0,0,47
03/03/2008,LAW,OK,ASW,CE,Federal Contract Tower,0,8,2,0,10,0,0,0,0,0,0,8,2,0,10,0,0,0,10
03/04/2008,LAW,OK,ASW,CE,Federal Contract Tower,0,13,4,78,95,0,0,4,0,4,0,13,8,78,99,0,4,4,103
03/05/2008,LAW,OK,ASW,CE,Federal Contract Tower,0,13,10,110,133,0,0,15,0,15,0,13,25,110,148,0,0,0,148
03/06/2008,LAW,OK,ASW,CE,Federal Contract Tower,0,4,3,135,142,0,0,5,0,5,0,4,8,135,147,0,0,0,147
03/07/2008,LAW,OK,ASW,CE,Federal Contract Tower,6,9,0,75,90,0,0,7,0,7,6,9,7,75,97,0,20,20,117
03/08/2008,LAW,OK,ASW,CE,Federal Contract Tower,2,8,25,0,35,0,0,12,0,12,2,8,37,0,47,22,0,22,69
03/09/2008,LAW,OK,ASW,CE,Federal Contract Tower,1,11,2,0,14,0,0,16,0,16,1,11,18,0,30,0,0,0,30
03/10/2008,LAW,OK,ASW,CE,Federal Contract Tower,2,10,1,124,137,0,0,12,0,12,2,10,13,124,149,0,0,0,149
03/11/2008,LAW,OK,ASW,CE,Federal Contract Tower,2,12,5,160,179,0,0,16,0,16,2,12,21,160,195,0,0,0,195
03/12/2008,LAW,OK,ASW,CE,Federal Contract Tower,2,12,8,36,58,0,0,14,0,14,2,12,22,36,72,0,0,0,72
03/13/2008,LAW,OK,ASW,CE,Federal Contract Tower,2,11,13,87,113,0,0,15,0,15,2,11,28,87,128,0,0,0,128
03/14/2008,LAW,OK,ASW,CE,Federal Contract Tower,2,10,20,75,107,0,0,18,0,18,2,10,38,75,125,26,0,26,151
03/15/2008,LAW,OK,ASW,CE,Federal Contract Tower,2,7,2,0,11,0,0,10,0,10,2,7,12,0,21,0,0,0,21
03/16/2008,LAW,OK,ASW,CE,Federal Contract Tower,2,11,6,0,19,0,0,2,0,2,2,11,8,0,21,0,0,0,21
03/17/2008,LAW,OK,ASW,CE,Federal Contract Tower,8,8,2,120,138,0,0,2,0,2,8,8,4,120,140,0,0,0,140
03/18/2008,LAW,OK,ASW,CE,Federal Contract Tower,2,1,1,0,4,0,0,0,0,0,2,1,1,0,4,0,0,0,4
03/19/2008,LAW,OK,ASW,CE,Federal Contract Tower,2,10,11,74,97,0,0,9,0,9,2,10,20,74,106,0,0,0,106
03/20/2008,LAW,OK,ASW,CE,Federal Contract Tower,3,12,8,100,123,0,0,5,0,5,3,12,13,100,128,0,0,0,128
03/21/2008,LAW,OK,ASW,CE,Federal Contract Tower,2,10,12,70,94,0,0,9,0,9,2,10,21,70,103,6,4,10,113
03/22/2008,LAW,OK,ASW,CE,Federal Contract Tower,2,7,10,0,19,0,0,15,0,15,2,7,25,0,34,0,0,0,34
03/23/2008,LAW,OK,ASW,CE,Federal Contract Tower,4,10,14,1,29,0,0,7,0,7,4,10,21,1,36,0,0,0,36
03/24/2008,LAW,OK,ASW,CE,Federal Contract Tower,2,12,21,136,171,0,0,5,0,5,2,12,26,136,176,0,0,0,176
03/25/2008,LAW,OK,ASW,CE,Federal Contract Tower,2,11,8,105,126,0,0,9,0,9,2,11,17,105,135,14,0,14,149
03/26/2008,LAW,OK,ASW,CE,Federal Contract Tower,2,10,21,157,190,0,0,13,0,13,2,10,34,157,203,26,0,26,229
03/27/2008,LAW,OK,ASW,CE,Federal Contract Tower,4,11,6,80,101,0,0,18,0,18,4,11,24,80,119,6,0,6,125
03/28/2008,LAW,OK,ASW,CE,Federal Contract Tower,2,10,5,54,71,0,0,8,0,8,2,10,13,54,79,0,0,0,79
03/29/2008,LAW,OK,ASW,CE,Federal Contract Tower,2,7,16,10,35,0,0,5,0,5,2,7,21,10,40,0,0,0,40
03/30/2008,LAW,OK,ASW,CE,Federal Contract Tower,4,10,5,14,33,0,0,1,0,1,4,10,6,14,34,0,4,4,38
03/31/2008,LAW,OK,ASW,CE,Federal Contract Tower,2,7,4,44,57,0,0,8,0,8,2,7,12,44,65,0,34,34,99
04/01/2008,LAW,OK,ASW,CE,Federal Contract Tower,2,9,7,40,58,0,0,15,0,15,2,9,22,40,73,0,0,0,73
04/02/2008,LAW,OK,ASW,CE,Federal Contract Tower,2,10,0,98,110,0,0,2,0,2,2,10,2,98,112,0,0,0,112
04/03/2008,LAW,OK,ASW,CE,Federal Contract Tower,2,7,0,23,32,0,0,0,0,0,2,7,0,23,32,0,0,0,32
04/04/2008,LAW,OK,ASW,CE,Federal Contract Tower,0,10,21,26,57,0,0,10,0,10,0,10,31,26,67,0,0,0,67
04/05/2008,LAW,OK,ASW,CE,Federal Contract Tower,2,7,2,9,20,0,0,11,0,11,2,7,13,9,31,6,0,6,37
04/06/2008,LAW,OK,ASW,CE,Federal Contract Tower,2,10,32,36,80,0,0,33,0,33,2,10,65,36,113,12,0,12,125
04/07/2008,LAW,OK,ASW,CE,Federal Contract Tower,2,12,10,24,48,0,0,7,0,7,2,12,17,24,55,0,0,0,55
04/08/2008,LAW,OK,ASW,CE,Federal Contract Tower,2,11,4,48,65,0,0,8,0,8,2,11,12,48,73,0,0,0,73
04/09/2008,LAW,OK,ASW,CE,Federal Contract Tower,2,9,2,0,13,0,0,0,0,0,2,9,2,0,13,0,0,0,13
04/10/2008,LAW,OK,ASW,CE,Federal Contract Tower,2,12,5,2,21,0,0,0,0,0,2,12,5,2,21,0,0,0,21
04/11/2008,LAW,OK,ASW,CE,Federal Contract Tower,3,12,2,121,138,0,0,21,0,21,3,12,23,121,159,0,18,18,177
04/12/2008,LAW,OK,ASW,CE,Federal Contract Tower,2,11,4,12,29,0,0,17,0,17,2,11,21,12,46,10,0,10,56
04/13/2008,LAW,OK,ASW,CE,Federal Contract Tower,2,10,11,8,31,0,0,15,0,15,2,10,26,8,46,0,0,0,46
04/14/2008,LAW,OK,ASW,CE,Federal Contract Tower,2,12,4,68,86,0,0,6,0,6,2,12,10,68,92,0,0,0,92
04/15/2008,LAW,OK,ASW,CE,Federal Contract Tower,2,12,9,28,51,0,0,17,0,17,2,12,26,28,68,0,0,0,68
04/16/2008,LAW,OK,ASW,CE,Federal Contract Tower,2,14,8,72,96,0,0,0,22,22,2,14,8,94,118,0,0,0,118
04/17/2008,LAW,OK,ASW,CE,Federal Contract Tower,2,12,14,134,162,0,0,5,2,7,2,12,19,136,169,0,0,0,169
04/18/2008,LAW,OK,ASW,CE,Federal Contract Tower,2,12,15,125,154,0,0,22,0,22,2,12,37,125,176,0,0,0,176
04/19/2008,LAW,OK,ASW,CE,Federal Contract Tower,4,9,16,0,29,0,0,26,0,26,4,9,42,0,55,14,0,14,69
04/20/2008,LAW,OK,ASW,CE,Federal Contract Tower,2,12,4,0,18,0,0,19,1,20,2,12,23,1,38,0,0,0,38
04/21/2008,LAW,OK,ASW,CE,Federal Contract Tower,2,11,7,130,150,0,0,9,0,9,2,11,16,130,159,0,6,6,165
04/22/2008,LAW,OK,ASW,CE,Federal Contract Tower,2,12,11,122,147,0,0,6,2,8,2,12,17,124,155,0,0,0,155
04/23/2008,LAW,OK,ASW,CE,Federal Contract Tower,2,13,1,16,32,0,0,4,0,4,2,13,5,16,36,6,0,6,42
04/24/2008,LAW,OK,ASW,CE,Federal Contract Tower,2,14,18,77,111,0,0,15,0,15,2,14,33,77,126,0,0,0,126
04/25/2008,LAW,OK,ASW,CE,Federal Contract Tower,2,12,5,58,77,0,0,17,0,17,2,12,22,58,94,0,8,8,102
04/26/2008,LAW,OK,ASW,CE,Federal Contract Tower,2,8,9,0,19,0,0,4,0,4,2,8,13,0,23,8,0,8,31
04/27/2008,LAW,OK,ASW,CE,Federal Contract Tower,4,12,3,0,19,0,0,4,0,4,4,12,7,0,23,0,0,0,23
04/28/2008,LAW,OK,ASW,CE,Federal Contract Tower,3,12,8,80,103,0,0,12,1,13,3,12,20,81,116,0,0,0,116
04/29/2008,LAW,OK,ASW,CE,Federal Contract Tower,2,11,5,44,62,0,0,16,0,16,2,11,21,44,78,0,14,14,92
04/30/2008,LAW,OK,ASW,CE,Federal Contract Tower,2,13,14,26,55,0,0,8,0,8,2,13,22,26,63,0,0,0,63
05/01/2008,LAW,OK,ASW,CE,Federal Contract Tower,2,12,10,20,44,0,0,8,0,8,2,12,18,20,52,0,0,0,52
05/02/2008,LAW,OK,ASW,CE,Federal Contract Tower,2,12,8,0,22,0,0,7,0,7,2,12,15,0,29,0,0,0,29
05/03/2008,LAW,OK,ASW,CE,Federal Contract Tower,2,8,5,0,15,0,0,13,0,13,2,8,18,0,28,18,0,18,46
05/04/2008,LAW,OK,ASW,CE,Federal Contract Tower,2,12,6,0,20,0,0,9,0,9,2,12,15,0,29,8,0,8,37
05/05/2008,LAW,OK,ASW,CE,Federal Contract Tower,2,11,3,0,16,0,0,13,0,13,2,11,16,0,29,16,0,16,45
05/06/2008,LAW,OK,ASW,CE,Federal Contract Tower,2,11,11,47,71,0,0,8,0,8,2,11,19,47,79,6,0,6,85
05/07/2008,LAW,OK,ASW,CE,Federal Contract Tower,2,8,4,4,18,0,0,2,0,2,2,8,6,4,20,0,0,0,20
05/08/2008,LAW,OK,ASW,CE,Federal Contract Tower,2,12,21,30,65,0,0,14,0,14,2,12,35,30,79,0,0,0,79
05/09/2008,LAW,OK,ASW,CE,Federal Contract Tower,2,12,10,36,60,0,0,6,0,6,2,12,16,36,66,0,0,0,66
05/10/2008,LAW,OK,ASW,CE,Federal Contract Tower,2,8,2,8,20,0,0,11,0,11,2,8,13,8,31,0,0,0,31
05/11/2008,LAW,OK,ASW,CE,Federal Contract Tower,2,12,2,0,16,0,0,21,0,21,2,12,23,0,37,50,0,50,87
05/12/2008,LAW,OK,ASW,CE,Federal Contract Tower,4,12,11,35,62,0,0,12,0,12,4,12,23,35,74,0,14,14,88
05/13/2008,LAW,OK,ASW,CE,Federal Contract Tower,2,12,16,30,60,0,0,20,0,20,2,12,36,30,80,16,0,16,96
05/14/2008,LAW,OK,ASW,CE,Federal Contract Tower,2,14,4,14,34,0,0,4,0,4,2,14,8,14,38,0,0,0,38
05/15/2008,LAW,OK,ASW,CE,Federal Contract Tower,2,13,7,36,58,0,0,9,0,9,2,13,16,36,67,0,0,0,67
05/16/2008,LAW,OK,ASW,CE,Federal Contract Tower,2,11,1,88,102,0,0,27,0,27,2,11,28,88,129,16,0,16,145
05/17/2008,LAW,OK,ASW,CE,Federal Contract Tower,2,8,3,4,17,0,0,43,0,43,2,8,46,4,60,30,0,30,90
05/18/2008,LAW,OK,ASW,CE,Federal Contract Tower,2,11,4,0,17,0,0,28,0,28,2,11,32,0,45,10,0,10,55
05/19/2008,LAW,OK,ASW,CE,Federal Contract Tower,1,14,17,10,42,1,0,18,0,19,2,14,35,10,61,0,0,0,61
05/20/2008,LAW,OK,ASW,CE,Federal Contract Tower,2,12,7,77,98,0,0,11,0,11,2,12,18,77,109,0,0,0,109
05/21/2008,LAW,OK,ASW,CE,Federal Contract Tower,2,12,9,24,47,0,0,4,0,4,2,12,13,24,51,0,0,0,51
05/22/2008,LAW,OK,ASW,CE,Federal Contract Tower,2,14,5,112,133,0,0,9,0,9,2,14,14,112,142,0,0,0,142
05/23/2008,LAW,OK,ASW,CE,Federal Contract Tower,2,14,9,72,97,0,0,15,0,15,2,14,24,72,112,0,0,0,112
05/24/2008,LAW,OK,ASW,CE,Federal Contract Tower,2,8,3,0,13,0,0,9,0,9,2,8,12,0,22,24,0,24,46
05/25/2008,LAW,OK,ASW,CE,Federal Contract Tower,2,10,2,0,14,0,0,10,0,10,2,10,12,0,24,0,0,0,24
05/26/2008,LAW,OK,ASW,CE,Federal Contract Tower,2,13,9,0,24,0,0,12,0,12,2,13,21,0,36,0,0,0,36
05/27/2008,LAW,OK,ASW,CE,Federal Contract Tower,2,12,4,150,168,0,0,0,0,0,2,12,4,150,168,0,14,14,182
05/28/2008,LAW,OK,ASW,CE,Federal Contract Tower,2,14,5,216,237,0,0,4,0,4,2,14,9,216,241,0,10,10,251
05/29/2008,LAW,OK,ASW,CE,Federal Contract Tower,2,12,3,151,168,0,0,4,0,4,2,12,7,151,172,10,0,10,182
05/30/2008,LAW,OK,ASW,CE,Federal Contract Tower,2,12,10,53,77,0,0,12,0,12,2,12,22,53,89,0,0,0,89
05/31/2008,LAW,OK,ASW,CE,Federal Contract Tower,2,8,8,1,19,0,0,16,0,16,2,8,24,1,35,0,0,0,35
06/01/2008,LAW,OK,ASW,CE,Federal Contract Tower,2,12,5,0,19,0,0,13,0,13,2,12,18,0,32,0,0,0,32
06/02/2008,LAW,OK,ASW,CE,Federal Contract Tower,2,13,6,102,123,0,0,4,0,4,2,13,10,102,127,0,0,0,127
06/03/2008,LAW,OK,ASW,CE,Federal Contract Tower,4,12,3,32,51,0,0,2,0,2,4,12,5,32,53,0,0,0,53
06/04/2008,LAW,OK,ASW,CE,Federal Contract Tower,2,14,11,54,81,0,0,11,0,11,2,14,22,54,92,4,0,4,96
06/05/2008,LAW,OK,ASW,CE,Federal Contract Tower,2,12,11,16,41,0,0,6,16,22,2,12,17,32,63,0,0,0,63
06/06/2008,LAW,OK,ASW,CE,Federal Contract Tower,7,12,23,50,92,0,0,16,0,16,7,12,39,50,108,20,0,20,128
06/07/2008,LAW,OK,ASW,CE,Federal Contract Tower,2,12,9,0,23,0,0,6,0,6,2,12,15,0,29,0,0,0,29
06/09/2008,LAW,OK,ASW,CE,Federal Contract Tower,6,8,7,124,145,0,0,5,0,5,6,8,12,124,150,0,0,0,150
06/10/2008,LAW,OK,ASW,CE,Federal Contract Tower,1,11,7,112,131,0,0,6,0,6,1,11,13,112,137,0,0,0,137
06/11/2008,LAW,OK,ASW,CE,Federal Contract Tower,4,12,4,12,32,0,0,5,0,5,4,12,9,12,37,0,0,0,37
06/12/2008,LAW,OK,ASW,CE,Federal Contract Tower,4,11,27,60,102,0,0,14,0,14,4,11,41,60,116,0,0,0,116
06/13/2008,LAW,OK,ASW,CE,Federal Contract Tower,4,10,13,42,69,0,0,15,0,15,4,10,28,42,84,0,0,0,84
06/14/2008,LAW,OK,ASW,CE,Federal Contract Tower,6,10,7,0,23,0,0,14,0,14,6,10,21,0,37,0,0,0,37
06/15/2008,LAW,OK,ASW,CE,Federal Contract Tower,2,12,5,12,31,0,0,12,0,12,2,12,17,12,43,0,0,0,43
06/16/2008,LAW,OK,ASW,CE,Federal Contract Tower,4,14,5,39,62,0,0,12,0,12,4,14,17,39,74,0,0,0,74
06/17/2008,LAW,OK,ASW,CE,Federal Contract Tower,4,10,7,13,34,0,0,18,0,18,4,10,25,13,52,0,0,0,52
06/18/2008,LAW,OK,ASW,CE,Federal Contract Tower,2,12,9,48,71,0,0,6,0,6,2,12,15,48,77,0,0,0,77
06/19/2008,LAW,OK,ASW,CE,Federal Contract Tower,2,6,10,78,96,0,0,8,0,8,2,6,18,78,104,0,0,0,104
06/21/2008,LAW,OK,ASW,CE,Federal Contract Tower,2,12,2,0,16,0,0,11,0,11,2,12,13,0,27,6,0,6,33
06/22/2008,LAW,OK,ASW,CE,Federal Contract Tower,2,12,12,14,40,0,0,22,0,22,2,12,34,14,62,6,0,6,68
06/23/2008,LAW,OK,ASW,CE,Federal Contract Tower,6,12,6,124,148,0,0,13,0,13,6,12,19,124,161,0,0,0,161
06/24/2008,LAW,OK,ASW,CE,Federal Contract Tower,2,11,15,127,155,0,0,11,0,11,2,11,26,127,166,2,0,2,168
06/25/2008,LAW,OK,ASW,CE,Federal Contract Tower,2,12,4,94,112,0,0,21,0,21,2,12,25,94,133,0,0,0,133
06/26/2008,LAW,OK,ASW,CE,Federal Contract Tower,2,12,10,88,112,0,0,16,0,16,2,12,26,88,128,0,0,0,128
06/28/2008,LAW,OK,ASW,CE,Federal Contract Tower,2,10,1,0,13,0,0,3,0,3,2,10,4,0,16,0,0,0,16
06/29/2008,LAW,OK,ASW,CE,Federal Contract Tower,2,13,11,0,26,0,0,17,0,17,2,13,28,0,43,0,0,0,43
06/30/2008,LAW,OK,ASW,CE,Federal Contract Tower,2,12,6,98,118,0,0,6,0,6,2,12,12,98,124,0,0,0,124
07/01/2008,LAW,OK,ASW,CE,Federal Contract Tower,3,12,28,80,123,0,0,0,0,0,3,12,28,80,123,0,0,0,123
07/02/2008,LAW,OK,ASW,CE,Federal Contract Tower,4,14,22,87,127,0,0,6,0,6,4,14,28,87,133,18,0,18,151
07/03/2008,LAW,OK,ASW,CE,Federal Contract Tower,2,13,13,67,95,0,0,4,0,4,2,13,17,67,99,10,0,10,109
07/04/2008,LAW,OK,ASW,CE,Federal Contract Tower,1,11,9,1,22,0,0,2,0,2,1,11,11,1,24,0,0,0,24
07/05/2008,LAW,OK,ASW,CE,Federal Contract Tower,3,10,14,0,27,0,0,16,0,16,3,10,30,0,43,10,0,10,53
07/06/2008,LAW,OK,ASW,CE,Federal Contract Tower,2,12,11,0,25,0,0,17,0,17,2,12,28,0,42,0,0,0,42
07/07/2008,LAW,OK,ASW,CE,Federal Contract Tower,2,12,2,6,22,0,0,3,0,3,2,12,5,6,25,0,0,0,25
07/08/2008,LAW,OK,ASW,CE,Federal Contract Tower,1,12,7,72,92,0,0,6,0,6,1,12,13,72,98,0,0,0,98
07/09/2008,LAW,OK,ASW,CE,Federal Contract Tower,2,13,7,126,148,0,0,8,0,8,2,13,15,126,156,0,0,0,156
07/10/2008,LAW,OK,ASW,CE,Federal Contract Tower,2,12,6,137,157,0,0,8,0,8,2,12,14,137,165,0,20,20,185
07/11/2008,LAW,OK,ASW,CE,Federal Contract Tower,2,12,6,37,57,0,0,0,11,11,2,12,6,48,68,0,8,8,76
07/12/2008,LAW,OK,ASW,CE,Federal Contract Tower,3,16,14,0,33,0,0,0,0,0,3,16,14,0,33,10,0,10,43
07/13/2008,LAW,OK,ASW,CE,Federal Contract Tower,2,12,7,0,21,0,0,0,0,0,2,12,7,0,21,0,0,0,21
07/14/2008,LAW,OK,ASW,CE,Federal Contract Tower,2,13,15,96,126,0,0,8,6,14,2,13,23,102,140,10,0,10,150
07/15/2008,LAW,OK,ASW,CE,Federal Contract Tower,1,13,5,104,123,0,0,10,0,10,1,13,15,104,133,0,0,0,133
07/16/2008,LAW,OK,ASW,CE,Federal Contract Tower,2,13,2,132,149,0,0,8,0,8,2,13,10,132,157,0,0,0,157
07/17/2008,LAW,OK,ASW,CE,Federal Contract Tower,2,13,30,94,139,0,0,5,0,5,2,13,35,94,144,0,32,32,176
07/18/2008,LAW,OK,ASW,CE,Federal Contract Tower,2,12,50,60,124,0,0,0,3,3,2,12,50,63,127,0,8,8,135
07/19/2008,LAW,OK,ASW,CE,Federal Contract Tower,2,10,0,0,12,0,0,16,0,16,2,10,16,0,28,0,0,0,28
07/20/2008,LAW,OK,ASW,CE,Federal Contract Tower,2,12,2,6,22,0,0,12,0,12,2,12,14,6,34,0,0,0,34
07/21/2008,LAW,OK,ASW,CE,Federal Contract Tower,2,13,9,42,66,0,0,0,0,0,2,13,9,42,66,4,0,4,70
07/22/2008,LAW,OK,ASW,CE,Federal Contract Tower,1,12,10,68,91,0,0,4,8,12,1,12,14,76,103,0,0,0,103
07/23/2008,LAW,OK,ASW,CE,Federal Contract Tower,2,13,28,94,137,0,0,1,0,1,2,13,29,94,138,0,0,0,138
07/24/2008,LAW,OK,ASW,CE,Federal Contract Tower,2,13,20,88,123,0,0,5,0,5,2,13,25,88,128,0,12,12,140
07/25/2008,LAW,OK,ASW,CE,Federal Contract Tower,2,10,9,50,71,0,0,0,0,0,2,10,9,50,71,0,0,0,71
07/26/2008,LAW,OK,ASW,CE,Federal Contract Tower,2,10,1,0,13,0,0,12,0,12,2,10,13,0,25,0,0,0,25
07/27/2008,LAW,OK,ASW,CE,Federal Contract Tower,2,12,4,4,22,0,0,7,0,7,2,12,11,4,29,0,0,0,29
07/28/2008,LAW,OK,ASW,CE,Federal Contract Tower,2,14,6,104,126,0,0,15,1,16,2,14,21,105,142,14,0,14,156
07/29/2008,LAW,OK,ASW,CE,Federal Contract Tower,1,12,14,98,125,0,0,7,0,7,1,12,21,98,132,0,0,0,132
07/30/2008,LAW,OK,ASW,CE,Federal Contract Tower,4,14,6,88,112,0,0,12,0,12,4,14,18,88,124,0,0,0,124
07/31/2008,LAW,OK,ASW,CE,Federal Contract Tower,2,12,3,72,89,0,0,32,0,32,2,12,35,72,121,0,0,0,121
08/01/2008,LAW,OK,ASW,CE,Federal Contract Tower,3,12,1,63,79,0,0,10,0,10,3,12,11,63,89,0,0,0,89
08/02/2008,LAW,OK,ASW,CE,Federal Contract Tower,2,9,4,0,15,0,0,4,0,4,2,9,8,0,19,0,0,0,19
08/03/2008,LAW,OK,ASW,CE,Federal Contract Tower,2,12,11,5,30,0,0,10,0,10,2,12,21,5,40,22,0,22,62
08/04/2008,LAW,OK,ASW,CE,Federal Contract Tower,2,16,15,99,132,0,0,4,0,4,2,16,19,99,136,0,0,0,136
08/05/2008,LAW,OK,ASW,CE,Federal Contract Tower,1,14,20,100,135,0,0,5,10,15,1,14,25,110,150,0,0,0,150
08/06/2008,LAW,OK,ASW,CE,Federal Contract Tower,2,12,14,60,88,0,0,16,0,16,2,12,30,60,104,0,0,0,104
08/07/2008,LAW,OK,ASW,CE,Federal Contract Tower,2,13,11,90,116,0,0,4,0,4,2,13,15,90,120,0,0,0,120
08/08/2008,LAW,OK,ASW,CE,Federal Contract Tower,2,12,6,78,98,0,0,9,0,9,2,12,15,78,107,0,0,0,107
08/09/2008,LAW,OK,ASW,CE,Federal Contract Tower,2,10,3,8,23,0,0,2,0,2,2,10,5,8,25,20,0,20,45
08/10/2008,LAW,OK,ASW,CE,Federal Contract Tower,4,12,19,10,45,0,0,4,0,4,4,12,23,10,49,24,0,24,73
08/11/2008,LAW,OK,ASW,CE,Federal Contract Tower,2,12,19,68,101,0,0,0,22,22,2,12,19,90,123,0,0,0,123
08/12/2008,LAW,OK,ASW,CE,Federal Contract Tower,3,12,27,98,140,0,0,4,0,4,3,12,31,98,144,10,10,20,164
08/13/2008,LAW,OK,ASW,CE,Federal Contract Tower,4,13,4,90,111,0,0,14,0,14,4,13,18,90,125,0,16,16,141
08/14/2008,LAW,OK,ASW,CE,Federal Contract Tower,2,11,5,91,109,0,0,0,12,12,2,11,5,103,121,34,2,36,157
08/15/2008,LAW,OK,ASW,CE,Federal Contract Tower,6,17,5,96,124,0,0,26,0,26,6,17,31,96,150,20,0,20,170
08/16/2008,LAW,OK,ASW,CE,Federal Contract Tower,4,10,26,1,41,0,0,9,0,9,4,10,35,1,50,22,0,22,72
08/17/2008,LAW,OK,ASW,CE,Federal Contract Tower,2,13,5,0,20,0,0,3,0,3,2,13,8,0,23,0,0,0,23
08/18/2008,LAW,OK,ASW,CE,Federal Contract Tower,2,12,4,44,62,0,0,0,30,30,2,12,4,74,92,0,0,0,92
08/19/2008,LAW,OK,ASW,CE,Federal Contract Tower,1,15,5,30,51,0,0,0,0,0,1,15,5,30,51,0,0,0,51
08/20/2008,LAW,OK,ASW,CE,Federal Contract Tower,2,12,6,86,106,0,0,1,0,1,2,12,7,86,107,0,20,20,127
08/21/2008,LAW,OK,ASW,CE,Federal Contract Tower,2,13,9,77,101,0,0,0,0,0,2,13,9,77,101,0,0,0,101
08/22/2008,LAW,OK,ASW,CE,Federal Contract Tower,2,12,25,96,135,0,0,4,0,4,2,12,29,96,139,10,0,10,149
08/23/2008,LAW,OK,ASW,CE,Federal Contract Tower,2,10,10,0,22,0,0,6,0,6,2,10,16,0,28,0,0,0,28
08/24/2008,LAW,OK,ASW,CE,Federal Contract Tower,4,10,0,0,14,0,0,22,0,22,4,10,22,0,36,0,0,0,36
08/25/2008,LAW,OK,ASW,CE,Federal Contract Tower,4,12,15,86,117,0,0,6,0,6,4,12,21,86,123,20,22,42,165
08/26/2008,LAW,OK,ASW,CE,Federal Contract Tower,2,12,4,62,80,0,0,7,2,9,2,12,11,64,89,0,0,0,89
08/27/2008,LAW,OK,ASW,CE,Federal Contract Tower,3,12,6,64,85,0,0,19,2,21,3,12,25,66,106,0,0,0,106
08/28/2008,LAW,OK,ASW,CE,Federal Contract Tower,2,14,2,58,76,0,0,4,1,5,2,14,6,59,81,2,0,2,83
08/29/2008,LAW,OK,ASW,CE,Federal Contract Tower,2,16,19,36,73,0,0,6,0,6,2,16,25,36,79,10,0,10,89
08/30/2008,LAW,OK,ASW,CE,Federal Contract Tower,2,10,1,0,13,0,0,0,0,0,2,10,1,0,13,0,0,0,13
08/31/2008,LAW,OK,ASW,CE,Federal Contract Tower,1,8,3,0,12,0,0,4,0,4,1,8,7,0,16,0,0,0,16
09/01/2008,LAW,OK,ASW,CE,Federal Contract Tower,2,12,26,0,40,0,0,10,0,10,2,12,36,0,50,0,0,0,50
09/02/2008,LAW,OK,ASW,CE,Federal Contract Tower,2,12,5,76,95,0,0,7,4,11,2,12,12,80,106,0,0,0,106
09/03/2008,LAW,OK,ASW,CE,Federal Contract Tower,1,12,17,85,115,0,0,0,1,1,1,12,17,86,116,0,0,0,116
09/04/2008,LAW,OK,ASW,CE,Federal Contract Tower,1,12,16,42,71,0,0,0,0,0,1,12,16,42,71,0,0,0,71
09/05/2008,LAW,OK,ASW,CE,Federal Contract Tower,2,13,11,33,59,0,0,4,2,6,2,13,15,35,65,0,0,0,65
09/06/2008,LAW,OK,ASW,CE,Federal Contract Tower,2,10,0,0,12,0,0,10,0,10,2,10,10,0,22,0,0,0,22
09/07/2008,LAW,OK,ASW,CE,Federal Contract Tower,2,12,8,15,37,0,0,5,0,5,2,12,13,15,42,0,0,0,42
09/08/2008,LAW,OK,ASW,CE,Federal Contract Tower,2,13,1,5,21,0,0,11,4,15,2,13,12,9,36,0,0,0,36
09/09/2008,LAW,OK,ASW,CE,Federal Contract Tower,1,14,15,104,134,0,0,0,0,0,1,14,15,104,134,0,0,0,134
09/10/2008,LAW,OK,ASW,CE,Federal Contract Tower,1,12,1,3,17,0,0,0,0,0,1,12,1,3,17,0,0,0,17
09/11/2008,LAW,OK,ASW,CE,Federal Contract Tower,2,13,8,116,139,0,0,4,0,4,2,13,12,116,143,0,0,0,143
09/12/2008,LAW,OK,ASW,CE,Federal Contract Tower,2,12,4,39,57,0,0,0,0,0,2,12,4,39,57,0,0,0,57
09/13/2008,LAW,OK,ASW,CE,Federal Contract Tower,2,10,0,4,16,0,0,0,0,0,2,10,0,4,16,0,0,0,16
09/14/2008,LAW,OK,ASW,CE,Federal Contract Tower,2,12,14,14,42,0,0,8,0,8,2,12,22,14,50,0,0,0,50
09/15/2008,LAW,OK,ASW,CE,Federal Contract Tower,2,10,12,106,130,0,0,1,0,1,2,10,13,106,131,0,0,0,131
09/16/2008,LAW,OK,ASW,CE,Federal Contract Tower,1,12,20,126,159,0,0,1,0,1,1,12,21,126,160,0,0,0,160
09/17/2008,LAW,OK,ASW,CE,Federal Contract Tower,1,8,10,146,165,0,0,12,0,12,1,8,22,146,177,0,0,0,177
09/18/2008,LAW,OK,ASW,CE,Federal Contract Tower,2,12,7,120,141,0,0,4,0,4,2,12,11,120,145,0,0,0,145
09/19/2008,LAW,OK,ASW,CE,Federal Contract Tower,2,12,9,44,67,0,0,12,0,12,2,12,21,44,79,0,0,0,79
09/20/2008,LAW,OK,ASW,CE,Federal Contract Tower,2,10,0,0,12,0,0,12,0,12,2,10,12,0,24,12,0,12,36
09/21/2008,LAW,OK,ASW,CE,Federal Contract Tower,3,12,19,0,34,0,0,13,0,13,3,12,32,0,47,10,0,10,57
09/22/2008,LAW,OK,ASW,CE,Federal Contract Tower,2,13,17,74,106,0,0,11,2,13,2,13,28,76,119,0,0,0,119
09/23/2008,LAW,OK,ASW,CE,Federal Contract Tower,1,13,11,108,133,0,0,7,0,7,1,13,18,108,140,0,0,0,140
09/24/2008,LAW,OK,ASW,CE,Federal Contract Tower,3,13,14,70,100,0,0,16,0,16,3,13,30,70,116,0,0,0,116
09/25/2008,LAW,OK,ASW,CE,Federal Contract Tower,2,14,4,50,70,0,0,24,6,30,2,14,28,56,100,0,0,0,100
09/26/2008,LAW,OK,ASW,CE,Federal Contract Tower,2,12,4,20,38,0,0,21,4,25,2,12,25,24,63,0,0,0,63
09/27/2008,LAW,OK,ASW,CE,Federal Contract Tower,2,10,16,0,28,0,0,13,0,13,2,10,29,0,41,6,0,6,47
09/28/2008,LAW,OK,ASW,CE,Federal Contract Tower,2,13,13,0,28,0,0,13,0,13,2,13,26,0,41,16,0,16,57
09/29/2008,LAW,OK,ASW,CE,Federal Contract Tower,2,14,0,66,82,0,0,12,0,12,2,14,12,66,94,0,0,0,94
09/30/2008,LAW,OK,ASW,CE,Federal Contract Tower,1,12,0,0,13,0,0,24,0,24,1,12,24,0,37,0,0,0,37
10/01/2008,LAW,OK,ASW,CE,Federal Contract Tower,1,10,0,38,49,0,0,11,16,27,1,10,11,54,76,24,10,34,110
10/02/2008,LAW,OK,ASW,CE,Federal Contract Tower,2,10,8,24,44,0,0,0,8,8,2,10,8,32,52,0,0,0,52
10/03/2008,LAW,OK,ASW,CE,Federal Contract Tower,2,10,17,60,89,0,0,5,0,5,2,10,22,60,94,20,10,30,124
10/04/2008,LAW,OK,ASW,CE,Federal Contract Tower,5,8,29,0,42,0,0,8,0,8,5,8,37,0,50,0,0,0,50
10/05/2008,LAW,OK,ASW,CE,Federal Contract Tower,6,8,9,2,25,0,0,8,0,8,6,8,17,2,33,0,0,0,33
10/06/2008,LAW,OK,ASW,CE,Federal Contract Tower,4,8,10,57,79,0,0,0,0,0,4,8,10,57,79,0,0,0,79
10/07/2008,LAW,OK,ASW,CE,Federal Contract Tower,1,8,6,40,55,0,0,16,10,26,1,8,22,50,81,0,24,24,105
10/08/2008,LAW,OK,ASW,CE,Federal Contract Tower,1,8,0,14,23,0,0,28,0,28,1,8,28,14,51,0,0,0,51
10/09/2008,LAW,OK,ASW,CE,Federal Contract Tower,2,8,17,34,61,0,0,0,0,0,2,8,17,34,61,0,0,0,61
10/10/2008,LAW,OK,ASW,CE,Federal Contract Tower,2,10,40,46,98,0,0,2,0,2,2,10,42,46,100,10,10,20,120
10/11/2008,LAW,OK,ASW,CE,Federal Contract Tower,2,6,4,0,12,0,0,12,0,12,2,6,16,0,24,0,0,0,24
10/12/2008,LAW,OK,ASW,CE,Federal Contract Tower,2,7,2,0,11,0,0,8,0,8,2,7,10,0,19,0,0,0,19
10/13/2008,LAW,OK,ASW,CE,Federal Contract Tower,5,6,5,2,18,0,0,0,0,0,5,6,5,2,18,0,0,0,18
10/14/2008,LAW,OK,ASW,CE,Federal Contract Tower,1,10,8,20,39,0,0,4,0,4,1,10,12,20,43,0,12,12,55
10/15/2008,LAW,OK,ASW,CE,Federal Contract Tower,3,8,10,69,90,0,0,2,0,2,3,8,12,69,92,0,0,0,92
10/16/2008,LAW,OK,ASW,CE,Federal Contract Tower,2,6,48,40,96,0,0,12,0,12,2,6,60,40,108,0,0,0,108
10/17/2008,LAW,OK,ASW,CE,Federal Contract Tower,2,9,7,27,45,0,0,22,0,22,2,9,29,27,67,0,0,0,67
10/18/2008,LAW,OK,ASW,CE,Federal Contract Tower,3,9,64,0,76,0,0,5,0,5,3,9,69,0,81,0,0,0,81
10/19/2008,LAW,OK,ASW,CE,Federal Contract Tower,2,8,24,0,34,0,0,8,1,9,2,8,32,1,43,24,0,24,67
10/20/2008,LAW,OK,ASW,CE,Federal Contract Tower,2,8,5,17,32,0,0,8,4,12,2,8,13,21,44,0,0,0,44
10/21/2008,LAW,OK,ASW,CE,Federal Contract Tower,0,10,20,18,48,0,0,0,0,0,0,10,20,18,48,12,0,12,60
10/22/2008,LAW,OK,ASW,CE,Federal Contract Tower,1,8,6,8,23,0,0,2,0,2,1,8,8,8,25,0,0,0,25
10/23/2008,LAW,OK,ASW,CE,Federal Contract Tower,2,9,3,42,56,0,0,0,0,0,2,9,3,42,56,0,0,0,56
10/24/2008,LAW,OK,ASW,CE,Federal Contract Tower,2,10,10,68,90,0,0,18,0,18,2,10,28,68,108,0,0,0,108
10/25/2008,LAW,OK,ASW,CE,Federal Contract Tower,4,6,4,0,14,0,0,6,8,14,4,6,10,8,28,0,0,0,28
10/26/2008,LAW,OK,ASW,CE,Federal Contract Tower,2,8,2,3,15,0,0,7,0,7,2,8,9,3,22,0,0,0,22
10/27/2008,LAW,OK,ASW,CE,Federal Contract Tower,2,9,13,40,64,0,0,6,0,6,2,9,19,40,70,0,14,14,84
10/28/2008,LAW,OK,ASW,CE,Federal Contract Tower,2,8,18,12,40,0,0,5,0,5,2,8,23,12,45,36,4,40,85
10/29/2008,LAW,OK,ASW,CE,Federal Contract Tower,1,8,8,24,41,0,0,14,0,14,1,8,22,24,55,0,0,0,55
10/30/2008,LAW,OK,ASW,CE,Federal Contract Tower,1,11,2,88,102,0,0,0,0,0,1,11,2,88,102,0,0,0,102
10/31/2008,LAW,OK,ASW,CE,Federal Contract Tower,2,8,1,79,90,0,0,16,0,16,2,8,17,79,106,0,0,0,106
11/01/2008,LAW,OK,ASW,CE,Federal Contract Tower,2,6,0,0,8,0,0,11,0,11,2,6,11,0,19,0,0,0,19
11/02/2008,LAW,OK,ASW,CE,Federal Contract Tower,2,8,14,0,24,0,0,1,0,1,2,8,15,0,25,0,0,0,25
11/03/2008,LAW,OK,ASW,CE,Federal Contract Tower,2,8,15,126,151,0,0,7,0,7,2,8,22,126,158,6,0,6,164
11/04/2008,LAW,OK,ASW,CE,Federal Contract Tower,1,6,5,74,86,0,0,12,0,12,1,6,17,74,98,0,0,0,98
11/05/2008,LAW,OK,ASW,CE,Federal Contract Tower,1,7,12,71,91,0,0,2,0,2,1,7,14,71,93,0,0,0,93
11/06/2008,LAW,OK,ASW,CE,Federal Contract Tower,2,8,3,99,112,0,0,21,2,23,2,8,24,101,135,34,2,36,171
11/07/2008,LAW,OK,ASW,CE,Federal Contract Tower,2,8,0,60,70,0,0,14,2,16,2,8,14,62,86,0,30,30,116
11/08/2008,LAW,OK,ASW,CE,Federal Contract Tower,4,8,22,4,38,0,0,0,0,0,4,8,22,4,38,20,0,20,58
11/09/2008,LAW,OK,ASW,CE,Federal Contract Tower,2,8,30,10,50,0,0,8,0,8,2,8,38,10,58,0,0,0,58
11/10/2008,LAW,OK,ASW,CE,Federal Contract Tower,2,6,2,62,72,0,0,0,0,0,2,6,2,62,72,0,0,0,72
11/11/2008,LAW,OK,ASW,CE,Federal Contract Tower,5,10,17,2,34,0,0,0,0,0,5,10,17,2,34,6,0,6,40
11/12/2008,LAW,OK,ASW,CE,Federal Contract Tower,3,6,4,71,84,0,0,16,0,16,3,6,20,71,100,24,0,24,124
11/13/2008,LAW,OK,ASW,CE,Federal Contract Tower,4,8,1,68,81,0,0,7,0,7,4,8,8,68,88,0,0,0,88
11/14/2008,LAW,OK,ASW,CE,Federal Contract Tower,2,8,23,70,103,0,0,3,0,3,2,8,26,70,106,10,10,20,126
11/15/2008,LAW,OK,ASW,CE,Federal Contract Tower,2,6,22,52,82,0,0,2,0,2,2,6,24,52,84,4,10,14,98
11/16/2008,LAW,OK,ASW,CE,Federal Contract Tower,2,8,22,24,56,0,0,18,0,18,2,8,40,24,74,0,0,0,74
11/17/2008,LAW,OK,ASW,CE,Federal Contract Tower,2,9,6,114,131,0,0,32,0,32,2,9,38,114,163,0,0,0,163
11/18/2008,LAW,OK,ASW,CE,Federal Contract Tower,1,7,2,128,138,0,0,14,36,50,1,7,16,164,188,0,0,0,188
11/19/2008,LAW,OK,ASW,CE,Federal Contract Tower,1,9,7,121,138,0,0,12,1,13,1,9,19,122,151,36,0,36,187
11/20/2008,LAW,OK,ASW,CE,Federal Contract Tower,2,8,14,73,97,0,0,1,0,1,2,8,15,73,98,0,0,0,98
11/21/2008,LAW,OK,ASW,CE,Federal Contract Tower,2,10,30,96,138,0,0,2,0,2,2,10,32,96,140,44,24,68,208
11/22/2008,LAW,OK,ASW,CE,Federal Contract Tower,2,6,2,0,10,0,0,14,0,14,2,6,16,0,24,18,0,18,42
11/23/2008,LAW,OK,ASW,CE,Federal Contract Tower,2,8,6,6,22,0,0,8,0,8,2,8,14,6,30,0,0,0,30
11/24/2008,LAW,OK,ASW,CE,Federal Contract Tower,2,8,2,128,140,0,0,3,0,3,2,8,5,128,143,0,0,0,143
11/25/2008,LAW,OK,ASW,CE,Federal Contract Tower,2,8,9,118,137,0,0,7,0,7,2,8,16,118,144,6,0,6,150
11/26/2008,LAW,OK,ASW,CE,Federal Contract Tower,2,8,33,102,145,0,0,1,4,5,2,8,34,106,150,10,12,22,172
11/27/2008,LAW,OK,ASW,CE,Federal Contract Tower,4,7,31,0,42,0,0,3,0,3,4,7,34,0,45,0,0,0,45
11/28/2008,LAW,OK,ASW,CE,Federal Contract Tower,1,11,15,2,29,0,0,24,0,24,1,11,39,2,53,12,0,12,65
11/29/2008,LAW,OK,ASW,CE,Federal Contract Tower,2,7,10,9,28,0,0,0,0,0,2,7,10,9,28,0,0,0,28
11/30/2008,LAW,OK,ASW,CE,Federal Contract Tower,1,9,5,0,15,0,0,8,0,8,1,9,13,0,23,0,0,0,23
12/01/2008,LAW,OK,ASW,CE,Federal Contract Tower,2,8,6,132,148,0,0,3,3,6,2,8,9,135,154,0,0,0,154
12/02/2008,LAW,OK,ASW,CE,Federal Contract Tower,4,8,14,150,176,0,0,6,0,6,4,8,20,150,182,4,0,4,186
12/03/2008,LAW,OK,ASW,CE,Federal Contract Tower,0,9,14,75,98,0,0,1,0,1,0,9,15,75,99,0,0,0,99
12/04/2008,LAW,OK,ASW,CE,Federal Contract Tower,2,8,9,162,181,0,0,8,0,8,2,8,17,162,189,0,0,0,189
12/05/2008,LAW,OK,ASW,CE,Federal Contract Tower,2,8,4,100,114,0,0,2,0,2,2,8,6,100,116,0,0,0,116
12/06/2008,LAW,OK,ASW,CE,Federal Contract Tower,2,6,11,2,21,0,0,7,0,7,2,6,18,2,28,26,0,26,54
12/07/2008,LAW,OK,ASW,CE,Federal Contract Tower,2,8,3,24,37,0,0,14,0,14,2,8,17,24,51,0,0,0,51
12/08/2008,LAW,OK,ASW,CE,Federal Contract Tower,3,9,16,59,87,0,0,1,0,1,3,9,17,59,88,10,0,10,98
12/09/2008,LAW,OK,ASW,CE,Federal Contract Tower,1,8,10,4,23,0,0,0,0,0,1,8,10,4,23,0,0,0,23
12/10/2008,LAW,OK,ASW,CE,Federal Contract Tower,1,7,3,128,139,0,0,6,0,6,1,7,9,128,145,0,0,0,145
12/11/2008,LAW,OK,ASW,CE,Federal Contract Tower,2,10,2,134,148,0,0,24,0,24,2,10,26,134,172,0,0,0,172
12/12/2008,LAW,OK,ASW,CE,Federal Contract Tower,2,9,6,103,120,0,0,11,0,11,2,9,17,103,131,0,0,0,131
12/13/2008,LAW,OK,ASW,CE,Federal Contract Tower,2,5,0,0,7,0,0,0,0,0,2,5,0,0,7,0,0,0,7
12/14/2008,LAW,OK,ASW,CE,Federal Contract Tower,2,8,12,6,28,0,0,4,0,4,2,8,16,6,32,0,0,0,32
12/15/2008,LAW,OK,ASW,CE,Federal Contract Tower,2,7,21,150,180,0,0,3,0,3,2,7,24,150,183,0,0,0,183
12/16/2008,LAW,OK,ASW,CE,Federal Contract Tower,0,6,0,0,6,0,0,0,0,0,0,6,0,0,6,0,0,0,6
12/17/2008,LAW,OK,ASW,CE,Federal Contract Tower,1,7,3,38,49,0,0,0,0,0,1,7,3,38,49,0,0,0,49
12/18/2008,LAW,OK,ASW,CE,Federal Contract Tower,5,3,4,0,12,0,0,2,0,2,5,3,6,0,14,0,0,0,14
12/19/2008,LAW,OK,ASW,CE,Federal Contract Tower,2,10,11,68,91,0,0,17,30,47,2,10,28,98,138,0,0,0,138
12/20/2008,LAW,OK,ASW,CE,Federal Contract Tower,3,6,5,11,25,0,0,8,2,10,3,6,13,13,35,16,10,26,61
12/21/2008,LAW,OK,ASW,CE,Federal Contract Tower,2,8,25,12,47,0,0,3,0,3,2,8,28,12,50,0,0,0,50
12/22/2008,LAW,OK,ASW,CE,Federal Contract Tower,2,6,14,72,94,0,0,10,0,10,2,6,24,72,104,0,0,0,104
12/23/2008,LAW,OK,ASW,CE,Federal Contract Tower,0,7,5,0,12,0,0,0,0,0,0,7,5,0,12,0,0,0,12
12/24/2008,LAW,OK,ASW,CE,Federal Contract Tower,1,10,0,0,11,0,0,19,0,19,1,10,19,0,30,10,0,10,40
12/25/2008,LAW,OK,ASW,CE,Federal Contract Tower,1,9,1,0,11,0,0,9,0,9,1,9,10,0,20,0,0,0,20
12/26/2008,LAW,OK,ASW,CE,Federal Contract Tower,2,10,13,0,25,0,0,4,0,4,2,10,17,0,29,0,0,0,29
12/27/2008,LAW,OK,ASW,CE,Federal Contract Tower,2,6,38,0,46,0,0,8,0,8,2,6,46,0,54,0,0,0,54
12/28/2008,LAW,OK,ASW,CE,Federal Contract Tower,2,7,8,0,17,0,0,14,0,14,2,7,22,0,31,0,0,0,31
12/29/2008,LAW,OK,ASW,CE,Federal Contract Tower,2,8,6,0,16,0,0,14,0,14,2,8,20,0,30,0,0,0,30
12/30/2008,LAW,OK,ASW,CE,Federal Contract Tower,2,7,2,0,11,0,0,17,0,17,2,7,19,0,28,0,0,0,28
12/31/2008,LAW,OK,ASW,CE,Federal Contract Tower,1,9,1,2,13,0,0,15,1,16,1,9,16,3,29,20,0,20,49
01/01/2009,LAW,OK,ASW,CE,Federal Contract Tower,1,8,8,8,25,0,0,4,0,4,1,8,12,8,29,0,0,0,29
01/02/2009,LAW,OK,ASW,CE,Federal Contract Tower,2,6,19,2,29,0,0,2,0,2,2,6,21,2,31,0,0,0,31
01/03/2009,LAW,OK,ASW,CE,Federal Contract Tower,2,6,4,0,12,0,0,19,0,19,2,6,23,0,31,0,0,0,31
01/04/2009,LAW,OK,ASW,CE,Federal Contract Tower,2,8,3,1,14,0,0,0,0,0,2,8,3,1,14,0,0,0,14
01/05/2009,LAW,OK,ASW,CE,Federal Contract Tower,8,5,1,114,128,0,0,6,0,6,8,5,7,114,134,0,0,0,134
01/06/2009,LAW,OK,ASW,CE,Federal Contract Tower,1,8,1,112,122,0,0,11,6,17,1,8,12,118,139,0,0,0,139
01/07/2009,LAW,OK,ASW,CE,Federal Contract Tower,3,7,26,138,174,0,0,6,0,6,3,7,32,138,180,0,0,0,180
01/08/2009,LAW,OK,ASW,CE,Federal Contract Tower,1,8,5,110,124,0,0,2,2,4,1,8,7,112,128,0,30,30,158
01/09/2009,LAW,OK,ASW,CE,Federal Contract Tower,2,8,5,90,105,0,0,3,0,3,2,8,8,90,108,0,0,0,108
01/10/2009,LAW,OK,ASW,CE,Federal Contract Tower,2,7,6,0,15,0,0,0,0,0,2,7,6,0,15,0,0,0,15
01/11/2009,LAW,OK,ASW,CE,Federal Contract Tower,2,6,10,2,20,0,0,15,0,15,2,6,25,2,35,4,0,4,39
01/12/2009,LAW,OK,ASW,CE,Federal Contract Tower,3,8,2,133,146,0,0,4,6,10,3,8,6,139,156,0,22,22,178
01/13/2009,LAW,OK,ASW,CE,Federal Contract Tower,1,8,21,122,152,0,0,5,3,8,1,8,26,125,160,24,0,24,184
01/14/2009,LAW,OK,ASW,CE,Federal Contract Tower,1,8,27,100,136,0,0,0,5,5,1,8,27,105,141,0,10,10,151
01/15/2009,LAW,OK,ASW,CE,Federal Contract Tower,2,8,5,98,113,0,0,4,0,4,2,8,9,98,117,0,6,6,123
01/16/2009,LAW,OK,ASW,CE,Federal Contract Tower,2,4,6,52,64,0,0,8,0,8,2,4,14,52,72,0,0,0,72
01/17/2009,LAW,OK,ASW,CE,Federal Contract Tower,2,6,0,13,21,0,0,6,5,11,2,6,6,18,32,0,0,0,32
01/18/2009,LAW,OK,ASW,CE,Federal Contract Tower,2,8,0,0,10,0,0,28,0,28,2,8,28,0,38,26,0,26,64
01/19/2009,LAW,OK,ASW,CE,Federal Contract Tower,3,10,9,10,32,0,0,2,0,2,3,10,11,10,34,0,0,0,34
01/20/2009,LAW,OK,ASW,CE,Federal Contract Tower,1,8,23,100,132,0,0,3,10,13,1,8,26,110,145,10,18,28,173
01/21/2009,LAW,OK,ASW,CE,Federal Contract Tower,1,8,13,37,59,0,0,20,0,20,1,8,33,37,79,0,24,24,103
01/22/2009,LAW,OK,ASW,CE,Federal Contract Tower,0,7,8,42,57,0,0,11,2,13,0,7,19,44,70,0,0,0,70
01/23/2009,LAW,OK,ASW,CE,Federal Contract Tower,2,9,22,74,107,0,0,15,0,15,2,9,37,74,122,0,0,0,122
01/24/2009,LAW,OK,ASW,CE,Federal Contract Tower,2,10,0,0,12,0,0,18,0,18,2,10,18,0,30,0,0,0,30
01/25/2009,LAW,OK,ASW,CE,Federal Contract Tower,1,6,16,10,33,0,0,3,0,3,1,6,19,10,36,10,0,10,46
01/26/2009,LAW,OK,ASW,CE,Federal Contract Tower,2,4,4,0,10,0,0,0,0,0,2,4,4,0,10,0,0,0,10
01/27/2009,LAW,OK,ASW,CE,Federal Contract Tower,0,0,0,0,0,0,0,0,0,0,0,0,0,0,0,0,0,0,0
01/28/2009,LAW,OK,ASW,CE,Federal Contract Tower,0,4,14,8,26,0,0,0,0,0,0,4,14,8,26,0,0,0,26
01/29/2009,LAW,OK,ASW,CE,Federal Contract Tower,4,6,9,32,51,0,0,5,0,5,4,6,14,32,56,0,0,0,56
01/30/2009,LAW,OK,ASW,CE,Federal Contract Tower,2,9,3,14,28,0,0,3,0,3,2,9,6,14,31,0,0,0,31
01/31/2009,LAW,OK,ASW,CE,Federal Contract Tower,2,7,11,0,20,0,0,6,0,6,2,7,17,0,26,0,0,0,26
02/01/2009,LAW,OK,ASW,CE,Federal Contract Tower,4,9,11,6,30,0,0,0,0,0,4,9,11,6,30,0,0,0,30
02/02/2009,LAW,OK,ASW,CE,Federal Contract Tower,4,4,10,41,59,0,0,6,0,6,4,4,16,41,65,0,10,10,75
02/03/2009,LAW,OK,ASW,CE,Federal Contract Tower,1,8,10,86,105,0,0,4,0,4,1,8,14,86,109,0,0,0,109
02/04/2009,LAW,OK,ASW,CE,Federal Contract Tower,1,8,19,33,61,0,0,26,0,26,1,8,45,33,87,10,0,10,97
02/05/2009,LAW,OK,ASW,CE,Federal Contract Tower,2,8,4,44,58,0,0,9,4,13,2,8,13,48,71,0,0,0,71
02/06/2009,LAW,OK,ASW,CE,Federal Contract Tower,5,11,18,62,96,0,0,2,0,2,5,11,20,62,98,0,10,10,108
02/07/2009,LAW,OK,ASW,CE,Federal Contract Tower,2,6,28,0,36,0,0,4,0,4,2,6,32,0,40,10,0,10,50
02/08/2009,LAW,OK,ASW,CE,Federal Contract Tower,2,8,2,2,14,0,0,2,0,2,2,8,4,2,16,0,0,0,16
02/09/2009,LAW,OK,ASW,CE,Federal Contract Tower,2,8,4,0,14,0,0,2,0,2,2,8,6,0,16,0,0,0,16
02/10/2009,LAW,OK,ASW,CE,Federal Contract Tower,1,8,0,42,51,0,0,0,0,0,1,8,0,42,51,0,0,0,51
02/11/2009,LAW,OK,ASW,CE,Federal Contract Tower,1,9,0,132,142,0,0,12,2,14,1,9,12,134,156,10,0,10,166
02/12/2009,LAW,OK,ASW,CE,Federal Contract Tower,2,8,40,120,170,0,0,2,0,2,2,8,42,120,172,0,0,0,172
02/13/2009,LAW,OK,ASW,CE,Federal Contract Tower,2,8,42,96,148,0,0,2,0,2,2,8,44,96,150,14,0,14,164
02/14/2009,LAW,OK,ASW,CE,Federal Contract Tower,2,6,6,0,14,0,0,4,0,4,2,6,10,0,18,0,0,0,18
02/15/2009,LAW,OK,ASW,CE,Federal Contract Tower,4,10,2,4,20,0,0,18,0,18,4,10,20,4,38,14,0,14,52
02/16/2009,LAW,OK,ASW,CE,Federal Contract Tower,2,8,3,4,17,0,0,7,0,7,2,8,10,4,24,0,0,0,24
02/17/2009,LAW,OK,ASW,CE,Federal Contract Tower,1,8,3,44,56,0,0,10,0,10,1,8,13,44,66,0,4,4,70
02/18/2009,LAW,OK,ASW,CE,Federal Contract Tower,1,8,17,60,86,0,0,1,0,1,1,8,18,60,87,0,0,0,87
02/19/2009,LAW,OK,ASW,CE,Federal Contract Tower,2,9,21,56,88,0,0,6,4,10,2,9,27,60,98,0,0,0,98
02/20/2009,LAW,OK,ASW,CE,Federal Contract Tower,2,7,10,16,35,0,0,16,0,16,2,7,26,16,51,0,0,0,51
02/21/2009,LAW,OK,ASW,CE,Federal Contract Tower,2,6,0,0,8,0,0,4,0,4,2,6,4,0,12,0,0,0,12
02/22/2009,LAW,OK,ASW,CE,Federal Contract Tower,2,8,10,48,68,0,0,16,6,22,2,8,26,54,90,40,4,44,134
02/23/2009,LAW,OK,ASW,CE,Federal Contract Tower,3,10,5,33,51,0,0,10,4,14,3,10,15,37,65,0,0,0,65
02/24/2009,LAW,OK,ASW,CE,Federal Contract Tower,1,9,47,46,103,0,0,6,0,6,1,9,53,46,109,30,0,30,139
02/25/2009,LAW,OK,ASW,CE,Federal Contract Tower,1,10,35,51,97,0,0,7,0,7,1,10,42,51,104,20,0,20,124
02/26/2009,LAW,OK,ASW,CE,Federal Contract Tower,2,8,6,73,89,0,0,2,0,2,2,8,8,73,91,0,0,0,91
02/27/2009,LAW,OK,ASW,CE,Federal Contract Tower,5,8,6,82,101,0,0,4,0,4,5,8,10,82,105,0,0,0,105
02/28/2009,LAW,OK,ASW,CE,Federal Contract Tower,3,6,5,2,16,0,0,2,0,2,3,6,7,2,18,0,0,0,18
03/01/2009,LAW,OK,ASW,CE,Federal Contract Tower,2,8,1,41,52,0,0,17,0,17,2,8,18,41,69,0,0,0,69
03/02/2009,LAW,OK,ASW,CE,Federal Contract Tower,0,9,8,92,109,0,8,4,0,12,0,17,12,92,121,0,0,0,121
03/03/2009,LAW,OK,ASW,CE,Federal Contract Tower,1,8,14,38,61,0,0,11,6,17,1,8,25,44,78,8,10,18,96
03/04/2009,LAW,OK,ASW,CE,Federal Contract Tower,1,8,12,52,73,0,0,7,0,7,1,8,19,52,80,0,0,0,80
03/05/2009,LAW,OK,ASW,CE,Federal Contract Tower,2,8,23,48,81,0,0,0,0,0,2,8,23,48,81,0,0,0,81
03/06/2009,LAW,OK,ASW,CE,Federal Contract Tower,2,8,1,22,33,0,0,18,0,18,2,8,19,22,51,0,0,0,51
03/07/2009,LAW,OK,ASW,CE,Federal Contract Tower,2,6,1,0,9,0,0,2,0,2,2,6,3,0,11,0,0,0,11
03/08/2009,LAW,OK,ASW,CE,Federal Contract Tower,2,6,10,15,33,0,0,5,0,5,2,6,15,15,38,10,0,10,48
03/09/2009,LAW,OK,ASW,CE,Federal Contract Tower,2,8,14,108,132,0,0,11,3,14,2,8,25,111,146,0,0,0,146
03/10/2009,LAW,OK,ASW,CE,Federal Contract Tower,1,8,4,89,102,0,0,0,0,0,1,8,4,89,102,0,0,0,102
03/11/2009,LAW,OK,ASW,CE,Federal Contract Tower,1,5,7,106,119,0,0,0,0,0,1,5,7,106,119,8,0,8,127
03/12/2009,LAW,OK,ASW,CE,Federal Contract Tower,2,8,0,53,63,0,0,0,0,0,2,8,0,53,63,0,0,0,63
03/13/2009,LAW,OK,ASW,CE,Federal Contract Tower,1,9,2,4,16,0,0,2,0,2,1,9,4,4,18,0,0,0,18
03/14/2009,LAW,OK,ASW,CE,Federal Contract Tower,4,6,22,2,34,0,0,6,0,6,4,6,28,2,40,28,0,28,68
03/15/2009,LAW,OK,ASW,CE,Federal Contract Tower,2,8,38,2,50,0,0,0,0,0,2,8,38,2,50,0,0,0,50
03/16/2009,LAW,OK,ASW,CE,Federal Contract Tower,4,8,1,79,92,0,0,12,1,13,4,8,13,80,105,0,0,0,105
03/17/2009,LAW,OK,ASW,CE,Federal Contract Tower,1,8,0,64,73,0,0,26,2,28,1,8,26,66,101,0,0,0,101
03/18/2009,LAW,OK,ASW,CE,Federal Contract Tower,1,6,12,89,108,0,0,7,5,12,1,6,19,94,120,4,4,8,128
03/19/2009,LAW,OK,ASW,CE,Federal Contract Tower,2,9,13,113,137,0,0,0,0,0,2,9,13,113,137,0,0,0,137
03/20/2009,LAW,OK,ASW,CE,Federal Contract Tower,4,8,19,52,83,0,0,0,0,0,4,8,19,52,83,0,0,0,83
03/21/2009,LAW,OK,ASW,CE,Federal Contract Tower,2,6,44,0,52,0,0,10,0,10,2,6,54,0,62,14,0,14,76
03/22/2009,LAW,OK,ASW,CE,Federal Contract Tower,6,7,12,3,28,0,0,8,0,8,6,7,20,3,36,0,0,0,36
03/23/2009,LAW,OK,ASW,CE,Federal Contract Tower,2,7,1,24,34,0,0,0,0,0,2,7,1,24,34,0,0,0,34
03/24/2009,LAW,OK,ASW,CE,Federal Contract Tower,1,7,1,94,103,0,0,7,5,12,1,7,8,99,115,0,0,0,115
03/25/2009,LAW,OK,ASW,CE,Federal Contract Tower,1,9,7,87,104,0,0,2,4,6,1,9,9,91,110,0,4,4,114
03/26/2009,LAW,OK,ASW,CE,Federal Contract Tower,2,6,17,72,97,0,0,0,0,0,2,6,17,72,97,0,0,0,97
03/27/2009,LAW,OK,ASW,CE,Federal Contract Tower,4,6,0,0,10,0,0,0,0,0,4,6,0,0,10,0,0,0,10
03/28/2009,LAW,OK,ASW,CE,Federal Contract Tower,2,6,2,0,10,0,0,2,0,2,2,6,4,0,12,0,0,0,12
03/29/2009,LAW,OK,ASW,CE,Federal Contract Tower,2,8,22,0,32,0,0,12,0,12,2,8,34,0,44,0,0,0,44
03/30/2009,LAW,OK,ASW,CE,Federal Contract Tower,4,8,3,43,58,0,0,8,6,14,4,8,11,49,72,0,14,14,86
03/31/2009,LAW,OK,ASW,CE,Federal Contract Tower,9,9,38,142,198,0,0,3,0,3,9,9,41,142,201,0,0,0,201
04/01/2009,LAW,OK,ASW,CE,Federal Contract Tower,2,10,22,86,120,0,0,7,3,10,2,10,29,89,130,0,26,26,156
04/02/2009,LAW,OK,ASW,CE,Federal Contract Tower,0,4,4,16,24,0,0,2,0,2,0,4,6,16,26,0,0,0,26
04/03/2009,LAW,OK,ASW,CE,Federal Contract Tower,0,6,8,17,31,0,0,11,2,13,0,6,19,19,44,0,0,0,44
04/04/2009,LAW,OK,ASW,CE,Federal Contract Tower,2,6,4,0,12,0,0,11,0,11,2,6,15,0,23,0,0,0,23
04/05/2009,LAW,OK,ASW,CE,Federal Contract Tower,0,8,0,4,12,0,0,0,0,0,0,8,0,4,12,0,0,0,12
04/06/2009,LAW,OK,ASW,CE,Federal Contract Tower,0,8,1,124,133,0,0,4,11,15,0,8,5,135,148,4,4,8,156
04/07/2009,LAW,OK,ASW,CE,Federal Contract Tower,2,10,56,66,134,0,0,5,0,5,2,10,61,66,139,0,0,0,139
04/08/2009,LAW,OK,ASW,CE,Federal Contract Tower,0,2,22,101,125,0,0,4,0,4,0,2,26,101,129,22,22,44,173
04/09/2009,LAW,OK,ASW,CE,Federal Contract Tower,0,3,9,49,61,0,0,0,0,0,0,3,9,49,61,0,0,0,61
04/10/2009,LAW,OK,ASW,CE,Federal Contract Tower,0,4,4,13,21,0,0,16,0,16,0,4,20,13,37,0,0,0,37
04/11/2009,LAW,OK,ASW,CE,Federal Contract Tower,0,6,0,0,6,0,0,12,0,12,0,6,12,0,18,0,0,0,18
04/12/2009,LAW,OK,ASW,CE,Federal Contract Tower,1,6,6,1,14,0,0,0,0,0,1,6,6,1,14,0,0,0,14
04/13/2009,LAW,OK,ASW,CE,Federal Contract Tower,0,10,22,135,167,0,0,10,0,10,0,10,32,135,177,16,0,16,193
04/14/2009,LAW,OK,ASW,CE,Federal Contract Tower,0,9,56,170,235,0,0,5,0,5,0,9,61,170,240,12,0,12,252
04/15/2009,LAW,OK,ASW,CE,Federal Contract Tower,5,8,10,58,81,0,0,5,0,5,5,8,15,58,86,0,0,0,86
04/16/2009,LAW,OK,ASW,CE,Federal Contract Tower,0,10,2,53,65,0,0,4,0,4,0,10,6,53,69,0,0,0,69
04/17/2009,LAW,OK,ASW,CE,Federal Contract Tower,5,11,3,12,31,0,0,2,0,2,5,11,5,12,33,0,0,0,33
04/18/2009,LAW,OK,ASW,CE,Federal Contract Tower,0,5,1,2,8,0,0,7,0,7,0,5,8,2,15,10,0,10,25
04/19/2009,LAW,OK,ASW,CE,Federal Contract Tower,1,8,22,28,59,0,0,2,0,2,1,8,24,28,61,0,0,0,61
04/20/2009,LAW,OK,ASW,CE,Federal Contract Tower,0,9,31,152,192,0,0,6,0,6,0,9,37,152,198,0,18,18,216
04/21/2009,LAW,OK,ASW,CE,Federal Contract Tower,0,8,16,128,152,0,0,16,5,21,0,8,32,133,173,14,30,44,217
04/22/2009,LAW,OK,ASW,CE,Federal Contract Tower,0,8,19,158,185,0,0,16,0,16,0,8,35,158,201,16,14,30,231
04/23/2009,LAW,OK,ASW,CE,Federal Contract Tower,0,10,8,52,70,0,0,17,6,23,0,10,25,58,93,10,22,32,125
04/24/2009,LAW,OK,ASW,CE,Federal Contract Tower,0,12,3,30,45,0,0,9,2,11,0,12,12,32,56,0,10,10,66
04/25/2009,LAW,OK,ASW,CE,Federal Contract Tower,0,6,6,6,18,0,0,2,0,2,0,6,8,6,20,14,0,14,34
04/26/2009,LAW,OK,ASW,CE,Federal Contract Tower,2,6,1,0,9,0,0,3,0,3,2,6,4,0,12,0,0,0,12
04/27/2009,LAW,OK,ASW,CE,Federal Contract Tower,4,2,6,86,98,0,0,6,0,6,4,2,12,86,104,0,20,20,124
04/28/2009,LAW,OK,ASW,CE,Federal Contract Tower,1,9,32,86,128,0,0,6,1,7,1,9,38,87,135,7,3,10,145
04/29/2009,LAW,OK,ASW,CE,Federal Contract Tower,0,4,2,0,6,0,0,0,0,0,0,4,2,0,6,0,0,0,6
04/30/2009,LAW,OK,ASW,CE,Federal Contract Tower,2,8,6,87,103,0,0,4,2,6,2,8,10,89,109,0,0,0,109
05/01/2009,LAW,OK,ASW,CE,Federal Contract Tower,0,7,16,48,71,0,0,0,0,0,0,7,16,48,71,0,0,0,71
05/02/2009,LAW,OK,ASW,CE,Federal Contract Tower,0,5,7,0,12,0,0,0,0,0,0,5,7,0,12,0,0,0,12
05/03/2009,LAW,OK,ASW,CE,Federal Contract Tower,0,7,10,4,21,0,0,2,0,2,0,7,12,4,23,0,0,0,23
05/04/2009,LAW,OK,ASW,CE,Federal Contract Tower,0,9,4,96,109,0,0,0,0,0,0,9,4,96,109,0,0,0,109
05/05/2009,LAW,OK,ASW,CE,Federal Contract Tower,0,10,7,5,22,0,0,0,0,0,0,10,7,5,22,0,0,0,22
05/06/2009,LAW,OK,ASW,CE,Federal Contract Tower,2,8,8,108,126,0,0,13,4,17,2,8,21,112,143,0,10,10,153
05/07/2009,LAW,OK,ASW,CE,Federal Contract Tower,0,8,27,79,114,0,0,0,0,0,0,8,27,79,114,0,0,0,114
05/08/2009,LAW,OK,ASW,CE,Federal Contract Tower,0,8,16,46,70,0,0,4,7,11,0,8,20,53,81,0,0,0,81
05/09/2009,LAW,OK,ASW,CE,Federal Contract Tower,0,4,31,0,35,0,0,0,0,0,0,4,31,0,35,12,0,12,47
05/10/2009,LAW,OK,ASW,CE,Federal Contract Tower,0,8,8,10,26,0,0,0,0,0,0,8,8,10,26,0,0,0,26
05/11/2009,LAW,OK,ASW,CE,Federal Contract Tower,0,7,1,10,18,0,0,2,0,2,0,7,3,10,20,0,0,0,20
05/12/2009,LAW,OK,ASW,CE,Federal Contract Tower,0,6,7,73,86,0,0,6,0,6,0,6,13,73,92,0,0,0,92
05/13/2009,LAW,OK,ASW,CE,Federal Contract Tower,0,6,19,32,57,0,0,3,0,3,0,6,22,32,60,0,0,0,60
05/14/2009,LAW,OK,ASW,CE,Federal Contract Tower,0,8,9,42,59,0,0,5,0,5,0,8,14,42,64,0,0,0,64
05/15/2009,LAW,OK,ASW,CE,Federal Contract Tower,0,7,24,16,47,0,0,6,0,6,0,7,30,16,53,0,0,0,53
05/16/2009,LAW,OK,ASW,CE,Federal Contract Tower,0,6,4,4,14,0,0,6,0,6,0,6,10,4,20,16,0,16,36
05/17/2009,LAW,OK,ASW,CE,Federal Contract Tower,2,6,7,8,23,0,0,21,0,21,2,6,28,8,44,32,0,32,76
05/18/2009,LAW,OK,ASW,CE,Federal Contract Tower,1,8,4,33,46,0,0,15,4,19,1,8,19,37,65,0,0,0,65
05/19/2009,LAW,OK,ASW,CE,Federal Contract Tower,0,9,47,56,112,0,0,7,0,7,0,9,54,56,119,12,0,12,131
05/20/2009,LAW,OK,ASW,CE,Federal Contract Tower,0,9,33,43,85,0,0,5,0,5,0,9,38,43,90,8,0,8,98
05/21/2009,LAW,OK,ASW,CE,Federal Contract Tower,3,10,10,22,45,0,0,16,0,16,3,10,26,22,61,0,0,0,61
05/22/2009,LAW,OK,ASW,CE,Federal Contract Tower,0,10,18,18,46,0,0,12,0,12,0,10,30,18,58,8,0,8,66
05/23/2009,LAW,OK,ASW,CE,Federal Contract Tower,0,6,4,1,11,0,0,24,0,24,0,6,28,1,35,10,0,10,45
05/24/2009,LAW,OK,ASW,CE,Federal Contract Tower,2,8,0,1,11,0,0,10,0,10,2,8,10,1,21,10,0,10,31
05/25/2009,LAW,OK,ASW,CE,Federal Contract Tower,0,6,32,48,86,0,0,9,0,9,0,6,41,48,95,0,0,0,95
05/26/2009,LAW,OK,ASW,CE,Federal Contract Tower,0,8,32,48,88,0,0,3,0,3,0,8,35,48,91,18,0,18,109
05/27/2009,LAW,OK,ASW,CE,Federal Contract Tower,2,8,26,46,82,0,0,0,0,0,2,8,26,46,82,0,0,0,82
05/28/2009,LAW,OK,ASW,CE,Federal Contract Tower,0,11,12,48,71,0,0,8,0,8,0,11,20,48,79,0,0,0,79
05/29/2009,LAW,OK,ASW,CE,Federal Contract Tower,0,10,4,58,72,0,0,19,0,19,0,10,23,58,91,0,0,0,91
05/30/2009,LAW,OK,ASW,CE,Federal Contract Tower,2,6,8,0,16,0,0,41,0,41,2,6,49,0,57,0,0,0,57
05/31/2009,LAW,OK,ASW,CE,Federal Contract Tower,0,8,53,69,130,0,0,4,0,4,0,8,57,69,134,32,4,36,170
06/01/2009,LAW,OK,ASW,CE,Federal Contract Tower,0,9,32,146,187,0,0,3,0,3,0,9,35,146,190,0,6,6,196
06/02/2009,LAW,OK,ASW,CE,Federal Contract Tower,0,4,23,166,193,0,0,7,5,12,0,4,30,171,205,0,0,0,205
06/03/2009,LAW,OK,ASW,CE,Federal Contract Tower,0,11,7,230,248,0,0,1,5,6,0,11,8,235,254,0,0,0,254
06/04/2009,LAW,OK,ASW,CE,Federal Contract Tower,0,14,13,137,164,0,0,12,0,12,0,14,25,137,176,10,0,10,186
06/05/2009,LAW,OK,ASW,CE,Federal Contract Tower,0,12,14,114,140,0,0,23,0,23,0,12,37,114,163,16,10,26,189
06/06/2009,LAW,OK,ASW,CE,Federal Contract Tower,0,6,20,0,26,0,0,13,0,13,0,6,33,0,39,22,0,22,61
06/07/2009,LAW,OK,ASW,CE,Federal Contract Tower,5,8,28,0,41,0,0,5,0,5,5,8,33,0,46,38,0,38,84
06/08/2009,LAW,OK,ASW,CE,Federal Contract Tower,1,7,10,92,110,0,0,2,0,2,1,7,12,92,112,0,0,0,112
06/09/2009,LAW,OK,ASW,CE,Federal Contract Tower,0,9,29,124,162,0,0,7,0,7,0,9,36,124,169,4,0,4,173
06/10/2009,LAW,OK,ASW,CE,Federal Contract Tower,2,9,4,82,97,0,0,8,0,8,2,9,12,82,105,0,0,0,105
06/11/2009,LAW,OK,ASW,CE,Federal Contract Tower,0,4,16,145,165,0,0,9,4,13,0,4,25,149,178,0,10,10,188
06/12/2009,LAW,OK,ASW,CE,Federal Contract Tower,0,9,5,64,78,0,0,25,0,25,0,9,30,64,103,0,6,6,109
06/13/2009,LAW,OK,ASW,CE,Federal Contract Tower,0,8,32,0,40,0,0,4,0,4,0,8,36,0,44,0,0,0,44
06/14/2009,LAW,OK,ASW,CE,Federal Contract Tower,0,7,4,4,15,0,0,18,0,18,0,7,22,4,33,0,0,0,33
06/15/2009,LAW,OK,ASW,CE,Federal Contract Tower,0,6,0,72,78,0,0,24,0,24,0,6,24,72,102,8,0,8,110
06/16/2009,LAW,OK,ASW,CE,Federal Contract Tower,0,6,6,38,50,0,0,11,2,13,0,6,17,40,63,0,4,4,67
06/17/2009,LAW,OK,ASW,CE,Federal Contract Tower,0,8,3,44,55,0,0,11,0,11,0,8,14,44,66,10,0,10,76
06/18/2009,LAW,OK,ASW,CE,Federal Contract Tower,0,7,30,56,93,0,0,8,0,8,0,7,38,56,101,0,0,0,101
06/19/2009,LAW,OK,ASW,CE,Federal Contract Tower,0,8,24,50,82,0,0,1,0,1,0,8,25,50,83,12,0,12,95
06/20/2009,LAW,OK,ASW,CE,Federal Contract Tower,0,6,2,0,8,0,0,12,0,12,0,6,14,0,20,0,0,0,20
06/21/2009,LAW,OK,ASW,CE,Federal Contract Tower,0,7,16,0,23,0,0,6,0,6,0,7,22,0,29,10,0,10,39
06/22/2009,LAW,OK,ASW,CE,Federal Contract Tower,0,9,5,118,132,0,0,9,0,9,0,9,14,118,141,0,0,0,141
06/23/2009,LAW,OK,ASW,CE,Federal Contract Tower,0,5,10,108,123,0,0,19,0,19,0,5,29,108,142,6,0,6,148
06/24/2009,LAW,OK,ASW,CE,Federal Contract Tower,0,7,3,82,92,0,0,9,0,9,0,7,12,82,101,10,16,26,127
06/25/2009,LAW,OK,ASW,CE,Federal Contract Tower,0,5,9,36,50,0,0,12,0,12,0,5,21,36,62,0,0,0,62
06/26/2009,LAW,OK,ASW,CE,Federal Contract Tower,0,4,0,62,66,0,0,12,0,12,0,4,12,62,78,0,0,0,78
06/27/2009,LAW,OK,ASW,CE,Federal Contract Tower,0,6,6,0,12,0,0,18,0,18,0,6,24,0,30,0,0,0,30
06/28/2009,LAW,OK,ASW,CE,Federal Contract Tower,0,5,3,4,12,0,0,16,0,16,0,5,19,4,28,10,0,10,38
06/29/2009,LAW,OK,ASW,CE,Federal Contract Tower,0,4,0,10,14,0,0,10,0,10,0,4,10,10,24,16,0,16,40
06/30/2009,LAW,OK,ASW,CE,Federal Contract Tower,0,8,19,70,97,0,0,28,0,28,0,8,47,70,125,0,10,10,135
07/01/2009,LAW,OK,ASW,CE,Federal Contract Tower,0,7,15,32,54,0,0,13,0,13,0,7,28,32,67,54,8,62,129
07/02/2009,LAW,OK,ASW,CE,Federal Contract Tower,0,8,4,38,50,0,0,10,0,10,0,8,14,38,60,0,0,0,60
07/03/2009,LAW,OK,ASW,CE,Federal Contract Tower,0,10,6,0,16,0,0,16,0,16,0,10,22,0,32,0,0,0,32
07/04/2009,LAW,OK,ASW,CE,Federal Contract Tower,0,8,4,0,12,0,0,18,1,19,0,8,22,1,31,6,0,6,37
07/05/2009,LAW,OK,ASW,CE,Federal Contract Tower,0,7,5,0,12,0,0,10,0,10,0,7,15,0,22,0,0,0,22
07/06/2009,LAW,OK,ASW,CE,Federal Contract Tower,2,19,3,0,24,0,0,25,0,25,2,19,28,0,49,14,0,14,63
07/07/2009,LAW,OK,ASW,CE,Federal Contract Tower,0,10,8,31,49,0,0,16,2,18,0,10,24,33,67,20,0,20,87
07/08/2009,LAW,OK,ASW,CE,Federal Contract Tower,2,6,2,28,38,0,0,0,0,0,2,6,2,28,38,0,0,0,38
07/09/2009,LAW,OK,ASW,CE,Federal Contract Tower,0,9,2,24,35,0,0,2,0,2,0,9,4,24,37,0,0,0,37
07/10/2009,LAW,OK,ASW,CE,Federal Contract Tower,0,8,6,12,26,0,0,10,0,10,0,8,16,12,36,0,0,0,36
07/11/2009,LAW,OK,ASW,CE,Federal Contract Tower,0,7,0,2,9,0,0,16,0,16,0,7,16,2,25,0,0,0,25
07/12/2009,LAW,OK,ASW,CE,Federal Contract Tower,0,8,1,2,11,0,0,25,0,25,0,8,26,2,36,6,0,6,42
07/13/2009,LAW,OK,ASW,CE,Federal Contract Tower,0,7,11,14,32,0,0,19,0,19,0,7,30,14,51,0,0,0,51
07/14/2009,LAW,OK,ASW,CE,Federal Contract Tower,0,8,6,34,48,0,0,0,0,0,0,8,6,34,48,0,0,0,48
07/15/2009,LAW,OK,ASW,CE,Federal Contract Tower,2,7,1,26,36,0,0,14,0,14,2,7,15,26,50,26,0,26,76
07/16/2009,LAW,OK,ASW,CE,Federal Contract Tower,0,7,2,62,71,0,0,8,0,8,0,7,10,62,79,0,26,26,105
07/17/2009,LAW,OK,ASW,CE,Federal Contract Tower,0,8,4,106,118,0,0,17,0,17,0,8,21,106,135,0,0,0,135
07/18/2009,LAW,OK,ASW,CE,Federal Contract Tower,0,6,4,4,14,0,0,21,0,21,0,6,25,4,35,16,0,16,51
07/19/2009,LAW,OK,ASW,CE,Federal Contract Tower,0,6,13,4,23,0,0,12,0,12,0,6,25,4,35,0,0,0,35
07/20/2009,LAW,OK,ASW,CE,Federal Contract Tower,0,6,1,15,22,0,0,4,0,4,0,6,5,15,26,0,0,0,26
07/21/2009,LAW,OK,ASW,CE,Federal Contract Tower,0,9,5,90,104,0,0,8,0,8,0,9,13,90,112,0,0,0,112
07/22/2009,LAW,OK,ASW,CE,Federal Contract Tower,0,8,5,104,117,0,0,21,0,21,0,8,26,104,138,0,0,0,138
07/23/2009,LAW,OK,ASW,CE,Federal Contract Tower,0,8,8,110,126,0,0,8,0,8,0,8,16,110,134,0,0,0,134
07/24/2009,LAW,OK,ASW,CE,Federal Contract Tower,0,9,15,150,174,0,0,13,0,13,0,9,28,150,187,0,0,0,187
07/25/2009,LAW,OK,ASW,CE,Federal Contract Tower,2,6,6,5,19,0,0,26,0,26,2,6,32,5,45,0,4,4,49
07/26/2009,LAW,OK,ASW,CE,Federal Contract Tower,0,6,1,8,15,0,0,5,12,17,0,6,6,20,32,0,0,0,32
07/27/2009,LAW,OK,ASW,CE,Federal Contract Tower,0,5,1,88,94,0,0,6,0,6,0,5,7,88,100,0,0,0,100
07/28/2009,LAW,OK,ASW,CE,Federal Contract Tower,0,8,4,102,114,0,0,4,0,4,0,8,8,102,118,0,0,0,118
07/29/2009,LAW,OK,ASW,CE,Federal Contract Tower,0,8,5,138,151,0,0,5,0,5,0,8,10,138,156,0,0,0,156
07/30/2009,LAW,OK,ASW,CE,Federal Contract Tower,0,8,15,150,173,0,0,10,0,10,0,8,25,150,183,16,0,16,199
07/31/2009,LAW,OK,ASW,CE,Federal Contract Tower,0,7,6,68,81,0,0,22,4,26,0,7,28,72,107,0,0,0,107
08/01/2009,LAW,OK,ASW,CE,Federal Contract Tower,0,8,5,0,13,0,0,24,0,24,0,8,29,0,37,22,0,22,59
08/02/2009,LAW,OK,ASW,CE,Federal Contract Tower,2,8,3,11,24,0,0,14,8,22,2,8,17,19,46,0,0,0,46
08/03/2009,LAW,OK,ASW,CE,Federal Contract Tower,0,9,0,85,94,0,0,8,6,14,0,9,8,91,108,0,10,10,118
08/04/2009,LAW,OK,ASW,CE,Federal Contract Tower,0,8,3,106,117,0,0,7,9,16,0,8,10,115,133,0,0,0,133
08/05/2009,LAW,OK,ASW,CE,Federal Contract Tower,0,7,2,140,149,0,0,2,0,2,0,7,4,140,151,0,44,44,195
08/06/2009,LAW,OK,ASW,CE,Federal Contract Tower,2,8,20,86,116,0,0,0,0,0,2,8,20,86,116,0,0,0,116
08/07/2009,LAW,OK,ASW,CE,Federal Contract Tower,0,7,12,52,71,0,0,0,0,0,0,7,12,52,71,0,0,0,71
08/08/2009,LAW,OK,ASW,CE,Federal Contract Tower,1,8,0,0,9,0,0,30,0,30,1,8,30,0,39,28,0,28,67
08/09/2009,LAW,OK,ASW,CE,Federal Contract Tower,2,8,4,0,14,0,0,14,4,18,2,8,18,4,32,0,0,0,32
08/10/2009,LAW,OK,ASW,CE,Federal Contract Tower,0,5,6,58,69,0,0,5,0,5,0,5,11,58,74,0,4,4,78
08/11/2009,LAW,OK,ASW,CE,Federal Contract Tower,2,7,16,44,69,0,0,11,0,11,2,7,27,44,80,6,0,6,86
08/12/2009,LAW,OK,ASW,CE,Federal Contract Tower,2,7,1,91,101,0,0,22,1,23,2,7,23,92,124,0,0,0,124
08/13/2009,LAW,OK,ASW,CE,Federal Contract Tower,0,7,14,68,89,0,0,8,0,8,0,7,22,68,97,28,0,28,125
08/14/2009,LAW,OK,ASW,CE,Federal Contract Tower,0,8,4,40,52,0,0,10,0,10,0,8,14,40,62,14,8,22,84
08/15/2009,LAW,OK,ASW,CE,Federal Contract Tower,2,6,1,0,9,0,0,9,0,9,2,6,10,0,18,0,0,0,18
08/16/2009,LAW,OK,ASW,CE,Federal Contract Tower,0,8,2,0,10,0,0,12,0,12,0,8,14,0,22,0,0,0,22
08/17/2009,LAW,OK,ASW,CE,Federal Contract Tower,0,9,12,30,51,0,0,0,18,18,0,9,12,48,69,0,0,0,69
08/18/2009,LAW,OK,ASW,CE,Federal Contract Tower,0,9,11,53,73,0,0,17,0,17,0,9,28,53,90,0,0,0,90
08/19/2009,LAW,OK,ASW,CE,Federal Contract Tower,0,7,2,47,56,0,0,0,18,18,0,7,2,65,74,0,0,0,74
08/20/2009,LAW,OK,ASW,CE,Federal Contract Tower,0,8,0,38,46,0,0,8,0,8,0,8,8,38,54,0,0,0,54
08/21/2009,LAW,OK,ASW,CE,Federal Contract Tower,0,10,2,88,100,0,0,20,0,20,0,10,22,88,120,0,0,0,120
08/22/2009,LAW,OK,ASW,CE,Federal Contract Tower,0,6,4,2,12,0,0,18,0,18,0,6,22,2,30,0,0,0,30
08/23/2009,LAW,OK,ASW,CE,Federal Contract Tower,0,8,17,0,25,0,0,15,0,15,0,8,32,0,40,0,0,0,40
08/24/2009,LAW,OK,ASW,CE,Federal Contract Tower,0,9,3,100,112,0,0,3,0,3,0,9,6,100,115,0,0,0,115
08/25/2009,LAW,OK,ASW,CE,Federal Contract Tower,0,8,8,46,62,0,0,8,0,8,0,8,16,46,70,0,0,0,70
08/26/2009,LAW,OK,ASW,CE,Federal Contract Tower,0,6,3,78,87,0,0,17,4,21,0,6,20,82,108,0,38,38,146
08/27/2009,LAW,OK,ASW,CE,Federal Contract Tower,0,9,1,82,92,0,0,7,0,7,0,9,8,82,99,0,0,0,99
08/28/2009,LAW,OK,ASW,CE,Federal Contract Tower,0,8,2,40,50,0,0,4,0,4,0,8,6,40,54,0,0,0,54
08/29/2009,LAW,OK,ASW,CE,Federal Contract Tower,0,5,11,4,20,0,0,14,0,14,0,5,25,4,34,0,0,0,34
08/30/2009,LAW,OK,ASW,CE,Federal Contract Tower,0,9,42,12,63,0,0,23,0,23,0,9,65,12,86,0,0,0,86
08/31/2009,LAW,OK,ASW,CE,Federal Contract Tower,0,9,3,56,68,0,0,8,0,8,0,9,11,56,76,0,0,0,76
09/01/2009,LAW,OK,ASW,CE,Federal Contract Tower,0,8,11,63,82,0,0,8,0,8,0,8,19,63,90,10,0,10,100
09/02/2009,LAW,OK,ASW,CE,Federal Contract Tower,0,11,3,42,56,0,0,11,11,22,0,11,14,53,78,0,0,0,78
09/03/2009,LAW,OK,ASW,CE,Federal Contract Tower,0,8,10,70,88,0,0,14,22,36,0,8,24,92,124,22,10,32,156
09/04/2009,LAW,OK,ASW,CE,Federal Contract Tower,0,8,22,80,110,0,0,23,2,25,0,8,45,82,135,10,0,10,145
09/05/2009,LAW,OK,ASW,CE,Federal Contract Tower,0,6,25,0,31,0,0,36,0,36,0,6,61,0,67,0,0,0,67
09/06/2009,LAW,OK,ASW,CE,Federal Contract Tower,0,8,3,0,11,0,0,14,0,14,0,8,17,0,25,0,0,0,25
09/07/2009,LAW,OK,ASW,CE,Federal Contract Tower,0,5,1,0,6,0,0,28,0,28,0,5,29,0,34,0,0,0,34
09/08/2009,LAW,OK,ASW,CE,Federal Contract Tower,0,8,1,70,79,0,0,5,8,13,0,8,6,78,92,0,26,26,118
09/09/2009,LAW,OK,ASW,CE,Federal Contract Tower,0,8,1,104,113,0,0,2,6,8,0,8,3,110,121,0,14,14,135
09/10/2009,LAW,OK,ASW,CE,Federal Contract Tower,0,9,4,75,88,0,0,8,2,10,0,9,12,77,98,0,0,0,98
09/11/2009,LAW,OK,ASW,CE,Federal Contract Tower,0,10,5,18,33,0,0,5,0,5,0,10,10,18,38,0,0,0,38
09/12/2009,LAW,OK,ASW,CE,Federal Contract Tower,0,7,2,0,9,0,0,1,0,1,0,7,3,0,10,0,0,0,10
09/13/2009,LAW,OK,ASW,CE,Federal Contract Tower,2,10,2,2,16,0,0,2,0,2,2,10,4,2,18,0,0,0,18
09/14/2009,LAW,OK,ASW,CE,Federal Contract Tower,0,8,10,118,136,0,0,4,0,4,0,8,14,118,140,0,0,0,140
09/15/2009,LAW,OK,ASW,CE,Federal Contract Tower,0,7,5,60,72,0,0,6,0,6,0,7,11,60,78,6,10,16,94
09/16/2009,LAW,OK,ASW,CE,Federal Contract Tower,0,10,8,72,90,0,0,3,0,3,0,10,11,72,93,10,0,10,103
09/17/2009,LAW,OK,ASW,CE,Federal Contract Tower,2,10,2,96,110,0,0,4,0,4,2,10,6,96,114,0,0,0,114
09/18/2009,LAW,OK,ASW,CE,Federal Contract Tower,2,10,8,46,66,0,0,20,0,20,2,10,28,46,86,16,0,16,102
09/19/2009,LAW,OK,ASW,CE,Federal Contract Tower,0,8,1,0,9,0,0,10,0,10,0,8,11,0,19,0,0,0,19
09/20/2009,LAW,OK,ASW,CE,Federal Contract Tower,2,8,2,8,20,0,0,5,10,15,2,8,7,18,35,0,0,0,35
09/21/2009,LAW,OK,ASW,CE,Federal Contract Tower,2,7,2,94,105,0,0,13,0,13,2,7,15,94,118,4,0,4,122
09/22/2009,LAW,OK,ASW,CE,Federal Contract Tower,0,7,21,162,190,0,0,38,0,38,0,7,59,162,228,18,0,18,246
09/23/2009,LAW,OK,ASW,CE,Federal Contract Tower,0,8,20,124,152,0,0,40,4,44,0,8,60,128,196,0,6,6,202
09/24/2009,LAW,OK,ASW,CE,Federal Contract Tower,2,7,8,102,119,0,0,18,0,18,2,7,26,102,137,0,0,0,137
09/25/2009,LAW,OK,ASW,CE,Federal Contract Tower,0,8,3,87,98,0,0,14,0,14,0,8,17,87,112,0,0,0,112
09/26/2009,LAW,OK,ASW,CE,Federal Contract Tower,0,6,19,0,25,0,0,19,0,19,0,6,38,0,44,0,0,0,44
09/27/2009,LAW,OK,ASW,CE,Federal Contract Tower,0,8,8,0,16,0,0,24,2,26,0,8,32,2,42,6,0,6,48
09/28/2009,LAW,OK,ASW,CE,Federal Contract Tower,0,9,25,149,183,0,0,42,0,42,0,9,67,149,225,0,22,22,247
09/29/2009,LAW,OK,ASW,CE,Federal Contract Tower,0,7,18,120,145,0,0,29,0,29,0,7,47,120,174,10,0,10,184
09/30/2009,LAW,OK,ASW,CE,Federal Contract Tower,2,8,15,112,137,0,0,13,0,13,2,8,28,112,150,0,0,0,150
10/01/2009,LAW,OK,ASW,CE,Federal Contract Tower,0,7,17,101,125,0,0,24,2,26,0,7,41,103,151,0,0,0,151
10/02/2009,LAW,OK,ASW,CE,Federal Contract Tower,0,8,2,59,69,0,0,15,2,17,0,8,17,61,86,32,10,42,128
10/03/2009,LAW,OK,ASW,CE,Federal Contract Tower,0,6,5,0,11,0,0,13,2,15,0,6,18,2,26,16,0,16,42
10/04/2009,LAW,OK,ASW,CE,Federal Contract Tower,0,8,3,4,15,0,0,2,0,2,0,8,5,4,17,0,0,0,17
10/05/2009,LAW,OK,ASW,CE,Federal Contract Tower,0,9,0,49,58,0,0,0,0,0,0,9,0,49,58,0,0,0,58
10/06/2009,LAW,OK,ASW,CE,Federal Contract Tower,4,8,8,53,73,0,0,0,0,0,4,8,8,53,73,0,36,36,109
10/07/2009,LAW,OK,ASW,CE,Federal Contract Tower,0,6,6,50,62,0,0,7,0,7,0,6,13,50,69,0,0,0,69
10/08/2009,LAW,OK,ASW,CE,Federal Contract Tower,0,6,1,44,51,0,0,0,0,0,0,6,1,44,51,0,0,0,51
10/09/2009,LAW,OK,ASW,CE,Federal Contract Tower,1,9,17,0,27,0,0,4,0,4,1,9,21,0,31,0,0,0,31
10/10/2009,LAW,OK,ASW,CE,Federal Contract Tower,0,6,20,1,27,0,0,16,3,19,0,6,36,4,46,6,0,6,52
10/11/2009,LAW,OK,ASW,CE,Federal Contract Tower,1,8,14,2,25,0,0,0,0,0,1,8,14,2,25,0,0,0,25
10/12/2009,LAW,OK,ASW,CE,Federal Contract Tower,0,8,4,2,14,0,0,0,0,0,0,8,4,2,14,0,0,0,14
10/13/2009,LAW,OK,ASW,CE,Federal Contract Tower,0,6,24,21,51,0,0,0,0,0,0,6,24,21,51,0,0,0,51
10/14/2009,LAW,OK,ASW,CE,Federal Contract Tower,0,6,15,3,24,0,0,0,0,0,0,6,15,3,24,0,0,0,24
10/15/2009,LAW,OK,ASW,CE,Federal Contract Tower,0,9,14,121,144,0,0,8,0,8,0,9,22,121,152,14,10,24,176
10/16/2009,LAW,OK,ASW,CE,Federal Contract Tower,0,9,10,80,99,0,0,25,0,25,0,9,35,80,124,38,0,38,162
10/17/2009,LAW,OK,ASW,CE,Federal Contract Tower,0,6,4,1,11,0,0,31,0,31,0,6,35,1,42,0,0,0,42
10/18/2009,LAW,OK,ASW,CE,Federal Contract Tower,0,8,14,2,24,0,0,42,0,42,0,8,56,2,66,40,6,46,112
10/19/2009,LAW,OK,ASW,CE,Federal Contract Tower,0,8,14,70,92,0,0,14,0,14,0,8,28,70,106,0,0,0,106
10/20/2009,LAW,OK,ASW,CE,Federal Contract Tower,0,6,5,32,43,0,0,10,0,10,0,6,15,32,53,0,12,12,65
10/21/2009,LAW,OK,ASW,CE,Federal Contract Tower,0,5,1,2,8,0,0,0,0,0,0,5,1,2,8,0,0,0,8
10/22/2009,LAW,OK,ASW,CE,Federal Contract Tower,0,11,10,76,97,0,0,1,0,1,0,11,11,76,98,10,0,10,108
10/23/2009,LAW,OK,ASW,CE,Federal Contract Tower,0,9,12,74,95,0,0,10,0,10,0,9,22,74,105,10,10,20,125
10/24/2009,LAW,OK,ASW,CE,Federal Contract Tower,0,6,2,0,8,0,0,9,0,9,0,6,11,0,17,0,0,0,17
10/25/2009,LAW,OK,ASW,CE,Federal Contract Tower,0,6,7,50,63,0,0,38,0,38,0,6,45,50,101,10,0,10,111
10/26/2009,LAW,OK,ASW,CE,Federal Contract Tower,0,7,5,57,69,0,0,6,0,6,0,7,11,57,75,0,0,0,75
10/27/2009,LAW,OK,ASW,CE,Federal Contract Tower,0,9,5,55,69,0,0,25,0,25,0,9,30,55,94,2,0,2,96
10/28/2009,LAW,OK,ASW,CE,Federal Contract Tower,0,9,11,62,82,0,0,12,6,18,0,9,23,68,100,0,0,0,100
10/29/2009,LAW,OK,ASW,CE,Federal Contract Tower,0,6,4,78,88,0,0,8,0,8,0,6,12,78,96,0,0,0,96
10/30/2009,LAW,OK,ASW,CE,Federal Contract Tower,1,9,8,42,60,0,0,14,4,18,1,9,22,46,78,13,7,20,98
10/31/2009,LAW,OK,ASW,CE,Federal Contract Tower,2,6,0,0,8,0,0,27,0,27,2,6,27,0,35,0,0,0,35
11/01/2009,LAW,OK,ASW,CE,Federal Contract Tower,0,8,4,1,13,0,0,20,0,20,0,8,24,1,33,10,0,10,43
11/02/2009,LAW,OK,ASW,CE,Federal Contract Tower,5,8,10,74,97,0,0,12,0,12,5,8,22,74,109,0,0,0,109
11/03/2009,LAW,OK,ASW,CE,Federal Contract Tower,2,9,5,98,114,0,0,36,2,38,2,9,41,100,152,24,0,24,176
11/04/2009,LAW,OK,ASW,CE,Federal Contract Tower,2,8,15,70,95,0,0,18,3,21,2,8,33,73,116,12,0,12,128
11/05/2009,LAW,OK,ASW,CE,Federal Contract Tower,0,8,4,44,56,0,0,17,2,19,0,8,21,46,75,0,8,8,83
11/06/2009,LAW,OK,ASW,CE,Federal Contract Tower,2,8,4,57,71,0,0,25,22,47,2,8,29,79,118,10,34,44,162
11/07/2009,LAW,OK,ASW,CE,Federal Contract Tower,0,6,0,1,7,0,0,19,0,19,0,6,19,1,26,0,0,0,26
11/08/2009,LAW,OK,ASW,CE,Federal Contract Tower,0,8,8,34,50,0,0,18,18,36,0,8,26,52,86,6,0,6,92
11/09/2009,LAW,OK,ASW,CE,Federal Contract Tower,5,8,1,102,116,0,0,8,0,8,5,8,9,102,124,0,8,8,132
11/10/2009,LAW,OK,ASW,CE,Federal Contract Tower,0,8,26,24,58,0,0,11,0,11,0,8,37,24,69,2,8,10,79
11/11/2009,LAW,OK,ASW,CE,Federal Contract Tower,0,10,3,0,13,0,0,2,0,2,0,10,5,0,15,20,0,20,35
11/12/2009,LAW,OK,ASW,CE,Federal Contract Tower,4,8,18,60,90,0,0,23,4,27,4,8,41,64,117,0,24,24,141
11/13/2009,LAW,OK,ASW,CE,Federal Contract Tower,0,8,4,32,44,0,0,12,7,19,0,8,16,39,63,0,4,4,67
11/14/2009,LAW,OK,ASW,CE,Federal Contract Tower,1,6,3,2,12,0,0,21,0,21,1,6,24,2,33,0,0,0,33
11/15/2009,LAW,OK,ASW,CE,Federal Contract Tower,1,8,4,9,22,0,0,4,0,4,1,8,8,9,26,48,0,48,74
11/16/2009,LAW,OK,ASW,CE,Federal Contract Tower,3,8,4,86,101,0,0,0,0,0,3,8,4,86,101,0,0,0,101
11/17/2009,LAW,OK,ASW,CE,Federal Contract Tower,0,8,7,94,109,0,0,11,3,14,0,8,18,97,123,0,0,0,123
11/18/2009,LAW,OK,ASW,CE,Federal Contract Tower,2,8,10,94,114,0,0,25,5,30,2,8,35,99,144,14,44,58,202
11/19/2009,LAW,OK,ASW,CE,Federal Contract Tower,0,10,13,93,116,0,0,15,10,25,0,10,28,103,141,8,0,8,149
11/20/2009,LAW,OK,ASW,CE,Federal Contract Tower,4,8,12,34,58,0,0,1,0,1,4,8,13,34,59,0,0,0,59
11/21/2009,LAW,OK,ASW,CE,Federal Contract Tower,2,8,7,0,17,0,0,0,0,0,2,8,7,0,17,0,0,0,17
11/22/2009,LAW,OK,ASW,CE,Federal Contract Tower,0,8,9,36,53,0,0,28,0,28,0,8,37,36,81,0,0,0,81
11/23/2009,LAW,OK,ASW,CE,Federal Contract Tower,5,6,15,22,48,0,0,10,6,16,5,6,25,28,64,24,0,24,88
11/24/2009,LAW,OK,ASW,CE,Federal Contract Tower,3,11,9,100,123,0,0,15,0,15,3,11,24,100,138,0,0,0,138
11/25/2009,LAW,OK,ASW,CE,Federal Contract Tower,4,11,0,77,92,0,0,26,0,26,4,11,26,77,118,0,0,0,118
11/26/2009,LAW,OK,ASW,CE,Federal Contract Tower,0,5,2,0,7,0,0,12,0,12,0,5,14,0,19,0,0,0,19
11/27/2009,LAW,OK,ASW,CE,Federal Contract Tower,0,11,0,0,11,0,0,21,0,21,0,11,21,0,32,12,0,12,44
11/28/2009,LAW,OK,ASW,CE,Federal Contract Tower,1,10,12,0,23,0,0,16,0,16,1,10,28,0,39,0,0,0,39
11/29/2009,LAW,OK,ASW,CE,Federal Contract Tower,0,10,2,8,20,0,0,6,0,6,0,10,8,8,26,0,0,0,26
11/30/2009,LAW,OK,ASW,CE,Federal Contract Tower,2,9,13,120,144,0,0,8,0,8,2,9,21,120,152,18,0,18,170
12/01/2009,LAW,OK,ASW,CE,Federal Contract Tower,0,9,5,65,79,0,0,9,0,9,0,9,14,65,88,0,0,0,88
12/02/2009,LAW,OK,ASW,CE,Federal Contract Tower,0,9,2,44,55,0,0,9,0,9,0,9,11,44,64,18,0,18,82
12/03/2009,LAW,OK,ASW,CE,Federal Contract Tower,0,8,5,114,127,0,0,5,1,6,0,8,10,115,133,20,0,20,153
12/04/2009,LAW,OK,ASW,CE,Federal Contract Tower,0,7,8,94,109,0,0,5,2,7,0,7,13,96,116,0,0,0,116
12/05/2009,LAW,OK,ASW,CE,Federal Contract Tower,0,8,2,2,12,0,0,12,0,12,0,8,14,2,24,0,0,0,24
12/06/2009,LAW,OK,ASW,CE,Federal Contract Tower,0,10,6,2,18,0,0,15,0,15,0,10,21,2,33,0,0,0,33
12/07/2009,LAW,OK,ASW,CE,Federal Contract Tower,3,10,3,18,34,0,0,2,0,2,3,10,5,18,36,0,0,0,36
12/08/2009,LAW,OK,ASW,CE,Federal Contract Tower,0,10,2,3,15,0,0,2,0,2,0,10,4,3,17,0,0,0,17
12/09/2009,LAW,OK,ASW,CE,Federal Contract Tower,0,10,9,156,175,0,0,7,6,13,0,10,16,162,188,6,0,6,194
12/10/2009,LAW,OK,ASW,CE,Federal Contract Tower,2,10,9,140,161,0,0,29,0,29,2,10,38,140,190,0,0,0,190
12/11/2009,LAW,OK,ASW,CE,Federal Contract Tower,0,10,8,108,126,0,0,5,2,7,0,10,13,110,133,0,0,0,133
12/12/2009,LAW,OK,ASW,CE,Federal Contract Tower,3,8,4,4,19,0,0,4,0,4,3,8,8,4,23,0,0,0,23
12/13/2009,LAW,OK,ASW,CE,Federal Contract Tower,3,9,15,2,29,0,0,38,0,38,3,9,53,2,67,14,0,14,81
12/14/2009,LAW,OK,ASW,CE,Federal Contract Tower,3,11,4,106,124,0,0,19,0,19,3,11,23,106,143,0,0,0,143
12/15/2009,LAW,OK,ASW,CE,Federal Contract Tower,0,10,8,130,148,0,0,16,0,16,0,10,24,130,164,0,0,0,164
12/16/2009,LAW,OK,ASW,CE,Federal Contract Tower,0,11,14,132,157,0,0,14,0,14,0,11,28,132,171,4,0,4,175
12/17/2009,LAW,OK,ASW,CE,Federal Contract Tower,0,11,10,118,139,0,0,33,0,33,0,11,43,118,172,18,0,18,190
12/18/2009,LAW,OK,ASW,CE,Federal Contract Tower,2,8,4,84,98,0,0,5,1,6,2,8,9,85,104,0,0,0,104
12/19/2009,LAW,OK,ASW,CE,Federal Contract Tower,0,8,8,0,16,0,0,30,4,34,0,8,38,4,50,0,0,0,50
12/20/2009,LAW,OK,ASW,CE,Federal Contract Tower,0,11,7,2,20,0,0,18,0,18,0,11,25,2,38,8,0,8,46
12/21/2009,LAW,OK,ASW,CE,Federal Contract Tower,0,12,2,66,80,0,0,22,0,22,0,12,24,66,102,0,0,0,102
12/22/2009,LAW,OK,ASW,CE,Federal Contract Tower,0,12,16,44,72,0,0,0,0,0,0,12,16,44,72,0,0,0,72
12/23/2009,LAW,OK,ASW,CE,Federal Contract Tower,0,10,4,70,84,0,0,2,0,2,0,10,6,70,86,0,0,0,86
12/24/2009,LAW,OK,ASW,CE,Federal Contract Tower,0,2,0,0,2,0,0,0,0,0,0,2,0,0,2,0,0,0,2
12/25/2009,LAW,OK,ASW,CE,Federal Contract Tower,0,0,0,0,0,0,0,0,0,0,0,0,0,0,0,0,0,0,0
12/26/2009,LAW,OK,ASW,CE,Federal Contract Tower,0,8,4,0,12,0,0,2,0,2,0,8,6,0,14,0,0,0,14
12/27/2009,LAW,OK,ASW,CE,Federal Contract Tower,1,8,6,4,19,0,0,12,0,12,1,8,18,4,31,0,0,0,31
12/28/2009,LAW,OK,ASW,CE,Federal Contract Tower,0,7,2,2,11,0,0,12,0,12,0,7,14,2,23,0,0,0,23
12/29/2009,LAW,OK,ASW,CE,Federal Contract Tower,0,4,2,1,7,0,0,6,0,6,0,4,8,1,13,4,0,4,17
12/30/2009,LAW,OK,ASW,CE,Federal Contract Tower,0,10,1,0,11,0,0,2,0,2,0,10,3,0,13,0,0,0,13
12/31/2009,LAW,OK,ASW,CE,Federal Contract Tower,0,6,4,0,10,0,0,6,0,6,0,6,10,0,16,26,0,26,42
01/01/2010,LAW,OK,ASW,CE,Federal Contract Tower,0,10,13,0,23,0,0,17,0,17,0,10,30,0,40,0,0,0,40
01/02/2010,LAW,OK,ASW,CE,Federal Contract Tower,0,11,2,0,13,0,0,11,0,11,0,11,13,0,24,16,0,16,40
01/03/2010,LAW,OK,ASW,CE,Federal Contract Tower,0,10,7,0,17,0,0,0,0,0,0,10,7,0,17,0,0,0,17
01/04/2010,LAW,OK,ASW,CE,Federal Contract Tower,3,7,2,0,12,0,0,0,0,0,3,7,2,0,12,0,0,0,12
01/05/2010,LAW,OK,ASW,CE,Federal Contract Tower,0,11,7,105,123,0,0,18,0,18,0,11,25,105,141,0,0,0,141
01/06/2010,LAW,OK,ASW,CE,Federal Contract Tower,0,10,7,83,100,0,0,3,4,7,0,10,10,87,107,0,0,0,107
01/07/2010,LAW,OK,ASW,CE,Federal Contract Tower,0,11,2,66,79,0,0,6,6,12,0,11,8,72,91,0,0,0,91
01/08/2010,LAW,OK,ASW,CE,Federal Contract Tower,0,8,3,24,35,0,0,1,2,3,0,8,4,26,38,0,4,4,42
01/09/2010,LAW,OK,ASW,CE,Federal Contract Tower,0,8,12,0,20,0,0,11,0,11,0,8,23,0,31,0,0,0,31
01/10/2010,LAW,OK,ASW,CE,Federal Contract Tower,2,8,8,8,26,0,0,16,0,16,2,8,24,8,42,0,0,0,42
01/11/2010,LAW,OK,ASW,CE,Federal Contract Tower,4,13,8,74,99,0,0,14,0,14,4,13,22,74,113,0,0,0,113
01/12/2010,LAW,OK,ASW,CE,Federal Contract Tower,0,10,9,92,111,0,0,18,0,18,0,10,27,92,129,0,0,0,129
01/13/2010,LAW,OK,ASW,CE,Federal Contract Tower,0,10,7,96,113,0,0,19,0,19,0,10,26,96,132,0,0,0,132
01/14/2010,LAW,OK,ASW,CE,Federal Contract Tower,0,8,7,106,121,0,0,0,2,2,0,8,7,108,123,0,0,0,123
01/15/2010,LAW,OK,ASW,CE,Federal Contract Tower,0,8,3,8,19,0,0,0,0,0,0,8,3,8,19,0,0,0,19
01/16/2010,LAW,OK,ASW,CE,Federal Contract Tower,0,8,2,0,10,0,0,4,0,4,0,8,6,0,14,0,0,0,14
01/17/2010,LAW,OK,ASW,CE,Federal Contract Tower,2,8,12,0,22,0,0,18,0,18,2,8,30,0,40,0,0,0,40
01/18/2010,LAW,OK,ASW,CE,Federal Contract Tower,2,10,17,24,53,0,0,28,0,28,2,10,45,24,81,16,0,16,97
01/19/2010,LAW,OK,ASW,CE,Federal Contract Tower,1,12,4,134,151,0,0,4,0,4,1,12,8,134,155,0,8,8,163
01/20/2010,LAW,OK,ASW,CE,Federal Contract Tower,0,10,10,160,180,0,0,2,0,2,0,10,12,160,182,10,0,10,192
01/21/2010,LAW,OK,ASW,CE,Federal Contract Tower,0,10,3,78,91,0,0,10,0,10,0,10,13,78,101,10,0,10,111
01/22/2010,LAW,OK,ASW,CE,Federal Contract Tower,0,10,20,128,158,0,0,12,4,16,0,10,32,132,174,0,0,0,174
01/23/2010,LAW,OK,ASW,CE,Federal Contract Tower,0,8,2,1,11,0,0,8,0,8,0,8,10,1,19,10,0,10,29
01/24/2010,LAW,OK,ASW,CE,Federal Contract Tower,0,12,16,1,29,0,0,31,0,31,0,12,47,1,60,12,0,12,72
01/25/2010,LAW,OK,ASW,CE,Federal Contract Tower,0,12,8,64,84,0,0,23,0,23,0,12,31,64,107,0,0,0,107
01/26/2010,LAW,OK,ASW,CE,Federal Contract Tower,0,10,8,110,128,0,0,12,0,12,0,10,20,110,140,4,0,4,144
01/27/2010,LAW,OK,ASW,CE,Federal Contract Tower,0,10,0,124,134,0,0,11,4,15,0,10,11,128,149,0,0,0,149
01/28/2010,LAW,OK,ASW,CE,Federal Contract Tower,0,0,0,0,0,0,0,0,0,0,0,0,0,0,0,0,0,0,0
01/29/2010,LAW,OK,ASW,CE,Federal Contract Tower,0,0,0,0,0,0,0,0,0,0,0,0,0,0,0,0,0,0,0
01/30/2010,LAW,OK,ASW,CE,Federal Contract Tower,0,0,0,0,0,0,0,0,0,0,0,0,0,0,0,0,0,0,0
01/31/2010,LAW,OK,ASW,CE,Federal Contract Tower,0,3,0,0,3,0,0,2,0,2,0,3,2,0,5,0,0,0,5
02/01/2010,LAW,OK,ASW,CE,Federal Contract Tower,0,0,1,0,1,0,0,0,0,0,0,0,1,0,1,0,0,0,1
02/02/2010,LAW,OK,ASW,CE,Federal Contract Tower,0,10,5,160,175,0,0,9,0,9,0,10,14,160,184,10,0,10,194
02/03/2010,LAW,OK,ASW,CE,Federal Contract Tower,0,10,2,78,90,0,0,0,0,0,0,10,2,78,90,0,0,0,90
02/04/2010,LAW,OK,ASW,CE,Federal Contract Tower,2,9,4,64,79,0,0,0,0,0,2,9,4,64,79,0,0,0,79
02/05/2010,LAW,OK,ASW,CE,Federal Contract Tower,0,10,0,64,74,0,0,13,0,13,0,10,13,64,87,0,10,10,97
02/06/2010,LAW,OK,ASW,CE,Federal Contract Tower,0,7,4,0,11,0,0,4,0,4,0,7,8,0,15,0,0,0,15
02/07/2010,LAW,OK,ASW,CE,Federal Contract Tower,0,10,6,0,16,0,0,0,0,0,0,10,6,0,16,0,0,0,16
02/08/2010,LAW,OK,ASW,CE,Federal Contract Tower,3,9,0,1,13,0,0,0,0,0,3,9,0,1,13,0,0,0,13
02/09/2010,LAW,OK,ASW,CE,Federal Contract Tower,2,12,8,77,99,0,0,7,0,7,2,12,15,77,106,0,0,0,106
02/10/2010,LAW,OK,ASW,CE,Federal Contract Tower,0,10,10,108,128,0,0,9,5,14,0,10,19,113,142,0,6,6,148
02/11/2010,LAW,OK,ASW,CE,Federal Contract Tower,0,0,1,1,2,0,0,0,0,0,0,0,1,1,2,0,0,0,2
02/12/2010,LAW,OK,ASW,CE,Federal Contract Tower,2,5,6,48,61,0,0,2,0,2,2,5,8,48,63,0,0,0,63
02/13/2010,LAW,OK,ASW,CE,Federal Contract Tower,2,7,19,0,28,0,0,16,0,16,2,7,35,0,44,10,0,10,54
02/14/2010,LAW,OK,ASW,CE,Federal Contract Tower,0,8,5,0,13,0,0,2,0,2,0,8,7,0,15,0,0,0,15
02/15/2010,LAW,OK,ASW,CE,Federal Contract Tower,6,9,7,4,26,0,0,22,0,22,6,9,29,4,48,0,0,0,48
02/16/2010,LAW,OK,ASW,CE,Federal Contract Tower,0,10,10,68,88,0,0,30,3,33,0,10,40,71,121,0,8,8,129
02/17/2010,LAW,OK,ASW,CE,Federal Contract Tower,0,9,11,44,64,0,0,28,1,29,0,9,39,45,93,10,2,12,105
02/18/2010,LAW,OK,ASW,CE,Federal Contract Tower,5,10,4,63,82,0,0,11,6,17,5,10,15,69,99,14,0,14,113
02/19/2010,LAW,OK,ASW,CE,Federal Contract Tower,0,13,2,38,53,0,0,2,6,8,0,13,4,44,61,16,18,34,95
02/20/2010,LAW,OK,ASW,CE,Federal Contract Tower,0,8,1,0,9,0,0,2,0,2,0,8,3,0,11,0,0,0,11
02/21/2010,LAW,OK,ASW,CE,Federal Contract Tower,0,10,0,0,10,0,0,0,0,0,0,10,0,0,10,0,0,0,10
02/22/2010,LAW,OK,ASW,CE,Federal Contract Tower,2,11,0,9,22,0,0,0,0,0,2,11,0,9,22,0,0,0,22
02/23/2010,LAW,OK,ASW,CE,Federal Contract Tower,0,7,8,88,103,0,0,0,2,2,0,7,8,90,105,0,24,24,129
02/24/2010,LAW,OK,ASW,CE,Federal Contract Tower,0,11,23,91,125,0,0,15,0,15,0,11,38,91,140,0,0,0,140
02/25/2010,LAW,OK,ASW,CE,Federal Contract Tower,1,9,10,40,60,0,0,2,0,2,1,9,12,40,62,0,0,0,62
02/26/2010,LAW,OK,ASW,CE,Federal Contract Tower,1,8,1,32,42,0,0,0,0,0,1,8,1,32,42,0,0,0,42
02/27/2010,LAW,OK,ASW,CE,Federal Contract Tower,0,9,0,16,25,0,0,36,0,36,0,9,36,16,61,10,0,10,71
02/28/2010,LAW,OK,ASW,CE,Federal Contract Tower,0,12,2,0,14,0,0,4,0,4,0,12,6,0,18,0,0,0,18
03/01/2010,LAW,OK,ASW,CE,Federal Contract Tower,0,10,4,50,64,0,0,2,0,2,0,10,6,50,66,0,10,10,76
03/02/2010,LAW,OK,ASW,CE,Federal Contract Tower,0,9,8,106,123,0,0,25,0,25,0,9,33,106,148,10,6,16,164
03/03/2010,LAW,OK,ASW,CE,Federal Contract Tower,5,11,4,113,133,0,0,12,0,12,5,11,16,113,145,22,8,30,175
03/04/2010,LAW,OK,ASW,CE,Federal Contract Tower,0,4,5,74,83,0,0,18,0,18,0,4,23,74,101,0,0,0,101
03/05/2010,LAW,OK,ASW,CE,Federal Contract Tower,1,4,8,34,47,0,0,15,2,17,1,4,23,36,64,15,2,17,81
03/06/2010,LAW,OK,ASW,CE,Federal Contract Tower,0,8,4,0,12,0,0,8,0,8,0,8,12,0,20,10,0,10,30
03/07/2010,LAW,OK,ASW,CE,Federal Contract Tower,0,8,3,2,13,0,0,2,0,2,0,8,5,2,15,0,0,0,15
03/08/2010,LAW,OK,ASW,CE,Federal Contract Tower,2,7,7,2,18,0,0,4,0,4,2,7,11,2,22,10,0,10,32
03/09/2010,LAW,OK,ASW,CE,Federal Contract Tower,0,11,1,19,31,0,0,10,0,10,0,11,11,19,41,0,0,0,41
03/10/2010,LAW,OK,ASW,CE,Federal Contract Tower,1,11,9,15,36,0,0,11,0,11,1,11,20,15,47,0,0,0,47
03/11/2010,LAW,OK,ASW,CE,Federal Contract Tower,0,11,6,92,109,0,0,10,0,10,0,11,16,92,119,0,0,0,119
03/12/2010,LAW,OK,ASW,CE,Federal Contract Tower,0,7,0,76,83,0,0,8,0,8,0,7,8,76,91,0,14,14,105
03/13/2010,LAW,OK,ASW,CE,Federal Contract Tower,0,8,10,3,21,0,0,23,0,23,0,8,33,3,44,14,0,14,58
03/14/2010,LAW,OK,ASW,CE,Federal Contract Tower,1,10,2,11,24,0,0,26,0,26,1,10,28,11,50,12,0,12,62
03/15/2010,LAW,OK,ASW,CE,Federal Contract Tower,5,10,3,67,85,0,0,10,0,10,5,10,13,67,95,0,0,0,95
03/16/2010,LAW,OK,ASW,CE,Federal Contract Tower,0,11,3,55,69,0,0,10,0,10,0,11,13,55,79,0,0,0,79
03/17/2010,LAW,OK,ASW,CE,Federal Contract Tower,0,10,2,74,86,0,0,3,0,3,0,10,5,74,89,12,0,12,101
03/18/2010,LAW,OK,ASW,CE,Federal Contract Tower,0,10,4,70,84,0,0,25,4,29,0,10,29,74,113,0,0,0,113
03/19/2010,LAW,OK,ASW,CE,Federal Contract Tower,0,11,3,62,76,0,0,6,3,9,0,11,9,65,85,10,0,10,95
03/20/2010,LAW,OK,ASW,CE,Federal Contract Tower,6,6,0,4,16,0,0,0,0,0,6,6,0,4,16,0,0,0,16
03/21/2010,LAW,OK,ASW,CE,Federal Contract Tower,5,7,4,24,40,0,0,0,0,0,5,7,4,24,40,0,0,0,40
03/22/2010,LAW,OK,ASW,CE,Federal Contract Tower,2,10,4,106,122,0,0,8,0,8,2,10,12,106,130,0,0,0,130
03/23/2010,LAW,OK,ASW,CE,Federal Contract Tower,0,11,18,84,113,0,0,1,0,1,0,11,19,84,114,0,8,8,122
03/24/2010,LAW,OK,ASW,CE,Federal Contract Tower,0,8,7,102,117,0,0,5,0,5,0,8,12,102,122,0,0,0,122
03/25/2010,LAW,OK,ASW,CE,Federal Contract Tower,0,10,2,30,42,0,0,0,0,0,0,10,2,30,42,0,0,0,42
03/26/2010,LAW,OK,ASW,CE,Federal Contract Tower,0,11,10,18,39,0,0,20,4,24,0,11,30,22,63,0,0,0,63
03/27/2010,LAW,OK,ASW,CE,Federal Contract Tower,1,7,1,0,9,0,0,0,0,0,1,7,1,0,9,0,0,0,9
03/28/2010,LAW,OK,ASW,CE,Federal Contract Tower,0,11,9,4,24,0,0,22,0,22,0,11,31,4,46,0,0,0,46
03/29/2010,LAW,OK,ASW,CE,Federal Contract Tower,2,12,0,76,90,0,0,38,0,38,2,12,38,76,128,0,20,20,148
03/30/2010,LAW,OK,ASW,CE,Federal Contract Tower,2,10,5,39,56,0,0,2,0,2,2,10,7,39,58,0,0,0,58
03/31/2010,LAW,OK,ASW,CE,Federal Contract Tower,0,12,14,56,82,0,0,13,1,14,0,12,27,57,96,10,18,28,124
04/01/2010,LAW,OK,ASW,CE,Federal Contract Tower,0,10,2,48,60,0,0,2,0,2,0,10,4,48,62,0,0,0,62
04/02/2010,LAW,OK,ASW,CE,Federal Contract Tower,0,11,5,36,52,0,0,7,0,7,0,11,12,36,59,0,0,0,59
04/03/2010,LAW,OK,ASW,CE,Federal Contract Tower,0,8,0,0,8,0,0,13,0,13,0,8,13,0,21,30,0,30,51
04/04/2010,LAW,OK,ASW,CE,Federal Contract Tower,0,10,3,0,13,0,0,3,0,3,0,10,6,0,16,0,0,0,16
04/05/2010,LAW,OK,ASW,CE,Federal Contract Tower,0,12,12,164,188,0,0,0,0,0,0,12,12,164,188,0,0,0,188
04/06/2010,LAW,OK,ASW,CE,Federal Contract Tower,0,10,8,80,98,0,0,4,4,8,0,10,12,84,106,0,10,10,116
04/07/2010,LAW,OK,ASW,CE,Federal Contract Tower,0,12,3,150,165,0,0,5,0,5,0,12,8,150,170,0,0,0,170
04/08/2010,LAW,OK,ASW,CE,Federal Contract Tower,2,9,3,68,82,0,0,23,2,25,2,9,26,70,107,6,18,24,131
04/09/2010,LAW,OK,ASW,CE,Federal Contract Tower,0,10,2,66,78,0,0,21,4,25,0,10,23,70,103,0,0,0,103
04/10/2010,LAW,OK,ASW,CE,Federal Contract Tower,4,8,0,0,12,0,0,11,0,11,4,8,11,0,23,10,0,10,33
04/11/2010,LAW,OK,ASW,CE,Federal Contract Tower,0,10,8,18,36,0,0,14,2,16,0,10,22,20,52,0,8,8,60
04/12/2010,LAW,OK,ASW,CE,Federal Contract Tower,1,12,15,128,156,0,0,12,0,12,1,12,27,128,168,0,0,0,168
04/13/2010,LAW,OK,ASW,CE,Federal Contract Tower,0,11,4,124,139,0,0,18,16,34,0,11,22,140,173,0,0,0,173
04/14/2010,LAW,OK,ASW,CE,Federal Contract Tower,0,10,4,98,112,0,0,2,0,2,0,10,6,98,114,0,12,12,126
04/15/2010,LAW,OK,ASW,CE,Federal Contract Tower,0,10,7,107,124,0,0,11,0,11,0,10,18,107,135,0,0,0,135
04/16/2010,LAW,OK,ASW,CE,Federal Contract Tower,0,10,2,86,98,0,0,0,0,0,0,10,2,86,98,0,0,0,98
04/17/2010,LAW,OK,ASW,CE,Federal Contract Tower,0,8,0,0,8,0,0,2,0,2,0,8,2,0,10,10,0,10,20
04/18/2010,LAW,OK,ASW,CE,Federal Contract Tower,0,9,1,0,10,0,0,0,0,0,0,9,1,0,10,0,0,0,10
04/19/2010,LAW,OK,ASW,CE,Federal Contract Tower,1,12,0,109,122,0,0,6,0,6,1,12,6,109,128,0,0,0,128
04/20/2010,LAW,OK,ASW,CE,Federal Contract Tower,0,10,20,114,144,0,0,7,0,7,0,10,27,114,151,10,8,18,169
04/21/2010,LAW,OK,ASW,CE,Federal Contract Tower,0,10,3,50,63,0,0,13,0,13,0,10,16,50,76,10,0,10,86
04/22/2010,LAW,OK,ASW,CE,Federal Contract Tower,0,9,1,104,114,0,0,10,0,10,0,9,11,104,124,0,0,0,124
04/23/2010,LAW,OK,ASW,CE,Federal Contract Tower,0,12,3,68,83,0,0,4,0,4,0,12,7,68,87,0,0,0,87
04/24/2010,LAW,OK,ASW,CE,Federal Contract Tower,0,8,12,4,24,0,0,9,0,9,0,8,21,4,33,0,0,0,33
04/25/2010,LAW,OK,ASW,CE,Federal Contract Tower,0,10,16,0,26,0,0,10,0,10,0,10,26,0,36,0,0,0,36
04/26/2010,LAW,OK,ASW,CE,Federal Contract Tower,1,12,17,66,96,0,0,8,0,8,1,12,25,66,104,0,0,0,104
04/27/2010,LAW,OK,ASW,CE,Federal Contract Tower,0,10,8,58,76,0,0,21,2,23,0,10,29,60,99,0,0,0,99
04/28/2010,LAW,OK,ASW,CE,Federal Contract Tower,0,11,4,37,52,0,0,0,1,1,0,11,4,38,53,0,0,0,53
04/29/2010,LAW,OK,ASW,CE,Federal Contract Tower,0,10,4,28,42,0,0,2,4,6,0,10,6,32,48,0,0,0,48
04/30/2010,LAW,OK,ASW,CE,Federal Contract Tower,0,11,4,11,26,0,0,2,0,2,0,11,6,11,28,0,0,0,28
05/01/2010,LAW,OK,ASW,CE,Federal Contract Tower,0,8,0,0,8,0,0,9,0,9,0,8,9,0,17,0,0,0,17
05/02/2010,LAW,OK,ASW,CE,Federal Contract Tower,0,10,5,6,21,0,0,16,0,16,0,10,21,6,37,0,0,0,37
05/03/2010,LAW,OK,ASW,CE,Federal Contract Tower,2,10,1,44,57,0,0,13,0,13,2,10,14,44,70,0,0,0,70
05/04/2010,LAW,OK,ASW,CE,Federal Contract Tower,0,8,14,30,52,0,0,5,0,5,0,8,19,30,57,0,0,0,57
05/05/2010,LAW,OK,ASW,CE,Federal Contract Tower,0,11,14,48,73,0,0,5,0,5,0,11,19,48,78,0,0,0,78
05/06/2010,LAW,OK,ASW,CE,Federal Contract Tower,0,10,1,52,63,0,0,3,0,3,0,10,4,52,66,0,0,0,66
05/07/2010,LAW,OK,ASW,CE,Federal Contract Tower,0,10,0,79,89,0,0,7,0,7,0,10,7,79,96,0,0,0,96
05/08/2010,LAW,OK,ASW,CE,Federal Contract Tower,2,9,3,0,14,0,0,7,0,7,2,9,10,0,21,10,0,10,31
05/09/2010,LAW,OK,ASW,CE,Federal Contract Tower,0,10,0,0,10,0,0,6,0,6,0,10,6,0,16,0,0,0,16
05/10/2010,LAW,OK,ASW,CE,Federal Contract Tower,3,10,5,44,62,0,0,5,0,5,3,10,10,44,67,0,0,0,67
05/11/2010,LAW,OK,ASW,CE,Federal Contract Tower,1,10,7,66,84,0,0,5,0,5,1,10,12,66,89,0,0,0,89
05/12/2010,LAW,OK,ASW,CE,Federal Contract Tower,0,10,6,50,66,0,0,7,0,7,0,10,13,50,73,0,0,0,73
05/13/2010,LAW,OK,ASW,CE,Federal Contract Tower,1,8,7,30,46,0,0,5,0,5,1,8,12,30,51,0,0,0,51
05/14/2010,LAW,OK,ASW,CE,Federal Contract Tower,3,3,4,0,10,0,0,0,0,0,3,3,4,0,10,0,0,0,10
05/15/2010,LAW,OK,ASW,CE,Federal Contract Tower,2,8,1,0,11,0,0,6,0,6,2,8,7,0,17,10,0,10,27
05/16/2010,LAW,OK,ASW,CE,Federal Contract Tower,0,10,0,0,10,0,0,13,0,13,0,10,13,0,23,14,0,14,37
05/17/2010,LAW,OK,ASW,CE,Federal Contract Tower,3,10,6,72,91,0,0,4,0,4,3,10,10,72,95,0,20,20,115
05/18/2010,LAW,OK,ASW,CE,Federal Contract Tower,2,10,14,74,100,0,0,14,0,14,2,10,28,74,114,0,0,0,114
05/19/2010,LAW,OK,ASW,CE,Federal Contract Tower,0,11,6,62,79,0,0,3,0,3,0,11,9,62,82,0,0,0,82
05/20/2010,LAW,OK,ASW,CE,Federal Contract Tower,0,8,5,76,89,0,0,12,8,20,0,8,17,84,109,4,16,20,129
05/21/2010,LAW,OK,ASW,CE,Federal Contract Tower,0,10,6,72,88,0,0,2,0,2,0,10,8,72,90,0,0,0,90
05/22/2010,LAW,OK,ASW,CE,Federal Contract Tower,2,8,6,0,16,0,0,18,0,18,2,8,24,0,34,0,0,0,34
05/23/2010,LAW,OK,ASW,CE,Federal Contract Tower,0,8,6,2,16,0,0,14,0,14,0,8,20,2,30,0,0,0,30
05/24/2010,LAW,OK,ASW,CE,Federal Contract Tower,2,11,20,114,147,0,0,20,0,20,2,11,40,114,167,0,0,0,167
05/25/2010,LAW,OK,ASW,CE,Federal Contract Tower,1,10,2,70,83,0,0,16,0,16,1,10,18,70,99,0,0,0,99
05/26/2010,LAW,OK,ASW,CE,Federal Contract Tower,0,10,6,94,110,0,0,7,0,7,0,10,13,94,117,6,2,8,125
05/27/2010,LAW,OK,ASW,CE,Federal Contract Tower,0,10,17,118,145,0,0,15,6,21,0,10,32,124,166,12,40,52,218
05/28/2010,LAW,OK,ASW,CE,Federal Contract Tower,0,10,7,28,45,0,0,17,0,17,0,10,24,28,62,0,0,0,62
05/29/2010,LAW,OK,ASW,CE,Federal Contract Tower,0,8,1,0,9,0,0,22,0,22,0,8,23,0,31,0,0,0,31
05/30/2010,LAW,OK,ASW,CE,Federal Contract Tower,0,10,1,0,11,0,0,5,0,5,0,10,6,0,16,0,0,0,16
05/31/2010,LAW,OK,ASW,CE,Federal Contract Tower,1,10,6,0,17,0,0,18,0,18,1,10,24,0,35,0,0,0,35
06/01/2010,LAW,OK,ASW,CE,Federal Contract Tower,0,10,10,27,47,0,0,11,2,13,0,10,21,29,60,0,4,4,64
06/02/2010,LAW,OK,ASW,CE,Federal Contract Tower,0,12,10,2,24,0,0,2,0,2,0,12,12,2,26,10,0,10,36
06/03/2010,LAW,OK,ASW,CE,Federal Contract Tower,0,10,20,26,56,0,0,9,0,9,0,10,29,26,65,10,0,10,75
06/04/2010,LAW,OK,ASW,CE,Federal Contract Tower,0,11,6,52,69,0,0,8,0,8,0,11,14,52,77,14,0,14,91
06/05/2010,LAW,OK,ASW,CE,Federal Contract Tower,0,8,3,0,11,0,0,11,0,11,0,8,14,0,22,10,0,10,32
06/06/2010,LAW,OK,ASW,CE,Federal Contract Tower,0,10,2,2,14,0,0,17,0,17,0,10,19,2,31,0,0,0,31
06/07/2010,LAW,OK,ASW,CE,Federal Contract Tower,0,12,10,54,76,0,0,2,0,2,0,12,12,54,78,0,0,0,78
06/08/2010,LAW,OK,ASW,CE,Federal Contract Tower,0,10,13,66,89,0,0,4,0,4,0,10,17,66,93,0,0,0,93
06/09/2010,LAW,OK,ASW,CE,Federal Contract Tower,4,11,12,47,74,0,0,5,0,5,4,11,17,47,79,0,10,10,89
06/10/2010,LAW,OK,ASW,CE,Federal Contract Tower,0,13,5,74,92,0,0,0,2,2,0,13,5,76,94,0,26,26,120
06/11/2010,LAW,OK,ASW,CE,Federal Contract Tower,0,10,1,26,37,0,0,8,0,8,0,10,9,26,45,0,0,0,45
06/12/2010,LAW,OK,ASW,CE,Federal Contract Tower,0,8,1,0,9,0,0,2,0,2,0,8,3,0,11,0,0,0,11
06/13/2010,LAW,OK,ASW,CE,Federal Contract Tower,0,10,3,6,19,0,0,7,0,7,0,10,10,6,26,0,0,0,26
06/14/2010,LAW,OK,ASW,CE,Federal Contract Tower,1,11,8,8,28,0,0,0,0,0,1,11,8,8,28,0,0,0,28
06/15/2010,LAW,OK,ASW,CE,Federal Contract Tower,0,11,9,54,74,0,0,7,0,7,0,11,16,54,81,0,16,16,97
06/16/2010,LAW,OK,ASW,CE,Federal Contract Tower,0,10,10,50,70,0,0,10,0,10,0,10,20,50,80,6,20,26,106
06/17/2010,LAW,OK,ASW,CE,Federal Contract Tower,0,10,3,40,53,0,0,17,3,20,0,10,20,43,73,0,30,30,103
06/18/2010,LAW,OK,ASW,CE,Federal Contract Tower,0,10,1,32,43,0,0,12,24,36,0,10,13,56,79,10,26,36,115
06/19/2010,LAW,OK,ASW,CE,Federal Contract Tower,0,8,1,0,9,0,0,7,0,7,0,8,8,0,16,0,0,0,16
06/20/2010,LAW,OK,ASW,CE,Federal Contract Tower,0,10,10,16,36,0,0,9,6,15,0,10,19,22,51,0,0,0,51
06/21/2010,LAW,OK,ASW,CE,Federal Contract Tower,1,11,5,66,83,0,0,4,0,4,1,11,9,66,87,0,0,0,87
06/22/2010,LAW,OK,ASW,CE,Federal Contract Tower,3,10,3,55,71,0,0,0,0,0,3,10,3,55,71,0,0,0,71
06/23/2010,LAW,OK,ASW,CE,Federal Contract Tower,0,10,10,60,80,0,0,24,8,32,0,10,34,68,112,0,20,20,132
06/24/2010,LAW,OK,ASW,CE,Federal Contract Tower,0,10,8,46,64,0,0,6,0,6,0,10,14,46,70,0,0,0,70
06/25/2010,LAW,OK,ASW,CE,Federal Contract Tower,0,11,2,6,19,0,0,0,0,0,0,11,2,6,19,0,0,0,19
06/26/2010,LAW,OK,ASW,CE,Federal Contract Tower,0,8,0,0,8,0,0,16,0,16,0,8,16,0,24,0,0,0,24
06/27/2010,LAW,OK,ASW,CE,Federal Contract Tower,0,10,18,6,34,0,0,0,0,0,0,10,18,6,34,0,0,0,34
06/28/2010,LAW,OK,ASW,CE,Federal Contract Tower,2,12,3,76,93,0,0,2,0,2,2,12,5,76,95,0,16,16,111
06/29/2010,LAW,OK,ASW,CE,Federal Contract Tower,2,10,16,106,134,0,0,6,0,6,2,10,22,106,140,0,0,0,140
06/30/2010,LAW,OK,ASW,CE,Federal Contract Tower,2,10,11,101,124,0,0,7,5,12,2,10,18,106,136,0,4,4,140
07/01/2010,LAW,OK,ASW,CE,Federal Contract Tower,0,10,6,103,119,0,0,15,3,18,0,10,21,106,137,0,10,10,147
07/02/2010,LAW,OK,ASW,CE,Federal Contract Tower,0,11,0,0,11,0,0,7,0,7,0,11,7,0,18,0,0,0,18
07/03/2010,LAW,OK,ASW,CE,Federal Contract Tower,6,10,40,0,56,0,0,0,0,0,6,10,40,0,56,0,0,0,56
07/04/2010,LAW,OK,ASW,CE,Federal Contract Tower,0,8,0,0,8,0,0,1,0,1,0,8,1,0,9,0,0,0,9
07/05/2010,LAW,OK,ASW,CE,Federal Contract Tower,0,12,1,0,13,0,0,8,0,8,0,12,9,0,21,0,0,0,21
07/06/2010,LAW,OK,ASW,CE,Federal Contract Tower,0,10,3,78,91,0,0,18,0,18,0,10,21,78,109,0,0,0,109
07/07/2010,LAW,OK,ASW,CE,Federal Contract Tower,0,10,11,126,147,0,0,3,4,7,0,10,14,130,154,0,6,6,160
07/08/2010,LAW,OK,ASW,CE,Federal Contract Tower,0,9,19,130,158,0,0,2,0,2,0,9,21,130,160,0,10,10,170
07/09/2010,LAW,OK,ASW,CE,Federal Contract Tower,0,8,6,2,16,0,0,1,0,1,0,8,7,2,17,0,0,0,17
07/10/2010,LAW,OK,ASW,CE,Federal Contract Tower,0,8,2,0,10,0,0,0,0,0,0,8,2,0,10,0,0,0,10
07/11/2010,LAW,OK,ASW,CE,Federal Contract Tower,0,10,4,0,14,0,0,4,0,4,0,10,8,0,18,0,0,0,18
07/12/2010,LAW,OK,ASW,CE,Federal Contract Tower,0,16,10,106,132,0,0,0,0,0,0,16,10,106,132,0,0,0,132
07/13/2010,LAW,OK,ASW,CE,Federal Contract Tower,0,10,6,122,138,0,0,6,0,6,0,10,12,122,144,0,0,0,144
07/14/2010,LAW,OK,ASW,CE,Federal Contract Tower,0,10,3,148,161,0,0,9,2,11,0,10,12,150,172,0,0,0,172
07/15/2010,LAW,OK,ASW,CE,Federal Contract Tower,3,10,13,127,153,0,0,6,0,6,3,10,19,127,159,0,10,10,169
07/16/2010,LAW,OK,ASW,CE,Federal Contract Tower,0,11,0,64,75,0,0,17,0,17,0,11,17,64,92,0,0,0,92
07/17/2010,LAW,OK,ASW,CE,Federal Contract Tower,0,8,3,0,11,0,0,22,0,22,0,8,25,0,33,10,0,10,43
07/18/2010,LAW,OK,ASW,CE,Federal Contract Tower,0,10,1,3,14,0,0,17,0,17,0,10,18,3,31,0,0,0,31
07/19/2010,LAW,OK,ASW,CE,Federal Contract Tower,0,14,7,83,104,0,0,0,0,0,0,14,7,83,104,0,0,0,104
07/20/2010,LAW,OK,ASW,CE,Federal Contract Tower,1,10,15,62,88,0,0,24,0,24,1,10,39,62,112,0,0,0,112
07/21/2010,LAW,OK,ASW,CE,Federal Contract Tower,0,11,2,88,101,0,0,43,13,56,0,11,45,101,157,8,10,18,175
07/22/2010,LAW,OK,ASW,CE,Federal Contract Tower,0,10,16,68,94,0,0,2,0,2,0,10,18,68,96,0,0,0,96
07/23/2010,LAW,OK,ASW,CE,Federal Contract Tower,0,9,0,0,9,0,0,28,26,54,0,9,28,26,63,0,0,0,63
07/24/2010,LAW,OK,ASW,CE,Federal Contract Tower,0,10,5,0,15,0,0,13,0,13,0,10,18,0,28,14,0,14,42
07/25/2010,LAW,OK,ASW,CE,Federal Contract Tower,0,10,3,2,15,0,0,16,0,16,0,10,19,2,31,0,0,0,31
07/26/2010,LAW,OK,ASW,CE,Federal Contract Tower,1,12,8,60,81,0,0,26,0,26,1,12,34,60,107,0,0,0,107
07/27/2010,LAW,OK,ASW,CE,Federal Contract Tower,0,10,0,48,58,0,0,13,0,13,0,10,13,48,71,0,0,0,71
07/28/2010,LAW,OK,ASW,CE,Federal Contract Tower,0,10,16,22,48,0,0,6,4,10,0,10,22,26,58,0,10,10,68
07/29/2010,LAW,OK,ASW,CE,Federal Contract Tower,0,10,4,31,45,0,0,0,0,0,0,10,4,31,45,0,0,0,45
07/30/2010,LAW,OK,ASW,CE,Federal Contract Tower,2,10,1,34,47,0,0,19,0,19,2,10,20,34,66,0,0,0,66
07/31/2010,LAW,OK,ASW,CE,Federal Contract Tower,1,8,0,0,9,0,0,18,0,18,1,8,18,0,27,10,0,10,37
08/01/2010,LAW,OK,ASW,CE,Federal Contract Tower,0,12,3,4,19,0,0,21,0,21,0,12,24,4,40,0,0,0,40
08/02/2010,LAW,OK,ASW,CE,Federal Contract Tower,1,12,6,66,85,0,0,12,4,16,1,12,18,70,101,0,0,0,101
08/03/2010,LAW,OK,ASW,CE,Federal Contract Tower,0,10,7,72,89,0,0,13,2,15,0,10,20,74,104,0,0,0,104
08/04/2010,LAW,OK,ASW,CE,Federal Contract Tower,0,10,1,98,109,0,0,3,3,6,0,10,4,101,115,0,8,8,123
08/05/2010,LAW,OK,ASW,CE,Federal Contract Tower,0,10,9,94,113,0,0,5,2,7,0,10,14,96,120,10,0,10,130
08/06/2010,LAW,OK,ASW,CE,Federal Contract Tower,0,8,3,8,19,0,0,2,0,2,0,8,5,8,21,0,0,0,21
08/07/2010,LAW,OK,ASW,CE,Federal Contract Tower,0,8,0,0,8,0,0,8,0,8,0,8,8,0,16,0,0,0,16
08/08/2010,LAW,OK,ASW,CE,Federal Contract Tower,0,11,1,0,12,0,0,6,0,6,0,11,7,0,18,0,0,0,18
08/09/2010,LAW,OK,ASW,CE,Federal Contract Tower,2,12,6,124,144,0,0,12,0,12,2,12,18,124,156,0,0,0,156
08/10/2010,LAW,OK,ASW,CE,Federal Contract Tower,0,10,11,100,121,0,0,18,0,18,0,10,29,100,139,0,0,0,139
08/11/2010,LAW,OK,ASW,CE,Federal Contract Tower,0,10,7,86,103,0,0,13,0,13,0,10,20,86,116,0,0,0,116
08/12/2010,LAW,OK,ASW,CE,Federal Contract Tower,2,10,5,60,77,0,0,16,0,16,2,10,21,60,93,0,6,6,99
08/13/2010,LAW,OK,ASW,CE,Federal Contract Tower,0,9,2,64,75,0,0,7,0,7,0,9,9,64,82,0,0,0,82
08/14/2010,LAW,OK,ASW,CE,Federal Contract Tower,0,8,2,0,10,0,0,17,0,17,0,8,19,0,27,0,0,0,27
08/15/2010,LAW,OK,ASW,CE,Federal Contract Tower,0,10,14,10,34,0,0,17,0,17,0,10,31,10,51,0,0,0,51
08/16/2010,LAW,OK,ASW,CE,Federal Contract Tower,1,11,12,72,96,0,0,18,0,18,1,11,30,72,114,0,0,0,114
08/17/2010,LAW,OK,ASW,CE,Federal Contract Tower,0,10,6,71,87,0,0,13,0,13,0,10,19,71,100,0,12,12,112
08/18/2010,LAW,OK,ASW,CE,Federal Contract Tower,2,10,5,108,125,0,0,9,0,9,2,10,14,108,134,0,0,0,134
08/19/2010,LAW,OK,ASW,CE,Federal Contract Tower,0,11,4,84,99,0,0,9,0,9,0,11,13,84,108,0,0,0,108
08/20/2010,LAW,OK,ASW,CE,Federal Contract Tower,0,8,3,100,111,0,0,8,0,8,0,8,11,100,119,0,0,0,119
08/21/2010,LAW,OK,ASW,CE,Federal Contract Tower,0,8,2,2,12,0,0,11,0,11,0,8,13,2,23,0,0,0,23
08/22/2010,LAW,OK,ASW,CE,Federal Contract Tower,0,12,8,2,22,0,0,13,2,15,0,12,21,4,37,0,12,12,49
08/23/2010,LAW,OK,ASW,CE,Federal Contract Tower,4,7,2,149,162,0,0,8,2,10,4,7,10,151,172,10,0,10,182
08/24/2010,LAW,OK,ASW,CE,Federal Contract Tower,1,10,16,90,117,0,0,22,0,22,1,10,38,90,139,6,0,6,145
08/25/2010,LAW,OK,ASW,CE,Federal Contract Tower,0,11,1,80,92,0,0,13,0,13,0,11,14,80,105,0,0,0,105
08/26/2010,LAW,OK,ASW,CE,Federal Contract Tower,0,13,26,70,109,0,0,23,0,23,0,13,49,70,132,16,0,16,148
08/27/2010,LAW,OK,ASW,CE,Federal Contract Tower,0,11,5,108,124,0,0,12,0,12,0,11,17,108,136,0,0,0,136
08/28/2010,LAW,OK,ASW,CE,Federal Contract Tower,0,8,1,0,9,0,0,17,0,17,0,8,18,0,26,17,0,17,43
08/29/2010,LAW,OK,ASW,CE,Federal Contract Tower,0,10,7,7,24,0,0,16,0,16,0,10,23,7,40,0,0,0,40
08/30/2010,LAW,OK,ASW,CE,Federal Contract Tower,5,13,9,64,91,0,0,10,0,10,5,13,19,64,101,0,8,8,109
08/31/2010,LAW,OK,ASW,CE,Federal Contract Tower,0,12,9,86,107,0,0,16,2,18,0,12,25,88,125,0,0,0,125
09/01/2010,LAW,OK,ASW,CE,Federal Contract Tower,0,6,4,86,96,0,0,9,0,9,0,6,13,86,105,6,0,6,111
09/02/2010,LAW,OK,ASW,CE,Federal Contract Tower,0,9,8,156,173,0,0,9,0,9,0,9,17,156,182,10,0,10,192
09/03/2010,LAW,OK,ASW,CE,Federal Contract Tower,2,10,7,112,131,0,0,2,0,2,2,10,9,112,133,0,0,0,133
09/04/2010,LAW,OK,ASW,CE,Federal Contract Tower,0,8,3,8,19,0,0,16,0,16,0,8,19,8,35,6,0,6,41
09/05/2010,LAW,OK,ASW,CE,Federal Contract Tower,0,9,3,0,12,0,0,13,0,13,0,9,16,0,25,0,0,0,25
09/06/2010,LAW,OK,ASW,CE,Federal Contract Tower,1,13,2,10,26,0,0,21,26,47,1,13,23,36,73,0,10,10,83
09/07/2010,LAW,OK,ASW,CE,Federal Contract Tower,0,11,8,80,99,0,0,8,0,8,0,11,16,80,107,0,0,0,107
09/08/2010,LAW,OK,ASW,CE,Federal Contract Tower,0,8,3,54,65,0,0,0,0,0,0,8,3,54,65,0,0,0,65
09/09/2010,LAW,OK,ASW,CE,Federal Contract Tower,0,9,1,64,74,0,0,7,6,13,0,9,8,70,87,0,32,32,119
09/10/2010,LAW,OK,ASW,CE,Federal Contract Tower,0,10,6,22,38,0,0,8,2,10,0,10,14,24,48,0,22,22,70
09/11/2010,LAW,OK,ASW,CE,Federal Contract Tower,0,9,2,0,11,0,0,4,0,4,0,9,6,0,15,0,0,0,15
09/12/2010,LAW,OK,ASW,CE,Federal Contract Tower,0,11,3,11,25,0,0,6,4,10,0,11,9,15,35,0,12,12,47
09/13/2010,LAW,OK,ASW,CE,Federal Contract Tower,1,11,10,64,86,0,0,20,0,20,1,11,30,64,106,0,0,0,106
09/14/2010,LAW,OK,ASW,CE,Federal Contract Tower,0,10,7,84,101,0,0,0,0,0,0,10,7,84,101,0,0,0,101
09/15/2010,LAW,OK,ASW,CE,Federal Contract Tower,0,10,11,161,182,0,0,20,0,20,0,10,31,161,202,0,34,34,236
09/16/2010,LAW,OK,ASW,CE,Federal Contract Tower,0,11,9,95,115,0,0,23,0,23,0,11,32,95,138,0,0,0,138
09/17/2010,LAW,OK,ASW,CE,Federal Contract Tower,0,9,3,72,84,0,0,13,0,13,0,9,16,72,97,0,0,0,97
09/18/2010,LAW,OK,ASW,CE,Federal Contract Tower,0,9,1,2,12,0,0,11,26,37,0,9,12,28,49,0,28,28,77
09/19/2010,LAW,OK,ASW,CE,Federal Contract Tower,0,10,5,4,19,0,0,34,16,50,0,10,39,20,69,0,0,0,69
09/20/2010,LAW,OK,ASW,CE,Federal Contract Tower,6,13,10,111,140,0,0,8,0,8,6,13,18,111,148,0,0,0,148
09/21/2010,LAW,OK,ASW,CE,Federal Contract Tower,0,10,9,110,129,0,0,13,0,13,0,10,22,110,142,0,0,0,142
09/22/2010,LAW,OK,ASW,CE,Federal Contract Tower,2,12,1,137,152,0,0,0,0,0,2,12,1,137,152,0,0,0,152
09/23/2010,LAW,OK,ASW,CE,Federal Contract Tower,1,10,10,115,136,0,0,32,0,32,1,10,42,115,168,10,0,10,178
09/24/2010,LAW,OK,ASW,CE,Federal Contract Tower,0,11,0,136,147,0,0,5,0,5,0,11,5,136,152,0,0,0,152
09/25/2010,LAW,OK,ASW,CE,Federal Contract Tower,0,8,1,0,9,0,0,6,0,6,0,8,7,0,15,0,0,0,15
09/26/2010,LAW,OK,ASW,CE,Federal Contract Tower,0,8,3,0,11,0,0,8,0,8,0,8,11,0,19,0,0,0,19
09/27/2010,LAW,OK,ASW,CE,Federal Contract Tower,2,12,6,156,176,0,0,42,0,42,2,12,48,156,218,6,0,6,224
09/28/2010,LAW,OK,ASW,CE,Federal Contract Tower,3,12,3,170,188,0,0,9,0,9,3,12,12,170,197,0,0,0,197
09/29/2010,LAW,OK,ASW,CE,Federal Contract Tower,2,10,0,136,148,0,0,25,2,27,2,10,25,138,175,14,10,24,199
09/30/2010,LAW,OK,ASW,CE,Federal Contract Tower,0,10,3,80,93,0,0,15,0,15,0,10,18,80,108,0,0,0,108
10/01/2010,LAW,OK,ASW,CE,Federal Contract Tower,0,11,7,49,67,0,0,4,0,4,0,11,11,49,71,0,0,0,71
10/02/2010,LAW,OK,ASW,CE,Federal Contract Tower,0,8,4,6,18,0,0,10,0,10,0,8,14,6,28,0,0,0,28
10/03/2010,LAW,OK,ASW,CE,Federal Contract Tower,0,10,34,0,44,0,0,20,0,20,0,10,54,0,64,0,0,0,64
10/04/2010,LAW,OK,ASW,CE,Federal Contract Tower,1,11,11,96,119,0,0,20,0,20,1,11,31,96,139,0,0,0,139
10/05/2010,LAW,OK,ASW,CE,Federal Contract Tower,0,10,8,99,117,0,0,23,0,23,0,10,31,99,140,12,12,24,164
10/06/2010,LAW,OK,ASW,CE,Federal Contract Tower,0,11,7,46,64,0,0,12,3,15,0,11,19,49,79,0,26,26,105
10/07/2010,LAW,OK,ASW,CE,Federal Contract Tower,0,10,0,54,64,0,0,30,0,30,0,10,30,54,94,0,0,0,94
10/08/2010,LAW,OK,ASW,CE,Federal Contract Tower,0,9,6,56,71,0,0,0,24,24,0,9,6,80,95,0,14,14,109
10/09/2010,LAW,OK,ASW,CE,Federal Contract Tower,0,8,1,0,9,0,0,11,0,11,0,8,12,0,20,0,0,0,20
10/10/2010,LAW,OK,ASW,CE,Federal Contract Tower,0,10,21,0,31,0,0,16,0,16,0,10,37,0,47,0,0,0,47
10/11/2010,LAW,OK,ASW,CE,Federal Contract Tower,3,10,2,0,15,0,0,14,0,14,3,10,16,0,29,0,0,0,29
10/12/2010,LAW,OK,ASW,CE,Federal Contract Tower,0,10,11,38,59,0,0,17,3,20,0,10,28,41,79,0,10,10,89
10/13/2010,LAW,OK,ASW,CE,Federal Contract Tower,0,10,0,89,99,0,0,3,8,11,0,10,3,97,110,0,30,30,140
10/14/2010,LAW,OK,ASW,CE,Federal Contract Tower,0,8,0,97,105,0,0,17,3,20,0,8,17,100,125,10,30,40,165
10/15/2010,LAW,OK,ASW,CE,Federal Contract Tower,0,10,1,52,63,0,0,10,0,10,0,10,11,52,73,0,0,0,73
10/16/2010,LAW,OK,ASW,CE,Federal Contract Tower,1,8,4,0,13,0,0,20,0,20,1,8,24,0,33,16,0,16,49
10/17/2010,LAW,OK,ASW,CE,Federal Contract Tower,0,10,14,0,24,0,0,39,0,39,0,10,53,0,63,16,0,16,79
10/18/2010,LAW,OK,ASW,CE,Federal Contract Tower,5,10,10,108,133,0,0,10,0,10,5,10,20,108,143,0,0,0,143
10/19/2010,LAW,OK,ASW,CE,Federal Contract Tower,0,10,1,66,77,0,0,11,0,11,0,10,12,66,88,0,0,0,88
10/20/2010,LAW,OK,ASW,CE,Federal Contract Tower,0,11,2,78,91,0,0,10,0,10,0,11,12,78,101,0,0,0,101
10/21/2010,LAW,OK,ASW,CE,Federal Contract Tower,2,10,18,94,124,0,0,9,0,9,2,10,27,94,133,0,0,0,133
10/22/2010,LAW,OK,ASW,CE,Federal Contract Tower,0,10,4,34,48,0,0,0,0,0,0,10,4,34,48,0,0,0,48
10/23/2010,LAW,OK,ASW,CE,Federal Contract Tower,0,0,4,0,4,0,0,6,0,6,0,0,10,0,10,0,0,0,10
10/24/2010,LAW,OK,ASW,CE,Federal Contract Tower,1,11,6,30,48,0,0,18,0,18,1,11,24,30,66,0,0,0,66
10/25/2010,LAW,OK,ASW,CE,Federal Contract Tower,1,12,14,40,67,0,0,0,0,0,1,12,14,40,67,0,0,0,67
10/26/2010,LAW,OK,ASW,CE,Federal Contract Tower,0,10,9,68,87,0,0,9,0,9,0,10,18,68,96,0,0,0,96
10/27/2010,LAW,OK,ASW,CE,Federal Contract Tower,0,10,9,88,107,0,0,26,0,26,0,10,35,88,133,0,0,0,133
10/28/2010,LAW,OK,ASW,CE,Federal Contract Tower,2,10,2,52,66,0,0,6,0,6,2,10,8,52,72,10,10,20,92
10/29/2010,LAW,OK,ASW,CE,Federal Contract Tower,0,10,2,44,56,0,0,16,0,16,0,10,18,44,72,0,0,0,72
10/30/2010,LAW,OK,ASW,CE,Federal Contract Tower,0,8,1,0,9,0,0,12,0,12,0,8,13,0,21,0,0,0,21
10/31/2010,LAW,OK,ASW,CE,Federal Contract Tower,0,9,16,21,46,0,0,22,0,22,0,9,38,21,68,0,0,0,68
11/01/2010,LAW,OK,ASW,CE,Federal Contract Tower,4,10,3,116,133,0,0,10,0,10,4,10,13,116,143,0,0,0,143
11/02/2010,LAW,OK,ASW,CE,Federal Contract Tower,1,15,4,122,142,0,0,10,0,10,1,15,14,122,152,10,0,10,162
11/03/2010,LAW,OK,ASW,CE,Federal Contract Tower,0,8,6,62,76,0,0,2,2,4,0,8,8,64,80,0,10,10,90
11/04/2010,LAW,OK,ASW,CE,Federal Contract Tower,0,12,1,86,99,0,0,11,2,13,0,12,12,88,112,0,0,0,112
11/05/2010,LAW,OK,ASW,CE,Federal Contract Tower,0,9,10,82,101,0,0,18,0,18,0,9,28,82,119,0,0,0,119
11/06/2010,LAW,OK,ASW,CE,Federal Contract Tower,0,8,0,0,8,0,0,14,0,14,0,8,14,0,22,0,0,0,22
11/07/2010,LAW,OK,ASW,CE,Federal Contract Tower,0,12,10,0,22,0,0,29,0,29,0,12,39,0,51,0,0,0,51
11/08/2010,LAW,OK,ASW,CE,Federal Contract Tower,4,10,5,126,145,0,0,9,6,15,4,10,14,132,160,0,0,0,160
11/09/2010,LAW,OK,ASW,CE,Federal Contract Tower,0,10,8,158,176,0,0,11,0,11,0,10,19,158,187,0,0,0,187
11/10/2010,LAW,OK,ASW,CE,Federal Contract Tower,0,12,8,106,126,0,0,19,2,21,0,12,27,108,147,0,0,0,147
11/11/2010,LAW,OK,ASW,CE,Federal Contract Tower,0,12,7,12,31,0,0,2,0,2,0,12,9,12,33,10,0,10,43
11/12/2010,LAW,OK,ASW,CE,Federal Contract Tower,0,9,2,54,65,0,0,0,0,0,0,9,2,54,65,0,0,0,65
11/13/2010,LAW,OK,ASW,CE,Federal Contract Tower,0,9,5,0,14,0,0,6,0,6,0,9,11,0,20,0,0,0,20
11/14/2010,LAW,OK,ASW,CE,Federal Contract Tower,0,15,0,3,18,0,0,11,0,11,0,15,11,3,29,0,10,10,39
11/15/2010,LAW,OK,ASW,CE,Federal Contract Tower,3,10,8,157,178,0,0,4,8,12,3,10,12,165,190,0,10,10,200
11/16/2010,LAW,OK,ASW,CE,Federal Contract Tower,0,10,7,84,101,0,0,19,2,21,0,10,26,86,122,10,20,30,152
11/17/2010,LAW,OK,ASW,CE,Federal Contract Tower,0,9,4,80,93,0,0,2,0,2,0,9,6,80,95,0,0,0,95
11/18/2010,LAW,OK,ASW,CE,Federal Contract Tower,0,11,5,68,84,0,0,10,6,16,0,11,15,74,100,0,38,38,138
11/19/2010,LAW,OK,ASW,CE,Federal Contract Tower,0,9,5,54,68,0,0,13,0,13,0,9,18,54,81,0,0,0,81
11/20/2010,LAW,OK,ASW,CE,Federal Contract Tower,0,8,1,0,9,0,0,7,0,7,0,8,8,0,16,10,0,10,26
11/21/2010,LAW,OK,ASW,CE,Federal Contract Tower,0,11,9,34,54,0,0,8,0,8,0,11,17,34,62,0,0,0,62
11/22/2010,LAW,OK,ASW,CE,Federal Contract Tower,4,10,8,74,96,0,0,3,1,4,4,10,11,75,100,0,0,0,100
11/23/2010,LAW,OK,ASW,CE,Federal Contract Tower,0,12,8,76,96,0,0,4,0,4,0,12,12,76,100,0,0,0,100
11/24/2010,LAW,OK,ASW,CE,Federal Contract Tower,0,10,5,20,35,0,0,5,0,5,0,10,10,20,40,0,0,0,40
11/25/2010,LAW,OK,ASW,CE,Federal Contract Tower,0,9,0,0,9,0,0,1,0,1,0,9,1,0,10,0,0,0,10
11/26/2010,LAW,OK,ASW,CE,Federal Contract Tower,0,7,7,0,14,0,0,13,0,13,0,7,20,0,27,0,0,0,27
11/27/2010,LAW,OK,ASW,CE,Federal Contract Tower,0,8,3,2,13,0,0,13,0,13,0,8,16,2,26,0,0,0,26
11/28/2010,LAW,OK,ASW,CE,Federal Contract Tower,0,12,1,0,13,0,0,19,0,19,0,12,20,0,32,0,0,0,32
11/29/2010,LAW,OK,ASW,CE,Federal Contract Tower,1,12,4,137,154,0,0,11,6,17,1,12,15,143,171,0,0,0,171
11/30/2010,LAW,OK,ASW,CE,Federal Contract Tower,0,8,6,111,125,0,0,0,0,0,0,8,6,111,125,0,0,0,125
12/01/2010,LAW,OK,ASW,CE,Federal Contract Tower,0,10,2,116,128,0,0,17,4,21,0,10,19,120,149,0,22,22,171
12/02/2010,LAW,OK,ASW,CE,Federal Contract Tower,0,11,12,112,135,0,0,13,4,17,0,11,25,116,152,10,0,10,162
12/03/2010,LAW,OK,ASW,CE,Federal Contract Tower,2,11,3,50,66,0,0,7,0,7,2,11,10,50,73,0,0,0,73
12/04/2010,LAW,OK,ASW,CE,Federal Contract Tower,0,8,1,0,9,0,0,8,0,8,0,8,9,0,17,0,0,0,17
12/05/2010,LAW,OK,ASW,CE,Federal Contract Tower,0,12,10,10,32,0,0,21,0,21,0,12,31,10,53,36,0,36,89
12/06/2010,LAW,OK,ASW,CE,Federal Contract Tower,5,12,7,128,152,0,0,16,0,16,5,12,23,128,168,10,10,20,188
12/07/2010,LAW,OK,ASW,CE,Federal Contract Tower,0,10,4,62,76,0,0,7,0,7,0,10,11,62,83,0,0,0,83
12/08/2010,LAW,OK,ASW,CE,Federal Contract Tower,0,7,3,124,134,0,0,6,0,6,0,7,9,124,140,0,10,10,150
12/09/2010,LAW,OK,ASW,CE,Federal Contract Tower,0,12,9,106,127,0,0,16,0,16,0,12,25,106,143,0,0,0,143
12/10/2010,LAW,OK,ASW,CE,Federal Contract Tower,0,8,3,81,92,0,0,20,0,20,0,8,23,81,112,0,10,10,122
12/11/2010,LAW,OK,ASW,CE,Federal Contract Tower,0,8,3,4,15,0,0,6,0,6,0,8,9,4,21,0,0,0,21
12/12/2010,LAW,OK,ASW,CE,Federal Contract Tower,0,13,4,22,39,0,0,2,0,2,0,13,6,22,41,0,0,0,41
12/13/2010,LAW,OK,ASW,CE,Federal Contract Tower,2,8,6,115,131,0,0,11,0,11,2,8,17,115,142,0,10,10,152
12/14/2010,LAW,OK,ASW,CE,Federal Contract Tower,1,10,3,117,131,0,0,16,0,16,1,10,19,117,147,10,0,10,157
12/15/2010,LAW,OK,ASW,CE,Federal Contract Tower,0,10,2,96,108,0,0,10,1,11,0,10,12,97,119,0,0,0,119
12/16/2010,LAW,OK,ASW,CE,Federal Contract Tower,1,9,8,121,139,0,0,9,3,12,1,9,17,124,151,0,0,0,151
12/17/2010,LAW,OK,ASW,CE,Federal Contract Tower,0,5,0,129,134,0,0,0,2,2,0,5,0,131,136,0,0,0,136
12/18/2010,LAW,OK,ASW,CE,Federal Contract Tower,2,4,2,0,8,0,0,4,0,4,2,4,6,0,12,0,0,0,12
12/19/2010,LAW,OK,ASW,CE,Federal Contract Tower,0,10,1,0,11,0,0,9,0,9,0,10,10,0,20,14,0,14,34
12/20/2010,LAW,OK,ASW,CE,Federal Contract Tower,2,7,6,96,111,0,0,4,0,4,2,7,10,96,115,0,0,0,115
12/21/2010,LAW,OK,ASW,CE,Federal Contract Tower,0,8,3,78,89,0,0,16,0,16,0,8,19,78,105,6,10,16,121
12/22/2010,LAW,OK,ASW,CE,Federal Contract Tower,2,9,9,88,108,0,0,21,0,21,2,9,30,88,129,10,0,10,139
12/23/2010,LAW,OK,ASW,CE,Federal Contract Tower,1,10,4,0,15,0,0,7,0,7,1,10,11,0,22,0,0,0,22
12/24/2010,LAW,OK,ASW,CE,Federal Contract Tower,0,5,2,0,7,0,0,2,0,2,0,5,4,0,9,0,0,0,9
12/25/2010,LAW,OK,ASW,CE,Federal Contract Tower,0,4,3,0,7,0,0,4,0,4,0,4,7,0,11,0,0,0,11
12/26/2010,LAW,OK,ASW,CE,Federal Contract Tower,1,19,4,0,24,0,0,13,0,13,1,19,17,0,37,0,0,0,37
12/27/2010,LAW,OK,ASW,CE,Federal Contract Tower,0,8,3,0,11,0,0,18,0,18,0,8,21,0,29,0,0,0,29
12/28/2010,LAW,OK,ASW,CE,Federal Contract Tower,1,8,7,0,16,0,0,1,0,1,1,8,8,0,17,0,0,0,17
12/29/2010,LAW,OK,ASW,CE,Federal Contract Tower,0,10,11,0,21,0,0,7,0,7,0,10,18,0,28,20,0,20,48
12/30/2010,LAW,OK,ASW,CE,Federal Contract Tower,0,8,4,0,12,0,0,11,0,11,0,8,15,0,23,10,0,10,33
12/31/2010,LAW,OK,ASW,CE,Federal Contract Tower,0,4,2,0,6,0,0,11,0,11,0,4,13,0,17,0,0,0,17
01/01/2011,LAW,OK,ASW,CE,Federal Contract Tower,0,5,0,0,5,0,0,5,0,5,0,5,5,0,10,0,0,0,10
01/02/2011,LAW,OK,ASW,CE,Federal Contract Tower,0,9,1,0,10,0,0,16,0,16,0,9,17,0,26,10,0,10,36
01/03/2011,LAW,OK,ASW,CE,Federal Contract Tower,0,7,0,0,7,0,0,14,0,14,0,7,14,0,21,10,0,10,31
01/04/2011,LAW,OK,ASW,CE,Federal Contract Tower,0,8,1,68,77,0,0,6,0,6,0,8,7,68,83,0,38,38,121
01/05/2011,LAW,OK,ASW,CE,Federal Contract Tower,0,10,10,134,154,0,0,13,0,13,0,10,23,134,167,10,16,26,193
01/06/2011,LAW,OK,ASW,CE,Federal Contract Tower,0,10,10,88,108,0,0,15,0,15,0,10,25,88,123,0,0,0,123
01/07/2011,LAW,OK,ASW,CE,Federal Contract Tower,0,8,0,68,76,0,0,10,0,10,0,8,10,68,86,10,0,10,96
01/08/2011,LAW,OK,ASW,CE,Federal Contract Tower,0,6,4,0,10,0,0,14,0,14,0,6,18,0,24,0,0,0,24
01/09/2011,LAW,OK,ASW,CE,Federal Contract Tower,0,9,4,0,13,0,0,0,0,0,0,9,4,0,13,0,0,0,13
01/10/2011,LAW,OK,ASW,CE,Federal Contract Tower,0,4,0,0,4,0,0,0,0,0,0,4,0,0,4,0,0,0,4
01/11/2011,LAW,OK,ASW,CE,Federal Contract Tower,0,8,10,88,106,0,0,9,2,11,0,8,19,90,117,0,20,20,137
01/12/2011,LAW,OK,ASW,CE,Federal Contract Tower,0,8,3,85,96,0,0,6,1,7,0,8,9,86,103,0,0,0,103
01/13/2011,LAW,OK,ASW,CE,Federal Contract Tower,0,9,0,86,95,0,0,8,3,11,0,9,8,89,106,0,10,10,116
01/14/2011,LAW,OK,ASW,CE,Federal Contract Tower,0,10,8,32,50,0,0,12,0,12,0,10,20,32,62,10,38,48,110
01/15/2011,LAW,OK,ASW,CE,Federal Contract Tower,0,7,0,0,7,0,0,2,0,2,0,7,2,0,9,0,0,0,9
01/16/2011,LAW,OK,ASW,CE,Federal Contract Tower,0,8,11,0,19,0,0,17,0,17,0,8,28,0,36,10,0,10,46
01/17/2011,LAW,OK,ASW,CE,Federal Contract Tower,0,8,2,2,12,0,0,14,0,14,0,8,16,2,26,0,0,0,26
01/18/2011,LAW,OK,ASW,CE,Federal Contract Tower,0,8,2,36,46,0,0,9,0,9,0,8,11,36,55,0,0,0,55
01/19/2011,LAW,OK,ASW,CE,Federal Contract Tower,0,9,1,87,97,0,0,19,3,22,0,9,20,90,119,8,32,40,159
01/20/2011,LAW,OK,ASW,CE,Federal Contract Tower,0,9,4,0,13,0,0,2,0,2,0,9,6,0,15,0,0,0,15
01/21/2011,LAW,OK,ASW,CE,Federal Contract Tower,2,7,0,33,42,0,0,7,0,7,2,7,7,33,49,4,0,4,53
01/22/2011,LAW,OK,ASW,CE,Federal Contract Tower,0,6,0,0,6,0,0,12,0,12,0,6,12,0,18,0,0,0,18
01/23/2011,LAW,OK,ASW,CE,Federal Contract Tower,0,9,4,0,13,0,0,12,0,12,0,9,16,0,25,0,0,0,25
01/24/2011,LAW,OK,ASW,CE,Federal Contract Tower,3,9,6,34,52,0,0,7,3,10,3,9,13,37,62,26,2,28,90
01/25/2011,LAW,OK,ASW,CE,Federal Contract Tower,0,8,1,37,46,0,0,5,0,5,0,8,6,37,51,0,12,12,63
01/26/2011,LAW,OK,ASW,CE,Federal Contract Tower,0,9,3,79,91,0,0,6,8,14,0,9,9,87,105,8,28,36,141
01/27/2011,LAW,OK,ASW,CE,Federal Contract Tower,0,8,2,54,64,0,0,13,1,14,0,8,15,55,78,34,0,34,112
01/28/2011,LAW,OK,ASW,CE,Federal Contract Tower,0,7,1,73,81,0,0,27,0,27,0,7,28,73,108,0,0,0,108
01/29/2011,LAW,OK,ASW,CE,Federal Contract Tower,0,6,0,0,6,0,0,12,0,12,0,6,12,0,18,0,0,0,18
01/30/2011,LAW,OK,ASW,CE,Federal Contract Tower,0,11,6,8,25,0,0,0,0,0,0,11,6,8,25,0,0,0,25
01/31/2011,LAW,OK,ASW,CE,Federal Contract Tower,0,6,5,45,56,0,0,0,0,0,0,6,5,45,56,2,0,2,58
02/01/2011,LAW,OK,ASW,CE,Federal Contract Tower,0,0,0,0,0,0,0,0,0,0,0,0,0,0,0,0,0,0,0
02/02/2011,LAW,OK,ASW,CE,Federal Contract Tower,0,0,0,0,0,0,0,3,0,3,0,0,3,0,3,0,0,0,3
02/03/2011,LAW,OK,ASW,CE,Federal Contract Tower,0,6,1,0,7,0,0,5,0,5,0,6,6,0,12,0,0,0,12
02/04/2011,LAW,OK,ASW,CE,Federal Contract Tower,0,6,2,2,10,0,0,0,0,0,0,6,2,2,10,0,0,0,10
02/05/2011,LAW,OK,ASW,CE,Federal Contract Tower,0,6,7,2,15,0,0,10,0,10,0,6,17,2,25,0,0,0,25
02/06/2011,LAW,OK,ASW,CE,Federal Contract Tower,0,10,0,0,10,0,0,1,0,1,0,10,1,0,11,0,0,0,11
02/07/2011,LAW,OK,ASW,CE,Federal Contract Tower,0,8,0,28,36,0,0,10,22,32,0,8,10,50,68,12,0,12,80
02/08/2011,LAW,OK,ASW,CE,Federal Contract Tower,0,8,0,37,45,0,0,2,0,2,0,8,2,37,47,0,8,8,55
02/09/2011,LAW,OK,ASW,CE,Federal Contract Tower,0,0,0,0,0,0,0,2,0,2,0,0,2,0,2,0,0,0,2
02/10/2011,LAW,OK,ASW,CE,Federal Contract Tower,0,9,0,0,9,0,0,7,0,7,0,9,7,0,16,10,0,10,26
02/11/2011,LAW,OK,ASW,CE,Federal Contract Tower,0,6,0,21,27,0,0,10,0,10,0,6,10,21,37,0,0,0,37
02/12/2011,LAW,OK,ASW,CE,Federal Contract Tower,0,6,2,10,18,0,0,20,0,20,0,6,22,10,38,0,0,0,38
02/13/2011,LAW,OK,ASW,CE,Federal Contract Tower,0,7,2,19,28,0,0,16,9,25,0,7,18,28,53,14,8,22,75
02/14/2011,LAW,OK,ASW,CE,Federal Contract Tower,0,7,1,35,43,0,0,13,0,13,0,7,14,35,56,0,0,0,56
02/15/2011,LAW,OK,ASW,CE,Federal Contract Tower,0,6,50,50,106,0,0,20,2,22,0,6,70,52,128,0,16,16,144
02/16/2011,LAW,OK,ASW,CE,Federal Contract Tower,0,6,5,34,45,0,0,12,0,12,0,6,17,34,57,8,0,8,65
02/17/2011,LAW,OK,ASW,CE,Federal Contract Tower,0,8,3,45,56,0,0,11,0,11,0,8,14,45,67,0,0,0,67
02/18/2011,LAW,OK,ASW,CE,Federal Contract Tower,0,8,2,44,54,0,0,10,0,10,0,8,12,44,64,0,26,26,90
02/19/2011,LAW,OK,ASW,CE,Federal Contract Tower,0,6,4,0,10,0,0,10,0,10,0,6,14,0,20,10,0,10,30
02/20/2011,LAW,OK,ASW,CE,Federal Contract Tower,0,6,1,0,7,0,0,3,0,3,0,6,4,0,10,4,0,4,14
02/21/2011,LAW,OK,ASW,CE,Federal Contract Tower,0,6,1,3,10,0,0,4,8,12,0,6,5,11,22,0,12,12,34
02/22/2011,LAW,OK,ASW,CE,Federal Contract Tower,0,7,7,52,66,0,0,15,0,15,0,7,22,52,81,12,0,12,93
02/23/2011,LAW,OK,ASW,CE,Federal Contract Tower,0,8,13,142,163,0,0,5,2,7,0,8,18,144,170,0,0,0,170
02/24/2011,LAW,OK,ASW,CE,Federal Contract Tower,0,7,6,58,71,0,0,5,4,9,0,7,11,62,80,0,0,0,80
02/25/2011,LAW,OK,ASW,CE,Federal Contract Tower,0,7,13,82,102,0,0,10,2,12,0,7,23,84,114,6,0,6,120
02/26/2011,LAW,OK,ASW,CE,Federal Contract Tower,0,6,3,0,9,0,0,10,0,10,0,6,13,0,19,0,0,0,19
02/27/2011,LAW,OK,ASW,CE,Federal Contract Tower,0,7,1,0,8,0,0,1,2,3,0,7,2,2,11,0,4,4,15
02/28/2011,LAW,OK,ASW,CE,Federal Contract Tower,0,5,3,106,114,0,0,15,0,15,0,5,18,106,129,0,2,2,131
03/01/2011,LAW,OK,ASW,CE,Federal Contract Tower,0,8,4,66,78,0,0,28,10,38,0,8,32,76,116,2,0,2,118
03/02/2011,LAW,OK,ASW,CE,Federal Contract Tower,0,8,1,48,57,0,0,18,5,23,0,8,19,53,80,0,0,0,80
03/03/2011,LAW,OK,ASW,CE,Federal Contract Tower,0,8,2,28,38,0,0,7,3,10,0,8,9,31,48,0,6,6,54
03/04/2011,LAW,OK,ASW,CE,Federal Contract Tower,0,7,3,44,54,0,0,16,5,21,0,7,19,49,75,0,20,20,95
03/05/2011,LAW,OK,ASW,CE,Federal Contract Tower,0,6,2,0,8,0,0,12,0,12,0,6,14,0,20,10,0,10,30
03/06/2011,LAW,OK,ASW,CE,Federal Contract Tower,0,6,1,0,7,0,0,33,0,33,0,6,34,0,40,0,0,0,40
03/07/2011,LAW,OK,ASW,CE,Federal Contract Tower,0,7,2,31,40,0,0,4,4,8,0,7,6,35,48,0,0,0,48
03/08/2011,LAW,OK,ASW,CE,Federal Contract Tower,0,6,3,87,96,0,0,6,0,6,0,6,9,87,102,4,2,6,108
03/09/2011,LAW,OK,ASW,CE,Federal Contract Tower,0,8,3,72,83,0,0,10,6,16,0,8,13,78,99,22,0,22,121
03/10/2011,LAW,OK,ASW,CE,Federal Contract Tower,0,8,6,79,93,0,0,17,4,21,0,8,23,83,114,14,14,28,142
03/11/2011,LAW,OK,ASW,CE,Federal Contract Tower,0,5,2,58,65,0,0,4,0,4,0,5,6,58,69,0,0,0,69
03/12/2011,LAW,OK,ASW,CE,Federal Contract Tower,0,6,4,2,12,0,0,13,0,13,0,6,17,2,25,0,0,0,25
03/13/2011,LAW,OK,ASW,CE,Federal Contract Tower,0,7,3,0,10,0,0,5,0,5,0,7,8,0,15,0,0,0,15
03/14/2011,LAW,OK,ASW,CE,Federal Contract Tower,2,7,2,26,37,0,0,5,0,5,2,7,7,26,42,8,0,8,50
03/15/2011,LAW,OK,ASW,CE,Federal Contract Tower,0,8,16,40,64,0,0,13,0,13,0,8,29,40,77,8,0,8,85
03/16/2011,LAW,OK,ASW,CE,Federal Contract Tower,0,8,1,51,60,0,0,19,2,21,0,8,20,53,81,4,0,4,85
03/17/2011,LAW,OK,ASW,CE,Federal Contract Tower,2,8,11,60,81,0,0,10,0,10,2,8,21,60,91,8,4,12,103
03/18/2011,LAW,OK,ASW,CE,Federal Contract Tower,0,7,0,36,43,0,0,18,0,18,0,7,18,36,61,6,0,6,67
03/19/2011,LAW,OK,ASW,CE,Federal Contract Tower,0,6,17,0,23,0,0,20,6,26,0,6,37,6,49,0,0,0,49
03/20/2011,LAW,OK,ASW,CE,Federal Contract Tower,0,7,0,0,7,0,0,8,0,8,0,7,8,0,15,2,0,2,17
03/21/2011,LAW,OK,ASW,CE,Federal Contract Tower,0,7,4,34,45,0,0,4,0,4,0,7,8,34,49,8,0,8,57
03/22/2011,LAW,OK,ASW,CE,Federal Contract Tower,0,7,3,10,20,0,0,2,0,2,0,7,5,10,22,0,0,0,22
03/23/2011,LAW,OK,ASW,CE,Federal Contract Tower,0,8,9,30,47,0,0,12,0,12,0,8,21,30,59,0,0,0,59
03/24/2011,LAW,OK,ASW,CE,Federal Contract Tower,0,8,4,41,53,0,0,12,1,13,0,8,16,42,66,18,0,18,84
03/25/2011,LAW,OK,ASW,CE,Federal Contract Tower,0,7,10,46,63,0,0,9,4,13,0,7,19,50,76,0,0,0,76
03/26/2011,LAW,OK,ASW,CE,Federal Contract Tower,0,6,2,2,10,0,0,19,0,19,0,6,21,2,29,0,0,0,29
03/27/2011,LAW,OK,ASW,CE,Federal Contract Tower,0,7,7,7,21,0,0,2,0,2,0,7,9,7,23,12,0,12,35
03/28/2011,LAW,OK,ASW,CE,Federal Contract Tower,0,7,3,63,73,0,0,6,1,7,0,7,9,64,80,2,2,4,84
03/29/2011,LAW,OK,ASW,CE,Federal Contract Tower,0,7,3,36,46,0,0,1,0,1,0,7,4,36,47,0,0,0,47
03/30/2011,LAW,OK,ASW,CE,Federal Contract Tower,0,8,19,137,164,0,0,10,0,10,0,8,29,137,174,6,0,6,180
03/31/2011,LAW,OK,ASW,CE,Federal Contract Tower,0,8,7,88,103,0,0,14,0,14,0,8,21,88,117,10,0,10,127
04/01/2011,LAW,OK,ASW,CE,Federal Contract Tower,0,7,7,138,152,0,0,18,4,22,0,7,25,142,174,0,0,0,174
04/02/2011,LAW,OK,ASW,CE,Federal Contract Tower,0,6,4,0,10,0,0,24,0,24,0,6,28,0,34,0,0,0,34
04/03/2011,LAW,OK,ASW,CE,Federal Contract Tower,0,6,5,2,13,0,0,4,40,44,0,6,9,42,57,0,0,0,57
04/04/2011,LAW,OK,ASW,CE,Federal Contract Tower,1,7,1,76,85,0,0,0,0,0,1,7,1,76,85,0,0,0,85
04/05/2011,LAW,OK,ASW,CE,Federal Contract Tower,0,8,14,35,57,0,0,11,5,16,0,8,25,40,73,0,0,0,73
04/06/2011,LAW,OK,ASW,CE,Federal Contract Tower,0,9,7,56,72,0,0,16,4,20,0,9,23,60,92,0,0,0,92
04/07/2011,LAW,OK,ASW,CE,Federal Contract Tower,0,9,2,94,105,0,0,8,2,10,0,9,10,96,115,0,0,0,115
04/08/2011,LAW,OK,ASW,CE,Federal Contract Tower,0,7,9,58,74,0,0,18,0,18,0,7,27,58,92,14,0,14,106
04/09/2011,LAW,OK,ASW,CE,Federal Contract Tower,0,6,5,0,11,0,0,21,0,21,0,6,26,0,32,0,0,0,32
04/10/2011,LAW,OK,ASW,CE,Federal Contract Tower,0,8,0,0,8,0,0,5,0,5,0,8,5,0,13,0,0,0,13
04/11/2011,LAW,OK,ASW,CE,Federal Contract Tower,0,5,2,62,69,0,0,8,0,8,0,5,10,62,77,0,2,2,79
04/12/2011,LAW,OK,ASW,CE,Federal Contract Tower,0,7,4,92,103,0,0,15,0,15,0,7,19,92,118,0,0,0,118
04/13/2011,LAW,OK,ASW,CE,Federal Contract Tower,2,8,3,54,67,0,0,12,6,18,2,8,15,60,85,0,0,0,85
04/14/2011,LAW,OK,ASW,CE,Federal Contract Tower,0,10,18,22,50,0,0,19,6,25,0,10,37,28,75,0,10,10,85
04/15/2011,LAW,OK,ASW,CE,Federal Contract Tower,0,4,1,2,7,0,0,0,0,0,0,4,1,2,7,0,0,0,7
04/16/2011,LAW,OK,ASW,CE,Federal Contract Tower,0,6,1,0,7,0,0,41,0,41,0,6,42,0,48,0,0,0,48
04/17/2011,LAW,OK,ASW,CE,Federal Contract Tower,0,6,1,0,7,0,0,22,0,22,0,6,23,0,29,0,0,0,29
04/18/2011,LAW,OK,ASW,CE,Federal Contract Tower,0,8,6,114,128,0,0,5,2,7,0,8,11,116,135,0,0,0,135
04/19/2011,LAW,OK,ASW,CE,Federal Contract Tower,2,7,3,64,76,0,0,3,6,9,2,7,6,70,85,0,0,0,85
04/20/2011,LAW,OK,ASW,CE,Federal Contract Tower,1,9,7,78,95,0,0,10,1,11,1,9,17,79,106,0,0,0,106
04/21/2011,LAW,OK,ASW,CE,Federal Contract Tower,0,6,5,72,83,0,0,0,0,0,0,6,5,72,83,0,0,0,83
04/22/2011,LAW,OK,ASW,CE,Federal Contract Tower,0,9,0,86,95,0,0,4,0,4,0,9,4,86,99,0,0,0,99
04/23/2011,LAW,OK,ASW,CE,Federal Contract Tower,0,7,8,0,15,0,0,0,0,0,0,7,8,0,15,0,0,0,15
04/24/2011,LAW,OK,ASW,CE,Federal Contract Tower,0,7,3,0,10,0,0,0,0,0,0,7,3,0,10,0,0,0,10
04/25/2011,LAW,OK,ASW,CE,Federal Contract Tower,0,6,0,52,58,0,0,4,0,4,0,6,4,52,62,0,10,10,72
04/26/2011,LAW,OK,ASW,CE,Federal Contract Tower,2,6,0,127,135,0,0,7,16,23,2,6,7,143,158,0,0,0,158
04/27/2011,LAW,OK,ASW,CE,Federal Contract Tower,2,8,5,185,200,0,0,1,2,3,2,8,6,187,203,0,0,0,203
04/28/2011,LAW,OK,ASW,CE,Federal Contract Tower,0,8,16,115,139,0,0,25,0,25,0,8,41,115,164,10,0,10,174
04/29/2011,LAW,OK,ASW,CE,Federal Contract Tower,1,8,1,38,48,0,0,11,0,11,1,8,12,38,59,0,0,0,59
04/30/2011,LAW,OK,ASW,CE,Federal Contract Tower,0,7,4,0,11,0,0,19,0,19,0,7,23,0,30,10,0,10,40
05/01/2011,LAW,OK,ASW,CE,Federal Contract Tower,2,4,1,0,7,0,0,0,0,0,2,4,1,0,7,0,0,0,7
05/02/2011,LAW,OK,ASW,CE,Federal Contract Tower,0,6,0,52,58,0,0,6,0,6,0,6,6,52,64,0,0,0,64
05/03/2011,LAW,OK,ASW,CE,Federal Contract Tower,2,8,10,40,60,0,0,16,0,16,2,8,26,40,76,2,0,2,78
05/04/2011,LAW,OK,ASW,CE,Federal Contract Tower,0,8,6,26,40,0,0,4,0,4,0,8,10,26,44,0,0,0,44
05/05/2011,LAW,OK,ASW,CE,Federal Contract Tower,0,8,2,32,42,0,0,12,3,15,0,8,14,35,57,0,0,0,57
05/06/2011,LAW,OK,ASW,CE,Federal Contract Tower,0,7,5,2,14,0,0,7,0,7,0,7,12,2,21,0,0,0,21
05/07/2011,LAW,OK,ASW,CE,Federal Contract Tower,3,6,3,0,12,0,0,14,0,14,3,6,17,0,26,0,0,0,26
05/08/2011,LAW,OK,ASW,CE,Federal Contract Tower,0,8,4,2,14,0,0,3,0,3,0,8,7,2,17,0,0,0,17
05/09/2011,LAW,OK,ASW,CE,Federal Contract Tower,0,8,3,17,28,0,0,7,4,11,0,8,10,21,39,6,0,6,45
05/10/2011,LAW,OK,ASW,CE,Federal Contract Tower,2,8,13,86,109,0,0,6,4,10,2,8,19,90,119,0,0,0,119
05/11/2011,LAW,OK,ASW,CE,Federal Contract Tower,1,4,2,32,39,0,0,6,0,6,1,4,8,32,45,0,0,0,45
05/12/2011,LAW,OK,ASW,CE,Federal Contract Tower,0,7,7,62,76,0,0,8,0,8,0,7,15,62,84,20,0,20,104
05/13/2011,LAW,OK,ASW,CE,Federal Contract Tower,2,7,4,42,55,0,0,10,0,10,2,7,14,42,65,0,0,0,65
05/14/2011,LAW,OK,ASW,CE,Federal Contract Tower,0,6,1,0,7,0,0,9,0,9,0,6,10,0,16,0,0,0,16
05/15/2011,LAW,OK,ASW,CE,Federal Contract Tower,3,5,0,0,8,0,0,17,0,17,3,5,17,0,25,0,0,0,25
05/16/2011,LAW,OK,ASW,CE,Federal Contract Tower,0,7,2,70,79,0,0,8,0,8,0,7,10,70,87,0,0,0,87
05/17/2011,LAW,OK,ASW,CE,Federal Contract Tower,2,8,5,86,101,0,0,9,0,9,2,8,14,86,110,4,0,4,114
05/18/2011,LAW,OK,ASW,CE,Federal Contract Tower,0,8,2,80,90,0,0,4,4,8,0,8,6,84,98,0,0,0,98
05/19/2011,LAW,OK,ASW,CE,Federal Contract Tower,0,9,4,78,91,0,0,10,6,16,0,9,14,84,107,0,8,8,115
05/20/2011,LAW,OK,ASW,CE,Federal Contract Tower,0,2,2,40,44,0,0,1,0,1,0,2,3,40,45,0,0,0,45
05/21/2011,LAW,OK,ASW,CE,Federal Contract Tower,0,8,4,0,12,0,0,13,0,13,0,8,17,0,25,10,0,10,35
05/22/2011,LAW,OK,ASW,CE,Federal Contract Tower,0,6,1,10,17,0,0,8,0,8,0,6,9,10,25,0,0,0,25
05/23/2011,LAW,OK,ASW,CE,Federal Contract Tower,0,7,0,80,87,0,0,9,0,9,0,7,9,80,96,0,0,0,96
05/24/2011,LAW,OK,ASW,CE,Federal Contract Tower,2,6,2,70,80,0,0,1,0,1,2,6,3,70,81,0,0,0,81
05/25/2011,LAW,OK,ASW,CE,Federal Contract Tower,1,10,4,94,109,0,0,7,3,10,1,10,11,97,119,0,6,6,125
05/26/2011,LAW,OK,ASW,CE,Federal Contract Tower,1,8,12,117,138,0,0,19,9,28,1,8,31,126,166,20,16,36,202
05/27/2011,LAW,OK,ASW,CE,Federal Contract Tower,0,8,5,51,64,0,0,12,2,14,0,8,17,53,78,10,0,10,88
05/28/2011,LAW,OK,ASW,CE,Federal Contract Tower,0,6,9,0,15,0,0,13,0,13,0,6,22,0,28,0,0,0,28
05/29/2011,LAW,OK,ASW,CE,Federal Contract Tower,0,5,0,0,5,0,0,0,0,0,0,5,0,0,5,0,0,0,5
05/30/2011,LAW,OK,ASW,CE,Federal Contract Tower,1,8,3,12,24,0,0,2,0,2,1,8,5,12,26,0,0,0,26
05/31/2011,LAW,OK,ASW,CE,Federal Contract Tower,2,8,4,96,110,0,0,9,2,11,2,8,13,98,121,0,0,0,121
06/01/2011,LAW,OK,ASW,CE,Federal Contract Tower,0,8,7,119,134,0,0,4,4,8,0,8,11,123,142,0,30,30,172
06/02/2011,LAW,OK,ASW,CE,Federal Contract Tower,0,8,3,84,95,0,0,3,2,5,0,8,6,86,100,0,10,10,110
06/03/2011,LAW,OK,ASW,CE,Federal Contract Tower,0,7,4,98,109,0,0,10,5,15,0,7,14,103,124,0,10,10,134
06/04/2011,LAW,OK,ASW,CE,Federal Contract Tower,0,6,1,0,7,0,0,11,0,11,0,6,12,0,18,0,0,0,18
06/05/2011,LAW,OK,ASW,CE,Federal Contract Tower,3,9,0,28,40,0,0,17,0,17,3,9,17,28,57,0,0,0,57
06/06/2011,LAW,OK,ASW,CE,Federal Contract Tower,1,8,1,89,99,0,0,4,2,6,1,8,5,91,105,0,20,20,125
06/07/2011,LAW,OK,ASW,CE,Federal Contract Tower,2,9,3,91,105,0,0,4,6,10,2,9,7,97,115,0,10,10,125
06/08/2011,LAW,OK,ASW,CE,Federal Contract Tower,2,10,2,63,77,0,0,0,3,3,2,10,2,66,80,0,10,10,90
06/09/2011,LAW,OK,ASW,CE,Federal Contract Tower,2,9,10,88,109,0,0,12,0,12,2,9,22,88,121,10,0,10,131
06/10/2011,LAW,OK,ASW,CE,Federal Contract Tower,0,8,0,76,84,0,0,6,0,6,0,8,6,76,90,0,0,0,90
06/11/2011,LAW,OK,ASW,CE,Federal Contract Tower,0,6,2,0,8,0,0,10,0,10,0,6,12,0,18,0,0,0,18
06/12/2011,LAW,OK,ASW,CE,Federal Contract Tower,1,6,1,16,24,0,0,6,6,12,1,6,7,22,36,0,12,12,48
06/13/2011,LAW,OK,ASW,CE,Federal Contract Tower,0,7,1,80,88,0,0,4,0,4,0,7,5,80,92,0,0,0,92
06/14/2011,LAW,OK,ASW,CE,Federal Contract Tower,4,7,2,38,51,0,0,8,2,10,4,7,10,40,61,0,0,0,61
06/15/2011,LAW,OK,ASW,CE,Federal Contract Tower,0,8,7,95,110,0,0,6,1,7,0,8,13,96,117,24,0,24,141
06/16/2011,LAW,OK,ASW,CE,Federal Contract Tower,1,8,3,72,84,0,0,7,0,7,1,8,10,72,91,0,0,0,91
06/17/2011,LAW,OK,ASW,CE,Federal Contract Tower,0,9,4,66,79,0,0,7,7,14,0,9,11,73,93,0,0,0,93
06/18/2011,LAW,OK,ASW,CE,Federal Contract Tower,0,5,0,0,5,0,0,5,0,5,0,5,5,0,10,0,0,0,10
06/19/2011,LAW,OK,ASW,CE,Federal Contract Tower,0,8,1,0,9,0,0,4,4,8,0,8,5,4,17,0,0,0,17
06/20/2011,LAW,OK,ASW,CE,Federal Contract Tower,1,7,0,38,46,0,0,2,0,2,1,7,2,38,48,0,0,0,48
06/21/2011,LAW,OK,ASW,CE,Federal Contract Tower,2,8,2,58,70,0,0,10,1,11,2,8,12,59,81,0,6,6,87
06/22/2011,LAW,OK,ASW,CE,Federal Contract Tower,2,7,5,44,58,0,0,8,0,8,2,7,13,44,66,24,0,24,90
06/23/2011,LAW,OK,ASW,CE,Federal Contract Tower,0,10,3,24,37,0,0,10,0,10,0,10,13,24,47,0,0,0,47
06/24/2011,LAW,OK,ASW,CE,Federal Contract Tower,0,8,9,38,55,0,0,28,4,32,0,8,37,42,87,0,0,0,87
06/25/2011,LAW,OK,ASW,CE,Federal Contract Tower,0,6,3,3,12,0,0,10,0,10,0,6,13,3,22,0,0,0,22
06/26/2011,LAW,OK,ASW,CE,Federal Contract Tower,1,7,2,3,13,0,0,9,2,11,1,7,11,5,24,0,0,0,24
06/27/2011,LAW,OK,ASW,CE,Federal Contract Tower,0,8,0,53,61,0,0,0,5,5,0,8,0,58,66,0,0,0,66
06/28/2011,LAW,OK,ASW,CE,Federal Contract Tower,2,6,5,95,108,0,0,4,0,4,2,6,9,95,112,0,0,0,112
06/29/2011,LAW,OK,ASW,CE,Federal Contract Tower,0,8,0,111,119,0,0,2,6,8,0,8,2,117,127,0,10,10,137
06/30/2011,LAW,OK,ASW,CE,Federal Contract Tower,0,10,13,70,93,0,0,15,0,15,0,10,28,70,108,10,0,10,118
07/01/2011,LAW,OK,ASW,CE,Federal Contract Tower,0,6,0,0,6,0,0,4,0,4,0,6,4,0,10,0,0,0,10
07/02/2011,LAW,OK,ASW,CE,Federal Contract Tower,0,4,2,0,6,0,0,2,0,2,0,4,4,0,8,0,0,0,8
07/03/2011,LAW,OK,ASW,CE,Federal Contract Tower,0,5,1,2,8,0,0,14,0,14,0,5,15,2,22,0,0,0,22
07/04/2011,LAW,OK,ASW,CE,Federal Contract Tower,0,7,2,0,9,0,0,14,0,14,0,7,16,0,23,0,0,0,23
07/05/2011,LAW,OK,ASW,CE,Federal Contract Tower,2,7,2,90,101,0,0,10,0,10,2,7,12,90,111,0,0,0,111
07/06/2011,LAW,OK,ASW,CE,Federal Contract Tower,2,9,1,116,128,0,0,6,0,6,2,9,7,116,134,10,0,10,144
07/07/2011,LAW,OK,ASW,CE,Federal Contract Tower,0,8,8,122,138,0,0,10,1,11,0,8,18,123,149,0,0,0,149
07/08/2011,LAW,OK,ASW,CE,Federal Contract Tower,2,8,2,64,76,0,0,15,0,15,2,8,17,64,91,0,0,0,91
07/09/2011,LAW,OK,ASW,CE,Federal Contract Tower,0,6,2,0,8,0,0,14,0,14,0,6,16,0,22,10,0,10,32
07/10/2011,LAW,OK,ASW,CE,Federal Contract Tower,1,7,1,6,15,0,0,5,0,5,1,7,6,6,20,0,2,2,22
07/11/2011,LAW,OK,ASW,CE,Federal Contract Tower,2,8,2,60,72,0,0,9,2,11,2,8,11,62,83,0,0,0,83
07/12/2011,LAW,OK,ASW,CE,Federal Contract Tower,2,7,3,88,100,0,0,4,2,6,2,7,7,90,106,0,0,0,106
07/13/2011,LAW,OK,ASW,CE,Federal Contract Tower,0,9,4,92,105,0,0,20,2,22,0,9,24,94,127,10,2,12,139
07/14/2011,LAW,OK,ASW,CE,Federal Contract Tower,0,8,3,84,95,0,0,6,5,11,0,8,9,89,106,0,12,12,118
07/15/2011,LAW,OK,ASW,CE,Federal Contract Tower,0,9,4,58,71,0,0,7,0,7,0,9,11,58,78,0,10,10,88
07/16/2011,LAW,OK,ASW,CE,Federal Contract Tower,0,8,7,0,15,0,0,3,0,3,0,8,10,0,18,0,0,0,18
07/17/2011,LAW,OK,ASW,CE,Federal Contract Tower,0,6,2,6,14,0,0,14,0,14,0,6,16,6,28,0,0,0,28
07/18/2011,LAW,OK,ASW,CE,Federal Contract Tower,0,8,0,43,51,0,0,0,0,0,0,8,0,43,51,0,0,0,51
07/19/2011,LAW,OK,ASW,CE,Federal Contract Tower,2,8,7,112,129,0,0,14,4,18,2,8,21,116,147,0,10,10,157
07/20/2011,LAW,OK,ASW,CE,Federal Contract Tower,2,8,6,80,96,0,0,10,6,16,2,8,16,86,112,10,8,18,130
07/21/2011,LAW,OK,ASW,CE,Federal Contract Tower,0,9,2,84,95,0,0,7,5,12,0,9,9,89,107,0,13,13,120
07/22/2011,LAW,OK,ASW,CE,Federal Contract Tower,0,8,8,64,80,0,0,13,6,19,0,8,21,70,99,0,18,18,117
07/23/2011,LAW,OK,ASW,CE,Federal Contract Tower,0,6,0,0,6,0,0,7,0,7,0,6,7,0,13,0,0,0,13
07/24/2011,LAW,OK,ASW,CE,Federal Contract Tower,2,5,0,0,7,0,0,3,0,3,2,5,3,0,10,0,0,0,10
07/25/2011,LAW,OK,ASW,CE,Federal Contract Tower,0,6,0,102,108,0,0,4,0,4,0,6,4,102,112,0,0,0,112
07/26/2011,LAW,OK,ASW,CE,Federal Contract Tower,2,8,8,90,108,0,0,12,2,14,2,8,20,92,122,0,0,0,122
07/27/2011,LAW,OK,ASW,CE,Federal Contract Tower,0,8,7,50,65,0,0,8,0,8,0,8,15,50,73,10,0,10,83
07/28/2011,LAW,OK,ASW,CE,Federal Contract Tower,1,8,6,18,33,0,0,12,5,17,1,8,18,23,50,10,0,10,60
07/29/2011,LAW,OK,ASW,CE,Federal Contract Tower,2,7,1,72,82,0,0,5,4,9,2,7,6,76,91,0,0,0,91
07/30/2011,LAW,OK,ASW,CE,Federal Contract Tower,0,6,4,0,10,0,0,0,0,0,0,6,4,0,10,0,0,0,10
07/31/2011,LAW,OK,ASW,CE,Federal Contract Tower,0,4,3,2,9,0,0,2,3,5,0,4,5,5,14,0,0,0,14
08/01/2011,LAW,OK,ASW,CE,Federal Contract Tower,0,4,5,42,51,0,0,7,6,13,0,4,12,48,64,0,0,0,64
08/02/2011,LAW,OK,ASW,CE,Federal Contract Tower,2,8,8,7,25,0,0,6,0,6,2,8,14,7,31,16,0,16,47
08/03/2011,LAW,OK,ASW,CE,Federal Contract Tower,3,8,7,4,22,0,0,1,0,1,3,8,8,4,23,0,0,0,23
08/04/2011,LAW,OK,ASW,CE,Federal Contract Tower,0,8,6,28,42,0,0,4,0,4,0,8,10,28,46,10,0,10,56
08/05/2011,LAW,OK,ASW,CE,Federal Contract Tower,0,7,3,40,50,0,0,7,7,14,0,7,10,47,64,0,18,18,82
08/06/2011,LAW,OK,ASW,CE,Federal Contract Tower,0,6,0,0,6,0,0,10,0,10,0,6,10,0,16,10,0,10,26
08/07/2011,LAW,OK,ASW,CE,Federal Contract Tower,3,7,4,1,15,0,0,6,0,6,3,7,10,1,21,0,0,0,21
08/08/2011,LAW,OK,ASW,CE,Federal Contract Tower,2,8,0,36,46,0,0,0,0,0,2,8,0,36,46,0,0,0,46
08/09/2011,LAW,OK,ASW,CE,Federal Contract Tower,2,7,0,74,83,0,0,11,0,11,2,7,11,74,94,0,0,0,94
08/10/2011,LAW,OK,ASW,CE,Federal Contract Tower,0,8,2,82,92,0,0,4,2,6,0,8,6,84,98,0,2,2,100
08/11/2011,LAW,OK,ASW,CE,Federal Contract Tower,0,9,4,54,67,0,0,5,8,13,0,9,9,62,80,2,0,2,82
08/12/2011,LAW,OK,ASW,CE,Federal Contract Tower,2,8,8,32,50,0,0,13,0,13,2,8,21,32,63,0,0,0,63
08/13/2011,LAW,OK,ASW,CE,Federal Contract Tower,0,6,0,0,6,0,0,20,0,20,0,6,20,0,26,10,0,10,36
08/14/2011,LAW,OK,ASW,CE,Federal Contract Tower,0,5,3,0,8,0,0,10,18,28,0,5,13,18,36,0,0,0,36
08/15/2011,LAW,OK,ASW,CE,Federal Contract Tower,0,9,2,106,117,0,0,2,0,2,0,9,4,106,119,0,0,0,119
08/16/2011,LAW,OK,ASW,CE,Federal Contract Tower,2,8,2,96,108,0,0,12,0,12,2,8,14,96,120,0,0,0,120
08/17/2011,LAW,OK,ASW,CE,Federal Contract Tower,2,8,2,104,116,0,0,10,0,10,2,8,12,104,126,12,0,12,138
08/18/2011,LAW,OK,ASW,CE,Federal Contract Tower,0,8,4,73,85,0,0,8,0,8,0,8,12,73,93,10,0,10,103
08/19/2011,LAW,OK,ASW,CE,Federal Contract Tower,0,7,2,106,115,0,0,14,1,15,0,7,16,107,130,0,0,0,130
08/20/2011,LAW,OK,ASW,CE,Federal Contract Tower,0,6,2,4,12,0,0,4,0,4,0,6,6,4,16,6,0,6,22
08/21/2011,LAW,OK,ASW,CE,Federal Contract Tower,2,7,1,5,15,0,0,18,0,18,2,7,19,5,33,0,0,0,33
08/22/2011,LAW,OK,ASW,CE,Federal Contract Tower,0,8,3,80,91,0,0,14,0,14,0,8,17,80,105,0,0,0,105
08/23/2011,LAW,OK,ASW,CE,Federal Contract Tower,2,6,0,54,62,0,0,12,1,13,2,6,12,55,75,14,0,14,89
08/24/2011,LAW,OK,ASW,CE,Federal Contract Tower,0,8,3,67,78,0,0,7,6,13,0,8,10,73,91,0,0,0,91
08/25/2011,LAW,OK,ASW,CE,Federal Contract Tower,0,8,2,85,95,0,0,12,2,14,0,8,14,87,109,0,0,0,109
08/26/2011,LAW,OK,ASW,CE,Federal Contract Tower,0,2,0,40,42,0,0,2,3,5,0,2,2,43,47,0,0,0,47
08/27/2011,LAW,OK,ASW,CE,Federal Contract Tower,0,2,3,0,5,0,0,4,0,4,0,2,7,0,9,0,0,0,9
08/28/2011,LAW,OK,ASW,CE,Federal Contract Tower,1,4,4,0,9,0,0,5,8,13,1,4,9,8,22,0,0,0,22
08/29/2011,LAW,OK,ASW,CE,Federal Contract Tower,1,7,3,74,85,0,0,12,0,12,1,7,15,74,97,0,0,0,97
08/30/2011,LAW,OK,ASW,CE,Federal Contract Tower,2,8,2,42,54,0,0,2,6,8,2,8,4,48,62,0,0,0,62
08/31/2011,LAW,OK,ASW,CE,Federal Contract Tower,1,8,4,52,65,0,0,13,5,18,1,8,17,57,83,10,0,10,93
09/01/2011,LAW,OK,ASW,CE,Federal Contract Tower,0,5,1,71,77,0,0,7,5,12,0,5,8,76,89,0,4,4,93
09/02/2011,LAW,OK,ASW,CE,Federal Contract Tower,0,6,7,62,75,0,0,11,1,12,0,6,18,63,87,0,26,26,113
09/03/2011,LAW,OK,ASW,CE,Federal Contract Tower,0,4,3,0,7,0,0,18,20,38,0,4,21,20,45,0,0,0,45
09/04/2011,LAW,OK,ASW,CE,Federal Contract Tower,1,6,8,0,15,0,0,14,0,14,1,6,22,0,29,0,0,0,29
09/05/2011,LAW,OK,ASW,CE,Federal Contract Tower,0,3,1,0,4,0,0,19,4,23,0,3,20,4,27,0,0,0,27
09/06/2011,LAW,OK,ASW,CE,Federal Contract Tower,2,6,3,88,99,0,0,33,4,37,2,6,36,92,136,0,0,0,136
09/07/2011,LAW,OK,ASW,CE,Federal Contract Tower,0,8,4,88,100,0,0,17,1,18,0,8,21,89,118,0,2,2,120
09/08/2011,LAW,OK,ASW,CE,Federal Contract Tower,0,8,4,106,118,0,0,19,2,21,0,8,23,108,139,8,0,8,147
09/09/2011,LAW,OK,ASW,CE,Federal Contract Tower,0,6,4,60,70,0,0,15,0,15,0,6,19,60,85,0,0,0,85
09/10/2011,LAW,OK,ASW,CE,Federal Contract Tower,0,6,2,0,8,0,0,10,0,10,0,6,12,0,18,0,0,0,18
09/11/2011,LAW,OK,ASW,CE,Federal Contract Tower,0,6,1,14,21,0,0,25,6,31,0,6,26,20,52,0,0,0,52
09/12/2011,LAW,OK,ASW,CE,Federal Contract Tower,0,9,3,40,52,0,0,6,0,6,0,9,9,40,58,4,0,4,62
09/13/2011,LAW,OK,ASW,CE,Federal Contract Tower,2,5,4,22,33,0,0,9,0,9,2,5,13,22,42,0,0,0,42
09/14/2011,LAW,OK,ASW,CE,Federal Contract Tower,1,7,1,4,13,0,0,6,0,6,1,7,7,4,19,0,0,0,19
09/15/2011,LAW,OK,ASW,CE,Federal Contract Tower,2,8,0,50,60,0,0,2,0,2,2,8,2,50,62,10,0,10,72
09/16/2011,LAW,OK,ASW,CE,Federal Contract Tower,0,6,10,0,16,0,0,4,0,4,0,6,14,0,20,0,0,0,20
09/17/2011,LAW,OK,ASW,CE,Federal Contract Tower,0,6,5,0,11,0,0,4,0,4,0,6,9,0,15,0,0,0,15
09/18/2011,LAW,OK,ASW,CE,Federal Contract Tower,1,5,1,0,7,0,0,3,0,3,1,5,4,0,10,12,0,12,22
09/19/2011,LAW,OK,ASW,CE,Federal Contract Tower,0,7,1,58,66,0,0,4,0,4,0,7,5,58,70,0,0,0,70
09/20/2011,LAW,OK,ASW,CE,Federal Contract Tower,2,7,2,72,83,0,0,12,0,12,2,7,14,72,95,0,0,0,95
09/21/2011,LAW,OK,ASW,CE,Federal Contract Tower,0,7,6,56,69,0,0,6,0,6,0,7,12,56,75,0,0,0,75
09/22/2011,LAW,OK,ASW,CE,Federal Contract Tower,0,8,1,77,86,0,0,6,10,16,0,8,7,87,102,0,20,20,122
09/23/2011,LAW,OK,ASW,CE,Federal Contract Tower,2,7,3,22,34,0,0,4,0,4,2,7,7,22,38,0,0,0,38
09/24/2011,LAW,OK,ASW,CE,Federal Contract Tower,0,6,1,0,7,0,0,7,0,7,0,6,8,0,14,0,0,0,14
09/25/2011,LAW,OK,ASW,CE,Federal Contract Tower,0,5,2,17,24,0,0,7,1,8,0,5,9,18,32,0,0,0,32
09/26/2011,LAW,OK,ASW,CE,Federal Contract Tower,0,7,0,66,73,0,0,3,0,3,0,7,3,66,76,0,0,0,76
09/27/2011,LAW,OK,ASW,CE,Federal Contract Tower,2,7,0,62,71,0,0,10,1,11,2,7,10,63,82,0,0,0,82
09/28/2011,LAW,OK,ASW,CE,Federal Contract Tower,1,8,8,67,84,0,0,10,0,10,1,8,18,67,94,0,0,0,94
09/29/2011,LAW,OK,ASW,CE,Federal Contract Tower,0,6,8,33,47,0,0,11,0,11,0,6,19,33,58,4,8,12,70
09/30/2011,LAW,OK,ASW,CE,Federal Contract Tower,0,6,3,2,11,0,0,15,0,15,0,6,18,2,26,0,0,0,26
10/01/2011,LAW,OK,ASW,CE,Federal Contract Tower,0,6,2,0,8,0,0,12,0,12,0,6,14,0,20,8,0,8,28
10/02/2011,LAW,OK,ASW,CE,Federal Contract Tower,1,6,0,0,7,0,0,10,0,10,1,6,10,0,17,0,0,0,17
10/03/2011,LAW,OK,ASW,CE,Federal Contract Tower,0,7,2,54,63,0,0,9,0,9,0,7,11,54,72,14,0,14,86
10/04/2011,LAW,OK,ASW,CE,Federal Contract Tower,2,7,2,92,103,0,0,7,0,7,2,7,9,92,110,8,0,8,118
10/05/2011,LAW,OK,ASW,CE,Federal Contract Tower,0,8,1,166,175,0,0,14,0,14,0,8,15,166,189,20,0,20,209
10/06/2011,LAW,OK,ASW,CE,Federal Contract Tower,0,8,3,146,157,0,0,7,0,7,0,8,10,146,164,16,0,16,180
10/07/2011,LAW,OK,ASW,CE,Federal Contract Tower,0,7,90,0,97,0,0,18,0,18,0,7,108,0,115,0,0,0,115
10/08/2011,LAW,OK,ASW,CE,Federal Contract Tower,0,6,1,0,7,0,0,5,0,5,0,6,6,0,12,0,0,0,12
10/09/2011,LAW,OK,ASW,CE,Federal Contract Tower,0,6,13,0,19,0,0,2,0,2,0,6,15,0,21,4,0,4,25
10/10/2011,LAW,OK,ASW,CE,Federal Contract Tower,0,7,0,3,10,0,0,8,3,11,0,7,8,6,21,0,0,0,21
10/11/2011,LAW,OK,ASW,CE,Federal Contract Tower,2,6,4,120,132,0,0,12,0,12,2,6,16,120,144,0,0,0,144
10/12/2011,LAW,OK,ASW,CE,Federal Contract Tower,1,8,10,172,191,0,0,16,0,16,1,8,26,172,207,0,0,0,207
10/13/2011,LAW,OK,ASW,CE,Federal Contract Tower,0,8,4,154,166,0,0,9,0,9,0,8,13,154,175,12,0,12,187
10/14/2011,LAW,OK,ASW,CE,Federal Contract Tower,2,7,1,86,96,0,0,12,0,12,2,7,13,86,108,0,0,0,108
10/15/2011,LAW,OK,ASW,CE,Federal Contract Tower,0,6,0,0,6,0,0,21,0,21,0,6,21,0,27,10,0,10,37
10/16/2011,LAW,OK,ASW,CE,Federal Contract Tower,1,7,3,0,11,0,0,18,0,18,1,7,21,0,29,0,0,0,29
10/17/2011,LAW,OK,ASW,CE,Federal Contract Tower,2,7,4,93,106,0,0,4,17,21,2,7,8,110,127,0,0,0,127
10/18/2011,LAW,OK,ASW,CE,Federal Contract Tower,2,5,6,66,79,0,0,0,18,18,2,5,6,84,97,6,16,22,119
10/19/2011,LAW,OK,ASW,CE,Federal Contract Tower,0,8,10,73,91,0,0,10,6,16,0,8,20,79,107,0,16,16,123
10/20/2011,LAW,OK,ASW,CE,Federal Contract Tower,0,8,3,50,61,0,0,13,9,22,0,8,16,59,83,0,14,14,97
10/21/2011,LAW,OK,ASW,CE,Federal Contract Tower,2,6,2,54,64,0,0,2,4,6,2,6,4,58,70,0,0,0,70
10/22/2011,LAW,OK,ASW,CE,Federal Contract Tower,0,6,0,0,6,0,0,14,0,14,0,6,14,0,20,0,0,0,20
10/23/2011,LAW,OK,ASW,CE,Federal Contract Tower,0,6,3,8,17,0,0,11,0,11,0,6,14,8,28,0,0,0,28
10/24/2011,LAW,OK,ASW,CE,Federal Contract Tower,0,8,7,18,33,0,0,2,4,6,0,8,9,22,39,0,6,6,45
10/25/2011,LAW,OK,ASW,CE,Federal Contract Tower,2,8,3,22,35,0,0,10,0,10,2,8,13,22,45,8,0,8,53
10/26/2011,LAW,OK,ASW,CE,Federal Contract Tower,2,8,3,42,55,0,0,19,0,19,2,8,22,42,74,0,0,0,74
10/27/2011,LAW,OK,ASW,CE,Federal Contract Tower,0,8,8,6,22,0,0,0,0,0,0,8,8,6,22,0,0,0,22
10/28/2011,LAW,OK,ASW,CE,Federal Contract Tower,0,9,3,21,33,0,0,14,15,29,0,9,17,36,62,0,18,18,80
10/29/2011,LAW,OK,ASW,CE,Federal Contract Tower,0,6,14,1,21,0,0,8,0,8,0,6,22,1,29,16,0,16,45
10/30/2011,LAW,OK,ASW,CE,Federal Contract Tower,1,6,2,11,20,0,0,25,8,33,1,6,27,19,53,10,24,34,87
10/31/2011,LAW,OK,ASW,CE,Federal Contract Tower,1,7,0,73,81,0,0,10,4,14,1,7,10,77,95,20,0,20,115
11/01/2011,LAW,OK,ASW,CE,Federal Contract Tower,2,9,12,26,49,0,0,4,2,6,2,9,16,28,55,0,0,0,55
11/02/2011,LAW,OK,ASW,CE,Federal Contract Tower,0,10,8,110,128,0,0,6,0,6,0,10,14,110,134,6,0,6,140
11/03/2011,LAW,OK,ASW,CE,Federal Contract Tower,0,8,12,114,134,0,0,5,0,5,0,8,17,114,139,0,0,0,139
11/04/2011,LAW,OK,ASW,CE,Federal Contract Tower,0,8,18,84,110,0,0,13,2,15,0,8,31,86,125,0,0,0,125
11/05/2011,LAW,OK,ASW,CE,Federal Contract Tower,0,8,0,0,8,0,0,14,0,14,0,8,14,0,22,20,0,20,42
11/06/2011,LAW,OK,ASW,CE,Federal Contract Tower,0,6,11,4,21,0,0,14,4,18,0,6,25,8,39,10,0,10,49
11/07/2011,LAW,OK,ASW,CE,Federal Contract Tower,0,7,2,114,123,0,0,2,12,14,0,7,4,126,137,0,0,0,137
11/08/2011,LAW,OK,ASW,CE,Federal Contract Tower,3,6,1,138,148,0,0,1,0,1,3,6,2,138,149,0,0,0,149
11/09/2011,LAW,OK,ASW,CE,Federal Contract Tower,3,8,0,146,157,0,0,2,2,4,3,8,2,148,161,0,0,0,161
11/10/2011,LAW,OK,ASW,CE,Federal Contract Tower,0,8,6,66,80,0,0,4,4,8,0,8,10,70,88,4,4,8,96
11/11/2011,LAW,OK,ASW,CE,Federal Contract Tower,0,9,8,0,17,0,0,11,0,11,0,9,19,0,28,0,0,0,28
11/12/2011,LAW,OK,ASW,CE,Federal Contract Tower,2,6,0,0,8,0,0,7,0,7,2,6,7,0,15,32,0,32,47
11/13/2011,LAW,OK,ASW,CE,Federal Contract Tower,0,6,5,0,11,0,0,9,0,9,0,6,14,0,20,6,0,6,26
11/14/2011,LAW,OK,ASW,CE,Federal Contract Tower,0,7,15,164,186,0,0,11,2,13,0,7,26,166,199,0,0,0,199
11/15/2011,LAW,OK,ASW,CE,Federal Contract Tower,4,6,6,112,128,0,0,18,0,18,4,6,24,112,146,0,0,0,146
11/16/2011,LAW,OK,ASW,CE,Federal Contract Tower,0,8,8,84,100,0,0,6,0,6,0,8,14,84,106,0,0,0,106
11/17/2011,LAW,OK,ASW,CE,Federal Contract Tower,0,8,0,72,80,0,0,26,0,26,0,8,26,72,106,10,0,10,116
11/18/2011,LAW,OK,ASW,CE,Federal Contract Tower,2,6,4,44,56,0,0,11,0,11,2,6,15,44,67,0,0,0,67
11/19/2011,LAW,OK,ASW,CE,Federal Contract Tower,0,8,6,0,14,0,0,7,0,7,0,8,13,0,21,22,0,22,43
11/20/2011,LAW,OK,ASW,CE,Federal Contract Tower,0,11,2,0,13,0,0,6,0,6,0,11,8,0,19,0,0,0,19
11/21/2011,LAW,OK,ASW,CE,Federal Contract Tower,0,6,4,80,90,0,0,0,0,0,0,6,4,80,90,0,0,0,90
11/22/2011,LAW,OK,ASW,CE,Federal Contract Tower,4,8,8,91,111,0,0,2,5,7,4,8,10,96,118,0,4,4,122
11/23/2011,LAW,OK,ASW,CE,Federal Contract Tower,4,8,3,66,81,0,0,12,0,12,4,8,15,66,93,6,0,6,99
11/24/2011,LAW,OK,ASW,CE,Federal Contract Tower,0,8,2,0,10,0,0,9,0,9,0,8,11,0,19,0,0,0,19
11/25/2011,LAW,OK,ASW,CE,Federal Contract Tower,2,8,2,0,12,0,0,5,0,5,2,8,7,0,17,10,0,10,27
11/26/2011,LAW,OK,ASW,CE,Federal Contract Tower,0,7,3,0,10,0,0,0,0,0,0,7,3,0,10,0,0,0,10
11/27/2011,LAW,OK,ASW,CE,Federal Contract Tower,0,11,0,4,15,0,0,11,0,11,0,11,11,4,26,0,0,0,26
11/28/2011,LAW,OK,ASW,CE,Federal Contract Tower,2,6,0,92,100,0,0,22,14,36,2,6,22,106,136,0,22,22,158
11/29/2011,LAW,OK,ASW,CE,Federal Contract Tower,4,7,6,115,132,0,0,17,7,24,4,7,23,122,156,6,10,16,172
11/30/2011,LAW,OK,ASW,CE,Federal Contract Tower,2,6,7,82,97,0,0,8,0,8,2,6,15,82,105,0,0,0,105
12/01/2011,LAW,OK,ASW,CE,Federal Contract Tower,0,6,0,75,81,0,0,6,2,8,0,6,6,77,89,8,10,18,107
12/02/2011,LAW,OK,ASW,CE,Federal Contract Tower,0,6,0,94,100,0,0,0,0,0,0,6,0,94,100,0,0,0,100
12/03/2011,LAW,OK,ASW,CE,Federal Contract Tower,0,8,3,0,11,0,0,2,0,2,0,8,5,0,13,0,0,0,13
12/04/2011,LAW,OK,ASW,CE,Federal Contract Tower,0,7,1,0,8,0,0,6,0,6,0,7,7,0,14,0,0,0,14
12/05/2011,LAW,OK,ASW,CE,Federal Contract Tower,0,4,6,58,68,0,0,1,0,1,0,4,7,58,69,0,0,0,69
12/06/2011,LAW,OK,ASW,CE,Federal Contract Tower,2,4,0,2,8,0,0,3,0,3,2,4,3,2,11,0,0,0,11
12/07/2011,LAW,OK,ASW,CE,Federal Contract Tower,2,8,2,58,70,0,0,9,4,13,2,8,11,62,83,0,0,0,83
12/08/2011,LAW,OK,ASW,CE,Federal Contract Tower,0,9,2,62,73,0,0,17,0,17,0,9,19,62,90,0,0,0,90
12/09/2011,LAW,OK,ASW,CE,Federal Contract Tower,1,8,8,20,37,0,0,8,0,8,1,8,16,20,45,0,0,0,45
12/10/2011,LAW,OK,ASW,CE,Federal Contract Tower,0,7,3,0,10,0,0,19,0,19,0,7,22,0,29,20,0,20,49
12/11/2011,LAW,OK,ASW,CE,Federal Contract Tower,0,7,5,2,14,0,0,1,2,3,0,7,6,4,17,0,0,0,17
12/12/2011,LAW,OK,ASW,CE,Federal Contract Tower,0,6,3,42,51,0,0,3,0,3,0,6,6,42,54,0,0,0,54
12/13/2011,LAW,OK,ASW,CE,Federal Contract Tower,1,9,0,62,72,0,0,0,0,0,1,9,0,62,72,0,0,0,72
12/14/2011,LAW,OK,ASW,CE,Federal Contract Tower,0,9,3,45,57,0,0,1,0,1,0,9,4,45,58,0,0,0,58
12/15/2011,LAW,OK,ASW,CE,Federal Contract Tower,0,6,4,48,58,0,0,4,0,4,0,6,8,48,62,0,0,0,62
12/16/2011,LAW,OK,ASW,CE,Federal Contract Tower,0,8,6,59,73,0,0,13,1,14,0,8,19,60,87,0,0,0,87
12/17/2011,LAW,OK,ASW,CE,Federal Contract Tower,0,7,10,0,17,0,0,26,0,26,0,7,36,0,43,0,0,0,43
12/18/2011,LAW,OK,ASW,CE,Federal Contract Tower,0,9,1,6,16,0,0,2,0,2,0,9,3,6,18,0,0,0,18
12/19/2011,LAW,OK,ASW,CE,Federal Contract Tower,0,4,2,56,62,0,0,0,0,0,0,4,2,56,62,0,0,0,62
12/20/2011,LAW,OK,ASW,CE,Federal Contract Tower,4,4,3,74,85,0,0,0,0,0,4,4,3,74,85,0,0,0,85
12/21/2011,LAW,OK,ASW,CE,Federal Contract Tower,0,8,5,88,101,0,0,13,0,13,0,8,18,88,114,0,0,0,114
12/22/2011,LAW,OK,ASW,CE,Federal Contract Tower,0,8,4,72,84,0,0,4,0,4,0,8,8,72,88,0,0,0,88
12/23/2011,LAW,OK,ASW,CE,Federal Contract Tower,4,9,5,2,20,0,0,18,0,18,4,9,23,2,38,0,0,0,38
12/24/2011,LAW,OK,ASW,CE,Federal Contract Tower,0,7,0,0,7,0,8,0,0,8,0,15,0,0,15,0,0,0,15
12/25/2011,LAW,OK,ASW,CE,Federal Contract Tower,0,8,1,0,9,0,0,1,0,1,0,8,2,0,10,0,0,0,10
12/26/2011,LAW,OK,ASW,CE,Federal Contract Tower,3,7,1,0,11,0,0,1,0,1,3,7,2,0,12,8,0,8,20
12/27/2011,LAW,OK,ASW,CE,Federal Contract Tower,2,8,1,0,11,0,0,22,0,22,2,8,23,0,33,14,0,14,47
12/28/2011,LAW,OK,ASW,CE,Federal Contract Tower,0,8,7,0,15,0,0,23,0,23,0,8,30,0,38,12,0,12,50
12/29/2011,LAW,OK,ASW,CE,Federal Contract Tower,0,8,13,0,21,0,0,21,0,21,0,8,34,0,42,10,0,10,52
12/30/2011,LAW,OK,ASW,CE,Federal Contract Tower,0,8,4,3,15,0,0,28,0,28,0,8,32,3,43,0,0,0,43
12/31/2011,LAW,OK,ASW,CE,Federal Contract Tower,0,8,2,0,10,0,0,18,0,18,0,8,20,0,28,4,0,4,32
01/01/2012,LAW,OK,ASW,CE,Federal Contract Tower,0,8,4,0,12,0,0,4,0,4,0,8,8,0,16,0,0,0,16
01/02/2012,LAW,OK,ASW,CE,Federal Contract Tower,0,8,3,0,11,0,0,19,0,19,0,8,22,0,30,20,0,20,50
01/03/2012,LAW,OK,ASW,CE,Federal Contract Tower,2,9,2,120,133,0,0,5,0,5,2,9,7,120,138,0,0,0,138
01/04/2012,LAW,OK,ASW,CE,Federal Contract Tower,2,8,0,100,110,0,0,11,2,13,2,8,11,102,123,0,0,0,123
01/05/2012,LAW,OK,ASW,CE,Federal Contract Tower,0,8,5,108,121,0,0,3,10,13,0,8,8,118,134,0,0,0,134
01/06/2012,LAW,OK,ASW,CE,Federal Contract Tower,0,9,3,100,112,0,0,15,4,19,0,9,18,104,131,0,4,4,135
01/07/2012,LAW,OK,ASW,CE,Federal Contract Tower,0,7,2,1,10,0,0,9,0,9,0,7,11,1,19,20,0,20,39
01/08/2012,LAW,OK,ASW,CE,Federal Contract Tower,2,10,13,0,25,0,0,11,0,11,2,10,24,0,36,0,0,0,36
01/09/2012,LAW,OK,ASW,CE,Federal Contract Tower,2,4,0,96,102,0,0,7,0,7,2,4,7,96,109,0,0,0,109
01/10/2012,LAW,OK,ASW,CE,Federal Contract Tower,2,10,0,150,162,0,0,1,0,1,2,10,1,150,163,0,0,0,163
01/11/2012,LAW,OK,ASW,CE,Federal Contract Tower,0,8,8,102,118,0,0,3,3,6,0,8,11,105,124,0,0,0,124
01/12/2012,LAW,OK,ASW,CE,Federal Contract Tower,0,8,0,58,66,0,0,7,1,8,0,8,7,59,74,0,0,0,74
01/13/2012,LAW,OK,ASW,CE,Federal Contract Tower,2,6,5,51,64,0,0,16,1,17,2,6,21,52,81,0,0,0,81
01/14/2012,LAW,OK,ASW,CE,Federal Contract Tower,0,8,0,4,12,0,0,29,2,31,0,8,29,6,43,16,0,16,59
01/15/2012,LAW,OK,ASW,CE,Federal Contract Tower,0,7,2,0,9,0,0,20,0,20,0,7,22,0,29,0,0,0,29
01/16/2012,LAW,OK,ASW,CE,Federal Contract Tower,0,8,1,0,9,0,0,8,0,8,0,8,9,0,17,0,0,0,17
01/17/2012,LAW,OK,ASW,CE,Federal Contract Tower,1,9,1,111,122,0,0,7,7,14,1,9,8,118,136,0,0,0,136
01/18/2012,LAW,OK,ASW,CE,Federal Contract Tower,3,5,4,68,80,0,0,4,10,14,3,5,8,78,94,0,0,0,94
01/19/2012,LAW,OK,ASW,CE,Federal Contract Tower,0,9,4,87,100,0,0,3,4,7,0,9,7,91,107,0,10,10,117
01/20/2012,LAW,OK,ASW,CE,Federal Contract Tower,0,11,8,80,99,0,0,10,2,12,0,11,18,82,111,0,6,6,117
01/21/2012,LAW,OK,ASW,CE,Federal Contract Tower,0,8,2,0,10,0,0,19,0,19,0,8,21,0,29,6,0,6,35
01/22/2012,LAW,OK,ASW,CE,Federal Contract Tower,0,8,2,2,12,0,0,10,0,10,0,8,12,2,22,0,0,0,22
01/23/2012,LAW,OK,ASW,CE,Federal Contract Tower,0,7,1,59,67,0,0,10,2,12,0,7,11,61,79,0,0,0,79
01/24/2012,LAW,OK,ASW,CE,Federal Contract Tower,2,9,2,64,77,0,0,1,0,1,2,9,3,64,78,0,0,0,78
01/25/2012,LAW,OK,ASW,CE,Federal Contract Tower,0,5,3,5,13,0,0,0,0,0,0,5,3,5,13,0,0,0,13
01/26/2012,LAW,OK,ASW,CE,Federal Contract Tower,2,8,3,59,72,0,0,2,1,3,2,8,5,60,75,0,0,0,75
01/27/2012,LAW,OK,ASW,CE,Federal Contract Tower,0,9,7,114,130,0,0,4,2,6,0,9,11,116,136,0,0,0,136
01/28/2012,LAW,OK,ASW,CE,Federal Contract Tower,0,7,6,2,15,0,0,25,0,25,0,7,31,2,40,0,0,0,40
01/29/2012,LAW,OK,ASW,CE,Federal Contract Tower,4,7,0,2,13,0,0,21,2,23,4,7,21,4,36,0,0,0,36
01/30/2012,LAW,OK,ASW,CE,Federal Contract Tower,0,8,2,103,113,0,0,5,1,6,0,8,7,104,119,0,4,4,123
01/31/2012,LAW,OK,ASW,CE,Federal Contract Tower,0,10,2,87,99,0,0,15,4,19,0,10,17,91,118,0,0,0,118
02/01/2012,LAW,OK,ASW,CE,Federal Contract Tower,1,9,5,74,89,0,0,5,0,5,1,9,10,74,94,14,0,14,108
02/02/2012,LAW,OK,ASW,CE,Federal Contract Tower,3,8,7,116,134,0,0,5,0,5,3,8,12,116,139,0,0,0,139
02/03/2012,LAW,OK,ASW,CE,Federal Contract Tower,0,9,4,73,86,0,0,0,0,0,0,9,4,73,86,0,0,0,86
02/04/2012,LAW,OK,ASW,CE,Federal Contract Tower,0,9,1,4,14,0,0,4,0,4,0,9,5,4,18,0,0,0,18
02/05/2012,LAW,OK,ASW,CE,Federal Contract Tower,0,9,13,19,41,0,0,13,8,21,0,9,26,27,62,0,18,18,80
02/06/2012,LAW,OK,ASW,CE,Federal Contract Tower,0,8,1,70,79,0,0,21,0,21,0,8,22,70,100,0,0,0,100
02/07/2012,LAW,OK,ASW,CE,Federal Contract Tower,0,11,8,92,111,0,0,5,0,5,0,11,13,92,116,0,0,0,116
02/08/2012,LAW,OK,ASW,CE,Federal Contract Tower,0,8,1,78,87,0,0,4,0,4,0,8,5,78,91,4,0,4,95
02/09/2012,LAW,OK,ASW,CE,Federal Contract Tower,0,8,2,122,132,0,0,2,0,2,0,8,4,122,134,0,0,0,134
02/10/2012,LAW,OK,ASW,CE,Federal Contract Tower,0,7,1,78,86,0,0,12,0,12,0,7,13,78,98,0,10,10,108
02/11/2012,LAW,OK,ASW,CE,Federal Contract Tower,0,10,0,0,10,0,0,6,0,6,0,10,6,0,16,4,0,4,20
02/12/2012,LAW,OK,ASW,CE,Federal Contract Tower,0,7,1,0,8,0,0,4,18,22,0,7,5,18,30,0,4,4,34
02/13/2012,LAW,OK,ASW,CE,Federal Contract Tower,0,5,4,48,57,0,0,1,0,1,0,5,5,48,58,0,0,0,58
02/14/2012,LAW,OK,ASW,CE,Federal Contract Tower,1,8,3,75,87,0,0,0,0,0,1,8,3,75,87,0,0,0,87
02/15/2012,LAW,OK,ASW,CE,Federal Contract Tower,4,9,14,103,130,0,0,7,0,7,4,9,21,103,137,0,20,20,157
02/16/2012,LAW,OK,ASW,CE,Federal Contract Tower,0,8,4,108,120,0,0,6,0,6,0,8,10,108,126,0,0,0,126
02/17/2012,LAW,OK,ASW,CE,Federal Contract Tower,0,8,23,114,145,0,0,4,0,4,0,8,27,114,149,0,0,0,149
02/18/2012,LAW,OK,ASW,CE,Federal Contract Tower,0,8,1,2,11,0,0,0,0,0,0,8,1,2,11,0,0,0,11
02/19/2012,LAW,OK,ASW,CE,Federal Contract Tower,0,6,3,0,9,0,0,38,0,38,0,6,41,0,47,6,0,6,53
02/20/2012,LAW,OK,ASW,CE,Federal Contract Tower,0,6,3,8,17,0,0,0,0,0,0,6,3,8,17,0,0,0,17
02/21/2012,LAW,OK,ASW,CE,Federal Contract Tower,2,9,8,86,105,0,0,17,0,17,2,9,25,86,122,6,0,6,128
02/22/2012,LAW,OK,ASW,CE,Federal Contract Tower,0,8,18,118,144,0,0,19,0,19,0,8,37,118,163,0,0,0,163
02/23/2012,LAW,OK,ASW,CE,Federal Contract Tower,0,8,2,84,94,0,0,15,7,22,0,8,17,91,116,0,0,0,116
02/24/2012,LAW,OK,ASW,CE,Federal Contract Tower,0,8,6,104,118,0,0,16,4,20,0,8,22,108,138,0,42,42,180
02/25/2012,LAW,OK,ASW,CE,Federal Contract Tower,0,8,6,0,14,0,0,23,0,23,0,8,29,0,37,0,0,0,37
02/26/2012,LAW,OK,ASW,CE,Federal Contract Tower,2,9,3,0,14,0,0,17,0,17,2,9,20,0,31,8,0,8,39
02/27/2012,LAW,OK,ASW,CE,Federal Contract Tower,0,9,0,53,62,0,0,8,1,9,0,9,8,54,71,0,0,0,71
02/28/2012,LAW,OK,ASW,CE,Federal Contract Tower,0,6,3,82,91,0,0,0,0,0,0,6,3,82,91,0,32,32,123
02/29/2012,LAW,OK,ASW,CE,Federal Contract Tower,3,9,10,53,75,0,0,20,13,33,3,9,30,66,108,0,0,0,108
03/01/2012,LAW,OK,ASW,CE,Federal Contract Tower,2,9,4,62,77,0,0,10,3,13,2,9,14,65,90,0,16,16,106
03/02/2012,LAW,OK,ASW,CE,Federal Contract Tower,0,8,1,69,78,0,0,4,2,6,0,8,5,71,84,0,0,0,84
03/03/2012,LAW,OK,ASW,CE,Federal Contract Tower,0,8,2,0,10,0,0,10,0,10,0,8,12,0,20,0,0,0,20
03/04/2012,LAW,OK,ASW,CE,Federal Contract Tower,0,9,1,0,10,0,0,22,0,22,0,9,23,0,32,4,0,4,36
03/05/2012,LAW,OK,ASW,CE,Federal Contract Tower,0,8,5,61,74,0,0,3,2,5,0,8,8,63,79,0,8,8,87
03/06/2012,LAW,OK,ASW,CE,Federal Contract Tower,0,12,1,80,93,0,0,1,7,8,0,12,2,87,101,0,20,20,121
03/07/2012,LAW,OK,ASW,CE,Federal Contract Tower,0,8,6,105,119,0,0,0,4,4,0,8,6,109,123,0,6,6,129
03/08/2012,LAW,OK,ASW,CE,Federal Contract Tower,0,8,0,0,8,0,0,0,0,0,0,8,0,0,8,0,0,0,8
03/09/2012,LAW,OK,ASW,CE,Federal Contract Tower,2,9,0,151,162,0,0,9,3,12,2,9,9,154,174,0,6,6,180
03/10/2012,LAW,OK,ASW,CE,Federal Contract Tower,0,8,7,0,15,0,0,1,0,1,0,8,8,0,16,0,0,0,16
03/11/2012,LAW,OK,ASW,CE,Federal Contract Tower,0,9,3,0,12,0,0,10,0,10,0,9,13,0,22,0,0,0,22
03/12/2012,LAW,OK,ASW,CE,Federal Contract Tower,2,10,2,85,99,0,0,19,2,21,2,10,21,87,120,20,8,28,148
03/13/2012,LAW,OK,ASW,CE,Federal Contract Tower,0,11,8,65,84,0,0,3,1,4,0,11,11,66,88,0,10,10,98
03/14/2012,LAW,OK,ASW,CE,Federal Contract Tower,0,9,2,82,93,0,0,9,0,9,0,9,11,82,102,0,0,0,102
03/15/2012,LAW,OK,ASW,CE,Federal Contract Tower,0,9,17,50,76,0,0,7,0,7,0,9,24,50,83,0,0,0,83
03/16/2012,LAW,OK,ASW,CE,Federal Contract Tower,2,8,5,52,67,0,0,9,1,10,2,8,14,53,77,0,6,6,83
03/17/2012,LAW,OK,ASW,CE,Federal Contract Tower,0,8,4,1,13,0,0,14,0,14,0,8,18,1,27,30,0,30,57
03/18/2012,LAW,OK,ASW,CE,Federal Contract Tower,0,9,2,0,11,0,0,13,0,13,0,9,15,0,24,0,0,0,24
03/19/2012,LAW,OK,ASW,CE,Federal Contract Tower,0,5,1,0,6,0,0,0,0,0,0,5,1,0,6,0,0,0,6
03/20/2012,LAW,OK,ASW,CE,Federal Contract Tower,0,14,2,66,82,0,0,1,0,1,0,14,3,66,83,10,0,10,93
03/21/2012,LAW,OK,ASW,CE,Federal Contract Tower,0,7,6,98,111,0,0,10,2,12,0,7,16,100,123,4,0,4,127
03/22/2012,LAW,OK,ASW,CE,Federal Contract Tower,0,8,7,94,109,0,0,0,0,0,0,8,7,94,109,0,0,0,109
03/23/2012,LAW,OK,ASW,CE,Federal Contract Tower,0,8,11,92,111,0,0,28,4,32,0,8,39,96,143,4,4,8,151
03/24/2012,LAW,OK,ASW,CE,Federal Contract Tower,0,9,8,0,17,0,0,36,0,36,0,9,44,0,53,18,0,18,71
03/25/2012,LAW,OK,ASW,CE,Federal Contract Tower,0,8,3,22,33,0,0,16,14,30,0,8,19,36,63,22,20,42,105
03/26/2012,LAW,OK,ASW,CE,Federal Contract Tower,0,9,3,76,88,0,0,9,1,10,0,9,12,77,98,2,0,2,100
03/27/2012,LAW,OK,ASW,CE,Federal Contract Tower,1,10,6,68,85,0,0,2,0,2,1,10,8,68,87,0,0,0,87
03/28/2012,LAW,OK,ASW,CE,Federal Contract Tower,2,9,4,64,79,0,0,6,0,6,2,9,10,64,85,0,0,0,85
03/29/2012,LAW,OK,ASW,CE,Federal Contract Tower,0,6,12,96,114,0,0,0,0,0,0,6,12,96,114,0,0,0,114
03/30/2012,LAW,OK,ASW,CE,Federal Contract Tower,1,8,4,124,137,0,0,4,8,12,1,8,8,132,149,0,0,0,149
03/31/2012,LAW,OK,ASW,CE,Federal Contract Tower,1,8,3,6,18,0,0,7,0,7,1,8,10,6,25,0,0,0,25
04/01/2012,LAW,OK,ASW,CE,Federal Contract Tower,1,9,5,20,35,0,0,11,10,21,1,9,16,30,56,0,2,2,58
04/02/2012,LAW,OK,ASW,CE,Federal Contract Tower,0,8,4,66,78,0,0,8,0,8,0,8,12,66,86,0,0,0,86
04/03/2012,LAW,OK,ASW,CE,Federal Contract Tower,0,5,3,88,96,0,0,1,0,1,0,5,4,88,97,0,0,0,97
04/04/2012,LAW,OK,ASW,CE,Federal Contract Tower,0,4,8,84,96,0,0,13,0,13,0,4,21,84,109,0,0,0,109
04/05/2012,LAW,OK,ASW,CE,Federal Contract Tower,0,8,8,60,76,0,0,15,0,15,0,8,23,60,91,28,0,28,119
04/06/2012,LAW,OK,ASW,CE,Federal Contract Tower,0,8,3,51,62,0,0,10,2,12,0,8,13,53,74,0,6,6,80
04/07/2012,LAW,OK,ASW,CE,Federal Contract Tower,0,6,9,1,16,0,0,13,0,13,0,6,22,1,29,0,0,0,29
04/08/2012,LAW,OK,ASW,CE,Federal Contract Tower,0,11,3,0,14,0,0,18,0,18,0,11,21,0,32,0,0,0,32
04/09/2012,LAW,OK,ASW,CE,Federal Contract Tower,0,7,0,40,47,0,0,0,0,0,0,7,0,40,47,0,0,0,47
04/10/2012,LAW,OK,ASW,CE,Federal Contract Tower,0,11,6,72,89,0,0,8,0,8,0,11,14,72,97,10,0,10,107
04/11/2012,LAW,OK,ASW,CE,Federal Contract Tower,2,9,3,72,86,0,0,2,1,3,2,9,5,73,89,0,4,4,93
04/12/2012,LAW,OK,ASW,CE,Federal Contract Tower,0,11,2,175,188,0,0,4,4,8,0,11,6,179,196,0,0,0,196
04/13/2012,LAW,OK,ASW,CE,Federal Contract Tower,2,8,0,28,38,0,0,13,0,13,2,8,13,28,51,30,0,30,81
04/14/2012,LAW,OK,ASW,CE,Federal Contract Tower,0,6,5,18,29,0,0,1,0,1,0,6,6,18,30,0,0,0,30
04/15/2012,LAW,OK,ASW,CE,Federal Contract Tower,0,7,4,0,11,0,0,6,0,6,0,7,10,0,17,0,0,0,17
04/16/2012,LAW,OK,ASW,CE,Federal Contract Tower,0,8,3,58,69,0,0,10,9,19,0,8,13,67,88,0,0,0,88
04/17/2012,LAW,OK,ASW,CE,Federal Contract Tower,0,11,4,42,57,0,0,9,4,13,0,11,13,46,70,0,0,0,70
04/18/2012,LAW,OK,ASW,CE,Federal Contract Tower,0,8,3,82,93,0,0,12,4,16,0,8,15,86,109,6,0,6,115
04/19/2012,LAW,OK,ASW,CE,Federal Contract Tower,0,8,7,49,64,0,0,11,2,13,0,8,18,51,77,0,0,0,77
04/20/2012,LAW,OK,ASW,CE,Federal Contract Tower,0,8,5,39,52,0,0,2,1,3,0,8,7,40,55,0,6,6,61
04/21/2012,LAW,OK,ASW,CE,Federal Contract Tower,0,6,0,2,8,0,0,18,0,18,0,6,18,2,26,0,0,0,26
04/22/2012,LAW,OK,ASW,CE,Federal Contract Tower,0,8,2,0,10,0,0,8,0,8,0,8,10,0,18,0,0,0,18
04/23/2012,LAW,OK,ASW,CE,Federal Contract Tower,0,8,4,78,90,0,0,0,0,0,0,8,4,78,90,0,0,0,90
04/24/2012,LAW,OK,ASW,CE,Federal Contract Tower,0,10,7,56,73,0,0,12,0,12,0,10,19,56,85,0,0,0,85
04/25/2012,LAW,OK,ASW,CE,Federal Contract Tower,2,9,13,82,106,0,0,7,2,9,2,9,20,84,115,0,0,0,115
04/26/2012,LAW,OK,ASW,CE,Federal Contract Tower,0,8,7,72,87,0,0,7,5,12,0,8,14,77,99,0,0,0,99
04/27/2012,LAW,OK,ASW,CE,Federal Contract Tower,0,8,12,24,44,0,0,8,0,8,0,8,20,24,52,8,0,8,60
04/28/2012,LAW,OK,ASW,CE,Federal Contract Tower,2,6,16,1,25,0,0,13,0,13,2,6,29,1,38,8,0,8,46
04/29/2012,LAW,OK,ASW,CE,Federal Contract Tower,2,7,5,6,20,0,0,2,0,2,2,7,7,6,22,0,0,0,22
04/30/2012,LAW,OK,ASW,CE,Federal Contract Tower,2,8,6,52,68,0,0,6,0,6,2,8,12,52,74,0,4,4,78
05/01/2012,LAW,OK,ASW,CE,Federal Contract Tower,2,9,3,56,70,0,0,4,0,4,2,9,7,56,74,0,0,0,74
05/02/2012,LAW,OK,ASW,CE,Federal Contract Tower,2,8,10,46,66,0,0,8,4,12,2,8,18,50,78,0,0,0,78
05/03/2012,LAW,OK,ASW,CE,Federal Contract Tower,0,8,3,55,66,0,0,15,1,16,0,8,18,56,82,0,10,10,92
05/04/2012,LAW,OK,ASW,CE,Federal Contract Tower,0,8,0,6,14,0,0,7,4,11,0,8,7,10,25,0,6,6,31
05/05/2012,LAW,OK,ASW,CE,Federal Contract Tower,1,6,5,0,12,0,0,14,2,16,1,6,19,2,28,0,20,20,48
05/06/2012,LAW,OK,ASW,CE,Federal Contract Tower,0,8,9,0,17,0,0,9,0,9,0,8,18,0,26,4,0,4,30
05/07/2012,LAW,OK,ASW,CE,Federal Contract Tower,0,7,9,64,80,0,0,2,0,2,0,7,11,64,82,0,0,0,82
05/08/2012,LAW,OK,ASW,CE,Federal Contract Tower,1,9,10,14,34,0,0,1,2,3,1,9,11,16,37,0,0,0,37
05/09/2012,LAW,OK,ASW,CE,Federal Contract Tower,1,8,10,64,83,0,0,6,0,6,1,8,16,64,89,0,0,0,89
05/10/2012,LAW,OK,ASW,CE,Federal Contract Tower,0,10,12,62,84,0,0,5,4,9,0,10,17,66,93,0,0,0,93
05/11/2012,LAW,OK,ASW,CE,Federal Contract Tower,0,5,8,47,60,0,0,0,0,0,0,5,8,47,60,0,0,0,60
05/12/2012,LAW,OK,ASW,CE,Federal Contract Tower,0,6,8,0,14,0,0,2,0,2,0,6,10,0,16,0,0,0,16
05/13/2012,LAW,OK,ASW,CE,Federal Contract Tower,0,6,2,26,34,0,0,9,2,11,0,6,11,28,45,0,0,0,45
05/14/2012,LAW,OK,ASW,CE,Federal Contract Tower,0,8,4,123,135,0,0,5,0,5,0,8,9,123,140,0,0,0,140
05/15/2012,LAW,OK,ASW,CE,Federal Contract Tower,0,12,3,104,119,0,0,7,8,15,0,12,10,112,134,0,0,0,134
05/16/2012,LAW,OK,ASW,CE,Federal Contract Tower,0,8,10,107,125,0,0,6,0,6,0,8,16,107,131,0,0,0,131
05/17/2012,LAW,OK,ASW,CE,Federal Contract Tower,0,8,0,93,101,0,0,15,0,15,0,8,15,93,116,0,0,0,116
05/18/2012,LAW,OK,ASW,CE,Federal Contract Tower,0,8,1,53,62,0,0,1,0,1,0,8,2,53,63,0,0,0,63
05/19/2012,LAW,OK,ASW,CE,Federal Contract Tower,0,6,2,0,8,0,0,9,0,9,0,6,11,0,17,0,0,0,17
05/20/2012,LAW,OK,ASW,CE,Federal Contract Tower,0,8,0,4,12,0,0,14,0,14,0,8,14,4,26,6,10,16,42
05/21/2012,LAW,OK,ASW,CE,Federal Contract Tower,0,8,2,109,119,0,0,6,0,6,0,8,8,109,125,0,2,2,127
05/22/2012,LAW,OK,ASW,CE,Federal Contract Tower,2,9,8,50,69,0,0,7,2,9,2,9,15,52,78,0,0,0,78
05/23/2012,LAW,OK,ASW,CE,Federal Contract Tower,4,10,2,65,81,0,0,4,0,4,4,10,6,65,85,0,0,0,85
05/24/2012,LAW,OK,ASW,CE,Federal Contract Tower,0,8,2,88,98,0,0,5,2,7,0,8,7,90,105,0,0,0,105
05/25/2012,LAW,OK,ASW,CE,Federal Contract Tower,2,7,1,0,10,0,0,4,0,4,2,7,5,0,14,0,0,0,14
05/26/2012,LAW,OK,ASW,CE,Federal Contract Tower,0,5,20,0,25,0,0,10,0,10,0,5,30,0,35,0,0,0,35
05/27/2012,LAW,OK,ASW,CE,Federal Contract Tower,0,6,1,0,7,0,0,3,0,3,0,6,4,0,10,0,0,0,10
05/28/2012,LAW,OK,ASW,CE,Federal Contract Tower,2,8,1,0,11,0,0,2,0,2,2,8,3,0,13,0,0,0,13
05/29/2012,LAW,OK,ASW,CE,Federal Contract Tower,0,11,2,60,73,0,0,0,6,6,0,11,2,66,79,0,4,4,83
05/30/2012,LAW,OK,ASW,CE,Federal Contract Tower,2,8,7,74,91,0,0,7,8,15,2,8,14,82,106,0,10,10,116
05/31/2012,LAW,OK,ASW,CE,Federal Contract Tower,0,8,4,113,125,0,0,12,3,15,0,8,16,116,140,0,0,0,140
06/01/2012,LAW,OK,ASW,CE,Federal Contract Tower,0,8,0,40,48,0,0,9,2,11,0,8,9,42,59,4,0,4,63
06/02/2012,LAW,OK,ASW,CE,Federal Contract Tower,2,6,1,0,9,0,0,15,0,15,2,6,16,0,24,0,0,0,24
06/03/2012,LAW,OK,ASW,CE,Federal Contract Tower,0,8,2,6,16,0,0,6,0,6,0,8,8,6,22,0,0,0,22
06/04/2012,LAW,OK,ASW,CE,Federal Contract Tower,0,8,4,118,130,0,0,3,0,3,0,8,7,118,133,0,0,0,133
06/05/2012,LAW,OK,ASW,CE,Federal Contract Tower,0,10,9,118,137,0,0,5,0,5,0,10,14,118,142,0,0,0,142
06/06/2012,LAW,OK,ASW,CE,Federal Contract Tower,2,7,0,66,75,0,0,1,0,1,2,7,1,66,76,0,0,0,76
06/07/2012,LAW,OK,ASW,CE,Federal Contract Tower,0,8,4,46,58,0,0,2,0,2,0,8,6,46,60,0,0,0,60
06/08/2012,LAW,OK,ASW,CE,Federal Contract Tower,0,9,4,54,67,0,0,17,0,17,0,9,21,54,84,10,0,10,94
06/09/2012,LAW,OK,ASW,CE,Federal Contract Tower,0,6,0,0,6,0,0,10,0,10,0,6,10,0,16,0,0,0,16
06/10/2012,LAW,OK,ASW,CE,Federal Contract Tower,0,8,1,14,23,0,0,6,0,6,0,8,7,14,29,0,0,0,29
06/11/2012,LAW,OK,ASW,CE,Federal Contract Tower,0,9,4,80,93,0,0,15,6,21,0,9,19,86,114,0,0,0,114
06/12/2012,LAW,OK,ASW,CE,Federal Contract Tower,1,9,3,26,39,0,0,16,1,17,1,9,19,27,56,0,0,0,56
06/13/2012,LAW,OK,ASW,CE,Federal Contract Tower,0,8,9,66,83,0,0,13,2,15,0,8,22,68,98,0,0,0,98
06/14/2012,LAW,OK,ASW,CE,Federal Contract Tower,4,7,1,84,96,0,0,23,4,27,4,7,24,88,123,0,0,0,123
06/15/2012,LAW,OK,ASW,CE,Federal Contract Tower,0,9,10,48,67,0,0,15,0,15,0,9,25,48,82,0,8,8,90
06/16/2012,LAW,OK,ASW,CE,Federal Contract Tower,0,8,2,2,12,0,0,26,0,26,0,8,28,2,38,0,0,0,38
06/17/2012,LAW,OK,ASW,CE,Federal Contract Tower,0,8,1,26,35,0,0,26,4,30,0,8,27,30,65,0,0,0,65
06/18/2012,LAW,OK,ASW,CE,Federal Contract Tower,0,8,10,36,54,0,0,11,2,13,0,8,21,38,67,0,0,0,67
06/19/2012,LAW,OK,ASW,CE,Federal Contract Tower,0,9,8,24,41,0,0,8,0,8,0,9,16,24,49,0,0,0,49
06/20/2012,LAW,OK,ASW,CE,Federal Contract Tower,0,11,8,39,58,0,0,1,0,1,0,11,9,39,59,0,0,0,59
06/21/2012,LAW,OK,ASW,CE,Federal Contract Tower,0,7,7,42,56,0,0,3,0,3,0,7,10,42,59,0,0,0,59
06/22/2012,LAW,OK,ASW,CE,Federal Contract Tower,0,9,0,56,65,0,0,7,0,7,0,9,7,56,72,0,0,0,72
06/23/2012,LAW,OK,ASW,CE,Federal Contract Tower,0,8,4,0,12,0,0,14,0,14,0,8,18,0,26,0,0,0,26
06/24/2012,LAW,OK,ASW,CE,Federal Contract Tower,0,8,1,6,15,0,0,12,0,12,0,8,13,6,27,4,0,4,31
06/25/2012,LAW,OK,ASW,CE,Federal Contract Tower,0,11,7,42,60,0,0,6,0,6,0,11,13,42,66,0,0,0,66
06/26/2012,LAW,OK,ASW,CE,Federal Contract Tower,0,11,2,74,87,0,0,12,0,12,0,11,14,74,99,0,0,0,99
06/27/2012,LAW,OK,ASW,CE,Federal Contract Tower,2,9,7,75,93,0,0,8,1,9,2,9,15,76,102,0,0,0,102
06/28/2012,LAW,OK,ASW,CE,Federal Contract Tower,0,8,2,110,120,0,0,10,2,12,0,8,12,112,132,0,0,0,132
06/29/2012,LAW,OK,ASW,CE,Federal Contract Tower,2,7,5,101,115,0,0,13,1,14,2,7,18,102,129,0,0,0,129
06/30/2012,LAW,OK,ASW,CE,Federal Contract Tower,2,8,19,0,29,0,0,7,0,7,2,8,26,0,36,0,0,0,36
07/01/2012,LAW,OK,ASW,CE,Federal Contract Tower,0,8,2,0,10,0,0,31,12,43,0,8,33,12,53,0,0,0,53
07/02/2012,LAW,OK,ASW,CE,Federal Contract Tower,0,5,3,58,66,0,0,3,4,7,0,5,6,62,73,0,0,0,73
07/03/2012,LAW,OK,ASW,CE,Federal Contract Tower,0,7,5,94,106,0,0,16,0,16,0,7,21,94,122,4,0,4,126
07/04/2012,LAW,OK,ASW,CE,Federal Contract Tower,2,5,0,0,7,0,0,24,0,24,2,5,24,0,31,8,0,8,39
07/05/2012,LAW,OK,ASW,CE,Federal Contract Tower,0,5,2,0,7,0,0,12,0,12,0,5,14,0,19,0,0,0,19
07/06/2012,LAW,OK,ASW,CE,Federal Contract Tower,0,7,11,52,70,0,0,3,0,3,0,7,14,52,73,0,0,0,73
07/07/2012,LAW,OK,ASW,CE,Federal Contract Tower,0,8,9,0,17,0,0,13,0,13,0,8,22,0,30,0,0,0,30
07/08/2012,LAW,OK,ASW,CE,Federal Contract Tower,0,6,0,0,6,0,0,6,0,6,0,6,6,0,12,4,0,4,16
07/09/2012,LAW,OK,ASW,CE,Federal Contract Tower,0,5,1,12,18,0,0,3,0,3,0,5,4,12,21,0,0,0,21
07/10/2012,LAW,OK,ASW,CE,Federal Contract Tower,2,9,6,22,39,0,0,6,0,6,2,9,12,22,45,10,10,20,65
07/11/2012,LAW,OK,ASW,CE,Federal Contract Tower,0,8,11,48,67,0,0,28,0,28,0,8,39,48,95,16,10,26,121
07/12/2012,LAW,OK,ASW,CE,Federal Contract Tower,0,6,5,28,39,0,0,0,0,0,0,6,5,28,39,0,0,0,39
07/13/2012,LAW,OK,ASW,CE,Federal Contract Tower,0,8,5,40,53,0,0,10,0,10,0,8,15,40,63,0,0,0,63
07/14/2012,LAW,OK,ASW,CE,Federal Contract Tower,0,9,1,0,10,0,0,14,0,14,0,9,15,0,24,10,0,10,34
07/15/2012,LAW,OK,ASW,CE,Federal Contract Tower,0,6,4,0,10,0,0,20,2,22,0,6,24,2,32,0,4,4,36
07/16/2012,LAW,OK,ASW,CE,Federal Contract Tower,0,8,5,48,61,0,0,8,0,8,0,8,13,48,69,0,0,0,69
07/17/2012,LAW,OK,ASW,CE,Federal Contract Tower,0,11,5,26,42,0,0,7,1,8,0,11,12,27,50,0,0,0,50
07/18/2012,LAW,OK,ASW,CE,Federal Contract Tower,1,9,3,44,57,0,0,7,0,7,1,9,10,44,64,0,0,0,64
07/19/2012,LAW,OK,ASW,CE,Federal Contract Tower,0,9,3,68,80,0,0,18,1,19,0,9,21,69,99,0,0,0,99
07/20/2012,LAW,OK,ASW,CE,Federal Contract Tower,2,6,2,76,86,0,0,7,0,7,2,6,9,76,93,0,0,0,93
07/21/2012,LAW,OK,ASW,CE,Federal Contract Tower,0,8,6,0,14,0,0,7,0,7,0,8,13,0,21,0,0,0,21
07/22/2012,LAW,OK,ASW,CE,Federal Contract Tower,0,8,3,0,11,0,0,20,0,20,0,8,23,0,31,0,0,0,31
07/23/2012,LAW,OK,ASW,CE,Federal Contract Tower,0,8,1,94,103,0,0,3,0,3,0,8,4,94,106,6,0,6,112
07/24/2012,LAW,OK,ASW,CE,Federal Contract Tower,0,12,0,132,144,0,0,13,0,13,0,12,13,132,157,0,0,0,157
07/25/2012,LAW,OK,ASW,CE,Federal Contract Tower,0,8,5,68,81,0,0,12,2,14,0,8,17,70,95,12,0,12,107
07/26/2012,LAW,OK,ASW,CE,Federal Contract Tower,0,8,4,118,130,0,0,10,2,12,0,8,14,120,142,8,0,8,150
07/27/2012,LAW,OK,ASW,CE,Federal Contract Tower,0,8,2,36,46,0,0,7,0,7,0,8,9,36,53,0,0,0,53
07/28/2012,LAW,OK,ASW,CE,Federal Contract Tower,1,8,0,0,9,0,0,19,0,19,1,8,19,0,28,6,0,6,34
07/29/2012,LAW,OK,ASW,CE,Federal Contract Tower,0,6,3,6,15,0,0,15,0,15,0,6,18,6,30,0,0,0,30
07/30/2012,LAW,OK,ASW,CE,Federal Contract Tower,0,8,2,54,64,0,0,2,0,2,0,8,4,54,66,0,0,0,66
07/31/2012,LAW,OK,ASW,CE,Federal Contract Tower,1,9,13,10,33,0,0,7,0,7,1,9,20,10,40,0,0,0,40
08/01/2012,LAW,OK,ASW,CE,Federal Contract Tower,2,9,4,10,25,0,0,5,0,5,2,9,9,10,30,0,0,0,30
08/02/2012,LAW,OK,ASW,CE,Federal Contract Tower,0,8,5,24,37,0,0,6,0,6,0,8,11,24,43,0,0,0,43
08/03/2012,LAW,OK,ASW,CE,Federal Contract Tower,0,8,5,10,23,0,0,6,0,6,0,8,11,10,29,10,0,10,39
08/04/2012,LAW,OK,ASW,CE,Federal Contract Tower,0,8,0,0,8,0,0,14,0,14,0,8,14,0,22,0,0,0,22
08/05/2012,LAW,OK,ASW,CE,Federal Contract Tower,0,8,0,12,20,0,0,4,0,4,0,8,4,12,24,0,0,0,24
08/06/2012,LAW,OK,ASW,CE,Federal Contract Tower,0,8,3,73,84,0,0,3,1,4,0,8,6,74,88,0,0,0,88
08/07/2012,LAW,OK,ASW,CE,Federal Contract Tower,0,11,7,68,86,0,0,3,2,5,0,11,10,70,91,0,0,0,91
08/08/2012,LAW,OK,ASW,CE,Federal Contract Tower,0,8,1,122,131,0,0,4,0,4,0,8,5,122,135,0,0,0,135
08/09/2012,LAW,OK,ASW,CE,Federal Contract Tower,0,8,5,98,111,0,0,6,0,6,0,8,11,98,117,0,0,0,117
08/10/2012,LAW,OK,ASW,CE,Federal Contract Tower,0,8,2,102,112,0,0,9,2,11,0,8,11,104,123,0,0,0,123
08/11/2012,LAW,OK,ASW,CE,Federal Contract Tower,0,8,1,0,9,0,0,14,0,14,0,8,15,0,23,12,0,12,35
08/12/2012,LAW,OK,ASW,CE,Federal Contract Tower,0,7,0,0,7,0,0,12,0,12,0,7,12,0,19,0,0,0,19
08/13/2012,LAW,OK,ASW,CE,Federal Contract Tower,0,8,0,98,106,0,0,4,0,4,0,8,4,98,110,0,4,4,114
08/14/2012,LAW,OK,ASW,CE,Federal Contract Tower,0,8,5,44,57,0,0,5,10,15,0,8,10,54,72,0,0,0,72
08/15/2012,LAW,OK,ASW,CE,Federal Contract Tower,0,8,7,16,31,0,0,6,4,10,0,8,13,20,41,0,18,18,59
08/16/2012,LAW,OK,ASW,CE,Federal Contract Tower,0,8,5,0,13,0,0,8,0,8,0,8,13,0,21,0,0,0,21
08/17/2012,LAW,OK,ASW,CE,Federal Contract Tower,0,9,2,32,43,0,0,12,0,12,0,9,14,32,55,0,0,0,55
08/18/2012,LAW,OK,ASW,CE,Federal Contract Tower,0,5,8,0,13,0,0,10,0,10,0,5,18,0,23,0,0,0,23
08/19/2012,LAW,OK,ASW,CE,Federal Contract Tower,2,8,3,8,21,0,0,17,0,17,2,8,20,8,38,0,0,0,38
08/20/2012,LAW,OK,ASW,CE,Federal Contract Tower,0,8,1,40,49,0,0,7,1,8,0,8,8,41,57,0,0,0,57
08/21/2012,LAW,OK,ASW,CE,Federal Contract Tower,2,10,6,13,31,0,0,5,0,5,2,10,11,13,36,0,4,4,40
08/22/2012,LAW,OK,ASW,CE,Federal Contract Tower,0,11,1,2,14,0,0,14,2,16,0,11,15,4,30,10,10,20,50
08/23/2012,LAW,OK,ASW,CE,Federal Contract Tower,4,10,3,6,23,0,0,21,7,28,4,10,24,13,51,0,10,10,61
08/24/2012,LAW,OK,ASW,CE,Federal Contract Tower,2,10,6,6,24,0,0,8,3,11,2,10,14,9,35,0,0,0,35
08/25/2012,LAW,OK,ASW,CE,Federal Contract Tower,0,10,1,0,11,0,0,12,0,12,0,10,13,0,23,6,0,6,29
08/26/2012,LAW,OK,ASW,CE,Federal Contract Tower,0,10,3,0,13,0,0,12,0,12,0,10,15,0,25,8,0,8,33
08/27/2012,LAW,OK,ASW,CE,Federal Contract Tower,0,10,3,58,71,0,0,9,0,9,0,10,12,58,80,0,0,0,80
08/28/2012,LAW,OK,ASW,CE,Federal Contract Tower,0,10,0,42,52,0,0,10,0,10,0,10,10,42,62,0,0,0,62
08/29/2012,LAW,OK,ASW,CE,Federal Contract Tower,0,10,3,42,55,0,0,13,0,13,0,10,16,42,68,10,0,10,78
08/30/2012,LAW,OK,ASW,CE,Federal Contract Tower,0,10,1,72,83,0,0,12,1,13,0,10,13,73,96,10,0,10,106
08/31/2012,LAW,OK,ASW,CE,Federal Contract Tower,0,10,3,38,51,0,0,6,0,6,0,10,9,38,57,8,0,8,65
09/01/2012,LAW,OK,ASW,CE,Federal Contract Tower,0,6,0,0,6,0,0,8,0,8,0,6,8,0,14,0,0,0,14
09/02/2012,LAW,OK,ASW,CE,Federal Contract Tower,0,6,1,0,7,0,0,15,0,15,0,6,16,0,22,0,0,0,22
09/03/2012,LAW,OK,ASW,CE,Federal Contract Tower,0,10,1,4,15,0,0,2,0,2,0,10,3,4,17,0,0,0,17
09/04/2012,LAW,OK,ASW,CE,Federal Contract Tower,0,10,4,18,32,0,0,5,0,5,0,10,9,18,37,0,10,10,47
09/05/2012,LAW,OK,ASW,CE,Federal Contract Tower,0,10,3,24,37,0,0,10,0,10,0,10,13,24,47,0,0,0,47
09/06/2012,LAW,OK,ASW,CE,Federal Contract Tower,0,10,4,22,36,0,0,4,2,6,0,10,8,24,42,0,4,4,46
09/07/2012,LAW,OK,ASW,CE,Federal Contract Tower,2,9,2,0,13,0,0,6,0,6,2,9,8,0,19,10,0,10,29
09/08/2012,LAW,OK,ASW,CE,Federal Contract Tower,0,10,1,0,11,0,0,7,0,7,0,10,8,0,18,0,0,0,18
09/09/2012,LAW,OK,ASW,CE,Federal Contract Tower,0,10,1,4,15,0,0,19,0,19,0,10,20,4,34,6,0,6,40
09/10/2012,LAW,OK,ASW,CE,Federal Contract Tower,0,10,5,2,17,0,0,3,0,3,0,10,8,2,20,0,0,0,20
09/11/2012,LAW,OK,ASW,CE,Federal Contract Tower,0,10,0,0,10,0,0,6,0,6,0,10,6,0,16,0,0,0,16
09/12/2012,LAW,OK,ASW,CE,Federal Contract Tower,0,10,2,5,17,0,0,5,1,6,0,10,7,6,23,0,2,2,25
09/13/2012,LAW,OK,ASW,CE,Federal Contract Tower,0,9,2,32,43,0,0,3,0,3,0,9,5,32,46,0,0,0,46
09/14/2012,LAW,OK,ASW,CE,Federal Contract Tower,0,10,6,64,80,0,0,0,0,0,0,10,6,64,80,0,0,0,80
09/15/2012,LAW,OK,ASW,CE,Federal Contract Tower,0,12,9,0,21,0,0,13,0,13,0,12,22,0,34,10,0,10,44
09/16/2012,LAW,OK,ASW,CE,Federal Contract Tower,0,10,2,0,12,0,0,15,0,15,0,10,17,0,27,0,0,0,27
09/17/2012,LAW,OK,ASW,CE,Federal Contract Tower,0,6,0,19,25,0,0,5,1,6,0,6,5,20,31,0,0,0,31
09/18/2012,LAW,OK,ASW,CE,Federal Contract Tower,0,10,3,36,49,0,0,4,0,4,0,10,7,36,53,0,0,0,53
09/19/2012,LAW,OK,ASW,CE,Federal Contract Tower,0,10,0,26,36,0,0,17,0,17,0,10,17,26,53,6,0,6,59
09/20/2012,LAW,OK,ASW,CE,Federal Contract Tower,0,11,14,40,65,0,0,6,0,6,0,11,20,40,71,0,0,0,71
09/21/2012,LAW,OK,ASW,CE,Federal Contract Tower,0,10,13,48,71,0,0,10,0,10,0,10,23,48,81,16,0,16,97
09/22/2012,LAW,OK,ASW,CE,Federal Contract Tower,0,10,0,0,10,0,0,22,0,22,0,10,22,0,32,14,0,14,46
09/23/2012,LAW,OK,ASW,CE,Federal Contract Tower,0,10,0,0,10,0,0,19,0,19,0,10,19,0,29,8,0,8,37
09/24/2012,LAW,OK,ASW,CE,Federal Contract Tower,0,10,3,30,43,0,0,3,0,3,0,10,6,30,46,0,0,0,46
09/25/2012,LAW,OK,ASW,CE,Federal Contract Tower,0,10,0,24,34,0,0,6,10,16,0,10,6,34,50,6,4,10,60
09/26/2012,LAW,OK,ASW,CE,Federal Contract Tower,0,10,4,38,52,0,0,7,9,16,0,10,11,47,68,0,0,0,68
09/27/2012,LAW,OK,ASW,CE,Federal Contract Tower,0,10,1,8,19,0,0,6,0,6,0,10,7,8,25,0,0,0,25
09/28/2012,LAW,OK,ASW,CE,Federal Contract Tower,0,11,3,76,90,0,0,2,0,2,0,11,5,76,92,0,0,0,92
09/29/2012,LAW,OK,ASW,CE,Federal Contract Tower,0,10,0,0,10,0,0,0,0,0,0,10,0,0,10,0,0,0,10
09/30/2012,LAW,OK,ASW,CE,Federal Contract Tower,0,10,6,0,16,0,0,8,0,8,0,10,14,0,24,0,0,0,24
10/01/2012,LAW,OK,ASW,CE,Federal Contract Tower,0,10,2,68,80,0,0,6,0,6,0,10,8,68,86,0,0,0,86
10/02/2012,LAW,OK,ASW,CE,Federal Contract Tower,0,10,1,42,53,0,0,8,0,8,0,10,9,42,61,0,0,0,61
10/03/2012,LAW,OK,ASW,CE,Federal Contract Tower,0,10,7,24,41,0,0,4,0,4,0,10,11,24,45,6,0,6,51
10/04/2012,LAW,OK,ASW,CE,Federal Contract Tower,0,10,5,56,71,0,0,2,0,2,0,10,7,56,73,0,0,0,73
10/05/2012,LAW,OK,ASW,CE,Federal Contract Tower,0,10,7,46,63,0,0,2,0,2,0,10,9,46,65,0,0,0,65
10/06/2012,LAW,OK,ASW,CE,Federal Contract Tower,0,10,0,0,10,0,0,1,0,1,0,10,1,0,11,0,0,0,11
10/07/2012,LAW,OK,ASW,CE,Federal Contract Tower,0,10,6,0,16,0,0,2,0,2,0,10,8,0,18,0,0,0,18
10/08/2012,LAW,OK,ASW,CE,Federal Contract Tower,0,10,2,0,12,0,0,12,0,12,0,10,14,0,24,10,0,10,34
10/09/2012,LAW,OK,ASW,CE,Federal Contract Tower,0,10,2,40,52,0,0,8,0,8,0,10,10,40,60,4,0,4,64
10/10/2012,LAW,OK,ASW,CE,Federal Contract Tower,0,10,3,72,85,0,0,7,0,7,0,10,10,72,92,6,0,6,98
10/11/2012,LAW,OK,ASW,CE,Federal Contract Tower,0,10,10,56,76,0,0,2,0,2,0,10,12,56,78,0,0,0,78
10/12/2012,LAW,OK,ASW,CE,Federal Contract Tower,0,10,9,56,75,0,0,5,2,7,0,10,14,58,82,0,2,2,84
10/13/2012,LAW,OK,ASW,CE,Federal Contract Tower,0,10,2,0,12,0,0,1,0,1,0,10,3,0,13,0,0,0,13
10/14/2012,LAW,OK,ASW,CE,Federal Contract Tower,0,10,1,2,13,0,0,8,0,8,0,10,9,2,21,0,0,0,21
10/15/2012,LAW,OK,ASW,CE,Federal Contract Tower,0,10,3,84,97,0,0,4,0,4,0,10,7,84,101,0,2,2,103
10/16/2012,LAW,OK,ASW,CE,Federal Contract Tower,0,10,8,44,62,0,0,10,0,10,0,10,18,44,72,6,0,6,78
10/17/2012,LAW,OK,ASW,CE,Federal Contract Tower,0,10,18,32,60,0,0,4,0,4,0,10,22,32,64,0,0,0,64
10/18/2012,LAW,OK,ASW,CE,Federal Contract Tower,0,10,3,16,29,0,0,9,0,9,0,10,12,16,38,0,0,0,38
10/19/2012,LAW,OK,ASW,CE,Federal Contract Tower,0,9,13,12,34,0,0,13,0,13,0,9,26,12,47,0,0,0,47
10/20/2012,LAW,OK,ASW,CE,Federal Contract Tower,0,10,1,0,11,0,0,9,2,11,0,10,10,2,22,0,0,0,22
10/21/2012,LAW,OK,ASW,CE,Federal Contract Tower,0,10,0,2,12,0,0,6,0,6,0,10,6,2,18,0,0,0,18
10/22/2012,LAW,OK,ASW,CE,Federal Contract Tower,0,10,1,10,21,0,0,6,0,6,0,10,7,10,27,0,0,0,27
10/23/2012,LAW,OK,ASW,CE,Federal Contract Tower,0,10,14,12,36,0,0,4,0,4,0,10,18,12,40,0,0,0,40
10/24/2012,LAW,OK,ASW,CE,Federal Contract Tower,0,11,5,20,36,0,0,2,2,4,0,11,7,22,40,0,0,0,40
10/25/2012,LAW,OK,ASW,CE,Federal Contract Tower,0,10,8,24,42,0,0,0,0,0,0,10,8,24,42,0,0,0,42
10/26/2012,LAW,OK,ASW,CE,Federal Contract Tower,0,10,6,10,26,0,0,8,0,8,0,10,14,10,34,0,0,0,34
10/27/2012,LAW,OK,ASW,CE,Federal Contract Tower,0,10,2,2,14,0,0,12,0,12,0,10,14,2,26,10,0,10,36
10/28/2012,LAW,OK,ASW,CE,Federal Contract Tower,0,10,8,4,22,0,0,17,0,17,0,10,25,4,39,0,0,0,39
10/29/2012,LAW,OK,ASW,CE,Federal Contract Tower,0,10,1,8,19,0,0,6,0,6,0,10,7,8,25,0,0,0,25
10/30/2012,LAW,OK,ASW,CE,Federal Contract Tower,0,10,7,58,75,0,0,5,0,5,0,10,12,58,80,0,4,4,84
10/31/2012,LAW,OK,ASW,CE,Federal Contract Tower,0,10,6,48,64,0,0,8,0,8,0,10,14,48,72,8,0,8,80
11/01/2012,LAW,OK,ASW,CE,Federal Contract Tower,0,10,2,52,64,0,0,5,2,7,0,10,7,54,71,0,0,0,71
11/02/2012,LAW,OK,ASW,CE,Federal Contract Tower,0,10,6,84,100,0,0,5,0,5,0,10,11,84,105,0,0,0,105
11/03/2012,LAW,OK,ASW,CE,Federal Contract Tower,0,10,2,0,12,0,0,6,0,6,0,10,8,0,18,2,0,2,20
11/04/2012,LAW,OK,ASW,CE,Federal Contract Tower,0,10,3,0,13,0,0,32,0,32,0,10,35,0,45,18,0,18,63
11/05/2012,LAW,OK,ASW,CE,Federal Contract Tower,0,9,6,88,103,0,0,8,0,8,0,9,14,88,111,0,0,0,111
11/06/2012,LAW,OK,ASW,CE,Federal Contract Tower,0,10,2,76,88,0,0,7,0,7,0,10,9,76,95,0,0,0,95
11/07/2012,LAW,OK,ASW,CE,Federal Contract Tower,0,12,7,98,117,0,0,13,2,15,0,12,20,100,132,6,0,6,138
11/08/2012,LAW,OK,ASW,CE,Federal Contract Tower,0,10,6,38,54,0,0,2,0,2,0,10,8,38,56,0,0,0,56
11/09/2012,LAW,OK,ASW,CE,Federal Contract Tower,0,10,0,10,20,0,0,2,0,2,0,10,2,10,22,0,0,0,22
11/10/2012,LAW,OK,ASW,CE,Federal Contract Tower,0,10,2,0,12,0,0,2,0,2,0,10,4,0,14,0,0,0,14
11/11/2012,LAW,OK,ASW,CE,Federal Contract Tower,0,13,6,0,19,0,0,0,0,0,0,13,6,0,19,0,0,0,19
11/12/2012,LAW,OK,ASW,CE,Federal Contract Tower,0,10,3,0,13,0,0,10,0,10,0,10,13,0,23,0,0,0,23
11/13/2012,LAW,OK,ASW,CE,Federal Contract Tower,0,10,5,16,31,0,0,13,0,13,0,10,18,16,44,0,0,0,44
11/14/2012,LAW,OK,ASW,CE,Federal Contract Tower,0,10,2,31,43,0,0,25,5,30,0,10,27,36,73,16,14,30,103
11/15/2012,LAW,OK,ASW,CE,Federal Contract Tower,0,8,8,10,26,0,0,13,0,13,0,8,21,10,39,10,0,10,49
11/16/2012,LAW,OK,ASW,CE,Federal Contract Tower,0,7,5,65,77,0,0,2,1,3,0,7,7,66,80,0,0,0,80
11/17/2012,LAW,OK,ASW,CE,Federal Contract Tower,0,8,0,0,8,0,0,10,0,10,0,8,10,0,18,10,0,10,28
11/18/2012,LAW,OK,ASW,CE,Federal Contract Tower,0,8,0,0,8,0,0,9,0,9,0,8,9,0,17,0,0,0,17
11/19/2012,LAW,OK,ASW,CE,Federal Contract Tower,0,8,1,46,55,0,0,3,6,9,0,8,4,52,64,0,0,0,64
11/20/2012,LAW,OK,ASW,CE,Federal Contract Tower,0,8,3,30,41,0,0,12,2,14,0,8,15,32,55,0,0,0,55
11/21/2012,LAW,OK,ASW,CE,Federal Contract Tower,0,10,12,34,56,0,0,0,0,0,0,10,12,34,56,210,0,210,266
11/22/2012,LAW,OK,ASW,CE,Federal Contract Tower,0,5,0,0,5,0,0,7,0,7,0,5,7,0,12,0,0,0,12
11/23/2012,LAW,OK,ASW,CE,Federal Contract Tower,0,7,4,0,11,0,0,11,0,11,0,7,15,0,22,0,0,0,22
11/24/2012,LAW,OK,ASW,CE,Federal Contract Tower,0,10,2,0,12,0,0,20,0,20,0,10,22,0,32,0,0,0,32
11/25/2012,LAW,OK,ASW,CE,Federal Contract Tower,0,8,1,2,11,0,0,12,0,12,0,8,13,2,23,0,0,0,23
11/26/2012,LAW,OK,ASW,CE,Federal Contract Tower,0,8,0,43,51,0,0,3,0,3,0,8,3,43,54,0,0,0,54
11/27/2012,LAW,OK,ASW,CE,Federal Contract Tower,0,9,5,74,88,0,0,18,6,24,0,9,23,80,112,20,6,26,138
11/28/2012,LAW,OK,ASW,CE,Federal Contract Tower,0,8,2,58,68,0,0,7,0,7,0,8,9,58,75,0,0,0,75
11/29/2012,LAW,OK,ASW,CE,Federal Contract Tower,0,8,9,72,89,0,0,8,0,8,0,8,17,72,97,8,0,8,105
11/30/2012,LAW,OK,ASW,CE,Federal Contract Tower,0,7,0,44,51,0,0,8,1,9,0,7,8,45,60,0,0,0,60
12/01/2012,LAW,OK,ASW,CE,Federal Contract Tower,0,8,0,1,9,0,0,4,2,6,0,8,4,3,15,0,10,10,25
12/02/2012,LAW,OK,ASW,CE,Federal Contract Tower,0,10,2,3,15,0,0,0,0,0,0,10,2,3,15,6,0,6,21
12/03/2012,LAW,OK,ASW,CE,Federal Contract Tower,0,8,6,54,68,0,0,6,0,6,0,8,12,54,74,0,0,0,74
12/04/2012,LAW,OK,ASW,CE,Federal Contract Tower,0,8,3,70,81,0,0,7,0,7,0,8,10,70,88,0,4,4,92
12/05/2012,LAW,OK,ASW,CE,Federal Contract Tower,0,9,1,47,57,0,0,10,0,10,0,9,11,47,67,12,0,12,79
12/06/2012,LAW,OK,ASW,CE,Federal Contract Tower,0,8,4,60,72,0,0,7,0,7,0,8,11,60,79,0,0,0,79
12/07/2012,LAW,OK,ASW,CE,Federal Contract Tower,0,8,4,54,66,0,0,8,2,10,0,8,12,56,76,0,4,4,80
12/08/2012,LAW,OK,ASW,CE,Federal Contract Tower,0,10,6,0,16,0,0,1,0,1,0,10,7,0,17,0,0,0,17
12/09/2012,LAW,OK,ASW,CE,Federal Contract Tower,0,10,3,4,17,0,0,6,0,6,0,10,9,4,23,0,0,0,23
12/10/2012,LAW,OK,ASW,CE,Federal Contract Tower,0,9,3,54,66,0,0,11,0,11,0,9,14,54,77,0,0,0,77
12/11/2012,LAW,OK,ASW,CE,Federal Contract Tower,0,8,4,24,36,0,0,6,0,6,0,8,10,24,42,10,0,10,52
12/12/2012,LAW,OK,ASW,CE,Federal Contract Tower,0,11,2,58,71,0,0,8,0,8,0,11,10,58,79,0,0,0,79
12/13/2012,LAW,OK,ASW,CE,Federal Contract Tower,0,8,2,60,70,0,0,8,0,8,0,8,10,60,78,0,0,0,78
12/14/2012,LAW,OK,ASW,CE,Federal Contract Tower,0,11,9,36,56,0,0,8,0,8,0,11,17,36,64,8,0,8,72
12/15/2012,LAW,OK,ASW,CE,Federal Contract Tower,0,10,4,2,16,0,0,19,0,19,0,10,23,2,35,12,0,12,47
12/16/2012,LAW,OK,ASW,CE,Federal Contract Tower,2,8,22,0,32,0,0,12,0,12,2,8,34,0,44,6,0,6,50
12/17/2012,LAW,OK,ASW,CE,Federal Contract Tower,0,10,8,88,106,0,0,10,0,10,0,10,18,88,116,10,0,10,126
12/18/2012,LAW,OK,ASW,CE,Federal Contract Tower,0,8,4,60,72,0,0,8,0,8,0,8,12,60,80,10,0,10,90
12/19/2012,LAW,OK,ASW,CE,Federal Contract Tower,0,8,3,40,51,0,0,1,0,1,0,8,4,40,52,0,0,0,52
12/20/2012,LAW,OK,ASW,CE,Federal Contract Tower,0,9,0,54,63,0,0,2,0,2,0,9,2,54,65,0,0,0,65
12/21/2012,LAW,OK,ASW,CE,Federal Contract Tower,0,8,3,34,45,0,0,7,0,7,0,8,10,34,52,0,0,0,52
12/22/2012,LAW,OK,ASW,CE,Federal Contract Tower,0,8,7,0,15,0,0,19,0,19,0,8,26,0,34,0,0,0,34
12/23/2012,LAW,OK,ASW,CE,Federal Contract Tower,0,8,3,0,11,0,0,14,0,14,0,8,17,0,25,0,0,0,25
12/24/2012,LAW,OK,ASW,CE,Federal Contract Tower,0,5,0,0,5,0,0,5,0,5,0,5,5,0,10,0,0,0,10
12/25/2012,LAW,OK,ASW,CE,Federal Contract Tower,0,0,0,0,0,0,0,0,0,0,0,0,0,0,0,0,0,0,0
12/26/2012,LAW,OK,ASW,CE,Federal Contract Tower,0,9,3,33,45,0,0,8,1,9,0,9,11,34,54,30,1,31,85
12/27/2012,LAW,OK,ASW,CE,Federal Contract Tower,0,8,1,0,9,0,0,9,0,9,0,8,10,0,18,0,0,0,18
12/28/2012,LAW,OK,ASW,CE,Federal Contract Tower,0,9,4,0,13,0,0,5,0,5,0,9,9,0,18,0,0,0,18
12/29/2012,LAW,OK,ASW,CE,Federal Contract Tower,0,8,1,0,9,0,0,11,0,11,0,8,12,0,20,0,0,0,20
12/30/2012,LAW,OK,ASW,CE,Federal Contract Tower,0,10,4,0,14,0,0,2,0,2,0,10,6,0,16,0,0,0,16
12/31/2012,LAW,OK,ASW,CE,Federal Contract Tower,0,5,1,0,6,0,0,0,0,0,0,5,1,0,6,0,0,0,6
01/01/2013,LAW,OK,ASW,CE,Federal Contract Tower,0,6,4,0,10,0,0,2,0,2,0,6,6,0,12,0,0,0,12
01/02/2013,LAW,OK,ASW,CE,Federal Contract Tower,2,8,1,5,16,0,0,13,0,13,2,8,14,5,29,0,0,0,29
01/03/2013,LAW,OK,ASW,CE,Federal Contract Tower,0,9,5,60,74,0,0,13,0,13,0,9,18,60,87,0,0,0,87
01/04/2013,LAW,OK,ASW,CE,Federal Contract Tower,0,9,0,45,54,0,0,14,0,14,0,9,14,45,68,10,14,24,92
01/05/2013,LAW,OK,ASW,CE,Federal Contract Tower,0,8,1,0,9,0,0,20,1,21,0,8,21,1,30,10,4,14,44
01/06/2013,LAW,OK,ASW,CE,Federal Contract Tower,0,10,8,0,18,0,0,14,0,14,0,10,22,0,32,0,0,0,32
01/07/2013,LAW,OK,ASW,CE,Federal Contract Tower,0,9,15,71,95,0,0,0,3,3,0,9,15,74,98,0,0,0,98
01/08/2013,LAW,OK,ASW,CE,Federal Contract Tower,0,13,5,70,88,0,0,3,2,5,0,13,8,72,93,0,0,0,93
01/09/2013,LAW,OK,ASW,CE,Federal Contract Tower,0,7,1,0,8,0,0,0,0,0,0,7,1,0,8,0,0,0,8
01/10/2013,LAW,OK,ASW,CE,Federal Contract Tower,0,9,4,66,79,0,0,3,0,3,0,9,7,66,82,0,0,0,82
01/11/2013,LAW,OK,ASW,CE,Federal Contract Tower,0,8,1,68,77,0,0,10,1,11,0,8,11,69,88,10,0,10,98
01/12/2013,LAW,OK,ASW,CE,Federal Contract Tower,0,8,0,0,8,0,0,1,0,1,0,8,1,0,9,0,0,0,9
01/13/2013,LAW,OK,ASW,CE,Federal Contract Tower,0,8,3,1,12,0,0,5,0,5,0,8,8,1,17,0,0,0,17
01/14/2013,LAW,OK,ASW,CE,Federal Contract Tower,0,7,10,99,116,0,0,2,1,3,0,7,12,100,119,0,0,0,119
01/15/2013,LAW,OK,ASW,CE,Federal Contract Tower,0,6,4,178,188,0,0,5,10,15,0,6,9,188,203,0,0,0,203
01/16/2013,LAW,OK,ASW,CE,Federal Contract Tower,1,9,14,97,121,0,0,6,3,9,1,9,20,100,130,0,0,0,130
01/17/2013,LAW,OK,ASW,CE,Federal Contract Tower,0,8,14,92,114,0,0,8,0,8,0,8,22,92,122,10,0,10,132
01/18/2013,LAW,OK,ASW,CE,Federal Contract Tower,0,8,8,30,46,0,0,13,3,16,0,8,21,33,62,0,0,0,62
01/19/2013,LAW,OK,ASW,CE,Federal Contract Tower,0,8,0,0,8,0,0,11,0,11,0,8,11,0,19,0,0,0,19
01/20/2013,LAW,OK,ASW,CE,Federal Contract Tower,0,8,4,0,12,0,0,7,0,7,0,8,11,0,19,0,0,0,19
01/21/2013,LAW,OK,ASW,CE,Federal Contract Tower,0,8,11,6,25,0,0,6,0,6,0,8,17,6,31,2,0,2,33
01/22/2013,LAW,OK,ASW,CE,Federal Contract Tower,0,11,9,62,82,0,0,5,0,5,0,11,14,62,87,0,0,0,87
01/23/2013,LAW,OK,ASW,CE,Federal Contract Tower,0,6,8,50,64,0,0,4,0,4,0,6,12,50,68,0,0,0,68
01/24/2013,LAW,OK,ASW,CE,Federal Contract Tower,0,8,0,46,54,0,0,2,0,2,0,8,2,46,56,0,0,0,56
01/25/2013,LAW,OK,ASW,CE,Federal Contract Tower,7,0,12,20,39,0,0,2,0,2,7,0,14,20,41,0,0,0,41
01/26/2013,LAW,OK,ASW,CE,Federal Contract Tower,0,10,3,0,13,0,0,2,0,2,0,10,5,0,15,10,0,10,25
01/27/2013,LAW,OK,ASW,CE,Federal Contract Tower,0,6,0,0,6,0,0,2,0,2,0,6,2,0,8,0,0,0,8
01/28/2013,LAW,OK,ASW,CE,Federal Contract Tower,0,8,1,89,98,0,0,4,3,7,0,8,5,92,105,0,0,0,105
01/29/2013,LAW,OK,ASW,CE,Federal Contract Tower,0,11,0,0,11,0,0,3,0,3,0,11,3,0,14,0,0,0,14
01/30/2013,LAW,OK,ASW,CE,Federal Contract Tower,2,8,5,60,75,0,0,4,1,5,2,8,9,61,80,0,0,0,80
01/31/2013,LAW,OK,ASW,CE,Federal Contract Tower,2,8,11,88,109,0,0,22,0,22,2,8,33,88,131,10,0,10,141
02/01/2013,LAW,OK,ASW,CE,Federal Contract Tower,0,10,2,34,46,0,0,9,0,9,0,10,11,34,55,0,0,0,55
02/02/2013,LAW,OK,ASW,CE,Federal Contract Tower,0,8,3,0,11,0,0,10,0,10,0,8,13,0,21,0,0,0,21
02/03/2013,LAW,OK,ASW,CE,Federal Contract Tower,2,8,2,0,12,0,0,6,0,6,2,8,8,0,18,6,2,8,26
02/04/2013,LAW,OK,ASW,CE,Federal Contract Tower,2,8,4,56,70,0,0,3,0,3,2,8,7,56,73,0,0,0,73
02/05/2013,LAW,OK,ASW,CE,Federal Contract Tower,0,10,8,48,66,0,0,7,0,7,0,10,15,48,73,0,0,0,73
02/06/2013,LAW,OK,ASW,CE,Federal Contract Tower,0,8,5,43,56,0,0,7,0,7,0,8,12,43,63,0,0,0,63
02/07/2013,LAW,OK,ASW,CE,Federal Contract Tower,0,8,2,53,63,0,0,8,0,8,0,8,10,53,71,0,0,0,71
02/08/2013,LAW,OK,ASW,CE,Federal Contract Tower,0,7,3,80,90,0,0,13,0,13,0,7,16,80,103,0,0,0,103
02/09/2013,LAW,OK,ASW,CE,Federal Contract Tower,0,4,2,0,6,0,0,0,0,0,0,4,2,0,6,0,0,0,6
02/10/2013,LAW,OK,ASW,CE,Federal Contract Tower,0,6,1,0,7,0,0,4,0,4,0,6,5,0,11,0,0,0,11
02/11/2013,LAW,OK,ASW,CE,Federal Contract Tower,0,8,2,84,94,0,0,3,0,3,0,8,5,84,97,0,2,2,99
02/12/2013,LAW,OK,ASW,CE,Federal Contract Tower,0,13,2,0,15,0,0,0,0,0,0,13,2,0,15,0,0,0,15
02/13/2013,LAW,OK,ASW,CE,Federal Contract Tower,0,14,2,76,92,0,0,9,0,9,0,14,11,76,101,0,0,0,101
02/14/2013,LAW,OK,ASW,CE,Federal Contract Tower,0,8,4,52,64,0,0,6,0,6,0,8,10,52,70,0,0,0,70
02/15/2013,LAW,OK,ASW,CE,Federal Contract Tower,0,8,0,26,34,0,0,8,0,8,0,8,8,26,42,0,0,0,42
02/16/2013,LAW,OK,ASW,CE,Federal Contract Tower,0,8,0,0,8,0,0,4,0,4,0,8,4,0,12,0,0,0,12
02/17/2013,LAW,OK,ASW,CE,Federal Contract Tower,0,8,0,0,8,0,0,1,0,1,0,8,1,0,9,0,0,0,9
02/18/2013,LAW,OK,ASW,CE,Federal Contract Tower,0,8,3,0,11,0,0,1,0,1,0,8,4,0,12,0,0,0,12
02/19/2013,LAW,OK,ASW,CE,Federal Contract Tower,0,11,12,26,49,0,0,6,0,6,0,11,18,26,55,0,0,0,55
02/20/2013,LAW,OK,ASW,CE,Federal Contract Tower,0,8,0,0,8,0,0,0,0,0,0,8,0,0,8,0,0,0,8
02/21/2013,LAW,OK,ASW,CE,Federal Contract Tower,0,6,5,28,39,0,0,3,6,9,0,6,8,34,48,10,0,10,58
02/22/2013,LAW,OK,ASW,CE,Federal Contract Tower,0,8,1,30,39,0,0,4,0,4,0,8,5,30,43,0,0,0,43
02/23/2013,LAW,OK,ASW,CE,Federal Contract Tower,0,5,0,0,5,0,0,20,0,20,0,5,20,0,25,0,0,0,25
02/24/2013,LAW,OK,ASW,CE,Federal Contract Tower,0,8,0,0,8,0,0,17,0,17,0,8,17,0,25,0,0,0,25
02/25/2013,LAW,OK,ASW,CE,Federal Contract Tower,0,3,0,0,3,0,0,0,0,0,0,3,0,0,3,0,0,0,3
02/26/2013,LAW,OK,ASW,CE,Federal Contract Tower,0,11,1,14,26,0,0,1,0,1,0,11,2,14,27,0,0,0,27
02/27/2013,LAW,OK,ASW,CE,Federal Contract Tower,0,12,1,24,37,0,0,0,0,0,0,12,1,24,37,0,0,0,37
02/28/2013,LAW,OK,ASW,CE,Federal Contract Tower,0,8,1,19,28,0,0,11,1,12,0,8,12,20,40,0,0,0,40
03/01/2013,LAW,OK,ASW,CE,Federal Contract Tower,0,8,6,15,29,0,0,9,0,9,0,8,15,15,38,0,0,0,38
03/02/2013,LAW,OK,ASW,CE,Federal Contract Tower,0,8,3,0,11,0,0,25,0,25,0,8,28,0,36,0,0,0,36
03/03/2013,LAW,OK,ASW,CE,Federal Contract Tower,0,8,3,1,12,0,0,9,0,9,0,8,12,1,21,30,0,30,51
03/04/2013,LAW,OK,ASW,CE,Federal Contract Tower,0,8,2,30,40,0,0,12,0,12,0,8,14,30,52,6,0,6,58
03/05/2013,LAW,OK,ASW,CE,Federal Contract Tower,0,14,4,24,42,0,0,12,0,12,0,14,16,24,54,0,0,0,54
03/06/2013,LAW,OK,ASW,CE,Federal Contract Tower,0,8,1,23,32,0,0,12,2,14,0,8,13,25,46,10,0,10,56
03/07/2013,LAW,OK,ASW,CE,Federal Contract Tower,0,8,3,10,21,0,0,15,0,15,0,8,18,10,36,6,0,6,42
03/08/2013,LAW,OK,ASW,CE,Federal Contract Tower,0,8,3,40,51,0,0,2,0,2,0,8,5,40,53,0,0,0,53
03/09/2013,LAW,OK,ASW,CE,Federal Contract Tower,0,6,0,0,6,0,0,6,0,6,0,6,6,0,12,0,0,0,12
03/10/2013,LAW,OK,ASW,CE,Federal Contract Tower,0,8,2,2,12,0,0,2,0,2,0,8,4,2,14,2,0,2,16
03/11/2013,LAW,OK,ASW,CE,Federal Contract Tower,0,8,2,8,18,0,0,20,0,20,0,8,22,8,38,28,0,28,66
03/12/2013,LAW,OK,ASW,CE,Federal Contract Tower,0,10,1,18,29,0,0,16,0,16,0,10,17,18,45,4,0,4,49
03/13/2013,LAW,OK,ASW,CE,Federal Contract Tower,0,11,7,30,48,0,0,9,0,9,0,11,16,30,57,14,0,14,71
03/14/2013,LAW,OK,ASW,CE,Federal Contract Tower,0,8,3,24,35,0,0,5,0,5,0,8,8,24,40,0,0,0,40
03/15/2013,LAW,OK,ASW,CE,Federal Contract Tower,0,8,4,20,32,0,0,11,0,11,0,8,15,20,43,0,0,0,43
03/16/2013,LAW,OK,ASW,CE,Federal Contract Tower,0,7,12,0,19,0,0,6,0,6,0,7,18,0,25,10,0,10,35
03/17/2013,LAW,OK,ASW,CE,Federal Contract Tower,0,8,0,0,8,0,0,9,0,9,0,8,9,0,17,0,0,0,17
03/18/2013,LAW,OK,ASW,CE,Federal Contract Tower,0,8,8,24,40,0,0,8,0,8,0,8,16,24,48,0,0,0,48
03/19/2013,LAW,OK,ASW,CE,Federal Contract Tower,2,12,7,18,39,0,0,10,0,10,2,12,17,18,49,0,0,0,49
03/20/2013,LAW,OK,ASW,CE,Federal Contract Tower,0,8,4,40,52,0,0,17,0,17,0,8,21,40,69,0,0,0,69
03/21/2013,LAW,OK,ASW,CE,Federal Contract Tower,0,8,2,24,34,0,0,8,4,12,0,8,10,28,46,10,30,40,86
03/22/2013,LAW,OK,ASW,CE,Federal Contract Tower,0,8,4,48,60,0,0,0,0,0,0,8,4,48,60,0,0,0,60
03/23/2013,LAW,OK,ASW,CE,Federal Contract Tower,0,9,2,0,11,0,0,0,0,0,0,9,2,0,11,0,0,0,11
03/24/2013,LAW,OK,ASW,CE,Federal Contract Tower,0,8,0,0,8,0,0,1,0,1,0,8,1,0,9,0,0,0,9
03/25/2013,LAW,OK,ASW,CE,Federal Contract Tower,0,10,0,24,34,0,0,11,0,11,0,10,11,24,45,0,0,0,45
03/26/2013,LAW,OK,ASW,CE,Federal Contract Tower,0,11,2,23,36,0,0,19,0,19,0,11,21,23,55,8,0,8,63
03/27/2013,LAW,OK,ASW,CE,Federal Contract Tower,0,12,5,26,43,0,0,7,0,7,0,12,12,26,50,0,0,0,50
03/28/2013,LAW,OK,ASW,CE,Federal Contract Tower,0,9,20,40,69,0,0,12,4,16,0,9,32,44,85,0,8,8,93
03/29/2013,LAW,OK,ASW,CE,Federal Contract Tower,0,18,13,56,87,0,0,9,0,9,0,18,22,56,96,0,0,0,96
03/30/2013,LAW,OK,ASW,CE,Federal Contract Tower,0,8,5,1,14,0,0,15,0,15,0,8,20,1,29,0,0,0,29
03/31/2013,LAW,OK,ASW,CE,Federal Contract Tower,0,8,1,0,9,0,0,19,0,19,0,8,20,0,28,22,0,22,50
04/01/2013,LAW,OK,ASW,CE,Federal Contract Tower,0,8,6,90,104,0,0,8,0,8,0,8,14,90,112,0,0,0,112
04/02/2013,LAW,OK,ASW,CE,Federal Contract Tower,0,12,2,4,18,0,0,0,0,0,0,12,2,4,18,0,0,0,18
04/03/2013,LAW,OK,ASW,CE,Federal Contract Tower,0,8,3,0,11,0,0,0,0,0,0,8,3,0,11,0,0,0,11
04/04/2013,LAW,OK,ASW,CE,Federal Contract Tower,0,8,1,94,103,0,0,8,0,8,0,8,9,94,111,8,0,8,119
04/05/2013,LAW,OK,ASW,CE,Federal Contract Tower,0,8,4,58,70,0,0,45,0,45,0,8,49,58,115,0,0,0,115
04/06/2013,LAW,OK,ASW,CE,Federal Contract Tower,0,9,4,4,17,0,0,13,0,13,0,9,17,4,30,0,0,0,30
04/07/2013,LAW,OK,ASW,CE,Federal Contract Tower,0,9,2,0,11,0,0,11,0,11,0,9,13,0,22,30,0,30,52
04/08/2013,LAW,OK,ASW,CE,Federal Contract Tower,0,8,1,82,91,0,0,0,0,0,0,8,1,82,91,0,0,0,91
04/09/2013,LAW,OK,ASW,CE,Federal Contract Tower,4,8,2,48,62,0,0,6,0,6,4,8,8,48,68,0,0,0,68
04/10/2013,LAW,OK,ASW,CE,Federal Contract Tower,0,10,2,8,20,0,0,0,0,0,0,10,2,8,20,0,0,0,20
04/11/2013,LAW,OK,ASW,CE,Federal Contract Tower,0,8,2,70,80,0,0,9,0,9,0,8,11,70,89,0,0,0,89
04/12/2013,LAW,OK,ASW,CE,Federal Contract Tower,0,8,18,54,80,0,0,10,0,10,0,8,28,54,90,20,0,20,110
04/13/2013,LAW,OK,ASW,CE,Federal Contract Tower,0,8,1,0,9,0,0,11,0,11,0,8,12,0,20,0,0,0,20
04/14/2013,LAW,OK,ASW,CE,Federal Contract Tower,0,10,6,10,26,0,0,28,0,28,0,10,34,10,54,0,0,0,54
04/15/2013,LAW,OK,ASW,CE,Federal Contract Tower,0,10,1,70,81,0,0,2,0,2,0,10,3,70,83,0,0,0,83
04/16/2013,LAW,OK,ASW,CE,Federal Contract Tower,0,8,2,56,66,0,0,7,0,7,0,8,9,56,73,0,0,0,73
04/17/2013,LAW,OK,ASW,CE,Federal Contract Tower,1,6,7,62,76,0,0,10,0,10,1,6,17,62,86,0,0,0,86
04/18/2013,LAW,OK,ASW,CE,Federal Contract Tower,0,3,3,124,130,0,0,3,0,3,0,3,6,124,133,10,0,10,143
04/19/2013,LAW,OK,ASW,CE,Federal Contract Tower,2,10,20,106,138,0,0,31,0,31,2,10,51,106,169,32,0,32,201
04/20/2013,LAW,OK,ASW,CE,Federal Contract Tower,0,8,4,0,12,0,0,10,0,10,0,8,14,0,22,0,0,0,22
04/21/2013,LAW,OK,ASW,CE,Federal Contract Tower,0,10,13,0,23,0,0,19,0,19,0,10,32,0,42,10,0,10,52
04/22/2013,LAW,OK,ASW,CE,Federal Contract Tower,0,8,2,132,142,0,0,5,0,5,0,8,7,132,147,0,0,0,147
04/23/2013,LAW,OK,ASW,CE,Federal Contract Tower,0,11,14,0,25,0,0,0,0,0,0,11,14,0,25,0,0,0,25
04/24/2013,LAW,OK,ASW,CE,Federal Contract Tower,0,9,10,148,167,0,0,10,0,10,0,9,20,148,177,0,0,0,177
04/25/2013,LAW,OK,ASW,CE,Federal Contract Tower,0,8,45,126,179,0,0,12,0,12,0,8,57,126,191,0,0,0,191
04/26/2013,LAW,OK,ASW,CE,Federal Contract Tower,0,8,5,102,115,0,0,8,2,10,0,8,13,104,125,0,12,12,137
04/27/2013,LAW,OK,ASW,CE,Federal Contract Tower,2,8,3,0,13,0,0,10,0,10,2,8,13,0,23,0,0,0,23
04/28/2013,LAW,OK,ASW,CE,Federal Contract Tower,0,10,7,0,17,0,0,23,0,23,0,10,30,0,40,0,0,0,40
04/29/2013,LAW,OK,ASW,CE,Federal Contract Tower,0,8,1,118,127,0,0,12,0,12,0,8,13,118,139,0,0,0,139
04/30/2013,LAW,OK,ASW,CE,Federal Contract Tower,0,11,1,71,83,0,0,9,0,9,0,11,10,71,92,0,0,0,92
05/01/2013,LAW,OK,ASW,CE,Federal Contract Tower,0,8,22,60,90,0,0,8,0,8,0,8,30,60,98,0,0,0,98
05/02/2013,LAW,OK,ASW,CE,Federal Contract Tower,0,7,2,1,10,0,0,0,0,0,0,7,2,1,10,0,0,0,10
05/03/2013,LAW,OK,ASW,CE,Federal Contract Tower,0,10,9,48,67,0,0,27,0,27,0,10,36,48,94,14,0,14,108
05/04/2013,LAW,OK,ASW,CE,Federal Contract Tower,0,8,1,0,9,0,0,9,0,9,0,8,10,0,18,0,0,0,18
05/05/2013,LAW,OK,ASW,CE,Federal Contract Tower,0,8,1,8,17,0,0,13,0,13,0,8,14,8,30,0,0,0,30
05/06/2013,LAW,OK,ASW,CE,Federal Contract Tower,0,8,7,36,51,0,0,2,0,2,0,8,9,36,53,0,0,0,53
05/07/2013,LAW,OK,ASW,CE,Federal Contract Tower,2,10,5,10,27,0,0,3,0,3,2,10,8,10,30,0,0,0,30
05/08/2013,LAW,OK,ASW,CE,Federal Contract Tower,0,7,1,51,59,0,0,2,3,5,0,7,3,54,64,0,0,0,64
05/09/2013,LAW,OK,ASW,CE,Federal Contract Tower,0,6,6,28,40,0,0,4,1,5,0,6,10,29,45,0,0,0,45
05/10/2013,LAW,OK,ASW,CE,Federal Contract Tower,0,8,4,32,44,0,0,18,0,18,0,8,22,32,62,0,0,0,62
05/11/2013,LAW,OK,ASW,CE,Federal Contract Tower,1,8,2,0,11,0,0,14,0,14,1,8,16,0,25,10,0,10,35
05/12/2013,LAW,OK,ASW,CE,Federal Contract Tower,0,10,2,1,13,0,0,11,0,11,0,10,13,1,24,0,0,0,24
05/13/2013,LAW,OK,ASW,CE,Federal Contract Tower,0,8,2,56,66,2,0,5,0,7,2,8,7,56,73,0,0,0,73
05/14/2013,LAW,OK,ASW,CE,Federal Contract Tower,0,11,4,56,71,0,0,10,0,10,0,11,14,56,81,0,0,0,81
05/15/2013,LAW,OK,ASW,CE,Federal Contract Tower,0,8,7,20,35,0,0,7,0,7,0,8,14,20,42,0,0,0,42
05/16/2013,LAW,OK,ASW,CE,Federal Contract Tower,0,11,3,62,76,0,0,6,0,6,0,11,9,62,82,0,0,0,82
05/17/2013,LAW,OK,ASW,CE,Federal Contract Tower,0,10,15,14,39,0,0,8,0,8,0,10,23,14,47,0,0,0,47
05/18/2013,LAW,OK,ASW,CE,Federal Contract Tower,8,3,0,0,11,0,0,20,0,20,8,3,20,0,31,0,0,0,31
05/19/2013,LAW,OK,ASW,CE,Federal Contract Tower,0,8,0,12,20,0,0,17,0,17,0,8,17,12,37,0,0,0,37
05/20/2013,LAW,OK,ASW,CE,Federal Contract Tower,0,8,2,40,50,0,0,4,2,6,0,8,6,42,56,0,0,0,56
05/21/2013,LAW,OK,ASW,CE,Federal Contract Tower,0,14,2,56,72,0,0,2,0,2,0,14,4,56,74,0,0,0,74
05/22/2013,LAW,OK,ASW,CE,Federal Contract Tower,0,9,11,96,116,0,0,38,0,38,0,9,49,96,154,0,0,0,154
05/23/2013,LAW,OK,ASW,CE,Federal Contract Tower,0,8,1,68,77,0,0,0,0,0,0,8,1,68,77,0,0,0,77
05/24/2013,LAW,OK,ASW,CE,Federal Contract Tower,0,6,1,0,7,0,0,9,0,9,0,6,10,0,16,8,0,8,24
05/25/2013,LAW,OK,ASW,CE,Federal Contract Tower,2,8,0,0,10,0,0,5,0,5,2,8,5,0,15,0,0,0,15
05/26/2013,LAW,OK,ASW,CE,Federal Contract Tower,0,10,10,0,20,0,0,13,0,13,0,10,23,0,33,30,0,30,63
05/27/2013,LAW,OK,ASW,CE,Federal Contract Tower,0,10,2,0,12,0,0,16,0,16,0,10,18,0,28,0,0,0,28
05/28/2013,LAW,OK,ASW,CE,Federal Contract Tower,0,11,15,96,122,0,0,2,0,2,0,11,17,96,124,0,0,0,124
05/29/2013,LAW,OK,ASW,CE,Federal Contract Tower,0,7,10,66,83,0,0,6,0,6,0,7,16,66,89,6,0,6,95
05/30/2013,LAW,OK,ASW,CE,Federal Contract Tower,0,9,6,47,62,0,0,1,0,1,0,9,7,47,63,0,0,0,63
05/31/2013,LAW,OK,ASW,CE,Federal Contract Tower,0,7,0,28,35,0,0,20,0,20,0,7,20,28,55,32,0,32,87
06/01/2013,LAW,OK,ASW,CE,Federal Contract Tower,0,8,8,0,16,0,0,5,0,5,0,8,13,0,21,16,0,16,37
06/02/2013,LAW,OK,ASW,CE,Federal Contract Tower,0,8,1,0,9,0,0,22,0,22,0,8,23,0,31,34,0,34,65
06/03/2013,LAW,OK,ASW,CE,Federal Contract Tower,0,12,5,32,49,0,0,15,0,15,0,12,20,32,64,8,0,8,72
06/04/2013,LAW,OK,ASW,CE,Federal Contract Tower,0,11,0,22,33,0,0,9,0,9,0,11,9,22,42,0,0,0,42
06/05/2013,LAW,OK,ASW,CE,Federal Contract Tower,0,12,9,32,53,0,0,3,0,3,0,12,12,32,56,0,0,0,56
06/06/2013,LAW,OK,ASW,CE,Federal Contract Tower,0,8,4,33,45,0,0,6,0,6,0,8,10,33,51,6,0,6,57
06/07/2013,LAW,OK,ASW,CE,Federal Contract Tower,0,8,8,17,33,0,0,14,1,15,0,8,22,18,48,6,3,9,57
06/08/2013,LAW,OK,ASW,CE,Federal Contract Tower,0,8,9,0,17,0,0,4,0,4,0,8,13,0,21,0,0,0,21
06/09/2013,LAW,OK,ASW,CE,Federal Contract Tower,0,9,1,0,10,0,0,16,0,16,0,9,17,0,26,14,0,14,40
06/10/2013,LAW,OK,ASW,CE,Federal Contract Tower,0,8,8,26,42,0,0,11,1,12,0,8,19,27,54,2,0,2,56
06/11/2013,LAW,OK,ASW,CE,Federal Contract Tower,0,11,7,62,80,0,0,29,0,29,0,11,36,62,109,16,0,16,125
06/12/2013,LAW,OK,ASW,CE,Federal Contract Tower,0,9,3,26,38,0,0,3,0,3,0,9,6,26,41,0,0,0,41
06/13/2013,LAW,OK,ASW,CE,Federal Contract Tower,0,8,1,48,57,0,0,10,0,10,0,8,11,48,67,4,0,4,71
06/14/2013,LAW,OK,ASW,CE,Federal Contract Tower,0,9,10,42,61,0,0,13,0,13,0,9,23,42,74,0,0,0,74
06/15/2013,LAW,OK,ASW,CE,Federal Contract Tower,0,10,6,0,16,0,0,4,0,4,0,10,10,0,20,2,0,2,22
06/16/2013,LAW,OK,ASW,CE,Federal Contract Tower,0,8,12,0,20,0,0,11,0,11,0,8,23,0,31,10,0,10,41
06/17/2013,LAW,OK,ASW,CE,Federal Contract Tower,0,5,31,24,60,0,0,5,0,5,0,5,36,24,65,0,0,0,65
06/18/2013,LAW,OK,ASW,CE,Federal Contract Tower,0,10,33,35,78,0,0,17,0,17,0,10,50,35,95,24,8,32,127
06/19/2013,LAW,OK,ASW,CE,Federal Contract Tower,0,11,17,8,36,0,0,12,0,12,0,11,29,8,48,0,0,0,48
06/20/2013,LAW,OK,ASW,CE,Federal Contract Tower,0,8,4,10,22,0,0,10,5,15,0,8,14,15,37,0,10,10,47
06/21/2013,LAW,OK,ASW,CE,Federal Contract Tower,0,8,22,2,32,0,0,19,3,22,0,8,41,5,54,0,4,4,58
06/22/2013,LAW,OK,ASW,CE,Federal Contract Tower,0,10,2,0,12,0,0,11,0,11,0,10,13,0,23,0,0,0,23
06/23/2013,LAW,OK,ASW,CE,Federal Contract Tower,0,7,12,1,20,0,0,3,4,7,0,7,15,5,27,0,0,0,27
06/24/2013,LAW,OK,ASW,CE,Federal Contract Tower,0,8,22,9,39,0,0,14,1,15,0,8,36,10,54,0,0,0,54
06/25/2013,LAW,OK,ASW,CE,Federal Contract Tower,0,11,15,26,52,0,0,18,0,18,0,11,33,26,70,12,0,12,82
06/26/2013,LAW,OK,ASW,CE,Federal Contract Tower,0,8,23,10,41,0,0,8,2,10,0,8,31,12,51,0,0,0,51
06/27/2013,LAW,OK,ASW,CE,Federal Contract Tower,0,10,13,14,37,0,0,11,0,11,0,10,24,14,48,10,0,10,58
06/28/2013,LAW,OK,ASW,CE,Federal Contract Tower,0,8,15,15,38,0,0,20,6,26,0,8,35,21,64,0,18,18,82
06/29/2013,LAW,OK,ASW,CE,Federal Contract Tower,0,9,16,0,25,0,0,10,0,10,0,9,26,0,35,0,0,0,35
06/30/2013,LAW,OK,ASW,CE,Federal Contract Tower,0,6,5,0,11,0,0,1,0,1,0,6,6,0,12,0,0,0,12
07/01/2013,LAW,OK,ASW,CE,Federal Contract Tower,0,7,2,9,18,0,0,9,2,11,0,7,11,11,29,0,0,0,29
07/02/2013,LAW,OK,ASW,CE,Federal Contract Tower,0,10,3,25,38,0,0,15,0,15,0,10,18,25,53,0,0,0,53
07/03/2013,LAW,OK,ASW,CE,Federal Contract Tower,0,12,0,14,26,0,0,16,0,16,0,12,16,14,42,10,0,10,52
07/04/2013,LAW,OK,ASW,CE,Federal Contract Tower,0,8,0,0,8,0,0,0,0,0,0,8,0,0,8,0,0,0,8
07/05/2013,LAW,OK,ASW,CE,Federal Contract Tower,0,8,1,0,9,0,0,5,0,5,0,8,6,0,14,10,0,10,24
07/06/2013,LAW,OK,ASW,CE,Federal Contract Tower,0,10,2,0,12,0,0,7,0,7,0,10,9,0,19,0,0,0,19
07/07/2013,LAW,OK,ASW,CE,Federal Contract Tower,0,8,7,0,15,0,0,3,0,3,0,8,10,0,18,0,0,0,18
07/08/2013,LAW,OK,ASW,CE,Federal Contract Tower,0,8,0,40,48,0,0,19,4,23,0,8,19,44,71,8,0,8,79
07/09/2013,LAW,OK,ASW,CE,Federal Contract Tower,0,10,2,10,22,0,0,4,0,4,0,10,6,10,26,0,0,0,26
07/10/2013,LAW,OK,ASW,CE,Federal Contract Tower,0,8,3,52,63,0,0,7,0,7,0,8,10,52,70,0,0,0,70
07/11/2013,LAW,OK,ASW,CE,Federal Contract Tower,0,10,20,82,112,0,0,14,1,15,0,10,34,83,127,18,0,18,145
07/12/2013,LAW,OK,ASW,CE,Federal Contract Tower,0,9,9,72,90,0,0,12,0,12,0,9,21,72,102,10,0,10,112
07/13/2013,LAW,OK,ASW,CE,Federal Contract Tower,0,8,6,0,14,0,0,4,0,4,0,8,10,0,18,0,0,0,18
07/14/2013,LAW,OK,ASW,CE,Federal Contract Tower,0,8,2,0,10,0,0,0,0,0,0,8,2,0,10,0,0,0,10
07/15/2013,LAW,OK,ASW,CE,Federal Contract Tower,0,8,14,120,142,0,0,0,0,0,0,8,14,120,142,0,0,0,142
07/16/2013,LAW,OK,ASW,CE,Federal Contract Tower,0,10,8,93,111,0,0,0,0,0,0,10,8,93,111,0,0,0,111
07/17/2013,LAW,OK,ASW,CE,Federal Contract Tower,0,9,0,46,55,0,0,3,0,3,0,9,3,46,58,0,0,0,58
07/18/2013,LAW,OK,ASW,CE,Federal Contract Tower,0,6,3,102,111,0,0,21,0,21,0,6,24,102,132,14,0,14,146
07/19/2013,LAW,OK,ASW,CE,Federal Contract Tower,0,8,1,28,37,0,0,11,0,11,0,8,12,28,48,0,0,0,48
07/20/2013,LAW,OK,ASW,CE,Federal Contract Tower,0,10,0,4,14,0,0,8,0,8,0,10,8,4,22,0,0,0,22
07/21/2013,LAW,OK,ASW,CE,Federal Contract Tower,0,6,1,8,15,0,0,14,1,15,0,6,15,9,30,0,0,0,30
07/22/2013,LAW,OK,ASW,CE,Federal Contract Tower,0,9,14,39,62,0,0,11,0,11,0,9,25,39,73,10,0,10,83
07/23/2013,LAW,OK,ASW,CE,Federal Contract Tower,0,11,10,78,99,0,0,11,4,15,0,11,21,82,114,12,0,12,126
07/24/2013,LAW,OK,ASW,CE,Federal Contract Tower,0,8,5,48,61,0,0,8,0,8,0,8,13,48,69,0,0,0,69
07/25/2013,LAW,OK,ASW,CE,Federal Contract Tower,0,8,14,54,76,0,0,7,0,7,0,8,21,54,83,0,0,0,83
07/26/2013,LAW,OK,ASW,CE,Federal Contract Tower,0,8,12,38,58,0,0,10,0,10,0,8,22,38,68,0,0,0,68
07/27/2013,LAW,OK,ASW,CE,Federal Contract Tower,0,10,10,0,20,0,0,31,0,31,0,10,41,0,51,36,0,36,87
07/28/2013,LAW,OK,ASW,CE,Federal Contract Tower,0,8,0,12,20,0,0,4,0,4,0,8,4,12,24,0,0,0,24
07/29/2013,LAW,OK,ASW,CE,Federal Contract Tower,0,8,3,29,40,0,0,3,3,6,0,8,6,32,46,4,2,6,52
07/30/2013,LAW,OK,ASW,CE,Federal Contract Tower,0,11,15,46,72,0,0,19,0,19,0,11,34,46,91,28,0,28,119
07/31/2013,LAW,OK,ASW,CE,Federal Contract Tower,0,11,16,72,99,0,0,21,0,21,0,11,37,72,120,0,0,0,120
08/01/2013,LAW,OK,ASW,CE,Federal Contract Tower,0,8,5,70,83,0,0,14,4,18,0,8,19,74,101,0,0,0,101
08/02/2013,LAW,OK,ASW,CE,Federal Contract Tower,0,7,6,92,105,0,0,5,0,5,0,7,11,92,110,8,0,8,118
08/03/2013,LAW,OK,ASW,CE,Federal Contract Tower,0,10,11,2,23,0,0,18,0,18,0,10,29,2,41,0,0,0,41
08/04/2013,LAW,OK,ASW,CE,Federal Contract Tower,0,8,1,2,11,0,0,1,0,1,0,8,2,2,12,0,0,0,12
08/05/2013,LAW,OK,ASW,CE,Federal Contract Tower,0,8,5,64,77,0,0,8,0,8,0,8,13,64,85,0,0,0,85
08/06/2013,LAW,OK,ASW,CE,Federal Contract Tower,0,12,8,66,86,0,0,12,0,12,0,12,20,66,98,0,0,0,98
08/07/2013,LAW,OK,ASW,CE,Federal Contract Tower,0,8,5,58,71,0,0,6,0,6,0,8,11,58,77,0,0,0,77
08/08/2013,LAW,OK,ASW,CE,Federal Contract Tower,0,6,11,46,63,0,0,7,0,7,0,6,18,46,70,0,0,0,70
08/09/2013,LAW,OK,ASW,CE,Federal Contract Tower,0,8,6,35,49,0,0,9,0,9,0,8,15,35,58,0,6,6,64
08/10/2013,LAW,OK,ASW,CE,Federal Contract Tower,0,10,9,0,19,0,0,19,0,19,0,10,28,0,38,14,0,14,52
08/11/2013,LAW,OK,ASW,CE,Federal Contract Tower,0,8,4,0,12,0,0,13,0,13,0,8,17,0,25,0,0,0,25
08/12/2013,LAW,OK,ASW,CE,Federal Contract Tower,0,8,1,26,35,0,0,11,0,11,0,8,12,26,46,6,0,6,52
08/13/2013,LAW,OK,ASW,CE,Federal Contract Tower,0,10,0,38,48,0,0,1,0,1,0,10,1,38,49,0,0,0,49
08/14/2013,LAW,OK,ASW,CE,Federal Contract Tower,0,13,1,58,72,0,0,11,0,11,0,13,12,58,83,0,0,0,83
08/15/2013,LAW,OK,ASW,CE,Federal Contract Tower,0,8,3,48,59,0,0,6,0,6,0,8,9,48,65,0,0,0,65
08/16/2013,LAW,OK,ASW,CE,Federal Contract Tower,0,8,3,48,59,0,0,6,0,6,0,8,9,48,65,0,0,0,65
08/17/2013,LAW,OK,ASW,CE,Federal Contract Tower,2,10,11,1,24,0,0,8,1,9,2,10,19,2,33,12,0,12,45
08/18/2013,LAW,OK,ASW,CE,Federal Contract Tower,0,8,2,0,10,0,0,9,0,9,0,8,11,0,19,0,0,0,19
08/19/2013,LAW,OK,ASW,CE,Federal Contract Tower,0,8,5,92,105,0,0,6,0,6,0,8,11,92,111,0,0,0,111
08/20/2013,LAW,OK,ASW,CE,Federal Contract Tower,0,12,1,94,107,0,0,7,0,7,0,12,8,94,114,4,0,4,118
08/21/2013,LAW,OK,ASW,CE,Federal Contract Tower,0,8,10,90,108,0,0,20,2,22,0,8,30,92,130,0,0,0,130
08/22/2013,LAW,OK,ASW,CE,Federal Contract Tower,0,8,26,88,122,0,0,8,2,10,0,8,34,90,132,0,0,0,132
08/23/2013,LAW,OK,ASW,CE,Federal Contract Tower,0,10,6,35,51,0,0,14,1,15,0,10,20,36,66,0,0,0,66
08/24/2013,LAW,OK,ASW,CE,Federal Contract Tower,0,10,16,0,26,0,0,12,0,12,0,10,28,0,38,6,0,6,44
08/25/2013,LAW,OK,ASW,CE,Federal Contract Tower,0,9,15,4,28,0,0,28,1,29,0,9,43,5,57,0,0,0,57
08/26/2013,LAW,OK,ASW,CE,Federal Contract Tower,0,8,2,50,60,0,0,2,0,2,0,8,4,50,62,0,0,0,62
08/27/2013,LAW,OK,ASW,CE,Federal Contract Tower,0,11,0,62,73,0,0,2,0,2,0,11,2,62,75,0,0,0,75
08/28/2013,LAW,OK,ASW,CE,Federal Contract Tower,0,11,21,38,70,0,0,3,18,21,0,11,24,56,91,0,18,18,109
08/29/2013,LAW,OK,ASW,CE,Federal Contract Tower,0,8,2,46,56,0,0,4,0,4,0,8,6,46,60,0,0,0,60
08/30/2013,LAW,OK,ASW,CE,Federal Contract Tower,0,10,17,24,51,0,0,10,0,10,0,10,27,24,61,4,0,4,65
08/31/2013,LAW,OK,ASW,CE,Federal Contract Tower,0,8,15,0,23,0,0,13,2,15,0,8,28,2,38,0,0,0,38
09/01/2013,LAW,OK,ASW,CE,Federal Contract Tower,0,8,2,0,10,0,0,7,0,7,0,8,9,0,17,6,0,6,23
09/02/2013,LAW,OK,ASW,CE,Federal Contract Tower,0,8,5,0,13,0,0,7,0,7,0,8,12,0,20,0,0,0,20
09/03/2013,LAW,OK,ASW,CE,Federal Contract Tower,0,12,0,41,53,0,0,2,0,2,0,12,2,41,55,0,0,0,55
09/04/2013,LAW,OK,ASW,CE,Federal Contract Tower,0,8,3,62,73,0,0,2,0,2,0,8,5,62,75,0,0,0,75
09/05/2013,LAW,OK,ASW,CE,Federal Contract Tower,0,11,5,70,86,0,0,5,0,5,0,11,10,70,91,0,0,0,91
09/06/2013,LAW,OK,ASW,CE,Federal Contract Tower,0,8,18,49,75,0,0,16,0,16,0,8,34,49,91,22,8,30,121
09/07/2013,LAW,OK,ASW,CE,Federal Contract Tower,0,7,8,2,17,0,0,3,0,3,0,7,11,2,20,10,0,10,30
09/08/2013,LAW,OK,ASW,CE,Federal Contract Tower,0,8,1,0,9,0,0,11,0,11,0,8,12,0,20,30,0,30,50
09/09/2013,LAW,OK,ASW,CE,Federal Contract Tower,0,7,3,28,38,0,0,23,0,23,0,7,26,28,61,6,6,12,73
09/10/2013,LAW,OK,ASW,CE,Federal Contract Tower,0,11,1,28,40,0,0,6,0,6,0,11,7,28,46,0,0,0,46
09/11/2013,LAW,OK,ASW,CE,Federal Contract Tower,0,12,1,48,61,0,0,5,0,5,0,12,6,48,66,0,0,0,66
09/12/2013,LAW,OK,ASW,CE,Federal Contract Tower,0,8,3,72,83,0,0,15,0,15,0,8,18,72,98,0,0,0,98
09/13/2013,LAW,OK,ASW,CE,Federal Contract Tower,0,7,6,8,21,0,0,4,0,4,0,7,10,8,25,0,0,0,25
09/14/2013,LAW,OK,ASW,CE,Federal Contract Tower,1,8,8,0,17,0,0,18,0,18,1,8,26,0,35,16,0,16,51
09/15/2013,LAW,OK,ASW,CE,Federal Contract Tower,0,8,3,0,11,0,0,4,2,6,0,8,7,2,17,10,0,10,27
09/16/2013,LAW,OK,ASW,CE,Federal Contract Tower,0,8,3,85,96,0,0,7,0,7,0,8,10,85,103,0,0,0,103
09/17/2013,LAW,OK,ASW,CE,Federal Contract Tower,0,12,11,81,104,0,0,3,0,3,0,12,14,81,107,0,30,30,137
09/18/2013,LAW,OK,ASW,CE,Federal Contract Tower,0,9,3,58,70,0,0,4,0,4,0,9,7,58,74,0,0,0,74
09/19/2013,LAW,OK,ASW,CE,Federal Contract Tower,0,7,3,38,48,0,0,9,0,9,0,7,12,38,57,0,0,0,57
09/20/2013,LAW,OK,ASW,CE,Federal Contract Tower,0,7,11,90,108,0,0,1,0,1,0,7,12,90,109,0,0,0,109
09/21/2013,LAW,OK,ASW,CE,Federal Contract Tower,0,8,15,0,23,0,0,22,0,22,0,8,37,0,45,10,0,10,55
09/22/2013,LAW,OK,ASW,CE,Federal Contract Tower,0,8,6,0,14,0,0,17,0,17,0,8,23,0,31,12,0,12,43
09/23/2013,LAW,OK,ASW,CE,Federal Contract Tower,0,8,10,92,110,0,0,9,0,9,0,8,19,92,119,0,0,0,119
09/24/2013,LAW,OK,ASW,CE,Federal Contract Tower,0,11,0,56,67,0,0,13,0,13,0,11,13,56,80,0,0,0,80
09/25/2013,LAW,OK,ASW,CE,Federal Contract Tower,0,11,9,47,67,0,0,5,0,5,0,11,14,47,72,0,0,0,72
09/26/2013,LAW,OK,ASW,CE,Federal Contract Tower,0,9,5,36,50,0,0,12,0,12,0,9,17,36,62,0,0,0,62
09/27/2013,LAW,OK,ASW,CE,Federal Contract Tower,0,8,6,10,24,0,0,9,0,9,0,8,15,10,33,2,0,2,35
09/28/2013,LAW,OK,ASW,CE,Federal Contract Tower,0,6,0,0,6,0,0,2,0,2,0,6,2,0,8,0,0,0,8
09/29/2013,LAW,OK,ASW,CE,Federal Contract Tower,0,8,14,0,22,0,0,9,0,9,0,8,23,0,31,10,0,10,41
09/30/2013,LAW,OK,ASW,CE,Federal Contract Tower,0,7,1,0,8,0,0,5,0,5,0,7,6,0,13,0,0,0,13
10/01/2013,LAW,OK,ASW,CE,Federal Contract Tower,0,12,16,40,68,0,0,10,0,10,0,12,26,40,78,10,0,10,88
10/02/2013,LAW,OK,ASW,CE,Federal Contract Tower,0,8,3,38,49,0,0,2,0,2,0,8,5,38,51,0,0,0,51
10/03/2013,LAW,OK,ASW,CE,Federal Contract Tower,0,9,8,32,49,0,0,0,15,15,0,9,8,47,64,16,0,16,80
10/04/2013,LAW,OK,ASW,CE,Federal Contract Tower,0,6,1,9,16,0,0,11,0,11,0,6,12,9,27,0,0,0,27
10/05/2013,LAW,OK,ASW,CE,Federal Contract Tower,1,6,4,0,11,0,0,4,0,4,1,6,8,0,15,0,0,0,15
10/06/2013,LAW,OK,ASW,CE,Federal Contract Tower,0,11,12,0,23,0,0,11,0,11,0,11,23,0,34,10,0,10,44
10/07/2013,LAW,OK,ASW,CE,Federal Contract Tower,1,8,5,54,68,0,0,10,0,10,1,8,15,54,78,12,0,12,90
10/08/2013,LAW,OK,ASW,CE,Federal Contract Tower,0,11,2,54,67,0,0,11,0,11,0,11,13,54,78,10,0,10,88
10/09/2013,LAW,OK,ASW,CE,Federal Contract Tower,0,11,10,16,37,0,0,4,0,4,0,11,14,16,41,0,0,0,41
10/10/2013,LAW,OK,ASW,CE,Federal Contract Tower,0,8,2,32,42,0,0,10,0,10,0,8,12,32,52,10,0,10,62
10/11/2013,LAW,OK,ASW,CE,Federal Contract Tower,0,9,2,20,31,0,0,17,0,17,0,9,19,20,48,10,0,10,58
10/12/2013,LAW,OK,ASW,CE,Federal Contract Tower,0,8,12,0,20,0,0,3,0,3,0,8,15,0,23,0,0,0,23
10/13/2013,LAW,OK,ASW,CE,Federal Contract Tower,0,10,5,0,15,0,0,2,0,2,0,10,7,0,17,10,0,10,27
10/14/2013,LAW,OK,ASW,CE,Federal Contract Tower,0,7,0,0,7,0,0,0,0,0,0,7,0,0,7,0,0,0,7
10/15/2013,LAW,OK,ASW,CE,Federal Contract Tower,0,12,3,0,15,0,0,1,0,1,0,12,4,0,16,0,0,0,16
10/16/2013,LAW,OK,ASW,CE,Federal Contract Tower,0,8,0,59,67,0,0,2,0,2,0,8,2,59,69,0,10,10,79
10/17/2013,LAW,OK,ASW,CE,Federal Contract Tower,0,8,3,76,87,0,0,8,0,8,0,8,11,76,95,10,0,10,105
10/18/2013,LAW,OK,ASW,CE,Federal Contract Tower,0,9,4,54,67,0,0,1,0,1,0,9,5,54,68,0,0,0,68
10/19/2013,LAW,OK,ASW,CE,Federal Contract Tower,0,8,13,0,21,0,0,10,0,10,0,8,23,0,31,2,0,2,33
10/20/2013,LAW,OK,ASW,CE,Federal Contract Tower,0,10,8,4,22,0,0,15,0,15,0,10,23,4,37,0,0,0,37
10/21/2013,LAW,OK,ASW,CE,Federal Contract Tower,0,8,1,104,113,0,0,7,0,7,0,8,8,104,120,0,0,0,120
10/22/2013,LAW,OK,ASW,CE,Federal Contract Tower,0,11,0,68,79,0,0,11,0,11,0,11,11,68,90,0,6,6,96
10/23/2013,LAW,OK,ASW,CE,Federal Contract Tower,0,12,6,74,92,0,0,4,0,4,0,12,10,74,96,0,0,0,96
10/24/2013,LAW,OK,ASW,CE,Federal Contract Tower,0,8,7,76,91,0,0,12,0,12,0,8,19,76,103,10,0,10,113
10/25/2013,LAW,OK,ASW,CE,Federal Contract Tower,0,8,6,44,58,0,0,11,7,18,0,8,17,51,76,8,0,8,84
10/26/2013,LAW,OK,ASW,CE,Federal Contract Tower,0,6,16,0,22,0,0,3,0,3,0,6,19,0,25,0,0,0,25
10/27/2013,LAW,OK,ASW,CE,Federal Contract Tower,0,9,22,31,62,0,0,21,8,29,0,9,43,39,91,10,0,10,101
10/28/2013,LAW,OK,ASW,CE,Federal Contract Tower,0,8,1,70,79,0,0,0,0,0,0,8,1,70,79,0,0,0,79
10/29/2013,LAW,OK,ASW,CE,Federal Contract Tower,0,11,1,102,114,0,0,6,0,6,0,11,7,102,120,0,0,0,120
10/30/2013,LAW,OK,ASW,CE,Federal Contract Tower,0,11,4,79,94,0,0,0,2,2,0,11,4,81,96,0,0,0,96
10/31/2013,LAW,OK,ASW,CE,Federal Contract Tower,0,8,5,35,48,0,0,5,4,9,0,8,10,39,57,0,0,0,57
11/01/2013,LAW,OK,ASW,CE,Federal Contract Tower,0,8,15,24,47,0,0,19,6,25,0,8,34,30,72,22,28,50,122
11/02/2013,LAW,OK,ASW,CE,Federal Contract Tower,0,8,8,1,17,0,0,9,5,14,0,8,17,6,31,6,0,6,37
11/03/2013,LAW,OK,ASW,CE,Federal Contract Tower,0,9,4,1,14,0,0,6,3,9,0,9,10,4,23,6,0,6,29
11/04/2013,LAW,OK,ASW,CE,Federal Contract Tower,0,6,4,22,32,0,0,4,26,30,0,6,8,48,62,0,0,0,62
11/05/2013,LAW,OK,ASW,CE,Federal Contract Tower,0,8,8,102,118,0,0,0,0,0,0,8,8,102,118,0,0,0,118
11/06/2013,LAW,OK,ASW,CE,Federal Contract Tower,0,12,12,39,63,0,0,3,1,4,0,12,15,40,67,0,0,0,67
11/07/2013,LAW,OK,ASW,CE,Federal Contract Tower,0,8,4,28,40,0,0,17,19,36,0,8,21,47,76,0,2,2,78
11/08/2013,LAW,OK,ASW,CE,Federal Contract Tower,0,7,10,60,77,0,0,8,2,10,0,7,18,62,87,0,0,0,87
11/09/2013,LAW,OK,ASW,CE,Federal Contract Tower,0,8,1,0,9,0,0,6,0,6,0,8,7,0,15,8,0,8,23
11/10/2013,LAW,OK,ASW,CE,Federal Contract Tower,0,8,13,0,21,0,0,1,0,1,0,8,14,0,22,0,0,0,22
11/11/2013,LAW,OK,ASW,CE,Federal Contract Tower,0,8,1,0,9,0,0,2,0,2,0,8,3,0,11,0,0,0,11
11/12/2013,LAW,OK,ASW,CE,Federal Contract Tower,0,12,4,76,92,0,0,8,4,12,0,12,12,80,104,0,0,0,104
11/13/2013,LAW,OK,ASW,CE,Federal Contract Tower,0,8,2,30,40,0,0,4,0,4,0,8,6,30,44,0,0,0,44
11/14/2013,LAW,OK,ASW,CE,Federal Contract Tower,0,8,6,42,56,0,0,1,0,1,0,8,7,42,57,0,0,0,57
11/15/2013,LAW,OK,ASW,CE,Federal Contract Tower,0,8,1,50,59,0,0,25,0,25,0,8,26,50,84,16,0,16,100
11/16/2013,LAW,OK,ASW,CE,Federal Contract Tower,0,8,2,0,10,0,0,2,0,2,0,8,4,0,12,8,0,8,20
11/17/2013,LAW,OK,ASW,CE,Federal Contract Tower,0,8,3,18,29,0,0,7,9,16,0,8,10,27,45,4,0,4,49
11/18/2013,LAW,OK,ASW,CE,Federal Contract Tower,0,8,8,25,41,0,0,10,0,10,0,8,18,25,51,12,12,24,75
11/19/2013,LAW,OK,ASW,CE,Federal Contract Tower,0,11,3,74,88,0,0,12,0,12,0,11,15,74,100,26,0,26,126
11/20/2013,LAW,OK,ASW,CE,Federal Contract Tower,0,11,12,48,71,0,0,8,0,8,0,11,20,48,79,0,0,0,79
11/21/2013,LAW,OK,ASW,CE,Federal Contract Tower,0,6,1,98,105,0,0,2,2,4,0,6,3,100,109,0,0,0,109
11/22/2013,LAW,OK,ASW,CE,Federal Contract Tower,0,1,1,0,2,0,0,0,0,0,0,1,1,0,2,0,0,0,2
11/23/2013,LAW,OK,ASW,CE,Federal Contract Tower,0,4,0,0,4,0,0,4,0,4,0,4,4,0,8,0,0,0,8
11/24/2013,LAW,OK,ASW,CE,Federal Contract Tower,0,0,1,0,1,0,0,0,0,0,0,0,1,0,1,0,0,0,1
11/25/2013,LAW,OK,ASW,CE,Federal Contract Tower,0,4,5,0,9,0,0,0,0,0,0,4,5,0,9,0,0,0,9
11/26/2013,LAW,OK,ASW,CE,Federal Contract Tower,0,9,7,28,44,0,0,3,0,3,0,9,10,28,47,0,0,0,47
11/27/2013,LAW,OK,ASW,CE,Federal Contract Tower,0,6,14,6,26,0,0,15,0,15,0,6,29,6,41,36,0,36,77
11/28/2013,LAW,OK,ASW,CE,Federal Contract Tower,0,2,0,0,2,0,0,5,0,5,0,2,5,0,7,0,0,0,7
11/29/2013,LAW,OK,ASW,CE,Federal Contract Tower,0,6,9,0,15,0,0,19,0,19,0,6,28,0,34,0,0,0,34
11/30/2013,LAW,OK,ASW,CE,Federal Contract Tower,0,6,1,0,7,0,0,33,0,33,0,6,34,0,40,0,0,0,40
12/01/2013,LAW,OK,ASW,CE,Federal Contract Tower,0,5,8,0,13,0,0,9,0,9,0,5,17,0,22,4,0,4,26
12/02/2013,LAW,OK,ASW,CE,Federal Contract Tower,0,2,6,15,23,0,0,0,0,0,0,2,6,15,23,0,0,0,23
12/03/2013,LAW,OK,ASW,CE,Federal Contract Tower,0,8,3,18,29,0,0,16,0,16,0,8,19,18,45,12,0,12,57
12/04/2013,LAW,OK,ASW,CE,Federal Contract Tower,0,9,12,58,79,0,0,9,1,10,0,9,21,59,89,0,0,0,89
12/05/2013,LAW,OK,ASW,CE,Federal Contract Tower,0,3,2,25,30,0,0,0,2,2,0,3,2,27,32,0,0,0,32
12/06/2013,LAW,OK,ASW,CE,Federal Contract Tower,2,0,2,2,6,0,0,2,0,2,2,0,4,2,8,0,0,0,8
12/07/2013,LAW,OK,ASW,CE,Federal Contract Tower,0,1,2,0,3,0,0,3,0,3,0,1,5,0,6,0,0,0,6
12/08/2013,LAW,OK,ASW,CE,Federal Contract Tower,0,3,0,0,3,0,0,1,0,1,0,3,1,0,4,0,0,0,4
12/09/2013,LAW,OK,ASW,CE,Federal Contract Tower,0,3,4,3,10,0,0,0,0,0,0,3,4,3,10,0,0,0,10
12/10/2013,LAW,OK,ASW,CE,Federal Contract Tower,0,9,7,67,83,0,0,4,8,12,0,9,11,75,95,0,14,14,109
12/11/2013,LAW,OK,ASW,CE,Federal Contract Tower,0,7,2,58,67,0,0,4,2,6,0,7,6,60,73,0,0,0,73
12/12/2013,LAW,OK,ASW,CE,Federal Contract Tower,0,6,3,60,69,0,0,3,0,3,0,6,6,60,72,0,0,0,72
12/13/2013,LAW,OK,ASW,CE,Federal Contract Tower,0,8,9,84,101,0,0,8,0,8,0,8,17,84,109,0,10,10,119
12/14/2013,LAW,OK,ASW,CE,Federal Contract Tower,0,5,9,34,48,0,0,7,31,38,0,5,16,65,86,0,0,0,86
12/15/2013,LAW,OK,ASW,CE,Federal Contract Tower,0,5,6,14,25,0,0,19,23,42,0,5,25,37,67,8,0,8,75
12/16/2013,LAW,OK,ASW,CE,Federal Contract Tower,2,5,7,96,110,0,0,17,0,17,2,5,24,96,127,0,0,0,127
12/17/2013,LAW,OK,ASW,CE,Federal Contract Tower,2,5,13,110,130,0,0,18,0,18,2,5,31,110,148,8,18,26,174
12/18/2013,LAW,OK,ASW,CE,Federal Contract Tower,0,9,2,125,136,0,0,13,4,17,0,9,15,129,153,0,0,0,153
12/19/2013,LAW,OK,ASW,CE,Federal Contract Tower,0,8,21,85,114,0,0,9,0,9,0,8,30,85,123,0,0,0,123
12/20/2013,LAW,OK,ASW,CE,Federal Contract Tower,0,6,3,40,49,0,0,6,0,6,0,6,9,40,55,0,0,0,55
12/21/2013,LAW,OK,ASW,CE,Federal Contract Tower,0,1,2,0,3,0,0,0,0,0,0,1,2,0,3,0,0,0,3
12/22/2013,LAW,OK,ASW,CE,Federal Contract Tower,0,5,15,0,20,0,0,1,0,1,0,5,16,0,21,0,0,0,21
12/23/2013,LAW,OK,ASW,CE,Federal Contract Tower,0,4,22,0,26,0,0,11,0,11,0,4,33,0,37,8,0,8,45
12/24/2013,LAW,OK,ASW,CE,Federal Contract Tower,0,3,0,0,3,0,0,2,0,2,0,3,2,0,5,0,0,0,5
12/25/2013,LAW,OK,ASW,CE,Federal Contract Tower,0,4,0,0,4,0,0,0,0,0,0,4,0,0,4,0,0,0,4
12/26/2013,LAW,OK,ASW,CE,Federal Contract Tower,0,5,17,4,26,0,0,13,0,13,0,5,30,4,39,10,22,32,71
12/27/2013,LAW,OK,ASW,CE,Federal Contract Tower,0,8,4,0,12,0,0,48,0,48,0,8,52,0,60,24,0,24,84
12/28/2013,LAW,OK,ASW,CE,Federal Contract Tower,0,5,0,0,5,0,0,32,0,32,0,5,32,0,37,12,0,12,49
12/29/2013,LAW,OK,ASW,CE,Federal Contract Tower,0,5,0,0,5,0,0,1,0,1,0,5,1,0,6,0,0,0,6
12/30/2013,LAW,OK,ASW,CE,Federal Contract Tower,0,4,6,0,10,0,0,32,0,32,0,4,38,0,42,0,0,0,42
12/31/2013,LAW,OK,ASW,CE,Federal Contract Tower,0,7,2,0,9,0,0,10,0,10,0,7,12,0,19,0,0,0,19
01/01/2014,LAW,OK,ASW,CE,Federal Contract Tower,0,10,8,0,18,0,0,2,0,2,0,10,10,0,20,0,0,0,20
01/02/2014,LAW,OK,ASW,CE,Federal Contract Tower,0,6,6,0,12,0,0,7,0,7,0,6,13,0,19,16,0,16,35
01/03/2014,LAW,OK,ASW,CE,Federal Contract Tower,0,4,6,32,42,0,0,17,0,17,0,4,23,32,59,0,0,0,59
01/04/2014,LAW,OK,ASW,CE,Federal Contract Tower,0,6,13,0,19,0,0,23,0,23,0,6,36,0,42,0,0,0,42
01/05/2014,LAW,OK,ASW,CE,Federal Contract Tower,0,5,3,0,8,0,0,8,0,8,0,5,11,0,16,0,0,0,16
01/06/2014,LAW,OK,ASW,CE,Federal Contract Tower,0,6,0,80,86,0,0,7,0,7,0,6,7,80,93,0,0,0,93
01/07/2014,LAW,OK,ASW,CE,Federal Contract Tower,0,10,6,98,114,0,0,11,0,11,0,10,17,98,125,10,0,10,135
01/08/2014,LAW,OK,ASW,CE,Federal Contract Tower,0,6,4,104,114,0,0,5,0,5,0,6,9,104,119,14,0,14,133
01/09/2014,LAW,OK,ASW,CE,Federal Contract Tower,0,6,13,82,101,0,0,0,0,0,0,6,13,82,101,0,0,0,101
01/10/2014,LAW,OK,ASW,CE,Federal Contract Tower,0,4,11,30,45,0,0,8,0,8,0,4,19,30,53,10,0,10,63
01/11/2014,LAW,OK,ASW,CE,Federal Contract Tower,0,6,1,0,7,0,0,18,0,18,0,6,19,0,25,16,0,16,41
01/12/2014,LAW,OK,ASW,CE,Federal Contract Tower,2,6,5,1,14,0,0,10,0,10,2,6,15,1,24,0,0,0,24
01/13/2014,LAW,OK,ASW,CE,Federal Contract Tower,0,6,3,78,87,0,0,10,0,10,0,6,13,78,97,12,0,12,109
01/14/2014,LAW,OK,ASW,CE,Federal Contract Tower,0,9,4,78,91,0,0,5,0,5,0,9,9,78,96,0,0,0,96
01/15/2014,LAW,OK,ASW,CE,Federal Contract Tower,0,10,10,22,42,0,0,21,0,21,0,10,31,22,63,26,0,26,89
01/16/2014,LAW,OK,ASW,CE,Federal Contract Tower,2,4,2,38,46,0,0,2,0,2,2,4,4,38,48,0,0,0,48
01/17/2014,LAW,OK,ASW,CE,Federal Contract Tower,2,6,10,42,60,0,0,42,0,42,2,6,52,42,102,40,0,40,142
01/18/2014,LAW,OK,ASW,CE,Federal Contract Tower,0,6,7,0,13,0,0,30,0,30,0,6,37,0,43,30,0,30,73
01/19/2014,LAW,OK,ASW,CE,Federal Contract Tower,0,6,11,0,17,0,0,17,0,17,0,6,28,0,34,24,0,24,58
01/20/2014,LAW,OK,ASW,CE,Federal Contract Tower,0,6,4,41,51,0,0,11,2,13,0,6,15,43,64,6,4,10,74
01/21/2014,LAW,OK,ASW,CE,Federal Contract Tower,0,10,9,80,99,0,0,4,0,4,0,10,13,80,103,0,10,10,113
01/22/2014,LAW,OK,ASW,CE,Federal Contract Tower,0,5,5,50,60,0,0,15,0,15,0,5,20,50,75,20,0,20,95
01/23/2014,LAW,OK,ASW,CE,Federal Contract Tower,0,6,19,104,129,0,0,5,2,7,0,6,24,106,136,0,0,0,136
01/24/2014,LAW,OK,ASW,CE,Federal Contract Tower,0,6,7,18,31,0,0,16,0,16,0,6,23,18,47,10,0,10,57
01/25/2014,LAW,OK,ASW,CE,Federal Contract Tower,0,6,0,0,6,0,0,61,0,61,0,6,61,0,67,24,0,24,91
01/26/2014,LAW,OK,ASW,CE,Federal Contract Tower,0,6,17,0,23,0,0,13,0,13,0,6,30,0,36,22,0,22,58
01/27/2014,LAW,OK,ASW,CE,Federal Contract Tower,0,6,0,45,51,0,0,3,0,3,0,6,3,45,54,0,0,0,54
01/28/2014,LAW,OK,ASW,CE,Federal Contract Tower,0,9,4,68,81,0,0,4,0,4,0,9,8,68,85,0,0,0,85
01/29/2014,LAW,OK,ASW,CE,Federal Contract Tower,0,9,3,42,54,0,0,7,0,7,0,9,10,42,61,32,0,32,93
01/30/2014,LAW,OK,ASW,CE,Federal Contract Tower,0,6,2,72,80,0,0,4,0,4,0,6,6,72,84,0,0,0,84
01/31/2014,LAW,OK,ASW,CE,Federal Contract Tower,0,6,14,100,120,0,0,22,10,32,0,6,36,110,152,6,114,120,272
02/01/2014,LAW,OK,ASW,CE,Federal Contract Tower,0,6,1,0,7,0,0,6,0,6,0,6,7,0,13,20,0,20,33
02/02/2014,LAW,OK,ASW,CE,Federal Contract Tower,0,0,0,0,0,0,0,0,0,0,0,0,0,0,0,0,0,0,0
02/03/2014,LAW,OK,ASW,CE,Federal Contract Tower,0,9,6,0,15,0,0,2,0,2,0,9,8,0,17,0,0,0,17
02/04/2014,LAW,OK,ASW,CE,Federal Contract Tower,0,10,2,16,28,0,0,0,0,0,0,10,2,16,28,0,0,0,28
02/05/2014,LAW,OK,ASW,CE,Federal Contract Tower,0,6,3,116,125,0,0,6,0,6,0,6,9,116,131,28,0,28,159
02/06/2014,LAW,OK,ASW,CE,Federal Contract Tower,0,5,3,0,8,0,0,0,0,0,0,5,3,0,8,0,0,0,8
02/07/2014,LAW,OK,ASW,CE,Federal Contract Tower,0,8,4,10,22,0,0,0,0,0,0,8,4,10,22,0,0,0,22
02/08/2014,LAW,OK,ASW,CE,Federal Contract Tower,0,6,19,20,45,0,0,4,4,8,0,6,23,24,53,0,0,0,53
02/09/2014,LAW,OK,ASW,CE,Federal Contract Tower,0,7,2,9,18,0,0,0,0,0,0,7,2,9,18,0,0,0,18
02/10/2014,LAW,OK,ASW,CE,Federal Contract Tower,0,6,1,0,7,0,0,0,0,0,0,6,1,0,7,0,0,0,7
02/11/2014,LAW,OK,ASW,CE,Federal Contract Tower,0,5,1,4,10,0,0,0,0,0,0,5,1,4,10,0,0,0,10
02/12/2014,LAW,OK,ASW,CE,Federal Contract Tower,0,9,14,86,109,0,0,15,0,15,0,9,29,86,124,22,0,22,146
02/13/2014,LAW,OK,ASW,CE,Federal Contract Tower,0,6,6,76,88,0,0,28,0,28,0,6,34,76,116,20,0,20,136
02/14/2014,LAW,OK,ASW,CE,Federal Contract Tower,0,6,2,66,74,0,0,10,0,10,0,6,12,66,84,0,0,0,84
02/15/2014,LAW,OK,ASW,CE,Federal Contract Tower,0,6,2,2,10,0,0,17,0,17,0,6,19,2,27,44,0,44,71
02/16/2014,LAW,OK,ASW,CE,Federal Contract Tower,0,6,7,0,13,0,0,34,0,34,0,6,41,0,47,22,0,22,69
02/17/2014,LAW,OK,ASW,CE,Federal Contract Tower,0,6,0,0,6,0,0,16,0,16,0,6,16,0,22,0,0,0,22
02/18/2014,LAW,OK,ASW,CE,Federal Contract Tower,0,10,10,65,85,0,0,21,0,21,0,10,31,65,106,18,0,18,124
02/19/2014,LAW,OK,ASW,CE,Federal Contract Tower,0,6,8,109,123,0,0,9,0,9,0,6,17,109,132,12,0,12,144
02/20/2014,LAW,OK,ASW,CE,Federal Contract Tower,0,6,6,38,50,0,0,0,0,0,0,6,6,38,50,0,0,0,50
02/21/2014,LAW,OK,ASW,CE,Federal Contract Tower,0,8,6,50,64,0,0,21,2,23,0,8,27,52,87,10,32,42,129
02/22/2014,LAW,OK,ASW,CE,Federal Contract Tower,0,6,2,0,8,0,0,20,0,20,0,6,22,0,28,18,0,18,46
02/23/2014,LAW,OK,ASW,CE,Federal Contract Tower,0,6,7,0,13,0,0,10,0,10,0,6,17,0,23,14,0,14,37
02/24/2014,LAW,OK,ASW,CE,Federal Contract Tower,2,6,2,75,85,0,0,2,0,2,2,6,4,75,87,0,6,6,93
02/25/2014,LAW,OK,ASW,CE,Federal Contract Tower,0,7,5,63,75,0,0,4,2,6,0,7,9,65,81,0,8,8,89
02/26/2014,LAW,OK,ASW,CE,Federal Contract Tower,0,9,4,54,67,0,0,5,0,5,0,9,9,54,72,0,0,0,72
02/27/2014,LAW,OK,ASW,CE,Federal Contract Tower,0,6,7,36,49,0,0,12,0,12,0,6,19,36,61,20,0,20,81
02/28/2014,LAW,OK,ASW,CE,Federal Contract Tower,0,6,0,64,70,0,0,15,0,15,0,6,15,64,85,10,0,10,95
03/01/2014,LAW,OK,ASW,CE,Federal Contract Tower,0,4,10,16,30,0,0,0,0,0,0,4,10,16,30,0,0,0,30
03/02/2014,LAW,OK,ASW,CE,Federal Contract Tower,0,0,0,0,0,0,0,0,0,0,0,0,0,0,0,0,0,0,0
03/03/2014,LAW,OK,ASW,CE,Federal Contract Tower,0,6,1,6,13,0,0,5,0,5,0,6,6,6,18,0,0,0,18
03/04/2014,LAW,OK,ASW,CE,Federal Contract Tower,0,10,4,53,67,0,0,4,0,4,0,10,8,53,71,6,0,6,77
03/05/2014,LAW,OK,ASW,CE,Federal Contract Tower,0,6,11,81,98,0,0,6,2,8,0,6,17,83,106,24,22,46,152
03/06/2014,LAW,OK,ASW,CE,Federal Contract Tower,0,6,7,76,89,0,0,16,0,16,0,6,23,76,105,26,10,36,141
03/07/2014,LAW,OK,ASW,CE,Federal Contract Tower,0,6,8,82,96,0,0,31,0,31,0,6,39,82,127,20,12,32,159
03/08/2014,LAW,OK,ASW,CE,Federal Contract Tower,0,6,20,0,26,0,0,2,0,2,0,6,22,0,28,0,0,0,28
03/09/2014,LAW,OK,ASW,CE,Federal Contract Tower,0,6,7,26,39,0,0,31,0,31,0,6,38,26,70,6,0,6,76
03/10/2014,LAW,OK,ASW,CE,Federal Contract Tower,0,6,19,46,71,0,0,20,0,20,0,6,39,46,91,44,0,44,135
03/11/2014,LAW,OK,ASW,CE,Federal Contract Tower,0,9,14,54,77,0,0,8,0,8,0,9,22,54,85,0,0,0,85
03/12/2014,LAW,OK,ASW,CE,Federal Contract Tower,0,10,11,79,100,0,0,15,0,15,0,10,26,79,115,24,12,36,151
03/13/2014,LAW,OK,ASW,CE,Federal Contract Tower,0,6,18,34,58,0,0,11,0,11,0,6,29,34,69,0,0,0,69
03/14/2014,LAW,OK,ASW,CE,Federal Contract Tower,0,6,15,26,47,0,0,31,0,31,0,6,46,26,78,8,0,8,86
03/15/2014,LAW,OK,ASW,CE,Federal Contract Tower,0,6,5,0,11,0,0,0,0,0,0,6,5,0,11,10,0,10,21
03/16/2014,LAW,OK,ASW,CE,Federal Contract Tower,0,8,9,4,21,0,0,0,0,0,0,8,9,4,21,0,0,0,21
03/17/2014,LAW,OK,ASW,CE,Federal Contract Tower,0,6,11,34,51,0,0,35,0,35,0,6,46,34,86,16,0,16,102
03/18/2014,LAW,OK,ASW,CE,Federal Contract Tower,0,10,0,38,48,0,0,2,0,2,0,10,2,38,50,0,0,0,50
03/19/2014,LAW,OK,ASW,CE,Federal Contract Tower,0,6,10,62,78,0,0,12,1,13,0,6,22,63,91,0,14,14,105
03/20/2014,LAW,OK,ASW,CE,Federal Contract Tower,0,6,7,56,69,0,0,16,0,16,0,6,23,56,85,6,0,6,91
03/21/2014,LAW,OK,ASW,CE,Federal Contract Tower,0,6,12,54,72,0,0,2,0,2,0,6,14,54,74,0,0,0,74
03/22/2014,LAW,OK,ASW,CE,Federal Contract Tower,0,6,18,0,24,0,0,13,0,13,0,6,31,0,37,0,0,0,37
03/23/2014,LAW,OK,ASW,CE,Federal Contract Tower,0,6,31,0,37,0,0,16,0,16,0,6,47,0,53,8,0,8,61
03/24/2014,LAW,OK,ASW,CE,Federal Contract Tower,0,6,8,56,70,0,0,24,0,24,0,6,32,56,94,12,0,12,106
03/25/2014,LAW,OK,ASW,CE,Federal Contract Tower,0,9,10,60,79,0,0,26,0,26,0,9,36,60,105,18,0,18,123
03/26/2014,LAW,OK,ASW,CE,Federal Contract Tower,0,9,1,72,82,0,0,1,0,1,0,9,2,72,83,0,0,0,83
03/27/2014,LAW,OK,ASW,CE,Federal Contract Tower,0,6,9,104,119,0,0,3,0,3,0,6,12,104,122,0,0,0,122
03/28/2014,LAW,OK,ASW,CE,Federal Contract Tower,0,7,26,64,97,0,0,17,2,19,0,7,43,66,116,20,10,30,146
03/29/2014,LAW,OK,ASW,CE,Federal Contract Tower,0,6,10,0,16,0,0,53,0,53,0,6,63,0,69,4,0,4,73
03/30/2014,LAW,OK,ASW,CE,Federal Contract Tower,0,6,0,0,6,0,0,12,0,12,0,6,12,0,18,16,0,16,34
03/31/2014,LAW,OK,ASW,CE,Federal Contract Tower,0,8,6,60,74,0,0,28,0,28,0,8,34,60,102,18,0,18,120
04/01/2014,LAW,OK,ASW,CE,Federal Contract Tower,0,10,4,57,71,0,0,10,1,11,0,10,14,58,82,0,0,0,82
04/02/2014,LAW,OK,ASW,CE,Federal Contract Tower,0,7,11,50,68,0,0,16,0,16,0,7,27,50,84,6,0,6,90
04/03/2014,LAW,OK,ASW,CE,Federal Contract Tower,0,5,7,24,36,0,0,5,0,5,0,5,12,24,41,10,0,10,51
04/04/2014,LAW,OK,ASW,CE,Federal Contract Tower,0,9,2,54,65,0,0,38,0,38,0,9,40,54,103,10,0,10,113
04/05/2014,LAW,OK,ASW,CE,Federal Contract Tower,0,6,2,4,12,0,0,34,0,34,0,6,36,4,46,52,0,52,98
04/06/2014,LAW,OK,ASW,CE,Federal Contract Tower,0,2,8,0,10,0,0,0,0,0,0,2,8,0,10,0,0,0,10
04/07/2014,LAW,OK,ASW,CE,Federal Contract Tower,0,6,16,48,70,0,0,8,0,8,0,6,24,48,78,0,0,0,78
04/08/2014,LAW,OK,ASW,CE,Federal Contract Tower,0,9,12,50,71,0,0,21,0,21,0,9,33,50,92,14,0,14,106
04/09/2014,LAW,OK,ASW,CE,Federal Contract Tower,0,9,14,72,95,0,0,14,0,14,0,9,28,72,109,2,0,2,111
04/10/2014,LAW,OK,ASW,CE,Federal Contract Tower,0,6,9,54,69,0,0,11,0,11,0,6,20,54,80,22,0,22,102
04/11/2014,LAW,OK,ASW,CE,Federal Contract Tower,0,6,14,43,63,0,0,24,0,24,0,6,38,43,87,20,0,20,107
04/12/2014,LAW,OK,ASW,CE,Federal Contract Tower,0,6,3,0,9,0,0,18,0,18,0,6,21,0,27,26,0,26,53
04/13/2014,LAW,OK,ASW,CE,Federal Contract Tower,0,4,0,14,18,0,0,8,3,11,0,4,8,17,29,0,14,14,43
04/14/2014,LAW,OK,ASW,CE,Federal Contract Tower,0,6,0,70,76,0,0,3,0,3,0,6,3,70,79,0,0,0,79
04/15/2014,LAW,OK,ASW,CE,Federal Contract Tower,0,10,6,45,61,0,0,12,0,12,0,10,18,45,73,10,0,10,83
04/16/2014,LAW,OK,ASW,CE,Federal Contract Tower,0,5,2,40,47,0,0,12,0,12,0,5,14,40,59,10,0,10,69
04/17/2014,LAW,OK,ASW,CE,Federal Contract Tower,0,6,2,74,82,0,0,1,0,1,0,6,3,74,83,0,0,0,83
04/18/2014,LAW,OK,ASW,CE,Federal Contract Tower,0,6,10,64,80,0,0,23,0,23,0,6,33,64,103,32,0,32,135
04/19/2014,LAW,OK,ASW,CE,Federal Contract Tower,0,6,1,0,7,0,0,24,0,24,0,6,25,0,31,16,0,16,47
04/20/2014,LAW,OK,ASW,CE,Federal Contract Tower,0,6,3,0,9,0,0,1,0,1,0,6,4,0,10,0,0,0,10
04/21/2014,LAW,OK,ASW,CE,Federal Contract Tower,0,4,7,68,79,0,0,11,0,11,0,4,18,68,90,10,0,10,100
04/22/2014,LAW,OK,ASW,CE,Federal Contract Tower,0,10,1,105,116,0,0,18,0,18,0,10,19,105,134,6,0,6,140
04/23/2014,LAW,OK,ASW,CE,Federal Contract Tower,0,9,3,89,101,0,0,15,0,15,0,9,18,89,116,10,0,10,126
04/24/2014,LAW,OK,ASW,CE,Federal Contract Tower,0,6,3,80,89,0,0,6,0,6,0,6,9,80,95,12,0,12,107
04/25/2014,LAW,OK,ASW,CE,Federal Contract Tower,0,6,12,46,64,0,0,21,0,21,0,6,33,46,85,0,0,0,85
04/26/2014,LAW,OK,ASW,CE,Federal Contract Tower,0,6,10,0,16,0,0,26,0,26,0,6,36,0,42,44,0,44,86
04/27/2014,LAW,OK,ASW,CE,Federal Contract Tower,0,6,0,17,23,0,0,0,0,0,0,6,0,17,23,0,0,0,23
04/28/2014,LAW,OK,ASW,CE,Federal Contract Tower,0,6,20,68,94,0,0,14,0,14,0,6,34,68,108,0,0,0,108
04/29/2014,LAW,OK,ASW,CE,Federal Contract Tower,0,10,6,52,68,0,0,1,0,1,0,10,7,52,69,0,0,0,69
04/30/2014,LAW,OK,ASW,CE,Federal Contract Tower,0,6,27,70,103,0,0,16,0,16,0,6,43,70,119,0,0,0,119
05/01/2014,LAW,OK,ASW,CE,Federal Contract Tower,0,6,26,63,95,0,0,9,0,9,0,6,35,63,104,0,0,0,104
05/02/2014,LAW,OK,ASW,CE,Federal Contract Tower,0,6,24,70,100,0,0,26,2,28,0,6,50,72,128,38,0,38,166
05/03/2014,LAW,OK,ASW,CE,Federal Contract Tower,0,6,3,0,9,0,0,19,0,19,0,6,22,0,28,20,0,20,48
05/04/2014,LAW,OK,ASW,CE,Federal Contract Tower,0,6,2,2,10,0,0,16,0,16,0,6,18,2,26,2,0,2,28
05/05/2014,LAW,OK,ASW,CE,Federal Contract Tower,0,6,22,55,83,0,0,25,0,25,0,6,47,55,108,28,0,28,136
05/06/2014,LAW,OK,ASW,CE,Federal Contract Tower,2,9,5,52,68,0,0,8,0,8,2,9,13,52,76,0,0,0,76
05/07/2014,LAW,OK,ASW,CE,Federal Contract Tower,0,9,12,44,65,0,0,13,0,13,0,9,25,44,78,10,0,10,88
05/08/2014,LAW,OK,ASW,CE,Federal Contract Tower,0,4,2,44,50,0,0,8,0,8,0,4,10,44,58,10,0,10,68
05/09/2014,LAW,OK,ASW,CE,Federal Contract Tower,0,6,16,40,62,0,0,33,1,34,0,6,49,41,96,10,6,16,112
05/10/2014,LAW,OK,ASW,CE,Federal Contract Tower,0,6,11,0,17,0,0,28,0,28,0,6,39,0,45,4,0,4,49
05/11/2014,LAW,OK,ASW,CE,Federal Contract Tower,0,7,13,0,20,0,0,13,2,15,0,7,26,2,35,0,0,0,35
05/12/2014,LAW,OK,ASW,CE,Federal Contract Tower,0,4,6,57,67,0,0,1,0,1,0,4,7,57,68,0,0,0,68
05/13/2014,LAW,OK,ASW,CE,Federal Contract Tower,0,10,5,68,83,0,0,10,0,10,0,10,15,68,93,0,0,0,93
05/14/2014,LAW,OK,ASW,CE,Federal Contract Tower,0,6,5,42,53,0,0,18,0,18,0,6,23,42,71,20,0,20,91
05/15/2014,LAW,OK,ASW,CE,Federal Contract Tower,0,6,7,34,47,0,0,22,0,22,0,6,29,34,69,10,0,10,79
05/16/2014,LAW,OK,ASW,CE,Federal Contract Tower,0,6,13,17,36,0,0,33,0,33,0,6,46,17,69,8,0,8,77
05/17/2014,LAW,OK,ASW,CE,Federal Contract Tower,0,6,0,0,6,0,0,0,0,0,0,6,0,0,6,14,0,14,20
05/18/2014,LAW,OK,ASW,CE,Federal Contract Tower,0,6,5,2,13,0,0,22,0,22,0,6,27,2,35,0,0,0,35
05/19/2014,LAW,OK,ASW,CE,Federal Contract Tower,0,6,7,64,77,0,0,1,0,1,0,6,8,64,78,8,0,8,86
05/20/2014,LAW,OK,ASW,CE,Federal Contract Tower,0,9,12,64,85,0,0,10,0,10,0,9,22,64,95,0,0,0,95
05/21/2014,LAW,OK,ASW,CE,Federal Contract Tower,0,9,12,54,75,0,0,15,0,15,0,9,27,54,90,10,0,10,100
05/22/2014,LAW,OK,ASW,CE,Federal Contract Tower,0,6,3,42,51,0,0,15,0,15,0,6,18,42,66,0,0,0,66
05/23/2014,LAW,OK,ASW,CE,Federal Contract Tower,0,8,7,0,15,0,0,6,0,6,0,8,13,0,21,10,0,10,31
05/24/2014,LAW,OK,ASW,CE,Federal Contract Tower,0,8,6,0,14,0,0,0,0,0,0,8,6,0,14,30,0,30,44
05/25/2014,LAW,OK,ASW,CE,Federal Contract Tower,0,5,2,0,7,0,0,8,0,8,0,5,10,0,15,0,0,0,15
05/26/2014,LAW,OK,ASW,CE,Federal Contract Tower,0,6,2,2,10,0,0,12,0,12,0,6,14,2,22,0,0,0,22
05/27/2014,LAW,OK,ASW,CE,Federal Contract Tower,0,10,7,62,79,0,0,0,0,0,0,10,7,62,79,0,0,0,79
05/28/2014,LAW,OK,ASW,CE,Federal Contract Tower,0,7,19,108,134,0,0,10,1,11,0,7,29,109,145,10,0,10,155
05/29/2014,LAW,OK,ASW,CE,Federal Contract Tower,0,6,9,67,82,0,0,12,1,13,0,6,21,68,95,10,0,10,105
05/30/2014,LAW,OK,ASW,CE,Federal Contract Tower,0,6,4,50,60,0,0,26,28,54,0,6,30,78,114,12,0,12,126
05/31/2014,LAW,OK,ASW,CE,Federal Contract Tower,0,6,4,0,10,0,0,14,0,14,0,6,18,0,24,32,0,32,56
06/01/2014,LAW,OK,ASW,CE,Federal Contract Tower,0,6,9,2,17,0,0,2,0,2,0,6,11,2,19,0,0,0,19
06/02/2014,LAW,OK,ASW,CE,Federal Contract Tower,4,6,5,46,61,0,0,1,0,1,4,6,6,46,62,0,0,0,62
06/03/2014,LAW,OK,ASW,CE,Federal Contract Tower,0,9,7,67,83,0,0,22,0,22,0,9,29,67,105,4,0,4,109
06/04/2014,LAW,OK,ASW,CE,Federal Contract Tower,0,9,6,76,91,0,0,7,0,7,0,9,13,76,98,0,0,0,98
06/05/2014,LAW,OK,ASW,CE,Federal Contract Tower,0,6,11,68,85,0,0,14,0,14,0,6,25,68,99,0,0,0,99
06/06/2014,LAW,OK,ASW,CE,Federal Contract Tower,0,8,22,48,78,0,0,18,0,18,0,8,40,48,96,4,6,10,106
06/07/2014,LAW,OK,ASW,CE,Federal Contract Tower,0,6,16,0,22,0,0,19,0,19,0,6,35,0,41,14,0,14,55
06/08/2014,LAW,OK,ASW,CE,Federal Contract Tower,0,5,8,8,21,0,0,2,0,2,0,5,10,8,23,2,0,2,25
06/09/2014,LAW,OK,ASW,CE,Federal Contract Tower,0,3,14,46,63,0,0,8,0,8,0,3,22,46,71,4,0,4,75
06/10/2014,LAW,OK,ASW,CE,Federal Contract Tower,0,8,5,79,92,0,0,8,2,10,0,8,13,81,102,0,0,0,102
06/11/2014,LAW,OK,ASW,CE,Federal Contract Tower,0,9,29,62,100,0,0,11,0,11,0,9,40,62,111,0,4,4,115
06/12/2014,LAW,OK,ASW,CE,Federal Contract Tower,0,5,6,79,90,0,0,18,0,18,0,5,24,79,108,10,20,30,138
06/13/2014,LAW,OK,ASW,CE,Federal Contract Tower,0,6,22,58,86,0,0,19,8,27,0,6,41,66,113,0,12,12,125
06/14/2014,LAW,OK,ASW,CE,Federal Contract Tower,0,10,2,0,12,0,0,13,0,13,0,10,15,0,25,4,0,4,29
06/15/2014,LAW,OK,ASW,CE,Federal Contract Tower,4,8,17,0,29,0,0,18,42,60,4,8,35,42,89,0,0,0,89
06/16/2014,LAW,OK,ASW,CE,Federal Contract Tower,6,6,6,14,32,0,0,13,0,13,6,6,19,14,45,0,0,0,45
06/17/2014,LAW,OK,ASW,CE,Federal Contract Tower,2,9,4,18,33,0,0,24,0,24,2,9,28,18,57,6,0,6,63
06/18/2014,LAW,OK,ASW,CE,Federal Contract Tower,0,11,8,28,47,0,0,15,0,15,0,11,23,28,62,0,0,0,62
06/19/2014,LAW,OK,ASW,CE,Federal Contract Tower,0,4,12,66,82,0,0,6,0,6,0,4,18,66,88,10,0,10,98
06/20/2014,LAW,OK,ASW,CE,Federal Contract Tower,0,8,7,52,67,0,0,12,0,12,0,8,19,52,79,0,0,0,79
06/21/2014,LAW,OK,ASW,CE,Federal Contract Tower,0,6,8,0,14,0,0,29,0,29,0,6,37,0,43,0,0,0,43
06/22/2014,LAW,OK,ASW,CE,Federal Contract Tower,0,8,15,4,27,0,0,16,1,17,0,8,31,5,44,0,0,0,44
06/23/2014,LAW,OK,ASW,CE,Federal Contract Tower,0,7,2,54,63,0,0,12,2,14,0,7,14,56,77,6,0,6,83
06/24/2014,LAW,OK,ASW,CE,Federal Contract Tower,2,10,18,36,66,0,0,13,1,14,2,10,31,37,80,8,0,8,88
06/25/2014,LAW,OK,ASW,CE,Federal Contract Tower,2,7,5,18,32,0,0,19,0,19,2,7,24,18,51,6,0,6,57
06/26/2014,LAW,OK,ASW,CE,Federal Contract Tower,2,6,8,40,56,0,0,5,2,7,2,6,13,42,63,10,0,10,73
06/27/2014,LAW,OK,ASW,CE,Federal Contract Tower,0,4,8,40,52,0,0,10,0,10,0,4,18,40,62,0,0,0,62
06/28/2014,LAW,OK,ASW,CE,Federal Contract Tower,10,7,6,2,25,0,0,10,0,10,10,7,16,2,35,10,0,10,45
06/29/2014,LAW,OK,ASW,CE,Federal Contract Tower,2,6,8,0,16,0,0,4,0,4,2,6,12,0,20,0,0,0,20
06/30/2014,LAW,OK,ASW,CE,Federal Contract Tower,0,6,2,50,58,0,0,8,0,8,0,6,10,50,66,18,0,18,84
07/01/2014,LAW,OK,ASW,CE,Federal Contract Tower,0,9,9,56,74,0,0,23,1,24,0,9,32,57,98,28,6,34,132
07/02/2014,LAW,OK,ASW,CE,Federal Contract Tower,2,9,5,42,58,0,0,20,3,23,2,9,25,45,81,6,10,16,97
07/03/2014,LAW,OK,ASW,CE,Federal Contract Tower,0,4,14,57,75,0,0,12,0,12,0,4,26,57,87,0,0,0,87
07/04/2014,LAW,OK,ASW,CE,Federal Contract Tower,0,2,3,0,5,0,0,0,0,0,0,2,3,0,5,0,0,0,5
07/05/2014,LAW,OK,ASW,CE,Federal Contract Tower,0,4,10,0,14,0,0,10,0,10,0,4,20,0,24,2,0,2,26
07/06/2014,LAW,OK,ASW,CE,Federal Contract Tower,2,6,25,0,33,0,0,18,0,18,2,6,43,0,51,0,0,0,51
07/07/2014,LAW,OK,ASW,CE,Federal Contract Tower,0,6,10,0,16,0,0,12,0,12,0,6,22,0,28,8,0,8,36
07/08/2014,LAW,OK,ASW,CE,Federal Contract Tower,0,10,8,50,68,0,0,18,0,18,0,10,26,50,86,32,0,32,118
07/09/2014,LAW,OK,ASW,CE,Federal Contract Tower,2,6,0,36,44,0,0,16,0,16,2,6,16,36,60,34,0,34,94
07/10/2014,LAW,OK,ASW,CE,Federal Contract Tower,0,6,6,24,36,0,0,16,0,16,0,6,22,24,52,14,0,14,66
07/11/2014,LAW,OK,ASW,CE,Federal Contract Tower,0,6,2,24,32,0,0,13,2,15,0,6,15,26,47,2,0,2,49
07/12/2014,LAW,OK,ASW,CE,Federal Contract Tower,0,6,9,2,17,0,0,33,0,33,0,6,42,2,50,2,0,2,52
07/13/2014,LAW,OK,ASW,CE,Federal Contract Tower,2,6,6,0,14,0,0,11,0,11,2,6,17,0,25,0,0,0,25
07/14/2014,LAW,OK,ASW,CE,Federal Contract Tower,0,4,4,51,59,0,0,8,2,10,0,4,12,53,69,0,0,0,69
07/15/2014,LAW,OK,ASW,CE,Federal Contract Tower,0,7,17,26,50,0,0,16,0,16,0,7,33,26,66,2,0,2,68
07/16/2014,LAW,OK,ASW,CE,Federal Contract Tower,0,9,4,66,79,0,0,8,0,8,0,9,12,66,87,0,0,0,87
07/17/2014,LAW,OK,ASW,CE,Federal Contract Tower,0,5,9,36,50,0,0,1,0,1,0,5,10,36,51,0,0,0,51
07/18/2014,LAW,OK,ASW,CE,Federal Contract Tower,0,6,11,56,73,0,0,8,0,8,0,6,19,56,81,18,6,24,105
07/19/2014,LAW,OK,ASW,CE,Federal Contract Tower,0,6,3,0,9,0,0,21,0,21,0,6,24,0,30,6,0,6,36
07/20/2014,LAW,OK,ASW,CE,Federal Contract Tower,0,6,17,0,23,0,0,38,0,38,0,6,55,0,61,0,0,0,61
07/21/2014,LAW,OK,ASW,CE,Federal Contract Tower,0,6,10,28,44,0,0,25,0,25,0,6,35,28,69,30,0,30,99
07/22/2014,LAW,OK,ASW,CE,Federal Contract Tower,0,10,6,53,69,0,0,6,0,6,0,10,12,53,75,0,0,0,75
07/23/2014,LAW,OK,ASW,CE,Federal Contract Tower,0,6,5,68,79,0,0,2,0,2,0,6,7,68,81,0,0,0,81
07/24/2014,LAW,OK,ASW,CE,Federal Contract Tower,0,6,12,56,74,0,0,7,0,7,0,6,19,56,81,0,0,0,81
07/25/2014,LAW,OK,ASW,CE,Federal Contract Tower,0,6,18,34,58,0,0,23,0,23,0,6,41,34,81,0,0,0,81
07/26/2014,LAW,OK,ASW,CE,Federal Contract Tower,0,6,0,0,6,0,0,42,0,42,0,6,42,0,48,16,0,16,64
07/27/2014,LAW,OK,ASW,CE,Federal Contract Tower,0,6,1,0,7,0,0,27,0,27,0,6,28,0,34,6,0,6,40
07/28/2014,LAW,OK,ASW,CE,Federal Contract Tower,0,6,0,68,74,0,0,0,0,0,0,6,0,68,74,0,0,0,74
07/29/2014,LAW,OK,ASW,CE,Federal Contract Tower,0,9,5,52,66,0,0,10,0,10,0,9,15,52,76,6,0,6,82
07/30/2014,LAW,OK,ASW,CE,Federal Contract Tower,0,9,11,32,52,0,0,4,0,4,0,9,15,32,56,0,0,0,56
07/31/2014,LAW,OK,ASW,CE,Federal Contract Tower,0,6,6,30,42,0,0,2,0,2,0,6,8,30,44,20,0,20,64
08/01/2014,LAW,OK,ASW,CE,Federal Contract Tower,0,6,16,34,56,0,0,16,0,16,0,6,32,34,72,6,0,6,78
08/02/2014,LAW,OK,ASW,CE,Federal Contract Tower,0,6,6,0,12,0,0,40,0,40,0,6,46,0,52,0,0,0,52
08/03/2014,LAW,OK,ASW,CE,Federal Contract Tower,0,6,6,3,15,0,0,24,0,24,0,6,30,3,39,10,10,20,59
08/04/2014,LAW,OK,ASW,CE,Federal Contract Tower,0,6,7,16,29,0,0,19,0,19,0,6,26,16,48,8,0,8,56
08/05/2014,LAW,OK,ASW,CE,Federal Contract Tower,0,9,1,24,34,0,0,12,0,12,0,9,13,24,46,0,0,0,46
08/06/2014,LAW,OK,ASW,CE,Federal Contract Tower,0,6,14,0,20,0,0,7,0,7,0,6,21,0,27,12,0,12,39
08/07/2014,LAW,OK,ASW,CE,Federal Contract Tower,0,6,5,12,23,0,0,21,1,22,0,6,26,13,45,22,0,22,67
08/08/2014,LAW,OK,ASW,CE,Federal Contract Tower,0,6,15,20,41,0,0,18,0,18,0,6,33,20,59,24,0,24,83
08/09/2014,LAW,OK,ASW,CE,Federal Contract Tower,0,6,4,0,10,0,0,20,0,20,0,6,24,0,30,0,0,0,30
08/10/2014,LAW,OK,ASW,CE,Federal Contract Tower,0,6,0,2,8,0,0,16,6,22,0,6,16,8,30,2,0,2,32
08/11/2014,LAW,OK,ASW,CE,Federal Contract Tower,2,6,1,6,15,0,0,12,0,12,2,6,13,6,27,10,0,10,37
08/12/2014,LAW,OK,ASW,CE,Federal Contract Tower,0,9,10,16,35,0,0,16,0,16,0,9,26,16,51,6,0,6,57
08/13/2014,LAW,OK,ASW,CE,Federal Contract Tower,0,9,3,18,30,0,0,9,0,9,0,9,12,18,39,16,0,16,55
08/14/2014,LAW,OK,ASW,CE,Federal Contract Tower,0,6,14,24,44,0,0,11,0,11,0,6,25,24,55,0,0,0,55
08/15/2014,LAW,OK,ASW,CE,Federal Contract Tower,0,6,11,6,23,0,0,23,0,23,0,6,34,6,46,30,0,30,76
08/16/2014,LAW,OK,ASW,CE,Federal Contract Tower,0,8,5,0,13,0,0,27,0,27,0,8,32,0,40,10,0,10,50
08/17/2014,LAW,OK,ASW,CE,Federal Contract Tower,0,8,2,0,10,0,0,8,0,8,0,8,10,0,18,0,0,0,18
08/18/2014,LAW,OK,ASW,CE,Federal Contract Tower,0,2,16,38,56,0,0,13,1,14,0,2,29,39,70,8,0,8,78
08/19/2014,LAW,OK,ASW,CE,Federal Contract Tower,2,10,17,32,61,0,0,21,0,21,2,10,38,32,82,4,0,4,86
08/20/2014,LAW,OK,ASW,CE,Federal Contract Tower,0,6,6,22,34,0,0,21,0,21,0,6,27,22,55,22,0,22,77
08/21/2014,LAW,OK,ASW,CE,Federal Contract Tower,0,6,5,40,51,0,0,11,0,11,0,6,16,40,62,0,0,0,62
08/22/2014,LAW,OK,ASW,CE,Federal Contract Tower,0,6,8,42,56,0,0,27,0,27,0,6,35,42,83,8,0,8,91
08/23/2014,LAW,OK,ASW,CE,Federal Contract Tower,0,6,2,0,8,0,0,16,0,16,0,6,18,0,24,10,0,10,34
08/24/2014,LAW,OK,ASW,CE,Federal Contract Tower,0,7,4,0,11,0,0,13,0,13,0,7,17,0,24,8,0,8,32
08/25/2014,LAW,OK,ASW,CE,Federal Contract Tower,0,4,3,56,63,0,0,20,0,20,0,4,23,56,83,28,0,28,111
08/26/2014,LAW,OK,ASW,CE,Federal Contract Tower,0,9,0,46,55,0,0,7,0,7,0,9,7,46,62,0,0,0,62
08/27/2014,LAW,OK,ASW,CE,Federal Contract Tower,0,8,10,48,66,0,0,9,0,9,0,8,19,48,75,0,0,0,75
08/28/2014,LAW,OK,ASW,CE,Federal Contract Tower,0,8,4,36,48,0,0,6,0,6,0,8,10,36,54,0,0,0,54
08/29/2014,LAW,OK,ASW,CE,Federal Contract Tower,0,6,24,24,54,0,0,1,0,1,0,6,25,24,55,0,0,0,55
08/30/2014,LAW,OK,ASW,CE,Federal Contract Tower,0,6,0,0,6,0,0,45,0,45,0,6,45,0,51,22,0,22,73
08/31/2014,LAW,OK,ASW,CE,Federal Contract Tower,0,5,5,0,10,0,0,15,0,15,0,5,20,0,25,6,0,6,31
09/01/2014,LAW,OK,ASW,CE,Federal Contract Tower,0,6,6,0,12,0,0,27,0,27,0,6,33,0,39,0,0,0,39
09/02/2014,LAW,OK,ASW,CE,Federal Contract Tower,0,9,10,76,95,0,0,18,0,18,0,9,28,76,113,6,0,6,119
09/03/2014,LAW,OK,ASW,CE,Federal Contract Tower,0,6,12,48,66,0,0,15,0,15,0,6,27,48,81,10,0,10,91
09/04/2014,LAW,OK,ASW,CE,Federal Contract Tower,0,7,10,44,61,0,0,20,0,20,0,7,30,44,81,10,0,10,91
09/05/2014,LAW,OK,ASW,CE,Federal Contract Tower,0,6,7,34,47,0,0,21,0,21,0,6,28,34,68,4,0,4,72
09/06/2014,LAW,OK,ASW,CE,Federal Contract Tower,0,6,7,0,13,0,0,0,0,0,0,6,7,0,13,0,0,0,13
09/07/2014,LAW,OK,ASW,CE,Federal Contract Tower,0,6,5,22,33,0,0,9,6,15,0,6,14,28,48,6,0,6,54
09/08/2014,LAW,OK,ASW,CE,Federal Contract Tower,0,6,10,36,52,0,0,20,0,20,0,6,30,36,72,6,0,6,78
09/09/2014,LAW,OK,ASW,CE,Federal Contract Tower,0,10,1,60,71,0,0,6,0,6,0,10,7,60,77,0,0,0,77
09/10/2014,LAW,OK,ASW,CE,Federal Contract Tower,0,6,2,54,62,0,0,4,0,4,0,6,6,54,66,0,0,0,66
09/11/2014,LAW,OK,ASW,CE,Federal Contract Tower,0,6,4,132,142,0,0,8,0,8,0,6,12,132,150,6,76,82,232
09/12/2014,LAW,OK,ASW,CE,Federal Contract Tower,0,6,2,18,26,0,0,0,0,0,0,6,2,18,26,0,0,0,26
09/13/2014,LAW,OK,ASW,CE,Federal Contract Tower,0,6,38,97,141,0,0,26,0,26,0,6,64,97,167,12,0,12,179
09/14/2014,LAW,OK,ASW,CE,Federal Contract Tower,0,6,8,0,14,0,0,28,0,28,0,6,36,0,42,16,0,16,58
09/15/2014,LAW,OK,ASW,CE,Federal Contract Tower,0,6,9,28,43,0,0,14,0,14,0,6,23,28,57,0,0,0,57
09/16/2014,LAW,OK,ASW,CE,Federal Contract Tower,0,10,0,72,82,0,0,0,0,0,0,10,0,72,82,0,0,0,82
09/17/2014,LAW,OK,ASW,CE,Federal Contract Tower,0,7,6,80,93,0,0,10,0,10,0,7,16,80,103,0,0,0,103
09/18/2014,LAW,OK,ASW,CE,Federal Contract Tower,0,6,15,60,81,0,0,7,0,7,0,6,22,60,88,16,34,50,138
09/19/2014,LAW,OK,ASW,CE,Federal Contract Tower,0,6,8,64,78,0,0,31,4,35,0,6,39,68,113,10,16,26,139
09/20/2014,LAW,OK,ASW,CE,Federal Contract Tower,0,6,0,0,6,0,0,18,0,18,0,6,18,0,24,0,0,0,24
09/21/2014,LAW,OK,ASW,CE,Federal Contract Tower,0,7,2,8,17,0,0,13,0,13,0,7,15,8,30,0,0,0,30
09/22/2014,LAW,OK,ASW,CE,Federal Contract Tower,0,6,0,83,89,0,0,14,0,14,0,6,14,83,103,0,0,0,103
09/23/2014,LAW,OK,ASW,CE,Federal Contract Tower,0,10,8,50,68,0,0,15,0,15,0,10,23,50,83,6,0,6,89
09/24/2014,LAW,OK,ASW,CE,Federal Contract Tower,0,6,0,60,66,0,0,4,0,4,0,6,4,60,70,0,0,0,70
09/25/2014,LAW,OK,ASW,CE,Federal Contract Tower,0,6,13,72,91,0,0,11,0,11,0,6,24,72,102,10,0,10,112
09/26/2014,LAW,OK,ASW,CE,Federal Contract Tower,0,6,7,30,43,0,0,46,0,46,0,6,53,30,89,28,0,28,117
09/27/2014,LAW,OK,ASW,CE,Federal Contract Tower,6,0,12,0,18,0,0,39,0,39,6,0,51,0,57,6,0,6,63
09/28/2014,LAW,OK,ASW,CE,Federal Contract Tower,0,6,5,2,13,0,0,31,0,31,0,6,36,2,44,32,0,32,76
09/29/2014,LAW,OK,ASW,CE,Federal Contract Tower,0,5,6,22,33,0,0,11,0,11,0,5,17,22,44,0,0,0,44
09/30/2014,LAW,OK,ASW,CE,Federal Contract Tower,0,10,2,0,12,0,0,16,0,16,0,10,18,0,28,0,0,0,28
10/01/2014,LAW,OK,ASW,CE,Federal Contract Tower,0,6,9,86,101,0,0,2,0,2,0,6,11,86,103,0,0,0,103
10/02/2014,LAW,OK,ASW,CE,Federal Contract Tower,0,6,5,66,77,0,0,7,0,7,0,6,12,66,84,0,0,0,84
10/03/2014,LAW,OK,ASW,CE,Federal Contract Tower,0,8,20,49,77,0,0,26,0,26,0,8,46,49,103,8,0,8,111
10/04/2014,LAW,OK,ASW,CE,Federal Contract Tower,0,6,15,0,21,0,0,31,0,31,0,6,46,0,52,8,0,8,60
10/05/2014,LAW,OK,ASW,CE,Federal Contract Tower,0,8,12,6,26,0,0,31,0,31,0,8,43,6,57,14,0,14,71
10/06/2014,LAW,OK,ASW,CE,Federal Contract Tower,0,14,6,80,100,0,0,29,0,29,0,14,35,80,129,0,0,0,129
10/07/2014,LAW,OK,ASW,CE,Federal Contract Tower,0,11,10,56,77,0,0,8,0,8,0,11,18,56,85,0,0,0,85
10/08/2014,LAW,OK,ASW,CE,Federal Contract Tower,0,8,5,80,93,0,0,8,0,8,0,8,13,80,101,0,0,0,101
10/09/2014,LAW,OK,ASW,CE,Federal Contract Tower,0,8,7,58,73,0,0,15,0,15,0,8,22,58,88,0,0,0,88
10/10/2014,LAW,OK,ASW,CE,Federal Contract Tower,1,8,5,30,44,0,0,8,0,8,1,8,13,30,52,0,0,0,52
10/11/2014,LAW,OK,ASW,CE,Federal Contract Tower,0,6,18,0,24,0,0,6,0,6,0,6,24,0,30,10,0,10,40
10/12/2014,LAW,OK,ASW,CE,Federal Contract Tower,0,8,0,0,8,0,0,15,0,15,0,8,15,0,23,0,0,0,23
10/13/2014,LAW,OK,ASW,CE,Federal Contract Tower,0,2,2,0,4,0,0,0,0,0,0,2,2,0,4,0,0,0,4
10/14/2014,LAW,OK,ASW,CE,Federal Contract Tower,0,12,2,72,86,0,0,7,0,7,0,12,9,72,93,10,0,10,103
10/15/2014,LAW,OK,ASW,CE,Federal Contract Tower,0,9,4,50,63,0,0,17,0,17,0,9,21,50,80,0,6,6,86
10/16/2014,LAW,OK,ASW,CE,Federal Contract Tower,0,8,6,56,70,0,0,26,0,26,0,8,32,56,96,10,0,10,106
10/17/2014,LAW,OK,ASW,CE,Federal Contract Tower,0,8,4,61,73,0,0,18,0,18,0,8,22,61,91,8,0,8,99
10/18/2014,LAW,OK,ASW,CE,Federal Contract Tower,0,6,6,0,12,0,0,37,0,37,0,6,43,0,49,30,0,30,79
10/19/2014,LAW,OK,ASW,CE,Federal Contract Tower,0,8,2,2,12,0,0,14,0,14,0,8,16,2,26,16,0,16,42
10/20/2014,LAW,OK,ASW,CE,Federal Contract Tower,0,8,6,26,40,0,0,18,3,21,0,8,24,29,61,0,0,0,61
10/21/2014,LAW,OK,ASW,CE,Federal Contract Tower,0,12,14,40,66,0,0,10,0,10,0,12,24,40,76,28,0,28,104
10/22/2014,LAW,OK,ASW,CE,Federal Contract Tower,0,8,5,32,45,0,0,9,0,9,0,8,14,32,54,0,0,0,54
10/23/2014,LAW,OK,ASW,CE,Federal Contract Tower,0,8,6,22,36,0,0,30,0,30,0,8,36,22,66,22,0,22,88
10/24/2014,LAW,OK,ASW,CE,Federal Contract Tower,0,8,19,22,49,0,0,11,4,15,0,8,30,26,64,0,4,4,68
10/25/2014,LAW,OK,ASW,CE,Federal Contract Tower,0,6,20,4,30,0,0,17,4,21,0,6,37,8,51,10,4,14,65
10/26/2014,LAW,OK,ASW,CE,Federal Contract Tower,0,8,15,6,29,0,0,25,12,37,0,8,40,18,66,8,14,22,88
10/27/2014,LAW,OK,ASW,CE,Federal Contract Tower,0,8,9,16,33,0,0,3,0,3,0,8,12,16,36,0,0,0,36
10/28/2014,LAW,OK,ASW,CE,Federal Contract Tower,0,12,0,16,28,0,0,35,0,35,0,12,35,16,63,28,0,28,91
10/29/2014,LAW,OK,ASW,CE,Federal Contract Tower,0,8,6,20,34,0,0,11,0,11,0,8,17,20,45,10,0,10,55
10/30/2014,LAW,OK,ASW,CE,Federal Contract Tower,0,10,1,24,35,0,0,7,0,7,0,10,8,24,42,0,0,0,42
10/31/2014,LAW,OK,ASW,CE,Federal Contract Tower,0,10,10,15,35,0,0,28,0,28,0,10,38,15,63,8,0,8,71
11/01/2014,LAW,OK,ASW,CE,Federal Contract Tower,0,5,6,0,11,0,0,28,0,28,0,5,34,0,39,10,0,10,49
11/02/2014,LAW,OK,ASW,CE,Federal Contract Tower,0,8,19,3,30,0,0,13,20,33,0,8,32,23,63,8,34,42,105
11/03/2014,LAW,OK,ASW,CE,Federal Contract Tower,0,8,4,21,33,0,0,10,2,12,0,8,14,23,45,12,0,12,57
11/04/2014,LAW,OK,ASW,CE,Federal Contract Tower,0,10,4,2,16,0,0,0,0,0,0,10,4,2,16,0,0,0,16
11/05/2014,LAW,OK,ASW,CE,Federal Contract Tower,0,9,16,26,51,0,0,12,0,12,0,9,28,26,63,0,0,0,63
11/06/2014,LAW,OK,ASW,CE,Federal Contract Tower,0,9,2,20,31,0,0,13,0,13,0,9,15,20,44,4,0,4,48
11/07/2014,LAW,OK,ASW,CE,Federal Contract Tower,0,8,26,21,55,0,0,27,0,27,0,8,53,21,82,0,0,0,82
11/08/2014,LAW,OK,ASW,CE,Federal Contract Tower,0,7,0,0,7,0,0,16,0,16,0,7,16,0,23,0,0,0,23
11/09/2014,LAW,OK,ASW,CE,Federal Contract Tower,0,8,7,13,28,0,0,18,24,42,0,8,25,37,70,10,18,28,98
11/10/2014,LAW,OK,ASW,CE,Federal Contract Tower,0,8,4,62,74,0,0,7,0,7,0,8,11,62,81,0,0,0,81
11/11/2014,LAW,OK,ASW,CE,Federal Contract Tower,0,12,3,0,15,0,0,6,0,6,0,12,9,0,21,0,0,0,21
11/12/2014,LAW,OK,ASW,CE,Federal Contract Tower,0,8,14,97,119,0,0,13,0,13,0,8,27,97,132,0,0,0,132
11/13/2014,LAW,OK,ASW,CE,Federal Contract Tower,0,9,14,90,113,0,1,8,0,9,0,10,22,90,122,0,0,0,122
11/14/2014,LAW,OK,ASW,CE,Federal Contract Tower,0,8,8,44,60,0,0,16,0,16,0,8,24,44,76,0,0,0,76
11/15/2014,LAW,OK,ASW,CE,Federal Contract Tower,0,6,0,0,6,0,0,6,0,6,0,6,6,0,12,0,0,0,12
11/16/2014,LAW,OK,ASW,CE,Federal Contract Tower,0,6,0,0,6,0,0,0,0,0,0,6,0,0,6,0,0,0,6
11/17/2014,LAW,OK,ASW,CE,Federal Contract Tower,2,7,0,7,16,0,2,4,0,6,2,9,4,7,22,4,0,4,26
11/18/2014,LAW,OK,ASW,CE,Federal Contract Tower,0,12,6,60,78,0,1,7,0,8,0,13,13,60,86,0,0,0,86
11/19/2014,LAW,OK,ASW,CE,Federal Contract Tower,0,9,22,81,112,0,0,19,0,19,0,9,41,81,131,20,6,26,157
11/20/2014,LAW,OK,ASW,CE,Federal Contract Tower,0,10,0,60,70,0,0,29,0,29,0,10,29,60,99,8,0,8,107
11/21/2014,LAW,OK,ASW,CE,Federal Contract Tower,0,11,9,32,52,0,0,6,0,6,0,11,15,32,58,0,0,0,58
11/22/2014,LAW,OK,ASW,CE,Federal Contract Tower,0,6,4,0,10,0,0,0,0,0,0,6,4,0,10,0,0,0,10
11/23/2014,LAW,OK,ASW,CE,Federal Contract Tower,0,8,2,20,30,0,0,16,2,18,0,8,18,22,48,14,0,14,62
11/24/2014,LAW,OK,ASW,CE,Federal Contract Tower,0,6,11,24,41,0,0,23,2,25,0,6,34,26,66,30,0,30,96
11/25/2014,LAW,OK,ASW,CE,Federal Contract Tower,0,12,5,13,30,0,0,9,0,9,0,12,14,13,39,0,20,20,59
11/26/2014,LAW,OK,ASW,CE,Federal Contract Tower,0,8,4,11,23,0,0,10,2,12,0,8,14,13,35,0,4,4,39
11/27/2014,LAW,OK,ASW,CE,Federal Contract Tower,0,8,0,0,8,0,0,13,0,13,0,8,13,0,21,0,0,0,21
11/28/2014,LAW,OK,ASW,CE,Federal Contract Tower,0,7,0,0,7,0,0,6,0,6,0,7,6,0,13,0,0,0,13
11/29/2014,LAW,OK,ASW,CE,Federal Contract Tower,0,6,0,0,6,0,0,22,0,22,0,6,22,0,28,14,0,14,42
11/30/2014,LAW,OK,ASW,CE,Federal Contract Tower,0,8,2,0,10,0,0,24,0,24,0,8,26,0,34,0,0,0,34
12/01/2014,LAW,OK,ASW,CE,Federal Contract Tower,0,8,5,39,52,0,0,14,0,14,0,8,19,39,66,26,0,26,92
12/02/2014,LAW,OK,ASW,CE,Federal Contract Tower,0,10,0,11,21,0,0,9,0,9,0,10,9,11,30,10,0,10,40
12/03/2014,LAW,OK,ASW,CE,Federal Contract Tower,0,6,1,22,29,0,0,0,0,0,0,6,1,22,29,0,0,0,29
12/04/2014,LAW,OK,ASW,CE,Federal Contract Tower,0,0,2,0,2,0,0,0,0,0,0,0,2,0,2,0,0,0,2
12/05/2014,LAW,OK,ASW,CE,Federal Contract Tower,0,6,3,66,75,0,0,4,10,14,0,6,7,76,89,0,20,20,109
12/06/2014,LAW,OK,ASW,CE,Federal Contract Tower,0,9,3,2,14,0,0,0,0,0,0,9,3,2,14,0,0,0,14
12/07/2014,LAW,OK,ASW,CE,Federal Contract Tower,0,2,1,12,15,0,0,2,0,2,0,2,3,12,17,0,0,0,17
12/08/2014,LAW,OK,ASW,CE,Federal Contract Tower,0,6,2,40,48,0,0,9,0,9,0,6,11,40,57,10,0,10,67
12/09/2014,LAW,OK,ASW,CE,Federal Contract Tower,0,10,4,4,18,0,0,19,4,23,0,10,23,8,41,10,0,10,51
12/10/2014,LAW,OK,ASW,CE,Federal Contract Tower,0,6,5,6,17,0,0,10,0,10,0,6,15,6,27,10,8,18,45
12/11/2014,LAW,OK,ASW,CE,Federal Contract Tower,0,6,10,22,38,0,0,13,0,13,0,6,23,22,51,0,0,0,51
12/12/2014,LAW,OK,ASW,CE,Federal Contract Tower,0,2,2,4,8,0,0,0,0,0,0,2,2,4,8,0,0,0,8
12/13/2014,LAW,OK,ASW,CE,Federal Contract Tower,0,7,24,0,31,0,0,10,0,10,0,7,34,0,41,10,0,10,51
12/14/2014,LAW,OK,ASW,CE,Federal Contract Tower,0,4,0,0,4,0,0,3,0,3,0,4,3,0,7,0,0,0,7
12/15/2014,LAW,OK,ASW,CE,Federal Contract Tower,0,6,13,12,31,0,0,26,4,30,0,6,39,16,61,6,0,6,67
12/16/2014,LAW,OK,ASW,CE,Federal Contract Tower,0,9,6,8,23,0,0,32,0,32,0,9,38,8,55,8,0,8,63
12/17/2014,LAW,OK,ASW,CE,Federal Contract Tower,0,4,1,6,11,0,0,0,0,0,0,4,1,6,11,0,0,0,11
12/18/2014,LAW,OK,ASW,CE,Federal Contract Tower,0,7,0,18,25,0,0,0,0,0,0,7,0,18,25,0,0,0,25
12/19/2014,LAW,OK,ASW,CE,Federal Contract Tower,0,12,8,42,62,0,0,0,0,0,0,12,8,42,62,0,0,0,62
12/20/2014,LAW,OK,ASW,CE,Federal Contract Tower,0,8,9,8,25,0,0,12,0,12,0,8,21,8,37,0,0,0,37
12/21/2014,LAW,OK,ASW,CE,Federal Contract Tower,0,10,23,0,33,0,0,4,0,4,0,10,27,0,37,0,0,0,37
12/22/2014,LAW,OK,ASW,CE,Federal Contract Tower,2,8,12,5,27,0,0,23,0,23,2,8,35,5,50,0,0,0,50
12/23/2014,LAW,OK,ASW,CE,Federal Contract Tower,0,10,14,2,26,0,0,12,0,12,0,10,26,2,38,0,0,0,38
12/24/2014,LAW,OK,ASW,CE,Federal Contract Tower,0,4,16,2,22,0,0,17,0,17,0,4,33,2,39,0,0,0,39
12/25/2014,LAW,OK,ASW,CE,Federal Contract Tower,0,4,1,0,5,0,0,2,0,2,0,4,3,0,7,0,0,0,7
12/26/2014,LAW,OK,ASW,CE,Federal Contract Tower,0,8,12,0,20,0,0,36,0,36,0,8,48,0,56,12,0,12,68
12/27/2014,LAW,OK,ASW,CE,Federal Contract Tower,2,9,0,0,11,0,0,2,0,2,2,9,2,0,13,0,0,0,13
12/28/2014,LAW,OK,ASW,CE,Federal Contract Tower,1,8,34,0,43,0,0,20,0,20,1,8,54,0,63,0,0,0,63
12/29/2014,LAW,OK,ASW,CE,Federal Contract Tower,0,9,9,0,18,0,0,20,0,20,0,9,29,0,38,0,0,0,38
12/30/2014,LAW,OK,ASW,CE,Federal Contract Tower,0,11,5,0,16,0,0,6,0,6,0,11,11,0,22,0,0,0,22
12/31/2014,LAW,OK,ASW,CE,Federal Contract Tower,0,4,7,0,11,0,0,4,0,4,0,4,11,0,15,0,0,0,15
01/01/2015,LAW,OK,ASW,CE,Federal Contract Tower,0,3,0,0,3,0,0,0,0,0,0,3,0,0,3,0,0,0,3
01/02/2015,LAW,OK,ASW,CE,Federal Contract Tower,0,0,0,0,0,0,0,0,0,0,0,0,0,0,0,0,0,0,0
01/03/2015,LAW,OK,ASW,CE,Federal Contract Tower,0,7,2,2,11,0,0,6,0,6,0,7,8,2,17,12,0,12,29
01/04/2015,LAW,OK,ASW,CE,Federal Contract Tower,0,6,14,0,20,0,0,15,0,15,0,6,29,0,35,6,0,6,41
01/05/2015,LAW,OK,ASW,CE,Federal Contract Tower,0,8,11,64,83,0,0,11,0,11,0,8,22,64,94,8,0,8,102
01/06/2015,LAW,OK,ASW,CE,Federal Contract Tower,0,10,13,38,61,0,0,8,0,8,0,10,21,38,69,0,0,0,69
01/07/2015,LAW,OK,ASW,CE,Federal Contract Tower,0,6,0,27,33,0,0,5,0,5,0,6,5,27,38,0,0,0,38
01/08/2015,LAW,OK,ASW,CE,Federal Contract Tower,0,6,2,20,28,0,0,8,0,8,0,6,10,20,36,0,0,0,36
01/09/2015,LAW,OK,ASW,CE,Federal Contract Tower,0,6,2,34,42,0,0,21,0,21,0,6,23,34,63,0,0,0,63
01/10/2015,LAW,OK,ASW,CE,Federal Contract Tower,0,6,2,0,8,0,0,14,10,24,0,6,16,10,32,0,0,0,32
01/11/2015,LAW,OK,ASW,CE,Federal Contract Tower,0,4,3,0,7,0,0,0,0,0,0,4,3,0,7,0,0,0,7
01/12/2015,LAW,OK,ASW,CE,Federal Contract Tower,0,6,4,28,38,0,0,0,0,0,0,6,4,28,38,0,16,16,54
01/13/2015,LAW,OK,ASW,CE,Federal Contract Tower,0,10,1,22,33,0,0,12,0,12,0,10,13,22,45,20,0,20,65
01/14/2015,LAW,OK,ASW,CE,Federal Contract Tower,0,5,2,32,39,0,0,7,0,7,0,5,9,32,46,4,0,4,50
01/15/2015,LAW,OK,ASW,CE,Federal Contract Tower,0,6,16,32,54,0,0,14,2,16,0,6,30,34,70,18,0,18,88
01/16/2015,LAW,OK,ASW,CE,Federal Contract Tower,0,6,13,30,49,0,0,32,0,32,0,6,45,30,81,32,0,32,113
01/17/2015,LAW,OK,ASW,CE,Federal Contract Tower,0,6,1,0,7,0,0,21,0,21,0,6,22,0,28,0,0,0,28
01/18/2015,LAW,OK,ASW,CE,Federal Contract Tower,0,7,4,0,11,0,0,14,0,14,0,7,18,0,25,0,0,0,25
01/19/2015,LAW,OK,ASW,CE,Federal Contract Tower,0,6,13,18,37,0,0,25,0,25,0,6,38,18,62,38,0,38,100
01/20/2015,LAW,OK,ASW,CE,Federal Contract Tower,0,10,8,38,56,0,0,1,0,1,0,10,9,38,57,0,0,0,57
01/21/2015,LAW,OK,ASW,CE,Federal Contract Tower,0,6,4,36,46,0,0,3,0,3,0,6,7,36,49,0,0,0,49
01/22/2015,LAW,OK,ASW,CE,Federal Contract Tower,0,6,1,31,38,0,0,3,0,3,0,6,4,31,41,0,0,0,41
01/23/2015,LAW,OK,ASW,CE,Federal Contract Tower,0,6,2,10,18,0,0,10,6,16,0,6,12,16,34,0,8,8,42
01/24/2015,LAW,OK,ASW,CE,Federal Contract Tower,0,6,0,8,14,0,0,42,10,52,0,6,42,18,66,0,10,10,76
01/25/2015,LAW,OK,ASW,CE,Federal Contract Tower,0,6,1,5,12,0,0,13,0,13,0,6,14,5,25,0,0,0,25
01/26/2015,LAW,OK,ASW,CE,Federal Contract Tower,0,6,0,26,32,0,0,12,0,12,0,6,12,26,44,16,0,16,60
01/27/2015,LAW,OK,ASW,CE,Federal Contract Tower,0,10,10,28,48,0,0,13,0,13,0,10,23,28,61,2,0,2,63
01/28/2015,LAW,OK,ASW,CE,Federal Contract Tower,0,6,5,25,36,0,0,16,0,16,0,6,21,25,52,0,0,0,52
01/29/2015,LAW,OK,ASW,CE,Federal Contract Tower,0,6,6,34,46,0,0,15,0,15,0,6,21,34,61,0,0,0,61
01/30/2015,LAW,OK,ASW,CE,Federal Contract Tower,0,6,0,0,6,0,0,30,2,32,0,6,30,2,38,10,4,14,52
01/31/2015,LAW,OK,ASW,CE,Federal Contract Tower,0,8,0,0,8,0,0,0,0,0,0,8,0,0,8,0,0,0,8
02/01/2015,LAW,OK,ASW,CE,Federal Contract Tower,0,6,2,2,10,0,0,9,6,15,0,6,11,8,25,0,0,0,25
02/02/2015,LAW,OK,ASW,CE,Federal Contract Tower,0,6,0,16,22,0,0,12,0,12,0,6,12,16,34,4,0,4,38
02/03/2015,LAW,OK,ASW,CE,Federal Contract Tower,0,6,8,22,36,0,0,16,0,16,0,6,24,22,52,0,0,0,52
02/04/2015,LAW,OK,ASW,CE,Federal Contract Tower,0,8,3,32,43,0,0,1,0,1,0,8,4,32,44,0,0,0,44
02/05/2015,LAW,OK,ASW,CE,Federal Contract Tower,0,4,1,18,23,0,0,9,0,9,0,4,10,18,32,2,0,2,34
02/06/2015,LAW,OK,ASW,CE,Federal Contract Tower,0,6,0,4,10,0,0,32,6,38,0,6,32,10,48,10,14,24,72
02/07/2015,LAW,OK,ASW,CE,Federal Contract Tower,0,6,2,6,14,0,0,46,4,50,0,6,48,10,64,0,6,6,70
02/08/2015,LAW,OK,ASW,CE,Federal Contract Tower,0,6,3,2,11,0,0,23,6,29,0,6,26,8,40,30,0,30,70
02/09/2015,LAW,OK,ASW,CE,Federal Contract Tower,0,6,3,29,38,0,0,12,3,15,0,6,15,32,53,8,28,36,89
02/10/2015,LAW,OK,ASW,CE,Federal Contract Tower,0,10,3,22,35,0,0,8,6,14,0,10,11,28,49,0,6,6,55
02/11/2015,LAW,OK,ASW,CE,Federal Contract Tower,0,6,0,43,49,0,0,8,1,9,0,6,8,44,58,0,0,0,58
02/12/2015,LAW,OK,ASW,CE,Federal Contract Tower,0,6,12,28,46,0,0,25,0,25,0,6,37,28,71,10,0,10,81
02/13/2015,LAW,OK,ASW,CE,Federal Contract Tower,0,6,5,30,41,0,0,36,8,44,0,6,41,38,85,29,16,45,130
02/14/2015,LAW,OK,ASW,CE,Federal Contract Tower,0,6,9,12,27,0,0,35,4,39,0,6,44,16,66,4,12,16,82
02/15/2015,LAW,OK,ASW,CE,Federal Contract Tower,0,6,2,4,12,0,0,22,0,22,0,6,24,4,34,0,0,0,34
02/16/2015,LAW,OK,ASW,CE,Federal Contract Tower,0,4,3,0,7,0,0,8,0,8,0,4,11,0,15,0,0,0,15
02/17/2015,LAW,OK,ASW,CE,Federal Contract Tower,0,6,0,121,127,0,0,7,2,9,0,6,7,123,136,10,4,14,150
02/18/2015,LAW,OK,ASW,CE,Federal Contract Tower,0,6,6,30,42,0,0,9,0,9,0,6,15,30,51,0,0,0,51
02/19/2015,LAW,OK,ASW,CE,Federal Contract Tower,0,6,5,32,43,0,0,27,0,27,0,6,32,32,70,22,0,22,92
02/20/2015,LAW,OK,ASW,CE,Federal Contract Tower,2,6,3,28,39,0,0,18,2,20,2,6,21,30,59,22,8,30,89
02/21/2015,LAW,OK,ASW,CE,Federal Contract Tower,0,6,8,24,38,0,0,16,1,17,0,6,24,25,55,10,0,10,65
02/22/2015,LAW,OK,ASW,CE,Federal Contract Tower,0,6,0,0,6,0,0,0,0,0,0,6,0,0,6,0,0,0,6
02/23/2015,LAW,OK,ASW,CE,Federal Contract Tower,0,0,0,0,0,0,0,0,0,0,0,0,0,0,0,0,0,0,0
02/24/2015,LAW,OK,ASW,CE,Federal Contract Tower,0,6,0,11,17,0,0,0,2,2,0,6,0,13,19,0,0,0,19
02/25/2015,LAW,OK,ASW,CE,Federal Contract Tower,0,6,3,38,47,0,0,13,0,13,0,6,16,38,60,0,0,0,60
02/26/2015,LAW,OK,ASW,CE,Federal Contract Tower,0,7,3,80,90,0,0,14,2,16,0,7,17,82,106,0,0,0,106
02/27/2015,LAW,OK,ASW,CE,Federal Contract Tower,0,2,0,0,2,0,0,0,0,0,0,2,0,0,2,0,0,0,2
02/28/2015,LAW,OK,ASW,CE,Federal Contract Tower,0,0,0,0,0,0,0,0,0,0,0,0,0,0,0,0,0,0,0
03/01/2015,LAW,OK,ASW,CE,Federal Contract Tower,0,4,0,0,4,0,0,0,0,0,0,4,0,0,4,0,0,0,4
03/02/2015,LAW,OK,ASW,CE,Federal Contract Tower,0,6,5,68,79,0,0,10,4,14,0,6,15,72,93,0,20,20,113
03/03/2015,LAW,OK,ASW,CE,Federal Contract Tower,0,8,4,95,107,0,0,3,0,3,0,8,7,95,110,0,0,0,110
03/04/2015,LAW,OK,ASW,CE,Federal Contract Tower,0,2,3,0,5,0,0,1,0,1,0,2,4,0,6,0,0,0,6
03/05/2015,LAW,OK,ASW,CE,Federal Contract Tower,0,0,2,34,36,0,0,9,0,9,0,0,11,34,45,0,0,0,45
03/06/2015,LAW,OK,ASW,CE,Federal Contract Tower,0,6,2,62,70,0,0,29,0,29,0,6,31,62,99,0,0,0,99
03/07/2015,LAW,OK,ASW,CE,Federal Contract Tower,0,6,17,22,45,0,0,38,0,38,0,6,55,22,83,4,18,22,105
03/08/2015,LAW,OK,ASW,CE,Federal Contract Tower,0,6,16,34,56,0,0,23,0,23,0,6,39,34,79,16,0,16,95
03/09/2015,LAW,OK,ASW,CE,Federal Contract Tower,0,6,0,128,134,0,0,0,0,0,0,6,0,128,134,0,0,0,134
03/10/2015,LAW,OK,ASW,CE,Federal Contract Tower,0,10,9,98,117,0,0,12,1,13,0,10,21,99,130,8,12,20,150
03/11/2015,LAW,OK,ASW,CE,Federal Contract Tower,0,6,13,57,76,0,0,13,0,13,0,6,26,57,89,10,0,10,99
03/12/2015,LAW,OK,ASW,CE,Federal Contract Tower,0,6,11,94,111,0,0,29,2,31,0,6,40,96,142,0,0,0,142
03/13/2015,LAW,OK,ASW,CE,Federal Contract Tower,0,6,4,38,48,0,0,4,0,4,0,6,8,38,52,0,0,0,52
03/14/2015,LAW,OK,ASW,CE,Federal Contract Tower,0,6,7,14,27,0,0,31,20,51,0,6,38,34,78,10,12,22,100
03/15/2015,LAW,OK,ASW,CE,Federal Contract Tower,0,6,3,8,17,0,0,14,0,14,0,6,17,8,31,12,0,12,43
03/16/2015,LAW,OK,ASW,CE,Federal Contract Tower,0,4,7,20,31,0,0,4,0,4,0,4,11,20,35,0,0,0,35
03/17/2015,LAW,OK,ASW,CE,Federal Contract Tower,0,7,6,4,17,0,0,0,0,0,0,7,6,4,17,0,0,0,17
03/18/2015,LAW,OK,ASW,CE,Federal Contract Tower,0,6,2,47,55,0,0,2,0,2,0,6,4,47,57,0,0,0,57
03/19/2015,LAW,OK,ASW,CE,Federal Contract Tower,0,6,4,38,48,0,0,0,0,0,0,6,4,38,48,0,0,0,48
03/20/2015,LAW,OK,ASW,CE,Federal Contract Tower,2,6,9,28,45,0,0,6,2,8,2,6,15,30,53,0,16,16,69
03/21/2015,LAW,OK,ASW,CE,Federal Contract Tower,0,6,4,0,10,0,0,12,22,34,0,6,16,22,44,0,26,26,70
03/22/2015,LAW,OK,ASW,CE,Federal Contract Tower,0,5,8,20,33,0,0,9,1,10,0,5,17,21,43,10,0,10,53
03/23/2015,LAW,OK,ASW,CE,Federal Contract Tower,2,4,6,3,15,0,0,8,1,9,2,4,14,4,24,0,12,12,36
03/24/2015,LAW,OK,ASW,CE,Federal Contract Tower,0,11,6,10,27,0,0,6,0,6,0,11,12,10,33,6,0,6,39
03/25/2015,LAW,OK,ASW,CE,Federal Contract Tower,0,7,0,10,17,0,0,6,0,6,0,7,6,10,23,0,0,0,23
03/26/2015,LAW,OK,ASW,CE,Federal Contract Tower,1,6,5,19,31,0,0,6,1,7,1,6,11,20,38,0,0,0,38
03/27/2015,LAW,OK,ASW,CE,Federal Contract Tower,0,6,5,10,21,0,0,22,8,30,0,6,27,18,51,4,8,12,63
03/28/2015,LAW,OK,ASW,CE,Federal Contract Tower,0,6,2,0,8,0,0,31,4,35,0,6,33,4,43,0,0,0,43
03/29/2015,LAW,OK,ASW,CE,Federal Contract Tower,0,6,1,0,7,0,0,18,0,18,0,6,19,0,25,0,0,0,25
03/30/2015,LAW,OK,ASW,CE,Federal Contract Tower,0,6,3,28,37,0,0,9,0,9,0,6,12,28,46,10,8,18,64
03/31/2015,LAW,OK,ASW,CE,Federal Contract Tower,0,6,0,23,29,0,0,4,0,4,0,6,4,23,33,10,0,10,43
04/01/2015,LAW,OK,ASW,CE,Federal Contract Tower,0,6,11,52,69,0,0,7,1,8,0,6,18,53,77,0,0,0,77
04/02/2015,LAW,OK,ASW,CE,Federal Contract Tower,0,6,18,40,64,0,0,16,2,18,0,6,34,42,82,4,0,4,86
04/03/2015,LAW,OK,ASW,CE,Federal Contract Tower,0,6,6,46,58,0,0,6,13,19,0,6,12,59,77,0,0,0,77
04/04/2015,LAW,OK,ASW,CE,Federal Contract Tower,0,6,19,0,25,0,0,25,0,25,0,6,44,0,50,32,0,32,82
04/05/2015,LAW,OK,ASW,CE,Federal Contract Tower,0,8,8,0,16,0,0,0,0,0,0,8,8,0,16,0,0,0,16
04/06/2015,LAW,OK,ASW,CE,Federal Contract Tower,0,6,6,18,30,0,0,1,0,1,0,6,7,18,31,0,0,0,31
04/07/2015,LAW,OK,ASW,CE,Federal Contract Tower,0,11,6,17,34,0,0,4,0,4,0,11,10,17,38,0,0,0,38
04/08/2015,LAW,OK,ASW,CE,Federal Contract Tower,0,8,1,16,25,0,0,9,0,9,0,8,10,16,34,6,0,6,40
04/09/2015,LAW,OK,ASW,CE,Federal Contract Tower,0,7,11,31,49,0,0,9,0,9,0,7,20,31,58,0,0,0,58
04/10/2015,LAW,OK,ASW,CE,Federal Contract Tower,1,6,25,24,56,0,0,43,0,43,1,6,68,24,99,22,0,22,121
04/11/2015,LAW,OK,ASW,CE,Federal Contract Tower,0,6,20,0,26,0,0,22,0,22,0,6,42,0,48,10,0,10,58
04/12/2015,LAW,OK,ASW,CE,Federal Contract Tower,0,6,4,0,10,0,0,5,0,5,0,6,9,0,15,0,0,0,15
04/13/2015,LAW,OK,ASW,CE,Federal Contract Tower,0,2,3,2,7,0,0,0,0,0,0,2,3,2,7,0,0,0,7
04/14/2015,LAW,OK,ASW,CE,Federal Contract Tower,0,6,4,0,10,0,0,3,0,3,0,6,7,0,13,0,0,0,13
04/15/2015,LAW,OK,ASW,CE,Federal Contract Tower,0,6,8,10,24,0,0,6,0,6,0,6,14,10,30,0,0,0,30
04/16/2015,LAW,OK,ASW,CE,Federal Contract Tower,0,6,4,123,133,0,0,1,0,1,0,6,5,123,134,0,0,0,134
04/17/2015,LAW,OK,ASW,CE,Federal Contract Tower,0,6,0,30,36,0,0,2,0,2,0,6,2,30,38,0,0,0,38
04/18/2015,LAW,OK,ASW,CE,Federal Contract Tower,0,6,2,2,10,0,0,6,0,6,0,6,8,2,16,40,0,40,56
04/19/2015,LAW,OK,ASW,CE,Federal Contract Tower,0,6,3,27,36,0,0,12,0,12,0,6,15,27,48,0,8,8,56
04/20/2015,LAW,OK,ASW,CE,Federal Contract Tower,0,6,7,24,37,0,0,21,0,21,0,6,28,24,58,14,0,14,72
04/21/2015,LAW,OK,ASW,CE,Federal Contract Tower,0,8,2,42,52,0,0,8,0,8,0,8,10,42,60,12,0,12,72
04/22/2015,LAW,OK,ASW,CE,Federal Contract Tower,0,6,0,65,71,0,0,2,0,2,0,6,2,65,73,0,6,6,79
04/23/2015,LAW,OK,ASW,CE,Federal Contract Tower,0,8,20,18,46,0,0,0,0,0,0,8,20,18,46,0,0,0,46
04/24/2015,LAW,OK,ASW,CE,Federal Contract Tower,0,14,4,37,55,0,0,8,0,8,0,14,12,37,63,32,0,32,95
04/25/2015,LAW,OK,ASW,CE,Federal Contract Tower,2,7,16,0,25,0,0,37,0,37,2,7,53,0,62,12,0,12,74
04/26/2015,LAW,OK,ASW,CE,Federal Contract Tower,2,6,1,26,35,0,0,20,0,20,2,6,21,26,55,0,0,0,55
04/27/2015,LAW,OK,ASW,CE,Federal Contract Tower,0,4,2,38,44,0,0,0,0,0,0,4,2,38,44,0,0,0,44
04/28/2015,LAW,OK,ASW,CE,Federal Contract Tower,0,6,6,90,102,0,0,7,0,7,0,6,13,90,109,6,0,6,115
04/29/2015,LAW,OK,ASW,CE,Federal Contract Tower,0,6,7,16,29,0,0,2,0,2,0,6,9,16,31,0,10,10,41
04/30/2015,LAW,OK,ASW,CE,Federal Contract Tower,0,6,14,63,83,0,0,18,1,19,0,6,32,64,102,0,10,10,112
05/01/2015,LAW,OK,ASW,CE,Federal Contract Tower,0,6,4,52,62,0,0,19,0,19,0,6,23,52,81,6,0,6,87
05/02/2015,LAW,OK,ASW,CE,Federal Contract Tower,0,6,0,0,6,0,0,28,0,28,0,6,28,0,34,0,0,0,34
05/03/2015,LAW,OK,ASW,CE,Federal Contract Tower,2,6,15,1,24,0,0,14,0,14,2,6,29,1,38,0,0,0,38
05/04/2015,LAW,OK,ASW,CE,Federal Contract Tower,0,6,3,41,50,0,0,3,0,3,0,6,6,41,53,0,0,0,53
05/05/2015,LAW,OK,ASW,CE,Federal Contract Tower,0,12,3,0,15,0,0,5,0,5,0,12,8,0,20,0,0,0,20
05/06/2015,LAW,OK,ASW,CE,Federal Contract Tower,0,2,0,18,20,0,0,4,0,4,0,2,4,18,24,0,0,0,24
05/07/2015,LAW,OK,ASW,CE,Federal Contract Tower,0,6,6,50,62,0,0,1,0,1,0,6,7,50,63,0,0,0,63
05/08/2015,LAW,OK,ASW,CE,Federal Contract Tower,0,6,0,40,46,0,0,5,0,5,0,6,5,40,51,0,16,16,67
05/09/2015,LAW,OK,ASW,CE,Federal Contract Tower,0,4,0,0,4,0,0,0,0,0,0,4,0,0,4,0,0,0,4
05/10/2015,LAW,OK,ASW,CE,Federal Contract Tower,0,4,0,8,12,0,0,0,0,0,0,4,0,8,12,0,16,16,28
05/11/2015,LAW,OK,ASW,CE,Federal Contract Tower,0,5,11,36,52,0,0,14,0,14,0,5,25,36,66,8,0,8,74
05/12/2015,LAW,OK,ASW,CE,Federal Contract Tower,0,8,2,54,64,0,0,12,0,12,0,8,14,54,76,2,0,2,78
05/13/2015,LAW,OK,ASW,CE,Federal Contract Tower,0,8,1,66,75,0,0,0,0,0,0,8,1,66,75,0,0,0,75
05/14/2015,LAW,OK,ASW,CE,Federal Contract Tower,0,6,6,40,52,0,0,7,0,7,0,6,13,40,59,0,0,0,59
05/15/2015,LAW,OK,ASW,CE,Federal Contract Tower,0,6,7,34,47,0,0,20,0,20,0,6,27,34,67,6,0,6,73
05/16/2015,LAW,OK,ASW,CE,Federal Contract Tower,0,6,3,0,9,0,0,3,0,3,0,6,6,0,12,0,0,0,12
05/17/2015,LAW,OK,ASW,CE,Federal Contract Tower,0,6,2,6,14,0,0,19,0,19,0,6,21,6,33,38,24,62,95
05/18/2015,LAW,OK,ASW,CE,Federal Contract Tower,0,6,9,12,27,0,0,19,4,23,0,6,28,16,50,24,0,24,74
05/19/2015,LAW,OK,ASW,CE,Federal Contract Tower,0,10,3,30,43,0,0,2,0,2,0,10,5,30,45,0,0,0,45
05/20/2015,LAW,OK,ASW,CE,Federal Contract Tower,2,6,3,42,53,0,0,0,4,4,2,6,3,46,57,0,24,24,81
05/21/2015,LAW,OK,ASW,CE,Federal Contract Tower,0,6,3,45,54,0,0,18,6,24,0,6,21,51,78,10,0,10,88
05/22/2015,LAW,OK,ASW,CE,Federal Contract Tower,0,6,16,0,22,0,0,0,0,0,0,6,16,0,22,0,0,0,22
05/23/2015,LAW,OK,ASW,CE,Federal Contract Tower,0,6,2,0,8,0,0,0,0,0,0,6,2,0,8,0,0,0,8
05/24/2015,LAW,OK,ASW,CE,Federal Contract Tower,0,5,2,0,7,0,0,12,0,12,0,5,14,0,19,20,0,20,39
05/25/2015,LAW,OK,ASW,CE,Federal Contract Tower,0,4,2,0,6,0,0,2,0,2,0,4,4,0,8,0,0,0,8
05/26/2015,LAW,OK,ASW,CE,Federal Contract Tower,0,4,15,10,29,0,0,17,2,19,0,4,32,12,48,4,4,8,56
05/27/2015,LAW,OK,ASW,CE,Federal Contract Tower,0,7,5,7,19,0,0,13,3,16,0,7,18,10,35,6,0,6,41
05/28/2015,LAW,OK,ASW,CE,Federal Contract Tower,0,6,2,11,19,0,0,8,0,8,0,6,10,11,27,10,6,16,43
05/29/2015,LAW,OK,ASW,CE,Federal Contract Tower,0,6,11,28,45,0,0,32,0,32,0,6,43,28,77,16,0,16,93
05/30/2015,LAW,OK,ASW,CE,Federal Contract Tower,2,7,0,0,9,0,0,26,0,26,2,7,26,0,35,10,0,10,45
05/31/2015,LAW,OK,ASW,CE,Federal Contract Tower,0,6,5,4,15,0,0,8,0,8,0,6,13,4,23,0,6,6,29
06/01/2015,LAW,OK,ASW,CE,Federal Contract Tower,0,6,9,48,63,0,0,16,4,20,0,6,25,52,83,20,2,22,105
06/02/2015,LAW,OK,ASW,CE,Federal Contract Tower,0,10,3,46,59,0,0,0,4,4,0,10,3,50,63,0,0,0,63
06/03/2015,LAW,OK,ASW,CE,Federal Contract Tower,0,6,21,40,67,0,0,21,0,21,0,6,42,40,88,20,0,20,108
06/04/2015,LAW,OK,ASW,CE,Federal Contract Tower,0,5,19,26,50,0,0,8,0,8,0,5,27,26,58,12,0,12,70
06/05/2015,LAW,OK,ASW,CE,Federal Contract Tower,0,6,5,40,51,0,0,12,0,12,0,6,17,40,63,0,0,0,63
06/06/2015,LAW,OK,ASW,CE,Federal Contract Tower,0,6,19,0,25,0,0,23,4,27,0,6,42,4,52,10,0,10,62
06/07/2015,LAW,OK,ASW,CE,Federal Contract Tower,0,6,1,6,13,0,0,13,2,15,0,6,14,8,28,0,0,0,28
06/08/2015,LAW,OK,ASW,CE,Federal Contract Tower,0,6,8,28,42,0,0,14,0,14,0,6,22,28,56,2,0,2,58
06/09/2015,LAW,OK,ASW,CE,Federal Contract Tower,0,6,2,19,27,0,0,11,0,11,0,6,13,19,38,14,0,14,52
06/10/2015,LAW,OK,ASW,CE,Federal Contract Tower,0,6,11,40,57,0,0,19,0,19,0,6,30,40,76,18,0,18,94
06/11/2015,LAW,OK,ASW,CE,Federal Contract Tower,0,6,5,23,34,0,0,12,1,13,0,6,17,24,47,0,0,0,47
06/12/2015,LAW,OK,ASW,CE,Federal Contract Tower,0,6,5,30,41,0,0,13,0,13,0,6,18,30,54,0,0,0,54
06/13/2015,LAW,OK,ASW,CE,Federal Contract Tower,0,6,2,0,8,0,0,8,0,8,0,6,10,0,16,4,0,4,20
06/14/2015,LAW,OK,ASW,CE,Federal Contract Tower,0,6,13,0,19,0,0,6,0,6,0,6,19,0,25,10,0,10,35
06/15/2015,LAW,OK,ASW,CE,Federal Contract Tower,0,4,10,70,84,0,0,0,0,0,0,4,10,70,84,0,0,0,84
06/16/2015,LAW,OK,ASW,CE,Federal Contract Tower,0,8,2,74,84,0,0,4,4,8,0,8,6,78,92,0,10,10,102
06/17/2015,LAW,OK,ASW,CE,Federal Contract Tower,0,6,4,0,10,0,0,0,0,0,0,6,4,0,10,0,0,0,10
06/18/2015,LAW,OK,ASW,CE,Federal Contract Tower,0,6,13,43,62,0,0,6,0,6,0,6,19,43,68,10,0,10,78
06/19/2015,LAW,OK,ASW,CE,Federal Contract Tower,0,6,4,18,28,0,0,24,0,24,0,6,28,18,52,20,0,20,72
06/20/2015,LAW,OK,ASW,CE,Federal Contract Tower,0,6,0,0,6,0,0,18,0,18,0,6,18,0,24,16,0,16,40
06/21/2015,LAW,OK,ASW,CE,Federal Contract Tower,0,4,2,0,6,0,0,7,0,7,0,4,9,0,13,0,0,0,13
06/22/2015,LAW,OK,ASW,CE,Federal Contract Tower,0,5,4,20,29,0,0,15,5,20,0,5,19,25,49,6,4,10,59
06/23/2015,LAW,OK,ASW,CE,Federal Contract Tower,0,6,2,44,52,0,0,13,6,19,0,6,15,50,71,20,12,32,103
06/24/2015,LAW,OK,ASW,CE,Federal Contract Tower,0,6,8,45,59,0,0,8,5,13,0,6,16,50,72,0,6,6,78
06/25/2015,LAW,OK,ASW,CE,Federal Contract Tower,0,6,7,49,62,0,0,14,0,14,0,6,21,49,76,0,0,0,76
06/26/2015,LAW,OK,ASW,CE,Federal Contract Tower,0,6,3,12,21,0,0,8,6,14,0,6,11,18,35,10,0,10,45
06/27/2015,LAW,OK,ASW,CE,Federal Contract Tower,0,6,0,0,6,0,0,23,0,23,0,6,23,0,29,32,0,32,61
06/28/2015,LAW,OK,ASW,CE,Federal Contract Tower,0,6,5,0,11,0,0,37,0,37,0,6,42,0,48,0,0,0,48
06/29/2015,LAW,OK,ASW,CE,Federal Contract Tower,0,6,0,50,56,0,0,4,2,6,0,6,4,52,62,0,0,0,62
06/30/2015,LAW,OK,ASW,CE,Federal Contract Tower,0,10,4,46,60,0,0,17,0,17,0,10,21,46,77,0,18,18,95
07/01/2015,LAW,OK,ASW,CE,Federal Contract Tower,0,6,4,52,62,0,0,4,0,4,0,6,8,52,66,0,30,30,96
07/02/2015,LAW,OK,ASW,CE,Federal Contract Tower,0,6,0,0,6,0,0,1,0,1,0,6,1,0,7,0,0,0,7
07/03/2015,LAW,OK,ASW,CE,Federal Contract Tower,0,6,3,0,9,0,0,15,0,15,0,6,18,0,24,0,0,0,24
07/04/2015,LAW,OK,ASW,CE,Federal Contract Tower,0,6,5,0,11,0,0,14,0,14,0,6,19,0,25,0,0,0,25
07/05/2015,LAW,OK,ASW,CE,Federal Contract Tower,0,6,15,0,21,0,0,8,0,8,0,6,23,0,29,0,0,0,29
07/06/2015,LAW,OK,ASW,CE,Federal Contract Tower,0,6,0,18,24,0,0,14,0,14,0,6,14,18,38,10,8,18,56
07/07/2015,LAW,OK,ASW,CE,Federal Contract Tower,0,6,10,140,156,0,0,0,0,0,0,6,10,140,156,0,0,0,156
07/08/2015,LAW,OK,ASW,CE,Federal Contract Tower,0,4,17,104,125,0,0,1,0,1,0,4,18,104,126,0,0,0,126
07/09/2015,LAW,OK,ASW,CE,Federal Contract Tower,0,6,5,20,31,0,0,1,0,1,0,6,6,20,32,0,0,0,32
07/10/2015,LAW,OK,ASW,CE,Federal Contract Tower,2,6,0,12,20,0,0,11,0,11,2,6,11,12,31,0,0,0,31
07/11/2015,LAW,OK,ASW,CE,Federal Contract Tower,0,6,4,0,10,0,0,29,0,29,0,6,33,0,39,10,0,10,49
07/12/2015,LAW,OK,ASW,CE,Federal Contract Tower,0,6,9,8,23,0,0,9,0,9,0,6,18,8,32,0,0,0,32
07/13/2015,LAW,OK,ASW,CE,Federal Contract Tower,2,6,6,50,64,0,0,15,0,15,2,6,21,50,79,12,0,12,91
07/14/2015,LAW,OK,ASW,CE,Federal Contract Tower,0,10,5,32,47,0,0,30,2,32,0,10,35,34,79,20,14,34,113
07/15/2015,LAW,OK,ASW,CE,Federal Contract Tower,0,6,1,30,37,0,0,10,2,12,0,6,11,32,49,10,0,10,59
07/16/2015,LAW,OK,ASW,CE,Federal Contract Tower,0,6,5,38,49,0,0,16,0,16,0,6,21,38,65,10,0,10,75
07/17/2015,LAW,OK,ASW,CE,Federal Contract Tower,0,6,9,24,39,0,0,5,0,5,0,6,14,24,44,0,0,0,44
07/18/2015,LAW,OK,ASW,CE,Federal Contract Tower,0,6,10,0,16,0,0,22,0,22,0,6,32,0,38,20,0,20,58
07/19/2015,LAW,OK,ASW,CE,Federal Contract Tower,1,6,5,0,12,0,0,20,0,20,1,6,25,0,32,0,0,0,32
07/20/2015,LAW,OK,ASW,CE,Federal Contract Tower,0,6,3,22,31,0,0,0,2,2,0,6,3,24,33,0,0,0,33
07/21/2015,LAW,OK,ASW,CE,Federal Contract Tower,0,6,5,51,62,0,0,3,0,3,0,6,8,51,65,0,8,8,73
07/22/2015,LAW,OK,ASW,CE,Federal Contract Tower,2,6,0,46,54,0,0,7,0,7,2,6,7,46,61,2,0,2,63
07/23/2015,LAW,OK,ASW,CE,Federal Contract Tower,1,6,8,34,49,0,0,12,0,12,1,6,20,34,61,0,0,0,61
07/24/2015,LAW,OK,ASW,CE,Federal Contract Tower,0,6,9,24,39,0,0,8,0,8,0,6,17,24,47,0,0,0,47
07/25/2015,LAW,OK,ASW,CE,Federal Contract Tower,0,6,3,0,9,0,0,12,0,12,0,6,15,0,21,0,0,0,21
07/26/2015,LAW,OK,ASW,CE,Federal Contract Tower,0,6,20,0,26,0,0,10,0,10,0,6,30,0,36,0,0,0,36
07/27/2015,LAW,OK,ASW,CE,Federal Contract Tower,0,6,1,14,21,0,0,9,0,9,0,6,10,14,30,0,4,4,34
07/28/2015,LAW,OK,ASW,CE,Federal Contract Tower,0,10,6,46,62,0,0,7,0,7,0,10,13,46,69,0,0,0,69
07/29/2015,LAW,OK,ASW,CE,Federal Contract Tower,0,6,15,82,103,0,0,10,0,10,0,6,25,82,113,10,0,10,123
07/30/2015,LAW,OK,ASW,CE,Federal Contract Tower,0,6,1,48,55,0,0,8,0,8,0,6,9,48,63,0,0,0,63
07/31/2015,LAW,OK,ASW,CE,Federal Contract Tower,0,6,0,8,14,0,0,0,12,12,0,6,0,20,26,10,0,10,36
08/01/2015,LAW,OK,ASW,CE,Federal Contract Tower,0,6,0,0,6,0,0,4,0,4,0,6,4,0,10,0,0,0,10
08/02/2015,LAW,OK,ASW,CE,Federal Contract Tower,0,6,26,13,45,0,0,19,0,19,0,6,45,13,64,0,0,0,64
08/03/2015,LAW,OK,ASW,CE,Federal Contract Tower,0,6,15,50,71,0,0,8,0,8,0,6,23,50,79,0,0,0,79
08/04/2015,LAW,OK,ASW,CE,Federal Contract Tower,0,6,1,55,62,0,0,0,10,10,0,6,1,65,72,0,0,0,72
08/05/2015,LAW,OK,ASW,CE,Federal Contract Tower,0,6,7,44,57,0,0,14,0,14,0,6,21,44,71,0,0,0,71
08/06/2015,LAW,OK,ASW,CE,Federal Contract Tower,0,6,11,74,91,0,0,5,0,5,0,6,16,74,96,8,0,8,104
08/07/2015,LAW,OK,ASW,CE,Federal Contract Tower,0,6,6,30,42,0,0,13,8,21,0,6,19,38,63,0,6,6,69
08/08/2015,LAW,OK,ASW,CE,Federal Contract Tower,0,6,6,0,12,0,0,20,0,20,0,6,26,0,32,0,0,0,32
08/09/2015,LAW,OK,ASW,CE,Federal Contract Tower,0,6,11,20,37,0,0,16,0,16,0,6,27,20,53,4,4,8,61
08/10/2015,LAW,OK,ASW,CE,Federal Contract Tower,0,6,8,80,94,0,0,20,0,20,0,6,28,80,114,28,0,28,142
08/11/2015,LAW,OK,ASW,CE,Federal Contract Tower,0,9,2,69,80,0,0,6,0,6,0,9,8,69,86,0,0,0,86
08/12/2015,LAW,OK,ASW,CE,Federal Contract Tower,0,6,0,78,84,0,0,32,0,32,0,6,32,78,116,6,10,16,132
08/13/2015,LAW,OK,ASW,CE,Federal Contract Tower,0,6,3,76,85,0,0,2,0,2,0,6,5,76,87,0,0,0,87
08/14/2015,LAW,OK,ASW,CE,Federal Contract Tower,0,6,4,62,72,0,0,8,0,8,0,6,12,62,80,0,24,24,104
08/15/2015,LAW,OK,ASW,CE,Federal Contract Tower,0,6,7,0,13,0,0,15,0,15,0,6,22,0,28,10,0,10,38
08/16/2015,LAW,OK,ASW,CE,Federal Contract Tower,0,7,7,0,14,0,0,9,0,9,0,7,16,0,23,6,0,6,29
08/17/2015,LAW,OK,ASW,CE,Federal Contract Tower,0,7,5,14,26,0,0,4,0,4,0,7,9,14,30,2,0,2,32
08/18/2015,LAW,OK,ASW,CE,Federal Contract Tower,0,6,6,25,37,0,0,2,0,2,0,6,8,25,39,0,14,14,53
08/19/2015,LAW,OK,ASW,CE,Federal Contract Tower,0,6,4,46,56,0,0,0,0,0,0,6,4,46,56,0,0,0,56
08/20/2015,LAW,OK,ASW,CE,Federal Contract Tower,0,8,17,38,63,0,0,13,0,13,0,8,30,38,76,4,0,4,80
08/21/2015,LAW,OK,ASW,CE,Federal Contract Tower,4,6,10,62,82,0,0,11,0,11,4,6,21,62,93,6,0,6,99
08/22/2015,LAW,OK,ASW,CE,Federal Contract Tower,0,5,0,0,5,0,0,30,0,30,0,5,30,0,35,36,0,36,71
08/23/2015,LAW,OK,ASW,CE,Federal Contract Tower,0,6,8,5,19,0,0,14,1,15,0,6,22,6,34,12,8,20,54
08/24/2015,LAW,OK,ASW,CE,Federal Contract Tower,0,6,10,22,38,0,0,6,0,6,0,6,16,22,44,0,4,4,48
08/25/2015,LAW,OK,ASW,CE,Federal Contract Tower,0,10,4,18,32,0,0,12,0,12,0,10,16,18,44,0,0,0,44
08/26/2015,LAW,OK,ASW,CE,Federal Contract Tower,0,6,3,38,47,0,0,20,0,20,0,6,23,38,67,12,0,12,79
08/27/2015,LAW,OK,ASW,CE,Federal Contract Tower,0,6,5,65,76,0,0,14,1,15,0,6,19,66,91,0,0,0,91
08/28/2015,LAW,OK,ASW,CE,Federal Contract Tower,0,6,2,46,54,0,0,31,0,31,0,6,33,46,85,26,0,26,111
08/29/2015,LAW,OK,ASW,CE,Federal Contract Tower,0,6,7,4,17,0,0,47,0,47,0,6,54,4,64,20,0,20,84
08/30/2015,LAW,OK,ASW,CE,Federal Contract Tower,0,6,4,0,10,0,0,14,0,14,0,6,18,0,24,42,0,42,66
08/31/2015,LAW,OK,ASW,CE,Federal Contract Tower,0,6,3,30,39,0,0,7,0,7,0,6,10,30,46,12,0,12,58
09/01/2015,LAW,OK,ASW,CE,Federal Contract Tower,2,8,0,38,48,0,0,6,2,8,2,8,6,40,56,0,12,12,68
09/02/2015,LAW,OK,ASW,CE,Federal Contract Tower,0,6,0,50,56,0,0,5,0,5,0,6,5,50,61,12,4,16,77
09/03/2015,LAW,OK,ASW,CE,Federal Contract Tower,0,6,0,22,28,0,0,4,0,4,0,6,4,22,32,14,0,14,46
09/04/2015,LAW,OK,ASW,CE,Federal Contract Tower,0,8,0,0,8,0,0,20,0,20,0,8,20,0,28,24,0,24,52
09/05/2015,LAW,OK,ASW,CE,Federal Contract Tower,0,6,0,0,6,0,0,26,0,26,0,6,26,0,32,22,0,22,54
09/06/2015,LAW,OK,ASW,CE,Federal Contract Tower,0,4,9,0,13,0,0,27,0,27,0,4,36,0,40,14,0,14,54
09/07/2015,LAW,OK,ASW,CE,Federal Contract Tower,0,6,4,0,10,0,0,13,0,13,0,6,17,0,23,10,0,10,33
09/08/2015,LAW,OK,ASW,CE,Federal Contract Tower,0,10,6,49,65,0,0,4,2,6,0,10,10,51,71,10,14,24,95
09/09/2015,LAW,OK,ASW,CE,Federal Contract Tower,2,6,18,72,98,0,0,9,0,9,2,6,27,72,107,0,0,0,107
09/10/2015,LAW,OK,ASW,CE,Federal Contract Tower,0,6,13,32,51,0,0,5,0,5,0,6,18,32,56,0,0,0,56
09/11/2015,LAW,OK,ASW,CE,Federal Contract Tower,0,6,7,24,37,0,0,6,2,8,0,6,13,26,45,26,14,40,85
09/12/2015,LAW,OK,ASW,CE,Federal Contract Tower,0,11,6,0,17,0,0,17,0,17,0,11,23,0,34,30,0,30,64
09/13/2015,LAW,OK,ASW,CE,Federal Contract Tower,0,6,4,0,10,0,0,12,0,12,0,6,16,0,22,0,0,0,22
09/14/2015,LAW,OK,ASW,CE,Federal Contract Tower,0,6,2,46,54,0,0,14,0,14,0,6,16,46,68,10,0,10,78
09/15/2015,LAW,OK,ASW,CE,Federal Contract Tower,0,6,0,74,80,0,0,7,10,17,0,6,7,84,97,0,88,88,185
09/16/2015,LAW,OK,ASW,CE,Federal Contract Tower,0,6,1,102,109,0,0,4,0,4,0,6,5,102,113,0,0,0,113
09/17/2015,LAW,OK,ASW,CE,Federal Contract Tower,0,6,4,42,52,0,0,7,0,7,0,6,11,42,59,0,0,0,59
09/18/2015,LAW,OK,ASW,CE,Federal Contract Tower,0,6,15,24,45,0,0,6,0,6,0,6,21,24,51,20,0,20,71
09/19/2015,LAW,OK,ASW,CE,Federal Contract Tower,0,9,18,0,27,0,0,11,0,11,0,9,29,0,38,0,0,0,38
09/20/2015,LAW,OK,ASW,CE,Federal Contract Tower,0,6,2,0,8,0,0,0,0,0,0,6,2,0,8,0,0,0,8
09/21/2015,LAW,OK,ASW,CE,Federal Contract Tower,0,6,0,56,62,0,0,4,4,8,0,6,4,60,70,6,6,12,82
09/22/2015,LAW,OK,ASW,CE,Federal Contract Tower,2,10,1,65,78,0,0,3,0,3,2,10,4,65,81,0,0,0,81
09/23/2015,LAW,OK,ASW,CE,Federal Contract Tower,0,6,5,92,103,0,0,11,0,11,0,6,16,92,114,4,0,4,118
09/24/2015,LAW,OK,ASW,CE,Federal Contract Tower,0,6,3,104,113,0,0,2,0,2,0,6,5,104,115,0,0,0,115
09/25/2015,LAW,OK,ASW,CE,Federal Contract Tower,0,6,8,54,68,0,0,18,0,18,0,6,26,54,86,10,6,16,102
09/26/2015,LAW,OK,ASW,CE,Federal Contract Tower,0,8,6,0,14,0,0,26,0,26,0,8,32,0,40,0,0,0,40
09/27/2015,LAW,OK,ASW,CE,Federal Contract Tower,0,6,0,10,16,0,0,26,4,30,0,6,26,14,46,24,0,24,70
09/28/2015,LAW,OK,ASW,CE,Federal Contract Tower,0,6,0,66,72,0,0,10,0,10,0,6,10,66,82,10,0,10,92
09/29/2015,LAW,OK,ASW,CE,Federal Contract Tower,0,6,7,24,37,0,0,11,0,11,0,6,18,24,48,2,0,2,50
09/30/2015,LAW,OK,ASW,CE,Federal Contract Tower,0,6,2,0,8,0,0,6,0,6,0,6,8,0,14,26,0,26,40
10/01/2015,LAW,OK,ASW,CE,Federal Contract Tower,0,6,2,94,102,0,0,1,0,1,0,6,3,94,103,0,8,8,111
10/02/2015,LAW,OK,ASW,CE,Federal Contract Tower,0,6,4,68,78,0,0,9,2,11,0,6,13,70,89,10,4,14,103
10/03/2015,LAW,OK,ASW,CE,Federal Contract Tower,0,8,5,0,13,0,0,9,0,9,0,8,14,0,22,0,0,0,22
10/04/2015,LAW,OK,ASW,CE,Federal Contract Tower,0,6,1,0,7,0,0,25,0,25,0,6,26,0,32,8,0,8,40
10/05/2015,LAW,OK,ASW,CE,Federal Contract Tower,0,6,0,80,86,0,0,1,0,1,0,6,1,80,87,0,4,4,91
10/06/2015,LAW,OK,ASW,CE,Federal Contract Tower,0,10,4,51,65,0,0,25,14,39,0,10,29,65,104,4,26,30,134
10/07/2015,LAW,OK,ASW,CE,Federal Contract Tower,0,6,16,52,74,0,0,12,0,12,0,6,28,52,86,0,0,0,86
10/08/2015,LAW,OK,ASW,CE,Federal Contract Tower,0,7,30,53,90,0,0,11,0,11,0,7,41,53,101,0,0,0,101
10/09/2015,LAW,OK,ASW,CE,Federal Contract Tower,2,6,7,60,75,0,0,14,0,14,2,6,21,60,89,12,0,12,101
10/10/2015,LAW,OK,ASW,CE,Federal Contract Tower,0,6,14,0,20,0,0,29,0,29,0,6,43,0,49,0,0,0,49
10/11/2015,LAW,OK,ASW,CE,Federal Contract Tower,0,6,6,0,12,0,0,16,0,16,0,6,22,0,28,8,0,8,36
10/12/2015,LAW,OK,ASW,CE,Federal Contract Tower,0,6,3,0,9,0,0,8,0,8,0,6,11,0,17,0,0,0,17
10/13/2015,LAW,OK,ASW,CE,Federal Contract Tower,0,6,4,12,22,0,0,7,0,7,0,6,11,12,29,0,0,0,29
10/14/2015,LAW,OK,ASW,CE,Federal Contract Tower,0,6,5,12,23,0,0,9,0,9,0,6,14,12,32,0,0,0,32
10/15/2015,LAW,OK,ASW,CE,Federal Contract Tower,0,6,8,50,64,0,0,6,0,6,0,6,14,50,70,0,0,0,70
10/16/2015,LAW,OK,ASW,CE,Federal Contract Tower,0,6,0,82,88,0,0,2,0,2,0,6,2,82,90,0,10,10,100
10/17/2015,LAW,OK,ASW,CE,Federal Contract Tower,2,6,1,1,10,0,0,13,0,13,2,6,14,1,23,8,0,8,31
10/18/2015,LAW,OK,ASW,CE,Federal Contract Tower,0,6,1,8,15,0,0,17,0,17,0,6,18,8,32,2,0,2,34
10/19/2015,LAW,OK,ASW,CE,Federal Contract Tower,0,6,2,73,81,0,0,14,0,14,0,6,16,73,95,4,4,8,103
10/20/2015,LAW,OK,ASW,CE,Federal Contract Tower,0,6,6,38,50,0,0,7,0,7,0,6,13,38,57,0,0,0,57
10/21/2015,LAW,OK,ASW,CE,Federal Contract Tower,0,6,3,36,45,0,0,6,2,8,0,6,9,38,53,0,4,4,57
10/22/2015,LAW,OK,ASW,CE,Federal Contract Tower,0,6,1,0,7,0,0,0,0,0,0,6,1,0,7,0,0,0,7
10/23/2015,LAW,OK,ASW,CE,Federal Contract Tower,0,4,22,86,112,0,0,6,0,6,0,4,28,86,118,14,0,14,132
10/24/2015,LAW,OK,ASW,CE,Federal Contract Tower,0,6,4,0,10,0,0,10,0,10,0,6,14,0,20,0,0,0,20
10/25/2015,LAW,OK,ASW,CE,Federal Contract Tower,0,6,5,0,11,0,0,7,0,7,0,6,12,0,18,10,0,10,28
10/26/2015,LAW,OK,ASW,CE,Federal Contract Tower,0,6,3,16,25,0,0,8,0,8,0,6,11,16,33,2,0,2,35
10/27/2015,LAW,OK,ASW,CE,Federal Contract Tower,0,6,8,44,58,0,0,17,2,19,0,6,25,46,77,2,0,2,79
10/28/2015,LAW,OK,ASW,CE,Federal Contract Tower,0,6,3,28,37,0,0,12,0,12,0,6,15,28,49,40,0,40,89
10/29/2015,LAW,OK,ASW,CE,Federal Contract Tower,0,6,4,34,44,0,0,16,0,16,0,6,20,34,60,10,0,10,70
10/30/2015,LAW,OK,ASW,CE,Federal Contract Tower,0,6,0,0,6,0,0,0,0,0,0,6,0,0,6,0,0,0,6
10/31/2015,LAW,OK,ASW,CE,Federal Contract Tower,0,6,5,2,13,0,0,6,0,6,0,6,11,2,19,20,0,20,39
11/01/2015,LAW,OK,ASW,CE,Federal Contract Tower,0,6,11,5,22,0,0,24,0,24,0,6,35,5,46,18,0,18,64
11/02/2015,LAW,OK,ASW,CE,Federal Contract Tower,0,2,2,24,28,0,0,0,0,0,0,2,2,24,28,0,0,0,28
11/03/2015,LAW,OK,ASW,CE,Federal Contract Tower,0,6,10,46,62,0,0,10,2,12,0,6,20,48,74,4,6,10,84
11/04/2015,LAW,OK,ASW,CE,Federal Contract Tower,0,6,3,85,94,0,0,3,0,3,0,6,6,85,97,0,0,0,97
11/05/2015,LAW,OK,ASW,CE,Federal Contract Tower,0,4,0,10,14,0,0,2,0,2,0,4,2,10,16,0,10,10,26
11/06/2015,LAW,OK,ASW,CE,Federal Contract Tower,0,6,11,26,43,0,0,10,0,10,0,6,21,26,53,0,0,0,53
11/07/2015,LAW,OK,ASW,CE,Federal Contract Tower,0,6,11,8,25,0,0,23,0,23,0,6,34,8,48,20,0,20,68
11/08/2015,LAW,OK,ASW,CE,Federal Contract Tower,0,6,13,10,29,0,0,0,0,0,0,6,13,10,29,54,0,54,83
11/09/2015,LAW,OK,ASW,CE,Federal Contract Tower,0,8,7,38,53,0,0,15,0,15,0,8,22,38,68,2,0,2,70
11/10/2015,LAW,OK,ASW,CE,Federal Contract Tower,0,6,3,54,63,0,0,7,0,7,0,6,10,54,70,0,0,0,70
11/11/2015,LAW,OK,ASW,CE,Federal Contract Tower,0,6,2,0,8,0,0,0,6,6,0,6,2,6,14,0,0,0,14
11/12/2015,LAW,OK,ASW,CE,Federal Contract Tower,0,8,0,68,76,0,0,7,0,7,0,8,7,68,83,0,0,0,83
11/13/2015,LAW,OK,ASW,CE,Federal Contract Tower,0,6,5,6,17,0,0,31,0,31,0,6,36,6,48,0,0,0,48
11/14/2015,LAW,OK,ASW,CE,Federal Contract Tower,0,6,14,0,20,0,0,21,0,21,0,6,35,0,41,4,0,4,45
11/15/2015,LAW,OK,ASW,CE,Federal Contract Tower,0,6,8,16,30,0,0,4,2,6,0,6,12,18,36,8,4,12,48
11/16/2015,LAW,OK,ASW,CE,Federal Contract Tower,0,8,2,110,120,0,0,0,0,0,0,8,2,110,120,0,0,0,120
11/17/2015,LAW,OK,ASW,CE,Federal Contract Tower,0,8,4,9,21,0,0,0,0,0,0,8,4,9,21,0,0,0,21
11/18/2015,LAW,OK,ASW,CE,Federal Contract Tower,0,6,3,34,43,0,0,11,0,11,0,6,14,34,54,0,6,6,60
11/19/2015,LAW,OK,ASW,CE,Federal Contract Tower,0,6,6,52,64,0,0,12,0,12,0,6,18,52,76,0,0,0,76
11/20/2015,LAW,OK,ASW,CE,Federal Contract Tower,4,6,0,10,20,0,0,17,0,17,4,6,17,10,37,46,0,46,83
11/21/2015,LAW,OK,ASW,CE,Federal Contract Tower,0,6,0,0,6,0,0,7,0,7,0,6,7,0,13,0,0,0,13
11/22/2015,LAW,OK,ASW,CE,Federal Contract Tower,0,7,9,0,16,0,0,14,0,14,0,7,23,0,30,24,0,24,54
11/23/2015,LAW,OK,ASW,CE,Federal Contract Tower,0,6,4,24,34,0,0,12,0,12,0,6,16,24,46,6,0,6,52
11/24/2015,LAW,OK,ASW,CE,Federal Contract Tower,0,6,2,22,30,0,0,0,0,0,0,6,2,22,30,0,0,0,30
11/25/2015,LAW,OK,ASW,CE,Federal Contract Tower,0,5,9,114,128,0,0,0,0,0,0,5,9,114,128,0,0,0,128
11/26/2015,LAW,OK,ASW,CE,Federal Contract Tower,0,4,0,0,4,0,0,0,0,0,0,4,0,0,4,0,0,0,4
11/27/2015,LAW,OK,ASW,CE,Federal Contract Tower,0,2,0,0,2,0,0,0,0,0,0,2,0,0,2,0,0,0,2
11/28/2015,LAW,OK,ASW,CE,Federal Contract Tower,0,4,2,0,6,0,0,0,0,0,0,4,2,0,6,0,0,0,6
11/29/2015,LAW,OK,ASW,CE,Federal Contract Tower,0,6,4,0,10,0,0,0,0,0,0,6,4,0,10,0,0,0,10
11/30/2015,LAW,OK,ASW,CE,Federal Contract Tower,0,6,2,68,76,0,0,2,0,2,0,6,4,68,78,0,0,0,78
12/01/2015,LAW,OK,ASW,CE,Federal Contract Tower,0,6,4,26,36,0,0,3,0,3,0,6,7,26,39,0,8,8,47
12/02/2015,LAW,OK,ASW,CE,Federal Contract Tower,0,6,12,52,70,0,0,8,0,8,0,6,20,52,78,0,0,0,78
12/03/2015,LAW,OK,ASW,CE,Federal Contract Tower,0,6,11,49,66,0,0,13,0,13,0,6,24,49,79,0,0,0,79
12/04/2015,LAW,OK,ASW,CE,Federal Contract Tower,0,6,16,52,74,0,0,4,6,10,0,6,20,58,84,0,0,0,84
12/05/2015,LAW,OK,ASW,CE,Federal Contract Tower,0,6,4,10,20,0,0,12,2,14,0,6,16,12,34,0,0,0,34
12/06/2015,LAW,OK,ASW,CE,Federal Contract Tower,0,6,13,0,19,0,0,17,2,19,0,6,30,2,38,24,0,24,62
12/07/2015,LAW,OK,ASW,CE,Federal Contract Tower,0,6,7,60,73,0,0,3,2,5,0,6,10,62,78,0,0,0,78
12/08/2015,LAW,OK,ASW,CE,Federal Contract Tower,0,6,12,45,63,0,0,11,0,11,0,6,23,45,74,8,0,8,82
12/09/2015,LAW,OK,ASW,CE,Federal Contract Tower,0,6,5,57,68,0,0,11,2,13,0,6,16,59,81,0,8,8,89
12/10/2015,LAW,OK,ASW,CE,Federal Contract Tower,0,6,1,29,36,0,0,4,0,4,0,6,5,29,40,0,0,0,40
12/11/2015,LAW,OK,ASW,CE,Federal Contract Tower,1,6,16,30,53,0,0,23,4,27,1,6,39,34,80,10,0,10,90
12/12/2015,LAW,OK,ASW,CE,Federal Contract Tower,0,6,0,0,6,0,0,0,0,0,0,6,0,0,6,0,0,0,6
12/13/2015,LAW,OK,ASW,CE,Federal Contract Tower,0,6,1,5,12,0,0,0,0,0,0,6,1,5,12,0,0,0,12
12/14/2015,LAW,OK,ASW,CE,Federal Contract Tower,0,6,2,42,50,0,0,6,0,6,0,6,8,42,56,2,0,2,58
12/15/2015,LAW,OK,ASW,CE,Federal Contract Tower,0,6,7,21,34,0,0,4,0,4,0,6,11,21,38,6,0,6,44
12/16/2015,LAW,OK,ASW,CE,Federal Contract Tower,1,6,6,68,81,0,0,2,0,2,1,6,8,68,83,0,10,10,93
12/17/2015,LAW,OK,ASW,CE,Federal Contract Tower,0,6,0,76,82,0,0,4,0,4,0,6,4,76,86,0,0,0,86
12/18/2015,LAW,OK,ASW,CE,Federal Contract Tower,0,6,0,60,66,0,0,21,4,25,0,6,21,64,91,0,0,0,91
12/19/2015,LAW,OK,ASW,CE,Federal Contract Tower,0,6,4,0,10,0,0,22,0,22,0,6,26,0,32,22,0,22,54
12/20/2015,LAW,OK,ASW,CE,Federal Contract Tower,0,7,1,0,8,0,0,0,0,0,0,7,1,0,8,0,0,0,8
12/21/2015,LAW,OK,ASW,CE,Federal Contract Tower,0,7,9,1,17,0,0,15,0,15,0,7,24,1,32,10,0,10,42
12/22/2015,LAW,OK,ASW,CE,Federal Contract Tower,0,6,11,0,17,0,0,13,0,13,0,6,24,0,30,0,0,0,30
12/23/2015,LAW,OK,ASW,CE,Federal Contract Tower,0,6,0,2,8,0,0,6,0,6,0,6,6,2,14,16,0,16,30
12/24/2015,LAW,OK,ASW,CE,Federal Contract Tower,0,6,4,0,10,0,0,20,0,20,0,6,24,0,30,6,0,6,36
12/25/2015,LAW,OK,ASW,CE,Federal Contract Tower,2,6,14,0,22,0,0,8,0,8,2,6,22,0,30,4,0,4,34
12/26/2015,LAW,OK,ASW,CE,Federal Contract Tower,0,4,0,0,4,0,0,0,0,0,0,4,0,0,4,0,0,0,4
12/27/2015,LAW,OK,ASW,CE,Federal Contract Tower,0,0,0,0,0,0,0,0,0,0,0,0,0,0,0,0,0,0,0
12/28/2015,LAW,OK,ASW,CE,Federal Contract Tower,0,4,0,0,4,0,0,0,0,0,0,4,0,0,4,0,0,0,4
12/29/2015,LAW,OK,ASW,CE,Federal Contract Tower,0,5,13,0,18,0,0,13,0,13,0,5,26,0,31,0,0,0,31
12/30/2015,LAW,OK,ASW,CE,Federal Contract Tower,0,7,14,0,21,0,0,18,0,18,0,7,32,0,39,2,0,2,41
12/31/2015,LAW,OK,ASW,CE,Federal Contract Tower,0,4,14,0,18,0,0,10,0,10,0,4,24,0,28,2,0,2,30
01/01/2016,LAW,OK,ASW,CE,Federal Contract Tower,0,6,0,0,6,0,0,8,0,8,0,6,8,0,14,10,0,10,24
01/02/2016,LAW,OK,ASW,CE,Federal Contract Tower,2,6,20,0,28,0,0,18,0,18,2,6,38,0,46,0,0,0,46
01/03/2016,LAW,OK,ASW,CE,Federal Contract Tower,0,0,6,0,6,0,0,50,0,50,0,0,56,0,56,0,0,0,56
01/04/2016,LAW,OK,ASW,CE,Federal Contract Tower,0,8,4,94,106,0,0,29,0,29,0,8,33,94,135,0,0,0,135
01/05/2016,LAW,OK,ASW,CE,Federal Contract Tower,0,6,15,88,109,0,0,15,10,25,0,6,30,98,134,10,16,26,160
01/06/2016,LAW,OK,ASW,CE,Federal Contract Tower,2,6,3,50,61,0,0,0,0,0,2,6,3,50,61,0,0,0,61
01/07/2016,LAW,OK,ASW,CE,Federal Contract Tower,2,6,0,42,50,0,0,4,0,4,2,6,4,42,54,20,18,38,92
01/08/2016,LAW,OK,ASW,CE,Federal Contract Tower,6,0,2,64,72,0,0,0,8,8,6,0,2,72,80,0,22,22,102
01/09/2016,LAW,OK,ASW,CE,Federal Contract Tower,0,6,1,0,7,0,0,8,0,8,0,6,9,0,15,0,0,0,15
01/10/2016,LAW,OK,ASW,CE,Federal Contract Tower,0,7,0,0,7,0,0,18,0,18,0,7,18,0,25,0,0,0,25
01/11/2016,LAW,OK,ASW,CE,Federal Contract Tower,0,6,4,56,66,0,0,6,4,10,0,6,10,60,76,0,10,10,86
01/12/2016,LAW,OK,ASW,CE,Federal Contract Tower,0,6,11,34,51,0,0,9,0,9,0,6,20,34,60,20,0,20,80
01/13/2016,LAW,OK,ASW,CE,Federal Contract Tower,0,6,4,86,96,0,0,6,0,6,0,6,10,86,102,18,0,18,120
01/14/2016,LAW,OK,ASW,CE,Federal Contract Tower,0,6,0,67,73,0,0,9,0,9,0,6,9,67,82,0,10,10,92
01/15/2016,LAW,OK,ASW,CE,Federal Contract Tower,0,6,4,18,28,0,0,33,0,33,0,6,37,18,61,8,0,8,69
01/16/2016,LAW,OK,ASW,CE,Federal Contract Tower,0,6,8,0,14,0,0,2,0,2,0,6,10,0,16,0,0,0,16
01/17/2016,LAW,OK,ASW,CE,Federal Contract Tower,0,8,0,0,8,0,0,21,0,21,0,8,21,0,29,4,0,4,33
01/18/2016,LAW,OK,ASW,CE,Federal Contract Tower,0,6,2,19,27,0,0,9,4,13,0,6,11,23,40,4,0,4,44
01/19/2016,LAW,OK,ASW,CE,Federal Contract Tower,0,6,9,94,109,0,0,1,0,1,0,6,10,94,110,0,18,18,128
01/20/2016,LAW,OK,ASW,CE,Federal Contract Tower,0,6,5,140,151,0,0,3,0,3,0,6,8,140,154,0,0,0,154
01/21/2016,LAW,OK,ASW,CE,Federal Contract Tower,0,6,6,170,182,0,0,4,0,4,0,6,10,170,186,8,0,8,194
01/22/2016,LAW,OK,ASW,CE,Federal Contract Tower,0,6,14,84,104,0,0,0,0,0,0,6,14,84,104,0,0,0,104
01/23/2016,LAW,OK,ASW,CE,Federal Contract Tower,0,6,4,0,10,0,0,42,0,42,0,6,46,0,52,16,0,16,68
01/24/2016,LAW,OK,ASW,CE,Federal Contract Tower,0,8,3,2,13,0,0,9,0,9,0,8,12,2,22,0,0,0,22
01/25/2016,LAW,OK,ASW,CE,Federal Contract Tower,0,6,5,90,101,0,0,9,0,9,0,6,14,90,110,10,0,10,120
01/26/2016,LAW,OK,ASW,CE,Federal Contract Tower,0,6,8,40,54,0,0,11,2,13,0,6,19,42,67,0,20,20,87
01/27/2016,LAW,OK,ASW,CE,Federal Contract Tower,0,6,8,40,54,0,0,10,0,10,0,6,18,40,64,8,0,8,72
01/28/2016,LAW,OK,ASW,CE,Federal Contract Tower,0,6,2,68,76,0,0,14,0,14,0,6,16,68,90,12,16,28,118
01/29/2016,LAW,OK,ASW,CE,Federal Contract Tower,4,8,8,34,54,0,0,14,0,14,4,8,22,34,68,10,0,10,78
01/30/2016,LAW,OK,ASW,CE,Federal Contract Tower,0,6,1,0,7,0,0,17,0,17,0,6,18,0,24,20,0,20,44
01/31/2016,LAW,OK,ASW,CE,Federal Contract Tower,0,8,20,1,29,0,0,27,0,27,0,8,47,1,56,16,0,16,72
02/01/2016,LAW,OK,ASW,CE,Federal Contract Tower,0,6,4,42,52,0,0,7,0,7,0,6,11,42,59,0,0,0,59
02/02/2016,LAW,OK,ASW,CE,Federal Contract Tower,0,6,2,42,50,0,0,0,0,0,0,6,2,42,50,6,0,6,56
02/03/2016,LAW,OK,ASW,CE,Federal Contract Tower,0,6,2,20,28,0,0,6,2,8,0,6,8,22,36,0,4,4,40
02/04/2016,LAW,OK,ASW,CE,Federal Contract Tower,0,6,4,48,58,0,0,14,2,16,0,6,18,50,74,0,6,6,80
02/05/2016,LAW,OK,ASW,CE,Federal Contract Tower,0,6,6,18,30,0,0,17,0,17,0,6,23,18,47,0,0,0,47
02/06/2016,LAW,OK,ASW,CE,Federal Contract Tower,0,6,9,0,15,0,0,30,0,30,0,6,39,0,45,12,0,12,57
02/07/2016,LAW,OK,ASW,CE,Federal Contract Tower,0,7,10,0,17,0,0,19,0,19,0,7,29,0,36,32,0,32,68
02/08/2016,LAW,OK,ASW,CE,Federal Contract Tower,0,6,1,32,39,0,0,0,1,1,0,6,1,33,40,0,8,8,48
02/09/2016,LAW,OK,ASW,CE,Federal Contract Tower,0,6,0,60,66,0,0,15,0,15,0,6,15,60,81,2,0,2,83
02/10/2016,LAW,OK,ASW,CE,Federal Contract Tower,0,6,4,56,66,0,0,7,0,7,0,6,11,56,73,2,0,2,75
02/11/2016,LAW,OK,ASW,CE,Federal Contract Tower,0,6,3,62,71,0,0,9,0,9,0,6,12,62,80,10,10,20,100
02/12/2016,LAW,OK,ASW,CE,Federal Contract Tower,0,6,2,40,48,0,0,7,2,9,0,6,9,42,57,10,20,30,87
02/13/2016,LAW,OK,ASW,CE,Federal Contract Tower,0,6,10,0,16,0,0,44,0,44,0,6,54,0,60,10,0,10,70
02/14/2016,LAW,OK,ASW,CE,Federal Contract Tower,0,6,3,2,11,0,0,18,0,18,0,6,21,2,29,6,0,6,35
02/15/2016,LAW,OK,ASW,CE,Federal Contract Tower,0,6,4,0,10,0,0,12,0,12,0,6,16,0,22,14,0,14,36
02/16/2016,LAW,OK,ASW,CE,Federal Contract Tower,0,6,4,101,111,0,0,9,0,9,0,6,13,101,120,0,4,4,124
02/17/2016,LAW,OK,ASW,CE,Federal Contract Tower,0,6,3,122,131,0,0,15,1,16,0,6,18,123,147,0,0,0,147
02/18/2016,LAW,OK,ASW,CE,Federal Contract Tower,0,6,2,100,108,0,0,8,0,8,0,6,10,100,116,0,0,0,116
02/19/2016,LAW,OK,ASW,CE,Federal Contract Tower,0,6,11,74,91,0,0,31,0,31,0,6,42,74,122,14,0,14,136
02/20/2016,LAW,OK,ASW,CE,Federal Contract Tower,0,6,10,0,16,0,0,45,0,45,0,6,55,0,61,28,0,28,89
02/21/2016,LAW,OK,ASW,CE,Federal Contract Tower,0,6,11,2,19,0,0,6,0,6,0,6,17,2,25,0,0,0,25
02/22/2016,LAW,OK,ASW,CE,Federal Contract Tower,2,6,2,77,87,0,0,7,2,9,2,6,9,79,96,0,0,0,96
02/23/2016,LAW,OK,ASW,CE,Federal Contract Tower,0,6,0,0,6,0,0,0,0,0,0,6,0,0,6,0,0,0,6
02/24/2016,LAW,OK,ASW,CE,Federal Contract Tower,0,6,3,68,77,0,0,12,0,12,0,6,15,68,89,0,2,2,91
02/25/2016,LAW,OK,ASW,CE,Federal Contract Tower,0,6,6,67,79,0,0,9,0,9,0,6,15,67,88,8,0,8,96
02/26/2016,LAW,OK,ASW,CE,Federal Contract Tower,0,6,6,18,30,0,0,28,0,28,0,6,34,18,58,10,0,10,68
02/27/2016,LAW,OK,ASW,CE,Federal Contract Tower,0,6,7,2,15,0,0,51,0,51,0,6,58,2,66,34,0,34,100
02/28/2016,LAW,OK,ASW,CE,Federal Contract Tower,0,7,0,10,17,0,0,29,0,29,0,7,29,10,46,10,0,10,56
02/29/2016,LAW,OK,ASW,CE,Federal Contract Tower,0,6,3,9,18,0,0,5,0,5,0,6,8,9,23,4,14,18,41
03/01/2016,LAW,OK,ASW,CE,Federal Contract Tower,0,6,9,24,39,0,0,9,0,9,0,6,18,24,48,16,0,16,64
03/02/2016,LAW,OK,ASW,CE,Federal Contract Tower,0,6,6,24,36,0,0,14,0,14,0,6,20,24,50,20,0,20,70
03/03/2016,LAW,OK,ASW,CE,Federal Contract Tower,0,6,2,46,54,0,0,5,0,5,0,6,7,46,59,0,0,0,59
03/04/2016,LAW,OK,ASW,CE,Federal Contract Tower,0,6,18,52,76,0,0,33,0,33,0,6,51,52,109,4,0,4,113
03/05/2016,LAW,OK,ASW,CE,Federal Contract Tower,0,6,4,0,10,0,0,39,0,39,0,6,43,0,49,54,0,54,103
03/06/2016,LAW,OK,ASW,CE,Federal Contract Tower,0,6,6,0,12,0,0,14,0,14,0,6,20,0,26,8,0,8,34
03/07/2016,LAW,OK,ASW,CE,Federal Contract Tower,0,5,3,110,118,0,0,1,0,1,0,5,4,110,119,0,0,0,119
03/08/2016,LAW,OK,ASW,CE,Federal Contract Tower,0,2,2,120,124,0,0,0,0,0,0,2,2,120,124,0,0,0,124
03/09/2016,LAW,OK,ASW,CE,Federal Contract Tower,0,6,7,128,141,0,0,0,0,0,0,6,7,128,141,0,0,0,141
03/10/2016,LAW,OK,ASW,CE,Federal Contract Tower,0,6,10,90,106,0,0,4,2,6,0,6,14,92,112,10,10,20,132
03/11/2016,LAW,OK,ASW,CE,Federal Contract Tower,4,6,16,26,52,0,0,7,4,11,4,6,23,30,63,0,0,0,63
03/12/2016,LAW,OK,ASW,CE,Federal Contract Tower,0,6,3,1,10,0,0,2,0,2,0,6,5,1,12,0,0,0,12
03/13/2016,LAW,OK,ASW,CE,Federal Contract Tower,0,6,0,2,8,0,0,14,0,14,0,6,14,2,22,10,0,10,32
03/14/2016,LAW,OK,ASW,CE,Federal Contract Tower,0,8,3,48,59,0,0,18,0,18,0,8,21,48,77,10,0,10,87
03/15/2016,LAW,OK,ASW,CE,Federal Contract Tower,0,6,3,29,38,0,0,11,2,13,0,6,14,31,51,48,0,48,99
03/16/2016,LAW,OK,ASW,CE,Federal Contract Tower,0,6,2,33,41,0,0,5,0,5,0,6,7,33,46,0,0,0,46
03/17/2016,LAW,OK,ASW,CE,Federal Contract Tower,0,6,2,12,20,0,0,3,0,3,0,6,5,12,23,0,0,0,23
03/18/2016,LAW,OK,ASW,CE,Federal Contract Tower,0,6,6,10,22,0,0,7,0,7,0,6,13,10,29,8,0,8,37
03/19/2016,LAW,OK,ASW,CE,Federal Contract Tower,0,6,2,0,8,0,0,39,0,39,0,6,41,0,47,28,0,28,75
03/20/2016,LAW,OK,ASW,CE,Federal Contract Tower,0,6,9,0,15,0,0,16,0,16,0,6,25,0,31,50,0,50,81
03/21/2016,LAW,OK,ASW,CE,Federal Contract Tower,0,6,0,16,22,0,0,5,0,5,0,6,5,16,27,10,0,10,37
03/22/2016,LAW,OK,ASW,CE,Federal Contract Tower,0,6,10,26,42,0,0,6,0,6,0,6,16,26,48,10,0,10,58
03/23/2016,LAW,OK,ASW,CE,Federal Contract Tower,0,8,5,22,35,0,0,1,0,1,0,8,6,22,36,0,0,0,36
03/24/2016,LAW,OK,ASW,CE,Federal Contract Tower,0,6,6,10,22,0,0,8,2,10,0,6,14,12,32,12,0,12,44
03/25/2016,LAW,OK,ASW,CE,Federal Contract Tower,0,6,6,21,33,0,0,19,6,25,0,6,25,27,58,18,6,24,82
03/26/2016,LAW,OK,ASW,CE,Federal Contract Tower,0,6,14,0,20,0,0,15,0,15,0,6,29,0,35,30,0,30,65
03/27/2016,LAW,OK,ASW,CE,Federal Contract Tower,0,6,4,0,10,0,0,6,0,6,0,6,10,0,16,0,0,0,16
03/28/2016,LAW,OK,ASW,CE,Federal Contract Tower,0,6,8,24,38,0,0,11,0,11,0,6,19,24,49,10,0,10,59
03/29/2016,LAW,OK,ASW,CE,Federal Contract Tower,0,6,15,54,75,0,0,1,0,1,0,6,16,54,76,0,0,0,76
03/30/2016,LAW,OK,ASW,CE,Federal Contract Tower,0,4,4,24,32,0,0,4,9,13,0,4,8,33,45,12,0,12,57
03/31/2016,LAW,OK,ASW,CE,Federal Contract Tower,0,6,11,30,47,0,0,35,0,35,0,6,46,30,82,10,0,10,92
04/01/2016,LAW,OK,ASW,CE,Federal Contract Tower,0,6,1,50,57,0,0,19,0,19,0,6,20,50,76,20,0,20,96
04/02/2016,LAW,OK,ASW,CE,Federal Contract Tower,0,6,6,0,12,0,0,35,3,38,0,6,41,3,50,0,0,0,50
04/03/2016,LAW,OK,ASW,CE,Federal Contract Tower,0,6,7,30,43,0,0,16,2,18,0,6,23,32,61,0,6,6,67
04/04/2016,LAW,OK,ASW,CE,Federal Contract Tower,0,6,14,6,26,0,0,15,0,15,0,6,29,6,41,8,0,8,49
04/05/2016,LAW,OK,ASW,CE,Federal Contract Tower,0,6,7,4,17,0,0,4,2,6,0,6,11,6,23,0,2,2,25
04/06/2016,LAW,OK,ASW,CE,Federal Contract Tower,0,6,4,44,54,0,0,7,0,7,0,6,11,44,61,2,2,4,65
04/07/2016,LAW,OK,ASW,CE,Federal Contract Tower,0,6,14,38,58,0,0,7,0,7,0,6,21,38,65,2,2,4,69
04/08/2016,LAW,OK,ASW,CE,Federal Contract Tower,0,6,4,32,42,0,0,25,0,25,0,6,29,32,67,16,0,16,83
04/09/2016,LAW,OK,ASW,CE,Federal Contract Tower,0,6,9,0,15,0,0,16,0,16,0,6,25,0,31,16,0,16,47
04/10/2016,LAW,OK,ASW,CE,Federal Contract Tower,0,6,15,8,29,0,0,10,0,10,0,6,25,8,39,10,0,10,49
04/11/2016,LAW,OK,ASW,CE,Federal Contract Tower,0,6,3,42,51,0,0,4,0,4,0,6,7,42,55,0,0,0,55
04/12/2016,LAW,OK,ASW,CE,Federal Contract Tower,0,6,14,84,104,0,0,17,0,17,0,6,31,84,121,38,0,38,159
04/13/2016,LAW,OK,ASW,CE,Federal Contract Tower,0,6,5,142,153,0,0,4,0,4,0,6,9,142,157,0,0,0,157
04/14/2016,LAW,OK,ASW,CE,Federal Contract Tower,0,6,7,48,61,0,0,5,2,7,0,6,12,50,68,26,10,36,104
04/15/2016,LAW,OK,ASW,CE,Federal Contract Tower,0,6,3,38,47,0,0,10,8,18,0,6,13,46,65,18,0,18,83
04/16/2016,LAW,OK,ASW,CE,Federal Contract Tower,0,6,10,0,16,0,0,2,0,2,0,6,12,0,18,0,0,0,18
04/17/2016,LAW,OK,ASW,CE,Federal Contract Tower,0,3,4,0,7,0,0,10,0,10,0,3,14,0,17,0,0,0,17
04/18/2016,LAW,OK,ASW,CE,Federal Contract Tower,0,6,8,105,119,0,0,8,0,8,0,6,16,105,127,10,4,14,141
04/19/2016,LAW,OK,ASW,CE,Federal Contract Tower,0,6,3,52,61,0,0,5,0,5,0,6,8,52,66,4,0,4,70
04/20/2016,LAW,OK,ASW,CE,Federal Contract Tower,0,6,11,100,117,0,0,5,0,5,0,6,16,100,122,10,10,20,142
04/21/2016,LAW,OK,ASW,CE,Federal Contract Tower,0,6,11,56,73,0,0,14,1,15,0,6,25,57,88,10,20,30,118
04/22/2016,LAW,OK,ASW,CE,Federal Contract Tower,0,6,12,30,48,0,0,45,0,45,0,6,57,30,93,0,0,0,93
04/23/2016,LAW,OK,ASW,CE,Federal Contract Tower,0,7,3,0,10,0,0,24,0,24,0,7,27,0,34,0,0,0,34
04/24/2016,LAW,OK,ASW,CE,Federal Contract Tower,0,7,3,0,10,0,0,0,0,0,0,7,3,0,10,16,0,16,26
04/25/2016,LAW,OK,ASW,CE,Federal Contract Tower,0,6,7,50,63,0,0,4,0,4,0,6,11,50,67,8,0,8,75
04/26/2016,LAW,OK,ASW,CE,Federal Contract Tower,0,6,3,54,63,0,0,0,0,0,0,6,3,54,63,0,0,0,63
04/27/2016,LAW,OK,ASW,CE,Federal Contract Tower,0,6,3,82,91,0,0,3,2,5,0,6,6,84,96,10,0,10,106
04/28/2016,LAW,OK,ASW,CE,Federal Contract Tower,0,6,7,48,61,0,0,12,6,18,0,6,19,54,79,18,14,32,111
04/29/2016,LAW,OK,ASW,CE,Federal Contract Tower,0,5,3,54,62,0,0,0,0,0,0,5,3,54,62,0,0,0,62
04/30/2016,LAW,OK,ASW,CE,Federal Contract Tower,0,6,9,8,23,0,0,10,0,10,0,6,19,8,33,0,0,0,33
05/01/2016,LAW,OK,ASW,CE,Federal Contract Tower,0,6,0,0,6,0,0,4,0,4,0,6,4,0,10,0,0,0,10
05/02/2016,LAW,OK,ASW,CE,Federal Contract Tower,0,6,9,29,44,0,0,5,0,5,0,6,14,29,49,0,0,0,49
05/03/2016,LAW,OK,ASW,CE,Federal Contract Tower,0,6,5,68,79,0,0,22,0,22,0,6,27,68,101,0,0,0,101
05/04/2016,LAW,OK,ASW,CE,Federal Contract Tower,0,6,12,38,56,0,0,19,10,29,0,6,31,48,85,22,0,22,107
05/05/2016,LAW,OK,ASW,CE,Federal Contract Tower,0,6,12,62,80,0,0,20,0,20,0,6,32,62,100,4,0,4,104
05/06/2016,LAW,OK,ASW,CE,Federal Contract Tower,0,6,6,4,16,0,0,12,0,12,0,6,18,4,28,12,0,12,40
05/07/2016,LAW,OK,ASW,CE,Federal Contract Tower,0,6,10,0,16,0,0,26,0,26,0,6,36,0,42,22,0,22,64
05/08/2016,LAW,OK,ASW,CE,Federal Contract Tower,0,6,10,6,22,0,0,7,0,7,0,6,17,6,29,12,0,12,41
05/09/2016,LAW,OK,ASW,CE,Federal Contract Tower,0,6,9,66,81,0,0,9,0,9,0,6,18,66,90,20,0,20,110
05/10/2016,LAW,OK,ASW,CE,Federal Contract Tower,0,6,11,44,61,0,0,7,2,9,0,6,18,46,70,24,4,28,98
05/11/2016,LAW,OK,ASW,CE,Federal Contract Tower,0,6,10,19,35,0,0,6,0,6,0,6,16,19,41,18,0,18,59
05/12/2016,LAW,OK,ASW,CE,Federal Contract Tower,0,6,9,61,76,0,0,8,3,11,0,6,17,64,87,0,4,4,91
05/13/2016,LAW,OK,ASW,CE,Federal Contract Tower,0,6,3,4,13,0,0,19,4,23,0,6,22,8,36,10,0,10,46
05/14/2016,LAW,OK,ASW,CE,Federal Contract Tower,0,6,4,0,10,0,0,2,0,2,0,6,6,0,12,0,0,0,12
05/15/2016,LAW,OK,ASW,CE,Federal Contract Tower,0,6,6,20,32,0,0,32,0,32,0,6,38,20,64,10,0,10,74
05/16/2016,LAW,OK,ASW,CE,Federal Contract Tower,0,6,12,104,122,0,0,5,0,5,0,6,17,104,127,0,8,8,135
05/17/2016,LAW,OK,ASW,CE,Federal Contract Tower,0,6,4,83,93,0,0,1,0,1,0,6,5,83,94,0,0,0,94
05/18/2016,LAW,OK,ASW,CE,Federal Contract Tower,0,6,14,70,90,0,0,4,0,4,0,6,18,70,94,22,0,22,116
05/19/2016,LAW,OK,ASW,CE,Federal Contract Tower,0,8,3,46,57,0,0,0,0,0,0,8,3,46,57,0,0,0,57
05/20/2016,LAW,OK,ASW,CE,Federal Contract Tower,0,6,33,54,93,0,0,27,4,31,0,6,60,58,124,40,0,40,164
05/21/2016,LAW,OK,ASW,CE,Federal Contract Tower,0,6,29,0,35,0,0,26,0,26,0,6,55,0,61,38,0,38,99
05/22/2016,LAW,OK,ASW,CE,Federal Contract Tower,0,6,34,0,40,0,0,4,0,4,0,6,38,0,44,0,0,0,44
05/23/2016,LAW,OK,ASW,CE,Federal Contract Tower,0,8,15,26,49,0,0,3,3,6,0,8,18,29,55,12,0,12,67
05/24/2016,LAW,OK,ASW,CE,Federal Contract Tower,0,6,32,40,78,0,0,1,0,1,0,6,33,40,79,4,0,4,83
05/25/2016,LAW,OK,ASW,CE,Federal Contract Tower,0,6,23,18,47,0,0,0,0,0,0,6,23,18,47,0,0,0,47
05/26/2016,LAW,OK,ASW,CE,Federal Contract Tower,0,6,22,36,64,0,0,2,0,2,0,6,24,36,66,0,0,0,66
05/27/2016,LAW,OK,ASW,CE,Federal Contract Tower,7,0,28,0,35,0,0,12,0,12,7,0,40,0,47,20,0,20,67
05/28/2016,LAW,OK,ASW,CE,Federal Contract Tower,0,8,51,0,59,0,0,26,0,26,0,8,77,0,85,0,0,0,85
05/29/2016,LAW,OK,ASW,CE,Federal Contract Tower,0,7,35,0,42,0,0,11,0,11,0,7,46,0,53,26,0,26,79
05/30/2016,LAW,OK,ASW,CE,Federal Contract Tower,0,6,25,0,31,0,0,12,0,12,0,6,37,0,43,0,0,0,43
05/31/2016,LAW,OK,ASW,CE,Federal Contract Tower,0,5,17,56,78,0,0,1,0,1,0,5,18,56,79,0,0,0,79
06/01/2016,LAW,OK,ASW,CE,Federal Contract Tower,0,6,37,76,119,0,0,6,0,6,0,6,43,76,125,10,10,20,145
06/02/2016,LAW,OK,ASW,CE,Federal Contract Tower,0,4,24,88,116,0,0,2,0,2,0,4,26,88,118,0,0,0,118
06/03/2016,LAW,OK,ASW,CE,Federal Contract Tower,0,6,58,22,86,0,0,8,0,8,0,6,66,22,94,0,0,0,94
06/04/2016,LAW,OK,ASW,CE,Federal Contract Tower,0,6,42,0,48,0,0,13,0,13,0,6,55,0,61,10,0,10,71
06/05/2016,LAW,OK,ASW,CE,Federal Contract Tower,0,6,41,2,49,0,0,32,2,34,0,6,73,4,83,6,2,8,91
06/06/2016,LAW,OK,ASW,CE,Federal Contract Tower,0,6,20,38,64,0,0,8,0,8,0,6,28,38,72,4,0,4,76
06/07/2016,LAW,OK,ASW,CE,Federal Contract Tower,0,7,27,22,56,0,0,17,0,17,0,7,44,22,73,44,0,44,117
06/08/2016,LAW,OK,ASW,CE,Federal Contract Tower,0,6,19,27,52,0,0,15,2,17,0,6,34,29,69,20,6,26,95
06/09/2016,LAW,OK,ASW,CE,Federal Contract Tower,0,6,14,34,54,0,0,15,0,15,0,6,29,34,69,36,4,40,109
06/10/2016,LAW,OK,ASW,CE,Federal Contract Tower,0,6,15,22,43,0,0,20,0,20,0,6,35,22,63,0,0,0,63
06/11/2016,LAW,OK,ASW,CE,Federal Contract Tower,0,6,0,0,6,0,0,20,0,20,0,6,20,0,26,20,0,20,46
06/12/2016,LAW,OK,ASW,CE,Federal Contract Tower,0,4,2,0,6,0,0,10,0,10,0,4,12,0,16,0,0,0,16
06/13/2016,LAW,OK,ASW,CE,Federal Contract Tower,0,7,2,12,21,0,0,2,0,2,0,7,4,12,23,6,0,6,29
06/14/2016,LAW,OK,ASW,CE,Federal Contract Tower,0,6,23,44,73,0,0,11,0,11,0,6,34,44,84,0,0,0,84
06/15/2016,LAW,OK,ASW,CE,Federal Contract Tower,0,6,23,21,50,0,0,15,1,16,0,6,38,22,66,10,0,10,76
06/16/2016,LAW,OK,ASW,CE,Federal Contract Tower,0,6,13,34,53,0,0,17,2,19,0,6,30,36,72,18,14,32,104
06/17/2016,LAW,OK,ASW,CE,Federal Contract Tower,0,6,39,22,67,0,0,23,0,23,0,6,62,22,90,0,0,0,90
06/18/2016,LAW,OK,ASW,CE,Federal Contract Tower,0,6,33,0,39,0,0,16,0,16,0,6,49,0,55,0,0,0,55
06/19/2016,LAW,OK,ASW,CE,Federal Contract Tower,0,6,18,0,24,0,0,4,0,4,0,6,22,0,28,0,0,0,28
06/20/2016,LAW,OK,ASW,CE,Federal Contract Tower,0,6,18,33,57,0,0,10,1,11,0,6,28,34,68,0,0,0,68
06/21/2016,LAW,OK,ASW,CE,Federal Contract Tower,0,6,31,22,59,0,0,13,0,13,0,6,44,22,72,0,0,0,72
06/22/2016,LAW,OK,ASW,CE,Federal Contract Tower,0,6,36,38,80,0,0,15,0,15,0,6,51,38,95,0,0,0,95
06/23/2016,LAW,OK,ASW,CE,Federal Contract Tower,0,6,50,38,94,0,0,14,3,17,0,6,64,41,111,0,0,0,111
06/24/2016,LAW,OK,ASW,CE,Federal Contract Tower,0,6,30,24,60,0,0,29,0,29,0,6,59,24,89,0,0,0,89
06/25/2016,LAW,OK,ASW,CE,Federal Contract Tower,0,6,10,0,16,0,0,20,0,20,0,6,30,0,36,20,0,20,56
06/26/2016,LAW,OK,ASW,CE,Federal Contract Tower,0,6,6,0,12,0,0,14,0,14,0,6,20,0,26,14,0,14,40
06/27/2016,LAW,OK,ASW,CE,Federal Contract Tower,0,6,8,36,50,0,0,9,0,9,0,6,17,36,59,0,0,0,59
06/28/2016,LAW,OK,ASW,CE,Federal Contract Tower,0,6,26,54,86,0,0,23,0,23,0,6,49,54,109,0,0,0,109
06/29/2016,LAW,OK,ASW,CE,Federal Contract Tower,0,6,30,46,82,0,0,4,0,4,0,6,34,46,86,0,0,0,86
06/30/2016,LAW,OK,ASW,CE,Federal Contract Tower,0,6,31,42,79,0,0,19,0,19,0,6,50,42,98,14,0,14,112
07/01/2016,LAW,OK,ASW,CE,Federal Contract Tower,0,6,20,76,102,0,0,18,0,18,0,6,38,76,120,0,0,0,120
07/02/2016,LAW,OK,ASW,CE,Federal Contract Tower,0,6,2,0,8,0,0,14,0,14,0,6,16,0,22,0,0,0,22
07/03/2016,LAW,OK,ASW,CE,Federal Contract Tower,0,5,1,0,6,0,0,3,0,3,0,5,4,0,9,0,0,0,9
07/04/2016,LAW,OK,ASW,CE,Federal Contract Tower,0,5,1,0,6,0,0,5,0,5,0,5,6,0,11,0,0,0,11
07/05/2016,LAW,OK,ASW,CE,Federal Contract Tower,0,6,8,0,14,0,0,18,0,18,0,6,26,0,32,0,0,0,32
07/06/2016,LAW,OK,ASW,CE,Federal Contract Tower,0,6,25,84,115,0,0,18,4,22,0,6,43,88,137,0,0,0,137
07/07/2016,LAW,OK,ASW,CE,Federal Contract Tower,0,6,20,102,128,0,0,7,0,7,0,6,27,102,135,0,0,0,135
07/08/2016,LAW,OK,ASW,CE,Federal Contract Tower,0,6,16,8,30,0,0,18,0,18,0,6,34,8,48,0,0,0,48
07/09/2016,LAW,OK,ASW,CE,Federal Contract Tower,0,8,13,0,21,0,0,22,0,22,0,8,35,0,43,6,0,6,49
07/10/2016,LAW,OK,ASW,CE,Federal Contract Tower,0,6,0,0,6,0,0,17,0,17,0,6,17,0,23,4,0,4,27
07/11/2016,LAW,OK,ASW,CE,Federal Contract Tower,0,6,8,98,112,0,0,9,0,9,0,6,17,98,121,0,0,0,121
07/12/2016,LAW,OK,ASW,CE,Federal Contract Tower,0,6,28,65,99,0,0,25,0,25,0,6,53,65,124,0,0,0,124
07/13/2016,LAW,OK,ASW,CE,Federal Contract Tower,0,6,25,72,103,0,0,7,0,7,0,6,32,72,110,0,0,0,110
07/14/2016,LAW,OK,ASW,CE,Federal Contract Tower,0,7,14,77,98,0,0,8,1,9,0,7,22,78,107,0,12,12,119
07/15/2016,LAW,OK,ASW,CE,Federal Contract Tower,0,5,39,16,60,0,0,7,0,7,0,5,46,16,67,0,0,0,67
07/16/2016,LAW,OK,ASW,CE,Federal Contract Tower,0,8,20,0,28,0,0,14,0,14,0,8,34,0,42,0,0,0,42
07/17/2016,LAW,OK,ASW,CE,Federal Contract Tower,0,6,21,0,27,0,0,21,0,21,0,6,42,0,48,4,0,4,52
07/18/2016,LAW,OK,ASW,CE,Federal Contract Tower,0,6,13,35,54,0,0,10,0,10,0,6,23,35,64,0,12,12,76
07/19/2016,LAW,OK,ASW,CE,Federal Contract Tower,0,6,28,47,81,0,0,7,0,7,0,6,35,47,88,14,0,14,102
07/20/2016,LAW,OK,ASW,CE,Federal Contract Tower,0,6,32,46,84,0,0,13,0,13,0,6,45,46,97,10,0,10,107
07/21/2016,LAW,OK,ASW,CE,Federal Contract Tower,0,6,23,56,85,0,0,14,2,16,0,6,37,58,101,6,0,6,107
07/22/2016,LAW,OK,ASW,CE,Federal Contract Tower,0,6,40,16,62,0,0,15,0,15,0,6,55,16,77,0,0,0,77
07/23/2016,LAW,OK,ASW,CE,Federal Contract Tower,0,6,24,0,30,0,0,13,0,13,0,6,37,0,43,2,0,2,45
07/24/2016,LAW,OK,ASW,CE,Federal Contract Tower,0,0,6,18,24,0,0,9,0,9,0,0,15,18,33,0,0,0,33
07/25/2016,LAW,OK,ASW,CE,Federal Contract Tower,0,6,19,41,66,0,0,9,1,10,0,6,28,42,76,0,0,0,76
07/26/2016,LAW,OK,ASW,CE,Federal Contract Tower,0,6,25,55,86,0,0,9,1,10,0,6,34,56,96,12,0,12,108
07/27/2016,LAW,OK,ASW,CE,Federal Contract Tower,0,4,21,21,46,0,0,5,0,5,0,4,26,21,51,0,0,0,51
07/29/2016,LAW,OK,ASW,CE,Federal Contract Tower,0,4,20,14,38,0,0,18,2,20,0,4,38,16,58,0,0,0,58
07/30/2016,LAW,OK,ASW,CE,Federal Contract Tower,0,6,12,0,18,0,0,13,0,13,0,6,25,0,31,30,0,30,61
07/31/2016,LAW,OK,ASW,CE,Federal Contract Tower,0,6,5,0,11,0,0,11,0,11,0,6,16,0,22,0,0,0,22
08/01/2016,LAW,OK,ASW,CE,Federal Contract Tower,0,6,2,33,41,0,0,6,0,6,0,6,8,33,47,4,0,4,51
08/02/2016,LAW,OK,ASW,CE,Federal Contract Tower,0,6,29,50,85,0,0,21,5,26,0,6,50,55,111,12,0,12,123
08/03/2016,LAW,OK,ASW,CE,Federal Contract Tower,0,6,22,22,50,0,0,5,0,5,0,6,27,22,55,0,0,0,55
08/04/2016,LAW,OK,ASW,CE,Federal Contract Tower,0,6,14,76,96,0,0,12,2,14,0,6,26,78,110,2,10,12,122
08/05/2016,LAW,OK,ASW,CE,Federal Contract Tower,0,6,28,60,94,0,0,15,0,15,0,6,43,60,109,0,0,0,109
08/06/2016,LAW,OK,ASW,CE,Federal Contract Tower,0,6,0,0,6,0,0,11,0,11,0,6,11,0,17,0,0,0,17
08/07/2016,LAW,OK,ASW,CE,Federal Contract Tower,0,6,4,0,10,0,0,14,0,14,0,6,18,0,24,2,0,2,26
08/08/2016,LAW,OK,ASW,CE,Federal Contract Tower,0,6,12,32,50,0,0,6,0,6,0,6,18,32,56,4,0,4,60
08/09/2016,LAW,OK,ASW,CE,Federal Contract Tower,0,6,6,45,57,0,0,1,4,5,0,6,7,49,62,0,12,12,74
08/10/2016,LAW,OK,ASW,CE,Federal Contract Tower,0,6,10,70,86,0,0,9,0,9,0,6,19,70,95,18,0,18,113
08/11/2016,LAW,OK,ASW,CE,Federal Contract Tower,0,6,4,62,72,0,0,4,0,4,0,6,8,62,76,0,0,0,76
08/12/2016,LAW,OK,ASW,CE,Federal Contract Tower,0,6,18,56,80,0,0,4,2,6,0,6,22,58,86,0,0,0,86
08/13/2016,LAW,OK,ASW,CE,Federal Contract Tower,0,6,0,1,7,0,0,20,0,20,0,6,20,1,27,0,0,0,27
08/14/2016,LAW,OK,ASW,CE,Federal Contract Tower,0,6,11,0,17,0,0,24,0,24,0,6,35,0,41,22,0,22,63
08/15/2016,LAW,OK,ASW,CE,Federal Contract Tower,0,6,3,41,50,0,0,7,0,7,0,6,10,41,57,0,0,0,57
08/16/2016,LAW,OK,ASW,CE,Federal Contract Tower,0,6,20,100,126,0,0,23,0,23,0,6,43,100,149,34,8,42,191
08/18/2016,LAW,OK,ASW,CE,Federal Contract Tower,0,6,28,54,88,0,0,6,0,6,0,6,34,54,94,0,14,14,108
08/19/2016,LAW,OK,ASW,CE,Federal Contract Tower,0,5,2,14,21,0,0,0,0,0,0,5,2,14,21,0,0,0,21
08/20/2016,LAW,OK,ASW,CE,Federal Contract Tower,0,9,47,0,56,0,0,6,0,6,0,9,53,0,62,0,0,0,62
08/21/2016,LAW,OK,ASW,CE,Federal Contract Tower,0,6,9,0,15,0,0,20,0,20,0,6,29,0,35,30,0,30,65
08/22/2016,LAW,OK,ASW,CE,Federal Contract Tower,0,4,9,33,46,0,0,7,0,7,0,4,16,33,53,18,0,18,71
08/23/2016,LAW,OK,ASW,CE,Federal Contract Tower,0,6,18,23,47,0,0,7,0,7,0,6,25,23,54,0,12,12,66
08/24/2016,LAW,OK,ASW,CE,Federal Contract Tower,0,6,24,8,38,0,0,18,2,20,0,6,42,10,58,0,0,0,58
08/25/2016,LAW,OK,ASW,CE,Federal Contract Tower,0,6,7,24,37,0,0,1,0,1,0,6,8,24,38,0,0,0,38
08/26/2016,LAW,OK,ASW,CE,Federal Contract Tower,0,4,2,14,20,0,0,18,0,18,0,4,20,14,38,10,0,10,48
08/27/2016,LAW,OK,ASW,CE,Federal Contract Tower,0,6,13,0,19,0,0,29,0,29,0,6,42,0,48,18,0,18,66
08/28/2016,LAW,OK,ASW,CE,Federal Contract Tower,0,6,11,14,31,0,0,13,0,13,0,6,24,14,44,0,0,0,44
08/29/2016,LAW,OK,ASW,CE,Federal Contract Tower,0,4,4,60,68,0,0,15,4,19,0,4,19,64,87,22,4,26,113
08/30/2016,LAW,OK,ASW,CE,Federal Contract Tower,0,6,6,71,83,0,0,3,0,3,0,6,9,71,86,0,10,10,96
08/31/2016,LAW,OK,ASW,CE,Federal Contract Tower,0,5,0,78,83,0,0,14,1,15,0,5,14,79,98,6,40,46,144
09/01/2016,LAW,OK,ASW,CE,Federal Contract Tower,0,7,9,70,86,0,0,4,0,4,0,7,13,70,90,0,12,12,102
09/02/2016,LAW,OK,ASW,CE,Federal Contract Tower,0,8,19,0,27,0,0,2,0,2,0,8,21,0,29,0,0,0,29
09/03/2016,LAW,OK,ASW,CE,Federal Contract Tower,0,5,8,0,13,0,0,16,0,16,0,5,24,0,29,4,0,4,33
09/04/2016,LAW,OK,ASW,CE,Federal Contract Tower,0,5,5,0,10,0,0,4,0,4,0,5,9,0,14,0,0,0,14
09/05/2016,LAW,OK,ASW,CE,Federal Contract Tower,0,6,12,0,18,0,0,17,0,17,0,6,29,0,35,8,0,8,43
09/06/2016,LAW,OK,ASW,CE,Federal Contract Tower,0,6,7,76,89,0,0,2,0,2,0,6,9,76,91,8,0,8,99
09/07/2016,LAW,OK,ASW,CE,Federal Contract Tower,0,6,5,74,85,0,0,12,2,14,0,6,17,76,99,0,0,0,99
09/08/2016,LAW,OK,ASW,CE,Federal Contract Tower,0,6,8,63,77,0,0,5,0,5,0,6,13,63,82,0,4,4,86
09/09/2016,LAW,OK,ASW,CE,Federal Contract Tower,0,6,6,64,76,0,0,12,0,12,0,6,18,64,88,0,0,0,88
09/10/2016,LAW,OK,ASW,CE,Federal Contract Tower,0,6,8,6,20,0,0,21,2,23,0,6,29,8,43,34,4,38,81
09/11/2016,LAW,OK,ASW,CE,Federal Contract Tower,0,6,12,11,29,0,0,33,1,34,0,6,45,12,63,24,0,24,87
09/12/2016,LAW,OK,ASW,CE,Federal Contract Tower,0,6,1,68,75,0,0,7,3,10,0,6,8,71,85,4,6,10,95
09/13/2016,LAW,OK,ASW,CE,Federal Contract Tower,0,6,4,67,77,0,0,13,4,17,0,6,17,71,94,16,8,24,118
09/15/2016,LAW,OK,ASW,CE,Federal Contract Tower,0,6,4,44,54,0,0,2,2,4,0,6,6,46,58,30,0,30,88
09/16/2016,LAW,OK,ASW,CE,Federal Contract Tower,0,8,6,0,14,0,0,2,0,2,0,8,8,0,16,6,0,6,22
09/17/2016,LAW,OK,ASW,CE,Federal Contract Tower,0,6,0,0,6,0,0,5,0,5,0,6,5,0,11,26,0,26,37
09/18/2016,LAW,OK,ASW,CE,Federal Contract Tower,0,6,2,9,17,0,0,24,0,24,0,6,26,9,41,16,8,24,65
09/19/2016,LAW,OK,ASW,CE,Federal Contract Tower,0,6,7,42,55,0,0,16,5,21,0,6,23,47,76,14,0,14,90
09/20/2016,LAW,OK,ASW,CE,Federal Contract Tower,0,6,2,82,90,0,0,17,5,22,0,6,19,87,112,4,14,18,130
09/21/2016,LAW,OK,ASW,CE,Federal Contract Tower,0,6,1,41,48,0,0,17,0,17,0,6,18,41,65,4,0,4,69
09/22/2016,LAW,OK,ASW,CE,Federal Contract Tower,0,6,4,76,86,0,0,11,0,11,0,6,15,76,97,0,10,10,107
09/23/2016,LAW,OK,ASW,CE,Federal Contract Tower,0,6,4,42,52,0,0,23,8,31,0,6,27,50,83,16,0,16,99
09/24/2016,LAW,OK,ASW,CE,Federal Contract Tower,0,6,4,0,10,0,0,11,0,11,0,6,15,0,21,0,0,0,21
09/25/2016,LAW,OK,ASW,CE,Federal Contract Tower,0,4,2,0,6,0,0,1,0,1,0,4,3,0,7,0,0,0,7
09/26/2016,LAW,OK,ASW,CE,Federal Contract Tower,0,6,6,67,79,0,0,11,2,13,0,6,17,69,92,0,2,2,94
09/27/2016,LAW,OK,ASW,CE,Federal Contract Tower,0,6,9,87,102,0,0,25,1,26,0,6,34,88,128,20,8,28,156
09/28/2016,LAW,OK,ASW,CE,Federal Contract Tower,0,6,11,54,71,0,0,17,0,17,0,6,28,54,88,0,0,0,88
09/29/2016,LAW,OK,ASW,CE,Federal Contract Tower,0,6,23,18,47,0,0,15,0,15,0,6,38,18,62,0,6,6,68
09/30/2016,LAW,OK,ASW,CE,Federal Contract Tower,0,6,7,36,49,0,0,37,4,41,0,6,44,40,90,4,0,4,94
10/01/2016,LAW,OK,ASW,CE,Federal Contract Tower,0,6,0,0,6,0,0,31,0,31,0,6,31,0,37,10,0,10,47
10/02/2016,LAW,OK,ASW,CE,Federal Contract Tower,0,6,6,0,12,0,0,11,0,11,0,6,17,0,23,0,0,0,23
10/03/2016,LAW,OK,ASW,CE,Federal Contract Tower,0,6,4,37,47,0,0,10,4,14,0,6,14,41,61,12,0,12,73
10/04/2016,LAW,OK,ASW,CE,Federal Contract Tower,0,6,34,50,90,0,0,6,0,6,0,6,40,50,96,0,0,0,96
10/05/2016,LAW,OK,ASW,CE,Federal Contract Tower,0,6,25,42,73,0,0,16,0,16,0,6,41,42,89,0,0,0,89
10/06/2016,LAW,OK,ASW,CE,Federal Contract Tower,0,6,25,36,67,0,0,10,0,10,0,6,35,36,77,2,0,2,79
10/07/2016,LAW,OK,ASW,CE,Federal Contract Tower,0,6,13,86,105,0,0,6,4,10,0,6,19,90,115,10,2,12,127
10/08/2016,LAW,OK,ASW,CE,Federal Contract Tower,0,6,4,0,10,0,0,18,0,18,0,6,22,0,28,0,0,0,28
10/09/2016,LAW,OK,ASW,CE,Federal Contract Tower,0,6,7,0,13,0,0,8,0,8,0,6,15,0,21,0,0,0,21
10/10/2016,LAW,OK,ASW,CE,Federal Contract Tower,0,6,0,0,6,0,0,17,0,17,0,6,17,0,23,8,0,8,31
10/11/2016,LAW,OK,ASW,CE,Federal Contract Tower,0,6,5,70,81,0,0,10,0,10,0,6,15,70,91,0,0,0,91
10/12/2016,LAW,OK,ASW,CE,Federal Contract Tower,0,6,8,107,121,0,0,6,0,6,0,6,14,107,127,0,60,60,187
10/13/2016,LAW,OK,ASW,CE,Federal Contract Tower,0,6,3,152,161,0,0,0,0,0,0,6,3,152,161,0,0,0,161
10/14/2016,LAW,OK,ASW,CE,Federal Contract Tower,0,6,9,84,99,0,0,6,0,6,0,6,15,84,105,10,0,10,115
10/15/2016,LAW,OK,ASW,CE,Federal Contract Tower,0,6,2,0,8,0,0,12,0,12,0,6,14,0,20,0,0,0,20
10/16/2016,LAW,OK,ASW,CE,Federal Contract Tower,0,4,15,0,19,0,0,20,0,20,0,4,35,0,39,12,0,12,51
10/17/2016,LAW,OK,ASW,CE,Federal Contract Tower,0,6,5,97,108,0,0,17,0,17,0,6,22,97,125,16,6,22,147
10/18/2016,LAW,OK,ASW,CE,Federal Contract Tower,0,6,26,44,76,0,0,10,0,10,0,6,36,44,86,4,0,4,90
10/19/2016,LAW,OK,ASW,CE,Federal Contract Tower,0,6,4,70,80,0,0,5,0,5,0,6,9,70,85,0,0,0,85
10/20/2016,LAW,OK,ASW,CE,Federal Contract Tower,0,6,9,34,49,0,0,11,4,15,0,6,20,38,64,0,0,0,64
10/21/2016,LAW,OK,ASW,CE,Federal Contract Tower,0,6,0,40,46,0,0,26,0,26,0,6,26,40,72,12,0,12,84
10/22/2016,LAW,OK,ASW,CE,Federal Contract Tower,0,6,13,0,19,0,0,38,0,38,0,6,51,0,57,4,0,4,61
10/23/2016,LAW,OK,ASW,CE,Federal Contract Tower,0,6,18,0,24,0,0,14,0,14,0,6,32,0,38,0,0,0,38
10/24/2016,LAW,OK,ASW,CE,Federal Contract Tower,0,6,7,62,75,0,0,21,0,21,0,6,28,62,96,8,0,8,104
10/25/2016,LAW,OK,ASW,CE,Federal Contract Tower,0,6,24,12,42,0,0,17,0,17,0,6,41,12,59,0,0,0,59
10/26/2016,LAW,OK,ASW,CE,Federal Contract Tower,0,6,17,74,97,0,0,11,4,15,0,6,28,78,112,0,4,4,116
10/27/2016,LAW,OK,ASW,CE,Federal Contract Tower,0,8,26,50,84,0,0,9,0,9,0,8,35,50,93,10,0,10,103
10/28/2016,LAW,OK,ASW,CE,Federal Contract Tower,0,6,2,6,14,0,0,14,0,14,0,6,16,6,28,10,0,10,38
10/29/2016,LAW,OK,ASW,CE,Federal Contract Tower,0,6,6,0,12,0,0,14,0,14,0,6,20,0,26,20,0,20,46
10/30/2016,LAW,OK,ASW,CE,Federal Contract Tower,0,6,6,14,26,0,0,23,0,23,0,6,29,14,49,10,0,10,59
11/01/2016,LAW,OK,ASW,CE,Federal Contract Tower,0,6,0,62,68,0,0,14,0,14,0,6,14,62,82,4,0,4,86
11/02/2016,LAW,OK,ASW,CE,Federal Contract Tower,0,6,11,46,63,0,0,4,0,4,0,6,15,46,67,0,0,0,67
11/03/2016,LAW,OK,ASW,CE,Federal Contract Tower,0,7,3,74,84,0,0,4,0,4,0,7,7,74,88,0,0,0,88
11/04/2016,LAW,OK,ASW,CE,Federal Contract Tower,0,6,11,22,39,0,0,14,0,14,0,6,25,22,53,0,0,0,53
11/05/2016,LAW,OK,ASW,CE,Federal Contract Tower,0,6,8,0,14,0,0,16,0,16,0,6,24,0,30,10,0,10,40
11/06/2016,LAW,OK,ASW,CE,Federal Contract Tower,0,6,13,0,19,0,0,2,0,2,0,6,15,0,21,0,0,0,21
11/07/2016,LAW,OK,ASW,CE,Federal Contract Tower,0,6,6,45,57,0,0,1,0,1,0,6,7,45,58,0,0,0,58
11/08/2016,LAW,OK,ASW,CE,Federal Contract Tower,0,6,6,45,57,0,0,5,0,5,0,6,11,45,62,0,0,0,62
11/09/2016,LAW,OK,ASW,CE,Federal Contract Tower,0,6,16,62,84,0,0,24,0,24,0,6,40,62,108,12,0,12,120
11/10/2016,LAW,OK,ASW,CE,Federal Contract Tower,0,6,12,30,48,0,0,32,0,32,0,6,44,30,80,10,0,10,90
11/11/2016,LAW,OK,ASW,CE,Federal Contract Tower,0,6,13,0,19,0,0,30,0,30,0,6,43,0,49,20,0,20,69
11/12/2016,LAW,OK,ASW,CE,Federal Contract Tower,0,6,2,0,8,0,0,31,2,33,0,6,33,2,41,0,0,0,41
11/13/2016,LAW,OK,ASW,CE,Federal Contract Tower,0,6,4,0,10,0,0,15,0,15,0,6,19,0,25,10,0,10,35
11/14/2016,LAW,OK,ASW,CE,Federal Contract Tower,0,6,11,26,43,0,0,16,0,16,0,6,27,26,59,18,0,18,77
11/15/2016,LAW,OK,ASW,CE,Federal Contract Tower,0,6,13,18,37,0,0,21,0,21,0,6,34,18,58,10,0,10,68
11/16/2016,LAW,OK,ASW,CE,Federal Contract Tower,0,7,12,18,37,0,0,24,0,24,0,7,36,18,61,10,0,10,71
11/17/2016,LAW,OK,ASW,CE,Federal Contract Tower,0,6,12,36,54,0,0,11,0,11,0,6,23,36,65,10,0,10,75
11/18/2016,LAW,OK,ASW,CE,Federal Contract Tower,0,6,14,28,48,0,0,23,0,23,0,6,37,28,71,0,0,0,71
11/19/2016,LAW,OK,ASW,CE,Federal Contract Tower,0,6,6,0,12,0,0,70,0,70,0,6,76,0,82,30,0,30,112
11/20/2016,LAW,OK,ASW,CE,Federal Contract Tower,0,6,10,0,16,0,0,17,0,17,0,6,27,0,33,18,0,18,51
11/21/2016,LAW,OK,ASW,CE,Federal Contract Tower,0,5,4,15,24,0,0,18,8,26,0,5,22,23,50,8,12,20,70
11/22/2016,LAW,OK,ASW,CE,Federal Contract Tower,0,5,2,36,43,0,0,18,0,18,0,5,20,36,61,0,0,0,61
11/23/2016,LAW,OK,ASW,CE,Federal Contract Tower,0,6,3,6,15,0,0,9,0,9,0,6,12,6,24,0,0,0,24
11/24/2016,LAW,OK,ASW,CE,Federal Contract Tower,0,3,8,0,11,0,0,6,0,6,0,3,14,0,17,0,0,0,17
11/25/2016,LAW,OK,ASW,CE,Federal Contract Tower,0,5,4,0,9,0,0,30,0,30,0,5,34,0,39,6,0,6,45
11/26/2016,LAW,OK,ASW,CE,Federal Contract Tower,0,6,10,0,16,0,0,26,0,26,0,6,36,0,42,8,0,8,50
11/27/2016,LAW,OK,ASW,CE,Federal Contract Tower,0,6,7,0,13,0,0,0,0,0,0,6,7,0,13,0,0,0,13
11/28/2016,LAW,OK,ASW,CE,Federal Contract Tower,0,7,4,40,51,0,0,9,0,9,0,7,13,40,60,0,0,0,60
11/29/2016,LAW,OK,ASW,CE,Federal Contract Tower,0,6,6,38,50,0,0,16,0,16,0,6,22,38,66,14,0,14,80
11/30/2016,LAW,OK,ASW,CE,Federal Contract Tower,0,6,2,30,38,0,0,3,0,3,0,6,5,30,41,0,0,0,41
12/01/2016,LAW,OK,ASW,CE,Federal Contract Tower,2,6,1,46,55,0,0,16,0,16,2,6,17,46,71,10,0,10,81
12/02/2016,LAW,OK,ASW,CE,Federal Contract Tower,0,6,14,38,58,0,0,13,0,13,0,6,27,38,71,10,20,30,101
12/03/2016,LAW,OK,ASW,CE,Federal Contract Tower,0,7,2,0,9,0,0,5,0,5,0,7,7,0,14,0,0,0,14
12/04/2016,LAW,OK,ASW,CE,Federal Contract Tower,0,6,7,6,19,0,0,6,0,6,0,6,13,6,25,20,0,20,45
12/05/2016,LAW,OK,ASW,CE,Federal Contract Tower,0,2,6,44,52,0,0,3,0,3,0,2,9,44,55,0,0,0,55
12/06/2016,LAW,OK,ASW,CE,Federal Contract Tower,0,7,2,49,58,0,0,6,10,16,0,7,8,59,74,0,20,20,94
12/07/2016,LAW,OK,ASW,CE,Federal Contract Tower,0,6,6,28,40,0,0,5,0,5,0,6,11,28,45,0,0,0,45
12/08/2016,LAW,OK,ASW,CE,Federal Contract Tower,0,6,5,22,33,0,0,18,0,18,0,6,23,22,51,0,10,10,61
12/09/2016,LAW,OK,ASW,CE,Federal Contract Tower,0,6,0,32,38,0,0,12,6,18,0,6,12,38,56,0,0,0,56
12/10/2016,LAW,OK,ASW,CE,Federal Contract Tower,0,7,5,0,12,0,0,18,0,18,0,7,23,0,30,30,0,30,60
12/11/2016,LAW,OK,ASW,CE,Federal Contract Tower,0,6,0,3,9,0,0,9,1,10,0,6,9,4,19,10,0,10,29
12/12/2016,LAW,OK,ASW,CE,Federal Contract Tower,0,4,16,15,35,0,0,17,2,19,0,4,33,17,54,20,0,20,74
12/13/2016,LAW,OK,ASW,CE,Federal Contract Tower,0,6,0,29,35,0,0,8,0,8,0,6,8,29,43,8,0,8,51
12/14/2016,LAW,OK,ASW,CE,Federal Contract Tower,0,7,5,3,15,0,0,12,2,14,0,7,17,5,29,16,0,16,45
12/15/2016,LAW,OK,ASW,CE,Federal Contract Tower,0,6,0,62,68,0,0,6,0,6,0,6,6,62,74,0,10,10,84
12/16/2016,LAW,OK,ASW,CE,Federal Contract Tower,0,2,8,0,10,0,0,22,10,32,0,2,30,10,42,8,0,8,50
12/17/2016,LAW,OK,ASW,CE,Federal Contract Tower,0,4,2,0,6,0,0,4,0,4,0,4,6,0,10,0,0,0,10
12/18/2016,LAW,OK,ASW,CE,Federal Contract Tower,0,6,0,0,6,0,0,10,8,18,0,6,10,8,24,10,0,10,34
12/19/2016,LAW,OK,ASW,CE,Federal Contract Tower,0,4,9,15,28,0,0,8,0,8,0,4,17,15,36,0,0,0,36
12/20/2016,LAW,OK,ASW,CE,Federal Contract Tower,0,6,11,25,42,0,0,32,0,32,0,6,43,25,74,0,0,0,74
12/21/2016,LAW,OK,ASW,CE,Federal Contract Tower,0,6,5,53,64,0,0,24,0,24,0,6,29,53,88,0,0,0,88
12/22/2016,LAW,OK,ASW,CE,Federal Contract Tower,0,6,0,40,46,0,0,3,0,3,0,6,3,40,49,0,0,0,49
12/23/2016,LAW,OK,ASW,CE,Federal Contract Tower,2,6,6,50,64,0,0,22,2,24,2,6,28,52,88,10,0,10,98
12/24/2016,LAW,OK,ASW,CE,Federal Contract Tower,0,6,0,0,6,0,0,0,0,0,0,6,0,0,6,0,0,0,6
12/25/2016,LAW,OK,ASW,CE,Federal Contract Tower,0,5,2,0,7,0,0,3,0,3,0,5,5,0,10,0,0,0,10
12/26/2016,LAW,OK,ASW,CE,Federal Contract Tower,0,6,8,0,14,0,0,18,0,18,0,6,26,0,32,6,0,6,38
12/27/2016,LAW,OK,ASW,CE,Federal Contract Tower,0,6,3,0,9,0,0,19,0,19,0,6,22,0,28,0,0,0,28
12/28/2016,LAW,OK,ASW,CE,Federal Contract Tower,0,6,6,0,12,0,0,10,0,10,0,6,16,0,22,10,0,10,32
12/29/2016,LAW,OK,ASW,CE,Federal Contract Tower,0,6,6,0,12,0,0,20,0,20,0,6,26,0,32,6,0,6,38
12/30/2016,LAW,OK,ASW,CE,Federal Contract Tower,0,7,10,0,17,0,0,8,0,8,0,7,18,0,25,16,0,16,41
12/31/2016,LAW,OK,ASW,CE,Federal Contract Tower,0,6,2,0,8,0,0,17,0,17,0,6,19,0,25,10,0,10,35
01/01/2017,LAW,OK,ASW,CE,Federal Contract Tower,0,3,2,0,5,0,0,17,0,17,0,3,19,0,22,20,0,20,42
01/02/2017,LAW,OK,ASW,CE,Federal Contract Tower,0,4,19,2,25,0,0,21,0,21,0,4,40,2,46,14,0,14,60
01/03/2017,LAW,OK,ASW,CE,Federal Contract Tower,0,6,4,65,75,0,0,6,0,6,0,6,10,65,81,0,0,0,81
01/04/2017,LAW,OK,ASW,CE,Federal Contract Tower,0,6,11,52,69,0,0,10,0,10,0,6,21,52,79,20,0,20,99
01/05/2017,LAW,OK,ASW,CE,Federal Contract Tower,0,5,4,80,89,0,0,4,0,4,0,5,8,80,93,0,0,0,93
01/06/2017,LAW,OK,ASW,CE,Federal Contract Tower,0,3,0,0,3,0,0,6,0,6,0,3,6,0,9,0,0,0,9
01/07/2017,LAW,OK,ASW,CE,Federal Contract Tower,0,4,0,0,4,0,0,6,0,6,0,4,6,0,10,0,0,0,10
01/08/2017,LAW,OK,ASW,CE,Federal Contract Tower,0,6,17,0,23,0,0,13,0,13,0,6,30,0,36,16,0,16,52
01/09/2017,LAW,OK,ASW,CE,Federal Contract Tower,0,4,4,89,97,0,0,14,4,18,0,4,18,93,115,0,0,0,115
01/10/2017,LAW,OK,ASW,CE,Federal Contract Tower,0,4,1,15,20,0,0,28,0,28,0,4,29,15,48,12,0,12,60
01/11/2017,LAW,OK,ASW,CE,Federal Contract Tower,0,4,15,40,59,0,0,6,0,6,0,4,21,40,65,0,0,0,65
01/12/2017,LAW,OK,ASW,CE,Federal Contract Tower,0,4,17,90,111,0,0,4,0,4,0,4,21,90,115,0,18,18,133
01/13/2017,LAW,OK,ASW,CE,Federal Contract Tower,0,4,0,0,4,0,0,0,0,0,0,4,0,0,4,0,0,0,4
01/14/2017,LAW,OK,ASW,CE,Federal Contract Tower,0,4,0,0,4,0,0,0,0,0,0,4,0,0,4,0,0,0,4
01/15/2017,LAW,OK,ASW,CE,Federal Contract Tower,0,2,0,0,2,0,0,0,0,0,0,2,0,0,2,0,0,0,2
01/16/2017,LAW,OK,ASW,CE,Federal Contract Tower,0,4,39,4,47,0,0,22,0,22,0,4,61,4,69,4,0,4,73
01/17/2017,LAW,OK,ASW,CE,Federal Contract Tower,0,4,22,60,86,0,0,25,0,25,0,4,47,60,111,0,0,0,111
01/18/2017,LAW,OK,ASW,CE,Federal Contract Tower,0,4,15,110,129,0,0,9,0,9,0,4,24,110,138,0,0,0,138
01/19/2017,LAW,OK,ASW,CE,Federal Contract Tower,0,4,16,38,58,0,0,13,0,13,0,4,29,38,71,0,0,0,71
01/20/2017,LAW,OK,ASW,CE,Federal Contract Tower,0,4,10,24,38,0,0,18,6,24,0,4,28,30,62,20,0,20,82
01/21/2017,LAW,OK,ASW,CE,Federal Contract Tower,4,0,17,10,31,0,0,30,0,30,4,0,47,10,61,2,0,2,63
01/22/2017,LAW,OK,ASW,CE,Federal Contract Tower,0,4,1,4,9,0,0,15,0,15,0,4,16,4,24,0,0,0,24
01/23/2017,LAW,OK,ASW,CE,Federal Contract Tower,0,4,7,37,48,0,0,12,2,14,0,4,19,39,62,0,0,0,62
01/24/2017,LAW,OK,ASW,CE,Federal Contract Tower,0,4,1,52,57,0,0,13,2,15,0,4,14,54,72,0,0,0,72
01/25/2017,LAW,OK,ASW,CE,Federal Contract Tower,0,4,11,90,105,0,0,13,2,15,0,4,24,92,120,0,10,10,130
01/26/2017,LAW,OK,ASW,CE,Federal Contract Tower,0,4,9,50,63,0,0,7,0,7,0,4,16,50,70,4,0,4,74
01/27/2017,LAW,OK,ASW,CE,Federal Contract Tower,4,0,6,52,62,0,0,30,2,32,4,0,36,54,94,24,0,24,118
01/28/2017,LAW,OK,ASW,CE,Federal Contract Tower,0,4,0,0,4,0,0,30,0,30,0,4,30,0,34,0,0,0,34
01/29/2017,LAW,OK,ASW,CE,Federal Contract Tower,0,4,8,0,12,0,0,35,0,35,0,4,43,0,47,18,0,18,65
01/30/2017,LAW,OK,ASW,CE,Federal Contract Tower,0,4,3,50,57,0,0,32,0,32,0,4,35,50,89,8,0,8,97
01/31/2017,LAW,OK,ASW,CE,Federal Contract Tower,0,4,20,68,92,0,0,32,0,32,0,4,52,68,124,20,0,20,144
02/01/2017,LAW,OK,ASW,CE,Federal Contract Tower,0,4,2,54,60,0,0,14,0,14,0,4,16,54,74,38,0,38,112
02/02/2017,LAW,OK,ASW,CE,Federal Contract Tower,0,4,3,66,73,0,0,5,0,5,0,4,8,66,78,0,0,0,78
02/03/2017,LAW,OK,ASW,CE,Federal Contract Tower,0,4,11,50,65,0,0,30,2,32,0,4,41,52,97,6,10,16,113
02/04/2017,LAW,OK,ASW,CE,Federal Contract Tower,0,4,14,0,18,0,0,37,0,37,0,4,51,0,55,10,0,10,65
02/05/2017,LAW,OK,ASW,CE,Federal Contract Tower,0,6,4,0,10,0,0,6,0,6,0,6,10,0,16,0,0,0,16
02/06/2017,LAW,OK,ASW,CE,Federal Contract Tower,0,4,7,50,61,0,0,4,0,4,0,4,11,50,65,0,0,0,65
02/07/2017,LAW,OK,ASW,CE,Federal Contract Tower,0,4,25,34,63,0,0,22,3,25,0,4,47,37,88,28,12,40,128
02/08/2017,LAW,OK,ASW,CE,Federal Contract Tower,0,4,2,44,50,0,0,2,0,2,0,4,4,44,52,0,0,0,52
02/09/2017,LAW,OK,ASW,CE,Federal Contract Tower,0,4,6,42,52,0,0,18,0,18,0,4,24,42,70,0,0,0,70
02/10/2017,LAW,OK,ASW,CE,Federal Contract Tower,0,4,0,42,46,0,0,5,0,5,0,4,5,42,51,0,0,0,51
02/11/2017,LAW,OK,ASW,CE,Federal Contract Tower,0,4,2,0,6,0,0,50,0,50,0,4,52,0,56,6,0,6,62
02/12/2017,LAW,OK,ASW,CE,Federal Contract Tower,0,4,0,0,4,0,0,6,0,6,0,4,6,0,10,0,0,0,10
02/13/2017,LAW,OK,ASW,CE,Federal Contract Tower,0,3,6,81,90,0,0,1,0,1,0,3,7,81,91,0,0,0,91
02/14/2017,LAW,OK,ASW,CE,Federal Contract Tower,0,0,4,0,4,0,0,2,0,2,0,0,6,0,6,4,0,4,10
02/15/2017,LAW,OK,ASW,CE,Federal Contract Tower,0,4,5,65,74,0,0,20,0,20,0,4,25,65,94,16,10,26,120
02/16/2017,LAW,OK,ASW,CE,Federal Contract Tower,0,6,15,99,120,0,0,14,0,14,0,6,29,99,134,18,4,22,156
02/17/2017,LAW,OK,ASW,CE,Federal Contract Tower,0,6,12,76,94,0,0,53,0,53,0,6,65,76,147,4,0,4,151
02/18/2017,LAW,OK,ASW,CE,Federal Contract Tower,0,6,22,0,28,0,0,31,6,37,0,6,53,6,65,20,0,20,85
02/19/2017,LAW,OK,ASW,CE,Federal Contract Tower,0,6,4,0,10,0,0,0,0,0,0,6,4,0,10,0,0,0,10
02/20/2017,LAW,OK,ASW,CE,Federal Contract Tower,0,6,12,5,23,0,0,13,11,24,0,6,25,16,47,38,0,38,85
02/21/2017,LAW,OK,ASW,CE,Federal Contract Tower,0,6,3,58,67,0,0,26,13,39,0,6,29,71,106,12,0,12,118
02/22/2017,LAW,OK,ASW,CE,Federal Contract Tower,0,6,14,74,94,0,0,29,4,33,0,6,43,78,127,12,22,34,161
02/23/2017,LAW,OK,ASW,CE,Federal Contract Tower,0,6,7,50,63,0,0,18,8,26,0,6,25,58,89,20,0,20,109
02/24/2017,LAW,OK,ASW,CE,Federal Contract Tower,0,6,15,38,59,0,0,14,0,14,0,6,29,38,73,0,0,0,73
02/25/2017,LAW,OK,ASW,CE,Federal Contract Tower,0,6,16,0,22,0,0,50,0,50,0,6,66,0,72,12,0,12,84
02/26/2017,LAW,OK,ASW,CE,Federal Contract Tower,0,6,34,10,50,0,0,19,6,25,0,6,53,16,75,10,6,16,91
02/27/2017,LAW,OK,ASW,CE,Federal Contract Tower,0,6,18,76,100,0,0,7,0,7,0,6,25,76,107,20,0,20,127
02/28/2017,LAW,OK,ASW,CE,Federal Contract Tower,0,6,19,74,99,0,0,18,4,22,0,6,37,78,121,12,0,12,133
03/01/2017,LAW,OK,ASW,CE,Federal Contract Tower,0,6,10,28,44,0,0,15,0,15,0,6,25,28,59,20,0,20,79
03/02/2017,LAW,OK,ASW,CE,Federal Contract Tower,0,6,1,16,23,0,0,22,0,22,0,6,23,16,45,30,2,32,77
03/03/2017,LAW,OK,ASW,CE,Federal Contract Tower,0,6,19,26,51,0,0,36,0,36,0,6,55,26,87,72,0,72,159
03/05/2017,LAW,OK,ASW,CE,Federal Contract Tower,0,6,2,0,8,0,0,2,0,2,0,6,4,0,10,0,0,0,10
03/06/2017,LAW,OK,ASW,CE,Federal Contract Tower,0,6,0,51,57,0,0,2,0,2,0,6,2,51,59,0,0,0,59
03/07/2017,LAW,OK,ASW,CE,Federal Contract Tower,0,5,4,61,70,0,0,34,0,34,0,5,38,61,104,24,8,32,136
03/08/2017,LAW,OK,ASW,CE,Federal Contract Tower,0,6,12,32,50,0,0,18,0,18,0,6,30,32,68,10,4,14,82
03/09/2017,LAW,OK,ASW,CE,Federal Contract Tower,0,6,4,106,116,0,0,15,0,15,0,6,19,106,131,20,0,20,151
03/10/2017,LAW,OK,ASW,CE,Federal Contract Tower,0,6,16,80,102,0,0,5,0,5,0,6,21,80,107,0,0,0,107
03/11/2017,LAW,OK,ASW,CE,Federal Contract Tower,0,6,12,0,18,0,0,12,0,12,0,6,24,0,30,0,0,0,30
03/12/2017,LAW,OK,ASW,CE,Federal Contract Tower,0,6,1,1,8,0,0,0,0,0,0,6,1,1,8,0,0,0,8
03/13/2017,LAW,OK,ASW,CE,Federal Contract Tower,0,6,0,98,104,0,0,13,0,13,0,6,13,98,117,0,0,0,117
03/14/2017,LAW,OK,ASW,CE,Federal Contract Tower,0,6,4,77,87,0,0,25,0,25,0,6,29,77,112,4,0,4,116
03/15/2017,LAW,OK,ASW,CE,Federal Contract Tower,0,6,6,49,61,0,0,14,1,15,0,6,20,50,76,12,0,12,88
03/16/2017,LAW,OK,ASW,CE,Federal Contract Tower,0,6,6,73,85,0,0,15,0,15,0,6,21,73,100,0,0,0,100
03/17/2017,LAW,OK,ASW,CE,Federal Contract Tower,0,6,7,50,63,0,0,6,2,8,0,6,13,52,71,0,0,0,71
03/18/2017,LAW,OK,ASW,CE,Federal Contract Tower,0,6,8,0,14,0,0,34,0,34,0,6,42,0,48,10,0,10,58
03/19/2017,LAW,OK,ASW,CE,Federal Contract Tower,0,6,16,1,23,0,0,4,0,4,0,6,20,1,27,0,0,0,27
03/20/2017,LAW,OK,ASW,CE,Federal Contract Tower,0,6,0,104,110,0,0,4,0,4,0,6,4,104,114,0,0,0,114
03/21/2017,LAW,OK,ASW,CE,Federal Contract Tower,0,6,6,87,99,0,0,15,5,20,0,6,21,92,119,28,4,32,151
03/22/2017,LAW,OK,ASW,CE,Federal Contract Tower,0,6,11,77,94,0,0,11,4,15,0,6,22,81,109,40,0,40,149
03/23/2017,LAW,OK,ASW,CE,Federal Contract Tower,0,6,0,42,48,0,0,14,0,14,0,6,14,42,62,0,0,0,62
03/24/2017,LAW,OK,ASW,CE,Federal Contract Tower,0,6,4,8,18,0,0,4,0,4,0,6,8,8,22,0,0,0,22
03/25/2017,LAW,OK,ASW,CE,Federal Contract Tower,0,6,24,0,30,0,0,18,0,18,0,6,42,0,48,0,0,0,48
03/26/2017,LAW,OK,ASW,CE,Federal Contract Tower,0,5,6,0,11,0,0,17,0,17,0,5,23,0,28,4,0,4,32
03/27/2017,LAW,OK,ASW,CE,Federal Contract Tower,0,6,0,26,32,0,0,8,0,8,0,6,8,26,40,4,0,4,44
03/28/2017,LAW,OK,ASW,CE,Federal Contract Tower,0,6,6,61,73,0,0,1,0,1,0,6,7,61,74,0,0,0,74
03/29/2017,LAW,OK,ASW,CE,Federal Contract Tower,0,6,0,100,106,0,0,6,0,6,0,6,6,100,112,6,0,6,118
03/30/2017,LAW,OK,ASW,CE,Federal Contract Tower,0,6,3,54,63,0,0,20,4,24,0,6,23,58,87,14,0,14,101
03/31/2017,LAW,OK,ASW,CE,Federal Contract Tower,0,6,17,18,41,6,0,32,6,44,6,6,49,24,85,14,8,22,107
04/01/2017,LAW,OK,ASW,CE,Federal Contract Tower,0,6,4,0,10,0,0,8,6,14,0,6,12,6,24,10,0,10,34
04/02/2017,LAW,OK,ASW,CE,Federal Contract Tower,0,6,5,0,11,0,0,2,0,2,0,6,7,0,13,0,0,0,13
04/03/2017,LAW,OK,ASW,CE,Federal Contract Tower,0,6,2,38,46,0,0,8,0,8,0,6,10,38,54,12,0,12,66
04/04/2017,LAW,OK,ASW,CE,Federal Contract Tower,0,6,9,41,56,0,0,4,0,4,0,6,13,41,60,0,0,0,60
04/05/2017,LAW,OK,ASW,CE,Federal Contract Tower,0,6,19,58,83,0,0,13,2,15,0,6,32,60,98,0,0,0,98
04/06/2017,LAW,OK,ASW,CE,Federal Contract Tower,0,4,15,24,43,0,0,20,2,22,0,4,35,26,65,26,0,26,91
04/07/2017,LAW,OK,ASW,CE,Federal Contract Tower,0,6,14,38,58,0,0,22,0,22,0,6,36,38,80,0,0,0,80
04/08/2017,LAW,OK,ASW,CE,Federal Contract Tower,0,6,5,0,11,0,0,30,2,32,0,6,35,2,43,20,14,34,77
04/09/2017,LAW,OK,ASW,CE,Federal Contract Tower,0,6,12,2,20,0,0,8,2,10,0,6,20,4,30,0,4,4,34
04/10/2017,LAW,OK,ASW,CE,Federal Contract Tower,0,4,3,34,41,0,0,8,0,8,0,4,11,34,49,0,10,10,59
04/11/2017,LAW,OK,ASW,CE,Federal Contract Tower,0,5,2,27,34,0,0,25,0,25,0,5,27,27,59,0,0,0,59
04/12/2017,LAW,OK,ASW,CE,Federal Contract Tower,0,4,7,38,49,0,0,17,0,17,0,4,24,38,66,0,0,0,66
04/13/2017,LAW,OK,ASW,CE,Federal Contract Tower,0,6,2,27,35,0,0,0,0,0,0,6,2,27,35,0,10,10,45
04/14/2017,LAW,OK,ASW,CE,Federal Contract Tower,0,6,18,44,68,0,0,14,4,18,0,6,32,48,86,0,0,0,86
04/15/2017,LAW,OK,ASW,CE,Federal Contract Tower,0,6,6,0,12,0,0,12,0,12,0,6,18,0,24,14,0,14,38
04/16/2017,LAW,OK,ASW,CE,Federal Contract Tower,0,6,0,0,6,0,0,2,0,2,0,6,2,0,8,0,0,0,8
04/17/2017,LAW,OK,ASW,CE,Federal Contract Tower,0,4,3,32,39,0,1,5,0,6,0,5,8,32,45,0,0,0,45
04/18/2017,LAW,OK,ASW,CE,Federal Contract Tower,0,6,15,50,71,0,0,2,0,2,0,6,17,50,73,0,0,0,73
04/19/2017,LAW,OK,ASW,CE,Federal Contract Tower,0,6,0,16,22,0,0,3,0,3,0,6,3,16,25,0,0,0,25
04/20/2017,LAW,OK,ASW,CE,Federal Contract Tower,0,6,17,53,76,0,0,7,0,7,0,6,24,53,83,0,4,4,87
04/21/2017,LAW,OK,ASW,CE,Federal Contract Tower,0,6,16,36,58,0,0,0,0,0,0,6,16,36,58,0,0,0,58
04/22/2017,LAW,OK,ASW,CE,Federal Contract Tower,0,6,4,0,10,0,0,17,0,17,0,6,21,0,27,0,0,0,27
04/23/2017,LAW,OK,ASW,CE,Federal Contract Tower,0,4,12,0,16,0,0,29,0,29,0,4,41,0,45,50,0,50,95
04/24/2017,LAW,OK,ASW,CE,Federal Contract Tower,0,6,4,39,49,0,0,9,0,9,0,6,13,39,58,10,0,10,68
04/25/2017,LAW,OK,ASW,CE,Federal Contract Tower,0,6,4,38,48,0,0,20,4,24,0,6,24,42,72,8,2,10,82
04/26/2017,LAW,OK,ASW,CE,Federal Contract Tower,0,5,8,92,105,0,0,11,0,11,0,5,19,92,116,10,0,10,126
04/27/2017,LAW,OK,ASW,CE,Federal Contract Tower,0,6,15,51,72,0,0,17,0,17,0,6,32,51,89,24,0,24,113
04/28/2017,LAW,OK,ASW,CE,Federal Contract Tower,0,6,9,56,71,0,0,12,0,12,0,6,21,56,83,6,0,6,89
04/29/2017,LAW,OK,ASW,CE,Federal Contract Tower,0,6,0,0,6,0,0,2,0,2,0,6,2,0,8,0,0,0,8
04/30/2017,LAW,OK,ASW,CE,Federal Contract Tower,0,5,2,0,7,0,0,2,0,2,0,5,4,0,9,0,0,0,9
05/01/2017,LAW,OK,ASW,CE,Federal Contract Tower,0,6,7,26,39,0,0,29,0,29,0,6,36,26,68,6,0,6,74
05/02/2017,LAW,OK,ASW,CE,Federal Contract Tower,0,6,12,62,80,0,0,25,2,27,0,6,37,64,107,20,0,20,127
05/03/2017,LAW,OK,ASW,CE,Federal Contract Tower,0,4,7,68,79,0,0,4,2,6,0,4,11,70,85,0,2,2,87
05/04/2017,LAW,OK,ASW,CE,Federal Contract Tower,0,6,11,32,49,0,0,11,0,11,0,6,22,32,60,18,12,30,90
05/05/2017,LAW,OK,ASW,CE,Federal Contract Tower,0,6,12,66,84,0,0,24,2,26,0,6,36,68,110,36,16,52,162
05/06/2017,LAW,OK,ASW,CE,Federal Contract Tower,0,6,22,0,28,0,0,46,0,46,0,6,68,0,74,44,0,44,118
05/07/2017,LAW,OK,ASW,CE,Federal Contract Tower,0,6,3,2,11,0,0,15,2,17,0,6,18,4,28,0,0,0,28
05/08/2017,LAW,OK,ASW,CE,Federal Contract Tower,0,6,6,50,62,0,0,9,0,9,0,6,15,50,71,14,0,14,85
05/09/2017,LAW,OK,ASW,CE,Federal Contract Tower,0,5,16,30,51,0,0,11,0,11,0,5,27,30,62,42,0,42,104
05/10/2017,LAW,OK,ASW,CE,Federal Contract Tower,0,6,18,76,100,0,0,7,0,7,0,6,25,76,107,0,6,6,113
05/11/2017,LAW,OK,ASW,CE,Federal Contract Tower,0,6,28,67,101,0,0,20,2,22,0,6,48,69,123,16,22,38,161
05/12/2017,LAW,OK,ASW,CE,Federal Contract Tower,0,6,22,58,86,0,0,16,0,16,0,6,38,58,102,24,0,24,126
05/13/2017,LAW,OK,ASW,CE,Federal Contract Tower,0,6,10,2,18,0,0,46,6,52,0,6,56,8,70,70,0,70,140
05/14/2017,LAW,OK,ASW,CE,Federal Contract Tower,0,6,12,0,18,0,0,26,2,28,0,6,38,2,46,24,0,24,70
05/15/2017,LAW,OK,ASW,CE,Federal Contract Tower,0,6,4,47,57,0,0,22,0,22,0,6,26,47,79,28,0,28,107
05/16/2017,LAW,OK,ASW,CE,Federal Contract Tower,0,5,5,66,76,0,0,6,0,6,0,5,11,66,82,0,0,0,82
05/17/2017,LAW,OK,ASW,CE,Federal Contract Tower,0,6,8,21,35,0,0,13,0,13,0,6,21,21,48,14,0,14,62
05/18/2017,LAW,OK,ASW,CE,Federal Contract Tower,0,4,0,54,58,0,0,5,0,5,0,4,5,54,63,0,0,0,63
05/19/2017,LAW,OK,ASW,CE,Federal Contract Tower,0,7,0,0,7,0,0,2,0,2,0,7,2,0,9,0,0,0,9
05/20/2017,LAW,OK,ASW,CE,Federal Contract Tower,0,6,16,0,22,0,0,34,0,34,0,6,50,0,56,42,0,42,98
05/21/2017,LAW,OK,ASW,CE,Federal Contract Tower,0,6,9,0,15,0,0,51,0,51,0,6,60,0,66,60,0,60,126
05/22/2017,LAW,OK,ASW,CE,Federal Contract Tower,0,6,6,64,76,0,0,22,0,22,0,6,28,64,98,38,6,44,142
05/23/2017,LAW,OK,ASW,CE,Federal Contract Tower,0,5,5,98,108,0,0,4,0,4,0,5,9,98,112,0,0,0,112
05/24/2017,LAW,OK,ASW,CE,Federal Contract Tower,0,6,5,54,65,0,0,18,0,18,0,6,23,54,83,8,0,8,91
05/26/2017,LAW,OK,ASW,CE,Federal Contract Tower,0,6,6,0,12,0,0,15,0,15,0,6,21,0,27,14,0,14,41
05/27/2017,LAW,OK,ASW,CE,Federal Contract Tower,0,6,16,0,22,0,0,19,0,19,0,6,35,0,41,10,0,10,51
05/28/2017,LAW,OK,ASW,CE,Federal Contract Tower,0,5,0,0,5,0,0,8,0,8,0,5,8,0,13,0,0,0,13
05/29/2017,LAW,OK,ASW,CE,Federal Contract Tower,0,6,6,0,12,0,0,13,0,13,0,6,19,0,25,14,0,14,39
05/30/2017,LAW,OK,ASW,CE,Federal Contract Tower,0,5,6,35,46,0,0,6,0,6,0,5,12,35,52,16,0,16,68
05/31/2017,LAW,OK,ASW,CE,Federal Contract Tower,0,6,4,62,72,0,0,18,0,18,0,6,22,62,90,6,0,6,96
06/01/2017,LAW,OK,ASW,CE,Federal Contract Tower,0,9,4,62,75,0,0,8,0,8,0,9,12,62,83,20,0,20,103
06/02/2017,LAW,OK,ASW,CE,Federal Contract Tower,0,5,4,0,9,0,0,12,0,12,0,5,16,0,21,0,0,0,21
06/03/2017,LAW,OK,ASW,CE,Federal Contract Tower,0,4,2,0,6,0,0,0,10,10,0,4,2,10,16,0,0,0,16
06/05/2017,LAW,OK,ASW,CE,Federal Contract Tower,0,4,12,54,70,0,0,3,0,3,0,4,15,54,73,0,0,0,73
06/06/2017,LAW,OK,ASW,CE,Federal Contract Tower,0,6,5,38,49,0,0,48,1,49,0,6,53,39,98,0,6,6,104
06/07/2017,LAW,OK,ASW,CE,Federal Contract Tower,0,6,7,72,85,0,0,15,5,20,0,6,22,77,105,24,0,24,129
06/08/2017,LAW,OK,ASW,CE,Federal Contract Tower,0,4,3,18,25,0,0,48,0,48,0,4,51,18,73,66,0,66,139
06/09/2017,LAW,OK,ASW,CE,Federal Contract Tower,0,6,22,66,94,0,0,4,0,4,0,6,26,66,98,0,0,0,98
06/10/2017,LAW,OK,ASW,CE,Federal Contract Tower,0,6,5,0,11,0,0,34,0,34,0,6,39,0,45,0,0,0,45
06/11/2017,LAW,OK,ASW,CE,Federal Contract Tower,0,6,12,2,20,0,0,13,0,13,0,6,25,2,33,0,0,0,33
06/12/2017,LAW,OK,ASW,CE,Federal Contract Tower,0,6,1,82,89,0,0,19,0,19,0,6,20,82,108,0,0,0,108
06/13/2017,LAW,OK,ASW,CE,Federal Contract Tower,0,6,9,56,71,0,0,30,1,31,0,6,39,57,102,4,0,4,106
06/14/2017,LAW,OK,ASW,CE,Federal Contract Tower,0,6,12,84,102,0,0,20,4,24,0,6,32,88,126,10,24,34,160
06/15/2017,LAW,OK,ASW,CE,Federal Contract Tower,0,4,3,98,105,0,0,26,0,26,0,4,29,98,131,30,0,30,161
06/16/2017,LAW,OK,ASW,CE,Federal Contract Tower,0,6,3,64,73,0,0,20,14,34,0,6,23,78,107,10,0,10,117
06/17/2017,LAW,OK,ASW,CE,Federal Contract Tower,0,6,11,0,17,0,0,13,0,13,0,6,24,0,30,4,0,4,34
06/18/2017,LAW,OK,ASW,CE,Federal Contract Tower,0,6,3,11,20,0,0,4,0,4,0,6,7,11,24,0,0,0,24
06/19/2017,LAW,OK,ASW,CE,Federal Contract Tower,0,3,4,62,69,0,0,13,3,16,0,3,17,65,85,14,0,14,99
06/20/2017,LAW,OK,ASW,CE,Federal Contract Tower,0,7,6,42,55,0,0,11,2,13,0,7,17,44,68,0,10,10,78
06/21/2017,LAW,OK,ASW,CE,Federal Contract Tower,0,6,5,60,71,0,0,16,0,16,0,6,21,60,87,4,0,4,91
06/22/2017,LAW,OK,ASW,CE,Federal Contract Tower,0,6,8,76,90,0,0,5,0,5,0,6,13,76,95,10,0,10,105
06/23/2017,LAW,OK,ASW,CE,Federal Contract Tower,0,6,10,52,68,0,0,8,2,10,0,6,18,54,78,10,0,10,88
06/24/2017,LAW,OK,ASW,CE,Federal Contract Tower,0,6,0,0,6,0,0,22,12,34,0,6,22,12,40,10,0,10,50
06/25/2017,LAW,OK,ASW,CE,Federal Contract Tower,0,6,2,0,8,0,0,15,0,15,0,6,17,0,23,6,0,6,29
06/26/2017,LAW,OK,ASW,CE,Federal Contract Tower,0,6,1,52,59,0,0,9,0,9,0,6,10,52,68,0,10,10,78
06/27/2017,LAW,OK,ASW,CE,Federal Contract Tower,0,6,1,48,55,0,0,10,4,14,0,6,11,52,69,8,4,12,81
06/28/2017,LAW,OK,ASW,CE,Federal Contract Tower,0,6,11,59,76,0,0,23,0,23,0,6,34,59,99,20,0,20,119
06/29/2017,LAW,OK,ASW,CE,Federal Contract Tower,0,6,6,73,85,0,0,11,0,11,0,6,17,73,96,14,0,14,110
06/30/2017,LAW,OK,ASW,CE,Federal Contract Tower,2,6,3,54,65,0,0,5,0,5,2,6,8,54,70,0,0,0,70
07/01/2017,LAW,OK,ASW,CE,Federal Contract Tower,0,6,0,0,6,0,0,32,0,32,0,6,32,0,38,40,0,40,78
07/02/2017,LAW,OK,ASW,CE,Federal Contract Tower,0,6,5,0,11,0,0,1,0,1,0,6,6,0,12,0,0,0,12
07/03/2017,LAW,OK,ASW,CE,Federal Contract Tower,0,4,1,0,5,0,0,5,0,5,0,4,6,0,10,0,0,0,10
07/04/2017,LAW,OK,ASW,CE,Federal Contract Tower,0,4,0,0,4,0,0,4,0,4,0,4,4,0,8,0,0,0,8
07/05/2017,LAW,OK,ASW,CE,Federal Contract Tower,0,8,3,2,13,0,0,14,0,14,0,8,17,2,27,20,0,20,47
07/06/2017,LAW,OK,ASW,CE,Federal Contract Tower,0,6,3,0,9,0,0,22,0,22,0,6,25,0,31,28,0,28,59
07/07/2017,LAW,OK,ASW,CE,Federal Contract Tower,0,6,7,0,13,0,0,22,0,22,0,6,29,0,35,4,0,4,39
07/08/2017,LAW,OK,ASW,CE,Federal Contract Tower,2,6,6,0,14,0,0,43,0,43,2,6,49,0,57,20,0,20,77
07/09/2017,LAW,OK,ASW,CE,Federal Contract Tower,0,5,2,0,7,0,0,14,0,14,0,5,16,0,21,0,0,0,21
07/10/2017,LAW,OK,ASW,CE,Federal Contract Tower,0,6,2,0,8,0,0,16,0,16,0,6,18,0,24,0,0,0,24
07/11/2017,LAW,OK,ASW,CE,Federal Contract Tower,0,6,9,44,59,0,0,8,0,8,0,6,17,44,67,0,0,0,67
07/12/2017,LAW,OK,ASW,CE,Federal Contract Tower,0,6,1,40,47,0,0,8,0,8,0,6,9,40,55,0,0,0,55
07/14/2017,LAW,OK,ASW,CE,Federal Contract Tower,0,4,4,60,68,0,0,16,0,16,0,4,20,60,84,48,10,58,142
07/15/2017,LAW,OK,ASW,CE,Federal Contract Tower,0,6,0,0,6,0,0,25,6,31,0,6,25,6,37,30,0,30,67
07/16/2017,LAW,OK,ASW,CE,Federal Contract Tower,0,6,0,0,6,0,0,18,0,18,0,6,18,0,24,8,0,8,32
07/17/2017,LAW,OK,ASW,CE,Federal Contract Tower,0,4,4,52,60,0,0,9,0,9,0,4,13,52,69,0,0,0,69
07/18/2017,LAW,OK,ASW,CE,Federal Contract Tower,0,6,3,20,29,0,0,6,0,6,0,6,9,20,35,8,0,8,43
07/19/2017,LAW,OK,ASW,CE,Federal Contract Tower,1,6,6,30,43,0,0,10,0,10,1,6,16,30,53,16,0,16,69
07/20/2017,LAW,OK,ASW,CE,Federal Contract Tower,0,6,11,35,52,0,0,10,0,10,0,6,21,35,62,26,4,30,92
07/21/2017,LAW,OK,ASW,CE,Federal Contract Tower,0,6,12,24,42,0,0,14,16,30,0,6,26,40,72,26,0,26,98
07/23/2017,LAW,OK,ASW,CE,Federal Contract Tower,0,6,5,0,11,0,15,20,0,35,0,21,25,0,46,36,6,42,88
07/24/2017,LAW,OK,ASW,CE,Federal Contract Tower,0,8,6,37,51,0,0,6,0,6,0,8,12,37,57,0,0,0,57
07/25/2017,LAW,OK,ASW,CE,Federal Contract Tower,0,6,18,36,60,0,0,7,1,8,0,6,25,37,68,0,0,0,68
07/26/2017,LAW,OK,ASW,CE,Federal Contract Tower,0,6,2,78,86,0,0,7,0,7,0,6,9,78,93,0,0,0,93
07/27/2017,LAW,OK,ASW,CE,Federal Contract Tower,2,6,1,93,102,0,0,16,0,16,2,6,17,93,118,0,0,0,118
07/28/2017,LAW,OK,ASW,CE,Federal Contract Tower,0,6,18,54,78,0,0,22,26,48,0,6,40,80,126,0,18,18,144
07/29/2017,LAW,OK,ASW,CE,Federal Contract Tower,0,6,13,1,20,0,0,20,0,20,0,6,33,1,40,0,0,0,40
07/30/2017,LAW,OK,ASW,CE,Federal Contract Tower,2,6,6,2,16,0,0,22,0,22,2,6,28,2,38,26,0,26,64
07/31/2017,LAW,OK,ASW,CE,Federal Contract Tower,0,6,1,46,53,0,0,9,0,9,0,6,10,46,62,20,0,20,82
08/01/2017,LAW,OK,ASW,CE,Federal Contract Tower,0,6,4,68,78,0,0,12,0,12,0,6,16,68,90,0,0,0,90
08/02/2017,LAW,OK,ASW,CE,Federal Contract Tower,0,6,8,78,92,0,0,18,0,18,0,6,26,78,110,10,0,10,120
08/03/2017,LAW,OK,ASW,CE,Federal Contract Tower,0,6,0,42,48,0,0,21,0,21,0,6,21,42,69,20,0,20,89
08/04/2017,LAW,OK,ASW,CE,Federal Contract Tower,0,4,3,40,47,0,0,20,0,20,0,4,23,40,67,0,0,0,67
08/05/2017,LAW,OK,ASW,CE,Federal Contract Tower,0,6,18,0,24,0,0,20,0,20,0,6,38,0,44,0,0,0,44
08/06/2017,LAW,OK,ASW,CE,Federal Contract Tower,0,6,2,8,16,0,0,15,0,15,0,6,17,8,31,0,0,0,31
08/07/2017,LAW,OK,ASW,CE,Federal Contract Tower,0,6,2,64,72,0,0,4,0,4,0,6,6,64,76,0,18,18,94
08/08/2017,LAW,OK,ASW,CE,Federal Contract Tower,0,6,3,72,81,0,0,4,2,6,0,6,7,74,87,0,0,0,87
08/09/2017,LAW,OK,ASW,CE,Federal Contract Tower,0,6,0,84,90,0,0,7,0,7,0,6,7,84,97,0,0,0,97
08/10/2017,LAW,OK,ASW,CE,Federal Contract Tower,0,6,6,78,90,0,0,9,0,9,0,6,15,78,99,0,0,0,99
08/11/2017,LAW,OK,ASW,CE,Federal Contract Tower,0,6,6,62,74,0,0,21,0,21,0,6,27,62,95,0,0,0,95
08/12/2017,LAW,OK,ASW,CE,Federal Contract Tower,0,6,13,0,19,0,0,10,0,10,0,6,23,0,29,6,0,6,35
08/13/2017,LAW,OK,ASW,CE,Federal Contract Tower,0,5,4,8,17,0,0,5,0,5,0,5,9,8,22,0,0,0,22
08/14/2017,LAW,OK,ASW,CE,Federal Contract Tower,0,5,2,62,69,0,0,15,3,18,0,5,17,65,87,0,10,10,97
08/15/2017,LAW,OK,ASW,CE,Federal Contract Tower,0,5,5,52,62,0,0,15,0,15,0,5,20,52,77,8,0,8,85
08/16/2017,LAW,OK,ASW,CE,Federal Contract Tower,0,6,0,70,76,0,0,9,0,9,0,6,9,70,85,14,10,24,109
08/17/2017,LAW,OK,ASW,CE,Federal Contract Tower,0,6,10,80,96,0,0,21,0,21,0,6,31,80,117,8,0,8,125
08/18/2017,LAW,OK,ASW,CE,Federal Contract Tower,0,4,2,24,30,0,0,10,12,22,0,4,12,36,52,4,10,14,66
08/19/2017,LAW,OK,ASW,CE,Federal Contract Tower,0,6,2,0,8,0,0,37,0,37,0,6,39,0,45,80,0,80,125
08/20/2017,LAW,OK,ASW,CE,Federal Contract Tower,0,6,4,9,19,0,0,8,1,9,0,6,12,10,28,8,0,8,36
08/21/2017,LAW,OK,ASW,CE,Federal Contract Tower,0,6,3,29,38,0,0,19,0,19,0,6,22,29,57,0,0,0,57
08/22/2017,LAW,OK,ASW,CE,Federal Contract Tower,0,6,5,30,41,0,0,3,0,3,0,6,8,30,44,0,0,0,44
08/23/2017,LAW,OK,ASW,CE,Federal Contract Tower,0,6,1,46,53,0,0,3,0,3,0,6,4,46,56,0,0,0,56
08/24/2017,LAW,OK,ASW,CE,Federal Contract Tower,2,6,3,18,29,0,0,6,0,6,2,6,9,18,35,0,0,0,35
08/25/2017,LAW,OK,ASW,CE,Federal Contract Tower,0,6,3,14,23,0,0,6,0,6,0,6,9,14,29,0,0,0,29
08/26/2017,LAW,OK,ASW,CE,Federal Contract Tower,0,6,0,6,12,0,0,16,10,26,0,6,16,16,38,50,10,60,98
08/27/2017,LAW,OK,ASW,CE,Federal Contract Tower,0,7,0,0,7,0,0,0,0,0,0,7,0,0,7,0,0,0,7
08/28/2017,LAW,OK,ASW,CE,Federal Contract Tower,0,5,6,50,61,0,0,4,4,8,0,5,10,54,69,0,0,0,69
08/29/2017,LAW,OK,ASW,CE,Federal Contract Tower,0,5,10,94,109,0,0,20,2,22,0,5,30,96,131,10,6,16,147
08/30/2017,LAW,OK,ASW,CE,Federal Contract Tower,0,5,11,80,96,0,0,17,0,17,0,5,28,80,113,10,0,10,123
08/31/2017,LAW,OK,ASW,CE,Federal Contract Tower,0,6,10,18,34,0,0,12,0,12,0,6,22,18,46,0,0,0,46
09/01/2017,LAW,OK,ASW,CE,Federal Contract Tower,0,4,3,0,7,0,0,30,0,30,0,4,33,0,37,46,0,46,83
09/02/2017,LAW,OK,ASW,CE,Federal Contract Tower,0,6,2,0,8,0,0,8,0,8,0,6,10,0,16,36,0,36,52
09/03/2017,LAW,OK,ASW,CE,Federal Contract Tower,0,5,0,2,7,0,0,10,0,10,0,5,10,2,17,0,0,0,17
09/04/2017,LAW,OK,ASW,CE,Federal Contract Tower,0,6,4,0,10,0,0,29,0,29,0,6,33,0,39,0,0,0,39
09/05/2017,LAW,OK,ASW,CE,Federal Contract Tower,0,5,1,44,50,0,0,7,0,7,0,5,8,44,57,20,0,20,77
09/06/2017,LAW,OK,ASW,CE,Federal Contract Tower,0,5,3,59,67,0,0,10,0,10,0,5,13,59,77,0,18,18,95
09/07/2017,LAW,OK,ASW,CE,Federal Contract Tower,0,6,12,78,96,0,0,26,2,28,0,6,38,80,124,10,2,12,136
09/08/2017,LAW,OK,ASW,CE,Federal Contract Tower,2,6,6,60,74,0,0,27,2,29,2,6,33,62,103,0,0,0,103
09/09/2017,LAW,OK,ASW,CE,Federal Contract Tower,0,4,8,0,12,0,0,30,0,30,0,4,38,0,42,10,0,10,52
09/10/2017,LAW,OK,ASW,CE,Federal Contract Tower,0,8,13,2,23,0,0,19,0,19,0,8,32,2,42,2,0,2,44
09/11/2017,LAW,OK,ASW,CE,Federal Contract Tower,0,6,2,44,52,0,0,14,0,14,0,6,16,44,66,0,0,0,66
09/13/2017,LAW,OK,ASW,CE,Federal Contract Tower,0,6,4,62,72,0,0,8,0,8,0,6,12,62,80,0,10,10,90
09/14/2017,LAW,OK,ASW,CE,Federal Contract Tower,0,6,4,40,50,0,0,21,0,21,0,6,25,40,71,0,0,0,71
09/15/2017,LAW,OK,ASW,CE,Federal Contract Tower,0,6,4,46,56,0,0,5,8,13,0,6,9,54,69,0,14,14,83
09/16/2017,LAW,OK,ASW,CE,Federal Contract Tower,0,6,1,0,7,0,0,21,0,21,0,6,22,0,28,40,0,40,68
09/17/2017,LAW,OK,ASW,CE,Federal Contract Tower,0,9,3,2,14,0,0,18,0,18,0,9,21,2,32,44,0,44,76
09/18/2017,LAW,OK,ASW,CE,Federal Contract Tower,0,6,0,68,74,0,0,13,0,13,0,6,13,68,87,0,0,0,87
09/19/2017,LAW,OK,ASW,CE,Federal Contract Tower,0,6,7,32,45,0,0,3,2,5,0,6,10,34,50,0,12,12,62
09/20/2017,LAW,OK,ASW,CE,Federal Contract Tower,2,6,12,56,76,0,0,4,2,6,2,6,16,58,82,0,0,0,82
09/21/2017,LAW,OK,ASW,CE,Federal Contract Tower,0,6,11,48,65,0,0,10,0,10,0,6,21,48,75,10,0,10,85
09/22/2017,LAW,OK,ASW,CE,Federal Contract Tower,0,6,11,16,33,0,0,16,0,16,0,6,27,16,49,2,0,2,51
09/23/2017,LAW,OK,ASW,CE,Federal Contract Tower,0,6,6,0,12,0,0,10,0,10,0,6,16,0,22,0,0,0,22
09/24/2017,LAW,OK,ASW,CE,Federal Contract Tower,0,7,0,0,7,0,0,18,0,18,0,7,18,0,25,0,0,0,25
09/25/2017,LAW,OK,ASW,CE,Federal Contract Tower,0,6,0,32,38,0,0,9,0,9,0,6,9,32,47,0,0,0,47
09/26/2017,LAW,OK,ASW,CE,Federal Contract Tower,0,7,2,32,41,0,0,0,0,0,0,7,2,32,41,0,0,0,41
09/27/2017,LAW,OK,ASW,CE,Federal Contract Tower,0,6,12,0,18,0,0,0,0,0,0,6,12,0,18,0,0,0,18
09/28/2017,LAW,OK,ASW,CE,Federal Contract Tower,0,6,12,130,148,0,0,10,0,10,0,6,22,130,158,6,0,6,164
09/29/2017,LAW,OK,ASW,CE,Federal Contract Tower,0,4,6,66,76,0,0,8,8,16,0,4,14,74,92,0,0,0,92
09/30/2017,LAW,OK,ASW,CE,Federal Contract Tower,0,6,2,0,8,0,0,17,0,17,0,6,19,0,25,0,0,0,25
10/01/2017,LAW,OK,ASW,CE,Federal Contract Tower,7,0,4,8,19,0,0,26,4,30,7,0,30,12,49,0,0,0,49
10/02/2017,LAW,OK,ASW,CE,Federal Contract Tower,6,0,5,50,61,0,0,13,2,15,6,0,18,52,76,10,0,10,86
10/03/2017,LAW,OK,ASW,CE,Federal Contract Tower,6,0,32,65,103,0,0,14,0,14,6,0,46,65,117,10,0,10,127
10/04/2017,LAW,OK,ASW,CE,Federal Contract Tower,6,0,8,48,62,0,0,7,0,7,6,0,15,48,69,0,0,0,69
10/05/2017,LAW,OK,ASW,CE,Federal Contract Tower,6,0,9,56,71,0,0,6,0,6,6,0,15,56,77,4,40,44,121
10/06/2017,LAW,OK,ASW,CE,Federal Contract Tower,6,0,8,58,72,0,0,17,2,19,6,0,25,60,91,8,0,8,99
10/07/2017,LAW,OK,ASW,CE,Federal Contract Tower,6,0,8,0,14,0,0,26,0,26,6,0,34,0,40,42,0,42,82
10/08/2017,LAW,OK,ASW,CE,Federal Contract Tower,7,0,10,0,17,0,0,40,0,40,7,0,50,0,57,40,0,40,97
10/09/2017,LAW,OK,ASW,CE,Federal Contract Tower,4,0,1,0,5,0,0,27,0,27,4,0,28,0,32,8,0,8,40
10/10/2017,LAW,OK,ASW,CE,Federal Contract Tower,6,0,4,48,58,0,0,12,4,16,6,0,16,52,74,8,0,8,82
10/11/2017,LAW,OK,ASW,CE,Federal Contract Tower,6,0,4,56,66,0,0,18,0,18,6,0,22,56,84,0,0,0,84
10/12/2017,LAW,OK,ASW,CE,Federal Contract Tower,4,0,10,64,78,0,0,12,0,12,4,0,22,64,90,20,0,20,110
10/13/2017,LAW,OK,ASW,CE,Federal Contract Tower,6,0,2,40,48,0,0,8,0,8,6,0,10,40,56,24,0,24,80
10/14/2017,LAW,OK,ASW,CE,Federal Contract Tower,8,0,12,0,20,0,0,50,0,50,8,0,62,0,70,14,0,14,84
10/15/2017,LAW,OK,ASW,CE,Federal Contract Tower,8,0,7,6,21,0,0,15,4,19,8,0,22,10,40,4,0,4,44
10/16/2017,LAW,OK,ASW,CE,Federal Contract Tower,7,0,9,87,103,0,0,61,0,61,7,0,70,87,164,36,0,36,200
10/17/2017,LAW,OK,ASW,CE,Federal Contract Tower,6,0,2,30,38,0,0,49,0,49,6,0,51,30,87,124,0,124,211
10/18/2017,LAW,OK,ASW,CE,Federal Contract Tower,6,0,4,46,56,0,0,37,0,37,6,0,41,46,93,74,0,74,167
10/19/2017,LAW,OK,ASW,CE,Federal Contract Tower,6,0,1,112,119,0,0,15,0,15,6,0,16,112,134,0,0,0,134
10/20/2017,LAW,OK,ASW,CE,Federal Contract Tower,6,0,0,52,58,0,0,14,38,52,6,0,14,90,110,0,22,22,132
10/21/2017,LAW,OK,ASW,CE,Federal Contract Tower,6,0,12,0,18,0,0,22,2,24,6,0,34,2,42,0,0,0,42
10/22/2017,LAW,OK,ASW,CE,Federal Contract Tower,5,0,0,8,13,0,0,12,21,33,5,0,12,29,46,12,2,14,60
10/23/2017,LAW,OK,ASW,CE,Federal Contract Tower,6,0,0,74,80,0,0,14,1,15,6,0,14,75,95,50,0,50,145
10/24/2017,LAW,OK,ASW,CE,Federal Contract Tower,6,0,4,72,82,0,0,20,0,20,6,0,24,72,102,46,0,46,148
10/25/2017,LAW,OK,ASW,CE,Federal Contract Tower,6,0,3,78,87,0,0,14,2,16,6,0,17,80,103,55,0,55,158
10/26/2017,LAW,OK,ASW,CE,Federal Contract Tower,6,0,4,104,114,0,0,14,2,16,6,0,18,106,130,0,0,0,130
10/27/2017,LAW,OK,ASW,CE,Federal Contract Tower,6,0,6,74,86,0,0,8,14,22,6,0,14,88,108,0,8,8,116
10/28/2017,LAW,OK,ASW,CE,Federal Contract Tower,6,0,2,0,8,0,0,38,0,38,6,0,40,0,46,46,0,46,92
10/29/2017,LAW,OK,ASW,CE,Federal Contract Tower,8,0,1,0,9,0,0,18,10,28,8,0,19,10,37,38,0,38,75
10/30/2017,LAW,OK,ASW,CE,Federal Contract Tower,4,0,0,74,78,0,0,4,4,8,4,0,4,78,86,0,8,8,94
10/31/2017,LAW,OK,ASW,CE,Federal Contract Tower,5,0,2,134,141,0,0,9,0,9,5,0,11,134,150,58,0,58,208
11/01/2017,LAW,OK,ASW,CE,Federal Contract Tower,6,0,30,0,36,0,0,23,4,27,6,0,53,4,63,0,0,0,63
11/02/2017,LAW,OK,ASW,CE,Federal Contract Tower,6,0,4,58,68,0,0,15,0,15,6,0,19,58,83,10,0,10,93
11/03/2017,LAW,OK,ASW,CE,Federal Contract Tower,4,0,7,105,116,0,0,5,4,9,4,0,12,109,125,0,0,0,125
11/04/2017,LAW,OK,ASW,CE,Federal Contract Tower,6,0,2,0,8,0,0,8,8,16,6,0,10,8,24,0,24,24,48
11/05/2017,LAW,OK,ASW,CE,Federal Contract Tower,7,0,2,40,49,0,0,14,2,16,7,0,16,42,65,0,0,0,65
11/06/2017,LAW,OK,ASW,CE,Federal Contract Tower,5,0,2,100,107,0,0,2,0,2,5,0,4,100,109,0,0,0,109
11/07/2017,LAW,OK,ASW,CE,Federal Contract Tower,7,0,6,48,61,0,0,7,2,9,7,0,13,50,70,0,0,0,70
11/08/2017,LAW,OK,ASW,CE,Federal Contract Tower,6,0,6,96,108,0,0,2,0,2,6,0,8,96,110,0,0,0,110
11/09/2017,LAW,OK,ASW,CE,Federal Contract Tower,6,0,6,30,42,0,0,20,1,21,6,0,26,31,63,10,0,10,73
11/10/2017,LAW,OK,ASW,CE,Federal Contract Tower,6,0,7,0,13,0,0,9,4,13,6,0,16,4,26,0,0,0,26
11/11/2017,LAW,OK,ASW,CE,Federal Contract Tower,0,0,6,6,12,0,0,0,11,11,0,0,6,17,23,0,0,0,23
11/12/2017,LAW,OK,ASW,CE,Federal Contract Tower,7,1,10,2,20,0,0,0,0,0,7,1,10,2,20,0,0,0,20
11/13/2017,LAW,OK,ASW,CE,Federal Contract Tower,5,0,4,62,71,0,0,6,0,6,5,0,10,62,77,0,4,4,81
11/14/2017,LAW,OK,ASW,CE,Federal Contract Tower,9,0,3,98,110,0,0,3,0,3,9,0,6,98,113,0,0,0,113
11/15/2017,LAW,OK,ASW,CE,Federal Contract Tower,7,0,5,108,120,0,0,19,0,19,7,0,24,108,139,10,10,20,159
11/16/2017,LAW,OK,ASW,CE,Federal Contract Tower,4,0,5,80,89,0,0,25,0,25,4,0,30,80,114,42,0,42,156
11/17/2017,LAW,OK,ASW,CE,Federal Contract Tower,6,0,0,50,56,0,0,26,0,26,6,0,26,50,82,10,0,10,92
11/18/2017,LAW,OK,ASW,CE,Federal Contract Tower,0,6,3,0,9,0,0,4,0,4,0,6,7,0,13,0,0,0,13
11/19/2017,LAW,OK,ASW,CE,Federal Contract Tower,9,0,0,2,11,0,0,21,0,21,9,0,21,2,32,38,0,38,70
11/20/2017,LAW,OK,ASW,CE,Federal Contract Tower,11,0,2,70,83,0,0,13,0,13,11,0,15,70,96,6,0,6,102
11/21/2017,LAW,OK,ASW,CE,Federal Contract Tower,7,0,14,66,87,0,0,8,0,8,7,0,22,66,95,0,0,0,95
11/22/2017,LAW,OK,ASW,CE,Federal Contract Tower,7,0,19,22,48,0,0,10,0,10,7,0,29,22,58,10,0,10,68
11/23/2017,LAW,OK,ASW,CE,Federal Contract Tower,3,0,3,0,6,0,0,8,0,8,3,0,11,0,14,0,0,0,14
11/24/2017,LAW,OK,ASW,CE,Federal Contract Tower,6,0,14,0,20,0,0,24,0,24,6,0,38,0,44,10,0,10,54
11/25/2017,LAW,OK,ASW,CE,Federal Contract Tower,0,6,8,0,14,0,0,14,0,14,0,6,22,0,28,4,0,4,32
11/26/2017,LAW,OK,ASW,CE,Federal Contract Tower,6,0,0,0,6,1,0,17,0,18,7,0,17,0,24,12,0,12,36
11/27/2017,LAW,OK,ASW,CE,Federal Contract Tower,6,0,2,16,24,0,0,5,0,5,6,0,7,16,29,4,0,4,33
11/28/2017,LAW,OK,ASW,CE,Federal Contract Tower,7,0,3,8,18,0,0,8,0,8,7,0,11,8,26,0,0,0,26
11/29/2017,LAW,OK,ASW,CE,Federal Contract Tower,7,0,2,16,25,0,0,12,8,20,7,0,14,24,45,0,0,0,45
11/30/2017,LAW,OK,ASW,CE,Federal Contract Tower,6,0,13,38,57,0,0,18,0,18,6,0,31,38,75,22,0,22,97
12/01/2017,LAW,OK,ASW,CE,Federal Contract Tower,0,6,3,32,41,0,0,20,0,20,0,6,23,32,61,14,0,14,75
12/02/2017,LAW,OK,ASW,CE,Federal Contract Tower,6,0,6,0,12,0,0,39,0,39,6,0,45,0,51,0,0,0,51
12/03/2017,LAW,OK,ASW,CE,Federal Contract Tower,7,0,2,12,21,0,0,9,14,23,7,0,11,26,44,0,24,24,68
12/04/2017,LAW,OK,ASW,CE,Federal Contract Tower,6,0,0,32,38,0,0,5,0,5,6,0,5,32,43,0,0,0,43
12/05/2017,LAW,OK,ASW,CE,Federal Contract Tower,7,2,8,72,89,0,0,16,0,16,7,2,24,72,105,0,0,0,105
12/06/2017,LAW,OK,ASW,CE,Federal Contract Tower,8,0,0,49,57,0,0,13,2,15,8,0,13,51,72,0,8,8,80
12/07/2017,LAW,OK,ASW,CE,Federal Contract Tower,6,0,4,68,78,0,0,7,2,9,6,0,11,70,87,0,0,0,87
12/08/2017,LAW,OK,ASW,CE,Federal Contract Tower,4,0,7,56,67,0,0,15,0,15,4,0,22,56,82,0,0,0,82
12/09/2017,LAW,OK,ASW,CE,Federal Contract Tower,5,0,2,12,19,0,0,3,2,5,5,0,5,14,24,0,6,6,30
12/10/2017,LAW,OK,ASW,CE,Federal Contract Tower,7,0,2,0,9,0,0,7,0,7,7,0,9,0,16,0,0,0,16
12/11/2017,LAW,OK,ASW,CE,Federal Contract Tower,6,0,12,70,88,0,0,12,0,12,6,0,24,70,100,0,18,18,118
12/12/2017,LAW,OK,ASW,CE,Federal Contract Tower,7,0,0,48,55,0,0,5,0,5,7,0,5,48,60,0,0,0,60
12/13/2017,LAW,OK,ASW,CE,Federal Contract Tower,7,0,9,51,67,0,0,23,2,25,7,0,32,53,92,0,10,10,102
12/14/2017,LAW,OK,ASW,CE,Federal Contract Tower,6,0,3,70,79,0,0,5,0,5,6,0,8,70,84,0,0,0,84
12/15/2017,LAW,OK,ASW,CE,Federal Contract Tower,0,4,5,94,103,0,0,11,2,13,0,4,16,96,116,0,4,4,120
12/16/2017,LAW,OK,ASW,CE,Federal Contract Tower,0,5,1,0,6,0,0,24,0,24,0,5,25,0,30,30,0,30,60
12/17/2017,LAW,OK,ASW,CE,Federal Contract Tower,5,2,10,0,17,0,0,1,0,1,5,2,11,0,18,0,0,0,18
12/18/2017,LAW,OK,ASW,CE,Federal Contract Tower,4,0,12,42,58,0,0,0,0,0,4,0,12,42,58,0,0,0,58
12/19/2017,LAW,OK,ASW,CE,Federal Contract Tower,5,0,0,88,93,0,0,1,0,1,5,0,1,88,94,0,0,0,94
12/20/2017,LAW,OK,ASW,CE,Federal Contract Tower,4,0,2,44,50,0,2,0,0,2,4,2,2,44,52,4,0,4,56
12/21/2017,LAW,OK,ASW,CE,Federal Contract Tower,4,0,3,108,115,0,0,14,0,14,4,0,17,108,129,8,0,8,137
12/22/2017,LAW,OK,ASW,CE,Federal Contract Tower,0,4,0,0,4,0,0,5,0,5,0,4,5,0,9,0,0,0,9
12/23/2017,LAW,OK,ASW,CE,Federal Contract Tower,0,4,7,0,11,0,0,11,0,11,0,4,18,0,22,26,0,26,48
12/24/2017,LAW,OK,ASW,CE,Federal Contract Tower,4,0,0,0,4,0,0,6,0,6,4,0,6,0,10,0,0,0,10
12/25/2017,LAW,OK,ASW,CE,Federal Contract Tower,4,2,2,0,8,0,0,1,0,1,4,2,3,0,9,0,0,0,9
12/26/2017,LAW,OK,ASW,CE,Federal Contract Tower,4,0,1,0,5,0,0,5,0,5,4,0,6,0,10,0,0,0,10
12/27/2017,LAW,OK,ASW,CE,Federal Contract Tower,4,0,14,0,18,0,0,5,0,5,4,0,19,0,23,0,0,0,23
12/28/2017,LAW,OK,ASW,CE,Federal Contract Tower,4,0,3,0,7,0,0,0,0,0,4,0,3,0,7,0,0,0,7
12/29/2017,LAW,OK,ASW,CE,Federal Contract Tower,0,6,12,0,18,0,0,8,0,8,0,6,20,0,26,6,0,6,32
12/30/2017,LAW,OK,ASW,CE,Federal Contract Tower,0,4,0,0,4,0,0,4,0,4,0,4,4,0,8,0,0,0,8
12/31/2017,LAW,OK,ASW,CE,Federal Contract Tower,1,0,2,0,3,0,0,3,0,3,1,0,5,0,6,0,0,0,6
01/01/2018,LAW,OK,ASW,CE,Federal Contract Tower,2,0,0,0,2,0,0,16,0,16,2,0,16,0,18,0,0,0,18
01/02/2018,LAW,OK,ASW,CE,Federal Contract Tower,4,0,4,0,8,0,0,6,0,6,4,0,10,0,14,0,0,0,14
01/03/2018,LAW,OK,ASW,CE,Federal Contract Tower,4,0,3,30,37,0,0,15,0,15,4,0,18,30,52,0,0,0,52
01/04/2018,LAW,OK,ASW,CE,Federal Contract Tower,4,0,21,110,135,0,0,31,0,31,4,0,52,110,166,0,10,10,176
01/05/2018,LAW,OK,ASW,CE,Federal Contract Tower,4,0,8,84,96,0,0,13,0,13,4,0,21,84,109,0,0,0,109
01/06/2018,LAW,OK,ASW,CE,Federal Contract Tower,4,0,20,0,24,0,0,13,0,13,4,0,33,0,37,20,0,20,57
01/07/2018,LAW,OK,ASW,CE,Federal Contract Tower,0,4,4,0,8,0,0,1,0,1,0,4,5,0,9,0,0,0,9
01/08/2018,LAW,OK,ASW,CE,Federal Contract Tower,4,0,0,129,133,0,0,5,1,6,4,0,5,130,139,0,16,16,155
01/09/2018,LAW,OK,ASW,CE,Federal Contract Tower,6,0,0,82,88,0,0,8,0,8,6,0,8,82,96,6,0,6,102
01/10/2018,LAW,OK,ASW,CE,Federal Contract Tower,4,0,1,96,101,0,0,7,0,7,4,0,8,96,108,0,0,0,108
01/11/2018,LAW,OK,ASW,CE,Federal Contract Tower,4,0,0,54,58,0,0,2,0,2,4,0,2,54,60,0,4,4,64
01/12/2018,LAW,OK,ASW,CE,Federal Contract Tower,0,4,0,32,36,0,0,12,0,12,0,4,12,32,48,0,0,0,48
01/13/2018,LAW,OK,ASW,CE,Federal Contract Tower,0,4,5,0,9,0,0,5,0,5,0,4,10,0,14,0,0,0,14
01/14/2018,LAW,OK,ASW,CE,Federal Contract Tower,4,0,15,0,19,0,0,10,0,10,4,0,25,0,29,0,0,0,29
01/15/2018,LAW,OK,ASW,CE,Federal Contract Tower,4,0,7,0,11,0,0,7,0,7,4,0,14,0,18,0,0,0,18
01/16/2018,LAW,OK,ASW,CE,Federal Contract Tower,4,0,18,64,86,0,0,10,0,10,4,0,28,64,96,0,12,12,108
01/17/2018,LAW,OK,ASW,CE,Federal Contract Tower,5,0,4,36,45,0,0,14,0,14,5,0,18,36,59,16,0,16,75
01/18/2018,LAW,OK,ASW,CE,Federal Contract Tower,4,0,9,38,51,0,0,25,0,25,4,0,34,38,76,2,0,2,78
01/19/2018,LAW,OK,ASW,CE,Federal Contract Tower,4,0,22,41,67,0,0,14,0,14,4,0,36,41,81,6,0,6,87
01/20/2018,LAW,OK,ASW,CE,Federal Contract Tower,0,4,6,0,10,0,0,14,0,14,0,4,20,0,24,0,0,0,24
01/21/2018,LAW,OK,ASW,CE,Federal Contract Tower,8,0,0,11,19,0,0,6,2,8,8,0,6,13,27,0,0,0,27
01/22/2018,LAW,OK,ASW,CE,Federal Contract Tower,4,0,0,16,20,0,0,4,0,4,4,0,4,16,24,0,0,0,24
01/23/2018,LAW,OK,ASW,CE,Federal Contract Tower,4,0,6,48,58,0,0,20,0,20,4,0,26,48,78,20,0,20,98
01/24/2018,LAW,OK,ASW,CE,Federal Contract Tower,4,0,21,44,69,0,0,28,0,28,4,0,49,44,97,0,0,0,97
01/25/2018,LAW,OK,ASW,CE,Federal Contract Tower,4,0,21,34,59,0,0,18,0,18,4,0,39,34,77,0,0,0,77
01/26/2018,LAW,OK,ASW,CE,Federal Contract Tower,6,0,12,32,50,0,0,4,0,4,6,0,16,32,54,20,0,20,74
01/27/2018,LAW,OK,ASW,CE,Federal Contract Tower,4,0,38,0,42,0,0,13,0,13,4,0,51,0,55,0,0,0,55
01/28/2018,LAW,OK,ASW,CE,Federal Contract Tower,4,0,4,0,8,0,0,23,7,30,4,0,27,7,38,28,4,32,70
01/29/2018,LAW,OK,ASW,CE,Federal Contract Tower,5,0,11,66,82,0,0,2,2,4,5,0,13,68,86,4,2,6,92
01/30/2018,LAW,OK,ASW,CE,Federal Contract Tower,4,3,1,66,74,0,2,6,0,8,4,5,7,66,82,0,0,0,82
01/31/2018,LAW,OK,ASW,CE,Federal Contract Tower,4,0,5,26,35,0,0,3,0,3,4,0,8,26,38,0,0,0,38
02/01/2018,LAW,OK,ASW,CE,Federal Contract Tower,4,0,7,2,13,0,0,3,0,3,4,0,10,2,16,0,0,0,16
02/02/2018,LAW,OK,ASW,CE,Federal Contract Tower,0,4,1,0,5,0,0,14,0,14,0,4,15,0,19,0,0,0,19
02/03/2018,LAW,OK,ASW,CE,Federal Contract Tower,4,0,9,2,15,0,0,19,2,21,4,0,28,4,36,18,6,24,60
02/04/2018,LAW,OK,ASW,CE,Federal Contract Tower,4,0,2,0,6,0,0,5,0,5,4,0,7,0,11,4,0,4,15
02/05/2018,LAW,OK,ASW,CE,Federal Contract Tower,4,0,3,4,11,0,0,17,0,17,4,0,20,4,28,20,0,20,48
02/06/2018,LAW,OK,ASW,CE,Federal Contract Tower,4,0,8,5,17,0,0,4,0,4,4,0,12,5,21,0,0,0,21
02/07/2018,LAW,OK,ASW,CE,Federal Contract Tower,4,0,14,0,18,0,0,9,0,9,4,0,23,0,27,0,0,0,27
02/08/2018,LAW,OK,ASW,CE,Federal Contract Tower,4,0,6,0,10,0,0,19,0,19,4,0,25,0,29,0,0,0,29
02/09/2018,LAW,OK,ASW,CE,Federal Contract Tower,0,4,6,6,16,0,0,5,4,9,0,4,11,10,25,0,36,36,61
02/10/2018,LAW,OK,ASW,CE,Federal Contract Tower,4,2,0,0,6,0,0,0,0,0,4,2,0,0,6,0,0,0,6
02/11/2018,LAW,OK,ASW,CE,Federal Contract Tower,4,0,2,0,6,0,0,10,0,10,4,0,12,0,16,0,0,0,16
02/12/2018,LAW,OK,ASW,CE,Federal Contract Tower,4,0,3,0,7,0,0,11,0,11,4,0,14,0,18,0,0,0,18
02/13/2018,LAW,OK,ASW,CE,Federal Contract Tower,4,0,10,0,14,0,0,10,0,10,4,0,20,0,24,0,0,0,24
02/14/2018,LAW,OK,ASW,CE,Federal Contract Tower,4,0,30,0,34,0,0,14,0,14,4,0,44,0,48,0,0,0,48
02/15/2018,LAW,OK,ASW,CE,Federal Contract Tower,6,0,22,2,30,0,0,12,0,12,6,0,34,2,42,0,0,0,42
02/16/2018,LAW,OK,ASW,CE,Federal Contract Tower,6,0,4,4,14,0,0,4,4,8,6,0,8,8,22,0,6,6,28
02/17/2018,LAW,OK,ASW,CE,Federal Contract Tower,6,0,14,0,20,0,0,22,0,22,6,0,36,0,42,22,0,22,64
02/18/2018,LAW,OK,ASW,CE,Federal Contract Tower,6,0,1,0,7,0,0,3,0,3,6,0,4,0,10,0,0,0,10
02/19/2018,LAW,OK,ASW,CE,Federal Contract Tower,6,0,26,0,32,0,0,8,0,8,6,0,34,0,40,0,0,0,40
02/20/2018,LAW,OK,ASW,CE,Federal Contract Tower,2,0,14,0,16,0,0,2,0,2,2,0,16,0,18,0,0,0,18
02/21/2018,LAW,OK,ASW,CE,Federal Contract Tower,1,0,0,0,1,0,0,0,0,0,1,0,0,0,1,0,0,0,1
02/22/2018,LAW,OK,ASW,CE,Federal Contract Tower,1,0,1,0,2,0,0,0,0,0,1,0,1,0,2,0,0,0,2
02/23/2018,LAW,OK,ASW,CE,Federal Contract Tower,6,0,0,0,6,0,0,0,0,0,6,0,0,0,6,0,0,0,6
02/24/2018,LAW,OK,ASW,CE,Federal Contract Tower,0,6,11,0,17,0,0,5,0,5,0,6,16,0,22,0,0,0,22
02/25/2018,LAW,OK,ASW,CE,Federal Contract Tower,6,0,20,0,26,0,0,16,4,20,6,0,36,4,46,22,0,22,68
02/26/2018,LAW,OK,ASW,CE,Federal Contract Tower,6,0,6,0,12,0,0,5,4,9,6,0,11,4,21,0,0,0,21
02/27/2018,LAW,OK,ASW,CE,Federal Contract Tower,6,0,3,0,9,0,0,0,0,0,6,0,3,0,9,0,0,0,9
02/28/2018,LAW,OK,ASW,CE,Federal Contract Tower,6,0,13,21,40,0,0,10,0,10,6,0,23,21,50,0,0,0,50
03/01/2018,LAW,OK,ASW,CE,Federal Contract Tower,6,0,5,60,71,0,0,9,0,9,6,0,14,60,80,8,8,16,96
03/02/2018,LAW,OK,ASW,CE,Federal Contract Tower,6,0,13,80,99,0,0,31,4,35,6,0,44,84,134,0,24,24,158
03/03/2018,LAW,OK,ASW,CE,Federal Contract Tower,0,6,3,1,10,0,0,45,0,45,0,6,48,1,55,36,0,36,91
03/04/2018,LAW,OK,ASW,CE,Federal Contract Tower,1,0,28,0,29,0,0,0,0,0,1,0,28,0,29,0,0,0,29
03/05/2018,LAW,OK,ASW,CE,Federal Contract Tower,4,0,2,80,86,0,0,3,9,12,4,0,5,89,98,0,8,8,106
03/06/2018,LAW,OK,ASW,CE,Federal Contract Tower,5,2,4,102,113,0,0,38,1,39,5,2,42,103,152,0,0,0,152
03/07/2018,LAW,OK,ASW,CE,Federal Contract Tower,6,0,5,118,129,0,0,11,0,11,6,0,16,118,140,10,0,10,150
03/08/2018,LAW,OK,ASW,CE,Federal Contract Tower,6,0,9,84,99,0,0,18,0,18,6,0,27,84,117,10,4,14,131
03/09/2018,LAW,OK,ASW,CE,Federal Contract Tower,6,0,13,60,79,0,0,0,10,10,6,0,13,70,89,0,0,0,89
03/10/2018,LAW,OK,ASW,CE,Federal Contract Tower,4,0,3,0,7,0,0,17,0,17,4,0,20,0,24,24,0,24,48
03/11/2018,LAW,OK,ASW,CE,Federal Contract Tower,4,0,7,34,45,0,0,0,0,0,4,0,7,34,45,0,0,0,45
03/12/2018,LAW,OK,ASW,CE,Federal Contract Tower,4,0,1,148,153,0,0,17,0,17,4,0,18,148,170,0,0,0,170
03/13/2018,LAW,OK,ASW,CE,Federal Contract Tower,4,0,2,122,128,0,0,28,0,28,4,0,30,122,156,6,8,14,170
03/14/2018,LAW,OK,ASW,CE,Federal Contract Tower,4,0,4,80,88,0,0,21,0,21,4,0,25,80,109,18,0,18,127
03/15/2018,LAW,OK,ASW,CE,Federal Contract Tower,4,0,2,82,88,0,0,15,2,17,4,0,17,84,105,6,0,6,111
03/16/2018,LAW,OK,ASW,CE,Federal Contract Tower,0,6,0,29,35,0,0,5,4,9,0,6,5,33,44,0,0,0,44
03/17/2018,LAW,OK,ASW,CE,Federal Contract Tower,0,4,10,0,14,0,0,34,0,34,0,4,44,0,48,28,0,28,76
03/18/2018,LAW,OK,ASW,CE,Federal Contract Tower,4,0,5,0,9,0,0,6,0,6,4,0,11,0,15,42,0,42,57
03/19/2018,LAW,OK,ASW,CE,Federal Contract Tower,7,0,0,108,115,0,0,5,0,5,7,0,5,108,120,0,0,0,120
03/20/2018,LAW,OK,ASW,CE,Federal Contract Tower,4,0,0,90,94,0,0,13,0,13,4,0,13,90,107,0,0,0,107
03/21/2018,LAW,OK,ASW,CE,Federal Contract Tower,4,0,1,94,99,0,0,28,0,28,4,0,29,94,127,22,0,22,149
03/22/2018,LAW,OK,ASW,CE,Federal Contract Tower,4,0,1,122,127,0,0,14,2,16,4,0,15,124,143,0,0,0,143
03/23/2018,LAW,OK,ASW,CE,Federal Contract Tower,5,0,12,65,82,0,0,15,0,15,5,0,27,65,97,10,0,10,107
03/24/2018,LAW,OK,ASW,CE,Federal Contract Tower,4,0,1,0,5,0,0,18,0,18,4,0,19,0,23,8,0,8,31
03/25/2018,LAW,OK,ASW,CE,Federal Contract Tower,4,0,1,7,12,0,0,13,0,13,4,0,14,7,25,22,0,22,47
03/26/2018,LAW,OK,ASW,CE,Federal Contract Tower,5,3,0,52,60,0,0,1,0,1,5,3,1,52,61,0,0,0,61
03/27/2018,LAW,OK,ASW,CE,Federal Contract Tower,0,5,6,16,27,0,0,0,0,0,0,5,6,16,27,0,0,0,27
03/28/2018,LAW,OK,ASW,CE,Federal Contract Tower,4,0,7,100,111,0,0,1,0,1,4,0,8,100,112,0,0,0,112
03/29/2018,LAW,OK,ASW,CE,Federal Contract Tower,4,0,12,37,53,0,0,18,0,18,4,0,30,37,71,0,0,0,71
03/30/2018,LAW,OK,ASW,CE,Federal Contract Tower,5,0,9,39,53,0,0,24,0,24,5,0,33,39,77,14,0,14,91
03/31/2018,LAW,OK,ASW,CE,Federal Contract Tower,4,0,4,0,8,0,0,24,0,24,4,0,28,0,32,0,0,0,32
04/01/2018,LAW,OK,ASW,CE,Federal Contract Tower,4,0,0,3,7,0,0,7,0,7,4,0,7,3,14,0,0,0,14
04/02/2018,LAW,OK,ASW,CE,Federal Contract Tower,4,0,1,156,161,0,0,3,0,3,4,0,4,156,164,0,0,0,164
04/03/2018,LAW,OK,ASW,CE,Federal Contract Tower,5,1,2,58,66,0,0,3,0,3,5,1,5,58,69,0,0,0,69
04/04/2018,LAW,OK,ASW,CE,Federal Contract Tower,6,0,17,90,113,0,0,25,0,25,6,0,42,90,138,36,0,36,174
04/05/2018,LAW,OK,ASW,CE,Federal Contract Tower,6,0,1,42,49,0,0,15,0,15,6,0,16,42,64,14,0,14,78
04/06/2018,LAW,OK,ASW,CE,Federal Contract Tower,0,6,0,54,60,0,0,5,0,5,0,6,5,54,65,0,0,0,65
04/07/2018,LAW,OK,ASW,CE,Federal Contract Tower,5,0,0,0,5,0,0,5,0,5,5,0,5,0,10,0,0,0,10
04/08/2018,LAW,OK,ASW,CE,Federal Contract Tower,6,0,9,0,15,0,0,5,0,5,6,0,14,0,20,34,0,34,54
04/09/2018,LAW,OK,ASW,CE,Federal Contract Tower,6,0,1,94,101,0,0,9,0,9,6,0,10,94,110,8,0,8,118
04/10/2018,LAW,OK,ASW,CE,Federal Contract Tower,6,0,1,72,79,0,0,9,0,9,6,0,10,72,88,0,0,0,88
04/11/2018,LAW,OK,ASW,CE,Federal Contract Tower,6,0,0,102,108,0,0,10,0,10,6,0,10,102,118,0,0,0,118
04/12/2018,LAW,OK,ASW,CE,Federal Contract Tower,6,0,2,102,110,0,0,3,0,3,6,0,5,102,113,0,0,0,113
04/13/2018,LAW,OK,ASW,CE,Federal Contract Tower,10,0,3,12,25,0,0,6,2,8,10,0,9,14,33,0,0,0,33
04/14/2018,LAW,OK,ASW,CE,Federal Contract Tower,4,0,1,0,5,0,0,5,0,5,4,0,6,0,10,0,0,0,10
04/15/2018,LAW,OK,ASW,CE,Federal Contract Tower,6,0,3,4,13,0,0,9,1,10,6,0,12,5,23,20,0,20,43
04/16/2018,LAW,OK,ASW,CE,Federal Contract Tower,6,1,8,78,93,0,0,10,0,10,6,1,18,78,103,0,0,0,103
04/17/2018,LAW,OK,ASW,CE,Federal Contract Tower,6,0,0,34,40,0,0,4,0,4,6,0,4,34,44,0,0,0,44
04/18/2018,LAW,OK,ASW,CE,Federal Contract Tower,6,0,3,94,103,0,0,10,0,10,6,0,13,94,113,0,0,0,113
04/19/2018,LAW,OK,ASW,CE,Federal Contract Tower,6,0,1,32,39,0,0,10,0,10,6,0,11,32,49,10,0,10,59
04/20/2018,LAW,OK,ASW,CE,Federal Contract Tower,0,6,7,56,69,0,0,5,0,5,0,6,12,56,74,8,0,8,82
04/21/2018,LAW,OK,ASW,CE,Federal Contract Tower,5,0,2,0,7,0,0,1,0,1,5,0,3,0,8,0,0,0,8
04/22/2018,LAW,OK,ASW,CE,Federal Contract Tower,6,0,14,0,20,0,0,5,0,5,6,0,19,0,25,16,0,16,41
04/23/2018,LAW,OK,ASW,CE,Federal Contract Tower,6,0,8,92,106,0,0,5,0,5,6,0,13,92,111,0,0,0,111
04/24/2018,LAW,OK,ASW,CE,Federal Contract Tower,6,0,11,44,61,0,0,24,0,24,6,0,35,44,85,6,0,6,91
04/26/2018,LAW,OK,ASW,CE,Federal Contract Tower,6,0,5,118,129,0,0,8,0,8,6,0,13,118,137,0,0,0,137
04/27/2018,LAW,OK,ASW,CE,Federal Contract Tower,6,0,1,60,67,0,0,8,0,8,6,0,9,60,75,0,0,0,75
04/28/2018,LAW,OK,ASW,CE,Federal Contract Tower,0,4,7,0,11,0,0,26,0,26,0,4,33,0,37,20,0,20,57
04/29/2018,LAW,OK,ASW,CE,Federal Contract Tower,6,0,8,0,14,0,0,4,0,4,6,0,12,0,18,14,0,14,32
04/30/2018,LAW,OK,ASW,CE,Federal Contract Tower,6,0,0,71,77,0,0,4,0,4,6,0,4,71,81,0,0,0,81
05/01/2018,LAW,OK,ASW,CE,Federal Contract Tower,5,0,7,14,26,0,0,5,0,5,5,0,12,14,31,0,0,0,31
05/02/2018,LAW,OK,ASW,CE,Federal Contract Tower,6,0,7,93,106,0,0,4,0,4,6,0,11,93,110,0,0,0,110
05/03/2018,LAW,OK,ASW,CE,Federal Contract Tower,4,0,10,114,128,0,0,6,0,6,4,0,16,114,134,0,0,0,134
05/04/2018,LAW,OK,ASW,CE,Federal Contract Tower,6,0,17,84,107,0,0,22,2,24,6,0,39,86,131,6,0,6,137
05/05/2018,LAW,OK,ASW,CE,Federal Contract Tower,0,6,12,0,18,0,0,25,3,28,0,6,37,3,46,8,0,8,54
05/06/2018,LAW,OK,ASW,CE,Federal Contract Tower,6,0,20,0,26,0,0,23,4,27,6,0,43,4,53,14,0,14,67
05/07/2018,LAW,OK,ASW,CE,Federal Contract Tower,6,0,4,52,62,0,0,12,0,12,6,0,16,52,74,20,0,20,94
05/08/2018,LAW,OK,ASW,CE,Federal Contract Tower,6,0,0,50,56,0,0,7,0,7,6,0,7,50,63,0,0,0,63
05/09/2018,LAW,OK,ASW,CE,Federal Contract Tower,6,0,10,58,74,0,0,15,6,21,6,0,25,64,95,10,0,10,105
05/10/2018,LAW,OK,ASW,CE,Federal Contract Tower,6,0,2,28,36,0,0,7,0,7,6,0,9,28,43,16,0,16,59
05/11/2018,LAW,OK,ASW,CE,Federal Contract Tower,6,0,5,0,11,0,0,8,0,8,6,0,13,0,19,0,0,0,19
05/12/2018,LAW,OK,ASW,CE,Federal Contract Tower,6,0,2,0,8,0,0,12,0,12,6,0,14,0,20,0,0,0,20
05/13/2018,LAW,OK,ASW,CE,Federal Contract Tower,6,0,8,0,14,0,0,5,0,5,6,0,13,0,19,12,0,12,31
05/14/2018,LAW,OK,ASW,CE,Federal Contract Tower,6,0,0,56,62,0,0,5,0,5,6,0,5,56,67,20,0,20,87
05/15/2018,LAW,OK,ASW,CE,Federal Contract Tower,8,0,4,57,69,0,0,6,0,6,8,0,10,57,75,0,0,0,75
05/16/2018,LAW,OK,ASW,CE,Federal Contract Tower,6,0,3,41,50,0,0,16,4,20,6,0,19,45,70,0,0,0,70
05/18/2018,LAW,OK,ASW,CE,Federal Contract Tower,6,0,2,22,30,0,0,10,2,12,6,0,12,24,42,0,16,16,58
05/19/2018,LAW,OK,ASW,CE,Federal Contract Tower,6,0,1,0,7,0,0,11,0,11,6,0,12,0,18,0,0,0,18
05/20/2018,LAW,OK,ASW,CE,Federal Contract Tower,4,0,0,0,4,0,0,6,0,6,4,0,6,0,10,0,0,0,10
05/21/2018,LAW,OK,ASW,CE,Federal Contract Tower,7,0,11,29,47,0,0,6,0,6,7,0,17,29,53,2,0,2,55
05/22/2018,LAW,OK,ASW,CE,Federal Contract Tower,6,0,11,24,41,0,0,10,0,10,6,0,21,24,51,0,8,8,59
05/23/2018,LAW,OK,ASW,CE,Federal Contract Tower,6,0,6,30,42,0,0,18,0,18,6,0,24,30,60,6,0,6,66
05/24/2018,LAW,OK,ASW,CE,Federal Contract Tower,6,0,4,18,28,0,0,8,0,8,6,0,12,18,36,10,0,10,46
05/25/2018,LAW,OK,ASW,CE,Federal Contract Tower,6,0,6,0,12,0,0,6,0,6,6,0,12,0,18,0,0,0,18
05/26/2018,LAW,OK,ASW,CE,Federal Contract Tower,8,0,1,0,9,0,0,15,0,15,8,0,16,0,24,20,0,20,44
05/27/2018,LAW,OK,ASW,CE,Federal Contract Tower,6,0,8,0,14,0,0,12,0,12,6,0,20,0,26,0,0,0,26
05/28/2018,LAW,OK,ASW,CE,Federal Contract Tower,5,1,0,0,6,0,0,9,0,9,5,1,9,0,15,0,0,0,15
05/29/2018,LAW,OK,ASW,CE,Federal Contract Tower,6,1,2,50,59,0,0,6,0,6,6,1,8,50,65,0,0,0,65
05/30/2018,LAW,OK,ASW,CE,Federal Contract Tower,6,0,5,30,41,0,0,14,0,14,6,0,19,30,55,8,0,8,63
05/31/2018,LAW,OK,ASW,CE,Federal Contract Tower,6,0,8,36,50,0,0,19,0,19,6,0,27,36,69,0,0,0,69
06/01/2018,LAW,OK,ASW,CE,Federal Contract Tower,6,0,2,10,18,0,0,10,18,28,6,0,12,28,46,16,0,16,62
06/02/2018,LAW,OK,ASW,CE,Federal Contract Tower,6,0,3,0,9,0,0,12,0,12,6,0,15,0,21,10,0,10,31
06/03/2018,LAW,OK,ASW,CE,Federal Contract Tower,6,0,7,0,13,0,0,9,15,24,6,0,16,15,37,0,10,10,47
06/04/2018,LAW,OK,ASW,CE,Federal Contract Tower,6,0,4,41,51,0,0,9,4,13,6,0,13,45,64,6,10,16,80
06/05/2018,LAW,OK,ASW,CE,Federal Contract Tower,6,0,7,30,43,0,0,14,6,20,6,0,21,36,63,6,4,10,73
06/06/2018,LAW,OK,ASW,CE,Federal Contract Tower,6,0,18,52,76,0,0,10,0,10,6,0,28,52,86,12,0,12,98
06/07/2018,LAW,OK,ASW,CE,Federal Contract Tower,6,0,0,48,54,0,0,2,12,14,6,0,2,60,68,0,0,0,68
06/08/2018,LAW,OK,ASW,CE,Federal Contract Tower,6,0,0,28,34,0,0,13,8,21,6,0,13,36,55,0,12,12,67
06/09/2018,LAW,OK,ASW,CE,Federal Contract Tower,6,0,0,4,10,0,0,24,0,24,6,0,24,4,34,0,0,0,34
06/10/2018,LAW,OK,ASW,CE,Federal Contract Tower,5,0,1,8,14,0,0,11,4,15,5,0,12,12,29,6,4,10,39
06/11/2018,LAW,OK,ASW,CE,Federal Contract Tower,6,0,2,18,26,0,0,4,2,6,6,0,6,20,32,0,14,14,46
06/12/2018,LAW,OK,ASW,CE,Federal Contract Tower,6,0,2,20,28,0,0,8,0,8,6,0,10,20,36,0,0,0,36
06/13/2018,LAW,OK,ASW,CE,Federal Contract Tower,6,0,3,36,45,0,0,7,8,15,6,0,10,44,60,0,0,0,60
06/14/2018,LAW,OK,ASW,CE,Federal Contract Tower,6,0,3,34,43,0,0,13,4,17,6,0,16,38,60,0,0,0,60
06/15/2018,LAW,OK,ASW,CE,Federal Contract Tower,4,0,2,54,60,0,0,7,0,7,4,0,9,54,67,0,12,12,79
06/16/2018,LAW,OK,ASW,CE,Federal Contract Tower,4,0,3,0,7,0,0,26,0,26,4,0,29,0,33,10,0,10,43
06/17/2018,LAW,OK,ASW,CE,Federal Contract Tower,6,0,4,8,18,0,0,13,4,17,6,0,17,12,35,22,0,22,57
06/18/2018,LAW,OK,ASW,CE,Federal Contract Tower,6,0,4,46,56,0,0,18,0,18,6,0,22,46,74,0,0,0,74
06/19/2018,LAW,OK,ASW,CE,Federal Contract Tower,5,0,22,30,57,0,0,5,0,5,5,0,27,30,62,8,0,8,70
06/20/2018,LAW,OK,ASW,CE,Federal Contract Tower,6,0,18,44,68,0,0,7,6,13,6,0,25,50,81,0,10,10,91
06/21/2018,LAW,OK,ASW,CE,Federal Contract Tower,6,0,15,70,91,0,0,17,0,17,6,0,32,70,108,0,0,0,108
06/22/2018,LAW,OK,ASW,CE,Federal Contract Tower,6,0,1,60,67,0,0,3,10,13,6,0,4,70,80,0,0,0,80
06/23/2018,LAW,OK,ASW,CE,Federal Contract Tower,6,0,1,0,7,0,0,12,0,12,6,0,13,0,19,12,0,12,31
06/24/2018,LAW,OK,ASW,CE,Federal Contract Tower,6,0,2,10,18,0,0,7,0,7,6,0,9,10,25,0,0,0,25
06/25/2018,LAW,OK,ASW,CE,Federal Contract Tower,6,0,2,61,69,0,0,11,2,13,6,0,13,63,82,0,0,0,82
06/26/2018,LAW,OK,ASW,CE,Federal Contract Tower,6,1,14,108,129,0,0,15,6,21,6,1,29,114,150,8,8,16,166
06/27/2018,LAW,OK,ASW,CE,Federal Contract Tower,6,0,8,88,102,0,0,13,4,17,6,0,21,92,119,4,0,4,123
06/28/2018,LAW,OK,ASW,CE,Federal Contract Tower,6,0,8,92,106,0,0,4,4,8,6,0,12,96,114,0,0,0,114
06/29/2018,LAW,OK,ASW,CE,Federal Contract Tower,6,0,6,48,60,0,0,4,22,26,6,0,10,70,86,0,0,0,86
06/30/2018,LAW,OK,ASW,CE,Federal Contract Tower,6,0,1,0,7,0,0,6,10,16,6,0,7,10,23,0,0,0,23
07/01/2018,LAW,OK,ASW,CE,Federal Contract Tower,6,0,10,0,16,0,0,12,4,16,6,0,22,4,32,4,0,4,36
07/02/2018,LAW,OK,ASW,CE,Federal Contract Tower,6,0,2,28,36,0,0,12,4,16,6,0,14,32,52,16,0,16,68
07/03/2018,LAW,OK,ASW,CE,Federal Contract Tower,5,0,6,39,50,0,0,10,1,11,5,0,16,40,61,0,0,0,61
07/04/2018,LAW,OK,ASW,CE,Federal Contract Tower,6,0,2,0,8,0,0,8,0,8,6,0,10,0,16,0,0,0,16
07/05/2018,LAW,OK,ASW,CE,Federal Contract Tower,5,0,0,0,5,0,0,5,8,13,5,0,5,8,18,0,0,0,18
07/06/2018,LAW,OK,ASW,CE,Federal Contract Tower,4,0,3,2,9,0,0,16,0,16,4,0,19,2,25,0,0,0,25
07/07/2018,LAW,OK,ASW,CE,Federal Contract Tower,8,0,4,0,12,0,0,13,0,13,8,0,17,0,25,12,0,12,37
07/08/2018,LAW,OK,ASW,CE,Federal Contract Tower,6,0,2,1,9,0,0,12,0,12,6,0,14,1,21,10,0,10,31
07/09/2018,LAW,OK,ASW,CE,Federal Contract Tower,5,0,0,60,65,0,0,0,0,0,5,0,0,60,65,0,0,0,65
07/10/2018,LAW,OK,ASW,CE,Federal Contract Tower,9,0,8,44,61,0,0,9,2,11,9,0,17,46,72,12,0,12,84
07/11/2018,LAW,OK,ASW,CE,Federal Contract Tower,4,0,5,22,31,0,0,11,0,11,4,0,16,22,42,0,0,0,42
07/12/2018,LAW,OK,ASW,CE,Federal Contract Tower,8,0,10,60,78,0,0,9,0,9,8,0,19,60,87,2,0,2,89
07/13/2018,LAW,OK,ASW,CE,Federal Contract Tower,6,0,4,36,46,0,0,5,1,6,6,0,9,37,52,0,0,0,52
07/14/2018,LAW,OK,ASW,CE,Federal Contract Tower,6,0,14,0,20,0,0,19,0,19,6,0,33,0,39,0,0,0,39
07/15/2018,LAW,OK,ASW,CE,Federal Contract Tower,6,0,0,0,6,0,0,14,2,16,6,0,14,2,22,0,0,0,22
07/16/2018,LAW,OK,ASW,CE,Federal Contract Tower,6,0,4,4,14,0,0,3,2,5,6,0,7,6,19,0,0,0,19
07/17/2018,LAW,OK,ASW,CE,Federal Contract Tower,6,0,0,8,14,0,0,13,6,19,6,0,13,14,33,0,12,12,45
07/18/2018,LAW,OK,ASW,CE,Federal Contract Tower,6,0,4,26,36,0,0,6,4,10,6,0,10,30,46,0,0,0,46
07/19/2018,LAW,OK,ASW,CE,Federal Contract Tower,6,0,1,14,21,0,0,10,0,10,6,0,11,14,31,0,0,0,31
07/20/2018,LAW,OK,ASW,CE,Federal Contract Tower,6,0,2,10,18,0,0,4,0,4,6,0,6,10,22,0,0,0,22
07/21/2018,LAW,OK,ASW,CE,Federal Contract Tower,6,0,2,0,8,0,0,9,0,9,6,0,11,0,17,0,0,0,17
07/22/2018,LAW,OK,ASW,CE,Federal Contract Tower,6,0,0,0,6,0,0,3,2,5,6,0,3,2,11,0,0,0,11
07/24/2018,LAW,OK,ASW,CE,Federal Contract Tower,6,0,6,26,38,0,0,14,8,22,6,0,20,34,60,2,12,14,74
07/25/2018,LAW,OK,ASW,CE,Federal Contract Tower,6,0,9,32,47,0,0,10,6,16,6,0,19,38,63,0,0,0,63
07/26/2018,LAW,OK,ASW,CE,Federal Contract Tower,6,0,0,20,26,0,0,8,2,10,6,0,8,22,36,0,6,6,42
07/27/2018,LAW,OK,ASW,CE,Federal Contract Tower,6,0,0,50,56,0,0,12,10,22,6,0,12,60,78,0,20,20,98
07/28/2018,LAW,OK,ASW,CE,Federal Contract Tower,6,0,3,0,9,0,0,10,0,10,6,0,13,0,19,0,0,0,19
07/30/2018,LAW,OK,ASW,CE,Federal Contract Tower,7,0,0,60,67,0,0,4,0,4,7,0,4,60,71,8,0,8,79
07/31/2018,LAW,OK,ASW,CE,Federal Contract Tower,6,1,3,82,92,0,0,6,0,6,6,1,9,82,98,0,0,0,98
08/01/2018,LAW,OK,ASW,CE,Federal Contract Tower,6,0,9,34,49,0,0,14,0,14,6,0,23,34,63,0,0,0,63
08/02/2018,LAW,OK,ASW,CE,Federal Contract Tower,6,0,9,130,145,0,0,23,0,23,6,0,32,130,168,0,0,0,168
08/03/2018,LAW,OK,ASW,CE,Federal Contract Tower,6,0,11,128,145,0,0,7,4,11,6,0,18,132,156,4,0,4,160
08/04/2018,LAW,OK,ASW,CE,Federal Contract Tower,6,0,0,0,6,0,0,11,0,11,6,0,11,0,17,0,0,0,17
08/05/2018,LAW,OK,ASW,CE,Federal Contract Tower,7,0,2,0,9,0,0,13,1,14,7,0,15,1,23,10,6,16,39
08/06/2018,LAW,OK,ASW,CE,Federal Contract Tower,0,6,1,108,115,0,0,3,0,3,0,6,4,108,118,0,0,0,118
08/07/2018,LAW,OK,ASW,CE,Federal Contract Tower,6,0,11,56,73,0,0,17,0,17,6,0,28,56,90,0,0,0,90
08/08/2018,LAW,OK,ASW,CE,Federal Contract Tower,8,0,15,62,85,0,0,10,0,10,8,0,25,62,95,0,0,0,95
08/09/2018,LAW,OK,ASW,CE,Federal Contract Tower,8,0,13,34,55,0,0,5,0,5,8,0,18,34,60,12,0,12,72
08/10/2018,LAW,OK,ASW,CE,Federal Contract Tower,5,0,5,8,18,0,0,8,0,8,5,0,13,8,26,10,0,10,36
08/11/2018,LAW,OK,ASW,CE,Federal Contract Tower,7,0,8,0,15,0,0,16,0,16,7,0,24,0,31,24,0,24,55
08/12/2018,LAW,OK,ASW,CE,Federal Contract Tower,6,0,4,5,15,0,0,5,0,5,6,0,9,5,20,26,0,26,46
08/13/2018,LAW,OK,ASW,CE,Federal Contract Tower,4,0,1,72,77,0,0,1,0,1,4,0,2,72,78,0,0,0,78
08/14/2018,LAW,OK,ASW,CE,Federal Contract Tower,7,0,4,12,23,0,0,6,0,6,7,0,10,12,29,0,0,0,29
08/15/2018,LAW,OK,ASW,CE,Federal Contract Tower,6,0,5,20,31,0,0,5,2,7,6,0,10,22,38,0,10,10,48
08/16/2018,LAW,OK,ASW,CE,Federal Contract Tower,6,0,4,20,30,0,0,7,0,7,6,0,11,20,37,0,0,0,37
08/17/2018,LAW,OK,ASW,CE,Federal Contract Tower,6,0,6,44,56,0,0,8,12,20,6,0,14,56,76,0,0,0,76
08/18/2018,LAW,OK,ASW,CE,Federal Contract Tower,5,0,1,0,6,0,0,36,0,36,5,0,37,0,42,10,0,10,52
08/19/2018,LAW,OK,ASW,CE,Federal Contract Tower,6,0,0,0,6,0,0,8,13,21,6,0,8,13,27,36,10,46,73
08/20/2018,LAW,OK,ASW,CE,Federal Contract Tower,6,0,1,35,42,0,0,11,0,11,6,0,12,35,53,0,0,0,53
08/21/2018,LAW,OK,ASW,CE,Federal Contract Tower,6,0,18,40,64,0,0,5,0,5,6,0,23,40,69,2,0,2,71
08/22/2018,LAW,OK,ASW,CE,Federal Contract Tower,6,0,31,24,61,0,0,9,0,9,6,0,40,24,70,10,0,10,80
08/23/2018,LAW,OK,ASW,CE,Federal Contract Tower,6,0,18,16,40,0,0,11,0,11,6,0,29,16,51,10,0,10,61
08/24/2018,LAW,OK,ASW,CE,Federal Contract Tower,6,0,10,24,40,0,0,5,8,13,6,0,15,32,53,0,0,0,53
08/25/2018,LAW,OK,ASW,CE,Federal Contract Tower,5,0,3,0,8,0,0,18,0,18,5,0,21,0,26,26,0,26,52
08/26/2018,LAW,OK,ASW,CE,Federal Contract Tower,5,0,8,11,24,0,0,10,13,23,5,0,18,24,47,0,0,0,47
08/27/2018,LAW,OK,ASW,CE,Federal Contract Tower,5,0,0,92,97,0,0,6,0,6,5,0,6,92,103,0,0,0,103
08/28/2018,LAW,OK,ASW,CE,Federal Contract Tower,6,1,3,50,60,0,0,4,10,14,6,1,7,60,74,0,0,0,74
08/29/2018,LAW,OK,ASW,CE,Federal Contract Tower,6,0,4,36,46,0,0,2,2,4,6,0,6,38,50,0,2,2,52
08/30/2018,LAW,OK,ASW,CE,Federal Contract Tower,6,0,16,26,48,0,0,12,0,12,6,0,28,26,60,12,0,12,72
08/31/2018,LAW,OK,ASW,CE,Federal Contract Tower,6,0,8,0,14,0,0,19,0,19,6,0,27,0,33,0,0,0,33
09/01/2018,LAW,OK,ASW,CE,Federal Contract Tower,13,0,0,0,13,0,0,9,0,9,13,0,9,0,22,0,0,0,22
09/02/2018,LAW,OK,ASW,CE,Federal Contract Tower,5,2,0,0,7,0,0,7,0,7,5,2,7,0,14,0,0,0,14
09/03/2018,LAW,OK,ASW,CE,Federal Contract Tower,7,0,1,0,8,0,0,2,0,2,7,0,3,0,10,0,0,0,10
09/04/2018,LAW,OK,ASW,CE,Federal Contract Tower,5,0,0,48,53,0,0,0,0,0,5,0,0,48,53,0,0,0,53
09/05/2018,LAW,OK,ASW,CE,Federal Contract Tower,6,0,10,22,38,0,0,3,0,3,6,0,13,22,41,0,10,10,51
09/06/2018,LAW,OK,ASW,CE,Federal Contract Tower,4,0,6,135,145,0,0,9,0,9,4,0,15,135,154,0,0,0,154
09/07/2018,LAW,OK,ASW,CE,Federal Contract Tower,4,0,1,18,23,0,0,0,0,0,4,0,1,18,23,0,0,0,23
09/08/2018,LAW,OK,ASW,CE,Federal Contract Tower,5,0,1,0,6,0,0,4,0,4,5,0,5,0,10,0,0,0,10
09/09/2018,LAW,OK,ASW,CE,Federal Contract Tower,5,0,4,0,9,0,0,0,0,0,5,0,4,0,9,0,0,0,9
09/10/2018,LAW,OK,ASW,CE,Federal Contract Tower,6,2,7,14,29,0,0,5,14,19,6,2,12,28,48,0,0,0,48
09/11/2018,LAW,OK,ASW,CE,Federal Contract Tower,6,0,6,8,20,0,0,5,0,5,6,0,11,8,25,0,0,0,25
09/12/2018,LAW,OK,ASW,CE,Federal Contract Tower,6,0,6,40,52,0,0,11,14,25,6,0,17,54,77,10,4,14,91
09/13/2018,LAW,OK,ASW,CE,Federal Contract Tower,6,0,9,54,69,0,0,3,8,11,6,0,12,62,80,0,0,0,80
09/14/2018,LAW,OK,ASW,CE,Federal Contract Tower,5,0,6,24,35,0,0,2,0,2,5,0,8,24,37,0,0,0,37
09/15/2018,LAW,OK,ASW,CE,Federal Contract Tower,5,0,0,0,5,0,0,8,0,8,5,0,8,0,13,0,0,0,13
09/16/2018,LAW,OK,ASW,CE,Federal Contract Tower,5,2,5,3,15,0,0,5,1,6,5,2,10,4,21,0,0,0,21
09/17/2018,LAW,OK,ASW,CE,Federal Contract Tower,5,0,2,19,26,0,0,1,2,3,5,0,3,21,29,0,0,0,29
09/18/2018,LAW,OK,ASW,CE,Federal Contract Tower,6,1,4,33,44,0,0,13,0,13,6,1,17,33,57,10,12,22,79
09/19/2018,LAW,OK,ASW,CE,Federal Contract Tower,7,0,2,50,59,0,0,6,1,7,7,0,8,51,66,0,6,6,72
09/20/2018,LAW,OK,ASW,CE,Federal Contract Tower,5,0,10,38,53,0,0,17,0,17,5,0,27,38,70,0,0,0,70
09/21/2018,LAW,OK,ASW,CE,Federal Contract Tower,7,0,1,32,40,0,0,0,0,0,7,0,1,32,40,0,0,0,40
09/22/2018,LAW,OK,ASW,CE,Federal Contract Tower,4,0,0,0,4,0,0,12,0,12,4,0,12,0,16,0,0,0,16
09/23/2018,LAW,OK,ASW,CE,Federal Contract Tower,5,0,0,0,5,0,0,4,0,4,5,0,4,0,9,6,0,6,15
09/24/2018,LAW,OK,ASW,CE,Federal Contract Tower,8,3,4,96,111,0,0,1,0,1,8,3,5,96,112,0,0,0,112
09/25/2018,LAW,OK,ASW,CE,Federal Contract Tower,4,0,9,38,51,0,0,14,0,14,4,0,23,38,65,0,0,0,65
09/26/2018,LAW,OK,ASW,CE,Federal Contract Tower,6,0,6,26,38,0,0,3,0,3,6,0,9,26,41,0,0,0,41
09/27/2018,LAW,OK,ASW,CE,Federal Contract Tower,6,0,3,32,41,0,0,16,0,16,6,0,19,32,57,0,0,0,57
09/28/2018,LAW,OK,ASW,CE,Federal Contract Tower,6,0,3,14,23,0,0,14,4,18,6,0,17,18,41,6,10,16,57
09/29/2018,LAW,OK,ASW,CE,Federal Contract Tower,5,0,6,0,11,0,0,2,0,2,5,0,8,0,13,0,0,0,13
09/30/2018,LAW,OK,ASW,CE,Federal Contract Tower,1,0,10,0,11,0,0,3,0,3,1,0,13,0,14,6,0,6,20
10/01/2018,LAW,OK,ASW,CE,Federal Contract Tower,7,0,4,14,25,0,0,3,0,3,7,0,7,14,28,0,0,0,28
10/02/2018,LAW,OK,ASW,CE,Federal Contract Tower,6,0,6,24,36,0,0,7,0,7,6,0,13,24,43,0,0,0,43
10/03/2018,LAW,OK,ASW,CE,Federal Contract Tower,6,0,5,16,27,0,0,15,0,15,6,0,20,16,42,0,0,0,42
10/04/2018,LAW,OK,ASW,CE,Federal Contract Tower,6,0,7,14,27,0,0,14,0,14,6,0,21,14,41,0,0,0,41
10/05/2018,LAW,OK,ASW,CE,Federal Contract Tower,6,1,5,16,28,0,0,7,4,11,6,1,12,20,39,0,0,0,39
10/06/2018,LAW,OK,ASW,CE,Federal Contract Tower,5,0,2,0,7,0,0,1,0,1,5,0,3,0,8,0,0,0,8
10/07/2018,LAW,OK,ASW,CE,Federal Contract Tower,4,0,2,0,6,0,0,0,0,0,4,0,2,0,6,0,0,0,6
10/08/2018,LAW,OK,ASW,CE,Federal Contract Tower,4,0,6,4,14,0,0,4,0,4,4,0,10,4,18,0,0,0,18
10/09/2018,LAW,OK,ASW,CE,Federal Contract Tower,4,0,3,14,21,0,0,4,0,4,4,0,7,14,25,0,0,0,25
10/10/2018,LAW,OK,ASW,CE,Federal Contract Tower,6,0,7,30,43,0,0,21,0,21,6,0,28,30,64,0,0,0,64
10/11/2018,LAW,OK,ASW,CE,Federal Contract Tower,6,0,7,50,63,0,0,12,0,12,6,0,19,50,75,0,0,0,75
10/12/2018,LAW,OK,ASW,CE,Federal Contract Tower,8,0,3,72,83,0,0,0,2,2,8,0,3,74,85,0,0,0,85
10/13/2018,LAW,OK,ASW,CE,Federal Contract Tower,3,0,7,0,10,0,0,4,0,4,3,0,11,0,14,6,0,6,20
10/14/2018,LAW,OK,ASW,CE,Federal Contract Tower,4,0,0,0,4,0,0,0,0,0,4,0,0,0,4,0,0,0,4
10/15/2018,LAW,OK,ASW,CE,Federal Contract Tower,6,0,4,52,62,0,0,2,0,2,6,0,6,52,64,0,0,0,64
10/16/2018,LAW,OK,ASW,CE,Federal Contract Tower,8,0,6,62,76,0,0,8,0,8,8,0,14,62,84,34,0,34,118
10/17/2018,LAW,OK,ASW,CE,Federal Contract Tower,6,0,2,56,64,0,0,40,0,40,6,0,42,56,104,0,0,0,104
10/18/2018,LAW,OK,ASW,CE,Federal Contract Tower,6,0,3,54,63,0,0,1,0,1,6,0,4,54,64,0,0,0,64
10/19/2018,LAW,OK,ASW,CE,Federal Contract Tower,5,0,0,64,69,0,0,2,0,2,5,0,2,64,71,0,0,0,71
10/20/2018,LAW,OK,ASW,CE,Federal Contract Tower,5,0,0,0,5,0,0,21,0,21,5,0,21,0,26,6,0,6,32
10/21/2018,LAW,OK,ASW,CE,Federal Contract Tower,5,0,3,1,9,0,0,16,9,25,5,0,19,10,34,12,0,12,46
10/22/2018,LAW,OK,ASW,CE,Federal Contract Tower,6,0,1,64,71,0,0,14,4,18,6,0,15,68,89,10,0,10,99
10/23/2018,LAW,OK,ASW,CE,Federal Contract Tower,6,0,15,52,73,0,0,14,2,16,6,0,29,54,89,4,0,4,93
10/24/2018,LAW,OK,ASW,CE,Federal Contract Tower,6,0,7,41,54,0,0,6,0,6,6,0,13,41,60,0,0,0,60
10/25/2018,LAW,OK,ASW,CE,Federal Contract Tower,6,0,31,94,131,0,0,7,4,11,6,0,38,98,142,14,0,14,156
10/26/2018,LAW,OK,ASW,CE,Federal Contract Tower,6,0,2,10,18,0,0,8,5,13,6,0,10,15,31,4,0,4,35
10/27/2018,LAW,OK,ASW,CE,Federal Contract Tower,5,0,2,0,7,0,0,15,0,15,5,0,17,0,22,28,0,28,50
10/28/2018,LAW,OK,ASW,CE,Federal Contract Tower,5,0,2,0,7,0,0,17,0,17,5,0,19,0,24,0,0,0,24
10/29/2018,LAW,OK,ASW,CE,Federal Contract Tower,8,0,5,30,43,0,0,15,4,19,8,0,20,34,62,0,0,0,62
10/30/2018,LAW,OK,ASW,CE,Federal Contract Tower,6,0,14,20,40,0,0,12,10,22,6,0,26,30,62,14,24,38,100
10/31/2018,LAW,OK,ASW,CE,Federal Contract Tower,5,0,2,60,67,0,0,3,0,3,5,0,5,60,70,0,0,0,70
11/01/2018,LAW,OK,ASW,CE,Federal Contract Tower,6,0,16,50,72,0,0,16,0,16,6,0,32,50,88,0,0,0,88
11/02/2018,LAW,OK,ASW,CE,Federal Contract Tower,6,0,22,20,48,0,0,27,0,27,6,0,49,20,75,8,0,8,83
11/03/2018,LAW,OK,ASW,CE,Federal Contract Tower,5,0,2,2,9,0,0,6,4,10,5,0,8,6,19,0,8,8,27
11/04/2018,LAW,OK,ASW,CE,Federal Contract Tower,4,0,0,2,6,0,0,23,2,25,4,0,23,4,31,20,2,22,53
11/05/2018,LAW,OK,ASW,CE,Federal Contract Tower,6,0,3,64,73,0,0,17,0,17,6,0,20,64,90,6,0,6,96
11/06/2018,LAW,OK,ASW,CE,Federal Contract Tower,6,2,3,54,65,0,0,28,2,30,6,2,31,56,95,0,14,14,109
11/07/2018,LAW,OK,ASW,CE,Federal Contract Tower,6,2,2,70,80,0,0,6,0,6,6,2,8,70,86,0,0,0,86
11/08/2018,LAW,OK,ASW,CE,Federal Contract Tower,6,0,5,118,129,0,0,16,2,18,6,0,21,120,147,10,10,20,167
11/09/2018,LAW,OK,ASW,CE,Federal Contract Tower,7,0,2,40,49,0,0,8,2,10,7,0,10,42,59,10,0,10,69
11/10/2018,LAW,OK,ASW,CE,Federal Contract Tower,0,7,0,0,7,0,0,5,0,5,0,7,5,0,12,0,0,0,12
11/11/2018,LAW,OK,ASW,CE,Federal Contract Tower,4,1,6,2,13,0,0,14,2,16,4,1,20,4,29,8,0,8,37
11/12/2018,LAW,OK,ASW,CE,Federal Contract Tower,5,0,0,0,5,0,0,2,0,2,5,0,2,0,7,0,0,0,7
11/13/2018,LAW,OK,ASW,CE,Federal Contract Tower,6,0,8,0,14,0,0,7,0,7,6,0,15,0,21,0,0,0,21
11/14/2018,LAW,OK,ASW,CE,Federal Contract Tower,4,0,6,55,65,0,0,16,1,17,4,0,22,56,82,8,6,14,96
11/15/2018,LAW,OK,ASW,CE,Federal Contract Tower,8,0,7,30,45,0,0,9,2,11,8,0,16,32,56,0,0,0,56
11/16/2018,LAW,OK,ASW,CE,Federal Contract Tower,6,0,11,70,87,0,0,28,0,28,6,0,39,70,115,0,0,0,115
11/17/2018,LAW,OK,ASW,CE,Federal Contract Tower,5,0,7,0,12,0,0,18,0,18,5,0,25,0,30,4,0,4,34
11/18/2018,LAW,OK,ASW,CE,Federal Contract Tower,4,0,4,0,8,0,0,8,0,8,4,0,12,0,16,14,0,14,30
11/19/2018,LAW,OK,ASW,CE,Federal Contract Tower,6,0,1,34,41,0,0,19,0,19,6,0,20,34,60,4,0,4,64
11/20/2018,LAW,OK,ASW,CE,Federal Contract Tower,7,0,1,64,72,0,0,14,0,14,7,0,15,64,86,0,0,0,86
11/21/2018,LAW,OK,ASW,CE,Federal Contract Tower,7,0,3,44,54,0,0,12,0,12,7,0,15,44,66,0,0,0,66
11/22/2018,LAW,OK,ASW,CE,Federal Contract Tower,2,0,2,0,4,0,0,6,0,6,2,0,8,0,10,12,0,12,22
11/23/2018,LAW,OK,ASW,CE,Federal Contract Tower,3,0,2,0,5,0,0,8,0,8,3,0,10,0,13,0,0,0,13
11/24/2018,LAW,OK,ASW,CE,Federal Contract Tower,6,0,2,0,8,0,0,11,0,11,6,0,13,0,19,0,0,0,19
11/25/2018,LAW,OK,ASW,CE,Federal Contract Tower,6,0,6,0,12,0,0,8,0,8,6,0,14,0,20,0,0,0,20
11/26/2018,LAW,OK,ASW,CE,Federal Contract Tower,6,0,0,50,56,0,0,14,0,14,6,0,14,50,70,0,0,0,70
11/27/2018,LAW,OK,ASW,CE,Federal Contract Tower,4,0,10,40,54,0,0,14,0,14,4,0,24,40,68,0,0,0,68
11/28/2018,LAW,OK,ASW,CE,Federal Contract Tower,6,0,4,26,36,0,0,8,0,8,6,0,12,26,44,0,0,0,44
11/29/2018,LAW,OK,ASW,CE,Federal Contract Tower,6,0,10,26,42,0,0,26,0,26,6,0,36,26,68,0,0,0,68
11/30/2018,LAW,OK,ASW,CE,Federal Contract Tower,8,0,3,44,55,0,0,4,6,10,8,0,7,50,65,0,0,0,65
12/01/2018,LAW,OK,ASW,CE,Federal Contract Tower,5,0,0,0,5,0,0,4,0,4,5,0,4,0,9,0,0,0,9
12/02/2018,LAW,OK,ASW,CE,Federal Contract Tower,4,0,3,0,7,0,0,18,14,32,4,0,21,14,39,16,0,16,55
12/03/2018,LAW,OK,ASW,CE,Federal Contract Tower,6,0,0,28,34,0,0,3,0,3,6,0,3,28,37,0,10,10,47
12/04/2018,LAW,OK,ASW,CE,Federal Contract Tower,6,0,3,54,63,0,0,7,0,7,6,0,10,54,70,0,0,0,70
12/05/2018,LAW,OK,ASW,CE,Federal Contract Tower,6,0,17,0,23,0,0,12,0,12,6,0,29,0,35,0,0,0,35
12/06/2018,LAW,OK,ASW,CE,Federal Contract Tower,6,0,6,72,84,0,0,4,0,4,6,0,10,72,88,0,0,0,88
12/07/2018,LAW,OK,ASW,CE,Federal Contract Tower,6,0,2,0,8,0,0,2,0,2,6,0,4,0,10,0,0,0,10
12/08/2018,LAW,OK,ASW,CE,Federal Contract Tower,5,0,0,0,5,0,0,2,0,2,5,0,2,0,7,0,0,0,7
12/09/2018,LAW,OK,ASW,CE,Federal Contract Tower,4,0,0,0,4,0,0,18,0,18,4,0,18,0,22,10,0,10,32
12/10/2018,LAW,OK,ASW,CE,Federal Contract Tower,6,0,7,52,65,0,0,28,0,28,6,0,35,52,93,8,0,8,101
12/11/2018,LAW,OK,ASW,CE,Federal Contract Tower,6,0,12,52,70,0,0,18,0,18,6,0,30,52,88,0,0,0,88
12/12/2018,LAW,OK,ASW,CE,Federal Contract Tower,6,0,24,72,102,0,0,9,10,19,6,0,33,82,121,0,0,0,121
12/13/2018,LAW,OK,ASW,CE,Federal Contract Tower,4,0,4,0,8,0,0,4,0,4,4,0,8,0,12,0,0,0,12
12/14/2018,LAW,OK,ASW,CE,Federal Contract Tower,6,0,11,52,69,0,0,19,8,27,6,0,30,60,96,0,0,0,96
12/15/2018,LAW,OK,ASW,CE,Federal Contract Tower,5,0,2,0,7,0,0,39,0,39,5,0,41,0,46,20,0,20,66
12/16/2018,LAW,OK,ASW,CE,Federal Contract Tower,4,0,1,8,13,0,0,19,32,51,4,0,20,40,64,24,0,24,88
12/17/2018,LAW,OK,ASW,CE,Federal Contract Tower,6,0,2,30,38,0,0,16,0,16,6,0,18,30,54,4,0,4,58
12/18/2018,LAW,OK,ASW,CE,Federal Contract Tower,6,0,15,24,45,0,0,14,4,18,6,0,29,28,63,0,0,0,63
12/19/2018,LAW,OK,ASW,CE,Federal Contract Tower,4,0,52,0,56,0,0,1,2,3,4,0,53,2,59,0,0,0,59
12/20/2018,LAW,OK,ASW,CE,Federal Contract Tower,4,0,5,24,33,0,0,10,0,10,4,0,15,24,43,0,0,0,43
12/21/2018,LAW,OK,ASW,CE,Federal Contract Tower,5,0,5,37,47,0,0,20,0,20,5,0,25,37,67,0,0,0,67
12/22/2018,LAW,OK,ASW,CE,Federal Contract Tower,4,0,3,2,9,0,0,23,0,23,4,0,26,2,32,17,0,17,49
12/23/2018,LAW,OK,ASW,CE,Federal Contract Tower,4,0,8,0,12,0,0,21,0,21,4,0,29,0,33,20,0,20,53
12/24/2018,LAW,OK,ASW,CE,Federal Contract Tower,2,0,6,0,8,0,0,8,0,8,2,0,14,0,16,0,0,0,16
12/25/2018,LAW,OK,ASW,CE,Federal Contract Tower,8,0,6,0,14,0,0,0,0,0,8,0,6,0,14,0,0,0,14
12/26/2018,LAW,OK,ASW,CE,Federal Contract Tower,4,0,0,0,4,0,0,0,0,0,4,0,0,0,4,0,0,0,4
12/27/2018,LAW,OK,ASW,CE,Federal Contract Tower,4,0,8,0,12,0,0,11,0,11,4,0,19,0,23,0,0,0,23
12/28/2018,LAW,OK,ASW,CE,Federal Contract Tower,4,0,10,0,14,0,0,25,0,25,4,0,35,0,39,18,0,18,57
12/29/2018,LAW,OK,ASW,CE,Federal Contract Tower,4,0,12,0,16,0,0,9,0,9,4,0,21,0,25,0,0,0,25
12/30/2018,LAW,OK,ASW,CE,Federal Contract Tower,4,0,6,0,10,0,0,6,0,6,4,0,12,0,16,10,0,10,26
12/31/2018,LAW,OK,ASW,CE,Federal Contract Tower,2,0,1,2,5,0,0,5,0,5,2,0,6,2,10,0,0,0,10
01/01/2019,LAW,OK,ASW,CE,Federal Contract Tower,2,0,4,0,6,0,0,1,0,1,2,0,5,0,7,0,0,0,7
01/02/2019,LAW,OK,ASW,CE,Federal Contract Tower,4,0,0,0,4,0,0,1,0,1,4,0,1,0,5,0,0,0,5
01/03/2019,LAW,OK,ASW,CE,Federal Contract Tower,0,0,0,0,0,0,0,0,0,0,0,0,0,0,0,0,0,0,0
01/04/2019,LAW,OK,ASW,CE,Federal Contract Tower,4,1,0,82,87,0,0,22,2,24,4,1,22,84,111,0,10,10,121
01/05/2019,LAW,OK,ASW,CE,Federal Contract Tower,2,0,3,0,5,0,0,8,0,8,2,0,11,0,13,16,0,16,29
01/06/2019,LAW,OK,ASW,CE,Federal Contract Tower,6,0,3,3,12,0,0,16,3,19,6,0,19,6,31,0,0,0,31
01/07/2019,LAW,OK,ASW,CE,Federal Contract Tower,6,0,1,112,119,0,0,12,0,12,6,0,13,112,131,0,0,0,131
01/08/2019,LAW,OK,ASW,CE,Federal Contract Tower,4,0,13,58,75,0,0,7,0,7,4,0,20,58,82,0,0,0,82
01/09/2019,LAW,OK,ASW,CE,Federal Contract Tower,4,0,10,58,72,0,0,16,0,16,4,0,26,58,88,0,0,0,88
01/10/2019,LAW,OK,ASW,CE,Federal Contract Tower,6,0,3,36,45,0,0,16,0,16,6,0,19,36,61,0,0,0,61
01/11/2019,LAW,OK,ASW,CE,Federal Contract Tower,0,0,1,0,1,0,0,2,0,2,0,0,3,0,3,0,0,0,3
01/12/2019,LAW,OK,ASW,CE,Federal Contract Tower,0,4,2,0,6,0,0,11,0,11,0,4,13,0,17,0,0,0,17
01/13/2019,LAW,OK,ASW,CE,Federal Contract Tower,6,0,10,8,24,0,0,12,0,12,6,0,22,8,36,24,0,24,60
01/14/2019,LAW,OK,ASW,CE,Federal Contract Tower,6,0,27,116,149,0,0,15,0,15,6,0,42,116,164,0,0,0,164
01/15/2019,LAW,OK,ASW,CE,Federal Contract Tower,4,0,8,44,56,0,0,0,19,19,4,0,8,63,75,0,0,0,75
01/16/2019,LAW,OK,ASW,CE,Federal Contract Tower,2,0,1,46,49,0,0,1,0,1,2,0,2,46,50,0,0,0,50
01/17/2019,LAW,OK,ASW,CE,Federal Contract Tower,0,6,5,78,89,0,0,4,4,8,0,6,9,82,97,0,0,0,97
01/18/2019,LAW,OK,ASW,CE,Federal Contract Tower,6,0,12,42,60,0,0,17,0,17,6,0,29,42,77,16,0,16,93
01/19/2019,LAW,OK,ASW,CE,Federal Contract Tower,4,0,3,0,7,0,0,5,0,5,4,0,8,0,12,0,0,0,12
01/20/2019,LAW,OK,ASW,CE,Federal Contract Tower,4,0,2,2,8,0,0,15,2,17,4,0,17,4,25,10,0,10,35
01/21/2019,LAW,OK,ASW,CE,Federal Contract Tower,8,0,10,8,26,0,0,16,0,16,8,0,26,8,42,0,0,0,42
01/22/2019,LAW,OK,ASW,CE,Federal Contract Tower,0,4,1,34,39,0,0,1,0,1,0,4,2,34,40,0,0,0,40
01/23/2019,LAW,OK,ASW,CE,Federal Contract Tower,4,0,9,52,65,0,0,16,0,16,4,0,25,52,81,0,0,0,81
01/24/2019,LAW,OK,ASW,CE,Federal Contract Tower,6,0,13,60,79,0,0,10,0,10,6,0,23,60,89,0,0,0,89
01/25/2019,LAW,OK,ASW,CE,Federal Contract Tower,6,0,0,29,35,0,0,6,0,6,6,0,6,29,41,0,0,0,41
01/26/2019,LAW,OK,ASW,CE,Federal Contract Tower,4,0,7,0,11,0,0,16,12,28,4,0,23,12,39,8,0,8,47
01/27/2019,LAW,OK,ASW,CE,Federal Contract Tower,4,0,0,9,13,0,0,9,1,10,4,0,9,10,23,4,0,4,27
01/28/2019,LAW,OK,ASW,CE,Federal Contract Tower,6,0,2,46,54,0,0,4,0,4,6,0,6,46,58,0,0,0,58
01/29/2019,LAW,OK,ASW,CE,Federal Contract Tower,4,0,2,42,48,0,0,3,0,3,4,0,5,42,51,0,0,0,51
01/30/2019,LAW,OK,ASW,CE,Federal Contract Tower,4,0,8,66,78,0,0,12,0,12,4,0,20,66,90,6,0,6,96
01/31/2019,LAW,OK,ASW,CE,Federal Contract Tower,4,5,3,100,112,0,0,1,0,1,4,5,4,100,113,0,0,0,113
02/01/2019,LAW,OK,ASW,CE,Federal Contract Tower,4,2,1,58,65,0,0,0,0,0,4,2,1,58,65,0,0,0,65
02/02/2019,LAW,OK,ASW,CE,Federal Contract Tower,2,3,6,0,11,0,0,0,0,0,2,3,6,0,11,0,0,0,11
02/03/2019,LAW,OK,ASW,CE,Federal Contract Tower,6,0,18,12,36,0,0,2,0,2,6,0,20,12,38,0,0,0,38
02/04/2019,LAW,OK,ASW,CE,Federal Contract Tower,6,0,9,74,89,0,0,14,0,14,6,0,23,74,103,0,0,0,103
02/05/2019,LAW,OK,ASW,CE,Federal Contract Tower,2,0,14,56,72,0,0,4,0,4,2,0,18,56,76,0,0,0,76
02/06/2019,LAW,OK,ASW,CE,Federal Contract Tower,4,6,8,162,180,0,0,0,0,0,4,6,8,162,180,0,0,0,180
02/07/2019,LAW,OK,ASW,CE,Federal Contract Tower,5,0,10,62,77,0,0,3,6,9,5,0,13,68,86,0,18,18,104
02/08/2019,LAW,OK,ASW,CE,Federal Contract Tower,6,0,5,50,61,0,0,0,3,3,6,0,5,53,64,0,0,0,64
02/09/2019,LAW,OK,ASW,CE,Federal Contract Tower,2,0,1,0,3,0,0,6,0,6,2,0,7,0,9,20,0,20,29
02/10/2019,LAW,OK,ASW,CE,Federal Contract Tower,6,0,0,0,6,0,0,0,0,0,6,0,0,0,6,0,0,0,6
02/11/2019,LAW,OK,ASW,CE,Federal Contract Tower,7,0,3,0,10,0,0,0,0,0,7,0,3,0,10,0,0,0,10
02/12/2019,LAW,OK,ASW,CE,Federal Contract Tower,0,4,1,40,45,0,0,8,4,12,0,4,9,44,57,0,14,14,71
02/13/2019,LAW,OK,ASW,CE,Federal Contract Tower,4,6,0,78,88,0,0,4,2,6,4,6,4,80,94,0,4,4,98
02/14/2019,LAW,OK,ASW,CE,Federal Contract Tower,6,0,0,28,34,0,0,2,0,2,6,0,2,28,36,0,0,0,36
02/15/2019,LAW,OK,ASW,CE,Federal Contract Tower,5,0,12,58,75,0,0,10,2,12,5,0,22,60,87,0,0,0,87
02/16/2019,LAW,OK,ASW,CE,Federal Contract Tower,4,0,0,0,4,0,0,1,0,1,4,0,1,0,5,0,0,0,5
02/17/2019,LAW,OK,ASW,CE,Federal Contract Tower,2,0,4,0,6,0,0,22,0,22,2,0,26,0,28,18,0,18,46
02/18/2019,LAW,OK,ASW,CE,Federal Contract Tower,6,0,2,0,8,0,0,7,0,7,6,0,9,0,15,4,0,4,19
02/19/2019,LAW,OK,ASW,CE,Federal Contract Tower,4,0,0,0,4,0,0,1,0,1,4,0,1,0,5,0,0,0,5
02/20/2019,LAW,OK,ASW,CE,Federal Contract Tower,4,0,1,66,71,0,0,15,0,15,4,0,16,66,86,4,0,4,90
02/21/2019,LAW,OK,ASW,CE,Federal Contract Tower,6,0,3,90,99,0,0,13,2,15,6,0,16,92,114,0,0,0,114
02/22/2019,LAW,OK,ASW,CE,Federal Contract Tower,6,0,0,7,13,0,0,0,0,0,6,0,0,7,13,0,0,0,13
02/23/2019,LAW,OK,ASW,CE,Federal Contract Tower,4,0,0,0,4,0,0,0,0,0,4,0,0,0,4,0,0,0,4
02/24/2019,LAW,OK,ASW,CE,Federal Contract Tower,6,0,0,10,16,0,0,14,2,16,6,0,14,12,32,20,0,20,52
02/25/2019,LAW,OK,ASW,CE,Federal Contract Tower,6,0,2,26,34,0,0,7,0,7,6,0,9,26,41,0,0,0,41
02/26/2019,LAW,OK,ASW,CE,Federal Contract Tower,4,0,1,98,103,0,0,3,2,5,4,0,4,100,108,10,0,10,118
02/27/2019,LAW,OK,ASW,CE,Federal Contract Tower,4,1,2,0,7,0,0,0,0,0,4,1,2,0,7,0,0,0,7
02/28/2019,LAW,OK,ASW,CE,Federal Contract Tower,4,0,3,32,39,0,0,6,0,6,4,0,9,32,45,0,0,0,45
03/01/2019,LAW,OK,ASW,CE,Federal Contract Tower,6,0,3,108,117,0,0,2,0,2,6,0,5,108,119,8,0,8,127
03/02/2019,LAW,OK,ASW,CE,Federal Contract Tower,6,0,5,0,11,0,0,0,0,0,6,0,5,0,11,12,0,12,23
03/03/2019,LAW,OK,ASW,CE,Federal Contract Tower,6,0,2,0,8,0,0,0,2,2,6,0,2,2,10,0,0,0,10
03/04/2019,LAW,OK,ASW,CE,Federal Contract Tower,6,0,2,86,94,0,0,1,1,2,6,0,3,87,96,0,0,0,96
03/05/2019,LAW,OK,ASW,CE,Federal Contract Tower,4,0,0,106,110,0,0,12,0,12,4,0,12,106,122,14,0,14,136
03/06/2019,LAW,OK,ASW,CE,Federal Contract Tower,4,0,0,76,80,0,0,6,6,12,4,0,6,82,92,0,0,0,92
03/07/2019,LAW,OK,ASW,CE,Federal Contract Tower,6,0,3,69,78,0,0,5,3,8,6,0,8,72,86,0,6,6,92
03/08/2019,LAW,OK,ASW,CE,Federal Contract Tower,6,0,3,72,81,0,0,0,0,0,6,0,3,72,81,0,0,0,81
03/09/2019,LAW,OK,ASW,CE,Federal Contract Tower,3,0,2,0,5,0,0,2,0,2,3,0,4,0,7,0,0,0,7
03/10/2019,LAW,OK,ASW,CE,Federal Contract Tower,6,1,4,0,11,0,0,3,17,20,6,1,7,17,31,0,0,0,31
03/11/2019,LAW,OK,ASW,CE,Federal Contract Tower,6,0,4,66,76,0,0,0,0,0,6,0,4,66,76,0,0,0,76
03/12/2019,LAW,OK,ASW,CE,Federal Contract Tower,0,0,0,0,0,0,0,0,0,0,0,0,0,0,0,0,0,0,0
03/13/2019,LAW,OK,ASW,CE,Federal Contract Tower,3,0,0,0,3,0,0,5,0,5,3,0,5,0,8,0,0,0,8
03/14/2019,LAW,OK,ASW,CE,Federal Contract Tower,8,0,12,96,116,0,0,6,4,10,8,0,18,100,126,0,0,0,126
03/15/2019,LAW,OK,ASW,CE,Federal Contract Tower,6,0,3,74,83,0,0,18,28,46,6,0,21,102,129,14,28,42,171
03/16/2019,LAW,OK,ASW,CE,Federal Contract Tower,4,0,5,0,9,0,0,27,0,27,4,0,32,0,36,4,0,4,40
03/17/2019,LAW,OK,ASW,CE,Federal Contract Tower,6,0,2,0,8,0,0,14,32,46,6,0,16,32,54,0,0,0,54
03/18/2019,LAW,OK,ASW,CE,Federal Contract Tower,6,0,1,74,81,0,0,18,0,18,6,0,19,74,99,0,0,0,99
03/19/2019,LAW,OK,ASW,CE,Federal Contract Tower,4,2,7,82,95,0,0,14,14,28,4,2,21,96,123,0,14,14,137
03/20/2019,LAW,OK,ASW,CE,Federal Contract Tower,4,0,3,70,77,0,0,20,0,20,4,0,23,70,97,2,0,2,99
03/21/2019,LAW,OK,ASW,CE,Federal Contract Tower,5,0,15,45,65,0,0,22,0,22,5,0,37,45,87,0,11,11,98
03/22/2019,LAW,OK,ASW,CE,Federal Contract Tower,6,0,21,30,57,0,0,9,0,9,6,0,30,30,66,0,0,0,66
03/23/2019,LAW,OK,ASW,CE,Federal Contract Tower,0,4,14,0,18,0,0,9,0,9,0,4,23,0,27,18,0,18,45
03/24/2019,LAW,OK,ASW,CE,Federal Contract Tower,6,0,3,1,10,0,0,10,17,27,6,0,13,18,37,13,0,13,50
03/25/2019,LAW,OK,ASW,CE,Federal Contract Tower,6,0,0,37,43,0,0,12,3,15,6,0,12,40,58,5,6,11,69
03/26/2019,LAW,OK,ASW,CE,Federal Contract Tower,4,0,6,22,32,0,0,11,10,21,4,0,17,32,53,0,0,0,53
03/27/2019,LAW,OK,ASW,CE,Federal Contract Tower,4,0,4,28,36,0,0,7,14,21,4,0,11,42,57,6,0,6,63
03/28/2019,LAW,OK,ASW,CE,Federal Contract Tower,6,0,6,41,53,0,0,6,0,6,6,0,12,41,59,9,0,9,68
03/29/2019,LAW,OK,ASW,CE,Federal Contract Tower,6,0,13,30,49,0,0,23,18,41,6,0,36,48,90,18,122,140,230
03/30/2019,LAW,OK,ASW,CE,Federal Contract Tower,4,0,5,0,9,0,0,1,0,1,4,0,6,0,10,0,0,0,10
03/31/2019,LAW,OK,ASW,CE,Federal Contract Tower,6,0,5,0,11,0,0,15,0,15,6,0,20,0,26,10,0,10,36
04/01/2019,LAW,OK,ASW,CE,Federal Contract Tower,6,0,2,24,32,0,0,3,4,7,6,0,5,28,39,0,4,4,43
04/02/2019,LAW,OK,ASW,CE,Federal Contract Tower,4,0,8,32,44,0,0,10,1,11,4,0,18,33,55,6,18,24,79
04/03/2019,LAW,OK,ASW,CE,Federal Contract Tower,5,0,4,30,39,0,0,9,6,15,5,0,13,36,54,0,0,0,54
04/04/2019,LAW,OK,ASW,CE,Federal Contract Tower,6,0,3,58,67,0,0,6,0,6,6,0,9,58,73,6,0,6,79
04/05/2019,LAW,OK,ASW,CE,Federal Contract Tower,6,0,3,0,9,0,0,17,0,17,6,0,20,0,26,4,0,4,30
04/06/2019,LAW,OK,ASW,CE,Federal Contract Tower,4,0,0,0,4,0,0,8,0,8,4,0,8,0,12,2,0,2,14
04/07/2019,LAW,OK,ASW,CE,Federal Contract Tower,6,0,6,0,12,0,0,0,0,0,6,0,6,0,12,20,0,20,32
04/08/2019,LAW,OK,ASW,CE,Federal Contract Tower,6,0,1,37,44,0,0,9,0,9,6,0,10,37,53,0,5,5,58
04/09/2019,LAW,OK,ASW,CE,Federal Contract Tower,4,0,4,22,30,0,0,17,2,19,4,0,21,24,49,10,0,10,59
04/10/2019,LAW,OK,ASW,CE,Federal Contract Tower,4,0,6,38,48,0,0,15,0,15,4,0,21,38,63,0,0,0,63
04/11/2019,LAW,OK,ASW,CE,Federal Contract Tower,6,0,5,50,61,0,0,2,0,2,6,0,7,50,63,4,0,4,67
04/12/2019,LAW,OK,ASW,CE,Federal Contract Tower,6,1,9,6,22,0,0,13,3,16,6,1,22,9,38,8,10,18,56
04/13/2019,LAW,OK,ASW,CE,Federal Contract Tower,2,0,0,0,2,0,0,0,0,0,2,0,0,0,2,0,0,0,2
04/14/2019,LAW,OK,ASW,CE,Federal Contract Tower,6,0,8,3,17,0,0,14,0,14,6,0,22,3,31,27,0,27,58
04/15/2019,LAW,OK,ASW,CE,Federal Contract Tower,6,0,11,88,105,0,0,10,0,10,6,0,21,88,115,0,2,2,117
04/16/2019,LAW,OK,ASW,CE,Federal Contract Tower,4,0,11,80,95,0,0,15,2,17,4,0,26,82,112,0,0,0,112
04/17/2019,LAW,OK,ASW,CE,Federal Contract Tower,4,0,2,84,90,0,0,1,0,1,4,0,3,84,91,0,0,0,91
04/18/2019,LAW,OK,ASW,CE,Federal Contract Tower,6,0,6,106,118,0,0,11,0,11,6,0,17,106,129,0,0,0,129
04/19/2019,LAW,OK,ASW,CE,Federal Contract Tower,6,0,8,96,110,0,0,22,0,22,6,0,30,96,132,2,0,2,134
04/20/2019,LAW,OK,ASW,CE,Federal Contract Tower,4,0,3,0,7,0,0,17,0,17,4,0,20,0,24,12,0,12,36
04/21/2019,LAW,OK,ASW,CE,Federal Contract Tower,6,0,2,0,8,0,0,6,0,6,6,0,8,0,14,14,0,14,28
04/22/2019,LAW,OK,ASW,CE,Federal Contract Tower,6,0,3,70,79,0,0,6,0,6,6,0,9,70,85,2,0,2,87
04/23/2019,LAW,OK,ASW,CE,Federal Contract Tower,4,0,2,34,40,0,0,0,0,0,4,0,2,34,40,0,0,0,40
04/24/2019,LAW,OK,ASW,CE,Federal Contract Tower,4,0,1,137,142,0,0,12,0,12,4,0,13,137,154,12,0,12,166
04/25/2019,LAW,OK,ASW,CE,Federal Contract Tower,6,0,1,68,75,0,0,7,0,7,6,0,8,68,82,0,0,0,82
04/26/2019,LAW,OK,ASW,CE,Federal Contract Tower,6,0,3,68,77,0,0,20,10,30,6,0,23,78,107,14,0,14,121
04/27/2019,LAW,OK,ASW,CE,Federal Contract Tower,4,0,4,0,8,0,0,27,4,31,4,0,31,4,39,14,0,14,53
04/28/2019,LAW,OK,ASW,CE,Federal Contract Tower,6,0,4,0,10,0,0,18,15,33,6,0,22,15,43,4,20,24,67
04/29/2019,LAW,OK,ASW,CE,Federal Contract Tower,6,0,5,98,109,0,0,2,0,2,6,0,7,98,111,0,0,0,111
04/30/2019,LAW,OK,ASW,CE,Federal Contract Tower,4,0,3,102,109,0,0,1,0,1,4,0,4,102,110,0,0,0,110
05/01/2019,LAW,OK,ASW,CE,Federal Contract Tower,4,0,4,113,121,0,0,1,1,2,4,0,5,114,123,0,0,0,123
05/02/2019,LAW,OK,ASW,CE,Federal Contract Tower,6,0,3,86,95,0,0,4,0,4,6,0,7,86,99,0,0,0,99
05/03/2019,LAW,OK,ASW,CE,Federal Contract Tower,6,0,2,4,12,0,0,1,0,1,6,0,3,4,13,0,0,0,13
05/04/2019,LAW,OK,ASW,CE,Federal Contract Tower,6,0,8,0,14,0,0,4,0,4,6,0,12,0,18,0,0,0,18
05/05/2019,LAW,OK,ASW,CE,Federal Contract Tower,4,0,1,0,5,0,0,16,0,16,4,0,17,0,21,0,0,0,21
05/06/2019,LAW,OK,ASW,CE,Federal Contract Tower,6,0,8,49,63,0,0,7,5,12,6,0,15,54,75,0,0,0,75
05/07/2019,LAW,OK,ASW,CE,Federal Contract Tower,6,0,2,97,105,0,0,4,6,10,6,0,6,103,115,0,0,0,115
05/08/2019,LAW,OK,ASW,CE,Federal Contract Tower,5,0,3,63,71,0,0,4,4,8,5,0,7,67,79,6,0,6,85
05/09/2019,LAW,OK,ASW,CE,Federal Contract Tower,6,0,4,56,66,0,0,11,8,19,6,0,15,64,85,0,6,6,91
05/10/2019,LAW,OK,ASW,CE,Federal Contract Tower,6,0,9,45,60,0,0,8,0,8,6,0,17,45,68,0,0,0,68
05/11/2019,LAW,OK,ASW,CE,Federal Contract Tower,6,0,1,0,7,0,0,10,0,10,6,0,11,0,17,10,0,10,27
05/12/2019,LAW,OK,ASW,CE,Federal Contract Tower,6,0,5,0,11,0,0,18,0,18,6,0,23,0,29,39,0,39,68
05/13/2019,LAW,OK,ASW,CE,Federal Contract Tower,6,0,1,68,75,0,0,15,0,15,6,0,16,68,90,25,0,25,115
05/14/2019,LAW,OK,ASW,CE,Federal Contract Tower,6,0,1,88,95,0,0,3,1,4,6,0,4,89,99,0,2,2,101
05/15/2019,LAW,OK,ASW,CE,Federal Contract Tower,6,0,11,84,101,0,0,13,0,13,6,0,24,84,114,12,0,12,126
05/16/2019,LAW,OK,ASW,CE,Federal Contract Tower,6,0,9,88,103,0,0,18,0,18,6,0,27,88,121,12,0,12,133
05/17/2019,LAW,OK,ASW,CE,Federal Contract Tower,6,0,12,126,144,0,0,11,0,11,6,0,23,126,155,0,0,0,155
05/18/2019,LAW,OK,ASW,CE,Federal Contract Tower,4,0,0,0,4,0,0,3,0,3,4,0,3,0,7,0,0,0,7
05/19/2019,LAW,OK,ASW,CE,Federal Contract Tower,6,0,2,0,8,0,0,31,0,31,6,0,33,0,39,14,0,14,53
05/20/2019,LAW,OK,ASW,CE,Federal Contract Tower,6,0,3,90,99,1,0,4,0,5,7,0,7,90,104,2,0,2,106
05/21/2019,LAW,OK,ASW,CE,Federal Contract Tower,2,0,3,0,5,0,0,5,0,5,2,0,8,0,10,0,0,0,10
05/22/2019,LAW,OK,ASW,CE,Federal Contract Tower,6,0,8,65,79,0,0,6,0,6,6,0,14,65,85,0,0,0,85
05/23/2019,LAW,OK,ASW,CE,Federal Contract Tower,6,0,15,120,141,0,0,12,0,12,6,0,27,120,153,4,0,4,157
05/24/2019,LAW,OK,ASW,CE,Federal Contract Tower,6,4,15,0,25,0,0,15,0,15,6,4,30,0,40,0,0,0,40
05/25/2019,LAW,OK,ASW,CE,Federal Contract Tower,6,0,0,0,6,0,0,13,0,13,6,0,13,0,19,0,0,0,19
05/26/2019,LAW,OK,ASW,CE,Federal Contract Tower,6,0,9,15,30,0,0,6,4,10,6,0,15,19,40,0,6,6,46
05/27/2019,LAW,OK,ASW,CE,Federal Contract Tower,6,0,3,0,9,0,0,7,0,7,6,0,10,0,16,0,0,0,16
05/28/2019,LAW,OK,ASW,CE,Federal Contract Tower,4,0,3,30,37,0,0,1,0,1,4,0,4,30,38,0,0,0,38
05/29/2019,LAW,OK,ASW,CE,Federal Contract Tower,3,0,5,64,72,0,0,4,0,4,3,0,9,64,76,0,0,0,76
05/30/2019,LAW,OK,ASW,CE,Federal Contract Tower,6,0,7,50,63,0,0,23,0,23,6,0,30,50,86,12,0,12,98
05/31/2019,LAW,OK,ASW,CE,Federal Contract Tower,6,4,1,76,87,0,0,9,10,19,6,4,10,86,106,0,0,0,106
06/01/2019,LAW,OK,ASW,CE,Federal Contract Tower,5,0,0,0,5,0,0,15,2,17,5,0,15,2,22,14,8,22,44
06/02/2019,LAW,OK,ASW,CE,Federal Contract Tower,8,0,3,0,11,0,0,12,11,23,8,0,15,11,34,0,0,0,34
06/03/2019,LAW,OK,ASW,CE,Federal Contract Tower,6,0,1,74,81,0,0,10,0,10,6,0,11,74,91,8,0,8,99
06/04/2019,LAW,OK,ASW,CE,Federal Contract Tower,6,0,4,48,58,0,0,7,4,11,6,0,11,52,69,16,0,16,85
06/05/2019,LAW,OK,ASW,CE,Federal Contract Tower,6,0,0,50,56,0,0,6,2,8,6,0,6,52,64,0,4,4,68
06/06/2019,LAW,OK,ASW,CE,Federal Contract Tower,6,0,5,28,39,0,0,7,2,9,6,0,12,30,48,16,0,16,64
06/07/2019,LAW,OK,ASW,CE,Federal Contract Tower,6,0,0,62,68,0,0,10,7,17,6,0,10,69,85,10,2,12,97
06/08/2019,LAW,OK,ASW,CE,Federal Contract Tower,4,0,0,2,6,0,0,13,0,13,4,0,13,2,19,20,0,20,39
06/09/2019,LAW,OK,ASW,CE,Federal Contract Tower,4,0,10,3,17,0,0,2,12,14,4,0,12,15,31,0,0,0,31
06/10/2019,LAW,OK,ASW,CE,Federal Contract Tower,6,0,2,70,78,0,0,20,2,22,6,0,22,72,100,28,2,30,130
06/11/2019,LAW,OK,ASW,CE,Federal Contract Tower,5,0,0,30,35,0,0,15,0,15,5,0,15,30,50,32,0,32,82
06/12/2019,LAW,OK,ASW,CE,Federal Contract Tower,6,0,11,36,53,0,0,24,0,24,6,0,35,36,77,14,0,14,91
06/13/2019,LAW,OK,ASW,CE,Federal Contract Tower,6,0,2,52,60,0,0,15,12,27,6,0,17,64,87,6,6,12,99
06/14/2019,LAW,OK,ASW,CE,Federal Contract Tower,6,0,2,110,118,0,0,5,4,9,6,0,7,114,127,0,4,4,131
06/15/2019,LAW,OK,ASW,CE,Federal Contract Tower,4,0,11,1,16,0,0,11,0,11,4,0,22,1,27,0,0,0,27
06/16/2019,LAW,OK,ASW,CE,Federal Contract Tower,4,2,3,8,17,0,0,11,4,15,4,2,14,12,32,34,0,34,66
06/17/2019,LAW,OK,ASW,CE,Federal Contract Tower,5,0,0,42,47,0,0,11,7,18,5,0,11,49,65,0,16,16,81
06/18/2019,LAW,OK,ASW,CE,Federal Contract Tower,6,0,0,57,63,0,0,9,9,18,6,0,9,66,81,0,0,0,81
06/19/2019,LAW,OK,ASW,CE,Federal Contract Tower,3,0,6,70,79,0,0,12,14,26,3,0,18,84,105,16,0,16,121
06/20/2019,LAW,OK,ASW,CE,Federal Contract Tower,8,0,16,44,68,0,0,18,10,28,8,0,34,54,96,0,0,0,96
06/21/2019,LAW,OK,ASW,CE,Federal Contract Tower,6,0,15,76,97,0,0,5,4,9,6,0,20,80,106,0,0,0,106
06/22/2019,LAW,OK,ASW,CE,Federal Contract Tower,4,0,0,0,4,0,0,7,2,9,4,0,7,2,13,0,0,0,13
06/23/2019,LAW,OK,ASW,CE,Federal Contract Tower,7,0,2,8,17,0,0,3,0,3,7,0,5,8,20,0,0,0,20
06/24/2019,LAW,OK,ASW,CE,Federal Contract Tower,4,0,1,40,45,0,0,11,0,11,4,0,12,40,56,18,0,18,74
06/25/2019,LAW,OK,ASW,CE,Federal Contract Tower,6,0,0,54,60,0,0,21,0,21,6,0,21,54,81,15,0,15,96
06/26/2019,LAW,OK,ASW,CE,Federal Contract Tower,6,0,8,68,82,0,0,18,0,18,6,0,26,68,100,10,0,10,110
06/27/2019,LAW,OK,ASW,CE,Federal Contract Tower,6,0,10,88,104,0,0,10,10,20,6,0,20,98,124,0,0,0,124
06/28/2019,LAW,OK,ASW,CE,Federal Contract Tower,7,0,13,38,58,0,0,18,0,18,7,0,31,38,76,11,0,11,87
06/29/2019,LAW,OK,ASW,CE,Federal Contract Tower,3,0,0,0,3,0,0,33,0,33,3,0,33,0,36,44,0,44,80
06/30/2019,LAW,OK,ASW,CE,Federal Contract Tower,9,0,1,4,14,0,0,8,0,8,9,0,9,4,22,14,0,14,36
07/01/2019,LAW,OK,ASW,CE,Federal Contract Tower,5,0,1,35,41,0,0,8,0,8,5,0,9,35,49,0,10,10,59
07/02/2019,LAW,OK,ASW,CE,Federal Contract Tower,6,0,2,36,44,0,0,13,2,15,6,0,15,38,59,0,0,0,59
07/03/2019,LAW,OK,ASW,CE,Federal Contract Tower,5,0,0,44,49,0,0,17,0,17,5,0,17,44,66,0,0,0,66
07/04/2019,LAW,OK,ASW,CE,Federal Contract Tower,4,0,1,0,5,0,0,4,0,4,4,0,5,0,9,2,0,2,11
07/05/2019,LAW,OK,ASW,CE,Federal Contract Tower,6,0,2,0,8,0,0,15,0,15,6,0,17,0,23,0,0,0,23
07/06/2019,LAW,OK,ASW,CE,Federal Contract Tower,4,2,2,0,8,0,0,5,0,5,4,2,7,0,13,0,0,0,13
07/07/2019,LAW,OK,ASW,CE,Federal Contract Tower,6,0,2,0,8,0,0,19,0,19,6,0,21,0,27,12,0,12,39
07/08/2019,LAW,OK,ASW,CE,Federal Contract Tower,6,0,6,20,32,0,0,14,0,14,6,0,20,20,46,12,0,12,58
07/09/2019,LAW,OK,ASW,CE,Federal Contract Tower,8,0,6,14,28,0,0,9,4,13,8,0,15,18,41,5,0,5,46
07/10/2019,LAW,OK,ASW,CE,Federal Contract Tower,4,0,8,26,38,0,0,9,2,11,4,0,17,28,49,5,2,7,56
07/11/2019,LAW,OK,ASW,CE,Federal Contract Tower,6,0,4,52,62,0,0,16,2,18,6,0,20,54,80,4,0,4,84
07/12/2019,LAW,OK,ASW,CE,Federal Contract Tower,6,0,0,38,44,0,0,18,8,26,6,0,18,46,70,0,10,10,80
07/13/2019,LAW,OK,ASW,CE,Federal Contract Tower,4,0,0,0,4,0,0,9,0,9,4,0,9,0,13,40,0,40,53
07/14/2019,LAW,OK,ASW,CE,Federal Contract Tower,8,0,0,0,8,0,0,14,0,14,8,0,14,0,22,8,0,8,30
07/15/2019,LAW,OK,ASW,CE,Federal Contract Tower,6,0,1,21,28,0,0,10,2,12,6,0,11,23,40,0,0,0,40
07/16/2019,LAW,OK,ASW,CE,Federal Contract Tower,6,0,3,32,41,0,0,7,0,7,6,0,10,32,48,0,0,0,48
07/17/2019,LAW,OK,ASW,CE,Federal Contract Tower,6,0,3,14,23,0,0,14,0,14,6,0,17,14,37,4,0,4,41
07/18/2019,LAW,OK,ASW,CE,Federal Contract Tower,6,0,5,38,49,0,0,18,0,18,6,0,23,38,67,0,0,0,67
07/19/2019,LAW,OK,ASW,CE,Federal Contract Tower,6,0,0,8,14,0,0,8,0,8,6,0,8,8,22,4,0,4,26
07/20/2019,LAW,OK,ASW,CE,Federal Contract Tower,4,2,0,0,6,0,0,14,0,14,4,2,14,0,20,16,0,16,36
07/21/2019,LAW,OK,ASW,CE,Federal Contract Tower,6,0,1,0,7,0,0,12,0,12,6,0,13,0,19,0,0,0,19
07/22/2019,LAW,OK,ASW,CE,Federal Contract Tower,6,0,0,31,37,0,0,14,0,14,6,0,14,31,51,16,8,24,75
07/23/2019,LAW,OK,ASW,CE,Federal Contract Tower,6,0,2,30,38,0,0,6,0,6,6,0,8,30,44,0,0,0,44
07/24/2019,LAW,OK,ASW,CE,Federal Contract Tower,6,0,3,20,29,0,0,21,10,31,6,0,24,30,60,0,4,4,64
07/25/2019,LAW,OK,ASW,CE,Federal Contract Tower,6,0,2,44,52,0,0,22,4,26,6,0,24,48,78,0,4,4,82
07/26/2019,LAW,OK,ASW,CE,Federal Contract Tower,6,0,5,40,51,0,0,4,2,6,6,0,9,42,57,0,0,0,57
07/27/2019,LAW,OK,ASW,CE,Federal Contract Tower,4,0,6,0,10,0,0,9,0,9,4,0,15,0,19,0,0,0,19
07/28/2019,LAW,OK,ASW,CE,Federal Contract Tower,6,0,5,0,11,0,0,4,8,12,6,0,9,8,23,0,0,0,23
07/29/2019,LAW,OK,ASW,CE,Federal Contract Tower,6,0,3,32,41,0,0,5,0,5,6,0,8,32,46,10,0,10,56
07/30/2019,LAW,OK,ASW,CE,Federal Contract Tower,6,0,12,43,61,0,0,9,0,9,6,0,21,43,70,0,14,14,84
07/31/2019,LAW,OK,ASW,CE,Federal Contract Tower,6,0,12,66,84,0,0,14,0,14,6,0,26,66,98,0,0,0,98
08/01/2019,LAW,OK,ASW,CE,Federal Contract Tower,6,0,5,88,99,0,0,24,1,25,6,0,29,89,124,20,0,20,144
08/02/2019,LAW,OK,ASW,CE,Federal Contract Tower,6,0,6,84,96,0,0,9,0,9,6,0,15,84,105,0,0,0,105
08/03/2019,LAW,OK,ASW,CE,Federal Contract Tower,4,0,3,0,7,0,0,11,0,11,4,0,14,0,18,0,0,0,18
08/04/2019,LAW,OK,ASW,CE,Federal Contract Tower,6,0,4,0,10,0,0,1,0,1,6,0,5,0,11,0,0,0,11
08/05/2019,LAW,OK,ASW,CE,Federal Contract Tower,6,0,2,84,92,0,0,7,2,9,6,0,9,86,101,0,0,0,101
08/06/2019,LAW,OK,ASW,CE,Federal Contract Tower,7,0,17,87,111,0,0,11,0,11,7,0,28,87,122,14,0,14,136
08/07/2019,LAW,OK,ASW,CE,Federal Contract Tower,6,0,3,84,93,0,0,10,0,10,6,0,13,84,103,0,0,0,103
08/08/2019,LAW,OK,ASW,CE,Federal Contract Tower,6,0,7,80,93,0,0,22,0,22,6,0,29,80,115,4,0,4,119
08/09/2019,LAW,OK,ASW,CE,Federal Contract Tower,6,0,1,82,89,0,0,10,0,10,6,0,11,82,99,0,0,0,99
08/10/2019,LAW,OK,ASW,CE,Federal Contract Tower,4,0,4,0,8,0,0,15,0,15,4,0,19,0,23,18,0,18,41
08/11/2019,LAW,OK,ASW,CE,Federal Contract Tower,6,0,4,0,10,0,0,13,0,13,6,0,17,0,23,13,0,13,36
08/12/2019,LAW,OK,ASW,CE,Federal Contract Tower,6,0,1,50,57,0,0,10,0,10,6,0,11,50,67,0,0,0,67
08/13/2019,LAW,OK,ASW,CE,Federal Contract Tower,6,0,4,36,46,0,0,6,2,8,6,0,10,38,54,0,0,0,54
08/14/2019,LAW,OK,ASW,CE,Federal Contract Tower,6,0,9,42,57,0,0,13,0,13,6,0,22,42,70,6,0,6,76
08/15/2019,LAW,OK,ASW,CE,Federal Contract Tower,4,0,5,68,77,0,0,6,0,6,4,0,11,68,83,0,0,0,83
08/16/2019,LAW,OK,ASW,CE,Federal Contract Tower,0,4,1,24,29,0,0,17,0,17,0,4,18,24,46,8,0,8,54
08/17/2019,LAW,OK,ASW,CE,Federal Contract Tower,0,4,0,0,4,0,0,10,1,11,0,4,10,1,15,4,0,4,19
08/18/2019,LAW,OK,ASW,CE,Federal Contract Tower,4,0,9,2,15,0,0,7,0,7,4,0,16,2,22,16,0,16,38
08/19/2019,LAW,OK,ASW,CE,Federal Contract Tower,4,0,1,22,27,0,0,7,0,7,4,0,8,22,34,12,0,12,46
08/20/2019,LAW,OK,ASW,CE,Federal Contract Tower,4,0,16,24,44,0,0,7,2,9,4,0,23,26,53,14,0,14,67
08/21/2019,LAW,OK,ASW,CE,Federal Contract Tower,4,0,17,68,89,0,0,12,0,12,4,0,29,68,101,6,0,6,107
08/22/2019,LAW,OK,ASW,CE,Federal Contract Tower,6,0,11,54,71,0,0,8,4,12,6,0,19,58,83,22,0,22,105
08/23/2019,LAW,OK,ASW,CE,Federal Contract Tower,6,0,2,96,104,0,0,7,28,35,6,0,9,124,139,10,0,10,149
08/24/2019,LAW,OK,ASW,CE,Federal Contract Tower,4,0,2,0,6,0,0,11,0,11,4,0,13,0,17,2,0,2,19
08/25/2019,LAW,OK,ASW,CE,Federal Contract Tower,6,0,4,6,16,0,0,6,0,6,6,0,10,6,22,16,0,16,38
08/26/2019,LAW,OK,ASW,CE,Federal Contract Tower,6,0,3,68,77,0,0,10,2,12,6,0,13,70,89,12,0,12,101
08/27/2019,LAW,OK,ASW,CE,Federal Contract Tower,4,0,8,8,20,0,0,0,0,0,4,0,8,8,20,0,0,0,20
08/28/2019,LAW,OK,ASW,CE,Federal Contract Tower,6,0,4,110,120,0,0,6,0,6,6,0,10,110,126,4,0,4,130
08/29/2019,LAW,OK,ASW,CE,Federal Contract Tower,6,0,9,0,15,0,0,28,0,28,6,0,37,0,43,6,0,6,49
08/30/2019,LAW,OK,ASW,CE,Federal Contract Tower,4,0,1,0,5,0,0,3,0,3,4,0,4,0,8,0,0,0,8
08/31/2019,LAW,OK,ASW,CE,Federal Contract Tower,0,5,4,0,9,0,0,10,0,10,0,5,14,0,19,6,0,6,25
09/01/2019,LAW,OK,ASW,CE,Federal Contract Tower,5,0,0,0,5,0,0,9,0,9,5,0,9,0,14,0,0,0,14
09/02/2019,LAW,OK,ASW,CE,Federal Contract Tower,6,0,1,0,7,0,0,12,0,12,6,0,13,0,19,0,0,0,19
09/03/2019,LAW,OK,ASW,CE,Federal Contract Tower,7,0,14,62,83,0,0,17,0,17,7,0,31,62,100,24,0,24,124
09/04/2019,LAW,OK,ASW,CE,Federal Contract Tower,5,0,8,97,110,0,0,16,2,18,5,0,24,99,128,0,2,2,130
09/05/2019,LAW,OK,ASW,CE,Federal Contract Tower,6,0,3,86,95,0,0,11,0,11,6,0,14,86,106,0,0,0,106
09/06/2019,LAW,OK,ASW,CE,Federal Contract Tower,6,0,6,38,50,0,0,24,0,24,6,0,30,38,74,4,0,4,78
09/07/2019,LAW,OK,ASW,CE,Federal Contract Tower,4,0,11,0,15,0,0,16,0,16,4,0,27,0,31,6,0,6,37
09/08/2019,LAW,OK,ASW,CE,Federal Contract Tower,6,0,0,0,6,0,0,13,2,15,6,0,13,2,21,0,0,0,21
09/09/2019,LAW,OK,ASW,CE,Federal Contract Tower,6,0,0,62,68,0,0,12,0,12,6,0,12,62,80,10,0,10,90
09/10/2019,LAW,OK,ASW,CE,Federal Contract Tower,6,0,4,68,78,0,0,11,0,11,6,0,15,68,89,14,6,20,109
09/11/2019,LAW,OK,ASW,CE,Federal Contract Tower,6,0,8,34,48,0,0,21,0,21,6,0,29,34,69,0,0,0,69
09/12/2019,LAW,OK,ASW,CE,Federal Contract Tower,6,0,5,74,85,0,0,12,4,16,6,0,17,78,101,6,2,8,109
09/13/2019,LAW,OK,ASW,CE,Federal Contract Tower,6,0,2,22,30,0,0,9,0,9,6,0,11,22,39,26,0,26,65
09/14/2019,LAW,OK,ASW,CE,Federal Contract Tower,4,0,1,0,5,0,0,22,0,22,4,0,23,0,27,10,0,10,37
09/15/2019,LAW,OK,ASW,CE,Federal Contract Tower,6,0,8,0,14,0,0,0,0,0,6,0,8,0,14,0,0,0,14
09/16/2019,LAW,OK,ASW,CE,Federal Contract Tower,6,0,3,52,61,0,0,11,0,11,6,0,14,52,72,30,0,30,102
09/17/2019,LAW,OK,ASW,CE,Federal Contract Tower,6,0,0,54,60,0,0,6,4,10,6,0,6,58,70,0,0,0,70
09/18/2019,LAW,OK,ASW,CE,Federal Contract Tower,6,0,4,80,90,0,0,20,0,20,6,0,24,80,110,0,0,0,110
09/19/2019,LAW,OK,ASW,CE,Federal Contract Tower,6,0,7,74,87,0,0,14,4,18,6,0,21,78,105,0,0,0,105
09/20/2019,LAW,OK,ASW,CE,Federal Contract Tower,6,0,1,0,7,0,0,1,0,1,6,0,2,0,8,0,0,0,8
09/21/2019,LAW,OK,ASW,CE,Federal Contract Tower,4,0,3,0,7,0,0,8,0,8,4,0,11,0,15,0,0,0,15
09/22/2019,LAW,OK,ASW,CE,Federal Contract Tower,6,0,8,0,14,0,0,9,0,9,6,0,17,0,23,18,0,18,41
09/23/2019,LAW,OK,ASW,CE,Federal Contract Tower,6,0,39,36,81,0,0,4,0,4,6,0,43,36,85,16,0,16,101
09/24/2019,LAW,OK,ASW,CE,Federal Contract Tower,6,0,4,62,72,0,0,7,2,9,6,0,11,64,81,12,0,12,93
09/25/2019,LAW,OK,ASW,CE,Federal Contract Tower,5,0,10,66,81,0,0,15,2,17,5,0,25,68,98,0,4,4,102
09/26/2019,LAW,OK,ASW,CE,Federal Contract Tower,8,0,15,44,67,0,0,9,2,11,8,0,24,46,78,0,6,6,84
09/27/2019,LAW,OK,ASW,CE,Federal Contract Tower,6,0,13,56,75,0,0,9,4,13,6,0,22,60,88,2,6,8,96
09/28/2019,LAW,OK,ASW,CE,Federal Contract Tower,4,0,1,0,5,0,0,17,0,17,4,0,18,0,22,4,0,4,26
09/29/2019,LAW,OK,ASW,CE,Federal Contract Tower,6,0,8,0,14,0,0,5,0,5,6,0,13,0,19,0,0,0,19
09/30/2019,LAW,OK,ASW,CE,Federal Contract Tower,6,0,7,10,23,0,0,9,0,9,6,0,16,10,32,0,0,0,32
10/01/2019,LAW,OK,ASW,CE,Federal Contract Tower,6,0,16,32,54,0,0,1,2,3,6,0,17,34,57,0,0,0,57
10/02/2019,LAW,OK,ASW,CE,Federal Contract Tower,6,0,22,36,64,0,0,5,0,5,6,0,27,36,69,12,0,12,81
10/03/2019,LAW,OK,ASW,CE,Federal Contract Tower,6,0,7,62,75,0,0,4,0,4,6,0,11,62,79,0,0,0,79
10/04/2019,LAW,OK,ASW,CE,Federal Contract Tower,6,0,14,24,44,0,0,8,0,8,6,0,22,24,52,0,0,0,52
10/05/2019,LAW,OK,ASW,CE,Federal Contract Tower,5,0,13,0,18,0,0,10,0,10,5,0,23,0,28,0,0,0,28
10/06/2019,LAW,OK,ASW,CE,Federal Contract Tower,7,0,2,0,9,0,0,12,0,12,7,0,14,0,21,0,0,0,21
10/07/2019,LAW,OK,ASW,CE,Federal Contract Tower,6,0,8,22,36,0,0,9,0,9,6,0,17,22,45,0,0,0,45
10/08/2019,LAW,OK,ASW,CE,Federal Contract Tower,6,0,14,11,31,0,0,3,0,3,6,0,17,11,34,0,18,18,52
10/09/2019,LAW,OK,ASW,CE,Federal Contract Tower,6,0,12,56,74,0,0,11,0,11,6,0,23,56,85,4,0,4,89
10/10/2019,LAW,OK,ASW,CE,Federal Contract Tower,6,0,4,62,72,0,0,6,0,6,6,0,10,62,78,4,0,4,82
10/11/2019,LAW,OK,ASW,CE,Federal Contract Tower,2,0,12,30,44,0,0,7,0,7,2,0,19,30,51,0,0,0,51
10/12/2019,LAW,OK,ASW,CE,Federal Contract Tower,6,0,5,0,11,0,0,17,2,19,6,0,22,2,30,44,0,44,74
10/13/2019,LAW,OK,ASW,CE,Federal Contract Tower,6,0,0,0,6,0,0,10,0,10,6,0,10,0,16,0,0,0,16
10/14/2019,LAW,OK,ASW,CE,Federal Contract Tower,6,0,0,2,8,0,0,7,0,7,6,0,7,2,15,0,0,0,15
10/15/2019,LAW,OK,ASW,CE,Federal Contract Tower,6,0,2,32,40,0,0,6,0,6,6,0,8,32,46,0,0,0,46
10/16/2019,LAW,OK,ASW,CE,Federal Contract Tower,6,0,25,82,113,0,0,22,2,24,6,0,47,84,137,0,4,4,141
10/17/2019,LAW,OK,ASW,CE,Federal Contract Tower,6,0,2,104,112,0,0,5,2,7,6,0,7,106,119,0,6,6,125
10/18/2019,LAW,OK,ASW,CE,Federal Contract Tower,6,0,1,34,41,0,0,17,2,19,6,0,18,36,60,6,2,8,68
10/19/2019,LAW,OK,ASW,CE,Federal Contract Tower,5,0,4,0,9,0,0,21,0,21,5,0,25,0,30,14,0,14,44
10/20/2019,LAW,OK,ASW,CE,Federal Contract Tower,6,0,4,0,10,0,0,9,28,37,6,0,13,28,47,10,2,12,59
10/21/2019,LAW,OK,ASW,CE,Federal Contract Tower,7,0,0,84,91,0,0,15,0,15,7,0,15,84,106,0,6,6,112
10/22/2019,LAW,OK,ASW,CE,Federal Contract Tower,6,0,4,87,97,0,0,11,0,11,6,0,15,87,108,0,0,0,108
10/23/2019,LAW,OK,ASW,CE,Federal Contract Tower,6,0,6,70,82,0,0,6,0,6,6,0,12,70,88,2,0,2,90
10/24/2019,LAW,OK,ASW,CE,Federal Contract Tower,3,0,4,0,7,0,0,0,0,0,3,0,4,0,7,0,0,0,7
10/25/2019,LAW,OK,ASW,CE,Federal Contract Tower,6,0,3,0,9,0,0,0,0,0,6,0,3,0,9,0,0,0,9
10/26/2019,LAW,OK,ASW,CE,Federal Contract Tower,5,0,6,0,11,0,0,13,0,13,5,0,19,0,24,14,0,14,38
10/27/2019,LAW,OK,ASW,CE,Federal Contract Tower,6,0,1,0,7,0,0,11,0,11,6,0,12,0,18,0,0,0,18
10/28/2019,LAW,OK,ASW,CE,Federal Contract Tower,6,0,5,92,103,0,0,7,2,9,6,0,12,94,112,0,12,12,124
10/29/2019,LAW,OK,ASW,CE,Federal Contract Tower,6,0,3,41,50,0,0,5,4,9,6,0,8,45,59,0,0,0,59
10/30/2019,LAW,OK,ASW,CE,Federal Contract Tower,6,0,4,2,12,0,0,0,0,0,6,0,4,2,12,0,0,0,12
10/31/2019,LAW,OK,ASW,CE,Federal Contract Tower,6,0,10,58,74,0,0,12,2,14,6,0,22,60,88,0,6,6,94
11/01/2019,LAW,OK,ASW,CE,Federal Contract Tower,6,0,15,54,75,0,0,14,0,14,6,0,29,54,89,0,0,0,89
11/02/2019,LAW,OK,ASW,CE,Federal Contract Tower,4,0,0,0,4,0,0,15,0,15,4,0,15,0,19,8,0,8,27
11/03/2019,LAW,OK,ASW,CE,Federal Contract Tower,6,0,13,5,24,0,0,11,1,12,6,0,24,6,36,0,8,8,44
11/04/2019,LAW,OK,ASW,CE,Federal Contract Tower,6,0,3,83,92,0,0,10,4,14,6,0,13,87,106,2,0,2,108
11/05/2019,LAW,OK,ASW,CE,Federal Contract Tower,6,0,12,75,93,0,0,4,0,4,6,0,16,75,97,0,10,10,107
11/06/2019,LAW,OK,ASW,CE,Federal Contract Tower,6,0,3,42,51,0,0,0,0,0,6,0,3,42,51,0,0,0,51
11/07/2019,LAW,OK,ASW,CE,Federal Contract Tower,6,0,5,2,13,0,0,1,0,1,6,0,6,2,14,0,0,0,14
11/08/2019,LAW,OK,ASW,CE,Federal Contract Tower,6,0,11,15,32,0,0,16,14,30,6,0,27,29,62,0,4,4,66
11/09/2019,LAW,OK,ASW,CE,Federal Contract Tower,4,0,3,2,9,0,0,10,2,12,4,0,13,4,21,10,0,10,31
11/10/2019,LAW,OK,ASW,CE,Federal Contract Tower,8,0,0,2,10,0,0,20,10,30,8,0,20,12,40,6,0,6,46
11/11/2019,LAW,OK,ASW,CE,Federal Contract Tower,5,0,2,0,7,0,0,0,0,0,5,0,2,0,7,0,0,0,7
11/12/2019,LAW,OK,ASW,CE,Federal Contract Tower,4,0,13,40,57,0,0,15,3,18,4,0,28,43,75,0,0,0,75
11/13/2019,LAW,OK,ASW,CE,Federal Contract Tower,6,0,25,46,77,0,0,4,6,10,6,0,29,52,87,0,0,0,87
11/14/2019,LAW,OK,ASW,CE,Federal Contract Tower,6,0,7,82,95,0,0,21,0,21,6,0,28,82,116,0,0,0,116
11/15/2019,LAW,OK,ASW,CE,Federal Contract Tower,6,0,7,48,61,0,0,16,0,16,6,0,23,48,77,0,0,0,77
11/16/2019,LAW,OK,ASW,CE,Federal Contract Tower,4,0,12,18,34,0,0,9,4,13,4,0,21,22,47,2,10,12,59
11/17/2019,LAW,OK,ASW,CE,Federal Contract Tower,6,0,6,37,49,0,0,12,0,12,6,0,18,37,61,0,0,0,61
11/18/2019,LAW,OK,ASW,CE,Federal Contract Tower,6,0,3,118,127,0,0,4,0,4,6,0,7,118,131,0,0,0,131
11/19/2019,LAW,OK,ASW,CE,Federal Contract Tower,6,0,5,72,83,0,0,6,0,6,6,0,11,72,89,6,12,18,107
11/20/2019,LAW,OK,ASW,CE,Federal Contract Tower,5,0,2,50,57,0,0,4,0,4,5,0,6,50,61,0,0,0,61
11/21/2019,LAW,OK,ASW,CE,Federal Contract Tower,6,0,10,26,42,0,0,1,0,1,6,0,11,26,43,0,0,0,43
11/22/2019,LAW,OK,ASW,CE,Federal Contract Tower,6,0,4,122,132,0,0,3,0,3,6,0,7,122,135,0,0,0,135
11/23/2019,LAW,OK,ASW,CE,Federal Contract Tower,4,0,1,2,7,0,0,12,0,12,4,0,13,2,19,0,0,0,19
11/24/2019,LAW,OK,ASW,CE,Federal Contract Tower,6,0,3,8,17,0,0,6,16,22,6,0,9,24,39,6,6,12,51
11/25/2019,LAW,OK,ASW,CE,Federal Contract Tower,6,0,4,68,78,0,0,5,0,5,6,0,9,68,83,0,0,0,83
11/26/2019,LAW,OK,ASW,CE,Federal Contract Tower,4,0,6,14,24,0,0,4,0,4,4,0,10,14,28,0,0,0,28
11/27/2019,LAW,OK,ASW,CE,Federal Contract Tower,6,0,15,58,79,0,0,9,0,9,6,0,24,58,88,0,0,0,88
11/28/2019,LAW,OK,ASW,CE,Federal Contract Tower,3,0,2,0,5,0,0,0,0,0,3,0,2,0,5,0,0,0,5
11/29/2019,LAW,OK,ASW,CE,Federal Contract Tower,3,0,1,0,4,0,0,0,0,0,3,0,1,0,4,0,0,0,4
11/30/2019,LAW,OK,ASW,CE,Federal Contract Tower,4,0,1,6,11,0,0,5,0,5,4,0,6,6,16,0,0,0,16
12/01/2019,LAW,OK,ASW,CE,Federal Contract Tower,6,0,7,2,15,0,0,12,0,12,6,0,19,2,27,0,0,0,27
12/02/2019,LAW,OK,ASW,CE,Federal Contract Tower,6,0,0,81,87,0,0,8,0,8,6,0,8,81,95,0,0,0,95
12/03/2019,LAW,OK,ASW,CE,Federal Contract Tower,4,0,2,56,62,0,0,14,2,16,4,0,16,58,78,5,6,11,89
12/04/2019,LAW,OK,ASW,CE,Federal Contract Tower,6,0,15,82,103,0,0,7,0,7,6,0,22,82,110,0,0,0,110
12/05/2019,LAW,OK,ASW,CE,Federal Contract Tower,6,0,4,98,108,0,0,15,0,15,6,0,19,98,123,0,0,0,123
12/06/2019,LAW,OK,ASW,CE,Federal Contract Tower,6,0,2,76,84,0,0,4,13,17,6,0,6,89,101,0,8,8,109
12/07/2019,LAW,OK,ASW,CE,Federal Contract Tower,4,0,0,0,4,0,0,10,0,10,4,0,10,0,14,26,0,26,40
12/08/2019,LAW,OK,ASW,CE,Federal Contract Tower,6,0,12,10,28,0,0,5,24,29,6,0,17,34,57,8,36,44,101
12/09/2019,LAW,OK,ASW,CE,Federal Contract Tower,6,0,2,90,98,0,0,2,0,2,6,0,4,90,100,0,0,0,100
12/10/2019,LAW,OK,ASW,CE,Federal Contract Tower,4,0,2,66,72,0,0,9,2,11,4,0,11,68,83,0,0,0,83
12/11/2019,LAW,OK,ASW,CE,Federal Contract Tower,6,0,5,80,91,0,0,6,5,11,6,0,11,85,102,0,0,0,102
12/12/2019,LAW,OK,ASW,CE,Federal Contract Tower,6,0,11,54,71,0,0,21,2,23,6,0,32,56,94,0,0,0,94
12/13/2019,LAW,OK,ASW,CE,Federal Contract Tower,6,0,12,34,52,0,0,9,2,11,6,0,21,36,63,0,0,0,63
12/14/2019,LAW,OK,ASW,CE,Federal Contract Tower,4,0,1,0,5,0,0,12,0,12,4,0,13,0,17,0,0,0,17
12/15/2019,LAW,OK,ASW,CE,Federal Contract Tower,6,0,10,0,16,0,0,0,0,0,6,0,10,0,16,0,0,0,16
12/16/2019,LAW,OK,ASW,CE,Federal Contract Tower,5,0,9,49,63,0,0,3,0,3,5,0,12,49,66,0,8,8,74
12/17/2019,LAW,OK,ASW,CE,Federal Contract Tower,5,0,2,18,25,0,0,6,2,8,5,0,8,20,33,0,0,0,33
12/18/2019,LAW,OK,ASW,CE,Federal Contract Tower,6,0,6,44,56,0,0,27,8,35,6,0,33,52,91,0,0,0,91
12/19/2019,LAW,OK,ASW,CE,Federal Contract Tower,6,0,20,72,98,0,0,12,0,12,6,0,32,72,110,0,0,0,110
12/20/2019,LAW,OK,ASW,CE,Federal Contract Tower,6,0,18,60,84,0,0,12,0,12,6,0,30,60,96,0,0,0,96
12/21/2019,LAW,OK,ASW,CE,Federal Contract Tower,6,0,0,0,6,0,5,0,0,5,6,5,0,0,11,14,0,14,25
12/22/2019,LAW,OK,ASW,CE,Federal Contract Tower,6,0,11,0,17,0,0,3,0,3,6,0,14,0,20,0,0,0,20
12/23/2019,LAW,OK,ASW,CE,Federal Contract Tower,4,0,12,4,20,0,0,7,0,7,4,0,19,4,27,0,0,0,27
12/24/2019,LAW,OK,ASW,CE,Federal Contract Tower,6,0,0,0,6,0,0,8,0,8,6,0,8,0,14,0,0,0,14
12/25/2019,LAW,OK,ASW,CE,Federal Contract Tower,5,0,0,0,5,0,0,10,0,10,5,0,10,0,15,0,0,0,15
12/26/2019,LAW,OK,ASW,CE,Federal Contract Tower,6,0,2,0,8,0,0,4,0,4,6,0,6,0,12,0,0,0,12
12/27/2019,LAW,OK,ASW,CE,Federal Contract Tower,6,0,4,0,10,0,0,3,0,3,6,0,7,0,13,0,0,0,13
12/28/2019,LAW,OK,ASW,CE,Federal Contract Tower,3,0,5,0,8,0,0,1,0,1,3,0,6,0,9,0,0,0,9
12/29/2019,LAW,OK,ASW,CE,Federal Contract Tower,5,0,5,0,10,0,0,4,0,4,5,0,9,0,14,0,0,0,14
12/30/2019,LAW,OK,ASW,CE,Federal Contract Tower,7,0,5,0,12,0,0,19,0,19,7,0,24,0,31,0,0,0,31
12/31/2019,LAW,OK,ASW,CE,Federal Contract Tower,6,0,2,0,8,0,0,7,0,7,6,0,9,0,15,0,0,0,15
01/01/2020,LAW,OK,ASW,CE,Federal Contract Tower,6,0,0,0,6,0,0,10,0,10,6,0,10,0,16,0,0,0,16
01/02/2020,LAW,OK,ASW,CE,Federal Contract Tower,5,0,9,0,14,0,0,29,0,29,5,0,38,0,43,0,0,0,43
01/03/2020,LAW,OK,ASW,CE,Federal Contract Tower,4,0,0,4,8,0,0,15,0,15,4,0,15,4,23,14,0,14,37
01/04/2020,LAW,OK,ASW,CE,Federal Contract Tower,6,0,0,6,12,0,0,28,12,40,6,0,28,18,52,0,0,0,52
01/05/2020,LAW,OK,ASW,CE,Federal Contract Tower,6,0,2,0,8,0,0,5,0,5,6,0,7,0,13,0,0,0,13
01/06/2020,LAW,OK,ASW,CE,Federal Contract Tower,6,0,4,130,140,0,0,5,1,6,6,0,9,131,146,0,14,14,160
01/07/2020,LAW,OK,ASW,CE,Federal Contract Tower,5,0,7,92,104,0,0,11,2,13,5,0,18,94,117,0,0,0,117
01/08/2020,LAW,OK,ASW,CE,Federal Contract Tower,5,0,5,88,98,0,0,5,4,9,5,0,10,92,107,6,0,6,113
01/09/2020,LAW,OK,ASW,CE,Federal Contract Tower,5,0,1,76,82,0,0,22,1,23,5,0,23,77,105,8,0,8,113
01/10/2020,LAW,OK,ASW,CE,Federal Contract Tower,6,0,0,102,108,0,0,0,4,4,6,0,0,106,112,0,0,0,112
01/11/2020,LAW,OK,ASW,CE,Federal Contract Tower,3,0,2,0,5,0,0,1,0,1,3,0,3,0,6,0,0,0,6
01/12/2020,LAW,OK,ASW,CE,Federal Contract Tower,8,0,0,0,8,0,0,5,2,7,8,0,5,2,15,0,0,0,15
01/13/2020,LAW,OK,ASW,CE,Federal Contract Tower,6,0,6,41,53,0,0,0,0,0,6,0,6,41,53,0,4,4,57
01/14/2020,LAW,OK,ASW,CE,Federal Contract Tower,5,0,5,24,34,0,0,6,4,10,5,0,11,28,44,0,0,0,44
01/15/2020,LAW,OK,ASW,CE,Federal Contract Tower,5,0,1,42,48,0,0,5,0,5,5,0,6,42,53,0,0,0,53
01/16/2020,LAW,OK,ASW,CE,Federal Contract Tower,6,0,4,0,10,0,0,0,0,0,6,0,4,0,10,0,0,0,10
01/17/2020,LAW,OK,ASW,CE,Federal Contract Tower,0,6,16,0,22,0,0,0,0,0,0,6,16,0,22,0,0,0,22
01/18/2020,LAW,OK,ASW,CE,Federal Contract Tower,0,3,1,0,4,0,0,4,0,4,0,3,5,0,8,0,0,0,8
01/19/2020,LAW,OK,ASW,CE,Federal Contract Tower,6,0,2,0,8,0,0,5,0,5,6,0,7,0,13,0,0,0,13
01/20/2020,LAW,OK,ASW,CE,Federal Contract Tower,6,0,3,0,9,0,0,10,0,10,6,0,13,0,19,16,0,16,35
01/21/2020,LAW,OK,ASW,CE,Federal Contract Tower,5,0,2,40,47,0,0,3,0,3,5,0,5,40,50,0,0,0,50
01/22/2020,LAW,OK,ASW,CE,Federal Contract Tower,2,0,0,0,2,0,0,0,0,0,2,0,0,0,2,0,0,0,2
01/23/2020,LAW,OK,ASW,CE,Federal Contract Tower,6,0,2,54,62,0,0,2,4,6,6,0,4,58,68,0,0,0,68
01/24/2020,LAW,OK,ASW,CE,Federal Contract Tower,6,0,0,32,38,0,0,27,4,31,6,0,27,36,69,16,8,24,93
01/25/2020,LAW,OK,ASW,CE,Federal Contract Tower,3,0,0,0,3,0,0,6,0,6,3,0,6,0,9,6,0,6,15
01/26/2020,LAW,OK,ASW,CE,Federal Contract Tower,6,0,2,17,25,0,0,8,8,16,6,0,10,25,41,16,10,26,67
01/27/2020,LAW,OK,ASW,CE,Federal Contract Tower,14,0,2,46,62,0,0,5,0,5,14,0,7,46,67,0,0,0,67
01/28/2020,LAW,OK,ASW,CE,Federal Contract Tower,5,0,5,6,16,0,0,0,0,0,5,0,5,6,16,0,0,0,16
01/29/2020,LAW,OK,ASW,CE,Federal Contract Tower,5,0,2,110,117,0,0,0,0,0,5,0,2,110,117,0,0,0,117
01/30/2020,LAW,OK,ASW,CE,Federal Contract Tower,6,0,5,148,159,0,0,0,0,0,6,0,5,148,159,0,0,0,159
01/31/2020,LAW,OK,ASW,CE,Federal Contract Tower,6,0,3,48,57,0,0,11,16,27,6,0,14,64,84,12,0,12,96
02/01/2020,LAW,OK,ASW,CE,Federal Contract Tower,3,0,1,0,4,0,0,19,0,19,3,0,20,0,23,26,0,26,49
02/02/2020,LAW,OK,ASW,CE,Federal Contract Tower,6,0,2,5,13,0,0,9,26,35,6,0,11,31,48,2,2,4,52
02/03/2020,LAW,OK,ASW,CE,Federal Contract Tower,6,0,0,109,115,0,0,11,2,13,6,0,11,111,128,0,0,0,128
02/04/2020,LAW,OK,ASW,CE,Federal Contract Tower,5,0,2,64,71,0,0,2,0,2,5,0,4,64,73,0,0,0,73
02/05/2020,LAW,OK,ASW,CE,Federal Contract Tower,0,0,0,0,0,0,0,0,0,0,0,0,0,0,0,0,0,0,0
02/06/2020,LAW,OK,ASW,CE,Federal Contract Tower,4,0,0,16,20,0,0,2,0,2,4,0,2,16,22,0,0,0,22
02/07/2020,LAW,OK,ASW,CE,Federal Contract Tower,6,0,0,72,78,0,0,13,0,13,6,0,13,72,91,0,0,0,91
02/08/2020,LAW,OK,ASW,CE,Federal Contract Tower,3,0,3,0,6,0,0,7,0,7,3,0,10,0,13,0,0,0,13
02/09/2020,LAW,OK,ASW,CE,Federal Contract Tower,6,0,0,4,10,0,0,2,4,6,6,0,2,8,16,0,0,0,16
02/10/2020,LAW,OK,ASW,CE,Federal Contract Tower,6,0,1,40,47,0,0,2,0,2,6,0,3,40,49,0,0,0,49
02/11/2020,LAW,OK,ASW,CE,Federal Contract Tower,5,0,3,160,168,0,0,2,8,10,5,0,5,168,178,6,0,6,184
02/12/2020,LAW,OK,ASW,CE,Federal Contract Tower,5,0,4,108,117,0,0,0,0,0,5,0,4,108,117,0,0,0,117
02/13/2020,LAW,OK,ASW,CE,Federal Contract Tower,6,0,5,124,135,0,0,17,4,21,6,0,22,128,156,0,0,0,156
02/14/2020,LAW,OK,ASW,CE,Federal Contract Tower,6,0,9,106,121,0,0,24,0,24,6,0,33,106,145,0,0,0,145
02/15/2020,LAW,OK,ASW,CE,Federal Contract Tower,2,0,4,0,6,0,0,20,0,20,2,0,24,0,26,0,0,0,26
02/16/2020,LAW,OK,ASW,CE,Federal Contract Tower,4,0,8,0,12,0,0,8,0,8,4,0,16,0,20,3,0,3,23
02/17/2020,LAW,OK,ASW,CE,Federal Contract Tower,5,0,5,0,10,0,0,7,0,7,5,0,12,0,17,0,0,0,17
02/18/2020,LAW,OK,ASW,CE,Federal Contract Tower,4,0,1,52,57,0,0,5,0,5,4,0,6,52,62,0,0,0,62
02/19/2020,LAW,OK,ASW,CE,Federal Contract Tower,4,0,14,106,124,0,0,6,0,6,4,0,20,106,130,0,0,0,130
02/20/2020,LAW,OK,ASW,CE,Federal Contract Tower,6,0,18,92,116,0,0,3,0,3,6,0,21,92,119,6,0,6,125
02/21/2020,LAW,OK,ASW,CE,Federal Contract Tower,6,0,3,52,61,0,0,16,7,23,6,0,19,59,84,0,13,13,97
02/22/2020,LAW,OK,ASW,CE,Federal Contract Tower,4,0,18,0,22,0,0,13,0,13,4,0,31,0,35,0,0,0,35
02/23/2020,LAW,OK,ASW,CE,Federal Contract Tower,6,0,2,0,8,0,0,2,0,2,6,0,4,0,10,0,0,0,10
02/24/2020,LAW,OK,ASW,CE,Federal Contract Tower,6,0,7,54,67,0,0,4,5,9,6,0,11,59,76,19,0,19,95
02/25/2020,LAW,OK,ASW,CE,Federal Contract Tower,4,2,0,56,62,0,0,1,2,3,4,2,1,58,65,0,0,0,65
02/26/2020,LAW,OK,ASW,CE,Federal Contract Tower,4,0,10,80,94,0,0,5,4,9,4,0,15,84,103,4,0,4,107
02/27/2020,LAW,OK,ASW,CE,Federal Contract Tower,6,0,12,42,60,0,0,15,0,15,6,0,27,42,75,12,0,12,87
02/28/2020,LAW,OK,ASW,CE,Federal Contract Tower,6,2,19,34,61,0,0,11,0,11,6,2,30,34,72,2,0,2,74
02/29/2020,LAW,OK,ASW,CE,Federal Contract Tower,4,0,7,0,11,0,0,12,0,12,4,0,19,0,23,6,0,6,29
03/01/2020,LAW,OK,ASW,CE,Federal Contract Tower,6,0,3,20,29,0,0,1,2,3,6,0,4,22,32,12,0,12,44
03/02/2020,LAW,OK,ASW,CE,Federal Contract Tower,6,0,4,38,48,0,0,5,1,6,6,0,9,39,54,0,4,4,58
03/03/2020,LAW,OK,ASW,CE,Federal Contract Tower,4,2,8,26,40,0,0,11,4,15,4,2,19,30,55,0,0,0,55
03/04/2020,LAW,OK,ASW,CE,Federal Contract Tower,4,0,1,112,117,0,0,8,0,8,4,0,9,112,125,0,0,0,125
03/05/2020,LAW,OK,ASW,CE,Federal Contract Tower,5,0,5,38,48,0,0,14,0,14,5,0,19,38,62,0,0,0,62
03/06/2020,LAW,OK,ASW,CE,Federal Contract Tower,5,0,1,74,80,0,0,20,4,24,5,0,21,78,104,12,0,12,116
03/07/2020,LAW,OK,ASW,CE,Federal Contract Tower,5,0,5,0,10,0,0,21,0,21,5,0,26,0,31,4,0,4,35
03/08/2020,LAW,OK,ASW,CE,Federal Contract Tower,5,0,24,0,29,0,0,0,0,0,5,0,24,0,29,0,0,0,29
03/09/2020,LAW,OK,ASW,CE,Federal Contract Tower,5,0,1,36,42,0,0,0,0,0,5,0,1,36,42,0,6,6,48
03/10/2020,LAW,OK,ASW,CE,Federal Contract Tower,5,0,12,30,47,0,0,13,0,13,5,0,25,30,60,0,0,0,60
03/11/2020,LAW,OK,ASW,CE,Federal Contract Tower,5,0,20,54,79,0,0,16,0,16,5,0,36,54,95,3,0,3,98
03/12/2020,LAW,OK,ASW,CE,Federal Contract Tower,5,0,10,30,45,0,0,6,0,6,5,0,16,30,51,0,0,0,51
03/13/2020,LAW,OK,ASW,CE,Federal Contract Tower,4,0,4,0,8,0,0,0,0,0,4,0,4,0,8,0,0,0,8
03/14/2020,LAW,OK,ASW,CE,Federal Contract Tower,7,0,4,0,11,0,0,1,0,1,7,0,5,0,12,2,0,2,14
03/15/2020,LAW,OK,ASW,CE,Federal Contract Tower,5,0,1,0,6,0,0,0,0,0,5,0,1,0,6,0,0,0,6
03/16/2020,LAW,OK,ASW,CE,Federal Contract Tower,5,0,2,0,7,0,0,0,0,0,5,0,2,0,7,0,0,0,7
03/17/2020,LAW,OK,ASW,CE,Federal Contract Tower,6,0,1,0,7,0,0,0,0,0,6,0,1,0,7,0,0,0,7
03/18/2020,LAW,OK,ASW,CE,Federal Contract Tower,5,0,8,2,15,0,0,3,0,3,5,0,11,2,18,0,0,0,18
03/19/2020,LAW,OK,ASW,CE,Federal Contract Tower,5,0,6,8,19,0,0,8,0,8,5,0,14,8,27,0,0,0,27
03/20/2020,LAW,OK,ASW,CE,Federal Contract Tower,5,0,8,66,79,0,0,11,0,11,5,0,19,66,90,0,0,0,90
03/21/2020,LAW,OK,ASW,CE,Federal Contract Tower,6,0,0,0,6,0,0,5,0,5,6,0,5,0,11,4,0,4,15
03/22/2020,LAW,OK,ASW,CE,Federal Contract Tower,5,0,0,1,6,0,0,0,0,0,5,0,0,1,6,7,0,7,13
03/24/2020,LAW,OK,ASW,CE,Federal Contract Tower,3,0,2,27,32,0,0,4,1,5,3,0,6,28,37,0,36,36,73
03/25/2020,LAW,OK,ASW,CE,Federal Contract Tower,5,0,0,26,31,0,0,13,0,13,5,0,13,26,44,0,0,0,44
03/26/2020,LAW,OK,ASW,CE,Federal Contract Tower,3,0,2,26,31,0,0,22,0,22,3,0,24,26,53,10,0,10,63
03/27/2020,LAW,OK,ASW,CE,Federal Contract Tower,5,0,2,44,51,0,0,3,0,3,5,0,5,44,54,4,0,4,58
03/28/2020,LAW,OK,ASW,CE,Federal Contract Tower,5,0,0,0,5,0,0,8,0,8,5,0,8,0,13,0,0,0,13
03/29/2020,LAW,OK,ASW,CE,Federal Contract Tower,3,0,2,0,5,0,0,12,0,12,3,0,14,0,17,18,0,18,35
03/30/2020,LAW,OK,ASW,CE,Federal Contract Tower,3,0,1,0,4,0,0,1,0,1,3,0,2,0,5,0,0,0,5
03/31/2020,LAW,OK,ASW,CE,Federal Contract Tower,3,0,4,46,53,0,0,7,2,9,3,0,11,48,62,16,4,20,82
04/01/2020,LAW,OK,ASW,CE,Federal Contract Tower,5,0,0,32,37,0,0,18,0,18,5,0,18,32,55,6,0,6,61
04/02/2020,LAW,OK,ASW,CE,Federal Contract Tower,3,0,8,42,53,0,0,4,0,4,3,0,12,42,57,11,0,11,68
04/03/2020,LAW,OK,ASW,CE,Federal Contract Tower,2,0,1,0,3,0,0,0,0,0,2,0,1,0,3,0,0,0,3
04/04/2020,LAW,OK,ASW,CE,Federal Contract Tower,5,0,11,2,18,0,0,6,0,6,5,0,17,2,24,10,0,10,34
04/05/2020,LAW,OK,ASW,CE,Federal Contract Tower,0,0,4,0,4,0,0,0,0,0,0,0,4,0,4,0,0,0,4
04/06/2020,LAW,OK,ASW,CE,Federal Contract Tower,1,0,7,60,68,0,0,0,0,0,1,0,7,60,68,0,0,0,68
04/07/2020,LAW,OK,ASW,CE,Federal Contract Tower,0,0,5,42,47,0,0,6,0,6,0,0,11,42,53,10,0,10,63
04/08/2020,LAW,OK,ASW,CE,Federal Contract Tower,0,0,2,28,30,0,0,6,4,10,0,0,8,32,40,0,4,4,44
04/09/2020,LAW,OK,ASW,CE,Federal Contract Tower,0,0,4,38,42,0,0,12,0,12,0,0,16,38,54,0,0,0,54
04/10/2020,LAW,OK,ASW,CE,Federal Contract Tower,0,0,1,40,41,0,0,6,2,8,0,0,7,42,49,0,0,0,49
04/11/2020,LAW,OK,ASW,CE,Federal Contract Tower,0,0,0,0,0,0,0,4,0,4,0,0,4,0,4,10,0,10,14
04/12/2020,LAW,OK,ASW,CE,Federal Contract Tower,0,0,2,0,2,0,0,8,0,8,0,0,10,0,10,0,0,0,10
04/13/2020,LAW,OK,ASW,CE,Federal Contract Tower,0,0,2,48,50,0,0,10,0,10,0,0,12,48,60,12,0,12,72
04/14/2020,LAW,OK,ASW,CE,Federal Contract Tower,0,0,0,0,0,0,0,0,0,0,0,0,0,0,0,0,0,0,0
04/15/2020,LAW,OK,ASW,CE,Federal Contract Tower,0,0,8,40,48,0,0,6,4,10,0,0,14,44,58,8,0,8,66
04/16/2020,LAW,OK,ASW,CE,Federal Contract Tower,0,0,5,70,75,0,0,10,0,10,0,0,15,70,85,2,0,2,87
04/17/2020,LAW,OK,ASW,CE,Federal Contract Tower,0,0,0,52,52,0,0,3,0,3,0,0,3,52,55,0,0,0,55
04/18/2020,LAW,OK,ASW,CE,Federal Contract Tower,0,0,3,0,3,0,0,15,0,15,0,0,18,0,18,16,0,16,34
04/19/2020,LAW,OK,ASW,CE,Federal Contract Tower,0,0,2,0,2,0,0,2,0,2,0,0,4,0,4,0,0,0,4
04/20/2020,LAW,OK,ASW,CE,Federal Contract Tower,0,0,1,82,83,0,0,16,0,16,0,0,17,82,99,12,0,12,111
04/21/2020,LAW,OK,ASW,CE,Federal Contract Tower,2,0,3,32,37,0,0,7,0,7,2,0,10,32,44,4,0,4,48
04/22/2020,LAW,OK,ASW,CE,Federal Contract Tower,2,0,0,54,56,0,0,4,2,6,2,0,4,56,62,0,2,2,64
04/23/2020,LAW,OK,ASW,CE,Federal Contract Tower,2,0,2,80,84,0,0,14,0,14,2,0,16,80,98,0,0,0,98
04/24/2020,LAW,OK,ASW,CE,Federal Contract Tower,4,0,3,36,43,0,0,7,2,9,4,0,10,38,52,4,6,10,62
04/25/2020,LAW,OK,ASW,CE,Federal Contract Tower,0,0,5,6,11,0,0,13,0,13,0,0,18,6,24,6,0,6,30
04/27/2020,LAW,OK,ASW,CE,Federal Contract Tower,0,0,2,72,74,0,0,5,0,5,0,0,7,72,79,0,0,0,79
04/28/2020,LAW,OK,ASW,CE,Federal Contract Tower,0,0,4,56,60,0,0,1,2,3,0,0,5,58,63,0,0,0,63
04/29/2020,LAW,OK,ASW,CE,Federal Contract Tower,2,0,3,74,79,0,0,17,0,17,2,0,20,74,96,0,0,0,96
04/30/2020,LAW,OK,ASW,CE,Federal Contract Tower,2,0,17,26,45,0,0,14,0,14,2,0,31,26,59,0,0,0,59
05/01/2020,LAW,OK,ASW,CE,Federal Contract Tower,5,0,7,30,42,0,0,6,0,6,5,0,13,30,48,0,8,8,56
05/02/2020,LAW,OK,ASW,CE,Federal Contract Tower,4,0,10,0,14,0,0,10,0,10,4,0,20,0,24,8,0,8,32
05/03/2020,LAW,OK,ASW,CE,Federal Contract Tower,2,0,0,7,9,0,0,7,0,7,2,0,7,7,16,8,0,8,24
05/04/2020,LAW,OK,ASW,CE,Federal Contract Tower,2,0,0,30,32,0,0,5,2,7,2,0,5,32,39,0,0,0,39
05/05/2020,LAW,OK,ASW,CE,Federal Contract Tower,5,0,4,57,66,0,0,7,0,7,5,0,11,57,73,0,0,0,73
05/06/2020,LAW,OK,ASW,CE,Federal Contract Tower,4,0,2,32,38,0,0,12,0,12,4,0,14,32,50,10,0,10,60
05/07/2020,LAW,OK,ASW,CE,Federal Contract Tower,0,0,1,55,56,0,0,8,0,8,0,0,9,55,64,0,0,0,64
05/08/2020,LAW,OK,ASW,CE,Federal Contract Tower,6,0,0,54,60,0,0,5,0,5,6,0,5,54,65,0,0,0,65
05/09/2020,LAW,OK,ASW,CE,Federal Contract Tower,0,0,26,0,26,0,0,19,0,19,0,0,45,0,45,16,0,16,61
05/10/2020,LAW,OK,ASW,CE,Federal Contract Tower,0,0,12,4,16,0,0,12,0,12,0,0,24,4,28,4,0,4,32
05/11/2020,LAW,OK,ASW,CE,Federal Contract Tower,0,0,16,34,50,0,0,5,0,5,0,0,21,34,55,6,0,6,61
05/12/2020,LAW,OK,ASW,CE,Federal Contract Tower,8,0,6,90,104,0,0,0,0,0,8,0,6,90,104,0,0,0,104
05/13/2020,LAW,OK,ASW,CE,Federal Contract Tower,0,0,13,47,60,0,0,0,1,1,0,0,13,48,61,0,6,6,67
05/14/2020,LAW,OK,ASW,CE,Federal Contract Tower,0,0,6,32,38,0,0,15,0,15,0,0,21,32,53,0,0,0,53
05/15/2020,LAW,OK,ASW,CE,Federal Contract Tower,5,0,1,14,20,0,0,3,0,3,5,0,4,14,23,0,0,0,23
05/16/2020,LAW,OK,ASW,CE,Federal Contract Tower,3,0,5,3,11,0,0,4,0,4,3,0,9,3,15,0,0,0,15
05/17/2020,LAW,OK,ASW,CE,Federal Contract Tower,0,0,6,7,13,0,0,7,0,7,0,0,13,7,20,0,0,0,20
05/18/2020,LAW,OK,ASW,CE,Federal Contract Tower,2,0,18,46,66,0,0,7,6,13,2,0,25,52,79,0,0,0,79
05/19/2020,LAW,OK,ASW,CE,Federal Contract Tower,0,0,3,34,37,0,0,13,0,13,0,0,16,34,50,8,3,11,61
05/20/2020,LAW,OK,ASW,CE,Federal Contract Tower,0,0,7,86,93,0,0,2,0,2,0,0,9,86,95,0,0,0,95
05/21/2020,LAW,OK,ASW,CE,Federal Contract Tower,0,0,1,96,97,0,0,3,0,3,0,0,4,96,100,0,0,0,100
05/22/2020,LAW,OK,ASW,CE,Federal Contract Tower,6,0,4,0,10,0,0,13,0,13,6,0,17,0,23,0,0,0,23
05/23/2020,LAW,OK,ASW,CE,Federal Contract Tower,1,0,2,0,3,0,0,7,0,7,1,0,9,0,10,0,0,0,10
05/24/2020,LAW,OK,ASW,CE,Federal Contract Tower,0,0,6,0,6,0,0,6,0,6,0,0,12,0,12,0,0,0,12
05/25/2020,LAW,OK,ASW,CE,Federal Contract Tower,0,0,6,0,6,0,0,2,0,2,0,0,8,0,8,0,0,0,8
05/26/2020,LAW,OK,ASW,CE,Federal Contract Tower,1,0,12,64,77,0,0,2,12,14,1,0,14,76,91,0,3,3,94
05/27/2020,LAW,OK,ASW,CE,Federal Contract Tower,2,0,9,96,107,0,0,16,0,16,2,0,25,96,123,10,0,10,133
05/28/2020,LAW,OK,ASW,CE,Federal Contract Tower,4,0,10,54,68,0,0,6,3,9,4,0,16,57,77,0,6,6,83
05/29/2020,LAW,OK,ASW,CE,Federal Contract Tower,2,0,8,60,70,0,0,12,0,12,2,0,20,60,82,0,0,0,82
05/30/2020,LAW,OK,ASW,CE,Federal Contract Tower,0,0,1,0,1,0,0,0,0,0,0,0,1,0,1,0,0,0,1
05/31/2020,LAW,OK,ASW,CE,Federal Contract Tower,0,0,0,0,0,0,0,12,0,12,0,0,12,0,12,10,0,10,22
06/01/2020,LAW,OK,ASW,CE,Federal Contract Tower,2,0,8,37,47,0,0,6,0,6,2,0,14,37,53,0,0,0,53
06/02/2020,LAW,OK,ASW,CE,Federal Contract Tower,1,0,2,76,79,0,0,10,0,10,1,0,12,76,89,2,0,2,91
06/03/2020,LAW,OK,ASW,CE,Federal Contract Tower,3,0,6,42,51,0,0,9,2,11,3,0,15,44,62,0,0,0,62
06/04/2020,LAW,OK,ASW,CE,Federal Contract Tower,3,0,15,96,114,0,0,12,0,12,3,0,27,96,126,0,0,0,126
06/05/2020,LAW,OK,ASW,CE,Federal Contract Tower,0,0,4,57,61,0,0,14,0,14,0,0,18,57,75,10,4,14,89
06/06/2020,LAW,OK,ASW,CE,Federal Contract Tower,0,0,0,0,0,0,0,4,0,4,0,0,4,0,4,0,0,0,4
06/07/2020,LAW,OK,ASW,CE,Federal Contract Tower,0,0,3,0,3,0,0,9,0,9,0,0,12,0,12,8,0,8,20
06/08/2020,LAW,OK,ASW,CE,Federal Contract Tower,2,0,3,34,39,0,0,7,0,7,2,0,10,34,46,0,0,0,46
06/09/2020,LAW,OK,ASW,CE,Federal Contract Tower,2,0,1,2,5,0,0,1,0,1,2,0,2,2,6,0,0,0,6
06/10/2020,LAW,OK,ASW,CE,Federal Contract Tower,0,0,2,50,52,0,0,20,0,20,0,0,22,50,72,5,0,5,77
06/11/2020,LAW,OK,ASW,CE,Federal Contract Tower,0,0,5,48,53,0,0,17,3,20,0,0,22,51,73,4,4,8,81
06/12/2020,LAW,OK,ASW,CE,Federal Contract Tower,0,0,11,46,57,0,0,23,0,23,0,0,34,46,80,6,2,8,88
06/13/2020,LAW,OK,ASW,CE,Federal Contract Tower,0,0,3,4,7,0,0,21,0,21,0,0,24,4,28,14,0,14,42
06/14/2020,LAW,OK,ASW,CE,Federal Contract Tower,0,0,1,0,1,0,0,5,0,5,0,0,6,0,6,0,0,0,6
06/15/2020,LAW,OK,ASW,CE,Federal Contract Tower,0,0,14,122,136,0,0,11,0,11,0,0,25,122,147,0,0,0,147
06/16/2020,LAW,OK,ASW,CE,Federal Contract Tower,0,0,16,120,136,0,0,10,0,10,0,0,26,120,146,0,0,0,146
06/17/2020,LAW,OK,ASW,CE,Federal Contract Tower,0,0,5,84,89,0,0,21,0,21,0,0,26,84,110,0,0,0,110
06/18/2020,LAW,OK,ASW,CE,Federal Contract Tower,0,0,8,58,66,0,0,11,0,11,0,0,19,58,77,0,0,0,77
06/19/2020,LAW,OK,ASW,CE,Federal Contract Tower,0,0,8,38,46,0,0,7,0,7,0,0,15,38,53,8,0,8,61
06/20/2020,LAW,OK,ASW,CE,Federal Contract Tower,0,0,8,0,8,0,0,6,0,6,0,0,14,0,14,0,0,0,14
06/21/2020,LAW,OK,ASW,CE,Federal Contract Tower,1,0,1,0,2,0,0,7,0,7,1,0,8,0,9,0,0,0,9
06/22/2020,LAW,OK,ASW,CE,Federal Contract Tower,2,0,13,78,93,0,0,10,0,10,2,0,23,78,103,0,0,0,103
06/23/2020,LAW,OK,ASW,CE,Federal Contract Tower,0,0,3,51,54,0,0,9,1,10,0,0,12,52,64,26,0,26,90
06/24/2020,LAW,OK,ASW,CE,Federal Contract Tower,0,0,6,80,86,0,0,22,0,22,0,0,28,80,108,6,0,6,114
06/25/2020,LAW,OK,ASW,CE,Federal Contract Tower,0,0,9,120,129,0,0,10,0,10,0,0,19,120,139,0,0,0,139
06/26/2020,LAW,OK,ASW,CE,Federal Contract Tower,2,1,6,64,73,0,0,19,0,19,2,1,25,64,92,12,0,12,104
06/27/2020,LAW,OK,ASW,CE,Federal Contract Tower,0,0,1,0,1,0,0,17,0,17,0,0,18,0,18,10,0,10,28
06/28/2020,LAW,OK,ASW,CE,Federal Contract Tower,2,0,0,10,12,0,0,7,0,7,2,0,7,10,19,6,0,6,25
06/29/2020,LAW,OK,ASW,CE,Federal Contract Tower,1,0,3,60,64,0,0,6,0,6,1,0,9,60,70,0,0,0,70
06/30/2020,LAW,OK,ASW,CE,Federal Contract Tower,0,0,8,89,97,0,0,5,0,5,0,0,13,89,102,0,6,6,108
07/01/2020,LAW,OK,ASW,CE,Federal Contract Tower,2,0,7,10,19,0,0,7,1,8,2,0,14,11,27,10,6,16,43
07/02/2020,LAW,OK,ASW,CE,Federal Contract Tower,2,0,10,38,50,0,0,16,0,16,2,0,26,38,66,6,0,6,72
07/03/2020,LAW,OK,ASW,CE,Federal Contract Tower,0,0,9,0,9,0,0,9,0,9,0,0,18,0,18,0,0,0,18
07/04/2020,LAW,OK,ASW,CE,Federal Contract Tower,0,0,0,0,0,0,0,13,0,13,0,0,13,0,13,6,0,6,19
07/05/2020,LAW,OK,ASW,CE,Federal Contract Tower,0,0,0,0,0,0,0,6,0,6,0,0,6,0,6,4,0,4,10
07/06/2020,LAW,OK,ASW,CE,Federal Contract Tower,0,0,2,0,2,0,0,4,0,4,0,0,6,0,6,10,0,10,16
07/07/2020,LAW,OK,ASW,CE,Federal Contract Tower,0,0,7,62,69,0,0,1,0,1,0,0,8,62,70,0,0,0,70
07/08/2020,LAW,OK,ASW,CE,Federal Contract Tower,9,0,4,90,103,0,0,24,2,26,9,0,28,92,129,11,0,11,140
07/09/2020,LAW,OK,ASW,CE,Federal Contract Tower,2,0,8,78,88,0,0,16,6,22,2,0,24,84,110,0,16,16,126
07/10/2020,LAW,OK,ASW,CE,Federal Contract Tower,2,0,3,107,112,0,0,8,1,9,2,0,11,108,121,2,0,2,123
07/11/2020,LAW,OK,ASW,CE,Federal Contract Tower,2,0,14,0,16,0,0,15,0,15,2,0,29,0,31,12,0,12,43
07/12/2020,LAW,OK,ASW,CE,Federal Contract Tower,5,0,9,4,18,0,0,10,0,10,5,0,19,4,28,0,0,0,28
07/13/2020,LAW,OK,ASW,CE,Federal Contract Tower,5,0,10,76,91,0,0,11,0,11,5,0,21,76,102,0,0,0,102
07/14/2020,LAW,OK,ASW,CE,Federal Contract Tower,3,0,0,130,133,0,0,8,10,18,3,0,8,140,151,4,0,4,155
07/15/2020,LAW,OK,ASW,CE,Federal Contract Tower,4,0,15,98,117,0,0,11,4,15,4,0,26,102,132,0,0,0,132
07/16/2020,LAW,OK,ASW,CE,Federal Contract Tower,6,0,12,104,122,0,0,14,2,16,6,0,26,106,138,8,0,8,146
07/17/2020,LAW,OK,ASW,CE,Federal Contract Tower,4,0,6,114,124,0,0,15,0,15,4,0,21,114,139,6,0,6,145
07/18/2020,LAW,OK,ASW,CE,Federal Contract Tower,2,1,3,0,6,0,0,14,2,16,2,1,17,2,22,0,0,0,22
07/19/2020,LAW,OK,ASW,CE,Federal Contract Tower,2,0,0,0,2,0,0,5,0,5,2,0,5,0,7,2,0,2,9
07/20/2020,LAW,OK,ASW,CE,Federal Contract Tower,2,0,6,125,133,0,0,10,1,11,2,0,16,126,144,4,0,4,148
07/21/2020,LAW,OK,ASW,CE,Federal Contract Tower,3,0,6,118,127,0,0,9,8,17,3,0,15,126,144,0,0,0,144
07/22/2020,LAW,OK,ASW,CE,Federal Contract Tower,5,0,0,157,162,0,0,8,10,18,5,0,8,167,180,11,2,13,193
07/23/2020,LAW,OK,ASW,CE,Federal Contract Tower,2,0,8,76,86,0,0,22,0,22,2,0,30,76,108,6,0,6,114
07/24/2020,LAW,OK,ASW,CE,Federal Contract Tower,5,0,7,138,150,0,0,16,0,16,5,0,23,138,166,6,0,6,172
07/25/2020,LAW,OK,ASW,CE,Federal Contract Tower,2,0,7,0,9,0,0,11,0,11,2,0,18,0,20,8,0,8,28
07/26/2020,LAW,OK,ASW,CE,Federal Contract Tower,2,0,11,18,31,0,0,5,0,5,2,0,16,18,36,15,0,15,51
07/27/2020,LAW,OK,ASW,CE,Federal Contract Tower,2,0,0,194,196,0,0,14,4,18,2,0,14,198,214,0,0,0,214
07/28/2020,LAW,OK,ASW,CE,Federal Contract Tower,4,0,4,120,128,0,0,7,0,7,4,0,11,120,135,0,0,0,135
07/29/2020,LAW,OK,ASW,CE,Federal Contract Tower,3,0,1,124,128,0,0,5,0,5,3,0,6,124,133,0,0,0,133
07/30/2020,LAW,OK,ASW,CE,Federal Contract Tower,2,0,3,152,157,0,0,10,0,10,2,0,13,152,167,0,0,0,167
07/31/2020,LAW,OK,ASW,CE,Federal Contract Tower,6,0,4,146,156,0,1,13,0,14,6,1,17,146,170,0,0,0,170
08/01/2020,LAW,OK,ASW,CE,Federal Contract Tower,2,0,1,0,3,0,0,23,0,23,2,0,24,0,26,22,0,22,48
08/02/2020,LAW,OK,ASW,CE,Federal Contract Tower,2,0,2,0,4,0,0,7,0,7,2,0,9,0,11,16,0,16,27
08/03/2020,LAW,OK,ASW,CE,Federal Contract Tower,2,0,1,96,99,0,0,6,2,8,2,0,7,98,107,0,0,0,107
08/04/2020,LAW,OK,ASW,CE,Federal Contract Tower,4,0,4,101,109,0,0,3,1,4,4,0,7,102,113,0,4,4,117
08/05/2020,LAW,OK,ASW,CE,Federal Contract Tower,4,0,54,0,58,0,0,10,1,11,4,0,64,1,69,26,0,26,95
08/06/2020,LAW,OK,ASW,CE,Federal Contract Tower,4,0,2,54,60,0,0,11,5,16,4,0,13,59,76,42,0,42,118
08/07/2020,LAW,OK,ASW,CE,Federal Contract Tower,6,0,4,79,89,0,0,8,0,8,6,0,12,79,97,0,0,0,97
08/08/2020,LAW,OK,ASW,CE,Federal Contract Tower,2,0,2,0,4,0,0,5,0,5,2,0,7,0,9,8,0,8,17
08/09/2020,LAW,OK,ASW,CE,Federal Contract Tower,2,0,0,2,4,0,0,4,0,4,2,0,4,2,8,22,2,24,32
08/10/2020,LAW,OK,ASW,CE,Federal Contract Tower,2,0,0,82,84,0,0,9,0,9,2,0,9,82,93,18,0,18,111
08/11/2020,LAW,OK,ASW,CE,Federal Contract Tower,3,0,0,102,105,0,0,13,0,13,3,0,13,102,118,0,2,2,120
08/12/2020,LAW,OK,ASW,CE,Federal Contract Tower,7,0,3,89,99,0,0,5,1,6,7,0,8,90,105,34,4,38,143
08/13/2020,LAW,OK,ASW,CE,Federal Contract Tower,4,0,5,60,69,0,0,3,0,3,4,0,8,60,72,0,0,0,72
08/14/2020,LAW,OK,ASW,CE,Federal Contract Tower,4,0,4,36,44,0,3,12,0,15,4,3,16,36,59,10,2,12,71
08/15/2020,LAW,OK,ASW,CE,Federal Contract Tower,2,0,1,0,3,0,0,10,0,10,2,0,11,0,13,6,0,6,19
08/16/2020,LAW,OK,ASW,CE,Federal Contract Tower,2,0,5,0,7,0,0,5,0,5,2,0,10,0,12,10,0,10,22
08/17/2020,LAW,OK,ASW,CE,Federal Contract Tower,2,0,2,41,45,0,0,8,0,8,2,0,10,41,53,0,4,4,57
08/18/2020,LAW,OK,ASW,CE,Federal Contract Tower,3,0,2,104,109,0,0,8,2,10,3,0,10,106,119,0,0,0,119
08/19/2020,LAW,OK,ASW,CE,Federal Contract Tower,3,0,1,122,126,0,0,6,0,6,3,0,7,122,132,0,0,0,132
08/20/2020,LAW,OK,ASW,CE,Federal Contract Tower,2,0,4,110,116,0,0,23,2,25,2,0,27,112,141,4,4,8,149
08/21/2020,LAW,OK,ASW,CE,Federal Contract Tower,6,0,4,74,84,0,1,14,0,15,6,1,18,74,99,6,0,6,105
08/22/2020,LAW,OK,ASW,CE,Federal Contract Tower,2,0,2,0,4,0,0,17,0,17,2,0,19,0,21,14,0,14,35
08/23/2020,LAW,OK,ASW,CE,Federal Contract Tower,2,0,17,0,19,0,0,11,0,11,2,0,28,0,30,34,0,34,64
08/24/2020,LAW,OK,ASW,CE,Federal Contract Tower,2,0,2,120,124,0,0,14,8,22,2,0,16,128,146,4,0,4,150
08/25/2020,LAW,OK,ASW,CE,Federal Contract Tower,3,0,4,76,83,0,0,17,0,17,3,0,21,76,100,0,0,0,100
08/26/2020,LAW,OK,ASW,CE,Federal Contract Tower,3,0,0,103,106,0,0,20,1,21,3,0,20,104,127,16,1,17,144
08/27/2020,LAW,OK,ASW,CE,Federal Contract Tower,2,0,0,70,72,0,0,12,0,12,2,0,12,70,84,10,0,10,94
08/28/2020,LAW,OK,ASW,CE,Federal Contract Tower,4,0,2,95,101,0,0,15,1,16,4,0,17,96,117,0,0,0,117
08/29/2020,LAW,OK,ASW,CE,Federal Contract Tower,2,0,7,0,9,0,1,31,0,32,2,1,38,0,41,18,0,18,59
08/30/2020,LAW,OK,ASW,CE,Federal Contract Tower,2,0,1,6,9,0,0,6,0,6,2,0,7,6,15,12,4,16,31
08/31/2020,LAW,OK,ASW,CE,Federal Contract Tower,2,0,4,60,66,0,0,3,6,9,2,0,7,66,75,8,0,8,83
09/01/2020,LAW,OK,ASW,CE,Federal Contract Tower,2,0,6,28,36,0,0,0,0,0,2,0,6,28,36,6,0,6,42
09/02/2020,LAW,OK,ASW,CE,Federal Contract Tower,3,0,1,70,74,0,0,1,0,1,3,0,2,70,75,0,0,0,75
09/03/2020,LAW,OK,ASW,CE,Federal Contract Tower,2,0,5,94,101,0,0,24,6,30,2,0,29,100,131,14,0,14,145
09/04/2020,LAW,OK,ASW,CE,Federal Contract Tower,2,2,2,0,6,0,0,10,0,10,2,2,12,0,16,0,0,0,16
09/05/2020,LAW,OK,ASW,CE,Federal Contract Tower,5,0,1,0,6,0,3,5,0,8,5,3,6,0,14,0,0,0,14
09/06/2020,LAW,OK,ASW,CE,Federal Contract Tower,2,0,7,0,9,0,0,11,0,11,2,0,18,0,20,2,0,2,22
09/07/2020,LAW,OK,ASW,CE,Federal Contract Tower,2,0,1,0,3,0,0,7,0,7,2,0,8,0,10,0,0,0,10
09/08/2020,LAW,OK,ASW,CE,Federal Contract Tower,4,0,12,52,68,0,0,4,4,8,4,0,16,56,76,6,0,6,82
09/09/2020,LAW,OK,ASW,CE,Federal Contract Tower,2,0,1,0,3,0,0,0,0,0,2,0,1,0,3,0,0,0,3
09/10/2020,LAW,OK,ASW,CE,Federal Contract Tower,2,0,2,104,108,0,0,0,0,0,2,0,2,104,108,0,0,0,108
09/11/2020,LAW,OK,ASW,CE,Federal Contract Tower,4,0,4,100,108,0,1,8,0,9,4,1,12,100,117,0,4,4,121
09/12/2020,LAW,OK,ASW,CE,Federal Contract Tower,2,0,13,0,15,0,2,18,0,20,2,2,31,0,35,22,0,22,57
09/13/2020,LAW,OK,ASW,CE,Federal Contract Tower,2,0,1,0,3,0,0,9,2,11,2,0,10,2,14,18,0,18,32
09/14/2020,LAW,OK,ASW,CE,Federal Contract Tower,4,0,1,108,113,0,0,5,3,8,4,0,6,111,121,8,7,15,136
09/15/2020,LAW,OK,ASW,CE,Federal Contract Tower,3,0,2,100,105,0,0,13,8,21,3,0,15,108,126,16,0,16,142
09/16/2020,LAW,OK,ASW,CE,Federal Contract Tower,2,0,2,88,92,0,0,19,4,23,2,0,21,92,115,14,0,14,129
09/17/2020,LAW,OK,ASW,CE,Federal Contract Tower,2,0,7,72,81,0,0,33,0,33,2,0,40,72,114,0,0,0,114
09/18/2020,LAW,OK,ASW,CE,Federal Contract Tower,6,2,6,104,118,0,2,13,0,15,6,4,19,104,133,6,0,6,139
09/19/2020,LAW,OK,ASW,CE,Federal Contract Tower,2,0,7,0,9,0,0,11,0,11,2,0,18,0,20,14,0,14,34
09/20/2020,LAW,OK,ASW,CE,Federal Contract Tower,2,0,6,0,8,0,0,3,0,3,2,0,9,0,11,0,0,0,11
09/21/2020,LAW,OK,ASW,CE,Federal Contract Tower,2,0,10,96,108,0,0,13,0,13,2,0,23,96,121,0,2,2,123
09/22/2020,LAW,OK,ASW,CE,Federal Contract Tower,4,0,16,94,114,0,0,0,0,0,4,0,16,94,114,0,0,0,114
09/23/2020,LAW,OK,ASW,CE,Federal Contract Tower,2,0,10,74,86,0,0,5,0,5,2,0,15,74,91,0,0,0,91
09/24/2020,LAW,OK,ASW,CE,Federal Contract Tower,2,0,6,50,58,0,0,22,0,22,2,0,28,50,80,0,0,0,80
09/25/2020,LAW,OK,ASW,CE,Federal Contract Tower,2,0,7,48,57,0,0,13,0,13,2,0,20,48,70,2,0,2,72
09/26/2020,LAW,OK,ASW,CE,Federal Contract Tower,2,0,6,0,8,0,0,13,0,13,2,0,19,0,21,0,0,0,21
09/27/2020,LAW,OK,ASW,CE,Federal Contract Tower,2,0,3,0,5,0,2,6,0,8,2,2,9,0,13,0,0,0,13
09/28/2020,LAW,OK,ASW,CE,Federal Contract Tower,2,0,4,70,76,0,0,20,0,20,2,0,24,70,96,0,0,0,96
09/29/2020,LAW,OK,ASW,CE,Federal Contract Tower,3,0,5,50,58,0,0,6,0,6,3,0,11,50,64,26,4,30,94
09/30/2020,LAW,OK,ASW,CE,Federal Contract Tower,4,0,0,50,54,0,0,30,2,32,4,0,30,52,86,20,0,20,106
10/01/2020,LAW,OK,ASW,CE,Federal Contract Tower,2,0,7,62,71,0,0,23,0,23,2,0,30,62,94,0,0,0,94
10/02/2020,LAW,OK,ASW,CE,Federal Contract Tower,2,0,2,52,56,0,1,11,0,12,2,1,13,52,68,8,0,8,76
10/03/2020,LAW,OK,ASW,CE,Federal Contract Tower,2,0,0,0,2,0,0,9,0,9,2,0,9,0,11,0,0,0,11
10/04/2020,LAW,OK,ASW,CE,Federal Contract Tower,2,0,6,0,8,0,0,11,0,11,2,0,17,0,19,50,0,50,69
10/05/2020,LAW,OK,ASW,CE,Federal Contract Tower,2,0,3,70,75,0,0,7,2,9,2,0,10,72,84,0,2,2,86
10/06/2020,LAW,OK,ASW,CE,Federal Contract Tower,3,0,6,80,89,0,0,12,0,12,3,0,18,80,101,4,0,4,105
10/07/2020,LAW,OK,ASW,CE,Federal Contract Tower,5,0,10,69,84,0,0,15,2,17,5,0,25,71,101,0,0,0,101
10/08/2020,LAW,OK,ASW,CE,Federal Contract Tower,5,0,7,66,78,0,0,17,0,17,5,0,24,66,95,0,0,0,95
10/09/2020,LAW,OK,ASW,CE,Federal Contract Tower,4,0,7,48,59,0,1,6,0,7,4,1,13,48,66,4,0,4,70
10/10/2020,LAW,OK,ASW,CE,Federal Contract Tower,2,0,3,2,7,0,0,14,0,14,2,0,17,2,21,0,0,0,21
10/11/2020,LAW,OK,ASW,CE,Federal Contract Tower,3,0,1,0,4,0,0,17,0,17,3,0,18,0,21,6,0,6,27
10/12/2020,LAW,OK,ASW,CE,Federal Contract Tower,4,0,6,0,10,0,0,0,0,0,4,0,6,0,10,0,0,0,10
10/13/2020,LAW,OK,ASW,CE,Federal Contract Tower,3,0,7,58,68,0,0,12,0,12,3,0,19,58,80,0,0,0,80
10/14/2020,LAW,OK,ASW,CE,Federal Contract Tower,3,0,5,86,94,0,0,8,2,10,3,0,13,88,104,8,0,8,112
10/15/2020,LAW,OK,ASW,CE,Federal Contract Tower,3,0,3,40,46,0,0,3,0,3,3,0,6,40,49,0,0,0,49
10/16/2020,LAW,OK,ASW,CE,Federal Contract Tower,4,0,3,76,83,0,1,31,1,33,4,1,34,77,116,4,2,6,122
10/17/2020,LAW,OK,ASW,CE,Federal Contract Tower,2,0,5,0,7,0,1,9,0,10,2,1,14,0,17,8,0,8,25
10/18/2020,LAW,OK,ASW,CE,Federal Contract Tower,4,0,8,3,15,0,0,4,0,4,4,0,12,3,19,19,0,19,38
10/19/2020,LAW,OK,ASW,CE,Federal Contract Tower,5,0,13,103,121,0,0,4,0,4,5,0,17,103,125,0,8,8,133
10/20/2020,LAW,OK,ASW,CE,Federal Contract Tower,3,0,4,118,125,0,0,4,0,4,3,0,8,118,129,0,0,0,129
10/21/2020,LAW,OK,ASW,CE,Federal Contract Tower,5,0,4,77,86,0,0,8,1,9,5,0,12,78,95,0,26,26,121
10/22/2020,LAW,OK,ASW,CE,Federal Contract Tower,3,0,0,122,125,0,0,6,0,6,3,0,6,122,131,0,0,0,131
10/23/2020,LAW,OK,ASW,CE,Federal Contract Tower,7,0,2,48,57,0,0,4,0,4,7,0,6,48,61,0,0,0,61
10/24/2020,LAW,OK,ASW,CE,Federal Contract Tower,2,0,2,18,22,0,0,21,0,21,2,0,23,18,43,30,0,30,73
10/25/2020,LAW,OK,ASW,CE,Federal Contract Tower,2,0,5,0,7,0,0,0,0,0,2,0,5,0,7,0,0,0,7
10/26/2020,LAW,OK,ASW,CE,Federal Contract Tower,4,0,0,0,4,0,0,0,0,0,4,0,0,0,4,0,0,0,4
10/27/2020,LAW,OK,ASW,CE,Federal Contract Tower,0,0,0,0,0,0,0,0,0,0,0,0,0,0,0,0,0,0,0
10/28/2020,LAW,OK,ASW,CE,Federal Contract Tower,3,0,2,0,5,0,0,0,0,0,3,0,2,0,5,0,0,0,5
10/29/2020,LAW,OK,ASW,CE,Federal Contract Tower,3,0,8,150,161,0,0,12,2,14,3,0,20,152,175,0,0,0,175
10/30/2020,LAW,OK,ASW,CE,Federal Contract Tower,6,0,9,132,147,0,0,12,0,12,6,0,21,132,159,0,0,0,159
10/31/2020,LAW,OK,ASW,CE,Federal Contract Tower,3,0,3,0,6,0,1,24,0,25,3,1,27,0,31,12,0,12,43
11/01/2020,LAW,OK,ASW,CE,Federal Contract Tower,4,0,4,9,17,0,0,8,0,8,4,0,12,9,25,0,0,0,25
11/02/2020,LAW,OK,ASW,CE,Federal Contract Tower,4,0,0,80,84,0,0,3,0,3,4,0,3,80,87,0,0,0,87
11/03/2020,LAW,OK,ASW,CE,Federal Contract Tower,4,0,4,56,64,0,0,19,0,19,4,0,23,56,83,0,0,0,83
11/04/2020,LAW,OK,ASW,CE,Federal Contract Tower,3,0,8,42,53,0,0,11,12,23,3,0,19,54,76,15,0,15,91
11/05/2020,LAW,OK,ASW,CE,Federal Contract Tower,3,0,3,84,90,0,0,31,0,31,3,0,34,84,121,21,0,21,142
11/06/2020,LAW,OK,ASW,CE,Federal Contract Tower,4,0,4,36,44,0,0,4,0,4,4,0,8,36,48,18,0,18,66
11/07/2020,LAW,OK,ASW,CE,Federal Contract Tower,4,0,2,0,6,0,0,10,0,10,4,0,12,0,16,0,0,0,16
11/08/2020,LAW,OK,ASW,CE,Federal Contract Tower,4,0,0,0,4,0,0,16,0,16,4,0,16,0,20,20,0,20,40
11/09/2020,LAW,OK,ASW,CE,Federal Contract Tower,3,0,4,43,50,0,0,1,0,1,3,0,5,43,51,0,2,2,53
11/10/2020,LAW,OK,ASW,CE,Federal Contract Tower,3,0,1,24,28,0,0,17,0,17,3,0,18,24,45,32,0,32,77
11/11/2020,LAW,OK,ASW,CE,Federal Contract Tower,3,0,3,0,6,0,0,19,0,19,3,0,22,0,25,0,0,0,25
11/12/2020,LAW,OK,ASW,CE,Federal Contract Tower,3,0,4,34,41,0,0,11,0,11,3,0,15,34,52,27,0,27,79
11/13/2020,LAW,OK,ASW,CE,Federal Contract Tower,4,0,1,36,41,0,0,6,0,6,4,0,7,36,47,14,2,16,63
11/14/2020,LAW,OK,ASW,CE,Federal Contract Tower,4,0,5,0,9,0,0,12,0,12,4,0,17,0,21,2,0,2,23
11/15/2020,LAW,OK,ASW,CE,Federal Contract Tower,4,0,1,0,5,0,0,23,0,23,4,0,24,0,28,12,2,14,42
11/16/2020,LAW,OK,ASW,CE,Federal Contract Tower,4,0,2,40,46,0,0,11,2,13,4,0,13,42,59,0,0,0,59
11/17/2020,LAW,OK,ASW,CE,Federal Contract Tower,3,0,5,26,34,0,0,25,0,25,3,0,30,26,59,40,0,40,99
11/18/2020,LAW,OK,ASW,CE,Federal Contract Tower,3,0,1,42,46,0,0,12,0,12,3,0,13,42,58,0,0,0,58
11/19/2020,LAW,OK,ASW,CE,Federal Contract Tower,4,0,6,48,58,0,0,10,2,12,4,0,16,50,70,0,0,0,70
11/20/2020,LAW,OK,ASW,CE,Federal Contract Tower,4,0,11,57,72,0,0,6,1,7,4,0,17,58,79,0,0,0,79
11/21/2020,LAW,OK,ASW,CE,Federal Contract Tower,4,0,2,1,7,0,0,3,1,4,4,0,5,2,11,0,4,4,15
11/22/2020,LAW,OK,ASW,CE,Federal Contract Tower,4,0,0,1,5,0,0,4,0,4,4,0,4,1,9,0,0,0,9
11/23/2020,LAW,OK,ASW,CE,Federal Contract Tower,2,0,4,44,50,0,0,4,0,4,2,0,8,44,54,0,0,0,54
11/24/2020,LAW,OK,ASW,CE,Federal Contract Tower,4,0,1,46,51,0,0,6,0,6,4,0,7,46,57,0,0,0,57
11/25/2020,LAW,OK,ASW,CE,Federal Contract Tower,3,0,6,64,73,0,0,14,0,14,3,0,20,64,87,0,0,0,87
11/26/2020,LAW,OK,ASW,CE,Federal Contract Tower,0,0,4,0,4,0,0,8,0,8,0,0,12,0,12,16,0,16,28
11/27/2020,LAW,OK,ASW,CE,Federal Contract Tower,2,0,1,0,3,0,0,10,0,10,2,0,11,0,13,0,0,0,13
11/28/2020,LAW,OK,ASW,CE,Federal Contract Tower,6,0,0,0,6,0,0,0,0,0,6,0,0,0,6,0,0,0,6
11/29/2020,LAW,OK,ASW,CE,Federal Contract Tower,6,0,2,0,8,0,0,3,0,3,6,0,5,0,11,0,0,0,11
11/30/2020,LAW,OK,ASW,CE,Federal Contract Tower,6,0,3,0,9,0,0,18,1,19,6,0,21,1,28,6,0,6,34
12/01/2020,LAW,OK,ASW,CE,Federal Contract Tower,4,0,7,0,11,0,0,7,0,7,4,0,14,0,18,0,0,0,18
12/02/2020,LAW,OK,ASW,CE,Federal Contract Tower,0,0,0,0,0,0,0,0,0,0,0,0,0,0,0,0,0,0,0
12/03/2020,LAW,OK,ASW,CE,Federal Contract Tower,0,0,0,0,0,1,0,2,0,3,1,0,2,0,3,0,0,0,3
12/04/2020,LAW,OK,ASW,CE,Federal Contract Tower,0,0,0,1,1,5,0,19,1,25,5,0,19,2,26,6,0,6,32
12/05/2020,LAW,OK,ASW,CE,Federal Contract Tower,0,0,0,0,0,2,0,9,0,11,2,0,9,0,11,10,0,10,21
12/06/2020,LAW,OK,ASW,CE,Federal Contract Tower,0,0,0,0,0,4,0,10,0,14,4,0,10,0,14,0,0,0,14
12/07/2020,LAW,OK,ASW,CE,Federal Contract Tower,0,0,0,0,0,4,0,12,0,16,4,0,12,0,16,6,0,6,22
12/08/2020,LAW,OK,ASW,CE,Federal Contract Tower,0,0,0,0,0,2,0,11,0,13,2,0,11,0,13,0,0,0,13
12/09/2020,LAW,OK,ASW,CE,Federal Contract Tower,0,0,0,0,0,2,0,25,0,27,2,0,25,0,27,12,0,12,39
12/10/2020,LAW,OK,ASW,CE,Federal Contract Tower,0,0,0,0,0,4,0,18,0,22,4,0,18,0,22,0,0,0,22
12/11/2020,LAW,OK,ASW,CE,Federal Contract Tower,0,0,0,0,0,4,0,16,0,20,4,0,16,0,20,0,0,0,20
12/12/2020,LAW,OK,ASW,CE,Federal Contract Tower,0,0,0,0,0,3,0,11,0,14,3,0,11,0,14,10,0,10,24
12/13/2020,LAW,OK,ASW,CE,Federal Contract Tower,0,0,0,0,0,0,0,1,0,1,0,0,1,0,1,0,0,0,1
12/14/2020,LAW,OK,ASW,CE,Federal Contract Tower,0,0,0,0,0,5,0,10,0,15,5,0,10,0,15,0,0,0,15
12/15/2020,LAW,OK,ASW,CE,Federal Contract Tower,0,0,0,0,0,0,0,0,0,0,0,0,0,0,0,0,0,0,0
12/16/2020,LAW,OK,ASW,CE,Federal Contract Tower,0,0,0,0,0,2,0,1,0,3,2,0,1,0,3,0,0,0,3
12/17/2020,LAW,OK,ASW,CE,Federal Contract Tower,0,0,0,0,0,6,1,16,2,25,6,1,16,2,25,2,0,2,27
12/18/2020,LAW,OK,ASW,CE,Federal Contract Tower,0,0,0,0,0,6,5,7,0,18,6,5,7,0,18,0,0,0,18
12/19/2020,LAW,OK,ASW,CE,Federal Contract Tower,0,0,0,0,0,6,0,10,0,16,6,0,10,0,16,12,0,12,28
12/20/2020,LAW,OK,ASW,CE,Federal Contract Tower,0,0,0,0,0,6,0,10,0,16,6,0,10,0,16,8,0,8,24
12/21/2020,LAW,OK,ASW,CE,Federal Contract Tower,0,0,0,0,0,6,0,8,2,16,6,0,8,2,16,0,0,0,16
12/22/2020,LAW,OK,ASW,CE,Federal Contract Tower,0,0,0,0,0,6,0,16,0,22,6,0,16,0,22,0,0,0,22
12/23/2020,LAW,OK,ASW,CE,Federal Contract Tower,0,0,0,0,0,6,0,9,0,15,6,0,9,0,15,6,0,6,21
12/24/2020,LAW,OK,ASW,CE,Federal Contract Tower,0,0,0,0,0,2,0,4,0,6,2,0,4,0,6,0,0,0,6
12/25/2020,LAW,OK,ASW,CE,Federal Contract Tower,0,0,0,0,0,2,1,2,0,5,2,1,2,0,5,0,0,0,5
12/26/2020,LAW,OK,ASW,CE,Federal Contract Tower,0,0,0,0,0,6,0,15,0,21,6,0,15,0,21,6,0,6,27
12/27/2020,LAW,OK,ASW,CE,Federal Contract Tower,0,0,0,0,0,6,0,4,0,10,6,0,4,0,10,0,0,0,10
12/28/2020,LAW,OK,ASW,CE,Federal Contract Tower,0,0,0,0,0,3,0,15,0,18,3,0,15,0,18,0,0,0,18
12/29/2020,LAW,OK,ASW,CE,Federal Contract Tower,0,0,0,0,0,0,0,0,0,0,0,0,0,0,0,0,0,0,0
12/30/2020,LAW,OK,ASW,CE,Federal Contract Tower,0,0,0,0,0,0,0,7,0,7,0,0,7,0,7,0,0,0,7
12/31/2020,LAW,OK,ASW,CE,Federal Contract Tower,0,0,0,0,0,2,0,5,0,7,2,0,5,0,7,0,0,0,7
01/01/2021,LAW,OK,ASW,CE,Federal Contract Tower,0,0,0,0,0,0,0,2,0,2,0,0,2,0,2,0,0,0,2
01/02/2021,LAW,OK,ASW,CE,Federal Contract Tower,0,0,0,0,0,7,1,9,0,17,7,1,9,0,17,0,0,0,17
01/03/2021,LAW,OK,ASW,CE,Federal Contract Tower,6,0,10,0,16,0,0,0,0,0,6,0,10,0,16,0,0,0,16
01/04/2021,LAW,OK,ASW,CE,Federal Contract Tower,0,0,0,0,0,6,0,10,0,16,6,0,10,0,16,0,0,0,16
01/05/2021,LAW,OK,ASW,CE,Federal Contract Tower,0,0,0,0,0,4,0,12,0,16,4,0,12,0,16,0,0,0,16
01/06/2021,LAW,OK,ASW,CE,Federal Contract Tower,0,0,0,0,0,4,0,0,0,4,4,0,0,0,4,0,0,0,4
01/07/2021,LAW,OK,ASW,CE,Federal Contract Tower,0,0,0,0,0,4,0,6,0,10,4,0,6,0,10,0,0,0,10
01/08/2021,LAW,OK,ASW,CE,Federal Contract Tower,0,0,0,0,0,4,0,2,0,6,4,0,2,0,6,0,0,0,6
01/09/2021,LAW,OK,ASW,CE,Federal Contract Tower,0,0,0,0,0,5,3,5,0,13,5,3,5,0,13,0,0,0,13
01/10/2021,LAW,OK,ASW,CE,Federal Contract Tower,0,0,0,0,0,0,0,7,0,7,0,0,7,0,7,0,0,0,7
01/11/2021,LAW,OK,ASW,CE,Federal Contract Tower,0,0,0,0,0,5,0,11,0,16,5,0,11,0,16,0,0,0,16
01/12/2021,LAW,OK,ASW,CE,Federal Contract Tower,0,0,0,0,0,4,0,4,0,8,4,0,4,0,8,6,0,6,14
01/13/2021,LAW,OK,ASW,CE,Federal Contract Tower,0,0,0,0,0,4,0,12,0,16,4,0,12,0,16,0,0,0,16
01/14/2021,LAW,OK,ASW,CE,Federal Contract Tower,0,0,0,0,0,4,0,12,0,16,4,0,12,0,16,0,0,0,16
01/15/2021,LAW,OK,ASW,CE,Federal Contract Tower,0,0,0,0,0,0,0,2,0,2,0,0,2,0,2,0,0,0,2
01/16/2021,LAW,OK,ASW,CE,Federal Contract Tower,0,0,0,0,0,4,0,9,0,13,4,0,9,0,13,10,0,10,23
01/17/2021,LAW,OK,ASW,CE,Federal Contract Tower,0,0,0,0,0,4,0,16,0,20,4,0,16,0,20,0,0,0,20
01/18/2021,LAW,OK,ASW,CE,Federal Contract Tower,0,0,0,0,0,4,0,19,0,23,4,0,19,0,23,16,0,16,39
01/19/2021,LAW,OK,ASW,CE,Federal Contract Tower,0,0,0,0,0,4,0,9,0,13,4,0,9,0,13,0,0,0,13
01/20/2021,LAW,OK,ASW,CE,Federal Contract Tower,0,0,0,0,0,4,0,6,2,12,4,0,6,2,12,0,0,0,12
01/21/2021,LAW,OK,ASW,CE,Federal Contract Tower,0,0,0,0,0,4,0,10,0,14,4,0,10,0,14,0,0,0,14
01/22/2021,LAW,OK,ASW,CE,Federal Contract Tower,0,0,0,0,0,4,1,7,0,12,4,1,7,0,12,2,0,2,14
01/23/2021,LAW,OK,ASW,CE,Federal Contract Tower,0,0,0,0,0,0,0,0,0,0,0,0,0,0,0,0,0,0,0
01/24/2021,LAW,OK,ASW,CE,Federal Contract Tower,0,0,0,0,0,0,0,0,0,0,0,0,0,0,0,0,0,0,0
01/25/2021,LAW,OK,ASW,CE,Federal Contract Tower,0,0,0,0,0,1,0,10,0,11,1,0,10,0,11,0,0,0,11
01/26/2021,LAW,OK,ASW,CE,Federal Contract Tower,0,0,0,0,0,5,0,12,0,17,5,0,12,0,17,0,0,0,17
01/27/2021,LAW,OK,ASW,CE,Federal Contract Tower,0,0,0,0,0,4,0,10,0,14,4,0,10,0,14,14,0,14,28
01/28/2021,LAW,OK,ASW,CE,Federal Contract Tower,0,0,0,0,0,4,0,13,0,17,4,0,13,0,17,12,0,12,29
01/29/2021,LAW,OK,ASW,CE,Federal Contract Tower,0,0,0,0,0,5,0,5,0,10,5,0,5,0,10,8,0,8,18
01/30/2021,LAW,OK,ASW,CE,Federal Contract Tower,0,0,0,0,0,0,1,3,0,4,0,1,3,0,4,0,0,0,4
01/31/2021,LAW,OK,ASW,CE,Federal Contract Tower,0,0,0,0,0,5,0,5,0,10,5,0,5,0,10,12,0,12,22
02/01/2021,LAW,OK,ASW,CE,Federal Contract Tower,0,0,0,0,0,4,0,13,0,17,4,0,13,0,17,20,0,20,37
02/02/2021,LAW,OK,ASW,CE,Federal Contract Tower,0,0,0,0,0,4,0,9,0,13,4,0,9,0,13,8,0,8,21
02/03/2021,LAW,OK,ASW,CE,Federal Contract Tower,0,0,0,0,0,4,0,13,0,17,4,0,13,0,17,0,0,0,17
02/04/2021,LAW,OK,ASW,CE,Federal Contract Tower,0,0,0,0,0,4,0,10,0,14,4,0,10,0,14,0,0,0,14
02/05/2021,LAW,OK,ASW,CE,Federal Contract Tower,0,0,1,0,1,4,0,16,0,20,4,0,17,0,21,20,0,20,41
02/06/2021,LAW,OK,ASW,CE,Federal Contract Tower,0,0,0,0,0,3,0,3,0,6,3,0,3,0,6,0,0,0,6
02/07/2021,LAW,OK,ASW,CE,Federal Contract Tower,0,0,0,0,0,3,0,4,0,7,3,0,4,0,7,0,0,0,7
02/08/2021,LAW,OK,ASW,CE,Federal Contract Tower,0,0,0,0,0,0,0,2,0,2,0,0,2,0,2,0,0,0,2
02/09/2021,LAW,OK,ASW,CE,Federal Contract Tower,0,0,0,0,0,1,0,1,0,2,1,0,1,0,2,0,0,0,2
02/10/2021,LAW,OK,ASW,CE,Federal Contract Tower,0,0,0,0,0,0,0,0,0,0,0,0,0,0,0,0,0,0,0
02/11/2021,LAW,OK,ASW,CE,Federal Contract Tower,0,0,0,0,0,0,0,3,0,3,0,0,3,0,3,0,0,0,3
02/12/2021,LAW,OK,ASW,CE,Federal Contract Tower,0,0,0,0,0,0,0,0,0,0,0,0,0,0,0,4,0,4,4
02/13/2021,LAW,OK,ASW,CE,Federal Contract Tower,0,0,0,0,0,5,1,4,0,10,5,1,4,0,10,0,0,0,10
02/14/2021,LAW,OK,ASW,CE,Federal Contract Tower,0,0,0,0,0,0,0,0,0,0,0,0,0,0,0,0,0,0,0
02/15/2021,LAW,OK,ASW,CE,Federal Contract Tower,0,0,0,0,0,0,0,4,0,4,0,0,4,0,4,0,0,0,4
02/16/2021,LAW,OK,ASW,CE,Federal Contract Tower,0,0,0,0,0,0,0,8,0,8,0,0,8,0,8,0,0,0,8
02/17/2021,LAW,OK,ASW,CE,Federal Contract Tower,0,0,0,0,0,0,0,1,0,1,0,0,1,0,1,0,0,0,1
02/18/2021,LAW,OK,ASW,CE,Federal Contract Tower,0,0,0,0,0,0,0,2,0,2,0,0,2,0,2,0,0,0,2
02/19/2021,LAW,OK,ASW,CE,Federal Contract Tower,0,0,0,0,0,0,0,2,0,2,0,0,2,0,2,0,0,0,2
02/20/2021,LAW,OK,ASW,CE,Federal Contract Tower,0,0,0,0,0,4,0,3,0,7,4,0,3,0,7,10,0,10,17
02/21/2021,LAW,OK,ASW,CE,Federal Contract Tower,0,0,0,0,0,5,0,9,0,14,5,0,9,0,14,10,0,10,24
02/22/2021,LAW,OK,ASW,CE,Federal Contract Tower,0,0,0,0,0,4,0,18,0,22,4,0,18,0,22,0,0,0,22
02/23/2021,LAW,OK,ASW,CE,Federal Contract Tower,0,0,0,0,0,4,2,14,0,20,4,2,14,0,20,0,0,0,20
02/24/2021,LAW,OK,ASW,CE,Federal Contract Tower,0,0,0,0,0,4,0,3,0,7,4,0,3,0,7,0,0,0,7
02/25/2021,LAW,OK,ASW,CE,Federal Contract Tower,0,0,0,0,0,1,0,12,2,15,1,0,12,2,15,6,0,6,21
02/26/2021,LAW,OK,ASW,CE,Federal Contract Tower,0,0,0,0,0,3,1,12,0,16,3,1,12,0,16,32,0,32,48
02/27/2021,LAW,OK,ASW,CE,Federal Contract Tower,0,0,0,0,0,0,0,0,0,0,0,0,0,0,0,0,0,0,0
02/28/2021,LAW,OK,ASW,CE,Federal Contract Tower,0,0,0,0,0,4,0,10,0,14,4,0,10,0,14,4,0,4,18
03/01/2021,LAW,OK,ASW,CE,Federal Contract Tower,0,0,0,0,0,4,0,8,0,12,4,0,8,0,12,5,0,5,17
03/02/2021,LAW,OK,ASW,CE,Federal Contract Tower,0,0,0,0,0,4,0,6,2,12,4,0,6,2,12,0,0,0,12
03/03/2021,LAW,OK,ASW,CE,Federal Contract Tower,0,0,0,0,0,4,0,7,0,11,4,0,7,0,11,4,0,4,15
03/04/2021,LAW,OK,ASW,CE,Federal Contract Tower,0,0,0,0,0,4,0,14,0,18,4,0,14,0,18,0,0,0,18
03/05/2021,LAW,OK,ASW,CE,Federal Contract Tower,0,0,0,0,0,3,0,3,1,7,3,0,3,1,7,4,0,4,11
03/06/2021,LAW,OK,ASW,CE,Federal Contract Tower,0,0,0,0,0,4,1,13,1,19,4,1,13,1,19,0,0,0,19
03/07/2021,LAW,OK,ASW,CE,Federal Contract Tower,0,0,0,0,0,4,0,12,0,16,4,0,12,0,16,0,0,0,16
03/08/2021,LAW,OK,ASW,CE,Federal Contract Tower,0,0,0,0,0,4,0,17,2,23,4,0,17,2,23,6,0,6,29
03/09/2021,LAW,OK,ASW,CE,Federal Contract Tower,0,0,0,0,0,4,0,9,2,15,4,0,9,2,15,0,0,0,15
03/10/2021,LAW,OK,ASW,CE,Federal Contract Tower,0,0,0,0,0,4,0,11,2,17,4,0,11,2,17,0,0,0,17
03/11/2021,LAW,OK,ASW,CE,Federal Contract Tower,0,0,0,0,0,4,0,11,1,16,4,0,11,1,16,0,0,0,16
03/12/2021,LAW,OK,ASW,CE,Federal Contract Tower,0,0,0,0,0,4,1,4,3,12,4,1,4,3,12,6,0,6,18
03/13/2021,LAW,OK,ASW,CE,Federal Contract Tower,0,0,0,0,0,3,0,1,1,5,3,0,1,1,5,14,0,14,19
03/14/2021,LAW,OK,ASW,CE,Federal Contract Tower,0,0,0,0,0,2,0,15,0,17,2,0,15,0,17,17,0,17,34
03/15/2021,LAW,OK,ASW,CE,Federal Contract Tower,0,0,0,0,0,2,0,7,45,54,2,0,7,45,54,0,0,0,54
03/16/2021,LAW,OK,ASW,CE,Federal Contract Tower,0,0,0,0,0,6,0,5,1,12,6,0,5,1,12,0,0,0,12
03/17/2021,LAW,OK,ASW,CE,Federal Contract Tower,1,0,1,0,2,1,0,1,0,2,2,0,2,0,4,0,0,0,4
03/18/2021,LAW,OK,ASW,CE,Federal Contract Tower,6,0,5,82,93,0,0,8,2,10,6,0,13,84,103,0,0,0,103
03/19/2021,LAW,OK,ASW,CE,Federal Contract Tower,6,0,0,0,6,0,0,0,0,0,6,0,0,0,6,8,0,8,14
03/20/2021,LAW,OK,ASW,CE,Federal Contract Tower,6,0,1,0,7,0,0,13,0,13,6,0,14,0,20,26,0,26,46
03/21/2021,LAW,OK,ASW,CE,Federal Contract Tower,6,0,1,0,7,0,0,9,4,13,6,0,10,4,20,22,0,22,42
03/22/2021,LAW,OK,ASW,CE,Federal Contract Tower,3,0,1,12,16,0,0,2,0,2,3,0,3,12,18,0,0,0,18
03/23/2021,LAW,OK,ASW,CE,Federal Contract Tower,7,0,2,60,69,0,0,3,3,6,7,0,5,63,75,0,0,0,75
03/24/2021,LAW,OK,ASW,CE,Federal Contract Tower,6,0,1,70,77,0,0,2,1,3,6,0,3,71,80,0,0,0,80
03/25/2021,LAW,OK,ASW,CE,Federal Contract Tower,6,0,2,104,112,0,0,20,0,20,6,0,22,104,132,6,0,6,138
03/26/2021,LAW,OK,ASW,CE,Federal Contract Tower,6,2,1,72,81,0,1,7,0,8,6,3,8,72,89,0,0,0,89
03/27/2021,LAW,OK,ASW,CE,Federal Contract Tower,6,0,1,0,7,0,2,11,0,13,6,2,12,0,20,22,0,22,42
03/28/2021,LAW,OK,ASW,CE,Federal Contract Tower,6,0,3,0,9,0,0,18,0,18,6,0,21,0,27,10,0,10,37
03/29/2021,LAW,OK,ASW,CE,Federal Contract Tower,6,0,5,88,99,0,0,10,0,10,6,0,15,88,109,0,0,0,109
03/30/2021,LAW,OK,ASW,CE,Federal Contract Tower,6,0,3,68,77,0,0,7,4,11,6,0,10,72,88,0,0,0,88
03/31/2021,LAW,OK,ASW,CE,Federal Contract Tower,6,0,3,0,9,0,0,23,0,23,6,0,26,0,32,6,0,6,38
04/01/2021,LAW,OK,ASW,CE,Federal Contract Tower,4,0,3,38,45,0,0,13,0,13,4,0,16,38,58,8,0,8,66
04/02/2021,LAW,OK,ASW,CE,Federal Contract Tower,4,0,2,84,90,0,2,13,0,15,4,2,15,84,105,8,0,8,113
04/03/2021,LAW,OK,ASW,CE,Federal Contract Tower,3,0,0,0,3,0,1,8,2,11,3,1,8,2,14,0,0,0,14
04/04/2021,LAW,OK,ASW,CE,Federal Contract Tower,5,0,3,0,8,0,0,4,0,4,5,0,7,0,12,0,0,0,12
04/05/2021,LAW,OK,ASW,CE,Federal Contract Tower,4,0,8,90,102,0,0,11,0,11,4,0,19,90,113,16,14,30,143
04/06/2021,LAW,OK,ASW,CE,Federal Contract Tower,3,0,2,126,131,0,0,11,0,11,3,0,13,126,142,0,0,0,142
04/07/2021,LAW,OK,ASW,CE,Federal Contract Tower,3,0,6,68,77,0,0,2,0,2,3,0,8,68,79,0,6,6,85
04/08/2021,LAW,OK,ASW,CE,Federal Contract Tower,4,0,5,80,89,0,0,21,0,21,4,0,26,80,110,4,0,4,114
04/09/2021,LAW,OK,ASW,CE,Federal Contract Tower,3,0,0,68,71,0,1,12,1,14,3,1,12,69,85,6,2,8,93
04/10/2021,LAW,OK,ASW,CE,Federal Contract Tower,4,0,1,3,8,0,1,17,5,23,4,1,18,8,31,12,2,14,45
04/11/2021,LAW,OK,ASW,CE,Federal Contract Tower,4,0,8,3,15,0,0,13,0,13,4,0,21,3,28,32,0,32,60
04/12/2021,LAW,OK,ASW,CE,Federal Contract Tower,3,0,0,36,39,0,0,10,2,12,3,0,10,38,51,5,0,5,56
04/13/2021,LAW,OK,ASW,CE,Federal Contract Tower,4,0,4,73,81,0,0,13,0,13,4,0,17,73,94,8,18,26,120
04/14/2021,LAW,OK,ASW,CE,Federal Contract Tower,3,0,7,40,50,0,0,4,0,4,3,0,11,40,54,0,0,0,54
04/15/2021,LAW,OK,ASW,CE,Federal Contract Tower,4,0,9,0,13,0,0,3,0,3,4,0,12,0,16,0,0,0,16
04/16/2021,LAW,OK,ASW,CE,Federal Contract Tower,11,0,10,3,24,0,0,0,0,0,11,0,10,3,24,0,0,0,24
04/17/2021,LAW,OK,ASW,CE,Federal Contract Tower,3,0,8,1,12,0,0,8,0,8,3,0,16,1,20,6,0,6,26
04/18/2021,LAW,OK,ASW,CE,Federal Contract Tower,4,0,0,6,10,0,0,18,2,20,4,0,18,8,30,14,0,14,44
04/19/2021,LAW,OK,ASW,CE,Federal Contract Tower,4,0,1,84,89,0,0,10,2,12,4,0,11,86,101,0,0,0,101
04/20/2021,LAW,OK,ASW,CE,Federal Contract Tower,3,0,0,88,91,0,0,9,0,9,3,0,9,88,100,0,0,0,100
04/21/2021,LAW,OK,ASW,CE,Federal Contract Tower,3,0,6,62,71,0,0,17,0,17,3,0,23,62,88,8,4,12,100
04/22/2021,LAW,OK,ASW,CE,Federal Contract Tower,4,0,9,102,115,0,0,8,0,8,4,0,17,102,123,0,0,0,123
04/23/2021,LAW,OK,ASW,CE,Federal Contract Tower,5,0,6,18,29,0,0,0,0,0,5,0,6,18,29,0,0,0,29
04/24/2021,LAW,OK,ASW,CE,Federal Contract Tower,4,0,3,9,16,0,0,4,2,6,4,0,7,11,22,12,2,14,36
04/25/2021,LAW,OK,ASW,CE,Federal Contract Tower,4,0,0,0,4,0,1,13,0,14,4,1,13,0,18,14,0,14,32
04/26/2021,LAW,OK,ASW,CE,Federal Contract Tower,4,0,2,84,90,0,0,11,2,13,4,0,13,86,103,0,4,4,107
04/27/2021,LAW,OK,ASW,CE,Federal Contract Tower,2,0,9,52,63,0,0,14,0,14,2,0,23,52,77,0,0,0,77
04/28/2021,LAW,OK,ASW,CE,Federal Contract Tower,3,0,6,30,39,0,0,4,0,4,3,0,10,30,43,0,0,0,43
04/29/2021,LAW,OK,ASW,CE,Federal Contract Tower,4,0,11,10,25,0,0,3,0,3,4,0,14,10,28,0,4,4,32
04/30/2021,LAW,OK,ASW,CE,Federal Contract Tower,8,0,5,36,49,0,1,13,0,14,8,1,18,36,63,8,0,8,71
05/01/2021,LAW,OK,ASW,CE,Federal Contract Tower,5,0,6,0,11,0,0,1,0,1,5,0,7,0,12,0,0,0,12
05/02/2021,LAW,OK,ASW,CE,Federal Contract Tower,4,0,12,0,16,0,0,6,0,6,4,0,18,0,22,0,0,0,22
05/03/2021,LAW,OK,ASW,CE,Federal Contract Tower,3,0,3,114,120,0,0,1,0,1,3,0,4,114,121,0,0,0,121
05/04/2021,LAW,OK,ASW,CE,Federal Contract Tower,3,0,6,45,54,0,0,15,0,15,3,0,21,45,69,0,0,0,69
05/05/2021,LAW,OK,ASW,CE,Federal Contract Tower,3,0,6,78,87,0,0,10,4,14,3,0,16,82,101,6,0,6,107
05/06/2021,LAW,OK,ASW,CE,Federal Contract Tower,8,0,4,74,86,0,0,14,5,19,8,0,18,79,105,6,0,6,111
05/07/2021,LAW,OK,ASW,CE,Federal Contract Tower,8,0,4,88,100,0,1,17,4,22,8,1,21,92,122,14,0,14,136
05/08/2021,LAW,OK,ASW,CE,Federal Contract Tower,5,0,0,2,7,0,0,6,0,6,5,0,6,2,13,6,0,6,19
05/09/2021,LAW,OK,ASW,CE,Federal Contract Tower,8,0,0,0,8,0,0,6,0,6,8,0,6,0,14,0,0,0,14
05/10/2021,LAW,OK,ASW,CE,Federal Contract Tower,4,0,5,71,80,0,0,20,0,20,4,0,25,71,100,0,10,10,110
05/11/2021,LAW,OK,ASW,CE,Federal Contract Tower,1,0,2,0,3,0,0,0,0,0,1,0,2,0,3,0,0,0,3
05/12/2021,LAW,OK,ASW,CE,Federal Contract Tower,6,0,5,149,160,0,0,20,4,24,6,0,25,153,184,0,2,2,186
05/13/2021,LAW,OK,ASW,CE,Federal Contract Tower,6,0,4,142,152,0,0,15,4,19,6,0,19,146,171,20,0,20,191
05/14/2021,LAW,OK,ASW,CE,Federal Contract Tower,8,0,4,114,126,0,0,6,3,9,8,0,10,117,135,0,0,0,135
05/15/2021,LAW,OK,ASW,CE,Federal Contract Tower,5,2,0,0,7,0,2,9,0,11,5,4,9,0,18,0,0,0,18
05/16/2021,LAW,OK,ASW,CE,Federal Contract Tower,4,0,1,4,9,0,0,0,4,4,4,0,1,8,13,0,0,0,13
05/17/2021,LAW,OK,ASW,CE,Federal Contract Tower,4,0,0,156,160,0,0,15,0,15,4,0,15,156,175,12,4,16,191
05/18/2021,LAW,OK,ASW,CE,Federal Contract Tower,4,0,0,118,122,0,0,0,0,0,4,0,0,118,122,0,0,0,122
05/19/2021,LAW,OK,ASW,CE,Federal Contract Tower,6,0,1,134,141,0,0,4,1,5,6,0,5,135,146,0,0,0,146
05/20/2021,LAW,OK,ASW,CE,Federal Contract Tower,6,0,2,106,114,0,0,11,0,11,6,0,13,106,125,8,0,8,133
05/21/2021,LAW,OK,ASW,CE,Federal Contract Tower,9,0,6,92,107,0,0,11,0,11,9,0,17,92,118,10,0,10,128
05/22/2021,LAW,OK,ASW,CE,Federal Contract Tower,5,0,6,0,11,0,0,2,0,2,5,0,8,0,13,4,0,4,17
05/23/2021,LAW,OK,ASW,CE,Federal Contract Tower,5,0,1,0,6,0,0,0,0,0,5,0,1,0,6,0,0,0,6
05/24/2021,LAW,OK,ASW,CE,Federal Contract Tower,4,0,2,146,152,0,0,1,0,1,4,0,3,146,153,0,0,0,153
05/25/2021,LAW,OK,ASW,CE,Federal Contract Tower,6,0,4,34,44,0,0,9,2,11,6,0,13,36,55,4,0,4,59
05/26/2021,LAW,OK,ASW,CE,Federal Contract Tower,6,0,10,38,54,0,0,11,0,11,6,0,21,38,65,0,0,0,65
05/27/2021,LAW,OK,ASW,CE,Federal Contract Tower,6,0,19,28,53,0,0,5,0,5,6,0,24,28,58,0,0,0,58
05/28/2021,LAW,OK,ASW,CE,Federal Contract Tower,6,0,5,0,11,0,0,11,0,11,6,0,16,0,22,4,0,4,26
05/29/2021,LAW,OK,ASW,CE,Federal Contract Tower,5,0,7,0,12,0,0,16,0,16,5,0,23,0,28,4,0,4,32
05/30/2021,LAW,OK,ASW,CE,Federal Contract Tower,6,0,3,0,9,0,0,3,0,3,6,0,6,0,12,4,0,4,16
05/31/2021,LAW,OK,ASW,CE,Federal Contract Tower,5,0,0,0,5,0,0,3,0,3,5,0,3,0,8,0,0,0,8
06/01/2021,LAW,OK,ASW,CE,Federal Contract Tower,7,0,1,56,64,0,0,10,0,10,7,0,11,56,74,0,0,0,74
06/02/2021,LAW,OK,ASW,CE,Federal Contract Tower,6,0,1,76,83,0,0,10,0,10,6,0,11,76,93,12,10,22,115
06/03/2021,LAW,OK,ASW,CE,Federal Contract Tower,7,0,5,50,62,0,0,19,0,19,7,0,24,50,81,8,0,8,89
06/04/2021,LAW,OK,ASW,CE,Federal Contract Tower,9,0,2,38,49,0,0,9,0,9,9,0,11,38,58,22,0,22,80
06/05/2021,LAW,OK,ASW,CE,Federal Contract Tower,7,0,4,0,11,0,0,5,0,5,7,0,9,0,16,24,0,24,40
06/06/2021,LAW,OK,ASW,CE,Federal Contract Tower,8,0,1,10,19,0,0,12,7,19,8,0,13,17,38,0,6,6,44
06/07/2021,LAW,OK,ASW,CE,Federal Contract Tower,9,0,0,30,39,0,0,6,1,7,9,0,6,31,46,0,10,10,56
06/08/2021,LAW,OK,ASW,CE,Federal Contract Tower,7,0,7,40,54,0,0,2,0,2,7,0,9,40,56,0,0,0,56
06/09/2021,LAW,OK,ASW,CE,Federal Contract Tower,7,0,10,41,58,0,0,6,4,10,7,0,16,45,68,8,0,8,76
06/10/2021,LAW,OK,ASW,CE,Federal Contract Tower,7,0,2,54,63,0,0,7,0,7,7,0,9,54,70,0,0,0,70
06/11/2021,LAW,OK,ASW,CE,Federal Contract Tower,9,0,9,47,65,0,1,11,0,12,9,1,20,47,77,4,10,14,91
06/12/2021,LAW,OK,ASW,CE,Federal Contract Tower,7,0,3,10,20,0,1,15,0,16,7,1,18,10,36,14,0,14,50
06/13/2021,LAW,OK,ASW,CE,Federal Contract Tower,7,0,0,2,9,0,0,11,0,11,7,0,11,2,20,0,0,0,20
06/14/2021,LAW,OK,ASW,CE,Federal Contract Tower,7,0,4,62,73,0,0,11,2,13,7,0,15,64,86,12,6,18,104
06/15/2021,LAW,OK,ASW,CE,Federal Contract Tower,7,0,3,48,58,0,0,19,2,21,7,0,22,50,79,4,0,4,83
06/16/2021,LAW,OK,ASW,CE,Federal Contract Tower,7,0,5,56,68,0,0,8,0,8,7,0,13,56,76,8,0,8,84
06/17/2021,LAW,OK,ASW,CE,Federal Contract Tower,7,0,6,48,61,0,0,9,0,9,7,0,15,48,70,0,0,0,70
06/18/2021,LAW,OK,ASW,CE,Federal Contract Tower,9,0,9,0,18,0,0,10,0,10,9,0,19,0,28,0,0,0,28
06/19/2021,LAW,OK,ASW,CE,Federal Contract Tower,7,0,4,0,11,0,2,16,0,18,7,2,20,0,29,6,0,6,35
06/20/2021,LAW,OK,ASW,CE,Federal Contract Tower,7,0,4,0,11,0,0,21,0,21,7,0,25,0,32,10,0,10,42
06/21/2021,LAW,OK,ASW,CE,Federal Contract Tower,5,0,5,28,38,0,0,5,0,5,5,0,10,28,43,0,0,0,43
06/22/2021,LAW,OK,ASW,CE,Federal Contract Tower,7,0,4,30,41,0,0,15,2,17,7,0,19,32,58,0,8,8,66
06/23/2021,LAW,OK,ASW,CE,Federal Contract Tower,7,0,1,78,86,0,0,18,2,20,7,0,19,80,106,0,0,0,106
06/24/2021,LAW,OK,ASW,CE,Federal Contract Tower,7,0,4,85,96,0,0,13,1,14,7,0,17,86,110,12,0,12,122
06/25/2021,LAW,OK,ASW,CE,Federal Contract Tower,9,0,3,93,105,0,1,10,1,12,9,1,13,94,117,6,0,6,123
06/26/2021,LAW,OK,ASW,CE,Federal Contract Tower,7,0,3,4,14,0,1,9,0,10,7,1,12,4,24,12,0,12,36
06/27/2021,LAW,OK,ASW,CE,Federal Contract Tower,6,0,0,0,6,0,0,10,0,10,6,0,10,0,16,6,0,6,22
06/28/2021,LAW,OK,ASW,CE,Federal Contract Tower,6,0,5,109,120,0,0,10,0,10,6,0,15,109,130,0,4,4,134
06/29/2021,LAW,OK,ASW,CE,Federal Contract Tower,6,0,2,104,112,0,0,0,0,0,6,0,2,104,112,0,0,0,112
06/30/2021,LAW,OK,ASW,CE,Federal Contract Tower,10,0,5,121,136,0,0,3,0,3,10,0,8,121,139,0,0,0,139
07/01/2021,LAW,OK,ASW,CE,Federal Contract Tower,7,0,9,88,104,0,0,10,0,10,7,0,19,88,114,0,0,0,114
07/02/2021,LAW,OK,ASW,CE,Federal Contract Tower,8,0,1,0,9,0,1,7,0,8,8,1,8,0,17,4,0,4,21
07/03/2021,LAW,OK,ASW,CE,Federal Contract Tower,7,0,2,0,9,0,3,9,0,12,7,3,11,0,21,0,0,0,21
07/04/2021,LAW,OK,ASW,CE,Federal Contract Tower,7,0,0,0,7,0,0,15,0,15,7,0,15,0,22,14,0,14,36
07/05/2021,LAW,OK,ASW,CE,Federal Contract Tower,7,0,0,0,7,0,0,28,0,28,7,0,28,0,35,31,0,31,66
07/06/2021,LAW,OK,ASW,CE,Federal Contract Tower,7,0,3,134,144,0,0,13,0,13,7,0,16,134,157,14,0,14,171
07/07/2021,LAW,OK,ASW,CE,Federal Contract Tower,7,0,6,148,161,0,0,16,0,16,7,0,22,148,177,0,0,0,177
07/08/2021,LAW,OK,ASW,CE,Federal Contract Tower,7,0,3,159,169,0,0,17,3,20,7,0,20,162,189,0,10,10,199
07/09/2021,LAW,OK,ASW,CE,Federal Contract Tower,8,2,3,119,132,0,1,13,2,16,8,3,16,121,148,38,0,38,186
07/10/2021,LAW,OK,ASW,CE,Federal Contract Tower,7,0,0,0,7,0,3,8,4,15,7,3,8,4,22,0,0,0,22
07/11/2021,LAW,OK,ASW,CE,Federal Contract Tower,7,0,1,0,8,0,0,6,6,12,7,0,7,6,20,0,6,6,26
07/12/2021,LAW,OK,ASW,CE,Federal Contract Tower,7,0,5,74,86,0,0,7,8,15,7,0,12,82,101,0,0,0,101
07/13/2021,LAW,OK,ASW,CE,Federal Contract Tower,7,0,2,64,73,0,0,17,2,19,7,0,19,66,92,2,2,4,96
07/14/2021,LAW,OK,ASW,CE,Federal Contract Tower,7,0,3,34,44,0,0,8,1,9,7,0,11,35,53,0,4,4,57
07/15/2021,LAW,OK,ASW,CE,Federal Contract Tower,7,0,12,52,71,0,0,9,3,12,7,0,21,55,83,0,4,4,87
07/16/2021,LAW,OK,ASW,CE,Federal Contract Tower,9,0,9,35,53,0,1,7,7,15,9,1,16,42,68,2,2,4,72
07/17/2021,LAW,OK,ASW,CE,Federal Contract Tower,7,0,4,2,13,0,0,8,2,10,7,0,12,4,23,20,6,26,49
07/18/2021,LAW,OK,ASW,CE,Federal Contract Tower,7,0,1,0,8,0,0,12,0,12,7,0,13,0,20,0,0,0,20
07/19/2021,LAW,OK,ASW,CE,Federal Contract Tower,6,0,6,70,82,0,0,10,5,15,6,0,16,75,97,0,12,12,109
07/20/2021,LAW,OK,ASW,CE,Federal Contract Tower,7,0,5,65,77,0,0,13,4,17,7,0,18,69,94,0,18,18,112
07/21/2021,LAW,OK,ASW,CE,Federal Contract Tower,7,0,2,50,59,0,0,21,2,23,7,0,23,52,82,4,0,4,86
07/22/2021,LAW,OK,ASW,CE,Federal Contract Tower,6,0,5,76,87,0,0,8,0,8,6,0,13,76,95,0,0,0,95
07/23/2021,LAW,OK,ASW,CE,Federal Contract Tower,7,0,3,97,107,0,2,12,0,14,7,2,15,97,121,0,0,0,121
07/24/2021,LAW,OK,ASW,CE,Federal Contract Tower,7,0,3,1,11,0,1,15,7,23,7,1,18,8,34,0,12,12,46
07/25/2021,LAW,OK,ASW,CE,Federal Contract Tower,6,0,1,6,13,0,1,11,0,12,6,1,12,6,25,4,0,4,29
07/26/2021,LAW,OK,ASW,CE,Federal Contract Tower,9,0,3,54,66,0,0,14,2,16,9,0,17,56,82,0,6,6,88
07/27/2021,LAW,OK,ASW,CE,Federal Contract Tower,7,0,1,90,98,0,0,12,0,12,7,0,13,90,110,0,0,0,110
07/28/2021,LAW,OK,ASW,CE,Federal Contract Tower,7,0,2,96,105,0,0,11,5,16,7,0,13,101,121,0,4,4,125
07/29/2021,LAW,OK,ASW,CE,Federal Contract Tower,7,0,2,92,101,0,0,8,9,17,7,0,10,101,118,0,16,16,134
07/30/2021,LAW,OK,ASW,CE,Federal Contract Tower,7,0,3,38,48,0,1,14,2,17,7,1,17,40,65,4,0,4,69
07/31/2021,LAW,OK,ASW,CE,Federal Contract Tower,7,2,8,0,17,0,1,17,0,18,7,3,25,0,35,6,0,6,41
08/01/2021,LAW,OK,ASW,CE,Federal Contract Tower,5,0,1,2,8,0,0,4,6,10,5,0,5,8,18,6,0,6,24
08/02/2021,LAW,OK,ASW,CE,Federal Contract Tower,7,0,3,120,130,0,0,6,10,16,7,0,9,130,146,10,0,10,156
08/03/2021,LAW,OK,ASW,CE,Federal Contract Tower,7,0,3,95,105,0,0,8,4,12,7,0,11,99,117,0,0,0,117
08/04/2021,LAW,OK,ASW,CE,Federal Contract Tower,7,0,0,115,122,0,0,5,4,9,7,0,5,119,131,10,0,10,141
08/05/2021,LAW,OK,ASW,CE,Federal Contract Tower,7,0,3,114,124,0,0,11,1,12,7,0,14,115,136,0,0,0,136
08/06/2021,LAW,OK,ASW,CE,Federal Contract Tower,7,2,2,110,121,0,1,14,1,16,7,3,16,111,137,6,0,6,143
08/07/2021,LAW,OK,ASW,CE,Federal Contract Tower,7,0,2,0,9,0,0,9,0,9,7,0,11,0,18,0,0,0,18
08/08/2021,LAW,OK,ASW,CE,Federal Contract Tower,7,0,3,8,18,0,0,1,0,1,7,0,4,8,19,0,0,0,19
08/09/2021,LAW,OK,ASW,CE,Federal Contract Tower,7,0,3,142,152,0,0,5,4,9,7,0,8,146,161,0,0,0,161
08/10/2021,LAW,OK,ASW,CE,Federal Contract Tower,7,0,2,138,147,0,0,6,0,6,7,0,8,138,153,0,0,0,153
08/11/2021,LAW,OK,ASW,CE,Federal Contract Tower,7,0,2,113,122,0,0,4,1,5,7,0,6,114,127,0,0,0,127
08/12/2021,LAW,OK,ASW,CE,Federal Contract Tower,7,0,2,98,107,0,0,15,4,19,7,0,17,102,126,6,0,6,132
08/13/2021,LAW,OK,ASW,CE,Federal Contract Tower,6,0,7,70,83,0,2,14,2,18,6,2,21,72,101,0,0,0,101
08/14/2021,LAW,OK,ASW,CE,Federal Contract Tower,7,0,5,0,12,0,0,7,0,7,7,0,12,0,19,0,0,0,19
08/15/2021,LAW,OK,ASW,CE,Federal Contract Tower,6,0,3,0,9,0,0,3,0,3,6,0,6,0,12,12,0,12,24
08/16/2021,LAW,OK,ASW,CE,Federal Contract Tower,7,0,12,68,87,0,0,7,2,9,7,0,19,70,96,0,0,0,96
08/17/2021,LAW,OK,ASW,CE,Federal Contract Tower,4,0,5,72,81,0,0,3,0,3,4,0,8,72,84,0,0,0,84
08/18/2021,LAW,OK,ASW,CE,Federal Contract Tower,4,0,3,62,69,0,0,3,0,3,4,0,6,62,72,10,0,10,82
08/19/2021,LAW,OK,ASW,CE,Federal Contract Tower,8,0,4,54,66,0,0,1,0,1,8,0,5,54,67,0,0,0,67
08/20/2021,LAW,OK,ASW,CE,Federal Contract Tower,6,0,1,25,32,0,1,14,0,15,6,1,15,25,47,6,0,6,53
08/21/2021,LAW,OK,ASW,CE,Federal Contract Tower,6,0,2,0,8,0,0,8,0,8,6,0,10,0,16,16,0,16,32
08/22/2021,LAW,OK,ASW,CE,Federal Contract Tower,6,0,4,0,10,0,0,8,0,8,6,0,12,0,18,18,0,18,36
08/23/2021,LAW,OK,ASW,CE,Federal Contract Tower,6,0,3,76,85,0,0,11,1,12,6,0,14,77,97,0,6,6,103
08/24/2021,LAW,OK,ASW,CE,Federal Contract Tower,6,0,4,42,52,0,0,17,0,17,6,0,21,42,69,0,0,0,69
08/25/2021,LAW,OK,ASW,CE,Federal Contract Tower,6,0,5,38,49,0,0,8,0,8,6,0,13,38,57,0,0,0,57
08/26/2021,LAW,OK,ASW,CE,Federal Contract Tower,6,0,7,40,53,0,0,4,0,4,6,0,11,40,57,14,0,14,71
08/27/2021,LAW,OK,ASW,CE,Federal Contract Tower,6,0,7,26,39,0,0,7,0,7,6,0,14,26,46,0,0,0,46
08/28/2021,LAW,OK,ASW,CE,Federal Contract Tower,6,0,2,0,8,0,2,14,0,16,6,2,16,0,24,4,0,4,28
08/29/2021,LAW,OK,ASW,CE,Federal Contract Tower,6,0,5,10,21,0,0,13,0,13,6,0,18,10,34,0,0,0,34
08/30/2021,LAW,OK,ASW,CE,Federal Contract Tower,6,0,3,98,107,0,0,6,0,6,6,0,9,98,113,0,10,10,123
08/31/2021,LAW,OK,ASW,CE,Federal Contract Tower,6,0,4,80,90,0,0,7,0,7,6,0,11,80,97,2,0,2,99
09/01/2021,LAW,OK,ASW,CE,Federal Contract Tower,6,0,2,90,98,0,0,10,0,10,6,0,12,90,108,8,0,8,116
09/02/2021,LAW,OK,ASW,CE,Federal Contract Tower,6,0,1,72,79,0,0,14,0,14,6,0,15,72,93,6,0,6,99
09/03/2021,LAW,OK,ASW,CE,Federal Contract Tower,8,0,2,0,10,0,0,2,0,2,8,0,4,0,12,0,0,0,12
09/04/2021,LAW,OK,ASW,CE,Federal Contract Tower,6,1,5,0,12,0,1,9,0,10,6,2,14,0,22,0,0,0,22
09/05/2021,LAW,OK,ASW,CE,Federal Contract Tower,4,0,1,0,5,0,0,9,0,9,4,0,10,0,14,0,0,0,14
09/06/2021,LAW,OK,ASW,CE,Federal Contract Tower,6,0,1,0,7,0,0,10,0,10,6,0,11,0,17,0,0,0,17
09/07/2021,LAW,OK,ASW,CE,Federal Contract Tower,7,0,8,64,79,0,0,5,2,7,7,0,13,66,86,0,0,0,86
09/08/2021,LAW,OK,ASW,CE,Federal Contract Tower,10,0,8,118,136,0,0,9,1,10,10,0,17,119,146,4,0,4,150
09/09/2021,LAW,OK,ASW,CE,Federal Contract Tower,6,0,5,116,127,0,0,12,0,12,6,0,17,116,139,6,0,6,145
09/10/2021,LAW,OK,ASW,CE,Federal Contract Tower,6,0,3,75,84,0,1,10,4,15,6,1,13,79,99,0,0,0,99
09/11/2021,LAW,OK,ASW,CE,Federal Contract Tower,6,2,0,0,8,0,1,11,0,12,6,3,11,0,20,10,0,10,30
09/12/2021,LAW,OK,ASW,CE,Federal Contract Tower,26,0,0,0,26,0,0,3,5,8,26,0,3,5,34,6,0,6,40
09/13/2021,LAW,OK,ASW,CE,Federal Contract Tower,6,0,12,109,127,0,0,6,0,6,6,0,18,109,133,0,2,2,135
09/14/2021,LAW,OK,ASW,CE,Federal Contract Tower,6,0,1,122,129,0,0,18,0,18,6,0,19,122,147,6,0,6,153
09/15/2021,LAW,OK,ASW,CE,Federal Contract Tower,6,0,5,127,138,0,0,17,0,17,6,0,22,127,155,8,0,8,163
09/16/2021,LAW,OK,ASW,CE,Federal Contract Tower,6,0,5,108,119,0,0,13,0,13,6,0,18,108,132,10,0,10,142
09/17/2021,LAW,OK,ASW,CE,Federal Contract Tower,6,1,2,100,109,0,0,6,0,6,6,1,8,100,115,0,0,0,115
09/18/2021,LAW,OK,ASW,CE,Federal Contract Tower,6,1,3,1,11,0,1,15,1,17,6,2,18,2,28,6,14,20,48
09/19/2021,LAW,OK,ASW,CE,Federal Contract Tower,6,0,9,2,17,0,0,12,0,12,6,0,21,2,29,0,0,0,29
09/20/2021,LAW,OK,ASW,CE,Federal Contract Tower,6,0,2,86,94,0,0,10,0,10,6,0,12,86,104,6,4,10,114
09/21/2021,LAW,OK,ASW,CE,Federal Contract Tower,6,0,0,120,126,0,0,10,2,12,6,0,10,122,138,6,0,6,144
09/22/2021,LAW,OK,ASW,CE,Federal Contract Tower,6,0,1,118,125,0,0,25,2,27,6,0,26,120,152,26,0,26,178
09/23/2021,LAW,OK,ASW,CE,Federal Contract Tower,6,0,2,116,124,0,0,23,3,26,6,0,25,119,150,8,8,16,166
09/24/2021,LAW,OK,ASW,CE,Federal Contract Tower,4,2,0,86,92,0,1,7,0,8,4,3,7,86,100,0,0,0,100
09/25/2021,LAW,OK,ASW,CE,Federal Contract Tower,6,0,1,0,7,0,0,13,0,13,6,0,14,0,20,0,0,0,20
09/26/2021,LAW,OK,ASW,CE,Federal Contract Tower,6,0,10,4,20,0,0,7,0,7,6,0,17,4,27,0,0,0,27
09/27/2021,LAW,OK,ASW,CE,Federal Contract Tower,6,0,6,66,78,0,0,7,0,7,6,0,13,66,85,4,0,4,89
09/28/2021,LAW,OK,ASW,CE,Federal Contract Tower,6,0,4,64,74,0,0,3,0,3,6,0,7,64,77,0,0,0,77
09/29/2021,LAW,OK,ASW,CE,Federal Contract Tower,12,0,0,76,88,0,0,8,3,11,12,0,8,79,99,8,8,16,115
09/30/2021,LAW,OK,ASW,CE,Federal Contract Tower,5,0,5,6,16,0,0,5,0,5,5,0,10,6,21,0,0,0,21
10/01/2021,LAW,OK,ASW,CE,Federal Contract Tower,6,4,0,106,116,0,0,4,0,4,6,4,4,106,120,0,0,0,120
10/02/2021,LAW,OK,ASW,CE,Federal Contract Tower,6,0,3,0,9,0,0,1,0,1,6,0,4,0,10,0,0,0,10
10/03/2021,LAW,OK,ASW,CE,Federal Contract Tower,6,0,7,0,13,0,0,11,0,11,6,0,18,0,24,0,0,0,24
10/04/2021,LAW,OK,ASW,CE,Federal Contract Tower,6,0,3,32,41,0,0,5,0,5,6,0,8,32,46,0,2,2,48
10/05/2021,LAW,OK,ASW,CE,Federal Contract Tower,6,0,5,30,41,0,0,12,0,12,6,0,17,30,53,0,0,0,53
10/06/2021,LAW,OK,ASW,CE,Federal Contract Tower,6,0,6,34,46,0,0,22,4,26,6,0,28,38,72,4,12,16,88
10/07/2021,LAW,OK,ASW,CE,Federal Contract Tower,6,0,4,26,36,0,0,6,0,6,6,0,10,26,42,0,0,0,42
10/08/2021,LAW,OK,ASW,CE,Federal Contract Tower,6,0,2,44,52,0,1,9,2,12,6,1,11,46,64,0,2,2,66
10/09/2021,LAW,OK,ASW,CE,Federal Contract Tower,6,0,2,0,8,0,1,12,0,13,6,1,14,0,21,0,0,0,21
10/10/2021,LAW,OK,ASW,CE,Federal Contract Tower,8,0,3,0,11,0,0,11,6,17,8,0,14,6,28,0,0,0,28
10/11/2021,LAW,OK,ASW,CE,Federal Contract Tower,6,0,4,0,10,0,0,22,10,32,6,0,26,10,42,8,0,8,50
10/12/2021,LAW,OK,ASW,CE,Federal Contract Tower,6,0,5,36,47,0,0,1,0,1,6,0,6,36,48,0,0,0,48
10/13/2021,LAW,OK,ASW,CE,Federal Contract Tower,4,0,4,48,56,0,0,15,2,17,4,0,19,50,73,8,6,14,87
10/14/2021,LAW,OK,ASW,CE,Federal Contract Tower,6,0,1,32,39,0,0,2,0,2,6,0,3,32,41,6,0,6,47
10/15/2021,LAW,OK,ASW,CE,Federal Contract Tower,6,0,8,56,70,0,0,6,0,6,6,0,14,56,76,0,0,0,76
10/16/2021,LAW,OK,ASW,CE,Federal Contract Tower,8,2,2,0,12,0,0,21,0,21,8,2,23,0,33,28,0,28,61
10/17/2021,LAW,OK,ASW,CE,Federal Contract Tower,6,0,2,2,10,0,0,18,0,18,6,0,20,2,28,10,0,10,38
10/18/2021,LAW,OK,ASW,CE,Federal Contract Tower,6,0,12,68,86,0,0,25,0,25,6,0,37,68,111,0,0,0,111
10/19/2021,LAW,OK,ASW,CE,Federal Contract Tower,6,0,8,64,78,0,0,7,0,7,6,0,15,64,85,0,0,0,85
10/20/2021,LAW,OK,ASW,CE,Federal Contract Tower,6,0,1,58,65,0,0,12,0,12,6,0,13,58,77,0,0,0,77
10/21/2021,LAW,OK,ASW,CE,Federal Contract Tower,5,0,6,84,95,0,0,9,0,9,5,0,15,84,104,0,0,0,104
10/22/2021,LAW,OK,ASW,CE,Federal Contract Tower,6,0,3,86,95,0,2,6,0,8,6,2,9,86,103,0,0,0,103
10/23/2021,LAW,OK,ASW,CE,Federal Contract Tower,6,0,5,0,11,0,1,4,0,5,6,1,9,0,16,0,0,0,16
10/24/2021,LAW,OK,ASW,CE,Federal Contract Tower,6,0,6,2,14,0,0,7,0,7,6,0,13,2,21,4,0,4,25
10/25/2021,LAW,OK,ASW,CE,Federal Contract Tower,6,0,4,114,124,0,0,15,6,21,6,0,19,120,145,10,0,10,155
10/26/2021,LAW,OK,ASW,CE,Federal Contract Tower,6,0,2,105,113,0,0,12,1,13,6,0,14,106,126,0,0,0,126
10/27/2021,LAW,OK,ASW,CE,Federal Contract Tower,6,0,1,74,81,0,0,0,3,3,6,0,1,77,84,0,0,0,84
10/28/2021,LAW,OK,ASW,CE,Federal Contract Tower,2,0,7,6,15,0,0,3,0,3,2,0,10,6,18,0,0,0,18
10/29/2021,LAW,OK,ASW,CE,Federal Contract Tower,6,0,6,82,94,0,1,4,4,9,6,1,10,86,103,0,0,0,103
10/30/2021,LAW,OK,ASW,CE,Federal Contract Tower,6,0,5,0,11,0,0,18,0,18,6,0,23,0,29,0,0,0,29
10/31/2021,LAW,OK,ASW,CE,Federal Contract Tower,6,0,0,0,6,0,0,8,0,8,6,0,8,0,14,2,0,2,16
11/01/2021,LAW,OK,ASW,CE,Federal Contract Tower,6,0,9,96,111,0,0,3,6,9,6,0,12,102,120,0,0,0,120
11/02/2021,LAW,OK,ASW,CE,Federal Contract Tower,4,0,8,114,126,0,0,0,0,0,4,0,8,114,126,0,0,0,126
11/03/2021,LAW,OK,ASW,CE,Federal Contract Tower,4,0,7,36,47,0,0,0,0,0,4,0,7,36,47,0,0,0,47
11/04/2021,LAW,OK,ASW,CE,Federal Contract Tower,4,0,4,106,114,0,0,2,0,2,4,0,6,106,116,0,2,2,118
11/05/2021,LAW,OK,ASW,CE,Federal Contract Tower,4,2,3,72,81,0,0,7,2,9,4,2,10,74,90,6,0,6,96
11/06/2021,LAW,OK,ASW,CE,Federal Contract Tower,4,0,2,0,6,0,4,15,0,19,4,4,17,0,25,0,0,0,25
11/07/2021,LAW,OK,ASW,CE,Federal Contract Tower,4,0,3,0,7,0,0,7,0,7,4,0,10,0,14,0,0,0,14
11/08/2021,LAW,OK,ASW,CE,Federal Contract Tower,4,0,7,68,79,0,0,12,0,12,4,0,19,68,91,20,0,20,111
11/09/2021,LAW,OK,ASW,CE,Federal Contract Tower,4,0,13,80,97,0,0,9,0,9,4,0,22,80,106,0,0,0,106
11/10/2021,LAW,OK,ASW,CE,Federal Contract Tower,4,0,2,141,147,0,0,6,0,6,4,0,8,141,153,0,0,0,153
11/11/2021,LAW,OK,ASW,CE,Federal Contract Tower,4,0,4,0,8,0,0,8,0,8,4,0,12,0,16,6,0,6,22
11/12/2021,LAW,OK,ASW,CE,Federal Contract Tower,4,0,2,106,112,0,0,14,0,14,4,0,16,106,126,0,0,0,126
11/13/2021,LAW,OK,ASW,CE,Federal Contract Tower,4,0,2,0,6,0,1,4,0,5,4,1,6,0,11,0,0,0,11
11/14/2021,LAW,OK,ASW,CE,Federal Contract Tower,4,0,3,0,7,0,0,2,0,2,4,0,5,0,9,0,0,0,9
11/15/2021,LAW,OK,ASW,CE,Federal Contract Tower,4,0,6,118,128,0,0,16,2,18,4,0,22,120,146,14,2,16,162
11/16/2021,LAW,OK,ASW,CE,Federal Contract Tower,4,0,2,60,66,0,0,2,0,2,4,0,4,60,68,0,0,0,68
11/17/2021,LAW,OK,ASW,CE,Federal Contract Tower,4,0,1,99,104,0,0,8,3,11,4,0,9,102,115,0,0,0,115
11/18/2021,LAW,OK,ASW,CE,Federal Contract Tower,4,0,5,53,62,0,0,18,3,21,4,0,23,56,83,0,0,0,83
11/19/2021,LAW,OK,ASW,CE,Federal Contract Tower,4,0,1,24,29,0,0,9,0,9,4,0,10,24,38,0,0,0,38
11/20/2021,LAW,OK,ASW,CE,Federal Contract Tower,4,0,1,0,5,0,0,4,0,4,4,0,5,0,9,8,0,8,17
11/21/2021,LAW,OK,ASW,CE,Federal Contract Tower,4,0,0,0,4,0,0,2,0,2,4,0,2,0,6,0,0,0,6
11/22/2021,LAW,OK,ASW,CE,Federal Contract Tower,4,0,2,36,42,0,0,8,0,8,4,0,10,36,50,0,0,0,50
11/23/2021,LAW,OK,ASW,CE,Federal Contract Tower,4,0,0,38,42,0,0,5,0,5,4,0,5,38,47,0,0,0,47
11/24/2021,LAW,OK,ASW,CE,Federal Contract Tower,4,0,1,56,61,0,0,6,0,6,4,0,7,56,67,0,0,0,67
11/25/2021,LAW,OK,ASW,CE,Federal Contract Tower,1,0,1,0,2,0,0,3,0,3,1,0,4,0,5,0,0,0,5
11/26/2021,LAW,OK,ASW,CE,Federal Contract Tower,2,0,2,0,4,0,1,15,0,16,2,1,17,0,20,8,0,8,28
11/27/2021,LAW,OK,ASW,CE,Federal Contract Tower,4,0,4,0,8,0,1,7,0,8,4,1,11,0,16,0,0,0,16
11/28/2021,LAW,OK,ASW,CE,Federal Contract Tower,4,0,3,0,7,0,0,6,0,6,4,0,9,0,13,0,0,0,13
11/29/2021,LAW,OK,ASW,CE,Federal Contract Tower,6,0,2,68,76,0,0,8,0,8,6,0,10,68,84,0,0,0,84
11/30/2021,LAW,OK,ASW,CE,Federal Contract Tower,5,0,0,30,35,0,0,11,0,11,5,0,11,30,46,0,0,0,46
12/01/2021,LAW,OK,ASW,CE,Federal Contract Tower,4,0,8,42,54,0,0,21,2,23,4,0,29,44,77,6,0,6,83
12/02/2021,LAW,OK,ASW,CE,Federal Contract Tower,4,0,9,76,89,0,0,7,0,7,4,0,16,76,96,0,0,0,96
12/03/2021,LAW,OK,ASW,CE,Federal Contract Tower,4,2,7,62,75,0,2,5,0,7,4,4,12,62,82,0,0,0,82
12/04/2021,LAW,OK,ASW,CE,Federal Contract Tower,4,0,4,2,10,0,0,0,0,0,4,0,4,2,10,0,0,0,10
12/05/2021,LAW,OK,ASW,CE,Federal Contract Tower,4,0,13,0,17,0,0,19,0,19,4,0,32,0,36,2,2,4,40
12/06/2021,LAW,OK,ASW,CE,Federal Contract Tower,4,0,5,92,101,0,0,12,0,12,4,0,17,92,113,0,2,2,115
12/07/2021,LAW,OK,ASW,CE,Federal Contract Tower,4,0,4,90,98,0,0,3,0,3,4,0,7,90,101,0,0,0,101
12/08/2021,LAW,OK,ASW,CE,Federal Contract Tower,7,0,1,86,94,0,0,11,0,11,7,0,12,86,105,10,0,10,115
12/09/2021,LAW,OK,ASW,CE,Federal Contract Tower,4,0,10,80,94,0,0,21,0,21,4,0,31,80,115,8,0,8,123
12/10/2021,LAW,OK,ASW,CE,Federal Contract Tower,4,0,5,24,33,0,1,3,0,4,4,1,8,24,37,0,0,0,37
12/11/2021,LAW,OK,ASW,CE,Federal Contract Tower,4,0,0,0,4,0,3,14,0,17,4,3,14,0,21,8,0,8,29
12/12/2021,LAW,OK,ASW,CE,Federal Contract Tower,4,0,2,18,24,0,0,16,9,25,4,0,18,27,49,6,14,20,69
12/13/2021,LAW,OK,ASW,CE,Federal Contract Tower,4,0,2,62,68,0,0,12,0,12,4,0,14,62,80,4,0,4,84
12/14/2021,LAW,OK,ASW,CE,Federal Contract Tower,4,0,9,66,79,0,0,12,4,16,4,0,21,70,95,4,0,4,99
12/15/2021,LAW,OK,ASW,CE,Federal Contract Tower,4,0,5,26,35,0,0,0,0,0,4,0,5,26,35,0,0,0,35
12/16/2021,LAW,OK,ASW,CE,Federal Contract Tower,4,0,1,98,103,0,0,20,2,22,4,0,21,100,125,8,2,10,135
12/17/2021,LAW,OK,ASW,CE,Federal Contract Tower,4,0,3,102,109,0,1,5,0,6,4,1,8,102,115,18,0,18,133
12/18/2021,LAW,OK,ASW,CE,Federal Contract Tower,4,0,1,0,5,0,2,9,0,11,4,2,10,0,16,0,0,0,16
12/19/2021,LAW,OK,ASW,CE,Federal Contract Tower,4,0,8,0,12,0,0,12,0,12,4,0,20,0,24,0,0,0,24
12/20/2021,LAW,OK,ASW,CE,Federal Contract Tower,4,0,6,36,46,0,0,4,0,4,4,0,10,36,50,0,0,0,50
12/21/2021,LAW,OK,ASW,CE,Federal Contract Tower,4,0,4,104,112,0,0,5,4,9,4,0,9,108,121,0,0,0,121
12/22/2021,LAW,OK,ASW,CE,Federal Contract Tower,4,0,4,38,46,0,0,10,0,10,4,0,14,38,56,0,0,0,56
12/23/2021,LAW,OK,ASW,CE,Federal Contract Tower,4,0,3,0,7,0,0,15,0,15,4,0,18,0,22,6,0,6,28
12/24/2021,LAW,OK,ASW,CE,Federal Contract Tower,4,0,5,0,9,0,1,5,0,6,4,1,10,0,15,0,0,0,15
12/25/2021,LAW,OK,ASW,CE,Federal Contract Tower,3,0,0,0,3,0,1,4,0,5,3,1,4,0,8,0,0,0,8
12/26/2021,LAW,OK,ASW,CE,Federal Contract Tower,4,0,11,0,15,0,0,5,0,5,4,0,16,0,20,0,0,0,20
12/27/2021,LAW,OK,ASW,CE,Federal Contract Tower,4,0,2,0,6,0,0,9,0,9,4,0,11,0,15,6,0,6,21
12/28/2021,LAW,OK,ASW,CE,Federal Contract Tower,4,0,1,0,5,0,0,7,0,7,4,0,8,0,12,0,0,0,12
12/29/2021,LAW,OK,ASW,CE,Federal Contract Tower,4,0,3,0,7,0,0,17,0,17,4,0,20,0,24,0,0,0,24
12/30/2021,LAW,OK,ASW,CE,Federal Contract Tower,4,0,0,0,4,0,0,12,0,12,4,0,12,0,16,6,0,6,22
12/31/2021,LAW,OK,ASW,CE,Federal Contract Tower,4,0,4,0,8,0,2,14,0,16,4,2,18,0,24,14,0,14,38
01/01/2022,LAW,OK,ASW,CE,Federal Contract Tower,3,0,0,0,3,0,0,3,0,3,3,0,3,0,6,0,0,0,6
01/02/2022,LAW,OK,ASW,CE,Federal Contract Tower,4,0,2,0,6,0,0,2,0,2,4,0,4,0,8,4,0,4,12
01/03/2022,LAW,OK,ASW,CE,Federal Contract Tower,4,0,9,2,15,0,0,9,0,9,4,0,18,2,24,8,0,8,32
01/04/2022,LAW,OK,ASW,CE,Federal Contract Tower,5,0,3,90,98,0,0,5,0,5,5,0,8,90,103,0,0,0,103
01/05/2022,LAW,OK,ASW,CE,Federal Contract Tower,4,0,7,86,97,0,0,10,0,10,4,0,17,86,107,6,0,6,113
01/06/2022,LAW,OK,ASW,CE,Federal Contract Tower,4,0,5,104,113,0,0,7,1,8,4,0,12,105,121,0,2,2,123
01/07/2022,LAW,OK,ASW,CE,Federal Contract Tower,4,0,2,84,90,0,2,24,0,26,4,2,26,84,116,30,0,30,146
01/08/2022,LAW,OK,ASW,CE,Federal Contract Tower,5,0,7,0,12,0,0,0,0,0,5,0,7,0,12,0,0,0,12
01/09/2022,LAW,OK,ASW,CE,Federal Contract Tower,4,0,3,0,7,0,0,15,0,15,4,0,18,0,22,0,0,0,22
01/10/2022,LAW,OK,ASW,CE,Federal Contract Tower,4,0,13,102,119,0,0,14,2,16,4,0,27,104,135,0,0,0,135
01/11/2022,LAW,OK,ASW,CE,Federal Contract Tower,4,0,20,94,118,0,0,25,0,25,4,0,45,94,143,0,0,0,143
01/12/2022,LAW,OK,ASW,CE,Federal Contract Tower,4,0,11,64,79,0,0,14,0,14,4,0,25,64,93,14,0,14,107
01/13/2022,LAW,OK,ASW,CE,Federal Contract Tower,4,0,8,60,72,0,0,12,2,14,4,0,20,62,86,14,2,16,102
01/14/2022,LAW,OK,ASW,CE,Federal Contract Tower,5,0,0,34,39,0,1,11,0,12,5,1,11,34,51,4,0,4,55
01/15/2022,LAW,OK,ASW,CE,Federal Contract Tower,4,0,1,0,5,0,0,1,0,1,4,0,2,0,6,0,0,0,6
01/16/2022,LAW,OK,ASW,CE,Federal Contract Tower,4,0,12,0,16,0,0,8,0,8,4,0,20,0,24,10,0,10,34
01/17/2022,LAW,OK,ASW,CE,Federal Contract Tower,4,0,2,0,6,0,0,23,0,23,4,0,25,0,29,0,0,0,29
01/18/2022,LAW,OK,ASW,CE,Federal Contract Tower,4,0,2,24,30,0,0,6,0,6,4,0,8,24,36,12,0,12,48
01/19/2022,LAW,OK,ASW,CE,Federal Contract Tower,4,0,9,106,119,0,0,4,0,4,4,0,13,106,123,0,0,0,123
01/20/2022,LAW,OK,ASW,CE,Federal Contract Tower,3,0,0,86,89,0,0,6,0,6,3,0,6,86,95,0,0,0,95
01/21/2022,LAW,OK,ASW,CE,Federal Contract Tower,4,0,8,61,73,0,2,8,2,12,4,2,16,63,85,0,0,0,85
01/22/2022,LAW,OK,ASW,CE,Federal Contract Tower,4,0,3,4,11,0,1,8,2,11,4,1,11,6,22,10,0,10,32
01/23/2022,LAW,OK,ASW,CE,Federal Contract Tower,4,0,4,1,9,0,0,16,0,16,4,0,20,1,25,6,0,6,31
01/24/2022,LAW,OK,ASW,CE,Federal Contract Tower,4,0,6,100,110,0,0,6,0,6,4,0,12,100,116,0,0,0,116
01/25/2022,LAW,OK,ASW,CE,Federal Contract Tower,4,0,4,72,80,0,0,4,2,6,4,0,8,74,86,0,4,4,90
01/26/2022,LAW,OK,ASW,CE,Federal Contract Tower,3,0,2,144,149,0,0,6,0,6,3,0,8,144,155,0,0,0,155
01/27/2022,LAW,OK,ASW,CE,Federal Contract Tower,5,0,3,116,124,0,0,8,0,8,5,0,11,116,132,0,0,0,132
01/28/2022,LAW,OK,ASW,CE,Federal Contract Tower,5,0,2,106,113,0,4,9,2,15,5,4,11,108,128,0,0,0,128
01/29/2022,LAW,OK,ASW,CE,Federal Contract Tower,5,2,5,0,12,0,4,12,0,16,5,6,17,0,28,12,0,12,40
01/30/2022,LAW,OK,ASW,CE,Federal Contract Tower,4,0,6,3,13,0,0,17,4,21,4,0,23,7,34,10,4,14,48
01/31/2022,LAW,OK,ASW,CE,Federal Contract Tower,2,0,10,130,142,0,0,8,2,10,2,0,18,132,152,4,0,4,156
02/01/2022,LAW,OK,ASW,CE,Federal Contract Tower,4,0,6,134,144,0,0,0,2,2,4,0,6,136,146,0,0,0,146
02/02/2022,LAW,OK,ASW,CE,Federal Contract Tower,0,0,0,0,0,0,0,0,0,0,0,0,0,0,0,0,0,0,0
02/03/2022,LAW,OK,ASW,CE,Federal Contract Tower,0,0,0,0,0,0,0,0,0,0,0,0,0,0,0,0,0,0,0
02/04/2022,LAW,OK,ASW,CE,Federal Contract Tower,1,0,0,0,1,0,3,8,0,11,1,3,8,0,12,0,0,0,12
02/05/2022,LAW,OK,ASW,CE,Federal Contract Tower,4,0,0,0,4,0,0,6,0,6,4,0,6,0,10,14,0,14,24
02/06/2022,LAW,OK,ASW,CE,Federal Contract Tower,4,0,1,0,5,0,0,5,0,5,4,0,6,0,10,6,0,6,16
02/07/2022,LAW,OK,ASW,CE,Federal Contract Tower,6,0,2,98,106,0,0,10,2,12,6,0,12,100,118,2,0,2,120
02/08/2022,LAW,OK,ASW,CE,Federal Contract Tower,4,0,4,100,108,0,0,4,2,6,4,0,8,102,114,0,0,0,114
02/09/2022,LAW,OK,ASW,CE,Federal Contract Tower,4,0,12,108,124,0,0,4,2,6,4,0,16,110,130,0,12,12,142
02/10/2022,LAW,OK,ASW,CE,Federal Contract Tower,5,0,10,140,155,0,0,5,0,5,5,0,15,140,160,0,0,0,160
02/11/2022,LAW,OK,ASW,CE,Federal Contract Tower,4,2,3,70,79,0,0,14,0,14,4,2,17,70,93,0,0,0,93
02/12/2022,LAW,OK,ASW,CE,Federal Contract Tower,4,1,0,1,6,0,0,7,2,9,4,1,7,3,15,0,0,0,15
02/13/2022,LAW,OK,ASW,CE,Federal Contract Tower,5,0,3,9,17,0,1,16,7,24,5,1,19,16,41,0,16,16,57
02/14/2022,LAW,OK,ASW,CE,Federal Contract Tower,4,0,2,76,82,0,0,14,0,14,4,0,16,76,96,6,0,6,102
02/15/2022,LAW,OK,ASW,CE,Federal Contract Tower,4,0,0,56,60,0,0,2,8,10,4,0,2,64,70,0,0,0,70
02/16/2022,LAW,OK,ASW,CE,Federal Contract Tower,4,0,9,68,81,0,0,13,0,13,4,0,22,68,94,20,0,20,114
02/17/2022,LAW,OK,ASW,CE,Federal Contract Tower,4,0,2,0,6,0,0,2,0,2,4,0,4,0,8,0,0,0,8
02/18/2022,LAW,OK,ASW,CE,Federal Contract Tower,4,0,1,80,85,0,0,22,0,22,4,0,23,80,107,6,0,6,113
02/19/2022,LAW,OK,ASW,CE,Federal Contract Tower,4,2,2,0,8,0,2,8,0,10,4,4,10,0,18,14,0,14,32
02/20/2022,LAW,OK,ASW,CE,Federal Contract Tower,4,0,3,0,7,0,0,6,0,6,4,0,9,0,13,2,0,2,15
02/21/2022,LAW,OK,ASW,CE,Federal Contract Tower,4,0,14,2,20,0,0,11,0,11,4,0,25,2,31,6,0,6,37
02/22/2022,LAW,OK,ASW,CE,Federal Contract Tower,4,0,1,58,63,0,0,10,2,12,4,0,11,60,75,0,2,2,77
02/23/2022,LAW,OK,ASW,CE,Federal Contract Tower,0,0,0,0,0,0,0,0,0,0,0,0,0,0,0,0,0,0,0
02/24/2022,LAW,OK,ASW,CE,Federal Contract Tower,0,0,0,0,0,0,0,0,0,0,0,0,0,0,0,0,0,0,0
02/25/2022,LAW,OK,ASW,CE,Federal Contract Tower,3,0,2,0,5,0,2,6,0,8,3,2,8,0,13,4,0,4,17
02/26/2022,LAW,OK,ASW,CE,Federal Contract Tower,4,0,1,0,5,0,1,6,0,7,4,1,7,0,12,8,0,8,20
02/27/2022,LAW,OK,ASW,CE,Federal Contract Tower,4,0,8,0,12,0,0,12,4,16,4,0,20,4,28,8,0,8,36
02/28/2022,LAW,OK,ASW,CE,Federal Contract Tower,6,0,4,66,76,0,0,2,0,2,6,0,6,66,78,2,0,2,80
03/01/2022,LAW,OK,ASW,CE,Federal Contract Tower,4,0,6,64,74,0,0,20,0,20,4,0,26,64,94,0,0,0,94
03/02/2022,LAW,OK,ASW,CE,Federal Contract Tower,3,0,5,70,78,0,0,8,0,8,3,0,13,70,86,18,0,18,104
03/03/2022,LAW,OK,ASW,CE,Federal Contract Tower,6,0,1,68,75,0,0,8,2,10,6,0,9,70,85,4,4,8,93
03/04/2022,LAW,OK,ASW,CE,Federal Contract Tower,4,0,6,56,66,0,0,4,2,6,4,0,10,58,72,6,0,6,78
03/05/2022,LAW,OK,ASW,CE,Federal Contract Tower,4,0,6,24,34,0,0,2,3,5,4,0,8,27,39,0,0,0,39
03/06/2022,LAW,OK,ASW,CE,Federal Contract Tower,6,0,2,0,8,0,0,0,0,0,6,0,2,0,8,0,0,0,8
03/07/2022,LAW,OK,ASW,CE,Federal Contract Tower,5,0,2,75,82,0,0,13,1,14,5,0,15,76,96,4,0,4,100
03/08/2022,LAW,OK,ASW,CE,Federal Contract Tower,4,0,10,120,134,0,0,7,4,11,4,0,17,124,145,6,6,12,157
03/09/2022,LAW,OK,ASW,CE,Federal Contract Tower,4,0,7,72,83,0,0,13,2,15,4,0,20,74,98,2,0,2,100
03/10/2022,LAW,OK,ASW,CE,Federal Contract Tower,4,0,6,62,72,0,0,9,0,9,4,0,15,62,81,6,0,6,87
03/11/2022,LAW,OK,ASW,CE,Federal Contract Tower,2,0,2,30,34,0,0,2,0,2,2,0,4,30,36,0,0,0,36
03/12/2022,LAW,OK,ASW,CE,Federal Contract Tower,4,0,2,0,6,0,0,6,0,6,4,0,8,0,12,0,0,0,12
03/13/2022,LAW,OK,ASW,CE,Federal Contract Tower,4,0,2,0,6,0,0,5,0,5,4,0,7,0,11,0,0,0,11
03/14/2022,LAW,OK,ASW,CE,Federal Contract Tower,3,0,13,114,130,0,0,13,0,13,3,0,26,114,143,0,0,0,143
03/15/2022,LAW,OK,ASW,CE,Federal Contract Tower,4,6,114,0,124,0,0,22,0,22,4,6,136,0,146,0,0,0,146
03/16/2022,LAW,OK,ASW,CE,Federal Contract Tower,4,0,5,98,107,0,0,15,0,15,4,0,20,98,122,14,0,14,136
03/17/2022,LAW,OK,ASW,CE,Federal Contract Tower,5,0,3,60,68,0,0,22,0,22,5,0,25,60,90,0,0,0,90
03/18/2022,LAW,OK,ASW,CE,Federal Contract Tower,4,0,2,104,110,0,0,1,0,1,4,0,3,104,111,0,0,0,111
03/19/2022,LAW,OK,ASW,CE,Federal Contract Tower,4,0,4,0,8,0,1,12,0,13,4,1,16,0,21,4,0,4,25
03/20/2022,LAW,OK,ASW,CE,Federal Contract Tower,4,0,2,0,6,0,4,14,0,18,4,4,16,0,24,2,0,2,26
03/21/2022,LAW,OK,ASW,CE,Federal Contract Tower,3,0,5,33,41,0,0,2,0,2,3,0,7,33,43,0,0,0,43
03/22/2022,LAW,OK,ASW,CE,Federal Contract Tower,4,0,1,119,124,0,0,0,0,0,4,0,1,119,124,0,0,0,124
03/23/2022,LAW,OK,ASW,CE,Federal Contract Tower,4,0,2,106,112,0,0,8,0,8,4,0,10,106,120,0,0,0,120
03/24/2022,LAW,OK,ASW,CE,Federal Contract Tower,4,0,5,118,127,0,0,6,2,8,4,0,11,120,135,6,4,10,145
03/25/2022,LAW,OK,ASW,CE,Federal Contract Tower,4,0,3,112,119,0,3,15,0,18,4,3,18,112,137,18,0,18,155
03/26/2022,LAW,OK,ASW,CE,Federal Contract Tower,4,0,1,0,5,0,1,6,0,7,4,1,7,0,12,4,0,4,16
03/27/2022,LAW,OK,ASW,CE,Federal Contract Tower,4,0,4,0,8,0,0,6,0,6,4,0,10,0,14,0,0,0,14
03/28/2022,LAW,OK,ASW,CE,Federal Contract Tower,4,0,5,106,115,0,0,23,4,27,4,0,28,110,142,7,0,7,149
03/29/2022,LAW,OK,ASW,CE,Federal Contract Tower,4,0,0,146,150,0,0,10,4,14,4,0,10,150,164,0,0,0,164
03/30/2022,LAW,OK,ASW,CE,Federal Contract Tower,4,0,4,132,140,0,0,0,0,0,4,0,4,132,140,0,0,0,140
03/31/2022,LAW,OK,ASW,CE,Federal Contract Tower,5,0,3,106,114,0,0,15,0,15,5,0,18,106,129,2,0,2,131
04/01/2022,LAW,OK,ASW,CE,Federal Contract Tower,4,0,8,75,87,0,2,16,1,19,4,2,24,76,106,2,0,2,108
04/02/2022,LAW,OK,ASW,CE,Federal Contract Tower,4,0,5,1,10,0,1,13,0,14,4,1,18,1,24,14,0,14,38
04/03/2022,LAW,OK,ASW,CE,Federal Contract Tower,6,0,2,1,9,0,0,8,6,14,6,0,10,7,23,10,0,10,33
04/04/2022,LAW,OK,ASW,CE,Federal Contract Tower,4,0,4,54,62,0,0,3,0,3,4,0,7,54,65,0,0,0,65
04/05/2022,LAW,OK,ASW,CE,Federal Contract Tower,6,0,1,46,53,0,0,12,0,12,6,0,13,46,65,0,0,0,65
04/06/2022,LAW,OK,ASW,CE,Federal Contract Tower,6,0,0,92,98,0,0,10,0,10,6,0,10,92,108,10,0,10,118
04/07/2022,LAW,OK,ASW,CE,Federal Contract Tower,8,0,2,45,55,0,0,7,0,7,8,0,9,45,62,0,0,0,62
04/08/2022,LAW,OK,ASW,CE,Federal Contract Tower,6,0,0,80,86,0,7,10,0,17,6,7,10,80,103,2,6,8,111
04/09/2022,LAW,OK,ASW,CE,Federal Contract Tower,6,0,2,2,10,0,2,13,0,15,6,2,15,2,25,12,0,12,37
04/10/2022,LAW,OK,ASW,CE,Federal Contract Tower,6,0,0,20,26,0,0,12,3,15,6,0,12,23,41,6,0,6,47
04/11/2022,LAW,OK,ASW,CE,Federal Contract Tower,4,0,3,56,63,0,0,19,12,31,4,0,22,68,94,0,0,0,94
04/12/2022,LAW,OK,ASW,CE,Federal Contract Tower,6,0,4,50,60,0,0,11,1,12,6,0,15,51,72,0,6,6,78
04/13/2022,LAW,OK,ASW,CE,Federal Contract Tower,5,0,8,60,73,0,0,13,0,13,5,0,21,60,86,8,0,8,94
04/14/2022,LAW,OK,ASW,CE,Federal Contract Tower,6,0,6,42,54,0,0,13,3,16,6,0,19,45,70,0,12,12,82
04/15/2022,LAW,OK,ASW,CE,Federal Contract Tower,6,0,3,58,67,0,1,7,0,8,6,1,10,58,75,0,0,0,75
04/16/2022,LAW,OK,ASW,CE,Federal Contract Tower,6,0,2,0,8,0,0,0,0,0,6,0,2,0,8,0,0,0,8
04/17/2022,LAW,OK,ASW,CE,Federal Contract Tower,6,0,2,1,9,0,1,3,0,4,6,1,5,1,13,8,0,8,21
04/18/2022,LAW,OK,ASW,CE,Federal Contract Tower,6,0,5,62,73,0,0,9,2,11,6,0,14,64,84,0,0,0,84
04/19/2022,LAW,OK,ASW,CE,Federal Contract Tower,6,0,4,42,52,0,0,8,0,8,6,0,12,42,60,0,0,0,60
04/20/2022,LAW,OK,ASW,CE,Federal Contract Tower,6,0,2,34,42,0,0,15,0,15,6,0,17,34,57,10,0,10,67
04/21/2022,LAW,OK,ASW,CE,Federal Contract Tower,6,0,0,58,64,0,0,14,2,16,6,0,14,60,80,0,2,2,82
04/22/2022,LAW,OK,ASW,CE,Federal Contract Tower,5,0,1,72,78,0,0,3,0,3,5,0,4,72,81,6,0,6,87
04/23/2022,LAW,OK,ASW,CE,Federal Contract Tower,7,0,0,0,7,0,3,5,0,8,7,3,5,0,15,0,0,0,15
04/24/2022,LAW,OK,ASW,CE,Federal Contract Tower,3,0,3,0,6,0,0,2,0,2,3,0,5,0,8,0,0,0,8
04/25/2022,LAW,OK,ASW,CE,Federal Contract Tower,6,0,2,82,90,0,0,19,0,19,6,0,21,82,109,0,0,0,109
04/26/2022,LAW,OK,ASW,CE,Federal Contract Tower,6,0,17,80,103,0,0,18,0,18,6,0,35,80,121,6,0,6,127
04/27/2022,LAW,OK,ASW,CE,Federal Contract Tower,6,0,16,114,136,0,0,7,0,7,6,0,23,114,143,12,0,12,155
04/28/2022,LAW,OK,ASW,CE,Federal Contract Tower,6,0,2,74,82,0,0,6,0,6,6,0,8,74,88,0,0,0,88
04/29/2022,LAW,OK,ASW,CE,Federal Contract Tower,7,1,3,86,97,0,2,4,0,6,7,3,7,86,103,0,0,0,103
04/30/2022,LAW,OK,ASW,CE,Federal Contract Tower,6,0,1,0,7,0,1,11,0,12,6,1,12,0,19,0,0,0,19
05/01/2022,LAW,OK,ASW,CE,Federal Contract Tower,6,0,8,0,14,0,0,6,8,14,6,0,14,8,28,14,0,14,42
05/02/2022,LAW,OK,ASW,CE,Federal Contract Tower,6,0,2,70,78,0,0,4,2,6,6,0,6,72,84,0,0,0,84
05/03/2022,LAW,OK,ASW,CE,Federal Contract Tower,6,0,12,102,120,0,0,6,4,10,6,0,18,106,130,8,0,8,138
05/04/2022,LAW,OK,ASW,CE,Federal Contract Tower,4,0,2,28,34,0,0,2,0,2,4,0,4,28,36,0,0,0,36
05/05/2022,LAW,OK,ASW,CE,Federal Contract Tower,5,0,4,53,62,0,0,1,1,2,5,0,5,54,64,0,0,0,64
05/06/2022,LAW,OK,ASW,CE,Federal Contract Tower,5,0,7,63,75,0,5,29,1,35,5,5,36,64,110,18,14,32,142
05/07/2022,LAW,OK,ASW,CE,Federal Contract Tower,6,2,4,0,12,0,2,7,0,9,6,4,11,0,21,6,0,6,27
05/08/2022,LAW,OK,ASW,CE,Federal Contract Tower,5,0,8,8,21,0,0,8,2,10,5,0,16,10,31,8,0,8,39
05/09/2022,LAW,OK,ASW,CE,Federal Contract Tower,5,0,2,84,91,0,0,8,4,12,5,0,10,88,103,0,0,0,103
05/10/2022,LAW,OK,ASW,CE,Federal Contract Tower,4,0,2,78,84,0,0,2,6,8,4,0,4,84,92,16,0,16,108
05/11/2022,LAW,OK,ASW,CE,Federal Contract Tower,8,0,2,86,96,0,0,24,0,24,8,0,26,86,120,12,0,12,132
05/12/2022,LAW,OK,ASW,CE,Federal Contract Tower,6,0,3,72,81,0,0,21,0,21,6,0,24,72,102,0,0,0,102
05/13/2022,LAW,OK,ASW,CE,Federal Contract Tower,6,0,3,0,9,0,2,12,2,16,6,2,15,2,25,10,4,14,39
05/14/2022,LAW,OK,ASW,CE,Federal Contract Tower,6,0,6,0,12,0,2,11,0,13,6,2,17,0,25,18,0,18,43
05/15/2022,LAW,OK,ASW,CE,Federal Contract Tower,6,0,13,5,24,0,0,14,6,20,6,0,27,11,44,8,0,8,52
05/16/2022,LAW,OK,ASW,CE,Federal Contract Tower,6,0,2,58,66,0,0,22,2,24,6,0,24,60,90,0,0,0,90
05/17/2022,LAW,OK,ASW,CE,Federal Contract Tower,6,0,15,81,102,0,0,17,2,19,6,0,32,83,121,4,0,4,125
05/18/2022,LAW,OK,ASW,CE,Federal Contract Tower,6,0,5,98,109,0,0,9,0,9,6,0,14,98,118,0,0,0,118
05/19/2022,LAW,OK,ASW,CE,Federal Contract Tower,6,0,10,74,90,0,0,14,0,14,6,0,24,74,104,10,0,10,114
05/20/2022,LAW,OK,ASW,CE,Federal Contract Tower,6,0,4,88,98,0,1,7,2,10,6,1,11,90,108,8,0,8,116
05/21/2022,LAW,OK,ASW,CE,Federal Contract Tower,5,0,11,0,16,0,3,13,0,16,5,3,24,0,32,0,0,0,32
05/22/2022,LAW,OK,ASW,CE,Federal Contract Tower,6,0,0,1,7,0,0,14,1,15,6,0,14,2,22,2,0,2,24
05/23/2022,LAW,OK,ASW,CE,Federal Contract Tower,6,0,7,36,49,0,0,0,0,0,6,0,7,36,49,0,0,0,49
05/24/2022,LAW,OK,ASW,CE,Federal Contract Tower,4,0,0,0,4,0,0,0,0,0,4,0,0,0,4,0,0,0,4
05/25/2022,LAW,OK,ASW,CE,Federal Contract Tower,7,0,16,60,83,0,0,2,6,8,7,0,18,66,91,0,12,12,103
05/26/2022,LAW,OK,ASW,CE,Federal Contract Tower,6,0,6,82,94,0,0,12,4,16,6,0,18,86,110,6,12,18,128
05/27/2022,LAW,OK,ASW,CE,Federal Contract Tower,6,0,5,1,12,0,1,16,0,17,6,1,21,1,29,16,0,16,45
05/28/2022,LAW,OK,ASW,CE,Federal Contract Tower,6,0,4,0,10,0,0,6,0,6,6,0,10,0,16,0,0,0,16
05/29/2022,LAW,OK,ASW,CE,Federal Contract Tower,4,0,2,0,6,0,0,11,0,11,4,0,13,0,17,0,0,0,17
05/30/2022,LAW,OK,ASW,CE,Federal Contract Tower,6,0,2,0,8,0,0,7,0,7,6,0,9,0,15,0,0,0,15
05/31/2022,LAW,OK,ASW,CE,Federal Contract Tower,8,0,7,64,79,0,0,10,0,10,8,0,17,64,89,0,0,0,89
06/01/2022,LAW,OK,ASW,CE,Federal Contract Tower,6,0,10,50,66,0,0,6,0,6,6,0,16,50,72,0,0,0,72
06/02/2022,LAW,OK,ASW,CE,Federal Contract Tower,7,0,7,72,86,0,0,2,0,2,7,0,9,72,88,4,0,4,92
06/03/2022,LAW,OK,ASW,CE,Federal Contract Tower,4,2,5,14,25,0,2,4,1,7,4,4,9,15,32,30,2,32,64
06/04/2022,LAW,OK,ASW,CE,Federal Contract Tower,4,1,1,0,6,0,2,15,1,18,4,3,16,1,24,4,0,4,28
06/05/2022,LAW,OK,ASW,CE,Federal Contract Tower,4,0,2,0,6,0,0,7,2,9,4,0,9,2,15,0,0,0,15
06/06/2022,LAW,OK,ASW,CE,Federal Contract Tower,4,0,7,52,63,0,0,11,6,17,4,0,18,58,80,8,0,8,88
06/07/2022,LAW,OK,ASW,CE,Federal Contract Tower,4,0,8,44,56,0,0,4,0,4,4,0,12,44,60,6,0,6,66
06/08/2022,LAW,OK,ASW,CE,Federal Contract Tower,4,0,3,20,27,0,0,4,2,6,4,0,7,22,33,0,4,4,37
06/09/2022,LAW,OK,ASW,CE,Federal Contract Tower,4,0,2,56,62,0,0,13,0,13,4,0,15,56,75,14,0,14,89
06/10/2022,LAW,OK,ASW,CE,Federal Contract Tower,4,0,9,49,62,0,2,20,1,23,4,2,29,50,85,20,2,22,107
06/11/2022,LAW,OK,ASW,CE,Federal Contract Tower,4,0,2,0,6,0,1,2,0,3,4,1,4,0,9,0,0,0,9
06/12/2022,LAW,OK,ASW,CE,Federal Contract Tower,4,0,1,4,9,0,2,1,0,3,4,2,2,4,12,4,0,4,16
06/13/2022,LAW,OK,ASW,CE,Federal Contract Tower,3,0,6,42,51,0,0,11,0,11,3,0,17,42,62,0,0,0,62
06/14/2022,LAW,OK,ASW,CE,Federal Contract Tower,4,0,9,54,67,0,0,7,0,7,4,0,16,54,74,0,0,0,74
06/15/2022,LAW,OK,ASW,CE,Federal Contract Tower,4,0,7,53,64,0,0,14,2,16,4,0,21,55,80,0,10,10,90
06/16/2022,LAW,OK,ASW,CE,Federal Contract Tower,5,0,5,60,70,0,0,5,0,5,5,0,10,60,75,8,0,8,83
06/17/2022,LAW,OK,ASW,CE,Federal Contract Tower,4,0,2,37,43,0,0,12,0,12,4,0,14,37,55,8,0,8,63
06/18/2022,LAW,OK,ASW,CE,Federal Contract Tower,4,0,1,0,5,0,0,6,0,6,4,0,7,0,11,4,0,4,15
06/19/2022,LAW,OK,ASW,CE,Federal Contract Tower,4,0,2,0,6,0,0,13,0,13,4,0,15,0,19,14,0,14,33
06/20/2022,LAW,OK,ASW,CE,Federal Contract Tower,4,0,5,0,9,0,0,11,0,11,4,0,16,0,20,12,0,12,32
06/21/2022,LAW,OK,ASW,CE,Federal Contract Tower,4,0,1,66,71,0,0,2,2,4,4,0,3,68,75,10,0,10,85
06/22/2022,LAW,OK,ASW,CE,Federal Contract Tower,4,0,6,80,90,0,0,3,0,3,4,0,9,80,93,0,0,0,93
06/23/2022,LAW,OK,ASW,CE,Federal Contract Tower,4,0,3,80,87,0,0,2,0,2,4,0,5,80,89,4,0,4,93
06/24/2022,LAW,OK,ASW,CE,Federal Contract Tower,4,0,1,36,41,0,0,8,1,9,4,0,9,37,50,4,0,4,54
06/25/2022,LAW,OK,ASW,CE,Federal Contract Tower,4,3,0,0,7,0,1,6,0,7,4,4,6,0,14,0,0,0,14
06/26/2022,LAW,OK,ASW,CE,Federal Contract Tower,3,0,4,9,16,0,0,7,0,7,3,0,11,9,23,0,0,0,23
06/27/2022,LAW,OK,ASW,CE,Federal Contract Tower,2,0,4,105,111,0,0,14,6,20,2,0,18,111,131,0,4,4,135
06/28/2022,LAW,OK,ASW,CE,Federal Contract Tower,4,0,1,66,71,0,0,3,0,3,4,0,4,66,74,0,0,0,74
06/29/2022,LAW,OK,ASW,CE,Federal Contract Tower,4,0,12,114,130,0,0,20,0,20,4,0,32,114,150,0,0,0,150
06/30/2022,LAW,OK,ASW,CE,Federal Contract Tower,4,0,9,90,103,0,0,12,0,12,4,0,21,90,115,0,0,0,115
07/01/2022,LAW,OK,ASW,CE,Federal Contract Tower,4,0,5,0,9,0,3,17,0,20,4,3,22,0,29,6,0,6,35
07/02/2022,LAW,OK,ASW,CE,Federal Contract Tower,4,0,3,0,7,0,0,13,0,13,4,0,16,0,20,0,0,0,20
07/03/2022,LAW,OK,ASW,CE,Federal Contract Tower,3,0,2,0,5,0,0,2,0,2,3,0,4,0,7,0,0,0,7
07/04/2022,LAW,OK,ASW,CE,Federal Contract Tower,4,0,0,0,4,0,0,0,0,0,4,0,0,0,4,0,0,0,4
07/05/2022,LAW,OK,ASW,CE,Federal Contract Tower,4,0,3,108,115,0,0,7,4,11,4,0,10,112,126,0,0,0,126
07/06/2022,LAW,OK,ASW,CE,Federal Contract Tower,2,0,9,130,141,0,0,16,0,16,2,0,25,130,157,6,0,6,163
07/07/2022,LAW,OK,ASW,CE,Federal Contract Tower,4,0,0,110,114,0,0,12,0,12,4,0,12,110,126,8,0,8,134
07/08/2022,LAW,OK,ASW,CE,Federal Contract Tower,4,0,5,72,81,0,0,8,6,14,4,0,13,78,95,0,8,8,103
07/09/2022,LAW,OK,ASW,CE,Federal Contract Tower,4,0,4,0,8,0,1,5,0,6,4,1,9,0,14,0,0,0,14
07/10/2022,LAW,OK,ASW,CE,Federal Contract Tower,4,0,0,4,8,0,0,2,16,18,4,0,2,20,26,2,0,2,28
07/11/2022,LAW,OK,ASW,CE,Federal Contract Tower,4,0,3,101,108,0,0,12,0,12,4,0,15,101,120,0,0,0,120
07/12/2022,LAW,OK,ASW,CE,Federal Contract Tower,4,0,0,82,86,0,0,6,0,6,4,0,6,82,92,0,0,0,92
07/13/2022,LAW,OK,ASW,CE,Federal Contract Tower,4,0,1,112,117,0,0,13,0,13,4,0,14,112,130,12,0,12,142
07/14/2022,LAW,OK,ASW,CE,Federal Contract Tower,4,0,2,106,112,0,0,15,0,15,4,0,17,106,127,2,0,2,129
07/15/2022,LAW,OK,ASW,CE,Federal Contract Tower,4,0,7,72,83,0,2,11,0,13,4,2,18,72,96,4,0,4,100
07/16/2022,LAW,OK,ASW,CE,Federal Contract Tower,2,0,0,0,2,0,0,7,2,9,2,0,7,2,11,8,0,8,19
07/17/2022,LAW,OK,ASW,CE,Federal Contract Tower,2,0,0,3,5,0,2,8,2,12,2,2,8,5,17,24,0,24,41
07/18/2022,LAW,OK,ASW,CE,Federal Contract Tower,4,0,3,156,163,0,0,16,0,16,4,0,19,156,179,6,0,6,185
07/19/2022,LAW,OK,ASW,CE,Federal Contract Tower,4,0,0,94,98,0,0,8,0,8,4,0,8,94,106,2,0,2,108
07/20/2022,LAW,OK,ASW,CE,Federal Contract Tower,2,0,3,132,137,0,0,11,0,11,2,0,14,132,148,2,0,2,150
07/21/2022,LAW,OK,ASW,CE,Federal Contract Tower,4,0,4,112,120,0,0,20,0,20,4,0,24,112,140,4,0,4,144
07/22/2022,LAW,OK,ASW,CE,Federal Contract Tower,4,0,0,80,84,0,3,6,0,9,4,3,6,80,93,8,0,8,101
07/23/2022,LAW,OK,ASW,CE,Federal Contract Tower,4,0,0,2,6,0,0,8,1,9,4,0,8,3,15,2,0,2,17
07/24/2022,LAW,OK,ASW,CE,Federal Contract Tower,4,0,1,1,6,0,0,5,3,8,4,0,6,4,14,4,0,4,18
07/25/2022,LAW,OK,ASW,CE,Federal Contract Tower,2,0,14,120,136,0,0,5,0,5,2,0,19,120,141,4,0,4,145
07/26/2022,LAW,OK,ASW,CE,Federal Contract Tower,4,0,2,86,92,0,0,9,0,9,4,0,11,86,101,6,0,6,107
07/27/2022,LAW,OK,ASW,CE,Federal Contract Tower,4,0,3,84,91,0,0,8,0,8,4,0,11,84,99,0,0,0,99
07/28/2022,LAW,OK,ASW,CE,Federal Contract Tower,4,0,8,98,110,0,0,10,0,10,4,0,18,98,120,0,0,0,120
07/29/2022,LAW,OK,ASW,CE,Federal Contract Tower,4,2,5,66,77,0,1,12,1,14,4,3,17,67,91,0,0,0,91
07/30/2022,LAW,OK,ASW,CE,Federal Contract Tower,3,0,1,0,4,0,4,14,0,18,3,4,15,0,22,22,0,22,44
07/31/2022,LAW,OK,ASW,CE,Federal Contract Tower,4,0,2,0,6,0,0,9,0,9,4,0,11,0,15,6,0,6,21
08/01/2022,LAW,OK,ASW,CE,Federal Contract Tower,4,0,2,76,82,0,0,5,4,9,4,0,7,80,91,0,0,0,91
08/02/2022,LAW,OK,ASW,CE,Federal Contract Tower,4,0,1,90,95,0,0,10,0,10,4,0,11,90,105,0,0,0,105
08/03/2022,LAW,OK,ASW,CE,Federal Contract Tower,4,0,3,88,95,0,0,16,2,18,4,0,19,90,113,6,0,6,119
08/04/2022,LAW,OK,ASW,CE,Federal Contract Tower,4,0,12,66,82,0,0,18,12,30,4,0,30,78,112,12,0,12,124
08/05/2022,LAW,OK,ASW,CE,Federal Contract Tower,4,0,5,26,35,0,1,2,1,4,4,1,7,27,39,2,4,6,45
08/06/2022,LAW,OK,ASW,CE,Federal Contract Tower,4,0,2,0,6,0,0,11,0,11,4,0,13,0,17,12,0,12,29
08/07/2022,LAW,OK,ASW,CE,Federal Contract Tower,4,0,9,4,17,0,0,10,13,23,4,0,19,17,40,20,2,22,62
08/08/2022,LAW,OK,ASW,CE,Federal Contract Tower,4,0,1,1,6,0,0,6,20,26,4,0,7,21,32,16,6,22,54
08/09/2022,LAW,OK,ASW,CE,Federal Contract Tower,3,0,1,0,4,0,0,13,4,17,3,0,14,4,21,2,0,2,23
08/10/2022,LAW,OK,ASW,CE,Federal Contract Tower,6,0,2,0,8,0,0,16,0,16,6,0,18,0,24,16,0,16,40
08/11/2022,LAW,OK,ASW,CE,Federal Contract Tower,4,0,6,2,12,0,0,11,0,11,4,0,17,2,23,0,0,0,23
08/12/2022,LAW,OK,ASW,CE,Federal Contract Tower,4,0,3,22,29,0,1,13,0,14,4,1,16,22,43,18,2,20,63
08/13/2022,LAW,OK,ASW,CE,Federal Contract Tower,4,0,1,0,5,0,8,13,0,21,4,8,14,0,26,8,0,8,34
08/14/2022,LAW,OK,ASW,CE,Federal Contract Tower,4,0,4,0,8,0,0,7,0,7,4,0,11,0,15,4,0,4,19
08/15/2022,LAW,OK,ASW,CE,Federal Contract Tower,4,0,1,2,7,0,0,7,6,13,4,0,8,8,20,0,6,6,26
08/16/2022,LAW,OK,ASW,CE,Federal Contract Tower,4,0,3,56,63,0,0,7,0,7,4,0,10,56,70,0,4,4,74
08/17/2022,LAW,OK,ASW,CE,Federal Contract Tower,3,0,0,22,25,0,0,4,0,4,3,0,4,22,29,0,0,0,29
08/18/2022,LAW,OK,ASW,CE,Federal Contract Tower,4,3,0,28,35,0,0,13,0,13,4,3,13,28,48,0,0,0,48
08/19/2022,LAW,OK,ASW,CE,Federal Contract Tower,4,1,7,22,34,0,3,13,0,16,4,4,20,22,50,36,0,36,86
08/20/2022,LAW,OK,ASW,CE,Federal Contract Tower,4,0,0,0,4,0,0,6,0,6,4,0,6,0,10,0,0,0,10
08/21/2022,LAW,OK,ASW,CE,Federal Contract Tower,2,0,1,0,3,0,0,2,0,2,2,0,3,0,5,0,0,0,5
08/22/2022,LAW,OK,ASW,CE,Federal Contract Tower,5,0,1,56,62,0,0,1,0,1,5,0,2,56,63,0,0,0,63
08/23/2022,LAW,OK,ASW,CE,Federal Contract Tower,4,0,11,56,71,0,0,13,0,13,4,0,24,56,84,0,8,8,92
08/24/2022,LAW,OK,ASW,CE,Federal Contract Tower,4,0,1,52,57,0,0,20,2,22,4,0,21,54,79,18,4,22,101
08/25/2022,LAW,OK,ASW,CE,Federal Contract Tower,4,0,10,72,86,0,0,25,0,25,4,0,35,72,111,14,0,14,125
08/26/2022,LAW,OK,ASW,CE,Federal Contract Tower,4,0,1,56,61,0,1,7,1,9,4,1,8,57,70,10,4,14,84
08/27/2022,LAW,OK,ASW,CE,Federal Contract Tower,4,2,1,0,7,0,5,15,0,20,4,7,16,0,27,10,0,10,37
08/28/2022,LAW,OK,ASW,CE,Federal Contract Tower,4,0,3,10,17,0,0,12,8,20,4,0,15,18,37,6,0,6,43
08/29/2022,LAW,OK,ASW,CE,Federal Contract Tower,4,0,4,55,63,0,0,5,0,5,4,0,9,55,68,18,0,18,86
08/30/2022,LAW,OK,ASW,CE,Federal Contract Tower,3,0,16,48,67,0,0,8,0,8,3,0,24,48,75,0,0,0,75
08/31/2022,LAW,OK,ASW,CE,Federal Contract Tower,3,0,2,66,71,0,0,10,2,12,3,0,12,68,83,10,0,10,93
09/01/2022,LAW,OK,ASW,CE,Federal Contract Tower,3,0,7,60,70,0,0,7,0,7,3,0,14,60,77,6,0,6,83
09/02/2022,LAW,OK,ASW,CE,Federal Contract Tower,3,0,1,0,4,0,0,10,0,10,3,0,11,0,14,16,0,16,30
09/03/2022,LAW,OK,ASW,CE,Federal Contract Tower,3,0,0,0,3,0,2,6,0,8,3,2,6,0,11,4,0,4,15
09/04/2022,LAW,OK,ASW,CE,Federal Contract Tower,3,0,0,0,3,0,0,4,0,4,3,0,4,0,7,0,0,0,7
09/05/2022,LAW,OK,ASW,CE,Federal Contract Tower,5,0,6,0,11,0,0,3,0,3,5,0,9,0,14,0,0,0,14
09/06/2022,LAW,OK,ASW,CE,Federal Contract Tower,0,4,5,97,106,0,0,12,5,17,0,4,17,102,123,14,0,14,137
09/07/2022,LAW,OK,ASW,CE,Federal Contract Tower,4,0,4,100,108,0,0,17,0,17,4,0,21,100,125,18,0,18,143
09/08/2022,LAW,OK,ASW,CE,Federal Contract Tower,4,0,19,126,149,0,0,21,0,21,4,0,40,126,170,4,0,4,174
09/09/2022,LAW,OK,ASW,CE,Federal Contract Tower,4,0,15,76,95,0,3,16,0,19,4,3,31,76,114,0,0,0,114
09/10/2022,LAW,OK,ASW,CE,Federal Contract Tower,4,0,7,1,12,0,0,11,0,11,4,0,18,1,23,10,0,10,33
09/11/2022,LAW,OK,ASW,CE,Federal Contract Tower,4,0,6,10,20,0,0,7,12,19,4,0,13,22,39,0,0,0,39
09/12/2022,LAW,OK,ASW,CE,Federal Contract Tower,4,0,1,78,83,0,0,8,0,8,4,0,9,78,91,14,0,14,105
09/13/2022,LAW,OK,ASW,CE,Federal Contract Tower,4,0,11,68,83,0,0,4,0,4,4,0,15,68,87,0,0,0,87
09/14/2022,LAW,OK,ASW,CE,Federal Contract Tower,4,0,4,60,68,0,0,10,0,10,4,0,14,60,78,6,0,6,84
09/15/2022,LAW,OK,ASW,CE,Federal Contract Tower,2,0,1,50,53,0,0,33,0,33,2,0,34,50,86,4,0,4,90
09/16/2022,LAW,OK,ASW,CE,Federal Contract Tower,4,1,5,22,32,0,5,9,0,14,4,6,14,22,46,0,0,0,46
09/17/2022,LAW,OK,ASW,CE,Federal Contract Tower,4,0,0,0,4,0,2,7,0,9,4,2,7,0,13,2,0,2,15
09/18/2022,LAW,OK,ASW,CE,Federal Contract Tower,4,0,3,0,7,0,0,6,0,6,4,0,9,0,13,0,0,0,13
09/19/2022,LAW,OK,ASW,CE,Federal Contract Tower,4,0,4,34,42,0,0,6,0,6,4,0,10,34,48,0,0,0,48
09/20/2022,LAW,OK,ASW,CE,Federal Contract Tower,4,0,4,40,48,0,0,16,2,18,4,0,20,42,66,14,0,14,80
09/21/2022,LAW,OK,ASW,CE,Federal Contract Tower,4,0,0,40,44,0,0,24,0,24,4,0,24,40,68,0,0,0,68
09/22/2022,LAW,OK,ASW,CE,Federal Contract Tower,4,0,5,52,61,0,0,17,4,21,4,0,22,56,82,12,2,14,96
09/23/2022,LAW,OK,ASW,CE,Federal Contract Tower,4,0,0,39,43,0,0,11,0,11,4,0,11,39,54,14,0,14,68
09/24/2022,LAW,OK,ASW,CE,Federal Contract Tower,4,0,1,0,5,0,1,6,0,7,4,1,7,0,12,12,0,12,24
09/25/2022,LAW,OK,ASW,CE,Federal Contract Tower,4,0,3,0,7,0,0,15,0,15,4,0,18,0,22,0,0,0,22
09/26/2022,LAW,OK,ASW,CE,Federal Contract Tower,4,0,7,52,63,0,0,15,0,15,4,0,22,52,78,0,0,0,78
09/27/2022,LAW,OK,ASW,CE,Federal Contract Tower,4,0,0,44,48,0,0,10,2,12,4,0,10,46,60,0,0,0,60
09/28/2022,LAW,OK,ASW,CE,Federal Contract Tower,4,0,5,34,43,0,0,4,2,6,4,0,9,36,49,8,2,10,59
09/29/2022,LAW,OK,ASW,CE,Federal Contract Tower,5,0,5,36,46,0,0,13,2,15,5,0,18,38,61,4,2,6,67
09/30/2022,LAW,OK,ASW,CE,Federal Contract Tower,4,0,4,20,28,0,1,11,2,14,4,1,15,22,42,20,2,22,64
10/01/2022,LAW,OK,ASW,CE,Federal Contract Tower,4,0,1,2,7,0,1,15,0,16,4,1,16,2,23,12,0,12,35
10/02/2022,LAW,OK,ASW,CE,Federal Contract Tower,4,0,7,0,11,0,0,10,0,10,4,0,17,0,21,0,0,0,21
10/03/2022,LAW,OK,ASW,CE,Federal Contract Tower,4,0,2,34,40,0,0,11,2,13,4,0,13,36,53,8,0,8,61
10/04/2022,LAW,OK,ASW,CE,Federal Contract Tower,4,0,3,46,53,0,0,6,0,6,4,0,9,46,59,0,0,0,59
10/05/2022,LAW,OK,ASW,CE,Federal Contract Tower,4,0,3,86,93,0,0,29,2,31,4,0,32,88,124,0,4,4,128
10/06/2022,LAW,OK,ASW,CE,Federal Contract Tower,4,0,1,52,57,0,0,25,0,25,4,0,26,52,82,8,0,8,90
10/07/2022,LAW,OK,ASW,CE,Federal Contract Tower,4,0,6,48,58,0,1,9,0,10,4,1,15,48,68,20,0,20,88
10/08/2022,LAW,OK,ASW,CE,Federal Contract Tower,3,0,3,0,6,0,2,7,0,9,3,2,10,0,15,26,0,26,41
10/09/2022,LAW,OK,ASW,CE,Federal Contract Tower,4,0,5,0,9,0,0,8,0,8,4,0,13,0,17,12,0,12,29
10/10/2022,LAW,OK,ASW,CE,Federal Contract Tower,4,0,5,0,9,0,0,7,0,7,4,0,12,0,16,0,0,0,16
10/11/2022,LAW,OK,ASW,CE,Federal Contract Tower,4,0,10,30,44,0,0,7,0,7,4,0,17,30,51,0,0,0,51
10/12/2022,LAW,OK,ASW,CE,Federal Contract Tower,4,0,3,58,65,0,0,7,0,7,4,0,10,58,72,0,0,0,72
10/13/2022,LAW,OK,ASW,CE,Federal Contract Tower,4,0,8,72,84,0,0,28,0,28,4,0,36,72,112,14,0,14,126
10/14/2022,LAW,OK,ASW,CE,Federal Contract Tower,4,0,3,46,53,0,1,13,0,14,4,1,16,46,67,0,0,0,67
10/15/2022,LAW,OK,ASW,CE,Federal Contract Tower,4,0,1,0,5,0,2,13,0,15,4,2,14,0,20,0,0,0,20
10/16/2022,LAW,OK,ASW,CE,Federal Contract Tower,4,0,7,0,11,0,0,2,0,2,4,0,9,0,13,0,0,0,13
10/17/2022,LAW,OK,ASW,CE,Federal Contract Tower,4,0,0,54,58,0,0,5,2,7,4,0,5,56,65,0,0,0,65
10/18/2022,LAW,OK,ASW,CE,Federal Contract Tower,4,0,2,60,66,0,0,8,4,12,4,0,10,64,78,0,0,0,78
10/19/2022,LAW,OK,ASW,CE,Federal Contract Tower,3,0,2,56,61,0,0,20,0,20,3,0,22,56,81,0,0,0,81
10/20/2022,LAW,OK,ASW,CE,Federal Contract Tower,4,0,2,68,74,0,0,22,4,26,4,0,24,72,100,0,0,0,100
10/21/2022,LAW,OK,ASW,CE,Federal Contract Tower,4,0,5,24,33,0,1,8,0,9,4,1,13,24,42,14,0,14,56
10/22/2022,LAW,OK,ASW,CE,Federal Contract Tower,4,0,2,0,6,0,2,4,0,6,4,2,6,0,12,0,0,0,12
10/23/2022,LAW,OK,ASW,CE,Federal Contract Tower,4,0,5,4,13,0,0,5,2,7,4,0,10,6,20,0,0,0,20
10/24/2022,LAW,OK,ASW,CE,Federal Contract Tower,2,0,2,20,24,0,0,5,0,5,2,0,7,20,29,0,0,0,29
10/25/2022,LAW,OK,ASW,CE,Federal Contract Tower,4,0,5,34,43,0,0,14,0,14,4,0,19,34,57,6,0,6,63
10/26/2022,LAW,OK,ASW,CE,Federal Contract Tower,6,0,2,36,44,0,0,15,2,17,6,0,17,38,61,10,0,10,71
10/27/2022,LAW,OK,ASW,CE,Federal Contract Tower,4,2,7,42,55,0,0,26,2,28,4,2,33,44,83,0,2,2,85
10/28/2022,LAW,OK,ASW,CE,Federal Contract Tower,5,0,4,0,9,0,0,3,0,3,5,0,7,0,12,0,0,0,12
10/29/2022,LAW,OK,ASW,CE,Federal Contract Tower,4,0,6,0,10,0,3,6,2,11,4,3,12,2,21,0,0,0,21
10/30/2022,LAW,OK,ASW,CE,Federal Contract Tower,4,0,6,0,10,0,0,13,0,13,4,0,19,0,23,8,0,8,31
10/31/2022,LAW,OK,ASW,CE,Federal Contract Tower,3,0,5,40,48,0,0,11,4,15,3,0,16,44,63,10,0,10,73
11/01/2022,LAW,OK,ASW,CE,Federal Contract Tower,4,0,2,34,40,0,0,19,0,19,4,0,21,34,59,10,8,18,77
11/02/2022,LAW,OK,ASW,CE,Federal Contract Tower,2,0,5,36,43,0,0,3,0,3,2,0,8,36,46,0,0,0,46
11/03/2022,LAW,OK,ASW,CE,Federal Contract Tower,3,0,12,16,31,0,0,6,0,6,3,0,18,16,37,0,0,0,37
11/04/2022,LAW,OK,ASW,CE,Federal Contract Tower,4,0,1,0,5,0,0,2,0,2,4,0,3,0,7,0,0,0,7
11/05/2022,LAW,OK,ASW,CE,Federal Contract Tower,4,0,0,0,4,0,2,9,0,11,4,2,9,0,15,0,0,0,15
11/07/2022,LAW,OK,ASW,CE,Federal Contract Tower,4,0,48,0,52,0,0,0,4,4,4,0,48,4,56,0,0,0,56
11/08/2022,LAW,OK,ASW,CE,Federal Contract Tower,4,0,4,40,48,0,0,7,0,7,4,0,11,40,55,0,0,0,55
11/09/2022,LAW,OK,ASW,CE,Federal Contract Tower,4,0,3,40,47,0,0,19,2,21,4,0,22,42,68,16,0,16,84
11/10/2022,LAW,OK,ASW,CE,Federal Contract Tower,3,0,5,42,50,0,0,8,0,8,3,0,13,42,58,2,0,2,60
11/11/2022,LAW,OK,ASW,CE,Federal Contract Tower,4,0,0,0,4,0,0,3,0,3,4,0,3,0,7,0,0,0,7
11/12/2022,LAW,OK,ASW,CE,Federal Contract Tower,4,0,11,0,15,0,2,29,0,31,4,2,40,0,46,0,0,0,46
11/13/2022,LAW,OK,ASW,CE,Federal Contract Tower,4,0,0,2,6,0,0,3,0,3,4,0,3,2,9,18,0,18,27
11/14/2022,LAW,OK,ASW,CE,Federal Contract Tower,4,0,0,0,4,0,0,0,0,0,4,0,0,0,4,0,0,0,4
11/15/2022,LAW,OK,ASW,CE,Federal Contract Tower,2,0,2,48,52,0,0,16,0,16,2,0,18,48,68,0,2,2,70
11/16/2022,LAW,OK,ASW,CE,Federal Contract Tower,4,0,4,60,68,0,0,35,0,35,4,0,39,60,103,4,0,4,107
11/17/2022,LAW,OK,ASW,CE,Federal Contract Tower,4,0,7,70,81,0,0,11,0,11,4,0,18,70,92,0,0,0,92
11/18/2022,LAW,OK,ASW,CE,Federal Contract Tower,2,2,3,18,25,0,0,8,0,8,2,2,11,18,33,0,0,0,33
11/19/2022,LAW,OK,ASW,CE,Federal Contract Tower,4,0,0,0,4,0,1,5,0,6,4,1,5,0,10,0,0,0,10
11/20/2022,LAW,OK,ASW,CE,Federal Contract Tower,4,0,2,0,6,0,0,2,0,2,4,0,4,0,8,0,0,0,8
11/21/2022,LAW,OK,ASW,CE,Federal Contract Tower,4,0,1,38,43,0,0,6,0,6,4,0,7,38,49,12,0,12,61
11/22/2022,LAW,OK,ASW,CE,Federal Contract Tower,4,0,5,46,55,0,0,11,0,11,4,0,16,46,66,0,0,0,66
11/23/2022,LAW,OK,ASW,CE,Federal Contract Tower,4,0,0,42,46,0,0,0,0,0,4,0,0,42,46,0,0,0,46
11/24/2022,LAW,OK,ASW,CE,Federal Contract Tower,3,0,6,0,9,0,0,0,0,0,3,0,6,0,9,0,0,0,9
11/25/2022,LAW,OK,ASW,CE,Federal Contract Tower,4,1,4,0,9,0,7,5,0,12,4,8,9,0,21,0,0,0,21
11/26/2022,LAW,OK,ASW,CE,Federal Contract Tower,5,0,6,0,11,0,0,0,0,0,5,0,6,0,11,0,0,0,11
11/27/2022,LAW,OK,ASW,CE,Federal Contract Tower,4,0,4,2,10,0,0,5,0,5,4,0,9,2,15,2,0,2,17
11/28/2022,LAW,OK,ASW,CE,Federal Contract Tower,4,0,7,50,61,0,0,9,6,15,4,0,16,56,76,0,0,0,76
11/29/2022,LAW,OK,ASW,CE,Federal Contract Tower,2,0,9,54,65,0,0,13,12,25,2,0,22,66,90,0,0,0,90
11/30/2022,LAW,OK,ASW,CE,Federal Contract Tower,5,0,4,56,65,0,0,14,0,14,5,0,18,56,79,0,0,0,79
12/01/2022,LAW,OK,ASW,CE,Federal Contract Tower,4,0,5,76,85,0,0,7,0,7,4,0,12,76,92,0,0,0,92
12/02/2022,LAW,OK,ASW,CE,Federal Contract Tower,2,0,4,24,30,0,1,2,0,3,2,1,6,24,33,4,0,4,37
12/03/2022,LAW,OK,ASW,CE,Federal Contract Tower,4,0,2,0,6,0,0,14,0,14,4,0,16,0,20,6,0,6,26
12/04/2022,LAW,OK,ASW,CE,Federal Contract Tower,4,0,7,0,11,0,0,8,0,8,4,0,15,0,19,0,0,0,19
12/05/2022,LAW,OK,ASW,CE,Federal Contract Tower,4,0,1,4,9,0,0,13,0,13,4,0,14,4,22,0,0,0,22
12/06/2022,LAW,OK,ASW,CE,Federal Contract Tower,4,0,12,45,61,0,0,8,1,9,4,0,20,46,70,0,4,4,74
12/07/2022,LAW,OK,ASW,CE,Federal Contract Tower,4,0,7,96,107,0,0,0,0,0,4,0,7,96,107,0,0,0,107
12/08/2022,LAW,OK,ASW,CE,Federal Contract Tower,3,0,4,24,31,0,0,4,0,4,3,0,8,24,35,0,0,0,35
12/09/2022,LAW,OK,ASW,CE,Federal Contract Tower,4,4,9,38,55,0,2,21,4,27,4,6,30,42,82,0,2,2,84
12/10/2022,LAW,OK,ASW,CE,Federal Contract Tower,2,0,13,0,15,0,0,4,0,4,2,0,17,0,19,0,0,0,19
12/11/2022,LAW,OK,ASW,CE,Federal Contract Tower,4,0,9,2,15,0,0,0,0,0,4,0,9,2,15,0,0,0,15
12/12/2022,LAW,OK,ASW,CE,Federal Contract Tower,3,0,3,2,8,0,0,0,0,0,3,0,3,2,8,0,0,0,8
12/13/2022,LAW,OK,ASW,CE,Federal Contract Tower,3,0,1,80,84,0,0,9,0,9,3,0,10,80,93,6,0,6,99
12/14/2022,LAW,OK,ASW,CE,Federal Contract Tower,4,1,4,66,75,0,0,22,0,22,4,1,26,66,97,12,0,12,109
12/15/2022,LAW,OK,ASW,CE,Federal Contract Tower,5,0,68,0,73,0,0,8,0,8,5,0,76,0,81,0,0,0,81
12/16/2022,LAW,OK,ASW,CE,Federal Contract Tower,6,2,8,84,100,0,1,8,0,9,6,3,16,84,109,6,26,32,141
12/17/2022,LAW,OK,ASW,CE,Federal Contract Tower,5,0,0,0,5,0,1,16,0,17,5,1,16,0,22,4,0,4,26
12/18/2022,LAW,OK,ASW,CE,Federal Contract Tower,4,0,3,0,7,0,0,10,0,10,4,0,13,0,17,14,0,14,31
12/19/2022,LAW,OK,ASW,CE,Federal Contract Tower,4,0,3,96,103,0,0,12,1,13,4,0,15,97,116,0,0,0,116
12/20/2022,LAW,OK,ASW,CE,Federal Contract Tower,4,0,5,65,74,0,0,1,0,1,4,0,6,65,75,0,0,0,75
12/21/2022,LAW,OK,ASW,CE,Federal Contract Tower,4,0,0,50,54,0,0,1,0,1,4,0,1,50,55,0,0,0,55
12/22/2022,LAW,OK,ASW,CE,Federal Contract Tower,0,0,2,2,4,0,0,0,0,0,0,0,2,2,4,0,0,0,4
12/23/2022,LAW,OK,ASW,CE,Federal Contract Tower,1,0,0,2,3,0,0,4,0,4,1,0,4,2,7,0,0,0,7
12/24/2022,LAW,OK,ASW,CE,Federal Contract Tower,2,0,1,0,3,0,0,13,0,13,2,0,14,0,16,0,0,0,16
12/25/2022,LAW,OK,ASW,CE,Federal Contract Tower,2,0,1,0,3,0,0,14,0,14,2,0,15,0,17,4,0,4,21
12/26/2022,LAW,OK,ASW,CE,Federal Contract Tower,4,0,9,0,13,0,0,5,0,5,4,0,14,0,18,7,0,7,25
12/27/2022,LAW,OK,ASW,CE,Federal Contract Tower,6,0,7,0,13,0,0,19,0,19,6,0,26,0,32,6,0,6,38
12/28/2022,LAW,OK,ASW,CE,Federal Contract Tower,4,0,1,0,5,0,0,8,0,8,4,0,9,0,13,6,0,6,19
12/29/2022,LAW,OK,ASW,CE,Federal Contract Tower,4,0,6,0,10,0,0,17,0,17,4,0,23,0,27,16,0,16,43
12/30/2022,LAW,OK,ASW,CE,Federal Contract Tower,4,4,5,0,13,0,1,19,0,20,4,5,24,0,33,18,0,18,51
12/31/2022,LAW,OK,ASW,CE,Federal Contract Tower,3,3,3,0,9,0,10,21,0,31,3,13,24,0,40,2,0,2,42
01/01/2023,LAW,OK,ASW,CE,Federal Contract Tower,3,0,1,0,4,0,0,6,0,6,3,0,7,0,10,0,0,0,10
01/02/2023,LAW,OK,ASW,CE,Federal Contract Tower,3,0,5,4,12,0,0,1,0,1,3,0,6,4,13,2,0,2,15
01/03/2023,LAW,OK,ASW,CE,Federal Contract Tower,4,0,1,98,103,0,0,13,0,13,4,0,14,98,116,12,0,12,128
01/04/2023,LAW,OK,ASW,CE,Federal Contract Tower,4,0,2,90,96,0,0,18,0,18,4,0,20,90,114,14,0,14,128
01/05/2023,LAW,OK,ASW,CE,Federal Contract Tower,4,0,2,104,110,0,0,9,0,9,4,0,11,104,119,0,6,6,125
01/06/2023,LAW,OK,ASW,CE,Federal Contract Tower,4,0,3,76,83,0,1,13,0,14,4,1,16,76,97,6,0,6,103
01/07/2023,LAW,OK,ASW,CE,Federal Contract Tower,4,0,3,0,7,0,0,12,0,12,4,0,15,0,19,22,0,22,41
01/08/2023,LAW,OK,ASW,CE,Federal Contract Tower,4,0,0,0,4,0,0,7,0,7,4,0,7,0,11,4,0,4,15
01/09/2023,LAW,OK,ASW,CE,Federal Contract Tower,4,0,1,68,73,0,0,15,0,15,4,0,16,68,88,0,0,0,88
01/10/2023,LAW,OK,ASW,CE,Federal Contract Tower,6,0,1,62,69,0,0,9,0,9,6,0,10,62,78,0,12,12,90
01/11/2023,LAW,OK,ASW,CE,Federal Contract Tower,7,2,0,59,68,0,0,6,0,6,7,2,6,59,74,0,0,0,74
01/12/2023,LAW,OK,ASW,CE,Federal Contract Tower,6,0,5,63,74,0,0,10,0,10,6,0,15,63,84,6,0,6,90
01/13/2023,LAW,OK,ASW,CE,Federal Contract Tower,6,0,5,44,55,0,2,18,4,24,6,2,23,48,79,4,0,4,83
01/14/2023,LAW,OK,ASW,CE,Federal Contract Tower,5,0,0,0,5,0,1,10,0,11,5,1,10,0,16,0,0,0,16
01/15/2023,LAW,OK,ASW,CE,Federal Contract Tower,6,0,5,0,11,0,0,7,0,7,6,0,12,0,18,0,0,0,18
01/16/2023,LAW,OK,ASW,CE,Federal Contract Tower,6,0,3,0,9,0,0,14,0,14,6,0,17,0,23,4,0,4,27
01/17/2023,LAW,OK,ASW,CE,Federal Contract Tower,6,0,4,108,118,0,0,21,0,21,6,0,25,108,139,0,4,4,143
01/18/2023,LAW,OK,ASW,CE,Federal Contract Tower,6,0,2,22,30,0,0,9,0,9,6,0,11,22,39,0,0,0,39
01/19/2023,LAW,OK,ASW,CE,Federal Contract Tower,6,0,1,116,123,0,0,12,0,12,6,0,13,116,135,0,14,14,149
01/20/2023,LAW,OK,ASW,CE,Federal Contract Tower,5,0,2,64,71,0,3,9,0,12,5,3,11,64,83,0,0,0,83
01/21/2023,LAW,OK,ASW,CE,Federal Contract Tower,6,0,1,0,7,0,2,4,0,6,6,2,5,0,13,0,0,0,13
01/22/2023,LAW,OK,ASW,CE,Federal Contract Tower,6,0,4,11,21,0,0,15,2,17,6,0,19,13,38,0,8,8,46
01/23/2023,LAW,OK,ASW,CE,Federal Contract Tower,6,0,6,80,92,0,0,9,0,9,6,0,15,80,101,0,0,0,101
01/24/2023,LAW,OK,ASW,CE,Federal Contract Tower,0,0,1,0,1,0,0,0,0,0,0,0,1,0,1,0,0,0,1
01/25/2023,LAW,OK,ASW,CE,Federal Contract Tower,6,0,0,74,80,0,0,12,0,12,6,0,12,74,92,0,0,0,92
01/26/2023,LAW,OK,ASW,CE,Federal Contract Tower,6,0,5,96,107,0,0,13,0,13,6,0,18,96,120,4,0,4,124
01/27/2023,LAW,OK,ASW,CE,Federal Contract Tower,6,0,0,50,56,0,2,7,0,9,6,2,7,50,65,0,0,0,65
01/28/2023,LAW,OK,ASW,CE,Federal Contract Tower,6,0,0,0,6,0,3,9,0,12,6,3,9,0,18,0,0,0,18
01/29/2023,LAW,OK,ASW,CE,Federal Contract Tower,6,0,0,2,8,0,0,0,0,0,6,0,0,2,8,0,0,0,8
01/30/2023,LAW,OK,ASW,CE,Federal Contract Tower,2,0,1,0,3,0,0,1,0,1,2,0,2,0,4,0,0,0,4
01/31/2023,LAW,OK,ASW,CE,Federal Contract Tower,0,0,0,0,0,0,0,4,0,4,0,0,4,0,4,0,0,0,4
02/01/2023,LAW,OK,ASW,CE,Federal Contract Tower,3,0,0,0,3,0,0,5,0,5,3,0,5,0,8,0,0,0,8
02/02/2023,LAW,OK,ASW,CE,Federal Contract Tower,0,0,1,48,49,0,0,4,0,4,0,0,5,48,53,0,0,0,53
02/03/2023,LAW,OK,ASW,CE,Federal Contract Tower,8,0,2,86,96,0,0,13,1,14,8,0,15,87,110,0,2,2,112
02/04/2023,LAW,OK,ASW,CE,Federal Contract Tower,7,0,7,0,14,0,2,7,2,11,7,2,14,2,25,26,0,26,51
02/05/2023,LAW,OK,ASW,CE,Federal Contract Tower,8,0,17,2,27,0,0,19,0,19,8,0,36,2,46,10,0,10,56
02/06/2023,LAW,OK,ASW,CE,Federal Contract Tower,6,0,90,0,96,0,0,4,0,4,6,0,94,0,100,0,0,0,100
02/07/2023,LAW,OK,ASW,CE,Federal Contract Tower,6,0,10,0,16,0,0,0,2,2,6,0,10,2,18,2,6,8,26
02/08/2023,LAW,OK,ASW,CE,Federal Contract Tower,6,0,4,30,40,0,0,3,1,4,6,0,7,31,44,0,0,0,44
02/10/2023,LAW,OK,ASW,CE,Federal Contract Tower,6,0,7,84,97,0,0,8,0,8,6,0,15,84,105,0,0,0,105
02/11/2023,LAW,OK,ASW,CE,Federal Contract Tower,6,0,0,0,6,0,2,17,3,22,6,2,17,3,28,30,0,30,58
02/12/2023,LAW,OK,ASW,CE,Federal Contract Tower,6,0,1,2,9,0,0,16,0,16,6,0,17,2,25,20,0,20,45
02/13/2023,LAW,OK,ASW,CE,Federal Contract Tower,4,0,10,101,115,0,0,8,4,12,4,0,18,105,127,22,12,34,161
02/14/2023,LAW,OK,ASW,CE,Federal Contract Tower,6,0,1,0,7,0,0,0,0,0,6,0,1,0,7,0,0,0,7
02/15/2023,LAW,OK,ASW,CE,Federal Contract Tower,6,0,21,86,113,0,0,7,0,7,6,0,28,86,120,0,0,0,120
02/16/2023,LAW,OK,ASW,CE,Federal Contract Tower,6,0,1,65,72,0,0,7,0,7,6,0,8,65,79,0,0,0,79
02/17/2023,LAW,OK,ASW,CE,Federal Contract Tower,6,0,2,30,38,0,0,14,2,16,6,0,16,32,54,10,0,10,64
02/18/2023,LAW,OK,ASW,CE,Federal Contract Tower,5,0,0,0,5,0,5,13,0,18,5,5,13,0,23,26,0,26,49
02/19/2023,LAW,OK,ASW,CE,Federal Contract Tower,6,0,22,0,28,0,0,21,0,21,6,0,43,0,49,6,0,6,55
02/20/2023,LAW,OK,ASW,CE,Federal Contract Tower,6,0,3,2,11,0,0,9,0,9,6,0,12,2,20,20,0,20,40
02/21/2023,LAW,OK,ASW,CE,Federal Contract Tower,6,0,1,1,8,0,0,9,0,9,6,0,10,1,17,0,0,0,17
02/22/2023,LAW,OK,ASW,CE,Federal Contract Tower,7,0,4,0,11,0,0,3,0,3,7,0,7,0,14,0,0,0,14
02/23/2023,LAW,OK,ASW,CE,Federal Contract Tower,8,0,2,8,18,0,0,11,0,11,8,0,13,8,29,0,12,12,41
02/24/2023,LAW,OK,ASW,CE,Federal Contract Tower,6,2,1,44,53,0,0,0,0,0,6,2,1,44,53,0,0,0,53
02/25/2023,LAW,OK,ASW,CE,Federal Contract Tower,8,0,13,0,21,0,0,3,0,3,8,0,16,0,24,8,0,8,32
02/26/2023,LAW,OK,ASW,CE,Federal Contract Tower,6,0,3,0,9,0,0,0,0,0,6,0,3,0,9,0,0,0,9
02/27/2023,LAW,OK,ASW,CE,Federal Contract Tower,6,0,7,38,51,0,0,15,0,15,6,0,22,38,66,22,0,22,88
02/28/2023,LAW,OK,ASW,CE,Federal Contract Tower,6,0,1,72,79,0,0,23,0,23,6,0,24,72,102,0,0,0,102
03/01/2023,LAW,OK,ASW,CE,Federal Contract Tower,4,0,2,54,60,0,0,21,0,21,4,0,23,54,81,10,0,10,91
03/02/2023,LAW,OK,ASW,CE,Federal Contract Tower,2,0,6,26,34,0,0,0,0,0,2,0,6,26,34,0,0,0,34
03/03/2023,LAW,OK,ASW,CE,Federal Contract Tower,4,0,8,30,42,0,2,25,0,27,4,2,33,30,69,14,4,18,87
03/04/2023,LAW,OK,ASW,CE,Federal Contract Tower,4,0,4,2,10,0,1,13,0,14,4,1,17,2,24,0,0,0,24
03/05/2023,LAW,OK,ASW,CE,Federal Contract Tower,4,0,0,0,4,0,0,4,0,4,4,0,4,0,8,0,0,0,8
03/06/2023,LAW,OK,ASW,CE,Federal Contract Tower,4,0,4,58,66,0,0,14,0,14,4,0,18,58,80,10,0,10,90
03/07/2023,LAW,OK,ASW,CE,Federal Contract Tower,4,0,4,76,84,0,0,4,0,4,4,0,8,76,88,16,0,16,104
03/08/2023,LAW,OK,ASW,CE,Federal Contract Tower,4,0,2,34,40,0,0,6,0,6,4,0,8,34,46,0,0,0,46
03/09/2023,LAW,OK,ASW,CE,Federal Contract Tower,4,0,14,43,61,0,0,1,0,1,4,0,15,43,62,0,6,6,68
03/10/2023,LAW,OK,ASW,CE,Federal Contract Tower,4,0,3,61,68,0,0,11,8,19,4,0,14,69,87,0,2,2,89
03/11/2023,LAW,OK,ASW,CE,Federal Contract Tower,4,0,0,0,4,0,0,4,7,11,4,0,4,7,15,6,0,6,21
03/12/2023,LAW,OK,ASW,CE,Federal Contract Tower,4,0,4,0,8,0,0,14,10,24,4,0,18,10,32,18,12,30,62
03/13/2023,LAW,OK,ASW,CE,Federal Contract Tower,3,0,8,78,89,0,0,8,8,16,3,0,16,86,105,0,0,0,105
03/14/2023,LAW,OK,ASW,CE,Federal Contract Tower,2,0,1,102,105,0,0,13,6,19,2,0,14,108,124,8,0,8,132
03/15/2023,LAW,OK,ASW,CE,Federal Contract Tower,4,0,1,72,77,0,0,0,7,7,4,0,1,79,84,0,0,0,84
03/16/2023,LAW,OK,ASW,CE,Federal Contract Tower,2,0,3,2,7,0,0,2,1,3,2,0,5,3,10,8,0,8,18
03/17/2023,LAW,OK,ASW,CE,Federal Contract Tower,2,0,3,28,33,0,2,7,4,13,2,2,10,32,46,0,12,12,58
03/18/2023,LAW,OK,ASW,CE,Federal Contract Tower,5,0,2,0,7,0,3,16,0,19,5,3,18,0,26,4,0,4,30
03/19/2023,LAW,OK,ASW,CE,Federal Contract Tower,4,0,11,7,22,0,0,12,7,19,4,0,23,14,41,20,0,20,61
03/20/2023,LAW,OK,ASW,CE,Federal Contract Tower,4,0,7,75,86,0,0,1,5,6,4,0,8,80,92,0,10,10,102
03/21/2023,LAW,OK,ASW,CE,Federal Contract Tower,8,0,9,93,110,0,0,8,2,10,8,0,17,95,120,0,0,0,120
03/22/2023,LAW,OK,ASW,CE,Federal Contract Tower,4,0,0,93,97,0,0,7,10,17,4,0,7,103,114,0,0,0,114
03/23/2023,LAW,OK,ASW,CE,Federal Contract Tower,4,0,7,69,80,0,0,2,0,2,4,0,9,69,82,0,0,0,82
03/24/2023,LAW,OK,ASW,CE,Federal Contract Tower,4,0,1,38,43,0,0,6,0,6,4,0,7,38,49,10,0,10,59
03/25/2023,LAW,OK,ASW,CE,Federal Contract Tower,4,0,5,0,9,0,1,8,0,9,4,1,13,0,18,0,0,0,18
03/26/2023,LAW,OK,ASW,CE,Federal Contract Tower,2,0,0,0,2,0,0,15,0,15,2,0,15,0,17,18,0,18,35
03/27/2023,LAW,OK,ASW,CE,Federal Contract Tower,3,0,9,62,74,0,0,12,2,14,3,0,21,64,88,4,0,4,92
03/28/2023,LAW,OK,ASW,CE,Federal Contract Tower,4,0,5,44,53,0,0,23,0,23,4,0,28,44,76,12,0,12,88
03/29/2023,LAW,OK,ASW,CE,Federal Contract Tower,5,0,2,58,65,0,0,9,0,9,5,0,11,58,74,6,0,6,80
03/30/2023,LAW,OK,ASW,CE,Federal Contract Tower,4,0,8,78,90,0,0,8,0,8,4,0,16,78,98,0,12,12,110
03/31/2023,LAW,OK,ASW,CE,Federal Contract Tower,3,1,0,10,14,0,0,0,0,0,3,1,0,10,14,2,0,2,16
04/01/2023,LAW,OK,ASW,CE,Federal Contract Tower,4,1,9,0,14,0,3,19,0,22,4,4,28,0,36,8,0,8,44
04/02/2023,LAW,OK,ASW,CE,Federal Contract Tower,3,0,3,0,6,0,0,5,0,5,3,0,8,0,11,10,0,10,21
04/03/2023,LAW,OK,ASW,CE,Federal Contract Tower,4,0,1,64,69,0,0,4,2,6,4,0,5,66,75,0,0,0,75
04/04/2023,LAW,OK,ASW,CE,Federal Contract Tower,5,0,11,52,68,0,0,10,0,10,5,0,21,52,78,0,0,0,78
04/05/2023,LAW,OK,ASW,CE,Federal Contract Tower,4,0,1,50,55,0,0,2,0,2,4,0,3,50,57,20,0,20,77
04/06/2023,LAW,OK,ASW,CE,Federal Contract Tower,4,0,5,38,47,0,0,11,2,13,4,0,16,40,60,0,0,0,60
04/07/2023,LAW,OK,ASW,CE,Federal Contract Tower,4,0,5,24,33,0,3,17,2,22,4,3,22,26,55,0,0,0,55
04/08/2023,LAW,OK,ASW,CE,Federal Contract Tower,4,0,1,0,5,0,4,20,0,24,4,4,21,0,29,16,0,16,45
04/09/2023,LAW,OK,ASW,CE,Federal Contract Tower,3,0,0,0,3,0,0,11,0,11,3,0,11,0,14,20,0,20,34
04/10/2023,LAW,OK,ASW,CE,Federal Contract Tower,2,0,1,24,27,0,0,0,0,0,2,0,1,24,27,2,0,2,29
04/11/2023,LAW,OK,ASW,CE,Federal Contract Tower,4,0,1,32,37,0,0,17,2,19,4,0,18,34,56,0,0,0,56
04/12/2023,LAW,OK,ASW,CE,Federal Contract Tower,4,0,1,36,41,0,0,10,3,13,4,0,11,39,54,18,0,18,72
04/13/2023,LAW,OK,ASW,CE,Federal Contract Tower,4,0,2,52,58,0,2,30,0,32,4,2,32,52,90,6,0,6,96
04/14/2023,LAW,OK,ASW,CE,Federal Contract Tower,4,0,4,30,38,0,0,25,0,25,4,0,29,30,63,8,4,12,75
04/16/2023,LAW,OK,ASW,CE,Federal Contract Tower,4,0,11,0,15,0,0,16,0,16,4,0,27,0,31,16,0,16,47
04/17/2023,LAW,OK,ASW,CE,Federal Contract Tower,4,0,2,51,57,0,0,19,0,19,4,0,21,51,76,6,0,6,82
04/18/2023,LAW,OK,ASW,CE,Federal Contract Tower,4,0,1,42,47,0,2,9,0,11,4,2,10,42,58,0,0,0,58
04/19/2023,LAW,OK,ASW,CE,Federal Contract Tower,4,0,10,48,62,0,1,9,0,10,4,1,19,48,72,0,0,0,72
04/20/2023,LAW,OK,ASW,CE,Federal Contract Tower,4,0,9,40,53,0,0,7,0,7,4,0,16,40,60,0,0,0,60
04/21/2023,LAW,OK,ASW,CE,Federal Contract Tower,4,0,3,64,71,0,2,21,0,23,4,2,24,64,94,12,0,12,106
04/22/2023,LAW,OK,ASW,CE,Federal Contract Tower,4,0,3,0,7,0,5,10,2,17,4,5,13,2,24,0,0,0,24
04/23/2023,LAW,OK,ASW,CE,Federal Contract Tower,4,0,2,0,6,0,0,0,6,6,4,0,2,6,12,0,0,0,12
04/24/2023,LAW,OK,ASW,CE,Federal Contract Tower,4,0,5,52,61,0,0,3,0,3,4,0,8,52,64,0,0,0,64
04/25/2023,LAW,OK,ASW,CE,Federal Contract Tower,4,0,0,56,60,0,0,2,0,2,4,0,2,56,62,0,0,0,62
04/26/2023,LAW,OK,ASW,CE,Federal Contract Tower,4,0,2,6,12,0,0,0,0,0,4,0,2,6,12,0,0,0,12
04/27/2023,LAW,OK,ASW,CE,Federal Contract Tower,4,0,3,44,51,0,0,8,2,10,4,0,11,46,61,0,2,2,63
04/28/2023,LAW,OK,ASW,CE,Federal Contract Tower,2,0,1,70,73,0,0,0,2,2,2,0,1,72,75,0,14,14,89
04/29/2023,LAW,OK,ASW,CE,Federal Contract Tower,7,0,1,0,8,0,2,4,0,6,7,2,5,0,14,12,0,12,26
04/30/2023,LAW,OK,ASW,CE,Federal Contract Tower,4,0,5,0,9,0,0,13,0,13,4,0,18,0,22,8,0,8,30
05/01/2023,LAW,OK,ASW,CE,Federal Contract Tower,4,0,3,36,43,0,0,9,1,10,4,0,12,37,53,0,4,4,57
05/02/2023,LAW,OK,ASW,CE,Federal Contract Tower,4,0,1,7,12,0,2,35,0,37,4,2,36,7,49,3,0,3,52
05/03/2023,LAW,OK,ASW,CE,Federal Contract Tower,4,0,0,16,20,0,3,10,0,13,4,3,10,16,33,0,0,0,33
05/04/2023,LAW,OK,ASW,CE,Federal Contract Tower,3,0,5,8,16,0,0,2,0,2,3,0,7,8,18,6,0,6,24
05/05/2023,LAW,OK,ASW,CE,Federal Contract Tower,2,0,13,26,41,0,3,18,0,21,2,3,31,26,62,2,0,2,64
05/06/2023,LAW,OK,ASW,CE,Federal Contract Tower,5,0,6,0,11,0,9,9,0,18,5,9,15,0,29,12,0,12,41
05/07/2023,LAW,OK,ASW,CE,Federal Contract Tower,4,0,4,0,8,0,0,6,0,6,4,0,10,0,14,0,0,0,14
05/08/2023,LAW,OK,ASW,CE,Federal Contract Tower,4,0,2,40,46,0,0,13,3,16,4,0,15,43,62,0,0,0,62
05/09/2023,LAW,OK,ASW,CE,Federal Contract Tower,4,0,2,22,28,0,2,8,0,10,4,2,10,22,38,8,0,8,46
05/10/2023,LAW,OK,ASW,CE,Federal Contract Tower,4,0,3,38,45,0,0,5,0,5,4,0,8,38,50,10,0,10,60
05/11/2023,LAW,OK,ASW,CE,Federal Contract Tower,3,0,2,10,15,0,1,6,0,7,3,1,8,10,22,0,0,0,22
05/12/2023,LAW,OK,ASW,CE,Federal Contract Tower,4,0,3,32,39,0,4,0,0,4,4,4,3,32,43,0,0,0,43
05/13/2023,LAW,OK,ASW,CE,Federal Contract Tower,4,0,3,0,7,0,4,1,0,5,4,4,4,0,12,0,0,0,12
05/14/2023,LAW,OK,ASW,CE,Federal Contract Tower,4,0,0,0,4,0,0,2,0,2,4,0,2,0,6,0,0,0,6
05/15/2023,LAW,OK,ASW,CE,Federal Contract Tower,5,0,3,34,42,0,0,3,0,3,5,0,6,34,45,0,0,0,45
05/16/2023,LAW,OK,ASW,CE,Federal Contract Tower,4,0,3,56,63,0,0,17,0,17,4,0,20,56,80,12,0,12,92
05/17/2023,LAW,OK,ASW,CE,Federal Contract Tower,4,0,5,52,61,0,3,15,0,18,4,3,20,52,79,12,0,12,91
05/18/2023,LAW,OK,ASW,CE,Federal Contract Tower,4,0,0,68,72,0,4,10,0,14,4,4,10,68,86,0,0,0,86
05/19/2023,LAW,OK,ASW,CE,Federal Contract Tower,6,0,1,46,53,0,7,0,0,7,6,7,1,46,60,0,0,0,60
05/20/2023,LAW,OK,ASW,CE,Federal Contract Tower,4,0,0,0,4,0,6,12,0,18,4,6,12,0,22,10,0,10,32
05/21/2023,LAW,OK,ASW,CE,Federal Contract Tower,4,0,4,0,8,0,0,10,0,10,4,0,14,0,18,14,0,14,32
05/22/2023,LAW,OK,ASW,CE,Federal Contract Tower,4,0,1,36,41,0,0,10,0,10,4,0,11,36,51,8,0,8,59
05/23/2023,LAW,OK,ASW,CE,Federal Contract Tower,4,0,0,38,42,0,0,8,0,8,4,0,8,38,50,0,0,0,50
05/24/2023,LAW,OK,ASW,CE,Federal Contract Tower,4,0,0,48,52,0,0,6,0,6,4,0,6,48,58,6,0,6,64
05/25/2023,LAW,OK,ASW,CE,Federal Contract Tower,4,0,1,24,29,0,0,11,0,11,4,0,12,24,40,0,0,0,40
05/26/2023,LAW,OK,ASW,CE,Federal Contract Tower,4,0,3,0,7,0,7,2,0,9,4,7,5,0,16,0,0,0,16
05/27/2023,LAW,OK,ASW,CE,Federal Contract Tower,3,0,5,0,8,0,2,11,0,13,3,2,16,0,21,2,0,2,23
05/28/2023,LAW,OK,ASW,CE,Federal Contract Tower,3,0,0,0,3,0,0,1,0,1,3,0,1,0,4,0,0,0,4
05/29/2023,LAW,OK,ASW,CE,Federal Contract Tower,3,0,5,0,8,0,0,8,0,8,3,0,13,0,16,0,0,0,16
05/30/2023,LAW,OK,ASW,CE,Federal Contract Tower,2,0,4,28,34,0,4,10,0,14,2,4,14,28,48,0,0,0,48
05/31/2023,LAW,OK,ASW,CE,Federal Contract Tower,5,0,2,64,71,0,6,18,0,24,5,6,20,64,95,0,0,0,95
06/01/2023,LAW,OK,ASW,CE,Federal Contract Tower,4,0,1,62,67,0,2,9,0,11,4,2,10,62,78,0,0,0,78
06/02/2023,LAW,OK,ASW,CE,Federal Contract Tower,6,0,2,68,76,0,9,5,0,14,6,9,7,68,90,0,6,6,96
06/03/2023,LAW,OK,ASW,CE,Federal Contract Tower,4,0,0,0,4,0,4,0,0,4,4,4,0,0,8,0,0,0,8
06/04/2023,LAW,OK,ASW,CE,Federal Contract Tower,4,0,0,0,4,0,0,11,0,11,4,0,11,0,15,28,0,28,43
06/05/2023,LAW,OK,ASW,CE,Federal Contract Tower,4,0,0,24,28,0,0,3,0,3,4,0,3,24,31,0,0,0,31
06/06/2023,LAW,OK,ASW,CE,Federal Contract Tower,4,0,3,38,45,0,0,6,0,6,4,0,9,38,51,0,0,0,51
06/07/2023,LAW,OK,ASW,CE,Federal Contract Tower,4,0,0,30,34,0,1,8,0,9,4,1,8,30,43,0,0,0,43
06/08/2023,LAW,OK,ASW,CE,Federal Contract Tower,4,0,3,32,39,0,0,9,0,9,4,0,12,32,48,0,0,0,48
06/09/2023,LAW,OK,ASW,CE,Federal Contract Tower,4,0,1,52,57,0,0,3,2,5,4,0,4,54,62,0,2,2,64
06/10/2023,LAW,OK,ASW,CE,Federal Contract Tower,3,0,3,0,6,0,7,5,0,12,3,7,8,0,18,0,0,0,18
06/11/2023,LAW,OK,ASW,CE,Federal Contract Tower,4,0,3,2,9,0,0,7,0,7,4,0,10,2,16,0,0,0,16
06/12/2023,LAW,OK,ASW,CE,Federal Contract Tower,2,0,2,24,28,0,0,6,2,8,2,0,8,26,36,6,0,6,42
06/13/2023,LAW,OK,ASW,CE,Federal Contract Tower,2,0,9,110,121,0,0,3,2,5,2,0,12,112,126,0,8,8,134
06/14/2023,LAW,OK,ASW,CE,Federal Contract Tower,4,0,5,53,62,0,0,2,1,3,4,0,7,54,65,0,0,0,65
06/15/2023,LAW,OK,ASW,CE,Federal Contract Tower,3,0,0,38,41,0,0,15,0,15,3,0,15,38,56,0,8,8,64
06/16/2023,LAW,OK,ASW,CE,Federal Contract Tower,2,0,4,38,44,0,0,11,0,11,2,0,15,38,55,0,0,0,55
06/17/2023,LAW,OK,ASW,CE,Federal Contract Tower,4,0,1,0,5,0,11,6,0,17,4,11,7,0,22,0,0,0,22
06/18/2023,LAW,OK,ASW,CE,Federal Contract Tower,4,0,4,0,8,0,0,3,0,3,4,0,7,0,11,0,0,0,11
06/19/2023,LAW,OK,ASW,CE,Federal Contract Tower,4,0,8,0,12,0,0,6,0,6,4,0,14,0,18,0,0,0,18
06/20/2023,LAW,OK,ASW,CE,Federal Contract Tower,4,0,5,44,53,0,0,13,0,13,4,0,18,44,66,0,0,0,66
06/21/2023,LAW,OK,ASW,CE,Federal Contract Tower,3,0,1,64,68,0,0,2,0,2,3,0,3,64,70,0,0,0,70
06/22/2023,LAW,OK,ASW,CE,Federal Contract Tower,4,0,3,92,99,0,1,18,0,19,4,1,21,92,118,6,0,6,124
06/23/2023,LAW,OK,ASW,CE,Federal Contract Tower,5,0,2,21,28,0,3,1,2,6,5,3,3,23,34,0,0,0,34
06/24/2023,LAW,OK,ASW,CE,Federal Contract Tower,7,0,6,0,13,0,2,11,0,13,7,2,17,0,26,24,0,24,50
06/25/2023,LAW,OK,ASW,CE,Federal Contract Tower,2,0,1,0,3,0,0,10,0,10,2,0,11,0,13,4,0,4,17
06/26/2023,LAW,OK,ASW,CE,Federal Contract Tower,4,0,3,82,89,0,0,6,0,6,4,0,9,82,95,4,0,4,99
06/27/2023,LAW,OK,ASW,CE,Federal Contract Tower,4,0,7,78,89,0,1,10,0,11,4,1,17,78,100,2,0,2,102
06/28/2023,LAW,OK,ASW,CE,Federal Contract Tower,4,0,4,90,98,0,1,3,0,4,4,1,7,90,102,0,0,0,102
06/29/2023,LAW,OK,ASW,CE,Federal Contract Tower,4,0,0,90,94,0,1,12,0,13,4,1,12,90,107,10,0,10,117
06/30/2023,LAW,OK,ASW,CE,Federal Contract Tower,3,0,8,79,90,0,2,4,1,7,3,2,12,80,97,0,6,6,103
07/01/2023,LAW,OK,ASW,CE,Federal Contract Tower,4,0,1,1,6,0,5,1,0,6,4,5,2,1,12,0,0,0,12
07/02/2023,LAW,OK,ASW,CE,Federal Contract Tower,4,0,0,0,4,0,0,9,0,9,4,0,9,0,13,10,0,10,23
07/03/2023,LAW,OK,ASW,CE,Federal Contract Tower,4,0,4,0,8,0,0,17,0,17,4,0,21,0,25,0,0,0,25
07/04/2023,LAW,OK,ASW,CE,Federal Contract Tower,4,0,0,0,4,0,3,8,0,11,4,3,8,0,15,0,0,0,15
07/05/2023,LAW,OK,ASW,CE,Federal Contract Tower,6,0,0,38,44,0,2,5,0,7,6,2,5,38,51,4,0,4,55
07/06/2023,LAW,OK,ASW,CE,Federal Contract Tower,4,0,0,56,60,0,2,5,0,7,4,2,5,56,67,0,4,4,71
07/07/2023,LAW,OK,ASW,CE,Federal Contract Tower,4,0,1,18,23,0,0,5,0,5,4,0,6,18,28,8,4,12,40
07/08/2023,LAW,OK,ASW,CE,Federal Contract Tower,4,0,8,0,12,0,3,7,0,10,4,3,15,0,22,6,0,6,28
07/09/2023,LAW,OK,ASW,CE,Federal Contract Tower,4,0,11,0,15,0,0,7,0,7,4,0,18,0,22,2,0,2,24
07/10/2023,LAW,OK,ASW,CE,Federal Contract Tower,4,0,8,96,108,0,0,5,1,6,4,0,13,97,114,1,0,1,115
07/11/2023,LAW,OK,ASW,CE,Federal Contract Tower,4,0,5,42,51,0,3,6,0,9,4,3,11,42,60,0,0,0,60
07/12/2023,LAW,OK,ASW,CE,Federal Contract Tower,4,2,2,50,58,0,0,13,0,13,4,2,15,50,71,0,0,0,71
07/13/2023,LAW,OK,ASW,CE,Federal Contract Tower,4,0,1,64,69,0,1,10,0,11,4,1,11,64,80,0,0,0,80
07/14/2023,LAW,OK,ASW,CE,Federal Contract Tower,6,4,33,0,43,0,1,3,1,5,6,5,36,1,48,6,6,12,60
07/15/2023,LAW,OK,ASW,CE,Federal Contract Tower,4,0,0,0,4,0,7,8,0,15,4,7,8,0,19,14,0,14,33
07/16/2023,LAW,OK,ASW,CE,Federal Contract Tower,2,0,1,0,3,0,0,10,0,10,2,0,11,0,13,18,0,18,31
07/17/2023,LAW,OK,ASW,CE,Federal Contract Tower,4,0,2,104,110,0,0,5,0,5,4,0,7,104,115,4,0,4,119
07/18/2023,LAW,OK,ASW,CE,Federal Contract Tower,4,0,0,68,72,0,1,10,0,11,4,1,10,68,83,0,0,0,83
07/19/2023,LAW,OK,ASW,CE,Federal Contract Tower,4,0,0,108,112,0,0,5,2,7,4,0,5,110,119,4,4,8,127
07/20/2023,LAW,OK,ASW,CE,Federal Contract Tower,4,0,2,92,98,0,0,6,2,8,4,0,8,94,106,0,0,0,106
07/21/2023,LAW,OK,ASW,CE,Federal Contract Tower,4,0,4,67,75,0,3,4,0,7,4,3,8,67,82,4,0,4,86
07/22/2023,LAW,OK,ASW,CE,Federal Contract Tower,4,0,0,0,4,0,4,6,0,10,4,4,6,0,14,8,0,8,22
07/23/2023,LAW,OK,ASW,CE,Federal Contract Tower,4,0,1,6,11,0,0,17,1,18,4,0,18,7,29,12,0,12,41
07/24/2023,LAW,OK,ASW,CE,Federal Contract Tower,4,0,6,78,88,0,0,9,0,9,4,0,15,78,97,0,0,0,97
07/25/2023,LAW,OK,ASW,CE,Federal Contract Tower,4,0,3,78,85,0,0,5,0,5,4,0,8,78,90,0,0,0,90
07/26/2023,LAW,OK,ASW,CE,Federal Contract Tower,4,0,0,86,90,0,1,8,0,9,4,1,8,86,99,0,0,0,99
07/28/2023,LAW,OK,ASW,CE,Federal Contract Tower,4,0,1,100,105,0,2,1,0,3,4,2,2,100,108,0,0,0,108
07/29/2023,LAW,OK,ASW,CE,Federal Contract Tower,2,0,4,0,6,0,1,4,0,5,2,1,8,0,11,6,0,6,17
07/30/2023,LAW,OK,ASW,CE,Federal Contract Tower,4,0,4,0,8,0,0,15,0,15,4,0,19,0,23,20,0,20,43
07/31/2023,LAW,OK,ASW,CE,Federal Contract Tower,4,0,10,82,96,0,0,9,0,9,4,0,19,82,105,0,0,0,105
08/01/2023,LAW,OK,ASW,CE,Federal Contract Tower,4,0,2,102,108,0,0,10,0,10,4,0,12,102,118,4,0,4,122
08/02/2023,LAW,OK,ASW,CE,Federal Contract Tower,4,0,2,68,74,0,0,1,0,1,4,0,3,68,75,0,0,0,75
08/03/2023,LAW,OK,ASW,CE,Federal Contract Tower,4,0,3,74,81,0,2,5,0,7,4,2,8,74,88,0,0,0,88
08/04/2023,LAW,OK,ASW,CE,Federal Contract Tower,4,0,1,56,61,0,4,1,0,5,4,4,2,56,66,0,0,0,66
08/05/2023,LAW,OK,ASW,CE,Federal Contract Tower,4,0,0,0,4,0,0,2,2,4,4,0,2,2,8,18,0,18,26
08/06/2023,LAW,OK,ASW,CE,Federal Contract Tower,4,0,0,0,4,0,0,12,0,12,4,0,12,0,16,12,0,12,28
08/07/2023,LAW,OK,ASW,CE,Federal Contract Tower,4,0,0,92,96,0,0,8,0,8,4,0,8,92,104,0,0,0,104
08/08/2023,LAW,OK,ASW,CE,Federal Contract Tower,4,0,3,56,63,0,1,15,0,16,4,1,18,56,79,0,0,0,79
08/09/2023,LAW,OK,ASW,CE,Federal Contract Tower,3,0,5,47,55,0,1,5,0,6,3,1,10,47,61,0,0,0,61
08/10/2023,LAW,OK,ASW,CE,Federal Contract Tower,4,0,3,52,59,0,3,30,0,33,4,3,33,52,92,4,0,4,96
08/11/2023,LAW,OK,ASW,CE,Federal Contract Tower,4,0,29,72,105,0,10,6,0,16,4,10,35,72,121,0,0,0,121
08/12/2023,LAW,OK,ASW,CE,Federal Contract Tower,4,0,8,0,12,0,0,10,0,10,4,0,18,0,22,0,0,0,22
08/13/2023,LAW,OK,ASW,CE,Federal Contract Tower,4,0,1,0,5,0,0,3,0,3,4,0,4,0,8,0,0,0,8
08/15/2023,LAW,OK,ASW,CE,Federal Contract Tower,4,0,0,72,76,0,0,14,0,14,4,0,14,72,90,22,0,22,112
08/16/2023,LAW,OK,ASW,CE,Federal Contract Tower,4,0,5,58,67,0,6,10,0,16,4,6,15,58,83,0,0,0,83
08/17/2023,LAW,OK,ASW,CE,Federal Contract Tower,4,0,2,46,52,0,2,12,0,14,4,2,14,46,66,4,0,4,70
08/18/2023,LAW,OK,ASW,CE,Federal Contract Tower,4,0,1,43,48,0,0,5,5,10,4,0,6,48,58,0,0,0,58
08/19/2023,LAW,OK,ASW,CE,Federal Contract Tower,4,0,9,0,13,0,0,10,0,10,4,0,19,0,23,10,0,10,33
08/20/2023,LAW,OK,ASW,CE,Federal Contract Tower,3,0,6,9,18,0,0,7,17,24,3,0,13,26,42,2,26,28,70
08/21/2023,LAW,OK,ASW,CE,Federal Contract Tower,2,0,3,72,77,0,0,7,0,7,2,0,10,72,84,14,0,14,98
08/22/2023,LAW,OK,ASW,CE,Federal Contract Tower,5,0,2,26,33,0,1,16,0,17,5,1,18,26,50,0,0,0,50
08/23/2023,LAW,OK,ASW,CE,Federal Contract Tower,4,0,1,35,40,0,0,7,0,7,4,0,8,35,47,10,0,10,57
08/24/2023,LAW,OK,ASW,CE,Federal Contract Tower,4,0,0,52,56,0,1,11,0,12,4,1,11,52,68,0,0,0,68
08/25/2023,LAW,OK,ASW,CE,Federal Contract Tower,4,0,11,53,68,0,5,6,2,13,4,5,17,55,81,0,2,2,83
08/26/2023,LAW,OK,ASW,CE,Federal Contract Tower,4,2,0,2,8,0,3,10,0,13,4,5,10,2,21,2,0,2,23
08/27/2023,LAW,OK,ASW,CE,Federal Contract Tower,5,0,5,2,12,0,0,6,2,8,5,0,11,4,20,12,0,12,32
08/28/2023,LAW,OK,ASW,CE,Federal Contract Tower,4,0,6,44,54,0,0,15,2,17,4,0,21,46,71,14,0,14,85
08/29/2023,LAW,OK,ASW,CE,Federal Contract Tower,4,0,6,37,47,0,0,23,3,26,4,0,29,40,73,12,4,16,89
08/30/2023,LAW,OK,ASW,CE,Federal Contract Tower,4,0,2,50,56,0,0,4,0,4,4,0,6,50,60,0,16,16,76
08/31/2023,LAW,OK,ASW,CE,Federal Contract Tower,6,0,1,40,47,0,0,14,0,14,6,0,15,40,61,0,0,0,61
