01/01/2000,LAX,CA,AWP,WE,Combined TRACON& Tower with Radar,1103,415,24,2,1544,0,26,0,0,26,1103,441,24,2,1570,0,0,0,1570
01/02/2000,LAX,CA,AWP,WE,Combined TRACON& Tower with Radar,1452,548,33,1,2034,0,33,0,1,34,1452,581,33,2,2068,0,0,0,2068
01/03/2000,LAX,CA,AWP,WE,Combined TRACON& Tower with Radar,1499,566,34,1,2100,0,34,0,6,40,1499,600,34,7,2140,0,0,0,2140
01/04/2000,LAX,CA,AWP,WE,Combined TRACON& Tower with Radar,1498,565,38,1,2102,0,34,6,4,44,1498,599,44,5,2146,0,0,0,2146
01/05/2000,LAX,CA,AWP,WE,Combined TRACON& Tower with Radar,1540,581,38,1,2160,0,35,5,13,53,1540,616,43,14,2213,0,0,0,2213
01/06/2000,LAX,CA,AWP,WE,Combined TRACON& Tower with Radar,1555,587,39,1,2182,0,35,1,11,47,1555,622,40,12,2229,0,0,0,2229
01/07/2000,LAX,CA,AWP,WE,Combined TRACON& Tower with Radar,1561,518,39,1,2119,48,0,25,8,81,1609,518,64,9,2200,0,0,0,2200
01/08/2000,LAX,CA,AWP,WE,Combined TRACON& Tower with Radar,1350,468,33,1,1852,36,0,11,6,53,1386,468,44,7,1905,0,0,0,1905
01/09/2000,LAX,CA,AWP,WE,Combined TRACON& Tower with Radar,1439,485,36,1,1961,46,0,6,0,52,1485,485,42,1,2013,0,0,0,2013
01/10/2000,LAX,CA,AWP,WE,Combined TRACON& Tower with Radar,1456,550,33,2,2041,0,33,0,5,38,1456,583,33,7,2079,0,0,0,2079
01/11/2000,LAX,CA,AWP,WE,Combined TRACON& Tower with Radar,1506,568,37,2,2113,0,34,1,23,58,1506,602,38,25,2171,0,0,0,2171
01/12/2000,LAX,CA,AWP,WE,Combined TRACON& Tower with Radar,1511,570,34,2,2117,0,34,0,9,43,1511,604,34,11,2160,0,0,0,2160
01/13/2000,LAX,CA,AWP,WE,Combined TRACON& Tower with Radar,1462,555,36,2,2055,0,23,17,18,58,1462,578,53,20,2113,0,0,0,2113
01/14/2000,LAX,CA,AWP,WE,Combined TRACON& Tower with Radar,1573,531,37,2,2143,38,0,23,7,68,1611,531,60,9,2211,0,0,0,2211
01/15/2000,LAX,CA,AWP,WE,Combined TRACON& Tower with Radar,1355,463,24,2,1844,48,0,0,1,49,1403,463,24,3,1893,0,0,0,1893
01/16/2000,LAX,CA,AWP,WE,Combined TRACON& Tower with Radar,1437,492,32,0,1961,47,0,0,0,47,1484,492,32,0,2008,0,0,0,2008
01/17/2000,LAX,CA,AWP,WE,Combined TRACON& Tower with Radar,1436,541,35,2,2014,0,33,9,6,48,1436,574,44,8,2062,0,0,0,2062
01/18/2000,LAX,CA,AWP,WE,Combined TRACON& Tower with Radar,1483,559,36,2,2080,0,34,3,14,51,1483,593,39,16,2131,0,0,0,2131
01/19/2000,LAX,CA,AWP,WE,Combined TRACON& Tower with Radar,1505,567,37,2,2111,0,35,8,7,50,1505,602,45,9,2161,0,0,0,2161
01/20/2000,LAX,CA,AWP,WE,Combined TRACON& Tower with Radar,1501,565,37,2,2105,0,35,5,15,55,1501,600,42,17,2160,0,0,0,2160
01/21/2000,LAX,CA,AWP,WE,Combined TRACON& Tower with Radar,1564,538,38,2,2142,32,0,26,0,58,1596,538,64,2,2200,0,0,0,2200
01/22/2000,LAX,CA,AWP,WE,Combined TRACON& Tower with Radar,1382,474,33,2,1891,43,0,8,1,52,1425,474,41,3,1943,0,0,0,1943
01/23/2000,LAX,CA,AWP,WE,Combined TRACON& Tower with Radar,1435,496,34,2,1967,34,0,15,2,51,1469,496,49,4,2018,0,0,0,2018
01/24/2000,LAX,CA,AWP,WE,Combined TRACON& Tower with Radar,1456,549,35,2,2042,0,34,17,5,56,1456,583,52,7,2098,0,0,0,2098
01/25/2000,LAX,CA,AWP,WE,Combined TRACON& Tower with Radar,1367,515,32,2,1916,0,32,0,6,38,1367,547,32,8,1954,0,0,0,1954
01/26/2000,LAX,CA,AWP,WE,Combined TRACON& Tower with Radar,1534,538,37,2,2111,21,0,24,11,56,1555,538,61,13,2167,0,0,0,2167
01/27/2000,LAX,CA,AWP,WE,Combined TRACON& Tower with Radar,1588,538,38,2,2166,26,0,50,8,84,1614,538,88,10,2250,0,0,0,2250
01/28/2000,LAX,CA,AWP,WE,Combined TRACON& Tower with Radar,1547,531,37,2,2117,31,0,32,4,67,1578,531,69,6,2184,0,0,0,2184
01/29/2000,LAX,CA,AWP,WE,Combined TRACON& Tower with Radar,1334,448,24,2,1808,56,0,0,0,56,1390,448,24,2,1864,0,0,0,1864
01/30/2000,LAX,CA,AWP,WE,Combined TRACON& Tower with Radar,1427,503,34,0,1964,12,0,18,0,30,1439,503,52,0,1994,0,0,0,1994
01/31/2000,LAX,CA,AWP,WE,Combined TRACON& Tower with Radar,1463,551,34,2,2050,0,34,0,4,38,1463,585,34,6,2088,0,0,0,2088
02/01/2000,LAX,CA,AWP,WE,Combined TRACON& Tower with Radar,1522,565,40,1,2128,0,44,14,9,67,1522,609,54,10,2195,0,0,0,2195
02/02/2000,LAX,CA,AWP,WE,Combined TRACON& Tower with Radar,1541,572,36,1,2150,0,44,0,1,45,1541,616,36,2,2195,0,0,0,2195
02/03/2000,LAX,CA,AWP,WE,Combined TRACON& Tower with Radar,1518,563,40,1,2122,0,43,3,8,54,1518,606,43,9,2176,0,0,0,2176
02/04/2000,LAX,CA,AWP,WE,Combined TRACON& Tower with Radar,1582,535,41,1,2159,19,0,28,1,48,1601,535,69,2,2207,0,0,0,2207
02/05/2000,LAX,CA,AWP,WE,Combined TRACON& Tower with Radar,1357,465,36,1,1859,25,0,1,4,30,1382,465,37,5,1889,0,0,0,1889
02/06/2000,LAX,CA,AWP,WE,Combined TRACON& Tower with Radar,1476,511,39,1,2027,16,0,9,2,27,1492,511,48,3,2054,0,0,0,2054
02/07/2000,LAX,CA,AWP,WE,Combined TRACON& Tower with Radar,1387,515,37,1,1940,0,40,1,2,43,1387,555,38,3,1983,0,0,0,1983
02/08/2000,LAX,CA,AWP,WE,Combined TRACON& Tower with Radar,1530,521,40,1,2092,5,0,32,7,44,1535,521,72,8,2136,0,0,0,2136
02/09/2000,LAX,CA,AWP,WE,Combined TRACON& Tower with Radar,1495,554,35,1,2085,0,44,0,12,56,1495,598,35,13,2141,0,0,0,2141
02/10/2000,LAX,CA,AWP,WE,Combined TRACON& Tower with Radar,1482,549,40,1,2072,0,44,3,3,50,1482,593,43,4,2122,0,0,0,2122
02/11/2000,LAX,CA,AWP,WE,Combined TRACON& Tower with Radar,1548,535,40,1,2124,4,0,28,0,32,1552,535,68,1,2156,0,0,0,2156
02/12/2000,LAX,CA,AWP,WE,Combined TRACON& Tower with Radar,1359,475,32,1,1867,28,0,0,0,28,1387,475,32,1,1895,0,0,0,1895
02/13/2000,LAX,CA,AWP,WE,Combined TRACON& Tower with Radar,1384,514,35,1,1934,0,40,0,1,41,1384,554,35,2,1975,0,0,0,1975
02/14/2000,LAX,CA,AWP,WE,Combined TRACON& Tower with Radar,1439,533,37,2,2011,0,43,0,1,44,1439,576,37,3,2055,0,0,0,2055
02/15/2000,LAX,CA,AWP,WE,Combined TRACON& Tower with Radar,1480,548,39,2,2069,0,44,7,10,61,1480,592,46,12,2130,0,0,0,2130
02/16/2000,LAX,CA,AWP,WE,Combined TRACON& Tower with Radar,1454,538,38,2,2032,0,44,1,5,50,1454,582,39,7,2082,0,0,0,2082
02/17/2000,LAX,CA,AWP,WE,Combined TRACON& Tower with Radar,1541,571,37,2,2151,0,45,0,0,45,1541,616,37,2,2196,0,0,0,2196
02/18/2000,LAX,CA,AWP,WE,Combined TRACON& Tower with Radar,1528,504,39,2,2073,26,0,27,3,56,1554,504,66,5,2129,0,0,0,2129
02/19/2000,LAX,CA,AWP,WE,Combined TRACON& Tower with Radar,1359,437,30,2,1828,59,0,0,4,63,1418,437,30,6,1891,0,0,0,1891
02/20/2000,LAX,CA,AWP,WE,Combined TRACON& Tower with Radar,1311,385,26,1,1723,101,0,0,0,101,1412,385,26,1,1824,0,0,0,1824
02/21/2000,LAX,CA,AWP,WE,Combined TRACON& Tower with Radar,1366,506,31,2,1905,0,40,0,0,40,1366,546,31,2,1945,0,0,0,1945
02/22/2000,LAX,CA,AWP,WE,Combined TRACON& Tower with Radar,1428,529,37,2,1996,0,42,3,6,51,1428,571,40,8,2047,0,0,0,2047
02/23/2000,LAX,CA,AWP,WE,Combined TRACON& Tower with Radar,1431,530,33,2,1996,0,42,0,0,42,1431,572,33,2,2038,0,0,0,2038
02/24/2000,LAX,CA,AWP,WE,Combined TRACON& Tower with Radar,1524,490,39,2,2055,66,0,11,5,82,1590,490,50,7,2137,0,0,0,2137
02/25/2000,LAX,CA,AWP,WE,Combined TRACON& Tower with Radar,1523,483,38,2,2046,57,0,14,0,71,1580,483,52,2,2117,0,0,0,2117
02/26/2000,LAX,CA,AWP,WE,Combined TRACON& Tower with Radar,1361,446,28,1,1836,57,0,0,3,60,1418,446,28,4,1896,0,0,0,1896
02/27/2000,LAX,CA,AWP,WE,Combined TRACON& Tower with Radar,1401,520,31,1,1953,0,40,0,1,41,1401,560,31,2,1994,0,0,0,1994
02/28/2000,LAX,CA,AWP,WE,Combined TRACON& Tower with Radar,1443,535,38,1,2017,0,42,2,10,54,1443,577,40,11,2071,0,0,0,2071
02/29/2000,LAX,CA,AWP,WE,Combined TRACON& Tower with Radar,1515,486,38,1,2040,45,0,29,6,80,1560,486,67,7,2120,0,0,0,2120
03/01/2000,LAX,CA,AWP,WE,Combined TRACON& Tower with Radar,1489,528,35,1,2053,0,68,0,8,76,1489,596,35,9,2129,0,0,0,2129
03/02/2000,LAX,CA,AWP,WE,Combined TRACON& Tower with Radar,1489,527,41,1,2058,0,68,0,4,72,1489,595,41,5,2130,0,0,0,2130
03/03/2000,LAX,CA,AWP,WE,Combined TRACON& Tower with Radar,1525,472,44,1,2042,35,0,16,7,58,1560,472,60,8,2100,0,0,0,2100
03/04/2000,LAX,CA,AWP,WE,Combined TRACON& Tower with Radar,1395,451,29,0,1875,38,0,0,0,38,1433,451,29,0,1913,0,0,0,1913
03/05/2000,LAX,CA,AWP,WE,Combined TRACON& Tower with Radar,1398,417,41,1,1857,58,0,3,2,63,1456,417,44,3,1920,0,0,0,1920
03/06/2000,LAX,CA,AWP,WE,Combined TRACON& Tower with Radar,1785,632,41,2,2460,0,82,0,1,83,1785,714,41,3,2543,0,0,0,2543
03/07/2000,LAX,CA,AWP,WE,Combined TRACON& Tower with Radar,1500,494,44,1,2039,14,0,13,9,36,1514,494,57,10,2075,0,0,0,2075
03/08/2000,LAX,CA,AWP,WE,Combined TRACON& Tower with Radar,1510,535,45,1,2091,0,69,1,10,80,1510,604,46,11,2171,0,0,0,2171
03/09/2000,LAX,CA,AWP,WE,Combined TRACON& Tower with Radar,1492,529,44,2,2067,0,68,5,16,89,1492,597,49,18,2156,0,0,0,2156
03/10/2000,LAX,CA,AWP,WE,Combined TRACON& Tower with Radar,1586,491,45,2,2124,35,0,22,4,61,1621,491,67,6,2185,0,0,0,2185
03/11/2000,LAX,CA,AWP,WE,Combined TRACON& Tower with Radar,1386,443,39,2,1870,34,0,2,0,36,1420,443,41,2,1906,0,0,0,1906
03/12/2000,LAX,CA,AWP,WE,Combined TRACON& Tower with Radar,1439,510,42,2,1993,0,66,1,7,74,1439,576,43,9,2067,0,0,0,2067
03/13/2000,LAX,CA,AWP,WE,Combined TRACON& Tower with Radar,1509,483,43,2,2037,31,0,3,4,38,1540,483,46,6,2075,0,0,0,2075
03/14/2000,LAX,CA,AWP,WE,Combined TRACON& Tower with Radar,1390,378,36,2,1806,106,0,0,4,110,1496,378,36,6,1916,0,0,0,1916
03/15/2000,LAX,CA,AWP,WE,Combined TRACON& Tower with Radar,1581,503,45,2,2131,20,0,23,4,47,1601,503,68,6,2178,0,0,0,2178
03/16/2000,LAX,CA,AWP,WE,Combined TRACON& Tower with Radar,1572,494,44,2,2112,28,0,15,2,45,1600,494,59,4,2157,0,0,0,2157
03/17/2000,LAX,CA,AWP,WE,Combined TRACON& Tower with Radar,1577,493,45,2,2117,37,0,16,5,58,1614,493,61,7,2175,0,0,0,2175
03/18/2000,LAX,CA,AWP,WE,Combined TRACON& Tower with Radar,1356,406,27,2,1791,67,0,0,0,67,1423,406,27,2,1858,0,0,0,1858
03/19/2000,LAX,CA,AWP,WE,Combined TRACON& Tower with Radar,1418,501,31,2,1952,0,66,0,3,69,1418,567,31,5,2021,0,0,0,2021
03/20/2000,LAX,CA,AWP,WE,Combined TRACON& Tower with Radar,1401,495,35,2,1933,0,65,0,1,66,1401,560,35,3,1999,0,0,0,1999
03/21/2000,LAX,CA,AWP,WE,Combined TRACON& Tower with Radar,1567,497,45,2,2111,25,0,19,10,54,1592,497,64,12,2165,0,0,0,2165
03/22/2000,LAX,CA,AWP,WE,Combined TRACON& Tower with Radar,1510,534,42,2,2088,0,70,0,12,82,1510,604,42,14,2170,0,0,0,2170
03/23/2000,LAX,CA,AWP,WE,Combined TRACON& Tower with Radar,1603,503,45,2,2153,24,0,26,14,64,1627,503,71,16,2217,0,0,0,2217
03/24/2000,LAX,CA,AWP,WE,Combined TRACON& Tower with Radar,1606,491,45,2,2144,12,0,52,1,65,1618,491,97,3,2209,0,0,0,2209
03/25/2000,LAX,CA,AWP,WE,Combined TRACON& Tower with Radar,1382,446,39,2,1869,21,0,7,2,30,1403,446,46,4,1899,0,0,0,1899
03/26/2000,LAX,CA,AWP,WE,Combined TRACON& Tower with Radar,1437,508,38,2,1985,0,67,0,0,67,1437,575,38,2,2052,0,0,0,2052
03/27/2000,LAX,CA,AWP,WE,Combined TRACON& Tower with Radar,1436,509,32,1,1978,0,65,0,6,71,1436,574,32,7,2049,0,0,0,2049
03/28/2000,LAX,CA,AWP,WE,Combined TRACON& Tower with Radar,1474,523,43,1,2041,0,67,22,10,99,1474,590,65,11,2140,0,0,0,2140
03/29/2000,LAX,CA,AWP,WE,Combined TRACON& Tower with Radar,1576,501,45,1,2123,33,0,7,6,46,1609,501,52,7,2169,0,0,0,2169
03/30/2000,LAX,CA,AWP,WE,Combined TRACON& Tower with Radar,1602,498,46,1,2147,41,0,17,5,63,1643,498,63,6,2210,0,0,0,2210
03/31/2000,LAX,CA,AWP,WE,Combined TRACON& Tower with Radar,1594,502,45,1,2142,33,0,18,6,57,1627,502,63,7,2199,0,0,0,2199
04/01/2000,LAX,CA,AWP,WE,Combined TRACON& Tower with Radar,1351,446,28,0,1825,45,0,0,0,45,1396,446,28,0,1870,0,0,0,1870
04/02/2000,LAX,CA,AWP,WE,Combined TRACON& Tower with Radar,1420,518,35,1,1974,0,50,0,4,54,1420,568,35,5,2028,0,0,0,2028
04/03/2000,LAX,CA,AWP,WE,Combined TRACON& Tower with Radar,1458,532,39,1,2030,0,51,5,6,62,1458,583,44,7,2092,0,0,0,2092
04/04/2000,LAX,CA,AWP,WE,Combined TRACON& Tower with Radar,1566,503,41,1,2111,28,0,26,6,60,1594,503,67,7,2171,0,0,0,2171
04/05/2000,LAX,CA,AWP,WE,Combined TRACON& Tower with Radar,1598,502,42,1,2143,35,0,29,14,78,1633,502,71,15,2221,0,0,0,2221
04/06/2000,LAX,CA,AWP,WE,Combined TRACON& Tower with Radar,1605,499,42,1,2147,50,0,27,0,77,1655,499,69,1,2224,0,0,0,2224
04/07/2000,LAX,CA,AWP,WE,Combined TRACON& Tower with Radar,1621,512,42,1,2176,46,0,23,9,78,1667,512,65,10,2254,0,0,0,2254
04/08/2000,LAX,CA,AWP,WE,Combined TRACON& Tower with Radar,1341,425,35,1,1802,53,0,1,3,57,1394,425,36,4,1859,0,0,0,1859
04/09/2000,LAX,CA,AWP,WE,Combined TRACON& Tower with Radar,1402,512,37,1,1952,0,49,0,10,59,1402,561,37,11,2011,0,0,0,2011
04/10/2000,LAX,CA,AWP,WE,Combined TRACON& Tower with Radar,1494,546,40,1,2081,0,52,1,10,63,1494,598,41,11,2144,0,0,0,2144
04/11/2000,LAX,CA,AWP,WE,Combined TRACON& Tower with Radar,1546,503,40,1,2090,43,0,6,0,49,1589,503,46,1,2139,0,0,0,2139
04/12/2000,LAX,CA,AWP,WE,Combined TRACON& Tower with Radar,1459,533,38,2,2032,0,51,3,0,54,1459,584,41,2,2086,0,0,0,2086
04/13/2000,LAX,CA,AWP,WE,Combined TRACON& Tower with Radar,1545,564,37,2,2148,0,54,0,2,56,1545,618,37,4,2204,0,0,0,2204
04/14/2000,LAX,CA,AWP,WE,Combined TRACON& Tower with Radar,1598,505,41,2,2146,39,0,32,4,75,1637,505,73,6,2221,0,0,0,2221
04/15/2000,LAX,CA,AWP,WE,Combined TRACON& Tower with Radar,1383,505,33,2,1923,0,48,0,3,51,1383,553,33,5,1974,0,0,0,1974
04/16/2000,LAX,CA,AWP,WE,Combined TRACON& Tower with Radar,1443,477,35,2,1957,41,0,0,2,43,1484,477,35,4,2000,0,0,0,2000
04/17/2000,LAX,CA,AWP,WE,Combined TRACON& Tower with Radar,1404,511,31,2,1948,0,50,0,7,57,1404,561,31,9,2005,0,0,0,2005
04/18/2000,LAX,CA,AWP,WE,Combined TRACON& Tower with Radar,1488,542,39,2,2071,0,53,6,2,61,1488,595,45,4,2132,0,0,0,2132
04/19/2000,LAX,CA,AWP,WE,Combined TRACON& Tower with Radar,1524,556,40,2,2122,0,54,13,6,73,1524,610,53,8,2195,0,0,0,2195
04/20/2000,LAX,CA,AWP,WE,Combined TRACON& Tower with Radar,1527,557,40,2,2126,0,54,1,3,58,1527,611,41,5,2184,0,0,0,2184
04/21/2000,LAX,CA,AWP,WE,Combined TRACON& Tower with Radar,1520,488,39,2,2049,51,0,5,5,61,1571,488,44,7,2110,0,0,0,2110
04/22/2000,LAX,CA,AWP,WE,Combined TRACON& Tower with Radar,1375,423,35,2,1835,65,0,5,1,71,1440,423,40,3,1906,0,0,0,1906
04/23/2000,LAX,CA,AWP,WE,Combined TRACON& Tower with Radar,1436,523,36,2,1997,0,51,0,1,52,1436,574,36,3,2049,0,0,0,2049
04/24/2000,LAX,CA,AWP,WE,Combined TRACON& Tower with Radar,1402,511,37,2,1952,0,50,1,6,57,1402,561,38,8,2009,0,0,0,2009
04/25/2000,LAX,CA,AWP,WE,Combined TRACON& Tower with Radar,1513,551,40,2,2106,0,54,21,2,77,1513,605,61,4,2183,0,0,0,2183
04/26/2000,LAX,CA,AWP,WE,Combined TRACON& Tower with Radar,1535,492,39,2,2068,43,0,6,8,57,1578,492,45,10,2125,0,0,0,2125
04/27/2000,LAX,CA,AWP,WE,Combined TRACON& Tower with Radar,1482,540,39,2,2063,0,53,1,10,64,1482,593,40,12,2127,0,0,0,2127
04/28/2000,LAX,CA,AWP,WE,Combined TRACON& Tower with Radar,1608,516,41,2,2167,29,0,26,3,58,1637,516,67,5,2225,0,0,0,2225
04/29/2000,LAX,CA,AWP,WE,Combined TRACON& Tower with Radar,1398,445,24,2,1869,63,0,0,3,66,1461,445,24,5,1935,0,0,0,1935
04/30/2000,LAX,CA,AWP,WE,Combined TRACON& Tower with Radar,1473,478,35,1,1987,52,0,0,2,54,1525,478,35,3,2041,0,0,0,2041
05/01/2000,LAX,CA,AWP,WE,Combined TRACON& Tower with Radar,1469,529,39,1,2038,0,59,0,3,62,1469,588,39,4,2100,0,0,0,2100
05/02/2000,LAX,CA,AWP,WE,Combined TRACON& Tower with Radar,1442,519,39,1,2001,0,58,5,6,69,1442,577,44,7,2070,0,0,0,2070
05/03/2000,LAX,CA,AWP,WE,Combined TRACON& Tower with Radar,1558,480,40,1,2079,65,0,19,4,88,1623,480,59,5,2167,0,0,0,2167
05/04/2000,LAX,CA,AWP,WE,Combined TRACON& Tower with Radar,1590,505,41,1,2137,38,0,12,5,55,1628,505,53,6,2192,0,0,0,2192
05/05/2000,LAX,CA,AWP,WE,Combined TRACON& Tower with Radar,1614,508,42,1,2165,39,0,20,8,67,1653,508,62,9,2232,0,0,0,2232
05/06/2000,LAX,CA,AWP,WE,Combined TRACON& Tower with Radar,1373,441,19,0,1833,56,0,0,2,58,1429,441,19,2,1891,0,0,0,1891
05/07/2000,LAX,CA,AWP,WE,Combined TRACON& Tower with Radar,1492,491,39,1,2023,19,0,11,2,32,1511,491,50,3,2055,0,0,0,2055
05/08/2000,LAX,CA,AWP,WE,Combined TRACON& Tower with Radar,1454,523,34,1,2012,0,59,0,9,68,1454,582,34,10,2080,0,0,0,2080
05/09/2000,LAX,CA,AWP,WE,Combined TRACON& Tower with Radar,1550,505,40,1,2096,15,0,26,4,45,1565,505,66,5,2141,0,0,0,2141
05/10/2000,LAX,CA,AWP,WE,Combined TRACON& Tower with Radar,1502,541,39,1,2083,0,60,0,19,79,1502,601,39,20,2162,0,0,0,2162
05/11/2000,LAX,CA,AWP,WE,Combined TRACON& Tower with Radar,1532,552,37,1,2122,0,61,0,10,71,1532,613,37,11,2193,0,0,0,2193
05/12/2000,LAX,CA,AWP,WE,Combined TRACON& Tower with Radar,1563,504,40,1,2108,37,0,11,5,53,1600,504,51,6,2161,0,0,0,2161
05/13/2000,LAX,CA,AWP,WE,Combined TRACON& Tower with Radar,1366,440,30,0,1836,40,0,0,3,43,1406,440,30,3,1879,0,0,0,1879
05/14/2000,LAX,CA,AWP,WE,Combined TRACON& Tower with Radar,1478,487,37,2,2004,34,0,1,7,42,1512,487,38,9,2046,0,0,0,2046
05/15/2000,LAX,CA,AWP,WE,Combined TRACON& Tower with Radar,1519,481,38,2,2040,36,0,25,3,64,1555,481,63,5,2104,0,0,0,2104
05/16/2000,LAX,CA,AWP,WE,Combined TRACON& Tower with Radar,1551,495,39,2,2087,34,0,19,7,60,1585,495,58,9,2147,0,0,0,2147
05/17/2000,LAX,CA,AWP,WE,Combined TRACON& Tower with Radar,1486,534,36,2,2058,0,60,0,0,60,1486,594,36,2,2118,0,0,0,2118
05/18/2000,LAX,CA,AWP,WE,Combined TRACON& Tower with Radar,1472,529,35,2,2038,0,60,0,4,64,1472,589,35,6,2102,0,0,0,2102
05/19/2000,LAX,CA,AWP,WE,Combined TRACON& Tower with Radar,1586,501,40,2,2129,36,0,19,4,59,1622,501,59,6,2188,0,0,0,2188
05/20/2000,LAX,CA,AWP,WE,Combined TRACON& Tower with Radar,1392,445,36,1,1874,40,0,2,1,43,1432,445,38,2,1917,0,0,0,1917
05/21/2000,LAX,CA,AWP,WE,Combined TRACON& Tower with Radar,1419,510,32,0,1961,0,58,0,0,58,1419,568,32,0,2019,0,0,0,2019
05/22/2000,LAX,CA,AWP,WE,Combined TRACON& Tower with Radar,1477,530,39,2,2048,0,61,2,1,64,1477,591,41,3,2112,0,0,0,2112
05/23/2000,LAX,CA,AWP,WE,Combined TRACON& Tower with Radar,1584,501,40,1,2126,14,0,37,5,56,1598,501,77,6,2182,0,0,0,2182
05/24/2000,LAX,CA,AWP,WE,Combined TRACON& Tower with Radar,1496,538,39,1,2074,0,60,1,7,68,1496,598,40,8,2142,0,0,0,2142
05/25/2000,LAX,CA,AWP,WE,Combined TRACON& Tower with Radar,1520,547,37,1,2105,0,61,0,17,78,1520,608,37,18,2183,0,0,0,2183
05/26/2000,LAX,CA,AWP,WE,Combined TRACON& Tower with Radar,1591,503,37,1,2132,59,0,0,2,61,1650,503,37,3,2193,0,0,0,2193
05/27/2000,LAX,CA,AWP,WE,Combined TRACON& Tower with Radar,1376,434,19,0,1829,62,0,0,8,70,1438,434,19,8,1899,0,0,0,1899
05/28/2000,LAX,CA,AWP,WE,Combined TRACON& Tower with Radar,1333,480,29,0,1842,0,53,0,8,61,1333,533,29,8,1903,0,0,0,1903
05/29/2000,LAX,CA,AWP,WE,Combined TRACON& Tower with Radar,1490,462,38,1,1991,38,0,17,0,55,1528,462,55,1,2046,0,0,0,2046
05/30/2000,LAX,CA,AWP,WE,Combined TRACON& Tower with Radar,1564,499,40,1,2104,35,0,11,8,54,1599,499,51,9,2158,0,0,0,2158
05/31/2000,LAX,CA,AWP,WE,Combined TRACON& Tower with Radar,1484,534,39,1,2058,0,60,1,7,68,1484,594,40,8,2126,0,0,0,2126
06/01/2000,LAX,CA,AWP,WE,Combined TRACON& Tower with Radar,1496,528,41,2,2067,0,71,0,10,81,1496,599,41,12,2148,0,0,0,2148
06/02/2000,LAX,CA,AWP,WE,Combined TRACON& Tower with Radar,1572,511,46,1,2130,31,0,1,6,38,1603,511,47,7,2168,0,0,0,2168
06/03/2000,LAX,CA,AWP,WE,Combined TRACON& Tower with Radar,1426,433,42,1,1902,52,0,1,3,56,1478,433,43,4,1958,0,0,0,1958
06/04/2000,LAX,CA,AWP,WE,Combined TRACON& Tower with Radar,1445,510,35,1,1991,0,68,0,4,72,1445,578,35,5,2063,0,0,0,2063
06/05/2000,LAX,CA,AWP,WE,Combined TRACON& Tower with Radar,1535,483,45,1,2064,35,0,8,9,52,1570,483,53,10,2116,0,0,0,2116
06/06/2000,LAX,CA,AWP,WE,Combined TRACON& Tower with Radar,1583,498,46,1,2128,30,0,11,3,44,1613,498,57,4,2172,0,0,0,2172
06/07/2000,LAX,CA,AWP,WE,Combined TRACON& Tower with Radar,1598,503,47,1,2149,38,0,12,9,59,1636,503,59,10,2208,0,0,0,2208
06/08/2000,LAX,CA,AWP,WE,Combined TRACON& Tower with Radar,1548,547,37,1,2133,0,72,0,9,81,1548,619,37,10,2214,0,0,0,2214
06/09/2000,LAX,CA,AWP,WE,Combined TRACON& Tower with Radar,1620,524,47,1,2192,25,0,18,0,43,1645,524,65,1,2235,0,0,0,2235
06/10/2000,LAX,CA,AWP,WE,Combined TRACON& Tower with Radar,1367,483,34,1,1885,0,64,0,1,65,1367,547,34,2,1950,0,0,0,1950
06/11/2000,LAX,CA,AWP,WE,Combined TRACON& Tower with Radar,1442,509,34,2,1987,0,68,0,0,68,1442,577,34,2,2055,0,0,0,2055
06/12/2000,LAX,CA,AWP,WE,Combined TRACON& Tower with Radar,1550,486,31,2,2069,58,0,0,3,61,1608,486,31,5,2130,0,0,0,2130
06/13/2000,LAX,CA,AWP,WE,Combined TRACON& Tower with Radar,1564,488,45,2,2099,47,0,11,8,66,1611,488,56,10,2165,0,0,0,2165
06/14/2000,LAX,CA,AWP,WE,Combined TRACON& Tower with Radar,1613,503,46,2,2164,29,0,30,5,64,1642,503,76,7,2228,0,0,0,2228
06/15/2000,LAX,CA,AWP,WE,Combined TRACON& Tower with Radar,1528,540,42,2,2112,0,71,0,6,77,1528,611,42,8,2189,0,0,0,2189
06/16/2000,LAX,CA,AWP,WE,Combined TRACON& Tower with Radar,1529,495,44,1,2069,82,0,18,0,100,1611,495,62,1,2169,0,0,0,2169
06/17/2000,LAX,CA,AWP,WE,Combined TRACON& Tower with Radar,1408,497,35,2,1942,0,66,0,0,66,1408,563,35,2,2008,0,0,0,2008
06/18/2000,LAX,CA,AWP,WE,Combined TRACON& Tower with Radar,1467,518,37,2,2024,0,69,0,1,70,1467,587,37,3,2094,0,0,0,2094
06/19/2000,LAX,CA,AWP,WE,Combined TRACON& Tower with Radar,1602,506,46,2,2156,7,0,30,6,43,1609,506,76,8,2199,0,0,0,2199
06/20/2000,LAX,CA,AWP,WE,Combined TRACON& Tower with Radar,1528,539,36,2,2105,0,72,0,3,75,1528,611,36,5,2180,0,0,0,2180
06/21/2000,LAX,CA,AWP,WE,Combined TRACON& Tower with Radar,1626,487,46,3,2162,40,0,34,3,77,1666,487,80,6,2239,0,0,0,2239
06/22/2000,LAX,CA,AWP,WE,Combined TRACON& Tower with Radar,1670,499,48,3,2220,39,0,33,8,80,1709,499,81,11,2300,0,0,0,2300
06/23/2000,LAX,CA,AWP,WE,Combined TRACON& Tower with Radar,1617,493,47,2,2159,47,0,14,1,62,1664,493,61,3,2221,0,0,0,2221
06/24/2000,LAX,CA,AWP,WE,Combined TRACON& Tower with Radar,1406,496,34,2,1938,0,67,0,7,74,1406,563,34,9,2012,0,0,0,2012
06/25/2000,LAX,CA,AWP,WE,Combined TRACON& Tower with Radar,1441,508,40,2,1991,0,68,0,4,72,1441,576,40,6,2063,0,0,0,2063
06/26/2000,LAX,CA,AWP,WE,Combined TRACON& Tower with Radar,1575,479,45,2,2101,51,0,13,3,67,1626,479,58,5,2168,0,0,0,2168
06/27/2000,LAX,CA,AWP,WE,Combined TRACON& Tower with Radar,1513,533,44,2,2092,0,72,0,10,82,1513,605,44,12,2174,0,0,0,2174
06/28/2000,LAX,CA,AWP,WE,Combined TRACON& Tower with Radar,1631,505,47,3,2186,39,0,10,12,61,1670,505,57,15,2247,0,0,0,2247
06/29/2000,LAX,CA,AWP,WE,Combined TRACON& Tower with Radar,1661,500,47,3,2211,60,0,21,0,81,1721,500,68,3,2292,0,0,0,2292
06/30/2000,LAX,CA,AWP,WE,Combined TRACON& Tower with Radar,1646,508,47,3,2204,37,0,20,6,63,1683,508,67,9,2267,0,0,0,2267
07/01/2000,LAX,CA,AWP,WE,Combined TRACON& Tower with Radar,1488,442,33,1,1964,59,0,0,3,62,1547,442,33,4,2026,0,0,0,2026
07/02/2000,LAX,CA,AWP,WE,Combined TRACON& Tower with Radar,1357,472,34,1,1864,0,71,0,2,73,1357,543,34,3,1937,0,0,0,1937
07/03/2000,LAX,CA,AWP,WE,Combined TRACON& Tower with Radar,1436,456,31,1,1924,24,0,0,1,25,1460,456,31,2,1949,0,0,0,1949
07/04/2000,LAX,CA,AWP,WE,Combined TRACON& Tower with Radar,1445,468,25,2,1940,25,0,0,3,28,1470,468,25,5,1968,0,0,0,1968
07/05/2000,LAX,CA,AWP,WE,Combined TRACON& Tower with Radar,1489,517,39,2,2047,0,78,3,10,91,1489,595,42,12,2138,0,0,0,2138
07/06/2000,LAX,CA,AWP,WE,Combined TRACON& Tower with Radar,1550,539,35,2,2126,0,81,0,3,84,1550,620,35,5,2210,0,0,0,2210
07/07/2000,LAX,CA,AWP,WE,Combined TRACON& Tower with Radar,1633,493,33,2,2161,59,0,0,3,62,1692,493,33,5,2223,0,0,0,2223
07/08/2000,LAX,CA,AWP,WE,Combined TRACON& Tower with Radar,1467,431,24,2,1924,67,0,0,9,76,1534,431,24,11,2000,0,0,0,2000
07/09/2000,LAX,CA,AWP,WE,Combined TRACON& Tower with Radar,1472,512,38,2,2024,0,77,3,6,86,1472,589,41,8,2110,0,0,0,2110
07/10/2000,LAX,CA,AWP,WE,Combined TRACON& Tower with Radar,1591,490,40,2,2123,34,0,21,2,57,1625,490,61,4,2180,0,0,0,2180
07/11/2000,LAX,CA,AWP,WE,Combined TRACON& Tower with Radar,1622,485,40,2,2149,46,0,10,10,66,1668,485,50,12,2215,0,0,0,2215
07/12/2000,LAX,CA,AWP,WE,Combined TRACON& Tower with Radar,1661,500,41,2,2204,40,0,16,7,63,1701,500,57,9,2267,0,0,0,2267
07/13/2000,LAX,CA,AWP,WE,Combined TRACON& Tower with Radar,1673,504,42,2,2221,39,0,31,4,74,1712,504,73,6,2295,0,0,0,2295
07/14/2000,LAX,CA,AWP,WE,Combined TRACON& Tower with Radar,1638,507,40,2,2187,20,0,35,0,55,1658,507,75,2,2242,0,0,0,2242
07/15/2000,LAX,CA,AWP,WE,Combined TRACON& Tower with Radar,1485,431,36,0,1952,64,0,2,0,66,1549,431,38,0,2018,0,0,0,2018
07/16/2000,LAX,CA,AWP,WE,Combined TRACON& Tower with Radar,1482,514,38,2,2036,0,79,0,1,80,1482,593,38,3,2116,0,0,0,2116
07/17/2000,LAX,CA,AWP,WE,Combined TRACON& Tower with Radar,1605,483,40,2,2130,17,0,12,0,29,1622,483,52,2,2159,143,0,143,2302
07/18/2000,LAX,CA,AWP,WE,Combined TRACON& Tower with Radar,1605,486,40,2,2133,36,0,20,1,57,1641,486,60,3,2190,0,0,0,2190
07/19/2000,LAX,CA,AWP,WE,Combined TRACON& Tower with Radar,1646,501,41,2,2190,42,0,11,4,57,1688,501,52,6,2247,0,0,0,2247
07/20/2000,LAX,CA,AWP,WE,Combined TRACON& Tower with Radar,1672,495,41,2,2210,34,0,38,6,78,1706,495,79,8,2288,0,0,0,2288
07/21/2000,LAX,CA,AWP,WE,Combined TRACON& Tower with Radar,1661,518,41,2,2222,2,0,29,5,36,1663,518,70,7,2258,0,0,0,2258
07/22/2000,LAX,CA,AWP,WE,Combined TRACON& Tower with Radar,1487,435,37,2,1961,55,0,2,1,58,1542,435,39,3,2019,0,0,0,2019
07/23/2000,LAX,CA,AWP,WE,Combined TRACON& Tower with Radar,1468,509,38,2,2017,0,78,5,2,85,1468,587,43,4,2102,0,0,0,2102
07/24/2000,LAX,CA,AWP,WE,Combined TRACON& Tower with Radar,1601,489,40,2,2132,32,0,16,6,54,1633,489,56,8,2186,0,0,0,2186
07/25/2000,LAX,CA,AWP,WE,Combined TRACON& Tower with Radar,1645,500,40,0,2185,45,0,7,0,52,1690,500,47,0,2237,0,0,0,2237
07/26/2000,LAX,CA,AWP,WE,Combined TRACON& Tower with Radar,1651,520,40,2,2213,22,0,3,8,33,1673,520,43,10,2246,0,0,0,2246
07/27/2000,LAX,CA,AWP,WE,Combined TRACON& Tower with Radar,1586,550,41,2,2179,0,85,4,5,94,1586,635,45,7,2273,0,0,0,2273
07/28/2000,LAX,CA,AWP,WE,Combined TRACON& Tower with Radar,1532,541,40,1,2114,0,72,0,3,75,1532,613,40,4,2189,0,0,0,2189
07/29/2000,LAX,CA,AWP,WE,Combined TRACON& Tower with Radar,1517,446,30,1,1994,65,0,0,1,66,1582,446,30,2,2060,0,0,0,2060
07/30/2000,LAX,CA,AWP,WE,Combined TRACON& Tower with Radar,1470,511,37,1,2019,0,77,0,4,81,1470,588,37,5,2100,0,0,0,2100
07/31/2000,LAX,CA,AWP,WE,Combined TRACON& Tower with Radar,1528,531,38,1,2098,0,80,0,4,84,1528,611,38,5,2182,0,0,0,2182
08/01/2000,LAX,CA,AWP,WE,Combined TRACON& Tower with Radar,1645,505,41,2,2193,39,0,17,6,62,1684,505,58,8,2255,0,0,0,2255
08/02/2000,LAX,CA,AWP,WE,Combined TRACON& Tower with Radar,1517,535,37,1,2090,0,72,0,5,77,1517,607,37,6,2167,0,0,0,2167
08/03/2000,LAX,CA,AWP,WE,Combined TRACON& Tower with Radar,1546,545,41,1,2133,0,73,0,7,80,1546,618,41,8,2213,0,0,0,2213
08/04/2000,LAX,CA,AWP,WE,Combined TRACON& Tower with Radar,1643,489,41,1,2174,58,0,15,7,80,1701,489,56,8,2254,0,0,0,2254
08/05/2000,LAX,CA,AWP,WE,Combined TRACON& Tower with Radar,1431,427,20,1,1879,73,0,0,2,75,1504,427,20,3,1954,0,0,0,1954
08/06/2000,LAX,CA,AWP,WE,Combined TRACON& Tower with Radar,1479,522,33,1,2035,0,70,0,1,71,1479,592,33,2,2106,0,0,0,2106
08/07/2000,LAX,CA,AWP,WE,Combined TRACON& Tower with Radar,1580,485,40,1,2106,50,0,9,4,63,1630,485,49,5,2169,0,0,0,2169
08/08/2000,LAX,CA,AWP,WE,Combined TRACON& Tower with Radar,1637,487,41,1,2166,36,0,34,3,73,1673,487,75,4,2239,0,0,0,2239
08/09/2000,LAX,CA,AWP,WE,Combined TRACON& Tower with Radar,1604,478,41,1,2124,71,0,2,11,84,1675,478,43,12,2208,0,0,0,2208
08/10/2000,LAX,CA,AWP,WE,Combined TRACON& Tower with Radar,1577,557,41,1,2176,0,74,2,12,88,1577,631,43,13,2264,0,0,0,2264
08/11/2000,LAX,CA,AWP,WE,Combined TRACON& Tower with Radar,1665,508,42,1,2216,39,0,27,7,73,1704,508,69,8,2289,0,0,0,2289
08/12/2000,LAX,CA,AWP,WE,Combined TRACON& Tower with Radar,1492,433,37,1,1963,62,0,12,3,77,1554,433,49,4,2040,0,0,0,2040
08/13/2000,LAX,CA,AWP,WE,Combined TRACON& Tower with Radar,1481,522,35,2,2040,0,70,0,2,72,1481,592,35,4,2112,0,0,0,2112
08/14/2000,LAX,CA,AWP,WE,Combined TRACON& Tower with Radar,1601,494,40,2,2137,34,0,19,3,56,1635,494,59,5,2193,0,0,0,2193
08/15/2000,LAX,CA,AWP,WE,Combined TRACON& Tower with Radar,1642,508,40,2,2192,21,0,45,6,72,1663,508,85,8,2264,0,0,0,2264
08/16/2000,LAX,CA,AWP,WE,Combined TRACON& Tower with Radar,1572,555,40,2,2169,0,74,0,11,85,1572,629,40,13,2254,0,0,0,2254
08/17/2000,LAX,CA,AWP,WE,Combined TRACON& Tower with Radar,1541,544,39,2,2126,0,72,15,7,94,1541,616,54,9,2220,0,0,0,2220
08/18/2000,LAX,CA,AWP,WE,Combined TRACON& Tower with Radar,1700,516,41,2,2259,47,0,35,4,86,1747,516,76,6,2345,0,0,0,2345
08/19/2000,LAX,CA,AWP,WE,Combined TRACON& Tower with Radar,1491,435,25,0,1951,85,0,0,0,85,1576,435,25,0,2036,0,0,0,2036
08/20/2000,LAX,CA,AWP,WE,Combined TRACON& Tower with Radar,1481,521,38,2,2042,0,71,4,6,81,1481,592,42,8,2123,0,0,0,2123
08/21/2000,LAX,CA,AWP,WE,Combined TRACON& Tower with Radar,1533,540,39,2,2114,0,73,4,6,83,1533,613,43,8,2197,0,0,0,2197
08/22/2000,LAX,CA,AWP,WE,Combined TRACON& Tower with Radar,1594,561,41,2,2198,0,77,1,6,84,1594,638,42,8,2282,0,0,0,2282
08/23/2000,LAX,CA,AWP,WE,Combined TRACON& Tower with Radar,1637,496,40,2,2175,52,0,15,4,71,1689,496,55,6,2246,0,0,0,2246
08/24/2000,LAX,CA,AWP,WE,Combined TRACON& Tower with Radar,1653,483,40,2,2178,69,0,7,15,91,1722,483,47,17,2269,0,0,0,2269
08/25/2000,LAX,CA,AWP,WE,Combined TRACON& Tower with Radar,1649,488,38,2,2177,76,0,0,7,83,1725,488,38,9,2260,0,0,0,2260
08/26/2000,LAX,CA,AWP,WE,Combined TRACON& Tower with Radar,1463,442,20,0,1925,71,0,0,0,71,1534,442,20,0,1996,0,0,0,1996
08/27/2000,LAX,CA,AWP,WE,Combined TRACON& Tower with Radar,1491,525,38,2,2056,0,71,3,2,76,1491,596,41,4,2132,0,0,0,2132
08/28/2000,LAX,CA,AWP,WE,Combined TRACON& Tower with Radar,1529,539,38,2,2108,0,73,0,2,75,1529,612,38,4,2183,0,0,0,2183
08/29/2000,LAX,CA,AWP,WE,Combined TRACON& Tower with Radar,1490,525,34,2,2051,0,71,0,4,75,1490,596,34,6,2126,0,0,0,2126
08/30/2000,LAX,CA,AWP,WE,Combined TRACON& Tower with Radar,1546,544,40,2,2132,0,74,4,5,83,1546,618,44,7,2215,0,0,0,2215
08/31/2000,LAX,CA,AWP,WE,Combined TRACON& Tower with Radar,1565,551,40,2,2158,0,75,13,14,102,1565,626,53,16,2260,0,0,0,2260
09/01/2000,LAX,CA,AWP,WE,Combined TRACON& Tower with Radar,1621,503,27,1,2152,75,0,0,5,80,1696,503,27,6,2232,0,0,0,2232
09/02/2000,LAX,CA,AWP,WE,Combined TRACON& Tower with Radar,1416,425,28,0,1869,81,0,0,0,81,1497,425,28,0,1950,0,0,0,1950
09/03/2000,LAX,CA,AWP,WE,Combined TRACON& Tower with Radar,1342,483,33,1,1859,0,54,0,2,56,1342,537,33,3,1915,0,0,0,1915
09/04/2000,LAX,CA,AWP,WE,Combined TRACON& Tower with Radar,1532,464,31,1,2028,86,0,0,2,88,1618,464,31,3,2116,0,0,0,2116
09/05/2000,LAX,CA,AWP,WE,Combined TRACON& Tower with Radar,1569,485,39,1,2094,62,0,0,4,66,1631,485,39,5,2160,0,0,0,2160
09/06/2000,LAX,CA,AWP,WE,Combined TRACON& Tower with Radar,1650,558,41,1,2250,14,0,0,17,31,1664,558,41,18,2281,0,0,0,2281
09/07/2000,LAX,CA,AWP,WE,Combined TRACON& Tower with Radar,1669,553,41,1,2264,9,0,30,3,42,1678,553,71,4,2306,0,0,0,2306
09/08/2000,LAX,CA,AWP,WE,Combined TRACON& Tower with Radar,1655,573,32,2,2262,15,1,0,2,18,1670,574,32,4,2280,0,0,0,2280
09/09/2000,LAX,CA,AWP,WE,Combined TRACON& Tower with Radar,1454,504,34,2,1994,26,88,0,0,114,1480,592,34,2,2108,0,0,0,2108
09/10/2000,LAX,CA,AWP,WE,Combined TRACON& Tower with Radar,1534,498,34,2,2068,38,0,0,0,38,1572,498,34,2,2106,0,0,0,2106
09/11/2000,LAX,CA,AWP,WE,Combined TRACON& Tower with Radar,1608,547,39,2,2196,17,0,8,14,39,1625,547,47,16,2235,0,0,0,2235
09/12/2000,LAX,CA,AWP,WE,Combined TRACON& Tower with Radar,1613,553,39,1,2206,3,0,7,0,10,1616,553,46,1,2216,0,0,0,2216
09/13/2000,LAX,CA,AWP,WE,Combined TRACON& Tower with Radar,1674,556,41,2,2273,14,0,28,5,47,1688,556,69,7,2320,0,0,0,2320
09/14/2000,LAX,CA,AWP,WE,Combined TRACON& Tower with Radar,1575,567,37,2,2181,0,63,0,8,71,1575,630,37,10,2252,0,0,0,2252
09/15/2000,LAX,CA,AWP,WE,Combined TRACON& Tower with Radar,1664,560,40,2,2266,23,0,9,9,41,1687,560,49,11,2307,0,0,0,2307
09/16/2000,LAX,CA,AWP,WE,Combined TRACON& Tower with Radar,1495,494,36,2,2027,28,0,1,1,30,1523,494,37,3,2057,0,0,0,2057
09/17/2000,LAX,CA,AWP,WE,Combined TRACON& Tower with Radar,1539,553,36,2,2130,0,63,0,4,67,1539,616,36,6,2197,0,0,0,2197
09/18/2000,LAX,CA,AWP,WE,Combined TRACON& Tower with Radar,1439,517,36,2,1994,0,59,7,4,70,1439,576,43,6,2064,0,0,0,2064
09/19/2000,LAX,CA,AWP,WE,Combined TRACON& Tower with Radar,1656,548,40,2,2246,1,0,27,2,30,1657,548,67,4,2276,0,0,0,2276
09/20/2000,LAX,CA,AWP,WE,Combined TRACON& Tower with Radar,1679,544,41,2,2266,0,0,60,12,72,1679,544,101,14,2338,0,0,0,2338
09/21/2000,LAX,CA,AWP,WE,Combined TRACON& Tower with Radar,1596,573,40,2,2211,0,65,21,9,95,1596,638,61,11,2306,0,0,0,2306
09/22/2000,LAX,CA,AWP,WE,Combined TRACON& Tower with Radar,1660,579,40,2,2281,0,0,30,3,33,1660,579,70,5,2314,0,0,0,2314
09/23/2000,LAX,CA,AWP,WE,Combined TRACON& Tower with Radar,1518,514,32,1,2065,20,0,0,0,20,1538,514,32,1,2085,0,0,0,2085
09/24/2000,LAX,CA,AWP,WE,Combined TRACON& Tower with Radar,1508,541,38,2,2089,0,62,0,5,67,1508,603,38,7,2156,0,0,0,2156
09/25/2000,LAX,CA,AWP,WE,Combined TRACON& Tower with Radar,1583,568,40,2,2193,0,65,1,6,72,1583,633,41,8,2265,0,0,0,2265
09/26/2000,LAX,CA,AWP,WE,Combined TRACON& Tower with Radar,1661,555,40,1,2257,8,0,23,6,37,1669,555,63,7,2294,0,0,0,2294
09/27/2000,LAX,CA,AWP,WE,Combined TRACON& Tower with Radar,1612,580,39,1,2232,0,65,0,9,74,1612,645,39,10,2306,0,0,0,2306
09/28/2000,LAX,CA,AWP,WE,Combined TRACON& Tower with Radar,1600,575,40,1,2216,0,65,10,8,83,1600,640,50,9,2299,0,0,0,2299
09/29/2000,LAX,CA,AWP,WE,Combined TRACON& Tower with Radar,1682,575,40,1,2298,4,0,8,0,12,1686,575,48,1,2310,0,0,0,2310
09/30/2000,LAX,CA,AWP,WE,Combined TRACON& Tower with Radar,1455,464,35,1,1955,39,0,5,0,44,1494,464,40,1,1999,0,0,0,1999
10/01/2000,LAX,CA,AWP,WE,Combined TRACON& Tower with Radar,1523,484,39,1,2047,34,0,22,0,56,1557,484,61,1,2103,0,0,0,2103
10/02/2000,LAX,CA,AWP,WE,Combined TRACON& Tower with Radar,1593,579,42,1,2215,0,58,14,4,76,1593,637,56,5,2291,0,0,0,2291
10/03/2000,LAX,CA,AWP,WE,Combined TRACON& Tower with Radar,1646,549,42,1,2238,14,0,18,4,36,1660,549,60,5,2274,0,0,0,2274
10/04/2000,LAX,CA,AWP,WE,Combined TRACON& Tower with Radar,1679,559,43,1,2282,21,0,28,10,59,1700,559,71,11,2341,0,0,0,2341
10/05/2000,LAX,CA,AWP,WE,Combined TRACON& Tower with Radar,1639,546,42,1,2228,13,0,32,10,55,1652,546,74,11,2283,0,0,0,2283
10/06/2000,LAX,CA,AWP,WE,Combined TRACON& Tower with Radar,1644,536,42,1,2223,36,0,22,1,59,1680,536,64,2,2282,0,0,0,2282
10/07/2000,LAX,CA,AWP,WE,Combined TRACON& Tower with Radar,1503,509,32,1,2045,30,0,0,8,38,1533,509,32,9,2083,0,0,0,2083
10/08/2000,LAX,CA,AWP,WE,Combined TRACON& Tower with Radar,1498,545,35,1,2079,0,54,0,1,55,1498,599,35,2,2134,0,0,0,2134
10/09/2000,LAX,CA,AWP,WE,Combined TRACON& Tower with Radar,1503,546,36,1,2086,0,55,0,1,56,1503,601,36,2,2142,0,0,0,2142
10/10/2000,LAX,CA,AWP,WE,Combined TRACON& Tower with Radar,1620,563,41,1,2225,15,0,13,10,38,1635,563,54,11,2263,0,0,0,2263
10/11/2000,LAX,CA,AWP,WE,Combined TRACON& Tower with Radar,1649,560,42,1,2252,16,0,13,3,32,1665,560,55,4,2284,0,0,0,2284
10/12/2000,LAX,CA,AWP,WE,Combined TRACON& Tower with Radar,1594,579,42,1,2216,0,59,22,6,87,1594,638,64,7,2303,0,0,0,2303
10/13/2000,LAX,CA,AWP,WE,Combined TRACON& Tower with Radar,1691,572,43,1,2307,21,0,18,8,47,1712,572,61,9,2354,0,0,0,2354
10/14/2000,LAX,CA,AWP,WE,Combined TRACON& Tower with Radar,1471,518,36,2,2027,4,2,18,1,25,1475,520,54,3,2052,0,0,0,2052
10/15/2000,LAX,CA,AWP,WE,Combined TRACON& Tower with Radar,1494,543,38,2,2077,0,54,5,3,62,1494,597,43,5,2139,0,0,0,2139
10/16/2000,LAX,CA,AWP,WE,Combined TRACON& Tower with Radar,1548,562,40,2,2152,0,57,1,13,71,1548,619,41,15,2223,0,0,0,2223
10/17/2000,LAX,CA,AWP,WE,Combined TRACON& Tower with Radar,1608,511,40,2,2161,58,0,19,8,85,1666,511,59,10,2246,0,0,0,2246
10/18/2000,LAX,CA,AWP,WE,Combined TRACON& Tower with Radar,1625,514,40,2,2181,55,0,1,2,58,1680,514,41,4,2239,0,0,0,2239
10/19/2000,LAX,CA,AWP,WE,Combined TRACON& Tower with Radar,1489,431,37,2,1959,79,0,37,9,125,1568,431,74,11,2084,0,0,0,2084
10/20/2000,LAX,CA,AWP,WE,Combined TRACON& Tower with Radar,1632,522,41,2,2197,48,0,12,5,65,1680,522,53,7,2262,0,0,0,2262
10/21/2000,LAX,CA,AWP,WE,Combined TRACON& Tower with Radar,1497,524,31,2,2054,10,0,0,3,13,1507,524,31,5,2067,0,0,0,2067
10/22/2000,LAX,CA,AWP,WE,Combined TRACON& Tower with Radar,1491,541,34,2,2068,0,56,0,4,60,1491,597,34,6,2128,0,0,0,2128
10/23/2000,LAX,CA,AWP,WE,Combined TRACON& Tower with Radar,1578,573,38,2,2191,0,58,0,4,62,1578,631,38,6,2253,0,0,0,2253
10/24/2000,LAX,CA,AWP,WE,Combined TRACON& Tower with Radar,1527,551,39,2,2119,0,48,9,2,59,1527,599,48,4,2178,0,0,0,2178
10/25/2000,LAX,CA,AWP,WE,Combined TRACON& Tower with Radar,1672,583,41,2,2298,1,0,18,7,26,1673,583,59,9,2324,0,0,0,2324
10/26/2000,LAX,CA,AWP,WE,Combined TRACON& Tower with Radar,1636,548,41,1,2226,14,0,29,0,43,1650,548,70,1,2269,0,0,0,2269
10/27/2000,LAX,CA,AWP,WE,Combined TRACON& Tower with Radar,1597,494,40,2,2133,64,0,9,6,79,1661,494,49,8,2212,0,0,0,2212
10/28/2000,LAX,CA,AWP,WE,Combined TRACON& Tower with Radar,1480,506,31,1,2018,21,0,0,0,21,1501,506,31,1,2039,0,0,0,2039
10/29/2000,LAX,CA,AWP,WE,Combined TRACON& Tower with Radar,1494,542,36,2,2074,0,56,0,2,58,1494,598,36,4,2132,0,0,0,2132
10/30/2000,LAX,CA,AWP,WE,Combined TRACON& Tower with Radar,1550,562,40,2,2154,0,58,1,6,65,1550,620,41,8,2219,0,0,0,2219
10/31/2000,LAX,CA,AWP,WE,Combined TRACON& Tower with Radar,1574,571,40,2,2187,0,58,1,7,66,1574,629,41,9,2253,0,0,0,2253
11/01/2000,LAX,CA,AWP,WE,Combined TRACON& Tower with Radar,1654,574,37,1,2266,28,0,22,19,69,1682,574,59,20,2335,0,0,0,2335
11/02/2000,LAX,CA,AWP,WE,Combined TRACON& Tower with Radar,1669,590,38,1,2298,24,0,25,9,58,1693,590,63,10,2356,0,0,0,2356
11/03/2000,LAX,CA,AWP,WE,Combined TRACON& Tower with Radar,1635,620,38,1,2294,0,34,13,9,56,1635,654,51,10,2350,0,0,0,2350
11/04/2000,LAX,CA,AWP,WE,Combined TRACON& Tower with Radar,1470,529,33,1,2033,24,0,2,5,31,1494,529,35,6,2064,0,0,0,2064
11/05/2000,LAX,CA,AWP,WE,Combined TRACON& Tower with Radar,1503,570,35,1,2109,0,31,2,2,35,1503,601,37,3,2144,0,0,0,2144
11/06/2000,LAX,CA,AWP,WE,Combined TRACON& Tower with Radar,1536,583,35,1,2155,0,32,0,5,37,1536,615,35,6,2192,0,0,0,2192
11/07/2000,LAX,CA,AWP,WE,Combined TRACON& Tower with Radar,1616,580,37,1,2234,15,0,15,16,46,1631,580,52,17,2280,0,0,0,2280
11/08/2000,LAX,CA,AWP,WE,Combined TRACON& Tower with Radar,1643,614,38,1,2296,0,2,13,0,15,1643,616,51,1,2311,0,0,0,2311
11/09/2000,LAX,CA,AWP,WE,Combined TRACON& Tower with Radar,1607,610,37,1,2255,0,33,23,2,58,1607,643,60,3,2313,0,0,0,2313
11/10/2000,LAX,CA,AWP,WE,Combined TRACON& Tower with Radar,1641,580,37,1,2259,20,0,22,5,47,1661,580,59,6,2306,0,0,0,2306
11/11/2000,LAX,CA,AWP,WE,Combined TRACON& Tower with Radar,1440,511,15,0,1966,43,0,0,0,43,1483,511,15,0,2009,0,0,0,2009
11/12/2000,LAX,CA,AWP,WE,Combined TRACON& Tower with Radar,1516,575,34,2,2127,0,31,2,0,33,1516,606,36,2,2160,0,0,0,2160
11/13/2000,LAX,CA,AWP,WE,Combined TRACON& Tower with Radar,1562,592,36,2,2192,0,33,14,2,49,1562,625,50,4,2241,0,0,0,2241
11/14/2000,LAX,CA,AWP,WE,Combined TRACON& Tower with Radar,1630,572,36,2,2240,32,0,14,1,47,1662,572,50,3,2287,0,0,0,2287
11/15/2000,LAX,CA,AWP,WE,Combined TRACON& Tower with Radar,1660,595,37,2,2294,8,0,24,2,34,1668,595,61,4,2328,0,0,0,2328
11/16/2000,LAX,CA,AWP,WE,Combined TRACON& Tower with Radar,1616,612,36,2,2266,0,34,33,3,70,1616,646,69,5,2336,0,0,0,2336
11/17/2000,LAX,CA,AWP,WE,Combined TRACON& Tower with Radar,1661,585,37,2,2285,16,0,30,1,47,1677,585,67,3,2332,0,0,0,2332
11/18/2000,LAX,CA,AWP,WE,Combined TRACON& Tower with Radar,1468,556,33,2,2059,0,31,3,0,34,1468,587,36,2,2093,0,0,0,2093
11/19/2000,LAX,CA,AWP,WE,Combined TRACON& Tower with Radar,1666,631,38,2,2337,0,36,1,0,37,1666,667,39,2,2374,0,0,0,2374
11/20/2000,LAX,CA,AWP,WE,Combined TRACON& Tower with Radar,1544,585,35,2,2166,0,33,17,12,62,1544,618,52,14,2228,0,0,0,2228
11/21/2000,LAX,CA,AWP,WE,Combined TRACON& Tower with Radar,1651,582,36,2,2271,37,0,14,9,60,1688,582,50,11,2331,0,0,0,2331
11/22/2000,LAX,CA,AWP,WE,Combined TRACON& Tower with Radar,1663,580,37,2,2282,43,0,8,12,63,1706,580,45,14,2345,0,0,0,2345
11/23/2000,LAX,CA,AWP,WE,Combined TRACON& Tower with Radar,1344,499,13,2,1858,0,21,0,0,21,1344,520,13,2,1879,0,0,0,1879
11/24/2000,LAX,CA,AWP,WE,Combined TRACON& Tower with Radar,1326,498,14,0,1838,0,39,0,0,39,1326,537,14,0,1877,0,0,0,1877
11/25/2000,LAX,CA,AWP,WE,Combined TRACON& Tower with Radar,1441,511,32,2,1986,29,0,0,0,29,1470,511,32,2,2015,0,0,0,2015
11/26/2000,LAX,CA,AWP,WE,Combined TRACON& Tower with Radar,1503,454,33,1,1991,88,0,19,0,107,1591,454,52,1,2098,0,0,0,2098
11/27/2000,LAX,CA,AWP,WE,Combined TRACON& Tower with Radar,1475,559,33,2,2069,0,31,0,0,31,1475,590,33,2,2100,0,0,0,2100
11/28/2000,LAX,CA,AWP,WE,Combined TRACON& Tower with Radar,1640,568,36,2,2246,47,0,5,6,58,1687,568,41,8,2304,0,0,0,2304
11/29/2000,LAX,CA,AWP,WE,Combined TRACON& Tower with Radar,1569,595,35,1,2200,0,32,11,3,46,1569,627,46,4,2246,0,0,0,2246
11/30/2000,LAX,CA,AWP,WE,Combined TRACON& Tower with Radar,1462,554,33,1,2050,0,31,1,3,35,1462,585,34,4,2085,0,0,0,2085
12/01/2000,LAX,CA,AWP,WE,Combined TRACON& Tower with Radar,1519,449,34,1,2003,97,0,2,0,99,1616,449,36,1,2102,0,0,0,2102
12/02/2000,LAX,CA,AWP,WE,Combined TRACON& Tower with Radar,1413,462,28,2,1905,48,0,0,2,50,1461,462,28,4,1955,0,0,0,1955
12/03/2000,LAX,CA,AWP,WE,Combined TRACON& Tower with Radar,1493,466,33,1,1993,70,0,5,0,75,1563,466,38,1,2068,0,0,0,2068
12/04/2000,LAX,CA,AWP,WE,Combined TRACON& Tower with Radar,1513,558,35,2,2108,0,47,14,11,72,1513,605,49,13,2180,0,0,0,2180
12/05/2000,LAX,CA,AWP,WE,Combined TRACON& Tower with Radar,1595,558,35,1,2189,18,0,15,1,34,1613,558,50,2,2223,0,0,0,2223
12/06/2000,LAX,CA,AWP,WE,Combined TRACON& Tower with Radar,1627,561,36,1,2225,18,0,44,17,79,1645,561,80,18,2304,0,0,0,2304
12/07/2000,LAX,CA,AWP,WE,Combined TRACON& Tower with Radar,1540,570,35,1,2146,0,46,4,7,57,1540,616,39,8,2203,0,0,0,2203
12/08/2000,LAX,CA,AWP,WE,Combined TRACON& Tower with Radar,1639,553,37,1,2230,11,0,28,15,54,1650,553,65,16,2284,0,0,0,2284
12/09/2000,LAX,CA,AWP,WE,Combined TRACON& Tower with Radar,1465,526,21,0,2012,31,10,0,0,41,1496,536,21,0,2053,0,0,0,2053
12/10/2000,LAX,CA,AWP,WE,Combined TRACON& Tower with Radar,1494,553,34,1,2082,0,45,2,3,50,1494,598,36,4,2132,0,0,0,2132
12/11/2000,LAX,CA,AWP,WE,Combined TRACON& Tower with Radar,1476,546,34,1,2057,0,44,19,9,72,1476,590,53,10,2129,0,0,0,2129
12/12/2000,LAX,CA,AWP,WE,Combined TRACON& Tower with Radar,1605,579,36,1,2221,0,12,18,12,42,1605,591,54,13,2263,0,0,0,2263
12/13/2000,LAX,CA,AWP,WE,Combined TRACON& Tower with Radar,1573,574,36,1,2184,0,19,35,13,67,1573,593,71,14,2251,0,0,0,2251
12/14/2000,LAX,CA,AWP,WE,Combined TRACON& Tower with Radar,1553,574,35,2,2164,0,47,9,10,66,1553,621,44,12,2230,0,0,0,2230
12/15/2000,LAX,CA,AWP,WE,Combined TRACON& Tower with Radar,1655,587,36,2,2280,8,0,6,6,20,1663,587,42,8,2300,0,0,0,2300
12/16/2000,LAX,CA,AWP,WE,Combined TRACON& Tower with Radar,1492,536,32,1,2061,4,0,3,0,7,1496,536,35,1,2068,0,0,0,2068
12/17/2000,LAX,CA,AWP,WE,Combined TRACON& Tower with Radar,1506,557,33,2,2098,0,45,7,2,54,1506,602,40,4,2152,0,0,0,2152
12/18/2000,LAX,CA,AWP,WE,Combined TRACON& Tower with Radar,1505,557,33,2,2097,0,45,1,3,49,1505,602,34,5,2146,0,0,0,2146
12/19/2000,LAX,CA,AWP,WE,Combined TRACON& Tower with Radar,1643,591,35,2,2271,0,1,17,4,22,1643,592,52,6,2293,0,0,0,2293
12/20/2000,LAX,CA,AWP,WE,Combined TRACON& Tower with Radar,1668,587,36,2,2293,0,0,28,3,31,1668,587,64,5,2324,0,0,0,2324
12/21/2000,LAX,CA,AWP,WE,Combined TRACON& Tower with Radar,1559,476,34,2,2071,75,0,12,4,91,1634,476,46,6,2162,0,0,0,2162
12/22/2000,LAX,CA,AWP,WE,Combined TRACON& Tower with Radar,1626,454,35,0,2115,116,0,27,0,143,1742,454,62,0,2258,0,0,0,2258
12/23/2000,LAX,CA,AWP,WE,Combined TRACON& Tower with Radar,1449,442,23,2,1916,87,0,0,0,87,1536,442,23,2,2003,0,0,0,2003
12/24/2000,LAX,CA,AWP,WE,Combined TRACON& Tower with Radar,1378,509,30,2,1919,0,42,4,1,47,1378,551,34,3,1966,0,0,0,1966
12/25/2000,LAX,CA,AWP,WE,Combined TRACON& Tower with Radar,1270,423,10,2,1705,49,0,0,2,51,1319,423,10,4,1756,0,0,0,1756
12/26/2000,LAX,CA,AWP,WE,Combined TRACON& Tower with Radar,1498,553,33,2,2086,0,46,11,6,63,1498,599,44,8,2149,0,0,0,2149
12/27/2000,LAX,CA,AWP,WE,Combined TRACON& Tower with Radar,1541,569,34,2,2146,0,47,19,9,75,1541,616,53,11,2221,0,0,0,2221
12/28/2000,LAX,CA,AWP,WE,Combined TRACON& Tower with Radar,1598,590,36,2,2226,0,49,5,2,56,1598,639,41,4,2282,0,0,0,2282
12/29/2000,LAX,CA,AWP,WE,Combined TRACON& Tower with Radar,1644,583,36,2,2265,14,0,9,1,24,1658,583,45,3,2289,0,0,0,2289
12/30/2000,LAX,CA,AWP,WE,Combined TRACON& Tower with Radar,1378,509,30,2,1919,0,42,2,0,44,1378,551,32,2,1963,0,0,0,1963
12/31/2000,LAX,CA,AWP,WE,Combined TRACON& Tower with Radar,1331,491,30,2,1854,0,42,4,0,46,1331,533,34,2,1900,0,0,0,1900
01/01/2001,LAX,CA,AWP,WE,Combined TRACON& Tower with Radar,1374,530,34,1,1939,0,20,6,11,37,1374,550,40,12,1976,0,0,0,1976
01/02/2001,LAX,CA,AWP,WE,Combined TRACON& Tower with Radar,1604,604,39,1,2248,0,0,29,6,35,1604,604,68,7,2283,0,0,0,2283
01/03/2001,LAX,CA,AWP,WE,Combined TRACON& Tower with Radar,1618,598,40,1,2257,11,0,18,6,35,1629,598,58,7,2292,0,0,0,2292
01/04/2001,LAX,CA,AWP,WE,Combined TRACON& Tower with Radar,1601,599,40,1,2241,4,0,28,9,41,1605,599,68,10,2282,0,0,0,2282
01/05/2001,LAX,CA,AWP,WE,Combined TRACON& Tower with Radar,1606,611,40,1,2258,1,5,4,1,11,1607,616,44,2,2269,0,0,0,2269
01/06/2001,LAX,CA,AWP,WE,Combined TRACON& Tower with Radar,1445,469,34,0,1948,64,0,0,0,64,1509,469,34,0,2012,0,0,0,2012
01/07/2001,LAX,CA,AWP,WE,Combined TRACON& Tower with Radar,1471,533,36,1,2041,32,0,0,4,36,1503,533,36,5,2077,0,0,0,2077
01/08/2001,LAX,CA,AWP,WE,Combined TRACON& Tower with Radar,1485,572,35,1,2093,0,22,0,10,32,1485,594,35,11,2125,0,0,0,2125
01/09/2001,LAX,CA,AWP,WE,Combined TRACON& Tower with Radar,1566,594,38,1,2199,2,0,17,10,29,1568,594,55,11,2228,0,0,0,2228
01/10/2001,LAX,CA,AWP,WE,Combined TRACON& Tower with Radar,1450,514,35,2,2001,26,0,28,5,59,1476,514,63,7,2060,0,0,0,2060
01/11/2001,LAX,CA,AWP,WE,Combined TRACON& Tower with Radar,1532,570,37,2,2141,0,0,30,2,32,1532,570,67,4,2173,0,0,0,2173
01/12/2001,LAX,CA,AWP,WE,Combined TRACON& Tower with Radar,1501,504,36,0,2041,67,0,5,0,72,1568,504,41,0,2113,0,0,0,2113
01/13/2001,LAX,CA,AWP,WE,Combined TRACON& Tower with Radar,1461,556,35,2,2054,12,2,2,4,20,1473,558,37,6,2074,0,0,0,2074
01/14/2001,LAX,CA,AWP,WE,Combined TRACON& Tower with Radar,1493,564,32,0,2089,15,0,0,0,15,1508,564,32,0,2104,0,0,0,2104
01/15/2001,LAX,CA,AWP,WE,Combined TRACON& Tower with Radar,1492,574,36,2,2104,0,23,22,2,47,1492,597,58,4,2151,0,0,0,2151
01/16/2001,LAX,CA,AWP,WE,Combined TRACON& Tower with Radar,1529,588,37,2,2156,0,24,19,9,52,1529,612,56,11,2208,0,0,0,2208
01/17/2001,LAX,CA,AWP,WE,Combined TRACON& Tower with Radar,1561,600,38,2,2201,0,24,11,2,37,1561,624,49,4,2238,0,0,0,2238
01/18/2001,LAX,CA,AWP,WE,Combined TRACON& Tower with Radar,1590,608,38,2,2238,0,4,18,6,28,1590,612,56,8,2266,0,0,0,2266
01/19/2001,LAX,CA,AWP,WE,Combined TRACON& Tower with Radar,1567,595,37,2,2201,40,48,9,14,111,1607,643,46,16,2312,0,0,0,2312
01/20/2001,LAX,CA,AWP,WE,Combined TRACON& Tower with Radar,1434,546,27,2,2009,0,11,0,0,11,1434,557,27,2,2020,1,0,1,2021
01/21/2001,LAX,CA,AWP,WE,Combined TRACON& Tower with Radar,1452,554,35,2,2043,0,8,15,10,33,1452,562,50,12,2076,0,0,0,2076
01/22/2001,LAX,CA,AWP,WE,Combined TRACON& Tower with Radar,1543,594,37,2,2176,0,23,13,6,42,1543,617,50,8,2218,0,0,0,2218
01/23/2001,LAX,CA,AWP,WE,Combined TRACON& Tower with Radar,1565,597,38,2,2202,0,16,16,7,39,1565,613,54,9,2241,0,0,0,2241
01/24/2001,LAX,CA,AWP,WE,Combined TRACON& Tower with Radar,1569,592,28,2,2191,17,0,0,5,22,1586,592,28,7,2213,0,0,0,2213
01/25/2001,LAX,CA,AWP,WE,Combined TRACON& Tower with Radar,1564,592,37,2,2195,0,0,26,3,29,1564,592,63,5,2224,0,0,0,2224
01/26/2001,LAX,CA,AWP,WE,Combined TRACON& Tower with Radar,1523,549,37,2,2111,30,0,11,2,43,1553,549,48,4,2154,0,0,0,2154
01/27/2001,LAX,CA,AWP,WE,Combined TRACON& Tower with Radar,1395,537,34,1,1967,0,21,0,1,22,1395,558,34,2,1989,0,0,0,1989
01/28/2001,LAX,CA,AWP,WE,Combined TRACON& Tower with Radar,1478,567,36,1,2082,0,14,7,3,24,1478,581,43,4,2106,0,0,0,2106
01/29/2001,LAX,CA,AWP,WE,Combined TRACON& Tower with Radar,1497,580,37,0,2114,0,10,26,0,36,1497,590,63,0,2150,0,0,0,2150
01/30/2001,LAX,CA,AWP,WE,Combined TRACON& Tower with Radar,1538,593,37,1,2169,0,22,1,1,24,1538,615,38,2,2193,0,0,0,2193
01/31/2001,LAX,CA,AWP,WE,Combined TRACON& Tower with Radar,1582,610,36,1,2229,0,23,0,1,24,1582,633,36,2,2253,0,0,0,2253
02/01/2001,LAX,CA,AWP,WE,Combined TRACON& Tower with Radar,1557,592,41,1,2191,2,0,18,5,25,1559,592,59,6,2216,0,0,0,2216
02/02/2001,LAX,CA,AWP,WE,Combined TRACON& Tower with Radar,1577,604,41,1,2223,0,0,18,2,20,1577,604,59,3,2243,0,0,0,2243
02/03/2001,LAX,CA,AWP,WE,Combined TRACON& Tower with Radar,1420,435,25,1,1881,135,0,0,2,137,1555,435,25,3,2018,0,0,0,2018
02/04/2001,LAX,CA,AWP,WE,Combined TRACON& Tower with Radar,1479,571,28,1,2079,0,22,0,3,25,1479,593,28,4,2104,0,0,0,2104
02/05/2001,LAX,CA,AWP,WE,Combined TRACON& Tower with Radar,1478,579,39,1,2097,0,20,19,5,44,1478,599,58,6,2141,0,0,0,2141
02/06/2001,LAX,CA,AWP,WE,Combined TRACON& Tower with Radar,1551,602,38,1,2192,0,18,0,1,19,1551,620,38,2,2211,0,0,0,2211
02/07/2001,LAX,CA,AWP,WE,Combined TRACON& Tower with Radar,1565,608,41,1,2215,0,18,13,10,41,1565,626,54,11,2256,0,0,0,2256
02/08/2001,LAX,CA,AWP,WE,Combined TRACON& Tower with Radar,1582,594,41,1,2218,2,0,20,16,38,1584,594,61,17,2256,0,0,0,2256
02/09/2001,LAX,CA,AWP,WE,Combined TRACON& Tower with Radar,1541,562,41,1,2145,26,0,18,4,48,1567,562,59,5,2193,0,0,0,2193
02/10/2001,LAX,CA,AWP,WE,Combined TRACON& Tower with Radar,1400,529,36,1,1966,23,0,0,2,25,1423,529,36,3,1991,0,0,0,1991
02/11/2001,LAX,CA,AWP,WE,Combined TRACON& Tower with Radar,1480,566,39,1,2086,0,0,13,5,18,1480,566,52,6,2104,0,0,0,2104
02/12/2001,LAX,CA,AWP,WE,Combined TRACON& Tower with Radar,1461,550,37,0,2048,2,0,13,0,15,1463,550,50,0,2063,0,0,0,2063
02/13/2001,LAX,CA,AWP,WE,Combined TRACON& Tower with Radar,1465,569,37,2,2073,0,17,3,2,22,1465,586,40,4,2095,0,0,0,2095
02/14/2001,LAX,CA,AWP,WE,Combined TRACON& Tower with Radar,1591,616,41,2,2250,0,20,19,2,41,1591,636,60,4,2291,0,0,0,2291
02/15/2001,LAX,CA,AWP,WE,Combined TRACON& Tower with Radar,1581,601,41,2,2225,0,0,24,11,35,1581,601,65,13,2260,0,0,0,2260
02/16/2001,LAX,CA,AWP,WE,Combined TRACON& Tower with Radar,1638,632,42,1,2313,0,0,20,0,20,1638,632,62,1,2333,0,0,0,2333
02/17/2001,LAX,CA,AWP,WE,Combined TRACON& Tower with Radar,1431,558,37,2,2028,0,15,25,2,42,1431,573,62,4,2070,0,0,0,2070
02/18/2001,LAX,CA,AWP,WE,Combined TRACON& Tower with Radar,1452,558,26,2,2038,0,19,0,0,19,1452,577,26,2,2057,0,0,0,2057
02/19/2001,LAX,CA,AWP,WE,Combined TRACON& Tower with Radar,1481,572,38,2,2093,0,9,3,2,14,1481,581,41,4,2107,0,0,0,2107
02/20/2001,LAX,CA,AWP,WE,Combined TRACON& Tower with Radar,1555,602,40,2,2199,0,20,26,7,53,1555,622,66,9,2252,0,0,0,2252
02/21/2001,LAX,CA,AWP,WE,Combined TRACON& Tower with Radar,1571,609,40,2,2222,0,19,36,10,65,1571,628,76,12,2287,0,0,0,2287
02/22/2001,LAX,CA,AWP,WE,Combined TRACON& Tower with Radar,1561,589,40,2,2192,0,0,41,4,45,1561,589,81,6,2237,0,0,0,2237
02/23/2001,LAX,CA,AWP,WE,Combined TRACON& Tower with Radar,1588,600,41,2,2231,3,0,16,3,22,1591,600,57,5,2253,0,0,0,2253
02/24/2001,LAX,CA,AWP,WE,Combined TRACON& Tower with Radar,1381,530,35,2,1948,3,1,4,0,8,1384,531,39,2,1956,0,0,0,1956
02/25/2001,LAX,CA,AWP,WE,Combined TRACON& Tower with Radar,1411,517,36,2,1966,14,0,21,2,37,1425,517,57,4,2003,0,0,0,2003
02/26/2001,LAX,CA,AWP,WE,Combined TRACON& Tower with Radar,1529,594,39,1,2163,0,18,6,6,30,1529,612,45,7,2193,0,0,0,2193
02/27/2001,LAX,CA,AWP,WE,Combined TRACON& Tower with Radar,1551,602,36,1,2190,0,18,0,12,30,1551,620,36,13,2220,0,0,0,2220
02/28/2001,LAX,CA,AWP,WE,Combined TRACON& Tower with Radar,1508,585,39,1,2133,0,18,8,10,36,1508,603,47,11,2169,0,0,0,2169
03/01/2001,LAX,CA,AWP,WE,Combined TRACON& Tower with Radar,1608,608,55,3,2274,0,0,21,0,21,1608,608,76,3,2295,0,0,0,2295
03/02/2001,LAX,CA,AWP,WE,Combined TRACON& Tower with Radar,1576,609,46,2,2233,0,0,0,0,0,1576,609,46,2,2233,0,0,0,2233
03/03/2001,LAX,CA,AWP,WE,Combined TRACON& Tower with Radar,1414,553,35,2,2004,25,19,0,0,44,1439,572,35,2,2048,0,0,0,2048
03/04/2001,LAX,CA,AWP,WE,Combined TRACON& Tower with Radar,1348,527,44,0,1919,32,44,0,0,76,1380,571,44,0,1995,0,0,0,1995
03/05/2001,LAX,CA,AWP,WE,Combined TRACON& Tower with Radar,1408,551,48,3,2010,15,17,6,2,40,1423,568,54,5,2050,0,0,0,2050
03/06/2001,LAX,CA,AWP,WE,Combined TRACON& Tower with Radar,1458,578,51,3,2090,0,5,4,7,16,1458,583,55,10,2106,0,0,0,2106
03/07/2001,LAX,CA,AWP,WE,Combined TRACON& Tower with Radar,1551,612,41,4,2208,0,8,0,6,14,1551,620,41,10,2222,0,0,0,2222
03/08/2001,LAX,CA,AWP,WE,Combined TRACON& Tower with Radar,1581,612,56,4,2253,0,0,0,4,4,1581,612,56,8,2257,0,0,0,2257
03/09/2001,LAX,CA,AWP,WE,Combined TRACON& Tower with Radar,1549,597,45,4,2195,8,0,0,6,14,1557,597,45,10,2209,0,0,0,2209
03/10/2001,LAX,CA,AWP,WE,Combined TRACON& Tower with Radar,1418,552,49,0,2019,0,0,0,0,0,1418,552,49,0,2019,0,0,0,2019
03/11/2001,LAX,CA,AWP,WE,Combined TRACON& Tower with Radar,1472,576,47,3,2098,13,10,0,1,24,1485,586,47,4,2122,0,0,0,2122
03/12/2001,LAX,CA,AWP,WE,Combined TRACON& Tower with Radar,1522,596,34,3,2155,18,9,0,1,28,1540,605,34,4,2183,0,0,0,2183
03/13/2001,LAX,CA,AWP,WE,Combined TRACON& Tower with Radar,1523,596,42,2,2163,3,14,0,0,17,1526,610,42,2,2180,0,0,0,2180
03/14/2001,LAX,CA,AWP,WE,Combined TRACON& Tower with Radar,1567,625,48,5,2245,0,2,0,1,3,1567,627,48,6,2248,0,0,0,2248
03/15/2001,LAX,CA,AWP,WE,Combined TRACON& Tower with Radar,1593,627,37,4,2261,0,10,0,0,10,1593,637,37,4,2271,0,0,0,2271
03/16/2001,LAX,CA,AWP,WE,Combined TRACON& Tower with Radar,1437,570,55,0,2062,0,0,17,0,17,1437,570,72,0,2079,0,0,0,2079
03/17/2001,LAX,CA,AWP,WE,Combined TRACON& Tower with Radar,1420,556,47,0,2023,17,14,4,0,35,1437,570,51,0,2058,0,0,0,2058
03/18/2001,LAX,CA,AWP,WE,Combined TRACON& Tower with Radar,1459,570,47,0,2076,20,12,0,0,32,1479,582,47,0,2108,0,0,0,2108
03/19/2001,LAX,CA,AWP,WE,Combined TRACON& Tower with Radar,1518,601,54,5,2178,0,0,14,6,20,1518,601,68,11,2198,0,0,0,2198
03/20/2001,LAX,CA,AWP,WE,Combined TRACON& Tower with Radar,1489,581,35,2,2107,48,34,0,0,82,1537,615,35,2,2189,0,0,0,2189
03/21/2001,LAX,CA,AWP,WE,Combined TRACON& Tower with Radar,1560,603,53,0,2216,20,0,11,0,31,1580,603,64,0,2247,0,0,0,2247
03/22/2001,LAX,CA,AWP,WE,Combined TRACON& Tower with Radar,1586,609,56,5,2256,0,0,39,1,40,1586,609,95,6,2296,0,0,0,2296
03/23/2001,LAX,CA,AWP,WE,Combined TRACON& Tower with Radar,1593,599,54,0,2246,0,0,4,0,4,1593,599,58,0,2250,0,0,0,2250
03/24/2001,LAX,CA,AWP,WE,Combined TRACON& Tower with Radar,1409,550,48,0,2007,28,5,3,0,36,1437,555,51,0,2043,0,0,0,2043
03/25/2001,LAX,CA,AWP,WE,Combined TRACON& Tower with Radar,1455,566,50,0,2071,44,0,0,0,44,1499,566,50,0,2115,0,0,0,2115
03/26/2001,LAX,CA,AWP,WE,Combined TRACON& Tower with Radar,1597,624,54,0,2275,6,6,7,0,19,1603,630,61,0,2294,0,0,0,2294
03/27/2001,LAX,CA,AWP,WE,Combined TRACON& Tower with Radar,1567,613,49,4,2233,0,14,0,2,16,1567,627,49,6,2249,0,0,0,2249
03/28/2001,LAX,CA,AWP,WE,Combined TRACON& Tower with Radar,1582,630,50,4,2266,0,3,0,4,7,1582,633,50,8,2273,0,0,0,2273
03/29/2001,LAX,CA,AWP,WE,Combined TRACON& Tower with Radar,1602,594,54,4,2254,2,0,2,7,11,1604,594,56,11,2265,0,0,0,2265
03/30/2001,LAX,CA,AWP,WE,Combined TRACON& Tower with Radar,1589,604,50,0,2243,19,0,0,0,19,1608,604,50,0,2262,0,0,0,2262
03/31/2001,LAX,CA,AWP,WE,Combined TRACON& Tower with Radar,1390,544,43,0,1977,33,13,0,0,46,1423,557,43,0,2023,0,0,0,2023
04/01/2001,LAX,CA,AWP,WE,Combined TRACON& Tower with Radar,1490,587,36,1,2114,0,9,0,2,11,1490,596,36,3,2125,0,0,0,2125
04/02/2001,LAX,CA,AWP,WE,Combined TRACON& Tower with Radar,1525,598,39,1,2163,2,2,1,10,15,1527,600,40,11,2178,0,0,0,2178
04/03/2001,LAX,CA,AWP,WE,Combined TRACON& Tower with Radar,1532,603,39,1,2175,0,10,7,7,24,1532,613,46,8,2199,0,0,0,2199
04/04/2001,LAX,CA,AWP,WE,Combined TRACON& Tower with Radar,1539,606,39,1,2185,0,10,8,8,26,1539,616,47,9,2211,0,0,0,2211
04/05/2001,LAX,CA,AWP,WE,Combined TRACON& Tower with Radar,1573,619,35,1,2228,0,10,0,10,20,1573,629,35,11,2248,0,0,0,2248
04/06/2001,LAX,CA,AWP,WE,Combined TRACON& Tower with Radar,1580,606,39,1,2226,4,0,18,10,32,1584,606,57,11,2258,0,0,0,2258
04/07/2001,LAX,CA,AWP,WE,Combined TRACON& Tower with Radar,1413,556,32,2,2003,0,9,0,0,9,1413,565,32,2,2012,0,0,0,2012
04/08/2001,LAX,CA,AWP,WE,Combined TRACON& Tower with Radar,1454,573,35,2,2064,0,9,7,0,16,1454,582,42,2,2080,0,0,0,2080
04/09/2001,LAX,CA,AWP,WE,Combined TRACON& Tower with Radar,1508,596,37,2,2143,0,11,3,11,25,1508,607,40,13,2168,0,0,0,2168
04/10/2001,LAX,CA,AWP,WE,Combined TRACON& Tower with Radar,1534,604,38,2,2178,0,9,14,3,26,1534,613,52,5,2204,0,0,0,2204
04/11/2001,LAX,CA,AWP,WE,Combined TRACON& Tower with Radar,1525,601,37,2,2165,0,9,18,6,33,1525,610,55,8,2198,0,0,0,2198
04/12/2001,LAX,CA,AWP,WE,Combined TRACON& Tower with Radar,1594,620,39,2,2255,0,0,21,2,23,1594,620,60,4,2278,0,0,0,2278
04/13/2001,LAX,CA,AWP,WE,Combined TRACON& Tower with Radar,1588,612,39,2,2241,23,0,4,1,28,1611,612,43,3,2269,0,0,0,2269
04/14/2001,LAX,CA,AWP,WE,Combined TRACON& Tower with Radar,1393,545,27,0,1965,0,14,0,0,14,1393,559,27,0,1979,0,0,0,1979
04/15/2001,LAX,CA,AWP,WE,Combined TRACON& Tower with Radar,1455,569,36,2,2062,2,13,12,2,29,1457,582,48,4,2091,0,0,0,2091
04/16/2001,LAX,CA,AWP,WE,Combined TRACON& Tower with Radar,1526,601,38,2,2167,0,14,44,3,61,1526,615,82,5,2228,0,0,0,2228
04/17/2001,LAX,CA,AWP,WE,Combined TRACON& Tower with Radar,1539,605,38,2,2184,0,10,0,0,10,1539,615,38,2,2194,0,0,0,2194
04/18/2001,LAX,CA,AWP,WE,Combined TRACON& Tower with Radar,1541,606,38,2,2187,0,10,12,4,26,1541,616,50,6,2213,0,0,0,2213
04/19/2001,LAX,CA,AWP,WE,Combined TRACON& Tower with Radar,1576,596,38,2,2212,8,0,17,3,28,1584,596,55,5,2240,0,0,0,2240
04/20/2001,LAX,CA,AWP,WE,Combined TRACON& Tower with Radar,1576,598,39,1,2214,6,0,26,0,32,1582,598,65,1,2246,0,0,0,2246
04/21/2001,LAX,CA,AWP,WE,Combined TRACON& Tower with Radar,1423,557,33,2,2015,18,5,0,0,23,1441,562,33,2,2038,0,0,0,2038
04/22/2001,LAX,CA,AWP,WE,Combined TRACON& Tower with Radar,1478,581,36,2,2097,0,10,9,0,19,1478,591,45,2,2116,0,0,0,2116
04/23/2001,LAX,CA,AWP,WE,Combined TRACON& Tower with Radar,1548,599,38,2,2187,0,0,19,6,25,1548,599,57,8,2212,0,0,0,2212
04/24/2001,LAX,CA,AWP,WE,Combined TRACON& Tower with Radar,1564,612,39,2,2217,0,1,9,0,10,1564,613,48,2,2227,0,0,0,2227
04/25/2001,LAX,CA,AWP,WE,Combined TRACON& Tower with Radar,1557,585,38,0,2180,10,0,14,0,24,1567,585,52,0,2204,0,0,0,2204
04/26/2001,LAX,CA,AWP,WE,Combined TRACON& Tower with Radar,1573,607,38,2,2220,0,0,14,5,19,1573,607,52,7,2239,0,0,0,2239
04/27/2001,LAX,CA,AWP,WE,Combined TRACON& Tower with Radar,1574,595,38,1,2208,14,0,13,0,27,1588,595,51,1,2235,0,0,0,2235
04/28/2001,LAX,CA,AWP,WE,Combined TRACON& Tower with Radar,1419,549,35,1,2004,3,0,8,0,11,1422,549,43,1,2015,0,0,0,2015
04/29/2001,LAX,CA,AWP,WE,Combined TRACON& Tower with Radar,1478,570,36,2,2086,3,0,31,1,35,1481,570,67,3,2121,0,0,0,2121
04/30/2001,LAX,CA,AWP,WE,Combined TRACON& Tower with Radar,1574,612,38,1,2225,0,0,22,7,29,1574,612,60,8,2254,0,0,0,2254
05/01/2001,LAX,CA,AWP,WE,Combined TRACON& Tower with Radar,1489,575,41,1,2106,0,20,4,3,27,1489,595,45,4,2133,0,0,0,2133
05/02/2001,LAX,CA,AWP,WE,Combined TRACON& Tower with Radar,1573,594,42,1,2210,14,0,6,8,28,1587,594,48,9,2238,0,0,0,2238
05/03/2001,LAX,CA,AWP,WE,Combined TRACON& Tower with Radar,1606,605,43,1,2255,12,0,29,10,51,1618,605,72,11,2306,0,0,0,2306
05/04/2001,LAX,CA,AWP,WE,Combined TRACON& Tower with Radar,1570,584,42,1,2197,23,0,2,1,26,1593,584,44,2,2223,0,0,0,2223
05/05/2001,LAX,CA,AWP,WE,Combined TRACON& Tower with Radar,1417,544,8,0,1969,0,25,0,0,25,1417,569,8,0,1994,0,0,0,1994
05/06/2001,LAX,CA,AWP,WE,Combined TRACON& Tower with Radar,1502,577,41,0,2120,0,19,2,0,21,1502,596,43,0,2141,0,0,0,2141
05/07/2001,LAX,CA,AWP,WE,Combined TRACON& Tower with Radar,1531,590,42,1,2164,0,19,11,3,33,1531,609,53,4,2197,0,0,0,2197
05/08/2001,LAX,CA,AWP,WE,Combined TRACON& Tower with Radar,1548,598,40,1,2187,0,21,0,3,24,1548,619,40,4,2211,0,0,0,2211
05/09/2001,LAX,CA,AWP,WE,Combined TRACON& Tower with Radar,1572,607,43,1,2223,0,22,8,3,33,1572,629,51,4,2256,0,0,0,2256
05/10/2001,LAX,CA,AWP,WE,Combined TRACON& Tower with Radar,1610,606,40,1,2257,13,0,0,3,16,1623,606,40,4,2273,0,0,0,2273
05/11/2001,LAX,CA,AWP,WE,Combined TRACON& Tower with Radar,1612,599,43,1,2255,6,0,15,0,21,1618,599,58,1,2276,0,0,0,2276
05/12/2001,LAX,CA,AWP,WE,Combined TRACON& Tower with Radar,1462,557,40,1,2060,0,0,17,0,17,1462,557,57,1,2077,0,0,0,2077
05/13/2001,LAX,CA,AWP,WE,Combined TRACON& Tower with Radar,1502,576,41,1,2120,0,13,5,3,21,1502,589,46,4,2141,0,0,0,2141
05/14/2001,LAX,CA,AWP,WE,Combined TRACON& Tower with Radar,1527,590,42,1,2160,0,21,8,4,33,1527,611,50,5,2193,0,0,0,2193
05/15/2001,LAX,CA,AWP,WE,Combined TRACON& Tower with Radar,1550,599,37,1,2187,0,21,0,5,26,1550,620,37,6,2213,0,0,0,2213
05/16/2001,LAX,CA,AWP,WE,Combined TRACON& Tower with Radar,1607,579,42,2,2230,23,0,28,17,68,1630,579,70,19,2298,0,0,0,2298
05/17/2001,LAX,CA,AWP,WE,Combined TRACON& Tower with Radar,1622,619,43,2,2286,0,0,31,4,35,1622,619,74,6,2321,0,0,0,2321
05/18/2001,LAX,CA,AWP,WE,Combined TRACON& Tower with Radar,1602,592,42,2,2238,12,0,44,5,61,1614,592,86,7,2299,0,0,0,2299
05/19/2001,LAX,CA,AWP,WE,Combined TRACON& Tower with Radar,1419,543,37,1,2000,4,1,10,0,15,1423,544,47,1,2015,0,0,0,2015
05/20/2001,LAX,CA,AWP,WE,Combined TRACON& Tower with Radar,1511,560,40,0,2111,5,0,25,0,30,1516,560,65,0,2141,0,0,0,2141
05/21/2001,LAX,CA,AWP,WE,Combined TRACON& Tower with Radar,1554,597,41,2,2194,0,0,16,7,23,1554,597,57,9,2217,0,0,0,2217
05/22/2001,LAX,CA,AWP,WE,Combined TRACON& Tower with Radar,1553,599,36,2,2190,0,22,0,7,29,1553,621,36,9,2219,0,0,0,2219
05/23/2001,LAX,CA,AWP,WE,Combined TRACON& Tower with Radar,1550,599,34,1,2184,0,21,0,1,22,1550,620,34,2,2206,0,0,0,2206
05/24/2001,LAX,CA,AWP,WE,Combined TRACON& Tower with Radar,1609,572,42,1,2224,23,0,23,4,50,1632,572,65,5,2274,0,0,0,2274
05/25/2001,LAX,CA,AWP,WE,Combined TRACON& Tower with Radar,1617,593,43,0,2253,0,0,39,0,39,1617,593,82,0,2292,0,0,0,2292
05/26/2001,LAX,CA,AWP,WE,Combined TRACON& Tower with Radar,1379,528,33,0,1940,4,3,0,0,7,1383,531,33,0,1947,0,0,0,1947
05/27/2001,LAX,CA,AWP,WE,Combined TRACON& Tower with Radar,1360,520,17,1,1898,11,7,0,2,20,1371,527,17,3,1918,0,0,0,1918
05/28/2001,LAX,CA,AWP,WE,Combined TRACON& Tower with Radar,1475,571,39,1,2086,0,17,25,7,49,1475,588,64,8,2135,0,0,0,2135
05/29/2001,LAX,CA,AWP,WE,Combined TRACON& Tower with Radar,1566,605,36,1,2208,0,21,0,3,24,1566,626,36,4,2232,0,0,0,2232
05/30/2001,LAX,CA,AWP,WE,Combined TRACON& Tower with Radar,1619,603,43,1,2266,0,0,31,3,34,1619,603,74,4,2300,0,0,0,2300
05/31/2001,LAX,CA,AWP,WE,Combined TRACON& Tower with Radar,1556,552,41,1,2150,34,0,16,0,50,1590,552,57,1,2200,0,0,0,2200
06/01/2001,LAX,CA,AWP,WE,Combined TRACON& Tower with Radar,1589,562,39,1,2191,0,0,8,2,10,1589,562,47,3,2201,0,0,0,2201
06/02/2001,LAX,CA,AWP,WE,Combined TRACON& Tower with Radar,1416,510,19,0,1945,15,0,0,2,17,1431,510,19,2,1962,0,0,0,1962
06/03/2001,LAX,CA,AWP,WE,Combined TRACON& Tower with Radar,1528,565,38,1,2132,0,27,3,0,30,1528,592,41,1,2162,0,0,0,2162
06/04/2001,LAX,CA,AWP,WE,Combined TRACON& Tower with Radar,1587,584,39,1,2211,0,15,15,0,30,1587,599,54,1,2241,0,0,0,2241
06/05/2001,LAX,CA,AWP,WE,Combined TRACON& Tower with Radar,1576,588,40,1,2205,0,42,16,5,63,1576,630,56,6,2268,0,0,0,2268
06/06/2001,LAX,CA,AWP,WE,Combined TRACON& Tower with Radar,1581,589,40,1,2211,0,43,7,5,55,1581,632,47,6,2266,0,0,0,2266
06/07/2001,LAX,CA,AWP,WE,Combined TRACON& Tower with Radar,1620,562,40,1,2223,10,0,28,7,45,1630,562,68,8,2268,0,0,0,2268
06/08/2001,LAX,CA,AWP,WE,Combined TRACON& Tower with Radar,1602,547,39,1,2189,6,0,35,7,48,1608,547,74,8,2237,0,0,0,2237
06/09/2001,LAX,CA,AWP,WE,Combined TRACON& Tower with Radar,1425,497,36,0,1958,20,0,5,1,26,1445,497,41,1,1984,0,0,0,1984
06/10/2001,LAX,CA,AWP,WE,Combined TRACON& Tower with Radar,1520,540,23,1,2084,31,0,0,1,32,1551,540,23,2,2116,0,0,0,2116
06/11/2001,LAX,CA,AWP,WE,Combined TRACON& Tower with Radar,1561,565,38,1,2165,0,0,33,3,36,1561,565,71,4,2201,0,0,0,2201
06/12/2001,LAX,CA,AWP,WE,Combined TRACON& Tower with Radar,1527,569,39,1,2136,0,42,7,1,50,1527,611,46,2,2186,0,0,0,2186
06/13/2001,LAX,CA,AWP,WE,Combined TRACON& Tower with Radar,1557,581,39,1,2178,0,42,6,8,56,1557,623,45,9,2234,0,0,0,2234
06/14/2001,LAX,CA,AWP,WE,Combined TRACON& Tower with Radar,1604,573,39,1,2217,2,0,23,3,28,1606,573,62,4,2245,0,0,0,2245
06/15/2001,LAX,CA,AWP,WE,Combined TRACON& Tower with Radar,1610,546,40,0,2196,38,0,22,0,60,1648,546,62,0,2256,0,0,0,2256
06/16/2001,LAX,CA,AWP,WE,Combined TRACON& Tower with Radar,1468,523,35,1,2027,15,0,10,0,25,1483,523,45,1,2052,0,0,0,2052
06/17/2001,LAX,CA,AWP,WE,Combined TRACON& Tower with Radar,1513,526,36,2,2077,28,0,2,0,30,1541,526,38,2,2107,0,0,0,2107
06/18/2001,LAX,CA,AWP,WE,Combined TRACON& Tower with Radar,1596,558,38,2,2194,7,0,43,2,52,1603,558,81,4,2246,0,0,0,2246
06/19/2001,LAX,CA,AWP,WE,Combined TRACON& Tower with Radar,1540,574,38,2,2154,0,42,20,0,62,1540,616,58,2,2216,0,0,0,2216
06/20/2001,LAX,CA,AWP,WE,Combined TRACON& Tower with Radar,1567,584,39,2,2192,0,43,24,0,67,1567,627,63,2,2259,0,0,0,2259
06/21/2001,LAX,CA,AWP,WE,Combined TRACON& Tower with Radar,1613,581,39,1,2234,6,0,13,0,19,1619,581,52,1,2253,0,0,0,2253
06/22/2001,LAX,CA,AWP,WE,Combined TRACON& Tower with Radar,1605,572,38,1,2216,12,0,12,2,26,1617,572,50,3,2242,0,0,0,2242
06/23/2001,LAX,CA,AWP,WE,Combined TRACON& Tower with Radar,1471,530,25,0,2026,19,0,0,0,19,1490,530,25,0,2045,0,0,0,2045
06/24/2001,LAX,CA,AWP,WE,Combined TRACON& Tower with Radar,1557,549,37,0,2143,30,0,1,0,31,1587,549,38,0,2174,0,0,0,2174
06/25/2001,LAX,CA,AWP,WE,Combined TRACON& Tower with Radar,1590,581,38,1,2210,0,3,20,6,29,1590,584,58,7,2239,0,0,0,2239
06/26/2001,LAX,CA,AWP,WE,Combined TRACON& Tower with Radar,1572,586,39,1,2198,0,43,28,5,76,1572,629,67,6,2274,0,0,0,2274
06/27/2001,LAX,CA,AWP,WE,Combined TRACON& Tower with Radar,1621,589,39,1,2250,0,0,10,1,11,1621,589,49,2,2261,0,0,0,2261
06/28/2001,LAX,CA,AWP,WE,Combined TRACON& Tower with Radar,1626,572,39,1,2238,19,0,51,4,74,1645,572,90,5,2312,0,0,0,2312
06/29/2001,LAX,CA,AWP,WE,Combined TRACON& Tower with Radar,1628,573,39,1,2241,14,0,29,3,46,1642,573,68,4,2287,0,0,0,2287
06/30/2001,LAX,CA,AWP,WE,Combined TRACON& Tower with Radar,1471,508,26,1,2006,37,0,0,1,38,1508,508,26,2,2044,0,0,0,2044
07/01/2001,LAX,CA,AWP,WE,Combined TRACON& Tower with Radar,1524,538,23,1,2086,29,0,0,5,34,1553,538,23,6,2120,0,0,0,2120
07/02/2001,LAX,CA,AWP,WE,Combined TRACON& Tower with Radar,1595,573,27,1,2196,10,9,0,9,28,1605,582,27,10,2224,0,0,0,2224
07/03/2001,LAX,CA,AWP,WE,Combined TRACON& Tower with Radar,1524,563,35,1,2123,0,47,11,14,72,1524,610,46,15,2195,0,0,0,2195
07/04/2001,LAX,CA,AWP,WE,Combined TRACON& Tower with Radar,1421,503,21,1,1946,30,0,0,1,31,1451,503,21,2,1977,0,0,0,1977
07/05/2001,LAX,CA,AWP,WE,Combined TRACON& Tower with Radar,1569,556,26,1,2152,18,0,0,3,21,1587,556,26,4,2173,0,0,0,2173
07/06/2001,LAX,CA,AWP,WE,Combined TRACON& Tower with Radar,1573,492,26,0,2091,88,0,0,0,88,1661,492,26,0,2179,0,0,0,2179
07/07/2001,LAX,CA,AWP,WE,Combined TRACON& Tower with Radar,1495,524,31,0,2050,17,0,0,0,17,1512,524,31,0,2067,0,0,0,2067
07/08/2001,LAX,CA,AWP,WE,Combined TRACON& Tower with Radar,1549,533,34,1,2117,33,0,0,0,33,1582,533,34,1,2150,0,0,0,2150
07/09/2001,LAX,CA,AWP,WE,Combined TRACON& Tower with Radar,1580,572,35,1,2188,0,0,14,14,28,1580,572,49,15,2216,0,0,0,2216
07/10/2001,LAX,CA,AWP,WE,Combined TRACON& Tower with Radar,1539,569,35,1,2144,0,46,12,3,61,1539,615,47,4,2205,0,0,0,2205
07/11/2001,LAX,CA,AWP,WE,Combined TRACON& Tower with Radar,1561,577,35,1,2174,0,47,10,3,60,1561,624,45,4,2234,0,0,0,2234
07/12/2001,LAX,CA,AWP,WE,Combined TRACON& Tower with Radar,1543,571,35,1,2150,0,46,25,1,72,1543,617,60,2,2222,0,0,0,2222
07/13/2001,LAX,CA,AWP,WE,Combined TRACON& Tower with Radar,1644,566,36,1,2247,7,0,33,3,43,1651,566,69,4,2290,0,0,0,2290
07/14/2001,LAX,CA,AWP,WE,Combined TRACON& Tower with Radar,1481,504,33,1,2019,19,0,28,0,47,1500,504,61,1,2066,0,0,0,2066
07/15/2001,LAX,CA,AWP,WE,Combined TRACON& Tower with Radar,1559,525,34,1,2119,21,0,16,1,38,1580,525,50,2,2157,0,0,0,2157
07/16/2001,LAX,CA,AWP,WE,Combined TRACON& Tower with Radar,1553,544,33,2,2132,16,0,14,8,38,1569,544,47,10,2170,0,0,0,2170
07/17/2001,LAX,CA,AWP,WE,Combined TRACON& Tower with Radar,1578,553,34,2,2167,9,0,36,16,61,1587,553,70,18,2228,0,0,0,2228
07/18/2001,LAX,CA,AWP,WE,Combined TRACON& Tower with Radar,1644,586,35,2,2267,0,0,13,11,24,1644,586,48,13,2291,0,0,0,2291
07/19/2001,LAX,CA,AWP,WE,Combined TRACON& Tower with Radar,1593,588,35,2,2218,0,49,33,7,89,1593,637,68,9,2307,0,0,0,2307
07/20/2001,LAX,CA,AWP,WE,Combined TRACON& Tower with Radar,1633,550,35,2,2220,19,0,39,7,65,1652,550,74,9,2285,0,0,0,2285
07/21/2001,LAX,CA,AWP,WE,Combined TRACON& Tower with Radar,1462,494,31,2,1989,33,0,23,15,71,1495,494,54,17,2060,0,0,0,2060
07/22/2001,LAX,CA,AWP,WE,Combined TRACON& Tower with Radar,1563,550,33,2,2148,16,0,18,2,36,1579,550,51,4,2184,0,0,0,2184
07/23/2001,LAX,CA,AWP,WE,Combined TRACON& Tower with Radar,1576,565,34,2,2177,0,0,33,2,35,1576,565,67,4,2212,0,0,0,2212
07/24/2001,LAX,CA,AWP,WE,Combined TRACON& Tower with Radar,1536,571,34,1,2142,0,44,23,13,80,1536,615,57,14,2222,0,0,0,2222
07/25/2001,LAX,CA,AWP,WE,Combined TRACON& Tower with Radar,1580,552,34,1,2167,10,0,16,4,30,1590,552,50,5,2197,0,0,0,2197
07/26/2001,LAX,CA,AWP,WE,Combined TRACON& Tower with Radar,1574,582,35,1,2192,0,47,19,8,74,1574,629,54,9,2266,0,0,0,2266
07/27/2001,LAX,CA,AWP,WE,Combined TRACON& Tower with Radar,1661,564,36,1,2262,30,0,33,3,66,1691,564,69,4,2328,0,0,0,2328
07/28/2001,LAX,CA,AWP,WE,Combined TRACON& Tower with Radar,1496,491,32,1,2020,35,0,11,1,47,1531,491,43,2,2067,0,0,0,2067
07/29/2001,LAX,CA,AWP,WE,Combined TRACON& Tower with Radar,1511,559,33,1,2104,0,45,12,12,69,1511,604,45,13,2173,0,0,0,2173
07/30/2001,LAX,CA,AWP,WE,Combined TRACON& Tower with Radar,1556,543,33,1,2133,1,0,49,23,73,1557,543,82,24,2206,0,0,0,2206
07/31/2001,LAX,CA,AWP,WE,Combined TRACON& Tower with Radar,1553,574,34,1,2162,0,47,9,10,66,1553,621,43,11,2228,0,0,0,2228
08/01/2001,LAX,CA,AWP,WE,Combined TRACON& Tower with Radar,1616,556,36,1,2209,10,0,15,3,28,1626,556,51,4,2237,0,0,0,2237
08/02/2001,LAX,CA,AWP,WE,Combined TRACON& Tower with Radar,1551,570,36,1,2158,0,50,1,5,56,1551,620,37,6,2214,0,0,0,2214
08/03/2001,LAX,CA,AWP,WE,Combined TRACON& Tower with Radar,1575,521,35,1,2132,15,0,25,1,41,1590,521,60,2,2173,0,0,0,2173
08/04/2001,LAX,CA,AWP,WE,Combined TRACON& Tower with Radar,1495,491,34,1,2021,51,0,3,1,55,1546,491,37,2,2076,0,0,0,2076
08/05/2001,LAX,CA,AWP,WE,Combined TRACON& Tower with Radar,1578,538,35,1,2152,23,0,20,2,45,1601,538,55,3,2197,0,0,0,2197
08/06/2001,LAX,CA,AWP,WE,Combined TRACON& Tower with Radar,1592,558,36,1,2187,3,0,17,7,27,1595,558,53,8,2214,0,0,0,2214
08/07/2001,LAX,CA,AWP,WE,Combined TRACON& Tower with Radar,1583,582,37,1,2203,0,51,5,1,57,1583,633,42,2,2260,0,0,0,2260
08/08/2001,LAX,CA,AWP,WE,Combined TRACON& Tower with Radar,1573,579,35,1,2188,0,50,0,1,51,1573,629,35,2,2239,0,0,0,2239
08/09/2001,LAX,CA,AWP,WE,Combined TRACON& Tower with Radar,1543,567,36,1,2147,0,50,5,9,64,1543,617,41,10,2211,0,0,0,2211
08/10/2001,LAX,CA,AWP,WE,Combined TRACON& Tower with Radar,1627,552,36,1,2216,29,0,24,3,56,1656,552,60,4,2272,0,0,0,2272
08/11/2001,LAX,CA,AWP,WE,Combined TRACON& Tower with Radar,1531,524,29,0,2084,36,0,0,0,36,1567,524,29,0,2120,0,0,0,2120
08/12/2001,LAX,CA,AWP,WE,Combined TRACON& Tower with Radar,1560,544,34,1,2139,13,0,13,0,26,1573,544,47,1,2165,0,0,0,2165
08/13/2001,LAX,CA,AWP,WE,Combined TRACON& Tower with Radar,1595,564,35,2,2196,9,0,3,1,13,1604,564,38,3,2209,0,0,0,2209
08/14/2001,LAX,CA,AWP,WE,Combined TRACON& Tower with Radar,1546,568,35,2,2151,0,50,13,2,65,1546,618,48,4,2216,0,0,0,2216
08/15/2001,LAX,CA,AWP,WE,Combined TRACON& Tower with Radar,1624,558,35,2,2219,24,0,14,3,41,1648,558,49,5,2260,0,0,0,2260
08/16/2001,LAX,CA,AWP,WE,Combined TRACON& Tower with Radar,1577,580,36,2,2195,0,51,7,0,58,1577,631,43,2,2253,0,0,0,2253
08/17/2001,LAX,CA,AWP,WE,Combined TRACON& Tower with Radar,1622,536,35,2,2195,42,0,15,4,61,1664,536,50,6,2256,0,0,0,2256
08/18/2001,LAX,CA,AWP,WE,Combined TRACON& Tower with Radar,1492,503,33,0,2028,31,0,10,0,41,1523,503,43,0,2069,0,0,0,2069
08/19/2001,LAX,CA,AWP,WE,Combined TRACON& Tower with Radar,1561,549,34,2,2146,28,0,0,3,31,1589,549,34,5,2177,0,0,0,2177
08/20/2001,LAX,CA,AWP,WE,Combined TRACON& Tower with Radar,1607,559,35,2,2203,6,0,22,1,29,1613,559,57,3,2232,0,0,0,2232
08/21/2001,LAX,CA,AWP,WE,Combined TRACON& Tower with Radar,1554,571,35,2,2162,0,51,10,8,69,1554,622,45,10,2231,0,0,0,2231
08/22/2001,LAX,CA,AWP,WE,Combined TRACON& Tower with Radar,1596,554,35,2,2187,3,0,18,2,23,1599,554,53,4,2210,0,0,0,2210
08/23/2001,LAX,CA,AWP,WE,Combined TRACON& Tower with Radar,1569,577,35,2,2183,0,51,16,9,76,1569,628,51,11,2259,0,0,0,2259
08/24/2001,LAX,CA,AWP,WE,Combined TRACON& Tower with Radar,1634,550,36,2,2222,38,0,16,5,59,1672,550,52,7,2281,0,0,0,2281
08/25/2001,LAX,CA,AWP,WE,Combined TRACON& Tower with Radar,1469,534,33,2,2038,0,35,10,0,45,1469,569,43,2,2083,0,0,0,2083
08/26/2001,LAX,CA,AWP,WE,Combined TRACON& Tower with Radar,1539,517,33,2,2091,31,0,2,1,34,1570,517,35,3,2125,0,0,0,2125
08/27/2001,LAX,CA,AWP,WE,Combined TRACON& Tower with Radar,1598,550,35,2,2185,4,0,22,5,31,1602,550,57,7,2216,0,0,0,2216
08/28/2001,LAX,CA,AWP,WE,Combined TRACON& Tower with Radar,1542,566,35,2,2145,0,51,31,5,87,1542,617,66,7,2232,0,0,0,2232
08/29/2001,LAX,CA,AWP,WE,Combined TRACON& Tower with Radar,1591,537,35,1,2164,37,0,4,4,45,1628,537,39,5,2209,0,0,0,2209
08/30/2001,LAX,CA,AWP,WE,Combined TRACON& Tower with Radar,1613,552,35,1,2201,24,0,6,9,39,1637,552,41,10,2240,0,0,0,2240
08/31/2001,LAX,CA,AWP,WE,Combined TRACON& Tower with Radar,1608,550,35,1,2194,24,0,13,6,43,1632,550,48,7,2237,0,0,0,2237
09/01/2001,LAX,CA,AWP,WE,Combined TRACON& Tower with Radar,1419,493,28,0,1940,38,0,0,0,38,1457,493,28,0,1978,0,0,0,1978
09/02/2001,LAX,CA,AWP,WE,Combined TRACON& Tower with Radar,1363,475,29,2,1869,33,0,11,3,47,1396,475,40,5,1916,0,0,0,1916
09/03/2001,LAX,CA,AWP,WE,Combined TRACON& Tower with Radar,1513,523,33,2,2071,15,0,40,1,56,1528,523,73,3,2127,0,0,0,2127
09/04/2001,LAX,CA,AWP,WE,Combined TRACON& Tower with Radar,1489,557,32,2,2080,0,38,2,0,40,1489,595,34,2,2120,0,0,0,2120
09/05/2001,LAX,CA,AWP,WE,Combined TRACON& Tower with Radar,1317,481,27,3,1828,306,106,21,27,460,1623,587,48,30,2288,0,0,0,2288
09/06/2001,LAX,CA,AWP,WE,Combined TRACON& Tower with Radar,1546,579,33,3,2161,0,39,8,6,53,1546,618,41,9,2214,0,0,0,2214
09/07/2001,LAX,CA,AWP,WE,Combined TRACON& Tower with Radar,1488,519,29,0,2036,0,0,0,0,0,1488,519,29,0,2036,0,0,0,2036
09/08/2001,LAX,CA,AWP,WE,Combined TRACON& Tower with Radar,1458,519,29,0,2006,30,0,0,0,30,1488,519,29,0,2036,0,0,0,2036
09/09/2001,LAX,CA,AWP,WE,Combined TRACON& Tower with Radar,1510,544,31,1,2086,8,0,1,0,9,1518,544,32,1,2095,0,0,0,2095
09/10/2001,LAX,CA,AWP,WE,Combined TRACON& Tower with Radar,1542,557,33,3,2135,0,0,27,15,42,1542,557,60,18,2177,0,0,0,2177
09/11/2001,LAX,CA,AWP,WE,Combined TRACON& Tower with Radar,3,0,0,0,3,0,0,0,0,0,3,0,0,0,3,0,0,0,3
09/12/2001,LAX,CA,AWP,WE,Combined TRACON& Tower with Radar,3,0,0,0,3,0,0,0,0,0,3,0,0,0,3,0,0,0,3
09/13/2001,LAX,CA,AWP,WE,Combined TRACON& Tower with Radar,245,31,5,1,282,51,0,7,4,62,296,31,12,5,344,0,0,0,344
09/14/2001,LAX,CA,AWP,WE,Combined TRACON& Tower with Radar,855,311,18,2,1186,36,159,13,0,208,891,470,31,2,1394,0,0,0,1394
09/15/2001,LAX,CA,AWP,WE,Combined TRACON& Tower with Radar,891,365,21,2,1279,0,105,10,0,115,891,470,31,2,1394,0,0,0,1394
09/16/2001,LAX,CA,AWP,WE,Combined TRACON& Tower with Radar,1086,421,23,3,1533,0,74,0,1,75,1086,495,23,4,1608,0,0,0,1608
09/17/2001,LAX,CA,AWP,WE,Combined TRACON& Tower with Radar,1195,459,21,3,1678,0,77,0,2,79,1195,536,21,5,1757,0,0,0,1757
09/18/2001,LAX,CA,AWP,WE,Combined TRACON& Tower with Radar,1347,490,28,3,1868,3,2,0,5,10,1350,492,28,8,1878,0,0,0,1878
09/19/2001,LAX,CA,AWP,WE,Combined TRACON& Tower with Radar,1371,474,26,3,1874,27,0,0,9,36,1398,474,26,12,1910,0,0,0,1910
09/20/2001,LAX,CA,AWP,WE,Combined TRACON& Tower with Radar,1362,493,28,2,1885,3,0,5,4,12,1365,493,33,6,1897,0,0,0,1897
09/21/2001,LAX,CA,AWP,WE,Combined TRACON& Tower with Radar,1356,472,28,2,1858,9,0,6,14,29,1365,472,34,16,1887,0,0,0,1887
09/22/2001,LAX,CA,AWP,WE,Combined TRACON& Tower with Radar,1204,444,25,1,1674,0,13,8,0,21,1204,457,33,1,1695,0,0,0,1695
09/23/2001,LAX,CA,AWP,WE,Combined TRACON& Tower with Radar,1304,479,27,2,1812,0,9,10,4,23,1304,488,37,6,1835,0,0,0,1835
09/24/2001,LAX,CA,AWP,WE,Combined TRACON& Tower with Radar,1375,476,28,2,1881,25,0,10,49,84,1400,476,38,51,1965,0,0,0,1965
09/25/2001,LAX,CA,AWP,WE,Combined TRACON& Tower with Radar,1374,498,29,2,1903,3,0,4,8,15,1377,498,33,10,1918,0,0,0,1918
09/26/2001,LAX,CA,AWP,WE,Combined TRACON& Tower with Radar,1371,500,29,2,1902,2,0,0,6,8,1373,500,29,8,1910,0,0,0,1910
09/27/2001,LAX,CA,AWP,WE,Combined TRACON& Tower with Radar,1378,499,28,2,1907,3,0,1,9,13,1381,499,29,11,1920,0,0,0,1920
09/28/2001,LAX,CA,AWP,WE,Combined TRACON& Tower with Radar,1235,407,7,2,1651,0,0,0,0,0,1235,407,7,2,1651,0,0,0,1651
09/29/2001,LAX,CA,AWP,WE,Combined TRACON& Tower with Radar,1223,418,7,2,1650,48,0,0,0,48,1271,418,7,2,1698,0,0,0,1698
09/30/2001,LAX,CA,AWP,WE,Combined TRACON& Tower with Radar,1291,471,23,2,1787,9,1,0,2,12,1300,472,23,4,1799,0,0,0,1799
10/01/2001,LAX,CA,AWP,WE,Combined TRACON& Tower with Radar,1312,465,27,2,1806,0,9,0,6,15,1312,474,27,8,1821,0,0,0,1821
10/02/2001,LAX,CA,AWP,WE,Combined TRACON& Tower with Radar,1332,472,28,2,1834,0,9,0,10,19,1332,481,28,12,1853,0,0,0,1853
10/03/2001,LAX,CA,AWP,WE,Combined TRACON& Tower with Radar,1303,446,33,2,1784,10,0,6,6,22,1313,446,39,8,1806,0,0,0,1806
10/04/2001,LAX,CA,AWP,WE,Combined TRACON& Tower with Radar,1327,466,34,2,1829,0,0,16,11,27,1327,466,50,13,1856,0,0,0,1856
10/05/2001,LAX,CA,AWP,WE,Combined TRACON& Tower with Radar,1338,461,34,2,1835,0,0,0,21,21,1338,461,34,23,1856,0,0,0,1856
10/06/2001,LAX,CA,AWP,WE,Combined TRACON& Tower with Radar,1219,431,21,0,1671,20,67,0,0,87,1239,498,21,0,1758,0,0,0,1758
10/07/2001,LAX,CA,AWP,WE,Combined TRACON& Tower with Radar,1277,443,31,2,1753,11,0,0,4,15,1288,443,31,6,1768,0,0,0,1768
10/08/2001,LAX,CA,AWP,WE,Combined TRACON& Tower with Radar,1273,451,28,3,1755,0,9,0,5,14,1273,460,28,8,1769,0,0,0,1769
10/09/2001,LAX,CA,AWP,WE,Combined TRACON& Tower with Radar,1305,463,31,3,1802,0,8,11,3,22,1305,471,42,6,1824,0,0,0,1824
10/10/2001,LAX,CA,AWP,WE,Combined TRACON& Tower with Radar,1302,462,27,3,1794,0,9,0,2,11,1302,471,27,5,1805,0,0,0,1805
10/11/2001,LAX,CA,AWP,WE,Combined TRACON& Tower with Radar,1324,470,30,3,1827,0,9,0,2,11,1324,479,30,5,1838,0,0,0,1838
10/12/2001,LAX,CA,AWP,WE,Combined TRACON& Tower with Radar,1325,467,32,3,1827,0,0,12,14,26,1325,467,44,17,1853,0,0,0,1853
10/13/2001,LAX,CA,AWP,WE,Combined TRACON& Tower with Radar,1203,394,24,2,1623,38,0,0,0,38,1241,394,24,2,1661,0,0,0,1661
10/14/2001,LAX,CA,AWP,WE,Combined TRACON& Tower with Radar,1273,441,30,3,1747,10,0,0,9,19,1283,441,30,12,1766,0,0,0,1766
10/15/2001,LAX,CA,AWP,WE,Combined TRACON& Tower with Radar,1271,443,31,3,1748,4,0,2,1,7,1275,443,33,4,1755,0,0,0,1755
10/16/2001,LAX,CA,AWP,WE,Combined TRACON& Tower with Radar,1311,464,27,3,1805,0,10,0,3,13,1311,474,27,6,1818,0,0,0,1818
10/17/2001,LAX,CA,AWP,WE,Combined TRACON& Tower with Radar,1319,457,32,3,1811,5,0,5,4,14,1324,457,37,7,1825,0,0,0,1825
10/18/2001,LAX,CA,AWP,WE,Combined TRACON& Tower with Radar,1328,455,32,3,1818,0,0,13,12,25,1328,455,45,15,1843,0,0,0,1843
10/19/2001,LAX,CA,AWP,WE,Combined TRACON& Tower with Radar,1296,459,29,3,1787,0,9,0,7,16,1296,468,29,10,1803,0,0,0,1803
10/20/2001,LAX,CA,AWP,WE,Combined TRACON& Tower with Radar,1183,385,28,3,1599,26,0,9,7,42,1209,385,37,10,1641,0,0,0,1641
10/21/2001,LAX,CA,AWP,WE,Combined TRACON& Tower with Radar,1254,416,30,3,1703,21,0,14,5,40,1275,416,44,8,1743,0,0,0,1743
10/22/2001,LAX,CA,AWP,WE,Combined TRACON& Tower with Radar,1264,443,31,3,1741,0,0,29,7,36,1264,443,60,10,1777,0,0,0,1777
10/23/2001,LAX,CA,AWP,WE,Combined TRACON& Tower with Radar,1329,470,30,3,1832,0,10,0,9,19,1329,480,30,12,1851,0,0,0,1851
10/24/2001,LAX,CA,AWP,WE,Combined TRACON& Tower with Radar,1281,453,27,3,1764,0,10,0,1,11,1281,463,27,4,1775,0,0,0,1775
10/25/2001,LAX,CA,AWP,WE,Combined TRACON& Tower with Radar,1334,472,28,2,1836,0,10,0,0,10,1334,482,28,2,1846,0,0,0,1846
10/26/2001,LAX,CA,AWP,WE,Combined TRACON& Tower with Radar,1283,455,29,2,1769,0,9,0,0,9,1283,464,29,2,1778,0,0,0,1778
10/27/2001,LAX,CA,AWP,WE,Combined TRACON& Tower with Radar,1166,414,24,2,1606,0,8,0,0,8,1166,422,24,2,1614,0,0,0,1614
10/28/2001,LAX,CA,AWP,WE,Combined TRACON& Tower with Radar,1233,420,30,2,1685,14,0,8,0,22,1247,420,38,2,1707,0,0,0,1707
10/29/2001,LAX,CA,AWP,WE,Combined TRACON& Tower with Radar,1260,441,31,2,1734,0,0,25,14,39,1260,441,56,16,1773,0,0,0,1773
10/30/2001,LAX,CA,AWP,WE,Combined TRACON& Tower with Radar,1239,452,31,2,1724,0,43,3,6,52,1239,495,34,8,1776,0,0,0,1776
10/31/2001,LAX,CA,AWP,WE,Combined TRACON& Tower with Radar,1180,431,29,2,1642,0,41,5,6,52,1180,472,34,8,1694,0,0,0,1694
11/01/2001,LAX,CA,AWP,WE,Combined TRACON& Tower with Radar,1234,477,29,3,1743,0,16,0,1,17,1234,493,29,4,1760,0,0,0,1760
11/02/2001,LAX,CA,AWP,WE,Combined TRACON& Tower with Radar,1199,468,35,3,1705,0,14,23,10,47,1199,482,58,13,1752,0,0,0,1752
11/03/2001,LAX,CA,AWP,WE,Combined TRACON& Tower with Radar,1067,400,18,2,1487,30,0,0,3,33,1097,400,18,5,1520,0,0,0,1520
11/04/2001,LAX,CA,AWP,WE,Combined TRACON& Tower with Radar,1171,425,33,2,1631,26,0,7,0,33,1197,425,40,2,1664,0,0,0,1664
11/05/2001,LAX,CA,AWP,WE,Combined TRACON& Tower with Radar,1162,422,33,0,1617,19,0,9,0,28,1181,422,42,0,1645,0,0,0,1645
11/06/2001,LAX,CA,AWP,WE,Combined TRACON& Tower with Radar,1210,468,27,3,1708,0,16,0,0,16,1210,484,27,3,1724,0,0,0,1724
11/07/2001,LAX,CA,AWP,WE,Combined TRACON& Tower with Radar,1229,473,32,2,1736,221,107,0,0,328,1450,580,32,2,2064,0,0,0,2064
11/08/2001,LAX,CA,AWP,WE,Combined TRACON& Tower with Radar,1249,483,30,3,1765,0,17,0,13,30,1249,500,30,16,1795,0,0,0,1795
11/09/2001,LAX,CA,AWP,WE,Combined TRACON& Tower with Radar,1191,475,35,3,1704,0,21,25,6,52,1191,496,60,9,1756,0,0,0,1756
11/10/2001,LAX,CA,AWP,WE,Combined TRACON& Tower with Radar,1072,420,32,2,1526,0,17,6,3,26,1072,437,38,5,1552,0,0,0,1552
11/11/2001,LAX,CA,AWP,WE,Combined TRACON& Tower with Radar,1138,439,28,3,1608,0,15,0,0,15,1138,454,28,3,1623,0,0,0,1623
11/12/2001,LAX,CA,AWP,WE,Combined TRACON& Tower with Radar,1133,437,32,3,1605,0,1,3,3,7,1133,438,35,6,1612,0,0,0,1612
11/13/2001,LAX,CA,AWP,WE,Combined TRACON& Tower with Radar,1165,451,30,3,1649,0,15,0,2,17,1165,466,30,5,1666,0,0,0,1666
11/14/2001,LAX,CA,AWP,WE,Combined TRACON& Tower with Radar,1203,458,34,3,1698,5,0,7,6,18,1208,458,41,9,1716,0,0,0,1716
11/15/2001,LAX,CA,AWP,WE,Combined TRACON& Tower with Radar,1271,492,36,3,1802,0,16,126,6,148,1271,508,162,9,1950,0,0,0,1950
11/16/2001,LAX,CA,AWP,WE,Combined TRACON& Tower with Radar,1230,457,34,4,1725,0,0,37,1,38,1230,457,71,5,1763,0,0,0,1763
11/17/2001,LAX,CA,AWP,WE,Combined TRACON& Tower with Radar,1075,415,30,3,1523,0,15,1,0,16,1075,430,31,3,1539,0,0,0,1539
11/18/2001,LAX,CA,AWP,WE,Combined TRACON& Tower with Radar,1135,397,31,4,1567,49,0,3,11,63,1184,397,34,15,1630,0,0,0,1630
11/19/2001,LAX,CA,AWP,WE,Combined TRACON& Tower with Radar,1181,410,33,4,1628,43,0,3,2,48,1224,410,36,6,1676,0,0,0,1676
11/20/2001,LAX,CA,AWP,WE,Combined TRACON& Tower with Radar,1220,471,32,4,1727,0,17,0,7,24,1220,488,32,11,1751,0,0,0,1751
11/21/2001,LAX,CA,AWP,WE,Combined TRACON& Tower with Radar,1218,443,34,0,1695,0,0,15,0,15,1218,443,49,0,1710,0,0,0,1710
11/22/2001,LAX,CA,AWP,WE,Combined TRACON& Tower with Radar,952,368,21,3,1344,0,13,0,0,13,952,381,21,3,1357,0,0,0,1357
11/23/2001,LAX,CA,AWP,WE,Combined TRACON& Tower with Radar,961,355,19,3,1338,22,0,0,2,24,983,355,19,5,1362,0,0,0,1362
11/24/2001,LAX,CA,AWP,WE,Combined TRACON& Tower with Radar,1065,379,29,3,1476,32,0,1,1,34,1097,379,30,4,1510,0,0,0,1510
11/25/2001,LAX,CA,AWP,WE,Combined TRACON& Tower with Radar,1162,418,32,2,1614,24,0,10,0,34,1186,418,42,2,1648,0,0,0,1648
11/26/2001,LAX,CA,AWP,WE,Combined TRACON& Tower with Radar,1184,446,33,4,1667,2,0,17,3,22,1186,446,50,7,1689,0,0,0,1689
11/27/2001,LAX,CA,AWP,WE,Combined TRACON& Tower with Radar,1204,465,34,3,1706,0,17,3,0,20,1204,482,37,3,1726,0,0,0,1726
11/28/2001,LAX,CA,AWP,WE,Combined TRACON& Tower with Radar,1203,462,33,4,1702,0,5,4,4,13,1203,467,37,8,1715,0,0,0,1715
11/29/2001,LAX,CA,AWP,WE,Combined TRACON& Tower with Radar,1236,479,34,3,1752,0,16,8,3,27,1236,495,42,6,1779,0,0,0,1779
11/30/2001,LAX,CA,AWP,WE,Combined TRACON& Tower with Radar,1194,467,35,3,1699,0,0,46,7,53,1194,467,81,10,1752,0,0,0,1752
12/01/2001,LAX,CA,AWP,WE,Combined TRACON& Tower with Radar,1068,381,17,1,1467,27,0,0,7,34,1095,381,17,8,1501,0,0,0,1501
12/02/2001,LAX,CA,AWP,WE,Combined TRACON& Tower with Radar,1160,414,28,0,1602,8,0,16,0,24,1168,414,44,0,1626,0,0,0,1626
12/03/2001,LAX,CA,AWP,WE,Combined TRACON& Tower with Radar,1165,438,28,1,1632,0,3,4,10,17,1165,441,32,11,1649,0,0,0,1649
12/04/2001,LAX,CA,AWP,WE,Combined TRACON& Tower with Radar,1155,441,28,1,1625,0,21,5,4,30,1155,462,33,5,1655,0,0,0,1655
12/05/2001,LAX,CA,AWP,WE,Combined TRACON& Tower with Radar,1210,460,30,1,1701,0,2,20,8,30,1210,462,50,9,1731,0,0,0,1731
12/06/2001,LAX,CA,AWP,WE,Combined TRACON& Tower with Radar,1219,465,30,1,1715,0,23,2,12,37,1219,488,32,13,1752,0,0,0,1752
12/07/2001,LAX,CA,AWP,WE,Combined TRACON& Tower with Radar,1200,463,30,1,1694,0,29,11,9,49,1200,492,41,10,1743,0,0,0,1743
12/08/2001,LAX,CA,AWP,WE,Combined TRACON& Tower with Radar,1100,395,27,1,1523,9,0,11,5,25,1109,395,38,6,1548,0,0,0,1548
12/09/2001,LAX,CA,AWP,WE,Combined TRACON& Tower with Radar,1130,408,27,1,1566,17,0,1,2,20,1147,408,28,3,1586,0,0,0,1586
12/10/2001,LAX,CA,AWP,WE,Combined TRACON& Tower with Radar,1164,438,28,1,1631,0,0,32,6,38,1164,438,60,7,1669,0,0,0,1669
12/11/2001,LAX,CA,AWP,WE,Combined TRACON& Tower with Radar,1212,462,30,1,1705,0,23,9,3,35,1212,485,39,4,1740,0,0,0,1740
12/12/2001,LAX,CA,AWP,WE,Combined TRACON& Tower with Radar,1200,451,29,1,1681,0,0,30,7,37,1200,451,59,8,1718,0,0,0,1718
12/13/2001,LAX,CA,AWP,WE,Combined TRACON& Tower with Radar,1223,467,29,2,1721,0,22,5,7,34,1223,489,34,9,1755,0,0,0,1755
12/14/2001,LAX,CA,AWP,WE,Combined TRACON& Tower with Radar,1178,460,18,2,1658,0,53,0,8,61,1178,513,18,10,1719,0,0,0,1719
12/15/2001,LAX,CA,AWP,WE,Combined TRACON& Tower with Radar,1107,404,26,2,1539,5,0,9,0,14,1112,404,35,2,1553,0,0,0,1553
12/16/2001,LAX,CA,AWP,WE,Combined TRACON& Tower with Radar,1191,418,22,0,1631,37,0,0,0,37,1228,418,22,0,1668,0,0,0,1668
12/17/2001,LAX,CA,AWP,WE,Combined TRACON& Tower with Radar,1171,447,28,2,1648,0,21,6,9,36,1171,468,34,11,1684,0,0,0,1684
12/18/2001,LAX,CA,AWP,WE,Combined TRACON& Tower with Radar,1184,452,28,2,1666,0,21,9,3,33,1184,473,37,5,1699,0,0,0,1699
12/19/2001,LAX,CA,AWP,WE,Combined TRACON& Tower with Radar,1224,466,29,2,1721,0,24,12,0,36,1224,490,41,2,1757,0,0,0,1757
12/20/2001,LAX,CA,AWP,WE,Combined TRACON& Tower with Radar,1215,470,29,2,1716,0,36,7,2,45,1215,506,36,4,1761,0,0,0,1761
12/21/2001,LAX,CA,AWP,WE,Combined TRACON& Tower with Radar,1258,486,30,2,1776,0,32,19,23,74,1258,518,49,25,1850,0,0,0,1850
12/22/2001,LAX,CA,AWP,WE,Combined TRACON& Tower with Radar,1148,408,27,2,1585,17,0,7,11,35,1165,408,34,13,1620,0,0,0,1620
12/23/2001,LAX,CA,AWP,WE,Combined TRACON& Tower with Radar,1151,412,27,2,1592,29,0,3,1,33,1180,412,30,3,1625,0,0,0,1625
12/24/2001,LAX,CA,AWP,WE,Combined TRACON& Tower with Radar,1024,364,12,2,1402,32,0,0,5,37,1056,364,12,7,1439,0,0,0,1439
12/25/2001,LAX,CA,AWP,WE,Combined TRACON& Tower with Radar,988,377,23,1,1389,0,18,1,0,19,988,395,24,1,1408,0,0,0,1408
12/26/2001,LAX,CA,AWP,WE,Combined TRACON& Tower with Radar,1186,404,28,0,1618,58,0,4,0,62,1244,404,32,0,1680,0,0,0,1680
12/27/2001,LAX,CA,AWP,WE,Combined TRACON& Tower with Radar,1217,464,29,1,1711,0,23,4,1,28,1217,487,33,2,1739,0,0,0,1739
12/28/2001,LAX,CA,AWP,WE,Combined TRACON& Tower with Radar,1233,414,29,1,1677,34,0,17,5,56,1267,414,46,6,1733,0,0,0,1733
12/29/2001,LAX,CA,AWP,WE,Combined TRACON& Tower with Radar,1090,385,22,1,1498,28,0,0,1,29,1118,385,22,2,1527,0,0,0,1527
12/30/2001,LAX,CA,AWP,WE,Combined TRACON& Tower with Radar,1132,414,25,1,1572,14,0,0,0,14,1146,414,25,1,1586,0,0,0,1586
12/31/2001,LAX,CA,AWP,WE,Combined TRACON& Tower with Radar,1086,358,15,1,1460,61,0,0,2,63,1147,358,15,3,1523,0,0,0,1523
01/01/2002,LAX,CA,AWP,WE,Combined TRACON& Tower with Radar,1094,426,28,1,1549,0,12,0,5,17,1094,438,28,6,1566,0,0,0,1566
01/02/2002,LAX,CA,AWP,WE,Combined TRACON& Tower with Radar,1192,464,26,1,1683,0,13,0,1,14,1192,477,26,2,1697,0,0,0,1697
01/03/2002,LAX,CA,AWP,WE,Combined TRACON& Tower with Radar,1227,477,32,1,1737,0,14,3,2,19,1227,491,35,3,1756,0,0,0,1756
01/04/2002,LAX,CA,AWP,WE,Combined TRACON& Tower with Radar,1269,463,33,1,1766,24,0,10,3,37,1293,463,43,4,1803,0,0,0,1803
01/05/2002,LAX,CA,AWP,WE,Combined TRACON& Tower with Radar,1109,404,28,1,1542,15,0,18,0,33,1124,404,46,1,1575,0,0,0,1575
01/06/2002,LAX,CA,AWP,WE,Combined TRACON& Tower with Radar,1154,407,28,1,1590,42,0,0,5,47,1196,407,28,6,1637,0,0,0,1637
01/07/2002,LAX,CA,AWP,WE,Combined TRACON& Tower with Radar,1156,428,29,2,1615,17,0,25,3,45,1173,428,54,5,1660,0,0,0,1660
01/08/2002,LAX,CA,AWP,WE,Combined TRACON& Tower with Radar,1170,455,29,2,1656,0,13,7,3,23,1170,468,36,5,1679,0,0,0,1679
01/09/2002,LAX,CA,AWP,WE,Combined TRACON& Tower with Radar,1170,455,29,2,1656,0,33,4,10,47,1170,488,33,12,1703,0,0,0,1703
01/10/2002,LAX,CA,AWP,WE,Combined TRACON& Tower with Radar,1197,466,30,2,1695,0,13,13,7,33,1197,479,43,9,1728,0,0,0,1728
01/11/2002,LAX,CA,AWP,WE,Combined TRACON& Tower with Radar,1197,442,29,2,1670,12,0,19,4,35,1209,442,48,6,1705,0,0,0,1705
01/12/2002,LAX,CA,AWP,WE,Combined TRACON& Tower with Radar,1064,413,25,2,1504,0,12,0,2,14,1064,425,25,4,1518,0,0,0,1518
01/13/2002,LAX,CA,AWP,WE,Combined TRACON& Tower with Radar,1143,403,26,2,1574,41,0,0,0,41,1184,403,26,2,1615,0,0,0,1615
01/14/2002,LAX,CA,AWP,WE,Combined TRACON& Tower with Radar,1156,450,29,2,1637,0,12,7,12,31,1156,462,36,14,1668,0,0,0,1668
01/15/2002,LAX,CA,AWP,WE,Combined TRACON& Tower with Radar,1150,446,29,2,1627,0,14,7,13,34,1150,460,36,15,1661,0,0,0,1661
01/16/2002,LAX,CA,AWP,WE,Combined TRACON& Tower with Radar,1178,453,30,2,1663,272,127,2,0,401,1450,580,32,2,2064,0,0,0,2064
01/17/2002,LAX,CA,AWP,WE,Combined TRACON& Tower with Radar,1187,435,29,2,1653,18,0,17,10,45,1205,435,46,12,1698,0,0,0,1698
01/18/2002,LAX,CA,AWP,WE,Combined TRACON& Tower with Radar,1222,448,31,2,1703,20,0,16,8,44,1242,448,47,10,1747,0,0,0,1747
01/19/2002,LAX,CA,AWP,WE,Combined TRACON& Tower with Radar,1052,408,26,2,1488,0,13,4,0,17,1052,421,30,2,1505,0,0,0,1505
01/20/2002,LAX,CA,AWP,WE,Combined TRACON& Tower with Radar,1104,428,28,2,1562,0,14,6,3,23,1104,442,34,5,1585,0,0,0,1585
01/21/2002,LAX,CA,AWP,WE,Combined TRACON& Tower with Radar,1139,441,28,2,1610,0,0,32,1,33,1139,441,60,3,1643,0,0,0,1643
01/22/2002,LAX,CA,AWP,WE,Combined TRACON& Tower with Radar,1135,441,28,2,1606,0,13,3,9,25,1135,454,31,11,1631,0,0,0,1631
01/23/2002,LAX,CA,AWP,WE,Combined TRACON& Tower with Radar,1192,453,29,2,1676,0,0,16,2,18,1192,453,45,4,1694,0,0,0,1694
01/24/2002,LAX,CA,AWP,WE,Combined TRACON& Tower with Radar,1203,467,30,2,1702,0,14,77,5,96,1203,481,107,7,1798,0,0,0,1798
01/25/2002,LAX,CA,AWP,WE,Combined TRACON& Tower with Radar,1198,443,30,2,1673,14,0,20,6,40,1212,443,50,8,1713,0,0,0,1713
01/26/2002,LAX,CA,AWP,WE,Combined TRACON& Tower with Radar,1049,389,26,2,1466,16,0,8,2,26,1065,389,34,4,1492,0,0,0,1492
01/27/2002,LAX,CA,AWP,WE,Combined TRACON& Tower with Radar,945,378,21,1,1345,0,0,0,0,0,945,378,21,1,1345,0,0,0,1345
01/28/2002,LAX,CA,AWP,WE,Combined TRACON& Tower with Radar,1127,437,28,2,1594,0,6,9,7,22,1127,443,37,9,1616,0,0,0,1616
01/29/2002,LAX,CA,AWP,WE,Combined TRACON& Tower with Radar,1149,446,27,2,1624,0,14,0,8,22,1149,460,27,10,1646,0,0,0,1646
01/30/2002,LAX,CA,AWP,WE,Combined TRACON& Tower with Radar,1170,444,29,2,1645,0,0,23,6,29,1170,444,52,8,1674,0,0,0,1674
01/31/2002,LAX,CA,AWP,WE,Combined TRACON& Tower with Radar,1174,457,29,1,1661,0,13,10,1,24,1174,470,39,2,1685,0,0,0,1685
02/01/2002,LAX,CA,AWP,WE,Combined TRACON& Tower with Radar,1203,452,34,2,1691,20,0,17,0,37,1223,452,51,2,1728,0,0,0,1728
02/02/2002,LAX,CA,AWP,WE,Combined TRACON& Tower with Radar,1048,392,30,1,1471,1,0,18,6,25,1049,392,48,7,1496,0,0,0,1496
02/03/2002,LAX,CA,AWP,WE,Combined TRACON& Tower with Radar,1131,443,27,2,1603,0,9,0,1,10,1131,452,27,3,1613,0,0,0,1613
02/04/2002,LAX,CA,AWP,WE,Combined TRACON& Tower with Radar,1148,450,32,2,1632,2,0,15,8,25,1150,450,47,10,1657,0,0,0,1657
02/05/2002,LAX,CA,AWP,WE,Combined TRACON& Tower with Radar,1199,470,34,2,1705,0,10,0,7,17,1199,480,34,9,1722,0,0,0,1722
02/06/2002,LAX,CA,AWP,WE,Combined TRACON& Tower with Radar,1210,457,34,2,1703,5,0,20,4,29,1215,457,54,6,1732,0,0,0,1732
02/07/2002,LAX,CA,AWP,WE,Combined TRACON& Tower with Radar,1229,482,27,2,1740,0,10,0,3,13,1229,492,27,5,1753,0,0,0,1753
02/08/2002,LAX,CA,AWP,WE,Combined TRACON& Tower with Radar,1214,453,34,2,1703,22,0,7,3,32,1236,453,41,5,1735,0,0,0,1735
02/09/2002,LAX,CA,AWP,WE,Combined TRACON& Tower with Radar,1067,414,31,1,1513,19,0,4,0,23,1086,414,35,1,1536,0,0,0,1536
02/10/2002,LAX,CA,AWP,WE,Combined TRACON& Tower with Radar,1093,421,32,2,1548,0,0,70,0,70,1093,421,102,2,1618,0,0,0,1618
02/11/2002,LAX,CA,AWP,WE,Combined TRACON& Tower with Radar,1159,453,33,2,1647,6,5,12,14,37,1165,458,45,16,1684,0,0,0,1684
02/12/2002,LAX,CA,AWP,WE,Combined TRACON& Tower with Radar,1190,466,27,3,1686,0,10,0,4,14,1190,476,27,7,1700,0,0,0,1700
02/13/2002,LAX,CA,AWP,WE,Combined TRACON& Tower with Radar,1215,474,33,3,1725,0,0,6,6,12,1215,474,39,9,1737,0,0,0,1737
02/14/2002,LAX,CA,AWP,WE,Combined TRACON& Tower with Radar,1212,474,34,3,1723,0,11,21,2,34,1212,485,55,5,1757,0,0,0,1757
02/15/2002,LAX,CA,AWP,WE,Combined TRACON& Tower with Radar,1223,478,33,2,1736,0,4,15,0,19,1223,482,48,2,1755,0,0,0,1755
02/16/2002,LAX,CA,AWP,WE,Combined TRACON& Tower with Radar,1050,410,27,0,1487,4,1,0,0,5,1054,411,27,0,1492,0,0,0,1492
02/17/2002,LAX,CA,AWP,WE,Combined TRACON& Tower with Radar,1140,434,23,3,1600,22,0,0,2,24,1162,434,23,5,1624,0,0,0,1624
02/18/2002,LAX,CA,AWP,WE,Combined TRACON& Tower with Radar,1149,452,32,3,1636,0,13,7,5,25,1149,465,39,8,1661,0,0,0,1661
02/19/2002,LAX,CA,AWP,WE,Combined TRACON& Tower with Radar,1150,450,25,3,1628,0,10,0,2,12,1150,460,25,5,1640,0,0,0,1640
02/20/2002,LAX,CA,AWP,WE,Combined TRACON& Tower with Radar,1228,482,34,3,1747,0,1,9,11,21,1228,483,43,14,1768,0,0,0,1768
02/21/2002,LAX,CA,AWP,WE,Combined TRACON& Tower with Radar,1247,488,34,3,1772,0,11,1,3,15,1247,499,35,6,1787,0,0,0,1787
02/22/2002,LAX,CA,AWP,WE,Combined TRACON& Tower with Radar,1233,458,34,2,1727,22,0,6,6,34,1255,458,40,8,1761,0,0,0,1761
02/23/2002,LAX,CA,AWP,WE,Combined TRACON& Tower with Radar,1081,424,30,1,1536,0,8,5,8,21,1081,432,35,9,1557,0,0,0,1557
02/24/2002,LAX,CA,AWP,WE,Combined TRACON& Tower with Radar,1145,449,28,2,1624,0,9,0,3,12,1145,458,28,5,1636,0,0,0,1636
02/25/2002,LAX,CA,AWP,WE,Combined TRACON& Tower with Radar,1188,456,32,2,1678,2,0,12,6,20,1190,456,44,8,1698,0,0,0,1698
02/26/2002,LAX,CA,AWP,WE,Combined TRACON& Tower with Radar,1193,467,33,2,1695,0,10,19,31,60,1193,477,52,33,1755,0,0,0,1755
02/27/2002,LAX,CA,AWP,WE,Combined TRACON& Tower with Radar,1231,469,34,0,1734,0,0,15,0,15,1231,469,49,0,1749,0,0,0,1749
02/28/2002,LAX,CA,AWP,WE,Combined TRACON& Tower with Radar,1239,486,34,2,1761,0,9,9,5,23,1239,495,43,7,1784,0,0,0,1784
03/01/2002,LAX,CA,AWP,WE,Combined TRACON& Tower with Radar,1236,438,36,1,1711,53,0,5,3,61,1289,438,41,4,1772,0,0,0,1772
03/02/2002,LAX,CA,AWP,WE,Combined TRACON& Tower with Radar,1060,407,30,1,1498,9,0,20,3,32,1069,407,50,4,1530,0,0,0,1530
03/03/2002,LAX,CA,AWP,WE,Combined TRACON& Tower with Radar,1153,439,33,1,1626,25,0,3,0,28,1178,439,36,1,1654,0,0,0,1654
03/04/2002,LAX,CA,AWP,WE,Combined TRACON& Tower with Radar,1169,469,34,1,1673,0,11,27,11,49,1169,480,61,12,1722,0,0,0,1722
03/05/2002,LAX,CA,AWP,WE,Combined TRACON& Tower with Radar,1168,491,36,1,1696,0,62,25,2,89,1168,553,61,3,1785,0,0,0,1785
03/06/2002,LAX,CA,AWP,WE,Combined TRACON& Tower with Radar,1243,491,36,1,1771,1,7,7,6,21,1244,498,43,7,1792,0,0,0,1792
03/07/2002,LAX,CA,AWP,WE,Combined TRACON& Tower with Radar,1269,502,34,1,1806,2,6,0,9,17,1271,508,34,10,1823,0,0,0,1823
03/08/2002,LAX,CA,AWP,WE,Combined TRACON& Tower with Radar,1266,450,37,1,1754,54,0,11,4,69,1320,450,48,5,1823,0,0,0,1823
03/09/2002,LAX,CA,AWP,WE,Combined TRACON& Tower with Radar,1090,428,31,1,1550,9,0,9,1,19,1099,428,40,2,1569,0,0,0,1569
03/10/2002,LAX,CA,AWP,WE,Combined TRACON& Tower with Radar,1181,452,31,1,1665,23,0,0,0,23,1204,452,31,1,1688,0,0,0,1688
03/11/2002,LAX,CA,AWP,WE,Combined TRACON& Tower with Radar,1183,477,35,1,1696,0,21,13,4,38,1183,498,48,5,1734,0,0,0,1734
03/12/2002,LAX,CA,AWP,WE,Combined TRACON& Tower with Radar,1196,474,34,1,1705,2,5,16,1,24,1198,479,50,2,1729,0,0,0,1729
03/13/2002,LAX,CA,AWP,WE,Combined TRACON& Tower with Radar,1243,494,32,2,1771,0,12,0,2,14,1243,506,32,4,1785,0,0,0,1785
03/14/2002,LAX,CA,AWP,WE,Combined TRACON& Tower with Radar,1269,502,35,2,1808,0,6,0,14,20,1269,508,35,16,1828,0,0,0,1828
03/15/2002,LAX,CA,AWP,WE,Combined TRACON& Tower with Radar,1269,502,35,2,1808,1,6,2,4,13,1270,508,37,6,1821,0,0,0,1821
03/16/2002,LAX,CA,AWP,WE,Combined TRACON& Tower with Radar,1146,453,32,2,1633,1,6,0,1,8,1147,459,32,3,1641,0,0,0,1641
03/17/2002,LAX,CA,AWP,WE,Combined TRACON& Tower with Radar,1153,455,32,1,1641,10,0,3,0,13,1163,455,35,1,1654,0,0,0,1654
03/18/2002,LAX,CA,AWP,WE,Combined TRACON& Tower with Radar,1181,470,33,2,1686,0,18,1,0,19,1181,488,34,2,1705,0,0,0,1705
03/19/2002,LAX,CA,AWP,WE,Combined TRACON& Tower with Radar,1195,473,33,2,1703,1,6,8,0,15,1196,479,41,2,1718,0,0,0,1718
03/20/2002,LAX,CA,AWP,WE,Combined TRACON& Tower with Radar,1235,499,35,2,1771,0,16,18,4,38,1235,515,53,6,1809,0,0,0,1809
03/21/2002,LAX,CA,AWP,WE,Combined TRACON& Tower with Radar,1258,496,35,2,1791,0,7,3,1,11,1258,503,38,3,1802,0,0,0,1802
03/22/2002,LAX,CA,AWP,WE,Combined TRACON& Tower with Radar,1277,463,35,2,1777,44,0,7,28,79,1321,463,42,30,1856,0,0,0,1856
03/23/2002,LAX,CA,AWP,WE,Combined TRACON& Tower with Radar,1126,416,31,2,1575,5,0,36,5,46,1131,416,67,7,1621,0,0,0,1621
03/24/2002,LAX,CA,AWP,WE,Combined TRACON& Tower with Radar,1206,475,33,2,1716,6,0,0,3,9,1212,475,33,5,1725,0,0,0,1725
03/25/2002,LAX,CA,AWP,WE,Combined TRACON& Tower with Radar,1217,480,34,2,1733,0,7,10,1,18,1217,487,44,3,1751,0,0,0,1751
03/26/2002,LAX,CA,AWP,WE,Combined TRACON& Tower with Radar,1242,490,28,2,1762,1,7,0,4,12,1243,497,28,6,1774,0,0,0,1774
03/27/2002,LAX,CA,AWP,WE,Combined TRACON& Tower with Radar,1263,498,33,2,1796,0,7,0,9,16,1263,505,33,11,1812,0,0,0,1812
03/28/2002,LAX,CA,AWP,WE,Combined TRACON& Tower with Radar,1232,499,35,1,1767,0,6,31,5,42,1232,505,66,6,1809,0,0,0,1809
03/29/2002,LAX,CA,AWP,WE,Combined TRACON& Tower with Radar,1219,493,35,1,1748,0,7,34,4,45,1219,500,69,5,1793,0,0,0,1793
03/30/2002,LAX,CA,AWP,WE,Combined TRACON& Tower with Radar,1036,421,30,1,1488,0,10,28,4,42,1036,431,58,5,1530,0,0,0,1530
03/31/2002,LAX,CA,AWP,WE,Combined TRACON& Tower with Radar,1164,453,32,1,1650,0,0,13,1,14,1164,453,45,2,1664,0,0,0,1664
04/01/2002,LAX,CA,AWP,WE,Combined TRACON& Tower with Radar,1204,487,42,1,1734,0,2,24,11,37,1204,489,66,12,1771,0,0,0,1771
04/02/2002,LAX,CA,AWP,WE,Combined TRACON& Tower with Radar,1209,479,34,1,1723,6,7,0,1,14,1215,486,34,2,1737,0,0,0,1737
04/03/2002,LAX,CA,AWP,WE,Combined TRACON& Tower with Radar,1207,478,41,1,1727,6,7,2,4,19,1213,485,43,5,1746,0,0,0,1746
04/04/2002,LAX,CA,AWP,WE,Combined TRACON& Tower with Radar,1269,503,29,1,1802,7,7,0,5,19,1276,510,29,6,1821,0,0,0,1821
04/05/2002,LAX,CA,AWP,WE,Combined TRACON& Tower with Radar,1256,498,43,1,1798,7,7,5,8,27,1263,505,48,9,1825,0,0,0,1825
04/06/2002,LAX,CA,AWP,WE,Combined TRACON& Tower with Radar,1110,435,38,1,1584,10,0,3,1,14,1120,435,41,2,1598,0,0,0,1598
04/07/2002,LAX,CA,AWP,WE,Combined TRACON& Tower with Radar,1218,482,42,0,1742,0,0,15,0,15,1218,482,57,0,1757,0,0,0,1757
04/08/2002,LAX,CA,AWP,WE,Combined TRACON& Tower with Radar,1216,480,38,1,1735,13,0,0,2,15,1229,480,38,3,1750,0,0,0,1750
04/09/2002,LAX,CA,AWP,WE,Combined TRACON& Tower with Radar,1213,481,29,1,1724,6,7,0,7,20,1219,488,29,8,1744,0,0,0,1744
04/10/2002,LAX,CA,AWP,WE,Combined TRACON& Tower with Radar,1244,493,42,2,1781,7,7,1,0,15,1251,500,43,2,1796,0,0,0,1796
04/11/2002,LAX,CA,AWP,WE,Combined TRACON& Tower with Radar,1251,496,33,2,1782,7,7,0,2,16,1258,503,33,4,1798,0,0,0,1798
04/12/2002,LAX,CA,AWP,WE,Combined TRACON& Tower with Radar,1263,501,42,2,1808,0,14,9,3,26,1263,515,51,5,1834,0,0,0,1834
04/13/2002,LAX,CA,AWP,WE,Combined TRACON& Tower with Radar,1104,442,28,2,1576,0,0,0,0,0,1104,442,28,2,1576,0,0,0,1576
04/14/2002,LAX,CA,AWP,WE,Combined TRACON& Tower with Radar,1171,463,34,2,1670,0,6,0,1,7,1171,469,34,3,1677,0,0,0,1677
04/15/2002,LAX,CA,AWP,WE,Combined TRACON& Tower with Radar,1207,477,40,2,1726,6,9,4,5,24,1213,486,44,7,1750,0,0,0,1750
04/16/2002,LAX,CA,AWP,WE,Combined TRACON& Tower with Radar,1212,479,31,2,1724,5,8,0,2,15,1217,487,31,4,1739,0,0,0,1739
04/17/2002,LAX,CA,AWP,WE,Combined TRACON& Tower with Radar,1249,494,34,2,1779,6,8,0,7,21,1255,502,34,9,1800,0,0,0,1800
04/18/2002,LAX,CA,AWP,WE,Combined TRACON& Tower with Radar,1237,489,41,2,1769,6,8,5,0,19,1243,497,46,2,1788,0,0,0,1788
04/19/2002,LAX,CA,AWP,WE,Combined TRACON& Tower with Radar,1247,379,42,2,1670,111,0,21,11,143,1358,379,63,13,1813,0,0,0,1813
04/20/2002,LAX,CA,AWP,WE,Combined TRACON& Tower with Radar,1117,442,37,2,1598,7,5,16,4,32,1124,447,53,6,1630,0,0,0,1630
04/21/2002,LAX,CA,AWP,WE,Combined TRACON& Tower with Radar,1177,451,38,2,1668,23,0,0,0,23,1200,451,38,2,1691,0,0,0,1691
04/22/2002,LAX,CA,AWP,WE,Combined TRACON& Tower with Radar,1190,477,40,2,1709,0,28,3,17,48,1190,505,43,19,1757,0,0,0,1757
04/23/2002,LAX,CA,AWP,WE,Combined TRACON& Tower with Radar,1249,494,40,2,1785,5,8,0,14,27,1254,502,40,16,1812,0,0,0,1812
04/24/2002,LAX,CA,AWP,WE,Combined TRACON& Tower with Radar,1258,501,42,2,1803,0,0,18,11,29,1258,501,60,13,1832,0,0,0,1832
04/25/2002,LAX,CA,AWP,WE,Combined TRACON& Tower with Radar,1265,500,42,2,1809,6,8,10,17,41,1271,508,52,19,1850,0,0,0,1850
04/26/2002,LAX,CA,AWP,WE,Combined TRACON& Tower with Radar,1231,497,42,2,1772,0,14,26,0,40,1231,511,68,2,1812,0,0,0,1812
04/27/2002,LAX,CA,AWP,WE,Combined TRACON& Tower with Radar,1086,411,36,0,1533,0,0,1,0,1,1086,411,37,0,1534,0,0,0,1534
04/28/2002,LAX,CA,AWP,WE,Combined TRACON& Tower with Radar,1163,460,34,2,1659,2,6,0,14,22,1165,466,34,16,1681,0,0,0,1681
04/29/2002,LAX,CA,AWP,WE,Combined TRACON& Tower with Radar,1191,484,41,1,1717,0,11,33,2,46,1191,495,74,3,1763,0,0,0,1763
04/30/2002,LAX,CA,AWP,WE,Combined TRACON& Tower with Radar,1232,498,42,1,1773,0,10,29,4,43,1232,508,71,5,1816,0,0,0,1816
05/01/2002,LAX,CA,AWP,WE,Combined TRACON& Tower with Radar,1264,491,38,2,1795,0,0,13,3,16,1264,491,51,5,1811,0,0,0,1811
05/02/2002,LAX,CA,AWP,WE,Combined TRACON& Tower with Radar,1257,488,38,2,1785,1,0,15,4,20,1258,488,53,6,1805,0,0,0,1805
05/03/2002,LAX,CA,AWP,WE,Combined TRACON& Tower with Radar,1054,418,22,1,1495,0,0,0,0,0,1054,418,22,1,1495,0,0,0,1495
05/04/2002,LAX,CA,AWP,WE,Combined TRACON& Tower with Radar,1129,446,35,1,1611,7,4,2,0,13,1136,450,37,1,1624,0,0,0,1624
05/05/2002,LAX,CA,AWP,WE,Combined TRACON& Tower with Radar,1200,472,37,1,1710,0,0,21,2,23,1200,472,58,3,1733,0,0,0,1733
05/06/2002,LAX,CA,AWP,WE,Combined TRACON& Tower with Radar,1225,484,33,1,1743,2,7,0,7,16,1227,491,33,8,1759,0,0,0,1759
05/07/2002,LAX,CA,AWP,WE,Combined TRACON& Tower with Radar,1220,488,38,1,1747,0,2,29,7,38,1220,490,67,8,1785,0,0,0,1785
05/08/2002,LAX,CA,AWP,WE,Combined TRACON& Tower with Radar,1239,483,38,1,1761,6,0,6,5,17,1245,483,44,6,1778,0,0,0,1778
05/09/2002,LAX,CA,AWP,WE,Combined TRACON& Tower with Radar,1305,515,39,1,1860,2,8,0,3,13,1307,523,39,4,1873,0,0,0,1873
05/10/2002,LAX,CA,AWP,WE,Combined TRACON& Tower with Radar,1253,502,39,1,1795,0,16,13,16,45,1253,518,52,17,1840,0,0,0,1840
05/11/2002,LAX,CA,AWP,WE,Combined TRACON& Tower with Radar,1109,424,32,1,1566,21,0,0,5,26,1130,424,32,6,1592,0,0,0,1592
05/12/2002,LAX,CA,AWP,WE,Combined TRACON& Tower with Radar,1185,459,26,1,1671,27,0,0,4,31,1212,459,26,5,1702,0,0,0,1702
05/13/2002,LAX,CA,AWP,WE,Combined TRACON& Tower with Radar,1216,482,37,1,1736,0,8,14,6,28,1216,490,51,7,1764,0,0,0,1764
05/14/2002,LAX,CA,AWP,WE,Combined TRACON& Tower with Radar,1247,476,37,2,1762,13,0,10,9,32,1260,476,47,11,1794,0,0,0,1794
05/15/2002,LAX,CA,AWP,WE,Combined TRACON& Tower with Radar,1203,490,37,2,1732,0,24,41,7,72,1203,514,78,9,1804,0,0,0,1804
05/16/2002,LAX,CA,AWP,WE,Combined TRACON& Tower with Radar,1284,508,32,2,1826,3,7,0,3,13,1287,515,32,5,1839,0,0,0,1839
05/17/2002,LAX,CA,AWP,WE,Combined TRACON& Tower with Radar,1121,433,38,1,1593,0,0,50,0,50,1121,433,88,1,1643,0,0,0,1643
05/18/2002,LAX,CA,AWP,WE,Combined TRACON& Tower with Radar,121,433,33,1,588,0,0,55,0,55,121,433,88,1,643,0,0,0,643
05/19/2002,LAX,CA,AWP,WE,Combined TRACON& Tower with Radar,1193,450,30,1,1674,40,0,0,0,40,1233,450,30,1,1714,0,0,0,1714
05/20/2002,LAX,CA,AWP,WE,Combined TRACON& Tower with Radar,1226,486,36,2,1750,0,9,14,7,30,1226,495,50,9,1780,0,0,0,1780
05/21/2002,LAX,CA,AWP,WE,Combined TRACON& Tower with Radar,1305,515,39,2,1861,2,8,0,10,20,1307,523,39,12,1881,0,0,0,1881
05/22/2002,LAX,CA,AWP,WE,Combined TRACON& Tower with Radar,1250,501,38,2,1791,0,16,10,13,39,1250,517,48,15,1830,0,0,0,1830
05/23/2002,LAX,CA,AWP,WE,Combined TRACON& Tower with Radar,1320,520,39,2,1881,1,9,3,13,26,1321,529,42,15,1907,0,0,0,1907
05/24/2002,LAX,CA,AWP,WE,Combined TRACON& Tower with Radar,1288,492,38,2,1820,0,0,27,5,32,1288,492,65,7,1852,0,0,0,1852
05/25/2002,LAX,CA,AWP,WE,Combined TRACON& Tower with Radar,1086,397,32,2,1517,20,0,16,4,40,1106,397,48,6,1557,0,0,0,1557
05/26/2002,LAX,CA,AWP,WE,Combined TRACON& Tower with Radar,1165,458,34,2,1659,0,8,0,4,12,1165,466,34,6,1671,0,0,0,1671
05/27/2002,LAX,CA,AWP,WE,Combined TRACON& Tower with Radar,1176,455,22,1,1654,15,0,0,0,15,1191,455,22,1,1669,0,0,0,1669
05/28/2002,LAX,CA,AWP,WE,Combined TRACON& Tower with Radar,1233,486,36,2,1757,1,8,3,2,14,1234,494,39,4,1771,0,0,0,1771
05/29/2002,LAX,CA,AWP,WE,Combined TRACON& Tower with Radar,1258,497,38,1,1794,0,0,20,0,20,1258,497,58,1,1814,0,0,0,1814
05/30/2002,LAX,CA,AWP,WE,Combined TRACON& Tower with Radar,1280,504,38,2,1824,1,9,0,5,15,1281,513,38,7,1839,0,0,0,1839
05/31/2002,LAX,CA,AWP,WE,Combined TRACON& Tower with Radar,1257,481,37,2,1777,0,0,24,4,28,1257,481,61,6,1805,0,0,0,1805
06/01/2002,LAX,CA,AWP,WE,Combined TRACON& Tower with Radar,1188,447,33,1,1669,6,0,5,2,13,1194,447,38,3,1682,0,0,0,1682
06/02/2002,LAX,CA,AWP,WE,Combined TRACON& Tower with Radar,1222,449,29,1,1701,29,0,0,0,29,1251,449,29,1,1730,0,0,0,1730
06/03/2002,LAX,CA,AWP,WE,Combined TRACON& Tower with Radar,1243,482,35,1,1761,0,6,15,6,27,1243,488,50,7,1788,0,0,0,1788
06/04/2002,LAX,CA,AWP,WE,Combined TRACON& Tower with Radar,1253,485,35,1,1774,0,16,0,1,17,1253,501,35,2,1791,0,0,0,1791
06/05/2002,LAX,CA,AWP,WE,Combined TRACON& Tower with Radar,1242,482,35,0,1759,0,5,11,0,16,1242,487,46,0,1775,0,0,0,1775
06/06/2002,LAX,CA,AWP,WE,Combined TRACON& Tower with Radar,1336,516,38,1,1891,0,18,19,5,42,1336,534,57,6,1933,0,0,0,1933
06/07/2002,LAX,CA,AWP,WE,Combined TRACON& Tower with Radar,1319,515,38,1,1873,0,6,21,1,28,1319,521,59,2,1901,0,0,0,1901
06/08/2002,LAX,CA,AWP,WE,Combined TRACON& Tower with Radar,1162,445,33,1,1641,165,66,18,3,252,1327,511,51,4,1893,0,0,0,1893
06/09/2002,LAX,CA,AWP,WE,Combined TRACON& Tower with Radar,1267,456,36,1,1760,39,0,8,6,53,1306,456,44,7,1813,0,0,0,1813
06/10/2002,LAX,CA,AWP,WE,Combined TRACON& Tower with Radar,1256,482,33,1,1772,0,0,0,0,0,1256,482,33,1,1772,0,0,0,1772
06/11/2002,LAX,CA,AWP,WE,Combined TRACON& Tower with Radar,1273,492,32,1,1798,0,17,0,6,23,1273,509,32,7,1821,0,0,0,1821
06/12/2002,LAX,CA,AWP,WE,Combined TRACON& Tower with Radar,1254,484,36,1,1775,0,18,5,5,28,1254,502,41,6,1803,0,0,0,1803
06/13/2002,LAX,CA,AWP,WE,Combined TRACON& Tower with Radar,1300,502,36,1,1839,0,18,0,4,22,1300,520,36,5,1861,0,0,0,1861
06/14/2002,LAX,CA,AWP,WE,Combined TRACON& Tower with Radar,1292,499,35,1,1827,0,18,0,5,23,1292,517,35,6,1850,0,0,0,1850
06/15/2002,LAX,CA,AWP,WE,Combined TRACON& Tower with Radar,1178,455,33,1,1667,0,5,6,3,14,1178,460,39,4,1681,0,0,0,1681
06/16/2002,LAX,CA,AWP,WE,Combined TRACON& Tower with Radar,1238,478,35,1,1752,0,17,1,2,20,1238,495,36,3,1772,0,0,0,1772
06/17/2002,LAX,CA,AWP,WE,Combined TRACON& Tower with Radar,1258,483,35,1,1777,5,2,21,1,29,1263,485,56,2,1806,0,0,0,1806
06/18/2002,LAX,CA,AWP,WE,Combined TRACON& Tower with Radar,1286,492,36,1,1815,0,0,19,6,25,1286,492,55,7,1840,0,0,0,1840
06/19/2002,LAX,CA,AWP,WE,Combined TRACON& Tower with Radar,1288,498,34,1,1821,0,17,0,2,19,1288,515,34,3,1840,0,0,0,1840
06/20/2002,LAX,CA,AWP,WE,Combined TRACON& Tower with Radar,1305,504,34,1,1844,0,18,0,8,26,1305,522,34,9,1870,0,0,0,1870
06/21/2002,LAX,CA,AWP,WE,Combined TRACON& Tower with Radar,1320,511,36,2,1869,0,6,12,13,31,1320,517,48,15,1900,0,0,0,1900
06/22/2002,LAX,CA,AWP,WE,Combined TRACON& Tower with Radar,1215,433,27,0,1675,41,0,0,0,41,1256,433,27,0,1716,0,0,0,1716
06/23/2002,LAX,CA,AWP,WE,Combined TRACON& Tower with Radar,1261,455,34,2,1752,16,0,29,3,48,1277,455,63,5,1800,0,0,0,1800
06/24/2002,LAX,CA,AWP,WE,Combined TRACON& Tower with Radar,1325,497,36,2,1860,1,0,27,4,32,1326,497,63,6,1892,0,0,0,1892
06/25/2002,LAX,CA,AWP,WE,Combined TRACON& Tower with Radar,1300,486,35,0,1821,11,0,9,0,20,1311,486,44,0,1841,0,0,0,1841
06/26/2002,LAX,CA,AWP,WE,Combined TRACON& Tower with Radar,1286,496,34,2,1818,0,19,0,3,22,1286,515,34,5,1840,0,0,0,1840
06/27/2002,LAX,CA,AWP,WE,Combined TRACON& Tower with Radar,1295,469,36,1,1801,0,0,17,0,17,1295,469,53,1,1818,0,0,0,1818
06/28/2002,LAX,CA,AWP,WE,Combined TRACON& Tower with Radar,1368,493,37,2,1900,20,0,35,2,57,1388,493,72,4,1957,0,0,0,1957
06/29/2002,LAX,CA,AWP,WE,Combined TRACON& Tower with Radar,1217,470,33,2,1722,0,17,18,5,40,1217,487,51,7,1762,0,0,0,1762
06/30/2002,LAX,CA,AWP,WE,Combined TRACON& Tower with Radar,1278,465,30,1,1774,31,0,0,1,32,1309,465,30,2,1806,0,0,0,1806
07/01/2002,LAX,CA,AWP,WE,Combined TRACON& Tower with Radar,1306,493,32,1,1832,7,0,12,4,23,1313,493,44,5,1855,0,0,0,1855
07/02/2002,LAX,CA,AWP,WE,Combined TRACON& Tower with Radar,1310,505,32,1,1848,0,0,9,2,11,1310,505,41,3,1859,0,0,0,1859
07/03/2002,LAX,CA,AWP,WE,Combined TRACON& Tower with Radar,1262,491,30,2,1785,0,14,10,3,27,1262,505,40,5,1812,0,0,0,1812
07/04/2002,LAX,CA,AWP,WE,Combined TRACON& Tower with Radar,1132,440,27,2,1601,0,13,6,4,23,1132,453,33,6,1624,0,0,0,1624
07/05/2002,LAX,CA,AWP,WE,Combined TRACON& Tower with Radar,1181,417,28,2,1628,30,0,18,5,53,1211,417,46,7,1681,0,0,0,1681
07/06/2002,LAX,CA,AWP,WE,Combined TRACON& Tower with Radar,1174,456,28,2,1660,0,14,13,3,30,1174,470,41,5,1690,0,0,0,1690
07/07/2002,LAX,CA,AWP,WE,Combined TRACON& Tower with Radar,1213,471,27,2,1713,0,14,0,0,14,1213,485,27,2,1727,0,0,0,1727
07/08/2002,LAX,CA,AWP,WE,Combined TRACON& Tower with Radar,1293,487,30,2,1812,16,0,3,4,23,1309,487,33,6,1835,0,0,0,1835
07/09/2002,LAX,CA,AWP,WE,Combined TRACON& Tower with Radar,1324,514,32,2,1872,0,15,16,13,44,1324,529,48,15,1916,0,0,0,1916
07/10/2002,LAX,CA,AWP,WE,Combined TRACON& Tower with Radar,1314,510,32,2,1858,0,15,25,0,40,1314,525,57,2,1898,0,0,0,1898
07/11/2002,LAX,CA,AWP,WE,Combined TRACON& Tower with Radar,1320,513,32,2,1867,0,15,76,6,97,1320,528,108,8,1964,0,0,0,1964
07/12/2002,LAX,CA,AWP,WE,Combined TRACON& Tower with Radar,1348,504,32,2,1886,0,0,37,12,49,1348,504,69,14,1935,0,0,0,1935
07/13/2002,LAX,CA,AWP,WE,Combined TRACON& Tower with Radar,1196,465,28,2,1691,0,13,11,0,24,1196,478,39,2,1715,0,0,0,1715
07/14/2002,LAX,CA,AWP,WE,Combined TRACON& Tower with Radar,1264,461,30,2,1757,27,0,5,3,35,1291,461,35,5,1792,0,0,0,1792
07/15/2002,LAX,CA,AWP,WE,Combined TRACON& Tower with Radar,1303,485,31,2,1821,15,0,7,1,23,1318,485,38,3,1844,0,0,0,1844
07/16/2002,LAX,CA,AWP,WE,Combined TRACON& Tower with Radar,1326,500,31,2,1859,4,0,24,7,35,1330,500,55,9,1894,0,0,0,1894
07/17/2002,LAX,CA,AWP,WE,Combined TRACON& Tower with Radar,1288,499,31,2,1820,0,16,5,0,21,1288,515,36,2,1841,0,0,0,1841
07/18/2002,LAX,CA,AWP,WE,Combined TRACON& Tower with Radar,1307,507,31,2,1847,0,16,0,6,22,1307,523,31,8,1869,0,0,0,1869
07/19/2002,LAX,CA,AWP,WE,Combined TRACON& Tower with Radar,1328,515,32,2,1877,0,16,11,4,31,1328,531,43,6,1908,0,0,0,1908
07/20/2002,LAX,CA,AWP,WE,Combined TRACON& Tower with Radar,1229,441,29,2,1701,24,0,12,1,37,1253,441,41,3,1738,0,0,0,1738
07/21/2002,LAX,CA,AWP,WE,Combined TRACON& Tower with Radar,1265,491,30,2,1788,0,15,7,4,26,1265,506,37,6,1814,0,0,0,1814
07/22/2002,LAX,CA,AWP,WE,Combined TRACON& Tower with Radar,1278,484,30,2,1794,8,0,16,1,25,1286,484,46,3,1819,0,0,0,1819
07/23/2002,LAX,CA,AWP,WE,Combined TRACON& Tower with Radar,1328,483,32,2,1845,25,0,13,7,45,1353,483,45,9,1890,0,0,0,1890
07/24/2002,LAX,CA,AWP,WE,Combined TRACON& Tower with Radar,1315,510,32,2,1859,0,16,9,3,28,1315,526,41,5,1887,0,0,0,1887
07/25/2002,LAX,CA,AWP,WE,Combined TRACON& Tower with Radar,1309,508,31,2,1850,0,16,3,7,26,1309,524,34,9,1876,0,0,0,1876
07/26/2002,LAX,CA,AWP,WE,Combined TRACON& Tower with Radar,1321,512,32,2,1867,0,17,3,8,28,1321,529,35,10,1895,0,0,0,1895
07/27/2002,LAX,CA,AWP,WE,Combined TRACON& Tower with Radar,1182,458,29,2,1671,0,15,6,8,29,1182,473,35,10,1700,0,0,0,1700
07/28/2002,LAX,CA,AWP,WE,Combined TRACON& Tower with Radar,1275,459,30,2,1766,29,0,26,2,57,1304,459,56,4,1823,0,0,0,1823
07/29/2002,LAX,CA,AWP,WE,Combined TRACON& Tower with Radar,1269,486,30,2,1787,8,0,10,4,22,1277,486,40,6,1809,0,0,0,1809
07/30/2002,LAX,CA,AWP,WE,Combined TRACON& Tower with Radar,1325,515,32,1,1873,0,15,3,1,19,1325,530,35,2,1892,0,0,0,1892
07/31/2002,LAX,CA,AWP,WE,Combined TRACON& Tower with Radar,1288,500,31,1,1820,0,15,12,5,32,1288,515,43,6,1852,0,0,0,1852
08/01/2002,LAX,CA,AWP,WE,Combined TRACON& Tower with Radar,1338,525,36,1,1900,0,10,4,7,21,1338,535,40,8,1921,0,0,0,1921
08/02/2002,LAX,CA,AWP,WE,Combined TRACON& Tower with Radar,1337,488,35,1,1861,15,0,26,11,52,1352,488,61,12,1913,0,0,0,1913
08/03/2002,LAX,CA,AWP,WE,Combined TRACON& Tower with Radar,1223,443,32,1,1699,31,0,14,0,45,1254,443,46,1,1744,0,0,0,1744
08/04/2002,LAX,CA,AWP,WE,Combined TRACON& Tower with Radar,1259,494,33,1,1787,0,10,1,2,13,1259,504,34,3,1800,0,0,0,1800
08/05/2002,LAX,CA,AWP,WE,Combined TRACON& Tower with Radar,1323,517,35,1,1876,0,0,16,6,22,1323,517,51,7,1898,0,0,0,1898
08/06/2002,LAX,CA,AWP,WE,Combined TRACON& Tower with Radar,1298,510,34,1,1843,0,9,23,6,38,1298,519,57,7,1881,0,0,0,1881
08/07/2002,LAX,CA,AWP,WE,Combined TRACON& Tower with Radar,1326,521,32,1,1880,0,10,0,5,15,1326,531,32,6,1895,0,0,0,1895
08/08/2002,LAX,CA,AWP,WE,Combined TRACON& Tower with Radar,1339,526,35,1,1901,0,10,6,3,19,1339,536,41,4,1920,0,0,0,1920
08/09/2002,LAX,CA,AWP,WE,Combined TRACON& Tower with Radar,1326,510,34,1,1871,0,0,0,0,0,1326,510,34,1,1871,0,0,0,1871
08/10/2002,LAX,CA,AWP,WE,Combined TRACON& Tower with Radar,1222,480,32,1,1735,0,9,0,3,12,1222,489,32,4,1747,0,0,0,1747
08/11/2002,LAX,CA,AWP,WE,Combined TRACON& Tower with Radar,1272,499,34,1,1806,0,10,7,3,20,1272,509,41,4,1826,0,0,0,1826
08/12/2002,LAX,CA,AWP,WE,Combined TRACON& Tower with Radar,1286,510,34,1,1831,0,12,16,6,34,1286,522,50,7,1865,0,0,0,1865
08/13/2002,LAX,CA,AWP,WE,Combined TRACON& Tower with Radar,1333,501,35,2,1871,19,0,18,10,47,1352,501,53,12,1918,0,0,0,1918
08/14/2002,LAX,CA,AWP,WE,Combined TRACON& Tower with Radar,1373,522,35,2,1932,0,0,22,4,26,1373,522,57,6,1958,0,0,0,1958
08/15/2002,LAX,CA,AWP,WE,Combined TRACON& Tower with Radar,1331,522,34,2,1889,0,10,8,4,22,1331,532,42,6,1911,0,0,0,1911
08/16/2002,LAX,CA,AWP,WE,Combined TRACON& Tower with Radar,1341,518,35,1,1895,0,0,5,0,5,1341,518,40,1,1900,0,0,0,1900
08/17/2002,LAX,CA,AWP,WE,Combined TRACON& Tower with Radar,1280,502,33,2,1817,0,10,2,2,14,1280,512,35,4,1831,0,0,0,1831
08/18/2002,LAX,CA,AWP,WE,Combined TRACON& Tower with Radar,1258,494,32,2,1786,0,9,6,0,15,1258,503,38,2,1801,0,0,0,1801
08/19/2002,LAX,CA,AWP,WE,Combined TRACON& Tower with Radar,1303,512,34,2,1851,0,11,12,2,25,1303,523,46,4,1876,0,0,0,1876
08/20/2002,LAX,CA,AWP,WE,Combined TRACON& Tower with Radar,1305,512,34,2,1853,0,10,2,1,13,1305,522,36,3,1866,0,0,0,1866
08/21/2002,LAX,CA,AWP,WE,Combined TRACON& Tower with Radar,1345,516,35,2,1898,0,0,26,0,26,1345,516,61,2,1924,0,0,0,1924
08/22/2002,LAX,CA,AWP,WE,Combined TRACON& Tower with Radar,1345,527,35,2,1909,0,11,6,5,22,1345,538,41,7,1931,0,0,0,1931
08/23/2002,LAX,CA,AWP,WE,Combined TRACON& Tower with Radar,1333,522,34,2,1891,0,11,10,14,35,1333,533,44,16,1926,0,0,0,1926
08/24/2002,LAX,CA,AWP,WE,Combined TRACON& Tower with Radar,1209,460,31,2,1702,15,0,5,1,21,1224,460,36,3,1723,0,0,0,1723
08/25/2002,LAX,CA,AWP,WE,Combined TRACON& Tower with Radar,1293,491,33,2,1819,28,0,19,6,53,1321,491,52,8,1872,0,0,0,1872
08/26/2002,LAX,CA,AWP,WE,Combined TRACON& Tower with Radar,1309,511,33,2,1855,0,1,14,3,18,1309,512,47,5,1873,0,0,0,1873
08/27/2002,LAX,CA,AWP,WE,Combined TRACON& Tower with Radar,1306,511,32,2,1851,0,11,0,2,13,1306,522,32,4,1864,0,0,0,1864
08/28/2002,LAX,CA,AWP,WE,Combined TRACON& Tower with Radar,1326,515,34,2,1877,0,0,29,7,36,1326,515,63,9,1913,0,0,0,1913
08/29/2002,LAX,CA,AWP,WE,Combined TRACON& Tower with Radar,1334,524,34,1,1893,0,10,29,13,52,1334,534,63,14,1945,0,0,0,1945
08/30/2002,LAX,CA,AWP,WE,Combined TRACON& Tower with Radar,1325,507,34,1,1867,5,0,19,4,28,1330,507,53,5,1895,0,0,0,1895
08/31/2002,LAX,CA,AWP,WE,Combined TRACON& Tower with Radar,1167,458,30,1,1656,0,16,3,3,22,1167,474,33,4,1678,0,0,0,1678
09/01/2002,LAX,CA,AWP,WE,Combined TRACON& Tower with Radar,1130,425,17,1,1573,41,0,0,5,46,1171,425,17,6,1619,0,0,0,1619
09/02/2002,LAX,CA,AWP,WE,Combined TRACON& Tower with Radar,1231,487,27,1,1746,21,0,0,4,25,1252,487,27,5,1771,0,0,0,1771
09/03/2002,LAX,CA,AWP,WE,Combined TRACON& Tower with Radar,1283,512,32,1,1828,0,7,0,5,12,1283,519,32,6,1840,0,0,0,1840
09/04/2002,LAX,CA,AWP,WE,Combined TRACON& Tower with Radar,1305,530,37,1,1873,0,14,13,4,31,1305,544,50,5,1904,0,0,0,1904
09/05/2002,LAX,CA,AWP,WE,Combined TRACON& Tower with Radar,1253,515,21,0,1789,0,0,0,0,0,1253,515,21,0,1789,0,0,0,1789
09/06/2002,LAX,CA,AWP,WE,Combined TRACON& Tower with Radar,1292,516,36,1,1845,4,2,10,9,25,1296,518,46,10,1870,0,0,0,1870
09/07/2002,LAX,CA,AWP,WE,Combined TRACON& Tower with Radar,1161,463,32,1,1657,3,10,0,0,13,1164,473,32,1,1670,0,0,0,1670
09/08/2002,LAX,CA,AWP,WE,Combined TRACON& Tower with Radar,1206,483,33,1,1723,0,6,1,6,13,1206,489,34,7,1736,0,0,0,1736
09/09/2002,LAX,CA,AWP,WE,Combined TRACON& Tower with Radar,1242,501,35,1,1779,0,6,22,1,29,1242,507,57,2,1808,0,0,0,1808
09/10/2002,LAX,CA,AWP,WE,Combined TRACON& Tower with Radar,1257,501,35,1,1794,3,3,28,8,42,1260,504,63,9,1836,0,0,0,1836
09/11/2002,LAX,CA,AWP,WE,Combined TRACON& Tower with Radar,1144,456,31,2,1633,3,3,2,2,10,1147,459,33,4,1643,0,0,0,1643
09/12/2002,LAX,CA,AWP,WE,Combined TRACON& Tower with Radar,1295,516,35,2,1848,3,3,15,2,23,1298,519,50,4,1871,0,0,0,1871
09/13/2002,LAX,CA,AWP,WE,Combined TRACON& Tower with Radar,1274,508,34,2,1818,3,3,2,6,14,1277,511,36,8,1832,0,0,0,1832
09/14/2002,LAX,CA,AWP,WE,Combined TRACON& Tower with Radar,1136,447,30,1,1614,10,0,2,0,12,1146,447,32,1,1626,0,0,0,1626
09/15/2002,LAX,CA,AWP,WE,Combined TRACON& Tower with Radar,1204,478,31,2,1715,13,0,0,1,14,1217,478,31,3,1729,0,0,0,1729
09/16/2002,LAX,CA,AWP,WE,Combined TRACON& Tower with Radar,1261,503,34,2,1800,0,1,16,1,18,1261,504,50,3,1818,0,0,0,1818
09/17/2002,LAX,CA,AWP,WE,Combined TRACON& Tower with Radar,1247,499,34,2,1782,0,0,17,7,24,1247,499,51,9,1806,0,0,0,1806
09/18/2002,LAX,CA,AWP,WE,Combined TRACON& Tower with Radar,1276,510,26,0,1812,0,0,0,0,0,1276,510,26,0,1812,0,0,0,1812
09/19/2002,LAX,CA,AWP,WE,Combined TRACON& Tower with Radar,1244,498,34,2,1778,0,0,24,5,29,1244,498,58,7,1807,0,0,0,1807
09/20/2002,LAX,CA,AWP,WE,Combined TRACON& Tower with Radar,1299,520,35,2,1856,0,0,19,4,23,1299,520,54,6,1879,0,0,0,1879
09/21/2002,LAX,CA,AWP,WE,Combined TRACON& Tower with Radar,1146,455,23,1,1625,14,0,0,0,14,1160,455,23,1,1639,0,0,0,1639
09/22/2002,LAX,CA,AWP,WE,Combined TRACON& Tower with Radar,1198,471,32,2,1703,0,0,20,3,23,1198,471,52,5,1726,0,0,0,1726
09/23/2002,LAX,CA,AWP,WE,Combined TRACON& Tower with Radar,1261,493,34,2,1790,1,0,28,7,36,1262,493,62,9,1826,0,0,0,1826
09/24/2002,LAX,CA,AWP,WE,Combined TRACON& Tower with Radar,1256,494,34,2,1786,0,0,20,4,24,1256,494,54,6,1810,0,0,0,1810
09/25/2002,LAX,CA,AWP,WE,Combined TRACON& Tower with Radar,1296,504,35,2,1837,0,0,19,0,19,1296,504,54,2,1856,0,0,0,1856
09/26/2002,LAX,CA,AWP,WE,Combined TRACON& Tower with Radar,1268,499,34,2,1803,0,0,21,11,32,1268,499,55,13,1835,0,0,0,1835
09/27/2002,LAX,CA,AWP,WE,Combined TRACON& Tower with Radar,1257,494,34,2,1787,0,0,16,3,19,1257,494,50,5,1806,0,0,0,1806
09/28/2002,LAX,CA,AWP,WE,Combined TRACON& Tower with Radar,1179,469,15,0,1663,17,2,0,0,19,1196,471,15,0,1682,0,0,0,1682
09/29/2002,LAX,CA,AWP,WE,Combined TRACON& Tower with Radar,1184,472,23,1,1680,6,9,0,1,16,1190,481,23,2,1696,0,0,0,1696
09/30/2002,LAX,CA,AWP,WE,Combined TRACON& Tower with Radar,1237,502,34,1,1774,0,17,18,7,42,1237,519,52,8,1816,0,0,0,1816
10/01/2002,LAX,CA,AWP,WE,Combined TRACON& Tower with Radar,1256,508,49,2,1815,20,3,0,0,23,1276,511,49,2,1838,0,0,0,1838
10/02/2002,LAX,CA,AWP,WE,Combined TRACON& Tower with Radar,1283,519,52,3,1857,12,12,12,3,39,1295,531,64,6,1896,0,0,0,1896
10/03/2002,LAX,CA,AWP,WE,Combined TRACON& Tower with Radar,1286,520,52,3,1861,21,3,1,2,27,1307,523,53,5,1888,0,0,0,1888
10/04/2002,LAX,CA,AWP,WE,Combined TRACON& Tower with Radar,1271,514,52,3,1840,21,3,2,14,40,1292,517,54,17,1880,0,0,0,1880
10/05/2002,LAX,CA,AWP,WE,Combined TRACON& Tower with Radar,969,350,46,2,1367,0,0,246,52,298,969,350,292,54,1665,0,0,0,1665
10/06/2002,LAX,CA,AWP,WE,Combined TRACON& Tower with Radar,1184,479,48,2,1713,2,1,1,0,4,1186,480,49,2,1717,0,0,0,1717
10/07/2002,LAX,CA,AWP,WE,Combined TRACON& Tower with Radar,1250,506,50,2,1808,3,1,21,0,25,1253,507,71,2,1833,0,0,0,1833
10/08/2002,LAX,CA,AWP,WE,Combined TRACON& Tower with Radar,1232,499,30,3,1764,20,2,0,3,25,1252,501,30,6,1789,0,0,0,1789
10/09/2002,LAX,CA,AWP,WE,Combined TRACON& Tower with Radar,1260,510,40,3,1813,3,16,0,4,23,1263,526,40,7,1836,0,0,0,1836
10/10/2002,LAX,CA,AWP,WE,Combined TRACON& Tower with Radar,1278,517,51,3,1849,3,1,2,4,10,1281,518,53,7,1859,0,0,0,1859
10/11/2002,LAX,CA,AWP,WE,Combined TRACON& Tower with Radar,1258,509,50,3,1820,1,9,0,5,15,1259,518,50,8,1835,0,0,0,1835
10/12/2002,LAX,CA,AWP,WE,Combined TRACON& Tower with Radar,1146,464,33,0,1643,17,0,0,0,17,1163,464,33,0,1660,0,0,0,1660
10/13/2002,LAX,CA,AWP,WE,Combined TRACON& Tower with Radar,1218,493,48,3,1762,3,1,5,3,12,1221,494,53,6,1774,0,0,0,1774
10/14/2002,LAX,CA,AWP,WE,Combined TRACON& Tower with Radar,1242,507,49,3,1801,0,5,9,1,15,1242,512,58,4,1816,0,0,0,1816
10/15/2002,LAX,CA,AWP,WE,Combined TRACON& Tower with Radar,1251,507,49,3,1810,3,0,4,0,7,1254,507,53,3,1817,0,0,0,1817
10/16/2002,LAX,CA,AWP,WE,Combined TRACON& Tower with Radar,1287,521,51,3,1862,3,1,11,4,19,1290,522,62,7,1881,0,0,0,1881
10/17/2002,LAX,CA,AWP,WE,Combined TRACON& Tower with Radar,1272,515,51,3,1841,3,1,12,3,19,1275,516,63,6,1860,0,0,0,1860
10/18/2002,LAX,CA,AWP,WE,Combined TRACON& Tower with Radar,1256,509,36,3,1804,23,0,0,3,26,1279,509,36,6,1830,0,0,0,1830
10/19/2002,LAX,CA,AWP,WE,Combined TRACON& Tower with Radar,1148,464,28,2,1642,20,0,0,0,20,1168,464,28,2,1662,0,0,0,1662
10/20/2002,LAX,CA,AWP,WE,Combined TRACON& Tower with Radar,1201,481,48,3,1733,5,0,9,1,15,1206,481,57,4,1748,0,0,0,1748
10/21/2002,LAX,CA,AWP,WE,Combined TRACON& Tower with Radar,1230,497,48,3,1778,2,1,3,8,14,1232,498,51,11,1792,0,0,0,1792
10/22/2002,LAX,CA,AWP,WE,Combined TRACON& Tower with Radar,1216,491,49,3,1759,2,2,5,16,25,1218,493,54,19,1784,0,0,0,1784
10/23/2002,LAX,CA,AWP,WE,Combined TRACON& Tower with Radar,1267,512,50,3,1832,2,1,17,17,37,1269,513,67,20,1869,0,0,0,1869
10/24/2002,LAX,CA,AWP,WE,Combined TRACON& Tower with Radar,1211,506,49,3,1769,0,51,4,2,57,1211,557,53,5,1826,0,0,0,1826
10/25/2002,LAX,CA,AWP,WE,Combined TRACON& Tower with Radar,1270,513,50,3,1836,2,1,0,8,11,1272,514,50,11,1847,0,0,0,1847
10/26/2002,LAX,CA,AWP,WE,Combined TRACON& Tower with Radar,1155,466,46,3,1670,2,2,5,0,9,1157,468,51,3,1679,0,0,0,1679
10/27/2002,LAX,CA,AWP,WE,Combined TRACON& Tower with Radar,1184,478,43,0,1705,9,5,0,0,14,1193,483,43,0,1719,0,0,0,1719
10/28/2002,LAX,CA,AWP,WE,Combined TRACON& Tower with Radar,1223,494,35,3,1755,17,5,0,1,23,1240,499,35,4,1778,0,0,0,1778
10/29/2002,LAX,CA,AWP,WE,Combined TRACON& Tower with Radar,1250,505,49,3,1807,2,1,5,1,9,1252,506,54,4,1816,0,0,0,1816
10/30/2002,LAX,CA,AWP,WE,Combined TRACON& Tower with Radar,1275,514,51,3,1843,10,0,7,15,32,1285,514,58,18,1875,0,0,0,1875
10/31/2002,LAX,CA,AWP,WE,Combined TRACON& Tower with Radar,1261,509,50,3,1823,2,2,1,7,12,1263,511,51,10,1835,0,0,0,1835
11/01/2002,LAX,CA,AWP,WE,Combined TRACON& Tower with Radar,1243,503,43,1,1790,0,0,29,7,36,1243,503,72,8,1826,0,0,0,1826
11/02/2002,LAX,CA,AWP,WE,Combined TRACON& Tower with Radar,1126,455,39,1,1621,0,0,16,3,19,1126,455,55,4,1640,0,0,0,1640
11/03/2002,LAX,CA,AWP,WE,Combined TRACON& Tower with Radar,1201,487,25,1,1714,12,12,0,2,26,1213,499,25,3,1740,0,0,0,1740
11/04/2002,LAX,CA,AWP,WE,Combined TRACON& Tower with Radar,1227,497,42,1,1767,0,0,8,5,13,1227,497,50,6,1780,0,0,0,1780
11/05/2002,LAX,CA,AWP,WE,Combined TRACON& Tower with Radar,1253,507,44,1,1805,0,0,6,4,10,1253,507,50,5,1815,0,0,0,1815
11/06/2002,LAX,CA,AWP,WE,Combined TRACON& Tower with Radar,1286,514,44,1,1845,19,0,7,2,28,1305,514,51,3,1873,0,0,0,1873
11/07/2002,LAX,CA,AWP,WE,Combined TRACON& Tower with Radar,1255,509,43,2,1809,23,8,5,0,36,1278,517,48,2,1845,0,0,0,1845
11/08/2002,LAX,CA,AWP,WE,Combined TRACON& Tower with Radar,1247,504,42,2,1795,0,0,5,0,5,1247,504,47,2,1800,0,0,0,1800
11/09/2002,LAX,CA,AWP,WE,Combined TRACON& Tower with Radar,1119,453,38,2,1612,0,0,4,0,4,1119,453,42,2,1616,0,0,0,1616
11/10/2002,LAX,CA,AWP,WE,Combined TRACON& Tower with Radar,1176,477,39,2,1694,13,2,1,4,20,1189,479,40,6,1714,0,0,0,1714
11/11/2002,LAX,CA,AWP,WE,Combined TRACON& Tower with Radar,1233,500,35,2,1770,5,9,0,4,18,1238,509,35,6,1788,0,0,0,1788
11/12/2002,LAX,CA,AWP,WE,Combined TRACON& Tower with Radar,1253,507,43,2,1805,0,0,36,6,42,1253,507,79,8,1847,0,0,0,1847
11/13/2002,LAX,CA,AWP,WE,Combined TRACON& Tower with Radar,1261,510,42,2,1815,4,1,10,4,19,1265,511,52,6,1834,0,0,0,1834
11/14/2002,LAX,CA,AWP,WE,Combined TRACON& Tower with Radar,1249,505,42,2,1798,0,0,18,0,18,1249,505,60,2,1816,0,0,0,1816
11/15/2002,LAX,CA,AWP,WE,Combined TRACON& Tower with Radar,1257,508,42,2,1809,0,0,18,6,24,1257,508,60,8,1833,0,0,0,1833
11/16/2002,LAX,CA,AWP,WE,Combined TRACON& Tower with Radar,1093,442,37,2,1574,0,0,5,3,8,1093,442,42,5,1582,0,0,0,1582
11/17/2002,LAX,CA,AWP,WE,Combined TRACON& Tower with Radar,1202,488,41,2,1733,0,0,10,2,12,1202,488,51,4,1745,0,0,0,1745
11/18/2002,LAX,CA,AWP,WE,Combined TRACON& Tower with Radar,1214,491,41,2,1748,0,0,20,2,22,1214,491,61,4,1770,0,0,0,1770
11/19/2002,LAX,CA,AWP,WE,Combined TRACON& Tower with Radar,1230,497,41,2,1770,0,0,26,4,30,1230,497,67,6,1800,0,0,0,1800
11/20/2002,LAX,CA,AWP,WE,Combined TRACON& Tower with Radar,1261,510,43,2,1816,0,0,10,2,12,1261,510,53,4,1828,0,0,0,1828
11/21/2002,LAX,CA,AWP,WE,Combined TRACON& Tower with Radar,1275,516,43,2,1836,0,0,36,5,41,1275,516,79,7,1877,0,0,0,1877
11/22/2002,LAX,CA,AWP,WE,Combined TRACON& Tower with Radar,1286,520,43,2,1851,0,0,24,2,26,1286,520,67,4,1877,0,0,0,1877
11/23/2002,LAX,CA,AWP,WE,Combined TRACON& Tower with Radar,1123,454,30,0,1607,5,9,0,0,14,1128,463,30,0,1621,0,0,0,1621
11/24/2002,LAX,CA,AWP,WE,Combined TRACON& Tower with Radar,1217,492,36,2,1747,1,9,0,2,12,1218,501,36,4,1759,0,0,0,1759
11/25/2002,LAX,CA,AWP,WE,Combined TRACON& Tower with Radar,1225,496,35,2,1758,6,8,0,11,25,1231,504,35,13,1783,0,0,0,1783
11/26/2002,LAX,CA,AWP,WE,Combined TRACON& Tower with Radar,1247,504,42,1,1794,0,0,5,1,6,1247,504,47,2,1800,0,0,0,1800
11/27/2002,LAX,CA,AWP,WE,Combined TRACON& Tower with Radar,1293,523,43,1,1860,0,0,43,3,46,1293,523,86,4,1906,0,0,0,1906
11/28/2002,LAX,CA,AWP,WE,Combined TRACON& Tower with Radar,990,400,33,1,1424,0,0,15,1,16,990,400,48,2,1440,0,0,0,1440
11/29/2002,LAX,CA,AWP,WE,Combined TRACON& Tower with Radar,1051,425,35,1,1512,0,0,7,5,12,1051,425,42,6,1524,0,0,0,1524
11/30/2002,LAX,CA,AWP,WE,Combined TRACON& Tower with Radar,1133,458,38,1,1630,0,0,5,1,6,1133,458,43,2,1636,0,0,0,1636
12/01/2002,LAX,CA,AWP,WE,Combined TRACON& Tower with Radar,1246,498,28,1,1773,0,1,22,1,24,1246,499,50,2,1797,0,0,0,1797
12/02/2002,LAX,CA,AWP,WE,Combined TRACON& Tower with Radar,1219,493,28,1,1741,0,14,23,7,44,1219,507,51,8,1785,0,0,0,1785
12/03/2002,LAX,CA,AWP,WE,Combined TRACON& Tower with Radar,1286,513,29,1,1829,0,1,9,1,11,1286,514,38,2,1840,0,0,0,1840
12/04/2002,LAX,CA,AWP,WE,Combined TRACON& Tower with Radar,1295,517,29,1,1842,0,1,4,5,10,1295,518,33,6,1852,0,0,0,1852
12/05/2002,LAX,CA,AWP,WE,Combined TRACON& Tower with Radar,1286,513,29,1,1829,0,1,23,12,36,1286,514,52,13,1865,0,0,0,1865
12/06/2002,LAX,CA,AWP,WE,Combined TRACON& Tower with Radar,1314,524,30,1,1869,567,1,4,8,580,1881,525,34,9,2449,0,0,0,2449
12/07/2002,LAX,CA,AWP,WE,Combined TRACON& Tower with Radar,1178,471,25,2,1676,0,0,4,2,6,1178,471,29,4,1682,0,0,0,1682
12/08/2002,LAX,CA,AWP,WE,Combined TRACON& Tower with Radar,1215,485,27,2,1729,0,1,0,0,1,1215,486,27,2,1730,0,0,0,1730
12/09/2002,LAX,CA,AWP,WE,Combined TRACON& Tower with Radar,1241,496,27,2,1766,0,1,7,5,13,1241,497,34,7,1779,0,0,0,1779
12/10/2002,LAX,CA,AWP,WE,Combined TRACON& Tower with Radar,1238,496,27,0,1761,0,0,0,0,0,1238,496,27,0,1761,0,0,0,1761
12/11/2002,LAX,CA,AWP,WE,Combined TRACON& Tower with Radar,1286,513,28,2,1829,0,1,27,8,36,1286,514,55,10,1865,0,0,0,1865
12/12/2002,LAX,CA,AWP,WE,Combined TRACON& Tower with Radar,1295,517,28,2,1842,0,1,26,13,40,1295,518,54,15,1882,0,0,0,1882
12/13/2002,LAX,CA,AWP,WE,Combined TRACON& Tower with Radar,1272,508,28,2,1810,0,1,26,4,31,1272,509,54,6,1841,0,0,0,1841
12/14/2002,LAX,CA,AWP,WE,Combined TRACON& Tower with Radar,1192,476,26,2,1696,0,1,12,2,15,1192,477,38,4,1711,0,0,0,1711
12/15/2002,LAX,CA,AWP,WE,Combined TRACON& Tower with Radar,1215,485,27,2,1729,0,1,5,0,6,1215,486,32,2,1735,0,0,0,1735
12/16/2002,LAX,CA,AWP,WE,Combined TRACON& Tower with Radar,1199,466,26,1,1692,4,0,13,0,17,1203,466,39,1,1709,0,0,0,1709
12/17/2002,LAX,CA,AWP,WE,Combined TRACON& Tower with Radar,1258,502,27,2,1789,0,1,3,11,15,1258,503,30,13,1804,0,0,0,1804
12/18/2002,LAX,CA,AWP,WE,Combined TRACON& Tower with Radar,1298,517,29,2,1846,0,2,15,6,23,1298,519,44,8,1869,0,0,0,1869
12/19/2002,LAX,CA,AWP,WE,Combined TRACON& Tower with Radar,1284,511,28,2,1825,0,2,16,7,25,1284,513,44,9,1850,0,0,0,1850
12/20/2002,LAX,CA,AWP,WE,Combined TRACON& Tower with Radar,1328,529,29,2,1888,0,2,13,8,23,1328,531,42,10,1911,0,0,0,1911
12/21/2002,LAX,CA,AWP,WE,Combined TRACON& Tower with Radar,1222,487,27,2,1738,0,2,2,0,4,1222,489,29,2,1742,0,0,0,1742
12/22/2002,LAX,CA,AWP,WE,Combined TRACON& Tower with Radar,1227,479,27,2,1735,11,0,7,0,18,1238,479,34,2,1753,0,0,0,1753
12/23/2002,LAX,CA,AWP,WE,Combined TRACON& Tower with Radar,1216,491,26,2,1735,0,27,0,2,29,1216,518,26,4,1764,0,0,0,1764
12/24/2002,LAX,CA,AWP,WE,Combined TRACON& Tower with Radar,1127,449,22,2,1600,81,65,0,0,146,1208,514,22,2,1746,0,0,0,1746
12/25/2002,LAX,CA,AWP,WE,Combined TRACON& Tower with Radar,1057,421,23,1,1502,0,2,0,0,2,1057,423,23,1,1504,0,0,0,1504
12/26/2002,LAX,CA,AWP,WE,Combined TRACON& Tower with Radar,1247,498,27,1,1773,0,1,11,7,19,1247,499,38,8,1792,0,0,0,1792
12/27/2002,LAX,CA,AWP,WE,Combined TRACON& Tower with Radar,1257,491,27,1,1776,10,0,13,9,32,1267,491,40,10,1808,0,0,0,1808
12/28/2002,LAX,CA,AWP,WE,Combined TRACON& Tower with Radar,1175,448,25,1,1649,15,0,27,3,45,1190,448,52,4,1694,0,0,0,1694
12/29/2002,LAX,CA,AWP,WE,Combined TRACON& Tower with Radar,1205,473,17,1,1696,24,0,0,3,27,1229,473,17,4,1723,0,0,0,1723
12/30/2002,LAX,CA,AWP,WE,Combined TRACON& Tower with Radar,1205,470,26,1,1702,9,0,10,2,21,1214,470,36,3,1723,0,0,0,1723
12/31/2002,LAX,CA,AWP,WE,Combined TRACON& Tower with Radar,1132,423,10,0,1565,19,0,0,0,19,1151,423,10,0,1584,0,0,0,1584
01/01/2003,LAX,CA,AWP,WE,Combined TRACON& Tower with Radar,1132,455,28,1,1616,5,0,0,3,8,1137,455,28,4,1624,0,0,0,1624
01/02/2003,LAX,CA,AWP,WE,Combined TRACON& Tower with Radar,1323,532,33,1,1889,6,0,15,2,23,1329,532,48,3,1912,0,0,0,1912
01/03/2003,LAX,CA,AWP,WE,Combined TRACON& Tower with Radar,1268,527,33,1,1829,0,10,35,4,49,1268,537,68,5,1878,0,0,0,1878
01/04/2003,LAX,CA,AWP,WE,Combined TRACON& Tower with Radar,1141,459,29,1,1630,6,0,7,7,20,1147,459,36,8,1650,0,0,0,1650
01/05/2003,LAX,CA,AWP,WE,Combined TRACON& Tower with Radar,1204,483,30,1,1718,0,0,12,2,14,1204,483,42,3,1732,0,0,0,1732
01/06/2003,LAX,CA,AWP,WE,Combined TRACON& Tower with Radar,1213,494,31,1,1739,0,13,6,1,20,1213,507,37,2,1759,0,0,0,1759
01/07/2003,LAX,CA,AWP,WE,Combined TRACON& Tower with Radar,1202,487,30,1,1720,8,4,3,1,16,1210,491,33,2,1736,0,0,0,1736
01/08/2003,LAX,CA,AWP,WE,Combined TRACON& Tower with Radar,1234,496,30,2,1762,7,0,2,4,13,1241,496,32,6,1775,0,0,0,1775
01/09/2003,LAX,CA,AWP,WE,Combined TRACON& Tower with Radar,1216,489,30,2,1737,6,0,23,10,39,1222,489,53,12,1776,0,0,0,1776
01/10/2003,LAX,CA,AWP,WE,Combined TRACON& Tower with Radar,1262,507,31,2,1802,6,0,16,5,27,1268,507,47,7,1829,0,0,0,1829
01/11/2003,LAX,CA,AWP,WE,Combined TRACON& Tower with Radar,1111,449,27,2,1589,145,53,12,2,212,1256,502,39,4,1801,91,2,93,1894
01/12/2003,LAX,CA,AWP,WE,Combined TRACON& Tower with Radar,1152,469,28,2,1651,0,0,36,0,36,1152,469,64,2,1687,0,0,0,1687
01/13/2003,LAX,CA,AWP,WE,Combined TRACON& Tower with Radar,1182,489,29,2,1702,0,16,30,1,47,1182,505,59,3,1749,0,0,0,1749
01/14/2003,LAX,CA,AWP,WE,Combined TRACON& Tower with Radar,1181,475,29,2,1687,6,0,12,19,37,1187,475,41,21,1724,0,0,0,1724
01/15/2003,LAX,CA,AWP,WE,Combined TRACON& Tower with Radar,1216,492,30,2,1740,234,88,2,0,324,1450,580,32,2,2064,0,0,0,2064
01/16/2003,LAX,CA,AWP,WE,Combined TRACON& Tower with Radar,1257,505,31,2,1795,5,0,7,10,22,1262,505,38,12,1817,0,0,0,1817
01/17/2003,LAX,CA,AWP,WE,Combined TRACON& Tower with Radar,1245,500,30,2,1777,4,0,14,6,24,1249,500,44,8,1801,0,0,0,1801
01/18/2003,LAX,CA,AWP,WE,Combined TRACON& Tower with Radar,1066,428,26,2,1522,4,0,10,2,16,1070,428,36,4,1538,116,2,118,1656
01/19/2003,LAX,CA,AWP,WE,Combined TRACON& Tower with Radar,1152,465,22,2,1641,10,0,0,2,12,1162,465,22,4,1653,0,0,0,1653
01/20/2003,LAX,CA,AWP,WE,Combined TRACON& Tower with Radar,1163,478,29,2,1672,0,22,15,6,43,1163,500,44,8,1715,0,0,0,1715
01/21/2003,LAX,CA,AWP,WE,Combined TRACON& Tower with Radar,1203,483,29,2,1717,5,0,8,8,21,1208,483,37,10,1738,0,0,0,1738
01/22/2003,LAX,CA,AWP,WE,Combined TRACON& Tower with Radar,1210,486,29,2,1727,34,0,6,3,43,1244,486,35,5,1770,0,0,0,1770
01/23/2003,LAX,CA,AWP,WE,Combined TRACON& Tower with Radar,1284,516,32,2,1834,6,0,18,6,30,1290,516,50,8,1864,0,0,0,1864
01/24/2003,LAX,CA,AWP,WE,Combined TRACON& Tower with Radar,1302,523,32,2,1859,5,0,13,10,28,1307,523,45,12,1887,0,0,0,1887
01/25/2003,LAX,CA,AWP,WE,Combined TRACON& Tower with Radar,1054,424,26,2,1506,5,0,6,0,11,1059,424,32,2,1517,63,0,63,1580
01/26/2003,LAX,CA,AWP,WE,Combined TRACON& Tower with Radar,1132,474,29,2,1637,0,2,6,0,8,1132,476,35,2,1645,0,0,0,1645
01/27/2003,LAX,CA,AWP,WE,Combined TRACON& Tower with Radar,1245,500,30,2,1777,5,0,4,5,14,1250,500,34,7,1791,0,0,0,1791
01/28/2003,LAX,CA,AWP,WE,Combined TRACON& Tower with Radar,1196,480,29,2,1707,5,0,3,10,18,1201,480,32,12,1725,0,0,0,1725
01/29/2003,LAX,CA,AWP,WE,Combined TRACON& Tower with Radar,1232,495,30,1,1758,5,0,18,8,31,1237,495,48,9,1789,0,0,0,1789
01/30/2003,LAX,CA,AWP,WE,Combined TRACON& Tower with Radar,1233,495,30,1,1759,6,0,8,3,17,1239,495,38,4,1776,0,0,0,1776
01/31/2003,LAX,CA,AWP,WE,Combined TRACON& Tower with Radar,1246,500,30,1,1777,5,0,6,17,28,1251,500,36,18,1805,0,0,0,1805
02/01/2003,LAX,CA,AWP,WE,Combined TRACON& Tower with Radar,1049,423,25,1,1498,8,0,0,0,8,1057,423,25,1,1506,0,0,0,1506
02/02/2003,LAX,CA,AWP,WE,Combined TRACON& Tower with Radar,1137,471,28,1,1637,0,12,11,0,23,1137,483,39,1,1660,0,0,0,1660
02/03/2003,LAX,CA,AWP,WE,Combined TRACON& Tower with Radar,1145,490,30,1,1666,0,5,10,1,16,1145,495,40,2,1682,0,0,0,1682
02/04/2003,LAX,CA,AWP,WE,Combined TRACON& Tower with Radar,1191,480,29,1,1701,8,0,12,12,32,1199,480,41,13,1733,0,0,0,1733
02/05/2003,LAX,CA,AWP,WE,Combined TRACON& Tower with Radar,1229,495,31,1,1756,9,0,7,11,27,1238,495,38,12,1783,0,0,0,1783
02/06/2003,LAX,CA,AWP,WE,Combined TRACON& Tower with Radar,1231,496,30,1,1758,8,0,14,5,27,1239,496,44,6,1785,0,0,0,1785
02/07/2003,LAX,CA,AWP,WE,Combined TRACON& Tower with Radar,1190,504,30,1,1725,0,18,65,4,87,1190,522,95,5,1812,0,0,0,1812
02/08/2003,LAX,CA,AWP,WE,Combined TRACON& Tower with Radar,1048,422,26,1,1497,8,0,3,2,13,1056,422,29,3,1510,0,0,0,1510
02/09/2003,LAX,CA,AWP,WE,Combined TRACON& Tower with Radar,1159,473,29,0,1661,0,7,2,0,9,1159,480,31,0,1670,0,0,0,1670
02/10/2003,LAX,CA,AWP,WE,Combined TRACON& Tower with Radar,1137,474,29,1,1641,0,22,16,7,45,1137,496,45,8,1686,0,0,0,1686
02/11/2003,LAX,CA,AWP,WE,Combined TRACON& Tower with Radar,1183,476,29,1,1689,8,0,12,1,21,1191,476,41,2,1710,0,0,0,1710
02/12/2003,LAX,CA,AWP,WE,Combined TRACON& Tower with Radar,1231,496,29,2,1758,9,0,0,0,9,1240,496,29,2,1767,0,0,0,1767
02/13/2003,LAX,CA,AWP,WE,Combined TRACON& Tower with Radar,1239,499,30,2,1770,8,0,15,19,42,1247,499,45,21,1812,0,0,0,1812
02/14/2003,LAX,CA,AWP,WE,Combined TRACON& Tower with Radar,1240,499,30,2,1771,8,0,34,8,50,1248,499,64,10,1821,0,0,0,1821
02/15/2003,LAX,CA,AWP,WE,Combined TRACON& Tower with Radar,1086,437,26,2,1551,7,0,18,1,26,1093,437,44,3,1577,0,0,0,1577
02/16/2003,LAX,CA,AWP,WE,Combined TRACON& Tower with Radar,1074,439,25,0,1538,0,14,0,0,14,1074,453,25,0,1552,0,0,0,1552
02/17/2003,LAX,CA,AWP,WE,Combined TRACON& Tower with Radar,1145,461,27,2,1635,7,0,11,0,18,1152,461,38,2,1653,0,0,0,1653
02/18/2003,LAX,CA,AWP,WE,Combined TRACON& Tower with Radar,1193,480,28,2,1703,7,0,15,8,30,1200,480,43,10,1733,0,0,0,1733
02/19/2003,LAX,CA,AWP,WE,Combined TRACON& Tower with Radar,1228,494,29,2,1753,8,0,14,6,28,1236,494,43,8,1781,0,0,0,1781
02/20/2003,LAX,CA,AWP,WE,Combined TRACON& Tower with Radar,1253,504,30,2,1789,7,0,50,5,62,1260,504,80,7,1851,0,0,0,1851
02/21/2003,LAX,CA,AWP,WE,Combined TRACON& Tower with Radar,1250,503,30,2,1785,7,0,15,4,26,1257,503,45,6,1811,0,0,0,1811
02/22/2003,LAX,CA,AWP,WE,Combined TRACON& Tower with Radar,1033,416,24,2,1475,6,0,4,1,11,1039,416,28,3,1486,0,0,0,1486
02/23/2003,LAX,CA,AWP,WE,Combined TRACON& Tower with Radar,1143,469,28,1,1641,0,10,10,0,20,1143,479,38,1,1661,0,0,0,1661
02/24/2003,LAX,CA,AWP,WE,Combined TRACON& Tower with Radar,1182,487,28,2,1699,0,11,30,4,45,1182,498,58,6,1744,0,0,0,1744
02/25/2003,LAX,CA,AWP,WE,Combined TRACON& Tower with Radar,1209,486,29,2,1726,7,0,10,4,21,1216,486,39,6,1747,0,0,0,1747
02/26/2003,LAX,CA,AWP,WE,Combined TRACON& Tower with Radar,1225,493,29,1,1748,7,0,60,3,70,1232,493,89,4,1818,0,0,0,1818
02/27/2003,LAX,CA,AWP,WE,Combined TRACON& Tower with Radar,1233,496,29,1,1759,8,0,13,5,26,1241,496,42,6,1785,0,0,0,1785
02/28/2003,LAX,CA,AWP,WE,Combined TRACON& Tower with Radar,1252,504,30,1,1787,7,0,6,7,20,1259,504,36,8,1807,0,0,0,1807
03/01/2003,LAX,CA,AWP,WE,Combined TRACON& Tower with Radar,1058,435,27,1,1521,0,7,19,2,28,1058,442,46,3,1549,0,0,0,1549
03/02/2003,LAX,CA,AWP,WE,Combined TRACON& Tower with Radar,1144,463,28,1,1636,1,7,1,6,15,1145,470,29,7,1651,0,0,0,1651
03/03/2003,LAX,CA,AWP,WE,Combined TRACON& Tower with Radar,1188,483,30,1,1702,0,0,30,2,32,1188,483,60,3,1734,0,0,0,1734
03/04/2003,LAX,CA,AWP,WE,Combined TRACON& Tower with Radar,1209,486,30,1,1726,5,0,24,13,42,1214,486,54,14,1768,0,0,0,1768
03/05/2003,LAX,CA,AWP,WE,Combined TRACON& Tower with Radar,1216,489,30,1,1736,6,0,9,5,20,1222,489,39,6,1756,0,0,0,1756
03/06/2003,LAX,CA,AWP,WE,Combined TRACON& Tower with Radar,1232,495,31,1,1759,6,0,10,10,26,1238,495,41,11,1785,0,0,0,1785
03/07/2003,LAX,CA,AWP,WE,Combined TRACON& Tower with Radar,1258,506,31,1,1796,6,0,1,3,10,1264,506,32,4,1806,0,0,0,1806
03/08/2003,LAX,CA,AWP,WE,Combined TRACON& Tower with Radar,1074,430,27,1,1532,0,0,4,5,9,1074,430,31,6,1541,0,0,0,1541
03/09/2003,LAX,CA,AWP,WE,Combined TRACON& Tower with Radar,1177,477,29,1,1684,0,0,13,1,14,1177,477,42,2,1698,0,0,0,1698
03/10/2003,LAX,CA,AWP,WE,Combined TRACON& Tower with Radar,1182,482,30,1,1695,0,12,13,14,39,1182,494,43,15,1734,0,0,0,1734
03/11/2003,LAX,CA,AWP,WE,Combined TRACON& Tower with Radar,1196,481,30,1,1708,5,0,4,2,11,1201,481,34,3,1719,0,0,0,1719
03/12/2003,LAX,CA,AWP,WE,Combined TRACON& Tower with Radar,1230,495,31,1,1757,6,0,7,4,17,1236,495,38,5,1774,0,0,0,1774
03/13/2003,LAX,CA,AWP,WE,Combined TRACON& Tower with Radar,1266,509,30,1,1806,6,0,0,4,10,1272,509,30,5,1816,0,0,0,1816
03/14/2003,LAX,CA,AWP,WE,Combined TRACON& Tower with Radar,1265,508,30,2,1805,6,0,7,4,17,1271,508,37,6,1822,0,0,0,1822
03/15/2003,LAX,CA,AWP,WE,Combined TRACON& Tower with Radar,1088,437,24,2,1551,5,0,0,2,7,1093,437,24,4,1558,0,0,0,1558
03/16/2003,LAX,CA,AWP,WE,Combined TRACON& Tower with Radar,1036,414,28,2,1480,0,0,0,4,4,1036,414,28,6,1484,0,0,0,1484
03/17/2003,LAX,CA,AWP,WE,Combined TRACON& Tower with Radar,1162,474,28,2,1666,0,18,2,1,21,1162,492,30,3,1687,0,0,0,1687
03/18/2003,LAX,CA,AWP,WE,Combined TRACON& Tower with Radar,1120,450,27,2,1599,6,0,18,5,29,1126,450,45,7,1628,0,0,0,1628
03/19/2003,LAX,CA,AWP,WE,Combined TRACON& Tower with Radar,1218,490,30,2,1740,6,0,14,7,27,1224,490,44,9,1767,0,0,0,1767
03/20/2003,LAX,CA,AWP,WE,Combined TRACON& Tower with Radar,1233,495,30,2,1760,5,0,23,7,35,1238,495,53,9,1795,0,0,0,1795
03/21/2003,LAX,CA,AWP,WE,Combined TRACON& Tower with Radar,1262,507,30,2,1801,5,0,25,5,35,1267,507,55,7,1836,0,0,0,1836
03/22/2003,LAX,CA,AWP,WE,Combined TRACON& Tower with Radar,1121,450,27,2,1600,5,0,25,2,32,1126,450,52,4,1632,0,0,0,1632
03/23/2003,LAX,CA,AWP,WE,Combined TRACON& Tower with Radar,1144,473,28,0,1645,0,2,43,0,45,1144,475,71,0,1690,0,0,0,1690
03/24/2003,LAX,CA,AWP,WE,Combined TRACON& Tower with Radar,1215,496,30,2,1743,0,16,8,3,27,1215,512,38,5,1770,0,0,0,1770
03/25/2003,LAX,CA,AWP,WE,Combined TRACON& Tower with Radar,1228,493,30,2,1753,6,0,25,15,46,1234,493,55,17,1799,0,0,0,1799
03/26/2003,LAX,CA,AWP,WE,Combined TRACON& Tower with Radar,1280,514,31,2,1827,6,0,11,7,24,1286,514,42,9,1851,0,0,0,1851
03/27/2003,LAX,CA,AWP,WE,Combined TRACON& Tower with Radar,1288,517,31,2,1838,5,0,18,21,44,1293,517,49,23,1882,0,0,0,1882
03/28/2003,LAX,CA,AWP,WE,Combined TRACON& Tower with Radar,1251,502,30,2,1785,5,0,13,7,25,1256,502,43,9,1810,0,0,0,1810
03/29/2003,LAX,CA,AWP,WE,Combined TRACON& Tower with Radar,1065,428,26,2,1521,4,0,15,3,22,1069,428,41,5,1543,0,0,0,1543
03/30/2003,LAX,CA,AWP,WE,Combined TRACON& Tower with Radar,1192,479,29,1,1701,1,0,8,0,9,1193,479,37,1,1710,0,0,0,1710
03/31/2003,LAX,CA,AWP,WE,Combined TRACON& Tower with Radar,1221,497,30,1,1749,0,6,12,1,19,1221,503,42,2,1768,0,0,0,1768
04/01/2003,LAX,CA,AWP,WE,Combined TRACON& Tower with Radar,1173,471,30,1,1675,0,5,26,6,37,1173,476,56,7,1712,0,0,0,1712
04/02/2003,LAX,CA,AWP,WE,Combined TRACON& Tower with Radar,1192,479,31,1,1703,0,5,16,9,30,1192,484,47,10,1733,0,0,0,1733
04/03/2003,LAX,CA,AWP,WE,Combined TRACON& Tower with Radar,1221,486,31,1,1739,10,1,4,8,23,1231,487,35,9,1762,0,0,0,1762
04/04/2003,LAX,CA,AWP,WE,Combined TRACON& Tower with Radar,1180,474,30,1,1685,0,5,20,6,31,1180,479,50,7,1716,0,0,0,1716
04/05/2003,LAX,CA,AWP,WE,Combined TRACON& Tower with Radar,1067,429,27,1,1524,0,4,14,4,22,1067,433,41,5,1546,0,0,0,1546
04/06/2003,LAX,CA,AWP,WE,Combined TRACON& Tower with Radar,1136,455,29,1,1621,0,6,15,1,22,1136,461,44,2,1643,0,0,0,1643
04/07/2003,LAX,CA,AWP,WE,Combined TRACON& Tower with Radar,1201,479,30,1,1711,0,2,9,2,13,1201,481,39,3,1724,0,0,0,1724
04/08/2003,LAX,CA,AWP,WE,Combined TRACON& Tower with Radar,1165,465,29,1,1660,1,1,24,6,32,1166,466,53,7,1692,0,0,0,1692
04/09/2003,LAX,CA,AWP,WE,Combined TRACON& Tower with Radar,1169,468,31,1,1669,0,0,11,8,19,1169,468,42,9,1688,0,0,0,1688
04/10/2003,LAX,CA,AWP,WE,Combined TRACON& Tower with Radar,1176,461,30,1,1668,9,0,29,6,44,1185,461,59,7,1712,0,0,0,1712
04/11/2003,LAX,CA,AWP,WE,Combined TRACON& Tower with Radar,1214,483,31,1,1729,0,3,0,8,11,1214,486,31,9,1740,0,0,0,1740
04/12/2003,LAX,CA,AWP,WE,Combined TRACON& Tower with Radar,1051,418,26,1,1496,1,3,9,0,13,1052,421,35,1,1509,0,0,0,1509
04/13/2003,LAX,CA,AWP,WE,Combined TRACON& Tower with Radar,1148,439,28,2,1617,23,0,4,2,29,1171,439,32,4,1646,0,0,0,1646
04/14/2003,LAX,CA,AWP,WE,Combined TRACON& Tower with Radar,1170,458,29,2,1659,5,0,12,6,23,1175,458,41,8,1682,0,0,0,1682
04/15/2003,LAX,CA,AWP,WE,Combined TRACON& Tower with Radar,1220,485,30,2,1737,0,3,20,4,27,1220,488,50,6,1764,0,0,0,1764
04/16/2003,LAX,CA,AWP,WE,Combined TRACON& Tower with Radar,1171,465,29,2,1667,0,3,12,2,17,1171,468,41,4,1684,0,0,0,1684
04/17/2003,LAX,CA,AWP,WE,Combined TRACON& Tower with Radar,1211,482,29,2,1724,0,2,22,2,26,1211,484,51,4,1750,0,0,0,1750
04/18/2003,LAX,CA,AWP,WE,Combined TRACON& Tower with Radar,1188,472,29,2,1691,0,3,13,4,20,1188,475,42,6,1711,0,0,0,1711
04/19/2003,LAX,CA,AWP,WE,Combined TRACON& Tower with Radar,1026,408,23,1,1458,0,3,0,0,3,1026,411,23,1,1461,0,0,0,1461
04/20/2003,LAX,CA,AWP,WE,Combined TRACON& Tower with Radar,1128,444,27,1,1600,7,0,14,0,21,1135,444,41,1,1621,0,0,0,1621
04/21/2003,LAX,CA,AWP,WE,Combined TRACON& Tower with Radar,1153,451,28,1,1633,4,0,32,10,46,1157,451,60,11,1679,0,0,0,1679
04/22/2003,LAX,CA,AWP,WE,Combined TRACON& Tower with Radar,1194,475,29,1,1699,0,2,8,12,22,1194,477,37,13,1721,0,0,0,1721
04/23/2003,LAX,CA,AWP,WE,Combined TRACON& Tower with Radar,1210,482,30,1,1723,0,2,23,9,34,1210,484,53,10,1757,0,0,0,1757
04/24/2003,LAX,CA,AWP,WE,Combined TRACON& Tower with Radar,1191,474,29,1,1695,0,2,24,11,37,1191,476,53,12,1732,0,0,0,1732
04/25/2003,LAX,CA,AWP,WE,Combined TRACON& Tower with Radar,1249,498,30,1,1778,0,2,16,5,23,1249,500,46,6,1801,0,0,0,1801
04/26/2003,LAX,CA,AWP,WE,Combined TRACON& Tower with Radar,1029,410,25,1,1465,0,2,5,0,7,1029,412,30,1,1472,0,0,0,1472
04/27/2003,LAX,CA,AWP,WE,Combined TRACON& Tower with Radar,1138,450,29,1,1618,0,0,16,1,17,1138,450,45,2,1635,0,0,0,1635
04/28/2003,LAX,CA,AWP,WE,Combined TRACON& Tower with Radar,1163,455,28,1,1647,0,0,30,6,36,1163,455,58,7,1683,0,0,0,1683
04/29/2003,LAX,CA,AWP,WE,Combined TRACON& Tower with Radar,1137,453,25,1,1616,0,2,0,1,3,1137,455,25,2,1619,0,0,0,1619
04/30/2003,LAX,CA,AWP,WE,Combined TRACON& Tower with Radar,1164,464,28,1,1657,0,2,13,9,24,1164,466,41,10,1681,0,0,0,1681
05/01/2003,LAX,CA,AWP,WE,Combined TRACON& Tower with Radar,1168,465,30,1,1664,0,0,18,2,20,1168,465,48,3,1684,0,0,0,1684
05/02/2003,LAX,CA,AWP,WE,Combined TRACON& Tower with Radar,1205,479,30,1,1715,0,3,8,10,21,1205,482,38,11,1736,0,0,0,1736
05/03/2003,LAX,CA,AWP,WE,Combined TRACON& Tower with Radar,1038,412,26,1,1477,0,3,3,0,6,1038,415,29,1,1483,0,0,0,1483
05/04/2003,LAX,CA,AWP,WE,Combined TRACON& Tower with Radar,1114,443,28,1,1586,0,3,13,3,19,1114,446,41,4,1605,0,0,0,1605
05/05/2003,LAX,CA,AWP,WE,Combined TRACON& Tower with Radar,1162,462,29,1,1654,0,3,0,8,11,1162,465,29,9,1665,0,0,0,1665
05/06/2003,LAX,CA,AWP,WE,Combined TRACON& Tower with Radar,1145,455,29,1,1630,0,3,17,14,34,1145,458,46,15,1664,0,0,0,1664
05/07/2003,LAX,CA,AWP,WE,Combined TRACON& Tower with Radar,1163,462,29,1,1655,0,3,21,8,32,1163,465,50,9,1687,0,0,0,1687
05/08/2003,LAX,CA,AWP,WE,Combined TRACON& Tower with Radar,1226,487,31,1,1745,0,3,9,12,24,1226,490,40,13,1769,0,0,0,1769
05/09/2003,LAX,CA,AWP,WE,Combined TRACON& Tower with Radar,1187,472,30,1,1690,0,3,22,7,32,1187,475,52,8,1722,0,0,0,1722
05/10/2003,LAX,CA,AWP,WE,Combined TRACON& Tower with Radar,1025,407,26,1,1459,0,3,31,10,44,1025,410,57,11,1503,0,0,0,1503
05/11/2003,LAX,CA,AWP,WE,Combined TRACON& Tower with Radar,1081,425,26,2,1534,1,0,8,1,10,1082,425,34,3,1544,0,0,0,1544
05/12/2003,LAX,CA,AWP,WE,Combined TRACON& Tower with Radar,1160,456,28,2,1646,5,0,20,2,27,1165,456,48,4,1673,0,0,0,1673
05/13/2003,LAX,CA,AWP,WE,Combined TRACON& Tower with Radar,1156,460,28,2,1646,0,2,17,4,23,1156,462,45,6,1669,0,0,0,1669
05/14/2003,LAX,CA,AWP,WE,Combined TRACON& Tower with Radar,1193,477,30,2,1702,0,0,37,5,42,1193,477,67,7,1744,0,0,0,1744
05/15/2003,LAX,CA,AWP,WE,Combined TRACON& Tower with Radar,1191,473,29,2,1695,0,4,31,9,44,1191,477,60,11,1739,0,0,0,1739
05/16/2003,LAX,CA,AWP,WE,Combined TRACON& Tower with Radar,1216,483,30,2,1731,0,3,17,5,25,1216,486,47,7,1756,0,0,0,1756
05/17/2003,LAX,CA,AWP,WE,Combined TRACON& Tower with Radar,1031,409,23,1,1464,0,3,0,0,3,1031,412,23,1,1467,0,0,0,1467
05/18/2003,LAX,CA,AWP,WE,Combined TRACON& Tower with Radar,1093,426,26,2,1547,0,0,28,1,29,1093,426,54,3,1576,0,0,0,1576
05/19/2003,LAX,CA,AWP,WE,Combined TRACON& Tower with Radar,1165,454,29,1,1649,0,0,24,0,24,1165,454,53,1,1673,0,0,0,1673
05/20/2003,LAX,CA,AWP,WE,Combined TRACON& Tower with Radar,1159,460,28,2,1649,0,4,12,6,22,1159,464,40,8,1671,0,0,0,1671
05/21/2003,LAX,CA,AWP,WE,Combined TRACON& Tower with Radar,1184,470,28,2,1684,0,4,12,5,21,1184,474,40,7,1705,0,0,0,1705
05/22/2003,LAX,CA,AWP,WE,Combined TRACON& Tower with Radar,1186,470,29,2,1687,0,4,5,0,9,1186,474,34,2,1696,0,0,0,1696
05/23/2003,LAX,CA,AWP,WE,Combined TRACON& Tower with Radar,1190,472,29,2,1693,0,4,14,9,27,1190,476,43,11,1720,0,0,0,1720
05/24/2003,LAX,CA,AWP,WE,Combined TRACON& Tower with Radar,1019,390,24,1,1434,14,0,4,0,18,1033,390,28,1,1452,0,0,0,1452
05/25/2003,LAX,CA,AWP,WE,Combined TRACON& Tower with Radar,1053,406,20,2,1481,19,0,0,0,19,1072,406,20,2,1500,0,0,0,1500
05/26/2003,LAX,CA,AWP,WE,Combined TRACON& Tower with Radar,1126,446,20,2,1594,8,3,0,3,14,1134,449,20,5,1608,0,0,0,1608
05/27/2003,LAX,CA,AWP,WE,Combined TRACON& Tower with Radar,1135,450,26,2,1613,0,4,0,0,4,1135,454,26,2,1617,0,0,0,1617
05/28/2003,LAX,CA,AWP,WE,Combined TRACON& Tower with Radar,1182,469,29,2,1682,0,4,4,4,12,1182,473,33,6,1694,0,0,0,1694
05/29/2003,LAX,CA,AWP,WE,Combined TRACON& Tower with Radar,1231,489,30,1,1751,0,3,11,11,25,1231,492,41,12,1776,0,0,0,1776
05/30/2003,LAX,CA,AWP,WE,Combined TRACON& Tower with Radar,1201,478,29,1,1709,0,3,14,8,25,1201,481,43,9,1734,0,0,0,1734
05/31/2003,LAX,CA,AWP,WE,Combined TRACON& Tower with Radar,1039,396,25,1,1461,2,0,23,14,39,1041,396,48,15,1500,0,0,0,1500
06/01/2003,LAX,CA,AWP,WE,Combined TRACON& Tower with Radar,1140,451,27,1,1619,0,5,5,6,16,1140,456,32,7,1635,0,0,0,1635
06/02/2003,LAX,CA,AWP,WE,Combined TRACON& Tower with Radar,1152,441,28,1,1622,10,0,7,3,20,1162,441,35,4,1642,0,0,0,1642
06/03/2003,LAX,CA,AWP,WE,Combined TRACON& Tower with Radar,1150,454,25,1,1630,0,6,0,8,14,1150,460,25,9,1644,0,0,0,1644
06/04/2003,LAX,CA,AWP,WE,Combined TRACON& Tower with Radar,1175,465,28,1,1669,0,5,19,6,30,1175,470,47,7,1699,0,0,0,1699
06/05/2003,LAX,CA,AWP,WE,Combined TRACON& Tower with Radar,1196,473,29,1,1699,0,6,6,4,16,1196,479,35,5,1715,0,0,0,1715
06/06/2003,LAX,CA,AWP,WE,Combined TRACON& Tower with Radar,1184,469,28,1,1682,0,5,6,5,16,1184,474,34,6,1698,0,0,0,1698
06/07/2003,LAX,CA,AWP,WE,Combined TRACON& Tower with Radar,1067,422,26,1,1516,0,5,0,2,7,1067,427,26,3,1523,0,0,0,1523
06/08/2003,LAX,CA,AWP,WE,Combined TRACON& Tower with Radar,1155,455,28,1,1639,295,125,4,1,425,1450,580,32,2,2064,0,0,0,2064
06/09/2003,LAX,CA,AWP,WE,Combined TRACON& Tower with Radar,1182,448,28,1,1659,4,0,20,11,35,1186,448,48,12,1694,0,0,0,1694
06/10/2003,LAX,CA,AWP,WE,Combined TRACON& Tower with Radar,1179,467,28,1,1675,0,5,14,4,23,1179,472,42,5,1698,0,0,0,1698
06/11/2003,LAX,CA,AWP,WE,Combined TRACON& Tower with Radar,1196,473,29,1,1699,0,5,10,13,28,1196,478,39,14,1727,0,0,0,1727
06/12/2003,LAX,CA,AWP,WE,Combined TRACON& Tower with Radar,1200,474,28,2,1704,0,6,11,5,22,1200,480,39,7,1726,0,0,0,1726
06/13/2003,LAX,CA,AWP,WE,Combined TRACON& Tower with Radar,1242,491,29,2,1764,0,6,29,8,43,1242,497,58,10,1807,0,0,0,1807
06/14/2003,LAX,CA,AWP,WE,Combined TRACON& Tower with Radar,1119,410,25,2,1556,34,0,0,0,34,1153,410,25,2,1590,0,0,0,1590
06/15/2003,LAX,CA,AWP,WE,Combined TRACON& Tower with Radar,1142,451,26,2,1621,0,6,2,6,14,1142,457,28,8,1635,0,0,0,1635
06/16/2003,LAX,CA,AWP,WE,Combined TRACON& Tower with Radar,1213,479,28,2,1722,0,6,11,2,19,1213,485,39,4,1741,0,0,0,1741
06/17/2003,LAX,CA,AWP,WE,Combined TRACON& Tower with Radar,1201,474,28,2,1705,0,6,14,2,22,1201,480,42,4,1727,0,0,0,1727
06/18/2003,LAX,CA,AWP,WE,Combined TRACON& Tower with Radar,1233,487,28,2,1750,0,6,6,3,15,1233,493,34,5,1765,0,0,0,1765
06/19/2003,LAX,CA,AWP,WE,Combined TRACON& Tower with Radar,1255,496,29,2,1782,0,6,29,14,49,1255,502,58,16,1831,0,0,0,1831
06/20/2003,LAX,CA,AWP,WE,Combined TRACON& Tower with Radar,1246,492,29,2,1769,0,7,50,8,65,1246,499,79,10,1834,0,0,0,1834
06/21/2003,LAX,CA,AWP,WE,Combined TRACON& Tower with Radar,1097,431,26,2,1556,353,149,6,0,508,1450,580,32,2,2064,0,0,0,2064
06/22/2003,LAX,CA,AWP,WE,Combined TRACON& Tower with Radar,1170,440,27,2,1639,28,0,16,6,50,1198,440,43,8,1689,0,0,0,1689
06/23/2003,LAX,CA,AWP,WE,Combined TRACON& Tower with Radar,1192,470,28,2,1692,0,7,19,4,30,1192,477,47,6,1722,0,0,0,1722
06/24/2003,LAX,CA,AWP,WE,Combined TRACON& Tower with Radar,1220,482,28,2,1732,0,6,15,3,24,1220,488,43,5,1756,0,0,0,1756
06/25/2003,LAX,CA,AWP,WE,Combined TRACON& Tower with Radar,1227,484,29,2,1742,0,7,10,1,18,1227,491,39,3,1760,0,0,0,1760
06/26/2003,LAX,CA,AWP,WE,Combined TRACON& Tower with Radar,1260,484,29,2,1775,0,0,66,1,67,1260,484,95,3,1842,0,0,0,1842
06/27/2003,LAX,CA,AWP,WE,Combined TRACON& Tower with Radar,1236,489,29,1,1755,0,6,4,10,20,1236,495,33,11,1775,0,0,0,1775
06/28/2003,LAX,CA,AWP,WE,Combined TRACON& Tower with Radar,1128,446,26,1,1601,0,5,3,7,15,1128,451,29,8,1616,0,0,0,1616
06/29/2003,LAX,CA,AWP,WE,Combined TRACON& Tower with Radar,1131,407,26,0,1564,37,0,11,0,48,1168,407,37,0,1612,0,0,0,1612
06/30/2003,LAX,CA,AWP,WE,Combined TRACON& Tower with Radar,1208,442,27,1,1678,41,0,0,2,43,1249,442,27,3,1721,0,0,0,1721
07/01/2003,LAX,CA,AWP,WE,Combined TRACON& Tower with Radar,1218,478,29,1,1726,0,9,20,17,46,1218,487,49,18,1772,0,0,0,1772
07/02/2003,LAX,CA,AWP,WE,Combined TRACON& Tower with Radar,1258,494,30,1,1783,0,9,23,8,40,1258,503,53,9,1823,0,0,0,1823
07/03/2003,LAX,CA,AWP,WE,Combined TRACON& Tower with Radar,1225,481,29,1,1736,0,9,21,16,46,1225,490,50,17,1782,0,0,0,1782
07/04/2003,LAX,CA,AWP,WE,Combined TRACON& Tower with Radar,1002,393,24,1,1420,0,8,0,5,13,1002,401,24,6,1433,0,0,0,1433
07/05/2003,LAX,CA,AWP,WE,Combined TRACON& Tower with Radar,1064,417,26,1,1508,0,9,5,7,21,1064,426,31,8,1529,0,1,1,1530
07/06/2003,LAX,CA,AWP,WE,Combined TRACON& Tower with Radar,1154,426,27,1,1608,25,0,10,3,38,1179,426,37,4,1646,0,0,0,1646
07/07/2003,LAX,CA,AWP,WE,Combined TRACON& Tower with Radar,1196,469,29,1,1695,0,9,5,1,15,1196,478,34,2,1710,0,0,0,1710
07/08/2003,LAX,CA,AWP,WE,Combined TRACON& Tower with Radar,1235,435,28,2,1700,9,0,18,0,27,1244,435,46,2,1727,0,0,0,1727
07/09/2003,LAX,CA,AWP,WE,Combined TRACON& Tower with Radar,1233,484,28,2,1747,0,9,9,4,22,1233,493,37,6,1769,0,0,0,1769
07/10/2003,LAX,CA,AWP,WE,Combined TRACON& Tower with Radar,1255,493,29,2,1779,0,9,7,7,23,1255,502,36,9,1802,0,0,0,1802
07/11/2003,LAX,CA,AWP,WE,Combined TRACON& Tower with Radar,1169,437,24,0,1630,81,0,0,0,81,1250,437,24,0,1711,0,0,0,1711
07/12/2003,LAX,CA,AWP,WE,Combined TRACON& Tower with Radar,1137,442,26,2,1607,5,0,2,0,7,1142,442,28,2,1614,0,0,0,1614
07/13/2003,LAX,CA,AWP,WE,Combined TRACON& Tower with Radar,1173,424,27,2,1626,33,0,2,2,37,1206,424,29,4,1663,0,0,0,1663
07/14/2003,LAX,CA,AWP,WE,Combined TRACON& Tower with Radar,1149,420,26,2,1597,29,0,32,13,74,1178,420,58,15,1671,0,0,0,1671
07/15/2003,LAX,CA,AWP,WE,Combined TRACON& Tower with Radar,1204,473,28,2,1707,0,9,22,4,35,1204,482,50,6,1742,0,0,0,1742
07/16/2003,LAX,CA,AWP,WE,Combined TRACON& Tower with Radar,1205,472,28,2,1707,0,10,29,12,51,1205,482,57,14,1758,0,0,0,1758
07/17/2003,LAX,CA,AWP,WE,Combined TRACON& Tower with Radar,1229,481,29,2,1741,0,11,11,12,34,1229,492,40,14,1775,0,0,0,1775
07/18/2003,LAX,CA,AWP,WE,Combined TRACON& Tower with Radar,1242,486,29,2,1759,0,11,36,18,65,1242,497,65,20,1824,0,0,0,1824
07/19/2003,LAX,CA,AWP,WE,Combined TRACON& Tower with Radar,1110,434,25,2,1571,0,10,2,5,17,1110,444,27,7,1588,0,0,0,1588
07/20/2003,LAX,CA,AWP,WE,Combined TRACON& Tower with Radar,1171,459,27,2,1659,0,9,7,2,18,1171,468,34,4,1677,0,0,0,1677
07/21/2003,LAX,CA,AWP,WE,Combined TRACON& Tower with Radar,1197,469,27,2,1695,0,10,7,1,18,1197,479,34,3,1713,0,0,0,1713
07/22/2003,LAX,CA,AWP,WE,Combined TRACON& Tower with Radar,1224,480,28,2,1734,0,10,9,1,20,1224,490,37,3,1754,0,0,0,1754
07/23/2003,LAX,CA,AWP,WE,Combined TRACON& Tower with Radar,1264,495,30,2,1791,0,11,3,6,20,1264,506,33,8,1811,0,0,0,1811
07/24/2003,LAX,CA,AWP,WE,Combined TRACON& Tower with Radar,1257,492,30,2,1781,0,11,8,4,23,1257,503,38,6,1804,0,0,0,1804
07/25/2003,LAX,CA,AWP,WE,Combined TRACON& Tower with Radar,1265,495,30,2,1792,0,11,12,12,35,1265,506,42,14,1827,0,0,0,1827
07/26/2003,LAX,CA,AWP,WE,Combined TRACON& Tower with Radar,1140,405,26,2,1573,34,0,14,9,57,1174,405,40,11,1630,0,0,0,1630
07/27/2003,LAX,CA,AWP,WE,Combined TRACON& Tower with Radar,1178,424,27,2,1631,28,0,13,1,42,1206,424,40,3,1673,0,0,0,1673
07/28/2003,LAX,CA,AWP,WE,Combined TRACON& Tower with Radar,1251,458,29,2,1740,0,0,57,2,59,1251,458,86,4,1799,0,0,0,1799
07/29/2003,LAX,CA,AWP,WE,Combined TRACON& Tower with Radar,1247,490,29,1,1767,0,9,20,4,33,1247,499,49,5,1800,0,0,0,1800
07/30/2003,LAX,CA,AWP,WE,Combined TRACON& Tower with Radar,1242,487,29,1,1759,0,10,18,14,42,1242,497,47,15,1801,0,0,0,1801
07/31/2003,LAX,CA,AWP,WE,Combined TRACON& Tower with Radar,1220,479,28,1,1728,0,9,40,8,57,1220,488,68,9,1785,0,0,0,1785
08/01/2003,LAX,CA,AWP,WE,Combined TRACON& Tower with Radar,1229,477,29,1,1736,0,15,34,13,62,1229,492,63,14,1798,0,0,0,1798
08/02/2003,LAX,CA,AWP,WE,Combined TRACON& Tower with Radar,1170,404,27,1,1602,38,0,16,1,55,1208,404,43,2,1657,0,0,0,1657
08/03/2003,LAX,CA,AWP,WE,Combined TRACON& Tower with Radar,1174,431,27,1,1633,16,0,15,9,40,1190,431,42,10,1673,0,0,0,1673
08/04/2003,LAX,CA,AWP,WE,Combined TRACON& Tower with Radar,1224,438,29,1,1692,23,0,27,0,50,1247,438,56,1,1742,0,0,0,1742
08/05/2003,LAX,CA,AWP,WE,Combined TRACON& Tower with Radar,1209,470,28,1,1708,0,14,7,5,26,1209,484,35,6,1734,0,0,0,1734
08/06/2003,LAX,CA,AWP,WE,Combined TRACON& Tower with Radar,1232,478,29,1,1740,0,15,13,12,40,1232,493,42,13,1780,0,0,0,1780
08/07/2003,LAX,CA,AWP,WE,Combined TRACON& Tower with Radar,1241,482,29,1,1753,0,14,22,10,46,1241,496,51,11,1799,0,0,0,1799
08/08/2003,LAX,CA,AWP,WE,Combined TRACON& Tower with Radar,1246,484,29,1,1760,0,14,6,4,24,1246,498,35,5,1784,0,0,0,1784
08/09/2003,LAX,CA,AWP,WE,Combined TRACON& Tower with Radar,1143,417,26,1,1587,12,0,12,7,31,1155,417,38,8,1618,0,0,0,1618
08/10/2003,LAX,CA,AWP,WE,Combined TRACON& Tower with Radar,1140,415,27,1,1583,20,0,8,6,34,1160,415,35,7,1617,0,0,0,1617
08/11/2003,LAX,CA,AWP,WE,Combined TRACON& Tower with Radar,1190,462,27,2,1681,0,14,27,4,45,1190,476,54,6,1726,0,0,0,1726
08/12/2003,LAX,CA,AWP,WE,Combined TRACON& Tower with Radar,1235,480,28,2,1745,0,14,10,17,41,1235,494,38,19,1786,0,0,0,1786
08/13/2003,LAX,CA,AWP,WE,Combined TRACON& Tower with Radar,1259,489,29,2,1779,0,15,15,2,32,1259,504,44,4,1811,0,0,0,1811
08/14/2003,LAX,CA,AWP,WE,Combined TRACON& Tower with Radar,1241,482,28,2,1753,0,15,36,11,62,1241,497,64,13,1815,0,0,0,1815
08/15/2003,LAX,CA,AWP,WE,Combined TRACON& Tower with Radar,1226,476,28,2,1732,0,14,5,19,38,1226,490,33,21,1770,0,0,0,1770
08/16/2003,LAX,CA,AWP,WE,Combined TRACON& Tower with Radar,1132,440,25,2,1599,0,13,7,4,24,1132,453,32,6,1623,0,0,0,1623
08/17/2003,LAX,CA,AWP,WE,Combined TRACON& Tower with Radar,1193,463,27,2,1685,0,14,3,0,17,1193,477,30,2,1702,0,0,0,1702
08/18/2003,LAX,CA,AWP,WE,Combined TRACON& Tower with Radar,1245,454,28,2,1729,20,0,29,2,51,1265,454,57,4,1780,0,0,0,1780
08/19/2003,LAX,CA,AWP,WE,Combined TRACON& Tower with Radar,1212,471,27,2,1712,0,13,14,1,28,1212,484,41,3,1740,0,0,0,1740
08/20/2003,LAX,CA,AWP,WE,Combined TRACON& Tower with Radar,1196,463,27,2,1688,0,15,8,4,27,1196,478,35,6,1715,0,0,0,1715
08/21/2003,LAX,CA,AWP,WE,Combined TRACON& Tower with Radar,1264,490,29,2,1785,0,16,3,0,19,1264,506,32,2,1804,0,0,0,1804
08/22/2003,LAX,CA,AWP,WE,Combined TRACON& Tower with Radar,1232,442,27,2,1703,25,0,3,0,28,1257,442,30,2,1731,0,0,0,1731
08/23/2003,LAX,CA,AWP,WE,Combined TRACON& Tower with Radar,1102,427,25,2,1556,0,14,3,6,23,1102,441,28,8,1579,153,0,153,1732
08/24/2003,LAX,CA,AWP,WE,Combined TRACON& Tower with Radar,1170,435,26,2,1633,25,0,4,0,29,1195,435,30,2,1662,0,0,0,1662
08/25/2003,LAX,CA,AWP,WE,Combined TRACON& Tower with Radar,1201,466,27,2,1696,0,15,12,4,31,1201,481,39,6,1727,0,0,0,1727
08/26/2003,LAX,CA,AWP,WE,Combined TRACON& Tower with Radar,1215,471,27,2,1715,0,15,2,3,20,1215,486,29,5,1735,0,0,0,1735
08/27/2003,LAX,CA,AWP,WE,Combined TRACON& Tower with Radar,1236,479,28,2,1745,0,15,1,1,17,1236,494,29,3,1762,0,0,0,1762
08/28/2003,LAX,CA,AWP,WE,Combined TRACON& Tower with Radar,1229,476,28,2,1735,0,15,16,6,37,1229,491,44,8,1772,0,0,0,1772
08/29/2003,LAX,CA,AWP,WE,Combined TRACON& Tower with Radar,1239,480,28,2,1749,0,16,9,3,28,1239,496,37,5,1777,0,0,0,1777
08/30/2003,LAX,CA,AWP,WE,Combined TRACON& Tower with Radar,1115,386,25,2,1528,45,0,0,0,45,1160,386,25,2,1573,0,0,0,1573
08/31/2003,LAX,CA,AWP,WE,Combined TRACON& Tower with Radar,1066,387,20,2,1475,35,0,0,0,35,1101,387,20,2,1510,0,0,0,1510
09/01/2003,LAX,CA,AWP,WE,Combined TRACON& Tower with Radar,1159,427,31,1,1618,15,0,14,3,32,1174,427,45,4,1650,0,0,0,1650
09/02/2003,LAX,CA,AWP,WE,Combined TRACON& Tower with Radar,1185,427,32,1,1645,0,0,5,1,6,1185,427,37,2,1651,0,0,0,1651
09/03/2003,LAX,CA,AWP,WE,Combined TRACON& Tower with Radar,1188,464,32,1,1685,0,11,4,15,30,1188,475,36,16,1715,0,0,0,1715
09/04/2003,LAX,CA,AWP,WE,Combined TRACON& Tower with Radar,1185,463,32,1,1681,0,11,15,14,40,1185,474,47,15,1721,0,0,0,1721
09/05/2003,LAX,CA,AWP,WE,Combined TRACON& Tower with Radar,1215,475,33,1,1724,0,11,19,5,35,1215,486,52,6,1759,0,0,0,1759
09/06/2003,LAX,CA,AWP,WE,Combined TRACON& Tower with Radar,1080,399,29,0,1508,26,0,13,0,39,1106,399,42,0,1547,0,0,0,1547
09/07/2003,LAX,CA,AWP,WE,Combined TRACON& Tower with Radar,1129,412,30,1,1572,23,0,5,11,39,1152,412,35,12,1611,0,0,0,1611
09/08/2003,LAX,CA,AWP,WE,Combined TRACON& Tower with Radar,1173,458,32,1,1664,0,11,10,10,31,1173,469,42,11,1695,0,0,0,1695
09/09/2003,LAX,CA,AWP,WE,Combined TRACON& Tower with Radar,1171,457,32,1,1661,0,11,16,13,40,1171,468,48,14,1701,0,0,0,1701
09/10/2003,LAX,CA,AWP,WE,Combined TRACON& Tower with Radar,1225,479,32,2,1738,0,11,11,4,26,1225,490,43,6,1764,0,0,0,1764
09/11/2003,LAX,CA,AWP,WE,Combined TRACON& Tower with Radar,1158,453,30,2,1643,0,10,19,2,31,1158,463,49,4,1674,0,0,0,1674
09/12/2003,LAX,CA,AWP,WE,Combined TRACON& Tower with Radar,1210,473,32,2,1717,0,11,14,4,29,1210,484,46,6,1746,0,0,0,1746
09/13/2003,LAX,CA,AWP,WE,Combined TRACON& Tower with Radar,1055,385,27,0,1467,11,0,27,0,38,1066,385,54,0,1505,0,0,0,1505
09/14/2003,LAX,CA,AWP,WE,Combined TRACON& Tower with Radar,1160,422,30,2,1614,2,0,28,0,30,1162,422,58,2,1644,0,0,0,1644
09/15/2003,LAX,CA,AWP,WE,Combined TRACON& Tower with Radar,1194,448,31,2,1675,0,0,23,5,28,1194,448,54,7,1703,0,0,0,1703
09/16/2003,LAX,CA,AWP,WE,Combined TRACON& Tower with Radar,1196,468,31,2,1697,0,10,2,7,19,1196,478,33,9,1716,0,0,0,1716
09/17/2003,LAX,CA,AWP,WE,Combined TRACON& Tower with Radar,1207,472,32,2,1713,0,11,11,9,31,1207,483,43,11,1744,0,0,0,1744
09/18/2003,LAX,CA,AWP,WE,Combined TRACON& Tower with Radar,1182,461,31,2,1676,0,12,2,4,18,1182,473,33,6,1694,0,0,0,1694
09/19/2003,LAX,CA,AWP,WE,Combined TRACON& Tower with Radar,1210,472,32,2,1716,0,12,8,7,27,1210,484,40,9,1743,0,0,0,1743
09/20/2003,LAX,CA,AWP,WE,Combined TRACON& Tower with Radar,1049,409,23,2,1483,0,11,0,3,14,1049,420,23,5,1497,0,0,0,1497
09/21/2003,LAX,CA,AWP,WE,Combined TRACON& Tower with Radar,1127,414,30,2,1573,20,0,7,0,27,1147,414,37,2,1600,0,0,0,1600
09/22/2003,LAX,CA,AWP,WE,Combined TRACON& Tower with Radar,1168,442,30,0,1640,0,0,14,0,14,1168,442,44,0,1654,0,0,0,1654
09/23/2003,LAX,CA,AWP,WE,Combined TRACON& Tower with Radar,1217,475,30,2,1724,0,12,0,7,19,1217,487,30,9,1743,0,0,0,1743
09/24/2003,LAX,CA,AWP,WE,Combined TRACON& Tower with Radar,1223,477,32,2,1734,0,12,11,3,26,1223,489,43,5,1760,0,0,0,1760
09/25/2003,LAX,CA,AWP,WE,Combined TRACON& Tower with Radar,1191,466,31,1,1689,0,10,22,14,46,1191,476,53,15,1735,0,0,0,1735
09/26/2003,LAX,CA,AWP,WE,Combined TRACON& Tower with Radar,1216,475,32,1,1724,0,11,13,9,33,1216,486,45,10,1757,0,0,0,1757
09/27/2003,LAX,CA,AWP,WE,Combined TRACON& Tower with Radar,1054,412,27,1,1494,0,10,5,2,17,1054,422,32,3,1511,0,0,0,1511
09/28/2003,LAX,CA,AWP,WE,Combined TRACON& Tower with Radar,1168,426,30,1,1625,13,0,14,5,32,1181,426,44,6,1657,0,0,0,1657
09/29/2003,LAX,CA,AWP,WE,Combined TRACON& Tower with Radar,1173,442,31,0,1646,15,0,8,0,23,1188,442,39,0,1669,0,0,0,1669
09/30/2003,LAX,CA,AWP,WE,Combined TRACON& Tower with Radar,1244,486,33,1,1764,0,12,0,8,20,1244,498,33,9,1784,0,0,0,1784
10/01/2003,LAX,CA,AWP,WE,Combined TRACON& Tower with Radar,1190,471,28,1,1690,0,5,3,5,13,1190,476,31,6,1703,0,0,0,1703
10/02/2003,LAX,CA,AWP,WE,Combined TRACON& Tower with Radar,1223,484,29,1,1737,0,5,10,11,26,1223,489,39,12,1763,0,0,0,1763
10/03/2003,LAX,CA,AWP,WE,Combined TRACON& Tower with Radar,1241,491,30,1,1763,0,5,17,23,45,1241,496,47,24,1808,0,0,0,1808
10/04/2003,LAX,CA,AWP,WE,Combined TRACON& Tower with Radar,1061,420,25,1,1507,0,4,0,4,8,1061,424,25,5,1515,0,0,0,1515
10/05/2003,LAX,CA,AWP,WE,Combined TRACON& Tower with Radar,1144,414,28,1,1587,10,0,32,2,44,1154,414,60,3,1631,0,0,0,1631
10/06/2003,LAX,CA,AWP,WE,Combined TRACON& Tower with Radar,1214,452,29,1,1696,19,0,12,3,34,1233,452,41,4,1730,0,0,0,1730
10/07/2003,LAX,CA,AWP,WE,Combined TRACON& Tower with Radar,1211,479,29,1,1720,0,5,0,9,14,1211,484,29,10,1734,0,0,0,1734
10/08/2003,LAX,CA,AWP,WE,Combined TRACON& Tower with Radar,1221,483,29,1,1734,0,5,16,3,24,1221,488,45,4,1758,0,0,0,1758
10/09/2003,LAX,CA,AWP,WE,Combined TRACON& Tower with Radar,1232,488,29,1,1750,0,5,1,5,11,1232,493,30,6,1761,0,0,0,1761
10/10/2003,LAX,CA,AWP,WE,Combined TRACON& Tower with Radar,1236,495,33,2,1766,0,0,10,10,20,1236,495,43,12,1786,0,0,0,1786
10/11/2003,LAX,CA,AWP,WE,Combined TRACON& Tower with Radar,1062,420,25,1,1508,0,5,6,1,12,1062,425,31,2,1520,0,0,0,1520
10/12/2003,LAX,CA,AWP,WE,Combined TRACON& Tower with Radar,1105,406,25,1,1537,26,0,13,0,39,1131,406,38,1,1576,0,0,0,1576
10/13/2003,LAX,CA,AWP,WE,Combined TRACON& Tower with Radar,1212,464,28,2,1706,14,0,34,1,49,1226,464,62,3,1755,0,0,0,1755
10/14/2003,LAX,CA,AWP,WE,Combined TRACON& Tower with Radar,1234,488,29,2,1753,0,6,3,4,13,1234,494,32,6,1766,0,0,0,1766
10/15/2003,LAX,CA,AWP,WE,Combined TRACON& Tower with Radar,1208,478,28,2,1716,0,5,41,15,61,1208,483,69,17,1777,0,0,0,1777
10/16/2003,LAX,CA,AWP,WE,Combined TRACON& Tower with Radar,1247,494,29,2,1772,0,5,18,8,31,1247,499,47,10,1803,0,0,0,1803
10/17/2003,LAX,CA,AWP,WE,Combined TRACON& Tower with Radar,1224,484,28,2,1738,0,6,15,4,25,1224,490,43,6,1763,0,0,0,1763
10/18/2003,LAX,CA,AWP,WE,Combined TRACON& Tower with Radar,1056,417,24,2,1499,0,5,11,4,20,1056,422,35,6,1519,0,0,0,1519
10/19/2003,LAX,CA,AWP,WE,Combined TRACON& Tower with Radar,1154,418,26,2,1600,37,0,0,2,39,1191,418,26,4,1639,0,0,0,1639
10/20/2003,LAX,CA,AWP,WE,Combined TRACON& Tower with Radar,1203,475,28,2,1708,0,6,15,0,21,1203,481,43,2,1729,0,0,0,1729
10/21/2003,LAX,CA,AWP,WE,Combined TRACON& Tower with Radar,1212,479,28,2,1721,0,6,17,7,30,1212,485,45,9,1751,0,0,0,1751
10/22/2003,LAX,CA,AWP,WE,Combined TRACON& Tower with Radar,1192,471,27,2,1692,0,6,27,19,52,1192,477,54,21,1744,0,0,0,1744
10/23/2003,LAX,CA,AWP,WE,Combined TRACON& Tower with Radar,1242,490,29,2,1763,0,7,14,5,26,1242,497,43,7,1789,0,0,0,1789
10/24/2003,LAX,CA,AWP,WE,Combined TRACON& Tower with Radar,1238,489,28,2,1757,0,6,35,2,43,1238,495,63,4,1800,0,0,0,1800
10/25/2003,LAX,CA,AWP,WE,Combined TRACON& Tower with Radar,1038,409,23,1,1471,0,6,0,0,6,1038,415,23,1,1477,0,0,0,1477
10/26/2003,LAX,CA,AWP,WE,Combined TRACON& Tower with Radar,773,304,18,2,1097,0,5,10,1,16,773,309,28,3,1113,0,0,0,1113
10/27/2003,LAX,CA,AWP,WE,Combined TRACON& Tower with Radar,1045,412,23,2,1482,0,6,0,1,7,1045,418,23,3,1489,0,0,0,1489
10/28/2003,LAX,CA,AWP,WE,Combined TRACON& Tower with Radar,1229,485,29,2,1745,0,6,3,2,11,1229,491,32,4,1756,0,0,0,1756
10/29/2003,LAX,CA,AWP,WE,Combined TRACON& Tower with Radar,1227,485,28,2,1742,0,6,8,7,21,1227,491,36,9,1763,0,0,0,1763
10/30/2003,LAX,CA,AWP,WE,Combined TRACON& Tower with Radar,1240,490,28,2,1760,0,6,25,12,43,1240,496,53,14,1803,0,0,0,1803
10/31/2003,LAX,CA,AWP,WE,Combined TRACON& Tower with Radar,1191,470,28,2,1691,0,6,12,12,30,1191,476,40,14,1721,0,0,0,1721
11/01/2003,LAX,CA,AWP,WE,Combined TRACON& Tower with Radar,1065,376,25,1,1467,44,0,9,2,55,1109,376,34,3,1522,0,0,0,1522
11/02/2003,LAX,CA,AWP,WE,Combined TRACON& Tower with Radar,1154,422,27,1,1604,34,0,8,3,45,1188,422,35,4,1649,0,0,0,1649
11/03/2003,LAX,CA,AWP,WE,Combined TRACON& Tower with Radar,1226,468,29,1,1724,15,0,11,8,34,1241,468,40,9,1758,0,0,0,1758
11/04/2003,LAX,CA,AWP,WE,Combined TRACON& Tower with Radar,1195,469,29,1,1694,0,9,15,11,35,1195,478,44,12,1729,0,0,0,1729
11/05/2003,LAX,CA,AWP,WE,Combined TRACON& Tower with Radar,1211,475,29,1,1716,0,9,10,7,26,1211,484,39,8,1742,0,0,0,1742
11/06/2003,LAX,CA,AWP,WE,Combined TRACON& Tower with Radar,1246,489,30,1,1766,0,9,2,12,23,1246,498,32,13,1789,0,0,0,1789
11/07/2003,LAX,CA,AWP,WE,Combined TRACON& Tower with Radar,1250,491,30,1,1772,0,9,27,15,51,1250,500,57,16,1823,0,0,0,1823
11/08/2003,LAX,CA,AWP,WE,Combined TRACON& Tower with Radar,1088,427,26,1,1542,0,8,8,3,19,1088,435,34,4,1561,0,0,0,1561
11/09/2003,LAX,CA,AWP,WE,Combined TRACON& Tower with Radar,1171,428,27,1,1627,23,0,9,8,40,1194,428,36,9,1667,0,0,0,1667
11/10/2003,LAX,CA,AWP,WE,Combined TRACON& Tower with Radar,1188,461,28,1,1678,7,0,18,4,29,1195,461,46,5,1707,0,0,0,1707
11/11/2003,LAX,CA,AWP,WE,Combined TRACON& Tower with Radar,1230,483,29,1,1743,0,9,12,1,22,1230,492,41,2,1765,0,0,0,1765
11/12/2003,LAX,CA,AWP,WE,Combined TRACON& Tower with Radar,1116,439,25,2,1582,0,8,10,11,29,1116,447,35,13,1611,0,0,0,1611
11/13/2003,LAX,CA,AWP,WE,Combined TRACON& Tower with Radar,1281,503,30,2,1816,0,10,49,2,61,1281,513,79,4,1877,0,0,0,1877
11/14/2003,LAX,CA,AWP,WE,Combined TRACON& Tower with Radar,1243,488,28,2,1761,0,9,37,8,54,1243,497,65,10,1815,0,0,0,1815
11/15/2003,LAX,CA,AWP,WE,Combined TRACON& Tower with Radar,1073,421,25,1,1520,0,8,1,0,9,1073,429,26,1,1529,0,0,0,1529
11/16/2003,LAX,CA,AWP,WE,Combined TRACON& Tower with Radar,1099,402,25,2,1528,15,0,15,10,40,1114,402,40,12,1568,0,0,0,1568
11/17/2003,LAX,CA,AWP,WE,Combined TRACON& Tower with Radar,1212,465,28,2,1707,0,0,34,3,37,1212,465,62,5,1744,0,0,0,1744
11/18/2003,LAX,CA,AWP,WE,Combined TRACON& Tower with Radar,1220,478,28,2,1728,0,10,21,9,40,1220,488,49,11,1768,0,0,0,1768
11/19/2003,LAX,CA,AWP,WE,Combined TRACON& Tower with Radar,1309,513,30,2,1854,0,11,19,2,32,1309,524,49,4,1886,0,0,0,1886
11/20/2003,LAX,CA,AWP,WE,Combined TRACON& Tower with Radar,1236,484,29,2,1751,0,10,0,6,16,1236,494,29,8,1767,0,0,0,1767
11/21/2003,LAX,CA,AWP,WE,Combined TRACON& Tower with Radar,1276,501,29,1,1807,0,9,18,9,36,1276,510,47,10,1843,0,0,0,1843
11/22/2003,LAX,CA,AWP,WE,Combined TRACON& Tower with Radar,1077,423,24,1,1525,0,8,5,2,15,1077,431,29,3,1540,0,0,0,1540
11/23/2003,LAX,CA,AWP,WE,Combined TRACON& Tower with Radar,1148,453,26,1,1628,0,6,8,4,18,1148,459,34,5,1646,0,0,0,1646
11/24/2003,LAX,CA,AWP,WE,Combined TRACON& Tower with Radar,1206,452,27,1,1686,11,0,15,9,35,1217,452,42,10,1721,0,0,0,1721
11/25/2003,LAX,CA,AWP,WE,Combined TRACON& Tower with Radar,1245,489,28,1,1763,0,9,16,13,38,1245,498,44,14,1801,0,0,0,1801
11/26/2003,LAX,CA,AWP,WE,Combined TRACON& Tower with Radar,1250,491,29,1,1771,0,9,19,9,37,1250,500,48,10,1808,0,0,0,1808
11/27/2003,LAX,CA,AWP,WE,Combined TRACON& Tower with Radar,951,373,22,1,1347,0,7,2,0,9,951,380,24,1,1356,0,0,0,1356
11/28/2003,LAX,CA,AWP,WE,Combined TRACON& Tower with Radar,1015,398,23,1,1437,0,8,8,4,20,1015,406,31,5,1457,0,0,0,1457
11/29/2003,LAX,CA,AWP,WE,Combined TRACON& Tower with Radar,1108,423,25,0,1556,14,0,1,0,15,1122,423,26,0,1571,0,0,0,1571
11/30/2003,LAX,CA,AWP,WE,Combined TRACON& Tower with Radar,1210,467,27,0,1704,1,0,10,0,11,1211,467,37,0,1715,0,0,0,1715
12/01/2003,LAX,CA,AWP,WE,Combined TRACON& Tower with Radar,1223,457,28,1,1709,6,0,26,8,40,1229,457,54,9,1749,0,0,0,1749
12/02/2003,LAX,CA,AWP,WE,Combined TRACON& Tower with Radar,1245,491,29,1,1766,0,7,36,17,60,1245,498,65,18,1826,0,0,0,1826
12/03/2003,LAX,CA,AWP,WE,Combined TRACON& Tower with Radar,1256,495,29,1,1781,0,7,35,10,52,1256,502,64,11,1833,0,0,0,1833
12/04/2003,LAX,CA,AWP,WE,Combined TRACON& Tower with Radar,1272,501,30,1,1804,0,8,3,7,18,1272,509,33,8,1822,0,0,0,1822
12/05/2003,LAX,CA,AWP,WE,Combined TRACON& Tower with Radar,1229,484,29,1,1743,0,8,12,30,50,1229,492,41,31,1793,0,0,0,1793
12/06/2003,LAX,CA,AWP,WE,Combined TRACON& Tower with Radar,1060,417,25,1,1503,0,7,12,1,20,1060,424,37,2,1523,0,0,0,1523
12/07/2003,LAX,CA,AWP,WE,Combined TRACON& Tower with Radar,1175,442,27,1,1645,8,0,16,1,25,1183,442,43,2,1670,0,0,0,1670
12/08/2003,LAX,CA,AWP,WE,Combined TRACON& Tower with Radar,1217,480,28,1,1726,0,7,10,5,22,1217,487,38,6,1748,0,0,0,1748
12/09/2003,LAX,CA,AWP,WE,Combined TRACON& Tower with Radar,1256,444,29,1,1730,54,0,33,5,92,1310,444,62,6,1822,0,0,0,1822
12/10/2003,LAX,CA,AWP,WE,Combined TRACON& Tower with Radar,1266,447,29,1,1743,54,0,9,15,78,1320,447,38,16,1821,0,0,0,1821
12/11/2003,LAX,CA,AWP,WE,Combined TRACON& Tower with Radar,1244,490,29,1,1764,0,8,19,20,47,1244,498,48,21,1811,0,0,0,1811
12/12/2003,LAX,CA,AWP,WE,Combined TRACON& Tower with Radar,1250,493,28,2,1773,0,7,28,8,43,1250,500,56,10,1816,0,0,0,1816
12/13/2003,LAX,CA,AWP,WE,Combined TRACON& Tower with Radar,1072,422,24,1,1519,0,7,0,0,7,1072,429,24,1,1526,0,0,0,1526
12/14/2003,LAX,CA,AWP,WE,Combined TRACON& Tower with Radar,1169,443,23,2,1637,19,0,0,1,20,1188,443,23,3,1657,0,0,0,1657
12/15/2003,LAX,CA,AWP,WE,Combined TRACON& Tower with Radar,1210,477,27,2,1716,0,7,13,9,29,1210,484,40,11,1745,0,0,0,1745
12/16/2003,LAX,CA,AWP,WE,Combined TRACON& Tower with Radar,1225,483,27,2,1737,0,7,3,2,12,1225,490,30,4,1749,0,0,0,1749
12/17/2003,LAX,CA,AWP,WE,Combined TRACON& Tower with Radar,1234,485,28,2,1749,0,9,6,2,17,1234,494,34,4,1766,0,0,0,1766
12/18/2003,LAX,CA,AWP,WE,Combined TRACON& Tower with Radar,1314,517,30,2,1863,0,9,21,5,35,1314,526,51,7,1898,0,0,0,1898
12/19/2003,LAX,CA,AWP,WE,Combined TRACON& Tower with Radar,1319,518,30,2,1869,0,9,16,4,29,1319,527,46,6,1898,0,0,0,1898
12/20/2003,LAX,CA,AWP,WE,Combined TRACON& Tower with Radar,1179,464,26,2,1671,0,8,5,1,14,1179,472,31,3,1685,0,0,0,1685
12/21/2003,LAX,CA,AWP,WE,Combined TRACON& Tower with Radar,1219,457,27,0,1703,14,0,9,0,23,1233,457,36,0,1726,0,0,0,1726
12/22/2003,LAX,CA,AWP,WE,Combined TRACON& Tower with Radar,1226,482,28,2,1738,0,8,3,5,16,1226,490,31,7,1754,0,0,0,1754
12/23/2003,LAX,CA,AWP,WE,Combined TRACON& Tower with Radar,1272,500,29,2,1803,0,9,3,5,17,1272,509,32,7,1820,0,0,0,1820
12/24/2003,LAX,CA,AWP,WE,Combined TRACON& Tower with Radar,1149,451,25,2,1627,0,8,0,1,9,1149,459,25,3,1636,0,0,0,1636
12/25/2003,LAX,CA,AWP,WE,Combined TRACON& Tower with Radar,1068,420,24,2,1514,0,7,12,2,21,1068,427,36,4,1535,0,0,0,1535
12/26/2003,LAX,CA,AWP,WE,Combined TRACON& Tower with Radar,1222,481,27,2,1732,0,8,2,5,15,1222,489,29,7,1747,0,0,0,1747
12/27/2003,LAX,CA,AWP,WE,Combined TRACON& Tower with Radar,1113,438,25,2,1578,0,7,4,5,16,1113,445,29,7,1594,0,0,0,1594
12/28/2003,LAX,CA,AWP,WE,Combined TRACON& Tower with Radar,1197,458,25,1,1681,17,0,0,0,17,1214,458,25,1,1698,0,0,0,1698
12/29/2003,LAX,CA,AWP,WE,Combined TRACON& Tower with Radar,1210,476,27,2,1715,0,8,14,2,24,1210,484,41,4,1739,0,0,0,1739
12/30/2003,LAX,CA,AWP,WE,Combined TRACON& Tower with Radar,1220,480,27,2,1729,0,8,2,3,13,1220,488,29,5,1742,0,0,0,1742
12/31/2003,LAX,CA,AWP,WE,Combined TRACON& Tower with Radar,1156,456,26,1,1639,0,7,6,6,19,1156,463,32,7,1658,0,0,0,1658
01/01/2004,LAX,CA,AWP,WE,Combined TRACON& Tower with Radar,1118,444,27,2,1591,0,3,2,8,13,1118,447,29,10,1604,0,0,0,1604
01/02/2004,LAX,CA,AWP,WE,Combined TRACON& Tower with Radar,1248,496,30,2,1776,0,3,0,1,4,1248,499,30,3,1780,0,0,0,1780
01/03/2004,LAX,CA,AWP,WE,Combined TRACON& Tower with Radar,1139,453,26,2,1620,0,3,0,1,4,1139,456,26,3,1624,0,0,0,1624
01/04/2004,LAX,CA,AWP,WE,Combined TRACON& Tower with Radar,1203,473,29,2,1707,0,0,16,2,18,1203,473,45,4,1725,0,0,0,1725
01/05/2004,LAX,CA,AWP,WE,Combined TRACON& Tower with Radar,1236,458,30,1,1725,23,0,26,4,53,1259,458,56,5,1778,0,0,0,1778
01/06/2004,LAX,CA,AWP,WE,Combined TRACON& Tower with Radar,1238,493,30,1,1762,0,2,23,11,36,1238,495,53,12,1798,0,0,0,1798
01/07/2004,LAX,CA,AWP,WE,Combined TRACON& Tower with Radar,1216,484,29,1,1730,0,2,11,14,27,1216,486,40,15,1757,0,0,0,1757
01/08/2004,LAX,CA,AWP,WE,Combined TRACON& Tower with Radar,1227,489,29,1,1746,0,2,25,5,32,1227,491,54,6,1778,0,0,0,1778
01/09/2004,LAX,CA,AWP,WE,Combined TRACON& Tower with Radar,1265,504,30,1,1800,0,2,13,12,27,1265,506,43,13,1827,0,0,0,1827
01/10/2004,LAX,CA,AWP,WE,Combined TRACON& Tower with Radar,1080,430,26,1,1537,0,2,9,2,13,1080,432,35,3,1550,0,0,0,1550
01/11/2004,LAX,CA,AWP,WE,Combined TRACON& Tower with Radar,1149,458,25,1,1633,0,2,0,3,5,1149,460,25,4,1638,0,0,0,1638
01/12/2004,LAX,CA,AWP,WE,Combined TRACON& Tower with Radar,1206,480,29,1,1716,0,2,3,15,20,1206,482,32,16,1736,0,0,0,1736
01/13/2004,LAX,CA,AWP,WE,Combined TRACON& Tower with Radar,1201,478,29,1,1709,0,3,15,13,31,1201,481,44,14,1740,0,0,0,1740
01/14/2004,LAX,CA,AWP,WE,Combined TRACON& Tower with Radar,1204,480,29,1,1714,0,2,4,7,13,1204,482,33,8,1727,0,0,0,1727
01/15/2004,LAX,CA,AWP,WE,Combined TRACON& Tower with Radar,1248,497,30,1,1776,0,2,26,12,40,1248,499,56,13,1816,0,0,0,1816
01/16/2004,LAX,CA,AWP,WE,Combined TRACON& Tower with Radar,1267,505,30,1,1803,0,2,15,11,28,1267,507,45,12,1831,0,0,0,1831
01/17/2004,LAX,CA,AWP,WE,Combined TRACON& Tower with Radar,1076,428,26,1,1531,0,2,0,13,15,1076,430,26,14,1546,0,0,0,1546
01/18/2004,LAX,CA,AWP,WE,Combined TRACON& Tower with Radar,1166,457,27,2,1652,12,0,0,0,12,1178,457,27,2,1664,0,0,0,1664
01/19/2004,LAX,CA,AWP,WE,Combined TRACON& Tower with Radar,1217,483,28,1,1729,0,0,31,0,31,1217,483,59,1,1760,0,0,0,1760
01/20/2004,LAX,CA,AWP,WE,Combined TRACON& Tower with Radar,1227,489,28,2,1746,0,2,1,4,7,1227,491,29,6,1753,0,0,0,1753
01/21/2004,LAX,CA,AWP,WE,Combined TRACON& Tower with Radar,1224,488,28,2,1742,0,2,41,10,53,1224,490,69,12,1795,0,0,0,1795
01/22/2004,LAX,CA,AWP,WE,Combined TRACON& Tower with Radar,1215,483,28,2,1728,0,3,9,11,23,1215,486,37,13,1751,0,0,0,1751
01/23/2004,LAX,CA,AWP,WE,Combined TRACON& Tower with Radar,1265,503,29,2,1799,0,3,16,14,33,1265,506,45,16,1832,0,0,0,1832
01/24/2004,LAX,CA,AWP,WE,Combined TRACON& Tower with Radar,1076,427,25,2,1530,0,4,0,0,4,1076,431,25,2,1534,0,0,0,1534
01/25/2004,LAX,CA,AWP,WE,Combined TRACON& Tower with Radar,1163,462,27,2,1654,0,3,2,0,5,1163,465,29,2,1659,0,0,0,1659
01/26/2004,LAX,CA,AWP,WE,Combined TRACON& Tower with Radar,1213,482,28,2,1725,0,3,6,2,11,1213,485,34,4,1736,0,0,0,1736
01/27/2004,LAX,CA,AWP,WE,Combined TRACON& Tower with Radar,1194,474,28,2,1698,0,4,23,9,36,1194,478,51,11,1734,0,0,0,1734
01/28/2004,LAX,CA,AWP,WE,Combined TRACON& Tower with Radar,1182,473,28,2,1685,0,0,13,15,28,1182,473,41,17,1713,0,0,0,1713
01/29/2004,LAX,CA,AWP,WE,Combined TRACON& Tower with Radar,1256,499,28,2,1785,0,3,0,0,3,1256,502,28,2,1788,0,0,0,1788
01/30/2004,LAX,CA,AWP,WE,Combined TRACON& Tower with Radar,1262,502,29,2,1795,0,3,10,4,17,1262,505,39,6,1812,0,0,0,1812
01/31/2004,LAX,CA,AWP,WE,Combined TRACON& Tower with Radar,1073,406,25,2,1506,18,0,3,6,27,1091,406,28,8,1533,0,0,0,1533
02/01/2004,LAX,CA,AWP,WE,Combined TRACON& Tower with Radar,1150,438,29,1,1618,17,0,7,0,24,1167,438,36,1,1642,0,0,0,1642
02/02/2004,LAX,CA,AWP,WE,Combined TRACON& Tower with Radar,1172,455,29,1,1657,5,0,9,14,28,1177,455,38,15,1685,0,0,0,1685
02/03/2004,LAX,CA,AWP,WE,Combined TRACON& Tower with Radar,1198,476,30,1,1705,0,3,20,7,30,1198,479,50,8,1735,0,0,0,1735
02/04/2004,LAX,CA,AWP,WE,Combined TRACON& Tower with Radar,1217,484,30,1,1732,0,3,23,13,39,1217,487,53,14,1771,0,0,0,1771
02/05/2004,LAX,CA,AWP,WE,Combined TRACON& Tower with Radar,1250,497,31,1,1779,0,3,12,13,28,1250,500,43,14,1807,0,0,0,1807
02/06/2004,LAX,CA,AWP,WE,Combined TRACON& Tower with Radar,1253,498,31,1,1783,0,3,7,15,25,1253,501,38,16,1808,0,0,0,1808
02/07/2004,LAX,CA,AWP,WE,Combined TRACON& Tower with Radar,1069,424,27,1,1521,0,3,3,7,13,1069,427,30,8,1534,0,0,0,1534
02/08/2004,LAX,CA,AWP,WE,Combined TRACON& Tower with Radar,1161,462,29,1,1653,0,3,8,2,13,1161,465,37,3,1666,0,0,0,1666
02/09/2004,LAX,CA,AWP,WE,Combined TRACON& Tower with Radar,1160,455,29,1,1645,0,0,19,8,27,1160,455,48,9,1672,0,0,0,1672
02/10/2004,LAX,CA,AWP,WE,Combined TRACON& Tower with Radar,1208,480,30,1,1719,0,3,12,11,26,1208,483,42,12,1745,0,0,0,1745
02/11/2004,LAX,CA,AWP,WE,Combined TRACON& Tower with Radar,1254,498,32,1,1785,0,4,16,19,39,1254,502,48,20,1824,0,0,0,1824
02/12/2004,LAX,CA,AWP,WE,Combined TRACON& Tower with Radar,1252,498,31,1,1782,0,3,8,2,13,1252,501,39,3,1795,0,0,0,1795
02/13/2004,LAX,CA,AWP,WE,Combined TRACON& Tower with Radar,1278,508,32,1,1819,0,3,24,2,29,1278,511,56,3,1848,0,0,0,1848
02/14/2004,LAX,CA,AWP,WE,Combined TRACON& Tower with Radar,1083,430,26,2,1541,0,3,4,4,11,1083,433,30,6,1552,0,0,0,1552
02/15/2004,LAX,CA,AWP,WE,Combined TRACON& Tower with Radar,1182,468,29,2,1681,0,0,26,0,26,1182,468,55,2,1707,0,0,0,1707
02/16/2004,LAX,CA,AWP,WE,Combined TRACON& Tower with Radar,1225,488,30,2,1745,0,2,13,1,16,1225,490,43,3,1761,0,0,0,1761
02/17/2004,LAX,CA,AWP,WE,Combined TRACON& Tower with Radar,1222,484,30,2,1738,0,5,18,8,31,1222,489,48,10,1769,0,0,0,1769
02/18/2004,LAX,CA,AWP,WE,Combined TRACON& Tower with Radar,1234,489,30,2,1755,0,4,2,2,8,1234,493,32,4,1763,0,0,0,1763
02/19/2004,LAX,CA,AWP,WE,Combined TRACON& Tower with Radar,1250,496,30,2,1778,0,4,12,13,29,1250,500,42,15,1807,0,0,0,1807
02/20/2004,LAX,CA,AWP,WE,Combined TRACON& Tower with Radar,1271,504,31,2,1808,0,4,3,11,18,1271,508,34,13,1826,0,0,0,1826
02/21/2004,LAX,CA,AWP,WE,Combined TRACON& Tower with Radar,1092,433,26,2,1553,0,4,2,2,8,1092,437,28,4,1561,0,0,0,1561
02/22/2004,LAX,CA,AWP,WE,Combined TRACON& Tower with Radar,1012,405,25,2,1444,0,0,0,0,0,1012,405,25,2,1444,0,0,0,1444
02/23/2004,LAX,CA,AWP,WE,Combined TRACON& Tower with Radar,1253,476,30,2,1761,16,0,10,1,27,1269,476,40,3,1788,0,0,0,1788
02/24/2004,LAX,CA,AWP,WE,Combined TRACON& Tower with Radar,1213,481,29,2,1725,0,4,3,8,15,1213,485,32,10,1740,0,0,0,1740
02/25/2004,LAX,CA,AWP,WE,Combined TRACON& Tower with Radar,1220,483,27,2,1732,0,5,0,7,12,1220,488,27,9,1744,0,0,0,1744
02/26/2004,LAX,CA,AWP,WE,Combined TRACON& Tower with Radar,1259,499,31,2,1791,0,5,9,17,31,1259,504,40,19,1822,0,0,0,1822
02/27/2004,LAX,CA,AWP,WE,Combined TRACON& Tower with Radar,1282,508,31,2,1823,0,5,10,12,27,1282,513,41,14,1850,0,0,0,1850
02/28/2004,LAX,CA,AWP,WE,Combined TRACON& Tower with Radar,1076,426,26,2,1530,0,4,3,0,7,1076,430,29,2,1537,0,0,0,1537
02/29/2004,LAX,CA,AWP,WE,Combined TRACON& Tower with Radar,1177,454,29,2,1662,11,0,9,3,23,1188,454,38,5,1685,0,0,0,1685
03/01/2004,LAX,CA,AWP,WE,Combined TRACON& Tower with Radar,1216,461,31,1,1709,8,0,17,6,31,1224,461,48,7,1740,0,0,0,1740
03/02/2004,LAX,CA,AWP,WE,Combined TRACON& Tower with Radar,1230,487,32,1,1750,0,5,2,3,10,1230,492,34,4,1760,0,0,0,1760
03/03/2004,LAX,CA,AWP,WE,Combined TRACON& Tower with Radar,1198,475,30,1,1704,0,4,3,13,20,1198,479,33,14,1724,0,0,0,1724
03/04/2004,LAX,CA,AWP,WE,Combined TRACON& Tower with Radar,1249,495,30,1,1775,0,5,0,16,21,1249,500,30,17,1796,0,0,0,1796
03/05/2004,LAX,CA,AWP,WE,Combined TRACON& Tower with Radar,1265,501,32,2,1800,0,5,3,5,13,1265,506,35,7,1813,0,0,0,1813
03/06/2004,LAX,CA,AWP,WE,Combined TRACON& Tower with Radar,1098,435,24,2,1559,0,4,0,1,5,1098,439,24,3,1564,0,0,0,1564
03/07/2004,LAX,CA,AWP,WE,Combined TRACON& Tower with Radar,1198,475,29,2,1704,0,4,11,2,17,1198,479,40,4,1721,0,0,0,1721
03/08/2004,LAX,CA,AWP,WE,Combined TRACON& Tower with Radar,1218,471,30,2,1721,13,0,3,9,25,1231,471,33,11,1746,0,0,0,1746
03/09/2004,LAX,CA,AWP,WE,Combined TRACON& Tower with Radar,1220,484,30,2,1736,0,4,5,0,9,1220,488,35,2,1745,0,0,0,1745
03/10/2004,LAX,CA,AWP,WE,Combined TRACON& Tower with Radar,1267,502,32,2,1803,0,5,12,17,34,1267,507,44,19,1837,0,0,0,1837
03/11/2004,LAX,CA,AWP,WE,Combined TRACON& Tower with Radar,1315,521,31,2,1869,0,5,0,0,5,1315,526,31,2,1874,0,0,0,1874
03/12/2004,LAX,CA,AWP,WE,Combined TRACON& Tower with Radar,1252,496,31,2,1781,0,5,1,7,13,1252,501,32,9,1794,0,0,0,1794
03/13/2004,LAX,CA,AWP,WE,Combined TRACON& Tower with Radar,1093,433,26,2,1554,0,4,0,3,7,1093,437,26,5,1561,0,0,0,1561
03/14/2004,LAX,CA,AWP,WE,Combined TRACON& Tower with Radar,1180,438,29,0,1647,6,0,27,0,33,1186,438,56,0,1680,0,0,0,1680
03/15/2004,LAX,CA,AWP,WE,Combined TRACON& Tower with Radar,1228,459,31,2,1720,1,0,26,3,30,1229,459,57,5,1750,0,0,0,1750
03/16/2004,LAX,CA,AWP,WE,Combined TRACON& Tower with Radar,1189,470,28,2,1689,0,6,0,1,7,1189,476,28,3,1696,0,0,0,1696
03/17/2004,LAX,CA,AWP,WE,Combined TRACON& Tower with Radar,1227,485,31,2,1745,0,6,1,2,9,1227,491,32,4,1754,0,0,0,1754
03/18/2004,LAX,CA,AWP,WE,Combined TRACON& Tower with Radar,1264,500,31,2,1797,0,6,4,7,17,1264,506,35,9,1814,0,0,0,1814
03/19/2004,LAX,CA,AWP,WE,Combined TRACON& Tower with Radar,1288,509,30,2,1829,0,6,0,4,10,1288,515,30,6,1839,0,0,0,1839
03/20/2004,LAX,CA,AWP,WE,Combined TRACON& Tower with Radar,1141,451,25,2,1619,0,5,0,2,7,1141,456,25,4,1626,0,0,0,1626
03/21/2004,LAX,CA,AWP,WE,Combined TRACON& Tower with Radar,1199,459,30,2,1690,7,0,11,0,18,1206,459,41,2,1708,0,0,0,1708
03/22/2004,LAX,CA,AWP,WE,Combined TRACON& Tower with Radar,1254,496,31,2,1783,0,6,3,10,19,1254,502,34,12,1802,0,0,0,1802
03/23/2004,LAX,CA,AWP,WE,Combined TRACON& Tower with Radar,1240,490,31,2,1763,0,6,6,9,21,1240,496,37,11,1784,0,0,0,1784
03/24/2004,LAX,CA,AWP,WE,Combined TRACON& Tower with Radar,1251,495,31,2,1779,0,5,5,8,18,1251,500,36,10,1797,0,0,0,1797
03/25/2004,LAX,CA,AWP,WE,Combined TRACON& Tower with Radar,1250,494,31,2,1777,0,6,9,7,22,1250,500,40,9,1799,0,0,0,1799
03/26/2004,LAX,CA,AWP,WE,Combined TRACON& Tower with Radar,1278,505,32,2,1817,0,6,11,10,27,1278,511,43,12,1844,0,0,0,1844
03/27/2004,LAX,CA,AWP,WE,Combined TRACON& Tower with Radar,1118,442,25,2,1587,0,5,0,2,7,1118,447,25,4,1594,0,0,0,1594
03/28/2004,LAX,CA,AWP,WE,Combined TRACON& Tower with Radar,1179,466,27,2,1674,0,6,0,1,7,1179,472,27,3,1681,0,0,0,1681
03/29/2004,LAX,CA,AWP,WE,Combined TRACON& Tower with Radar,1243,466,31,1,1741,10,0,36,4,50,1253,466,67,5,1791,0,0,0,1791
03/30/2004,LAX,CA,AWP,WE,Combined TRACON& Tower with Radar,1251,496,28,1,1776,0,4,0,9,13,1251,500,28,10,1789,0,0,0,1789
03/31/2004,LAX,CA,AWP,WE,Combined TRACON& Tower with Radar,1277,506,29,1,1813,0,5,0,13,18,1277,511,29,14,1831,0,0,0,1831
04/01/2004,LAX,CA,AWP,WE,Combined TRACON& Tower with Radar,1274,503,31,1,1809,0,6,3,11,20,1274,509,34,12,1829,0,0,0,1829
04/02/2004,LAX,CA,AWP,WE,Combined TRACON& Tower with Radar,1291,509,31,2,1833,0,7,4,11,22,1291,516,35,13,1855,0,0,0,1855
04/03/2004,LAX,CA,AWP,WE,Combined TRACON& Tower with Radar,1104,436,27,1,1568,0,5,5,6,16,1104,441,32,7,1584,0,0,0,1584
04/04/2004,LAX,CA,AWP,WE,Combined TRACON& Tower with Radar,1216,459,29,1,1705,29,0,13,2,44,1245,459,42,3,1749,0,0,0,1749
04/05/2004,LAX,CA,AWP,WE,Combined TRACON& Tower with Radar,1212,479,29,1,1721,0,6,9,9,24,1212,485,38,10,1745,0,0,0,1745
04/06/2004,LAX,CA,AWP,WE,Combined TRACON& Tower with Radar,1246,492,30,1,1769,0,6,13,8,27,1246,498,43,9,1796,0,0,0,1796
04/07/2004,LAX,CA,AWP,WE,Combined TRACON& Tower with Radar,1292,510,31,1,1834,0,7,17,10,34,1292,517,48,11,1868,0,0,0,1868
04/08/2004,LAX,CA,AWP,WE,Combined TRACON& Tower with Radar,1284,506,31,2,1823,0,7,4,2,13,1284,513,35,4,1836,0,0,0,1836
04/09/2004,LAX,CA,AWP,WE,Combined TRACON& Tower with Radar,1276,504,31,1,1812,0,7,8,6,21,1276,511,39,7,1833,0,0,0,1833
04/10/2004,LAX,CA,AWP,WE,Combined TRACON& Tower with Radar,1121,443,25,1,1590,0,5,0,3,8,1121,448,25,4,1598,0,0,0,1598
04/11/2004,LAX,CA,AWP,WE,Combined TRACON& Tower with Radar,1207,442,29,1,1679,25,0,9,0,34,1232,442,38,1,1713,0,0,0,1713
04/12/2004,LAX,CA,AWP,WE,Combined TRACON& Tower with Radar,1252,495,29,2,1778,0,6,2,3,11,1252,501,31,5,1789,0,0,0,1789
04/13/2004,LAX,CA,AWP,WE,Combined TRACON& Tower with Radar,1274,503,30,2,1809,0,7,6,2,15,1274,510,36,4,1824,0,0,0,1824
04/14/2004,LAX,CA,AWP,WE,Combined TRACON& Tower with Radar,1283,506,30,3,1822,0,7,7,6,20,1283,513,37,9,1842,0,0,0,1842
04/15/2004,LAX,CA,AWP,WE,Combined TRACON& Tower with Radar,1300,513,30,3,1846,0,7,23,23,53,1300,520,53,26,1899,0,0,0,1899
04/16/2004,LAX,CA,AWP,WE,Combined TRACON& Tower with Radar,1298,512,30,3,1843,0,7,4,6,17,1298,519,34,9,1860,0,0,0,1860
04/17/2004,LAX,CA,AWP,WE,Combined TRACON& Tower with Radar,1140,450,25,2,1617,0,6,0,2,8,1140,456,25,4,1625,0,0,0,1625
04/18/2004,LAX,CA,AWP,WE,Combined TRACON& Tower with Radar,1200,435,28,2,1665,23,0,22,1,46,1223,435,50,3,1711,0,0,0,1711
04/19/2004,LAX,CA,AWP,WE,Combined TRACON& Tower with Radar,1248,493,30,2,1773,0,6,2,5,13,1248,499,32,7,1786,0,0,0,1786
04/20/2004,LAX,CA,AWP,WE,Combined TRACON& Tower with Radar,1276,503,30,2,1811,0,8,11,31,50,1276,511,41,33,1861,0,0,0,1861
04/21/2004,LAX,CA,AWP,WE,Combined TRACON& Tower with Radar,1283,505,30,3,1821,0,8,12,8,28,1283,513,42,11,1849,0,0,0,1849
04/22/2004,LAX,CA,AWP,WE,Combined TRACON& Tower with Radar,1312,516,31,3,1862,0,9,8,8,25,1312,525,39,11,1887,0,0,0,1887
04/23/2004,LAX,CA,AWP,WE,Combined TRACON& Tower with Radar,1310,516,30,3,1859,0,8,8,15,31,1310,524,38,18,1890,0,0,0,1890
04/24/2004,LAX,CA,AWP,WE,Combined TRACON& Tower with Radar,1137,448,27,2,1614,0,7,12,4,23,1137,455,39,6,1637,0,0,0,1637
04/25/2004,LAX,CA,AWP,WE,Combined TRACON& Tower with Radar,1243,460,29,2,1734,12,0,26,1,39,1255,460,55,3,1773,0,0,0,1773
04/26/2004,LAX,CA,AWP,WE,Combined TRACON& Tower with Radar,1251,475,29,2,1757,12,0,19,5,36,1263,475,48,7,1793,0,0,0,1793
04/27/2004,LAX,CA,AWP,WE,Combined TRACON& Tower with Radar,1246,492,29,2,1769,0,7,14,11,32,1246,499,43,13,1801,0,0,0,1801
04/28/2004,LAX,CA,AWP,WE,Combined TRACON& Tower with Radar,1295,511,30,2,1838,0,7,9,8,24,1295,518,39,10,1862,0,0,0,1862
04/29/2004,LAX,CA,AWP,WE,Combined TRACON& Tower with Radar,1333,526,31,2,1892,0,7,21,9,37,1333,533,52,11,1929,0,0,0,1929
04/30/2004,LAX,CA,AWP,WE,Combined TRACON& Tower with Radar,1277,504,31,1,1813,0,7,24,12,43,1277,511,55,13,1856,0,0,0,1856
05/01/2004,LAX,CA,AWP,WE,Combined TRACON& Tower with Radar,1123,437,26,1,1587,0,12,4,1,17,1123,449,30,2,1604,0,0,0,1604
05/02/2004,LAX,CA,AWP,WE,Combined TRACON& Tower with Radar,1259,478,29,1,1767,1,0,9,2,12,1260,478,38,3,1779,0,0,0,1779
05/03/2004,LAX,CA,AWP,WE,Combined TRACON& Tower with Radar,1260,466,29,1,1756,18,0,27,11,56,1278,466,56,12,1812,0,0,0,1812
05/04/2004,LAX,CA,AWP,WE,Combined TRACON& Tower with Radar,1285,471,30,0,1786,0,0,7,0,7,1285,471,37,0,1793,0,0,0,1793
05/05/2004,LAX,CA,AWP,WE,Combined TRACON& Tower with Radar,1257,489,29,1,1776,0,14,2,3,19,1257,503,31,4,1795,0,0,0,1795
05/06/2004,LAX,CA,AWP,WE,Combined TRACON& Tower with Radar,1292,502,31,1,1826,0,15,5,5,25,1292,517,36,6,1851,0,0,0,1851
05/07/2004,LAX,CA,AWP,WE,Combined TRACON& Tower with Radar,1311,509,30,2,1852,0,15,5,11,31,1311,524,35,13,1883,0,0,0,1883
05/08/2004,LAX,CA,AWP,WE,Combined TRACON& Tower with Radar,1143,444,26,2,1615,0,13,9,1,23,1143,457,35,3,1638,0,0,0,1638
05/09/2004,LAX,CA,AWP,WE,Combined TRACON& Tower with Radar,1200,439,27,0,1666,24,0,3,0,27,1224,439,30,0,1693,0,0,0,1693
05/10/2004,LAX,CA,AWP,WE,Combined TRACON& Tower with Radar,1262,453,28,2,1745,8,0,31,1,40,1270,453,59,3,1785,0,0,0,1785
05/11/2004,LAX,CA,AWP,WE,Combined TRACON& Tower with Radar,1298,504,30,2,1834,0,15,11,7,33,1298,519,41,9,1867,0,0,0,1867
05/12/2004,LAX,CA,AWP,WE,Combined TRACON& Tower with Radar,1276,496,29,2,1803,0,14,13,5,32,1276,510,42,7,1835,0,0,0,1835
05/13/2004,LAX,CA,AWP,WE,Combined TRACON& Tower with Radar,1291,501,30,2,1824,0,15,9,3,27,1291,516,39,5,1851,0,0,0,1851
05/14/2004,LAX,CA,AWP,WE,Combined TRACON& Tower with Radar,1286,500,29,2,1817,0,15,19,17,51,1286,515,48,19,1868,0,0,0,1868
05/15/2004,LAX,CA,AWP,WE,Combined TRACON& Tower with Radar,1136,436,25,2,1599,150,79,21,17,267,1286,515,46,19,1866,0,0,0,1866
05/16/2004,LAX,CA,AWP,WE,Combined TRACON& Tower with Radar,1234,441,27,0,1702,25,0,17,0,42,1259,441,44,0,1744,0,0,0,1744
05/17/2004,LAX,CA,AWP,WE,Combined TRACON& Tower with Radar,1253,368,28,2,1651,118,0,3,4,125,1371,368,31,6,1776,0,0,0,1776
05/18/2004,LAX,CA,AWP,WE,Combined TRACON& Tower with Radar,1274,494,29,2,1799,0,15,6,10,31,1274,509,35,12,1830,0,0,0,1830
05/19/2004,LAX,CA,AWP,WE,Combined TRACON& Tower with Radar,1303,505,30,2,1840,0,16,10,9,35,1303,521,40,11,1875,0,0,0,1875
05/20/2004,LAX,CA,AWP,WE,Combined TRACON& Tower with Radar,1313,509,30,2,1854,0,16,9,10,35,1313,525,39,12,1889,0,0,0,1889
05/21/2004,LAX,CA,AWP,WE,Combined TRACON& Tower with Radar,1295,502,30,2,1829,0,16,17,5,38,1295,518,47,7,1867,0,0,0,1867
05/22/2004,LAX,CA,AWP,WE,Combined TRACON& Tower with Radar,1137,441,26,2,1606,0,14,12,2,28,1137,455,38,4,1634,0,0,0,1634
05/23/2004,LAX,CA,AWP,WE,Combined TRACON& Tower with Radar,1229,444,28,1,1702,30,0,4,0,34,1259,444,32,1,1736,0,0,0,1736
05/24/2004,LAX,CA,AWP,WE,Combined TRACON& Tower with Radar,1259,459,28,0,1746,0,0,19,0,19,1259,459,47,0,1765,0,0,0,1765
05/25/2004,LAX,CA,AWP,WE,Combined TRACON& Tower with Radar,1274,494,29,2,1799,0,16,26,4,46,1274,510,55,6,1845,0,0,0,1845
05/26/2004,LAX,CA,AWP,WE,Combined TRACON& Tower with Radar,1277,495,29,2,1803,0,16,5,0,21,1277,511,34,2,1824,0,0,0,1824
05/27/2004,LAX,CA,AWP,WE,Combined TRACON& Tower with Radar,1272,493,29,2,1796,0,16,18,1,35,1272,509,47,3,1831,0,0,0,1831
05/28/2004,LAX,CA,AWP,WE,Combined TRACON& Tower with Radar,1317,512,30,1,1860,0,15,18,10,43,1317,527,48,11,1903,0,0,0,1903
05/29/2004,LAX,CA,AWP,WE,Combined TRACON& Tower with Radar,1097,426,25,1,1549,0,13,7,4,24,1097,439,32,5,1573,0,0,0,1573
05/30/2004,LAX,CA,AWP,WE,Combined TRACON& Tower with Radar,1098,379,16,1,1494,56,0,0,1,57,1154,379,16,2,1551,0,0,0,1551
05/31/2004,LAX,CA,AWP,WE,Combined TRACON& Tower with Radar,1209,434,27,1,1671,27,0,15,4,46,1236,434,42,5,1717,0,0,0,1717
06/01/2004,LAX,CA,AWP,WE,Combined TRACON& Tower with Radar,1270,496,31,1,1798,0,12,5,10,27,1270,508,36,11,1825,0,0,0,1825
06/02/2004,LAX,CA,AWP,WE,Combined TRACON& Tower with Radar,1279,500,31,1,1811,0,12,3,15,30,1279,512,34,16,1841,0,0,0,1841
06/03/2004,LAX,CA,AWP,WE,Combined TRACON& Tower with Radar,1297,507,32,1,1837,0,12,9,12,33,1297,519,41,13,1870,0,0,0,1870
06/04/2004,LAX,CA,AWP,WE,Combined TRACON& Tower with Radar,1305,510,31,1,1847,0,12,0,3,15,1305,522,31,4,1862,0,0,0,1862
06/05/2004,LAX,CA,AWP,WE,Combined TRACON& Tower with Radar,1193,466,29,1,1689,0,11,2,10,23,1193,477,31,11,1712,0,0,0,1712
06/06/2004,LAX,CA,AWP,WE,Combined TRACON& Tower with Radar,1210,473,30,1,1714,0,11,2,7,20,1210,484,32,8,1734,0,0,0,1734
06/07/2004,LAX,CA,AWP,WE,Combined TRACON& Tower with Radar,1260,447,29,2,1738,37,0,12,9,58,1297,447,41,11,1796,0,0,0,1796
06/08/2004,LAX,CA,AWP,WE,Combined TRACON& Tower with Radar,1314,513,30,2,1859,0,12,0,11,23,1314,525,30,13,1882,0,0,0,1882
06/09/2004,LAX,CA,AWP,WE,Combined TRACON& Tower with Radar,1277,499,30,2,1808,0,12,6,10,28,1277,511,36,12,1836,0,0,0,1836
06/10/2004,LAX,CA,AWP,WE,Combined TRACON& Tower with Radar,1302,509,31,2,1844,0,12,6,15,33,1302,521,37,17,1877,0,0,0,1877
06/11/2004,LAX,CA,AWP,WE,Combined TRACON& Tower with Radar,1320,512,31,2,1865,574,12,23,4,613,1894,524,54,6,2478,0,0,0,2478
06/12/2004,LAX,CA,AWP,WE,Combined TRACON& Tower with Radar,1181,461,27,2,1671,0,11,0,0,11,1181,472,27,2,1682,0,0,0,1682
06/13/2004,LAX,CA,AWP,WE,Combined TRACON& Tower with Radar,1261,446,30,2,1739,42,0,10,2,54,1303,446,40,4,1793,0,0,0,1793
06/14/2004,LAX,CA,AWP,WE,Combined TRACON& Tower with Radar,1315,474,31,2,1822,18,0,24,2,44,1333,474,55,4,1866,0,0,0,1866
06/15/2004,LAX,CA,AWP,WE,Combined TRACON& Tower with Radar,1309,512,31,2,1854,0,12,18,6,36,1309,524,49,8,1890,0,0,0,1890
06/16/2004,LAX,CA,AWP,WE,Combined TRACON& Tower with Radar,1327,518,32,2,1879,0,13,8,4,25,1327,531,40,6,1904,0,0,0,1904
06/17/2004,LAX,CA,AWP,WE,Combined TRACON& Tower with Radar,1297,506,31,2,1836,0,13,18,18,49,1297,519,49,20,1885,0,0,0,1885
06/18/2004,LAX,CA,AWP,WE,Combined TRACON& Tower with Radar,1351,527,32,2,1912,0,13,7,13,33,1351,540,39,15,1945,0,0,0,1945
06/19/2004,LAX,CA,AWP,WE,Combined TRACON& Tower with Radar,1224,477,27,2,1730,0,13,0,1,14,1224,490,27,3,1744,0,0,0,1744
06/20/2004,LAX,CA,AWP,WE,Combined TRACON& Tower with Radar,1272,448,30,2,1752,40,0,14,1,55,1312,448,44,3,1807,0,0,0,1807
06/21/2004,LAX,CA,AWP,WE,Combined TRACON& Tower with Radar,1336,476,32,2,1846,30,0,16,5,51,1366,476,48,7,1897,0,0,0,1897
06/22/2004,LAX,CA,AWP,WE,Combined TRACON& Tower with Radar,1338,522,32,2,1894,0,13,4,4,21,1338,535,36,6,1915,0,0,0,1915
06/23/2004,LAX,CA,AWP,WE,Combined TRACON& Tower with Radar,1341,523,32,2,1898,0,13,8,4,25,1341,536,40,6,1923,0,0,0,1923
06/24/2004,LAX,CA,AWP,WE,Combined TRACON& Tower with Radar,1351,527,32,2,1912,0,13,7,15,35,1351,540,39,17,1947,0,0,0,1947
06/25/2004,LAX,CA,AWP,WE,Combined TRACON& Tower with Radar,1335,520,32,2,1889,0,14,7,11,32,1335,534,39,13,1921,0,0,0,1921
06/26/2004,LAX,CA,AWP,WE,Combined TRACON& Tower with Radar,1222,477,29,2,1730,0,12,15,3,30,1222,489,44,5,1760,0,0,0,1760
06/27/2004,LAX,CA,AWP,WE,Combined TRACON& Tower with Radar,1276,453,30,0,1759,38,0,4,0,42,1314,453,34,0,1801,0,0,0,1801
06/28/2004,LAX,CA,AWP,WE,Combined TRACON& Tower with Radar,1282,456,30,2,1770,31,0,18,7,56,1313,456,48,9,1826,0,0,0,1826
06/29/2004,LAX,CA,AWP,WE,Combined TRACON& Tower with Radar,1335,520,32,2,1889,0,14,6,5,25,1335,534,38,7,1914,0,0,0,1914
06/30/2004,LAX,CA,AWP,WE,Combined TRACON& Tower with Radar,1349,526,32,2,1909,0,14,0,7,21,1349,540,32,9,1930,0,0,0,1930
07/01/2004,LAX,CA,AWP,WE,Combined TRACON& Tower with Radar,1303,511,30,1,1845,0,10,16,16,42,1303,521,46,17,1887,0,0,0,1887
07/02/2004,LAX,CA,AWP,WE,Combined TRACON& Tower with Radar,1297,509,29,1,1836,0,10,15,13,38,1297,519,44,14,1874,0,0,0,1874
07/03/2004,LAX,CA,AWP,WE,Combined TRACON& Tower with Radar,1213,475,28,1,1717,0,10,7,6,23,1213,485,35,7,1740,0,0,0,1740
07/04/2004,LAX,CA,AWP,WE,Combined TRACON& Tower with Radar,1068,369,23,1,1461,50,0,0,1,51,1118,369,23,2,1512,0,0,0,1512
07/05/2004,LAX,CA,AWP,WE,Combined TRACON& Tower with Radar,1265,496,29,1,1791,0,10,12,3,25,1265,506,41,4,1816,0,0,0,1816
07/06/2004,LAX,CA,AWP,WE,Combined TRACON& Tower with Radar,1286,504,30,1,1821,0,11,6,9,26,1286,515,36,10,1847,0,0,0,1847
07/07/2004,LAX,CA,AWP,WE,Combined TRACON& Tower with Radar,1331,522,30,1,1884,0,10,10,20,40,1331,532,40,21,1924,0,0,0,1924
07/08/2004,LAX,CA,AWP,WE,Combined TRACON& Tower with Radar,1343,526,31,1,1901,0,11,8,10,29,1343,537,39,11,1930,0,0,0,1930
07/09/2004,LAX,CA,AWP,WE,Combined TRACON& Tower with Radar,1331,522,30,1,1884,0,11,2,7,20,1331,533,32,8,1904,0,0,0,1904
07/10/2004,LAX,CA,AWP,WE,Combined TRACON& Tower with Radar,1225,480,28,1,1734,0,10,6,5,21,1225,490,34,6,1755,0,0,0,1755
07/11/2004,LAX,CA,AWP,WE,Combined TRACON& Tower with Radar,1245,426,28,1,1700,62,0,3,4,69,1307,426,31,5,1769,0,0,0,1769
07/12/2004,LAX,CA,AWP,WE,Combined TRACON& Tower with Radar,1281,502,28,2,1813,0,10,8,7,25,1281,512,36,9,1838,0,0,0,1838
07/13/2004,LAX,CA,AWP,WE,Combined TRACON& Tower with Radar,1342,526,30,2,1900,0,11,4,19,34,1342,537,34,21,1934,0,0,0,1934
07/14/2004,LAX,CA,AWP,WE,Combined TRACON& Tower with Radar,1298,509,29,2,1838,0,10,17,5,32,1298,519,46,7,1870,0,0,0,1870
07/15/2004,LAX,CA,AWP,WE,Combined TRACON& Tower with Radar,1357,532,30,2,1921,0,11,16,9,36,1357,543,46,11,1957,0,0,0,1957
07/16/2004,LAX,CA,AWP,WE,Combined TRACON& Tower with Radar,1310,513,29,2,1854,0,11,20,8,39,1310,524,49,10,1893,0,0,0,1893
07/17/2004,LAX,CA,AWP,WE,Combined TRACON& Tower with Radar,1232,427,27,2,1688,53,0,10,0,63,1285,427,37,2,1751,0,0,0,1751
07/18/2004,LAX,CA,AWP,WE,Combined TRACON& Tower with Radar,1289,447,28,2,1766,50,0,10,2,62,1339,447,38,4,1828,0,0,0,1828
07/19/2004,LAX,CA,AWP,WE,Combined TRACON& Tower with Radar,1306,462,28,2,1798,34,0,25,9,68,1340,462,53,11,1866,0,0,0,1866
07/20/2004,LAX,CA,AWP,WE,Combined TRACON& Tower with Radar,1301,509,29,2,1841,0,11,11,0,22,1301,520,40,2,1863,0,0,0,1863
07/21/2004,LAX,CA,AWP,WE,Combined TRACON& Tower with Radar,1300,508,29,2,1839,0,12,24,10,46,1300,520,53,12,1885,0,0,0,1885
07/22/2004,LAX,CA,AWP,WE,Combined TRACON& Tower with Radar,1307,511,29,2,1849,0,12,11,7,30,1307,523,40,9,1879,0,0,0,1879
07/23/2004,LAX,CA,AWP,WE,Combined TRACON& Tower with Radar,1348,527,30,2,1907,0,12,1,6,19,1348,539,31,8,1926,0,0,0,1926
07/24/2004,LAX,CA,AWP,WE,Combined TRACON& Tower with Radar,1241,486,27,2,1756,0,11,2,9,22,1241,497,29,11,1778,0,0,0,1778
07/25/2004,LAX,CA,AWP,WE,Combined TRACON& Tower with Radar,1260,493,28,2,1783,0,11,4,6,21,1260,504,32,8,1804,0,0,0,1804
07/26/2004,LAX,CA,AWP,WE,Combined TRACON& Tower with Radar,1295,507,28,2,1832,0,11,9,7,27,1295,518,37,9,1859,0,0,0,1859
07/27/2004,LAX,CA,AWP,WE,Combined TRACON& Tower with Radar,1258,492,28,2,1780,0,11,10,10,31,1258,503,38,12,1811,0,0,0,1811
07/28/2004,LAX,CA,AWP,WE,Combined TRACON& Tower with Radar,1297,508,28,2,1835,0,11,8,11,30,1297,519,36,13,1865,0,0,0,1865
07/29/2004,LAX,CA,AWP,WE,Combined TRACON& Tower with Radar,1333,521,30,2,1886,0,12,20,19,51,1333,533,50,21,1937,0,0,0,1937
07/30/2004,LAX,CA,AWP,WE,Combined TRACON& Tower with Radar,1318,516,29,2,1865,0,11,16,8,35,1318,527,45,10,1900,0,0,0,1900
07/31/2004,LAX,CA,AWP,WE,Combined TRACON& Tower with Radar,1139,441,25,2,1607,53,36,6,3,98,1192,477,31,5,1705,0,0,0,1705
08/01/2004,LAX,CA,AWP,WE,Combined TRACON& Tower with Radar,1241,485,29,2,1757,0,12,4,7,23,1241,497,33,9,1780,0,0,0,1780
08/02/2004,LAX,CA,AWP,WE,Combined TRACON& Tower with Radar,1317,461,31,2,1811,59,0,5,10,74,1376,461,36,12,1885,0,0,0,1885
08/03/2004,LAX,CA,AWP,WE,Combined TRACON& Tower with Radar,1334,521,31,2,1888,0,13,3,7,23,1334,534,34,9,1911,0,0,0,1911
08/04/2004,LAX,CA,AWP,WE,Combined TRACON& Tower with Radar,1313,514,30,1,1858,0,11,10,6,27,1313,525,40,7,1885,0,0,0,1885
08/05/2004,LAX,CA,AWP,WE,Combined TRACON& Tower with Radar,1324,518,31,1,1874,0,11,5,17,33,1324,529,36,18,1907,0,0,0,1907
08/06/2004,LAX,CA,AWP,WE,Combined TRACON& Tower with Radar,1351,529,31,1,1912,0,11,10,7,28,1351,540,41,8,1940,0,0,0,1940
08/07/2004,LAX,CA,AWP,WE,Combined TRACON& Tower with Radar,1208,473,28,1,1710,0,10,6,8,24,1208,483,34,9,1734,0,0,0,1734
08/08/2004,LAX,CA,AWP,WE,Combined TRACON& Tower with Radar,1257,492,29,1,1779,0,11,3,4,18,1257,503,32,5,1797,0,0,0,1797
08/09/2004,LAX,CA,AWP,WE,Combined TRACON& Tower with Radar,1285,439,30,1,1755,50,0,21,4,75,1335,439,51,5,1830,0,0,0,1830
08/10/2004,LAX,CA,AWP,WE,Combined TRACON& Tower with Radar,1292,506,30,1,1829,0,11,25,4,40,1292,517,55,5,1869,0,0,0,1869
08/11/2004,LAX,CA,AWP,WE,Combined TRACON& Tower with Radar,1321,517,31,1,1870,0,12,15,10,37,1321,529,46,11,1907,0,0,0,1907
08/12/2004,LAX,CA,AWP,WE,Combined TRACON& Tower with Radar,1293,506,30,1,1830,0,11,5,6,22,1293,517,35,7,1852,0,0,0,1852
08/13/2004,LAX,CA,AWP,WE,Combined TRACON& Tower with Radar,1295,507,29,2,1833,0,11,28,14,53,1295,518,57,16,1886,0,0,0,1886
08/14/2004,LAX,CA,AWP,WE,Combined TRACON& Tower with Radar,1220,477,28,2,1727,0,11,15,5,31,1220,488,43,7,1758,0,0,0,1758
08/15/2004,LAX,CA,AWP,WE,Combined TRACON& Tower with Radar,1267,495,28,2,1792,0,12,10,3,25,1267,507,38,5,1817,0,0,0,1817
08/16/2004,LAX,CA,AWP,WE,Combined TRACON& Tower with Radar,1273,497,28,2,1800,0,12,6,2,20,1273,509,34,4,1820,0,0,0,1820
08/17/2004,LAX,CA,AWP,WE,Combined TRACON& Tower with Radar,1314,513,30,2,1859,0,12,10,12,34,1314,525,40,14,1893,0,0,0,1893
08/18/2004,LAX,CA,AWP,WE,Combined TRACON& Tower with Radar,1314,513,30,2,1859,0,13,2,9,24,1314,526,32,11,1883,0,0,0,1883
08/19/2004,LAX,CA,AWP,WE,Combined TRACON& Tower with Radar,1330,519,30,2,1881,0,13,9,9,31,1330,532,39,11,1912,0,0,0,1912
08/20/2004,LAX,CA,AWP,WE,Combined TRACON& Tower with Radar,1281,500,29,2,1812,0,13,25,14,52,1281,513,54,16,1864,0,0,0,1864
08/21/2004,LAX,CA,AWP,WE,Combined TRACON& Tower with Radar,1235,483,28,2,1748,0,11,23,2,36,1235,494,51,4,1784,0,0,0,1784
08/22/2004,LAX,CA,AWP,WE,Combined TRACON& Tower with Radar,1277,435,29,0,1741,51,0,19,0,70,1328,435,48,0,1811,0,0,0,1811
08/23/2004,LAX,CA,AWP,WE,Combined TRACON& Tower with Radar,1271,438,25,2,1736,62,0,0,0,62,1333,438,25,2,1798,0,0,0,1798
08/24/2004,LAX,CA,AWP,WE,Combined TRACON& Tower with Radar,1285,502,29,2,1818,0,12,16,11,39,1285,514,45,13,1857,0,0,0,1857
08/25/2004,LAX,CA,AWP,WE,Combined TRACON& Tower with Radar,1302,509,29,2,1842,0,12,16,3,31,1302,521,45,5,1873,0,0,0,1873
08/26/2004,LAX,CA,AWP,WE,Combined TRACON& Tower with Radar,1310,512,29,2,1853,0,12,10,17,39,1310,524,39,19,1892,0,0,0,1892
08/27/2004,LAX,CA,AWP,WE,Combined TRACON& Tower with Radar,1330,519,30,2,1881,0,13,20,3,36,1330,532,50,5,1917,0,0,0,1917
08/28/2004,LAX,CA,AWP,WE,Combined TRACON& Tower with Radar,1213,474,27,2,1716,0,11,0,2,13,1213,485,27,4,1729,0,0,0,1729
08/29/2004,LAX,CA,AWP,WE,Combined TRACON& Tower with Radar,1224,496,28,2,1750,0,49,18,4,71,1224,545,46,6,1821,0,0,0,1821
08/30/2004,LAX,CA,AWP,WE,Combined TRACON& Tower with Radar,1291,447,29,2,1769,60,0,1,5,66,1351,447,30,7,1835,0,0,0,1835
08/31/2004,LAX,CA,AWP,WE,Combined TRACON& Tower with Radar,1283,501,29,2,1815,0,12,7,7,26,1283,513,36,9,1841,0,0,0,1841
09/01/2004,LAX,CA,AWP,WE,Combined TRACON& Tower with Radar,1334,521,31,1,1887,22,9,0,13,44,1356,530,31,14,1931,0,0,0,1931
09/02/2004,LAX,CA,AWP,WE,Combined TRACON& Tower with Radar,1306,513,31,1,1851,0,9,7,14,30,1306,522,38,15,1881,0,0,0,1881
09/03/2004,LAX,CA,AWP,WE,Combined TRACON& Tower with Radar,1295,509,30,1,1835,0,9,6,6,21,1295,518,36,7,1856,0,0,0,1856
09/04/2004,LAX,CA,AWP,WE,Combined TRACON& Tower with Radar,1087,427,25,1,1540,0,8,6,1,15,1087,435,31,2,1555,0,0,0,1555
09/05/2004,LAX,CA,AWP,WE,Combined TRACON& Tower with Radar,1108,366,25,1,1500,62,0,11,0,73,1170,366,36,1,1573,0,0,0,1573
09/06/2004,LAX,CA,AWP,WE,Combined TRACON& Tower with Radar,1225,430,28,0,1683,54,0,8,0,62,1279,430,36,0,1745,0,0,0,1745
09/07/2004,LAX,CA,AWP,WE,Combined TRACON& Tower with Radar,1265,497,29,2,1793,0,9,8,8,25,1265,506,37,10,1818,0,0,0,1818
09/08/2004,LAX,CA,AWP,WE,Combined TRACON& Tower with Radar,1261,458,28,0,1747,17,0,5,0,22,1278,458,33,0,1769,0,0,0,1769
09/09/2004,LAX,CA,AWP,WE,Combined TRACON& Tower with Radar,1261,496,28,2,1787,0,8,6,16,30,1261,504,34,18,1817,0,0,0,1817
09/10/2004,LAX,CA,AWP,WE,Combined TRACON& Tower with Radar,1261,496,28,2,1787,0,8,4,6,18,1261,504,32,8,1805,0,0,0,1805
09/11/2004,LAX,CA,AWP,WE,Combined TRACON& Tower with Radar,1147,450,26,2,1625,0,9,7,4,20,1147,459,33,6,1645,0,0,0,1645
09/12/2004,LAX,CA,AWP,WE,Combined TRACON& Tower with Radar,1247,461,28,1,1737,29,0,3,0,32,1276,461,31,1,1769,0,0,0,1769
09/13/2004,LAX,CA,AWP,WE,Combined TRACON& Tower with Radar,1252,466,28,0,1746,24,0,17,0,41,1276,466,45,0,1787,0,0,0,1787
09/14/2004,LAX,CA,AWP,WE,Combined TRACON& Tower with Radar,1116,439,25,2,1582,0,8,7,0,15,1116,447,32,2,1597,0,0,0,1597
09/15/2004,LAX,CA,AWP,WE,Combined TRACON& Tower with Radar,1306,513,30,2,1851,0,9,12,6,27,1306,522,42,8,1878,0,0,0,1878
09/16/2004,LAX,CA,AWP,WE,Combined TRACON& Tower with Radar,1269,498,28,2,1797,0,10,18,6,34,1269,508,46,8,1831,0,0,0,1831
09/17/2004,LAX,CA,AWP,WE,Combined TRACON& Tower with Radar,1263,495,29,2,1789,0,10,3,5,18,1263,505,32,7,1807,0,0,0,1807
09/18/2004,LAX,CA,AWP,WE,Combined TRACON& Tower with Radar,1122,440,25,2,1589,0,9,4,1,14,1122,449,29,3,1603,0,0,0,1603
09/19/2004,LAX,CA,AWP,WE,Combined TRACON& Tower with Radar,1209,474,28,2,1713,0,10,4,0,14,1209,484,32,2,1727,0,0,0,1727
09/20/2004,LAX,CA,AWP,WE,Combined TRACON& Tower with Radar,1245,488,28,2,1763,0,10,11,0,21,1245,498,39,2,1784,0,0,0,1784
09/21/2004,LAX,CA,AWP,WE,Combined TRACON& Tower with Radar,1265,496,29,2,1792,0,10,11,1,22,1265,506,40,3,1814,0,0,0,1814
09/22/2004,LAX,CA,AWP,WE,Combined TRACON& Tower with Radar,1277,501,29,2,1809,0,10,6,14,30,1277,511,35,16,1839,0,0,0,1839
09/23/2004,LAX,CA,AWP,WE,Combined TRACON& Tower with Radar,1274,499,29,2,1804,0,10,6,10,26,1274,509,35,12,1830,0,0,0,1830
09/24/2004,LAX,CA,AWP,WE,Combined TRACON& Tower with Radar,1276,501,29,1,1807,0,10,3,6,19,1276,511,32,7,1826,0,0,0,1826
09/25/2004,LAX,CA,AWP,WE,Combined TRACON& Tower with Radar,1065,418,24,1,1508,0,8,9,2,19,1065,426,33,3,1527,0,0,0,1527
09/26/2004,LAX,CA,AWP,WE,Combined TRACON& Tower with Radar,1203,442,27,1,1673,7,0,13,1,21,1210,442,40,2,1694,0,0,0,1694
09/27/2004,LAX,CA,AWP,WE,Combined TRACON& Tower with Radar,1266,497,29,1,1793,0,9,3,4,16,1266,506,32,5,1809,0,0,0,1809
09/28/2004,LAX,CA,AWP,WE,Combined TRACON& Tower with Radar,1284,505,29,1,1819,0,9,4,9,22,1284,514,33,10,1841,0,0,0,1841
09/29/2004,LAX,CA,AWP,WE,Combined TRACON& Tower with Radar,1291,508,29,1,1829,0,8,15,11,34,1291,516,44,12,1863,0,0,0,1863
09/30/2004,LAX,CA,AWP,WE,Combined TRACON& Tower with Radar,1279,502,29,1,1811,0,9,8,7,24,1279,511,37,8,1835,0,0,0,1835
10/01/2004,LAX,CA,AWP,WE,Combined TRACON& Tower with Radar,1291,469,48,2,1810,0,47,0,11,58,1291,516,48,13,1868,0,0,0,1868
10/02/2004,LAX,CA,AWP,WE,Combined TRACON& Tower with Radar,1112,410,21,0,1543,0,35,6,6,47,1112,445,27,6,1590,0,0,0,1590
10/03/2004,LAX,CA,AWP,WE,Combined TRACON& Tower with Radar,1227,450,47,0,1724,20,7,6,0,33,1247,457,53,0,1757,0,0,0,1757
10/04/2004,LAX,CA,AWP,WE,Combined TRACON& Tower with Radar,1148,498,30,0,1676,98,0,0,3,101,1246,498,30,3,1777,0,0,0,1777
10/05/2004,LAX,CA,AWP,WE,Combined TRACON& Tower with Radar,1253,447,32,3,1735,0,54,0,0,54,1253,501,32,3,1789,0,0,0,1789
10/06/2004,LAX,CA,AWP,WE,Combined TRACON& Tower with Radar,1275,467,28,2,1772,0,43,0,4,47,1275,510,28,6,1819,0,0,0,1819
10/07/2004,LAX,CA,AWP,WE,Combined TRACON& Tower with Radar,1263,468,36,1,1768,0,37,0,4,41,1263,505,36,5,1809,0,0,0,1809
10/08/2004,LAX,CA,AWP,WE,Combined TRACON& Tower with Radar,1268,438,35,3,1744,0,69,0,6,75,1268,507,35,9,1819,0,0,0,1819
10/09/2004,LAX,CA,AWP,WE,Combined TRACON& Tower with Radar,1132,409,25,1,1567,0,44,0,2,46,1132,453,25,3,1613,0,0,0,1613
10/10/2004,LAX,CA,AWP,WE,Combined TRACON& Tower with Radar,1238,445,35,0,1718,10,4,15,1,30,1248,449,50,1,1748,0,0,0,1748
10/11/2004,LAX,CA,AWP,WE,Combined TRACON& Tower with Radar,1252,437,28,0,1717,0,64,10,4,78,1252,501,38,4,1795,0,0,0,1795
10/12/2004,LAX,CA,AWP,WE,Combined TRACON& Tower with Radar,1269,468,35,2,1774,10,43,0,8,61,1279,511,35,10,1835,0,0,0,1835
10/13/2004,LAX,CA,AWP,WE,Combined TRACON& Tower with Radar,1278,472,35,3,1788,24,49,0,5,78,1302,521,35,8,1866,0,0,0,1866
10/14/2004,LAX,CA,AWP,WE,Combined TRACON& Tower with Radar,1306,471,33,2,1812,5,53,6,8,72,1311,524,39,10,1884,0,0,0,1884
10/15/2004,LAX,CA,AWP,WE,Combined TRACON& Tower with Radar,1262,464,33,2,1761,0,41,0,8,49,1262,505,33,10,1810,0,0,0,1810
10/16/2004,LAX,CA,AWP,WE,Combined TRACON& Tower with Radar,1116,421,26,0,1563,0,26,0,3,29,1116,447,26,3,1592,0,0,0,1592
10/17/2004,LAX,CA,AWP,WE,Combined TRACON& Tower with Radar,1206,438,36,1,1681,0,44,1,12,57,1206,482,37,13,1738,0,0,0,1738
10/18/2004,LAX,CA,AWP,WE,Combined TRACON& Tower with Radar,1262,466,26,1,1755,0,39,9,13,61,1262,505,35,14,1816,0,0,0,1816
10/19/2004,LAX,CA,AWP,WE,Combined TRACON& Tower with Radar,1264,445,21,2,1732,0,61,10,10,81,1264,506,31,12,1813,0,0,0,1813
10/20/2004,LAX,CA,AWP,WE,Combined TRACON& Tower with Radar,1286,457,32,0,1775,0,58,0,12,70,1286,515,32,12,1845,0,0,0,1845
10/21/2004,LAX,CA,AWP,WE,Combined TRACON& Tower with Radar,1251,458,38,0,1747,0,42,6,26,74,1251,500,44,26,1821,0,0,0,1821
10/22/2004,LAX,CA,AWP,WE,Combined TRACON& Tower with Radar,1267,479,31,0,1777,0,28,0,18,46,1267,507,31,18,1823,0,0,0,1823
10/23/2004,LAX,CA,AWP,WE,Combined TRACON& Tower with Radar,1136,417,27,0,1580,0,37,6,6,49,1136,454,33,6,1629,0,0,0,1629
10/24/2004,LAX,CA,AWP,WE,Combined TRACON& Tower with Radar,1209,445,28,0,1682,0,39,6,3,48,1209,484,34,3,1730,0,0,0,1730
10/25/2004,LAX,CA,AWP,WE,Combined TRACON& Tower with Radar,1259,453,31,0,1743,17,6,0,13,36,1276,459,31,13,1779,0,0,0,1779
10/26/2004,LAX,CA,AWP,WE,Combined TRACON& Tower with Radar,1277,456,32,0,1765,0,0,0,0,0,1277,456,32,0,1765,0,0,0,1765
10/27/2004,LAX,CA,AWP,WE,Combined TRACON& Tower with Radar,1268,460,36,2,1766,2,48,0,9,59,1270,508,36,11,1825,0,0,0,1825
10/28/2004,LAX,CA,AWP,WE,Combined TRACON& Tower with Radar,1264,461,30,1,1756,0,45,6,12,63,1264,506,36,13,1819,0,0,0,1819
10/29/2004,LAX,CA,AWP,WE,Combined TRACON& Tower with Radar,1277,457,34,1,1769,0,54,14,17,85,1277,511,48,18,1854,0,0,0,1854
10/30/2004,LAX,CA,AWP,WE,Combined TRACON& Tower with Radar,1129,409,30,1,1569,0,43,5,4,52,1129,452,35,5,1621,0,0,0,1621
10/31/2004,LAX,CA,AWP,WE,Combined TRACON& Tower with Radar,1199,444,22,0,1665,0,36,12,6,54,1199,480,34,6,1719,0,0,0,1719
11/01/2004,LAX,CA,AWP,WE,Towers with Radar,1262,448,26,0,1736,0,0,5,7,12,1262,448,31,7,1748,0,0,0,1748
11/02/2004,LAX,CA,AWP,WE,Towers with Radar,1255,502,28,2,1787,0,0,9,9,18,1255,502,37,11,1805,0,0,0,1805
11/03/2004,LAX,CA,AWP,WE,Towers with Radar,1276,510,28,2,1816,0,0,6,5,11,1276,510,34,7,1827,0,0,0,1827
11/04/2004,LAX,CA,AWP,WE,Towers with Radar,1303,521,29,2,1855,0,0,41,21,62,1303,521,70,23,1917,0,0,0,1917
11/05/2004,LAX,CA,AWP,WE,Towers with Radar,1284,514,28,2,1828,0,0,13,9,22,1284,514,41,11,1850,0,0,0,1850
11/06/2004,LAX,CA,AWP,WE,Towers with Radar,1112,445,25,2,1584,0,0,11,2,13,1112,445,36,4,1597,0,0,0,1597
11/07/2004,LAX,CA,AWP,WE,Towers with Radar,1203,481,27,2,1713,0,0,0,0,0,1203,481,27,2,1713,0,0,0,1713
11/08/2004,LAX,CA,AWP,WE,Towers with Radar,1285,459,30,2,1776,0,0,5,4,9,1285,459,35,6,1785,0,0,0,1785
11/09/2004,LAX,CA,AWP,WE,Towers with Radar,1278,511,27,2,1818,0,0,4,3,7,1278,511,31,5,1825,0,0,0,1825
11/10/2004,LAX,CA,AWP,WE,Towers with Radar,1299,520,29,2,1850,0,0,7,9,16,1299,520,36,11,1866,0,0,0,1866
11/11/2004,LAX,CA,AWP,WE,Towers with Radar,1295,518,29,2,1844,0,0,13,5,18,1295,518,42,7,1862,0,0,0,1862
11/12/2004,LAX,CA,AWP,WE,Towers with Radar,1293,517,29,2,1841,0,0,14,2,16,1293,517,43,4,1857,0,0,0,1857
11/13/2004,LAX,CA,AWP,WE,Towers with Radar,1158,405,14,0,1577,0,0,0,3,3,1158,405,14,3,1580,0,0,0,1580
11/14/2004,LAX,CA,AWP,WE,Towers with Radar,1222,450,35,2,1709,0,39,0,4,43,1222,489,35,6,1752,0,0,0,1752
11/15/2004,LAX,CA,AWP,WE,Towers with Radar,1299,467,32,0,1798,0,0,2,2,4,1299,467,34,2,1802,0,0,0,1802
11/16/2004,LAX,CA,AWP,WE,Towers with Radar,1306,522,29,2,1859,0,0,33,14,47,1306,522,62,16,1906,0,0,0,1906
11/17/2004,LAX,CA,AWP,WE,Towers with Radar,1324,529,30,2,1885,0,0,32,8,40,1324,529,62,10,1925,0,0,0,1925
11/18/2004,LAX,CA,AWP,WE,Towers with Radar,1325,530,29,2,1886,0,0,7,20,27,1325,530,36,22,1913,0,0,0,1913
11/19/2004,LAX,CA,AWP,WE,Towers with Radar,1321,529,29,2,1881,0,0,11,10,21,1321,529,40,12,1902,0,0,0,1902
11/20/2004,LAX,CA,AWP,WE,Towers with Radar,1151,461,25,2,1639,0,0,12,3,15,1151,461,37,5,1654,0,0,0,1654
11/21/2004,LAX,CA,AWP,WE,Towers with Radar,1237,436,41,2,1716,0,0,0,2,2,1237,436,41,4,1718,0,0,0,1718
11/22/2004,LAX,CA,AWP,WE,Towers with Radar,1285,476,40,2,1803,0,0,1,0,1,1285,476,41,2,1804,0,0,0,1804
11/23/2004,LAX,CA,AWP,WE,Towers with Radar,1291,516,28,2,1837,0,0,15,7,22,1291,516,43,9,1859,0,0,0,1859
11/24/2004,LAX,CA,AWP,WE,Towers with Radar,1284,514,28,2,1828,0,0,6,0,6,1284,514,34,2,1834,0,0,0,1834
11/25/2004,LAX,CA,AWP,WE,Towers with Radar,1024,410,23,1,1458,0,0,3,0,3,1024,410,26,1,1461,0,0,0,1461
11/26/2004,LAX,CA,AWP,WE,Towers with Radar,1116,446,25,2,1589,0,0,7,4,11,1116,446,32,6,1600,0,0,0,1600
11/27/2004,LAX,CA,AWP,WE,Towers with Radar,1190,476,26,2,1694,0,0,20,0,20,1190,476,46,2,1714,0,0,0,1714
11/28/2004,LAX,CA,AWP,WE,Towers with Radar,1324,483,67,2,1876,0,0,7,6,13,1324,483,74,8,1889,0,0,0,1889
11/29/2004,LAX,CA,AWP,WE,Towers with Radar,1286,457,26,0,1769,0,0,4,10,14,1286,457,30,10,1783,0,0,0,1783
11/30/2004,LAX,CA,AWP,WE,Towers with Radar,1248,499,28,2,1777,0,0,25,9,34,1248,499,53,11,1811,0,0,0,1811
12/01/2004,LAX,CA,AWP,WE,Towers with Radar,1285,514,28,2,1829,0,0,15,7,22,1285,514,43,9,1851,0,0,0,1851
12/02/2004,LAX,CA,AWP,WE,Towers with Radar,1310,524,29,2,1865,0,0,5,9,14,1310,524,34,11,1879,0,0,0,1879
12/03/2004,LAX,CA,AWP,WE,Towers with Radar,1307,523,29,2,1861,0,0,20,7,27,1307,523,49,9,1888,0,0,0,1888
12/04/2004,LAX,CA,AWP,WE,Towers with Radar,1097,439,24,2,1562,0,0,8,1,9,1097,439,32,3,1571,0,0,0,1571
12/05/2004,LAX,CA,AWP,WE,Towers with Radar,1213,485,27,2,1727,0,0,1,0,1,1213,485,28,2,1728,0,0,0,1728
12/06/2004,LAX,CA,AWP,WE,Towers with Radar,1246,465,36,1,1748,0,34,0,5,39,1246,499,36,6,1787,0,0,0,1787
12/07/2004,LAX,CA,AWP,WE,Towers with Radar,1312,525,29,2,1868,0,0,4,3,7,1312,525,33,5,1875,0,0,0,1875
12/08/2004,LAX,CA,AWP,WE,Towers with Radar,1284,513,28,2,1827,0,0,8,5,13,1284,513,36,7,1840,0,0,0,1840
12/09/2004,LAX,CA,AWP,WE,Towers with Radar,1303,521,29,2,1855,0,0,17,14,31,1303,521,46,16,1886,0,0,0,1886
12/10/2004,LAX,CA,AWP,WE,Towers with Radar,1293,517,29,2,1841,0,0,6,5,11,1293,517,35,7,1852,0,0,0,1852
12/11/2004,LAX,CA,AWP,WE,Towers with Radar,1156,463,26,2,1647,0,0,4,2,6,1156,463,30,4,1653,0,0,0,1653
12/12/2004,LAX,CA,AWP,WE,Towers with Radar,1274,442,32,0,1748,0,0,2,4,6,1274,442,34,4,1754,0,0,0,1754
12/13/2004,LAX,CA,AWP,WE,Towers with Radar,1267,507,28,2,1804,0,0,0,13,13,1267,507,28,15,1817,0,0,0,1817
12/14/2004,LAX,CA,AWP,WE,Towers with Radar,1284,514,28,2,1828,0,0,9,16,25,1284,514,37,18,1853,0,0,0,1853
12/15/2004,LAX,CA,AWP,WE,Towers with Radar,1312,525,29,2,1868,0,0,14,7,21,1312,525,43,9,1889,0,0,0,1889
12/16/2004,LAX,CA,AWP,WE,Towers with Radar,1325,530,29,2,1886,0,0,23,6,29,1325,530,52,8,1915,0,0,0,1915
12/17/2004,LAX,CA,AWP,WE,Towers with Radar,1322,529,29,2,1882,0,0,7,11,18,1322,529,36,13,1900,0,0,0,1900
12/18/2004,LAX,CA,AWP,WE,Towers with Radar,1190,476,26,2,1694,0,0,5,0,5,1190,476,31,2,1699,0,0,0,1699
12/19/2004,LAX,CA,AWP,WE,Towers with Radar,1240,496,27,2,1765,0,0,8,6,14,1240,496,35,8,1779,0,0,0,1779
12/20/2004,LAX,CA,AWP,WE,Towers with Radar,1317,465,23,0,1805,0,0,9,8,17,1317,465,32,8,1822,0,0,0,1822
12/21/2004,LAX,CA,AWP,WE,Towers with Radar,1317,527,29,2,1875,0,0,14,0,14,1317,527,43,2,1889,0,0,0,1889
12/22/2004,LAX,CA,AWP,WE,Towers with Radar,1347,539,30,2,1918,0,0,6,4,10,1347,539,36,6,1928,0,0,0,1928
12/23/2004,LAX,CA,AWP,WE,Towers with Radar,1343,537,30,2,1912,0,0,17,1,18,1343,537,47,3,1930,0,0,0,1930
12/24/2004,LAX,CA,AWP,WE,Towers with Radar,1190,476,26,2,1694,0,0,3,0,3,1190,476,29,2,1697,0,0,0,1697
12/25/2004,LAX,CA,AWP,WE,Towers with Radar,1109,444,24,2,1579,0,0,6,0,6,1109,444,30,2,1585,0,0,0,1585
12/26/2004,LAX,CA,AWP,WE,Towers with Radar,1262,472,30,0,1764,0,0,2,2,4,1262,472,32,2,1768,0,0,0,1768
12/27/2004,LAX,CA,AWP,WE,Towers with Radar,1269,462,32,0,1763,0,0,0,2,2,1269,462,32,2,1765,0,0,0,1765
12/28/2004,LAX,CA,AWP,WE,Towers with Radar,1202,481,27,2,1712,0,0,2,4,6,1202,481,29,6,1718,0,0,0,1718
12/29/2004,LAX,CA,AWP,WE,Towers with Radar,1338,535,30,2,1905,0,0,5,2,7,1338,535,35,4,1912,0,0,0,1912
12/30/2004,LAX,CA,AWP,WE,Towers with Radar,1330,532,29,2,1893,0,0,6,4,10,1330,532,35,6,1903,0,0,0,1903
12/31/2004,LAX,CA,AWP,WE,Towers with Radar,1257,503,28,2,1790,0,0,0,2,2,1257,503,28,4,1792,0,0,0,1792
01/01/2005,LAX,CA,AWP,WE,Towers with Radar,1177,471,26,2,1676,0,0,0,0,0,1177,471,26,2,1676,0,0,0,1676
01/02/2005,LAX,CA,AWP,WE,Towers with Radar,1318,482,67,0,1867,0,0,5,0,5,1318,482,72,0,1872,0,0,0,1872
01/03/2005,LAX,CA,AWP,WE,Towers with Radar,1290,473,44,0,1807,0,0,3,3,6,1290,473,47,3,1813,0,0,0,1813
01/04/2005,LAX,CA,AWP,WE,Towers with Radar,1274,509,28,2,1813,0,0,7,1,8,1274,509,35,3,1821,0,0,0,1821
01/05/2005,LAX,CA,AWP,WE,Towers with Radar,1282,513,28,2,1825,0,0,21,2,23,1282,513,49,4,1848,0,0,0,1848
01/06/2005,LAX,CA,AWP,WE,Towers with Radar,1316,526,29,2,1873,0,0,23,13,36,1316,526,52,15,1909,0,0,0,1909
01/07/2005,LAX,CA,AWP,WE,Towers with Radar,1273,509,28,2,1812,0,0,0,5,5,1273,509,28,7,1817,0,0,0,1817
01/08/2005,LAX,CA,AWP,WE,Towers with Radar,1124,450,27,4,1605,0,0,0,0,0,1124,450,27,4,1605,0,0,0,1605
01/09/2005,LAX,CA,AWP,WE,Towers with Radar,1243,434,43,0,1720,0,0,0,0,0,1243,434,43,0,1720,0,0,0,1720
01/10/2005,LAX,CA,AWP,WE,Towers with Radar,1234,494,27,2,1757,0,0,0,2,2,1234,494,27,4,1759,0,0,0,1759
01/11/2005,LAX,CA,AWP,WE,Towers with Radar,1251,489,26,0,1766,0,0,9,0,9,1251,489,35,0,1775,0,0,0,1775
01/12/2005,LAX,CA,AWP,WE,Towers with Radar,1233,493,27,2,1755,0,0,6,22,28,1233,493,33,24,1783,0,0,0,1783
01/13/2005,LAX,CA,AWP,WE,Towers with Radar,1278,511,28,2,1819,0,0,16,11,27,1278,511,44,13,1846,0,0,0,1846
01/14/2005,LAX,CA,AWP,WE,Towers with Radar,1270,508,28,2,1808,0,0,15,12,27,1270,508,43,14,1835,0,0,0,1835
01/15/2005,LAX,CA,AWP,WE,Towers with Radar,1118,447,25,2,1592,0,0,8,3,11,1118,447,33,5,1603,0,0,0,1603
01/16/2005,LAX,CA,AWP,WE,Towers with Radar,1152,461,25,2,1640,0,0,0,2,2,1152,461,25,4,1642,0,0,0,1642
01/17/2005,LAX,CA,AWP,WE,Towers with Radar,1221,488,27,2,1738,0,0,9,1,10,1221,488,36,3,1748,0,0,0,1748
01/18/2005,LAX,CA,AWP,WE,Towers with Radar,1234,494,27,2,1757,0,0,18,14,32,1234,494,45,16,1789,0,0,0,1789
01/19/2005,LAX,CA,AWP,WE,Towers with Radar,1229,492,27,2,1750,0,0,29,24,53,1229,492,56,26,1803,0,0,0,1803
01/20/2005,LAX,CA,AWP,WE,Towers with Radar,1282,513,28,2,1825,0,0,23,8,31,1282,513,51,10,1856,0,0,0,1856
01/21/2005,LAX,CA,AWP,WE,Towers with Radar,1269,508,28,2,1807,0,0,25,5,30,1269,508,53,7,1837,0,0,0,1837
01/22/2005,LAX,CA,AWP,WE,Towers with Radar,1026,410,30,8,1474,0,0,0,0,0,1026,410,30,8,1474,0,0,0,1474
01/23/2005,LAX,CA,AWP,WE,Towers with Radar,1153,456,32,0,1641,0,0,4,1,5,1153,456,36,1,1646,0,0,0,1646
01/24/2005,LAX,CA,AWP,WE,Towers with Radar,1191,477,26,2,1696,0,0,0,5,5,1191,477,26,7,1701,0,0,0,1701
01/25/2005,LAX,CA,AWP,WE,Towers with Radar,1253,501,28,2,1784,0,0,23,7,30,1253,501,51,9,1814,0,0,0,1814
01/26/2005,LAX,CA,AWP,WE,Towers with Radar,1248,499,28,2,1777,0,0,12,7,19,1248,499,40,9,1796,0,0,0,1796
01/27/2005,LAX,CA,AWP,WE,Towers with Radar,1275,510,28,2,1815,0,0,21,11,32,1275,510,49,13,1847,0,0,0,1847
01/28/2005,LAX,CA,AWP,WE,Towers with Radar,1279,511,28,2,1820,0,0,10,4,14,1279,511,38,6,1834,0,0,0,1834
01/29/2005,LAX,CA,AWP,WE,Towers with Radar,1085,434,24,1,1544,0,0,15,6,21,1085,434,39,7,1565,0,0,0,1565
01/30/2005,LAX,CA,AWP,WE,Towers with Radar,1203,469,39,2,1713,0,0,2,1,3,1203,469,41,3,1716,0,0,0,1716
01/31/2005,LAX,CA,AWP,WE,Towers with Radar,1209,484,27,2,1722,0,0,3,8,11,1209,484,30,10,1733,0,0,0,1733
02/01/2005,LAX,CA,AWP,WE,Towers with Radar,1195,500,56,0,1751,34,14,0,6,54,1229,514,56,6,1805,0,0,0,1805
02/02/2005,LAX,CA,AWP,WE,Towers with Radar,1197,498,27,0,1722,47,0,17,4,68,1244,498,44,4,1790,0,0,0,1790
02/03/2005,LAX,CA,AWP,WE,Towers with Radar,1232,504,29,1,1766,29,0,17,10,56,1261,504,46,11,1822,0,0,0,1822
02/04/2005,LAX,CA,AWP,WE,Towers with Radar,1226,496,43,3,1768,32,7,2,8,49,1258,503,45,11,1817,0,0,0,1817
02/05/2005,LAX,CA,AWP,WE,Towers with Radar,1093,426,31,0,1550,17,23,0,4,44,1110,449,31,4,1594,0,0,0,1594
02/06/2005,LAX,CA,AWP,WE,Towers with Radar,1163,450,30,0,1643,34,14,1,1,50,1197,464,31,1,1693,0,0,0,1693
02/07/2005,LAX,CA,AWP,WE,Towers with Radar,1189,473,42,1,1705,35,17,0,9,61,1224,490,42,10,1766,0,0,0,1766
02/08/2005,LAX,CA,AWP,WE,Towers with Radar,1177,488,36,1,1702,43,0,0,10,53,1220,488,36,11,1755,0,0,0,1755
02/09/2005,LAX,CA,AWP,WE,Towers with Radar,1197,502,37,1,1737,57,0,0,6,63,1254,502,37,7,1800,0,0,0,1800
02/10/2005,LAX,CA,AWP,WE,Towers with Radar,1212,514,38,0,1764,74,0,0,12,86,1286,514,38,12,1850,0,0,0,1850
02/11/2005,LAX,CA,AWP,WE,Towers with Radar,1196,478,26,2,1702,0,0,0,19,19,1196,478,26,21,1721,0,0,0,1721
02/12/2005,LAX,CA,AWP,WE,Towers with Radar,1106,432,26,0,1564,34,24,0,8,66,1140,456,26,8,1630,0,0,0,1630
02/13/2005,LAX,CA,AWP,WE,Towers with Radar,1152,463,56,2,1673,13,5,6,2,26,1165,468,62,4,1699,0,0,0,1699
02/14/2005,LAX,CA,AWP,WE,Towers with Radar,1183,487,45,2,1717,0,0,11,4,15,1183,487,56,6,1732,0,0,0,1732
02/15/2005,LAX,CA,AWP,WE,Towers with Radar,1187,502,37,0,1726,87,7,0,9,103,1274,509,37,9,1829,0,0,0,1829
02/16/2005,LAX,CA,AWP,WE,Towers with Radar,1194,498,34,0,1726,50,0,0,6,56,1244,498,34,6,1782,0,0,0,1782
02/17/2005,LAX,CA,AWP,WE,Towers with Radar,1225,510,35,1,1771,51,0,0,10,61,1276,510,35,11,1832,0,0,0,1832
02/18/2005,LAX,CA,AWP,WE,Towers with Radar,1221,480,36,0,1737,38,24,0,4,66,1259,504,36,4,1803,0,0,0,1803
02/19/2005,LAX,CA,AWP,WE,Towers with Radar,1131,440,23,0,1594,17,19,2,4,42,1148,459,25,4,1636,0,0,0,1636
02/20/2005,LAX,CA,AWP,WE,Towers with Radar,1147,469,32,0,1648,26,0,0,2,28,1173,469,32,2,1676,0,0,0,1676
02/21/2005,LAX,CA,AWP,WE,Towers with Radar,1205,500,44,0,1749,44,0,0,2,46,1249,500,44,2,1795,0,0,0,1795
02/22/2005,LAX,CA,AWP,WE,Towers with Radar,1196,498,29,0,1723,50,0,0,9,59,1246,498,29,9,1782,0,0,0,1782
02/23/2005,LAX,CA,AWP,WE,Towers with Radar,1210,501,43,0,1754,58,6,0,19,83,1268,507,43,19,1837,0,0,0,1837
02/24/2005,LAX,CA,AWP,WE,Towers with Radar,1208,505,42,1,1756,55,0,0,6,61,1263,505,42,7,1817,0,0,0,1817
02/25/2005,LAX,CA,AWP,WE,Towers with Radar,1228,512,36,3,1779,51,0,0,3,54,1279,512,36,6,1833,0,0,0,1833
02/26/2005,LAX,CA,AWP,WE,Towers with Radar,1135,446,32,1,1614,5,12,1,2,20,1140,458,33,3,1634,0,0,0,1634
02/27/2005,LAX,CA,AWP,WE,Towers with Radar,1162,466,50,0,1678,22,10,9,3,44,1184,476,59,3,1722,0,0,0,1722
02/28/2005,LAX,CA,AWP,WE,Towers with Radar,1180,479,36,3,1698,64,19,0,5,88,1244,498,36,8,1786,0,0,0,1786
03/01/2005,LAX,CA,AWP,WE,Towers with Radar,1202,490,41,2,1735,60,15,8,8,91,1262,505,49,10,1826,0,0,0,1826
03/02/2005,LAX,CA,AWP,WE,Towers with Radar,1208,491,28,0,1727,35,6,0,8,49,1243,497,28,8,1776,0,0,0,1776
03/03/2005,LAX,CA,AWP,WE,Towers with Radar,1249,509,29,2,1789,43,8,0,10,61,1292,517,29,12,1850,0,0,0,1850
03/04/2005,LAX,CA,AWP,WE,Towers with Radar,1247,500,30,2,1779,2,0,6,24,32,1249,500,36,26,1811,0,0,0,1811
03/05/2005,LAX,CA,AWP,WE,Towers with Radar,1107,424,24,1,1556,0,19,0,10,29,1107,443,24,11,1585,0,0,0,1585
03/06/2005,LAX,CA,AWP,WE,Towers with Radar,1185,473,23,0,1681,13,5,12,0,30,1198,478,35,0,1711,0,0,0,1711
03/07/2005,LAX,CA,AWP,WE,Towers with Radar,1201,475,30,0,1706,26,10,16,9,61,1227,485,46,9,1767,0,0,0,1767
03/08/2005,LAX,CA,AWP,WE,Towers with Radar,1203,494,29,0,1726,33,0,0,6,39,1236,494,29,6,1765,0,0,0,1765
03/09/2005,LAX,CA,AWP,WE,Towers with Radar,1222,508,36,3,1769,63,6,0,5,74,1285,514,36,8,1843,0,0,0,1843
03/10/2005,LAX,CA,AWP,WE,Towers with Radar,1237,517,31,2,1787,75,8,0,0,83,1312,525,31,2,1870,0,0,0,1870
03/11/2005,LAX,CA,AWP,WE,Towers with Radar,1257,518,29,0,1804,48,4,0,9,61,1305,522,29,9,1865,0,0,0,1865
03/12/2005,LAX,CA,AWP,WE,Towers with Radar,1125,450,25,0,1600,0,0,0,10,10,1125,450,25,10,1610,0,0,0,1610
03/13/2005,LAX,CA,AWP,WE,Towers with Radar,1190,487,33,0,1710,24,10,1,1,36,1214,497,34,1,1746,0,0,0,1746
03/14/2005,LAX,CA,AWP,WE,Towers with Radar,1207,478,29,0,1714,0,0,4,7,11,1207,478,33,7,1725,0,0,0,1725
03/15/2005,LAX,CA,AWP,WE,Towers with Radar,1216,493,42,4,1755,72,22,4,3,101,1288,515,46,7,1856,0,0,0,1856
03/16/2005,LAX,CA,AWP,WE,Towers with Radar,1227,502,43,1,1773,29,0,1,5,35,1256,502,44,6,1808,0,0,0,1808
03/17/2005,LAX,CA,AWP,WE,Towers with Radar,1236,512,31,2,1781,53,4,0,12,69,1289,516,31,14,1850,0,0,0,1850
03/18/2005,LAX,CA,AWP,WE,Towers with Radar,1251,507,39,0,1797,57,16,0,8,81,1308,523,39,8,1878,0,0,0,1878
03/19/2005,LAX,CA,AWP,WE,Towers with Radar,1153,451,25,0,1629,0,10,0,9,19,1153,461,25,9,1648,0,0,0,1648
03/20/2005,LAX,CA,AWP,WE,Towers with Radar,1189,480,55,0,1724,46,18,6,0,70,1235,498,61,0,1794,0,0,0,1794
03/21/2005,LAX,CA,AWP,WE,Towers with Radar,1223,491,31,0,1745,54,20,0,8,82,1277,511,31,8,1827,0,0,0,1827
03/22/2005,LAX,CA,AWP,WE,Towers with Radar,1228,508,28,0,1764,51,3,0,4,58,1279,511,28,4,1822,0,0,0,1822
03/23/2005,LAX,CA,AWP,WE,Towers with Radar,1244,500,31,0,1775,27,8,0,5,40,1271,508,31,5,1815,0,0,0,1815
03/24/2005,LAX,CA,AWP,WE,Towers with Radar,1249,504,43,0,1796,32,8,0,7,47,1281,512,43,7,1843,0,0,0,1843
03/25/2005,LAX,CA,AWP,WE,Towers with Radar,1228,489,24,3,1744,25,12,14,9,60,1253,501,38,12,1804,0,0,0,1804
03/26/2005,LAX,CA,AWP,WE,Towers with Radar,1141,430,21,1,1593,25,36,12,2,75,1166,466,33,3,1668,0,0,0,1668
03/27/2005,LAX,CA,AWP,WE,Towers with Radar,1183,462,25,1,1671,11,4,8,2,25,1194,466,33,3,1696,0,0,0,1696
03/28/2005,LAX,CA,AWP,WE,Towers with Radar,1213,473,31,5,1722,9,16,0,3,28,1222,489,31,8,1750,0,0,0,1750
03/29/2005,LAX,CA,AWP,WE,Towers with Radar,1217,484,35,1,1737,41,19,3,7,70,1258,503,38,8,1807,0,0,0,1807
03/30/2005,LAX,CA,AWP,WE,Towers with Radar,1231,499,34,0,1764,62,18,0,14,94,1293,517,34,14,1858,0,0,0,1858
03/31/2005,LAX,CA,AWP,WE,Towers with Radar,1158,506,27,0,1691,108,0,13,17,138,1266,506,40,17,1829,0,0,0,1829
04/01/2005,LAX,CA,AWP,WE,Towers with Radar,1253,503,38,0,1794,15,4,4,8,31,1268,507,42,8,1825,0,0,0,1825
04/02/2005,LAX,CA,AWP,WE,Towers with Radar,1112,442,17,0,1571,9,6,14,3,32,1121,448,31,3,1603,0,0,0,1603
04/03/2005,LAX,CA,AWP,WE,Towers with Radar,1066,494,37,0,1597,168,0,2,4,174,1234,494,39,4,1771,0,0,0,1771
04/04/2005,LAX,CA,AWP,WE,Towers with Radar,1116,533,43,2,1694,71,0,11,12,94,1187,533,54,14,1788,0,0,0,1788
04/05/2005,LAX,CA,AWP,WE,Towers with Radar,1234,477,36,3,1750,11,21,0,3,35,1245,498,36,6,1785,0,0,0,1785
04/06/2005,LAX,CA,AWP,WE,Towers with Radar,1252,492,36,2,1782,27,20,0,14,61,1279,512,36,16,1843,0,0,0,1843
04/07/2005,LAX,CA,AWP,WE,Towers with Radar,1126,503,34,1,1664,131,0,0,16,147,1257,503,34,17,1811,0,0,0,1811
04/08/2005,LAX,CA,AWP,WE,Towers with Radar,1124,509,22,0,1655,148,0,15,8,171,1272,509,37,8,1826,0,0,0,1826
04/09/2005,LAX,CA,AWP,WE,Towers with Radar,1126,437,20,0,1583,0,13,21,7,41,1126,450,41,7,1624,0,0,0,1624
04/10/2005,LAX,CA,AWP,WE,Towers with Radar,1182,460,39,1,1682,16,19,0,1,36,1198,479,39,2,1718,0,0,0,1718
04/11/2005,LAX,CA,AWP,WE,Towers with Radar,1211,467,45,0,1723,2,18,4,10,34,1213,485,49,10,1757,0,0,0,1757
04/12/2005,LAX,CA,AWP,WE,Towers with Radar,1232,484,32,3,1751,26,19,3,8,56,1258,503,35,11,1807,0,0,0,1807
04/13/2005,LAX,CA,AWP,WE,Towers with Radar,1234,503,31,1,1769,24,0,0,3,27,1258,503,31,4,1796,0,0,0,1796
04/14/2005,LAX,CA,AWP,WE,Towers with Radar,1235,491,48,0,1774,67,30,8,17,122,1302,521,56,17,1896,0,0,0,1896
04/15/2005,LAX,CA,AWP,WE,Towers with Radar,1253,492,39,0,1784,23,19,0,7,49,1276,511,39,7,1833,0,0,0,1833
04/16/2005,LAX,CA,AWP,WE,Towers with Radar,1124,425,14,0,1563,0,25,13,5,43,1124,450,27,5,1606,0,0,0,1606
04/17/2005,LAX,CA,AWP,WE,Towers with Radar,1200,483,40,1,1724,24,7,0,4,35,1224,490,40,5,1759,0,0,0,1759
04/18/2005,LAX,CA,AWP,WE,Towers with Radar,1219,467,47,1,1734,18,7,12,2,39,1237,474,59,3,1773,0,0,0,1773
04/19/2005,LAX,CA,AWP,WE,Towers with Radar,1223,477,35,3,1738,25,22,6,12,65,1248,499,41,15,1803,0,0,0,1803
04/20/2005,LAX,CA,AWP,WE,Towers with Radar,1213,473,35,1,1722,0,11,4,10,25,1213,484,39,11,1747,0,0,0,1747
04/21/2005,LAX,CA,AWP,WE,Towers with Radar,1245,485,30,2,1762,7,16,14,10,47,1252,501,44,12,1809,0,0,0,1809
04/22/2005,LAX,CA,AWP,WE,Towers with Radar,1252,491,51,0,1794,26,20,1,16,63,1278,511,52,16,1857,0,0,0,1857
04/23/2005,LAX,CA,AWP,WE,Towers with Radar,1118,425,26,0,1569,0,22,0,4,26,1118,447,26,4,1595,0,0,0,1595
04/24/2005,LAX,CA,AWP,WE,Towers with Radar,1177,463,31,0,1671,32,12,13,2,59,1209,475,44,2,1730,0,0,0,1730
04/25/2005,LAX,CA,AWP,WE,Towers with Radar,1207,479,44,1,1731,11,4,9,12,36,1218,483,53,13,1767,0,0,0,1767
04/26/2005,LAX,CA,AWP,WE,Towers with Radar,1210,486,35,11,1742,44,16,0,0,60,1254,502,35,11,1802,0,0,0,1802
04/27/2005,LAX,CA,AWP,WE,Towers with Radar,1205,483,32,4,1724,27,10,0,4,41,1232,493,32,8,1765,0,0,0,1765
04/28/2005,LAX,CA,AWP,WE,Towers with Radar,1248,505,48,1,1802,48,13,0,1,62,1296,518,48,2,1864,0,0,0,1864
04/29/2005,LAX,CA,AWP,WE,Towers with Radar,1263,501,48,1,1813,20,12,0,2,34,1283,513,48,3,1847,0,0,0,1847
04/30/2005,LAX,CA,AWP,WE,Towers with Radar,1109,439,33,0,1581,29,16,0,6,51,1138,455,33,6,1632,0,0,0,1632
05/01/2005,LAX,CA,AWP,WE,Towers with Radar,1212,464,56,0,1732,3,1,12,6,22,1215,465,68,6,1754,0,0,0,1754
05/02/2005,LAX,CA,AWP,WE,Towers with Radar,1227,484,32,1,1744,13,5,6,8,32,1240,489,38,9,1776,0,0,0,1776
05/03/2005,LAX,CA,AWP,WE,Towers with Radar,1223,494,23,2,1742,28,6,19,3,56,1251,500,42,5,1798,0,0,0,1798
05/04/2005,LAX,CA,AWP,WE,Towers with Radar,1235,489,40,0,1764,56,27,0,10,93,1291,516,40,10,1857,0,0,0,1857
05/05/2005,LAX,CA,AWP,WE,Towers with Radar,1252,513,35,0,1800,39,3,0,5,47,1291,516,35,5,1847,0,0,0,1847
05/06/2005,LAX,CA,AWP,WE,Towers with Radar,1254,485,33,0,1772,35,31,1,4,71,1289,516,34,4,1843,0,0,0,1843
05/07/2005,LAX,CA,AWP,WE,Towers with Radar,1132,440,26,0,1598,1,13,0,6,20,1133,453,26,6,1618,0,0,0,1618
05/08/2005,LAX,CA,AWP,WE,Towers with Radar,1187,458,48,0,1693,0,0,0,1,1,1187,458,48,1,1694,0,0,0,1694
05/09/2005,LAX,CA,AWP,WE,Towers with Radar,1226,461,45,1,1733,13,5,11,8,37,1239,466,56,9,1770,0,0,0,1770
05/10/2005,LAX,CA,AWP,WE,Towers with Radar,1225,473,40,2,1740,19,25,1,4,49,1244,498,41,6,1789,0,0,0,1789
05/11/2005,LAX,CA,AWP,WE,Towers with Radar,1228,472,37,0,1737,34,33,6,11,84,1262,505,43,11,1821,0,0,0,1821
05/12/2005,LAX,CA,AWP,WE,Towers with Radar,1260,497,41,0,1798,63,32,0,19,114,1323,529,41,19,1912,0,0,0,1912
05/13/2005,LAX,CA,AWP,WE,Towers with Radar,1274,508,33,2,1817,54,23,0,5,82,1328,531,33,7,1899,0,0,0,1899
05/14/2005,LAX,CA,AWP,WE,Towers with Radar,1135,445,35,0,1615,3,10,3,9,25,1138,455,38,9,1640,0,0,0,1640
05/15/2005,LAX,CA,AWP,WE,Towers with Radar,1216,475,32,0,1723,17,18,0,7,42,1233,493,32,7,1765,0,0,0,1765
05/16/2005,LAX,CA,AWP,WE,Towers with Radar,1220,486,43,0,1749,9,4,5,4,22,1229,490,48,4,1771,0,0,0,1771
05/17/2005,LAX,CA,AWP,WE,Towers with Radar,1230,505,31,2,1768,36,1,4,10,51,1266,506,35,12,1819,0,0,0,1819
05/18/2005,LAX,CA,AWP,WE,Towers with Radar,1237,480,39,2,1758,1,15,0,2,18,1238,495,39,4,1776,0,0,0,1776
05/19/2005,LAX,CA,AWP,WE,Towers with Radar,1227,492,33,1,1753,42,16,6,10,74,1269,508,39,11,1827,0,0,0,1827
05/20/2005,LAX,CA,AWP,WE,Towers with Radar,1277,501,40,0,1818,9,14,14,6,43,1286,515,54,6,1861,0,0,0,1861
05/21/2005,LAX,CA,AWP,WE,Towers with Radar,1146,442,35,0,1623,17,8,11,8,44,1163,450,46,8,1667,0,0,0,1667
05/22/2005,LAX,CA,AWP,WE,Towers with Radar,1199,456,30,0,1685,0,24,0,4,28,1199,480,30,4,1713,0,0,0,1713
05/23/2005,LAX,CA,AWP,WE,Towers with Radar,1237,481,34,1,1753,1,0,4,10,15,1238,481,38,11,1768,0,0,0,1768
05/24/2005,LAX,CA,AWP,WE,Towers with Radar,1241,503,34,0,1778,38,8,0,11,57,1279,511,34,11,1835,0,0,0,1835
05/25/2005,LAX,CA,AWP,WE,Towers with Radar,1253,501,34,0,1788,0,0,0,2,2,1253,501,34,2,1790,0,0,0,1790
05/26/2005,LAX,CA,AWP,WE,Towers with Radar,1248,498,48,0,1794,0,1,0,7,8,1248,499,48,7,1802,0,0,0,1802
05/27/2005,LAX,CA,AWP,WE,Towers with Radar,1294,496,39,3,1832,4,23,0,10,37,1298,519,39,13,1869,0,0,0,1869
05/28/2005,LAX,CA,AWP,WE,Towers with Radar,1132,425,26,0,1583,0,0,15,6,21,1132,425,41,6,1604,0,0,0,1604
05/29/2005,LAX,CA,AWP,WE,Towers with Radar,1119,448,29,0,1596,0,0,0,2,2,1119,448,29,2,1598,0,0,0,1598
05/30/2005,LAX,CA,AWP,WE,Towers with Radar,1195,456,33,0,1684,3,23,0,5,31,1198,479,33,5,1715,0,0,0,1715
05/31/2005,LAX,CA,AWP,WE,Towers with Radar,1101,497,31,1,1630,142,0,0,11,153,1243,497,31,12,1783,0,0,0,1783
06/01/2005,LAX,CA,AWP,WE,Towers with Radar,1248,473,30,3,1754,0,26,0,6,32,1248,499,30,9,1786,0,0,0,1786
06/02/2005,LAX,CA,AWP,WE,Towers with Radar,1277,486,32,3,1798,15,31,0,9,55,1292,517,32,12,1853,0,0,0,1853
06/03/2005,LAX,CA,AWP,WE,Towers with Radar,1253,488,36,1,1778,14,19,0,12,45,1267,507,36,13,1823,0,0,0,1823
06/04/2005,LAX,CA,AWP,WE,Towers with Radar,1132,432,22,0,1586,0,21,3,7,31,1132,453,25,7,1617,0,0,0,1617
06/05/2005,LAX,CA,AWP,WE,Towers with Radar,1221,466,44,0,1731,8,4,10,11,33,1229,470,54,11,1764,0,0,0,1764
06/06/2005,LAX,CA,AWP,WE,Towers with Radar,1209,472,35,1,1717,31,12,17,9,69,1240,484,52,10,1786,0,0,0,1786
06/07/2005,LAX,CA,AWP,WE,Towers with Radar,1254,481,24,0,1759,0,21,13,11,45,1254,502,37,11,1804,0,0,0,1804
06/08/2005,LAX,CA,AWP,WE,Towers with Radar,1229,491,39,2,1761,0,0,0,5,5,1229,491,39,7,1766,0,0,0,1766
06/09/2005,LAX,CA,AWP,WE,Towers with Radar,1271,505,28,2,1806,3,4,0,3,10,1274,509,28,5,1816,0,0,0,1816
06/10/2005,LAX,CA,AWP,WE,Towers with Radar,1286,493,34,3,1816,6,24,0,0,30,1292,517,34,3,1846,0,0,0,1846
06/11/2005,LAX,CA,AWP,WE,Towers with Radar,1232,459,28,3,1722,0,34,0,1,35,1232,493,28,4,1757,0,0,0,1757
06/12/2005,LAX,CA,AWP,WE,Towers with Radar,1257,480,41,0,1778,7,4,12,3,26,1264,484,53,3,1804,0,0,0,1804
06/13/2005,LAX,CA,AWP,WE,Towers with Radar,1273,495,30,0,1798,2,15,0,2,19,1275,510,30,2,1817,0,0,0,1817
06/14/2005,LAX,CA,AWP,WE,Towers with Radar,1291,490,32,1,1814,16,33,0,4,53,1307,523,32,5,1867,0,0,0,1867
06/15/2005,LAX,CA,AWP,WE,Towers with Radar,1298,480,35,2,1815,9,43,0,1,53,1307,523,35,3,1868,0,0,0,1868
06/16/2005,LAX,CA,AWP,WE,Towers with Radar,1295,498,41,0,1834,12,25,0,12,49,1307,523,41,12,1883,0,0,0,1883
06/17/2005,LAX,CA,AWP,WE,Towers with Radar,1317,487,53,0,1857,0,40,0,10,50,1317,527,53,10,1907,0,0,0,1907
06/18/2005,LAX,CA,AWP,WE,Towers with Radar,1228,454,28,1,1711,1,1,11,2,15,1229,455,39,3,1726,0,0,0,1726
06/19/2005,LAX,CA,AWP,WE,Towers with Radar,1276,477,39,1,1793,0,0,14,3,17,1276,477,53,4,1810,0,0,0,1810
06/20/2005,LAX,CA,AWP,WE,Towers with Radar,1265,487,33,0,1785,0,19,3,8,30,1265,506,36,8,1815,0,0,0,1815
06/21/2005,LAX,CA,AWP,WE,Towers with Radar,1280,482,34,0,1796,0,30,0,8,38,1280,512,34,8,1834,0,0,0,1834
06/22/2005,LAX,CA,AWP,WE,Towers with Radar,1298,503,35,0,1836,14,22,20,3,59,1312,525,55,3,1895,0,0,0,1895
06/23/2005,LAX,CA,AWP,WE,Towers with Radar,1313,495,40,2,1850,11,35,0,16,62,1324,530,40,18,1912,0,0,0,1912
06/24/2005,LAX,CA,AWP,WE,Towers with Radar,1295,481,47,0,1823,11,4,30,17,62,1306,485,77,17,1885,0,0,0,1885
06/25/2005,LAX,CA,AWP,WE,Towers with Radar,1243,463,27,1,1734,0,1,17,8,26,1243,464,44,9,1760,0,0,0,1760
06/26/2005,LAX,CA,AWP,WE,Towers with Radar,1270,479,58,0,1807,22,8,15,4,49,1292,487,73,4,1856,0,0,0,1856
06/27/2005,LAX,CA,AWP,WE,Towers with Radar,1274,477,44,1,1796,12,38,0,3,53,1286,515,44,4,1849,0,0,0,1849
06/28/2005,LAX,CA,AWP,WE,Towers with Radar,0,0,0,0,0,1274,509,36,8,1827,1274,509,36,8,1827,0,0,0,1827
06/29/2005,LAX,CA,AWP,WE,Towers with Radar,1288,515,25,2,1830,0,0,8,4,12,1288,515,33,6,1842,0,0,0,1842
06/30/2005,LAX,CA,AWP,WE,Towers with Radar,1336,534,29,2,1901,0,0,0,0,0,1336,534,29,2,1901,0,0,0,1901
07/01/2005,LAX,CA,AWP,WE,Towers with Radar,1319,506,29,2,1856,0,22,0,1,23,1319,528,29,3,1879,0,0,0,1879
07/02/2005,LAX,CA,AWP,WE,Towers with Radar,1240,475,34,0,1749,0,21,0,6,27,1240,496,34,6,1776,0,0,0,1776
07/03/2005,LAX,CA,AWP,WE,Towers with Radar,1200,392,39,0,1631,7,2,2,3,14,1207,394,41,3,1645,0,0,0,1645
07/04/2005,LAX,CA,AWP,WE,Towers with Radar,1175,400,26,0,1601,0,70,2,4,76,1175,470,28,4,1677,0,0,0,1677
07/05/2005,LAX,CA,AWP,WE,Towers with Radar,1258,487,36,0,1781,12,21,0,5,38,1270,508,36,5,1819,0,0,0,1819
07/06/2005,LAX,CA,AWP,WE,Towers with Radar,1319,502,34,0,1855,0,26,0,8,34,1319,528,34,8,1889,0,0,0,1889
07/07/2005,LAX,CA,AWP,WE,Towers with Radar,1293,498,19,1,1811,0,19,23,6,48,1293,517,42,7,1859,0,0,0,1859
07/08/2005,LAX,CA,AWP,WE,Towers with Radar,1303,481,32,0,1816,0,40,9,17,66,1303,521,41,17,1882,0,0,0,1882
07/09/2005,LAX,CA,AWP,WE,Towers with Radar,1233,466,28,0,1727,0,27,0,3,30,1233,493,28,3,1757,0,0,0,1757
07/10/2005,LAX,CA,AWP,WE,Towers with Radar,1247,463,30,0,1740,0,0,8,4,12,1247,463,38,4,1752,0,0,0,1752
07/11/2005,LAX,CA,AWP,WE,Towers with Radar,1298,490,38,2,1828,2,30,0,1,33,1300,520,38,3,1861,0,0,0,1861
07/12/2005,LAX,CA,AWP,WE,Towers with Radar,1317,496,34,1,1848,21,39,0,7,67,1338,535,34,8,1915,0,0,0,1915
07/13/2005,LAX,CA,AWP,WE,Towers with Radar,1300,495,35,1,1831,0,25,0,1,26,1300,520,35,2,1857,0,0,0,1857
07/14/2005,LAX,CA,AWP,WE,Towers with Radar,1307,488,34,0,1829,16,41,0,8,65,1323,529,34,8,1894,0,0,0,1894
07/15/2005,LAX,CA,AWP,WE,Towers with Radar,1317,511,45,1,1874,0,16,0,3,19,1317,527,45,4,1893,0,0,0,1893
07/16/2005,LAX,CA,AWP,WE,Towers with Radar,1226,457,26,1,1710,0,33,6,7,46,1226,490,32,8,1756,0,0,0,1756
07/17/2005,LAX,CA,AWP,WE,Towers with Radar,1252,477,46,1,1776,0,0,7,6,13,1252,477,53,7,1789,0,0,0,1789
07/18/2005,LAX,CA,AWP,WE,Towers with Radar,1295,479,38,6,1818,0,39,0,0,39,1295,518,38,6,1857,0,0,0,1857
07/19/2005,LAX,CA,AWP,WE,Towers with Radar,1297,474,35,0,1806,0,45,7,4,56,1297,519,42,4,1862,0,0,0,1862
07/20/2005,LAX,CA,AWP,WE,Towers with Radar,1311,490,39,1,1841,9,38,0,3,50,1320,528,39,4,1891,0,0,0,1891
07/21/2005,LAX,CA,AWP,WE,Towers with Radar,1312,525,29,2,1868,0,0,3,20,23,1312,525,32,22,1891,0,0,0,1891
07/22/2005,LAX,CA,AWP,WE,Towers with Radar,1344,488,36,2,1870,3,51,15,1,70,1347,539,51,3,1940,0,0,0,1940
07/23/2005,LAX,CA,AWP,WE,Towers with Radar,1230,470,22,0,1722,0,22,14,6,42,1230,492,36,6,1764,0,0,0,1764
07/24/2005,LAX,CA,AWP,WE,Towers with Radar,1280,471,34,2,1787,0,41,0,1,42,1280,512,34,3,1829,0,0,0,1829
07/25/2005,LAX,CA,AWP,WE,Towers with Radar,1266,483,32,1,1782,0,23,0,7,30,1266,506,32,8,1812,0,0,0,1812
07/26/2005,LAX,CA,AWP,WE,Towers with Radar,1307,488,34,1,1830,0,35,0,7,42,1307,523,34,8,1872,0,0,0,1872
07/27/2005,LAX,CA,AWP,WE,Towers with Radar,1300,501,25,0,1826,0,19,9,6,34,1300,520,34,6,1860,0,0,0,1860
07/28/2005,LAX,CA,AWP,WE,Towers with Radar,1324,498,34,2,1858,0,31,0,3,34,1324,529,34,5,1892,0,0,0,1892
07/29/2005,LAX,CA,AWP,WE,Towers with Radar,1332,515,44,2,1893,9,21,9,8,47,1341,536,53,10,1940,0,0,0,1940
07/30/2005,LAX,CA,AWP,WE,Towers with Radar,1226,463,26,1,1716,0,27,11,4,42,1226,490,37,5,1758,0,0,0,1758
07/31/2005,LAX,CA,AWP,WE,Towers with Radar,1271,479,41,1,1792,18,7,10,5,40,1289,486,51,6,1832,0,0,0,1832
08/01/2005,LAX,CA,AWP,WE,Towers with Radar,1311,500,68,0,1879,3,1,3,17,24,1314,501,71,17,1903,0,0,0,1903
08/02/2005,LAX,CA,AWP,WE,Towers with Radar,1304,507,29,2,1842,30,27,0,8,65,1334,534,29,10,1907,0,0,0,1907
08/03/2005,LAX,CA,AWP,WE,Towers with Radar,1310,488,34,0,1832,15,42,0,11,68,1325,530,34,11,1900,0,0,0,1900
08/04/2005,LAX,CA,AWP,WE,Towers with Radar,1291,481,57,0,1829,19,7,2,0,28,1310,488,59,0,1857,0,0,0,1857
08/05/2005,LAX,CA,AWP,WE,Towers with Radar,1335,494,33,1,1863,0,0,4,10,14,1335,494,37,11,1877,0,0,0,1877
08/06/2005,LAX,CA,AWP,WE,Towers with Radar,1252,465,49,1,1767,0,0,0,0,0,1252,465,49,1,1767,0,0,0,1767
08/07/2005,LAX,CA,AWP,WE,Towers with Radar,1282,475,45,1,1803,0,0,0,0,0,1282,475,45,1,1803,0,0,0,1803
08/08/2005,LAX,CA,AWP,WE,Towers with Radar,1295,508,31,2,1836,32,12,1,0,45,1327,520,32,2,1881,0,0,0,1881
08/09/2005,LAX,CA,AWP,WE,Towers with Radar,1304,511,31,2,1848,0,0,12,2,14,1304,511,43,4,1862,0,0,0,1862
08/10/2005,LAX,CA,AWP,WE,Towers with Radar,1329,506,36,3,1874,0,15,1,1,17,1329,521,37,4,1891,0,0,0,1891
08/11/2005,LAX,CA,AWP,WE,Towers with Radar,1323,503,51,3,1880,0,0,2,2,4,1323,503,53,5,1884,0,0,0,1884
08/12/2005,LAX,CA,AWP,WE,Towers with Radar,1317,499,46,3,1865,0,0,6,10,16,1317,499,52,13,1881,0,0,0,1881
08/13/2005,LAX,CA,AWP,WE,Towers with Radar,1271,477,35,0,1783,0,0,6,0,6,1271,477,41,0,1789,0,0,0,1789
08/14/2005,LAX,CA,AWP,WE,Towers with Radar,1222,479,29,2,1732,0,0,0,0,0,1222,479,29,2,1732,0,0,0,1732
08/15/2005,LAX,CA,AWP,WE,Towers with Radar,1308,513,32,2,1855,0,0,1,2,3,1308,513,33,4,1858,0,0,0,1858
08/16/2005,LAX,CA,AWP,WE,Towers with Radar,1313,514,32,2,1861,0,0,4,4,8,1313,514,36,6,1869,0,0,0,1869
08/17/2005,LAX,CA,AWP,WE,Towers with Radar,1323,519,32,2,1876,0,0,12,4,16,1323,519,44,6,1892,0,0,0,1892
08/18/2005,LAX,CA,AWP,WE,Towers with Radar,1310,513,32,2,1857,17,7,0,0,24,1327,520,32,2,1881,0,0,0,1881
08/19/2005,LAX,CA,AWP,WE,Towers with Radar,1334,502,36,2,1874,0,0,8,5,13,1334,502,44,7,1887,0,0,0,1887
08/20/2005,LAX,CA,AWP,WE,Towers with Radar,1218,453,31,0,1702,0,0,2,1,3,1218,453,33,1,1705,0,0,0,1705
08/21/2005,LAX,CA,AWP,WE,Towers with Radar,1281,477,41,1,1800,0,0,8,0,8,1281,477,49,1,1808,0,0,0,1808
08/22/2005,LAX,CA,AWP,WE,Towers with Radar,1265,496,31,2,1794,0,0,6,6,12,1265,496,37,8,1806,0,0,0,1806
08/23/2005,LAX,CA,AWP,WE,Towers with Radar,1276,494,37,2,1809,0,0,2,3,5,1276,494,39,5,1814,0,0,0,1814
08/24/2005,LAX,CA,AWP,WE,Towers with Radar,1300,488,34,2,1824,0,0,5,2,7,1300,488,39,4,1831,0,0,0,1831
08/25/2005,LAX,CA,AWP,WE,Towers with Radar,1263,498,53,0,1814,0,0,0,18,18,1263,498,53,18,1832,0,0,0,1832
08/26/2005,LAX,CA,AWP,WE,Towers with Radar,1305,496,37,1,1839,0,0,2,7,9,1305,496,39,8,1848,0,0,0,1848
08/27/2005,LAX,CA,AWP,WE,Towers with Radar,1253,490,44,0,1787,0,0,0,0,0,1253,490,44,0,1787,0,0,0,1787
08/28/2005,LAX,CA,AWP,WE,Towers with Radar,1243,487,30,2,1762,0,0,4,0,4,1243,487,34,2,1766,0,0,0,1766
08/29/2005,LAX,CA,AWP,WE,Towers with Radar,1284,486,18,0,1788,0,0,12,5,17,1284,486,30,5,1805,0,0,0,1805
08/30/2005,LAX,CA,AWP,WE,Towers with Radar,1269,486,32,3,1790,0,0,11,9,20,1269,486,43,12,1810,0,0,0,1810
08/31/2005,LAX,CA,AWP,WE,Towers with Radar,1300,502,38,0,1840,0,0,5,9,14,1300,502,43,9,1854,0,0,0,1854
09/01/2005,LAX,CA,AWP,WE,Towers with Radar,1313,514,32,2,1861,0,0,0,8,8,1313,514,32,10,1869,0,0,0,1869
09/02/2005,LAX,CA,AWP,WE,Towers with Radar,1309,513,32,2,1856,0,0,3,7,10,1309,513,35,9,1866,0,0,0,1866
09/03/2005,LAX,CA,AWP,WE,Towers with Radar,1187,465,29,2,1683,0,0,3,0,3,1187,465,32,2,1686,0,0,0,1686
09/04/2005,LAX,CA,AWP,WE,Towers with Radar,1112,436,27,2,1577,0,0,26,2,28,1112,436,53,4,1605,0,0,0,1605
09/05/2005,LAX,CA,AWP,WE,Towers with Radar,1223,479,29,2,1733,0,0,10,0,10,1223,479,39,2,1743,0,0,0,1743
09/06/2005,LAX,CA,AWP,WE,Towers with Radar,1252,490,30,0,1772,0,0,10,14,24,1252,490,40,14,1796,0,0,0,1796
09/07/2005,LAX,CA,AWP,WE,Towers with Radar,1288,502,25,2,1817,0,0,7,5,12,1288,502,32,7,1829,0,0,0,1829
09/08/2005,LAX,CA,AWP,WE,Towers with Radar,1270,498,31,2,1801,0,0,8,2,10,1270,498,39,4,1811,0,0,0,1811
09/09/2005,LAX,CA,AWP,WE,Towers with Radar,1266,496,31,2,1795,0,0,5,5,10,1266,496,36,7,1805,0,0,0,1805
09/10/2005,LAX,CA,AWP,WE,Towers with Radar,1134,445,27,2,1608,0,0,0,0,0,1134,445,27,2,1608,0,0,0,1608
09/11/2005,LAX,CA,AWP,WE,Towers with Radar,1236,484,30,2,1752,0,0,3,4,7,1236,484,33,6,1759,0,0,0,1759
09/12/2005,LAX,CA,AWP,WE,Towers with Radar,1254,492,30,2,1778,0,0,3,1,4,1254,492,33,3,1782,0,0,0,1782
09/13/2005,LAX,CA,AWP,WE,Towers with Radar,1228,478,42,1,1749,0,0,12,8,20,1228,478,54,9,1769,0,0,0,1769
09/14/2005,LAX,CA,AWP,WE,Towers with Radar,1284,495,36,2,1817,0,0,16,9,25,1284,495,52,11,1842,0,0,0,1842
09/15/2005,LAX,CA,AWP,WE,Towers with Radar,1294,507,31,2,1834,0,0,1,6,7,1294,507,32,8,1841,0,0,0,1841
09/16/2005,LAX,CA,AWP,WE,Towers with Radar,1273,479,54,4,1810,0,0,6,4,10,1273,479,60,8,1820,0,0,0,1820
09/17/2005,LAX,CA,AWP,WE,Towers with Radar,1131,407,26,0,1564,0,0,20,0,20,1131,407,46,0,1584,85,0,85,1669
09/18/2005,LAX,CA,AWP,WE,Towers with Radar,1242,475,46,0,1763,0,0,3,1,4,1242,475,49,1,1767,0,0,0,1767
09/19/2005,LAX,CA,AWP,WE,Towers with Radar,1239,485,30,2,1756,0,0,12,9,21,1239,485,42,11,1777,0,0,0,1777
09/20/2005,LAX,CA,AWP,WE,Towers with Radar,1234,481,46,0,1761,14,5,3,1,23,1248,486,49,1,1784,0,0,0,1784
09/21/2005,LAX,CA,AWP,WE,Towers with Radar,1258,476,29,0,1763,0,17,20,11,48,1258,493,49,11,1811,0,0,0,1811
09/22/2005,LAX,CA,AWP,WE,Towers with Radar,1276,482,68,0,1826,0,0,0,1,1,1276,482,68,1,1827,0,0,0,1827
09/23/2005,LAX,CA,AWP,WE,Towers with Radar,1285,504,31,2,1822,0,0,5,3,8,1285,504,36,5,1830,0,0,0,1830
09/24/2005,LAX,CA,AWP,WE,Towers with Radar,1121,420,14,2,1557,0,0,1,6,7,1121,420,15,8,1564,0,0,0,1564
09/25/2005,LAX,CA,AWP,WE,Towers with Radar,1223,461,40,0,1724,0,0,9,2,11,1223,461,49,2,1735,0,0,0,1735
09/26/2005,LAX,CA,AWP,WE,Towers with Radar,1267,462,39,1,1769,0,0,9,4,13,1267,462,48,5,1782,0,0,0,1782
09/27/2005,LAX,CA,AWP,WE,Towers with Radar,1249,473,40,1,1763,0,0,10,5,15,1249,473,50,6,1778,0,0,0,1778
09/28/2005,LAX,CA,AWP,WE,Towers with Radar,1262,464,30,2,1758,0,0,47,8,55,1262,464,77,10,1813,0,0,0,1813
09/29/2005,LAX,CA,AWP,WE,Towers with Radar,1278,470,68,2,1818,0,0,14,7,21,1278,470,82,9,1839,0,0,0,1839
09/30/2005,LAX,CA,AWP,WE,Towers with Radar,1326,496,34,5,1861,0,0,2,5,7,1326,496,36,10,1868,0,0,0,1868
10/01/2005,LAX,CA,AWP,WE,Towers with Radar,1141,447,28,2,1618,0,0,0,0,0,1141,447,28,2,1618,0,0,0,1618
10/02/2005,LAX,CA,AWP,WE,Towers with Radar,1249,498,31,1,1779,0,0,0,0,0,1249,498,31,1,1779,0,0,0,1779
10/03/2005,LAX,CA,AWP,WE,Towers with Radar,943,412,323,72,1750,0,0,4,10,14,943,412,327,82,1764,0,0,0,1764
10/04/2005,LAX,CA,AWP,WE,Towers with Radar,1220,478,29,2,1729,0,0,5,9,14,1220,478,34,11,1743,0,0,0,1743
10/05/2005,LAX,CA,AWP,WE,Towers with Radar,1266,495,26,0,1787,0,1,12,5,18,1266,496,38,5,1805,0,0,0,1805
10/06/2005,LAX,CA,AWP,WE,Towers with Radar,1286,504,31,2,1823,0,0,2,2,4,1286,504,33,4,1827,0,0,0,1827
10/07/2005,LAX,CA,AWP,WE,Towers with Radar,1320,491,46,2,1859,0,0,6,6,12,1320,491,52,8,1871,0,0,0,1871
10/08/2005,LAX,CA,AWP,WE,Towers with Radar,1161,455,28,2,1646,0,0,0,0,0,1161,455,28,2,1646,0,0,0,1646
10/09/2005,LAX,CA,AWP,WE,Towers with Radar,1262,483,37,0,1782,0,0,13,0,13,1262,483,50,0,1795,0,0,0,1795
10/10/2005,LAX,CA,AWP,WE,Towers with Radar,1239,485,30,2,1756,0,0,8,0,8,1239,485,38,2,1764,0,0,0,1764
10/11/2005,LAX,CA,AWP,WE,Towers with Radar,1236,479,31,0,1746,0,0,2,0,2,1236,479,33,0,1748,5,3,8,1756
10/12/2005,LAX,CA,AWP,WE,Towers with Radar,1289,492,38,2,1821,0,13,0,0,13,1289,505,38,2,1834,0,0,0,1834
10/13/2005,LAX,CA,AWP,WE,Towers with Radar,1247,489,30,2,1768,0,0,13,4,17,1247,489,43,6,1785,0,0,0,1785
10/14/2005,LAX,CA,AWP,WE,Towers with Radar,1300,467,58,2,1827,0,0,9,2,11,1300,467,67,4,1838,0,0,0,1838
10/15/2005,LAX,CA,AWP,WE,Towers with Radar,1125,418,32,1,1576,0,0,22,6,28,1125,418,54,7,1604,0,0,0,1604
10/16/2005,LAX,CA,AWP,WE,Towers with Radar,1216,477,29,2,1724,0,0,0,0,0,1216,477,29,2,1724,0,0,0,1724
10/17/2005,LAX,CA,AWP,WE,Towers with Radar,1236,454,60,3,1753,0,0,4,9,13,1236,454,64,12,1766,0,0,0,1766
10/18/2005,LAX,CA,AWP,WE,Towers with Radar,1212,471,39,2,1724,0,0,1,11,12,1212,471,40,13,1736,0,0,0,1736
10/19/2005,LAX,CA,AWP,WE,Towers with Radar,1235,450,41,6,1732,0,34,4,6,44,1235,484,45,12,1776,0,0,0,1776
10/20/2005,LAX,CA,AWP,WE,Towers with Radar,1276,500,31,2,1809,0,0,2,7,9,1276,500,33,9,1818,0,0,0,1818
10/21/2005,LAX,CA,AWP,WE,Towers with Radar,1319,457,36,5,1817,0,0,0,2,2,1319,457,36,7,1819,0,0,0,1819
10/22/2005,LAX,CA,AWP,WE,Towers with Radar,1144,434,51,7,1636,0,14,0,1,15,1144,448,51,8,1651,0,0,0,1651
10/23/2005,LAX,CA,AWP,WE,Towers with Radar,1235,478,45,0,1758,0,0,9,1,10,1235,478,54,1,1768,0,0,0,1768
10/24/2005,LAX,CA,AWP,WE,Towers with Radar,1220,451,58,3,1732,0,0,4,0,4,1220,451,62,3,1736,0,0,0,1736
10/25/2005,LAX,CA,AWP,WE,Towers with Radar,1219,469,54,0,1742,0,0,4,0,4,1219,469,58,0,1746,0,0,0,1746
10/26/2005,LAX,CA,AWP,WE,Towers with Radar,1240,466,52,1,1759,0,0,0,0,0,1240,466,52,1,1759,0,0,0,1759
10/27/2005,LAX,CA,AWP,WE,Towers with Radar,1271,469,40,3,1783,0,0,4,6,10,1271,469,44,9,1793,0,0,0,1793
10/28/2005,LAX,CA,AWP,WE,Towers with Radar,1318,485,34,2,1839,0,0,0,0,0,1318,485,34,2,1839,0,0,0,1839
10/29/2005,LAX,CA,AWP,WE,Towers with Radar,1107,434,27,2,1570,0,0,7,4,11,1107,434,34,6,1581,0,0,0,1581
10/30/2005,LAX,CA,AWP,WE,Towers with Radar,1191,455,43,0,1689,0,0,7,4,11,1191,455,50,4,1700,0,0,0,1700
10/31/2005,LAX,CA,AWP,WE,Towers with Radar,1230,482,30,2,1744,0,0,15,4,19,1230,482,45,6,1763,0,0,0,1763
11/01/2005,LAX,CA,AWP,WE,Towers with Radar,1234,474,61,1,1770,0,0,5,4,9,1234,474,66,5,1779,0,0,0,1779
11/02/2005,LAX,CA,AWP,WE,Towers with Radar,1265,486,39,1,1791,8,13,0,8,29,1273,499,39,9,1820,0,0,0,1820
11/03/2005,LAX,CA,AWP,WE,Towers with Radar,1326,520,32,2,1880,0,0,10,1,11,1326,520,42,3,1891,0,0,0,1891
11/04/2005,LAX,CA,AWP,WE,Towers with Radar,1298,509,31,2,1840,0,0,0,14,14,1298,509,31,16,1854,0,0,0,1854
11/05/2005,LAX,CA,AWP,WE,Towers with Radar,1126,433,54,1,1614,0,0,6,8,14,1126,433,60,9,1628,0,0,0,1628
11/06/2005,LAX,CA,AWP,WE,Towers with Radar,1213,466,40,0,1719,0,0,2,2,4,1213,466,42,2,1723,0,0,0,1723
11/07/2005,LAX,CA,AWP,WE,Towers with Radar,1261,481,40,2,1784,0,0,7,4,11,1261,481,47,6,1795,0,0,0,1795
11/08/2005,LAX,CA,AWP,WE,Towers with Radar,1244,460,33,2,1739,0,0,4,1,5,1244,460,37,3,1744,0,0,0,1744
11/09/2005,LAX,CA,AWP,WE,Towers with Radar,1253,490,43,3,1789,0,0,18,4,22,1253,490,61,7,1811,0,0,0,1811
11/10/2005,LAX,CA,AWP,WE,Towers with Radar,1276,500,31,2,1809,0,0,7,1,8,1276,500,38,3,1817,0,0,0,1817
11/11/2005,LAX,CA,AWP,WE,Towers with Radar,1285,503,31,2,1821,0,0,11,4,15,1285,503,42,6,1836,0,0,0,1836
11/12/2005,LAX,CA,AWP,WE,Towers with Radar,1139,414,27,0,1580,0,0,2,0,2,1139,414,29,0,1582,0,0,0,1582
11/13/2005,LAX,CA,AWP,WE,Towers with Radar,1209,456,50,0,1715,0,0,4,0,4,1209,456,54,0,1719,0,0,0,1719
11/14/2005,LAX,CA,AWP,WE,Towers with Radar,1241,486,30,2,1759,0,0,0,2,2,1241,486,30,4,1761,0,0,0,1761
11/15/2005,LAX,CA,AWP,WE,Towers with Radar,1256,492,30,2,1780,0,0,15,21,36,1256,492,45,23,1816,0,0,0,1816
11/16/2005,LAX,CA,AWP,WE,Towers with Radar,1309,513,32,2,1856,0,0,7,7,14,1309,513,39,9,1870,0,0,0,1870
11/17/2005,LAX,CA,AWP,WE,Towers with Radar,1310,513,32,2,1857,0,0,13,17,30,1310,513,45,19,1887,0,0,0,1887
11/18/2005,LAX,CA,AWP,WE,Towers with Radar,1274,476,60,3,1813,0,0,8,12,20,1274,476,68,15,1833,0,0,0,1833
11/19/2005,LAX,CA,AWP,WE,Towers with Radar,1168,430,27,8,1633,0,0,4,2,6,1168,430,31,10,1639,0,0,0,1639
11/20/2005,LAX,CA,AWP,WE,Towers with Radar,1231,475,41,0,1747,0,0,3,1,4,1231,475,44,1,1751,0,0,0,1751
11/21/2005,LAX,CA,AWP,WE,Towers with Radar,1237,471,39,0,1747,0,0,3,7,10,1237,471,42,7,1757,0,0,0,1757
11/22/2005,LAX,CA,AWP,WE,Towers with Radar,1271,476,39,2,1788,0,22,0,6,28,1271,498,39,8,1816,0,0,0,1816
11/23/2005,LAX,CA,AWP,WE,Towers with Radar,1304,476,39,2,1821,0,35,0,6,41,1304,511,39,8,1862,0,0,0,1862
11/24/2005,LAX,CA,AWP,WE,Towers with Radar,1043,330,11,1,1385,0,0,3,0,3,1043,330,14,1,1388,0,0,0,1388
11/25/2005,LAX,CA,AWP,WE,Towers with Radar,1096,429,26,2,1553,0,0,0,2,2,1096,429,26,4,1555,0,0,0,1555
11/26/2005,LAX,CA,AWP,WE,Towers with Radar,1166,444,42,1,1653,0,0,2,5,7,1166,444,44,6,1660,0,0,0,1660
11/27/2005,LAX,CA,AWP,WE,Towers with Radar,1253,477,52,0,1782,0,0,4,3,7,1253,477,56,3,1789,0,0,0,1789
11/28/2005,LAX,CA,AWP,WE,Towers with Radar,1239,461,42,2,1744,0,0,9,2,11,1239,461,51,4,1755,0,0,0,1755
11/29/2005,LAX,CA,AWP,WE,Towers with Radar,1298,468,41,0,1807,0,0,8,3,11,1298,468,49,3,1818,0,0,0,1818
11/30/2005,LAX,CA,AWP,WE,Towers with Radar,1278,474,26,2,1780,0,27,10,10,47,1278,501,36,12,1827,0,0,0,1827
12/01/2005,LAX,CA,AWP,WE,Towers with Radar,1246,459,61,0,1766,0,0,3,5,8,1246,459,64,5,1774,0,0,0,1774
12/02/2005,LAX,CA,AWP,WE,Towers with Radar,1311,514,32,2,1859,0,0,0,3,3,1311,514,32,5,1862,0,0,0,1862
12/03/2005,LAX,CA,AWP,WE,Towers with Radar,1128,410,32,1,1571,0,0,6,6,12,1128,410,38,7,1583,0,0,0,1583
12/04/2005,LAX,CA,AWP,WE,Towers with Radar,1213,465,27,0,1705,0,0,4,0,4,1213,465,31,0,1709,0,0,0,1709
12/05/2005,LAX,CA,AWP,WE,Towers with Radar,1201,459,46,0,1706,0,0,7,14,21,1201,459,53,14,1727,0,0,0,1727
12/06/2005,LAX,CA,AWP,WE,Towers with Radar,1237,467,48,2,1754,0,0,8,6,14,1237,467,56,8,1768,0,0,0,1768
12/07/2005,LAX,CA,AWP,WE,Towers with Radar,1256,491,37,0,1784,13,2,5,12,32,1269,493,42,12,1816,0,0,0,1816
12/08/2005,LAX,CA,AWP,WE,Towers with Radar,1264,495,30,2,1791,0,0,6,5,11,1264,495,36,7,1802,0,0,0,1802
12/09/2005,LAX,CA,AWP,WE,Towers with Radar,1264,495,30,2,1791,0,0,5,9,14,1264,495,35,11,1805,0,0,0,1805
12/10/2005,LAX,CA,AWP,WE,Towers with Radar,1122,410,28,0,1560,0,0,2,0,2,1122,410,30,0,1562,0,0,0,1562
12/11/2005,LAX,CA,AWP,WE,Towers with Radar,1185,464,29,2,1680,0,0,4,8,12,1185,464,33,10,1692,0,0,0,1692
12/12/2005,LAX,CA,AWP,WE,Towers with Radar,1237,488,36,0,1761,0,0,13,10,23,1237,488,49,10,1784,0,0,0,1784
12/13/2005,LAX,CA,AWP,WE,Towers with Radar,1222,461,30,0,1713,0,0,17,0,17,1222,461,47,0,1730,0,0,0,1730
12/14/2005,LAX,CA,AWP,WE,Towers with Radar,1292,469,36,1,1798,0,0,4,16,20,1292,469,40,17,1818,0,0,0,1818
12/15/2005,LAX,CA,AWP,WE,Towers with Radar,1303,511,31,2,1847,0,0,1,9,10,1303,511,32,11,1857,0,0,0,1857
12/16/2005,LAX,CA,AWP,WE,Towers with Radar,1292,506,31,2,1831,0,0,10,1,11,1292,506,41,3,1842,0,0,0,1842
12/17/2005,LAX,CA,AWP,WE,Towers with Radar,1198,452,24,2,1676,0,0,0,3,3,1198,452,24,5,1679,0,0,0,1679
12/18/2005,LAX,CA,AWP,WE,Towers with Radar,1233,458,31,0,1722,0,0,4,0,4,1233,458,35,0,1726,0,0,0,1726
12/19/2005,LAX,CA,AWP,WE,Towers with Radar,1256,465,36,3,1760,0,0,7,6,13,1256,465,43,9,1773,0,0,0,1773
12/20/2005,LAX,CA,AWP,WE,Towers with Radar,1295,505,30,2,1832,0,0,12,6,18,1295,505,42,8,1850,0,0,0,1850
12/21/2005,LAX,CA,AWP,WE,Towers with Radar,1323,491,36,0,1850,0,28,1,6,35,1323,519,37,6,1885,0,0,0,1885
12/22/2005,LAX,CA,AWP,WE,Towers with Radar,1311,514,32,2,1859,0,0,5,2,7,1311,514,37,4,1866,0,0,0,1866
12/23/2005,LAX,CA,AWP,WE,Towers with Radar,1311,461,41,2,1815,0,0,0,2,2,1311,461,41,4,1817,0,0,0,1817
12/24/2005,LAX,CA,AWP,WE,Towers with Radar,1172,369,23,0,1564,0,0,0,0,0,1172,369,23,0,1564,0,0,0,1564
12/25/2005,LAX,CA,AWP,WE,Towers with Radar,1124,370,15,1,1510,0,0,0,0,0,1124,370,15,1,1510,0,0,0,1510
12/26/2005,LAX,CA,AWP,WE,Towers with Radar,1255,478,35,0,1768,0,0,1,2,3,1255,478,36,2,1771,0,0,0,1771
12/27/2005,LAX,CA,AWP,WE,Towers with Radar,1279,479,37,0,1795,0,0,17,8,25,1279,479,54,8,1820,0,0,0,1820
12/28/2005,LAX,CA,AWP,WE,Towers with Radar,1270,479,29,2,1780,0,21,5,6,32,1270,500,34,8,1812,0,0,0,1812
12/29/2005,LAX,CA,AWP,WE,Towers with Radar,1285,503,31,2,1821,0,0,4,1,5,1285,503,35,3,1826,0,0,0,1826
12/30/2005,LAX,CA,AWP,WE,Towers with Radar,1291,467,29,5,1792,0,0,4,4,8,1291,467,33,9,1800,0,0,0,1800
12/31/2005,LAX,CA,AWP,WE,Towers with Radar,1164,435,35,6,1640,0,0,0,0,0,1164,435,35,6,1640,0,0,0,1640
01/01/2006,LAX,CA,AWP,WE,Towers with Radar,1189,466,29,2,1686,0,0,0,0,0,1189,466,29,2,1686,0,0,0,1686
01/02/2006,LAX,CA,AWP,WE,Towers with Radar,1240,427,81,0,1748,0,0,0,2,2,1240,427,81,2,1750,0,0,0,1750
01/03/2006,LAX,CA,AWP,WE,Towers with Radar,1338,515,83,1,1937,0,0,7,3,10,1338,515,90,4,1947,0,0,0,1947
01/04/2006,LAX,CA,AWP,WE,Towers with Radar,1306,488,57,2,1853,0,17,9,12,38,1306,505,66,14,1891,0,0,0,1891
01/05/2006,LAX,CA,AWP,WE,Towers with Radar,1346,527,32,2,1907,0,0,10,2,12,1346,527,42,4,1919,0,0,0,1919
01/06/2006,LAX,CA,AWP,WE,Towers with Radar,1230,468,86,2,1786,0,0,6,8,14,1230,468,92,10,1800,0,0,0,1800
01/07/2006,LAX,CA,AWP,WE,Towers with Radar,1143,452,27,0,1622,0,0,9,4,13,1143,452,36,4,1635,0,0,0,1635
01/08/2006,LAX,CA,AWP,WE,Towers with Radar,1215,466,42,1,1724,0,0,5,3,8,1215,466,47,4,1732,0,0,0,1732
01/09/2006,LAX,CA,AWP,WE,Towers with Radar,1229,465,52,1,1747,0,0,5,9,14,1229,465,57,10,1761,0,0,0,1761
01/10/2006,LAX,CA,AWP,WE,Towers with Radar,1208,464,27,1,1700,0,0,14,9,23,1208,464,41,10,1723,0,0,0,1723
01/11/2006,LAX,CA,AWP,WE,Towers with Radar,1238,450,36,1,1725,0,35,9,12,56,1238,485,45,13,1781,0,0,0,1781
01/12/2006,LAX,CA,AWP,WE,Towers with Radar,1284,503,31,2,1820,0,0,16,10,26,1284,503,47,12,1846,0,0,0,1846
01/13/2006,LAX,CA,AWP,WE,Towers with Radar,1303,490,65,1,1859,0,0,9,3,12,1303,490,74,4,1871,0,0,0,1871
01/14/2006,LAX,CA,AWP,WE,Towers with Radar,1123,409,28,0,1560,0,0,0,0,0,1123,409,28,0,1560,0,0,0,1560
01/15/2006,LAX,CA,AWP,WE,Towers with Radar,1187,448,20,0,1655,0,0,5,4,9,1187,448,25,4,1664,0,0,0,1664
01/16/2006,LAX,CA,AWP,WE,Towers with Radar,1215,471,50,0,1736,0,0,5,4,9,1215,471,55,4,1745,0,0,0,1745
01/17/2006,LAX,CA,AWP,WE,Towers with Radar,1246,483,30,0,1759,0,0,6,3,9,1246,483,36,3,1768,0,0,0,1768
01/18/2006,LAX,CA,AWP,WE,Towers with Radar,1187,465,29,2,1683,0,0,15,14,29,1187,465,44,16,1712,0,0,0,1712
01/19/2006,LAX,CA,AWP,WE,Towers with Radar,1231,474,43,3,1751,0,0,3,12,15,1231,474,46,15,1766,0,0,0,1766
01/20/2006,LAX,CA,AWP,WE,Towers with Radar,1230,460,36,1,1727,0,22,0,5,27,1230,482,36,6,1754,0,0,0,1754
01/21/2006,LAX,CA,AWP,WE,Towers with Radar,1098,395,30,2,1525,0,0,4,8,12,1098,395,34,10,1537,0,0,0,1537
01/22/2006,LAX,CA,AWP,WE,Towers with Radar,1179,459,39,0,1677,0,0,4,2,6,1179,459,43,2,1683,0,0,0,1683
01/23/2006,LAX,CA,AWP,WE,Towers with Radar,1214,457,34,0,1705,0,0,5,4,9,1214,457,39,4,1714,0,0,0,1714
01/24/2006,LAX,CA,AWP,WE,Towers with Radar,1212,462,24,4,1702,0,0,8,11,19,1212,462,32,15,1721,0,0,0,1721
01/25/2006,LAX,CA,AWP,WE,Towers with Radar,1254,491,30,2,1777,0,0,6,17,23,1254,491,36,19,1800,0,0,0,1800
01/26/2006,LAX,CA,AWP,WE,Towers with Radar,1271,498,31,2,1802,0,0,8,2,10,1271,498,39,4,1812,0,0,0,1812
01/27/2006,LAX,CA,AWP,WE,Towers with Radar,1240,467,30,0,1737,0,19,0,8,27,1240,486,30,8,1764,0,0,0,1764
01/28/2006,LAX,CA,AWP,WE,Towers with Radar,1102,409,36,2,1549,0,0,5,4,9,1102,409,41,6,1558,0,0,0,1558
01/29/2006,LAX,CA,AWP,WE,Towers with Radar,1193,459,46,0,1698,0,0,2,2,4,1193,459,48,2,1702,0,0,0,1702
01/30/2006,LAX,CA,AWP,WE,Towers with Radar,1195,469,48,1,1713,0,0,4,12,16,1195,469,52,13,1729,0,0,0,1729
01/31/2006,LAX,CA,AWP,WE,Towers with Radar,1207,473,29,2,1711,0,0,0,11,11,1207,473,29,13,1722,0,0,0,1722
02/01/2006,LAX,CA,AWP,WE,Towers with Radar,1236,484,30,2,1752,0,0,8,14,22,1236,484,38,16,1774,0,0,0,1774
02/02/2006,LAX,CA,AWP,WE,Towers with Radar,1255,492,30,2,1779,0,0,0,2,2,1255,492,30,4,1781,0,0,0,1781
02/03/2006,LAX,CA,AWP,WE,Towers with Radar,1216,439,29,2,1686,0,38,0,0,38,1216,477,29,2,1724,0,0,0,1724
02/04/2006,LAX,CA,AWP,WE,Towers with Radar,1099,431,27,2,1559,0,0,13,3,16,1099,431,40,5,1575,0,0,0,1575
02/05/2006,LAX,CA,AWP,WE,Towers with Radar,1160,441,28,0,1629,0,0,4,1,5,1160,441,32,1,1634,0,0,0,1634
02/06/2006,LAX,CA,AWP,WE,Towers with Radar,1207,481,48,0,1736,0,0,11,7,18,1207,481,59,7,1754,0,0,0,1754
02/07/2006,LAX,CA,AWP,WE,Towers with Radar,1196,483,36,1,1716,0,0,10,5,15,1196,483,46,6,1731,0,0,0,1731
02/08/2006,LAX,CA,AWP,WE,Towers with Radar,1250,490,30,2,1772,0,1,11,12,24,1250,491,41,14,1796,0,0,0,1796
02/09/2006,LAX,CA,AWP,WE,Towers with Radar,1294,507,31,2,1834,0,0,2,2,4,1294,507,33,4,1838,0,0,0,1838
02/10/2006,LAX,CA,AWP,WE,Towers with Radar,1223,475,37,0,1735,0,0,0,0,0,1223,475,37,0,1735,0,0,0,1735
02/11/2006,LAX,CA,AWP,WE,Towers with Radar,1112,444,40,3,1599,0,0,0,0,0,1112,444,40,3,1599,0,0,0,1599
02/12/2006,LAX,CA,AWP,WE,Towers with Radar,1148,481,39,0,1668,0,0,0,0,0,1148,481,39,0,1668,0,0,0,1668
02/13/2006,LAX,CA,AWP,WE,Towers with Radar,1215,479,36,0,1730,0,0,7,13,20,1215,479,43,13,1750,0,0,0,1750
02/14/2006,LAX,CA,AWP,WE,Towers with Radar,1228,490,41,2,1761,0,0,10,11,21,1228,490,51,13,1782,0,0,0,1782
02/15/2006,LAX,CA,AWP,WE,Towers with Radar,1248,489,30,2,1769,0,0,8,7,15,1248,489,38,9,1784,0,0,0,1784
02/16/2006,LAX,CA,AWP,WE,Towers with Radar,1263,495,30,2,1790,0,0,0,0,0,1263,495,30,2,1790,0,0,0,1790
02/17/2006,LAX,CA,AWP,WE,Towers with Radar,1277,487,52,4,1820,0,0,10,1,11,1277,487,62,5,1831,0,0,0,1831
02/18/2006,LAX,CA,AWP,WE,Towers with Radar,1097,434,25,2,1558,0,0,0,2,2,1097,434,25,4,1560,0,0,0,1560
02/19/2006,LAX,CA,AWP,WE,Towers with Radar,1176,461,22,0,1659,0,0,2,0,2,1176,461,24,0,1661,0,0,0,1661
02/20/2006,LAX,CA,AWP,WE,Towers with Radar,1251,485,49,1,1786,0,0,10,6,16,1251,485,59,7,1802,0,0,0,1802
02/21/2006,LAX,CA,AWP,WE,Towers with Radar,1254,492,30,2,1778,0,0,3,11,14,1254,492,33,13,1792,0,0,0,1792
02/22/2006,LAX,CA,AWP,WE,Towers with Radar,1239,485,30,2,1756,0,0,10,6,16,1239,485,40,8,1772,0,0,0,1772
02/23/2006,LAX,CA,AWP,WE,Towers with Radar,1259,493,30,2,1784,0,0,14,13,27,1259,493,44,15,1811,0,0,0,1811
02/24/2006,LAX,CA,AWP,WE,Towers with Radar,1276,500,31,2,1809,0,0,15,13,28,1276,500,46,15,1837,0,0,0,1837
02/25/2006,LAX,CA,AWP,WE,Towers with Radar,1138,449,40,0,1627,0,0,0,0,0,1138,449,40,0,1627,0,0,0,1627
02/26/2006,LAX,CA,AWP,WE,Towers with Radar,1217,473,41,0,1731,0,0,4,0,4,1217,473,45,0,1735,0,0,0,1735
02/27/2006,LAX,CA,AWP,WE,Towers with Radar,1219,444,67,1,1731,0,0,6,4,10,1219,444,73,5,1741,0,0,0,1741
02/28/2006,LAX,CA,AWP,WE,Towers with Radar,1256,492,30,2,1780,0,0,20,13,33,1256,492,50,15,1813,0,0,0,1813
03/01/2006,LAX,CA,AWP,WE,Towers with Radar,1276,498,41,2,1817,10,6,0,0,16,1286,504,41,2,1833,0,0,0,1833
03/02/2006,LAX,CA,AWP,WE,Towers with Radar,1278,501,31,2,1812,0,0,8,6,14,1278,501,39,8,1826,0,0,0,1826
03/03/2006,LAX,CA,AWP,WE,Towers with Radar,1277,485,54,1,1817,0,0,0,0,0,1277,485,54,1,1817,0,0,0,1817
03/04/2006,LAX,CA,AWP,WE,Towers with Radar,1129,443,27,2,1601,0,0,7,9,16,1129,443,34,11,1617,0,0,0,1617
03/05/2006,LAX,CA,AWP,WE,Towers with Radar,1212,469,40,0,1721,0,0,6,2,8,1212,469,46,2,1729,0,0,0,1729
03/06/2006,LAX,CA,AWP,WE,Towers with Radar,1248,483,71,0,1802,0,0,19,11,30,1248,483,90,11,1832,0,0,0,1832
03/07/2006,LAX,CA,AWP,WE,Towers with Radar,1241,498,58,1,1798,0,0,5,10,15,1241,498,63,11,1813,0,0,0,1813
03/08/2006,LAX,CA,AWP,WE,Towers with Radar,1247,472,39,2,1760,0,16,0,5,21,1247,488,39,7,1781,0,0,0,1781
03/09/2006,LAX,CA,AWP,WE,Towers with Radar,1318,442,56,1,1817,0,0,1,12,13,1318,442,57,13,1830,0,0,0,1830
03/10/2006,LAX,CA,AWP,WE,Towers with Radar,1295,472,72,0,1839,0,0,0,4,4,1295,472,72,4,1843,0,0,0,1843
03/11/2006,LAX,CA,AWP,WE,Towers with Radar,1160,456,34,0,1650,0,0,2,0,2,1160,456,36,0,1652,0,0,0,1652
03/12/2006,LAX,CA,AWP,WE,Towers with Radar,1226,487,38,0,1751,0,0,7,2,9,1226,487,45,2,1760,0,0,0,1760
03/13/2006,LAX,CA,AWP,WE,Towers with Radar,1260,482,47,0,1789,0,0,15,8,23,1260,482,62,8,1812,0,0,0,1812
03/14/2006,LAX,CA,AWP,WE,Towers with Radar,1259,493,30,2,1784,0,0,13,13,26,1259,493,43,15,1810,0,0,0,1810
03/15/2006,LAX,CA,AWP,WE,Towers with Radar,1273,499,31,2,1805,0,0,22,3,25,1273,499,53,5,1830,0,0,0,1830
03/16/2006,LAX,CA,AWP,WE,Towers with Radar,1307,512,32,2,1853,0,0,9,10,19,1307,512,41,12,1872,0,0,0,1872
03/17/2006,LAX,CA,AWP,WE,Towers with Radar,1268,497,31,2,1798,0,0,7,9,16,1268,497,38,11,1814,0,0,0,1814
03/18/2006,LAX,CA,AWP,WE,Towers with Radar,1128,434,32,0,1594,0,0,8,1,9,1128,434,40,1,1603,0,0,0,1603
03/19/2006,LAX,CA,AWP,WE,Towers with Radar,1217,482,32,0,1731,13,0,0,6,19,1230,482,32,6,1750,0,0,0,1750
03/20/2006,LAX,CA,AWP,WE,Towers with Radar,1207,463,44,4,1718,0,0,0,0,0,1207,463,44,4,1718,0,0,0,1718
03/21/2006,LAX,CA,AWP,WE,Towers with Radar,1263,495,30,2,1790,0,0,10,11,21,1263,495,40,13,1811,0,0,0,1811
03/22/2006,LAX,CA,AWP,WE,Towers with Radar,1295,485,36,0,1816,2,23,0,7,32,1297,508,36,7,1848,0,0,0,1848
03/23/2006,LAX,CA,AWP,WE,Towers with Radar,1271,498,31,2,1802,0,0,16,4,20,1271,498,47,6,1822,0,0,0,1822
03/24/2006,LAX,CA,AWP,WE,Towers with Radar,1260,481,50,1,1792,0,0,21,13,34,1260,481,71,14,1826,0,0,0,1826
03/25/2006,LAX,CA,AWP,WE,Towers with Radar,1153,438,47,0,1638,0,0,1,3,4,1153,438,48,3,1642,0,0,0,1642
03/26/2006,LAX,CA,AWP,WE,Towers with Radar,1240,472,47,0,1759,0,0,3,3,6,1240,472,50,3,1765,0,0,0,1765
03/27/2006,LAX,CA,AWP,WE,Towers with Radar,1235,471,16,0,1722,0,0,11,2,13,1235,471,27,2,1735,0,0,0,1735
03/28/2006,LAX,CA,AWP,WE,Towers with Radar,1226,469,25,0,1720,0,0,7,9,16,1226,469,32,9,1736,0,0,0,1736
03/29/2006,LAX,CA,AWP,WE,Towers with Radar,1287,492,38,0,1817,0,13,4,16,33,1287,505,42,16,1850,0,0,0,1850
03/30/2006,LAX,CA,AWP,WE,Towers with Radar,1299,509,31,2,1841,0,0,4,17,21,1299,509,35,19,1862,0,0,0,1862
03/31/2006,LAX,CA,AWP,WE,Towers with Radar,1299,477,44,0,1820,0,0,5,2,7,1299,477,49,2,1827,0,0,0,1827
04/01/2006,LAX,CA,AWP,WE,Towers with Radar,1183,459,36,2,1680,0,0,2,6,8,1183,459,38,8,1688,0,0,0,1688
04/02/2006,LAX,CA,AWP,WE,Towers with Radar,1284,473,57,0,1814,0,0,8,3,11,1284,473,65,3,1825,0,0,0,1825
04/03/2006,LAX,CA,AWP,WE,Towers with Radar,1266,496,31,2,1795,0,0,5,4,9,1266,496,36,6,1804,0,0,0,1804
04/04/2006,LAX,CA,AWP,WE,Towers with Radar,1234,463,30,0,1727,0,0,23,0,23,1234,463,53,0,1750,0,0,0,1750
04/05/2006,LAX,CA,AWP,WE,Towers with Radar,1290,506,31,2,1829,0,0,6,7,13,1290,506,37,9,1842,0,0,0,1842
04/06/2006,LAX,CA,AWP,WE,Towers with Radar,1284,487,58,2,1831,0,0,14,12,26,1284,487,72,14,1857,0,0,0,1857
04/07/2006,LAX,CA,AWP,WE,Towers with Radar,1315,478,52,1,1846,0,0,8,9,17,1315,478,60,10,1863,0,0,0,1863
04/08/2006,LAX,CA,AWP,WE,Towers with Radar,1176,435,30,2,1643,0,0,4,0,4,1176,435,34,2,1647,0,0,0,1647
04/09/2006,LAX,CA,AWP,WE,Towers with Radar,1225,479,30,0,1734,0,0,11,7,18,1225,479,41,7,1752,0,0,0,1752
04/10/2006,LAX,CA,AWP,WE,Towers with Radar,1248,452,32,2,1734,0,0,11,20,31,1248,452,43,22,1765,0,0,0,1765
04/11/2006,LAX,CA,AWP,WE,Towers with Radar,1231,482,30,2,1745,0,0,10,16,26,1231,482,40,18,1771,0,0,0,1771
04/12/2006,LAX,CA,AWP,WE,Towers with Radar,1302,489,31,3,1825,0,0,14,9,23,1302,489,45,12,1848,0,0,0,1848
04/13/2006,LAX,CA,AWP,WE,Towers with Radar,1292,506,31,2,1831,0,0,12,12,24,1292,506,43,14,1855,0,0,0,1855
04/14/2006,LAX,CA,AWP,WE,Towers with Radar,1282,466,28,0,1776,0,0,8,4,12,1282,466,36,4,1788,0,0,0,1788
04/15/2006,LAX,CA,AWP,WE,Towers with Radar,1175,430,21,0,1626,0,0,1,2,3,1175,430,22,2,1629,0,0,0,1629
04/16/2006,LAX,CA,AWP,WE,Towers with Radar,1242,456,33,0,1731,0,0,8,0,8,1242,456,41,0,1739,0,0,0,1739
04/17/2006,LAX,CA,AWP,WE,Towers with Radar,1265,459,34,0,1758,0,0,0,2,2,1265,459,34,2,1760,0,0,0,1760
04/18/2006,LAX,CA,AWP,WE,Towers with Radar,1265,479,27,0,1771,0,0,8,17,25,1265,479,35,17,1796,0,0,0,1796
04/19/2006,LAX,CA,AWP,WE,Towers with Radar,1261,471,36,0,1768,0,23,3,8,34,1261,494,39,8,1802,0,0,0,1802
04/20/2006,LAX,CA,AWP,WE,Towers with Radar,1299,509,31,2,1841,0,0,8,8,16,1299,509,39,10,1857,0,0,0,1857
04/21/2006,LAX,CA,AWP,WE,Towers with Radar,1295,508,31,2,1836,0,0,7,6,13,1295,508,38,8,1849,0,0,0,1849
04/22/2006,LAX,CA,AWP,WE,Towers with Radar,1167,433,33,0,1633,0,0,11,0,11,1167,433,44,0,1644,0,0,0,1644
04/23/2006,LAX,CA,AWP,WE,Towers with Radar,1239,485,30,2,1756,0,0,3,1,4,1239,485,33,3,1760,0,0,0,1760
04/24/2006,LAX,CA,AWP,WE,Towers with Radar,1300,482,62,3,1847,0,0,3,11,14,1300,482,65,14,1861,0,0,0,1861
04/25/2006,LAX,CA,AWP,WE,Towers with Radar,1270,498,31,2,1801,0,0,7,12,19,1270,498,38,14,1820,0,0,0,1820
04/26/2006,LAX,CA,AWP,WE,Towers with Radar,1245,463,60,6,1774,0,0,6,4,10,1245,463,66,10,1784,0,0,0,1784
04/27/2006,LAX,CA,AWP,WE,Towers with Radar,1275,471,40,2,1788,0,0,3,12,15,1275,471,43,14,1803,0,0,0,1803
04/28/2006,LAX,CA,AWP,WE,Towers with Radar,1315,488,41,0,1844,0,0,13,16,29,1315,488,54,16,1873,0,0,0,1873
04/29/2006,LAX,CA,AWP,WE,Towers with Radar,1182,439,37,2,1660,0,0,2,3,5,1182,439,39,5,1665,0,0,0,1665
04/30/2006,LAX,CA,AWP,WE,Towers with Radar,1229,470,66,3,1768,0,0,0,0,0,1229,470,66,3,1768,0,0,0,1768
05/01/2006,LAX,CA,AWP,WE,Towers with Radar,1290,482,44,4,1820,0,0,0,0,0,1290,482,44,4,1820,0,0,0,1820
05/02/2006,LAX,CA,AWP,WE,Towers with Radar,1229,488,52,0,1769,0,0,6,2,8,1229,488,58,2,1777,0,0,0,1777
05/03/2006,LAX,CA,AWP,WE,Towers with Radar,1290,482,37,2,1811,0,23,0,4,27,1290,505,37,6,1838,0,0,0,1838
05/04/2006,LAX,CA,AWP,WE,Towers with Radar,1309,513,32,2,1856,0,0,12,10,22,1309,513,44,12,1878,0,0,0,1878
05/05/2006,LAX,CA,AWP,WE,Towers with Radar,1285,489,52,0,1826,0,0,2,3,5,1285,489,54,3,1831,0,0,0,1831
05/06/2006,LAX,CA,AWP,WE,Towers with Radar,1150,451,28,2,1631,0,0,5,4,9,1150,451,33,6,1640,0,0,0,1640
05/07/2006,LAX,CA,AWP,WE,Towers with Radar,1245,488,30,2,1765,0,0,7,3,10,1245,488,37,5,1775,0,0,0,1775
05/08/2006,LAX,CA,AWP,WE,Towers with Radar,1271,465,65,1,1802,0,0,3,9,12,1271,465,68,10,1814,0,0,0,1814
05/09/2006,LAX,CA,AWP,WE,Towers with Radar,1286,504,31,2,1823,0,0,8,17,25,1286,504,39,19,1848,0,0,0,1848
05/10/2006,LAX,CA,AWP,WE,Towers with Radar,1276,484,33,1,1794,9,19,0,7,35,1285,503,33,8,1829,0,0,0,1829
05/11/2006,LAX,CA,AWP,WE,Towers with Radar,1296,496,76,3,1871,0,0,3,1,4,1296,496,79,4,1875,0,0,0,1875
05/12/2006,LAX,CA,AWP,WE,Towers with Radar,1295,484,63,0,1842,0,0,7,7,14,1295,484,70,7,1856,0,0,0,1856
05/13/2006,LAX,CA,AWP,WE,Towers with Radar,1177,419,51,0,1647,0,0,0,0,0,1177,419,51,0,1647,0,0,0,1647
05/14/2006,LAX,CA,AWP,WE,Towers with Radar,1227,464,40,0,1731,0,0,0,2,2,1227,464,40,2,1733,0,0,0,1733
05/15/2006,LAX,CA,AWP,WE,Towers with Radar,1280,469,57,0,1806,0,0,1,0,1,1280,469,58,0,1807,0,0,0,1807
05/16/2006,LAX,CA,AWP,WE,Towers with Radar,1254,479,46,2,1781,0,0,8,8,16,1254,479,54,10,1797,0,0,0,1797
05/17/2006,LAX,CA,AWP,WE,Towers with Radar,1279,501,31,2,1813,0,0,36,8,44,1279,501,67,10,1857,0,0,0,1857
05/18/2006,LAX,CA,AWP,WE,Towers with Radar,1296,508,31,2,1837,0,0,8,11,19,1296,508,39,13,1856,0,0,0,1856
05/19/2006,LAX,CA,AWP,WE,Towers with Radar,1298,468,63,0,1829,0,0,7,2,9,1298,468,70,2,1838,0,0,0,1838
05/20/2006,LAX,CA,AWP,WE,Towers with Radar,1156,421,30,2,1609,0,0,0,0,0,1156,421,30,2,1609,5,1,6,1615
05/21/2006,LAX,CA,AWP,WE,Towers with Radar,1223,459,34,0,1716,0,0,0,3,3,1223,459,34,3,1719,0,0,0,1719
05/22/2006,LAX,CA,AWP,WE,Towers with Radar,1284,471,42,3,1800,0,0,15,11,26,1284,471,57,14,1826,0,0,0,1826
05/23/2006,LAX,CA,AWP,WE,Towers with Radar,1270,498,31,2,1801,0,0,11,8,19,1270,498,42,10,1820,0,0,0,1820
05/24/2006,LAX,CA,AWP,WE,Towers with Radar,1275,476,35,0,1786,0,24,0,9,33,1275,500,35,9,1819,0,0,0,1819
05/25/2006,LAX,CA,AWP,WE,Towers with Radar,1306,512,31,2,1851,0,0,1,11,12,1306,512,32,13,1863,0,0,0,1863
05/26/2006,LAX,CA,AWP,WE,Towers with Radar,1305,511,31,2,1849,0,0,4,7,11,1305,511,35,9,1860,0,0,0,1860
05/27/2006,LAX,CA,AWP,WE,Towers with Radar,1137,445,27,2,1611,0,0,11,1,12,1137,445,38,3,1623,0,0,0,1623
05/28/2006,LAX,CA,AWP,WE,Towers with Radar,1180,384,18,0,1582,0,0,1,5,6,1180,384,19,5,1588,0,0,0,1588
05/29/2006,LAX,CA,AWP,WE,Towers with Radar,1204,469,37,0,1710,0,0,2,13,15,1204,469,39,13,1725,0,0,0,1725
05/30/2006,LAX,CA,AWP,WE,Towers with Radar,1267,497,31,2,1797,0,0,9,10,19,1267,497,40,12,1816,0,0,0,1816
05/31/2006,LAX,CA,AWP,WE,Towers with Radar,1251,455,64,1,1771,0,0,4,2,6,1251,455,68,3,1777,0,0,0,1777
06/01/2006,LAX,CA,AWP,WE,Towers with Radar,1267,497,31,2,1797,0,0,4,2,6,1267,497,35,4,1803,0,0,0,1803
06/02/2006,LAX,CA,AWP,WE,Towers with Radar,1270,459,36,3,1768,0,0,2,2,4,1270,459,38,5,1772,0,0,0,1772
06/03/2006,LAX,CA,AWP,WE,Towers with Radar,1221,448,25,0,1694,0,0,0,0,0,1221,448,25,0,1694,0,0,0,1694
06/04/2006,LAX,CA,AWP,WE,Towers with Radar,1267,480,51,0,1798,0,0,4,2,6,1267,480,55,2,1804,0,0,0,1804
06/05/2006,LAX,CA,AWP,WE,Towers with Radar,1297,488,38,0,1823,0,0,3,7,10,1297,488,41,7,1833,0,0,0,1833
06/06/2006,LAX,CA,AWP,WE,Towers with Radar,1288,494,38,3,1823,0,0,2,8,10,1288,494,40,11,1833,0,0,0,1833
06/07/2006,LAX,CA,AWP,WE,Towers with Radar,1272,498,31,2,1803,0,0,0,2,2,1272,498,31,4,1805,0,0,0,1805
06/08/2006,LAX,CA,AWP,WE,Towers with Radar,1336,505,65,2,1908,0,0,0,10,10,1336,505,65,12,1918,0,0,0,1918
06/09/2006,LAX,CA,AWP,WE,Towers with Radar,1334,488,38,0,1860,0,0,4,4,8,1334,488,42,4,1868,0,0,0,1868
06/10/2006,LAX,CA,AWP,WE,Towers with Radar,1200,429,26,0,1655,0,0,9,0,9,1200,429,35,0,1664,0,0,0,1664
06/11/2006,LAX,CA,AWP,WE,Towers with Radar,1308,470,27,0,1805,0,0,7,3,10,1308,470,34,3,1815,0,0,0,1815
06/12/2006,LAX,CA,AWP,WE,Towers with Radar,1325,497,30,0,1852,0,0,7,4,11,1325,497,37,4,1863,0,0,0,1863
06/13/2006,LAX,CA,AWP,WE,Towers with Radar,1314,469,24,0,1807,0,0,15,8,23,1314,469,39,8,1830,0,0,0,1830
06/14/2006,LAX,CA,AWP,WE,Towers with Radar,1304,494,36,2,1836,0,17,1,2,20,1304,511,37,4,1856,0,0,0,1856
06/15/2006,LAX,CA,AWP,WE,Towers with Radar,1328,521,32,2,1883,0,0,16,8,24,1328,521,48,10,1907,0,0,0,1907
06/16/2006,LAX,CA,AWP,WE,Towers with Radar,1337,483,36,2,1858,0,0,21,6,27,1337,483,57,8,1885,0,0,0,1885
06/17/2006,LAX,CA,AWP,WE,Towers with Radar,1270,439,27,0,1736,0,0,3,2,5,1270,439,30,2,1741,0,0,0,1741
06/18/2006,LAX,CA,AWP,WE,Towers with Radar,1302,458,49,0,1809,0,0,3,2,5,1302,458,52,2,1814,0,0,0,1814
06/19/2006,LAX,CA,AWP,WE,Towers with Radar,1326,468,42,0,1836,0,0,9,10,19,1326,468,51,10,1855,0,0,0,1855
06/20/2006,LAX,CA,AWP,WE,Towers with Radar,1314,515,32,2,1863,0,0,23,5,28,1314,515,55,7,1891,0,0,0,1891
06/21/2006,LAX,CA,AWP,WE,Towers with Radar,1316,489,29,0,1834,0,26,3,2,31,1316,515,32,2,1865,0,0,0,1865
06/22/2006,LAX,CA,AWP,WE,Towers with Radar,1328,521,32,2,1883,0,0,12,2,14,1328,521,44,4,1897,0,0,0,1897
06/23/2006,LAX,CA,AWP,WE,Towers with Radar,1344,483,48,0,1875,0,0,11,0,11,1344,483,59,0,1886,0,0,0,1886
06/24/2006,LAX,CA,AWP,WE,Towers with Radar,1235,427,44,0,1706,0,0,31,5,36,1235,427,75,5,1742,0,0,0,1742
06/25/2006,LAX,CA,AWP,WE,Towers with Radar,1269,466,33,1,1769,0,0,6,4,10,1269,466,39,5,1779,0,0,0,1779
06/26/2006,LAX,CA,AWP,WE,Towers with Radar,1332,489,35,3,1859,0,0,2,1,3,1332,489,37,4,1862,0,0,0,1862
06/27/2006,LAX,CA,AWP,WE,Towers with Radar,1344,497,36,2,1879,0,30,6,4,40,1344,527,42,6,1919,0,0,0,1919
06/28/2006,LAX,CA,AWP,WE,Towers with Radar,1320,485,36,0,1841,0,32,1,7,40,1320,517,37,7,1881,0,0,0,1881
06/29/2006,LAX,CA,AWP,WE,Towers with Radar,1356,531,33,2,1922,0,0,7,15,22,1356,531,40,17,1944,0,0,0,1944
06/30/2006,LAX,CA,AWP,WE,Towers with Radar,1385,513,47,3,1948,0,0,15,8,23,1385,513,62,11,1971,0,0,0,1971
07/01/2006,LAX,CA,AWP,WE,Towers with Radar,1296,447,30,1,1774,0,0,11,6,17,1296,447,41,7,1791,0,0,0,1791
07/02/2006,LAX,CA,AWP,WE,Towers with Radar,1287,446,22,0,1755,0,0,4,3,7,1287,446,26,3,1762,0,0,0,1762
07/03/2006,LAX,CA,AWP,WE,Towers with Radar,1280,415,20,0,1715,0,0,9,4,13,1280,415,29,4,1728,0,0,0,1728
07/04/2006,LAX,CA,AWP,WE,Towers with Radar,1159,391,11,0,1561,0,63,29,8,100,1159,454,40,8,1661,0,0,0,1661
07/05/2006,LAX,CA,AWP,WE,Towers with Radar,1312,481,25,0,1818,0,34,26,14,74,1312,515,51,14,1892,0,0,0,1892
07/06/2006,LAX,CA,AWP,WE,Towers with Radar,1338,524,32,2,1896,0,0,3,10,13,1338,524,35,12,1909,0,0,0,1909
07/07/2006,LAX,CA,AWP,WE,Towers with Radar,1374,489,17,1,1881,0,0,10,4,14,1374,489,27,5,1895,0,0,0,1895
07/08/2006,LAX,CA,AWP,WE,Towers with Radar,1271,436,22,0,1729,0,0,5,7,12,1271,436,27,7,1741,0,0,0,1741
07/09/2006,LAX,CA,AWP,WE,Towers with Radar,1317,469,39,1,1826,0,0,3,4,7,1317,469,42,5,1833,0,0,0,1833
07/10/2006,LAX,CA,AWP,WE,Towers with Radar,1370,494,30,0,1894,0,0,1,8,9,1370,494,31,8,1903,0,0,0,1903
07/11/2006,LAX,CA,AWP,WE,Towers with Radar,1309,513,32,2,1856,0,0,2,11,13,1309,513,34,13,1869,0,0,0,1869
07/12/2006,LAX,CA,AWP,WE,Towers with Radar,1342,499,57,2,1900,0,0,15,6,21,1342,499,72,8,1921,0,0,0,1921
07/13/2006,LAX,CA,AWP,WE,Towers with Radar,1369,536,33,2,1940,0,0,11,10,21,1369,536,44,12,1961,0,0,0,1961
07/14/2006,LAX,CA,AWP,WE,Towers with Radar,1370,495,36,3,1904,0,0,0,0,0,1370,495,36,3,1904,0,0,0,1904
07/15/2006,LAX,CA,AWP,WE,Towers with Radar,1238,434,26,0,1698,0,0,13,2,15,1238,434,39,2,1713,0,0,0,1713
07/16/2006,LAX,CA,AWP,WE,Towers with Radar,1293,455,39,0,1787,0,0,2,0,2,1293,455,41,0,1789,0,0,0,1789
07/17/2006,LAX,CA,AWP,WE,Towers with Radar,1354,480,38,4,1876,0,0,7,12,19,1354,480,45,16,1895,0,0,0,1895
07/18/2006,LAX,CA,AWP,WE,Towers with Radar,1290,446,29,3,1768,0,0,4,8,12,1290,446,33,11,1780,0,0,0,1780
07/19/2006,LAX,CA,AWP,WE,Towers with Radar,1388,544,33,2,1967,0,0,5,11,16,1388,544,38,13,1983,0,0,0,1983
07/20/2006,LAX,CA,AWP,WE,Towers with Radar,1364,534,33,2,1933,0,0,8,7,15,1364,534,41,9,1948,0,0,0,1948
07/21/2006,LAX,CA,AWP,WE,Towers with Radar,1333,489,39,5,1866,0,0,3,6,9,1333,489,42,11,1875,0,0,0,1875
07/22/2006,LAX,CA,AWP,WE,Towers with Radar,1253,444,22,0,1719,0,0,9,16,25,1253,444,31,16,1744,0,0,0,1744
07/23/2006,LAX,CA,AWP,WE,Towers with Radar,1319,464,30,0,1813,0,0,6,2,8,1319,464,36,2,1821,0,0,0,1821
07/24/2006,LAX,CA,AWP,WE,Towers with Radar,1355,485,38,0,1878,0,0,9,11,20,1355,485,47,11,1898,0,0,0,1898
07/25/2006,LAX,CA,AWP,WE,Towers with Radar,1350,505,49,2,1906,0,0,4,7,11,1350,505,53,9,1917,0,0,0,1917
07/26/2006,LAX,CA,AWP,WE,Towers with Radar,1338,524,32,2,1896,0,0,9,13,22,1338,524,41,15,1918,0,0,0,1918
07/27/2006,LAX,CA,AWP,WE,Towers with Radar,1350,529,33,2,1914,0,0,20,12,32,1350,529,53,14,1946,0,0,0,1946
07/28/2006,LAX,CA,AWP,WE,Towers with Radar,1323,491,47,0,1861,0,0,0,0,0,1323,491,47,0,1861,0,0,0,1861
07/29/2006,LAX,CA,AWP,WE,Towers with Radar,1305,511,31,0,1847,0,0,0,4,4,1305,511,31,4,1851,0,0,0,1851
07/30/2006,LAX,CA,AWP,WE,Towers with Radar,1276,489,48,1,1814,0,0,2,2,4,1276,489,50,3,1818,0,0,0,1818
07/31/2006,LAX,CA,AWP,WE,Towers with Radar,1316,495,42,2,1855,0,0,23,27,50,1316,495,65,29,1905,0,0,0,1905
08/01/2006,LAX,CA,AWP,WE,Towers with Radar,1350,492,30,1,1873,0,0,8,20,28,1350,492,38,21,1901,0,0,0,1901
08/02/2006,LAX,CA,AWP,WE,Towers with Radar,1315,486,41,0,1842,0,29,8,12,49,1315,515,49,12,1891,0,0,0,1891
08/03/2006,LAX,CA,AWP,WE,Towers with Radar,1362,534,33,2,1931,0,0,12,12,24,1362,534,45,14,1955,0,0,0,1955
08/04/2006,LAX,CA,AWP,WE,Towers with Radar,1402,497,34,0,1933,0,0,5,4,9,1402,497,39,4,1942,0,0,0,1942
08/05/2006,LAX,CA,AWP,WE,Towers with Radar,1284,459,33,1,1777,0,0,2,9,11,1284,459,35,10,1788,0,0,0,1788
08/06/2006,LAX,CA,AWP,WE,Towers with Radar,1326,480,44,0,1850,0,0,1,3,4,1326,480,45,3,1854,0,0,0,1854
08/07/2006,LAX,CA,AWP,WE,Towers with Radar,1342,441,26,0,1809,0,0,12,2,14,1342,441,38,2,1823,0,0,0,1823
08/08/2006,LAX,CA,AWP,WE,Towers with Radar,1343,488,55,0,1886,0,0,4,6,10,1343,488,59,6,1896,0,0,0,1896
08/09/2006,LAX,CA,AWP,WE,Towers with Radar,1347,504,46,0,1897,0,24,3,17,44,1347,528,49,17,1941,0,0,0,1941
08/10/2006,LAX,CA,AWP,WE,Towers with Radar,1352,497,39,1,1889,0,0,1,8,9,1352,497,40,9,1898,0,0,0,1898
08/11/2006,LAX,CA,AWP,WE,Towers with Radar,1395,547,34,2,1978,0,0,1,5,6,1395,547,35,7,1984,0,0,0,1984
08/12/2006,LAX,CA,AWP,WE,Towers with Radar,1254,491,30,2,1777,0,0,5,6,11,1254,491,35,8,1788,0,0,0,1788
08/13/2006,LAX,CA,AWP,WE,Towers with Radar,1318,473,58,1,1850,0,0,18,4,22,1318,473,76,5,1872,0,0,0,1872
08/14/2006,LAX,CA,AWP,WE,Towers with Radar,1361,488,39,0,1888,0,0,10,5,15,1361,488,49,5,1903,0,0,0,1903
08/15/2006,LAX,CA,AWP,WE,Towers with Radar,1351,498,42,0,1891,0,0,7,4,11,1351,498,49,4,1902,0,0,0,1902
08/16/2006,LAX,CA,AWP,WE,Towers with Radar,1343,499,37,0,1879,0,27,0,4,31,1343,526,37,4,1910,0,0,0,1910
08/17/2006,LAX,CA,AWP,WE,Towers with Radar,1360,506,33,3,1902,0,27,0,8,35,1360,533,33,11,1937,0,0,0,1937
08/18/2006,LAX,CA,AWP,WE,Towers with Radar,1365,504,58,2,1929,0,0,3,5,8,1365,504,61,7,1937,0,0,0,1937
08/19/2006,LAX,CA,AWP,WE,Towers with Radar,1269,452,36,0,1757,0,0,7,3,10,1269,452,43,3,1767,0,0,0,1767
08/20/2006,LAX,CA,AWP,WE,Towers with Radar,1314,472,36,1,1823,0,0,18,1,19,1314,472,54,2,1842,0,0,0,1842
08/21/2006,LAX,CA,AWP,WE,Towers with Radar,1329,521,32,2,1884,0,0,16,6,22,1329,521,48,8,1906,0,0,0,1906
08/22/2006,LAX,CA,AWP,WE,Towers with Radar,1325,475,21,3,1824,0,0,11,14,25,1325,475,32,17,1849,0,0,0,1849
08/23/2006,LAX,CA,AWP,WE,Towers with Radar,1329,499,26,3,1857,0,22,13,3,38,1329,521,39,6,1895,0,0,0,1895
08/24/2006,LAX,CA,AWP,WE,Towers with Radar,1346,485,38,1,1870,0,0,0,5,5,1346,485,38,6,1875,0,0,0,1875
08/25/2006,LAX,CA,AWP,WE,Towers with Radar,1346,468,48,2,1864,0,0,0,0,0,1346,468,48,2,1864,0,0,0,1864
08/26/2006,LAX,CA,AWP,WE,Towers with Radar,1254,436,29,1,1720,0,0,0,0,0,1254,436,29,1,1720,0,0,0,1720
08/27/2006,LAX,CA,AWP,WE,Towers with Radar,1323,480,43,0,1846,0,0,6,3,9,1323,480,49,3,1855,0,0,0,1855
08/28/2006,LAX,CA,AWP,WE,Towers with Radar,1371,498,31,0,1900,0,0,10,2,12,1371,498,41,2,1912,0,0,0,1912
08/29/2006,LAX,CA,AWP,WE,Towers with Radar,1323,482,27,1,1833,0,0,7,1,8,1323,482,34,2,1841,0,0,0,1841
08/30/2006,LAX,CA,AWP,WE,Towers with Radar,1349,509,27,0,1885,0,0,8,2,10,1349,509,35,2,1895,0,0,0,1895
08/31/2006,LAX,CA,AWP,WE,Towers with Radar,1349,492,55,1,1897,0,0,3,0,3,1349,492,58,1,1900,0,0,0,1900
09/01/2006,LAX,CA,AWP,WE,Towers with Radar,1347,483,34,1,1865,0,0,2,1,3,1347,483,36,2,1868,0,0,0,1868
09/02/2006,LAX,CA,AWP,WE,Towers with Radar,1237,413,30,0,1680,0,0,3,3,6,1237,413,33,3,1686,0,0,0,1686
09/03/2006,LAX,CA,AWP,WE,Towers with Radar,1182,375,23,0,1580,0,0,5,2,7,1182,375,28,2,1587,0,0,0,1587
09/04/2006,LAX,CA,AWP,WE,Towers with Radar,1280,502,31,2,1815,0,0,19,4,23,1280,502,50,6,1838,0,0,0,1838
09/05/2006,LAX,CA,AWP,WE,Towers with Radar,1286,479,26,2,1793,0,0,13,5,18,1286,479,39,7,1811,0,0,0,1811
09/06/2006,LAX,CA,AWP,WE,Towers with Radar,1275,480,20,0,1775,0,20,13,8,41,1275,500,33,8,1816,0,0,0,1816
09/07/2006,LAX,CA,AWP,WE,Towers with Radar,1335,523,32,2,1892,0,0,7,10,17,1335,523,39,12,1909,0,0,0,1909
09/08/2006,LAX,CA,AWP,WE,Towers with Radar,1307,491,45,1,1844,0,0,25,14,39,1307,491,70,15,1883,0,0,0,1883
09/09/2006,LAX,CA,AWP,WE,Towers with Radar,1199,426,23,1,1649,0,0,3,0,3,1199,426,26,1,1652,0,0,0,1652
09/10/2006,LAX,CA,AWP,WE,Towers with Radar,1252,490,30,2,1774,0,0,7,0,7,1252,490,37,2,1781,0,0,0,1781
09/11/2006,LAX,CA,AWP,WE,Towers with Radar,1279,448,49,0,1776,0,0,10,2,12,1279,448,59,2,1788,0,0,0,1788
09/12/2006,LAX,CA,AWP,WE,Towers with Radar,1235,466,48,1,1750,0,0,24,30,54,1235,466,72,31,1804,0,0,0,1804
09/13/2006,LAX,CA,AWP,WE,Towers with Radar,1314,496,35,4,1849,14,25,0,2,41,1328,521,35,6,1890,0,0,0,1890
09/14/2006,LAX,CA,AWP,WE,Towers with Radar,1305,511,31,2,1849,0,0,8,8,16,1305,511,39,10,1865,0,0,0,1865
09/15/2006,LAX,CA,AWP,WE,Towers with Radar,1326,493,42,3,1864,0,0,3,8,11,1326,493,45,11,1875,0,0,0,1875
09/16/2006,LAX,CA,AWP,WE,Towers with Radar,1162,421,44,0,1627,0,0,9,0,9,1162,421,53,0,1636,0,0,0,1636
09/17/2006,LAX,CA,AWP,WE,Towers with Radar,1237,475,41,1,1754,0,0,6,3,9,1237,475,47,4,1763,0,0,0,1763
09/18/2006,LAX,CA,AWP,WE,Towers with Radar,1262,472,29,0,1763,0,0,10,4,14,1262,472,39,4,1777,0,0,0,1777
09/19/2006,LAX,CA,AWP,WE,Towers with Radar,1248,500,35,0,1783,0,0,4,0,4,1248,500,39,0,1787,0,0,0,1787
09/20/2006,LAX,CA,AWP,WE,Towers with Radar,1296,496,47,0,1839,0,0,4,7,11,1296,496,51,7,1850,0,0,0,1850
09/21/2006,LAX,CA,AWP,WE,Towers with Radar,1297,488,44,0,1829,0,0,2,14,16,1297,488,46,14,1845,0,0,0,1845
09/22/2006,LAX,CA,AWP,WE,Towers with Radar,1312,503,42,1,1858,0,0,0,12,12,1312,503,42,13,1870,0,0,0,1870
09/23/2006,LAX,CA,AWP,WE,Towers with Radar,1189,416,15,3,1623,0,0,2,3,5,1189,416,17,6,1628,0,0,0,1628
09/24/2006,LAX,CA,AWP,WE,Towers with Radar,1232,465,37,1,1735,0,0,7,2,9,1232,465,44,3,1744,0,0,0,1744
09/25/2006,LAX,CA,AWP,WE,Towers with Radar,1299,473,39,0,1811,0,0,26,7,33,1299,473,65,7,1844,0,0,0,1844
09/26/2006,LAX,CA,AWP,WE,Towers with Radar,1242,481,51,2,1776,11,10,12,20,53,1253,491,63,22,1829,0,0,0,1829
09/27/2006,LAX,CA,AWP,WE,Towers with Radar,1304,481,33,0,1818,0,30,0,4,34,1304,511,33,4,1852,0,0,0,1852
09/28/2006,LAX,CA,AWP,WE,Towers with Radar,1287,505,31,2,1825,0,0,12,6,18,1287,505,43,8,1843,0,0,0,1843
09/29/2006,LAX,CA,AWP,WE,Towers with Radar,1296,484,29,1,1810,0,0,12,4,16,1296,484,41,5,1826,0,0,0,1826
09/30/2006,LAX,CA,AWP,WE,Towers with Radar,1168,410,32,1,1611,0,0,34,12,46,1168,410,66,13,1657,0,0,0,1657
10/01/2006,LAX,CA,AWP,WE,Towers with Radar,1247,470,48,0,1765,0,0,5,5,10,1247,470,53,5,1775,0,0,0,1775
10/02/2006,LAX,CA,AWP,WE,Towers with Radar,1286,482,27,1,1796,0,0,8,8,16,1286,482,35,9,1812,0,0,0,1812
10/03/2006,LAX,CA,AWP,WE,Towers with Radar,1271,474,30,1,1776,0,0,6,18,24,1271,474,36,19,1800,0,0,0,1800
10/04/2006,LAX,CA,AWP,WE,Towers with Radar,1302,493,34,2,1831,0,17,0,6,23,1302,510,34,8,1854,0,0,0,1854
10/05/2006,LAX,CA,AWP,WE,Towers with Radar,1316,516,32,2,1866,0,0,2,10,12,1316,516,34,12,1878,0,0,0,1878
10/06/2006,LAX,CA,AWP,WE,Towers with Radar,1306,474,38,0,1818,0,0,5,9,14,1306,474,43,9,1832,0,0,0,1832
10/07/2006,LAX,CA,AWP,WE,Towers with Radar,1237,436,24,0,1697,0,0,6,0,6,1237,436,30,0,1703,0,0,0,1703
10/08/2006,LAX,CA,AWP,WE,Towers with Radar,1236,466,36,0,1738,0,0,2,4,6,1236,466,38,4,1744,0,0,0,1744
10/09/2006,LAX,CA,AWP,WE,Towers with Radar,1287,479,49,0,1815,0,0,4,0,4,1287,479,53,0,1819,0,0,0,1819
10/10/2006,LAX,CA,AWP,WE,Towers with Radar,1249,493,38,0,1780,10,0,5,9,24,1259,493,43,9,1804,0,0,0,1804
10/11/2006,LAX,CA,AWP,WE,Towers with Radar,1283,487,29,0,1799,0,16,8,4,28,1283,503,37,4,1827,0,0,0,1827
10/12/2006,LAX,CA,AWP,WE,Towers with Radar,1323,518,32,2,1875,0,0,16,10,26,1323,518,48,12,1901,0,0,0,1901
10/13/2006,LAX,CA,AWP,WE,Towers with Radar,1314,475,47,0,1836,0,0,2,13,15,1314,475,49,13,1851,0,0,0,1851
10/14/2006,LAX,CA,AWP,WE,Towers with Radar,1181,387,30,1,1599,0,0,3,4,7,1181,387,33,5,1606,0,0,0,1606
10/15/2006,LAX,CA,AWP,WE,Towers with Radar,1229,465,42,0,1736,0,0,3,2,5,1229,465,45,2,1741,0,0,0,1741
10/16/2006,LAX,CA,AWP,WE,Towers with Radar,1364,371,34,0,1769,0,0,13,22,35,1364,371,47,22,1804,0,0,0,1804
10/17/2006,LAX,CA,AWP,WE,Towers with Radar,1279,480,45,1,1805,0,0,24,4,28,1279,480,69,5,1833,0,0,0,1833
10/18/2006,LAX,CA,AWP,WE,Towers with Radar,1295,473,31,1,1800,0,35,0,10,45,1295,508,31,11,1845,0,0,0,1845
10/19/2006,LAX,CA,AWP,WE,Towers with Radar,1324,519,32,2,1877,0,0,12,19,31,1324,519,44,21,1908,0,0,0,1908
10/20/2006,LAX,CA,AWP,WE,Towers with Radar,1288,475,42,1,1806,0,0,8,10,18,1288,475,50,11,1824,0,0,0,1824
10/21/2006,LAX,CA,AWP,WE,Towers with Radar,1183,415,29,1,1628,0,0,0,5,5,1183,415,29,6,1633,0,0,0,1633
10/22/2006,LAX,CA,AWP,WE,Towers with Radar,1248,429,36,0,1713,0,0,1,0,1,1248,429,37,0,1714,0,0,0,1714
10/23/2006,LAX,CA,AWP,WE,Towers with Radar,1289,476,35,1,1801,0,0,13,1,14,1289,476,48,2,1815,0,0,0,1815
10/24/2006,LAX,CA,AWP,WE,Towers with Radar,1260,479,51,0,1790,0,0,18,2,20,1260,479,69,2,1810,0,0,0,1810
10/25/2006,LAX,CA,AWP,WE,Towers with Radar,1333,507,32,3,1875,9,19,0,7,35,1342,526,32,10,1910,0,0,0,1910
10/26/2006,LAX,CA,AWP,WE,Towers with Radar,1296,508,31,2,1837,0,0,2,6,8,1296,508,33,8,1845,0,0,0,1845
10/27/2006,LAX,CA,AWP,WE,Towers with Radar,1318,498,33,4,1853,0,0,9,6,15,1318,498,42,10,1868,0,0,0,1868
10/28/2006,LAX,CA,AWP,WE,Towers with Radar,1174,419,20,2,1615,0,0,4,6,10,1174,419,24,8,1625,0,0,0,1625
10/29/2006,LAX,CA,AWP,WE,Towers with Radar,1249,479,72,1,1801,0,0,2,5,7,1249,479,74,6,1808,0,0,0,1808
10/30/2006,LAX,CA,AWP,WE,Towers with Radar,1256,492,30,2,1780,0,0,6,6,12,1256,492,36,8,1792,0,0,0,1792
10/31/2006,LAX,CA,AWP,WE,Towers with Radar,1250,490,30,2,1772,0,0,8,5,13,1250,490,38,7,1785,0,0,0,1785
11/01/2006,LAX,CA,AWP,WE,Towers with Radar,1258,524,32,2,1816,0,1,4,4,9,1258,525,36,6,1825,0,0,0,1825
11/02/2006,LAX,CA,AWP,WE,Towers with Radar,1287,504,31,2,1824,0,0,6,2,8,1287,504,37,4,1832,0,0,0,1832
11/03/2006,LAX,CA,AWP,WE,Towers with Radar,1303,493,49,2,1847,0,0,4,1,5,1303,493,53,3,1852,0,0,0,1852
11/04/2006,LAX,CA,AWP,WE,Towers with Radar,1205,395,23,0,1623,0,0,0,2,2,1205,395,23,2,1625,0,0,0,1625
11/05/2006,LAX,CA,AWP,WE,Towers with Radar,1238,458,38,0,1734,0,0,4,3,7,1238,458,42,3,1741,0,0,0,1741
11/06/2006,LAX,CA,AWP,WE,Towers with Radar,1276,470,28,0,1774,0,0,6,8,14,1276,470,34,8,1788,0,0,0,1788
11/07/2006,LAX,CA,AWP,WE,Towers with Radar,1218,428,31,2,1679,0,49,0,5,54,1218,477,31,7,1733,0,0,0,1733
11/08/2006,LAX,CA,AWP,WE,Towers with Radar,1301,487,34,2,1824,0,23,0,8,31,1301,510,34,10,1855,0,0,0,1855
11/09/2006,LAX,CA,AWP,WE,Towers with Radar,1317,516,32,2,1867,0,0,2,12,14,1317,516,34,14,1881,0,0,0,1881
11/10/2006,LAX,CA,AWP,WE,Towers with Radar,1296,504,40,0,1840,0,0,2,9,11,1296,504,42,9,1851,0,0,0,1851
11/11/2006,LAX,CA,AWP,WE,Towers with Radar,1235,354,41,2,1632,0,0,3,3,6,1235,354,44,5,1638,0,0,0,1638
11/12/2006,LAX,CA,AWP,WE,Towers with Radar,1233,451,55,0,1739,0,0,0,3,3,1233,451,55,3,1742,0,0,0,1742
11/13/2006,LAX,CA,AWP,WE,Towers with Radar,1261,476,45,0,1782,0,0,12,4,16,1261,476,57,4,1798,0,0,0,1798
11/14/2006,LAX,CA,AWP,WE,Towers with Radar,1226,465,54,8,1753,0,0,2,15,17,1226,465,56,23,1770,0,0,0,1770
11/15/2006,LAX,CA,AWP,WE,Towers with Radar,1265,500,44,0,1809,0,0,10,10,20,1265,500,54,10,1829,0,0,0,1829
11/16/2006,LAX,CA,AWP,WE,Towers with Radar,1321,518,32,2,1873,0,0,12,10,22,1321,518,44,12,1895,0,0,0,1895
11/17/2006,LAX,CA,AWP,WE,Towers with Radar,1337,492,91,3,1923,0,0,4,6,10,1337,492,95,9,1933,0,0,0,1933
11/18/2006,LAX,CA,AWP,WE,Towers with Radar,0,0,0,0,0,1191,362,43,4,1600,1191,362,43,4,1600,0,0,0,1600
11/19/2006,LAX,CA,AWP,WE,Towers with Radar,1284,452,43,0,1779,0,0,2,0,2,1284,452,45,0,1781,0,0,0,1781
11/20/2006,LAX,CA,AWP,WE,Towers with Radar,1308,446,35,2,1791,0,0,15,6,21,1308,446,50,8,1812,0,0,0,1812
11/21/2006,LAX,CA,AWP,WE,Towers with Radar,1311,486,42,1,1840,0,0,7,8,15,1311,486,49,9,1855,0,0,0,1855
11/22/2006,LAX,CA,AWP,WE,Towers with Radar,1312,483,41,2,1838,0,31,0,6,37,1312,514,41,8,1875,0,0,0,1875
11/23/2006,LAX,CA,AWP,WE,Towers with Radar,1031,404,25,2,1462,0,0,0,2,2,1031,404,25,4,1464,0,0,0,1464
11/24/2006,LAX,CA,AWP,WE,Towers with Radar,1145,340,30,0,1515,0,0,2,4,6,1145,340,32,4,1521,0,0,0,1521
11/25/2006,LAX,CA,AWP,WE,Towers with Radar,1234,452,45,1,1732,0,0,6,3,9,1234,452,51,4,1741,0,0,0,1741
11/26/2006,LAX,CA,AWP,WE,Towers with Radar,1298,479,83,0,1860,0,0,6,2,8,1298,479,89,2,1868,0,0,0,1868
11/27/2006,LAX,CA,AWP,WE,Towers with Radar,1312,493,41,0,1846,0,0,0,0,0,1312,493,41,0,1846,0,0,0,1846
11/28/2006,LAX,CA,AWP,WE,Towers with Radar,1279,472,46,2,1799,0,0,13,15,28,1279,472,59,17,1827,0,0,0,1827
11/29/2006,LAX,CA,AWP,WE,Towers with Radar,1267,482,39,0,1788,0,15,2,8,25,1267,497,41,8,1813,0,0,0,1813
11/30/2006,LAX,CA,AWP,WE,Towers with Radar,1298,509,31,2,1840,0,0,8,15,23,1298,509,39,17,1863,0,0,0,1863
12/01/2006,LAX,CA,AWP,WE,Towers with Radar,1272,490,60,0,1822,0,0,4,5,9,1272,490,64,5,1831,0,0,0,1831
12/02/2006,LAX,CA,AWP,WE,Towers with Radar,1191,392,14,1,1598,0,0,2,1,3,1191,392,16,2,1601,0,0,0,1601
12/03/2006,LAX,CA,AWP,WE,Towers with Radar,1224,450,34,1,1709,0,0,5,3,8,1224,450,39,4,1717,0,0,0,1717
12/04/2006,LAX,CA,AWP,WE,Towers with Radar,1269,467,49,2,1787,0,0,12,11,23,1269,467,61,13,1810,0,0,0,1810
12/05/2006,LAX,CA,AWP,WE,Towers with Radar,1260,478,42,0,1780,0,0,10,4,14,1260,478,52,4,1794,0,0,0,1794
12/06/2006,LAX,CA,AWP,WE,Towers with Radar,1285,478,39,2,1804,0,25,0,3,28,1285,503,39,5,1832,0,0,0,1832
12/07/2006,LAX,CA,AWP,WE,Towers with Radar,1295,508,31,2,1836,0,0,6,4,10,1295,508,37,6,1846,0,0,0,1846
12/08/2006,LAX,CA,AWP,WE,Towers with Radar,1302,485,44,2,1833,0,0,6,11,17,1302,485,50,13,1850,0,0,0,1850
12/09/2006,LAX,CA,AWP,WE,Towers with Radar,1206,393,36,0,1635,0,0,6,1,7,1206,393,42,1,1642,0,0,0,1642
12/10/2006,LAX,CA,AWP,WE,Towers with Radar,1243,451,44,1,1739,0,0,2,1,3,1243,451,46,2,1742,0,0,0,1742
12/11/2006,LAX,CA,AWP,WE,Towers with Radar,1255,463,43,0,1761,0,0,7,2,9,1255,463,50,2,1770,0,0,0,1770
12/12/2006,LAX,CA,AWP,WE,Towers with Radar,1283,503,31,2,1819,0,0,8,9,17,1283,503,39,11,1836,0,0,0,1836
12/13/2006,LAX,CA,AWP,WE,Towers with Radar,1304,511,31,2,1848,0,0,6,12,18,1304,511,37,14,1866,0,0,0,1866
12/14/2006,LAX,CA,AWP,WE,Towers with Radar,1323,519,32,2,1876,0,0,3,2,5,1323,519,35,4,1881,0,0,0,1881
12/15/2006,LAX,CA,AWP,WE,Towers with Radar,1341,436,38,0,1815,0,0,2,0,2,1341,436,40,0,1817,0,0,0,1817
12/16/2006,LAX,CA,AWP,WE,Towers with Radar,1289,490,20,0,1799,0,0,0,0,0,1289,490,20,0,1799,0,0,0,1799
12/17/2006,LAX,CA,AWP,WE,Towers with Radar,1291,502,20,0,1813,0,0,3,0,3,1291,502,23,0,1816,0,0,0,1816
12/18/2006,LAX,CA,AWP,WE,Towers with Radar,1307,504,30,0,1841,0,0,22,4,26,1307,504,52,4,1867,0,0,0,1867
12/19/2006,LAX,CA,AWP,WE,Towers with Radar,1324,527,39,0,1890,0,0,1,10,11,1324,527,40,10,1901,0,0,0,1901
12/20/2006,LAX,CA,AWP,WE,Towers with Radar,1354,525,32,1,1912,0,0,0,2,2,1354,525,32,3,1914,0,0,0,1914
12/21/2006,LAX,CA,AWP,WE,Towers with Radar,1364,535,33,2,1934,0,0,0,0,0,1364,535,33,2,1934,0,0,0,1934
12/22/2006,LAX,CA,AWP,WE,Towers with Radar,1316,508,56,1,1881,0,0,6,3,9,1316,508,62,4,1890,0,0,0,1890
12/23/2006,LAX,CA,AWP,WE,Towers with Radar,1268,510,34,0,1812,0,0,1,1,2,1268,510,35,1,1814,0,0,0,1814
12/24/2006,LAX,CA,AWP,WE,Towers with Radar,1184,442,15,0,1641,0,0,3,0,3,1184,442,18,0,1644,0,0,0,1644
12/25/2006,LAX,CA,AWP,WE,Towers with Radar,1148,449,11,0,1608,0,0,2,2,4,1148,449,13,2,1612,0,0,0,1612
12/26/2006,LAX,CA,AWP,WE,Towers with Radar,1254,506,38,0,1798,0,2,5,1,8,1254,508,43,1,1806,146,4,150,1956
12/27/2006,LAX,CA,AWP,WE,Towers with Radar,1345,527,32,0,1904,0,0,0,4,4,1345,527,32,4,1908,0,0,0,1908
12/28/2006,LAX,CA,AWP,WE,Towers with Radar,1335,523,32,2,1892,0,0,7,6,13,1335,523,39,8,1905,0,0,0,1905
12/29/2006,LAX,CA,AWP,WE,Towers with Radar,1318,516,32,2,1868,0,0,10,10,20,1318,516,42,12,1888,0,0,0,1888
12/30/2006,LAX,CA,AWP,WE,Towers with Radar,1249,477,31,0,1757,0,0,7,6,13,1249,477,38,6,1770,0,0,0,1770
12/31/2006,LAX,CA,AWP,WE,Towers with Radar,1166,453,24,2,1645,0,0,0,0,0,1166,453,24,2,1645,0,0,0,1645
01/01/2007,LAX,CA,AWP,WE,Towers with Radar,1231,509,40,1,1781,0,0,2,2,4,1231,509,42,3,1785,0,0,0,1785
01/02/2007,LAX,CA,AWP,WE,Towers with Radar,1307,531,51,0,1889,0,1,2,7,10,1307,532,53,7,1899,0,0,0,1899
01/03/2007,LAX,CA,AWP,WE,Towers with Radar,1290,507,35,0,1832,14,4,0,7,25,1304,511,35,7,1857,0,0,0,1857
01/04/2007,LAX,CA,AWP,WE,Towers with Radar,1295,511,34,1,1841,9,0,0,3,12,1304,511,34,4,1853,0,0,0,1853
01/05/2007,LAX,CA,AWP,WE,Towers with Radar,1320,515,40,0,1875,0,0,0,3,3,1320,515,40,3,1878,0,0,0,1878
01/06/2007,LAX,CA,AWP,WE,Towers with Radar,1249,480,43,0,1772,0,0,6,2,8,1249,480,49,2,1780,0,0,0,1780
01/07/2007,LAX,CA,AWP,WE,Towers with Radar,1238,498,38,1,1775,0,0,2,4,6,1238,498,40,5,1781,0,0,0,1781
01/08/2007,LAX,CA,AWP,WE,Towers with Radar,1258,498,36,0,1792,0,0,29,0,29,1258,498,65,0,1821,0,0,0,1821
01/09/2007,LAX,CA,AWP,WE,Towers with Radar,1245,516,40,0,1801,0,4,22,13,39,1245,520,62,13,1840,0,0,0,1840
01/10/2007,LAX,CA,AWP,WE,Towers with Radar,1255,500,33,2,1790,23,0,0,6,29,1278,500,33,8,1819,0,0,0,1819
01/11/2007,LAX,CA,AWP,WE,Towers with Radar,1280,509,41,2,1832,0,0,15,5,20,1280,509,56,7,1852,0,0,0,1852
01/12/2007,LAX,CA,AWP,WE,Towers with Radar,1261,518,39,1,1819,0,0,2,5,7,1261,518,41,6,1826,0,0,0,1826
01/13/2007,LAX,CA,AWP,WE,Towers with Radar,1147,447,38,0,1632,0,0,4,2,6,1147,447,42,2,1638,0,0,0,1638
01/14/2007,LAX,CA,AWP,WE,Towers with Radar,1172,481,41,2,1696,0,0,4,0,4,1172,481,45,2,1700,0,0,0,1700
01/15/2007,LAX,CA,AWP,WE,Towers with Radar,1237,496,59,3,1795,0,0,8,2,10,1237,496,67,5,1805,0,0,0,1805
01/16/2007,LAX,CA,AWP,WE,Towers with Radar,1216,490,44,16,1766,33,0,0,0,33,1249,490,44,16,1799,0,0,0,1799
01/17/2007,LAX,CA,AWP,WE,Towers with Radar,1222,513,50,1,1786,0,0,1,7,8,1222,513,51,8,1794,0,0,0,1794
01/18/2007,LAX,CA,AWP,WE,Towers with Radar,1319,517,32,2,1870,0,0,2,6,8,1319,517,34,8,1878,0,0,0,1878
01/19/2007,LAX,CA,AWP,WE,Towers with Radar,1256,494,46,1,1797,0,0,8,7,15,1256,494,54,8,1812,0,0,0,1812
01/20/2007,LAX,CA,AWP,WE,Towers with Radar,1150,449,56,0,1655,0,0,5,6,11,1150,449,61,6,1666,0,0,0,1666
01/21/2007,LAX,CA,AWP,WE,Towers with Radar,1209,487,45,1,1742,0,0,4,2,6,1209,487,49,3,1748,0,0,0,1748
01/22/2007,LAX,CA,AWP,WE,Towers with Radar,1264,509,46,0,1819,0,0,14,6,20,1264,509,60,6,1839,0,0,0,1839
01/23/2007,LAX,CA,AWP,WE,Towers with Radar,1239,520,39,0,1798,0,0,8,4,12,1239,520,47,4,1810,0,0,0,1810
01/24/2007,LAX,CA,AWP,WE,Towers with Radar,1260,508,37,0,1805,35,0,1,5,41,1295,508,38,5,1846,0,0,0,1846
01/25/2007,LAX,CA,AWP,WE,Towers with Radar,1290,506,31,2,1829,0,0,6,8,14,1290,506,37,10,1843,0,0,0,1843
01/26/2007,LAX,CA,AWP,WE,Towers with Radar,1270,519,48,3,1840,0,0,3,4,7,1270,519,51,7,1847,0,0,0,1847
01/27/2007,LAX,CA,AWP,WE,Towers with Radar,1153,452,28,2,1635,0,0,8,4,12,1153,452,36,6,1647,0,0,0,1647
01/28/2007,LAX,CA,AWP,WE,Towers with Radar,1207,492,32,0,1731,0,0,0,2,2,1207,492,32,2,1733,0,0,0,1733
01/29/2007,LAX,CA,AWP,WE,Towers with Radar,1253,509,34,0,1796,0,0,19,8,27,1253,509,53,8,1823,0,0,0,1823
01/30/2007,LAX,CA,AWP,WE,Towers with Radar,1247,488,30,2,1767,0,0,8,4,12,1247,488,38,6,1779,0,0,0,1779
01/31/2007,LAX,CA,AWP,WE,Towers with Radar,1237,501,35,0,1773,42,0,0,6,48,1279,501,35,6,1821,0,0,0,1821
02/01/2007,LAX,CA,AWP,WE,Towers with Radar,1249,522,39,0,1810,0,0,4,4,8,1249,522,43,4,1818,0,0,0,1818
02/02/2007,LAX,CA,AWP,WE,Towers with Radar,1276,515,48,3,1842,0,0,7,8,15,1276,515,55,11,1857,0,0,0,1857
02/03/2007,LAX,CA,AWP,WE,Towers with Radar,1154,447,29,1,1631,0,0,5,7,12,1154,447,34,8,1643,0,0,0,1643
02/04/2007,LAX,CA,AWP,WE,Towers with Radar,1172,479,18,2,1671,0,0,2,2,4,1172,479,20,4,1675,0,0,0,1675
02/05/2007,LAX,CA,AWP,WE,Towers with Radar,1227,493,41,0,1761,0,0,1,5,6,1227,493,42,5,1767,0,0,0,1767
02/06/2007,LAX,CA,AWP,WE,Towers with Radar,1190,475,34,0,1699,22,0,0,9,31,1212,475,34,9,1730,0,0,0,1730
02/07/2007,LAX,CA,AWP,WE,Towers with Radar,1226,494,35,0,1755,35,0,0,7,42,1261,494,35,7,1797,0,0,0,1797
02/08/2007,LAX,CA,AWP,WE,Towers with Radar,1266,496,31,2,1795,0,0,2,8,10,1266,496,33,10,1805,0,0,0,1805
02/09/2007,LAX,CA,AWP,WE,Towers with Radar,1294,530,32,0,1856,0,0,12,10,22,1294,530,44,10,1878,0,0,0,1878
02/10/2007,LAX,CA,AWP,WE,Towers with Radar,1157,458,32,0,1647,0,0,5,1,6,1157,458,37,1,1653,0,0,0,1653
02/11/2007,LAX,CA,AWP,WE,Towers with Radar,1223,493,58,0,1774,0,0,1,1,2,1223,493,59,1,1776,0,0,0,1776
02/12/2007,LAX,CA,AWP,WE,Towers with Radar,1247,506,44,1,1798,0,0,8,3,11,1247,506,52,4,1809,0,0,0,1809
02/13/2007,LAX,CA,AWP,WE,Towers with Radar,1227,481,30,2,1740,0,0,6,8,14,1227,481,36,10,1754,0,0,0,1754
02/14/2007,LAX,CA,AWP,WE,Towers with Radar,1173,484,44,1,1702,62,0,0,6,68,1235,484,44,7,1770,0,0,0,1770
02/15/2007,LAX,CA,AWP,WE,Towers with Radar,1352,530,33,2,1917,0,0,6,2,8,1352,530,39,4,1925,0,0,0,1925
02/16/2007,LAX,CA,AWP,WE,Towers with Radar,1315,538,74,0,1927,0,0,0,0,0,1315,538,74,0,1927,0,0,0,1927
02/17/2007,LAX,CA,AWP,WE,Towers with Radar,1183,485,26,0,1694,0,0,0,0,0,1183,485,26,0,1694,0,0,0,1694
02/18/2007,LAX,CA,AWP,WE,Towers with Radar,1213,521,42,1,1777,0,0,3,2,5,1213,521,45,3,1782,0,0,0,1782
02/19/2007,LAX,CA,AWP,WE,Towers with Radar,1266,512,68,3,1849,0,0,4,3,7,1266,512,72,6,1856,0,0,0,1856
02/20/2007,LAX,CA,AWP,WE,Towers with Radar,1287,521,59,0,1867,0,0,12,10,22,1287,521,71,10,1889,0,0,0,1889
02/21/2007,LAX,CA,AWP,WE,Towers with Radar,1231,524,32,0,1787,105,0,0,2,107,1336,524,32,2,1894,0,0,0,1894
02/22/2007,LAX,CA,AWP,WE,Towers with Radar,1328,520,32,2,1882,0,0,8,4,12,1328,520,40,6,1894,0,0,0,1894
02/23/2007,LAX,CA,AWP,WE,Towers with Radar,1250,511,69,0,1830,0,0,0,2,2,1250,511,69,2,1832,0,0,0,1832
02/24/2007,LAX,CA,AWP,WE,Towers with Radar,1114,500,52,0,1666,0,0,14,3,17,1114,500,66,3,1683,0,0,0,1683
02/25/2007,LAX,CA,AWP,WE,Towers with Radar,1147,500,55,0,1702,0,0,1,3,4,1147,500,56,3,1706,0,0,0,1706
02/26/2007,LAX,CA,AWP,WE,Towers with Radar,1235,503,65,0,1803,0,0,4,11,15,1235,503,69,11,1818,0,0,0,1818
02/27/2007,LAX,CA,AWP,WE,Towers with Radar,1277,500,31,2,1810,0,0,2,8,10,1277,500,33,10,1820,0,0,0,1820
02/28/2007,LAX,CA,AWP,WE,Towers with Radar,1237,495,36,0,1768,27,0,0,4,31,1264,495,36,4,1799,0,0,0,1799
03/01/2007,LAX,CA,AWP,WE,Towers with Radar,1312,514,32,2,1860,0,0,26,14,40,1312,514,58,16,1900,0,0,0,1900
03/02/2007,LAX,CA,AWP,WE,Towers with Radar,1284,525,22,3,1834,0,0,6,15,21,1284,525,28,18,1855,0,0,0,1855
03/03/2007,LAX,CA,AWP,WE,Towers with Radar,1190,481,25,2,1698,0,0,11,2,13,1190,481,36,4,1711,0,0,0,1711
03/04/2007,LAX,CA,AWP,WE,Towers with Radar,1247,526,33,2,1808,0,0,6,0,6,1247,526,39,2,1814,0,0,0,1814
03/05/2007,LAX,CA,AWP,WE,Towers with Radar,1253,502,33,6,1794,0,0,8,4,12,1253,502,41,10,1806,0,0,0,1806
03/06/2007,LAX,CA,AWP,WE,Towers with Radar,1225,530,48,5,1808,0,0,0,0,0,1225,530,48,5,1808,0,0,0,1808
03/07/2007,LAX,CA,AWP,WE,Towers with Radar,1332,522,35,9,1898,0,0,0,0,0,1332,522,35,9,1898,0,0,0,1898
03/08/2007,LAX,CA,AWP,WE,Towers with Radar,1326,520,32,2,1880,0,0,10,10,20,1326,520,42,12,1900,0,0,0,1900
03/09/2007,LAX,CA,AWP,WE,Towers with Radar,1298,530,60,1,1889,0,0,7,8,15,1298,530,67,9,1904,0,0,0,1904
03/10/2007,LAX,CA,AWP,WE,Towers with Radar,1192,477,46,0,1715,0,0,3,2,5,1192,477,49,2,1720,0,0,0,1720
03/11/2007,LAX,CA,AWP,WE,Towers with Radar,1272,528,40,0,1840,0,0,6,1,7,1272,528,46,1,1847,0,0,0,1847
03/12/2007,LAX,CA,AWP,WE,Towers with Radar,1296,498,35,0,1829,0,0,4,1,5,1296,498,39,1,1834,0,0,0,1834
03/13/2007,LAX,CA,AWP,WE,Towers with Radar,1242,476,40,1,1759,0,0,11,6,17,1242,476,51,7,1776,0,0,0,1776
03/14/2007,LAX,CA,AWP,WE,Towers with Radar,1305,514,29,2,1850,8,0,4,5,17,1313,514,33,7,1867,0,0,0,1867
03/15/2007,LAX,CA,AWP,WE,Towers with Radar,1324,519,32,2,1877,0,0,0,3,3,1324,519,32,5,1880,0,0,0,1880
03/16/2007,LAX,CA,AWP,WE,Towers with Radar,1271,498,31,2,1802,0,0,0,0,0,1271,498,31,2,1802,0,0,0,1802
03/17/2007,LAX,CA,AWP,WE,Towers with Radar,1177,470,40,0,1687,0,0,2,1,3,1177,470,42,1,1690,0,0,0,1690
03/18/2007,LAX,CA,AWP,WE,Towers with Radar,1240,486,30,2,1758,0,0,0,1,1,1240,486,30,3,1759,0,0,0,1759
03/19/2007,LAX,CA,AWP,WE,Towers with Radar,1290,505,45,0,1840,0,0,7,1,8,1290,505,52,1,1848,0,0,0,1848
03/20/2007,LAX,CA,AWP,WE,Towers with Radar,1279,517,52,1,1849,0,0,7,6,13,1279,517,59,7,1862,0,0,0,1862
03/21/2007,LAX,CA,AWP,WE,Towers with Radar,1308,520,32,1,1861,19,0,0,1,20,1327,520,32,2,1881,0,0,0,1881
03/22/2007,LAX,CA,AWP,WE,Towers with Radar,1313,514,32,2,1861,0,0,6,7,13,1313,514,38,9,1874,0,0,0,1874
03/23/2007,LAX,CA,AWP,WE,Towers with Radar,1333,522,32,2,1889,0,0,6,3,9,1333,522,38,5,1898,0,0,0,1898
03/24/2007,LAX,CA,AWP,WE,Towers with Radar,1282,409,32,0,1723,0,0,3,2,5,1282,409,35,2,1728,0,0,0,1728
03/25/2007,LAX,CA,AWP,WE,Towers with Radar,1269,520,47,1,1837,0,0,1,1,2,1269,520,48,2,1839,0,0,0,1839
03/26/2007,LAX,CA,AWP,WE,Towers with Radar,1287,519,37,1,1844,0,0,0,3,3,1287,519,37,4,1847,0,0,0,1847
03/27/2007,LAX,CA,AWP,WE,Towers with Radar,1253,511,32,0,1796,43,0,0,8,51,1296,511,32,8,1847,0,0,0,1847
03/28/2007,LAX,CA,AWP,WE,Towers with Radar,1299,529,39,1,1868,50,0,0,4,54,1349,529,39,5,1922,0,0,0,1922
03/29/2007,LAX,CA,AWP,WE,Towers with Radar,1343,529,33,2,1907,0,0,18,18,36,1343,529,51,20,1943,0,0,0,1943
03/30/2007,LAX,CA,AWP,WE,Towers with Radar,1313,514,32,2,1861,0,0,16,3,19,1313,514,48,5,1880,0,0,0,1880
03/31/2007,LAX,CA,AWP,WE,Towers with Radar,1231,482,30,2,1745,0,0,0,0,0,1231,482,30,2,1745,0,0,0,1745
04/01/2007,LAX,CA,AWP,WE,Towers with Radar,1264,495,30,2,1791,0,0,4,9,13,1264,495,34,11,1804,0,0,0,1804
04/02/2007,LAX,CA,AWP,WE,Towers with Radar,1273,482,28,1,1784,0,0,6,0,6,1273,482,34,1,1790,0,0,0,1790
04/03/2007,LAX,CA,AWP,WE,Towers with Radar,0,0,0,0,0,1258,497,39,4,1798,1258,497,39,4,1798,0,0,0,1798
04/04/2007,LAX,CA,AWP,WE,Towers with Radar,1259,501,33,3,1796,19,0,0,19,38,1278,501,33,22,1834,0,0,0,1834
04/05/2007,LAX,CA,AWP,WE,Towers with Radar,1299,509,31,2,1841,0,0,0,5,5,1299,509,31,7,1846,0,0,0,1846
04/06/2007,LAX,CA,AWP,WE,Towers with Radar,1291,506,31,2,1830,0,0,4,3,7,1291,506,35,5,1837,0,0,0,1837
04/07/2007,LAX,CA,AWP,WE,Towers with Radar,1213,455,19,1,1688,0,0,3,1,4,1213,455,22,2,1692,0,0,0,1692
04/08/2007,LAX,CA,AWP,WE,Towers with Radar,1257,474,31,0,1762,0,0,2,2,4,1257,474,33,2,1766,0,0,0,1766
04/09/2007,LAX,CA,AWP,WE,Towers with Radar,1255,493,57,2,1807,0,0,4,5,9,1255,493,61,7,1816,0,0,0,1816
04/10/2007,LAX,CA,AWP,WE,Towers with Radar,1240,501,45,0,1786,0,0,16,11,27,1240,501,61,11,1813,0,0,0,1813
04/11/2007,LAX,CA,AWP,WE,Towers with Radar,1226,491,39,2,1758,26,0,0,12,38,1252,491,39,14,1796,0,0,0,1796
04/12/2007,LAX,CA,AWP,WE,Towers with Radar,1292,506,31,2,1831,0,0,9,16,25,1292,506,40,18,1856,0,0,0,1856
04/13/2007,LAX,CA,AWP,WE,Towers with Radar,1270,498,31,2,1801,0,0,11,2,13,1270,498,42,4,1814,0,0,0,1814
04/14/2007,LAX,CA,AWP,WE,Towers with Radar,1210,482,30,1,1723,0,0,5,1,6,1210,482,35,2,1729,0,0,0,1729
04/15/2007,LAX,CA,AWP,WE,Towers with Radar,1214,496,35,4,1749,0,0,4,1,5,1214,496,39,5,1754,0,0,0,1754
04/16/2007,LAX,CA,AWP,WE,Towers with Radar,1251,496,47,0,1794,0,0,4,5,9,1251,496,51,5,1803,0,0,0,1803
04/17/2007,LAX,CA,AWP,WE,Towers with Radar,1231,495,38,3,1767,31,0,0,1,32,1262,495,38,4,1799,0,0,0,1799
04/18/2007,LAX,CA,AWP,WE,Towers with Radar,1249,500,40,0,1789,27,0,3,3,33,1276,500,43,3,1822,0,0,0,1822
04/19/2007,LAX,CA,AWP,WE,Towers with Radar,1309,513,32,2,1856,0,0,10,10,20,1309,513,42,12,1876,0,0,0,1876
04/20/2007,LAX,CA,AWP,WE,Towers with Radar,1290,507,31,2,1830,0,0,2,2,4,1290,507,33,4,1834,0,0,0,1834
04/21/2007,LAX,CA,AWP,WE,Towers with Radar,1186,464,24,0,1674,0,0,1,2,3,1186,464,25,2,1677,0,0,0,1677
04/22/2007,LAX,CA,AWP,WE,Towers with Radar,1220,500,53,0,1773,0,0,3,0,3,1220,500,56,0,1776,0,0,0,1776
04/23/2007,LAX,CA,AWP,WE,Towers with Radar,1260,493,46,1,1800,0,0,12,8,20,1260,493,58,9,1820,0,0,0,1820
04/24/2007,LAX,CA,AWP,WE,Towers with Radar,1194,485,33,0,1712,43,0,0,9,52,1237,485,33,9,1764,0,0,0,1764
04/25/2007,LAX,CA,AWP,WE,Towers with Radar,1260,509,39,1,1809,38,0,0,1,39,1298,509,39,2,1848,0,0,0,1848
04/26/2007,LAX,CA,AWP,WE,Towers with Radar,1306,512,31,2,1851,0,0,26,8,34,1306,512,57,10,1885,0,0,0,1885
04/27/2007,LAX,CA,AWP,WE,Towers with Radar,1305,511,31,2,1849,0,0,7,1,8,1305,511,38,3,1857,0,0,0,1857
04/28/2007,LAX,CA,AWP,WE,Towers with Radar,1157,441,19,0,1617,0,0,0,0,0,1157,441,19,0,1617,0,0,0,1617
04/29/2007,LAX,CA,AWP,WE,Towers with Radar,1273,484,21,0,1778,0,0,5,2,7,1273,484,26,2,1785,0,0,0,1785
04/30/2007,LAX,CA,AWP,WE,Towers with Radar,1272,492,53,2,1819,0,0,11,6,17,1272,492,64,8,1836,0,0,0,1836
05/01/2007,LAX,CA,AWP,WE,Towers with Radar,1226,492,38,4,1760,28,0,0,3,31,1254,492,38,7,1791,0,0,0,1791
05/02/2007,LAX,CA,AWP,WE,Towers with Radar,1269,508,38,1,1816,28,0,0,7,35,1297,508,38,8,1851,0,0,0,1851
05/03/2007,LAX,CA,AWP,WE,Towers with Radar,1277,529,42,5,1853,0,0,0,9,9,1277,529,42,14,1862,0,0,0,1862
05/04/2007,LAX,CA,AWP,WE,Towers with Radar,1290,506,31,2,1829,0,0,6,6,12,1290,506,37,8,1841,0,0,0,1841
05/05/2007,LAX,CA,AWP,WE,Towers with Radar,1154,441,23,0,1618,0,0,4,5,9,1154,441,27,5,1627,0,0,0,1627
05/06/2007,LAX,CA,AWP,WE,Towers with Radar,1224,508,51,0,1783,0,0,4,2,6,1224,508,55,2,1789,0,0,0,1789
05/07/2007,LAX,CA,AWP,WE,Towers with Radar,1255,507,35,0,1797,0,0,11,12,23,1255,507,46,12,1820,0,0,0,1820
05/08/2007,LAX,CA,AWP,WE,Towers with Radar,1249,490,30,2,1771,0,0,10,6,16,1249,490,40,8,1787,0,0,0,1787
05/09/2007,LAX,CA,AWP,WE,Towers with Radar,1283,503,31,2,1819,0,0,7,8,15,1283,503,38,10,1834,0,0,0,1834
05/10/2007,LAX,CA,AWP,WE,Towers with Radar,1322,518,32,2,1874,0,0,24,3,27,1322,518,56,5,1901,0,0,0,1901
05/11/2007,LAX,CA,AWP,WE,Towers with Radar,1316,516,32,2,1866,0,0,3,4,7,1316,516,35,6,1873,0,0,0,1873
05/12/2007,LAX,CA,AWP,WE,Towers with Radar,1181,463,28,2,1674,0,0,2,0,2,1181,463,30,2,1676,0,0,0,1676
05/13/2007,LAX,CA,AWP,WE,Towers with Radar,1258,497,30,0,1785,0,0,5,2,7,1258,497,35,2,1792,0,0,0,1792
05/14/2007,LAX,CA,AWP,WE,Towers with Radar,1267,497,31,2,1797,0,0,3,0,3,1267,497,34,2,1800,0,0,0,1800
05/15/2007,LAX,CA,AWP,WE,Towers with Radar,1213,489,40,4,1746,35,0,0,24,59,1248,489,40,28,1805,0,0,0,1805
05/16/2007,LAX,CA,AWP,WE,Towers with Radar,1255,508,38,2,1803,42,0,0,10,52,1297,508,38,12,1855,0,0,0,1855
05/17/2007,LAX,CA,AWP,WE,Towers with Radar,1333,522,32,2,1889,0,0,5,3,8,1333,522,37,5,1897,0,0,0,1897
05/18/2007,LAX,CA,AWP,WE,Towers with Radar,1306,512,31,2,1851,0,0,10,0,10,1306,512,41,2,1861,0,0,0,1861
05/19/2007,LAX,CA,AWP,WE,Towers with Radar,1211,450,27,0,1688,0,0,10,0,10,1211,450,37,0,1698,0,0,0,1698
05/20/2007,LAX,CA,AWP,WE,Towers with Radar,1248,494,46,0,1788,0,0,0,1,1,1248,494,46,1,1789,0,0,0,1789
05/21/2007,LAX,CA,AWP,WE,Towers with Radar,1280,502,37,0,1819,0,0,3,3,6,1280,502,40,3,1825,0,0,0,1825
05/22/2007,LAX,CA,AWP,WE,Towers with Radar,1268,497,31,2,1798,0,0,19,4,23,1268,497,50,6,1821,0,0,0,1821
05/23/2007,LAX,CA,AWP,WE,Towers with Radar,1289,505,31,2,1827,0,0,6,16,22,1289,505,37,18,1849,0,0,0,1849
05/24/2007,LAX,CA,AWP,WE,Towers with Radar,1311,514,32,2,1859,0,0,0,13,13,1311,514,32,15,1872,0,0,0,1872
05/25/2007,LAX,CA,AWP,WE,Towers with Radar,1297,506,38,1,1842,0,0,0,0,0,1297,506,38,1,1842,0,0,0,1842
05/26/2007,LAX,CA,AWP,WE,Towers with Radar,1187,470,15,0,1672,0,0,2,5,7,1187,470,17,5,1679,0,0,0,1679
05/27/2007,LAX,CA,AWP,WE,Towers with Radar,1127,442,27,2,1598,0,0,2,0,2,1127,442,29,2,1600,0,0,0,1600
05/28/2007,LAX,CA,AWP,WE,Towers with Radar,1205,497,50,0,1752,0,0,4,4,8,1205,497,54,4,1760,0,0,0,1760
05/29/2007,LAX,CA,AWP,WE,Towers with Radar,1256,492,30,2,1780,0,0,0,0,0,1256,492,30,2,1780,0,0,0,1780
05/30/2007,LAX,CA,AWP,WE,Towers with Radar,1270,506,41,0,1817,21,0,0,10,31,1291,506,41,10,1848,0,0,0,1848
05/31/2007,LAX,CA,AWP,WE,Towers with Radar,1329,521,32,2,1884,0,0,7,12,19,1329,521,39,14,1903,0,0,0,1903
06/01/2007,LAX,CA,AWP,WE,Towers with Radar,1284,511,48,0,1843,0,0,3,4,7,1284,511,51,4,1850,0,0,0,1850
06/02/2007,LAX,CA,AWP,WE,Towers with Radar,1216,456,21,2,1695,0,0,0,0,0,1216,456,21,2,1695,0,0,0,1695
06/03/2007,LAX,CA,AWP,WE,Towers with Radar,1254,497,64,1,1816,0,0,0,6,6,1254,497,64,7,1822,0,0,0,1822
06/04/2007,LAX,CA,AWP,WE,Towers with Radar,1247,514,49,3,1813,0,0,2,2,4,1247,514,51,5,1817,0,0,0,1817
06/05/2007,LAX,CA,AWP,WE,Towers with Radar,1291,506,31,2,1830,0,0,7,12,19,1291,506,38,14,1849,0,0,0,1849
06/06/2007,LAX,CA,AWP,WE,Towers with Radar,1256,509,31,0,1796,43,0,0,10,53,1299,509,31,10,1849,0,0,0,1849
06/07/2007,LAX,CA,AWP,WE,Towers with Radar,1345,527,32,2,1906,0,0,14,16,30,1345,527,46,18,1936,0,0,0,1936
06/08/2007,LAX,CA,AWP,WE,Towers with Radar,1251,523,39,1,1814,0,0,6,5,11,1251,523,45,6,1825,0,0,0,1825
06/09/2007,LAX,CA,AWP,WE,Towers with Radar,1254,463,20,0,1737,0,0,3,7,10,1254,463,23,7,1747,0,0,0,1747
06/10/2007,LAX,CA,AWP,WE,Towers with Radar,1350,532,41,0,1923,0,0,0,1,1,1350,532,41,1,1924,0,0,0,1924
06/11/2007,LAX,CA,AWP,WE,Towers with Radar,1300,512,36,0,1848,0,0,4,10,14,1300,512,40,10,1862,0,0,0,1862
06/12/2007,LAX,CA,AWP,WE,Towers with Radar,1290,508,31,2,1831,0,0,2,8,10,1290,508,33,10,1841,0,0,0,1841
06/13/2007,LAX,CA,AWP,WE,Towers with Radar,1301,521,32,3,1857,30,0,0,9,39,1331,521,32,12,1896,0,0,0,1896
06/14/2007,LAX,CA,AWP,WE,Towers with Radar,1344,527,32,2,1905,0,0,22,6,28,1344,527,54,8,1933,0,0,0,1933
06/15/2007,LAX,CA,AWP,WE,Towers with Radar,1315,543,42,0,1900,0,0,2,8,10,1315,543,44,8,1910,0,0,0,1910
06/16/2007,LAX,CA,AWP,WE,Towers with Radar,1212,489,27,0,1728,0,0,4,0,4,1212,489,31,0,1732,0,0,0,1732
06/17/2007,LAX,CA,AWP,WE,Towers with Radar,1286,523,42,0,1851,0,0,2,0,2,1286,523,44,0,1853,0,0,0,1853
06/18/2007,LAX,CA,AWP,WE,Towers with Radar,1300,529,43,0,1872,0,0,6,0,6,1300,529,49,0,1878,0,0,0,1878
06/19/2007,LAX,CA,AWP,WE,Towers with Radar,1316,516,32,2,1866,0,0,16,6,22,1316,516,48,8,1888,0,0,0,1888
06/20/2007,LAX,CA,AWP,WE,Towers with Radar,1315,527,46,2,1890,31,0,1,7,39,1346,527,47,9,1929,0,0,0,1929
06/21/2007,LAX,CA,AWP,WE,Towers with Radar,1333,522,32,2,1889,0,0,9,12,21,1333,522,41,14,1910,0,0,0,1910
06/22/2007,LAX,CA,AWP,WE,Towers with Radar,1338,524,32,2,1896,0,0,10,13,23,1338,524,42,15,1919,0,0,0,1919
06/23/2007,LAX,CA,AWP,WE,Towers with Radar,1272,490,25,0,1787,0,0,13,7,20,1272,490,38,7,1807,0,0,0,1807
06/24/2007,LAX,CA,AWP,WE,Towers with Radar,1221,486,48,0,1755,0,0,4,0,4,1221,486,52,0,1759,0,0,0,1759
06/25/2007,LAX,CA,AWP,WE,Towers with Radar,1305,511,31,2,1849,0,0,3,10,13,1305,511,34,12,1862,0,0,0,1862
06/26/2007,LAX,CA,AWP,WE,Towers with Radar,1323,519,32,2,1876,0,0,6,10,16,1323,519,38,12,1892,0,0,0,1892
06/27/2007,LAX,CA,AWP,WE,Towers with Radar,1286,526,36,0,1848,57,0,0,9,66,1343,526,36,9,1914,0,0,0,1914
06/28/2007,LAX,CA,AWP,WE,Towers with Radar,1380,541,33,2,1956,0,0,10,10,20,1380,541,43,12,1976,0,0,0,1976
06/29/2007,LAX,CA,AWP,WE,Towers with Radar,1385,543,33,2,1963,0,0,11,7,18,1385,543,44,9,1981,0,0,0,1981
06/30/2007,LAX,CA,AWP,WE,Towers with Radar,1285,503,31,2,1821,0,0,2,6,8,1285,503,33,8,1829,0,0,0,1829
07/01/2007,LAX,CA,AWP,WE,Towers with Radar,1350,473,27,0,1850,0,0,3,2,5,1350,473,30,2,1855,0,0,0,1855
07/02/2007,LAX,CA,AWP,WE,Towers with Radar,1349,547,31,1,1928,48,0,4,7,59,1397,547,35,8,1987,0,0,0,1987
07/03/2007,LAX,CA,AWP,WE,Towers with Radar,1326,520,32,2,1880,0,0,5,9,14,1326,520,37,11,1894,0,0,0,1894
07/04/2007,LAX,CA,AWP,WE,Towers with Radar,1201,471,22,0,1694,0,0,9,7,16,1201,471,31,7,1710,0,0,0,1710
07/05/2007,LAX,CA,AWP,WE,Towers with Radar,1378,540,33,2,1953,0,0,2,6,8,1378,540,35,8,1961,0,0,0,1961
07/06/2007,LAX,CA,AWP,WE,Towers with Radar,1394,546,34,2,1976,0,0,3,1,4,1394,546,37,3,1980,0,0,0,1980
07/07/2007,LAX,CA,AWP,WE,Towers with Radar,1298,509,31,2,1840,0,0,0,6,6,1298,509,31,8,1846,0,0,0,1846
07/08/2007,LAX,CA,AWP,WE,Towers with Radar,1369,536,33,2,1940,0,0,0,1,1,1369,536,33,3,1941,0,0,0,1941
07/09/2007,LAX,CA,AWP,WE,Towers with Radar,1341,608,53,0,2002,0,0,0,6,6,1341,608,53,6,2008,0,0,0,2008
07/10/2007,LAX,CA,AWP,WE,Towers with Radar,1401,549,34,2,1986,0,0,5,11,16,1401,549,39,13,2002,0,0,0,2002
07/11/2007,LAX,CA,AWP,WE,Towers with Radar,1331,540,30,2,1903,47,0,5,8,60,1378,540,35,10,1963,0,0,0,1963
07/12/2007,LAX,CA,AWP,WE,Towers with Radar,1431,561,35,2,2029,0,0,21,10,31,1431,561,56,12,2060,0,0,0,2060
07/13/2007,LAX,CA,AWP,WE,Towers with Radar,1422,557,34,2,2015,0,0,30,11,41,1422,557,64,13,2056,0,0,0,2056
07/14/2007,LAX,CA,AWP,WE,Towers with Radar,1253,547,39,1,1840,0,0,16,5,21,1253,547,55,6,1861,0,0,0,1861
07/15/2007,LAX,CA,AWP,WE,Towers with Radar,1273,568,40,0,1881,0,0,8,5,13,1273,568,48,5,1894,0,0,0,1894
07/16/2007,LAX,CA,AWP,WE,Towers with Radar,1314,590,62,0,1966,0,0,7,10,17,1314,590,69,10,1983,0,0,0,1983
07/17/2007,LAX,CA,AWP,WE,Towers with Radar,1435,562,35,2,2034,0,0,22,6,28,1435,562,57,8,2062,0,0,0,2062
07/18/2007,LAX,CA,AWP,WE,Towers with Radar,1384,542,33,2,1961,0,0,30,12,42,1384,542,63,14,2003,0,0,0,2003
07/19/2007,LAX,CA,AWP,WE,Towers with Radar,1337,591,42,3,1973,0,0,16,12,28,1337,591,58,15,2001,0,0,0,2001
07/20/2007,LAX,CA,AWP,WE,Towers with Radar,1359,601,42,5,2007,0,0,12,4,16,1359,601,54,9,2023,0,0,0,2023
07/21/2007,LAX,CA,AWP,WE,Towers with Radar,1261,533,34,3,1831,0,0,5,2,7,1261,533,39,5,1838,0,0,0,1838
07/22/2007,LAX,CA,AWP,WE,Towers with Radar,1305,578,44,2,1929,0,0,33,6,39,1305,578,77,8,1968,0,0,0,1968
07/23/2007,LAX,CA,AWP,WE,Towers with Radar,1336,594,45,0,1975,0,0,10,10,20,1336,594,55,10,1995,0,0,0,1995
07/24/2007,LAX,CA,AWP,WE,Towers with Radar,1320,583,41,5,1949,0,0,20,21,41,1320,583,61,26,1990,0,0,0,1990
07/25/2007,LAX,CA,AWP,WE,Towers with Radar,1337,591,41,5,1974,0,0,16,30,46,1337,591,57,35,2020,0,0,0,2020
07/26/2007,LAX,CA,AWP,WE,Towers with Radar,1329,587,41,5,1962,0,0,39,16,55,1329,587,80,21,2017,0,0,0,2017
07/27/2007,LAX,CA,AWP,WE,Towers with Radar,1319,586,44,0,1949,0,0,30,12,42,1319,586,74,12,1991,0,0,0,1991
07/28/2007,LAX,CA,AWP,WE,Towers with Radar,1262,558,39,5,1864,0,0,10,3,13,1262,558,49,8,1877,0,0,0,1877
07/29/2007,LAX,CA,AWP,WE,Towers with Radar,1258,592,47,1,1898,0,0,34,4,38,1258,592,81,5,1936,0,0,0,1936
07/30/2007,LAX,CA,AWP,WE,Towers with Radar,1336,590,41,5,1972,0,0,22,13,35,1336,590,63,18,2007,0,0,0,2007
07/31/2007,LAX,CA,AWP,WE,Towers with Radar,1339,592,42,5,1978,0,0,17,6,23,1339,592,59,11,2001,0,0,0,2001
08/01/2007,LAX,CA,AWP,WE,Towers with Radar,1410,553,34,2,1999,0,0,12,4,16,1410,553,46,6,2015,0,0,0,2015
08/02/2007,LAX,CA,AWP,WE,Towers with Radar,1349,600,66,2,2017,0,0,12,3,15,1349,600,78,5,2032,0,0,0,2032
08/03/2007,LAX,CA,AWP,WE,Towers with Radar,1311,580,61,0,1952,0,0,11,4,15,1311,580,72,4,1967,0,0,0,1967
08/04/2007,LAX,CA,AWP,WE,Towers with Radar,1371,444,15,1,1831,0,0,18,12,30,1371,444,33,13,1861,0,0,0,1861
08/05/2007,LAX,CA,AWP,WE,Towers with Radar,1343,526,32,2,1903,0,0,25,1,26,1343,526,57,3,1929,0,0,0,1929
08/06/2007,LAX,CA,AWP,WE,Towers with Radar,1372,538,33,2,1945,0,0,27,8,35,1372,538,60,10,1980,0,0,0,1980
08/07/2007,LAX,CA,AWP,WE,Towers with Radar,1386,543,33,2,1964,0,0,15,7,22,1386,543,48,9,1986,0,0,0,1986
08/08/2007,LAX,CA,AWP,WE,Towers with Radar,1312,541,42,0,1895,69,0,5,11,85,1381,541,47,11,1980,0,0,0,1980
08/09/2007,LAX,CA,AWP,WE,Towers with Radar,1405,551,34,2,1992,0,0,31,12,43,1405,551,65,14,2035,0,0,0,2035
08/10/2007,LAX,CA,AWP,WE,Towers with Radar,1344,599,41,0,1984,0,0,19,6,25,1344,599,60,6,2009,0,0,0,2009
08/11/2007,LAX,CA,AWP,WE,Towers with Radar,1214,528,27,0,1769,0,0,12,6,18,1214,528,39,6,1787,0,0,0,1787
08/12/2007,LAX,CA,AWP,WE,Towers with Radar,1317,574,46,1,1938,0,0,21,5,26,1317,574,67,6,1964,0,0,0,1964
08/13/2007,LAX,CA,AWP,WE,Towers with Radar,1328,582,38,0,1948,0,0,18,7,25,1328,582,56,7,1973,0,0,0,1973
08/14/2007,LAX,CA,AWP,WE,Towers with Radar,1387,543,33,2,1965,0,0,25,5,30,1387,543,58,7,1995,0,0,0,1995
08/15/2007,LAX,CA,AWP,WE,Towers with Radar,1386,543,33,2,1964,0,0,23,13,36,1386,543,56,15,2000,0,0,0,2000
08/16/2007,LAX,CA,AWP,WE,Towers with Radar,1406,551,34,2,1993,0,0,34,14,48,1406,551,68,16,2041,0,0,0,2041
08/17/2007,LAX,CA,AWP,WE,Towers with Radar,1321,606,47,2,1976,0,0,36,6,42,1321,606,83,8,2018,0,0,0,2018
08/18/2007,LAX,CA,AWP,WE,Towers with Radar,1295,545,14,0,1854,0,0,5,2,7,1295,545,19,2,1861,0,0,0,1861
08/19/2007,LAX,CA,AWP,WE,Towers with Radar,1281,594,37,2,1914,0,0,26,7,33,1281,594,63,9,1947,0,0,0,1947
08/20/2007,LAX,CA,AWP,WE,Towers with Radar,1337,602,33,0,1972,0,0,30,12,42,1337,602,63,12,2014,0,0,0,2014
08/21/2007,LAX,CA,AWP,WE,Towers with Radar,1314,592,34,2,1942,0,0,11,12,23,1314,592,45,14,1965,0,0,0,1965
08/22/2007,LAX,CA,AWP,WE,Towers with Radar,1320,539,42,1,1902,56,0,9,16,81,1376,539,51,17,1983,0,0,0,1983
08/23/2007,LAX,CA,AWP,WE,Towers with Radar,1392,545,34,2,1973,0,0,18,10,28,1392,545,52,12,2001,0,0,0,2001
08/24/2007,LAX,CA,AWP,WE,Towers with Radar,1337,602,45,1,1985,0,0,19,12,31,1337,602,64,13,2016,0,0,0,2016
08/25/2007,LAX,CA,AWP,WE,Towers with Radar,1242,579,17,2,1840,0,0,18,2,20,1242,579,35,4,1860,0,0,0,1860
08/26/2007,LAX,CA,AWP,WE,Towers with Radar,1286,584,22,0,1892,0,0,10,4,14,1286,584,32,4,1906,0,0,0,1906
08/27/2007,LAX,CA,AWP,WE,Towers with Radar,1334,608,34,2,1978,0,0,16,9,25,1334,608,50,11,2003,0,0,0,2003
08/28/2007,LAX,CA,AWP,WE,Towers with Radar,1376,539,33,2,1950,0,0,17,10,27,1376,539,50,12,1977,0,0,0,1977
08/29/2007,LAX,CA,AWP,WE,Towers with Radar,1329,547,36,0,1912,66,0,42,6,114,1395,547,78,6,2026,0,0,0,2026
08/30/2007,LAX,CA,AWP,WE,Towers with Radar,1366,627,37,5,2035,0,0,32,12,44,1366,627,69,17,2079,0,0,0,2079
08/31/2007,LAX,CA,AWP,WE,Towers with Radar,1344,604,56,5,2009,0,0,36,15,51,1344,604,92,20,2060,0,0,0,2060
09/01/2007,LAX,CA,AWP,WE,Towers with Radar,1201,471,29,2,1703,0,0,9,1,10,1201,471,38,3,1713,0,0,0,1713
09/02/2007,LAX,CA,AWP,WE,Towers with Radar,1168,461,13,0,1642,0,0,29,1,30,1168,461,42,1,1672,0,0,0,1672
09/03/2007,LAX,CA,AWP,WE,Towers with Radar,1275,581,25,0,1881,0,0,8,4,12,1275,581,33,4,1893,0,0,0,1893
09/04/2007,LAX,CA,AWP,WE,Towers with Radar,1322,518,32,2,1874,0,0,10,2,12,1322,518,42,4,1886,0,0,0,1886
09/05/2007,LAX,CA,AWP,WE,Towers with Radar,1267,586,29,2,1884,54,0,38,6,98,1321,586,67,8,1982,0,0,0,1982
09/06/2007,LAX,CA,AWP,WE,Towers with Radar,1349,529,33,2,1913,0,0,18,16,34,1349,529,51,18,1947,0,0,0,1947
09/07/2007,LAX,CA,AWP,WE,Towers with Radar,1321,607,30,3,1961,0,0,20,2,22,1321,607,50,5,1983,0,0,0,1983
09/08/2007,LAX,CA,AWP,WE,Towers with Radar,1160,524,32,0,1716,0,0,18,4,22,1160,524,50,4,1738,0,0,0,1738
09/09/2007,LAX,CA,AWP,WE,Towers with Radar,1200,556,42,0,1798,0,0,10,3,13,1200,556,52,3,1811,0,0,0,1811
09/10/2007,LAX,CA,AWP,WE,Towers with Radar,1260,585,33,0,1878,0,0,20,10,30,1260,585,53,10,1908,0,0,0,1908
09/11/2007,LAX,CA,AWP,WE,Towers with Radar,1245,596,31,0,1872,0,0,9,7,16,1245,596,40,7,1888,0,0,0,1888
09/12/2007,LAX,CA,AWP,WE,Towers with Radar,1259,519,26,0,1804,66,0,23,8,97,1325,519,49,8,1901,0,0,0,1901
09/13/2007,LAX,CA,AWP,WE,Towers with Radar,1348,528,33,2,1911,0,0,13,16,29,1348,528,46,18,1940,0,0,0,1940
09/14/2007,LAX,CA,AWP,WE,Towers with Radar,1273,587,33,0,1893,0,0,42,6,48,1273,587,75,6,1941,0,0,0,1941
09/15/2007,LAX,CA,AWP,WE,Towers with Radar,1193,467,29,2,1691,0,0,15,0,15,1193,467,44,2,1706,0,0,0,1706
09/16/2007,LAX,CA,AWP,WE,Towers with Radar,1226,564,49,0,1839,0,0,34,4,38,1226,564,83,4,1877,0,0,0,1877
09/17/2007,LAX,CA,AWP,WE,Towers with Radar,1236,595,37,0,1868,0,0,5,1,6,1236,595,42,1,1874,0,0,0,1874
09/18/2007,LAX,CA,AWP,WE,Towers with Radar,1333,522,32,2,1889,0,0,14,6,20,1333,522,46,8,1909,0,0,0,1909
09/19/2007,LAX,CA,AWP,WE,Towers with Radar,1253,524,39,0,1816,84,0,0,5,89,1337,524,39,5,1905,0,0,0,1905
09/20/2007,LAX,CA,AWP,WE,Towers with Radar,1315,607,40,0,1962,0,0,17,8,25,1315,607,57,8,1987,0,0,0,1987
09/21/2007,LAX,CA,AWP,WE,Towers with Radar,1343,526,32,2,1903,0,0,3,2,5,1343,526,35,4,1908,0,0,0,1908
09/22/2007,LAX,CA,AWP,WE,Towers with Radar,1166,529,15,0,1710,0,0,18,0,18,1166,529,33,0,1728,0,0,0,1728
09/23/2007,LAX,CA,AWP,WE,Towers with Radar,1220,574,29,0,1823,0,0,11,4,15,1220,574,40,4,1838,0,0,0,1838
09/24/2007,LAX,CA,AWP,WE,Towers with Radar,1243,610,30,0,1883,0,0,10,6,16,1243,610,40,6,1899,0,0,0,1899
09/25/2007,LAX,CA,AWP,WE,Towers with Radar,1204,515,32,4,1755,110,0,18,22,150,1314,515,50,26,1905,0,0,0,1905
09/26/2007,LAX,CA,AWP,WE,Towers with Radar,1269,657,34,4,1964,0,0,5,6,11,1269,657,39,10,1975,0,0,0,1975
09/27/2007,LAX,CA,AWP,WE,Towers with Radar,1276,621,43,4,1944,0,0,13,14,27,1276,621,56,18,1971,0,0,0,1971
09/28/2007,LAX,CA,AWP,WE,Towers with Radar,1321,604,41,1,1967,0,0,17,6,23,1321,604,58,7,1990,0,0,0,1990
09/29/2007,LAX,CA,AWP,WE,Towers with Radar,1126,510,39,1,1676,0,0,0,0,0,1126,510,39,1,1676,0,0,0,1676
09/30/2007,LAX,CA,AWP,WE,Towers with Radar,1232,566,37,1,1836,0,0,20,8,28,1232,566,57,9,1864,0,0,0,1864
10/01/2007,LAX,CA,AWP,WE,Towers with Radar,1341,526,32,2,1901,0,0,11,10,21,1341,526,43,12,1922,0,0,0,2076
10/02/2007,LAX,CA,AWP,WE,Towers with Radar,1316,516,32,2,1866,0,0,7,8,15,1316,516,39,10,1881,0,0,0,2015
10/03/2007,LAX,CA,AWP,WE,Towers with Radar,1250,527,40,2,1819,95,0,4,8,107,1345,527,44,10,1926,0,0,0,2085
10/04/2007,LAX,CA,AWP,WE,Towers with Radar,1393,546,34,2,1975,0,0,24,6,30,1393,546,58,8,2005,0,0,0,2127
10/05/2007,LAX,CA,AWP,WE,Towers with Radar,1280,612,38,0,1930,0,0,18,9,27,1280,612,56,9,1957,0,0,0,2086
10/06/2007,LAX,CA,AWP,WE,Towers with Radar,1162,509,24,2,1697,0,0,13,3,16,1162,509,37,5,1713,0,0,0,1815
10/07/2007,LAX,CA,AWP,WE,Towers with Radar,1210,570,47,0,1827,0,0,11,8,19,1210,570,58,8,1846,0,0,0,1970
10/08/2007,LAX,CA,AWP,WE,Towers with Radar,1239,589,33,1,1862,0,0,7,9,16,1239,589,40,10,1878,0,0,0,1972
10/09/2007,LAX,CA,AWP,WE,Towers with Radar,1321,518,32,2,1873,0,0,19,6,25,1321,518,51,8,1898,0,0,0,2041
10/10/2007,LAX,CA,AWP,WE,Towers with Radar,1353,530,33,2,1918,0,0,18,4,22,1353,530,51,6,1940,0,0,0,2083
10/11/2007,LAX,CA,AWP,WE,Towers with Radar,1389,544,33,2,1968,0,0,40,6,46,1389,544,73,8,2014,0,0,0,2216
10/12/2007,LAX,CA,AWP,WE,Towers with Radar,1369,537,33,2,1941,0,0,25,8,33,1369,537,58,10,1974,0,0,0,2108
10/13/2007,LAX,CA,AWP,WE,Towers with Radar,1160,514,26,0,1700,0,0,2,0,2,1160,514,28,0,1702,0,0,0,1754
10/14/2007,LAX,CA,AWP,WE,Towers with Radar,1203,577,35,0,1815,0,0,14,8,22,1203,577,49,8,1837,0,0,0,1925
10/15/2007,LAX,CA,AWP,WE,Towers with Radar,1246,592,53,0,1891,0,0,5,3,8,1246,592,58,3,1899,0,0,0,1955
10/16/2007,LAX,CA,AWP,WE,Towers with Radar,1338,524,32,2,1896,0,0,13,6,19,1338,524,45,8,1915,0,0,0,2039
10/17/2007,LAX,CA,AWP,WE,Towers with Radar,1352,530,33,2,1917,0,0,16,10,26,1352,530,49,12,1943,0,0,0,2081
10/18/2007,LAX,CA,AWP,WE,Towers with Radar,1399,548,34,2,1983,0,0,20,12,32,1399,548,54,14,2015,0,0,0,2177
10/19/2007,LAX,CA,AWP,WE,Towers with Radar,1261,621,60,0,1942,0,0,16,9,25,1261,621,76,9,1967,0,0,0,2177
10/20/2007,LAX,CA,AWP,WE,Towers with Radar,1160,527,42,1,1730,0,0,11,1,12,1160,527,53,2,1742,0,0,0,1852
10/21/2007,LAX,CA,AWP,WE,Towers with Radar,1211,585,39,1,1836,0,0,11,2,13,1211,585,50,3,1849,0,0,0,1939
10/22/2007,LAX,CA,AWP,WE,Towers with Radar,1258,585,43,0,1886,0,0,16,2,18,1258,585,59,2,1904,0,0,0,1968
10/23/2007,LAX,CA,AWP,WE,Towers with Radar,1325,519,32,2,1878,0,0,26,12,38,1325,519,58,14,1916,0,0,0,2071
10/24/2007,LAX,CA,AWP,WE,Towers with Radar,1357,532,33,2,1924,0,0,21,9,30,1357,532,54,11,1954,0,0,0,2100
10/25/2007,LAX,CA,AWP,WE,Towers with Radar,1302,613,44,0,1959,0,0,13,10,23,1302,613,57,10,1982,0,0,0,2117
10/26/2007,LAX,CA,AWP,WE,Towers with Radar,1275,611,46,1,1933,0,0,19,4,23,1275,611,65,5,1956,0,0,0,2043
10/27/2007,LAX,CA,AWP,WE,Towers with Radar,1126,515,22,2,1665,0,0,2,2,4,1126,515,24,4,1669,0,0,0,1717
10/28/2007,LAX,CA,AWP,WE,Towers with Radar,1283,503,31,2,1819,0,0,15,1,16,1283,503,46,3,1835,0,0,0,1984
10/29/2007,LAX,CA,AWP,WE,Towers with Radar,1243,587,39,1,1870,0,0,16,3,19,1243,587,55,4,1889,0,0,0,2001
10/30/2007,LAX,CA,AWP,WE,Towers with Radar,1316,516,32,2,1866,0,0,12,8,20,1316,516,44,10,1886,0,0,0,2090
10/31/2007,LAX,CA,AWP,WE,Towers with Radar,1214,513,37,0,1764,95,0,0,11,106,1309,513,37,11,1870,0,0,0,1994
11/01/2007,LAX,CA,AWP,WE,Towers with Radar,1394,546,34,2,1976,0,0,5,2,7,1394,546,39,4,1983,0,0,0,2065
11/02/2007,LAX,CA,AWP,WE,Towers with Radar,1288,583,41,2,1914,0,0,0,8,8,1288,583,41,10,1922,0,0,0,1984
11/03/2007,LAX,CA,AWP,WE,Towers with Radar,1195,468,29,2,1694,0,0,7,0,7,1195,468,36,2,1701,0,0,0,1752
11/04/2007,LAX,CA,AWP,WE,Towers with Radar,1312,514,32,2,1860,0,0,7,0,7,1312,514,39,2,1867,0,0,0,1894
11/05/2007,LAX,CA,AWP,WE,Towers with Radar,1307,603,30,2,1942,0,0,6,11,17,1307,603,36,13,1959,0,0,0,1993
11/06/2007,LAX,CA,AWP,WE,Towers with Radar,1211,588,57,0,1856,0,0,0,0,0,1211,588,57,0,1856,0,0,0,1934
11/07/2007,LAX,CA,AWP,WE,Towers with Radar,1268,618,63,2,1951,0,0,6,5,11,1268,618,69,7,1962,0,0,0,2047
11/08/2007,LAX,CA,AWP,WE,Towers with Radar,1287,626,76,2,1991,0,0,2,7,9,1287,626,78,9,2000,0,0,0,2095
11/09/2007,LAX,CA,AWP,WE,Towers with Radar,1285,610,70,4,1969,0,0,6,0,6,1285,610,76,4,1975,0,0,0,2095
11/10/2007,LAX,CA,AWP,WE,Towers with Radar,1170,503,23,2,1698,0,0,10,0,10,1170,503,33,2,1708,0,0,0,1799
11/11/2007,LAX,CA,AWP,WE,Towers with Radar,1198,555,41,0,1794,0,0,1,0,1,1198,555,42,0,1795,0,0,0,1835
11/12/2007,LAX,CA,AWP,WE,Towers with Radar,1272,610,65,1,1948,0,0,10,1,11,1272,610,75,2,1959,0,0,0,2055
11/13/2007,LAX,CA,AWP,WE,Towers with Radar,1335,523,32,2,1892,0,0,22,2,24,1335,523,54,4,1916,0,0,0,2049
11/14/2007,LAX,CA,AWP,WE,Towers with Radar,1267,532,48,0,1847,92,0,5,3,100,1359,532,53,3,1947,0,0,0,2108
11/15/2007,LAX,CA,AWP,WE,Towers with Radar,1371,537,33,2,1943,0,0,29,18,47,1371,537,62,20,1990,0,0,0,2113
11/16/2007,LAX,CA,AWP,WE,Towers with Radar,1282,604,74,3,1963,0,0,5,6,11,1282,604,79,9,1974,0,0,0,2019
11/17/2007,LAX,CA,AWP,WE,Towers with Radar,1216,509,35,0,1760,0,0,4,0,4,1216,509,39,0,1764,0,0,0,1811
11/18/2007,LAX,CA,AWP,WE,Towers with Radar,1213,574,61,0,1848,0,0,0,0,0,1213,574,61,0,1848,0,0,0,1854
11/19/2007,LAX,CA,AWP,WE,Towers with Radar,1253,590,60,3,1906,0,0,7,18,25,1253,590,67,21,1931,0,0,0,1973
11/20/2007,LAX,CA,AWP,WE,Towers with Radar,1321,548,50,0,1919,79,0,0,16,95,1400,548,50,16,2014,0,0,0,2099
11/21/2007,LAX,CA,AWP,WE,Towers with Radar,1317,542,33,0,1892,66,0,15,10,91,1383,542,48,10,1983,0,0,0,2067
11/22/2007,LAX,CA,AWP,WE,Towers with Radar,1010,477,32,2,1521,0,0,6,2,8,1010,477,38,4,1529,0,0,0,1589
11/23/2007,LAX,CA,AWP,WE,Towers with Radar,1156,453,28,2,1639,0,0,9,6,15,1156,453,37,8,1654,0,0,0,1751
11/24/2007,LAX,CA,AWP,WE,Towers with Radar,1242,588,31,0,1861,0,0,12,4,16,1242,588,43,4,1877,0,0,0,1984
11/25/2007,LAX,CA,AWP,WE,Towers with Radar,1346,527,32,2,1907,0,0,7,5,12,1346,527,39,7,1919,0,0,0,2027
11/26/2007,LAX,CA,AWP,WE,Towers with Radar,1259,591,47,3,1900,0,0,17,8,25,1259,591,64,11,1925,0,0,0,2034
11/27/2007,LAX,CA,AWP,WE,Towers with Radar,1393,546,34,2,1975,0,0,9,11,20,1393,546,43,13,1995,0,0,0,2119
11/28/2007,LAX,CA,AWP,WE,Towers with Radar,1244,531,46,0,1821,112,0,0,8,120,1356,531,46,8,1941,0,0,0,2034
11/29/2007,LAX,CA,AWP,WE,Towers with Radar,1407,552,34,2,1995,0,0,11,6,17,1407,552,45,8,2012,0,0,0,2162
11/30/2007,LAX,CA,AWP,WE,Towers with Radar,1243,590,60,2,1895,0,0,0,5,5,1243,590,60,7,1900,0,0,0,1976
12/01/2007,LAX,CA,AWP,WE,Towers with Radar,1158,511,30,4,1703,0,0,11,2,13,1158,511,41,6,1716,0,0,0,1797
12/02/2007,LAX,CA,AWP,WE,Towers with Radar,1198,569,58,2,1827,0,0,3,0,3,1198,569,61,2,1830,0,0,0,1933
12/03/2007,LAX,CA,AWP,WE,Towers with Radar,1256,596,61,2,1915,0,0,0,4,4,1256,596,61,6,1919,0,0,0,2045
12/04/2007,LAX,CA,AWP,WE,Towers with Radar,1219,579,59,2,1859,0,0,2,3,5,1219,579,61,5,1864,0,0,0,1974
12/05/2007,LAX,CA,AWP,WE,Towers with Radar,1208,591,29,3,1831,0,0,0,1,1,1208,591,29,4,1832,0,0,0,1929
12/06/2007,LAX,CA,AWP,WE,Towers with Radar,1284,628,35,6,1953,0,0,18,6,24,1284,628,53,12,1977,0,0,0,2091
12/07/2007,LAX,CA,AWP,WE,Towers with Radar,1278,607,62,2,1949,0,0,4,8,12,1278,607,66,10,1961,0,0,0,2071
12/08/2007,LAX,CA,AWP,WE,Towers with Radar,1152,508,29,1,1690,0,0,6,1,7,1152,508,35,2,1697,0,0,0,1786
12/09/2007,LAX,CA,AWP,WE,Towers with Radar,1193,566,58,2,1819,0,0,6,1,7,1193,566,64,3,1826,0,0,0,1899
12/10/2007,LAX,CA,AWP,WE,Towers with Radar,1260,598,61,2,1921,0,0,4,2,6,1260,598,65,4,1927,0,0,0,2063
12/11/2007,LAX,CA,AWP,WE,Towers with Radar,1264,600,61,2,1927,0,0,1,5,6,1264,600,62,7,1933,0,0,0,2030
12/12/2007,LAX,CA,AWP,WE,Towers with Radar,1233,601,56,0,1890,33,0,12,10,55,1266,601,68,10,1945,0,0,0,2026
12/13/2007,LAX,CA,AWP,WE,Towers with Radar,1289,612,63,2,1966,0,0,10,4,14,1289,612,73,6,1980,0,0,0,2115
12/14/2007,LAX,CA,AWP,WE,Towers with Radar,1271,603,62,2,1938,0,0,16,5,21,1271,603,78,7,1959,0,0,0,2099
12/15/2007,LAX,CA,AWP,WE,Towers with Radar,1183,561,58,2,1804,0,0,0,6,6,1183,561,58,8,1810,0,0,0,1917
12/16/2007,LAX,CA,AWP,WE,Towers with Radar,1192,570,39,0,1801,0,0,0,0,0,1192,570,39,0,1801,0,0,0,1876
12/17/2007,LAX,CA,AWP,WE,Towers with Radar,1294,598,40,4,1936,0,0,6,0,6,1294,598,46,4,1942,0,0,0,2080
12/18/2007,LAX,CA,AWP,WE,Towers with Radar,1299,617,63,2,1981,0,0,4,4,8,1299,617,67,6,1989,0,0,0,2048
12/19/2007,LAX,CA,AWP,WE,Towers with Radar,1326,629,36,2,1993,0,0,30,2,32,1326,629,66,4,2025,0,0,0,2078
12/20/2007,LAX,CA,AWP,WE,Towers with Radar,1367,649,66,2,2084,0,0,12,6,18,1367,649,78,8,2102,0,0,0,2192
12/21/2007,LAX,CA,AWP,WE,Towers with Radar,1329,631,65,2,2027,0,0,10,6,16,1329,631,75,8,2043,0,0,0,2124
12/22/2007,LAX,CA,AWP,WE,Towers with Radar,1286,588,35,2,1911,0,0,0,0,0,1286,588,35,2,1911,0,0,0,1982
12/23/2007,LAX,CA,AWP,WE,Towers with Radar,1265,598,33,0,1896,0,0,0,0,0,1265,598,33,0,1896,0,0,0,1989
12/24/2007,LAX,CA,AWP,WE,Towers with Radar,1156,487,12,2,1657,0,0,2,2,4,1156,489,14,4,1663,0,0,0,1752
12/25/2007,LAX,CA,AWP,WE,Towers with Radar,1060,503,52,2,1617,0,0,0,4,4,1060,503,52,6,1621,0,0,0,1677
12/26/2007,LAX,CA,AWP,WE,Towers with Radar,1274,532,36,1,1843,83,0,0,4,87,1357,537,36,5,1935,0,0,0,2060
12/27/2007,LAX,CA,AWP,WE,Towers with Radar,1368,536,33,2,1939,0,0,17,3,20,1368,536,50,5,1959,0,0,0,2047
12/28/2007,LAX,CA,AWP,WE,Towers with Radar,1300,623,35,2,1960,0,0,21,5,26,1300,623,56,7,1986,0,0,0,2135
12/29/2007,LAX,CA,AWP,WE,Towers with Radar,1279,569,41,0,1889,0,0,5,0,5,1279,569,46,0,1894,0,0,0,1994
12/30/2007,LAX,CA,AWP,WE,Towers with Radar,1234,591,39,0,1864,0,0,19,6,25,1234,591,58,6,1889,0,0,0,1991
12/31/2007,LAX,CA,AWP,WE,Towers with Radar,1182,508,17,0,1707,0,0,2,3,5,1182,508,19,3,1712,0,0,0,1776
01/01/2008,LAX,CA,AWP,WE,Towers with Radar,1256,492,30,2,1780,0,0,3,1,4,1256,492,33,3,1784,0,0,0,1844
01/02/2008,LAX,CA,AWP,WE,Towers with Radar,1310,540,34,0,1884,67,0,0,6,73,1377,540,34,6,1957,0,0,0,2067
01/03/2008,LAX,CA,AWP,WE,Towers with Radar,1371,537,33,2,1943,0,0,8,11,19,1371,537,41,13,1962,0,0,0,2050
01/04/2008,LAX,CA,AWP,WE,Towers with Radar,1249,511,43,2,1805,0,0,0,2,2,1249,511,43,4,1807,0,0,0,1845
01/05/2008,LAX,CA,AWP,WE,Towers with Radar,1327,520,32,2,1881,0,0,0,0,0,1327,520,32,2,1881,0,0,0,1916
01/06/2008,LAX,CA,AWP,WE,Towers with Radar,1242,575,48,0,1865,0,0,47,6,53,1242,575,95,6,1918,0,0,0,1927
01/07/2008,LAX,CA,AWP,WE,Towers with Radar,1299,509,31,2,1841,0,0,9,6,15,1299,509,40,8,1856,0,0,0,1953
01/08/2008,LAX,CA,AWP,WE,Towers with Radar,1260,494,30,2,1786,0,0,16,6,22,1260,494,46,8,1808,0,0,0,1900
01/09/2008,LAX,CA,AWP,WE,Towers with Radar,1326,435,48,4,1813,0,0,5,11,16,1326,435,53,15,1829,0,0,0,1930
01/10/2008,LAX,CA,AWP,WE,Towers with Radar,1312,514,32,2,1860,0,0,28,12,40,1312,514,60,14,1900,0,0,0,2009
01/11/2008,LAX,CA,AWP,WE,Towers with Radar,1220,506,32,1,1759,72,0,0,1,73,1292,506,32,2,1832,0,0,0,1928
01/12/2008,LAX,CA,AWP,WE,Towers with Radar,1158,454,28,2,1642,0,0,6,1,7,1158,454,34,3,1649,0,0,0,1722
01/13/2008,LAX,CA,AWP,WE,Towers with Radar,1182,514,27,0,1723,0,0,4,5,9,1182,514,31,5,1732,0,0,0,1819
01/14/2008,LAX,CA,AWP,WE,Towers with Radar,1187,529,33,0,1749,0,0,18,8,26,1187,529,51,8,1775,0,0,0,1868
01/15/2008,LAX,CA,AWP,WE,Towers with Radar,1222,479,29,2,1732,0,0,7,10,17,1222,479,36,12,1749,0,0,0,1873
01/16/2008,LAX,CA,AWP,WE,Towers with Radar,1273,499,31,2,1805,0,0,6,10,16,1273,499,37,12,1821,0,0,0,1917
01/17/2008,LAX,CA,AWP,WE,Towers with Radar,1212,559,50,2,1823,0,0,11,8,19,1212,559,61,10,1842,0,0,0,1964
01/18/2008,LAX,CA,AWP,WE,Towers with Radar,1238,570,44,2,1854,0,0,10,5,15,1238,570,54,7,1869,0,0,0,1979
01/19/2008,LAX,CA,AWP,WE,Towers with Radar,1092,470,38,0,1600,0,0,2,2,4,1092,470,40,2,1604,0,0,0,1705
01/20/2008,LAX,CA,AWP,WE,Towers with Radar,1154,532,22,2,1710,0,0,16,4,20,1154,532,38,6,1730,0,0,0,1827
01/21/2008,LAX,CA,AWP,WE,Towers with Radar,1203,569,52,0,1824,0,0,0,4,4,1203,569,52,4,1828,0,0,0,1928
01/22/2008,LAX,CA,AWP,WE,Towers with Radar,1244,488,30,2,1764,0,0,5,4,9,1244,488,35,6,1773,0,0,0,1876
01/23/2008,LAX,CA,AWP,WE,Towers with Radar,1181,545,48,2,1776,0,0,0,0,0,1181,545,48,2,1776,0,0,0,1878
01/24/2008,LAX,CA,AWP,WE,Towers with Radar,1270,498,31,2,1801,0,0,2,4,6,1270,498,33,6,1807,0,0,0,1909
01/25/2008,LAX,CA,AWP,WE,Towers with Radar,1247,489,30,2,1768,0,0,4,2,6,1247,489,34,4,1774,0,0,0,1825
01/26/2008,LAX,CA,AWP,WE,Towers with Radar,1109,467,23,0,1599,0,0,0,0,0,1109,467,23,0,1599,0,0,0,1640
01/27/2008,LAX,CA,AWP,WE,Towers with Radar,1122,511,43,0,1676,0,0,14,0,14,1122,511,57,0,1690,0,0,0,1716
01/28/2008,LAX,CA,AWP,WE,Towers with Radar,1190,533,49,0,1772,0,0,8,5,13,1190,533,57,5,1785,0,0,0,1892
01/29/2008,LAX,CA,AWP,WE,Towers with Radar,1256,492,32,11,1791,0,0,0,0,0,1273,499,32,11,1815,0,0,0,2005
01/30/2008,LAX,CA,AWP,WE,Towers with Radar,1168,539,48,2,1757,0,0,30,16,46,1168,539,78,18,1803,0,0,0,1961
01/31/2008,LAX,CA,AWP,WE,Towers with Radar,1205,556,49,2,1812,0,0,14,6,20,1205,556,63,8,1832,0,0,0,2000
02/01/2008,LAX,CA,AWP,WE,Towers with Radar,1216,508,36,0,1760,81,0,0,6,87,1297,508,36,6,1847,0,0,0,1948
02/02/2008,LAX,CA,AWP,WE,Towers with Radar,1138,446,27,2,1613,0,0,4,0,4,1138,446,31,2,1617,0,0,0,1727
02/03/2008,LAX,CA,AWP,WE,Towers with Radar,1122,501,39,0,1662,0,0,0,0,0,1122,501,39,0,1662,0,0,0,1703
02/04/2008,LAX,CA,AWP,WE,Towers with Radar,1168,553,56,1,1778,0,0,4,11,15,1168,553,60,12,1793,0,0,0,1895
02/05/2008,LAX,CA,AWP,WE,Towers with Radar,1242,487,30,2,1761,0,0,7,6,13,1242,487,37,8,1774,0,0,0,1909
02/06/2008,LAX,CA,AWP,WE,Towers with Radar,1186,555,52,0,1793,0,0,5,4,9,1186,555,57,4,1802,0,0,0,1928
02/07/2008,LAX,CA,AWP,WE,Towers with Radar,1202,562,53,0,1817,0,0,26,8,34,1202,562,79,8,1851,0,0,0,1969
02/08/2008,LAX,CA,AWP,WE,Towers with Radar,1191,555,31,3,1780,0,2,22,0,24,1191,557,53,3,1804,0,0,0,1883
02/09/2008,LAX,CA,AWP,WE,Towers with Radar,1126,441,27,2,1596,0,0,0,3,3,1126,441,27,5,1599,0,0,0,1695
02/10/2008,LAX,CA,AWP,WE,Towers with Radar,1109,470,29,2,1610,0,72,27,2,101,1109,542,56,4,1711,0,0,0,1790
02/11/2008,LAX,CA,AWP,WE,Towers with Radar,1236,484,30,2,1752,0,0,4,0,4,1236,484,34,2,1756,0,0,0,1868
02/12/2008,LAX,CA,AWP,WE,Towers with Radar,1227,481,30,2,1740,0,0,7,3,10,1227,481,37,5,1750,0,0,0,1845
02/13/2008,LAX,CA,AWP,WE,Towers with Radar,1269,497,31,2,1799,0,0,4,0,4,1269,497,35,2,1803,0,0,0,1901
02/14/2008,LAX,CA,AWP,WE,Towers with Radar,1305,511,31,2,1849,0,0,12,6,18,1305,511,43,8,1867,0,0,0,2009
02/15/2008,LAX,CA,AWP,WE,Towers with Radar,1220,508,42,6,1776,77,0,0,0,77,1297,508,42,6,1853,0,0,0,2006
02/16/2008,LAX,CA,AWP,WE,Towers with Radar,1078,493,54,0,1625,0,0,2,7,9,1078,493,56,7,1634,0,0,0,1791
02/17/2008,LAX,CA,AWP,WE,Towers with Radar,1183,517,26,0,1726,0,0,24,10,34,1183,517,50,10,1760,0,0,0,1877
02/18/2008,LAX,CA,AWP,WE,Towers with Radar,1190,566,48,0,1804,0,0,10,4,14,1190,566,58,4,1818,0,0,0,1923
02/19/2008,LAX,CA,AWP,WE,Towers with Radar,1262,495,30,2,1789,0,0,4,7,11,1262,495,34,9,1800,0,0,0,1915
02/20/2008,LAX,CA,AWP,WE,Towers with Radar,1272,498,31,2,1803,0,0,4,6,10,1272,498,35,8,1813,0,0,0,1897
02/21/2008,LAX,CA,AWP,WE,Towers with Radar,1293,507,31,2,1833,0,0,10,4,14,1293,507,41,6,1847,0,0,0,1933
02/22/2008,LAX,CA,AWP,WE,Towers with Radar,1205,564,53,0,1822,0,0,6,7,13,1205,564,59,7,1835,0,0,0,1905
02/23/2008,LAX,CA,AWP,WE,Towers with Radar,1139,446,27,2,1614,0,0,3,1,4,1139,446,30,3,1618,0,0,0,1654
02/24/2008,LAX,CA,AWP,WE,Towers with Radar,1153,549,27,0,1729,0,0,5,1,6,1153,549,32,1,1735,0,0,0,1783
02/25/2008,LAX,CA,AWP,WE,Towers with Radar,1265,496,31,2,1794,0,0,0,0,0,1265,496,31,2,1794,0,0,0,1918
02/26/2008,LAX,CA,AWP,WE,Towers with Radar,1281,502,31,2,1816,0,0,28,16,44,1281,502,59,18,1860,0,0,0,2030
02/27/2008,LAX,CA,AWP,WE,Towers with Radar,1294,507,31,2,1834,0,0,22,6,28,1294,507,53,8,1862,0,0,0,2022
02/28/2008,LAX,CA,AWP,WE,Towers with Radar,1328,521,32,2,1883,0,0,11,6,17,1328,521,43,8,1900,0,0,0,2028
02/29/2008,LAX,CA,AWP,WE,Towers with Radar,1197,561,64,2,1824,0,0,20,5,25,1197,561,84,7,1849,0,0,0,1915
03/01/2008,LAX,CA,AWP,WE,Towers with Radar,1159,454,28,2,1643,0,0,0,1,1,1159,454,28,3,1644,0,0,0,1703
03/02/2008,LAX,CA,AWP,WE,Towers with Radar,1132,521,35,0,1688,0,0,5,7,12,1132,521,40,7,1700,0,0,0,1802
03/03/2008,LAX,CA,AWP,WE,Towers with Radar,1242,487,30,2,1761,0,0,27,21,48,1242,487,57,23,1809,0,0,0,1986
03/04/2008,LAX,CA,AWP,WE,Towers with Radar,1248,489,30,2,1769,0,0,16,12,28,1248,489,46,14,1797,0,0,0,1951
03/05/2008,LAX,CA,AWP,WE,Towers with Radar,1257,493,30,2,1782,0,0,12,8,20,1257,493,42,10,1802,0,0,0,1912
03/06/2008,LAX,CA,AWP,WE,Towers with Radar,1247,534,32,2,1815,0,0,18,6,24,1247,534,50,8,1839,0,0,0,1962
03/07/2008,LAX,CA,AWP,WE,Towers with Radar,1222,505,37,0,1764,66,0,0,6,72,1288,505,37,6,1836,0,0,0,1960
03/08/2008,LAX,CA,AWP,WE,Towers with Radar,1145,449,28,2,1624,0,0,2,2,4,1145,449,30,4,1628,0,0,0,1758
03/09/2008,LAX,CA,AWP,WE,Towers with Radar,1275,500,31,2,1808,0,0,2,2,4,1275,500,33,4,1812,0,0,0,1877
03/10/2008,LAX,CA,AWP,WE,Towers with Radar,1268,497,31,2,1798,0,0,11,6,17,1268,497,42,8,1815,0,0,0,1948
03/11/2008,LAX,CA,AWP,WE,Towers with Radar,1273,499,31,2,1805,0,0,4,6,10,1273,499,35,8,1815,0,0,0,1936
03/12/2008,LAX,CA,AWP,WE,Towers with Radar,1211,535,59,4,1809,0,0,9,12,21,1211,535,68,16,1830,0,0,0,1966
03/13/2008,LAX,CA,AWP,WE,Towers with Radar,1247,551,61,4,1863,0,0,20,10,30,1247,551,81,14,1893,0,0,0,2015
03/14/2008,LAX,CA,AWP,WE,Towers with Radar,1223,506,39,0,1768,68,0,0,6,74,1291,506,39,6,1842,0,0,0,1950
03/15/2008,LAX,CA,AWP,WE,Towers with Radar,1170,459,28,2,1659,0,0,9,1,10,1170,459,37,3,1669,0,0,0,1793
03/16/2008,LAX,CA,AWP,WE,Towers with Radar,1267,497,31,2,1797,0,0,3,1,4,1267,497,34,3,1801,0,0,0,1901
03/17/2008,LAX,CA,AWP,WE,Towers with Radar,1259,493,30,2,1784,0,0,6,15,21,1259,493,36,17,1805,0,0,0,1955
03/18/2008,LAX,CA,AWP,WE,Towers with Radar,1250,490,30,2,1772,2,0,28,5,35,1252,490,58,7,1807,0,0,0,1986
03/19/2008,LAX,CA,AWP,WE,Towers with Radar,1219,600,32,2,1853,0,0,14,8,22,1219,600,46,10,1875,0,0,0,2017
03/20/2008,LAX,CA,AWP,WE,Towers with Radar,1266,580,32,4,1882,0,0,12,11,23,1266,580,44,15,1905,0,0,0,2013
03/21/2008,LAX,CA,AWP,WE,Towers with Radar,1240,543,59,0,1842,0,11,7,18,36,1240,554,66,18,1878,0,0,0,2025
03/22/2008,LAX,CA,AWP,WE,Towers with Radar,1104,500,30,2,1636,0,0,0,1,1,1104,500,30,3,1637,0,0,0,1738
03/23/2008,LAX,CA,AWP,WE,Towers with Radar,1207,543,36,0,1786,0,0,13,5,18,1207,543,49,5,1804,0,0,0,1929
03/24/2008,LAX,CA,AWP,WE,Towers with Radar,1275,500,31,2,1808,0,0,13,13,26,1275,500,44,15,1834,0,0,0,1987
03/25/2008,LAX,CA,AWP,WE,Towers with Radar,1276,500,31,2,1809,0,0,4,2,6,1276,500,35,4,1815,0,0,0,1869
03/26/2008,LAX,CA,AWP,WE,Towers with Radar,1311,514,32,2,1859,0,6,0,0,6,1311,520,32,2,1865,0,0,0,1953
03/27/2008,LAX,CA,AWP,WE,Towers with Radar,1230,554,78,2,1864,0,0,18,12,30,1230,554,96,14,1894,0,0,0,2021
03/28/2008,LAX,CA,AWP,WE,Towers with Radar,1222,546,41,1,1810,0,4,20,1,25,1222,550,61,2,1835,0,0,0,1948
03/29/2008,LAX,CA,AWP,WE,Towers with Radar,1129,465,31,1,1626,0,0,3,4,7,1129,465,34,5,1633,0,0,0,1715
03/30/2008,LAX,CA,AWP,WE,Towers with Radar,1177,532,24,0,1733,0,0,7,2,9,1177,532,31,2,1742,0,0,0,1790
03/31/2008,LAX,CA,AWP,WE,Towers with Radar,1280,504,31,2,1817,0,0,6,8,14,1280,504,37,10,1831,0,0,0,1959
04/01/2008,LAX,CA,AWP,WE,Towers with Radar,1189,536,75,2,1802,0,0,10,6,16,1189,536,85,8,1818,0,0,0,1956
04/02/2008,LAX,CA,AWP,WE,Towers with Radar,1193,537,75,2,1807,0,0,10,10,20,1193,537,85,12,1827,0,0,0,1957
04/03/2008,LAX,CA,AWP,WE,Towers with Radar,1214,547,77,2,1840,0,0,8,10,18,1214,547,85,12,1858,0,0,0,1996
04/04/2008,LAX,CA,AWP,WE,Towers with Radar,1235,537,65,2,1839,0,19,19,3,41,1235,556,84,5,1880,0,0,0,1980
04/05/2008,LAX,CA,AWP,WE,Towers with Radar,1065,480,67,2,1614,0,0,12,2,14,1065,480,79,4,1628,0,0,0,1725
04/06/2008,LAX,CA,AWP,WE,Towers with Radar,1161,548,48,0,1757,0,0,6,2,8,1161,548,54,2,1765,0,0,0,1885
04/07/2008,LAX,CA,AWP,WE,Towers with Radar,1196,524,72,1,1793,0,0,6,9,15,1196,524,78,10,1808,0,0,0,1941
04/08/2008,LAX,CA,AWP,WE,Towers with Radar,1210,545,76,2,1833,0,0,14,8,22,1210,545,90,10,1855,0,0,0,2011
04/09/2008,LAX,CA,AWP,WE,Towers with Radar,1175,529,74,2,1780,0,0,10,10,20,1175,529,84,12,1800,0,0,0,1918
04/10/2008,LAX,CA,AWP,WE,Towers with Radar,1191,558,42,3,1794,0,0,10,10,20,1191,558,52,13,1814,0,0,0,1963
04/11/2008,LAX,CA,AWP,WE,Towers with Radar,1231,501,39,2,1773,48,0,0,5,53,1279,501,39,7,1826,0,0,0,1993
04/12/2008,LAX,CA,AWP,WE,Towers with Radar,1130,443,27,2,1602,0,0,15,1,16,1130,443,42,3,1618,0,0,0,1734
04/13/2008,LAX,CA,AWP,WE,Towers with Radar,1195,523,30,0,1748,0,0,0,1,1,1195,523,30,1,1749,0,0,0,1902
04/14/2008,LAX,CA,AWP,WE,Towers with Radar,1246,488,30,2,1766,0,0,7,11,18,1246,488,37,13,1784,0,0,0,1935
04/15/2008,LAX,CA,AWP,WE,Towers with Radar,1235,484,30,2,1751,0,0,6,6,12,1235,484,36,8,1763,0,0,0,1877
04/16/2008,LAX,CA,AWP,WE,Towers with Radar,1210,531,48,1,1790,0,0,9,7,16,1210,531,57,8,1806,0,0,0,1918
04/17/2008,LAX,CA,AWP,WE,Towers with Radar,1241,508,39,0,1788,56,0,0,6,62,1297,508,39,6,1850,0,0,0,1973
04/18/2008,LAX,CA,AWP,WE,Towers with Radar,1248,506,31,2,1787,43,0,0,5,48,1291,506,31,7,1835,0,0,0,1954
04/19/2008,LAX,CA,AWP,WE,Towers with Radar,1102,454,31,1,1588,0,0,8,2,10,1102,454,39,3,1598,0,0,0,1668
04/20/2008,LAX,CA,AWP,WE,Towers with Radar,1171,523,31,2,1727,0,0,2,2,4,1171,523,33,4,1731,0,0,0,1817
04/21/2008,LAX,CA,AWP,WE,Towers with Radar,1225,522,36,0,1783,0,0,4,8,12,1225,522,40,8,1795,0,0,0,1938
04/22/2008,LAX,CA,AWP,WE,Towers with Radar,1230,502,38,0,1770,52,0,0,7,59,1282,502,38,7,1829,0,0,0,1975
04/23/2008,LAX,CA,AWP,WE,Towers with Radar,1197,523,53,0,1773,0,0,10,8,18,1197,523,63,8,1791,0,0,0,1939
04/24/2008,LAX,CA,AWP,WE,Towers with Radar,1233,555,51,4,1843,0,0,12,10,22,1233,555,63,14,1865,0,0,0,2003
04/25/2008,LAX,CA,AWP,WE,Towers with Radar,1212,492,34,0,1738,44,0,1,8,53,1256,492,35,8,1791,0,0,0,1931
04/26/2008,LAX,CA,AWP,WE,Towers with Radar,1101,432,27,2,1562,0,0,0,0,0,1101,432,27,2,1562,0,0,0,1664
04/27/2008,LAX,CA,AWP,WE,Towers with Radar,1204,508,60,0,1772,0,0,7,6,13,1204,508,67,6,1785,0,0,0,1942
04/28/2008,LAX,CA,AWP,WE,Towers with Radar,1215,513,61,0,1789,0,0,8,12,20,1215,513,69,12,1809,0,0,0,1933
04/29/2008,LAX,CA,AWP,WE,Towers with Radar,1276,501,31,2,1810,2,0,8,5,15,1278,501,39,7,1825,0,0,0,1941
04/30/2008,LAX,CA,AWP,WE,Towers with Radar,1233,555,51,4,1843,0,0,10,4,14,1233,555,61,8,1857,0,0,0,1987
05/01/2008,LAX,CA,AWP,WE,Towers with Radar,1225,517,76,5,1823,0,0,20,10,30,1225,517,96,15,1853,0,0,0,2008
05/02/2008,LAX,CA,AWP,WE,Towers with Radar,1234,497,38,1,1770,34,0,0,6,40,1268,497,38,7,1810,0,0,0,1902
05/03/2008,LAX,CA,AWP,WE,Towers with Radar,1106,438,35,2,1581,0,0,0,0,0,1106,438,35,2,1581,0,0,0,1672
05/04/2008,LAX,CA,AWP,WE,Towers with Radar,1189,518,35,0,1742,0,0,9,2,11,1189,518,44,2,1753,0,0,0,1876
05/05/2008,LAX,CA,AWP,WE,Towers with Radar,1261,494,30,2,1787,0,0,6,8,14,1261,494,36,10,1801,0,0,0,1930
05/06/2008,LAX,CA,AWP,WE,Towers with Radar,1259,493,30,2,1784,0,0,6,13,19,1259,493,36,15,1803,0,0,0,1913
05/07/2008,LAX,CA,AWP,WE,Towers with Radar,1230,548,51,1,1830,0,0,5,11,16,1230,548,56,12,1846,0,0,0,1961
05/08/2008,LAX,CA,AWP,WE,Towers with Radar,1317,528,39,1,1885,30,0,0,15,45,1347,528,39,16,1930,0,0,0,2043
05/09/2008,LAX,CA,AWP,WE,Towers with Radar,1290,520,43,1,1854,36,0,0,10,46,1326,520,43,11,1900,0,0,0,2038
05/10/2008,LAX,CA,AWP,WE,Towers with Radar,1121,462,25,0,1608,0,0,0,2,2,1121,462,25,2,1610,0,0,0,1723
05/11/2008,LAX,CA,AWP,WE,Towers with Radar,1217,509,34,0,1760,0,0,0,0,0,1217,509,34,0,1760,0,0,0,1840
05/12/2008,LAX,CA,AWP,WE,Towers with Radar,1248,513,33,0,1794,0,0,7,6,13,1248,513,40,6,1807,0,0,0,1924
05/13/2008,LAX,CA,AWP,WE,Towers with Radar,1214,489,35,0,1738,0,0,3,6,9,1214,489,38,6,1747,0,0,0,1877
05/14/2008,LAX,CA,AWP,WE,Towers with Radar,1292,529,53,1,1875,0,0,6,6,12,1292,529,59,7,1887,0,0,0,1995
05/15/2008,LAX,CA,AWP,WE,Towers with Radar,1264,535,68,2,1869,0,0,10,10,20,1264,535,78,12,1889,0,0,0,2030
05/16/2008,LAX,CA,AWP,WE,Towers with Radar,1225,502,49,1,1777,0,2,25,10,37,1225,504,74,11,1814,0,0,0,1976
05/17/2008,LAX,CA,AWP,WE,Towers with Radar,1115,447,35,0,1597,0,0,0,0,0,1115,447,35,0,1597,0,0,0,1731
05/18/2008,LAX,CA,AWP,WE,Towers with Radar,1201,508,42,0,1751,0,0,24,7,31,1201,508,66,7,1782,0,0,0,1985
05/19/2008,LAX,CA,AWP,WE,Towers with Radar,1264,495,30,2,1791,0,0,8,2,10,1264,495,38,4,1801,0,0,0,1955
05/20/2008,LAX,CA,AWP,WE,Towers with Radar,1275,500,31,2,1808,0,0,6,8,14,1275,500,37,10,1822,0,0,0,1930
05/21/2008,LAX,CA,AWP,WE,Towers with Radar,1253,506,71,1,1831,0,0,7,4,11,1253,506,78,5,1842,0,0,0,1961
05/22/2008,LAX,CA,AWP,WE,Towers with Radar,1228,519,66,2,1815,0,0,6,6,12,1228,519,72,8,1827,0,0,0,1967
05/23/2008,LAX,CA,AWP,WE,Towers with Radar,1262,532,54,2,1850,0,0,9,10,19,1262,532,63,12,1869,0,0,0,1948
05/24/2008,LAX,CA,AWP,WE,Towers with Radar,1140,445,24,0,1609,0,0,1,3,4,1140,445,25,3,1613,0,0,0,1750
05/25/2008,LAX,CA,AWP,WE,Towers with Radar,1132,418,24,0,1574,0,0,1,0,1,1132,418,25,0,1575,0,0,0,1666
05/26/2008,LAX,CA,AWP,WE,Towers with Radar,1224,480,30,2,1736,0,0,4,3,7,1224,480,34,5,1743,0,0,0,1890
05/27/2008,LAX,CA,AWP,WE,Towers with Radar,1216,477,29,2,1724,0,0,10,6,16,1216,477,39,8,1740,0,0,0,1855
05/28/2008,LAX,CA,AWP,WE,Towers with Radar,1302,510,31,2,1845,0,0,8,16,24,1302,510,39,18,1869,0,0,0,2021
05/29/2008,LAX,CA,AWP,WE,Towers with Radar,1283,535,39,2,1859,0,0,7,2,9,1283,535,46,4,1868,0,0,0,1983
05/30/2008,LAX,CA,AWP,WE,Towers with Radar,1290,506,31,2,1829,0,0,9,4,13,1290,506,40,6,1842,0,0,0,1947
05/31/2008,LAX,CA,AWP,WE,Towers with Radar,1136,460,36,0,1632,0,0,8,6,14,1136,460,44,6,1646,0,0,0,1744
06/01/2008,LAX,CA,AWP,WE,Towers with Radar,1224,517,23,0,1764,0,0,7,2,9,1224,517,30,2,1773,0,0,0,1885
06/02/2008,LAX,CA,AWP,WE,Towers with Radar,1287,505,31,2,1825,0,0,26,7,33,1287,505,57,9,1858,0,0,0,1990
06/03/2008,LAX,CA,AWP,WE,Towers with Radar,1242,487,30,2,1761,0,0,15,5,20,1242,487,45,7,1781,0,0,0,1951
06/04/2008,LAX,CA,AWP,WE,Towers with Radar,1281,523,35,1,1840,0,0,16,7,23,1281,523,51,8,1863,0,0,0,1979
06/05/2008,LAX,CA,AWP,WE,Towers with Radar,1307,578,32,2,1919,0,0,8,4,12,1307,578,40,6,1931,0,0,0,2055
06/06/2008,LAX,CA,AWP,WE,Towers with Radar,1308,525,39,1,1873,0,0,29,7,36,1308,525,68,8,1909,0,0,0,2093
06/07/2008,LAX,CA,AWP,WE,Towers with Radar,1197,474,31,0,1702,0,0,13,2,15,1197,474,44,2,1717,0,0,0,1848
06/08/2008,LAX,CA,AWP,WE,Towers with Radar,1252,529,41,0,1822,0,0,6,4,10,1252,529,47,4,1832,0,0,0,1983
06/09/2008,LAX,CA,AWP,WE,Towers with Radar,1310,514,32,2,1858,0,0,4,3,7,1310,514,36,5,1865,0,0,0,1944
06/10/2008,LAX,CA,AWP,WE,Towers with Radar,1292,506,31,2,1831,0,0,4,5,9,1292,506,35,7,1840,0,0,0,1921
06/11/2008,LAX,CA,AWP,WE,Towers with Radar,1290,562,32,2,1886,0,0,4,10,14,1290,562,36,12,1900,0,0,0,2016
06/12/2008,LAX,CA,AWP,WE,Towers with Radar,1297,539,63,4,1903,0,0,10,8,18,1297,539,73,12,1921,0,0,0,2037
06/13/2008,LAX,CA,AWP,WE,Towers with Radar,1277,541,61,0,1879,0,0,2,3,5,1277,541,63,3,1884,0,0,0,1949
06/14/2008,LAX,CA,AWP,WE,Towers with Radar,1204,471,46,0,1721,0,0,8,2,10,1204,471,54,2,1731,0,0,0,1805
06/15/2008,LAX,CA,AWP,WE,Towers with Radar,1260,546,50,1,1857,0,0,5,4,9,1260,546,55,5,1866,0,0,0,1933
06/16/2008,LAX,CA,AWP,WE,Towers with Radar,1298,527,37,0,1862,0,0,11,8,19,1298,527,48,8,1881,0,0,0,2028
06/17/2008,LAX,CA,AWP,WE,Towers with Radar,1316,516,32,2,1866,0,0,15,17,32,1316,516,47,19,1898,0,0,0,2045
06/18/2008,LAX,CA,AWP,WE,Towers with Radar,1283,572,32,2,1889,0,0,20,12,32,1283,572,52,14,1921,0,0,0,2089
06/19/2008,LAX,CA,AWP,WE,Towers with Radar,1310,585,32,2,1929,0,0,4,12,16,1310,585,36,14,1945,0,0,0,2135
06/20/2008,LAX,CA,AWP,WE,Towers with Radar,1339,531,29,0,1899,0,0,18,2,20,1339,531,47,2,1919,0,0,0,2165
06/21/2008,LAX,CA,AWP,WE,Towers with Radar,1203,467,32,0,1702,0,0,5,1,6,1203,467,37,1,1708,0,0,0,1797
06/22/2008,LAX,CA,AWP,WE,Towers with Radar,1263,529,36,0,1828,0,0,16,2,18,1263,529,52,2,1846,0,0,0,1972
06/23/2008,LAX,CA,AWP,WE,Towers with Radar,1295,535,33,1,1864,0,0,10,10,20,1295,535,43,11,1884,0,0,0,2089
06/24/2008,LAX,CA,AWP,WE,Towers with Radar,1307,539,33,2,1881,0,0,0,1,1,1307,539,33,3,1882,0,0,0,1989
06/25/2008,LAX,CA,AWP,WE,Towers with Radar,1292,576,30,2,1900,0,0,4,8,12,1292,576,34,10,1912,0,0,0,2004
06/26/2008,LAX,CA,AWP,WE,Towers with Radar,1333,537,58,2,1930,0,0,14,10,24,1333,537,72,12,1954,0,0,0,2101
06/27/2008,LAX,CA,AWP,WE,Towers with Radar,1325,533,63,1,1922,0,0,0,0,0,1325,533,63,1,1922,0,0,0,2057
06/28/2008,LAX,CA,AWP,WE,Towers with Radar,1190,462,23,1,1676,0,0,0,0,0,1190,462,23,1,1676,0,0,0,1831
06/29/2008,LAX,CA,AWP,WE,Towers with Radar,1258,513,44,1,1816,0,0,11,3,14,1258,513,55,4,1830,0,0,0,1952
06/30/2008,LAX,CA,AWP,WE,Towers with Radar,1310,513,32,2,1857,0,0,6,9,15,1310,513,38,11,1872,0,0,0,1956
07/01/2008,LAX,CA,AWP,WE,Towers with Radar,1402,397,35,2,1836,0,1,7,6,14,1402,398,42,8,1850,0,0,0,1850
07/02/2008,LAX,CA,AWP,WE,Towers with Radar,1412,412,39,0,1863,0,1,11,9,21,1412,413,50,9,1884,0,0,0,1884
07/03/2008,LAX,CA,AWP,WE,Towers with Radar,1419,404,27,0,1850,3,1,12,4,20,1422,405,39,4,1870,0,0,0,1870
07/04/2008,LAX,CA,AWP,WE,Towers with Radar,1130,322,17,0,1469,2,1,2,3,8,1132,323,19,3,1477,0,0,0,1477
07/05/2008,LAX,CA,AWP,WE,Towers with Radar,1243,353,28,2,1626,1,2,9,2,14,1244,355,37,4,1640,0,0,0,1640
07/06/2008,LAX,CA,AWP,WE,Towers with Radar,1347,415,30,0,1792,2,0,2,1,5,1349,415,32,1,1797,0,0,0,1797
07/07/2008,LAX,CA,AWP,WE,Towers with Radar,1399,403,37,2,1841,2,0,9,8,19,1401,403,46,10,1860,0,0,0,1860
07/08/2008,LAX,CA,AWP,WE,Towers with Radar,1357,396,23,1,1777,0,1,7,2,10,1357,397,30,3,1787,0,0,0,1787
07/09/2008,LAX,CA,AWP,WE,Towers with Radar,1435,405,41,8,1889,0,0,5,0,5,1435,405,46,8,1894,0,0,0,1894
07/10/2008,LAX,CA,AWP,WE,Towers with Radar,1408,400,31,0,1839,2,1,20,10,33,1410,401,51,10,1872,0,0,0,1872
07/11/2008,LAX,CA,AWP,WE,Towers with Radar,1441,409,26,1,1877,2,1,6,3,12,1443,410,32,4,1889,0,0,0,1889
07/12/2008,LAX,CA,AWP,WE,Towers with Radar,1278,356,17,0,1651,2,2,4,6,14,1280,358,21,6,1665,0,0,0,1665
07/13/2008,LAX,CA,AWP,WE,Towers with Radar,1328,390,60,1,1779,3,1,8,0,12,1331,391,68,1,1791,0,0,0,1791
07/14/2008,LAX,CA,AWP,WE,Towers with Radar,1415,389,24,0,1828,3,0,10,6,19,1418,389,34,6,1847,0,0,0,1847
07/15/2008,LAX,CA,AWP,WE,Towers with Radar,1386,383,45,1,1815,0,1,7,6,14,1386,384,52,7,1829,0,0,0,1829
07/16/2008,LAX,CA,AWP,WE,Towers with Radar,1397,411,35,0,1843,1,0,9,8,18,1398,411,44,8,1861,0,0,0,1861
07/17/2008,LAX,CA,AWP,WE,Towers with Radar,1415,392,56,0,1863,3,1,13,6,23,1418,393,69,6,1886,0,0,0,1886
07/18/2008,LAX,CA,AWP,WE,Towers with Radar,1429,394,27,5,1855,3,1,2,4,10,1432,395,29,9,1865,0,0,0,1865
07/19/2008,LAX,CA,AWP,WE,Towers with Radar,1284,356,19,0,1659,2,2,3,2,9,1286,358,22,2,1668,0,0,0,1668
07/20/2008,LAX,CA,AWP,WE,Towers with Radar,1337,403,38,1,1779,3,0,9,1,13,1340,403,47,2,1792,0,0,0,1792
07/21/2008,LAX,CA,AWP,WE,Towers with Radar,1382,405,28,1,1816,3,1,8,7,19,1385,406,36,8,1835,0,0,0,1835
07/22/2008,LAX,CA,AWP,WE,Towers with Radar,1375,390,48,1,1814,2,1,5,3,11,1377,391,53,4,1825,0,0,0,1825
07/23/2008,LAX,CA,AWP,WE,Towers with Radar,1389,405,31,3,1828,1,0,7,12,20,1390,405,38,15,1848,0,0,0,1848
07/24/2008,LAX,CA,AWP,WE,Towers with Radar,1426,397,42,3,1868,3,1,3,12,19,1429,398,45,15,1887,0,0,0,1887
07/25/2008,LAX,CA,AWP,WE,Towers with Radar,1422,401,42,1,1866,2,1,16,11,30,1424,402,58,12,1896,0,0,0,1896
07/26/2008,LAX,CA,AWP,WE,Towers with Radar,1287,369,36,0,1692,1,1,6,6,14,1288,370,42,6,1706,0,0,0,1706
07/27/2008,LAX,CA,AWP,WE,Towers with Radar,1329,403,34,0,1766,2,0,13,4,19,1331,403,47,4,1785,0,0,0,1785
07/28/2008,LAX,CA,AWP,WE,Towers with Radar,1390,397,30,0,1817,2,0,11,13,26,1392,397,41,13,1843,0,0,0,1843
07/29/2008,LAX,CA,AWP,WE,Towers with Radar,1361,393,37,0,1791,0,1,1,6,8,1361,394,38,6,1799,0,0,0,1799
07/30/2008,LAX,CA,AWP,WE,Towers with Radar,1401,403,34,0,1838,1,0,15,10,26,1402,403,49,10,1864,0,0,0,1864
07/31/2008,LAX,CA,AWP,WE,Towers with Radar,1402,399,41,5,1847,3,1,10,7,21,1405,400,51,12,1868,0,0,0,1868
08/01/2008,LAX,CA,AWP,WE,Towers with Radar,1433,404,40,2,1879,3,1,0,5,9,1436,405,40,7,1888,0,0,0,1888
08/02/2008,LAX,CA,AWP,WE,Towers with Radar,1275,361,24,2,1662,2,2,8,3,15,1277,363,32,5,1677,0,0,0,1677
08/03/2008,LAX,CA,AWP,WE,Towers with Radar,1365,420,22,1,1808,1,0,0,6,7,1366,420,22,7,1815,0,0,0,1815
08/04/2008,LAX,CA,AWP,WE,Towers with Radar,1373,395,39,0,1807,3,0,7,0,10,1376,395,46,0,1817,0,0,0,1817
08/05/2008,LAX,CA,AWP,WE,Towers with Radar,1375,392,24,0,1791,1,1,9,3,14,1376,393,33,3,1805,0,0,0,1805
08/06/2008,LAX,CA,AWP,WE,Towers with Radar,1401,403,18,1,1823,2,0,12,12,26,1403,403,30,13,1849,0,0,0,1849
08/07/2008,LAX,CA,AWP,WE,Towers with Radar,1390,399,39,0,1828,3,1,23,12,39,1393,400,62,12,1867,0,0,0,1867
08/08/2008,LAX,CA,AWP,WE,Towers with Radar,1433,392,34,0,1859,2,1,19,9,31,1435,393,53,9,1890,0,0,0,1890
08/09/2008,LAX,CA,AWP,WE,Towers with Radar,1281,362,24,0,1667,2,2,8,4,16,1283,364,32,4,1683,0,0,0,1683
08/10/2008,LAX,CA,AWP,WE,Towers with Radar,1346,402,36,0,1784,3,0,17,0,20,1349,402,53,0,1804,0,0,0,1804
08/11/2008,LAX,CA,AWP,WE,Towers with Radar,1378,394,38,2,1812,3,0,11,11,25,1381,394,49,13,1837,0,0,0,1837
08/12/2008,LAX,CA,AWP,WE,Towers with Radar,1376,391,31,0,1798,0,1,9,10,20,1376,392,40,10,1818,0,0,0,1818
08/13/2008,LAX,CA,AWP,WE,Towers with Radar,1401,392,25,5,1823,1,0,17,6,24,1402,392,42,11,1847,0,0,0,1847
08/14/2008,LAX,CA,AWP,WE,Towers with Radar,1388,404,31,3,1826,3,1,24,12,40,1391,405,55,15,1866,0,0,0,1866
08/15/2008,LAX,CA,AWP,WE,Towers with Radar,1404,404,44,0,1852,4,1,18,10,33,1408,405,62,10,1885,0,0,0,1885
08/16/2008,LAX,CA,AWP,WE,Towers with Radar,1288,351,19,0,1658,1,2,8,2,13,1289,353,27,2,1671,0,0,0,1671
08/17/2008,LAX,CA,AWP,WE,Towers with Radar,1350,411,39,0,1800,3,0,5,1,9,1353,411,44,1,1809,0,0,0,1809
08/18/2008,LAX,CA,AWP,WE,Towers with Radar,1368,391,31,0,1790,4,0,12,10,26,1372,391,43,10,1816,0,0,0,1816
08/19/2008,LAX,CA,AWP,WE,Towers with Radar,1328,365,34,1,1728,1,0,10,4,15,1329,365,44,5,1743,0,0,0,1743
08/20/2008,LAX,CA,AWP,WE,Towers with Radar,1354,368,47,1,1770,0,3,16,16,35,1354,371,63,17,1805,0,0,0,1805
08/21/2008,LAX,CA,AWP,WE,Towers with Radar,1382,381,49,3,1815,2,1,14,11,28,1384,382,63,14,1843,0,0,0,1843
08/22/2008,LAX,CA,AWP,WE,Towers with Radar,1370,375,26,1,1772,2,0,5,3,10,1372,375,31,4,1782,0,0,0,1782
08/23/2008,LAX,CA,AWP,WE,Towers with Radar,1200,319,28,1,1548,2,0,8,6,16,1202,319,36,7,1564,0,0,0,1564
08/24/2008,LAX,CA,AWP,WE,Towers with Radar,1305,378,44,0,1727,2,0,4,1,7,1307,378,48,1,1734,0,0,0,1734
08/25/2008,LAX,CA,AWP,WE,Towers with Radar,1335,383,50,1,1769,3,0,7,1,11,1338,383,57,2,1780,0,0,0,1780
08/26/2008,LAX,CA,AWP,WE,Towers with Radar,1314,359,33,1,1707,0,0,7,0,7,1314,359,40,1,1714,0,0,0,1714
08/27/2008,LAX,CA,AWP,WE,Towers with Radar,1336,360,31,2,1729,0,0,2,5,7,1336,360,33,7,1736,0,0,0,1736
08/28/2008,LAX,CA,AWP,WE,Towers with Radar,1370,396,52,4,1822,2,0,0,0,2,1372,396,52,4,1824,0,0,0,1824
08/29/2008,LAX,CA,AWP,WE,Towers with Radar,1366,387,37,0,1790,2,0,14,2,18,1368,387,51,2,1808,0,0,0,1808
08/30/2008,LAX,CA,AWP,WE,Towers with Radar,1156,281,30,0,1467,1,0,4,3,8,1157,281,34,3,1475,0,0,0,1475
08/31/2008,LAX,CA,AWP,WE,Towers with Radar,1112,272,25,0,1409,2,0,11,7,20,1114,272,36,7,1429,0,0,0,1429
09/01/2008,LAX,CA,AWP,WE,Towers with Radar,1276,372,29,0,1677,2,0,21,4,27,1278,372,50,4,1704,0,0,0,1704
09/02/2008,LAX,CA,AWP,WE,Towers with Radar,1233,289,33,1,1556,1,0,10,6,17,1234,289,43,7,1573,0,0,0,1573
09/03/2008,LAX,CA,AWP,WE,Towers with Radar,1250,299,34,2,1585,1,0,20,4,25,1251,299,54,6,1610,0,0,0,1610
09/04/2008,LAX,CA,AWP,WE,Towers with Radar,1260,301,45,2,1608,3,0,11,2,16,1263,301,56,4,1624,0,0,0,1624
09/05/2008,LAX,CA,AWP,WE,Towers with Radar,1278,314,41,2,1635,2,0,15,3,20,1280,314,56,5,1655,0,0,0,1655
09/06/2008,LAX,CA,AWP,WE,Towers with Radar,1051,250,18,1,1320,2,0,0,2,4,1053,250,18,3,1324,0,0,0,1324
09/07/2008,LAX,CA,AWP,WE,Towers with Radar,1213,295,38,0,1546,2,0,7,2,11,1215,295,45,2,1557,0,0,0,1557
09/08/2008,LAX,CA,AWP,WE,Towers with Radar,1211,295,36,0,1542,2,0,7,4,13,1213,295,43,4,1555,0,0,0,1555
09/09/2008,LAX,CA,AWP,WE,Towers with Radar,1180,295,43,0,1518,2,0,5,3,10,1182,295,48,3,1528,0,0,0,1528
09/10/2008,LAX,CA,AWP,WE,Towers with Radar,1232,303,39,0,1574,0,0,12,6,18,1232,303,51,6,1592,0,0,0,1592
09/11/2008,LAX,CA,AWP,WE,Towers with Radar,1261,299,39,0,1599,2,0,6,6,14,1263,299,45,6,1613,0,0,0,1613
09/12/2008,LAX,CA,AWP,WE,Towers with Radar,1230,312,28,2,1572,1,0,6,2,9,1231,312,34,4,1581,0,0,0,1581
09/13/2008,LAX,CA,AWP,WE,Towers with Radar,1027,260,34,0,1321,1,0,14,2,17,1028,260,48,2,1338,0,0,0,1338
09/14/2008,LAX,CA,AWP,WE,Towers with Radar,1191,307,39,0,1537,2,0,5,4,11,1193,307,44,4,1548,0,0,0,1548
09/15/2008,LAX,CA,AWP,WE,Towers with Radar,1214,308,36,0,1558,3,0,10,7,20,1217,308,46,7,1578,0,0,0,1578
09/16/2008,LAX,CA,AWP,WE,Towers with Radar,1185,301,34,2,1522,0,0,5,5,10,1185,301,39,7,1532,0,0,0,1532
09/17/2008,LAX,CA,AWP,WE,Towers with Radar,1199,308,48,2,1557,0,0,19,6,25,1199,308,67,8,1582,0,0,0,1582
09/18/2008,LAX,CA,AWP,WE,Towers with Radar,1242,305,33,0,1580,2,0,10,6,18,1244,305,43,6,1598,0,0,0,1598
09/19/2008,LAX,CA,AWP,WE,Towers with Radar,1243,303,32,0,1578,2,0,20,3,25,1245,303,52,3,1603,0,0,0,1603
09/20/2008,LAX,CA,AWP,WE,Towers with Radar,1048,249,25,2,1324,1,0,3,6,10,1049,249,28,8,1334,0,0,0,1334
09/21/2008,LAX,CA,AWP,WE,Towers with Radar,1200,306,46,1,1553,3,0,11,1,15,1203,306,57,2,1568,0,0,0,1568
09/22/2008,LAX,CA,AWP,WE,Towers with Radar,1227,297,43,0,1567,2,0,15,8,25,1229,297,58,8,1592,0,0,0,1592
09/23/2008,LAX,CA,AWP,WE,Towers with Radar,1181,295,43,0,1519,1,0,17,4,22,1182,295,60,4,1541,0,0,0,1541
09/24/2008,LAX,CA,AWP,WE,Towers with Radar,1213,307,38,7,1565,1,0,15,6,22,1214,307,53,13,1587,0,0,0,1587
09/25/2008,LAX,CA,AWP,WE,Towers with Radar,1253,307,48,2,1610,2,0,17,5,24,1255,307,65,7,1634,0,0,0,1634
09/26/2008,LAX,CA,AWP,WE,Towers with Radar,1262,309,49,1,1621,1,0,5,6,12,1263,309,54,7,1633,0,0,0,1633
09/27/2008,LAX,CA,AWP,WE,Towers with Radar,1056,259,30,0,1345,2,0,0,0,2,1058,259,30,0,1347,0,0,0,1347
09/28/2008,LAX,CA,AWP,WE,Towers with Radar,1198,304,28,0,1530,2,1,1,1,5,1200,305,29,1,1535,0,0,0,1535
09/29/2008,LAX,CA,AWP,WE,Towers with Radar,1241,304,32,2,1579,3,0,16,9,28,1244,304,48,11,1607,0,0,0,1607
09/30/2008,LAX,CA,AWP,WE,Towers with Radar,1188,289,37,0,1514,0,1,5,1,7,1188,290,42,1,1521,0,0,0,1521
10/01/2008,LAX,CA,AWP,WE,Towers with Radar,1228,302,21,2,1553,1,0,2,0,3,1229,302,23,2,1556,0,0,0,1556
10/02/2008,LAX,CA,AWP,WE,Towers with Radar,1258,307,50,0,1615,2,0,1,0,3,1260,307,51,0,1618,0,0,0,1618
10/03/2008,LAX,CA,AWP,WE,Towers with Radar,1273,318,32,0,1623,2,0,0,0,2,1275,318,32,0,1625,0,0,0,1625
10/04/2008,LAX,CA,AWP,WE,Towers with Radar,1036,250,34,0,1320,1,0,0,0,1,1037,250,34,0,1321,0,0,0,1321
10/05/2008,LAX,CA,AWP,WE,Towers with Radar,1199,297,46,0,1542,2,1,3,0,6,1201,298,49,0,1548,0,0,0,1548
10/06/2008,LAX,CA,AWP,WE,Towers with Radar,1216,306,23,4,1549,3,1,6,0,10,1219,307,29,4,1559,0,0,0,1559
10/07/2008,LAX,CA,AWP,WE,Towers with Radar,1175,284,34,0,1493,1,0,2,1,4,1176,284,36,1,1497,0,0,0,1497
10/08/2008,LAX,CA,AWP,WE,Towers with Radar,1217,304,26,0,1547,2,0,5,0,7,1219,304,31,0,1554,0,0,0,1554
10/09/2008,LAX,CA,AWP,WE,Towers with Radar,1259,310,39,0,1608,2,0,5,0,7,1261,310,44,0,1615,0,0,0,1615
10/10/2008,LAX,CA,AWP,WE,Towers with Radar,1284,313,43,0,1640,3,0,0,0,3,1287,313,43,0,1643,0,0,0,1643
10/11/2008,LAX,CA,AWP,WE,Towers with Radar,1073,256,28,0,1357,1,0,1,0,2,1074,256,29,0,1359,0,0,0,1359
10/12/2008,LAX,CA,AWP,WE,Towers with Radar,1213,296,27,0,1536,3,0,0,0,3,1216,296,27,0,1539,0,0,0,1539
10/13/2008,LAX,CA,AWP,WE,Towers with Radar,1224,310,34,1,1569,3,0,2,0,5,1227,310,36,1,1574,0,0,0,1574
10/14/2008,LAX,CA,AWP,WE,Towers with Radar,1188,304,17,1,1510,0,0,4,0,4,1188,304,21,1,1514,0,0,0,1514
10/15/2008,LAX,CA,AWP,WE,Towers with Radar,1226,307,39,4,1576,2,0,1,0,3,1228,307,40,4,1579,0,0,0,1579
10/16/2008,LAX,CA,AWP,WE,Towers with Radar,1288,299,38,2,1627,2,0,7,0,9,1290,299,45,2,1636,0,0,0,1636
10/17/2008,LAX,CA,AWP,WE,Towers with Radar,1269,314,26,3,1612,2,0,4,0,6,1271,314,30,3,1618,0,0,0,1618
10/18/2008,LAX,CA,AWP,WE,Towers with Radar,1066,244,24,2,1336,2,0,5,0,7,1068,244,29,2,1343,0,0,0,1343
10/19/2008,LAX,CA,AWP,WE,Towers with Radar,1192,283,36,0,1511,3,0,0,0,3,1195,283,36,0,1514,0,0,0,1514
10/20/2008,LAX,CA,AWP,WE,Towers with Radar,1236,312,43,1,1592,3,0,3,1,7,1239,312,46,2,1599,0,0,0,1599
10/21/2008,LAX,CA,AWP,WE,Towers with Radar,1212,287,29,1,1529,0,0,3,0,3,1212,287,32,1,1532,0,0,0,1532
10/22/2008,LAX,CA,AWP,WE,Towers with Radar,1236,305,40,2,1583,1,0,4,0,5,1237,305,44,2,1588,0,0,0,1588
10/23/2008,LAX,CA,AWP,WE,Towers with Radar,1277,307,37,1,1622,5,0,9,0,14,1282,307,46,1,1636,0,0,0,1636
10/24/2008,LAX,CA,AWP,WE,Towers with Radar,1263,312,34,0,1609,3,0,3,0,6,1266,312,37,0,1615,0,0,0,1615
10/25/2008,LAX,CA,AWP,WE,Towers with Radar,1048,255,23,0,1326,1,0,0,0,1,1049,255,23,0,1327,0,0,0,1327
10/26/2008,LAX,CA,AWP,WE,Towers with Radar,1205,307,30,3,1545,3,0,1,0,4,1208,307,31,3,1549,0,0,0,1549
10/27/2008,LAX,CA,AWP,WE,Towers with Radar,419,103,13,0,535,2,0,3,1,6,421,103,16,1,541,0,0,0,541
10/28/2008,LAX,CA,AWP,WE,Towers with Radar,1179,301,40,2,1522,0,0,5,0,5,1179,301,45,2,1527,0,0,0,1527
10/29/2008,LAX,CA,AWP,WE,Towers with Radar,1213,279,32,3,1527,1,0,7,8,16,1214,279,39,11,1543,0,0,0,1543
10/30/2008,LAX,CA,AWP,WE,Towers with Radar,1276,296,41,2,1615,3,0,8,2,13,1279,296,49,4,1628,0,0,0,1628
10/31/2008,LAX,CA,AWP,WE,Towers with Radar,1233,278,27,1,1539,2,0,17,7,26,1235,278,44,8,1565,0,0,0,1565
11/01/2008,LAX,CA,AWP,WE,Towers with Radar,1028,254,18,1,1301,1,0,7,4,12,1029,254,25,5,1313,0,0,0,1313
11/02/2008,LAX,CA,AWP,WE,Towers with Radar,1173,271,36,0,1480,3,0,12,4,19,1176,271,48,4,1499,0,0,0,1499
11/03/2008,LAX,CA,AWP,WE,Towers with Radar,1186,269,25,0,1480,2,0,18,14,34,1188,269,43,14,1514,0,0,0,1514
11/04/2008,LAX,CA,AWP,WE,Towers with Radar,1157,251,17,0,1425,1,0,5,6,12,1158,251,22,6,1437,0,0,0,1437
11/05/2008,LAX,CA,AWP,WE,Towers with Radar,1198,275,38,1,1512,1,0,14,11,26,1199,275,52,12,1538,0,0,0,1538
11/06/2008,LAX,CA,AWP,WE,Towers with Radar,1237,280,21,5,1543,2,0,26,10,38,1239,280,47,15,1581,0,0,0,1581
11/07/2008,LAX,CA,AWP,WE,Towers with Radar,1233,275,43,1,1552,2,0,2,3,7,1235,275,45,4,1559,0,0,0,1559
11/08/2008,LAX,CA,AWP,WE,Towers with Radar,1065,226,27,3,1321,2,0,12,7,21,1067,226,39,10,1342,0,0,0,1342
11/09/2008,LAX,CA,AWP,WE,Towers with Radar,1162,270,37,1,1470,3,0,2,1,6,1165,270,39,2,1476,0,0,0,1476
11/10/2008,LAX,CA,AWP,WE,Towers with Radar,1185,263,34,0,1482,1,0,8,4,13,1186,263,42,4,1495,0,0,0,1495
11/11/2008,LAX,CA,AWP,WE,Towers with Radar,1148,245,45,2,1440,7,0,15,12,34,1155,245,60,14,1474,0,0,0,1474
11/12/2008,LAX,CA,AWP,WE,Towers with Radar,1194,268,38,3,1503,6,0,21,2,29,1200,268,59,5,1532,0,0,0,1532
11/13/2008,LAX,CA,AWP,WE,Towers with Radar,1209,271,52,4,1536,6,1,12,12,31,1215,272,64,16,1567,0,0,0,1567
11/14/2008,LAX,CA,AWP,WE,Towers with Radar,1234,274,28,2,1538,1,0,7,0,8,1235,274,35,2,1546,0,0,0,1546
11/15/2008,LAX,CA,AWP,WE,Towers with Radar,1062,233,20,0,1315,2,0,6,6,14,1064,233,26,6,1329,0,0,0,1329
11/16/2008,LAX,CA,AWP,WE,Towers with Radar,1168,266,28,0,1462,3,0,9,5,17,1171,266,37,5,1479,0,0,0,1479
11/17/2008,LAX,CA,AWP,WE,Towers with Radar,1179,259,38,0,1476,2,0,15,12,29,1181,259,53,12,1505,0,0,0,1505
11/18/2008,LAX,CA,AWP,WE,Towers with Radar,1164,256,26,2,1448,3,0,15,5,23,1167,256,41,7,1471,0,0,0,1471
11/19/2008,LAX,CA,AWP,WE,Towers with Radar,1181,263,29,2,1475,3,0,6,3,12,1184,263,35,5,1487,0,0,0,1487
11/20/2008,LAX,CA,AWP,WE,Towers with Radar,1235,273,27,5,1540,7,0,15,6,28,1242,273,42,11,1568,0,0,0,1568
11/21/2008,LAX,CA,AWP,WE,Towers with Radar,1225,275,39,3,1542,9,0,30,1,40,1234,275,69,4,1582,0,0,0,1582
11/22/2008,LAX,CA,AWP,WE,Towers with Radar,1095,210,34,3,1342,7,0,18,0,25,1102,210,52,3,1367,0,0,0,1367
11/23/2008,LAX,CA,AWP,WE,Towers with Radar,1162,267,31,0,1460,4,0,10,4,18,1166,267,41,4,1478,0,0,0,1478
11/24/2008,LAX,CA,AWP,WE,Towers with Radar,1165,265,40,2,1472,8,0,15,6,29,1173,265,55,8,1501,0,0,0,1501
11/25/2008,LAX,CA,AWP,WE,Towers with Radar,1199,260,33,0,1492,2,0,4,2,8,1201,260,37,2,1500,0,0,0,1500
11/26/2008,LAX,CA,AWP,WE,Towers with Radar,1249,288,36,1,1574,5,0,10,12,27,1254,288,46,13,1601,0,0,0,1601
11/27/2008,LAX,CA,AWP,WE,Towers with Radar,892,171,10,0,1073,3,0,8,2,13,895,171,18,2,1086,0,0,0,1086
11/28/2008,LAX,CA,AWP,WE,Towers with Radar,945,186,21,0,1152,1,0,7,1,9,946,186,28,1,1161,0,0,0,1161
11/29/2008,LAX,CA,AWP,WE,Towers with Radar,1151,230,41,5,1427,6,0,2,4,12,1157,230,43,9,1439,0,0,0,1439
11/30/2008,LAX,CA,AWP,WE,Towers with Radar,1208,250,63,1,1522,2,0,3,0,5,1210,250,66,1,1527,0,0,0,1527
12/01/2008,LAX,CA,AWP,WE,Towers with Radar,1271,240,28,3,1542,5,0,9,4,18,1276,240,37,7,1560,0,0,0,1560
12/02/2008,LAX,CA,AWP,WE,Towers with Radar,1184,264,48,2,1498,1,0,0,3,4,1185,264,48,5,1502,0,0,0,1502
12/03/2008,LAX,CA,AWP,WE,Towers with Radar,1199,273,25,0,1497,4,0,6,0,10,1203,273,31,0,1507,0,0,0,1507
12/04/2008,LAX,CA,AWP,WE,Towers with Radar,1206,276,40,0,1522,6,0,13,4,23,1212,276,53,4,1545,0,0,0,1545
12/05/2008,LAX,CA,AWP,WE,Towers with Radar,1228,275,37,2,1542,0,1,3,0,4,1228,276,40,2,1546,0,0,0,1546
12/06/2008,LAX,CA,AWP,WE,Towers with Radar,1051,223,29,0,1303,5,0,15,7,27,1056,223,44,7,1330,0,0,0,1330
12/07/2008,LAX,CA,AWP,WE,Towers with Radar,1150,263,31,0,1444,2,0,8,6,16,1152,263,39,6,1460,0,0,0,1460
12/08/2008,LAX,CA,AWP,WE,Towers with Radar,1156,275,57,4,1492,3,0,5,10,18,1159,275,62,14,1510,0,0,0,1510
12/09/2008,LAX,CA,AWP,WE,Towers with Radar,1146,247,38,6,1437,3,0,6,5,14,1149,247,44,11,1451,0,0,0,1451
12/10/2008,LAX,CA,AWP,WE,Towers with Radar,1200,280,29,1,1510,4,1,23,6,34,1204,281,52,7,1544,0,0,0,1544
12/11/2008,LAX,CA,AWP,WE,Towers with Radar,1245,274,26,2,1547,3,0,31,6,40,1248,274,57,8,1587,0,0,0,1587
12/12/2008,LAX,CA,AWP,WE,Towers with Radar,1234,276,25,5,1540,3,0,2,0,5,1237,276,27,5,1545,0,0,0,1545
12/13/2008,LAX,CA,AWP,WE,Towers with Radar,1069,220,21,1,1311,3,0,8,2,13,1072,220,29,3,1324,0,0,0,1324
12/14/2008,LAX,CA,AWP,WE,Towers with Radar,1169,257,36,0,1462,1,0,1,0,2,1170,257,37,0,1464,0,0,0,1464
12/15/2008,LAX,CA,AWP,WE,Towers with Radar,1172,261,37,0,1470,2,0,4,8,14,1174,261,41,8,1484,0,0,0,1484
12/16/2008,LAX,CA,AWP,WE,Towers with Radar,1162,242,39,5,1448,2,0,4,0,6,1164,242,43,5,1454,0,0,0,1454
12/17/2008,LAX,CA,AWP,WE,Towers with Radar,1230,267,36,2,1535,1,0,8,0,9,1231,267,44,2,1544,0,0,0,1544
12/18/2008,LAX,CA,AWP,WE,Towers with Radar,1289,264,41,2,1596,2,0,24,10,36,1291,264,65,12,1632,0,0,0,1632
12/19/2008,LAX,CA,AWP,WE,Towers with Radar,1278,283,41,2,1604,5,1,20,6,32,1283,284,61,8,1636,0,0,0,1636
12/20/2008,LAX,CA,AWP,WE,Towers with Radar,1206,230,47,1,1484,3,0,13,2,18,1209,230,60,3,1502,0,0,0,1502
12/21/2008,LAX,CA,AWP,WE,Towers with Radar,1172,264,27,0,1463,4,0,1,6,11,1176,264,28,6,1474,0,0,0,1474
12/22/2008,LAX,CA,AWP,WE,Towers with Radar,1223,291,36,0,1550,4,0,6,10,20,1227,291,42,10,1570,0,0,0,1570
12/23/2008,LAX,CA,AWP,WE,Towers with Radar,1255,256,36,0,1547,2,0,11,12,25,1257,256,47,12,1572,0,0,0,1572
12/24/2008,LAX,CA,AWP,WE,Towers with Radar,1159,228,16,0,1403,2,0,5,3,10,1161,228,21,3,1413,0,0,0,1413
12/25/2008,LAX,CA,AWP,WE,Towers with Radar,1107,211,11,0,1329,2,0,0,0,2,1109,211,11,0,1331,0,0,0,1331
12/26/2008,LAX,CA,AWP,WE,Towers with Radar,1242,283,34,0,1559,3,0,3,1,7,1245,283,37,1,1566,0,0,0,1566
12/27/2008,LAX,CA,AWP,WE,Towers with Radar,1169,237,34,2,1442,1,0,5,4,10,1170,237,39,6,1452,0,0,0,1452
12/28/2008,LAX,CA,AWP,WE,Towers with Radar,1231,261,26,0,1518,4,0,5,2,11,1235,261,31,2,1529,0,0,0,1529
12/29/2008,LAX,CA,AWP,WE,Towers with Radar,1247,249,16,2,1514,2,0,13,6,21,1249,249,29,8,1535,0,0,0,1535
12/30/2008,LAX,CA,AWP,WE,Towers with Radar,1296,222,23,0,1541,3,0,11,2,16,1299,222,34,2,1557,0,0,0,1557
12/31/2008,LAX,CA,AWP,WE,Towers with Radar,1161,193,12,1,1367,2,1,0,0,3,1163,194,12,1,1370,0,0,0,1370
01/01/2009,LAX,CA,AWP,WE,Towers with Radar,1149,238,45,1,1433,4,0,1,1,6,1153,238,46,2,1439,0,0,0,1439
01/02/2009,LAX,CA,AWP,WE,Towers with Radar,1262,281,46,1,1590,2,0,1,0,3,1264,281,47,1,1593,0,0,0,1593
01/03/2009,LAX,CA,AWP,WE,Towers with Radar,1206,248,64,1,1519,3,0,10,5,18,1209,248,74,6,1537,0,0,0,1537
01/04/2009,LAX,CA,AWP,WE,Towers with Radar,1218,258,59,0,1535,6,1,4,0,11,1224,259,63,0,1546,0,0,0,1546
01/05/2009,LAX,CA,AWP,WE,Towers with Radar,1219,260,23,2,1504,6,0,11,7,24,1225,260,34,9,1528,0,0,0,1528
01/06/2009,LAX,CA,AWP,WE,Towers with Radar,1162,231,35,2,1430,3,0,8,8,19,1165,231,43,10,1449,0,0,0,1449
01/07/2009,LAX,CA,AWP,WE,Towers with Radar,1183,254,35,3,1475,4,2,7,0,13,1187,256,42,3,1488,0,0,0,1488
01/08/2009,LAX,CA,AWP,WE,Towers with Radar,1199,267,27,1,1494,1,0,3,2,6,1200,267,30,3,1500,0,0,0,1500
01/09/2009,LAX,CA,AWP,WE,Towers with Radar,1235,263,37,1,1536,4,0,10,1,15,1239,263,47,2,1551,0,0,0,1551
01/10/2009,LAX,CA,AWP,WE,Towers with Radar,1063,208,12,0,1283,7,0,4,4,15,1070,208,16,4,1298,0,0,0,1298
01/11/2009,LAX,CA,AWP,WE,Towers with Radar,1120,249,48,1,1418,5,0,5,0,10,1125,249,53,1,1428,0,0,0,1428
01/12/2009,LAX,CA,AWP,WE,Towers with Radar,1157,265,25,0,1447,6,0,17,4,27,1163,265,42,4,1474,0,0,0,1474
01/13/2009,LAX,CA,AWP,WE,Towers with Radar,1124,235,38,0,1397,5,0,30,10,45,1129,235,68,10,1442,0,0,0,1442
01/14/2009,LAX,CA,AWP,WE,Towers with Radar,1173,250,38,4,1465,4,0,14,13,31,1177,250,52,17,1496,0,0,0,1496
01/15/2009,LAX,CA,AWP,WE,Towers with Radar,1184,269,35,1,1489,3,0,21,10,34,1187,269,56,11,1523,0,0,0,1523
01/16/2009,LAX,CA,AWP,WE,Towers with Radar,1219,268,28,0,1515,5,1,40,10,56,1224,269,68,10,1571,0,0,0,1571
01/17/2009,LAX,CA,AWP,WE,Towers with Radar,1042,211,24,0,1277,4,0,20,5,29,1046,211,44,5,1306,0,0,0,1306
01/18/2009,LAX,CA,AWP,WE,Towers with Radar,1112,260,29,1,1402,5,0,13,5,23,1117,260,42,6,1425,0,0,0,1425
01/19/2009,LAX,CA,AWP,WE,Towers with Radar,1179,267,33,3,1482,0,1,13,4,18,1179,268,46,7,1500,0,0,0,1500
01/20/2009,LAX,CA,AWP,WE,Towers with Radar,1123,246,23,6,1398,2,0,10,5,17,1125,246,33,11,1415,0,0,0,1415
01/21/2009,LAX,CA,AWP,WE,Towers with Radar,1188,263,33,5,1489,3,0,8,3,14,1191,263,41,8,1503,0,0,0,1503
01/22/2009,LAX,CA,AWP,WE,Towers with Radar,1201,261,32,1,1495,4,0,32,16,52,1205,261,64,17,1547,0,0,0,1547
01/23/2009,LAX,CA,AWP,WE,Towers with Radar,1202,271,36,3,1512,2,0,7,0,9,1204,271,43,3,1521,0,0,0,1521
01/24/2009,LAX,CA,AWP,WE,Towers with Radar,1028,212,32,3,1275,3,0,4,2,9,1031,212,36,5,1284,0,0,0,1284
01/25/2009,LAX,CA,AWP,WE,Towers with Radar,1115,257,37,0,1409,1,0,18,2,21,1116,257,55,2,1430,0,0,0,1430
01/26/2009,LAX,CA,AWP,WE,Towers with Radar,1162,265,40,2,1469,2,0,18,8,28,1164,265,58,10,1497,0,0,0,1497
01/27/2009,LAX,CA,AWP,WE,Towers with Radar,1101,247,30,6,1384,7,0,32,7,46,1108,247,62,13,1430,0,0,0,1430
01/28/2009,LAX,CA,AWP,WE,Towers with Radar,1103,258,37,4,1402,7,0,10,5,22,1110,258,47,9,1424,0,0,0,1424
01/29/2009,LAX,CA,AWP,WE,Towers with Radar,1175,274,30,3,1482,4,1,16,12,33,1179,275,46,15,1515,0,0,0,1515
01/30/2009,LAX,CA,AWP,WE,Towers with Radar,1161,278,27,1,1467,9,0,20,5,34,1170,278,47,6,1501,0,0,0,1501
01/31/2009,LAX,CA,AWP,WE,Towers with Radar,1015,211,26,3,1255,5,0,17,8,30,1020,211,43,11,1285,0,0,0,1285
02/01/2009,LAX,CA,AWP,WE,Towers with Radar,1103,247,21,1,1372,3,0,8,3,14,1106,247,29,4,1386,0,0,0,1386
02/02/2009,LAX,CA,AWP,WE,Towers with Radar,1137,265,39,0,1441,2,0,14,14,30,1139,265,53,14,1471,0,0,0,1471
02/03/2009,LAX,CA,AWP,WE,Towers with Radar,1114,231,32,3,1380,2,1,21,9,33,1116,232,53,12,1413,0,0,0,1413
02/04/2009,LAX,CA,AWP,WE,Towers with Radar,1157,250,21,2,1430,4,0,16,8,28,1161,250,37,10,1458,0,0,0,1458
02/05/2009,LAX,CA,AWP,WE,Towers with Radar,1172,262,25,0,1459,1,1,8,4,14,1173,263,33,4,1473,0,0,0,1473
02/06/2009,LAX,CA,AWP,WE,Towers with Radar,1196,269,38,0,1503,3,0,0,2,5,1199,269,38,2,1508,0,0,0,1508
02/07/2009,LAX,CA,AWP,WE,Towers with Radar,1028,209,17,2,1256,5,0,5,1,11,1033,209,22,3,1267,0,0,0,1267
02/08/2009,LAX,CA,AWP,WE,Towers with Radar,1129,268,35,2,1434,1,0,2,6,9,1130,268,37,8,1443,0,0,0,1443
02/09/2009,LAX,CA,AWP,WE,Towers with Radar,1149,264,31,2,1446,1,0,15,10,26,1150,264,46,12,1472,0,0,0,1472
02/10/2009,LAX,CA,AWP,WE,Towers with Radar,1127,234,35,2,1398,1,0,8,8,17,1128,234,43,10,1415,0,0,0,1415
02/11/2009,LAX,CA,AWP,WE,Towers with Radar,1148,253,29,0,1430,7,0,9,12,28,1155,253,38,12,1458,0,0,0,1458
02/12/2009,LAX,CA,AWP,WE,Towers with Radar,1226,272,29,1,1528,1,0,12,4,17,1227,272,41,5,1545,0,0,0,1545
02/13/2009,LAX,CA,AWP,WE,Towers with Radar,1227,275,50,0,1552,1,0,12,4,17,1228,275,62,4,1569,0,0,0,1569
02/14/2009,LAX,CA,AWP,WE,Towers with Radar,1063,208,22,1,1294,3,0,3,1,7,1066,208,25,2,1301,0,0,0,1301
02/15/2009,LAX,CA,AWP,WE,Towers with Radar,1136,281,19,0,1436,4,0,18,7,29,1140,281,37,7,1465,0,0,0,1465
02/16/2009,LAX,CA,AWP,WE,Towers with Radar,1215,278,57,2,1552,3,0,4,4,11,1218,278,61,6,1563,0,0,0,1563
02/17/2009,LAX,CA,AWP,WE,Towers with Radar,1191,265,28,0,1484,2,0,1,0,3,1193,265,29,0,1487,0,0,0,1487
02/18/2009,LAX,CA,AWP,WE,Towers with Radar,1196,264,30,2,1492,2,0,27,10,39,1198,264,57,12,1531,0,0,0,1531
02/19/2009,LAX,CA,AWP,WE,Towers with Radar,1228,267,36,3,1534,5,1,16,10,32,1233,268,52,13,1566,0,0,0,1566
02/20/2009,LAX,CA,AWP,WE,Towers with Radar,1224,272,67,2,1565,2,0,12,5,19,1226,272,79,7,1584,0,0,0,1584
02/21/2009,LAX,CA,AWP,WE,Towers with Radar,1087,222,26,0,1335,1,0,14,5,20,1088,222,40,5,1355,0,0,0,1355
02/22/2009,LAX,CA,AWP,WE,Towers with Radar,1135,272,42,2,1451,1,0,26,12,39,1136,272,68,14,1490,0,0,0,1490
02/23/2009,LAX,CA,AWP,WE,Towers with Radar,1190,264,46,1,1501,4,0,30,8,42,1194,264,76,9,1543,0,0,0,1543
02/24/2009,LAX,CA,AWP,WE,Towers with Radar,1173,254,29,0,1456,3,0,13,6,22,1176,254,42,6,1478,0,0,0,1478
02/25/2009,LAX,CA,AWP,WE,Towers with Radar,1225,271,28,2,1526,0,0,21,8,29,1225,271,49,10,1555,0,0,0,1555
02/26/2009,LAX,CA,AWP,WE,Towers with Radar,1227,268,38,2,1535,2,0,27,4,33,1229,268,65,6,1568,0,0,0,1568
02/27/2009,LAX,CA,AWP,WE,Towers with Radar,1228,260,40,2,1530,3,0,17,5,25,1231,260,57,7,1555,0,0,0,1555
02/28/2009,LAX,CA,AWP,WE,Towers with Radar,1087,208,26,2,1323,3,0,13,7,23,1090,208,39,9,1346,0,0,0,1346
03/01/2009,LAX,CA,AWP,WE,Towers with Radar,1126,267,39,0,1432,3,1,20,8,32,1129,268,59,8,1464,0,0,0,1464
03/02/2009,LAX,CA,AWP,WE,Towers with Radar,1162,267,37,4,1470,0,0,8,7,15,1162,267,45,11,1485,0,0,0,1485
03/03/2009,LAX,CA,AWP,WE,Towers with Radar,1173,252,32,2,1459,4,1,13,3,21,1177,253,45,5,1480,0,0,0,1480
03/04/2009,LAX,CA,AWP,WE,Towers with Radar,1213,263,31,0,1507,2,0,7,4,13,1215,263,38,4,1520,0,0,0,1520
03/05/2009,LAX,CA,AWP,WE,Towers with Radar,1237,262,55,1,1555,1,0,5,3,9,1238,262,60,4,1564,0,0,0,1564
03/06/2009,LAX,CA,AWP,WE,Towers with Radar,1244,263,35,0,1542,5,0,24,6,35,1249,263,59,6,1577,0,0,0,1577
03/07/2009,LAX,CA,AWP,WE,Towers with Radar,1094,209,17,0,1320,5,0,8,6,19,1099,209,25,6,1339,0,0,0,1339
03/08/2009,LAX,CA,AWP,WE,Towers with Radar,1146,269,26,0,1441,1,0,8,9,18,1147,269,34,9,1459,0,0,0,1459
03/09/2009,LAX,CA,AWP,WE,Towers with Radar,1201,273,26,0,1500,3,0,32,6,41,1204,273,58,6,1541,0,0,0,1541
03/10/2009,LAX,CA,AWP,WE,Towers with Radar,1161,247,37,3,1448,2,0,17,6,25,1163,247,54,9,1473,0,0,0,1473
03/11/2009,LAX,CA,AWP,WE,Towers with Radar,1205,269,40,0,1514,6,1,8,4,19,1211,270,48,4,1533,0,0,0,1533
03/12/2009,LAX,CA,AWP,WE,Towers with Radar,1244,261,44,6,1555,4,0,14,4,22,1248,261,58,10,1577,0,0,0,1577
03/13/2009,LAX,CA,AWP,WE,Towers with Radar,1243,261,37,2,1543,1,0,15,3,19,1244,261,52,5,1562,0,0,0,1562
03/14/2009,LAX,CA,AWP,WE,Towers with Radar,1120,200,22,3,1345,5,0,11,4,20,1125,200,33,7,1365,0,0,0,1365
03/15/2009,LAX,CA,AWP,WE,Towers with Radar,1176,262,41,0,1479,4,1,23,3,31,1180,263,64,3,1510,0,0,0,1510
03/16/2009,LAX,CA,AWP,WE,Towers with Radar,1206,262,43,1,1512,2,0,7,7,16,1208,262,50,8,1528,0,0,0,1528
03/17/2009,LAX,CA,AWP,WE,Towers with Radar,1196,257,37,4,1494,1,0,10,14,25,1197,257,47,18,1519,0,0,0,1519
03/18/2009,LAX,CA,AWP,WE,Towers with Radar,1236,253,28,1,1518,1,0,8,14,23,1237,253,36,15,1541,0,0,0,1541
03/19/2009,LAX,CA,AWP,WE,Towers with Radar,1254,261,29,10,1554,1,0,1,0,2,1255,261,30,10,1556,0,0,0,1556
03/20/2009,LAX,CA,AWP,WE,Towers with Radar,1253,277,43,5,1578,3,0,5,3,11,1256,277,48,8,1589,0,0,0,1589
03/21/2009,LAX,CA,AWP,WE,Towers with Radar,1110,225,32,0,1367,0,0,5,7,12,1110,225,37,7,1379,0,0,0,1379
03/22/2009,LAX,CA,AWP,WE,Towers with Radar,1186,280,45,0,1511,1,0,7,2,10,1187,280,52,2,1521,0,0,0,1521
03/23/2009,LAX,CA,AWP,WE,Towers with Radar,1216,265,36,0,1517,2,0,16,10,28,1218,265,52,10,1545,0,0,0,1545
03/24/2009,LAX,CA,AWP,WE,Towers with Radar,1185,258,37,1,1481,4,1,15,4,24,1189,259,52,5,1505,0,0,0,1505
03/25/2009,LAX,CA,AWP,WE,Towers with Radar,1221,264,30,4,1519,4,0,7,4,15,1225,264,37,8,1534,0,0,0,1534
03/26/2009,LAX,CA,AWP,WE,Towers with Radar,1214,268,32,2,1516,4,0,18,15,37,1218,268,50,17,1553,0,0,0,1553
03/27/2009,LAX,CA,AWP,WE,Towers with Radar,1243,277,38,2,1560,4,0,12,9,25,1247,277,50,11,1585,0,0,0,1585
03/28/2009,LAX,CA,AWP,WE,Towers with Radar,1126,208,32,1,1367,2,0,9,5,16,1128,208,41,6,1383,0,0,0,1383
03/29/2009,LAX,CA,AWP,WE,Towers with Radar,1161,266,31,3,1461,4,0,5,3,12,1165,266,36,6,1473,0,0,0,1473
03/30/2009,LAX,CA,AWP,WE,Towers with Radar,1231,261,22,1,1515,1,0,15,10,26,1232,261,37,11,1541,0,0,0,1541
03/31/2009,LAX,CA,AWP,WE,Towers with Radar,1202,251,34,0,1487,1,0,20,9,30,1203,251,54,9,1517,0,0,0,1517
04/01/2009,LAX,CA,AWP,WE,Towers with Radar,1246,253,28,0,1527,2,0,11,6,19,1248,253,39,6,1546,0,0,0,1546
04/02/2009,LAX,CA,AWP,WE,Towers with Radar,1237,260,24,1,1522,3,0,14,14,31,1240,260,38,15,1553,0,0,0,1553
04/03/2009,LAX,CA,AWP,WE,Towers with Radar,1263,268,30,2,1563,0,0,12,5,17,1263,268,42,7,1580,0,0,0,1580
04/04/2009,LAX,CA,AWP,WE,Towers with Radar,1124,206,41,1,1372,4,0,8,4,16,1128,206,49,5,1388,0,0,0,1388
04/05/2009,LAX,CA,AWP,WE,Towers with Radar,1183,264,32,0,1479,1,0,10,5,16,1184,264,42,5,1495,0,0,0,1495
04/06/2009,LAX,CA,AWP,WE,Towers with Radar,1192,271,24,5,1492,1,0,17,18,36,1193,271,41,23,1528,0,0,0,1528
04/07/2009,LAX,CA,AWP,WE,Towers with Radar,1182,241,36,1,1460,3,0,20,16,39,1185,241,56,17,1499,0,0,0,1499
04/08/2009,LAX,CA,AWP,WE,Towers with Radar,1213,257,26,1,1497,0,0,15,8,23,1213,257,41,9,1520,0,0,0,1520
04/09/2009,LAX,CA,AWP,WE,Towers with Radar,1252,257,31,0,1540,0,0,17,6,23,1252,257,48,6,1563,0,0,0,1563
04/10/2009,LAX,CA,AWP,WE,Towers with Radar,1256,266,21,0,1543,4,0,20,9,33,1260,266,41,9,1576,0,0,0,1576
04/11/2009,LAX,CA,AWP,WE,Towers with Radar,1093,207,22,0,1322,3,0,14,5,22,1096,207,36,5,1344,0,0,0,1344
04/12/2009,LAX,CA,AWP,WE,Towers with Radar,1175,267,33,0,1475,4,0,7,5,16,1179,267,40,5,1491,0,0,0,1491
04/13/2009,LAX,CA,AWP,WE,Towers with Radar,1203,264,32,4,1503,6,0,7,10,23,1209,264,39,14,1526,0,0,0,1526
04/14/2009,LAX,CA,AWP,WE,Towers with Radar,1180,246,33,4,1463,4,0,15,13,32,1184,246,48,17,1495,0,0,0,1495
04/15/2009,LAX,CA,AWP,WE,Towers with Radar,1236,253,25,1,1515,3,0,9,9,21,1239,253,34,10,1536,0,0,0,1536
04/16/2009,LAX,CA,AWP,WE,Towers with Radar,1225,266,38,2,1531,5,1,27,8,41,1230,267,65,10,1572,0,0,0,1572
04/17/2009,LAX,CA,AWP,WE,Towers with Radar,1249,265,47,7,1568,3,0,18,4,25,1252,265,65,11,1593,0,0,0,1593
04/18/2009,LAX,CA,AWP,WE,Towers with Radar,1085,208,27,0,1320,3,0,20,4,27,1088,208,47,4,1347,0,0,0,1347
04/19/2009,LAX,CA,AWP,WE,Towers with Radar,1176,265,35,0,1476,4,0,10,1,15,1180,265,45,1,1491,0,0,0,1491
04/20/2009,LAX,CA,AWP,WE,Towers with Radar,1205,263,21,0,1489,3,0,8,15,26,1208,263,29,15,1515,0,0,0,1515
04/21/2009,LAX,CA,AWP,WE,Towers with Radar,1184,249,32,0,1465,1,0,4,29,34,1185,249,36,29,1499,0,0,0,1499
04/22/2009,LAX,CA,AWP,WE,Towers with Radar,1195,256,36,10,1497,4,1,8,3,16,1199,257,44,13,1513,0,0,0,1513
04/23/2009,LAX,CA,AWP,WE,Towers with Radar,1229,273,28,3,1533,0,0,16,8,24,1229,273,44,11,1557,0,0,0,1557
04/24/2009,LAX,CA,AWP,WE,Towers with Radar,1239,259,32,1,1531,5,0,12,7,24,1244,259,44,8,1555,0,0,0,1555
04/25/2009,LAX,CA,AWP,WE,Towers with Radar,1090,204,26,2,1322,2,0,6,4,12,1092,204,32,6,1334,0,0,0,1334
04/26/2009,LAX,CA,AWP,WE,Towers with Radar,1191,251,37,0,1479,2,0,7,9,18,1193,251,44,9,1497,0,0,0,1497
04/27/2009,LAX,CA,AWP,WE,Towers with Radar,1190,265,41,3,1499,4,0,12,8,24,1194,265,53,11,1523,0,0,0,1523
04/28/2009,LAX,CA,AWP,WE,Towers with Radar,1189,239,29,0,1457,2,0,8,3,13,1191,239,37,3,1470,0,0,0,1470
04/29/2009,LAX,CA,AWP,WE,Towers with Radar,1209,259,34,4,1506,4,0,8,3,15,1213,259,42,7,1521,0,0,0,1521
04/30/2009,LAX,CA,AWP,WE,Towers with Radar,1220,267,39,2,1528,4,0,14,3,21,1224,267,53,5,1549,0,0,0,1549
05/01/2009,LAX,CA,AWP,WE,Towers with Radar,1242,260,52,1,1555,2,1,19,11,33,1244,261,71,12,1588,0,0,0,1588
05/02/2009,LAX,CA,AWP,WE,Towers with Radar,1069,213,20,5,1307,3,0,3,6,12,1072,213,23,11,1319,0,0,0,1319
05/03/2009,LAX,CA,AWP,WE,Towers with Radar,1152,256,37,0,1445,2,0,13,3,18,1154,256,50,3,1463,0,0,0,1463
05/04/2009,LAX,CA,AWP,WE,Towers with Radar,1185,255,34,0,1474,3,0,12,13,28,1188,255,46,13,1502,0,0,0,1502
05/05/2009,LAX,CA,AWP,WE,Towers with Radar,1146,241,34,1,1422,2,0,16,2,20,1148,241,50,3,1442,0,0,0,1442
05/06/2009,LAX,CA,AWP,WE,Towers with Radar,1118,215,31,1,1365,0,0,11,7,18,1118,215,42,8,1383,0,0,0,1383
05/07/2009,LAX,CA,AWP,WE,Towers with Radar,1190,228,23,1,1442,5,0,17,12,34,1195,228,40,13,1476,0,0,0,1476
05/08/2009,LAX,CA,AWP,WE,Towers with Radar,1210,233,35,1,1479,3,0,14,4,21,1213,233,49,5,1500,0,0,0,1500
05/09/2009,LAX,CA,AWP,WE,Towers with Radar,1036,185,18,1,1240,0,0,7,2,9,1036,185,25,3,1249,0,0,0,1249
05/10/2009,LAX,CA,AWP,WE,Towers with Radar,1130,228,23,1,1382,0,0,7,4,11,1130,228,30,5,1393,0,0,0,1393
05/11/2009,LAX,CA,AWP,WE,Towers with Radar,1130,235,30,3,1398,0,1,9,3,13,1130,236,39,6,1411,0,0,0,1411
05/12/2009,LAX,CA,AWP,WE,Towers with Radar,1120,213,28,4,1365,3,0,11,15,29,1123,213,39,19,1394,0,0,0,1394
05/13/2009,LAX,CA,AWP,WE,Towers with Radar,1151,223,30,3,1407,1,0,2,3,6,1152,223,32,6,1413,0,0,0,1413
05/14/2009,LAX,CA,AWP,WE,Towers with Radar,1183,221,34,3,1441,3,0,17,10,30,1186,221,51,13,1471,0,0,0,1471
05/15/2009,LAX,CA,AWP,WE,Towers with Radar,1187,237,37,3,1464,3,0,12,46,61,1190,237,49,49,1525,0,0,0,1525
05/16/2009,LAX,CA,AWP,WE,Towers with Radar,1039,182,12,1,1234,2,0,3,0,5,1041,182,15,1,1239,0,0,0,1239
05/17/2009,LAX,CA,AWP,WE,Towers with Radar,1134,238,30,2,1404,4,0,3,1,8,1138,238,33,3,1412,0,0,0,1412
05/18/2009,LAX,CA,AWP,WE,Towers with Radar,1032,216,37,3,1288,2,0,2,3,7,1034,216,39,6,1295,0,0,0,1295
05/19/2009,LAX,CA,AWP,WE,Towers with Radar,1135,220,34,2,1391,0,0,13,9,22,1135,220,47,11,1413,0,0,0,1413
05/20/2009,LAX,CA,AWP,WE,Towers with Radar,1218,234,34,1,1487,2,0,12,8,22,1220,234,46,9,1509,0,0,0,1509
05/21/2009,LAX,CA,AWP,WE,Towers with Radar,1246,239,30,0,1515,5,0,7,6,18,1251,239,37,6,1533,0,0,0,1533
05/22/2009,LAX,CA,AWP,WE,Towers with Radar,1279,236,28,5,1548,3,0,2,9,14,1282,236,30,14,1562,0,0,0,1562
05/23/2009,LAX,CA,AWP,WE,Towers with Radar,1071,169,24,0,1264,5,0,10,3,18,1076,169,34,3,1282,0,0,0,1282
05/24/2009,LAX,CA,AWP,WE,Towers with Radar,1055,169,23,5,1252,5,0,11,2,18,1060,169,34,7,1270,0,0,0,1270
05/25/2009,LAX,CA,AWP,WE,Towers with Radar,1185,204,28,0,1417,2,0,18,28,48,1187,204,46,28,1465,0,0,0,1465
05/26/2009,LAX,CA,AWP,WE,Towers with Radar,1174,208,21,1,1404,1,0,9,9,19,1175,208,30,10,1423,0,0,0,1423
05/27/2009,LAX,CA,AWP,WE,Towers with Radar,1222,209,10,3,1444,6,0,0,26,32,1228,209,10,29,1476,0,0,0,1476
05/28/2009,LAX,CA,AWP,WE,Towers with Radar,1253,228,24,7,1512,3,0,11,16,30,1256,228,35,23,1542,0,0,0,1542
05/29/2009,LAX,CA,AWP,WE,Towers with Radar,1247,232,27,3,1509,4,1,10,6,21,1251,233,37,9,1530,0,0,0,1530
05/30/2009,LAX,CA,AWP,WE,Towers with Radar,1111,176,19,0,1306,2,0,7,0,9,1113,176,26,0,1315,0,0,0,1315
05/31/2009,LAX,CA,AWP,WE,Towers with Radar,1165,228,28,0,1421,5,0,8,2,15,1170,228,36,2,1436,0,0,0,1436
06/01/2009,LAX,CA,AWP,WE,Towers with Radar,1139,247,31,2,1419,3,0,7,14,24,1142,247,38,16,1443,0,0,0,1443
06/02/2009,LAX,CA,AWP,WE,Towers with Radar,1114,205,36,0,1355,4,0,6,9,19,1118,205,42,9,1374,0,0,0,1374
06/03/2009,LAX,CA,AWP,WE,Towers with Radar,1137,221,45,1,1404,2,0,10,12,24,1139,221,55,13,1428,0,0,0,1428
06/04/2009,LAX,CA,AWP,WE,Towers with Radar,1191,242,45,1,1479,4,1,26,14,45,1195,243,71,15,1524,0,0,0,1524
06/05/2009,LAX,CA,AWP,WE,Towers with Radar,1215,236,37,0,1488,1,0,8,4,13,1216,236,45,4,1501,0,0,0,1501
06/06/2009,LAX,CA,AWP,WE,Towers with Radar,1103,192,21,0,1316,0,0,4,2,6,1103,192,25,2,1322,0,0,0,1322
06/07/2009,LAX,CA,AWP,WE,Towers with Radar,1170,243,23,3,1439,1,0,18,5,24,1171,243,41,8,1463,0,0,0,1463
06/08/2009,LAX,CA,AWP,WE,Towers with Radar,1156,229,46,1,1432,0,0,9,6,15,1156,229,55,7,1447,0,0,0,1447
06/09/2009,LAX,CA,AWP,WE,Towers with Radar,1110,230,42,1,1383,2,0,0,7,9,1112,230,42,8,1392,0,0,0,1392
06/10/2009,LAX,CA,AWP,WE,Towers with Radar,1191,231,28,1,1451,1,0,14,6,21,1192,231,42,7,1472,0,0,0,1472
06/11/2009,LAX,CA,AWP,WE,Towers with Radar,1194,230,35,0,1459,1,0,15,6,22,1195,230,50,6,1481,0,0,0,1481
06/12/2009,LAX,CA,AWP,WE,Towers with Radar,1263,239,32,4,1538,3,0,21,5,29,1266,239,53,9,1567,0,0,0,1567
06/13/2009,LAX,CA,AWP,WE,Towers with Radar,1139,197,18,0,1354,1,0,5,4,10,1140,197,23,4,1364,0,0,0,1364
06/14/2009,LAX,CA,AWP,WE,Towers with Radar,1189,231,33,1,1454,1,0,3,2,6,1190,231,36,3,1460,0,0,0,1460
06/15/2009,LAX,CA,AWP,WE,Towers with Radar,1230,239,33,0,1502,2,0,9,5,16,1232,239,42,5,1518,0,0,0,1518
06/16/2009,LAX,CA,AWP,WE,Towers with Radar,1219,234,32,3,1488,1,0,6,13,20,1220,234,38,16,1508,0,0,0,1508
06/17/2009,LAX,CA,AWP,WE,Towers with Radar,1214,237,33,2,1486,3,0,14,7,24,1217,237,47,9,1510,0,0,0,1510
06/18/2009,LAX,CA,AWP,WE,Towers with Radar,1239,237,35,1,1512,1,0,12,12,25,1240,237,47,13,1537,0,0,0,1537
06/19/2009,LAX,CA,AWP,WE,Towers with Radar,1236,242,39,3,1520,5,0,1,0,6,1241,242,40,3,1526,0,0,0,1526
06/20/2009,LAX,CA,AWP,WE,Towers with Radar,1145,192,21,0,1358,4,0,7,2,13,1149,192,28,2,1371,0,0,0,1371
06/21/2009,LAX,CA,AWP,WE,Towers with Radar,1202,232,25,1,1460,1,0,12,9,22,1203,232,37,10,1482,0,0,0,1482
06/22/2009,LAX,CA,AWP,WE,Towers with Radar,1220,242,40,0,1502,3,0,14,9,26,1223,242,54,9,1528,0,0,0,1528
06/23/2009,LAX,CA,AWP,WE,Towers with Radar,1208,246,39,0,1493,3,0,8,10,21,1211,246,47,10,1514,0,0,0,1514
06/24/2009,LAX,CA,AWP,WE,Towers with Radar,1253,227,40,3,1523,2,0,13,6,21,1255,227,53,9,1544,0,0,0,1544
06/25/2009,LAX,CA,AWP,WE,Towers with Radar,1239,241,47,5,1532,0,0,8,4,12,1239,241,55,9,1544,0,0,0,1544
06/26/2009,LAX,CA,AWP,WE,Towers with Radar,1214,229,30,1,1474,3,0,6,6,15,1217,229,36,7,1489,0,0,0,1489
06/27/2009,LAX,CA,AWP,WE,Towers with Radar,1144,185,22,0,1351,3,0,3,4,10,1147,185,25,4,1361,0,0,0,1361
06/28/2009,LAX,CA,AWP,WE,Towers with Radar,1195,235,40,2,1472,3,0,2,6,11,1198,235,42,8,1483,0,0,0,1483
06/29/2009,LAX,CA,AWP,WE,Towers with Radar,1219,252,36,0,1507,3,0,11,10,24,1222,252,47,10,1531,0,0,0,1531
06/30/2009,LAX,CA,AWP,WE,Towers with Radar,1210,231,33,0,1474,5,0,9,14,28,1215,231,42,14,1502,0,0,0,1502
07/01/2009,LAX,CA,AWP,WE,Towers with Radar,1258,232,48,5,1543,4,0,11,7,22,1262,232,59,12,1565,0,0,0,1565
07/02/2009,LAX,CA,AWP,WE,Towers with Radar,1257,241,55,0,1553,0,0,14,4,18,1257,241,69,4,1571,0,0,0,1571
07/03/2009,LAX,CA,AWP,WE,Towers with Radar,1192,161,26,1,1380,0,0,2,1,3,1192,161,28,2,1383,0,0,0,1383
07/04/2009,LAX,CA,AWP,WE,Towers with Radar,1003,145,12,0,1160,2,0,10,5,17,1005,145,22,5,1177,0,0,0,1177
07/05/2009,LAX,CA,AWP,WE,Towers with Radar,1205,222,26,1,1454,3,0,5,4,12,1208,222,31,5,1466,0,0,0,1466
07/06/2009,LAX,CA,AWP,WE,Towers with Radar,1251,240,40,0,1531,0,0,17,4,21,1251,240,57,4,1552,0,0,0,1552
07/07/2009,LAX,CA,AWP,WE,Towers with Radar,1247,243,40,3,1533,0,0,22,6,28,1247,243,62,9,1561,0,0,0,1561
07/08/2009,LAX,CA,AWP,WE,Towers with Radar,1271,241,34,1,1547,2,0,9,7,18,1273,241,43,8,1565,0,0,0,1565
07/09/2009,LAX,CA,AWP,WE,Towers with Radar,1289,241,30,0,1560,1,0,12,18,31,1290,241,42,18,1591,0,0,0,1591
07/10/2009,LAX,CA,AWP,WE,Towers with Radar,1279,246,30,0,1555,1,0,3,7,11,1280,246,33,7,1566,0,0,0,1566
07/11/2009,LAX,CA,AWP,WE,Towers with Radar,1160,197,19,0,1376,1,0,8,7,16,1161,197,27,7,1392,0,0,0,1392
07/12/2009,LAX,CA,AWP,WE,Towers with Radar,1219,239,30,1,1489,4,0,17,2,23,1223,239,47,3,1512,0,0,0,1512
07/13/2009,LAX,CA,AWP,WE,Towers with Radar,1247,236,32,2,1517,5,0,19,11,35,1252,236,51,13,1552,0,0,0,1552
07/14/2009,LAX,CA,AWP,WE,Towers with Radar,1271,239,37,3,1550,2,0,11,17,30,1273,239,48,20,1580,0,0,0,1580
07/15/2009,LAX,CA,AWP,WE,Towers with Radar,1282,239,34,0,1555,6,0,12,14,32,1288,239,46,14,1587,0,0,0,1587
07/16/2009,LAX,CA,AWP,WE,Towers with Radar,1276,236,51,5,1568,1,0,17,8,26,1277,236,68,13,1594,0,0,0,1594
07/17/2009,LAX,CA,AWP,WE,Towers with Radar,1325,229,42,0,1596,2,1,16,19,38,1327,230,58,19,1634,0,0,0,1634
07/18/2009,LAX,CA,AWP,WE,Towers with Radar,1214,187,16,0,1417,2,0,7,2,11,1216,187,23,2,1428,0,0,0,1428
07/19/2009,LAX,CA,AWP,WE,Towers with Radar,1281,233,24,1,1539,2,0,18,3,23,1283,233,42,4,1562,0,0,0,1562
07/20/2009,LAX,CA,AWP,WE,Towers with Radar,1287,234,33,0,1554,4,1,14,17,36,1291,235,47,17,1590,0,0,0,1590
07/21/2009,LAX,CA,AWP,WE,Towers with Radar,1282,237,38,6,1563,4,0,7,7,18,1286,237,45,13,1581,0,0,0,1581
07/22/2009,LAX,CA,AWP,WE,Towers with Radar,1300,222,36,2,1560,3,0,10,6,19,1303,222,46,8,1579,0,0,0,1579
07/23/2009,LAX,CA,AWP,WE,Towers with Radar,1317,221,39,4,1581,1,0,15,11,27,1318,221,54,15,1608,0,0,0,1608
07/24/2009,LAX,CA,AWP,WE,Towers with Radar,1348,236,28,1,1613,3,0,19,3,25,1351,236,47,4,1638,0,0,0,1638
07/25/2009,LAX,CA,AWP,WE,Towers with Radar,1217,202,24,0,1443,3,1,10,1,15,1220,203,34,1,1458,0,0,0,1458
07/26/2009,LAX,CA,AWP,WE,Towers with Radar,1254,229,31,2,1516,2,0,12,3,17,1256,229,43,5,1533,0,0,0,1533
07/27/2009,LAX,CA,AWP,WE,Towers with Radar,1309,209,29,3,1550,2,1,24,9,36,1311,210,53,12,1586,0,0,0,1586
07/28/2009,LAX,CA,AWP,WE,Towers with Radar,1316,236,37,2,1591,2,0,13,7,22,1318,236,50,9,1613,0,0,0,1613
07/29/2009,LAX,CA,AWP,WE,Towers with Radar,1317,238,30,0,1585,4,1,11,7,23,1321,239,41,7,1608,0,0,0,1608
07/30/2009,LAX,CA,AWP,WE,Towers with Radar,1324,232,52,3,1611,6,0,13,6,25,1330,232,65,9,1636,0,0,0,1636
07/31/2009,LAX,CA,AWP,WE,Towers with Radar,1327,233,44,1,1605,3,0,12,5,20,1330,233,56,6,1625,0,0,0,1625
08/01/2009,LAX,CA,AWP,WE,Towers with Radar,1239,213,28,0,1480,1,0,10,2,13,1240,213,38,2,1493,0,0,0,1493
08/02/2009,LAX,CA,AWP,WE,Towers with Radar,1282,234,27,2,1545,4,0,13,3,20,1286,234,40,5,1565,0,0,0,1565
08/03/2009,LAX,CA,AWP,WE,Towers with Radar,1308,243,32,1,1584,5,0,24,10,39,1313,243,56,11,1623,0,0,0,1623
08/04/2009,LAX,CA,AWP,WE,Towers with Radar,1285,238,40,0,1563,3,0,11,8,22,1288,238,51,8,1585,0,0,0,1585
08/05/2009,LAX,CA,AWP,WE,Towers with Radar,1319,229,41,2,1591,2,0,4,6,12,1321,229,45,8,1603,0,0,0,1603
08/06/2009,LAX,CA,AWP,WE,Towers with Radar,1324,238,36,1,1599,23,1,35,10,69,1347,239,71,11,1668,0,0,0,1668
08/07/2009,LAX,CA,AWP,WE,Towers with Radar,1336,237,25,3,1601,3,0,13,6,22,1339,237,38,9,1623,0,0,0,1623
08/08/2009,LAX,CA,AWP,WE,Towers with Radar,1222,193,22,0,1437,3,0,5,6,14,1225,193,27,6,1451,0,0,0,1451
08/09/2009,LAX,CA,AWP,WE,Towers with Radar,1289,235,38,0,1562,2,0,9,10,21,1291,235,47,10,1583,0,0,0,1583
08/10/2009,LAX,CA,AWP,WE,Towers with Radar,1316,242,29,0,1587,1,0,0,8,9,1317,242,29,8,1596,0,0,0,1596
08/11/2009,LAX,CA,AWP,WE,Towers with Radar,1320,239,30,5,1594,0,1,12,11,24,1320,240,42,16,1618,0,0,0,1618
08/12/2009,LAX,CA,AWP,WE,Towers with Radar,1326,235,46,1,1608,2,0,7,3,12,1328,235,53,4,1620,0,0,0,1620
08/13/2009,LAX,CA,AWP,WE,Towers with Radar,1333,240,42,5,1620,1,0,6,6,13,1334,240,48,11,1633,0,0,0,1633
08/14/2009,LAX,CA,AWP,WE,Towers with Radar,1339,246,39,1,1625,0,0,8,7,15,1339,246,47,8,1640,0,0,0,1640
08/15/2009,LAX,CA,AWP,WE,Towers with Radar,1204,206,12,2,1424,2,0,10,2,14,1206,206,22,4,1438,0,0,0,1438
08/16/2009,LAX,CA,AWP,WE,Towers with Radar,1255,232,25,1,1513,8,0,5,1,14,1263,232,30,2,1527,0,0,0,1527
08/17/2009,LAX,CA,AWP,WE,Towers with Radar,1275,252,50,1,1578,2,0,12,7,21,1277,252,62,8,1599,0,0,0,1599
08/18/2009,LAX,CA,AWP,WE,Towers with Radar,1275,234,42,4,1555,1,0,8,10,19,1276,234,50,14,1574,0,0,0,1574
08/19/2009,LAX,CA,AWP,WE,Towers with Radar,1284,250,34,4,1572,3,0,6,8,17,1287,250,40,12,1589,0,0,0,1589
08/20/2009,LAX,CA,AWP,WE,Towers with Radar,1300,233,43,2,1578,1,0,10,6,17,1301,233,53,8,1595,0,0,0,1595
08/21/2009,LAX,CA,AWP,WE,Towers with Radar,1303,232,30,2,1567,2,0,14,6,22,1305,232,44,8,1589,0,0,0,1589
08/22/2009,LAX,CA,AWP,WE,Towers with Radar,1175,188,23,0,1386,2,0,11,3,16,1177,188,34,3,1402,0,0,0,1402
08/23/2009,LAX,CA,AWP,WE,Towers with Radar,1239,233,17,0,1489,2,0,8,4,14,1241,233,25,4,1503,0,0,0,1503
08/24/2009,LAX,CA,AWP,WE,Towers with Radar,1266,230,37,1,1534,4,0,22,13,39,1270,230,59,14,1573,0,0,0,1573
08/25/2009,LAX,CA,AWP,WE,Towers with Radar,1252,220,36,4,1512,3,0,24,12,39,1255,220,60,16,1551,0,0,0,1551
08/26/2009,LAX,CA,AWP,WE,Towers with Radar,1247,230,38,0,1515,2,0,27,5,34,1249,230,65,5,1549,0,0,0,1549
08/27/2009,LAX,CA,AWP,WE,Towers with Radar,1263,244,34,3,1544,2,0,25,13,40,1265,244,59,16,1584,0,0,0,1584
08/28/2009,LAX,CA,AWP,WE,Towers with Radar,1283,264,34,1,1582,2,0,17,0,19,1285,264,51,1,1601,0,0,0,1601
08/29/2009,LAX,CA,AWP,WE,Towers with Radar,1133,219,17,0,1369,5,0,19,0,24,1138,219,36,0,1393,0,0,0,1393
08/30/2009,LAX,CA,AWP,WE,Towers with Radar,1221,246,21,0,1488,2,1,18,5,26,1223,247,39,5,1514,0,0,0,1514
08/31/2009,LAX,CA,AWP,WE,Towers with Radar,1265,238,35,0,1538,0,0,20,8,28,1265,238,55,8,1566,0,0,0,1566
09/01/2009,LAX,CA,AWP,WE,Towers with Radar,1207,241,29,1,1478,3,0,6,9,18,1210,241,35,10,1496,0,0,0,1496
09/02/2009,LAX,CA,AWP,WE,Towers with Radar,1189,235,33,1,1458,2,0,7,6,15,1191,235,40,7,1473,0,0,0,1473
09/03/2009,LAX,CA,AWP,WE,Towers with Radar,1241,245,44,4,1534,4,0,14,10,28,1245,245,58,14,1562,0,0,0,1562
09/04/2009,LAX,CA,AWP,WE,Towers with Radar,1250,243,30,7,1530,2,0,5,3,10,1252,243,35,10,1540,0,0,0,1540
09/05/2009,LAX,CA,AWP,WE,Towers with Radar,1060,182,10,0,1252,2,0,10,6,18,1062,182,20,6,1270,0,0,0,1270
09/06/2009,LAX,CA,AWP,WE,Towers with Radar,1015,158,18,2,1193,2,0,11,0,13,1017,158,29,2,1206,0,0,0,1206
09/07/2009,LAX,CA,AWP,WE,Towers with Radar,1166,207,26,0,1399,5,0,16,2,23,1171,207,42,2,1422,0,0,0,1422
09/08/2009,LAX,CA,AWP,WE,Towers with Radar,1162,228,40,1,1431,1,0,2,5,8,1163,228,42,6,1439,0,0,0,1439
09/09/2009,LAX,CA,AWP,WE,Towers with Radar,1180,246,28,5,1459,3,0,16,3,22,1183,246,44,8,1481,0,0,0,1481
09/10/2009,LAX,CA,AWP,WE,Towers with Radar,1246,252,30,6,1534,1,0,17,4,22,1247,252,47,10,1556,0,0,0,1556
09/11/2009,LAX,CA,AWP,WE,Towers with Radar,1227,244,38,4,1513,3,0,15,7,25,1230,244,53,11,1538,0,0,0,1538
09/12/2009,LAX,CA,AWP,WE,Towers with Radar,1091,200,16,5,1312,2,0,7,0,9,1093,200,23,5,1321,0,0,0,1321
09/13/2009,LAX,CA,AWP,WE,Towers with Radar,1196,242,27,0,1465,4,0,10,4,18,1200,242,37,4,1483,0,0,0,1483
09/14/2009,LAX,CA,AWP,WE,Towers with Radar,1188,246,33,0,1467,4,0,18,10,32,1192,246,51,10,1499,0,0,0,1499
09/15/2009,LAX,CA,AWP,WE,Towers with Radar,1166,235,36,1,1438,1,0,4,3,8,1167,235,40,4,1446,0,0,0,1446
09/16/2009,LAX,CA,AWP,WE,Towers with Radar,1189,249,36,2,1476,3,0,10,2,15,1192,249,46,4,1491,0,0,0,1491
09/17/2009,LAX,CA,AWP,WE,Towers with Radar,1238,245,42,1,1526,3,0,7,4,14,1241,245,49,5,1540,0,0,0,1540
09/18/2009,LAX,CA,AWP,WE,Towers with Radar,1252,247,34,1,1534,6,0,1,5,12,1258,247,35,6,1546,0,0,0,1546
09/19/2009,LAX,CA,AWP,WE,Towers with Radar,1058,196,17,4,1275,1,0,1,2,4,1059,196,18,6,1279,0,0,0,1279
09/20/2009,LAX,CA,AWP,WE,Towers with Radar,1186,241,34,0,1461,5,0,3,4,12,1191,241,37,4,1473,0,0,0,1473
09/21/2009,LAX,CA,AWP,WE,Towers with Radar,1183,255,38,5,1481,1,0,24,8,33,1184,255,62,13,1514,0,0,0,1514
09/22/2009,LAX,CA,AWP,WE,Towers with Radar,1158,248,41,4,1451,1,0,10,7,18,1159,248,51,11,1469,0,0,0,1469
09/23/2009,LAX,CA,AWP,WE,Towers with Radar,1191,259,35,1,1486,2,0,16,5,23,1193,259,51,6,1509,0,0,0,1509
09/24/2009,LAX,CA,AWP,WE,Towers with Radar,1242,243,35,2,1522,3,0,22,10,35,1245,243,57,12,1557,0,0,0,1557
09/25/2009,LAX,CA,AWP,WE,Towers with Radar,1271,257,53,0,1581,1,0,7,3,11,1272,257,60,3,1592,0,0,0,1592
09/26/2009,LAX,CA,AWP,WE,Towers with Radar,1080,211,14,3,1308,3,0,1,0,4,1083,211,15,3,1312,0,0,0,1312
09/27/2009,LAX,CA,AWP,WE,Towers with Radar,1178,233,29,0,1440,2,0,1,2,5,1180,233,30,2,1445,0,0,0,1445
09/28/2009,LAX,CA,AWP,WE,Towers with Radar,1186,241,36,6,1469,2,0,21,9,32,1188,241,57,15,1501,0,0,0,1501
09/29/2009,LAX,CA,AWP,WE,Towers with Radar,1175,243,33,5,1456,2,0,10,12,24,1177,243,43,17,1480,0,0,0,1480
09/30/2009,LAX,CA,AWP,WE,Towers with Radar,1186,235,48,2,1471,2,0,14,12,28,1188,235,62,14,1499,0,0,0,1499
10/01/2009,LAX,CA,AWP,WE,Towers with Radar,1222,242,36,0,1500,4,0,13,8,25,1226,242,49,8,1525,0,0,0,1525
10/02/2009,LAX,CA,AWP,WE,Towers with Radar,1278,249,34,2,1563,0,0,5,7,12,1278,249,39,9,1575,0,0,0,1575
10/03/2009,LAX,CA,AWP,WE,Towers with Radar,1073,196,19,1,1289,2,0,1,2,5,1075,196,20,3,1294,0,0,0,1294
10/04/2009,LAX,CA,AWP,WE,Towers with Radar,1190,241,30,0,1461,1,0,7,15,23,1191,241,37,15,1484,0,0,0,1484
10/05/2009,LAX,CA,AWP,WE,Towers with Radar,1205,242,50,0,1497,3,0,12,14,29,1208,242,62,14,1526,0,0,0,1526
10/06/2009,LAX,CA,AWP,WE,Towers with Radar,1167,233,36,0,1436,4,0,13,10,27,1171,233,49,10,1463,0,0,0,1463
10/07/2009,LAX,CA,AWP,WE,Towers with Radar,1171,241,47,0,1459,1,0,36,16,53,1172,241,83,16,1512,0,0,0,1512
10/08/2009,LAX,CA,AWP,WE,Towers with Radar,1244,251,51,0,1546,3,0,29,12,44,1247,251,80,12,1590,0,0,0,1590
10/09/2009,LAX,CA,AWP,WE,Towers with Radar,1265,243,40,2,1550,2,0,27,12,41,1267,243,67,14,1591,0,0,0,1591
10/10/2009,LAX,CA,AWP,WE,Towers with Radar,1087,193,19,1,1300,3,0,6,4,13,1090,193,25,5,1313,0,0,0,1313
10/11/2009,LAX,CA,AWP,WE,Towers with Radar,1180,228,17,0,1425,6,0,8,7,21,1186,228,25,7,1446,0,0,0,1446
10/12/2009,LAX,CA,AWP,WE,Towers with Radar,1199,246,38,2,1485,1,0,15,6,22,1200,246,53,8,1507,0,0,0,1507
10/13/2009,LAX,CA,AWP,WE,Towers with Radar,1151,245,33,6,1435,3,0,6,6,15,1154,245,39,12,1450,0,0,0,1450
10/14/2009,LAX,CA,AWP,WE,Towers with Radar,1207,274,48,6,1535,3,0,0,0,3,1210,274,48,6,1538,0,0,0,1538
10/15/2009,LAX,CA,AWP,WE,Towers with Radar,1238,245,46,1,1530,0,0,10,10,20,1238,245,56,11,1550,0,0,0,1550
10/16/2009,LAX,CA,AWP,WE,Towers with Radar,1271,244,44,0,1559,0,0,19,8,27,1271,244,63,8,1586,0,0,0,1586
10/17/2009,LAX,CA,AWP,WE,Towers with Radar,1115,182,29,0,1326,0,0,10,0,10,1115,182,39,0,1336,0,0,0,1336
10/18/2009,LAX,CA,AWP,WE,Towers with Radar,1200,249,38,0,1487,0,0,9,3,12,1200,249,47,3,1499,0,0,0,1499
10/19/2009,LAX,CA,AWP,WE,Towers with Radar,1197,240,35,2,1474,1,0,14,8,23,1198,240,49,10,1497,0,0,0,1497
10/20/2009,LAX,CA,AWP,WE,Towers with Radar,1187,237,53,4,1481,1,0,9,3,13,1188,237,62,7,1494,0,0,0,1494
10/21/2009,LAX,CA,AWP,WE,Towers with Radar,1198,231,41,1,1471,2,0,12,6,20,1200,231,53,7,1491,0,0,0,1491
10/22/2009,LAX,CA,AWP,WE,Towers with Radar,1238,246,52,0,1536,2,0,24,11,37,1240,246,76,11,1573,0,0,0,1573
10/23/2009,LAX,CA,AWP,WE,Towers with Radar,1269,257,43,0,1569,1,0,5,4,10,1270,257,48,4,1579,0,0,0,1579
10/24/2009,LAX,CA,AWP,WE,Towers with Radar,1098,202,44,2,1346,0,0,2,0,2,1098,202,46,2,1348,0,0,0,1348
10/25/2009,LAX,CA,AWP,WE,Towers with Radar,1182,245,36,1,1464,1,0,8,5,14,1183,245,44,6,1478,0,0,0,1478
10/26/2009,LAX,CA,AWP,WE,Towers with Radar,1199,237,38,2,1476,1,0,18,6,25,1200,237,56,8,1501,0,0,0,1501
10/27/2009,LAX,CA,AWP,WE,Towers with Radar,1170,240,36,0,1446,0,0,22,3,25,1170,240,58,3,1471,0,0,0,1471
10/28/2009,LAX,CA,AWP,WE,Towers with Radar,1184,253,34,0,1471,3,0,9,8,20,1187,253,43,8,1491,0,0,0,1491
10/29/2009,LAX,CA,AWP,WE,Towers with Radar,1212,246,42,2,1502,3,1,9,7,20,1215,247,51,9,1522,0,0,0,1522
10/30/2009,LAX,CA,AWP,WE,Towers with Radar,1242,239,24,0,1505,1,0,5,9,15,1243,239,29,9,1520,0,0,0,1520
10/31/2009,LAX,CA,AWP,WE,Towers with Radar,1057,203,12,2,1274,0,0,19,6,25,1057,203,31,8,1299,0,0,0,1299
11/01/2009,LAX,CA,AWP,WE,Towers with Radar,1208,229,22,1,1460,1,0,10,5,16,1209,229,32,6,1476,0,0,0,1476
11/02/2009,LAX,CA,AWP,WE,Towers with Radar,1218,236,53,1,1508,1,0,7,8,16,1219,236,60,9,1524,0,0,0,1524
11/03/2009,LAX,CA,AWP,WE,Towers with Radar,1174,231,33,2,1440,0,0,7,4,11,1174,231,40,6,1451,0,0,0,1451
11/04/2009,LAX,CA,AWP,WE,Towers with Radar,1203,248,33,2,1486,0,0,5,2,7,1203,248,38,4,1493,0,0,0,1493
11/05/2009,LAX,CA,AWP,WE,Towers with Radar,1229,246,53,2,1530,1,0,25,13,39,1230,246,78,15,1569,0,0,0,1569
11/06/2009,LAX,CA,AWP,WE,Towers with Radar,1255,260,41,1,1557,1,0,27,5,33,1256,260,68,6,1590,0,0,0,1590
11/07/2009,LAX,CA,AWP,WE,Towers with Radar,1087,213,14,2,1316,1,0,10,2,13,1088,213,24,4,1329,0,0,0,1329
11/08/2009,LAX,CA,AWP,WE,Towers with Radar,1186,238,33,1,1458,0,0,14,3,17,1186,238,47,4,1475,0,0,0,1475
11/09/2009,LAX,CA,AWP,WE,Towers with Radar,1198,246,38,3,1485,0,0,18,3,21,1198,246,56,6,1506,0,0,0,1506
11/10/2009,LAX,CA,AWP,WE,Towers with Radar,1167,247,40,4,1458,0,0,29,3,32,1167,247,69,7,1490,0,0,0,1490
11/11/2009,LAX,CA,AWP,WE,Towers with Radar,1176,253,36,0,1465,1,0,17,3,21,1177,253,53,3,1486,0,0,0,1486
11/12/2009,LAX,CA,AWP,WE,Towers with Radar,1230,239,44,3,1516,2,0,34,7,43,1232,239,78,10,1559,0,0,0,1559
11/13/2009,LAX,CA,AWP,WE,Towers with Radar,1232,235,29,0,1496,1,0,27,3,31,1233,235,56,3,1527,0,0,0,1527
11/14/2009,LAX,CA,AWP,WE,Towers with Radar,1092,211,24,0,1327,0,0,29,7,36,1092,211,53,7,1363,0,0,0,1363
11/15/2009,LAX,CA,AWP,WE,Towers with Radar,1177,243,39,1,1460,1,0,9,7,17,1178,243,48,8,1477,0,0,0,1477
11/16/2009,LAX,CA,AWP,WE,Towers with Radar,1189,240,41,5,1475,1,0,24,7,32,1190,240,65,12,1507,0,0,0,1507
11/17/2009,LAX,CA,AWP,WE,Towers with Radar,1178,245,49,2,1474,1,0,16,12,29,1179,245,65,14,1503,0,0,0,1503
11/18/2009,LAX,CA,AWP,WE,Towers with Radar,1195,249,45,5,1494,1,0,42,13,56,1196,249,87,18,1550,0,0,0,1550
11/19/2009,LAX,CA,AWP,WE,Towers with Radar,1246,240,49,8,1543,2,1,19,10,32,1248,241,68,18,1575,0,0,0,1575
11/20/2009,LAX,CA,AWP,WE,Towers with Radar,1243,218,41,1,1503,1,0,29,6,36,1244,218,70,7,1539,0,0,0,1539
11/21/2009,LAX,CA,AWP,WE,Towers with Radar,1111,218,33,2,1364,1,0,18,14,33,1112,218,51,16,1397,0,0,0,1397
11/22/2009,LAX,CA,AWP,WE,Towers with Radar,1176,230,31,1,1438,1,0,6,5,12,1177,230,37,6,1450,0,0,0,1450
11/23/2009,LAX,CA,AWP,WE,Towers with Radar,1206,231,33,2,1472,1,1,31,10,43,1207,232,64,12,1515,0,0,0,1515
11/24/2009,LAX,CA,AWP,WE,Towers with Radar,1249,240,44,2,1535,1,0,17,15,33,1250,240,61,17,1568,0,0,0,1568
11/25/2009,LAX,CA,AWP,WE,Towers with Radar,1258,239,31,2,1530,1,0,38,6,45,1259,239,69,8,1575,0,0,0,1575
11/26/2009,LAX,CA,AWP,WE,Towers with Radar,905,138,9,0,1052,1,0,12,2,15,906,138,21,2,1067,0,0,0,1067
11/27/2009,LAX,CA,AWP,WE,Towers with Radar,1057,188,21,1,1267,0,0,9,2,11,1057,188,30,3,1278,0,0,0,1278
11/28/2009,LAX,CA,AWP,WE,Towers with Radar,1191,211,20,0,1422,1,0,7,12,20,1192,211,27,12,1442,0,0,0,1442
11/29/2009,LAX,CA,AWP,WE,Towers with Radar,1274,247,47,4,1572,0,1,19,4,24,1274,248,66,8,1596,0,0,0,1596
11/30/2009,LAX,CA,AWP,WE,Towers with Radar,1263,256,34,2,1555,0,0,19,8,27,1263,256,53,10,1582,0,0,0,1582
12/01/2009,LAX,CA,AWP,WE,Towers with Radar,1216,238,43,1,1498,1,0,10,13,24,1217,238,53,14,1522,0,0,0,1522
12/02/2009,LAX,CA,AWP,WE,Towers with Radar,1211,235,41,0,1487,1,0,9,8,18,1212,235,50,8,1505,0,0,0,1505
12/03/2009,LAX,CA,AWP,WE,Towers with Radar,1247,240,41,2,1530,0,0,20,6,26,1247,240,61,8,1556,0,0,0,1556
12/04/2009,LAX,CA,AWP,WE,Towers with Radar,1253,237,33,1,1524,1,0,15,10,26,1254,237,48,11,1550,0,0,0,1550
12/05/2009,LAX,CA,AWP,WE,Towers with Radar,1090,213,18,9,1330,0,0,45,0,45,1090,213,63,9,1375,0,0,0,1375
12/06/2009,LAX,CA,AWP,WE,Towers with Radar,1189,227,23,0,1439,0,0,18,9,27,1189,227,41,9,1466,0,0,0,1466
12/07/2009,LAX,CA,AWP,WE,Towers with Radar,1223,239,47,0,1509,0,0,3,14,17,1223,239,50,14,1526,0,0,0,1526
12/08/2009,LAX,CA,AWP,WE,Towers with Radar,1169,222,40,1,1432,0,0,33,12,45,1169,222,73,13,1477,0,0,0,1477
12/09/2009,LAX,CA,AWP,WE,Towers with Radar,1202,231,40,3,1476,1,0,7,1,9,1203,231,47,4,1485,0,0,0,1485
12/10/2009,LAX,CA,AWP,WE,Towers with Radar,1246,243,40,3,1532,0,0,22,6,28,1246,243,62,9,1560,0,0,0,1560
12/11/2009,LAX,CA,AWP,WE,Towers with Radar,1264,276,31,0,1571,2,0,3,4,9,1266,276,34,4,1580,0,0,0,1580
12/12/2009,LAX,CA,AWP,WE,Towers with Radar,1105,215,30,0,1350,0,0,3,0,3,1105,215,33,0,1353,0,0,0,1353
12/13/2009,LAX,CA,AWP,WE,Towers with Radar,1189,232,36,1,1458,1,0,7,1,9,1190,232,43,2,1467,0,0,0,1467
12/14/2009,LAX,CA,AWP,WE,Towers with Radar,1201,229,24,2,1456,0,0,8,9,17,1201,229,32,11,1473,0,0,0,1473
12/15/2009,LAX,CA,AWP,WE,Towers with Radar,1222,228,41,1,1492,0,0,8,18,26,1222,228,49,19,1518,0,0,0,1518
12/16/2009,LAX,CA,AWP,WE,Towers with Radar,1266,230,49,1,1546,0,0,7,10,17,1266,230,56,11,1563,0,0,0,1563
12/17/2009,LAX,CA,AWP,WE,Towers with Radar,1320,232,42,1,1595,0,0,12,14,26,1320,232,54,15,1621,0,0,0,1621
12/18/2009,LAX,CA,AWP,WE,Towers with Radar,1329,226,44,0,1599,1,0,15,0,16,1330,226,59,0,1615,0,0,0,1615
12/19/2009,LAX,CA,AWP,WE,Towers with Radar,1138,198,28,2,1366,0,0,19,6,25,1138,198,47,8,1391,0,0,0,1391
12/20/2009,LAX,CA,AWP,WE,Towers with Radar,1232,203,23,0,1458,1,0,16,0,17,1233,203,39,0,1475,0,0,0,1475
12/21/2009,LAX,CA,AWP,WE,Towers with Radar,1283,219,23,2,1527,1,0,27,2,30,1284,219,50,4,1557,0,0,0,1557
12/22/2009,LAX,CA,AWP,WE,Towers with Radar,1333,222,41,1,1597,0,0,14,7,21,1333,222,55,8,1618,0,0,0,1618
12/23/2009,LAX,CA,AWP,WE,Towers with Radar,1317,242,38,2,1599,0,0,18,11,29,1317,242,56,13,1628,0,0,0,1628
12/24/2009,LAX,CA,AWP,WE,Towers with Radar,1158,202,28,2,1390,0,0,21,4,25,1158,202,49,6,1415,0,0,0,1415
12/25/2009,LAX,CA,AWP,WE,Towers with Radar,1089,202,15,1,1307,1,0,1,0,2,1090,202,16,1,1309,0,0,0,1309
12/26/2009,LAX,CA,AWP,WE,Towers with Radar,1219,244,41,0,1504,0,2,22,2,26,1219,246,63,2,1530,0,0,0,1530
12/27/2009,LAX,CA,AWP,WE,Towers with Radar,1280,271,39,0,1590,0,0,7,4,11,1280,271,46,4,1601,0,0,0,1601
12/28/2009,LAX,CA,AWP,WE,Towers with Radar,1271,266,25,2,1564,0,0,15,6,21,1271,266,40,8,1585,0,0,0,1585
12/29/2009,LAX,CA,AWP,WE,Towers with Radar,1333,255,32,1,1621,0,0,13,8,21,1333,255,45,9,1642,0,0,0,1642
12/30/2009,LAX,CA,AWP,WE,Towers with Radar,1336,259,39,2,1636,0,1,2,3,6,1336,260,41,5,1642,0,0,0,1642
12/31/2009,LAX,CA,AWP,WE,Towers with Radar,1154,217,27,1,1399,0,0,12,7,19,1154,217,39,8,1418,0,0,0,1418
01/01/2010,LAX,CA,AWP,WE,Towers with Radar,1153,237,43,0,1433,1,0,8,1,10,1154,237,51,1,1443,0,0,0,1443
01/02/2010,LAX,CA,AWP,WE,Towers with Radar,1237,241,47,0,1525,0,1,9,6,16,1237,242,56,6,1541,0,0,0,1541
01/03/2010,LAX,CA,AWP,WE,Towers with Radar,1255,277,64,1,1597,0,0,13,2,15,1255,277,77,3,1612,0,0,0,1612
01/04/2010,LAX,CA,AWP,WE,Towers with Radar,1265,268,47,0,1580,0,0,11,10,21,1265,268,58,10,1601,0,0,0,1601
01/05/2010,LAX,CA,AWP,WE,Towers with Radar,1250,259,61,0,1570,0,0,11,5,16,1250,259,72,5,1586,0,0,0,1586
01/06/2010,LAX,CA,AWP,WE,Towers with Radar,1255,286,67,0,1608,0,0,7,5,12,1255,286,74,5,1620,0,0,0,1620
01/07/2010,LAX,CA,AWP,WE,Towers with Radar,1252,269,60,1,1582,1,0,6,8,15,1253,269,66,9,1597,0,0,0,1597
01/08/2010,LAX,CA,AWP,WE,Towers with Radar,1294,268,47,0,1609,0,0,13,5,18,1294,268,60,5,1627,0,0,0,1627
01/09/2010,LAX,CA,AWP,WE,Towers with Radar,1125,228,49,3,1405,1,0,18,2,21,1126,228,67,5,1426,0,0,0,1426
01/10/2010,LAX,CA,AWP,WE,Towers with Radar,1183,268,34,0,1485,0,0,8,1,9,1183,268,42,1,1494,0,0,0,1494
01/11/2010,LAX,CA,AWP,WE,Towers with Radar,1177,265,61,3,1506,1,0,13,22,36,1178,265,74,25,1542,0,0,0,1542
01/12/2010,LAX,CA,AWP,WE,Towers with Radar,1166,243,44,0,1453,0,0,16,10,26,1166,243,60,10,1479,0,0,0,1479
01/13/2010,LAX,CA,AWP,WE,Towers with Radar,1187,264,59,3,1513,1,0,4,4,9,1188,264,63,7,1522,0,0,0,1522
01/14/2010,LAX,CA,AWP,WE,Towers with Radar,1237,262,68,3,1570,2,0,13,3,18,1239,262,81,6,1588,0,0,0,1588
01/15/2010,LAX,CA,AWP,WE,Towers with Radar,1257,270,55,3,1585,3,0,32,7,42,1260,270,87,10,1627,0,0,0,1627
01/16/2010,LAX,CA,AWP,WE,Towers with Radar,1091,226,20,0,1337,0,1,17,8,26,1091,227,37,8,1363,0,0,0,1363
01/17/2010,LAX,CA,AWP,WE,Towers with Radar,1136,266,28,1,1431,0,0,14,2,16,1136,266,42,3,1447,0,0,0,1447
01/18/2010,LAX,CA,AWP,WE,Towers with Radar,1216,250,85,0,1551,1,0,2,1,4,1217,250,87,1,1555,0,0,0,1555
01/19/2010,LAX,CA,AWP,WE,Towers with Radar,1149,250,56,2,1457,0,0,7,4,11,1149,250,63,6,1468,0,0,0,1468
01/20/2010,LAX,CA,AWP,WE,Towers with Radar,1198,242,45,0,1485,0,0,5,4,9,1198,242,50,4,1494,0,0,0,1494
01/21/2010,LAX,CA,AWP,WE,Towers with Radar,1194,240,61,0,1495,1,0,3,10,14,1195,240,64,10,1509,0,0,0,1509
01/22/2010,LAX,CA,AWP,WE,Towers with Radar,1246,268,39,3,1556,0,0,1,0,1,1246,268,40,3,1557,0,0,0,1557
01/23/2010,LAX,CA,AWP,WE,Towers with Radar,1073,242,30,0,1345,0,0,10,3,13,1073,242,40,3,1358,0,0,0,1358
01/24/2010,LAX,CA,AWP,WE,Towers with Radar,1136,261,40,0,1437,1,0,11,1,13,1137,261,51,1,1450,0,0,0,1450
01/25/2010,LAX,CA,AWP,WE,Towers with Radar,1172,268,48,1,1489,1,0,15,7,23,1173,268,63,8,1512,0,0,0,1512
01/26/2010,LAX,CA,AWP,WE,Towers with Radar,1157,265,38,2,1462,0,0,3,7,10,1157,265,41,9,1472,0,0,0,1472
01/27/2010,LAX,CA,AWP,WE,Towers with Radar,1183,276,28,0,1487,0,0,19,15,34,1183,276,47,15,1521,0,0,0,1521
01/28/2010,LAX,CA,AWP,WE,Towers with Radar,1222,272,46,2,1542,1,0,14,13,28,1223,272,60,15,1570,0,0,0,1570
01/29/2010,LAX,CA,AWP,WE,Towers with Radar,1216,274,33,5,1528,1,0,8,12,21,1217,274,41,17,1549,0,0,0,1549
01/30/2010,LAX,CA,AWP,WE,Towers with Radar,1072,234,23,0,1329,1,0,10,3,14,1073,234,33,3,1343,0,0,0,1343
01/31/2010,LAX,CA,AWP,WE,Towers with Radar,1156,272,51,0,1479,0,0,13,5,18,1156,272,64,5,1497,0,0,0,1497
02/01/2010,LAX,CA,AWP,WE,Towers with Radar,1203,272,54,1,1530,0,0,12,8,20,1203,272,66,9,1550,0,0,0,1550
02/02/2010,LAX,CA,AWP,WE,Towers with Radar,1164,272,46,0,1482,0,2,16,5,23,1164,274,62,5,1505,0,0,0,1505
02/03/2010,LAX,CA,AWP,WE,Towers with Radar,1176,257,52,1,1486,1,2,24,13,40,1177,259,76,14,1526,0,0,0,1526
02/04/2010,LAX,CA,AWP,WE,Towers with Radar,1216,275,72,0,1563,0,1,25,16,42,1216,276,97,16,1605,0,0,0,1605
02/05/2010,LAX,CA,AWP,WE,Towers with Radar,1204,276,45,4,1529,0,0,0,0,0,1204,276,45,4,1529,0,0,0,1529
02/06/2010,LAX,CA,AWP,WE,Towers with Radar,1070,255,23,0,1348,0,0,6,2,8,1070,255,29,2,1356,0,0,0,1356
02/07/2010,LAX,CA,AWP,WE,Towers with Radar,1145,255,46,2,1448,1,0,12,2,15,1146,255,58,4,1463,0,0,0,1463
02/08/2010,LAX,CA,AWP,WE,Towers with Radar,1187,262,49,1,1499,0,2,16,8,26,1187,264,65,9,1525,0,0,0,1525
02/09/2010,LAX,CA,AWP,WE,Towers with Radar,1127,263,48,0,1438,1,1,18,6,26,1128,264,66,6,1464,0,0,0,1464
02/10/2010,LAX,CA,AWP,WE,Towers with Radar,1117,273,37,0,1427,0,1,6,6,13,1117,274,43,6,1440,0,0,0,1440
02/11/2010,LAX,CA,AWP,WE,Towers with Radar,1211,282,61,1,1555,1,0,25,12,38,1212,282,86,13,1593,0,0,0,1593
02/12/2010,LAX,CA,AWP,WE,Towers with Radar,1250,294,68,5,1617,0,0,16,12,28,1250,294,84,17,1645,0,0,0,1645
02/13/2010,LAX,CA,AWP,WE,Towers with Radar,1135,234,35,0,1404,0,0,7,2,9,1135,234,42,2,1413,0,0,0,1413
02/14/2010,LAX,CA,AWP,WE,Towers with Radar,1185,273,36,2,1496,1,0,17,4,22,1186,273,53,6,1518,0,0,0,1518
02/15/2010,LAX,CA,AWP,WE,Towers with Radar,1236,279,64,1,1580,0,0,21,6,27,1236,279,85,7,1607,0,0,0,1607
02/16/2010,LAX,CA,AWP,WE,Towers with Radar,1206,276,64,0,1546,1,0,18,5,24,1207,276,82,5,1570,0,0,0,1570
02/17/2010,LAX,CA,AWP,WE,Towers with Radar,1236,285,55,0,1576,0,0,23,5,28,1236,285,78,5,1604,0,0,0,1604
02/18/2010,LAX,CA,AWP,WE,Towers with Radar,1215,293,64,3,1575,1,0,13,6,20,1216,293,77,9,1595,0,0,0,1595
02/19/2010,LAX,CA,AWP,WE,Towers with Radar,1233,286,47,0,1566,0,0,17,7,24,1233,286,64,7,1590,0,0,0,1590
02/20/2010,LAX,CA,AWP,WE,Towers with Radar,1117,236,31,0,1384,0,0,15,4,19,1117,236,46,4,1403,0,0,0,1403
02/21/2010,LAX,CA,AWP,WE,Towers with Radar,1171,280,50,1,1502,0,0,19,5,24,1171,280,69,6,1526,0,0,0,1526
02/22/2010,LAX,CA,AWP,WE,Towers with Radar,1209,282,60,4,1555,1,0,7,9,17,1210,282,67,13,1572,0,0,0,1572
02/23/2010,LAX,CA,AWP,WE,Towers with Radar,1188,284,43,1,1516,0,0,30,2,32,1188,284,73,3,1548,0,0,0,1548
02/24/2010,LAX,CA,AWP,WE,Towers with Radar,1217,283,42,2,1544,1,0,15,8,24,1218,283,57,10,1568,0,0,0,1568
02/25/2010,LAX,CA,AWP,WE,Towers with Radar,1224,294,50,0,1568,0,0,16,12,28,1224,294,66,12,1596,0,0,0,1596
02/26/2010,LAX,CA,AWP,WE,Towers with Radar,1214,292,46,1,1553,0,2,9,5,16,1214,294,55,6,1569,0,0,0,1569
02/27/2010,LAX,CA,AWP,WE,Towers with Radar,1122,235,14,0,1371,1,0,3,9,13,1123,235,17,9,1384,0,0,0,1384
02/28/2010,LAX,CA,AWP,WE,Towers with Radar,1202,275,44,4,1525,0,0,13,8,21,1202,275,57,12,1546,0,0,0,1546
03/01/2010,LAX,CA,AWP,WE,Towers with Radar,1205,292,56,5,1558,1,0,15,12,28,1206,292,71,17,1586,0,0,0,1586
03/02/2010,LAX,CA,AWP,WE,Towers with Radar,1206,279,69,0,1554,0,0,2,3,5,1206,279,71,3,1559,0,0,0,1559
03/03/2010,LAX,CA,AWP,WE,Towers with Radar,1226,279,63,0,1568,0,0,22,5,27,1226,279,85,5,1595,0,0,0,1595
03/04/2010,LAX,CA,AWP,WE,Towers with Radar,1255,289,60,3,1607,1,0,26,8,35,1256,289,86,11,1642,0,0,0,1642
03/05/2010,LAX,CA,AWP,WE,Towers with Radar,1260,288,38,5,1591,0,0,13,8,21,1260,288,51,13,1612,0,0,0,1612
03/06/2010,LAX,CA,AWP,WE,Towers with Radar,1135,247,28,1,1411,0,0,1,6,7,1135,247,29,7,1418,0,0,0,1418
03/07/2010,LAX,CA,AWP,WE,Towers with Radar,1194,280,29,0,1503,0,0,9,10,19,1194,280,38,10,1522,0,0,0,1522
03/08/2010,LAX,CA,AWP,WE,Towers with Radar,1228,297,37,3,1565,0,1,11,12,24,1228,298,48,15,1589,0,0,0,1589
03/09/2010,LAX,CA,AWP,WE,Towers with Radar,1218,290,44,2,1554,0,0,12,6,18,1218,290,56,8,1572,0,0,0,1572
03/10/2010,LAX,CA,AWP,WE,Towers with Radar,1242,278,40,1,1561,0,0,26,8,34,1242,278,66,9,1595,0,0,0,1595
03/11/2010,LAX,CA,AWP,WE,Towers with Radar,1257,301,48,0,1606,1,0,22,8,31,1258,301,70,8,1637,0,0,0,1637
03/12/2010,LAX,CA,AWP,WE,Towers with Radar,1244,270,33,0,1547,0,0,21,4,25,1244,270,54,4,1572,0,0,0,1572
03/13/2010,LAX,CA,AWP,WE,Towers with Radar,1148,242,37,0,1427,0,0,14,3,17,1148,242,51,3,1444,0,0,0,1444
03/14/2010,LAX,CA,AWP,WE,Towers with Radar,1174,274,42,1,1491,2,0,18,8,28,1176,274,60,9,1519,0,0,0,1519
03/15/2010,LAX,CA,AWP,WE,Towers with Radar,1236,275,37,2,1550,0,0,13,4,17,1236,275,50,6,1567,0,0,0,1567
03/16/2010,LAX,CA,AWP,WE,Towers with Radar,1228,289,47,3,1567,1,0,15,4,20,1229,289,62,7,1587,10,0,10,1597
03/17/2010,LAX,CA,AWP,WE,Towers with Radar,1252,286,54,0,1592,0,0,11,6,17,1252,286,65,6,1609,0,0,0,1609
03/18/2010,LAX,CA,AWP,WE,Towers with Radar,1277,283,61,2,1623,0,0,13,14,27,1277,283,74,16,1650,0,0,0,1650
03/19/2010,LAX,CA,AWP,WE,Towers with Radar,1283,279,44,1,1607,0,1,10,6,17,1283,280,54,7,1624,0,0,0,1624
03/20/2010,LAX,CA,AWP,WE,Towers with Radar,1159,246,33,2,1440,0,0,12,0,12,1159,246,45,2,1452,0,0,0,1452
03/21/2010,LAX,CA,AWP,WE,Towers with Radar,1221,272,49,2,1544,2,0,8,0,10,1223,272,57,2,1554,0,0,0,1554
03/22/2010,LAX,CA,AWP,WE,Towers with Radar,1256,289,56,2,1603,0,0,7,10,17,1256,289,63,12,1620,0,0,0,1620
03/23/2010,LAX,CA,AWP,WE,Towers with Radar,1235,281,60,5,1581,2,0,19,11,32,1237,281,79,16,1613,0,0,0,1613
03/24/2010,LAX,CA,AWP,WE,Towers with Radar,1244,287,62,3,1596,0,0,15,10,25,1244,287,77,13,1621,0,0,0,1621
03/25/2010,LAX,CA,AWP,WE,Towers with Radar,1280,288,53,3,1624,1,0,16,6,23,1281,288,69,9,1647,0,0,0,1647
03/26/2010,LAX,CA,AWP,WE,Towers with Radar,1281,287,65,3,1636,0,0,23,8,31,1281,287,88,11,1667,0,0,0,1667
03/27/2010,LAX,CA,AWP,WE,Towers with Radar,1181,246,34,0,1461,1,0,9,0,10,1182,246,43,0,1471,0,0,0,1471
03/28/2010,LAX,CA,AWP,WE,Towers with Radar,1223,274,40,2,1539,0,0,11,2,13,1223,274,51,4,1552,0,0,0,1552
03/29/2010,LAX,CA,AWP,WE,Towers with Radar,1241,291,37,0,1569,0,0,14,10,24,1241,291,51,10,1593,0,0,0,1593
03/30/2010,LAX,CA,AWP,WE,Towers with Radar,1236,282,47,2,1567,0,0,11,14,25,1236,282,58,16,1592,0,0,0,1592
03/31/2010,LAX,CA,AWP,WE,Towers with Radar,1250,287,46,0,1583,1,0,14,10,25,1251,287,60,10,1608,0,0,0,1608
04/01/2010,LAX,CA,AWP,WE,Towers with Radar,1290,286,41,0,1617,1,0,26,8,35,1291,286,67,8,1652,0,0,0,1652
04/02/2010,LAX,CA,AWP,WE,Towers with Radar,1280,286,27,0,1593,0,0,15,4,19,1280,286,42,4,1612,0,0,0,1612
04/03/2010,LAX,CA,AWP,WE,Towers with Radar,1174,240,36,0,1450,1,0,7,3,11,1175,240,43,3,1461,0,0,0,1461
04/04/2010,LAX,CA,AWP,WE,Towers with Radar,1217,274,26,1,1518,0,0,12,7,19,1217,274,38,8,1537,0,0,0,1537
04/05/2010,LAX,CA,AWP,WE,Towers with Radar,1250,281,45,0,1576,0,0,10,8,18,1250,281,55,8,1594,0,0,0,1594
04/06/2010,LAX,CA,AWP,WE,Towers with Radar,1269,267,34,1,1571,0,0,21,4,25,1269,267,55,5,1596,0,0,0,1596
04/07/2010,LAX,CA,AWP,WE,Towers with Radar,1256,277,46,0,1579,1,0,7,4,12,1257,277,53,4,1591,0,0,0,1591
04/08/2010,LAX,CA,AWP,WE,Towers with Radar,1281,282,49,3,1615,1,0,25,9,35,1282,282,74,12,1650,0,0,0,1650
04/09/2010,LAX,CA,AWP,WE,Towers with Radar,1285,285,52,0,1622,0,0,7,11,18,1285,285,59,11,1640,0,0,0,1640
04/10/2010,LAX,CA,AWP,WE,Towers with Radar,1162,249,39,1,1451,1,0,9,5,15,1163,249,48,6,1466,0,0,0,1466
04/11/2010,LAX,CA,AWP,WE,Towers with Radar,1198,287,31,0,1516,0,0,8,5,13,1198,287,39,5,1529,0,0,0,1529
04/12/2010,LAX,CA,AWP,WE,Towers with Radar,1257,291,68,2,1618,1,0,17,8,26,1258,291,85,10,1644,0,0,0,1644
04/13/2010,LAX,CA,AWP,WE,Towers with Radar,1257,278,51,0,1586,1,0,4,5,10,1258,278,55,5,1596,0,0,0,1596
04/14/2010,LAX,CA,AWP,WE,Towers with Radar,1254,281,60,1,1596,0,0,11,13,24,1254,281,71,14,1620,0,0,0,1620
04/15/2010,LAX,CA,AWP,WE,Towers with Radar,1269,284,61,0,1614,0,1,35,10,46,1269,285,96,10,1660,0,0,0,1660
04/16/2010,LAX,CA,AWP,WE,Towers with Radar,1253,283,36,4,1576,1,0,17,12,30,1254,283,53,16,1606,0,0,0,1606
04/17/2010,LAX,CA,AWP,WE,Towers with Radar,1131,252,18,2,1403,0,0,9,25,34,1131,252,27,27,1437,0,0,0,1437
04/18/2010,LAX,CA,AWP,WE,Towers with Radar,1184,286,32,1,1503,2,0,9,4,15,1186,286,41,5,1518,0,0,0,1518
04/19/2010,LAX,CA,AWP,WE,Towers with Radar,1215,284,37,0,1536,1,0,11,29,41,1216,284,48,29,1577,0,0,0,1577
04/20/2010,LAX,CA,AWP,WE,Towers with Radar,1229,264,50,3,1546,0,0,9,11,20,1229,264,59,14,1566,0,0,0,1566
04/21/2010,LAX,CA,AWP,WE,Towers with Radar,1258,281,50,3,1592,1,0,15,4,20,1259,281,65,7,1612,0,0,0,1612
04/22/2010,LAX,CA,AWP,WE,Towers with Radar,1271,290,58,1,1620,1,1,26,14,42,1272,291,84,15,1662,0,0,0,1662
04/23/2010,LAX,CA,AWP,WE,Towers with Radar,1287,279,49,4,1619,0,0,11,2,13,1287,279,60,6,1632,0,0,0,1632
04/24/2010,LAX,CA,AWP,WE,Towers with Radar,1153,242,28,0,1423,0,0,12,2,14,1153,242,40,2,1437,0,0,0,1437
04/25/2010,LAX,CA,AWP,WE,Towers with Radar,1202,292,50,0,1544,1,0,2,2,5,1203,292,52,2,1549,0,0,0,1549
04/26/2010,LAX,CA,AWP,WE,Towers with Radar,1245,279,58,2,1584,1,0,2,0,3,1246,279,60,2,1587,0,0,0,1587
04/27/2010,LAX,CA,AWP,WE,Towers with Radar,1217,266,59,0,1542,0,0,8,6,14,1217,266,67,6,1556,0,0,0,1556
04/28/2010,LAX,CA,AWP,WE,Towers with Radar,1245,277,53,0,1575,0,0,10,6,16,1245,277,63,6,1591,0,0,0,1591
04/29/2010,LAX,CA,AWP,WE,Towers with Radar,1289,275,51,0,1615,0,0,22,16,38,1289,275,73,16,1653,0,0,0,1653
04/30/2010,LAX,CA,AWP,WE,Towers with Radar,1289,283,36,0,1608,0,0,17,11,28,1289,283,53,11,1636,0,0,0,1636
05/01/2010,LAX,CA,AWP,WE,Towers with Radar,1175,245,26,3,1449,0,0,7,1,8,1175,245,33,4,1457,0,0,0,1457
05/02/2010,LAX,CA,AWP,WE,Towers with Radar,1203,282,28,0,1513,0,0,3,3,6,1203,282,31,3,1519,0,0,0,1519
05/03/2010,LAX,CA,AWP,WE,Towers with Radar,1251,280,58,1,1590,1,1,12,11,25,1252,281,70,12,1615,0,0,0,1615
05/04/2010,LAX,CA,AWP,WE,Towers with Radar,1224,283,47,2,1556,0,0,28,7,35,1224,283,75,9,1591,0,0,0,1591
05/05/2010,LAX,CA,AWP,WE,Towers with Radar,1250,282,44,1,1577,2,0,12,7,21,1252,282,56,8,1598,0,0,0,1598
05/06/2010,LAX,CA,AWP,WE,Towers with Radar,1280,277,51,0,1608,1,0,20,11,32,1281,277,71,11,1640,0,0,0,1640
05/07/2010,LAX,CA,AWP,WE,Towers with Radar,1280,283,43,0,1606,0,0,10,8,18,1280,283,53,8,1624,0,0,0,1624
05/08/2010,LAX,CA,AWP,WE,Towers with Radar,1167,241,42,1,1451,1,0,10,4,15,1168,241,52,5,1466,0,0,0,1466
05/09/2010,LAX,CA,AWP,WE,Towers with Radar,1221,291,28,0,1540,1,0,10,1,12,1222,291,38,1,1552,0,0,0,1552
05/10/2010,LAX,CA,AWP,WE,Towers with Radar,1268,275,68,3,1614,0,0,7,0,7,1268,275,75,3,1621,0,0,0,1621
05/11/2010,LAX,CA,AWP,WE,Towers with Radar,1232,262,63,1,1558,1,0,21,3,25,1233,262,84,4,1583,0,0,0,1583
05/12/2010,LAX,CA,AWP,WE,Towers with Radar,1230,274,68,1,1573,0,0,6,11,17,1230,274,74,12,1590,0,0,0,1590
05/13/2010,LAX,CA,AWP,WE,Towers with Radar,1303,278,57,0,1638,0,0,16,5,21,1303,278,73,5,1659,0,0,0,1659
05/14/2010,LAX,CA,AWP,WE,Towers with Radar,1261,262,31,1,1555,0,0,13,5,18,1261,262,44,6,1573,0,0,0,1573
05/15/2010,LAX,CA,AWP,WE,Towers with Radar,1188,247,26,0,1461,4,0,0,2,6,1192,247,26,2,1467,0,0,0,1467
05/16/2010,LAX,CA,AWP,WE,Towers with Radar,1231,293,48,0,1572,0,0,2,0,2,1231,293,50,0,1574,0,0,0,1574
05/17/2010,LAX,CA,AWP,WE,Towers with Radar,1260,282,41,3,1586,0,0,3,3,6,1260,282,44,6,1592,0,0,0,1592
05/18/2010,LAX,CA,AWP,WE,Towers with Radar,1253,273,58,3,1587,2,0,8,9,19,1255,273,66,12,1606,0,0,0,1606
05/19/2010,LAX,CA,AWP,WE,Towers with Radar,1260,276,48,0,1584,0,0,16,4,20,1260,276,64,4,1604,0,0,0,1604
05/20/2010,LAX,CA,AWP,WE,Towers with Radar,1308,274,76,3,1661,1,1,28,11,41,1309,275,104,14,1702,0,0,0,1702
05/21/2010,LAX,CA,AWP,WE,Towers with Radar,1285,291,51,1,1628,0,0,17,8,25,1285,291,68,9,1653,0,0,0,1653
05/22/2010,LAX,CA,AWP,WE,Towers with Radar,1198,252,26,0,1476,0,0,11,4,15,1198,252,37,4,1491,0,0,0,1491
05/23/2010,LAX,CA,AWP,WE,Towers with Radar,1232,283,40,0,1555,0,0,11,6,17,1232,283,51,6,1572,0,0,0,1572
05/24/2010,LAX,CA,AWP,WE,Towers with Radar,1275,262,51,1,1589,0,0,9,15,24,1275,262,60,16,1613,0,0,0,1613
05/25/2010,LAX,CA,AWP,WE,Towers with Radar,1227,264,61,1,1553,0,0,12,8,20,1227,264,73,9,1573,0,0,0,1573
05/26/2010,LAX,CA,AWP,WE,Towers with Radar,1240,292,43,1,1576,1,0,6,4,11,1241,292,49,5,1587,0,0,0,1587
05/27/2010,LAX,CA,AWP,WE,Towers with Radar,1312,275,55,0,1642,0,2,12,4,18,1312,277,67,4,1660,0,0,0,1660
05/28/2010,LAX,CA,AWP,WE,Towers with Radar,1312,282,37,2,1633,1,0,3,0,4,1313,282,40,2,1637,0,0,0,1637
05/29/2010,LAX,CA,AWP,WE,Towers with Radar,1159,240,25,2,1426,0,0,27,0,27,1159,240,52,2,1453,0,0,0,1453
05/30/2010,LAX,CA,AWP,WE,Towers with Radar,1112,224,17,0,1353,0,0,8,2,10,1112,224,25,2,1363,0,0,0,1363
05/31/2010,LAX,CA,AWP,WE,Towers with Radar,1227,280,39,0,1546,0,0,15,6,21,1227,280,54,6,1567,0,0,0,1567
06/01/2010,LAX,CA,AWP,WE,Towers with Radar,1267,276,57,2,1602,0,0,21,1,22,1267,276,78,3,1624,0,0,0,1624
06/02/2010,LAX,CA,AWP,WE,Towers with Radar,1288,282,52,0,1622,0,1,23,11,35,1288,283,75,11,1657,0,0,0,1657
06/03/2010,LAX,CA,AWP,WE,Towers with Radar,1318,285,66,5,1674,2,0,9,5,16,1320,285,75,10,1690,0,0,0,1690
06/04/2010,LAX,CA,AWP,WE,Towers with Radar,1320,275,50,0,1645,2,0,3,0,5,1322,275,53,0,1650,0,0,0,1650
06/05/2010,LAX,CA,AWP,WE,Towers with Radar,1190,245,23,3,1461,0,0,2,0,2,1190,245,25,3,1463,0,0,0,1463
06/06/2010,LAX,CA,AWP,WE,Towers with Radar,1255,286,39,1,1581,0,0,4,0,4,1255,286,43,1,1585,0,0,0,1585
06/07/2010,LAX,CA,AWP,WE,Towers with Radar,1300,265,61,3,1629,1,0,8,2,11,1301,265,69,5,1640,0,0,0,1640
06/08/2010,LAX,CA,AWP,WE,Towers with Radar,1259,260,50,4,1573,0,0,8,4,12,1259,260,58,8,1585,0,0,0,1585
06/09/2010,LAX,CA,AWP,WE,Towers with Radar,1272,267,51,2,1592,1,0,17,13,31,1273,267,68,15,1623,0,0,0,1623
06/10/2010,LAX,CA,AWP,WE,Towers with Radar,1371,274,64,0,1709,1,0,8,6,15,1372,274,72,6,1724,0,0,0,1724
06/11/2010,LAX,CA,AWP,WE,Towers with Radar,1347,254,47,0,1648,0,0,8,6,14,1347,254,55,6,1662,0,0,0,1662
06/12/2010,LAX,CA,AWP,WE,Towers with Radar,1251,240,19,0,1510,0,0,8,3,11,1251,240,27,3,1521,0,0,0,1521
06/13/2010,LAX,CA,AWP,WE,Towers with Radar,1292,277,27,1,1597,0,0,4,3,7,1292,277,31,4,1604,0,0,0,1604
06/14/2010,LAX,CA,AWP,WE,Towers with Radar,1333,281,57,6,1677,0,1,20,8,29,1333,282,77,14,1706,0,0,0,1706
06/15/2010,LAX,CA,AWP,WE,Towers with Radar,1347,271,71,2,1691,0,0,14,1,15,1347,271,85,3,1706,0,0,0,1706
06/16/2010,LAX,CA,AWP,WE,Towers with Radar,1343,272,51,1,1667,1,1,16,15,33,1344,273,67,16,1700,0,0,0,1700
06/17/2010,LAX,CA,AWP,WE,Towers with Radar,1366,278,83,1,1728,1,0,21,15,37,1367,278,104,16,1765,0,0,0,1765
06/18/2010,LAX,CA,AWP,WE,Towers with Radar,1349,276,61,0,1686,0,0,1,4,5,1349,276,62,4,1691,0,0,0,1691
06/19/2010,LAX,CA,AWP,WE,Towers with Radar,1279,248,28,3,1558,1,0,4,1,6,1280,248,32,4,1564,0,0,0,1564
06/20/2010,LAX,CA,AWP,WE,Towers with Radar,1316,298,37,1,1652,0,0,8,2,10,1316,298,45,3,1662,0,0,0,1662
06/21/2010,LAX,CA,AWP,WE,Towers with Radar,1325,267,46,2,1640,1,0,9,12,22,1326,267,55,14,1662,0,0,0,1662
06/22/2010,LAX,CA,AWP,WE,Towers with Radar,1340,265,53,0,1658,0,2,12,8,22,1340,267,65,8,1680,0,0,0,1680
06/23/2010,LAX,CA,AWP,WE,Towers with Radar,1344,262,64,1,1671,0,0,7,5,12,1344,262,71,6,1683,0,0,0,1683
06/24/2010,LAX,CA,AWP,WE,Towers with Radar,1358,271,50,6,1685,1,0,14,7,22,1359,271,64,13,1707,0,0,0,1707
06/25/2010,LAX,CA,AWP,WE,Towers with Radar,1400,268,51,4,1723,1,0,9,6,16,1401,268,60,10,1739,0,0,0,1739
06/26/2010,LAX,CA,AWP,WE,Towers with Radar,1284,247,31,0,1562,0,0,12,1,13,1284,247,43,1,1575,0,0,0,1575
06/27/2010,LAX,CA,AWP,WE,Towers with Radar,1284,279,42,0,1605,0,0,4,0,4,1284,279,46,0,1609,0,0,0,1609
06/28/2010,LAX,CA,AWP,WE,Towers with Radar,1342,291,50,1,1684,1,0,9,10,20,1343,291,59,11,1704,0,0,0,1704
06/29/2010,LAX,CA,AWP,WE,Towers with Radar,1364,278,45,4,1691,0,0,5,11,16,1364,278,50,15,1707,0,0,0,1707
06/30/2010,LAX,CA,AWP,WE,Towers with Radar,1361,288,65,5,1719,2,0,6,9,17,1363,288,71,14,1736,0,0,0,1736
07/01/2010,LAX,CA,AWP,WE,Towers with Radar,1399,290,52,11,1752,0,0,17,5,22,1399,290,69,16,1774,0,0,0,1774
07/02/2010,LAX,CA,AWP,WE,Towers with Radar,1398,286,36,2,1722,1,0,15,4,20,1399,286,51,6,1742,0,0,0,1742
07/03/2010,LAX,CA,AWP,WE,Towers with Radar,1274,225,22,2,1523,1,0,4,4,9,1275,225,26,6,1532,0,0,0,1532
07/04/2010,LAX,CA,AWP,WE,Towers with Radar,1150,191,23,1,1365,0,0,10,2,12,1150,191,33,3,1377,0,0,0,1377
07/05/2010,LAX,CA,AWP,WE,Towers with Radar,1309,254,35,0,1598,2,0,12,5,19,1311,254,47,5,1617,0,0,0,1617
07/06/2010,LAX,CA,AWP,WE,Towers with Radar,1330,266,41,0,1637,2,0,5,6,13,1332,266,46,6,1650,0,0,0,1650
07/07/2010,LAX,CA,AWP,WE,Towers with Radar,1383,267,41,3,1694,0,0,9,6,15,1383,267,50,9,1709,0,0,0,1709
07/08/2010,LAX,CA,AWP,WE,Towers with Radar,1381,262,55,4,1702,0,0,12,6,18,1381,262,67,10,1720,0,0,0,1720
07/09/2010,LAX,CA,AWP,WE,Towers with Radar,1367,265,29,3,1664,1,0,3,3,7,1368,265,32,6,1671,0,0,0,1671
07/10/2010,LAX,CA,AWP,WE,Towers with Radar,1298,240,41,0,1579,2,0,3,2,7,1300,240,44,2,1586,0,0,0,1586
07/11/2010,LAX,CA,AWP,WE,Towers with Radar,1313,270,36,1,1620,1,0,4,2,7,1314,270,40,3,1627,0,0,0,1627
07/12/2010,LAX,CA,AWP,WE,Towers with Radar,1336,270,42,4,1652,0,0,19,2,21,1336,270,61,6,1673,0,0,0,1673
07/13/2010,LAX,CA,AWP,WE,Towers with Radar,1351,279,46,0,1676,1,0,15,8,24,1352,279,61,8,1700,0,0,0,1700
07/14/2010,LAX,CA,AWP,WE,Towers with Radar,1369,278,50,4,1701,1,0,25,12,38,1370,278,75,16,1739,0,0,0,1739
07/15/2010,LAX,CA,AWP,WE,Towers with Radar,1392,264,51,1,1708,1,0,20,8,29,1393,264,71,9,1737,0,0,0,1737
07/16/2010,LAX,CA,AWP,WE,Towers with Radar,1377,273,42,0,1692,1,0,16,5,22,1378,273,58,5,1714,0,0,0,1714
07/17/2010,LAX,CA,AWP,WE,Towers with Radar,1293,240,31,1,1565,1,0,7,2,10,1294,240,38,3,1575,0,0,0,1575
07/18/2010,LAX,CA,AWP,WE,Towers with Radar,1317,285,30,0,1632,2,0,3,0,5,1319,285,33,0,1637,0,0,0,1637
07/19/2010,LAX,CA,AWP,WE,Towers with Radar,1339,277,28,3,1647,1,0,8,6,15,1340,277,36,9,1662,0,0,0,1662
07/20/2010,LAX,CA,AWP,WE,Towers with Radar,1355,276,47,10,1688,2,0,19,11,32,1357,276,66,21,1720,0,0,0,1720
07/21/2010,LAX,CA,AWP,WE,Towers with Radar,1369,278,48,0,1695,1,0,11,8,20,1370,278,59,8,1715,0,0,0,1715
07/22/2010,LAX,CA,AWP,WE,Towers with Radar,1384,278,47,2,1711,2,0,6,9,17,1386,278,53,11,1728,0,0,0,1728
07/23/2010,LAX,CA,AWP,WE,Towers with Radar,1338,283,20,0,1641,2,0,4,3,9,1340,283,24,3,1650,0,0,0,1650
07/24/2010,LAX,CA,AWP,WE,Towers with Radar,1294,255,29,2,1580,0,0,13,4,17,1294,255,42,6,1597,0,0,0,1597
07/25/2010,LAX,CA,AWP,WE,Towers with Radar,1318,277,42,3,1640,1,0,0,3,4,1319,277,42,6,1644,0,0,0,1644
07/26/2010,LAX,CA,AWP,WE,Towers with Radar,1352,278,41,2,1673,1,0,3,5,9,1353,278,44,7,1682,0,0,0,1682
07/27/2010,LAX,CA,AWP,WE,Towers with Radar,1346,294,47,0,1687,2,0,17,10,29,1348,294,64,10,1716,0,0,0,1716
07/28/2010,LAX,CA,AWP,WE,Towers with Radar,1348,269,45,1,1663,1,0,18,9,28,1349,269,63,10,1691,0,0,0,1691
07/29/2010,LAX,CA,AWP,WE,Towers with Radar,1368,283,67,0,1718,1,0,19,15,35,1369,283,86,15,1753,0,0,0,1753
07/30/2010,LAX,CA,AWP,WE,Towers with Radar,1394,282,53,3,1732,2,0,10,4,16,1396,282,63,7,1748,0,0,0,1748
07/31/2010,LAX,CA,AWP,WE,Towers with Radar,1311,236,38,1,1586,1,0,2,2,5,1312,236,40,3,1591,0,0,0,1591
08/01/2010,LAX,CA,AWP,WE,Towers with Radar,1303,291,33,0,1627,1,0,5,0,6,1304,291,38,0,1633,0,0,0,1633
08/02/2010,LAX,CA,AWP,WE,Towers with Radar,1367,268,47,5,1687,1,0,3,11,15,1368,268,50,16,1702,0,0,0,1702
08/03/2010,LAX,CA,AWP,WE,Towers with Radar,1352,271,45,0,1668,0,0,7,11,18,1352,271,52,11,1686,0,0,0,1686
08/04/2010,LAX,CA,AWP,WE,Towers with Radar,1352,273,51,0,1676,0,0,6,2,8,1352,273,57,2,1684,0,0,0,1684
08/05/2010,LAX,CA,AWP,WE,Towers with Radar,1382,281,57,4,1724,1,0,5,2,8,1383,281,62,6,1732,0,0,0,1732
08/06/2010,LAX,CA,AWP,WE,Towers with Radar,1387,274,33,2,1696,0,0,13,4,17,1387,274,46,6,1713,0,0,0,1713
08/07/2010,LAX,CA,AWP,WE,Towers with Radar,1293,239,27,0,1559,1,0,3,5,9,1294,239,30,5,1568,0,0,0,1568
08/08/2010,LAX,CA,AWP,WE,Towers with Radar,1313,277,48,0,1638,1,0,4,8,13,1314,277,52,8,1651,0,0,0,1651
08/09/2010,LAX,CA,AWP,WE,Towers with Radar,1356,273,57,1,1687,2,0,9,6,17,1358,273,66,7,1704,0,0,0,1704
08/10/2010,LAX,CA,AWP,WE,Towers with Radar,1349,279,57,4,1689,1,0,16,2,19,1350,279,73,6,1708,0,0,0,1708
08/11/2010,LAX,CA,AWP,WE,Towers with Radar,1350,264,44,1,1659,1,0,19,8,28,1351,264,63,9,1687,0,0,0,1687
08/12/2010,LAX,CA,AWP,WE,Towers with Radar,1379,286,64,2,1731,3,0,15,8,26,1382,286,79,10,1757,0,0,0,1757
08/13/2010,LAX,CA,AWP,WE,Towers with Radar,1377,271,50,6,1704,1,0,7,12,20,1378,271,57,18,1724,0,0,0,1724
08/14/2010,LAX,CA,AWP,WE,Towers with Radar,1282,254,18,3,1557,1,0,3,1,5,1283,254,21,4,1562,0,0,0,1562
08/15/2010,LAX,CA,AWP,WE,Towers with Radar,1292,270,32,3,1597,0,0,3,7,10,1292,270,35,10,1607,0,0,0,1607
08/16/2010,LAX,CA,AWP,WE,Towers with Radar,1338,266,39,3,1646,1,0,6,30,37,1339,266,45,33,1683,0,0,0,1683
08/17/2010,LAX,CA,AWP,WE,Towers with Radar,1334,266,42,9,1651,0,0,0,26,26,1334,266,42,35,1677,0,0,0,1677
08/18/2010,LAX,CA,AWP,WE,Towers with Radar,1336,274,51,3,1664,2,1,16,6,25,1338,275,67,9,1689,0,0,0,1689
08/19/2010,LAX,CA,AWP,WE,Towers with Radar,1376,285,43,0,1704,2,0,16,7,25,1378,285,59,7,1729,0,0,0,1729
08/20/2010,LAX,CA,AWP,WE,Towers with Radar,1344,285,40,2,1671,1,0,4,5,10,1345,285,44,7,1681,0,0,0,1681
08/21/2010,LAX,CA,AWP,WE,Towers with Radar,1247,238,16,0,1501,1,0,8,5,14,1248,238,24,5,1515,0,0,0,1515
08/22/2010,LAX,CA,AWP,WE,Towers with Radar,1272,278,30,0,1580,2,0,3,2,7,1274,278,33,2,1587,0,0,0,1587
08/23/2010,LAX,CA,AWP,WE,Towers with Radar,1316,270,36,1,1623,1,0,25,6,32,1317,270,61,7,1655,0,0,0,1655
08/24/2010,LAX,CA,AWP,WE,Towers with Radar,1270,275,42,0,1587,2,0,16,12,30,1272,275,58,12,1617,0,0,0,1617
08/25/2010,LAX,CA,AWP,WE,Towers with Radar,1281,275,47,0,1603,0,0,17,8,25,1281,275,64,8,1628,0,0,0,1628
08/26/2010,LAX,CA,AWP,WE,Towers with Radar,1316,277,57,0,1650,0,0,15,10,25,1316,277,72,10,1675,0,0,0,1675
08/27/2010,LAX,CA,AWP,WE,Towers with Radar,1323,271,45,2,1641,1,0,3,4,8,1324,271,48,6,1649,0,0,0,1649
08/28/2010,LAX,CA,AWP,WE,Towers with Radar,1172,212,20,0,1404,2,0,8,3,13,1174,212,28,3,1417,0,0,0,1417
08/29/2010,LAX,CA,AWP,WE,Towers with Radar,1237,273,49,0,1559,2,0,5,0,7,1239,273,54,0,1566,0,0,0,1566
08/30/2010,LAX,CA,AWP,WE,Towers with Radar,1251,279,34,0,1564,1,0,3,4,8,1252,279,37,4,1572,0,0,0,1572
08/31/2010,LAX,CA,AWP,WE,Towers with Radar,1242,272,43,1,1558,1,0,9,7,17,1243,272,52,8,1575,0,0,0,1575
09/01/2010,LAX,CA,AWP,WE,Towers with Radar,1241,280,37,0,1558,0,0,8,6,14,1241,280,45,6,1572,0,0,0,1572
09/02/2010,LAX,CA,AWP,WE,Towers with Radar,1294,283,43,0,1620,2,0,3,4,9,1296,283,46,4,1629,0,0,0,1629
09/03/2010,LAX,CA,AWP,WE,Towers with Radar,1312,286,34,0,1632,1,1,2,2,6,1313,287,36,2,1638,0,0,0,1638
09/04/2010,LAX,CA,AWP,WE,Towers with Radar,1135,201,18,1,1355,2,0,9,5,16,1137,201,27,6,1371,0,0,0,1371
09/05/2010,LAX,CA,AWP,WE,Towers with Radar,1099,197,14,1,1311,1,0,4,1,6,1100,197,18,2,1317,0,0,0,1317
09/06/2010,LAX,CA,AWP,WE,Towers with Radar,1210,272,28,2,1512,1,0,3,4,8,1211,272,31,6,1520,0,0,0,1520
09/07/2010,LAX,CA,AWP,WE,Towers with Radar,1196,274,44,2,1516,3,1,23,7,34,1199,275,67,9,1550,0,0,0,1550
09/08/2010,LAX,CA,AWP,WE,Towers with Radar,1240,264,63,3,1570,0,0,12,2,14,1240,264,75,5,1584,0,0,0,1584
09/09/2010,LAX,CA,AWP,WE,Towers with Radar,1277,269,49,0,1595,1,0,16,12,29,1278,269,65,12,1624,0,0,0,1624
09/10/2010,LAX,CA,AWP,WE,Towers with Radar,1274,279,51,0,1604,1,0,10,3,14,1275,279,61,3,1618,0,0,0,1618
09/11/2010,LAX,CA,AWP,WE,Towers with Radar,1119,218,22,4,1363,1,0,1,2,4,1120,218,23,6,1367,0,0,0,1367
09/12/2010,LAX,CA,AWP,WE,Towers with Radar,1201,276,34,3,1514,1,0,3,0,4,1202,276,37,3,1518,0,0,0,1518
09/13/2010,LAX,CA,AWP,WE,Towers with Radar,1246,268,51,2,1567,0,0,12,5,17,1246,268,63,7,1584,0,0,0,1584
09/14/2010,LAX,CA,AWP,WE,Towers with Radar,1191,271,58,0,1520,2,0,13,8,23,1193,271,71,8,1543,0,0,0,1543
09/15/2010,LAX,CA,AWP,WE,Towers with Radar,1217,279,60,0,1556,2,0,10,9,21,1219,279,70,9,1577,0,0,0,1577
09/16/2010,LAX,CA,AWP,WE,Towers with Radar,1261,273,50,0,1584,0,0,5,6,11,1261,273,55,6,1595,0,0,0,1595
09/17/2010,LAX,CA,AWP,WE,Towers with Radar,1265,279,40,0,1584,1,0,2,2,5,1266,279,42,2,1589,0,0,0,1589
09/18/2010,LAX,CA,AWP,WE,Towers with Radar,1137,227,20,0,1384,1,0,0,0,1,1138,227,20,0,1385,0,0,0,1385
09/19/2010,LAX,CA,AWP,WE,Towers with Radar,1203,278,35,0,1516,0,0,1,5,6,1203,278,36,5,1522,0,0,0,1522
09/20/2010,LAX,CA,AWP,WE,Towers with Radar,1240,274,46,2,1562,1,0,1,6,8,1241,274,47,8,1570,0,0,0,1570
09/21/2010,LAX,CA,AWP,WE,Towers with Radar,1191,271,54,3,1519,1,0,4,7,12,1192,271,58,10,1531,0,0,0,1531
09/22/2010,LAX,CA,AWP,WE,Towers with Radar,1197,273,53,2,1525,1,0,0,13,14,1198,273,53,15,1539,0,0,0,1539
09/23/2010,LAX,CA,AWP,WE,Towers with Radar,1268,289,73,1,1631,3,0,11,10,24,1271,289,84,11,1655,0,0,0,1655
09/24/2010,LAX,CA,AWP,WE,Towers with Radar,1276,281,49,2,1608,0,1,5,8,14,1276,282,54,10,1622,0,0,0,1622
09/25/2010,LAX,CA,AWP,WE,Towers with Radar,1133,226,32,0,1391,1,1,7,1,10,1134,227,39,1,1401,0,0,0,1401
09/26/2010,LAX,CA,AWP,WE,Towers with Radar,1209,274,38,0,1521,0,0,3,0,3,1209,274,41,0,1524,0,0,0,1524
09/27/2010,LAX,CA,AWP,WE,Towers with Radar,1224,267,45,0,1536,3,0,2,0,5,1227,267,47,0,1541,0,0,0,1541
09/28/2010,LAX,CA,AWP,WE,Towers with Radar,1188,275,46,2,1511,0,0,0,0,0,1188,275,46,2,1511,0,0,0,1511
09/29/2010,LAX,CA,AWP,WE,Towers with Radar,1222,273,72,2,1569,2,0,7,0,9,1224,273,79,2,1578,0,0,0,1578
09/30/2010,LAX,CA,AWP,WE,Towers with Radar,1262,262,65,2,1591,1,0,3,0,4,1263,262,68,2,1595,0,0,0,1595
10/01/2010,LAX,CA,AWP,WE,Towers with Radar,1293,267,33,1,1594,1,1,5,2,9,1294,268,38,3,1603,0,0,0,1603
10/02/2010,LAX,CA,AWP,WE,Towers with Radar,1147,229,32,0,1408,0,0,3,3,6,1147,229,35,3,1414,0,0,0,1414
10/03/2010,LAX,CA,AWP,WE,Towers with Radar,1214,275,46,1,1536,2,0,0,2,4,1216,275,46,3,1540,0,0,0,1540
10/04/2010,LAX,CA,AWP,WE,Towers with Radar,1235,269,68,20,1592,0,0,1,10,11,1235,269,69,30,1603,0,0,0,1603
10/05/2010,LAX,CA,AWP,WE,Towers with Radar,1174,255,31,0,1460,2,0,3,8,13,1176,255,34,8,1473,0,0,0,1473
10/06/2010,LAX,CA,AWP,WE,Towers with Radar,1222,276,49,0,1547,1,0,5,5,11,1223,276,54,5,1558,0,0,0,1558
10/07/2010,LAX,CA,AWP,WE,Towers with Radar,1252,281,50,3,1586,1,0,12,10,23,1253,281,62,13,1609,0,0,0,1609
10/08/2010,LAX,CA,AWP,WE,Towers with Radar,1296,282,53,3,1634,2,1,16,7,26,1298,283,69,10,1660,0,0,0,1660
10/09/2010,LAX,CA,AWP,WE,Towers with Radar,1137,225,35,0,1397,0,0,5,3,8,1137,225,40,3,1405,0,0,0,1405
10/10/2010,LAX,CA,AWP,WE,Towers with Radar,1227,269,31,0,1527,1,0,12,4,17,1228,269,43,4,1544,0,0,0,1544
10/11/2010,LAX,CA,AWP,WE,Towers with Radar,1264,266,57,0,1587,0,0,18,9,27,1264,266,75,9,1614,0,0,0,1614
10/12/2010,LAX,CA,AWP,WE,Towers with Radar,1201,273,29,1,1504,0,0,0,5,5,1201,273,29,6,1509,0,0,0,1509
10/13/2010,LAX,CA,AWP,WE,Towers with Radar,1247,271,45,2,1565,0,0,0,0,0,1247,271,45,2,1565,0,0,0,1565
10/14/2010,LAX,CA,AWP,WE,Towers with Radar,1277,281,52,1,1611,2,0,1,1,4,1279,281,53,2,1615,0,0,0,1615
10/15/2010,LAX,CA,AWP,WE,Towers with Radar,1310,280,29,1,1620,0,0,3,3,6,1310,280,32,4,1626,0,0,0,1626
10/16/2010,LAX,CA,AWP,WE,Towers with Radar,1127,228,30,1,1386,2,0,0,1,3,1129,228,30,2,1389,0,0,0,1389
10/17/2010,LAX,CA,AWP,WE,Towers with Radar,1214,256,26,6,1502,2,0,2,5,9,1216,256,28,11,1511,0,0,0,1511
10/18/2010,LAX,CA,AWP,WE,Towers with Radar,1254,269,41,2,1566,1,0,10,15,26,1255,269,51,17,1592,0,0,0,1592
10/19/2010,LAX,CA,AWP,WE,Towers with Radar,1205,271,48,0,1524,1,0,4,34,39,1206,271,52,34,1563,0,0,0,1563
10/20/2010,LAX,CA,AWP,WE,Towers with Radar,1242,277,56,3,1578,0,0,4,7,11,1242,277,60,10,1589,0,0,0,1589
10/21/2010,LAX,CA,AWP,WE,Towers with Radar,1261,278,59,2,1600,1,0,6,10,17,1262,278,65,12,1617,0,0,0,1617
10/22/2010,LAX,CA,AWP,WE,Towers with Radar,1309,264,32,10,1615,1,0,1,31,33,1310,264,33,41,1648,0,0,0,1648
10/23/2010,LAX,CA,AWP,WE,Towers with Radar,1144,222,27,3,1396,0,0,0,5,5,1144,222,27,8,1401,0,0,0,1401
10/24/2010,LAX,CA,AWP,WE,Towers with Radar,1205,277,34,6,1522,1,0,0,5,6,1206,277,34,11,1528,0,0,0,1528
10/25/2010,LAX,CA,AWP,WE,Towers with Radar,1258,281,55,3,1597,1,0,13,4,18,1259,281,68,7,1615,0,0,0,1615
10/26/2010,LAX,CA,AWP,WE,Towers with Radar,1197,266,51,0,1514,0,0,13,9,22,1197,266,64,9,1536,0,0,0,1536
10/27/2010,LAX,CA,AWP,WE,Towers with Radar,1219,271,54,3,1547,1,0,34,13,48,1220,271,88,16,1595,0,0,0,1595
10/28/2010,LAX,CA,AWP,WE,Towers with Radar,1270,275,64,1,1610,2,0,2,7,11,1272,275,66,8,1621,0,0,0,1621
10/29/2010,LAX,CA,AWP,WE,Towers with Radar,1303,273,45,1,1622,1,0,6,11,18,1304,273,51,12,1640,0,0,0,1640
10/30/2010,LAX,CA,AWP,WE,Towers with Radar,1143,230,43,0,1416,1,0,0,2,3,1144,230,43,2,1419,0,0,0,1419
10/31/2010,LAX,CA,AWP,WE,Towers with Radar,1197,279,37,1,1514,1,0,1,0,2,1198,279,38,1,1516,0,0,0,1516
11/01/2010,LAX,CA,AWP,WE,Towers with Radar,1250,279,66,0,1595,2,0,8,8,18,1252,279,74,8,1613,0,0,0,1613
11/02/2010,LAX,CA,AWP,WE,Towers with Radar,1188,270,42,0,1500,2,0,4,3,9,1190,270,46,3,1509,0,0,0,1509
11/03/2010,LAX,CA,AWP,WE,Towers with Radar,1221,277,64,0,1562,1,0,7,8,16,1222,277,71,8,1578,0,0,0,1578
11/04/2010,LAX,CA,AWP,WE,Towers with Radar,1283,271,66,2,1622,1,1,45,8,55,1284,272,111,10,1677,0,0,0,1677
11/05/2010,LAX,CA,AWP,WE,Towers with Radar,1292,272,50,1,1615,2,1,7,5,15,1294,273,57,6,1630,0,0,0,1630
11/06/2010,LAX,CA,AWP,WE,Towers with Radar,1110,236,19,0,1365,1,1,8,4,14,1111,237,27,4,1379,0,0,0,1379
11/07/2010,LAX,CA,AWP,WE,Towers with Radar,1238,256,59,1,1554,1,0,2,0,3,1239,256,61,1,1557,0,0,0,1557
11/08/2010,LAX,CA,AWP,WE,Towers with Radar,1219,276,62,1,1558,2,1,9,5,17,1221,277,71,6,1575,0,0,0,1575
11/09/2010,LAX,CA,AWP,WE,Towers with Radar,1189,250,54,1,1494,1,0,14,2,17,1190,250,68,3,1511,0,0,0,1511
11/10/2010,LAX,CA,AWP,WE,Towers with Radar,1237,266,45,1,1549,1,0,13,5,19,1238,266,58,6,1568,0,0,0,1568
11/11/2010,LAX,CA,AWP,WE,Towers with Radar,1272,272,44,1,1589,1,0,4,8,13,1273,272,48,9,1602,0,0,0,1602
11/12/2010,LAX,CA,AWP,WE,Towers with Radar,1281,281,54,4,1620,0,0,12,6,18,1281,281,66,10,1638,0,0,0,1638
11/13/2010,LAX,CA,AWP,WE,Towers with Radar,1115,219,33,0,1367,0,0,6,2,8,1115,219,39,2,1375,0,0,0,1375
11/14/2010,LAX,CA,AWP,WE,Towers with Radar,1244,267,38,0,1549,0,1,3,3,7,1244,268,41,3,1556,0,0,0,1556
11/15/2010,LAX,CA,AWP,WE,Towers with Radar,1236,268,49,4,1557,1,0,5,3,9,1237,268,54,7,1566,0,0,0,1566
11/16/2010,LAX,CA,AWP,WE,Towers with Radar,1189,257,53,3,1502,1,0,3,9,13,1190,257,56,12,1515,0,0,0,1515
11/17/2010,LAX,CA,AWP,WE,Towers with Radar,1231,268,54,7,1560,1,0,4,3,8,1232,268,58,10,1568,0,0,0,1568
11/18/2010,LAX,CA,AWP,WE,Towers with Radar,1258,276,62,11,1607,0,1,2,0,3,1258,277,64,11,1610,0,0,0,1610
11/19/2010,LAX,CA,AWP,WE,Towers with Radar,1265,280,53,8,1606,1,0,9,6,16,1266,280,62,14,1622,0,0,0,1622
11/20/2010,LAX,CA,AWP,WE,Towers with Radar,1163,236,36,5,1440,1,0,1,4,6,1164,236,37,9,1446,0,0,0,1446
11/21/2010,LAX,CA,AWP,WE,Towers with Radar,1220,244,34,0,1498,1,0,0,2,3,1221,244,34,2,1501,0,0,0,1501
11/22/2010,LAX,CA,AWP,WE,Towers with Radar,1198,259,43,1,1501,2,0,5,7,14,1200,259,48,8,1515,0,0,0,1515
11/23/2010,LAX,CA,AWP,WE,Towers with Radar,1244,272,60,3,1579,1,0,1,0,2,1245,272,61,3,1581,0,0,0,1581
11/24/2010,LAX,CA,AWP,WE,Towers with Radar,1305,271,49,6,1631,1,0,9,4,14,1306,271,58,10,1645,0,0,0,1645
11/25/2010,LAX,CA,AWP,WE,Towers with Radar,937,156,20,1,1114,0,0,5,0,5,937,156,25,1,1119,0,0,0,1119
11/26/2010,LAX,CA,AWP,WE,Towers with Radar,1075,198,19,0,1292,1,0,1,3,5,1076,198,20,3,1297,0,0,0,1297
11/27/2010,LAX,CA,AWP,WE,Towers with Radar,1202,252,23,3,1480,2,0,6,2,10,1204,252,29,5,1490,0,0,0,1490
11/28/2010,LAX,CA,AWP,WE,Towers with Radar,1280,287,67,0,1634,2,0,3,0,5,1282,287,70,0,1639,0,0,0,1639
11/29/2010,LAX,CA,AWP,WE,Towers with Radar,1260,273,53,0,1586,2,0,1,6,9,1262,273,54,6,1595,0,0,0,1595
11/30/2010,LAX,CA,AWP,WE,Towers with Radar,1217,277,51,0,1545,2,0,3,5,10,1219,277,54,5,1555,0,0,0,1555
12/01/2010,LAX,CA,AWP,WE,Towers with Radar,1223,272,41,1,1537,2,0,4,9,15,1225,272,45,10,1552,0,0,0,1552
12/02/2010,LAX,CA,AWP,WE,Towers with Radar,1267,260,69,1,1597,2,1,14,8,25,1269,261,83,9,1622,0,0,0,1622
12/03/2010,LAX,CA,AWP,WE,Towers with Radar,1264,282,42,2,1590,2,1,12,5,20,1266,283,54,7,1610,0,0,0,1610
12/04/2010,LAX,CA,AWP,WE,Towers with Radar,1103,225,30,4,1362,0,0,2,3,5,1103,225,32,7,1367,0,0,0,1367
12/05/2010,LAX,CA,AWP,WE,Towers with Radar,1199,248,41,1,1489,1,0,6,4,11,1200,248,47,5,1500,0,0,0,1500
12/06/2010,LAX,CA,AWP,WE,Towers with Radar,1234,260,44,1,1539,0,0,7,5,12,1234,260,51,6,1551,0,0,0,1551
12/07/2010,LAX,CA,AWP,WE,Towers with Radar,1195,247,54,2,1498,1,0,13,5,19,1196,247,67,7,1517,0,0,0,1517
12/08/2010,LAX,CA,AWP,WE,Towers with Radar,1231,265,46,2,1544,0,0,1,10,11,1231,265,47,12,1555,0,0,0,1555
12/09/2010,LAX,CA,AWP,WE,Towers with Radar,1291,279,71,2,1643,1,0,4,10,15,1292,279,75,12,1658,0,0,0,1658
12/10/2010,LAX,CA,AWP,WE,Towers with Radar,1282,250,36,0,1568,2,0,2,2,6,1284,250,38,2,1574,0,0,0,1574
12/11/2010,LAX,CA,AWP,WE,Towers with Radar,1116,215,33,0,1364,1,0,0,2,3,1117,215,33,2,1367,0,0,0,1367
12/12/2010,LAX,CA,AWP,WE,Towers with Radar,1171,257,35,0,1463,0,0,3,0,3,1171,257,38,0,1466,0,0,0,1466
12/13/2010,LAX,CA,AWP,WE,Towers with Radar,1214,262,60,0,1536,2,0,12,13,27,1216,262,72,13,1563,0,0,0,1563
12/14/2010,LAX,CA,AWP,WE,Towers with Radar,1209,247,64,0,1520,1,0,4,0,5,1210,247,68,0,1525,0,0,0,1525
12/15/2010,LAX,CA,AWP,WE,Towers with Radar,1253,273,66,1,1593,0,0,1,6,7,1253,273,67,7,1600,0,0,0,1600
12/16/2010,LAX,CA,AWP,WE,Towers with Radar,1302,278,60,1,1641,1,0,3,4,8,1303,278,63,5,1649,0,0,0,1649
12/17/2010,LAX,CA,AWP,WE,Towers with Radar,1284,297,68,2,1651,1,0,0,1,2,1285,297,68,3,1653,0,0,0,1653
12/18/2010,LAX,CA,AWP,WE,Towers with Radar,1233,249,49,0,1531,0,0,0,0,0,1233,249,49,0,1531,0,0,0,1531
12/19/2010,LAX,CA,AWP,WE,Towers with Radar,1301,267,33,0,1601,1,0,2,0,3,1302,267,35,0,1604,0,0,0,1604
12/20/2010,LAX,CA,AWP,WE,Towers with Radar,1255,267,45,2,1569,1,0,0,0,1,1256,267,45,2,1570,0,0,0,1570
12/21/2010,LAX,CA,AWP,WE,Towers with Radar,1319,279,45,0,1643,0,0,0,0,0,1319,279,45,0,1643,0,0,0,1643
12/22/2010,LAX,CA,AWP,WE,Towers with Radar,1365,276,50,0,1691,1,0,2,0,3,1366,276,52,0,1694,0,0,0,1694
12/23/2010,LAX,CA,AWP,WE,Towers with Radar,1380,265,29,1,1675,1,0,3,6,10,1381,265,32,7,1685,0,0,0,1685
12/24/2010,LAX,CA,AWP,WE,Towers with Radar,1159,219,22,0,1400,2,0,2,2,6,1161,219,24,2,1406,0,0,0,1406
12/25/2010,LAX,CA,AWP,WE,Towers with Radar,1091,209,43,0,1343,0,0,0,0,0,1091,209,43,0,1343,0,0,0,1343
12/26/2010,LAX,CA,AWP,WE,Towers with Radar,1218,277,53,0,1548,1,0,0,0,1,1219,277,53,0,1549,0,0,0,1549
12/27/2010,LAX,CA,AWP,WE,Towers with Radar,1202,263,38,0,1503,1,0,4,2,7,1203,263,42,2,1510,0,0,0,1510
12/28/2010,LAX,CA,AWP,WE,Towers with Radar,1280,271,45,1,1597,2,0,6,6,14,1282,271,51,7,1611,0,0,0,1611
12/29/2010,LAX,CA,AWP,WE,Towers with Radar,1354,280,36,1,1671,1,0,1,3,5,1355,280,37,4,1676,0,0,0,1676
12/30/2010,LAX,CA,AWP,WE,Towers with Radar,1361,259,31,0,1651,1,0,6,8,15,1362,259,37,8,1666,0,0,0,1666
12/31/2010,LAX,CA,AWP,WE,Towers with Radar,1151,229,26,0,1406,1,2,3,4,10,1152,231,29,4,1416,0,0,0,1416
01/01/2011,LAX,CA,AWP,WE,Towers with Radar,1115,228,45,1,1389,2,0,2,0,4,1117,228,47,1,1393,0,0,0,1393
01/02/2011,LAX,CA,AWP,WE,Towers with Radar,1326,280,114,0,1720,3,0,1,0,4,1329,280,115,0,1724,0,0,0,1724
01/03/2011,LAX,CA,AWP,WE,Towers with Radar,1333,285,63,0,1681,1,0,0,0,1,1334,285,63,0,1682,0,0,0,1682
01/04/2011,LAX,CA,AWP,WE,Towers with Radar,1255,288,77,1,1621,1,0,3,0,4,1256,288,80,1,1625,0,0,0,1625
01/05/2011,LAX,CA,AWP,WE,Towers with Radar,1232,296,34,0,1562,2,0,3,0,5,1234,296,37,0,1567,0,0,0,1567
01/06/2011,LAX,CA,AWP,WE,Towers with Radar,1257,290,60,2,1609,1,0,3,1,5,1258,290,63,3,1614,0,0,0,1614
01/07/2011,LAX,CA,AWP,WE,Towers with Radar,1232,289,36,3,1560,1,0,2,0,3,1233,289,38,3,1563,0,0,0,1563
01/08/2011,LAX,CA,AWP,WE,Towers with Radar,1126,241,36,1,1404,2,0,2,0,4,1128,241,38,1,1408,0,0,0,1408
01/09/2011,LAX,CA,AWP,WE,Towers with Radar,1174,287,32,1,1494,0,0,3,0,3,1174,287,35,1,1497,0,0,0,1497
01/10/2011,LAX,CA,AWP,WE,Towers with Radar,1201,296,48,0,1545,1,0,7,8,16,1202,296,55,8,1561,0,0,0,1561
01/11/2011,LAX,CA,AWP,WE,Towers with Radar,1143,268,55,1,1467,1,0,6,3,10,1144,268,61,4,1477,0,0,0,1477
01/12/2011,LAX,CA,AWP,WE,Towers with Radar,1175,279,41,0,1495,0,0,8,4,12,1175,279,49,4,1507,0,0,0,1507
01/13/2011,LAX,CA,AWP,WE,Towers with Radar,1239,280,52,1,1572,2,0,7,6,15,1241,280,59,7,1587,0,0,0,1587
01/14/2011,LAX,CA,AWP,WE,Towers with Radar,1252,289,69,0,1610,2,0,7,5,14,1254,289,76,5,1624,0,0,0,1624
01/15/2011,LAX,CA,AWP,WE,Towers with Radar,1113,232,27,2,1374,3,0,1,1,5,1116,232,28,3,1379,0,0,0,1379
01/16/2011,LAX,CA,AWP,WE,Towers with Radar,1180,274,36,0,1490,1,0,3,7,11,1181,274,39,7,1501,0,0,0,1501
01/17/2011,LAX,CA,AWP,WE,Towers with Radar,1217,285,53,1,1556,1,0,9,8,18,1218,285,62,9,1574,0,0,0,1574
01/18/2011,LAX,CA,AWP,WE,Towers with Radar,1174,262,63,2,1501,1,0,8,11,20,1175,262,71,13,1521,0,0,0,1521
01/19/2011,LAX,CA,AWP,WE,Towers with Radar,1239,267,53,3,1562,1,0,2,4,7,1240,267,55,7,1569,0,0,0,1569
01/20/2011,LAX,CA,AWP,WE,Towers with Radar,1237,278,50,1,1566,2,0,5,10,17,1239,278,55,11,1583,0,0,0,1583
01/21/2011,LAX,CA,AWP,WE,Towers with Radar,1224,297,43,1,1565,1,0,8,2,11,1225,297,51,3,1576,0,0,0,1576
01/22/2011,LAX,CA,AWP,WE,Towers with Radar,1103,236,22,1,1362,3,0,5,2,10,1106,236,27,3,1372,0,0,0,1372
01/23/2011,LAX,CA,AWP,WE,Towers with Radar,1182,276,28,0,1486,1,0,0,0,1,1183,276,28,0,1487,0,0,0,1487
01/24/2011,LAX,CA,AWP,WE,Towers with Radar,1199,280,46,4,1529,1,0,7,10,18,1200,280,53,14,1547,0,0,0,1547
01/25/2011,LAX,CA,AWP,WE,Towers with Radar,1182,270,39,1,1492,1,0,3,4,8,1183,270,42,5,1500,0,0,0,1500
01/26/2011,LAX,CA,AWP,WE,Towers with Radar,1168,279,47,0,1494,0,0,1,8,9,1168,279,48,8,1503,0,0,0,1503
01/27/2011,LAX,CA,AWP,WE,Towers with Radar,1200,269,54,0,1523,1,0,7,12,20,1201,269,61,12,1543,0,0,0,1543
01/28/2011,LAX,CA,AWP,WE,Towers with Radar,1232,277,40,0,1549,0,0,3,4,7,1232,277,43,4,1556,0,0,0,1556
01/29/2011,LAX,CA,AWP,WE,Towers with Radar,1125,232,34,1,1392,2,0,16,5,23,1127,232,50,6,1415,0,0,0,1415
01/30/2011,LAX,CA,AWP,WE,Towers with Radar,1186,272,39,2,1499,3,0,0,0,3,1189,272,39,2,1502,0,0,0,1502
01/31/2011,LAX,CA,AWP,WE,Towers with Radar,1198,286,50,0,1534,1,1,8,7,17,1199,287,58,7,1551,0,0,0,1551
02/01/2011,LAX,CA,AWP,WE,Towers with Radar,1048,273,65,2,1388,1,0,3,5,9,1049,273,68,7,1397,0,0,0,1397
02/02/2011,LAX,CA,AWP,WE,Towers with Radar,1124,277,55,0,1456,1,0,5,8,14,1125,277,60,8,1470,0,0,0,1470
02/03/2011,LAX,CA,AWP,WE,Towers with Radar,1228,287,73,0,1588,1,0,7,6,14,1229,287,80,6,1602,0,0,0,1602
02/04/2011,LAX,CA,AWP,WE,Towers with Radar,1233,292,56,0,1581,0,0,8,8,16,1233,292,64,8,1597,0,0,0,1597
02/05/2011,LAX,CA,AWP,WE,Towers with Radar,1102,232,31,1,1366,0,0,1,0,1,1102,232,32,1,1367,0,0,0,1367
02/06/2011,LAX,CA,AWP,WE,Towers with Radar,1167,276,62,2,1507,2,0,3,0,5,1169,276,65,2,1512,0,0,0,1512
02/07/2011,LAX,CA,AWP,WE,Towers with Radar,1188,286,59,0,1533,1,0,9,8,18,1189,286,68,8,1551,0,0,0,1551
02/08/2011,LAX,CA,AWP,WE,Towers with Radar,1163,277,52,0,1492,1,0,3,3,7,1164,277,55,3,1499,0,0,0,1499
02/09/2011,LAX,CA,AWP,WE,Towers with Radar,1204,280,48,2,1534,1,0,7,4,12,1205,280,55,6,1546,0,0,0,1546
02/10/2011,LAX,CA,AWP,WE,Towers with Radar,1243,290,64,1,1598,2,0,10,8,20,1245,290,74,9,1618,0,0,0,1618
02/11/2011,LAX,CA,AWP,WE,Towers with Radar,1234,289,61,2,1586,2,1,7,4,14,1236,290,68,6,1600,0,0,0,1600
02/12/2011,LAX,CA,AWP,WE,Towers with Radar,1107,237,33,1,1378,1,1,6,5,13,1108,238,39,6,1391,0,0,0,1391
02/13/2011,LAX,CA,AWP,WE,Towers with Radar,1192,291,40,1,1524,1,1,3,3,8,1193,292,43,4,1532,0,0,0,1532
02/14/2011,LAX,CA,AWP,WE,Towers with Radar,1192,285,40,1,1518,0,0,4,10,14,1192,285,44,11,1532,0,0,0,1532
02/15/2011,LAX,CA,AWP,WE,Towers with Radar,1178,271,65,1,1515,0,0,1,1,2,1178,271,66,2,1517,0,0,0,1517
02/16/2011,LAX,CA,AWP,WE,Towers with Radar,1214,273,62,0,1549,1,0,3,7,11,1215,273,65,7,1560,0,0,0,1560
02/17/2011,LAX,CA,AWP,WE,Towers with Radar,1251,307,75,2,1635,1,0,8,6,15,1252,307,83,8,1650,0,0,0,1650
02/18/2011,LAX,CA,AWP,WE,Towers with Radar,1234,284,78,0,1596,3,0,3,0,6,1237,284,81,0,1602,0,0,0,1602
02/19/2011,LAX,CA,AWP,WE,Towers with Radar,1151,267,29,0,1447,5,0,1,2,8,1156,267,30,2,1455,0,0,0,1455
02/20/2011,LAX,CA,AWP,WE,Towers with Radar,1185,299,40,0,1524,4,0,1,4,9,1189,299,41,4,1533,0,0,0,1533
02/21/2011,LAX,CA,AWP,WE,Towers with Radar,1252,306,81,0,1639,0,0,5,0,5,1252,306,86,0,1644,0,0,0,1644
02/22/2011,LAX,CA,AWP,WE,Towers with Radar,1231,284,49,0,1564,4,1,5,4,14,1235,285,54,4,1578,0,0,0,1578
02/23/2011,LAX,CA,AWP,WE,Towers with Radar,1233,299,47,3,1582,2,0,3,7,12,1235,299,50,10,1594,0,0,0,1594
02/24/2011,LAX,CA,AWP,WE,Towers with Radar,1280,304,52,0,1636,0,0,7,6,13,1280,304,59,6,1649,0,0,0,1649
02/25/2011,LAX,CA,AWP,WE,Towers with Radar,1250,308,64,0,1622,1,0,2,0,3,1251,308,66,0,1625,0,0,0,1625
02/26/2011,LAX,CA,AWP,WE,Towers with Radar,1157,257,42,0,1456,1,0,4,1,6,1158,257,46,1,1462,0,0,0,1462
02/27/2011,LAX,CA,AWP,WE,Towers with Radar,1199,286,37,0,1522,2,0,5,6,13,1201,286,42,6,1535,0,0,0,1535
02/28/2011,LAX,CA,AWP,WE,Towers with Radar,1225,301,66,0,1592,0,0,0,5,5,1225,301,66,5,1597,0,0,0,1597
03/01/2011,LAX,CA,AWP,WE,Towers with Radar,1214,283,43,0,1540,2,0,5,1,8,1216,283,48,1,1548,0,0,0,1548
03/02/2011,LAX,CA,AWP,WE,Towers with Radar,1230,288,58,0,1576,2,0,8,8,18,1232,288,66,8,1594,0,0,0,1594
03/03/2011,LAX,CA,AWP,WE,Towers with Radar,1293,295,81,1,1670,2,0,1,4,7,1295,295,82,5,1677,0,0,0,1677
03/04/2011,LAX,CA,AWP,WE,Towers with Radar,1286,296,37,2,1621,1,0,4,3,8,1287,296,41,5,1629,0,0,0,1629
03/05/2011,LAX,CA,AWP,WE,Towers with Radar,1176,241,23,1,1441,0,0,3,3,6,1176,241,26,4,1447,0,0,0,1447
03/06/2011,LAX,CA,AWP,WE,Towers with Radar,1200,309,32,2,1543,1,0,1,0,2,1201,309,33,2,1545,0,0,0,1545
03/07/2011,LAX,CA,AWP,WE,Towers with Radar,1267,309,47,0,1623,2,0,5,12,19,1269,309,52,12,1642,0,0,0,1642
03/08/2011,LAX,CA,AWP,WE,Towers with Radar,1237,301,55,1,1594,2,0,11,4,17,1239,301,66,5,1611,0,0,0,1611
03/09/2011,LAX,CA,AWP,WE,Towers with Radar,1270,285,52,2,1609,2,1,3,4,10,1272,286,55,6,1619,0,0,0,1619
03/10/2011,LAX,CA,AWP,WE,Towers with Radar,1275,305,59,1,1640,0,0,10,3,13,1275,305,69,4,1653,0,0,0,1653
03/11/2011,LAX,CA,AWP,WE,Towers with Radar,1258,305,46,0,1609,1,0,3,0,4,1259,305,49,0,1613,0,0,0,1613
03/12/2011,LAX,CA,AWP,WE,Towers with Radar,1185,269,22,0,1476,3,1,10,3,17,1188,270,32,3,1493,0,0,0,1493
03/13/2011,LAX,CA,AWP,WE,Towers with Radar,1228,297,36,0,1561,0,0,1,0,1,1228,297,37,0,1562,0,0,0,1562
03/14/2011,LAX,CA,AWP,WE,Towers with Radar,1266,293,46,1,1606,1,0,6,4,11,1267,293,52,5,1617,0,0,0,1617
03/15/2011,LAX,CA,AWP,WE,Towers with Radar,1250,281,45,0,1576,3,0,16,5,24,1253,281,61,5,1600,0,0,0,1600
03/16/2011,LAX,CA,AWP,WE,Towers with Radar,1272,296,43,1,1612,0,0,9,9,18,1272,296,52,10,1630,0,0,0,1630
03/17/2011,LAX,CA,AWP,WE,Towers with Radar,1311,301,53,0,1665,1,0,7,6,14,1312,301,60,6,1679,0,0,0,1679
03/18/2011,LAX,CA,AWP,WE,Towers with Radar,1278,299,47,2,1626,0,0,2,4,6,1278,299,49,6,1632,0,0,0,1632
03/19/2011,LAX,CA,AWP,WE,Towers with Radar,1228,271,41,4,1544,1,1,6,0,8,1229,272,47,4,1552,0,0,0,1552
03/20/2011,LAX,CA,AWP,WE,Towers with Radar,1234,278,48,6,1566,1,0,0,2,3,1235,278,48,8,1569,0,0,0,1569
03/21/2011,LAX,CA,AWP,WE,Towers with Radar,1296,308,48,0,1652,1,0,2,0,3,1297,308,50,0,1655,0,0,0,1655
03/22/2011,LAX,CA,AWP,WE,Towers with Radar,1239,306,37,1,1583,2,1,2,10,15,1241,307,39,11,1598,0,0,0,1598
03/23/2011,LAX,CA,AWP,WE,Towers with Radar,1256,306,45,0,1607,0,0,1,2,3,1256,306,46,2,1610,0,0,0,1610
03/24/2011,LAX,CA,AWP,WE,Towers with Radar,1277,307,47,0,1631,1,0,2,5,8,1278,307,49,5,1639,0,0,0,1639
03/25/2011,LAX,CA,AWP,WE,Towers with Radar,1302,312,50,1,1665,2,1,2,0,5,1304,313,52,1,1670,0,0,0,1670
03/26/2011,LAX,CA,AWP,WE,Towers with Radar,1176,257,33,0,1466,1,0,11,1,13,1177,257,44,1,1479,0,0,0,1479
03/27/2011,LAX,CA,AWP,WE,Towers with Radar,1255,300,27,1,1583,1,0,4,5,10,1256,300,31,6,1593,0,0,0,1593
03/28/2011,LAX,CA,AWP,WE,Towers with Radar,1267,310,41,1,1619,2,0,6,5,13,1269,310,47,6,1632,0,0,0,1632
03/29/2011,LAX,CA,AWP,WE,Towers with Radar,1249,308,41,2,1600,2,1,17,11,31,1251,309,58,13,1631,0,0,0,1631
03/30/2011,LAX,CA,AWP,WE,Towers with Radar,1295,309,45,0,1649,0,0,8,3,11,1295,309,53,3,1660,0,0,0,1660
03/31/2011,LAX,CA,AWP,WE,Towers with Radar,1301,303,57,2,1663,2,0,9,5,16,1303,303,66,7,1679,0,0,0,1679
04/01/2011,LAX,CA,AWP,WE,Towers with Radar,1308,330,23,0,1661,0,0,4,8,12,1308,330,27,8,1673,0,0,0,1673
04/02/2011,LAX,CA,AWP,WE,Towers with Radar,1172,267,37,2,1478,2,0,6,2,10,1174,267,43,4,1488,0,0,0,1488
04/03/2011,LAX,CA,AWP,WE,Towers with Radar,1238,297,37,0,1572,0,0,4,1,5,1238,297,41,1,1577,0,0,0,1577
04/04/2011,LAX,CA,AWP,WE,Towers with Radar,1243,312,53,2,1610,0,0,1,4,5,1243,312,54,6,1615,0,0,0,1615
04/05/2011,LAX,CA,AWP,WE,Towers with Radar,1273,312,42,0,1627,1,0,2,4,7,1274,312,44,4,1634,0,0,0,1634
04/06/2011,LAX,CA,AWP,WE,Towers with Radar,1299,325,49,1,1674,2,0,3,5,10,1301,325,52,6,1684,0,0,0,1684
04/07/2011,LAX,CA,AWP,WE,Towers with Radar,1331,326,37,0,1694,0,0,0,6,6,1331,326,37,6,1700,0,0,0,1700
04/08/2011,LAX,CA,AWP,WE,Towers with Radar,1339,329,48,0,1716,2,0,8,1,11,1341,329,56,1,1727,0,0,0,1727
04/09/2011,LAX,CA,AWP,WE,Towers with Radar,1218,264,35,2,1519,2,0,6,0,8,1220,264,41,2,1527,0,0,0,1527
04/10/2011,LAX,CA,AWP,WE,Towers with Radar,1301,322,31,1,1655,1,0,7,3,11,1302,322,38,4,1666,0,0,0,1666
04/11/2011,LAX,CA,AWP,WE,Towers with Radar,1314,319,39,0,1672,2,0,10,3,15,1316,319,49,3,1687,0,0,0,1687
04/12/2011,LAX,CA,AWP,WE,Towers with Radar,1269,309,49,0,1627,1,0,8,12,21,1270,309,57,12,1648,0,0,0,1648
04/13/2011,LAX,CA,AWP,WE,Towers with Radar,1307,328,37,1,1673,1,0,11,6,18,1308,328,48,7,1691,0,0,0,1691
04/14/2011,LAX,CA,AWP,WE,Towers with Radar,1356,325,41,0,1722,1,0,16,10,27,1357,325,57,10,1749,0,0,0,1749
04/15/2011,LAX,CA,AWP,WE,Towers with Radar,1335,351,42,1,1729,1,0,3,6,10,1336,351,45,7,1739,0,0,0,1739
04/16/2011,LAX,CA,AWP,WE,Towers with Radar,1207,271,37,1,1516,1,1,5,0,7,1208,272,42,1,1523,0,0,0,1523
04/17/2011,LAX,CA,AWP,WE,Towers with Radar,1301,309,30,1,1641,0,0,2,0,2,1301,309,32,1,1643,0,0,0,1643
04/18/2011,LAX,CA,AWP,WE,Towers with Radar,1291,323,46,3,1663,0,1,7,7,15,1291,324,53,10,1678,0,0,0,1678
04/19/2011,LAX,CA,AWP,WE,Towers with Radar,1245,312,52,3,1612,1,0,8,35,44,1246,312,60,38,1656,0,0,0,1656
04/20/2011,LAX,CA,AWP,WE,Towers with Radar,1309,325,51,1,1686,2,0,8,7,17,1311,325,59,8,1703,0,0,0,1703
04/21/2011,LAX,CA,AWP,WE,Towers with Radar,1344,319,30,0,1693,2,0,7,44,53,1346,319,37,44,1746,0,0,0,1746
04/22/2011,LAX,CA,AWP,WE,Towers with Radar,1320,324,28,5,1677,0,0,2,38,40,1320,324,30,43,1717,0,0,0,1717
04/23/2011,LAX,CA,AWP,WE,Towers with Radar,1187,264,24,0,1475,2,1,8,0,11,1189,265,32,0,1486,0,0,0,1486
04/24/2011,LAX,CA,AWP,WE,Towers with Radar,1253,326,39,1,1619,1,0,2,0,3,1254,326,41,1,1622,0,0,0,1622
04/25/2011,LAX,CA,AWP,WE,Towers with Radar,1301,324,45,2,1672,0,0,7,9,16,1301,324,52,11,1688,0,0,0,1688
04/26/2011,LAX,CA,AWP,WE,Towers with Radar,1263,310,38,1,1612,2,0,10,3,15,1265,310,48,4,1627,0,0,0,1627
04/27/2011,LAX,CA,AWP,WE,Towers with Radar,1284,331,47,0,1662,1,0,11,6,18,1285,331,58,6,1680,0,0,0,1680
04/28/2011,LAX,CA,AWP,WE,Towers with Radar,1341,334,76,0,1751,2,0,12,4,18,1343,334,88,4,1769,0,0,0,1769
04/29/2011,LAX,CA,AWP,WE,Towers with Radar,1323,328,46,1,1698,0,0,10,11,21,1323,328,56,12,1719,0,0,0,1719
04/30/2011,LAX,CA,AWP,WE,Towers with Radar,1210,268,28,2,1508,1,0,11,0,12,1211,268,39,2,1520,0,0,0,1520
05/01/2011,LAX,CA,AWP,WE,Towers with Radar,1266,318,56,0,1640,1,0,6,0,7,1267,318,62,0,1647,0,0,0,1647
05/02/2011,LAX,CA,AWP,WE,Towers with Radar,1299,323,81,1,1704,1,1,7,5,14,1300,324,88,6,1718,0,0,0,1718
05/03/2011,LAX,CA,AWP,WE,Towers with Radar,1254,302,61,0,1617,1,1,9,6,17,1255,303,70,6,1634,0,0,0,1634
05/04/2011,LAX,CA,AWP,WE,Towers with Radar,1278,317,67,2,1664,2,1,8,17,28,1280,318,75,19,1692,0,0,0,1692
05/05/2011,LAX,CA,AWP,WE,Towers with Radar,1346,313,56,3,1718,0,0,4,3,7,1346,313,60,6,1725,0,0,0,1725
05/06/2011,LAX,CA,AWP,WE,Towers with Radar,1328,323,43,0,1694,1,0,3,11,15,1329,323,46,11,1709,0,0,0,1709
05/07/2011,LAX,CA,AWP,WE,Towers with Radar,1208,274,48,0,1530,1,0,6,3,10,1209,274,54,3,1540,0,0,0,1540
05/08/2011,LAX,CA,AWP,WE,Towers with Radar,1282,310,43,0,1635,0,0,4,1,5,1282,310,47,1,1640,0,0,0,1640
05/09/2011,LAX,CA,AWP,WE,Towers with Radar,1302,329,45,1,1677,2,0,1,6,9,1304,329,46,7,1686,0,0,0,1686
05/10/2011,LAX,CA,AWP,WE,Towers with Radar,1275,297,45,0,1617,1,0,6,6,13,1276,297,51,6,1630,0,0,0,1630
05/11/2011,LAX,CA,AWP,WE,Towers with Radar,1271,319,35,4,1629,1,0,13,6,20,1272,319,48,10,1649,0,0,0,1649
05/12/2011,LAX,CA,AWP,WE,Towers with Radar,1361,339,49,1,1750,1,0,10,10,21,1362,339,59,11,1771,0,0,0,1771
05/13/2011,LAX,CA,AWP,WE,Towers with Radar,1351,340,42,2,1735,1,1,6,2,10,1352,341,48,4,1745,0,0,0,1745
05/14/2011,LAX,CA,AWP,WE,Towers with Radar,1199,273,19,2,1493,2,0,3,0,5,1201,273,22,2,1498,0,0,0,1498
05/15/2011,LAX,CA,AWP,WE,Towers with Radar,1271,326,46,0,1643,1,1,1,3,6,1272,327,47,3,1649,0,0,0,1649
05/16/2011,LAX,CA,AWP,WE,Towers with Radar,1316,330,54,0,1700,1,0,3,5,9,1317,330,57,5,1709,0,0,0,1709
05/17/2011,LAX,CA,AWP,WE,Towers with Radar,1287,300,55,2,1644,0,0,10,14,24,1287,300,65,16,1668,0,0,0,1668
05/18/2011,LAX,CA,AWP,WE,Towers with Radar,1297,324,47,0,1668,0,0,2,8,10,1297,324,49,8,1678,0,0,0,1678
05/19/2011,LAX,CA,AWP,WE,Towers with Radar,1372,337,73,1,1783,1,0,12,6,19,1373,337,85,7,1802,0,0,0,1802
05/20/2011,LAX,CA,AWP,WE,Towers with Radar,1338,335,59,1,1733,1,0,13,4,18,1339,335,72,5,1751,0,0,0,1751
05/21/2011,LAX,CA,AWP,WE,Towers with Radar,1218,272,23,2,1515,1,0,2,2,5,1219,272,25,4,1520,0,0,0,1520
05/22/2011,LAX,CA,AWP,WE,Towers with Radar,1280,315,55,0,1650,1,0,3,0,4,1281,315,58,0,1654,0,0,0,1654
05/23/2011,LAX,CA,AWP,WE,Towers with Radar,1302,331,52,1,1686,2,0,4,10,16,1304,331,56,11,1702,0,0,0,1702
05/24/2011,LAX,CA,AWP,WE,Towers with Radar,1294,308,49,0,1651,1,0,4,2,7,1295,308,53,2,1658,0,0,0,1658
05/25/2011,LAX,CA,AWP,WE,Towers with Radar,1294,322,35,1,1652,0,0,7,11,18,1294,322,42,12,1670,0,0,0,1670
05/26/2011,LAX,CA,AWP,WE,Towers with Radar,1367,335,53,0,1755,2,0,6,10,18,1369,335,59,10,1773,0,0,0,1773
05/27/2011,LAX,CA,AWP,WE,Towers with Radar,1371,346,37,0,1754,0,0,15,8,23,1371,346,52,8,1777,0,0,0,1777
05/28/2011,LAX,CA,AWP,WE,Towers with Radar,1216,235,24,1,1476,1,0,7,5,13,1217,235,31,6,1489,0,0,0,1489
05/29/2011,LAX,CA,AWP,WE,Towers with Radar,1181,241,21,1,1444,2,0,0,0,2,1183,241,21,1,1446,0,0,0,1446
05/30/2011,LAX,CA,AWP,WE,Towers with Radar,1305,314,33,0,1652,2,0,7,6,15,1307,314,40,6,1667,0,0,0,1667
05/31/2011,LAX,CA,AWP,WE,Towers with Radar,1286,334,37,3,1660,0,0,4,5,9,1286,334,41,8,1669,0,0,0,1669
06/01/2011,LAX,CA,AWP,WE,Towers with Radar,1322,320,48,1,1691,1,1,4,0,6,1323,321,52,1,1697,0,0,0,1697
06/02/2011,LAX,CA,AWP,WE,Towers with Radar,1387,333,48,0,1768,2,0,11,16,29,1389,333,59,16,1797,0,0,0,1797
06/03/2011,LAX,CA,AWP,WE,Towers with Radar,1376,335,56,0,1767,1,0,6,4,11,1377,335,62,4,1778,0,0,0,1778
06/04/2011,LAX,CA,AWP,WE,Towers with Radar,1226,268,22,0,1516,1,0,5,2,8,1227,268,27,2,1524,0,0,0,1524
06/05/2011,LAX,CA,AWP,WE,Towers with Radar,1313,304,28,0,1645,1,0,1,2,4,1314,304,29,2,1649,0,0,0,1649
06/06/2011,LAX,CA,AWP,WE,Towers with Radar,1342,332,49,2,1725,1,0,6,5,12,1343,332,55,7,1737,0,0,0,1737
06/07/2011,LAX,CA,AWP,WE,Towers with Radar,1313,316,37,1,1667,2,0,18,8,28,1315,316,55,9,1695,0,0,0,1695
06/08/2011,LAX,CA,AWP,WE,Towers with Radar,1337,327,50,0,1714,2,0,6,6,14,1339,327,56,6,1728,0,0,0,1728
06/09/2011,LAX,CA,AWP,WE,Towers with Radar,1383,318,58,0,1759,1,0,7,4,12,1384,318,65,4,1771,0,0,0,1771
06/10/2011,LAX,CA,AWP,WE,Towers with Radar,1432,328,26,0,1786,2,0,2,0,4,1434,328,28,0,1790,0,0,0,1790
06/11/2011,LAX,CA,AWP,WE,Towers with Radar,1319,279,40,0,1638,2,0,11,1,14,1321,279,51,1,1652,0,0,0,1652
06/12/2011,LAX,CA,AWP,WE,Towers with Radar,1385,329,41,0,1755,0,0,1,1,2,1385,329,42,1,1757,0,0,0,1757
06/13/2011,LAX,CA,AWP,WE,Towers with Radar,1412,322,49,2,1785,2,0,13,12,27,1414,322,62,14,1812,0,0,0,1812
06/14/2011,LAX,CA,AWP,WE,Towers with Radar,1400,316,55,1,1772,0,0,0,6,6,1400,316,55,7,1778,0,0,0,1778
06/15/2011,LAX,CA,AWP,WE,Towers with Radar,1427,327,49,1,1804,1,0,3,0,4,1428,327,52,1,1808,0,0,0,1808
06/16/2011,LAX,CA,AWP,WE,Towers with Radar,1443,321,50,0,1814,0,0,3,12,15,1443,321,53,12,1829,0,0,0,1829
06/17/2011,LAX,CA,AWP,WE,Towers with Radar,1409,322,44,0,1775,1,0,9,3,13,1410,322,53,3,1788,0,0,0,1788
06/18/2011,LAX,CA,AWP,WE,Towers with Radar,1340,278,27,0,1645,1,0,8,20,29,1341,278,35,20,1674,0,0,0,1674
06/19/2011,LAX,CA,AWP,WE,Towers with Radar,1385,322,23,0,1730,0,0,1,3,4,1385,322,24,3,1734,0,0,0,1734
06/20/2011,LAX,CA,AWP,WE,Towers with Radar,1402,325,51,0,1778,2,0,4,8,14,1404,325,55,8,1792,0,0,0,1792
06/21/2011,LAX,CA,AWP,WE,Towers with Radar,1383,323,57,7,1770,0,0,3,13,16,1383,323,60,20,1786,0,0,0,1786
06/22/2011,LAX,CA,AWP,WE,Towers with Radar,1425,313,36,52,1826,3,0,1,2,6,1428,313,37,54,1832,0,0,0,1832
06/23/2011,LAX,CA,AWP,WE,Towers with Radar,1458,333,51,2,1844,1,0,6,3,10,1459,333,57,5,1854,0,0,0,1854
06/24/2011,LAX,CA,AWP,WE,Towers with Radar,1428,321,40,1,1790,2,0,4,2,8,1430,321,44,3,1798,0,0,0,1798
06/25/2011,LAX,CA,AWP,WE,Towers with Radar,1339,288,18,0,1645,1,0,7,3,11,1340,288,25,3,1656,0,0,0,1656
06/26/2011,LAX,CA,AWP,WE,Towers with Radar,1385,317,35,2,1739,0,0,6,2,8,1385,317,41,4,1747,0,0,0,1747
06/27/2011,LAX,CA,AWP,WE,Towers with Radar,1432,322,52,2,1808,0,0,8,0,8,1432,322,60,2,1816,0,0,0,1816
06/28/2011,LAX,CA,AWP,WE,Towers with Radar,1404,325,52,2,1783,0,0,13,7,20,1404,325,65,9,1803,0,0,0,1803
06/29/2011,LAX,CA,AWP,WE,Towers with Radar,1440,326,48,0,1814,1,0,8,0,9,1441,326,56,0,1823,0,0,0,1823
06/30/2011,LAX,CA,AWP,WE,Towers with Radar,1450,323,52,0,1825,3,0,10,3,16,1453,323,62,3,1841,0,0,0,1841
07/01/2011,LAX,CA,AWP,WE,Towers with Radar,1455,333,47,1,1836,1,0,6,6,13,1456,333,53,7,1849,0,0,0,1849
07/02/2011,LAX,CA,AWP,WE,Towers with Radar,1340,290,23,0,1653,1,0,9,2,12,1341,290,32,2,1665,0,0,0,1665
07/03/2011,LAX,CA,AWP,WE,Towers with Radar,1269,246,19,0,1534,1,0,3,0,4,1270,246,22,0,1538,0,0,0,1538
07/04/2011,LAX,CA,AWP,WE,Towers with Radar,1346,244,22,1,1613,1,0,1,4,6,1347,244,23,5,1619,0,0,0,1619
07/05/2011,LAX,CA,AWP,WE,Towers with Radar,1409,325,50,0,1784,2,0,7,2,11,1411,325,57,2,1795,0,0,0,1795
07/06/2011,LAX,CA,AWP,WE,Towers with Radar,1443,335,36,2,1816,0,0,10,6,16,1443,335,46,8,1832,0,0,0,1832
07/07/2011,LAX,CA,AWP,WE,Towers with Radar,1461,319,41,0,1821,0,0,3,6,9,1461,319,44,6,1830,0,0,0,1830
07/08/2011,LAX,CA,AWP,WE,Towers with Radar,1451,330,36,1,1818,2,1,10,8,21,1453,331,46,9,1839,0,0,0,1839
07/09/2011,LAX,CA,AWP,WE,Towers with Radar,1349,291,27,1,1668,3,0,23,9,35,1352,291,50,10,1703,0,0,0,1703
07/10/2011,LAX,CA,AWP,WE,Towers with Radar,1386,326,45,0,1757,2,0,2,0,4,1388,326,47,0,1761,0,0,0,1761
07/11/2011,LAX,CA,AWP,WE,Towers with Radar,1429,326,75,1,1831,1,0,5,7,13,1430,326,80,8,1844,0,0,0,1844
07/12/2011,LAX,CA,AWP,WE,Towers with Radar,1432,337,36,1,1806,0,0,7,5,12,1432,337,43,6,1818,0,0,0,1818
07/13/2011,LAX,CA,AWP,WE,Towers with Radar,1453,318,47,0,1818,0,0,2,4,6,1453,318,49,4,1824,0,0,0,1824
07/14/2011,LAX,CA,AWP,WE,Towers with Radar,1417,322,58,1,1798,2,0,1,8,11,1419,322,59,9,1809,0,0,0,1809
07/15/2011,LAX,CA,AWP,WE,Towers with Radar,1434,333,65,0,1832,1,0,12,4,17,1435,333,77,4,1849,0,0,0,1849
07/16/2011,LAX,CA,AWP,WE,Towers with Radar,1337,296,56,0,1689,1,0,44,6,51,1338,296,100,6,1740,0,0,0,1740
07/17/2011,LAX,CA,AWP,WE,Towers with Radar,1400,335,47,0,1782,0,0,32,2,34,1400,335,79,2,1816,0,0,0,1816
07/18/2011,LAX,CA,AWP,WE,Towers with Radar,1432,329,59,1,1821,0,0,11,6,17,1432,329,70,7,1838,0,0,0,1838
07/19/2011,LAX,CA,AWP,WE,Towers with Radar,1418,317,34,1,1770,0,0,4,1,5,1418,317,38,2,1775,0,0,0,1775
07/20/2011,LAX,CA,AWP,WE,Towers with Radar,1437,327,56,1,1821,2,0,2,6,10,1439,327,58,7,1831,0,0,0,1831
07/21/2011,LAX,CA,AWP,WE,Towers with Radar,1464,334,59,1,1858,2,0,0,8,10,1466,334,59,9,1868,0,0,0,1868
07/22/2011,LAX,CA,AWP,WE,Towers with Radar,1444,329,47,0,1820,0,0,9,11,20,1444,329,56,11,1840,0,0,0,1840
07/23/2011,LAX,CA,AWP,WE,Towers with Radar,1341,291,36,0,1668,2,0,10,0,12,1343,291,46,0,1680,0,0,0,1680
07/24/2011,LAX,CA,AWP,WE,Towers with Radar,1395,323,40,1,1759,3,0,3,8,14,1398,323,43,9,1773,0,0,0,1773
07/25/2011,LAX,CA,AWP,WE,Towers with Radar,1427,317,31,0,1775,0,2,7,6,15,1427,319,38,6,1790,0,0,0,1790
07/26/2011,LAX,CA,AWP,WE,Towers with Radar,1441,326,44,0,1811,2,0,12,31,45,1443,326,56,31,1856,0,0,0,1856
07/27/2011,LAX,CA,AWP,WE,Towers with Radar,1465,321,47,1,1834,2,0,4,4,10,1467,321,51,5,1844,0,0,0,1844
07/28/2011,LAX,CA,AWP,WE,Towers with Radar,1452,322,45,6,1825,3,0,6,4,13,1455,322,51,10,1838,0,0,0,1838
07/29/2011,LAX,CA,AWP,WE,Towers with Radar,1459,319,42,1,1821,1,0,12,0,13,1460,319,54,1,1834,0,0,0,1834
07/30/2011,LAX,CA,AWP,WE,Towers with Radar,1345,281,36,1,1663,2,0,7,0,9,1347,281,43,1,1672,0,0,0,1672
07/31/2011,LAX,CA,AWP,WE,Towers with Radar,1366,321,35,2,1724,2,0,6,2,10,1368,321,41,4,1734,0,0,0,1734
08/01/2011,LAX,CA,AWP,WE,Towers with Radar,1440,323,34,2,1799,0,0,10,4,14,1440,323,44,6,1813,0,0,0,1813
08/02/2011,LAX,CA,AWP,WE,Towers with Radar,1469,319,42,1,1831,0,0,3,5,8,1469,319,45,6,1839,0,0,0,1839
08/03/2011,LAX,CA,AWP,WE,Towers with Radar,1455,329,61,0,1845,2,0,8,3,13,1457,329,69,3,1858,0,0,0,1858
08/04/2011,LAX,CA,AWP,WE,Towers with Radar,1464,337,55,1,1857,1,0,12,7,20,1465,337,67,8,1877,0,0,0,1877
08/05/2011,LAX,CA,AWP,WE,Towers with Radar,1454,335,32,0,1821,3,1,2,7,13,1457,336,34,7,1834,0,0,0,1834
08/06/2011,LAX,CA,AWP,WE,Towers with Radar,1333,291,32,1,1657,1,0,11,0,12,1334,291,43,1,1669,0,0,0,1669
08/07/2011,LAX,CA,AWP,WE,Towers with Radar,1391,327,47,1,1766,1,0,2,2,5,1392,327,49,3,1771,0,0,0,1771
08/08/2011,LAX,CA,AWP,WE,Towers with Radar,1444,329,62,2,1837,2,0,9,6,17,1446,329,71,8,1854,0,0,0,1854
08/09/2011,LAX,CA,AWP,WE,Towers with Radar,1418,328,44,0,1790,2,0,3,2,7,1420,328,47,2,1797,0,0,0,1797
08/10/2011,LAX,CA,AWP,WE,Towers with Radar,1467,336,44,0,1847,2,0,5,4,11,1469,336,49,4,1858,0,0,0,1858
08/11/2011,LAX,CA,AWP,WE,Towers with Radar,1462,330,49,1,1842,2,0,2,8,12,1464,330,51,9,1854,0,0,0,1854
08/12/2011,LAX,CA,AWP,WE,Towers with Radar,1459,329,50,1,1839,0,0,1,5,6,1459,329,51,6,1845,0,0,0,1845
08/13/2011,LAX,CA,AWP,WE,Towers with Radar,1337,287,28,0,1652,0,0,6,2,8,1337,287,34,2,1660,0,0,0,1660
08/14/2011,LAX,CA,AWP,WE,Towers with Radar,1386,336,27,3,1752,0,0,3,2,5,1386,336,30,5,1757,0,0,0,1757
08/15/2011,LAX,CA,AWP,WE,Towers with Radar,1420,328,47,2,1797,2,0,2,13,17,1422,328,49,15,1814,0,0,0,1814
08/16/2011,LAX,CA,AWP,WE,Towers with Radar,1365,320,39,5,1729,2,0,6,2,10,1367,320,45,7,1739,0,0,0,1739
08/17/2011,LAX,CA,AWP,WE,Towers with Radar,1421,315,36,2,1774,0,0,3,11,14,1421,315,39,13,1788,0,0,0,1788
08/18/2011,LAX,CA,AWP,WE,Towers with Radar,1430,335,46,3,1814,2,0,12,11,25,1432,335,58,14,1839,0,0,0,1839
08/19/2011,LAX,CA,AWP,WE,Towers with Radar,1409,337,41,0,1787,1,0,13,7,21,1410,337,54,7,1808,0,0,0,1808
08/20/2011,LAX,CA,AWP,WE,Towers with Radar,1312,278,23,1,1614,2,0,1,0,3,1314,278,24,1,1617,0,0,0,1617
08/21/2011,LAX,CA,AWP,WE,Towers with Radar,1342,316,39,4,1701,1,0,10,1,12,1343,316,49,5,1713,0,0,0,1713
08/22/2011,LAX,CA,AWP,WE,Towers with Radar,1427,334,37,1,1799,0,0,5,6,11,1427,334,42,7,1810,0,0,0,1810
08/23/2011,LAX,CA,AWP,WE,Towers with Radar,1362,300,46,6,1714,2,0,2,8,12,1364,300,48,14,1726,0,0,0,1726
08/24/2011,LAX,CA,AWP,WE,Towers with Radar,1388,291,49,3,1731,0,0,21,8,29,1388,291,70,11,1760,0,0,0,1760
08/25/2011,LAX,CA,AWP,WE,Towers with Radar,1426,330,47,2,1805,2,0,0,11,13,1428,330,47,13,1818,0,0,0,1818
08/26/2011,LAX,CA,AWP,WE,Towers with Radar,1425,323,39,5,1792,0,1,8,5,14,1425,324,47,10,1806,0,0,0,1806
08/27/2011,LAX,CA,AWP,WE,Towers with Radar,1192,253,18,2,1465,1,0,4,5,10,1193,253,22,7,1475,0,0,0,1475
08/28/2011,LAX,CA,AWP,WE,Towers with Radar,1239,316,37,0,1592,0,0,4,1,5,1239,316,41,1,1597,0,0,0,1597
08/29/2011,LAX,CA,AWP,WE,Towers with Radar,1332,316,49,2,1699,0,0,10,4,14,1332,316,59,6,1713,0,0,0,1713
08/30/2011,LAX,CA,AWP,WE,Towers with Radar,1312,259,42,3,1616,0,0,5,7,12,1312,259,47,10,1628,0,0,0,1628
08/31/2011,LAX,CA,AWP,WE,Towers with Radar,1325,270,38,2,1635,1,0,2,6,9,1326,270,40,8,1644,0,0,0,1644
09/01/2011,LAX,CA,AWP,WE,Towers with Radar,1401,334,63,2,1800,2,0,4,8,14,1403,334,67,10,1814,0,0,0,1814
09/02/2011,LAX,CA,AWP,WE,Towers with Radar,1398,321,36,1,1756,1,0,3,1,5,1399,321,39,2,1761,0,0,0,1761
09/03/2011,LAX,CA,AWP,WE,Towers with Radar,1189,232,22,0,1443,2,0,1,1,4,1191,232,23,1,1447,0,0,0,1447
09/04/2011,LAX,CA,AWP,WE,Towers with Radar,1165,209,20,0,1394,1,0,4,5,10,1166,209,24,5,1404,0,0,0,1404
09/05/2011,LAX,CA,AWP,WE,Towers with Radar,1330,321,39,1,1691,1,0,7,3,11,1331,321,46,4,1702,0,0,0,1702
09/06/2011,LAX,CA,AWP,WE,Towers with Radar,1300,304,44,1,1649,0,0,5,7,12,1300,304,49,8,1661,0,0,0,1661
09/07/2011,LAX,CA,AWP,WE,Towers with Radar,1278,272,41,2,1593,0,0,1,9,10,1278,272,42,11,1603,0,0,0,1603
09/08/2011,LAX,CA,AWP,WE,Towers with Radar,1368,305,71,0,1744,0,0,7,15,22,1368,305,78,15,1766,0,0,0,1766
09/09/2011,LAX,CA,AWP,WE,Towers with Radar,1366,317,42,1,1726,1,1,10,6,18,1367,318,52,7,1744,0,0,0,1744
09/10/2011,LAX,CA,AWP,WE,Towers with Radar,1185,245,35,1,1466,1,0,0,2,3,1186,245,35,3,1469,0,0,0,1469
09/11/2011,LAX,CA,AWP,WE,Towers with Radar,1294,310,53,2,1659,1,0,7,0,8,1295,310,60,2,1667,0,0,0,1667
09/12/2011,LAX,CA,AWP,WE,Towers with Radar,1325,318,60,0,1703,0,0,5,4,9,1325,318,65,4,1712,0,0,0,1712
09/13/2011,LAX,CA,AWP,WE,Towers with Radar,1262,277,49,1,1589,1,0,4,5,10,1263,277,53,6,1599,0,0,0,1599
09/14/2011,LAX,CA,AWP,WE,Towers with Radar,1252,283,51,5,1591,1,0,2,4,7,1253,283,53,9,1598,0,0,0,1598
09/15/2011,LAX,CA,AWP,WE,Towers with Radar,1366,321,63,2,1752,1,0,7,2,10,1367,321,70,4,1762,0,0,0,1762
09/16/2011,LAX,CA,AWP,WE,Towers with Radar,1361,325,50,3,1739,0,0,1,1,2,1361,325,51,4,1741,0,0,0,1741
09/17/2011,LAX,CA,AWP,WE,Towers with Radar,1181,245,24,0,1450,1,0,9,6,16,1182,245,33,6,1466,0,0,0,1466
09/18/2011,LAX,CA,AWP,WE,Towers with Radar,1295,310,47,0,1652,1,0,1,1,3,1296,310,48,1,1655,0,0,0,1655
09/19/2011,LAX,CA,AWP,WE,Towers with Radar,1344,322,50,2,1718,0,0,1,1,2,1344,322,51,3,1720,0,0,0,1720
09/20/2011,LAX,CA,AWP,WE,Towers with Radar,1260,257,59,3,1579,1,0,0,2,3,1261,257,59,5,1582,0,0,0,1582
09/21/2011,LAX,CA,AWP,WE,Towers with Radar,1287,272,42,4,1605,2,0,2,5,9,1289,272,44,9,1614,0,0,0,1614
09/22/2011,LAX,CA,AWP,WE,Towers with Radar,1357,324,51,3,1735,2,0,1,15,18,1359,324,52,18,1753,0,0,0,1753
09/23/2011,LAX,CA,AWP,WE,Towers with Radar,1367,332,53,2,1754,2,0,0,17,19,1369,332,53,19,1773,0,0,0,1773
09/24/2011,LAX,CA,AWP,WE,Towers with Radar,1184,240,18,2,1444,0,0,4,4,8,1184,240,22,6,1452,0,0,0,1452
09/25/2011,LAX,CA,AWP,WE,Towers with Radar,1307,313,38,3,1661,1,0,0,6,7,1308,313,38,9,1668,0,0,0,1668
09/26/2011,LAX,CA,AWP,WE,Towers with Radar,1345,307,36,0,1688,1,0,3,24,28,1346,307,39,24,1716,0,0,0,1716
09/27/2011,LAX,CA,AWP,WE,Towers with Radar,1262,256,38,2,1558,1,0,2,14,17,1263,256,40,16,1575,0,0,0,1575
09/28/2011,LAX,CA,AWP,WE,Towers with Radar,1278,279,51,6,1614,1,0,0,0,1,1279,279,51,6,1615,0,0,0,1615
09/29/2011,LAX,CA,AWP,WE,Towers with Radar,1356,334,63,1,1754,0,0,4,6,10,1356,334,67,7,1764,0,0,0,1764
09/30/2011,LAX,CA,AWP,WE,Towers with Radar,1373,326,41,0,1740,1,0,4,3,8,1374,326,45,3,1748,0,0,0,1748
10/01/2011,LAX,CA,AWP,WE,Towers with Radar,1187,249,37,1,1474,0,0,1,0,1,1187,249,38,1,1475,0,0,0,1475
10/02/2011,LAX,CA,AWP,WE,Towers with Radar,1291,327,33,0,1651,0,0,8,4,12,1291,327,41,4,1663,0,0,0,1663
10/03/2011,LAX,CA,AWP,WE,Towers with Radar,1318,313,55,2,1688,1,0,1,2,4,1319,313,56,4,1692,0,0,0,1692
10/04/2011,LAX,CA,AWP,WE,Towers with Radar,1250,274,53,1,1578,1,0,7,4,12,1251,274,60,5,1590,0,0,0,1590
10/05/2011,LAX,CA,AWP,WE,Towers with Radar,1272,280,74,3,1629,1,0,5,0,6,1273,280,79,3,1635,0,0,0,1635
10/06/2011,LAX,CA,AWP,WE,Towers with Radar,1363,332,65,0,1760,0,0,6,6,12,1363,332,71,6,1772,0,0,0,1772
10/07/2011,LAX,CA,AWP,WE,Towers with Radar,1380,321,48,3,1752,2,0,1,2,5,1382,321,49,5,1757,0,0,0,1757
10/08/2011,LAX,CA,AWP,WE,Towers with Radar,1179,248,15,0,1442,2,0,3,0,5,1181,248,18,0,1447,0,0,0,1447
10/09/2011,LAX,CA,AWP,WE,Towers with Radar,1281,311,28,0,1620,0,0,2,5,7,1281,311,30,5,1627,0,0,0,1627
10/10/2011,LAX,CA,AWP,WE,Towers with Radar,1327,309,46,1,1683,1,0,0,2,3,1328,309,46,3,1686,0,0,0,1686
10/11/2011,LAX,CA,AWP,WE,Towers with Radar,1260,280,31,1,1572,1,0,4,11,16,1261,280,35,12,1588,0,0,0,1588
10/12/2011,LAX,CA,AWP,WE,Towers with Radar,1286,277,54,2,1619,1,0,5,6,12,1287,277,59,8,1631,0,0,0,1631
10/13/2011,LAX,CA,AWP,WE,Towers with Radar,1353,332,44,1,1730,1,0,2,6,9,1354,332,46,7,1739,0,0,0,1739
10/14/2011,LAX,CA,AWP,WE,Towers with Radar,1358,304,39,3,1704,1,0,0,1,2,1359,304,39,4,1706,0,0,0,1706
10/15/2011,LAX,CA,AWP,WE,Towers with Radar,1193,239,36,0,1468,2,0,1,6,9,1195,239,37,6,1477,0,0,0,1477
10/16/2011,LAX,CA,AWP,WE,Towers with Radar,1277,314,43,3,1637,2,0,6,2,10,1279,314,49,5,1647,0,0,0,1647
10/17/2011,LAX,CA,AWP,WE,Towers with Radar,1339,308,45,0,1692,1,0,1,0,2,1340,308,46,0,1694,0,0,0,1694
10/18/2011,LAX,CA,AWP,WE,Towers with Radar,1270,266,62,1,1599,0,0,0,0,0,1270,266,62,1,1599,0,0,0,1599
10/19/2011,LAX,CA,AWP,WE,Towers with Radar,1272,280,60,32,1644,0,0,12,4,16,1272,280,72,36,1660,0,0,0,1660
10/20/2011,LAX,CA,AWP,WE,Towers with Radar,1402,323,58,3,1786,1,0,5,7,13,1403,323,63,10,1799,0,0,0,1799
10/21/2011,LAX,CA,AWP,WE,Towers with Radar,1369,318,37,0,1724,0,0,6,12,18,1369,318,43,12,1742,0,0,0,1742
10/22/2011,LAX,CA,AWP,WE,Towers with Radar,1185,210,23,0,1418,1,0,0,0,1,1186,210,23,0,1419,0,0,0,1419
10/23/2011,LAX,CA,AWP,WE,Towers with Radar,1275,318,47,6,1646,1,0,0,0,1,1276,318,47,6,1647,0,0,0,1647
10/24/2011,LAX,CA,AWP,WE,Towers with Radar,1339,318,34,3,1694,1,0,1,9,11,1340,318,35,12,1705,0,0,0,1705
10/25/2011,LAX,CA,AWP,WE,Towers with Radar,1258,272,33,3,1566,1,0,7,24,32,1259,272,40,27,1598,0,0,0,1598
10/26/2011,LAX,CA,AWP,WE,Towers with Radar,1307,283,59,1,1650,2,1,4,5,12,1309,284,63,6,1662,0,0,0,1662
10/27/2011,LAX,CA,AWP,WE,Towers with Radar,1354,330,51,3,1738,0,0,7,10,17,1354,330,58,13,1755,0,0,0,1755
10/28/2011,LAX,CA,AWP,WE,Towers with Radar,1377,324,45,1,1747,0,0,11,4,15,1377,324,56,5,1762,0,0,0,1762
10/29/2011,LAX,CA,AWP,WE,Towers with Radar,1149,243,13,1,1406,1,0,4,4,9,1150,243,17,5,1415,0,0,0,1415
10/30/2011,LAX,CA,AWP,WE,Towers with Radar,1271,322,47,3,1643,0,0,0,3,3,1271,322,47,6,1646,0,0,0,1646
10/31/2011,LAX,CA,AWP,WE,Towers with Radar,1266,297,40,0,1603,2,0,1,0,3,1268,297,41,0,1606,0,0,0,1606
11/01/2011,LAX,CA,AWP,WE,Towers with Radar,1253,272,33,0,1558,1,0,0,4,5,1254,272,33,4,1563,0,0,0,1563
11/02/2011,LAX,CA,AWP,WE,Towers with Radar,1265,288,46,1,1600,2,0,4,6,12,1267,288,50,7,1612,0,0,0,1612
11/03/2011,LAX,CA,AWP,WE,Towers with Radar,1360,326,61,2,1749,1,0,5,10,16,1361,326,66,12,1765,0,0,0,1765
11/04/2011,LAX,CA,AWP,WE,Towers with Radar,1323,329,66,0,1718,0,0,2,12,14,1323,329,68,12,1732,0,0,0,1732
11/05/2011,LAX,CA,AWP,WE,Towers with Radar,1157,243,36,0,1436,1,0,4,3,8,1158,243,40,3,1444,0,0,0,1444
11/06/2011,LAX,CA,AWP,WE,Towers with Radar,1286,316,39,0,1641,1,0,4,2,7,1287,316,43,2,1648,0,0,0,1648
11/07/2011,LAX,CA,AWP,WE,Towers with Radar,1276,314,53,2,1645,1,0,13,8,22,1277,314,66,10,1667,0,0,0,1667
11/08/2011,LAX,CA,AWP,WE,Towers with Radar,1237,282,41,4,1564,0,0,3,9,12,1237,282,44,13,1576,0,0,0,1576
11/09/2011,LAX,CA,AWP,WE,Towers with Radar,1265,290,47,0,1602,2,0,3,2,7,1267,290,50,2,1609,0,0,0,1609
11/10/2011,LAX,CA,AWP,WE,Towers with Radar,1333,351,75,0,1759,2,0,10,12,24,1335,351,85,12,1783,0,0,0,1783
11/11/2011,LAX,CA,AWP,WE,Towers with Radar,1284,337,45,0,1666,1,0,3,0,4,1285,337,48,0,1670,0,0,0,1670
11/12/2011,LAX,CA,AWP,WE,Towers with Radar,1136,255,34,0,1425,2,0,1,2,5,1138,255,35,2,1430,0,0,0,1430
11/13/2011,LAX,CA,AWP,WE,Towers with Radar,1260,323,74,0,1657,2,0,5,2,9,1262,323,79,2,1666,0,0,0,1666
11/14/2011,LAX,CA,AWP,WE,Towers with Radar,1265,316,54,1,1636,2,0,3,9,14,1267,316,57,10,1650,0,0,0,1650
11/15/2011,LAX,CA,AWP,WE,Towers with Radar,1233,289,46,3,1571,1,0,0,6,7,1234,289,46,9,1578,0,0,0,1578
11/16/2011,LAX,CA,AWP,WE,Towers with Radar,1266,277,46,0,1589,1,0,2,8,11,1267,277,48,8,1600,0,0,0,1600
11/17/2011,LAX,CA,AWP,WE,Towers with Radar,1330,330,67,4,1731,1,0,6,2,9,1331,330,73,6,1740,0,0,0,1740
11/18/2011,LAX,CA,AWP,WE,Towers with Radar,1342,335,48,5,1730,0,0,0,1,1,1342,335,48,6,1731,0,0,0,1731
11/19/2011,LAX,CA,AWP,WE,Towers with Radar,1177,238,29,3,1447,0,0,1,0,1,1177,238,30,3,1448,0,0,0,1448
11/20/2011,LAX,CA,AWP,WE,Towers with Radar,1262,320,35,0,1617,2,0,2,2,6,1264,320,37,2,1623,0,0,0,1623
11/21/2011,LAX,CA,AWP,WE,Towers with Radar,1257,291,47,0,1595,0,0,8,16,24,1257,291,55,16,1619,0,0,0,1619
11/22/2011,LAX,CA,AWP,WE,Towers with Radar,1308,281,52,1,1642,2,0,9,6,17,1310,281,61,7,1659,0,0,0,1659
11/23/2011,LAX,CA,AWP,WE,Towers with Radar,1358,330,46,0,1734,0,0,7,7,14,1358,330,53,7,1748,0,0,0,1748
11/24/2011,LAX,CA,AWP,WE,Towers with Radar,987,194,15,0,1196,0,0,1,7,8,987,194,16,7,1204,0,0,0,1204
11/25/2011,LAX,CA,AWP,WE,Towers with Radar,1128,226,21,2,1377,1,0,4,0,5,1129,226,25,2,1382,0,0,0,1382
11/26/2011,LAX,CA,AWP,WE,Towers with Radar,1225,306,28,2,1561,0,0,6,4,10,1225,306,34,6,1571,0,0,0,1571
11/27/2011,LAX,CA,AWP,WE,Towers with Radar,1355,336,68,0,1759,0,0,5,2,7,1355,336,73,2,1766,0,0,0,1766
11/28/2011,LAX,CA,AWP,WE,Towers with Radar,1331,334,59,2,1726,1,0,10,8,19,1332,334,69,10,1745,0,0,0,1745
11/29/2011,LAX,CA,AWP,WE,Towers with Radar,1258,310,38,0,1606,2,0,1,9,12,1260,310,39,9,1618,0,0,0,1618
11/30/2011,LAX,CA,AWP,WE,Towers with Radar,1199,286,38,2,1525,1,0,1,8,10,1200,286,39,10,1535,0,0,0,1535
12/01/2011,LAX,CA,AWP,WE,Towers with Radar,1332,320,65,0,1717,0,0,2,12,14,1332,320,67,12,1731,0,0,0,1731
12/02/2011,LAX,CA,AWP,WE,Towers with Radar,1286,331,49,2,1668,0,0,6,5,11,1286,331,55,7,1679,0,0,0,1679
12/03/2011,LAX,CA,AWP,WE,Towers with Radar,1097,254,23,4,1378,1,0,6,0,7,1098,254,29,4,1385,0,0,0,1385
12/04/2011,LAX,CA,AWP,WE,Towers with Radar,1195,304,37,0,1536,2,0,2,0,4,1197,304,39,0,1540,0,0,0,1540
12/05/2011,LAX,CA,AWP,WE,Towers with Radar,1229,307,46,0,1582,1,0,3,10,14,1230,307,49,10,1596,0,0,0,1596
12/06/2011,LAX,CA,AWP,WE,Towers with Radar,1186,289,49,0,1524,1,0,2,14,17,1187,289,51,14,1541,0,0,0,1541
12/07/2011,LAX,CA,AWP,WE,Towers with Radar,1232,276,61,0,1569,1,0,12,6,19,1233,276,73,6,1588,0,0,0,1588
12/08/2011,LAX,CA,AWP,WE,Towers with Radar,1289,330,46,1,1666,1,0,15,18,34,1290,330,61,19,1700,0,0,0,1700
12/09/2011,LAX,CA,AWP,WE,Towers with Radar,1302,322,31,1,1656,1,0,6,6,13,1303,322,37,7,1669,0,0,0,1669
12/10/2011,LAX,CA,AWP,WE,Towers with Radar,1094,247,20,0,1361,2,0,16,0,18,1096,247,36,0,1379,0,0,0,1379
12/11/2011,LAX,CA,AWP,WE,Towers with Radar,1212,311,42,1,1566,2,0,3,0,5,1214,311,45,1,1571,0,0,0,1571
12/12/2011,LAX,CA,AWP,WE,Towers with Radar,1223,311,60,1,1595,1,0,2,4,7,1224,311,62,5,1602,0,0,0,1602
12/13/2011,LAX,CA,AWP,WE,Towers with Radar,1219,280,52,2,1553,2,0,3,0,5,1221,280,55,2,1558,0,0,0,1558
12/14/2011,LAX,CA,AWP,WE,Towers with Radar,1252,295,46,0,1593,1,0,7,8,16,1253,295,53,8,1609,0,0,0,1609
12/15/2011,LAX,CA,AWP,WE,Towers with Radar,1368,343,57,1,1769,6,0,5,2,13,1374,343,62,3,1782,0,0,0,1782
12/16/2011,LAX,CA,AWP,WE,Towers with Radar,1383,337,44,2,1766,2,0,7,8,17,1385,337,51,10,1783,0,0,0,1783
12/17/2011,LAX,CA,AWP,WE,Towers with Radar,1242,283,37,1,1563,1,0,2,4,7,1243,283,39,5,1570,0,0,0,1570
12/18/2011,LAX,CA,AWP,WE,Towers with Radar,1323,317,32,2,1674,1,0,1,2,4,1324,317,33,4,1678,0,0,0,1678
12/19/2011,LAX,CA,AWP,WE,Towers with Radar,1358,334,49,1,1742,2,0,2,4,8,1360,334,51,5,1750,0,0,0,1750
12/20/2011,LAX,CA,AWP,WE,Towers with Radar,1392,317,45,0,1754,1,0,3,7,11,1393,317,48,7,1765,0,0,0,1765
12/21/2011,LAX,CA,AWP,WE,Towers with Radar,1409,317,47,1,1774,2,0,9,4,15,1411,317,56,5,1789,0,0,0,1789
12/22/2011,LAX,CA,AWP,WE,Towers with Radar,1440,343,58,3,1844,1,0,9,10,20,1441,343,67,13,1864,0,0,0,1864
12/23/2011,LAX,CA,AWP,WE,Towers with Radar,1423,345,55,1,1824,0,1,4,8,13,1423,346,59,9,1837,0,0,0,1837
12/24/2011,LAX,CA,AWP,WE,Towers with Radar,1126,238,25,1,1390,1,0,8,3,12,1127,238,33,4,1402,0,0,0,1402
12/25/2011,LAX,CA,AWP,WE,Towers with Radar,1115,264,17,1,1397,0,0,9,0,9,1115,264,26,1,1406,0,0,0,1406
12/26/2011,LAX,CA,AWP,WE,Towers with Radar,1335,346,52,0,1733,1,0,3,6,10,1336,346,55,6,1743,0,0,0,1743
12/27/2011,LAX,CA,AWP,WE,Towers with Radar,1345,334,55,0,1734,1,0,7,3,11,1346,334,62,3,1745,0,0,0,1745
12/28/2011,LAX,CA,AWP,WE,Towers with Radar,1402,328,26,0,1756,2,0,12,9,23,1404,328,38,9,1779,0,0,0,1779
12/29/2011,LAX,CA,AWP,WE,Towers with Radar,1394,309,50,1,1754,1,0,1,8,10,1395,309,51,9,1764,0,0,0,1764
12/30/2011,LAX,CA,AWP,WE,Towers with Radar,1355,222,30,1,1608,1,0,2,0,3,1356,222,32,1,1611,0,0,0,1611
12/31/2011,LAX,CA,AWP,WE,Towers with Radar,1203,232,21,2,1458,0,0,0,4,4,1203,232,21,6,1462,0,0,0,1462
01/01/2012,LAX,CA,AWP,WE,Towers with Radar,1195,281,51,0,1527,1,0,2,2,5,1196,281,53,2,1532,0,0,0,1532
01/02/2012,LAX,CA,AWP,WE,Towers with Radar,1369,319,102,0,1790,2,0,5,2,9,1371,319,107,2,1799,0,0,0,1799
01/03/2012,LAX,CA,AWP,WE,Towers with Radar,1321,269,78,1,1669,1,0,3,0,4,1322,269,81,1,1673,0,0,0,1673
01/04/2012,LAX,CA,AWP,WE,Towers with Radar,1285,274,74,1,1634,1,0,2,8,11,1286,274,76,9,1645,0,0,0,1645
01/05/2012,LAX,CA,AWP,WE,Towers with Radar,1309,319,69,4,1701,1,0,8,20,29,1310,319,77,24,1730,0,0,0,1730
01/06/2012,LAX,CA,AWP,WE,Towers with Radar,1305,319,41,1,1666,0,0,4,6,10,1305,319,45,7,1676,0,0,0,1676
01/07/2012,LAX,CA,AWP,WE,Towers with Radar,1138,239,43,3,1423,1,0,9,4,14,1139,239,52,7,1437,0,0,0,1437
01/08/2012,LAX,CA,AWP,WE,Towers with Radar,1246,306,37,1,1590,0,0,2,1,3,1246,306,39,2,1593,0,0,0,1593
01/09/2012,LAX,CA,AWP,WE,Towers with Radar,1235,303,48,0,1586,1,0,4,17,22,1236,303,52,17,1608,0,0,0,1608
01/10/2012,LAX,CA,AWP,WE,Towers with Radar,1211,273,57,3,1544,1,0,7,8,16,1212,273,64,11,1560,0,0,0,1560
01/11/2012,LAX,CA,AWP,WE,Towers with Radar,1243,283,45,0,1571,2,0,2,8,12,1245,283,47,8,1583,0,0,0,1583
01/12/2012,LAX,CA,AWP,WE,Towers with Radar,1294,326,66,0,1686,1,0,4,9,14,1295,326,70,9,1700,0,0,0,1700
01/13/2012,LAX,CA,AWP,WE,Towers with Radar,1283,337,75,3,1698,1,0,4,2,7,1284,337,79,5,1705,0,0,0,1705
01/14/2012,LAX,CA,AWP,WE,Towers with Radar,1114,237,43,2,1396,3,0,6,3,12,1117,237,49,5,1408,0,0,0,1408
01/15/2012,LAX,CA,AWP,WE,Towers with Radar,1196,295,24,1,1516,1,0,3,6,10,1197,295,27,7,1526,0,0,0,1526
01/16/2012,LAX,CA,AWP,WE,Towers with Radar,1224,306,55,2,1587,0,0,3,2,5,1224,306,58,4,1592,0,0,0,1592
01/17/2012,LAX,CA,AWP,WE,Towers with Radar,1226,266,31,2,1525,1,0,1,9,11,1227,266,32,11,1536,0,0,0,1536
01/18/2012,LAX,CA,AWP,WE,Towers with Radar,1242,287,41,1,1571,1,0,6,6,13,1243,287,47,7,1584,0,0,0,1584
01/19/2012,LAX,CA,AWP,WE,Towers with Radar,1273,333,67,5,1678,1,0,12,6,19,1274,333,79,11,1697,0,0,0,1697
01/20/2012,LAX,CA,AWP,WE,Towers with Radar,1237,332,44,3,1616,1,0,3,6,10,1238,332,47,9,1626,0,0,0,1626
01/21/2012,LAX,CA,AWP,WE,Towers with Radar,1124,238,39,4,1405,1,0,1,2,4,1125,238,40,6,1409,0,0,0,1409
01/22/2012,LAX,CA,AWP,WE,Towers with Radar,1209,316,40,1,1566,0,0,3,0,3,1209,316,43,1,1569,0,0,0,1569
01/23/2012,LAX,CA,AWP,WE,Towers with Radar,1221,321,72,8,1622,1,0,1,4,6,1222,321,73,12,1628,0,0,0,1628
01/24/2012,LAX,CA,AWP,WE,Towers with Radar,1219,278,58,0,1555,2,0,7,3,12,1221,278,65,3,1567,0,0,0,1567
01/25/2012,LAX,CA,AWP,WE,Towers with Radar,1216,277,51,0,1544,0,0,7,30,37,1216,277,58,30,1581,0,0,0,1581
01/26/2012,LAX,CA,AWP,WE,Towers with Radar,1275,339,59,2,1675,1,0,10,4,15,1276,339,69,6,1690,0,0,0,1690
01/27/2012,LAX,CA,AWP,WE,Towers with Radar,1270,342,63,1,1676,1,0,8,5,14,1271,342,71,6,1690,0,0,0,1690
01/28/2012,LAX,CA,AWP,WE,Towers with Radar,1108,230,51,1,1390,1,0,3,8,12,1109,230,54,9,1402,0,0,0,1402
01/29/2012,LAX,CA,AWP,WE,Towers with Radar,1208,319,37,0,1564,0,0,2,7,9,1208,319,39,7,1573,0,0,0,1573
01/30/2012,LAX,CA,AWP,WE,Towers with Radar,1219,313,57,0,1589,2,0,11,0,13,1221,313,68,0,1602,0,0,0,1602
01/31/2012,LAX,CA,AWP,WE,Towers with Radar,1196,264,60,2,1522,2,0,4,6,12,1198,264,64,8,1534,0,0,0,1534
02/01/2012,LAX,CA,AWP,WE,Towers with Radar,1208,280,48,3,1539,1,0,5,12,18,1209,280,53,15,1557,0,0,0,1557
02/02/2012,LAX,CA,AWP,WE,Towers with Radar,1264,327,54,1,1646,2,0,13,8,23,1266,327,67,9,1669,0,0,0,1669
02/03/2012,LAX,CA,AWP,WE,Towers with Radar,1248,330,36,14,1628,1,0,5,7,13,1249,330,41,21,1641,0,0,0,1641
02/04/2012,LAX,CA,AWP,WE,Towers with Radar,1091,241,28,2,1362,2,0,8,2,12,1093,241,36,4,1374,0,0,0,1374
02/05/2012,LAX,CA,AWP,WE,Towers with Radar,1197,312,36,2,1547,1,0,5,2,8,1198,312,41,4,1555,0,0,0,1555
02/06/2012,LAX,CA,AWP,WE,Towers with Radar,1221,307,57,0,1585,0,2,4,6,12,1221,309,61,6,1597,0,0,0,1597
02/07/2012,LAX,CA,AWP,WE,Towers with Radar,1184,270,45,3,1502,0,0,3,2,5,1184,270,48,5,1507,0,0,0,1507
02/08/2012,LAX,CA,AWP,WE,Towers with Radar,1217,275,42,0,1534,2,0,6,7,15,1219,275,48,7,1549,0,0,0,1549
02/09/2012,LAX,CA,AWP,WE,Towers with Radar,1283,333,53,2,1671,1,0,13,11,25,1284,333,66,13,1696,0,0,0,1696
02/10/2012,LAX,CA,AWP,WE,Towers with Radar,1255,346,52,0,1653,1,0,2,7,10,1256,346,54,7,1663,0,0,0,1663
02/11/2012,LAX,CA,AWP,WE,Towers with Radar,1110,239,33,2,1384,1,0,11,12,24,1111,239,44,14,1408,0,0,0,1408
02/12/2012,LAX,CA,AWP,WE,Towers with Radar,1216,331,48,1,1596,1,0,6,2,9,1217,331,54,3,1605,0,0,0,1605
02/13/2012,LAX,CA,AWP,WE,Towers with Radar,1224,314,58,0,1596,3,0,6,20,29,1227,314,64,20,1625,0,0,0,1625
02/14/2012,LAX,CA,AWP,WE,Towers with Radar,1218,276,49,1,1544,1,0,7,1,9,1219,276,56,2,1553,0,0,0,1553
02/15/2012,LAX,CA,AWP,WE,Towers with Radar,1248,280,31,4,1563,0,0,12,31,43,1248,280,43,35,1606,0,0,0,1606
02/16/2012,LAX,CA,AWP,WE,Towers with Radar,1321,347,48,3,1719,2,0,10,20,32,1323,347,58,23,1751,0,0,0,1751
02/17/2012,LAX,CA,AWP,WE,Towers with Radar,1309,366,48,0,1723,1,0,8,3,12,1310,366,56,3,1735,0,0,0,1735
02/18/2012,LAX,CA,AWP,WE,Towers with Radar,1151,265,38,2,1456,1,0,2,3,6,1152,265,40,5,1462,0,0,0,1462
02/19/2012,LAX,CA,AWP,WE,Towers with Radar,1237,318,31,3,1589,1,0,3,4,8,1238,318,34,7,1597,0,0,0,1597
02/20/2012,LAX,CA,AWP,WE,Towers with Radar,1271,348,69,1,1689,2,0,4,5,11,1273,348,73,6,1700,0,0,0,1700
02/21/2012,LAX,CA,AWP,WE,Towers with Radar,1258,327,46,3,1634,1,0,9,2,12,1259,327,55,5,1646,0,0,0,1646
02/22/2012,LAX,CA,AWP,WE,Towers with Radar,1238,298,42,0,1578,1,0,7,6,14,1239,298,49,6,1592,0,0,0,1592
02/23/2012,LAX,CA,AWP,WE,Towers with Radar,1275,351,51,2,1679,2,0,10,7,19,1277,351,61,9,1698,0,0,0,1698
02/24/2012,LAX,CA,AWP,WE,Towers with Radar,1293,350,42,2,1687,2,0,2,2,6,1295,350,44,4,1693,0,0,0,1693
02/25/2012,LAX,CA,AWP,WE,Towers with Radar,1142,264,32,0,1438,1,0,3,3,7,1143,264,35,3,1445,0,0,0,1445
02/26/2012,LAX,CA,AWP,WE,Towers with Radar,1245,329,45,1,1620,0,0,1,5,6,1245,329,46,6,1626,0,0,0,1626
02/27/2012,LAX,CA,AWP,WE,Towers with Radar,1255,350,61,2,1668,0,0,3,8,11,1255,350,64,10,1679,0,0,0,1679
02/28/2012,LAX,CA,AWP,WE,Towers with Radar,1237,297,43,1,1578,2,0,10,7,19,1239,297,53,8,1597,0,0,0,1597
02/29/2012,LAX,CA,AWP,WE,Towers with Radar,1232,296,29,3,1560,1,3,6,8,18,1233,299,35,11,1578,0,0,0,1578
03/01/2012,LAX,CA,AWP,WE,Towers with Radar,1319,334,59,3,1715,1,0,4,13,18,1320,334,63,16,1733,0,0,0,1733
03/02/2012,LAX,CA,AWP,WE,Towers with Radar,1336,340,39,3,1718,0,0,4,4,8,1336,340,43,7,1726,0,0,0,1726
03/03/2012,LAX,CA,AWP,WE,Towers with Radar,1149,263,19,3,1434,2,0,2,5,9,1151,263,21,8,1443,0,0,0,1443
03/04/2012,LAX,CA,AWP,WE,Towers with Radar,1257,317,43,1,1618,0,0,4,0,4,1257,317,47,1,1622,0,0,0,1622
03/05/2012,LAX,CA,AWP,WE,Towers with Radar,1265,332,34,1,1632,1,0,7,2,10,1266,332,41,3,1642,0,0,0,1642
03/06/2012,LAX,CA,AWP,WE,Towers with Radar,1243,305,46,3,1597,1,0,1,8,10,1244,305,47,11,1607,0,0,0,1607
03/07/2012,LAX,CA,AWP,WE,Towers with Radar,1277,310,51,1,1639,2,0,1,5,8,1279,310,52,6,1647,0,0,0,1647
03/08/2012,LAX,CA,AWP,WE,Towers with Radar,1329,347,70,1,1747,1,0,12,12,25,1330,347,82,13,1772,0,0,0,1772
03/09/2012,LAX,CA,AWP,WE,Towers with Radar,1336,348,59,1,1744,0,0,2,9,11,1336,348,61,10,1755,0,0,0,1755
03/10/2012,LAX,CA,AWP,WE,Towers with Radar,1206,274,26,1,1507,3,0,7,0,10,1209,274,33,1,1517,0,0,0,1517
03/11/2012,LAX,CA,AWP,WE,Towers with Radar,1266,335,37,1,1639,2,0,4,4,10,1268,335,41,5,1649,0,0,0,1649
03/12/2012,LAX,CA,AWP,WE,Towers with Radar,1311,346,51,2,1710,1,0,1,6,8,1312,346,52,8,1718,0,0,0,1718
03/13/2012,LAX,CA,AWP,WE,Towers with Radar,1264,306,45,0,1615,2,0,5,6,13,1266,306,50,6,1628,0,0,0,1628
03/14/2012,LAX,CA,AWP,WE,Towers with Radar,1271,310,46,4,1631,1,0,6,7,14,1272,310,52,11,1645,0,0,0,1645
03/15/2012,LAX,CA,AWP,WE,Towers with Radar,1360,360,60,2,1782,2,0,2,8,12,1362,360,62,10,1794,0,0,0,1794
03/16/2012,LAX,CA,AWP,WE,Towers with Radar,1343,354,52,4,1753,1,0,3,3,7,1344,354,55,7,1760,0,0,0,1760
03/17/2012,LAX,CA,AWP,WE,Towers with Radar,1211,274,54,0,1539,1,0,0,2,3,1212,274,54,2,1542,0,0,0,1542
03/18/2012,LAX,CA,AWP,WE,Towers with Radar,1304,334,52,0,1690,1,0,6,6,13,1305,334,58,6,1703,0,0,0,1703
03/19/2012,LAX,CA,AWP,WE,Towers with Radar,1313,352,56,1,1722,0,0,9,10,19,1313,352,65,11,1741,0,0,0,1741
03/20/2012,LAX,CA,AWP,WE,Towers with Radar,1265,311,46,2,1624,1,1,10,8,20,1266,312,56,10,1644,0,0,0,1644
03/21/2012,LAX,CA,AWP,WE,Towers with Radar,1298,303,46,3,1650,0,0,12,6,18,1298,303,58,9,1668,0,0,0,1668
03/22/2012,LAX,CA,AWP,WE,Towers with Radar,1366,352,60,7,1785,2,1,0,4,7,1368,353,60,11,1792,0,0,0,1792
03/23/2012,LAX,CA,AWP,WE,Towers with Radar,1352,352,59,1,1764,2,0,1,9,12,1354,352,60,10,1776,0,0,0,1776
03/24/2012,LAX,CA,AWP,WE,Towers with Radar,1193,269,26,2,1490,0,0,4,1,5,1193,269,30,3,1495,0,0,0,1495
03/25/2012,LAX,CA,AWP,WE,Towers with Radar,1302,316,63,0,1681,1,0,0,0,1,1303,316,63,0,1682,0,0,0,1682
03/26/2012,LAX,CA,AWP,WE,Towers with Radar,1347,349,34,1,1731,1,0,4,2,7,1348,349,38,3,1738,0,0,0,1738
03/27/2012,LAX,CA,AWP,WE,Towers with Radar,1254,310,60,3,1627,1,0,9,7,17,1255,310,69,10,1644,0,0,0,1644
03/28/2012,LAX,CA,AWP,WE,Towers with Radar,1324,301,34,5,1664,1,0,4,2,7,1325,301,38,7,1671,0,0,0,1671
03/29/2012,LAX,CA,AWP,WE,Towers with Radar,1379,345,48,3,1775,1,0,4,4,9,1380,345,52,7,1784,0,0,0,1784
03/30/2012,LAX,CA,AWP,WE,Towers with Radar,1355,350,42,1,1748,1,0,2,4,7,1356,350,44,5,1755,0,0,0,1755
03/31/2012,LAX,CA,AWP,WE,Towers with Radar,1224,261,27,1,1513,1,1,4,1,7,1225,262,31,2,1520,0,0,0,1520
04/01/2012,LAX,CA,AWP,WE,Towers with Radar,1276,321,51,3,1651,2,0,1,1,4,1278,321,52,4,1655,0,0,0,1655
04/02/2012,LAX,CA,AWP,WE,Towers with Radar,1315,321,34,0,1670,2,0,3,12,17,1317,321,37,12,1687,0,0,0,1687
04/03/2012,LAX,CA,AWP,WE,Towers with Radar,1261,301,45,0,1607,0,0,5,4,9,1261,301,50,4,1616,0,0,0,1616
04/04/2012,LAX,CA,AWP,WE,Towers with Radar,1331,291,49,2,1673,0,0,13,6,19,1331,291,62,8,1692,0,0,0,1692
04/05/2012,LAX,CA,AWP,WE,Towers with Radar,1346,359,52,2,1759,1,0,9,2,12,1347,359,61,4,1771,0,0,0,1771
04/06/2012,LAX,CA,AWP,WE,Towers with Radar,1362,321,37,1,1721,1,0,6,4,11,1363,321,43,5,1732,0,0,0,1732
04/07/2012,LAX,CA,AWP,WE,Towers with Radar,1193,249,29,1,1472,1,0,6,5,12,1194,249,35,6,1484,0,0,0,1484
04/08/2012,LAX,CA,AWP,WE,Towers with Radar,1283,302,36,0,1621,1,0,7,7,15,1284,302,43,7,1636,0,0,0,1636
04/09/2012,LAX,CA,AWP,WE,Towers with Radar,1339,296,49,0,1684,1,0,10,11,22,1340,296,59,11,1706,0,0,0,1706
04/10/2012,LAX,CA,AWP,WE,Towers with Radar,1260,268,33,2,1563,1,0,4,6,11,1261,268,37,8,1574,0,0,0,1574
04/11/2012,LAX,CA,AWP,WE,Towers with Radar,1336,271,42,2,1651,1,0,9,3,13,1337,271,51,5,1664,0,0,0,1664
04/12/2012,LAX,CA,AWP,WE,Towers with Radar,1363,321,51,5,1740,1,0,4,19,24,1364,321,55,24,1764,0,0,0,1764
04/13/2012,LAX,CA,AWP,WE,Towers with Radar,1364,316,48,1,1729,2,0,2,9,13,1366,316,50,10,1742,0,0,0,1742
04/14/2012,LAX,CA,AWP,WE,Towers with Radar,1202,244,36,1,1483,1,0,1,2,4,1203,244,37,3,1487,0,0,0,1487
04/15/2012,LAX,CA,AWP,WE,Towers with Radar,1301,309,43,0,1653,1,0,4,2,7,1302,309,47,2,1660,0,0,0,1660
04/16/2012,LAX,CA,AWP,WE,Towers with Radar,1330,296,39,3,1668,0,0,4,5,9,1330,296,43,8,1677,0,0,0,1677
04/17/2012,LAX,CA,AWP,WE,Towers with Radar,1283,275,51,1,1610,3,0,14,14,31,1286,275,65,15,1641,0,0,0,1641
04/18/2012,LAX,CA,AWP,WE,Towers with Radar,1352,271,71,1,1695,2,0,5,7,14,1354,271,76,8,1709,0,0,0,1709
04/19/2012,LAX,CA,AWP,WE,Towers with Radar,1364,323,74,3,1764,1,0,7,4,12,1365,323,81,7,1776,0,0,0,1776
04/20/2012,LAX,CA,AWP,WE,Towers with Radar,1348,311,54,1,1714,0,0,2,0,2,1348,311,56,1,1716,0,0,0,1716
04/21/2012,LAX,CA,AWP,WE,Towers with Radar,1210,255,35,3,1503,1,0,0,0,1,1211,255,35,3,1504,0,0,0,1504
04/22/2012,LAX,CA,AWP,WE,Towers with Radar,1296,304,61,0,1661,2,0,0,2,4,1298,304,61,2,1665,0,0,0,1665
04/23/2012,LAX,CA,AWP,WE,Towers with Radar,1309,295,46,1,1651,2,0,1,5,8,1311,295,47,6,1659,0,0,0,1659
04/24/2012,LAX,CA,AWP,WE,Towers with Radar,1274,284,51,2,1611,1,0,5,5,11,1275,284,56,7,1622,0,0,0,1622
04/25/2012,LAX,CA,AWP,WE,Towers with Radar,1331,286,58,0,1675,0,0,5,2,7,1331,286,63,2,1682,0,0,0,1682
04/26/2012,LAX,CA,AWP,WE,Towers with Radar,1368,317,57,0,1742,1,0,1,9,11,1369,317,58,9,1753,0,0,0,1753
04/27/2012,LAX,CA,AWP,WE,Towers with Radar,1362,313,57,0,1732,1,0,8,6,15,1363,313,65,6,1747,0,0,0,1747
04/28/2012,LAX,CA,AWP,WE,Towers with Radar,1196,249,29,5,1479,0,0,11,1,12,1196,249,40,6,1491,0,0,0,1491
04/29/2012,LAX,CA,AWP,WE,Towers with Radar,1309,314,60,0,1683,0,0,3,4,7,1309,314,63,4,1690,0,0,0,1690
04/30/2012,LAX,CA,AWP,WE,Towers with Radar,1315,295,60,0,1670,0,0,2,6,8,1315,295,62,6,1678,0,0,0,1678
05/01/2012,LAX,CA,AWP,WE,Towers with Radar,1291,286,74,0,1651,2,0,3,3,8,1293,286,77,3,1659,0,0,0,1659
05/02/2012,LAX,CA,AWP,WE,Towers with Radar,1324,286,65,1,1676,2,0,13,5,20,1326,286,78,6,1696,0,0,0,1696
05/03/2012,LAX,CA,AWP,WE,Towers with Radar,1325,331,50,1,1707,2,0,9,6,17,1327,331,59,7,1724,0,0,0,1724
05/04/2012,LAX,CA,AWP,WE,Towers with Radar,1350,310,60,0,1720,0,0,5,7,12,1350,310,65,7,1732,0,0,0,1732
05/05/2012,LAX,CA,AWP,WE,Towers with Radar,1185,250,27,1,1463,2,0,14,1,17,1187,250,41,2,1480,0,0,0,1480
05/06/2012,LAX,CA,AWP,WE,Towers with Radar,1297,314,33,0,1644,2,0,4,1,7,1299,314,37,1,1651,0,0,0,1651
05/07/2012,LAX,CA,AWP,WE,Towers with Radar,1313,299,46,3,1661,0,0,4,14,18,1313,299,50,17,1679,0,0,0,1679
05/08/2012,LAX,CA,AWP,WE,Towers with Radar,1267,277,58,2,1604,1,0,1,0,2,1268,277,59,2,1606,0,0,0,1606
05/09/2012,LAX,CA,AWP,WE,Towers with Radar,1323,282,65,6,1676,3,0,3,9,15,1326,282,68,15,1691,0,0,0,1691
05/10/2012,LAX,CA,AWP,WE,Towers with Radar,1371,325,70,9,1775,0,0,4,21,25,1371,325,74,30,1800,0,0,0,1800
05/11/2012,LAX,CA,AWP,WE,Towers with Radar,1348,317,51,7,1723,2,0,2,20,24,1350,317,53,27,1747,0,0,0,1747
05/12/2012,LAX,CA,AWP,WE,Towers with Radar,1207,236,33,1,1477,1,0,2,2,5,1208,236,35,3,1482,0,0,0,1482
05/13/2012,LAX,CA,AWP,WE,Towers with Radar,1301,302,40,1,1644,1,0,0,2,3,1302,302,40,3,1647,0,0,0,1647
05/14/2012,LAX,CA,AWP,WE,Towers with Radar,1322,302,59,4,1687,0,0,11,5,16,1322,302,70,9,1703,0,0,0,1703
05/15/2012,LAX,CA,AWP,WE,Towers with Radar,1273,276,40,1,1590,0,0,4,5,9,1273,276,44,6,1599,0,0,0,1599
05/16/2012,LAX,CA,AWP,WE,Towers with Radar,1344,280,44,2,1670,0,0,7,6,13,1344,280,51,8,1683,0,0,0,1683
05/17/2012,LAX,CA,AWP,WE,Towers with Radar,1364,305,63,2,1734,2,1,4,6,13,1366,306,67,8,1747,0,0,0,1747
05/18/2012,LAX,CA,AWP,WE,Towers with Radar,1364,322,46,2,1734,1,0,6,6,13,1365,322,52,8,1747,0,0,0,1747
05/19/2012,LAX,CA,AWP,WE,Towers with Radar,1213,240,43,2,1498,2,0,1,2,5,1215,240,44,4,1503,0,0,0,1503
05/20/2012,LAX,CA,AWP,WE,Towers with Radar,1287,307,54,0,1648,0,0,4,6,10,1287,307,58,6,1658,0,0,0,1658
05/21/2012,LAX,CA,AWP,WE,Towers with Radar,1337,307,40,9,1693,0,0,3,7,10,1337,307,43,16,1703,0,0,0,1703
05/22/2012,LAX,CA,AWP,WE,Towers with Radar,1282,279,55,2,1618,1,0,6,5,12,1283,279,61,7,1630,0,0,0,1630
05/23/2012,LAX,CA,AWP,WE,Towers with Radar,1314,285,36,0,1635,0,0,10,11,21,1314,285,46,11,1656,0,0,0,1656
05/24/2012,LAX,CA,AWP,WE,Towers with Radar,1391,323,57,0,1771,2,0,2,8,12,1393,323,59,8,1783,0,0,0,1783
05/25/2012,LAX,CA,AWP,WE,Towers with Radar,1381,318,30,1,1730,1,0,4,6,11,1382,318,34,7,1741,0,0,0,1741
05/26/2012,LAX,CA,AWP,WE,Towers with Radar,1173,236,11,0,1420,0,0,2,0,2,1173,236,13,0,1422,0,0,0,1422
05/27/2012,LAX,CA,AWP,WE,Towers with Radar,1161,243,13,0,1417,0,0,4,2,6,1161,243,17,2,1423,0,0,0,1423
05/28/2012,LAX,CA,AWP,WE,Towers with Radar,1280,300,44,1,1625,4,0,6,2,12,1284,300,50,3,1637,0,0,0,1637
05/29/2012,LAX,CA,AWP,WE,Towers with Radar,1267,318,46,1,1632,2,0,14,4,20,1269,318,60,5,1652,0,0,0,1652
05/30/2012,LAX,CA,AWP,WE,Towers with Radar,1344,278,45,2,1669,2,0,5,6,13,1346,278,50,8,1682,0,0,0,1682
05/31/2012,LAX,CA,AWP,WE,Towers with Radar,1377,327,36,1,1741,2,0,1,7,10,1379,327,37,8,1751,0,0,0,1751
06/01/2012,LAX,CA,AWP,WE,Towers with Radar,1358,318,47,0,1723,1,0,5,2,8,1359,318,52,2,1731,0,0,0,1731
06/02/2012,LAX,CA,AWP,WE,Towers with Radar,1206,237,24,0,1467,1,0,1,4,6,1207,237,25,4,1473,0,0,0,1473
06/03/2012,LAX,CA,AWP,WE,Towers with Radar,1286,322,35,2,1645,4,0,4,13,21,1290,322,39,15,1666,0,0,0,1666
06/04/2012,LAX,CA,AWP,WE,Towers with Radar,1316,305,53,0,1674,3,0,2,8,13,1319,305,55,8,1687,0,0,0,1687
06/05/2012,LAX,CA,AWP,WE,Towers with Radar,1314,290,52,2,1658,1,0,9,5,15,1315,290,61,7,1673,0,0,0,1673
06/06/2012,LAX,CA,AWP,WE,Towers with Radar,1331,280,47,4,1662,0,1,1,14,16,1331,281,48,18,1678,0,0,0,1678
06/07/2012,LAX,CA,AWP,WE,Towers with Radar,1440,305,31,5,1781,2,0,4,12,18,1442,305,35,17,1799,0,0,0,1799
06/08/2012,LAX,CA,AWP,WE,Towers with Radar,1427,311,39,0,1777,1,0,4,2,7,1428,311,43,2,1784,0,0,0,1784
06/09/2012,LAX,CA,AWP,WE,Towers with Radar,1294,246,19,0,1559,0,0,1,4,5,1294,246,20,4,1564,0,0,0,1564
06/10/2012,LAX,CA,AWP,WE,Towers with Radar,1382,310,22,0,1714,2,1,4,2,9,1384,311,26,2,1723,0,0,0,1723
06/11/2012,LAX,CA,AWP,WE,Towers with Radar,1403,304,49,17,1773,2,0,5,4,11,1405,304,54,21,1784,0,0,0,1784
06/12/2012,LAX,CA,AWP,WE,Towers with Radar,1341,299,46,4,1690,1,0,10,6,17,1342,299,56,10,1707,0,0,0,1707
06/13/2012,LAX,CA,AWP,WE,Towers with Radar,1414,308,45,0,1767,0,0,3,10,13,1414,308,48,10,1780,0,0,0,1780
06/14/2012,LAX,CA,AWP,WE,Towers with Radar,1455,331,63,2,1851,1,0,0,6,7,1456,331,63,8,1858,0,0,0,1858
06/15/2012,LAX,CA,AWP,WE,Towers with Radar,1445,306,51,2,1804,1,0,2,3,6,1446,306,53,5,1810,0,0,0,1810
06/16/2012,LAX,CA,AWP,WE,Towers with Radar,1313,256,25,0,1594,2,0,3,17,22,1315,256,28,17,1616,0,0,0,1616
06/17/2012,LAX,CA,AWP,WE,Towers with Radar,1387,307,25,2,1721,2,1,2,3,8,1389,308,27,5,1729,0,0,0,1729
06/18/2012,LAX,CA,AWP,WE,Towers with Radar,1414,290,64,6,1774,2,1,6,4,13,1416,291,70,10,1787,0,0,0,1787
06/19/2012,LAX,CA,AWP,WE,Towers with Radar,1394,304,51,5,1754,2,0,5,10,17,1396,304,56,15,1771,0,0,0,1771
06/20/2012,LAX,CA,AWP,WE,Towers with Radar,1441,318,47,4,1810,1,1,13,7,22,1442,319,60,11,1832,0,0,0,1832
06/21/2012,LAX,CA,AWP,WE,Towers with Radar,1434,315,54,5,1808,1,0,17,21,39,1435,315,71,26,1847,0,0,0,1847
06/22/2012,LAX,CA,AWP,WE,Towers with Radar,1421,302,34,2,1759,2,0,3,5,10,1423,302,37,7,1769,0,0,0,1769
06/23/2012,LAX,CA,AWP,WE,Towers with Radar,1359,262,25,0,1646,1,0,7,2,10,1360,262,32,2,1656,0,0,0,1656
06/24/2012,LAX,CA,AWP,WE,Towers with Radar,1412,292,44,0,1748,2,0,8,5,15,1414,292,52,5,1763,0,0,0,1763
06/25/2012,LAX,CA,AWP,WE,Towers with Radar,1404,318,53,0,1775,0,1,5,4,10,1404,319,58,4,1785,0,0,0,1785
06/26/2012,LAX,CA,AWP,WE,Towers with Radar,1393,310,60,0,1763,0,0,10,9,19,1393,310,70,9,1782,0,0,0,1782
06/27/2012,LAX,CA,AWP,WE,Towers with Radar,1448,308,49,0,1805,1,0,13,9,23,1449,308,62,9,1828,0,0,0,1828
06/28/2012,LAX,CA,AWP,WE,Towers with Radar,1450,316,69,1,1836,1,0,8,6,15,1451,316,77,7,1851,0,0,0,1851
06/29/2012,LAX,CA,AWP,WE,Towers with Radar,1449,308,50,0,1807,3,0,9,3,15,1452,308,59,3,1822,0,0,0,1822
06/30/2012,LAX,CA,AWP,WE,Towers with Radar,1332,240,36,0,1608,2,0,12,5,19,1334,240,48,5,1627,0,0,0,1627
07/01/2012,LAX,CA,AWP,WE,Towers with Radar,1410,284,23,1,1718,3,0,3,5,11,1413,284,26,6,1729,0,0,0,1729
07/02/2012,LAX,CA,AWP,WE,Towers with Radar,1444,292,42,3,1781,1,0,3,4,8,1445,292,45,7,1789,0,0,0,1789
07/03/2012,LAX,CA,AWP,WE,Towers with Radar,1393,266,38,3,1700,5,0,4,5,14,1398,266,42,8,1714,0,0,0,1714
07/04/2012,LAX,CA,AWP,WE,Towers with Radar,1292,236,12,0,1540,3,0,0,2,5,1295,236,12,2,1545,0,0,0,1545
07/05/2012,LAX,CA,AWP,WE,Towers with Radar,1404,278,35,0,1717,1,0,5,6,12,1405,278,40,6,1729,0,0,0,1729
07/06/2012,LAX,CA,AWP,WE,Towers with Radar,1455,280,17,0,1752,1,0,0,17,18,1456,280,17,17,1770,0,0,0,1770
07/07/2012,LAX,CA,AWP,WE,Towers with Radar,1336,258,35,1,1630,1,0,2,3,6,1337,258,37,4,1636,0,0,0,1636
07/08/2012,LAX,CA,AWP,WE,Towers with Radar,1436,299,48,0,1783,3,0,1,3,7,1439,299,49,3,1790,0,0,0,1790
07/09/2012,LAX,CA,AWP,WE,Towers with Radar,1463,299,43,3,1808,1,0,2,5,8,1464,299,45,8,1816,0,0,0,1816
07/10/2012,LAX,CA,AWP,WE,Towers with Radar,1442,282,45,0,1769,1,0,13,9,23,1443,282,58,9,1792,0,0,0,1792
07/11/2012,LAX,CA,AWP,WE,Towers with Radar,1501,276,39,2,1818,4,0,0,6,10,1505,276,39,8,1828,0,0,0,1828
07/12/2012,LAX,CA,AWP,WE,Towers with Radar,1507,278,58,0,1843,0,0,9,10,19,1507,278,67,10,1862,0,0,0,1862
07/13/2012,LAX,CA,AWP,WE,Towers with Radar,1500,283,56,0,1839,0,0,6,7,13,1500,283,62,7,1852,0,0,0,1852
07/14/2012,LAX,CA,AWP,WE,Towers with Radar,1386,239,42,1,1668,2,0,1,6,9,1388,239,43,7,1677,0,0,0,1677
07/15/2012,LAX,CA,AWP,WE,Towers with Radar,1447,283,43,1,1774,2,0,1,3,6,1449,283,44,4,1780,0,0,0,1780
07/16/2012,LAX,CA,AWP,WE,Towers with Radar,1473,291,47,3,1814,0,0,1,11,12,1473,291,48,14,1826,0,0,0,1826
07/17/2012,LAX,CA,AWP,WE,Towers with Radar,1447,289,61,1,1798,1,0,5,14,20,1448,289,66,15,1818,0,0,0,1818
07/18/2012,LAX,CA,AWP,WE,Towers with Radar,1465,278,48,0,1791,2,0,4,11,17,1467,278,52,11,1808,0,0,0,1808
07/19/2012,LAX,CA,AWP,WE,Towers with Radar,1519,282,54,6,1861,0,0,1,7,8,1519,282,55,13,1869,0,0,0,1869
07/20/2012,LAX,CA,AWP,WE,Towers with Radar,1510,282,39,4,1835,3,1,11,6,21,1513,283,50,10,1856,0,0,0,1856
07/21/2012,LAX,CA,AWP,WE,Towers with Radar,1381,244,22,0,1647,2,1,2,4,9,1383,245,24,4,1656,0,0,0,1656
07/22/2012,LAX,CA,AWP,WE,Towers with Radar,1440,273,58,1,1772,1,0,3,3,7,1441,273,61,4,1779,0,0,0,1779
07/23/2012,LAX,CA,AWP,WE,Towers with Radar,1488,275,56,5,1824,0,0,4,2,6,1488,275,60,7,1830,0,0,0,1830
07/24/2012,LAX,CA,AWP,WE,Towers with Radar,1452,283,41,3,1779,2,0,0,4,6,1454,283,41,7,1785,0,0,0,1785
07/25/2012,LAX,CA,AWP,WE,Towers with Radar,1481,272,64,1,1818,2,0,8,8,18,1483,272,72,9,1836,0,0,0,1836
07/26/2012,LAX,CA,AWP,WE,Towers with Radar,1502,280,52,0,1834,0,0,6,10,16,1502,280,58,10,1850,0,0,0,1850
07/27/2012,LAX,CA,AWP,WE,Towers with Radar,1520,276,42,1,1839,1,0,10,10,21,1521,276,52,11,1860,0,0,0,1860
07/28/2012,LAX,CA,AWP,WE,Towers with Radar,1363,233,25,1,1622,0,0,7,4,11,1363,233,32,5,1633,0,0,0,1633
07/29/2012,LAX,CA,AWP,WE,Towers with Radar,1457,283,28,1,1769,0,0,5,1,6,1457,283,33,2,1775,0,0,0,1775
07/30/2012,LAX,CA,AWP,WE,Towers with Radar,1489,271,46,1,1807,0,0,3,0,3,1489,271,49,1,1810,0,0,0,1810
07/31/2012,LAX,CA,AWP,WE,Towers with Radar,1446,288,51,4,1789,1,0,1,1,3,1447,288,52,5,1792,0,0,0,1792
08/01/2012,LAX,CA,AWP,WE,Towers with Radar,1500,271,40,1,1812,0,0,1,0,1,1500,271,41,1,1813,0,0,0,1813
08/02/2012,LAX,CA,AWP,WE,Towers with Radar,1523,268,61,2,1854,1,0,5,9,15,1524,268,66,11,1869,0,0,0,1869
08/03/2012,LAX,CA,AWP,WE,Towers with Radar,1505,264,31,3,1803,2,0,25,12,39,1507,264,56,15,1842,0,0,0,1842
08/04/2012,LAX,CA,AWP,WE,Towers with Radar,1384,224,16,0,1624,1,0,1,0,2,1385,224,17,0,1626,0,0,0,1626
08/05/2012,LAX,CA,AWP,WE,Towers with Radar,1441,270,39,2,1752,2,0,0,0,2,1443,270,39,2,1754,0,0,0,1754
08/06/2012,LAX,CA,AWP,WE,Towers with Radar,1506,272,38,0,1816,0,0,2,4,6,1506,272,40,4,1822,0,0,0,1822
08/07/2012,LAX,CA,AWP,WE,Towers with Radar,1445,262,45,0,1752,2,2,1,0,5,1447,264,46,0,1757,0,0,0,1757
08/08/2012,LAX,CA,AWP,WE,Towers with Radar,1486,272,35,1,1794,1,0,1,0,2,1487,272,36,1,1796,0,0,0,1796
08/09/2012,LAX,CA,AWP,WE,Towers with Radar,1503,259,42,0,1804,2,0,3,0,5,1505,259,45,0,1809,0,0,0,1809
08/10/2012,LAX,CA,AWP,WE,Towers with Radar,1509,271,42,2,1824,1,0,5,0,6,1510,271,47,2,1830,0,0,0,1830
08/11/2012,LAX,CA,AWP,WE,Towers with Radar,1366,213,40,1,1620,0,0,2,0,2,1366,213,42,1,1622,0,0,0,1622
08/12/2012,LAX,CA,AWP,WE,Towers with Radar,1437,249,38,0,1724,1,0,0,0,1,1438,249,38,0,1725,0,0,0,1725
08/13/2012,LAX,CA,AWP,WE,Towers with Radar,1469,265,43,2,1779,1,0,2,0,3,1470,265,45,2,1782,0,0,0,1782
08/14/2012,LAX,CA,AWP,WE,Towers with Radar,1412,276,44,3,1735,1,0,2,1,4,1413,276,46,4,1739,0,0,0,1739
08/15/2012,LAX,CA,AWP,WE,Towers with Radar,1424,286,49,1,1760,2,0,2,0,4,1426,286,51,1,1764,0,0,0,1764
08/16/2012,LAX,CA,AWP,WE,Towers with Radar,1491,289,58,2,1840,2,2,0,0,4,1493,291,58,2,1844,0,0,0,1844
08/17/2012,LAX,CA,AWP,WE,Towers with Radar,1485,274,29,3,1791,1,0,3,0,4,1486,274,32,3,1795,0,0,0,1795
08/18/2012,LAX,CA,AWP,WE,Towers with Radar,1302,233,27,0,1562,1,0,0,0,1,1303,233,27,0,1563,0,0,0,1563
08/19/2012,LAX,CA,AWP,WE,Towers with Radar,1418,281,46,0,1745,2,1,3,0,6,1420,282,49,0,1751,0,0,0,1751
08/20/2012,LAX,CA,AWP,WE,Towers with Radar,1441,265,48,4,1758,1,0,2,1,4,1442,265,50,5,1762,0,0,0,1762
08/21/2012,LAX,CA,AWP,WE,Towers with Radar,1392,259,47,0,1698,2,0,3,1,6,1394,259,50,1,1704,0,0,0,1704
08/22/2012,LAX,CA,AWP,WE,Towers with Radar,1388,288,50,1,1727,1,0,0,0,1,1389,288,50,1,1728,0,0,0,1728
08/23/2012,LAX,CA,AWP,WE,Towers with Radar,1472,297,54,2,1825,3,0,0,1,4,1475,297,54,3,1829,0,0,0,1829
08/24/2012,LAX,CA,AWP,WE,Towers with Radar,1477,279,40,2,1798,0,0,1,1,2,1477,279,41,3,1800,0,0,0,1800
08/25/2012,LAX,CA,AWP,WE,Towers with Radar,1268,221,27,0,1516,2,0,3,5,10,1270,221,30,5,1526,0,0,0,1526
08/26/2012,LAX,CA,AWP,WE,Towers with Radar,1367,281,31,0,1679,2,0,0,0,2,1369,281,31,0,1681,0,0,0,1681
08/27/2012,LAX,CA,AWP,WE,Towers with Radar,1417,279,37,1,1734,3,0,1,0,4,1420,279,38,1,1738,0,0,0,1738
08/28/2012,LAX,CA,AWP,WE,Towers with Radar,1351,252,50,4,1657,2,0,2,0,4,1353,252,52,4,1661,0,0,0,1661
08/29/2012,LAX,CA,AWP,WE,Towers with Radar,1378,272,32,4,1686,2,0,3,1,6,1380,272,35,5,1692,0,0,0,1692
08/30/2012,LAX,CA,AWP,WE,Towers with Radar,1419,289,55,0,1763,2,0,8,10,20,1421,289,63,10,1783,0,0,0,1783
08/31/2012,LAX,CA,AWP,WE,Towers with Radar,1419,279,27,1,1726,1,1,10,7,19,1420,280,37,8,1745,0,0,0,1745
09/01/2012,LAX,CA,AWP,WE,Towers with Radar,1164,207,24,0,1395,2,0,8,0,10,1166,207,32,0,1405,0,0,0,1405
09/02/2012,LAX,CA,AWP,WE,Towers with Radar,1172,163,27,0,1362,1,0,2,7,10,1173,163,29,7,1372,0,0,0,1372
09/03/2012,LAX,CA,AWP,WE,Towers with Radar,1328,274,39,2,1643,2,0,3,4,9,1330,274,42,6,1652,0,0,0,1652
09/04/2012,LAX,CA,AWP,WE,Towers with Radar,1303,271,47,7,1628,1,1,5,12,19,1304,272,52,19,1647,0,0,0,1647
09/05/2012,LAX,CA,AWP,WE,Towers with Radar,1333,275,37,2,1647,0,0,1,9,10,1333,275,38,11,1657,0,0,0,1657
09/06/2012,LAX,CA,AWP,WE,Towers with Radar,1388,282,50,2,1722,1,0,0,7,8,1389,282,50,9,1730,0,0,0,1730
09/07/2012,LAX,CA,AWP,WE,Towers with Radar,1384,277,40,3,1704,0,0,3,4,7,1384,277,43,7,1711,0,0,0,1711
09/08/2012,LAX,CA,AWP,WE,Towers with Radar,1167,207,25,0,1399,2,0,4,1,7,1169,207,29,1,1406,0,0,0,1406
09/09/2012,LAX,CA,AWP,WE,Towers with Radar,1337,272,41,0,1650,2,0,0,1,3,1339,272,41,1,1653,0,0,0,1653
09/10/2012,LAX,CA,AWP,WE,Towers with Radar,1344,272,61,1,1678,0,0,4,3,7,1344,272,65,4,1685,0,0,0,1685
09/11/2012,LAX,CA,AWP,WE,Towers with Radar,1274,256,54,6,1590,1,0,0,6,7,1275,256,54,12,1597,0,0,0,1597
09/12/2012,LAX,CA,AWP,WE,Towers with Radar,1328,272,45,4,1649,1,0,1,11,13,1329,272,46,15,1662,0,0,0,1662
09/13/2012,LAX,CA,AWP,WE,Towers with Radar,1402,279,51,3,1735,2,0,2,9,13,1404,279,53,12,1748,0,0,0,1748
09/14/2012,LAX,CA,AWP,WE,Towers with Radar,1389,277,43,0,1709,3,0,2,6,11,1392,277,45,6,1720,0,0,0,1720
09/15/2012,LAX,CA,AWP,WE,Towers with Radar,1173,204,30,2,1409,1,0,6,0,7,1174,204,36,2,1416,0,0,0,1416
09/16/2012,LAX,CA,AWP,WE,Towers with Radar,1317,264,36,0,1617,1,0,6,1,8,1318,264,42,1,1625,0,0,0,1625
09/17/2012,LAX,CA,AWP,WE,Towers with Radar,1366,267,36,4,1673,1,0,1,8,10,1367,267,37,12,1683,0,0,0,1683
09/18/2012,LAX,CA,AWP,WE,Towers with Radar,1285,245,40,1,1571,2,0,6,8,16,1287,245,46,9,1587,0,0,0,1587
09/19/2012,LAX,CA,AWP,WE,Towers with Radar,1339,266,37,2,1644,1,0,8,9,18,1340,266,45,11,1662,0,0,0,1662
09/20/2012,LAX,CA,AWP,WE,Towers with Radar,1400,260,55,0,1715,0,1,4,4,9,1400,261,59,4,1724,0,0,0,1724
09/21/2012,LAX,CA,AWP,WE,Towers with Radar,1387,261,60,2,1710,0,0,15,14,29,1387,261,75,16,1739,0,0,0,1739
09/22/2012,LAX,CA,AWP,WE,Towers with Radar,1173,186,26,1,1386,0,0,4,3,7,1173,186,30,4,1393,0,0,0,1393
09/23/2012,LAX,CA,AWP,WE,Towers with Radar,1319,252,49,0,1620,0,0,4,2,6,1319,252,53,2,1626,0,0,0,1626
09/24/2012,LAX,CA,AWP,WE,Towers with Radar,1349,263,46,1,1659,1,0,3,12,16,1350,263,49,13,1675,0,0,0,1675
09/25/2012,LAX,CA,AWP,WE,Towers with Radar,1293,243,54,3,1593,1,0,6,7,14,1294,243,60,10,1607,0,0,0,1607
09/26/2012,LAX,CA,AWP,WE,Towers with Radar,1330,266,27,0,1623,2,0,0,12,14,1332,266,27,12,1637,0,0,0,1637
09/27/2012,LAX,CA,AWP,WE,Towers with Radar,1389,262,52,3,1706,0,0,0,13,13,1389,262,52,16,1719,0,0,0,1719
09/28/2012,LAX,CA,AWP,WE,Towers with Radar,1373,268,33,1,1675,1,1,3,6,11,1374,269,36,7,1686,0,0,0,1686
09/29/2012,LAX,CA,AWP,WE,Towers with Radar,1167,197,32,2,1398,1,0,6,2,9,1168,197,38,4,1407,0,0,0,1407
09/30/2012,LAX,CA,AWP,WE,Towers with Radar,1304,255,51,0,1610,1,0,6,5,12,1305,255,57,5,1622,0,0,0,1622
10/01/2012,LAX,CA,AWP,WE,Towers with Radar,1342,257,43,3,1645,1,0,6,12,19,1343,257,49,15,1664,0,0,0,1664
10/02/2012,LAX,CA,AWP,WE,Towers with Radar,1280,248,52,0,1580,2,0,8,10,20,1282,248,60,10,1600,0,0,0,1600
10/03/2012,LAX,CA,AWP,WE,Towers with Radar,1292,250,47,0,1589,2,1,2,4,9,1294,251,49,4,1598,0,0,0,1598
10/04/2012,LAX,CA,AWP,WE,Towers with Radar,1348,277,50,1,1676,3,0,0,14,17,1351,277,50,15,1693,0,0,0,1693
10/05/2012,LAX,CA,AWP,WE,Towers with Radar,1357,271,40,6,1674,1,0,3,8,12,1358,271,43,14,1686,0,0,0,1686
10/06/2012,LAX,CA,AWP,WE,Towers with Radar,1154,181,20,2,1357,1,0,2,5,8,1155,181,22,7,1365,0,0,0,1365
10/07/2012,LAX,CA,AWP,WE,Towers with Radar,1289,241,26,1,1557,1,0,0,12,13,1290,241,26,13,1570,0,0,0,1570
10/08/2012,LAX,CA,AWP,WE,Towers with Radar,1317,255,41,5,1618,0,1,3,4,8,1317,256,44,9,1626,0,0,0,1626
10/09/2012,LAX,CA,AWP,WE,Towers with Radar,1246,248,43,1,1538,2,0,5,7,14,1248,248,48,8,1552,0,0,0,1552
10/10/2012,LAX,CA,AWP,WE,Towers with Radar,1297,255,45,0,1597,0,0,7,4,11,1297,255,52,4,1608,0,0,0,1608
10/11/2012,LAX,CA,AWP,WE,Towers with Radar,1363,287,52,2,1704,0,0,6,6,12,1363,287,58,8,1716,0,0,0,1716
10/12/2012,LAX,CA,AWP,WE,Towers with Radar,1385,275,36,3,1699,2,1,22,16,41,1387,276,58,19,1740,0,0,0,1740
10/13/2012,LAX,CA,AWP,WE,Towers with Radar,1172,203,25,1,1401,1,0,10,2,13,1173,203,35,3,1414,0,0,0,1414
10/14/2012,LAX,CA,AWP,WE,Towers with Radar,1291,284,37,2,1614,2,1,2,0,5,1293,285,39,2,1619,0,0,0,1619
10/15/2012,LAX,CA,AWP,WE,Towers with Radar,1348,278,40,0,1666,1,0,2,3,6,1349,278,42,3,1672,0,0,0,1672
10/16/2012,LAX,CA,AWP,WE,Towers with Radar,1273,246,64,3,1586,0,0,5,6,11,1273,246,69,9,1597,0,0,0,1597
10/17/2012,LAX,CA,AWP,WE,Towers with Radar,1308,273,52,2,1635,1,0,5,5,11,1309,273,57,7,1646,0,0,0,1646
10/18/2012,LAX,CA,AWP,WE,Towers with Radar,1376,256,49,0,1681,1,0,5,8,14,1377,256,54,8,1695,0,0,0,1695
10/19/2012,LAX,CA,AWP,WE,Towers with Radar,1359,289,69,3,1720,0,0,1,6,7,1359,289,70,9,1727,0,0,0,1727
10/20/2012,LAX,CA,AWP,WE,Towers with Radar,1195,214,25,2,1436,2,0,4,6,12,1197,214,29,8,1448,0,0,0,1448
10/21/2012,LAX,CA,AWP,WE,Towers with Radar,1287,274,31,1,1593,1,0,1,15,17,1288,274,32,16,1610,0,0,0,1610
10/22/2012,LAX,CA,AWP,WE,Towers with Radar,1317,269,63,0,1649,3,0,13,12,28,1320,269,76,12,1677,0,0,0,1677
10/23/2012,LAX,CA,AWP,WE,Towers with Radar,1282,246,46,2,1576,1,0,2,7,10,1283,246,48,9,1586,0,0,0,1586
10/24/2012,LAX,CA,AWP,WE,Towers with Radar,1296,269,56,1,1622,0,0,10,21,31,1296,269,66,22,1653,0,0,0,1653
10/25/2012,LAX,CA,AWP,WE,Towers with Radar,1377,283,65,2,1727,1,0,1,4,6,1378,283,66,6,1733,0,0,0,1733
10/26/2012,LAX,CA,AWP,WE,Towers with Radar,1378,276,34,2,1690,0,0,4,5,9,1378,276,38,7,1699,0,0,0,1699
10/27/2012,LAX,CA,AWP,WE,Towers with Radar,1166,204,31,2,1403,3,0,2,1,6,1169,204,33,3,1409,0,0,0,1409
10/28/2012,LAX,CA,AWP,WE,Towers with Radar,1254,280,50,2,1586,1,0,3,4,8,1255,280,53,6,1594,0,0,0,1594
10/29/2012,LAX,CA,AWP,WE,Towers with Radar,1173,267,47,0,1487,0,0,3,2,5,1173,267,50,2,1492,0,0,0,1492
10/30/2012,LAX,CA,AWP,WE,Towers with Radar,1119,245,52,0,1416,1,0,6,5,12,1120,245,58,5,1428,0,0,0,1428
10/31/2012,LAX,CA,AWP,WE,Towers with Radar,1159,248,51,3,1461,2,0,7,40,49,1161,248,58,43,1510,0,0,0,1510
11/01/2012,LAX,CA,AWP,WE,Towers with Radar,1358,278,57,1,1694,1,0,14,15,30,1359,278,71,16,1724,0,0,0,1724
11/02/2012,LAX,CA,AWP,WE,Towers with Radar,1354,275,56,0,1685,0,0,8,3,11,1354,275,64,3,1696,0,0,0,1696
11/03/2012,LAX,CA,AWP,WE,Towers with Radar,1156,216,31,0,1403,2,0,8,3,13,1158,216,39,3,1416,0,0,0,1416
11/04/2012,LAX,CA,AWP,WE,Towers with Radar,1265,275,37,0,1577,2,0,6,0,8,1267,275,43,0,1585,0,0,0,1585
11/05/2012,LAX,CA,AWP,WE,Towers with Radar,1303,267,48,0,1618,1,0,10,10,21,1304,267,58,10,1639,0,0,0,1639
11/06/2012,LAX,CA,AWP,WE,Towers with Radar,1195,253,44,2,1494,2,0,5,8,15,1197,253,49,10,1509,0,0,0,1509
11/07/2012,LAX,CA,AWP,WE,Towers with Radar,1253,279,54,6,1592,1,0,6,2,9,1254,279,60,8,1601,0,0,0,1601
11/08/2012,LAX,CA,AWP,WE,Towers with Radar,1348,276,52,1,1677,1,0,3,7,11,1349,276,55,8,1688,0,0,0,1688
11/09/2012,LAX,CA,AWP,WE,Towers with Radar,1346,281,49,2,1678,1,0,6,6,13,1347,281,55,8,1691,0,0,0,1691
11/10/2012,LAX,CA,AWP,WE,Towers with Radar,1149,218,41,0,1408,0,0,3,5,8,1149,218,44,5,1416,0,0,0,1416
11/11/2012,LAX,CA,AWP,WE,Towers with Radar,1279,271,40,3,1593,1,0,7,0,8,1280,271,47,3,1601,0,0,0,1601
11/12/2012,LAX,CA,AWP,WE,Towers with Radar,1277,275,67,0,1619,2,1,9,2,14,1279,276,76,2,1633,0,0,0,1633
11/13/2012,LAX,CA,AWP,WE,Towers with Radar,1244,259,53,0,1556,0,0,8,2,10,1244,259,61,2,1566,0,0,0,1566
11/14/2012,LAX,CA,AWP,WE,Towers with Radar,1308,282,48,0,1638,1,0,7,3,11,1309,282,55,3,1649,0,0,0,1649
11/15/2012,LAX,CA,AWP,WE,Towers with Radar,1366,275,76,3,1720,1,0,7,11,19,1367,275,83,14,1739,0,0,0,1739
11/16/2012,LAX,CA,AWP,WE,Towers with Radar,1339,280,57,3,1679,2,0,9,2,13,1341,280,66,5,1692,0,0,0,1692
11/17/2012,LAX,CA,AWP,WE,Towers with Radar,1181,236,38,3,1458,0,0,4,1,5,1181,236,42,4,1463,0,0,0,1463
11/18/2012,LAX,CA,AWP,WE,Towers with Radar,1257,265,33,0,1555,1,0,6,3,10,1258,265,39,3,1565,0,0,0,1565
11/19/2012,LAX,CA,AWP,WE,Towers with Radar,1236,255,39,0,1530,1,0,12,10,23,1237,255,51,10,1553,0,0,0,1553
11/20/2012,LAX,CA,AWP,WE,Towers with Radar,1266,253,54,1,1574,0,1,7,2,10,1266,254,61,3,1584,0,0,0,1584
11/21/2012,LAX,CA,AWP,WE,Towers with Radar,1385,288,39,0,1712,11,8,14,6,39,1396,296,53,6,1751,0,0,0,1751
11/22/2012,LAX,CA,AWP,WE,Towers with Radar,976,177,21,1,1175,2,0,2,0,4,978,177,23,1,1179,0,0,0,1179
11/23/2012,LAX,CA,AWP,WE,Towers with Radar,1142,178,26,0,1346,2,0,2,0,4,1144,178,28,0,1350,0,0,0,1350
11/24/2012,LAX,CA,AWP,WE,Towers with Radar,1242,264,25,0,1531,1,0,9,3,13,1243,264,34,3,1544,0,0,0,1544
11/25/2012,LAX,CA,AWP,WE,Towers with Radar,1368,283,93,0,1744,0,0,1,0,1,1368,283,94,0,1745,0,0,0,1745
11/26/2012,LAX,CA,AWP,WE,Towers with Radar,1383,278,44,0,1705,0,0,6,5,11,1383,278,50,5,1716,0,0,0,1716
11/27/2012,LAX,CA,AWP,WE,Towers with Radar,1226,275,52,1,1554,2,0,3,8,13,1228,275,55,9,1567,0,0,0,1567
11/28/2012,LAX,CA,AWP,WE,Towers with Radar,1239,279,43,3,1564,1,0,2,7,10,1240,279,45,10,1574,0,0,0,1574
11/29/2012,LAX,CA,AWP,WE,Towers with Radar,1278,291,69,3,1641,0,0,1,0,1,1278,291,70,3,1642,0,0,0,1642
11/30/2012,LAX,CA,AWP,WE,Towers with Radar,1276,293,60,2,1631,2,0,0,0,2,1278,293,60,2,1633,0,0,0,1633
12/01/2012,LAX,CA,AWP,WE,Towers with Radar,1133,221,33,2,1389,1,0,0,0,1,1134,221,33,2,1390,0,0,0,1390
12/02/2012,LAX,CA,AWP,WE,Towers with Radar,1254,274,36,5,1569,2,0,0,3,5,1256,274,36,8,1574,0,0,0,1574
12/03/2012,LAX,CA,AWP,WE,Towers with Radar,1252,301,54,0,1607,0,0,5,2,7,1252,301,59,2,1614,0,0,0,1614
12/04/2012,LAX,CA,AWP,WE,Towers with Radar,1200,276,47,1,1524,0,0,1,9,10,1200,276,48,10,1534,0,0,0,1534
12/05/2012,LAX,CA,AWP,WE,Towers with Radar,1245,273,55,3,1576,1,0,0,3,4,1246,273,55,6,1580,0,0,0,1580
12/06/2012,LAX,CA,AWP,WE,Towers with Radar,1308,271,61,2,1642,2,0,3,15,20,1310,271,64,17,1662,0,0,0,1662
12/07/2012,LAX,CA,AWP,WE,Towers with Radar,1297,270,45,1,1613,2,0,1,3,6,1299,270,46,4,1619,0,0,0,1619
12/08/2012,LAX,CA,AWP,WE,Towers with Radar,1151,213,25,2,1391,2,0,1,4,7,1153,213,26,6,1398,0,0,0,1398
12/09/2012,LAX,CA,AWP,WE,Towers with Radar,1237,259,40,2,1538,1,0,0,0,1,1238,259,40,2,1539,0,0,0,1539
12/10/2012,LAX,CA,AWP,WE,Towers with Radar,1249,283,54,0,1586,2,0,4,27,33,1251,283,58,27,1619,0,0,0,1619
12/11/2012,LAX,CA,AWP,WE,Towers with Radar,1235,278,47,0,1560,1,0,3,6,10,1236,278,50,6,1570,0,0,0,1570
12/12/2012,LAX,CA,AWP,WE,Towers with Radar,1275,274,44,0,1593,2,0,13,6,21,1277,274,57,6,1614,0,0,0,1614
12/13/2012,LAX,CA,AWP,WE,Towers with Radar,1328,272,52,2,1654,0,0,3,2,5,1328,272,55,4,1659,0,0,0,1659
12/14/2012,LAX,CA,AWP,WE,Towers with Radar,1327,276,62,2,1667,3,0,3,5,11,1330,276,65,7,1678,0,0,0,1678
12/15/2012,LAX,CA,AWP,WE,Towers with Radar,1188,215,46,0,1449,2,0,5,0,7,1190,215,51,0,1456,0,0,0,1456
12/16/2012,LAX,CA,AWP,WE,Towers with Radar,1265,263,29,0,1557,1,0,0,0,1,1266,263,29,0,1558,0,0,0,1558
12/17/2012,LAX,CA,AWP,WE,Towers with Radar,1292,269,62,1,1624,0,0,5,2,7,1292,269,67,3,1631,0,0,0,1631
12/18/2012,LAX,CA,AWP,WE,Towers with Radar,1308,261,57,3,1629,2,0,8,8,18,1310,261,65,11,1647,0,0,0,1647
12/19/2012,LAX,CA,AWP,WE,Towers with Radar,1398,255,64,0,1717,1,0,12,5,18,1399,255,76,5,1735,0,0,0,1735
12/20/2012,LAX,CA,AWP,WE,Towers with Radar,1436,284,49,1,1770,3,0,1,2,6,1439,284,50,3,1776,0,0,0,1776
12/21/2012,LAX,CA,AWP,WE,Towers with Radar,1404,291,43,0,1738,1,1,8,5,15,1405,292,51,5,1753,0,0,0,1753
12/22/2012,LAX,CA,AWP,WE,Towers with Radar,1327,245,38,0,1610,1,0,3,6,10,1328,245,41,6,1620,0,0,0,1620
12/23/2012,LAX,CA,AWP,WE,Towers with Radar,1332,262,40,0,1634,2,0,0,1,3,1334,262,40,1,1637,0,0,0,1637
12/24/2012,LAX,CA,AWP,WE,Towers with Radar,1169,204,24,2,1399,0,0,0,1,1,1169,204,24,3,1400,0,0,0,1400
12/25/2012,LAX,CA,AWP,WE,Towers with Radar,1132,221,22,0,1375,1,0,1,0,2,1133,221,23,0,1377,0,0,0,1377
12/26/2012,LAX,CA,AWP,WE,Towers with Radar,1369,269,43,1,1682,2,0,0,1,3,1371,269,43,2,1685,0,0,0,1685
12/27/2012,LAX,CA,AWP,WE,Towers with Radar,1422,267,73,0,1762,2,0,1,8,11,1424,267,74,8,1773,0,0,0,1773
12/28/2012,LAX,CA,AWP,WE,Towers with Radar,1403,268,48,0,1719,1,0,7,1,9,1404,268,55,1,1728,0,0,0,1728
12/29/2012,LAX,CA,AWP,WE,Towers with Radar,1250,219,38,0,1507,3,0,0,3,6,1253,219,38,3,1513,0,0,0,1513
12/30/2012,LAX,CA,AWP,WE,Towers with Radar,1304,259,26,0,1589,3,0,4,0,7,1307,259,30,0,1596,0,0,0,1596
12/31/2012,LAX,CA,AWP,WE,Towers with Radar,1186,240,25,0,1451,2,0,4,5,11,1188,240,29,5,1462,0,0,0,1462
01/01/2013,LAX,CA,AWP,WE,Towers with Radar,1194,264,58,0,1516,2,1,2,5,10,1196,265,60,5,1526,0,0,0,1526
01/02/2013,LAX,CA,AWP,WE,Towers with Radar,1394,280,76,0,1750,2,0,11,5,18,1396,280,87,5,1768,0,0,0,1768
01/03/2013,LAX,CA,AWP,WE,Towers with Radar,1336,275,85,0,1696,3,0,2,1,6,1339,275,87,1,1702,0,0,0,1702
01/04/2013,LAX,CA,AWP,WE,Towers with Radar,1332,263,76,0,1671,0,0,4,5,9,1332,263,80,5,1680,0,0,0,1680
01/05/2013,LAX,CA,AWP,WE,Towers with Radar,1186,216,56,1,1459,3,0,3,8,14,1189,216,59,9,1473,0,0,0,1473
01/06/2013,LAX,CA,AWP,WE,Towers with Radar,1260,260,76,1,1597,2,0,0,1,3,1262,260,76,2,1600,0,0,0,1600
01/07/2013,LAX,CA,AWP,WE,Towers with Radar,1282,262,62,0,1606,0,0,6,11,17,1282,262,68,11,1623,0,0,0,1623
01/08/2013,LAX,CA,AWP,WE,Towers with Radar,1206,246,51,0,1503,0,0,11,2,13,1206,246,62,2,1516,0,0,0,1516
01/09/2013,LAX,CA,AWP,WE,Towers with Radar,1231,260,57,4,1552,2,0,2,10,14,1233,260,59,14,1566,0,0,0,1566
01/10/2013,LAX,CA,AWP,WE,Towers with Radar,1301,272,61,2,1636,0,0,2,15,17,1301,272,63,17,1653,0,0,0,1653
01/11/2013,LAX,CA,AWP,WE,Towers with Radar,1293,268,67,0,1628,3,0,5,5,13,1296,268,72,5,1641,0,0,0,1641
01/12/2013,LAX,CA,AWP,WE,Towers with Radar,1118,214,28,1,1361,1,0,3,2,6,1119,214,31,3,1367,0,0,0,1367
01/13/2013,LAX,CA,AWP,WE,Towers with Radar,1231,254,31,0,1516,1,0,3,1,5,1232,254,34,1,1521,0,0,0,1521
01/14/2013,LAX,CA,AWP,WE,Towers with Radar,1235,253,48,0,1536,0,0,3,7,10,1235,253,51,7,1546,0,0,0,1546
01/15/2013,LAX,CA,AWP,WE,Towers with Radar,1191,245,65,0,1501,0,0,10,16,26,1191,245,75,16,1527,0,0,0,1527
01/16/2013,LAX,CA,AWP,WE,Towers with Radar,1225,250,57,1,1533,2,0,7,7,16,1227,250,64,8,1549,0,0,0,1549
01/17/2013,LAX,CA,AWP,WE,Towers with Radar,1293,272,63,1,1629,0,0,4,9,13,1293,272,67,10,1642,0,0,0,1642
01/18/2013,LAX,CA,AWP,WE,Towers with Radar,1293,287,36,73,1689,0,0,2,6,8,1293,287,38,79,1697,0,0,0,1697
01/19/2013,LAX,CA,AWP,WE,Towers with Radar,1125,212,33,1,1371,2,0,4,4,10,1127,212,37,5,1381,0,0,0,1381
01/20/2013,LAX,CA,AWP,WE,Towers with Radar,1202,256,27,0,1485,0,0,2,8,10,1202,256,29,8,1495,0,0,0,1495
01/21/2013,LAX,CA,AWP,WE,Towers with Radar,1232,270,56,1,1559,0,1,4,6,11,1232,271,60,7,1570,0,0,0,1570
01/22/2013,LAX,CA,AWP,WE,Towers with Radar,1194,249,49,1,1493,0,0,8,16,24,1194,249,57,17,1517,0,0,0,1517
01/23/2013,LAX,CA,AWP,WE,Towers with Radar,1231,249,49,0,1529,0,0,3,11,14,1231,249,52,11,1543,0,0,0,1543
01/24/2013,LAX,CA,AWP,WE,Towers with Radar,1273,244,51,4,1572,0,0,4,2,6,1273,244,55,6,1578,0,0,0,1578
01/25/2013,LAX,CA,AWP,WE,Towers with Radar,1267,259,38,4,1568,0,0,0,0,0,1267,259,38,4,1568,0,0,0,1568
01/26/2013,LAX,CA,AWP,WE,Towers with Radar,1135,206,22,0,1363,0,0,0,0,0,1135,206,22,0,1363,0,0,0,1363
01/27/2013,LAX,CA,AWP,WE,Towers with Radar,1198,260,42,1,1501,0,0,0,3,3,1198,260,42,4,1504,0,0,0,1504
01/28/2013,LAX,CA,AWP,WE,Towers with Radar,1250,251,47,0,1548,0,0,9,2,11,1250,251,56,2,1559,0,0,0,1559
01/29/2013,LAX,CA,AWP,WE,Towers with Radar,1190,246,37,0,1473,0,0,5,11,16,1190,246,42,11,1489,0,0,0,1489
01/30/2013,LAX,CA,AWP,WE,Towers with Radar,1222,245,30,0,1497,1,0,6,9,16,1223,245,36,9,1513,0,0,0,1513
01/31/2013,LAX,CA,AWP,WE,Towers with Radar,1294,268,63,4,1629,0,0,4,3,7,1294,268,67,7,1636,0,0,0,1636
02/01/2013,LAX,CA,AWP,WE,Towers with Radar,1294,273,37,6,1610,1,0,3,2,6,1295,273,40,8,1616,0,0,0,1616
02/02/2013,LAX,CA,AWP,WE,Towers with Radar,1101,213,17,1,1332,0,0,4,3,7,1101,213,21,4,1339,0,0,0,1339
02/03/2013,LAX,CA,AWP,WE,Towers with Radar,1204,254,28,1,1487,0,0,10,6,16,1204,254,38,7,1503,0,0,0,1503
02/04/2013,LAX,CA,AWP,WE,Towers with Radar,1249,254,49,5,1557,0,0,4,4,8,1249,254,53,9,1565,0,0,0,1565
02/05/2013,LAX,CA,AWP,WE,Towers with Radar,1204,261,49,0,1514,0,0,0,2,2,1204,261,49,2,1516,0,0,0,1516
02/06/2013,LAX,CA,AWP,WE,Towers with Radar,1230,258,45,1,1534,0,0,1,2,3,1230,258,46,3,1537,0,0,0,1537
02/07/2013,LAX,CA,AWP,WE,Towers with Radar,1285,276,72,3,1636,1,0,11,4,16,1286,276,83,7,1652,0,0,0,1652
02/08/2013,LAX,CA,AWP,WE,Towers with Radar,1240,261,72,2,1575,0,0,0,5,5,1240,261,72,7,1580,0,0,0,1580
02/09/2013,LAX,CA,AWP,WE,Towers with Radar,1076,211,48,0,1335,0,0,6,5,11,1076,211,54,5,1346,0,0,0,1346
02/10/2013,LAX,CA,AWP,WE,Towers with Radar,1207,264,49,25,1545,1,0,0,12,13,1208,264,49,37,1558,0,0,0,1558
02/11/2013,LAX,CA,AWP,WE,Towers with Radar,1250,272,62,2,1586,0,0,7,4,11,1250,272,69,6,1597,0,0,0,1597
02/12/2013,LAX,CA,AWP,WE,Towers with Radar,1192,242,52,2,1488,1,0,2,4,7,1193,242,54,6,1495,0,0,0,1495
02/13/2013,LAX,CA,AWP,WE,Towers with Radar,1223,260,59,1,1543,0,0,4,4,8,1223,260,63,5,1551,0,0,0,1551
02/14/2013,LAX,CA,AWP,WE,Towers with Radar,1302,270,67,0,1639,0,0,0,8,8,1302,270,67,8,1647,0,0,0,1647
02/15/2013,LAX,CA,AWP,WE,Towers with Radar,1339,283,62,2,1686,0,0,4,8,12,1339,283,66,10,1698,0,0,0,1698
02/16/2013,LAX,CA,AWP,WE,Towers with Radar,1153,204,37,0,1394,1,0,4,2,7,1154,204,41,2,1401,0,0,0,1401
02/17/2013,LAX,CA,AWP,WE,Towers with Radar,1230,254,34,0,1518,0,0,1,1,2,1230,254,35,1,1520,0,0,0,1520
02/18/2013,LAX,CA,AWP,WE,Towers with Radar,1273,298,69,0,1640,0,0,3,2,5,1273,298,72,2,1645,0,0,0,1645
02/19/2013,LAX,CA,AWP,WE,Towers with Radar,1252,259,55,1,1567,1,0,3,2,6,1253,259,58,3,1573,0,0,0,1573
02/20/2013,LAX,CA,AWP,WE,Towers with Radar,1277,244,57,3,1581,0,0,7,5,12,1277,244,64,8,1593,0,0,0,1593
02/21/2013,LAX,CA,AWP,WE,Towers with Radar,1319,260,72,0,1651,0,0,3,11,14,1319,260,75,11,1665,0,0,0,1665
02/22/2013,LAX,CA,AWP,WE,Towers with Radar,1325,271,59,0,1655,0,1,3,6,10,1325,272,62,6,1665,0,0,0,1665
02/23/2013,LAX,CA,AWP,WE,Towers with Radar,1160,207,39,0,1406,0,0,0,0,0,1160,207,39,0,1406,0,0,0,1406
02/24/2013,LAX,CA,AWP,WE,Towers with Radar,1255,248,58,0,1561,1,0,0,3,4,1256,248,58,3,1565,0,0,0,1565
02/25/2013,LAX,CA,AWP,WE,Towers with Radar,1269,279,49,2,1599,0,0,1,6,7,1269,279,50,8,1606,0,0,0,1606
02/26/2013,LAX,CA,AWP,WE,Towers with Radar,1205,243,30,2,1480,0,0,10,1,11,1205,243,40,3,1491,0,0,0,1491
02/27/2013,LAX,CA,AWP,WE,Towers with Radar,1275,255,48,1,1579,0,0,14,8,22,1275,255,62,9,1601,0,0,0,1601
02/28/2013,LAX,CA,AWP,WE,Towers with Radar,1341,265,55,2,1663,1,0,6,7,14,1342,265,61,9,1677,0,0,0,1677
03/01/2013,LAX,CA,AWP,WE,Towers with Radar,1319,260,59,3,1641,0,0,10,11,21,1319,260,69,14,1662,0,0,0,1662
03/02/2013,LAX,CA,AWP,WE,Towers with Radar,1188,230,28,1,1447,1,0,4,2,7,1189,230,32,3,1454,0,0,0,1454
03/03/2013,LAX,CA,AWP,WE,Towers with Radar,1267,271,44,0,1582,0,0,1,2,3,1267,271,45,2,1585,0,0,0,1585
03/04/2013,LAX,CA,AWP,WE,Towers with Radar,1300,277,37,2,1616,0,0,4,7,11,1300,277,41,9,1627,0,0,0,1627
03/05/2013,LAX,CA,AWP,WE,Towers with Radar,1233,254,56,6,1549,0,0,2,5,7,1233,254,58,11,1556,0,0,0,1556
03/06/2013,LAX,CA,AWP,WE,Towers with Radar,1288,254,61,1,1604,0,0,3,11,14,1288,254,64,12,1618,0,0,0,1618
03/07/2013,LAX,CA,AWP,WE,Towers with Radar,1354,283,63,3,1703,0,0,8,7,15,1354,283,71,10,1718,0,0,0,1718
03/08/2013,LAX,CA,AWP,WE,Towers with Radar,1352,275,45,2,1674,0,0,3,4,7,1352,275,48,6,1681,0,0,0,1681
03/09/2013,LAX,CA,AWP,WE,Towers with Radar,1186,230,32,1,1449,0,0,4,1,5,1186,230,36,2,1454,0,0,0,1454
03/10/2013,LAX,CA,AWP,WE,Towers with Radar,1293,271,56,0,1620,0,0,0,8,8,1293,271,56,8,1628,0,0,0,1628
03/11/2013,LAX,CA,AWP,WE,Towers with Radar,1330,262,34,24,1650,0,1,24,2,27,1330,263,58,26,1677,0,0,0,1677
03/12/2013,LAX,CA,AWP,WE,Towers with Radar,1282,258,47,2,1589,0,0,3,8,11,1282,258,50,10,1600,0,0,0,1600
03/13/2013,LAX,CA,AWP,WE,Towers with Radar,1354,247,61,3,1665,0,0,6,4,10,1354,247,67,7,1675,0,0,0,1675
03/14/2013,LAX,CA,AWP,WE,Towers with Radar,1384,247,75,1,1707,0,0,2,3,5,1384,247,77,4,1712,0,0,0,1712
03/15/2013,LAX,CA,AWP,WE,Towers with Radar,1362,272,51,10,1695,0,0,1,1,2,1362,272,52,11,1697,0,0,0,1697
03/16/2013,LAX,CA,AWP,WE,Towers with Radar,1223,227,32,3,1485,0,0,2,2,4,1223,227,34,5,1489,0,0,0,1489
03/17/2013,LAX,CA,AWP,WE,Towers with Radar,1324,268,46,2,1640,1,0,2,0,3,1325,268,48,2,1643,0,0,0,1643
03/18/2013,LAX,CA,AWP,WE,Towers with Radar,1307,272,34,2,1615,0,0,8,10,18,1307,272,42,12,1633,0,0,0,1633
03/19/2013,LAX,CA,AWP,WE,Towers with Radar,1289,250,55,1,1595,0,0,5,5,10,1289,250,60,6,1605,0,0,0,1605
03/20/2013,LAX,CA,AWP,WE,Towers with Radar,1327,267,54,1,1649,0,0,26,8,34,1327,267,80,9,1683,0,0,0,1683
03/21/2013,LAX,CA,AWP,WE,Towers with Radar,1384,282,75,1,1742,0,0,9,5,14,1384,282,84,6,1756,0,0,0,1756
03/22/2013,LAX,CA,AWP,WE,Towers with Radar,1368,275,49,3,1695,0,0,3,4,7,1368,275,52,7,1702,0,0,0,1702
03/23/2013,LAX,CA,AWP,WE,Towers with Radar,1231,230,29,1,1491,1,0,1,1,3,1232,230,30,2,1494,0,0,0,1494
03/24/2013,LAX,CA,AWP,WE,Towers with Radar,1307,263,33,0,1603,1,0,1,3,5,1308,263,34,3,1608,0,0,0,1608
03/25/2013,LAX,CA,AWP,WE,Towers with Radar,1337,262,36,1,1636,0,0,0,6,6,1337,262,36,7,1642,0,0,0,1642
03/26/2013,LAX,CA,AWP,WE,Towers with Radar,1281,259,48,1,1589,0,0,1,13,14,1281,259,49,14,1603,0,0,0,1603
03/27/2013,LAX,CA,AWP,WE,Towers with Radar,1328,269,53,3,1653,0,2,5,9,16,1328,271,58,12,1669,0,0,0,1669
03/28/2013,LAX,CA,AWP,WE,Towers with Radar,1391,287,46,3,1727,0,0,5,2,7,1391,287,51,5,1734,0,0,0,1734
03/29/2013,LAX,CA,AWP,WE,Towers with Radar,1387,276,30,1,1694,0,0,0,17,17,1387,276,30,18,1711,0,0,0,1711
03/30/2013,LAX,CA,AWP,WE,Towers with Radar,1222,219,18,0,1459,0,0,0,2,2,1222,219,18,2,1461,0,0,0,1461
03/31/2013,LAX,CA,AWP,WE,Towers with Radar,1296,269,38,0,1603,0,0,3,2,5,1296,269,41,2,1608,0,0,0,1608
04/01/2013,LAX,CA,AWP,WE,Towers with Radar,1317,272,56,2,1647,0,0,4,7,11,1317,272,60,9,1658,0,0,0,1658
04/02/2013,LAX,CA,AWP,WE,Towers with Radar,1292,256,42,1,1591,2,0,11,9,22,1294,256,53,10,1613,0,0,0,1613
04/03/2013,LAX,CA,AWP,WE,Towers with Radar,1329,280,55,2,1666,0,0,4,9,13,1329,280,59,11,1679,0,0,0,1679
04/04/2013,LAX,CA,AWP,WE,Towers with Radar,1374,283,46,3,1706,0,0,5,2,7,1374,283,51,5,1713,0,0,0,1713
04/05/2013,LAX,CA,AWP,WE,Towers with Radar,1382,288,48,4,1722,0,0,0,4,4,1382,288,48,8,1726,0,0,0,1726
04/06/2013,LAX,CA,AWP,WE,Towers with Radar,1208,236,30,2,1476,1,0,6,1,8,1209,236,36,3,1484,0,0,0,1484
04/07/2013,LAX,CA,AWP,WE,Towers with Radar,1310,286,48,1,1645,0,0,4,4,8,1310,286,52,5,1653,0,0,0,1653
04/08/2013,LAX,CA,AWP,WE,Towers with Radar,1342,261,57,0,1660,0,0,5,9,14,1342,261,62,9,1674,0,0,0,1674
04/09/2013,LAX,CA,AWP,WE,Towers with Radar,1300,245,39,0,1584,0,0,11,3,14,1300,245,50,3,1598,0,0,0,1598
04/10/2013,LAX,CA,AWP,WE,Towers with Radar,1335,257,54,0,1646,0,0,7,10,17,1335,257,61,10,1663,0,0,0,1663
04/11/2013,LAX,CA,AWP,WE,Towers with Radar,1389,293,58,2,1742,0,0,8,5,13,1389,293,66,7,1755,0,0,0,1755
04/12/2013,LAX,CA,AWP,WE,Towers with Radar,1377,301,44,3,1725,0,0,4,6,10,1377,301,48,9,1735,0,0,0,1735
04/13/2013,LAX,CA,AWP,WE,Towers with Radar,1222,223,39,2,1486,0,0,3,7,10,1222,223,42,9,1496,0,0,0,1496
04/14/2013,LAX,CA,AWP,WE,Towers with Radar,1281,276,43,0,1600,0,0,1,3,4,1281,276,44,3,1604,0,0,0,1604
04/15/2013,LAX,CA,AWP,WE,Towers with Radar,1352,276,39,1,1668,0,0,4,12,16,1352,276,43,13,1684,0,0,0,1684
04/16/2013,LAX,CA,AWP,WE,Towers with Radar,1265,246,36,2,1549,1,0,4,2,7,1266,246,40,4,1556,0,0,0,1556
04/17/2013,LAX,CA,AWP,WE,Towers with Radar,1306,256,36,4,1602,0,1,6,6,13,1306,257,42,10,1615,0,0,0,1615
04/18/2013,LAX,CA,AWP,WE,Towers with Radar,1396,285,53,0,1734,0,0,4,0,4,1396,285,57,0,1738,0,0,0,1738
04/19/2013,LAX,CA,AWP,WE,Towers with Radar,1409,278,53,3,1743,0,0,5,4,9,1409,278,58,7,1752,0,0,0,1752
04/20/2013,LAX,CA,AWP,WE,Towers with Radar,1232,206,27,0,1465,0,0,0,4,4,1232,206,27,4,1469,0,0,0,1469
04/21/2013,LAX,CA,AWP,WE,Towers with Radar,1217,232,40,0,1489,2,0,1,2,5,1219,232,41,2,1494,0,0,0,1494
04/22/2013,LAX,CA,AWP,WE,Towers with Radar,1322,239,44,1,1606,1,0,6,9,16,1323,239,50,10,1622,0,0,0,1622
04/23/2013,LAX,CA,AWP,WE,Towers with Radar,1355,261,51,2,1669,0,0,8,10,18,1355,261,59,12,1687,0,0,0,1687
04/24/2013,LAX,CA,AWP,WE,Towers with Radar,1297,249,45,2,1593,0,0,7,5,12,1297,249,52,7,1605,0,0,0,1605
04/25/2013,LAX,CA,AWP,WE,Towers with Radar,1440,282,54,0,1776,0,0,2,10,12,1440,282,56,10,1788,0,0,0,1788
04/26/2013,LAX,CA,AWP,WE,Towers with Radar,1409,282,48,1,1740,0,0,4,3,7,1409,282,52,4,1747,0,0,0,1747
04/27/2013,LAX,CA,AWP,WE,Towers with Radar,1210,207,42,0,1459,1,0,0,2,3,1211,207,42,2,1462,0,0,0,1462
04/28/2013,LAX,CA,AWP,WE,Towers with Radar,1346,265,53,0,1664,0,0,7,0,7,1346,265,60,0,1671,0,0,0,1671
04/29/2013,LAX,CA,AWP,WE,Towers with Radar,1374,302,56,0,1732,0,0,1,9,10,1374,302,57,9,1742,0,0,0,1742
04/30/2013,LAX,CA,AWP,WE,Towers with Radar,1305,281,60,2,1648,0,0,3,3,6,1305,281,63,5,1654,0,0,0,1654
05/01/2013,LAX,CA,AWP,WE,Towers with Radar,1347,260,69,1,1677,0,0,6,4,10,1347,260,75,5,1687,0,0,0,1687
05/02/2013,LAX,CA,AWP,WE,Towers with Radar,1417,276,80,1,1774,1,1,2,8,12,1418,277,82,9,1786,0,0,0,1786
05/03/2013,LAX,CA,AWP,WE,Towers with Radar,1411,269,60,3,1743,0,1,1,3,5,1411,270,61,6,1748,0,0,0,1748
05/04/2013,LAX,CA,AWP,WE,Towers with Radar,1236,198,30,0,1464,0,0,3,0,3,1236,198,33,0,1467,0,0,0,1467
05/05/2013,LAX,CA,AWP,WE,Towers with Radar,1275,218,49,0,1542,0,1,1,0,2,1275,219,50,0,1544,0,0,0,1544
05/06/2013,LAX,CA,AWP,WE,Towers with Radar,1437,253,54,0,1744,0,0,0,9,9,1437,253,54,9,1753,0,0,0,1753
05/07/2013,LAX,CA,AWP,WE,Towers with Radar,1335,245,47,0,1627,0,0,3,1,4,1335,245,50,1,1631,0,0,0,1631
05/08/2013,LAX,CA,AWP,WE,Towers with Radar,1370,256,34,1,1661,0,0,3,6,9,1370,256,37,7,1670,0,0,0,1670
05/09/2013,LAX,CA,AWP,WE,Towers with Radar,1441,269,55,2,1767,0,0,9,7,16,1441,269,64,9,1783,0,0,0,1783
05/10/2013,LAX,CA,AWP,WE,Towers with Radar,1413,265,43,0,1721,1,0,16,11,28,1414,265,59,11,1749,0,0,0,1749
05/11/2013,LAX,CA,AWP,WE,Towers with Radar,1246,202,27,2,1477,0,0,3,2,5,1246,202,30,4,1482,0,0,0,1482
05/12/2013,LAX,CA,AWP,WE,Towers with Radar,1335,267,33,0,1635,0,0,2,2,4,1335,267,35,2,1639,0,0,0,1639
05/13/2013,LAX,CA,AWP,WE,Towers with Radar,1391,276,47,3,1717,0,1,1,3,5,1391,277,48,6,1722,0,0,0,1722
05/14/2013,LAX,CA,AWP,WE,Towers with Radar,1343,253,45,2,1643,0,0,7,4,11,1343,253,52,6,1654,0,0,0,1654
05/15/2013,LAX,CA,AWP,WE,Towers with Radar,1377,253,58,3,1691,0,0,3,7,10,1377,253,61,10,1701,0,0,0,1701
05/16/2013,LAX,CA,AWP,WE,Towers with Radar,1435,283,39,3,1760,1,0,2,14,17,1436,283,41,17,1777,0,0,0,1777
05/17/2013,LAX,CA,AWP,WE,Towers with Radar,1440,272,40,1,1753,0,0,1,6,7,1440,272,41,7,1760,0,0,0,1760
05/18/2013,LAX,CA,AWP,WE,Towers with Radar,1234,204,19,1,1458,0,0,4,0,4,1234,204,23,1,1462,0,0,0,1462
05/19/2013,LAX,CA,AWP,WE,Towers with Radar,1336,262,50,0,1648,0,0,0,0,0,1336,262,50,0,1648,0,0,0,1648
05/20/2013,LAX,CA,AWP,WE,Towers with Radar,1408,273,60,2,1743,0,0,9,5,14,1408,273,69,7,1757,0,0,0,1757
05/21/2013,LAX,CA,AWP,WE,Towers with Radar,1352,260,39,2,1653,0,0,2,6,8,1352,260,41,8,1661,0,0,0,1661
05/22/2013,LAX,CA,AWP,WE,Towers with Radar,1366,259,63,1,1689,0,0,1,6,7,1366,259,64,7,1696,0,0,0,1696
05/23/2013,LAX,CA,AWP,WE,Towers with Radar,1432,277,47,2,1758,1,0,4,4,9,1433,277,51,6,1767,0,0,0,1767
05/24/2013,LAX,CA,AWP,WE,Towers with Radar,1442,281,49,3,1775,0,0,8,5,13,1442,281,57,8,1788,0,0,0,1788
05/25/2013,LAX,CA,AWP,WE,Towers with Radar,1198,207,20,0,1425,0,0,0,2,2,1198,207,20,2,1427,0,0,0,1427
05/26/2013,LAX,CA,AWP,WE,Towers with Radar,1199,212,23,1,1435,0,1,14,4,19,1199,213,37,5,1454,0,0,0,1454
05/27/2013,LAX,CA,AWP,WE,Towers with Radar,1331,265,58,0,1654,1,0,2,2,5,1332,265,60,2,1659,0,0,0,1659
05/28/2013,LAX,CA,AWP,WE,Towers with Radar,1348,264,40,0,1652,0,0,2,4,6,1348,264,42,4,1658,0,0,0,1658
05/29/2013,LAX,CA,AWP,WE,Towers with Radar,1360,263,42,0,1665,0,0,3,2,5,1360,263,45,2,1670,0,0,0,1670
05/30/2013,LAX,CA,AWP,WE,Towers with Radar,1444,274,62,0,1780,0,0,6,5,11,1444,274,68,5,1791,0,0,0,1791
05/31/2013,LAX,CA,AWP,WE,Towers with Radar,1434,266,52,0,1752,0,0,1,0,1,1434,266,53,0,1753,0,0,0,1753
06/01/2013,LAX,CA,AWP,WE,Towers with Radar,1246,211,23,1,1481,0,0,1,3,4,1246,211,24,4,1485,0,0,0,1485
06/02/2013,LAX,CA,AWP,WE,Towers with Radar,1361,263,29,0,1653,2,0,0,2,4,1363,263,29,2,1657,0,0,0,1657
06/03/2013,LAX,CA,AWP,WE,Towers with Radar,1421,256,42,2,1721,0,1,2,12,15,1421,257,44,14,1736,0,0,0,1736
06/04/2013,LAX,CA,AWP,WE,Towers with Radar,1377,251,59,3,1690,0,0,5,1,6,1377,251,64,4,1696,0,0,0,1696
06/05/2013,LAX,CA,AWP,WE,Towers with Radar,1402,252,50,0,1704,2,0,8,16,26,1404,252,58,16,1730,0,0,0,1730
06/06/2013,LAX,CA,AWP,WE,Towers with Radar,1501,281,50,2,1834,0,0,5,8,13,1501,281,55,10,1847,0,0,0,1847
06/07/2013,LAX,CA,AWP,WE,Towers with Radar,1483,262,31,4,1780,0,0,4,10,14,1483,262,35,14,1794,0,0,0,1794
06/08/2013,LAX,CA,AWP,WE,Towers with Radar,1333,222,31,1,1587,0,0,1,5,6,1333,222,32,6,1593,0,0,0,1593
06/09/2013,LAX,CA,AWP,WE,Towers with Radar,1422,263,23,0,1708,1,0,2,1,4,1423,263,25,1,1712,0,0,0,1712
06/10/2013,LAX,CA,AWP,WE,Towers with Radar,1443,264,41,3,1751,0,0,5,9,14,1443,264,46,12,1765,0,0,0,1765
06/11/2013,LAX,CA,AWP,WE,Towers with Radar,1463,265,41,2,1771,0,0,12,3,15,1463,265,53,5,1786,0,0,0,1786
06/12/2013,LAX,CA,AWP,WE,Towers with Radar,1493,262,45,6,1806,0,0,4,4,8,1493,262,49,10,1814,0,0,0,1814
06/13/2013,LAX,CA,AWP,WE,Towers with Radar,1500,281,37,0,1818,0,0,10,7,17,1500,281,47,7,1835,0,0,0,1835
06/14/2013,LAX,CA,AWP,WE,Towers with Radar,1543,268,32,0,1843,1,0,5,5,11,1544,268,37,5,1854,0,0,0,1854
06/15/2013,LAX,CA,AWP,WE,Towers with Radar,1380,231,25,2,1638,0,0,1,4,5,1380,231,26,6,1643,0,0,0,1643
06/16/2013,LAX,CA,AWP,WE,Towers with Radar,1482,273,40,0,1795,0,0,3,2,5,1482,273,43,2,1800,0,0,0,1800
06/17/2013,LAX,CA,AWP,WE,Towers with Radar,1468,258,44,2,1772,0,1,4,8,13,1468,259,48,10,1785,0,0,0,1785
06/18/2013,LAX,CA,AWP,WE,Towers with Radar,1478,270,40,3,1791,2,0,15,6,23,1480,270,55,9,1814,0,0,0,1814
06/19/2013,LAX,CA,AWP,WE,Towers with Radar,1547,261,51,0,1859,0,0,5,10,15,1547,261,56,10,1874,0,0,0,1874
06/20/2013,LAX,CA,AWP,WE,Towers with Radar,1548,271,73,3,1895,0,0,9,7,16,1548,271,82,10,1911,0,0,0,1911
06/21/2013,LAX,CA,AWP,WE,Towers with Radar,1513,270,50,0,1833,0,0,11,5,16,1513,270,61,5,1849,0,0,0,1849
06/22/2013,LAX,CA,AWP,WE,Towers with Radar,1434,228,33,1,1696,0,0,1,2,3,1434,228,34,3,1699,0,0,0,1699
06/23/2013,LAX,CA,AWP,WE,Towers with Radar,1454,255,42,0,1751,0,0,2,1,3,1454,255,44,1,1754,0,0,0,1754
06/24/2013,LAX,CA,AWP,WE,Towers with Radar,1512,283,53,1,1849,0,0,11,7,18,1512,283,64,8,1867,0,0,0,1867
06/25/2013,LAX,CA,AWP,WE,Towers with Radar,1500,268,49,4,1821,0,0,2,4,6,1500,268,51,8,1827,0,0,0,1827
06/26/2013,LAX,CA,AWP,WE,Towers with Radar,1517,262,55,1,1835,0,0,12,7,19,1517,262,67,8,1854,0,0,0,1854
06/27/2013,LAX,CA,AWP,WE,Towers with Radar,1550,272,50,0,1872,0,0,6,8,14,1550,272,56,8,1886,0,0,0,1886
06/28/2013,LAX,CA,AWP,WE,Towers with Radar,1529,263,49,2,1843,0,1,10,15,26,1529,264,59,17,1869,0,0,0,1869
06/29/2013,LAX,CA,AWP,WE,Towers with Radar,1440,233,29,0,1702,0,0,4,2,6,1440,233,33,2,1708,0,0,0,1708
06/30/2013,LAX,CA,AWP,WE,Towers with Radar,1478,256,43,0,1777,0,0,4,0,4,1478,256,47,0,1781,0,0,0,1781
07/01/2013,LAX,CA,AWP,WE,Towers with Radar,1488,259,47,0,1794,0,0,3,3,6,1488,259,50,3,1800,0,0,0,1800
07/02/2013,LAX,CA,AWP,WE,Towers with Radar,1494,235,28,0,1757,0,0,6,4,10,1494,235,34,4,1767,0,0,0,1767
07/03/2013,LAX,CA,AWP,WE,Towers with Radar,1541,252,36,0,1829,1,0,1,3,5,1542,252,37,3,1834,0,0,0,1834
07/04/2013,LAX,CA,AWP,WE,Towers with Radar,1301,209,15,2,1527,0,0,2,7,9,1301,209,17,9,1536,0,0,0,1536
07/05/2013,LAX,CA,AWP,WE,Towers with Radar,1381,209,24,1,1615,0,0,4,6,10,1381,209,28,7,1625,0,0,0,1625
07/06/2013,LAX,CA,AWP,WE,Towers with Radar,1381,218,28,0,1627,0,0,3,4,7,1381,218,31,4,1634,0,0,0,1634
07/07/2013,LAX,CA,AWP,WE,Towers with Radar,1478,254,49,1,1782,0,0,3,2,5,1478,254,52,3,1787,0,0,0,1787
07/08/2013,LAX,CA,AWP,WE,Towers with Radar,1538,260,41,0,1839,1,0,8,5,14,1539,260,49,5,1853,0,0,0,1853
07/09/2013,LAX,CA,AWP,WE,Towers with Radar,1527,253,48,40,1868,0,0,8,10,18,1527,253,56,50,1886,0,0,0,1886
07/10/2013,LAX,CA,AWP,WE,Towers with Radar,1531,262,39,7,1839,0,0,0,6,6,1531,262,39,13,1845,0,0,0,1845
07/11/2013,LAX,CA,AWP,WE,Towers with Radar,1586,274,74,1,1935,0,0,7,6,13,1586,274,81,7,1948,0,0,0,1948
07/12/2013,LAX,CA,AWP,WE,Towers with Radar,1580,256,45,2,1883,0,0,4,0,4,1580,256,49,2,1887,0,0,0,1887
07/13/2013,LAX,CA,AWP,WE,Towers with Radar,1442,219,33,0,1694,0,0,4,3,7,1442,219,37,3,1701,0,0,0,1701
07/14/2013,LAX,CA,AWP,WE,Towers with Radar,1517,259,44,6,1826,2,1,1,3,7,1519,260,45,9,1833,0,0,0,1833
07/15/2013,LAX,CA,AWP,WE,Towers with Radar,1522,262,38,0,1822,0,0,10,7,17,1522,262,48,7,1839,0,0,0,1839
07/16/2013,LAX,CA,AWP,WE,Towers with Radar,1504,252,46,1,1803,0,0,4,10,14,1504,252,50,11,1817,0,0,0,1817
07/17/2013,LAX,CA,AWP,WE,Towers with Radar,1562,256,46,1,1865,0,1,4,6,11,1562,257,50,7,1876,0,0,0,1876
07/18/2013,LAX,CA,AWP,WE,Towers with Radar,1593,270,49,1,1913,1,0,8,15,24,1594,270,57,16,1937,0,0,0,1937
07/19/2013,LAX,CA,AWP,WE,Towers with Radar,1557,278,60,1,1896,0,1,6,3,10,1557,279,66,4,1906,0,0,0,1906
07/20/2013,LAX,CA,AWP,WE,Towers with Radar,1445,226,22,1,1694,0,0,1,1,2,1445,226,23,2,1696,0,0,0,1696
07/21/2013,LAX,CA,AWP,WE,Towers with Radar,1515,264,53,2,1834,0,0,1,7,8,1515,264,54,9,1842,0,0,0,1842
07/22/2013,LAX,CA,AWP,WE,Towers with Radar,1537,270,50,1,1858,0,0,1,6,7,1537,270,51,7,1865,0,0,0,1865
07/23/2013,LAX,CA,AWP,WE,Towers with Radar,1539,253,55,1,1848,0,2,3,12,17,1539,255,58,13,1865,0,0,0,1865
07/24/2013,LAX,CA,AWP,WE,Towers with Radar,1584,272,60,2,1918,0,0,1,5,6,1584,272,61,7,1924,0,0,0,1924
07/25/2013,LAX,CA,AWP,WE,Towers with Radar,1582,269,66,2,1919,0,0,2,4,6,1582,269,68,6,1925,0,0,0,1925
07/26/2013,LAX,CA,AWP,WE,Towers with Radar,1571,280,59,0,1910,0,0,2,4,6,1571,280,61,4,1916,0,0,0,1916
07/27/2013,LAX,CA,AWP,WE,Towers with Radar,1446,226,16,0,1688,0,0,4,2,6,1446,226,20,2,1694,0,0,0,1694
07/28/2013,LAX,CA,AWP,WE,Towers with Radar,1497,269,57,4,1827,0,0,0,0,0,1497,269,57,4,1827,0,0,0,1827
07/29/2013,LAX,CA,AWP,WE,Towers with Radar,1512,261,54,0,1827,0,0,4,6,10,1512,261,58,6,1837,0,0,0,1837
07/30/2013,LAX,CA,AWP,WE,Towers with Radar,1511,250,47,1,1809,0,0,3,10,13,1511,250,50,11,1822,0,0,0,1822
07/31/2013,LAX,CA,AWP,WE,Towers with Radar,1580,257,47,6,1890,0,0,1,2,3,1580,257,48,8,1893,0,0,0,1893
08/01/2013,LAX,CA,AWP,WE,Towers with Radar,1585,259,53,2,1899,1,0,8,7,16,1586,259,61,9,1915,0,0,0,1915
08/02/2013,LAX,CA,AWP,WE,Towers with Radar,1566,272,39,0,1877,0,0,0,2,2,1566,272,39,2,1879,0,0,0,1879
08/03/2013,LAX,CA,AWP,WE,Towers with Radar,1432,221,26,0,1679,0,0,1,3,4,1432,221,27,3,1683,0,0,0,1683
08/04/2013,LAX,CA,AWP,WE,Towers with Radar,1496,253,35,2,1786,1,0,1,1,3,1497,253,36,3,1789,0,0,0,1789
08/05/2013,LAX,CA,AWP,WE,Towers with Radar,1512,271,53,6,1842,0,0,7,5,12,1512,271,60,11,1854,0,0,0,1854
08/06/2013,LAX,CA,AWP,WE,Towers with Radar,1550,248,56,3,1857,0,0,1,7,8,1550,248,57,10,1865,0,0,0,1865
08/07/2013,LAX,CA,AWP,WE,Towers with Radar,1552,272,57,3,1884,0,0,0,13,13,1552,272,57,16,1897,0,0,0,1897
08/08/2013,LAX,CA,AWP,WE,Towers with Radar,1563,256,57,0,1876,0,0,6,5,11,1563,256,63,5,1887,0,0,0,1887
08/09/2013,LAX,CA,AWP,WE,Towers with Radar,1554,257,51,1,1863,0,0,2,0,2,1554,257,53,1,1865,0,0,0,1865
08/10/2013,LAX,CA,AWP,WE,Towers with Radar,1440,224,27,1,1692,0,1,2,1,4,1440,225,29,2,1696,0,0,0,1696
08/11/2013,LAX,CA,AWP,WE,Towers with Radar,1495,258,49,0,1802,0,0,1,3,4,1495,258,50,3,1806,0,0,0,1806
08/12/2013,LAX,CA,AWP,WE,Towers with Radar,1523,278,56,5,1862,1,0,0,7,8,1524,278,56,12,1870,0,0,0,1870
08/13/2013,LAX,CA,AWP,WE,Towers with Radar,1490,279,58,4,1831,1,0,2,4,7,1491,279,60,8,1838,0,0,0,1838
08/14/2013,LAX,CA,AWP,WE,Towers with Radar,1525,276,48,11,1860,0,0,2,2,4,1525,276,50,13,1864,0,0,0,1864
08/15/2013,LAX,CA,AWP,WE,Towers with Radar,1545,288,54,3,1890,1,0,6,7,14,1546,288,60,10,1904,0,0,0,1904
08/16/2013,LAX,CA,AWP,WE,Towers with Radar,1526,274,48,3,1851,0,0,1,1,2,1526,274,49,4,1853,0,0,0,1853
08/17/2013,LAX,CA,AWP,WE,Towers with Radar,1358,238,13,3,1612,0,0,2,0,2,1358,238,15,3,1614,0,0,0,1614
08/18/2013,LAX,CA,AWP,WE,Towers with Radar,1457,249,47,0,1753,0,0,4,1,5,1457,249,51,1,1758,0,0,0,1758
08/19/2013,LAX,CA,AWP,WE,Towers with Radar,1522,262,46,3,1833,1,1,2,6,10,1523,263,48,9,1843,0,0,0,1843
08/20/2013,LAX,CA,AWP,WE,Towers with Radar,1487,267,55,0,1809,0,0,7,4,11,1487,267,62,4,1820,0,0,0,1820
08/21/2013,LAX,CA,AWP,WE,Towers with Radar,1502,267,44,3,1816,0,0,5,5,10,1502,267,49,8,1826,0,0,0,1826
08/22/2013,LAX,CA,AWP,WE,Towers with Radar,1513,266,40,1,1820,0,0,9,6,15,1513,266,49,7,1835,0,0,0,1835
08/23/2013,LAX,CA,AWP,WE,Towers with Radar,1529,271,41,7,1848,0,0,2,4,6,1529,271,43,11,1854,0,0,0,1854
08/24/2013,LAX,CA,AWP,WE,Towers with Radar,1324,222,40,1,1587,0,0,6,3,9,1324,222,46,4,1596,0,0,0,1596
08/25/2013,LAX,CA,AWP,WE,Towers with Radar,1443,249,35,0,1727,0,0,1,0,1,1443,249,36,0,1728,0,0,0,1728
08/26/2013,LAX,CA,AWP,WE,Towers with Radar,1489,270,45,0,1804,0,0,4,5,9,1489,270,49,5,1813,0,0,0,1813
08/27/2013,LAX,CA,AWP,WE,Towers with Radar,1415,239,41,1,1696,0,0,5,7,12,1415,239,46,8,1708,0,0,0,1708
08/28/2013,LAX,CA,AWP,WE,Towers with Radar,1417,251,53,3,1724,0,0,5,11,16,1417,251,58,14,1740,0,0,0,1740
08/29/2013,LAX,CA,AWP,WE,Towers with Radar,1499,268,41,2,1810,0,0,6,10,16,1499,268,47,12,1826,0,0,0,1826
08/30/2013,LAX,CA,AWP,WE,Towers with Radar,1474,261,33,1,1769,1,0,5,4,10,1475,261,38,5,1779,0,0,0,1779
08/31/2013,LAX,CA,AWP,WE,Towers with Radar,1191,185,21,1,1398,0,0,0,1,1,1191,185,21,2,1399,0,0,0,1399
09/01/2013,LAX,CA,AWP,WE,Towers with Radar,1216,197,19,0,1432,0,0,10,1,11,1216,197,29,1,1443,0,0,0,1443
09/02/2013,LAX,CA,AWP,WE,Towers with Radar,1355,267,35,2,1659,0,0,4,1,5,1355,267,39,3,1664,0,0,0,1664
09/03/2013,LAX,CA,AWP,WE,Towers with Radar,1383,244,33,1,1661,0,0,5,8,13,1383,244,38,9,1674,0,0,0,1674
09/04/2013,LAX,CA,AWP,WE,Towers with Radar,1394,249,58,3,1704,0,0,3,5,8,1394,249,61,8,1712,0,0,0,1712
09/05/2013,LAX,CA,AWP,WE,Towers with Radar,1494,259,42,4,1799,0,0,3,5,8,1494,259,45,9,1807,0,0,0,1807
09/06/2013,LAX,CA,AWP,WE,Towers with Radar,1487,262,44,2,1795,0,0,6,4,10,1487,262,50,6,1805,0,0,0,1805
09/07/2013,LAX,CA,AWP,WE,Towers with Radar,1248,208,22,4,1482,0,0,0,1,1,1248,208,22,5,1483,0,0,0,1483
09/08/2013,LAX,CA,AWP,WE,Towers with Radar,1439,246,37,3,1725,0,0,1,2,3,1439,246,38,5,1728,0,0,0,1728
09/09/2013,LAX,CA,AWP,WE,Towers with Radar,1443,269,47,5,1764,0,0,1,1,2,1443,269,48,6,1766,0,0,0,1766
09/10/2013,LAX,CA,AWP,WE,Towers with Radar,1378,232,50,3,1663,0,0,5,2,7,1378,232,55,5,1670,0,0,0,1670
09/11/2013,LAX,CA,AWP,WE,Towers with Radar,1391,250,49,2,1692,0,0,1,7,8,1391,250,50,9,1700,0,0,0,1700
09/12/2013,LAX,CA,AWP,WE,Towers with Radar,1482,276,34,0,1792,0,0,4,10,14,1482,276,38,10,1806,0,0,0,1806
09/13/2013,LAX,CA,AWP,WE,Towers with Radar,1482,263,41,0,1786,0,0,9,4,13,1482,263,50,4,1799,0,0,0,1799
09/14/2013,LAX,CA,AWP,WE,Towers with Radar,1251,211,27,2,1491,0,0,4,2,6,1251,211,31,4,1497,0,0,0,1497
09/15/2013,LAX,CA,AWP,WE,Towers with Radar,1428,250,48,0,1726,1,1,7,2,11,1429,251,55,2,1737,0,0,0,1737
09/16/2013,LAX,CA,AWP,WE,Towers with Radar,1435,261,58,4,1758,0,0,3,3,6,1435,261,61,7,1764,0,0,0,1764
09/17/2013,LAX,CA,AWP,WE,Towers with Radar,1384,243,64,1,1692,1,0,1,0,2,1385,243,65,1,1694,0,0,0,1694
09/18/2013,LAX,CA,AWP,WE,Towers with Radar,1418,251,58,7,1734,0,0,8,8,16,1418,251,66,15,1750,0,0,0,1750
09/19/2013,LAX,CA,AWP,WE,Towers with Radar,1494,275,41,1,1811,0,0,4,4,8,1494,275,45,5,1819,0,0,0,1819
09/20/2013,LAX,CA,AWP,WE,Towers with Radar,1471,273,36,1,1781,0,0,3,0,3,1471,273,39,1,1784,0,0,0,1784
09/21/2013,LAX,CA,AWP,WE,Towers with Radar,1241,203,27,1,1472,2,0,2,2,6,1243,203,29,3,1478,0,0,0,1478
09/22/2013,LAX,CA,AWP,WE,Towers with Radar,1410,254,43,1,1708,0,0,6,3,9,1410,254,49,4,1717,0,0,0,1717
09/23/2013,LAX,CA,AWP,WE,Towers with Radar,1433,261,56,0,1750,1,0,5,6,12,1434,261,61,6,1762,0,0,0,1762
09/24/2013,LAX,CA,AWP,WE,Towers with Radar,1392,239,49,0,1680,1,0,3,8,12,1393,239,52,8,1692,0,0,0,1692
09/25/2013,LAX,CA,AWP,WE,Towers with Radar,1394,252,37,1,1684,0,0,7,5,12,1394,252,44,6,1696,0,0,0,1696
09/26/2013,LAX,CA,AWP,WE,Towers with Radar,1474,271,46,6,1797,0,0,0,5,5,1474,271,46,11,1802,0,0,0,1802
09/27/2013,LAX,CA,AWP,WE,Towers with Radar,1476,272,48,1,1797,0,0,8,5,13,1476,272,56,6,1810,0,0,0,1810
09/28/2013,LAX,CA,AWP,WE,Towers with Radar,1209,210,20,2,1441,0,0,9,2,11,1209,210,29,4,1452,0,0,0,1452
09/29/2013,LAX,CA,AWP,WE,Towers with Radar,1401,262,49,1,1713,0,0,3,1,4,1401,262,52,2,1717,0,0,0,1717
09/30/2013,LAX,CA,AWP,WE,Towers with Radar,1423,276,44,0,1743,0,0,9,0,9,1423,276,53,0,1752,0,0,0,1752
10/01/2013,LAX,CA,AWP,WE,Towers with Radar,1366,239,62,0,1667,0,0,1,0,1,1366,239,63,0,1668,0,0,0,1668
10/02/2013,LAX,CA,AWP,WE,Towers with Radar,1398,264,57,2,1721,0,0,9,5,14,1398,264,66,7,1735,0,0,0,1735
10/03/2013,LAX,CA,AWP,WE,Towers with Radar,1470,273,64,1,1808,0,0,2,4,6,1470,273,66,5,1814,0,0,0,1814
10/04/2013,LAX,CA,AWP,WE,Towers with Radar,1471,282,73,0,1826,0,0,1,4,5,1471,282,74,4,1831,0,0,0,1831
10/05/2013,LAX,CA,AWP,WE,Towers with Radar,1229,216,25,0,1470,0,0,0,4,4,1229,216,25,4,1474,0,0,0,1474
10/06/2013,LAX,CA,AWP,WE,Towers with Radar,1396,264,45,0,1705,0,0,1,1,2,1396,264,46,1,1707,0,0,0,1707
10/07/2013,LAX,CA,AWP,WE,Towers with Radar,1426,265,50,1,1742,0,0,5,6,11,1426,265,55,7,1753,0,0,0,1753
10/08/2013,LAX,CA,AWP,WE,Towers with Radar,1368,243,74,0,1685,0,0,4,6,10,1368,243,78,6,1695,0,0,0,1695
10/09/2013,LAX,CA,AWP,WE,Towers with Radar,1394,245,51,0,1690,0,0,2,3,5,1394,245,53,3,1695,0,0,0,1695
10/10/2013,LAX,CA,AWP,WE,Towers with Radar,1474,289,63,1,1827,0,0,4,2,6,1474,289,67,3,1833,0,0,0,1833
10/11/2013,LAX,CA,AWP,WE,Towers with Radar,1454,282,44,2,1782,1,0,2,4,7,1455,282,46,6,1789,0,0,0,1789
10/12/2013,LAX,CA,AWP,WE,Towers with Radar,1234,207,31,0,1472,2,0,8,3,13,1236,207,39,3,1485,0,0,0,1485
10/13/2013,LAX,CA,AWP,WE,Towers with Radar,1398,266,51,1,1716,0,0,1,6,7,1398,266,52,7,1723,0,0,0,1723
10/14/2013,LAX,CA,AWP,WE,Towers with Radar,1430,266,55,1,1752,0,0,14,1,15,1430,266,69,2,1767,0,0,0,1767
10/15/2013,LAX,CA,AWP,WE,Towers with Radar,1356,242,52,5,1655,0,0,2,1,3,1356,242,54,6,1658,0,0,0,1658
10/16/2013,LAX,CA,AWP,WE,Towers with Radar,1411,250,53,0,1714,0,0,11,8,19,1411,250,64,8,1733,0,0,0,1733
10/17/2013,LAX,CA,AWP,WE,Towers with Radar,1492,271,63,2,1828,0,0,3,5,8,1492,271,66,7,1836,0,0,0,1836
10/18/2013,LAX,CA,AWP,WE,Towers with Radar,1457,267,48,1,1773,0,0,4,5,9,1457,267,52,6,1782,0,0,0,1782
10/19/2013,LAX,CA,AWP,WE,Towers with Radar,1244,212,17,0,1473,0,0,1,0,1,1244,212,18,0,1474,0,0,0,1474
10/20/2013,LAX,CA,AWP,WE,Towers with Radar,1407,256,57,1,1721,0,0,1,4,5,1407,256,58,5,1726,0,0,0,1726
10/21/2013,LAX,CA,AWP,WE,Towers with Radar,1418,268,42,2,1730,1,0,0,4,5,1419,268,42,6,1735,0,0,0,1735
10/22/2013,LAX,CA,AWP,WE,Towers with Radar,1372,253,35,3,1663,0,0,4,5,9,1372,253,39,8,1672,0,0,0,1672
10/23/2013,LAX,CA,AWP,WE,Towers with Radar,1403,270,53,0,1726,0,0,11,5,16,1403,270,64,5,1742,0,0,0,1742
10/24/2013,LAX,CA,AWP,WE,Towers with Radar,1472,272,52,2,1798,0,0,0,4,4,1472,272,52,6,1802,0,0,0,1802
10/25/2013,LAX,CA,AWP,WE,Towers with Radar,1476,275,59,1,1811,0,0,2,6,8,1476,275,61,7,1819,0,0,0,1819
10/26/2013,LAX,CA,AWP,WE,Towers with Radar,1230,224,39,0,1493,0,0,1,0,1,1230,224,40,0,1494,0,0,0,1494
10/27/2013,LAX,CA,AWP,WE,Towers with Radar,1377,243,52,0,1672,0,0,0,0,0,1377,243,52,0,1672,0,0,0,1672
10/28/2013,LAX,CA,AWP,WE,Towers with Radar,1420,272,41,0,1733,0,0,0,5,5,1420,272,41,5,1738,0,0,0,1738
10/29/2013,LAX,CA,AWP,WE,Towers with Radar,1348,241,59,1,1649,0,0,2,9,11,1348,241,61,10,1660,0,0,0,1660
10/30/2013,LAX,CA,AWP,WE,Towers with Radar,1398,259,51,3,1711,0,0,11,9,20,1398,259,62,12,1731,0,0,0,1731
10/31/2013,LAX,CA,AWP,WE,Towers with Radar,1371,229,40,1,1641,0,0,10,7,17,1371,229,50,8,1658,0,0,0,1658
11/01/2013,LAX,CA,AWP,WE,Towers with Radar,1102,218,48,0,1368,1,1,17,7,26,1103,219,65,7,1394,0,0,0,1394
11/02/2013,LAX,CA,AWP,WE,Towers with Radar,1223,208,17,3,1451,0,0,12,5,17,1223,208,29,8,1468,0,0,0,1468
11/03/2013,LAX,CA,AWP,WE,Towers with Radar,1390,268,37,3,1698,1,0,4,5,10,1391,268,41,8,1708,0,0,0,1708
11/04/2013,LAX,CA,AWP,WE,Towers with Radar,1403,269,42,0,1714,1,0,1,13,15,1404,269,43,13,1729,0,0,0,1729
11/05/2013,LAX,CA,AWP,WE,Towers with Radar,1372,246,43,2,1663,0,0,2,3,5,1372,246,45,5,1668,0,0,0,1668
11/06/2013,LAX,CA,AWP,WE,Towers with Radar,1408,266,41,0,1715,0,0,13,4,17,1408,266,54,4,1732,0,0,0,1732
11/07/2013,LAX,CA,AWP,WE,Towers with Radar,1468,285,45,1,1799,2,0,28,11,41,1470,285,73,12,1840,0,0,0,1840
11/08/2013,LAX,CA,AWP,WE,Towers with Radar,1444,278,39,0,1761,0,0,4,4,8,1444,278,43,4,1769,0,0,0,1769
11/09/2013,LAX,CA,AWP,WE,Towers with Radar,1237,219,35,1,1492,0,1,3,4,8,1237,220,38,5,1500,0,0,0,1500
11/10/2013,LAX,CA,AWP,WE,Towers with Radar,1392,252,28,0,1672,0,0,2,1,3,1392,252,30,1,1675,0,0,0,1675
11/11/2013,LAX,CA,AWP,WE,Towers with Radar,1402,259,39,0,1700,0,0,3,4,7,1402,259,42,4,1707,0,0,0,1707
11/12/2013,LAX,CA,AWP,WE,Towers with Radar,1369,249,63,2,1683,0,0,9,9,18,1369,249,72,11,1701,0,0,0,1701
11/13/2013,LAX,CA,AWP,WE,Towers with Radar,1392,256,51,4,1703,0,0,8,9,17,1392,256,59,13,1720,0,0,0,1720
11/14/2013,LAX,CA,AWP,WE,Towers with Radar,1473,262,74,2,1811,0,0,3,4,7,1473,262,77,6,1818,0,0,0,1818
11/15/2013,LAX,CA,AWP,WE,Towers with Radar,1444,267,61,3,1775,1,0,5,7,13,1445,267,66,10,1788,0,0,0,1788
11/16/2013,LAX,CA,AWP,WE,Towers with Radar,1234,217,16,1,1468,0,0,1,0,1,1234,217,17,1,1469,0,0,0,1469
11/17/2013,LAX,CA,AWP,WE,Towers with Radar,1361,244,35,1,1641,0,0,3,2,5,1361,244,38,3,1646,0,0,0,1646
11/18/2013,LAX,CA,AWP,WE,Towers with Radar,1398,262,51,0,1711,0,0,4,9,13,1398,262,55,9,1724,0,0,0,1724
11/19/2013,LAX,CA,AWP,WE,Towers with Radar,1378,244,59,7,1688,1,0,3,7,11,1379,244,62,14,1699,0,0,0,1699
11/20/2013,LAX,CA,AWP,WE,Towers with Radar,1390,255,50,2,1697,0,0,2,5,7,1390,255,52,7,1704,0,0,0,1704
11/21/2013,LAX,CA,AWP,WE,Towers with Radar,1451,280,96,3,1830,0,0,1,2,3,1451,280,97,5,1833,0,0,0,1833
11/22/2013,LAX,CA,AWP,WE,Towers with Radar,1452,270,62,4,1788,0,1,3,0,4,1452,271,65,4,1792,0,0,0,1792
11/23/2013,LAX,CA,AWP,WE,Towers with Radar,1317,206,38,1,1562,0,1,39,10,50,1317,207,77,11,1612,0,0,0,1612
11/24/2013,LAX,CA,AWP,WE,Towers with Radar,1352,251,28,2,1633,0,0,0,4,4,1352,251,28,6,1637,0,0,0,1637
11/25/2013,LAX,CA,AWP,WE,Towers with Radar,1342,216,33,3,1594,1,0,3,7,11,1343,216,36,10,1605,0,0,0,1605
11/26/2013,LAX,CA,AWP,WE,Towers with Radar,1409,224,25,4,1662,1,0,0,12,13,1410,224,25,16,1675,0,0,0,1675
11/27/2013,LAX,CA,AWP,WE,Towers with Radar,1458,249,37,0,1744,0,0,7,9,16,1458,249,44,9,1760,0,0,0,1760
11/28/2013,LAX,CA,AWP,WE,Towers with Radar,1032,154,11,2,1199,0,0,0,1,1,1032,154,11,3,1200,0,0,0,1200
11/29/2013,LAX,CA,AWP,WE,Towers with Radar,1170,163,18,6,1357,1,0,0,0,1,1171,163,18,6,1358,0,0,0,1358
11/30/2013,LAX,CA,AWP,WE,Towers with Radar,1404,237,26,1,1668,0,0,2,3,5,1404,237,28,4,1673,0,0,0,1673
12/01/2013,LAX,CA,AWP,WE,Towers with Radar,1483,278,83,2,1846,1,0,4,8,13,1484,278,87,10,1859,0,0,0,1859
12/02/2013,LAX,CA,AWP,WE,Towers with Radar,1459,258,43,2,1762,0,0,6,11,17,1459,258,49,13,1779,0,0,0,1779
12/03/2013,LAX,CA,AWP,WE,Towers with Radar,1385,247,52,2,1686,0,0,2,3,5,1385,247,54,5,1691,0,0,0,1691
12/04/2013,LAX,CA,AWP,WE,Towers with Radar,1394,247,51,1,1693,0,1,4,6,11,1394,248,55,7,1704,0,0,0,1704
12/05/2013,LAX,CA,AWP,WE,Towers with Radar,1417,250,43,2,1712,0,0,2,1,3,1417,250,45,3,1715,0,0,0,1715
12/06/2013,LAX,CA,AWP,WE,Towers with Radar,1389,265,40,0,1694,2,0,1,3,6,1391,265,41,3,1700,0,0,0,1700
12/07/2013,LAX,CA,AWP,WE,Towers with Radar,1202,203,20,2,1427,0,0,0,2,2,1202,203,20,4,1429,0,0,0,1429
12/08/2013,LAX,CA,AWP,WE,Towers with Radar,1313,226,37,1,1577,1,0,4,1,6,1314,226,41,2,1583,0,0,0,1583
12/09/2013,LAX,CA,AWP,WE,Towers with Radar,1374,257,51,3,1685,1,0,2,4,7,1375,257,53,7,1692,0,0,0,1692
12/10/2013,LAX,CA,AWP,WE,Towers with Radar,1365,245,59,4,1673,1,0,7,13,21,1366,245,66,17,1694,0,0,0,1694
12/11/2013,LAX,CA,AWP,WE,Towers with Radar,1408,245,52,3,1708,1,0,1,7,9,1409,245,53,10,1717,0,0,0,1717
12/12/2013,LAX,CA,AWP,WE,Towers with Radar,1454,253,37,7,1751,0,0,1,6,7,1454,253,38,13,1758,0,0,0,1758
12/13/2013,LAX,CA,AWP,WE,Towers with Radar,1438,241,42,0,1721,1,0,1,6,8,1439,241,43,6,1729,0,0,0,1729
12/14/2013,LAX,CA,AWP,WE,Towers with Radar,1236,206,27,0,1469,0,0,3,2,5,1236,206,30,2,1474,0,0,0,1474
12/15/2013,LAX,CA,AWP,WE,Towers with Radar,1374,231,30,0,1635,0,0,1,2,3,1374,231,31,2,1638,0,0,0,1638
12/16/2013,LAX,CA,AWP,WE,Towers with Radar,1392,231,57,0,1680,0,0,5,7,12,1392,231,62,7,1692,0,0,0,1692
12/17/2013,LAX,CA,AWP,WE,Towers with Radar,1412,230,56,4,1702,0,0,5,7,12,1412,230,61,11,1714,0,0,0,1714
12/18/2013,LAX,CA,AWP,WE,Towers with Radar,1467,246,56,6,1775,0,1,1,2,4,1467,247,57,8,1779,0,0,0,1779
12/19/2013,LAX,CA,AWP,WE,Towers with Radar,1549,266,45,1,1861,0,0,0,5,5,1549,266,45,6,1866,0,0,0,1866
12/20/2013,LAX,CA,AWP,WE,Towers with Radar,1535,272,51,2,1860,0,0,3,3,6,1535,272,54,5,1866,0,0,0,1866
12/21/2013,LAX,CA,AWP,WE,Towers with Radar,1487,216,23,1,1727,0,0,1,0,1,1487,216,24,1,1728,0,0,0,1728
12/22/2013,LAX,CA,AWP,WE,Towers with Radar,1476,254,27,0,1757,0,0,1,0,1,1476,254,28,0,1758,0,0,0,1758
12/23/2013,LAX,CA,AWP,WE,Towers with Radar,1447,278,44,0,1769,0,0,16,6,22,1447,278,60,6,1791,0,0,0,1791
12/24/2013,LAX,CA,AWP,WE,Towers with Radar,1283,194,33,0,1510,0,0,1,1,2,1283,194,34,1,1512,0,0,0,1512
12/25/2013,LAX,CA,AWP,WE,Towers with Radar,1224,203,26,0,1453,0,0,1,0,1,1224,203,27,0,1454,0,0,0,1454
12/26/2013,LAX,CA,AWP,WE,Towers with Radar,1514,279,44,1,1838,0,0,5,3,8,1514,279,49,4,1846,0,0,0,1846
12/27/2013,LAX,CA,AWP,WE,Towers with Radar,1535,279,50,1,1865,0,1,11,0,12,1535,280,61,1,1877,0,0,0,1877
12/28/2013,LAX,CA,AWP,WE,Towers with Radar,1452,216,43,0,1711,0,0,4,0,4,1452,216,47,0,1715,0,0,0,1715
12/29/2013,LAX,CA,AWP,WE,Towers with Radar,1457,257,32,0,1746,0,0,4,5,9,1457,257,36,5,1755,0,0,0,1755
12/30/2013,LAX,CA,AWP,WE,Towers with Radar,1440,262,49,0,1751,0,2,1,5,8,1440,264,50,5,1759,0,0,0,1759
12/31/2013,LAX,CA,AWP,WE,Towers with Radar,1289,205,26,1,1521,0,0,2,2,4,1289,205,28,3,1525,0,0,0,1525
01/01/2014,LAX,CA,AWP,WE,Towers with Radar,1306,244,29,0,1579,0,0,0,3,3,1306,244,29,3,1582,0,0,0,1582
01/02/2014,LAX,CA,AWP,WE,Towers with Radar,1498,287,95,0,1880,0,0,8,5,13,1498,287,103,5,1893,0,0,0,1893
01/03/2014,LAX,CA,AWP,WE,Towers with Radar,1447,280,78,1,1806,0,3,1,2,6,1447,283,79,3,1812,0,0,0,1812
01/04/2014,LAX,CA,AWP,WE,Towers with Radar,1422,214,58,1,1695,0,0,3,5,8,1422,214,61,6,1703,0,0,0,1703
01/05/2014,LAX,CA,AWP,WE,Towers with Radar,1385,266,66,1,1718,1,0,1,2,4,1386,266,67,3,1722,0,0,0,1722
01/06/2014,LAX,CA,AWP,WE,Towers with Radar,1428,263,50,1,1742,0,0,4,0,4,1428,263,54,1,1746,0,0,0,1746
01/07/2014,LAX,CA,AWP,WE,Towers with Radar,1256,231,57,2,1546,0,1,10,6,17,1256,232,67,8,1563,0,0,0,1563
01/08/2014,LAX,CA,AWP,WE,Towers with Radar,1357,245,54,1,1657,0,2,2,2,6,1357,247,56,3,1663,0,0,0,1663
01/09/2014,LAX,CA,AWP,WE,Towers with Radar,1422,268,47,16,1753,1,0,4,14,19,1423,268,51,30,1772,0,0,0,1772
01/10/2014,LAX,CA,AWP,WE,Towers with Radar,1400,266,42,1,1709,0,1,4,4,9,1400,267,46,5,1718,0,0,0,1718
01/11/2014,LAX,CA,AWP,WE,Towers with Radar,1190,199,26,0,1415,0,1,1,3,5,1190,200,27,3,1420,0,0,0,1420
01/12/2014,LAX,CA,AWP,WE,Towers with Radar,1329,258,47,0,1634,0,0,1,3,4,1329,258,48,3,1638,0,0,0,1638
01/13/2014,LAX,CA,AWP,WE,Towers with Radar,1354,263,39,1,1657,0,1,2,8,11,1354,264,41,9,1668,0,0,0,1668
01/14/2014,LAX,CA,AWP,WE,Towers with Radar,1318,240,43,0,1601,0,0,6,8,14,1318,240,49,8,1615,0,0,0,1615
01/15/2014,LAX,CA,AWP,WE,Towers with Radar,1311,249,48,2,1610,0,0,7,11,18,1311,249,55,13,1628,0,0,0,1628
01/16/2014,LAX,CA,AWP,WE,Towers with Radar,1394,274,56,5,1729,1,0,8,7,16,1395,274,64,12,1745,0,0,0,1745
01/17/2014,LAX,CA,AWP,WE,Towers with Radar,1389,281,31,1,1702,0,1,3,2,6,1389,282,34,3,1708,0,0,0,1708
01/18/2014,LAX,CA,AWP,WE,Towers with Radar,1181,216,23,0,1420,0,0,6,1,7,1181,216,29,1,1427,0,0,0,1427
01/19/2014,LAX,CA,AWP,WE,Towers with Radar,1270,271,37,1,1579,0,0,8,1,9,1270,271,45,2,1588,0,0,0,1588
01/20/2014,LAX,CA,AWP,WE,Towers with Radar,1352,272,49,1,1674,0,0,2,3,5,1352,272,51,4,1679,0,0,0,1679
01/21/2014,LAX,CA,AWP,WE,Towers with Radar,1245,244,54,0,1543,0,0,5,7,12,1245,244,59,7,1555,0,0,0,1555
01/22/2014,LAX,CA,AWP,WE,Towers with Radar,1331,251,38,1,1621,0,0,5,10,15,1331,251,43,11,1636,0,0,0,1636
01/23/2014,LAX,CA,AWP,WE,Towers with Radar,1400,288,66,12,1766,0,0,4,2,6,1400,288,70,14,1772,0,0,0,1772
01/24/2014,LAX,CA,AWP,WE,Towers with Radar,1376,262,60,4,1702,0,0,7,6,13,1376,262,67,10,1715,0,0,0,1715
01/25/2014,LAX,CA,AWP,WE,Towers with Radar,1186,208,28,0,1422,0,0,0,5,5,1186,208,28,5,1427,0,0,0,1427
01/26/2014,LAX,CA,AWP,WE,Towers with Radar,1311,279,42,1,1633,0,0,0,1,1,1311,279,42,2,1634,0,0,0,1634
01/27/2014,LAX,CA,AWP,WE,Towers with Radar,1354,274,74,0,1702,0,0,1,10,11,1354,274,75,10,1713,0,0,0,1713
01/28/2014,LAX,CA,AWP,WE,Towers with Radar,1278,251,55,2,1586,0,0,5,7,12,1278,251,60,9,1598,0,0,0,1598
01/29/2014,LAX,CA,AWP,WE,Towers with Radar,1306,217,37,4,1564,0,0,0,0,0,1306,217,37,4,1564,0,0,0,1564
01/30/2014,LAX,CA,AWP,WE,Towers with Radar,1392,270,67,0,1729,0,0,3,4,7,1392,270,70,4,1736,0,0,0,1736
01/31/2014,LAX,CA,AWP,WE,Towers with Radar,1398,269,42,1,1710,0,0,3,3,6,1398,269,45,4,1716,0,0,0,1716
02/01/2014,LAX,CA,AWP,WE,Towers with Radar,1176,226,22,2,1426,0,1,0,1,2,1176,227,22,3,1428,0,0,0,1428
02/02/2014,LAX,CA,AWP,WE,Towers with Radar,1213,251,47,0,1511,0,0,1,0,1,1213,251,48,0,1512,0,0,0,1512
02/03/2014,LAX,CA,AWP,WE,Towers with Radar,1299,272,55,2,1628,0,1,11,8,20,1299,273,66,10,1648,0,0,0,1648
02/04/2014,LAX,CA,AWP,WE,Towers with Radar,1259,253,49,4,1565,0,0,4,9,13,1259,253,53,13,1578,0,0,0,1578
02/05/2014,LAX,CA,AWP,WE,Towers with Radar,1279,266,68,2,1615,0,0,3,4,7,1279,266,71,6,1622,0,0,0,1622
02/06/2014,LAX,CA,AWP,WE,Towers with Radar,1371,287,63,0,1721,0,0,2,1,3,1371,287,65,1,1724,0,0,0,1724
02/07/2014,LAX,CA,AWP,WE,Towers with Radar,1378,268,72,2,1720,0,0,2,5,7,1378,268,74,7,1727,0,0,0,1727
02/08/2014,LAX,CA,AWP,WE,Towers with Radar,1172,200,26,0,1398,0,0,1,3,4,1172,200,27,3,1402,0,0,0,1402
02/09/2014,LAX,CA,AWP,WE,Towers with Radar,1272,253,61,1,1587,1,0,1,2,4,1273,253,62,3,1591,0,0,0,1591
02/10/2014,LAX,CA,AWP,WE,Towers with Radar,1351,259,59,1,1670,0,0,2,7,9,1351,259,61,8,1679,0,0,0,1679
02/11/2014,LAX,CA,AWP,WE,Towers with Radar,1300,235,54,1,1590,0,1,3,1,5,1300,236,57,2,1595,0,0,0,1595
02/12/2014,LAX,CA,AWP,WE,Towers with Radar,1311,261,83,2,1657,0,1,2,4,7,1311,262,85,6,1664,0,0,0,1664
02/13/2014,LAX,CA,AWP,WE,Towers with Radar,1338,263,65,2,1668,0,0,4,2,6,1338,263,69,4,1674,0,0,0,1674
02/14/2014,LAX,CA,AWP,WE,Towers with Radar,1402,263,54,2,1721,0,0,4,11,15,1402,263,58,13,1736,0,0,0,1736
02/15/2014,LAX,CA,AWP,WE,Towers with Radar,1232,219,29,2,1482,0,3,0,1,4,1232,222,29,3,1486,0,0,0,1486
02/16/2014,LAX,CA,AWP,WE,Towers with Radar,1293,258,23,1,1575,1,1,1,0,3,1294,259,24,1,1578,0,0,0,1578
02/17/2014,LAX,CA,AWP,WE,Towers with Radar,1396,289,74,0,1759,0,0,4,2,6,1396,289,78,2,1765,0,0,0,1765
02/18/2014,LAX,CA,AWP,WE,Towers with Radar,1348,258,39,1,1646,0,0,5,12,17,1348,258,44,13,1663,0,0,0,1663
02/19/2014,LAX,CA,AWP,WE,Towers with Radar,1388,259,59,2,1708,0,1,5,3,9,1388,260,64,5,1717,0,0,0,1717
02/20/2014,LAX,CA,AWP,WE,Towers with Radar,1414,266,56,8,1744,0,0,4,11,15,1414,266,60,19,1759,0,0,0,1759
02/21/2014,LAX,CA,AWP,WE,Towers with Radar,1411,260,45,3,1719,1,0,18,8,27,1412,260,63,11,1746,0,0,0,1746
02/22/2014,LAX,CA,AWP,WE,Towers with Radar,1231,195,25,18,1469,0,0,4,1,5,1231,195,29,19,1474,0,0,0,1474
02/23/2014,LAX,CA,AWP,WE,Towers with Radar,1355,250,37,1,1643,0,0,1,0,1,1355,250,38,1,1644,0,0,0,1644
02/24/2014,LAX,CA,AWP,WE,Towers with Radar,1394,242,57,3,1696,0,0,2,5,7,1394,242,59,8,1703,0,0,0,1703
02/25/2014,LAX,CA,AWP,WE,Towers with Radar,1340,249,62,2,1653,0,0,6,10,16,1340,249,68,12,1669,0,0,0,1669
02/26/2014,LAX,CA,AWP,WE,Towers with Radar,1367,263,59,1,1690,0,0,2,6,8,1367,263,61,7,1698,0,0,0,1698
02/27/2014,LAX,CA,AWP,WE,Towers with Radar,1415,253,77,1,1746,1,0,2,9,12,1416,253,79,10,1758,0,0,0,1758
02/28/2014,LAX,CA,AWP,WE,Towers with Radar,1370,251,57,1,1679,0,0,2,2,4,1370,251,59,3,1683,0,0,0,1683
03/01/2014,LAX,CA,AWP,WE,Towers with Radar,1248,196,49,1,1494,0,0,1,0,1,1248,196,50,1,1495,0,0,0,1495
03/02/2014,LAX,CA,AWP,WE,Towers with Radar,1342,257,59,2,1660,0,0,0,3,3,1342,257,59,5,1663,0,0,0,1663
03/03/2014,LAX,CA,AWP,WE,Towers with Radar,1393,262,65,1,1721,0,0,4,8,12,1393,262,69,9,1733,0,0,0,1733
03/04/2014,LAX,CA,AWP,WE,Towers with Radar,1356,241,50,4,1651,0,0,1,9,10,1356,241,51,13,1661,0,0,0,1661
03/05/2014,LAX,CA,AWP,WE,Towers with Radar,1388,246,59,1,1694,0,1,2,14,17,1388,247,61,15,1711,0,0,0,1711
03/06/2014,LAX,CA,AWP,WE,Towers with Radar,1470,272,48,0,1790,0,0,6,6,12,1470,272,54,6,1802,0,0,0,1802
03/07/2014,LAX,CA,AWP,WE,Towers with Radar,1464,266,51,0,1781,0,0,3,8,11,1464,266,54,8,1792,0,0,0,1792
03/08/2014,LAX,CA,AWP,WE,Towers with Radar,1310,212,19,0,1541,0,1,10,1,12,1310,213,29,1,1553,0,0,0,1553
03/09/2014,LAX,CA,AWP,WE,Towers with Radar,1388,262,50,1,1701,0,0,1,2,3,1388,262,51,3,1704,0,0,0,1704
03/10/2014,LAX,CA,AWP,WE,Towers with Radar,1442,256,40,1,1739,0,0,2,2,4,1442,256,42,3,1743,0,0,0,1743
03/11/2014,LAX,CA,AWP,WE,Towers with Radar,1390,263,45,0,1698,1,1,7,9,18,1391,264,52,9,1716,0,0,0,1716
03/12/2014,LAX,CA,AWP,WE,Towers with Radar,1421,269,53,2,1745,0,0,9,7,16,1421,269,62,9,1761,0,0,0,1761
03/13/2014,LAX,CA,AWP,WE,Towers with Radar,1462,279,53,2,1796,1,0,1,8,10,1463,279,54,10,1806,0,0,0,1806
03/14/2014,LAX,CA,AWP,WE,Towers with Radar,1479,272,45,0,1796,1,0,0,8,9,1480,272,45,8,1805,0,0,0,1805
03/15/2014,LAX,CA,AWP,WE,Towers with Radar,1327,215,34,1,1577,0,0,3,1,4,1327,215,37,2,1581,0,0,0,1581
03/16/2014,LAX,CA,AWP,WE,Towers with Radar,1420,264,31,0,1715,0,0,2,1,3,1420,264,33,1,1718,0,0,0,1718
03/17/2014,LAX,CA,AWP,WE,Towers with Radar,1434,270,33,1,1738,0,0,7,6,13,1434,270,40,7,1751,0,0,0,1751
03/18/2014,LAX,CA,AWP,WE,Towers with Radar,1400,267,44,1,1712,0,0,4,5,9,1400,267,48,6,1721,0,0,0,1721
03/19/2014,LAX,CA,AWP,WE,Towers with Radar,1429,268,49,1,1747,0,0,11,6,17,1429,268,60,7,1764,0,0,0,1764
03/20/2014,LAX,CA,AWP,WE,Towers with Radar,1490,267,55,4,1816,0,0,2,8,10,1490,267,57,12,1826,0,0,0,1826
03/21/2014,LAX,CA,AWP,WE,Towers with Radar,1482,264,52,2,1800,0,0,10,6,16,1482,264,62,8,1816,0,0,0,1816
03/22/2014,LAX,CA,AWP,WE,Towers with Radar,1319,218,43,0,1580,0,0,3,7,10,1319,218,46,7,1590,0,0,0,1590
03/23/2014,LAX,CA,AWP,WE,Towers with Radar,1404,266,35,1,1706,0,0,2,0,2,1404,266,37,1,1708,0,0,0,1708
03/24/2014,LAX,CA,AWP,WE,Towers with Radar,1461,269,57,2,1789,0,0,4,2,6,1461,269,61,4,1795,0,0,0,1795
03/25/2014,LAX,CA,AWP,WE,Towers with Radar,1410,266,58,2,1736,0,0,2,6,8,1410,266,60,8,1744,0,0,0,1744
03/26/2014,LAX,CA,AWP,WE,Towers with Radar,1439,238,45,2,1724,0,0,12,12,24,1439,238,57,14,1748,0,0,0,1748
03/27/2014,LAX,CA,AWP,WE,Towers with Radar,1475,258,53,0,1786,1,0,8,11,20,1476,258,61,11,1806,0,0,0,1806
03/28/2014,LAX,CA,AWP,WE,Towers with Radar,1488,260,40,0,1788,0,0,14,9,23,1488,260,54,9,1811,0,0,0,1811
03/29/2014,LAX,CA,AWP,WE,Towers with Radar,1310,209,34,0,1553,0,0,6,2,8,1310,209,40,2,1561,0,0,0,1561
03/30/2014,LAX,CA,AWP,WE,Towers with Radar,1416,270,39,1,1726,0,0,8,1,9,1416,270,47,2,1735,0,0,0,1735
03/31/2014,LAX,CA,AWP,WE,Towers with Radar,1448,267,49,1,1765,0,0,0,0,0,1448,267,49,1,1765,0,0,0,1765
04/01/2014,LAX,CA,AWP,WE,Towers with Radar,1413,228,48,0,1689,0,1,3,9,13,1413,229,51,9,1702,0,0,0,1702
04/02/2014,LAX,CA,AWP,WE,Towers with Radar,1457,214,49,0,1720,0,0,5,1,6,1457,214,54,1,1726,0,0,0,1726
04/03/2014,LAX,CA,AWP,WE,Towers with Radar,1464,235,45,2,1746,0,0,6,8,14,1464,235,51,10,1760,0,0,0,1760
04/04/2014,LAX,CA,AWP,WE,Towers with Radar,1489,237,56,0,1782,0,0,7,9,16,1489,237,63,9,1798,0,0,0,1798
04/05/2014,LAX,CA,AWP,WE,Towers with Radar,1309,184,26,1,1520,1,0,1,1,3,1310,184,27,2,1523,0,0,0,1523
04/06/2014,LAX,CA,AWP,WE,Towers with Radar,1411,233,45,1,1690,2,0,3,1,6,1413,233,48,2,1696,0,0,0,1696
04/07/2014,LAX,CA,AWP,WE,Towers with Radar,1442,237,36,2,1717,0,1,4,3,8,1442,238,40,5,1725,0,0,0,1725
04/08/2014,LAX,CA,AWP,WE,Towers with Radar,1441,232,43,1,1717,0,0,3,7,10,1441,232,46,8,1727,0,0,0,1727
04/09/2014,LAX,CA,AWP,WE,Towers with Radar,1449,238,49,1,1737,0,0,6,6,12,1449,238,55,7,1749,0,0,0,1749
04/10/2014,LAX,CA,AWP,WE,Towers with Radar,1497,239,56,0,1792,0,0,7,5,12,1497,239,63,5,1804,0,0,0,1804
04/11/2014,LAX,CA,AWP,WE,Towers with Radar,1500,258,49,1,1808,1,0,3,2,6,1501,258,52,3,1814,0,0,0,1814
04/12/2014,LAX,CA,AWP,WE,Towers with Radar,1312,187,29,1,1529,0,0,0,2,2,1312,187,29,3,1531,0,0,0,1531
04/13/2014,LAX,CA,AWP,WE,Towers with Radar,1398,243,45,1,1687,0,0,3,1,4,1398,243,48,2,1691,0,0,0,1691
04/14/2014,LAX,CA,AWP,WE,Towers with Radar,1474,235,43,1,1753,0,0,5,6,11,1474,235,48,7,1764,0,0,0,1764
04/15/2014,LAX,CA,AWP,WE,Towers with Radar,1435,225,53,5,1718,0,0,3,0,3,1435,225,56,5,1721,0,0,0,1721
04/16/2014,LAX,CA,AWP,WE,Towers with Radar,1479,232,43,2,1756,0,0,7,4,11,1479,232,50,6,1767,0,0,0,1767
04/17/2014,LAX,CA,AWP,WE,Towers with Radar,1507,257,56,1,1821,0,0,4,6,10,1507,257,60,7,1831,0,0,0,1831
04/18/2014,LAX,CA,AWP,WE,Towers with Radar,1515,235,48,0,1798,0,0,2,2,4,1515,235,50,2,1802,0,0,0,1802
04/19/2014,LAX,CA,AWP,WE,Towers with Radar,1287,184,21,2,1494,0,0,2,4,6,1287,184,23,6,1500,0,0,0,1500
04/20/2014,LAX,CA,AWP,WE,Towers with Radar,1360,229,39,2,1630,0,0,6,6,12,1360,229,45,8,1642,0,0,0,1642
04/21/2014,LAX,CA,AWP,WE,Towers with Radar,1463,234,66,2,1765,0,0,1,5,6,1463,234,67,7,1771,0,0,0,1771
04/22/2014,LAX,CA,AWP,WE,Towers with Radar,1436,232,45,2,1715,0,0,5,4,9,1436,232,50,6,1724,0,0,0,1724
04/23/2014,LAX,CA,AWP,WE,Towers with Radar,1479,236,53,1,1769,0,0,4,6,10,1479,236,57,7,1779,0,0,0,1779
04/24/2014,LAX,CA,AWP,WE,Towers with Radar,1485,257,56,2,1800,0,0,5,9,14,1485,257,61,11,1814,0,0,0,1814
04/25/2014,LAX,CA,AWP,WE,Towers with Radar,1495,246,47,1,1789,0,0,4,6,10,1495,246,51,7,1799,0,0,0,1799
04/26/2014,LAX,CA,AWP,WE,Towers with Radar,1303,197,49,1,1550,0,0,0,2,2,1303,197,49,3,1552,0,0,0,1552
04/27/2014,LAX,CA,AWP,WE,Towers with Radar,1395,248,60,1,1704,0,0,3,0,3,1395,248,63,1,1707,0,0,0,1707
04/28/2014,LAX,CA,AWP,WE,Towers with Radar,1490,239,59,4,1792,0,0,0,8,8,1490,239,59,12,1800,0,0,0,1800
04/29/2014,LAX,CA,AWP,WE,Towers with Radar,1416,230,79,0,1725,0,0,2,3,5,1416,230,81,3,1730,0,0,0,1730
04/30/2014,LAX,CA,AWP,WE,Towers with Radar,1419,230,60,1,1710,0,0,6,18,24,1419,230,66,19,1734,0,0,0,1734
05/01/2014,LAX,CA,AWP,WE,Towers with Radar,1526,247,77,2,1852,0,2,4,2,8,1526,249,81,4,1860,0,0,0,1860
05/02/2014,LAX,CA,AWP,WE,Towers with Radar,1507,227,66,0,1800,0,0,11,10,21,1507,227,77,10,1821,0,0,0,1821
05/03/2014,LAX,CA,AWP,WE,Towers with Radar,1306,193,27,0,1526,1,0,8,3,12,1307,193,35,3,1538,0,0,0,1538
05/04/2014,LAX,CA,AWP,WE,Towers with Radar,1404,246,55,0,1705,1,0,3,3,7,1405,246,58,3,1712,0,0,0,1712
05/05/2014,LAX,CA,AWP,WE,Towers with Radar,1473,240,58,1,1772,0,0,6,14,20,1473,240,64,15,1792,0,0,0,1792
05/06/2014,LAX,CA,AWP,WE,Towers with Radar,1443,221,27,1,1692,1,0,5,7,13,1444,221,32,8,1705,0,0,0,1705
05/07/2014,LAX,CA,AWP,WE,Towers with Radar,1488,226,28,1,1743,0,0,4,15,19,1488,226,32,16,1762,0,0,0,1762
05/08/2014,LAX,CA,AWP,WE,Towers with Radar,1508,232,42,7,1789,0,0,6,20,26,1508,232,48,27,1815,0,0,0,1815
05/09/2014,LAX,CA,AWP,WE,Towers with Radar,1521,236,49,2,1808,0,0,21,3,24,1521,236,70,5,1832,0,0,0,1832
05/10/2014,LAX,CA,AWP,WE,Towers with Radar,1309,193,36,0,1538,0,0,2,2,4,1309,193,38,2,1542,0,0,0,1542
05/11/2014,LAX,CA,AWP,WE,Towers with Radar,1441,234,23,2,1700,0,0,1,0,1,1441,234,24,2,1701,0,0,0,1701
05/12/2014,LAX,CA,AWP,WE,Towers with Radar,1461,241,52,4,1758,0,0,5,1,6,1461,241,57,5,1764,0,0,0,1764
05/13/2014,LAX,CA,AWP,WE,Towers with Radar,1437,232,44,2,1715,0,0,10,9,19,1437,232,54,11,1734,0,0,0,1734
05/14/2014,LAX,CA,AWP,WE,Towers with Radar,1504,231,51,1,1787,0,0,4,8,12,1504,231,55,9,1799,0,0,0,1799
05/15/2014,LAX,CA,AWP,WE,Towers with Radar,1527,252,59,1,1839,0,0,3,4,7,1527,252,62,5,1846,0,0,0,1846
05/16/2014,LAX,CA,AWP,WE,Towers with Radar,1520,249,45,2,1816,0,0,6,4,10,1520,249,51,6,1826,0,0,0,1826
05/17/2014,LAX,CA,AWP,WE,Towers with Radar,1347,201,28,1,1577,0,0,6,4,10,1347,201,34,5,1587,0,0,0,1587
05/18/2014,LAX,CA,AWP,WE,Towers with Radar,1416,247,50,0,1713,0,0,0,1,1,1416,247,50,1,1714,0,0,0,1714
05/19/2014,LAX,CA,AWP,WE,Towers with Radar,1504,233,42,1,1780,0,0,0,5,5,1504,233,42,6,1785,0,0,0,1785
05/20/2014,LAX,CA,AWP,WE,Towers with Radar,1455,236,36,4,1731,0,0,7,8,15,1455,236,43,12,1746,0,0,0,1746
05/21/2014,LAX,CA,AWP,WE,Towers with Radar,1497,241,46,0,1784,2,0,4,5,11,1499,241,50,5,1795,0,0,0,1795
05/22/2014,LAX,CA,AWP,WE,Towers with Radar,1531,236,52,0,1819,1,1,2,5,9,1532,237,54,5,1828,0,0,0,1828
05/23/2014,LAX,CA,AWP,WE,Towers with Radar,1538,241,72,0,1851,0,0,1,7,8,1538,241,73,7,1859,0,0,0,1859
05/24/2014,LAX,CA,AWP,WE,Towers with Radar,1293,199,19,1,1512,0,0,1,4,5,1293,199,20,5,1517,0,0,0,1517
05/25/2014,LAX,CA,AWP,WE,Towers with Radar,1292,213,24,1,1530,0,1,1,1,3,1292,214,25,2,1533,0,0,0,1533
05/26/2014,LAX,CA,AWP,WE,Towers with Radar,1437,252,41,1,1731,0,0,1,0,1,1437,252,42,1,1732,0,0,0,1732
05/27/2014,LAX,CA,AWP,WE,Towers with Radar,1443,245,51,1,1740,0,0,2,13,15,1443,245,53,14,1755,0,0,0,1755
05/28/2014,LAX,CA,AWP,WE,Towers with Radar,1512,233,48,3,1796,0,1,3,4,8,1512,234,51,7,1804,0,0,0,1804
05/29/2014,LAX,CA,AWP,WE,Towers with Radar,1538,239,36,1,1814,0,0,4,4,8,1538,239,40,5,1822,0,0,0,1822
05/30/2014,LAX,CA,AWP,WE,Towers with Radar,1533,246,45,3,1827,1,0,11,4,16,1534,246,56,7,1843,0,0,0,1843
05/31/2014,LAX,CA,AWP,WE,Towers with Radar,1343,195,34,0,1572,1,0,1,2,4,1344,195,35,2,1576,0,0,0,1576
06/01/2014,LAX,CA,AWP,WE,Towers with Radar,1443,217,37,1,1698,0,0,0,4,4,1443,217,37,5,1702,0,0,0,1702
06/02/2014,LAX,CA,AWP,WE,Towers with Radar,1512,225,38,2,1777,0,0,3,8,11,1512,225,41,10,1788,0,0,0,1788
06/03/2014,LAX,CA,AWP,WE,Towers with Radar,1480,229,63,1,1773,0,0,13,3,16,1480,229,76,4,1789,0,0,0,1789
06/04/2014,LAX,CA,AWP,WE,Towers with Radar,1527,246,61,1,1835,0,0,5,4,9,1527,246,66,5,1844,0,0,0,1844
06/05/2014,LAX,CA,AWP,WE,Towers with Radar,1559,257,60,2,1878,1,0,2,0,3,1560,257,62,2,1881,0,0,0,1881
06/06/2014,LAX,CA,AWP,WE,Towers with Radar,1567,256,42,1,1866,0,0,8,1,9,1567,256,50,2,1875,0,0,0,1875
06/07/2014,LAX,CA,AWP,WE,Towers with Radar,1401,213,29,1,1644,0,0,0,3,3,1401,213,29,4,1647,0,0,0,1647
06/08/2014,LAX,CA,AWP,WE,Towers with Radar,1480,259,60,0,1799,0,1,3,0,4,1480,260,63,0,1803,0,0,0,1803
06/09/2014,LAX,CA,AWP,WE,Towers with Radar,1566,248,39,0,1853,0,0,1,2,3,1566,248,40,2,1856,0,0,0,1856
06/10/2014,LAX,CA,AWP,WE,Towers with Radar,1555,258,33,0,1846,0,1,3,2,6,1555,259,36,2,1852,0,0,0,1852
06/11/2014,LAX,CA,AWP,WE,Towers with Radar,1589,262,48,2,1901,0,2,6,2,10,1589,264,54,4,1911,0,0,0,1911
06/12/2014,LAX,CA,AWP,WE,Towers with Radar,1621,262,66,1,1950,0,0,3,8,11,1621,262,69,9,1961,0,0,0,1961
06/13/2014,LAX,CA,AWP,WE,Towers with Radar,1604,244,57,2,1907,0,0,4,5,9,1604,244,61,7,1916,0,0,0,1916
06/14/2014,LAX,CA,AWP,WE,Towers with Radar,1429,215,33,1,1678,0,0,1,3,4,1429,215,34,4,1682,0,0,0,1682
06/15/2014,LAX,CA,AWP,WE,Towers with Radar,1529,248,28,0,1805,0,0,0,0,0,1529,248,28,0,1805,0,0,0,1805
06/16/2014,LAX,CA,AWP,WE,Towers with Radar,1567,237,47,0,1851,0,0,7,5,12,1567,237,54,5,1863,0,0,0,1863
06/17/2014,LAX,CA,AWP,WE,Towers with Radar,1564,248,45,1,1858,0,0,5,10,15,1564,248,50,11,1873,0,0,0,1873
06/18/2014,LAX,CA,AWP,WE,Towers with Radar,1589,249,44,3,1885,0,0,5,10,15,1589,249,49,13,1900,0,0,0,1900
06/19/2014,LAX,CA,AWP,WE,Towers with Radar,1613,249,59,0,1921,0,0,4,13,17,1613,249,63,13,1938,0,0,0,1938
06/20/2014,LAX,CA,AWP,WE,Towers with Radar,1630,248,37,2,1917,0,0,14,0,14,1630,248,51,2,1931,0,0,0,1931
06/21/2014,LAX,CA,AWP,WE,Towers with Radar,1429,206,17,3,1655,0,0,1,6,7,1429,206,18,9,1662,0,0,0,1662
06/22/2014,LAX,CA,AWP,WE,Towers with Radar,1550,258,52,2,1862,0,0,0,5,5,1550,258,52,7,1867,0,0,0,1867
06/23/2014,LAX,CA,AWP,WE,Towers with Radar,1578,236,39,1,1854,0,0,4,2,6,1578,236,43,3,1860,0,0,0,1860
06/24/2014,LAX,CA,AWP,WE,Towers with Radar,1550,248,44,3,1845,0,0,1,4,5,1550,248,45,7,1850,0,0,0,1850
06/25/2014,LAX,CA,AWP,WE,Towers with Radar,1599,248,58,2,1907,0,0,10,7,17,1599,248,68,9,1924,0,0,0,1924
06/26/2014,LAX,CA,AWP,WE,Towers with Radar,1637,258,62,2,1959,0,1,2,5,8,1637,259,64,7,1967,0,0,0,1967
06/27/2014,LAX,CA,AWP,WE,Towers with Radar,1609,253,48,0,1910,0,0,2,4,6,1609,253,50,4,1916,0,0,0,1916
06/28/2014,LAX,CA,AWP,WE,Towers with Radar,1466,210,18,9,1703,0,0,2,3,5,1466,210,20,12,1708,0,0,0,1708
06/29/2014,LAX,CA,AWP,WE,Towers with Radar,1526,252,39,0,1817,0,0,7,6,13,1526,252,46,6,1830,0,0,0,1830
06/30/2014,LAX,CA,AWP,WE,Towers with Radar,1543,255,28,0,1826,0,0,2,0,2,1543,255,30,0,1828,0,0,0,1828
07/01/2014,LAX,CA,AWP,WE,Towers with Radar,1524,240,55,0,1819,0,0,1,3,4,1524,240,56,3,1823,0,0,0,1823
07/02/2014,LAX,CA,AWP,WE,Towers with Radar,1586,220,42,3,1851,0,0,2,6,8,1586,220,44,9,1859,0,0,0,1859
07/03/2014,LAX,CA,AWP,WE,Towers with Radar,1628,245,65,3,1941,0,1,2,1,4,1628,246,67,4,1945,0,0,0,1945
07/04/2014,LAX,CA,AWP,WE,Towers with Radar,1355,190,19,0,1564,2,1,2,3,8,1357,191,21,3,1572,0,0,0,1572
07/05/2014,LAX,CA,AWP,WE,Towers with Radar,1423,195,23,2,1643,0,0,4,1,5,1423,195,27,3,1648,0,0,0,1648
07/06/2014,LAX,CA,AWP,WE,Towers with Radar,1548,243,47,0,1838,1,0,1,2,4,1549,243,48,2,1842,0,0,0,1842
07/07/2014,LAX,CA,AWP,WE,Towers with Radar,1608,248,54,1,1911,0,0,2,4,6,1608,248,56,5,1917,0,0,0,1917
07/08/2014,LAX,CA,AWP,WE,Towers with Radar,1587,228,40,2,1857,0,0,5,6,11,1587,228,45,8,1868,0,0,0,1868
07/09/2014,LAX,CA,AWP,WE,Towers with Radar,1650,237,53,1,1941,0,0,0,5,5,1650,237,53,6,1946,0,0,0,1946
07/10/2014,LAX,CA,AWP,WE,Towers with Radar,1639,250,51,1,1941,1,0,3,11,15,1640,250,54,12,1956,0,0,0,1956
07/11/2014,LAX,CA,AWP,WE,Towers with Radar,1651,248,48,3,1950,0,0,1,8,9,1651,248,49,11,1959,0,0,0,1959
07/12/2014,LAX,CA,AWP,WE,Towers with Radar,1473,215,22,3,1713,0,0,11,0,11,1473,215,33,3,1724,0,0,0,1724
07/13/2014,LAX,CA,AWP,WE,Towers with Radar,1550,251,38,0,1839,0,0,8,1,9,1550,251,46,1,1848,0,0,0,1848
07/14/2014,LAX,CA,AWP,WE,Towers with Radar,1573,249,55,0,1877,0,0,0,6,6,1573,249,55,6,1883,0,0,0,1883
07/15/2014,LAX,CA,AWP,WE,Towers with Radar,1582,248,49,3,1882,1,0,4,2,7,1583,248,53,5,1889,0,0,0,1889
07/16/2014,LAX,CA,AWP,WE,Towers with Radar,1654,253,49,2,1958,0,0,8,8,16,1654,253,57,10,1974,0,0,0,1974
07/17/2014,LAX,CA,AWP,WE,Towers with Radar,1648,247,57,6,1958,0,0,10,2,12,1648,247,67,8,1970,0,0,0,1970
07/18/2014,LAX,CA,AWP,WE,Towers with Radar,1648,253,26,1,1928,1,0,4,9,14,1649,253,30,10,1942,0,0,0,1942
07/19/2014,LAX,CA,AWP,WE,Towers with Radar,1484,212,22,3,1721,0,0,3,2,5,1484,212,25,5,1726,0,0,0,1726
07/20/2014,LAX,CA,AWP,WE,Towers with Radar,1563,237,40,1,1841,0,0,3,0,3,1563,237,43,1,1844,0,0,0,1844
07/21/2014,LAX,CA,AWP,WE,Towers with Radar,1613,243,54,3,1913,1,0,1,15,17,1614,243,55,18,1930,0,0,0,1930
07/22/2014,LAX,CA,AWP,WE,Towers with Radar,1588,234,46,5,1873,0,0,8,9,17,1588,234,54,14,1890,0,0,0,1890
07/23/2014,LAX,CA,AWP,WE,Towers with Radar,1602,239,34,0,1875,0,0,4,9,13,1602,239,38,9,1888,0,0,0,1888
07/24/2014,LAX,CA,AWP,WE,Towers with Radar,1659,242,26,8,1935,0,0,3,6,9,1659,242,29,14,1944,0,0,0,1944
07/25/2014,LAX,CA,AWP,WE,Towers with Radar,1656,250,50,5,1961,1,1,11,4,17,1657,251,61,9,1978,0,0,0,1978
07/26/2014,LAX,CA,AWP,WE,Towers with Radar,1490,211,23,0,1724,0,0,5,4,9,1490,211,28,4,1733,0,0,0,1733
07/27/2014,LAX,CA,AWP,WE,Towers with Radar,1542,241,37,0,1820,1,0,2,1,4,1543,241,39,1,1824,0,0,0,1824
07/28/2014,LAX,CA,AWP,WE,Towers with Radar,1618,254,42,3,1917,0,0,2,2,4,1618,254,44,5,1921,0,0,0,1921
07/29/2014,LAX,CA,AWP,WE,Towers with Radar,1591,232,44,0,1867,0,0,4,5,9,1591,232,48,5,1876,0,0,0,1876
07/30/2014,LAX,CA,AWP,WE,Towers with Radar,1624,241,41,2,1908,1,0,4,3,8,1625,241,45,5,1916,0,0,0,1916
07/31/2014,LAX,CA,AWP,WE,Towers with Radar,1645,261,44,1,1951,0,0,5,6,11,1645,261,49,7,1962,0,0,0,1962
08/01/2014,LAX,CA,AWP,WE,Towers with Radar,1659,253,48,3,1963,0,0,8,2,10,1659,253,56,5,1973,0,0,0,1973
08/02/2014,LAX,CA,AWP,WE,Towers with Radar,1491,210,31,1,1733,0,0,2,0,2,1491,210,33,1,1735,0,0,0,1735
08/03/2014,LAX,CA,AWP,WE,Towers with Radar,1553,253,46,3,1855,2,0,1,2,5,1555,253,47,5,1860,0,0,0,1860
08/04/2014,LAX,CA,AWP,WE,Towers with Radar,1615,256,56,9,1936,0,0,4,0,4,1615,256,60,9,1940,0,0,0,1940
08/05/2014,LAX,CA,AWP,WE,Towers with Radar,1596,239,53,2,1890,2,0,1,5,8,1598,239,54,7,1898,0,0,0,1898
08/06/2014,LAX,CA,AWP,WE,Towers with Radar,1630,241,52,1,1924,0,0,5,11,16,1630,241,57,12,1940,0,0,0,1940
08/07/2014,LAX,CA,AWP,WE,Towers with Radar,1636,247,42,3,1928,0,0,5,4,9,1636,247,47,7,1937,0,0,0,1937
08/08/2014,LAX,CA,AWP,WE,Towers with Radar,1655,241,45,3,1944,0,0,6,2,8,1655,241,51,5,1952,0,0,0,1952
08/09/2014,LAX,CA,AWP,WE,Towers with Radar,1472,204,34,1,1711,1,0,0,4,5,1473,204,34,5,1716,0,0,0,1716
08/10/2014,LAX,CA,AWP,WE,Towers with Radar,1553,236,41,0,1830,1,0,3,2,6,1554,236,44,2,1836,0,0,0,1836
08/11/2014,LAX,CA,AWP,WE,Towers with Radar,1592,250,51,3,1896,1,0,4,2,7,1593,250,55,5,1903,0,0,0,1903
08/12/2014,LAX,CA,AWP,WE,Towers with Radar,1570,254,60,1,1885,1,0,1,3,5,1571,254,61,4,1890,0,0,0,1890
08/13/2014,LAX,CA,AWP,WE,Towers with Radar,1638,259,54,5,1956,0,0,11,3,14,1638,259,65,8,1970,0,0,0,1970
08/14/2014,LAX,CA,AWP,WE,Towers with Radar,1642,249,45,1,1937,0,0,2,1,3,1642,249,47,2,1940,0,0,0,1940
08/15/2014,LAX,CA,AWP,WE,Towers with Radar,1624,247,39,8,1918,0,0,0,1,1,1624,247,39,9,1919,0,0,0,1919
08/16/2014,LAX,CA,AWP,WE,Towers with Radar,1433,216,43,0,1692,0,0,0,3,3,1433,216,43,3,1695,0,0,0,1695
08/17/2014,LAX,CA,AWP,WE,Towers with Radar,1524,245,53,1,1823,1,0,1,0,2,1525,245,54,1,1825,0,0,0,1825
08/18/2014,LAX,CA,AWP,WE,Towers with Radar,1579,257,47,1,1884,0,0,1,3,4,1579,257,48,4,1888,0,0,0,1888
08/19/2014,LAX,CA,AWP,WE,Towers with Radar,1521,215,41,7,1784,0,0,1,5,6,1521,215,42,12,1790,0,0,0,1790
08/20/2014,LAX,CA,AWP,WE,Towers with Radar,1566,220,37,0,1823,0,0,4,3,7,1566,220,41,3,1830,0,0,0,1830
08/21/2014,LAX,CA,AWP,WE,Towers with Radar,1575,236,45,1,1857,1,0,6,3,10,1576,236,51,4,1867,0,0,0,1867
08/22/2014,LAX,CA,AWP,WE,Towers with Radar,1595,243,39,1,1878,0,0,3,3,6,1595,243,42,4,1884,0,0,0,1884
08/23/2014,LAX,CA,AWP,WE,Towers with Radar,1326,201,35,0,1562,0,0,3,4,7,1326,201,38,4,1569,0,0,0,1569
08/24/2014,LAX,CA,AWP,WE,Towers with Radar,1506,233,36,2,1777,1,0,5,5,11,1507,233,41,7,1788,0,0,0,1788
08/25/2014,LAX,CA,AWP,WE,Towers with Radar,1509,237,46,2,1794,0,0,1,1,2,1509,237,47,3,1796,0,0,0,1796
08/26/2014,LAX,CA,AWP,WE,Towers with Radar,1500,215,38,1,1754,0,0,3,1,4,1500,215,41,2,1758,0,0,0,1758
08/27/2014,LAX,CA,AWP,WE,Towers with Radar,1540,219,43,1,1803,0,1,6,6,13,1540,220,49,7,1816,0,0,0,1816
08/28/2014,LAX,CA,AWP,WE,Towers with Radar,1585,248,52,2,1887,0,0,4,2,6,1585,248,56,4,1893,0,0,0,1893
08/29/2014,LAX,CA,AWP,WE,Towers with Radar,1553,243,39,1,1836,0,0,7,6,13,1553,243,46,7,1849,0,0,0,1849
08/30/2014,LAX,CA,AWP,WE,Towers with Radar,1282,189,25,0,1496,0,0,4,0,4,1282,189,29,0,1500,0,0,0,1500
08/31/2014,LAX,CA,AWP,WE,Towers with Radar,1310,187,21,0,1518,1,0,6,1,8,1311,187,27,1,1526,0,0,0,1526
09/01/2014,LAX,CA,AWP,WE,Towers with Radar,1465,246,39,1,1751,0,0,6,0,6,1465,246,45,1,1757,0,0,0,1757
09/02/2014,LAX,CA,AWP,WE,Towers with Radar,1464,235,43,0,1742,0,0,4,4,8,1464,235,47,4,1750,0,0,0,1750
09/03/2014,LAX,CA,AWP,WE,Towers with Radar,1454,234,42,1,1731,0,1,3,5,9,1454,235,45,6,1740,0,0,0,1740
09/04/2014,LAX,CA,AWP,WE,Towers with Radar,1498,220,51,1,1770,1,0,2,5,8,1499,220,53,6,1778,0,0,0,1778
09/05/2014,LAX,CA,AWP,WE,Towers with Radar,1487,234,49,0,1770,0,0,3,3,6,1487,234,52,3,1776,0,0,0,1776
09/06/2014,LAX,CA,AWP,WE,Towers with Radar,1258,187,25,2,1472,1,1,4,3,9,1259,188,29,5,1481,0,0,0,1481
09/07/2014,LAX,CA,AWP,WE,Towers with Radar,1485,219,21,0,1725,0,0,0,0,0,1485,219,21,0,1725,0,0,0,1725
09/08/2014,LAX,CA,AWP,WE,Towers with Radar,1518,233,50,0,1801,0,0,2,3,5,1518,233,52,3,1806,0,0,0,1806
09/09/2014,LAX,CA,AWP,WE,Towers with Radar,1463,229,54,3,1749,0,0,6,6,12,1463,229,60,9,1761,0,0,0,1761
09/10/2014,LAX,CA,AWP,WE,Towers with Radar,1491,210,60,0,1761,0,0,5,5,10,1491,210,65,5,1771,0,0,0,1771
09/11/2014,LAX,CA,AWP,WE,Towers with Radar,1524,229,62,1,1816,0,0,1,3,4,1524,229,63,4,1820,0,0,0,1820
09/12/2014,LAX,CA,AWP,WE,Towers with Radar,1528,232,45,1,1806,0,1,8,4,13,1528,233,53,5,1819,0,0,0,1819
09/13/2014,LAX,CA,AWP,WE,Towers with Radar,1236,188,34,1,1459,0,2,1,1,4,1236,190,35,2,1463,0,0,0,1463
09/14/2014,LAX,CA,AWP,WE,Towers with Radar,1464,227,63,3,1757,0,0,4,0,4,1464,227,67,3,1761,0,0,0,1761
09/15/2014,LAX,CA,AWP,WE,Towers with Radar,1488,227,59,4,1778,0,0,4,2,6,1488,227,63,6,1784,0,0,0,1784
09/16/2014,LAX,CA,AWP,WE,Towers with Radar,1444,231,42,3,1720,0,0,6,5,11,1444,231,48,8,1731,0,0,0,1731
09/17/2014,LAX,CA,AWP,WE,Towers with Radar,1488,224,46,2,1760,0,0,6,4,10,1488,224,52,6,1770,0,0,0,1770
09/18/2014,LAX,CA,AWP,WE,Towers with Radar,1548,231,54,4,1837,0,0,10,0,10,1548,231,64,4,1847,0,0,0,1847
09/19/2014,LAX,CA,AWP,WE,Towers with Radar,1550,242,54,2,1848,0,1,6,6,13,1550,243,60,8,1861,0,0,0,1861
09/20/2014,LAX,CA,AWP,WE,Towers with Radar,1253,191,28,2,1474,0,0,2,1,3,1253,191,30,3,1477,0,0,0,1477
09/21/2014,LAX,CA,AWP,WE,Towers with Radar,1447,218,39,0,1704,0,0,3,10,13,1447,218,42,10,1717,0,0,0,1717
09/22/2014,LAX,CA,AWP,WE,Towers with Radar,1485,232,69,0,1786,1,0,1,0,2,1486,232,70,0,1788,0,0,0,1788
09/23/2014,LAX,CA,AWP,WE,Towers with Radar,1421,221,66,6,1714,0,0,2,7,9,1421,221,68,13,1723,0,0,0,1723
09/24/2014,LAX,CA,AWP,WE,Towers with Radar,1447,216,45,6,1714,0,0,0,0,0,1447,216,45,6,1714,0,0,0,1714
09/25/2014,LAX,CA,AWP,WE,Towers with Radar,1504,227,46,2,1779,0,0,7,2,9,1504,227,53,4,1788,0,0,0,1788
09/26/2014,LAX,CA,AWP,WE,Towers with Radar,1465,230,48,1,1744,0,0,3,3,6,1465,230,51,4,1750,0,0,0,1750
09/27/2014,LAX,CA,AWP,WE,Towers with Radar,1230,184,34,1,1449,0,0,6,2,8,1230,184,40,3,1457,0,0,0,1457
09/28/2014,LAX,CA,AWP,WE,Towers with Radar,1432,234,49,3,1718,0,0,1,1,2,1432,234,50,4,1720,0,0,0,1720
09/29/2014,LAX,CA,AWP,WE,Towers with Radar,1477,227,64,2,1770,0,0,6,10,16,1477,227,70,12,1786,0,0,0,1786
09/30/2014,LAX,CA,AWP,WE,Towers with Radar,1454,223,56,2,1735,0,0,3,3,6,1454,223,59,5,1741,0,0,0,1741
10/01/2014,LAX,CA,AWP,WE,Towers with Radar,1475,214,48,1,1738,0,0,3,4,7,1475,214,51,5,1745,0,0,0,1745
10/02/2014,LAX,CA,AWP,WE,Towers with Radar,1464,236,53,0,1753,0,0,15,6,21,1464,236,68,6,1774,0,0,0,1774
10/03/2014,LAX,CA,AWP,WE,Towers with Radar,1565,233,31,0,1829,0,0,7,5,12,1565,233,38,5,1841,0,0,0,1841
10/04/2014,LAX,CA,AWP,WE,Towers with Radar,1232,182,34,0,1448,1,0,0,3,4,1233,182,34,3,1452,0,0,0,1452
10/05/2014,LAX,CA,AWP,WE,Towers with Radar,1460,229,43,2,1734,0,0,0,1,1,1460,229,43,3,1735,0,0,0,1735
10/06/2014,LAX,CA,AWP,WE,Towers with Radar,1499,230,54,0,1783,0,0,6,8,14,1499,230,60,8,1797,0,0,0,1797
10/07/2014,LAX,CA,AWP,WE,Towers with Radar,1447,229,55,4,1735,1,2,3,10,16,1448,231,58,14,1751,0,0,0,1751
10/08/2014,LAX,CA,AWP,WE,Towers with Radar,1487,219,60,9,1775,0,0,2,2,4,1487,219,62,11,1779,0,0,0,1779
10/09/2014,LAX,CA,AWP,WE,Towers with Radar,1527,226,35,1,1789,1,0,1,4,6,1528,226,36,5,1795,0,0,0,1795
10/10/2014,LAX,CA,AWP,WE,Towers with Radar,1541,227,24,7,1799,0,0,2,2,4,1541,227,26,9,1803,0,0,0,1803
10/11/2014,LAX,CA,AWP,WE,Towers with Radar,1258,181,21,5,1465,0,0,4,0,4,1258,181,25,5,1469,0,0,0,1469
10/12/2014,LAX,CA,AWP,WE,Towers with Radar,1470,227,35,3,1735,1,0,2,2,5,1471,227,37,5,1740,0,0,0,1740
10/13/2014,LAX,CA,AWP,WE,Towers with Radar,1491,237,52,2,1782,0,0,3,1,4,1491,237,55,3,1786,0,0,0,1786
10/14/2014,LAX,CA,AWP,WE,Towers with Radar,1472,234,53,1,1760,1,0,3,5,9,1473,234,56,6,1769,0,0,0,1769
10/15/2014,LAX,CA,AWP,WE,Towers with Radar,1485,233,35,0,1753,1,0,2,5,8,1486,233,37,5,1761,0,0,0,1761
10/16/2014,LAX,CA,AWP,WE,Towers with Radar,1538,241,55,1,1835,1,0,5,2,8,1539,241,60,3,1843,0,0,0,1843
10/17/2014,LAX,CA,AWP,WE,Towers with Radar,1551,233,69,2,1855,1,1,6,0,8,1552,234,75,2,1863,0,0,0,1863
10/18/2014,LAX,CA,AWP,WE,Towers with Radar,1257,188,28,0,1473,0,0,2,2,4,1257,188,30,2,1477,0,0,0,1477
10/19/2014,LAX,CA,AWP,WE,Towers with Radar,1484,240,36,1,1761,1,0,2,1,4,1485,240,38,2,1765,0,0,0,1765
10/20/2014,LAX,CA,AWP,WE,Towers with Radar,1508,235,37,0,1780,0,0,2,4,6,1508,235,39,4,1786,0,0,0,1786
10/21/2014,LAX,CA,AWP,WE,Towers with Radar,1475,229,43,0,1747,0,0,2,3,5,1475,229,45,3,1752,0,0,0,1752
10/22/2014,LAX,CA,AWP,WE,Towers with Radar,1486,219,46,3,1754,0,0,4,4,8,1486,219,50,7,1762,0,0,0,1762
10/23/2014,LAX,CA,AWP,WE,Towers with Radar,1569,229,51,2,1851,0,0,0,2,2,1569,229,51,4,1853,0,0,0,1853
10/24/2014,LAX,CA,AWP,WE,Towers with Radar,1558,242,51,1,1852,0,0,4,10,14,1558,242,55,11,1866,0,0,0,1866
10/25/2014,LAX,CA,AWP,WE,Towers with Radar,1263,187,29,0,1479,0,0,6,3,9,1263,187,35,3,1488,0,0,0,1488
10/26/2014,LAX,CA,AWP,WE,Towers with Radar,1451,222,42,0,1715,0,0,6,0,6,1451,222,48,0,1721,0,0,0,1721
10/27/2014,LAX,CA,AWP,WE,Towers with Radar,1485,232,64,0,1781,0,0,5,2,7,1485,232,69,2,1788,0,0,0,1788
10/28/2014,LAX,CA,AWP,WE,Towers with Radar,1427,215,45,0,1687,0,0,4,11,15,1427,215,49,11,1702,0,0,0,1702
10/29/2014,LAX,CA,AWP,WE,Towers with Radar,1433,218,44,1,1696,0,0,10,1,11,1433,218,54,2,1707,0,0,0,1707
10/30/2014,LAX,CA,AWP,WE,Towers with Radar,1503,244,63,0,1810,0,0,4,3,7,1503,244,67,3,1817,0,0,0,1817
10/31/2014,LAX,CA,AWP,WE,Towers with Radar,1368,208,55,0,1631,1,0,4,5,10,1369,208,59,5,1641,0,0,0,1641
11/01/2014,LAX,CA,AWP,WE,Towers with Radar,1212,178,25,1,1416,0,0,4,7,11,1212,178,29,8,1427,0,0,0,1427
11/02/2014,LAX,CA,AWP,WE,Towers with Radar,1439,233,55,0,1727,0,0,2,0,2,1439,233,57,0,1729,0,0,0,1729
11/03/2014,LAX,CA,AWP,WE,Towers with Radar,1502,240,43,0,1785,1,0,4,4,9,1503,240,47,4,1794,0,0,0,1794
11/04/2014,LAX,CA,AWP,WE,Towers with Radar,1446,219,54,2,1721,0,0,7,3,10,1446,219,61,5,1731,0,0,0,1731
11/05/2014,LAX,CA,AWP,WE,Towers with Radar,1482,226,64,0,1772,0,0,4,5,9,1482,226,68,5,1781,0,0,0,1781
11/06/2014,LAX,CA,AWP,WE,Towers with Radar,1546,236,59,1,1842,0,0,5,1,6,1546,236,64,2,1848,0,0,0,1848
11/07/2014,LAX,CA,AWP,WE,Towers with Radar,1545,241,55,1,1842,0,0,6,7,13,1545,241,61,8,1855,0,0,0,1855
11/08/2014,LAX,CA,AWP,WE,Towers with Radar,1279,181,35,0,1495,0,0,7,1,8,1279,181,42,1,1503,0,0,0,1503
11/09/2014,LAX,CA,AWP,WE,Towers with Radar,1477,226,41,0,1744,0,0,1,0,1,1477,226,42,0,1745,0,0,0,1745
11/10/2014,LAX,CA,AWP,WE,Towers with Radar,1502,231,39,0,1772,0,0,1,5,6,1502,231,40,5,1778,0,0,0,1778
11/11/2014,LAX,CA,AWP,WE,Towers with Radar,1457,220,65,0,1742,0,1,3,0,4,1457,221,68,0,1746,0,0,0,1746
11/12/2014,LAX,CA,AWP,WE,Towers with Radar,1467,223,50,0,1740,0,0,5,6,11,1467,223,55,6,1751,0,0,0,1751
11/13/2014,LAX,CA,AWP,WE,Towers with Radar,1521,233,73,1,1828,1,0,2,3,6,1522,233,75,4,1834,0,0,0,1834
11/14/2014,LAX,CA,AWP,WE,Towers with Radar,1543,230,48,0,1821,0,0,4,4,8,1543,230,52,4,1829,0,0,0,1829
11/15/2014,LAX,CA,AWP,WE,Towers with Radar,1271,181,15,0,1467,1,0,1,4,6,1272,181,16,4,1473,0,0,0,1473
11/16/2014,LAX,CA,AWP,WE,Towers with Radar,1442,222,44,0,1708,0,0,1,3,4,1442,222,45,3,1712,0,0,0,1712
11/17/2014,LAX,CA,AWP,WE,Towers with Radar,1501,227,62,33,1823,0,0,0,0,0,1501,227,62,33,1823,0,0,0,1823
11/18/2014,LAX,CA,AWP,WE,Towers with Radar,1468,213,64,0,1745,0,0,3,3,6,1468,213,67,3,1751,0,0,0,1751
11/19/2014,LAX,CA,AWP,WE,Towers with Radar,1476,222,55,2,1755,1,0,6,3,10,1477,222,61,5,1765,0,0,0,1765
11/20/2014,LAX,CA,AWP,WE,Towers with Radar,1530,225,59,6,1820,0,0,3,5,8,1530,225,62,11,1828,0,0,0,1828
11/21/2014,LAX,CA,AWP,WE,Towers with Radar,1527,221,28,0,1776,0,0,5,9,14,1527,221,33,9,1790,0,0,0,1790
11/22/2014,LAX,CA,AWP,WE,Towers with Radar,1314,187,21,2,1524,0,0,2,0,2,1314,187,23,2,1526,0,0,0,1526
11/23/2014,LAX,CA,AWP,WE,Towers with Radar,1412,224,40,2,1678,1,0,6,5,12,1413,224,46,7,1690,0,0,0,1690
11/24/2014,LAX,CA,AWP,WE,Towers with Radar,1405,207,46,2,1660,0,0,3,5,8,1405,207,49,7,1668,0,0,0,1668
11/25/2014,LAX,CA,AWP,WE,Towers with Radar,1489,224,70,2,1785,0,0,9,9,18,1489,224,79,11,1803,0,0,0,1803
11/26/2014,LAX,CA,AWP,WE,Towers with Radar,1526,230,36,0,1792,0,0,7,1,8,1526,230,43,1,1800,0,0,0,1800
11/27/2014,LAX,CA,AWP,WE,Towers with Radar,1085,144,13,0,1242,0,0,3,4,7,1085,144,16,4,1249,0,0,0,1249
11/28/2014,LAX,CA,AWP,WE,Towers with Radar,1253,152,18,1,1424,0,0,1,9,10,1253,152,19,10,1434,0,0,0,1434
11/29/2014,LAX,CA,AWP,WE,Towers with Radar,1460,221,43,0,1724,0,0,4,2,6,1460,221,47,2,1730,0,0,0,1730
11/30/2014,LAX,CA,AWP,WE,Towers with Radar,1508,221,54,0,1783,0,1,1,0,2,1508,222,55,0,1785,0,0,0,1785
12/01/2014,LAX,CA,AWP,WE,Towers with Radar,1581,230,64,0,1875,0,0,5,8,13,1581,230,69,8,1888,0,0,0,1888
12/02/2014,LAX,CA,AWP,WE,Towers with Radar,1466,180,50,2,1698,0,0,2,4,6,1466,180,52,6,1704,0,0,0,1704
12/03/2014,LAX,CA,AWP,WE,Towers with Radar,1467,166,53,1,1687,0,0,0,1,1,1467,166,53,2,1688,0,0,0,1688
12/04/2014,LAX,CA,AWP,WE,Towers with Radar,1517,207,41,0,1765,0,0,8,3,11,1517,207,49,3,1776,0,0,0,1776
12/05/2014,LAX,CA,AWP,WE,Towers with Radar,1484,223,55,1,1763,0,0,4,6,10,1484,223,59,7,1773,0,0,0,1773
12/06/2014,LAX,CA,AWP,WE,Towers with Radar,1272,155,24,1,1452,0,0,2,3,5,1272,155,26,4,1457,0,0,0,1457
12/07/2014,LAX,CA,AWP,WE,Towers with Radar,1426,197,37,0,1660,1,0,2,3,6,1427,197,39,3,1666,0,0,0,1666
12/08/2014,LAX,CA,AWP,WE,Towers with Radar,1486,208,63,3,1760,0,0,8,4,12,1486,208,71,7,1772,0,0,0,1772
12/09/2014,LAX,CA,AWP,WE,Towers with Radar,1470,199,42,2,1713,0,0,6,5,11,1470,199,48,7,1724,0,0,0,1724
12/10/2014,LAX,CA,AWP,WE,Towers with Radar,1500,206,43,2,1751,1,0,1,3,5,1501,206,44,5,1756,0,0,0,1756
12/11/2014,LAX,CA,AWP,WE,Towers with Radar,1454,194,45,0,1693,0,0,4,7,11,1454,194,49,7,1704,0,0,0,1704
12/12/2014,LAX,CA,AWP,WE,Towers with Radar,1546,207,46,2,1801,0,0,0,2,2,1546,207,46,4,1803,0,0,0,1803
12/13/2014,LAX,CA,AWP,WE,Towers with Radar,1290,156,16,0,1462,1,0,5,0,6,1291,156,21,0,1468,0,0,0,1468
12/14/2014,LAX,CA,AWP,WE,Towers with Radar,1429,191,31,0,1651,0,0,2,1,3,1429,191,33,1,1654,0,0,0,1654
12/15/2014,LAX,CA,AWP,WE,Towers with Radar,1462,213,30,0,1705,0,0,1,2,3,1462,213,31,2,1708,0,0,0,1708
12/16/2014,LAX,CA,AWP,WE,Towers with Radar,1518,203,44,1,1766,0,0,1,5,6,1518,203,45,6,1772,0,0,0,1772
12/17/2014,LAX,CA,AWP,WE,Towers with Radar,1532,203,53,2,1790,0,0,2,5,7,1532,203,55,7,1797,0,0,0,1797
12/18/2014,LAX,CA,AWP,WE,Towers with Radar,1617,232,44,1,1894,0,2,4,3,9,1617,234,48,4,1903,0,0,0,1903
12/19/2014,LAX,CA,AWP,WE,Towers with Radar,1603,227,48,3,1881,1,0,8,7,16,1604,227,56,10,1897,0,0,0,1897
12/20/2014,LAX,CA,AWP,WE,Towers with Radar,1536,206,40,0,1782,0,0,4,1,5,1536,206,44,1,1787,0,0,0,1787
12/21/2014,LAX,CA,AWP,WE,Towers with Radar,1550,214,37,1,1802,1,0,2,1,4,1551,214,39,2,1806,0,0,0,1806
12/22/2014,LAX,CA,AWP,WE,Towers with Radar,1597,222,40,2,1861,0,0,3,0,3,1597,222,43,2,1864,0,0,0,1864
12/23/2014,LAX,CA,AWP,WE,Towers with Radar,1608,220,44,0,1872,0,0,0,3,3,1608,220,44,3,1875,0,0,0,1875
12/24/2014,LAX,CA,AWP,WE,Towers with Radar,1327,159,30,1,1517,0,0,2,3,5,1327,159,32,4,1522,0,0,0,1522
12/25/2014,LAX,CA,AWP,WE,Towers with Radar,1214,152,22,2,1390,0,0,0,0,0,1214,152,22,2,1390,0,0,0,1390
12/26/2014,LAX,CA,AWP,WE,Towers with Radar,1546,228,27,5,1806,0,0,5,0,5,1546,228,32,5,1811,0,0,0,1811
12/27/2014,LAX,CA,AWP,WE,Towers with Radar,1472,175,56,0,1703,0,0,1,0,1,1472,175,57,0,1704,0,0,0,1704
12/28/2014,LAX,CA,AWP,WE,Towers with Radar,1517,214,45,0,1776,0,0,5,0,5,1517,214,50,0,1781,0,0,0,1781
12/29/2014,LAX,CA,AWP,WE,Towers with Radar,1539,215,37,0,1791,0,0,2,5,7,1539,215,39,5,1798,0,0,0,1798
12/30/2014,LAX,CA,AWP,WE,Towers with Radar,1513,222,32,0,1767,0,0,2,0,2,1513,222,34,0,1769,0,0,0,1769
12/31/2014,LAX,CA,AWP,WE,Towers with Radar,1399,192,21,2,1614,0,0,4,2,6,1399,192,25,4,1620,0,0,0,1620
01/01/2015,LAX,CA,AWP,WE,Towers with Radar,1313,208,34,0,1555,0,0,3,2,5,1313,208,37,2,1560,0,0,0,1560
01/02/2015,LAX,CA,AWP,WE,Towers with Radar,1573,234,76,0,1883,0,0,1,2,3,1573,234,77,2,1886,0,0,0,1886
01/03/2015,LAX,CA,AWP,WE,Towers with Radar,1468,198,88,0,1754,0,0,4,1,5,1468,198,92,1,1759,0,0,0,1759
01/04/2015,LAX,CA,AWP,WE,Towers with Radar,1508,222,81,0,1811,0,0,10,0,10,1508,222,91,0,1821,0,0,0,1821
01/05/2015,LAX,CA,AWP,WE,Towers with Radar,1590,230,56,2,1878,0,1,9,5,15,1590,231,65,7,1893,0,0,0,1893
01/06/2015,LAX,CA,AWP,WE,Towers with Radar,1459,219,50,1,1729,0,0,2,2,4,1459,219,52,3,1733,0,0,0,1733
01/07/2015,LAX,CA,AWP,WE,Towers with Radar,1442,218,50,1,1711,0,0,3,4,7,1442,218,53,5,1718,0,0,0,1718
01/08/2015,LAX,CA,AWP,WE,Towers with Radar,1500,217,64,0,1781,0,0,4,2,6,1500,217,68,2,1787,0,0,0,1787
01/09/2015,LAX,CA,AWP,WE,Towers with Radar,1483,226,61,0,1770,1,0,6,8,15,1484,226,67,8,1785,0,0,0,1785
01/10/2015,LAX,CA,AWP,WE,Towers with Radar,1255,186,33,1,1475,0,0,0,5,5,1255,186,33,6,1480,0,0,0,1480
01/11/2015,LAX,CA,AWP,WE,Towers with Radar,1387,206,43,0,1636,1,0,1,1,3,1388,206,44,1,1639,0,0,0,1639
01/12/2015,LAX,CA,AWP,WE,Towers with Radar,1443,196,43,3,1685,0,0,2,6,8,1443,196,45,9,1693,0,0,0,1693
01/13/2015,LAX,CA,AWP,WE,Towers with Radar,1414,206,57,7,1684,1,0,5,3,9,1415,206,62,10,1693,0,0,0,1693
01/14/2015,LAX,CA,AWP,WE,Towers with Radar,1439,212,54,1,1706,0,0,6,0,6,1439,212,60,1,1712,0,0,0,1712
01/15/2015,LAX,CA,AWP,WE,Towers with Radar,1482,214,62,3,1761,0,1,8,6,15,1482,215,70,9,1776,0,0,0,1776
01/16/2015,LAX,CA,AWP,WE,Towers with Radar,1494,222,42,0,1758,1,0,3,7,11,1495,222,45,7,1769,0,0,0,1769
01/17/2015,LAX,CA,AWP,WE,Towers with Radar,1225,176,21,0,1422,0,0,0,2,2,1225,176,21,2,1424,0,0,0,1424
01/18/2015,LAX,CA,AWP,WE,Towers with Radar,1327,215,28,2,1572,1,0,5,1,7,1328,215,33,3,1579,0,0,0,1579
01/19/2015,LAX,CA,AWP,WE,Towers with Radar,1447,226,48,1,1722,0,0,1,1,2,1447,226,49,2,1724,0,0,0,1724
01/20/2015,LAX,CA,AWP,WE,Towers with Radar,1388,226,49,0,1663,0,0,0,0,0,1388,226,49,0,1663,0,0,0,1663
01/21/2015,LAX,CA,AWP,WE,Towers with Radar,1432,205,50,2,1689,0,0,1,8,9,1432,205,51,10,1698,0,0,0,1698
01/22/2015,LAX,CA,AWP,WE,Towers with Radar,1490,231,49,0,1770,0,0,2,6,8,1490,231,51,6,1778,0,0,0,1778
01/23/2015,LAX,CA,AWP,WE,Towers with Radar,1486,225,48,0,1759,0,0,10,7,17,1486,225,58,7,1776,0,0,0,1776
01/24/2015,LAX,CA,AWP,WE,Towers with Radar,1256,192,23,0,1471,0,0,2,5,7,1256,192,25,5,1478,0,0,0,1478
01/25/2015,LAX,CA,AWP,WE,Towers with Radar,1378,203,53,0,1634,0,0,1,1,2,1378,203,54,1,1636,0,0,0,1636
01/26/2015,LAX,CA,AWP,WE,Towers with Radar,1386,224,42,1,1653,0,0,2,13,15,1386,224,44,14,1668,0,0,0,1668
01/27/2015,LAX,CA,AWP,WE,Towers with Radar,1264,210,57,0,1531,0,0,4,5,9,1264,210,61,5,1540,0,0,0,1540
01/28/2015,LAX,CA,AWP,WE,Towers with Radar,1418,213,46,1,1678,0,0,7,11,18,1418,213,53,12,1696,0,0,0,1696
01/29/2015,LAX,CA,AWP,WE,Towers with Radar,1487,217,59,1,1764,0,1,6,3,10,1487,218,65,4,1774,0,0,0,1774
01/30/2015,LAX,CA,AWP,WE,Towers with Radar,1474,219,42,2,1737,0,0,1,6,7,1474,219,43,8,1744,0,0,0,1744
01/31/2015,LAX,CA,AWP,WE,Towers with Radar,1217,191,20,2,1430,1,1,4,6,12,1218,192,24,8,1442,0,0,0,1442
02/01/2015,LAX,CA,AWP,WE,Towers with Radar,1235,209,37,1,1482,0,1,3,8,12,1235,210,40,9,1494,0,0,0,1494
02/02/2015,LAX,CA,AWP,WE,Towers with Radar,1393,218,65,2,1678,0,0,5,0,5,1393,218,70,2,1683,0,0,0,1683
02/03/2015,LAX,CA,AWP,WE,Towers with Radar,1386,201,51,1,1639,0,0,2,5,7,1386,201,53,6,1646,0,0,0,1646
02/04/2015,LAX,CA,AWP,WE,Towers with Radar,1432,221,51,0,1704,0,0,3,0,3,1432,221,54,0,1707,0,0,0,1707
02/05/2015,LAX,CA,AWP,WE,Towers with Radar,1404,199,52,3,1658,0,0,2,1,3,1404,199,54,4,1661,0,0,0,1661
02/06/2015,LAX,CA,AWP,WE,Towers with Radar,1469,214,64,5,1752,0,0,2,3,5,1469,214,66,8,1757,0,0,0,1757
02/07/2015,LAX,CA,AWP,WE,Towers with Radar,1234,186,49,0,1469,0,0,0,2,2,1234,186,49,2,1471,0,0,0,1471
02/08/2015,LAX,CA,AWP,WE,Towers with Radar,1344,221,40,6,1611,0,0,2,1,3,1344,221,42,7,1614,0,0,0,1614
02/09/2015,LAX,CA,AWP,WE,Towers with Radar,1425,229,51,0,1705,0,0,5,5,10,1425,229,56,5,1715,0,0,0,1715
02/10/2015,LAX,CA,AWP,WE,Towers with Radar,1399,224,58,0,1681,0,0,1,9,10,1399,224,59,9,1691,0,0,0,1691
02/11/2015,LAX,CA,AWP,WE,Towers with Radar,1446,220,61,0,1727,0,0,7,13,20,1446,220,68,13,1747,0,0,0,1747
02/12/2015,LAX,CA,AWP,WE,Towers with Radar,1523,219,51,3,1796,0,0,9,11,20,1523,219,60,14,1816,0,0,0,1816
02/13/2015,LAX,CA,AWP,WE,Towers with Radar,1518,224,51,4,1797,0,0,11,5,16,1518,224,62,9,1813,0,0,0,1813
02/14/2015,LAX,CA,AWP,WE,Towers with Radar,1266,198,21,1,1486,1,0,7,3,11,1267,198,28,4,1497,0,0,0,1497
02/15/2015,LAX,CA,AWP,WE,Towers with Radar,1328,201,32,0,1561,1,0,3,0,4,1329,201,35,0,1565,0,0,0,1565
02/16/2015,LAX,CA,AWP,WE,Towers with Radar,1453,208,68,2,1731,0,0,4,1,5,1453,208,72,3,1736,0,0,0,1736
02/17/2015,LAX,CA,AWP,WE,Towers with Radar,1451,215,37,1,1704,1,0,6,1,8,1452,215,43,2,1712,0,0,0,1712
02/18/2015,LAX,CA,AWP,WE,Towers with Radar,1473,229,46,0,1748,1,0,5,6,12,1474,229,51,6,1760,0,0,0,1760
02/19/2015,LAX,CA,AWP,WE,Towers with Radar,1528,209,57,0,1794,0,0,1,11,12,1528,209,58,11,1806,0,0,0,1806
02/20/2015,LAX,CA,AWP,WE,Towers with Radar,1527,214,69,2,1812,0,0,5,9,14,1527,214,74,11,1826,0,0,0,1826
02/21/2015,LAX,CA,AWP,WE,Towers with Radar,1262,186,34,0,1482,0,0,3,6,9,1262,186,37,6,1491,0,0,0,1491
02/22/2015,LAX,CA,AWP,WE,Towers with Radar,1391,208,49,0,1648,0,0,0,0,0,1391,208,49,0,1648,0,0,0,1648
02/23/2015,LAX,CA,AWP,WE,Towers with Radar,1480,212,61,0,1753,0,1,1,5,7,1480,213,62,5,1760,0,0,0,1760
02/24/2015,LAX,CA,AWP,WE,Towers with Radar,1444,218,43,1,1706,1,0,6,3,10,1445,218,49,4,1716,0,0,0,1716
02/25/2015,LAX,CA,AWP,WE,Towers with Radar,1470,221,63,0,1754,0,1,4,4,9,1470,222,67,4,1763,0,0,0,1763
02/26/2015,LAX,CA,AWP,WE,Towers with Radar,1524,205,55,2,1786,0,0,7,2,9,1524,205,62,4,1795,0,0,0,1795
02/27/2015,LAX,CA,AWP,WE,Towers with Radar,1509,205,53,0,1767,0,0,7,1,8,1509,205,60,1,1775,0,0,0,1775
02/28/2015,LAX,CA,AWP,WE,Towers with Radar,1250,185,50,0,1485,0,0,0,3,3,1250,185,50,3,1488,0,0,0,1488
03/01/2015,LAX,CA,AWP,WE,Towers with Radar,1382,200,48,0,1630,0,0,2,0,2,1382,200,50,0,1632,0,0,0,1632
03/02/2015,LAX,CA,AWP,WE,Towers with Radar,1506,193,31,0,1730,0,0,1,0,1,1506,193,32,0,1731,0,0,0,1731
03/03/2015,LAX,CA,AWP,WE,Towers with Radar,1457,203,59,2,1721,0,0,0,2,2,1457,203,59,4,1723,0,0,0,1723
03/04/2015,LAX,CA,AWP,WE,Towers with Radar,1481,189,59,0,1729,0,0,4,7,11,1481,189,63,7,1740,0,0,0,1740
03/05/2015,LAX,CA,AWP,WE,Towers with Radar,1476,205,54,1,1736,0,1,8,4,13,1476,206,62,5,1749,0,0,0,1749
03/06/2015,LAX,CA,AWP,WE,Towers with Radar,1523,202,35,1,1761,1,0,11,8,20,1524,202,46,9,1781,0,0,0,1781
03/07/2015,LAX,CA,AWP,WE,Towers with Radar,1369,194,48,1,1612,0,0,4,2,6,1369,194,52,3,1618,0,0,0,1618
03/08/2015,LAX,CA,AWP,WE,Towers with Radar,1454,200,19,4,1677,0,0,4,2,6,1454,200,23,6,1683,0,0,0,1683
03/09/2015,LAX,CA,AWP,WE,Towers with Radar,1538,210,56,4,1808,0,0,0,6,6,1538,210,56,10,1814,0,0,0,1814
03/10/2015,LAX,CA,AWP,WE,Towers with Radar,1504,210,34,3,1751,2,0,0,15,17,1506,210,34,18,1768,0,0,0,1768
03/11/2015,LAX,CA,AWP,WE,Towers with Radar,1501,226,47,1,1775,1,0,6,6,13,1502,226,53,7,1788,0,0,0,1788
03/12/2015,LAX,CA,AWP,WE,Towers with Radar,1568,211,37,0,1816,0,0,4,13,17,1568,211,41,13,1833,0,0,0,1833
03/13/2015,LAX,CA,AWP,WE,Towers with Radar,1560,192,43,1,1796,0,0,2,7,9,1560,192,45,8,1805,0,0,0,1805
03/14/2015,LAX,CA,AWP,WE,Towers with Radar,1355,202,40,2,1599,0,0,4,3,7,1355,202,44,5,1606,0,0,0,1606
03/15/2015,LAX,CA,AWP,WE,Towers with Radar,1482,217,40,0,1739,0,0,6,3,9,1482,217,46,3,1748,0,0,0,1748
03/16/2015,LAX,CA,AWP,WE,Towers with Radar,1544,206,42,1,1793,0,0,2,4,6,1544,206,44,5,1799,0,0,0,1799
03/17/2015,LAX,CA,AWP,WE,Towers with Radar,1505,204,38,0,1747,0,0,2,2,4,1505,204,40,2,1751,0,0,0,1751
03/18/2015,LAX,CA,AWP,WE,Towers with Radar,1504,212,48,0,1764,0,0,5,2,7,1504,212,53,2,1771,0,0,0,1771
03/19/2015,LAX,CA,AWP,WE,Towers with Radar,1563,211,56,0,1830,0,0,6,4,10,1563,211,62,4,1840,0,0,0,1840
03/20/2015,LAX,CA,AWP,WE,Towers with Radar,1532,217,78,2,1829,0,0,8,5,13,1532,217,86,7,1842,0,0,0,1842
03/21/2015,LAX,CA,AWP,WE,Towers with Radar,1386,205,28,1,1620,0,0,4,4,8,1386,205,32,5,1628,0,0,0,1628
03/22/2015,LAX,CA,AWP,WE,Towers with Radar,1464,189,52,0,1705,0,0,8,1,9,1464,189,60,1,1714,0,0,0,1714
03/23/2015,LAX,CA,AWP,WE,Towers with Radar,1541,195,53,0,1789,0,0,5,1,6,1541,195,58,1,1795,0,0,0,1795
03/24/2015,LAX,CA,AWP,WE,Towers with Radar,1510,205,52,0,1767,0,0,8,6,14,1510,205,60,6,1781,0,0,0,1781
03/25/2015,LAX,CA,AWP,WE,Towers with Radar,1515,221,50,3,1789,1,0,3,2,6,1516,221,53,5,1795,0,0,0,1795
03/26/2015,LAX,CA,AWP,WE,Towers with Radar,1553,229,72,2,1856,0,0,0,1,1,1553,229,72,3,1857,0,0,0,1857
03/27/2015,LAX,CA,AWP,WE,Towers with Radar,1578,205,53,4,1840,1,0,6,2,9,1579,205,59,6,1849,0,0,0,1849
03/28/2015,LAX,CA,AWP,WE,Towers with Radar,1387,191,50,1,1629,0,0,5,0,5,1387,191,55,1,1634,0,0,0,1634
03/29/2015,LAX,CA,AWP,WE,Towers with Radar,1487,207,41,2,1737,0,0,4,2,6,1487,207,45,4,1743,0,0,0,1743
03/30/2015,LAX,CA,AWP,WE,Towers with Radar,1570,208,41,1,1820,0,0,4,12,16,1570,208,45,13,1836,0,0,0,1836
03/31/2015,LAX,CA,AWP,WE,Towers with Radar,1509,223,47,3,1782,0,0,5,2,7,1509,223,52,5,1789,0,0,0,1789
04/01/2015,LAX,CA,AWP,WE,Towers with Radar,1531,212,50,0,1793,1,0,2,2,5,1532,212,52,2,1798,0,0,0,1798
04/02/2015,LAX,CA,AWP,WE,Towers with Radar,1568,220,75,0,1863,0,0,0,7,7,1568,220,75,7,1870,0,0,0,1870
04/03/2015,LAX,CA,AWP,WE,Towers with Radar,1556,207,55,0,1818,0,0,6,6,12,1556,207,61,6,1830,0,0,0,1830
04/04/2015,LAX,CA,AWP,WE,Towers with Radar,1319,188,41,0,1548,0,0,2,3,5,1319,188,43,3,1553,0,0,0,1553
04/05/2015,LAX,CA,AWP,WE,Towers with Radar,1436,199,36,0,1671,0,0,1,1,2,1436,199,37,1,1673,0,0,0,1673
04/06/2015,LAX,CA,AWP,WE,Towers with Radar,1521,204,47,0,1772,0,0,5,2,7,1521,204,52,2,1779,0,0,0,1779
04/07/2015,LAX,CA,AWP,WE,Towers with Radar,1485,186,54,5,1730,0,0,4,3,7,1485,186,58,8,1737,0,0,0,1737
04/08/2015,LAX,CA,AWP,WE,Towers with Radar,1544,189,47,1,1781,0,0,5,4,9,1544,189,52,5,1790,0,0,0,1790
04/09/2015,LAX,CA,AWP,WE,Towers with Radar,1559,199,69,1,1828,1,0,4,12,17,1560,199,73,13,1845,0,0,0,1845
04/10/2015,LAX,CA,AWP,WE,Towers with Radar,1594,185,42,2,1823,0,0,13,8,21,1594,185,55,10,1844,0,0,0,1844
04/11/2015,LAX,CA,AWP,WE,Towers with Radar,1366,159,40,1,1566,0,1,3,3,7,1366,160,43,4,1573,0,0,0,1573
04/12/2015,LAX,CA,AWP,WE,Towers with Radar,1488,183,49,1,1721,0,1,0,3,4,1488,184,49,4,1725,0,0,0,1725
04/13/2015,LAX,CA,AWP,WE,Towers with Radar,1551,186,54,11,1802,0,0,9,4,13,1551,186,63,15,1815,0,0,0,1815
04/14/2015,LAX,CA,AWP,WE,Towers with Radar,1506,175,52,3,1736,0,0,2,2,4,1506,175,54,5,1740,0,0,0,1740
04/15/2015,LAX,CA,AWP,WE,Towers with Radar,1497,193,48,3,1741,1,1,5,3,10,1498,194,53,6,1751,0,0,0,1751
04/16/2015,LAX,CA,AWP,WE,Towers with Radar,1533,183,51,0,1767,1,0,7,5,13,1534,183,58,5,1780,0,0,0,1780
04/17/2015,LAX,CA,AWP,WE,Towers with Radar,1568,184,52,1,1805,0,0,4,10,14,1568,184,56,11,1819,0,0,0,1819
04/18/2015,LAX,CA,AWP,WE,Towers with Radar,1352,159,52,9,1572,0,0,1,2,3,1352,159,53,11,1575,0,0,0,1575
04/19/2015,LAX,CA,AWP,WE,Towers with Radar,1487,189,45,2,1723,0,0,1,1,2,1487,189,46,3,1725,0,0,0,1725
04/20/2015,LAX,CA,AWP,WE,Towers with Radar,1526,174,57,2,1759,0,0,7,3,10,1526,174,64,5,1769,0,0,0,1769
04/21/2015,LAX,CA,AWP,WE,Towers with Radar,1510,175,50,0,1735,0,0,0,6,6,1510,175,50,6,1741,0,0,0,1741
04/22/2015,LAX,CA,AWP,WE,Towers with Radar,1529,190,54,5,1778,1,0,4,3,8,1530,190,58,8,1786,0,0,0,1786
04/23/2015,LAX,CA,AWP,WE,Towers with Radar,1573,193,37,0,1803,0,0,3,10,13,1573,193,40,10,1816,0,0,0,1816
04/24/2015,LAX,CA,AWP,WE,Towers with Radar,1553,183,42,1,1779,0,0,3,9,12,1553,183,45,10,1791,0,0,0,1791
04/25/2015,LAX,CA,AWP,WE,Towers with Radar,1368,166,47,1,1582,0,0,1,0,1,1368,166,48,1,1583,0,0,0,1583
04/26/2015,LAX,CA,AWP,WE,Towers with Radar,1476,201,57,1,1735,2,0,4,2,8,1478,201,61,3,1743,0,0,0,1743
04/27/2015,LAX,CA,AWP,WE,Towers with Radar,1546,203,60,1,1810,0,0,5,4,9,1546,203,65,5,1819,0,0,0,1819
04/28/2015,LAX,CA,AWP,WE,Towers with Radar,1514,188,66,1,1769,0,0,6,5,11,1514,188,72,6,1780,0,0,0,1780
04/29/2015,LAX,CA,AWP,WE,Towers with Radar,1552,202,66,1,1821,1,0,2,4,7,1553,202,68,5,1828,0,0,0,1828
04/30/2015,LAX,CA,AWP,WE,Towers with Radar,1573,193,78,0,1844,0,0,6,2,8,1573,193,84,2,1852,0,0,0,1852
05/01/2015,LAX,CA,AWP,WE,Towers with Radar,1591,186,84,0,1861,1,0,11,3,15,1592,186,95,3,1876,0,0,0,1876
05/02/2015,LAX,CA,AWP,WE,Towers with Radar,1379,162,26,0,1567,0,0,1,2,3,1379,162,27,2,1570,0,0,0,1570
05/03/2015,LAX,CA,AWP,WE,Towers with Radar,1511,185,56,0,1752,0,0,2,3,5,1511,185,58,3,1757,0,0,0,1757
05/04/2015,LAX,CA,AWP,WE,Towers with Radar,1569,190,57,0,1816,0,0,4,7,11,1569,190,61,7,1827,0,0,0,1827
05/05/2015,LAX,CA,AWP,WE,Towers with Radar,1541,185,53,1,1780,0,0,1,3,4,1541,185,54,4,1784,0,0,0,1784
05/06/2015,LAX,CA,AWP,WE,Towers with Radar,1577,168,59,0,1804,1,0,1,6,8,1578,168,60,6,1812,0,0,0,1812
05/07/2015,LAX,CA,AWP,WE,Towers with Radar,1595,171,52,3,1821,0,0,5,5,10,1595,171,57,8,1831,0,0,0,1831
05/08/2015,LAX,CA,AWP,WE,Towers with Radar,1587,166,57,1,1811,1,0,0,2,3,1588,166,57,3,1814,0,0,0,1814
05/09/2015,LAX,CA,AWP,WE,Towers with Radar,1385,140,34,1,1560,2,0,3,6,11,1387,140,37,7,1571,0,0,0,1571
05/10/2015,LAX,CA,AWP,WE,Towers with Radar,1502,147,35,0,1684,0,0,6,3,9,1502,147,41,3,1693,0,0,0,1693
05/11/2015,LAX,CA,AWP,WE,Towers with Radar,1595,152,52,0,1799,0,0,64,1,65,1595,152,116,1,1864,0,0,0,1864
05/12/2015,LAX,CA,AWP,WE,Towers with Radar,1560,158,40,0,1758,0,1,4,2,7,1560,159,44,2,1765,0,0,0,1765
05/13/2015,LAX,CA,AWP,WE,Towers with Radar,1585,174,45,3,1807,0,1,2,0,3,1585,175,47,3,1810,0,0,0,1810
05/14/2015,LAX,CA,AWP,WE,Towers with Radar,1617,174,50,3,1844,0,0,0,2,2,1617,174,50,5,1846,0,0,0,1846
05/15/2015,LAX,CA,AWP,WE,Towers with Radar,1634,171,66,1,1872,0,0,2,3,5,1634,171,68,4,1877,0,0,0,1877
05/16/2015,LAX,CA,AWP,WE,Towers with Radar,1405,144,48,3,1600,0,0,2,3,5,1405,144,50,6,1605,0,0,0,1605
05/17/2015,LAX,CA,AWP,WE,Towers with Radar,1537,159,54,0,1750,0,0,2,2,4,1537,159,56,2,1754,0,0,0,1754
05/18/2015,LAX,CA,AWP,WE,Towers with Radar,1583,165,49,2,1799,0,0,5,2,7,1583,165,54,4,1806,0,0,0,1806
05/19/2015,LAX,CA,AWP,WE,Towers with Radar,1561,164,51,0,1776,0,0,3,5,8,1561,164,54,5,1784,0,0,0,1784
05/20/2015,LAX,CA,AWP,WE,Towers with Radar,1603,161,71,0,1835,1,0,6,9,16,1604,161,77,9,1851,0,0,0,1851
05/21/2015,LAX,CA,AWP,WE,Towers with Radar,1639,158,61,0,1858,1,0,4,3,8,1640,158,65,3,1866,0,0,0,1866
05/22/2015,LAX,CA,AWP,WE,Towers with Radar,1640,169,45,0,1854,0,0,4,4,8,1640,169,49,4,1862,0,0,0,1862
05/23/2015,LAX,CA,AWP,WE,Towers with Radar,1368,146,26,0,1540,0,0,5,4,9,1368,146,31,4,1549,0,0,0,1549
05/24/2015,LAX,CA,AWP,WE,Towers with Radar,1352,142,40,0,1534,0,0,2,1,3,1352,142,42,1,1537,0,0,0,1537
05/25/2015,LAX,CA,AWP,WE,Towers with Radar,1515,173,58,0,1746,0,0,2,2,4,1515,173,60,2,1750,0,0,0,1750
05/26/2015,LAX,CA,AWP,WE,Towers with Radar,1564,160,61,0,1785,2,0,4,2,8,1566,160,65,2,1793,0,0,0,1793
05/27/2015,LAX,CA,AWP,WE,Towers with Radar,1607,172,58,2,1839,0,0,2,1,3,1607,172,60,3,1842,0,0,0,1842
05/28/2015,LAX,CA,AWP,WE,Towers with Radar,1680,162,43,1,1886,0,0,6,4,10,1680,162,49,5,1896,0,0,0,1896
05/29/2015,LAX,CA,AWP,WE,Towers with Radar,1620,164,33,0,1817,0,0,0,0,0,1620,164,33,0,1817,0,0,0,1817
05/30/2015,LAX,CA,AWP,WE,Towers with Radar,1431,139,24,0,1594,0,0,0,0,0,1431,139,24,0,1594,0,0,0,1594
05/31/2015,LAX,CA,AWP,WE,Towers with Radar,1539,162,46,0,1747,1,0,4,1,6,1540,162,50,1,1753,0,0,0,1753
06/01/2015,LAX,CA,AWP,WE,Towers with Radar,1609,154,43,0,1806,0,1,2,2,5,1609,155,45,2,1811,0,0,0,1811
06/02/2015,LAX,CA,AWP,WE,Towers with Radar,1607,160,51,1,1819,0,0,2,3,5,1607,160,53,4,1824,0,0,0,1824
06/03/2015,LAX,CA,AWP,WE,Towers with Radar,1619,151,57,3,1830,0,0,7,11,18,1619,151,64,14,1848,0,0,0,1848
06/04/2015,LAX,CA,AWP,WE,Towers with Radar,1692,164,48,2,1906,0,0,2,2,4,1692,164,50,4,1910,0,0,0,1910
06/05/2015,LAX,CA,AWP,WE,Towers with Radar,1668,151,37,1,1857,0,0,4,2,6,1668,151,41,3,1863,0,0,0,1863
06/06/2015,LAX,CA,AWP,WE,Towers with Radar,1511,139,27,1,1678,1,0,1,2,4,1512,139,28,3,1682,0,0,0,1682
06/07/2015,LAX,CA,AWP,WE,Towers with Radar,1609,154,28,1,1792,1,0,1,4,6,1610,154,29,5,1798,0,0,0,1798
06/08/2015,LAX,CA,AWP,WE,Towers with Radar,1672,163,39,4,1878,0,0,6,2,8,1672,163,45,6,1886,0,0,0,1886
06/09/2015,LAX,CA,AWP,WE,Towers with Radar,1655,169,36,1,1861,2,0,1,1,4,1657,169,37,2,1865,0,0,0,1865
06/10/2015,LAX,CA,AWP,WE,Towers with Radar,1680,167,53,4,1904,0,0,0,5,5,1680,167,53,9,1909,0,0,0,1909
06/11/2015,LAX,CA,AWP,WE,Towers with Radar,1700,167,63,5,1935,0,0,1,4,5,1700,167,64,9,1940,0,0,0,1940
06/12/2015,LAX,CA,AWP,WE,Towers with Radar,1691,160,66,0,1917,0,0,0,0,0,1691,160,66,0,1917,0,0,0,1917
06/13/2015,LAX,CA,AWP,WE,Towers with Radar,1522,139,38,0,1699,0,0,0,0,0,1522,139,38,0,1699,0,0,0,1699
06/14/2015,LAX,CA,AWP,WE,Towers with Radar,1632,159,56,0,1847,0,0,2,1,3,1632,159,58,1,1850,0,0,0,1850
06/15/2015,LAX,CA,AWP,WE,Towers with Radar,1658,166,47,4,1875,0,1,4,1,6,1658,167,51,5,1881,0,0,0,1881
06/16/2015,LAX,CA,AWP,WE,Towers with Radar,1652,154,47,0,1853,0,0,0,1,1,1652,154,47,1,1854,0,0,0,1854
06/17/2015,LAX,CA,AWP,WE,Towers with Radar,1674,167,56,6,1903,0,0,3,3,6,1674,167,59,9,1909,0,0,0,1909
06/18/2015,LAX,CA,AWP,WE,Towers with Radar,1696,151,32,2,1881,0,0,0,2,2,1696,151,32,4,1883,0,0,0,1883
06/19/2015,LAX,CA,AWP,WE,Towers with Radar,1705,148,40,4,1897,0,0,3,11,14,1705,148,43,15,1911,0,0,0,1911
06/20/2015,LAX,CA,AWP,WE,Towers with Radar,1535,150,22,0,1707,0,0,2,1,3,1535,150,24,1,1710,0,0,0,1710
06/21/2015,LAX,CA,AWP,WE,Towers with Radar,1627,168,27,0,1822,0,0,1,6,7,1627,168,28,6,1829,0,0,0,1829
06/22/2015,LAX,CA,AWP,WE,Towers with Radar,1692,169,53,0,1914,0,0,5,1,6,1692,169,58,1,1920,0,0,0,1920
06/23/2015,LAX,CA,AWP,WE,Towers with Radar,1653,156,54,0,1863,1,0,8,2,11,1654,156,62,2,1874,0,0,0,1874
06/24/2015,LAX,CA,AWP,WE,Towers with Radar,1715,172,49,0,1936,0,0,3,3,6,1715,172,52,3,1942,0,0,0,1942
06/25/2015,LAX,CA,AWP,WE,Towers with Radar,1741,157,39,3,1940,0,0,1,2,3,1741,157,40,5,1943,0,0,0,1943
06/26/2015,LAX,CA,AWP,WE,Towers with Radar,1721,155,62,1,1939,1,0,1,1,3,1722,155,63,2,1942,0,0,0,1942
06/27/2015,LAX,CA,AWP,WE,Towers with Radar,1522,155,24,1,1702,1,0,5,1,7,1523,155,29,2,1709,0,0,0,1709
06/28/2015,LAX,CA,AWP,WE,Towers with Radar,1621,150,36,1,1808,1,1,1,1,4,1622,151,37,2,1812,0,0,0,1812
06/29/2015,LAX,CA,AWP,WE,Towers with Radar,1667,156,49,1,1873,0,0,9,3,12,1667,156,58,4,1885,0,0,0,1885
06/30/2015,LAX,CA,AWP,WE,Towers with Radar,1609,156,53,3,1821,0,0,7,3,10,1609,156,60,6,1831,0,0,0,1831
07/01/2015,LAX,CA,AWP,WE,Towers with Radar,1717,155,44,0,1916,0,0,16,3,19,1717,155,60,3,1935,0,0,0,1935
07/02/2015,LAX,CA,AWP,WE,Towers with Radar,1742,145,31,10,1928,0,0,2,2,4,1742,145,33,12,1932,0,0,0,1932
07/03/2015,LAX,CA,AWP,WE,Towers with Radar,1514,133,19,1,1667,0,0,1,1,2,1514,133,20,2,1669,0,0,0,1669
07/04/2015,LAX,CA,AWP,WE,Towers with Radar,1371,136,16,2,1525,0,0,3,3,6,1371,136,19,5,1531,0,0,0,1531
07/05/2015,LAX,CA,AWP,WE,Towers with Radar,1642,164,28,1,1835,0,0,3,0,3,1642,164,31,1,1838,0,0,0,1838
07/06/2015,LAX,CA,AWP,WE,Towers with Radar,1680,166,50,2,1898,0,0,0,2,2,1680,166,50,4,1900,1,0,1,1901
07/07/2015,LAX,CA,AWP,WE,Towers with Radar,1694,163,47,0,1904,1,0,4,4,9,1695,163,51,4,1913,0,0,0,1913
07/08/2015,LAX,CA,AWP,WE,Towers with Radar,1683,160,41,3,1887,0,0,3,2,5,1683,160,44,5,1892,0,0,0,1892
07/09/2015,LAX,CA,AWP,WE,Towers with Radar,1735,157,53,2,1947,0,0,4,4,8,1735,157,57,6,1955,0,0,0,1955
07/10/2015,LAX,CA,AWP,WE,Towers with Radar,1734,162,55,1,1952,0,0,8,2,10,1734,162,63,3,1962,0,0,0,1962
07/11/2015,LAX,CA,AWP,WE,Towers with Radar,1569,143,21,0,1733,1,0,5,2,8,1570,143,26,2,1741,0,0,0,1741
07/12/2015,LAX,CA,AWP,WE,Towers with Radar,1656,152,42,0,1850,0,0,0,2,2,1656,152,42,2,1852,0,0,0,1852
07/13/2015,LAX,CA,AWP,WE,Towers with Radar,1716,168,44,2,1930,0,0,2,2,4,1716,168,46,4,1934,0,0,0,1934
07/14/2015,LAX,CA,AWP,WE,Towers with Radar,1702,163,47,3,1915,0,0,5,2,7,1702,163,52,5,1922,3,0,3,1925
07/15/2015,LAX,CA,AWP,WE,Towers with Radar,1720,164,52,1,1937,0,0,3,5,8,1720,164,55,6,1945,0,0,0,1945
07/16/2015,LAX,CA,AWP,WE,Towers with Radar,1796,163,47,3,2009,0,0,2,1,3,1796,163,49,4,2012,0,0,0,2012
07/17/2015,LAX,CA,AWP,WE,Towers with Radar,1738,154,23,3,1918,0,0,3,2,5,1738,154,26,5,1923,0,0,0,1923
07/18/2015,LAX,CA,AWP,WE,Towers with Radar,1524,109,23,4,1660,0,0,0,0,0,1524,109,23,4,1660,0,0,0,1660
07/19/2015,LAX,CA,AWP,WE,Towers with Radar,1639,124,29,2,1794,0,0,0,2,2,1639,124,29,4,1796,0,0,0,1796
07/20/2015,LAX,CA,AWP,WE,Towers with Radar,1707,143,42,2,1894,0,0,3,1,4,1707,143,45,3,1898,0,0,0,1898
07/21/2015,LAX,CA,AWP,WE,Towers with Radar,1742,154,47,6,1949,0,0,0,4,4,1742,154,47,10,1953,0,0,0,1953
07/22/2015,LAX,CA,AWP,WE,Towers with Radar,1740,165,63,1,1969,0,0,1,6,7,1740,165,64,7,1976,0,0,0,1976
07/23/2015,LAX,CA,AWP,WE,Towers with Radar,1742,141,47,2,1932,0,0,6,5,11,1742,141,53,7,1943,0,0,0,1943
07/24/2015,LAX,CA,AWP,WE,Towers with Radar,1775,178,45,2,2000,0,0,5,2,7,1775,178,50,4,2007,0,0,0,2007
07/25/2015,LAX,CA,AWP,WE,Towers with Radar,1551,149,22,2,1724,0,0,3,3,6,1551,149,25,5,1730,0,0,0,1730
07/26/2015,LAX,CA,AWP,WE,Towers with Radar,1682,168,36,3,1889,0,0,3,4,7,1682,168,39,7,1896,0,0,0,1896
07/27/2015,LAX,CA,AWP,WE,Towers with Radar,1728,153,53,3,1937,0,0,1,7,8,1728,153,54,10,1945,0,0,0,1945
07/28/2015,LAX,CA,AWP,WE,Towers with Radar,1706,152,63,1,1922,0,0,3,13,16,1706,152,66,14,1938,0,0,0,1938
07/29/2015,LAX,CA,AWP,WE,Towers with Radar,1728,150,42,2,1922,0,0,10,6,16,1728,150,52,8,1938,0,0,0,1938
07/30/2015,LAX,CA,AWP,WE,Towers with Radar,1708,159,43,0,1910,1,0,6,5,12,1709,159,49,5,1922,0,0,0,1922
07/31/2015,LAX,CA,AWP,WE,Towers with Radar,1765,147,31,0,1943,1,0,4,15,20,1766,147,35,15,1963,0,0,0,1963
08/01/2015,LAX,CA,AWP,WE,Towers with Radar,1605,172,46,0,1823,0,0,9,0,9,1605,172,55,0,1832,2,0,2,1834
08/02/2015,LAX,CA,AWP,WE,Towers with Radar,1649,208,50,0,1907,0,0,5,1,6,1649,208,55,1,1913,0,0,0,1913
08/03/2015,LAX,CA,AWP,WE,Towers with Radar,1737,206,57,1,2001,1,0,9,12,22,1738,206,66,13,2023,0,0,0,2023
08/04/2015,LAX,CA,AWP,WE,Towers with Radar,1711,197,51,1,1960,0,0,14,6,20,1711,197,65,7,1980,0,0,0,1980
08/05/2015,LAX,CA,AWP,WE,Towers with Radar,1718,189,48,0,1955,0,0,19,13,32,1718,189,67,13,1987,0,0,0,1987
08/06/2015,LAX,CA,AWP,WE,Towers with Radar,1763,182,53,2,2000,2,0,15,2,19,1765,182,68,4,2019,0,0,0,2019
08/07/2015,LAX,CA,AWP,WE,Towers with Radar,1739,194,59,0,1992,0,0,13,3,16,1739,194,72,3,2008,0,0,0,2008
08/08/2015,LAX,CA,AWP,WE,Towers with Radar,1577,169,40,2,1788,0,1,15,3,19,1577,170,55,5,1807,0,0,0,1807
08/09/2015,LAX,CA,AWP,WE,Towers with Radar,1649,188,45,1,1883,0,0,2,2,4,1649,188,47,3,1887,0,0,0,1887
08/10/2015,LAX,CA,AWP,WE,Towers with Radar,1728,210,79,1,2018,0,1,6,8,15,1728,211,85,9,2033,0,0,0,2033
08/11/2015,LAX,CA,AWP,WE,Towers with Radar,1667,190,48,0,1905,0,1,22,7,30,1667,191,70,7,1935,0,0,0,1935
08/12/2015,LAX,CA,AWP,WE,Towers with Radar,1719,199,62,3,1983,0,0,6,3,9,1719,199,68,6,1992,0,0,0,1992
08/13/2015,LAX,CA,AWP,WE,Towers with Radar,1741,206,67,2,2016,0,1,9,9,19,1741,207,76,11,2035,0,0,0,2035
08/14/2015,LAX,CA,AWP,WE,Towers with Radar,1732,207,42,0,1981,0,0,9,9,18,1732,207,51,9,1999,0,0,0,1999
08/15/2015,LAX,CA,AWP,WE,Towers with Radar,1533,173,35,2,1743,0,0,4,3,7,1533,173,39,5,1750,0,0,0,1750
08/16/2015,LAX,CA,AWP,WE,Towers with Radar,1661,205,53,0,1919,0,0,2,3,5,1661,205,55,3,1924,0,0,0,1924
08/17/2015,LAX,CA,AWP,WE,Towers with Radar,1711,191,67,4,1973,0,0,10,3,13,1711,191,77,7,1986,0,0,0,1986
08/18/2015,LAX,CA,AWP,WE,Towers with Radar,1643,202,53,5,1903,0,0,2,10,12,1643,202,55,15,1915,0,0,0,1915
08/19/2015,LAX,CA,AWP,WE,Towers with Radar,1662,214,62,2,1940,0,0,6,15,21,1662,214,68,17,1961,0,0,0,1961
08/20/2015,LAX,CA,AWP,WE,Towers with Radar,1700,183,43,7,1933,1,0,11,11,23,1701,183,54,18,1956,0,0,0,1956
08/21/2015,LAX,CA,AWP,WE,Towers with Radar,1712,184,51,0,1947,0,2,9,4,15,1712,186,60,4,1962,0,0,0,1962
08/22/2015,LAX,CA,AWP,WE,Towers with Radar,1452,173,35,1,1661,0,0,4,4,8,1452,173,39,5,1669,0,0,0,1669
08/23/2015,LAX,CA,AWP,WE,Towers with Radar,1610,190,49,1,1850,0,0,4,3,7,1610,190,53,4,1857,0,0,0,1857
08/24/2015,LAX,CA,AWP,WE,Towers with Radar,1638,209,57,1,1905,0,0,5,6,11,1638,209,62,7,1916,0,0,0,1916
08/25/2015,LAX,CA,AWP,WE,Towers with Radar,1621,205,57,4,1887,0,0,6,23,29,1621,205,63,27,1916,0,0,0,1916
08/26/2015,LAX,CA,AWP,WE,Towers with Radar,1672,194,61,0,1927,0,0,12,9,21,1672,194,73,9,1948,0,0,0,1948
08/27/2015,LAX,CA,AWP,WE,Towers with Radar,1705,185,56,1,1947,0,0,10,6,16,1705,185,66,7,1963,2,0,2,1965
08/28/2015,LAX,CA,AWP,WE,Towers with Radar,1679,191,35,0,1905,0,0,8,6,14,1679,191,43,6,1919,0,0,0,1919
08/29/2015,LAX,CA,AWP,WE,Towers with Radar,1439,181,42,0,1662,0,0,5,1,6,1439,181,47,1,1668,0,0,0,1668
08/30/2015,LAX,CA,AWP,WE,Towers with Radar,1591,192,50,0,1833,0,0,6,3,9,1591,192,56,3,1842,0,0,0,1842
08/31/2015,LAX,CA,AWP,WE,Towers with Radar,1633,194,51,0,1878,0,0,2,8,10,1633,194,53,8,1888,0,0,0,1888
09/01/2015,LAX,CA,AWP,WE,Towers with Radar,1582,206,68,1,1857,0,0,7,13,20,1582,206,75,14,1877,0,0,0,1877
09/02/2015,LAX,CA,AWP,WE,Towers with Radar,1651,212,61,0,1924,0,0,9,9,18,1651,212,70,9,1942,0,0,0,1942
09/03/2015,LAX,CA,AWP,WE,Towers with Radar,1702,201,48,1,1952,0,1,8,6,15,1702,202,56,7,1967,0,0,0,1967
09/04/2015,LAX,CA,AWP,WE,Towers with Radar,1671,209,77,1,1958,0,0,17,8,25,1671,209,94,9,1983,0,0,0,1983
09/05/2015,LAX,CA,AWP,WE,Towers with Radar,1357,179,53,0,1589,0,0,4,3,7,1357,179,57,3,1596,0,0,0,1596
09/06/2015,LAX,CA,AWP,WE,Towers with Radar,1424,171,35,0,1630,0,0,4,6,10,1424,171,39,6,1640,0,0,0,1640
09/07/2015,LAX,CA,AWP,WE,Towers with Radar,1534,214,64,0,1812,0,0,4,3,7,1534,214,68,3,1819,0,0,0,1819
09/08/2015,LAX,CA,AWP,WE,Towers with Radar,1522,184,73,0,1779,0,0,1,4,5,1522,184,74,4,1784,0,0,0,1784
09/09/2015,LAX,CA,AWP,WE,Towers with Radar,1541,155,86,0,1782,0,1,5,2,8,1541,156,91,2,1790,0,0,0,1790
09/10/2015,LAX,CA,AWP,WE,Towers with Radar,1568,168,79,2,1817,0,0,9,9,18,1568,168,88,11,1835,0,0,0,1835
09/11/2015,LAX,CA,AWP,WE,Towers with Radar,1577,163,39,2,1781,0,0,11,3,14,1577,163,50,5,1795,0,0,0,1795
09/12/2015,LAX,CA,AWP,WE,Towers with Radar,1369,178,18,0,1565,0,0,2,11,13,1369,178,20,11,1578,0,0,0,1578
09/13/2015,LAX,CA,AWP,WE,Towers with Radar,1601,177,48,0,1826,0,0,8,4,12,1601,177,56,4,1838,0,0,0,1838
09/14/2015,LAX,CA,AWP,WE,Towers with Radar,1585,188,59,0,1832,0,0,4,7,11,1585,188,63,7,1843,0,0,0,1843
09/15/2015,LAX,CA,AWP,WE,Towers with Radar,1530,181,70,5,1786,0,0,2,8,10,1530,181,72,13,1796,0,0,0,1796
09/16/2015,LAX,CA,AWP,WE,Towers with Radar,1596,172,69,2,1839,1,0,6,4,11,1597,172,75,6,1850,0,0,0,1850
09/17/2015,LAX,CA,AWP,WE,Towers with Radar,1666,182,73,3,1924,0,0,4,6,10,1666,182,77,9,1934,0,0,0,1934
09/18/2015,LAX,CA,AWP,WE,Towers with Radar,1662,173,61,0,1896,0,0,11,4,15,1662,173,72,4,1911,0,0,0,1911
09/19/2015,LAX,CA,AWP,WE,Towers with Radar,1375,162,40,0,1577,0,0,8,4,12,1375,162,48,4,1589,0,0,0,1589
09/20/2015,LAX,CA,AWP,WE,Towers with Radar,1606,178,48,0,1832,0,0,6,2,8,1606,178,54,2,1840,0,0,0,1840
09/21/2015,LAX,CA,AWP,WE,Towers with Radar,1598,167,54,2,1821,0,0,5,3,8,1598,167,59,5,1829,0,0,0,1829
09/22/2015,LAX,CA,AWP,WE,Towers with Radar,1525,172,67,1,1765,0,0,4,7,11,1525,172,71,8,1776,0,0,0,1776
09/23/2015,LAX,CA,AWP,WE,Towers with Radar,1576,164,63,2,1805,0,0,4,2,6,1576,164,67,4,1811,0,0,0,1811
09/24/2015,LAX,CA,AWP,WE,Towers with Radar,1666,182,74,0,1922,1,0,7,5,13,1667,182,81,5,1935,0,0,0,1935
09/25/2015,LAX,CA,AWP,WE,Towers with Radar,1670,185,39,0,1894,0,0,15,8,23,1670,185,54,8,1917,0,0,0,1917
09/26/2015,LAX,CA,AWP,WE,Towers with Radar,1382,172,22,1,1577,0,0,5,2,7,1382,172,27,3,1584,0,0,0,1584
09/27/2015,LAX,CA,AWP,WE,Towers with Radar,1621,191,46,0,1858,0,0,1,1,2,1621,191,47,1,1860,0,0,0,1860
09/28/2015,LAX,CA,AWP,WE,Towers with Radar,1624,197,65,4,1890,0,0,6,6,12,1624,197,71,10,1902,0,0,0,1902
09/29/2015,LAX,CA,AWP,WE,Towers with Radar,1535,169,44,0,1748,0,0,12,10,22,1535,169,56,10,1770,0,0,0,1770
09/30/2015,LAX,CA,AWP,WE,Towers with Radar,1602,178,48,0,1828,0,0,8,4,12,1602,178,56,4,1840,0,0,0,1840
10/01/2015,LAX,CA,AWP,WE,Towers with Radar,1657,188,56,2,1903,0,0,6,5,11,1657,188,62,7,1914,0,0,0,1914
10/02/2015,LAX,CA,AWP,WE,Towers with Radar,1651,194,71,2,1918,0,0,7,5,12,1651,194,78,7,1930,0,0,0,1930
10/03/2015,LAX,CA,AWP,WE,Towers with Radar,1359,181,16,0,1556,0,1,4,1,6,1359,182,20,1,1562,0,0,0,1562
10/04/2015,LAX,CA,AWP,WE,Towers with Radar,1610,194,36,1,1841,0,0,5,3,8,1610,194,41,4,1849,0,0,0,1849
10/05/2015,LAX,CA,AWP,WE,Towers with Radar,1651,154,52,1,1858,0,0,12,2,14,1651,154,64,3,1872,0,0,0,1872
10/06/2015,LAX,CA,AWP,WE,Towers with Radar,1581,124,66,2,1773,0,0,12,7,19,1581,124,78,9,1792,0,0,0,1792
10/07/2015,LAX,CA,AWP,WE,Towers with Radar,1616,137,59,2,1814,0,1,20,4,25,1616,138,79,6,1839,0,0,0,1839
10/08/2015,LAX,CA,AWP,WE,Towers with Radar,1704,179,71,0,1954,0,0,5,16,21,1704,179,76,16,1975,0,0,0,1975
10/09/2015,LAX,CA,AWP,WE,Towers with Radar,1676,160,81,4,1921,0,0,11,1,12,1676,160,92,5,1933,0,0,0,1933
10/10/2015,LAX,CA,AWP,WE,Towers with Radar,1409,119,17,4,1549,0,0,8,10,18,1409,119,25,14,1567,0,0,0,1567
10/11/2015,LAX,CA,AWP,WE,Towers with Radar,1649,167,55,1,1872,0,0,11,2,13,1649,167,66,3,1885,0,0,0,1885
10/12/2015,LAX,CA,AWP,WE,Towers with Radar,1663,160,104,1,1928,0,0,18,6,24,1663,160,122,7,1952,0,0,0,1952
10/13/2015,LAX,CA,AWP,WE,Towers with Radar,1576,137,45,0,1758,0,1,7,4,12,1576,138,52,4,1770,0,0,0,1770
10/14/2015,LAX,CA,AWP,WE,Towers with Radar,1648,143,62,1,1854,0,0,6,9,15,1648,143,68,10,1869,0,0,0,1869
10/15/2015,LAX,CA,AWP,WE,Towers with Radar,1695,154,62,0,1911,0,0,5,6,11,1695,154,67,6,1922,0,0,0,1922
10/16/2015,LAX,CA,AWP,WE,Towers with Radar,1688,146,53,1,1888,0,0,6,6,12,1688,146,59,7,1900,0,0,0,1900
10/17/2015,LAX,CA,AWP,WE,Towers with Radar,1380,124,22,0,1526,0,1,6,2,9,1380,125,28,2,1535,0,0,0,1535
10/18/2015,LAX,CA,AWP,WE,Towers with Radar,1623,154,47,0,1824,0,0,1,1,2,1623,154,48,1,1826,0,0,0,1826
10/19/2015,LAX,CA,AWP,WE,Towers with Radar,1666,143,49,0,1858,0,0,8,1,9,1666,143,57,1,1867,0,0,0,1867
10/20/2015,LAX,CA,AWP,WE,Towers with Radar,1588,152,60,0,1800,0,0,3,10,13,1588,152,63,10,1813,0,0,0,1813
10/21/2015,LAX,CA,AWP,WE,Towers with Radar,1638,155,72,2,1867,1,0,2,0,3,1639,155,74,2,1870,0,0,0,1870
10/22/2015,LAX,CA,AWP,WE,Towers with Radar,1685,144,58,0,1887,0,0,2,7,9,1685,144,60,7,1896,0,0,0,1896
10/23/2015,LAX,CA,AWP,WE,Towers with Radar,1679,171,75,2,1927,0,0,8,1,9,1679,171,83,3,1936,0,0,0,1936
10/24/2015,LAX,CA,AWP,WE,Towers with Radar,1395,129,37,0,1561,0,2,8,2,12,1395,131,45,2,1573,0,0,0,1573
10/25/2015,LAX,CA,AWP,WE,Towers with Radar,1597,137,53,0,1787,0,0,5,0,5,1597,137,58,0,1792,0,0,0,1792
10/26/2015,LAX,CA,AWP,WE,Towers with Radar,1625,122,66,0,1813,0,0,13,9,22,1625,122,79,9,1835,0,0,0,1835
10/27/2015,LAX,CA,AWP,WE,Towers with Radar,1530,126,49,0,1705,0,0,7,8,15,1530,126,56,8,1720,0,0,0,1720
10/28/2015,LAX,CA,AWP,WE,Towers with Radar,1571,131,72,0,1774,0,0,14,3,17,1571,131,86,3,1791,0,0,0,1791
10/29/2015,LAX,CA,AWP,WE,Towers with Radar,1659,136,65,0,1860,0,1,3,5,9,1659,137,68,5,1869,0,0,0,1869
10/30/2015,LAX,CA,AWP,WE,Towers with Radar,1604,134,86,1,1825,0,0,4,10,14,1604,134,90,11,1839,0,0,0,1839
10/31/2015,LAX,CA,AWP,WE,Towers with Radar,1312,114,42,1,1469,0,0,11,6,17,1312,114,53,7,1486,0,0,0,1486
11/01/2015,LAX,CA,AWP,WE,Towers with Radar,1595,147,51,0,1793,0,0,8,2,10,1595,147,59,2,1803,0,0,0,1803
11/02/2015,LAX,CA,AWP,WE,Towers with Radar,1626,140,46,0,1812,0,0,4,6,10,1626,140,50,6,1822,0,0,0,1822
11/03/2015,LAX,CA,AWP,WE,Towers with Radar,1564,125,65,0,1754,0,1,9,6,16,1564,126,74,6,1770,0,0,0,1770
11/04/2015,LAX,CA,AWP,WE,Towers with Radar,1610,139,56,0,1805,0,0,4,5,9,1610,139,60,5,1814,0,0,0,1814
11/05/2015,LAX,CA,AWP,WE,Towers with Radar,1685,109,55,0,1849,0,0,8,7,15,1685,109,63,7,1864,0,0,0,1864
11/06/2015,LAX,CA,AWP,WE,Towers with Radar,1673,115,59,2,1849,0,0,4,1,5,1673,115,63,3,1854,0,0,0,1854
11/07/2015,LAX,CA,AWP,WE,Towers with Radar,1430,102,39,0,1571,0,0,13,2,15,1430,102,52,2,1586,0,0,0,1586
11/08/2015,LAX,CA,AWP,WE,Towers with Radar,1596,111,65,0,1772,0,0,1,1,2,1596,111,66,1,1774,0,0,0,1774
11/09/2015,LAX,CA,AWP,WE,Towers with Radar,1608,128,52,0,1788,0,0,6,7,13,1608,128,58,7,1801,0,0,0,1801
11/10/2015,LAX,CA,AWP,WE,Towers with Radar,1572,109,76,0,1757,0,0,51,8,59,1572,109,127,8,1816,0,0,0,1816
11/11/2015,LAX,CA,AWP,WE,Towers with Radar,1616,125,68,0,1809,0,0,4,6,10,1616,125,72,6,1819,0,0,0,1819
11/12/2015,LAX,CA,AWP,WE,Towers with Radar,1676,137,77,3,1893,0,0,4,2,6,1676,137,81,5,1899,0,0,0,1899
11/13/2015,LAX,CA,AWP,WE,Towers with Radar,1674,100,66,1,1841,0,0,5,1,6,1674,100,71,2,1847,0,0,0,1847
11/14/2015,LAX,CA,AWP,WE,Towers with Radar,1422,105,26,0,1553,0,0,7,5,12,1422,105,33,5,1565,0,0,0,1565
11/15/2015,LAX,CA,AWP,WE,Towers with Radar,1589,111,52,3,1755,0,0,4,3,7,1589,111,56,6,1762,0,0,0,1762
11/16/2015,LAX,CA,AWP,WE,Towers with Radar,1630,118,45,2,1795,0,1,1,1,3,1630,119,46,3,1798,0,0,0,1798
11/17/2015,LAX,CA,AWP,WE,Towers with Radar,1561,118,81,2,1762,0,0,9,4,13,1561,118,90,6,1775,0,0,0,1775
11/18/2015,LAX,CA,AWP,WE,Towers with Radar,1609,134,53,1,1797,0,0,9,5,14,1609,134,62,6,1811,0,0,0,1811
11/19/2015,LAX,CA,AWP,WE,Towers with Radar,1690,121,93,4,1908,0,0,14,3,17,1690,121,107,7,1925,0,0,0,1925
11/20/2015,LAX,CA,AWP,WE,Towers with Radar,1688,136,46,2,1872,0,0,5,9,14,1688,136,51,11,1886,0,0,0,1886
11/21/2015,LAX,CA,AWP,WE,Towers with Radar,1445,128,37,0,1610,0,0,8,7,15,1445,128,45,7,1625,0,0,0,1625
11/22/2015,LAX,CA,AWP,WE,Towers with Radar,1549,115,54,0,1718,0,0,7,2,9,1549,115,61,2,1727,0,0,0,1727
11/23/2015,LAX,CA,AWP,WE,Towers with Radar,1533,120,58,0,1711,0,0,3,8,11,1533,120,61,8,1722,0,0,0,1722
11/24/2015,LAX,CA,AWP,WE,Towers with Radar,1556,144,62,0,1762,0,0,7,9,16,1556,144,69,9,1778,0,0,0,1778
11/25/2015,LAX,CA,AWP,WE,Towers with Radar,1663,116,58,1,1838,0,0,8,1,9,1663,116,66,2,1847,0,0,0,1847
11/26/2015,LAX,CA,AWP,WE,Towers with Radar,1182,77,14,1,1274,0,0,7,3,10,1182,77,21,4,1284,0,0,0,1284
11/27/2015,LAX,CA,AWP,WE,Towers with Radar,1386,97,33,1,1517,0,0,13,0,13,1386,97,46,1,1530,0,0,0,1530
11/28/2015,LAX,CA,AWP,WE,Towers with Radar,1624,102,49,0,1775,0,0,0,2,2,1624,102,49,2,1777,0,0,0,1777
11/29/2015,LAX,CA,AWP,WE,Towers with Radar,1688,150,96,0,1934,0,0,4,1,5,1688,150,100,1,1939,0,0,0,1939
11/30/2015,LAX,CA,AWP,WE,Towers with Radar,1661,115,68,0,1844,0,0,8,4,12,1661,115,76,4,1856,0,0,0,1856
12/01/2015,LAX,CA,AWP,WE,Towers with Radar,1643,98,76,0,1817,0,0,0,2,2,1643,98,76,2,1819,0,0,0,1819
12/02/2015,LAX,CA,AWP,WE,Towers with Radar,1631,117,70,2,1820,0,0,3,8,11,1631,117,73,10,1831,0,0,0,1831
12/03/2015,LAX,CA,AWP,WE,Towers with Radar,1693,104,85,5,1887,0,0,7,5,12,1693,104,92,10,1899,0,0,0,1899
12/04/2015,LAX,CA,AWP,WE,Towers with Radar,1659,102,54,3,1818,0,0,4,2,6,1659,102,58,5,1824,0,0,0,1824
12/05/2015,LAX,CA,AWP,WE,Towers with Radar,1403,83,35,2,1523,0,0,3,6,9,1403,83,38,8,1532,0,0,0,1532
12/06/2015,LAX,CA,AWP,WE,Towers with Radar,1571,90,50,2,1713,0,0,6,2,8,1571,90,56,4,1721,0,0,0,1721
12/07/2015,LAX,CA,AWP,WE,Towers with Radar,1610,97,46,1,1754,0,1,3,7,11,1610,98,49,8,1765,0,0,0,1765
12/08/2015,LAX,CA,AWP,WE,Towers with Radar,1613,104,66,1,1784,0,0,4,12,16,1613,104,70,13,1800,0,0,0,1800
12/09/2015,LAX,CA,AWP,WE,Towers with Radar,1584,78,52,6,1720,0,0,9,3,12,1584,78,61,9,1732,0,0,0,1732
12/10/2015,LAX,CA,AWP,WE,Towers with Radar,1694,97,64,1,1856,0,0,3,4,7,1694,97,67,5,1863,0,0,0,1863
12/11/2015,LAX,CA,AWP,WE,Towers with Radar,1669,97,50,1,1817,0,0,6,1,7,1669,97,56,2,1824,0,0,0,1824
12/12/2015,LAX,CA,AWP,WE,Towers with Radar,1398,74,29,5,1506,0,0,11,5,16,1398,74,40,10,1522,0,0,0,1522
12/13/2015,LAX,CA,AWP,WE,Towers with Radar,1558,82,60,0,1700,0,0,0,5,5,1558,82,60,5,1705,0,0,0,1705
12/14/2015,LAX,CA,AWP,WE,Towers with Radar,1616,104,56,2,1778,0,0,8,5,13,1616,104,64,7,1791,0,0,0,1791
12/15/2015,LAX,CA,AWP,WE,Towers with Radar,1618,111,60,1,1790,0,1,10,6,17,1618,112,70,7,1807,0,0,0,1807
12/16/2015,LAX,CA,AWP,WE,Towers with Radar,1681,86,73,4,1844,0,0,10,8,18,1681,86,83,12,1862,0,0,0,1862
12/17/2015,LAX,CA,AWP,WE,Towers with Radar,1772,98,66,2,1938,0,0,3,0,3,1772,98,69,2,1941,0,0,0,1941
12/18/2015,LAX,CA,AWP,WE,Towers with Radar,1761,100,33,1,1895,0,0,7,4,11,1761,100,40,5,1906,0,0,0,1906
12/19/2015,LAX,CA,AWP,WE,Towers with Radar,1700,83,47,0,1830,0,0,0,3,3,1700,83,47,3,1833,0,0,0,1833
12/20/2015,LAX,CA,AWP,WE,Towers with Radar,1723,103,36,0,1862,0,0,2,3,5,1723,103,38,3,1867,0,0,0,1867
12/21/2015,LAX,CA,AWP,WE,Towers with Radar,1747,106,43,3,1899,0,1,1,5,7,1747,107,44,8,1906,0,0,0,1906
12/22/2015,LAX,CA,AWP,WE,Towers with Radar,1814,99,58,2,1973,0,0,6,2,8,1814,99,64,4,1981,0,0,0,1981
12/23/2015,LAX,CA,AWP,WE,Towers with Radar,1790,109,39,0,1938,0,0,5,8,13,1790,109,44,8,1951,0,0,0,1951
12/24/2015,LAX,CA,AWP,WE,Towers with Radar,1540,82,18,0,1640,0,0,3,9,12,1540,82,21,9,1652,0,0,0,1652
12/25/2015,LAX,CA,AWP,WE,Towers with Radar,1390,76,39,0,1505,0,0,2,0,2,1390,76,41,0,1507,0,0,0,1507
12/26/2015,LAX,CA,AWP,WE,Towers with Radar,1666,100,76,0,1842,0,0,5,4,9,1666,100,81,4,1851,0,0,0,1851
12/27/2015,LAX,CA,AWP,WE,Towers with Radar,1658,99,77,1,1835,0,0,5,1,6,1658,99,82,2,1841,0,0,0,1841
12/28/2015,LAX,CA,AWP,WE,Towers with Radar,1704,97,42,1,1844,0,1,3,3,7,1704,98,45,4,1851,0,0,0,1851
12/29/2015,LAX,CA,AWP,WE,Towers with Radar,1726,109,55,1,1891,0,0,6,11,17,1726,109,61,12,1908,0,0,0,1908
12/30/2015,LAX,CA,AWP,WE,Towers with Radar,1761,92,35,0,1888,0,0,7,8,15,1761,92,42,8,1903,0,0,0,1903
12/31/2015,LAX,CA,AWP,WE,Towers with Radar,1550,79,24,0,1653,0,0,3,2,5,1550,79,27,2,1658,0,0,0,1658
01/01/2016,LAX,CA,AWP,WE,Towers with Radar,1511,87,45,0,1643,0,0,1,0,1,1511,87,46,0,1644,0,0,0,1644
01/02/2016,LAX,CA,AWP,WE,Towers with Radar,1737,125,95,3,1960,0,0,1,0,1,1737,125,96,3,1961,0,0,0,1961
01/03/2016,LAX,CA,AWP,WE,Towers with Radar,1677,112,88,0,1877,0,0,4,2,6,1677,112,92,2,1883,0,0,0,1883
01/04/2016,LAX,CA,AWP,WE,Towers with Radar,1770,127,74,1,1972,0,0,5,1,6,1770,127,79,2,1978,0,0,0,1978
01/05/2016,LAX,CA,AWP,WE,Towers with Radar,1609,110,51,2,1772,0,0,0,2,2,1609,110,51,4,1774,0,0,0,1774
01/06/2016,LAX,CA,AWP,WE,Towers with Radar,1595,89,74,1,1759,0,0,3,2,5,1595,89,77,3,1764,0,0,0,1764
01/07/2016,LAX,CA,AWP,WE,Towers with Radar,1696,105,53,1,1855,0,0,5,2,7,1696,105,58,3,1862,0,0,0,1862
01/08/2016,LAX,CA,AWP,WE,Towers with Radar,1633,101,67,5,1806,0,1,6,2,9,1633,102,73,7,1815,0,0,0,1815
01/09/2016,LAX,CA,AWP,WE,Towers with Radar,1442,87,55,0,1584,0,0,0,1,1,1442,87,55,1,1585,0,0,0,1585
01/10/2016,LAX,CA,AWP,WE,Towers with Radar,1550,105,55,0,1710,0,0,0,1,1,1550,105,55,1,1711,0,0,0,1711
01/11/2016,LAX,CA,AWP,WE,Towers with Radar,1597,103,52,0,1752,0,0,7,2,9,1597,103,59,2,1761,0,0,0,1761
01/12/2016,LAX,CA,AWP,WE,Towers with Radar,1550,97,64,0,1711,0,0,1,10,11,1550,97,65,10,1722,0,0,0,1722
01/13/2016,LAX,CA,AWP,WE,Towers with Radar,1581,101,61,0,1743,0,1,5,4,10,1581,102,66,4,1753,0,0,0,1753
01/14/2016,LAX,CA,AWP,WE,Towers with Radar,1634,105,60,0,1799,0,0,3,2,5,1634,105,63,2,1804,0,0,0,1804
01/15/2016,LAX,CA,AWP,WE,Towers with Radar,1648,98,60,0,1806,0,0,4,7,11,1648,98,64,7,1817,0,0,0,1817
01/16/2016,LAX,CA,AWP,WE,Towers with Radar,1388,72,19,1,1480,0,0,5,1,6,1388,72,24,2,1486,0,0,0,1486
01/17/2016,LAX,CA,AWP,WE,Towers with Radar,1465,84,48,1,1598,0,0,1,3,4,1465,84,49,4,1602,0,0,0,1602
01/18/2016,LAX,CA,AWP,WE,Towers with Radar,1599,122,73,0,1794,0,0,15,3,18,1599,122,88,3,1812,0,0,0,1812
01/19/2016,LAX,CA,AWP,WE,Towers with Radar,1521,112,53,0,1686,0,0,14,3,17,1521,112,67,3,1703,0,0,0,1703
01/20/2016,LAX,CA,AWP,WE,Towers with Radar,1587,112,56,3,1758,0,0,6,6,12,1587,112,62,9,1770,0,0,0,1770
01/21/2016,LAX,CA,AWP,WE,Towers with Radar,1666,124,49,1,1840,0,0,9,7,16,1666,124,58,8,1856,0,0,0,1856
01/22/2016,LAX,CA,AWP,WE,Towers with Radar,1564,124,77,1,1766,0,0,2,4,6,1564,124,79,5,1772,0,0,0,1772
01/23/2016,LAX,CA,AWP,WE,Towers with Radar,1301,93,54,3,1451,0,0,2,4,6,1301,93,56,7,1457,0,0,0,1457
01/24/2016,LAX,CA,AWP,WE,Towers with Radar,1466,104,48,2,1620,0,0,1,2,3,1466,104,49,4,1623,0,0,0,1623
01/25/2016,LAX,CA,AWP,WE,Towers with Radar,1569,112,35,1,1717,0,0,5,5,10,1569,112,40,6,1727,0,0,0,1727
01/26/2016,LAX,CA,AWP,WE,Towers with Radar,1535,104,47,6,1692,0,0,5,0,5,1535,104,52,6,1697,0,0,0,1697
01/27/2016,LAX,CA,AWP,WE,Towers with Radar,1583,105,94,0,1782,0,0,9,11,20,1583,105,103,11,1802,0,0,0,1802
01/28/2016,LAX,CA,AWP,WE,Towers with Radar,1649,118,76,2,1845,0,0,10,10,20,1649,118,86,12,1865,0,0,0,1865
01/29/2016,LAX,CA,AWP,WE,Towers with Radar,1628,102,55,0,1785,0,0,6,2,8,1628,102,61,2,1793,0,0,0,1793
01/30/2016,LAX,CA,AWP,WE,Towers with Radar,1412,73,28,0,1513,0,0,1,2,3,1412,73,29,2,1516,0,0,0,1516
01/31/2016,LAX,CA,AWP,WE,Towers with Radar,1521,87,57,0,1665,0,0,0,0,0,1521,87,57,0,1665,0,0,0,1665
02/01/2016,LAX,CA,AWP,WE,Towers with Radar,1611,105,80,0,1796,0,0,2,5,7,1611,105,82,5,1803,0,0,0,1803
02/02/2016,LAX,CA,AWP,WE,Towers with Radar,1527,118,65,1,1711,0,0,11,1,12,1527,118,76,2,1723,0,0,0,1723
02/03/2016,LAX,CA,AWP,WE,Towers with Radar,1601,119,73,0,1793,0,0,2,8,10,1601,119,75,8,1803,0,0,0,1803
02/04/2016,LAX,CA,AWP,WE,Towers with Radar,1643,110,66,0,1819,0,0,4,7,11,1643,110,70,7,1830,0,0,0,1830
02/05/2016,LAX,CA,AWP,WE,Towers with Radar,1645,128,77,3,1853,0,1,5,5,11,1645,129,82,8,1864,0,0,0,1864
02/06/2016,LAX,CA,AWP,WE,Towers with Radar,1384,91,39,0,1514,1,0,6,4,11,1385,91,45,4,1525,0,0,0,1525
02/07/2016,LAX,CA,AWP,WE,Towers with Radar,1454,95,42,2,1593,0,0,4,2,6,1454,95,46,4,1599,0,0,0,1599
02/08/2016,LAX,CA,AWP,WE,Towers with Radar,1587,125,72,2,1786,0,0,3,2,5,1587,125,75,4,1791,0,0,0,1791
02/09/2016,LAX,CA,AWP,WE,Towers with Radar,1519,120,67,5,1711,0,1,6,13,20,1519,121,73,18,1731,0,0,0,1731
02/10/2016,LAX,CA,AWP,WE,Towers with Radar,1567,122,83,5,1777,0,1,6,13,20,1567,123,89,18,1797,0,0,0,1797
02/11/2016,LAX,CA,AWP,WE,Towers with Radar,1658,90,61,1,1810,0,1,8,25,34,1658,91,69,26,1844,0,0,0,1844
02/12/2016,LAX,CA,AWP,WE,Towers with Radar,1666,110,84,5,1865,0,1,10,1,12,1666,111,94,6,1877,0,0,0,1877
02/13/2016,LAX,CA,AWP,WE,Towers with Radar,1421,79,40,1,1541,0,0,4,5,9,1421,79,44,6,1550,0,0,0,1550
02/14/2016,LAX,CA,AWP,WE,Towers with Radar,1455,117,62,1,1635,0,0,9,5,14,1455,117,71,6,1649,0,0,0,1649
02/15/2016,LAX,CA,AWP,WE,Towers with Radar,1584,110,133,4,1831,0,0,10,5,15,1584,110,143,9,1846,0,0,0,1846
02/16/2016,LAX,CA,AWP,WE,Towers with Radar,1560,109,91,7,1767,0,0,12,8,20,1560,109,103,15,1787,0,0,0,1787
02/17/2016,LAX,CA,AWP,WE,Towers with Radar,1593,99,81,2,1775,0,1,12,12,25,1593,100,93,14,1800,0,0,0,1800
02/18/2016,LAX,CA,AWP,WE,Towers with Radar,1674,108,88,2,1872,0,0,7,6,13,1674,108,95,8,1885,0,0,0,1885
02/19/2016,LAX,CA,AWP,WE,Towers with Radar,1662,91,64,3,1820,0,0,10,3,13,1662,91,74,6,1833,0,0,0,1833
02/20/2016,LAX,CA,AWP,WE,Towers with Radar,1457,102,48,3,1610,0,0,11,0,11,1457,102,59,3,1621,0,0,0,1621
02/21/2016,LAX,CA,AWP,WE,Towers with Radar,1582,127,78,0,1787,0,1,3,1,5,1582,128,81,1,1792,0,0,0,1792
02/22/2016,LAX,CA,AWP,WE,Towers with Radar,1643,99,66,1,1809,0,0,11,8,19,1643,99,77,9,1828,0,0,0,1828
02/23/2016,LAX,CA,AWP,WE,Towers with Radar,1591,113,55,2,1761,0,0,3,7,10,1591,113,58,9,1771,0,0,0,1771
02/24/2016,LAX,CA,AWP,WE,Towers with Radar,1604,114,58,0,1776,0,0,7,5,12,1604,114,65,5,1788,0,0,0,1788
02/25/2016,LAX,CA,AWP,WE,Towers with Radar,1705,122,79,3,1909,0,1,15,13,29,1705,123,94,16,1938,0,0,0,1938
02/26/2016,LAX,CA,AWP,WE,Towers with Radar,1696,116,45,2,1859,0,0,8,3,11,1696,116,53,5,1870,0,0,0,1870
02/27/2016,LAX,CA,AWP,WE,Towers with Radar,1468,87,40,0,1595,0,0,9,5,14,1468,87,49,5,1609,0,0,0,1609
02/28/2016,LAX,CA,AWP,WE,Towers with Radar,1608,105,46,1,1760,2,0,0,0,2,1610,105,46,1,1762,0,0,0,1762
02/29/2016,LAX,CA,AWP,WE,Towers with Radar,1641,112,49,1,1803,0,0,5,1,6,1641,112,54,2,1809,0,0,0,1809
03/01/2016,LAX,CA,AWP,WE,Towers with Radar,1596,111,56,1,1764,0,0,2,3,5,1596,111,58,4,1769,0,0,0,1769
03/02/2016,LAX,CA,AWP,WE,Towers with Radar,1635,97,65,0,1797,0,0,3,5,8,1635,97,68,5,1805,0,0,0,1805
03/03/2016,LAX,CA,AWP,WE,Towers with Radar,1714,94,73,0,1881,0,0,2,4,6,1714,94,75,4,1887,0,0,0,1887
03/04/2016,LAX,CA,AWP,WE,Towers with Radar,1704,82,69,0,1855,0,0,9,2,11,1704,82,78,2,1866,0,0,0,1866
03/05/2016,LAX,CA,AWP,WE,Towers with Radar,1474,89,32,0,1595,0,0,1,2,3,1474,89,33,2,1598,0,0,0,1598
03/06/2016,LAX,CA,AWP,WE,Towers with Radar,1622,83,31,0,1736,0,0,1,1,2,1622,83,32,1,1738,0,0,0,1738
03/07/2016,LAX,CA,AWP,WE,Towers with Radar,1637,92,45,0,1774,0,0,3,4,7,1637,92,48,4,1781,0,0,0,1781
03/08/2016,LAX,CA,AWP,WE,Towers with Radar,1586,101,77,0,1764,0,0,5,6,11,1586,101,82,6,1775,0,0,0,1775
03/09/2016,LAX,CA,AWP,WE,Towers with Radar,1615,102,79,4,1800,0,0,2,6,8,1615,102,81,10,1808,0,0,0,1808
03/10/2016,LAX,CA,AWP,WE,Towers with Radar,1718,102,60,2,1882,0,0,8,1,9,1718,102,68,3,1891,0,0,0,1891
03/11/2016,LAX,CA,AWP,WE,Towers with Radar,1720,110,62,2,1894,0,0,3,5,8,1720,110,65,7,1902,0,0,0,1902
03/12/2016,LAX,CA,AWP,WE,Towers with Radar,1528,79,55,0,1662,0,0,3,2,5,1528,79,58,2,1667,0,0,0,1667
03/13/2016,LAX,CA,AWP,WE,Towers with Radar,1608,85,55,2,1750,0,0,4,3,7,1608,85,59,5,1757,0,0,0,1757
03/14/2016,LAX,CA,AWP,WE,Towers with Radar,1682,98,76,0,1856,0,0,3,2,5,1682,98,79,2,1861,0,0,0,1861
03/15/2016,LAX,CA,AWP,WE,Towers with Radar,1626,97,53,2,1778,0,0,4,3,7,1626,97,57,5,1785,0,0,0,1785
03/16/2016,LAX,CA,AWP,WE,Towers with Radar,1656,102,77,1,1836,1,0,4,1,6,1657,102,81,2,1842,0,0,0,1842
03/17/2016,LAX,CA,AWP,WE,Towers with Radar,1754,99,64,7,1924,0,0,4,6,10,1754,99,68,13,1934,0,0,0,1934
03/18/2016,LAX,CA,AWP,WE,Towers with Radar,1746,102,77,2,1927,0,0,4,3,7,1746,102,81,5,1934,0,0,0,1934
03/19/2016,LAX,CA,AWP,WE,Towers with Radar,1517,86,53,0,1656,0,0,4,2,6,1517,86,57,2,1662,0,0,0,1662
03/20/2016,LAX,CA,AWP,WE,Towers with Radar,1668,83,58,0,1809,0,0,2,1,3,1668,83,60,1,1812,0,0,0,1812
03/21/2016,LAX,CA,AWP,WE,Towers with Radar,1687,115,78,0,1880,0,0,0,2,2,1687,115,78,2,1882,0,0,0,1882
03/22/2016,LAX,CA,AWP,WE,Towers with Radar,1627,107,57,5,1796,0,0,2,1,3,1627,107,59,6,1799,0,0,0,1799
03/23/2016,LAX,CA,AWP,WE,Towers with Radar,1614,107,75,1,1797,0,0,8,6,14,1614,107,83,7,1811,0,0,0,1811
03/24/2016,LAX,CA,AWP,WE,Towers with Radar,1726,124,63,5,1918,0,0,7,4,11,1726,124,70,9,1929,0,0,0,1929
03/25/2016,LAX,CA,AWP,WE,Towers with Radar,1746,109,54,0,1909,0,1,3,3,7,1746,110,57,3,1916,0,0,0,1916
03/26/2016,LAX,CA,AWP,WE,Towers with Radar,1529,63,40,2,1634,0,0,5,2,7,1529,63,45,4,1641,0,0,0,1641
03/27/2016,LAX,CA,AWP,WE,Towers with Radar,1664,102,38,0,1804,0,0,3,0,3,1664,102,41,0,1807,0,0,0,1807
03/28/2016,LAX,CA,AWP,WE,Towers with Radar,1700,116,70,2,1888,0,0,0,3,3,1700,116,70,5,1891,0,0,0,1891
03/29/2016,LAX,CA,AWP,WE,Towers with Radar,1639,85,60,0,1784,0,0,6,17,23,1639,85,66,17,1807,0,0,0,1807
03/30/2016,LAX,CA,AWP,WE,Towers with Radar,1667,85,72,2,1826,0,0,8,8,16,1667,85,80,10,1842,0,0,0,1842
03/31/2016,LAX,CA,AWP,WE,Towers with Radar,1740,98,70,2,1910,0,0,9,8,17,1740,98,79,10,1927,0,0,0,1927
04/01/2016,LAX,CA,AWP,WE,Towers with Radar,1721,97,65,1,1884,0,1,10,0,11,1721,98,75,1,1895,0,0,0,1895
04/02/2016,LAX,CA,AWP,WE,Towers with Radar,1508,75,61,2,1646,0,0,4,0,4,1508,75,65,2,1650,0,0,0,1650
04/03/2016,LAX,CA,AWP,WE,Towers with Radar,1659,85,73,0,1817,0,0,9,0,9,1659,85,82,0,1826,0,0,0,1826
04/04/2016,LAX,CA,AWP,WE,Towers with Radar,1670,99,87,0,1856,0,0,3,6,9,1670,99,90,6,1865,0,0,0,1865
04/05/2016,LAX,CA,AWP,WE,Towers with Radar,1646,99,60,3,1808,0,0,7,3,10,1646,99,67,6,1818,0,0,0,1818
04/06/2016,LAX,CA,AWP,WE,Towers with Radar,1701,92,58,4,1855,0,0,3,6,9,1701,92,61,10,1864,0,0,0,1864
04/07/2016,LAX,CA,AWP,WE,Towers with Radar,1718,101,69,3,1891,0,1,2,4,7,1718,102,71,7,1898,0,0,0,1898
04/08/2016,LAX,CA,AWP,WE,Towers with Radar,1739,78,28,7,1852,0,0,0,7,7,1739,78,28,14,1859,0,0,0,1859
04/09/2016,LAX,CA,AWP,WE,Towers with Radar,1494,89,31,0,1614,0,0,2,0,2,1494,89,33,0,1616,0,0,0,1616
04/10/2016,LAX,CA,AWP,WE,Towers with Radar,1651,94,68,1,1814,0,0,13,2,15,1651,94,81,3,1829,0,0,0,1829
04/11/2016,LAX,CA,AWP,WE,Towers with Radar,1719,89,72,4,1884,0,0,6,3,9,1719,89,78,7,1893,0,0,0,1893
04/12/2016,LAX,CA,AWP,WE,Towers with Radar,1643,87,69,1,1800,0,0,3,2,5,1643,87,72,3,1805,0,0,0,1805
04/13/2016,LAX,CA,AWP,WE,Towers with Radar,1700,98,53,1,1852,0,0,10,3,13,1700,98,63,4,1865,0,0,0,1865
04/14/2016,LAX,CA,AWP,WE,Towers with Radar,1749,103,78,0,1930,0,0,9,0,9,1749,103,87,0,1939,0,0,0,1939
04/15/2016,LAX,CA,AWP,WE,Towers with Radar,1763,80,56,1,1900,0,0,10,1,11,1763,80,66,2,1911,0,0,0,1911
04/16/2016,LAX,CA,AWP,WE,Towers with Radar,1477,95,36,0,1608,0,0,10,2,12,1477,95,46,2,1620,0,0,0,1620
04/17/2016,LAX,CA,AWP,WE,Towers with Radar,1675,116,52,2,1845,1,0,5,0,6,1676,116,57,2,1851,0,0,0,1851
04/18/2016,LAX,CA,AWP,WE,Towers with Radar,1692,99,68,0,1859,0,0,7,7,14,1692,99,75,7,1873,0,0,0,1873
04/19/2016,LAX,CA,AWP,WE,Towers with Radar,1656,104,61,5,1826,0,1,1,11,13,1656,105,62,16,1839,0,0,0,1839
04/20/2016,LAX,CA,AWP,WE,Towers with Radar,1687,95,55,1,1838,0,0,7,3,10,1687,95,62,4,1848,0,0,0,1848
04/21/2016,LAX,CA,AWP,WE,Towers with Radar,1748,104,53,0,1905,0,0,17,5,22,1748,104,70,5,1927,0,0,0,1927
04/22/2016,LAX,CA,AWP,WE,Towers with Radar,1730,81,61,1,1873,0,0,5,5,10,1730,81,66,6,1883,0,0,0,1883
04/23/2016,LAX,CA,AWP,WE,Towers with Radar,1507,74,28,0,1609,0,0,12,5,17,1507,74,40,5,1626,0,0,0,1626
04/24/2016,LAX,CA,AWP,WE,Towers with Radar,1676,72,40,0,1788,1,0,6,2,9,1677,72,46,2,1797,0,0,0,1797
04/25/2016,LAX,CA,AWP,WE,Towers with Radar,1711,87,80,0,1878,0,0,2,5,7,1711,87,82,5,1885,0,0,0,1885
04/26/2016,LAX,CA,AWP,WE,Towers with Radar,1651,99,63,2,1815,0,0,9,7,16,1651,99,72,9,1831,0,0,0,1831
04/27/2016,LAX,CA,AWP,WE,Towers with Radar,1681,96,78,8,1863,2,0,10,9,21,1683,96,88,17,1884,0,0,0,1884
04/28/2016,LAX,CA,AWP,WE,Towers with Radar,1756,101,70,1,1928,1,0,9,1,11,1757,101,79,2,1939,0,0,0,1939
04/29/2016,LAX,CA,AWP,WE,Towers with Radar,1717,92,63,1,1873,0,0,8,4,12,1717,92,71,5,1885,0,0,0,1885
04/30/2016,LAX,CA,AWP,WE,Towers with Radar,1502,85,56,0,1643,0,0,6,3,9,1502,85,62,3,1652,0,0,0,1652
05/01/2016,LAX,CA,AWP,WE,Towers with Radar,1682,113,71,1,1867,1,0,8,0,9,1683,113,79,1,1876,0,0,0,1876
05/02/2016,LAX,CA,AWP,WE,Towers with Radar,1689,108,63,3,1863,0,1,7,2,10,1689,109,70,5,1873,0,0,0,1873
05/03/2016,LAX,CA,AWP,WE,Towers with Radar,1662,98,78,0,1838,0,0,6,3,9,1662,98,84,3,1847,0,0,0,1847
05/04/2016,LAX,CA,AWP,WE,Towers with Radar,1713,97,65,2,1877,0,0,5,3,8,1713,97,70,5,1885,0,0,0,1885
05/05/2016,LAX,CA,AWP,WE,Towers with Radar,1757,109,87,0,1953,0,0,8,2,10,1757,109,95,2,1963,0,0,0,1963
05/06/2016,LAX,CA,AWP,WE,Towers with Radar,1735,106,50,0,1891,0,0,11,6,17,1735,106,61,6,1908,0,0,0,1908
05/07/2016,LAX,CA,AWP,WE,Towers with Radar,1536,85,41,0,1662,0,0,0,6,6,1536,85,41,6,1668,0,0,0,1668
05/08/2016,LAX,CA,AWP,WE,Towers with Radar,1666,84,49,0,1799,0,0,3,1,4,1666,84,52,1,1803,0,0,0,1803
05/09/2016,LAX,CA,AWP,WE,Towers with Radar,1716,86,46,2,1850,1,0,7,2,10,1717,86,53,4,1860,0,0,0,1860
05/10/2016,LAX,CA,AWP,WE,Towers with Radar,1690,87,75,1,1853,0,0,3,3,6,1690,87,78,4,1859,0,0,0,1859
05/11/2016,LAX,CA,AWP,WE,Towers with Radar,1722,93,85,2,1902,0,0,7,4,11,1722,93,92,6,1913,0,0,0,1913
05/12/2016,LAX,CA,AWP,WE,Towers with Radar,1754,92,81,3,1930,0,0,1,0,1,1754,92,82,3,1931,0,0,0,1931
05/13/2016,LAX,CA,AWP,WE,Towers with Radar,1757,97,87,4,1945,0,0,4,4,8,1757,97,91,8,1953,0,0,0,1953
05/14/2016,LAX,CA,AWP,WE,Towers with Radar,1538,79,37,1,1655,0,0,4,3,7,1538,79,41,4,1662,0,0,0,1662
05/15/2016,LAX,CA,AWP,WE,Towers with Radar,1693,87,53,2,1835,0,0,3,1,4,1693,87,56,3,1839,0,0,0,1839
05/16/2016,LAX,CA,AWP,WE,Towers with Radar,1717,93,60,1,1871,0,0,8,10,18,1717,93,68,11,1889,0,0,0,1889
05/17/2016,LAX,CA,AWP,WE,Towers with Radar,1688,94,44,4,1830,0,0,2,1,3,1688,94,46,5,1833,0,0,0,1833
05/18/2016,LAX,CA,AWP,WE,Towers with Radar,1716,95,81,2,1894,0,0,1,0,1,1716,95,82,2,1895,0,0,0,1895
05/19/2016,LAX,CA,AWP,WE,Towers with Radar,1756,104,73,1,1934,0,0,1,2,3,1756,104,74,3,1937,0,0,0,1937
05/20/2016,LAX,CA,AWP,WE,Towers with Radar,1752,106,69,0,1927,0,0,7,2,9,1752,106,76,2,1936,0,0,0,1936
05/21/2016,LAX,CA,AWP,WE,Towers with Radar,1552,79,47,0,1678,0,0,10,0,10,1552,79,57,0,1688,0,0,0,1688
05/22/2016,LAX,CA,AWP,WE,Towers with Radar,1716,90,68,2,1876,0,0,0,1,1,1716,90,68,3,1877,0,0,0,1877
05/23/2016,LAX,CA,AWP,WE,Towers with Radar,1714,105,61,0,1880,0,1,5,0,6,1714,106,66,0,1886,0,0,0,1886
05/24/2016,LAX,CA,AWP,WE,Towers with Radar,1707,90,83,2,1882,0,0,6,0,6,1707,90,89,2,1888,0,0,0,1888
05/25/2016,LAX,CA,AWP,WE,Towers with Radar,1709,100,74,0,1883,0,0,4,0,4,1709,100,78,0,1887,0,0,0,1887
05/26/2016,LAX,CA,AWP,WE,Towers with Radar,1768,102,73,1,1944,0,2,3,0,5,1768,104,76,1,1949,0,0,0,1949
05/27/2016,LAX,CA,AWP,WE,Towers with Radar,1773,109,63,4,1949,0,0,5,0,5,1773,109,68,4,1954,0,0,0,1954
05/28/2016,LAX,CA,AWP,WE,Towers with Radar,1510,83,17,1,1611,0,0,5,0,5,1510,83,22,1,1616,0,0,0,1616
05/29/2016,LAX,CA,AWP,WE,Towers with Radar,1518,79,17,1,1615,0,1,10,0,11,1518,80,27,1,1626,0,0,0,1626
05/30/2016,LAX,CA,AWP,WE,Towers with Radar,1660,123,50,2,1835,0,0,2,0,2,1660,123,52,2,1837,0,0,0,1837
05/31/2016,LAX,CA,AWP,WE,Towers with Radar,1679,133,68,2,1882,0,0,1,0,1,1679,133,69,2,1883,0,0,0,1883
06/01/2016,LAX,CA,AWP,WE,Towers with Radar,1768,117,70,3,1958,0,0,1,0,1,1768,117,71,3,1959,0,0,0,1959
06/02/2016,LAX,CA,AWP,WE,Towers with Radar,1849,124,85,2,2060,0,0,2,0,2,1849,124,87,2,2062,0,0,0,2062
06/03/2016,LAX,CA,AWP,WE,Towers with Radar,1857,114,51,1,2023,0,0,8,0,8,1857,114,59,1,2031,0,0,0,2031
06/04/2016,LAX,CA,AWP,WE,Towers with Radar,1659,93,46,2,1800,0,0,0,0,0,1659,93,46,2,1800,0,0,0,1800
06/05/2016,LAX,CA,AWP,WE,Towers with Radar,1790,112,44,1,1947,0,0,1,0,1,1790,112,45,1,1948,0,0,0,1948
06/06/2016,LAX,CA,AWP,WE,Towers with Radar,1841,137,64,3,2045,0,0,3,0,3,1841,137,67,3,2048,0,0,0,2048
06/07/2016,LAX,CA,AWP,WE,Towers with Radar,1823,134,105,2,2064,0,0,2,0,2,1823,134,107,2,2066,0,0,0,2066
06/08/2016,LAX,CA,AWP,WE,Towers with Radar,1842,138,97,3,2080,0,0,2,0,2,1842,138,99,3,2082,0,0,0,2082
06/09/2016,LAX,CA,AWP,WE,Towers with Radar,1908,104,70,2,2084,0,0,9,0,9,1908,104,79,2,2093,0,0,0,2093
06/10/2016,LAX,CA,AWP,WE,Towers with Radar,1898,102,78,2,2080,0,0,1,1,2,1898,102,79,3,2082,0,0,0,2082
06/11/2016,LAX,CA,AWP,WE,Towers with Radar,1726,92,18,0,1836,0,0,3,1,4,1726,92,21,1,1840,0,0,0,1840
06/12/2016,LAX,CA,AWP,WE,Towers with Radar,1815,99,42,0,1956,0,0,4,2,6,1815,99,46,2,1962,0,0,0,1962
06/13/2016,LAX,CA,AWP,WE,Towers with Radar,1850,131,73,0,2054,0,0,9,0,9,1850,131,82,0,2063,0,0,0,2063
06/14/2016,LAX,CA,AWP,WE,Towers with Radar,1844,94,69,2,2009,0,0,2,0,2,1844,94,71,2,2011,0,0,0,2011
06/15/2016,LAX,CA,AWP,WE,Towers with Radar,1882,102,83,4,2071,0,0,8,1,9,1882,102,91,5,2080,0,0,0,2080
06/16/2016,LAX,CA,AWP,WE,Towers with Radar,1902,117,71,1,2091,0,0,11,2,13,1902,117,82,3,2104,0,0,0,2104
06/17/2016,LAX,CA,AWP,WE,Towers with Radar,1922,115,40,0,2077,0,0,17,0,17,1922,115,57,0,2094,0,0,0,2094
06/18/2016,LAX,CA,AWP,WE,Towers with Radar,1755,80,60,0,1895,0,0,5,0,5,1755,80,65,0,1900,0,0,0,1900
06/19/2016,LAX,CA,AWP,WE,Towers with Radar,1869,110,66,0,2045,0,0,4,0,4,1869,110,70,0,2049,0,0,0,2049
06/20/2016,LAX,CA,AWP,WE,Towers with Radar,1889,116,78,0,2083,0,0,5,0,5,1889,116,83,0,2088,0,0,0,2088
06/21/2016,LAX,CA,AWP,WE,Towers with Radar,1888,103,75,2,2068,0,0,8,0,8,1888,103,83,2,2076,0,0,0,2076
06/22/2016,LAX,CA,AWP,WE,Towers with Radar,1913,116,65,5,2099,0,0,2,1,3,1913,116,67,6,2102,0,0,0,2102
06/23/2016,LAX,CA,AWP,WE,Towers with Radar,1911,105,89,2,2107,0,0,4,1,5,1911,105,93,3,2112,0,0,0,2112
06/24/2016,LAX,CA,AWP,WE,Towers with Radar,1921,118,96,2,2137,0,0,1,0,1,1921,118,97,2,2138,0,0,0,2138
06/25/2016,LAX,CA,AWP,WE,Towers with Radar,1769,96,40,0,1905,0,0,10,1,11,1769,96,50,1,1916,0,0,0,1916
06/26/2016,LAX,CA,AWP,WE,Towers with Radar,1805,121,59,0,1985,0,2,1,0,3,1805,123,60,0,1988,0,0,0,1988
06/27/2016,LAX,CA,AWP,WE,Towers with Radar,1907,108,52,1,2068,0,0,1,0,1,1907,108,53,1,2069,0,0,0,2069
06/28/2016,LAX,CA,AWP,WE,Towers with Radar,1858,104,72,3,2037,0,0,2,0,2,1858,104,74,3,2039,0,0,0,2039
06/29/2016,LAX,CA,AWP,WE,Towers with Radar,1925,104,65,4,2098,1,0,3,1,5,1926,104,68,5,2103,0,0,0,2103
06/30/2016,LAX,CA,AWP,WE,Towers with Radar,1892,116,69,1,2078,0,0,2,0,2,1892,116,71,1,2080,0,0,0,2080
07/01/2016,LAX,CA,AWP,WE,Towers with Radar,1920,142,86,1,2149,0,0,8,0,8,1920,142,94,1,2157,0,0,0,2157
07/02/2016,LAX,CA,AWP,WE,Towers with Radar,1771,97,35,0,1903,0,0,7,0,7,1771,97,42,0,1910,0,0,0,1910
07/03/2016,LAX,CA,AWP,WE,Towers with Radar,1699,95,27,1,1822,0,0,4,0,4,1699,95,31,1,1826,0,0,0,1826
07/04/2016,LAX,CA,AWP,WE,Towers with Radar,1671,83,46,2,1802,0,0,8,0,8,1671,83,54,2,1810,0,0,0,1810
07/05/2016,LAX,CA,AWP,WE,Towers with Radar,1865,123,93,1,2082,0,0,9,0,9,1865,123,102,1,2091,0,0,0,2091
07/06/2016,LAX,CA,AWP,WE,Towers with Radar,1939,88,56,7,2090,0,0,7,2,9,1939,88,63,9,2099,0,0,0,2099
07/07/2016,LAX,CA,AWP,WE,Towers with Radar,1943,106,72,2,2123,0,0,10,0,10,1943,106,82,2,2133,0,0,0,2133
07/08/2016,LAX,CA,AWP,WE,Towers with Radar,1937,107,79,1,2124,0,0,6,0,6,1937,107,85,1,2130,0,0,0,2130
07/09/2016,LAX,CA,AWP,WE,Towers with Radar,1771,98,31,0,1900,0,0,4,2,6,1771,98,35,2,1906,0,0,0,1906
07/10/2016,LAX,CA,AWP,WE,Towers with Radar,1900,110,60,1,2071,0,0,8,0,8,1900,110,68,1,2079,0,0,0,2079
07/11/2016,LAX,CA,AWP,WE,Towers with Radar,1934,127,44,1,2106,0,0,2,1,3,1934,127,46,2,2109,0,0,0,2109
07/12/2016,LAX,CA,AWP,WE,Towers with Radar,1906,116,83,3,2108,0,0,5,0,5,1906,116,88,3,2113,0,0,0,2113
07/13/2016,LAX,CA,AWP,WE,Towers with Radar,1928,100,97,0,2125,0,0,9,0,9,1928,100,106,0,2134,0,0,0,2134
07/14/2016,LAX,CA,AWP,WE,Towers with Radar,1962,112,67,2,2143,0,1,5,0,6,1962,113,72,2,2149,0,0,0,2149
07/15/2016,LAX,CA,AWP,WE,Towers with Radar,1959,100,59,2,2120,0,0,9,0,9,1959,100,68,2,2129,0,0,0,2129
07/16/2016,LAX,CA,AWP,WE,Towers with Radar,1757,91,40,2,1890,0,0,5,0,5,1757,91,45,2,1895,0,0,0,1895
07/17/2016,LAX,CA,AWP,WE,Towers with Radar,1895,100,62,2,2059,0,0,7,0,7,1895,100,69,2,2066,0,0,0,2066
07/18/2016,LAX,CA,AWP,WE,Towers with Radar,1893,98,50,2,2043,0,0,6,0,6,1893,98,56,2,2049,0,0,0,2049
07/19/2016,LAX,CA,AWP,WE,Towers with Radar,1917,93,75,1,2086,0,0,9,0,9,1917,93,84,1,2095,0,0,0,2095
07/20/2016,LAX,CA,AWP,WE,Towers with Radar,1892,105,67,2,2066,0,0,8,0,8,1892,105,75,2,2074,0,0,0,2074
07/21/2016,LAX,CA,AWP,WE,Towers with Radar,1844,154,95,0,2093,0,0,4,0,4,1844,154,99,0,2097,0,0,0,2097
07/22/2016,LAX,CA,AWP,WE,Towers with Radar,1917,119,94,4,2134,0,0,7,1,8,1917,119,101,5,2142,0,0,0,2142
07/23/2016,LAX,CA,AWP,WE,Towers with Radar,1602,296,34,0,1932,0,0,8,0,8,1602,296,42,0,1940,0,0,0,1940
07/24/2016,LAX,CA,AWP,WE,Towers with Radar,1735,310,72,1,2118,0,0,8,0,8,1735,310,80,1,2126,0,0,0,2126
07/25/2016,LAX,CA,AWP,WE,Towers with Radar,1716,338,68,0,2122,0,0,2,1,3,1716,338,70,1,2125,0,0,0,2125
07/26/2016,LAX,CA,AWP,WE,Towers with Radar,1709,346,58,0,2113,0,0,3,0,3,1709,346,61,0,2116,0,0,0,2116
07/27/2016,LAX,CA,AWP,WE,Towers with Radar,1745,345,81,3,2174,0,0,12,2,14,1745,345,93,5,2188,0,0,0,2188
07/28/2016,LAX,CA,AWP,WE,Towers with Radar,1727,368,89,1,2185,0,0,8,1,9,1727,368,97,2,2194,0,0,0,2194
07/29/2016,LAX,CA,AWP,WE,Towers with Radar,1744,352,45,2,2143,0,0,12,0,12,1744,352,57,2,2155,0,0,0,2155
07/30/2016,LAX,CA,AWP,WE,Towers with Radar,1570,340,31,0,1941,0,0,6,0,6,1570,340,37,0,1947,0,0,0,1947
07/31/2016,LAX,CA,AWP,WE,Towers with Radar,1702,351,83,0,2136,0,1,5,0,6,1702,352,88,0,2142,0,0,0,2142
08/01/2016,LAX,CA,AWP,WE,Towers with Radar,1738,344,88,0,2170,0,0,8,2,10,1738,344,96,2,2180,0,0,0,2180
08/02/2016,LAX,CA,AWP,WE,Towers with Radar,1704,342,53,0,2099,0,0,4,0,4,1704,342,57,0,2103,0,0,0,2103
08/03/2016,LAX,CA,AWP,WE,Towers with Radar,1744,341,84,3,2172,0,1,3,0,4,1744,342,87,3,2176,0,0,0,2176
08/04/2016,LAX,CA,AWP,WE,Towers with Radar,1763,344,79,4,2190,0,0,5,1,6,1763,344,84,5,2196,0,0,0,2196
08/05/2016,LAX,CA,AWP,WE,Towers with Radar,1760,371,54,1,2186,1,0,8,1,10,1761,371,62,2,2196,0,0,0,2196
08/06/2016,LAX,CA,AWP,WE,Towers with Radar,1576,325,41,0,1942,0,0,12,1,13,1576,325,53,1,1955,0,0,0,1955
08/07/2016,LAX,CA,AWP,WE,Towers with Radar,1701,356,40,1,2098,1,0,4,0,5,1702,356,44,1,2103,0,0,0,2103
08/08/2016,LAX,CA,AWP,WE,Towers with Radar,1623,339,69,2,2033,0,0,2,0,2,1623,339,71,2,2035,0,0,0,2035
08/09/2016,LAX,CA,AWP,WE,Towers with Radar,1679,328,61,3,2071,0,0,3,0,3,1679,328,64,3,2074,0,0,0,2074
08/10/2016,LAX,CA,AWP,WE,Towers with Radar,1738,375,58,1,2172,0,1,8,0,9,1738,376,66,1,2181,0,0,0,2181
08/11/2016,LAX,CA,AWP,WE,Towers with Radar,1770,362,76,0,2208,0,1,10,1,12,1770,363,86,1,2220,0,0,0,2220
08/12/2016,LAX,CA,AWP,WE,Towers with Radar,1728,359,38,3,2128,0,0,12,0,12,1728,359,50,3,2140,0,0,0,2140
08/13/2016,LAX,CA,AWP,WE,Towers with Radar,1538,343,44,0,1925,0,0,5,0,5,1538,343,49,0,1930,0,0,0,1930
08/14/2016,LAX,CA,AWP,WE,Towers with Radar,1711,353,70,0,2134,1,0,8,0,9,1712,353,78,0,2143,0,0,0,2143
08/15/2016,LAX,CA,AWP,WE,Towers with Radar,1722,351,75,1,2149,0,0,7,0,7,1722,351,82,1,2156,0,0,0,2156
08/16/2016,LAX,CA,AWP,WE,Towers with Radar,1681,360,79,0,2120,0,0,14,0,14,1681,360,93,0,2134,0,0,0,2134
08/17/2016,LAX,CA,AWP,WE,Towers with Radar,1713,373,47,2,2135,0,0,8,0,8,1713,373,55,2,2143,0,0,0,2143
08/18/2016,LAX,CA,AWP,WE,Towers with Radar,1725,378,85,0,2188,0,1,4,0,5,1725,379,89,0,2193,0,0,0,2193
08/19/2016,LAX,CA,AWP,WE,Towers with Radar,1706,388,67,2,2163,0,0,7,0,7,1706,388,74,2,2170,0,0,0,2170
08/20/2016,LAX,CA,AWP,WE,Towers with Radar,1502,344,45,1,1892,0,0,5,0,5,1502,344,50,1,1897,0,0,0,1897
08/21/2016,LAX,CA,AWP,WE,Towers with Radar,1616,379,59,0,2054,0,0,5,0,5,1616,379,64,0,2059,0,0,0,2059
08/22/2016,LAX,CA,AWP,WE,Towers with Radar,1700,395,86,0,2181,0,1,4,0,5,1700,396,90,0,2186,0,0,0,2186
08/23/2016,LAX,CA,AWP,WE,Towers with Radar,1623,370,71,0,2064,0,0,7,0,7,1623,370,78,0,2071,0,0,0,2071
08/24/2016,LAX,CA,AWP,WE,Towers with Radar,1636,347,47,0,2030,0,0,14,0,14,1636,347,61,0,2044,0,0,0,2044
08/25/2016,LAX,CA,AWP,WE,Towers with Radar,1645,385,71,1,2102,0,0,12,1,13,1645,385,83,2,2115,0,0,0,2115
08/26/2016,LAX,CA,AWP,WE,Towers with Radar,1653,381,41,1,2076,0,0,3,1,4,1653,381,44,2,2080,0,0,0,2080
08/27/2016,LAX,CA,AWP,WE,Towers with Radar,1411,333,56,2,1802,0,0,5,2,7,1411,333,61,4,1809,0,0,0,1809
08/28/2016,LAX,CA,AWP,WE,Towers with Radar,1462,368,36,2,1868,0,0,3,0,3,1462,368,39,2,1871,0,0,0,1871
08/29/2016,LAX,CA,AWP,WE,Towers with Radar,1711,383,54,1,2149,0,0,4,1,5,1711,383,58,2,2154,0,0,0,2154
08/30/2016,LAX,CA,AWP,WE,Towers with Radar,1566,351,56,0,1973,0,0,13,0,13,1566,351,69,0,1986,0,0,0,1986
08/31/2016,LAX,CA,AWP,WE,Towers with Radar,1780,139,75,1,1995,0,0,5,0,5,1780,139,80,1,2000,0,0,0,2000
09/01/2016,LAX,CA,AWP,WE,Towers with Radar,1850,106,76,0,2032,0,0,5,1,6,1850,106,81,1,2038,0,0,0,2038
09/02/2016,LAX,CA,AWP,WE,Towers with Radar,1865,95,57,1,2018,0,0,5,0,5,1865,95,62,1,2023,0,0,0,2023
09/03/2016,LAX,CA,AWP,WE,Towers with Radar,1484,84,31,1,1600,0,0,12,0,12,1484,84,43,1,1612,0,0,0,1612
09/04/2016,LAX,CA,AWP,WE,Towers with Radar,1551,68,24,0,1643,0,0,9,0,9,1551,68,33,0,1652,0,0,0,1652
09/05/2016,LAX,CA,AWP,WE,Towers with Radar,1742,111,57,0,1910,0,1,4,0,5,1742,112,61,0,1915,0,0,0,1915
09/06/2016,LAX,CA,AWP,WE,Towers with Radar,1726,102,71,1,1900,0,0,13,0,13,1726,102,84,1,1913,0,0,0,1913
09/07/2016,LAX,CA,AWP,WE,Towers with Radar,1745,96,69,0,1910,0,0,3,1,4,1745,96,72,1,1914,0,0,0,1914
09/08/2016,LAX,CA,AWP,WE,Towers with Radar,1773,98,55,5,1931,0,0,5,0,5,1773,98,60,5,1936,0,0,0,1936
09/09/2016,LAX,CA,AWP,WE,Towers with Radar,1799,99,76,4,1978,0,0,1,0,1,1799,99,77,4,1979,0,0,0,1979
09/10/2016,LAX,CA,AWP,WE,Towers with Radar,1508,106,39,0,1653,0,0,1,0,1,1508,106,40,0,1654,0,0,0,1654
09/11/2016,LAX,CA,AWP,WE,Towers with Radar,1729,97,61,1,1888,0,0,4,0,4,1729,97,65,1,1892,0,0,0,1892
09/12/2016,LAX,CA,AWP,WE,Towers with Radar,1800,105,46,2,1953,0,0,5,0,5,1800,105,51,2,1958,0,0,0,1958
09/13/2016,LAX,CA,AWP,WE,Towers with Radar,1704,90,91,4,1889,0,0,6,0,6,1704,90,97,4,1895,0,0,0,1895
09/14/2016,LAX,CA,AWP,WE,Towers with Radar,1757,113,73,5,1948,0,0,11,0,11,1757,113,84,5,1959,0,0,0,1959
09/15/2016,LAX,CA,AWP,WE,Towers with Radar,1818,116,63,2,1999,0,0,5,1,6,1818,116,68,3,2005,0,0,0,2005
09/16/2016,LAX,CA,AWP,WE,Towers with Radar,1806,97,57,1,1961,0,0,11,0,11,1806,97,68,1,1972,0,0,0,1972
09/17/2016,LAX,CA,AWP,WE,Towers with Radar,1512,88,22,0,1622,0,0,4,0,4,1512,88,26,0,1626,0,0,0,1626
09/18/2016,LAX,CA,AWP,WE,Towers with Radar,1720,102,58,0,1880,0,0,0,0,0,1720,102,58,0,1880,0,0,0,1880
09/19/2016,LAX,CA,AWP,WE,Towers with Radar,1817,103,77,0,1997,0,0,7,3,10,1817,103,84,3,2007,0,0,0,2007
09/20/2016,LAX,CA,AWP,WE,Towers with Radar,1714,104,74,1,1893,0,0,3,1,4,1714,104,77,2,1897,0,0,0,1897
09/21/2016,LAX,CA,AWP,WE,Towers with Radar,1756,105,54,2,1917,0,0,19,0,19,1756,105,73,2,1936,0,0,0,1936
09/22/2016,LAX,CA,AWP,WE,Towers with Radar,1807,116,56,4,1983,0,0,16,0,16,1807,116,72,4,1999,0,0,0,1999
09/23/2016,LAX,CA,AWP,WE,Towers with Radar,1816,100,56,1,1973,0,0,3,1,4,1816,100,59,2,1977,0,0,0,1977
09/24/2016,LAX,CA,AWP,WE,Towers with Radar,1508,104,29,2,1643,0,0,3,0,3,1508,104,32,2,1646,0,0,0,1646
09/25/2016,LAX,CA,AWP,WE,Towers with Radar,1721,112,53,0,1886,0,0,4,1,5,1721,112,57,1,1891,0,0,0,1891
09/26/2016,LAX,CA,AWP,WE,Towers with Radar,1810,118,73,0,2001,0,0,1,1,2,1810,118,74,1,2003,0,0,0,2003
09/27/2016,LAX,CA,AWP,WE,Towers with Radar,1734,105,60,0,1899,0,0,6,0,6,1734,105,66,0,1905,0,0,0,1905
09/28/2016,LAX,CA,AWP,WE,Towers with Radar,1746,107,91,0,1944,0,0,13,0,13,1746,107,104,0,1957,0,0,0,1957
09/29/2016,LAX,CA,AWP,WE,Towers with Radar,1827,101,72,2,2002,0,0,14,0,14,1827,101,86,2,2016,0,0,0,2016
09/30/2016,LAX,CA,AWP,WE,Towers with Radar,1809,108,63,1,1981,0,0,7,0,7,1809,108,70,1,1988,0,0,0,1988
10/01/2016,LAX,CA,AWP,WE,Towers with Radar,1512,120,19,1,1652,0,0,13,0,13,1512,120,32,1,1665,0,0,0,1665
10/02/2016,LAX,CA,AWP,WE,Towers with Radar,1726,76,45,0,1847,0,0,1,0,1,1726,76,46,0,1848,0,0,0,1848
10/03/2016,LAX,CA,AWP,WE,Towers with Radar,1782,100,73,4,1959,0,0,3,0,3,1782,100,76,4,1962,0,0,0,1962
10/04/2016,LAX,CA,AWP,WE,Towers with Radar,1719,96,64,3,1882,0,0,13,0,13,1719,96,77,3,1895,0,0,0,1895
10/05/2016,LAX,CA,AWP,WE,Towers with Radar,1773,102,82,0,1957,0,0,11,0,11,1773,102,93,0,1968,0,0,0,1968
10/06/2016,LAX,CA,AWP,WE,Towers with Radar,1784,151,82,1,2018,0,0,7,0,7,1784,151,89,1,2025,0,0,0,2025
10/07/2016,LAX,CA,AWP,WE,Towers with Radar,1797,145,69,0,2011,0,0,12,0,12,1797,145,81,0,2023,0,0,0,2023
10/08/2016,LAX,CA,AWP,WE,Towers with Radar,1514,93,48,2,1657,0,0,5,0,5,1514,93,53,2,1662,0,0,0,1662
10/09/2016,LAX,CA,AWP,WE,Towers with Radar,1725,118,46,0,1889,0,0,3,0,3,1725,118,49,0,1892,0,0,0,1892
10/10/2016,LAX,CA,AWP,WE,Towers with Radar,1795,138,73,4,2010,0,0,9,0,9,1795,138,82,4,2019,0,0,0,2019
10/11/2016,LAX,CA,AWP,WE,Towers with Radar,1734,116,79,8,1937,0,0,2,0,2,1734,116,81,8,1939,0,0,0,1939
10/12/2016,LAX,CA,AWP,WE,Towers with Radar,1764,126,86,5,1981,0,0,2,0,2,1764,126,88,5,1983,0,0,0,1983
10/13/2016,LAX,CA,AWP,WE,Towers with Radar,1820,139,124,1,2084,0,0,6,0,6,1820,139,130,1,2090,0,0,0,2090
10/14/2016,LAX,CA,AWP,WE,Towers with Radar,1813,161,82,2,2058,0,0,1,0,1,1813,161,83,2,2059,0,0,0,2059
10/15/2016,LAX,CA,AWP,WE,Towers with Radar,1504,97,59,0,1660,0,0,2,0,2,1504,97,61,0,1662,0,0,0,1662
10/16/2016,LAX,CA,AWP,WE,Towers with Radar,1721,121,44,0,1886,0,1,3,0,4,1721,122,47,0,1890,0,0,0,1890
10/17/2016,LAX,CA,AWP,WE,Towers with Radar,1822,145,83,3,2053,0,0,3,0,3,1822,145,86,3,2056,0,0,0,2056
10/18/2016,LAX,CA,AWP,WE,Towers with Radar,1732,127,85,0,1944,0,0,2,0,2,1732,127,87,0,1946,0,0,0,1946
10/19/2016,LAX,CA,AWP,WE,Towers with Radar,1769,123,68,1,1961,0,0,5,0,5,1769,123,73,1,1966,0,0,0,1966
10/20/2016,LAX,CA,AWP,WE,Towers with Radar,1836,140,95,3,2074,0,0,14,0,14,1836,140,109,3,2088,0,0,0,2088
10/21/2016,LAX,CA,AWP,WE,Towers with Radar,1819,118,57,0,1994,0,0,5,0,5,1819,118,62,0,1999,0,0,0,1999
10/22/2016,LAX,CA,AWP,WE,Towers with Radar,1522,113,23,0,1658,0,0,8,0,8,1522,113,31,0,1666,0,0,0,1666
10/23/2016,LAX,CA,AWP,WE,Towers with Radar,1736,112,51,2,1901,0,0,6,0,6,1736,112,57,2,1907,0,0,0,1907
10/24/2016,LAX,CA,AWP,WE,Towers with Radar,1771,99,24,0,1894,0,0,1,1,2,1771,99,25,1,1896,0,0,0,1896
10/25/2016,LAX,CA,AWP,WE,Towers with Radar,1725,111,33,2,1871,0,0,6,0,6,1725,111,39,2,1877,0,0,0,1877
10/26/2016,LAX,CA,AWP,WE,Towers with Radar,1774,122,58,0,1954,0,0,5,2,7,1774,122,63,2,1961,0,0,0,1961
10/27/2016,LAX,CA,AWP,WE,Towers with Radar,1801,132,70,2,2005,0,0,10,1,11,1801,132,80,3,2016,0,0,0,2016
10/28/2016,LAX,CA,AWP,WE,Towers with Radar,1808,118,53,0,1979,0,0,2,0,2,1808,118,55,0,1981,0,0,0,1981
10/29/2016,LAX,CA,AWP,WE,Towers with Radar,1545,86,28,0,1659,0,0,7,0,7,1545,86,35,0,1666,0,0,0,1666
10/30/2016,LAX,CA,AWP,WE,Towers with Radar,1654,100,59,0,1813,0,0,0,0,0,1654,100,59,0,1813,0,0,0,1813
10/31/2016,LAX,CA,AWP,WE,Towers with Radar,1675,136,57,0,1868,0,0,1,0,1,1675,136,58,0,1869,0,0,0,1869
11/01/2016,LAX,CA,AWP,WE,Towers with Radar,1698,131,88,2,1919,0,0,5,1,6,1698,131,93,3,1925,0,0,0,1925
11/02/2016,LAX,CA,AWP,WE,Towers with Radar,1722,139,68,0,1929,0,1,4,2,7,1722,140,72,2,1936,0,0,0,1936
11/03/2016,LAX,CA,AWP,WE,Towers with Radar,1793,139,71,1,2004,1,0,3,0,4,1794,139,74,1,2008,0,0,0,2008
11/04/2016,LAX,CA,AWP,WE,Towers with Radar,1806,139,49,0,1994,0,0,12,0,12,1806,139,61,0,2006,0,0,0,2006
11/05/2016,LAX,CA,AWP,WE,Towers with Radar,1511,99,33,0,1643,0,0,3,1,4,1511,99,36,1,1647,0,0,0,1647
11/06/2016,LAX,CA,AWP,WE,Towers with Radar,1732,129,53,0,1914,0,0,4,0,4,1732,129,57,0,1918,0,0,0,1918
11/07/2016,LAX,CA,AWP,WE,Towers with Radar,1745,136,71,4,1956,0,0,5,1,6,1745,136,76,5,1962,0,0,0,1962
11/08/2016,LAX,CA,AWP,WE,Towers with Radar,1582,113,68,2,1765,0,0,5,6,11,1582,113,73,8,1776,0,0,0,1776
11/09/2016,LAX,CA,AWP,WE,Towers with Radar,1762,144,77,2,1985,0,1,5,1,7,1762,145,82,3,1992,0,0,0,1992
11/10/2016,LAX,CA,AWP,WE,Towers with Radar,1815,141,80,2,2038,0,0,18,0,18,1815,141,98,2,2056,0,0,0,2056
11/11/2016,LAX,CA,AWP,WE,Towers with Radar,1779,120,46,0,1945,0,0,4,0,4,1779,120,50,0,1949,0,0,0,1949
11/12/2016,LAX,CA,AWP,WE,Towers with Radar,1529,116,52,0,1697,0,0,13,2,15,1529,116,65,2,1712,0,0,0,1712
11/13/2016,LAX,CA,AWP,WE,Towers with Radar,1715,150,86,2,1953,0,0,4,6,10,1715,150,90,8,1963,0,0,0,1963
11/14/2016,LAX,CA,AWP,WE,Towers with Radar,1774,130,75,0,1979,0,0,4,2,6,1774,130,79,2,1985,0,0,0,1985
11/15/2016,LAX,CA,AWP,WE,Towers with Radar,1705,115,66,1,1887,0,1,6,0,7,1705,116,72,1,1894,0,0,0,1894
11/16/2016,LAX,CA,AWP,WE,Towers with Radar,1777,114,69,3,1963,0,0,4,0,4,1777,114,73,3,1967,0,0,0,1967
11/17/2016,LAX,CA,AWP,WE,Towers with Radar,1827,148,72,3,2050,0,0,4,0,4,1827,148,76,3,2054,0,0,0,2054
11/18/2016,LAX,CA,AWP,WE,Towers with Radar,1810,147,66,1,2024,0,0,5,1,6,1810,147,71,2,2030,0,0,0,2030
11/19/2016,LAX,CA,AWP,WE,Towers with Radar,1586,110,54,1,1751,0,2,4,0,6,1586,112,58,1,1757,0,0,0,1757
11/20/2016,LAX,CA,AWP,WE,Towers with Radar,1670,110,60,3,1843,0,0,2,0,2,1670,110,62,3,1845,0,0,0,1845
11/21/2016,LAX,CA,AWP,WE,Towers with Radar,1690,134,69,3,1896,0,0,6,0,6,1690,134,75,3,1902,0,0,0,1902
11/22/2016,LAX,CA,AWP,WE,Towers with Radar,1705,127,69,0,1901,0,0,6,0,6,1705,127,75,0,1907,0,0,0,1907
11/23/2016,LAX,CA,AWP,WE,Towers with Radar,1787,121,68,4,1980,0,0,12,0,12,1787,121,80,4,1992,0,0,0,1992
11/24/2016,LAX,CA,AWP,WE,Towers with Radar,1263,92,13,0,1368,0,0,0,0,0,1263,92,13,0,1368,0,0,0,1368
11/25/2016,LAX,CA,AWP,WE,Towers with Radar,1530,104,41,0,1675,0,0,2,2,4,1530,104,43,2,1679,0,0,0,1679
11/26/2016,LAX,CA,AWP,WE,Towers with Radar,1722,126,57,0,1905,0,0,5,0,5,1722,126,62,0,1910,0,0,0,1910
11/27/2016,LAX,CA,AWP,WE,Towers with Radar,1825,128,91,0,2044,0,0,0,1,1,1825,128,91,1,2045,0,0,0,2045
11/28/2016,LAX,CA,AWP,WE,Towers with Radar,1825,126,45,1,1997,0,0,0,3,3,1825,126,45,4,2000,0,0,0,2000
11/29/2016,LAX,CA,AWP,WE,Towers with Radar,1739,126,52,1,1918,0,0,4,2,6,1739,126,56,3,1924,0,0,0,1924
11/30/2016,LAX,CA,AWP,WE,Towers with Radar,1753,109,62,0,1924,0,0,7,0,7,1753,109,69,0,1931,0,0,0,1931
12/01/2016,LAX,CA,AWP,WE,Towers with Radar,1783,135,76,2,1996,0,1,8,0,9,1783,136,84,2,2005,0,0,0,2005
12/02/2016,LAX,CA,AWP,WE,Towers with Radar,1768,103,51,1,1923,0,0,3,0,3,1768,103,54,1,1926,0,0,0,1926
12/03/2016,LAX,CA,AWP,WE,Towers with Radar,1504,99,31,0,1634,0,0,3,0,3,1504,99,34,0,1637,0,0,0,1637
12/04/2016,LAX,CA,AWP,WE,Towers with Radar,1671,107,39,0,1817,0,0,7,0,7,1671,107,46,0,1824,0,0,0,1824
12/05/2016,LAX,CA,AWP,WE,Towers with Radar,1734,137,40,0,1911,0,0,0,0,0,1734,137,40,0,1911,0,0,0,1911
12/06/2016,LAX,CA,AWP,WE,Towers with Radar,1697,117,56,1,1871,0,0,14,0,14,1697,117,70,1,1885,0,0,0,1885
12/07/2016,LAX,CA,AWP,WE,Towers with Radar,1735,149,74,0,1958,0,0,0,0,0,1735,149,74,0,1958,0,0,0,1958
12/08/2016,LAX,CA,AWP,WE,Towers with Radar,1763,164,67,0,1994,0,0,5,0,5,1763,164,72,0,1999,0,0,0,1999
12/09/2016,LAX,CA,AWP,WE,Towers with Radar,1768,127,47,0,1942,0,0,6,2,8,1768,127,53,2,1950,0,0,0,1950
12/10/2016,LAX,CA,AWP,WE,Towers with Radar,1473,86,47,1,1607,0,0,1,0,1,1473,86,48,1,1608,0,0,0,1608
12/11/2016,LAX,CA,AWP,WE,Towers with Radar,1660,113,47,2,1822,0,0,3,0,3,1660,113,50,2,1825,0,0,0,1825
12/12/2016,LAX,CA,AWP,WE,Towers with Radar,1739,124,42,0,1905,0,0,2,0,2,1739,124,44,0,1907,0,0,0,1907
12/13/2016,LAX,CA,AWP,WE,Towers with Radar,1717,133,49,1,1900,0,0,4,2,6,1717,133,53,3,1906,0,0,0,1906
12/14/2016,LAX,CA,AWP,WE,Towers with Radar,1784,118,60,0,1962,1,0,2,1,4,1785,118,62,1,1966,0,0,0,1966
12/15/2016,LAX,CA,AWP,WE,Towers with Radar,1795,133,59,3,1990,0,0,0,0,0,1795,133,59,3,1990,0,0,0,1990
12/16/2016,LAX,CA,AWP,WE,Towers with Radar,1911,129,54,0,2094,0,0,5,0,5,1911,129,59,0,2099,0,0,0,2099
12/17/2016,LAX,CA,AWP,WE,Towers with Radar,1755,101,39,0,1895,0,1,6,0,7,1755,102,45,0,1902,0,0,0,1902
12/18/2016,LAX,CA,AWP,WE,Towers with Radar,1847,102,33,0,1982,0,1,3,0,4,1847,103,36,0,1986,0,0,0,1986
12/19/2016,LAX,CA,AWP,WE,Towers with Radar,1896,104,54,0,2054,0,0,4,1,5,1896,104,58,1,2059,0,0,0,2059
12/20/2016,LAX,CA,AWP,WE,Towers with Radar,1921,94,69,0,2084,0,0,5,1,6,1921,94,74,1,2090,0,0,0,2090
12/21/2016,LAX,CA,AWP,WE,Towers with Radar,1742,70,30,2,1844,0,1,0,0,1,1742,71,30,2,1845,0,0,0,1845
12/22/2016,LAX,CA,AWP,WE,Towers with Radar,1986,89,63,0,2138,0,0,4,0,4,1986,89,67,0,2142,0,0,0,2142
12/23/2016,LAX,CA,AWP,WE,Towers with Radar,1822,81,43,1,1947,0,0,0,0,0,1822,81,43,1,1947,0,0,0,1947
12/24/2016,LAX,CA,AWP,WE,Towers with Radar,1703,95,34,2,1834,0,0,5,0,5,1703,95,39,2,1839,0,0,0,1839
12/25/2016,LAX,CA,AWP,WE,Towers with Radar,1493,61,22,1,1577,0,0,0,0,0,1493,61,22,1,1577,0,0,0,1577
12/26/2016,LAX,CA,AWP,WE,Towers with Radar,1766,100,52,0,1918,1,0,1,0,2,1767,100,53,0,1920,0,0,0,1920
12/27/2016,LAX,CA,AWP,WE,Towers with Radar,1896,114,43,0,2053,0,3,8,0,11,1896,117,51,0,2064,0,0,0,2064
12/28/2016,LAX,CA,AWP,WE,Towers with Radar,1934,116,42,0,2092,0,0,5,6,11,1934,116,47,6,2103,0,0,0,2103
12/29/2016,LAX,CA,AWP,WE,Towers with Radar,1910,115,54,0,2079,0,1,5,0,6,1910,116,59,0,2085,0,0,0,2085
12/30/2016,LAX,CA,AWP,WE,Towers with Radar,1887,110,36,0,2033,0,1,3,0,4,1887,111,39,0,2037,0,0,0,2037
12/31/2016,LAX,CA,AWP,WE,Towers with Radar,1673,88,26,0,1787,0,0,1,0,1,1673,88,27,0,1788,0,0,0,1788
01/01/2017,LAX,CA,AWP,WE,Towers with Radar,1700,123,67,0,1890,0,0,1,0,1,1700,123,68,0,1891,0,0,0,1891
01/02/2017,LAX,CA,AWP,WE,Towers with Radar,1777,137,106,0,2020,0,0,2,0,2,1777,137,108,0,2022,0,0,0,2022
01/03/2017,LAX,CA,AWP,WE,Towers with Radar,1835,130,103,0,2068,0,0,4,0,4,1835,130,107,0,2072,0,0,0,2072
01/04/2017,LAX,CA,AWP,WE,Towers with Radar,1775,139,84,1,1999,0,0,6,1,7,1775,139,90,2,2006,0,0,0,2006
01/05/2017,LAX,CA,AWP,WE,Towers with Radar,1774,113,63,0,1950,0,0,1,0,1,1774,113,64,0,1951,0,0,0,1951
01/06/2017,LAX,CA,AWP,WE,Towers with Radar,1802,118,107,0,2027,0,0,6,0,6,1802,118,113,0,2033,0,0,0,2033
01/07/2017,LAX,CA,AWP,WE,Towers with Radar,1545,81,59,1,1686,0,0,1,0,1,1545,81,60,1,1687,0,0,0,1687
01/08/2017,LAX,CA,AWP,WE,Towers with Radar,1668,118,66,1,1853,0,0,1,0,1,1668,118,67,1,1854,0,0,0,1854
01/09/2017,LAX,CA,AWP,WE,Towers with Radar,1734,116,57,5,1912,0,0,0,0,0,1734,116,57,5,1912,0,0,0,1912
01/10/2017,LAX,CA,AWP,WE,Towers with Radar,1669,106,94,1,1870,0,0,1,0,1,1669,106,95,1,1871,0,0,0,1871
01/11/2017,LAX,CA,AWP,WE,Towers with Radar,1700,114,90,0,1904,0,0,4,0,4,1700,114,94,0,1908,0,0,0,1908
01/12/2017,LAX,CA,AWP,WE,Towers with Radar,1749,115,100,0,1964,0,0,5,3,8,1749,115,105,3,1972,0,0,0,1972
01/13/2017,LAX,CA,AWP,WE,Towers with Radar,1761,115,67,0,1943,0,0,6,0,6,1761,115,73,0,1949,0,0,0,1949
01/14/2017,LAX,CA,AWP,WE,Towers with Radar,1488,76,40,0,1604,0,0,5,0,5,1488,76,45,0,1609,0,0,0,1609
01/15/2017,LAX,CA,AWP,WE,Towers with Radar,1546,90,45,0,1681,0,0,3,1,4,1546,90,48,1,1685,0,0,0,1685
01/16/2017,LAX,CA,AWP,WE,Towers with Radar,1736,124,77,2,1939,0,2,4,1,7,1736,126,81,3,1946,0,0,0,1946
01/17/2017,LAX,CA,AWP,WE,Towers with Radar,1675,94,68,0,1837,0,1,5,0,6,1675,95,73,0,1843,0,0,0,1843
01/18/2017,LAX,CA,AWP,WE,Towers with Radar,1684,107,50,0,1841,0,0,4,1,5,1684,107,54,1,1846,0,0,0,1846
01/19/2017,LAX,CA,AWP,WE,Towers with Radar,1767,105,42,2,1916,0,0,1,0,1,1767,105,43,2,1917,0,0,0,1917
01/20/2017,LAX,CA,AWP,WE,Towers with Radar,1762,98,53,0,1913,0,0,1,0,1,1762,98,54,0,1914,0,0,0,1914
01/21/2017,LAX,CA,AWP,WE,Towers with Radar,1501,90,58,0,1649,1,0,10,0,11,1502,90,68,0,1660,0,0,0,1660
01/22/2017,LAX,CA,AWP,WE,Towers with Radar,1547,81,28,0,1656,0,0,0,0,0,1547,81,28,0,1656,0,0,0,1656
01/23/2017,LAX,CA,AWP,WE,Towers with Radar,1777,102,63,0,1942,1,0,3,0,4,1778,102,66,0,1946,0,0,0,1946
01/24/2017,LAX,CA,AWP,WE,Towers with Radar,1700,104,41,1,1846,0,0,12,0,12,1700,104,53,1,1858,0,0,0,1858
01/25/2017,LAX,CA,AWP,WE,Towers with Radar,1689,120,69,0,1878,0,0,2,6,8,1689,120,71,6,1886,0,0,0,1886
01/26/2017,LAX,CA,AWP,WE,Towers with Radar,1770,119,84,1,1974,0,2,6,0,8,1770,121,90,1,1982,0,0,0,1982
01/27/2017,LAX,CA,AWP,WE,Towers with Radar,1781,116,67,0,1964,1,0,3,0,4,1782,116,70,0,1968,0,0,0,1968
01/28/2017,LAX,CA,AWP,WE,Towers with Radar,1491,73,59,0,1623,1,0,9,0,10,1492,73,68,0,1633,0,0,0,1633
01/29/2017,LAX,CA,AWP,WE,Towers with Radar,1556,139,69,0,1764,0,0,6,0,6,1556,139,75,0,1770,0,0,0,1770
01/30/2017,LAX,CA,AWP,WE,Towers with Radar,1743,108,60,0,1911,0,0,8,0,8,1743,108,68,0,1919,0,0,0,1919
01/31/2017,LAX,CA,AWP,WE,Towers with Radar,1674,110,67,1,1852,0,1,5,0,6,1674,111,72,1,1858,0,0,0,1858
02/01/2017,LAX,CA,AWP,WE,Towers with Radar,1702,114,60,1,1877,0,0,3,0,3,1702,114,63,1,1880,0,0,0,1880
02/02/2017,LAX,CA,AWP,WE,Towers with Radar,1737,123,80,0,1940,0,0,9,0,9,1737,123,89,0,1949,0,0,0,1949
02/03/2017,LAX,CA,AWP,WE,Towers with Radar,1724,124,57,0,1905,0,0,0,0,0,1724,124,57,0,1905,0,0,0,1905
02/04/2017,LAX,CA,AWP,WE,Towers with Radar,1483,86,52,0,1621,0,0,7,0,7,1483,86,59,0,1628,0,0,0,1628
02/05/2017,LAX,CA,AWP,WE,Towers with Radar,1480,108,70,0,1658,0,0,1,0,1,1480,108,71,0,1659,0,0,0,1659
02/06/2017,LAX,CA,AWP,WE,Towers with Radar,1640,111,47,1,1799,0,1,0,0,1,1640,112,47,1,1800,0,0,0,1800
02/07/2017,LAX,CA,AWP,WE,Towers with Radar,1670,117,56,1,1844,0,0,1,0,1,1670,117,57,1,1845,0,0,0,1845
02/08/2017,LAX,CA,AWP,WE,Towers with Radar,1662,149,39,0,1850,0,0,8,0,8,1662,149,47,0,1858,0,0,0,1858
02/09/2017,LAX,CA,AWP,WE,Towers with Radar,1676,118,68,1,1863,0,0,0,0,0,1676,118,68,1,1863,0,0,0,1863
02/10/2017,LAX,CA,AWP,WE,Towers with Radar,1750,133,69,3,1955,0,0,2,0,2,1750,133,71,3,1957,0,0,0,1957
02/11/2017,LAX,CA,AWP,WE,Towers with Radar,1511,94,30,0,1635,0,0,9,2,11,1511,94,39,2,1646,0,0,0,1646
02/12/2017,LAX,CA,AWP,WE,Towers with Radar,1638,125,59,1,1823,0,0,13,1,14,1638,125,72,2,1837,0,0,0,1837
02/13/2017,LAX,CA,AWP,WE,Towers with Radar,1717,111,59,2,1889,0,0,9,0,9,1717,111,68,2,1898,0,0,0,1898
02/14/2017,LAX,CA,AWP,WE,Towers with Radar,1644,132,77,1,1854,0,0,11,2,13,1644,132,88,3,1867,0,0,0,1867
02/15/2017,LAX,CA,AWP,WE,Towers with Radar,1709,120,53,3,1885,0,0,10,0,10,1709,120,63,3,1895,0,0,0,1895
02/16/2017,LAX,CA,AWP,WE,Towers with Radar,1766,140,83,0,1989,0,0,9,0,9,1766,140,92,0,1998,0,0,0,1998
02/17/2017,LAX,CA,AWP,WE,Towers with Radar,1595,59,33,0,1687,0,0,2,0,2,1595,59,35,0,1689,0,0,0,1689
02/18/2017,LAX,CA,AWP,WE,Towers with Radar,1625,86,39,0,1750,0,0,2,0,2,1625,86,41,0,1752,0,0,0,1752
02/19/2017,LAX,CA,AWP,WE,Towers with Radar,1602,92,41,0,1735,0,0,7,0,7,1602,92,48,0,1742,0,0,0,1742
02/20/2017,LAX,CA,AWP,WE,Towers with Radar,1684,123,79,1,1887,0,0,0,0,0,1684,123,79,1,1887,0,0,0,1887
02/21/2017,LAX,CA,AWP,WE,Towers with Radar,1761,128,59,1,1949,0,0,1,0,1,1761,128,60,1,1950,0,0,0,1950
02/22/2017,LAX,CA,AWP,WE,Towers with Radar,1724,113,86,0,1923,0,0,3,3,6,1724,113,89,3,1929,0,0,0,1929
02/23/2017,LAX,CA,AWP,WE,Towers with Radar,1773,130,61,0,1964,0,0,4,3,7,1773,130,65,3,1971,0,0,0,1971
02/24/2017,LAX,CA,AWP,WE,Towers with Radar,1794,124,65,2,1985,0,1,8,3,12,1794,125,73,5,1997,0,0,0,1997
02/25/2017,LAX,CA,AWP,WE,Towers with Radar,1543,94,43,1,1681,0,0,5,3,8,1543,94,48,4,1689,0,0,0,1689
02/26/2017,LAX,CA,AWP,WE,Towers with Radar,1695,110,66,5,1876,0,0,4,0,4,1695,110,70,5,1880,0,0,0,1880
02/27/2017,LAX,CA,AWP,WE,Towers with Radar,1759,100,62,0,1921,0,0,4,0,4,1759,100,66,0,1925,0,0,0,1925
02/28/2017,LAX,CA,AWP,WE,Towers with Radar,1709,109,52,1,1871,0,0,4,0,4,1709,109,56,1,1875,0,0,0,1875
03/01/2017,LAX,CA,AWP,WE,Towers with Radar,1725,109,73,0,1907,0,0,7,1,8,1725,109,80,1,1915,0,0,0,1915
03/02/2017,LAX,CA,AWP,WE,Towers with Radar,1755,105,38,1,1899,0,1,7,2,10,1755,106,45,3,1909,0,0,0,1909
03/03/2017,LAX,CA,AWP,WE,Towers with Radar,1785,112,57,0,1954,0,0,9,0,9,1785,112,66,0,1963,0,0,0,1963
03/04/2017,LAX,CA,AWP,WE,Towers with Radar,1594,93,33,2,1722,0,0,13,1,14,1594,93,46,3,1736,0,0,0,1736
03/05/2017,LAX,CA,AWP,WE,Towers with Radar,1657,91,45,0,1793,0,0,4,0,4,1657,91,49,0,1797,0,0,0,1797
03/06/2017,LAX,CA,AWP,WE,Towers with Radar,1743,119,48,1,1911,0,0,3,0,3,1743,119,51,1,1914,0,0,0,1914
03/07/2017,LAX,CA,AWP,WE,Towers with Radar,1735,101,54,1,1891,0,0,2,1,3,1735,101,56,2,1894,0,0,0,1894
03/08/2017,LAX,CA,AWP,WE,Towers with Radar,1722,119,74,0,1915,0,0,6,1,7,1722,119,80,1,1922,0,0,0,1922
03/09/2017,LAX,CA,AWP,WE,Towers with Radar,1831,133,77,0,2041,0,0,5,1,6,1831,133,82,1,2047,0,0,0,2047
03/10/2017,LAX,CA,AWP,WE,Towers with Radar,1802,113,49,0,1964,0,0,8,2,10,1802,113,57,2,1974,0,0,0,1974
03/11/2017,LAX,CA,AWP,WE,Towers with Radar,1613,98,30,0,1741,0,0,2,2,4,1613,98,32,2,1745,0,0,0,1745
03/12/2017,LAX,CA,AWP,WE,Towers with Radar,1743,112,46,0,1901,0,0,0,0,0,1743,112,46,0,1901,0,0,0,1901
03/13/2017,LAX,CA,AWP,WE,Towers with Radar,1771,104,43,0,1918,0,0,1,0,1,1771,104,44,0,1919,0,0,0,1919
03/14/2017,LAX,CA,AWP,WE,Towers with Radar,1622,127,55,2,1806,0,0,2,0,2,1622,127,57,2,1808,0,0,0,1808
03/15/2017,LAX,CA,AWP,WE,Towers with Radar,1742,118,61,0,1921,0,0,4,1,5,1742,118,65,1,1926,0,0,0,1926
03/16/2017,LAX,CA,AWP,WE,Towers with Radar,1816,126,64,0,2006,0,0,8,1,9,1816,126,72,1,2015,0,0,0,2015
03/17/2017,LAX,CA,AWP,WE,Towers with Radar,1823,117,45,0,1985,0,0,5,2,7,1823,117,50,2,1992,0,0,0,1992
03/18/2017,LAX,CA,AWP,WE,Towers with Radar,1641,84,55,1,1781,0,0,11,0,11,1641,84,66,1,1792,0,0,0,1792
03/19/2017,LAX,CA,AWP,WE,Towers with Radar,1758,116,73,0,1947,0,1,3,0,4,1758,117,76,0,1951,0,0,0,1951
03/20/2017,LAX,CA,AWP,WE,Towers with Radar,1781,123,64,1,1969,0,0,3,0,3,1781,123,67,1,1972,0,0,0,1972
03/21/2017,LAX,CA,AWP,WE,Towers with Radar,1759,117,75,0,1951,0,0,5,0,5,1759,117,80,0,1956,0,0,0,1956
03/22/2017,LAX,CA,AWP,WE,Towers with Radar,1793,118,73,0,1984,0,0,3,0,3,1793,118,76,0,1987,0,0,0,1987
03/23/2017,LAX,CA,AWP,WE,Towers with Radar,1820,119,90,0,2029,0,0,3,0,3,1820,119,93,0,2032,0,0,0,2032
03/24/2017,LAX,CA,AWP,WE,Towers with Radar,1790,115,68,0,1973,0,0,8,3,11,1790,115,76,3,1984,0,0,0,1984
03/25/2017,LAX,CA,AWP,WE,Towers with Radar,1628,95,47,0,1770,0,0,12,0,12,1628,95,59,0,1782,0,0,0,1782
03/26/2017,LAX,CA,AWP,WE,Towers with Radar,1752,98,54,2,1906,0,0,2,1,3,1752,98,56,3,1909,0,0,0,1909
03/27/2017,LAX,CA,AWP,WE,Towers with Radar,1799,121,63,0,1983,0,0,4,1,5,1799,121,67,1,1988,0,0,0,1988
03/28/2017,LAX,CA,AWP,WE,Towers with Radar,1750,126,61,0,1937,0,0,8,1,9,1750,126,69,1,1946,0,0,0,1946
03/29/2017,LAX,CA,AWP,WE,Towers with Radar,1782,122,70,2,1976,0,0,12,2,14,1782,122,82,4,1990,0,0,0,1990
03/30/2017,LAX,CA,AWP,WE,Towers with Radar,1791,145,87,0,2023,0,0,2,0,2,1791,145,89,0,2025,0,0,0,2025
03/31/2017,LAX,CA,AWP,WE,Towers with Radar,1854,139,100,0,2093,0,0,9,0,9,1854,139,109,0,2102,0,0,0,2102
04/01/2017,LAX,CA,AWP,WE,Towers with Radar,1618,80,56,1,1755,0,0,14,0,14,1618,80,70,1,1769,0,0,0,1769
04/02/2017,LAX,CA,AWP,WE,Towers with Radar,1740,118,70,1,1929,0,0,2,0,2,1740,118,72,1,1931,0,0,0,1931
04/03/2017,LAX,CA,AWP,WE,Towers with Radar,1788,127,75,0,1990,0,0,5,2,7,1788,127,80,2,1997,0,0,0,1997
04/04/2017,LAX,CA,AWP,WE,Towers with Radar,1759,106,63,0,1928,0,0,3,0,3,1759,106,66,0,1931,0,0,0,1931
04/05/2017,LAX,CA,AWP,WE,Towers with Radar,1762,115,49,0,1926,0,0,5,0,5,1762,115,54,0,1931,0,0,0,1931
04/06/2017,LAX,CA,AWP,WE,Towers with Radar,1766,134,67,1,1968,0,0,0,12,12,1766,134,67,13,1980,0,0,0,1980
04/07/2017,LAX,CA,AWP,WE,Towers with Radar,1788,122,55,1,1966,0,4,1,1,6,1788,126,56,2,1972,0,0,0,1972
04/08/2017,LAX,CA,AWP,WE,Towers with Radar,1588,107,51,3,1749,0,0,10,4,14,1588,107,61,7,1763,0,0,0,1763
04/09/2017,LAX,CA,AWP,WE,Towers with Radar,1744,102,63,0,1909,0,0,10,0,10,1744,102,73,0,1919,0,0,0,1919
04/10/2017,LAX,CA,AWP,WE,Towers with Radar,1788,108,87,1,1984,0,8,7,8,23,1788,116,94,9,2007,0,0,0,2007
04/11/2017,LAX,CA,AWP,WE,Towers with Radar,1772,124,61,0,1957,0,0,4,2,6,1772,124,65,2,1963,0,0,0,1963
04/12/2017,LAX,CA,AWP,WE,Towers with Radar,1760,108,66,0,1934,0,0,5,0,5,1760,108,71,0,1939,0,0,0,1939
04/13/2017,LAX,CA,AWP,WE,Towers with Radar,1849,115,50,1,2015,0,0,7,2,9,1849,115,57,3,2024,0,0,0,2024
04/14/2017,LAX,CA,AWP,WE,Towers with Radar,1835,146,34,0,2015,0,0,11,1,12,1835,146,45,1,2027,0,0,0,2027
04/15/2017,LAX,CA,AWP,WE,Towers with Radar,1554,92,37,0,1683,0,1,8,1,10,1554,93,45,1,1693,0,0,0,1693
04/16/2017,LAX,CA,AWP,WE,Towers with Radar,1677,113,28,0,1818,0,0,10,1,11,1677,113,38,1,1829,0,0,0,1829
04/17/2017,LAX,CA,AWP,WE,Towers with Radar,1778,126,60,1,1965,0,0,3,0,3,1778,126,63,1,1968,0,0,0,1968
04/18/2017,LAX,CA,AWP,WE,Towers with Radar,1775,120,45,1,1941,0,0,0,0,0,1775,120,45,1,1941,0,0,0,1941
04/19/2017,LAX,CA,AWP,WE,Towers with Radar,1767,140,67,2,1976,1,0,6,1,8,1768,140,73,3,1984,0,0,0,1984
04/20/2017,LAX,CA,AWP,WE,Towers with Radar,1831,99,65,0,1995,0,0,6,0,6,1831,99,71,0,2001,0,0,0,2001
04/21/2017,LAX,CA,AWP,WE,Towers with Radar,1824,97,50,1,1972,0,0,8,1,9,1824,97,58,2,1981,0,0,0,1981
04/22/2017,LAX,CA,AWP,WE,Towers with Radar,1580,82,50,0,1712,0,0,4,0,4,1580,82,54,0,1716,0,0,0,1716
04/23/2017,LAX,CA,AWP,WE,Towers with Radar,1721,101,64,0,1886,0,0,9,0,9,1721,101,73,0,1895,0,0,0,1895
04/24/2017,LAX,CA,AWP,WE,Towers with Radar,1787,81,62,1,1931,0,0,9,0,9,1787,81,71,1,1940,0,0,0,1940
04/25/2017,LAX,CA,AWP,WE,Towers with Radar,1782,86,96,0,1964,0,0,4,3,7,1782,86,100,3,1971,0,0,0,1971
04/26/2017,LAX,CA,AWP,WE,Towers with Radar,1770,84,63,2,1919,0,0,3,2,5,1770,84,66,4,1924,0,0,0,1924
04/27/2017,LAX,CA,AWP,WE,Towers with Radar,1757,78,59,1,1895,0,0,6,2,8,1757,78,65,3,1903,0,0,0,1903
04/28/2017,LAX,CA,AWP,WE,Towers with Radar,1867,84,76,0,2027,0,0,2,0,2,1867,84,78,0,2029,0,0,0,2029
04/29/2017,LAX,CA,AWP,WE,Towers with Radar,1587,72,46,0,1705,0,0,6,0,6,1587,72,52,0,1711,0,0,0,1711
04/30/2017,LAX,CA,AWP,WE,Towers with Radar,1704,79,89,1,1873,0,0,14,1,15,1704,79,103,2,1888,0,0,0,1888
05/01/2017,LAX,CA,AWP,WE,Towers with Radar,1819,109,64,1,1993,0,0,9,0,9,1819,109,73,1,2002,0,0,0,2002
05/02/2017,LAX,CA,AWP,WE,Towers with Radar,1796,93,85,2,1976,0,0,4,1,5,1796,93,89,3,1981,0,0,0,1981
05/03/2017,LAX,CA,AWP,WE,Towers with Radar,1768,91,95,0,1954,0,0,8,0,8,1768,91,103,0,1962,0,0,0,1962
05/04/2017,LAX,CA,AWP,WE,Towers with Radar,1815,96,66,0,1977,0,0,5,1,6,1815,96,71,1,1983,0,0,0,1983
05/05/2017,LAX,CA,AWP,WE,Towers with Radar,1844,79,33,1,1957,0,0,2,0,2,1844,79,35,1,1959,0,0,0,1959
05/06/2017,LAX,CA,AWP,WE,Towers with Radar,1596,68,35,1,1700,0,0,4,0,4,1596,68,39,1,1704,0,0,0,1704
05/07/2017,LAX,CA,AWP,WE,Towers with Radar,1687,79,51,2,1819,0,0,10,0,10,1687,79,61,2,1829,0,0,0,1829
05/08/2017,LAX,CA,AWP,WE,Towers with Radar,1845,106,43,0,1994,0,0,8,0,8,1845,106,51,0,2002,0,0,0,2002
05/09/2017,LAX,CA,AWP,WE,Towers with Radar,1770,79,38,0,1887,0,0,2,0,2,1770,79,40,0,1889,0,0,0,1889
05/10/2017,LAX,CA,AWP,WE,Towers with Radar,1793,98,57,1,1949,0,0,3,0,3,1793,98,60,1,1952,0,0,0,1952
05/11/2017,LAX,CA,AWP,WE,Towers with Radar,1819,86,50,0,1955,0,0,4,2,6,1819,86,54,2,1961,0,0,0,1961
05/12/2017,LAX,CA,AWP,WE,Towers with Radar,1858,83,44,0,1985,0,0,4,1,5,1858,83,48,1,1990,0,0,0,1990
05/13/2017,LAX,CA,AWP,WE,Towers with Radar,1561,73,37,2,1673,0,0,7,1,8,1561,73,44,3,1681,0,0,0,1681
05/14/2017,LAX,CA,AWP,WE,Towers with Radar,1714,79,20,0,1813,0,0,11,0,11,1714,79,31,0,1824,0,0,0,1824
05/15/2017,LAX,CA,AWP,WE,Towers with Radar,1809,89,36,0,1934,0,0,3,0,3,1809,89,39,0,1937,0,0,0,1937
05/16/2017,LAX,CA,AWP,WE,Towers with Radar,1758,71,44,0,1873,0,0,4,2,6,1758,71,48,2,1879,0,0,0,1879
05/17/2017,LAX,CA,AWP,WE,Towers with Radar,1789,97,32,5,1923,0,0,3,1,4,1789,97,35,6,1927,0,0,0,1927
05/18/2017,LAX,CA,AWP,WE,Towers with Radar,1836,87,41,5,1969,0,0,2,0,2,1836,87,43,5,1971,0,0,0,1971
05/19/2017,LAX,CA,AWP,WE,Towers with Radar,1841,75,25,4,1945,0,0,6,2,8,1841,75,31,6,1953,0,0,0,1953
05/20/2017,LAX,CA,AWP,WE,Towers with Radar,1595,68,26,0,1689,0,0,8,1,9,1595,68,34,1,1698,0,0,0,1698
05/21/2017,LAX,CA,AWP,WE,Towers with Radar,1741,87,42,0,1870,0,1,11,0,12,1741,88,53,0,1882,0,0,0,1882
05/22/2017,LAX,CA,AWP,WE,Towers with Radar,1824,94,24,0,1942,0,0,2,0,2,1824,94,26,0,1944,0,0,0,1944
05/23/2017,LAX,CA,AWP,WE,Towers with Radar,1789,84,51,0,1924,0,0,2,0,2,1789,84,53,0,1926,0,0,0,1926
05/24/2017,LAX,CA,AWP,WE,Towers with Radar,1814,80,43,0,1937,0,3,4,0,7,1814,83,47,0,1944,0,0,0,1944
05/25/2017,LAX,CA,AWP,WE,Towers with Radar,1838,84,54,2,1978,0,0,5,0,5,1838,84,59,2,1983,0,0,0,1983
05/26/2017,LAX,CA,AWP,WE,Towers with Radar,1839,83,58,0,1980,0,0,6,0,6,1839,83,64,0,1986,0,0,0,1986
05/27/2017,LAX,CA,AWP,WE,Towers with Radar,1596,60,23,1,1680,0,0,6,1,7,1596,60,29,2,1687,0,0,0,1687
05/28/2017,LAX,CA,AWP,WE,Towers with Radar,1597,63,19,0,1679,0,0,9,0,9,1597,63,28,0,1688,0,0,0,1688
05/29/2017,LAX,CA,AWP,WE,Towers with Radar,1752,93,40,1,1886,0,0,5,0,5,1752,93,45,1,1891,0,0,0,1891
05/30/2017,LAX,CA,AWP,WE,Towers with Radar,1775,93,50,1,1919,0,0,4,0,4,1775,93,54,1,1923,0,0,0,1923
05/31/2017,LAX,CA,AWP,WE,Towers with Radar,1837,91,53,3,1984,0,0,3,0,3,1837,91,56,3,1987,0,0,0,1987
06/01/2017,LAX,CA,AWP,WE,Towers with Radar,1876,92,46,1,2015,0,0,1,0,1,1876,92,47,1,2016,0,0,0,2016
06/02/2017,LAX,CA,AWP,WE,Towers with Radar,1857,80,37,2,1976,0,0,6,0,6,1857,80,43,2,1982,0,0,0,1982
06/03/2017,LAX,CA,AWP,WE,Towers with Radar,1652,63,16,0,1731,0,0,3,0,3,1652,63,19,0,1734,0,0,0,1734
06/04/2017,LAX,CA,AWP,WE,Towers with Radar,1798,82,24,4,1908,0,0,0,0,0,1798,82,24,4,1908,0,0,0,1908
06/05/2017,LAX,CA,AWP,WE,Towers with Radar,1885,95,54,0,2034,0,0,0,1,1,1885,95,54,1,2035,0,0,0,2035
06/06/2017,LAX,CA,AWP,WE,Towers with Radar,1859,91,37,0,1987,0,0,3,0,3,1859,91,40,0,1990,0,0,0,1990
06/07/2017,LAX,CA,AWP,WE,Towers with Radar,1874,105,44,0,2023,0,0,2,0,2,1874,105,46,0,2025,0,0,0,2025
06/08/2017,LAX,CA,AWP,WE,Towers with Radar,1892,87,52,0,2031,0,0,2,0,2,1892,87,54,0,2033,0,0,0,2033
06/09/2017,LAX,CA,AWP,WE,Towers with Radar,1905,98,46,1,2050,0,0,4,0,4,1905,98,50,1,2054,0,0,0,2054
06/10/2017,LAX,CA,AWP,WE,Towers with Radar,1735,62,24,1,1822,0,0,3,0,3,1735,62,27,1,1825,0,0,0,1825
06/11/2017,LAX,CA,AWP,WE,Towers with Radar,1828,83,32,0,1943,0,0,5,2,7,1828,83,37,2,1950,0,0,0,1950
06/12/2017,LAX,CA,AWP,WE,Towers with Radar,1916,104,50,1,2071,0,0,2,0,2,1916,104,52,1,2073,0,0,0,2073
06/13/2017,LAX,CA,AWP,WE,Towers with Radar,1891,101,51,3,2046,0,0,12,3,15,1891,101,63,6,2061,0,0,0,2061
06/14/2017,LAX,CA,AWP,WE,Towers with Radar,1886,102,45,0,2033,0,0,10,0,10,1886,102,55,0,2043,0,0,0,2043
06/15/2017,LAX,CA,AWP,WE,Towers with Radar,1930,92,50,0,2072,0,0,9,2,11,1930,92,59,2,2083,0,0,0,2083
06/16/2017,LAX,CA,AWP,WE,Towers with Radar,1926,85,65,2,2078,1,0,4,0,5,1927,85,69,2,2083,0,0,0,2083
06/17/2017,LAX,CA,AWP,WE,Towers with Radar,1752,57,38,0,1847,1,0,14,1,16,1753,57,52,1,1863,0,0,0,1863
06/18/2017,LAX,CA,AWP,WE,Towers with Radar,1842,92,40,0,1974,0,0,4,0,4,1842,92,44,0,1978,0,0,0,1978
06/19/2017,LAX,CA,AWP,WE,Towers with Radar,1874,98,43,0,2015,0,0,1,0,1,1874,98,44,0,2016,0,0,0,2016
06/20/2017,LAX,CA,AWP,WE,Towers with Radar,1904,90,49,2,2045,0,0,0,0,0,1904,90,49,2,2045,0,0,0,2045
06/21/2017,LAX,CA,AWP,WE,Towers with Radar,1924,82,55,5,2066,0,0,0,0,0,1924,82,55,5,2066,0,0,0,2066
06/22/2017,LAX,CA,AWP,WE,Towers with Radar,1932,93,43,2,2070,0,0,4,0,4,1932,93,47,2,2074,0,0,0,2074
06/23/2017,LAX,CA,AWP,WE,Towers with Radar,1947,89,32,3,2071,0,0,2,0,2,1947,89,34,3,2073,0,0,0,2073
06/24/2017,LAX,CA,AWP,WE,Towers with Radar,1753,62,23,0,1838,1,0,5,0,6,1754,62,28,0,1844,0,0,0,1844
06/25/2017,LAX,CA,AWP,WE,Towers with Radar,1864,86,41,0,1991,0,4,8,0,12,1864,90,49,0,2003,0,0,0,2003
06/26/2017,LAX,CA,AWP,WE,Towers with Radar,1929,95,60,0,2084,0,0,11,0,11,1929,95,71,0,2095,0,0,0,2095
06/27/2017,LAX,CA,AWP,WE,Towers with Radar,1895,91,56,0,2042,0,0,5,2,7,1895,91,61,2,2049,0,0,0,2049
06/28/2017,LAX,CA,AWP,WE,Towers with Radar,1924,90,54,0,2068,0,0,2,2,4,1924,90,56,2,2072,0,0,0,2072
06/29/2017,LAX,CA,AWP,WE,Towers with Radar,1934,85,40,0,2059,0,0,12,6,18,1934,85,52,6,2077,0,0,0,2077
06/30/2017,LAX,CA,AWP,WE,Towers with Radar,1936,98,31,0,2065,0,0,0,0,0,1936,98,31,0,2065,0,0,0,2065
07/01/2017,LAX,CA,AWP,WE,Towers with Radar,1763,60,36,1,1860,1,0,3,0,4,1764,60,39,1,1864,0,0,0,1864
07/02/2017,LAX,CA,AWP,WE,Towers with Radar,1793,71,23,2,1889,0,0,6,0,6,1793,71,29,2,1895,0,0,0,1895
07/03/2017,LAX,CA,AWP,WE,Towers with Radar,1723,86,31,0,1840,0,0,5,0,5,1723,86,36,0,1845,0,0,0,1845
07/04/2017,LAX,CA,AWP,WE,Towers with Radar,1685,74,16,0,1775,0,0,5,0,5,1685,74,21,0,1780,0,0,0,1780
07/05/2017,LAX,CA,AWP,WE,Towers with Radar,1884,89,43,1,2017,0,0,5,3,8,1884,89,48,4,2025,0,0,0,2025
07/06/2017,LAX,CA,AWP,WE,Towers with Radar,1958,87,33,0,2078,0,0,13,0,13,1958,87,46,0,2091,0,0,0,2091
07/07/2017,LAX,CA,AWP,WE,Towers with Radar,1906,102,40,3,2051,0,0,2,0,2,1906,102,42,3,2053,0,0,0,2053
07/08/2017,LAX,CA,AWP,WE,Towers with Radar,1781,64,28,0,1873,0,1,7,0,8,1781,65,35,0,1881,0,0,0,1881
07/09/2017,LAX,CA,AWP,WE,Towers with Radar,1892,94,24,0,2010,0,0,6,0,6,1892,94,30,0,2016,0,0,0,2016
07/10/2017,LAX,CA,AWP,WE,Towers with Radar,1910,90,49,0,2049,0,0,1,0,1,1910,90,50,0,2050,0,0,0,2050
07/11/2017,LAX,CA,AWP,WE,Towers with Radar,1932,91,59,0,2082,0,0,8,0,8,1932,91,67,0,2090,0,0,0,2090
07/12/2017,LAX,CA,AWP,WE,Towers with Radar,1926,82,49,1,2058,0,0,4,0,4,1926,82,53,1,2062,0,0,0,2062
07/13/2017,LAX,CA,AWP,WE,Towers with Radar,1961,94,54,3,2112,0,0,2,0,2,1961,94,56,3,2114,0,0,0,2114
07/14/2017,LAX,CA,AWP,WE,Towers with Radar,1924,92,54,3,2073,0,0,3,0,3,1924,92,57,3,2076,0,0,0,2076
07/15/2017,LAX,CA,AWP,WE,Towers with Radar,1785,62,28,0,1875,0,0,13,0,13,1785,62,41,0,1888,0,0,0,1888
07/16/2017,LAX,CA,AWP,WE,Towers with Radar,1896,88,23,1,2008,0,0,2,0,2,1896,88,25,1,2010,0,0,0,2010
07/17/2017,LAX,CA,AWP,WE,Towers with Radar,1908,101,53,0,2062,0,0,6,3,9,1908,101,59,3,2071,0,0,0,2071
07/18/2017,LAX,CA,AWP,WE,Towers with Radar,1936,72,45,0,2053,0,0,11,2,13,1936,72,56,2,2066,0,0,0,2066
07/19/2017,LAX,CA,AWP,WE,Towers with Radar,1962,102,48,3,2115,0,0,4,1,5,1962,102,52,4,2120,0,0,0,2120
07/20/2017,LAX,CA,AWP,WE,Towers with Radar,1956,84,66,0,2106,0,1,11,1,13,1956,85,77,1,2119,0,0,0,2119
07/21/2017,LAX,CA,AWP,WE,Towers with Radar,1939,84,41,0,2064,0,0,5,0,5,1939,84,46,0,2069,0,0,0,2069
07/22/2017,LAX,CA,AWP,WE,Towers with Radar,1787,65,29,2,1883,0,0,5,0,5,1787,65,34,2,1888,0,0,0,1888
07/23/2017,LAX,CA,AWP,WE,Towers with Radar,1876,79,35,1,1991,1,0,8,0,9,1877,79,43,1,2000,0,0,0,2000
07/24/2017,LAX,CA,AWP,WE,Towers with Radar,1926,83,38,1,2048,0,0,3,0,3,1926,83,41,1,2051,0,0,0,2051
07/25/2017,LAX,CA,AWP,WE,Towers with Radar,1938,93,24,0,2055,0,0,6,0,6,1938,93,30,0,2061,0,0,0,2061
07/26/2017,LAX,CA,AWP,WE,Towers with Radar,1941,82,49,2,2074,0,0,3,0,3,1941,82,52,2,2077,0,0,0,2077
07/27/2017,LAX,CA,AWP,WE,Towers with Radar,1987,89,42,0,2118,0,0,7,0,7,1987,89,49,0,2125,0,0,0,2125
07/28/2017,LAX,CA,AWP,WE,Towers with Radar,1935,90,34,1,2060,0,0,9,1,10,1935,90,43,2,2070,0,0,0,2070
07/29/2017,LAX,CA,AWP,WE,Towers with Radar,1788,64,29,0,1881,0,0,8,1,9,1788,64,37,1,1890,0,0,0,1890
07/30/2017,LAX,CA,AWP,WE,Towers with Radar,1886,90,27,2,2005,0,0,6,0,6,1886,90,33,2,2011,0,0,0,2011
07/31/2017,LAX,CA,AWP,WE,Towers with Radar,1922,79,40,1,2042,0,0,2,0,2,1922,79,42,1,2044,0,0,0,2044
08/01/2017,LAX,CA,AWP,WE,Towers with Radar,1949,81,48,1,2079,0,0,6,0,6,1949,81,54,1,2085,0,0,0,2085
08/02/2017,LAX,CA,AWP,WE,Towers with Radar,1915,100,44,0,2059,0,0,4,1,5,1915,100,48,1,2064,0,0,0,2064
08/03/2017,LAX,CA,AWP,WE,Towers with Radar,1938,90,43,2,2073,0,0,6,0,6,1938,90,49,2,2079,0,0,0,2079
08/04/2017,LAX,CA,AWP,WE,Towers with Radar,1946,88,42,0,2076,0,0,7,1,8,1946,88,49,1,2084,0,0,0,2084
08/05/2017,LAX,CA,AWP,WE,Towers with Radar,1795,60,22,3,1880,0,0,4,0,4,1795,60,26,3,1884,0,0,0,1884
08/06/2017,LAX,CA,AWP,WE,Towers with Radar,1859,98,40,0,1997,0,1,2,0,3,1859,99,42,0,2000,0,0,0,2000
08/07/2017,LAX,CA,AWP,WE,Towers with Radar,1911,91,47,2,2051,0,0,9,0,9,1911,91,56,2,2060,0,0,0,2060
08/08/2017,LAX,CA,AWP,WE,Towers with Radar,1893,87,34,1,2015,0,0,9,0,9,1893,87,43,1,2024,0,0,0,2024
08/09/2017,LAX,CA,AWP,WE,Towers with Radar,1920,96,31,1,2048,0,0,3,0,3,1920,96,34,1,2051,0,0,0,2051
08/10/2017,LAX,CA,AWP,WE,Towers with Radar,1943,95,39,1,2078,0,0,14,1,15,1943,95,53,2,2093,0,0,0,2093
08/11/2017,LAX,CA,AWP,WE,Towers with Radar,1958,83,25,0,2066,0,0,1,0,1,1958,83,26,0,2067,0,0,0,2067
08/12/2017,LAX,CA,AWP,WE,Towers with Radar,1769,56,20,2,1847,0,0,8,0,8,1769,56,28,2,1855,0,0,0,1855
08/13/2017,LAX,CA,AWP,WE,Towers with Radar,1867,85,21,1,1974,0,0,8,0,8,1867,85,29,1,1982,0,0,0,1982
08/14/2017,LAX,CA,AWP,WE,Towers with Radar,1917,82,30,4,2033,0,0,6,0,6,1917,82,36,4,2039,0,0,0,2039
08/15/2017,LAX,CA,AWP,WE,Towers with Radar,1898,86,34,4,2022,0,0,5,3,8,1898,86,39,7,2030,0,0,0,2030
08/16/2017,LAX,CA,AWP,WE,Towers with Radar,1920,94,51,3,2068,0,0,8,0,8,1920,94,59,3,2076,0,0,0,2076
08/17/2017,LAX,CA,AWP,WE,Towers with Radar,1916,104,58,1,2079,0,0,2,0,2,1916,104,60,1,2081,0,0,0,2081
08/18/2017,LAX,CA,AWP,WE,Towers with Radar,1922,103,36,2,2063,0,0,7,0,7,1922,103,43,2,2070,0,0,0,2070
08/19/2017,LAX,CA,AWP,WE,Towers with Radar,1718,69,30,2,1819,0,0,0,0,0,1718,69,30,2,1819,0,0,0,1819
08/20/2017,LAX,CA,AWP,WE,Towers with Radar,1848,86,21,3,1958,0,0,5,1,6,1848,86,26,4,1964,0,0,0,1964
08/21/2017,LAX,CA,AWP,WE,Towers with Radar,1900,96,32,1,2029,0,0,2,0,2,1900,96,34,1,2031,0,0,0,2031
08/22/2017,LAX,CA,AWP,WE,Towers with Radar,1863,103,49,3,2018,0,0,9,0,9,1863,103,58,3,2027,0,0,0,2027
08/23/2017,LAX,CA,AWP,WE,Towers with Radar,1876,89,56,0,2021,0,0,3,0,3,1876,89,59,0,2024,0,0,0,2024
08/24/2017,LAX,CA,AWP,WE,Towers with Radar,1898,87,51,0,2036,0,0,3,0,3,1898,87,54,0,2039,0,0,0,2039
08/25/2017,LAX,CA,AWP,WE,Towers with Radar,1894,96,51,2,2043,0,0,1,0,1,1894,96,52,2,2044,0,0,0,2044
08/26/2017,LAX,CA,AWP,WE,Towers with Radar,1639,65,37,3,1744,0,0,3,0,3,1639,65,40,3,1747,0,0,0,1747
08/27/2017,LAX,CA,AWP,WE,Towers with Radar,1753,85,41,1,1880,0,0,0,0,0,1753,85,41,1,1880,0,0,0,1880
08/28/2017,LAX,CA,AWP,WE,Towers with Radar,1822,95,49,2,1968,0,0,9,0,9,1822,95,58,2,1977,0,0,0,1977
08/29/2017,LAX,CA,AWP,WE,Towers with Radar,1800,86,58,0,1944,0,2,8,0,10,1800,88,66,0,1954,0,0,0,1954
08/30/2017,LAX,CA,AWP,WE,Towers with Radar,1817,91,50,0,1958,0,1,3,0,4,1817,92,53,0,1962,0,0,0,1962
08/31/2017,LAX,CA,AWP,WE,Towers with Radar,1817,87,58,4,1966,0,0,10,0,10,1817,87,68,4,1976,0,0,0,1976
09/01/2017,LAX,CA,AWP,WE,Towers with Radar,1847,98,46,0,1991,0,0,10,1,11,1847,98,56,1,2002,0,0,0,2002
09/02/2017,LAX,CA,AWP,WE,Towers with Radar,1553,59,25,0,1637,0,0,4,4,8,1553,59,29,4,1645,0,0,0,1645
09/03/2017,LAX,CA,AWP,WE,Towers with Radar,1552,52,11,0,1615,0,0,9,0,9,1552,52,20,0,1624,0,0,0,1624
09/04/2017,LAX,CA,AWP,WE,Towers with Radar,1784,94,26,0,1904,0,0,9,0,9,1784,94,35,0,1913,0,0,0,1913
09/05/2017,LAX,CA,AWP,WE,Towers with Radar,1719,81,37,0,1837,0,0,7,1,8,1719,81,44,1,1845,0,0,0,1845
09/06/2017,LAX,CA,AWP,WE,Towers with Radar,1755,90,41,0,1886,0,0,3,0,3,1755,90,44,0,1889,0,0,0,1889
09/07/2017,LAX,CA,AWP,WE,Towers with Radar,1756,95,44,1,1896,0,0,17,0,17,1756,95,61,1,1913,0,0,0,1913
09/08/2017,LAX,CA,AWP,WE,Towers with Radar,1746,89,41,0,1876,0,0,9,0,9,1746,89,50,0,1885,0,0,0,1885
09/09/2017,LAX,CA,AWP,WE,Towers with Radar,1530,66,31,0,1627,0,0,3,0,3,1530,66,34,0,1630,0,0,0,1630
09/10/2017,LAX,CA,AWP,WE,Towers with Radar,1702,94,43,2,1841,0,0,11,2,13,1702,94,54,4,1854,0,0,0,1854
09/11/2017,LAX,CA,AWP,WE,Towers with Radar,1781,99,39,2,1921,0,0,3,0,3,1781,99,42,2,1924,0,0,0,1924
09/12/2017,LAX,CA,AWP,WE,Towers with Radar,1709,104,53,1,1867,0,0,1,0,1,1709,104,54,1,1868,0,0,0,1868
09/13/2017,LAX,CA,AWP,WE,Towers with Radar,1749,97,39,1,1886,0,0,4,1,5,1749,97,43,2,1891,0,0,0,1891
09/14/2017,LAX,CA,AWP,WE,Towers with Radar,1815,97,47,1,1960,0,0,4,3,7,1815,97,51,4,1967,0,0,0,1967
09/15/2017,LAX,CA,AWP,WE,Towers with Radar,1835,102,47,2,1986,0,0,3,0,3,1835,102,50,2,1989,0,0,0,1989
09/16/2017,LAX,CA,AWP,WE,Towers with Radar,1563,74,33,1,1671,0,0,10,0,10,1563,74,43,1,1681,0,0,0,1681
09/17/2017,LAX,CA,AWP,WE,Towers with Radar,1750,121,56,1,1928,0,0,3,0,3,1750,121,59,1,1931,0,0,0,1931
09/18/2017,LAX,CA,AWP,WE,Towers with Radar,1810,92,35,4,1941,0,0,2,0,2,1810,92,37,4,1943,0,0,0,1943
09/19/2017,LAX,CA,AWP,WE,Towers with Radar,1734,100,32,1,1867,0,0,3,0,3,1734,100,35,1,1870,0,0,0,1870
09/20/2017,LAX,CA,AWP,WE,Towers with Radar,1764,103,52,6,1925,0,0,6,0,6,1764,103,58,6,1931,0,0,0,1931
09/21/2017,LAX,CA,AWP,WE,Towers with Radar,1831,97,30,1,1959,0,0,9,2,11,1831,97,39,3,1970,0,0,0,1970
09/22/2017,LAX,CA,AWP,WE,Towers with Radar,1855,107,36,1,1999,0,1,10,0,11,1855,108,46,1,2010,0,0,0,2010
09/23/2017,LAX,CA,AWP,WE,Towers with Radar,1557,61,20,3,1641,0,0,5,0,5,1557,61,25,3,1646,0,0,0,1646
09/24/2017,LAX,CA,AWP,WE,Towers with Radar,1768,103,44,2,1917,0,0,9,0,9,1768,103,53,2,1926,0,0,0,1926
09/25/2017,LAX,CA,AWP,WE,Towers with Radar,1814,93,47,2,1956,0,0,4,1,5,1814,93,51,3,1961,0,0,0,1961
09/26/2017,LAX,CA,AWP,WE,Towers with Radar,1732,79,34,3,1848,0,0,3,0,3,1732,79,37,3,1851,0,0,0,1851
09/27/2017,LAX,CA,AWP,WE,Towers with Radar,1779,99,31,3,1912,0,0,2,0,2,1779,99,33,3,1914,0,0,0,1914
09/28/2017,LAX,CA,AWP,WE,Towers with Radar,1829,101,49,3,1982,0,0,4,1,5,1829,101,53,4,1987,0,0,0,1987
09/29/2017,LAX,CA,AWP,WE,Towers with Radar,1838,91,39,3,1971,0,0,0,0,0,1838,91,39,3,1971,0,0,0,1971
09/30/2017,LAX,CA,AWP,WE,Towers with Radar,1563,68,11,0,1642,0,0,5,0,5,1563,68,16,0,1647,0,0,0,1647
10/01/2017,LAX,CA,AWP,WE,Towers with Radar,1773,96,31,0,1900,0,0,2,0,2,1773,96,33,0,1902,0,0,0,1902
10/02/2017,LAX,CA,AWP,WE,Towers with Radar,1813,94,37,0,1944,0,0,6,1,7,1813,94,43,1,1951,0,0,0,1951
10/03/2017,LAX,CA,AWP,WE,Towers with Radar,1730,89,54,3,1876,0,0,7,0,7,1730,89,61,3,1883,0,0,0,1883
10/04/2017,LAX,CA,AWP,WE,Towers with Radar,1759,101,43,0,1903,0,0,5,2,7,1759,101,48,2,1910,0,0,0,1910
10/05/2017,LAX,CA,AWP,WE,Towers with Radar,1825,106,60,0,1991,1,0,4,1,6,1826,106,64,1,1997,0,0,0,1997
10/06/2017,LAX,CA,AWP,WE,Towers with Radar,1831,104,33,2,1970,0,0,5,0,5,1831,104,38,2,1975,0,0,0,1975
10/07/2017,LAX,CA,AWP,WE,Towers with Radar,1568,77,28,1,1674,0,0,9,0,9,1568,77,37,1,1683,0,0,0,1683
10/08/2017,LAX,CA,AWP,WE,Towers with Radar,1746,93,36,1,1876,0,0,0,0,0,1746,93,36,1,1876,0,0,0,1876
10/09/2017,LAX,CA,AWP,WE,Towers with Radar,1806,104,41,1,1952,0,0,2,0,2,1806,104,43,1,1954,0,0,0,1954
10/10/2017,LAX,CA,AWP,WE,Towers with Radar,1751,95,33,0,1879,0,0,7,0,7,1751,95,40,0,1886,0,0,0,1886
10/11/2017,LAX,CA,AWP,WE,Towers with Radar,1748,97,51,2,1898,0,0,1,1,2,1748,97,52,3,1900,0,0,0,1900
10/12/2017,LAX,CA,AWP,WE,Towers with Radar,1808,113,54,0,1975,0,0,2,1,3,1808,113,56,1,1978,0,0,0,1978
10/13/2017,LAX,CA,AWP,WE,Towers with Radar,1820,107,54,0,1981,0,0,10,1,11,1820,107,64,1,1992,0,0,0,1992
10/14/2017,LAX,CA,AWP,WE,Towers with Radar,1585,72,25,1,1683,0,0,3,0,3,1585,72,28,1,1686,0,0,0,1686
10/15/2017,LAX,CA,AWP,WE,Towers with Radar,1770,105,38,0,1913,1,0,2,2,5,1771,105,40,2,1918,0,0,0,1918
10/16/2017,LAX,CA,AWP,WE,Towers with Radar,1806,99,41,0,1946,0,0,6,0,6,1806,99,47,0,1952,0,0,0,1952
10/17/2017,LAX,CA,AWP,WE,Towers with Radar,1762,85,63,0,1910,0,0,5,0,5,1762,85,68,0,1915,0,0,0,1915
10/18/2017,LAX,CA,AWP,WE,Towers with Radar,1756,106,47,0,1909,0,0,1,2,3,1756,106,48,2,1912,0,0,0,1912
10/19/2017,LAX,CA,AWP,WE,Towers with Radar,1787,108,54,0,1949,0,1,6,0,7,1787,109,60,0,1956,0,0,0,1956
10/20/2017,LAX,CA,AWP,WE,Towers with Radar,1839,96,33,1,1969,0,1,3,0,4,1839,97,36,1,1973,0,0,0,1973
10/21/2017,LAX,CA,AWP,WE,Towers with Radar,1576,74,24,4,1678,0,0,6,0,6,1576,74,30,4,1684,0,0,0,1684
10/22/2017,LAX,CA,AWP,WE,Towers with Radar,1786,93,49,1,1929,0,0,4,0,4,1786,93,53,1,1933,0,0,0,1933
10/23/2017,LAX,CA,AWP,WE,Towers with Radar,1804,100,41,0,1945,0,0,8,0,8,1804,100,49,0,1953,0,0,0,1953
10/24/2017,LAX,CA,AWP,WE,Towers with Radar,1729,105,53,0,1887,0,0,9,0,9,1729,105,62,0,1896,0,0,0,1896
10/25/2017,LAX,CA,AWP,WE,Towers with Radar,1765,117,62,0,1944,0,0,1,3,4,1765,117,63,3,1948,0,0,0,1948
10/26/2017,LAX,CA,AWP,WE,Towers with Radar,1810,107,64,3,1984,0,0,6,0,6,1810,107,70,3,1990,0,0,0,1990
10/27/2017,LAX,CA,AWP,WE,Towers with Radar,1846,104,46,0,1996,0,0,4,2,6,1846,104,50,2,2002,0,0,0,2002
10/28/2017,LAX,CA,AWP,WE,Towers with Radar,1583,75,26,2,1686,0,0,1,0,1,1583,75,27,2,1687,0,0,0,1687
10/29/2017,LAX,CA,AWP,WE,Towers with Radar,1711,99,38,0,1848,0,0,1,0,1,1711,99,39,0,1849,0,0,0,1849
10/30/2017,LAX,CA,AWP,WE,Towers with Radar,1745,88,43,0,1876,0,0,8,4,12,1745,88,51,4,1888,0,0,0,1888
10/31/2017,LAX,CA,AWP,WE,Towers with Radar,1628,91,55,1,1775,0,0,5,0,5,1628,91,60,1,1780,0,0,0,1780
11/01/2017,LAX,CA,AWP,WE,Towers with Radar,1754,92,50,2,1898,0,0,7,0,7,1754,92,57,2,1905,0,0,0,1905
11/02/2017,LAX,CA,AWP,WE,Towers with Radar,1783,110,53,0,1946,0,0,3,0,3,1783,110,56,0,1949,0,0,0,1949
11/03/2017,LAX,CA,AWP,WE,Towers with Radar,1763,99,40,0,1902,0,0,3,0,3,1763,99,43,0,1905,0,0,0,1905
11/04/2017,LAX,CA,AWP,WE,Towers with Radar,1542,67,37,0,1646,0,0,7,0,7,1542,67,44,0,1653,0,0,0,1653
11/05/2017,LAX,CA,AWP,WE,Towers with Radar,1731,95,43,0,1869,0,0,1,0,1,1731,95,44,0,1870,0,0,0,1870
11/06/2017,LAX,CA,AWP,WE,Towers with Radar,1778,99,43,0,1920,0,0,5,0,5,1778,99,48,0,1925,0,0,0,1925
11/07/2017,LAX,CA,AWP,WE,Towers with Radar,1698,109,47,2,1856,0,0,3,1,4,1698,109,50,3,1860,0,0,0,1860
11/08/2017,LAX,CA,AWP,WE,Towers with Radar,1738,107,56,3,1904,0,0,5,0,5,1738,107,61,3,1909,0,0,0,1909
11/09/2017,LAX,CA,AWP,WE,Towers with Radar,1778,101,47,2,1928,0,0,21,0,21,1778,101,68,2,1949,0,0,0,1949
11/10/2017,LAX,CA,AWP,WE,Towers with Radar,1795,90,42,0,1927,0,0,9,1,10,1795,90,51,1,1937,0,0,0,1937
11/11/2017,LAX,CA,AWP,WE,Towers with Radar,1557,69,23,0,1649,0,0,6,0,6,1557,69,29,0,1655,0,0,0,1655
11/12/2017,LAX,CA,AWP,WE,Towers with Radar,1721,89,48,0,1858,0,0,5,0,5,1721,89,53,0,1863,0,0,0,1863
11/13/2017,LAX,CA,AWP,WE,Towers with Radar,1786,96,50,1,1933,0,0,7,1,8,1786,96,57,2,1941,0,0,0,1941
11/14/2017,LAX,CA,AWP,WE,Towers with Radar,1731,93,42,0,1866,0,0,5,0,5,1731,93,47,0,1871,0,0,0,1871
11/15/2017,LAX,CA,AWP,WE,Towers with Radar,1736,99,36,2,1873,0,0,1,0,1,1736,99,37,2,1874,0,0,0,1874
11/16/2017,LAX,CA,AWP,WE,Towers with Radar,1794,108,56,2,1960,0,0,2,0,2,1794,108,58,2,1962,0,0,0,1962
11/17/2017,LAX,CA,AWP,WE,Towers with Radar,1799,103,53,0,1955,0,0,4,2,6,1799,103,57,2,1961,0,0,0,1961
11/18/2017,LAX,CA,AWP,WE,Towers with Radar,1615,73,42,0,1730,0,0,7,0,7,1615,73,49,0,1737,0,0,0,1737
11/19/2017,LAX,CA,AWP,WE,Towers with Radar,1695,82,44,0,1821,0,0,2,2,4,1695,82,46,2,1825,0,0,0,1825
11/20/2017,LAX,CA,AWP,WE,Towers with Radar,1691,90,28,0,1809,0,0,2,1,3,1691,90,30,1,1812,0,0,0,1812
11/21/2017,LAX,CA,AWP,WE,Towers with Radar,1706,106,45,1,1858,0,0,11,0,11,1706,106,56,1,1869,0,0,0,1869
11/22/2017,LAX,CA,AWP,WE,Towers with Radar,1799,98,36,0,1933,0,0,7,0,7,1799,98,43,0,1940,0,0,0,1940
11/23/2017,LAX,CA,AWP,WE,Towers with Radar,1302,61,12,0,1375,0,0,3,0,3,1302,61,15,0,1378,0,0,0,1378
11/24/2017,LAX,CA,AWP,WE,Towers with Radar,1474,84,13,0,1571,0,0,3,0,3,1474,84,16,0,1574,0,0,0,1574
11/25/2017,LAX,CA,AWP,WE,Towers with Radar,1739,84,41,2,1866,0,0,6,1,7,1739,84,47,3,1873,0,0,0,1873
11/26/2017,LAX,CA,AWP,WE,Towers with Radar,1799,102,58,0,1959,0,0,1,0,1,1799,102,59,0,1960,0,0,0,1960
11/27/2017,LAX,CA,AWP,WE,Towers with Radar,1837,94,60,0,1991,0,0,2,0,2,1837,94,62,0,1993,0,0,0,1993
11/28/2017,LAX,CA,AWP,WE,Towers with Radar,1746,88,51,0,1885,0,0,4,0,4,1746,88,55,0,1889,0,0,0,1889
11/29/2017,LAX,CA,AWP,WE,Towers with Radar,1749,89,38,1,1877,0,0,12,0,12,1749,89,50,1,1889,0,0,0,1889
11/30/2017,LAX,CA,AWP,WE,Towers with Radar,1795,95,46,6,1942,0,0,6,0,6,1795,95,52,6,1948,0,0,0,1948
12/01/2017,LAX,CA,AWP,WE,Towers with Radar,1816,86,55,2,1959,0,0,11,0,11,1816,86,66,2,1970,0,0,0,1970
12/02/2017,LAX,CA,AWP,WE,Towers with Radar,1534,60,24,2,1620,0,0,4,0,4,1534,60,28,2,1624,0,0,0,1624
12/03/2017,LAX,CA,AWP,WE,Towers with Radar,1694,83,38,2,1817,0,0,6,0,6,1694,83,44,2,1823,0,0,0,1823
12/04/2017,LAX,CA,AWP,WE,Towers with Radar,1760,86,48,2,1896,0,0,9,0,9,1760,86,57,2,1905,0,0,0,1905
12/05/2017,LAX,CA,AWP,WE,Towers with Radar,1715,79,62,0,1856,0,0,12,0,12,1715,79,74,0,1868,0,0,0,1868
12/06/2017,LAX,CA,AWP,WE,Towers with Radar,1736,96,61,1,1894,0,0,8,0,8,1736,96,69,1,1902,0,0,0,1902
12/07/2017,LAX,CA,AWP,WE,Towers with Radar,1774,99,61,3,1937,0,0,6,2,8,1774,99,67,5,1945,0,0,0,1945
12/08/2017,LAX,CA,AWP,WE,Towers with Radar,1778,95,55,0,1928,0,0,2,0,2,1778,95,57,0,1930,0,0,0,1930
12/09/2017,LAX,CA,AWP,WE,Towers with Radar,1531,66,17,1,1615,2,0,4,0,6,1533,66,21,1,1621,0,0,0,1621
12/10/2017,LAX,CA,AWP,WE,Towers with Radar,1704,81,29,1,1815,0,0,4,0,4,1704,81,33,1,1819,0,0,0,1819
12/11/2017,LAX,CA,AWP,WE,Towers with Radar,1780,85,49,1,1915,0,0,4,0,4,1780,85,53,1,1919,0,0,0,1919
12/12/2017,LAX,CA,AWP,WE,Towers with Radar,1720,80,58,0,1858,0,0,9,0,9,1720,80,67,0,1867,0,0,0,1867
12/13/2017,LAX,CA,AWP,WE,Towers with Radar,1761,105,51,2,1919,0,0,2,0,2,1761,105,53,2,1921,0,0,0,1921
12/14/2017,LAX,CA,AWP,WE,Towers with Radar,1809,115,70,1,1995,0,0,7,0,7,1809,115,77,1,2002,0,0,0,2002
12/15/2017,LAX,CA,AWP,WE,Towers with Radar,1822,89,45,3,1959,0,0,2,2,4,1822,89,47,5,1963,0,0,0,1963
12/16/2017,LAX,CA,AWP,WE,Towers with Radar,1645,66,28,1,1740,0,0,6,0,6,1645,66,34,1,1746,0,0,0,1746
12/17/2017,LAX,CA,AWP,WE,Towers with Radar,1754,75,39,1,1869,0,0,6,0,6,1754,75,45,1,1875,0,0,0,1875
12/18/2017,LAX,CA,AWP,WE,Towers with Radar,1815,82,51,0,1948,0,0,10,0,10,1815,82,61,0,1958,0,0,0,1958
12/19/2017,LAX,CA,AWP,WE,Towers with Radar,1819,96,44,2,1961,0,0,6,0,6,1819,96,50,2,1967,0,0,0,1967
12/20/2017,LAX,CA,AWP,WE,Towers with Radar,1901,96,48,0,2045,0,0,6,1,7,1901,96,54,1,2052,0,0,0,2052
12/21/2017,LAX,CA,AWP,WE,Towers with Radar,1920,106,33,0,2059,0,0,9,2,11,1920,106,42,2,2070,0,0,0,2070
12/22/2017,LAX,CA,AWP,WE,Towers with Radar,1927,90,44,0,2061,0,0,8,0,8,1927,90,52,0,2069,0,0,0,2069
12/23/2017,LAX,CA,AWP,WE,Towers with Radar,1834,83,41,0,1958,0,0,4,0,4,1834,83,45,0,1962,0,0,0,1962
12/24/2017,LAX,CA,AWP,WE,Towers with Radar,1639,64,21,0,1724,0,0,1,0,1,1639,64,22,0,1725,0,0,0,1725
12/25/2017,LAX,CA,AWP,WE,Towers with Radar,1619,78,15,0,1712,0,0,3,0,3,1619,78,18,0,1715,0,0,0,1715
12/26/2017,LAX,CA,AWP,WE,Towers with Radar,1836,105,48,0,1989,0,0,9,0,9,1836,105,57,0,1998,0,0,0,1998
12/27/2017,LAX,CA,AWP,WE,Towers with Radar,1926,90,31,0,2047,0,0,8,0,8,1926,90,39,0,2055,0,0,0,2055
12/28/2017,LAX,CA,AWP,WE,Towers with Radar,1894,87,24,0,2005,0,0,6,0,6,1894,87,30,0,2011,0,0,0,2011
12/29/2017,LAX,CA,AWP,WE,Towers with Radar,1872,88,33,0,1993,0,0,5,0,5,1872,88,38,0,1998,0,0,0,1998
12/30/2017,LAX,CA,AWP,WE,Towers with Radar,1863,73,22,2,1960,0,0,0,0,0,1863,73,22,2,1960,0,0,0,1960
12/31/2017,LAX,CA,AWP,WE,Towers with Radar,1710,89,27,2,1828,0,0,6,0,6,1710,89,33,2,1834,0,0,0,1834
01/01/2018,LAX,CA,AWP,WE,Towers with Radar,1742,99,27,0,1868,0,0,1,0,1,1742,99,28,0,1869,0,0,0,1869
01/02/2018,LAX,CA,AWP,WE,Towers with Radar,1884,121,84,0,2089,0,0,3,1,4,1884,121,87,1,2093,0,0,0,2093
01/03/2018,LAX,CA,AWP,WE,Towers with Radar,1873,121,102,0,2096,0,0,2,0,2,1873,121,104,0,2098,0,0,0,2098
01/04/2018,LAX,CA,AWP,WE,Towers with Radar,1768,100,51,1,1920,0,0,12,1,13,1768,100,63,2,1933,0,0,0,1933
01/05/2018,LAX,CA,AWP,WE,Towers with Radar,1773,96,63,0,1932,0,2,10,0,12,1773,98,73,0,1944,0,0,0,1944
01/06/2018,LAX,CA,AWP,WE,Towers with Radar,1661,95,42,0,1798,1,0,0,0,1,1662,95,42,0,1799,0,0,0,1799
01/07/2018,LAX,CA,AWP,WE,Towers with Radar,1807,115,64,1,1987,0,0,3,0,3,1807,115,67,1,1990,0,0,0,1990
01/08/2018,LAX,CA,AWP,WE,Towers with Radar,1771,123,65,0,1959,0,0,1,0,1,1771,123,66,0,1960,0,0,0,1960
01/09/2018,LAX,CA,AWP,WE,Towers with Radar,1714,99,41,0,1854,0,0,3,0,3,1714,99,44,0,1857,0,0,0,1857
01/10/2018,LAX,CA,AWP,WE,Towers with Radar,1739,104,48,3,1894,0,0,2,2,4,1739,104,50,5,1898,0,0,0,1898
01/11/2018,LAX,CA,AWP,WE,Towers with Radar,1762,113,57,0,1932,0,0,13,2,15,1762,113,70,2,1947,0,0,0,1947
01/12/2018,LAX,CA,AWP,WE,Towers with Radar,1790,112,62,0,1964,0,0,6,0,6,1790,112,68,0,1970,0,0,0,1970
01/13/2018,LAX,CA,AWP,WE,Towers with Radar,1520,76,25,0,1621,0,0,9,0,9,1520,76,34,0,1630,0,0,0,1630
01/14/2018,LAX,CA,AWP,WE,Towers with Radar,1596,100,32,0,1728,0,0,3,0,3,1596,100,35,0,1731,0,0,0,1731
01/15/2018,LAX,CA,AWP,WE,Towers with Radar,1738,106,71,0,1915,0,0,5,0,5,1738,106,76,0,1920,0,0,0,1920
01/16/2018,LAX,CA,AWP,WE,Towers with Radar,1647,90,49,2,1788,0,0,2,3,5,1647,90,51,5,1793,0,0,0,1793
01/17/2018,LAX,CA,AWP,WE,Towers with Radar,1703,95,62,2,1862,0,0,3,0,3,1703,95,65,2,1865,0,0,0,1865
01/18/2018,LAX,CA,AWP,WE,Towers with Radar,1748,107,54,0,1909,0,0,5,0,5,1748,107,59,0,1914,0,0,0,1914
01/19/2018,LAX,CA,AWP,WE,Towers with Radar,1744,106,54,1,1905,0,0,7,0,7,1744,106,61,1,1912,0,0,0,1912
01/20/2018,LAX,CA,AWP,WE,Towers with Radar,1506,86,31,1,1624,0,0,5,0,5,1506,86,36,1,1629,0,0,0,1629
01/21/2018,LAX,CA,AWP,WE,Towers with Radar,1638,100,40,2,1780,0,0,5,1,6,1638,100,45,3,1786,0,0,0,1786
01/22/2018,LAX,CA,AWP,WE,Towers with Radar,1717,105,44,0,1866,0,0,5,0,5,1717,105,49,0,1871,0,0,0,1871
01/23/2018,LAX,CA,AWP,WE,Towers with Radar,1663,99,40,1,1803,0,0,3,0,3,1663,99,43,1,1806,0,0,0,1806
01/24/2018,LAX,CA,AWP,WE,Towers with Radar,1692,105,47,3,1847,0,0,4,0,4,1692,105,51,3,1851,0,0,0,1851
01/25/2018,LAX,CA,AWP,WE,Towers with Radar,1752,111,49,2,1914,0,0,9,0,9,1752,111,58,2,1923,0,0,0,1923
01/26/2018,LAX,CA,AWP,WE,Towers with Radar,1770,105,38,2,1915,0,1,3,3,7,1770,106,41,5,1922,0,0,0,1922
01/27/2018,LAX,CA,AWP,WE,Towers with Radar,1482,82,29,0,1593,0,0,8,1,9,1482,82,37,1,1602,0,0,0,1602
01/28/2018,LAX,CA,AWP,WE,Towers with Radar,1664,99,31,1,1795,0,0,6,0,6,1664,99,37,1,1801,0,0,0,1801
01/29/2018,LAX,CA,AWP,WE,Towers with Radar,1743,89,58,1,1891,0,3,6,0,9,1743,92,64,1,1900,0,0,0,1900
01/30/2018,LAX,CA,AWP,WE,Towers with Radar,1668,95,51,3,1817,0,0,7,0,7,1668,95,58,3,1824,0,0,0,1824
01/31/2018,LAX,CA,AWP,WE,Towers with Radar,1705,105,47,0,1857,0,0,1,2,3,1705,105,48,2,1860,0,0,0,1860
02/01/2018,LAX,CA,AWP,WE,Towers with Radar,1766,122,54,2,1944,0,0,0,7,7,1766,122,54,9,1951,0,0,0,1951
02/02/2018,LAX,CA,AWP,WE,Towers with Radar,1767,113,69,0,1949,0,0,3,0,3,1767,113,72,0,1952,0,0,0,1952
02/03/2018,LAX,CA,AWP,WE,Towers with Radar,1525,71,29,0,1625,0,0,2,0,2,1525,71,31,0,1627,0,0,0,1627
02/04/2018,LAX,CA,AWP,WE,Towers with Radar,1551,86,47,0,1684,0,0,2,0,2,1551,86,49,0,1686,0,0,0,1686
02/05/2018,LAX,CA,AWP,WE,Towers with Radar,1741,119,52,0,1912,0,0,3,0,3,1741,119,55,0,1915,0,0,0,1915
02/06/2018,LAX,CA,AWP,WE,Towers with Radar,1704,108,65,1,1878,0,0,0,1,1,1704,108,65,2,1879,0,0,0,1879
02/07/2018,LAX,CA,AWP,WE,Towers with Radar,1693,95,56,1,1845,0,0,5,0,5,1693,95,61,1,1850,0,0,0,1850
02/08/2018,LAX,CA,AWP,WE,Towers with Radar,1739,113,50,1,1903,0,0,7,0,7,1739,113,57,1,1910,0,0,0,1910
02/09/2018,LAX,CA,AWP,WE,Towers with Radar,1715,93,32,2,1842,0,0,3,0,3,1715,93,35,2,1845,0,0,0,1845
02/10/2018,LAX,CA,AWP,WE,Towers with Radar,1513,74,15,0,1602,0,0,7,0,7,1513,74,22,0,1609,0,0,0,1609
02/11/2018,LAX,CA,AWP,WE,Towers with Radar,1642,103,37,0,1782,0,0,7,0,7,1642,103,44,0,1789,0,0,0,1789
02/12/2018,LAX,CA,AWP,WE,Towers with Radar,1740,95,43,4,1882,0,2,4,2,8,1740,97,47,6,1890,0,0,0,1890
02/13/2018,LAX,CA,AWP,WE,Towers with Radar,1685,106,50,3,1844,0,0,1,1,2,1685,106,51,4,1846,0,0,0,1846
02/14/2018,LAX,CA,AWP,WE,Towers with Radar,1615,107,52,0,1774,0,6,11,6,23,1615,113,63,6,1797,0,0,0,1797
02/15/2018,LAX,CA,AWP,WE,Towers with Radar,1789,139,73,2,2003,0,0,5,0,5,1789,139,78,2,2008,0,0,0,2008
02/16/2018,LAX,CA,AWP,WE,Towers with Radar,1795,128,74,1,1998,0,12,5,6,23,1795,140,79,7,2021,0,0,0,2021
02/17/2018,LAX,CA,AWP,WE,Towers with Radar,1553,95,38,0,1686,0,5,5,0,10,1553,100,43,0,1696,0,0,0,1696
02/18/2018,LAX,CA,AWP,WE,Towers with Radar,1617,116,45,2,1780,0,0,2,0,2,1617,116,47,2,1782,0,0,0,1782
02/19/2018,LAX,CA,AWP,WE,Towers with Radar,1731,135,80,1,1947,0,2,1,0,3,1731,137,81,1,1950,0,0,0,1950
02/20/2018,LAX,CA,AWP,WE,Towers with Radar,1730,122,52,2,1906,0,2,3,0,5,1730,124,55,2,1911,0,0,0,1911
02/21/2018,LAX,CA,AWP,WE,Towers with Radar,1761,128,43,0,1932,0,0,11,2,13,1761,128,54,2,1945,0,0,0,1945
02/22/2018,LAX,CA,AWP,WE,Towers with Radar,1785,107,56,3,1951,0,0,10,0,10,1785,107,66,3,1961,0,0,0,1961
02/23/2018,LAX,CA,AWP,WE,Towers with Radar,1794,98,40,0,1932,0,0,3,0,3,1794,98,43,0,1935,0,0,0,1935
02/24/2018,LAX,CA,AWP,WE,Towers with Radar,1562,104,35,1,1702,0,0,7,2,9,1562,104,42,3,1711,0,0,0,1711
02/25/2018,LAX,CA,AWP,WE,Towers with Radar,1675,113,49,0,1837,0,0,3,0,3,1675,113,52,0,1840,0,0,0,1840
02/26/2018,LAX,CA,AWP,WE,Towers with Radar,1746,128,63,0,1937,0,0,4,2,6,1746,128,67,2,1943,0,0,0,1943
02/27/2018,LAX,CA,AWP,WE,Towers with Radar,1728,115,43,0,1886,0,0,4,0,4,1728,115,47,0,1890,0,0,0,1890
02/28/2018,LAX,CA,AWP,WE,Towers with Radar,1758,100,64,0,1922,0,0,6,0,6,1758,100,70,0,1928,0,0,0,1928
03/01/2018,LAX,CA,AWP,WE,Towers with Radar,1766,118,55,1,1940,0,0,3,0,3,1766,118,58,1,1943,0,0,0,1943
03/02/2018,LAX,CA,AWP,WE,Towers with Radar,1738,115,51,1,1905,0,0,0,0,0,1738,115,51,1,1905,0,0,0,1905
03/03/2018,LAX,CA,AWP,WE,Towers with Radar,1541,93,30,2,1666,1,0,1,0,2,1542,93,31,2,1668,0,0,0,1668
03/04/2018,LAX,CA,AWP,WE,Towers with Radar,1690,111,29,0,1830,0,0,5,0,5,1690,111,34,0,1835,0,0,0,1835
03/05/2018,LAX,CA,AWP,WE,Towers with Radar,1776,114,53,0,1943,0,0,3,0,3,1776,114,56,0,1946,0,0,0,1946
03/06/2018,LAX,CA,AWP,WE,Towers with Radar,1735,107,37,0,1879,0,0,2,0,2,1735,107,39,0,1881,0,0,0,1881
03/07/2018,LAX,CA,AWP,WE,Towers with Radar,1757,114,44,0,1915,0,0,3,0,3,1757,114,47,0,1918,0,0,0,1918
03/08/2018,LAX,CA,AWP,WE,Towers with Radar,1767,121,44,2,1934,0,0,1,0,1,1767,121,45,2,1935,0,0,0,1935
03/09/2018,LAX,CA,AWP,WE,Towers with Radar,1817,102,45,0,1964,0,0,3,0,3,1817,102,48,0,1967,0,0,0,1967
03/10/2018,LAX,CA,AWP,WE,Towers with Radar,1655,90,15,0,1760,0,0,0,0,0,1655,90,15,0,1760,0,0,0,1760
03/11/2018,LAX,CA,AWP,WE,Towers with Radar,1732,108,32,0,1872,0,0,1,1,2,1732,108,33,1,1874,0,0,0,1874
03/12/2018,LAX,CA,AWP,WE,Towers with Radar,1769,94,54,1,1918,0,0,4,0,4,1769,94,58,1,1922,0,0,0,1922
03/13/2018,LAX,CA,AWP,WE,Towers with Radar,1735,101,45,0,1881,0,0,0,2,2,1735,101,45,2,1883,0,0,0,1883
03/14/2018,LAX,CA,AWP,WE,Towers with Radar,1787,106,45,1,1939,0,0,1,1,2,1787,106,46,2,1941,0,0,0,1941
03/15/2018,LAX,CA,AWP,WE,Towers with Radar,1827,105,28,4,1964,0,0,3,0,3,1827,105,31,4,1967,0,0,0,1967
03/16/2018,LAX,CA,AWP,WE,Towers with Radar,1812,119,60,0,1991,0,0,4,3,7,1812,119,64,3,1998,0,0,0,1998
03/17/2018,LAX,CA,AWP,WE,Towers with Radar,1623,99,32,0,1754,0,0,3,1,4,1623,99,35,1,1758,0,0,0,1758
03/18/2018,LAX,CA,AWP,WE,Towers with Radar,1754,102,40,0,1896,0,1,2,0,3,1754,103,42,0,1899,0,0,0,1899
03/19/2018,LAX,CA,AWP,WE,Towers with Radar,1794,107,44,1,1946,0,1,3,3,7,1794,108,47,4,1953,0,0,0,1953
03/20/2018,LAX,CA,AWP,WE,Towers with Radar,1728,108,51,1,1888,0,0,3,0,3,1728,108,54,1,1891,0,0,0,1891
03/21/2018,LAX,CA,AWP,WE,Towers with Radar,1729,115,58,0,1902,0,0,5,0,5,1729,115,63,0,1907,0,0,0,1907
03/22/2018,LAX,CA,AWP,WE,Towers with Radar,1729,99,49,0,1877,0,0,0,0,0,1729,99,49,0,1877,0,0,0,1877
03/23/2018,LAX,CA,AWP,WE,Towers with Radar,1860,130,56,1,2047,0,1,1,0,2,1860,131,57,1,2049,0,0,0,2049
03/24/2018,LAX,CA,AWP,WE,Towers with Radar,1618,107,38,0,1763,0,0,6,0,6,1618,107,44,0,1769,0,0,0,1769
03/25/2018,LAX,CA,AWP,WE,Towers with Radar,1768,112,30,1,1911,0,0,4,0,4,1768,112,34,1,1915,0,0,0,1915
03/26/2018,LAX,CA,AWP,WE,Towers with Radar,1790,130,52,0,1972,0,0,4,0,4,1790,130,56,0,1976,0,0,0,1976
03/27/2018,LAX,CA,AWP,WE,Towers with Radar,1773,106,39,0,1918,0,0,5,0,5,1773,106,44,0,1923,0,0,0,1923
03/28/2018,LAX,CA,AWP,WE,Towers with Radar,1791,111,40,4,1946,0,0,2,3,5,1791,111,42,7,1951,0,0,0,1951
03/29/2018,LAX,CA,AWP,WE,Towers with Radar,1855,100,60,4,2019,0,0,4,0,4,1855,100,64,4,2023,0,0,0,2023
03/30/2018,LAX,CA,AWP,WE,Towers with Radar,1834,92,50,5,1981,0,0,0,0,0,1834,92,50,5,1981,0,0,0,1981
03/31/2018,LAX,CA,AWP,WE,Towers with Radar,1619,81,31,1,1732,0,0,0,0,0,1619,81,31,1,1732,0,0,0,1732
04/01/2018,LAX,CA,AWP,WE,Towers with Radar,1750,97,34,0,1881,0,0,0,1,1,1750,97,34,1,1882,0,0,0,1882
04/02/2018,LAX,CA,AWP,WE,Towers with Radar,1803,106,45,0,1954,0,0,6,0,6,1803,106,51,0,1960,0,0,0,1960
04/03/2018,LAX,CA,AWP,WE,Towers with Radar,1750,106,53,2,1911,0,0,5,0,5,1750,106,58,2,1916,0,0,0,1916
04/04/2018,LAX,CA,AWP,WE,Towers with Radar,1821,105,59,1,1986,0,0,0,0,0,1821,105,59,1,1986,0,0,0,1986
04/05/2018,LAX,CA,AWP,WE,Towers with Radar,1843,102,54,1,2000,0,0,0,0,0,1843,102,54,1,2000,0,0,0,2000
04/06/2018,LAX,CA,AWP,WE,Towers with Radar,1800,99,50,0,1949,0,0,6,0,6,1800,99,56,0,1955,0,0,0,1955
04/07/2018,LAX,CA,AWP,WE,Towers with Radar,1659,106,56,0,1821,1,0,1,0,2,1660,106,57,0,1823,0,0,0,1823
04/08/2018,LAX,CA,AWP,WE,Towers with Radar,1798,115,46,0,1959,0,3,3,0,6,1798,118,49,0,1965,0,0,0,1965
04/09/2018,LAX,CA,AWP,WE,Towers with Radar,1819,106,39,0,1964,0,0,4,2,6,1819,106,43,2,1970,0,0,0,1970
04/10/2018,LAX,CA,AWP,WE,Towers with Radar,1767,105,39,1,1912,0,0,1,0,1,1767,105,40,1,1913,0,0,0,1913
04/11/2018,LAX,CA,AWP,WE,Towers with Radar,1789,107,63,2,1961,0,0,1,2,3,1789,107,64,4,1964,0,0,0,1964
04/12/2018,LAX,CA,AWP,WE,Towers with Radar,1865,129,64,2,2060,0,0,5,1,6,1865,129,69,3,2066,0,0,0,2066
04/13/2018,LAX,CA,AWP,WE,Towers with Radar,1860,119,58,1,2038,0,0,5,0,5,1860,119,63,1,2043,0,0,0,2043
04/14/2018,LAX,CA,AWP,WE,Towers with Radar,1633,84,28,0,1745,1,0,4,2,7,1634,84,32,2,1752,0,0,0,1752
04/15/2018,LAX,CA,AWP,WE,Towers with Radar,1760,107,42,1,1910,0,0,0,0,0,1760,107,42,1,1910,0,0,0,1910
04/16/2018,LAX,CA,AWP,WE,Towers with Radar,1817,123,52,3,1995,0,0,2,9,11,1817,123,54,12,2006,0,0,0,2006
04/17/2018,LAX,CA,AWP,WE,Towers with Radar,1771,110,49,3,1933,0,0,18,0,18,1771,110,67,3,1951,0,0,0,1951
04/18/2018,LAX,CA,AWP,WE,Towers with Radar,1785,109,61,0,1955,0,0,3,0,3,1785,109,64,0,1958,0,0,0,1958
04/19/2018,LAX,CA,AWP,WE,Towers with Radar,1850,111,64,1,2026,0,0,1,0,1,1850,111,65,1,2027,0,0,0,2027
04/20/2018,LAX,CA,AWP,WE,Towers with Radar,1852,115,43,1,2011,0,0,3,0,3,1852,115,46,1,2014,0,0,0,2014
04/21/2018,LAX,CA,AWP,WE,Towers with Radar,1649,93,26,0,1768,1,0,1,0,2,1650,93,27,0,1770,0,0,0,1770
04/22/2018,LAX,CA,AWP,WE,Towers with Radar,1787,119,26,0,1932,0,0,15,0,15,1787,119,41,0,1947,0,0,0,1947
04/23/2018,LAX,CA,AWP,WE,Towers with Radar,1817,107,50,2,1976,0,0,1,0,1,1817,107,51,2,1977,0,0,0,1977
04/24/2018,LAX,CA,AWP,WE,Towers with Radar,1736,106,56,1,1899,0,0,1,0,1,1736,106,57,1,1900,0,0,0,1900
04/25/2018,LAX,CA,AWP,WE,Towers with Radar,1747,99,54,0,1900,0,0,3,0,3,1747,99,57,0,1903,0,0,0,1903
04/26/2018,LAX,CA,AWP,WE,Towers with Radar,1854,109,57,1,2021,0,0,2,0,2,1854,109,59,1,2023,0,0,0,2023
04/27/2018,LAX,CA,AWP,WE,Towers with Radar,1869,112,63,0,2044,0,0,3,0,3,1869,112,66,0,2047,0,0,0,2047
04/28/2018,LAX,CA,AWP,WE,Towers with Radar,1650,99,30,1,1780,0,0,3,1,4,1650,99,33,2,1784,0,0,0,1784
04/29/2018,LAX,CA,AWP,WE,Towers with Radar,1796,111,74,1,1982,0,0,7,0,7,1796,111,81,1,1989,0,0,0,1989
04/30/2018,LAX,CA,AWP,WE,Towers with Radar,1832,118,54,1,2005,0,0,1,0,1,1832,118,55,1,2006,0,0,0,2006
05/01/2018,LAX,CA,AWP,WE,Towers with Radar,1791,126,53,2,1972,0,0,2,0,2,1791,126,55,2,1974,0,0,0,1974
05/02/2018,LAX,CA,AWP,WE,Towers with Radar,1793,115,55,0,1963,0,0,0,0,0,1793,115,55,0,1963,0,0,0,1963
05/03/2018,LAX,CA,AWP,WE,Towers with Radar,1835,115,57,0,2007,0,1,6,2,9,1835,116,63,2,2016,0,0,0,2016
05/04/2018,LAX,CA,AWP,WE,Towers with Radar,1885,120,53,0,2058,0,0,2,0,2,1885,120,55,0,2060,0,0,0,2060
05/05/2018,LAX,CA,AWP,WE,Towers with Radar,1634,104,37,0,1775,0,0,1,0,1,1634,104,38,0,1776,0,0,0,1776
05/06/2018,LAX,CA,AWP,WE,Towers with Radar,1806,103,36,2,1947,1,0,8,0,9,1807,103,44,2,1956,0,0,0,1956
05/07/2018,LAX,CA,AWP,WE,Towers with Radar,1842,101,36,2,1981,0,0,6,0,6,1842,101,42,2,1987,0,0,0,1987
05/08/2018,LAX,CA,AWP,WE,Towers with Radar,1791,107,37,0,1935,0,0,0,0,0,1791,107,37,0,1935,0,0,0,1935
05/09/2018,LAX,CA,AWP,WE,Towers with Radar,1818,117,46,0,1981,0,0,5,1,6,1818,117,51,1,1987,0,0,0,1987
05/10/2018,LAX,CA,AWP,WE,Towers with Radar,1850,102,62,0,2014,0,0,2,0,2,1850,102,64,0,2016,0,0,0,2016
05/11/2018,LAX,CA,AWP,WE,Towers with Radar,1879,121,52,2,2054,0,0,1,0,1,1879,121,53,2,2055,0,0,0,2055
05/12/2018,LAX,CA,AWP,WE,Towers with Radar,1639,100,28,0,1767,0,0,2,0,2,1639,100,30,0,1769,0,0,0,1769
05/13/2018,LAX,CA,AWP,WE,Towers with Radar,1761,110,34,0,1905,0,0,2,0,2,1761,110,36,0,1907,0,0,0,1907
05/14/2018,LAX,CA,AWP,WE,Towers with Radar,1807,111,37,2,1957,0,0,1,0,1,1807,111,38,2,1958,0,0,0,1958
05/15/2018,LAX,CA,AWP,WE,Towers with Radar,1771,108,39,1,1919,0,0,4,0,4,1771,108,43,1,1923,0,0,0,1923
05/16/2018,LAX,CA,AWP,WE,Towers with Radar,1816,117,49,2,1984,0,0,3,0,3,1816,117,52,2,1987,0,0,0,1987
05/17/2018,LAX,CA,AWP,WE,Towers with Radar,1857,110,59,2,2028,0,0,5,0,5,1857,110,64,2,2033,0,0,0,2033
05/18/2018,LAX,CA,AWP,WE,Towers with Radar,1850,110,34,3,1997,0,0,5,2,7,1850,110,39,5,2004,0,0,0,2004
05/19/2018,LAX,CA,AWP,WE,Towers with Radar,1640,91,34,0,1765,0,0,5,0,5,1640,91,39,0,1770,0,0,0,1770
05/20/2018,LAX,CA,AWP,WE,Towers with Radar,1789,112,40,0,1941,0,0,1,0,1,1789,112,41,0,1942,0,0,0,1942
05/21/2018,LAX,CA,AWP,WE,Towers with Radar,1853,111,52,0,2016,0,0,0,0,0,1853,111,52,0,2016,0,0,0,2016
05/22/2018,LAX,CA,AWP,WE,Towers with Radar,1796,120,49,0,1965,0,0,4,0,4,1796,120,53,0,1969,0,0,0,1969
05/23/2018,LAX,CA,AWP,WE,Towers with Radar,1853,120,47,2,2022,0,0,4,0,4,1853,120,51,2,2026,0,0,0,2026
05/24/2018,LAX,CA,AWP,WE,Towers with Radar,1865,120,50,0,2035,0,0,8,0,8,1865,120,58,0,2043,0,0,0,2043
05/25/2018,LAX,CA,AWP,WE,Towers with Radar,1876,136,48,0,2060,0,0,9,0,9,1876,136,57,0,2069,0,0,0,2069
05/26/2018,LAX,CA,AWP,WE,Towers with Radar,1643,95,26,0,1764,0,0,3,0,3,1643,95,29,0,1767,0,0,0,1767
05/27/2018,LAX,CA,AWP,WE,Towers with Radar,1643,93,19,0,1755,0,0,1,0,1,1643,93,20,0,1756,0,0,0,1756
05/28/2018,LAX,CA,AWP,WE,Towers with Radar,1799,132,51,0,1982,0,0,4,0,4,1799,132,55,0,1986,0,0,0,1986
05/29/2018,LAX,CA,AWP,WE,Towers with Radar,1773,115,64,0,1952,0,0,1,1,2,1773,115,65,1,1954,0,0,0,1954
05/30/2018,LAX,CA,AWP,WE,Towers with Radar,1844,113,64,0,2021,0,0,0,0,0,1844,113,64,0,2021,0,0,0,2021
05/31/2018,LAX,CA,AWP,WE,Towers with Radar,1869,115,60,1,2045,0,0,4,0,4,1869,115,64,1,2049,0,0,0,2049
06/01/2018,LAX,CA,AWP,WE,Towers with Radar,1867,110,48,0,2025,0,0,3,0,3,1867,110,51,0,2028,0,0,0,2028
06/02/2018,LAX,CA,AWP,WE,Towers with Radar,1656,105,17,0,1778,0,0,2,0,2,1656,105,19,0,1780,0,0,0,1780
06/03/2018,LAX,CA,AWP,WE,Towers with Radar,1819,110,50,0,1979,0,0,4,0,4,1819,110,54,0,1983,0,0,0,1983
06/04/2018,LAX,CA,AWP,WE,Towers with Radar,1860,116,52,2,2030,0,0,0,0,0,1860,116,52,2,2030,0,0,0,2030
06/05/2018,LAX,CA,AWP,WE,Towers with Radar,1827,105,44,0,1976,0,0,2,0,2,1827,105,46,0,1978,0,0,0,1978
06/06/2018,LAX,CA,AWP,WE,Towers with Radar,1859,120,47,0,2026,0,0,1,0,1,1859,120,48,0,2027,0,0,0,2027
06/07/2018,LAX,CA,AWP,WE,Towers with Radar,1909,111,37,0,2057,0,0,10,0,10,1909,111,47,0,2067,0,0,0,2067
06/08/2018,LAX,CA,AWP,WE,Towers with Radar,1919,113,44,0,2076,0,0,7,0,7,1919,113,51,0,2083,0,0,0,2083
06/09/2018,LAX,CA,AWP,WE,Towers with Radar,1747,100,33,1,1881,0,0,4,0,4,1747,100,37,1,1885,0,0,0,1885
06/10/2018,LAX,CA,AWP,WE,Towers with Radar,1846,114,35,0,1995,0,0,10,2,12,1846,114,45,2,2007,0,0,0,2007
06/11/2018,LAX,CA,AWP,WE,Towers with Radar,1930,120,53,3,2106,0,0,8,0,8,1930,120,61,3,2114,0,0,0,2114
06/12/2018,LAX,CA,AWP,WE,Towers with Radar,1907,116,47,1,2071,0,0,1,0,1,1907,116,48,1,2072,0,0,0,2072
06/13/2018,LAX,CA,AWP,WE,Towers with Radar,1932,127,48,1,2108,0,0,5,0,5,1932,127,53,1,2113,0,0,0,2113
06/14/2018,LAX,CA,AWP,WE,Towers with Radar,1942,139,60,2,2143,0,0,5,0,5,1942,139,65,2,2148,0,0,0,2148
06/15/2018,LAX,CA,AWP,WE,Towers with Radar,1946,124,36,2,2108,0,0,3,0,3,1946,124,39,2,2111,0,0,0,2111
06/16/2018,LAX,CA,AWP,WE,Towers with Radar,1761,102,33,1,1897,0,0,3,0,3,1761,102,36,1,1900,0,0,0,1900
06/17/2018,LAX,CA,AWP,WE,Towers with Radar,1850,135,29,2,2016,0,0,8,0,8,1850,135,37,2,2024,0,0,0,2024
06/18/2018,LAX,CA,AWP,WE,Towers with Radar,1907,120,54,3,2084,0,0,1,0,1,1907,120,55,3,2085,0,0,0,2085
06/19/2018,LAX,CA,AWP,WE,Towers with Radar,1908,98,48,1,2055,0,0,0,1,1,1908,98,48,2,2056,0,0,0,2056
06/20/2018,LAX,CA,AWP,WE,Towers with Radar,1924,123,61,1,2109,0,0,2,0,2,1924,123,63,1,2111,0,0,0,2111
06/21/2018,LAX,CA,AWP,WE,Towers with Radar,1934,132,45,0,2111,0,0,2,0,2,1934,132,47,0,2113,0,0,0,2113
06/22/2018,LAX,CA,AWP,WE,Towers with Radar,1935,122,59,0,2116,0,0,0,0,0,1935,122,59,0,2116,0,0,0,2116
06/23/2018,LAX,CA,AWP,WE,Towers with Radar,1753,105,18,0,1876,0,0,5,2,7,1753,105,23,2,1883,0,0,0,1883
06/24/2018,LAX,CA,AWP,WE,Towers with Radar,1840,114,37,0,1991,0,0,4,0,4,1840,114,41,0,1995,0,0,0,1995
06/25/2018,LAX,CA,AWP,WE,Towers with Radar,1921,129,65,1,2116,0,1,5,0,6,1921,130,70,1,2122,0,0,0,2122
06/26/2018,LAX,CA,AWP,WE,Towers with Radar,1891,118,51,1,2061,0,0,3,0,3,1891,118,54,1,2064,0,0,0,2064
06/27/2018,LAX,CA,AWP,WE,Towers with Radar,1944,111,44,0,2099,0,0,4,0,4,1944,111,48,0,2103,0,0,0,2103
06/28/2018,LAX,CA,AWP,WE,Towers with Radar,1934,120,45,2,2101,0,0,2,1,3,1934,120,47,3,2104,0,0,0,2104
06/29/2018,LAX,CA,AWP,WE,Towers with Radar,1917,128,38,1,2084,0,0,5,0,5,1917,128,43,1,2089,0,0,0,2089
06/30/2018,LAX,CA,AWP,WE,Towers with Radar,1803,114,30,1,1948,1,0,5,0,6,1804,114,35,1,1954,0,0,0,1954
07/01/2018,LAX,CA,AWP,WE,Towers with Radar,1830,100,37,0,1967,0,0,2,0,2,1830,100,39,0,1969,0,0,0,1969
07/02/2018,LAX,CA,AWP,WE,Towers with Radar,1822,108,33,1,1964,0,0,2,0,2,1822,108,35,1,1966,0,0,0,1966
07/03/2018,LAX,CA,AWP,WE,Towers with Radar,1783,106,30,0,1919,0,0,2,1,3,1783,106,32,1,1922,0,0,0,1922
07/04/2018,LAX,CA,AWP,WE,Towers with Radar,1700,86,30,0,1816,0,0,5,2,7,1700,86,35,2,1823,0,0,0,1823
07/05/2018,LAX,CA,AWP,WE,Towers with Radar,1856,106,43,0,2005,0,0,10,1,11,1856,106,53,1,2016,0,0,0,2016
07/06/2018,LAX,CA,AWP,WE,Towers with Radar,1868,111,28,0,2007,0,0,6,0,6,1868,111,34,0,2013,0,0,0,2013
07/07/2018,LAX,CA,AWP,WE,Towers with Radar,1792,106,26,0,1924,0,0,5,0,5,1792,106,31,0,1929,0,0,0,1929
07/08/2018,LAX,CA,AWP,WE,Towers with Radar,1884,119,34,0,2037,0,0,8,0,8,1884,119,42,0,2045,0,0,0,2045
07/09/2018,LAX,CA,AWP,WE,Towers with Radar,1930,109,45,2,2086,0,0,4,0,4,1930,109,49,2,2090,0,0,0,2090
07/10/2018,LAX,CA,AWP,WE,Towers with Radar,1943,114,50,0,2107,0,0,3,2,5,1943,114,53,2,2112,0,0,0,2112
07/11/2018,LAX,CA,AWP,WE,Towers with Radar,1950,125,31,3,2109,0,0,1,0,1,1950,125,32,3,2110,0,0,0,2110
07/12/2018,LAX,CA,AWP,WE,Towers with Radar,1910,113,48,1,2072,0,1,11,0,12,1910,114,59,1,2084,0,0,0,2084
07/13/2018,LAX,CA,AWP,WE,Towers with Radar,1951,109,54,3,2117,0,0,9,1,10,1951,109,63,4,2127,0,0,0,2127
07/14/2018,LAX,CA,AWP,WE,Towers with Radar,1769,115,36,2,1922,0,0,11,0,11,1769,115,47,2,1933,0,0,0,1933
07/15/2018,LAX,CA,AWP,WE,Towers with Radar,1849,123,34,0,2006,0,0,2,0,2,1849,123,36,0,2008,0,0,0,2008
07/16/2018,LAX,CA,AWP,WE,Towers with Radar,1925,110,33,0,2068,0,0,0,0,0,1925,110,33,0,2068,0,0,0,2068
07/17/2018,LAX,CA,AWP,WE,Towers with Radar,1906,107,46,2,2061,0,0,2,0,2,1906,107,48,2,2063,0,0,0,2063
07/18/2018,LAX,CA,AWP,WE,Towers with Radar,1964,122,55,2,2143,0,0,2,0,2,1964,122,57,2,2145,0,0,0,2145
07/19/2018,LAX,CA,AWP,WE,Towers with Radar,1947,144,43,3,2137,0,0,1,0,1,1947,144,44,3,2138,0,0,0,2138
07/20/2018,LAX,CA,AWP,WE,Towers with Radar,1934,121,53,0,2108,0,0,10,1,11,1934,121,63,1,2119,0,0,0,2119
07/21/2018,LAX,CA,AWP,WE,Towers with Radar,1772,105,23,0,1900,0,0,4,0,4,1772,105,27,0,1904,0,0,0,1904
07/22/2018,LAX,CA,AWP,WE,Towers with Radar,1841,122,40,3,2006,0,0,1,0,1,1841,122,41,3,2007,0,0,0,2007
07/23/2018,LAX,CA,AWP,WE,Towers with Radar,1909,110,35,2,2056,0,0,4,1,5,1909,110,39,3,2061,0,0,0,2061
07/24/2018,LAX,CA,AWP,WE,Towers with Radar,1887,128,40,1,2056,0,0,5,4,9,1887,128,45,5,2065,0,0,0,2065
07/25/2018,LAX,CA,AWP,WE,Towers with Radar,1933,123,43,0,2099,0,0,0,0,0,1933,123,43,0,2099,0,0,0,2099
07/26/2018,LAX,CA,AWP,WE,Towers with Radar,1927,122,49,0,2098,0,0,0,0,0,1927,122,49,0,2098,0,0,0,2098
07/27/2018,LAX,CA,AWP,WE,Towers with Radar,1909,123,42,2,2076,0,0,1,0,1,1909,123,43,2,2077,0,0,0,2077
07/28/2018,LAX,CA,AWP,WE,Towers with Radar,1758,101,40,0,1899,0,0,3,0,3,1758,101,43,0,1902,0,0,0,1902
07/29/2018,LAX,CA,AWP,WE,Towers with Radar,1879,125,34,0,2038,0,0,2,0,2,1879,125,36,0,2040,0,0,0,2040
07/30/2018,LAX,CA,AWP,WE,Towers with Radar,1928,104,45,3,2080,0,0,4,1,5,1928,104,49,4,2085,0,0,0,2085
07/31/2018,LAX,CA,AWP,WE,Towers with Radar,1915,108,55,0,2078,0,0,1,0,1,1915,108,56,0,2079,0,0,0,2079
08/01/2018,LAX,CA,AWP,WE,Towers with Radar,1940,112,48,1,2101,0,0,1,2,3,1940,112,49,3,2104,0,0,0,2104
08/02/2018,LAX,CA,AWP,WE,Towers with Radar,1913,112,55,1,2081,0,0,3,0,3,1913,112,58,1,2084,0,0,0,2084
08/03/2018,LAX,CA,AWP,WE,Towers with Radar,1934,115,54,0,2103,0,0,11,0,11,1934,115,65,0,2114,0,0,0,2114
08/04/2018,LAX,CA,AWP,WE,Towers with Radar,1791,94,27,0,1912,0,0,3,0,3,1791,94,30,0,1915,0,0,0,1915
08/05/2018,LAX,CA,AWP,WE,Towers with Radar,1867,115,36,0,2018,0,0,4,0,4,1867,115,40,0,2022,0,0,0,2022
08/06/2018,LAX,CA,AWP,WE,Towers with Radar,1949,113,53,0,2115,0,0,2,0,2,1949,113,55,0,2117,0,0,0,2117
08/07/2018,LAX,CA,AWP,WE,Towers with Radar,1897,115,57,0,2069,0,0,2,0,2,1897,115,59,0,2071,0,0,0,2071
08/08/2018,LAX,CA,AWP,WE,Towers with Radar,1938,134,46,3,2121,0,0,4,0,4,1938,134,50,3,2125,0,0,0,2125
08/09/2018,LAX,CA,AWP,WE,Towers with Radar,1983,115,44,2,2144,0,0,1,1,2,1983,115,45,3,2146,0,0,0,2146
08/10/2018,LAX,CA,AWP,WE,Towers with Radar,1964,110,58,0,2132,0,0,4,0,4,1964,110,62,0,2136,0,0,0,2136
08/11/2018,LAX,CA,AWP,WE,Towers with Radar,1743,93,19,0,1855,0,0,9,3,12,1743,93,28,3,1867,0,0,0,1867
08/12/2018,LAX,CA,AWP,WE,Towers with Radar,1856,112,42,1,2011,0,0,7,2,9,1856,112,49,3,2020,0,0,0,2020
08/13/2018,LAX,CA,AWP,WE,Towers with Radar,1939,113,45,0,2097,0,0,4,0,4,1939,113,49,0,2101,0,0,0,2101
08/14/2018,LAX,CA,AWP,WE,Towers with Radar,1860,133,50,0,2043,0,0,3,0,3,1860,133,53,0,2046,0,0,0,2046
08/15/2018,LAX,CA,AWP,WE,Towers with Radar,1961,128,54,2,2145,0,0,5,1,6,1961,128,59,3,2151,0,0,0,2151
08/16/2018,LAX,CA,AWP,WE,Towers with Radar,1935,133,54,0,2122,1,0,7,0,8,1936,133,61,0,2130,0,0,0,2130
08/17/2018,LAX,CA,AWP,WE,Towers with Radar,1932,113,45,0,2090,0,0,2,0,2,1932,113,47,0,2092,0,0,0,2092
08/18/2018,LAX,CA,AWP,WE,Towers with Radar,1708,111,36,1,1856,0,0,7,0,7,1708,111,43,1,1863,0,0,0,1863
08/19/2018,LAX,CA,AWP,WE,Towers with Radar,1864,133,42,0,2039,0,0,1,0,1,1864,133,43,0,2040,0,0,0,2040
08/20/2018,LAX,CA,AWP,WE,Towers with Radar,1896,122,39,2,2059,0,0,0,1,1,1896,122,39,3,2060,0,0,0,2060
08/21/2018,LAX,CA,AWP,WE,Towers with Radar,1812,92,55,1,1960,0,0,1,0,1,1812,92,56,1,1961,0,0,0,1961
08/22/2018,LAX,CA,AWP,WE,Towers with Radar,1855,114,50,0,2019,0,0,0,0,0,1855,114,50,0,2019,0,0,0,2019
08/23/2018,LAX,CA,AWP,WE,Towers with Radar,1882,120,50,2,2054,0,0,6,0,6,1882,120,56,2,2060,0,0,0,2060
08/24/2018,LAX,CA,AWP,WE,Towers with Radar,1863,111,44,2,2020,0,1,4,1,6,1863,112,48,3,2026,0,0,0,2026
08/25/2018,LAX,CA,AWP,WE,Towers with Radar,1672,74,46,1,1793,0,1,10,0,11,1672,75,56,1,1804,0,0,0,1804
08/26/2018,LAX,CA,AWP,WE,Towers with Radar,1827,112,34,0,1973,0,0,4,0,4,1827,112,38,0,1977,0,0,0,1977
08/27/2018,LAX,CA,AWP,WE,Towers with Radar,1858,110,49,3,2020,0,0,8,0,8,1858,110,57,3,2028,0,0,0,2028
08/28/2018,LAX,CA,AWP,WE,Towers with Radar,1801,107,65,0,1973,0,0,8,1,9,1801,107,73,1,1982,0,0,0,1982
08/29/2018,LAX,CA,AWP,WE,Towers with Radar,1841,116,43,0,2000,0,0,16,1,17,1841,116,59,1,2017,0,0,0,2017
08/30/2018,LAX,CA,AWP,WE,Towers with Radar,1874,106,47,3,2030,0,0,13,1,14,1874,106,60,4,2044,0,0,0,2044
08/31/2018,LAX,CA,AWP,WE,Towers with Radar,1856,110,46,0,2012,0,0,4,0,4,1856,110,50,0,2016,0,0,0,2016
09/01/2018,LAX,CA,AWP,WE,Towers with Radar,1572,92,24,1,1689,0,2,9,1,12,1572,94,33,2,1701,0,0,0,1701
09/02/2018,LAX,CA,AWP,WE,Towers with Radar,1609,94,25,0,1728,0,0,5,0,5,1609,94,30,0,1733,0,0,0,1733
09/03/2018,LAX,CA,AWP,WE,Towers with Radar,1796,117,27,1,1941,0,0,7,3,10,1796,117,34,4,1951,0,0,0,1951
09/04/2018,LAX,CA,AWP,WE,Towers with Radar,1737,99,41,0,1877,0,0,2,0,2,1737,99,43,0,1879,0,0,0,1879
09/05/2018,LAX,CA,AWP,WE,Towers with Radar,1801,104,51,2,1958,0,0,2,1,3,1801,104,53,3,1961,0,0,0,1961
09/06/2018,LAX,CA,AWP,WE,Towers with Radar,1802,113,52,0,1967,0,0,2,0,2,1802,113,54,0,1969,0,0,0,1969
09/07/2018,LAX,CA,AWP,WE,Towers with Radar,1787,116,41,1,1945,0,0,0,0,0,1787,116,41,1,1945,0,0,0,1945
09/08/2018,LAX,CA,AWP,WE,Towers with Radar,1617,89,29,0,1735,0,0,0,0,0,1617,89,29,0,1735,0,0,0,1735
09/09/2018,LAX,CA,AWP,WE,Towers with Radar,1787,110,56,1,1954,0,0,0,0,0,1787,110,56,1,1954,0,0,0,1954
09/10/2018,LAX,CA,AWP,WE,Towers with Radar,1815,114,53,3,1985,0,0,5,2,7,1815,114,58,5,1992,0,0,0,1992
09/11/2018,LAX,CA,AWP,WE,Towers with Radar,1742,89,48,0,1879,0,0,6,0,6,1742,89,54,0,1885,0,0,0,1885
09/12/2018,LAX,CA,AWP,WE,Towers with Radar,1782,102,49,5,1938,0,0,6,0,6,1782,102,55,5,1944,0,0,0,1944
09/13/2018,LAX,CA,AWP,WE,Towers with Radar,1867,128,53,0,2048,0,0,2,2,4,1867,128,55,2,2052,0,0,0,2052
09/14/2018,LAX,CA,AWP,WE,Towers with Radar,1845,115,56,1,2017,0,0,6,0,6,1845,115,62,1,2023,0,0,0,2023
09/15/2018,LAX,CA,AWP,WE,Towers with Radar,1585,74,20,2,1681,0,0,2,0,2,1585,74,22,2,1683,0,0,0,1683
09/16/2018,LAX,CA,AWP,WE,Towers with Radar,1753,121,54,0,1928,0,0,1,0,1,1753,121,55,0,1929,0,0,0,1929
09/17/2018,LAX,CA,AWP,WE,Towers with Radar,1818,118,47,0,1983,0,0,7,0,7,1818,118,54,0,1990,0,0,0,1990
09/18/2018,LAX,CA,AWP,WE,Towers with Radar,1788,111,57,1,1957,0,2,11,0,13,1788,113,68,1,1970,0,0,0,1970
09/19/2018,LAX,CA,AWP,WE,Towers with Radar,1798,109,45,1,1953,0,0,13,0,13,1798,109,58,1,1966,0,0,0,1966
09/20/2018,LAX,CA,AWP,WE,Towers with Radar,1833,117,45,2,1997,0,1,11,0,12,1833,118,56,2,2009,0,0,0,2009
09/21/2018,LAX,CA,AWP,WE,Towers with Radar,1850,133,36,0,2019,0,0,3,0,3,1850,133,39,0,2022,0,0,0,2022
09/22/2018,LAX,CA,AWP,WE,Towers with Radar,1615,85,22,0,1722,0,0,3,0,3,1615,85,25,0,1725,0,0,0,1725
09/23/2018,LAX,CA,AWP,WE,Towers with Radar,1765,110,36,1,1912,0,0,8,0,8,1765,110,44,1,1920,0,0,0,1920
09/24/2018,LAX,CA,AWP,WE,Towers with Radar,1841,94,27,2,1964,0,0,1,0,1,1841,94,28,2,1965,0,0,0,1965
09/25/2018,LAX,CA,AWP,WE,Towers with Radar,1778,90,53,1,1922,0,0,13,0,13,1778,90,66,1,1935,0,0,0,1935
09/26/2018,LAX,CA,AWP,WE,Towers with Radar,1813,110,71,1,1995,0,1,3,0,4,1813,111,74,1,1999,0,0,0,1999
09/27/2018,LAX,CA,AWP,WE,Towers with Radar,1886,108,63,0,2057,0,0,0,1,1,1886,108,63,1,2058,0,0,0,2058
09/28/2018,LAX,CA,AWP,WE,Towers with Radar,1870,99,66,2,2037,0,0,1,0,1,1870,99,67,2,2038,0,0,0,2038
09/29/2018,LAX,CA,AWP,WE,Towers with Radar,1620,88,34,0,1742,0,1,3,0,4,1620,89,37,0,1746,0,0,0,1746
09/30/2018,LAX,CA,AWP,WE,Towers with Radar,1768,100,29,0,1897,0,0,5,0,5,1768,100,34,0,1902,0,0,0,1902
10/01/2018,LAX,CA,AWP,WE,Towers with Radar,1822,106,48,0,1976,0,0,3,2,5,1822,106,51,2,1981,0,0,0,1981
10/02/2018,LAX,CA,AWP,WE,Towers with Radar,1766,86,38,0,1890,0,0,6,1,7,1766,86,44,1,1897,0,0,0,1897
10/03/2018,LAX,CA,AWP,WE,Towers with Radar,1787,97,49,2,1935,0,0,4,0,4,1787,97,53,2,1939,0,0,0,1939
10/04/2018,LAX,CA,AWP,WE,Towers with Radar,1864,95,45,0,2004,0,0,6,0,6,1864,95,51,0,2010,0,0,0,2010
10/05/2018,LAX,CA,AWP,WE,Towers with Radar,1863,111,65,0,2039,0,0,8,0,8,1863,111,73,0,2047,0,0,0,2047
10/06/2018,LAX,CA,AWP,WE,Towers with Radar,1611,73,34,3,1721,0,0,2,0,2,1611,73,36,3,1723,0,0,0,1723
10/07/2018,LAX,CA,AWP,WE,Towers with Radar,1743,90,54,1,1888,0,0,1,0,1,1743,90,55,1,1889,0,0,0,1889
10/08/2018,LAX,CA,AWP,WE,Towers with Radar,1808,85,59,9,1961,0,0,0,0,0,1808,85,59,9,1961,0,0,0,1961
10/09/2018,LAX,CA,AWP,WE,Towers with Radar,1750,96,57,0,1903,0,0,6,1,7,1750,96,63,1,1910,0,0,0,1910
10/10/2018,LAX,CA,AWP,WE,Towers with Radar,1804,98,57,2,1961,0,0,1,1,2,1804,98,58,3,1963,0,0,0,1963
10/11/2018,LAX,CA,AWP,WE,Towers with Radar,1832,91,60,0,1983,0,0,4,1,5,1832,91,64,1,1988,0,0,0,1988
10/12/2018,LAX,CA,AWP,WE,Towers with Radar,1824,86,57,2,1969,0,1,9,0,10,1824,87,66,2,1979,0,0,0,1979
10/13/2018,LAX,CA,AWP,WE,Towers with Radar,1659,85,17,1,1762,0,0,4,0,4,1659,85,21,1,1766,0,0,0,1766
10/14/2018,LAX,CA,AWP,WE,Towers with Radar,1783,93,44,0,1920,0,0,0,0,0,1783,93,44,0,1920,0,0,0,1920
10/15/2018,LAX,CA,AWP,WE,Towers with Radar,1790,111,45,2,1948,0,0,0,0,0,1790,111,45,2,1948,0,0,0,1948
10/16/2018,LAX,CA,AWP,WE,Towers with Radar,1799,115,42,0,1956,0,0,3,0,3,1799,115,45,0,1959,0,0,0,1959
10/17/2018,LAX,CA,AWP,WE,Towers with Radar,1791,107,52,0,1950,0,0,3,0,3,1791,107,55,0,1953,0,0,0,1953
10/18/2018,LAX,CA,AWP,WE,Towers with Radar,1863,114,51,0,2028,0,0,8,3,11,1863,114,59,3,2039,0,0,0,2039
10/19/2018,LAX,CA,AWP,WE,Towers with Radar,1822,117,59,1,1999,0,0,4,0,4,1822,117,63,1,2003,0,0,0,2003
10/20/2018,LAX,CA,AWP,WE,Towers with Radar,1589,94,35,0,1718,0,0,1,3,4,1589,94,36,3,1722,0,0,0,1722
10/21/2018,LAX,CA,AWP,WE,Towers with Radar,1753,102,42,0,1897,0,0,4,0,4,1753,102,46,0,1901,0,0,0,1901
10/22/2018,LAX,CA,AWP,WE,Towers with Radar,1809,115,44,2,1970,0,0,0,0,0,1809,115,44,2,1970,0,0,0,1970
10/23/2018,LAX,CA,AWP,WE,Towers with Radar,1757,117,48,2,1924,0,0,4,0,4,1757,117,52,2,1928,0,0,0,1928
10/24/2018,LAX,CA,AWP,WE,Towers with Radar,1799,111,41,0,1951,0,0,6,0,6,1799,111,47,0,1957,0,0,0,1957
10/25/2018,LAX,CA,AWP,WE,Towers with Radar,1853,109,54,0,2016,0,0,7,2,9,1853,109,61,2,2025,0,0,0,2025
10/26/2018,LAX,CA,AWP,WE,Towers with Radar,1861,114,49,3,2027,0,0,0,0,0,1861,114,49,3,2027,0,0,0,2027
10/27/2018,LAX,CA,AWP,WE,Towers with Radar,1577,103,24,0,1704,0,0,1,0,1,1577,103,25,0,1705,0,0,0,1705
10/28/2018,LAX,CA,AWP,WE,Towers with Radar,1665,140,45,0,1850,0,0,0,0,0,1665,140,45,0,1850,0,0,0,1850
10/29/2018,LAX,CA,AWP,WE,Towers with Radar,1720,116,33,1,1870,0,0,1,0,1,1720,116,34,1,1871,0,0,0,1871
10/30/2018,LAX,CA,AWP,WE,Towers with Radar,1647,97,48,0,1792,0,0,3,0,3,1647,97,51,0,1795,0,0,0,1795
10/31/2018,LAX,CA,AWP,WE,Towers with Radar,1540,108,32,0,1680,0,0,0,5,5,1540,108,32,5,1685,0,0,0,1685
11/01/2018,LAX,CA,AWP,WE,Towers with Radar,1746,129,62,1,1938,0,0,0,0,0,1746,129,62,1,1938,0,0,0,1938
11/02/2018,LAX,CA,AWP,WE,Towers with Radar,1749,122,40,1,1912,0,0,4,1,5,1749,122,44,2,1917,0,0,0,1917
11/03/2018,LAX,CA,AWP,WE,Towers with Radar,1546,103,29,0,1678,0,0,2,0,2,1546,103,31,0,1680,0,0,0,1680
11/04/2018,LAX,CA,AWP,WE,Towers with Radar,1731,132,34,0,1897,0,0,0,0,0,1731,132,34,0,1897,0,0,0,1897
11/05/2018,LAX,CA,AWP,WE,Towers with Radar,1742,128,51,0,1921,0,0,2,0,2,1742,128,53,0,1923,0,0,0,1923
11/06/2018,LAX,CA,AWP,WE,Towers with Radar,1710,123,65,0,1898,0,0,4,1,5,1710,123,69,1,1903,0,0,0,1903
11/07/2018,LAX,CA,AWP,WE,Towers with Radar,1738,126,62,0,1926,1,1,7,1,10,1739,127,69,1,1936,0,0,0,1936
11/08/2018,LAX,CA,AWP,WE,Towers with Radar,1765,123,52,2,1942,0,0,6,1,7,1765,123,58,3,1949,0,0,0,1949
11/09/2018,LAX,CA,AWP,WE,Towers with Radar,1760,124,56,0,1940,0,0,4,0,4,1760,124,60,0,1944,0,0,0,1944
11/10/2018,LAX,CA,AWP,WE,Towers with Radar,1564,98,24,0,1686,0,0,1,0,1,1564,98,25,0,1687,0,0,0,1687
11/11/2018,LAX,CA,AWP,WE,Towers with Radar,1712,116,48,0,1876,0,0,7,0,7,1712,116,55,0,1883,0,0,0,1883
11/12/2018,LAX,CA,AWP,WE,Towers with Radar,1782,133,50,1,1966,0,0,0,0,0,1782,133,50,1,1966,0,0,0,1966
11/13/2018,LAX,CA,AWP,WE,Towers with Radar,1737,124,56,1,1918,0,0,2,0,2,1737,124,58,1,1920,0,0,0,1920
11/14/2018,LAX,CA,AWP,WE,Towers with Radar,1768,119,76,2,1965,0,0,2,0,2,1768,119,78,2,1967,0,0,0,1967
11/15/2018,LAX,CA,AWP,WE,Towers with Radar,1767,134,51,3,1955,0,0,5,1,6,1767,134,56,4,1961,0,0,0,1961
11/16/2018,LAX,CA,AWP,WE,Towers with Radar,1810,125,51,2,1988,0,0,10,3,13,1810,125,61,5,2001,0,0,0,2001
11/17/2018,LAX,CA,AWP,WE,Towers with Radar,1660,104,33,1,1798,0,1,3,0,4,1660,105,36,1,1802,0,0,0,1802
11/18/2018,LAX,CA,AWP,WE,Towers with Radar,1683,111,35,0,1829,0,0,11,0,11,1683,111,46,0,1840,0,0,0,1840
11/19/2018,LAX,CA,AWP,WE,Towers with Radar,1706,131,47,4,1888,0,0,0,0,0,1706,131,47,4,1888,0,0,0,1888
11/20/2018,LAX,CA,AWP,WE,Towers with Radar,1742,130,35,0,1907,0,0,8,0,8,1742,130,43,0,1915,0,0,0,1915
11/21/2018,LAX,CA,AWP,WE,Towers with Radar,1802,129,25,0,1956,0,1,5,0,6,1802,130,30,0,1962,0,0,0,1962
11/22/2018,LAX,CA,AWP,WE,Towers with Radar,1297,99,12,0,1408,0,0,5,0,5,1297,99,17,0,1413,0,0,0,1413
11/23/2018,LAX,CA,AWP,WE,Towers with Radar,1503,109,26,0,1638,0,0,4,0,4,1503,109,30,0,1642,0,0,0,1642
11/24/2018,LAX,CA,AWP,WE,Towers with Radar,1754,109,27,1,1891,0,0,6,1,7,1754,109,33,2,1898,0,0,0,1898
11/25/2018,LAX,CA,AWP,WE,Towers with Radar,1795,153,85,1,2034,0,0,3,0,3,1795,153,88,1,2037,0,0,0,2037
11/26/2018,LAX,CA,AWP,WE,Towers with Radar,1781,136,44,3,1964,0,0,3,0,3,1781,136,47,3,1967,0,0,0,1967
11/27/2018,LAX,CA,AWP,WE,Towers with Radar,1806,117,44,1,1968,0,0,10,0,10,1806,117,54,1,1978,0,0,0,1978
11/28/2018,LAX,CA,AWP,WE,Towers with Radar,1757,117,48,1,1923,0,2,3,0,5,1757,119,51,1,1928,0,0,0,1928
11/29/2018,LAX,CA,AWP,WE,Towers with Radar,1768,100,50,2,1920,0,0,0,0,0,1768,100,50,2,1920,0,0,0,1920
11/30/2018,LAX,CA,AWP,WE,Towers with Radar,1820,106,40,1,1967,0,0,4,0,4,1820,106,44,1,1971,0,0,0,1971
12/01/2018,LAX,CA,AWP,WE,Towers with Radar,1543,75,29,2,1649,0,0,4,2,6,1543,75,33,4,1655,0,0,0,1655
12/02/2018,LAX,CA,AWP,WE,Towers with Radar,1685,95,37,0,1817,0,0,1,0,1,1685,95,38,0,1818,0,0,0,1818
12/03/2018,LAX,CA,AWP,WE,Towers with Radar,1720,107,44,0,1871,0,0,3,0,3,1720,107,47,0,1874,0,0,0,1874
12/04/2018,LAX,CA,AWP,WE,Towers with Radar,1685,122,52,0,1859,0,1,0,0,1,1685,123,52,0,1860,0,0,0,1860
12/05/2018,LAX,CA,AWP,WE,Towers with Radar,1684,107,42,1,1834,0,0,0,0,0,1684,107,42,1,1834,0,0,0,1834
12/06/2018,LAX,CA,AWP,WE,Towers with Radar,1783,113,43,3,1942,0,0,1,0,1,1783,113,44,3,1943,0,0,0,1943
12/07/2018,LAX,CA,AWP,WE,Towers with Radar,1785,108,54,1,1948,0,1,3,0,4,1785,109,57,1,1952,0,0,0,1952
12/08/2018,LAX,CA,AWP,WE,Towers with Radar,1530,84,31,2,1647,0,0,3,0,3,1530,84,34,2,1650,0,0,0,1650
12/09/2018,LAX,CA,AWP,WE,Towers with Radar,1646,119,36,0,1801,0,0,0,0,0,1646,119,36,0,1801,0,0,0,1801
12/10/2018,LAX,CA,AWP,WE,Towers with Radar,1724,110,54,0,1888,0,0,4,0,4,1724,110,58,0,1892,0,0,0,1892
12/11/2018,LAX,CA,AWP,WE,Towers with Radar,1719,100,45,0,1864,0,0,3,0,3,1719,100,48,0,1867,0,0,0,1867
12/12/2018,LAX,CA,AWP,WE,Towers with Radar,1723,115,71,3,1912,0,2,3,0,5,1723,117,74,3,1917,0,0,0,1917
12/13/2018,LAX,CA,AWP,WE,Towers with Radar,1813,134,65,3,2015,0,0,7,3,10,1813,134,72,6,2025,0,0,0,2025
12/14/2018,LAX,CA,AWP,WE,Towers with Radar,1803,104,33,1,1941,0,0,4,2,6,1803,104,37,3,1947,0,0,0,1947
12/15/2018,LAX,CA,AWP,WE,Towers with Radar,1539,90,43,0,1672,0,0,6,2,8,1539,90,49,2,1680,0,0,0,1680
12/16/2018,LAX,CA,AWP,WE,Towers with Radar,1666,109,29,1,1805,0,0,3,0,3,1666,109,32,1,1808,0,0,0,1808
12/17/2018,LAX,CA,AWP,WE,Towers with Radar,1749,104,49,0,1902,0,0,6,0,6,1749,104,55,0,1908,0,0,0,1908
12/18/2018,LAX,CA,AWP,WE,Towers with Radar,1736,110,44,1,1891,0,0,6,0,6,1736,110,50,1,1897,0,0,0,1897
12/19/2018,LAX,CA,AWP,WE,Towers with Radar,1876,140,28,1,2045,0,0,12,2,14,1876,140,40,3,2059,0,0,0,2059
12/20/2018,LAX,CA,AWP,WE,Towers with Radar,1860,141,40,0,2041,0,0,1,1,2,1860,141,41,1,2043,0,0,0,2043
12/21/2018,LAX,CA,AWP,WE,Towers with Radar,1878,140,44,1,2063,0,1,5,0,6,1878,141,49,1,2069,0,0,0,2069
12/22/2018,LAX,CA,AWP,WE,Towers with Radar,1875,118,44,2,2039,1,0,1,0,2,1876,118,45,2,2041,0,0,0,2041
12/23/2018,LAX,CA,AWP,WE,Towers with Radar,1872,120,37,0,2029,0,0,4,0,4,1872,120,41,0,2033,0,0,0,2033
12/24/2018,LAX,CA,AWP,WE,Towers with Radar,1620,105,20,1,1746,0,0,0,0,0,1620,105,20,1,1746,0,0,0,1746
12/25/2018,LAX,CA,AWP,WE,Towers with Radar,1571,116,24,0,1711,0,0,0,0,0,1571,116,24,0,1711,0,0,0,1711
12/26/2018,LAX,CA,AWP,WE,Towers with Radar,1818,149,47,1,2015,0,0,0,0,0,1818,149,47,1,2015,0,0,0,2015
12/27/2018,LAX,CA,AWP,WE,Towers with Radar,1874,140,50,1,2065,0,0,3,0,3,1874,140,53,1,2068,0,0,0,2068
12/28/2018,LAX,CA,AWP,WE,Towers with Radar,1874,130,42,1,2047,0,0,4,1,5,1874,130,46,2,2052,0,0,0,2052
12/29/2018,LAX,CA,AWP,WE,Towers with Radar,1823,120,42,0,1985,0,0,2,0,2,1823,120,44,0,1987,0,0,0,1987
12/30/2018,LAX,CA,AWP,WE,Towers with Radar,1836,118,32,0,1986,0,0,4,0,4,1836,118,36,0,1990,0,0,0,1990
12/31/2018,LAX,CA,AWP,WE,Towers with Radar,1644,125,18,0,1787,0,0,6,0,6,1644,125,24,0,1793,0,0,0,1793
01/01/2019,LAX,CA,AWP,WE,Towers with Radar,1704,118,43,1,1866,0,0,0,0,0,1704,118,43,1,1866,0,0,0,1866
01/02/2019,LAX,CA,AWP,WE,Towers with Radar,1876,137,70,0,2083,0,0,8,0,8,1876,137,78,0,2091,0,0,0,2091
01/03/2019,LAX,CA,AWP,WE,Towers with Radar,1855,145,71,1,2072,0,1,2,1,4,1855,146,73,2,2076,0,0,0,2076
01/04/2019,LAX,CA,AWP,WE,Towers with Radar,1823,148,49,1,2021,0,0,5,0,5,1823,148,54,1,2026,0,0,0,2026
01/05/2019,LAX,CA,AWP,WE,Towers with Radar,1618,132,55,1,1806,0,0,2,0,2,1618,132,57,1,1808,0,0,0,1808
01/06/2019,LAX,CA,AWP,WE,Towers with Radar,1709,126,63,1,1899,0,0,7,0,7,1709,126,70,1,1906,0,0,0,1906
01/07/2019,LAX,CA,AWP,WE,Towers with Radar,1764,144,50,1,1959,0,0,0,0,0,1764,144,50,1,1959,0,0,0,1959
01/08/2019,LAX,CA,AWP,WE,Towers with Radar,1609,131,51,3,1794,0,0,3,0,3,1609,131,54,3,1797,0,0,0,1797
01/09/2019,LAX,CA,AWP,WE,Towers with Radar,1666,124,44,1,1835,0,0,6,1,7,1666,124,50,2,1842,0,0,0,1842
01/10/2019,LAX,CA,AWP,WE,Towers with Radar,1733,135,66,1,1935,0,1,6,1,8,1733,136,72,2,1943,0,0,0,1943
01/11/2019,LAX,CA,AWP,WE,Towers with Radar,1738,140,40,2,1920,0,0,4,0,4,1738,140,44,2,1924,0,0,0,1924
01/12/2019,LAX,CA,AWP,WE,Towers with Radar,1502,120,40,1,1663,0,0,6,0,6,1502,120,46,1,1669,0,0,0,1669
01/13/2019,LAX,CA,AWP,WE,Towers with Radar,1605,120,45,0,1770,0,0,3,1,4,1605,120,48,1,1774,0,0,0,1774
01/14/2019,LAX,CA,AWP,WE,Towers with Radar,1666,115,39,0,1820,0,0,1,0,1,1666,115,40,0,1821,0,0,0,1821
01/15/2019,LAX,CA,AWP,WE,Towers with Radar,1578,112,40,0,1730,0,0,1,0,1,1578,112,41,0,1731,0,0,0,1731
01/16/2019,LAX,CA,AWP,WE,Towers with Radar,1600,132,43,0,1775,1,0,0,0,1,1601,132,43,0,1776,0,0,0,1776
01/17/2019,LAX,CA,AWP,WE,Towers with Radar,1736,152,41,0,1929,0,0,0,0,0,1736,152,41,0,1929,0,0,0,1929
01/18/2019,LAX,CA,AWP,WE,Towers with Radar,1699,140,58,0,1897,0,0,3,0,3,1699,140,61,0,1900,0,0,0,1900
01/19/2019,LAX,CA,AWP,WE,Towers with Radar,1430,106,30,0,1566,0,0,2,1,3,1430,106,32,1,1569,0,0,0,1569
01/20/2019,LAX,CA,AWP,WE,Towers with Radar,1520,97,20,1,1638,0,0,11,0,11,1520,97,31,1,1649,0,0,0,1649
01/21/2019,LAX,CA,AWP,WE,Towers with Radar,1656,136,53,1,1846,0,0,6,0,6,1656,136,59,1,1852,0,0,0,1852
01/22/2019,LAX,CA,AWP,WE,Towers with Radar,1572,120,52,0,1744,0,0,4,0,4,1572,120,56,0,1748,0,0,0,1748
01/23/2019,LAX,CA,AWP,WE,Towers with Radar,1623,116,73,1,1813,0,0,4,0,4,1623,116,77,1,1817,0,0,0,1817
01/24/2019,LAX,CA,AWP,WE,Towers with Radar,1721,154,43,0,1918,0,0,3,1,4,1721,154,46,1,1922,0,0,0,1922
01/25/2019,LAX,CA,AWP,WE,Towers with Radar,1720,140,27,0,1887,0,2,5,1,8,1720,142,32,1,1895,0,0,0,1895
01/26/2019,LAX,CA,AWP,WE,Towers with Radar,1479,118,20,2,1619,0,0,6,0,6,1479,118,26,2,1625,0,0,0,1625
01/27/2019,LAX,CA,AWP,WE,Towers with Radar,1612,124,51,0,1787,0,0,2,0,2,1612,124,53,0,1789,0,0,0,1789
01/28/2019,LAX,CA,AWP,WE,Towers with Radar,1653,126,31,0,1810,0,0,2,1,3,1653,126,33,1,1813,0,0,0,1813
01/29/2019,LAX,CA,AWP,WE,Towers with Radar,1566,116,54,0,1736,0,0,2,3,5,1566,116,56,3,1741,0,0,0,1741
01/30/2019,LAX,CA,AWP,WE,Towers with Radar,1583,133,66,1,1783,0,0,2,1,3,1583,133,68,2,1786,0,0,0,1786
01/31/2019,LAX,CA,AWP,WE,Towers with Radar,1660,134,47,0,1841,0,0,1,0,1,1660,134,48,0,1842,0,0,0,1842
02/01/2019,LAX,CA,AWP,WE,Towers with Radar,1730,134,71,0,1935,0,0,6,1,7,1730,134,77,1,1942,0,0,0,1942
02/02/2019,LAX,CA,AWP,WE,Towers with Radar,1489,102,42,0,1633,0,0,1,0,1,1489,102,43,0,1634,0,0,0,1634
02/03/2019,LAX,CA,AWP,WE,Towers with Radar,1525,130,46,0,1701,0,0,0,0,0,1525,130,46,0,1701,0,0,0,1701
02/04/2019,LAX,CA,AWP,WE,Towers with Radar,1664,139,37,0,1840,0,0,2,0,2,1664,139,39,0,1842,0,0,0,1842
02/05/2019,LAX,CA,AWP,WE,Towers with Radar,1570,115,44,0,1729,0,0,1,0,1,1570,115,45,0,1730,0,0,0,1730
02/06/2019,LAX,CA,AWP,WE,Towers with Radar,1622,118,57,2,1799,0,0,8,1,9,1622,118,65,3,1808,0,0,0,1808
02/07/2019,LAX,CA,AWP,WE,Towers with Radar,1703,134,60,0,1897,0,0,1,0,1,1703,134,61,0,1898,0,0,0,1898
02/08/2019,LAX,CA,AWP,WE,Towers with Radar,1669,138,47,0,1854,0,0,6,0,6,1669,138,53,0,1860,0,0,0,1860
02/09/2019,LAX,CA,AWP,WE,Towers with Radar,1470,117,32,0,1619,0,0,10,4,14,1470,117,42,4,1633,0,0,0,1633
02/10/2019,LAX,CA,AWP,WE,Towers with Radar,1584,163,55,0,1802,0,0,5,0,5,1584,163,60,0,1807,0,0,0,1807
02/11/2019,LAX,CA,AWP,WE,Towers with Radar,1639,159,76,0,1874,0,0,2,0,2,1639,159,78,0,1876,0,0,0,1876
02/12/2019,LAX,CA,AWP,WE,Towers with Radar,1613,118,58,0,1789,0,0,6,0,6,1613,118,64,0,1795,0,0,0,1795
02/13/2019,LAX,CA,AWP,WE,Towers with Radar,1541,139,61,0,1741,0,0,1,0,1,1541,139,62,0,1742,0,0,0,1742
02/14/2019,LAX,CA,AWP,WE,Towers with Radar,1758,127,66,0,1951,0,0,5,0,5,1758,127,71,0,1956,0,0,0,1956
02/15/2019,LAX,CA,AWP,WE,Towers with Radar,1777,142,52,0,1971,0,0,4,0,4,1777,142,56,0,1975,0,0,0,1975
02/16/2019,LAX,CA,AWP,WE,Towers with Radar,1532,109,19,2,1662,0,0,11,1,12,1532,109,30,3,1674,0,0,0,1674
02/17/2019,LAX,CA,AWP,WE,Towers with Radar,1604,107,30,2,1743,0,0,3,2,5,1604,107,33,4,1748,0,0,0,1748
02/18/2019,LAX,CA,AWP,WE,Towers with Radar,1708,145,57,4,1914,0,0,3,0,3,1708,145,60,4,1917,0,0,0,1917
02/19/2019,LAX,CA,AWP,WE,Towers with Radar,1641,112,51,0,1804,0,0,4,1,5,1641,112,55,1,1809,0,0,0,1809
02/20/2019,LAX,CA,AWP,WE,Towers with Radar,1669,127,56,1,1853,0,0,1,1,2,1669,127,57,2,1855,0,0,0,1855
02/21/2019,LAX,CA,AWP,WE,Towers with Radar,1752,110,57,1,1920,0,0,2,0,2,1752,110,59,1,1922,0,0,0,1922
02/22/2019,LAX,CA,AWP,WE,Towers with Radar,1741,114,50,1,1906,0,0,3,0,3,1741,114,53,1,1909,0,0,0,1909
02/23/2019,LAX,CA,AWP,WE,Towers with Radar,1567,103,31,2,1703,0,0,3,0,3,1567,103,34,2,1706,0,0,0,1706
02/24/2019,LAX,CA,AWP,WE,Towers with Radar,1652,126,29,1,1808,0,0,7,0,7,1652,126,36,1,1815,0,0,0,1815
02/25/2019,LAX,CA,AWP,WE,Towers with Radar,1665,102,51,3,1821,0,0,4,1,5,1665,102,55,4,1826,0,0,0,1826
02/26/2019,LAX,CA,AWP,WE,Towers with Radar,1639,114,47,0,1800,0,0,3,0,3,1639,114,50,0,1803,0,0,0,1803
02/27/2019,LAX,CA,AWP,WE,Towers with Radar,1675,119,50,1,1845,0,0,4,0,4,1675,119,54,1,1849,0,0,0,1849
02/28/2019,LAX,CA,AWP,WE,Towers with Radar,1786,119,46,0,1951,0,0,0,0,0,1786,119,46,0,1951,0,0,0,1951
03/01/2019,LAX,CA,AWP,WE,Towers with Radar,1759,121,49,0,1929,0,0,2,0,2,1759,121,51,0,1931,0,0,0,1931
03/02/2019,LAX,CA,AWP,WE,Towers with Radar,1568,98,29,1,1696,0,0,0,0,0,1568,98,29,1,1696,0,0,0,1696
03/03/2019,LAX,CA,AWP,WE,Towers with Radar,1662,114,44,0,1820,1,0,0,0,1,1663,114,44,0,1821,0,0,0,1821
03/04/2019,LAX,CA,AWP,WE,Towers with Radar,1746,107,54,3,1910,0,0,6,2,8,1746,107,60,5,1918,0,0,0,1918
03/05/2019,LAX,CA,AWP,WE,Towers with Radar,1657,104,51,2,1814,0,0,1,0,1,1657,104,52,2,1815,0,0,0,1815
03/06/2019,LAX,CA,AWP,WE,Towers with Radar,1709,126,49,0,1884,0,0,0,0,0,1709,126,49,0,1884,0,0,0,1884
03/07/2019,LAX,CA,AWP,WE,Towers with Radar,1792,125,60,0,1977,0,0,2,2,4,1792,125,62,2,1981,0,0,0,1981
03/08/2019,LAX,CA,AWP,WE,Towers with Radar,1795,126,50,0,1971,0,0,1,2,3,1795,126,51,2,1974,0,0,0,1974
03/09/2019,LAX,CA,AWP,WE,Towers with Radar,1588,103,27,0,1718,0,0,7,0,7,1588,103,34,0,1725,0,0,0,1725
03/10/2019,LAX,CA,AWP,WE,Towers with Radar,1726,108,32,0,1866,0,0,2,1,3,1726,108,34,1,1869,0,0,0,1869
03/11/2019,LAX,CA,AWP,WE,Towers with Radar,1814,104,42,0,1960,0,0,8,0,8,1814,104,50,0,1968,0,0,0,1968
03/12/2019,LAX,CA,AWP,WE,Towers with Radar,1734,92,48,1,1875,0,0,3,2,5,1734,92,51,3,1880,0,0,0,1880
03/13/2019,LAX,CA,AWP,WE,Towers with Radar,1721,108,51,0,1880,0,0,7,2,9,1721,108,58,2,1889,0,0,0,1889
03/14/2019,LAX,CA,AWP,WE,Towers with Radar,1823,114,57,0,1994,0,0,2,0,2,1823,114,59,0,1996,0,0,0,1996
03/15/2019,LAX,CA,AWP,WE,Towers with Radar,1811,92,59,1,1963,0,0,4,0,4,1811,92,63,1,1967,0,0,0,1967
03/16/2019,LAX,CA,AWP,WE,Towers with Radar,1631,95,33,0,1759,0,0,7,2,9,1631,95,40,2,1768,0,0,0,1768
03/17/2019,LAX,CA,AWP,WE,Towers with Radar,1761,102,55,0,1918,0,0,5,0,5,1761,102,60,0,1923,0,0,0,1923
03/18/2019,LAX,CA,AWP,WE,Towers with Radar,1807,110,53,0,1970,0,0,7,2,9,1807,110,60,2,1979,0,0,0,1979
03/19/2019,LAX,CA,AWP,WE,Towers with Radar,1741,94,50,1,1886,0,0,0,0,0,1741,94,50,1,1886,0,0,0,1886
03/20/2019,LAX,CA,AWP,WE,Towers with Radar,1755,121,38,0,1914,0,0,0,0,0,1755,121,38,0,1914,0,0,0,1914
03/21/2019,LAX,CA,AWP,WE,Towers with Radar,1824,99,60,1,1984,0,0,10,1,11,1824,99,70,2,1995,0,0,0,1995
03/22/2019,LAX,CA,AWP,WE,Towers with Radar,1785,102,42,0,1929,0,0,3,0,3,1785,102,45,0,1932,0,0,0,1932
03/23/2019,LAX,CA,AWP,WE,Towers with Radar,1602,100,20,0,1722,0,0,3,2,5,1602,100,23,2,1727,0,0,0,1727
03/24/2019,LAX,CA,AWP,WE,Towers with Radar,1736,111,34,0,1881,0,2,3,0,5,1736,113,37,0,1886,0,0,0,1886
03/25/2019,LAX,CA,AWP,WE,Towers with Radar,1785,105,47,2,1939,0,0,2,0,2,1785,105,49,2,1941,0,0,0,1941
03/26/2019,LAX,CA,AWP,WE,Towers with Radar,1735,102,42,1,1880,0,0,6,0,6,1735,102,48,1,1886,0,0,0,1886
03/27/2019,LAX,CA,AWP,WE,Towers with Radar,1723,100,55,0,1878,0,0,7,0,7,1723,100,62,0,1885,0,0,0,1885
03/28/2019,LAX,CA,AWP,WE,Towers with Radar,1830,104,50,0,1984,0,1,3,2,6,1830,105,53,2,1990,0,0,0,1990
03/29/2019,LAX,CA,AWP,WE,Towers with Radar,1819,89,71,1,1980,0,0,7,1,8,1819,89,78,2,1988,0,0,0,1988
03/30/2019,LAX,CA,AWP,WE,Towers with Radar,1624,89,46,1,1760,0,0,12,0,12,1624,89,58,1,1772,0,0,0,1772
03/31/2019,LAX,CA,AWP,WE,Towers with Radar,1764,91,40,1,1896,0,0,0,0,0,1764,91,40,1,1896,0,0,0,1896
04/01/2019,LAX,CA,AWP,WE,Towers with Radar,1775,79,63,0,1917,0,0,4,0,4,1775,79,67,0,1921,0,0,0,1921
04/02/2019,LAX,CA,AWP,WE,Towers with Radar,1730,77,44,0,1851,0,0,0,0,0,1730,77,44,0,1851,0,0,0,1851
04/03/2019,LAX,CA,AWP,WE,Towers with Radar,1734,91,51,1,1877,0,0,7,2,9,1734,91,58,3,1886,0,0,0,1886
04/04/2019,LAX,CA,AWP,WE,Towers with Radar,1833,102,58,2,1995,1,1,3,2,7,1834,103,61,4,2002,0,0,0,2002
04/05/2019,LAX,CA,AWP,WE,Towers with Radar,1805,96,27,2,1930,0,0,1,0,1,1805,96,28,2,1931,0,0,0,1931
04/06/2019,LAX,CA,AWP,WE,Towers with Radar,1573,75,40,2,1690,0,0,5,0,5,1573,75,45,2,1695,0,0,0,1695
04/07/2019,LAX,CA,AWP,WE,Towers with Radar,1758,88,64,0,1910,0,0,5,0,5,1758,88,69,0,1915,0,0,0,1915
04/08/2019,LAX,CA,AWP,WE,Towers with Radar,1761,93,50,0,1904,0,0,0,0,0,1761,93,50,0,1904,0,0,0,1904
04/09/2019,LAX,CA,AWP,WE,Towers with Radar,1733,81,49,0,1863,0,0,9,2,11,1733,81,58,2,1874,0,0,0,1874
04/10/2019,LAX,CA,AWP,WE,Towers with Radar,1750,91,50,0,1891,0,0,0,2,2,1750,91,50,2,1893,0,0,0,1893
04/11/2019,LAX,CA,AWP,WE,Towers with Radar,1836,91,62,0,1989,0,0,9,0,9,1836,91,71,0,1998,0,0,0,1998
04/12/2019,LAX,CA,AWP,WE,Towers with Radar,1816,100,60,0,1976,0,0,4,0,4,1816,100,64,0,1980,0,0,0,1980
04/13/2019,LAX,CA,AWP,WE,Towers with Radar,1598,71,26,0,1695,0,0,8,2,10,1598,71,34,2,1705,0,0,0,1705
04/14/2019,LAX,CA,AWP,WE,Towers with Radar,1698,91,55,0,1844,0,0,10,0,10,1698,91,65,0,1854,0,0,0,1854
04/15/2019,LAX,CA,AWP,WE,Towers with Radar,1797,86,63,0,1946,1,1,15,0,17,1798,87,78,0,1963,0,0,0,1963
04/16/2019,LAX,CA,AWP,WE,Towers with Radar,1740,76,47,0,1863,0,0,4,1,5,1740,76,51,1,1868,0,0,0,1868
04/17/2019,LAX,CA,AWP,WE,Towers with Radar,1763,78,81,0,1922,0,0,5,3,8,1763,78,86,3,1930,0,0,0,1930
04/18/2019,LAX,CA,AWP,WE,Towers with Radar,1848,85,78,0,2011,0,0,8,0,8,1848,85,86,0,2019,0,0,0,2019
04/19/2019,LAX,CA,AWP,WE,Towers with Radar,1806,87,59,0,1952,0,0,2,0,2,1806,87,61,0,1954,0,0,0,1954
04/20/2019,LAX,CA,AWP,WE,Towers with Radar,1586,65,21,0,1672,1,0,5,0,6,1587,65,26,0,1678,0,0,0,1678
04/21/2019,LAX,CA,AWP,WE,Towers with Radar,1704,69,37,0,1810,0,0,8,0,8,1704,69,45,0,1818,0,0,0,1818
04/22/2019,LAX,CA,AWP,WE,Towers with Radar,1793,97,62,0,1952,0,0,12,0,12,1793,97,74,0,1964,0,0,0,1964
04/23/2019,LAX,CA,AWP,WE,Towers with Radar,1747,81,46,0,1874,0,0,2,0,2,1747,81,48,0,1876,0,0,0,1876
04/24/2019,LAX,CA,AWP,WE,Towers with Radar,1761,83,54,0,1898,0,0,4,1,5,1761,83,58,1,1903,0,0,0,1903
04/25/2019,LAX,CA,AWP,WE,Towers with Radar,1859,82,73,0,2014,0,0,0,1,1,1859,82,73,1,2015,0,0,0,2015
04/26/2019,LAX,CA,AWP,WE,Towers with Radar,1832,82,67,0,1981,0,0,1,0,1,1832,82,68,0,1982,0,0,0,1982
04/27/2019,LAX,CA,AWP,WE,Towers with Radar,1621,73,28,0,1722,0,0,4,0,4,1621,73,32,0,1726,0,0,0,1726
04/28/2019,LAX,CA,AWP,WE,Towers with Radar,1744,87,72,0,1903,0,0,2,0,2,1744,87,74,0,1905,0,0,0,1905
04/29/2019,LAX,CA,AWP,WE,Towers with Radar,1794,93,64,0,1951,0,0,3,0,3,1794,93,67,0,1954,0,0,0,1954
04/30/2019,LAX,CA,AWP,WE,Towers with Radar,1729,95,64,1,1889,0,0,3,0,3,1729,95,67,1,1892,0,0,0,1892
05/01/2019,LAX,CA,AWP,WE,Towers with Radar,1761,87,58,0,1906,0,0,8,0,8,1761,87,66,0,1914,0,0,0,1914
05/02/2019,LAX,CA,AWP,WE,Towers with Radar,1833,96,62,0,1991,0,0,5,4,9,1833,96,67,4,2000,0,0,0,2000
05/03/2019,LAX,CA,AWP,WE,Towers with Radar,1799,90,39,1,1929,0,0,10,0,10,1799,90,49,1,1939,0,0,0,1939
05/04/2019,LAX,CA,AWP,WE,Towers with Radar,1594,62,27,2,1685,0,0,5,0,5,1594,62,32,2,1690,0,0,0,1690
05/05/2019,LAX,CA,AWP,WE,Towers with Radar,1744,82,40,0,1866,0,0,7,0,7,1744,82,47,0,1873,0,0,0,1873
05/06/2019,LAX,CA,AWP,WE,Towers with Radar,1758,77,42,0,1877,0,0,3,0,3,1758,77,45,0,1880,0,0,0,1880
05/07/2019,LAX,CA,AWP,WE,Towers with Radar,1705,68,54,0,1827,0,0,4,0,4,1705,68,58,0,1831,0,0,0,1831
05/08/2019,LAX,CA,AWP,WE,Towers with Radar,1756,91,45,0,1892,0,0,3,1,4,1756,91,48,1,1896,0,0,0,1896
05/09/2019,LAX,CA,AWP,WE,Towers with Radar,1828,87,70,1,1986,0,0,4,2,6,1828,87,74,3,1992,0,0,0,1992
05/10/2019,LAX,CA,AWP,WE,Towers with Radar,1816,85,59,0,1960,0,0,10,1,11,1816,85,69,1,1971,0,0,0,1971
05/11/2019,LAX,CA,AWP,WE,Towers with Radar,1591,85,27,1,1704,0,0,5,0,5,1591,85,32,1,1709,0,0,0,1709
05/12/2019,LAX,CA,AWP,WE,Towers with Radar,1704,77,34,0,1815,0,0,11,0,11,1704,77,45,0,1826,0,0,0,1826
05/13/2019,LAX,CA,AWP,WE,Towers with Radar,1785,80,41,0,1906,0,0,3,0,3,1785,80,44,0,1909,0,0,0,1909
05/14/2019,LAX,CA,AWP,WE,Towers with Radar,1725,72,52,0,1849,0,0,2,0,2,1725,72,54,0,1851,0,0,0,1851
05/15/2019,LAX,CA,AWP,WE,Towers with Radar,1727,79,41,0,1847,0,0,4,0,4,1727,79,45,0,1851,0,0,0,1851
05/16/2019,LAX,CA,AWP,WE,Towers with Radar,1840,85,65,1,1991,0,0,4,0,4,1840,85,69,1,1995,0,0,0,1995
05/17/2019,LAX,CA,AWP,WE,Towers with Radar,1838,93,39,0,1970,0,0,3,1,4,1838,93,42,1,1974,0,0,0,1974
05/18/2019,LAX,CA,AWP,WE,Towers with Radar,1574,71,29,0,1674,0,0,5,2,7,1574,71,34,2,1681,0,0,0,1681
05/19/2019,LAX,CA,AWP,WE,Towers with Radar,1723,85,59,0,1867,0,1,4,1,6,1723,86,63,1,1873,0,0,0,1873
05/20/2019,LAX,CA,AWP,WE,Towers with Radar,1802,90,46,0,1938,0,0,6,1,7,1802,90,52,1,1945,0,0,0,1945
05/21/2019,LAX,CA,AWP,WE,Towers with Radar,1748,79,49,0,1876,0,0,4,0,4,1748,79,53,0,1880,0,0,0,1880
05/22/2019,LAX,CA,AWP,WE,Towers with Radar,1762,87,36,1,1886,0,0,4,1,5,1762,87,40,2,1891,0,0,0,1891
05/23/2019,LAX,CA,AWP,WE,Towers with Radar,1827,92,47,2,1968,0,0,3,0,3,1827,92,50,2,1971,0,0,0,1971
05/24/2019,LAX,CA,AWP,WE,Towers with Radar,1824,79,56,0,1959,0,1,19,3,23,1824,80,75,3,1982,0,0,0,1982
05/25/2019,LAX,CA,AWP,WE,Towers with Radar,1588,68,33,1,1690,0,0,1,0,1,1588,68,34,1,1691,0,0,0,1691
05/26/2019,LAX,CA,AWP,WE,Towers with Radar,1567,86,18,1,1672,0,0,3,0,3,1567,86,21,1,1675,0,0,0,1675
05/27/2019,LAX,CA,AWP,WE,Towers with Radar,1749,102,67,0,1918,0,0,5,0,5,1749,102,72,0,1923,0,0,0,1923
05/28/2019,LAX,CA,AWP,WE,Towers with Radar,1690,71,43,0,1804,0,0,6,0,6,1690,71,49,0,1810,0,0,0,1810
05/29/2019,LAX,CA,AWP,WE,Towers with Radar,1750,78,36,0,1864,0,0,5,3,8,1750,78,41,3,1872,0,0,0,1872
05/30/2019,LAX,CA,AWP,WE,Towers with Radar,1844,84,47,0,1975,0,0,3,0,3,1844,84,50,0,1978,0,0,0,1978
05/31/2019,LAX,CA,AWP,WE,Towers with Radar,1820,84,53,1,1958,0,0,2,0,2,1820,84,55,1,1960,0,0,0,1960
06/01/2019,LAX,CA,AWP,WE,Towers with Radar,1620,54,26,0,1700,0,0,9,0,9,1620,54,35,0,1709,0,0,0,1709
06/02/2019,LAX,CA,AWP,WE,Towers with Radar,1739,79,43,0,1861,0,0,5,0,5,1739,79,48,0,1866,0,0,0,1866
06/03/2019,LAX,CA,AWP,WE,Towers with Radar,1800,76,61,0,1937,0,0,4,0,4,1800,76,65,0,1941,0,0,0,1941
06/04/2019,LAX,CA,AWP,WE,Towers with Radar,1744,75,48,0,1867,0,0,2,2,4,1744,75,50,2,1871,0,0,0,1871
06/05/2019,LAX,CA,AWP,WE,Towers with Radar,1706,81,72,0,1859,0,0,2,0,2,1706,81,74,0,1861,0,0,0,1861
06/06/2019,LAX,CA,AWP,WE,Towers with Radar,1874,121,52,0,2047,0,0,2,0,2,1874,121,54,0,2049,0,0,0,2049
06/07/2019,LAX,CA,AWP,WE,Towers with Radar,1855,119,53,0,2027,0,0,2,0,2,1855,119,55,0,2029,0,0,0,2029
06/08/2019,LAX,CA,AWP,WE,Towers with Radar,1680,98,32,0,1810,0,0,4,0,4,1680,98,36,0,1814,0,0,0,1814
06/09/2019,LAX,CA,AWP,WE,Towers with Radar,1768,110,47,0,1925,0,0,1,0,1,1768,110,48,0,1926,0,0,0,1926
06/10/2019,LAX,CA,AWP,WE,Towers with Radar,1840,111,80,0,2031,0,0,3,0,3,1840,111,83,0,2034,0,0,0,2034
06/11/2019,LAX,CA,AWP,WE,Towers with Radar,1863,111,71,0,2045,0,0,4,0,4,1863,111,75,0,2049,0,0,0,2049
06/12/2019,LAX,CA,AWP,WE,Towers with Radar,1892,108,66,0,2066,0,0,1,0,1,1892,108,67,0,2067,0,0,0,2067
06/13/2019,LAX,CA,AWP,WE,Towers with Radar,1876,129,48,0,2053,0,0,1,0,1,1876,129,49,0,2054,0,0,0,2054
06/14/2019,LAX,CA,AWP,WE,Towers with Radar,1877,119,57,0,2053,0,0,8,0,8,1877,119,65,0,2061,0,0,0,2061
06/15/2019,LAX,CA,AWP,WE,Towers with Radar,1733,102,31,0,1866,0,0,5,0,5,1733,102,36,0,1871,0,0,0,1871
06/16/2019,LAX,CA,AWP,WE,Towers with Radar,1790,126,35,0,1951,0,0,0,1,1,1790,126,35,1,1952,0,0,0,1952
06/17/2019,LAX,CA,AWP,WE,Towers with Radar,1849,116,52,0,2017,0,0,3,0,3,1849,116,55,0,2020,0,0,0,2020
06/18/2019,LAX,CA,AWP,WE,Towers with Radar,1855,92,49,0,1996,0,0,5,0,5,1855,92,54,0,2001,0,0,0,2001
06/19/2019,LAX,CA,AWP,WE,Towers with Radar,1878,97,36,0,2011,0,0,7,0,7,1878,97,43,0,2018,0,0,0,2018
06/20/2019,LAX,CA,AWP,WE,Towers with Radar,1895,125,42,0,2062,0,0,2,0,2,1895,125,44,0,2064,0,0,0,2064
06/21/2019,LAX,CA,AWP,WE,Towers with Radar,1879,115,47,1,2042,0,0,7,0,7,1879,115,54,1,2049,0,0,0,2049
06/22/2019,LAX,CA,AWP,WE,Towers with Radar,1747,87,25,1,1860,0,0,6,1,7,1747,87,31,2,1867,0,0,0,1867
06/23/2019,LAX,CA,AWP,WE,Towers with Radar,1795,115,42,0,1952,0,0,5,0,5,1795,115,47,0,1957,0,0,0,1957
06/24/2019,LAX,CA,AWP,WE,Towers with Radar,1860,117,48,0,2025,0,0,2,0,2,1860,117,50,0,2027,0,0,0,2027
06/25/2019,LAX,CA,AWP,WE,Towers with Radar,1877,111,49,1,2038,0,3,4,1,8,1877,114,53,2,2046,0,0,0,2046
06/26/2019,LAX,CA,AWP,WE,Towers with Radar,1870,108,44,0,2022,0,0,5,3,8,1870,108,49,3,2030,0,0,0,2030
06/27/2019,LAX,CA,AWP,WE,Towers with Radar,1906,102,50,0,2058,0,0,9,0,9,1906,102,59,0,2067,0,0,0,2067
06/28/2019,LAX,CA,AWP,WE,Towers with Radar,1888,101,40,0,2029,0,0,5,0,5,1888,101,45,0,2034,0,0,0,2034
06/29/2019,LAX,CA,AWP,WE,Towers with Radar,1727,95,30,0,1852,0,0,6,0,6,1727,95,36,0,1858,0,0,0,1858
06/30/2019,LAX,CA,AWP,WE,Towers with Radar,1770,105,54,0,1929,0,0,7,0,7,1770,105,61,0,1936,0,0,0,1936
07/01/2019,LAX,CA,AWP,WE,Towers with Radar,1790,112,35,0,1937,1,0,5,2,8,1791,112,40,2,1945,0,0,0,1945
07/02/2019,LAX,CA,AWP,WE,Towers with Radar,1797,107,37,1,1942,0,0,1,0,1,1797,107,38,1,1943,0,0,0,1943
07/03/2019,LAX,CA,AWP,WE,Towers with Radar,1841,107,36,1,1985,0,0,9,1,10,1841,107,45,2,1995,0,0,0,1995
07/04/2019,LAX,CA,AWP,WE,Towers with Radar,1679,81,18,0,1778,0,0,5,0,5,1679,81,23,0,1783,0,0,0,1783
07/05/2019,LAX,CA,AWP,WE,Towers with Radar,1699,81,30,1,1811,0,0,5,1,6,1699,81,35,2,1817,0,0,0,1817
07/06/2019,LAX,CA,AWP,WE,Towers with Radar,1701,94,19,0,1814,0,0,3,0,3,1701,94,22,0,1817,0,0,0,1817
07/07/2019,LAX,CA,AWP,WE,Towers with Radar,1843,110,42,0,1995,0,0,4,0,4,1843,110,46,0,1999,0,0,0,1999
07/08/2019,LAX,CA,AWP,WE,Towers with Radar,1882,101,52,0,2035,0,0,1,2,3,1882,101,53,2,2038,0,0,0,2038
07/09/2019,LAX,CA,AWP,WE,Towers with Radar,1904,121,44,0,2069,0,0,8,1,9,1904,121,52,1,2078,0,0,0,2078
07/10/2019,LAX,CA,AWP,WE,Towers with Radar,1898,121,44,0,2063,0,0,0,1,1,1898,121,44,1,2064,0,0,0,2064
07/11/2019,LAX,CA,AWP,WE,Towers with Radar,1906,117,40,0,2063,0,0,2,3,5,1906,117,42,3,2068,0,0,0,2068
07/12/2019,LAX,CA,AWP,WE,Towers with Radar,1905,115,34,0,2054,0,0,3,0,3,1905,115,37,0,2057,0,0,0,2057
07/13/2019,LAX,CA,AWP,WE,Towers with Radar,1756,95,26,1,1878,0,0,0,0,0,1756,95,26,1,1878,0,0,0,1878
07/14/2019,LAX,CA,AWP,WE,Towers with Radar,1843,100,42,0,1985,0,0,0,0,0,1843,100,42,0,1985,0,0,0,1985
07/15/2019,LAX,CA,AWP,WE,Towers with Radar,1906,103,38,2,2049,0,1,0,0,1,1906,104,38,2,2050,0,0,0,2050
07/16/2019,LAX,CA,AWP,WE,Towers with Radar,1902,97,39,0,2038,0,0,4,0,4,1902,97,43,0,2042,0,0,0,2042
07/17/2019,LAX,CA,AWP,WE,Towers with Radar,1909,105,43,1,2058,0,0,7,0,7,1909,105,50,1,2065,0,0,0,2065
07/18/2019,LAX,CA,AWP,WE,Towers with Radar,1915,118,55,1,2089,0,0,6,0,6,1915,118,61,1,2095,0,0,0,2095
07/19/2019,LAX,CA,AWP,WE,Towers with Radar,1906,122,39,0,2067,0,0,9,1,10,1906,122,48,1,2077,0,0,0,2077
07/20/2019,LAX,CA,AWP,WE,Towers with Radar,1744,87,28,2,1861,0,1,2,2,5,1744,88,30,4,1866,0,0,0,1866
07/21/2019,LAX,CA,AWP,WE,Towers with Radar,1851,103,28,0,1982,0,0,5,0,5,1851,103,33,0,1987,0,0,0,1987
07/22/2019,LAX,CA,AWP,WE,Towers with Radar,1859,100,48,1,2008,0,0,9,1,10,1859,100,57,2,2018,0,0,0,2018
07/23/2019,LAX,CA,AWP,WE,Towers with Radar,1909,108,55,0,2072,0,0,2,0,2,1909,108,57,0,2074,0,0,0,2074
07/24/2019,LAX,CA,AWP,WE,Towers with Radar,1935,110,43,0,2088,0,0,6,0,6,1935,110,49,0,2094,0,0,0,2094
07/25/2019,LAX,CA,AWP,WE,Towers with Radar,1918,106,56,0,2080,0,0,3,0,3,1918,106,59,0,2083,0,0,0,2083
07/26/2019,LAX,CA,AWP,WE,Towers with Radar,1918,99,40,0,2057,0,0,7,1,8,1918,99,47,1,2065,0,0,0,2065
07/27/2019,LAX,CA,AWP,WE,Towers with Radar,1773,76,23,1,1873,0,0,6,4,10,1773,76,29,5,1883,0,0,0,1883
07/28/2019,LAX,CA,AWP,WE,Towers with Radar,1847,97,33,0,1977,0,0,3,0,3,1847,97,36,0,1980,0,0,0,1980
07/29/2019,LAX,CA,AWP,WE,Towers with Radar,1884,103,51,0,2038,0,0,0,0,0,1884,103,51,0,2038,0,0,0,2038
07/30/2019,LAX,CA,AWP,WE,Towers with Radar,1881,95,44,1,2021,0,1,6,0,7,1881,96,50,1,2028,0,0,0,2028
07/31/2019,LAX,CA,AWP,WE,Towers with Radar,1936,101,42,2,2081,1,0,5,2,8,1937,101,47,4,2089,0,0,0,2089
08/01/2019,LAX,CA,AWP,WE,Towers with Radar,1900,105,47,0,2052,1,0,6,3,10,1901,105,53,3,2062,0,0,0,2062
08/02/2019,LAX,CA,AWP,WE,Towers with Radar,1902,112,44,1,2059,0,0,5,1,6,1902,112,49,2,2065,0,0,0,2065
08/03/2019,LAX,CA,AWP,WE,Towers with Radar,1769,94,31,2,1896,0,0,12,1,13,1769,94,43,3,1909,0,0,0,1909
08/04/2019,LAX,CA,AWP,WE,Towers with Radar,1843,95,36,0,1974,0,0,8,0,8,1843,95,44,0,1982,0,0,0,1982
08/05/2019,LAX,CA,AWP,WE,Towers with Radar,1897,111,47,1,2056,0,0,0,0,0,1897,111,47,1,2056,0,0,0,2056
08/06/2019,LAX,CA,AWP,WE,Towers with Radar,1967,113,48,1,2129,0,0,0,1,1,1967,113,48,2,2130,0,0,0,2130
08/07/2019,LAX,CA,AWP,WE,Towers with Radar,1887,120,38,0,2045,0,0,6,1,7,1887,120,44,1,2052,0,0,0,2052
08/08/2019,LAX,CA,AWP,WE,Towers with Radar,1949,117,46,1,2113,0,0,0,0,0,1949,117,46,1,2113,0,0,0,2113
08/09/2019,LAX,CA,AWP,WE,Towers with Radar,1938,103,34,0,2075,0,0,4,0,4,1938,103,38,0,2079,0,0,0,2079
08/10/2019,LAX,CA,AWP,WE,Towers with Radar,1747,85,24,0,1856,0,0,8,2,10,1747,85,32,2,1866,0,0,0,1866
08/11/2019,LAX,CA,AWP,WE,Towers with Radar,1859,100,35,0,1994,0,0,6,0,6,1859,100,41,0,2000,0,0,0,2000
08/12/2019,LAX,CA,AWP,WE,Towers with Radar,1906,104,40,0,2050,0,0,3,0,3,1906,104,43,0,2053,0,0,0,2053
08/13/2019,LAX,CA,AWP,WE,Towers with Radar,1882,116,42,0,2040,0,0,4,0,4,1882,116,46,0,2044,0,0,0,2044
08/14/2019,LAX,CA,AWP,WE,Towers with Radar,1890,106,50,0,2046,0,0,1,0,1,1890,106,51,0,2047,0,0,0,2047
08/15/2019,LAX,CA,AWP,WE,Towers with Radar,1908,96,51,0,2055,0,0,1,1,2,1908,96,52,1,2057,0,0,0,2057
08/16/2019,LAX,CA,AWP,WE,Towers with Radar,1949,119,52,0,2120,0,0,3,0,3,1949,119,55,0,2123,0,0,0,2123
08/17/2019,LAX,CA,AWP,WE,Towers with Radar,1721,111,34,0,1866,0,0,7,0,7,1721,111,41,0,1873,0,0,0,1873
08/18/2019,LAX,CA,AWP,WE,Towers with Radar,1803,119,47,0,1969,0,0,8,1,9,1803,119,55,1,1978,0,0,0,1978
08/19/2019,LAX,CA,AWP,WE,Towers with Radar,1865,115,42,0,2022,0,0,6,0,6,1865,115,48,0,2028,0,0,0,2028
08/20/2019,LAX,CA,AWP,WE,Towers with Radar,1820,107,49,0,1976,0,0,2,0,2,1820,107,51,0,1978,0,0,0,1978
08/21/2019,LAX,CA,AWP,WE,Towers with Radar,1818,120,52,0,1990,0,0,11,0,11,1818,120,63,0,2001,0,0,0,2001
08/22/2019,LAX,CA,AWP,WE,Towers with Radar,1878,109,41,0,2028,0,0,8,1,9,1878,109,49,1,2037,0,0,0,2037
08/23/2019,LAX,CA,AWP,WE,Towers with Radar,1864,130,26,0,2020,0,0,3,1,4,1864,130,29,1,2024,0,0,0,2024
08/24/2019,LAX,CA,AWP,WE,Towers with Radar,1691,100,25,0,1816,0,0,5,0,5,1691,100,30,0,1821,0,0,0,1821
08/25/2019,LAX,CA,AWP,WE,Towers with Radar,1782,110,33,0,1925,0,0,5,0,5,1782,110,38,0,1930,0,0,0,1930
08/26/2019,LAX,CA,AWP,WE,Towers with Radar,1816,109,36,0,1961,0,0,6,0,6,1816,109,42,0,1967,0,0,0,1967
08/27/2019,LAX,CA,AWP,WE,Towers with Radar,1800,96,37,0,1933,0,0,2,2,4,1800,96,39,2,1937,0,0,0,1937
08/28/2019,LAX,CA,AWP,WE,Towers with Radar,1793,99,37,0,1929,0,0,1,1,2,1793,99,38,1,1931,0,0,0,1931
08/29/2019,LAX,CA,AWP,WE,Towers with Radar,1843,97,42,0,1982,0,0,1,1,2,1843,97,43,1,1984,0,0,0,1984
08/30/2019,LAX,CA,AWP,WE,Towers with Radar,1811,116,45,1,1973,0,0,15,1,16,1811,116,60,2,1989,0,0,0,1989
08/31/2019,LAX,CA,AWP,WE,Towers with Radar,1541,97,26,1,1665,0,0,3,6,9,1541,97,29,7,1674,0,0,0,1674
09/01/2019,LAX,CA,AWP,WE,Towers with Radar,1532,77,37,2,1648,0,0,0,0,0,1532,77,37,2,1648,0,0,0,1648
09/02/2019,LAX,CA,AWP,WE,Towers with Radar,1703,110,41,0,1854,0,0,17,0,17,1703,110,58,0,1871,0,0,0,1871
09/03/2019,LAX,CA,AWP,WE,Towers with Radar,1651,117,43,0,1811,0,0,2,0,2,1651,117,45,0,1813,0,0,0,1813
09/04/2019,LAX,CA,AWP,WE,Towers with Radar,1693,107,33,0,1833,0,0,3,0,3,1693,107,36,0,1836,0,0,0,1836
09/05/2019,LAX,CA,AWP,WE,Towers with Radar,1726,110,44,0,1880,0,0,11,3,14,1726,110,55,3,1894,0,0,0,1894
09/06/2019,LAX,CA,AWP,WE,Towers with Radar,1722,98,42,0,1862,0,0,3,0,3,1722,98,45,0,1865,0,0,0,1865
09/07/2019,LAX,CA,AWP,WE,Towers with Radar,1518,88,24,0,1630,0,0,6,0,6,1518,88,30,0,1636,0,0,0,1636
09/08/2019,LAX,CA,AWP,WE,Towers with Radar,1685,101,35,1,1822,0,0,3,0,3,1685,101,38,1,1825,0,0,0,1825
09/09/2019,LAX,CA,AWP,WE,Towers with Radar,1747,100,29,1,1877,0,0,5,0,5,1747,100,34,1,1882,0,0,0,1882
09/10/2019,LAX,CA,AWP,WE,Towers with Radar,1648,101,54,0,1803,0,0,2,2,4,1648,101,56,2,1807,0,0,0,1807
09/11/2019,LAX,CA,AWP,WE,Towers with Radar,1695,100,39,0,1834,0,0,2,0,2,1695,100,41,0,1836,0,0,0,1836
09/12/2019,LAX,CA,AWP,WE,Towers with Radar,1783,122,39,0,1944,0,0,2,1,3,1783,122,41,1,1947,0,0,0,1947
09/13/2019,LAX,CA,AWP,WE,Towers with Radar,1782,116,49,1,1948,0,0,3,0,3,1782,116,52,1,1951,0,0,0,1951
09/14/2019,LAX,CA,AWP,WE,Towers with Radar,1576,83,49,0,1708,0,0,2,0,2,1576,83,51,0,1710,0,0,0,1710
09/15/2019,LAX,CA,AWP,WE,Towers with Radar,1697,111,42,1,1851,0,0,1,0,1,1697,111,43,1,1852,0,0,0,1852
09/16/2019,LAX,CA,AWP,WE,Towers with Radar,1760,110,35,2,1907,0,0,2,1,3,1760,110,37,3,1910,0,0,0,1910
09/17/2019,LAX,CA,AWP,WE,Towers with Radar,1695,90,17,1,1803,0,0,2,1,3,1695,90,19,2,1806,0,0,0,1806
09/18/2019,LAX,CA,AWP,WE,Towers with Radar,1730,78,27,3,1838,0,1,0,0,1,1730,79,27,3,1839,0,0,0,1839
09/19/2019,LAX,CA,AWP,WE,Towers with Radar,1774,115,55,2,1946,0,0,10,3,13,1774,115,65,5,1959,0,0,0,1959
09/20/2019,LAX,CA,AWP,WE,Towers with Radar,1794,113,58,0,1965,0,1,12,1,14,1794,114,70,1,1979,0,0,0,1979
09/21/2019,LAX,CA,AWP,WE,Towers with Radar,1570,89,23,0,1682,0,0,4,0,4,1570,89,27,0,1686,0,0,0,1686
09/22/2019,LAX,CA,AWP,WE,Towers with Radar,1713,115,62,0,1890,0,0,4,0,4,1713,115,66,0,1894,0,0,0,1894
09/23/2019,LAX,CA,AWP,WE,Towers with Radar,1757,95,40,1,1893,0,1,9,2,12,1757,96,49,3,1905,0,0,0,1905
09/24/2019,LAX,CA,AWP,WE,Towers with Radar,1731,100,48,1,1880,0,0,12,0,12,1731,100,60,1,1892,0,0,0,1892
09/25/2019,LAX,CA,AWP,WE,Towers with Radar,1738,119,41,1,1899,0,1,8,0,9,1738,120,49,1,1908,0,0,0,1908
09/26/2019,LAX,CA,AWP,WE,Towers with Radar,1804,117,43,3,1967,0,0,5,0,5,1804,117,48,3,1972,0,0,0,1972
09/27/2019,LAX,CA,AWP,WE,Towers with Radar,1773,103,34,3,1913,0,0,4,0,4,1773,103,38,3,1917,0,0,0,1917
09/28/2019,LAX,CA,AWP,WE,Towers with Radar,1570,80,35,1,1686,0,0,2,0,2,1570,80,37,1,1688,0,0,0,1688
09/29/2019,LAX,CA,AWP,WE,Towers with Radar,1714,102,32,0,1848,0,0,2,0,2,1714,102,34,0,1850,0,0,0,1850
09/30/2019,LAX,CA,AWP,WE,Towers with Radar,1775,110,38,1,1924,0,0,35,0,35,1775,110,73,1,1959,0,0,0,1959
10/01/2019,LAX,CA,AWP,WE,Towers with Radar,1701,121,54,3,1879,0,0,16,0,16,1701,121,70,3,1895,0,0,0,1895
10/02/2019,LAX,CA,AWP,WE,Towers with Radar,1733,117,55,1,1906,0,0,5,1,6,1733,117,60,2,1912,0,0,0,1912
10/03/2019,LAX,CA,AWP,WE,Towers with Radar,1799,131,73,2,2005,0,0,2,0,2,1799,131,75,2,2007,0,0,0,2007
10/04/2019,LAX,CA,AWP,WE,Towers with Radar,1785,113,39,2,1939,0,0,5,1,6,1785,113,44,3,1945,0,0,0,1945
10/05/2019,LAX,CA,AWP,WE,Towers with Radar,1570,87,27,1,1685,0,0,4,0,4,1570,87,31,1,1689,0,0,0,1689
10/06/2019,LAX,CA,AWP,WE,Towers with Radar,1697,100,57,0,1854,0,0,7,0,7,1697,100,64,0,1861,0,0,0,1861
10/07/2019,LAX,CA,AWP,WE,Towers with Radar,1757,100,46,1,1904,0,0,4,1,5,1757,100,50,2,1909,0,0,0,1909
10/08/2019,LAX,CA,AWP,WE,Towers with Radar,1698,100,46,1,1845,0,0,9,0,9,1698,100,55,1,1854,0,0,0,1854
10/09/2019,LAX,CA,AWP,WE,Towers with Radar,1709,101,60,0,1870,0,0,5,0,5,1709,101,65,0,1875,0,0,0,1875
10/10/2019,LAX,CA,AWP,WE,Towers with Radar,1796,105,61,0,1962,0,0,4,0,4,1796,105,65,0,1966,0,0,0,1966
10/11/2019,LAX,CA,AWP,WE,Towers with Radar,1782,116,68,0,1966,0,0,9,2,11,1782,116,77,2,1977,0,0,0,1977
10/12/2019,LAX,CA,AWP,WE,Towers with Radar,1542,83,34,1,1660,0,0,4,0,4,1542,83,38,1,1664,0,0,0,1664
10/13/2019,LAX,CA,AWP,WE,Towers with Radar,1681,95,46,1,1823,0,0,5,0,5,1681,95,51,1,1828,0,0,0,1828
10/14/2019,LAX,CA,AWP,WE,Towers with Radar,1789,115,57,1,1962,0,0,1,0,1,1789,115,58,1,1963,0,0,0,1963
10/15/2019,LAX,CA,AWP,WE,Towers with Radar,1706,89,48,0,1843,0,1,4,0,5,1706,90,52,0,1848,0,0,0,1848
10/16/2019,LAX,CA,AWP,WE,Towers with Radar,1721,100,64,1,1886,0,0,3,2,5,1721,100,67,3,1891,0,0,0,1891
10/17/2019,LAX,CA,AWP,WE,Towers with Radar,1805,110,40,1,1956,0,0,5,0,5,1805,110,45,1,1961,0,0,0,1961
10/18/2019,LAX,CA,AWP,WE,Towers with Radar,1793,107,47,2,1949,0,0,3,0,3,1793,107,50,2,1952,0,0,0,1952
10/19/2019,LAX,CA,AWP,WE,Towers with Radar,1567,74,29,0,1670,0,0,2,0,2,1567,74,31,0,1672,0,0,0,1672
10/20/2019,LAX,CA,AWP,WE,Towers with Radar,1690,114,30,0,1834,0,0,5,0,5,1690,114,35,0,1839,0,0,0,1839
10/21/2019,LAX,CA,AWP,WE,Towers with Radar,1776,104,56,2,1938,0,0,5,0,5,1776,104,61,2,1943,0,0,0,1943
10/22/2019,LAX,CA,AWP,WE,Towers with Radar,1720,116,54,0,1890,0,0,3,4,7,1720,116,57,4,1897,0,0,0,1897
10/23/2019,LAX,CA,AWP,WE,Towers with Radar,1729,105,50,1,1885,0,0,3,0,3,1729,105,53,1,1888,0,0,0,1888
10/24/2019,LAX,CA,AWP,WE,Towers with Radar,1800,121,47,0,1968,0,0,0,1,1,1800,121,47,1,1969,0,0,0,1969
10/25/2019,LAX,CA,AWP,WE,Towers with Radar,1784,110,49,1,1944,1,0,3,2,6,1785,110,52,3,1950,0,0,0,1950
10/26/2019,LAX,CA,AWP,WE,Towers with Radar,1543,88,30,0,1661,0,0,4,0,4,1543,88,34,0,1665,0,0,0,1665
10/27/2019,LAX,CA,AWP,WE,Towers with Radar,1631,115,32,0,1778,0,0,0,2,2,1631,115,32,2,1780,0,0,0,1780
10/28/2019,LAX,CA,AWP,WE,Towers with Radar,1690,117,51,0,1858,0,0,6,1,7,1690,117,57,1,1865,0,0,0,1865
10/29/2019,LAX,CA,AWP,WE,Towers with Radar,1585,120,56,1,1762,0,0,8,0,8,1585,120,64,1,1770,0,0,0,1770
10/30/2019,LAX,CA,AWP,WE,Towers with Radar,1587,128,53,0,1768,0,1,1,5,7,1587,129,54,5,1775,0,0,0,1775
10/31/2019,LAX,CA,AWP,WE,Towers with Radar,1537,103,67,0,1707,0,0,4,0,4,1537,103,71,0,1711,0,0,0,1711
11/01/2019,LAX,CA,AWP,WE,Towers with Radar,1620,122,46,3,1791,0,0,7,0,7,1620,122,53,3,1798,0,0,0,1798
11/02/2019,LAX,CA,AWP,WE,Towers with Radar,1511,100,34,0,1645,0,0,9,1,10,1511,100,43,1,1655,0,0,0,1655
11/03/2019,LAX,CA,AWP,WE,Towers with Radar,1686,121,36,0,1843,0,0,7,0,7,1686,121,43,0,1850,0,0,0,1850
11/04/2019,LAX,CA,AWP,WE,Towers with Radar,1724,115,34,0,1873,0,0,9,0,9,1724,115,43,0,1882,0,0,0,1882
11/05/2019,LAX,CA,AWP,WE,Towers with Radar,1660,105,37,0,1802,0,0,8,0,8,1660,105,45,0,1810,0,0,0,1810
11/06/2019,LAX,CA,AWP,WE,Towers with Radar,1660,108,51,0,1819,0,0,4,0,4,1660,108,55,0,1823,0,0,0,1823
11/07/2019,LAX,CA,AWP,WE,Towers with Radar,1766,102,46,0,1914,0,0,3,2,5,1766,102,49,2,1919,0,0,0,1919
11/08/2019,LAX,CA,AWP,WE,Towers with Radar,1748,128,62,0,1938,0,0,8,0,8,1748,128,70,0,1946,0,0,0,1946
11/09/2019,LAX,CA,AWP,WE,Towers with Radar,1540,89,24,0,1653,1,0,10,0,11,1541,89,34,0,1664,0,0,0,1664
11/10/2019,LAX,CA,AWP,WE,Towers with Radar,1661,119,67,0,1847,1,0,4,0,5,1662,119,71,0,1852,0,0,0,1852
11/11/2019,LAX,CA,AWP,WE,Towers with Radar,1718,122,62,4,1906,0,0,1,2,3,1718,122,63,6,1909,0,0,0,1909
11/12/2019,LAX,CA,AWP,WE,Towers with Radar,1673,105,38,0,1816,0,1,4,0,5,1673,106,42,0,1821,0,0,0,1821
11/13/2019,LAX,CA,AWP,WE,Towers with Radar,1679,107,57,0,1843,0,0,1,0,1,1679,107,58,0,1844,0,0,0,1844
11/14/2019,LAX,CA,AWP,WE,Towers with Radar,1765,118,44,1,1928,0,0,1,0,1,1765,118,45,1,1929,0,0,0,1929
11/15/2019,LAX,CA,AWP,WE,Towers with Radar,1759,120,41,1,1921,0,0,2,2,4,1759,120,43,3,1925,0,0,0,1925
11/16/2019,LAX,CA,AWP,WE,Towers with Radar,1525,91,16,1,1633,0,0,7,0,7,1525,91,23,1,1640,0,0,0,1640
11/17/2019,LAX,CA,AWP,WE,Towers with Radar,1670,112,46,1,1829,0,0,8,1,9,1670,112,54,2,1838,0,0,0,1838
11/18/2019,LAX,CA,AWP,WE,Towers with Radar,1729,115,39,1,1884,0,0,2,6,8,1729,115,41,7,1892,0,0,0,1892
11/19/2019,LAX,CA,AWP,WE,Towers with Radar,1685,116,46,0,1847,0,0,3,0,3,1685,116,49,0,1850,0,0,0,1850
11/20/2019,LAX,CA,AWP,WE,Towers with Radar,1715,113,42,0,1870,0,0,2,0,2,1715,113,44,0,1872,0,0,0,1872
11/21/2019,LAX,CA,AWP,WE,Towers with Radar,1786,115,64,1,1966,0,0,2,0,2,1786,115,66,1,1968,0,0,0,1968
11/22/2019,LAX,CA,AWP,WE,Towers with Radar,1759,118,59,1,1937,0,0,9,0,9,1759,118,68,1,1946,0,0,0,1946
11/23/2019,LAX,CA,AWP,WE,Towers with Radar,1611,98,37,0,1746,0,0,9,0,9,1611,98,46,0,1755,0,0,0,1755
11/24/2019,LAX,CA,AWP,WE,Towers with Radar,1678,112,26,0,1816,0,0,5,2,7,1678,112,31,2,1823,0,0,0,1823
11/25/2019,LAX,CA,AWP,WE,Towers with Radar,1666,100,29,0,1795,0,0,8,0,8,1666,100,37,0,1803,0,0,0,1803
11/26/2019,LAX,CA,AWP,WE,Towers with Radar,1701,119,45,0,1865,0,0,6,0,6,1701,119,51,0,1871,0,0,0,1871
11/27/2019,LAX,CA,AWP,WE,Towers with Radar,1787,104,35,0,1926,0,0,0,0,0,1787,104,35,0,1926,0,0,0,1926
11/28/2019,LAX,CA,AWP,WE,Towers with Radar,1319,54,4,0,1377,0,0,0,0,0,1319,54,4,0,1377,0,0,0,1377
11/29/2019,LAX,CA,AWP,WE,Towers with Radar,1452,90,19,1,1562,0,0,1,0,1,1452,90,20,1,1563,0,0,0,1563
11/30/2019,LAX,CA,AWP,WE,Towers with Radar,1696,119,29,0,1844,1,0,0,0,1,1697,119,29,0,1845,0,0,0,1845
12/01/2019,LAX,CA,AWP,WE,Towers with Radar,1793,127,84,1,2005,0,1,3,0,4,1793,128,87,1,2009,0,0,0,2009
12/02/2019,LAX,CA,AWP,WE,Towers with Radar,1752,98,39,0,1889,0,0,7,0,7,1752,98,46,0,1896,0,0,0,1896
12/03/2019,LAX,CA,AWP,WE,Towers with Radar,1727,105,46,0,1878,0,0,7,1,8,1727,105,53,1,1886,0,0,0,1886
12/04/2019,LAX,CA,AWP,WE,Towers with Radar,1705,118,45,0,1868,0,0,7,0,7,1705,118,52,0,1875,0,0,0,1875
12/05/2019,LAX,CA,AWP,WE,Towers with Radar,1772,109,49,1,1931,0,0,7,0,7,1772,109,56,1,1938,0,0,0,1938
12/06/2019,LAX,CA,AWP,WE,Towers with Radar,1726,119,41,3,1889,0,0,5,0,5,1726,119,46,3,1894,0,0,0,1894
12/07/2019,LAX,CA,AWP,WE,Towers with Radar,1520,96,19,4,1639,0,0,3,0,3,1520,96,22,4,1642,0,0,0,1642
12/08/2019,LAX,CA,AWP,WE,Towers with Radar,1667,107,36,0,1810,0,0,0,0,0,1667,107,36,0,1810,0,0,0,1810
12/09/2019,LAX,CA,AWP,WE,Towers with Radar,1673,105,47,3,1828,0,0,5,0,5,1673,105,52,3,1833,0,0,0,1833
12/10/2019,LAX,CA,AWP,WE,Towers with Radar,1698,107,36,0,1841,0,0,2,0,2,1698,107,38,0,1843,0,0,0,1843
12/11/2019,LAX,CA,AWP,WE,Towers with Radar,1703,105,39,2,1849,0,0,3,0,3,1703,105,42,2,1852,0,0,0,1852
12/12/2019,LAX,CA,AWP,WE,Towers with Radar,1757,102,39,0,1898,0,0,5,1,6,1757,102,44,1,1904,0,0,0,1904
12/13/2019,LAX,CA,AWP,WE,Towers with Radar,1756,116,45,1,1918,0,0,2,0,2,1756,116,47,1,1920,0,0,0,1920
12/14/2019,LAX,CA,AWP,WE,Towers with Radar,1533,83,47,0,1663,0,0,1,0,1,1533,83,48,0,1664,0,0,0,1664
12/15/2019,LAX,CA,AWP,WE,Towers with Radar,1678,102,50,0,1830,0,0,1,0,1,1678,102,51,0,1831,0,0,0,1831
12/16/2019,LAX,CA,AWP,WE,Towers with Radar,1704,120,39,2,1865,0,0,1,0,1,1704,120,40,2,1866,0,0,0,1866
12/17/2019,LAX,CA,AWP,WE,Towers with Radar,1715,117,36,1,1869,0,0,0,0,0,1715,117,36,1,1869,0,0,0,1869
12/18/2019,LAX,CA,AWP,WE,Towers with Radar,1779,101,45,1,1926,0,0,6,0,6,1779,101,51,1,1932,0,0,0,1932
12/19/2019,LAX,CA,AWP,WE,Towers with Radar,1890,133,28,0,2051,0,0,2,0,2,1890,133,30,0,2053,0,0,0,2053
12/20/2019,LAX,CA,AWP,WE,Towers with Radar,1853,124,37,1,2015,0,0,9,0,9,1853,124,46,1,2024,0,0,0,2024
12/21/2019,LAX,CA,AWP,WE,Towers with Radar,1832,104,37,0,1973,0,0,2,0,2,1832,104,39,0,1975,0,0,0,1975
12/22/2019,LAX,CA,AWP,WE,Towers with Radar,1860,114,28,0,2002,0,0,0,2,2,1860,114,28,2,2004,0,0,0,2004
12/23/2019,LAX,CA,AWP,WE,Towers with Radar,1894,105,27,1,2027,0,0,2,0,2,1894,105,29,1,2029,0,0,0,2029
12/24/2019,LAX,CA,AWP,WE,Towers with Radar,1730,86,17,1,1834,0,0,4,1,5,1730,86,21,2,1839,0,0,0,1839
12/25/2019,LAX,CA,AWP,WE,Towers with Radar,1571,92,12,1,1676,0,0,0,0,0,1571,92,12,1,1676,0,0,0,1676
12/26/2019,LAX,CA,AWP,WE,Towers with Radar,1855,122,41,0,2018,0,1,2,0,3,1855,123,43,0,2021,0,0,0,2021
12/27/2019,LAX,CA,AWP,WE,Towers with Radar,1842,120,34,0,1996,0,0,3,2,5,1842,120,37,2,2001,0,0,0,2001
12/28/2019,LAX,CA,AWP,WE,Towers with Radar,1759,114,28,0,1901,0,1,4,0,5,1759,115,32,0,1906,0,0,0,1906
12/29/2019,LAX,CA,AWP,WE,Towers with Radar,1870,122,38,0,2030,0,0,4,0,4,1870,122,42,0,2034,0,0,0,2034
12/30/2019,LAX,CA,AWP,WE,Towers with Radar,1805,116,20,0,1941,0,0,0,2,2,1805,116,20,2,1943,0,0,0,1943
12/31/2019,LAX,CA,AWP,WE,Towers with Radar,1763,96,9,0,1868,0,0,7,0,7,1763,96,16,0,1875,0,0,0,1875
01/01/2020,LAX,CA,AWP,WE,Towers with Radar,1681,101,19,0,1801,0,0,5,0,5,1681,101,24,0,1806,0,0,0,1806
01/02/2020,LAX,CA,AWP,WE,Towers with Radar,1849,129,45,1,2024,0,0,0,1,1,1849,129,45,2,2025,0,0,0,2025
01/03/2020,LAX,CA,AWP,WE,Towers with Radar,1819,133,66,0,2018,0,0,5,0,5,1819,133,71,0,2023,0,0,0,2023
01/04/2020,LAX,CA,AWP,WE,Towers with Radar,1703,113,54,0,1870,0,0,3,1,4,1703,113,57,1,1874,0,0,0,1874
01/05/2020,LAX,CA,AWP,WE,Towers with Radar,1780,142,58,0,1980,0,0,3,2,5,1780,142,61,2,1985,0,0,0,1985
01/06/2020,LAX,CA,AWP,WE,Towers with Radar,1753,105,31,0,1889,0,0,0,0,0,1753,105,31,0,1889,0,0,0,1889
01/07/2020,LAX,CA,AWP,WE,Towers with Radar,1619,91,43,0,1753,0,0,2,0,2,1619,91,45,0,1755,0,0,0,1755
01/08/2020,LAX,CA,AWP,WE,Towers with Radar,1637,97,33,0,1767,0,0,1,0,1,1637,97,34,0,1768,0,0,0,1768
01/09/2020,LAX,CA,AWP,WE,Towers with Radar,1710,109,40,0,1859,0,0,1,0,1,1710,109,41,0,1860,0,0,0,1860
01/10/2020,LAX,CA,AWP,WE,Towers with Radar,1673,112,50,0,1835,0,0,1,0,1,1673,112,51,0,1836,0,0,0,1836
01/11/2020,LAX,CA,AWP,WE,Towers with Radar,1468,88,21,0,1577,0,0,3,0,3,1468,88,24,0,1580,0,0,0,1580
01/12/2020,LAX,CA,AWP,WE,Towers with Radar,1600,105,39,0,1744,0,0,4,0,4,1600,105,43,0,1748,0,0,0,1748
01/13/2020,LAX,CA,AWP,WE,Towers with Radar,1651,107,43,0,1801,0,0,14,0,14,1651,107,57,0,1815,0,0,0,1815
01/14/2020,LAX,CA,AWP,WE,Towers with Radar,1595,107,45,0,1747,0,0,19,0,19,1595,107,64,0,1766,0,0,0,1766
01/15/2020,LAX,CA,AWP,WE,Towers with Radar,1603,125,42,0,1770,0,0,20,0,20,1603,125,62,0,1790,0,0,0,1790
01/16/2020,LAX,CA,AWP,WE,Towers with Radar,1680,102,69,0,1851,0,0,5,3,8,1680,102,74,3,1859,0,0,0,1859
01/17/2020,LAX,CA,AWP,WE,Towers with Radar,1697,123,49,1,1870,0,1,4,0,5,1697,124,53,1,1875,0,0,0,1875
01/18/2020,LAX,CA,AWP,WE,Towers with Radar,1429,94,30,0,1553,0,0,4,0,4,1429,94,34,0,1557,0,0,0,1557
01/19/2020,LAX,CA,AWP,WE,Towers with Radar,1542,91,23,0,1656,0,0,3,0,3,1542,91,26,0,1659,0,0,0,1659
01/20/2020,LAX,CA,AWP,WE,Towers with Radar,1638,111,65,1,1815,0,0,0,0,0,1638,111,65,1,1815,0,0,0,1815
01/21/2020,LAX,CA,AWP,WE,Towers with Radar,1568,99,43,1,1711,0,0,8,0,8,1568,99,51,1,1719,0,0,0,1719
01/22/2020,LAX,CA,AWP,WE,Towers with Radar,1628,103,43,1,1775,0,0,3,2,5,1628,103,46,3,1780,0,0,0,1780
01/23/2020,LAX,CA,AWP,WE,Towers with Radar,1704,120,51,0,1875,0,0,5,0,5,1704,120,56,0,1880,0,0,0,1880
01/24/2020,LAX,CA,AWP,WE,Towers with Radar,1691,120,39,2,1852,0,0,5,0,5,1691,120,44,2,1857,0,0,0,1857
01/25/2020,LAX,CA,AWP,WE,Towers with Radar,1455,98,24,0,1577,0,0,0,0,0,1455,98,24,0,1577,0,0,0,1577
01/26/2020,LAX,CA,AWP,WE,Towers with Radar,1573,108,64,1,1746,0,0,1,2,3,1573,108,65,3,1749,0,0,0,1749
01/27/2020,LAX,CA,AWP,WE,Towers with Radar,1634,116,36,0,1786,0,0,4,0,4,1634,116,40,0,1790,0,0,0,1790
01/28/2020,LAX,CA,AWP,WE,Towers with Radar,1550,100,51,1,1702,0,0,2,0,2,1550,100,53,1,1704,0,0,0,1704
01/29/2020,LAX,CA,AWP,WE,Towers with Radar,1608,103,43,2,1756,0,0,1,0,1,1608,103,44,2,1757,0,0,0,1757
01/30/2020,LAX,CA,AWP,WE,Towers with Radar,1691,109,44,1,1845,0,0,0,0,0,1691,109,44,1,1845,0,0,0,1845
01/31/2020,LAX,CA,AWP,WE,Towers with Radar,1639,112,49,1,1801,0,0,4,0,4,1639,112,53,1,1805,0,0,0,1805
02/01/2020,LAX,CA,AWP,WE,Towers with Radar,1429,84,23,3,1539,0,0,2,4,6,1429,84,25,7,1545,0,0,0,1545
02/02/2020,LAX,CA,AWP,WE,Towers with Radar,1506,94,31,0,1631,0,0,1,0,1,1506,94,32,0,1632,0,0,0,1632
02/03/2020,LAX,CA,AWP,WE,Towers with Radar,1618,121,63,1,1803,0,0,1,0,1,1618,121,64,1,1804,0,0,0,1804
02/04/2020,LAX,CA,AWP,WE,Towers with Radar,1559,97,39,3,1698,0,0,3,0,3,1559,97,42,3,1701,0,0,0,1701
02/05/2020,LAX,CA,AWP,WE,Towers with Radar,1577,110,33,0,1720,0,0,2,0,2,1577,110,35,0,1722,0,0,0,1722
02/06/2020,LAX,CA,AWP,WE,Towers with Radar,1637,104,45,2,1788,0,0,1,1,2,1637,104,46,3,1790,0,0,0,1790
02/07/2020,LAX,CA,AWP,WE,Towers with Radar,1647,99,47,0,1793,0,0,0,0,0,1647,99,47,0,1793,0,0,0,1793
02/08/2020,LAX,CA,AWP,WE,Towers with Radar,1423,93,12,0,1528,0,0,0,2,2,1423,93,12,2,1530,0,0,0,1530
02/09/2020,LAX,CA,AWP,WE,Towers with Radar,1535,120,34,0,1689,0,0,0,0,0,1535,120,34,0,1689,0,0,0,1689
02/10/2020,LAX,CA,AWP,WE,Towers with Radar,1630,127,40,1,1798,0,0,3,2,5,1630,127,43,3,1803,0,0,0,1803
02/11/2020,LAX,CA,AWP,WE,Towers with Radar,1572,113,38,0,1723,0,0,1,0,1,1572,113,39,0,1724,0,0,0,1724
02/12/2020,LAX,CA,AWP,WE,Towers with Radar,1567,126,63,1,1757,0,0,1,2,3,1567,126,64,3,1760,0,0,0,1760
02/13/2020,LAX,CA,AWP,WE,Towers with Radar,1675,133,67,1,1876,0,0,1,1,2,1675,133,68,2,1878,0,0,0,1878
02/14/2020,LAX,CA,AWP,WE,Towers with Radar,1688,153,47,1,1889,1,0,10,0,11,1689,153,57,1,1900,0,0,0,1900
02/15/2020,LAX,CA,AWP,WE,Towers with Radar,1454,114,19,0,1587,0,0,9,0,9,1454,114,28,0,1596,0,0,0,1596
02/16/2020,LAX,CA,AWP,WE,Towers with Radar,1539,113,30,0,1682,0,0,2,0,2,1539,113,32,0,1684,0,0,0,1684
02/17/2020,LAX,CA,AWP,WE,Towers with Radar,1654,153,63,3,1873,0,0,1,0,1,1654,153,64,3,1874,0,0,0,1874
02/18/2020,LAX,CA,AWP,WE,Towers with Radar,1607,130,33,6,1776,0,0,0,2,2,1607,130,33,8,1778,0,0,0,1778
02/19/2020,LAX,CA,AWP,WE,Towers with Radar,1660,127,48,1,1836,0,0,2,0,2,1660,127,50,1,1838,0,0,0,1838
02/20/2020,LAX,CA,AWP,WE,Towers with Radar,1699,114,44,1,1858,0,0,3,0,3,1699,114,47,1,1861,0,0,0,1861
02/21/2020,LAX,CA,AWP,WE,Towers with Radar,1689,121,39,1,1850,0,0,2,0,2,1689,121,41,1,1852,0,0,0,1852
02/22/2020,LAX,CA,AWP,WE,Towers with Radar,1478,104,26,0,1608,0,0,1,1,2,1478,104,27,1,1610,0,0,0,1610
02/23/2020,LAX,CA,AWP,WE,Towers with Radar,1603,110,41,0,1754,0,0,5,2,7,1603,110,46,2,1761,0,0,0,1761
02/24/2020,LAX,CA,AWP,WE,Towers with Radar,1646,112,47,0,1805,0,0,2,0,2,1646,112,49,0,1807,0,0,0,1807
02/25/2020,LAX,CA,AWP,WE,Towers with Radar,1634,120,42,2,1798,0,1,5,0,6,1634,121,47,2,1804,0,0,0,1804
02/26/2020,LAX,CA,AWP,WE,Towers with Radar,1671,116,42,1,1830,0,0,2,2,4,1671,116,44,3,1834,0,0,0,1834
02/27/2020,LAX,CA,AWP,WE,Towers with Radar,1699,129,48,0,1876,0,2,2,3,7,1699,131,50,3,1883,0,0,0,1883
02/28/2020,LAX,CA,AWP,WE,Towers with Radar,1700,129,50,1,1880,0,0,1,0,1,1700,129,51,1,1881,0,0,0,1881
02/29/2020,LAX,CA,AWP,WE,Towers with Radar,1491,109,24,1,1625,0,0,4,3,7,1491,109,28,4,1632,0,0,0,1632
03/01/2020,LAX,CA,AWP,WE,Towers with Radar,1603,124,40,1,1768,0,0,1,2,3,1603,124,41,3,1771,0,0,0,1771
03/02/2020,LAX,CA,AWP,WE,Towers with Radar,1699,120,29,2,1850,0,0,0,0,0,1699,120,29,2,1850,0,0,0,1850
03/03/2020,LAX,CA,AWP,WE,Towers with Radar,1617,122,30,3,1772,0,0,0,0,0,1617,122,30,3,1772,0,0,0,1772
03/04/2020,LAX,CA,AWP,WE,Towers with Radar,1658,132,46,0,1836,0,0,7,3,10,1658,132,53,3,1846,0,0,0,1846
03/05/2020,LAX,CA,AWP,WE,Towers with Radar,1723,125,41,0,1889,0,0,3,0,3,1723,125,44,0,1892,0,0,0,1892
03/06/2020,LAX,CA,AWP,WE,Towers with Radar,1719,117,28,1,1865,0,0,1,0,1,1719,117,29,1,1866,0,0,0,1866
03/07/2020,LAX,CA,AWP,WE,Towers with Radar,1530,101,17,1,1649,0,0,3,0,3,1530,101,20,1,1652,0,0,0,1652
03/08/2020,LAX,CA,AWP,WE,Towers with Radar,1623,117,39,1,1780,0,1,1,0,2,1623,118,40,1,1782,0,0,0,1782
03/09/2020,LAX,CA,AWP,WE,Towers with Radar,1673,122,32,0,1827,0,0,0,0,0,1673,122,32,0,1827,0,0,0,1827
03/10/2020,LAX,CA,AWP,WE,Towers with Radar,1642,100,38,0,1780,0,0,3,0,3,1642,100,41,0,1783,0,0,0,1783
03/11/2020,LAX,CA,AWP,WE,Towers with Radar,1678,117,31,0,1826,0,0,0,0,0,1678,117,31,0,1826,0,0,0,1826
03/12/2020,LAX,CA,AWP,WE,Towers with Radar,1721,123,35,2,1881,0,0,1,1,2,1721,123,36,3,1883,0,0,0,1883
03/13/2020,LAX,CA,AWP,WE,Towers with Radar,1676,146,50,2,1874,0,0,2,0,2,1676,146,52,2,1876,0,0,0,1876
03/14/2020,LAX,CA,AWP,WE,Towers with Radar,1514,105,35,0,1654,0,0,2,0,2,1514,105,37,0,1656,0,0,0,1656
03/15/2020,LAX,CA,AWP,WE,Towers with Radar,1625,127,43,0,1795,1,0,0,0,1,1626,127,43,0,1796,0,0,0,1796
03/16/2020,LAX,CA,AWP,WE,Towers with Radar,1641,110,28,0,1779,0,0,0,2,2,1641,110,28,2,1781,0,0,0,1781
03/17/2020,LAX,CA,AWP,WE,Towers with Radar,1541,113,38,1,1693,0,0,1,0,1,1541,113,39,1,1694,0,0,0,1694
03/18/2020,LAX,CA,AWP,WE,Towers with Radar,1515,102,22,1,1640,0,0,1,0,1,1515,102,23,1,1641,0,0,0,1641
03/19/2020,LAX,CA,AWP,WE,Towers with Radar,1470,116,12,0,1598,0,0,4,1,5,1470,116,16,1,1603,0,0,0,1603
03/20/2020,LAX,CA,AWP,WE,Towers with Radar,1437,99,24,0,1560,0,0,4,0,4,1437,99,28,0,1564,0,0,0,1564
03/21/2020,LAX,CA,AWP,WE,Towers with Radar,1182,49,15,0,1246,0,0,4,0,4,1182,49,19,0,1250,0,0,0,1250
03/22/2020,LAX,CA,AWP,WE,Towers with Radar,1196,71,4,0,1271,0,0,1,1,2,1196,71,5,1,1273,0,0,0,1273
03/23/2020,LAX,CA,AWP,WE,Towers with Radar,1096,85,7,0,1188,0,0,3,0,3,1096,85,10,0,1191,0,0,0,1191
03/24/2020,LAX,CA,AWP,WE,Towers with Radar,1029,69,7,0,1105,0,0,1,0,1,1029,69,8,0,1106,0,0,0,1106
03/25/2020,LAX,CA,AWP,WE,Towers with Radar,1003,60,4,0,1067,0,0,3,4,7,1003,60,7,4,1074,0,0,0,1074
03/26/2020,LAX,CA,AWP,WE,Towers with Radar,961,52,2,0,1015,0,0,2,1,3,961,52,4,1,1018,0,0,0,1018
03/27/2020,LAX,CA,AWP,WE,Towers with Radar,859,63,9,0,931,0,2,3,2,7,859,65,12,2,938,0,0,0,938
03/28/2020,LAX,CA,AWP,WE,Towers with Radar,829,47,4,0,880,0,0,2,0,2,829,47,6,0,882,0,0,0,882
03/29/2020,LAX,CA,AWP,WE,Towers with Radar,855,59,10,0,924,0,0,5,0,5,855,59,15,0,929,0,0,0,929
03/30/2020,LAX,CA,AWP,WE,Towers with Radar,793,56,8,0,857,0,0,6,0,6,793,56,14,0,863,0,0,0,863
03/31/2020,LAX,CA,AWP,WE,Towers with Radar,828,51,2,2,883,0,0,14,0,14,828,51,16,2,897,0,0,0,897
04/01/2020,LAX,CA,AWP,WE,Towers with Radar,722,50,8,0,780,0,0,13,0,13,722,50,21,0,793,0,0,0,793
04/02/2020,LAX,CA,AWP,WE,Towers with Radar,657,38,8,0,703,0,2,1,1,4,657,40,9,1,707,0,0,0,707
04/03/2020,LAX,CA,AWP,WE,Towers with Radar,652,33,4,0,689,1,1,2,2,6,653,34,6,2,695,0,0,0,695
04/04/2020,LAX,CA,AWP,WE,Towers with Radar,630,33,2,1,666,0,0,5,0,5,630,33,7,1,671,0,0,0,671
04/05/2020,LAX,CA,AWP,WE,Towers with Radar,620,32,9,0,661,0,0,1,0,1,620,32,10,0,662,0,0,0,662
04/06/2020,LAX,CA,AWP,WE,Towers with Radar,605,43,8,0,656,0,0,0,0,0,605,43,8,0,656,0,0,0,656
04/07/2020,LAX,CA,AWP,WE,Towers with Radar,539,24,5,0,568,0,0,0,4,4,539,24,5,4,572,0,0,0,572
04/08/2020,LAX,CA,AWP,WE,Towers with Radar,474,32,3,0,509,0,0,0,0,0,474,32,3,0,509,0,0,0,509
04/09/2020,LAX,CA,AWP,WE,Towers with Radar,461,29,8,0,498,0,0,0,0,0,461,29,8,0,498,0,0,0,498
04/10/2020,LAX,CA,AWP,WE,Towers with Radar,453,29,8,0,490,0,0,1,0,1,453,29,9,0,491,0,0,0,491
04/11/2020,LAX,CA,AWP,WE,Towers with Radar,408,20,1,0,429,0,0,4,0,4,408,20,5,0,433,0,0,0,433
04/12/2020,LAX,CA,AWP,WE,Towers with Radar,420,16,0,0,436,0,0,0,0,0,420,16,0,0,436,0,0,0,436
04/13/2020,LAX,CA,AWP,WE,Towers with Radar,432,26,5,0,463,0,0,2,0,2,432,26,7,0,465,0,0,0,465
04/14/2020,LAX,CA,AWP,WE,Towers with Radar,428,17,8,0,453,0,0,7,1,8,428,17,15,1,461,0,0,0,461
04/15/2020,LAX,CA,AWP,WE,Towers with Radar,430,30,7,2,469,0,0,7,0,7,430,30,14,2,476,0,0,0,476
04/16/2020,LAX,CA,AWP,WE,Towers with Radar,448,21,6,2,477,0,0,7,2,9,448,21,13,4,486,0,0,0,486
04/17/2020,LAX,CA,AWP,WE,Towers with Radar,439,20,4,2,465,0,1,0,3,4,439,21,4,5,469,0,0,0,469
04/18/2020,LAX,CA,AWP,WE,Towers with Radar,411,14,7,1,433,0,0,5,0,5,411,14,12,1,438,0,0,0,438
04/19/2020,LAX,CA,AWP,WE,Towers with Radar,409,15,5,1,430,0,0,7,0,7,409,15,12,1,437,0,0,0,437
04/20/2020,LAX,CA,AWP,WE,Towers with Radar,382,18,3,0,403,0,0,2,0,2,382,18,5,0,405,0,0,0,405
04/21/2020,LAX,CA,AWP,WE,Towers with Radar,429,18,3,0,450,0,0,3,0,3,429,18,6,0,453,0,0,0,453
04/22/2020,LAX,CA,AWP,WE,Towers with Radar,435,23,9,0,467,0,0,5,2,7,435,23,14,2,474,0,0,0,474
04/23/2020,LAX,CA,AWP,WE,Towers with Radar,472,20,4,0,496,0,0,8,5,13,472,20,12,5,509,0,0,0,509
04/24/2020,LAX,CA,AWP,WE,Towers with Radar,413,25,9,0,447,0,0,11,0,11,413,25,20,0,458,0,0,0,458
04/25/2020,LAX,CA,AWP,WE,Towers with Radar,406,14,7,0,427,0,0,7,0,7,406,14,14,0,434,0,0,0,434
04/26/2020,LAX,CA,AWP,WE,Towers with Radar,419,14,2,0,435,0,0,9,0,9,419,14,11,0,444,0,0,0,444
04/27/2020,LAX,CA,AWP,WE,Towers with Radar,420,24,10,0,454,0,0,1,0,1,420,24,11,0,455,0,0,0,455
04/28/2020,LAX,CA,AWP,WE,Towers with Radar,443,25,12,1,481,0,0,0,0,0,443,25,12,1,481,0,0,0,481
04/29/2020,LAX,CA,AWP,WE,Towers with Radar,451,26,15,1,493,0,0,4,0,4,451,26,19,1,497,0,0,0,497
04/30/2020,LAX,CA,AWP,WE,Towers with Radar,488,23,15,0,526,0,0,1,0,1,488,23,16,0,527,0,0,0,527
05/01/2020,LAX,CA,AWP,WE,Towers with Radar,479,24,10,1,514,0,0,12,0,12,479,24,22,1,526,0,0,0,526
05/02/2020,LAX,CA,AWP,WE,Towers with Radar,413,21,7,0,441,0,0,22,0,22,413,21,29,0,463,0,0,0,463
05/03/2020,LAX,CA,AWP,WE,Towers with Radar,432,29,7,0,468,0,0,11,0,11,432,29,18,0,479,0,0,0,479
05/04/2020,LAX,CA,AWP,WE,Towers with Radar,431,20,15,0,466,0,2,12,0,14,431,22,27,0,480,0,0,0,480
05/05/2020,LAX,CA,AWP,WE,Towers with Radar,448,19,5,1,473,0,0,8,3,11,448,19,13,4,484,0,0,0,484
05/06/2020,LAX,CA,AWP,WE,Towers with Radar,473,26,8,0,507,0,0,17,1,18,473,26,25,1,525,0,0,0,525
05/07/2020,LAX,CA,AWP,WE,Towers with Radar,478,24,5,0,507,0,0,15,5,20,478,24,20,5,527,0,0,0,527
05/08/2020,LAX,CA,AWP,WE,Towers with Radar,472,32,11,0,515,0,0,4,0,4,472,32,15,0,519,0,0,0,519
05/09/2020,LAX,CA,AWP,WE,Towers with Radar,459,19,7,1,486,0,0,14,0,14,459,19,21,1,500,0,0,0,500
05/10/2020,LAX,CA,AWP,WE,Towers with Radar,462,20,6,0,488,0,0,3,0,3,462,20,9,0,491,0,0,0,491
05/11/2020,LAX,CA,AWP,WE,Towers with Radar,456,25,15,1,497,0,0,4,0,4,456,25,19,1,501,0,0,0,501
05/12/2020,LAX,CA,AWP,WE,Towers with Radar,463,26,17,2,508,0,0,1,0,1,463,26,18,2,509,0,0,0,509
05/13/2020,LAX,CA,AWP,WE,Towers with Radar,470,34,16,0,520,0,0,5,3,8,470,34,21,3,528,0,0,0,528
05/14/2020,LAX,CA,AWP,WE,Towers with Radar,497,34,10,0,541,0,0,12,2,14,497,34,22,2,555,0,0,0,555
05/15/2020,LAX,CA,AWP,WE,Towers with Radar,476,34,14,0,524,0,1,8,0,9,476,35,22,0,533,0,0,0,533
05/16/2020,LAX,CA,AWP,WE,Towers with Radar,464,29,16,0,509,0,0,19,0,19,464,29,35,0,528,0,0,0,528
05/17/2020,LAX,CA,AWP,WE,Towers with Radar,458,24,16,0,498,0,0,2,4,6,458,24,18,4,504,0,0,0,504
05/18/2020,LAX,CA,AWP,WE,Towers with Radar,455,29,7,0,491,0,0,2,1,3,455,29,9,1,494,0,0,0,494
05/19/2020,LAX,CA,AWP,WE,Towers with Radar,471,26,16,0,513,0,1,7,0,8,471,27,23,0,521,0,0,0,521
05/20/2020,LAX,CA,AWP,WE,Towers with Radar,476,35,28,0,539,0,0,8,0,8,476,35,36,0,547,0,0,0,547
05/21/2020,LAX,CA,AWP,WE,Towers with Radar,496,29,11,0,536,0,0,4,2,6,496,29,15,2,542,0,0,0,542
05/22/2020,LAX,CA,AWP,WE,Towers with Radar,490,29,16,0,535,0,0,10,0,10,490,29,26,0,545,0,0,0,545
05/23/2020,LAX,CA,AWP,WE,Towers with Radar,460,25,6,0,491,0,0,7,0,7,460,25,13,0,498,0,0,0,498
05/24/2020,LAX,CA,AWP,WE,Towers with Radar,460,27,9,0,496,0,0,16,0,16,460,27,25,0,512,0,0,0,512
05/25/2020,LAX,CA,AWP,WE,Towers with Radar,444,37,21,0,502,0,0,6,0,6,444,37,27,0,508,0,0,0,508
05/26/2020,LAX,CA,AWP,WE,Towers with Radar,453,26,25,0,504,0,0,2,0,2,453,26,27,0,506,0,0,0,506
05/27/2020,LAX,CA,AWP,WE,Towers with Radar,484,31,16,0,531,0,0,0,1,1,484,31,16,1,532,0,0,0,532
05/28/2020,LAX,CA,AWP,WE,Towers with Radar,484,30,29,1,544,0,0,1,0,1,484,30,30,1,545,0,0,0,545
05/29/2020,LAX,CA,AWP,WE,Towers with Radar,480,32,18,1,531,0,0,2,0,2,480,32,20,1,533,0,0,0,533
05/30/2020,LAX,CA,AWP,WE,Towers with Radar,452,40,13,0,505,0,0,8,0,8,452,40,21,0,513,0,0,0,513
05/31/2020,LAX,CA,AWP,WE,Towers with Radar,462,41,16,0,519,0,0,4,0,4,462,41,20,0,523,0,0,0,523
06/01/2020,LAX,CA,AWP,WE,Towers with Radar,470,32,19,0,521,0,0,9,1,10,470,32,28,1,531,0,0,0,531
06/02/2020,LAX,CA,AWP,WE,Towers with Radar,490,28,23,0,541,0,0,8,1,9,490,28,31,1,550,0,0,0,550
06/03/2020,LAX,CA,AWP,WE,Towers with Radar,507,35,26,0,568,0,0,2,1,3,507,35,28,1,571,0,0,0,571
06/04/2020,LAX,CA,AWP,WE,Towers with Radar,527,28,22,0,577,0,0,3,0,3,527,28,25,0,580,0,0,0,580
06/05/2020,LAX,CA,AWP,WE,Towers with Radar,543,31,24,0,598,0,0,6,0,6,543,31,30,0,604,0,0,0,604
06/06/2020,LAX,CA,AWP,WE,Towers with Radar,539,29,20,0,588,0,0,3,0,3,539,29,23,0,591,0,0,0,591
06/07/2020,LAX,CA,AWP,WE,Towers with Radar,556,28,19,0,603,0,0,2,4,6,556,28,21,4,609,0,0,0,609
06/08/2020,LAX,CA,AWP,WE,Towers with Radar,542,29,20,0,591,0,0,0,0,0,542,29,20,0,591,0,0,0,591
06/09/2020,LAX,CA,AWP,WE,Towers with Radar,541,36,22,0,599,0,1,9,1,11,541,37,31,1,610,0,0,0,610
06/10/2020,LAX,CA,AWP,WE,Towers with Radar,578,45,26,0,649,0,1,1,0,2,578,46,27,0,651,0,0,0,651
06/11/2020,LAX,CA,AWP,WE,Towers with Radar,594,41,29,0,664,0,0,4,1,5,594,41,33,1,669,0,0,0,669
06/12/2020,LAX,CA,AWP,WE,Towers with Radar,585,39,20,1,645,0,0,5,0,5,585,39,25,1,650,0,0,0,650
06/13/2020,LAX,CA,AWP,WE,Towers with Radar,571,31,19,1,622,0,0,7,0,7,571,31,26,1,629,0,0,0,629
06/14/2020,LAX,CA,AWP,WE,Towers with Radar,578,54,16,0,648,0,0,3,0,3,578,54,19,0,651,0,0,0,651
06/15/2020,LAX,CA,AWP,WE,Towers with Radar,579,41,29,0,649,0,0,0,0,0,579,41,29,0,649,0,0,0,649
06/16/2020,LAX,CA,AWP,WE,Towers with Radar,575,35,18,0,628,0,0,2,1,3,575,35,20,1,631,0,0,0,631
06/17/2020,LAX,CA,AWP,WE,Towers with Radar,603,39,26,0,668,0,0,1,4,5,603,39,27,4,673,0,0,0,673
06/18/2020,LAX,CA,AWP,WE,Towers with Radar,605,48,15,0,668,0,0,4,0,4,605,48,19,0,672,0,0,0,672
06/19/2020,LAX,CA,AWP,WE,Towers with Radar,594,39,29,0,662,0,1,1,0,2,594,40,30,0,664,0,0,0,664
06/20/2020,LAX,CA,AWP,WE,Towers with Radar,593,35,10,0,638,0,0,0,1,1,593,35,10,1,639,0,0,0,639
06/21/2020,LAX,CA,AWP,WE,Towers with Radar,580,30,8,0,618,0,0,4,0,4,580,30,12,0,622,0,0,0,622
06/22/2020,LAX,CA,AWP,WE,Towers with Radar,584,54,34,0,672,0,0,4,0,4,584,54,38,0,676,0,0,0,676
06/23/2020,LAX,CA,AWP,WE,Towers with Radar,584,33,30,0,647,0,0,1,0,1,584,33,31,0,648,0,0,0,648
06/24/2020,LAX,CA,AWP,WE,Towers with Radar,597,35,41,0,673,1,0,0,0,1,598,35,41,0,674,0,0,0,674
06/25/2020,LAX,CA,AWP,WE,Towers with Radar,634,52,27,0,713,0,0,3,0,3,634,52,30,0,716,0,0,0,716
06/26/2020,LAX,CA,AWP,WE,Towers with Radar,644,48,28,0,720,0,0,1,0,1,644,48,29,0,721,0,0,0,721
06/27/2020,LAX,CA,AWP,WE,Towers with Radar,620,41,17,0,678,0,0,0,0,0,620,41,17,0,678,0,0,0,678
06/28/2020,LAX,CA,AWP,WE,Towers with Radar,618,44,34,0,696,0,0,1,0,1,618,44,35,0,697,0,0,0,697
06/29/2020,LAX,CA,AWP,WE,Towers with Radar,607,49,40,0,696,0,0,7,3,10,607,49,47,3,706,0,0,0,706
06/30/2020,LAX,CA,AWP,WE,Towers with Radar,586,38,23,0,647,0,0,2,0,2,586,38,25,0,649,0,0,0,649
07/01/2020,LAX,CA,AWP,WE,Towers with Radar,680,52,31,0,763,0,0,7,1,8,680,52,38,1,771,0,0,0,771
07/02/2020,LAX,CA,AWP,WE,Towers with Radar,734,50,32,0,816,0,0,6,0,6,734,50,38,0,822,0,0,0,822
07/03/2020,LAX,CA,AWP,WE,Towers with Radar,734,35,20,0,789,0,0,5,0,5,734,35,25,0,794,0,0,0,794
07/04/2020,LAX,CA,AWP,WE,Towers with Radar,635,25,2,0,662,0,0,10,0,10,635,25,12,0,672,0,0,0,672
07/05/2020,LAX,CA,AWP,WE,Towers with Radar,733,45,18,0,796,0,0,6,0,6,733,45,24,0,802,0,0,0,802
07/06/2020,LAX,CA,AWP,WE,Towers with Radar,743,58,26,0,827,0,0,2,1,3,743,58,28,1,830,0,0,0,830
07/07/2020,LAX,CA,AWP,WE,Towers with Radar,765,49,26,0,840,0,1,7,2,10,765,50,33,2,850,0,0,0,850
07/08/2020,LAX,CA,AWP,WE,Towers with Radar,788,61,25,0,874,0,1,2,2,5,788,62,27,2,879,0,0,0,879
07/09/2020,LAX,CA,AWP,WE,Towers with Radar,826,54,26,0,906,0,0,2,2,4,826,54,28,2,910,0,0,0,910
07/10/2020,LAX,CA,AWP,WE,Towers with Radar,844,52,18,0,914,0,0,1,0,1,844,52,19,0,915,0,0,0,915
07/11/2020,LAX,CA,AWP,WE,Towers with Radar,789,49,13,0,851,0,0,3,0,3,789,49,16,0,854,0,0,0,854
07/12/2020,LAX,CA,AWP,WE,Towers with Radar,809,60,20,0,889,0,0,2,3,5,809,60,22,3,894,0,0,0,894
07/13/2020,LAX,CA,AWP,WE,Towers with Radar,827,54,21,0,902,0,0,5,2,7,827,54,26,2,909,0,0,0,909
07/14/2020,LAX,CA,AWP,WE,Towers with Radar,775,48,22,0,845,0,0,2,3,5,775,48,24,3,850,0,0,0,850
07/15/2020,LAX,CA,AWP,WE,Towers with Radar,804,52,31,1,888,0,0,2,3,5,804,52,33,4,893,0,0,0,893
07/16/2020,LAX,CA,AWP,WE,Towers with Radar,846,55,23,1,925,0,0,0,0,0,846,55,23,1,925,0,0,0,925
07/17/2020,LAX,CA,AWP,WE,Towers with Radar,854,64,33,0,951,0,0,3,2,5,854,64,36,2,956,0,0,0,956
07/18/2020,LAX,CA,AWP,WE,Towers with Radar,786,46,16,0,848,0,0,2,0,2,786,46,18,0,850,0,0,0,850
07/19/2020,LAX,CA,AWP,WE,Towers with Radar,837,55,25,0,917,0,0,2,0,2,837,55,27,0,919,0,0,0,919
07/20/2020,LAX,CA,AWP,WE,Towers with Radar,814,54,31,0,899,0,1,1,0,2,814,55,32,0,901,0,0,0,901
07/21/2020,LAX,CA,AWP,WE,Towers with Radar,773,56,20,0,849,0,0,4,1,5,773,56,24,1,854,0,0,0,854
07/22/2020,LAX,CA,AWP,WE,Towers with Radar,812,58,32,0,902,0,0,2,1,3,812,58,34,1,905,0,0,0,905
07/23/2020,LAX,CA,AWP,WE,Towers with Radar,846,59,36,0,941,0,0,6,2,8,846,59,42,2,949,0,0,0,949
07/24/2020,LAX,CA,AWP,WE,Towers with Radar,843,65,30,1,939,0,0,4,0,4,843,65,34,1,943,0,0,0,943
07/25/2020,LAX,CA,AWP,WE,Towers with Radar,789,44,13,0,846,0,0,3,0,3,789,44,16,0,849,0,0,0,849
07/26/2020,LAX,CA,AWP,WE,Towers with Radar,803,58,26,0,887,0,1,0,0,1,803,59,26,0,888,0,0,0,888
07/27/2020,LAX,CA,AWP,WE,Towers with Radar,821,54,27,0,902,0,0,2,0,2,821,54,29,0,904,0,0,0,904
07/28/2020,LAX,CA,AWP,WE,Towers with Radar,772,51,19,0,842,0,0,1,1,2,772,51,20,1,844,0,0,0,844
07/29/2020,LAX,CA,AWP,WE,Towers with Radar,811,51,24,0,886,0,0,0,0,0,811,51,24,0,886,0,0,0,886
07/30/2020,LAX,CA,AWP,WE,Towers with Radar,822,59,21,0,902,0,0,3,1,4,822,59,24,1,906,0,0,0,906
07/31/2020,LAX,CA,AWP,WE,Towers with Radar,837,58,31,0,926,0,0,3,0,3,837,58,34,0,929,0,0,0,929
08/01/2020,LAX,CA,AWP,WE,Towers with Radar,820,46,18,0,884,0,0,10,0,10,820,46,28,0,894,0,0,0,894
08/02/2020,LAX,CA,AWP,WE,Towers with Radar,881,57,22,0,960,0,0,0,0,0,881,57,22,0,960,0,0,0,960
08/03/2020,LAX,CA,AWP,WE,Towers with Radar,841,54,33,0,928,0,0,3,0,3,841,54,36,0,931,0,0,0,931
08/04/2020,LAX,CA,AWP,WE,Towers with Radar,809,50,29,0,888,0,0,2,0,2,809,50,31,0,890,0,0,0,890
08/05/2020,LAX,CA,AWP,WE,Towers with Radar,836,57,21,0,914,0,0,8,0,8,836,57,29,0,922,0,0,0,922
08/06/2020,LAX,CA,AWP,WE,Towers with Radar,869,66,26,0,961,0,0,3,0,3,869,66,29,0,964,0,0,0,964
08/07/2020,LAX,CA,AWP,WE,Towers with Radar,886,62,21,0,969,0,0,5,0,5,886,62,26,0,974,0,0,0,974
08/08/2020,LAX,CA,AWP,WE,Towers with Radar,831,55,19,0,905,0,0,2,0,2,831,55,21,0,907,0,0,0,907
08/09/2020,LAX,CA,AWP,WE,Towers with Radar,883,54,21,0,958,0,0,0,0,0,883,54,21,0,958,0,0,0,958
08/10/2020,LAX,CA,AWP,WE,Towers with Radar,827,64,21,0,912,0,0,3,1,4,827,64,24,1,916,0,0,0,916
08/11/2020,LAX,CA,AWP,WE,Towers with Radar,798,55,23,1,877,0,0,0,4,4,798,55,23,5,881,0,0,0,881
08/12/2020,LAX,CA,AWP,WE,Towers with Radar,826,58,37,0,921,0,1,6,0,7,826,59,43,0,928,0,0,0,928
08/13/2020,LAX,CA,AWP,WE,Towers with Radar,850,60,31,0,941,0,0,11,0,11,850,60,42,0,952,0,0,0,952
08/14/2020,LAX,CA,AWP,WE,Towers with Radar,865,65,24,0,954,0,0,5,1,6,865,65,29,1,960,0,0,0,960
08/15/2020,LAX,CA,AWP,WE,Towers with Radar,821,56,24,0,901,0,0,5,0,5,821,56,29,0,906,0,0,0,906
08/16/2020,LAX,CA,AWP,WE,Towers with Radar,870,67,23,0,960,0,0,3,0,3,870,67,26,0,963,0,0,0,963
08/17/2020,LAX,CA,AWP,WE,Towers with Radar,814,62,22,0,898,0,0,0,0,0,814,62,22,0,898,0,0,0,898
08/18/2020,LAX,CA,AWP,WE,Towers with Radar,798,52,32,1,883,0,0,3,0,3,798,52,35,1,886,0,0,0,886
08/19/2020,LAX,CA,AWP,WE,Towers with Radar,793,59,23,1,876,0,0,1,0,1,793,59,24,1,877,0,0,0,877
08/20/2020,LAX,CA,AWP,WE,Towers with Radar,866,70,29,0,965,0,0,0,1,1,866,70,29,1,966,0,0,0,966
08/21/2020,LAX,CA,AWP,WE,Towers with Radar,857,76,25,0,958,0,0,1,0,1,857,76,26,0,959,0,0,0,959
08/22/2020,LAX,CA,AWP,WE,Towers with Radar,792,59,12,0,863,0,0,4,2,6,792,59,16,2,869,0,0,0,869
08/23/2020,LAX,CA,AWP,WE,Towers with Radar,871,61,27,0,959,0,0,4,0,4,871,61,31,0,963,0,0,0,963
08/24/2020,LAX,CA,AWP,WE,Towers with Radar,813,60,35,1,909,0,0,0,0,0,813,60,35,1,909,0,0,0,909
08/25/2020,LAX,CA,AWP,WE,Towers with Radar,780,61,14,0,855,0,0,1,0,1,780,61,15,0,856,0,0,0,856
08/26/2020,LAX,CA,AWP,WE,Towers with Radar,808,53,29,1,891,0,0,7,0,7,808,53,36,1,898,0,0,0,898
08/27/2020,LAX,CA,AWP,WE,Towers with Radar,842,53,23,0,918,0,0,0,0,0,842,53,23,0,918,0,0,0,918
08/28/2020,LAX,CA,AWP,WE,Towers with Radar,871,47,26,0,944,0,0,6,4,10,871,47,32,4,954,0,0,0,954
08/29/2020,LAX,CA,AWP,WE,Towers with Radar,802,48,18,0,868,0,0,2,0,2,802,48,20,0,870,0,0,0,870
08/30/2020,LAX,CA,AWP,WE,Towers with Radar,858,53,21,0,932,0,0,2,0,2,858,53,23,0,934,0,0,0,934
08/31/2020,LAX,CA,AWP,WE,Towers with Radar,838,53,23,0,914,0,0,3,1,4,838,53,26,1,918,0,0,0,918
09/01/2020,LAX,CA,AWP,WE,Towers with Radar,810,59,27,0,896,0,0,6,0,6,810,59,33,0,902,0,0,0,902
09/02/2020,LAX,CA,AWP,WE,Towers with Radar,820,52,35,0,907,0,0,1,1,2,820,52,36,1,909,0,0,0,909
09/03/2020,LAX,CA,AWP,WE,Towers with Radar,873,58,28,0,959,0,0,1,0,1,873,58,29,0,960,0,0,0,960
09/04/2020,LAX,CA,AWP,WE,Towers with Radar,889,50,25,0,964,0,0,6,1,7,889,50,31,1,971,0,0,0,971
09/05/2020,LAX,CA,AWP,WE,Towers with Radar,799,37,15,0,851,0,0,2,0,2,799,37,17,0,853,0,0,0,853
09/06/2020,LAX,CA,AWP,WE,Towers with Radar,761,50,18,0,829,0,0,5,0,5,761,50,23,0,834,0,0,0,834
09/07/2020,LAX,CA,AWP,WE,Towers with Radar,795,57,28,0,880,0,0,0,0,0,795,57,28,0,880,0,0,0,880
09/08/2020,LAX,CA,AWP,WE,Towers with Radar,724,53,31,0,808,0,0,2,1,3,724,53,33,1,811,0,0,0,811
09/09/2020,LAX,CA,AWP,WE,Towers with Radar,759,50,26,0,835,0,0,0,0,0,759,50,26,0,835,0,0,0,835
09/10/2020,LAX,CA,AWP,WE,Towers with Radar,821,58,38,0,917,0,0,2,0,2,821,58,40,0,919,0,0,0,919
09/11/2020,LAX,CA,AWP,WE,Towers with Radar,810,51,32,0,893,0,0,3,0,3,810,51,35,0,896,0,0,0,896
09/12/2020,LAX,CA,AWP,WE,Towers with Radar,781,54,21,0,856,0,0,2,0,2,781,54,23,0,858,0,0,0,858
09/13/2020,LAX,CA,AWP,WE,Towers with Radar,817,61,31,2,911,0,0,7,0,7,817,61,38,2,918,0,0,0,918
09/14/2020,LAX,CA,AWP,WE,Towers with Radar,775,56,25,0,856,0,0,1,1,2,775,56,26,1,858,0,0,0,858
09/15/2020,LAX,CA,AWP,WE,Towers with Radar,734,41,20,0,795,0,0,2,1,3,734,41,22,1,798,0,0,0,798
09/16/2020,LAX,CA,AWP,WE,Towers with Radar,762,50,31,2,845,0,0,0,0,0,762,50,31,2,845,0,0,0,845
09/17/2020,LAX,CA,AWP,WE,Towers with Radar,816,60,18,0,894,1,0,0,1,2,817,60,18,1,896,0,0,0,896
09/18/2020,LAX,CA,AWP,WE,Towers with Radar,834,68,21,0,923,0,0,0,0,0,834,68,21,0,923,0,0,0,923
09/19/2020,LAX,CA,AWP,WE,Towers with Radar,796,53,20,2,871,0,1,0,0,1,796,54,20,2,872,0,0,0,872
09/20/2020,LAX,CA,AWP,WE,Towers with Radar,850,57,28,0,935,0,0,8,0,8,850,57,36,0,943,0,0,0,943
09/21/2020,LAX,CA,AWP,WE,Towers with Radar,795,46,35,1,877,0,0,1,0,1,795,46,36,1,878,0,0,0,878
09/22/2020,LAX,CA,AWP,WE,Towers with Radar,745,39,25,1,810,0,0,4,0,4,745,39,29,1,814,0,0,0,814
09/23/2020,LAX,CA,AWP,WE,Towers with Radar,759,46,21,2,828,1,0,1,1,3,760,46,22,3,831,0,0,0,831
09/24/2020,LAX,CA,AWP,WE,Towers with Radar,840,59,29,0,928,0,0,0,0,0,840,59,29,0,928,0,0,0,928
09/25/2020,LAX,CA,AWP,WE,Towers with Radar,818,58,24,1,901,0,0,0,1,1,818,58,24,2,902,0,0,0,902
09/26/2020,LAX,CA,AWP,WE,Towers with Radar,808,59,23,1,891,0,0,2,0,2,808,59,25,1,893,0,0,0,893
09/27/2020,LAX,CA,AWP,WE,Towers with Radar,847,58,19,2,926,0,0,1,0,1,847,58,20,2,927,0,0,0,927
09/28/2020,LAX,CA,AWP,WE,Towers with Radar,789,52,31,0,872,0,0,0,0,0,789,52,31,0,872,0,0,0,872
09/29/2020,LAX,CA,AWP,WE,Towers with Radar,771,56,30,0,857,0,0,2,1,3,771,56,32,1,860,0,0,0,860
09/30/2020,LAX,CA,AWP,WE,Towers with Radar,768,58,21,0,847,0,0,7,1,8,768,58,28,1,855,0,0,0,855
10/01/2020,LAX,CA,AWP,WE,Towers with Radar,857,57,19,0,933,0,0,3,0,3,857,57,22,0,936,0,0,0,936
10/02/2020,LAX,CA,AWP,WE,Towers with Radar,878,48,34,0,960,0,1,2,1,4,878,49,36,1,964,0,0,0,964
10/03/2020,LAX,CA,AWP,WE,Towers with Radar,841,48,16,0,905,0,0,0,0,0,841,48,16,0,905,0,0,0,905
10/04/2020,LAX,CA,AWP,WE,Towers with Radar,869,59,22,0,950,0,0,2,0,2,869,59,24,0,952,0,0,0,952
10/05/2020,LAX,CA,AWP,WE,Towers with Radar,831,49,18,0,898,0,0,2,3,5,831,49,20,3,903,0,0,0,903
10/06/2020,LAX,CA,AWP,WE,Towers with Radar,768,37,23,0,828,0,1,4,0,5,768,38,27,0,833,0,0,0,833
10/07/2020,LAX,CA,AWP,WE,Towers with Radar,795,62,17,0,874,0,0,2,2,4,795,62,19,2,878,0,0,0,878
10/08/2020,LAX,CA,AWP,WE,Towers with Radar,872,58,19,0,949,0,0,2,4,6,872,58,21,4,955,0,0,0,955
10/09/2020,LAX,CA,AWP,WE,Towers with Radar,865,55,32,0,952,0,0,3,0,3,865,55,35,0,955,0,0,0,955
10/10/2020,LAX,CA,AWP,WE,Towers with Radar,839,45,18,0,902,0,0,1,0,1,839,45,19,0,903,0,0,0,903
10/11/2020,LAX,CA,AWP,WE,Towers with Radar,887,55,21,0,963,0,0,1,0,1,887,55,22,0,964,0,0,0,964
10/12/2020,LAX,CA,AWP,WE,Towers with Radar,869,57,34,0,960,0,0,0,0,0,869,57,34,0,960,0,0,0,960
10/13/2020,LAX,CA,AWP,WE,Towers with Radar,800,44,30,0,874,0,0,1,0,1,800,44,31,0,875,0,0,0,875
10/14/2020,LAX,CA,AWP,WE,Towers with Radar,828,52,27,0,907,0,0,4,2,6,828,52,31,2,913,0,0,0,913
10/15/2020,LAX,CA,AWP,WE,Towers with Radar,922,65,39,0,1026,0,1,1,0,2,922,66,40,0,1028,0,0,0,1028
10/16/2020,LAX,CA,AWP,WE,Towers with Radar,924,59,23,0,1006,0,1,0,0,1,924,60,23,0,1007,0,0,0,1007
10/17/2020,LAX,CA,AWP,WE,Towers with Radar,866,53,21,0,940,0,0,1,0,1,866,53,22,0,941,0,0,0,941
10/18/2020,LAX,CA,AWP,WE,Towers with Radar,943,77,23,1,1044,0,0,2,1,3,943,77,25,2,1047,0,0,0,1047
10/19/2020,LAX,CA,AWP,WE,Towers with Radar,897,65,38,0,1000,0,0,2,0,2,897,65,40,0,1002,0,0,0,1002
10/20/2020,LAX,CA,AWP,WE,Towers with Radar,847,66,29,0,942,0,0,0,2,2,847,66,29,2,944,0,0,0,944
10/21/2020,LAX,CA,AWP,WE,Towers with Radar,834,58,30,0,922,0,0,2,0,2,834,58,32,0,924,0,0,0,924
10/22/2020,LAX,CA,AWP,WE,Towers with Radar,929,65,34,0,1028,0,0,0,1,1,929,65,34,1,1029,0,0,0,1029
10/23/2020,LAX,CA,AWP,WE,Towers with Radar,920,61,28,1,1010,0,0,4,0,4,920,61,32,1,1014,0,0,0,1014
10/24/2020,LAX,CA,AWP,WE,Towers with Radar,840,48,16,1,905,0,0,2,0,2,840,48,18,1,907,0,0,0,907
10/25/2020,LAX,CA,AWP,WE,Towers with Radar,914,67,24,0,1005,0,0,0,0,0,914,67,24,0,1005,0,0,0,1005
10/26/2020,LAX,CA,AWP,WE,Towers with Radar,860,63,32,1,956,0,0,4,0,4,860,63,36,1,960,0,0,0,960
10/27/2020,LAX,CA,AWP,WE,Towers with Radar,816,61,27,2,906,0,0,1,1,2,816,61,28,3,908,0,0,0,908
10/28/2020,LAX,CA,AWP,WE,Towers with Radar,815,68,32,0,915,0,0,3,1,4,815,68,35,1,919,0,0,0,919
10/29/2020,LAX,CA,AWP,WE,Towers with Radar,889,58,40,0,987,0,0,7,0,7,889,58,47,0,994,0,0,0,994
10/30/2020,LAX,CA,AWP,WE,Towers with Radar,885,65,23,0,973,0,0,1,3,4,885,65,24,3,977,0,0,0,977
10/31/2020,LAX,CA,AWP,WE,Towers with Radar,815,44,18,0,877,0,0,1,2,3,815,44,19,2,880,0,0,0,880
11/01/2020,LAX,CA,AWP,WE,Towers with Radar,927,59,39,0,1025,0,0,0,0,0,927,59,39,0,1025,0,0,0,1025
11/02/2020,LAX,CA,AWP,WE,Towers with Radar,872,58,31,0,961,0,0,1,0,1,872,58,32,0,962,0,0,0,962
11/03/2020,LAX,CA,AWP,WE,Towers with Radar,836,48,26,0,910,0,0,1,0,1,836,48,27,0,911,0,0,0,911
11/04/2020,LAX,CA,AWP,WE,Towers with Radar,840,52,26,0,918,0,0,0,0,0,840,52,26,0,918,0,0,0,918
11/05/2020,LAX,CA,AWP,WE,Towers with Radar,938,60,27,0,1025,0,0,5,0,5,938,60,32,0,1030,0,0,0,1030
11/06/2020,LAX,CA,AWP,WE,Towers with Radar,940,56,22,0,1018,0,0,2,2,4,940,56,24,2,1022,0,0,0,1022
11/07/2020,LAX,CA,AWP,WE,Towers with Radar,837,40,16,0,893,0,0,0,0,0,837,40,16,0,893,0,0,0,893
11/08/2020,LAX,CA,AWP,WE,Towers with Radar,976,58,27,0,1061,0,0,2,0,2,976,58,29,0,1063,0,0,0,1063
11/09/2020,LAX,CA,AWP,WE,Towers with Radar,916,56,25,0,997,0,0,2,0,2,916,56,27,0,999,0,0,0,999
11/10/2020,LAX,CA,AWP,WE,Towers with Radar,835,48,15,0,898,0,0,1,0,1,835,48,16,0,899,0,0,0,899
11/11/2020,LAX,CA,AWP,WE,Towers with Radar,864,50,30,2,946,0,0,1,0,1,864,50,31,2,947,0,0,0,947
11/12/2020,LAX,CA,AWP,WE,Towers with Radar,954,48,32,0,1034,0,0,1,0,1,954,48,33,0,1035,0,0,0,1035
11/13/2020,LAX,CA,AWP,WE,Towers with Radar,946,53,30,0,1029,0,0,2,0,2,946,53,32,0,1031,0,0,0,1031
11/14/2020,LAX,CA,AWP,WE,Towers with Radar,870,47,20,0,937,0,0,2,0,2,870,47,22,0,939,0,0,0,939
11/15/2020,LAX,CA,AWP,WE,Towers with Radar,971,60,30,0,1061,0,1,3,0,4,971,61,33,0,1065,0,0,0,1065
11/16/2020,LAX,CA,AWP,WE,Towers with Radar,900,67,29,0,996,0,0,10,0,10,900,67,39,0,1006,0,0,0,1006
11/17/2020,LAX,CA,AWP,WE,Towers with Radar,857,50,22,0,929,0,0,7,0,7,857,50,29,0,936,0,0,0,936
11/18/2020,LAX,CA,AWP,WE,Towers with Radar,865,65,22,0,952,0,0,0,3,3,865,65,22,3,955,0,0,0,955
11/19/2020,LAX,CA,AWP,WE,Towers with Radar,1006,65,45,0,1116,0,0,4,2,6,1006,65,49,2,1122,0,0,0,1122
11/20/2020,LAX,CA,AWP,WE,Towers with Radar,1027,62,28,0,1117,0,0,9,1,10,1027,62,37,1,1127,0,0,0,1127
11/21/2020,LAX,CA,AWP,WE,Towers with Radar,1012,65,41,0,1118,0,0,3,0,3,1012,65,44,0,1121,0,0,0,1121
11/22/2020,LAX,CA,AWP,WE,Towers with Radar,1059,65,35,0,1159,0,0,1,0,1,1059,65,36,0,1160,0,0,0,1160
11/23/2020,LAX,CA,AWP,WE,Towers with Radar,1032,44,26,0,1102,0,0,1,2,3,1032,44,27,2,1105,0,0,0,1105
11/24/2020,LAX,CA,AWP,WE,Towers with Radar,1047,51,27,0,1125,0,0,3,0,3,1047,51,30,0,1128,0,0,0,1128
11/25/2020,LAX,CA,AWP,WE,Towers with Radar,1059,54,30,0,1143,0,0,0,0,0,1059,54,30,0,1143,0,0,0,1143
11/26/2020,LAX,CA,AWP,WE,Towers with Radar,718,32,7,0,757,0,0,0,0,0,718,32,7,0,757,0,0,0,757
11/27/2020,LAX,CA,AWP,WE,Towers with Radar,939,51,20,0,1010,0,0,1,0,1,939,51,21,0,1011,0,0,0,1011
11/28/2020,LAX,CA,AWP,WE,Towers with Radar,1024,48,27,0,1099,0,0,1,0,1,1024,48,28,0,1100,0,0,0,1100
11/29/2020,LAX,CA,AWP,WE,Towers with Radar,1108,71,37,0,1216,0,0,3,0,3,1108,71,40,0,1219,0,0,0,1219
11/30/2020,LAX,CA,AWP,WE,Towers with Radar,1030,62,24,0,1116,0,0,3,1,4,1030,62,27,1,1120,0,0,0,1120
12/01/2020,LAX,CA,AWP,WE,Towers with Radar,968,47,22,0,1037,0,0,4,0,4,968,47,26,0,1041,0,0,0,1041
12/02/2020,LAX,CA,AWP,WE,Towers with Radar,879,40,20,0,939,0,0,6,2,8,879,40,26,2,947,0,0,0,947
12/03/2020,LAX,CA,AWP,WE,Towers with Radar,963,52,23,0,1038,0,0,1,1,2,963,52,24,1,1040,0,0,0,1040
12/04/2020,LAX,CA,AWP,WE,Towers with Radar,963,47,35,1,1046,0,0,4,0,4,963,47,39,1,1050,0,0,0,1050
12/05/2020,LAX,CA,AWP,WE,Towers with Radar,863,48,16,0,927,0,0,4,3,7,863,48,20,3,934,0,0,0,934
12/06/2020,LAX,CA,AWP,WE,Towers with Radar,981,51,36,1,1069,0,0,0,0,0,981,51,36,1,1069,0,0,0,1069
12/07/2020,LAX,CA,AWP,WE,Towers with Radar,928,56,26,0,1010,0,0,2,0,2,928,56,28,0,1012,0,0,0,1012
12/08/2020,LAX,CA,AWP,WE,Towers with Radar,845,54,20,0,919,0,0,6,0,6,845,54,26,0,925,0,0,0,925
12/09/2020,LAX,CA,AWP,WE,Towers with Radar,878,46,19,0,943,1,0,1,0,2,879,46,20,0,945,0,0,0,945
12/10/2020,LAX,CA,AWP,WE,Towers with Radar,962,62,25,2,1051,0,0,4,0,4,962,62,29,2,1055,0,0,0,1055
12/11/2020,LAX,CA,AWP,WE,Towers with Radar,953,58,15,1,1027,0,0,2,1,3,953,58,17,2,1030,0,0,0,1030
12/12/2020,LAX,CA,AWP,WE,Towers with Radar,875,44,18,2,939,0,0,0,1,1,875,44,18,3,940,0,0,0,940
12/13/2020,LAX,CA,AWP,WE,Towers with Radar,967,50,28,0,1045,0,0,2,0,2,967,50,30,0,1047,0,0,0,1047
12/14/2020,LAX,CA,AWP,WE,Towers with Radar,927,53,29,0,1009,0,0,1,0,1,927,53,30,0,1010,0,0,0,1010
12/15/2020,LAX,CA,AWP,WE,Towers with Radar,876,51,19,0,946,0,0,4,0,4,876,51,23,0,950,0,0,0,950
12/16/2020,LAX,CA,AWP,WE,Towers with Radar,898,60,25,1,984,0,0,0,1,1,898,60,25,2,985,0,0,0,985
12/17/2020,LAX,CA,AWP,WE,Towers with Radar,1076,55,21,0,1152,0,0,1,0,1,1076,55,22,0,1153,0,0,0,1153
12/18/2020,LAX,CA,AWP,WE,Towers with Radar,1148,60,36,1,1245,0,0,0,0,0,1148,60,36,1,1245,0,0,0,1245
12/19/2020,LAX,CA,AWP,WE,Towers with Radar,1136,57,25,0,1218,0,0,4,0,4,1136,57,29,0,1222,0,0,0,1222
12/20/2020,LAX,CA,AWP,WE,Towers with Radar,1152,52,28,0,1232,0,0,3,0,3,1152,52,31,0,1235,0,0,0,1235
12/21/2020,LAX,CA,AWP,WE,Towers with Radar,1073,58,18,0,1149,0,0,2,0,2,1073,58,20,0,1151,0,0,0,1151
12/22/2020,LAX,CA,AWP,WE,Towers with Radar,1106,60,21,0,1187,0,0,3,0,3,1106,60,24,0,1190,0,0,0,1190
12/23/2020,LAX,CA,AWP,WE,Towers with Radar,1141,61,23,0,1225,0,0,1,1,2,1141,61,24,1,1227,0,0,0,1227
12/24/2020,LAX,CA,AWP,WE,Towers with Radar,899,38,20,0,957,0,0,0,0,0,899,38,20,0,957,0,0,0,957
12/25/2020,LAX,CA,AWP,WE,Towers with Radar,772,41,9,0,822,0,0,0,0,0,772,41,9,0,822,0,0,0,822
12/26/2020,LAX,CA,AWP,WE,Towers with Radar,1048,64,34,0,1146,0,0,4,2,6,1048,64,38,2,1152,0,0,0,1152
12/27/2020,LAX,CA,AWP,WE,Towers with Radar,1151,64,36,0,1251,0,0,0,1,1,1151,64,36,1,1252,0,0,0,1252
12/28/2020,LAX,CA,AWP,WE,Towers with Radar,1064,52,20,0,1136,0,0,0,0,0,1064,52,20,0,1136,0,0,0,1136
12/29/2020,LAX,CA,AWP,WE,Towers with Radar,1083,47,10,0,1140,0,0,0,0,0,1083,47,10,0,1140,0,0,0,1140
12/30/2020,LAX,CA,AWP,WE,Towers with Radar,1109,76,11,0,1196,0,0,0,2,2,1109,76,11,2,1198,0,0,0,1198
12/31/2020,LAX,CA,AWP,WE,Towers with Radar,882,46,8,0,936,0,0,1,0,1,882,46,9,0,937,0,0,0,937
01/01/2021,LAX,CA,AWP,WE,Towers with Radar,829,45,17,0,891,0,0,3,0,3,829,45,20,0,894,0,0,0,894
01/02/2021,LAX,CA,AWP,WE,Towers with Radar,1069,67,39,0,1175,0,0,4,0,4,1069,67,43,0,1179,0,0,0,1179
01/03/2021,LAX,CA,AWP,WE,Towers with Radar,1164,84,59,0,1307,0,0,0,0,0,1164,84,59,0,1307,0,0,0,1307
01/04/2021,LAX,CA,AWP,WE,Towers with Radar,1056,76,23,0,1155,0,0,1,0,1,1056,76,24,0,1156,0,0,0,1156
01/05/2021,LAX,CA,AWP,WE,Towers with Radar,929,47,14,0,990,0,0,0,1,1,929,47,14,1,991,0,0,0,991
01/06/2021,LAX,CA,AWP,WE,Towers with Radar,890,57,20,0,967,0,0,0,0,0,890,57,20,0,967,0,0,0,967
01/07/2021,LAX,CA,AWP,WE,Towers with Radar,984,50,14,0,1048,0,0,0,2,2,984,50,14,2,1050,0,0,0,1050
01/08/2021,LAX,CA,AWP,WE,Towers with Radar,967,50,27,0,1044,0,0,1,1,2,967,50,28,1,1046,0,0,0,1046
01/09/2021,LAX,CA,AWP,WE,Towers with Radar,904,56,18,0,978,0,0,0,0,0,904,56,18,0,978,0,0,0,978
01/10/2021,LAX,CA,AWP,WE,Towers with Radar,974,58,22,1,1055,0,0,4,0,4,974,58,26,1,1059,0,0,0,1059
01/11/2021,LAX,CA,AWP,WE,Towers with Radar,930,55,32,4,1021,0,0,2,0,2,930,55,34,4,1023,0,0,0,1023
01/12/2021,LAX,CA,AWP,WE,Towers with Radar,842,45,15,7,909,0,0,4,3,7,842,45,19,10,916,0,0,0,916
01/13/2021,LAX,CA,AWP,WE,Towers with Radar,856,60,24,0,940,0,0,5,0,5,856,60,29,0,945,0,0,0,945
01/14/2021,LAX,CA,AWP,WE,Towers with Radar,957,58,19,0,1034,0,1,1,4,6,957,59,20,4,1040,0,0,0,1040
01/15/2021,LAX,CA,AWP,WE,Towers with Radar,971,60,26,0,1057,0,1,2,0,3,971,61,28,0,1060,0,0,0,1060
01/16/2021,LAX,CA,AWP,WE,Towers with Radar,888,47,19,0,954,0,1,0,0,1,888,48,19,0,955,0,0,0,955
01/17/2021,LAX,CA,AWP,WE,Towers with Radar,933,55,17,0,1005,0,0,5,0,5,933,55,22,0,1010,0,0,0,1010
01/18/2021,LAX,CA,AWP,WE,Towers with Radar,913,61,34,1,1009,0,0,0,0,0,913,61,34,1,1009,0,0,0,1009
01/19/2021,LAX,CA,AWP,WE,Towers with Radar,837,55,25,2,919,0,0,0,0,0,837,55,25,2,919,0,0,0,919
01/20/2021,LAX,CA,AWP,WE,Towers with Radar,851,49,23,1,924,0,1,0,0,1,851,50,23,1,925,0,0,0,925
01/21/2021,LAX,CA,AWP,WE,Towers with Radar,966,57,27,1,1051,0,0,9,0,9,966,57,36,1,1060,0,0,0,1060
01/22/2021,LAX,CA,AWP,WE,Towers with Radar,972,48,19,0,1039,0,0,0,0,0,972,48,19,0,1039,0,0,0,1039
01/23/2021,LAX,CA,AWP,WE,Towers with Radar,871,51,28,0,950,0,0,1,0,1,871,51,29,0,951,0,0,0,951
01/24/2021,LAX,CA,AWP,WE,Towers with Radar,970,50,24,1,1045,0,0,7,0,7,970,50,31,1,1052,0,0,0,1052
01/25/2021,LAX,CA,AWP,WE,Towers with Radar,918,52,28,0,998,0,0,2,0,2,918,52,30,0,1000,0,0,0,1000
01/26/2021,LAX,CA,AWP,WE,Towers with Radar,825,55,22,0,902,0,0,4,0,4,825,55,26,0,906,0,0,0,906
01/27/2021,LAX,CA,AWP,WE,Towers with Radar,851,39,26,0,916,0,1,0,0,1,851,40,26,0,917,0,0,0,917
01/28/2021,LAX,CA,AWP,WE,Towers with Radar,954,55,23,0,1032,0,0,0,0,0,954,55,23,0,1032,0,0,0,1032
01/29/2021,LAX,CA,AWP,WE,Towers with Radar,981,57,22,0,1060,0,0,0,0,0,981,57,22,0,1060,0,0,0,1060
01/30/2021,LAX,CA,AWP,WE,Towers with Radar,897,53,12,0,962,0,0,1,0,1,897,53,13,0,963,0,0,0,963
01/31/2021,LAX,CA,AWP,WE,Towers with Radar,966,53,26,1,1046,0,0,1,1,2,966,53,27,2,1048,0,0,0,1048
02/01/2021,LAX,CA,AWP,WE,Towers with Radar,892,37,26,0,955,0,0,3,0,3,892,37,29,0,958,0,0,0,958
02/02/2021,LAX,CA,AWP,WE,Towers with Radar,832,33,16,0,881,0,0,4,0,4,832,33,20,0,885,0,0,0,885
02/03/2021,LAX,CA,AWP,WE,Towers with Radar,850,46,20,0,916,0,0,1,0,1,850,46,21,0,917,0,0,0,917
02/04/2021,LAX,CA,AWP,WE,Towers with Radar,993,50,30,0,1073,0,0,1,0,1,993,50,31,0,1074,0,0,0,1074
02/05/2021,LAX,CA,AWP,WE,Towers with Radar,974,50,21,0,1045,0,0,8,0,8,974,50,29,0,1053,0,0,0,1053
02/06/2021,LAX,CA,AWP,WE,Towers with Radar,901,32,18,0,951,0,0,4,0,4,901,32,22,0,955,0,0,0,955
02/07/2021,LAX,CA,AWP,WE,Towers with Radar,917,55,16,2,990,0,0,1,0,1,917,55,17,2,991,0,0,0,991
02/08/2021,LAX,CA,AWP,WE,Towers with Radar,908,62,20,2,992,0,0,1,0,1,908,62,21,2,993,0,0,0,993
02/09/2021,LAX,CA,AWP,WE,Towers with Radar,838,60,26,2,926,0,0,4,0,4,838,60,30,2,930,0,0,0,930
02/10/2021,LAX,CA,AWP,WE,Towers with Radar,857,53,35,0,945,0,0,1,0,1,857,53,36,0,946,0,0,0,946
02/11/2021,LAX,CA,AWP,WE,Towers with Radar,976,65,33,0,1074,0,1,0,1,2,976,66,33,1,1076,0,0,0,1076
02/12/2021,LAX,CA,AWP,WE,Towers with Radar,1020,61,39,0,1120,0,0,3,0,3,1020,61,42,0,1123,0,0,0,1123
02/13/2021,LAX,CA,AWP,WE,Towers with Radar,826,56,23,0,905,0,0,2,0,2,826,56,25,0,907,0,0,0,907
02/14/2021,LAX,CA,AWP,WE,Towers with Radar,859,58,14,2,933,0,0,4,0,4,859,58,18,2,937,0,0,0,937
02/15/2021,LAX,CA,AWP,WE,Towers with Radar,839,75,46,0,960,0,0,2,0,2,839,75,48,0,962,0,0,0,962
02/16/2021,LAX,CA,AWP,WE,Towers with Radar,772,56,28,2,858,0,0,4,0,4,772,56,32,2,862,0,0,0,862
02/17/2021,LAX,CA,AWP,WE,Towers with Radar,799,53,22,2,876,0,0,6,1,7,799,53,28,3,883,0,0,0,883
02/18/2021,LAX,CA,AWP,WE,Towers with Radar,908,50,29,0,987,0,0,2,0,2,908,50,31,0,989,0,0,0,989
02/19/2021,LAX,CA,AWP,WE,Towers with Radar,963,64,21,1,1049,0,0,2,0,2,963,64,23,1,1051,0,0,0,1051
02/20/2021,LAX,CA,AWP,WE,Towers with Radar,854,65,14,0,933,0,0,0,1,1,854,65,14,1,934,0,0,0,934
02/21/2021,LAX,CA,AWP,WE,Towers with Radar,955,71,30,0,1056,0,0,5,0,5,955,71,35,0,1061,0,0,0,1061
02/22/2021,LAX,CA,AWP,WE,Towers with Radar,939,53,20,3,1015,0,0,10,0,10,939,53,30,3,1025,0,0,0,1025
02/23/2021,LAX,CA,AWP,WE,Towers with Radar,853,58,23,3,937,0,0,5,2,7,853,58,28,5,944,0,0,0,944
02/24/2021,LAX,CA,AWP,WE,Towers with Radar,837,51,24,4,916,0,0,2,2,4,837,51,26,6,920,0,0,0,920
02/25/2021,LAX,CA,AWP,WE,Towers with Radar,977,61,26,1,1065,0,0,3,1,4,977,61,29,2,1069,0,0,0,1069
02/26/2021,LAX,CA,AWP,WE,Towers with Radar,990,58,28,0,1076,0,0,1,0,1,990,58,29,0,1077,0,0,0,1077
02/27/2021,LAX,CA,AWP,WE,Towers with Radar,882,51,9,1,943,0,0,0,0,0,882,51,9,1,943,0,0,0,943
02/28/2021,LAX,CA,AWP,WE,Towers with Radar,986,79,28,1,1094,0,0,3,0,3,986,79,31,1,1097,0,0,0,1097
03/01/2021,LAX,CA,AWP,WE,Towers with Radar,946,47,27,1,1021,0,0,1,0,1,946,47,28,1,1022,0,0,0,1022
03/02/2021,LAX,CA,AWP,WE,Towers with Radar,872,42,19,1,934,0,0,0,1,1,872,42,19,2,935,0,0,0,935
03/03/2021,LAX,CA,AWP,WE,Towers with Radar,905,58,36,0,999,1,0,2,0,3,906,58,38,0,1002,0,0,0,1002
03/04/2021,LAX,CA,AWP,WE,Towers with Radar,1038,70,28,0,1136,0,0,1,0,1,1038,70,29,0,1137,0,0,0,1137
03/05/2021,LAX,CA,AWP,WE,Towers with Radar,1050,58,20,0,1128,0,0,0,0,0,1050,58,20,0,1128,0,0,0,1128
03/06/2021,LAX,CA,AWP,WE,Towers with Radar,940,42,22,0,1004,0,0,0,2,2,940,42,22,2,1006,0,0,0,1006
03/07/2021,LAX,CA,AWP,WE,Towers with Radar,1066,54,18,0,1138,0,0,4,0,4,1066,54,22,0,1142,0,0,0,1142
03/08/2021,LAX,CA,AWP,WE,Towers with Radar,1017,60,25,0,1102,0,0,0,0,0,1017,60,25,0,1102,0,0,0,1102
03/09/2021,LAX,CA,AWP,WE,Towers with Radar,933,58,29,0,1020,0,0,4,2,6,933,58,33,2,1026,0,0,0,1026
03/10/2021,LAX,CA,AWP,WE,Towers with Radar,962,54,31,0,1047,0,0,0,0,0,962,54,31,0,1047,0,0,0,1047
03/11/2021,LAX,CA,AWP,WE,Towers with Radar,1080,59,30,1,1170,0,0,1,1,2,1080,59,31,2,1172,0,0,0,1172
03/12/2021,LAX,CA,AWP,WE,Towers with Radar,1080,70,24,1,1175,0,0,2,1,3,1080,70,26,2,1178,0,0,0,1178
03/13/2021,LAX,CA,AWP,WE,Towers with Radar,972,46,11,0,1029,0,1,4,0,5,972,47,15,0,1034,0,0,0,1034
03/14/2021,LAX,CA,AWP,WE,Towers with Radar,1029,65,46,1,1141,0,0,0,2,2,1029,65,46,3,1143,0,0,0,1143
03/15/2021,LAX,CA,AWP,WE,Towers with Radar,1017,60,25,1,1103,0,0,0,0,0,1017,60,25,1,1103,0,0,0,1103
03/16/2021,LAX,CA,AWP,WE,Towers with Radar,982,52,19,8,1061,0,0,2,0,2,982,52,21,8,1063,0,0,0,1063
03/17/2021,LAX,CA,AWP,WE,Towers with Radar,997,55,31,2,1085,0,0,2,0,2,997,55,33,2,1087,0,0,0,1087
03/18/2021,LAX,CA,AWP,WE,Towers with Radar,1122,66,39,0,1227,0,0,3,2,5,1122,66,42,2,1232,0,0,0,1232
03/19/2021,LAX,CA,AWP,WE,Towers with Radar,1109,77,27,2,1215,0,0,3,0,3,1109,77,30,2,1218,0,0,0,1218
03/20/2021,LAX,CA,AWP,WE,Towers with Radar,1042,50,37,0,1129,0,0,4,0,4,1042,50,41,0,1133,0,0,0,1133
03/21/2021,LAX,CA,AWP,WE,Towers with Radar,1129,74,31,0,1234,0,1,5,0,6,1129,75,36,0,1240,0,0,0,1240
03/22/2021,LAX,CA,AWP,WE,Towers with Radar,1052,56,22,0,1130,0,0,4,1,5,1052,56,26,1,1135,0,0,0,1135
03/23/2021,LAX,CA,AWP,WE,Towers with Radar,1031,46,20,0,1097,0,0,4,0,4,1031,46,24,0,1101,0,0,0,1101
03/24/2021,LAX,CA,AWP,WE,Towers with Radar,1041,60,24,0,1125,0,0,5,2,7,1041,60,29,2,1132,0,0,0,1132
03/25/2021,LAX,CA,AWP,WE,Towers with Radar,1113,78,26,0,1217,0,0,0,0,0,1113,78,26,0,1217,0,0,0,1217
03/26/2021,LAX,CA,AWP,WE,Towers with Radar,1137,74,48,0,1259,0,0,1,0,1,1137,74,49,0,1260,0,0,0,1260
03/27/2021,LAX,CA,AWP,WE,Towers with Radar,1048,50,26,0,1124,0,0,3,1,4,1048,50,29,1,1128,0,0,0,1128
03/28/2021,LAX,CA,AWP,WE,Towers with Radar,1128,77,32,0,1237,0,0,3,0,3,1128,77,35,0,1240,0,0,0,1240
03/29/2021,LAX,CA,AWP,WE,Towers with Radar,1059,72,33,0,1164,0,0,3,0,3,1059,72,36,0,1167,0,0,0,1167
03/30/2021,LAX,CA,AWP,WE,Towers with Radar,1028,50,31,0,1109,0,0,9,0,9,1028,50,40,0,1118,0,0,0,1118
03/31/2021,LAX,CA,AWP,WE,Towers with Radar,1043,73,30,2,1148,0,0,2,0,2,1043,73,32,2,1150,0,0,0,1150
04/01/2021,LAX,CA,AWP,WE,Towers with Radar,1123,70,29,1,1223,0,1,1,3,5,1123,71,30,4,1228,0,0,0,1228
04/02/2021,LAX,CA,AWP,WE,Towers with Radar,1157,66,26,1,1250,0,0,0,0,0,1157,66,26,1,1250,0,0,0,1250
04/03/2021,LAX,CA,AWP,WE,Towers with Radar,1052,67,34,0,1153,0,0,0,0,0,1052,67,34,0,1153,0,0,0,1153
04/04/2021,LAX,CA,AWP,WE,Towers with Radar,1129,64,26,3,1222,0,0,2,0,2,1129,64,28,3,1224,0,0,0,1224
04/05/2021,LAX,CA,AWP,WE,Towers with Radar,1108,61,39,3,1211,0,0,0,0,0,1108,61,39,3,1211,0,0,0,1211
04/06/2021,LAX,CA,AWP,WE,Towers with Radar,1033,57,26,4,1120,0,1,0,0,1,1033,58,26,4,1121,0,0,0,1121
04/07/2021,LAX,CA,AWP,WE,Towers with Radar,1063,65,34,2,1164,0,0,4,0,4,1063,65,38,2,1168,0,0,0,1168
04/08/2021,LAX,CA,AWP,WE,Towers with Radar,1146,72,44,1,1263,0,0,2,2,4,1146,72,46,3,1267,0,0,0,1267
04/09/2021,LAX,CA,AWP,WE,Towers with Radar,1151,74,42,0,1267,0,0,1,0,1,1151,74,43,0,1268,0,0,0,1268
04/10/2021,LAX,CA,AWP,WE,Towers with Radar,1076,72,38,0,1186,0,0,3,0,3,1076,72,41,0,1189,0,0,0,1189
04/11/2021,LAX,CA,AWP,WE,Towers with Radar,1140,79,43,0,1262,0,0,0,0,0,1140,79,43,0,1262,0,0,0,1262
04/12/2021,LAX,CA,AWP,WE,Towers with Radar,1125,58,42,0,1225,0,1,0,0,1,1125,59,42,0,1226,0,0,0,1226
04/13/2021,LAX,CA,AWP,WE,Towers with Radar,1014,58,24,0,1096,0,0,0,0,0,1014,58,24,0,1096,0,0,0,1096
04/14/2021,LAX,CA,AWP,WE,Towers with Radar,1022,59,25,0,1106,0,1,3,0,4,1022,60,28,0,1110,0,0,0,1110
04/15/2021,LAX,CA,AWP,WE,Towers with Radar,1154,48,38,0,1240,0,0,3,1,4,1154,48,41,1,1244,0,0,0,1244
04/16/2021,LAX,CA,AWP,WE,Towers with Radar,1139,76,34,0,1249,0,1,1,0,2,1139,77,35,0,1251,0,0,0,1251
04/17/2021,LAX,CA,AWP,WE,Towers with Radar,1047,52,10,0,1109,0,0,2,0,2,1047,52,12,0,1111,0,0,0,1111
04/18/2021,LAX,CA,AWP,WE,Towers with Radar,1135,71,28,0,1234,0,0,1,0,1,1135,71,29,0,1235,0,0,0,1235
04/19/2021,LAX,CA,AWP,WE,Towers with Radar,1096,69,30,0,1195,1,0,2,0,3,1097,69,32,0,1198,0,0,0,1198
04/20/2021,LAX,CA,AWP,WE,Towers with Radar,1008,64,25,1,1098,0,0,0,0,0,1008,64,25,1,1098,0,0,0,1098
04/21/2021,LAX,CA,AWP,WE,Towers with Radar,1031,73,25,1,1130,0,0,9,0,9,1031,73,34,1,1139,0,0,0,1139
04/22/2021,LAX,CA,AWP,WE,Towers with Radar,1146,82,35,2,1265,0,0,0,0,0,1146,82,35,2,1265,0,0,0,1265
04/23/2021,LAX,CA,AWP,WE,Towers with Radar,1149,65,40,0,1254,0,0,2,0,2,1149,65,42,0,1256,0,0,0,1256
04/24/2021,LAX,CA,AWP,WE,Towers with Radar,1043,57,24,0,1124,0,0,3,2,5,1043,57,27,2,1129,0,0,0,1129
04/25/2021,LAX,CA,AWP,WE,Towers with Radar,1129,70,25,0,1224,0,0,0,0,0,1129,70,25,0,1224,0,0,0,1224
04/26/2021,LAX,CA,AWP,WE,Towers with Radar,1106,57,24,0,1187,0,0,3,0,3,1106,57,27,0,1190,0,0,0,1190
04/27/2021,LAX,CA,AWP,WE,Towers with Radar,1021,53,25,2,1101,0,0,1,0,1,1021,53,26,2,1102,0,0,0,1102
04/28/2021,LAX,CA,AWP,WE,Towers with Radar,1014,61,27,0,1102,0,0,9,0,9,1014,61,36,0,1111,0,0,0,1111
04/29/2021,LAX,CA,AWP,WE,Towers with Radar,1135,68,21,0,1224,0,0,2,3,5,1135,68,23,3,1229,0,0,0,1229
04/30/2021,LAX,CA,AWP,WE,Towers with Radar,1144,87,36,0,1267,0,0,2,0,2,1144,87,38,0,1269,0,0,0,1269
05/01/2021,LAX,CA,AWP,WE,Towers with Radar,1047,67,32,0,1146,0,0,5,2,7,1047,67,37,2,1153,0,0,0,1153
05/02/2021,LAX,CA,AWP,WE,Towers with Radar,1165,89,33,0,1287,0,0,4,2,6,1165,89,37,2,1293,0,0,0,1293
05/03/2021,LAX,CA,AWP,WE,Towers with Radar,1103,71,36,0,1210,0,0,0,0,0,1103,71,36,0,1210,0,0,0,1210
05/04/2021,LAX,CA,AWP,WE,Towers with Radar,1023,58,35,0,1116,1,0,3,0,4,1024,58,38,0,1120,0,0,0,1120
05/05/2021,LAX,CA,AWP,WE,Towers with Radar,1098,51,32,0,1181,0,0,2,0,2,1098,51,34,0,1183,0,0,0,1183
05/06/2021,LAX,CA,AWP,WE,Towers with Radar,1264,79,29,2,1374,0,0,0,2,2,1264,79,29,4,1376,0,0,0,1376
05/07/2021,LAX,CA,AWP,WE,Towers with Radar,1246,84,45,2,1377,0,0,3,0,3,1246,84,48,2,1380,0,0,0,1380
05/08/2021,LAX,CA,AWP,WE,Towers with Radar,1169,71,18,0,1258,0,2,6,0,8,1169,73,24,0,1266,0,0,0,1266
05/09/2021,LAX,CA,AWP,WE,Towers with Radar,1254,80,44,0,1378,0,0,5,0,5,1254,80,49,0,1383,0,0,0,1383
05/10/2021,LAX,CA,AWP,WE,Towers with Radar,1216,93,47,1,1357,0,0,3,0,3,1216,93,50,1,1360,0,0,0,1360
05/11/2021,LAX,CA,AWP,WE,Towers with Radar,1177,53,42,1,1273,0,0,1,0,1,1177,53,43,1,1274,0,0,0,1274
05/12/2021,LAX,CA,AWP,WE,Towers with Radar,1201,67,25,0,1293,0,0,0,4,4,1201,67,25,4,1297,0,0,0,1297
05/13/2021,LAX,CA,AWP,WE,Towers with Radar,1293,88,31,0,1412,0,0,1,0,1,1293,88,32,0,1413,0,0,0,1413
05/14/2021,LAX,CA,AWP,WE,Towers with Radar,1267,83,31,0,1381,0,0,5,0,5,1267,83,36,0,1386,0,0,0,1386
05/15/2021,LAX,CA,AWP,WE,Towers with Radar,1169,74,34,0,1277,0,0,3,0,3,1169,74,37,0,1280,0,0,0,1280
05/16/2021,LAX,CA,AWP,WE,Towers with Radar,1245,91,42,1,1379,0,0,3,0,3,1245,91,45,1,1382,0,0,0,1382
05/17/2021,LAX,CA,AWP,WE,Towers with Radar,1246,101,38,0,1385,0,0,0,0,0,1246,101,38,0,1385,0,0,0,1385
05/18/2021,LAX,CA,AWP,WE,Towers with Radar,1200,67,33,0,1300,0,0,5,0,5,1200,67,38,0,1305,0,0,0,1305
05/19/2021,LAX,CA,AWP,WE,Towers with Radar,1189,89,38,0,1316,1,0,5,0,6,1190,89,43,0,1322,0,0,0,1322
05/20/2021,LAX,CA,AWP,WE,Towers with Radar,1289,95,40,0,1424,0,0,4,1,5,1289,95,44,1,1429,0,0,0,1429
05/21/2021,LAX,CA,AWP,WE,Towers with Radar,1298,97,48,0,1443,0,0,2,0,2,1298,97,50,0,1445,0,0,0,1445
05/22/2021,LAX,CA,AWP,WE,Towers with Radar,1193,91,14,0,1298,0,0,2,0,2,1193,91,16,0,1300,0,0,0,1300
05/23/2021,LAX,CA,AWP,WE,Towers with Radar,1274,76,40,0,1390,0,0,7,0,7,1274,76,47,0,1397,0,0,0,1397
05/24/2021,LAX,CA,AWP,WE,Towers with Radar,1254,85,34,0,1373,0,0,3,0,3,1254,85,37,0,1376,0,0,0,1376
05/25/2021,LAX,CA,AWP,WE,Towers with Radar,1192,69,53,0,1314,0,0,1,0,1,1192,69,54,0,1315,0,0,0,1315
05/26/2021,LAX,CA,AWP,WE,Towers with Radar,1200,61,52,0,1313,0,0,1,2,3,1200,61,53,2,1316,0,0,0,1316
05/27/2021,LAX,CA,AWP,WE,Towers with Radar,1309,86,43,0,1438,0,0,4,0,4,1309,86,47,0,1442,0,0,0,1442
05/28/2021,LAX,CA,AWP,WE,Towers with Radar,1303,95,30,0,1428,0,0,1,0,1,1303,95,31,0,1429,0,0,0,1429
05/29/2021,LAX,CA,AWP,WE,Towers with Radar,1213,71,18,0,1302,0,0,6,0,6,1213,71,24,0,1308,0,0,0,1308
05/30/2021,LAX,CA,AWP,WE,Towers with Radar,1239,81,17,0,1337,0,0,7,0,7,1239,81,24,0,1344,0,0,0,1344
05/31/2021,LAX,CA,AWP,WE,Towers with Radar,1252,85,38,0,1375,0,0,2,2,4,1252,85,40,2,1379,0,0,0,1379
06/01/2021,LAX,CA,AWP,WE,Towers with Radar,1216,68,29,0,1313,1,0,0,0,1,1217,68,29,0,1314,0,0,0,1314
06/02/2021,LAX,CA,AWP,WE,Towers with Radar,1263,66,40,1,1370,0,0,0,0,0,1263,66,40,1,1370,0,0,0,1370
06/03/2021,LAX,CA,AWP,WE,Towers with Radar,1411,97,41,1,1550,0,0,1,0,1,1411,97,42,1,1551,0,0,0,1551
06/04/2021,LAX,CA,AWP,WE,Towers with Radar,1435,95,32,0,1562,0,0,7,0,7,1435,95,39,0,1569,0,0,0,1569
06/05/2021,LAX,CA,AWP,WE,Towers with Radar,1364,70,27,1,1462,0,0,5,0,5,1364,70,32,1,1467,0,0,0,1467
06/06/2021,LAX,CA,AWP,WE,Towers with Radar,1402,79,41,0,1522,0,1,0,0,1,1402,80,41,0,1523,0,0,0,1523
06/07/2021,LAX,CA,AWP,WE,Towers with Radar,1421,90,44,0,1555,0,0,1,0,1,1421,90,45,0,1556,0,0,0,1556
06/08/2021,LAX,CA,AWP,WE,Towers with Radar,1386,73,24,1,1484,0,0,4,0,4,1386,73,28,1,1488,0,0,0,1488
06/09/2021,LAX,CA,AWP,WE,Towers with Radar,1398,96,38,2,1534,0,0,3,2,5,1398,96,41,4,1539,0,0,0,1539
06/10/2021,LAX,CA,AWP,WE,Towers with Radar,1455,108,45,0,1608,0,0,2,1,3,1455,108,47,1,1611,0,0,0,1611
06/11/2021,LAX,CA,AWP,WE,Towers with Radar,1485,93,28,0,1606,0,0,1,0,1,1485,93,29,0,1607,0,0,0,1607
06/12/2021,LAX,CA,AWP,WE,Towers with Radar,1332,66,40,1,1439,0,0,7,1,8,1332,66,47,2,1447,0,0,0,1447
06/13/2021,LAX,CA,AWP,WE,Towers with Radar,1406,70,25,0,1501,0,0,3,1,4,1406,70,28,1,1505,0,0,0,1505
06/14/2021,LAX,CA,AWP,WE,Towers with Radar,1439,82,40,0,1561,0,0,2,1,3,1439,82,42,1,1564,0,0,0,1564
06/15/2021,LAX,CA,AWP,WE,Towers with Radar,1408,70,39,0,1517,0,0,6,0,6,1408,70,45,0,1523,0,0,0,1523
06/16/2021,LAX,CA,AWP,WE,Towers with Radar,1427,76,40,2,1545,0,0,0,0,0,1427,76,40,2,1545,0,0,0,1545
06/17/2021,LAX,CA,AWP,WE,Towers with Radar,1496,91,44,1,1632,0,1,1,2,4,1496,92,45,3,1636,0,0,0,1636
06/18/2021,LAX,CA,AWP,WE,Towers with Radar,1481,94,38,0,1613,0,0,1,0,1,1481,94,39,0,1614,0,0,0,1614
06/19/2021,LAX,CA,AWP,WE,Towers with Radar,1352,84,29,1,1466,0,0,0,0,0,1352,84,29,1,1466,0,0,0,1466
06/20/2021,LAX,CA,AWP,WE,Towers with Radar,1415,78,30,1,1524,0,0,6,0,6,1415,78,36,1,1530,0,0,0,1530
06/21/2021,LAX,CA,AWP,WE,Towers with Radar,1440,91,36,0,1567,0,1,4,1,6,1440,92,40,1,1573,0,0,0,1573
06/22/2021,LAX,CA,AWP,WE,Towers with Radar,1418,86,27,0,1531,0,0,5,1,6,1418,86,32,1,1537,0,0,0,1537
06/23/2021,LAX,CA,AWP,WE,Towers with Radar,1448,81,49,0,1578,0,0,7,2,9,1448,81,56,2,1587,0,0,0,1587
06/24/2021,LAX,CA,AWP,WE,Towers with Radar,1460,87,49,1,1597,0,0,4,0,4,1460,87,53,1,1601,0,0,0,1601
06/25/2021,LAX,CA,AWP,WE,Towers with Radar,1473,104,25,1,1603,0,0,1,0,1,1473,104,26,1,1604,0,0,0,1604
06/26/2021,LAX,CA,AWP,WE,Towers with Radar,1389,76,29,1,1495,0,0,11,0,11,1389,76,40,1,1506,0,0,0,1506
06/27/2021,LAX,CA,AWP,WE,Towers with Radar,1403,83,38,3,1527,0,0,1,0,1,1403,83,39,3,1528,0,0,0,1528
06/28/2021,LAX,CA,AWP,WE,Towers with Radar,1443,95,40,5,1583,0,0,1,0,1,1443,95,41,5,1584,0,0,0,1584
06/29/2021,LAX,CA,AWP,WE,Towers with Radar,1415,66,29,1,1511,0,1,1,0,2,1415,67,30,1,1513,0,0,0,1513
06/30/2021,LAX,CA,AWP,WE,Towers with Radar,1431,92,34,1,1558,0,0,2,0,2,1431,92,36,1,1560,0,0,0,1560
07/01/2021,LAX,CA,AWP,WE,Towers with Radar,1507,97,43,3,1650,0,0,4,0,4,1507,97,47,3,1654,0,0,0,1654
07/02/2021,LAX,CA,AWP,WE,Towers with Radar,1494,91,75,4,1664,0,0,0,0,0,1494,91,75,4,1664,0,0,0,1664
07/03/2021,LAX,CA,AWP,WE,Towers with Radar,1387,74,27,4,1492,0,0,3,1,4,1387,74,30,5,1496,0,0,0,1496
07/04/2021,LAX,CA,AWP,WE,Towers with Radar,1349,62,26,0,1437,0,0,3,0,3,1349,62,29,0,1440,0,0,0,1440
07/05/2021,LAX,CA,AWP,WE,Towers with Radar,1446,94,44,0,1584,0,0,3,0,3,1446,94,47,0,1587,0,0,0,1587
07/06/2021,LAX,CA,AWP,WE,Towers with Radar,1424,75,33,5,1537,0,0,1,0,1,1424,75,34,5,1538,0,0,0,1538
07/07/2021,LAX,CA,AWP,WE,Towers with Radar,1478,72,42,0,1592,0,0,3,0,3,1478,72,45,0,1595,0,0,0,1595
07/08/2021,LAX,CA,AWP,WE,Towers with Radar,1527,82,31,1,1641,0,0,6,4,10,1527,82,37,5,1651,0,0,0,1651
07/09/2021,LAX,CA,AWP,WE,Towers with Radar,1526,92,50,0,1668,0,0,0,0,0,1526,92,50,0,1668,0,0,0,1668
07/10/2021,LAX,CA,AWP,WE,Towers with Radar,1422,66,32,0,1520,0,0,8,1,9,1422,66,40,1,1529,0,0,0,1529
07/11/2021,LAX,CA,AWP,WE,Towers with Radar,1439,95,54,0,1588,0,0,3,0,3,1439,95,57,0,1591,0,0,0,1591
07/12/2021,LAX,CA,AWP,WE,Towers with Radar,1507,103,39,0,1649,0,0,2,0,2,1507,103,41,0,1651,0,0,0,1651
07/13/2021,LAX,CA,AWP,WE,Towers with Radar,1507,73,33,0,1613,0,0,1,0,1,1507,73,34,0,1614,0,0,0,1614
07/14/2021,LAX,CA,AWP,WE,Towers with Radar,1469,94,46,0,1609,0,0,9,0,9,1469,94,55,0,1618,0,0,0,1618
07/15/2021,LAX,CA,AWP,WE,Towers with Radar,1549,90,40,0,1679,0,0,2,5,7,1549,90,42,5,1686,0,0,0,1686
07/16/2021,LAX,CA,AWP,WE,Towers with Radar,1523,97,32,0,1652,0,0,0,2,2,1523,97,32,2,1654,0,0,0,1654
07/17/2021,LAX,CA,AWP,WE,Towers with Radar,1400,90,32,0,1522,0,0,4,0,4,1400,90,36,0,1526,0,0,0,1526
07/18/2021,LAX,CA,AWP,WE,Towers with Radar,1459,121,40,0,1620,0,0,3,1,4,1459,121,43,1,1624,0,0,0,1624
07/19/2021,LAX,CA,AWP,WE,Towers with Radar,1506,86,30,0,1622,0,0,0,0,0,1506,86,30,0,1622,0,0,0,1622
07/20/2021,LAX,CA,AWP,WE,Towers with Radar,1495,75,45,1,1616,0,0,2,2,4,1495,75,47,3,1620,0,0,0,1620
07/21/2021,LAX,CA,AWP,WE,Towers with Radar,1470,107,28,0,1605,0,1,2,1,4,1470,108,30,1,1609,0,0,0,1609
07/22/2021,LAX,CA,AWP,WE,Towers with Radar,1540,89,26,1,1656,0,0,2,1,3,1540,89,28,2,1659,0,0,0,1659
07/23/2021,LAX,CA,AWP,WE,Towers with Radar,1522,88,48,1,1659,0,0,2,0,2,1522,88,50,1,1661,0,0,0,1661
07/24/2021,LAX,CA,AWP,WE,Towers with Radar,1427,75,25,1,1528,0,0,4,0,4,1427,75,29,1,1532,0,0,0,1532
07/25/2021,LAX,CA,AWP,WE,Towers with Radar,1457,85,41,0,1583,0,0,2,0,2,1457,85,43,0,1585,0,0,0,1585
07/26/2021,LAX,CA,AWP,WE,Towers with Radar,1484,72,40,1,1597,0,0,0,1,1,1484,72,40,2,1598,0,0,0,1598
07/27/2021,LAX,CA,AWP,WE,Towers with Radar,1474,72,19,2,1567,0,0,1,3,4,1474,72,20,5,1571,0,0,0,1571
07/28/2021,LAX,CA,AWP,WE,Towers with Radar,1484,95,36,0,1615,0,0,3,2,5,1484,95,39,2,1620,0,0,0,1620
07/29/2021,LAX,CA,AWP,WE,Towers with Radar,1532,77,44,5,1658,0,1,2,0,3,1532,78,46,5,1661,0,0,0,1661
07/30/2021,LAX,CA,AWP,WE,Towers with Radar,1528,84,40,0,1652,0,0,0,0,0,1528,84,40,0,1652,0,0,0,1652
07/31/2021,LAX,CA,AWP,WE,Towers with Radar,1409,61,41,0,1511,0,0,0,1,1,1409,61,41,1,1512,0,0,0,1512
08/01/2021,LAX,CA,AWP,WE,Towers with Radar,1450,95,40,1,1586,0,0,4,0,4,1450,95,44,1,1590,0,0,0,1590
08/02/2021,LAX,CA,AWP,WE,Towers with Radar,1450,77,25,2,1554,0,0,7,0,7,1450,77,32,2,1561,0,0,0,1561
08/03/2021,LAX,CA,AWP,WE,Towers with Radar,1436,69,30,0,1535,0,0,3,0,3,1436,69,33,0,1538,0,0,0,1538
08/04/2021,LAX,CA,AWP,WE,Towers with Radar,1433,83,39,0,1555,0,0,1,2,3,1433,83,40,2,1558,0,0,0,1558
08/05/2021,LAX,CA,AWP,WE,Towers with Radar,1499,86,39,0,1624,0,0,3,0,3,1499,86,42,0,1627,0,0,0,1627
08/06/2021,LAX,CA,AWP,WE,Towers with Radar,1473,98,41,1,1613,0,0,2,0,2,1473,98,43,1,1615,0,0,0,1615
08/07/2021,LAX,CA,AWP,WE,Towers with Radar,1403,73,30,0,1506,0,0,1,2,3,1403,73,31,2,1509,0,0,0,1509
08/08/2021,LAX,CA,AWP,WE,Towers with Radar,1455,92,43,0,1590,0,0,1,0,1,1455,92,44,0,1591,0,0,0,1591
08/09/2021,LAX,CA,AWP,WE,Towers with Radar,1518,78,51,1,1648,0,0,3,1,4,1518,78,54,2,1652,0,0,0,1652
08/10/2021,LAX,CA,AWP,WE,Towers with Radar,1471,72,40,0,1583,0,0,1,0,1,1471,72,41,0,1584,0,0,0,1584
08/11/2021,LAX,CA,AWP,WE,Towers with Radar,1510,79,54,0,1643,0,0,6,2,8,1510,79,60,2,1651,0,0,0,1651
08/12/2021,LAX,CA,AWP,WE,Towers with Radar,1542,98,50,1,1691,0,0,2,2,4,1542,98,52,3,1695,0,0,0,1695
08/13/2021,LAX,CA,AWP,WE,Towers with Radar,1537,107,49,1,1694,0,0,1,0,1,1537,107,50,1,1695,0,0,0,1695
08/14/2021,LAX,CA,AWP,WE,Towers with Radar,1409,81,25,1,1516,0,0,1,0,1,1409,81,26,1,1517,0,0,0,1517
08/15/2021,LAX,CA,AWP,WE,Towers with Radar,1472,97,44,1,1614,0,0,8,0,8,1472,97,52,1,1622,0,0,0,1622
08/16/2021,LAX,CA,AWP,WE,Towers with Radar,1528,98,38,0,1664,0,0,0,2,2,1528,98,38,2,1666,0,0,0,1666
08/17/2021,LAX,CA,AWP,WE,Towers with Radar,1448,85,34,0,1567,0,0,2,0,2,1448,85,36,0,1569,0,0,0,1569
08/18/2021,LAX,CA,AWP,WE,Towers with Radar,1442,95,44,0,1581,0,1,0,0,1,1442,96,44,0,1582,0,0,0,1582
08/19/2021,LAX,CA,AWP,WE,Towers with Radar,1554,118,27,0,1699,0,0,0,0,0,1554,118,27,0,1699,0,0,0,1699
08/20/2021,LAX,CA,AWP,WE,Towers with Radar,1519,80,33,1,1633,0,0,9,0,9,1519,80,42,1,1642,0,0,0,1642
08/21/2021,LAX,CA,AWP,WE,Towers with Radar,1356,72,25,0,1453,0,0,1,0,1,1356,72,26,0,1454,0,0,0,1454
08/22/2021,LAX,CA,AWP,WE,Towers with Radar,1461,100,31,1,1593,0,1,8,2,11,1461,101,39,3,1604,0,0,0,1604
08/23/2021,LAX,CA,AWP,WE,Towers with Radar,1487,101,35,1,1624,0,0,2,0,2,1487,101,37,1,1626,0,0,0,1626
08/24/2021,LAX,CA,AWP,WE,Towers with Radar,1458,98,59,1,1616,0,0,9,2,11,1458,98,68,3,1627,0,0,0,1627
08/25/2021,LAX,CA,AWP,WE,Towers with Radar,1466,78,53,0,1597,0,0,0,1,1,1466,78,53,1,1598,0,0,0,1598
08/26/2021,LAX,CA,AWP,WE,Towers with Radar,1532,99,53,2,1686,0,0,3,0,3,1532,99,56,2,1689,0,0,0,1689
08/27/2021,LAX,CA,AWP,WE,Towers with Radar,1548,90,30,2,1670,0,0,3,1,4,1548,90,33,3,1674,0,0,0,1674
08/28/2021,LAX,CA,AWP,WE,Towers with Radar,1381,68,35,0,1484,0,0,2,0,2,1381,68,37,0,1486,0,0,0,1486
08/29/2021,LAX,CA,AWP,WE,Towers with Radar,1466,79,41,2,1588,0,0,1,1,2,1466,79,42,3,1590,0,0,0,1590
08/30/2021,LAX,CA,AWP,WE,Towers with Radar,1498,78,48,0,1624,0,0,2,0,2,1498,78,50,0,1626,0,0,0,1626
08/31/2021,LAX,CA,AWP,WE,Towers with Radar,1450,75,44,0,1569,0,0,3,1,4,1450,75,47,1,1573,0,0,0,1573
09/01/2021,LAX,CA,AWP,WE,Towers with Radar,1454,88,46,0,1588,0,0,2,0,2,1454,88,48,0,1590,0,0,0,1590
09/02/2021,LAX,CA,AWP,WE,Towers with Radar,1543,91,56,0,1690,0,0,3,0,3,1543,91,59,0,1693,0,0,0,1693
09/03/2021,LAX,CA,AWP,WE,Towers with Radar,1517,100,39,1,1657,0,0,2,0,2,1517,100,41,1,1659,0,0,0,1659
09/04/2021,LAX,CA,AWP,WE,Towers with Radar,1379,82,26,0,1487,0,0,3,0,3,1379,82,29,0,1490,0,0,0,1490
09/05/2021,LAX,CA,AWP,WE,Towers with Radar,1396,74,23,1,1494,0,0,3,2,5,1396,74,26,3,1499,0,0,0,1499
09/06/2021,LAX,CA,AWP,WE,Towers with Radar,1457,92,41,0,1590,0,0,2,1,3,1457,92,43,1,1593,0,0,0,1593
09/07/2021,LAX,CA,AWP,WE,Towers with Radar,1390,77,36,0,1503,0,0,2,2,4,1390,77,38,2,1507,0,0,0,1507
09/08/2021,LAX,CA,AWP,WE,Towers with Radar,1373,83,40,0,1496,0,0,2,0,2,1373,83,42,0,1498,0,0,0,1498
09/09/2021,LAX,CA,AWP,WE,Towers with Radar,1460,80,40,0,1580,0,1,0,0,1,1460,81,40,0,1581,0,0,0,1581
09/10/2021,LAX,CA,AWP,WE,Towers with Radar,1485,95,40,0,1620,0,1,1,0,2,1485,96,41,0,1622,0,0,0,1622
09/11/2021,LAX,CA,AWP,WE,Towers with Radar,1323,70,25,0,1418,0,0,0,0,0,1323,70,25,0,1418,0,0,0,1418
09/12/2021,LAX,CA,AWP,WE,Towers with Radar,1432,105,42,0,1579,0,0,0,0,0,1432,105,42,0,1579,0,0,0,1579
09/13/2021,LAX,CA,AWP,WE,Towers with Radar,1448,91,40,0,1579,0,0,1,0,1,1448,91,41,0,1580,0,0,0,1580
09/14/2021,LAX,CA,AWP,WE,Towers with Radar,1341,66,22,6,1435,0,0,5,1,6,1341,66,27,7,1441,0,0,0,1441
09/15/2021,LAX,CA,AWP,WE,Towers with Radar,1378,81,28,0,1487,0,1,2,0,3,1378,82,30,0,1490,0,0,0,1490
09/16/2021,LAX,CA,AWP,WE,Towers with Radar,1503,79,47,0,1629,0,1,1,0,2,1503,80,48,0,1631,0,0,0,1631
09/17/2021,LAX,CA,AWP,WE,Towers with Radar,1502,86,40,0,1628,0,0,4,0,4,1502,86,44,0,1632,0,0,0,1632
09/18/2021,LAX,CA,AWP,WE,Towers with Radar,1323,61,27,0,1411,0,0,2,1,3,1323,61,29,1,1414,0,0,0,1414
09/19/2021,LAX,CA,AWP,WE,Towers with Radar,1451,96,63,0,1610,0,0,1,0,1,1451,96,64,0,1611,0,0,0,1611
09/20/2021,LAX,CA,AWP,WE,Towers with Radar,1453,87,32,0,1572,0,0,0,1,1,1453,87,32,1,1573,0,0,0,1573
09/21/2021,LAX,CA,AWP,WE,Towers with Radar,1350,69,33,0,1452,0,0,3,0,3,1350,69,36,0,1455,0,0,0,1455
09/22/2021,LAX,CA,AWP,WE,Towers with Radar,1369,74,43,0,1486,0,2,4,1,7,1369,76,47,1,1493,0,0,0,1493
09/23/2021,LAX,CA,AWP,WE,Towers with Radar,1484,106,45,0,1635,0,1,0,0,1,1484,107,45,0,1636,0,0,0,1636
09/24/2021,LAX,CA,AWP,WE,Towers with Radar,1499,97,35,1,1632,0,0,1,0,1,1499,97,36,1,1633,0,0,0,1633
09/25/2021,LAX,CA,AWP,WE,Towers with Radar,1322,79,42,1,1444,0,0,2,0,2,1322,79,44,1,1446,0,0,0,1446
09/26/2021,LAX,CA,AWP,WE,Towers with Radar,1464,129,53,0,1646,0,0,0,0,0,1464,129,53,0,1646,0,0,0,1646
09/27/2021,LAX,CA,AWP,WE,Towers with Radar,1432,90,38,1,1561,0,0,3,0,3,1432,90,41,1,1564,0,0,0,1564
09/28/2021,LAX,CA,AWP,WE,Towers with Radar,1366,77,34,0,1477,0,0,4,1,5,1366,77,38,1,1482,0,0,0,1482
09/29/2021,LAX,CA,AWP,WE,Towers with Radar,1372,83,35,0,1490,0,0,3,0,3,1372,83,38,0,1493,0,0,0,1493
09/30/2021,LAX,CA,AWP,WE,Towers with Radar,1502,90,37,1,1630,0,0,1,0,1,1502,90,38,1,1631,0,0,0,1631
10/01/2021,LAX,CA,AWP,WE,Towers with Radar,1497,87,48,0,1632,1,0,4,0,5,1498,87,52,0,1637,0,0,0,1637
10/02/2021,LAX,CA,AWP,WE,Towers with Radar,1320,62,32,0,1414,2,0,1,0,3,1322,62,33,0,1417,0,0,0,1417
10/03/2021,LAX,CA,AWP,WE,Towers with Radar,1477,113,58,1,1649,0,0,3,1,4,1477,113,61,2,1653,0,0,0,1653
10/04/2021,LAX,CA,AWP,WE,Towers with Radar,1407,84,51,1,1543,0,0,2,1,3,1407,84,53,2,1546,0,0,0,1546
10/05/2021,LAX,CA,AWP,WE,Towers with Radar,1459,69,37,0,1565,0,1,1,1,3,1459,70,38,1,1568,0,0,0,1568
10/06/2021,LAX,CA,AWP,WE,Towers with Radar,1371,82,38,1,1492,0,0,6,0,6,1371,82,44,1,1498,0,0,0,1498
10/07/2021,LAX,CA,AWP,WE,Towers with Radar,1513,82,49,1,1645,0,0,0,0,0,1513,82,49,1,1645,0,0,0,1645
10/08/2021,LAX,CA,AWP,WE,Towers with Radar,1488,85,49,1,1623,0,0,5,0,5,1488,85,54,1,1628,0,0,0,1628
10/09/2021,LAX,CA,AWP,WE,Towers with Radar,1348,74,29,0,1451,0,0,10,0,10,1348,74,39,0,1461,0,0,0,1461
10/10/2021,LAX,CA,AWP,WE,Towers with Radar,1450,106,50,0,1606,0,0,3,0,3,1450,106,53,0,1609,0,0,0,1609
10/11/2021,LAX,CA,AWP,WE,Towers with Radar,1475,77,55,0,1607,0,0,6,8,14,1475,77,61,8,1621,0,0,0,1621
10/12/2021,LAX,CA,AWP,WE,Towers with Radar,1414,71,42,0,1527,0,0,4,2,6,1414,71,46,2,1533,0,0,0,1533
10/13/2021,LAX,CA,AWP,WE,Towers with Radar,1400,80,34,2,1516,0,0,5,0,5,1400,80,39,2,1521,0,0,0,1521
10/14/2021,LAX,CA,AWP,WE,Towers with Radar,1518,96,51,2,1667,0,0,1,4,5,1518,96,52,6,1672,0,0,0,1672
10/15/2021,LAX,CA,AWP,WE,Towers with Radar,1501,108,38,0,1647,0,0,3,2,5,1501,108,41,2,1652,0,0,0,1652
10/16/2021,LAX,CA,AWP,WE,Towers with Radar,1324,81,28,1,1434,0,0,3,0,3,1324,81,31,1,1437,0,0,0,1437
10/17/2021,LAX,CA,AWP,WE,Towers with Radar,1482,102,57,1,1642,0,0,9,0,9,1482,102,66,1,1651,0,0,0,1651
10/18/2021,LAX,CA,AWP,WE,Towers with Radar,1465,86,50,4,1605,0,1,1,1,3,1465,87,51,5,1608,0,0,0,1608
10/19/2021,LAX,CA,AWP,WE,Towers with Radar,1411,83,51,0,1545,0,0,6,0,6,1411,83,57,0,1551,0,0,0,1551
10/20/2021,LAX,CA,AWP,WE,Towers with Radar,1417,83,32,0,1532,0,0,1,1,2,1417,83,33,1,1534,0,0,0,1534
10/21/2021,LAX,CA,AWP,WE,Towers with Radar,1398,73,43,0,1514,0,0,2,0,2,1398,73,45,0,1516,0,0,0,1516
10/22/2021,LAX,CA,AWP,WE,Towers with Radar,1442,100,60,0,1602,0,0,1,0,1,1442,100,61,0,1603,0,0,0,1603
10/23/2021,LAX,CA,AWP,WE,Towers with Radar,1334,60,36,0,1430,0,0,9,1,10,1334,60,45,1,1440,0,0,0,1440
10/24/2021,LAX,CA,AWP,WE,Towers with Radar,1459,90,59,0,1608,0,0,0,0,0,1459,90,59,0,1608,0,0,0,1608
10/25/2021,LAX,CA,AWP,WE,Towers with Radar,1486,88,43,0,1617,0,0,0,0,0,1486,88,43,0,1617,0,0,0,1617
10/26/2021,LAX,CA,AWP,WE,Towers with Radar,1435,78,50,5,1568,0,1,10,0,11,1435,79,60,5,1579,0,0,0,1579
10/27/2021,LAX,CA,AWP,WE,Towers with Radar,1406,78,49,0,1533,0,1,5,0,6,1406,79,54,0,1539,0,0,0,1539
10/28/2021,LAX,CA,AWP,WE,Towers with Radar,1498,70,40,0,1608,0,0,3,0,3,1498,70,43,0,1611,0,0,0,1611
10/29/2021,LAX,CA,AWP,WE,Towers with Radar,1512,79,44,0,1635,1,0,5,1,7,1513,79,49,1,1642,0,0,0,1642
10/30/2021,LAX,CA,AWP,WE,Towers with Radar,1279,71,27,0,1377,0,0,0,0,0,1279,71,27,0,1377,0,0,0,1377
10/31/2021,LAX,CA,AWP,WE,Towers with Radar,1313,96,54,0,1463,0,0,1,1,2,1313,96,55,1,1465,0,0,0,1465
11/01/2021,LAX,CA,AWP,WE,Towers with Radar,1456,95,39,0,1590,0,0,2,1,3,1456,95,41,1,1593,0,0,0,1593
11/02/2021,LAX,CA,AWP,WE,Towers with Radar,1407,80,31,0,1518,0,0,1,0,1,1407,80,32,0,1519,0,0,0,1519
11/03/2021,LAX,CA,AWP,WE,Towers with Radar,1407,89,46,0,1542,0,0,1,0,1,1407,89,47,0,1543,0,0,0,1543
11/04/2021,LAX,CA,AWP,WE,Towers with Radar,1482,96,45,0,1623,0,1,0,0,1,1482,97,45,0,1624,0,0,0,1624
11/05/2021,LAX,CA,AWP,WE,Towers with Radar,1479,88,45,0,1612,0,0,0,0,0,1479,88,45,0,1612,0,0,0,1612
11/06/2021,LAX,CA,AWP,WE,Towers with Radar,1325,75,49,0,1449,0,0,1,0,1,1325,75,50,0,1450,0,0,0,1450
11/07/2021,LAX,CA,AWP,WE,Towers with Radar,1452,114,77,0,1643,0,1,0,0,1,1452,115,77,0,1644,0,0,0,1644
11/08/2021,LAX,CA,AWP,WE,Towers with Radar,1454,81,60,0,1595,0,0,0,0,0,1454,81,60,0,1595,0,0,0,1595
11/09/2021,LAX,CA,AWP,WE,Towers with Radar,1364,90,62,1,1517,0,0,1,0,1,1364,90,63,1,1518,0,0,0,1518
11/10/2021,LAX,CA,AWP,WE,Towers with Radar,1380,94,58,0,1532,0,0,4,0,4,1380,94,62,0,1536,0,0,0,1536
11/11/2021,LAX,CA,AWP,WE,Towers with Radar,1504,108,59,1,1672,0,0,6,2,8,1504,108,65,3,1680,0,0,0,1680
11/12/2021,LAX,CA,AWP,WE,Towers with Radar,1498,94,46,1,1639,0,1,3,0,4,1498,95,49,1,1643,0,0,0,1643
11/13/2021,LAX,CA,AWP,WE,Towers with Radar,1308,81,29,2,1420,0,0,4,0,4,1308,81,33,2,1424,0,0,0,1424
11/14/2021,LAX,CA,AWP,WE,Towers with Radar,1471,104,63,0,1638,0,0,1,0,1,1471,104,64,0,1639,0,0,0,1639
11/15/2021,LAX,CA,AWP,WE,Towers with Radar,1474,112,44,0,1630,0,0,1,0,1,1474,112,45,0,1631,0,0,0,1631
11/16/2021,LAX,CA,AWP,WE,Towers with Radar,1370,80,43,0,1493,0,0,1,0,1,1370,80,44,0,1494,0,0,0,1494
11/17/2021,LAX,CA,AWP,WE,Towers with Radar,1417,103,34,0,1554,0,0,1,0,1,1417,103,35,0,1555,0,0,0,1555
11/18/2021,LAX,CA,AWP,WE,Towers with Radar,1511,88,35,0,1634,0,0,5,1,6,1511,88,40,1,1640,0,0,0,1640
11/19/2021,LAX,CA,AWP,WE,Towers with Radar,1533,111,72,0,1716,0,0,3,1,4,1533,111,75,1,1720,0,0,0,1720
11/20/2021,LAX,CA,AWP,WE,Towers with Radar,1396,98,41,2,1537,0,0,0,0,0,1396,98,41,2,1537,0,0,0,1537
11/21/2021,LAX,CA,AWP,WE,Towers with Radar,1492,101,44,1,1638,0,0,8,0,8,1492,101,52,1,1646,0,0,0,1646
11/22/2021,LAX,CA,AWP,WE,Towers with Radar,1450,90,34,0,1574,0,0,2,2,4,1450,90,36,2,1578,0,0,0,1578
11/23/2021,LAX,CA,AWP,WE,Towers with Radar,1514,88,49,0,1651,0,0,3,0,3,1514,88,52,0,1654,0,0,0,1654
11/24/2021,LAX,CA,AWP,WE,Towers with Radar,1559,89,40,0,1688,1,0,3,0,4,1560,89,43,0,1692,0,0,0,1692
11/25/2021,LAX,CA,AWP,WE,Towers with Radar,1145,52,7,0,1204,0,0,0,0,0,1145,52,7,0,1204,0,0,0,1204
11/26/2021,LAX,CA,AWP,WE,Towers with Radar,1322,60,27,0,1409,0,0,0,0,0,1322,60,27,0,1409,0,0,0,1409
11/27/2021,LAX,CA,AWP,WE,Towers with Radar,1449,83,61,1,1594,0,0,7,0,7,1449,83,68,1,1601,0,0,0,1601
11/28/2021,LAX,CA,AWP,WE,Towers with Radar,1564,108,88,0,1760,0,0,7,0,7,1564,108,95,0,1767,0,0,0,1767
11/29/2021,LAX,CA,AWP,WE,Towers with Radar,1496,98,42,0,1636,0,0,0,0,0,1496,98,42,0,1636,0,0,0,1636
11/30/2021,LAX,CA,AWP,WE,Towers with Radar,1542,101,34,3,1680,0,0,3,0,3,1542,101,37,3,1683,0,0,0,1683
12/01/2021,LAX,CA,AWP,WE,Towers with Radar,1440,60,32,1,1533,0,0,0,0,0,1440,60,32,1,1533,0,0,0,1533
12/02/2021,LAX,CA,AWP,WE,Towers with Radar,1492,62,46,0,1600,0,0,0,0,0,1492,62,46,0,1600,0,0,0,1600
12/03/2021,LAX,CA,AWP,WE,Towers with Radar,1476,66,48,2,1592,0,0,0,1,1,1476,66,48,3,1593,0,0,0,1593
12/04/2021,LAX,CA,AWP,WE,Towers with Radar,1305,53,26,0,1384,0,0,2,0,2,1305,53,28,0,1386,0,0,0,1386
12/05/2021,LAX,CA,AWP,WE,Towers with Radar,1436,84,58,0,1578,0,0,1,0,1,1436,84,59,0,1579,0,0,0,1579
12/06/2021,LAX,CA,AWP,WE,Towers with Radar,1430,71,44,0,1545,0,0,1,0,1,1430,71,45,0,1546,0,0,0,1546
12/07/2021,LAX,CA,AWP,WE,Towers with Radar,1353,67,52,1,1473,0,2,1,6,9,1353,69,53,7,1482,0,0,0,1482
12/08/2021,LAX,CA,AWP,WE,Towers with Radar,1398,73,38,1,1510,0,0,2,0,2,1398,73,40,1,1512,0,0,0,1512
12/09/2021,LAX,CA,AWP,WE,Towers with Radar,1461,81,41,0,1583,0,0,0,0,0,1461,81,41,0,1583,0,0,0,1583
12/10/2021,LAX,CA,AWP,WE,Towers with Radar,1446,74,44,0,1564,0,0,5,0,5,1446,74,49,0,1569,0,0,0,1569
12/11/2021,LAX,CA,AWP,WE,Towers with Radar,1288,61,29,0,1378,0,0,2,0,2,1288,61,31,0,1380,0,0,0,1380
12/12/2021,LAX,CA,AWP,WE,Towers with Radar,1439,75,51,0,1565,0,0,7,0,7,1439,75,58,0,1572,0,0,0,1572
12/13/2021,LAX,CA,AWP,WE,Towers with Radar,1434,67,45,1,1547,0,0,0,0,0,1434,67,45,1,1547,0,0,0,1547
12/14/2021,LAX,CA,AWP,WE,Towers with Radar,1360,70,35,0,1465,0,0,0,0,0,1360,70,35,0,1465,0,0,0,1465
12/15/2021,LAX,CA,AWP,WE,Towers with Radar,1377,72,38,0,1487,0,0,3,1,4,1377,72,41,1,1491,0,0,0,1491
12/16/2021,LAX,CA,AWP,WE,Towers with Radar,1545,104,71,0,1720,0,0,2,1,3,1545,104,73,1,1723,0,0,0,1723
12/17/2021,LAX,CA,AWP,WE,Towers with Radar,1596,112,76,0,1784,0,0,2,0,2,1596,112,78,0,1786,0,0,0,1786
12/18/2021,LAX,CA,AWP,WE,Towers with Radar,1436,93,53,0,1582,0,0,0,0,0,1436,93,53,0,1582,0,0,0,1582
12/19/2021,LAX,CA,AWP,WE,Towers with Radar,1534,77,52,0,1663,0,0,3,0,3,1534,77,55,0,1666,0,0,0,1666
12/20/2021,LAX,CA,AWP,WE,Towers with Radar,1531,69,49,1,1650,0,0,1,0,1,1531,69,50,1,1651,0,0,0,1651
12/21/2021,LAX,CA,AWP,WE,Towers with Radar,1558,82,45,1,1686,0,0,2,2,4,1558,82,47,3,1690,0,0,0,1690
12/22/2021,LAX,CA,AWP,WE,Towers with Radar,1565,83,44,2,1694,0,0,1,0,1,1565,83,45,2,1695,0,0,0,1695
12/23/2021,LAX,CA,AWP,WE,Towers with Radar,1546,75,31,0,1652,0,0,0,0,0,1546,75,31,0,1652,0,0,0,1652
12/24/2021,LAX,CA,AWP,WE,Towers with Radar,1320,43,29,0,1392,0,0,4,0,4,1320,43,33,0,1396,0,0,0,1396
12/25/2021,LAX,CA,AWP,WE,Towers with Radar,1154,61,15,0,1230,0,0,0,0,0,1154,61,15,0,1230,0,0,0,1230
12/26/2021,LAX,CA,AWP,WE,Towers with Radar,1351,89,56,1,1497,0,0,3,0,3,1351,89,59,1,1500,0,0,0,1500
12/27/2021,LAX,CA,AWP,WE,Towers with Radar,1367,66,50,2,1485,0,0,1,0,1,1367,66,51,2,1486,0,0,0,1486
12/28/2021,LAX,CA,AWP,WE,Towers with Radar,1485,67,34,0,1586,0,0,2,0,2,1485,67,36,0,1588,0,0,0,1588
12/29/2021,LAX,CA,AWP,WE,Towers with Radar,1430,66,28,1,1525,0,2,0,1,3,1430,68,28,2,1528,0,0,0,1528
12/30/2021,LAX,CA,AWP,WE,Towers with Radar,1471,89,47,1,1608,0,0,0,0,0,1471,89,47,1,1608,0,0,0,1608
12/31/2021,LAX,CA,AWP,WE,Towers with Radar,1272,62,20,0,1354,0,1,4,0,5,1272,63,24,0,1359,0,0,0,1359
01/01/2022,LAX,CA,AWP,WE,Towers with Radar,1178,61,28,2,1269,0,1,0,0,1,1178,62,28,2,1270,0,0,0,1270
01/02/2022,LAX,CA,AWP,WE,Towers with Radar,1395,104,89,4,1592,0,0,2,0,2,1395,104,91,4,1594,0,0,0,1594
01/03/2022,LAX,CA,AWP,WE,Towers with Radar,1449,90,58,1,1598,0,0,0,0,0,1449,90,58,1,1598,0,0,0,1598
01/04/2022,LAX,CA,AWP,WE,Towers with Radar,1368,98,50,0,1516,0,0,2,0,2,1368,98,52,0,1518,0,0,0,1518
01/05/2022,LAX,CA,AWP,WE,Towers with Radar,1290,82,50,0,1422,0,0,5,1,6,1290,82,55,1,1428,0,0,0,1428
01/06/2022,LAX,CA,AWP,WE,Towers with Radar,1326,70,37,0,1433,0,0,2,0,2,1326,70,39,0,1435,0,0,0,1435
01/07/2022,LAX,CA,AWP,WE,Towers with Radar,1315,87,27,0,1429,0,1,1,0,2,1315,88,28,0,1431,0,0,0,1431
01/08/2022,LAX,CA,AWP,WE,Towers with Radar,1236,81,48,0,1365,0,0,3,0,3,1236,81,51,0,1368,0,0,0,1368
01/09/2022,LAX,CA,AWP,WE,Towers with Radar,1313,105,47,0,1465,0,0,1,0,1,1313,105,48,0,1466,0,0,0,1466
01/10/2022,LAX,CA,AWP,WE,Towers with Radar,1346,86,39,0,1471,0,1,1,0,2,1346,87,40,0,1473,0,0,0,1473
01/11/2022,LAX,CA,AWP,WE,Towers with Radar,1273,73,30,0,1376,0,0,7,0,7,1273,73,37,0,1383,0,0,0,1383
01/12/2022,LAX,CA,AWP,WE,Towers with Radar,1312,84,38,2,1436,0,0,4,4,8,1312,84,42,6,1444,0,0,0,1444
01/13/2022,LAX,CA,AWP,WE,Towers with Radar,1349,80,39,1,1469,0,0,2,0,2,1349,80,41,1,1471,0,0,0,1471
01/14/2022,LAX,CA,AWP,WE,Towers with Radar,1419,87,32,0,1538,0,0,2,0,2,1419,87,34,0,1540,0,0,0,1540
01/15/2022,LAX,CA,AWP,WE,Towers with Radar,1250,72,21,0,1343,0,0,0,0,0,1250,72,21,0,1343,0,0,0,1343
01/16/2022,LAX,CA,AWP,WE,Towers with Radar,1273,78,14,0,1365,0,1,2,0,3,1273,79,16,0,1368,0,0,0,1368
01/17/2022,LAX,CA,AWP,WE,Towers with Radar,1360,108,73,0,1541,0,0,2,0,2,1360,108,75,0,1543,0,0,0,1543
01/18/2022,LAX,CA,AWP,WE,Towers with Radar,1290,70,34,0,1394,0,0,4,2,6,1290,70,38,2,1400,0,0,0,1400
01/19/2022,LAX,CA,AWP,WE,Towers with Radar,1282,67,17,0,1366,0,1,5,0,6,1282,68,22,0,1372,0,0,0,1372
01/20/2022,LAX,CA,AWP,WE,Towers with Radar,1431,74,32,2,1539,0,0,1,3,4,1431,74,33,5,1543,0,0,0,1543
01/21/2022,LAX,CA,AWP,WE,Towers with Radar,1428,87,19,1,1535,1,0,2,0,3,1429,87,21,1,1538,0,0,0,1538
01/22/2022,LAX,CA,AWP,WE,Towers with Radar,1281,75,18,0,1374,0,1,1,0,2,1281,76,19,0,1376,0,0,0,1376
01/23/2022,LAX,CA,AWP,WE,Towers with Radar,1371,92,34,1,1498,0,0,4,0,4,1371,92,38,1,1502,0,0,0,1502
01/24/2022,LAX,CA,AWP,WE,Towers with Radar,1382,74,42,4,1502,0,0,0,0,0,1382,74,42,4,1502,0,0,0,1502
01/25/2022,LAX,CA,AWP,WE,Towers with Radar,1311,70,31,0,1412,0,0,6,2,8,1311,70,37,2,1420,0,0,0,1420
01/26/2022,LAX,CA,AWP,WE,Towers with Radar,1296,96,22,0,1414,0,1,1,0,2,1296,97,23,0,1416,0,0,0,1416
01/27/2022,LAX,CA,AWP,WE,Towers with Radar,1443,87,30,0,1560,0,0,1,0,1,1443,87,31,0,1561,0,0,0,1561
01/28/2022,LAX,CA,AWP,WE,Towers with Radar,1378,101,39,0,1518,0,0,1,0,1,1378,101,40,0,1519,0,0,0,1519
01/29/2022,LAX,CA,AWP,WE,Towers with Radar,1180,69,24,0,1273,0,0,3,0,3,1180,69,27,0,1276,0,0,0,1276
01/30/2022,LAX,CA,AWP,WE,Towers with Radar,1340,156,78,0,1574,0,0,3,0,3,1340,156,81,0,1577,0,0,0,1577
01/31/2022,LAX,CA,AWP,WE,Towers with Radar,1373,88,39,2,1502,0,0,5,2,7,1373,88,44,4,1509,0,0,0,1509
02/01/2022,LAX,CA,AWP,WE,Towers with Radar,1271,78,25,0,1374,0,1,1,0,2,1271,79,26,0,1376,0,0,0,1376
02/02/2022,LAX,CA,AWP,WE,Towers with Radar,1246,72,22,0,1340,0,0,1,0,1,1246,72,23,0,1341,0,0,0,1341
02/03/2022,LAX,CA,AWP,WE,Towers with Radar,1250,97,33,1,1381,0,0,4,0,4,1250,97,37,1,1385,0,0,0,1385
02/04/2022,LAX,CA,AWP,WE,Towers with Radar,1321,89,35,0,1445,0,0,4,0,4,1321,89,39,0,1449,0,0,0,1449
02/05/2022,LAX,CA,AWP,WE,Towers with Radar,1164,77,26,1,1268,1,0,1,1,3,1165,77,27,2,1271,0,0,0,1271
02/06/2022,LAX,CA,AWP,WE,Towers with Radar,1346,100,43,0,1489,0,0,0,0,0,1346,100,43,0,1489,0,0,0,1489
02/07/2022,LAX,CA,AWP,WE,Towers with Radar,1334,70,26,1,1431,0,1,5,2,8,1334,71,31,3,1439,0,0,0,1439
02/08/2022,LAX,CA,AWP,WE,Towers with Radar,1251,84,36,1,1372,0,1,2,0,3,1251,85,38,1,1375,0,0,0,1375
02/09/2022,LAX,CA,AWP,WE,Towers with Radar,1271,75,42,0,1388,0,0,0,0,0,1271,75,42,0,1388,0,0,0,1388
02/10/2022,LAX,CA,AWP,WE,Towers with Radar,1406,100,39,0,1545,1,1,7,0,9,1407,101,46,0,1554,0,0,0,1554
02/11/2022,LAX,CA,AWP,WE,Towers with Radar,1407,94,62,0,1563,0,1,2,0,3,1407,95,64,0,1566,0,0,0,1566
02/12/2022,LAX,CA,AWP,WE,Towers with Radar,1249,95,35,0,1379,0,0,5,0,5,1249,95,40,0,1384,0,0,0,1384
02/13/2022,LAX,CA,AWP,WE,Towers with Radar,1324,119,59,0,1502,0,0,5,0,5,1324,119,64,0,1507,0,0,0,1507
02/14/2022,LAX,CA,AWP,WE,Towers with Radar,1397,118,55,0,1570,0,0,6,0,6,1397,118,61,0,1576,0,0,0,1576
02/15/2022,LAX,CA,AWP,WE,Towers with Radar,1291,98,50,0,1439,0,1,1,0,2,1291,99,51,0,1441,0,0,0,1441
02/16/2022,LAX,CA,AWP,WE,Towers with Radar,1296,86,29,3,1414,0,2,5,0,7,1296,88,34,3,1421,0,0,0,1421
02/17/2022,LAX,CA,AWP,WE,Towers with Radar,1416,94,72,0,1582,0,1,3,0,4,1416,95,75,0,1586,0,0,0,1586
02/18/2022,LAX,CA,AWP,WE,Towers with Radar,1411,91,56,2,1560,0,0,4,0,4,1411,91,60,2,1564,0,0,0,1564
02/19/2022,LAX,CA,AWP,WE,Towers with Radar,1270,77,25,0,1372,0,0,0,0,0,1270,77,25,0,1372,0,0,0,1372
02/20/2022,LAX,CA,AWP,WE,Towers with Radar,1363,95,28,0,1486,0,0,3,0,3,1363,95,31,0,1489,0,0,0,1489
02/21/2022,LAX,CA,AWP,WE,Towers with Radar,1375,102,57,0,1534,0,0,4,0,4,1375,102,61,0,1538,0,0,0,1538
02/22/2022,LAX,CA,AWP,WE,Towers with Radar,1285,75,42,0,1402,0,0,0,2,2,1285,75,42,2,1404,0,0,0,1404
02/23/2022,LAX,CA,AWP,WE,Towers with Radar,1273,90,35,0,1398,0,0,1,1,2,1273,90,36,1,1400,0,0,0,1400
02/24/2022,LAX,CA,AWP,WE,Towers with Radar,1389,81,40,0,1510,0,0,9,2,11,1389,81,49,2,1521,0,0,0,1521
02/25/2022,LAX,CA,AWP,WE,Towers with Radar,1407,98,44,0,1549,0,0,4,2,6,1407,98,48,2,1555,0,0,0,1555
02/26/2022,LAX,CA,AWP,WE,Towers with Radar,1292,95,41,0,1428,0,0,2,0,2,1292,95,43,0,1430,0,0,0,1430
02/27/2022,LAX,CA,AWP,WE,Towers with Radar,1402,91,53,0,1546,0,0,2,0,2,1402,91,55,0,1548,0,0,0,1548
02/28/2022,LAX,CA,AWP,WE,Towers with Radar,1394,79,40,0,1513,0,1,4,0,5,1394,80,44,0,1518,0,0,0,1518
03/01/2022,LAX,CA,AWP,WE,Towers with Radar,1318,84,41,0,1443,0,0,0,1,1,1318,84,41,1,1444,0,0,0,1444
03/02/2022,LAX,CA,AWP,WE,Towers with Radar,1319,70,42,0,1431,0,0,5,0,5,1319,70,47,0,1436,0,0,0,1436
03/03/2022,LAX,CA,AWP,WE,Towers with Radar,1432,79,43,0,1554,0,0,1,0,1,1432,79,44,0,1555,0,0,0,1555
03/04/2022,LAX,CA,AWP,WE,Towers with Radar,1412,84,38,2,1536,0,0,1,1,2,1412,84,39,3,1538,0,0,0,1538
03/05/2022,LAX,CA,AWP,WE,Towers with Radar,1261,67,29,0,1357,0,1,0,1,2,1261,68,29,1,1359,0,0,0,1359
03/06/2022,LAX,CA,AWP,WE,Towers with Radar,1404,85,38,0,1527,0,0,1,0,1,1404,85,39,0,1528,0,0,0,1528
03/07/2022,LAX,CA,AWP,WE,Towers with Radar,1399,76,41,0,1516,0,0,0,1,1,1399,76,41,1,1517,0,0,0,1517
03/08/2022,LAX,CA,AWP,WE,Towers with Radar,1328,74,50,0,1452,0,0,8,2,10,1328,74,58,2,1462,0,0,0,1462
03/09/2022,LAX,CA,AWP,WE,Towers with Radar,1303,83,45,0,1431,0,0,2,2,4,1303,83,47,2,1435,0,0,0,1435
03/10/2022,LAX,CA,AWP,WE,Towers with Radar,1435,95,41,1,1572,0,0,4,0,4,1435,95,45,1,1576,0,0,0,1576
03/11/2022,LAX,CA,AWP,WE,Towers with Radar,1420,88,44,1,1553,0,0,3,0,3,1420,88,47,1,1556,0,0,0,1556
03/12/2022,LAX,CA,AWP,WE,Towers with Radar,1308,71,27,0,1406,0,0,0,0,0,1308,71,27,0,1406,0,0,0,1406
03/13/2022,LAX,CA,AWP,WE,Towers with Radar,1357,78,35,1,1471,0,0,2,0,2,1357,78,37,1,1473,0,0,0,1473
03/14/2022,LAX,CA,AWP,WE,Towers with Radar,1411,68,35,1,1515,0,0,2,1,3,1411,68,37,2,1518,0,0,0,1518
03/15/2022,LAX,CA,AWP,WE,Towers with Radar,1365,53,27,1,1446,0,0,1,1,2,1365,53,28,2,1448,0,0,0,1448
03/16/2022,LAX,CA,AWP,WE,Towers with Radar,1347,81,40,0,1468,0,1,1,0,2,1347,82,41,0,1470,0,0,0,1470
03/17/2022,LAX,CA,AWP,WE,Towers with Radar,1466,83,48,0,1597,0,0,3,0,3,1466,83,51,0,1600,0,0,0,1600
03/18/2022,LAX,CA,AWP,WE,Towers with Radar,1452,101,41,0,1594,0,1,4,2,7,1452,102,45,2,1601,0,0,0,1601
03/19/2022,LAX,CA,AWP,WE,Towers with Radar,1330,71,43,0,1444,0,0,1,0,1,1330,71,44,0,1445,0,0,0,1445
03/20/2022,LAX,CA,AWP,WE,Towers with Radar,1435,89,56,0,1580,0,1,0,2,3,1435,90,56,2,1583,0,0,0,1583
03/21/2022,LAX,CA,AWP,WE,Towers with Radar,1393,85,49,1,1528,0,0,2,0,2,1393,85,51,1,1530,0,0,0,1530
03/22/2022,LAX,CA,AWP,WE,Towers with Radar,1367,71,28,0,1466,0,0,1,2,3,1367,71,29,2,1469,0,0,0,1469
03/23/2022,LAX,CA,AWP,WE,Towers with Radar,1360,88,54,0,1502,0,0,3,1,4,1360,88,57,1,1506,0,0,0,1506
03/24/2022,LAX,CA,AWP,WE,Towers with Radar,1451,80,47,0,1578,0,0,2,1,3,1451,80,49,1,1581,0,0,0,1581
03/25/2022,LAX,CA,AWP,WE,Towers with Radar,1468,87,57,1,1613,0,0,0,0,0,1468,87,57,1,1613,0,0,0,1613
03/26/2022,LAX,CA,AWP,WE,Towers with Radar,1329,79,30,2,1440,0,0,3,0,3,1329,79,33,2,1443,0,0,0,1443
03/27/2022,LAX,CA,AWP,WE,Towers with Radar,1415,98,71,1,1585,0,0,2,0,2,1415,98,73,1,1587,0,0,0,1587
03/28/2022,LAX,CA,AWP,WE,Towers with Radar,1429,86,56,2,1573,0,0,0,0,0,1429,86,56,2,1573,0,0,0,1573
03/29/2022,LAX,CA,AWP,WE,Towers with Radar,1371,77,47,0,1495,0,0,5,2,7,1371,77,52,2,1502,0,0,0,1502
03/30/2022,LAX,CA,AWP,WE,Towers with Radar,1377,71,49,0,1497,0,0,2,0,2,1377,71,51,0,1499,0,0,0,1499
03/31/2022,LAX,CA,AWP,WE,Towers with Radar,1427,92,41,0,1560,0,0,2,1,3,1427,92,43,1,1563,0,0,0,1563
04/01/2022,LAX,CA,AWP,WE,Towers with Radar,1445,85,41,0,1571,0,0,1,2,3,1445,85,42,2,1574,0,0,0,1574
04/02/2022,LAX,CA,AWP,WE,Towers with Radar,1292,59,35,2,1388,0,0,0,0,0,1292,59,35,2,1388,0,0,0,1388
04/03/2022,LAX,CA,AWP,WE,Towers with Radar,1448,83,51,0,1582,0,0,4,0,4,1448,83,55,0,1586,0,0,0,1586
04/04/2022,LAX,CA,AWP,WE,Towers with Radar,1445,73,33,0,1551,0,0,2,1,3,1445,73,35,1,1554,0,0,0,1554
04/05/2022,LAX,CA,AWP,WE,Towers with Radar,1363,70,38,1,1472,0,0,0,0,0,1363,70,38,1,1472,0,0,0,1472
04/06/2022,LAX,CA,AWP,WE,Towers with Radar,1412,74,48,0,1534,0,0,7,0,7,1412,74,55,0,1541,0,0,0,1541
04/07/2022,LAX,CA,AWP,WE,Towers with Radar,1447,67,33,1,1548,0,0,4,0,4,1447,67,37,1,1552,0,0,0,1552
04/08/2022,LAX,CA,AWP,WE,Towers with Radar,1472,109,45,0,1626,0,1,0,2,3,1472,110,45,2,1629,0,0,0,1629
04/09/2022,LAX,CA,AWP,WE,Towers with Radar,1274,82,52,0,1408,0,1,1,0,2,1274,83,53,0,1410,0,0,0,1410
04/10/2022,LAX,CA,AWP,WE,Towers with Radar,1443,101,48,0,1592,0,0,1,0,1,1443,101,49,0,1593,0,0,0,1593
04/11/2022,LAX,CA,AWP,WE,Towers with Radar,1432,84,28,0,1544,0,0,3,0,3,1432,84,31,0,1547,0,0,0,1547
04/12/2022,LAX,CA,AWP,WE,Towers with Radar,1358,69,47,0,1474,0,0,3,0,3,1358,69,50,0,1477,0,0,0,1477
04/13/2022,LAX,CA,AWP,WE,Towers with Radar,1407,78,44,2,1531,0,0,2,1,3,1407,78,46,3,1534,0,0,0,1534
04/14/2022,LAX,CA,AWP,WE,Towers with Radar,1456,89,43,0,1588,0,0,3,0,3,1456,89,46,0,1591,0,0,0,1591
04/15/2022,LAX,CA,AWP,WE,Towers with Radar,1458,86,55,0,1599,0,1,6,0,7,1458,87,61,0,1606,0,0,0,1606
04/16/2022,LAX,CA,AWP,WE,Towers with Radar,1313,64,36,1,1414,0,0,4,1,5,1313,64,40,2,1419,0,0,0,1419
04/17/2022,LAX,CA,AWP,WE,Towers with Radar,1456,80,35,2,1573,0,2,2,0,4,1456,82,37,2,1577,0,0,0,1577
04/18/2022,LAX,CA,AWP,WE,Towers with Radar,1446,83,46,2,1577,0,0,4,0,4,1446,83,50,2,1581,0,0,0,1581
04/19/2022,LAX,CA,AWP,WE,Towers with Radar,1366,75,36,0,1477,0,0,4,4,8,1366,75,40,4,1485,0,0,0,1485
04/20/2022,LAX,CA,AWP,WE,Towers with Radar,1409,68,40,1,1518,1,0,5,1,7,1410,68,45,2,1525,0,0,0,1525
04/21/2022,LAX,CA,AWP,WE,Towers with Radar,1477,80,43,3,1603,0,0,2,0,2,1477,80,45,3,1605,0,0,0,1605
04/22/2022,LAX,CA,AWP,WE,Towers with Radar,1481,73,58,1,1613,0,2,2,1,5,1481,75,60,2,1618,0,0,0,1618
04/23/2022,LAX,CA,AWP,WE,Towers with Radar,1296,75,33,0,1404,0,0,4,2,6,1296,75,37,2,1410,0,0,0,1410
04/24/2022,LAX,CA,AWP,WE,Towers with Radar,1465,85,48,0,1598,0,1,3,0,4,1465,86,51,0,1602,0,0,0,1602
04/25/2022,LAX,CA,AWP,WE,Towers with Radar,1452,61,52,3,1568,0,0,4,0,4,1452,61,56,3,1572,0,0,0,1572
04/26/2022,LAX,CA,AWP,WE,Towers with Radar,1385,62,43,3,1493,0,0,6,0,6,1385,62,49,3,1499,0,0,0,1499
04/27/2022,LAX,CA,AWP,WE,Towers with Radar,1415,84,30,0,1529,0,0,2,0,2,1415,84,32,0,1531,0,0,0,1531
04/28/2022,LAX,CA,AWP,WE,Towers with Radar,1474,106,38,2,1620,0,1,2,0,3,1474,107,40,2,1623,0,0,0,1623
04/29/2022,LAX,CA,AWP,WE,Towers with Radar,1470,92,29,1,1592,0,0,1,0,1,1470,92,30,1,1593,0,0,0,1593
04/30/2022,LAX,CA,AWP,WE,Towers with Radar,1265,68,36,0,1369,0,0,1,0,1,1265,68,37,0,1370,0,0,0,1370
05/01/2022,LAX,CA,AWP,WE,Towers with Radar,1428,110,58,0,1596,0,0,1,0,1,1428,110,59,0,1597,0,0,0,1597
05/02/2022,LAX,CA,AWP,WE,Towers with Radar,1427,75,56,0,1558,0,0,2,0,2,1427,75,58,0,1560,0,0,0,1560
05/03/2022,LAX,CA,AWP,WE,Towers with Radar,1361,78,45,0,1484,0,0,2,1,3,1361,78,47,1,1487,0,0,0,1487
05/04/2022,LAX,CA,AWP,WE,Towers with Radar,1398,75,59,0,1532,0,0,2,0,2,1398,75,61,0,1534,0,0,0,1534
05/05/2022,LAX,CA,AWP,WE,Towers with Radar,1484,91,52,0,1627,0,0,1,3,4,1484,91,53,3,1631,0,0,0,1631
05/06/2022,LAX,CA,AWP,WE,Towers with Radar,1482,84,48,0,1614,0,1,2,1,4,1482,85,50,1,1618,0,0,0,1618
05/07/2022,LAX,CA,AWP,WE,Towers with Radar,1305,64,27,0,1396,0,1,4,0,5,1305,65,31,0,1401,0,0,0,1401
05/08/2022,LAX,CA,AWP,WE,Towers with Radar,1444,91,56,0,1591,0,0,5,0,5,1444,91,61,0,1596,0,0,0,1596
05/09/2022,LAX,CA,AWP,WE,Towers with Radar,1480,85,37,0,1602,0,2,2,2,6,1480,87,39,2,1608,0,0,0,1608
05/10/2022,LAX,CA,AWP,WE,Towers with Radar,1400,68,32,0,1500,0,0,1,1,2,1400,68,33,1,1502,0,0,0,1502
05/11/2022,LAX,CA,AWP,WE,Towers with Radar,1434,85,38,0,1557,0,0,3,2,5,1434,85,41,2,1562,0,0,0,1562
05/12/2022,LAX,CA,AWP,WE,Towers with Radar,1499,103,36,0,1638,0,0,0,0,0,1499,103,36,0,1638,0,0,0,1638
05/13/2022,LAX,CA,AWP,WE,Towers with Radar,1468,97,42,0,1607,0,0,1,0,1,1468,97,43,0,1608,0,0,0,1608
05/14/2022,LAX,CA,AWP,WE,Towers with Radar,1314,71,33,0,1418,0,0,4,0,4,1314,71,37,0,1422,0,0,0,1422
05/15/2022,LAX,CA,AWP,WE,Towers with Radar,1459,87,59,0,1605,0,0,2,0,2,1459,87,61,0,1607,0,0,0,1607
05/16/2022,LAX,CA,AWP,WE,Towers with Radar,1480,92,41,0,1613,0,0,1,0,1,1480,92,42,0,1614,0,0,0,1614
05/17/2022,LAX,CA,AWP,WE,Towers with Radar,1417,78,35,0,1530,0,0,4,0,4,1417,78,39,0,1534,0,0,0,1534
05/18/2022,LAX,CA,AWP,WE,Towers with Radar,1441,81,34,2,1558,0,0,1,2,3,1441,81,35,4,1561,0,0,0,1561
05/19/2022,LAX,CA,AWP,WE,Towers with Radar,1549,94,39,0,1682,0,0,3,0,3,1549,94,42,0,1685,0,0,0,1685
05/20/2022,LAX,CA,AWP,WE,Towers with Radar,1509,84,34,0,1627,0,2,1,1,4,1509,86,35,1,1631,0,0,0,1631
05/21/2022,LAX,CA,AWP,WE,Towers with Radar,1324,80,24,0,1428,0,0,0,0,0,1324,80,24,0,1428,0,0,0,1428
05/22/2022,LAX,CA,AWP,WE,Towers with Radar,1484,92,39,0,1615,0,0,2,2,4,1484,92,41,2,1619,0,0,0,1619
05/23/2022,LAX,CA,AWP,WE,Towers with Radar,1515,69,46,0,1630,0,0,1,0,1,1515,69,47,0,1631,0,0,0,1631
05/24/2022,LAX,CA,AWP,WE,Towers with Radar,1441,73,43,1,1558,0,0,0,1,1,1441,73,43,2,1559,0,0,0,1559
05/25/2022,LAX,CA,AWP,WE,Towers with Radar,1456,75,44,2,1577,0,0,0,0,0,1456,75,44,2,1577,0,0,0,1577
05/26/2022,LAX,CA,AWP,WE,Towers with Radar,1551,106,39,0,1696,0,0,6,3,9,1551,106,45,3,1705,0,0,0,1705
05/27/2022,LAX,CA,AWP,WE,Towers with Radar,1530,87,32,2,1651,0,0,3,0,3,1530,87,35,2,1654,0,0,0,1654
05/28/2022,LAX,CA,AWP,WE,Towers with Radar,1338,58,34,0,1430,0,0,3,0,3,1338,58,37,0,1433,0,0,0,1433
05/29/2022,LAX,CA,AWP,WE,Towers with Radar,1429,65,20,0,1514,0,0,5,1,6,1429,65,25,1,1520,0,0,0,1520
05/30/2022,LAX,CA,AWP,WE,Towers with Radar,1502,100,61,0,1663,0,0,1,0,1,1502,100,62,0,1664,0,0,0,1664
05/31/2022,LAX,CA,AWP,WE,Towers with Radar,1424,75,33,0,1532,0,0,2,1,3,1424,75,35,1,1535,0,0,0,1535
06/01/2022,LAX,CA,AWP,WE,Towers with Radar,1438,69,28,0,1535,0,0,0,2,2,1438,69,28,2,1537,0,0,0,1537
06/02/2022,LAX,CA,AWP,WE,Towers with Radar,1504,79,33,4,1620,0,1,1,1,3,1504,80,34,5,1623,0,0,0,1623
06/03/2022,LAX,CA,AWP,WE,Towers with Radar,1516,79,23,2,1620,0,0,5,0,5,1516,79,28,2,1625,0,0,0,1625
06/04/2022,LAX,CA,AWP,WE,Towers with Radar,1347,63,31,2,1443,0,0,1,1,2,1347,63,32,3,1445,0,0,0,1445
06/05/2022,LAX,CA,AWP,WE,Towers with Radar,1473,82,50,0,1605,0,0,4,0,4,1473,82,54,0,1609,0,0,0,1609
06/06/2022,LAX,CA,AWP,WE,Towers with Radar,1480,83,38,5,1606,0,0,0,0,0,1480,83,38,5,1606,0,0,0,1606
06/07/2022,LAX,CA,AWP,WE,Towers with Radar,1469,80,35,6,1590,0,1,1,0,2,1469,81,36,6,1592,0,0,0,1592
06/08/2022,LAX,CA,AWP,WE,Towers with Radar,1459,45,25,6,1535,0,0,0,0,0,1459,45,25,6,1535,0,0,0,1535
06/09/2022,LAX,CA,AWP,WE,Towers with Radar,1524,43,0,4,1571,0,0,0,0,0,1524,43,0,4,1571,0,0,0,1571
06/10/2022,LAX,CA,AWP,WE,Towers with Radar,1526,45,4,11,1586,0,0,0,0,0,1526,45,4,11,1586,0,0,0,1586
06/11/2022,LAX,CA,AWP,WE,Towers with Radar,1396,62,22,9,1489,0,0,0,2,2,1396,62,22,11,1491,0,0,0,1491
06/12/2022,LAX,CA,AWP,WE,Towers with Radar,1481,92,30,1,1604,0,0,0,0,0,1481,92,30,1,1604,0,0,0,1604
06/13/2022,LAX,CA,AWP,WE,Towers with Radar,1498,88,35,0,1621,0,0,1,2,3,1498,88,36,2,1624,0,0,0,1624
06/14/2022,LAX,CA,AWP,WE,Towers with Radar,1467,85,31,0,1583,0,0,6,0,6,1467,85,37,0,1589,0,0,0,1589
06/15/2022,LAX,CA,AWP,WE,Towers with Radar,1483,85,35,0,1603,0,0,2,0,2,1483,85,37,0,1605,0,0,0,1605
06/16/2022,LAX,CA,AWP,WE,Towers with Radar,1486,96,38,0,1620,0,0,1,0,1,1486,96,39,0,1621,0,0,0,1621
06/17/2022,LAX,CA,AWP,WE,Towers with Radar,1530,98,34,1,1663,0,2,1,0,3,1530,100,35,1,1666,0,0,0,1666
06/18/2022,LAX,CA,AWP,WE,Towers with Radar,1371,67,23,0,1461,0,0,4,0,4,1371,67,27,0,1465,0,0,0,1465
06/19/2022,LAX,CA,AWP,WE,Towers with Radar,1474,68,28,0,1570,0,0,1,0,1,1474,68,29,0,1571,0,0,0,1571
06/20/2022,LAX,CA,AWP,WE,Towers with Radar,1524,87,37,0,1648,0,0,2,0,2,1524,87,39,0,1650,0,0,0,1650
06/21/2022,LAX,CA,AWP,WE,Towers with Radar,1477,85,34,0,1596,0,3,6,3,12,1477,88,40,3,1608,0,0,0,1608
06/22/2022,LAX,CA,AWP,WE,Towers with Radar,1459,80,63,0,1602,0,1,11,3,15,1459,81,74,3,1617,0,0,0,1617
06/23/2022,LAX,CA,AWP,WE,Towers with Radar,1540,95,48,0,1683,0,1,8,2,11,1540,96,56,2,1694,0,0,0,1694
06/24/2022,LAX,CA,AWP,WE,Towers with Radar,1538,86,44,5,1673,0,0,0,2,2,1538,86,44,7,1675,0,0,0,1675
06/25/2022,LAX,CA,AWP,WE,Towers with Radar,1389,68,25,3,1485,0,0,0,0,0,1389,68,25,3,1485,0,0,0,1485
06/26/2022,LAX,CA,AWP,WE,Towers with Radar,1494,81,29,0,1604,0,2,1,0,3,1494,83,30,0,1607,0,0,0,1607
06/27/2022,LAX,CA,AWP,WE,Towers with Radar,1495,84,36,2,1617,0,0,0,0,0,1495,84,36,2,1617,0,0,0,1617
06/28/2022,LAX,CA,AWP,WE,Towers with Radar,1505,66,25,1,1597,0,1,0,0,1,1505,67,25,1,1598,0,0,0,1598
06/29/2022,LAX,CA,AWP,WE,Towers with Radar,1477,79,28,2,1586,0,0,1,1,2,1477,79,29,3,1588,0,0,0,1588
06/30/2022,LAX,CA,AWP,WE,Towers with Radar,1541,78,20,6,1645,0,0,1,1,2,1541,78,21,7,1647,0,0,0,1647
07/01/2022,LAX,CA,AWP,WE,Towers with Radar,1525,82,36,2,1645,0,0,5,0,5,1525,82,41,2,1650,0,0,0,1650
07/02/2022,LAX,CA,AWP,WE,Towers with Radar,1381,63,17,3,1464,0,0,3,0,3,1381,63,20,3,1467,0,0,0,1467
07/03/2022,LAX,CA,AWP,WE,Towers with Radar,1421,56,12,0,1489,0,0,3,0,3,1421,56,15,0,1492,0,0,0,1492
07/04/2022,LAX,CA,AWP,WE,Towers with Radar,1432,54,15,1,1502,0,0,2,0,2,1432,54,17,1,1504,0,0,0,1504
07/05/2022,LAX,CA,AWP,WE,Towers with Radar,1442,71,48,4,1565,0,0,1,0,1,1442,71,49,4,1566,0,0,0,1566
07/06/2022,LAX,CA,AWP,WE,Towers with Radar,1489,61,29,0,1579,0,0,1,2,3,1489,61,30,2,1582,0,0,0,1582
07/07/2022,LAX,CA,AWP,WE,Towers with Radar,1540,80,23,0,1643,0,1,3,0,4,1540,81,26,0,1647,0,0,0,1647
07/08/2022,LAX,CA,AWP,WE,Towers with Radar,1532,75,21,0,1628,0,1,0,0,1,1532,76,21,0,1629,0,0,0,1629
07/09/2022,LAX,CA,AWP,WE,Towers with Radar,1412,64,22,0,1498,0,0,1,2,3,1412,64,23,2,1501,0,0,0,1501
07/10/2022,LAX,CA,AWP,WE,Towers with Radar,1530,77,34,0,1641,0,1,4,0,5,1530,78,38,0,1646,0,0,0,1646
07/11/2022,LAX,CA,AWP,WE,Towers with Radar,1538,82,26,0,1646,0,0,2,0,2,1538,82,28,0,1648,0,0,0,1648
07/12/2022,LAX,CA,AWP,WE,Towers with Radar,1476,69,36,0,1581,0,0,3,1,4,1476,69,39,1,1585,0,0,0,1585
07/13/2022,LAX,CA,AWP,WE,Towers with Radar,1484,77,33,1,1595,0,0,1,0,1,1484,77,34,1,1596,0,0,0,1596
07/14/2022,LAX,CA,AWP,WE,Towers with Radar,1579,82,43,0,1704,0,1,5,0,6,1579,83,48,0,1710,0,0,0,1710
07/15/2022,LAX,CA,AWP,WE,Towers with Radar,1554,79,45,2,1680,0,0,0,0,0,1554,79,45,2,1680,0,0,0,1680
07/16/2022,LAX,CA,AWP,WE,Towers with Radar,1410,65,33,0,1508,0,0,0,1,1,1410,65,33,1,1509,0,0,0,1509
07/17/2022,LAX,CA,AWP,WE,Towers with Radar,1527,83,31,0,1641,0,0,0,1,1,1527,83,31,1,1642,0,0,0,1642
07/18/2022,LAX,CA,AWP,WE,Towers with Radar,1513,81,41,0,1635,0,0,1,2,3,1513,81,42,2,1638,0,0,0,1638
07/19/2022,LAX,CA,AWP,WE,Towers with Radar,1505,73,36,1,1615,0,0,1,1,2,1505,73,37,2,1617,0,0,0,1617
07/20/2022,LAX,CA,AWP,WE,Towers with Radar,1488,91,50,0,1629,0,0,5,1,6,1488,91,55,1,1635,0,0,0,1635
07/21/2022,LAX,CA,AWP,WE,Towers with Radar,1554,83,29,0,1666,0,0,6,1,7,1554,83,35,1,1673,0,0,0,1673
07/22/2022,LAX,CA,AWP,WE,Towers with Radar,1549,90,22,1,1662,0,0,3,1,4,1549,90,25,2,1666,0,0,0,1666
07/23/2022,LAX,CA,AWP,WE,Towers with Radar,1424,66,20,0,1510,0,0,0,0,0,1424,66,20,0,1510,0,0,0,1510
07/24/2022,LAX,CA,AWP,WE,Towers with Radar,1507,73,30,0,1610,0,0,1,0,1,1507,73,31,0,1611,0,0,0,1611
07/25/2022,LAX,CA,AWP,WE,Towers with Radar,1514,84,32,0,1630,0,1,1,0,2,1514,85,33,0,1632,0,0,0,1632
07/26/2022,LAX,CA,AWP,WE,Towers with Radar,1760,74,36,0,1870,1,0,7,5,13,1761,74,43,5,1883,0,0,0,1883
07/27/2022,LAX,CA,AWP,WE,Towers with Radar,1494,69,19,0,1582,0,0,0,0,0,1494,69,19,0,1582,0,0,0,1582
07/28/2022,LAX,CA,AWP,WE,Towers with Radar,1568,79,29,0,1676,0,0,2,1,3,1568,79,31,1,1679,0,0,0,1679
07/29/2022,LAX,CA,AWP,WE,Towers with Radar,1554,75,34,0,1663,0,0,9,3,12,1554,75,43,3,1675,0,0,0,1675
07/30/2022,LAX,CA,AWP,WE,Towers with Radar,1406,60,27,0,1493,0,0,2,0,2,1406,60,29,0,1495,0,0,0,1495
07/31/2022,LAX,CA,AWP,WE,Towers with Radar,1489,101,27,0,1617,0,0,3,0,3,1489,101,30,0,1620,0,0,0,1620
08/01/2022,LAX,CA,AWP,WE,Towers with Radar,1508,77,30,0,1615,0,0,0,1,1,1508,77,30,1,1616,0,0,0,1616
08/02/2022,LAX,CA,AWP,WE,Towers with Radar,1476,55,35,0,1566,0,0,0,0,0,1476,55,35,0,1566,0,0,0,1566
08/03/2022,LAX,CA,AWP,WE,Towers with Radar,1454,70,56,0,1580,0,0,1,3,4,1454,70,57,3,1584,0,0,0,1584
08/04/2022,LAX,CA,AWP,WE,Towers with Radar,1512,79,39,1,1631,0,0,4,1,5,1512,79,43,2,1636,0,0,0,1636
08/05/2022,LAX,CA,AWP,WE,Towers with Radar,1507,70,20,1,1598,0,0,0,1,1,1507,70,20,2,1599,0,0,0,1599
08/06/2022,LAX,CA,AWP,WE,Towers with Radar,1387,58,18,1,1464,0,1,0,0,1,1387,59,18,1,1465,0,0,0,1465
08/07/2022,LAX,CA,AWP,WE,Towers with Radar,1500,80,36,1,1617,0,1,1,2,4,1500,81,37,3,1621,0,0,0,1621
08/08/2022,LAX,CA,AWP,WE,Towers with Radar,1510,83,36,0,1629,0,1,1,0,2,1510,84,37,0,1631,0,0,0,1631
08/09/2022,LAX,CA,AWP,WE,Towers with Radar,1473,76,19,0,1568,0,0,4,0,4,1473,76,23,0,1572,0,0,0,1572
08/10/2022,LAX,CA,AWP,WE,Towers with Radar,1450,84,30,0,1564,0,0,5,0,5,1450,84,35,0,1569,0,0,0,1569
08/11/2022,LAX,CA,AWP,WE,Towers with Radar,1537,86,39,3,1665,0,0,4,2,6,1537,86,43,5,1671,0,0,0,1671
08/12/2022,LAX,CA,AWP,WE,Towers with Radar,1517,73,37,2,1629,0,1,0,1,2,1517,74,37,3,1631,0,0,0,1631
08/13/2022,LAX,CA,AWP,WE,Towers with Radar,1401,71,31,1,1504,0,0,2,1,3,1401,71,33,2,1507,0,0,0,1507
08/14/2022,LAX,CA,AWP,WE,Towers with Radar,1488,89,32,1,1610,0,0,0,0,0,1488,89,32,1,1610,0,0,0,1610
08/15/2022,LAX,CA,AWP,WE,Towers with Radar,1502,71,33,7,1613,0,0,1,0,1,1502,71,34,7,1614,0,0,0,1614
08/16/2022,LAX,CA,AWP,WE,Towers with Radar,1451,62,51,0,1564,0,0,3,1,4,1451,62,54,1,1568,0,0,0,1568
08/17/2022,LAX,CA,AWP,WE,Towers with Radar,1439,79,39,0,1557,0,0,1,1,2,1439,79,40,1,1559,0,0,0,1559
08/18/2022,LAX,CA,AWP,WE,Towers with Radar,1507,81,36,0,1624,0,0,0,1,1,1507,81,36,1,1625,0,0,0,1625
08/19/2022,LAX,CA,AWP,WE,Towers with Radar,1484,82,28,1,1595,0,0,3,0,3,1484,82,31,1,1598,0,0,0,1598
08/20/2022,LAX,CA,AWP,WE,Towers with Radar,1357,74,22,2,1455,0,0,0,0,0,1357,74,22,2,1455,0,0,0,1455
08/21/2022,LAX,CA,AWP,WE,Towers with Radar,1447,86,38,0,1571,0,0,4,0,4,1447,86,42,0,1575,0,0,0,1575
08/22/2022,LAX,CA,AWP,WE,Towers with Radar,1458,97,51,0,1606,0,0,3,0,3,1458,97,54,0,1609,0,0,0,1609
08/23/2022,LAX,CA,AWP,WE,Towers with Radar,1447,98,40,1,1586,0,0,1,0,1,1447,98,41,1,1587,0,0,0,1587
08/24/2022,LAX,CA,AWP,WE,Towers with Radar,1437,111,34,3,1585,0,0,2,4,6,1437,111,36,7,1591,0,0,0,1591
08/25/2022,LAX,CA,AWP,WE,Towers with Radar,1498,79,49,1,1627,0,0,2,1,3,1498,79,51,2,1630,0,0,0,1630
08/26/2022,LAX,CA,AWP,WE,Towers with Radar,1515,93,39,1,1648,0,0,1,0,1,1515,93,40,1,1649,0,0,0,1649
08/27/2022,LAX,CA,AWP,WE,Towers with Radar,1382,68,28,2,1480,0,0,2,0,2,1382,68,30,2,1482,0,0,0,1482
08/28/2022,LAX,CA,AWP,WE,Towers with Radar,1479,81,22,4,1586,0,0,2,0,2,1479,81,24,4,1588,0,0,0,1588
08/29/2022,LAX,CA,AWP,WE,Towers with Radar,1473,81,42,0,1596,0,0,0,2,2,1473,81,42,2,1598,0,0,0,1598
08/30/2022,LAX,CA,AWP,WE,Towers with Radar,1451,101,33,0,1585,0,1,2,1,4,1451,102,35,1,1589,0,0,0,1589
08/31/2022,LAX,CA,AWP,WE,Towers with Radar,1441,90,47,0,1578,0,1,1,0,2,1441,91,48,0,1580,0,0,0,1580
09/01/2022,LAX,CA,AWP,WE,Towers with Radar,1503,88,49,0,1640,0,1,5,1,7,1503,89,54,1,1647,0,0,0,1647
09/02/2022,LAX,CA,AWP,WE,Towers with Radar,1487,78,29,0,1594,1,0,2,0,3,1488,78,31,0,1597,0,0,0,1597
09/03/2022,LAX,CA,AWP,WE,Towers with Radar,1313,63,21,0,1397,0,0,4,0,4,1313,63,25,0,1401,0,0,0,1401
09/04/2022,LAX,CA,AWP,WE,Towers with Radar,1385,67,19,0,1471,0,0,3,0,3,1385,67,22,0,1474,0,0,0,1474
09/05/2022,LAX,CA,AWP,WE,Towers with Radar,1438,96,27,0,1561,0,0,7,0,7,1438,96,34,0,1568,0,0,0,1568
09/06/2022,LAX,CA,AWP,WE,Towers with Radar,1355,74,31,0,1460,0,0,4,0,4,1355,74,35,0,1464,0,0,0,1464
09/07/2022,LAX,CA,AWP,WE,Towers with Radar,1339,67,43,0,1449,0,0,0,1,1,1339,67,43,1,1450,0,0,0,1450
09/08/2022,LAX,CA,AWP,WE,Towers with Radar,1472,94,54,0,1620,0,0,5,0,5,1472,94,59,0,1625,0,0,0,1625
09/09/2022,LAX,CA,AWP,WE,Towers with Radar,1455,90,41,3,1589,0,2,0,0,2,1455,92,41,3,1591,0,0,0,1591
09/10/2022,LAX,CA,AWP,WE,Towers with Radar,1333,64,24,1,1422,0,0,2,0,2,1333,64,26,1,1424,0,0,0,1424
09/11/2022,LAX,CA,AWP,WE,Towers with Radar,1429,78,56,0,1563,0,0,0,0,0,1429,78,56,0,1563,0,0,0,1563
09/12/2022,LAX,CA,AWP,WE,Towers with Radar,1424,92,51,0,1567,0,0,1,0,1,1424,92,52,0,1568,0,0,0,1568
09/13/2022,LAX,CA,AWP,WE,Towers with Radar,1361,73,36,0,1470,0,0,1,0,1,1361,73,37,0,1471,0,0,0,1471
09/14/2022,LAX,CA,AWP,WE,Towers with Radar,1354,67,42,0,1463,0,0,4,5,9,1354,67,46,5,1472,0,0,0,1472
09/15/2022,LAX,CA,AWP,WE,Towers with Radar,1476,89,53,0,1618,0,0,2,1,3,1476,89,55,1,1621,0,0,0,1621
09/16/2022,LAX,CA,AWP,WE,Towers with Radar,1473,86,28,1,1588,0,0,1,0,1,1473,86,29,1,1589,0,0,0,1589
09/17/2022,LAX,CA,AWP,WE,Towers with Radar,1299,62,21,0,1382,1,1,2,0,4,1300,63,23,0,1386,0,0,0,1386
09/18/2022,LAX,CA,AWP,WE,Towers with Radar,1395,103,46,1,1545,0,0,0,1,1,1395,103,46,2,1546,0,0,0,1546
09/19/2022,LAX,CA,AWP,WE,Towers with Radar,1439,61,39,0,1539,0,0,2,0,2,1439,61,41,0,1541,0,0,0,1541
09/20/2022,LAX,CA,AWP,WE,Towers with Radar,1372,63,42,0,1477,0,1,2,0,3,1372,64,44,0,1480,0,0,0,1480
09/21/2022,LAX,CA,AWP,WE,Towers with Radar,1347,76,37,2,1462,0,1,0,0,1,1347,77,37,2,1463,0,0,0,1463
09/22/2022,LAX,CA,AWP,WE,Towers with Radar,1462,79,42,0,1583,0,0,2,1,3,1462,79,44,1,1586,0,0,0,1586
09/23/2022,LAX,CA,AWP,WE,Towers with Radar,1479,71,41,0,1591,0,0,2,1,3,1479,71,43,1,1594,0,0,0,1594
09/24/2022,LAX,CA,AWP,WE,Towers with Radar,1319,65,28,0,1412,0,0,1,0,1,1319,65,29,0,1413,0,0,0,1413
09/25/2022,LAX,CA,AWP,WE,Towers with Radar,1410,91,27,0,1528,0,0,4,0,4,1410,91,31,0,1532,0,0,0,1532
09/26/2022,LAX,CA,AWP,WE,Towers with Radar,1456,65,28,0,1549,0,0,1,1,2,1456,65,29,1,1551,0,0,0,1551
09/27/2022,LAX,CA,AWP,WE,Towers with Radar,1344,56,29,0,1429,0,0,6,0,6,1344,56,35,0,1435,0,0,0,1435
09/28/2022,LAX,CA,AWP,WE,Towers with Radar,1321,52,20,0,1393,0,0,2,1,3,1321,52,22,1,1396,0,0,0,1396
09/29/2022,LAX,CA,AWP,WE,Towers with Radar,1475,75,34,0,1584,1,1,0,1,3,1476,76,34,1,1587,0,0,0,1587
09/30/2022,LAX,CA,AWP,WE,Towers with Radar,1471,92,33,0,1596,0,0,0,0,0,1471,92,33,0,1596,0,0,0,1596
10/01/2022,LAX,CA,AWP,WE,Towers with Radar,1274,74,23,1,1372,1,0,4,1,6,1275,74,27,2,1378,0,0,0,1378
10/02/2022,LAX,CA,AWP,WE,Towers with Radar,1389,74,28,0,1491,1,0,2,1,4,1390,74,30,1,1495,0,0,0,1495
10/03/2022,LAX,CA,AWP,WE,Towers with Radar,1418,79,47,0,1544,0,1,3,1,5,1418,80,50,1,1549,0,0,0,1549
10/04/2022,LAX,CA,AWP,WE,Towers with Radar,1341,75,43,0,1459,0,0,2,1,3,1341,75,45,1,1462,0,0,0,1462
10/05/2022,LAX,CA,AWP,WE,Towers with Radar,1335,76,32,1,1444,0,0,0,0,0,1335,76,32,1,1444,0,0,0,1444
10/06/2022,LAX,CA,AWP,WE,Towers with Radar,1447,86,38,1,1572,0,0,2,0,2,1447,86,40,1,1574,1,0,1,1575
10/07/2022,LAX,CA,AWP,WE,Towers with Radar,1436,84,37,1,1558,0,0,0,0,0,1436,84,37,1,1558,0,0,0,1558
10/08/2022,LAX,CA,AWP,WE,Towers with Radar,1277,69,21,0,1367,0,0,1,1,2,1277,69,22,1,1369,1,0,1,1370
10/09/2022,LAX,CA,AWP,WE,Towers with Radar,1376,88,63,1,1528,0,0,1,0,1,1376,88,64,1,1529,0,0,0,1529
10/10/2022,LAX,CA,AWP,WE,Towers with Radar,1397,67,37,0,1501,0,0,5,0,5,1397,67,42,0,1506,0,0,0,1506
10/11/2022,LAX,CA,AWP,WE,Towers with Radar,1353,67,33,6,1459,0,0,0,0,0,1353,67,33,6,1459,0,0,0,1459
10/12/2022,LAX,CA,AWP,WE,Towers with Radar,1360,57,23,1,1441,0,1,3,0,4,1360,58,26,1,1445,0,0,0,1445
10/13/2022,LAX,CA,AWP,WE,Towers with Radar,1457,36,1,2,1496,0,0,0,0,0,1457,36,1,2,1496,0,0,0,1496
10/14/2022,LAX,CA,AWP,WE,Towers with Radar,1453,55,27,9,1544,0,0,0,0,0,1453,55,27,9,1544,0,0,0,1544
10/15/2022,LAX,CA,AWP,WE,Towers with Radar,1294,58,30,1,1383,0,0,0,0,0,1294,58,30,1,1383,0,0,0,1383
10/16/2022,LAX,CA,AWP,WE,Towers with Radar,1375,82,41,0,1498,0,0,1,0,1,1375,82,42,0,1499,0,0,0,1499
10/17/2022,LAX,CA,AWP,WE,Towers with Radar,1388,96,62,1,1547,0,0,1,3,4,1388,96,63,4,1551,0,0,0,1551
10/18/2022,LAX,CA,AWP,WE,Towers with Radar,1368,58,55,4,1485,0,0,3,0,3,1368,58,58,4,1488,0,0,0,1488
10/19/2022,LAX,CA,AWP,WE,Towers with Radar,1365,87,46,0,1498,0,0,10,1,11,1365,87,56,1,1509,0,0,0,1509
10/20/2022,LAX,CA,AWP,WE,Towers with Radar,1438,84,43,4,1569,0,0,9,0,9,1438,84,52,4,1578,0,0,0,1578
10/21/2022,LAX,CA,AWP,WE,Towers with Radar,1431,88,42,7,1568,1,0,2,1,4,1432,88,44,8,1572,0,0,0,1572
10/22/2022,LAX,CA,AWP,WE,Towers with Radar,1285,69,23,1,1378,0,0,0,2,2,1285,69,23,3,1380,0,0,0,1380
10/23/2022,LAX,CA,AWP,WE,Towers with Radar,1365,93,50,1,1509,0,0,1,3,4,1365,93,51,4,1513,0,0,0,1513
10/24/2022,LAX,CA,AWP,WE,Towers with Radar,1401,72,39,0,1512,0,0,0,0,0,1401,72,39,0,1512,0,0,0,1512
10/25/2022,LAX,CA,AWP,WE,Towers with Radar,1377,66,28,0,1471,0,0,2,1,3,1377,66,30,1,1474,0,0,0,1474
10/26/2022,LAX,CA,AWP,WE,Towers with Radar,1371,73,29,0,1473,0,0,2,2,4,1371,73,31,2,1477,0,0,0,1477
10/27/2022,LAX,CA,AWP,WE,Towers with Radar,1436,96,36,0,1568,0,0,2,1,3,1436,96,38,1,1571,0,0,0,1571
10/28/2022,LAX,CA,AWP,WE,Towers with Radar,1407,80,40,0,1527,0,0,2,0,2,1407,80,42,0,1529,0,0,0,1529
10/29/2022,LAX,CA,AWP,WE,Towers with Radar,1283,74,20,0,1377,0,0,0,0,0,1283,74,20,0,1377,0,0,0,1377
10/30/2022,LAX,CA,AWP,WE,Towers with Radar,1337,67,47,0,1451,0,0,2,1,3,1337,67,49,1,1454,0,0,0,1454
10/31/2022,LAX,CA,AWP,WE,Towers with Radar,1288,62,25,0,1375,0,0,0,0,0,1288,62,25,0,1375,0,0,0,1375
11/01/2022,LAX,CA,AWP,WE,Towers with Radar,1352,55,29,1,1437,0,0,2,0,2,1352,55,31,1,1439,0,0,0,1439
11/02/2022,LAX,CA,AWP,WE,Towers with Radar,1381,56,33,1,1471,0,0,0,0,0,1381,56,33,1,1471,0,0,0,1471
11/03/2022,LAX,CA,AWP,WE,Towers with Radar,1454,85,36,1,1576,0,0,2,2,4,1454,85,38,3,1580,0,0,0,1580
11/04/2022,LAX,CA,AWP,WE,Towers with Radar,1420,78,46,2,1546,0,0,9,0,9,1420,78,55,2,1555,0,0,0,1555
11/05/2022,LAX,CA,AWP,WE,Towers with Radar,1282,63,32,4,1381,0,0,2,0,2,1282,63,34,4,1383,0,0,0,1383
11/06/2022,LAX,CA,AWP,WE,Towers with Radar,1412,84,33,1,1530,0,0,1,0,1,1412,84,34,1,1531,0,0,0,1531
11/07/2022,LAX,CA,AWP,WE,Towers with Radar,1400,71,45,1,1517,0,0,0,0,0,1400,71,45,1,1517,0,0,0,1517
11/08/2022,LAX,CA,AWP,WE,Towers with Radar,1369,63,22,0,1454,0,0,0,1,1,1369,63,22,1,1455,0,0,0,1455
11/09/2022,LAX,CA,AWP,WE,Towers with Radar,1384,57,33,10,1484,0,0,1,2,3,1384,57,34,12,1487,0,0,0,1487
11/10/2022,LAX,CA,AWP,WE,Towers with Radar,1420,83,42,0,1545,0,0,8,1,9,1420,83,50,1,1554,0,0,0,1554
11/11/2022,LAX,CA,AWP,WE,Towers with Radar,1416,58,50,0,1524,0,0,3,0,3,1416,58,53,0,1527,0,0,0,1527
11/12/2022,LAX,CA,AWP,WE,Towers with Radar,1305,54,22,0,1381,0,0,0,0,0,1305,54,22,0,1381,0,0,0,1381
11/13/2022,LAX,CA,AWP,WE,Towers with Radar,1419,96,45,1,1561,0,1,0,2,3,1419,97,45,3,1564,0,0,0,1564
11/14/2022,LAX,CA,AWP,WE,Towers with Radar,1409,60,31,1,1501,0,0,9,0,9,1409,60,40,1,1510,0,0,0,1510
11/15/2022,LAX,CA,AWP,WE,Towers with Radar,1369,63,31,4,1467,0,1,2,0,3,1369,64,33,4,1470,0,0,0,1470
11/16/2022,LAX,CA,AWP,WE,Towers with Radar,1404,78,41,4,1527,0,0,1,0,1,1404,78,42,4,1528,0,0,0,1528
11/17/2022,LAX,CA,AWP,WE,Towers with Radar,1439,92,28,2,1561,0,0,7,1,8,1439,92,35,3,1569,0,0,0,1569
11/18/2022,LAX,CA,AWP,WE,Towers with Radar,1464,76,60,4,1604,0,0,3,0,3,1464,76,63,4,1607,0,0,0,1607
11/19/2022,LAX,CA,AWP,WE,Towers with Radar,1360,79,40,2,1481,0,0,1,0,1,1360,79,41,2,1482,0,0,0,1482
11/20/2022,LAX,CA,AWP,WE,Towers with Radar,1472,97,61,0,1630,0,0,8,0,8,1472,97,69,0,1638,0,0,0,1638
11/21/2022,LAX,CA,AWP,WE,Towers with Radar,1442,79,35,2,1558,0,0,1,0,1,1442,79,36,2,1559,0,0,0,1559
11/22/2022,LAX,CA,AWP,WE,Towers with Radar,1415,79,33,2,1529,0,0,1,0,1,1415,79,34,2,1530,0,0,0,1530
11/23/2022,LAX,CA,AWP,WE,Towers with Radar,1460,84,37,0,1581,0,0,1,0,1,1460,84,38,0,1582,0,0,0,1582
11/24/2022,LAX,CA,AWP,WE,Towers with Radar,1053,39,13,0,1105,0,0,1,0,1,1053,39,14,0,1106,0,0,0,1106
11/25/2022,LAX,CA,AWP,WE,Towers with Radar,1347,69,22,0,1438,0,0,3,0,3,1347,69,25,0,1441,0,0,0,1441
11/26/2022,LAX,CA,AWP,WE,Towers with Radar,1387,71,35,0,1493,0,0,3,0,3,1387,71,38,0,1496,0,0,0,1496
11/27/2022,LAX,CA,AWP,WE,Towers with Radar,1482,100,79,2,1663,0,0,1,0,1,1482,100,80,2,1664,0,0,0,1664
11/28/2022,LAX,CA,AWP,WE,Towers with Radar,1449,76,55,7,1587,0,0,0,0,0,1449,76,55,7,1587,0,0,0,1587
11/29/2022,LAX,CA,AWP,WE,Towers with Radar,1397,59,33,1,1490,0,1,3,0,4,1397,60,36,1,1494,0,0,0,1494
11/30/2022,LAX,CA,AWP,WE,Towers with Radar,1371,51,37,2,1461,0,0,2,2,4,1371,51,39,4,1465,0,0,0,1465
12/01/2022,LAX,CA,AWP,WE,Towers with Radar,1403,78,41,3,1525,0,0,2,0,2,1403,78,43,3,1527,0,0,0,1527
12/02/2022,LAX,CA,AWP,WE,Towers with Radar,1419,68,40,1,1528,0,0,0,0,0,1419,68,40,1,1528,0,0,0,1528
12/03/2022,LAX,CA,AWP,WE,Towers with Radar,1316,55,35,2,1408,0,0,2,0,2,1316,55,37,2,1410,0,0,0,1410
12/04/2022,LAX,CA,AWP,WE,Towers with Radar,1399,73,56,1,1529,0,0,0,0,0,1399,73,56,1,1529,0,0,0,1529
12/05/2022,LAX,CA,AWP,WE,Towers with Radar,1396,66,43,1,1506,0,0,0,0,0,1396,66,43,1,1506,0,0,0,1506
12/06/2022,LAX,CA,AWP,WE,Towers with Radar,1338,52,35,3,1428,0,0,1,0,1,1338,52,36,3,1429,0,0,0,1429
12/07/2022,LAX,CA,AWP,WE,Towers with Radar,1372,71,46,0,1489,0,0,0,0,0,1372,71,46,0,1489,0,0,0,1489
12/08/2022,LAX,CA,AWP,WE,Towers with Radar,1409,82,55,0,1546,0,0,1,0,1,1409,82,56,0,1547,0,0,0,1547
12/09/2022,LAX,CA,AWP,WE,Towers with Radar,1414,70,39,1,1524,0,0,2,5,7,1414,70,41,6,1531,0,0,0,1531
12/10/2022,LAX,CA,AWP,WE,Towers with Radar,1308,53,25,3,1389,0,1,1,0,2,1308,54,26,3,1391,0,0,0,1391
12/11/2022,LAX,CA,AWP,WE,Towers with Radar,1408,80,46,4,1538,0,0,0,0,0,1408,80,46,4,1538,0,0,0,1538
12/12/2022,LAX,CA,AWP,WE,Towers with Radar,1387,63,35,0,1485,0,0,1,0,1,1387,63,36,0,1486,0,0,0,1486
12/13/2022,LAX,CA,AWP,WE,Towers with Radar,1351,71,36,1,1459,0,1,3,2,6,1351,72,39,3,1465,0,0,0,1465
12/14/2022,LAX,CA,AWP,WE,Towers with Radar,1354,48,38,1,1441,0,1,0,1,2,1354,49,38,2,1443,0,0,0,1443
12/15/2022,LAX,CA,AWP,WE,Towers with Radar,1451,87,47,0,1585,0,0,3,0,3,1451,87,50,0,1588,0,0,0,1588
12/16/2022,LAX,CA,AWP,WE,Towers with Radar,1491,80,43,0,1614,0,0,3,0,3,1491,80,46,0,1617,0,0,0,1617
12/17/2022,LAX,CA,AWP,WE,Towers with Radar,1396,63,47,1,1507,0,0,0,1,1,1396,63,47,2,1508,0,0,0,1508
12/18/2022,LAX,CA,AWP,WE,Towers with Radar,1454,70,20,0,1544,0,0,3,0,3,1454,70,23,0,1547,0,0,0,1547
12/19/2022,LAX,CA,AWP,WE,Towers with Radar,1444,61,23,3,1531,0,0,2,1,3,1444,61,25,4,1534,0,0,0,1534
12/20/2022,LAX,CA,AWP,WE,Towers with Radar,1437,68,27,0,1532,0,0,0,3,3,1437,68,27,3,1535,0,0,0,1535
12/21/2022,LAX,CA,AWP,WE,Towers with Radar,1447,74,26,0,1547,0,0,1,0,1,1447,74,27,0,1548,0,0,0,1548
12/22/2022,LAX,CA,AWP,WE,Towers with Radar,1432,70,41,0,1543,0,0,0,0,0,1432,70,41,0,1543,0,0,0,1543
12/23/2022,LAX,CA,AWP,WE,Towers with Radar,1332,72,43,0,1447,0,1,2,0,3,1332,73,45,0,1450,0,0,0,1450
12/24/2022,LAX,CA,AWP,WE,Towers with Radar,1119,46,14,0,1179,0,0,2,0,2,1119,46,16,0,1181,0,0,0,1181
12/25/2022,LAX,CA,AWP,WE,Towers with Radar,1035,48,19,0,1102,0,1,5,1,7,1035,49,24,1,1109,0,0,0,1109
12/26/2022,LAX,CA,AWP,WE,Towers with Radar,1229,80,41,0,1350,0,0,2,0,2,1229,80,43,0,1352,0,0,0,1352
12/27/2022,LAX,CA,AWP,WE,Towers with Radar,1268,60,45,1,1374,0,1,1,0,2,1268,61,46,1,1376,0,0,0,1376
12/28/2022,LAX,CA,AWP,WE,Towers with Radar,1357,68,39,2,1466,0,1,2,0,3,1357,69,41,2,1469,0,0,0,1469
12/29/2022,LAX,CA,AWP,WE,Towers with Radar,1363,72,33,3,1471,0,0,2,1,3,1363,72,35,4,1474,0,0,0,1474
12/30/2022,LAX,CA,AWP,WE,Towers with Radar,1452,62,33,0,1547,0,0,1,0,1,1452,62,34,0,1548,0,0,0,1548
12/31/2022,LAX,CA,AWP,WE,Towers with Radar,1218,46,28,0,1292,0,0,0,0,0,1218,46,28,0,1292,0,0,0,1292
01/01/2023,LAX,CA,AWP,WE,Towers with Radar,1317,65,46,2,1430,0,1,0,0,1,1317,66,46,2,1431,0,0,0,1431
01/02/2023,LAX,CA,AWP,WE,Towers with Radar,1396,98,73,4,1571,0,0,2,0,2,1396,98,75,4,1573,0,0,0,1573
01/03/2023,LAX,CA,AWP,WE,Towers with Radar,1451,82,63,1,1597,0,0,1,0,1,1451,82,64,1,1598,0,0,0,1598
01/04/2023,LAX,CA,AWP,WE,Towers with Radar,1395,62,62,0,1519,0,0,0,0,0,1395,62,62,0,1519,0,0,0,1519
01/05/2023,LAX,CA,AWP,WE,Towers with Radar,1439,66,40,1,1546,0,0,1,0,1,1439,66,41,1,1547,0,0,0,1547
01/06/2023,LAX,CA,AWP,WE,Towers with Radar,1426,62,48,1,1537,0,0,9,0,9,1426,62,57,1,1546,0,0,0,1546
01/07/2023,LAX,CA,AWP,WE,Towers with Radar,1326,91,38,0,1455,0,0,5,0,5,1326,91,43,0,1460,0,0,0,1460
01/08/2023,LAX,CA,AWP,WE,Towers with Radar,1402,114,58,1,1575,0,0,2,0,2,1402,114,60,1,1577,0,0,0,1577
01/09/2023,LAX,CA,AWP,WE,Towers with Radar,1392,111,103,0,1606,0,0,0,0,0,1392,111,103,0,1606,0,0,0,1606
01/10/2023,LAX,CA,AWP,WE,Towers with Radar,1394,97,61,0,1552,0,0,1,1,2,1394,97,62,1,1554,0,0,0,1554
01/11/2023,LAX,CA,AWP,WE,Towers with Radar,1315,63,35,0,1413,0,0,1,1,2,1315,63,36,1,1415,0,0,0,1415
01/12/2023,LAX,CA,AWP,WE,Towers with Radar,1425,68,29,0,1522,0,0,1,2,3,1425,68,30,2,1525,0,0,0,1525
01/13/2023,LAX,CA,AWP,WE,Towers with Radar,1415,70,46,0,1531,0,0,1,0,1,1415,70,47,0,1532,0,0,0,1532
01/14/2023,LAX,CA,AWP,WE,Towers with Radar,1247,56,36,0,1339,0,0,0,0,0,1247,56,36,0,1339,0,0,0,1339
01/15/2023,LAX,CA,AWP,WE,Towers with Radar,1300,45,30,0,1375,0,1,1,0,2,1300,46,31,0,1377,0,0,0,1377
01/16/2023,LAX,CA,AWP,WE,Towers with Radar,1381,54,38,1,1474,0,0,1,0,1,1381,54,39,1,1475,0,0,0,1475
01/17/2023,LAX,CA,AWP,WE,Towers with Radar,1356,55,28,0,1439,0,0,1,1,2,1356,55,29,1,1441,0,0,0,1441
01/18/2023,LAX,CA,AWP,WE,Towers with Radar,1316,63,34,2,1415,0,1,4,0,5,1316,64,38,2,1420,0,0,0,1420
01/19/2023,LAX,CA,AWP,WE,Towers with Radar,1407,65,28,2,1502,0,0,3,1,4,1407,65,31,3,1506,0,0,0,1506
01/20/2023,LAX,CA,AWP,WE,Towers with Radar,1415,66,32,2,1515,0,0,3,0,3,1415,66,35,2,1518,0,0,0,1518
01/21/2023,LAX,CA,AWP,WE,Towers with Radar,1255,44,21,4,1324,0,0,0,0,0,1255,44,21,4,1324,0,0,0,1324
01/22/2023,LAX,CA,AWP,WE,Towers with Radar,1331,76,41,0,1448,0,0,0,0,0,1331,76,41,0,1448,0,0,0,1448
01/23/2023,LAX,CA,AWP,WE,Towers with Radar,1392,61,31,0,1484,0,0,2,1,3,1392,61,33,1,1487,0,0,0,1487
01/24/2023,LAX,CA,AWP,WE,Towers with Radar,1298,65,44,2,1409,0,0,0,0,0,1298,65,44,2,1409,0,0,0,1409
01/25/2023,LAX,CA,AWP,WE,Towers with Radar,1322,63,41,3,1429,0,0,2,1,3,1322,63,43,4,1432,0,0,0,1432
01/26/2023,LAX,CA,AWP,WE,Towers with Radar,1419,81,39,4,1543,0,0,4,1,5,1419,81,43,5,1548,0,0,0,1548
01/27/2023,LAX,CA,AWP,WE,Towers with Radar,1412,72,52,0,1536,0,0,2,0,2,1412,72,54,0,1538,0,0,0,1538
01/28/2023,LAX,CA,AWP,WE,Towers with Radar,1235,44,18,1,1298,0,0,4,0,4,1235,44,22,1,1302,0,0,0,1302
01/29/2023,LAX,CA,AWP,WE,Towers with Radar,1330,57,35,0,1422,0,0,0,0,0,1330,57,35,0,1422,0,0,0,1422
01/30/2023,LAX,CA,AWP,WE,Towers with Radar,1334,50,33,2,1419,0,0,1,3,4,1334,50,34,5,1423,0,0,0,1423
01/31/2023,LAX,CA,AWP,WE,Towers with Radar,1248,68,26,0,1342,0,1,3,0,4,1248,69,29,0,1346,0,0,0,1346
02/01/2023,LAX,CA,AWP,WE,Towers with Radar,1259,62,30,0,1351,0,0,0,0,0,1259,62,30,0,1351,0,0,0,1351
02/02/2023,LAX,CA,AWP,WE,Towers with Radar,1387,66,34,0,1487,0,0,0,0,0,1387,66,34,0,1487,0,0,0,1487
02/03/2023,LAX,CA,AWP,WE,Towers with Radar,1416,63,39,0,1518,0,0,1,0,1,1416,63,40,0,1519,0,0,0,1519
02/04/2023,LAX,CA,AWP,WE,Towers with Radar,1257,47,27,0,1331,0,0,1,0,1,1257,47,28,0,1332,0,0,0,1332
02/05/2023,LAX,CA,AWP,WE,Towers with Radar,1347,80,39,0,1466,0,0,1,0,1,1347,80,40,0,1467,0,0,0,1467
02/06/2023,LAX,CA,AWP,WE,Towers with Radar,1397,68,43,2,1510,1,0,0,0,1,1398,68,43,2,1511,0,0,0,1511
02/07/2023,LAX,CA,AWP,WE,Towers with Radar,1348,40,32,1,1421,0,0,4,2,6,1348,40,36,3,1427,0,0,0,1427
02/08/2023,LAX,CA,AWP,WE,Towers with Radar,1364,67,43,1,1475,0,0,0,0,0,1364,67,43,1,1475,0,0,0,1475
02/09/2023,LAX,CA,AWP,WE,Towers with Radar,1408,68,40,0,1516,0,0,1,1,2,1408,68,41,1,1518,0,0,0,1518
02/10/2023,LAX,CA,AWP,WE,Towers with Radar,1409,68,53,0,1530,0,0,4,0,4,1409,68,57,0,1534,0,0,0,1534
02/11/2023,LAX,CA,AWP,WE,Towers with Radar,1263,47,32,0,1342,0,0,2,0,2,1263,47,34,0,1344,0,0,0,1344
02/12/2023,LAX,CA,AWP,WE,Towers with Radar,1311,69,22,2,1404,0,0,1,0,1,1311,69,23,2,1405,0,0,0,1405
02/13/2023,LAX,CA,AWP,WE,Towers with Radar,1355,86,51,2,1494,0,0,3,3,6,1355,86,54,5,1500,0,0,0,1500
02/14/2023,LAX,CA,AWP,WE,Towers with Radar,1351,34,20,0,1405,0,0,3,0,3,1351,34,23,0,1408,0,0,0,1408
02/15/2023,LAX,CA,AWP,WE,Towers with Radar,1352,72,33,2,1459,0,0,4,0,4,1352,72,37,2,1463,0,0,0,1463
02/16/2023,LAX,CA,AWP,WE,Towers with Radar,1419,105,59,1,1584,0,0,0,0,0,1419,105,59,1,1584,0,0,0,1584
02/17/2023,LAX,CA,AWP,WE,Towers with Radar,1426,85,39,2,1552,0,1,4,2,7,1426,86,43,4,1559,0,0,0,1559
02/18/2023,LAX,CA,AWP,WE,Towers with Radar,1295,73,19,1,1388,0,0,8,0,8,1295,73,27,1,1396,0,0,0,1396
02/19/2023,LAX,CA,AWP,WE,Towers with Radar,1330,61,32,1,1424,0,0,1,0,1,1330,61,33,1,1425,0,0,0,1425
02/20/2023,LAX,CA,AWP,WE,Towers with Radar,1399,79,45,0,1523,0,0,1,0,1,1399,79,46,0,1524,0,0,0,1524
02/21/2023,LAX,CA,AWP,WE,Towers with Radar,1352,61,32,1,1446,0,0,1,0,1,1352,61,33,1,1447,0,0,0,1447
02/22/2023,LAX,CA,AWP,WE,Towers with Radar,1329,55,29,0,1413,0,0,2,0,2,1329,55,31,0,1415,0,0,0,1415
02/23/2023,LAX,CA,AWP,WE,Towers with Radar,1389,79,32,0,1500,0,0,1,0,1,1389,79,33,0,1501,0,0,0,1501
02/24/2023,LAX,CA,AWP,WE,Towers with Radar,1315,54,28,0,1397,0,0,0,0,0,1315,54,28,0,1397,0,0,0,1397
02/25/2023,LAX,CA,AWP,WE,Towers with Radar,1314,58,31,1,1404,0,1,0,0,1,1314,59,31,1,1405,0,0,0,1405
02/26/2023,LAX,CA,AWP,WE,Towers with Radar,1376,68,36,0,1480,0,0,2,0,2,1376,68,38,0,1482,0,0,0,1482
02/27/2023,LAX,CA,AWP,WE,Towers with Radar,1398,50,33,0,1481,0,0,0,0,0,1398,50,33,0,1481,0,0,0,1481
02/28/2023,LAX,CA,AWP,WE,Towers with Radar,1355,46,27,0,1428,0,1,4,3,8,1355,47,31,3,1436,0,0,0,1436
03/01/2023,LAX,CA,AWP,WE,Towers with Radar,1368,58,36,1,1463,0,0,4,0,4,1368,58,40,1,1467,0,0,0,1467
03/02/2023,LAX,CA,AWP,WE,Towers with Radar,1433,66,51,3,1553,0,0,0,1,1,1433,66,51,4,1554,0,0,0,1554
03/03/2023,LAX,CA,AWP,WE,Towers with Radar,1434,55,30,1,1520,0,1,3,0,4,1434,56,33,1,1524,0,0,0,1524
03/04/2023,LAX,CA,AWP,WE,Towers with Radar,1286,50,16,0,1352,0,0,1,0,1,1286,50,17,0,1353,0,0,0,1353
03/05/2023,LAX,CA,AWP,WE,Towers with Radar,1383,78,30,1,1492,0,0,1,0,1,1383,78,31,1,1493,0,0,0,1493
03/06/2023,LAX,CA,AWP,WE,Towers with Radar,1419,62,34,5,1520,0,0,0,0,0,1419,62,34,5,1520,0,0,0,1520
03/07/2023,LAX,CA,AWP,WE,Towers with Radar,1368,71,28,0,1467,0,0,1,2,3,1368,71,29,2,1470,0,0,0,1470
03/08/2023,LAX,CA,AWP,WE,Towers with Radar,1369,91,29,0,1489,1,0,1,0,2,1370,91,30,0,1491,0,0,0,1491
03/09/2023,LAX,CA,AWP,WE,Towers with Radar,1464,73,41,0,1578,0,0,1,1,2,1464,73,42,1,1580,0,0,0,1580
03/10/2023,LAX,CA,AWP,WE,Towers with Radar,1463,95,50,2,1610,0,0,2,0,2,1463,95,52,2,1612,0,0,0,1612
03/11/2023,LAX,CA,AWP,WE,Towers with Radar,1357,66,41,0,1464,1,0,0,0,1,1358,66,41,0,1465,0,0,0,1465
03/12/2023,LAX,CA,AWP,WE,Towers with Radar,1383,78,45,2,1508,0,0,0,0,0,1383,78,45,2,1508,0,0,0,1508
03/13/2023,LAX,CA,AWP,WE,Towers with Radar,1448,82,37,2,1569,0,0,1,0,1,1448,82,38,2,1570,0,0,0,1570
03/14/2023,LAX,CA,AWP,WE,Towers with Radar,1375,54,27,4,1460,0,0,0,0,0,1375,54,27,4,1460,0,0,0,1460
03/15/2023,LAX,CA,AWP,WE,Towers with Radar,1425,78,31,1,1535,0,0,0,0,0,1425,78,31,1,1535,0,0,0,1535
03/16/2023,LAX,CA,AWP,WE,Towers with Radar,1470,73,46,2,1591,1,1,4,0,6,1471,74,50,2,1597,0,0,0,1597
03/17/2023,LAX,CA,AWP,WE,Towers with Radar,1465,65,27,1,1558,0,0,7,0,7,1465,65,34,1,1565,0,0,0,1565
03/18/2023,LAX,CA,AWP,WE,Towers with Radar,1323,51,23,0,1397,0,0,7,1,8,1323,51,30,1,1405,0,0,0,1405
03/19/2023,LAX,CA,AWP,WE,Towers with Radar,1385,75,48,0,1508,0,0,0,0,0,1385,75,48,0,1508,0,0,0,1508
03/20/2023,LAX,CA,AWP,WE,Towers with Radar,1445,59,41,1,1546,0,0,0,1,1,1445,59,41,2,1547,0,0,0,1547
03/21/2023,LAX,CA,AWP,WE,Towers with Radar,1388,40,37,0,1465,0,1,0,0,1,1388,41,37,0,1466,0,0,0,1466
03/22/2023,LAX,CA,AWP,WE,Towers with Radar,1404,61,36,1,1502,0,0,0,0,0,1404,61,36,1,1502,0,0,0,1502
03/23/2023,LAX,CA,AWP,WE,Towers with Radar,1478,76,33,0,1587,1,0,5,1,7,1479,76,38,1,1594,0,0,0,1594
03/24/2023,LAX,CA,AWP,WE,Towers with Radar,1464,78,31,0,1573,0,0,10,0,10,1464,78,41,0,1583,0,0,0,1583
03/25/2023,LAX,CA,AWP,WE,Towers with Radar,1339,55,20,0,1414,0,0,3,0,3,1339,55,23,0,1417,0,0,0,1417
03/26/2023,LAX,CA,AWP,WE,Towers with Radar,1351,87,35,1,1474,0,1,0,0,1,1351,88,35,1,1475,0,0,0,1475
03/27/2023,LAX,CA,AWP,WE,Towers with Radar,1445,56,27,0,1528,0,0,2,0,2,1445,56,29,0,1530,0,0,0,1530
03/28/2023,LAX,CA,AWP,WE,Towers with Radar,1377,56,22,0,1455,0,0,2,2,4,1377,56,24,2,1459,0,0,0,1459
03/29/2023,LAX,CA,AWP,WE,Towers with Radar,1404,68,30,0,1502,0,0,1,1,2,1404,68,31,1,1504,0,0,0,1504
03/30/2023,LAX,CA,AWP,WE,Towers with Radar,1444,78,38,0,1560,0,2,7,2,11,1444,80,45,2,1571,0,0,0,1571
03/31/2023,LAX,CA,AWP,WE,Towers with Radar,1423,79,36,1,1539,0,0,7,1,8,1423,79,43,2,1547,0,0,0,1547
04/01/2023,LAX,CA,AWP,WE,Towers with Radar,1280,87,48,1,1416,0,0,0,0,0,1280,87,48,1,1416,0,0,0,1416
04/02/2023,LAX,CA,AWP,WE,Towers with Radar,1356,82,33,0,1471,0,0,0,0,0,1356,82,33,0,1471,0,0,0,1471
04/03/2023,LAX,CA,AWP,WE,Towers with Radar,1439,58,17,0,1514,0,0,0,5,5,1439,58,17,5,1519,0,0,0,1519
04/04/2023,LAX,CA,AWP,WE,Towers with Radar,1386,59,33,0,1478,0,0,0,3,3,1386,59,33,3,1481,0,0,0,1481
04/05/2023,LAX,CA,AWP,WE,Towers with Radar,1359,77,34,1,1471,1,0,4,1,6,1360,77,38,2,1477,0,0,0,1477
04/06/2023,LAX,CA,AWP,WE,Towers with Radar,1471,74,46,1,1592,1,0,5,1,7,1472,74,51,2,1599,0,0,0,1599
04/07/2023,LAX,CA,AWP,WE,Towers with Radar,1476,69,33,0,1578,0,1,4,0,5,1476,70,37,0,1583,0,0,0,1583
04/08/2023,LAX,CA,AWP,WE,Towers with Radar,1325,62,30,0,1417,0,0,2,0,2,1325,62,32,0,1419,0,0,0,1419
04/09/2023,LAX,CA,AWP,WE,Towers with Radar,1420,85,39,0,1544,0,0,0,0,0,1420,85,39,0,1544,0,0,0,1544
04/10/2023,LAX,CA,AWP,WE,Towers with Radar,1490,88,31,0,1609,0,0,0,0,0,1490,88,31,0,1609,0,0,0,1609
04/11/2023,LAX,CA,AWP,WE,Towers with Radar,1416,55,34,0,1505,0,0,0,0,0,1416,55,34,0,1505,0,0,0,1505
04/12/2023,LAX,CA,AWP,WE,Towers with Radar,1437,55,28,1,1521,1,0,3,0,4,1438,55,31,1,1525,0,0,0,1525
04/13/2023,LAX,CA,AWP,WE,Towers with Radar,1501,80,55,3,1639,0,0,3,1,4,1501,80,58,4,1643,0,0,0,1643
04/14/2023,LAX,CA,AWP,WE,Towers with Radar,1499,84,52,2,1637,0,0,6,0,6,1499,84,58,2,1643,0,0,0,1643
04/15/2023,LAX,CA,AWP,WE,Towers with Radar,1335,67,28,3,1433,0,0,4,2,6,1335,67,32,5,1439,0,0,0,1439
04/16/2023,LAX,CA,AWP,WE,Towers with Radar,1393,77,47,3,1520,0,0,5,0,5,1393,77,52,3,1525,0,0,0,1525
04/17/2023,LAX,CA,AWP,WE,Towers with Radar,1498,81,36,2,1617,0,0,6,0,6,1498,81,42,2,1623,0,0,0,1623
04/18/2023,LAX,CA,AWP,WE,Towers with Radar,1408,57,34,5,1504,1,0,6,0,7,1409,57,40,5,1511,0,0,0,1511
04/19/2023,LAX,CA,AWP,WE,Towers with Radar,1438,58,44,2,1542,0,0,1,0,1,1438,58,45,2,1543,0,0,0,1543
04/20/2023,LAX,CA,AWP,WE,Towers with Radar,1495,78,40,0,1613,0,0,4,4,8,1495,78,44,4,1621,0,0,0,1621
04/21/2023,LAX,CA,AWP,WE,Towers with Radar,1520,83,37,1,1641,0,0,5,1,6,1520,83,42,2,1647,0,0,0,1647
04/22/2023,LAX,CA,AWP,WE,Towers with Radar,1349,59,40,1,1449,0,0,0,0,0,1349,59,40,1,1449,0,0,0,1449
04/23/2023,LAX,CA,AWP,WE,Towers with Radar,1437,79,50,0,1566,0,0,1,0,1,1437,79,51,0,1567,0,0,0,1567
04/24/2023,LAX,CA,AWP,WE,Towers with Radar,1494,63,41,0,1598,0,1,1,0,2,1494,64,42,0,1600,0,0,0,1600
04/25/2023,LAX,CA,AWP,WE,Towers with Radar,1412,68,29,0,1509,0,1,1,0,2,1412,69,30,0,1511,0,0,0,1511
04/26/2023,LAX,CA,AWP,WE,Towers with Radar,1453,62,44,0,1559,0,0,0,0,0,1453,62,44,0,1559,0,0,0,1559
04/27/2023,LAX,CA,AWP,WE,Towers with Radar,1555,84,34,0,1673,0,0,0,0,0,1555,84,34,0,1673,0,0,0,1673
04/28/2023,LAX,CA,AWP,WE,Towers with Radar,1516,99,30,0,1645,0,0,0,2,2,1516,99,30,2,1647,0,0,0,1647
04/29/2023,LAX,CA,AWP,WE,Towers with Radar,1353,55,43,0,1451,1,0,1,0,2,1354,55,44,0,1453,0,0,0,1453
04/30/2023,LAX,CA,AWP,WE,Towers with Radar,1410,114,56,1,1581,0,0,1,0,1,1410,114,57,1,1582,0,0,0,1582
05/01/2023,LAX,CA,AWP,WE,Towers with Radar,1492,93,51,0,1636,0,0,0,0,0,1492,93,51,0,1636,0,0,0,1636
05/02/2023,LAX,CA,AWP,WE,Towers with Radar,1426,73,42,0,1541,0,1,3,0,4,1426,74,45,0,1545,0,0,0,1545
05/03/2023,LAX,CA,AWP,WE,Towers with Radar,1446,94,34,0,1574,0,0,2,0,2,1446,94,36,0,1576,0,0,0,1576
05/04/2023,LAX,CA,AWP,WE,Towers with Radar,1525,69,45,1,1640,0,0,5,2,7,1525,69,50,3,1647,0,0,0,1647
05/05/2023,LAX,CA,AWP,WE,Towers with Radar,1520,84,32,1,1637,0,0,0,0,0,1520,84,32,1,1637,0,0,0,1637
05/06/2023,LAX,CA,AWP,WE,Towers with Radar,1372,63,28,2,1465,0,0,2,1,3,1372,63,30,3,1468,0,0,0,1468
05/07/2023,LAX,CA,AWP,WE,Towers with Radar,1444,83,27,0,1554,0,0,1,0,1,1444,83,28,0,1555,0,0,0,1555
05/08/2023,LAX,CA,AWP,WE,Towers with Radar,1540,67,45,0,1652,1,0,3,0,4,1541,67,48,0,1656,0,0,0,1656
05/09/2023,LAX,CA,AWP,WE,Towers with Radar,1467,55,31,1,1554,0,0,1,1,2,1467,55,32,2,1556,0,0,0,1556
05/10/2023,LAX,CA,AWP,WE,Towers with Radar,1503,62,36,0,1601,0,0,1,1,2,1503,62,37,1,1603,0,0,0,1603
05/11/2023,LAX,CA,AWP,WE,Towers with Radar,1569,69,43,0,1681,0,0,2,6,8,1569,69,45,6,1689,0,0,0,1689
05/12/2023,LAX,CA,AWP,WE,Towers with Radar,1521,71,33,0,1625,0,0,3,0,3,1521,71,36,0,1628,0,0,0,1628
05/13/2023,LAX,CA,AWP,WE,Towers with Radar,1399,55,18,0,1472,0,0,1,0,1,1399,55,19,0,1473,0,0,0,1473
05/14/2023,LAX,CA,AWP,WE,Towers with Radar,1450,68,54,0,1572,0,0,0,0,0,1450,68,54,0,1572,0,0,0,1572
05/15/2023,LAX,CA,AWP,WE,Towers with Radar,1517,54,26,0,1597,0,0,4,2,6,1517,54,30,2,1603,0,0,0,1603
05/16/2023,LAX,CA,AWP,WE,Towers with Radar,1489,66,31,1,1587,0,1,0,0,1,1489,67,31,1,1588,0,0,0,1588
05/17/2023,LAX,CA,AWP,WE,Towers with Radar,1493,59,33,1,1586,0,0,0,0,0,1493,59,33,1,1586,0,0,0,1586
05/18/2023,LAX,CA,AWP,WE,Towers with Radar,1574,68,30,2,1674,0,0,4,0,4,1574,68,34,2,1678,0,0,0,1678
05/19/2023,LAX,CA,AWP,WE,Towers with Radar,1528,78,22,2,1630,0,0,0,0,0,1528,78,22,2,1630,0,0,0,1630
05/20/2023,LAX,CA,AWP,WE,Towers with Radar,1378,59,28,1,1466,0,1,1,0,2,1378,60,29,1,1468,0,0,0,1468
05/21/2023,LAX,CA,AWP,WE,Towers with Radar,1472,72,41,0,1585,0,0,3,0,3,1472,72,44,0,1588,0,0,0,1588
05/22/2023,LAX,CA,AWP,WE,Towers with Radar,1548,54,35,4,1641,0,0,0,0,0,1548,54,35,4,1641,0,0,0,1641
05/23/2023,LAX,CA,AWP,WE,Towers with Radar,1460,54,45,1,1560,0,0,2,0,2,1460,54,47,1,1562,0,0,0,1562
05/24/2023,LAX,CA,AWP,WE,Towers with Radar,1491,76,35,0,1602,0,1,0,0,1,1491,77,35,0,1603,0,0,0,1603
05/25/2023,LAX,CA,AWP,WE,Towers with Radar,1561,80,35,1,1677,0,0,7,0,7,1561,80,42,1,1684,0,0,0,1684
05/26/2023,LAX,CA,AWP,WE,Towers with Radar,1554,63,54,0,1671,0,0,0,1,1,1554,63,54,1,1672,0,0,0,1672
05/27/2023,LAX,CA,AWP,WE,Towers with Radar,1386,45,20,0,1451,0,0,6,0,6,1386,45,26,0,1457,0,0,0,1457
05/28/2023,LAX,CA,AWP,WE,Towers with Radar,1429,57,17,0,1503,0,0,0,0,0,1429,57,17,0,1503,0,0,0,1503
05/29/2023,LAX,CA,AWP,WE,Towers with Radar,1540,90,40,1,1671,0,0,1,0,1,1540,90,41,1,1672,0,0,0,1672
05/30/2023,LAX,CA,AWP,WE,Towers with Radar,1443,76,37,0,1556,0,0,3,0,3,1443,76,40,0,1559,0,0,0,1559
05/31/2023,LAX,CA,AWP,WE,Towers with Radar,1522,61,21,0,1604,1,0,2,1,4,1523,61,23,1,1608,0,0,0,1608
06/01/2023,LAX,CA,AWP,WE,Towers with Radar,1561,75,38,1,1675,0,0,4,0,4,1561,75,42,1,1679,0,0,0,1679
06/02/2023,LAX,CA,AWP,WE,Towers with Radar,1590,55,43,0,1688,0,0,0,0,0,1590,55,43,0,1688,0,0,0,1688
06/03/2023,LAX,CA,AWP,WE,Towers with Radar,1443,30,14,1,1488,0,0,1,1,2,1443,30,15,2,1490,0,0,0,1490
06/04/2023,LAX,CA,AWP,WE,Towers with Radar,1546,48,21,1,1616,1,0,0,0,1,1547,48,21,1,1617,0,0,0,1617
06/05/2023,LAX,CA,AWP,WE,Towers with Radar,1590,48,32,0,1670,0,0,0,0,0,1590,48,32,0,1670,0,0,0,1670
06/06/2023,LAX,CA,AWP,WE,Towers with Radar,1547,52,17,0,1616,0,0,2,0,2,1547,52,19,0,1618,0,0,0,1618
06/07/2023,LAX,CA,AWP,WE,Towers with Radar,1556,52,30,1,1639,0,0,1,0,1,1556,52,31,1,1640,0,0,0,1640
06/08/2023,LAX,CA,AWP,WE,Towers with Radar,1618,51,31,0,1700,0,0,0,3,3,1618,51,31,3,1703,0,0,0,1703
06/09/2023,LAX,CA,AWP,WE,Towers with Radar,1602,66,26,0,1694,0,0,0,0,0,1602,66,26,0,1694,0,0,0,1694
06/10/2023,LAX,CA,AWP,WE,Towers with Radar,1429,29,29,0,1487,0,0,0,0,0,1429,29,29,0,1487,0,0,0,1487
06/11/2023,LAX,CA,AWP,WE,Towers with Radar,1517,33,24,1,1575,0,0,0,0,0,1517,33,24,1,1575,0,0,0,1575
06/12/2023,LAX,CA,AWP,WE,Towers with Radar,1603,49,43,2,1697,0,1,0,0,1,1603,50,43,2,1698,0,0,0,1698
06/13/2023,LAX,CA,AWP,WE,Towers with Radar,1545,38,58,0,1641,0,0,3,1,4,1545,38,61,1,1645,0,0,0,1645
06/14/2023,LAX,CA,AWP,WE,Towers with Radar,1580,58,39,0,1677,0,0,2,0,2,1580,58,41,0,1679,0,0,0,1679
06/15/2023,LAX,CA,AWP,WE,Towers with Radar,1606,64,42,2,1714,0,0,1,0,1,1606,64,43,2,1715,0,0,0,1715
06/16/2023,LAX,CA,AWP,WE,Towers with Radar,1590,58,57,4,1709,0,0,2,0,2,1590,58,59,4,1711,0,0,0,1711
06/17/2023,LAX,CA,AWP,WE,Towers with Radar,1460,43,35,1,1539,0,0,0,0,0,1460,43,35,1,1539,0,0,0,1539
06/18/2023,LAX,CA,AWP,WE,Towers with Radar,1511,55,37,1,1604,1,0,1,0,2,1512,55,38,1,1606,0,0,0,1606
06/19/2023,LAX,CA,AWP,WE,Towers with Radar,1585,55,39,7,1686,0,0,0,0,0,1585,55,39,7,1686,0,0,0,1686
06/20/2023,LAX,CA,AWP,WE,Towers with Radar,1554,40,23,1,1618,0,1,6,0,7,1554,41,29,1,1625,0,0,0,1625
06/21/2023,LAX,CA,AWP,WE,Towers with Radar,1546,58,31,0,1635,0,0,1,1,2,1546,58,32,1,1637,0,0,0,1637
06/22/2023,LAX,CA,AWP,WE,Towers with Radar,1599,65,36,0,1700,0,0,3,0,3,1599,65,39,0,1703,0,0,0,1703
06/23/2023,LAX,CA,AWP,WE,Towers with Radar,1606,55,32,0,1693,0,0,6,1,7,1606,55,38,1,1700,0,0,0,1700
06/24/2023,LAX,CA,AWP,WE,Towers with Radar,1455,31,20,3,1509,0,0,6,0,6,1455,31,26,3,1515,0,0,0,1515
06/25/2023,LAX,CA,AWP,WE,Towers with Radar,1491,51,34,1,1577,0,0,4,0,4,1491,51,38,1,1581,0,0,0,1581
06/26/2023,LAX,CA,AWP,WE,Towers with Radar,1551,50,39,0,1640,0,0,0,2,2,1551,50,39,2,1642,0,0,0,1642
06/27/2023,LAX,CA,AWP,WE,Towers with Radar,1492,48,21,0,1561,0,0,3,1,4,1492,48,24,1,1565,0,0,0,1565
06/28/2023,LAX,CA,AWP,WE,Towers with Radar,1523,48,37,1,1609,0,0,1,0,1,1523,48,38,1,1610,0,0,0,1610
06/29/2023,LAX,CA,AWP,WE,Towers with Radar,1613,61,35,3,1712,0,0,1,1,2,1613,61,36,4,1714,0,0,0,1714
06/30/2023,LAX,CA,AWP,WE,Towers with Radar,1624,66,42,2,1734,0,0,1,0,1,1624,66,43,2,1735,0,0,0,1735
07/01/2023,LAX,CA,AWP,WE,Towers with Radar,1525,44,32,1,1602,0,0,1,0,1,1525,44,33,1,1603,0,0,0,1603
07/02/2023,LAX,CA,AWP,WE,Towers with Radar,1477,47,14,0,1538,0,0,0,1,1,1477,47,14,1,1539,0,0,0,1539
07/03/2023,LAX,CA,AWP,WE,Towers with Radar,1540,32,13,0,1585,0,0,0,0,0,1540,32,13,0,1585,0,0,0,1585
07/04/2023,LAX,CA,AWP,WE,Towers with Radar,1421,33,15,0,1469,0,0,0,0,0,1421,33,15,0,1469,0,0,0,1469
07/05/2023,LAX,CA,AWP,WE,Towers with Radar,1565,38,25,2,1630,0,0,3,0,3,1565,38,28,2,1633,0,0,0,1633
07/06/2023,LAX,CA,AWP,WE,Towers with Radar,1613,40,23,6,1682,0,0,3,0,3,1613,40,26,6,1685,0,0,0,1685
07/07/2023,LAX,CA,AWP,WE,Towers with Radar,1622,42,24,0,1688,0,0,2,0,2,1622,42,26,0,1690,0,0,0,1690
07/08/2023,LAX,CA,AWP,WE,Towers with Radar,1492,32,32,0,1556,0,0,0,0,0,1492,32,32,0,1556,0,0,0,1556
07/09/2023,LAX,CA,AWP,WE,Towers with Radar,1536,41,36,0,1613,1,1,3,0,5,1537,42,39,0,1618,0,0,0,1618
07/10/2023,LAX,CA,AWP,WE,Towers with Radar,1624,56,42,0,1722,0,0,2,0,2,1624,56,44,0,1724,0,0,0,1724
07/11/2023,LAX,CA,AWP,WE,Towers with Radar,1602,52,34,0,1688,0,0,0,1,1,1602,52,34,1,1689,0,0,0,1689
07/12/2023,LAX,CA,AWP,WE,Towers with Radar,1595,43,25,0,1663,0,0,0,1,1,1595,43,25,1,1664,0,0,0,1664
07/13/2023,LAX,CA,AWP,WE,Towers with Radar,1673,37,46,2,1758,0,0,0,1,1,1673,37,46,3,1759,0,0,0,1759
07/14/2023,LAX,CA,AWP,WE,Towers with Radar,1653,40,32,1,1726,0,0,2,0,2,1653,40,34,1,1728,0,0,0,1728
07/15/2023,LAX,CA,AWP,WE,Towers with Radar,1510,26,23,0,1559,0,0,2,0,2,1510,26,25,0,1561,0,0,0,1561
07/16/2023,LAX,CA,AWP,WE,Towers with Radar,1530,50,21,0,1601,1,0,1,0,2,1531,50,22,0,1603,0,0,0,1603
07/17/2023,LAX,CA,AWP,WE,Towers with Radar,1634,38,37,1,1710,0,0,1,0,1,1634,38,38,1,1711,0,0,0,1711
07/18/2023,LAX,CA,AWP,WE,Towers with Radar,1577,32,33,4,1646,0,0,3,0,3,1577,32,36,4,1649,0,0,0,1649
07/19/2023,LAX,CA,AWP,WE,Towers with Radar,1624,41,38,2,1705,0,0,1,0,1,1624,41,39,2,1706,0,0,0,1706
07/20/2023,LAX,CA,AWP,WE,Towers with Radar,1654,43,34,0,1731,0,0,5,1,6,1654,43,39,1,1737,0,0,0,1737
07/21/2023,LAX,CA,AWP,WE,Towers with Radar,1664,50,24,4,1742,0,0,3,0,3,1664,50,27,4,1745,0,0,0,1745
07/22/2023,LAX,CA,AWP,WE,Towers with Radar,1527,42,18,0,1587,0,0,3,0,3,1527,42,21,0,1590,0,0,0,1590
07/23/2023,LAX,CA,AWP,WE,Towers with Radar,1557,48,30,1,1636,1,0,5,4,10,1558,48,35,5,1646,0,0,0,1646
07/24/2023,LAX,CA,AWP,WE,Towers with Radar,1638,44,33,0,1715,0,0,3,0,3,1638,44,36,0,1718,0,0,0,1718
07/25/2023,LAX,CA,AWP,WE,Towers with Radar,1563,43,26,0,1632,0,0,1,0,1,1563,43,27,0,1633,0,0,0,1633
07/26/2023,LAX,CA,AWP,WE,Towers with Radar,1615,50,27,1,1693,0,0,3,2,5,1615,50,30,3,1698,0,0,0,1698
07/27/2023,LAX,CA,AWP,WE,Towers with Radar,1674,54,39,0,1767,0,0,2,1,3,1674,54,41,1,1770,0,0,0,1770
07/28/2023,LAX,CA,AWP,WE,Towers with Radar,1630,58,23,0,1711,1,0,0,0,1,1631,58,23,0,1712,0,0,0,1712
07/29/2023,LAX,CA,AWP,WE,Towers with Radar,1522,37,17,0,1576,0,0,2,0,2,1522,37,19,0,1578,0,0,0,1578
07/30/2023,LAX,CA,AWP,WE,Towers with Radar,1546,60,26,1,1633,0,4,1,0,5,1546,64,27,1,1638,0,0,0,1638
07/31/2023,LAX,CA,AWP,WE,Towers with Radar,1656,40,21,2,1719,0,0,0,0,0,1656,40,21,2,1719,0,0,0,1719
08/01/2023,LAX,CA,AWP,WE,Towers with Radar,1557,36,36,1,1630,0,0,0,0,0,1557,36,36,1,1630,0,0,0,1630
08/02/2023,LAX,CA,AWP,WE,Towers with Radar,1629,26,36,0,1691,0,0,5,0,5,1629,26,41,0,1696,0,0,0,1696
08/03/2023,LAX,CA,AWP,WE,Towers with Radar,1647,49,33,1,1730,0,0,8,0,8,1647,49,41,1,1738,0,0,0,1738
08/04/2023,LAX,CA,AWP,WE,Towers with Radar,1666,71,17,0,1754,0,0,1,0,1,1666,71,18,0,1755,0,0,0,1755
08/05/2023,LAX,CA,AWP,WE,Towers with Radar,1535,51,24,1,1611,0,0,3,2,5,1535,51,27,3,1616,0,0,0,1616
08/06/2023,LAX,CA,AWP,WE,Towers with Radar,1523,63,31,0,1617,0,0,1,0,1,1523,63,32,0,1618,0,0,0,1618
08/07/2023,LAX,CA,AWP,WE,Towers with Radar,1615,63,23,0,1701,0,0,2,2,4,1615,63,25,2,1705,0,0,0,1705
08/08/2023,LAX,CA,AWP,WE,Towers with Radar,1616,41,41,0,1698,0,0,1,0,1,1616,41,42,0,1699,0,0,0,1699
08/09/2023,LAX,CA,AWP,WE,Towers with Radar,1608,65,30,0,1703,0,0,0,0,0,1608,65,30,0,1703,0,0,0,1703
08/10/2023,LAX,CA,AWP,WE,Towers with Radar,1677,43,29,1,1750,0,0,0,1,1,1677,43,29,2,1751,0,0,0,1751
08/11/2023,LAX,CA,AWP,WE,Towers with Radar,1666,50,30,1,1747,0,0,2,0,2,1666,50,32,1,1749,0,0,0,1749
08/12/2023,LAX,CA,AWP,WE,Towers with Radar,1500,36,26,0,1562,0,0,2,0,2,1500,36,28,0,1564,0,0,0,1564
08/13/2023,LAX,CA,AWP,WE,Towers with Radar,1569,50,20,0,1639,0,0,1,0,1,1569,50,21,0,1640,0,0,0,1640
08/14/2023,LAX,CA,AWP,WE,Towers with Radar,1637,52,31,6,1726,0,0,3,0,3,1637,52,34,6,1729,0,0,0,1729
08/15/2023,LAX,CA,AWP,WE,Towers with Radar,1589,62,27,2,1680,0,0,0,0,0,1589,62,27,2,1680,0,0,0,1680
08/16/2023,LAX,CA,AWP,WE,Towers with Radar,1598,49,34,2,1683,0,0,0,0,0,1598,49,34,2,1683,0,0,0,1683
08/17/2023,LAX,CA,AWP,WE,Towers with Radar,1637,49,30,0,1716,1,0,0,0,1,1638,49,30,0,1717,0,0,0,1717
08/18/2023,LAX,CA,AWP,WE,Towers with Radar,1627,45,36,0,1708,0,0,2,3,5,1627,45,38,3,1713,0,0,0,1713
08/19/2023,LAX,CA,AWP,WE,Towers with Radar,1495,43,27,1,1566,0,0,2,0,2,1495,43,29,1,1568,0,0,0,1568
08/20/2023,LAX,CA,AWP,WE,Towers with Radar,1531,47,30,3,1611,0,0,0,0,0,1531,47,30,3,1611,0,0,0,1611
08/21/2023,LAX,CA,AWP,WE,Towers with Radar,1628,44,20,4,1696,0,0,2,0,2,1628,44,22,4,1698,0,0,0,1698
08/22/2023,LAX,CA,AWP,WE,Towers with Radar,1591,46,32,1,1670,0,0,4,1,5,1591,46,36,2,1675,0,0,0,1675
08/23/2023,LAX,CA,AWP,WE,Towers with Radar,1585,40,25,1,1651,1,0,0,0,1,1586,40,25,1,1652,0,0,0,1652
08/24/2023,LAX,CA,AWP,WE,Towers with Radar,1630,45,27,1,1703,0,0,2,0,2,1630,45,29,1,1705,0,0,0,1705
08/25/2023,LAX,CA,AWP,WE,Towers with Radar,1609,52,35,0,1696,0,0,1,0,1,1609,52,36,0,1697,0,0,0,1697
08/26/2023,LAX,CA,AWP,WE,Towers with Radar,1482,30,25,1,1538,0,0,0,0,0,1482,30,25,1,1538,0,0,0,1538
08/27/2023,LAX,CA,AWP,WE,Towers with Radar,1579,49,27,0,1655,0,1,3,0,4,1579,50,30,0,1659,0,0,0,1659
08/28/2023,LAX,CA,AWP,WE,Towers with Radar,1579,48,30,0,1657,0,0,5,0,5,1579,48,35,0,1662,0,0,0,1662
08/29/2023,LAX,CA,AWP,WE,Towers with Radar,1561,37,23,1,1622,0,0,3,0,3,1561,37,26,1,1625,0,0,0,1625
08/30/2023,LAX,CA,AWP,WE,Towers with Radar,1607,45,26,1,1679,0,0,0,0,0,1607,45,26,1,1679,0,0,0,1679
08/31/2023,LAX,CA,AWP,WE,Towers with Radar,1632,49,27,1,1709,0,0,4,0,4,1632,49,31,1,1713,0,0,0,1713
