01/01/2000,LBB,TX,ASW,CE,Towers with Radar,30,7,7,0,44,4,6,32,0,42,34,13,39,0,86,10,0,10,96
01/02/2000,LBB,TX,ASW,CE,Towers with Radar,48,12,30,0,90,1,16,81,0,98,49,28,111,0,188,56,0,56,244
01/03/2000,LBB,TX,ASW,CE,Towers with Radar,51,35,5,1,92,1,0,18,0,19,52,35,23,1,111,0,12,12,123
01/04/2000,LBB,TX,ASW,CE,Towers with Radar,54,38,40,37,169,0,0,53,0,53,54,38,93,37,222,154,160,314,536
01/05/2000,LBB,TX,ASW,CE,Towers with Radar,57,49,65,9,180,7,0,37,0,44,64,49,102,9,224,54,150,204,428
01/06/2000,LBB,TX,ASW,CE,Towers with Radar,57,46,47,18,168,0,10,26,0,36,57,56,73,18,204,54,154,208,412
01/07/2000,LBB,TX,ASW,CE,Towers with Radar,60,51,58,18,187,0,0,29,0,29,60,51,87,18,216,66,190,256,472
01/08/2000,LBB,TX,ASW,CE,Towers with Radar,48,26,12,14,100,0,5,99,0,104,48,31,111,14,204,100,8,108,312
01/09/2000,LBB,TX,ASW,CE,Towers with Radar,53,14,18,8,93,6,2,36,0,44,59,16,54,8,137,14,6,20,157
01/10/2000,LBB,TX,ASW,CE,Towers with Radar,49,35,31,17,132,0,1,31,0,32,49,36,62,17,164,50,28,78,242
01/11/2000,LBB,TX,ASW,CE,Towers with Radar,53,47,30,25,155,0,12,68,0,80,53,59,98,25,235,90,78,168,403
01/12/2000,LBB,TX,ASW,CE,Towers with Radar,62,47,46,8,163,0,1,48,0,49,62,48,94,8,212,60,42,102,314
01/13/2000,LBB,TX,ASW,CE,Towers with Radar,62,46,45,15,168,0,9,64,0,73,62,55,109,15,241,92,82,174,415
01/14/2000,LBB,TX,ASW,CE,Towers with Radar,65,52,51,31,199,0,10,79,0,89,65,62,130,31,288,88,134,222,510
01/15/2000,LBB,TX,ASW,CE,Towers with Radar,38,27,25,2,92,13,4,87,0,104,51,31,112,2,196,60,0,60,256
01/16/2000,LBB,TX,ASW,CE,Towers with Radar,45,15,58,1,119,0,9,69,2,80,45,24,127,3,199,196,0,196,395
01/17/2000,LBB,TX,ASW,CE,Towers with Radar,51,25,46,0,122,0,7,27,0,34,51,32,73,0,156,72,0,72,228
01/18/2000,LBB,TX,ASW,CE,Towers with Radar,49,51,32,10,142,0,11,55,0,66,49,62,87,10,208,82,194,276,484
01/19/2000,LBB,TX,ASW,CE,Towers with Radar,60,50,43,29,182,2,0,65,0,67,62,50,108,29,249,72,18,90,339
01/20/2000,LBB,TX,ASW,CE,Towers with Radar,67,53,54,10,184,0,0,73,0,73,67,53,127,10,257,110,62,172,429
01/21/2000,LBB,TX,ASW,CE,Towers with Radar,55,49,48,22,174,2,11,73,0,86,57,60,121,22,260,68,124,192,452
01/22/2000,LBB,TX,ASW,CE,Towers with Radar,40,22,32,11,105,7,10,108,1,126,47,32,140,12,231,304,18,322,553
01/23/2000,LBB,TX,ASW,CE,Towers with Radar,47,18,48,4,117,2,8,67,0,77,49,26,115,4,194,152,12,164,358
01/24/2000,LBB,TX,ASW,CE,Towers with Radar,54,31,51,4,140,8,32,16,0,56,62,63,67,4,196,37,54,91,287
01/25/2000,LBB,TX,ASW,CE,Towers with Radar,58,48,51,5,162,5,3,24,0,32,63,51,75,5,194,68,68,136,330
01/26/2000,LBB,TX,ASW,CE,Towers with Radar,58,40,41,2,141,1,12,42,0,55,59,52,83,2,196,70,38,108,304
01/27/2000,LBB,TX,ASW,CE,Towers with Radar,39,36,16,0,91,0,1,8,0,9,39,37,24,0,100,6,4,10,110
01/28/2000,LBB,TX,ASW,CE,Towers with Radar,62,46,51,2,161,14,0,12,0,26,76,46,63,2,187,114,0,114,301
01/29/2000,LBB,TX,ASW,CE,Towers with Radar,33,24,24,0,81,12,0,114,0,126,45,24,138,0,207,158,0,158,365
01/30/2000,LBB,TX,ASW,CE,Towers with Radar,49,14,23,0,86,0,0,64,0,64,49,14,87,0,150,94,0,94,244
01/31/2000,LBB,TX,ASW,CE,Towers with Radar,48,35,43,9,135,0,5,36,0,41,48,40,79,9,176,70,64,134,310
02/01/2000,LBB,TX,ASW,CE,Towers with Radar,59,43,30,4,136,3,0,30,0,33,62,43,60,4,169,28,10,38,207
02/02/2000,LBB,TX,ASW,CE,Towers with Radar,50,38,34,8,130,8,10,45,0,63,58,48,79,8,193,116,32,148,341
02/03/2000,LBB,TX,ASW,CE,Towers with Radar,60,43,42,2,147,7,0,53,0,60,67,43,95,2,207,104,28,132,339
02/04/2000,LBB,TX,ASW,CE,Towers with Radar,67,49,53,29,198,0,0,76,0,76,67,49,129,29,274,192,88,280,554
02/05/2000,LBB,TX,ASW,CE,Towers with Radar,36,27,26,8,97,11,3,90,0,104,47,30,116,8,201,0,0,0,201
02/06/2000,LBB,TX,ASW,CE,Towers with Radar,32,24,23,4,83,20,1,105,0,126,52,25,128,4,209,210,10,220,429
02/07/2000,LBB,TX,ASW,CE,Towers with Radar,47,27,34,14,122,8,0,74,0,82,55,27,108,14,204,138,126,264,468
02/08/2000,LBB,TX,ASW,CE,Towers with Radar,57,43,40,6,146,3,19,71,0,93,60,62,111,6,239,124,66,190,429
02/09/2000,LBB,TX,ASW,CE,Towers with Radar,52,48,45,19,164,0,14,86,0,100,52,62,131,19,264,108,102,210,474
02/10/2000,LBB,TX,ASW,CE,Towers with Radar,68,52,49,33,202,0,11,67,0,78,68,63,116,33,280,106,116,222,502
02/11/2000,LBB,TX,ASW,CE,Towers with Radar,56,54,50,21,181,0,6,78,0,84,56,60,128,21,265,144,32,176,441
02/12/2000,LBB,TX,ASW,CE,Towers with Radar,47,31,35,3,116,0,0,83,0,83,47,31,118,3,199,180,26,206,405
02/13/2000,LBB,TX,ASW,CE,Towers with Radar,32,19,23,5,79,16,0,45,0,61,48,19,68,5,140,40,0,40,180
02/14/2000,LBB,TX,ASW,CE,Towers with Radar,52,38,39,19,148,0,0,57,0,57,52,38,96,19,205,176,76,252,457
02/15/2000,LBB,TX,ASW,CE,Towers with Radar,71,42,66,39,218,0,0,63,0,63,71,42,129,39,281,100,168,268,549
02/16/2000,LBB,TX,ASW,CE,Towers with Radar,63,47,52,1,163,0,0,76,0,76,63,47,128,1,239,104,92,196,435
02/17/2000,LBB,TX,ASW,CE,Towers with Radar,57,47,44,11,159,0,3,11,0,14,57,50,55,11,173,10,44,54,227
02/18/2000,LBB,TX,ASW,CE,Towers with Radar,56,53,61,29,199,0,0,53,0,53,56,53,114,29,252,114,96,210,462
02/19/2000,LBB,TX,ASW,CE,Towers with Radar,26,19,19,0,64,20,24,125,0,169,46,43,144,0,233,178,0,178,411
02/20/2000,LBB,TX,ASW,CE,Towers with Radar,43,31,31,2,107,5,0,44,0,49,48,31,75,2,156,150,0,150,306
02/21/2000,LBB,TX,ASW,CE,Towers with Radar,41,31,29,0,101,4,9,57,0,70,45,40,86,0,171,70,0,70,241
02/22/2000,LBB,TX,ASW,CE,Towers with Radar,43,33,30,2,108,12,13,26,0,51,55,46,56,2,159,64,6,70,229
02/23/2000,LBB,TX,ASW,CE,Towers with Radar,63,58,62,37,220,0,0,56,0,56,63,58,118,37,276,132,154,286,562
02/24/2000,LBB,TX,ASW,CE,Towers with Radar,65,50,45,20,180,1,2,74,0,77,66,52,119,20,257,64,62,126,383
02/25/2000,LBB,TX,ASW,CE,Towers with Radar,63,49,43,18,173,1,10,42,0,53,64,59,85,18,226,62,136,198,424
02/26/2000,LBB,TX,ASW,CE,Towers with Radar,46,37,34,1,118,0,9,102,0,111,46,46,136,1,229,74,8,82,311
02/27/2000,LBB,TX,ASW,CE,Towers with Radar,43,32,29,2,106,5,3,115,0,123,48,35,144,2,229,150,12,162,391
02/28/2000,LBB,TX,ASW,CE,Towers with Radar,49,36,33,5,123,2,6,45,0,53,51,42,78,5,176,22,28,50,226
02/29/2000,LBB,TX,ASW,CE,Towers with Radar,63,43,49,38,193,0,0,54,0,54,63,43,103,38,247,136,138,274,521
03/01/2000,LBB,TX,ASW,CE,Towers with Radar,57,42,47,11,157,0,15,40,0,55,57,57,87,11,212,44,82,126,338
03/02/2000,LBB,TX,ASW,CE,Towers with Radar,58,42,47,4,151,7,10,30,0,47,65,52,77,4,198,62,44,106,304
03/03/2000,LBB,TX,ASW,CE,Towers with Radar,63,51,70,50,234,0,0,51,14,65,63,51,121,64,299,118,184,302,601
03/04/2000,LBB,TX,ASW,CE,Towers with Radar,41,26,33,0,100,1,0,123,0,124,42,26,156,0,224,192,0,192,416
03/05/2000,LBB,TX,ASW,CE,Towers with Radar,40,28,32,20,120,6,0,48,0,54,46,28,80,20,174,68,20,88,262
03/06/2000,LBB,TX,ASW,CE,Towers with Radar,41,30,33,0,104,10,6,50,0,66,51,36,83,0,170,82,8,90,260
03/07/2000,LBB,TX,ASW,CE,Towers with Radar,46,33,37,0,116,9,11,2,0,22,55,44,39,0,138,6,4,10,148
03/08/2000,LBB,TX,ASW,CE,Towers with Radar,59,48,54,3,164,0,9,32,0,41,59,57,86,3,205,63,84,147,352
03/09/2000,LBB,TX,ASW,CE,Towers with Radar,59,52,61,11,183,0,0,78,0,78,59,52,139,11,261,108,28,136,397
03/10/2000,LBB,TX,ASW,CE,Towers with Radar,61,45,50,36,192,0,6,45,4,55,61,51,95,40,247,36,86,122,369
03/11/2000,LBB,TX,ASW,CE,Towers with Radar,50,21,41,1,113,1,0,86,0,87,51,21,127,1,200,172,0,172,372
03/12/2000,LBB,TX,ASW,CE,Towers with Radar,32,20,26,7,85,18,0,35,0,53,50,20,61,7,138,100,6,106,244
03/13/2000,LBB,TX,ASW,CE,Towers with Radar,49,32,40,8,129,5,0,77,0,82,54,32,117,8,211,150,18,168,379
03/14/2000,LBB,TX,ASW,CE,Towers with Radar,65,55,66,30,216,0,0,56,0,56,65,55,122,30,272,144,96,240,512
03/15/2000,LBB,TX,ASW,CE,Towers with Radar,65,48,65,46,224,0,0,41,73,114,65,48,106,119,338,66,180,246,584
03/16/2000,LBB,TX,ASW,CE,Towers with Radar,49,34,33,2,118,1,19,0,0,20,50,53,33,2,138,64,16,80,218
03/17/2000,LBB,TX,ASW,CE,Towers with Radar,60,52,60,9,181,0,2,63,0,65,60,54,123,9,246,114,22,136,382
03/18/2000,LBB,TX,ASW,CE,Towers with Radar,42,28,34,0,104,4,0,31,0,35,46,28,65,0,139,30,0,30,169
03/19/2000,LBB,TX,ASW,CE,Towers with Radar,42,22,34,3,101,9,0,69,0,78,51,22,103,3,179,152,4,156,335
03/20/2000,LBB,TX,ASW,CE,Towers with Radar,54,39,46,0,139,0,9,36,0,45,54,48,82,0,184,88,16,104,288
03/21/2000,LBB,TX,ASW,CE,Towers with Radar,61,44,52,18,175,0,9,17,0,26,61,53,69,18,201,82,38,120,321
03/22/2000,LBB,TX,ASW,CE,Towers with Radar,40,28,22,2,92,19,9,0,0,28,59,37,22,2,120,4,2,6,126
03/23/2000,LBB,TX,ASW,CE,Towers with Radar,61,50,59,19,189,0,0,24,0,24,61,50,83,19,213,8,64,72,285
03/24/2000,LBB,TX,ASW,CE,Towers with Radar,62,53,78,25,218,0,0,38,0,38,62,53,116,25,256,176,224,400,656
03/25/2000,LBB,TX,ASW,CE,Towers with Radar,44,23,36,3,106,1,0,78,0,79,45,23,114,3,185,272,0,272,457
03/26/2000,LBB,TX,ASW,CE,Towers with Radar,39,19,32,11,101,7,0,66,0,73,46,19,98,11,174,60,16,76,250
03/27/2000,LBB,TX,ASW,CE,Towers with Radar,50,35,42,16,143,0,16,69,0,85,50,51,111,16,228,138,70,208,436
03/28/2000,LBB,TX,ASW,CE,Towers with Radar,56,39,45,5,145,5,23,44,0,72,61,62,89,5,217,18,38,56,273
03/29/2000,LBB,TX,ASW,CE,Towers with Radar,61,51,62,44,218,0,0,74,12,86,61,51,136,56,304,120,194,314,618
03/30/2000,LBB,TX,ASW,CE,Towers with Radar,59,43,48,21,171,0,11,62,0,73,59,54,110,21,244,114,36,150,394
03/31/2000,LBB,TX,ASW,CE,Towers with Radar,52,37,32,0,121,8,21,0,0,29,60,58,32,0,150,36,0,36,186
04/01/2000,LBB,TX,ASW,CE,Towers with Radar,48,19,18,0,85,4,0,0,0,4,52,19,18,0,89,6,0,6,95
04/02/2000,LBB,TX,ASW,CE,Towers with Radar,41,9,40,2,92,0,19,42,1,62,41,28,82,3,154,172,0,172,326
04/03/2000,LBB,TX,ASW,CE,Towers with Radar,51,32,47,7,137,0,0,21,0,21,51,32,68,7,158,84,116,200,358
04/04/2000,LBB,TX,ASW,CE,Towers with Radar,49,65,80,25,219,0,2,66,0,68,49,67,146,25,287,134,108,242,529
04/05/2000,LBB,TX,ASW,CE,Towers with Radar,54,73,64,31,222,0,21,72,0,93,54,94,136,31,315,142,132,274,589
04/06/2000,LBB,TX,ASW,CE,Towers with Radar,51,93,47,21,212,9,0,63,0,72,60,93,110,21,284,110,98,208,492
04/07/2000,LBB,TX,ASW,CE,Towers with Radar,48,87,38,12,185,4,1,57,0,62,52,88,95,12,247,12,84,96,343
04/08/2000,LBB,TX,ASW,CE,Towers with Radar,40,31,16,1,88,0,0,96,0,96,40,31,112,1,184,94,2,96,280
04/09/2000,LBB,TX,ASW,CE,Towers with Radar,34,16,32,5,87,20,0,60,0,80,54,16,92,5,167,90,0,90,257
04/10/2000,LBB,TX,ASW,CE,Towers with Radar,37,42,40,16,135,0,0,26,0,26,37,42,66,16,161,76,38,114,275
04/11/2000,LBB,TX,ASW,CE,Towers with Radar,50,58,29,22,159,1,0,5,0,6,51,58,34,22,165,60,8,68,233
04/12/2000,LBB,TX,ASW,CE,Towers with Radar,43,58,48,32,181,12,0,29,0,41,55,58,77,32,222,96,88,184,406
04/13/2000,LBB,TX,ASW,CE,Towers with Radar,54,86,56,47,243,1,10,54,0,65,55,96,110,47,308,160,164,324,632
04/14/2000,LBB,TX,ASW,CE,Towers with Radar,53,60,52,20,185,0,2,61,0,63,53,62,113,20,248,78,112,190,438
04/15/2000,LBB,TX,ASW,CE,Towers with Radar,33,28,15,3,79,4,0,77,0,81,37,28,92,3,160,30,16,46,206
04/16/2000,LBB,TX,ASW,CE,Towers with Radar,34,28,39,5,106,0,8,44,0,52,34,36,83,5,158,78,2,80,238
04/17/2000,LBB,TX,ASW,CE,Towers with Radar,45,37,56,6,144,0,5,88,0,93,45,42,144,6,237,174,66,240,477
04/18/2000,LBB,TX,ASW,CE,Towers with Radar,51,56,54,18,179,0,0,42,0,42,51,56,96,18,221,82,64,146,367
04/19/2000,LBB,TX,ASW,CE,Towers with Radar,49,54,47,3,153,6,0,71,0,77,55,54,118,3,230,54,18,72,302
04/20/2000,LBB,TX,ASW,CE,Towers with Radar,50,54,60,3,167,0,0,52,0,52,50,54,112,3,219,112,140,252,471
04/21/2000,LBB,TX,ASW,CE,Towers with Radar,55,45,28,7,135,0,9,96,0,105,55,54,124,7,240,120,96,216,456
04/22/2000,LBB,TX,ASW,CE,Towers with Radar,41,28,21,0,90,0,0,30,0,30,41,28,51,0,120,94,0,94,214
04/23/2000,LBB,TX,ASW,CE,Towers with Radar,39,33,19,0,91,4,7,35,0,46,43,40,54,0,137,12,0,12,149
04/24/2000,LBB,TX,ASW,CE,Towers with Radar,44,37,43,48,172,4,0,111,0,115,48,37,154,48,287,178,132,310,597
04/25/2000,LBB,TX,ASW,CE,Towers with Radar,50,48,45,6,149,0,0,75,0,75,50,48,120,6,224,78,6,84,308
04/26/2000,LBB,TX,ASW,CE,Towers with Radar,53,56,38,10,157,1,5,91,0,97,54,61,129,10,254,112,62,174,428
04/27/2000,LBB,TX,ASW,CE,Towers with Radar,48,54,56,13,171,0,2,47,0,49,48,56,103,13,220,122,8,130,350
04/28/2000,LBB,TX,ASW,CE,Towers with Radar,51,50,49,8,158,0,0,118,0,118,51,50,167,8,276,186,24,210,486
04/29/2000,LBB,TX,ASW,CE,Towers with Radar,39,28,67,6,140,0,8,14,0,22,39,36,81,6,162,152,2,154,316
04/30/2000,LBB,TX,ASW,CE,Towers with Radar,41,16,46,0,103,11,0,23,0,34,52,16,69,0,137,80,0,80,217
05/01/2000,LBB,TX,ASW,CE,Towers with Radar,45,50,49,25,169,3,0,29,0,32,48,50,78,25,201,90,126,216,417
05/02/2000,LBB,TX,ASW,CE,Towers with Radar,50,58,48,9,165,0,0,67,0,67,50,58,115,9,232,172,72,244,476
05/03/2000,LBB,TX,ASW,CE,Towers with Radar,53,64,59,7,183,0,0,53,0,53,53,64,112,7,236,76,50,126,362
05/04/2000,LBB,TX,ASW,CE,Towers with Radar,50,59,60,37,206,0,0,81,0,81,50,59,141,37,287,104,72,176,463
05/05/2000,LBB,TX,ASW,CE,Towers with Radar,52,63,65,11,191,4,0,43,0,47,56,63,108,11,238,112,48,160,398
05/06/2000,LBB,TX,ASW,CE,Towers with Radar,35,34,37,11,117,1,0,75,0,76,36,34,112,11,193,140,32,172,365
05/07/2000,LBB,TX,ASW,CE,Towers with Radar,38,27,54,13,132,4,4,47,0,55,42,31,101,13,187,76,46,122,309
05/08/2000,LBB,TX,ASW,CE,Towers with Radar,39,46,40,4,129,5,0,65,0,70,44,46,105,4,199,66,36,102,301
05/09/2000,LBB,TX,ASW,CE,Towers with Radar,49,71,69,26,215,0,0,37,0,37,49,71,106,26,252,82,118,200,452
05/10/2000,LBB,TX,ASW,CE,Towers with Radar,52,64,77,19,212,0,0,29,0,29,52,64,106,19,241,158,50,208,449
05/11/2000,LBB,TX,ASW,CE,Towers with Radar,56,56,43,11,166,5,12,42,0,59,61,68,85,11,225,70,48,118,343
05/12/2000,LBB,TX,ASW,CE,Towers with Radar,48,70,71,21,210,0,0,66,0,66,48,70,137,21,276,86,78,164,440
05/13/2000,LBB,TX,ASW,CE,Towers with Radar,40,30,48,0,118,2,5,72,0,79,42,35,120,0,197,186,0,186,383
05/14/2000,LBB,TX,ASW,CE,Towers with Radar,45,21,29,4,99,8,0,49,0,57,53,21,78,4,156,32,6,38,194
05/15/2000,LBB,TX,ASW,CE,Towers with Radar,44,48,51,27,170,3,0,37,0,40,47,48,88,27,210,102,214,316,526
05/16/2000,LBB,TX,ASW,CE,Towers with Radar,47,65,65,39,216,4,0,25,0,29,51,65,90,39,245,98,218,316,561
05/17/2000,LBB,TX,ASW,CE,Towers with Radar,56,60,50,22,188,6,0,44,0,50,62,60,94,22,238,22,72,94,332
05/18/2000,LBB,TX,ASW,CE,Towers with Radar,48,59,53,36,196,9,0,67,0,76,57,59,120,36,272,156,82,238,510
05/19/2000,LBB,TX,ASW,CE,Towers with Radar,45,54,46,13,158,0,0,70,0,70,45,54,116,13,228,204,106,310,538
05/20/2000,LBB,TX,ASW,CE,Towers with Radar,40,42,26,2,110,0,0,66,0,66,40,42,92,2,176,142,6,148,324
05/21/2000,LBB,TX,ASW,CE,Towers with Radar,41,22,25,4,92,0,12,69,0,81,41,34,94,4,173,90,10,100,273
05/22/2000,LBB,TX,ASW,CE,Towers with Radar,44,66,72,17,199,14,3,37,0,54,58,69,109,17,253,150,62,212,465
05/23/2000,LBB,TX,ASW,CE,Towers with Radar,46,87,49,28,210,12,0,45,0,57,58,87,94,28,267,140,132,272,539
05/24/2000,LBB,TX,ASW,CE,Towers with Radar,54,62,25,16,157,0,21,108,0,129,54,83,133,16,286,286,46,332,618
05/25/2000,LBB,TX,ASW,CE,Towers with Radar,44,68,65,13,190,0,54,37,0,91,44,122,102,13,281,86,76,162,443
05/26/2000,LBB,TX,ASW,CE,Towers with Radar,45,50,39,1,135,0,27,76,1,104,45,77,115,2,239,102,2,104,343
05/27/2000,LBB,TX,ASW,CE,Towers with Radar,47,29,15,7,98,5,2,66,0,73,52,31,81,7,171,80,18,98,269
05/28/2000,LBB,TX,ASW,CE,Towers with Radar,37,23,24,0,84,1,5,74,0,80,38,28,98,0,164,38,0,38,202
05/29/2000,LBB,TX,ASW,CE,Towers with Radar,37,30,29,0,96,2,4,83,0,89,39,34,112,0,185,114,0,114,299
05/30/2000,LBB,TX,ASW,CE,Towers with Radar,40,66,31,16,153,0,1,58,0,59,40,67,89,16,212,78,152,230,442
05/31/2000,LBB,TX,ASW,CE,Towers with Radar,49,95,36,13,193,12,0,52,0,64,61,95,88,13,257,64,68,132,389
06/01/2000,LBB,TX,ASW,CE,Towers with Radar,46,84,67,4,201,1,1,22,0,24,47,85,89,4,225,100,60,160,385
06/02/2000,LBB,TX,ASW,CE,Towers with Radar,40,51,44,0,135,13,10,18,0,41,53,61,62,0,176,172,2,174,350
06/03/2000,LBB,TX,ASW,CE,Towers with Radar,30,31,27,0,88,0,5,13,0,18,30,36,40,0,106,22,0,22,128
06/04/2000,LBB,TX,ASW,CE,Towers with Radar,33,26,37,3,99,9,0,37,0,46,42,26,74,3,145,234,0,234,379
06/05/2000,LBB,TX,ASW,CE,Towers with Radar,49,50,88,25,212,5,0,29,0,34,54,50,117,25,246,164,202,366,612
06/06/2000,LBB,TX,ASW,CE,Towers with Radar,52,72,71,19,214,0,0,84,0,84,52,72,155,19,298,217,82,299,597
06/07/2000,LBB,TX,ASW,CE,Towers with Radar,54,67,67,31,219,0,0,77,0,77,54,67,144,31,296,131,108,239,535
06/08/2000,LBB,TX,ASW,CE,Towers with Radar,54,71,59,47,231,0,3,139,12,154,54,74,198,59,385,140,60,200,585
06/09/2000,LBB,TX,ASW,CE,Towers with Radar,44,61,46,39,190,0,1,51,0,52,44,62,97,39,242,128,88,216,458
06/10/2000,LBB,TX,ASW,CE,Towers with Radar,43,31,41,11,126,1,7,41,0,49,44,38,82,11,175,70,30,100,275
06/11/2000,LBB,TX,ASW,CE,Towers with Radar,33,54,30,5,122,3,0,19,0,22,36,54,49,5,144,78,12,90,234
06/12/2000,LBB,TX,ASW,CE,Towers with Radar,41,78,53,14,186,14,0,15,0,29,55,78,68,14,215,86,92,178,393
06/13/2000,LBB,TX,ASW,CE,Towers with Radar,53,66,38,39,196,0,0,57,0,57,53,66,95,39,253,146,42,188,441
06/14/2000,LBB,TX,ASW,CE,Towers with Radar,49,67,42,63,221,0,6,47,0,53,49,73,89,63,274,76,14,90,364
06/15/2000,LBB,TX,ASW,CE,Towers with Radar,43,85,38,67,233,3,3,105,2,113,46,88,143,69,346,114,92,206,552
06/16/2000,LBB,TX,ASW,CE,Towers with Radar,44,80,34,39,197,0,0,58,0,58,44,80,92,39,255,52,204,256,511
06/17/2000,LBB,TX,ASW,CE,Towers with Radar,32,42,41,0,115,0,0,9,3,12,32,42,50,3,127,68,0,68,195
06/18/2000,LBB,TX,ASW,CE,Towers with Radar,26,32,22,0,80,16,0,0,0,16,42,32,22,0,96,16,0,16,112
06/19/2000,LBB,TX,ASW,CE,Towers with Radar,44,55,41,22,162,2,1,25,0,28,46,56,66,22,190,88,62,150,340
06/20/2000,LBB,TX,ASW,CE,Towers with Radar,54,67,69,19,209,10,8,37,0,55,64,75,106,19,264,160,108,268,532
06/21/2000,LBB,TX,ASW,CE,Towers with Radar,55,54,54,20,183,1,0,61,0,62,56,54,115,20,245,262,86,348,593
06/22/2000,LBB,TX,ASW,CE,Towers with Radar,55,79,43,43,220,0,3,49,0,52,55,82,92,43,272,72,122,194,466
06/23/2000,LBB,TX,ASW,CE,Towers with Radar,52,65,55,27,199,5,0,74,0,79,57,65,129,27,278,180,76,256,534
06/24/2000,LBB,TX,ASW,CE,Towers with Radar,40,41,27,5,113,4,0,80,1,85,44,41,107,6,198,96,2,98,296
06/25/2000,LBB,TX,ASW,CE,Towers with Radar,36,25,33,0,94,6,0,61,2,69,42,25,94,2,163,88,0,88,251
06/26/2000,LBB,TX,ASW,CE,Towers with Radar,38,52,22,8,120,6,8,12,0,26,44,60,34,8,146,8,14,22,168
06/27/2000,LBB,TX,ASW,CE,Towers with Radar,50,56,79,27,212,0,0,25,0,25,50,56,104,27,237,104,32,136,373
06/28/2000,LBB,TX,ASW,CE,Towers with Radar,50,66,79,12,207,0,0,46,0,46,50,66,125,12,253,78,32,110,363
06/29/2000,LBB,TX,ASW,CE,Towers with Radar,43,55,46,6,150,6,9,19,0,34,49,64,65,6,184,54,24,78,262
06/30/2000,LBB,TX,ASW,CE,Towers with Radar,49,65,40,1,155,1,0,40,0,41,50,65,80,1,196,40,0,40,236
07/01/2000,LBB,TX,ASW,CE,Towers with Radar,35,65,28,2,130,0,0,28,0,28,35,65,56,2,158,86,0,86,244
07/02/2000,LBB,TX,ASW,CE,Towers with Radar,33,25,28,1,87,13,0,72,0,85,46,25,100,1,172,56,0,56,228
07/03/2000,LBB,TX,ASW,CE,Towers with Radar,29,42,45,0,116,2,5,84,0,91,31,47,129,0,207,82,0,82,289
07/04/2000,LBB,TX,ASW,CE,Towers with Radar,38,28,25,1,92,7,0,72,0,79,45,28,97,1,171,56,0,56,227
07/05/2000,LBB,TX,ASW,CE,Towers with Radar,42,57,30,20,149,2,5,93,0,100,44,62,123,20,249,170,32,202,451
07/06/2000,LBB,TX,ASW,CE,Towers with Radar,41,56,30,26,153,10,10,96,0,116,51,66,126,26,269,64,30,94,363
07/07/2000,LBB,TX,ASW,CE,Towers with Radar,49,74,19,7,149,0,0,71,0,71,49,74,90,7,220,46,32,78,298
07/08/2000,LBB,TX,ASW,CE,Towers with Radar,34,40,18,6,98,5,13,85,0,103,39,53,103,6,201,68,2,70,271
07/09/2000,LBB,TX,ASW,CE,Towers with Radar,37,32,18,2,89,6,7,96,0,109,43,39,114,2,198,72,0,72,270
07/10/2000,LBB,TX,ASW,CE,Towers with Radar,42,46,31,13,132,4,3,65,0,72,46,49,96,13,204,80,56,136,340
07/11/2000,LBB,TX,ASW,CE,Towers with Radar,50,68,23,15,156,6,0,96,0,102,56,68,119,15,258,110,106,216,474
07/12/2000,LBB,TX,ASW,CE,Towers with Radar,44,68,33,6,151,0,12,57,0,69,44,80,90,6,220,74,150,224,444
07/13/2000,LBB,TX,ASW,CE,Towers with Radar,46,55,38,4,143,1,16,45,0,62,47,71,83,4,205,42,22,64,269
07/14/2000,LBB,TX,ASW,CE,Towers with Radar,52,68,38,12,170,0,0,80,0,80,52,68,118,12,250,60,42,102,352
07/15/2000,LBB,TX,ASW,CE,Towers with Radar,38,37,21,0,96,5,0,117,0,122,43,37,138,0,218,196,0,196,414
07/16/2000,LBB,TX,ASW,CE,Towers with Radar,41,29,23,5,98,10,0,95,0,105,51,29,118,5,203,90,54,144,347
07/17/2000,LBB,TX,ASW,CE,Towers with Radar,43,81,34,21,179,0,9,56,0,65,43,90,90,21,244,106,108,214,458
07/18/2000,LBB,TX,ASW,CE,Towers with Radar,48,80,34,15,177,17,0,77,0,94,65,80,111,15,271,88,62,150,421
07/19/2000,LBB,TX,ASW,CE,Towers with Radar,55,65,49,9,178,3,0,44,0,47,58,65,93,9,225,64,20,84,309
07/20/2000,LBB,TX,ASW,CE,Towers with Radar,43,55,34,24,156,0,14,62,0,76,43,69,96,24,232,132,86,218,450
07/21/2000,LBB,TX,ASW,CE,Towers with Radar,51,73,37,17,178,5,2,65,0,72,56,75,102,17,250,160,98,258,508
07/22/2000,LBB,TX,ASW,CE,Towers with Radar,39,39,18,15,111,0,0,74,0,74,39,39,92,15,185,98,76,174,359
07/23/2000,LBB,TX,ASW,CE,Towers with Radar,39,23,20,2,84,0,11,55,0,66,39,34,75,2,150,96,0,96,246
07/24/2000,LBB,TX,ASW,CE,Towers with Radar,40,51,28,4,123,3,1,79,0,83,43,52,107,4,206,188,84,272,478
07/25/2000,LBB,TX,ASW,CE,Towers with Radar,49,66,35,24,174,8,0,56,0,64,57,66,91,24,238,126,76,202,440
07/26/2000,LBB,TX,ASW,CE,Towers with Radar,48,82,40,12,182,0,14,80,0,94,48,96,120,12,276,120,114,234,510
07/27/2000,LBB,TX,ASW,CE,Towers with Radar,51,84,44,26,205,5,4,48,0,57,56,88,92,26,262,126,138,264,526
07/28/2000,LBB,TX,ASW,CE,Towers with Radar,52,64,39,12,167,0,0,122,0,122,52,64,161,12,289,156,126,282,571
07/29/2000,LBB,TX,ASW,CE,Towers with Radar,41,55,36,4,136,0,0,95,0,95,41,55,131,4,231,66,68,134,365
07/30/2000,LBB,TX,ASW,CE,Towers with Radar,33,41,29,9,112,7,2,64,6,79,40,43,93,15,191,40,38,78,269
07/31/2000,LBB,TX,ASW,CE,Towers with Radar,37,72,28,20,157,0,4,87,0,91,37,76,115,20,248,134,34,168,416
08/01/2000,LBB,TX,ASW,CE,Towers with Radar,48,72,28,26,174,7,8,0,0,15,55,80,28,26,189,130,128,258,447
08/02/2000,LBB,TX,ASW,CE,Towers with Radar,43,84,33,5,165,0,10,85,0,95,43,94,118,5,260,152,54,206,466
08/03/2000,LBB,TX,ASW,CE,Towers with Radar,47,77,43,31,198,0,5,99,0,104,47,82,142,31,302,1484,34,1518,1820
08/04/2000,LBB,TX,ASW,CE,Towers with Radar,46,85,31,27,189,0,0,87,0,87,46,85,118,27,276,185,124,309,585
08/05/2000,LBB,TX,ASW,CE,Towers with Radar,40,45,15,0,100,2,18,107,0,127,42,63,122,0,227,128,0,128,355
08/06/2000,LBB,TX,ASW,CE,Towers with Radar,41,24,28,0,93,0,12,175,0,187,41,36,203,0,280,65,0,65,345
08/07/2000,LBB,TX,ASW,CE,Towers with Radar,42,46,19,23,130,2,5,65,0,72,44,51,84,23,202,36,18,54,256
08/08/2000,LBB,TX,ASW,CE,Towers with Radar,51,76,51,10,188,0,0,40,0,40,51,76,91,10,228,80,36,116,344
08/09/2000,LBB,TX,ASW,CE,Towers with Radar,51,77,46,6,180,0,39,57,0,96,51,116,103,6,276,242,54,296,572
08/10/2000,LBB,TX,ASW,CE,Towers with Radar,49,80,32,16,177,0,0,82,0,82,49,80,114,16,259,62,238,300,559
08/11/2000,LBB,TX,ASW,CE,Towers with Radar,44,58,35,2,139,6,2,108,0,116,50,60,143,2,255,207,8,215,470
08/12/2000,LBB,TX,ASW,CE,Towers with Radar,37,41,39,2,119,3,5,87,2,97,40,46,126,4,216,80,4,84,300
08/13/2000,LBB,TX,ASW,CE,Towers with Radar,32,32,37,0,101,0,11,42,0,53,32,43,79,0,154,82,0,82,236
08/14/2000,LBB,TX,ASW,CE,Towers with Radar,42,52,44,19,157,7,0,71,0,78,49,52,115,19,235,114,40,154,389
08/15/2000,LBB,TX,ASW,CE,Towers with Radar,51,73,44,14,182,13,3,73,0,89,64,76,117,14,271,68,32,100,371
08/16/2000,LBB,TX,ASW,CE,Towers with Radar,47,60,36,6,149,0,11,62,0,73,47,71,98,6,222,130,94,224,446
08/17/2000,LBB,TX,ASW,CE,Towers with Radar,43,52,53,32,180,0,6,55,0,61,43,58,108,32,241,126,106,232,473
08/18/2000,LBB,TX,ASW,CE,Towers with Radar,53,79,41,19,192,3,6,53,0,62,56,85,94,19,254,170,216,386,640
08/19/2000,LBB,TX,ASW,CE,Towers with Radar,39,40,28,0,107,1,9,93,5,108,40,49,121,5,215,60,4,64,279
08/20/2000,LBB,TX,ASW,CE,Towers with Radar,35,34,19,0,88,5,5,83,2,95,40,39,102,2,183,24,0,24,207
08/21/2000,LBB,TX,ASW,CE,Towers with Radar,43,58,37,22,160,0,0,75,0,75,43,58,112,22,235,78,100,178,413
08/22/2000,LBB,TX,ASW,CE,Towers with Radar,50,82,43,9,184,10,6,73,0,89,60,88,116,9,273,108,58,166,439
08/23/2000,LBB,TX,ASW,CE,Towers with Radar,52,79,28,24,183,0,9,94,0,103,52,88,122,24,286,192,62,254,540
08/24/2000,LBB,TX,ASW,CE,Towers with Radar,49,71,46,45,211,0,4,71,0,75,49,75,117,45,286,80,66,146,432
08/25/2000,LBB,TX,ASW,CE,Towers with Radar,45,66,34,17,162,0,9,95,7,111,45,75,129,24,273,98,26,124,397
08/26/2000,LBB,TX,ASW,CE,Towers with Radar,34,43,29,0,106,0,11,60,0,71,34,54,89,0,177,154,0,154,331
08/27/2000,LBB,TX,ASW,CE,Towers with Radar,40,25,38,0,103,4,11,52,0,67,44,36,90,0,170,70,0,70,240
08/28/2000,LBB,TX,ASW,CE,Towers with Radar,40,47,32,30,149,5,0,57,0,62,45,47,89,30,211,122,18,140,351
08/29/2000,LBB,TX,ASW,CE,Towers with Radar,46,62,34,8,150,1,5,70,0,76,47,67,104,8,226,130,52,182,408
08/30/2000,LBB,TX,ASW,CE,Towers with Radar,50,64,52,9,175,0,4,61,0,65,50,68,113,9,240,112,22,134,374
08/31/2000,LBB,TX,ASW,CE,Towers with Radar,45,86,37,5,173,5,5,38,0,48,50,91,75,5,221,138,108,246,467
09/01/2000,LBB,TX,ASW,CE,Towers with Radar,51,93,45,7,196,0,0,72,0,72,51,93,117,7,268,120,42,162,430
09/02/2000,LBB,TX,ASW,CE,Towers with Radar,27,39,32,1,99,0,1,68,0,69,27,40,100,1,168,86,0,86,254
09/03/2000,LBB,TX,ASW,CE,Towers with Radar,27,21,20,0,68,0,5,29,0,34,27,26,49,0,102,28,0,28,130
09/04/2000,LBB,TX,ASW,CE,Towers with Radar,36,27,38,0,101,2,0,69,0,71,38,27,107,0,172,78,0,78,250
09/05/2000,LBB,TX,ASW,CE,Towers with Radar,36,56,38,11,141,0,5,42,0,47,36,61,80,11,188,76,84,160,348
09/06/2000,LBB,TX,ASW,CE,Towers with Radar,51,79,48,20,198,0,5,58,0,63,51,84,106,20,261,92,46,138,399
09/07/2000,LBB,TX,ASW,CE,Towers with Radar,52,89,36,58,235,0,0,55,5,60,52,89,91,63,295,48,92,140,435
09/08/2000,LBB,TX,ASW,CE,Towers with Radar,30,34,25,6,95,7,1,46,0,54,37,35,71,6,149,6,6,12,161
09/09/2000,LBB,TX,ASW,CE,Towers with Radar,34,30,29,25,118,0,9,100,0,109,34,39,129,25,227,104,120,224,451
09/10/2000,LBB,TX,ASW,CE,Towers with Radar,28,31,23,6,88,9,4,48,0,61,37,35,71,6,149,6,6,12,161
09/11/2000,LBB,TX,ASW,CE,Towers with Radar,44,42,19,26,131,0,7,48,0,55,44,49,67,26,186,58,36,94,280
09/12/2000,LBB,TX,ASW,CE,Towers with Radar,47,64,26,16,153,0,0,70,0,70,47,64,96,16,223,118,18,136,359
09/13/2000,LBB,TX,ASW,CE,Towers with Radar,51,67,22,50,190,0,0,50,0,50,51,67,72,50,240,130,154,284,524
09/14/2000,LBB,TX,ASW,CE,Towers with Radar,49,72,54,55,230,0,0,65,3,68,49,72,119,58,298,76,132,208,506
09/15/2000,LBB,TX,ASW,CE,Towers with Radar,53,57,51,33,194,1,9,76,0,86,54,66,127,33,280,150,62,212,492
09/16/2000,LBB,TX,ASW,CE,Towers with Radar,38,36,16,0,90,0,5,135,0,140,38,41,151,0,230,78,8,86,316
09/17/2000,LBB,TX,ASW,CE,Towers with Radar,34,23,36,8,101,0,12,47,0,59,34,35,83,8,160,112,16,128,288
09/18/2000,LBB,TX,ASW,CE,Towers with Radar,38,48,38,18,142,0,19,53,0,72,38,67,91,18,214,68,42,110,324
09/19/2000,LBB,TX,ASW,CE,Towers with Radar,49,64,37,0,150,5,8,94,0,107,54,72,131,0,257,156,0,156,413
09/20/2000,LBB,TX,ASW,CE,Towers with Radar,54,54,36,27,171,0,12,54,0,66,54,66,90,27,237,22,80,102,339
09/21/2000,LBB,TX,ASW,CE,Towers with Radar,48,62,58,45,213,0,0,56,0,56,48,62,114,45,269,190,112,302,571
09/22/2000,LBB,TX,ASW,CE,Towers with Radar,47,62,36,18,163,0,14,79,0,93,47,76,115,18,256,30,82,112,368
09/23/2000,LBB,TX,ASW,CE,Towers with Radar,38,38,31,2,109,0,5,53,0,58,38,43,84,2,167,84,6,90,257
09/24/2000,LBB,TX,ASW,CE,Towers with Radar,31,39,54,29,153,3,0,2,0,5,34,39,56,29,158,48,20,68,226
09/25/2000,LBB,TX,ASW,CE,Towers with Radar,42,52,29,13,136,1,6,51,0,58,43,58,80,13,194,37,92,129,323
09/26/2000,LBB,TX,ASW,CE,Towers with Radar,56,66,42,87,251,0,5,70,0,75,56,71,112,87,326,124,98,222,548
09/27/2000,LBB,TX,ASW,CE,Towers with Radar,53,65,36,28,182,0,7,70,0,77,53,72,106,28,259,162,72,234,493
09/28/2000,LBB,TX,ASW,CE,Towers with Radar,50,62,48,22,182,0,7,80,0,87,50,69,128,22,269,134,40,174,443
09/29/2000,LBB,TX,ASW,CE,Towers with Radar,52,59,36,0,147,0,12,92,0,104,52,71,128,0,251,58,0,58,309
09/30/2000,LBB,TX,ASW,CE,Towers with Radar,41,31,32,2,106,0,3,85,0,88,41,34,117,2,194,74,8,82,276
10/01/2000,LBB,TX,ASW,CE,Towers with Radar,36,24,21,0,81,3,5,63,0,71,39,29,84,0,152,30,0,30,182
10/02/2000,LBB,TX,ASW,CE,Towers with Radar,46,63,39,18,166,2,20,53,0,75,48,83,92,18,241,128,10,138,379
10/03/2000,LBB,TX,ASW,CE,Towers with Radar,49,78,45,35,207,9,0,74,0,83,58,78,119,35,290,128,30,158,448
10/04/2000,LBB,TX,ASW,CE,Towers with Radar,52,84,27,24,187,1,3,69,0,73,53,87,96,24,260,56,90,146,406
10/05/2000,LBB,TX,ASW,CE,Towers with Radar,48,81,48,54,231,7,10,50,0,67,55,91,98,54,298,46,186,232,530
10/06/2000,LBB,TX,ASW,CE,Towers with Radar,49,68,55,31,203,0,6,5,6,17,49,74,60,37,220,20,50,70,290
10/07/2000,LBB,TX,ASW,CE,Towers with Radar,34,45,37,2,118,0,7,17,0,24,34,52,54,2,142,88,0,88,230
10/08/2000,LBB,TX,ASW,CE,Towers with Radar,39,36,43,0,118,8,2,8,0,18,47,38,51,0,136,52,0,52,188
10/09/2000,LBB,TX,ASW,CE,Towers with Radar,42,49,31,0,122,3,0,55,0,58,45,49,86,0,180,108,0,108,288
10/10/2000,LBB,TX,ASW,CE,Towers with Radar,47,66,39,29,181,0,2,64,0,66,47,68,103,29,247,188,112,300,547
10/11/2000,LBB,TX,ASW,CE,Towers with Radar,41,64,51,31,187,0,0,35,0,35,41,64,86,31,222,46,80,126,348
10/12/2000,LBB,TX,ASW,CE,Towers with Radar,45,80,57,6,188,7,0,38,0,45,52,80,95,6,233,58,18,76,309
10/13/2000,LBB,TX,ASW,CE,Towers with Radar,44,66,71,24,205,0,12,27,0,39,44,78,98,24,244,30,30,60,304
10/14/2000,LBB,TX,ASW,CE,Towers with Radar,38,46,52,1,137,0,2,39,0,41,38,48,91,1,178,122,6,128,306
10/15/2000,LBB,TX,ASW,CE,Towers with Radar,49,32,52,12,145,1,3,38,0,42,50,35,90,12,187,78,78,156,343
10/16/2000,LBB,TX,ASW,CE,Towers with Radar,46,55,35,30,166,0,0,62,0,62,46,55,97,30,228,74,86,160,388
10/17/2000,LBB,TX,ASW,CE,Towers with Radar,48,72,110,9,239,0,1,0,0,1,48,73,110,9,240,86,6,92,332
10/18/2000,LBB,TX,ASW,CE,Towers with Radar,45,61,52,3,161,0,0,44,0,44,45,61,96,3,205,92,26,118,323
10/19/2000,LBB,TX,ASW,CE,Towers with Radar,49,75,54,14,192,10,3,65,0,78,59,78,119,14,270,102,26,128,398
10/20/2000,LBB,TX,ASW,CE,Towers with Radar,49,66,56,35,206,2,7,29,0,38,51,73,85,35,244,52,30,82,326
10/21/2000,LBB,TX,ASW,CE,Towers with Radar,37,44,28,2,111,0,0,7,0,7,37,44,35,2,118,40,0,40,158
10/22/2000,LBB,TX,ASW,CE,Towers with Radar,41,26,38,0,105,0,5,8,0,13,41,31,46,0,118,14,0,14,132
10/23/2000,LBB,TX,ASW,CE,Towers with Radar,41,56,26,2,125,3,0,5,0,8,44,56,31,2,133,0,0,0,133
10/24/2000,LBB,TX,ASW,CE,Towers with Radar,49,64,36,0,149,0,0,6,0,6,49,64,42,0,155,8,0,8,163
10/25/2000,LBB,TX,ASW,CE,Towers with Radar,53,76,29,0,158,0,0,12,0,12,53,76,41,0,170,46,0,46,216
10/26/2000,LBB,TX,ASW,CE,Towers with Radar,42,81,70,5,198,0,0,7,0,7,42,81,77,5,205,110,62,172,377
10/27/2000,LBB,TX,ASW,CE,Towers with Radar,46,88,66,10,210,0,0,0,0,0,46,88,66,10,210,18,20,38,248
10/28/2000,LBB,TX,ASW,CE,Towers with Radar,41,27,10,0,78,0,10,1,0,11,41,37,11,0,89,12,0,12,101
10/29/2000,LBB,TX,ASW,CE,Towers with Radar,39,40,42,4,125,0,0,74,0,74,39,40,116,4,199,44,22,66,265
10/30/2000,LBB,TX,ASW,CE,Towers with Radar,34,55,45,40,174,0,8,56,0,64,34,63,101,40,238,124,60,184,422
10/31/2000,LBB,TX,ASW,CE,Towers with Radar,44,68,42,42,196,0,0,16,0,16,44,68,58,42,212,80,0,80,292
11/01/2000,LBB,TX,ASW,CE,Towers with Radar,37,67,55,74,233,0,0,45,0,45,37,67,100,74,278,52,90,142,420
11/02/2000,LBB,TX,ASW,CE,Towers with Radar,49,73,45,33,200,0,7,84,0,91,49,80,129,33,291,226,98,324,615
11/03/2000,LBB,TX,ASW,CE,Towers with Radar,53,79,35,7,174,7,8,0,0,15,60,87,35,7,189,0,0,0,189
11/04/2000,LBB,TX,ASW,CE,Towers with Radar,39,39,50,0,128,6,4,2,0,12,45,43,52,0,140,0,0,0,140
11/05/2000,LBB,TX,ASW,CE,Towers with Radar,38,30,37,0,105,8,3,26,0,37,46,33,63,0,142,48,0,48,190
11/06/2000,LBB,TX,ASW,CE,Towers with Radar,38,82,33,105,258,2,8,13,0,23,40,90,46,105,281,104,84,188,469
11/07/2000,LBB,TX,ASW,CE,Towers with Radar,34,68,10,1,113,2,2,0,0,4,36,70,10,1,117,12,0,12,129
11/08/2000,LBB,TX,ASW,CE,Towers with Radar,46,61,19,46,172,2,5,7,0,14,48,66,26,46,186,44,84,128,314
11/09/2000,LBB,TX,ASW,CE,Towers with Radar,49,75,36,61,221,0,0,0,22,22,49,75,36,83,243,68,72,140,383
11/10/2000,LBB,TX,ASW,CE,Towers with Radar,49,64,27,7,147,7,2,23,0,32,56,66,50,7,179,32,0,32,211
11/11/2000,LBB,TX,ASW,CE,Towers with Radar,35,39,22,5,101,2,2,0,0,4,37,41,22,5,105,74,0,74,179
11/12/2000,LBB,TX,ASW,CE,Towers with Radar,34,33,21,25,113,2,5,13,0,20,36,38,34,25,133,96,16,112,245
11/13/2000,LBB,TX,ASW,CE,Towers with Radar,38,57,37,60,192,2,6,11,0,19,40,63,48,60,211,16,30,46,257
11/14/2000,LBB,TX,ASW,CE,Towers with Radar,42,88,18,71,219,2,6,10,0,18,44,94,28,71,237,82,16,98,335
11/15/2000,LBB,TX,ASW,CE,Towers with Radar,39,84,18,86,227,2,5,24,0,31,41,89,42,86,258,104,36,140,398
11/16/2000,LBB,TX,ASW,CE,Towers with Radar,48,76,28,113,265,2,0,23,0,25,50,76,51,113,290,78,115,193,483
11/17/2000,LBB,TX,ASW,CE,Towers with Radar,46,68,35,55,204,0,6,12,4,22,46,74,47,59,226,70,30,100,326
11/18/2000,LBB,TX,ASW,CE,Towers with Radar,43,39,17,4,103,0,29,55,27,111,43,68,72,31,214,55,20,75,289
11/19/2000,LBB,TX,ASW,CE,Towers with Radar,36,26,37,17,116,2,18,33,0,53,38,44,70,17,169,40,0,40,209
11/20/2000,LBB,TX,ASW,CE,Towers with Radar,42,47,40,70,199,2,5,10,0,17,44,52,50,70,216,44,16,60,276
11/21/2000,LBB,TX,ASW,CE,Towers with Radar,53,84,27,37,201,2,7,9,0,18,55,91,36,37,219,46,32,78,297
11/22/2000,LBB,TX,ASW,CE,Towers with Radar,43,69,35,18,165,0,24,43,0,67,43,93,78,18,232,65,0,65,297
11/23/2000,LBB,TX,ASW,CE,Towers with Radar,29,31,11,0,71,2,6,3,0,11,31,37,14,0,82,0,0,0,82
11/24/2000,LBB,TX,ASW,CE,Towers with Radar,27,49,34,0,110,2,4,29,0,35,29,53,63,0,145,20,0,20,165
11/25/2000,LBB,TX,ASW,CE,Towers with Radar,34,39,15,0,88,2,4,28,0,34,36,43,43,0,122,142,0,142,264
11/26/2000,LBB,TX,ASW,CE,Towers with Radar,40,27,25,0,92,2,4,12,0,18,42,31,37,0,110,48,0,48,158
11/27/2000,LBB,TX,ASW,CE,Towers with Radar,35,46,32,63,176,2,8,10,0,20,37,54,42,63,196,52,4,56,252
11/28/2000,LBB,TX,ASW,CE,Towers with Radar,45,69,30,47,191,2,6,13,0,21,47,75,43,47,212,40,30,70,282
11/29/2000,LBB,TX,ASW,CE,Towers with Radar,44,64,41,63,212,0,0,29,25,54,44,64,70,88,266,76,90,166,432
11/30/2000,LBB,TX,ASW,CE,Towers with Radar,44,79,35,107,265,2,6,10,0,18,46,85,45,107,283,58,18,76,359
12/01/2000,LBB,TX,ASW,CE,Towers with Radar,51,78,35,26,190,0,7,18,1,26,51,85,53,27,216,72,36,108,324
12/02/2000,LBB,TX,ASW,CE,Towers with Radar,39,31,11,6,87,0,1,33,2,36,39,32,44,8,123,98,4,102,225
12/03/2000,LBB,TX,ASW,CE,Towers with Radar,35,34,15,0,84,0,0,16,2,18,35,34,31,2,102,0,0,0,102
12/04/2000,LBB,TX,ASW,CE,Towers with Radar,36,62,31,26,155,0,6,15,5,26,36,68,46,31,181,0,10,10,191
12/05/2000,LBB,TX,ASW,CE,Towers with Radar,46,84,59,66,255,0,7,15,4,26,46,91,74,70,281,77,44,121,402
12/06/2000,LBB,TX,ASW,CE,Towers with Radar,50,75,41,68,234,0,9,16,7,32,50,84,57,75,266,72,74,146,412
12/07/2000,LBB,TX,ASW,CE,Towers with Radar,42,77,62,48,229,0,3,10,3,16,42,80,72,51,245,106,2,108,353
12/08/2000,LBB,TX,ASW,CE,Towers with Radar,49,67,16,8,140,0,3,38,6,47,49,70,54,14,187,68,10,78,265
12/09/2000,LBB,TX,ASW,CE,Towers with Radar,41,39,30,0,110,0,3,35,1,39,41,42,65,1,149,60,0,60,209
12/10/2000,LBB,TX,ASW,CE,Towers with Radar,35,37,25,13,110,0,2,4,2,8,35,39,29,15,118,116,0,116,234
12/11/2000,LBB,TX,ASW,CE,Towers with Radar,41,49,34,4,128,0,2,2,8,12,41,51,36,12,140,20,4,24,164
12/12/2000,LBB,TX,ASW,CE,Towers with Radar,43,60,5,0,108,0,2,0,4,6,43,62,5,4,114,6,0,6,120
12/13/2000,LBB,TX,ASW,CE,Towers with Radar,40,50,14,14,118,0,4,3,2,9,40,54,17,16,127,38,32,70,197
12/14/2000,LBB,TX,ASW,CE,Towers with Radar,51,71,30,32,184,0,2,18,5,25,51,73,48,37,209,88,52,140,349
12/15/2000,LBB,TX,ASW,CE,Towers with Radar,48,79,53,45,225,0,3,14,5,22,48,82,67,50,247,54,28,82,329
12/16/2000,LBB,TX,ASW,CE,Towers with Radar,39,38,28,0,105,0,3,9,0,12,39,41,37,0,117,58,0,58,175
12/17/2000,LBB,TX,ASW,CE,Towers with Radar,36,25,21,0,82,0,2,0,1,3,36,27,21,1,85,104,0,104,189
12/18/2000,LBB,TX,ASW,CE,Towers with Radar,38,45,24,112,219,0,2,2,2,6,38,47,26,114,225,68,110,178,403
12/19/2000,LBB,TX,ASW,CE,Towers with Radar,42,91,42,83,258,0,5,12,6,23,42,96,54,89,281,52,52,104,385
12/20/2000,LBB,TX,ASW,CE,Towers with Radar,45,76,30,83,234,0,4,6,5,15,45,80,36,88,249,168,10,178,427
12/21/2000,LBB,TX,ASW,CE,Towers with Radar,42,78,46,39,205,0,7,9,2,18,42,85,55,41,223,180,28,208,431
12/22/2000,LBB,TX,ASW,CE,Towers with Radar,46,90,15,0,151,0,6,12,3,21,46,96,27,3,172,18,0,18,190
12/23/2000,LBB,TX,ASW,CE,Towers with Radar,39,37,29,0,105,0,0,23,0,23,39,37,52,0,128,58,0,58,186
12/24/2000,LBB,TX,ASW,CE,Towers with Radar,15,10,5,0,30,0,2,14,0,16,15,12,19,0,46,0,0,0,46
12/25/2000,LBB,TX,ASW,CE,Towers with Radar,4,0,1,0,5,12,0,0,0,12,16,0,1,0,17,0,0,0,17
12/26/2000,LBB,TX,ASW,CE,Towers with Radar,1,1,0,0,2,0,2,3,0,5,1,3,3,0,7,0,0,0,7
12/27/2000,LBB,TX,ASW,CE,Towers with Radar,12,15,14,0,41,0,0,15,0,15,12,15,29,0,56,0,0,0,56
12/28/2000,LBB,TX,ASW,CE,Towers with Radar,48,66,23,0,137,1,5,21,3,30,49,71,44,3,167,0,0,0,167
12/29/2000,LBB,TX,ASW,CE,Towers with Radar,45,62,31,13,151,7,26,4,0,37,52,88,35,13,188,74,0,74,262
12/30/2000,LBB,TX,ASW,CE,Towers with Radar,41,52,15,0,108,0,4,9,0,13,41,56,24,0,121,96,0,96,217
12/31/2000,LBB,TX,ASW,CE,Towers with Radar,28,35,12,0,75,0,1,18,0,19,28,36,30,0,94,4,0,4,98
01/01/2001,LBB,TX,ASW,CE,Towers with Radar,23,23,12,0,58,1,1,20,0,22,24,24,32,0,80,0,0,0,80
01/02/2001,LBB,TX,ASW,CE,Towers with Radar,37,42,20,0,99,0,6,16,0,22,37,48,36,0,121,0,0,0,121
01/03/2001,LBB,TX,ASW,CE,Towers with Radar,45,65,26,46,182,0,0,0,9,9,45,65,26,55,191,44,160,204,395
01/04/2001,LBB,TX,ASW,CE,Towers with Radar,48,86,16,36,186,0,7,14,0,21,48,93,30,36,207,97,88,185,392
01/05/2001,LBB,TX,ASW,CE,Towers with Radar,55,76,38,54,223,0,0,14,23,37,55,76,52,77,260,86,46,132,392
01/06/2001,LBB,TX,ASW,CE,Towers with Radar,31,60,38,0,129,0,3,11,0,14,31,63,49,0,143,90,0,90,233
01/07/2001,LBB,TX,ASW,CE,Towers with Radar,33,38,11,23,105,0,5,9,3,17,33,43,20,26,122,62,0,62,184
01/08/2001,LBB,TX,ASW,CE,Towers with Radar,37,56,18,39,150,0,8,0,22,30,37,64,18,61,180,34,38,72,252
01/09/2001,LBB,TX,ASW,CE,Towers with Radar,46,61,47,35,189,0,7,15,0,22,46,68,62,35,211,18,80,98,309
01/10/2001,LBB,TX,ASW,CE,Towers with Radar,47,67,23,2,139,0,9,8,0,17,47,76,31,2,156,0,0,0,156
01/11/2001,LBB,TX,ASW,CE,Towers with Radar,46,78,21,77,222,0,12,10,5,27,46,90,31,82,249,96,44,140,389
01/12/2001,LBB,TX,ASW,CE,Towers with Radar,52,75,28,37,192,0,3,6,0,9,52,78,34,37,201,46,4,50,251
01/13/2001,LBB,TX,ASW,CE,Towers with Radar,42,41,13,16,112,0,10,4,0,14,42,51,17,16,126,0,6,6,132
01/14/2001,LBB,TX,ASW,CE,Towers with Radar,41,25,23,19,108,0,6,9,0,15,41,31,32,19,123,58,0,58,181
01/15/2001,LBB,TX,ASW,CE,Towers with Radar,35,42,26,5,108,0,7,6,0,13,35,49,32,5,121,36,8,44,165
01/16/2001,LBB,TX,ASW,CE,Towers with Radar,49,59,15,3,126,0,8,3,3,14,49,67,18,6,140,0,0,0,140
01/17/2001,LBB,TX,ASW,CE,Towers with Radar,46,56,17,0,119,0,0,5,0,5,46,56,22,0,124,0,0,0,124
01/18/2001,LBB,TX,ASW,CE,Towers with Radar,57,60,34,48,199,0,0,5,3,8,57,60,39,51,207,46,20,66,273
01/19/2001,LBB,TX,ASW,CE,Towers with Radar,50,76,30,105,261,0,6,10,5,21,50,82,40,110,282,130,92,222,504
01/20/2001,LBB,TX,ASW,CE,Towers with Radar,41,45,12,37,135,0,8,5,1,14,41,53,17,38,149,58,12,70,219
01/21/2001,LBB,TX,ASW,CE,Towers with Radar,38,38,22,34,132,2,0,24,0,26,40,38,46,34,158,47,4,51,209
01/22/2001,LBB,TX,ASW,CE,Towers with Radar,26,25,14,24,89,11,0,5,8,24,37,25,19,32,113,32,35,67,180
01/23/2001,LBB,TX,ASW,CE,Towers with Radar,46,57,26,40,169,11,0,11,1,23,57,57,37,41,192,30,2,32,224
01/24/2001,LBB,TX,ASW,CE,Towers with Radar,55,78,58,76,267,1,1,23,0,25,56,79,81,76,292,90,10,100,392
01/25/2001,LBB,TX,ASW,CE,Towers with Radar,49,82,38,14,183,1,9,8,3,21,50,91,46,17,204,2,0,2,206
01/26/2001,LBB,TX,ASW,CE,Towers with Radar,56,85,61,44,246,0,8,25,13,46,56,93,86,57,292,60,36,96,388
01/27/2001,LBB,TX,ASW,CE,Towers with Radar,36,36,4,0,76,0,11,3,0,14,36,47,7,0,90,2,0,2,92
01/28/2001,LBB,TX,ASW,CE,Towers with Radar,31,11,2,0,44,0,2,2,0,4,31,13,4,0,48,0,0,0,48
01/29/2001,LBB,TX,ASW,CE,Towers with Radar,40,76,29,60,205,0,6,7,0,13,40,82,36,60,218,42,30,72,290
01/30/2001,LBB,TX,ASW,CE,Towers with Radar,42,65,33,88,228,0,2,10,0,12,42,67,43,88,240,12,126,138,378
01/31/2001,LBB,TX,ASW,CE,Towers with Radar,50,90,37,70,247,0,8,9,1,18,50,98,46,71,265,44,60,104,369
02/01/2001,LBB,TX,ASW,CE,Towers with Radar,47,64,36,66,213,0,5,6,1,12,47,69,42,67,225,22,110,132,357
02/02/2001,LBB,TX,ASW,CE,Towers with Radar,47,63,26,20,156,0,7,12,1,20,47,70,38,21,176,104,40,144,320
02/03/2001,LBB,TX,ASW,CE,Towers with Radar,33,42,20,21,116,0,0,1,8,9,33,42,21,29,125,52,30,82,207
02/04/2001,LBB,TX,ASW,CE,Towers with Radar,42,35,29,12,118,0,7,13,0,20,42,42,42,12,138,164,6,170,308
02/05/2001,LBB,TX,ASW,CE,Towers with Radar,30,52,16,33,131,0,3,7,1,11,30,55,23,34,142,46,100,146,288
02/06/2001,LBB,TX,ASW,CE,Towers with Radar,73,58,20,43,194,0,3,17,4,24,73,61,37,47,218,88,42,130,348
02/07/2001,LBB,TX,ASW,CE,Towers with Radar,45,84,20,55,204,0,0,13,0,13,45,84,33,55,217,42,71,113,330
02/08/2001,LBB,TX,ASW,CE,Towers with Radar,47,89,21,10,167,0,4,5,1,10,47,93,26,11,177,28,6,34,211
02/09/2001,LBB,TX,ASW,CE,Towers with Radar,44,91,35,55,225,0,4,11,2,17,44,95,46,57,242,10,40,50,292
02/10/2001,LBB,TX,ASW,CE,Towers with Radar,32,46,29,13,120,0,5,9,0,14,32,51,38,13,134,34,28,62,196
02/11/2001,LBB,TX,ASW,CE,Towers with Radar,30,51,19,26,126,0,2,19,2,23,30,53,38,28,149,52,30,82,231
02/12/2001,LBB,TX,ASW,CE,Towers with Radar,38,74,41,71,224,0,1,15,5,21,38,75,56,76,245,42,54,96,341
02/13/2001,LBB,TX,ASW,CE,Towers with Radar,52,71,38,79,240,0,0,5,3,8,52,71,43,82,248,14,64,78,326
02/14/2001,LBB,TX,ASW,CE,Towers with Radar,62,61,42,1,166,0,4,8,1,13,62,65,50,2,179,0,4,4,183
02/15/2001,LBB,TX,ASW,CE,Towers with Radar,49,56,31,14,150,0,0,14,6,20,49,56,45,20,170,52,20,72,242
02/16/2001,LBB,TX,ASW,CE,Towers with Radar,50,65,43,49,207,0,2,16,3,21,50,67,59,52,228,4,44,48,276
02/17/2001,LBB,TX,ASW,CE,Towers with Radar,35,47,24,0,106,0,4,13,0,17,35,51,37,0,123,16,0,16,139
02/18/2001,LBB,TX,ASW,CE,Towers with Radar,39,33,26,0,98,0,3,8,0,11,39,36,34,0,109,14,0,14,123
02/19/2001,LBB,TX,ASW,CE,Towers with Radar,28,37,16,3,84,10,6,0,0,16,38,43,16,3,100,16,2,18,118
02/20/2001,LBB,TX,ASW,CE,Towers with Radar,45,58,46,43,192,0,5,6,3,14,45,63,52,46,206,60,16,76,282
02/21/2001,LBB,TX,ASW,CE,Towers with Radar,50,62,58,91,261,0,5,14,4,23,50,67,72,95,284,48,38,86,370
02/22/2001,LBB,TX,ASW,CE,Towers with Radar,46,80,36,25,187,0,10,19,0,29,46,90,55,25,216,30,0,30,246
02/23/2001,LBB,TX,ASW,CE,Towers with Radar,42,65,29,1,137,0,5,6,2,13,42,70,35,3,150,0,0,0,150
02/24/2001,LBB,TX,ASW,CE,Towers with Radar,39,39,18,4,100,0,3,3,0,6,39,42,21,4,106,0,0,0,106
02/25/2001,LBB,TX,ASW,CE,Towers with Radar,38,40,21,22,121,0,4,11,1,16,38,44,32,23,137,26,44,70,207
02/26/2001,LBB,TX,ASW,CE,Towers with Radar,35,60,24,37,156,0,4,11,4,19,35,64,35,41,175,36,40,76,251
02/27/2001,LBB,TX,ASW,CE,Towers with Radar,43,67,27,8,145,0,5,4,3,12,43,72,31,11,157,0,0,0,157
02/28/2001,LBB,TX,ASW,CE,Towers with Radar,28,32,11,0,71,0,5,8,0,13,28,37,19,0,84,0,0,0,84
03/01/2001,LBB,TX,ASW,CE,Towers with Radar,47,67,34,48,196,4,1,12,9,26,51,68,46,57,222,54,36,90,312
03/02/2001,LBB,TX,ASW,CE,Towers with Radar,44,75,42,123,284,1,5,12,3,21,45,80,54,126,305,56,72,128,433
03/03/2001,LBB,TX,ASW,CE,Towers with Radar,34,37,27,33,131,1,5,21,2,29,35,42,48,35,160,48,24,72,232
03/04/2001,LBB,TX,ASW,CE,Towers with Radar,34,42,38,5,119,1,1,12,2,16,35,43,50,7,135,36,0,36,171
03/05/2001,LBB,TX,ASW,CE,Towers with Radar,39,48,16,38,141,0,5,7,2,14,39,53,23,40,155,38,82,120,275
03/06/2001,LBB,TX,ASW,CE,Towers with Radar,48,49,34,33,164,0,4,14,3,21,48,53,48,36,185,50,36,86,271
03/07/2001,LBB,TX,ASW,CE,Towers with Radar,48,125,55,37,265,0,6,24,2,32,48,131,79,39,297,22,26,48,345
03/08/2001,LBB,TX,ASW,CE,Towers with Radar,45,71,20,0,136,0,9,7,0,16,45,80,27,0,152,4,0,4,156
03/09/2001,LBB,TX,ASW,CE,Towers with Radar,47,90,69,50,256,0,0,28,1,29,47,90,97,51,285,84,8,92,377
03/10/2001,LBB,TX,ASW,CE,Towers with Radar,42,49,52,7,150,0,0,16,1,17,42,49,68,8,167,32,2,34,201
03/11/2001,LBB,TX,ASW,CE,Towers with Radar,34,31,29,0,94,0,2,6,1,9,34,33,35,1,103,28,0,28,131
03/12/2001,LBB,TX,ASW,CE,Towers with Radar,34,51,32,28,145,0,4,15,2,21,34,55,47,30,166,0,0,0,166
03/13/2001,LBB,TX,ASW,CE,Towers with Radar,42,51,49,38,180,0,0,13,3,16,42,51,62,41,196,34,22,56,252
03/14/2001,LBB,TX,ASW,CE,Towers with Radar,44,53,18,86,201,0,5,15,2,22,44,58,33,88,223,52,114,166,389
03/15/2001,LBB,TX,ASW,CE,Towers with Radar,46,59,27,11,143,0,4,17,2,23,46,63,44,13,166,0,0,0,166
03/16/2001,LBB,TX,ASW,CE,Towers with Radar,46,58,24,26,154,0,5,18,4,27,46,63,42,30,181,6,22,28,209
03/17/2001,LBB,TX,ASW,CE,Towers with Radar,35,36,15,0,86,0,5,9,0,14,35,41,24,0,100,0,0,0,100
03/18/2001,LBB,TX,ASW,CE,Towers with Radar,35,36,11,0,82,0,0,14,0,14,35,36,25,0,96,0,0,0,96
03/19/2001,LBB,TX,ASW,CE,Towers with Radar,39,48,56,66,209,0,4,11,4,19,39,52,67,70,228,10,20,30,258
03/20/2001,LBB,TX,ASW,CE,Towers with Radar,50,62,47,112,271,0,4,15,0,19,50,66,62,112,290,64,18,82,372
03/21/2001,LBB,TX,ASW,CE,Towers with Radar,40,59,38,50,187,0,4,7,5,16,40,63,45,55,203,114,6,120,323
03/22/2001,LBB,TX,ASW,CE,Towers with Radar,50,56,46,43,195,0,8,11,6,25,50,64,57,49,220,20,64,84,304
03/23/2001,LBB,TX,ASW,CE,Towers with Radar,47,63,32,37,179,0,4,21,4,29,47,67,53,41,208,74,10,84,292
03/24/2001,LBB,TX,ASW,CE,Towers with Radar,32,48,24,7,111,0,4,8,0,12,32,52,32,7,123,0,0,0,123
03/25/2001,LBB,TX,ASW,CE,Towers with Radar,39,28,42,0,109,0,3,5,0,8,39,31,47,0,117,32,0,32,149
03/26/2001,LBB,TX,ASW,CE,Towers with Radar,37,44,7,0,88,0,0,1,0,1,37,44,8,0,89,0,0,0,89
03/27/2001,LBB,TX,ASW,CE,Towers with Radar,50,71,11,0,132,0,7,13,0,20,50,78,24,0,152,0,0,0,152
03/28/2001,LBB,TX,ASW,CE,Towers with Radar,43,63,30,29,165,0,6,10,6,22,43,69,40,35,187,44,30,74,261
03/29/2001,LBB,TX,ASW,CE,Towers with Radar,45,59,70,53,227,0,5,19,5,29,45,64,89,58,256,54,30,84,340
03/30/2001,LBB,TX,ASW,CE,Towers with Radar,44,59,36,27,166,0,3,26,1,30,44,62,62,28,196,44,26,70,266
03/31/2001,LBB,TX,ASW,CE,Towers with Radar,40,41,41,15,137,0,7,9,3,19,40,48,50,18,156,32,10,42,198
04/01/2001,LBB,TX,ASW,CE,Towers with Radar,33,37,26,9,105,2,3,12,0,17,35,40,38,9,122,26,0,26,148
04/02/2001,LBB,TX,ASW,CE,Towers with Radar,38,41,33,37,149,0,0,0,83,83,38,41,33,120,232,34,96,130,362
04/03/2001,LBB,TX,ASW,CE,Towers with Radar,44,61,24,47,176,1,5,11,3,20,45,66,35,50,196,28,30,58,254
04/04/2001,LBB,TX,ASW,CE,Towers with Radar,48,60,36,34,178,1,4,19,1,25,49,64,55,35,203,60,26,86,289
04/05/2001,LBB,TX,ASW,CE,Towers with Radar,40,70,36,41,187,1,10,20,2,33,41,80,56,43,220,16,0,16,236
04/06/2001,LBB,TX,ASW,CE,Towers with Radar,32,38,21,10,101,0,0,33,7,40,32,38,54,17,141,0,0,0,141
04/07/2001,LBB,TX,ASW,CE,Towers with Radar,25,30,20,7,82,11,12,0,0,23,36,42,20,7,105,0,20,20,125
04/08/2001,LBB,TX,ASW,CE,Towers with Radar,32,32,49,16,129,0,6,5,1,12,32,38,54,17,141,0,0,0,141
04/09/2001,LBB,TX,ASW,CE,Towers with Radar,39,45,37,49,170,0,8,18,0,26,39,53,55,49,196,26,0,26,222
04/10/2001,LBB,TX,ASW,CE,Towers with Radar,51,58,34,40,183,0,8,9,0,17,51,66,43,40,200,10,0,10,210
04/11/2001,LBB,TX,ASW,CE,Towers with Radar,44,55,18,21,138,0,8,6,2,16,44,63,24,23,154,10,0,10,164
04/12/2001,LBB,TX,ASW,CE,Towers with Radar,46,62,28,30,166,0,8,26,1,35,46,70,54,31,201,36,34,70,271
04/13/2001,LBB,TX,ASW,CE,Towers with Radar,43,68,31,44,186,0,8,16,0,24,43,76,47,44,210,78,16,94,304
04/14/2001,LBB,TX,ASW,CE,Towers with Radar,37,37,70,0,144,0,5,14,0,19,37,42,84,0,163,12,0,12,175
04/15/2001,LBB,TX,ASW,CE,Towers with Radar,37,23,16,0,76,0,2,8,0,10,37,25,24,0,86,24,0,24,110
04/16/2001,LBB,TX,ASW,CE,Towers with Radar,35,39,33,20,127,0,7,27,6,40,35,46,60,26,167,40,0,40,207
04/17/2001,LBB,TX,ASW,CE,Towers with Radar,50,76,54,20,200,1,7,10,0,18,51,83,64,20,218,0,0,0,218
04/18/2001,LBB,TX,ASW,CE,Towers with Radar,42,84,58,35,219,1,10,17,0,28,43,94,75,35,247,96,46,142,389
04/19/2001,LBB,TX,ASW,CE,Towers with Radar,44,60,35,32,171,1,5,15,4,25,45,65,50,36,196,32,34,66,262
04/20/2001,LBB,TX,ASW,CE,Towers with Radar,41,66,26,37,170,1,5,11,0,17,42,71,37,37,187,0,8,8,195
04/21/2001,LBB,TX,ASW,CE,Towers with Radar,34,28,46,35,143,1,4,11,0,16,35,32,57,35,159,0,0,0,159
04/22/2001,LBB,TX,ASW,CE,Towers with Radar,35,31,19,3,88,1,4,11,0,16,36,35,30,3,104,0,0,0,104
04/23/2001,LBB,TX,ASW,CE,Towers with Radar,40,39,28,6,113,1,7,15,0,23,41,46,43,6,136,16,18,34,170
04/24/2001,LBB,TX,ASW,CE,Towers with Radar,46,75,49,22,192,1,9,11,0,21,47,84,60,22,213,20,0,20,233
04/25/2001,LBB,TX,ASW,CE,Towers with Radar,45,58,44,34,181,0,0,17,17,34,45,58,61,51,215,12,32,44,259
04/26/2001,LBB,TX,ASW,CE,Towers with Radar,45,64,43,26,178,0,2,0,0,2,45,66,43,26,180,48,0,48,228
04/27/2001,LBB,TX,ASW,CE,Towers with Radar,44,51,29,26,150,1,8,6,0,15,45,59,35,26,165,0,48,48,213
04/28/2001,LBB,TX,ASW,CE,Towers with Radar,37,38,33,12,120,0,0,40,0,40,37,38,73,12,160,16,10,26,186
04/29/2001,LBB,TX,ASW,CE,Towers with Radar,34,31,24,4,93,1,5,3,0,9,35,36,27,4,102,16,0,16,118
04/30/2001,LBB,TX,ASW,CE,Towers with Radar,34,50,29,4,117,1,5,12,0,18,35,55,41,4,135,14,0,14,149
05/01/2001,LBB,TX,ASW,CE,Towers with Radar,44,52,46,21,163,1,0,12,3,16,45,52,58,24,179,14,0,14,193
05/02/2001,LBB,TX,ASW,CE,Towers with Radar,31,48,31,17,127,14,6,11,0,31,45,54,42,17,158,0,0,0,158
05/03/2001,LBB,TX,ASW,CE,Towers with Radar,40,68,34,6,148,1,6,15,0,22,41,74,49,6,170,0,0,0,170
05/04/2001,LBB,TX,ASW,CE,Towers with Radar,37,66,18,12,133,1,5,10,0,16,38,71,28,12,149,10,0,10,159
05/05/2001,LBB,TX,ASW,CE,Towers with Radar,39,33,38,2,112,1,1,7,0,9,40,34,45,2,121,24,0,24,145
05/06/2001,LBB,TX,ASW,CE,Towers with Radar,28,34,32,9,103,1,1,13,0,15,29,35,45,9,118,0,8,8,126
05/07/2001,LBB,TX,ASW,CE,Towers with Radar,40,62,21,112,235,0,5,7,0,12,40,67,28,112,247,26,30,56,303
05/08/2001,LBB,TX,ASW,CE,Towers with Radar,41,99,54,33,227,0,5,26,2,33,41,104,80,35,260,16,0,16,276
05/09/2001,LBB,TX,ASW,CE,Towers with Radar,43,63,53,68,227,0,3,24,0,27,43,66,77,68,254,6,46,52,306
05/10/2001,LBB,TX,ASW,CE,Towers with Radar,40,73,58,78,249,0,5,20,0,25,40,78,78,78,274,98,72,170,444
05/11/2001,LBB,TX,ASW,CE,Towers with Radar,43,70,55,58,226,0,0,16,28,44,43,70,71,86,270,10,36,46,316
05/12/2001,LBB,TX,ASW,CE,Towers with Radar,33,32,29,5,99,0,2,21,1,24,33,34,50,6,123,14,8,22,145
05/13/2001,LBB,TX,ASW,CE,Towers with Radar,32,35,33,7,107,0,1,6,0,7,32,36,39,7,114,36,0,36,150
05/14/2001,LBB,TX,ASW,CE,Towers with Radar,40,42,32,32,146,0,4,11,0,15,40,46,43,32,161,28,8,36,197
05/15/2001,LBB,TX,ASW,CE,Towers with Radar,43,100,46,65,254,0,4,11,0,15,43,104,57,65,269,0,34,34,303
05/16/2001,LBB,TX,ASW,CE,Towers with Radar,42,89,64,39,234,1,3,14,1,19,43,92,78,40,253,38,54,92,345
05/17/2001,LBB,TX,ASW,CE,Towers with Radar,36,86,71,32,225,0,3,18,1,22,36,89,89,33,247,42,10,52,299
05/18/2001,LBB,TX,ASW,CE,Towers with Radar,46,57,29,71,203,0,4,19,1,24,46,61,48,72,227,4,114,118,345
05/19/2001,LBB,TX,ASW,CE,Towers with Radar,33,62,31,9,135,1,4,12,0,17,34,66,43,9,152,10,0,10,162
05/20/2001,LBB,TX,ASW,CE,Towers with Radar,33,31,19,47,130,0,1,8,0,9,33,32,27,47,139,8,30,38,177
05/21/2001,LBB,TX,ASW,CE,Towers with Radar,39,52,24,53,168,1,5,8,0,14,40,57,32,53,182,0,12,12,194
05/22/2001,LBB,TX,ASW,CE,Towers with Radar,46,80,56,59,241,0,0,1,37,38,46,80,57,96,279,80,58,138,417
05/23/2001,LBB,TX,ASW,CE,Towers with Radar,46,62,50,74,232,0,5,15,0,20,46,67,65,74,252,22,62,84,336
05/24/2001,LBB,TX,ASW,CE,Towers with Radar,42,78,47,67,234,0,3,12,1,16,42,81,59,68,250,58,16,74,324
05/25/2001,LBB,TX,ASW,CE,Towers with Radar,44,72,44,11,171,0,2,11,0,13,44,74,55,11,184,0,12,12,196
05/26/2001,LBB,TX,ASW,CE,Towers with Radar,39,45,34,0,118,0,6,14,0,20,39,51,48,0,138,28,0,28,166
05/27/2001,LBB,TX,ASW,CE,Towers with Radar,27,30,12,1,70,0,1,6,0,7,27,31,18,1,77,10,0,10,87
05/28/2001,LBB,TX,ASW,CE,Towers with Radar,27,30,38,0,95,0,3,18,0,21,27,33,56,0,116,0,0,0,116
05/29/2001,LBB,TX,ASW,CE,Towers with Radar,36,54,39,11,140,1,3,11,4,19,37,57,50,15,159,0,0,0,159
05/30/2001,LBB,TX,ASW,CE,Towers with Radar,43,61,34,110,248,0,8,10,1,19,43,69,44,111,267,34,68,102,369
05/31/2001,LBB,TX,ASW,CE,Towers with Radar,43,55,56,84,238,0,4,11,7,22,43,59,67,91,260,52,52,104,364
06/01/2001,LBB,TX,ASW,CE,Towers with Radar,42,58,26,1,127,2,3,14,3,22,44,61,40,4,149,12,0,12,161
06/02/2001,LBB,TX,ASW,CE,Towers with Radar,35,30,24,10,99,1,1,9,0,11,36,31,33,10,110,24,0,24,134
06/03/2001,LBB,TX,ASW,CE,Towers with Radar,38,31,31,36,136,1,1,14,1,17,39,32,45,37,153,28,28,56,209
06/04/2001,LBB,TX,ASW,CE,Towers with Radar,35,53,44,87,219,2,2,0,3,7,37,55,44,90,226,16,10,26,252
06/05/2001,LBB,TX,ASW,CE,Towers with Radar,40,57,27,101,225,2,3,14,2,21,42,60,41,103,246,10,76,86,332
06/06/2001,LBB,TX,ASW,CE,Towers with Radar,35,59,57,71,222,2,2,16,1,21,37,61,73,72,243,46,74,120,363
06/07/2001,LBB,TX,ASW,CE,Towers with Radar,46,68,44,66,224,5,2,3,5,15,51,70,47,71,239,72,30,102,341
06/08/2001,LBB,TX,ASW,CE,Towers with Radar,42,57,45,51,195,5,2,13,0,20,47,59,58,51,215,78,116,194,409
06/09/2001,LBB,TX,ASW,CE,Towers with Radar,34,26,38,4,102,1,7,11,1,20,35,33,49,5,122,16,0,16,138
06/10/2001,LBB,TX,ASW,CE,Towers with Radar,33,36,29,27,125,1,2,13,0,16,34,38,42,27,141,28,18,46,187
06/11/2001,LBB,TX,ASW,CE,Towers with Radar,35,45,27,107,214,1,7,13,0,21,36,52,40,107,235,36,46,82,317
06/12/2001,LBB,TX,ASW,CE,Towers with Radar,41,64,34,58,197,1,5,5,3,14,42,69,39,61,211,34,96,130,341
06/13/2001,LBB,TX,ASW,CE,Towers with Radar,43,61,29,60,193,2,2,7,7,18,45,63,36,67,211,12,32,44,255
06/14/2001,LBB,TX,ASW,CE,Towers with Radar,29,52,46,97,224,1,2,19,0,22,30,54,65,97,246,52,34,86,332
06/15/2001,LBB,TX,ASW,CE,Towers with Radar,48,74,45,50,217,1,5,22,3,31,49,79,67,53,248,38,40,78,326
06/16/2001,LBB,TX,ASW,CE,Towers with Radar,36,46,15,0,97,1,7,4,0,12,37,53,19,0,109,72,0,72,181
06/17/2001,LBB,TX,ASW,CE,Towers with Radar,37,42,15,1,95,1,1,8,2,12,38,43,23,3,107,18,0,18,125
06/18/2001,LBB,TX,ASW,CE,Towers with Radar,33,58,36,27,154,1,9,7,1,18,34,67,43,28,172,12,6,18,190
06/19/2001,LBB,TX,ASW,CE,Towers with Radar,45,82,35,109,271,1,6,13,4,24,46,88,48,113,295,0,106,106,401
06/20/2001,LBB,TX,ASW,CE,Towers with Radar,43,61,59,88,251,1,4,14,3,22,44,65,73,91,273,24,42,66,339
06/21/2001,LBB,TX,ASW,CE,Towers with Radar,44,70,50,44,208,2,4,17,0,23,46,74,67,44,231,4,14,18,249
06/22/2001,LBB,TX,ASW,CE,Towers with Radar,45,67,33,65,210,1,5,7,0,13,46,72,40,65,223,2,66,68,291
06/23/2001,LBB,TX,ASW,CE,Towers with Radar,29,43,27,21,120,7,7,21,0,35,36,50,48,21,155,30,0,30,185
06/24/2001,LBB,TX,ASW,CE,Towers with Radar,26,37,24,6,93,10,6,26,0,42,36,43,50,6,135,34,0,34,169
06/25/2001,LBB,TX,ASW,CE,Towers with Radar,34,64,39,64,201,0,16,0,17,33,34,80,39,81,234,36,8,44,278
06/26/2001,LBB,TX,ASW,CE,Towers with Radar,46,73,46,72,237,0,16,0,13,29,46,89,46,85,266,0,4,4,270
06/27/2001,LBB,TX,ASW,CE,Towers with Radar,43,75,49,75,242,0,3,1,30,34,43,78,50,105,276,22,76,98,374
06/28/2001,LBB,TX,ASW,CE,Towers with Radar,42,87,57,86,272,0,8,21,18,47,42,95,78,104,319,32,22,54,373
06/29/2001,LBB,TX,ASW,CE,Towers with Radar,43,63,39,73,218,0,0,0,51,51,43,63,39,124,269,16,88,104,373
06/30/2001,LBB,TX,ASW,CE,Towers with Radar,33,47,31,6,117,6,8,42,0,56,39,55,73,6,173,66,6,72,245
07/01/2001,LBB,TX,ASW,CE,Towers with Radar,30,50,38,6,124,2,2,8,3,15,32,52,46,9,139,26,20,46,185
07/02/2001,LBB,TX,ASW,CE,Towers with Radar,40,60,18,25,143,0,4,9,4,17,40,64,27,29,160,50,26,76,236
07/03/2001,LBB,TX,ASW,CE,Towers with Radar,50,38,47,67,202,0,4,16,3,23,50,42,63,70,225,52,124,176,401
07/04/2001,LBB,TX,ASW,CE,Towers with Radar,28,23,32,0,83,0,2,7,0,9,28,25,39,0,92,0,0,0,92
07/05/2001,LBB,TX,ASW,CE,Towers with Radar,42,54,38,5,139,0,2,11,0,13,42,56,49,5,152,22,0,22,174
07/06/2001,LBB,TX,ASW,CE,Towers with Radar,47,52,33,48,180,0,7,15,4,26,47,59,48,52,206,26,52,78,284
07/07/2001,LBB,TX,ASW,CE,Towers with Radar,37,32,30,0,99,1,8,14,0,23,38,40,44,0,122,20,0,20,142
07/08/2001,LBB,TX,ASW,CE,Towers with Radar,38,30,22,4,94,0,3,20,3,26,38,33,42,7,120,0,0,0,120
07/09/2001,LBB,TX,ASW,CE,Towers with Radar,36,50,26,77,189,0,6,7,9,22,36,56,33,86,211,12,74,86,297
07/10/2001,LBB,TX,ASW,CE,Towers with Radar,42,64,29,78,213,0,3,16,4,23,42,67,45,82,236,12,20,32,268
07/11/2001,LBB,TX,ASW,CE,Towers with Radar,45,51,43,49,188,0,0,10,7,17,45,51,53,56,205,30,20,50,255
07/12/2001,LBB,TX,ASW,CE,Towers with Radar,40,66,43,80,229,0,0,16,6,22,40,66,59,86,251,24,112,136,387
07/13/2001,LBB,TX,ASW,CE,Towers with Radar,44,61,42,61,208,0,3,22,4,29,44,64,64,65,237,40,10,50,287
07/14/2001,LBB,TX,ASW,CE,Towers with Radar,31,61,42,0,134,1,10,25,1,37,32,71,67,1,171,12,0,12,183
07/15/2001,LBB,TX,ASW,CE,Towers with Radar,43,38,35,7,123,0,1,20,2,23,43,39,55,9,146,44,0,44,190
07/16/2001,LBB,TX,ASW,CE,Towers with Radar,38,42,24,7,111,0,2,10,5,17,38,44,34,12,128,44,0,44,172
07/17/2001,LBB,TX,ASW,CE,Towers with Radar,44,58,43,44,189,0,5,13,7,25,44,63,56,51,214,16,4,20,234
07/18/2001,LBB,TX,ASW,CE,Towers with Radar,44,60,42,54,200,0,7,5,4,16,44,67,47,58,216,44,124,168,384
07/19/2001,LBB,TX,ASW,CE,Towers with Radar,41,54,52,44,191,0,7,8,4,19,41,61,60,48,210,60,46,106,316
07/20/2001,LBB,TX,ASW,CE,Towers with Radar,45,55,37,37,174,8,5,12,3,28,53,60,49,40,202,12,62,74,276
07/21/2001,LBB,TX,ASW,CE,Towers with Radar,32,38,37,0,107,1,3,13,2,19,33,41,50,2,126,42,0,42,168
07/22/2001,LBB,TX,ASW,CE,Towers with Radar,33,32,33,11,109,0,3,7,3,13,33,35,40,14,122,18,0,18,140
07/23/2001,LBB,TX,ASW,CE,Towers with Radar,41,42,35,28,146,0,4,2,3,9,41,46,37,31,155,20,24,44,199
07/24/2001,LBB,TX,ASW,CE,Towers with Radar,41,57,19,107,224,0,4,7,5,16,41,61,26,112,240,36,40,76,316
07/25/2001,LBB,TX,ASW,CE,Towers with Radar,38,57,23,38,156,0,5,16,9,30,38,62,39,47,186,8,0,8,194
07/26/2001,LBB,TX,ASW,CE,Towers with Radar,47,50,30,52,179,0,4,9,4,17,47,54,39,56,196,34,38,72,268
07/27/2001,LBB,TX,ASW,CE,Towers with Radar,47,57,33,27,164,0,6,18,2,26,47,63,51,29,190,0,18,18,208
07/28/2001,LBB,TX,ASW,CE,Towers with Radar,38,39,28,0,105,1,3,12,0,16,39,42,40,0,121,10,0,10,131
07/29/2001,LBB,TX,ASW,CE,Towers with Radar,37,28,21,10,96,0,3,11,2,16,37,31,32,12,112,12,6,18,130
07/30/2001,LBB,TX,ASW,CE,Towers with Radar,40,50,24,24,138,0,4,12,1,17,40,54,36,25,155,8,32,40,195
07/31/2001,LBB,TX,ASW,CE,Towers with Radar,39,63,44,58,204,0,6,17,4,27,39,69,61,62,231,30,34,64,295
08/01/2001,LBB,TX,ASW,CE,Towers with Radar,44,57,40,100,241,1,3,16,7,27,45,60,56,107,268,14,42,56,324
08/02/2001,LBB,TX,ASW,CE,Towers with Radar,43,69,46,67,225,1,3,8,3,15,44,72,54,70,240,52,128,180,420
08/03/2001,LBB,TX,ASW,CE,Towers with Radar,43,75,61,50,229,1,6,14,5,26,44,81,75,55,255,36,18,54,309
08/04/2001,LBB,TX,ASW,CE,Towers with Radar,27,36,27,28,118,9,0,0,14,23,36,36,27,42,141,22,24,46,187
08/05/2001,LBB,TX,ASW,CE,Towers with Radar,34,31,23,1,89,1,6,8,3,18,35,37,31,4,107,0,0,0,107
08/06/2001,LBB,TX,ASW,CE,Towers with Radar,34,68,51,46,199,0,0,0,42,42,34,68,51,88,241,26,26,52,293
08/07/2001,LBB,TX,ASW,CE,Towers with Radar,36,60,45,32,173,8,7,12,0,27,44,67,57,32,200,20,2,22,222
08/08/2001,LBB,TX,ASW,CE,Towers with Radar,38,60,46,39,183,4,0,13,7,24,42,60,59,46,207,36,22,58,265
08/09/2001,LBB,TX,ASW,CE,Towers with Radar,41,58,51,43,193,0,0,24,13,37,41,58,75,56,230,60,44,104,334
08/10/2001,LBB,TX,ASW,CE,Towers with Radar,42,66,49,15,172,8,37,4,0,49,50,103,53,15,221,38,8,46,267
08/11/2001,LBB,TX,ASW,CE,Towers with Radar,32,49,38,9,128,3,25,10,0,38,35,74,48,9,166,80,4,84,250
08/12/2001,LBB,TX,ASW,CE,Towers with Radar,27,42,33,8,110,7,4,20,0,31,34,46,53,8,141,16,0,16,157
08/13/2001,LBB,TX,ASW,CE,Towers with Radar,38,63,49,29,179,0,9,28,0,37,38,72,77,29,216,12,24,36,252
08/14/2001,LBB,TX,ASW,CE,Towers with Radar,40,62,48,14,164,6,20,21,0,47,46,82,69,14,211,14,28,42,253
08/15/2001,LBB,TX,ASW,CE,Towers with Radar,39,71,55,45,210,0,12,13,8,33,39,83,68,53,243,44,32,76,319
08/16/2001,LBB,TX,ASW,CE,Towers with Radar,38,58,41,27,164,4,31,0,0,35,42,89,41,27,199,48,10,58,257
08/17/2001,LBB,TX,ASW,CE,Towers with Radar,41,54,19,42,156,0,0,0,9,9,41,54,19,51,165,4,40,44,209
08/18/2001,LBB,TX,ASW,CE,Towers with Radar,26,40,31,14,111,7,9,7,0,23,33,49,38,14,134,14,0,14,148
08/19/2001,LBB,TX,ASW,CE,Towers with Radar,25,32,30,6,93,14,0,22,0,36,39,32,52,6,129,10,0,10,139
08/20/2001,LBB,TX,ASW,CE,Towers with Radar,35,54,36,34,159,1,2,0,24,27,36,56,36,58,186,16,62,78,264
08/21/2001,LBB,TX,ASW,CE,Towers with Radar,43,72,47,46,208,0,15,0,21,36,43,87,47,67,244,10,68,78,322
08/22/2001,LBB,TX,ASW,CE,Towers with Radar,39,80,61,47,227,0,2,43,0,45,39,82,104,47,272,46,0,46,318
08/23/2001,LBB,TX,ASW,CE,Towers with Radar,39,62,47,32,180,3,12,15,0,30,42,74,62,32,210,20,20,40,250
08/24/2001,LBB,TX,ASW,CE,Towers with Radar,45,69,53,41,208,5,0,23,0,28,50,69,76,41,236,36,38,74,310
08/25/2001,LBB,TX,ASW,CE,Towers with Radar,30,46,35,7,118,0,8,30,0,38,30,54,65,7,156,42,0,42,198
08/26/2001,LBB,TX,ASW,CE,Towers with Radar,30,32,36,20,118,5,0,36,0,41,35,32,72,20,159,36,6,42,201
08/27/2001,LBB,TX,ASW,CE,Towers with Radar,35,70,56,48,209,0,0,12,30,42,35,70,68,78,251,44,136,180,431
08/28/2001,LBB,TX,ASW,CE,Towers with Radar,45,71,44,46,206,0,13,0,24,37,45,84,44,70,243,68,134,202,445
08/29/2001,LBB,TX,ASW,CE,Towers with Radar,41,80,62,53,236,0,0,15,26,41,41,80,77,79,277,20,130,150,427
08/30/2001,LBB,TX,ASW,CE,Towers with Radar,43,71,63,54,231,0,0,44,8,52,43,71,107,62,283,46,64,110,393
08/31/2001,LBB,TX,ASW,CE,Towers with Radar,48,70,66,56,240,0,0,26,18,44,48,70,92,74,284,48,18,66,350
09/01/2001,LBB,TX,ASW,CE,Towers with Radar,24,30,28,0,82,12,11,13,0,36,36,41,41,0,118,40,0,40,158
09/02/2001,LBB,TX,ASW,CE,Towers with Radar,19,25,23,3,70,9,7,9,0,25,28,32,32,3,95,0,0,0,95
09/03/2001,LBB,TX,ASW,CE,Towers with Radar,30,32,36,26,124,1,0,26,0,27,31,32,62,26,151,58,20,78,229
09/04/2001,LBB,TX,ASW,CE,Towers with Radar,41,52,50,24,167,0,30,8,0,38,41,82,58,24,205,32,32,64,269
09/05/2001,LBB,TX,ASW,CE,Towers with Radar,46,58,55,43,202,1,10,5,9,25,47,68,60,52,227,56,10,66,293
09/06/2001,LBB,TX,ASW,CE,Towers with Radar,46,76,72,56,250,0,13,3,30,46,46,89,75,86,296,74,28,102,398
09/07/2001,LBB,TX,ASW,CE,Towers with Radar,50,66,50,49,215,0,5,0,38,43,50,71,50,87,258,34,14,48,306
09/08/2001,LBB,TX,ASW,CE,Towers with Radar,29,30,35,15,109,11,0,25,0,36,40,30,60,15,145,70,24,94,239
09/09/2001,LBB,TX,ASW,CE,Towers with Radar,37,33,47,37,154,0,0,31,10,41,37,33,78,47,195,24,0,24,219
09/10/2001,LBB,TX,ASW,CE,Towers with Radar,38,40,45,36,159,1,0,7,21,29,39,40,52,57,188,76,18,94,282
09/11/2001,LBB,TX,ASW,CE,Towers with Radar,15,20,11,8,54,1,22,0,0,23,16,42,11,8,77,6,2,8,85
09/12/2001,LBB,TX,ASW,CE,Towers with Radar,0,2,0,0,2,0,1,0,0,1,0,3,0,0,3,0,0,0,3
09/13/2001,LBB,TX,ASW,CE,Towers with Radar,5,18,1,14,38,0,4,0,27,31,5,22,1,41,69,0,0,0,69
09/14/2001,LBB,TX,ASW,CE,Towers with Radar,35,47,11,35,128,0,21,0,34,55,35,68,11,69,183,0,20,20,203
09/15/2001,LBB,TX,ASW,CE,Towers with Radar,32,38,37,7,114,8,2,29,0,39,40,40,66,7,153,0,6,6,159
09/16/2001,LBB,TX,ASW,CE,Towers with Radar,22,26,27,0,75,19,0,13,0,32,41,26,40,0,107,0,0,0,107
09/17/2001,LBB,TX,ASW,CE,Towers with Radar,42,50,50,32,174,0,21,6,0,27,42,71,56,32,201,10,18,28,229
09/18/2001,LBB,TX,ASW,CE,Towers with Radar,51,85,77,69,282,0,0,0,85,85,51,85,77,154,367,70,74,144,511
09/19/2001,LBB,TX,ASW,CE,Towers with Radar,45,78,76,42,241,0,35,34,0,69,45,113,110,42,310,0,0,0,310
09/20/2001,LBB,TX,ASW,CE,Towers with Radar,44,72,69,53,238,0,7,0,43,50,44,79,69,96,288,0,72,72,360
09/21/2001,LBB,TX,ASW,CE,Towers with Radar,47,59,58,44,208,0,3,15,8,26,47,62,73,52,234,0,54,54,288
09/22/2001,LBB,TX,ASW,CE,Towers with Radar,37,34,44,33,148,4,0,21,4,29,41,34,65,37,177,38,0,38,215
09/23/2001,LBB,TX,ASW,CE,Towers with Radar,31,24,37,19,111,7,0,32,0,39,38,24,69,19,150,24,8,32,182
09/24/2001,LBB,TX,ASW,CE,Towers with Radar,36,37,52,39,164,0,0,35,10,45,36,37,87,49,209,10,32,42,251
09/25/2001,LBB,TX,ASW,CE,Towers with Radar,49,49,58,41,197,21,0,18,0,39,70,49,76,41,236,78,38,116,352
09/26/2001,LBB,TX,ASW,CE,Towers with Radar,47,58,56,44,205,0,4,16,4,24,47,62,72,48,229,12,44,56,285
09/27/2001,LBB,TX,ASW,CE,Towers with Radar,45,61,64,42,212,0,0,48,0,48,45,61,112,42,260,40,44,84,344
09/28/2001,LBB,TX,ASW,CE,Towers with Radar,43,53,52,2,150,4,8,48,0,60,47,61,100,2,210,57,0,57,267
09/29/2001,LBB,TX,ASW,CE,Towers with Radar,28,30,33,0,91,11,0,33,0,44,39,30,66,0,135,0,0,0,135
09/30/2001,LBB,TX,ASW,CE,Towers with Radar,32,28,41,0,101,0,0,67,0,67,32,28,108,0,168,50,0,50,218
10/01/2001,LBB,TX,ASW,CE,Towers with Radar,42,46,48,46,182,0,0,4,20,24,42,46,52,66,206,50,56,106,312
10/02/2001,LBB,TX,ASW,CE,Towers with Radar,56,67,63,60,246,0,2,22,3,27,56,69,85,63,273,26,102,128,401
10/03/2001,LBB,TX,ASW,CE,Towers with Radar,47,69,54,64,234,0,0,0,55,55,47,69,54,119,289,50,164,214,503
10/04/2001,LBB,TX,ASW,CE,Towers with Radar,55,76,79,75,285,0,0,6,50,56,55,76,85,125,341,55,44,99,440
10/05/2001,LBB,TX,ASW,CE,Towers with Radar,49,70,66,63,248,0,2,21,14,37,49,72,87,77,285,2,46,48,333
10/06/2001,LBB,TX,ASW,CE,Towers with Radar,33,41,39,3,116,10,0,39,0,49,43,41,78,3,165,30,2,32,197
10/07/2001,LBB,TX,ASW,CE,Towers with Radar,28,24,31,16,99,9,0,23,0,32,37,24,54,16,131,44,0,44,175
10/08/2001,LBB,TX,ASW,CE,Towers with Radar,33,38,38,0,109,6,25,19,0,50,39,63,57,0,159,140,0,140,299
10/09/2001,LBB,TX,ASW,CE,Towers with Radar,42,48,47,20,157,4,26,13,0,43,46,74,60,20,200,12,0,12,212
10/10/2001,LBB,TX,ASW,CE,Towers with Radar,46,67,65,60,238,0,1,17,22,40,46,68,82,82,278,30,64,94,372
10/11/2001,LBB,TX,ASW,CE,Towers with Radar,47,66,83,77,273,0,0,4,77,81,47,66,87,154,354,72,68,140,494
10/12/2001,LBB,TX,ASW,CE,Towers with Radar,54,65,63,65,247,0,0,0,43,43,54,65,63,108,290,64,38,102,392
10/13/2001,LBB,TX,ASW,CE,Towers with Radar,35,40,39,5,119,12,0,15,0,27,47,40,54,5,146,22,4,26,172
10/14/2001,LBB,TX,ASW,CE,Towers with Radar,30,31,35,5,101,13,0,33,0,46,43,31,68,5,147,54,0,54,201
10/15/2001,LBB,TX,ASW,CE,Towers with Radar,33,38,38,32,141,4,4,10,0,18,37,42,48,32,159,6,0,6,165
10/16/2001,LBB,TX,ASW,CE,Towers with Radar,46,54,60,55,215,0,0,5,35,40,46,54,65,90,255,76,38,114,369
10/17/2001,LBB,TX,ASW,CE,Towers with Radar,41,47,46,26,160,5,16,13,0,34,46,63,59,26,194,48,0,48,242
10/18/2001,LBB,TX,ASW,CE,Towers with Radar,47,64,62,57,230,0,2,26,6,34,47,66,88,63,264,30,32,62,326
10/19/2001,LBB,TX,ASW,CE,Towers with Radar,47,55,54,51,207,2,11,3,5,21,49,66,57,56,228,58,46,104,332
10/20/2001,LBB,TX,ASW,CE,Towers with Radar,38,43,42,4,127,4,6,42,0,52,42,49,84,4,179,32,0,32,211
10/21/2001,LBB,TX,ASW,CE,Towers with Radar,36,41,41,2,120,8,3,42,0,53,44,44,83,2,173,16,0,16,189
10/22/2001,LBB,TX,ASW,CE,Towers with Radar,39,24,48,47,158,0,0,0,24,24,39,24,48,71,182,30,32,62,244
10/23/2001,LBB,TX,ASW,CE,Towers with Radar,49,55,59,56,219,0,0,11,25,36,49,55,70,81,255,58,100,158,413
10/24/2001,LBB,TX,ASW,CE,Towers with Radar,41,50,47,44,182,0,9,11,0,20,41,59,58,44,202,44,48,92,294
10/25/2001,LBB,TX,ASW,CE,Towers with Radar,49,57,50,52,208,4,12,0,11,27,53,69,50,63,235,84,16,100,335
10/26/2001,LBB,TX,ASW,CE,Towers with Radar,48,56,49,50,203,9,7,0,8,24,57,63,49,58,227,58,0,58,285
10/27/2001,LBB,TX,ASW,CE,Towers with Radar,24,28,26,14,92,14,0,9,0,23,38,28,35,14,115,40,8,48,163
10/28/2001,LBB,TX,ASW,CE,Towers with Radar,26,31,29,2,88,11,3,27,0,41,37,34,56,2,129,28,6,34,163
10/29/2001,LBB,TX,ASW,CE,Towers with Radar,37,39,44,43,163,0,0,26,3,29,37,39,70,46,192,38,32,70,262
10/30/2001,LBB,TX,ASW,CE,Towers with Radar,44,51,49,47,191,0,0,17,5,22,44,51,66,52,213,48,34,82,295
10/31/2001,LBB,TX,ASW,CE,Towers with Radar,47,56,35,35,173,0,6,0,0,6,47,62,35,35,179,90,32,122,301
11/01/2001,LBB,TX,ASW,CE,Towers with Radar,48,49,71,64,232,0,4,5,5,14,48,53,76,69,246,76,38,114,360
11/02/2001,LBB,TX,ASW,CE,Towers with Radar,46,53,80,17,196,0,4,6,5,15,46,57,86,22,211,72,18,90,301
11/03/2001,LBB,TX,ASW,CE,Towers with Radar,32,36,63,0,131,0,2,16,0,18,32,38,79,0,149,12,0,12,161
11/04/2001,LBB,TX,ASW,CE,Towers with Radar,30,22,33,6,91,7,0,29,0,36,37,22,62,6,127,6,0,6,133
11/05/2001,LBB,TX,ASW,CE,Towers with Radar,39,40,63,54,196,0,2,9,5,16,39,42,72,59,212,18,10,28,240
11/06/2001,LBB,TX,ASW,CE,Towers with Radar,47,85,35,61,228,0,5,0,6,11,47,90,35,67,239,64,30,94,333
11/07/2001,LBB,TX,ASW,CE,Towers with Radar,48,74,60,97,279,0,6,18,6,30,48,80,78,103,309,180,52,232,541
11/08/2001,LBB,TX,ASW,CE,Towers with Radar,46,56,38,98,238,0,2,9,1,12,46,58,47,99,250,12,60,72,322
11/09/2001,LBB,TX,ASW,CE,Towers with Radar,53,59,80,78,270,0,6,13,9,28,53,65,93,87,298,60,116,176,474
11/10/2001,LBB,TX,ASW,CE,Towers with Radar,32,36,37,22,127,0,0,20,0,20,32,36,57,22,147,96,48,144,291
11/11/2001,LBB,TX,ASW,CE,Towers with Radar,33,20,34,31,118,0,1,13,2,16,33,21,47,33,134,34,14,48,182
11/12/2001,LBB,TX,ASW,CE,Towers with Radar,39,37,54,0,130,2,0,21,0,23,41,37,75,0,153,0,32,32,185
11/13/2001,LBB,TX,ASW,CE,Towers with Radar,43,84,30,13,170,0,0,14,2,16,43,84,44,15,186,24,0,24,210
11/14/2001,LBB,TX,ASW,CE,Towers with Radar,44,63,21,3,131,0,3,11,3,17,44,66,32,6,148,0,0,0,148
11/15/2001,LBB,TX,ASW,CE,Towers with Radar,45,87,34,2,168,0,1,12,4,17,45,88,46,6,185,0,0,0,185
11/16/2001,LBB,TX,ASW,CE,Towers with Radar,49,77,49,19,194,0,1,16,6,23,49,78,65,25,217,24,0,24,241
11/17/2001,LBB,TX,ASW,CE,Towers with Radar,34,47,102,4,187,0,3,11,3,17,34,50,113,7,204,44,0,44,248
11/18/2001,LBB,TX,ASW,CE,Towers with Radar,31,24,40,12,107,0,0,9,4,13,31,24,49,16,120,46,0,46,166
11/19/2001,LBB,TX,ASW,CE,Towers with Radar,38,41,58,127,264,0,1,9,17,27,38,42,67,144,291,48,96,144,435
11/20/2001,LBB,TX,ASW,CE,Towers with Radar,49,84,45,58,236,0,1,24,2,27,49,85,69,60,263,144,172,316,579
11/21/2001,LBB,TX,ASW,CE,Towers with Radar,45,54,62,18,179,0,1,25,4,30,45,55,87,22,209,92,0,92,301
11/22/2001,LBB,TX,ASW,CE,Towers with Radar,30,20,10,0,60,0,2,6,0,8,30,22,16,0,68,0,0,0,68
11/23/2001,LBB,TX,ASW,CE,Towers with Radar,35,38,17,0,90,0,1,6,0,7,35,39,23,0,97,0,0,0,97
11/24/2001,LBB,TX,ASW,CE,Towers with Radar,32,32,31,0,95,0,1,11,0,12,32,33,42,0,107,86,0,86,193
11/25/2001,LBB,TX,ASW,CE,Towers with Radar,31,28,33,0,92,0,1,7,0,8,31,29,40,0,100,20,0,20,120
11/26/2001,LBB,TX,ASW,CE,Towers with Radar,36,47,45,43,171,0,0,27,5,32,36,47,72,48,203,30,58,88,291
11/27/2001,LBB,TX,ASW,CE,Towers with Radar,45,57,28,9,139,0,3,8,1,12,45,60,36,10,151,2,0,2,153
11/28/2001,LBB,TX,ASW,CE,Towers with Radar,18,21,19,12,70,32,59,17,55,163,50,80,36,67,233,52,102,154,387
11/29/2001,LBB,TX,ASW,CE,Towers with Radar,40,65,24,31,160,0,0,17,0,17,40,65,41,31,177,18,62,80,257
11/30/2001,LBB,TX,ASW,CE,Towers with Radar,0,0,0,0,0,0,0,0,0,0,0,0,0,0,0,0,0,0,0
12/01/2001,LBB,TX,ASW,CE,Towers with Radar,32,34,39,0,105,1,2,16,0,19,33,36,55,0,124,66,0,66,190
12/02/2001,LBB,TX,ASW,CE,Towers with Radar,25,33,43,9,110,0,0,10,4,14,25,33,53,13,124,130,50,180,304
12/03/2001,LBB,TX,ASW,CE,Towers with Radar,31,51,35,111,228,0,0,17,4,21,31,51,52,115,249,44,126,170,419
12/04/2001,LBB,TX,ASW,CE,Towers with Radar,40,72,37,43,192,0,1,13,5,19,40,73,50,48,211,4,16,20,231
12/05/2001,LBB,TX,ASW,CE,Towers with Radar,40,78,37,59,214,0,0,14,4,18,40,78,51,63,232,52,116,168,400
12/06/2001,LBB,TX,ASW,CE,Towers with Radar,36,64,42,50,192,0,4,7,4,15,36,68,49,54,207,40,16,56,263
12/07/2001,LBB,TX,ASW,CE,Towers with Radar,37,59,39,59,194,0,3,16,7,26,37,62,55,66,220,82,12,94,314
12/08/2001,LBB,TX,ASW,CE,Towers with Radar,25,41,24,0,90,1,0,15,0,16,26,41,39,0,106,20,0,20,126
12/09/2001,LBB,TX,ASW,CE,Towers with Radar,25,33,36,0,94,1,2,8,0,11,26,35,44,0,105,34,0,34,139
12/10/2001,LBB,TX,ASW,CE,Towers with Radar,34,40,24,72,170,0,2,9,7,18,34,42,33,79,188,74,164,238,426
12/11/2001,LBB,TX,ASW,CE,Towers with Radar,40,60,32,58,190,0,3,8,7,18,40,63,40,65,208,6,88,94,302
12/12/2001,LBB,TX,ASW,CE,Towers with Radar,37,62,42,64,205,0,4,18,7,29,37,66,60,71,234,22,80,102,336
12/13/2001,LBB,TX,ASW,CE,Towers with Radar,41,81,23,65,210,0,3,12,3,18,41,84,35,68,228,26,98,124,352
12/14/2001,LBB,TX,ASW,CE,Towers with Radar,40,80,24,47,191,0,3,4,2,9,40,83,28,49,200,24,60,84,284
12/15/2001,LBB,TX,ASW,CE,Towers with Radar,21,36,19,1,77,1,6,19,0,26,22,42,38,1,103,38,0,38,141
12/16/2001,LBB,TX,ASW,CE,Towers with Radar,24,35,20,15,94,0,0,6,4,10,24,35,26,19,104,30,4,34,138
12/17/2001,LBB,TX,ASW,CE,Towers with Radar,29,50,40,67,186,0,1,7,2,10,29,51,47,69,196,42,90,132,328
12/18/2001,LBB,TX,ASW,CE,Towers with Radar,40,67,24,101,232,0,1,11,3,15,40,68,35,104,247,0,68,68,315
12/19/2001,LBB,TX,ASW,CE,Towers with Radar,39,70,45,40,194,0,2,12,1,15,39,72,57,41,209,62,124,186,395
12/20/2001,LBB,TX,ASW,CE,Towers with Radar,42,70,39,25,176,0,3,10,1,14,42,73,49,26,190,58,62,120,310
12/21/2001,LBB,TX,ASW,CE,Towers with Radar,38,72,25,19,154,0,2,13,3,18,38,74,38,22,172,20,14,34,206
12/22/2001,LBB,TX,ASW,CE,Towers with Radar,25,56,36,0,117,0,1,10,0,11,25,57,46,0,128,8,0,8,136
12/23/2001,LBB,TX,ASW,CE,Towers with Radar,24,31,13,0,68,10,0,5,0,15,34,31,18,0,83,12,0,12,95
12/24/2001,LBB,TX,ASW,CE,Towers with Radar,17,48,4,0,69,0,1,1,0,2,17,49,5,0,71,8,0,8,79
12/25/2001,LBB,TX,ASW,CE,Towers with Radar,18,29,1,0,48,0,2,5,0,7,18,31,6,0,55,0,0,0,55
12/26/2001,LBB,TX,ASW,CE,Towers with Radar,35,56,17,0,108,0,1,16,2,19,35,57,33,2,127,2,0,2,129
12/27/2001,LBB,TX,ASW,CE,Towers with Radar,39,66,35,13,153,0,4,21,3,28,39,70,56,16,181,16,8,24,205
12/28/2001,LBB,TX,ASW,CE,Towers with Radar,41,74,39,0,154,0,0,8,0,8,41,74,47,0,162,14,0,14,176
12/29/2001,LBB,TX,ASW,CE,Towers with Radar,22,48,27,0,97,1,0,0,0,1,23,48,27,0,98,14,0,14,112
12/30/2001,LBB,TX,ASW,CE,Towers with Radar,22,48,19,0,89,0,13,22,0,35,22,61,41,0,124,10,0,10,134
12/31/2001,LBB,TX,ASW,CE,Towers with Radar,18,61,19,0,98,1,0,10,0,11,19,61,29,0,109,0,0,0,109
01/01/2002,LBB,TX,ASW,CE,Towers with Radar,18,32,12,0,62,1,0,1,0,2,19,32,13,0,64,6,0,6,70
01/02/2002,LBB,TX,ASW,CE,Towers with Radar,35,64,46,0,145,0,0,20,0,20,35,64,66,0,165,6,0,6,171
01/03/2002,LBB,TX,ASW,CE,Towers with Radar,36,69,17,45,167,0,3,15,5,23,36,72,32,50,190,32,108,140,330
01/04/2002,LBB,TX,ASW,CE,Towers with Radar,37,66,24,29,156,0,1,13,2,16,37,67,37,31,172,70,38,108,280
01/05/2002,LBB,TX,ASW,CE,Towers with Radar,21,39,4,0,64,0,0,9,0,9,21,39,13,0,73,8,0,8,81
01/06/2002,LBB,TX,ASW,CE,Towers with Radar,26,31,40,0,97,0,0,13,0,13,26,31,53,0,110,0,0,0,110
01/07/2002,LBB,TX,ASW,CE,Towers with Radar,28,56,49,83,216,0,0,8,4,12,28,56,57,87,228,10,62,72,300
01/08/2002,LBB,TX,ASW,CE,Towers with Radar,38,94,25,85,242,0,4,9,3,16,38,98,34,88,258,14,58,72,330
01/09/2002,LBB,TX,ASW,CE,Towers with Radar,37,67,40,127,271,0,2,12,5,19,37,69,52,132,290,30,152,182,472
01/10/2002,LBB,TX,ASW,CE,Towers with Radar,36,77,36,27,176,0,2,15,3,20,36,79,51,30,196,42,38,80,276
01/11/2002,LBB,TX,ASW,CE,Towers with Radar,35,66,19,129,249,0,3,5,1,9,35,69,24,130,258,89,94,183,441
01/12/2002,LBB,TX,ASW,CE,Towers with Radar,22,39,37,15,113,0,0,5,2,7,22,39,42,17,120,36,6,42,162
01/13/2002,LBB,TX,ASW,CE,Towers with Radar,28,37,32,10,107,0,0,10,4,14,28,37,42,14,121,48,2,50,171
01/14/2002,LBB,TX,ASW,CE,Towers with Radar,32,52,64,86,234,0,0,6,8,14,32,52,70,94,248,82,62,144,392
01/15/2002,LBB,TX,ASW,CE,Towers with Radar,38,62,38,84,222,0,1,7,6,14,38,63,45,90,236,26,124,150,386
01/16/2002,LBB,TX,ASW,CE,Towers with Radar,35,61,65,84,245,0,3,17,6,26,35,64,82,90,271,42,152,194,465
01/17/2002,LBB,TX,ASW,CE,Towers with Radar,39,65,57,62,223,0,1,16,2,19,39,66,73,64,242,32,26,58,300
01/18/2002,LBB,TX,ASW,CE,Towers with Radar,39,70,33,51,193,0,0,11,1,12,39,70,44,52,205,16,48,64,269
01/19/2002,LBB,TX,ASW,CE,Towers with Radar,25,43,28,0,96,1,0,10,6,17,26,43,38,6,113,52,0,52,165
01/20/2002,LBB,TX,ASW,CE,Towers with Radar,28,32,17,3,80,0,0,7,2,9,28,32,24,5,89,10,0,10,99
01/21/2002,LBB,TX,ASW,CE,Towers with Radar,34,44,22,1,101,0,0,10,1,11,34,44,32,2,112,10,0,10,122
01/22/2002,LBB,TX,ASW,CE,Towers with Radar,32,63,43,115,253,0,0,9,9,18,32,63,52,124,271,16,68,84,355
01/23/2002,LBB,TX,ASW,CE,Towers with Radar,32,80,43,143,298,0,0,16,15,31,32,80,59,158,329,44,118,162,491
01/24/2002,LBB,TX,ASW,CE,Towers with Radar,41,63,19,40,163,0,0,13,10,23,41,63,32,50,186,0,14,14,200
01/25/2002,LBB,TX,ASW,CE,Towers with Radar,40,95,54,61,250,0,0,0,4,4,40,95,54,65,254,46,60,106,360
01/26/2002,LBB,TX,ASW,CE,Towers with Radar,33,37,39,2,111,0,0,8,1,9,33,37,47,3,120,0,10,10,130
01/27/2002,LBB,TX,ASW,CE,Towers with Radar,31,40,8,11,90,0,0,6,2,8,31,40,14,13,98,32,14,46,144
01/28/2002,LBB,TX,ASW,CE,Towers with Radar,29,64,38,69,200,0,0,9,8,17,29,64,47,77,217,44,78,122,339
01/29/2002,LBB,TX,ASW,CE,Towers with Radar,37,80,49,70,236,0,0,8,29,37,37,80,57,99,273,28,92,120,393
01/30/2002,LBB,TX,ASW,CE,Towers with Radar,29,54,30,0,113,6,36,13,0,55,35,90,43,0,168,16,0,16,184
01/31/2002,LBB,TX,ASW,CE,Towers with Radar,36,66,32,53,187,3,15,0,2,20,39,81,32,55,207,4,36,40,247
02/01/2002,LBB,TX,ASW,CE,Towers with Radar,32,59,46,27,164,2,4,17,1,24,34,63,63,28,188,58,0,58,246
02/02/2002,LBB,TX,ASW,CE,Towers with Radar,24,37,24,0,85,1,5,9,0,15,25,42,33,0,100,36,0,36,136
02/03/2002,LBB,TX,ASW,CE,Towers with Radar,28,36,18,5,87,1,4,12,0,17,29,40,30,5,104,36,0,36,140
02/04/2002,LBB,TX,ASW,CE,Towers with Radar,27,78,32,17,154,1,4,14,0,19,28,82,46,17,173,0,0,0,173
02/05/2002,LBB,TX,ASW,CE,Towers with Radar,16,26,11,0,53,22,34,0,0,56,38,60,11,0,109,0,0,0,109
02/06/2002,LBB,TX,ASW,CE,Towers with Radar,33,74,15,59,181,1,6,17,0,24,34,80,32,59,205,118,30,148,353
02/07/2002,LBB,TX,ASW,CE,Towers with Radar,37,87,31,89,244,1,8,9,4,22,38,95,40,93,266,80,134,214,480
02/08/2002,LBB,TX,ASW,CE,Towers with Radar,39,68,41,57,205,1,11,9,0,21,40,79,50,57,226,18,34,52,278
02/09/2002,LBB,TX,ASW,CE,Towers with Radar,25,41,24,16,106,2,13,14,0,29,27,54,38,16,135,22,0,22,157
02/10/2002,LBB,TX,ASW,CE,Towers with Radar,28,31,19,0,78,1,4,12,0,17,29,35,31,0,95,0,0,0,95
02/11/2002,LBB,TX,ASW,CE,Towers with Radar,25,64,34,29,152,1,4,6,0,11,26,68,40,29,163,44,66,110,273
02/12/2002,LBB,TX,ASW,CE,Towers with Radar,39,84,22,23,168,1,6,6,0,13,40,90,28,23,181,10,16,26,207
02/13/2002,LBB,TX,ASW,CE,Towers with Radar,34,53,28,53,168,1,7,8,0,16,35,60,36,53,184,122,12,134,318
02/14/2002,LBB,TX,ASW,CE,Towers with Radar,37,60,35,46,178,2,6,13,17,38,39,66,48,63,216,22,20,42,258
02/15/2002,LBB,TX,ASW,CE,Towers with Radar,34,57,27,69,187,1,6,16,0,23,35,63,43,69,210,90,50,140,350
02/16/2002,LBB,TX,ASW,CE,Towers with Radar,26,40,46,0,112,1,4,6,0,11,27,44,52,0,123,104,0,104,227
02/17/2002,LBB,TX,ASW,CE,Towers with Radar,35,44,30,3,112,1,3,13,0,17,36,47,43,3,129,84,0,84,213
02/18/2002,LBB,TX,ASW,CE,Towers with Radar,30,49,34,6,119,1,3,12,0,16,31,52,46,6,135,40,8,48,183
02/19/2002,LBB,TX,ASW,CE,Towers with Radar,45,66,23,33,167,1,5,13,0,19,46,71,36,33,186,40,0,40,226
02/20/2002,LBB,TX,ASW,CE,Towers with Radar,36,69,39,46,190,0,0,26,0,26,36,69,65,46,216,82,68,150,366
02/21/2002,LBB,TX,ASW,CE,Towers with Radar,34,65,36,46,181,0,9,5,7,21,34,74,41,53,202,10,108,118,320
02/22/2002,LBB,TX,ASW,CE,Towers with Radar,40,65,44,55,204,0,0,4,39,43,40,65,48,94,247,122,88,210,457
02/23/2002,LBB,TX,ASW,CE,Towers with Radar,21,35,20,7,83,2,0,29,0,31,23,35,49,7,114,66,10,76,190
02/24/2002,LBB,TX,ASW,CE,Towers with Radar,27,32,26,34,119,1,0,23,1,25,28,32,49,35,144,20,22,42,186
02/25/2002,LBB,TX,ASW,CE,Towers with Radar,28,56,29,42,155,0,0,0,27,27,28,56,29,69,182,8,94,102,284
02/26/2002,LBB,TX,ASW,CE,Towers with Radar,43,74,44,56,217,0,0,11,22,33,43,74,55,78,250,0,70,70,320
02/27/2002,LBB,TX,ASW,CE,Towers with Radar,35,63,39,51,188,0,0,8,28,36,35,63,47,79,224,56,130,186,410
02/28/2002,LBB,TX,ASW,CE,Towers with Radar,33,74,41,56,204,0,0,0,44,44,33,74,41,100,248,66,98,164,412
03/01/2002,LBB,TX,ASW,CE,Towers with Radar,41,90,49,91,271,1,0,9,15,25,42,90,58,106,296,16,60,76,372
03/02/2002,LBB,TX,ASW,CE,Towers with Radar,26,40,7,20,93,1,0,8,0,9,27,40,15,20,102,10,8,18,120
03/03/2002,LBB,TX,ASW,CE,Towers with Radar,27,37,44,24,132,1,0,3,4,8,28,37,47,28,140,24,10,34,174
03/04/2002,LBB,TX,ASW,CE,Towers with Radar,31,53,40,68,192,0,0,11,4,15,31,53,51,72,207,14,26,40,247
03/05/2002,LBB,TX,ASW,CE,Towers with Radar,36,113,64,45,258,0,2,4,1,7,36,115,68,46,265,14,34,48,313
03/06/2002,LBB,TX,ASW,CE,Towers with Radar,39,89,40,56,224,0,3,13,2,18,39,92,53,58,242,26,40,66,308
03/07/2002,LBB,TX,ASW,CE,Towers with Radar,39,86,23,76,224,0,4,11,5,20,39,90,34,81,244,48,96,144,388
03/08/2002,LBB,TX,ASW,CE,Towers with Radar,40,99,34,56,229,0,2,16,8,26,40,101,50,64,255,30,0,30,285
03/09/2002,LBB,TX,ASW,CE,Towers with Radar,27,46,39,8,120,1,1,12,5,19,28,47,51,13,139,56,0,56,195
03/10/2002,LBB,TX,ASW,CE,Towers with Radar,28,35,35,40,138,0,0,16,1,17,28,35,51,41,155,12,4,16,171
03/11/2002,LBB,TX,ASW,CE,Towers with Radar,27,51,28,74,180,0,0,7,2,9,27,51,35,76,189,16,68,84,273
03/12/2002,LBB,TX,ASW,CE,Towers with Radar,34,66,41,74,215,0,1,15,2,18,34,67,56,76,233,46,74,120,353
03/13/2002,LBB,TX,ASW,CE,Towers with Radar,42,61,43,44,190,0,2,11,1,14,42,63,54,45,204,16,56,72,276
03/14/2002,LBB,TX,ASW,CE,Towers with Radar,39,61,25,43,168,0,1,12,3,16,39,62,37,46,184,10,42,52,236
03/15/2002,LBB,TX,ASW,CE,Towers with Radar,34,75,47,51,207,0,0,9,21,30,34,75,56,72,237,0,14,14,251
03/16/2002,LBB,TX,ASW,CE,Towers with Radar,30,45,53,0,128,0,0,17,1,18,30,45,70,1,146,43,0,43,189
03/17/2002,LBB,TX,ASW,CE,Towers with Radar,31,40,56,29,156,0,0,22,1,23,31,40,78,30,179,50,0,50,229
03/18/2002,LBB,TX,ASW,CE,Towers with Radar,34,50,36,48,168,0,11,6,6,23,34,61,42,54,191,20,84,104,295
03/19/2002,LBB,TX,ASW,CE,Towers with Radar,40,58,31,0,129,0,1,8,0,9,40,59,39,0,138,0,0,0,138
03/20/2002,LBB,TX,ASW,CE,Towers with Radar,33,71,28,14,146,0,1,20,3,24,33,72,48,17,170,56,2,58,228
03/21/2002,LBB,TX,ASW,CE,Towers with Radar,38,88,29,34,189,0,3,11,3,17,38,91,40,37,206,24,0,24,230
03/22/2002,LBB,TX,ASW,CE,Towers with Radar,38,57,51,80,226,0,2,19,0,21,38,59,70,80,247,50,8,58,305
03/23/2002,LBB,TX,ASW,CE,Towers with Radar,25,39,31,0,95,0,1,13,0,14,25,40,44,0,109,45,0,45,154
03/24/2002,LBB,TX,ASW,CE,Towers with Radar,29,35,16,8,88,0,0,0,0,0,29,35,16,8,88,70,0,70,158
03/25/2002,LBB,TX,ASW,CE,Towers with Radar,30,48,29,65,172,0,0,8,2,10,30,48,37,67,182,58,38,96,278
03/26/2002,LBB,TX,ASW,CE,Towers with Radar,40,75,25,59,199,0,5,10,2,17,40,80,35,61,216,52,36,88,304
03/27/2002,LBB,TX,ASW,CE,Towers with Radar,33,85,23,77,218,0,4,8,2,14,33,89,31,79,232,36,96,132,364
03/28/2002,LBB,TX,ASW,CE,Towers with Radar,35,72,44,56,207,0,4,16,4,24,35,76,60,60,231,56,82,138,369
03/29/2002,LBB,TX,ASW,CE,Towers with Radar,41,64,73,26,204,0,21,5,0,26,41,85,78,26,230,14,25,39,269
03/30/2002,LBB,TX,ASW,CE,Towers with Radar,18,32,16,0,66,6,0,0,0,6,24,32,16,0,72,0,0,0,72
03/31/2002,LBB,TX,ASW,CE,Towers with Radar,28,30,44,0,102,0,0,3,0,3,28,30,47,0,105,28,0,28,133
04/01/2002,LBB,TX,ASW,CE,Towers with Radar,28,60,51,41,180,0,2,10,1,13,28,62,61,42,193,0,58,58,251
04/02/2002,LBB,TX,ASW,CE,Towers with Radar,39,91,39,76,245,0,3,11,5,19,39,94,50,81,264,30,66,96,360
04/03/2002,LBB,TX,ASW,CE,Towers with Radar,36,64,70,70,240,0,4,7,3,14,36,68,77,73,254,8,32,40,294
04/04/2002,LBB,TX,ASW,CE,Towers with Radar,37,91,49,72,249,0,5,7,5,17,37,96,56,77,266,58,14,72,338
04/05/2002,LBB,TX,ASW,CE,Towers with Radar,38,82,55,88,263,0,4,18,5,27,38,86,73,93,290,62,14,76,366
04/06/2002,LBB,TX,ASW,CE,Towers with Radar,26,64,24,0,114,0,2,9,0,11,26,66,33,0,125,8,0,8,133
04/07/2002,LBB,TX,ASW,CE,Towers with Radar,27,26,27,0,80,0,1,9,0,10,27,27,36,0,90,20,0,20,110
04/08/2002,LBB,TX,ASW,CE,Towers with Radar,32,47,32,136,247,0,3,16,7,26,32,50,48,143,273,36,24,60,333
04/09/2002,LBB,TX,ASW,CE,Towers with Radar,44,67,63,84,258,0,4,13,10,27,44,71,76,94,285,112,134,246,531
04/10/2002,LBB,TX,ASW,CE,Towers with Radar,36,56,60,35,187,0,5,16,1,22,36,61,76,36,209,98,60,158,367
04/11/2002,LBB,TX,ASW,CE,Towers with Radar,35,68,29,81,213,0,6,6,3,15,35,74,35,84,228,58,122,180,408
04/12/2002,LBB,TX,ASW,CE,Towers with Radar,41,78,50,38,207,0,3,27,5,35,41,81,77,43,242,66,14,80,322
04/13/2002,LBB,TX,ASW,CE,Towers with Radar,28,41,11,0,80,0,2,19,0,21,28,43,30,0,101,18,0,18,119
04/14/2002,LBB,TX,ASW,CE,Towers with Radar,31,35,38,2,106,0,2,11,0,13,31,37,49,2,119,38,12,50,169
04/15/2002,LBB,TX,ASW,CE,Towers with Radar,29,49,45,40,163,0,2,10,3,15,29,51,55,43,178,10,50,60,238
04/16/2002,LBB,TX,ASW,CE,Towers with Radar,44,68,37,87,236,0,4,17,1,22,44,72,54,88,258,48,184,232,490
04/17/2002,LBB,TX,ASW,CE,Towers with Radar,37,72,38,85,232,0,4,10,6,20,37,76,48,91,252,60,66,126,378
04/18/2002,LBB,TX,ASW,CE,Towers with Radar,37,57,37,59,190,0,3,17,4,24,37,60,54,63,214,60,40,100,314
04/19/2002,LBB,TX,ASW,CE,Towers with Radar,37,74,44,30,185,0,4,25,0,29,37,78,69,30,214,50,12,62,276
04/20/2002,LBB,TX,ASW,CE,Towers with Radar,28,40,28,18,114,0,7,15,0,22,28,47,43,18,136,0,0,0,136
04/21/2002,LBB,TX,ASW,CE,Towers with Radar,30,33,37,0,100,0,1,13,0,14,30,34,50,0,114,108,0,108,222
04/22/2002,LBB,TX,ASW,CE,Towers with Radar,28,61,37,93,219,0,0,12,4,16,28,61,49,97,235,72,122,194,429
04/23/2002,LBB,TX,ASW,CE,Towers with Radar,37,82,59,80,258,0,2,15,1,18,37,84,74,81,276,73,114,187,463
04/24/2002,LBB,TX,ASW,CE,Towers with Radar,34,90,24,68,216,0,5,6,4,15,34,95,30,72,231,28,38,66,297
04/25/2002,LBB,TX,ASW,CE,Towers with Radar,36,71,53,57,217,0,4,9,4,17,36,75,62,61,234,0,50,50,284
04/26/2002,LBB,TX,ASW,CE,Towers with Radar,32,59,39,0,130,0,4,12,1,17,32,63,51,1,147,0,0,0,147
04/27/2002,LBB,TX,ASW,CE,Towers with Radar,18,30,20,0,68,26,2,4,0,32,44,32,24,0,100,48,0,48,148
04/28/2002,LBB,TX,ASW,CE,Towers with Radar,19,26,21,1,67,13,0,25,0,38,32,26,46,1,105,56,0,56,161
04/29/2002,LBB,TX,ASW,CE,Towers with Radar,29,48,39,46,162,0,0,24,5,29,29,48,63,51,191,58,84,142,333
04/30/2002,LBB,TX,ASW,CE,Towers with Radar,35,72,45,62,214,0,0,0,40,40,35,72,45,102,254,12,48,60,314
05/01/2002,LBB,TX,ASW,CE,Towers with Radar,31,54,35,47,167,5,12,0,4,21,36,66,35,51,188,64,16,80,268
05/02/2002,LBB,TX,ASW,CE,Towers with Radar,38,71,51,64,224,0,0,50,0,50,38,71,101,64,274,96,38,134,408
05/03/2002,LBB,TX,ASW,CE,Towers with Radar,36,67,44,59,206,0,5,14,12,31,36,72,58,71,237,34,90,124,361
05/04/2002,LBB,TX,ASW,CE,Towers with Radar,16,27,18,1,62,13,0,15,0,28,29,27,33,1,90,108,0,108,198
05/05/2002,LBB,TX,ASW,CE,Towers with Radar,19,33,22,5,79,11,0,28,0,39,30,33,50,5,118,10,0,10,128
05/06/2002,LBB,TX,ASW,CE,Towers with Radar,26,49,38,51,164,0,0,19,22,41,26,49,57,73,205,80,38,118,323
05/07/2002,LBB,TX,ASW,CE,Towers with Radar,40,64,46,50,200,0,0,49,0,49,40,64,95,50,249,44,94,138,387
05/08/2002,LBB,TX,ASW,CE,Towers with Radar,34,59,38,31,162,4,12,28,0,44,38,71,66,31,206,22,70,92,298
05/09/2002,LBB,TX,ASW,CE,Towers with Radar,43,73,59,79,254,0,0,36,26,62,43,73,95,105,316,38,44,82,398
05/10/2002,LBB,TX,ASW,CE,Towers with Radar,31,54,35,47,167,5,12,0,4,21,36,66,35,51,188,26,14,40,228
05/11/2002,LBB,TX,ASW,CE,Towers with Radar,17,30,19,3,69,7,15,13,0,35,24,45,32,3,104,0,0,0,104
05/12/2002,LBB,TX,ASW,CE,Towers with Radar,18,32,20,17,87,11,0,12,0,23,29,32,32,17,110,0,4,4,114
05/13/2002,LBB,TX,ASW,CE,Towers with Radar,22,38,24,22,106,6,2,18,0,26,28,40,42,22,132,64,0,64,196
05/14/2002,LBB,TX,ASW,CE,Towers with Radar,37,70,45,51,203,0,13,28,0,41,37,83,73,51,244,27,75,102,346
05/15/2002,LBB,TX,ASW,CE,Towers with Radar,33,66,44,59,202,0,12,1,20,33,33,78,45,79,235,46,96,142,377
05/16/2002,LBB,TX,ASW,CE,Towers with Radar,39,72,48,64,223,0,10,12,11,33,39,82,60,75,256,60,60,120,376
05/17/2002,LBB,TX,ASW,CE,Towers with Radar,35,58,39,42,174,0,17,16,0,33,35,75,55,42,207,8,24,32,239
05/18/2002,LBB,TX,ASW,CE,Towers with Radar,17,27,19,5,68,12,9,9,0,30,29,36,28,5,98,8,0,8,106
05/19/2002,LBB,TX,ASW,CE,Towers with Radar,18,29,20,8,75,10,3,16,0,29,28,32,36,8,104,46,0,46,150
05/20/2002,LBB,TX,ASW,CE,Towers with Radar,31,44,40,52,167,0,0,13,33,46,31,44,53,85,213,10,38,48,261
05/21/2002,LBB,TX,ASW,CE,Towers with Radar,33,53,34,46,166,6,13,0,4,23,39,66,34,50,189,0,24,24,213
05/22/2002,LBB,TX,ASW,CE,Towers with Radar,35,66,22,57,180,0,16,0,37,53,35,82,22,94,233,18,70,88,321
05/23/2002,LBB,TX,ASW,CE,Towers with Radar,34,56,38,21,149,3,25,19,0,47,37,81,57,21,196,88,22,110,306
05/24/2002,LBB,TX,ASW,CE,Towers with Radar,35,66,55,71,227,0,0,6,57,63,35,66,61,128,290,44,126,170,460
05/25/2002,LBB,TX,ASW,CE,Towers with Radar,24,39,27,0,90,6,10,33,0,49,30,49,60,0,139,14,0,14,153
05/26/2002,LBB,TX,ASW,CE,Towers with Radar,17,26,18,0,61,6,3,25,0,34,23,29,43,0,95,8,0,8,103
05/27/2002,LBB,TX,ASW,CE,Towers with Radar,18,30,21,2,71,11,4,21,0,36,29,34,42,2,107,88,0,88,195
05/28/2002,LBB,TX,ASW,CE,Towers with Radar,34,58,73,95,260,0,0,14,110,124,34,58,87,205,384,58,194,252,636
05/29/2002,LBB,TX,ASW,CE,Towers with Radar,40,77,44,67,228,0,2,0,43,45,40,79,44,110,273,54,70,124,397
05/30/2002,LBB,TX,ASW,CE,Towers with Radar,36,67,47,61,211,0,0,23,13,36,36,67,70,74,247,64,80,144,391
05/31/2002,LBB,TX,ASW,CE,Towers with Radar,27,27,29,30,113,5,0,11,0,16,32,27,40,30,129,22,0,22,151
06/01/2002,LBB,TX,ASW,CE,Towers with Radar,20,34,23,1,78,8,18,6,0,32,28,52,29,1,110,90,0,90,200
06/02/2002,LBB,TX,ASW,CE,Towers with Radar,20,34,23,4,81,10,11,8,0,29,30,45,31,4,110,14,0,14,124
06/03/2002,LBB,TX,ASW,CE,Towers with Radar,28,47,32,22,129,1,1,21,0,23,29,48,53,22,152,30,18,48,200
06/04/2002,LBB,TX,ASW,CE,Towers with Radar,32,56,38,13,139,3,19,18,0,40,35,75,56,13,179,14,0,14,193
06/05/2002,LBB,TX,ASW,CE,Towers with Radar,34,58,39,27,158,6,26,5,0,37,40,84,44,27,195,38,0,38,233
06/06/2002,LBB,TX,ASW,CE,Towers with Radar,40,73,59,52,224,0,0,25,28,53,40,73,84,80,277,42,58,100,377
06/07/2002,LBB,TX,ASW,CE,Towers with Radar,31,53,36,8,128,6,14,23,0,43,37,67,59,8,171,32,0,32,203
06/08/2002,LBB,TX,ASW,CE,Towers with Radar,20,35,24,0,79,6,4,24,0,34,26,39,48,0,113,22,0,22,135
06/09/2002,LBB,TX,ASW,CE,Towers with Radar,19,33,22,0,74,10,2,21,0,33,29,35,43,0,107,16,0,16,123
06/10/2002,LBB,TX,ASW,CE,Towers with Radar,27,47,54,49,177,0,0,0,80,80,27,47,54,129,257,18,54,72,329
06/11/2002,LBB,TX,ASW,CE,Towers with Radar,35,72,56,50,213,0,0,8,44,52,35,72,64,94,265,74,44,118,383
06/12/2002,LBB,TX,ASW,CE,Towers with Radar,31,52,36,18,137,3,13,15,0,31,34,65,51,18,168,28,4,32,200
06/13/2002,LBB,TX,ASW,CE,Towers with Radar,42,68,52,40,202,0,0,39,0,39,42,68,91,40,241,10,4,14,255
06/14/2002,LBB,TX,ASW,CE,Towers with Radar,39,68,48,41,196,0,0,8,19,27,39,68,56,60,223,98,18,116,339
06/15/2002,LBB,TX,ASW,CE,Towers with Radar,21,34,24,1,80,12,19,1,0,32,33,53,25,1,112,0,0,0,112
06/16/2002,LBB,TX,ASW,CE,Towers with Radar,25,35,29,5,94,3,0,35,0,38,28,35,64,5,132,36,0,36,168
06/17/2002,LBB,TX,ASW,CE,Towers with Radar,29,47,39,16,131,0,0,48,0,48,29,47,87,16,179,32,26,58,237
06/18/2002,LBB,TX,ASW,CE,Towers with Radar,36,60,42,31,169,0,12,14,0,26,36,72,56,31,195,24,36,60,255
06/19/2002,LBB,TX,ASW,CE,Towers with Radar,34,57,41,34,166,0,7,13,0,20,34,64,54,34,186,0,8,8,194
06/20/2002,LBB,TX,ASW,CE,Towers with Radar,36,68,55,47,206,0,0,29,21,50,36,68,84,68,256,14,26,40,296
06/21/2002,LBB,TX,ASW,CE,Towers with Radar,38,62,44,37,181,2,12,0,7,21,40,74,44,44,202,80,84,164,366
06/22/2002,LBB,TX,ASW,CE,Towers with Radar,21,34,24,2,81,14,11,6,0,31,35,45,30,2,112,26,0,26,138
06/23/2002,LBB,TX,ASW,CE,Towers with Radar,20,32,23,7,82,8,1,15,0,24,28,33,38,7,106,36,6,42,148
06/24/2002,LBB,TX,ASW,CE,Towers with Radar,28,49,40,34,151,0,0,17,19,36,28,49,57,53,187,6,0,6,193
06/25/2002,LBB,TX,ASW,CE,Towers with Radar,36,66,46,40,188,0,2,21,4,27,36,68,67,44,215,106,6,112,327
06/26/2002,LBB,TX,ASW,CE,Towers with Radar,35,64,44,38,181,0,9,7,9,25,35,73,51,47,206,86,4,90,296
06/27/2002,LBB,TX,ASW,CE,Towers with Radar,42,68,56,50,216,0,0,0,53,53,42,68,56,103,269,26,16,42,311
06/28/2002,LBB,TX,ASW,CE,Towers with Radar,38,78,56,51,223,0,0,0,45,45,38,78,56,96,268,52,42,94,362
06/29/2002,LBB,TX,ASW,CE,Towers with Radar,29,34,34,8,105,3,0,23,0,26,32,34,57,8,131,94,4,98,229
06/30/2002,LBB,TX,ASW,CE,Towers with Radar,23,37,25,7,92,7,3,27,0,37,30,40,52,7,129,18,0,18,147
07/01/2002,LBB,TX,ASW,CE,Towers with Radar,28,44,59,35,166,1,0,15,6,22,29,44,74,41,188,98,14,112,300
07/02/2002,LBB,TX,ASW,CE,Towers with Radar,39,68,61,121,289,0,7,26,0,33,39,75,87,121,322,38,50,88,410
07/03/2002,LBB,TX,ASW,CE,Towers with Radar,39,78,58,33,208,0,3,22,6,31,39,81,80,39,239,26,16,42,281
07/04/2002,LBB,TX,ASW,CE,Towers with Radar,25,30,14,2,71,0,3,15,0,18,25,33,29,2,89,0,0,0,89
07/05/2002,LBB,TX,ASW,CE,Towers with Radar,23,54,38,2,117,0,0,14,0,14,23,54,52,2,131,58,4,62,193
07/06/2002,LBB,TX,ASW,CE,Towers with Radar,33,39,21,1,94,0,1,17,0,18,33,40,38,1,112,0,0,0,112
07/07/2002,LBB,TX,ASW,CE,Towers with Radar,28,42,28,2,100,0,0,38,0,38,28,42,66,2,138,0,0,0,138
07/08/2002,LBB,TX,ASW,CE,Towers with Radar,29,51,37,50,167,0,0,1,25,26,29,51,38,75,193,48,50,98,291
07/09/2002,LBB,TX,ASW,CE,Towers with Radar,38,62,35,57,192,0,8,0,29,37,38,70,35,86,229,66,72,138,367
07/10/2002,LBB,TX,ASW,CE,Towers with Radar,37,68,29,128,262,0,3,18,1,22,37,71,47,129,284,54,54,108,392
07/11/2002,LBB,TX,ASW,CE,Towers with Radar,34,64,51,103,252,0,3,23,4,30,34,67,74,107,282,54,42,96,378
07/12/2002,LBB,TX,ASW,CE,Towers with Radar,35,69,42,63,209,0,3,25,0,28,35,72,67,63,237,42,16,58,295
07/13/2002,LBB,TX,ASW,CE,Towers with Radar,39,56,37,5,137,0,1,20,0,21,39,57,57,5,158,20,2,22,180
07/14/2002,LBB,TX,ASW,CE,Towers with Radar,22,36,24,12,94,3,0,30,0,33,25,36,54,12,127,30,0,30,157
07/15/2002,LBB,TX,ASW,CE,Towers with Radar,30,47,40,69,186,0,0,9,0,9,30,47,49,69,195,24,42,66,261
07/16/2002,LBB,TX,ASW,CE,Towers with Radar,38,65,38,123,264,0,4,8,2,14,38,69,46,125,278,20,112,132,410
07/17/2002,LBB,TX,ASW,CE,Towers with Radar,37,78,44,168,327,0,3,19,1,23,37,81,63,169,350,122,118,240,590
07/18/2002,LBB,TX,ASW,CE,Towers with Radar,40,67,24,42,173,0,4,19,2,25,40,71,43,44,198,46,0,46,244
07/19/2002,LBB,TX,ASW,CE,Towers with Radar,38,58,24,45,165,0,1,19,2,22,38,59,43,47,187,102,8,110,297
07/20/2002,LBB,TX,ASW,CE,Towers with Radar,31,39,24,10,104,0,2,7,0,9,31,41,31,10,113,58,0,58,171
07/21/2002,LBB,TX,ASW,CE,Towers with Radar,26,39,28,10,103,0,2,11,0,13,26,41,39,10,116,50,50,100,216
07/22/2002,LBB,TX,ASW,CE,Towers with Radar,29,45,44,67,185,0,0,19,3,22,29,45,63,70,207,64,72,136,343
07/23/2002,LBB,TX,ASW,CE,Towers with Radar,37,61,42,78,218,0,3,16,0,19,37,64,58,78,237,102,6,108,345
07/24/2002,LBB,TX,ASW,CE,Towers with Radar,37,72,56,32,197,0,3,13,3,19,37,75,69,35,216,74,40,114,330
07/25/2002,LBB,TX,ASW,CE,Towers with Radar,34,59,42,58,193,0,6,16,3,25,34,65,58,61,218,14,40,54,272
07/26/2002,LBB,TX,ASW,CE,Towers with Radar,33,55,59,46,193,0,3,13,1,17,33,58,72,47,210,20,28,48,258
07/27/2002,LBB,TX,ASW,CE,Towers with Radar,30,52,33,22,137,0,2,10,0,12,30,54,43,22,149,46,0,46,195
07/28/2002,LBB,TX,ASW,CE,Towers with Radar,30,37,23,17,107,0,0,17,1,18,30,37,40,18,125,28,0,28,153
07/29/2002,LBB,TX,ASW,CE,Towers with Radar,29,45,49,9,132,0,2,11,2,15,29,47,60,11,147,58,2,60,207
07/30/2002,LBB,TX,ASW,CE,Towers with Radar,42,62,38,71,213,0,3,11,4,18,42,65,49,75,231,56,18,74,305
07/31/2002,LBB,TX,ASW,CE,Towers with Radar,35,71,43,32,181,0,3,10,4,17,35,74,53,36,198,66,16,82,280
08/01/2002,LBB,TX,ASW,CE,Towers with Radar,32,65,43,73,213,0,5,10,6,21,32,70,53,79,234,0,46,46,280
08/02/2002,LBB,TX,ASW,CE,Towers with Radar,37,60,39,101,237,0,3,4,7,14,37,63,43,108,251,22,56,78,329
08/03/2002,LBB,TX,ASW,CE,Towers with Radar,33,47,29,0,109,0,1,13,0,14,33,48,42,0,123,26,0,26,149
08/04/2002,LBB,TX,ASW,CE,Towers with Radar,29,37,34,7,107,0,0,11,3,14,29,37,45,10,121,74,0,74,195
08/05/2002,LBB,TX,ASW,CE,Towers with Radar,29,42,32,73,176,0,0,11,6,17,29,42,43,79,193,18,31,49,242
08/06/2002,LBB,TX,ASW,CE,Towers with Radar,37,87,27,107,258,0,3,13,5,21,37,90,40,112,279,50,0,50,329
08/07/2002,LBB,TX,ASW,CE,Towers with Radar,35,60,42,86,223,0,4,16,9,29,35,64,58,95,252,126,64,190,442
08/08/2002,LBB,TX,ASW,CE,Towers with Radar,39,69,25,100,233,0,4,12,11,27,39,73,37,111,260,74,78,152,412
08/09/2002,LBB,TX,ASW,CE,Towers with Radar,38,65,31,70,204,0,4,15,10,29,38,69,46,80,233,78,18,96,329
08/10/2002,LBB,TX,ASW,CE,Towers with Radar,33,46,21,0,100,0,2,8,4,14,33,48,29,4,114,50,0,50,164
08/11/2002,LBB,TX,ASW,CE,Towers with Radar,30,40,31,9,110,0,1,15,8,24,30,41,46,17,134,96,44,140,274
08/12/2002,LBB,TX,ASW,CE,Towers with Radar,30,50,29,148,257,0,0,9,6,15,30,50,38,154,272,18,70,88,360
08/13/2002,LBB,TX,ASW,CE,Towers with Radar,34,74,43,73,224,0,2,1,29,32,34,76,44,102,256,60,0,60,316
08/14/2002,LBB,TX,ASW,CE,Towers with Radar,40,67,46,100,253,0,9,10,3,22,40,76,56,103,275,98,32,130,405
08/15/2002,LBB,TX,ASW,CE,Towers with Radar,34,85,37,119,275,0,5,12,6,23,34,90,49,125,298,42,46,88,386
08/16/2002,LBB,TX,ASW,CE,Towers with Radar,37,68,44,104,253,0,3,13,9,25,37,71,57,113,278,64,60,124,402
08/17/2002,LBB,TX,ASW,CE,Towers with Radar,33,43,37,11,124,0,3,16,6,25,33,46,53,17,149,94,0,94,243
08/18/2002,LBB,TX,ASW,CE,Towers with Radar,28,31,32,16,107,0,0,7,9,16,28,31,39,25,123,30,0,30,153
08/19/2002,LBB,TX,ASW,CE,Towers with Radar,28,49,25,73,175,0,0,12,10,22,28,49,37,83,197,46,66,112,309
08/20/2002,LBB,TX,ASW,CE,Towers with Radar,37,80,22,44,183,0,4,19,7,30,37,84,41,51,213,4,46,50,263
08/21/2002,LBB,TX,ASW,CE,Towers with Radar,32,73,74,4,183,0,4,9,9,22,32,77,83,13,205,82,0,82,287
08/22/2002,LBB,TX,ASW,CE,Towers with Radar,39,74,44,64,221,0,2,12,9,23,39,76,56,73,244,62,54,116,360
08/23/2002,LBB,TX,ASW,CE,Towers with Radar,41,78,48,28,195,0,2,17,3,22,41,80,65,31,217,118,0,118,335
08/24/2002,LBB,TX,ASW,CE,Towers with Radar,18,33,20,21,92,14,15,10,0,39,32,48,30,21,131,58,0,58,189
08/25/2002,LBB,TX,ASW,CE,Towers with Radar,35,34,32,15,116,0,0,13,12,25,35,34,45,27,141,32,10,42,183
08/26/2002,LBB,TX,ASW,CE,Towers with Radar,29,54,33,115,231,0,2,4,2,8,29,56,37,117,239,52,20,72,311
08/27/2002,LBB,TX,ASW,CE,Towers with Radar,36,60,25,82,203,0,4,9,9,22,36,64,34,91,225,20,44,64,289
08/28/2002,LBB,TX,ASW,CE,Towers with Radar,31,79,40,25,175,0,2,11,5,18,31,81,51,30,193,42,0,42,235
08/29/2002,LBB,TX,ASW,CE,Towers with Radar,37,66,29,72,204,0,0,8,7,15,37,66,37,79,219,92,16,108,327
08/30/2002,LBB,TX,ASW,CE,Towers with Radar,41,78,33,50,202,0,2,15,14,31,41,80,48,64,233,140,16,156,389
08/31/2002,LBB,TX,ASW,CE,Towers with Radar,14,23,14,4,55,6,0,22,0,28,20,23,36,4,83,4,0,4,87
09/01/2002,LBB,TX,ASW,CE,Towers with Radar,19,22,29,2,72,1,1,7,2,11,20,23,36,4,83,4,0,4,87
09/02/2002,LBB,TX,ASW,CE,Towers with Radar,24,40,22,3,89,0,0,13,0,13,24,40,35,3,102,12,2,14,116
09/03/2002,LBB,TX,ASW,CE,Towers with Radar,25,58,39,39,161,0,6,28,13,47,25,64,67,52,208,64,28,92,300
09/04/2002,LBB,TX,ASW,CE,Towers with Radar,36,63,38,39,176,0,1,10,0,11,36,64,48,39,187,46,10,56,243
09/05/2002,LBB,TX,ASW,CE,Towers with Radar,38,71,47,93,249,0,3,15,0,18,38,74,62,93,267,68,32,100,367
09/06/2002,LBB,TX,ASW,CE,Towers with Radar,38,67,16,16,137,0,3,19,1,23,38,70,35,17,160,0,40,40,200
09/07/2002,LBB,TX,ASW,CE,Towers with Radar,34,46,5,8,93,3,3,11,0,17,37,49,16,8,110,6,4,10,120
09/08/2002,LBB,TX,ASW,CE,Towers with Radar,31,32,24,5,92,0,0,19,0,19,31,32,43,5,111,0,0,0,111
09/09/2002,LBB,TX,ASW,CE,Towers with Radar,27,29,50,24,130,0,0,14,2,16,27,29,64,26,146,36,8,44,190
09/10/2002,LBB,TX,ASW,CE,Towers with Radar,35,64,44,65,208,0,3,19,0,22,35,67,63,65,230,20,34,54,284
09/11/2002,LBB,TX,ASW,CE,Towers with Radar,37,45,57,57,196,0,0,19,5,24,37,45,76,62,220,44,18,62,282
09/12/2002,LBB,TX,ASW,CE,Towers with Radar,37,73,49,69,228,0,1,19,1,21,37,74,68,70,249,28,46,74,323
09/13/2002,LBB,TX,ASW,CE,Towers with Radar,40,60,49,64,213,0,5,11,3,19,40,65,60,67,232,76,60,136,368
09/14/2002,LBB,TX,ASW,CE,Towers with Radar,34,35,64,15,148,0,2,15,0,17,34,37,79,15,165,26,0,26,191
09/15/2002,LBB,TX,ASW,CE,Towers with Radar,27,31,56,14,128,0,1,12,0,13,27,32,68,14,141,30,26,56,197
09/16/2002,LBB,TX,ASW,CE,Towers with Radar,32,49,43,171,295,0,2,13,1,16,32,51,56,172,311,0,144,144,455
09/17/2002,LBB,TX,ASW,CE,Towers with Radar,34,73,64,81,252,0,3,13,4,20,34,76,77,85,272,24,10,34,306
09/18/2002,LBB,TX,ASW,CE,Towers with Radar,36,66,48,73,223,0,6,21,13,40,36,72,69,86,263,38,24,62,325
09/19/2002,LBB,TX,ASW,CE,Towers with Radar,33,60,56,86,235,0,1,20,2,23,33,61,76,88,258,40,18,58,316
09/20/2002,LBB,TX,ASW,CE,Towers with Radar,41,63,60,208,372,0,5,16,3,24,41,68,76,211,396,32,150,182,578
09/21/2002,LBB,TX,ASW,CE,Towers with Radar,33,34,18,8,93,0,5,5,0,10,33,39,23,8,103,44,0,44,147
09/22/2002,LBB,TX,ASW,CE,Towers with Radar,29,47,34,42,152,1,0,6,10,17,30,47,40,52,169,76,24,100,269
09/23/2002,LBB,TX,ASW,CE,Towers with Radar,35,65,46,56,202,0,5,6,14,25,35,70,52,70,227,56,32,88,315
09/24/2002,LBB,TX,ASW,CE,Towers with Radar,29,47,34,42,152,1,0,6,10,17,30,47,40,52,169,76,24,100,269
09/25/2002,LBB,TX,ASW,CE,Towers with Radar,36,74,42,62,214,0,2,22,3,27,36,76,64,65,241,104,20,124,365
09/26/2002,LBB,TX,ASW,CE,Towers with Radar,40,62,48,68,218,0,6,14,2,22,40,68,62,70,240,34,40,74,314
09/27/2002,LBB,TX,ASW,CE,Towers with Radar,36,85,50,5,176,0,5,20,2,27,36,90,70,7,203,34,0,34,237
09/28/2002,LBB,TX,ASW,CE,Towers with Radar,32,59,19,1,111,0,1,11,5,17,32,60,30,6,128,0,0,0,128
09/29/2002,LBB,TX,ASW,CE,Towers with Radar,27,34,31,1,93,10,0,14,6,30,37,34,45,7,123,42,0,42,165
09/30/2002,LBB,TX,ASW,CE,Towers with Radar,30,58,28,1,117,0,1,18,4,23,30,59,46,5,140,30,0,30,170
10/01/2002,LBB,TX,ASW,CE,Towers with Radar,38,71,41,44,194,1,4,0,71,76,39,75,41,115,270,30,12,42,312
10/02/2002,LBB,TX,ASW,CE,Towers with Radar,36,73,68,50,227,2,2,33,4,41,38,75,101,54,268,50,16,66,334
10/03/2002,LBB,TX,ASW,CE,Towers with Radar,35,80,62,111,288,2,4,22,3,31,37,84,84,114,319,14,44,58,377
10/04/2002,LBB,TX,ASW,CE,Towers with Radar,35,59,47,64,205,2,3,23,2,30,37,62,70,66,235,74,40,114,349
10/05/2002,LBB,TX,ASW,CE,Towers with Radar,31,48,25,19,123,2,0,14,1,17,33,48,39,20,140,16,2,18,158
10/06/2002,LBB,TX,ASW,CE,Towers with Radar,27,38,30,9,104,2,0,24,2,28,29,38,54,11,132,6,0,6,138
10/07/2002,LBB,TX,ASW,CE,Towers with Radar,30,54,53,53,190,2,0,27,2,31,32,54,80,55,221,88,26,114,335
10/08/2002,LBB,TX,ASW,CE,Towers with Radar,35,81,44,26,186,2,4,12,4,22,37,85,56,30,208,0,0,0,208
10/09/2002,LBB,TX,ASW,CE,Towers with Radar,37,69,46,25,177,1,5,16,0,22,38,74,62,25,199,32,0,32,231
10/10/2002,LBB,TX,ASW,CE,Towers with Radar,38,71,62,49,220,0,0,42,0,42,38,71,104,49,262,86,8,94,356
10/11/2002,LBB,TX,ASW,CE,Towers with Radar,41,71,39,75,226,1,2,17,0,20,42,73,56,75,246,60,48,108,354
10/12/2002,LBB,TX,ASW,CE,Towers with Radar,35,39,27,4,105,1,0,21,0,22,36,39,48,4,127,44,0,44,171
10/13/2002,LBB,TX,ASW,CE,Towers with Radar,29,34,35,15,113,1,1,14,1,17,30,35,49,16,130,32,0,32,162
10/14/2002,LBB,TX,ASW,CE,Towers with Radar,24,46,36,7,113,5,4,27,0,36,29,50,63,7,149,50,0,50,199
10/15/2002,LBB,TX,ASW,CE,Towers with Radar,42,74,49,52,217,1,1,8,3,13,43,75,57,55,230,82,38,120,350
10/16/2002,LBB,TX,ASW,CE,Towers with Radar,35,55,50,55,195,1,1,11,2,15,36,56,61,57,210,82,14,96,306
10/17/2002,LBB,TX,ASW,CE,Towers with Radar,36,64,59,43,202,1,4,13,5,23,37,68,72,48,225,76,76,152,377
10/18/2002,LBB,TX,ASW,CE,Towers with Radar,33,61,49,50,193,1,2,14,2,19,34,63,63,52,212,0,10,10,222
10/19/2002,LBB,TX,ASW,CE,Towers with Radar,33,44,39,0,116,1,0,6,0,7,34,44,45,0,123,58,0,58,181
10/20/2002,LBB,TX,ASW,CE,Towers with Radar,28,37,71,12,148,1,2,19,2,24,29,39,90,14,172,38,22,60,232
10/21/2002,LBB,TX,ASW,CE,Towers with Radar,27,47,42,57,173,1,2,15,9,27,28,49,57,66,200,90,22,112,312
10/22/2002,LBB,TX,ASW,CE,Towers with Radar,36,70,88,27,221,1,4,21,0,26,37,74,109,27,247,30,16,46,293
10/23/2002,LBB,TX,ASW,CE,Towers with Radar,33,60,46,17,156,6,17,20,0,43,39,77,66,17,199,0,0,0,199
10/24/2002,LBB,TX,ASW,CE,Towers with Radar,37,88,51,15,191,1,3,7,3,14,38,91,58,18,205,2,6,8,213
10/25/2002,LBB,TX,ASW,CE,Towers with Radar,38,68,56,32,194,1,3,33,5,42,39,71,89,37,236,0,4,4,240
10/26/2002,LBB,TX,ASW,CE,Towers with Radar,37,43,16,16,112,1,1,8,1,11,38,44,24,17,123,0,0,0,123
10/27/2002,LBB,TX,ASW,CE,Towers with Radar,21,35,22,0,78,1,0,8,3,12,22,35,30,3,90,0,0,0,90
10/28/2002,LBB,TX,ASW,CE,Towers with Radar,30,68,19,7,124,1,1,7,0,9,31,69,26,7,133,14,0,14,147
10/29/2002,LBB,TX,ASW,CE,Towers with Radar,36,68,63,112,279,1,1,15,13,30,37,69,78,125,309,74,148,222,531
10/30/2002,LBB,TX,ASW,CE,Towers with Radar,34,83,52,51,220,1,1,6,7,15,35,84,58,58,235,38,12,50,285
10/31/2002,LBB,TX,ASW,CE,Towers with Radar,41,69,49,26,185,1,3,3,1,8,42,72,52,27,193,0,0,0,193
11/01/2002,LBB,TX,ASW,CE,Towers with Radar,37,71,44,38,190,1,2,9,0,12,38,73,53,38,202,0,0,0,202
11/02/2002,LBB,TX,ASW,CE,Towers with Radar,29,45,31,7,112,1,0,9,5,15,30,45,40,12,127,0,0,0,127
11/03/2002,LBB,TX,ASW,CE,Towers with Radar,28,39,32,8,107,0,2,8,0,10,28,41,40,8,117,10,0,10,127
11/04/2002,LBB,TX,ASW,CE,Towers with Radar,29,58,14,84,185,0,2,10,0,12,29,60,24,84,197,58,64,122,319
11/05/2002,LBB,TX,ASW,CE,Towers with Radar,38,84,39,83,244,0,3,16,3,22,38,87,55,86,266,78,116,194,460
11/06/2002,LBB,TX,ASW,CE,Towers with Radar,38,67,51,52,208,7,2,10,0,19,45,69,61,52,227,118,40,158,385
11/07/2002,LBB,TX,ASW,CE,Towers with Radar,36,70,70,46,222,3,3,14,0,20,39,73,84,46,242,58,50,108,350
11/08/2002,LBB,TX,ASW,CE,Towers with Radar,35,72,38,76,221,0,2,15,0,17,35,74,53,76,238,20,16,36,274
11/09/2002,LBB,TX,ASW,CE,Towers with Radar,28,49,25,22,124,0,1,13,0,14,28,50,38,22,138,16,0,16,154
11/10/2002,LBB,TX,ASW,CE,Towers with Radar,24,35,49,3,111,0,2,14,0,16,24,37,63,3,127,124,0,124,251
11/11/2002,LBB,TX,ASW,CE,Towers with Radar,28,45,36,3,112,0,1,9,0,10,28,46,45,3,122,42,6,48,170
11/12/2002,LBB,TX,ASW,CE,Towers with Radar,38,76,28,33,175,1,1,7,3,12,39,77,35,36,187,22,20,42,229
11/13/2002,LBB,TX,ASW,CE,Towers with Radar,34,64,61,83,242,0,3,10,4,17,34,67,71,87,259,50,54,104,363
11/14/2002,LBB,TX,ASW,CE,Towers with Radar,35,64,56,85,240,0,4,10,1,15,35,68,66,86,255,50,50,100,355
11/15/2002,LBB,TX,ASW,CE,Towers with Radar,41,73,52,61,227,0,3,15,1,19,41,76,67,62,246,62,30,92,338
11/16/2002,LBB,TX,ASW,CE,Towers with Radar,29,49,97,17,192,0,1,10,0,11,29,50,107,17,203,48,4,52,255
11/17/2002,LBB,TX,ASW,CE,Towers with Radar,25,30,41,1,97,0,2,10,0,12,25,32,51,1,109,56,0,56,165
11/18/2002,LBB,TX,ASW,CE,Towers with Radar,30,47,43,66,186,0,1,13,0,14,30,48,56,66,200,28,40,68,268
11/19/2002,LBB,TX,ASW,CE,Towers with Radar,39,68,65,71,243,0,0,18,28,46,39,68,83,99,289,76,62,138,427
11/20/2002,LBB,TX,ASW,CE,Towers with Radar,33,70,49,86,238,0,2,4,0,6,33,72,53,86,244,136,72,208,452
11/21/2002,LBB,TX,ASW,CE,Towers with Radar,35,72,64,124,295,0,2,7,3,12,35,74,71,127,307,108,54,162,469
11/22/2002,LBB,TX,ASW,CE,Towers with Radar,41,69,46,131,287,0,3,10,2,15,41,72,56,133,302,130,22,152,454
11/23/2002,LBB,TX,ASW,CE,Towers with Radar,26,47,36,9,118,0,0,12,0,12,26,47,48,9,130,50,0,50,180
11/24/2002,LBB,TX,ASW,CE,Towers with Radar,27,44,40,30,141,0,0,18,0,18,27,44,58,30,159,8,4,12,171
11/25/2002,LBB,TX,ASW,CE,Towers with Radar,29,46,38,104,217,0,0,11,5,16,29,46,49,109,233,34,50,84,317
11/26/2002,LBB,TX,ASW,CE,Towers with Radar,35,82,39,57,213,0,2,11,3,16,35,84,50,60,229,18,34,52,281
11/27/2002,LBB,TX,ASW,CE,Towers with Radar,41,68,57,44,210,0,4,19,0,23,41,72,76,44,233,82,66,148,381
11/28/2002,LBB,TX,ASW,CE,Towers with Radar,23,31,24,0,78,0,2,6,0,8,23,33,30,0,86,6,0,6,92
11/29/2002,LBB,TX,ASW,CE,Towers with Radar,30,51,19,0,100,1,0,11,0,12,31,51,30,0,112,14,0,14,126
11/30/2002,LBB,TX,ASW,CE,Towers with Radar,20,43,28,0,91,0,3,14,0,17,20,46,42,0,108,10,0,10,118
12/01/2002,LBB,TX,ASW,CE,Towers with Radar,24,33,48,0,105,1,1,14,0,16,25,34,62,0,121,12,0,12,133
12/02/2002,LBB,TX,ASW,CE,Towers with Radar,29,51,36,29,145,0,0,12,38,50,29,51,48,67,195,56,44,100,295
12/03/2002,LBB,TX,ASW,CE,Towers with Radar,35,73,29,14,151,1,33,0,0,34,36,106,29,14,185,0,0,0,185
12/04/2002,LBB,TX,ASW,CE,Towers with Radar,36,85,40,33,194,0,11,2,5,18,36,96,42,38,212,24,24,48,260
12/05/2002,LBB,TX,ASW,CE,Towers with Radar,37,77,36,15,165,4,16,10,0,30,41,93,46,15,195,25,0,25,220
12/06/2002,LBB,TX,ASW,CE,Towers with Radar,35,72,34,16,157,3,6,19,0,28,38,78,53,16,185,36,4,40,225
12/07/2002,LBB,TX,ASW,CE,Towers with Radar,23,48,23,0,94,4,11,11,0,26,27,59,34,0,120,32,0,32,152
12/08/2002,LBB,TX,ASW,CE,Towers with Radar,23,40,25,0,88,0,0,12,3,15,23,40,37,3,103,0,0,0,103
12/09/2002,LBB,TX,ASW,CE,Towers with Radar,30,60,24,27,141,0,0,18,4,22,30,60,42,31,163,44,14,58,221
12/10/2002,LBB,TX,ASW,CE,Towers with Radar,38,86,39,88,251,0,0,18,9,27,38,86,57,97,278,132,50,182,460
12/11/2002,LBB,TX,ASW,CE,Towers with Radar,37,75,46,123,281,1,0,8,8,17,38,75,54,131,298,142,90,232,530
12/12/2002,LBB,TX,ASW,CE,Towers with Radar,37,74,33,123,267,0,0,7,7,14,37,74,40,130,281,58,124,182,463
12/13/2002,LBB,TX,ASW,CE,Towers with Radar,36,69,42,84,231,0,0,20,9,29,36,69,62,93,260,92,36,128,388
12/14/2002,LBB,TX,ASW,CE,Towers with Radar,27,49,59,21,156,0,0,14,4,18,27,49,73,25,174,76,14,90,264
12/15/2002,LBB,TX,ASW,CE,Towers with Radar,25,34,21,9,89,0,0,8,4,12,25,34,29,13,101,26,0,26,127
12/16/2002,LBB,TX,ASW,CE,Towers with Radar,29,48,25,55,157,0,0,12,6,18,29,48,37,61,175,70,46,116,291
12/17/2002,LBB,TX,ASW,CE,Towers with Radar,36,70,33,10,149,0,2,9,45,56,36,72,42,55,205,2,0,2,207
12/18/2002,LBB,TX,ASW,CE,Towers with Radar,39,113,26,54,232,0,0,14,9,23,39,113,40,63,255,72,54,126,381
12/19/2002,LBB,TX,ASW,CE,Towers with Radar,38,110,42,62,252,0,1,18,7,26,38,111,60,69,278,76,12,88,366
12/20/2002,LBB,TX,ASW,CE,Towers with Radar,36,91,12,9,148,0,0,0,5,5,36,91,12,14,153,92,0,92,245
12/21/2002,LBB,TX,ASW,CE,Towers with Radar,25,47,20,0,92,1,10,2,1,14,26,57,22,1,106,28,0,28,134
12/22/2002,LBB,TX,ASW,CE,Towers with Radar,16,48,20,0,84,0,0,13,0,13,16,48,33,0,97,40,0,40,137
12/23/2002,LBB,TX,ASW,CE,Towers with Radar,16,26,5,0,47,0,0,0,1,1,16,26,5,1,48,0,0,0,48
12/24/2002,LBB,TX,ASW,CE,Towers with Radar,39,73,18,0,130,0,0,7,0,7,39,73,25,0,137,44,0,44,181
12/25/2002,LBB,TX,ASW,CE,Towers with Radar,18,32,6,0,56,0,1,1,0,2,18,33,7,0,58,4,0,4,62
12/26/2002,LBB,TX,ASW,CE,Towers with Radar,40,68,33,0,141,0,0,10,0,10,40,68,43,0,151,18,0,18,169
12/27/2002,LBB,TX,ASW,CE,Towers with Radar,37,63,21,37,158,0,0,12,4,16,37,63,33,41,174,102,0,102,276
12/28/2002,LBB,TX,ASW,CE,Towers with Radar,27,41,17,3,88,0,0,11,4,15,27,41,28,7,103,48,16,64,167
12/29/2002,LBB,TX,ASW,CE,Towers with Radar,24,36,28,0,88,0,0,22,0,22,24,36,50,0,110,52,0,52,162
12/30/2002,LBB,TX,ASW,CE,Towers with Radar,27,44,32,0,103,0,0,6,0,6,27,44,38,0,109,50,0,50,159
12/31/2002,LBB,TX,ASW,CE,Towers with Radar,32,65,30,3,130,4,0,12,0,16,36,65,42,3,146,26,0,26,172
01/01/2003,LBB,TX,ASW,CE,Towers with Radar,18,45,10,3,76,1,3,8,2,14,19,48,18,5,90,0,0,0,90
01/02/2003,LBB,TX,ASW,CE,Towers with Radar,36,52,17,70,175,2,3,6,0,11,38,55,23,70,186,49,125,174,360
01/03/2003,LBB,TX,ASW,CE,Towers with Radar,34,60,24,46,164,2,5,10,9,26,36,65,34,55,190,62,130,192,382
01/04/2003,LBB,TX,ASW,CE,Towers with Radar,26,42,31,3,102,2,2,9,6,19,28,44,40,9,121,1858,0,1858,1979
01/05/2003,LBB,TX,ASW,CE,Towers with Radar,24,35,26,3,88,2,1,10,2,15,26,36,36,5,103,120,0,120,223
01/06/2003,LBB,TX,ASW,CE,Towers with Radar,26,49,25,35,135,2,1,11,0,14,28,50,36,35,149,52,22,74,223
01/07/2003,LBB,TX,ASW,CE,Towers with Radar,36,75,53,68,232,0,0,4,45,49,36,75,57,113,281,44,72,116,397
01/08/2003,LBB,TX,ASW,CE,Towers with Radar,33,62,43,46,184,2,4,6,0,12,35,66,49,46,196,20,28,48,244
01/09/2003,LBB,TX,ASW,CE,Towers with Radar,37,64,33,56,190,2,3,10,0,15,39,67,43,56,205,0,26,26,231
01/10/2003,LBB,TX,ASW,CE,Towers with Radar,33,67,23,67,190,2,3,10,0,15,35,70,33,67,205,116,56,172,377
01/11/2003,LBB,TX,ASW,CE,Towers with Radar,27,43,42,16,128,0,0,1,0,1,27,43,43,16,129,84,2,86,215
01/12/2003,LBB,TX,ASW,CE,Towers with Radar,20,38,22,30,110,9,2,51,26,88,29,40,73,56,198,54,0,54,252
01/13/2003,LBB,TX,ASW,CE,Towers with Radar,29,50,39,50,168,0,0,1,15,16,29,50,40,65,184,48,174,222,406
01/14/2003,LBB,TX,ASW,CE,Towers with Radar,32,58,34,45,169,5,13,6,18,42,37,71,40,63,211,158,62,220,431
01/15/2003,LBB,TX,ASW,CE,Towers with Radar,31,63,40,51,185,0,0,20,3,23,31,63,60,54,208,42,20,62,270
01/16/2003,LBB,TX,ASW,CE,Towers with Radar,36,65,40,50,191,1,2,11,21,35,37,67,51,71,226,30,38,68,294
01/17/2003,LBB,TX,ASW,CE,Towers with Radar,38,55,43,60,196,1,6,15,3,25,39,61,58,63,221,190,20,210,431
01/18/2003,LBB,TX,ASW,CE,Towers with Radar,30,44,43,2,119,1,2,10,0,13,31,46,53,2,132,23,0,23,155
01/19/2003,LBB,TX,ASW,CE,Towers with Radar,26,45,59,22,152,1,3,12,0,16,27,48,71,22,168,42,4,46,214
01/20/2003,LBB,TX,ASW,CE,Towers with Radar,30,41,27,13,111,0,3,11,0,14,30,44,38,13,125,26,0,26,151
01/21/2003,LBB,TX,ASW,CE,Towers with Radar,37,78,36,45,196,0,4,13,0,17,37,82,49,45,213,26,52,78,291
01/22/2003,LBB,TX,ASW,CE,Towers with Radar,37,69,57,55,218,0,5,5,0,10,37,74,62,55,228,62,4,66,294
01/23/2003,LBB,TX,ASW,CE,Towers with Radar,35,85,28,12,160,0,4,11,0,15,35,89,39,12,175,20,16,36,211
01/24/2003,LBB,TX,ASW,CE,Towers with Radar,37,86,36,50,209,0,5,8,0,13,37,91,44,50,222,96,0,96,318
01/25/2003,LBB,TX,ASW,CE,Towers with Radar,31,39,41,0,111,0,5,18,0,23,31,44,59,0,134,128,0,128,262
01/26/2003,LBB,TX,ASW,CE,Towers with Radar,24,58,31,28,141,0,3,15,0,18,24,61,46,28,159,108,2,110,269
01/27/2003,LBB,TX,ASW,CE,Towers with Radar,34,56,24,45,159,0,2,12,0,14,34,58,36,45,173,60,42,102,275
01/28/2003,LBB,TX,ASW,CE,Towers with Radar,35,59,41,62,197,0,2,16,2,20,35,61,57,64,217,24,176,200,417
01/29/2003,LBB,TX,ASW,CE,Towers with Radar,35,66,47,104,252,0,4,20,0,24,35,70,67,104,276,46,52,98,374
01/30/2003,LBB,TX,ASW,CE,Towers with Radar,38,72,35,41,186,0,4,18,0,22,38,76,53,41,208,32,0,32,240
01/31/2003,LBB,TX,ASW,CE,Towers with Radar,36,62,38,41,177,1,18,3,0,22,37,80,41,41,199,226,48,274,473
02/01/2003,LBB,TX,ASW,CE,Towers with Radar,29,35,14,7,85,1,0,17,0,18,30,35,31,7,103,74,0,74,177
02/02/2003,LBB,TX,ASW,CE,Towers with Radar,22,55,17,5,99,0,7,11,0,18,22,62,28,5,117,12,1,13,130
02/03/2003,LBB,TX,ASW,CE,Towers with Radar,33,62,28,128,251,0,0,9,5,14,33,62,37,133,265,12,0,12,277
02/04/2003,LBB,TX,ASW,CE,Towers with Radar,38,64,41,30,173,0,2,10,0,12,38,66,51,30,185,48,8,56,241
02/05/2003,LBB,TX,ASW,CE,Towers with Radar,39,71,36,48,194,0,4,8,0,12,39,75,44,48,206,130,40,170,376
02/06/2003,LBB,TX,ASW,CE,Towers with Radar,38,73,45,25,181,0,5,7,1,13,38,78,52,26,194,0,18,18,212
02/07/2003,LBB,TX,ASW,CE,Towers with Radar,37,73,27,55,192,0,3,14,2,19,37,76,41,57,211,36,36,72,283
02/08/2003,LBB,TX,ASW,CE,Towers with Radar,33,45,32,1,111,0,1,5,0,6,33,46,37,1,117,60,0,60,177
02/09/2003,LBB,TX,ASW,CE,Towers with Radar,27,40,10,9,86,0,5,6,0,11,27,45,16,9,97,20,0,20,117
02/10/2003,LBB,TX,ASW,CE,Towers with Radar,30,62,20,103,215,0,2,9,0,11,30,64,29,103,226,54,14,68,294
02/11/2003,LBB,TX,ASW,CE,Towers with Radar,35,63,41,66,205,0,1,11,1,13,35,64,52,67,218,108,50,158,376
02/12/2003,LBB,TX,ASW,CE,Towers with Radar,39,80,30,66,215,0,2,0,36,38,39,82,30,102,253,86,30,116,369
02/13/2003,LBB,TX,ASW,CE,Towers with Radar,32,73,65,5,175,1,2,15,2,20,33,75,80,7,195,54,0,54,249
02/14/2003,LBB,TX,ASW,CE,Towers with Radar,41,77,31,68,217,1,2,10,0,13,42,79,41,68,230,68,6,74,304
02/15/2003,LBB,TX,ASW,CE,Towers with Radar,32,49,28,0,109,1,0,3,0,4,33,49,31,0,113,66,0,66,179
02/16/2003,LBB,TX,ASW,CE,Towers with Radar,26,61,47,34,168,1,0,8,0,9,27,61,55,34,177,58,20,78,255
02/17/2003,LBB,TX,ASW,CE,Towers with Radar,29,47,34,16,126,0,0,8,1,9,29,47,42,17,135,36,8,44,179
02/18/2003,LBB,TX,ASW,CE,Towers with Radar,39,68,48,24,179,0,4,10,0,14,39,72,58,24,193,94,0,94,287
02/19/2003,LBB,TX,ASW,CE,Towers with Radar,35,78,78,70,261,0,3,17,1,21,35,81,95,71,282,0,16,16,298
02/20/2003,LBB,TX,ASW,CE,Towers with Radar,38,78,46,61,223,0,2,8,8,18,38,80,54,69,241,38,10,48,289
02/21/2003,LBB,TX,ASW,CE,Towers with Radar,34,74,45,101,254,0,2,23,7,32,34,76,68,108,286,120,20,140,426
02/22/2003,LBB,TX,ASW,CE,Towers with Radar,31,49,42,66,188,0,0,15,4,19,31,49,57,70,207,252,50,302,509
02/23/2003,LBB,TX,ASW,CE,Towers with Radar,28,47,46,23,144,0,0,11,2,13,28,47,57,25,157,6,0,6,163
02/24/2003,LBB,TX,ASW,CE,Towers with Radar,28,56,13,71,168,0,0,9,0,9,28,56,22,71,177,44,14,58,235
02/25/2003,LBB,TX,ASW,CE,Towers with Radar,35,49,16,71,171,0,1,40,2,43,35,50,56,73,214,42,116,158,372
02/26/2003,LBB,TX,ASW,CE,Towers with Radar,35,56,34,26,151,0,3,4,0,7,35,59,38,26,158,58,1,59,217
02/27/2003,LBB,TX,ASW,CE,Towers with Radar,37,71,37,141,286,0,5,16,2,23,37,76,53,143,309,62,132,194,503
02/28/2003,LBB,TX,ASW,CE,Towers with Radar,42,79,41,66,228,0,3,14,0,17,42,82,55,66,245,54,82,136,381
03/01/2003,LBB,TX,ASW,CE,Towers with Radar,30,53,57,0,140,2,1,0,0,3,32,54,57,0,143,130,0,130,273
03/02/2003,LBB,TX,ASW,CE,Towers with Radar,28,47,31,6,112,2,1,9,0,12,30,48,40,6,124,116,0,116,240
03/03/2003,LBB,TX,ASW,CE,Towers with Radar,30,45,39,47,161,0,0,14,0,14,30,45,53,47,175,12,64,76,251
03/04/2003,LBB,TX,ASW,CE,Towers with Radar,32,74,43,45,194,2,3,12,0,17,34,77,55,45,211,24,94,118,329
03/05/2003,LBB,TX,ASW,CE,Towers with Radar,38,70,51,66,225,2,3,6,0,11,40,73,57,66,236,62,2,64,300
03/06/2003,LBB,TX,ASW,CE,Towers with Radar,40,67,36,57,200,1,3,5,1,10,41,70,41,58,210,27,10,37,247
03/07/2003,LBB,TX,ASW,CE,Towers with Radar,36,62,36,32,166,1,3,14,1,19,37,65,50,33,185,72,70,142,327
03/08/2003,LBB,TX,ASW,CE,Towers with Radar,32,41,40,56,169,1,6,95,0,102,33,47,135,56,271,78,0,78,349
03/09/2003,LBB,TX,ASW,CE,Towers with Radar,29,34,40,44,147,0,0,26,0,26,29,34,66,44,173,174,4,178,351
03/10/2003,LBB,TX,ASW,CE,Towers with Radar,28,57,49,43,177,1,1,8,0,10,29,58,57,43,187,78,0,78,265
03/11/2003,LBB,TX,ASW,CE,Towers with Radar,33,56,56,122,267,1,4,15,0,20,34,60,71,122,287,116,78,194,481
03/12/2003,LBB,TX,ASW,CE,Towers with Radar,36,72,62,79,249,1,1,20,2,24,37,73,82,81,273,106,4,110,383
03/13/2003,LBB,TX,ASW,CE,Towers with Radar,36,60,39,30,165,1,5,19,1,26,37,65,58,31,191,180,42,222,413
03/14/2003,LBB,TX,ASW,CE,Towers with Radar,32,59,40,35,166,1,3,9,0,13,33,62,49,35,179,158,0,158,337
03/15/2003,LBB,TX,ASW,CE,Towers with Radar,38,41,28,10,117,1,1,22,0,24,39,42,50,10,141,114,0,114,255
03/16/2003,LBB,TX,ASW,CE,Towers with Radar,25,37,22,8,92,1,1,21,0,23,26,38,43,8,115,132,2,134,249
03/17/2003,LBB,TX,ASW,CE,Towers with Radar,29,48,17,54,148,1,1,14,2,18,30,49,31,56,166,16,12,28,194
03/18/2003,LBB,TX,ASW,CE,Towers with Radar,35,63,28,100,226,1,3,21,0,25,36,66,49,100,251,30,60,90,341
03/19/2003,LBB,TX,ASW,CE,Towers with Radar,37,70,45,60,212,0,5,10,17,32,37,75,55,77,244,68,30,98,342
03/20/2003,LBB,TX,ASW,CE,Towers with Radar,36,75,50,65,226,0,6,14,9,29,36,81,64,74,255,98,92,190,445
03/21/2003,LBB,TX,ASW,CE,Towers with Radar,40,73,34,51,198,1,2,14,2,19,41,75,48,53,217,152,8,160,377
03/22/2003,LBB,TX,ASW,CE,Towers with Radar,23,39,27,7,96,9,6,26,0,41,32,45,53,7,137,116,0,116,253
03/23/2003,LBB,TX,ASW,CE,Towers with Radar,27,42,30,2,101,1,1,16,0,18,28,43,46,2,119,92,0,92,211
03/24/2003,LBB,TX,ASW,CE,Towers with Radar,32,49,26,53,160,1,1,3,2,7,33,50,29,55,167,84,22,106,273
03/25/2003,LBB,TX,ASW,CE,Towers with Radar,34,72,48,63,217,0,9,12,12,33,34,81,60,75,250,56,74,130,380
03/26/2003,LBB,TX,ASW,CE,Towers with Radar,37,63,42,41,183,3,7,25,0,35,40,70,67,41,218,74,2,76,294
03/27/2003,LBB,TX,ASW,CE,Towers with Radar,33,73,49,65,220,0,0,0,42,42,33,73,49,107,262,84,38,122,384
03/28/2003,LBB,TX,ASW,CE,Towers with Radar,35,62,37,108,242,1,3,14,1,19,36,65,51,109,261,10,60,70,331
03/29/2003,LBB,TX,ASW,CE,Towers with Radar,29,42,19,3,93,1,1,7,0,9,30,43,26,3,102,52,0,52,154
03/30/2003,LBB,TX,ASW,CE,Towers with Radar,26,37,15,2,80,1,1,14,1,17,27,38,29,3,97,64,0,64,161
03/31/2003,LBB,TX,ASW,CE,Towers with Radar,30,47,24,40,141,1,2,11,0,14,31,49,35,40,155,32,52,84,239
04/01/2003,LBB,TX,ASW,CE,Towers with Radar,40,73,28,16,157,0,3,18,0,21,40,76,46,16,178,84,0,84,262
04/02/2003,LBB,TX,ASW,CE,Towers with Radar,36,61,34,34,165,0,2,13,0,15,36,63,47,34,180,46,0,46,226
04/03/2003,LBB,TX,ASW,CE,Towers with Radar,38,61,32,31,162,0,3,5,0,8,38,64,37,31,170,32,0,32,202
04/04/2003,LBB,TX,ASW,CE,Towers with Radar,39,62,32,43,176,1,3,19,2,25,40,65,51,45,201,32,32,64,265
04/05/2003,LBB,TX,ASW,CE,Towers with Radar,31,42,45,18,136,0,3,7,1,11,31,45,52,19,147,134,40,174,321
04/06/2003,LBB,TX,ASW,CE,Towers with Radar,24,40,39,52,155,0,1,8,7,16,24,41,47,59,171,18,4,22,193
04/07/2003,LBB,TX,ASW,CE,Towers with Radar,32,47,31,30,140,0,0,14,1,15,32,47,45,31,155,44,6,50,205
04/08/2003,LBB,TX,ASW,CE,Towers with Radar,35,59,19,52,165,0,2,7,0,9,35,61,26,52,174,82,16,98,272
04/09/2003,LBB,TX,ASW,CE,Towers with Radar,36,66,25,70,197,0,3,6,1,10,36,69,31,71,207,80,12,92,299
04/10/2003,LBB,TX,ASW,CE,Towers with Radar,36,64,30,48,178,0,2,10,0,12,36,66,40,48,190,50,46,96,286
04/11/2003,LBB,TX,ASW,CE,Towers with Radar,34,62,40,26,162,0,2,15,0,17,34,64,55,26,179,38,0,38,217
04/12/2003,LBB,TX,ASW,CE,Towers with Radar,30,41,5,7,83,0,0,8,0,8,30,41,13,7,91,22,0,22,113
04/13/2003,LBB,TX,ASW,CE,Towers with Radar,30,30,20,40,120,0,1,5,4,10,30,31,25,44,130,76,10,86,216
04/14/2003,LBB,TX,ASW,CE,Towers with Radar,27,49,37,43,156,0,0,13,4,17,27,49,50,47,173,38,46,84,257
04/15/2003,LBB,TX,ASW,CE,Towers with Radar,35,61,27,24,147,0,5,8,0,13,35,66,35,24,160,40,0,40,200
04/16/2003,LBB,TX,ASW,CE,Towers with Radar,41,60,19,16,136,0,3,11,3,17,41,63,30,19,153,80,6,86,239
04/17/2003,LBB,TX,ASW,CE,Towers with Radar,38,69,40,17,164,0,3,7,5,15,38,72,47,22,179,74,18,92,271
04/18/2003,LBB,TX,ASW,CE,Towers with Radar,38,62,33,16,149,0,2,19,7,28,38,64,52,23,177,74,0,74,251
04/19/2003,LBB,TX,ASW,CE,Towers with Radar,25,42,15,15,97,0,0,3,5,8,25,42,18,20,105,48,22,70,175
04/20/2003,LBB,TX,ASW,CE,Towers with Radar,29,38,12,13,92,0,0,4,0,4,29,38,16,13,96,24,0,24,120
04/21/2003,LBB,TX,ASW,CE,Towers with Radar,30,50,30,31,141,0,0,13,5,18,30,50,43,36,159,6,12,18,177
04/22/2003,LBB,TX,ASW,CE,Towers with Radar,38,62,29,15,144,0,2,23,5,30,38,64,52,20,174,20,6,26,200
04/23/2003,LBB,TX,ASW,CE,Towers with Radar,29,51,27,46,153,0,0,13,1,14,29,51,40,47,167,23,8,31,198
04/24/2003,LBB,TX,ASW,CE,Towers with Radar,39,72,33,16,160,0,13,8,6,27,39,85,41,22,187,18,0,18,205
04/25/2003,LBB,TX,ASW,CE,Towers with Radar,39,63,30,50,182,0,3,12,10,25,39,66,42,60,207,42,42,84,291
04/26/2003,LBB,TX,ASW,CE,Towers with Radar,35,62,35,13,145,0,1,13,1,15,35,63,48,14,160,64,0,64,224
04/27/2003,LBB,TX,ASW,CE,Towers with Radar,31,40,23,11,105,0,0,11,0,11,31,40,34,11,116,62,0,62,178
04/28/2003,LBB,TX,ASW,CE,Towers with Radar,27,36,34,9,106,10,1,12,0,23,37,37,46,9,129,64,0,64,193
04/29/2003,LBB,TX,ASW,CE,Towers with Radar,37,57,24,51,169,0,2,10,3,15,37,59,34,54,184,44,4,48,232
04/30/2003,LBB,TX,ASW,CE,Towers with Radar,38,64,34,25,161,0,2,21,1,24,38,66,55,26,185,36,66,102,287
05/01/2003,LBB,TX,ASW,CE,Towers with Radar,33,61,26,61,181,0,3,11,2,16,33,64,37,63,197,104,160,264,461
05/02/2003,LBB,TX,ASW,CE,Towers with Radar,38,55,67,15,175,0,3,22,2,27,38,58,89,17,202,72,14,86,288
05/03/2003,LBB,TX,ASW,CE,Towers with Radar,28,38,25,0,91,0,0,6,0,6,28,38,31,0,97,38,0,38,135
05/04/2003,LBB,TX,ASW,CE,Towers with Radar,26,25,32,13,96,0,0,11,5,16,26,25,43,18,112,0,0,0,112
05/05/2003,LBB,TX,ASW,CE,Towers with Radar,28,41,56,66,191,0,1,11,5,17,28,42,67,71,208,22,40,62,270
05/06/2003,LBB,TX,ASW,CE,Towers with Radar,37,57,34,71,199,0,2,13,1,16,37,59,47,72,215,130,56,186,401
05/07/2003,LBB,TX,ASW,CE,Towers with Radar,36,64,33,15,148,0,2,18,0,20,36,66,51,15,168,44,34,78,246
05/08/2003,LBB,TX,ASW,CE,Towers with Radar,38,58,43,22,161,0,3,16,2,21,38,61,59,24,182,26,0,26,208
05/09/2003,LBB,TX,ASW,CE,Towers with Radar,34,61,47,47,189,0,2,19,2,23,34,63,66,49,212,44,12,56,268
05/10/2003,LBB,TX,ASW,CE,Towers with Radar,33,40,15,1,89,0,1,9,0,10,33,41,24,1,99,26,0,26,125
05/11/2003,LBB,TX,ASW,CE,Towers with Radar,27,29,4,16,76,0,0,12,0,12,27,29,16,16,88,56,0,56,144
05/12/2003,LBB,TX,ASW,CE,Towers with Radar,28,43,41,46,158,0,0,13,1,14,28,43,54,47,172,89,20,109,281
05/13/2003,LBB,TX,ASW,CE,Towers with Radar,36,51,27,99,213,0,2,17,2,21,36,53,44,101,234,46,20,66,300
05/14/2003,LBB,TX,ASW,CE,Towers with Radar,35,63,33,74,205,0,5,7,4,16,35,68,40,78,221,80,32,112,333
05/15/2003,LBB,TX,ASW,CE,Towers with Radar,29,67,54,25,175,0,3,20,3,26,29,70,74,28,201,32,0,32,233
05/16/2003,LBB,TX,ASW,CE,Towers with Radar,38,57,38,72,205,0,4,14,4,22,38,61,52,76,227,60,40,100,327
05/17/2003,LBB,TX,ASW,CE,Towers with Radar,29,35,28,6,98,0,0,10,2,12,29,35,38,8,110,34,0,34,144
05/18/2003,LBB,TX,ASW,CE,Towers with Radar,27,32,37,4,100,0,1,7,1,9,27,33,44,5,109,20,0,20,129
05/19/2003,LBB,TX,ASW,CE,Towers with Radar,27,46,25,53,151,0,0,5,1,6,27,46,30,54,157,70,66,136,293
05/20/2003,LBB,TX,ASW,CE,Towers with Radar,33,69,41,30,173,0,1,11,11,23,33,70,52,41,196,22,24,46,242
05/21/2003,LBB,TX,ASW,CE,Towers with Radar,34,67,62,36,199,0,3,6,5,14,34,70,68,41,213,238,4,242,455
05/22/2003,LBB,TX,ASW,CE,Towers with Radar,39,72,67,33,211,0,3,20,8,31,39,75,87,41,242,50,8,58,300
05/23/2003,LBB,TX,ASW,CE,Towers with Radar,33,57,45,15,150,0,2,36,5,43,33,59,81,20,193,10,0,10,203
05/24/2003,LBB,TX,ASW,CE,Towers with Radar,31,40,24,7,102,0,0,15,8,23,31,40,39,15,125,38,0,38,163
05/25/2003,LBB,TX,ASW,CE,Towers with Radar,24,26,18,0,68,0,0,21,5,26,24,26,39,5,94,44,0,44,138
05/26/2003,LBB,TX,ASW,CE,Towers with Radar,23,30,45,5,103,0,0,15,0,15,23,30,60,5,118,22,0,22,140
05/27/2003,LBB,TX,ASW,CE,Towers with Radar,29,41,58,64,192,0,0,12,2,14,29,41,70,66,206,110,30,140,346
05/28/2003,LBB,TX,ASW,CE,Towers with Radar,34,54,29,67,184,0,1,10,5,16,34,55,39,72,200,106,92,198,398
05/29/2003,LBB,TX,ASW,CE,Towers with Radar,38,57,43,90,228,0,3,16,2,21,38,60,59,92,249,110,22,132,381
05/30/2003,LBB,TX,ASW,CE,Towers with Radar,35,59,53,36,183,0,3,14,6,23,35,62,67,42,206,54,20,74,280
05/31/2003,LBB,TX,ASW,CE,Towers with Radar,28,46,32,15,121,0,0,0,0,0,28,46,32,15,121,30,0,30,151
06/01/2003,LBB,TX,ASW,CE,Towers with Radar,27,36,38,2,103,0,0,13,0,13,27,36,51,2,116,50,0,50,166
06/02/2003,LBB,TX,ASW,CE,Towers with Radar,30,39,21,65,155,0,0,9,5,14,30,39,30,70,169,32,142,174,343
06/03/2003,LBB,TX,ASW,CE,Towers with Radar,37,65,26,38,166,0,6,6,4,16,37,71,32,42,182,16,6,22,204
06/04/2003,LBB,TX,ASW,CE,Towers with Radar,36,68,38,31,173,0,3,22,1,26,36,71,60,32,199,26,6,32,231
06/05/2003,LBB,TX,ASW,CE,Towers with Radar,33,60,24,58,175,0,2,8,3,13,33,62,32,61,188,32,12,44,232
06/06/2003,LBB,TX,ASW,CE,Towers with Radar,37,63,38,39,177,0,1,12,2,15,37,64,50,41,192,90,12,102,294
06/07/2003,LBB,TX,ASW,CE,Towers with Radar,33,37,18,0,88,0,0,24,1,25,33,37,42,1,113,68,0,68,181
06/08/2003,LBB,TX,ASW,CE,Towers with Radar,28,39,34,24,125,0,1,17,0,18,28,40,51,24,143,78,6,84,227
06/09/2003,LBB,TX,ASW,CE,Towers with Radar,31,48,17,27,123,0,0,0,0,0,31,48,17,27,123,48,12,60,183
06/10/2003,LBB,TX,ASW,CE,Towers with Radar,40,51,20,39,150,0,6,26,7,39,40,57,46,46,189,148,14,162,351
06/11/2003,LBB,TX,ASW,CE,Towers with Radar,36,60,37,34,167,0,4,17,6,27,36,64,54,40,194,70,68,138,332
06/12/2003,LBB,TX,ASW,CE,Towers with Radar,48,53,23,35,159,0,5,9,2,16,48,58,32,37,175,128,42,170,345
06/13/2003,LBB,TX,ASW,CE,Towers with Radar,32,67,51,13,163,0,2,13,4,19,32,69,64,17,182,6,0,6,188
06/14/2003,LBB,TX,ASW,CE,Towers with Radar,32,41,20,0,93,0,1,14,0,15,32,42,34,0,108,32,0,32,140
06/15/2003,LBB,TX,ASW,CE,Towers with Radar,30,33,22,0,85,0,325,13,1,339,30,358,35,1,424,68,0,68,492
06/16/2003,LBB,TX,ASW,CE,Towers with Radar,29,38,28,71,166,0,0,15,0,15,29,38,43,71,181,50,24,74,255
06/17/2003,LBB,TX,ASW,CE,Towers with Radar,35,56,37,127,255,0,3,14,1,18,35,59,51,128,273,64,90,154,427
06/18/2003,LBB,TX,ASW,CE,Towers with Radar,40,70,55,22,187,0,2,18,6,26,40,72,73,28,213,150,12,162,375
06/19/2003,LBB,TX,ASW,CE,Towers with Radar,36,68,28,16,148,2,0,6,0,8,38,68,34,16,156,16,0,16,172
06/20/2003,LBB,TX,ASW,CE,Towers with Radar,36,58,50,12,156,0,2,15,0,17,36,60,65,12,173,18,0,18,191
06/21/2003,LBB,TX,ASW,CE,Towers with Radar,26,38,28,16,108,0,2,13,1,16,26,40,41,17,124,44,2,46,170
06/22/2003,LBB,TX,ASW,CE,Towers with Radar,29,40,29,8,106,0,0,19,0,19,29,40,48,8,125,48,0,48,173
06/23/2003,LBB,TX,ASW,CE,Towers with Radar,31,38,30,24,123,0,3,9,1,13,31,41,39,25,136,44,4,48,184
06/24/2003,LBB,TX,ASW,CE,Towers with Radar,37,56,32,17,142,0,5,12,2,19,37,61,44,19,161,58,0,58,219
06/25/2003,LBB,TX,ASW,CE,Towers with Radar,37,62,32,8,139,0,2,17,0,19,37,64,49,8,158,40,0,40,198
06/26/2003,LBB,TX,ASW,CE,Towers with Radar,33,75,60,9,177,0,3,21,3,27,33,78,81,12,204,8,0,8,212
06/27/2003,LBB,TX,ASW,CE,Towers with Radar,38,68,34,32,172,0,2,32,4,38,38,70,66,36,210,42,22,64,274
06/28/2003,LBB,TX,ASW,CE,Towers with Radar,31,38,28,24,121,0,0,15,3,18,31,38,43,27,139,58,6,64,203
06/29/2003,LBB,TX,ASW,CE,Towers with Radar,27,36,30,0,93,0,0,14,5,19,27,36,44,5,112,34,0,34,146
06/30/2003,LBB,TX,ASW,CE,Towers with Radar,30,42,26,30,128,0,0,13,3,16,30,42,39,33,144,44,20,64,208
07/01/2003,LBB,TX,ASW,CE,Towers with Radar,35,76,56,27,194,0,3,14,2,19,35,79,70,29,213,76,8,84,297
07/02/2003,LBB,TX,ASW,CE,Towers with Radar,36,61,23,22,142,0,5,22,2,29,36,66,45,24,171,50,4,54,225
07/03/2003,LBB,TX,ASW,CE,Towers with Radar,35,56,59,0,150,0,2,17,1,20,35,58,76,1,170,40,0,40,210
07/04/2003,LBB,TX,ASW,CE,Towers with Radar,27,35,9,2,73,0,0,16,0,16,27,35,25,2,89,26,0,26,115
07/05/2003,LBB,TX,ASW,CE,Towers with Radar,18,34,13,2,67,0,1,10,0,11,18,35,23,2,78,26,0,26,104
07/06/2003,LBB,TX,ASW,CE,Towers with Radar,26,30,37,3,96,0,0,20,1,21,26,30,57,4,117,0,0,0,117
07/07/2003,LBB,TX,ASW,CE,Towers with Radar,27,47,19,34,127,0,1,21,0,22,27,48,40,34,149,44,2,46,195
07/08/2003,LBB,TX,ASW,CE,Towers with Radar,39,61,41,74,215,0,3,10,6,19,39,64,51,80,234,42,16,58,292
07/09/2003,LBB,TX,ASW,CE,Towers with Radar,35,59,25,68,187,0,2,14,5,21,35,61,39,73,208,56,18,74,282
07/10/2003,LBB,TX,ASW,CE,Towers with Radar,37,62,39,46,184,0,2,9,5,16,37,64,48,51,200,36,8,44,244
07/11/2003,LBB,TX,ASW,CE,Towers with Radar,34,57,28,19,138,0,1,14,2,17,34,58,42,21,155,42,0,42,197
07/12/2003,LBB,TX,ASW,CE,Towers with Radar,36,37,14,2,89,0,5,7,0,12,36,42,21,2,101,34,0,34,135
07/13/2003,LBB,TX,ASW,CE,Towers with Radar,28,37,26,8,99,0,0,24,0,24,28,37,50,8,123,12,0,12,135
07/14/2003,LBB,TX,ASW,CE,Towers with Radar,28,42,22,21,113,0,0,20,2,22,28,42,42,23,135,40,0,40,175
07/15/2003,LBB,TX,ASW,CE,Towers with Radar,40,58,32,54,184,0,2,10,2,14,40,60,42,56,198,94,0,94,292
07/16/2003,LBB,TX,ASW,CE,Towers with Radar,34,72,31,9,146,0,1,11,2,14,34,73,42,11,160,34,4,38,198
07/17/2003,LBB,TX,ASW,CE,Towers with Radar,37,77,51,21,186,0,1,19,3,23,37,78,70,24,209,46,24,70,279
07/18/2003,LBB,TX,ASW,CE,Towers with Radar,36,65,32,50,183,0,1,10,3,14,36,66,42,53,197,110,40,150,347
07/19/2003,LBB,TX,ASW,CE,Towers with Radar,27,42,32,1,102,0,0,20,3,23,27,42,52,4,125,32,6,38,163
07/20/2003,LBB,TX,ASW,CE,Towers with Radar,27,36,39,0,102,0,0,17,6,23,27,36,56,6,125,38,0,38,163
07/21/2003,LBB,TX,ASW,CE,Towers with Radar,25,48,67,9,149,0,0,11,4,15,25,48,78,13,164,72,0,72,236
07/22/2003,LBB,TX,ASW,CE,Towers with Radar,35,54,70,15,174,0,3,755,2,760,35,57,825,17,934,180,36,216,1150
07/23/2003,LBB,TX,ASW,CE,Towers with Radar,37,68,34,10,149,0,3,20,0,23,37,71,54,10,172,126,10,136,308
07/24/2003,LBB,TX,ASW,CE,Towers with Radar,35,54,62,37,188,0,6,23,2,31,35,60,85,39,219,152,12,164,383
07/25/2003,LBB,TX,ASW,CE,Towers with Radar,37,56,34,16,143,0,1,14,1,16,37,57,48,17,159,88,0,88,247
07/26/2003,LBB,TX,ASW,CE,Towers with Radar,29,34,43,0,106,0,0,10,0,10,29,34,53,0,116,64,0,64,180
07/27/2003,LBB,TX,ASW,CE,Towers with Radar,27,33,47,10,117,0,0,8,0,8,27,33,55,10,125,92,2,94,219
07/28/2003,LBB,TX,ASW,CE,Towers with Radar,29,41,31,21,122,0,1,15,1,17,29,42,46,22,139,92,18,110,249
07/29/2003,LBB,TX,ASW,CE,Towers with Radar,41,59,67,44,211,0,1,8,4,13,41,60,75,48,224,156,30,186,410
07/30/2003,LBB,TX,ASW,CE,Towers with Radar,35,61,31,34,161,0,1,8,4,13,35,62,39,38,174,66,22,88,262
07/31/2003,LBB,TX,ASW,CE,Towers with Radar,35,61,52,16,164,0,7,14,3,24,35,68,66,19,188,96,6,102,290
08/01/2003,LBB,TX,ASW,CE,Towers with Radar,39,53,34,30,156,0,1,9,1,11,39,54,43,31,167,86,46,132,299
08/02/2003,LBB,TX,ASW,CE,Towers with Radar,28,39,15,2,84,0,1,11,2,14,28,40,26,4,98,122,0,122,220
08/03/2003,LBB,TX,ASW,CE,Towers with Radar,26,30,26,6,88,0,0,8,0,8,26,30,34,6,96,88,10,98,194
08/04/2003,LBB,TX,ASW,CE,Towers with Radar,30,47,19,16,112,0,0,13,1,14,30,47,32,17,126,30,1,31,157
08/05/2003,LBB,TX,ASW,CE,Towers with Radar,36,64,36,74,210,0,2,10,2,14,36,66,46,76,224,40,20,60,284
08/06/2003,LBB,TX,ASW,CE,Towers with Radar,36,54,54,36,180,0,3,13,4,20,36,57,67,40,200,36,6,42,242
08/07/2003,LBB,TX,ASW,CE,Towers with Radar,35,65,35,32,167,0,2,15,2,19,35,67,50,34,186,104,0,104,290
08/08/2003,LBB,TX,ASW,CE,Towers with Radar,41,53,35,22,151,0,1,8,3,12,41,54,43,25,163,30,22,52,215
08/09/2003,LBB,TX,ASW,CE,Towers with Radar,30,41,36,11,118,0,1,10,0,11,30,42,46,11,129,25,0,25,154
08/10/2003,LBB,TX,ASW,CE,Towers with Radar,28,31,30,6,95,0,0,9,1,10,28,31,39,7,105,82,0,82,187
08/11/2003,LBB,TX,ASW,CE,Towers with Radar,32,37,13,40,122,0,0,13,2,15,32,37,26,42,137,44,6,50,187
08/12/2003,LBB,TX,ASW,CE,Towers with Radar,40,52,56,101,249,0,2,2,0,4,40,54,58,101,253,86,100,186,439
08/13/2003,LBB,TX,ASW,CE,Towers with Radar,37,60,40,73,210,0,1,19,0,20,37,61,59,73,230,102,18,120,350
08/14/2003,LBB,TX,ASW,CE,Towers with Radar,38,67,60,22,187,0,2,12,1,15,38,69,72,23,202,100,16,116,318
08/15/2003,LBB,TX,ASW,CE,Towers with Radar,39,57,34,33,163,0,1,17,1,19,39,58,51,34,182,42,4,46,228
08/16/2003,LBB,TX,ASW,CE,Towers with Radar,28,38,16,32,114,0,0,11,2,13,28,38,27,34,127,42,0,42,169
08/17/2003,LBB,TX,ASW,CE,Towers with Radar,26,33,24,7,90,0,0,17,0,17,26,33,41,7,107,70,6,76,183
08/18/2003,LBB,TX,ASW,CE,Towers with Radar,33,49,38,20,140,0,1,16,0,17,33,50,54,20,157,58,0,58,215
08/19/2003,LBB,TX,ASW,CE,Towers with Radar,37,52,54,51,194,0,2,18,1,21,37,54,72,52,215,48,32,80,295
08/20/2003,LBB,TX,ASW,CE,Towers with Radar,36,54,73,40,203,0,2,9,3,14,36,56,82,43,217,90,16,106,323
08/21/2003,LBB,TX,ASW,CE,Towers with Radar,38,59,49,52,198,0,2,22,3,27,38,61,71,55,225,46,10,56,281
08/22/2003,LBB,TX,ASW,CE,Towers with Radar,33,50,35,51,169,0,2,12,2,16,33,52,47,53,185,58,6,64,249
08/23/2003,LBB,TX,ASW,CE,Towers with Radar,30,36,42,10,118,0,3,4,0,7,30,39,46,10,125,77,10,87,212
08/24/2003,LBB,TX,ASW,CE,Towers with Radar,28,28,36,33,125,0,0,8,0,8,28,28,44,33,133,24,0,24,157
08/25/2003,LBB,TX,ASW,CE,Towers with Radar,28,40,15,54,137,0,3,10,1,14,28,43,25,55,151,6,44,50,201
08/26/2003,LBB,TX,ASW,CE,Towers with Radar,56,58,37,37,188,0,2,13,0,15,56,60,50,37,203,84,10,94,297
08/27/2003,LBB,TX,ASW,CE,Towers with Radar,39,63,28,58,188,1,5,12,1,19,40,68,40,59,207,76,54,130,337
08/28/2003,LBB,TX,ASW,CE,Towers with Radar,36,74,36,74,220,0,3,20,1,24,36,77,56,75,244,74,32,106,350
08/29/2003,LBB,TX,ASW,CE,Towers with Radar,33,58,37,31,159,0,4,20,0,24,33,62,57,31,183,32,16,48,231
08/30/2003,LBB,TX,ASW,CE,Towers with Radar,34,39,30,0,103,0,0,9,0,9,34,39,39,0,112,14,0,14,126
08/31/2003,LBB,TX,ASW,CE,Towers with Radar,21,34,31,0,86,0,1,13,0,14,21,35,44,0,100,12,0,12,112
09/01/2003,LBB,TX,ASW,CE,Towers with Radar,25,30,34,0,89,0,0,23,1,24,25,30,57,1,113,60,0,60,173
09/02/2003,LBB,TX,ASW,CE,Towers with Radar,30,58,28,29,145,0,1,16,2,19,30,59,44,31,164,38,10,48,212
09/03/2003,LBB,TX,ASW,CE,Towers with Radar,38,63,31,66,198,0,0,15,5,20,38,63,46,71,218,58,24,82,300
09/04/2003,LBB,TX,ASW,CE,Towers with Radar,41,68,62,43,214,0,3,14,0,17,41,71,76,43,231,84,70,154,385
09/05/2003,LBB,TX,ASW,CE,Towers with Radar,36,64,63,72,235,0,5,22,1,28,36,69,85,73,263,62,70,132,395
09/06/2003,LBB,TX,ASW,CE,Towers with Radar,31,38,29,18,116,0,1,5,3,9,31,39,34,21,125,54,10,64,189
09/07/2003,LBB,TX,ASW,CE,Towers with Radar,29,33,46,10,118,0,0,6,6,12,29,33,52,16,130,12,0,12,142
09/08/2003,LBB,TX,ASW,CE,Towers with Radar,31,60,24,65,180,0,0,21,2,23,31,60,45,67,203,50,38,88,291
09/09/2003,LBB,TX,ASW,CE,Towers with Radar,30,52,31,15,128,0,0,8,0,8,30,52,39,15,136,30,14,44,180
09/10/2003,LBB,TX,ASW,CE,Towers with Radar,36,53,42,24,155,0,9,5,0,14,36,62,47,24,169,48,6,54,223
09/11/2003,LBB,TX,ASW,CE,Towers with Radar,44,53,42,38,177,0,4,17,1,22,44,57,59,39,199,58,2,60,259
09/12/2003,LBB,TX,ASW,CE,Towers with Radar,42,60,40,47,189,0,3,14,15,32,42,63,54,62,221,86,10,96,317
09/13/2003,LBB,TX,ASW,CE,Towers with Radar,31,36,36,9,112,0,1,7,1,9,31,37,43,10,121,52,4,56,177
09/14/2003,LBB,TX,ASW,CE,Towers with Radar,26,36,27,9,98,0,0,21,2,23,26,36,48,11,121,12,2,14,135
09/15/2003,LBB,TX,ASW,CE,Towers with Radar,32,52,34,43,161,0,1,16,0,17,32,53,50,43,178,32,14,46,224
09/16/2003,LBB,TX,ASW,CE,Towers with Radar,35,57,31,44,167,0,2,5,3,10,35,59,36,47,177,84,52,136,313
09/17/2003,LBB,TX,ASW,CE,Towers with Radar,40,72,47,20,179,0,2,11,1,14,40,74,58,21,193,52,0,52,245
09/18/2003,LBB,TX,ASW,CE,Towers with Radar,36,73,50,66,225,0,4,12,4,20,36,77,62,70,245,4,34,38,283
09/19/2003,LBB,TX,ASW,CE,Towers with Radar,42,75,55,36,208,0,2,28,5,35,42,77,83,41,243,58,68,126,369
09/20/2003,LBB,TX,ASW,CE,Towers with Radar,33,41,17,11,102,0,0,12,2,14,33,41,29,13,116,34,68,102,218
09/21/2003,LBB,TX,ASW,CE,Towers with Radar,28,41,43,47,159,0,1,12,2,15,28,42,55,49,174,16,0,16,190
09/22/2003,LBB,TX,ASW,CE,Towers with Radar,29,50,28,53,160,0,1,9,3,13,29,51,37,56,173,68,72,140,313
09/23/2003,LBB,TX,ASW,CE,Towers with Radar,37,61,20,65,183,0,6,11,1,18,37,67,31,66,201,90,70,160,361
09/24/2003,LBB,TX,ASW,CE,Towers with Radar,37,63,48,35,183,0,2,21,1,24,37,65,69,36,207,76,20,96,303
09/25/2003,LBB,TX,ASW,CE,Towers with Radar,42,68,71,34,215,0,3,21,4,28,42,71,92,38,243,68,30,98,341
09/26/2003,LBB,TX,ASW,CE,Towers with Radar,37,66,50,36,189,0,3,13,1,17,37,69,63,37,206,72,22,94,300
09/27/2003,LBB,TX,ASW,CE,Towers with Radar,31,40,33,11,115,0,0,7,0,7,31,40,40,11,122,46,0,46,168
09/28/2003,LBB,TX,ASW,CE,Towers with Radar,30,38,53,3,124,0,0,14,0,14,30,38,67,3,138,42,0,42,180
09/29/2003,LBB,TX,ASW,CE,Towers with Radar,28,52,27,0,107,0,0,14,0,14,28,52,41,0,121,66,0,66,187
09/30/2003,LBB,TX,ASW,CE,Towers with Radar,38,59,33,0,130,0,4,17,1,22,38,63,50,1,152,94,0,94,246
10/01/2003,LBB,TX,ASW,CE,Towers with Radar,33,64,70,41,208,0,3,29,2,34,33,67,99,43,242,64,36,100,342
10/02/2003,LBB,TX,ASW,CE,Towers with Radar,37,65,65,79,246,0,4,20,2,26,37,69,85,81,272,12,32,44,316
10/03/2003,LBB,TX,ASW,CE,Towers with Radar,39,70,48,82,239,0,5,13,0,18,39,75,61,82,257,74,32,106,363
10/04/2003,LBB,TX,ASW,CE,Towers with Radar,30,43,58,0,131,0,0,21,0,21,30,43,79,0,152,0,0,0,152
10/05/2003,LBB,TX,ASW,CE,Towers with Radar,27,37,71,7,142,0,1,29,2,32,27,38,100,9,174,0,0,0,174
10/06/2003,LBB,TX,ASW,CE,Towers with Radar,28,46,17,94,185,0,1,24,0,25,28,47,41,94,210,60,10,70,280
10/07/2003,LBB,TX,ASW,CE,Towers with Radar,39,68,49,58,214,0,5,6,2,13,39,73,55,60,227,44,16,60,287
10/08/2003,LBB,TX,ASW,CE,Towers with Radar,35,68,49,20,172,0,2,19,2,23,35,70,68,22,195,0,20,20,215
10/09/2003,LBB,TX,ASW,CE,Towers with Radar,39,79,66,99,283,0,5,14,3,22,39,84,80,102,305,112,16,128,433
10/10/2003,LBB,TX,ASW,CE,Towers with Radar,34,72,72,50,228,0,4,27,2,33,34,76,99,52,261,62,14,76,337
10/11/2003,LBB,TX,ASW,CE,Towers with Radar,35,39,46,4,124,0,2,25,1,28,35,41,71,5,152,4,0,4,156
10/12/2003,LBB,TX,ASW,CE,Towers with Radar,28,34,63,1,126,0,0,20,0,20,28,34,83,1,146,30,22,52,198
10/13/2003,LBB,TX,ASW,CE,Towers with Radar,28,45,27,1,101,0,1,15,1,17,28,46,42,2,118,76,8,84,202
10/14/2003,LBB,TX,ASW,CE,Towers with Radar,39,73,28,31,171,0,1,10,1,12,39,74,38,32,183,32,52,84,267
10/15/2003,LBB,TX,ASW,CE,Towers with Radar,35,59,46,39,179,0,2,12,0,14,35,61,58,39,193,50,20,70,263
10/16/2003,LBB,TX,ASW,CE,Towers with Radar,35,54,37,33,159,0,0,9,1,10,35,54,46,34,169,34,64,98,267
10/17/2003,LBB,TX,ASW,CE,Towers with Radar,35,51,37,29,152,5,5,0,0,10,40,56,37,29,162,33,50,83,245
10/18/2003,LBB,TX,ASW,CE,Towers with Radar,32,36,36,1,105,0,0,11,0,11,32,36,47,1,116,74,0,74,190
10/19/2003,LBB,TX,ASW,CE,Towers with Radar,26,34,41,13,114,0,0,9,1,10,26,34,50,14,124,60,0,60,184
10/20/2003,LBB,TX,ASW,CE,Towers with Radar,32,51,21,33,137,0,0,9,2,11,32,51,30,35,148,8,10,18,166
10/21/2003,LBB,TX,ASW,CE,Towers with Radar,36,56,41,37,170,0,5,9,3,17,36,61,50,40,187,26,46,72,259
10/22/2003,LBB,TX,ASW,CE,Towers with Radar,36,56,40,7,139,0,3,12,4,19,36,59,52,11,158,0,0,0,158
10/23/2003,LBB,TX,ASW,CE,Towers with Radar,37,59,59,8,163,0,4,11,4,19,37,63,70,12,182,72,20,92,274
10/24/2003,LBB,TX,ASW,CE,Towers with Radar,36,50,35,13,134,0,3,18,4,25,36,53,53,17,159,34,18,52,211
10/25/2003,LBB,TX,ASW,CE,Towers with Radar,30,42,28,0,100,0,1,8,0,9,30,43,36,0,109,4,0,4,113
10/26/2003,LBB,TX,ASW,CE,Towers with Radar,27,26,29,1,83,0,0,11,0,11,27,26,40,1,94,0,0,0,94
10/27/2003,LBB,TX,ASW,CE,Towers with Radar,32,41,47,27,147,0,0,7,1,8,32,41,54,28,155,36,8,44,199
10/28/2003,LBB,TX,ASW,CE,Towers with Radar,37,59,40,8,144,0,2,11,4,17,37,61,51,12,161,74,0,74,235
10/29/2003,LBB,TX,ASW,CE,Towers with Radar,35,62,26,38,161,0,3,9,2,14,35,65,35,40,175,21,36,57,232
10/30/2003,LBB,TX,ASW,CE,Towers with Radar,38,64,24,6,132,0,3,12,1,16,38,67,36,7,148,38,4,42,190
10/31/2003,LBB,TX,ASW,CE,Towers with Radar,37,58,61,55,211,0,2,11,2,15,37,60,72,57,226,114,48,162,388
11/01/2003,LBB,TX,ASW,CE,Towers with Radar,32,40,54,2,128,0,1,10,0,11,32,41,64,2,139,34,0,34,173
11/02/2003,LBB,TX,ASW,CE,Towers with Radar,27,38,42,14,121,0,0,22,0,22,27,38,64,14,143,12,0,12,155
11/03/2003,LBB,TX,ASW,CE,Towers with Radar,31,47,34,45,157,0,0,23,3,26,31,47,57,48,183,60,0,60,243
11/04/2003,LBB,TX,ASW,CE,Towers with Radar,37,54,35,20,146,0,3,26,3,32,37,57,61,23,178,38,30,68,246
11/05/2003,LBB,TX,ASW,CE,Towers with Radar,34,54,43,56,187,0,1,14,1,16,34,55,57,57,203,10,92,102,305
11/06/2003,LBB,TX,ASW,CE,Towers with Radar,37,65,45,12,159,0,4,19,1,24,37,69,64,13,183,0,0,0,183
11/07/2003,LBB,TX,ASW,CE,Towers with Radar,42,20,25,5,92,0,16,0,3,19,42,36,25,8,111,0,0,0,111
11/08/2003,LBB,TX,ASW,CE,Towers with Radar,48,22,38,6,114,0,0,11,1,12,48,22,49,7,126,0,0,0,126
11/09/2003,LBB,TX,ASW,CE,Towers with Radar,30,41,55,7,133,0,0,20,0,20,30,41,75,7,153,0,0,0,153
11/10/2003,LBB,TX,ASW,CE,Towers with Radar,30,43,47,12,132,0,1,17,0,18,30,44,64,12,150,24,0,24,174
11/11/2003,LBB,TX,ASW,CE,Towers with Radar,40,64,49,0,153,0,0,13,0,13,40,64,62,0,166,50,0,50,216
11/12/2003,LBB,TX,ASW,CE,Towers with Radar,45,58,49,21,173,0,0,17,3,20,45,58,66,24,193,42,10,52,245
11/13/2003,LBB,TX,ASW,CE,Towers with Radar,46,56,44,7,153,0,4,10,2,16,46,60,54,9,169,18,40,58,227
11/14/2003,LBB,TX,ASW,CE,Towers with Radar,43,56,77,37,213,0,12,11,3,26,43,68,88,40,239,0,34,34,273
11/15/2003,LBB,TX,ASW,CE,Towers with Radar,41,38,40,9,128,0,1,12,0,13,41,39,52,9,141,23,0,23,164
11/16/2003,LBB,TX,ASW,CE,Towers with Radar,33,23,26,6,88,0,0,9,0,9,33,23,35,6,97,30,0,30,127
11/17/2003,LBB,TX,ASW,CE,Towers with Radar,36,29,60,32,157,0,0,16,4,20,36,29,76,36,177,10,0,10,187
11/18/2003,LBB,TX,ASW,CE,Towers with Radar,43,52,45,22,162,0,3,26,0,29,43,55,71,22,191,48,0,48,239
11/19/2003,LBB,TX,ASW,CE,Towers with Radar,51,45,56,19,171,0,12,13,1,26,51,57,69,20,197,68,2,70,267
11/20/2003,LBB,TX,ASW,CE,Towers with Radar,42,57,49,3,151,0,2,14,2,18,42,59,63,5,169,52,0,52,221
11/21/2003,LBB,TX,ASW,CE,Towers with Radar,48,60,60,37,205,0,3,23,5,31,48,63,83,42,236,26,20,46,282
11/22/2003,LBB,TX,ASW,CE,Towers with Radar,41,45,92,11,189,0,1,16,0,17,41,46,108,11,206,28,0,28,234
11/23/2003,LBB,TX,ASW,CE,Towers with Radar,33,25,25,13,96,0,0,10,0,10,33,25,35,13,106,14,0,14,120
11/24/2003,LBB,TX,ASW,CE,Towers with Radar,39,29,26,39,133,0,0,6,0,6,39,29,32,39,139,32,26,58,197
11/25/2003,LBB,TX,ASW,CE,Towers with Radar,38,53,68,26,185,0,0,14,2,16,38,53,82,28,201,48,12,60,261
11/26/2003,LBB,TX,ASW,CE,Towers with Radar,41,62,38,17,158,0,3,17,1,21,41,65,55,18,179,12,12,24,203
11/27/2003,LBB,TX,ASW,CE,Towers with Radar,30,26,7,0,63,0,2,11,0,13,30,28,18,0,76,0,0,0,76
11/28/2003,LBB,TX,ASW,CE,Towers with Radar,33,41,37,0,111,0,0,7,0,7,33,41,44,0,118,20,0,20,138
11/29/2003,LBB,TX,ASW,CE,Towers with Radar,29,45,29,0,103,0,0,15,0,15,29,45,44,0,118,10,0,10,128
11/30/2003,LBB,TX,ASW,CE,Towers with Radar,36,30,57,2,125,0,0,19,2,21,36,30,76,4,146,42,0,42,188
12/01/2003,LBB,TX,ASW,CE,Towers with Radar,38,36,36,11,121,0,0,13,10,23,38,36,49,21,144,54,2,56,200
12/02/2003,LBB,TX,ASW,CE,Towers with Radar,40,59,47,13,159,0,2,22,5,29,40,61,69,18,188,0,0,0,188
12/03/2003,LBB,TX,ASW,CE,Towers with Radar,38,55,52,22,167,0,2,12,0,14,38,57,64,22,181,36,6,42,223
12/04/2003,LBB,TX,ASW,CE,Towers with Radar,44,52,56,28,180,0,4,16,4,24,44,56,72,32,204,86,6,92,296
12/05/2003,LBB,TX,ASW,CE,Towers with Radar,39,60,53,18,170,0,2,15,1,18,39,62,68,19,188,120,52,172,360
12/06/2003,LBB,TX,ASW,CE,Towers with Radar,35,43,41,7,126,0,0,8,0,8,35,43,49,7,134,36,0,36,170
12/07/2003,LBB,TX,ASW,CE,Towers with Radar,34,22,34,4,94,0,0,7,0,7,34,22,41,4,101,30,0,30,131
12/08/2003,LBB,TX,ASW,CE,Towers with Radar,36,36,34,34,140,0,6,14,14,34,36,42,48,48,174,10,2,12,186
12/09/2003,LBB,TX,ASW,CE,Towers with Radar,44,65,21,0,130,0,3,4,2,9,44,68,25,2,139,0,0,0,139
12/10/2003,LBB,TX,ASW,CE,Towers with Radar,49,48,70,35,202,0,2,20,0,22,49,50,90,35,224,88,16,104,328
12/11/2003,LBB,TX,ASW,CE,Towers with Radar,43,78,50,32,203,0,4,14,20,38,43,82,64,52,241,38,24,62,303
12/12/2003,LBB,TX,ASW,CE,Towers with Radar,40,66,33,0,139,0,5,8,2,15,40,71,41,2,154,20,0,20,174
12/13/2003,LBB,TX,ASW,CE,Towers with Radar,41,30,22,18,111,0,0,10,2,12,41,30,32,20,123,56,16,72,195
12/14/2003,LBB,TX,ASW,CE,Towers with Radar,33,30,35,11,109,0,0,27,0,27,33,30,62,11,136,36,12,48,184
12/15/2003,LBB,TX,ASW,CE,Towers with Radar,34,37,25,12,108,0,0,5,0,5,34,37,30,12,113,0,0,0,113
12/16/2003,LBB,TX,ASW,CE,Towers with Radar,44,50,38,30,162,0,3,13,4,20,44,53,51,34,182,16,22,38,220
12/17/2003,LBB,TX,ASW,CE,Towers with Radar,47,55,39,61,202,0,2,7,2,11,47,57,46,63,213,102,32,134,347
12/18/2003,LBB,TX,ASW,CE,Towers with Radar,43,62,42,81,228,0,5,12,3,20,43,67,54,84,248,56,16,72,320
12/19/2003,LBB,TX,ASW,CE,Towers with Radar,42,53,52,0,147,0,3,12,0,15,42,56,64,0,162,74,0,74,236
12/20/2003,LBB,TX,ASW,CE,Towers with Radar,38,34,19,3,94,0,1,5,1,7,38,35,24,4,101,24,6,30,131
12/21/2003,LBB,TX,ASW,CE,Towers with Radar,28,36,34,6,104,0,0,10,0,10,28,36,44,6,114,40,8,48,162
12/22/2003,LBB,TX,ASW,CE,Towers with Radar,43,46,27,35,151,0,0,10,1,11,43,46,37,36,162,0,0,0,162
12/23/2003,LBB,TX,ASW,CE,Towers with Radar,47,64,40,0,151,1,3,11,1,16,48,67,51,1,167,18,0,18,185
12/24/2003,LBB,TX,ASW,CE,Towers with Radar,39,48,13,0,100,0,2,6,0,8,39,50,19,0,108,0,0,0,108
12/25/2003,LBB,TX,ASW,CE,Towers with Radar,34,21,11,0,66,0,2,4,0,6,34,23,15,0,72,0,0,0,72
12/26/2003,LBB,TX,ASW,CE,Towers with Radar,37,46,31,0,114,0,1,21,0,22,37,47,52,0,136,8,0,8,144
12/27/2003,LBB,TX,ASW,CE,Towers with Radar,39,38,23,0,100,0,0,16,0,16,39,38,39,0,116,0,0,0,116
12/28/2003,LBB,TX,ASW,CE,Towers with Radar,30,28,25,0,83,0,2,46,0,48,30,30,71,0,131,0,0,0,131
12/29/2003,LBB,TX,ASW,CE,Towers with Radar,37,45,34,17,133,0,0,6,1,7,37,45,40,18,140,74,0,74,214
12/30/2003,LBB,TX,ASW,CE,Towers with Radar,38,67,29,2,136,0,2,21,1,24,38,69,50,3,160,32,0,32,192
12/31/2003,LBB,TX,ASW,CE,Towers with Radar,33,52,26,0,111,0,2,15,1,18,33,54,41,1,129,16,0,16,145
01/01/2004,LBB,TX,ASW,CE,Towers with Radar,25,27,15,0,67,0,12,8,0,20,25,39,23,0,87,6,0,6,93
01/02/2004,LBB,TX,ASW,CE,Towers with Radar,40,51,39,0,130,0,0,7,1,8,40,51,46,1,138,4,0,4,142
01/03/2004,LBB,TX,ASW,CE,Towers with Radar,50,25,27,0,102,0,1,8,0,9,50,26,35,0,111,8,0,8,119
01/04/2004,LBB,TX,ASW,CE,Towers with Radar,36,28,16,0,80,0,1,19,0,20,36,29,35,0,100,6,0,6,106
01/05/2004,LBB,TX,ASW,CE,Towers with Radar,34,44,16,33,127,0,0,5,6,11,34,44,21,39,138,56,94,150,288
01/06/2004,LBB,TX,ASW,CE,Towers with Radar,44,48,19,37,148,0,4,8,4,16,44,52,27,41,164,34,86,120,284
01/07/2004,LBB,TX,ASW,CE,Towers with Radar,51,42,48,58,199,0,2,10,6,18,51,44,58,64,217,104,22,126,343
01/08/2004,LBB,TX,ASW,CE,Towers with Radar,42,49,53,19,163,0,4,7,0,11,42,53,60,19,174,46,0,46,220
01/09/2004,LBB,TX,ASW,CE,Towers with Radar,37,63,29,46,175,0,4,8,0,12,37,67,37,46,187,30,20,50,237
01/10/2004,LBB,TX,ASW,CE,Towers with Radar,39,35,29,5,108,0,1,8,0,9,39,36,37,5,117,140,10,150,267
01/11/2004,LBB,TX,ASW,CE,Towers with Radar,34,27,26,5,92,0,2,7,0,9,34,29,33,5,101,32,0,32,133
01/12/2004,LBB,TX,ASW,CE,Towers with Radar,33,40,24,12,109,0,0,8,1,9,33,40,32,13,118,70,12,82,200
01/13/2004,LBB,TX,ASW,CE,Towers with Radar,40,47,36,62,185,0,0,20,0,20,40,47,56,62,205,52,34,86,291
01/14/2004,LBB,TX,ASW,CE,Towers with Radar,38,54,35,50,177,0,2,11,0,13,38,56,46,50,190,80,58,138,328
01/15/2004,LBB,TX,ASW,CE,Towers with Radar,40,56,62,57,215,0,4,26,10,40,40,60,88,67,255,0,0,0,255
01/16/2004,LBB,TX,ASW,CE,Towers with Radar,31,49,40,7,127,0,2,20,1,23,31,51,60,8,150,0,4,4,154
01/17/2004,LBB,TX,ASW,CE,Towers with Radar,34,46,17,0,97,0,0,5,0,5,34,46,22,0,102,0,0,0,102
01/18/2004,LBB,TX,ASW,CE,Towers with Radar,32,29,24,4,89,0,1,9,1,11,32,30,33,5,100,96,0,96,196
01/19/2004,LBB,TX,ASW,CE,Towers with Radar,36,38,37,1,112,0,0,12,0,12,36,38,49,1,124,30,0,30,154
01/20/2004,LBB,TX,ASW,CE,Towers with Radar,43,49,36,1,129,0,0,8,4,12,43,49,44,5,141,0,0,0,141
01/21/2004,LBB,TX,ASW,CE,Towers with Radar,35,59,47,54,195,0,2,9,1,12,35,61,56,55,207,32,0,32,239
01/22/2004,LBB,TX,ASW,CE,Towers with Radar,45,57,29,31,162,0,2,29,0,31,45,59,58,31,193,48,4,52,245
01/23/2004,LBB,TX,ASW,CE,Towers with Radar,36,55,42,12,145,0,4,3,4,11,36,59,45,16,156,20,0,20,176
01/24/2004,LBB,TX,ASW,CE,Towers with Radar,36,49,57,58,200,0,0,10,2,12,36,49,67,60,212,18,6,24,236
01/25/2004,LBB,TX,ASW,CE,Towers with Radar,32,32,15,0,79,0,0,10,0,10,32,32,25,0,89,10,0,10,99
01/26/2004,LBB,TX,ASW,CE,Towers with Radar,31,41,28,68,168,0,2,7,2,11,31,43,35,70,179,26,28,54,233
01/27/2004,LBB,TX,ASW,CE,Towers with Radar,49,60,54,65,228,0,3,8,4,15,49,63,62,69,243,10,54,64,307
01/28/2004,LBB,TX,ASW,CE,Towers with Radar,44,46,55,32,177,0,2,14,5,21,44,48,69,37,198,36,26,62,260
01/29/2004,LBB,TX,ASW,CE,Towers with Radar,43,59,35,32,169,0,2,19,15,36,43,61,54,47,205,46,4,50,255
01/30/2004,LBB,TX,ASW,CE,Towers with Radar,40,63,49,26,178,0,0,22,0,22,40,63,71,26,200,50,28,78,278
01/31/2004,LBB,TX,ASW,CE,Towers with Radar,24,49,26,33,132,0,2,14,0,16,24,51,40,33,148,34,6,40,188
02/01/2004,LBB,TX,ASW,CE,Towers with Radar,32,30,23,1,86,0,0,10,0,10,32,30,33,1,96,16,0,16,112
02/02/2004,LBB,TX,ASW,CE,Towers with Radar,32,36,19,50,137,0,0,11,2,13,32,36,30,52,150,22,4,26,176
02/03/2004,LBB,TX,ASW,CE,Towers with Radar,44,54,32,63,193,0,2,31,6,39,44,56,63,69,232,8,36,44,276
02/04/2004,LBB,TX,ASW,CE,Towers with Radar,36,46,26,6,114,0,4,13,6,23,36,50,39,12,137,2,0,2,139
02/05/2004,LBB,TX,ASW,CE,Towers with Radar,33,56,43,115,247,0,3,20,6,29,33,59,63,121,276,48,26,74,350
02/06/2004,LBB,TX,ASW,CE,Towers with Radar,45,57,64,62,228,0,0,14,7,21,45,57,78,69,249,20,46,66,315
02/07/2004,LBB,TX,ASW,CE,Towers with Radar,28,37,48,24,137,0,1,11,1,13,28,38,59,25,150,34,12,46,196
02/08/2004,LBB,TX,ASW,CE,Towers with Radar,30,30,26,1,87,0,0,12,0,12,30,30,38,1,99,40,0,40,139
02/09/2004,LBB,TX,ASW,CE,Towers with Radar,32,25,29,6,92,1,0,14,10,25,33,25,43,16,117,30,12,42,159
02/10/2004,LBB,TX,ASW,CE,Towers with Radar,39,56,48,61,204,0,2,19,1,22,39,58,67,62,226,26,46,72,298
02/11/2004,LBB,TX,ASW,CE,Towers with Radar,42,59,60,31,192,0,3,12,4,19,42,62,72,35,211,56,18,74,285
02/12/2004,LBB,TX,ASW,CE,Towers with Radar,30,47,19,0,96,1,2,5,0,8,31,49,24,0,104,0,0,0,104
02/13/2004,LBB,TX,ASW,CE,Towers with Radar,43,61,27,0,131,0,2,8,1,11,43,63,35,1,142,0,0,0,142
02/14/2004,LBB,TX,ASW,CE,Towers with Radar,30,44,21,0,95,0,0,5,0,5,30,44,26,0,100,60,0,60,160
02/15/2004,LBB,TX,ASW,CE,Towers with Radar,30,33,25,2,90,1,0,10,0,11,31,33,35,2,101,48,0,48,149
02/16/2004,LBB,TX,ASW,CE,Towers with Radar,35,38,42,0,115,0,0,11,1,12,35,38,53,1,127,20,0,20,147
02/17/2004,LBB,TX,ASW,CE,Towers with Radar,40,50,69,80,239,0,0,7,2,9,40,50,76,82,248,66,24,90,338
02/18/2004,LBB,TX,ASW,CE,Towers with Radar,39,52,59,9,159,0,2,15,2,19,39,54,74,11,178,30,6,36,214
02/19/2004,LBB,TX,ASW,CE,Towers with Radar,37,53,22,0,112,0,2,11,6,19,37,55,33,6,131,0,0,0,131
02/20/2004,LBB,TX,ASW,CE,Towers with Radar,41,57,42,21,161,0,4,26,9,39,41,61,68,30,200,34,0,34,234
02/21/2004,LBB,TX,ASW,CE,Towers with Radar,31,36,18,4,89,0,0,11,2,13,31,36,29,6,102,56,6,62,164
02/22/2004,LBB,TX,ASW,CE,Towers with Radar,29,27,52,22,130,0,2,17,1,20,29,29,69,23,150,32,10,42,192
02/23/2004,LBB,TX,ASW,CE,Towers with Radar,32,50,14,3,99,0,1,8,1,10,32,51,22,4,109,0,0,0,109
02/24/2004,LBB,TX,ASW,CE,Towers with Radar,45,70,20,0,135,0,1,3,0,4,45,71,23,0,139,0,0,0,139
02/25/2004,LBB,TX,ASW,CE,Towers with Radar,42,69,39,50,200,0,2,5,1,8,42,71,44,51,208,40,0,40,248
02/26/2004,LBB,TX,ASW,CE,Towers with Radar,36,55,54,31,176,0,4,11,6,21,36,59,65,37,197,74,32,106,303
02/27/2004,LBB,TX,ASW,CE,Towers with Radar,45,54,48,49,196,0,3,12,2,17,45,57,60,51,213,16,0,16,229
02/28/2004,LBB,TX,ASW,CE,Towers with Radar,29,44,14,14,101,0,0,15,0,15,29,44,29,14,116,0,0,0,116
02/29/2004,LBB,TX,ASW,CE,Towers with Radar,31,27,17,14,89,0,0,6,0,6,31,27,23,14,95,0,0,0,95
03/01/2004,LBB,TX,ASW,CE,Towers with Radar,34,39,28,29,130,0,1,8,0,9,34,40,36,29,139,16,20,36,175
03/02/2004,LBB,TX,ASW,CE,Towers with Radar,44,63,46,14,167,0,2,14,1,17,44,65,60,15,184,8,0,8,192
03/03/2004,LBB,TX,ASW,CE,Towers with Radar,64,55,26,16,161,0,1,5,0,6,64,56,31,16,167,0,0,0,167
03/04/2004,LBB,TX,ASW,CE,Towers with Radar,47,57,21,13,138,2,2,10,1,15,49,59,31,14,153,0,0,0,153
03/05/2004,LBB,TX,ASW,CE,Towers with Radar,41,53,38,29,161,1,8,12,4,25,42,61,50,33,186,10,14,24,210
03/06/2004,LBB,TX,ASW,CE,Towers with Radar,30,42,16,0,88,0,3,19,0,22,30,45,35,0,110,60,0,60,170
03/07/2004,LBB,TX,ASW,CE,Towers with Radar,28,21,32,10,91,0,2,11,1,14,28,23,43,11,105,50,0,50,155
03/08/2004,LBB,TX,ASW,CE,Towers with Radar,34,46,39,44,163,0,1,10,2,13,34,47,49,46,176,54,30,84,260
03/09/2004,LBB,TX,ASW,CE,Towers with Radar,38,43,30,86,197,0,0,4,3,7,38,43,34,89,204,62,56,118,322
03/10/2004,LBB,TX,ASW,CE,Towers with Radar,39,57,51,98,245,0,3,7,5,15,39,60,58,103,260,36,28,64,324
03/11/2004,LBB,TX,ASW,CE,Towers with Radar,43,65,60,37,205,0,3,12,1,16,43,68,72,38,221,24,0,24,245
03/12/2004,LBB,TX,ASW,CE,Towers with Radar,36,58,26,0,120,0,0,5,0,5,36,58,31,0,125,0,0,0,125
03/13/2004,LBB,TX,ASW,CE,Towers with Radar,40,30,38,3,111,0,0,18,0,18,40,30,56,3,129,26,0,26,155
03/14/2004,LBB,TX,ASW,CE,Towers with Radar,31,34,39,2,106,1,1,12,0,14,32,35,51,2,120,40,0,40,160
03/15/2004,LBB,TX,ASW,CE,Towers with Radar,38,42,57,91,228,0,0,13,2,15,38,42,70,93,243,64,0,64,307
03/16/2004,LBB,TX,ASW,CE,Towers with Radar,45,51,59,36,191,0,2,6,4,12,45,53,65,40,203,68,12,80,283
03/17/2004,LBB,TX,ASW,CE,Towers with Radar,41,45,47,10,143,0,3,12,1,16,41,48,59,11,159,48,0,48,207
03/18/2004,LBB,TX,ASW,CE,Towers with Radar,45,93,25,26,189,0,5,17,2,24,45,98,42,28,213,28,12,40,253
03/19/2004,LBB,TX,ASW,CE,Towers with Radar,42,62,59,30,193,0,16,11,1,28,42,78,70,31,221,58,10,68,289
03/20/2004,LBB,TX,ASW,CE,Towers with Radar,29,33,53,7,122,0,2,23,0,25,29,35,76,7,147,38,0,38,185
03/21/2004,LBB,TX,ASW,CE,Towers with Radar,33,31,50,11,125,0,1,26,0,27,33,32,76,11,152,38,0,38,190
03/22/2004,LBB,TX,ASW,CE,Towers with Radar,35,38,36,50,159,0,0,22,1,23,35,38,58,51,182,4,0,4,186
03/23/2004,LBB,TX,ASW,CE,Towers with Radar,45,59,36,21,161,0,2,26,2,30,45,61,62,23,191,0,16,16,207
03/24/2004,LBB,TX,ASW,CE,Towers with Radar,40,56,27,48,171,0,3,22,2,27,40,59,49,50,198,10,0,10,208
03/25/2004,LBB,TX,ASW,CE,Towers with Radar,42,62,55,26,185,0,4,13,8,25,42,66,68,34,210,0,0,0,210
03/26/2004,LBB,TX,ASW,CE,Towers with Radar,42,57,67,64,230,0,2,19,9,30,42,59,86,73,260,32,0,32,292
03/27/2004,LBB,TX,ASW,CE,Towers with Radar,32,37,31,16,116,0,0,6,16,22,32,37,37,32,138,22,26,48,186
03/28/2004,LBB,TX,ASW,CE,Towers with Radar,30,25,34,3,92,0,1,4,5,10,30,26,38,8,102,26,0,26,128
03/29/2004,LBB,TX,ASW,CE,Towers with Radar,40,37,33,55,165,0,1,4,4,9,40,38,37,59,174,74,22,96,270
03/30/2004,LBB,TX,ASW,CE,Towers with Radar,39,50,48,31,168,0,5,5,0,10,39,55,53,31,178,110,20,130,308
03/31/2004,LBB,TX,ASW,CE,Towers with Radar,41,60,50,38,189,0,3,6,1,10,41,63,56,39,199,38,18,56,255
04/01/2004,LBB,TX,ASW,CE,Towers with Radar,42,55,54,38,189,0,4,6,3,13,42,59,60,41,202,52,16,68,270
04/02/2004,LBB,TX,ASW,CE,Towers with Radar,42,60,34,3,139,1,3,10,0,14,43,63,44,3,153,50,0,50,203
04/03/2004,LBB,TX,ASW,CE,Towers with Radar,25,38,20,3,86,0,0,13,1,14,25,38,33,4,100,24,0,24,124
04/04/2004,LBB,TX,ASW,CE,Towers with Radar,38,22,18,0,78,0,2,3,1,6,38,24,21,1,84,0,0,0,84
04/05/2004,LBB,TX,ASW,CE,Towers with Radar,28,44,20,17,109,0,1,10,2,13,28,45,30,19,122,52,16,68,190
04/06/2004,LBB,TX,ASW,CE,Towers with Radar,39,64,39,11,153,0,2,10,3,15,39,66,49,14,168,12,0,12,180
04/07/2004,LBB,TX,ASW,CE,Towers with Radar,39,65,30,32,166,0,2,11,0,13,39,67,41,32,179,72,32,104,283
04/08/2004,LBB,TX,ASW,CE,Towers with Radar,39,59,56,0,154,0,5,11,0,16,39,64,67,0,170,72,0,72,242
04/09/2004,LBB,TX,ASW,CE,Towers with Radar,30,65,39,60,194,0,4,12,0,16,30,69,51,60,210,52,34,86,296
04/10/2004,LBB,TX,ASW,CE,Towers with Radar,31,42,29,0,102,0,0,12,1,13,31,42,41,1,115,6,0,6,121
04/11/2004,LBB,TX,ASW,CE,Towers with Radar,31,30,20,0,81,0,0,10,0,10,31,30,30,0,91,0,0,0,91
04/12/2004,LBB,TX,ASW,CE,Towers with Radar,33,44,42,19,138,0,1,12,0,13,33,45,54,19,151,26,10,36,187
04/13/2004,LBB,TX,ASW,CE,Towers with Radar,38,59,56,51,204,0,2,0,3,5,38,61,56,54,209,46,0,46,255
04/14/2004,LBB,TX,ASW,CE,Towers with Radar,39,59,43,35,176,0,2,6,2,10,39,61,49,37,186,72,6,78,264
04/15/2004,LBB,TX,ASW,CE,Towers with Radar,43,62,34,50,189,0,2,13,1,16,43,64,47,51,205,84,24,108,313
04/16/2004,LBB,TX,ASW,CE,Towers with Radar,37,61,51,41,190,0,0,13,2,15,37,61,64,43,205,64,32,96,301
04/17/2004,LBB,TX,ASW,CE,Towers with Radar,29,40,56,1,126,0,0,10,0,10,29,40,66,1,136,22,10,32,168
04/18/2004,LBB,TX,ASW,CE,Towers with Radar,28,26,26,3,83,0,2,17,0,19,28,28,43,3,102,30,0,30,132
04/19/2004,LBB,TX,ASW,CE,Towers with Radar,32,47,55,94,228,0,0,13,2,15,32,47,68,96,243,4,72,76,319
04/20/2004,LBB,TX,ASW,CE,Towers with Radar,48,65,52,64,229,0,2,19,0,21,48,67,71,64,250,32,72,104,354
04/21/2004,LBB,TX,ASW,CE,Towers with Radar,38,65,58,64,225,0,2,13,4,19,38,67,71,68,244,2,12,14,258
04/22/2004,LBB,TX,ASW,CE,Towers with Radar,37,62,66,56,221,0,4,12,2,18,37,66,78,58,239,66,0,66,305
04/23/2004,LBB,TX,ASW,CE,Towers with Radar,37,59,53,42,191,0,5,23,2,30,37,64,76,44,221,88,0,88,309
04/24/2004,LBB,TX,ASW,CE,Towers with Radar,34,41,24,2,101,0,1,12,0,13,34,42,36,2,114,96,4,100,214
04/25/2004,LBB,TX,ASW,CE,Towers with Radar,31,34,45,4,114,0,0,22,2,24,31,34,67,6,138,70,0,70,208
04/26/2004,LBB,TX,ASW,CE,Towers with Radar,33,37,33,62,165,0,0,7,1,8,33,37,40,63,173,90,6,96,269
04/27/2004,LBB,TX,ASW,CE,Towers with Radar,37,54,33,43,167,0,2,11,2,15,37,56,44,45,182,34,36,70,252
04/28/2004,LBB,TX,ASW,CE,Towers with Radar,39,71,40,45,195,0,2,11,3,16,39,73,51,48,211,0,0,0,211
04/29/2004,LBB,TX,ASW,CE,Towers with Radar,38,66,40,101,245,0,3,12,2,17,38,69,52,103,262,58,80,138,400
04/30/2004,LBB,TX,ASW,CE,Towers with Radar,36,59,39,81,215,0,2,20,0,22,36,61,59,81,237,32,26,58,295
05/01/2004,LBB,TX,ASW,CE,Towers with Radar,35,43,55,27,160,1,0,25,0,26,36,43,80,27,186,30,6,36,222
05/02/2004,LBB,TX,ASW,CE,Towers with Radar,31,23,24,13,91,0,0,10,0,10,31,23,34,13,101,64,0,64,165
05/03/2004,LBB,TX,ASW,CE,Towers with Radar,31,39,26,26,122,0,0,9,5,14,31,39,35,31,136,28,10,38,174
05/04/2004,LBB,TX,ASW,CE,Towers with Radar,41,53,30,32,156,0,2,18,1,21,41,55,48,33,177,64,6,70,247
05/05/2004,LBB,TX,ASW,CE,Towers with Radar,39,67,42,38,186,0,2,5,1,8,39,69,47,39,194,82,58,140,334
05/06/2004,LBB,TX,ASW,CE,Towers with Radar,38,62,49,39,188,0,3,15,0,18,38,65,64,39,206,14,60,74,280
05/07/2004,LBB,TX,ASW,CE,Towers with Radar,40,56,47,37,180,0,3,22,3,28,40,59,69,40,208,48,0,48,256
05/08/2004,LBB,TX,ASW,CE,Towers with Radar,33,44,52,10,139,0,0,6,1,7,33,44,58,11,146,22,0,22,168
05/09/2004,LBB,TX,ASW,CE,Towers with Radar,29,32,100,0,161,0,0,11,0,11,29,32,111,0,172,33,0,33,205
05/10/2004,LBB,TX,ASW,CE,Towers with Radar,33,39,54,34,160,0,1,17,1,19,33,40,71,35,179,0,0,0,179
05/11/2004,LBB,TX,ASW,CE,Towers with Radar,29,60,22,39,150,0,2,10,0,12,29,62,32,39,162,30,50,80,242
05/12/2004,LBB,TX,ASW,CE,Towers with Radar,35,50,46,38,169,0,2,11,3,16,35,52,57,41,185,58,4,62,247
05/13/2004,LBB,TX,ASW,CE,Towers with Radar,41,75,79,50,245,0,4,1,0,5,41,79,80,50,250,28,42,70,320
05/14/2004,LBB,TX,ASW,CE,Towers with Radar,41,69,77,61,248,0,3,11,0,14,41,72,88,61,262,30,6,36,298
05/15/2004,LBB,TX,ASW,CE,Towers with Radar,31,38,63,6,138,0,1,13,0,14,31,39,76,6,152,8,6,14,166
05/16/2004,LBB,TX,ASW,CE,Towers with Radar,28,34,28,14,104,0,1,12,0,13,28,35,40,14,117,10,0,10,127
05/17/2004,LBB,TX,ASW,CE,Towers with Radar,33,19,31,50,133,0,0,18,0,18,33,19,49,50,151,28,12,40,191
05/18/2004,LBB,TX,ASW,CE,Towers with Radar,37,55,34,54,180,0,3,8,1,12,37,58,42,55,192,24,36,60,252
05/19/2004,LBB,TX,ASW,CE,Towers with Radar,38,56,35,99,228,0,4,15,1,20,38,60,50,100,248,30,4,34,282
05/20/2004,LBB,TX,ASW,CE,Towers with Radar,38,57,35,37,167,0,4,11,2,17,38,61,46,39,184,32,50,82,266
05/21/2004,LBB,TX,ASW,CE,Towers with Radar,38,53,38,24,153,0,2,13,7,22,38,55,51,31,175,20,16,36,211
05/22/2004,LBB,TX,ASW,CE,Towers with Radar,30,36,24,0,90,0,0,11,3,14,30,36,35,3,104,48,0,48,152
05/23/2004,LBB,TX,ASW,CE,Towers with Radar,28,39,17,40,124,0,0,17,3,20,28,39,34,43,144,14,38,52,196
05/24/2004,LBB,TX,ASW,CE,Towers with Radar,25,36,15,29,105,0,0,15,12,27,25,36,30,41,132,10,3,13,145
05/25/2004,LBB,TX,ASW,CE,Towers with Radar,36,51,30,41,158,0,3,3,1,7,36,54,33,42,165,62,4,66,231
05/26/2004,LBB,TX,ASW,CE,Towers with Radar,44,61,45,69,219,0,3,11,1,15,44,64,56,70,234,20,62,82,316
05/27/2004,LBB,TX,ASW,CE,Towers with Radar,38,83,38,23,182,0,1,21,1,23,38,84,59,24,205,0,2,2,207
05/28/2004,LBB,TX,ASW,CE,Towers with Radar,41,59,53,30,183,0,2,15,1,18,41,61,68,31,201,56,22,78,279
05/29/2004,LBB,TX,ASW,CE,Towers with Radar,31,43,52,0,126,0,1,24,0,25,31,44,76,0,151,8,0,8,159
05/30/2004,LBB,TX,ASW,CE,Towers with Radar,26,32,28,0,86,0,0,16,0,16,26,32,44,0,102,0,0,0,102
05/31/2004,LBB,TX,ASW,CE,Towers with Radar,25,25,35,0,85,0,0,19,0,19,25,25,54,0,104,8,0,8,112
06/01/2004,LBB,TX,ASW,CE,Towers with Radar,29,43,31,36,139,1,8,7,3,19,30,51,38,39,158,48,102,150,308
06/02/2004,LBB,TX,ASW,CE,Towers with Radar,27,40,29,33,129,12,19,14,1,46,39,59,43,34,175,16,82,98,273
06/03/2004,LBB,TX,ASW,CE,Towers with Radar,28,41,29,3,101,11,11,25,0,47,39,52,54,3,148,20,0,20,168
06/04/2004,LBB,TX,ASW,CE,Towers with Radar,42,57,45,52,196,0,0,7,22,29,42,57,52,74,225,84,6,90,315
06/05/2004,LBB,TX,ASW,CE,Towers with Radar,21,31,22,3,77,10,10,15,0,35,31,41,37,3,112,32,0,32,144
06/06/2004,LBB,TX,ASW,CE,Towers with Radar,20,30,21,0,71,7,1,30,0,38,27,31,51,0,109,0,0,0,109
06/07/2004,LBB,TX,ASW,CE,Towers with Radar,32,41,35,41,149,0,0,3,23,26,32,41,38,64,175,10,10,20,195
06/08/2004,LBB,TX,ASW,CE,Towers with Radar,36,54,51,59,200,0,0,24,32,56,36,54,75,91,256,54,96,150,406
06/09/2004,LBB,TX,ASW,CE,Towers with Radar,35,58,51,59,203,0,0,9,43,52,35,58,60,102,255,60,144,204,459
06/10/2004,LBB,TX,ASW,CE,Towers with Radar,44,70,55,64,233,0,0,7,36,43,44,70,62,100,276,40,30,70,346
06/11/2004,LBB,TX,ASW,CE,Towers with Radar,36,52,38,37,163,0,7,21,0,28,36,59,59,37,191,46,64,110,301
06/12/2004,LBB,TX,ASW,CE,Towers with Radar,18,28,20,4,70,10,5,17,0,32,28,33,37,4,102,10,0,10,112
06/13/2004,LBB,TX,ASW,CE,Towers with Radar,21,30,22,4,77,6,8,20,0,34,27,38,42,4,111,54,0,54,165
06/14/2004,LBB,TX,ASW,CE,Towers with Radar,30,41,34,40,145,0,0,4,23,27,30,41,38,63,172,0,0,0,172
06/15/2004,LBB,TX,ASW,CE,Towers with Radar,32,59,50,58,199,0,0,6,37,43,32,59,56,95,242,24,60,84,326
06/16/2004,LBB,TX,ASW,CE,Towers with Radar,39,61,49,56,205,0,0,6,33,39,39,61,55,89,244,16,46,62,306
06/17/2004,LBB,TX,ASW,CE,Towers with Radar,39,61,45,52,197,0,11,9,9,29,39,72,54,61,226,10,4,14,240
06/18/2004,LBB,TX,ASW,CE,Towers with Radar,35,62,47,52,196,0,2,1,29,32,35,64,48,81,228,40,32,72,300
06/19/2004,LBB,TX,ASW,CE,Towers with Radar,23,31,24,12,90,5,3,19,0,27,28,34,43,12,117,58,16,74,191
06/20/2004,LBB,TX,ASW,CE,Towers with Radar,23,32,24,5,84,5,4,26,0,35,28,36,50,5,119,18,0,18,137
06/21/2004,LBB,TX,ASW,CE,Towers with Radar,35,44,38,41,158,1,0,25,0,26,36,44,63,41,184,30,62,92,276
06/22/2004,LBB,TX,ASW,CE,Towers with Radar,36,48,42,46,172,0,0,14,18,32,36,48,56,64,204,84,0,84,288
06/23/2004,LBB,TX,ASW,CE,Towers with Radar,31,43,33,17,124,5,7,25,0,37,36,50,58,17,161,52,26,78,239
06/24/2004,LBB,TX,ASW,CE,Towers with Radar,38,60,46,41,185,0,10,29,0,39,38,70,75,41,224,4,40,44,268
06/25/2004,LBB,TX,ASW,CE,Towers with Radar,38,55,41,46,180,0,6,12,4,22,38,61,53,50,202,54,34,88,290
06/26/2004,LBB,TX,ASW,CE,Towers with Radar,28,39,30,18,115,8,14,9,0,31,36,53,39,18,146,78,6,84,230
06/27/2004,LBB,TX,ASW,CE,Towers with Radar,24,28,25,27,104,4,0,13,1,18,28,28,38,28,122,38,10,48,170
06/28/2004,LBB,TX,ASW,CE,Towers with Radar,23,32,25,15,95,4,10,11,0,25,27,42,36,15,120,0,0,0,120
06/29/2004,LBB,TX,ASW,CE,Towers with Radar,37,51,39,31,158,4,10,19,0,33,41,61,58,31,191,10,27,37,228
06/30/2004,LBB,TX,ASW,CE,Towers with Radar,37,64,47,53,201,0,4,19,10,33,37,68,66,63,234,22,48,70,304
07/01/2004,LBB,TX,ASW,CE,Towers with Radar,39,56,57,48,200,0,0,14,21,35,39,56,71,69,235,0,90,90,325
07/02/2004,LBB,TX,ASW,CE,Towers with Radar,31,50,41,1,123,6,11,38,0,55,37,61,79,1,178,38,0,38,216
07/03/2004,LBB,TX,ASW,CE,Towers with Radar,16,27,21,1,65,10,10,8,0,28,26,37,29,1,93,22,0,22,115
07/04/2004,LBB,TX,ASW,CE,Towers with Radar,10,17,14,0,41,8,6,5,0,19,18,23,19,0,60,0,0,0,60
07/05/2004,LBB,TX,ASW,CE,Towers with Radar,20,32,26,1,79,3,0,32,0,35,23,32,58,1,114,0,0,0,114
07/06/2004,LBB,TX,ASW,CE,Towers with Radar,25,43,35,19,122,3,7,8,0,18,28,50,43,19,140,46,6,52,192
07/07/2004,LBB,TX,ASW,CE,Towers with Radar,32,51,42,26,151,4,9,17,0,30,36,60,59,26,181,16,6,22,203
07/08/2004,LBB,TX,ASW,CE,Towers with Radar,32,52,43,19,146,2,17,20,0,39,34,69,63,19,185,19,0,19,204
07/09/2004,LBB,TX,ASW,CE,Towers with Radar,37,60,42,42,181,2,13,0,16,31,39,73,42,58,212,54,0,54,266
07/10/2004,LBB,TX,ASW,CE,Towers with Radar,27,40,36,30,133,3,0,20,0,23,30,40,56,30,156,26,0,26,182
07/11/2004,LBB,TX,ASW,CE,Towers with Radar,21,32,28,24,105,3,0,8,4,15,24,32,36,28,120,8,12,20,140
07/12/2004,LBB,TX,ASW,CE,Towers with Radar,29,43,34,32,138,3,0,0,25,28,32,43,34,57,166,42,0,42,208
07/13/2004,LBB,TX,ASW,CE,Towers with Radar,31,58,45,39,173,0,3,0,30,33,31,61,45,69,206,10,80,90,296
07/14/2004,LBB,TX,ASW,CE,Towers with Radar,36,60,51,41,188,0,4,21,1,26,36,64,72,42,214,16,24,40,254
07/15/2004,LBB,TX,ASW,CE,Towers with Radar,33,53,44,36,166,3,20,3,5,31,36,73,47,41,197,26,52,78,275
07/16/2004,LBB,TX,ASW,CE,Towers with Radar,24,56,48,38,166,0,11,9,15,35,24,67,57,53,201,40,16,56,257
07/17/2004,LBB,TX,ASW,CE,Towers with Radar,22,34,29,8,93,6,5,19,0,30,28,39,48,8,123,20,0,20,143
07/18/2004,LBB,TX,ASW,CE,Towers with Radar,23,35,31,20,109,4,7,8,0,19,27,42,39,20,128,56,10,66,194
07/19/2004,LBB,TX,ASW,CE,Towers with Radar,26,40,35,28,129,6,1,7,3,17,32,41,42,31,146,22,6,28,174
07/20/2004,LBB,TX,ASW,CE,Towers with Radar,35,57,48,39,179,0,0,11,14,25,35,57,59,53,204,0,22,22,226
07/21/2004,LBB,TX,ASW,CE,Towers with Radar,38,51,54,44,187,0,0,15,27,42,38,51,69,71,229,58,64,122,351
07/22/2004,LBB,TX,ASW,CE,Towers with Radar,39,61,55,44,199,0,0,28,4,32,39,61,83,48,231,42,18,60,291
07/23/2004,LBB,TX,ASW,CE,Towers with Radar,31,48,41,32,152,4,9,7,0,20,35,57,48,32,172,16,38,54,226
07/24/2004,LBB,TX,ASW,CE,Towers with Radar,27,39,35,6,107,2,0,40,0,42,29,39,75,6,149,8,0,8,157
07/25/2004,LBB,TX,ASW,CE,Towers with Radar,23,35,31,3,92,3,0,34,0,37,26,35,65,3,129,0,0,0,129
07/26/2004,LBB,TX,ASW,CE,Towers with Radar,35,34,51,41,161,0,0,24,30,54,35,34,75,71,215,42,6,48,263
07/27/2004,LBB,TX,ASW,CE,Towers with Radar,33,55,47,13,148,0,9,42,0,51,33,64,89,13,199,0,0,0,199
07/28/2004,LBB,TX,ASW,CE,Towers with Radar,40,61,51,43,195,2,0,13,0,15,42,61,64,43,210,50,0,50,260
07/29/2004,LBB,TX,ASW,CE,Towers with Radar,43,72,60,50,225,0,2,13,7,22,43,74,73,57,247,42,26,68,315
07/30/2004,LBB,TX,ASW,CE,Towers with Radar,41,78,71,60,250,0,0,6,49,55,41,78,77,109,305,62,118,180,485
07/31/2004,LBB,TX,ASW,CE,Towers with Radar,25,39,44,37,145,0,0,24,20,44,25,39,68,57,189,66,18,84,273
08/01/2004,LBB,TX,ASW,CE,Towers with Radar,21,25,30,18,94,4,0,20,0,24,25,25,50,18,118,0,8,8,126
08/02/2004,LBB,TX,ASW,CE,Towers with Radar,22,35,30,6,93,8,8,12,0,28,30,43,42,6,121,54,0,54,175
08/03/2004,LBB,TX,ASW,CE,Towers with Radar,35,49,51,38,173,0,0,5,28,33,35,49,56,66,206,64,28,92,298
08/04/2004,LBB,TX,ASW,CE,Towers with Radar,38,60,51,26,175,2,15,15,0,32,40,75,66,26,207,104,22,126,333
08/05/2004,LBB,TX,ASW,CE,Towers with Radar,32,50,43,9,134,4,21,15,0,40,36,71,58,9,174,22,30,52,226
08/06/2004,LBB,TX,ASW,CE,Towers with Radar,33,52,44,17,146,7,11,15,0,33,40,63,59,17,179,8,2,10,189
08/07/2004,LBB,TX,ASW,CE,Towers with Radar,29,40,39,0,108,4,0,44,0,48,33,40,83,0,156,14,0,14,170
08/08/2004,LBB,TX,ASW,CE,Towers with Radar,19,29,26,2,76,9,0,21,0,30,28,29,47,2,106,48,0,48,154
08/09/2004,LBB,TX,ASW,CE,Towers with Radar,28,45,38,11,122,2,6,25,0,33,30,51,63,11,155,46,8,54,209
08/10/2004,LBB,TX,ASW,CE,Towers with Radar,33,52,40,33,158,8,2,0,13,23,41,54,40,46,181,36,58,94,275
08/11/2004,LBB,TX,ASW,CE,Towers with Radar,29,46,40,29,144,5,6,6,0,17,34,52,46,29,161,74,0,74,235
08/12/2004,LBB,TX,ASW,CE,Towers with Radar,35,54,47,34,170,3,11,3,2,19,38,65,50,36,189,86,4,90,279
08/13/2004,LBB,TX,ASW,CE,Towers with Radar,38,56,59,43,196,0,0,8,35,43,38,56,67,78,239,88,42,130,369
08/14/2004,LBB,TX,ASW,CE,Towers with Radar,23,37,31,0,91,4,7,25,0,36,27,44,56,0,127,10,0,10,137
08/15/2004,LBB,TX,ASW,CE,Towers with Radar,23,32,31,18,104,4,0,19,0,23,27,32,50,18,127,6,20,26,153
08/16/2004,LBB,TX,ASW,CE,Towers with Radar,30,45,55,39,169,0,0,10,40,50,30,45,65,79,219,68,50,118,337
08/17/2004,LBB,TX,ASW,CE,Towers with Radar,38,55,54,42,189,0,0,0,49,49,38,55,54,91,238,64,82,146,384
08/18/2004,LBB,TX,ASW,CE,Towers with Radar,36,64,59,44,203,0,0,0,43,43,36,64,59,87,246,22,66,88,334
08/19/2004,LBB,TX,ASW,CE,Towers with Radar,32,59,53,37,181,0,8,15,7,30,32,67,68,44,211,54,36,90,301
08/20/2004,LBB,TX,ASW,CE,Towers with Radar,23,48,43,30,144,0,6,7,9,22,23,54,50,39,166,46,58,104,270
08/21/2004,LBB,TX,ASW,CE,Towers with Radar,30,44,40,28,142,0,0,14,1,15,30,44,54,29,157,8,4,12,169
08/22/2004,LBB,TX,ASW,CE,Towers with Radar,27,40,36,14,117,2,0,23,0,25,29,40,59,14,142,10,8,18,160
08/23/2004,LBB,TX,ASW,CE,Towers with Radar,29,42,44,31,146,0,0,18,10,28,29,42,62,41,174,54,18,72,246
08/24/2004,LBB,TX,ASW,CE,Towers with Radar,36,59,52,37,184,0,3,20,0,23,36,62,72,37,207,96,24,120,327
08/25/2004,LBB,TX,ASW,CE,Towers with Radar,34,57,51,36,178,0,10,5,11,26,34,67,56,47,204,96,0,96,300
08/26/2004,LBB,TX,ASW,CE,Towers with Radar,33,70,62,43,208,0,2,8,27,37,33,72,70,70,245,72,52,124,369
08/27/2004,LBB,TX,ASW,CE,Towers with Radar,36,59,53,37,185,0,6,11,4,21,36,65,64,41,206,70,4,74,280
08/28/2004,LBB,TX,ASW,CE,Towers with Radar,22,33,30,3,88,7,2,19,0,28,29,35,49,3,116,18,0,18,134
08/29/2004,LBB,TX,ASW,CE,Towers with Radar,26,34,35,12,107,0,0,29,0,29,26,34,64,12,136,64,2,66,202
08/30/2004,LBB,TX,ASW,CE,Towers with Radar,21,31,22,16,90,8,11,0,0,19,29,42,22,16,109,22,0,22,131
08/31/2004,LBB,TX,ASW,CE,Towers with Radar,35,57,49,37,178,0,10,0,8,18,35,67,49,45,196,12,20,32,228
09/01/2004,LBB,TX,ASW,CE,Towers with Radar,34,59,44,27,164,0,4,19,0,23,34,63,63,27,187,62,0,62,249
09/02/2004,LBB,TX,ASW,CE,Towers with Radar,36,63,47,32,178,2,3,5,10,20,38,66,52,42,198,54,18,72,270
09/03/2004,LBB,TX,ASW,CE,Towers with Radar,36,68,58,41,203,0,0,39,4,43,36,68,97,45,246,16,6,22,268
09/04/2004,LBB,TX,ASW,CE,Towers with Radar,25,44,32,4,105,3,0,30,0,33,28,44,62,4,138,24,0,24,162
09/05/2004,LBB,TX,ASW,CE,Towers with Radar,15,27,19,0,61,6,1,15,0,22,21,28,34,0,83,34,0,34,117
09/06/2004,LBB,TX,ASW,CE,Towers with Radar,25,41,33,21,120,1,0,19,0,20,26,41,52,21,140,52,30,82,222
09/07/2004,LBB,TX,ASW,CE,Towers with Radar,30,49,41,29,149,0,0,6,20,26,30,49,47,49,175,57,30,87,262
09/08/2004,LBB,TX,ASW,CE,Towers with Radar,35,63,47,32,177,1,9,4,6,20,36,72,51,38,197,64,38,102,299
09/09/2004,LBB,TX,ASW,CE,Towers with Radar,36,71,56,42,205,0,0,0,18,18,36,71,56,60,223,0,42,42,265
09/10/2004,LBB,TX,ASW,CE,Towers with Radar,38,83,62,43,226,0,0,14,21,35,38,83,76,64,261,62,52,114,375
09/11/2004,LBB,TX,ASW,CE,Towers with Radar,28,50,37,18,133,1,22,0,0,23,29,72,37,18,156,34,18,52,208
09/12/2004,LBB,TX,ASW,CE,Towers with Radar,24,42,31,10,107,5,1,20,0,26,29,43,51,10,133,34,0,34,167
09/13/2004,LBB,TX,ASW,CE,Towers with Radar,29,52,38,27,146,0,2,8,6,16,29,54,46,33,162,24,16,40,202
09/14/2004,LBB,TX,ASW,CE,Towers with Radar,37,63,52,39,191,0,0,0,47,47,37,63,52,86,238,20,36,56,294
09/15/2004,LBB,TX,ASW,CE,Towers with Radar,39,64,39,33,175,0,0,0,35,35,39,64,39,68,210,14,46,60,270
09/16/2004,LBB,TX,ASW,CE,Towers with Radar,38,64,49,33,184,0,7,7,8,22,38,71,56,41,206,0,0,0,206
09/17/2004,LBB,TX,ASW,CE,Towers with Radar,37,62,48,14,161,0,19,18,0,37,37,81,66,14,198,48,0,48,246
09/18/2004,LBB,TX,ASW,CE,Towers with Radar,29,52,41,13,135,0,14,20,0,34,29,66,61,13,169,22,0,22,191
09/19/2004,LBB,TX,ASW,CE,Towers with Radar,27,38,47,32,144,0,0,35,14,49,27,38,82,46,193,22,12,34,227
09/20/2004,LBB,TX,ASW,CE,Towers with Radar,30,51,39,18,138,4,1,19,0,24,34,52,58,18,162,4,0,4,166
09/21/2004,LBB,TX,ASW,CE,Towers with Radar,34,54,43,30,161,2,0,13,4,19,36,54,56,34,180,0,0,0,180
09/22/2004,LBB,TX,ASW,CE,Towers with Radar,33,59,45,15,152,0,3,33,0,36,33,62,78,15,188,0,0,0,188
09/23/2004,LBB,TX,ASW,CE,Towers with Radar,37,63,50,45,195,0,0,0,62,62,37,63,50,107,257,32,70,102,359
09/24/2004,LBB,TX,ASW,CE,Towers with Radar,35,59,46,32,172,2,10,1,4,17,37,69,47,36,189,54,0,54,243
09/25/2004,LBB,TX,ASW,CE,Towers with Radar,21,35,27,1,84,12,12,6,0,30,33,47,33,1,114,0,0,0,114
09/26/2004,LBB,TX,ASW,CE,Towers with Radar,25,37,32,6,100,8,0,23,0,31,33,37,55,6,131,88,0,88,219
09/27/2004,LBB,TX,ASW,CE,Towers with Radar,20,32,25,8,85,10,9,0,0,19,30,41,25,8,104,0,0,0,104
09/28/2004,LBB,TX,ASW,CE,Towers with Radar,32,54,42,23,151,3,10,9,0,22,35,64,51,23,173,26,10,36,209
09/29/2004,LBB,TX,ASW,CE,Towers with Radar,37,67,52,23,179,0,14,22,0,36,37,81,74,23,215,74,24,98,313
09/30/2004,LBB,TX,ASW,CE,Towers with Radar,30,51,38,2,121,6,12,21,0,39,36,63,59,2,160,28,0,28,188
10/01/2004,LBB,TX,ASW,CE,Combined TRACON& Tower with Radar,39,73,42,16,170,0,0,0,0,0,39,73,42,16,170,32,0,32,202
10/02/2004,LBB,TX,ASW,CE,Combined TRACON& Tower with Radar,29,55,43,0,127,0,4,64,0,68,29,59,107,0,195,86,0,86,281
10/03/2004,LBB,TX,ASW,CE,Combined TRACON& Tower with Radar,28,42,46,0,116,0,4,9,0,13,28,46,55,0,129,26,0,26,155
10/04/2004,LBB,TX,ASW,CE,Combined TRACON& Tower with Radar,0,0,0,0,0,0,0,0,0,0,0,0,0,0,0,14,0,14,14
10/05/2004,LBB,TX,ASW,CE,Combined TRACON& Tower with Radar,0,0,0,0,0,0,0,0,0,0,0,0,0,0,0,0,0,0,0
10/06/2004,LBB,TX,ASW,CE,Combined TRACON& Tower with Radar,38,63,36,16,153,0,0,0,0,0,38,63,36,16,153,16,0,16,169
10/07/2004,LBB,TX,ASW,CE,Combined TRACON& Tower with Radar,37,69,53,61,220,0,2,34,5,41,37,71,87,66,261,20,4,24,285
10/08/2004,LBB,TX,ASW,CE,Combined TRACON& Tower with Radar,45,66,56,78,245,0,3,67,4,74,45,69,123,82,319,28,48,76,395
10/09/2004,LBB,TX,ASW,CE,Combined TRACON& Tower with Radar,31,38,59,3,131,0,2,58,0,60,31,40,117,3,191,12,0,12,203
10/10/2004,LBB,TX,ASW,CE,Combined TRACON& Tower with Radar,27,34,89,22,172,0,7,51,2,60,27,41,140,24,232,18,0,18,250
10/11/2004,LBB,TX,ASW,CE,Combined TRACON& Tower with Radar,31,37,42,41,151,0,1,26,1,28,31,38,68,42,179,12,8,20,199
10/12/2004,LBB,TX,ASW,CE,Combined TRACON& Tower with Radar,38,65,65,44,212,0,4,56,1,61,38,69,121,45,273,64,0,64,337
10/13/2004,LBB,TX,ASW,CE,Combined TRACON& Tower with Radar,34,65,43,30,172,0,7,34,2,43,34,72,77,32,215,56,0,56,271
10/14/2004,LBB,TX,ASW,CE,Combined TRACON& Tower with Radar,0,0,53,51,104,0,0,35,1,36,0,0,88,52,140,0,0,0,140
10/15/2004,LBB,TX,ASW,CE,Combined TRACON& Tower with Radar,39,64,62,34,199,0,6,84,0,90,39,70,146,34,289,36,68,104,393
10/16/2004,LBB,TX,ASW,CE,Combined TRACON& Tower with Radar,32,43,58,4,137,0,6,76,0,82,32,49,134,4,219,68,0,68,287
10/17/2004,LBB,TX,ASW,CE,Combined TRACON& Tower with Radar,28,26,57,6,117,0,5,54,0,59,28,31,111,6,176,28,0,28,204
10/18/2004,LBB,TX,ASW,CE,Combined TRACON& Tower with Radar,29,46,41,37,153,0,4,33,2,39,29,50,74,39,192,8,86,94,286
10/19/2004,LBB,TX,ASW,CE,Combined TRACON& Tower with Radar,37,62,35,49,183,0,9,58,2,69,37,71,93,51,252,64,46,110,362
10/20/2004,LBB,TX,ASW,CE,Combined TRACON& Tower with Radar,36,47,49,78,210,0,12,102,2,116,36,59,151,80,326,22,80,102,428
10/21/2004,LBB,TX,ASW,CE,Combined TRACON& Tower with Radar,33,62,57,95,247,0,0,0,0,0,33,62,57,95,247,30,192,222,469
10/22/2004,LBB,TX,ASW,CE,Combined TRACON& Tower with Radar,41,62,61,8,172,0,10,24,0,34,41,72,85,8,206,20,16,36,242
10/23/2004,LBB,TX,ASW,CE,Combined TRACON& Tower with Radar,32,43,116,27,218,0,2,77,2,81,32,45,193,29,299,26,8,34,333
10/24/2004,LBB,TX,ASW,CE,Combined TRACON& Tower with Radar,26,34,47,0,107,0,4,78,0,82,26,38,125,0,189,58,0,58,247
10/25/2004,LBB,TX,ASW,CE,Combined TRACON& Tower with Radar,29,50,34,16,129,0,20,39,0,59,29,70,73,16,188,10,16,26,214
10/26/2004,LBB,TX,ASW,CE,Combined TRACON& Tower with Radar,46,68,75,80,269,0,6,34,0,40,46,74,109,80,309,34,74,108,417
10/27/2004,LBB,TX,ASW,CE,Combined TRACON& Tower with Radar,34,61,53,36,184,0,4,8,0,12,34,65,61,36,196,0,24,24,220
10/28/2004,LBB,TX,ASW,CE,Combined TRACON& Tower with Radar,39,75,27,42,183,0,2,25,0,27,39,77,52,42,210,20,20,40,250
10/29/2004,LBB,TX,ASW,CE,Combined TRACON& Tower with Radar,42,64,59,51,216,0,6,70,1,77,42,70,129,52,293,30,14,44,337
10/30/2004,LBB,TX,ASW,CE,Combined TRACON& Tower with Radar,25,39,30,12,106,0,3,72,0,75,25,42,102,12,181,96,0,96,277
10/31/2004,LBB,TX,ASW,CE,Combined TRACON& Tower with Radar,27,45,58,0,130,0,6,41,0,47,27,51,99,0,177,84,0,84,261
11/01/2004,LBB,TX,ASW,CE,Combined TRACON& Tower with Radar,26,53,20,103,202,0,5,33,0,38,26,58,53,103,240,0,0,0,240
11/02/2004,LBB,TX,ASW,CE,Combined TRACON& Tower with Radar,0,0,0,0,0,0,0,0,0,0,0,0,0,0,0,0,0,0,0
11/03/2004,LBB,TX,ASW,CE,Combined TRACON& Tower with Radar,36,66,24,20,146,0,0,32,1,33,36,66,56,21,179,32,2,34,213
11/04/2004,LBB,TX,ASW,CE,Combined TRACON& Tower with Radar,35,68,23,36,162,0,3,55,2,60,35,71,78,38,222,82,48,130,352
11/05/2004,LBB,TX,ASW,CE,Combined TRACON& Tower with Radar,38,63,56,18,175,0,10,81,1,92,38,73,137,19,267,60,4,64,331
11/06/2004,LBB,TX,ASW,CE,Combined TRACON& Tower with Radar,27,40,50,16,133,0,1,53,0,54,27,41,103,16,187,30,22,52,239
11/07/2004,LBB,TX,ASW,CE,Combined TRACON& Tower with Radar,23,51,40,18,132,0,8,103,0,111,23,59,143,18,243,38,0,38,281
11/08/2004,LBB,TX,ASW,CE,Combined TRACON& Tower with Radar,0,0,0,0,0,0,0,0,0,0,0,0,0,0,0,24,32,56,56
11/09/2004,LBB,TX,ASW,CE,Combined TRACON& Tower with Radar,0,0,0,0,0,0,0,0,0,0,0,0,0,0,0,20,50,70,70
11/10/2004,LBB,TX,ASW,CE,Combined TRACON& Tower with Radar,31,68,34,69,202,0,17,29,2,48,31,85,63,71,250,24,86,110,360
11/11/2004,LBB,TX,ASW,CE,Combined TRACON& Tower with Radar,32,63,47,4,146,0,7,32,0,39,32,70,79,4,185,90,0,90,275
11/12/2004,LBB,TX,ASW,CE,Combined TRACON& Tower with Radar,35,76,51,28,190,0,4,20,0,24,35,80,71,28,214,0,6,6,220
11/13/2004,LBB,TX,ASW,CE,Combined TRACON& Tower with Radar,23,52,8,5,88,0,0,0,0,0,23,52,8,5,88,0,0,0,88
11/14/2004,LBB,TX,ASW,CE,Combined TRACON& Tower with Radar,26,57,25,1,109,0,0,0,0,0,26,57,25,1,109,0,0,0,109
11/15/2004,LBB,TX,ASW,CE,Combined TRACON& Tower with Radar,28,65,6,0,99,0,0,0,0,0,28,65,6,0,99,0,0,0,99
11/16/2004,LBB,TX,ASW,CE,Combined TRACON& Tower with Radar,33,73,23,0,129,0,2,0,0,2,33,75,23,0,131,0,0,0,131
11/17/2004,LBB,TX,ASW,CE,Combined TRACON& Tower with Radar,36,57,45,26,164,0,0,0,0,0,36,57,45,26,164,32,4,36,200
11/18/2004,LBB,TX,ASW,CE,Combined TRACON& Tower with Radar,32,66,47,29,174,0,5,12,1,18,32,71,59,30,192,24,0,24,216
11/19/2004,LBB,TX,ASW,CE,Combined TRACON& Tower with Radar,50,66,53,91,260,0,5,53,6,64,50,71,106,97,324,36,24,60,384
11/20/2004,LBB,TX,ASW,CE,Combined TRACON& Tower with Radar,18,46,17,0,81,4,0,2,0,6,22,46,19,0,87,0,0,0,87
11/21/2004,LBB,TX,ASW,CE,Combined TRACON& Tower with Radar,23,27,10,0,60,0,0,0,0,0,23,27,10,0,60,0,0,0,60
11/22/2004,LBB,TX,ASW,CE,Combined TRACON& Tower with Radar,25,37,22,7,91,0,1,8,0,9,25,38,30,7,100,0,0,0,100
11/23/2004,LBB,TX,ASW,CE,Combined TRACON& Tower with Radar,38,64,22,46,170,0,0,17,3,20,38,64,39,49,190,32,64,96,286
11/24/2004,LBB,TX,ASW,CE,Combined TRACON& Tower with Radar,36,87,52,27,202,0,5,47,0,52,36,92,99,27,254,8,0,8,262
11/25/2004,LBB,TX,ASW,CE,Combined TRACON& Tower with Radar,21,31,33,0,85,0,0,0,0,0,21,31,33,0,85,4,0,4,89
11/26/2004,LBB,TX,ASW,CE,Combined TRACON& Tower with Radar,32,50,20,0,102,0,15,44,0,59,32,65,64,0,161,26,0,26,187
11/27/2004,LBB,TX,ASW,CE,Combined TRACON& Tower with Radar,24,47,39,0,110,0,9,61,0,70,24,56,100,0,180,0,0,0,180
11/28/2004,LBB,TX,ASW,CE,Combined TRACON& Tower with Radar,34,44,32,1,111,0,3,32,0,35,34,47,64,1,146,0,0,0,146
11/29/2004,LBB,TX,ASW,CE,Combined TRACON& Tower with Radar,30,60,27,45,162,0,3,11,0,14,30,63,38,45,176,58,40,98,274
11/30/2004,LBB,TX,ASW,CE,Combined TRACON& Tower with Radar,34,71,19,66,190,0,7,23,3,33,34,78,42,69,223,4,72,76,299
12/01/2004,LBB,TX,ASW,CE,Combined TRACON& Tower with Radar,33,77,21,32,163,0,5,66,1,72,33,82,87,33,235,54,10,64,299
12/02/2004,LBB,TX,ASW,CE,Combined TRACON& Tower with Radar,32,54,46,17,149,0,3,50,0,53,32,57,96,17,202,100,24,124,326
12/03/2004,LBB,TX,ASW,CE,Combined TRACON& Tower with Radar,33,64,47,56,200,0,13,75,2,90,33,77,122,58,290,24,14,38,328
12/04/2004,LBB,TX,ASW,CE,Combined TRACON& Tower with Radar,29,45,62,2,138,0,10,72,2,84,29,55,134,4,222,30,0,30,252
12/05/2004,LBB,TX,ASW,CE,Combined TRACON& Tower with Radar,23,37,35,31,126,0,5,28,0,33,23,42,63,31,159,50,40,90,249
12/06/2004,LBB,TX,ASW,CE,Combined TRACON& Tower with Radar,30,36,27,5,98,0,8,17,0,25,30,44,44,5,123,0,0,0,123
12/07/2004,LBB,TX,ASW,CE,Combined TRACON& Tower with Radar,36,64,51,46,197,0,4,67,1,72,36,68,118,47,269,18,28,46,315
12/08/2004,LBB,TX,ASW,CE,Combined TRACON& Tower with Radar,38,70,58,68,234,0,16,59,0,75,38,86,117,68,309,100,104,204,513
12/09/2004,LBB,TX,ASW,CE,Combined TRACON& Tower with Radar,31,67,37,65,200,0,4,49,2,55,31,71,86,67,255,6,48,54,309
12/10/2004,LBB,TX,ASW,CE,Combined TRACON& Tower with Radar,37,80,42,32,191,0,23,98,0,121,37,103,140,32,312,76,22,98,410
12/11/2004,LBB,TX,ASW,CE,Combined TRACON& Tower with Radar,26,41,55,53,175,0,8,88,0,96,26,49,143,53,271,146,0,146,417
12/12/2004,LBB,TX,ASW,CE,Combined TRACON& Tower with Radar,24,34,24,31,113,0,7,63,0,70,24,41,87,31,183,44,30,74,257
12/13/2004,LBB,TX,ASW,CE,Combined TRACON& Tower with Radar,27,64,17,18,126,0,13,41,0,54,27,77,58,18,180,4,52,56,236
12/14/2004,LBB,TX,ASW,CE,Combined TRACON& Tower with Radar,34,76,31,41,182,0,7,61,5,73,34,83,92,46,255,44,138,182,437
12/15/2004,LBB,TX,ASW,CE,Combined TRACON& Tower with Radar,38,66,46,34,184,0,7,54,3,64,38,73,100,37,248,100,36,136,384
12/16/2004,LBB,TX,ASW,CE,Combined TRACON& Tower with Radar,0,0,0,0,0,0,0,0,0,0,0,0,0,0,0,20,104,124,124
12/17/2004,LBB,TX,ASW,CE,Combined TRACON& Tower with Radar,34,92,65,16,207,0,12,73,0,85,34,104,138,16,292,92,22,114,406
12/18/2004,LBB,TX,ASW,CE,Combined TRACON& Tower with Radar,25,36,46,36,143,0,11,63,0,74,25,47,109,36,217,64,18,82,299
12/19/2004,LBB,TX,ASW,CE,Combined TRACON& Tower with Radar,24,39,30,6,99,0,0,0,0,0,24,39,30,6,99,32,0,32,131
12/20/2004,LBB,TX,ASW,CE,Combined TRACON& Tower with Radar,0,0,0,0,0,0,0,0,0,0,0,0,0,0,0,34,0,34,34
12/21/2004,LBB,TX,ASW,CE,Combined TRACON& Tower with Radar,54,58,52,37,201,0,10,55,4,69,54,68,107,41,270,18,82,100,370
12/22/2004,LBB,TX,ASW,CE,Combined TRACON& Tower with Radar,32,87,12,0,131,0,0,13,0,13,32,87,25,0,144,0,0,0,144
12/23/2004,LBB,TX,ASW,CE,Combined TRACON& Tower with Radar,0,0,0,0,0,0,0,0,0,0,0,0,0,0,0,0,0,0,0
12/24/2004,LBB,TX,ASW,CE,Combined TRACON& Tower with Radar,40,69,22,0,131,0,6,38,0,44,40,75,60,0,175,0,0,0,175
12/25/2004,LBB,TX,ASW,CE,Combined TRACON& Tower with Radar,24,27,15,0,66,0,8,34,0,42,24,35,49,0,108,22,0,22,130
12/26/2004,LBB,TX,ASW,CE,Combined TRACON& Tower with Radar,29,36,45,0,110,0,6,53,0,59,29,42,98,0,169,0,0,0,169
12/27/2004,LBB,TX,ASW,CE,Combined TRACON& Tower with Radar,41,48,33,0,122,0,13,44,0,57,41,61,77,0,179,2,0,2,181
12/28/2004,LBB,TX,ASW,CE,Combined TRACON& Tower with Radar,65,85,33,2,185,0,9,52,0,61,65,94,85,2,246,24,8,32,278
12/29/2004,LBB,TX,ASW,CE,Combined TRACON& Tower with Radar,37,70,49,10,166,0,1,46,1,48,37,71,95,11,214,54,26,80,294
12/30/2004,LBB,TX,ASW,CE,Combined TRACON& Tower with Radar,37,87,33,12,169,0,23,38,1,62,37,110,71,13,231,12,0,12,243
12/31/2004,LBB,TX,ASW,CE,Combined TRACON& Tower with Radar,35,55,19,0,109,0,11,54,0,65,35,66,73,0,174,60,0,60,234
01/01/2005,LBB,TX,ASW,CE,Combined TRACON& Tower with Radar,36,32,12,0,80,0,11,18,0,29,36,43,30,0,109,10,0,10,119
01/02/2005,LBB,TX,ASW,CE,Combined TRACON& Tower with Radar,33,44,32,0,109,0,5,6,0,11,33,49,38,0,120,10,0,10,130
01/03/2005,LBB,TX,ASW,CE,Combined TRACON& Tower with Radar,27,60,33,103,223,0,3,14,0,17,27,63,47,103,240,10,164,174,414
01/04/2005,LBB,TX,ASW,CE,Combined TRACON& Tower with Radar,15,24,4,0,43,0,0,0,0,0,15,24,4,0,43,0,0,0,43
01/05/2005,LBB,TX,ASW,CE,Combined TRACON& Tower with Radar,37,68,45,25,175,0,0,5,0,5,37,68,50,25,180,0,0,0,180
01/06/2005,LBB,TX,ASW,CE,Combined TRACON& Tower with Radar,33,76,19,11,139,0,0,0,0,0,33,76,19,11,139,0,0,0,139
01/07/2005,LBB,TX,ASW,CE,Combined TRACON& Tower with Radar,37,58,19,71,185,0,7,49,1,57,37,65,68,72,242,38,42,80,322
01/08/2005,LBB,TX,ASW,CE,Combined TRACON& Tower with Radar,24,35,35,1,95,0,2,56,0,58,24,37,91,1,153,86,0,86,239
01/09/2005,LBB,TX,ASW,CE,Combined TRACON& Tower with Radar,25,35,21,30,111,0,5,80,2,87,25,40,101,32,198,76,0,76,274
01/10/2005,LBB,TX,ASW,CE,Combined TRACON& Tower with Radar,28,43,10,85,166,0,11,44,0,55,28,54,54,85,221,18,82,100,321
01/11/2005,LBB,TX,ASW,CE,Combined TRACON& Tower with Radar,40,59,45,34,178,0,0,0,0,0,40,59,45,34,178,20,14,34,212
01/12/2005,LBB,TX,ASW,CE,Combined TRACON& Tower with Radar,34,65,23,101,223,0,9,19,0,28,34,74,42,101,251,8,82,90,341
01/13/2005,LBB,TX,ASW,CE,Combined TRACON& Tower with Radar,32,70,39,92,233,0,5,47,0,52,32,75,86,92,285,26,84,110,395
01/14/2005,LBB,TX,ASW,CE,Combined TRACON& Tower with Radar,42,60,44,42,188,0,9,52,0,61,42,69,96,42,249,14,58,72,321
01/15/2005,LBB,TX,ASW,CE,Combined TRACON& Tower with Radar,26,46,20,2,94,0,5,23,0,28,26,51,43,2,122,28,0,28,150
01/16/2005,LBB,TX,ASW,CE,Combined TRACON& Tower with Radar,24,36,23,4,87,0,0,0,0,0,24,36,23,4,87,0,0,0,87
01/17/2005,LBB,TX,ASW,CE,Combined TRACON& Tower with Radar,26,50,45,34,155,0,3,22,0,25,26,53,67,34,180,148,2,150,330
01/18/2005,LBB,TX,ASW,CE,Combined TRACON& Tower with Radar,35,68,38,50,191,0,7,34,2,43,35,75,72,52,234,64,40,104,338
01/19/2005,LBB,TX,ASW,CE,Combined TRACON& Tower with Radar,37,58,40,112,247,0,7,88,0,95,37,65,128,112,342,42,204,246,588
01/20/2005,LBB,TX,ASW,CE,Combined TRACON& Tower with Radar,36,80,40,42,198,0,10,88,6,104,36,90,128,48,302,28,8,36,338
01/21/2005,LBB,TX,ASW,CE,Combined TRACON& Tower with Radar,36,60,26,71,193,0,14,82,5,101,36,74,108,76,294,12,56,68,362
01/22/2005,LBB,TX,ASW,CE,Combined TRACON& Tower with Radar,26,35,19,7,87,0,6,34,0,40,26,41,53,7,127,6,0,6,133
01/23/2005,LBB,TX,ASW,CE,Combined TRACON& Tower with Radar,25,25,29,23,102,0,7,44,2,53,25,32,73,25,155,14,6,20,175
01/24/2005,LBB,TX,ASW,CE,Combined TRACON& Tower with Radar,29,53,16,39,137,0,3,32,0,35,29,56,48,39,172,0,24,24,196
01/25/2005,LBB,TX,ASW,CE,Combined TRACON& Tower with Radar,32,69,46,56,203,0,5,51,1,57,32,74,97,57,260,18,12,30,290
01/26/2005,LBB,TX,ASW,CE,Combined TRACON& Tower with Radar,37,64,27,47,175,0,14,62,1,77,37,78,89,48,252,28,10,38,290
01/27/2005,LBB,TX,ASW,CE,Combined TRACON& Tower with Radar,0,0,0,0,0,0,0,0,0,0,0,0,0,0,0,0,12,12,12
01/28/2005,LBB,TX,ASW,CE,Combined TRACON& Tower with Radar,37,81,98,180,396,0,2,32,0,34,37,83,130,180,430,0,82,82,512
01/29/2005,LBB,TX,ASW,CE,Combined TRACON& Tower with Radar,26,42,59,4,131,0,4,38,0,42,26,46,97,4,173,46,0,46,219
01/30/2005,LBB,TX,ASW,CE,Combined TRACON& Tower with Radar,30,34,16,0,80,0,0,1,0,1,30,34,17,0,81,0,0,0,81
01/31/2005,LBB,TX,ASW,CE,Combined TRACON& Tower with Radar,25,49,29,117,220,0,2,9,0,11,25,51,38,117,231,0,100,100,331
02/01/2005,LBB,TX,ASW,CE,Combined TRACON& Tower with Radar,33,59,13,0,105,0,0,0,0,0,33,59,13,0,105,0,0,0,105
02/02/2005,LBB,TX,ASW,CE,Combined TRACON& Tower with Radar,36,59,61,37,193,0,6,26,0,32,36,65,87,37,225,38,68,106,331
02/03/2005,LBB,TX,ASW,CE,Combined TRACON& Tower with Radar,37,53,35,47,172,0,0,0,0,0,37,53,35,47,172,24,86,110,282
02/04/2005,LBB,TX,ASW,CE,Combined TRACON& Tower with Radar,35,55,67,22,179,0,10,85,1,96,35,65,152,23,275,40,28,68,343
02/05/2005,LBB,TX,ASW,CE,Combined TRACON& Tower with Radar,20,28,42,1,91,0,0,0,0,0,20,28,42,1,91,46,0,46,137
02/06/2005,LBB,TX,ASW,CE,Combined TRACON& Tower with Radar,26,32,42,22,122,0,3,32,0,35,26,35,74,22,157,78,0,78,235
02/07/2005,LBB,TX,ASW,CE,Combined TRACON& Tower with Radar,26,46,52,82,206,0,2,41,6,49,26,48,93,88,255,30,20,50,305
02/08/2005,LBB,TX,ASW,CE,Combined TRACON& Tower with Radar,52,84,35,78,249,0,5,23,1,29,52,89,58,79,278,24,48,72,350
02/09/2005,LBB,TX,ASW,CE,Combined TRACON& Tower with Radar,43,69,63,53,228,0,5,41,2,48,43,74,104,55,276,62,38,100,376
02/10/2005,LBB,TX,ASW,CE,Combined TRACON& Tower with Radar,41,62,46,27,176,0,8,61,0,69,41,70,107,27,245,46,20,66,311
02/11/2005,LBB,TX,ASW,CE,Combined TRACON& Tower with Radar,34,62,39,46,181,0,9,43,0,52,34,71,82,46,233,6,28,34,267
02/12/2005,LBB,TX,ASW,CE,Combined TRACON& Tower with Radar,25,36,28,4,93,0,0,0,0,0,25,36,28,4,93,0,0,0,93
02/13/2005,LBB,TX,ASW,CE,Combined TRACON& Tower with Radar,28,31,58,34,151,0,0,0,0,0,28,31,58,34,151,28,100,128,279
02/14/2005,LBB,TX,ASW,CE,Combined TRACON& Tower with Radar,32,38,57,86,213,0,6,49,1,56,32,44,106,87,269,42,52,94,363
02/15/2005,LBB,TX,ASW,CE,Combined TRACON& Tower with Radar,30,53,46,53,182,0,7,53,2,62,30,60,99,55,244,38,22,60,304
02/16/2005,LBB,TX,ASW,CE,Combined TRACON& Tower with Radar,36,63,57,58,214,0,0,0,0,0,36,63,57,58,214,92,42,134,348
02/17/2005,LBB,TX,ASW,CE,Combined TRACON& Tower with Radar,29,58,50,69,206,0,11,38,2,51,29,69,88,71,257,6,22,28,285
02/18/2005,LBB,TX,ASW,CE,Combined TRACON& Tower with Radar,38,70,45,42,195,0,1,11,0,12,38,71,56,42,207,0,0,0,207
02/19/2005,LBB,TX,ASW,CE,Combined TRACON& Tower with Radar,25,43,43,1,112,0,0,21,0,21,25,43,64,1,133,0,0,0,133
02/20/2005,LBB,TX,ASW,CE,Combined TRACON& Tower with Radar,28,33,34,10,105,0,2,43,1,46,28,35,77,11,151,58,20,78,229
02/21/2005,LBB,TX,ASW,CE,Combined TRACON& Tower with Radar,25,40,33,1,99,0,9,32,0,41,25,49,65,1,140,42,0,42,182
02/22/2005,LBB,TX,ASW,CE,Combined TRACON& Tower with Radar,33,60,66,51,210,0,6,62,2,70,33,66,128,53,280,48,16,64,344
02/23/2005,LBB,TX,ASW,CE,Combined TRACON& Tower with Radar,34,87,31,42,194,0,0,0,0,0,34,87,31,42,194,12,10,22,216
02/24/2005,LBB,TX,ASW,CE,Combined TRACON& Tower with Radar,34,99,28,37,198,0,0,0,0,0,34,99,28,37,198,6,0,6,204
02/25/2005,LBB,TX,ASW,CE,Combined TRACON& Tower with Radar,32,81,43,35,191,0,9,18,0,27,32,90,61,35,218,42,0,42,260
02/26/2005,LBB,TX,ASW,CE,Combined TRACON& Tower with Radar,29,43,49,7,128,0,2,13,0,15,29,45,62,7,143,28,8,36,179
02/27/2005,LBB,TX,ASW,CE,Combined TRACON& Tower with Radar,24,28,50,9,111,0,3,34,1,38,24,31,84,10,149,38,0,38,187
02/28/2005,LBB,TX,ASW,CE,Combined TRACON& Tower with Radar,24,38,31,56,149,0,10,49,1,60,24,48,80,57,209,54,26,80,289
03/01/2005,LBB,TX,ASW,CE,Combined TRACON& Tower with Radar,37,53,28,23,141,0,12,59,0,71,37,65,87,23,212,42,4,46,258
03/02/2005,LBB,TX,ASW,CE,Combined TRACON& Tower with Radar,37,66,49,100,252,0,6,43,3,52,37,72,92,103,304,58,109,167,471
03/03/2005,LBB,TX,ASW,CE,Combined TRACON& Tower with Radar,34,62,39,45,180,0,0,0,0,0,34,62,39,45,180,6,4,10,190
03/04/2005,LBB,TX,ASW,CE,Combined TRACON& Tower with Radar,35,56,51,45,187,0,3,40,10,53,35,59,91,55,240,78,26,104,344
03/05/2005,LBB,TX,ASW,CE,Combined TRACON& Tower with Radar,26,46,44,8,124,0,6,25,0,31,26,52,69,8,155,50,0,50,205
03/06/2005,LBB,TX,ASW,CE,Combined TRACON& Tower with Radar,23,39,29,5,96,0,2,23,1,26,23,41,52,6,122,38,0,38,160
03/07/2005,LBB,TX,ASW,CE,Combined TRACON& Tower with Radar,27,48,26,38,139,0,8,45,0,53,27,56,71,38,192,56,20,76,268
03/08/2005,LBB,TX,ASW,CE,Combined TRACON& Tower with Radar,34,74,25,77,210,0,11,44,0,55,34,85,69,77,265,82,20,102,367
03/09/2005,LBB,TX,ASW,CE,Combined TRACON& Tower with Radar,37,72,54,53,216,0,12,74,3,89,37,84,128,56,305,56,30,86,391
03/10/2005,LBB,TX,ASW,CE,Combined TRACON& Tower with Radar,0,0,0,0,0,0,0,0,0,0,0,0,0,0,0,82,20,102,102
03/11/2005,LBB,TX,ASW,CE,Combined TRACON& Tower with Radar,33,92,41,46,212,0,9,80,3,92,33,101,121,49,304,166,66,232,536
03/12/2005,LBB,TX,ASW,CE,Combined TRACON& Tower with Radar,26,44,32,33,135,0,5,41,1,47,26,49,73,34,182,86,36,122,304
03/13/2005,LBB,TX,ASW,CE,Combined TRACON& Tower with Radar,25,46,36,10,117,0,1,45,2,48,25,47,81,12,165,14,0,14,179
03/14/2005,LBB,TX,ASW,CE,Combined TRACON& Tower with Radar,26,59,34,18,137,0,2,29,0,31,26,61,63,18,168,148,14,162,330
03/15/2005,LBB,TX,ASW,CE,Combined TRACON& Tower with Radar,42,67,19,0,128,0,0,2,0,2,42,67,21,0,130,0,0,0,130
03/16/2005,LBB,TX,ASW,CE,Combined TRACON& Tower with Radar,35,61,47,21,164,0,4,15,0,19,35,65,62,21,183,44,2,46,229
03/17/2005,LBB,TX,ASW,CE,Combined TRACON& Tower with Radar,32,60,43,40,175,0,0,0,0,0,32,60,43,40,175,70,16,86,261
03/18/2005,LBB,TX,ASW,CE,Combined TRACON& Tower with Radar,35,85,42,47,209,0,10,48,1,59,35,95,90,48,268,64,32,96,364
03/19/2005,LBB,TX,ASW,CE,Combined TRACON& Tower with Radar,26,35,26,49,136,0,8,63,1,72,26,43,89,50,208,70,4,74,282
03/20/2005,LBB,TX,ASW,CE,Combined TRACON& Tower with Radar,24,30,37,17,108,0,2,60,0,62,24,32,97,17,170,22,6,28,198
03/21/2005,LBB,TX,ASW,CE,Combined TRACON& Tower with Radar,30,52,24,41,147,0,4,23,3,30,30,56,47,44,177,0,114,114,291
03/22/2005,LBB,TX,ASW,CE,Combined TRACON& Tower with Radar,35,60,28,88,211,0,0,0,0,0,35,60,28,88,211,8,30,38,249
03/23/2005,LBB,TX,ASW,CE,Combined TRACON& Tower with Radar,36,63,46,41,186,0,6,41,3,50,36,69,87,44,236,40,42,82,318
03/24/2005,LBB,TX,ASW,CE,Combined TRACON& Tower with Radar,0,0,0,0,0,0,0,0,0,0,0,0,0,0,0,74,54,128,128
03/25/2005,LBB,TX,ASW,CE,Combined TRACON& Tower with Radar,37,74,77,73,261,0,8,61,2,71,37,82,138,75,332,48,98,146,478
03/26/2005,LBB,TX,ASW,CE,Combined TRACON& Tower with Radar,27,40,10,0,77,0,2,1,0,3,27,42,11,0,80,6,0,6,86
03/27/2005,LBB,TX,ASW,CE,Combined TRACON& Tower with Radar,27,48,49,5,129,0,3,52,0,55,27,51,101,5,184,26,0,26,210
03/28/2005,LBB,TX,ASW,CE,Combined TRACON& Tower with Radar,27,51,44,29,151,0,15,44,1,60,27,66,88,30,211,44,10,54,265
03/29/2005,LBB,TX,ASW,CE,Combined TRACON& Tower with Radar,35,72,29,27,163,0,10,33,1,44,35,82,62,28,207,48,36,84,291
03/30/2005,LBB,TX,ASW,CE,Combined TRACON& Tower with Radar,33,61,34,33,161,0,11,54,0,65,33,72,88,33,226,98,20,118,344
03/31/2005,LBB,TX,ASW,CE,Combined TRACON& Tower with Radar,33,60,30,32,155,0,8,37,0,45,33,68,67,32,200,24,34,58,258
04/01/2005,LBB,TX,ASW,CE,Combined TRACON& Tower with Radar,37,69,44,30,180,0,6,84,3,93,37,75,128,33,273,62,16,78,351
04/02/2005,LBB,TX,ASW,CE,Combined TRACON& Tower with Radar,27,42,38,16,123,0,3,75,4,82,27,45,113,20,205,80,10,90,295
04/03/2005,LBB,TX,ASW,CE,Combined TRACON& Tower with Radar,28,34,46,20,128,0,7,83,1,91,28,41,129,21,219,36,60,96,315
04/04/2005,LBB,TX,ASW,CE,Combined TRACON& Tower with Radar,26,59,34,66,185,0,0,0,0,0,26,59,34,66,185,640,36,676,861
04/05/2005,LBB,TX,ASW,CE,Combined TRACON& Tower with Radar,33,62,18,3,116,0,8,16,0,24,33,70,34,3,140,30,0,30,170
04/06/2005,LBB,TX,ASW,CE,Combined TRACON& Tower with Radar,34,74,33,9,150,0,5,21,5,31,34,79,54,14,181,0,0,0,181
04/07/2005,LBB,TX,ASW,CE,Combined TRACON& Tower with Radar,36,74,48,56,214,0,0,0,0,0,36,74,48,56,214,100,18,118,332
04/08/2005,LBB,TX,ASW,CE,Combined TRACON& Tower with Radar,36,71,33,29,169,0,11,56,1,68,36,82,89,30,237,102,33,135,372
04/09/2005,LBB,TX,ASW,CE,Combined TRACON& Tower with Radar,29,46,33,0,108,0,6,39,0,45,29,52,72,0,153,52,0,52,205
04/10/2005,LBB,TX,ASW,CE,Combined TRACON& Tower with Radar,25,35,25,27,112,0,1,23,0,24,25,36,48,27,136,14,0,14,150
04/11/2005,LBB,TX,ASW,CE,Combined TRACON& Tower with Radar,55,22,19,45,141,0,5,36,2,43,55,27,55,47,184,52,36,88,272
04/12/2005,LBB,TX,ASW,CE,Combined TRACON& Tower with Radar,65,50,45,59,219,0,9,79,0,88,65,59,124,59,307,760,18,778,1085
04/13/2005,LBB,TX,ASW,CE,Combined TRACON& Tower with Radar,34,74,38,40,186,0,11,59,2,72,34,85,97,42,258,164,0,164,422
04/14/2005,LBB,TX,ASW,CE,Combined TRACON& Tower with Radar,0,0,0,0,0,0,0,0,0,0,0,0,0,0,0,152,56,208,208
04/15/2005,LBB,TX,ASW,CE,Combined TRACON& Tower with Radar,44,76,44,23,187,0,11,52,0,63,44,87,96,23,250,84,20,104,354
04/16/2005,LBB,TX,ASW,CE,Combined TRACON& Tower with Radar,55,24,28,45,152,0,2,68,0,70,55,26,96,45,222,24,6,30,252
04/17/2005,LBB,TX,ASW,CE,Combined TRACON& Tower with Radar,27,44,45,13,129,0,6,27,0,33,27,50,72,13,162,20,0,20,182
04/18/2005,LBB,TX,ASW,CE,Combined TRACON& Tower with Radar,29,60,36,69,194,0,10,27,0,37,29,70,63,69,231,50,18,68,299
04/19/2005,LBB,TX,ASW,CE,Combined TRACON& Tower with Radar,34,88,49,82,253,0,9,29,3,41,34,97,78,85,294,36,38,74,368
04/20/2005,LBB,TX,ASW,CE,Combined TRACON& Tower with Radar,0,0,0,0,0,0,0,0,0,0,0,0,0,0,0,90,4,94,94
04/21/2005,LBB,TX,ASW,CE,Combined TRACON& Tower with Radar,38,76,22,107,243,0,6,53,2,61,38,82,75,109,304,48,112,160,464
04/22/2005,LBB,TX,ASW,CE,Combined TRACON& Tower with Radar,0,0,0,0,0,0,0,0,0,0,0,0,0,0,0,42,44,86,86
04/23/2005,LBB,TX,ASW,CE,Combined TRACON& Tower with Radar,28,52,15,2,97,69,0,0,0,69,97,52,15,2,166,51,0,51,217
04/24/2005,LBB,TX,ASW,CE,Combined TRACON& Tower with Radar,26,38,26,6,96,0,10,20,0,30,26,48,46,6,126,8,10,18,144
04/25/2005,LBB,TX,ASW,CE,Combined TRACON& Tower with Radar,28,65,24,56,173,0,1,31,1,33,28,66,55,57,206,16,62,78,284
04/26/2005,LBB,TX,ASW,CE,Combined TRACON& Tower with Radar,36,71,54,52,213,0,3,53,2,58,36,74,107,54,271,46,26,72,343
04/27/2005,LBB,TX,ASW,CE,Combined TRACON& Tower with Radar,33,74,28,38,173,0,8,51,3,62,33,82,79,41,235,42,42,84,319
04/28/2005,LBB,TX,ASW,CE,Combined TRACON& Tower with Radar,35,57,24,43,159,0,0,0,10,10,35,57,24,53,169,0,68,68,237
04/29/2005,LBB,TX,ASW,CE,Combined TRACON& Tower with Radar,36,74,60,18,188,0,5,46,0,51,36,79,106,18,239,11,4,15,254
04/30/2005,LBB,TX,ASW,CE,Combined TRACON& Tower with Radar,29,37,27,0,93,0,1,53,2,56,29,38,80,2,149,46,0,46,195
05/01/2005,LBB,TX,ASW,CE,Combined TRACON& Tower with Radar,28,35,31,2,96,0,3,53,0,56,28,38,84,2,152,34,0,34,186
05/02/2005,LBB,TX,ASW,CE,Combined TRACON& Tower with Radar,26,47,30,4,107,0,0,1,0,1,26,47,31,4,108,0,0,0,108
05/03/2005,LBB,TX,ASW,CE,Combined TRACON& Tower with Radar,33,75,33,29,170,0,0,0,0,0,33,75,33,29,170,0,0,0,170
05/04/2005,LBB,TX,ASW,CE,Combined TRACON& Tower with Radar,31,75,30,1,137,0,0,0,0,0,31,75,30,1,137,0,0,0,137
05/05/2005,LBB,TX,ASW,CE,Combined TRACON& Tower with Radar,29,71,46,14,160,0,7,23,0,30,29,78,69,14,190,8,6,14,204
05/06/2005,LBB,TX,ASW,CE,Combined TRACON& Tower with Radar,35,69,38,46,188,0,9,28,0,37,35,78,66,46,225,22,40,62,287
05/07/2005,LBB,TX,ASW,CE,Combined TRACON& Tower with Radar,30,37,30,15,112,0,4,50,0,54,30,41,80,15,166,71,24,95,261
05/08/2005,LBB,TX,ASW,CE,Combined TRACON& Tower with Radar,23,31,12,11,77,0,1,55,0,56,23,32,67,11,133,0,0,0,133
05/09/2005,LBB,TX,ASW,CE,Combined TRACON& Tower with Radar,29,57,30,16,132,0,10,51,3,64,29,67,81,19,196,40,22,62,258
05/10/2005,LBB,TX,ASW,CE,Combined TRACON& Tower with Radar,33,73,33,69,208,0,13,49,0,62,33,86,82,69,270,76,64,140,410
05/11/2005,LBB,TX,ASW,CE,Combined TRACON& Tower with Radar,34,72,39,40,185,0,7,32,4,43,34,79,71,44,228,56,6,62,290
05/12/2005,LBB,TX,ASW,CE,Combined TRACON& Tower with Radar,33,66,65,35,199,0,4,29,4,37,33,70,94,39,236,46,12,58,294
05/13/2005,LBB,TX,ASW,CE,Combined TRACON& Tower with Radar,0,0,0,0,0,0,0,0,0,0,0,0,0,0,0,10,70,80,80
05/14/2005,LBB,TX,ASW,CE,Combined TRACON& Tower with Radar,30,43,38,1,112,0,6,68,0,74,30,49,106,1,186,46,0,46,232
05/15/2005,LBB,TX,ASW,CE,Combined TRACON& Tower with Radar,26,29,29,5,89,0,2,27,0,29,26,31,56,5,118,0,0,0,118
05/16/2005,LBB,TX,ASW,CE,Combined TRACON& Tower with Radar,29,53,48,67,197,0,5,44,0,49,29,58,92,67,246,120,38,158,404
05/17/2005,LBB,TX,ASW,CE,Combined TRACON& Tower with Radar,33,69,47,50,199,0,5,63,0,68,33,74,110,50,267,40,46,86,353
05/18/2005,LBB,TX,ASW,CE,Combined TRACON& Tower with Radar,34,71,66,49,220,0,11,60,0,71,34,82,126,49,291,30,0,30,321
05/19/2005,LBB,TX,ASW,CE,Combined TRACON& Tower with Radar,34,77,35,34,180,0,14,94,3,111,34,91,129,37,291,74,12,86,377
05/20/2005,LBB,TX,ASW,CE,Combined TRACON& Tower with Radar,35,67,44,38,184,0,12,79,4,95,35,79,123,42,279,14,16,30,309
05/21/2005,LBB,TX,ASW,CE,Combined TRACON& Tower with Radar,30,44,30,34,138,0,4,54,0,58,30,48,84,34,196,54,22,76,272
05/22/2005,LBB,TX,ASW,CE,Combined TRACON& Tower with Radar,26,42,37,11,116,0,6,43,2,51,26,48,80,13,167,16,0,16,183
05/23/2005,LBB,TX,ASW,CE,Combined TRACON& Tower with Radar,28,55,35,16,134,0,0,0,0,0,28,55,35,16,134,44,0,44,178
05/24/2005,LBB,TX,ASW,CE,Combined TRACON& Tower with Radar,35,63,21,55,174,0,0,0,0,0,35,63,21,55,174,60,0,60,234
05/25/2005,LBB,TX,ASW,CE,Combined TRACON& Tower with Radar,35,73,48,44,200,0,11,41,1,53,35,84,89,45,253,30,0,30,283
05/26/2005,LBB,TX,ASW,CE,Combined TRACON& Tower with Radar,31,73,50,9,163,0,3,21,0,24,31,76,71,9,187,0,0,0,187
05/27/2005,LBB,TX,ASW,CE,Combined TRACON& Tower with Radar,41,83,59,2,185,0,3,42,0,45,41,86,101,2,230,60,0,60,290
05/28/2005,LBB,TX,ASW,CE,Combined TRACON& Tower with Radar,28,31,33,0,92,0,0,14,0,14,28,31,47,0,106,0,0,0,106
05/29/2005,LBB,TX,ASW,CE,Combined TRACON& Tower with Radar,22,35,31,0,88,0,0,23,0,23,22,35,54,0,111,40,0,40,151
05/30/2005,LBB,TX,ASW,CE,Combined TRACON& Tower with Radar,21,34,44,1,100,0,6,48,0,54,21,40,92,1,154,32,0,32,186
05/31/2005,LBB,TX,ASW,CE,Combined TRACON& Tower with Radar,28,63,42,52,185,0,1,41,5,47,28,64,83,57,232,28,36,64,296
06/01/2005,LBB,TX,ASW,CE,Combined TRACON& Tower with Radar,35,85,44,74,238,0,7,54,1,62,35,92,98,75,300,122,16,138,438
06/02/2005,LBB,TX,ASW,CE,Combined TRACON& Tower with Radar,36,74,48,45,203,0,9,92,1,102,36,83,140,46,305,48,78,126,431
06/03/2005,LBB,TX,ASW,CE,Combined TRACON& Tower with Radar,33,66,29,48,176,0,4,87,1,92,33,70,116,49,268,14,38,52,320
06/04/2005,LBB,TX,ASW,CE,Combined TRACON& Tower with Radar,34,43,44,5,126,0,9,86,0,95,34,52,130,5,221,14,0,14,235
06/05/2005,LBB,TX,ASW,CE,Combined TRACON& Tower with Radar,25,38,30,12,105,0,5,46,0,51,25,43,76,12,156,12,0,12,168
06/06/2005,LBB,TX,ASW,CE,Combined TRACON& Tower with Radar,29,54,27,41,151,0,7,41,2,50,29,61,68,43,201,56,8,64,265
06/07/2005,LBB,TX,ASW,CE,Combined TRACON& Tower with Radar,37,66,36,108,247,0,0,0,0,0,37,66,36,108,247,54,68,122,369
06/08/2005,LBB,TX,ASW,CE,Combined TRACON& Tower with Radar,33,63,37,43,176,0,8,43,0,51,33,71,80,43,227,48,4,52,279
06/09/2005,LBB,TX,ASW,CE,Combined TRACON& Tower with Radar,32,70,59,90,251,0,11,45,0,56,32,81,104,90,307,40,16,56,363
06/10/2005,LBB,TX,ASW,CE,Combined TRACON& Tower with Radar,40,79,36,34,189,0,5,21,2,28,40,84,57,36,217,16,0,16,233
06/11/2005,LBB,TX,ASW,CE,Combined TRACON& Tower with Radar,23,39,33,25,120,0,7,40,2,49,23,46,73,27,169,14,16,30,199
06/12/2005,LBB,TX,ASW,CE,Combined TRACON& Tower with Radar,25,46,30,6,107,0,2,21,0,23,25,48,51,6,130,18,0,18,148
06/13/2005,LBB,TX,ASW,CE,Combined TRACON& Tower with Radar,26,61,53,48,188,0,8,52,2,62,26,69,105,50,250,72,12,84,334
06/14/2005,LBB,TX,ASW,CE,Combined TRACON& Tower with Radar,34,73,52,31,190,0,10,74,2,86,34,83,126,33,276,54,0,54,330
06/15/2005,LBB,TX,ASW,CE,Combined TRACON& Tower with Radar,32,64,52,46,194,0,8,50,0,58,32,72,102,46,252,46,76,122,374
06/16/2005,LBB,TX,ASW,CE,Combined TRACON& Tower with Radar,3,90,40,39,172,0,10,47,3,60,3,100,87,42,232,34,32,66,298
06/17/2005,LBB,TX,ASW,CE,Combined TRACON& Tower with Radar,28,66,51,50,195,0,8,72,2,82,28,74,123,52,277,38,70,108,385
06/18/2005,LBB,TX,ASW,CE,Combined TRACON& Tower with Radar,29,46,13,1,89,0,9,74,0,83,29,55,87,1,172,6,0,6,178
06/19/2005,LBB,TX,ASW,CE,Combined TRACON& Tower with Radar,27,35,34,3,99,0,4,48,1,53,27,39,82,4,152,4,0,4,156
06/20/2005,LBB,TX,ASW,CE,Combined TRACON& Tower with Radar,33,63,19,23,138,0,11,56,2,69,33,74,75,25,207,12,54,66,273
06/21/2005,LBB,TX,ASW,CE,Combined TRACON& Tower with Radar,29,65,30,79,203,0,7,44,0,51,29,72,74,79,254,66,66,132,386
06/22/2005,LBB,TX,ASW,CE,Combined TRACON& Tower with Radar,33,72,40,38,183,0,11,61,1,73,33,83,101,39,256,104,52,156,412
06/23/2005,LBB,TX,ASW,CE,Combined TRACON& Tower with Radar,32,94,28,66,220,0,10,87,3,100,32,104,115,69,320,34,64,98,418
06/24/2005,LBB,TX,ASW,CE,Combined TRACON& Tower with Radar,32,66,38,45,181,0,11,57,3,71,32,77,95,48,252,104,28,132,384
06/25/2005,LBB,TX,ASW,CE,Combined TRACON& Tower with Radar,28,39,28,25,120,0,5,57,0,62,28,44,85,25,182,38,40,78,260
06/26/2005,LBB,TX,ASW,CE,Combined TRACON& Tower with Radar,25,41,48,5,119,0,2,74,0,76,25,43,122,5,195,0,0,0,195
06/27/2005,LBB,TX,ASW,CE,Combined TRACON& Tower with Radar,27,50,26,54,157,0,8,72,3,83,27,58,98,57,240,20,74,94,334
06/28/2005,LBB,TX,ASW,CE,Combined TRACON& Tower with Radar,32,66,26,46,170,0,0,0,0,0,32,66,26,46,170,84,42,126,296
06/29/2005,LBB,TX,ASW,CE,Combined TRACON& Tower with Radar,38,72,41,28,179,0,12,46,0,58,38,84,87,28,237,44,18,62,299
06/30/2005,LBB,TX,ASW,CE,Combined TRACON& Tower with Radar,33,66,44,29,172,0,6,57,3,66,33,72,101,32,238,24,54,78,316
07/01/2005,LBB,TX,ASW,CE,Combined TRACON& Tower with Radar,31,67,33,6,137,0,7,65,0,72,31,74,98,6,209,26,0,26,235
07/02/2005,LBB,TX,ASW,CE,Combined TRACON& Tower with Radar,25,45,19,0,89,0,5,47,0,52,25,50,66,0,141,10,0,10,151
07/03/2005,LBB,TX,ASW,CE,Combined TRACON& Tower with Radar,17,29,14,3,63,0,6,42,1,49,17,35,56,4,112,0,0,0,112
07/04/2005,LBB,TX,ASW,CE,Combined TRACON& Tower with Radar,25,30,29,0,84,0,10,81,0,91,25,40,110,0,175,50,0,50,225
07/05/2005,LBB,TX,ASW,CE,Combined TRACON& Tower with Radar,28,62,34,21,145,0,8,47,0,55,28,70,81,21,200,62,44,106,306
07/06/2005,LBB,TX,ASW,CE,Combined TRACON& Tower with Radar,32,73,35,47,187,0,9,37,1,47,32,82,72,48,234,14,8,22,256
07/07/2005,LBB,TX,ASW,CE,Combined TRACON& Tower with Radar,36,62,64,72,234,0,6,55,1,62,36,68,119,73,296,68,20,88,384
07/08/2005,LBB,TX,ASW,CE,Combined TRACON& Tower with Radar,34,80,31,42,187,0,10,56,2,68,34,90,87,44,255,16,26,42,297
07/09/2005,LBB,TX,ASW,CE,Combined TRACON& Tower with Radar,25,43,40,13,121,0,5,71,0,76,25,48,111,13,197,60,0,60,257
07/10/2005,LBB,TX,ASW,CE,Combined TRACON& Tower with Radar,24,27,15,9,75,0,0,0,0,0,24,27,15,9,75,2,2,4,79
07/11/2005,LBB,TX,ASW,CE,Combined TRACON& Tower with Radar,27,58,32,39,156,0,5,60,0,65,27,63,92,39,221,34,36,70,291
07/12/2005,LBB,TX,ASW,CE,Combined TRACON& Tower with Radar,39,74,34,32,179,0,78,43,3,124,39,152,77,35,303,38,14,52,355
07/13/2005,LBB,TX,ASW,CE,Combined TRACON& Tower with Radar,32,82,63,32,209,0,15,70,1,86,32,97,133,33,295,30,28,58,353
07/14/2005,LBB,TX,ASW,CE,Combined TRACON& Tower with Radar,34,67,48,70,219,0,17,61,0,78,34,84,109,70,297,4,66,70,367
07/15/2005,LBB,TX,ASW,CE,Combined TRACON& Tower with Radar,31,68,56,53,208,0,10,69,2,81,31,78,125,55,289,74,125,199,488
07/16/2005,LBB,TX,ASW,CE,Combined TRACON& Tower with Radar,22,40,26,61,149,0,0,0,0,0,22,40,26,61,149,138,40,178,327
07/17/2005,LBB,TX,ASW,CE,Combined TRACON& Tower with Radar,25,47,22,35,129,0,7,45,1,53,25,54,67,36,182,4,8,12,194
07/18/2005,LBB,TX,ASW,CE,Combined TRACON& Tower with Radar,28,52,37,100,217,0,10,54,0,64,28,62,91,100,281,16,94,110,391
07/19/2005,LBB,TX,ASW,CE,Combined TRACON& Tower with Radar,30,76,32,63,201,0,5,66,1,72,30,81,98,64,273,46,32,78,351
07/20/2005,LBB,TX,ASW,CE,Combined TRACON& Tower with Radar,37,77,59,67,240,0,0,0,0,0,37,77,59,67,240,12,32,44,284
07/21/2005,LBB,TX,ASW,CE,Combined TRACON& Tower with Radar,29,73,49,41,192,0,13,72,4,89,29,86,121,45,281,28,104,132,413
07/22/2005,LBB,TX,ASW,CE,Combined TRACON& Tower with Radar,32,83,39,41,195,0,12,65,1,78,32,95,104,42,273,108,54,162,435
07/23/2005,LBB,TX,ASW,CE,Combined TRACON& Tower with Radar,24,40,35,14,113,0,0,51,0,51,24,40,86,14,164,64,0,64,228
07/24/2005,LBB,TX,ASW,CE,Combined TRACON& Tower with Radar,24,38,31,12,105,0,8,50,0,58,24,46,81,12,163,52,0,52,215
07/25/2005,LBB,TX,ASW,CE,Combined TRACON& Tower with Radar,29,38,35,24,126,0,6,30,1,37,29,44,65,25,163,26,18,44,207
07/26/2005,LBB,TX,ASW,CE,Combined TRACON& Tower with Radar,31,69,47,11,158,0,6,52,0,58,31,75,99,11,216,10,14,24,240
07/27/2005,LBB,TX,ASW,CE,Combined TRACON& Tower with Radar,32,72,28,16,148,0,3,20,1,24,32,75,48,17,172,12,0,12,184
07/28/2005,LBB,TX,ASW,CE,Combined TRACON& Tower with Radar,32,79,50,42,203,0,11,61,0,72,32,90,111,42,275,50,130,180,455
07/29/2005,LBB,TX,ASW,CE,Combined TRACON& Tower with Radar,32,71,31,71,205,0,0,0,0,0,32,71,31,71,205,112,154,266,471
07/30/2005,LBB,TX,ASW,CE,Combined TRACON& Tower with Radar,26,37,33,13,109,0,0,0,0,0,26,37,33,13,109,76,6,82,191
07/31/2005,LBB,TX,ASW,CE,Combined TRACON& Tower with Radar,25,41,26,20,112,0,5,51,3,59,25,46,77,23,171,44,0,44,215
08/01/2005,LBB,TX,ASW,CE,Combined TRACON& Tower with Radar,24,50,17,32,123,0,9,50,0,59,24,59,67,32,182,64,20,84,266
08/02/2005,LBB,TX,ASW,CE,Combined TRACON& Tower with Radar,35,82,32,70,219,0,9,72,1,82,35,91,104,71,301,62,62,124,425
08/03/2005,LBB,TX,ASW,CE,Combined TRACON& Tower with Radar,33,76,40,47,196,0,10,59,0,69,33,86,99,47,265,64,78,142,407
08/04/2005,LBB,TX,ASW,CE,Combined TRACON& Tower with Radar,32,70,28,62,192,0,10,40,0,50,32,80,68,62,242,32,68,100,342
08/05/2005,LBB,TX,ASW,CE,Combined TRACON& Tower with Radar,32,66,49,36,183,0,0,0,0,0,32,66,49,36,183,10,8,18,201
08/06/2005,LBB,TX,ASW,CE,Combined TRACON& Tower with Radar,23,46,25,1,95,0,0,0,0,0,23,46,25,1,95,54,0,54,149
08/07/2005,LBB,TX,ASW,CE,Combined TRACON& Tower with Radar,31,33,27,4,95,0,2,36,0,38,31,35,63,4,133,14,0,14,147
08/08/2005,LBB,TX,ASW,CE,Combined TRACON& Tower with Radar,23,59,28,71,181,0,2,48,1,51,23,61,76,72,232,0,38,38,270
08/09/2005,LBB,TX,ASW,CE,Combined TRACON& Tower with Radar,32,76,60,62,230,0,4,35,0,39,32,80,95,62,269,58,90,148,417
08/10/2005,LBB,TX,ASW,CE,Combined TRACON& Tower with Radar,32,79,52,31,194,0,7,52,0,59,32,86,104,31,253,28,44,72,325
08/11/2005,LBB,TX,ASW,CE,Combined TRACON& Tower with Radar,34,72,68,75,249,0,6,42,2,50,34,78,110,77,299,30,32,62,361
08/12/2005,LBB,TX,ASW,CE,Combined TRACON& Tower with Radar,31,71,63,21,186,1,11,68,0,80,32,82,131,21,266,42,16,58,324
08/13/2005,LBB,TX,ASW,CE,Combined TRACON& Tower with Radar,25,36,33,5,99,0,5,47,0,52,25,41,80,5,151,0,0,0,151
08/14/2005,LBB,TX,ASW,CE,Combined TRACON& Tower with Radar,33,31,28,0,92,0,0,8,0,8,33,31,36,0,100,0,0,0,100
08/15/2005,LBB,TX,ASW,CE,Combined TRACON& Tower with Radar,28,45,34,17,124,0,5,1,1,7,28,50,35,18,131,0,0,0,131
08/16/2005,LBB,TX,ASW,CE,Combined TRACON& Tower with Radar,28,67,56,60,211,0,0,0,0,0,28,67,56,60,211,14,74,88,299
08/17/2005,LBB,TX,ASW,CE,Combined TRACON& Tower with Radar,32,75,52,72,231,0,2,41,3,46,32,77,93,75,277,120,62,182,459
08/18/2005,LBB,TX,ASW,CE,Combined TRACON& Tower with Radar,32,65,38,94,229,0,5,51,1,57,32,70,89,95,286,52,116,168,454
08/19/2005,LBB,TX,ASW,CE,Combined TRACON& Tower with Radar,34,67,41,58,200,0,0,0,0,0,34,67,41,58,200,64,38,102,302
08/20/2005,LBB,TX,ASW,CE,Combined TRACON& Tower with Radar,24,36,40,29,129,0,8,68,1,77,24,44,108,30,206,44,20,64,270
08/21/2005,LBB,TX,ASW,CE,Combined TRACON& Tower with Radar,25,39,22,18,104,0,8,33,3,44,25,47,55,21,148,0,6,6,154
08/22/2005,LBB,TX,ASW,CE,Combined TRACON& Tower with Radar,27,46,35,46,154,0,8,34,5,47,27,54,69,51,201,46,52,98,299
08/23/2005,LBB,TX,ASW,CE,Combined TRACON& Tower with Radar,34,67,43,77,221,0,0,0,0,0,34,67,43,77,221,44,100,144,365
08/24/2005,LBB,TX,ASW,CE,Combined TRACON& Tower with Radar,34,67,28,35,164,0,0,0,0,0,34,67,28,35,164,54,14,68,232
08/25/2005,LBB,TX,ASW,CE,Combined TRACON& Tower with Radar,33,77,60,37,207,0,17,72,0,89,33,94,132,37,296,26,36,62,358
08/26/2005,LBB,TX,ASW,CE,Combined TRACON& Tower with Radar,0,0,0,0,0,0,0,0,0,0,0,0,0,0,0,10,116,126,126
08/27/2005,LBB,TX,ASW,CE,Combined TRACON& Tower with Radar,23,44,36,2,105,0,9,60,0,69,23,53,96,2,174,0,22,22,196
08/28/2005,LBB,TX,ASW,CE,Combined TRACON& Tower with Radar,27,31,23,2,83,0,2,41,0,43,27,33,64,2,126,54,0,54,180
08/29/2005,LBB,TX,ASW,CE,Combined TRACON& Tower with Radar,27,49,28,94,198,0,6,46,1,53,27,55,74,95,251,86,150,236,487
08/30/2005,LBB,TX,ASW,CE,Combined TRACON& Tower with Radar,36,54,26,55,171,0,0,0,0,0,36,54,26,55,171,34,62,96,267
08/31/2005,LBB,TX,ASW,CE,Combined TRACON& Tower with Radar,31,69,52,109,261,0,13,69,4,86,31,82,121,113,347,26,222,248,595
09/01/2005,LBB,TX,ASW,CE,Combined TRACON& Tower with Radar,31,67,22,63,183,0,11,52,1,64,31,78,74,64,247,2,14,16,263
09/02/2005,LBB,TX,ASW,CE,Combined TRACON& Tower with Radar,0,0,0,0,0,0,0,0,0,0,0,0,0,0,0,38,60,98,98
09/03/2005,LBB,TX,ASW,CE,Combined TRACON& Tower with Radar,20,37,26,4,87,0,5,72,1,78,20,42,98,5,165,20,0,20,185
09/04/2005,LBB,TX,ASW,CE,Combined TRACON& Tower with Radar,24,31,22,0,77,0,5,53,0,58,24,36,75,0,135,12,0,12,147
09/05/2005,LBB,TX,ASW,CE,Combined TRACON& Tower with Radar,28,36,13,7,84,0,8,47,1,56,28,44,60,8,140,6,0,6,146
09/06/2005,LBB,TX,ASW,CE,Combined TRACON& Tower with Radar,29,48,28,75,180,0,0,0,0,0,29,48,28,75,180,48,50,98,278
09/07/2005,LBB,TX,ASW,CE,Combined TRACON& Tower with Radar,33,67,34,89,223,0,12,69,1,82,33,79,103,90,305,34,88,122,427
09/08/2005,LBB,TX,ASW,CE,Combined TRACON& Tower with Radar,35,67,50,89,241,0,9,52,3,64,35,76,102,92,305,120,82,202,507
09/09/2005,LBB,TX,ASW,CE,Combined TRACON& Tower with Radar,34,60,26,109,229,0,11,56,1,68,34,71,82,110,297,22,144,166,463
09/10/2005,LBB,TX,ASW,CE,Combined TRACON& Tower with Radar,26,44,22,38,130,0,14,98,0,112,26,58,120,38,242,460,28,488,730
09/11/2005,LBB,TX,ASW,CE,Combined TRACON& Tower with Radar,27,42,45,28,142,0,1,35,2,38,27,43,80,30,180,6,14,20,200
09/12/2005,LBB,TX,ASW,CE,Combined TRACON& Tower with Radar,27,52,28,58,165,0,7,33,0,40,27,59,61,58,205,18,102,120,325
09/13/2005,LBB,TX,ASW,CE,Combined TRACON& Tower with Radar,31,74,35,56,196,0,7,51,2,60,31,81,86,58,256,12,92,104,360
09/14/2005,LBB,TX,ASW,CE,Combined TRACON& Tower with Radar,37,70,50,70,227,0,3,47,2,52,37,73,97,72,279,12,50,62,341
09/15/2005,LBB,TX,ASW,CE,Combined TRACON& Tower with Radar,33,67,58,80,238,0,6,35,3,44,33,73,93,83,282,14,70,84,366
09/16/2005,LBB,TX,ASW,CE,Combined TRACON& Tower with Radar,0,0,0,0,0,0,0,0,0,0,0,0,0,0,0,50,64,114,114
09/17/2005,LBB,TX,ASW,CE,Combined TRACON& Tower with Radar,27,41,52,38,158,0,1,41,2,44,27,42,93,40,202,64,0,64,266
09/18/2005,LBB,TX,ASW,CE,Combined TRACON& Tower with Radar,29,43,46,25,143,0,8,65,2,75,29,51,111,27,218,18,0,18,236
09/19/2005,LBB,TX,ASW,CE,Combined TRACON& Tower with Radar,27,51,27,61,166,0,9,48,0,57,27,60,75,61,223,44,4,48,271
09/20/2005,LBB,TX,ASW,CE,Combined TRACON& Tower with Radar,33,73,49,45,200,0,5,53,2,60,33,78,102,47,260,28,18,46,306
09/21/2005,LBB,TX,ASW,CE,Combined TRACON& Tower with Radar,34,67,33,45,179,0,16,50,0,66,34,83,83,45,245,48,60,108,353
09/22/2005,LBB,TX,ASW,CE,Combined TRACON& Tower with Radar,35,66,65,111,277,0,11,79,0,90,35,77,144,111,367,14,156,170,537
09/23/2005,LBB,TX,ASW,CE,Combined TRACON& Tower with Radar,43,58,51,27,179,0,6,84,3,93,43,64,135,30,272,70,32,102,374
09/24/2005,LBB,TX,ASW,CE,Combined TRACON& Tower with Radar,32,41,24,0,97,0,5,37,0,42,32,46,61,0,139,12,0,12,151
09/25/2005,LBB,TX,ASW,CE,Combined TRACON& Tower with Radar,29,27,21,7,84,0,11,45,0,56,29,38,66,7,140,20,0,20,160
09/26/2005,LBB,TX,ASW,CE,Combined TRACON& Tower with Radar,28,49,30,73,180,0,5,46,0,51,28,54,76,73,231,32,130,162,393
09/27/2005,LBB,TX,ASW,CE,Combined TRACON& Tower with Radar,34,71,59,66,230,0,8,57,0,65,34,79,116,66,295,26,134,160,455
09/28/2005,LBB,TX,ASW,CE,Combined TRACON& Tower with Radar,34,65,36,66,201,0,9,53,0,62,34,74,89,66,263,94,70,164,427
09/29/2005,LBB,TX,ASW,CE,Combined TRACON& Tower with Radar,32,76,65,17,190,0,8,46,0,54,32,84,111,17,244,94,4,98,342
09/30/2005,LBB,TX,ASW,CE,Combined TRACON& Tower with Radar,36,64,52,9,161,0,7,54,0,61,36,71,106,9,222,22,4,26,248
10/01/2005,LBB,TX,ASW,CE,Combined TRACON& Tower with Radar,27,52,56,1,136,0,0,0,109,109,27,52,56,110,245,30,0,30,275
10/02/2005,LBB,TX,ASW,CE,Combined TRACON& Tower with Radar,28,38,51,1,118,0,7,61,2,70,28,45,112,3,188,0,0,0,188
10/03/2005,LBB,TX,ASW,CE,Combined TRACON& Tower with Radar,29,47,45,63,184,0,10,64,0,74,29,57,109,63,258,42,100,142,400
10/04/2005,LBB,TX,ASW,CE,Combined TRACON& Tower with Radar,35,70,67,53,225,0,11,47,1,59,35,81,114,54,284,52,38,90,374
10/05/2005,LBB,TX,ASW,CE,Combined TRACON& Tower with Radar,37,70,33,48,188,0,0,33,0,33,37,70,66,48,221,18,24,42,263
10/06/2005,LBB,TX,ASW,CE,Combined TRACON& Tower with Radar,35,80,35,34,184,0,7,14,3,24,35,87,49,37,208,34,38,72,280
10/07/2005,LBB,TX,ASW,CE,Combined TRACON& Tower with Radar,32,86,48,63,229,0,0,0,0,0,32,86,48,63,229,44,114,158,387
10/08/2005,LBB,TX,ASW,CE,Combined TRACON& Tower with Radar,29,50,61,4,144,0,2,118,1,121,29,52,179,5,265,0,48,48,313
10/09/2005,LBB,TX,ASW,CE,Combined TRACON& Tower with Radar,32,34,32,36,134,0,4,26,0,30,32,38,58,36,164,0,0,0,164
10/10/2005,LBB,TX,ASW,CE,Combined TRACON& Tower with Radar,29,56,48,33,166,0,2,14,0,16,29,58,62,33,182,16,16,32,214
10/11/2005,LBB,TX,ASW,CE,Combined TRACON& Tower with Radar,35,66,35,70,206,0,8,43,2,53,35,74,78,72,259,12,74,86,345
10/12/2005,LBB,TX,ASW,CE,Combined TRACON& Tower with Radar,36,78,89,65,268,0,10,71,5,86,36,88,160,70,354,28,58,86,440
10/13/2005,LBB,TX,ASW,CE,Combined TRACON& Tower with Radar,31,77,54,9,171,0,0,0,0,0,31,77,54,9,171,44,0,44,215
10/14/2005,LBB,TX,ASW,CE,Combined TRACON& Tower with Radar,0,0,0,0,0,0,0,0,0,0,0,0,0,0,0,86,68,154,154
10/15/2005,LBB,TX,ASW,CE,Combined TRACON& Tower with Radar,28,52,78,9,167,0,0,34,0,34,28,52,112,9,201,14,0,14,215
10/16/2005,LBB,TX,ASW,CE,Combined TRACON& Tower with Radar,27,37,40,32,136,0,4,51,2,57,27,41,91,34,193,10,0,10,203
10/17/2005,LBB,TX,ASW,CE,Combined TRACON& Tower with Radar,32,47,38,46,163,0,6,37,2,45,32,53,75,48,208,38,46,84,292
10/18/2005,LBB,TX,ASW,CE,Combined TRACON& Tower with Radar,34,63,35,67,199,0,0,0,0,0,34,63,35,67,199,60,44,104,303
10/19/2005,LBB,TX,ASW,CE,Combined TRACON& Tower with Radar,34,63,39,23,159,0,0,0,0,0,34,63,39,23,159,44,18,62,221
10/20/2005,LBB,TX,ASW,CE,Combined TRACON& Tower with Radar,35,69,64,72,240,0,4,52,8,64,35,73,116,80,304,0,0,0,304
10/21/2005,LBB,TX,ASW,CE,Combined TRACON& Tower with Radar,36,69,42,45,192,0,11,82,3,96,36,80,124,48,288,46,6,52,340
10/22/2005,LBB,TX,ASW,CE,Combined TRACON& Tower with Radar,30,52,49,9,140,0,9,55,2,66,30,61,104,11,206,20,8,28,234
10/23/2005,LBB,TX,ASW,CE,Combined TRACON& Tower with Radar,26,38,34,2,100,0,1,23,0,24,26,39,57,2,124,16,0,16,140
10/24/2005,LBB,TX,ASW,CE,Combined TRACON& Tower with Radar,29,51,56,41,177,0,9,42,2,53,29,60,98,43,230,20,84,104,334
10/25/2005,LBB,TX,ASW,CE,Combined TRACON& Tower with Radar,37,73,74,83,267,0,7,54,6,67,37,80,128,89,334,52,26,78,412
10/26/2005,LBB,TX,ASW,CE,Combined TRACON& Tower with Radar,36,69,35,65,205,0,3,44,4,51,36,72,79,69,256,40,60,100,356
10/27/2005,LBB,TX,ASW,CE,Combined TRACON& Tower with Radar,36,67,56,43,202,0,3,46,3,52,36,70,102,46,254,20,80,100,354
10/28/2005,LBB,TX,ASW,CE,Combined TRACON& Tower with Radar,35,83,47,31,196,0,1,33,2,36,35,84,80,33,232,30,0,30,262
10/29/2005,LBB,TX,ASW,CE,Combined TRACON& Tower with Radar,29,44,72,16,161,0,5,16,2,23,29,49,88,18,184,0,0,0,184
10/30/2005,LBB,TX,ASW,CE,Combined TRACON& Tower with Radar,24,42,26,0,92,0,7,39,0,46,24,49,65,0,138,36,0,36,174
10/31/2005,LBB,TX,ASW,CE,Combined TRACON& Tower with Radar,30,46,11,85,172,0,10,29,1,40,30,56,40,86,212,22,38,60,272
11/01/2005,LBB,TX,ASW,CE,Combined TRACON& Tower with Radar,36,60,26,63,185,0,0,0,0,0,36,60,26,63,185,38,102,140,325
11/02/2005,LBB,TX,ASW,CE,Combined TRACON& Tower with Radar,30,72,33,38,173,0,0,0,0,0,30,72,33,38,173,76,24,100,273
11/03/2005,LBB,TX,ASW,CE,Combined TRACON& Tower with Radar,33,80,49,30,192,0,0,0,0,0,33,80,49,30,192,12,0,12,204
11/04/2005,LBB,TX,ASW,CE,Combined TRACON& Tower with Radar,0,0,0,0,0,0,0,0,0,0,0,0,0,0,0,40,30,70,70
11/05/2005,LBB,TX,ASW,CE,Combined TRACON& Tower with Radar,28,45,47,8,128,0,14,65,0,79,28,59,112,8,207,18,0,18,225
11/06/2005,LBB,TX,ASW,CE,Combined TRACON& Tower with Radar,23,35,45,4,107,0,8,87,2,97,23,43,132,6,204,28,0,28,232
11/07/2005,LBB,TX,ASW,CE,Combined TRACON& Tower with Radar,31,49,72,47,199,0,13,72,3,88,31,62,144,50,287,32,98,130,417
11/08/2005,LBB,TX,ASW,CE,Combined TRACON& Tower with Radar,35,68,66,52,221,0,7,56,1,64,35,75,122,53,285,66,6,72,357
11/09/2005,LBB,TX,ASW,CE,Combined TRACON& Tower with Radar,35,62,44,71,212,0,5,41,0,46,35,67,85,71,258,34,48,82,340
11/10/2005,LBB,TX,ASW,CE,Combined TRACON& Tower with Radar,33,69,55,63,220,0,17,74,3,94,33,86,129,66,314,42,78,120,434
11/11/2005,LBB,TX,ASW,CE,Combined TRACON& Tower with Radar,36,63,57,0,156,0,9,49,0,58,36,72,106,0,214,94,0,94,308
11/12/2005,LBB,TX,ASW,CE,Combined TRACON& Tower with Radar,27,45,24,22,118,0,5,36,1,42,27,50,60,23,160,32,10,42,202
11/13/2005,LBB,TX,ASW,CE,Combined TRACON& Tower with Radar,25,35,77,1,138,0,3,54,2,59,25,38,131,3,197,66,0,66,263
11/14/2005,LBB,TX,ASW,CE,Combined TRACON& Tower with Radar,27,46,27,30,130,0,5,37,1,43,27,51,64,31,173,54,4,58,231
11/15/2005,LBB,TX,ASW,CE,Combined TRACON& Tower with Radar,35,77,24,20,156,0,12,13,2,27,35,89,37,22,183,8,0,8,191
11/16/2005,LBB,TX,ASW,CE,Combined TRACON& Tower with Radar,36,68,33,27,164,0,5,60,1,66,36,73,93,28,230,16,14,30,260
11/17/2005,LBB,TX,ASW,CE,Combined TRACON& Tower with Radar,35,67,33,93,228,0,9,52,0,61,35,76,85,93,289,14,86,100,389
11/18/2005,LBB,TX,ASW,CE,Combined TRACON& Tower with Radar,38,60,48,36,182,0,11,91,3,105,38,71,139,39,287,72,0,72,359
11/19/2005,LBB,TX,ASW,CE,Combined TRACON& Tower with Radar,28,48,106,2,184,0,11,75,1,87,28,59,181,3,271,0,0,0,271
11/20/2005,LBB,TX,ASW,CE,Combined TRACON& Tower with Radar,25,32,40,4,101,0,4,63,1,68,25,36,103,5,169,34,0,34,203
11/21/2005,LBB,TX,ASW,CE,Combined TRACON& Tower with Radar,30,46,22,45,143,0,14,58,1,73,30,60,80,46,216,74,56,130,346
11/22/2005,LBB,TX,ASW,CE,Combined TRACON& Tower with Radar,38,71,71,44,224,0,9,86,0,95,38,80,157,44,319,82,50,132,451
11/23/2005,LBB,TX,ASW,CE,Combined TRACON& Tower with Radar,33,87,50,29,199,0,14,76,3,93,33,101,126,32,292,30,56,86,378
11/24/2005,LBB,TX,ASW,CE,Combined TRACON& Tower with Radar,19,31,22,0,72,0,4,48,0,52,19,35,70,0,124,0,0,0,124
11/25/2005,LBB,TX,ASW,CE,Combined TRACON& Tower with Radar,27,52,20,0,99,0,9,56,0,65,27,61,76,0,164,33,0,33,197
11/26/2005,LBB,TX,ASW,CE,Combined TRACON& Tower with Radar,27,38,59,4,128,0,8,46,0,54,27,46,105,4,182,4,0,4,186
11/27/2005,LBB,TX,ASW,CE,Combined TRACON& Tower with Radar,26,31,21,1,79,0,2,15,0,17,26,33,36,1,96,4,0,4,100
11/28/2005,LBB,TX,ASW,CE,Combined TRACON& Tower with Radar,31,46,24,152,253,0,11,50,0,61,31,57,74,152,314,30,142,172,486
11/29/2005,LBB,TX,ASW,CE,Combined TRACON& Tower with Radar,37,78,30,58,203,0,7,45,2,54,37,85,75,60,257,66,20,86,343
11/30/2005,LBB,TX,ASW,CE,Combined TRACON& Tower with Radar,40,66,39,40,185,0,4,61,4,69,40,70,100,44,254,2,42,44,298
12/01/2005,LBB,TX,ASW,CE,Combined TRACON& Tower with Radar,37,76,70,29,212,0,10,73,3,86,37,86,143,32,298,156,24,180,478
12/02/2005,LBB,TX,ASW,CE,Combined TRACON& Tower with Radar,31,66,37,6,140,0,8,46,0,54,31,74,83,6,194,0,0,0,194
12/03/2005,LBB,TX,ASW,CE,Combined TRACON& Tower with Radar,28,42,28,13,111,0,0,0,0,0,28,42,28,13,111,12,12,24,135
12/04/2005,LBB,TX,ASW,CE,Combined TRACON& Tower with Radar,25,34,30,0,89,0,0,0,0,0,25,34,30,0,89,30,0,30,119
12/05/2005,LBB,TX,ASW,CE,Combined TRACON& Tower with Radar,24,50,28,50,152,0,0,0,0,0,24,50,28,50,152,16,40,56,208
12/06/2005,LBB,TX,ASW,CE,Combined TRACON& Tower with Radar,37,74,36,39,186,0,7,50,1,58,37,81,86,40,244,106,70,176,420
12/07/2005,LBB,TX,ASW,CE,Combined TRACON& Tower with Radar,34,62,12,22,130,0,9,9,0,18,34,71,21,22,148,0,20,20,168
12/08/2005,LBB,TX,ASW,CE,Combined TRACON& Tower with Radar,36,69,40,13,158,0,11,33,1,45,36,80,73,14,203,42,0,42,245
12/09/2005,LBB,TX,ASW,CE,Combined TRACON& Tower with Radar,0,0,0,0,0,0,0,0,0,0,0,0,0,0,0,112,8,120,120
12/10/2005,LBB,TX,ASW,CE,Combined TRACON& Tower with Radar,26,38,34,15,113,0,0,0,0,0,26,38,34,15,113,68,0,68,181
12/11/2005,LBB,TX,ASW,CE,Combined TRACON& Tower with Radar,24,36,36,7,103,0,7,43,0,50,24,43,79,7,153,46,0,46,199
12/12/2005,LBB,TX,ASW,CE,Combined TRACON& Tower with Radar,28,44,18,22,112,0,8,42,2,52,28,52,60,24,164,30,18,48,212
12/13/2005,LBB,TX,ASW,CE,Combined TRACON& Tower with Radar,31,74,23,34,162,0,7,45,1,53,31,81,68,35,215,8,26,34,249
12/14/2005,LBB,TX,ASW,CE,Combined TRACON& Tower with Radar,35,59,14,83,191,0,11,58,2,71,35,70,72,85,262,84,110,194,456
12/15/2005,LBB,TX,ASW,CE,Combined TRACON& Tower with Radar,31,77,29,34,171,0,14,48,0,62,31,91,77,34,233,44,58,102,335
12/16/2005,LBB,TX,ASW,CE,Combined TRACON& Tower with Radar,0,0,0,0,0,0,0,0,0,0,0,0,0,0,0,14,38,52,52
12/17/2005,LBB,TX,ASW,CE,Combined TRACON& Tower with Radar,28,55,25,24,132,0,0,0,0,0,28,55,25,24,132,58,0,58,190
12/18/2005,LBB,TX,ASW,CE,Combined TRACON& Tower with Radar,25,46,21,0,92,0,5,6,0,11,25,51,27,0,103,0,0,0,103
12/19/2005,LBB,TX,ASW,CE,Combined TRACON& Tower with Radar,23,35,11,0,69,0,0,0,0,0,23,35,11,0,69,0,0,0,69
12/20/2005,LBB,TX,ASW,CE,Combined TRACON& Tower with Radar,32,50,40,21,143,0,1,12,1,14,32,51,52,22,157,10,24,34,191
12/21/2005,LBB,TX,ASW,CE,Combined TRACON& Tower with Radar,35,70,40,42,187,0,12,63,0,75,35,82,103,42,262,72,40,112,374
12/22/2005,LBB,TX,ASW,CE,Combined TRACON& Tower with Radar,36,76,45,14,171,0,11,88,0,99,36,87,133,14,270,78,26,104,374
12/23/2005,LBB,TX,ASW,CE,Combined TRACON& Tower with Radar,0,0,0,0,0,0,0,0,0,0,0,0,0,0,0,2,0,2,2
12/24/2005,LBB,TX,ASW,CE,Combined TRACON& Tower with Radar,30,40,12,0,82,0,0,0,0,0,30,40,12,0,82,0,0,0,82
12/25/2005,LBB,TX,ASW,CE,Combined TRACON& Tower with Radar,22,29,17,0,68,0,4,27,0,31,22,33,44,0,99,0,0,0,99
12/26/2005,LBB,TX,ASW,CE,Combined TRACON& Tower with Radar,25,39,23,0,87,0,0,0,0,0,25,39,23,0,87,12,0,12,99
12/27/2005,LBB,TX,ASW,CE,Combined TRACON& Tower with Radar,31,53,24,0,108,0,6,16,0,22,31,59,40,0,130,0,0,0,130
12/28/2005,LBB,TX,ASW,CE,Combined TRACON& Tower with Radar,33,67,43,0,143,0,7,56,0,63,33,74,99,0,206,78,0,78,284
12/29/2005,LBB,TX,ASW,CE,Combined TRACON& Tower with Radar,34,60,39,0,133,0,10,77,0,87,34,70,116,0,220,18,0,18,238
12/30/2005,LBB,TX,ASW,CE,Combined TRACON& Tower with Radar,34,73,42,0,149,0,0,0,0,0,34,73,42,0,149,66,0,66,215
12/31/2005,LBB,TX,ASW,CE,Combined TRACON& Tower with Radar,27,41,32,0,100,0,7,42,0,49,27,48,74,0,149,2,0,2,151
01/01/2006,LBB,TX,ASW,CE,Combined TRACON& Tower with Radar,18,27,16,0,61,0,7,10,0,17,18,34,26,0,78,0,0,0,78
01/02/2006,LBB,TX,ASW,CE,Combined TRACON& Tower with Radar,26,36,40,0,102,0,7,52,0,59,26,43,92,0,161,0,0,0,161
01/03/2006,LBB,TX,ASW,CE,Combined TRACON& Tower with Radar,29,46,23,16,114,0,10,44,0,54,29,56,67,16,168,14,24,38,206
01/04/2006,LBB,TX,ASW,CE,Combined TRACON& Tower with Radar,30,60,29,52,171,0,10,44,3,57,30,70,73,55,228,36,24,60,288
01/05/2006,LBB,TX,ASW,CE,Combined TRACON& Tower with Radar,33,66,37,59,195,0,19,42,0,61,33,85,79,59,256,38,66,104,360
01/06/2006,LBB,TX,ASW,CE,Combined TRACON& Tower with Radar,0,0,0,0,0,0,0,0,0,0,0,0,0,0,0,34,56,90,90
01/07/2006,LBB,TX,ASW,CE,Combined TRACON& Tower with Radar,25,38,19,7,89,0,0,0,0,0,25,38,19,7,89,130,0,130,219
01/08/2006,LBB,TX,ASW,CE,Combined TRACON& Tower with Radar,25,39,25,8,97,0,4,29,0,33,25,43,54,8,130,46,0,46,176
01/09/2006,LBB,TX,ASW,CE,Combined TRACON& Tower with Radar,28,48,30,56,162,0,11,24,0,35,28,59,54,56,197,0,80,80,277
01/10/2006,LBB,TX,ASW,CE,Combined TRACON& Tower with Radar,34,63,21,99,217,0,15,29,2,46,34,78,50,101,263,30,86,116,379
01/11/2006,LBB,TX,ASW,CE,Combined TRACON& Tower with Radar,32,54,31,70,187,0,14,59,8,81,32,68,90,78,268,62,88,150,418
01/12/2006,LBB,TX,ASW,CE,Combined TRACON& Tower with Radar,37,61,36,3,137,0,8,33,0,41,37,69,69,3,178,26,0,26,204
01/13/2006,LBB,TX,ASW,CE,Combined TRACON& Tower with Radar,36,57,31,10,134,0,10,69,0,79,36,67,100,10,213,78,2,80,293
01/14/2006,LBB,TX,ASW,CE,Combined TRACON& Tower with Radar,25,37,69,13,144,0,15,67,0,82,25,52,136,13,226,28,0,28,254
01/15/2006,LBB,TX,ASW,CE,Combined TRACON& Tower with Radar,25,32,25,0,82,0,7,25,0,32,25,39,50,0,114,20,0,20,134
01/16/2006,LBB,TX,ASW,CE,Combined TRACON& Tower with Radar,30,48,26,0,104,0,3,25,0,28,30,51,51,0,132,18,0,18,150
01/17/2006,LBB,TX,ASW,CE,Combined TRACON& Tower with Radar,35,53,36,27,151,0,8,37,2,47,35,61,73,29,198,62,0,62,260
01/18/2006,LBB,TX,ASW,CE,Combined TRACON& Tower with Radar,33,63,40,38,174,0,14,42,1,57,33,77,82,39,231,2,60,62,293
01/19/2006,LBB,TX,ASW,CE,Combined TRACON& Tower with Radar,34,63,31,31,159,0,25,66,0,91,34,88,97,31,250,4,0,4,254
01/20/2006,LBB,TX,ASW,CE,Combined TRACON& Tower with Radar,34,71,33,49,187,0,0,0,0,0,34,71,33,49,187,18,16,34,221
01/21/2006,LBB,TX,ASW,CE,Combined TRACON& Tower with Radar,24,48,20,4,96,0,3,75,0,78,24,51,95,4,174,108,0,108,282
01/22/2006,LBB,TX,ASW,CE,Combined TRACON& Tower with Radar,26,27,30,57,140,0,3,48,0,51,26,30,78,57,191,88,20,108,299
01/23/2006,LBB,TX,ASW,CE,Combined TRACON& Tower with Radar,27,38,30,11,106,0,12,36,1,49,27,50,66,12,155,28,18,46,201
01/24/2006,LBB,TX,ASW,CE,Combined TRACON& Tower with Radar,34,58,50,65,207,0,13,58,2,73,34,71,108,67,280,46,82,128,408
01/25/2006,LBB,TX,ASW,CE,Combined TRACON& Tower with Radar,37,53,67,51,208,0,10,57,0,67,37,63,124,51,275,62,8,70,345
01/26/2006,LBB,TX,ASW,CE,Combined TRACON& Tower with Radar,34,62,41,13,150,0,12,46,0,58,34,74,87,13,208,10,0,10,218
01/27/2006,LBB,TX,ASW,CE,Combined TRACON& Tower with Radar,33,55,50,40,178,0,8,19,2,29,33,63,69,42,207,24,0,24,231
01/28/2006,LBB,TX,ASW,CE,Combined TRACON& Tower with Radar,26,38,39,18,121,0,4,30,0,34,26,42,69,18,155,38,0,38,193
01/29/2006,LBB,TX,ASW,CE,Combined TRACON& Tower with Radar,27,36,22,0,85,0,8,45,2,55,27,44,67,2,140,32,6,38,178
01/30/2006,LBB,TX,ASW,CE,Combined TRACON& Tower with Radar,20,44,21,7,92,8,6,70,0,84,28,50,91,7,176,38,0,38,214
01/31/2006,LBB,TX,ASW,CE,Combined TRACON& Tower with Radar,35,67,24,17,143,0,10,55,2,67,35,77,79,19,210,62,0,62,272
02/01/2006,LBB,TX,ASW,CE,Combined TRACON& Tower with Radar,34,64,23,45,166,0,6,38,1,45,34,70,61,46,211,110,72,182,393
02/02/2006,LBB,TX,ASW,CE,Combined TRACON& Tower with Radar,19,42,17,33,111,0,3,28,6,37,19,45,45,39,148,0,0,0,148
02/03/2006,LBB,TX,ASW,CE,Combined TRACON& Tower with Radar,36,78,47,27,188,0,10,61,0,71,36,88,108,27,259,8,22,30,289
02/04/2006,LBB,TX,ASW,CE,Combined TRACON& Tower with Radar,27,35,17,0,79,0,4,104,0,108,27,39,121,0,187,0,0,0,187
02/05/2006,LBB,TX,ASW,CE,Combined TRACON& Tower with Radar,28,36,22,0,86,0,3,24,0,27,28,39,46,0,113,30,0,30,143
02/06/2006,LBB,TX,ASW,CE,Combined TRACON& Tower with Radar,30,46,41,37,154,0,10,38,0,48,30,56,79,37,202,28,20,48,250
02/07/2006,LBB,TX,ASW,CE,Combined TRACON& Tower with Radar,36,57,44,15,152,0,11,62,0,73,36,68,106,15,225,24,0,24,249
02/08/2006,LBB,TX,ASW,CE,Combined TRACON& Tower with Radar,35,59,49,17,160,0,12,73,1,86,35,71,122,18,246,56,58,114,360
02/09/2006,LBB,TX,ASW,CE,Combined TRACON& Tower with Radar,36,66,34,34,170,0,9,50,4,63,36,75,84,38,233,18,72,90,323
02/10/2006,LBB,TX,ASW,CE,Combined TRACON& Tower with Radar,36,63,26,50,175,0,12,23,3,38,36,75,49,53,213,0,46,46,259
02/11/2006,LBB,TX,ASW,CE,Combined TRACON& Tower with Radar,28,36,30,12,106,0,6,41,2,49,28,42,71,14,155,0,0,0,155
02/12/2006,LBB,TX,ASW,CE,Combined TRACON& Tower with Radar,26,30,25,19,100,0,6,57,0,63,26,36,82,19,163,24,2,26,189
02/13/2006,LBB,TX,ASW,CE,Combined TRACON& Tower with Radar,30,47,21,13,111,0,5,38,0,43,30,52,59,13,154,0,28,28,182
02/14/2006,LBB,TX,ASW,CE,Combined TRACON& Tower with Radar,41,68,22,7,138,0,8,47,2,57,41,76,69,9,195,28,4,32,227
02/15/2006,LBB,TX,ASW,CE,Combined TRACON& Tower with Radar,34,71,34,12,151,0,10,71,0,81,34,81,105,12,232,44,6,50,282
02/16/2006,LBB,TX,ASW,CE,Combined TRACON& Tower with Radar,37,63,29,9,138,0,4,37,0,41,37,67,66,9,179,0,0,0,179
02/17/2006,LBB,TX,ASW,CE,Combined TRACON& Tower with Radar,36,59,35,12,142,0,15,28,5,48,36,74,63,17,190,18,30,48,238
02/18/2006,LBB,TX,ASW,CE,Combined TRACON& Tower with Radar,25,37,9,4,75,0,5,21,1,27,25,42,30,5,102,0,0,0,102
02/19/2006,LBB,TX,ASW,CE,Combined TRACON& Tower with Radar,28,22,28,5,83,0,2,18,0,20,28,24,46,5,103,42,0,42,145
02/20/2006,LBB,TX,ASW,CE,Combined TRACON& Tower with Radar,32,34,27,2,95,0,3,45,0,48,32,37,72,2,143,114,0,114,257
02/21/2006,LBB,TX,ASW,CE,Combined TRACON& Tower with Radar,36,60,35,37,168,0,4,39,2,45,36,64,74,39,213,28,10,38,251
02/22/2006,LBB,TX,ASW,CE,Combined TRACON& Tower with Radar,36,60,42,16,154,0,14,50,0,64,36,74,92,16,218,40,0,40,258
02/23/2006,LBB,TX,ASW,CE,Combined TRACON& Tower with Radar,40,63,32,65,200,0,10,52,4,66,40,73,84,69,266,0,0,0,266
02/24/2006,LBB,TX,ASW,CE,Combined TRACON& Tower with Radar,37,82,49,41,209,0,2,29,8,39,37,84,78,49,248,0,0,0,248
02/25/2006,LBB,TX,ASW,CE,Combined TRACON& Tower with Radar,28,41,30,9,108,0,8,6,0,14,28,49,36,9,122,0,0,0,122
02/26/2006,LBB,TX,ASW,CE,Combined TRACON& Tower with Radar,29,32,28,5,94,0,5,67,2,74,29,37,95,7,168,58,0,58,226
02/27/2006,LBB,TX,ASW,CE,Combined TRACON& Tower with Radar,30,41,14,20,105,0,17,67,60,144,30,58,81,80,249,0,0,0,249
02/28/2006,LBB,TX,ASW,CE,Combined TRACON& Tower with Radar,35,68,28,25,156,0,7,57,2,66,35,75,85,27,222,0,0,0,222
03/01/2006,LBB,TX,ASW,CE,Combined TRACON& Tower with Radar,34,57,35,34,160,0,9,62,1,72,34,66,97,35,232,32,24,56,288
03/02/2006,LBB,TX,ASW,CE,Combined TRACON& Tower with Radar,36,62,31,29,158,0,9,38,0,47,36,71,69,29,205,0,62,62,267
03/03/2006,LBB,TX,ASW,CE,Combined TRACON& Tower with Radar,36,63,30,29,158,0,10,31,1,42,36,73,61,30,200,0,0,0,200
03/04/2006,LBB,TX,ASW,CE,Combined TRACON& Tower with Radar,26,47,42,0,115,0,9,37,0,46,26,56,79,0,161,0,0,0,161
03/05/2006,LBB,TX,ASW,CE,Combined TRACON& Tower with Radar,25,40,33,8,106,0,6,69,1,76,25,46,102,9,182,62,0,62,244
03/06/2006,LBB,TX,ASW,CE,Combined TRACON& Tower with Radar,31,47,39,19,136,0,6,62,1,69,31,53,101,20,205,38,14,52,257
03/07/2006,LBB,TX,ASW,CE,Combined TRACON& Tower with Radar,35,59,22,55,171,0,13,39,5,57,35,72,61,60,228,36,80,116,344
03/08/2006,LBB,TX,ASW,CE,Combined TRACON& Tower with Radar,34,66,20,5,125,0,5,18,7,30,34,71,38,12,155,8,0,8,163
03/09/2006,LBB,TX,ASW,CE,Combined TRACON& Tower with Radar,36,57,40,52,185,0,14,47,1,62,36,71,87,53,247,12,92,104,351
03/10/2006,LBB,TX,ASW,CE,Combined TRACON& Tower with Radar,37,58,40,17,152,0,8,42,5,55,37,66,82,22,207,0,0,0,207
03/11/2006,LBB,TX,ASW,CE,Combined TRACON& Tower with Radar,26,36,17,5,84,0,5,41,0,46,26,41,58,5,130,0,0,0,130
03/12/2006,LBB,TX,ASW,CE,Combined TRACON& Tower with Radar,26,27,24,0,77,0,8,21,0,29,26,35,45,0,106,42,0,42,148
03/13/2006,LBB,TX,ASW,CE,Combined TRACON& Tower with Radar,30,36,21,9,96,0,6,57,2,65,30,42,78,11,161,26,16,42,203
03/14/2006,LBB,TX,ASW,CE,Combined TRACON& Tower with Radar,36,53,27,18,134,0,6,90,0,96,36,59,117,18,230,94,0,94,324
03/15/2006,LBB,TX,ASW,CE,Combined TRACON& Tower with Radar,35,59,25,5,124,0,8,28,0,36,35,67,53,5,160,0,0,0,160
03/16/2006,LBB,TX,ASW,CE,Combined TRACON& Tower with Radar,38,60,41,40,179,0,9,61,0,70,38,69,102,40,249,0,0,0,249
03/17/2006,LBB,TX,ASW,CE,Combined TRACON& Tower with Radar,37,56,37,18,148,0,5,23,1,29,37,61,60,19,177,0,0,0,177
03/18/2006,LBB,TX,ASW,CE,Combined TRACON& Tower with Radar,22,38,21,1,82,0,0,0,0,0,22,38,21,1,82,0,0,0,82
03/19/2006,LBB,TX,ASW,CE,Combined TRACON& Tower with Radar,27,26,15,0,68,0,0,6,0,6,27,26,21,0,74,22,0,22,96
03/20/2006,LBB,TX,ASW,CE,Combined TRACON& Tower with Radar,29,33,15,21,98,0,8,23,0,31,29,41,38,21,129,12,48,60,189
03/21/2006,LBB,TX,ASW,CE,Combined TRACON& Tower with Radar,39,60,28,22,149,0,11,81,3,95,39,71,109,25,244,112,10,122,366
03/22/2006,LBB,TX,ASW,CE,Combined TRACON& Tower with Radar,38,55,33,7,133,0,3,6,0,9,38,58,39,7,142,0,0,0,142
03/23/2006,LBB,TX,ASW,CE,Combined TRACON& Tower with Radar,38,51,41,8,138,0,5,27,0,32,38,56,68,8,170,0,0,0,170
03/24/2006,LBB,TX,ASW,CE,Combined TRACON& Tower with Radar,14,25,13,1,53,0,4,13,0,17,14,29,26,1,70,110,20,130,200
03/25/2006,LBB,TX,ASW,CE,Combined TRACON& Tower with Radar,26,35,24,3,88,0,10,95,54,159,26,45,119,57,247,108,0,108,355
03/26/2006,LBB,TX,ASW,CE,Combined TRACON& Tower with Radar,29,30,29,0,88,0,10,63,1,74,29,40,92,1,162,84,0,84,246
03/27/2006,LBB,TX,ASW,CE,Combined TRACON& Tower with Radar,33,44,22,40,139,0,8,57,2,67,33,52,79,42,206,56,30,86,292
03/28/2006,LBB,TX,ASW,CE,Combined TRACON& Tower with Radar,37,47,42,42,168,0,7,62,10,79,37,54,104,52,247,138,48,186,433
03/29/2006,LBB,TX,ASW,CE,Combined TRACON& Tower with Radar,34,57,51,14,156,0,3,37,0,40,34,60,88,14,196,0,0,0,196
03/30/2006,LBB,TX,ASW,CE,Combined TRACON& Tower with Radar,36,61,36,8,141,0,11,15,5,31,36,72,51,13,172,32,6,38,210
03/31/2006,LBB,TX,ASW,CE,Combined TRACON& Tower with Radar,36,59,32,26,153,0,11,88,5,104,36,70,120,31,257,208,44,252,509
04/01/2006,LBB,TX,ASW,CE,Combined TRACON& Tower with Radar,25,36,28,3,92,0,7,37,0,44,25,43,65,3,136,0,0,0,136
04/02/2006,LBB,TX,ASW,CE,Combined TRACON& Tower with Radar,26,36,40,7,109,0,5,58,0,63,26,41,98,7,172,84,0,84,256
04/03/2006,LBB,TX,ASW,CE,Combined TRACON& Tower with Radar,32,46,24,11,113,0,11,66,0,77,32,57,90,11,190,114,2,116,306
04/04/2006,LBB,TX,ASW,CE,Combined TRACON& Tower with Radar,39,57,30,23,149,0,8,33,1,42,39,65,63,24,191,70,0,70,261
04/05/2006,LBB,TX,ASW,CE,Combined TRACON& Tower with Radar,36,66,39,29,170,0,11,30,0,41,36,77,69,29,211,80,46,126,337
04/06/2006,LBB,TX,ASW,CE,Combined TRACON& Tower with Radar,37,61,28,6,132,0,3,12,0,15,37,64,40,6,147,0,0,0,147
04/07/2006,LBB,TX,ASW,CE,Combined TRACON& Tower with Radar,40,54,31,9,134,0,8,39,2,49,40,62,70,11,183,0,0,0,183
04/08/2006,LBB,TX,ASW,CE,Combined TRACON& Tower with Radar,33,37,31,2,103,0,6,87,1,94,33,43,118,3,197,86,0,86,283
04/09/2006,LBB,TX,ASW,CE,Combined TRACON& Tower with Radar,28,29,23,3,83,0,8,61,0,69,28,37,84,3,152,64,0,64,216
04/10/2006,LBB,TX,ASW,CE,Combined TRACON& Tower with Radar,31,39,22,4,96,0,9,40,0,49,31,48,62,4,145,34,0,34,179
04/11/2006,LBB,TX,ASW,CE,Combined TRACON& Tower with Radar,38,52,27,2,119,0,9,59,0,68,38,61,86,2,187,0,0,0,187
04/12/2006,LBB,TX,ASW,CE,Combined TRACON& Tower with Radar,38,56,28,32,154,0,12,58,4,74,38,68,86,36,228,84,78,162,390
04/13/2006,LBB,TX,ASW,CE,Combined TRACON& Tower with Radar,39,56,49,29,173,0,18,62,3,83,39,74,111,32,256,112,42,154,410
04/14/2006,LBB,TX,ASW,CE,Combined TRACON& Tower with Radar,40,61,30,5,136,0,12,69,0,81,40,73,99,5,217,0,0,0,217
04/15/2006,LBB,TX,ASW,CE,Combined TRACON& Tower with Radar,32,36,13,1,82,0,9,25,1,35,32,45,38,2,117,0,0,0,117
04/16/2006,LBB,TX,ASW,CE,Combined TRACON& Tower with Radar,28,29,23,1,81,0,7,49,1,57,28,36,72,2,138,0,0,0,138
04/17/2006,LBB,TX,ASW,CE,Combined TRACON& Tower with Radar,33,46,26,33,138,0,9,62,2,73,33,55,88,35,211,100,34,134,345
04/18/2006,LBB,TX,ASW,CE,Combined TRACON& Tower with Radar,37,57,21,15,130,0,7,52,3,62,37,64,73,18,192,130,24,154,346
04/19/2006,LBB,TX,ASW,CE,Combined TRACON& Tower with Radar,37,57,43,19,156,0,10,80,1,91,37,67,123,20,247,108,28,136,383
04/20/2006,LBB,TX,ASW,CE,Combined TRACON& Tower with Radar,37,61,34,4,136,0,4,28,0,32,37,65,62,4,168,34,0,34,202
04/21/2006,LBB,TX,ASW,CE,Combined TRACON& Tower with Radar,39,57,48,21,165,0,4,100,1,105,39,61,148,22,270,0,0,0,270
04/22/2006,LBB,TX,ASW,CE,Combined TRACON& Tower with Radar,33,30,26,2,91,0,5,62,0,67,33,35,88,2,158,202,42,244,402
04/23/2006,LBB,TX,ASW,CE,Combined TRACON& Tower with Radar,28,40,27,0,95,0,2,92,0,94,28,42,119,0,189,96,0,96,285
04/24/2006,LBB,TX,ASW,CE,Combined TRACON& Tower with Radar,29,44,22,20,115,0,10,43,2,55,29,54,65,22,170,0,0,0,170
04/25/2006,LBB,TX,ASW,CE,Combined TRACON& Tower with Radar,38,69,38,35,180,0,6,53,5,64,38,75,91,40,244,60,16,76,320
04/26/2006,LBB,TX,ASW,CE,Combined TRACON& Tower with Radar,38,59,45,19,161,0,5,80,4,89,38,64,125,23,250,0,0,0,250
04/27/2006,LBB,TX,ASW,CE,Combined TRACON& Tower with Radar,37,65,31,3,136,0,10,48,0,58,37,75,79,3,194,90,0,90,284
04/28/2006,LBB,TX,ASW,CE,Combined TRACON& Tower with Radar,36,67,23,40,166,0,7,23,1,31,36,74,46,41,197,0,0,0,197
04/29/2006,LBB,TX,ASW,CE,Combined TRACON& Tower with Radar,4,2,1,0,7,0,1,1,0,2,4,3,2,0,9,0,0,0,9
04/30/2006,LBB,TX,ASW,CE,Combined TRACON& Tower with Radar,28,30,34,0,92,0,4,76,0,80,28,34,110,0,172,70,0,70,242
05/01/2006,LBB,TX,ASW,CE,Combined TRACON& Tower with Radar,31,37,22,11,101,0,9,70,4,83,31,46,92,15,184,96,16,112,296
05/02/2006,LBB,TX,ASW,CE,Combined TRACON& Tower with Radar,36,52,35,14,137,0,7,42,1,50,36,59,77,15,187,0,0,0,187
05/03/2006,LBB,TX,ASW,CE,Combined TRACON& Tower with Radar,37,56,36,39,168,0,8,42,3,53,37,64,78,42,221,114,16,130,351
05/04/2006,LBB,TX,ASW,CE,Combined TRACON& Tower with Radar,39,65,49,18,171,0,5,41,0,46,39,70,90,18,217,78,0,78,295
05/05/2006,LBB,TX,ASW,CE,Combined TRACON& Tower with Radar,46,61,42,1,150,0,0,3,0,3,46,61,45,1,153,0,0,0,153
05/06/2006,LBB,TX,ASW,CE,Combined TRACON& Tower with Radar,35,32,26,8,101,0,3,11,0,14,35,35,37,8,115,0,0,0,115
05/07/2006,LBB,TX,ASW,CE,Combined TRACON& Tower with Radar,29,35,33,9,106,0,4,23,1,28,29,39,56,10,134,48,0,48,182
05/08/2006,LBB,TX,ASW,CE,Combined TRACON& Tower with Radar,35,50,46,21,152,2,11,67,2,82,37,61,113,23,234,48,10,58,292
05/09/2006,LBB,TX,ASW,CE,Combined TRACON& Tower with Radar,40,56,46,70,212,0,5,56,8,69,40,61,102,78,281,50,42,92,373
05/10/2006,LBB,TX,ASW,CE,Combined TRACON& Tower with Radar,37,62,40,17,156,0,3,39,3,45,37,65,79,20,201,8,18,26,227
05/11/2006,LBB,TX,ASW,CE,Combined TRACON& Tower with Radar,37,67,45,20,169,0,8,45,9,62,37,75,90,29,231,18,56,74,305
05/12/2006,LBB,TX,ASW,CE,Combined TRACON& Tower with Radar,37,63,30,13,143,0,7,69,3,79,37,70,99,16,222,76,34,110,332
05/13/2006,LBB,TX,ASW,CE,Combined TRACON& Tower with Radar,33,38,24,9,104,0,5,63,1,69,33,43,87,10,173,62,0,62,235
05/14/2006,LBB,TX,ASW,CE,Combined TRACON& Tower with Radar,28,26,21,2,77,0,6,52,0,58,28,32,73,2,135,62,0,62,197
05/15/2006,LBB,TX,ASW,CE,Combined TRACON& Tower with Radar,33,40,26,43,142,0,10,54,0,64,33,50,80,43,206,50,54,104,310
05/16/2006,LBB,TX,ASW,CE,Combined TRACON& Tower with Radar,38,51,36,21,146,0,9,64,4,77,38,60,100,25,223,0,0,0,223
05/17/2006,LBB,TX,ASW,CE,Combined TRACON& Tower with Radar,37,56,29,30,152,0,7,41,1,49,37,63,70,31,201,46,50,96,297
05/18/2006,LBB,TX,ASW,CE,Combined TRACON& Tower with Radar,37,61,26,10,134,0,5,47,0,52,37,66,73,10,186,0,0,0,186
05/19/2006,LBB,TX,ASW,CE,Combined TRACON& Tower with Radar,39,54,27,33,153,0,7,80,5,92,39,61,107,38,245,70,70,140,385
05/20/2006,LBB,TX,ASW,CE,Combined TRACON& Tower with Radar,32,35,27,3,97,0,6,101,0,107,32,41,128,3,204,34,0,34,238
05/21/2006,LBB,TX,ASW,CE,Combined TRACON& Tower with Radar,32,37,30,16,115,0,2,67,0,69,32,39,97,16,184,92,4,96,280
05/22/2006,LBB,TX,ASW,CE,Combined TRACON& Tower with Radar,30,40,29,9,108,0,4,48,3,55,30,44,77,12,163,0,18,18,181
05/23/2006,LBB,TX,ASW,CE,Combined TRACON& Tower with Radar,38,56,16,22,132,0,6,69,0,75,38,62,85,22,207,0,0,0,207
05/24/2006,LBB,TX,ASW,CE,Combined TRACON& Tower with Radar,40,58,30,39,167,0,6,85,0,91,40,64,115,39,258,60,76,136,394
05/25/2006,LBB,TX,ASW,CE,Combined TRACON& Tower with Radar,38,62,25,25,150,0,11,75,14,100,38,73,100,39,250,92,82,174,424
05/26/2006,LBB,TX,ASW,CE,Combined TRACON& Tower with Radar,38,66,30,5,139,0,13,56,0,69,38,79,86,5,208,22,6,28,236
05/27/2006,LBB,TX,ASW,CE,Combined TRACON& Tower with Radar,33,31,17,0,81,0,0,42,0,42,33,31,59,0,123,52,0,52,175
05/28/2006,LBB,TX,ASW,CE,Combined TRACON& Tower with Radar,26,28,12,0,66,0,2,31,0,33,26,30,43,0,99,20,0,20,119
05/29/2006,LBB,TX,ASW,CE,Combined TRACON& Tower with Radar,25,30,22,0,77,0,1,53,0,54,25,31,75,0,131,38,0,38,169
05/30/2006,LBB,TX,ASW,CE,Combined TRACON& Tower with Radar,31,45,29,48,153,0,6,34,1,41,31,51,63,49,194,0,0,0,194
05/31/2006,LBB,TX,ASW,CE,Combined TRACON& Tower with Radar,40,61,30,29,160,0,7,56,2,65,40,68,86,31,225,0,0,0,225
06/01/2006,LBB,TX,ASW,CE,Combined TRACON& Tower with Radar,38,67,29,45,179,0,4,35,0,39,38,71,64,45,218,150,54,204,422
06/02/2006,LBB,TX,ASW,CE,Combined TRACON& Tower with Radar,38,55,36,20,149,0,7,66,0,73,38,62,102,20,222,144,32,176,398
06/03/2006,LBB,TX,ASW,CE,Combined TRACON& Tower with Radar,34,33,17,21,105,0,9,94,0,103,34,42,111,21,208,114,0,114,322
06/04/2006,LBB,TX,ASW,CE,Combined TRACON& Tower with Radar,30,26,23,6,85,0,5,52,5,62,30,31,75,11,147,58,0,58,205
06/05/2006,LBB,TX,ASW,CE,Combined TRACON& Tower with Radar,33,41,19,36,129,0,9,52,2,63,33,50,71,38,192,58,52,110,302
06/06/2006,LBB,TX,ASW,CE,Combined TRACON& Tower with Radar,38,54,35,19,146,0,10,53,0,63,38,64,88,19,209,134,16,150,359
06/07/2006,LBB,TX,ASW,CE,Combined TRACON& Tower with Radar,38,55,38,40,171,0,14,66,2,82,38,69,104,42,253,48,20,68,321
06/08/2006,LBB,TX,ASW,CE,Combined TRACON& Tower with Radar,37,59,20,31,147,0,6,76,2,84,37,65,96,33,231,0,0,0,231
06/09/2006,LBB,TX,ASW,CE,Combined TRACON& Tower with Radar,41,53,42,9,145,0,11,62,0,73,41,64,104,9,218,40,0,40,258
06/10/2006,LBB,TX,ASW,CE,Combined TRACON& Tower with Radar,35,34,31,0,100,0,5,98,0,103,35,39,129,0,203,110,2,112,315
06/11/2006,LBB,TX,ASW,CE,Combined TRACON& Tower with Radar,28,27,25,1,81,0,2,34,0,36,28,29,59,1,117,4,0,4,121
06/12/2006,LBB,TX,ASW,CE,Combined TRACON& Tower with Radar,32,40,26,53,151,0,10,51,2,63,32,50,77,55,214,10,64,74,288
06/13/2006,LBB,TX,ASW,CE,Combined TRACON& Tower with Radar,38,54,30,54,176,0,12,73,1,86,38,66,103,55,262,0,0,0,262
06/14/2006,LBB,TX,ASW,CE,Combined TRACON& Tower with Radar,39,62,48,24,173,0,7,63,0,70,39,69,111,24,243,34,0,34,277
06/15/2006,LBB,TX,ASW,CE,Combined TRACON& Tower with Radar,38,54,35,50,177,0,14,48,1,63,38,68,83,51,240,40,66,106,346
06/16/2006,LBB,TX,ASW,CE,Combined TRACON& Tower with Radar,37,68,31,47,183,0,5,48,6,59,37,73,79,53,242,0,70,70,312
06/17/2006,LBB,TX,ASW,CE,Combined TRACON& Tower with Radar,33,36,21,25,115,0,10,67,3,80,33,46,88,28,195,34,14,48,243
06/18/2006,LBB,TX,ASW,CE,Combined TRACON& Tower with Radar,32,25,33,19,109,0,6,62,3,71,32,31,95,22,180,28,6,34,214
06/19/2006,LBB,TX,ASW,CE,Combined TRACON& Tower with Radar,33,39,34,31,137,0,10,44,3,57,33,49,78,34,194,20,68,88,282
06/20/2006,LBB,TX,ASW,CE,Combined TRACON& Tower with Radar,37,60,28,68,193,0,11,39,6,56,37,71,67,74,249,40,136,176,425
06/21/2006,LBB,TX,ASW,CE,Combined TRACON& Tower with Radar,35,53,18,62,168,0,8,41,4,53,35,61,59,66,221,52,116,168,389
06/22/2006,LBB,TX,ASW,CE,Combined TRACON& Tower with Radar,39,55,30,32,156,1,8,56,1,66,40,63,86,33,222,26,26,52,274
06/23/2006,LBB,TX,ASW,CE,Combined TRACON& Tower with Radar,42,57,30,17,146,0,3,65,0,68,42,60,95,17,214,30,8,38,252
06/24/2006,LBB,TX,ASW,CE,Combined TRACON& Tower with Radar,29,41,30,22,122,0,9,48,8,65,29,50,78,30,187,12,42,54,241
06/25/2006,LBB,TX,ASW,CE,Combined TRACON& Tower with Radar,31,26,30,8,95,0,5,57,1,63,31,31,87,9,158,36,0,36,194
06/26/2006,LBB,TX,ASW,CE,Combined TRACON& Tower with Radar,30,46,16,37,129,0,11,44,0,55,30,57,60,37,184,34,38,72,256
06/27/2006,LBB,TX,ASW,CE,Combined TRACON& Tower with Radar,37,61,26,58,182,0,9,69,2,80,37,70,95,60,262,102,62,164,426
06/28/2006,LBB,TX,ASW,CE,Combined TRACON& Tower with Radar,37,59,41,49,186,0,9,50,1,60,37,68,91,50,246,48,44,92,338
06/29/2006,LBB,TX,ASW,CE,Combined TRACON& Tower with Radar,41,70,32,55,198,0,8,56,2,66,41,78,88,57,264,28,104,132,396
06/30/2006,LBB,TX,ASW,CE,Combined TRACON& Tower with Radar,39,62,35,41,177,0,11,73,4,88,39,73,108,45,265,36,36,72,337
07/01/2006,LBB,TX,ASW,CE,Combined TRACON& Tower with Radar,27,33,25,3,88,0,2,72,0,74,27,35,97,3,162,78,48,126,288
07/02/2006,LBB,TX,ASW,CE,Combined TRACON& Tower with Radar,32,27,11,4,74,0,8,63,1,72,32,35,74,5,146,158,2,160,306
07/03/2006,LBB,TX,ASW,CE,Combined TRACON& Tower with Radar,25,35,8,2,70,0,8,61,0,69,25,43,69,2,139,74,0,74,213
07/04/2006,LBB,TX,ASW,CE,Combined TRACON& Tower with Radar,31,33,13,0,77,0,4,42,0,46,31,37,55,0,123,48,0,48,171
07/05/2006,LBB,TX,ASW,CE,Combined TRACON& Tower with Radar,37,52,31,9,129,0,3,16,1,20,37,55,47,10,149,0,20,20,169
07/06/2006,LBB,TX,ASW,CE,Combined TRACON& Tower with Radar,38,63,46,38,185,0,6,45,2,53,38,69,91,40,238,74,96,170,408
07/07/2006,LBB,TX,ASW,CE,Combined TRACON& Tower with Radar,39,54,33,42,168,0,8,51,7,66,39,62,84,49,234,22,70,92,326
07/08/2006,LBB,TX,ASW,CE,Combined TRACON& Tower with Radar,30,36,42,4,112,0,9,74,3,86,30,45,116,7,198,88,8,96,294
07/09/2006,LBB,TX,ASW,CE,Combined TRACON& Tower with Radar,29,31,32,30,122,0,4,57,0,61,29,35,89,30,183,82,10,92,275
07/10/2006,LBB,TX,ASW,CE,Combined TRACON& Tower with Radar,32,38,20,41,131,0,8,45,4,57,32,46,65,45,188,12,22,34,222
07/11/2006,LBB,TX,ASW,CE,Combined TRACON& Tower with Radar,36,57,44,24,161,0,7,39,1,47,36,64,83,25,208,20,10,30,238
07/12/2006,LBB,TX,ASW,CE,Combined TRACON& Tower with Radar,41,59,28,13,141,0,12,41,5,58,41,71,69,18,199,32,0,32,231
07/13/2006,LBB,TX,ASW,CE,Combined TRACON& Tower with Radar,38,58,22,27,145,0,11,54,2,67,38,69,76,29,212,52,46,98,310
07/14/2006,LBB,TX,ASW,CE,Combined TRACON& Tower with Radar,39,55,51,3,148,0,4,82,0,86,39,59,133,3,234,36,0,36,270
07/15/2006,LBB,TX,ASW,CE,Combined TRACON& Tower with Radar,30,33,52,1,116,0,2,116,2,120,30,35,168,3,236,94,0,94,330
07/16/2006,LBB,TX,ASW,CE,Combined TRACON& Tower with Radar,29,31,36,0,96,0,2,63,0,65,29,33,99,0,161,52,0,52,213
07/17/2006,LBB,TX,ASW,CE,Combined TRACON& Tower with Radar,32,48,33,50,163,0,9,68,0,77,32,57,101,50,240,8,90,98,338
07/18/2006,LBB,TX,ASW,CE,Combined TRACON& Tower with Radar,38,55,28,50,171,0,9,47,2,58,38,64,75,52,229,34,126,160,389
07/19/2006,LBB,TX,ASW,CE,Combined TRACON& Tower with Radar,39,59,27,15,140,0,10,49,4,63,39,69,76,19,203,34,20,54,257
07/20/2006,LBB,TX,ASW,CE,Combined TRACON& Tower with Radar,41,56,40,36,173,0,8,42,0,50,41,64,82,36,223,58,92,150,373
07/21/2006,LBB,TX,ASW,CE,Combined TRACON& Tower with Radar,37,60,33,21,151,0,10,84,4,98,37,70,117,25,249,0,0,0,249
07/22/2006,LBB,TX,ASW,CE,Combined TRACON& Tower with Radar,26,37,18,0,81,0,2,75,0,77,26,39,93,0,158,190,60,250,408
07/23/2006,LBB,TX,ASW,CE,Combined TRACON& Tower with Radar,30,28,32,8,98,0,4,45,0,49,30,32,77,8,147,44,0,44,191
07/24/2006,LBB,TX,ASW,CE,Combined TRACON& Tower with Radar,36,40,33,33,142,0,14,76,3,93,36,54,109,36,235,58,58,116,351
07/25/2006,LBB,TX,ASW,CE,Combined TRACON& Tower with Radar,38,60,47,35,180,0,9,58,3,70,38,69,105,38,250,10,0,10,260
07/26/2006,LBB,TX,ASW,CE,Combined TRACON& Tower with Radar,38,56,44,17,155,0,10,57,0,67,38,66,101,17,222,82,0,82,304
07/27/2006,LBB,TX,ASW,CE,Combined TRACON& Tower with Radar,37,60,44,35,176,0,6,44,1,51,37,66,88,36,227,52,42,94,321
07/28/2006,LBB,TX,ASW,CE,Combined TRACON& Tower with Radar,40,68,37,30,175,0,6,37,8,51,40,74,74,38,226,68,30,98,324
07/29/2006,LBB,TX,ASW,CE,Combined TRACON& Tower with Radar,30,41,39,7,117,0,2,103,0,105,30,43,142,7,222,104,4,108,330
07/30/2006,LBB,TX,ASW,CE,Combined TRACON& Tower with Radar,29,28,28,6,91,0,4,38,0,42,29,32,66,6,133,40,0,40,173
07/31/2006,LBB,TX,ASW,CE,Combined TRACON& Tower with Radar,30,47,38,19,134,0,9,42,6,57,30,56,80,25,191,0,0,0,191
08/01/2006,LBB,TX,ASW,CE,Combined TRACON& Tower with Radar,34,57,47,27,165,0,8,55,5,68,34,65,102,32,233,66,18,84,317
08/02/2006,LBB,TX,ASW,CE,Combined TRACON& Tower with Radar,40,55,32,8,135,0,8,40,0,48,40,63,72,8,183,74,0,74,257
08/03/2006,LBB,TX,ASW,CE,Combined TRACON& Tower with Radar,38,62,29,20,149,0,9,50,1,60,38,71,79,21,209,74,6,80,289
08/04/2006,LBB,TX,ASW,CE,Combined TRACON& Tower with Radar,41,64,37,5,147,0,6,50,0,56,41,70,87,5,203,38,0,38,241
08/05/2006,LBB,TX,ASW,CE,Combined TRACON& Tower with Radar,28,36,24,9,97,0,4,76,1,81,28,40,100,10,178,14,0,14,192
08/06/2006,LBB,TX,ASW,CE,Combined TRACON& Tower with Radar,29,25,33,13,100,0,12,71,2,85,29,37,104,15,185,30,0,30,215
08/07/2006,LBB,TX,ASW,CE,Combined TRACON& Tower with Radar,32,41,19,10,102,0,10,54,1,65,32,51,73,11,167,28,0,28,195
08/08/2006,LBB,TX,ASW,CE,Combined TRACON& Tower with Radar,39,56,34,20,149,0,11,75,3,89,39,67,109,23,238,112,6,118,356
08/09/2006,LBB,TX,ASW,CE,Combined TRACON& Tower with Radar,39,63,38,6,146,0,12,63,2,77,39,75,101,8,223,26,6,32,255
08/10/2006,LBB,TX,ASW,CE,Combined TRACON& Tower with Radar,38,61,38,3,140,0,7,65,0,72,38,68,103,3,212,0,0,0,212
08/11/2006,LBB,TX,ASW,CE,Combined TRACON& Tower with Radar,38,63,46,12,159,0,6,40,0,46,38,69,86,12,205,22,46,68,273
08/12/2006,LBB,TX,ASW,CE,Combined TRACON& Tower with Radar,31,38,37,12,118,0,3,67,2,72,31,41,104,14,190,0,0,0,190
08/13/2006,LBB,TX,ASW,CE,Combined TRACON& Tower with Radar,29,27,30,0,86,0,7,31,0,38,29,34,61,0,124,14,0,14,138
08/14/2006,LBB,TX,ASW,CE,Combined TRACON& Tower with Radar,31,40,29,13,113,0,3,24,1,28,31,43,53,14,141,74,16,90,231
08/15/2006,LBB,TX,ASW,CE,Combined TRACON& Tower with Radar,39,59,39,10,147,0,3,47,0,50,39,62,86,10,197,56,0,56,253
08/16/2006,LBB,TX,ASW,CE,Combined TRACON& Tower with Radar,41,65,28,2,136,0,2,35,0,37,41,67,63,2,173,6,0,6,179
08/17/2006,LBB,TX,ASW,CE,Combined TRACON& Tower with Radar,35,58,68,28,189,0,8,68,0,76,35,66,136,28,265,106,52,158,423
08/18/2006,LBB,TX,ASW,CE,Combined TRACON& Tower with Radar,38,66,34,11,149,0,13,75,1,89,38,79,109,12,238,22,0,22,260
08/19/2006,LBB,TX,ASW,CE,Combined TRACON& Tower with Radar,28,38,24,1,91,0,6,59,0,65,28,44,83,1,156,64,0,64,220
08/20/2006,LBB,TX,ASW,CE,Combined TRACON& Tower with Radar,28,35,31,6,100,0,4,47,0,51,28,39,78,6,151,42,2,44,195
08/21/2006,LBB,TX,ASW,CE,Combined TRACON& Tower with Radar,32,38,17,2,89,0,4,27,10,41,32,42,44,12,130,60,38,98,228
08/22/2006,LBB,TX,ASW,CE,Combined TRACON& Tower with Radar,40,57,36,31,164,0,6,57,6,69,40,63,93,37,233,140,20,160,393
08/23/2006,LBB,TX,ASW,CE,Combined TRACON& Tower with Radar,38,56,30,32,156,0,5,87,1,93,38,61,117,33,249,58,26,84,333
08/24/2006,LBB,TX,ASW,CE,Combined TRACON& Tower with Radar,40,69,29,30,168,0,9,77,0,86,40,78,106,30,254,70,32,102,356
08/25/2006,LBB,TX,ASW,CE,Combined TRACON& Tower with Radar,36,57,37,13,143,0,8,53,2,63,36,65,90,15,206,34,0,34,240
08/26/2006,LBB,TX,ASW,CE,Combined TRACON& Tower with Radar,26,44,22,3,95,0,7,80,1,88,26,51,102,4,183,106,0,106,289
08/27/2006,LBB,TX,ASW,CE,Combined TRACON& Tower with Radar,28,32,35,3,98,0,2,29,0,31,28,34,64,3,129,0,0,0,129
08/28/2006,LBB,TX,ASW,CE,Combined TRACON& Tower with Radar,32,39,30,23,124,0,4,48,0,52,32,43,78,23,176,52,6,58,234
08/29/2006,LBB,TX,ASW,CE,Combined TRACON& Tower with Radar,36,58,43,29,166,0,8,90,1,99,36,66,133,30,265,86,32,118,383
08/30/2006,LBB,TX,ASW,CE,Combined TRACON& Tower with Radar,39,62,37,36,174,0,11,71,8,90,39,73,108,44,264,66,8,74,338
08/31/2006,LBB,TX,ASW,CE,Combined TRACON& Tower with Radar,19,34,25,15,93,0,3,33,3,39,19,37,58,18,132,8,24,32,164
09/01/2006,LBB,TX,ASW,CE,Combined TRACON& Tower with Radar,0,0,0,0,0,0,0,0,0,0,0,0,0,0,0,10,12,22,22
09/02/2006,LBB,TX,ASW,CE,Combined TRACON& Tower with Radar,29,32,38,0,99,0,4,2,0,6,29,36,40,0,105,0,0,0,105
09/03/2006,LBB,TX,ASW,CE,Combined TRACON& Tower with Radar,25,29,21,0,75,0,0,0,0,0,25,29,21,0,75,0,0,0,75
09/04/2006,LBB,TX,ASW,CE,Combined TRACON& Tower with Radar,27,32,29,0,88,0,0,5,0,5,27,32,34,0,93,6,0,6,99
09/05/2006,LBB,TX,ASW,CE,Combined TRACON& Tower with Radar,35,48,38,51,172,0,6,47,11,64,35,54,85,62,236,0,0,0,236
09/06/2006,LBB,TX,ASW,CE,Combined TRACON& Tower with Radar,8,23,7,1,39,0,1,4,1,6,8,24,11,2,45,66,58,124,169
09/07/2006,LBB,TX,ASW,CE,Combined TRACON& Tower with Radar,41,54,21,43,159,0,13,51,0,64,41,67,72,43,223,32,50,82,305
09/08/2006,LBB,TX,ASW,CE,Combined TRACON& Tower with Radar,35,68,41,56,200,0,8,46,1,55,35,76,87,57,255,22,56,78,333
09/09/2006,LBB,TX,ASW,CE,Combined TRACON& Tower with Radar,28,41,39,10,118,0,3,63,3,69,28,44,102,13,187,106,0,106,293
09/10/2006,LBB,TX,ASW,CE,Combined TRACON& Tower with Radar,30,32,28,11,101,0,7,25,0,32,30,39,53,11,133,50,0,50,183
09/11/2006,LBB,TX,ASW,CE,Combined TRACON& Tower with Radar,31,40,14,30,115,0,7,11,1,19,31,47,25,31,134,22,24,46,180
09/12/2006,LBB,TX,ASW,CE,Combined TRACON& Tower with Radar,40,61,32,39,172,0,5,50,0,55,40,66,82,39,227,60,56,116,343
09/13/2006,LBB,TX,ASW,CE,Combined TRACON& Tower with Radar,38,62,37,29,166,0,9,51,1,61,38,71,88,30,227,0,0,0,227
09/14/2006,LBB,TX,ASW,CE,Combined TRACON& Tower with Radar,38,63,25,29,155,0,9,53,0,62,38,72,78,29,217,0,0,0,217
09/15/2006,LBB,TX,ASW,CE,Combined TRACON& Tower with Radar,39,64,31,17,151,0,8,44,1,53,39,72,75,18,204,42,0,42,246
09/16/2006,LBB,TX,ASW,CE,Combined TRACON& Tower with Radar,34,38,44,5,121,0,6,41,14,61,34,44,85,19,182,0,0,0,182
09/17/2006,LBB,TX,ASW,CE,Combined TRACON& Tower with Radar,32,27,38,20,117,0,4,38,0,42,32,31,76,20,159,60,22,82,241
09/18/2006,LBB,TX,ASW,CE,Combined TRACON& Tower with Radar,35,39,24,65,163,0,8,56,2,66,35,47,80,67,229,122,56,178,407
09/19/2006,LBB,TX,ASW,CE,Combined TRACON& Tower with Radar,38,55,44,29,166,0,18,59,2,79,38,73,103,31,245,44,50,94,339
09/20/2006,LBB,TX,ASW,CE,Combined TRACON& Tower with Radar,38,51,40,49,178,0,10,49,0,59,38,61,89,49,237,36,82,118,355
09/21/2006,LBB,TX,ASW,CE,Combined TRACON& Tower with Radar,39,56,46,4,145,0,9,30,2,41,39,65,76,6,186,8,0,8,194
09/22/2006,LBB,TX,ASW,CE,Combined TRACON& Tower with Radar,39,60,35,25,159,0,6,70,0,76,39,66,105,25,235,50,6,56,291
09/23/2006,LBB,TX,ASW,CE,Combined TRACON& Tower with Radar,34,35,37,0,106,0,5,84,0,89,34,40,121,0,195,88,0,88,283
09/24/2006,LBB,TX,ASW,CE,Combined TRACON& Tower with Radar,31,29,57,9,126,0,3,72,0,75,31,32,129,9,201,64,18,82,283
09/25/2006,LBB,TX,ASW,CE,Combined TRACON& Tower with Radar,33,36,32,25,126,0,7,44,5,56,33,43,76,30,182,24,56,80,262
09/26/2006,LBB,TX,ASW,CE,Combined TRACON& Tower with Radar,39,57,58,29,183,0,10,62,11,83,39,67,120,40,266,42,34,76,342
09/27/2006,LBB,TX,ASW,CE,Combined TRACON& Tower with Radar,37,50,31,10,128,0,7,71,13,91,37,57,102,23,219,44,32,76,295
09/28/2006,LBB,TX,ASW,CE,Combined TRACON& Tower with Radar,38,62,45,2,147,0,12,49,7,68,38,74,94,9,215,2,0,2,217
09/29/2006,LBB,TX,ASW,CE,Combined TRACON& Tower with Radar,40,57,51,6,154,0,13,72,1,86,40,70,123,7,240,30,0,30,270
09/30/2006,LBB,TX,ASW,CE,Combined TRACON& Tower with Radar,35,39,22,2,98,0,5,76,0,81,35,44,98,2,179,120,0,120,299
10/01/2006,LBB,TX,ASW,CE,Combined TRACON& Tower with Radar,31,36,16,2,85,0,6,101,0,107,31,42,117,2,192,58,0,58,250
10/02/2006,LBB,TX,ASW,CE,Combined TRACON& Tower with Radar,30,45,27,40,142,0,13,52,2,67,30,58,79,42,209,38,24,62,271
10/03/2006,LBB,TX,ASW,CE,Combined TRACON& Tower with Radar,39,56,35,44,174,0,13,47,9,69,39,69,82,53,243,0,0,0,243
10/04/2006,LBB,TX,ASW,CE,Combined TRACON& Tower with Radar,40,59,33,57,189,0,8,72,1,81,40,67,105,58,270,48,60,108,378
10/05/2006,LBB,TX,ASW,CE,Combined TRACON& Tower with Radar,41,71,39,18,169,0,9,58,3,70,41,80,97,21,239,32,6,38,277
10/06/2006,LBB,TX,ASW,CE,Combined TRACON& Tower with Radar,40,62,34,5,141,0,11,87,2,100,40,73,121,7,241,18,2,20,261
10/07/2006,LBB,TX,ASW,CE,Combined TRACON& Tower with Radar,33,34,30,0,97,0,5,71,0,76,33,39,101,0,173,58,0,58,231
10/08/2006,LBB,TX,ASW,CE,Combined TRACON& Tower with Radar,32,29,36,9,106,0,3,51,0,54,32,32,87,9,160,0,0,0,160
10/09/2006,LBB,TX,ASW,CE,Combined TRACON& Tower with Radar,32,39,15,1,87,0,3,2,0,5,32,42,17,1,92,0,0,0,92
10/10/2006,LBB,TX,ASW,CE,Combined TRACON& Tower with Radar,37,58,41,59,195,0,4,36,7,47,37,62,77,66,242,24,42,66,308
10/11/2006,LBB,TX,ASW,CE,Combined TRACON& Tower with Radar,39,66,48,41,194,0,6,89,0,95,39,72,137,41,289,14,28,42,331
10/12/2006,LBB,TX,ASW,CE,Combined TRACON& Tower with Radar,39,61,48,35,183,0,2,37,0,39,39,63,85,35,222,36,16,52,274
10/13/2006,LBB,TX,ASW,CE,Combined TRACON& Tower with Radar,43,63,40,36,182,0,8,79,2,89,43,71,119,38,271,76,48,124,395
10/14/2006,LBB,TX,ASW,CE,Combined TRACON& Tower with Radar,32,34,31,0,97,0,0,2,0,2,32,34,33,0,99,0,0,0,99
10/15/2006,LBB,TX,ASW,CE,Combined TRACON& Tower with Radar,32,30,35,0,97,0,0,4,0,4,32,30,39,0,101,0,0,0,101
10/16/2006,LBB,TX,ASW,CE,Combined TRACON& Tower with Radar,30,37,33,52,152,0,8,14,1,23,30,45,47,53,175,2,12,14,189
10/17/2006,LBB,TX,ASW,CE,Combined TRACON& Tower with Radar,40,59,42,24,165,0,14,81,0,95,40,73,123,24,260,0,0,0,260
10/18/2006,LBB,TX,ASW,CE,Combined TRACON& Tower with Radar,42,63,51,16,172,0,5,9,0,14,42,68,60,16,186,0,0,0,186
10/19/2006,LBB,TX,ASW,CE,Combined TRACON& Tower with Radar,39,66,62,35,202,0,9,37,4,50,39,75,99,39,252,66,4,70,322
10/20/2006,LBB,TX,ASW,CE,Combined TRACON& Tower with Radar,41,54,28,9,132,0,13,69,1,83,41,67,97,10,215,42,0,42,257
10/21/2006,LBB,TX,ASW,CE,Combined TRACON& Tower with Radar,32,39,23,16,110,0,9,150,5,164,32,48,173,21,274,8,10,18,292
10/22/2006,LBB,TX,ASW,CE,Combined TRACON& Tower with Radar,32,31,38,11,112,0,9,53,1,63,32,40,91,12,175,36,4,40,215
10/23/2006,LBB,TX,ASW,CE,Combined TRACON& Tower with Radar,33,40,30,16,119,0,8,61,4,73,33,48,91,20,192,20,22,42,234
10/24/2006,LBB,TX,ASW,CE,Combined TRACON& Tower with Radar,40,56,40,52,188,0,8,39,7,54,40,64,79,59,242,6,58,64,306
10/25/2006,LBB,TX,ASW,CE,Combined TRACON& Tower with Radar,41,69,27,61,198,0,3,30,2,35,41,72,57,63,233,0,0,0,233
10/26/2006,LBB,TX,ASW,CE,Combined TRACON& Tower with Radar,34,63,25,61,183,0,8,23,12,43,34,71,48,73,226,0,0,0,226
10/27/2006,LBB,TX,ASW,CE,Combined TRACON& Tower with Radar,46,70,62,76,254,0,10,45,4,59,46,80,107,80,313,0,42,42,355
10/28/2006,LBB,TX,ASW,CE,Combined TRACON& Tower with Radar,34,38,81,4,157,0,11,108,0,119,34,49,189,4,276,0,0,0,276
10/29/2006,LBB,TX,ASW,CE,Combined TRACON& Tower with Radar,32,44,94,5,175,0,12,91,0,103,32,56,185,5,278,44,8,52,330
10/30/2006,LBB,TX,ASW,CE,Combined TRACON& Tower with Radar,33,37,38,2,110,0,11,54,0,65,33,48,92,2,175,0,8,8,183
10/31/2006,LBB,TX,ASW,CE,Combined TRACON& Tower with Radar,38,60,48,53,199,0,11,68,7,86,38,71,116,60,285,38,92,130,415
11/01/2006,LBB,TX,ASW,CE,Combined TRACON& Tower with Radar,39,64,49,39,191,0,15,60,2,77,39,79,109,41,268,64,68,132,400
11/02/2006,LBB,TX,ASW,CE,Combined TRACON& Tower with Radar,38,73,27,36,174,0,15,96,8,119,38,88,123,44,293,50,70,120,413
11/03/2006,LBB,TX,ASW,CE,Combined TRACON& Tower with Radar,37,74,58,6,175,0,9,26,0,35,37,83,84,6,210,10,0,10,220
11/04/2006,LBB,TX,ASW,CE,Combined TRACON& Tower with Radar,35,34,55,2,126,0,11,53,0,64,35,45,108,2,190,18,0,18,208
11/05/2006,LBB,TX,ASW,CE,Combined TRACON& Tower with Radar,29,33,51,10,123,0,6,12,0,18,29,39,63,10,141,0,0,0,141
11/06/2006,LBB,TX,ASW,CE,Combined TRACON& Tower with Radar,32,43,27,42,144,0,3,13,3,19,32,46,40,45,163,44,48,92,255
11/07/2006,LBB,TX,ASW,CE,Combined TRACON& Tower with Radar,40,52,37,30,159,0,19,49,10,78,40,71,86,40,237,42,46,88,325
11/08/2006,LBB,TX,ASW,CE,Combined TRACON& Tower with Radar,38,69,37,43,187,0,13,66,5,84,38,82,103,48,271,58,80,138,409
11/09/2006,LBB,TX,ASW,CE,Combined TRACON& Tower with Radar,37,59,37,5,138,0,15,50,1,66,37,74,87,6,204,0,0,0,204
11/10/2006,LBB,TX,ASW,CE,Combined TRACON& Tower with Radar,40,63,34,3,140,0,19,72,0,91,40,82,106,3,231,0,0,0,231
11/11/2006,LBB,TX,ASW,CE,Combined TRACON& Tower with Radar,32,46,37,1,116,0,4,77,0,81,32,50,114,1,197,56,0,56,253
11/12/2006,LBB,TX,ASW,CE,Combined TRACON& Tower with Radar,30,31,32,3,96,0,6,48,0,54,30,37,80,3,150,0,0,0,150
11/13/2006,LBB,TX,ASW,CE,Combined TRACON& Tower with Radar,34,44,17,40,135,0,10,38,0,48,34,54,55,40,183,34,50,84,267
11/14/2006,LBB,TX,ASW,CE,Combined TRACON& Tower with Radar,37,68,46,26,177,0,9,32,1,42,37,77,78,27,219,0,0,0,219
11/15/2006,LBB,TX,ASW,CE,Combined TRACON& Tower with Radar,37,67,32,12,148,0,8,19,1,28,37,75,51,13,176,0,0,0,176
11/16/2006,LBB,TX,ASW,CE,Combined TRACON& Tower with Radar,40,63,42,30,175,0,9,57,2,68,40,72,99,32,243,0,0,0,243
11/17/2006,LBB,TX,ASW,CE,Combined TRACON& Tower with Radar,41,62,38,10,151,0,16,80,2,98,41,78,118,12,249,30,8,38,287
11/18/2006,LBB,TX,ASW,CE,Combined TRACON& Tower with Radar,34,38,54,5,131,0,12,104,0,116,34,50,158,5,247,28,0,28,275
11/19/2006,LBB,TX,ASW,CE,Combined TRACON& Tower with Radar,28,35,27,19,109,0,11,82,6,99,28,46,109,25,208,98,48,146,354
11/20/2006,LBB,TX,ASW,CE,Combined TRACON& Tower with Radar,31,44,47,13,135,0,11,59,6,76,31,55,106,19,211,24,26,50,261
11/21/2006,LBB,TX,ASW,CE,Combined TRACON& Tower with Radar,41,69,47,9,166,0,10,59,0,69,41,79,106,9,235,42,10,52,287
11/22/2006,LBB,TX,ASW,CE,Combined TRACON& Tower with Radar,40,66,35,8,149,0,10,95,0,105,40,76,130,8,254,0,0,0,254
11/23/2006,LBB,TX,ASW,CE,Combined TRACON& Tower with Radar,23,25,11,0,59,0,8,43,0,51,23,33,54,0,110,0,0,0,110
11/24/2006,LBB,TX,ASW,CE,Combined TRACON& Tower with Radar,35,47,29,0,111,0,13,49,0,62,35,60,78,0,173,0,0,0,173
11/25/2006,LBB,TX,ASW,CE,Combined TRACON& Tower with Radar,36,37,34,0,107,0,8,57,0,65,36,45,91,0,172,0,0,0,172
11/26/2006,LBB,TX,ASW,CE,Combined TRACON& Tower with Radar,30,34,70,2,136,0,13,47,0,60,30,47,117,2,196,18,0,18,214
11/27/2006,LBB,TX,ASW,CE,Combined TRACON& Tower with Radar,32,51,25,46,154,0,16,24,0,40,32,67,49,46,194,0,0,0,194
11/28/2006,LBB,TX,ASW,CE,Combined TRACON& Tower with Radar,38,62,31,57,188,0,8,32,6,46,38,70,63,63,234,0,0,0,234
11/29/2006,LBB,TX,ASW,CE,Combined TRACON& Tower with Radar,34,58,32,26,150,0,3,18,1,22,34,61,50,27,172,28,36,64,236
11/30/2006,LBB,TX,ASW,CE,Combined TRACON& Tower with Radar,41,60,17,0,118,0,5,6,0,11,41,65,23,0,129,0,0,0,129
12/01/2006,LBB,TX,ASW,CE,Combined TRACON& Tower with Radar,39,62,31,10,142,0,19,55,2,76,39,81,86,12,218,54,0,54,272
12/02/2006,LBB,TX,ASW,CE,Combined TRACON& Tower with Radar,37,35,43,5,120,0,8,44,0,52,37,43,87,5,172,28,0,28,200
12/03/2006,LBB,TX,ASW,CE,Combined TRACON& Tower with Radar,28,25,35,3,91,0,7,42,0,49,28,32,77,3,140,14,4,18,158
12/04/2006,LBB,TX,ASW,CE,Combined TRACON& Tower with Radar,34,55,23,42,154,0,19,60,4,83,34,74,83,46,237,68,32,100,337
12/05/2006,LBB,TX,ASW,CE,Combined TRACON& Tower with Radar,38,68,37,57,200,0,12,69,5,86,38,80,106,62,286,0,0,0,286
12/06/2006,LBB,TX,ASW,CE,Combined TRACON& Tower with Radar,40,62,35,33,170,0,15,52,1,68,40,77,87,34,238,24,40,64,302
12/07/2006,LBB,TX,ASW,CE,Combined TRACON& Tower with Radar,37,68,35,24,164,0,11,44,1,56,37,79,79,25,220,0,0,0,220
12/08/2006,LBB,TX,ASW,CE,Combined TRACON& Tower with Radar,39,72,38,34,183,0,16,50,2,68,39,88,88,36,251,16,124,140,391
12/09/2006,LBB,TX,ASW,CE,Combined TRACON& Tower with Radar,31,42,28,3,104,0,5,36,0,41,31,47,64,3,145,10,0,10,155
12/10/2006,LBB,TX,ASW,CE,Combined TRACON& Tower with Radar,29,37,22,4,92,0,9,41,0,50,29,46,63,4,142,0,0,0,142
12/11/2006,LBB,TX,ASW,CE,Combined TRACON& Tower with Radar,31,40,23,28,122,0,6,18,2,26,31,46,41,30,148,0,0,0,148
12/12/2006,LBB,TX,ASW,CE,Combined TRACON& Tower with Radar,39,66,58,24,187,0,14,61,4,79,39,80,119,28,266,38,0,38,304
12/13/2006,LBB,TX,ASW,CE,Combined TRACON& Tower with Radar,39,74,34,19,166,0,16,61,0,77,39,90,95,19,243,30,38,68,311
12/14/2006,LBB,TX,ASW,CE,Combined TRACON& Tower with Radar,38,61,21,11,131,0,8,60,2,70,38,69,81,13,201,0,0,0,201
12/15/2006,LBB,TX,ASW,CE,Combined TRACON& Tower with Radar,40,75,34,21,170,0,8,70,0,78,40,83,104,21,248,26,0,26,274
12/16/2006,LBB,TX,ASW,CE,Combined TRACON& Tower with Radar,33,45,54,1,133,0,8,67,1,76,33,53,121,2,209,0,0,0,209
12/17/2006,LBB,TX,ASW,CE,Combined TRACON& Tower with Radar,28,29,26,3,86,0,10,74,0,84,28,39,100,3,170,0,0,0,170
12/18/2006,LBB,TX,ASW,CE,Combined TRACON& Tower with Radar,32,49,34,18,133,0,7,11,0,18,32,56,45,18,151,0,0,0,151
12/19/2006,LBB,TX,ASW,CE,Combined TRACON& Tower with Radar,38,42,6,0,86,0,0,0,0,0,38,42,6,0,86,0,0,0,86
12/20/2006,LBB,TX,ASW,CE,Combined TRACON& Tower with Radar,35,70,31,34,170,0,7,8,1,16,35,77,39,35,186,0,12,12,198
12/21/2006,LBB,TX,ASW,CE,Combined TRACON& Tower with Radar,38,65,39,7,149,0,9,60,0,69,38,74,99,7,218,4,0,4,222
12/22/2006,LBB,TX,ASW,CE,Combined TRACON& Tower with Radar,39,68,48,0,155,0,14,82,0,96,39,82,130,0,251,86,0,86,337
12/23/2006,LBB,TX,ASW,CE,Combined TRACON& Tower with Radar,31,41,30,0,102,0,12,50,0,62,31,53,80,0,164,62,0,62,226
12/24/2006,LBB,TX,ASW,CE,Combined TRACON& Tower with Radar,32,32,6,0,70,0,9,36,0,45,32,41,42,0,115,0,0,0,115
12/25/2006,LBB,TX,ASW,CE,Combined TRACON& Tower with Radar,26,24,2,0,52,0,11,14,0,25,26,35,16,0,77,0,0,0,77
12/26/2006,LBB,TX,ASW,CE,Combined TRACON& Tower with Radar,31,49,24,0,104,0,7,77,0,84,31,56,101,0,188,24,0,24,212
12/27/2006,LBB,TX,ASW,CE,Combined TRACON& Tower with Radar,39,59,34,5,137,0,10,50,1,61,39,69,84,6,198,14,10,24,222
12/28/2006,LBB,TX,ASW,CE,Combined TRACON& Tower with Radar,41,63,35,12,151,0,3,20,0,23,41,66,55,12,174,0,0,0,174
12/29/2006,LBB,TX,ASW,CE,Combined TRACON& Tower with Radar,37,50,27,2,116,0,0,0,0,0,37,50,27,2,116,0,0,0,116
12/30/2006,LBB,TX,ASW,CE,Combined TRACON& Tower with Radar,43,46,25,1,115,0,4,5,0,9,43,50,30,1,124,0,0,0,124
12/31/2006,LBB,TX,ASW,CE,Combined TRACON& Tower with Radar,27,25,30,0,82,0,7,30,0,37,27,32,60,0,119,0,0,0,119
01/01/2007,LBB,TX,ASW,CE,Combined TRACON& Tower with Radar,26,26,22,2,76,0,12,37,0,49,26,38,59,2,125,2,0,2,127
01/02/2007,LBB,TX,ASW,CE,Combined TRACON& Tower with Radar,33,46,25,0,104,0,16,36,0,52,33,62,61,0,156,18,0,18,174
01/03/2007,LBB,TX,ASW,CE,Combined TRACON& Tower with Radar,36,61,39,22,158,0,9,22,2,33,36,70,61,24,191,12,50,62,253
01/04/2007,LBB,TX,ASW,CE,Combined TRACON& Tower with Radar,39,69,57,31,196,0,14,43,0,57,39,83,100,31,253,2,6,8,261
01/05/2007,LBB,TX,ASW,CE,Combined TRACON& Tower with Radar,39,61,32,34,166,0,13,69,41,123,39,74,101,75,289,60,8,68,357
01/06/2007,LBB,TX,ASW,CE,Combined TRACON& Tower with Radar,35,39,29,0,103,0,7,37,0,44,35,46,66,0,147,40,0,40,187
01/07/2007,LBB,TX,ASW,CE,Combined TRACON& Tower with Radar,28,35,20,2,85,0,7,24,1,32,28,42,44,3,117,0,0,0,117
01/08/2007,LBB,TX,ASW,CE,Combined TRACON& Tower with Radar,32,47,27,33,139,0,7,62,3,72,32,54,89,36,211,48,24,72,283
01/09/2007,LBB,TX,ASW,CE,Combined TRACON& Tower with Radar,38,67,42,21,168,0,19,44,1,64,38,86,86,22,232,12,10,22,254
01/10/2007,LBB,TX,ASW,CE,Combined TRACON& Tower with Radar,39,67,36,41,183,0,19,48,5,72,39,86,84,46,255,22,74,96,351
01/11/2007,LBB,TX,ASW,CE,Combined TRACON& Tower with Radar,37,70,45,15,167,0,16,24,6,46,37,86,69,21,213,0,16,16,229
01/12/2007,LBB,TX,ASW,CE,Combined TRACON& Tower with Radar,34,47,16,0,97,0,3,1,0,4,34,50,17,0,101,0,0,0,101
01/13/2007,LBB,TX,ASW,CE,Combined TRACON& Tower with Radar,7,6,4,0,17,0,0,0,0,0,7,6,4,0,17,0,0,0,17
01/14/2007,LBB,TX,ASW,CE,Combined TRACON& Tower with Radar,3,3,3,0,9,0,0,0,0,0,3,3,3,0,9,0,0,0,9
01/15/2007,LBB,TX,ASW,CE,Combined TRACON& Tower with Radar,31,46,22,0,99,0,4,8,0,12,31,50,30,0,111,0,0,0,111
01/16/2007,LBB,TX,ASW,CE,Combined TRACON& Tower with Radar,38,45,53,0,136,0,12,34,0,46,38,57,87,0,182,24,0,24,206
01/17/2007,LBB,TX,ASW,CE,Combined TRACON& Tower with Radar,33,48,46,0,127,0,2,27,0,29,33,50,73,0,156,36,0,36,192
01/18/2007,LBB,TX,ASW,CE,Combined TRACON& Tower with Radar,38,66,37,25,166,0,8,29,3,40,38,74,66,28,206,24,20,44,250
01/19/2007,LBB,TX,ASW,CE,Combined TRACON& Tower with Radar,32,47,11,2,92,0,0,0,0,0,32,47,11,2,92,0,0,0,92
01/20/2007,LBB,TX,ASW,CE,Combined TRACON& Tower with Radar,28,17,8,0,53,0,3,2,0,5,28,20,10,0,58,0,0,0,58
01/21/2007,LBB,TX,ASW,CE,Combined TRACON& Tower with Radar,26,26,13,0,65,0,10,13,1,24,26,36,26,1,89,0,0,0,89
01/22/2007,LBB,TX,ASW,CE,Combined TRACON& Tower with Radar,32,45,23,18,118,0,9,10,12,31,32,54,33,30,149,10,44,54,203
01/23/2007,LBB,TX,ASW,CE,Combined TRACON& Tower with Radar,38,63,41,89,231,0,13,36,5,54,38,76,77,94,285,8,204,212,497
01/24/2007,LBB,TX,ASW,CE,Combined TRACON& Tower with Radar,33,59,49,39,180,0,11,68,3,82,33,70,117,42,262,92,90,182,444
01/25/2007,LBB,TX,ASW,CE,Combined TRACON& Tower with Radar,42,54,52,26,174,0,16,57,7,80,42,70,109,33,254,0,0,0,254
01/26/2007,LBB,TX,ASW,CE,Combined TRACON& Tower with Radar,37,69,47,2,155,0,8,54,0,62,37,77,101,2,217,46,38,84,301
01/27/2007,LBB,TX,ASW,CE,Combined TRACON& Tower with Radar,34,35,17,2,88,0,8,5,0,13,34,43,22,2,101,0,0,0,101
01/28/2007,LBB,TX,ASW,CE,Combined TRACON& Tower with Radar,31,35,22,12,100,0,8,42,2,52,31,43,64,14,152,14,16,30,182
01/29/2007,LBB,TX,ASW,CE,Combined TRACON& Tower with Radar,35,40,45,35,155,0,10,52,0,62,35,50,97,35,217,44,26,70,287
01/30/2007,LBB,TX,ASW,CE,Combined TRACON& Tower with Radar,37,67,45,4,153,0,11,41,0,52,37,78,86,4,205,0,0,0,205
01/31/2007,LBB,TX,ASW,CE,Combined TRACON& Tower with Radar,37,69,24,2,132,0,1,16,0,17,37,70,40,2,149,0,0,0,149
02/01/2007,LBB,TX,ASW,CE,Combined TRACON& Tower with Radar,38,52,42,22,154,0,1,2,2,5,38,53,44,24,159,0,0,0,159
02/02/2007,LBB,TX,ASW,CE,Combined TRACON& Tower with Radar,37,67,31,2,137,0,2,10,2,14,37,69,41,4,151,0,0,0,151
02/03/2007,LBB,TX,ASW,CE,Combined TRACON& Tower with Radar,32,41,34,10,117,0,8,70,0,78,32,49,104,10,195,50,0,50,245
02/04/2007,LBB,TX,ASW,CE,Combined TRACON& Tower with Radar,31,37,22,12,102,0,11,54,2,67,31,48,76,14,169,50,0,50,219
02/05/2007,LBB,TX,ASW,CE,Combined TRACON& Tower with Radar,29,50,50,36,165,0,9,63,2,74,29,59,113,38,239,44,24,68,307
02/06/2007,LBB,TX,ASW,CE,Combined TRACON& Tower with Radar,39,66,41,41,187,0,17,67,4,88,39,83,108,45,275,40,46,86,361
02/07/2007,LBB,TX,ASW,CE,Combined TRACON& Tower with Radar,36,76,48,24,184,0,16,61,0,77,36,92,109,24,261,0,0,0,261
02/08/2007,LBB,TX,ASW,CE,Combined TRACON& Tower with Radar,38,58,33,6,135,0,4,13,0,17,38,62,46,6,152,0,0,0,152
02/09/2007,LBB,TX,ASW,CE,Combined TRACON& Tower with Radar,36,52,42,37,167,0,1,4,1,6,36,53,46,38,173,0,0,0,173
02/10/2007,LBB,TX,ASW,CE,Combined TRACON& Tower with Radar,36,37,23,4,100,0,0,9,1,10,36,37,32,5,110,8,16,24,134
02/11/2007,LBB,TX,ASW,CE,Combined TRACON& Tower with Radar,31,29,42,4,106,0,2,29,0,31,31,31,71,4,137,18,0,18,155
02/12/2007,LBB,TX,ASW,CE,Combined TRACON& Tower with Radar,30,48,22,44,144,0,6,10,4,20,30,54,32,48,164,0,54,54,218
02/14/2007,LBB,TX,ASW,CE,Combined TRACON& Tower with Radar,35,70,21,12,138,0,0,0,0,0,35,70,21,12,138,0,0,0,138
02/15/2007,LBB,TX,ASW,CE,Combined TRACON& Tower with Radar,38,64,25,24,151,0,6,20,0,26,38,70,45,24,177,0,0,0,177
02/16/2007,LBB,TX,ASW,CE,Combined TRACON& Tower with Radar,38,65,44,11,158,0,12,41,2,55,38,77,85,13,213,0,0,0,213
02/17/2007,LBB,TX,ASW,CE,Combined TRACON& Tower with Radar,34,40,50,17,141,0,15,45,1,61,34,55,95,18,202,50,18,68,270
02/18/2007,LBB,TX,ASW,CE,Combined TRACON& Tower with Radar,29,28,26,0,83,0,11,50,0,61,29,39,76,0,144,0,0,0,144
02/19/2007,LBB,TX,ASW,CE,Combined TRACON& Tower with Radar,30,41,46,12,129,0,7,38,0,45,30,48,84,12,174,20,8,28,202
02/20/2007,LBB,TX,ASW,CE,Combined TRACON& Tower with Radar,40,62,34,28,164,0,11,45,4,60,40,73,79,32,224,30,54,84,308
02/21/2007,LBB,TX,ASW,CE,Combined TRACON& Tower with Radar,34,69,31,25,159,0,21,81,11,113,34,90,112,36,272,90,56,146,418
02/22/2007,LBB,TX,ASW,CE,Combined TRACON& Tower with Radar,35,63,41,49,188,0,11,86,11,108,35,74,127,60,296,40,130,170,466
02/23/2007,LBB,TX,ASW,CE,Combined TRACON& Tower with Radar,39,67,41,31,178,0,11,30,1,42,39,78,71,32,220,12,4,16,236
02/24/2007,LBB,TX,ASW,CE,Combined TRACON& Tower with Radar,26,25,9,4,64,0,9,7,2,18,26,34,16,6,82,0,0,0,82
02/25/2007,LBB,TX,ASW,CE,Combined TRACON& Tower with Radar,31,25,26,10,92,0,7,65,0,72,31,32,91,10,164,22,0,22,186
02/26/2007,LBB,TX,ASW,CE,Combined TRACON& Tower with Radar,29,46,39,42,156,0,16,49,13,78,29,62,88,55,234,76,128,204,438
02/27/2007,LBB,TX,ASW,CE,Combined TRACON& Tower with Radar,41,61,37,12,151,0,17,62,2,81,41,78,99,14,232,14,18,32,264
02/28/2007,LBB,TX,ASW,CE,Combined TRACON& Tower with Radar,36,61,34,12,143,0,4,18,0,22,36,65,52,12,165,0,0,0,165
03/01/2007,LBB,TX,ASW,CE,Combined TRACON& Tower with Radar,37,66,47,23,173,0,15,46,2,63,37,81,93,25,236,30,8,38,274
03/02/2007,LBB,TX,ASW,CE,Combined TRACON& Tower with Radar,38,63,60,13,174,0,9,73,3,85,38,72,133,16,259,30,56,86,345
03/03/2007,LBB,TX,ASW,CE,Combined TRACON& Tower with Radar,36,37,25,0,98,0,6,33,2,41,36,43,58,2,139,0,2,2,141
03/04/2007,LBB,TX,ASW,CE,Combined TRACON& Tower with Radar,30,34,40,1,105,0,14,72,0,86,30,48,112,1,191,30,0,30,221
03/05/2007,LBB,TX,ASW,CE,Combined TRACON& Tower with Radar,32,44,28,29,133,0,13,58,14,85,32,57,86,43,218,0,0,0,218
03/06/2007,LBB,TX,ASW,CE,Combined TRACON& Tower with Radar,34,60,25,6,125,0,7,58,1,66,34,67,83,7,191,16,2,18,209
03/07/2007,LBB,TX,ASW,CE,Combined TRACON& Tower with Radar,35,66,35,27,163,0,9,68,6,83,35,75,103,33,246,58,52,110,356
03/08/2007,LBB,TX,ASW,CE,Combined TRACON& Tower with Radar,39,61,34,27,161,0,15,67,2,84,39,76,101,29,245,26,28,54,299
03/09/2007,LBB,TX,ASW,CE,Combined TRACON& Tower with Radar,37,67,29,35,168,0,12,79,12,103,37,79,108,47,271,66,74,140,411
03/10/2007,LBB,TX,ASW,CE,Combined TRACON& Tower with Radar,34,38,40,11,123,0,3,74,8,85,34,41,114,19,208,84,42,126,334
03/11/2007,LBB,TX,ASW,CE,Combined TRACON& Tower with Radar,34,31,11,0,76,0,0,4,0,4,34,31,15,0,80,0,0,0,80
03/12/2007,LBB,TX,ASW,CE,Combined TRACON& Tower with Radar,36,55,15,13,119,0,0,1,1,2,36,55,16,14,121,0,2,2,123
03/13/2007,LBB,TX,ASW,CE,Combined TRACON& Tower with Radar,34,50,30,13,127,1,6,12,0,19,35,56,42,13,146,0,0,0,146
03/14/2007,LBB,TX,ASW,CE,Combined TRACON& Tower with Radar,38,62,49,31,180,0,12,74,9,95,38,74,123,40,275,88,86,174,449
03/15/2007,LBB,TX,ASW,CE,Combined TRACON& Tower with Radar,47,67,57,25,196,0,6,52,2,60,47,73,109,27,256,0,0,0,256
03/16/2007,LBB,TX,ASW,CE,Combined TRACON& Tower with Radar,38,65,27,26,156,0,7,68,1,76,38,72,95,27,232,0,0,0,232
03/17/2007,LBB,TX,ASW,CE,Combined TRACON& Tower with Radar,35,32,30,9,106,0,9,72,0,81,35,41,102,9,187,52,0,52,239
03/18/2007,LBB,TX,ASW,CE,Combined TRACON& Tower with Radar,33,24,29,0,86,0,7,50,0,57,33,31,79,0,143,0,0,0,143
03/19/2007,LBB,TX,ASW,CE,Combined TRACON& Tower with Radar,30,41,29,32,132,0,13,17,4,34,30,54,46,36,166,14,20,34,200
03/20/2007,LBB,TX,ASW,CE,Combined TRACON& Tower with Radar,42,66,27,37,172,0,24,19,2,45,42,90,46,39,217,34,0,34,251
03/21/2007,LBB,TX,ASW,CE,Combined TRACON& Tower with Radar,37,65,36,27,165,0,10,41,3,54,37,75,77,30,219,0,0,0,219
03/22/2007,LBB,TX,ASW,CE,Combined TRACON& Tower with Radar,36,69,32,2,139,0,0,8,1,9,36,69,40,3,148,0,0,0,148
03/23/2007,LBB,TX,ASW,CE,Combined TRACON& Tower with Radar,42,62,18,5,127,0,9,7,0,16,42,71,25,5,143,0,0,0,143
03/24/2007,LBB,TX,ASW,CE,Combined TRACON& Tower with Radar,36,38,33,0,107,0,4,48,0,52,36,42,81,0,159,14,0,14,173
03/25/2007,LBB,TX,ASW,CE,Combined TRACON& Tower with Radar,35,29,15,2,81,0,1,7,0,8,35,30,22,2,89,0,0,0,89
03/26/2007,LBB,TX,ASW,CE,Combined TRACON& Tower with Radar,33,45,46,2,126,0,12,24,0,36,33,57,70,2,162,94,0,94,256
03/27/2007,LBB,TX,ASW,CE,Combined TRACON& Tower with Radar,40,70,44,59,213,0,11,61,15,87,40,81,105,74,300,84,144,228,528
03/28/2007,LBB,TX,ASW,CE,Combined TRACON& Tower with Radar,37,69,30,19,155,0,10,28,1,39,37,79,58,20,194,8,0,8,202
03/29/2007,LBB,TX,ASW,CE,Combined TRACON& Tower with Radar,41,66,36,63,206,0,7,59,6,72,41,73,95,69,278,0,0,0,278
03/30/2007,LBB,TX,ASW,CE,Combined TRACON& Tower with Radar,46,60,22,2,130,0,4,6,0,10,46,64,28,2,140,0,0,0,140
03/31/2007,LBB,TX,ASW,CE,Combined TRACON& Tower with Radar,38,38,34,0,110,0,12,89,0,101,38,50,123,0,211,70,0,70,281
04/01/2007,LBB,TX,ASW,CE,Combined TRACON& Tower with Radar,34,26,26,0,86,0,13,62,0,75,34,39,88,0,161,0,0,0,161
04/02/2007,LBB,TX,ASW,CE,Combined TRACON& Tower with Radar,29,47,21,23,120,0,15,46,4,65,29,62,67,27,185,30,68,98,283
04/03/2007,LBB,TX,ASW,CE,Combined TRACON& Tower with Radar,34,65,44,31,174,0,16,48,8,72,34,81,92,39,246,20,114,134,380
04/04/2007,LBB,TX,ASW,CE,Combined TRACON& Tower with Radar,36,63,40,37,176,0,8,48,7,63,36,71,88,44,239,32,14,46,285
04/05/2007,LBB,TX,ASW,CE,Combined TRACON& Tower with Radar,37,65,52,22,176,0,9,53,2,64,37,74,105,24,240,0,0,0,240
04/06/2007,LBB,TX,ASW,CE,Combined TRACON& Tower with Radar,36,69,36,4,145,0,4,23,1,28,36,73,59,5,173,44,0,44,217
04/07/2007,LBB,TX,ASW,CE,Combined TRACON& Tower with Radar,30,23,5,0,58,0,0,0,0,0,30,23,5,0,58,0,0,0,58
04/08/2007,LBB,TX,ASW,CE,Combined TRACON& Tower with Radar,34,42,14,0,90,0,1,4,2,7,34,43,18,2,97,0,0,0,97
04/09/2007,LBB,TX,ASW,CE,Combined TRACON& Tower with Radar,30,40,35,7,112,0,5,1,0,6,30,45,36,7,118,0,0,0,118
04/10/2007,LBB,TX,ASW,CE,Combined TRACON& Tower with Radar,42,57,41,40,180,0,5,35,10,50,42,62,76,50,230,0,54,54,284
04/11/2007,LBB,TX,ASW,CE,Combined TRACON& Tower with Radar,40,55,44,44,183,0,9,88,14,111,40,64,132,58,294,98,24,122,416
04/12/2007,LBB,TX,ASW,CE,Combined TRACON& Tower with Radar,45,54,53,21,173,0,13,30,4,47,45,67,83,25,220,0,12,12,232
04/13/2007,LBB,TX,ASW,CE,Combined TRACON& Tower with Radar,38,68,23,9,138,0,5,1,0,6,38,73,24,9,144,0,0,0,144
04/14/2007,LBB,TX,ASW,CE,Combined TRACON& Tower with Radar,36,49,48,4,137,0,8,38,0,46,36,57,86,4,183,26,0,26,209
04/15/2007,LBB,TX,ASW,CE,Combined TRACON& Tower with Radar,35,36,34,12,117,0,6,92,2,100,35,42,126,14,217,100,0,100,317
04/16/2007,LBB,TX,ASW,CE,Combined TRACON& Tower with Radar,33,38,36,12,119,0,12,49,2,63,33,50,85,14,182,28,24,52,234
04/17/2007,LBB,TX,ASW,CE,Combined TRACON& Tower with Radar,37,60,22,4,123,0,1,13,2,16,37,61,35,6,139,0,0,0,139
04/18/2007,LBB,TX,ASW,CE,Combined TRACON& Tower with Radar,41,58,40,41,180,0,10,82,6,98,41,68,122,47,278,106,42,148,426
04/19/2007,LBB,TX,ASW,CE,Combined TRACON& Tower with Radar,46,67,46,22,181,0,10,63,9,82,46,77,109,31,263,0,0,0,263
04/20/2007,LBB,TX,ASW,CE,Combined TRACON& Tower with Radar,41,63,35,17,156,0,9,61,12,82,41,72,96,29,238,2,0,2,240
04/21/2007,LBB,TX,ASW,CE,Combined TRACON& Tower with Radar,35,32,23,3,93,0,8,38,0,46,35,40,61,3,139,30,0,30,169
04/22/2007,LBB,TX,ASW,CE,Combined TRACON& Tower with Radar,42,26,44,13,125,0,3,74,1,78,42,29,118,14,203,12,0,12,215
04/23/2007,LBB,TX,ASW,CE,Combined TRACON& Tower with Radar,36,38,30,50,154,0,8,33,2,43,36,46,63,52,197,32,18,50,247
04/24/2007,LBB,TX,ASW,CE,Combined TRACON& Tower with Radar,39,55,39,13,146,0,13,20,2,35,39,68,59,15,181,12,12,24,205
04/25/2007,LBB,TX,ASW,CE,Combined TRACON& Tower with Radar,40,66,38,24,168,0,15,42,82,139,40,81,80,106,307,0,0,0,307
04/26/2007,LBB,TX,ASW,CE,Combined TRACON& Tower with Radar,44,80,45,20,189,0,7,91,6,104,44,87,136,26,293,170,26,196,489
04/27/2007,LBB,TX,ASW,CE,Combined TRACON& Tower with Radar,41,55,40,50,186,0,15,66,10,91,41,70,106,60,277,0,0,0,277
04/28/2007,LBB,TX,ASW,CE,Combined TRACON& Tower with Radar,36,34,15,15,100,1,9,102,0,112,37,43,117,15,212,0,0,0,212
04/29/2007,LBB,TX,ASW,CE,Combined TRACON& Tower with Radar,35,24,20,7,86,0,9,31,0,40,35,33,51,7,126,0,0,0,126
04/30/2007,LBB,TX,ASW,CE,Combined TRACON& Tower with Radar,37,44,32,27,140,0,9,25,13,47,37,53,57,40,187,28,104,132,319
05/01/2007,LBB,TX,ASW,CE,Combined TRACON& Tower with Radar,42,52,30,56,180,0,14,50,14,78,42,66,80,70,258,0,0,0,258
05/02/2007,LBB,TX,ASW,CE,Combined TRACON& Tower with Radar,40,58,31,3,132,0,5,8,0,13,40,63,39,3,145,44,0,44,189
05/03/2007,LBB,TX,ASW,CE,Combined TRACON& Tower with Radar,42,59,45,47,193,0,14,64,7,85,42,73,109,54,278,60,6,66,344
05/04/2007,LBB,TX,ASW,CE,Combined TRACON& Tower with Radar,44,58,35,74,211,0,12,61,18,91,44,70,96,92,302,102,284,386,688
05/05/2007,LBB,TX,ASW,CE,Combined TRACON& Tower with Radar,36,31,27,18,112,0,4,41,7,52,36,35,68,25,164,0,12,12,176
05/06/2007,LBB,TX,ASW,CE,Combined TRACON& Tower with Radar,33,27,38,16,114,0,4,45,8,57,33,31,83,24,171,34,0,34,205
05/07/2007,LBB,TX,ASW,CE,Combined TRACON& Tower with Radar,35,41,29,40,145,0,5,30,5,40,35,46,59,45,185,82,14,96,281
05/08/2007,LBB,TX,ASW,CE,Combined TRACON& Tower with Radar,41,57,16,1,115,0,0,3,0,3,41,57,19,1,118,0,0,0,118
05/09/2007,LBB,TX,ASW,CE,Combined TRACON& Tower with Radar,41,64,40,0,145,0,4,11,0,15,41,68,51,0,160,16,0,16,176
05/10/2007,LBB,TX,ASW,CE,Combined TRACON& Tower with Radar,42,71,37,17,167,0,9,81,1,91,42,80,118,18,258,112,0,112,370
05/11/2007,LBB,TX,ASW,CE,Combined TRACON& Tower with Radar,45,62,49,38,194,0,9,89,11,109,45,71,138,49,303,0,0,0,303
05/12/2007,LBB,TX,ASW,CE,Combined TRACON& Tower with Radar,36,38,47,1,122,0,6,74,0,80,36,44,121,1,202,0,0,0,202
05/13/2007,LBB,TX,ASW,CE,Combined TRACON& Tower with Radar,28,25,34,10,97,0,7,50,1,58,28,32,84,11,155,0,0,0,155
05/14/2007,LBB,TX,ASW,CE,Combined TRACON& Tower with Radar,36,42,37,36,151,0,11,60,7,78,36,53,97,43,229,38,34,72,301
05/15/2007,LBB,TX,ASW,CE,Combined TRACON& Tower with Radar,43,54,42,19,158,0,12,31,1,44,43,66,73,20,202,0,0,0,202
05/16/2007,LBB,TX,ASW,CE,Combined TRACON& Tower with Radar,42,61,33,16,152,0,9,47,2,58,42,70,80,18,210,8,6,14,224
05/17/2007,LBB,TX,ASW,CE,Combined TRACON& Tower with Radar,43,59,37,23,162,0,14,22,1,37,43,73,59,24,199,16,0,16,215
05/18/2007,LBB,TX,ASW,CE,Combined TRACON& Tower with Radar,42,63,43,37,185,0,4,1,2,7,42,67,44,39,192,0,0,0,192
05/19/2007,LBB,TX,ASW,CE,Combined TRACON& Tower with Radar,38,37,23,1,99,0,8,16,1,25,38,45,39,2,124,14,0,14,138
05/20/2007,LBB,TX,ASW,CE,Combined TRACON& Tower with Radar,33,35,40,2,110,0,3,26,1,30,33,38,66,3,140,66,0,66,206
05/21/2007,LBB,TX,ASW,CE,Combined TRACON& Tower with Radar,35,46,26,18,125,0,12,17,1,30,35,58,43,19,155,0,0,0,155
05/22/2007,LBB,TX,ASW,CE,Combined TRACON& Tower with Radar,42,58,45,59,204,0,10,53,9,72,42,68,98,68,276,0,0,0,276
05/23/2007,LBB,TX,ASW,CE,Combined TRACON& Tower with Radar,41,59,44,47,191,0,13,37,6,56,41,72,81,53,247,6,64,70,317
05/24/2007,LBB,TX,ASW,CE,Combined TRACON& Tower with Radar,43,56,51,58,208,0,9,28,5,42,43,65,79,63,250,56,88,144,394
05/25/2007,LBB,TX,ASW,CE,Combined TRACON& Tower with Radar,45,60,50,42,197,0,9,28,3,40,45,69,78,45,237,66,18,84,321
05/26/2007,LBB,TX,ASW,CE,Combined TRACON& Tower with Radar,38,33,16,6,93,0,0,47,2,49,38,33,63,8,142,72,2,74,216
05/27/2007,LBB,TX,ASW,CE,Combined TRACON& Tower with Radar,28,19,16,6,69,0,4,31,0,35,28,23,47,6,104,34,0,34,138
05/28/2007,LBB,TX,ASW,CE,Combined TRACON& Tower with Radar,29,25,23,0,77,0,4,60,0,64,29,29,83,0,141,0,0,0,141
05/29/2007,LBB,TX,ASW,CE,Combined TRACON& Tower with Radar,35,45,40,63,183,0,9,39,6,54,35,54,79,69,237,18,112,130,367
05/30/2007,LBB,TX,ASW,CE,Combined TRACON& Tower with Radar,40,55,53,44,192,0,15,39,12,66,40,70,92,56,258,34,48,82,340
05/31/2007,LBB,TX,ASW,CE,Combined TRACON& Tower with Radar,43,53,25,2,123,0,2,14,1,17,43,55,39,3,140,0,0,0,140
06/01/2007,LBB,TX,ASW,CE,Combined TRACON& Tower with Radar,39,65,50,15,169,0,9,34,2,45,39,74,84,17,214,34,6,40,254
06/02/2007,LBB,TX,ASW,CE,Combined TRACON& Tower with Radar,38,38,24,0,100,0,6,40,0,46,38,44,64,0,146,92,0,92,238
06/03/2007,LBB,TX,ASW,CE,Combined TRACON& Tower with Radar,32,21,30,0,83,0,5,42,0,47,32,26,72,0,130,82,0,82,212
06/04/2007,LBB,TX,ASW,CE,Combined TRACON& Tower with Radar,35,41,29,37,142,0,19,53,4,76,35,60,82,41,218,62,6,68,286
06/05/2007,LBB,TX,ASW,CE,Combined TRACON& Tower with Radar,42,55,37,20,154,0,7,69,2,78,42,62,106,22,232,0,0,0,232
06/06/2007,LBB,TX,ASW,CE,Combined TRACON& Tower with Radar,42,56,35,14,147,0,10,22,2,34,42,66,57,16,181,0,0,0,181
06/07/2007,LBB,TX,ASW,CE,Combined TRACON& Tower with Radar,43,56,28,17,144,2,19,50,5,76,45,75,78,22,220,20,44,64,284
06/08/2007,LBB,TX,ASW,CE,Combined TRACON& Tower with Radar,42,61,36,50,189,0,10,55,12,77,42,71,91,62,266,20,122,142,408
06/09/2007,LBB,TX,ASW,CE,Combined TRACON& Tower with Radar,39,32,28,5,104,0,2,40,0,42,39,34,68,5,146,0,0,0,146
06/10/2007,LBB,TX,ASW,CE,Combined TRACON& Tower with Radar,32,25,37,5,99,0,5,45,0,50,32,30,82,5,149,72,0,72,221
06/11/2007,LBB,TX,ASW,CE,Combined TRACON& Tower with Radar,37,43,25,27,132,0,8,29,12,49,37,51,54,39,181,22,36,58,239
06/12/2007,LBB,TX,ASW,CE,Combined TRACON& Tower with Radar,42,55,31,16,144,0,13,27,4,44,42,68,58,20,188,0,0,0,188
06/13/2007,LBB,TX,ASW,CE,Combined TRACON& Tower with Radar,41,59,55,32,187,0,14,67,3,84,41,73,122,35,271,94,50,144,415
06/14/2007,LBB,TX,ASW,CE,Combined TRACON& Tower with Radar,42,59,33,23,157,0,7,55,3,65,42,66,88,26,222,46,22,68,290
06/15/2007,LBB,TX,ASW,CE,Combined TRACON& Tower with Radar,42,58,22,20,142,0,9,58,4,71,42,67,80,24,213,0,12,12,225
06/16/2007,LBB,TX,ASW,CE,Combined TRACON& Tower with Radar,37,29,26,0,92,0,6,32,0,38,37,35,58,0,130,0,0,0,130
06/17/2007,LBB,TX,ASW,CE,Combined TRACON& Tower with Radar,30,25,31,4,90,0,5,28,0,33,30,30,59,4,123,58,0,58,181
06/18/2007,LBB,TX,ASW,CE,Combined TRACON& Tower with Radar,33,36,25,25,119,0,14,37,8,59,33,50,62,33,178,24,6,30,208
06/19/2007,LBB,TX,ASW,CE,Combined TRACON& Tower with Radar,48,58,28,39,173,0,13,67,10,90,48,71,95,49,263,142,50,192,455
06/20/2007,LBB,TX,ASW,CE,Combined TRACON& Tower with Radar,38,59,40,30,167,0,7,61,5,73,38,66,101,35,240,50,12,62,302
06/21/2007,LBB,TX,ASW,CE,Combined TRACON& Tower with Radar,40,61,52,30,183,0,14,43,12,69,40,75,95,42,252,70,70,140,392
06/22/2007,LBB,TX,ASW,CE,Combined TRACON& Tower with Radar,42,55,45,41,183,0,9,45,7,61,42,64,90,48,244,34,70,104,348
06/23/2007,LBB,TX,ASW,CE,Combined TRACON& Tower with Radar,35,38,22,0,95,0,11,61,1,73,35,49,83,1,168,72,0,72,240
06/24/2007,LBB,TX,ASW,CE,Combined TRACON& Tower with Radar,32,31,25,29,117,0,4,57,3,64,32,35,82,32,181,52,38,90,271
06/25/2007,LBB,TX,ASW,CE,Combined TRACON& Tower with Radar,28,37,24,25,114,0,7,51,5,63,28,44,75,30,177,38,18,56,233
06/26/2007,LBB,TX,ASW,CE,Combined TRACON& Tower with Radar,46,67,35,25,173,0,4,35,3,42,46,71,70,28,215,0,0,0,215
06/27/2007,LBB,TX,ASW,CE,Combined TRACON& Tower with Radar,44,67,38,65,214,0,6,38,10,54,44,73,76,75,268,26,134,160,428
06/28/2007,LBB,TX,ASW,CE,Combined TRACON& Tower with Radar,45,67,40,97,249,0,11,45,14,70,45,78,85,111,319,46,162,208,527
06/29/2007,LBB,TX,ASW,CE,Combined TRACON& Tower with Radar,43,63,43,38,187,0,6,69,14,89,43,69,112,52,276,0,0,0,276
06/30/2007,LBB,TX,ASW,CE,Combined TRACON& Tower with Radar,35,39,39,9,122,0,12,69,2,83,35,51,108,11,205,114,22,136,341
07/01/2007,LBB,TX,ASW,CE,Combined TRACON& Tower with Radar,33,24,33,15,105,0,4,67,1,72,33,28,100,16,177,62,16,78,255
07/02/2007,LBB,TX,ASW,CE,Combined TRACON& Tower with Radar,39,35,36,54,164,0,13,38,6,57,39,48,74,60,221,44,36,80,301
07/03/2007,LBB,TX,ASW,CE,Combined TRACON& Tower with Radar,50,60,34,59,203,0,18,52,8,78,50,78,86,67,281,82,158,240,521
07/04/2007,LBB,TX,ASW,CE,Combined TRACON& Tower with Radar,32,29,19,5,85,0,3,16,0,19,32,32,35,5,104,30,0,30,134
07/05/2007,LBB,TX,ASW,CE,Combined TRACON& Tower with Radar,36,57,25,0,118,0,9,18,0,27,36,66,43,0,145,0,0,0,145
07/06/2007,LBB,TX,ASW,CE,Combined TRACON& Tower with Radar,44,60,34,45,183,0,5,48,16,69,44,65,82,61,252,56,76,132,384
07/07/2007,LBB,TX,ASW,CE,Combined TRACON& Tower with Radar,34,41,25,0,100,0,9,53,0,62,34,50,78,0,162,58,16,74,236
07/08/2007,LBB,TX,ASW,CE,Combined TRACON& Tower with Radar,33,24,41,1,99,0,7,43,4,54,33,31,84,5,153,40,6,46,199
07/09/2007,LBB,TX,ASW,CE,Combined TRACON& Tower with Radar,34,41,41,27,143,0,2,33,1,36,34,43,74,28,179,0,0,0,179
07/10/2007,LBB,TX,ASW,CE,Combined TRACON& Tower with Radar,43,58,29,20,150,0,8,51,3,62,43,66,80,23,212,0,0,0,212
07/11/2007,LBB,TX,ASW,CE,Combined TRACON& Tower with Radar,41,62,33,7,143,0,6,45,1,52,41,68,78,8,195,0,0,0,195
07/12/2007,LBB,TX,ASW,CE,Combined TRACON& Tower with Radar,39,61,51,43,194,0,12,70,4,86,39,73,121,47,280,0,0,0,280
07/13/2007,LBB,TX,ASW,CE,Combined TRACON& Tower with Radar,39,56,50,28,173,0,13,54,1,68,39,69,104,29,241,66,0,66,307
07/14/2007,LBB,TX,ASW,CE,Combined TRACON& Tower with Radar,36,36,27,12,111,0,6,67,1,74,36,42,94,13,185,52,0,52,237
07/15/2007,LBB,TX,ASW,CE,Combined TRACON& Tower with Radar,30,33,22,0,85,0,7,73,0,80,30,40,95,0,165,46,0,46,211
07/16/2007,LBB,TX,ASW,CE,Combined TRACON& Tower with Radar,33,40,29,3,105,0,10,72,0,82,33,50,101,3,187,0,0,0,187
07/17/2007,LBB,TX,ASW,CE,Combined TRACON& Tower with Radar,41,54,28,29,152,0,9,88,2,99,41,63,116,31,251,0,0,0,251
07/18/2007,LBB,TX,ASW,CE,Combined TRACON& Tower with Radar,41,65,41,21,168,0,14,76,8,98,41,79,117,29,266,36,54,90,356
07/19/2007,LBB,TX,ASW,CE,Combined TRACON& Tower with Radar,39,59,42,43,183,0,7,64,20,91,39,66,106,63,274,22,0,22,296
07/20/2007,LBB,TX,ASW,CE,Combined TRACON& Tower with Radar,41,65,44,12,162,0,9,43,11,63,41,74,87,23,225,34,0,34,259
07/21/2007,LBB,TX,ASW,CE,Combined TRACON& Tower with Radar,37,38,25,2,102,0,4,17,0,21,37,42,42,2,123,34,0,34,157
07/22/2007,LBB,TX,ASW,CE,Combined TRACON& Tower with Radar,32,39,30,6,107,0,7,26,2,35,32,46,56,8,142,70,6,76,218
07/23/2007,LBB,TX,ASW,CE,Combined TRACON& Tower with Radar,34,41,31,42,148,0,7,32,4,43,34,48,63,46,191,60,58,118,309
07/24/2007,LBB,TX,ASW,CE,Combined TRACON& Tower with Radar,42,60,39,20,161,0,14,44,0,58,42,74,83,20,219,44,2,46,265
07/25/2007,LBB,TX,ASW,CE,Combined TRACON& Tower with Radar,40,54,41,66,201,0,12,36,2,50,40,66,77,68,251,32,54,86,337
07/26/2007,LBB,TX,ASW,CE,Combined TRACON& Tower with Radar,37,61,40,61,199,0,16,61,9,86,37,77,101,70,285,18,46,64,349
07/27/2007,LBB,TX,ASW,CE,Combined TRACON& Tower with Radar,46,66,48,65,225,0,9,32,9,50,46,75,80,74,275,0,0,0,275
07/28/2007,LBB,TX,ASW,CE,Combined TRACON& Tower with Radar,35,37,16,0,88,0,10,71,0,81,35,47,87,0,169,66,0,66,235
07/29/2007,LBB,TX,ASW,CE,Combined TRACON& Tower with Radar,32,27,36,3,98,0,3,36,0,39,32,30,72,3,137,16,0,16,153
07/30/2007,LBB,TX,ASW,CE,Combined TRACON& Tower with Radar,32,45,35,27,139,0,7,22,11,40,32,52,57,38,179,34,22,56,235
07/31/2007,LBB,TX,ASW,CE,Combined TRACON& Tower with Radar,39,61,51,34,185,0,11,27,1,39,39,72,78,35,224,56,0,56,280
08/01/2007,LBB,TX,ASW,CE,Combined TRACON& Tower with Radar,42,58,54,27,181,0,12,35,0,47,42,70,89,27,228,42,14,56,284
08/02/2007,LBB,TX,ASW,CE,Combined TRACON& Tower with Radar,46,58,43,19,166,0,11,7,0,18,46,69,50,19,184,14,36,50,234
08/03/2007,LBB,TX,ASW,CE,Combined TRACON& Tower with Radar,43,66,45,2,156,0,4,18,0,22,43,70,63,2,178,40,0,40,218
08/04/2007,LBB,TX,ASW,CE,Combined TRACON& Tower with Radar,39,34,55,11,139,0,1,57,1,59,39,35,112,12,198,20,0,20,218
08/05/2007,LBB,TX,ASW,CE,Combined TRACON& Tower with Radar,31,31,33,19,114,0,8,42,0,50,31,39,75,19,164,12,18,30,194
08/06/2007,LBB,TX,ASW,CE,Combined TRACON& Tower with Radar,33,44,34,26,137,0,9,33,4,46,33,53,67,30,183,42,2,44,227
08/07/2007,LBB,TX,ASW,CE,Combined TRACON& Tower with Radar,42,55,49,37,183,0,11,57,9,77,42,66,106,46,260,40,14,54,314
08/08/2007,LBB,TX,ASW,CE,Combined TRACON& Tower with Radar,39,63,69,25,196,0,15,83,10,108,39,78,152,35,304,88,22,110,414
08/09/2007,LBB,TX,ASW,CE,Combined TRACON& Tower with Radar,42,65,46,32,185,0,12,61,5,78,42,77,107,37,263,66,4,70,333
08/10/2007,LBB,TX,ASW,CE,Combined TRACON& Tower with Radar,43,61,43,57,204,0,12,71,6,89,43,73,114,63,293,44,40,84,377
08/11/2007,LBB,TX,ASW,CE,Combined TRACON& Tower with Radar,36,36,29,25,126,0,7,62,2,71,36,43,91,27,197,46,0,46,243
08/12/2007,LBB,TX,ASW,CE,Combined TRACON& Tower with Radar,32,29,30,12,103,0,5,45,0,50,32,34,75,12,153,26,0,26,179
08/13/2007,LBB,TX,ASW,CE,Combined TRACON& Tower with Radar,30,45,41,41,157,0,14,51,4,69,30,59,92,45,226,0,0,0,226
08/14/2007,LBB,TX,ASW,CE,Combined TRACON& Tower with Radar,38,54,41,36,169,0,32,55,14,101,38,86,96,50,270,60,92,152,422
08/15/2007,LBB,TX,ASW,CE,Combined TRACON& Tower with Radar,36,58,43,45,182,0,23,66,3,92,36,81,109,48,274,44,28,72,346
08/16/2007,LBB,TX,ASW,CE,Combined TRACON& Tower with Radar,35,58,48,63,204,0,14,52,4,70,35,72,100,67,274,84,22,106,380
08/17/2007,LBB,TX,ASW,CE,Combined TRACON& Tower with Radar,42,61,44,25,172,0,7,30,4,41,42,68,74,29,213,50,38,88,301
08/18/2007,LBB,TX,ASW,CE,Combined TRACON& Tower with Radar,38,37,23,0,98,0,2,9,0,11,38,39,32,0,109,0,0,0,109
08/19/2007,LBB,TX,ASW,CE,Combined TRACON& Tower with Radar,32,34,45,21,132,0,7,52,0,59,32,41,97,21,191,74,0,74,265
08/20/2007,LBB,TX,ASW,CE,Combined TRACON& Tower with Radar,32,48,27,51,158,0,13,56,2,71,32,61,83,53,229,0,0,0,229
08/21/2007,LBB,TX,ASW,CE,Combined TRACON& Tower with Radar,42,61,42,44,189,0,11,31,3,45,42,72,73,47,234,4,4,8,242
08/22/2007,LBB,TX,ASW,CE,Combined TRACON& Tower with Radar,41,56,63,46,206,0,11,25,9,45,41,67,88,55,251,30,32,62,313
08/23/2007,LBB,TX,ASW,CE,Combined TRACON& Tower with Radar,41,61,43,46,191,0,9,41,8,58,41,70,84,54,249,16,20,36,285
08/24/2007,LBB,TX,ASW,CE,Combined TRACON& Tower with Radar,39,61,41,43,184,0,6,43,9,58,39,67,84,52,242,0,0,0,242
08/25/2007,LBB,TX,ASW,CE,Combined TRACON& Tower with Radar,38,37,35,4,114,0,5,80,0,85,38,42,115,4,199,68,6,74,273
08/26/2007,LBB,TX,ASW,CE,Combined TRACON& Tower with Radar,33,36,19,29,117,0,13,44,5,62,33,49,63,34,179,0,0,0,179
08/27/2007,LBB,TX,ASW,CE,Combined TRACON& Tower with Radar,34,41,28,23,126,0,16,56,1,73,34,57,84,24,199,0,0,0,199
08/28/2007,LBB,TX,ASW,CE,Combined TRACON& Tower with Radar,41,59,51,71,222,0,8,64,3,75,41,67,115,74,297,18,62,80,377
08/29/2007,LBB,TX,ASW,CE,Combined TRACON& Tower with Radar,41,52,54,43,190,0,5,31,5,41,41,57,85,48,231,52,36,88,319
08/30/2007,LBB,TX,ASW,CE,Combined TRACON& Tower with Radar,45,55,50,19,169,0,1,28,1,30,45,56,78,20,199,10,10,20,219
08/31/2007,LBB,TX,ASW,CE,Combined TRACON& Tower with Radar,42,66,59,30,197,0,6,34,5,45,42,72,93,35,242,0,0,0,242
09/01/2007,LBB,TX,ASW,CE,Combined TRACON& Tower with Radar,41,47,24,20,132,0,6,54,0,60,41,53,78,20,192,30,0,30,222
09/02/2007,LBB,TX,ASW,CE,Combined TRACON& Tower with Radar,27,24,25,6,82,0,5,40,0,45,27,29,65,6,127,0,0,0,127
09/03/2007,LBB,TX,ASW,CE,Combined TRACON& Tower with Radar,29,34,45,1,109,0,9,35,0,44,29,43,80,1,153,45,0,45,198
09/04/2007,LBB,TX,ASW,CE,Combined TRACON& Tower with Radar,39,44,34,59,176,0,10,25,1,36,39,54,59,60,212,52,6,58,270
09/05/2007,LBB,TX,ASW,CE,Combined TRACON& Tower with Radar,41,61,55,33,190,0,11,51,3,65,41,72,106,36,255,124,10,134,389
09/06/2007,LBB,TX,ASW,CE,Combined TRACON& Tower with Radar,35,62,31,22,150,0,11,37,2,50,35,73,68,24,200,48,6,54,254
09/07/2007,LBB,TX,ASW,CE,Combined TRACON& Tower with Radar,41,64,56,6,167,0,8,27,1,36,41,72,83,7,203,0,0,0,203
09/08/2007,LBB,TX,ASW,CE,Combined TRACON& Tower with Radar,33,43,29,2,107,0,4,64,0,68,33,47,93,2,175,0,0,0,175
09/09/2007,LBB,TX,ASW,CE,Combined TRACON& Tower with Radar,35,29,35,13,112,0,6,23,0,29,35,35,58,13,141,0,0,0,141
09/10/2007,LBB,TX,ASW,CE,Combined TRACON& Tower with Radar,33,40,48,33,154,0,0,16,0,16,33,40,64,33,170,0,0,0,170
09/11/2007,LBB,TX,ASW,CE,Combined TRACON& Tower with Radar,40,62,43,35,180,0,4,27,3,34,40,66,70,38,214,0,0,0,214
09/12/2007,LBB,TX,ASW,CE,Combined TRACON& Tower with Radar,34,62,26,33,155,0,6,41,5,52,34,68,67,38,207,78,66,144,351
09/13/2007,LBB,TX,ASW,CE,Combined TRACON& Tower with Radar,40,71,30,18,159,0,8,78,3,89,40,79,108,21,248,86,16,102,350
09/14/2007,LBB,TX,ASW,CE,Combined TRACON& Tower with Radar,41,73,37,41,192,0,5,69,8,82,41,78,106,49,274,122,20,142,416
09/15/2007,LBB,TX,ASW,CE,Combined TRACON& Tower with Radar,34,41,39,12,126,0,5,30,1,36,34,46,69,13,162,0,0,0,162
09/16/2007,LBB,TX,ASW,CE,Combined TRACON& Tower with Radar,36,29,42,22,129,0,9,48,4,61,36,38,90,26,190,0,0,0,190
09/17/2007,LBB,TX,ASW,CE,Combined TRACON& Tower with Radar,28,41,20,3,92,0,7,19,1,27,28,48,39,4,119,0,0,0,119
09/18/2007,LBB,TX,ASW,CE,Combined TRACON& Tower with Radar,39,55,45,9,148,0,6,29,0,35,39,61,74,9,183,42,0,42,225
09/19/2007,LBB,TX,ASW,CE,Combined TRACON& Tower with Radar,38,54,41,74,207,0,7,38,15,60,38,61,79,89,267,70,74,144,411
09/20/2007,LBB,TX,ASW,CE,Combined TRACON& Tower with Radar,39,61,44,42,186,0,13,35,2,50,39,74,79,44,236,0,0,0,236
09/21/2007,LBB,TX,ASW,CE,Combined TRACON& Tower with Radar,40,57,39,21,157,0,13,58,2,73,40,70,97,23,230,0,0,0,230
09/22/2007,LBB,TX,ASW,CE,Combined TRACON& Tower with Radar,35,39,29,20,123,0,10,64,10,84,35,49,93,30,207,78,0,78,285
09/23/2007,LBB,TX,ASW,CE,Combined TRACON& Tower with Radar,35,29,13,5,82,0,5,56,5,66,35,34,69,10,148,0,0,0,148
09/24/2007,LBB,TX,ASW,CE,Combined TRACON& Tower with Radar,33,47,33,44,157,0,8,38,13,59,33,55,71,57,216,0,0,0,216
09/25/2007,LBB,TX,ASW,CE,Combined TRACON& Tower with Radar,37,67,23,21,148,0,15,45,4,64,37,82,68,25,212,74,28,102,314
09/26/2007,LBB,TX,ASW,CE,Combined TRACON& Tower with Radar,38,57,29,36,160,0,9,33,2,44,38,66,62,38,204,30,4,34,238
09/27/2007,LBB,TX,ASW,CE,Combined TRACON& Tower with Radar,40,67,35,45,187,0,15,37,4,56,40,82,72,49,243,36,46,82,325
09/28/2007,LBB,TX,ASW,CE,Combined TRACON& Tower with Radar,36,73,72,0,181,0,10,52,7,69,36,83,124,7,250,72,0,72,322
09/29/2007,LBB,TX,ASW,CE,Combined TRACON& Tower with Radar,35,49,25,4,113,0,5,36,3,44,35,54,61,7,157,0,0,0,157
09/30/2007,LBB,TX,ASW,CE,Combined TRACON& Tower with Radar,32,33,52,1,118,0,6,45,0,51,32,39,97,1,169,0,0,0,169
10/01/2007,LBB,TX,ASW,CE,Combined TRACON& Tower with Radar,34,49,28,40,151,0,8,36,7,51,34,57,64,47,202,0,0,0,202
10/02/2007,LBB,TX,ASW,CE,Combined TRACON& Tower with Radar,39,67,25,31,162,0,13,37,0,50,39,80,62,31,212,0,0,0,212
10/03/2007,LBB,TX,ASW,CE,Combined TRACON& Tower with Radar,41,62,41,39,183,0,12,44,0,56,41,74,85,39,239,16,12,28,267
10/04/2007,LBB,TX,ASW,CE,Combined TRACON& Tower with Radar,39,61,33,48,181,0,8,53,4,65,39,69,86,52,246,0,0,0,246
10/05/2007,LBB,TX,ASW,CE,Combined TRACON& Tower with Radar,40,65,44,33,182,0,13,55,4,72,40,78,99,37,254,0,0,0,254
10/06/2007,LBB,TX,ASW,CE,Combined TRACON& Tower with Radar,37,45,38,2,122,0,14,41,0,55,37,59,79,2,177,0,0,0,177
10/07/2007,LBB,TX,ASW,CE,Combined TRACON& Tower with Radar,33,30,31,0,94,0,12,60,0,72,33,42,91,0,166,0,0,0,166
10/08/2007,LBB,TX,ASW,CE,Combined TRACON& Tower with Radar,31,43,17,17,108,0,7,72,0,79,31,50,89,17,187,0,0,0,187
10/09/2007,LBB,TX,ASW,CE,Combined TRACON& Tower with Radar,41,61,35,32,169,0,6,81,4,91,41,67,116,36,260,0,0,0,260
10/10/2007,LBB,TX,ASW,CE,Combined TRACON& Tower with Radar,40,66,39,23,168,0,2,78,2,82,40,68,117,25,250,0,0,0,250
10/11/2007,LBB,TX,ASW,CE,Combined TRACON& Tower with Radar,43,73,42,14,172,0,7,58,1,66,43,80,100,15,238,0,0,0,238
10/12/2007,LBB,TX,ASW,CE,Combined TRACON& Tower with Radar,40,67,54,27,188,0,20,66,0,86,40,87,120,27,274,38,0,38,312
10/13/2007,LBB,TX,ASW,CE,Combined TRACON& Tower with Radar,34,54,62,5,155,0,14,140,3,157,34,68,202,8,312,0,0,0,312
10/14/2007,LBB,TX,ASW,CE,Combined TRACON& Tower with Radar,30,33,46,11,120,0,6,75,2,83,30,39,121,13,203,64,0,64,267
10/15/2007,LBB,TX,ASW,CE,Combined TRACON& Tower with Radar,37,45,21,77,180,0,4,43,6,53,37,49,64,83,233,0,0,0,233
10/16/2007,LBB,TX,ASW,CE,Combined TRACON& Tower with Radar,41,66,26,28,161,0,12,41,1,54,41,78,67,29,215,28,54,82,297
10/17/2007,LBB,TX,ASW,CE,Combined TRACON& Tower with Radar,41,63,24,57,185,0,1,16,2,19,41,64,40,59,204,0,0,0,204
10/18/2007,LBB,TX,ASW,CE,Combined TRACON& Tower with Radar,43,64,44,30,181,0,10,29,3,42,43,74,73,33,223,0,0,0,223
10/19/2007,LBB,TX,ASW,CE,Combined TRACON& Tower with Radar,45,54,50,45,194,0,4,83,8,95,45,58,133,53,289,0,0,0,289
10/20/2007,LBB,TX,ASW,CE,Combined TRACON& Tower with Radar,31,39,31,9,110,0,11,35,1,47,31,50,66,10,157,0,0,0,157
10/21/2007,LBB,TX,ASW,CE,Combined TRACON& Tower with Radar,36,29,26,4,95,0,3,43,2,48,36,32,69,6,143,0,0,0,143
10/22/2007,LBB,TX,ASW,CE,Combined TRACON& Tower with Radar,31,37,34,111,213,0,10,9,17,36,31,47,43,128,249,0,0,0,249
10/23/2007,LBB,TX,ASW,CE,Combined TRACON& Tower with Radar,44,58,45,75,222,0,2,43,7,52,44,60,88,82,274,36,50,86,360
10/24/2007,LBB,TX,ASW,CE,Combined TRACON& Tower with Radar,38,62,27,45,172,0,8,47,2,57,38,70,74,47,229,34,22,56,285
10/25/2007,LBB,TX,ASW,CE,Combined TRACON& Tower with Radar,41,66,44,18,169,0,3,61,2,66,41,69,105,20,235,0,0,0,235
10/26/2007,LBB,TX,ASW,CE,Combined TRACON& Tower with Radar,43,55,47,50,195,0,9,75,4,88,43,64,122,54,283,0,0,0,283
10/27/2007,LBB,TX,ASW,CE,Combined TRACON& Tower with Radar,33,48,47,0,128,0,3,84,1,88,33,51,131,1,216,0,0,0,216
10/28/2007,LBB,TX,ASW,CE,Combined TRACON& Tower with Radar,31,30,29,21,111,0,7,56,1,64,31,37,85,22,175,0,0,0,175
10/29/2007,LBB,TX,ASW,CE,Combined TRACON& Tower with Radar,34,46,29,18,127,0,15,39,0,54,34,61,68,18,181,0,0,0,181
10/30/2007,LBB,TX,ASW,CE,Combined TRACON& Tower with Radar,41,60,44,24,169,0,10,53,1,64,41,70,97,25,233,0,0,0,233
10/31/2007,LBB,TX,ASW,CE,Combined TRACON& Tower with Radar,37,61,27,29,154,0,10,31,4,45,37,71,58,33,199,4,26,30,229
11/01/2007,LBB,TX,ASW,CE,Combined TRACON& Tower with Radar,41,63,42,35,181,0,7,51,2,60,41,70,93,37,241,0,0,0,241
11/02/2007,LBB,TX,ASW,CE,Combined TRACON& Tower with Radar,41,67,50,16,174,0,6,67,5,78,41,73,117,21,252,0,0,0,252
11/03/2007,LBB,TX,ASW,CE,Combined TRACON& Tower with Radar,36,39,35,3,113,0,3,38,0,41,36,42,73,3,154,0,0,0,154
11/04/2007,LBB,TX,ASW,CE,Combined TRACON& Tower with Radar,32,31,30,4,97,0,7,41,0,48,32,38,71,4,145,0,0,0,145
11/05/2007,LBB,TX,ASW,CE,Combined TRACON& Tower with Radar,36,42,23,11,112,0,9,33,5,47,36,51,56,16,159,0,0,0,159
11/06/2007,LBB,TX,ASW,CE,Combined TRACON& Tower with Radar,39,70,30,45,184,0,7,45,4,56,39,77,75,49,240,10,22,32,272
11/07/2007,LBB,TX,ASW,CE,Combined TRACON& Tower with Radar,43,60,62,5,170,0,4,59,1,64,43,64,121,6,234,22,0,22,256
11/08/2007,LBB,TX,ASW,CE,Combined TRACON& Tower with Radar,42,62,33,17,154,0,11,48,6,65,42,73,81,23,219,0,0,0,219
11/09/2007,LBB,TX,ASW,CE,Combined TRACON& Tower with Radar,47,63,44,25,179,0,3,56,8,67,47,66,100,33,246,0,0,0,246
11/10/2007,LBB,TX,ASW,CE,Combined TRACON& Tower with Radar,39,39,20,13,111,0,6,51,2,59,39,45,71,15,170,0,0,0,170
11/11/2007,LBB,TX,ASW,CE,Combined TRACON& Tower with Radar,34,35,31,7,107,0,7,35,2,44,34,42,66,9,151,0,14,14,165
11/12/2007,LBB,TX,ASW,CE,Combined TRACON& Tower with Radar,37,31,50,4,122,0,0,18,0,18,37,31,68,4,140,0,0,0,140
11/13/2007,LBB,TX,ASW,CE,Combined TRACON& Tower with Radar,42,68,33,65,208,0,10,28,2,40,42,78,61,67,248,0,0,0,248
11/14/2007,LBB,TX,ASW,CE,Combined TRACON& Tower with Radar,38,61,29,33,161,1,5,28,0,34,39,66,57,33,195,0,0,0,195
11/15/2007,LBB,TX,ASW,CE,Combined TRACON& Tower with Radar,45,73,58,24,200,0,8,59,2,69,45,81,117,26,269,20,6,26,295
11/16/2007,LBB,TX,ASW,CE,Combined TRACON& Tower with Radar,44,71,62,20,197,0,7,55,3,65,44,78,117,23,262,16,0,16,278
11/17/2007,LBB,TX,ASW,CE,Combined TRACON& Tower with Radar,38,43,65,16,162,0,5,85,0,90,38,48,150,16,252,0,0,0,252
11/18/2007,LBB,TX,ASW,CE,Combined TRACON& Tower with Radar,36,34,67,34,171,0,11,83,3,97,36,45,150,37,268,62,6,68,336
11/19/2007,LBB,TX,ASW,CE,Combined TRACON& Tower with Radar,36,44,24,54,158,1,9,49,8,67,37,53,73,62,225,50,52,102,327
11/20/2007,LBB,TX,ASW,CE,Combined TRACON& Tower with Radar,46,66,57,70,239,0,6,43,4,53,46,72,100,74,292,28,90,118,410
11/21/2007,LBB,TX,ASW,CE,Combined TRACON& Tower with Radar,43,76,39,24,182,0,12,22,2,36,43,88,61,26,218,0,0,0,218
11/22/2007,LBB,TX,ASW,CE,Combined TRACON& Tower with Radar,30,22,16,0,68,0,2,9,0,11,30,24,25,0,79,0,0,0,79
11/23/2007,LBB,TX,ASW,CE,Combined TRACON& Tower with Radar,35,45,26,0,106,0,2,6,0,8,35,47,32,0,114,0,0,0,114
11/24/2007,LBB,TX,ASW,CE,Combined TRACON& Tower with Radar,39,38,10,2,89,0,3,0,0,3,39,41,10,2,92,0,0,0,92
11/25/2007,LBB,TX,ASW,CE,Combined TRACON& Tower with Radar,34,33,33,0,100,0,2,9,0,11,34,35,42,0,111,0,0,0,111
11/26/2007,LBB,TX,ASW,CE,Combined TRACON& Tower with Radar,39,45,25,12,121,0,14,53,0,67,39,59,78,12,188,0,0,0,188
11/27/2007,LBB,TX,ASW,CE,Combined TRACON& Tower with Radar,41,75,53,20,189,0,7,38,2,47,41,82,91,22,236,0,0,0,236
11/28/2007,LBB,TX,ASW,CE,Combined TRACON& Tower with Radar,43,59,50,19,171,0,3,23,0,26,43,62,73,19,197,0,0,0,197
11/29/2007,LBB,TX,ASW,CE,Combined TRACON& Tower with Radar,45,65,55,16,181,0,9,48,0,57,45,74,103,16,238,0,0,0,238
11/30/2007,LBB,TX,ASW,CE,Combined TRACON& Tower with Radar,44,74,37,48,203,0,7,21,2,30,44,81,58,50,233,0,0,0,233
12/01/2007,LBB,TX,ASW,CE,Combined TRACON& Tower with Radar,38,37,22,0,97,0,0,5,0,5,38,37,27,0,102,0,0,0,102
12/02/2007,LBB,TX,ASW,CE,Combined TRACON& Tower with Radar,36,33,33,14,116,0,8,26,0,34,36,41,59,14,150,4,0,4,154
12/03/2007,LBB,TX,ASW,CE,Combined TRACON& Tower with Radar,35,36,28,22,121,0,11,45,6,62,35,47,73,28,183,18,20,38,221
12/04/2007,LBB,TX,ASW,CE,Combined TRACON& Tower with Radar,43,62,41,17,163,0,6,68,1,75,43,68,109,18,238,0,0,0,238
12/05/2007,LBB,TX,ASW,CE,Combined TRACON& Tower with Radar,42,63,48,6,159,0,8,40,0,48,42,71,88,6,207,0,0,0,207
12/06/2007,LBB,TX,ASW,CE,Combined TRACON& Tower with Radar,45,67,47,16,175,0,6,48,5,59,45,73,95,21,234,0,0,0,234
12/07/2007,LBB,TX,ASW,CE,Combined TRACON& Tower with Radar,44,63,44,80,231,0,12,33,2,47,44,75,77,82,278,66,18,84,362
12/08/2007,LBB,TX,ASW,CE,Combined TRACON& Tower with Radar,39,40,29,2,110,0,1,8,0,9,39,41,37,2,119,0,0,0,119
12/09/2007,LBB,TX,ASW,CE,Combined TRACON& Tower with Radar,34,23,13,0,70,0,0,0,0,0,34,23,13,0,70,0,0,0,70
12/10/2007,LBB,TX,ASW,CE,Combined TRACON& Tower with Radar,33,27,3,0,63,0,0,0,0,0,33,27,3,0,63,0,0,0,63
12/11/2007,LBB,TX,ASW,CE,Combined TRACON& Tower with Radar,45,56,30,20,151,0,2,7,0,9,45,58,37,20,160,0,0,0,160
12/12/2007,LBB,TX,ASW,CE,Combined TRACON& Tower with Radar,43,64,35,10,152,0,7,34,0,41,43,71,69,10,193,0,0,0,193
12/13/2007,LBB,TX,ASW,CE,Combined TRACON& Tower with Radar,41,79,43,25,188,0,7,58,1,66,41,86,101,26,254,108,28,136,390
12/14/2007,LBB,TX,ASW,CE,Combined TRACON& Tower with Radar,43,52,22,0,117,0,0,0,0,0,43,52,22,0,117,0,0,0,117
12/15/2007,LBB,TX,ASW,CE,Combined TRACON& Tower with Radar,34,39,23,2,98,0,9,17,0,26,34,48,40,2,124,0,0,0,124
12/16/2007,LBB,TX,ASW,CE,Combined TRACON& Tower with Radar,32,31,32,27,122,0,13,45,5,63,32,44,77,32,185,48,8,56,241
12/17/2007,LBB,TX,ASW,CE,Combined TRACON& Tower with Radar,32,49,30,29,140,0,12,60,2,74,32,61,90,31,214,24,36,60,274
12/18/2007,LBB,TX,ASW,CE,Combined TRACON& Tower with Radar,37,65,47,61,210,0,6,49,0,55,37,71,96,61,265,80,30,110,375
12/19/2007,LBB,TX,ASW,CE,Combined TRACON& Tower with Radar,36,72,47,20,175,0,17,55,4,76,36,89,102,24,251,0,0,0,251
12/20/2007,LBB,TX,ASW,CE,Combined TRACON& Tower with Radar,39,79,35,15,168,0,5,78,2,85,39,84,113,17,253,0,0,0,253
12/21/2007,LBB,TX,ASW,CE,Combined TRACON& Tower with Radar,39,80,68,0,187,0,6,60,0,66,39,86,128,0,253,0,0,0,253
12/22/2007,LBB,TX,ASW,CE,Combined TRACON& Tower with Radar,34,46,21,0,101,0,7,6,0,13,34,53,27,0,114,0,0,0,114
12/23/2007,LBB,TX,ASW,CE,Combined TRACON& Tower with Radar,28,32,16,0,76,1,6,52,0,59,29,38,68,0,135,0,0,0,135
12/24/2007,LBB,TX,ASW,CE,Combined TRACON& Tower with Radar,29,46,15,0,90,0,9,48,0,57,29,55,63,0,147,0,0,0,147
12/25/2007,LBB,TX,ASW,CE,Combined TRACON& Tower with Radar,28,24,8,0,60,0,6,20,0,26,28,30,28,0,86,0,0,0,86
12/26/2007,LBB,TX,ASW,CE,Combined TRACON& Tower with Radar,44,56,46,2,148,0,5,37,0,42,44,61,83,2,190,0,0,0,190
12/27/2007,LBB,TX,ASW,CE,Combined TRACON& Tower with Radar,38,69,28,0,135,0,12,12,0,24,38,81,40,0,159,6,0,6,165
12/28/2007,LBB,TX,ASW,CE,Combined TRACON& Tower with Radar,39,59,27,0,125,0,7,49,0,56,39,66,76,0,181,0,0,0,181
12/29/2007,LBB,TX,ASW,CE,Combined TRACON& Tower with Radar,31,42,21,0,94,0,6,41,0,47,31,48,62,0,141,0,0,0,141
12/30/2007,LBB,TX,ASW,CE,Combined TRACON& Tower with Radar,30,34,24,0,88,0,12,29,0,41,30,46,53,0,129,8,0,8,137
12/31/2007,LBB,TX,ASW,CE,Combined TRACON& Tower with Radar,26,43,32,0,101,0,8,19,0,27,26,51,51,0,128,0,0,0,128
01/01/2008,LBB,TX,ASW,CE,Combined TRACON& Tower with Radar,25,32,19,0,76,0,10,26,0,36,25,42,45,0,112,28,0,28,140
01/02/2008,LBB,TX,ASW,CE,Combined TRACON& Tower with Radar,46,52,33,2,133,0,12,34,0,46,46,64,67,2,179,0,0,0,179
01/03/2008,LBB,TX,ASW,CE,Combined TRACON& Tower with Radar,40,65,48,4,157,0,6,31,0,37,40,71,79,4,194,0,12,12,206
01/04/2008,LBB,TX,ASW,CE,Combined TRACON& Tower with Radar,41,61,44,25,171,0,4,34,2,40,41,65,78,27,211,10,20,30,241
01/05/2008,LBB,TX,ASW,CE,Combined TRACON& Tower with Radar,34,34,28,2,98,0,3,17,0,20,34,37,45,2,118,0,0,0,118
01/06/2008,LBB,TX,ASW,CE,Combined TRACON& Tower with Radar,31,27,28,0,86,0,10,25,0,35,31,37,53,0,121,10,0,10,131
01/07/2008,LBB,TX,ASW,CE,Combined TRACON& Tower with Radar,34,44,20,10,108,0,11,28,1,40,34,55,48,11,148,4,4,8,156
01/08/2008,LBB,TX,ASW,CE,Combined TRACON& Tower with Radar,41,57,61,36,195,0,7,47,2,56,41,64,108,38,251,0,0,0,251
01/09/2008,LBB,TX,ASW,CE,Combined TRACON& Tower with Radar,40,56,43,11,150,0,2,38,0,40,40,58,81,11,190,0,0,0,190
01/10/2008,LBB,TX,ASW,CE,Combined TRACON& Tower with Radar,42,61,47,19,169,0,4,29,4,37,42,65,76,23,206,0,0,0,206
01/11/2008,LBB,TX,ASW,CE,Combined TRACON& Tower with Radar,42,63,38,7,150,0,11,72,0,83,42,74,110,7,233,0,0,0,233
01/12/2008,LBB,TX,ASW,CE,Combined TRACON& Tower with Radar,32,44,37,1,114,0,18,65,0,83,32,62,102,1,197,0,0,0,197
01/13/2008,LBB,TX,ASW,CE,Combined TRACON& Tower with Radar,31,36,21,5,93,0,8,36,1,45,31,44,57,6,138,14,0,14,152
01/14/2008,LBB,TX,ASW,CE,Combined TRACON& Tower with Radar,30,42,24,1,97,0,4,38,0,42,30,46,62,1,139,54,0,54,193
01/15/2008,LBB,TX,ASW,CE,Combined TRACON& Tower with Radar,43,68,34,0,145,0,6,32,0,38,43,74,66,0,183,0,0,0,183
01/16/2008,LBB,TX,ASW,CE,Combined TRACON& Tower with Radar,37,49,44,0,130,0,2,18,0,20,37,51,62,0,150,0,0,0,150
01/17/2008,LBB,TX,ASW,CE,Combined TRACON& Tower with Radar,39,60,53,0,152,0,8,51,0,59,39,68,104,0,211,28,0,28,239
01/18/2008,LBB,TX,ASW,CE,Combined TRACON& Tower with Radar,43,63,52,2,160,0,7,55,0,62,43,70,107,2,222,52,0,52,274
01/19/2008,LBB,TX,ASW,CE,Combined TRACON& Tower with Radar,36,39,17,0,92,0,5,38,0,43,36,44,55,0,135,0,0,0,135
01/20/2008,LBB,TX,ASW,CE,Combined TRACON& Tower with Radar,33,32,21,10,96,0,11,14,0,25,33,43,35,10,121,0,0,0,121
01/21/2008,LBB,TX,ASW,CE,Combined TRACON& Tower with Radar,31,39,39,2,111,0,11,29,0,40,31,50,68,2,151,6,0,6,157
01/22/2008,LBB,TX,ASW,CE,Combined TRACON& Tower with Radar,42,63,38,1,144,0,10,8,1,19,42,73,46,2,163,0,0,0,163
01/23/2008,LBB,TX,ASW,CE,Combined TRACON& Tower with Radar,39,58,40,2,139,0,9,37,0,46,39,67,77,2,185,84,0,84,269
01/24/2008,LBB,TX,ASW,CE,Combined TRACON& Tower with Radar,43,76,31,0,150,0,7,22,0,29,43,83,53,0,179,0,0,0,179
01/25/2008,LBB,TX,ASW,CE,Combined TRACON& Tower with Radar,39,51,28,8,126,0,3,11,0,14,39,54,39,8,140,64,10,74,214
01/26/2008,LBB,TX,ASW,CE,Combined TRACON& Tower with Radar,37,42,31,0,110,0,13,51,0,64,37,55,82,0,174,28,0,28,202
01/27/2008,LBB,TX,ASW,CE,Combined TRACON& Tower with Radar,31,32,31,2,96,0,6,29,0,35,31,38,60,2,131,40,0,40,171
01/28/2008,LBB,TX,ASW,CE,Combined TRACON& Tower with Radar,32,41,26,0,99,0,8,15,0,23,32,49,41,0,122,0,0,0,122
01/29/2008,LBB,TX,ASW,CE,Combined TRACON& Tower with Radar,50,62,41,2,155,0,7,25,0,32,50,69,66,2,187,0,0,0,187
01/30/2008,LBB,TX,ASW,CE,Combined TRACON& Tower with Radar,38,61,35,0,134,0,4,24,0,28,38,65,59,0,162,4,0,4,166
01/31/2008,LBB,TX,ASW,CE,Combined TRACON& Tower with Radar,38,55,29,2,124,0,6,17,0,23,38,61,46,2,147,0,0,0,147
02/01/2008,LBB,TX,ASW,CE,Combined TRACON& Tower with Radar,41,59,42,2,144,0,6,38,0,44,41,65,80,2,188,4,0,4,192
02/02/2008,LBB,TX,ASW,CE,Combined TRACON& Tower with Radar,36,39,33,2,110,0,6,60,0,66,36,45,93,2,176,60,0,60,236
02/03/2008,LBB,TX,ASW,CE,Combined TRACON& Tower with Radar,32,32,19,0,83,0,3,21,0,24,32,35,40,0,107,6,0,6,113
02/04/2008,LBB,TX,ASW,CE,Combined TRACON& Tower with Radar,34,37,20,0,91,0,11,20,0,31,34,48,40,0,122,0,0,0,122
02/05/2008,LBB,TX,ASW,CE,Combined TRACON& Tower with Radar,36,64,30,20,150,0,15,9,1,25,36,79,39,21,175,0,0,0,175
02/06/2008,LBB,TX,ASW,CE,Combined TRACON& Tower with Radar,40,57,37,2,136,0,12,36,0,48,40,69,73,2,184,46,0,46,230
02/07/2008,LBB,TX,ASW,CE,Combined TRACON& Tower with Radar,42,69,60,0,171,0,10,42,0,52,42,79,102,0,223,48,0,48,271
02/08/2008,LBB,TX,ASW,CE,Combined TRACON& Tower with Radar,41,65,43,2,151,0,5,48,0,53,41,70,91,2,204,94,0,94,298
02/09/2008,LBB,TX,ASW,CE,Combined TRACON& Tower with Radar,35,46,33,2,116,0,10,94,0,104,35,56,127,2,220,112,0,112,332
02/10/2008,LBB,TX,ASW,CE,Combined TRACON& Tower with Radar,31,35,34,2,102,0,1,47,0,48,31,36,81,2,150,18,0,18,168
02/11/2008,LBB,TX,ASW,CE,Combined TRACON& Tower with Radar,32,48,40,1,121,0,2,32,1,35,32,50,72,2,156,30,0,30,186
02/12/2008,LBB,TX,ASW,CE,Combined TRACON& Tower with Radar,38,61,38,2,139,0,1,38,0,39,38,62,76,2,178,0,0,0,178
02/13/2008,LBB,TX,ASW,CE,Combined TRACON& Tower with Radar,38,64,35,9,146,0,8,38,0,46,38,72,73,9,192,0,0,0,192
02/14/2008,LBB,TX,ASW,CE,Combined TRACON& Tower with Radar,40,73,40,0,153,0,5,24,0,29,40,78,64,0,182,36,0,36,218
02/15/2008,LBB,TX,ASW,CE,Combined TRACON& Tower with Radar,39,63,37,2,141,0,5,9,1,15,39,68,46,3,156,0,0,0,156
02/16/2008,LBB,TX,ASW,CE,Combined TRACON& Tower with Radar,49,30,19,0,98,0,3,4,0,7,49,33,23,0,105,0,0,0,105
02/17/2008,LBB,TX,ASW,CE,Combined TRACON& Tower with Radar,32,31,51,13,127,0,9,38,6,53,32,40,89,19,180,0,0,0,180
02/18/2008,LBB,TX,ASW,CE,Combined TRACON& Tower with Radar,32,38,39,0,109,0,5,47,1,53,32,43,86,1,162,0,0,0,162
02/19/2008,LBB,TX,ASW,CE,Combined TRACON& Tower with Radar,41,61,51,0,153,0,12,72,0,84,41,73,123,0,237,30,0,30,267
02/20/2008,LBB,TX,ASW,CE,Combined TRACON& Tower with Radar,38,60,76,4,178,0,13,43,0,56,38,73,119,4,234,43,0,43,277
02/21/2008,LBB,TX,ASW,CE,Combined TRACON& Tower with Radar,42,66,52,4,164,0,6,15,0,21,42,72,67,4,185,0,0,0,185
02/22/2008,LBB,TX,ASW,CE,Combined TRACON& Tower with Radar,37,51,62,4,154,0,7,42,1,50,37,58,104,5,204,24,0,24,228
02/23/2008,LBB,TX,ASW,CE,Combined TRACON& Tower with Radar,34,36,38,0,108,0,8,23,0,31,34,44,61,0,139,0,0,0,139
02/24/2008,LBB,TX,ASW,CE,Combined TRACON& Tower with Radar,32,26,34,0,92,0,8,45,0,53,32,34,79,0,145,0,0,0,145
02/25/2008,LBB,TX,ASW,CE,Combined TRACON& Tower with Radar,35,37,19,4,95,0,4,21,1,26,35,41,40,5,121,0,0,0,121
02/26/2008,LBB,TX,ASW,CE,Combined TRACON& Tower with Radar,43,75,29,0,147,0,6,39,3,48,43,81,68,3,195,52,0,52,247
02/27/2008,LBB,TX,ASW,CE,Combined TRACON& Tower with Radar,46,61,48,0,155,0,5,63,0,68,46,66,111,0,223,70,0,70,293
02/28/2008,LBB,TX,ASW,CE,Combined TRACON& Tower with Radar,40,68,41,2,151,0,13,39,0,52,40,81,80,2,203,0,0,0,203
02/29/2008,LBB,TX,ASW,CE,Combined TRACON& Tower with Radar,39,58,44,6,147,0,8,54,1,63,39,66,98,7,210,40,6,46,256
03/01/2008,LBB,TX,ASW,CE,Combined TRACON& Tower with Radar,41,40,37,0,118,0,11,56,0,67,41,51,93,0,185,40,0,40,225
03/02/2008,LBB,TX,ASW,CE,Combined TRACON& Tower with Radar,30,35,31,0,96,0,9,18,0,27,30,44,49,0,123,0,0,0,123
03/03/2008,LBB,TX,ASW,CE,Combined TRACON& Tower with Radar,40,34,29,22,125,0,6,5,1,12,40,40,34,23,137,0,0,0,137
03/04/2008,LBB,TX,ASW,CE,Combined TRACON& Tower with Radar,40,68,38,0,146,0,5,31,2,38,40,73,69,2,184,0,0,0,184
03/05/2008,LBB,TX,ASW,CE,Combined TRACON& Tower with Radar,38,60,41,2,141,0,13,34,1,48,38,73,75,3,189,0,0,0,189
03/06/2008,LBB,TX,ASW,CE,Combined TRACON& Tower with Radar,40,59,24,2,125,0,6,3,0,9,40,65,27,2,134,0,0,0,134
03/07/2008,LBB,TX,ASW,CE,Combined TRACON& Tower with Radar,36,59,50,6,151,0,9,34,0,43,36,68,84,6,194,0,0,0,194
03/08/2008,LBB,TX,ASW,CE,Combined TRACON& Tower with Radar,32,37,25,1,95,0,12,57,1,70,32,49,82,2,165,0,0,0,165
03/09/2008,LBB,TX,ASW,CE,Combined TRACON& Tower with Radar,32,29,26,0,87,0,8,39,0,47,32,37,65,0,134,38,0,38,172
03/10/2008,LBB,TX,ASW,CE,Combined TRACON& Tower with Radar,34,42,29,0,105,0,11,41,0,52,34,53,70,0,157,0,0,0,157
03/11/2008,LBB,TX,ASW,CE,Combined TRACON& Tower with Radar,41,59,37,0,137,0,7,55,0,62,41,66,92,0,199,106,0,106,305
03/12/2008,LBB,TX,ASW,CE,Combined TRACON& Tower with Radar,36,64,56,6,162,0,6,55,0,61,36,70,111,6,223,30,0,30,253
03/13/2008,LBB,TX,ASW,CE,Combined TRACON& Tower with Radar,41,65,53,9,168,0,10,47,0,57,41,75,100,9,225,0,0,0,225
03/14/2008,LBB,TX,ASW,CE,Combined TRACON& Tower with Radar,39,59,31,6,135,0,6,22,0,28,39,65,53,6,163,20,0,20,183
03/15/2008,LBB,TX,ASW,CE,Combined TRACON& Tower with Radar,36,39,41,3,119,0,7,54,1,62,36,46,95,4,181,0,0,0,181
03/16/2008,LBB,TX,ASW,CE,Combined TRACON& Tower with Radar,30,36,36,10,112,0,3,20,0,23,30,39,56,10,135,0,0,0,135
03/17/2008,LBB,TX,ASW,CE,Combined TRACON& Tower with Radar,41,48,30,27,146,0,11,34,1,46,41,59,64,28,192,0,0,0,192
03/18/2008,LBB,TX,ASW,CE,Combined TRACON& Tower with Radar,50,43,31,0,124,0,6,16,0,22,50,49,47,0,146,0,0,0,146
03/19/2008,LBB,TX,ASW,CE,Combined TRACON& Tower with Radar,35,60,51,26,172,0,7,59,1,67,35,67,110,27,239,62,22,84,323
03/20/2008,LBB,TX,ASW,CE,Combined TRACON& Tower with Radar,42,69,31,32,174,0,9,46,6,61,42,78,77,38,235,2,48,50,285
03/21/2008,LBB,TX,ASW,CE,Combined TRACON& Tower with Radar,43,58,39,15,155,0,16,72,8,96,43,74,111,23,251,54,6,60,311
03/22/2008,LBB,TX,ASW,CE,Combined TRACON& Tower with Radar,31,33,21,2,87,0,14,55,0,69,31,47,76,2,156,0,0,0,156
03/23/2008,LBB,TX,ASW,CE,Combined TRACON& Tower with Radar,31,34,20,0,85,0,2,9,0,11,31,36,29,0,96,0,0,0,96
03/24/2008,LBB,TX,ASW,CE,Combined TRACON& Tower with Radar,34,40,40,4,118,0,3,35,0,38,34,43,75,4,156,8,0,8,164
03/25/2008,LBB,TX,ASW,CE,Combined TRACON& Tower with Radar,39,58,34,8,139,0,15,67,0,82,39,73,101,8,221,70,16,86,307
03/26/2008,LBB,TX,ASW,CE,Combined TRACON& Tower with Radar,38,61,33,16,148,0,12,40,3,55,38,73,73,19,203,36,10,46,249
03/27/2008,LBB,TX,ASW,CE,Combined TRACON& Tower with Radar,39,66,21,29,155,0,11,50,5,66,39,77,71,34,221,0,0,0,221
03/28/2008,LBB,TX,ASW,CE,Combined TRACON& Tower with Radar,42,59,57,4,162,0,4,28,0,32,42,63,85,4,194,0,0,0,194
03/29/2008,LBB,TX,ASW,CE,Combined TRACON& Tower with Radar,34,45,36,0,115,0,3,13,0,16,34,48,49,0,131,0,0,0,131
03/30/2008,LBB,TX,ASW,CE,Combined TRACON& Tower with Radar,31,30,27,12,100,0,8,25,0,33,31,38,52,12,133,10,8,18,151
03/31/2008,LBB,TX,ASW,CE,Combined TRACON& Tower with Radar,30,53,46,59,188,0,7,42,3,52,30,60,88,62,240,52,20,72,312
04/01/2008,LBB,TX,ASW,CE,Combined TRACON& Tower with Radar,40,68,32,7,147,0,10,37,4,51,40,78,69,11,198,0,0,0,198
04/02/2008,LBB,TX,ASW,CE,Combined TRACON& Tower with Radar,38,67,30,23,158,0,9,21,0,30,38,76,51,23,188,0,0,0,188
04/03/2008,LBB,TX,ASW,CE,Combined TRACON& Tower with Radar,38,67,46,25,176,0,11,32,2,45,38,78,78,27,221,8,2,10,231
04/04/2008,LBB,TX,ASW,CE,Combined TRACON& Tower with Radar,37,64,51,12,164,0,12,71,1,84,37,76,122,13,248,52,6,58,306
04/05/2008,LBB,TX,ASW,CE,Combined TRACON& Tower with Radar,32,43,28,0,103,0,8,44,0,52,32,51,72,0,155,22,0,22,177
04/06/2008,LBB,TX,ASW,CE,Combined TRACON& Tower with Radar,31,29,23,23,106,0,10,53,0,63,31,39,76,23,169,24,0,24,193
04/07/2008,LBB,TX,ASW,CE,Combined TRACON& Tower with Radar,37,34,41,15,127,0,6,47,0,53,37,40,88,15,180,0,0,0,180
04/08/2008,LBB,TX,ASW,CE,Combined TRACON& Tower with Radar,41,55,25,39,160,0,8,40,9,57,41,63,65,48,217,0,0,0,217
04/09/2008,LBB,TX,ASW,CE,Combined TRACON& Tower with Radar,35,51,25,0,111,0,4,3,0,7,35,55,28,0,118,0,0,0,118
04/10/2008,LBB,TX,ASW,CE,Combined TRACON& Tower with Radar,41,51,18,12,122,0,0,8,5,13,41,51,26,17,135,0,0,0,135
04/11/2008,LBB,TX,ASW,CE,Combined TRACON& Tower with Radar,46,63,48,35,192,0,11,63,0,74,46,74,111,35,266,0,0,0,266
04/12/2008,LBB,TX,ASW,CE,Combined TRACON& Tower with Radar,34,38,30,2,104,0,11,95,2,108,34,49,125,4,212,0,0,0,212
04/13/2008,LBB,TX,ASW,CE,Combined TRACON& Tower with Radar,33,27,25,6,91,0,9,47,0,56,33,36,72,6,147,0,0,0,147
04/14/2008,LBB,TX,ASW,CE,Combined TRACON& Tower with Radar,40,36,30,6,112,0,10,36,0,46,40,46,66,6,158,0,0,0,158
04/15/2008,LBB,TX,ASW,CE,Combined TRACON& Tower with Radar,43,55,23,22,143,0,13,30,2,45,43,68,53,24,188,0,0,0,188
04/16/2008,LBB,TX,ASW,CE,Combined TRACON& Tower with Radar,44,59,33,2,138,0,6,16,0,22,44,65,49,2,160,0,0,0,160
04/17/2008,LBB,TX,ASW,CE,Combined TRACON& Tower with Radar,49,64,54,12,179,0,3,25,2,30,49,67,79,14,209,24,0,24,233
04/18/2008,LBB,TX,ASW,CE,Combined TRACON& Tower with Radar,55,62,59,34,210,0,5,71,7,83,55,67,130,41,293,52,0,52,345
04/19/2008,LBB,TX,ASW,CE,Combined TRACON& Tower with Radar,38,30,41,6,115,0,11,52,0,63,38,41,93,6,178,42,0,42,220
04/20/2008,LBB,TX,ASW,CE,Combined TRACON& Tower with Radar,36,26,30,4,96,0,13,47,0,60,36,39,77,4,156,0,2,2,158
04/21/2008,LBB,TX,ASW,CE,Combined TRACON& Tower with Radar,37,44,50,13,144,0,10,45,5,60,37,54,95,18,204,0,0,0,204
04/22/2008,LBB,TX,ASW,CE,Combined TRACON& Tower with Radar,50,73,43,16,182,0,13,47,3,63,50,86,90,19,245,78,24,102,347
04/23/2008,LBB,TX,ASW,CE,Combined TRACON& Tower with Radar,41,62,29,2,134,0,0,5,0,5,41,62,34,2,139,0,0,0,139
04/24/2008,LBB,TX,ASW,CE,Combined TRACON& Tower with Radar,44,79,61,8,192,0,4,48,6,58,44,83,109,14,250,46,4,50,300
04/25/2008,LBB,TX,ASW,CE,Combined TRACON& Tower with Radar,45,59,38,42,184,0,11,50,4,65,45,70,88,46,249,0,0,0,249
04/26/2008,LBB,TX,ASW,CE,Combined TRACON& Tower with Radar,33,36,30,4,103,0,6,61,1,68,33,42,91,5,171,0,0,0,171
04/27/2008,LBB,TX,ASW,CE,Combined TRACON& Tower with Radar,36,25,33,7,101,0,8,26,2,36,36,33,59,9,137,0,0,0,137
04/28/2008,LBB,TX,ASW,CE,Combined TRACON& Tower with Radar,38,41,43,4,126,0,11,45,0,56,38,52,88,4,182,14,0,14,196
04/29/2008,LBB,TX,ASW,CE,Combined TRACON& Tower with Radar,44,56,36,4,140,0,11,36,0,47,44,67,72,4,187,54,0,54,241
04/30/2008,LBB,TX,ASW,CE,Combined TRACON& Tower with Radar,39,66,66,39,210,0,7,33,7,47,39,73,99,46,257,24,30,54,311
05/01/2008,LBB,TX,ASW,CE,Combined TRACON& Tower with Radar,43,53,52,17,165,0,2,21,0,23,43,55,73,17,188,52,0,52,240
05/02/2008,LBB,TX,ASW,CE,Combined TRACON& Tower with Radar,44,66,48,31,189,0,4,59,1,64,44,70,107,32,253,30,0,30,283
05/03/2008,LBB,TX,ASW,CE,Combined TRACON& Tower with Radar,37,32,22,0,91,0,8,62,1,71,37,40,84,1,162,72,0,72,234
05/04/2008,LBB,TX,ASW,CE,Combined TRACON& Tower with Radar,32,26,18,2,78,0,6,43,0,49,32,32,61,2,127,26,0,26,153
05/05/2008,LBB,TX,ASW,CE,Combined TRACON& Tower with Radar,35,36,47,0,118,0,8,19,0,27,35,44,66,0,145,0,0,0,145
05/06/2008,LBB,TX,ASW,CE,Combined TRACON& Tower with Radar,42,51,39,34,166,0,6,20,0,26,42,57,59,34,192,38,0,38,230
05/07/2008,LBB,TX,ASW,CE,Combined TRACON& Tower with Radar,40,56,45,4,145,0,5,16,1,22,40,61,61,5,167,6,0,6,173
05/08/2008,LBB,TX,ASW,CE,Combined TRACON& Tower with Radar,41,58,56,12,167,0,5,65,0,70,41,63,121,12,237,56,0,56,293
05/09/2008,LBB,TX,ASW,CE,Combined TRACON& Tower with Radar,45,68,64,21,198,0,17,66,1,84,45,85,130,22,282,47,10,57,339
05/10/2008,LBB,TX,ASW,CE,Combined TRACON& Tower with Radar,35,41,40,6,122,0,5,32,3,40,35,46,72,9,162,14,0,14,176
05/11/2008,LBB,TX,ASW,CE,Combined TRACON& Tower with Radar,36,26,25,10,97,0,7,37,0,44,36,33,62,10,141,6,0,6,147
05/12/2008,LBB,TX,ASW,CE,Combined TRACON& Tower with Radar,39,36,25,21,121,0,10,28,1,39,39,46,53,22,160,4,48,52,212
05/13/2008,LBB,TX,ASW,CE,Combined TRACON& Tower with Radar,44,64,36,41,185,0,5,32,5,42,44,69,68,46,227,22,64,86,313
05/14/2008,LBB,TX,ASW,CE,Combined TRACON& Tower with Radar,41,57,32,0,130,0,6,12,0,18,41,63,44,0,148,26,0,26,174
05/15/2008,LBB,TX,ASW,CE,Combined TRACON& Tower with Radar,51,73,61,30,215,0,12,27,0,39,51,85,88,30,254,26,0,26,280
05/16/2008,LBB,TX,ASW,CE,Combined TRACON& Tower with Radar,44,56,47,41,188,0,6,63,9,78,44,62,110,50,266,42,34,76,342
05/17/2008,LBB,TX,ASW,CE,Combined TRACON& Tower with Radar,36,32,21,4,93,0,4,33,0,37,36,36,54,4,130,32,0,32,162
05/18/2008,LBB,TX,ASW,CE,Combined TRACON& Tower with Radar,33,23,18,0,74,0,4,45,0,49,33,27,63,0,123,10,0,10,133
05/19/2008,LBB,TX,ASW,CE,Combined TRACON& Tower with Radar,38,36,28,3,105,0,10,61,0,71,38,46,89,3,176,40,0,40,216
05/20/2008,LBB,TX,ASW,CE,Combined TRACON& Tower with Radar,44,56,37,8,145,0,6,49,2,57,44,62,86,10,202,12,24,36,238
05/21/2008,LBB,TX,ASW,CE,Combined TRACON& Tower with Radar,43,62,46,19,170,0,4,44,4,52,43,66,90,23,222,44,32,76,298
05/22/2008,LBB,TX,ASW,CE,Combined TRACON& Tower with Radar,45,62,27,12,146,0,39,26,1,66,45,101,53,13,212,8,0,8,220
05/23/2008,LBB,TX,ASW,CE,Combined TRACON& Tower with Radar,42,60,43,10,155,0,6,39,1,46,42,66,82,11,201,42,0,42,243
05/24/2008,LBB,TX,ASW,CE,Combined TRACON& Tower with Radar,36,31,27,4,98,0,11,27,2,40,36,42,54,6,138,20,0,20,158
05/25/2008,LBB,TX,ASW,CE,Combined TRACON& Tower with Radar,30,26,17,7,80,0,1,8,1,10,30,27,25,8,90,0,0,0,90
05/26/2008,LBB,TX,ASW,CE,Combined TRACON& Tower with Radar,32,30,17,0,79,0,5,44,2,51,32,35,61,2,130,48,0,48,178
05/27/2008,LBB,TX,ASW,CE,Combined TRACON& Tower with Radar,35,34,41,16,126,0,7,26,1,34,35,41,67,17,160,16,6,22,182
05/28/2008,LBB,TX,ASW,CE,Combined TRACON& Tower with Radar,46,58,73,14,191,0,4,14,0,18,46,62,87,14,209,0,0,0,209
05/29/2008,LBB,TX,ASW,CE,Combined TRACON& Tower with Radar,46,52,30,30,158,0,3,33,1,37,46,55,63,31,195,0,0,0,195
05/30/2008,LBB,TX,ASW,CE,Combined TRACON& Tower with Radar,45,56,56,17,174,0,10,66,3,79,45,66,122,20,253,20,14,34,287
05/31/2008,LBB,TX,ASW,CE,Combined TRACON& Tower with Radar,35,30,11,0,76,0,2,57,0,59,35,32,68,0,135,60,0,60,195
06/01/2008,LBB,TX,ASW,CE,Combined TRACON& Tower with Radar,32,25,27,4,88,0,8,43,0,51,32,33,70,4,139,20,0,20,159
06/02/2008,LBB,TX,ASW,CE,Combined TRACON& Tower with Radar,38,39,29,23,129,0,7,38,5,50,38,46,67,28,179,16,0,16,195
06/03/2008,LBB,TX,ASW,CE,Combined TRACON& Tower with Radar,40,57,53,19,169,0,6,59,1,66,40,63,112,20,235,22,0,22,257
06/04/2008,LBB,TX,ASW,CE,Combined TRACON& Tower with Radar,42,62,35,63,202,0,7,34,4,45,42,69,69,67,247,42,28,70,317
06/05/2008,LBB,TX,ASW,CE,Combined TRACON& Tower with Radar,41,56,35,2,134,0,7,20,0,27,41,63,55,2,161,10,6,16,177
06/06/2008,LBB,TX,ASW,CE,Combined TRACON& Tower with Radar,46,68,30,25,169,0,6,67,1,74,46,74,97,26,243,98,4,102,345
06/07/2008,LBB,TX,ASW,CE,Combined TRACON& Tower with Radar,47,29,16,7,99,0,8,15,1,24,47,37,31,8,123,0,0,0,123
06/08/2008,LBB,TX,ASW,CE,Combined TRACON& Tower with Radar,32,27,23,6,88,0,10,18,0,28,32,37,41,6,116,0,0,0,116
06/09/2008,LBB,TX,ASW,CE,Combined TRACON& Tower with Radar,36,45,51,34,166,0,5,40,4,49,36,50,91,38,215,6,8,14,229
06/10/2008,LBB,TX,ASW,CE,Combined TRACON& Tower with Radar,43,58,50,13,164,0,8,40,1,49,43,66,90,14,213,48,30,78,291
06/11/2008,LBB,TX,ASW,CE,Combined TRACON& Tower with Radar,42,56,38,20,156,0,8,24,2,34,42,64,62,22,190,0,0,0,190
06/12/2008,LBB,TX,ASW,CE,Combined TRACON& Tower with Radar,41,65,50,24,180,0,12,50,2,64,41,77,100,26,244,0,0,0,244
06/13/2008,LBB,TX,ASW,CE,Combined TRACON& Tower with Radar,42,59,32,34,167,0,5,49,5,59,42,64,81,39,226,72,22,94,320
06/14/2008,LBB,TX,ASW,CE,Combined TRACON& Tower with Radar,36,38,23,1,98,0,6,61,3,70,36,44,84,4,168,48,0,48,216
06/15/2008,LBB,TX,ASW,CE,Combined TRACON& Tower with Radar,31,24,26,3,84,0,6,41,1,48,31,30,67,4,132,0,0,0,132
06/16/2008,LBB,TX,ASW,CE,Combined TRACON& Tower with Radar,33,47,26,6,112,0,6,47,2,55,33,53,73,8,167,8,6,14,181
06/17/2008,LBB,TX,ASW,CE,Combined TRACON& Tower with Radar,48,57,33,9,147,0,3,42,0,45,48,60,75,9,192,0,0,0,192
06/18/2008,LBB,TX,ASW,CE,Combined TRACON& Tower with Radar,43,61,31,16,151,0,1,53,0,54,43,62,84,16,205,18,0,18,223
06/19/2008,LBB,TX,ASW,CE,Combined TRACON& Tower with Radar,40,53,34,20,147,0,8,34,0,42,40,61,68,20,189,22,0,22,211
06/20/2008,LBB,TX,ASW,CE,Combined TRACON& Tower with Radar,46,56,28,27,157,0,8,40,6,54,46,64,68,33,211,42,10,52,263
06/21/2008,LBB,TX,ASW,CE,Combined TRACON& Tower with Radar,30,37,22,7,96,0,6,20,0,26,30,43,42,7,122,52,0,52,174
06/22/2008,LBB,TX,ASW,CE,Combined TRACON& Tower with Radar,33,27,25,10,95,0,3,35,2,40,33,30,60,12,135,0,0,0,135
06/23/2008,LBB,TX,ASW,CE,Combined TRACON& Tower with Radar,37,43,32,8,120,0,9,40,0,49,37,52,72,8,169,86,0,86,255
06/24/2008,LBB,TX,ASW,CE,Combined TRACON& Tower with Radar,43,72,36,0,151,0,0,44,0,44,43,72,80,0,195,22,0,22,217
06/25/2008,LBB,TX,ASW,CE,Combined TRACON& Tower with Radar,42,66,41,6,155,0,0,53,1,54,42,66,94,7,209,48,0,48,257
06/26/2008,LBB,TX,ASW,CE,Combined TRACON& Tower with Radar,43,66,52,6,167,0,4,51,0,55,43,70,103,6,222,0,0,0,222
06/27/2008,LBB,TX,ASW,CE,Combined TRACON& Tower with Radar,46,66,33,30,175,0,5,57,4,66,46,71,90,34,241,94,30,124,365
06/28/2008,LBB,TX,ASW,CE,Combined TRACON& Tower with Radar,30,30,17,1,78,0,3,37,2,42,30,33,54,3,120,0,0,0,120
06/29/2008,LBB,TX,ASW,CE,Combined TRACON& Tower with Radar,33,30,22,16,101,0,0,14,0,14,33,30,36,16,115,8,2,10,125
06/30/2008,LBB,TX,ASW,CE,Combined TRACON& Tower with Radar,39,45,36,44,164,0,9,45,0,54,39,54,81,44,218,58,42,100,318
07/01/2008,LBB,TX,ASW,CE,Combined TRACON& Tower with Radar,42,54,49,14,159,0,9,36,0,45,42,63,85,14,204,42,8,50,254
07/02/2008,LBB,TX,ASW,CE,Combined TRACON& Tower with Radar,42,47,43,48,180,0,8,57,2,67,42,55,100,50,247,66,26,92,339
07/03/2008,LBB,TX,ASW,CE,Combined TRACON& Tower with Radar,42,54,47,3,146,0,8,44,2,54,42,62,91,5,200,8,0,8,208
07/04/2008,LBB,TX,ASW,CE,Combined TRACON& Tower with Radar,24,24,7,0,55,0,6,23,0,29,24,30,30,0,84,0,0,0,84
07/05/2008,LBB,TX,ASW,CE,Combined TRACON& Tower with Radar,32,27,25,0,84,0,11,25,0,36,32,38,50,0,120,0,0,0,120
07/06/2008,LBB,TX,ASW,CE,Combined TRACON& Tower with Radar,32,33,21,4,90,0,6,44,0,50,32,39,65,4,140,0,0,0,140
07/07/2008,LBB,TX,ASW,CE,Combined TRACON& Tower with Radar,38,42,32,2,114,0,5,19,0,24,38,47,51,2,138,30,0,30,168
07/08/2008,LBB,TX,ASW,CE,Combined TRACON& Tower with Radar,43,52,45,21,161,0,1,24,0,25,43,53,69,21,186,0,0,0,186
07/09/2008,LBB,TX,ASW,CE,Combined TRACON& Tower with Radar,43,55,64,18,180,0,0,16,0,16,43,55,80,18,196,34,0,34,230
07/10/2008,LBB,TX,ASW,CE,Combined TRACON& Tower with Radar,42,55,50,37,184,0,6,31,0,37,42,61,81,37,221,58,36,94,315
07/11/2008,LBB,TX,ASW,CE,Combined TRACON& Tower with Radar,43,60,36,21,160,0,11,55,1,67,43,71,91,22,227,138,6,144,371
07/12/2008,LBB,TX,ASW,CE,Combined TRACON& Tower with Radar,33,35,24,0,92,0,4,56,0,60,33,39,80,0,152,34,12,46,198
07/13/2008,LBB,TX,ASW,CE,Combined TRACON& Tower with Radar,31,21,29,0,81,0,1,19,0,20,31,22,48,0,101,0,0,0,101
07/14/2008,LBB,TX,ASW,CE,Combined TRACON& Tower with Radar,35,41,42,0,118,0,3,26,0,29,35,44,68,0,147,18,0,18,165
07/15/2008,LBB,TX,ASW,CE,Combined TRACON& Tower with Radar,44,50,38,8,140,0,6,32,0,38,44,56,70,8,178,46,14,60,238
07/16/2008,LBB,TX,ASW,CE,Combined TRACON& Tower with Radar,43,59,68,4,174,0,3,39,0,42,43,62,107,4,216,36,0,36,252
07/17/2008,LBB,TX,ASW,CE,Combined TRACON& Tower with Radar,41,51,56,9,157,0,16,54,5,75,41,67,110,14,232,74,22,96,328
07/18/2008,LBB,TX,ASW,CE,Combined TRACON& Tower with Radar,44,54,39,55,192,0,7,42,1,50,44,61,81,56,242,34,94,128,370
07/19/2008,LBB,TX,ASW,CE,Combined TRACON& Tower with Radar,32,40,24,20,116,0,10,62,0,72,32,50,86,20,188,4,0,4,192
07/20/2008,LBB,TX,ASW,CE,Combined TRACON& Tower with Radar,33,26,18,4,81,0,7,42,1,50,33,33,60,5,131,22,4,26,157
07/21/2008,LBB,TX,ASW,CE,Combined TRACON& Tower with Radar,34,49,53,10,146,0,6,43,0,49,34,55,96,10,195,16,10,26,221
07/22/2008,LBB,TX,ASW,CE,Combined TRACON& Tower with Radar,43,58,37,25,163,0,2,27,0,29,43,60,64,25,192,18,0,18,210
07/23/2008,LBB,TX,ASW,CE,Combined TRACON& Tower with Radar,42,52,50,23,167,0,4,51,1,56,42,56,101,24,223,48,26,74,297
07/24/2008,LBB,TX,ASW,CE,Combined TRACON& Tower with Radar,45,52,48,22,167,0,8,26,0,34,45,60,74,22,201,12,0,12,213
07/25/2008,LBB,TX,ASW,CE,Combined TRACON& Tower with Radar,41,56,51,46,194,0,10,43,1,54,41,66,94,47,248,52,0,52,300
07/26/2008,LBB,TX,ASW,CE,Combined TRACON& Tower with Radar,34,32,14,34,114,0,4,38,1,43,34,36,52,35,157,50,22,72,229
07/27/2008,LBB,TX,ASW,CE,Combined TRACON& Tower with Radar,34,29,39,10,112,0,2,38,0,40,34,31,77,10,152,8,0,8,160
07/28/2008,LBB,TX,ASW,CE,Combined TRACON& Tower with Radar,41,35,39,13,128,0,7,29,0,36,41,42,68,13,164,0,0,0,164
07/29/2008,LBB,TX,ASW,CE,Combined TRACON& Tower with Radar,44,54,29,26,153,0,0,34,0,34,44,54,63,26,187,40,28,68,255
07/30/2008,LBB,TX,ASW,CE,Combined TRACON& Tower with Radar,40,57,48,26,171,0,6,63,1,70,40,63,111,27,241,46,0,46,287
07/31/2008,LBB,TX,ASW,CE,Combined TRACON& Tower with Radar,46,45,30,9,130,0,5,34,1,40,46,50,64,10,170,32,0,32,202
08/01/2008,LBB,TX,ASW,CE,Combined TRACON& Tower with Radar,42,48,33,28,151,0,11,51,5,67,42,59,84,33,218,28,14,42,260
08/02/2008,LBB,TX,ASW,CE,Combined TRACON& Tower with Radar,33,36,24,22,115,0,17,45,1,63,33,53,69,23,178,40,30,70,248
08/03/2008,LBB,TX,ASW,CE,Combined TRACON& Tower with Radar,33,25,30,13,101,0,8,22,1,31,33,33,52,14,132,13,6,19,151
08/04/2008,LBB,TX,ASW,CE,Combined TRACON& Tower with Radar,36,36,36,9,117,0,13,40,1,54,36,49,76,10,171,10,6,16,187
08/05/2008,LBB,TX,ASW,CE,Combined TRACON& Tower with Radar,42,50,34,8,134,0,12,48,3,63,42,62,82,11,197,18,12,30,227
08/06/2008,LBB,TX,ASW,CE,Combined TRACON& Tower with Radar,43,54,39,48,184,0,4,49,1,54,43,58,88,49,238,8,4,12,250
08/07/2008,LBB,TX,ASW,CE,Combined TRACON& Tower with Radar,42,51,34,14,141,0,3,14,0,17,42,54,48,14,158,46,0,46,204
08/08/2008,LBB,TX,ASW,CE,Combined TRACON& Tower with Radar,43,56,29,23,151,0,6,65,3,74,43,62,94,26,225,0,0,0,225
08/09/2008,LBB,TX,ASW,CE,Combined TRACON& Tower with Radar,33,36,35,3,107,0,9,46,0,55,33,45,81,3,162,48,0,48,210
08/10/2008,LBB,TX,ASW,CE,Combined TRACON& Tower with Radar,31,30,31,5,97,0,5,31,2,38,31,35,62,7,135,0,0,0,135
08/11/2008,LBB,TX,ASW,CE,Combined TRACON& Tower with Radar,37,36,36,7,116,0,13,24,0,37,37,49,60,7,153,66,0,66,219
08/12/2008,LBB,TX,ASW,CE,Combined TRACON& Tower with Radar,42,45,23,21,131,0,2,45,2,49,42,47,68,23,180,30,0,30,210
08/13/2008,LBB,TX,ASW,CE,Combined TRACON& Tower with Radar,42,57,63,0,162,0,4,34,0,38,42,61,97,0,200,38,6,44,244
08/14/2008,LBB,TX,ASW,CE,Combined TRACON& Tower with Radar,42,59,43,12,156,0,10,43,0,53,42,69,86,12,209,0,0,0,209
08/15/2008,LBB,TX,ASW,CE,Combined TRACON& Tower with Radar,42,49,48,16,155,0,3,34,2,39,42,52,82,18,194,52,20,72,266
08/16/2008,LBB,TX,ASW,CE,Combined TRACON& Tower with Radar,37,37,24,0,98,0,3,11,0,14,37,40,35,0,112,0,0,0,112
08/17/2008,LBB,TX,ASW,CE,Combined TRACON& Tower with Radar,33,26,27,2,88,0,2,11,0,13,33,28,38,2,101,12,0,12,113
08/18/2008,LBB,TX,ASW,CE,Combined TRACON& Tower with Radar,35,42,58,0,135,0,8,21,0,29,35,50,79,0,164,0,0,0,164
08/19/2008,LBB,TX,ASW,CE,Combined TRACON& Tower with Radar,41,61,37,91,230,0,3,31,0,34,41,64,68,91,264,70,44,114,378
08/20/2008,LBB,TX,ASW,CE,Combined TRACON& Tower with Radar,39,54,57,95,245,0,2,27,2,31,39,56,84,97,276,54,88,142,418
08/21/2008,LBB,TX,ASW,CE,Combined TRACON& Tower with Radar,43,51,102,75,271,0,2,60,2,64,43,53,162,77,335,56,12,68,403
08/22/2008,LBB,TX,ASW,CE,Combined TRACON& Tower with Radar,45,60,39,58,202,0,9,55,5,69,45,69,94,63,271,32,38,70,341
08/23/2008,LBB,TX,ASW,CE,Combined TRACON& Tower with Radar,33,31,24,18,106,0,10,55,0,65,33,41,79,18,171,44,22,66,237
08/24/2008,LBB,TX,ASW,CE,Combined TRACON& Tower with Radar,34,33,35,14,116,0,9,47,1,57,34,42,82,15,173,34,0,34,207
08/25/2008,LBB,TX,ASW,CE,Combined TRACON& Tower with Radar,37,41,36,15,129,0,5,32,2,39,37,46,68,17,168,14,8,22,190
08/26/2008,LBB,TX,ASW,CE,Combined TRACON& Tower with Radar,41,53,36,34,164,0,8,40,3,51,41,61,76,37,215,0,0,0,215
08/27/2008,LBB,TX,ASW,CE,Combined TRACON& Tower with Radar,42,62,37,14,155,0,7,55,2,64,42,69,92,16,219,0,0,0,219
08/28/2008,LBB,TX,ASW,CE,Combined TRACON& Tower with Radar,42,52,39,2,135,0,1,44,0,45,42,53,83,2,180,0,0,0,180
08/29/2008,LBB,TX,ASW,CE,Combined TRACON& Tower with Radar,44,61,45,2,152,0,8,44,2,54,44,69,89,4,206,62,0,62,268
08/30/2008,LBB,TX,ASW,CE,Combined TRACON& Tower with Radar,32,34,43,2,111,0,0,56,0,56,32,34,99,2,167,30,0,30,197
08/31/2008,LBB,TX,ASW,CE,Combined TRACON& Tower with Radar,25,28,26,7,86,0,2,26,0,28,25,30,52,7,114,0,0,0,114
09/01/2008,LBB,TX,ASW,CE,Combined TRACON& Tower with Radar,31,25,28,2,86,0,2,56,1,59,31,27,84,3,145,60,0,60,205
09/02/2008,LBB,TX,ASW,CE,Combined TRACON& Tower with Radar,32,46,20,7,105,0,5,35,1,41,32,51,55,8,146,12,4,16,162
09/03/2008,LBB,TX,ASW,CE,Combined TRACON& Tower with Radar,42,56,29,38,165,0,2,20,0,22,42,58,49,38,187,70,12,82,269
09/04/2008,LBB,TX,ASW,CE,Combined TRACON& Tower with Radar,40,56,36,40,172,0,7,57,3,67,40,63,93,43,239,24,6,30,269
09/05/2008,LBB,TX,ASW,CE,Combined TRACON& Tower with Radar,46,54,28,20,148,0,10,69,8,87,46,64,97,28,235,48,8,56,291
09/06/2008,LBB,TX,ASW,CE,Combined TRACON& Tower with Radar,39,24,25,8,96,0,7,82,0,89,39,31,107,8,185,46,0,46,231
09/07/2008,LBB,TX,ASW,CE,Combined TRACON& Tower with Radar,37,28,26,16,107,0,5,57,4,66,37,33,83,20,173,24,16,40,213
09/08/2008,LBB,TX,ASW,CE,Combined TRACON& Tower with Radar,36,30,29,0,95,0,3,19,0,22,36,33,48,0,117,18,0,18,135
09/09/2008,LBB,TX,ASW,CE,Combined TRACON& Tower with Radar,50,56,53,18,177,2,5,33,8,48,52,61,86,26,225,0,0,0,225
09/10/2008,LBB,TX,ASW,CE,Combined TRACON& Tower with Radar,47,56,33,2,138,0,2,1,0,3,47,58,34,2,141,0,0,0,141
09/11/2008,LBB,TX,ASW,CE,Combined TRACON& Tower with Radar,44,51,33,2,130,0,0,2,0,2,44,51,35,2,132,0,0,0,132
09/12/2008,LBB,TX,ASW,CE,Combined TRACON& Tower with Radar,49,45,29,8,131,0,4,11,1,16,49,49,40,9,147,2,0,2,149
09/13/2008,LBB,TX,ASW,CE,Combined TRACON& Tower with Radar,33,17,15,12,77,0,2,15,0,17,33,19,30,12,94,4,0,4,98
09/14/2008,LBB,TX,ASW,CE,Combined TRACON& Tower with Radar,35,18,39,20,112,0,6,37,1,44,35,24,76,21,156,14,28,42,198
09/15/2008,LBB,TX,ASW,CE,Combined TRACON& Tower with Radar,38,29,47,30,144,0,5,75,1,81,38,34,122,31,225,8,0,8,233
09/16/2008,LBB,TX,ASW,CE,Combined TRACON& Tower with Radar,42,63,45,34,184,0,5,55,0,60,42,68,100,34,244,100,2,102,346
09/17/2008,LBB,TX,ASW,CE,Combined TRACON& Tower with Radar,49,53,33,7,142,0,7,75,0,82,49,60,108,7,224,112,0,112,336
09/18/2008,LBB,TX,ASW,CE,Combined TRACON& Tower with Radar,40,63,56,31,190,0,9,56,1,66,40,72,112,32,256,50,12,62,318
09/19/2008,LBB,TX,ASW,CE,Combined TRACON& Tower with Radar,45,47,48,9,149,0,9,69,1,79,45,56,117,10,228,52,0,52,280
09/20/2008,LBB,TX,ASW,CE,Combined TRACON& Tower with Radar,39,35,45,7,126,0,6,91,0,97,39,41,136,7,223,102,0,102,325
09/21/2008,LBB,TX,ASW,CE,Combined TRACON& Tower with Radar,38,24,51,13,126,0,7,91,2,100,38,31,142,15,226,24,0,24,250
09/22/2008,LBB,TX,ASW,CE,Combined TRACON& Tower with Radar,37,39,20,9,105,0,7,38,0,45,37,46,58,9,150,36,10,46,196
09/23/2008,LBB,TX,ASW,CE,Combined TRACON& Tower with Radar,43,55,45,19,162,0,0,47,3,50,43,55,92,22,212,0,0,0,212
09/24/2008,LBB,TX,ASW,CE,Combined TRACON& Tower with Radar,43,46,46,7,142,0,0,48,4,52,43,46,94,11,194,86,0,86,280
09/25/2008,LBB,TX,ASW,CE,Combined TRACON& Tower with Radar,44,58,56,16,174,0,9,53,0,62,44,67,109,16,236,0,0,0,236
09/26/2008,LBB,TX,ASW,CE,Combined TRACON& Tower with Radar,43,62,48,34,187,0,8,59,8,75,43,70,107,42,262,0,0,0,262
09/27/2008,LBB,TX,ASW,CE,Combined TRACON& Tower with Radar,36,29,22,0,87,0,15,151,0,166,36,44,173,0,253,0,0,0,253
09/28/2008,LBB,TX,ASW,CE,Combined TRACON& Tower with Radar,39,25,35,0,99,0,5,39,0,44,39,30,74,0,143,0,0,0,143
09/29/2008,LBB,TX,ASW,CE,Combined TRACON& Tower with Radar,39,35,41,17,132,0,15,51,10,76,39,50,92,27,208,0,0,0,208
09/30/2008,LBB,TX,ASW,CE,Combined TRACON& Tower with Radar,45,48,41,0,134,0,6,36,8,50,45,54,77,8,184,0,0,0,184
10/01/2008,LBB,TX,ASW,CE,Combined TRACON& Tower with Radar,48,52,67,18,185,0,5,45,2,52,48,57,112,20,237,0,0,0,237
10/02/2008,LBB,TX,ASW,CE,Combined TRACON& Tower with Radar,44,45,43,6,138,0,14,36,1,51,44,59,79,7,189,0,0,0,189
10/03/2008,LBB,TX,ASW,CE,Combined TRACON& Tower with Radar,47,49,31,6,133,0,3,52,1,56,47,52,83,7,189,0,0,0,189
10/04/2008,LBB,TX,ASW,CE,Combined TRACON& Tower with Radar,41,32,17,0,90,0,6,10,0,16,41,38,27,0,106,0,0,0,106
10/05/2008,LBB,TX,ASW,CE,Combined TRACON& Tower with Radar,37,21,33,0,91,0,3,16,0,19,37,24,49,0,110,0,0,0,110
10/06/2008,LBB,TX,ASW,CE,Combined TRACON& Tower with Radar,44,31,35,58,168,0,10,54,3,67,44,41,89,61,235,0,0,0,235
10/07/2008,LBB,TX,ASW,CE,Combined TRACON& Tower with Radar,45,43,44,44,176,0,7,46,2,55,45,50,90,46,231,0,0,0,231
10/08/2008,LBB,TX,ASW,CE,Combined TRACON& Tower with Radar,47,46,40,5,138,0,9,68,1,78,47,55,108,6,216,0,0,0,216
10/09/2008,LBB,TX,ASW,CE,Combined TRACON& Tower with Radar,47,48,31,0,126,0,10,58,0,68,47,58,89,0,194,0,0,0,194
10/10/2008,LBB,TX,ASW,CE,Combined TRACON& Tower with Radar,47,46,46,27,166,0,11,67,0,78,47,57,113,27,244,0,0,0,244
10/11/2008,LBB,TX,ASW,CE,Combined TRACON& Tower with Radar,39,35,62,2,138,0,7,15,2,24,39,42,77,4,162,0,0,0,162
10/12/2008,LBB,TX,ASW,CE,Combined TRACON& Tower with Radar,41,22,42,5,110,0,4,0,0,4,41,26,42,5,114,0,0,0,114
10/13/2008,LBB,TX,ASW,CE,Combined TRACON& Tower with Radar,38,30,34,2,104,0,0,2,0,2,38,30,36,2,106,0,0,0,106
10/14/2008,LBB,TX,ASW,CE,Combined TRACON& Tower with Radar,49,49,29,0,127,0,0,0,0,0,49,49,29,0,127,0,0,0,127
10/15/2008,LBB,TX,ASW,CE,Combined TRACON& Tower with Radar,45,45,45,20,155,0,2,31,0,33,45,47,76,20,188,0,0,0,188
10/16/2008,LBB,TX,ASW,CE,Combined TRACON& Tower with Radar,47,51,48,2,148,0,6,43,0,49,47,57,91,2,197,0,0,0,197
10/17/2008,LBB,TX,ASW,CE,Combined TRACON& Tower with Radar,48,49,59,9,165,0,0,62,0,62,48,49,121,9,227,32,0,32,259
10/18/2008,LBB,TX,ASW,CE,Combined TRACON& Tower with Radar,40,30,40,6,116,0,5,46,0,51,40,35,86,6,167,20,4,24,191
10/19/2008,LBB,TX,ASW,CE,Combined TRACON& Tower with Radar,35,24,53,4,116,0,8,36,2,46,35,32,89,6,162,4,4,8,170
10/20/2008,LBB,TX,ASW,CE,Combined TRACON& Tower with Radar,41,32,47,0,120,0,1,53,0,54,41,33,100,0,174,78,0,78,252
10/21/2008,LBB,TX,ASW,CE,Combined TRACON& Tower with Radar,49,55,35,2,141,0,4,32,0,36,49,59,67,2,177,20,0,20,197
10/22/2008,LBB,TX,ASW,CE,Combined TRACON& Tower with Radar,45,50,37,8,140,0,0,14,0,14,45,50,51,8,154,0,10,10,164
10/23/2008,LBB,TX,ASW,CE,Combined TRACON& Tower with Radar,45,55,29,29,158,0,6,43,0,49,45,61,72,29,207,50,36,86,293
10/24/2008,LBB,TX,ASW,CE,Combined TRACON& Tower with Radar,48,48,45,0,141,0,2,62,0,64,48,50,107,0,205,18,0,18,223
10/25/2008,LBB,TX,ASW,CE,Combined TRACON& Tower with Radar,41,38,38,0,117,0,5,62,0,67,41,43,100,0,184,56,0,56,240
10/26/2008,LBB,TX,ASW,CE,Combined TRACON& Tower with Radar,37,21,25,0,83,0,6,34,0,40,37,27,59,0,123,72,0,72,195
10/27/2008,LBB,TX,ASW,CE,Combined TRACON& Tower with Radar,36,33,21,0,90,0,8,49,0,57,36,41,70,0,147,32,0,32,179
10/28/2008,LBB,TX,ASW,CE,Combined TRACON& Tower with Radar,49,38,32,6,125,0,8,46,0,54,49,46,78,6,179,78,0,78,257
10/29/2008,LBB,TX,ASW,CE,Combined TRACON& Tower with Radar,43,45,61,3,152,0,6,54,0,60,43,51,115,3,212,50,2,52,264
10/30/2008,LBB,TX,ASW,CE,Combined TRACON& Tower with Radar,47,56,48,7,158,0,2,65,2,69,47,58,113,9,227,34,0,34,261
10/31/2008,LBB,TX,ASW,CE,Combined TRACON& Tower with Radar,49,56,60,6,171,0,1,80,2,83,49,57,140,8,254,24,0,24,278
11/01/2008,LBB,TX,ASW,CE,Combined TRACON& Tower with Radar,44,46,105,4,199,0,5,78,1,84,44,51,183,5,283,12,0,12,295
11/02/2008,LBB,TX,ASW,CE,Combined TRACON& Tower with Radar,34,44,122,8,208,0,1,99,1,101,34,45,221,9,309,24,0,24,333
11/03/2008,LBB,TX,ASW,CE,Combined TRACON& Tower with Radar,35,38,39,25,137,0,6,39,0,45,35,44,78,25,182,60,0,60,242
11/04/2008,LBB,TX,ASW,CE,Combined TRACON& Tower with Radar,40,45,48,0,133,0,5,37,0,42,40,50,85,0,175,90,0,90,265
11/05/2008,LBB,TX,ASW,CE,Combined TRACON& Tower with Radar,43,57,50,21,171,0,8,21,2,31,43,65,71,23,202,12,32,44,246
11/06/2008,LBB,TX,ASW,CE,Combined TRACON& Tower with Radar,39,59,53,4,155,0,4,54,2,60,39,63,107,6,215,60,2,62,277
11/07/2008,LBB,TX,ASW,CE,Combined TRACON& Tower with Radar,44,62,49,17,172,0,8,72,3,83,44,70,121,20,255,22,4,26,281
11/08/2008,LBB,TX,ASW,CE,Combined TRACON& Tower with Radar,36,44,56,2,138,0,7,63,0,70,36,51,119,2,208,44,0,44,252
11/09/2008,LBB,TX,ASW,CE,Combined TRACON& Tower with Radar,34,37,60,2,133,0,8,77,2,87,34,45,137,4,220,0,8,8,228
11/10/2008,LBB,TX,ASW,CE,Combined TRACON& Tower with Radar,43,47,28,32,150,0,0,32,1,33,43,47,60,33,183,26,4,30,213
11/11/2008,LBB,TX,ASW,CE,Combined TRACON& Tower with Radar,44,45,41,0,130,0,2,45,0,47,44,47,86,0,177,32,0,32,209
11/12/2008,LBB,TX,ASW,CE,Combined TRACON& Tower with Radar,42,60,35,7,144,0,10,39,0,49,42,70,74,7,193,88,0,88,281
11/13/2008,LBB,TX,ASW,CE,Combined TRACON& Tower with Radar,39,64,50,19,172,0,8,30,2,40,39,72,80,21,212,0,0,0,212
11/14/2008,LBB,TX,ASW,CE,Combined TRACON& Tower with Radar,41,61,37,14,153,0,8,24,0,32,41,69,61,14,185,4,0,4,189
11/15/2008,LBB,TX,ASW,CE,Combined TRACON& Tower with Radar,36,39,56,9,140,0,16,45,1,62,36,55,101,10,202,60,0,60,262
11/16/2008,LBB,TX,ASW,CE,Combined TRACON& Tower with Radar,34,27,45,10,116,0,4,40,2,46,34,31,85,12,162,2,0,2,164
11/17/2008,LBB,TX,ASW,CE,Combined TRACON& Tower with Radar,35,32,27,1,95,0,3,41,1,45,35,35,68,2,140,36,0,36,176
11/18/2008,LBB,TX,ASW,CE,Combined TRACON& Tower with Radar,43,57,73,27,200,0,0,74,0,74,43,57,147,27,274,10,18,28,302
11/19/2008,LBB,TX,ASW,CE,Combined TRACON& Tower with Radar,40,66,38,12,156,0,10,40,2,52,40,76,78,14,208,74,0,74,282
11/20/2008,LBB,TX,ASW,CE,Combined TRACON& Tower with Radar,43,52,44,10,149,0,2,30,0,32,43,54,74,10,181,0,0,0,181
11/21/2008,LBB,TX,ASW,CE,Combined TRACON& Tower with Radar,43,57,52,19,171,0,4,56,1,61,43,61,108,20,232,30,4,34,266
11/22/2008,LBB,TX,ASW,CE,Combined TRACON& Tower with Radar,36,42,36,13,127,0,3,89,1,93,36,45,125,14,220,44,0,44,264
11/23/2008,LBB,TX,ASW,CE,Combined TRACON& Tower with Radar,38,28,43,0,109,0,3,31,0,34,38,31,74,0,143,26,0,26,169
11/24/2008,LBB,TX,ASW,CE,Combined TRACON& Tower with Radar,36,34,24,0,94,0,7,44,0,51,36,41,68,0,145,50,0,50,195
11/25/2008,LBB,TX,ASW,CE,Combined TRACON& Tower with Radar,43,57,68,6,174,0,9,64,0,73,43,66,132,6,247,94,0,94,341
11/26/2008,LBB,TX,ASW,CE,Combined TRACON& Tower with Radar,43,55,44,7,149,0,6,49,0,55,43,61,93,7,204,0,0,0,204
11/27/2008,LBB,TX,ASW,CE,Combined TRACON& Tower with Radar,24,25,17,0,66,0,8,15,0,23,24,33,32,0,89,68,0,68,157
11/28/2008,LBB,TX,ASW,CE,Combined TRACON& Tower with Radar,35,42,24,0,101,0,6,18,0,24,35,48,42,0,125,36,0,36,161
11/29/2008,LBB,TX,ASW,CE,Combined TRACON& Tower with Radar,39,42,37,0,118,0,4,23,0,27,39,46,60,0,145,24,0,24,169
11/30/2008,LBB,TX,ASW,CE,Combined TRACON& Tower with Radar,37,37,49,2,125,0,4,18,0,22,37,41,67,2,147,0,0,0,147
12/01/2008,LBB,TX,ASW,CE,Combined TRACON& Tower with Radar,39,41,43,4,127,0,4,36,0,40,39,45,79,4,167,30,0,30,197
12/02/2008,LBB,TX,ASW,CE,Combined TRACON& Tower with Radar,44,62,28,8,142,0,4,24,0,28,44,66,52,8,170,74,4,78,248
12/03/2008,LBB,TX,ASW,CE,Combined TRACON& Tower with Radar,41,58,47,6,152,0,2,22,0,24,41,60,69,6,176,0,0,0,176
12/04/2008,LBB,TX,ASW,CE,Combined TRACON& Tower with Radar,39,56,31,2,128,0,4,37,2,43,39,60,68,4,171,32,0,32,203
12/05/2008,LBB,TX,ASW,CE,Combined TRACON& Tower with Radar,5,5,1,0,11,0,0,1,0,1,5,5,2,0,12,0,0,0,12
12/06/2008,LBB,TX,ASW,CE,Combined TRACON& Tower with Radar,32,26,26,10,94,0,5,41,0,46,32,31,67,10,140,12,0,12,152
12/07/2008,LBB,TX,ASW,CE,Combined TRACON& Tower with Radar,32,34,21,2,89,0,4,34,0,38,32,38,55,2,127,0,0,0,127
12/08/2008,LBB,TX,ASW,CE,Combined TRACON& Tower with Radar,35,36,34,16,121,0,6,28,0,34,35,42,62,16,155,24,0,24,179
12/09/2008,LBB,TX,ASW,CE,Combined TRACON& Tower with Radar,44,53,20,0,117,0,2,3,0,5,44,55,23,0,122,0,0,0,122
12/10/2008,LBB,TX,ASW,CE,Combined TRACON& Tower with Radar,41,60,30,8,139,0,6,50,1,57,41,66,80,9,196,42,14,56,252
12/11/2008,LBB,TX,ASW,CE,Combined TRACON& Tower with Radar,40,60,50,5,155,0,4,53,0,57,40,64,103,5,212,20,0,20,232
12/12/2008,LBB,TX,ASW,CE,Combined TRACON& Tower with Radar,43,68,64,22,197,0,12,56,1,69,43,80,120,23,266,32,22,54,320
12/13/2008,LBB,TX,ASW,CE,Combined TRACON& Tower with Radar,35,38,24,16,113,0,8,32,1,41,35,46,56,17,154,0,18,18,172
12/14/2008,LBB,TX,ASW,CE,Combined TRACON& Tower with Radar,33,35,37,3,108,0,4,14,0,18,33,39,51,3,126,0,0,0,126
12/15/2008,LBB,TX,ASW,CE,Combined TRACON& Tower with Radar,32,47,55,5,139,0,6,26,0,32,32,53,81,5,171,80,0,80,251
12/16/2008,LBB,TX,ASW,CE,Combined TRACON& Tower with Radar,41,57,23,10,131,0,3,31,4,38,41,60,54,14,169,30,28,58,227
12/17/2008,LBB,TX,ASW,CE,Combined TRACON& Tower with Radar,40,55,36,0,131,0,6,29,0,35,40,61,65,0,166,48,0,48,214
12/18/2008,LBB,TX,ASW,CE,Combined TRACON& Tower with Radar,46,55,34,17,152,0,4,23,3,30,46,59,57,20,182,38,48,86,268
12/19/2008,LBB,TX,ASW,CE,Combined TRACON& Tower with Radar,45,71,23,3,142,0,3,52,1,56,45,74,75,4,198,14,0,14,212
12/20/2008,LBB,TX,ASW,CE,Combined TRACON& Tower with Radar,33,34,16,10,93,0,18,52,2,72,33,52,68,12,165,34,4,38,203
12/21/2008,LBB,TX,ASW,CE,Combined TRACON& Tower with Radar,29,29,17,0,75,0,0,38,0,38,29,29,55,0,113,14,0,14,127
12/22/2008,LBB,TX,ASW,CE,Combined TRACON& Tower with Radar,34,47,31,8,120,0,8,16,0,24,34,55,47,8,144,24,10,34,178
12/23/2008,LBB,TX,ASW,CE,Combined TRACON& Tower with Radar,42,68,30,0,140,0,10,17,0,27,42,78,47,0,167,0,0,0,167
12/24/2008,LBB,TX,ASW,CE,Combined TRACON& Tower with Radar,37,52,29,1,119,0,12,39,0,51,37,64,68,1,170,0,0,0,170
12/25/2008,LBB,TX,ASW,CE,Combined TRACON& Tower with Radar,25,31,7,0,63,0,3,15,0,18,25,34,22,0,81,0,0,0,81
12/26/2008,LBB,TX,ASW,CE,Combined TRACON& Tower with Radar,39,40,26,0,105,0,3,22,0,25,39,43,48,0,130,10,0,10,140
12/27/2008,LBB,TX,ASW,CE,Combined TRACON& Tower with Radar,30,34,26,0,90,0,5,22,0,27,30,39,48,0,117,10,0,10,127
12/28/2008,LBB,TX,ASW,CE,Combined TRACON& Tower with Radar,36,28,21,0,85,0,13,35,0,48,36,41,56,0,133,30,0,30,163
12/29/2008,LBB,TX,ASW,CE,Combined TRACON& Tower with Radar,33,35,25,0,93,0,12,58,0,70,33,47,83,0,163,82,0,82,245
12/30/2008,LBB,TX,ASW,CE,Combined TRACON& Tower with Radar,41,59,29,2,131,0,6,33,0,39,41,65,62,2,170,0,0,0,170
12/31/2008,LBB,TX,ASW,CE,Combined TRACON& Tower with Radar,35,47,37,2,121,0,7,51,0,58,35,54,88,2,179,82,0,82,261
01/01/2009,LBB,TX,ASW,CE,Combined TRACON& Tower with Radar,28,33,14,0,75,0,5,24,0,29,28,38,38,0,104,19,0,19,123
01/02/2009,LBB,TX,ASW,CE,Combined TRACON& Tower with Radar,40,44,40,0,124,0,4,36,0,40,40,48,76,0,164,46,0,46,210
01/03/2009,LBB,TX,ASW,CE,Combined TRACON& Tower with Radar,32,33,27,0,92,0,2,36,0,38,32,35,63,0,130,0,0,0,130
01/04/2009,LBB,TX,ASW,CE,Combined TRACON& Tower with Radar,38,23,24,2,87,0,8,23,0,31,38,31,47,2,118,0,0,0,118
01/05/2009,LBB,TX,ASW,CE,Combined TRACON& Tower with Radar,29,34,22,3,88,0,11,15,0,26,29,45,37,3,114,28,0,28,142
01/06/2009,LBB,TX,ASW,CE,Combined TRACON& Tower with Radar,40,49,28,14,131,0,8,33,1,42,40,57,61,15,173,46,50,96,269
01/07/2009,LBB,TX,ASW,CE,Combined TRACON& Tower with Radar,44,50,29,0,123,0,10,55,0,65,44,60,84,0,188,28,0,28,216
01/08/2009,LBB,TX,ASW,CE,Combined TRACON& Tower with Radar,40,44,34,0,118,0,14,51,0,65,40,58,85,0,183,0,0,0,183
01/09/2009,LBB,TX,ASW,CE,Combined TRACON& Tower with Radar,44,55,26,13,138,0,4,29,0,33,44,59,55,13,171,1,26,27,198
01/10/2009,LBB,TX,ASW,CE,Combined TRACON& Tower with Radar,34,33,18,0,85,0,5,25,0,30,34,38,43,0,115,62,0,62,177
01/11/2009,LBB,TX,ASW,CE,Combined TRACON& Tower with Radar,32,30,40,0,102,0,2,65,0,67,32,32,105,0,169,62,0,62,231
01/12/2009,LBB,TX,ASW,CE,Combined TRACON& Tower with Radar,33,40,24,12,109,0,9,39,0,48,33,49,63,12,157,32,14,46,203
01/13/2009,LBB,TX,ASW,CE,Combined TRACON& Tower with Radar,40,51,63,0,154,0,1,28,1,30,40,52,91,1,184,26,0,26,210
01/14/2009,LBB,TX,ASW,CE,Combined TRACON& Tower with Radar,35,42,38,8,123,0,6,55,6,67,35,48,93,14,190,66,4,70,260
01/15/2009,LBB,TX,ASW,CE,Combined TRACON& Tower with Radar,37,65,42,28,172,0,7,35,0,42,37,72,77,28,214,22,0,22,236
01/16/2009,LBB,TX,ASW,CE,Combined TRACON& Tower with Radar,39,59,49,13,160,0,7,35,2,44,39,66,84,15,204,18,0,18,222
01/17/2009,LBB,TX,ASW,CE,Combined TRACON& Tower with Radar,33,37,27,5,102,0,2,49,0,51,33,39,76,5,153,44,4,48,201
01/18/2009,LBB,TX,ASW,CE,Combined TRACON& Tower with Radar,31,31,21,3,86,0,4,36,0,40,31,35,57,3,126,24,0,24,150
01/19/2009,LBB,TX,ASW,CE,Combined TRACON& Tower with Radar,31,43,17,11,102,0,9,33,1,43,31,52,50,12,145,20,0,20,165
01/20/2009,LBB,TX,ASW,CE,Combined TRACON& Tower with Radar,39,53,37,4,133,0,9,47,3,59,39,62,84,7,192,58,20,78,270
01/21/2009,LBB,TX,ASW,CE,Combined TRACON& Tower with Radar,37,47,37,2,123,0,8,48,1,57,37,55,85,3,180,28,20,48,228
01/22/2009,LBB,TX,ASW,CE,Combined TRACON& Tower with Radar,39,53,59,12,163,0,10,44,0,54,39,63,103,12,217,38,10,48,265
01/23/2009,LBB,TX,ASW,CE,Combined TRACON& Tower with Radar,39,56,35,12,142,0,2,53,0,55,39,58,88,12,197,62,0,62,259
01/24/2009,LBB,TX,ASW,CE,Combined TRACON& Tower with Radar,29,34,13,7,83,0,7,45,0,52,29,41,58,7,135,62,0,62,197
01/25/2009,LBB,TX,ASW,CE,Combined TRACON& Tower with Radar,32,22,44,5,103,0,14,39,2,55,32,36,83,7,158,16,0,16,174
01/26/2009,LBB,TX,ASW,CE,Combined TRACON& Tower with Radar,35,30,7,2,74,0,1,7,0,8,35,31,14,2,82,0,0,0,82
01/27/2009,LBB,TX,ASW,CE,Combined TRACON& Tower with Radar,6,15,5,0,26,0,0,0,0,0,6,15,5,0,26,0,0,0,26
01/28/2009,LBB,TX,ASW,CE,Combined TRACON& Tower with Radar,30,44,43,4,121,0,9,31,3,43,30,53,74,7,164,44,12,56,220
01/29/2009,LBB,TX,ASW,CE,Combined TRACON& Tower with Radar,41,53,28,6,128,0,9,29,0,38,41,62,57,6,166,80,8,88,254
01/30/2009,LBB,TX,ASW,CE,Combined TRACON& Tower with Radar,41,56,44,2,143,0,7,56,0,63,41,63,100,2,206,54,4,58,264
01/31/2009,LBB,TX,ASW,CE,Combined TRACON& Tower with Radar,28,44,44,9,125,0,6,46,4,56,28,50,90,13,181,92,12,104,285
02/01/2009,LBB,TX,ASW,CE,Combined TRACON& Tower with Radar,32,37,17,1,87,0,8,13,0,21,32,45,30,1,108,18,0,18,126
02/02/2009,LBB,TX,ASW,CE,Combined TRACON& Tower with Radar,35,41,28,0,104,0,8,43,0,51,35,49,71,0,155,0,0,0,155
02/03/2009,LBB,TX,ASW,CE,Combined TRACON& Tower with Radar,41,49,37,0,127,0,5,38,0,43,41,54,75,0,170,18,6,24,194
02/04/2009,LBB,TX,ASW,CE,Combined TRACON& Tower with Radar,36,43,36,13,128,0,3,37,0,40,36,46,73,13,168,10,18,28,196
02/05/2009,LBB,TX,ASW,CE,Combined TRACON& Tower with Radar,42,48,46,21,157,0,7,23,0,30,42,55,69,21,187,20,12,32,219
02/06/2009,LBB,TX,ASW,CE,Combined TRACON& Tower with Radar,38,56,33,32,159,0,9,30,0,39,38,65,63,32,198,22,0,22,220
02/07/2009,LBB,TX,ASW,CE,Combined TRACON& Tower with Radar,32,29,31,1,93,0,5,49,0,54,32,34,80,1,147,54,0,54,201
02/08/2009,LBB,TX,ASW,CE,Combined TRACON& Tower with Radar,31,26,22,3,82,0,6,10,1,17,31,32,32,4,99,8,4,12,111
02/09/2009,LBB,TX,ASW,CE,Combined TRACON& Tower with Radar,35,40,25,20,120,0,8,17,0,25,35,48,42,20,145,0,0,0,145
02/10/2009,LBB,TX,ASW,CE,Combined TRACON& Tower with Radar,42,50,17,1,110,0,0,18,0,18,42,50,35,1,128,0,0,0,128
02/11/2009,LBB,TX,ASW,CE,Combined TRACON& Tower with Radar,38,51,28,4,121,0,10,46,0,56,38,61,74,4,177,68,0,68,245
02/12/2009,LBB,TX,ASW,CE,Combined TRACON& Tower with Radar,42,57,34,0,133,0,6,49,0,55,42,63,83,0,188,42,0,42,230
02/13/2009,LBB,TX,ASW,CE,Combined TRACON& Tower with Radar,41,52,22,24,139,0,5,43,1,49,41,57,65,25,188,38,0,38,226
02/14/2009,LBB,TX,ASW,CE,Combined TRACON& Tower with Radar,29,37,23,0,89,0,5,34,1,40,29,42,57,1,129,40,0,40,169
02/15/2009,LBB,TX,ASW,CE,Combined TRACON& Tower with Radar,30,35,14,0,79,0,17,47,1,65,30,52,61,1,144,48,0,48,192
02/16/2009,LBB,TX,ASW,CE,Combined TRACON& Tower with Radar,35,45,43,0,123,0,6,23,1,30,35,51,66,1,153,26,0,26,179
02/17/2009,LBB,TX,ASW,CE,Combined TRACON& Tower with Radar,42,58,29,4,133,0,2,8,0,10,42,60,37,4,143,8,0,8,151
02/18/2009,LBB,TX,ASW,CE,Combined TRACON& Tower with Radar,41,49,32,0,122,0,8,28,0,36,41,57,60,0,158,32,0,32,190
02/19/2009,LBB,TX,ASW,CE,Combined TRACON& Tower with Radar,42,64,39,5,150,0,6,46,1,53,42,70,85,6,203,38,0,38,241
02/20/2009,LBB,TX,ASW,CE,Combined TRACON& Tower with Radar,38,56,29,2,125,0,7,41,0,48,38,63,70,2,173,18,0,18,191
02/21/2009,LBB,TX,ASW,CE,Combined TRACON& Tower with Radar,30,34,42,6,112,0,5,40,0,45,30,39,82,6,157,42,6,48,205
02/22/2009,LBB,TX,ASW,CE,Combined TRACON& Tower with Radar,32,30,35,2,99,0,3,43,0,46,32,33,78,2,145,0,0,0,145
02/23/2009,LBB,TX,ASW,CE,Combined TRACON& Tower with Radar,34,42,38,0,114,0,11,45,0,56,34,53,83,0,170,0,0,0,170
02/24/2009,LBB,TX,ASW,CE,Combined TRACON& Tower with Radar,45,51,32,0,128,0,6,36,0,42,45,57,68,0,170,0,0,0,170
02/25/2009,LBB,TX,ASW,CE,Combined TRACON& Tower with Radar,42,53,28,23,146,0,16,41,0,57,42,69,69,23,203,16,40,56,259
02/26/2009,LBB,TX,ASW,CE,Combined TRACON& Tower with Radar,43,51,29,32,155,0,7,45,0,52,43,58,74,32,207,60,26,86,293
02/27/2009,LBB,TX,ASW,CE,Combined TRACON& Tower with Radar,39,57,33,35,164,0,5,48,3,56,39,62,81,38,220,0,0,0,220
02/28/2009,LBB,TX,ASW,CE,Combined TRACON& Tower with Radar,28,40,31,15,114,0,6,29,1,36,28,46,60,16,150,0,0,0,150
03/01/2009,LBB,TX,ASW,CE,Combined TRACON& Tower with Radar,31,24,19,20,94,0,7,52,1,60,31,31,71,21,154,0,0,0,154
03/02/2009,LBB,TX,ASW,CE,Combined TRACON& Tower with Radar,34,33,20,13,100,0,7,31,0,38,34,40,51,13,138,0,0,0,138
03/03/2009,LBB,TX,ASW,CE,Combined TRACON& Tower with Radar,41,53,44,1,139,0,10,39,1,50,41,63,83,2,189,10,0,10,199
03/04/2009,LBB,TX,ASW,CE,Combined TRACON& Tower with Radar,36,47,24,1,108,0,9,43,0,52,36,56,67,1,160,0,0,0,160
03/05/2009,LBB,TX,ASW,CE,Combined TRACON& Tower with Radar,42,57,35,11,145,0,8,20,1,29,42,65,55,12,174,0,0,0,174
03/06/2009,LBB,TX,ASW,CE,Combined TRACON& Tower with Radar,39,47,65,14,165,0,16,43,4,63,39,63,108,18,228,26,0,26,254
03/07/2009,LBB,TX,ASW,CE,Combined TRACON& Tower with Radar,27,32,22,1,82,0,6,32,0,38,27,38,54,1,120,10,0,10,130
03/08/2009,LBB,TX,ASW,CE,Combined TRACON& Tower with Radar,34,30,23,1,88,0,2,33,0,35,34,32,56,1,123,6,0,6,129
03/09/2009,LBB,TX,ASW,CE,Combined TRACON& Tower with Radar,30,36,34,1,101,0,10,31,5,46,30,46,65,6,147,52,0,52,199
03/10/2009,LBB,TX,ASW,CE,Combined TRACON& Tower with Radar,33,62,55,1,151,0,5,35,6,46,33,67,90,7,197,0,0,0,197
03/11/2009,LBB,TX,ASW,CE,Combined TRACON& Tower with Radar,31,50,57,11,149,0,10,25,4,39,31,60,82,15,188,32,14,46,234
03/12/2009,LBB,TX,ASW,CE,Combined TRACON& Tower with Radar,35,46,50,13,144,0,0,23,0,23,35,46,73,13,167,24,0,24,191
03/13/2009,LBB,TX,ASW,CE,Combined TRACON& Tower with Radar,32,45,28,0,105,0,0,0,0,0,32,45,28,0,105,0,0,0,105
03/14/2009,LBB,TX,ASW,CE,Combined TRACON& Tower with Radar,26,35,33,2,96,0,2,12,0,14,26,37,45,2,110,30,0,30,140
03/15/2009,LBB,TX,ASW,CE,Combined TRACON& Tower with Radar,32,31,45,0,108,0,15,45,0,60,32,46,90,0,168,22,0,22,190
03/16/2009,LBB,TX,ASW,CE,Combined TRACON& Tower with Radar,26,44,37,8,115,0,4,39,2,45,26,48,76,10,160,0,0,0,160
03/17/2009,LBB,TX,ASW,CE,Combined TRACON& Tower with Radar,33,52,38,4,127,0,4,42,4,50,33,56,80,8,177,46,24,70,247
03/18/2009,LBB,TX,ASW,CE,Combined TRACON& Tower with Radar,34,52,37,14,137,0,7,43,0,50,34,59,80,14,187,38,8,46,233
03/19/2009,LBB,TX,ASW,CE,Combined TRACON& Tower with Radar,32,57,35,12,136,0,8,47,1,56,32,65,82,13,192,16,0,16,208
03/20/2009,LBB,TX,ASW,CE,Combined TRACON& Tower with Radar,37,61,58,15,171,0,8,38,1,47,37,69,96,16,218,10,2,12,230
03/21/2009,LBB,TX,ASW,CE,Combined TRACON& Tower with Radar,30,35,27,0,92,0,7,54,0,61,30,42,81,0,153,0,0,0,153
03/22/2009,LBB,TX,ASW,CE,Combined TRACON& Tower with Radar,33,24,66,16,139,0,5,25,0,30,33,29,91,16,169,0,0,0,169
03/23/2009,LBB,TX,ASW,CE,Combined TRACON& Tower with Radar,35,52,28,0,115,0,5,25,0,30,35,57,53,0,145,0,0,0,145
03/24/2009,LBB,TX,ASW,CE,Combined TRACON& Tower with Radar,35,53,52,14,154,0,8,59,0,67,35,61,111,14,221,22,0,22,243
03/25/2009,LBB,TX,ASW,CE,Combined TRACON& Tower with Radar,37,61,43,15,156,0,4,37,0,41,37,65,80,15,197,14,18,32,229
03/26/2009,LBB,TX,ASW,CE,Combined TRACON& Tower with Radar,38,57,45,45,185,0,10,29,2,41,38,67,74,47,226,6,20,26,252
03/27/2009,LBB,TX,ASW,CE,Combined TRACON& Tower with Radar,32,40,12,0,84,0,0,0,0,0,32,40,12,0,84,0,0,0,84
03/28/2009,LBB,TX,ASW,CE,Combined TRACON& Tower with Radar,28,33,29,8,98,0,1,28,4,33,28,34,57,12,131,14,6,20,151
03/29/2009,LBB,TX,ASW,CE,Combined TRACON& Tower with Radar,30,24,18,0,72,0,4,21,0,25,30,28,39,0,97,0,0,0,97
03/30/2009,LBB,TX,ASW,CE,Combined TRACON& Tower with Radar,28,34,27,21,110,0,6,26,0,32,28,40,53,21,142,12,10,22,164
03/31/2009,LBB,TX,ASW,CE,Combined TRACON& Tower with Radar,33,57,44,21,155,0,8,47,0,55,33,65,91,21,210,0,0,0,210
04/01/2009,LBB,TX,ASW,CE,Combined TRACON& Tower with Radar,27,50,33,6,116,0,14,47,0,61,27,64,80,6,177,32,0,32,209
04/02/2009,LBB,TX,ASW,CE,Combined TRACON& Tower with Radar,33,44,49,29,155,0,3,22,2,27,33,47,71,31,182,0,0,0,182
04/03/2009,LBB,TX,ASW,CE,Combined TRACON& Tower with Radar,32,48,28,18,126,0,9,54,0,63,32,57,82,18,189,96,0,96,285
04/04/2009,LBB,TX,ASW,CE,Combined TRACON& Tower with Radar,29,38,7,0,74,0,2,20,0,22,29,40,27,0,96,0,0,0,96
04/05/2009,LBB,TX,ASW,CE,Combined TRACON& Tower with Radar,32,28,26,1,87,0,5,33,1,39,32,33,59,2,126,18,0,18,144
04/06/2009,LBB,TX,ASW,CE,Combined TRACON& Tower with Radar,30,36,45,37,148,0,12,52,2,66,30,48,97,39,214,0,0,0,214
04/07/2009,LBB,TX,ASW,CE,Combined TRACON& Tower with Radar,38,49,38,6,131,0,6,43,1,50,38,55,81,7,181,0,0,0,181
04/08/2009,LBB,TX,ASW,CE,Combined TRACON& Tower with Radar,34,51,43,7,135,0,9,63,0,72,34,60,106,7,207,26,0,26,233
04/09/2009,LBB,TX,ASW,CE,Combined TRACON& Tower with Radar,32,56,40,4,132,0,2,10,0,12,32,58,50,4,144,0,0,0,144
04/10/2009,LBB,TX,ASW,CE,Combined TRACON& Tower with Radar,40,51,66,8,165,0,4,77,2,83,40,55,143,10,248,38,0,38,286
04/11/2009,LBB,TX,ASW,CE,Combined TRACON& Tower with Radar,30,29,20,0,79,0,0,17,1,18,30,29,37,1,97,0,0,0,97
04/12/2009,LBB,TX,ASW,CE,Combined TRACON& Tower with Radar,32,31,25,0,88,0,4,16,3,23,32,35,41,3,111,0,0,0,111
04/13/2009,LBB,TX,ASW,CE,Combined TRACON& Tower with Radar,30,40,62,12,144,0,9,57,3,69,30,49,119,15,213,0,0,0,213
04/14/2009,LBB,TX,ASW,CE,Combined TRACON& Tower with Radar,34,47,86,34,201,0,7,68,1,76,34,54,154,35,277,0,0,0,277
04/15/2009,LBB,TX,ASW,CE,Combined TRACON& Tower with Radar,36,48,40,26,150,0,11,51,1,63,36,59,91,27,213,0,0,0,213
04/16/2009,LBB,TX,ASW,CE,Combined TRACON& Tower with Radar,33,43,46,0,122,0,3,16,0,19,33,46,62,0,141,0,0,0,141
04/17/2009,LBB,TX,ASW,CE,Combined TRACON& Tower with Radar,39,50,45,134,268,0,9,45,5,59,39,59,90,139,327,36,54,90,417
04/18/2009,LBB,TX,ASW,CE,Combined TRACON& Tower with Radar,33,31,24,18,106,0,7,38,2,47,33,38,62,20,153,12,0,12,165
04/19/2009,LBB,TX,ASW,CE,Combined TRACON& Tower with Radar,38,28,33,23,122,0,9,39,0,48,38,37,72,23,170,8,0,8,178
04/20/2009,LBB,TX,ASW,CE,Combined TRACON& Tower with Radar,35,38,20,14,107,0,16,54,0,70,35,54,74,14,177,28,26,54,231
04/21/2009,LBB,TX,ASW,CE,Combined TRACON& Tower with Radar,37,48,43,9,137,0,8,50,4,62,37,56,93,13,199,40,0,40,239
04/22/2009,LBB,TX,ASW,CE,Combined TRACON& Tower with Radar,36,46,39,6,127,0,16,55,0,71,36,62,94,6,198,66,0,66,264
04/23/2009,LBB,TX,ASW,CE,Combined TRACON& Tower with Radar,36,62,49,27,174,0,13,26,1,40,36,75,75,28,214,36,24,60,274
04/24/2009,LBB,TX,ASW,CE,Combined TRACON& Tower with Radar,37,49,34,43,163,0,9,52,4,65,37,58,86,47,228,54,24,78,306
04/25/2009,LBB,TX,ASW,CE,Combined TRACON& Tower with Radar,31,34,16,5,86,0,6,111,0,117,31,40,127,5,203,20,0,20,223
04/26/2009,LBB,TX,ASW,CE,Combined TRACON& Tower with Radar,33,29,22,9,93,0,10,14,2,26,33,39,36,11,119,0,0,0,119
04/27/2009,LBB,TX,ASW,CE,Combined TRACON& Tower with Radar,28,40,33,67,168,0,8,42,3,53,28,48,75,70,221,76,52,128,349
04/28/2009,LBB,TX,ASW,CE,Combined TRACON& Tower with Radar,40,53,41,41,175,0,1,6,0,7,40,54,47,41,182,0,0,0,182
04/29/2009,LBB,TX,ASW,CE,Combined TRACON& Tower with Radar,38,60,41,31,170,0,7,29,2,38,38,67,70,33,208,20,10,30,238
04/30/2009,LBB,TX,ASW,CE,Combined TRACON& Tower with Radar,34,59,40,37,170,0,9,59,4,72,34,68,99,41,242,16,36,52,294
05/01/2009,LBB,TX,ASW,CE,Combined TRACON& Tower with Radar,40,57,57,100,254,0,2,31,1,34,40,59,88,101,288,0,42,42,330
05/02/2009,LBB,TX,ASW,CE,Combined TRACON& Tower with Radar,28,36,15,6,85,0,0,3,0,3,28,36,18,6,88,36,0,36,124
05/03/2009,LBB,TX,ASW,CE,Combined TRACON& Tower with Radar,33,41,27,8,109,0,6,20,0,26,33,47,47,8,135,0,0,0,135
05/04/2009,LBB,TX,ASW,CE,Combined TRACON& Tower with Radar,33,45,49,25,152,0,11,22,0,33,33,56,71,25,185,28,6,34,219
05/05/2009,LBB,TX,ASW,CE,Combined TRACON& Tower with Radar,37,54,66,20,177,0,2,15,0,17,37,56,81,20,194,14,26,40,234
05/06/2009,LBB,TX,ASW,CE,Combined TRACON& Tower with Radar,35,52,60,32,179,0,5,36,1,42,35,57,96,33,221,44,4,48,269
05/07/2009,LBB,TX,ASW,CE,Combined TRACON& Tower with Radar,35,59,62,29,185,0,6,49,2,57,35,65,111,31,242,24,0,24,266
05/08/2009,LBB,TX,ASW,CE,Combined TRACON& Tower with Radar,36,56,52,17,161,0,6,60,0,66,36,62,112,17,227,35,0,35,262
05/09/2009,LBB,TX,ASW,CE,Combined TRACON& Tower with Radar,32,41,41,7,121,0,2,22,0,24,32,43,63,7,145,6,0,6,151
05/10/2009,LBB,TX,ASW,CE,Combined TRACON& Tower with Radar,31,27,34,20,112,0,2,14,0,16,31,29,48,20,128,26,0,26,154
05/11/2009,LBB,TX,ASW,CE,Combined TRACON& Tower with Radar,32,40,35,4,111,0,4,1,0,5,32,44,36,4,116,0,0,0,116
05/12/2009,LBB,TX,ASW,CE,Combined TRACON& Tower with Radar,37,55,21,24,137,0,5,18,3,26,37,60,39,27,163,54,50,104,267
05/13/2009,LBB,TX,ASW,CE,Combined TRACON& Tower with Radar,30,52,51,36,169,0,5,53,14,72,30,57,104,50,241,0,0,0,241
05/14/2009,LBB,TX,ASW,CE,Combined TRACON& Tower with Radar,36,53,53,68,210,0,9,34,5,48,36,62,87,73,258,70,86,156,414
05/15/2009,LBB,TX,ASW,CE,Combined TRACON& Tower with Radar,38,45,46,8,137,0,8,37,4,49,38,53,83,12,186,4,16,20,206
05/16/2009,LBB,TX,ASW,CE,Combined TRACON& Tower with Radar,29,42,24,0,95,0,3,4,1,8,29,45,28,1,103,20,0,20,123
05/17/2009,LBB,TX,ASW,CE,Combined TRACON& Tower with Radar,31,35,32,1,99,0,8,60,2,70,31,43,92,3,169,20,0,20,189
05/18/2009,LBB,TX,ASW,CE,Combined TRACON& Tower with Radar,31,48,36,4,119,0,18,47,0,65,31,66,83,4,184,6,0,6,190
05/19/2009,LBB,TX,ASW,CE,Combined TRACON& Tower with Radar,37,47,52,25,161,0,4,51,2,57,37,51,103,27,218,14,14,28,246
05/20/2009,LBB,TX,ASW,CE,Combined TRACON& Tower with Radar,38,54,52,10,154,0,4,60,1,65,38,58,112,11,219,34,8,42,261
05/21/2009,LBB,TX,ASW,CE,Combined TRACON& Tower with Radar,36,60,53,16,165,0,1,65,0,66,36,61,118,16,231,96,28,124,355
05/22/2009,LBB,TX,ASW,CE,Combined TRACON& Tower with Radar,34,58,87,14,193,0,9,43,2,54,34,67,130,16,247,72,40,112,359
05/23/2009,LBB,TX,ASW,CE,Combined TRACON& Tower with Radar,31,37,20,0,88,0,9,46,2,57,31,46,66,2,145,40,0,40,185
05/24/2009,LBB,TX,ASW,CE,Combined TRACON& Tower with Radar,26,21,7,0,54,0,5,8,0,13,26,26,15,0,67,20,0,20,87
05/25/2009,LBB,TX,ASW,CE,Combined TRACON& Tower with Radar,29,24,46,11,110,0,4,47,0,51,29,28,93,11,161,10,0,10,171
05/26/2009,LBB,TX,ASW,CE,Combined TRACON& Tower with Radar,32,36,31,20,119,0,9,39,1,49,32,45,70,21,168,64,22,86,254
05/27/2009,LBB,TX,ASW,CE,Combined TRACON& Tower with Radar,37,52,45,24,158,0,11,51,6,68,37,63,96,30,226,40,16,56,282
05/28/2009,LBB,TX,ASW,CE,Combined TRACON& Tower with Radar,37,62,38,2,139,0,10,40,1,51,37,72,78,3,190,46,0,46,236
05/29/2009,LBB,TX,ASW,CE,Combined TRACON& Tower with Radar,34,55,45,9,143,0,17,57,0,74,34,72,102,9,217,74,16,90,307
05/30/2009,LBB,TX,ASW,CE,Combined TRACON& Tower with Radar,34,41,29,8,112,0,8,63,1,72,34,49,92,9,184,34,0,34,218
05/31/2009,LBB,TX,ASW,CE,Combined TRACON& Tower with Radar,31,39,36,12,118,0,0,31,2,33,31,39,67,14,151,16,0,16,167
06/01/2009,LBB,TX,ASW,CE,Combined TRACON& Tower with Radar,30,44,38,25,137,0,7,57,0,64,30,51,95,25,201,46,28,74,275
06/02/2009,LBB,TX,ASW,CE,Combined TRACON& Tower with Radar,31,49,32,10,122,0,9,23,0,32,31,58,55,10,154,4,0,4,158
06/03/2009,LBB,TX,ASW,CE,Combined TRACON& Tower with Radar,38,62,58,53,211,0,8,53,1,62,38,70,111,54,273,36,24,60,333
06/04/2009,LBB,TX,ASW,CE,Combined TRACON& Tower with Radar,32,52,25,9,118,0,7,40,0,47,32,59,65,9,165,44,0,44,209
06/05/2009,LBB,TX,ASW,CE,Combined TRACON& Tower with Radar,42,54,51,9,156,0,7,57,0,64,42,61,108,9,220,20,10,30,250
06/06/2009,LBB,TX,ASW,CE,Combined TRACON& Tower with Radar,30,32,28,6,96,0,7,41,0,48,30,39,69,6,144,23,6,29,173
06/07/2009,LBB,TX,ASW,CE,Combined TRACON& Tower with Radar,32,27,27,13,99,0,5,34,0,39,32,32,61,13,138,32,0,32,170
06/08/2009,LBB,TX,ASW,CE,Combined TRACON& Tower with Radar,33,41,32,16,122,0,11,54,2,67,33,52,86,18,189,44,36,80,269
06/09/2009,LBB,TX,ASW,CE,Combined TRACON& Tower with Radar,36,56,42,26,160,0,14,50,0,64,36,70,92,26,224,0,42,42,266
06/10/2009,LBB,TX,ASW,CE,Combined TRACON& Tower with Radar,35,52,25,0,112,0,0,26,0,26,35,52,51,0,138,8,0,8,146
06/11/2009,LBB,TX,ASW,CE,Combined TRACON& Tower with Radar,37,61,45,49,192,0,5,49,1,55,37,66,94,50,247,44,26,70,317
06/12/2009,LBB,TX,ASW,CE,Combined TRACON& Tower with Radar,38,52,33,20,143,0,6,57,7,70,38,58,90,27,213,10,30,40,253
06/13/2009,LBB,TX,ASW,CE,Combined TRACON& Tower with Radar,29,36,21,10,96,0,2,46,0,48,29,38,67,10,144,50,0,50,194
06/14/2009,LBB,TX,ASW,CE,Combined TRACON& Tower with Radar,36,25,26,0,87,0,0,36,2,38,36,25,62,2,125,0,0,0,125
06/15/2009,LBB,TX,ASW,CE,Combined TRACON& Tower with Radar,35,39,34,3,111,0,11,42,1,54,35,50,76,4,165,36,18,54,219
06/16/2009,LBB,TX,ASW,CE,Combined TRACON& Tower with Radar,40,48,50,24,162,0,10,60,0,70,40,58,110,24,232,30,20,50,282
06/17/2009,LBB,TX,ASW,CE,Combined TRACON& Tower with Radar,40,48,40,16,144,0,9,50,0,59,40,57,90,16,203,10,0,10,213
06/18/2009,LBB,TX,ASW,CE,Combined TRACON& Tower with Radar,33,50,47,7,137,0,4,37,0,41,33,54,84,7,178,56,24,80,258
06/19/2009,LBB,TX,ASW,CE,Combined TRACON& Tower with Radar,40,48,24,2,114,0,12,18,0,30,40,60,42,2,144,26,0,26,170
06/20/2009,LBB,TX,ASW,CE,Combined TRACON& Tower with Radar,33,33,10,0,76,0,3,14,3,20,33,36,24,3,96,0,0,0,96
06/21/2009,LBB,TX,ASW,CE,Combined TRACON& Tower with Radar,34,26,36,16,112,0,7,30,0,37,34,33,66,16,149,14,0,14,163
06/22/2009,LBB,TX,ASW,CE,Combined TRACON& Tower with Radar,34,36,23,10,103,0,9,45,0,54,34,45,68,10,157,0,0,0,157
06/23/2009,LBB,TX,ASW,CE,Combined TRACON& Tower with Radar,39,48,39,0,126,0,13,37,0,50,39,61,76,0,176,4,0,4,180
06/24/2009,LBB,TX,ASW,CE,Combined TRACON& Tower with Radar,40,52,38,38,168,0,14,45,0,59,40,66,83,38,227,14,30,44,271
06/25/2009,LBB,TX,ASW,CE,Combined TRACON& Tower with Radar,40,50,61,10,161,0,11,64,0,75,40,61,125,10,236,88,6,94,330
06/26/2009,LBB,TX,ASW,CE,Combined TRACON& Tower with Radar,38,49,50,26,163,0,16,62,1,79,38,65,112,27,242,12,0,12,254
06/27/2009,LBB,TX,ASW,CE,Combined TRACON& Tower with Radar,35,37,21,0,93,0,2,57,0,59,35,39,78,0,152,32,0,32,184
06/28/2009,LBB,TX,ASW,CE,Combined TRACON& Tower with Radar,36,33,20,1,90,0,2,22,0,24,36,35,42,1,114,0,0,0,114
06/29/2009,LBB,TX,ASW,CE,Combined TRACON& Tower with Radar,34,42,25,8,109,0,2,15,0,17,34,44,40,8,126,10,0,10,136
06/30/2009,LBB,TX,ASW,CE,Combined TRACON& Tower with Radar,39,52,33,1,125,0,1,30,0,31,39,53,63,1,156,28,0,28,184
07/01/2009,LBB,TX,ASW,CE,Combined TRACON& Tower with Radar,41,45,35,29,150,0,11,61,0,72,41,56,96,29,222,22,0,22,244
07/02/2009,LBB,TX,ASW,CE,Combined TRACON& Tower with Radar,39,53,37,20,149,0,8,55,0,63,39,61,92,20,212,56,0,56,268
07/03/2009,LBB,TX,ASW,CE,Combined TRACON& Tower with Radar,43,38,30,0,111,0,10,54,0,64,43,48,84,0,175,40,0,40,215
07/04/2009,LBB,TX,ASW,CE,Combined TRACON& Tower with Radar,24,23,8,0,55,0,4,30,0,34,24,27,38,0,89,16,0,16,105
07/05/2009,LBB,TX,ASW,CE,Combined TRACON& Tower with Radar,33,27,39,6,105,0,15,14,0,29,33,42,53,6,134,50,0,50,184
07/06/2009,LBB,TX,ASW,CE,Combined TRACON& Tower with Radar,36,38,25,0,99,0,4,49,0,53,36,42,74,0,152,46,0,46,198
07/07/2009,LBB,TX,ASW,CE,Combined TRACON& Tower with Radar,41,39,29,12,121,0,10,39,0,49,41,49,68,12,170,0,0,0,170
07/08/2009,LBB,TX,ASW,CE,Combined TRACON& Tower with Radar,39,50,37,8,134,0,9,47,0,56,39,59,84,8,190,20,0,20,210
07/09/2009,LBB,TX,ASW,CE,Combined TRACON& Tower with Radar,41,45,43,56,185,0,7,56,5,68,41,52,99,61,253,90,18,108,361
07/10/2009,LBB,TX,ASW,CE,Combined TRACON& Tower with Radar,41,59,30,11,141,0,7,37,0,44,41,66,67,11,185,42,6,48,233
07/11/2009,LBB,TX,ASW,CE,Combined TRACON& Tower with Radar,35,31,13,0,79,0,7,26,0,33,35,38,39,0,112,44,0,44,156
07/12/2009,LBB,TX,ASW,CE,Combined TRACON& Tower with Radar,34,24,23,0,81,0,4,36,0,40,34,28,59,0,121,64,0,64,185
07/13/2009,LBB,TX,ASW,CE,Combined TRACON& Tower with Radar,35,33,27,46,141,0,8,40,1,49,35,41,67,47,190,22,22,44,234
07/14/2009,LBB,TX,ASW,CE,Combined TRACON& Tower with Radar,41,51,64,40,196,0,12,33,4,49,41,63,97,44,245,36,40,76,321
07/15/2009,LBB,TX,ASW,CE,Combined TRACON& Tower with Radar,42,51,32,29,154,0,11,37,1,49,42,62,69,30,203,50,16,66,269
07/16/2009,LBB,TX,ASW,CE,Combined TRACON& Tower with Radar,39,48,41,11,139,0,12,53,4,69,39,60,94,15,208,76,4,80,288
07/17/2009,LBB,TX,ASW,CE,Combined TRACON& Tower with Radar,42,46,51,62,201,0,3,47,1,51,42,49,98,63,252,76,34,110,362
07/18/2009,LBB,TX,ASW,CE,Combined TRACON& Tower with Radar,35,40,25,14,114,0,12,53,2,67,35,52,78,16,181,36,0,36,217
07/19/2009,LBB,TX,ASW,CE,Combined TRACON& Tower with Radar,34,21,24,19,98,0,3,34,4,41,34,24,58,23,139,22,8,30,169
07/20/2009,LBB,TX,ASW,CE,Combined TRACON& Tower with Radar,34,41,30,29,134,0,6,41,1,48,34,47,71,30,182,10,8,18,200
07/21/2009,LBB,TX,ASW,CE,Combined TRACON& Tower with Radar,43,48,14,4,109,0,10,28,0,38,43,58,42,4,147,0,0,0,147
07/22/2009,LBB,TX,ASW,CE,Combined TRACON& Tower with Radar,40,53,30,1,124,0,4,8,0,12,40,57,38,1,136,22,6,28,164
07/23/2009,LBB,TX,ASW,CE,Combined TRACON& Tower with Radar,38,48,37,25,148,0,6,35,0,41,38,54,72,25,189,114,0,114,303
07/24/2009,LBB,TX,ASW,CE,Combined TRACON& Tower with Radar,44,44,48,60,196,0,3,51,1,55,44,47,99,61,251,22,40,62,313
07/25/2009,LBB,TX,ASW,CE,Combined TRACON& Tower with Radar,33,36,15,19,103,0,2,58,0,60,33,38,73,19,163,38,6,44,207
07/26/2009,LBB,TX,ASW,CE,Combined TRACON& Tower with Radar,35,29,41,27,132,0,1,28,2,31,35,30,69,29,163,30,4,34,197
07/27/2009,LBB,TX,ASW,CE,Combined TRACON& Tower with Radar,30,35,23,58,146,0,3,29,1,33,30,38,52,59,179,8,28,36,215
07/28/2009,LBB,TX,ASW,CE,Combined TRACON& Tower with Radar,41,56,41,38,176,0,2,28,2,32,41,58,69,40,208,36,26,62,270
07/29/2009,LBB,TX,ASW,CE,Combined TRACON& Tower with Radar,38,58,29,35,160,0,6,39,2,47,38,64,68,37,207,28,0,28,235
07/30/2009,LBB,TX,ASW,CE,Combined TRACON& Tower with Radar,36,53,41,26,156,0,6,34,0,40,36,59,75,26,196,60,0,60,256
07/31/2009,LBB,TX,ASW,CE,Combined TRACON& Tower with Radar,39,56,50,41,186,0,6,37,6,49,39,62,87,47,235,40,6,46,281
08/01/2009,LBB,TX,ASW,CE,Combined TRACON& Tower with Radar,36,58,29,20,143,0,11,29,6,46,36,69,58,26,189,42,28,70,259
08/02/2009,LBB,TX,ASW,CE,Combined TRACON& Tower with Radar,36,24,32,19,111,0,4,32,3,39,36,28,64,22,150,18,2,20,170
08/03/2009,LBB,TX,ASW,CE,Combined TRACON& Tower with Radar,35,36,16,24,111,0,6,40,2,48,35,42,56,26,159,28,0,28,187
08/04/2009,LBB,TX,ASW,CE,Combined TRACON& Tower with Radar,42,48,20,23,133,0,14,43,0,57,42,62,63,23,190,36,0,36,226
08/05/2009,LBB,TX,ASW,CE,Combined TRACON& Tower with Radar,41,51,41,38,171,0,7,54,2,63,41,58,95,40,234,46,20,66,300
08/06/2009,LBB,TX,ASW,CE,Combined TRACON& Tower with Radar,44,61,24,47,176,0,12,81,0,93,44,73,105,47,269,36,0,36,305
08/07/2009,LBB,TX,ASW,CE,Combined TRACON& Tower with Radar,40,55,23,35,153,0,4,56,3,63,40,59,79,38,216,26,12,38,254
08/08/2009,LBB,TX,ASW,CE,Combined TRACON& Tower with Radar,36,33,43,4,116,0,8,31,1,40,36,41,74,5,156,0,0,0,156
08/09/2009,LBB,TX,ASW,CE,Combined TRACON& Tower with Radar,34,34,20,1,89,0,5,30,0,35,34,39,50,1,124,0,0,0,124
08/10/2009,LBB,TX,ASW,CE,Combined TRACON& Tower with Radar,30,36,36,11,113,0,8,28,0,36,30,44,64,11,149,0,0,0,149
08/11/2009,LBB,TX,ASW,CE,Combined TRACON& Tower with Radar,40,49,36,13,138,0,8,73,5,86,40,57,109,18,224,60,16,76,300
08/12/2009,LBB,TX,ASW,CE,Combined TRACON& Tower with Radar,39,53,38,47,177,0,8,61,1,70,39,61,99,48,247,12,20,32,279
08/13/2009,LBB,TX,ASW,CE,Combined TRACON& Tower with Radar,42,52,52,51,197,0,6,75,3,84,42,58,127,54,281,22,24,46,327
08/14/2009,LBB,TX,ASW,CE,Combined TRACON& Tower with Radar,40,42,31,42,155,0,10,54,1,65,40,52,85,43,220,52,8,60,280
08/15/2009,LBB,TX,ASW,CE,Combined TRACON& Tower with Radar,34,38,25,0,97,0,8,62,0,70,34,46,87,0,167,32,0,32,199
08/16/2009,LBB,TX,ASW,CE,Combined TRACON& Tower with Radar,31,26,22,4,83,0,5,36,0,41,31,31,58,4,124,28,6,34,158
08/17/2009,LBB,TX,ASW,CE,Combined TRACON& Tower with Radar,35,34,20,22,111,0,10,45,2,57,35,44,65,24,168,12,14,26,194
08/18/2009,LBB,TX,ASW,CE,Combined TRACON& Tower with Radar,39,45,36,39,159,0,12,41,1,54,39,57,77,40,213,54,12,66,279
08/19/2009,LBB,TX,ASW,CE,Combined TRACON& Tower with Radar,43,52,29,33,157,0,7,45,0,52,43,59,74,33,209,20,0,20,229
08/20/2009,LBB,TX,ASW,CE,Combined TRACON& Tower with Radar,38,47,25,38,148,0,17,23,1,41,38,64,48,39,189,2,4,6,195
08/21/2009,LBB,TX,ASW,CE,Combined TRACON& Tower with Radar,36,47,28,77,188,0,12,74,4,90,36,59,102,81,278,10,34,44,322
08/22/2009,LBB,TX,ASW,CE,Combined TRACON& Tower with Radar,32,36,17,5,90,0,4,62,1,67,32,40,79,6,157,38,12,50,207
08/23/2009,LBB,TX,ASW,CE,Combined TRACON& Tower with Radar,31,25,20,12,88,0,7,31,0,38,31,32,51,12,126,0,2,2,128
08/24/2009,LBB,TX,ASW,CE,Combined TRACON& Tower with Radar,34,35,20,17,106,0,9,37,0,46,34,44,57,17,152,28,0,28,180
08/25/2009,LBB,TX,ASW,CE,Combined TRACON& Tower with Radar,41,53,28,16,138,0,7,30,3,40,41,60,58,19,178,38,6,44,222
08/26/2009,LBB,TX,ASW,CE,Combined TRACON& Tower with Radar,37,57,40,46,180,0,10,64,5,79,37,67,104,51,259,74,24,98,357
08/27/2009,LBB,TX,ASW,CE,Combined TRACON& Tower with Radar,39,46,46,22,153,0,10,37,0,47,39,56,83,22,200,88,0,88,288
08/28/2009,LBB,TX,ASW,CE,Combined TRACON& Tower with Radar,41,47,39,68,195,0,8,51,6,65,41,55,90,74,260,34,24,58,318
08/29/2009,LBB,TX,ASW,CE,Combined TRACON& Tower with Radar,32,32,20,4,88,0,2,66,3,71,32,34,86,7,159,60,0,60,219
08/30/2009,LBB,TX,ASW,CE,Combined TRACON& Tower with Radar,31,29,42,10,112,0,8,41,2,51,31,37,83,12,163,16,0,16,179
08/31/2009,LBB,TX,ASW,CE,Combined TRACON& Tower with Radar,33,36,50,32,151,0,4,44,0,48,33,40,94,32,199,72,24,96,295
09/01/2009,LBB,TX,ASW,CE,Combined TRACON& Tower with Radar,41,45,30,41,157,0,9,54,1,64,41,54,84,42,221,52,6,58,279
09/02/2009,LBB,TX,ASW,CE,Combined TRACON& Tower with Radar,39,52,39,31,161,0,0,46,4,50,39,52,85,35,211,54,16,70,281
09/03/2009,LBB,TX,ASW,CE,Combined TRACON& Tower with Radar,36,52,45,8,141,0,5,47,0,52,36,57,92,8,193,44,0,44,237
09/04/2009,LBB,TX,ASW,CE,Combined TRACON& Tower with Radar,41,48,57,18,164,0,0,40,0,40,41,48,97,18,204,16,0,16,220
09/05/2009,LBB,TX,ASW,CE,Combined TRACON& Tower with Radar,31,21,24,0,76,0,4,51,0,55,31,25,75,0,131,28,0,28,159
09/06/2009,LBB,TX,ASW,CE,Combined TRACON& Tower with Radar,27,17,21,0,65,0,2,41,1,44,27,19,62,1,109,6,0,6,115
09/07/2009,LBB,TX,ASW,CE,Combined TRACON& Tower with Radar,27,30,64,10,131,0,7,27,1,35,27,37,91,11,166,40,0,40,206
09/08/2009,LBB,TX,ASW,CE,Combined TRACON& Tower with Radar,31,36,44,16,127,0,10,25,2,37,31,46,69,18,164,42,14,56,220
09/09/2009,LBB,TX,ASW,CE,Combined TRACON& Tower with Radar,37,57,45,21,160,0,4,27,0,31,37,61,72,21,191,32,0,32,223
09/10/2009,LBB,TX,ASW,CE,Combined TRACON& Tower with Radar,35,59,34,4,132,0,2,18,1,21,35,61,52,5,153,50,0,50,203
09/11/2009,LBB,TX,ASW,CE,Combined TRACON& Tower with Radar,38,46,34,38,156,0,9,37,0,46,38,55,71,38,202,48,18,66,268
09/12/2009,LBB,TX,ASW,CE,Combined TRACON& Tower with Radar,33,29,30,2,94,0,0,9,0,9,33,29,39,2,103,6,0,6,109
09/13/2009,LBB,TX,ASW,CE,Combined TRACON& Tower with Radar,30,34,33,39,136,0,2,1,0,3,30,36,34,39,139,0,0,0,139
09/14/2009,LBB,TX,ASW,CE,Combined TRACON& Tower with Radar,32,43,47,60,182,0,0,35,0,35,32,43,82,60,217,8,0,8,225
09/15/2009,LBB,TX,ASW,CE,Combined TRACON& Tower with Radar,43,49,35,54,181,0,5,34,4,43,43,54,69,58,224,98,50,148,372
09/16/2009,LBB,TX,ASW,CE,Combined TRACON& Tower with Radar,38,59,48,9,154,0,4,31,0,35,38,63,79,9,189,24,0,24,213
09/17/2009,LBB,TX,ASW,CE,Combined TRACON& Tower with Radar,39,61,54,54,208,0,2,35,2,39,39,63,89,56,247,46,76,122,369
09/18/2009,LBB,TX,ASW,CE,Combined TRACON& Tower with Radar,41,53,35,13,142,0,4,26,6,36,41,57,61,19,178,30,6,36,214
09/19/2009,LBB,TX,ASW,CE,Combined TRACON& Tower with Radar,31,24,35,12,102,0,4,63,0,67,31,28,98,12,169,40,0,40,209
09/20/2009,LBB,TX,ASW,CE,Combined TRACON& Tower with Radar,30,24,23,24,101,0,6,41,2,49,30,30,64,26,150,8,2,10,160
09/21/2009,LBB,TX,ASW,CE,Combined TRACON& Tower with Radar,31,42,53,31,157,0,4,33,1,38,31,46,86,32,195,0,0,0,195
09/22/2009,LBB,TX,ASW,CE,Combined TRACON& Tower with Radar,38,57,37,49,181,0,2,19,1,22,38,59,56,50,203,14,8,22,225
09/23/2009,LBB,TX,ASW,CE,Combined TRACON& Tower with Radar,38,61,57,20,176,0,2,49,2,53,38,63,106,22,229,26,0,26,255
09/24/2009,LBB,TX,ASW,CE,Combined TRACON& Tower with Radar,41,46,63,12,162,0,6,76,1,83,41,52,139,13,245,138,0,138,383
09/25/2009,LBB,TX,ASW,CE,Combined TRACON& Tower with Radar,50,55,79,31,215,0,4,61,1,66,50,59,140,32,281,112,6,118,399
09/26/2009,LBB,TX,ASW,CE,Combined TRACON& Tower with Radar,32,22,29,0,83,0,6,53,0,59,32,28,82,0,142,76,0,76,218
09/27/2009,LBB,TX,ASW,CE,Combined TRACON& Tower with Radar,34,28,47,16,125,0,7,57,2,66,34,35,104,18,191,0,0,0,191
09/28/2009,LBB,TX,ASW,CE,Combined TRACON& Tower with Radar,32,41,23,4,100,0,8,35,0,43,32,49,58,4,143,0,0,0,143
09/29/2009,LBB,TX,ASW,CE,Combined TRACON& Tower with Radar,40,52,34,4,130,0,1,49,1,51,40,53,83,5,181,122,6,128,309
09/30/2009,LBB,TX,ASW,CE,Combined TRACON& Tower with Radar,36,46,46,10,138,0,4,33,1,38,36,50,79,11,176,98,0,98,274
10/01/2009,LBB,TX,ASW,CE,Combined TRACON& Tower with Radar,36,63,28,23,150,0,11,32,31,74,36,74,60,54,224,58,4,62,286
10/02/2009,LBB,TX,ASW,CE,Combined TRACON& Tower with Radar,38,57,48,24,167,0,16,69,4,89,38,73,117,28,256,44,12,56,312
10/03/2009,LBB,TX,ASW,CE,Combined TRACON& Tower with Radar,33,30,40,0,103,0,8,36,0,44,33,38,76,0,147,20,0,20,167
10/04/2009,LBB,TX,ASW,CE,Combined TRACON& Tower with Radar,33,34,34,10,111,0,2,6,0,8,33,36,40,10,119,0,0,0,119
10/05/2009,LBB,TX,ASW,CE,Combined TRACON& Tower with Radar,37,50,23,5,115,0,12,28,2,42,37,62,51,7,157,0,0,0,157
10/06/2009,LBB,TX,ASW,CE,Combined TRACON& Tower with Radar,37,68,64,35,204,0,8,24,3,35,37,76,88,38,239,30,0,30,269
10/07/2009,LBB,TX,ASW,CE,Combined TRACON& Tower with Radar,35,62,60,21,178,0,9,14,1,24,35,71,74,22,202,36,0,36,238
10/08/2009,LBB,TX,ASW,CE,Combined TRACON& Tower with Radar,37,66,43,20,166,0,3,20,0,23,37,69,63,20,189,0,8,8,197
10/09/2009,LBB,TX,ASW,CE,Combined TRACON& Tower with Radar,39,52,41,37,169,0,0,21,1,22,39,52,62,38,191,56,0,56,247
10/10/2009,LBB,TX,ASW,CE,Combined TRACON& Tower with Radar,34,29,38,6,107,0,0,50,2,52,34,29,88,8,159,0,0,0,159
10/11/2009,LBB,TX,ASW,CE,Combined TRACON& Tower with Radar,32,29,58,7,126,0,0,0,0,0,32,29,58,7,126,0,0,0,126
10/12/2009,LBB,TX,ASW,CE,Combined TRACON& Tower with Radar,33,38,43,8,122,0,5,36,1,42,33,43,79,9,164,0,0,0,164
10/13/2009,LBB,TX,ASW,CE,Combined TRACON& Tower with Radar,37,58,46,27,168,0,3,22,0,25,37,61,68,27,193,40,42,82,275
10/14/2009,LBB,TX,ASW,CE,Combined TRACON& Tower with Radar,41,55,48,50,194,0,2,53,7,62,41,57,101,57,256,82,46,128,384
10/15/2009,LBB,TX,ASW,CE,Combined TRACON& Tower with Radar,39,52,57,39,187,0,10,71,4,85,39,62,128,43,272,30,10,40,312
10/16/2009,LBB,TX,ASW,CE,Combined TRACON& Tower with Radar,41,56,32,15,144,0,10,62,2,74,41,66,94,17,218,6,20,26,244
10/17/2009,LBB,TX,ASW,CE,Combined TRACON& Tower with Radar,31,32,41,0,104,0,9,58,1,68,31,41,99,1,172,8,0,8,180
10/18/2009,LBB,TX,ASW,CE,Combined TRACON& Tower with Radar,31,25,21,2,79,0,7,53,0,60,31,32,74,2,139,0,0,0,139
10/19/2009,LBB,TX,ASW,CE,Combined TRACON& Tower with Radar,32,54,38,15,139,0,7,47,0,54,32,61,85,15,193,6,38,44,237
10/20/2009,LBB,TX,ASW,CE,Combined TRACON& Tower with Radar,39,58,38,24,159,0,3,42,9,54,39,61,80,33,213,6,0,6,219
10/21/2009,LBB,TX,ASW,CE,Combined TRACON& Tower with Radar,35,69,33,7,144,0,4,10,8,22,35,73,43,15,166,10,0,10,176
10/22/2009,LBB,TX,ASW,CE,Combined TRACON& Tower with Radar,38,62,50,39,189,0,5,31,2,38,38,67,81,41,227,10,0,10,237
10/23/2009,LBB,TX,ASW,CE,Combined TRACON& Tower with Radar,40,53,51,19,163,0,4,81,1,86,40,57,132,20,249,6,0,6,255
10/24/2009,LBB,TX,ASW,CE,Combined TRACON& Tower with Radar,35,28,43,1,107,0,3,53,3,59,35,31,96,4,166,6,0,6,172
10/25/2009,LBB,TX,ASW,CE,Combined TRACON& Tower with Radar,34,32,52,16,134,0,7,67,0,74,34,39,119,16,208,6,36,42,250
10/26/2009,LBB,TX,ASW,CE,Combined TRACON& Tower with Radar,34,42,30,53,159,0,8,17,2,27,34,50,47,55,186,0,0,0,186
10/27/2009,LBB,TX,ASW,CE,Combined TRACON& Tower with Radar,43,57,32,24,156,0,5,41,1,47,43,62,73,25,203,54,16,70,273
10/28/2009,LBB,TX,ASW,CE,Combined TRACON& Tower with Radar,37,55,42,30,164,0,8,24,0,32,37,63,66,30,196,0,48,48,244
10/29/2009,LBB,TX,ASW,CE,Combined TRACON& Tower with Radar,35,51,44,30,160,0,6,12,0,18,35,57,56,30,178,10,0,10,188
10/30/2009,LBB,TX,ASW,CE,Combined TRACON& Tower with Radar,45,57,28,33,163,0,11,32,3,46,45,68,60,36,209,10,20,30,239
10/31/2009,LBB,TX,ASW,CE,Combined TRACON& Tower with Radar,33,35,44,3,115,0,6,45,0,51,33,41,89,3,166,7,0,7,173
11/01/2009,LBB,TX,ASW,CE,Combined TRACON& Tower with Radar,28,33,37,1,99,0,8,54,0,62,28,41,91,1,161,44,0,44,205
11/02/2009,LBB,TX,ASW,CE,Combined TRACON& Tower with Radar,33,34,28,28,123,0,12,47,3,62,33,46,75,31,185,38,0,38,223
11/03/2009,LBB,TX,ASW,CE,Combined TRACON& Tower with Radar,37,57,35,14,143,0,5,92,0,97,37,62,127,14,240,44,0,44,284
11/04/2009,LBB,TX,ASW,CE,Combined TRACON& Tower with Radar,35,54,37,15,141,0,6,44,7,57,35,60,81,22,198,114,28,142,340
11/05/2009,LBB,TX,ASW,CE,Combined TRACON& Tower with Radar,37,63,54,8,162,0,8,36,1,45,37,71,90,9,207,44,6,50,257
11/06/2009,LBB,TX,ASW,CE,Combined TRACON& Tower with Radar,35,59,46,14,154,0,13,56,0,69,35,72,102,14,223,4,0,4,227
11/07/2009,LBB,TX,ASW,CE,Combined TRACON& Tower with Radar,33,41,27,0,101,0,9,63,0,72,33,50,90,0,173,60,0,60,233
11/08/2009,LBB,TX,ASW,CE,Combined TRACON& Tower with Radar,31,32,48,4,115,0,10,26,0,36,31,42,74,4,151,0,0,0,151
11/09/2009,LBB,TX,ASW,CE,Combined TRACON& Tower with Radar,30,34,49,34,147,0,5,15,3,23,30,39,64,37,170,30,12,42,212
11/10/2009,LBB,TX,ASW,CE,Combined TRACON& Tower with Radar,36,50,50,21,157,0,4,52,1,57,36,54,102,22,214,40,24,64,278
11/11/2009,LBB,TX,ASW,CE,Combined TRACON& Tower with Radar,37,55,40,0,132,0,1,48,0,49,37,56,88,0,181,56,0,56,237
11/12/2009,LBB,TX,ASW,CE,Combined TRACON& Tower with Radar,36,53,60,57,206,0,14,77,4,95,36,67,137,61,301,14,16,30,331
11/13/2009,LBB,TX,ASW,CE,Combined TRACON& Tower with Radar,37,56,37,10,140,0,0,50,2,52,37,56,87,12,192,8,0,8,200
11/14/2009,LBB,TX,ASW,CE,Combined TRACON& Tower with Radar,33,30,19,1,83,0,4,28,0,32,33,34,47,1,115,0,0,0,115
11/15/2009,LBB,TX,ASW,CE,Combined TRACON& Tower with Radar,32,28,54,5,119,0,0,35,0,35,32,28,89,5,154,50,0,50,204
11/16/2009,LBB,TX,ASW,CE,Combined TRACON& Tower with Radar,33,52,36,39,160,0,7,44,6,57,33,59,80,45,217,16,10,26,243
11/17/2009,LBB,TX,ASW,CE,Combined TRACON& Tower with Radar,37,59,59,69,224,0,15,59,3,77,37,74,118,72,301,80,8,88,389
11/18/2009,LBB,TX,ASW,CE,Combined TRACON& Tower with Radar,34,56,46,17,153,0,12,72,2,86,34,68,118,19,239,62,28,90,329
11/19/2009,LBB,TX,ASW,CE,Combined TRACON& Tower with Radar,39,51,47,7,144,0,6,68,1,75,39,57,115,8,219,64,4,68,287
11/20/2009,LBB,TX,ASW,CE,Combined TRACON& Tower with Radar,35,56,75,45,211,0,9,57,6,72,35,65,132,51,283,34,8,42,325
11/21/2009,LBB,TX,ASW,CE,Combined TRACON& Tower with Radar,34,34,71,5,144,0,13,60,2,75,34,47,131,7,219,18,0,18,237
11/22/2009,LBB,TX,ASW,CE,Combined TRACON& Tower with Radar,33,38,38,22,131,0,2,39,0,41,33,40,77,22,172,34,0,34,206
11/23/2009,LBB,TX,ASW,CE,Combined TRACON& Tower with Radar,30,39,19,16,104,0,7,50,2,59,30,46,69,18,163,34,20,54,217
11/24/2009,LBB,TX,ASW,CE,Combined TRACON& Tower with Radar,36,55,53,38,182,0,9,66,1,76,36,64,119,39,258,30,36,66,324
11/25/2009,LBB,TX,ASW,CE,Combined TRACON& Tower with Radar,36,58,75,4,173,0,6,79,0,85,36,64,154,4,258,32,0,32,290
11/26/2009,LBB,TX,ASW,CE,Combined TRACON& Tower with Radar,22,30,34,0,86,0,3,22,0,25,22,33,56,0,111,4,0,4,115
11/27/2009,LBB,TX,ASW,CE,Combined TRACON& Tower with Radar,30,33,27,0,90,0,11,31,0,42,30,44,58,0,132,22,0,22,154
11/28/2009,LBB,TX,ASW,CE,Combined TRACON& Tower with Radar,34,46,45,0,125,0,4,46,0,50,34,50,91,0,175,2,0,2,177
11/29/2009,LBB,TX,ASW,CE,Combined TRACON& Tower with Radar,38,35,38,0,111,0,2,3,0,5,38,37,41,0,116,0,0,0,116
11/30/2009,LBB,TX,ASW,CE,Combined TRACON& Tower with Radar,33,48,17,16,114,0,5,25,1,31,33,53,42,17,145,34,14,48,193
12/01/2009,LBB,TX,ASW,CE,Combined TRACON& Tower with Radar,34,45,25,0,104,0,0,4,0,4,34,45,29,0,108,0,0,0,108
12/02/2009,LBB,TX,ASW,CE,Combined TRACON& Tower with Radar,34,53,32,18,137,0,2,17,0,19,34,55,49,18,156,0,0,0,156
12/03/2009,LBB,TX,ASW,CE,Combined TRACON& Tower with Radar,36,67,36,5,144,0,2,14,0,16,36,69,50,5,160,0,0,0,160
12/04/2009,LBB,TX,ASW,CE,Combined TRACON& Tower with Radar,34,51,32,0,117,0,5,37,0,42,34,56,69,0,159,23,0,23,182
12/05/2009,LBB,TX,ASW,CE,Combined TRACON& Tower with Radar,31,32,29,3,95,0,8,45,1,54,31,40,74,4,149,14,0,14,163
12/06/2009,LBB,TX,ASW,CE,Combined TRACON& Tower with Radar,31,31,30,2,94,0,1,44,2,47,31,32,74,4,141,46,2,48,189
12/07/2009,LBB,TX,ASW,CE,Combined TRACON& Tower with Radar,36,39,23,7,105,0,2,1,0,3,36,41,24,7,108,0,0,0,108
12/08/2009,LBB,TX,ASW,CE,Combined TRACON& Tower with Radar,30,46,17,0,93,0,1,2,0,3,30,47,19,0,96,0,0,0,96
12/09/2009,LBB,TX,ASW,CE,Combined TRACON& Tower with Radar,36,54,28,23,141,0,12,43,1,56,36,66,71,24,197,8,0,8,205
12/10/2009,LBB,TX,ASW,CE,Combined TRACON& Tower with Radar,38,56,54,18,166,1,11,66,0,78,39,67,120,18,244,18,10,28,272
12/11/2009,LBB,TX,ASW,CE,Combined TRACON& Tower with Radar,37,49,54,17,157,0,12,72,3,87,37,61,126,20,244,20,0,20,264
12/12/2009,LBB,TX,ASW,CE,Combined TRACON& Tower with Radar,30,34,23,35,122,0,4,52,1,57,30,38,75,36,179,46,0,46,225
12/13/2009,LBB,TX,ASW,CE,Combined TRACON& Tower with Radar,31,29,28,14,102,0,6,38,3,47,31,35,66,17,149,0,0,0,149
12/14/2009,LBB,TX,ASW,CE,Combined TRACON& Tower with Radar,33,40,30,25,128,0,7,51,7,65,33,47,81,32,193,28,34,62,255
12/15/2009,LBB,TX,ASW,CE,Combined TRACON& Tower with Radar,37,60,26,52,175,0,9,76,35,120,37,69,102,87,295,0,0,0,295
12/16/2009,LBB,TX,ASW,CE,Combined TRACON& Tower with Radar,36,52,36,25,149,0,7,52,0,59,36,59,88,25,208,32,2,34,242
12/17/2009,LBB,TX,ASW,CE,Combined TRACON& Tower with Radar,36,51,75,37,199,0,7,56,1,64,36,58,131,38,263,30,30,60,323
12/18/2009,LBB,TX,ASW,CE,Combined TRACON& Tower with Radar,36,64,52,29,181,0,11,57,0,68,36,75,109,29,249,28,0,28,277
12/19/2009,LBB,TX,ASW,CE,Combined TRACON& Tower with Radar,33,30,32,11,106,0,5,59,5,69,33,35,91,16,175,84,446,530,705
12/20/2009,LBB,TX,ASW,CE,Combined TRACON& Tower with Radar,31,35,19,36,121,0,4,50,0,54,31,39,69,36,175,0,0,0,175
12/21/2009,LBB,TX,ASW,CE,Combined TRACON& Tower with Radar,32,51,26,8,117,0,9,54,1,64,32,60,80,9,181,86,0,86,267
12/22/2009,LBB,TX,ASW,CE,Combined TRACON& Tower with Radar,36,64,43,22,165,0,1,23,0,24,36,65,66,22,189,20,21,41,230
12/23/2009,LBB,TX,ASW,CE,Combined TRACON& Tower with Radar,39,71,21,22,153,0,3,5,0,8,39,74,26,22,161,0,0,0,161
12/24/2009,LBB,TX,ASW,CE,Combined TRACON& Tower with Radar,5,15,1,0,21,0,5,7,0,12,5,20,8,0,33,0,0,0,33
12/25/2009,LBB,TX,ASW,CE,Combined TRACON& Tower with Radar,20,25,9,0,54,0,11,22,0,33,20,36,31,0,87,0,0,0,87
12/26/2009,LBB,TX,ASW,CE,Combined TRACON& Tower with Radar,40,30,25,0,95,0,0,18,0,18,40,30,43,0,113,0,0,0,113
12/27/2009,LBB,TX,ASW,CE,Combined TRACON& Tower with Radar,32,25,19,0,76,0,2,31,0,33,32,27,50,0,109,0,0,0,109
12/28/2009,LBB,TX,ASW,CE,Combined TRACON& Tower with Radar,34,44,20,0,98,0,8,28,0,36,34,52,48,0,134,24,0,24,158
12/29/2009,LBB,TX,ASW,CE,Combined TRACON& Tower with Radar,31,54,9,0,94,0,2,4,0,6,31,56,13,0,100,0,0,0,100
12/30/2009,LBB,TX,ASW,CE,Combined TRACON& Tower with Radar,36,64,31,9,140,0,11,19,0,30,36,75,50,9,170,20,0,20,190
12/31/2009,LBB,TX,ASW,CE,Combined TRACON& Tower with Radar,21,52,23,0,96,0,3,7,0,10,21,55,30,0,106,0,0,0,106
01/01/2010,LBB,TX,ASW,CE,Combined TRACON& Tower with Radar,20,35,29,0,84,0,3,30,0,33,20,38,59,0,117,0,0,0,117
01/02/2010,LBB,TX,ASW,CE,Combined TRACON& Tower with Radar,31,16,20,0,67,0,2,5,0,7,31,18,25,0,74,0,0,0,74
01/03/2010,LBB,TX,ASW,CE,Combined TRACON& Tower with Radar,31,33,44,2,110,0,1,27,0,28,31,34,71,2,138,12,0,12,150
01/04/2010,LBB,TX,ASW,CE,Combined TRACON& Tower with Radar,32,39,24,0,95,0,5,14,0,19,32,44,38,0,114,44,0,44,158
01/05/2010,LBB,TX,ASW,CE,Combined TRACON& Tower with Radar,32,58,26,11,127,0,1,28,0,29,32,59,54,11,156,0,0,0,156
01/06/2010,LBB,TX,ASW,CE,Combined TRACON& Tower with Radar,32,72,33,37,174,0,9,63,19,91,32,81,96,56,265,84,106,190,455
01/07/2010,LBB,TX,ASW,CE,Combined TRACON& Tower with Radar,28,66,27,15,136,0,0,8,1,9,28,66,35,16,145,0,0,0,145
01/08/2010,LBB,TX,ASW,CE,Combined TRACON& Tower with Radar,26,58,28,16,128,0,10,26,1,37,26,68,54,17,165,58,0,58,223
01/09/2010,LBB,TX,ASW,CE,Combined TRACON& Tower with Radar,27,37,41,9,114,0,2,43,4,49,27,39,84,13,163,40,4,44,207
01/10/2010,LBB,TX,ASW,CE,Combined TRACON& Tower with Radar,23,34,23,11,91,0,2,40,3,45,23,36,63,14,136,48,8,56,192
01/11/2010,LBB,TX,ASW,CE,Combined TRACON& Tower with Radar,27,42,18,8,95,0,13,60,0,73,27,55,78,8,168,72,10,82,250
01/12/2010,LBB,TX,ASW,CE,Combined TRACON& Tower with Radar,31,58,33,44,166,0,10,56,0,66,31,68,89,44,232,38,12,50,282
01/13/2010,LBB,TX,ASW,CE,Combined TRACON& Tower with Radar,29,59,53,17,158,0,6,30,7,43,29,65,83,24,201,30,0,30,231
01/14/2010,LBB,TX,ASW,CE,Combined TRACON& Tower with Radar,24,70,15,21,130,0,8,28,2,38,24,78,43,23,168,106,10,116,284
01/15/2010,LBB,TX,ASW,CE,Combined TRACON& Tower with Radar,32,66,55,46,199,0,2,12,5,19,32,68,67,51,218,44,6,50,268
01/16/2010,LBB,TX,ASW,CE,Combined TRACON& Tower with Radar,24,45,20,0,89,0,1,29,0,30,24,46,49,0,119,70,0,70,189
01/17/2010,LBB,TX,ASW,CE,Combined TRACON& Tower with Radar,24,30,19,4,77,0,4,37,0,41,24,34,56,4,118,4,0,4,122
01/18/2010,LBB,TX,ASW,CE,Combined TRACON& Tower with Radar,28,46,26,25,125,1,11,38,0,50,29,57,64,25,175,76,18,94,269
01/19/2010,LBB,TX,ASW,CE,Combined TRACON& Tower with Radar,30,69,33,42,174,0,11,17,3,31,30,80,50,45,205,24,10,34,239
01/20/2010,LBB,TX,ASW,CE,Combined TRACON& Tower with Radar,30,65,37,18,150,0,4,22,2,28,30,69,59,20,178,12,6,18,196
01/21/2010,LBB,TX,ASW,CE,Combined TRACON& Tower with Radar,28,58,36,12,134,0,9,61,3,73,28,67,97,15,207,54,0,54,261
01/22/2010,LBB,TX,ASW,CE,Combined TRACON& Tower with Radar,29,62,26,11,128,0,8,19,0,27,29,70,45,11,155,22,28,50,205
01/23/2010,LBB,TX,ASW,CE,Combined TRACON& Tower with Radar,31,39,14,26,110,0,0,11,1,12,31,39,25,27,122,55,12,67,189
01/24/2010,LBB,TX,ASW,CE,Combined TRACON& Tower with Radar,26,36,16,9,87,0,5,31,0,36,26,41,47,9,123,24,0,24,147
01/25/2010,LBB,TX,ASW,CE,Combined TRACON& Tower with Radar,22,43,36,2,103,0,5,51,1,57,22,48,87,3,160,55,0,55,215
01/26/2010,LBB,TX,ASW,CE,Combined TRACON& Tower with Radar,30,59,26,26,141,0,7,65,1,73,30,66,91,27,214,96,0,96,310
01/27/2010,LBB,TX,ASW,CE,Combined TRACON& Tower with Radar,38,78,64,38,218,0,8,79,3,90,38,86,143,41,308,128,12,140,448
01/28/2010,LBB,TX,ASW,CE,Combined TRACON& Tower with Radar,24,29,2,0,55,0,0,1,0,1,24,29,3,0,56,0,0,0,56
01/29/2010,LBB,TX,ASW,CE,Combined TRACON& Tower with Radar,40,57,22,3,122,0,7,2,0,9,40,64,24,3,131,0,0,0,131
01/30/2010,LBB,TX,ASW,CE,Combined TRACON& Tower with Radar,31,52,29,16,128,0,10,94,5,109,31,62,123,21,237,14,0,14,251
01/31/2010,LBB,TX,ASW,CE,Combined TRACON& Tower with Radar,39,53,46,0,138,0,9,66,0,75,39,62,112,0,213,42,0,42,255
02/01/2010,LBB,TX,ASW,CE,Combined TRACON& Tower with Radar,39,65,62,9,175,0,3,58,3,64,39,68,120,12,239,24,0,24,263
02/02/2010,LBB,TX,ASW,CE,Combined TRACON& Tower with Radar,16,38,48,4,106,0,0,12,0,12,16,38,60,4,118,24,0,24,142
02/03/2010,LBB,TX,ASW,CE,Combined TRACON& Tower with Radar,22,56,16,1,95,0,0,0,0,0,22,56,16,1,95,0,0,0,95
02/04/2010,LBB,TX,ASW,CE,Combined TRACON& Tower with Radar,33,58,30,4,125,0,2,0,0,2,33,60,30,4,127,0,0,0,127
02/05/2010,LBB,TX,ASW,CE,Combined TRACON& Tower with Radar,29,61,48,47,185,0,2,55,1,58,29,63,103,48,243,40,58,98,341
02/06/2010,LBB,TX,ASW,CE,Combined TRACON& Tower with Radar,29,43,9,2,83,0,4,4,0,8,29,47,13,2,91,0,0,0,91
02/07/2010,LBB,TX,ASW,CE,Combined TRACON& Tower with Radar,3,8,4,0,15,0,1,0,0,1,3,9,4,0,16,0,0,0,16
02/08/2010,LBB,TX,ASW,CE,Combined TRACON& Tower with Radar,24,41,18,24,107,0,0,7,0,7,24,41,25,24,114,36,6,42,156
02/09/2010,LBB,TX,ASW,CE,Combined TRACON& Tower with Radar,31,61,48,2,142,0,7,28,0,35,31,68,76,2,177,44,0,44,221
02/10/2010,LBB,TX,ASW,CE,Combined TRACON& Tower with Radar,31,72,40,14,157,0,4,17,1,22,31,76,57,15,179,28,8,36,215
02/11/2010,LBB,TX,ASW,CE,Combined TRACON& Tower with Radar,11,39,24,2,76,0,2,2,2,6,11,41,26,4,82,4,0,4,86
02/12/2010,LBB,TX,ASW,CE,Combined TRACON& Tower with Radar,30,65,43,10,148,0,10,39,2,51,30,75,82,12,199,52,0,52,251
02/13/2010,LBB,TX,ASW,CE,Combined TRACON& Tower with Radar,24,35,32,2,93,0,10,64,1,75,24,45,96,3,168,82,0,82,250
02/14/2010,LBB,TX,ASW,CE,Combined TRACON& Tower with Radar,22,52,13,0,87,0,11,10,0,21,22,63,23,0,108,12,0,12,120
02/15/2010,LBB,TX,ASW,CE,Combined TRACON& Tower with Radar,27,47,35,11,120,0,5,39,1,45,27,52,74,12,165,2,0,2,167
02/16/2010,LBB,TX,ASW,CE,Combined TRACON& Tower with Radar,30,69,27,10,136,0,11,43,3,57,30,80,70,13,193,35,0,35,228
02/17/2010,LBB,TX,ASW,CE,Combined TRACON& Tower with Radar,30,76,27,7,140,0,10,57,3,70,30,86,84,10,210,56,6,62,272
02/18/2010,LBB,TX,ASW,CE,Combined TRACON& Tower with Radar,29,60,50,5,144,0,2,51,1,54,29,62,101,6,198,18,0,18,216
02/19/2010,LBB,TX,ASW,CE,Combined TRACON& Tower with Radar,34,71,40,11,156,0,12,43,1,56,34,83,83,12,212,40,0,40,252
02/20/2010,LBB,TX,ASW,CE,Combined TRACON& Tower with Radar,24,60,52,1,137,0,6,35,0,41,24,66,87,1,178,68,0,68,246
02/21/2010,LBB,TX,ASW,CE,Combined TRACON& Tower with Radar,23,43,42,25,133,0,6,24,1,31,23,49,66,26,164,14,30,44,208
02/22/2010,LBB,TX,ASW,CE,Combined TRACON& Tower with Radar,26,40,34,2,102,0,0,4,0,4,26,40,38,2,106,12,0,12,118
02/23/2010,LBB,TX,ASW,CE,Combined TRACON& Tower with Radar,30,51,24,0,105,0,6,12,0,18,30,57,36,0,123,0,0,0,123
02/24/2010,LBB,TX,ASW,CE,Combined TRACON& Tower with Radar,27,58,29,15,129,0,4,44,0,48,27,62,73,15,177,46,0,46,223
02/25/2010,LBB,TX,ASW,CE,Combined TRACON& Tower with Radar,31,77,18,17,143,0,11,27,0,38,31,88,45,17,181,28,14,42,223
02/26/2010,LBB,TX,ASW,CE,Combined TRACON& Tower with Radar,31,57,38,8,134,0,5,34,0,39,31,62,72,8,173,22,0,22,195
02/27/2010,LBB,TX,ASW,CE,Combined TRACON& Tower with Radar,24,45,47,8,124,0,6,59,3,68,24,51,106,11,192,56,0,56,248
02/28/2010,LBB,TX,ASW,CE,Combined TRACON& Tower with Radar,24,35,16,0,75,0,6,11,0,17,24,41,27,0,92,0,0,0,92
03/01/2010,LBB,TX,ASW,CE,Combined TRACON& Tower with Radar,24,50,18,6,98,0,0,5,1,6,24,50,23,7,104,10,4,14,118
03/02/2010,LBB,TX,ASW,CE,Combined TRACON& Tower with Radar,31,60,22,13,126,0,8,57,0,65,31,68,79,13,191,127,4,131,322
03/03/2010,LBB,TX,ASW,CE,Combined TRACON& Tower with Radar,29,57,32,4,122,0,9,59,1,69,29,66,91,5,191,104,6,110,301
03/04/2010,LBB,TX,ASW,CE,Combined TRACON& Tower with Radar,30,56,31,55,172,0,8,59,2,69,30,64,90,57,241,62,52,114,355
03/05/2010,LBB,TX,ASW,CE,Combined TRACON& Tower with Radar,29,62,55,24,170,0,6,47,3,56,29,68,102,27,226,60,8,68,294
03/06/2010,LBB,TX,ASW,CE,Combined TRACON& Tower with Radar,27,41,44,0,112,0,2,40,0,42,27,43,84,0,154,164,0,164,318
03/07/2010,LBB,TX,ASW,CE,Combined TRACON& Tower with Radar,24,34,19,0,77,0,0,0,0,0,24,34,19,0,77,0,0,0,77
03/08/2010,LBB,TX,ASW,CE,Combined TRACON& Tower with Radar,33,37,25,0,95,0,2,12,0,14,33,39,37,0,109,0,0,0,109
03/09/2010,LBB,TX,ASW,CE,Combined TRACON& Tower with Radar,32,64,30,4,130,0,7,32,1,40,32,71,62,5,170,26,2,28,198
03/10/2010,LBB,TX,ASW,CE,Combined TRACON& Tower with Radar,29,66,23,16,134,0,9,5,0,14,29,75,28,16,148,0,4,4,152
03/11/2010,LBB,TX,ASW,CE,Combined TRACON& Tower with Radar,31,70,27,2,130,0,1,11,0,12,31,71,38,2,142,14,0,14,156
03/12/2010,LBB,TX,ASW,CE,Combined TRACON& Tower with Radar,30,56,45,17,148,0,11,38,2,51,30,67,83,19,199,88,48,136,335
03/13/2010,LBB,TX,ASW,CE,Combined TRACON& Tower with Radar,28,44,44,7,123,3,1,70,1,75,31,45,114,8,198,50,0,50,248
03/14/2010,LBB,TX,ASW,CE,Combined TRACON& Tower with Radar,25,36,45,5,111,0,7,27,2,36,25,43,72,7,147,8,4,12,159
03/15/2010,LBB,TX,ASW,CE,Combined TRACON& Tower with Radar,30,46,7,0,83,0,0,0,0,0,30,46,7,0,83,0,0,0,83
03/16/2010,LBB,TX,ASW,CE,Combined TRACON& Tower with Radar,32,59,34,13,138,0,4,26,3,33,32,63,60,16,171,32,0,32,203
03/17/2010,LBB,TX,ASW,CE,Combined TRACON& Tower with Radar,32,58,51,31,172,0,8,64,2,74,32,66,115,33,246,40,24,64,310
03/18/2010,LBB,TX,ASW,CE,Combined TRACON& Tower with Radar,34,55,40,0,129,0,8,50,2,60,34,63,90,2,189,22,0,22,211
03/19/2010,LBB,TX,ASW,CE,Combined TRACON& Tower with Radar,32,65,48,34,179,0,3,31,0,34,32,68,79,34,213,4,16,20,233
03/20/2010,LBB,TX,ASW,CE,Combined TRACON& Tower with Radar,30,38,17,0,85,0,1,3,0,4,30,39,20,0,89,0,0,0,89
03/21/2010,LBB,TX,ASW,CE,Combined TRACON& Tower with Radar,30,33,48,24,135,0,5,48,0,53,30,38,96,24,188,60,44,104,292
03/22/2010,LBB,TX,ASW,CE,Combined TRACON& Tower with Radar,27,49,25,8,109,0,9,49,0,58,27,58,74,8,167,6,0,6,173
03/23/2010,LBB,TX,ASW,CE,Combined TRACON& Tower with Radar,33,47,47,5,132,0,12,43,0,55,33,59,90,5,187,30,0,30,217
03/24/2010,LBB,TX,ASW,CE,Combined TRACON& Tower with Radar,37,57,35,13,142,0,6,8,2,16,37,63,43,15,158,8,0,8,166
03/25/2010,LBB,TX,ASW,CE,Combined TRACON& Tower with Radar,36,55,45,31,167,0,10,58,4,72,36,65,103,35,239,42,64,106,345
03/26/2010,LBB,TX,ASW,CE,Combined TRACON& Tower with Radar,29,54,18,15,116,0,11,39,0,50,29,65,57,15,166,32,10,42,208
03/27/2010,LBB,TX,ASW,CE,Combined TRACON& Tower with Radar,28,41,17,12,98,0,11,10,4,25,28,52,27,16,123,8,0,8,131
03/28/2010,LBB,TX,ASW,CE,Combined TRACON& Tower with Radar,24,31,45,4,104,0,6,53,0,59,24,37,98,4,163,34,8,42,205
03/29/2010,LBB,TX,ASW,CE,Combined TRACON& Tower with Radar,30,55,21,28,134,0,6,46,1,53,30,61,67,29,187,28,34,62,249
03/30/2010,LBB,TX,ASW,CE,Combined TRACON& Tower with Radar,37,45,27,45,154,0,7,41,2,50,37,52,68,47,204,4,28,32,236
03/31/2010,LBB,TX,ASW,CE,Combined TRACON& Tower with Radar,33,50,39,8,130,0,8,42,1,51,33,58,81,9,181,60,24,84,265
04/01/2010,LBB,TX,ASW,CE,Combined TRACON& Tower with Radar,35,52,32,2,121,0,11,24,0,35,35,63,56,2,156,18,0,18,174
04/02/2010,LBB,TX,ASW,CE,Combined TRACON& Tower with Radar,37,47,28,22,134,0,15,41,0,56,37,62,69,22,190,44,0,44,234
04/03/2010,LBB,TX,ASW,CE,Combined TRACON& Tower with Radar,27,34,9,2,72,0,5,85,0,90,27,39,94,2,162,104,0,104,266
04/04/2010,LBB,TX,ASW,CE,Combined TRACON& Tower with Radar,25,36,27,6,94,0,6,29,0,35,25,42,56,6,129,22,0,22,151
04/05/2010,LBB,TX,ASW,CE,Combined TRACON& Tower with Radar,28,42,29,37,136,0,11,28,3,42,28,53,57,40,178,1,2,3,181
04/06/2010,LBB,TX,ASW,CE,Combined TRACON& Tower with Radar,40,43,30,22,135,0,12,21,2,35,40,55,51,24,170,0,0,0,170
04/07/2010,LBB,TX,ASW,CE,Combined TRACON& Tower with Radar,37,44,29,66,176,0,5,28,4,37,37,49,57,70,213,18,38,56,269
04/08/2010,LBB,TX,ASW,CE,Combined TRACON& Tower with Radar,39,44,44,13,140,0,6,55,3,64,39,50,99,16,204,42,0,42,246
04/09/2010,LBB,TX,ASW,CE,Combined TRACON& Tower with Radar,38,44,46,6,134,0,8,54,0,62,38,52,100,6,196,12,0,12,208
04/10/2010,LBB,TX,ASW,CE,Combined TRACON& Tower with Radar,29,34,36,13,112,0,10,69,1,80,29,44,105,14,192,92,16,108,300
04/11/2010,LBB,TX,ASW,CE,Combined TRACON& Tower with Radar,26,27,36,10,99,0,9,24,0,33,26,36,60,10,132,34,0,34,166
04/12/2010,LBB,TX,ASW,CE,Combined TRACON& Tower with Radar,31,52,33,16,132,0,15,29,1,45,31,67,62,17,177,78,0,78,255
04/13/2010,LBB,TX,ASW,CE,Combined TRACON& Tower with Radar,36,46,36,14,132,0,8,15,0,23,36,54,51,14,155,0,6,6,161
04/14/2010,LBB,TX,ASW,CE,Combined TRACON& Tower with Radar,38,48,45,6,137,0,5,10,3,18,38,53,55,9,155,0,0,0,155
04/15/2010,LBB,TX,ASW,CE,Combined TRACON& Tower with Radar,35,47,37,0,119,0,0,1,0,1,35,47,38,0,120,0,0,0,120
04/16/2010,LBB,TX,ASW,CE,Combined TRACON& Tower with Radar,36,61,27,10,134,0,2,0,0,2,36,63,27,10,136,0,0,0,136
04/17/2010,LBB,TX,ASW,CE,Combined TRACON& Tower with Radar,30,32,41,0,103,0,0,0,0,0,30,32,41,0,103,0,0,0,103
04/18/2010,LBB,TX,ASW,CE,Combined TRACON& Tower with Radar,31,31,31,10,103,0,2,28,1,31,31,33,59,11,134,23,0,23,157
04/19/2010,LBB,TX,ASW,CE,Combined TRACON& Tower with Radar,32,36,42,14,124,0,2,5,0,7,32,38,47,14,131,2,4,6,137
04/20/2010,LBB,TX,ASW,CE,Combined TRACON& Tower with Radar,36,44,39,18,137,0,5,22,0,27,36,49,61,18,164,16,8,24,188
04/21/2010,LBB,TX,ASW,CE,Combined TRACON& Tower with Radar,40,47,55,11,153,0,4,15,0,19,40,51,70,11,172,6,6,12,184
04/22/2010,LBB,TX,ASW,CE,Combined TRACON& Tower with Radar,35,56,42,29,162,0,4,18,0,22,35,60,60,29,184,26,2,28,212
04/23/2010,LBB,TX,ASW,CE,Combined TRACON& Tower with Radar,38,51,33,22,144,0,7,16,1,24,38,58,49,23,168,28,28,56,224
04/24/2010,LBB,TX,ASW,CE,Combined TRACON& Tower with Radar,30,29,11,57,127,0,4,40,6,50,30,33,51,63,177,38,0,38,215
04/25/2010,LBB,TX,ASW,CE,Combined TRACON& Tower with Radar,28,33,52,11,124,0,4,53,0,57,28,37,105,11,181,24,6,30,211
04/26/2010,LBB,TX,ASW,CE,Combined TRACON& Tower with Radar,30,34,32,43,139,0,3,16,0,19,30,37,48,43,158,2,30,32,190
04/27/2010,LBB,TX,ASW,CE,Combined TRACON& Tower with Radar,36,50,43,22,151,0,3,66,0,69,36,53,109,22,220,40,0,40,260
04/28/2010,LBB,TX,ASW,CE,Combined TRACON& Tower with Radar,38,55,35,25,153,0,6,46,0,52,38,61,81,25,205,14,20,34,239
04/29/2010,LBB,TX,ASW,CE,Combined TRACON& Tower with Radar,39,52,20,13,124,0,12,24,0,36,39,64,44,13,160,0,12,12,172
04/30/2010,LBB,TX,ASW,CE,Combined TRACON& Tower with Radar,35,50,21,62,168,0,8,27,5,40,35,58,48,67,208,0,26,26,234
05/01/2010,LBB,TX,ASW,CE,Combined TRACON& Tower with Radar,25,34,26,10,95,0,4,33,3,40,25,38,59,13,135,72,10,82,217
05/02/2010,LBB,TX,ASW,CE,Combined TRACON& Tower with Radar,25,36,32,10,103,0,3,33,1,37,25,39,65,11,140,6,2,8,148
05/03/2010,LBB,TX,ASW,CE,Combined TRACON& Tower with Radar,30,38,34,27,129,0,7,48,1,56,30,45,82,28,185,48,18,66,251
05/04/2010,LBB,TX,ASW,CE,Combined TRACON& Tower with Radar,36,46,43,18,143,0,12,32,2,46,36,58,75,20,189,0,0,0,189
05/05/2010,LBB,TX,ASW,CE,Combined TRACON& Tower with Radar,39,46,49,58,192,0,8,52,6,66,39,54,101,64,258,94,54,148,406
05/06/2010,LBB,TX,ASW,CE,Combined TRACON& Tower with Radar,35,61,37,34,167,0,5,36,0,41,35,66,73,34,208,29,25,54,262
05/07/2010,LBB,TX,ASW,CE,Combined TRACON& Tower with Radar,33,52,37,24,146,0,8,44,4,56,33,60,81,28,202,44,44,88,290
05/08/2010,LBB,TX,ASW,CE,Combined TRACON& Tower with Radar,29,32,27,0,88,0,5,61,0,66,29,37,88,0,154,22,0,22,176
05/09/2010,LBB,TX,ASW,CE,Combined TRACON& Tower with Radar,24,34,48,12,118,0,5,7,0,12,24,39,55,12,130,0,0,0,130
05/10/2010,LBB,TX,ASW,CE,Combined TRACON& Tower with Radar,29,32,22,0,83,0,6,14,0,20,29,38,36,0,103,0,0,0,103
05/11/2010,LBB,TX,ASW,CE,Combined TRACON& Tower with Radar,39,53,44,6,142,0,15,36,3,54,39,68,80,9,196,22,0,22,218
05/12/2010,LBB,TX,ASW,CE,Combined TRACON& Tower with Radar,36,54,37,18,145,0,15,34,11,60,36,69,71,29,205,50,6,56,261
05/13/2010,LBB,TX,ASW,CE,Combined TRACON& Tower with Radar,35,58,41,41,175,0,10,51,6,67,35,68,92,47,242,16,6,22,264
05/14/2010,LBB,TX,ASW,CE,Combined TRACON& Tower with Radar,30,35,27,1,93,0,3,0,0,3,30,38,27,1,96,0,0,0,96
05/15/2010,LBB,TX,ASW,CE,Combined TRACON& Tower with Radar,30,37,32,2,101,0,0,4,0,4,30,37,36,2,105,40,0,40,145
05/16/2010,LBB,TX,ASW,CE,Combined TRACON& Tower with Radar,28,33,38,4,103,0,6,23,0,29,28,39,61,4,132,33,0,33,165
05/17/2010,LBB,TX,ASW,CE,Combined TRACON& Tower with Radar,27,47,32,14,120,0,11,21,0,32,27,58,53,14,152,18,0,18,170
05/18/2010,LBB,TX,ASW,CE,Combined TRACON& Tower with Radar,38,55,35,18,146,0,9,32,0,41,38,64,67,18,187,18,10,28,215
05/19/2010,LBB,TX,ASW,CE,Combined TRACON& Tower with Radar,37,56,31,14,138,0,18,38,0,56,37,74,69,14,194,62,18,80,274
05/20/2010,LBB,TX,ASW,CE,Combined TRACON& Tower with Radar,35,56,29,46,166,0,12,69,2,83,35,68,98,48,249,6,52,58,307
05/21/2010,LBB,TX,ASW,CE,Combined TRACON& Tower with Radar,33,54,38,52,177,0,10,36,2,48,33,64,74,54,225,2,34,36,261
05/22/2010,LBB,TX,ASW,CE,Combined TRACON& Tower with Radar,27,42,22,8,99,0,10,31,12,53,27,52,53,20,152,20,10,30,182
05/23/2010,LBB,TX,ASW,CE,Combined TRACON& Tower with Radar,25,35,40,10,110,0,14,35,13,62,25,49,75,23,172,16,46,62,234
05/24/2010,LBB,TX,ASW,CE,Combined TRACON& Tower with Radar,26,42,26,1,95,0,9,17,0,26,26,51,43,1,121,4,0,4,125
05/25/2010,LBB,TX,ASW,CE,Combined TRACON& Tower with Radar,33,59,44,8,144,1,7,29,2,39,34,66,73,10,183,66,0,66,249
05/26/2010,LBB,TX,ASW,CE,Combined TRACON& Tower with Radar,37,49,37,20,143,0,7,34,2,43,37,56,71,22,186,60,2,62,248
05/27/2010,LBB,TX,ASW,CE,Combined TRACON& Tower with Radar,36,60,49,16,161,0,11,67,1,79,36,71,116,17,240,10,6,16,256
05/28/2010,LBB,TX,ASW,CE,Combined TRACON& Tower with Radar,35,46,40,16,137,0,8,39,3,50,35,54,79,19,187,2,0,2,189
05/29/2010,LBB,TX,ASW,CE,Combined TRACON& Tower with Radar,28,33,28,15,104,0,4,34,0,38,28,37,62,15,142,48,0,48,190
05/30/2010,LBB,TX,ASW,CE,Combined TRACON& Tower with Radar,24,32,22,2,80,0,5,43,0,48,24,37,65,2,128,28,0,28,156
05/31/2010,LBB,TX,ASW,CE,Combined TRACON& Tower with Radar,18,37,39,1,95,0,8,57,1,66,18,45,96,2,161,38,14,52,213
06/01/2010,LBB,TX,ASW,CE,Combined TRACON& Tower with Radar,31,36,35,12,114,0,8,41,3,52,31,44,76,15,166,86,18,104,270
06/02/2010,LBB,TX,ASW,CE,Combined TRACON& Tower with Radar,34,49,31,25,139,0,14,35,1,50,34,63,66,26,189,10,26,36,225
06/03/2010,LBB,TX,ASW,CE,Combined TRACON& Tower with Radar,35,54,35,55,179,0,10,57,2,69,35,64,92,57,248,44,94,138,386
06/04/2010,LBB,TX,ASW,CE,Combined TRACON& Tower with Radar,37,50,31,12,130,0,14,50,2,66,37,64,81,14,196,56,0,56,252
06/05/2010,LBB,TX,ASW,CE,Combined TRACON& Tower with Radar,27,30,18,7,82,0,8,34,3,45,27,38,52,10,127,68,8,76,203
06/06/2010,LBB,TX,ASW,CE,Combined TRACON& Tower with Radar,27,30,34,5,96,0,1,29,1,31,27,31,63,6,127,24,6,30,157
06/07/2010,LBB,TX,ASW,CE,Combined TRACON& Tower with Radar,28,46,21,8,103,0,6,31,4,41,28,52,52,12,144,58,18,76,220
06/08/2010,LBB,TX,ASW,CE,Combined TRACON& Tower with Radar,35,63,38,49,185,0,8,34,4,46,35,71,72,53,231,92,76,168,399
06/09/2010,LBB,TX,ASW,CE,Combined TRACON& Tower with Radar,34,59,25,29,147,0,17,28,4,49,34,76,53,33,196,30,12,42,238
06/10/2010,LBB,TX,ASW,CE,Combined TRACON& Tower with Radar,32,61,34,35,162,0,12,36,3,51,32,73,70,38,213,6,20,26,239
06/11/2010,LBB,TX,ASW,CE,Combined TRACON& Tower with Radar,34,68,38,19,159,0,23,49,4,76,34,91,87,23,235,32,14,46,281
06/12/2010,LBB,TX,ASW,CE,Combined TRACON& Tower with Radar,27,38,21,4,90,0,6,28,1,35,27,44,49,5,125,16,0,16,141
06/13/2010,LBB,TX,ASW,CE,Combined TRACON& Tower with Radar,25,32,37,8,102,0,11,36,1,48,25,43,73,9,150,0,14,14,164
06/14/2010,LBB,TX,ASW,CE,Combined TRACON& Tower with Radar,31,35,29,18,113,0,5,21,0,26,31,40,50,18,139,24,38,62,201
06/15/2010,LBB,TX,ASW,CE,Combined TRACON& Tower with Radar,30,61,38,5,134,0,2,21,0,23,30,63,59,5,157,0,0,0,157
06/16/2010,LBB,TX,ASW,CE,Combined TRACON& Tower with Radar,32,65,48,34,179,0,10,39,3,52,32,75,87,37,231,0,20,20,251
06/17/2010,LBB,TX,ASW,CE,Combined TRACON& Tower with Radar,36,54,35,25,150,0,10,24,0,34,36,64,59,25,184,30,16,46,230
06/18/2010,LBB,TX,ASW,CE,Combined TRACON& Tower with Radar,33,49,22,48,152,0,8,42,3,53,33,57,64,51,205,3,41,44,249
06/19/2010,LBB,TX,ASW,CE,Combined TRACON& Tower with Radar,24,41,21,7,93,0,15,60,1,76,24,56,81,8,169,0,0,0,169
06/20/2010,LBB,TX,ASW,CE,Combined TRACON& Tower with Radar,22,42,23,11,98,0,6,35,0,41,22,48,58,11,139,52,0,52,191
06/21/2010,LBB,TX,ASW,CE,Combined TRACON& Tower with Radar,28,48,38,8,122,0,11,65,0,76,28,59,103,8,198,20,0,20,218
06/22/2010,LBB,TX,ASW,CE,Combined TRACON& Tower with Radar,29,55,41,15,140,0,7,35,1,43,29,62,76,16,183,0,30,30,213
06/23/2010,LBB,TX,ASW,CE,Combined TRACON& Tower with Radar,31,62,50,7,150,0,10,50,0,60,31,72,100,7,210,22,8,30,240
06/24/2010,LBB,TX,ASW,CE,Combined TRACON& Tower with Radar,32,61,34,3,130,0,12,29,2,43,32,73,63,5,173,48,0,48,221
06/25/2010,LBB,TX,ASW,CE,Combined TRACON& Tower with Radar,33,50,38,41,162,0,4,38,4,46,33,54,76,45,208,44,0,44,252
06/26/2010,LBB,TX,ASW,CE,Combined TRACON& Tower with Radar,24,40,32,0,96,0,3,44,0,47,24,43,76,0,143,38,18,56,199
06/27/2010,LBB,TX,ASW,CE,Combined TRACON& Tower with Radar,26,33,29,5,93,0,12,32,0,44,26,45,61,5,137,24,0,24,161
06/28/2010,LBB,TX,ASW,CE,Combined TRACON& Tower with Radar,33,32,33,15,113,0,8,29,0,37,33,40,62,15,150,0,20,20,170
06/29/2010,LBB,TX,ASW,CE,Combined TRACON& Tower with Radar,34,52,34,62,182,0,11,27,0,38,34,63,61,62,220,52,8,60,280
06/30/2010,LBB,TX,ASW,CE,Combined TRACON& Tower with Radar,32,66,40,88,226,0,11,41,0,52,32,77,81,88,278,108,258,366,644
07/01/2010,LBB,TX,ASW,CE,Combined TRACON& Tower with Radar,29,62,50,32,173,0,8,26,1,35,29,70,76,33,208,0,0,0,208
07/02/2010,LBB,TX,ASW,CE,Combined TRACON& Tower with Radar,31,59,37,19,146,0,0,1,0,1,31,59,38,19,147,0,0,0,147
07/03/2010,LBB,TX,ASW,CE,Combined TRACON& Tower with Radar,26,42,26,0,94,0,1,0,0,1,26,43,26,0,95,22,0,22,117
07/04/2010,LBB,TX,ASW,CE,Combined TRACON& Tower with Radar,18,41,21,0,80,0,4,7,0,11,18,45,28,0,91,0,0,0,91
07/05/2010,LBB,TX,ASW,CE,Combined TRACON& Tower with Radar,18,53,26,0,97,0,2,36,0,38,18,55,62,0,135,38,0,38,173
07/06/2010,LBB,TX,ASW,CE,Combined TRACON& Tower with Radar,25,51,32,39,147,0,14,30,5,49,25,65,62,44,196,10,16,26,222
07/07/2010,LBB,TX,ASW,CE,Combined TRACON& Tower with Radar,31,61,39,29,160,0,6,15,1,22,31,67,54,30,182,36,28,64,246
07/08/2010,LBB,TX,ASW,CE,Combined TRACON& Tower with Radar,31,59,32,16,138,0,9,13,0,22,31,68,45,16,160,26,22,48,208
07/09/2010,LBB,TX,ASW,CE,Combined TRACON& Tower with Radar,30,59,35,29,153,0,3,15,4,22,30,62,50,33,175,6,20,26,201
07/10/2010,LBB,TX,ASW,CE,Combined TRACON& Tower with Radar,27,41,22,7,97,0,7,16,0,23,27,48,38,7,120,0,0,0,120
07/11/2010,LBB,TX,ASW,CE,Combined TRACON& Tower with Radar,21,40,28,0,89,0,9,26,0,35,21,49,54,0,124,0,0,0,124
07/12/2010,LBB,TX,ASW,CE,Combined TRACON& Tower with Radar,29,35,24,2,90,0,6,20,0,26,29,41,44,2,116,8,0,8,124
07/13/2010,LBB,TX,ASW,CE,Combined TRACON& Tower with Radar,34,52,39,8,133,0,9,36,0,45,34,61,75,8,178,14,0,14,192
07/14/2010,LBB,TX,ASW,CE,Combined TRACON& Tower with Radar,30,63,28,15,136,0,14,30,0,44,30,77,58,15,180,40,0,40,220
07/15/2010,LBB,TX,ASW,CE,Combined TRACON& Tower with Radar,28,57,46,5,136,0,13,42,0,55,28,70,88,5,191,86,0,86,277
07/16/2010,LBB,TX,ASW,CE,Combined TRACON& Tower with Radar,32,59,27,13,131,0,4,48,0,52,32,63,75,13,183,12,16,28,211
07/17/2010,LBB,TX,ASW,CE,Combined TRACON& Tower with Radar,24,37,25,0,86,0,5,77,0,82,24,42,102,0,168,70,0,70,238
07/18/2010,LBB,TX,ASW,CE,Combined TRACON& Tower with Radar,25,33,16,0,74,0,3,41,0,44,25,36,57,0,118,34,0,34,152
07/19/2010,LBB,TX,ASW,CE,Combined TRACON& Tower with Radar,29,45,26,17,117,0,12,32,6,50,29,57,58,23,167,12,14,26,193
07/20/2010,LBB,TX,ASW,CE,Combined TRACON& Tower with Radar,29,58,36,20,143,0,12,45,4,61,29,70,81,24,204,12,0,12,216
07/21/2010,LBB,TX,ASW,CE,Combined TRACON& Tower with Radar,31,71,32,27,161,0,8,42,3,53,31,79,74,30,214,22,46,68,282
07/22/2010,LBB,TX,ASW,CE,Combined TRACON& Tower with Radar,28,71,27,52,178,0,10,64,4,78,28,81,91,56,256,57,138,195,451
07/23/2010,LBB,TX,ASW,CE,Combined TRACON& Tower with Radar,31,57,37,14,139,0,8,44,1,53,31,65,81,15,192,36,8,44,236
07/24/2010,LBB,TX,ASW,CE,Combined TRACON& Tower with Radar,25,40,32,3,100,0,5,55,1,61,25,45,87,4,161,36,0,36,197
07/25/2010,LBB,TX,ASW,CE,Combined TRACON& Tower with Radar,25,34,28,4,91,0,6,26,0,32,25,40,54,4,123,34,0,34,157
07/26/2010,LBB,TX,ASW,CE,Combined TRACON& Tower with Radar,22,74,34,19,149,0,9,47,1,57,22,83,81,20,206,82,62,144,350
07/27/2010,LBB,TX,ASW,CE,Combined TRACON& Tower with Radar,36,61,25,47,169,0,9,32,0,41,36,70,57,47,210,42,36,78,288
07/28/2010,LBB,TX,ASW,CE,Combined TRACON& Tower with Radar,27,57,33,31,148,0,7,24,0,31,27,64,57,31,179,0,14,14,193
07/29/2010,LBB,TX,ASW,CE,Combined TRACON& Tower with Radar,28,61,43,43,175,0,11,43,0,54,28,72,86,43,229,56,36,92,321
07/30/2010,LBB,TX,ASW,CE,Combined TRACON& Tower with Radar,30,58,41,38,167,0,12,63,3,78,30,70,104,41,245,27,0,27,272
07/31/2010,LBB,TX,ASW,CE,Combined TRACON& Tower with Radar,26,36,14,4,80,0,5,36,0,41,26,41,50,4,121,26,0,26,147
08/01/2010,LBB,TX,ASW,CE,Combined TRACON& Tower with Radar,24,33,26,6,89,0,11,48,0,59,24,44,74,6,148,60,0,60,208
08/02/2010,LBB,TX,ASW,CE,Combined TRACON& Tower with Radar,30,48,28,31,137,0,5,43,1,49,30,53,71,32,186,68,0,68,254
08/03/2010,LBB,TX,ASW,CE,Combined TRACON& Tower with Radar,32,55,36,18,141,0,14,49,0,63,32,69,85,18,204,48,0,48,252
08/04/2010,LBB,TX,ASW,CE,Combined TRACON& Tower with Radar,30,57,36,37,160,0,12,65,0,77,30,69,101,37,237,48,40,88,325
08/05/2010,LBB,TX,ASW,CE,Combined TRACON& Tower with Radar,32,65,29,21,147,0,8,45,2,55,32,73,74,23,202,18,0,18,220
08/06/2010,LBB,TX,ASW,CE,Combined TRACON& Tower with Radar,30,53,35,19,137,0,12,38,1,51,30,65,73,20,188,25,39,64,252
08/07/2010,LBB,TX,ASW,CE,Combined TRACON& Tower with Radar,26,43,18,4,91,0,7,48,0,55,26,50,66,4,146,8,0,8,154
08/08/2010,LBB,TX,ASW,CE,Combined TRACON& Tower with Radar,24,42,31,1,98,0,5,33,0,38,24,47,64,1,136,14,0,14,150
08/09/2010,LBB,TX,ASW,CE,Combined TRACON& Tower with Radar,26,40,23,10,99,0,9,31,1,41,26,49,54,11,140,0,18,18,158
08/10/2010,LBB,TX,ASW,CE,Combined TRACON& Tower with Radar,29,58,46,37,170,0,4,48,2,54,29,62,94,39,224,20,62,82,306
08/11/2010,LBB,TX,ASW,CE,Combined TRACON& Tower with Radar,31,63,36,3,133,0,10,60,2,72,31,73,96,5,205,46,0,46,251
08/12/2010,LBB,TX,ASW,CE,Combined TRACON& Tower with Radar,31,60,33,22,146,0,12,56,2,70,31,72,89,24,216,70,18,88,304
08/13/2010,LBB,TX,ASW,CE,Combined TRACON& Tower with Radar,31,66,64,36,197,0,30,48,2,80,31,96,112,38,277,10,0,10,287
08/14/2010,LBB,TX,ASW,CE,Combined TRACON& Tower with Radar,24,43,25,2,94,0,7,55,1,63,24,50,80,3,157,40,0,40,197
08/15/2010,LBB,TX,ASW,CE,Combined TRACON& Tower with Radar,26,26,38,28,118,0,2,38,1,41,26,28,76,29,159,50,30,80,239
08/16/2010,LBB,TX,ASW,CE,Combined TRACON& Tower with Radar,26,46,24,14,110,0,6,30,0,36,26,52,54,14,146,4,0,4,150
08/17/2010,LBB,TX,ASW,CE,Combined TRACON& Tower with Radar,28,50,37,16,131,0,14,45,0,59,28,64,82,16,190,0,0,0,190
08/18/2010,LBB,TX,ASW,CE,Combined TRACON& Tower with Radar,28,58,37,39,162,0,9,53,2,64,28,67,90,41,226,58,0,58,284
08/19/2010,LBB,TX,ASW,CE,Combined TRACON& Tower with Radar,27,68,40,16,151,0,11,58,3,72,27,79,98,19,223,12,8,20,243
08/20/2010,LBB,TX,ASW,CE,Combined TRACON& Tower with Radar,29,54,32,42,157,0,14,54,1,69,29,68,86,43,226,22,4,26,252
08/21/2010,LBB,TX,ASW,CE,Combined TRACON& Tower with Radar,23,39,30,10,102,0,1,49,1,51,23,40,79,11,153,54,6,60,213
08/22/2010,LBB,TX,ASW,CE,Combined TRACON& Tower with Radar,25,32,45,15,117,0,16,63,0,79,25,48,108,15,196,20,0,20,216
08/23/2010,LBB,TX,ASW,CE,Combined TRACON& Tower with Radar,24,46,39,13,122,0,16,49,0,65,24,62,88,13,187,42,0,42,229
08/24/2010,LBB,TX,ASW,CE,Combined TRACON& Tower with Radar,32,53,29,15,129,0,6,13,0,19,32,59,42,15,148,12,0,12,160
08/25/2010,LBB,TX,ASW,CE,Combined TRACON& Tower with Radar,32,57,63,33,185,0,12,39,5,56,32,69,102,38,241,0,36,36,277
08/26/2010,LBB,TX,ASW,CE,Combined TRACON& Tower with Radar,32,53,28,59,172,0,11,51,0,62,32,64,79,59,234,56,28,84,318
08/27/2010,LBB,TX,ASW,CE,Combined TRACON& Tower with Radar,32,55,40,22,149,0,6,68,4,78,32,61,108,26,227,24,0,24,251
08/28/2010,LBB,TX,ASW,CE,Combined TRACON& Tower with Radar,27,41,13,0,81,0,8,63,0,71,27,49,76,0,152,24,0,24,176
08/29/2010,LBB,TX,ASW,CE,Combined TRACON& Tower with Radar,27,27,16,1,71,0,5,26,0,31,27,32,42,1,102,38,0,38,140
08/30/2010,LBB,TX,ASW,CE,Combined TRACON& Tower with Radar,30,35,21,13,99,0,8,29,2,39,30,43,50,15,138,58,18,76,214
08/31/2010,LBB,TX,ASW,CE,Combined TRACON& Tower with Radar,33,53,24,13,123,0,10,25,0,35,33,63,49,13,158,42,0,42,200
09/01/2010,LBB,TX,ASW,CE,Combined TRACON& Tower with Radar,32,46,34,43,155,0,20,43,0,63,32,66,77,43,218,18,18,36,254
09/02/2010,LBB,TX,ASW,CE,Combined TRACON& Tower with Radar,32,54,34,15,135,0,11,55,0,66,32,65,89,15,201,92,0,92,293
09/03/2010,LBB,TX,ASW,CE,Combined TRACON& Tower with Radar,33,54,51,4,142,0,9,56,2,67,33,63,107,6,209,36,0,36,245
09/04/2010,LBB,TX,ASW,CE,Combined TRACON& Tower with Radar,29,40,28,0,97,0,17,68,0,85,29,57,96,0,182,28,0,28,210
09/05/2010,LBB,TX,ASW,CE,Combined TRACON& Tower with Radar,40,70,99,0,209,0,4,82,1,87,40,74,181,1,296,20,0,20,316
09/06/2010,LBB,TX,ASW,CE,Combined TRACON& Tower with Radar,21,32,37,1,91,0,3,52,3,58,21,35,89,4,149,48,18,66,215
09/07/2010,LBB,TX,ASW,CE,Combined TRACON& Tower with Radar,28,41,18,113,200,0,7,35,0,42,28,48,53,113,242,64,78,142,384
09/08/2010,LBB,TX,ASW,CE,Combined TRACON& Tower with Radar,31,51,21,16,119,0,9,14,0,23,31,60,35,16,142,32,8,40,182
09/09/2010,LBB,TX,ASW,CE,Combined TRACON& Tower with Radar,34,55,33,26,148,0,19,46,4,69,34,74,79,30,217,44,30,74,291
09/10/2010,LBB,TX,ASW,CE,Combined TRACON& Tower with Radar,34,54,27,39,154,0,16,48,2,66,34,70,75,41,220,90,24,114,334
09/11/2010,LBB,TX,ASW,CE,Combined TRACON& Tower with Radar,27,33,28,9,97,0,9,91,4,104,27,42,119,13,201,142,8,150,351
09/12/2010,LBB,TX,ASW,CE,Combined TRACON& Tower with Radar,29,40,36,8,113,0,8,22,0,30,29,48,58,8,143,14,0,14,157
09/13/2010,LBB,TX,ASW,CE,Combined TRACON& Tower with Radar,28,44,27,11,110,0,12,35,0,47,28,56,62,11,157,50,0,50,207
09/14/2010,LBB,TX,ASW,CE,Combined TRACON& Tower with Radar,31,58,42,38,169,0,6,46,8,60,31,64,88,46,229,32,54,86,315
09/15/2010,LBB,TX,ASW,CE,Combined TRACON& Tower with Radar,32,68,32,27,159,0,9,32,3,44,32,77,64,30,203,58,26,84,287
09/16/2010,LBB,TX,ASW,CE,Combined TRACON& Tower with Radar,32,58,37,17,144,0,4,38,1,43,32,62,75,18,187,52,0,52,239
09/17/2010,LBB,TX,ASW,CE,Combined TRACON& Tower with Radar,35,68,77,48,228,0,8,57,9,74,35,76,134,57,302,60,46,106,408
09/18/2010,LBB,TX,ASW,CE,Combined TRACON& Tower with Radar,26,48,84,10,168,0,5,53,0,58,26,53,137,10,226,10,0,10,236
09/19/2010,LBB,TX,ASW,CE,Combined TRACON& Tower with Radar,32,52,126,22,232,0,6,96,0,102,32,58,222,22,334,0,4,4,338
09/20/2010,LBB,TX,ASW,CE,Combined TRACON& Tower with Radar,29,38,32,58,157,0,8,32,11,51,29,46,64,69,208,36,122,158,366
09/21/2010,LBB,TX,ASW,CE,Combined TRACON& Tower with Radar,36,52,40,16,144,0,6,24,4,34,36,58,64,20,178,16,34,50,228
09/22/2010,LBB,TX,ASW,CE,Combined TRACON& Tower with Radar,35,52,37,44,168,0,2,3,3,8,35,54,40,47,176,0,6,6,182
09/23/2010,LBB,TX,ASW,CE,Combined TRACON& Tower with Radar,36,56,34,18,144,0,2,9,5,16,36,58,43,23,160,0,0,0,160
09/24/2010,LBB,TX,ASW,CE,Combined TRACON& Tower with Radar,36,59,34,1,130,0,4,20,0,24,36,63,54,1,154,68,0,68,222
09/25/2010,LBB,TX,ASW,CE,Combined TRACON& Tower with Radar,27,41,20,1,89,0,1,9,1,11,27,42,29,2,100,72,0,72,172
09/26/2010,LBB,TX,ASW,CE,Combined TRACON& Tower with Radar,28,39,46,6,119,0,4,43,2,49,28,43,89,8,168,80,4,84,252
09/27/2010,LBB,TX,ASW,CE,Combined TRACON& Tower with Radar,27,35,20,10,92,0,9,75,4,88,27,44,95,14,180,30,0,30,210
09/28/2010,LBB,TX,ASW,CE,Combined TRACON& Tower with Radar,37,50,27,9,123,0,10,81,2,93,37,60,108,11,216,32,20,52,268
09/29/2010,LBB,TX,ASW,CE,Combined TRACON& Tower with Radar,37,56,41,17,151,0,23,65,0,88,37,79,106,17,239,60,16,76,315
09/30/2010,LBB,TX,ASW,CE,Combined TRACON& Tower with Radar,39,56,52,6,153,0,12,74,0,86,39,68,126,6,239,22,4,26,265
10/01/2010,LBB,TX,ASW,CE,Combined TRACON& Tower with Radar,37,51,39,25,152,0,12,73,4,89,37,63,112,29,241,8,18,26,267
10/02/2010,LBB,TX,ASW,CE,Combined TRACON& Tower with Radar,29,42,31,9,111,0,16,53,5,74,29,58,84,14,185,34,0,34,219
10/03/2010,LBB,TX,ASW,CE,Combined TRACON& Tower with Radar,29,27,26,5,87,0,9,37,0,46,29,36,63,5,133,24,0,24,157
10/04/2010,LBB,TX,ASW,CE,Combined TRACON& Tower with Radar,27,39,42,5,113,0,9,32,0,41,27,48,74,5,154,0,0,0,154
10/05/2010,LBB,TX,ASW,CE,Combined TRACON& Tower with Radar,38,46,28,8,120,0,10,38,0,48,38,56,66,8,168,0,10,10,178
10/06/2010,LBB,TX,ASW,CE,Combined TRACON& Tower with Radar,37,53,40,0,130,21,14,48,0,83,58,67,88,0,213,68,0,68,281
10/07/2010,LBB,TX,ASW,CE,Combined TRACON& Tower with Radar,37,51,30,28,146,0,10,46,2,58,37,61,76,30,204,18,36,54,258
10/08/2010,LBB,TX,ASW,CE,Combined TRACON& Tower with Radar,38,47,32,24,141,0,15,56,1,72,38,62,88,25,213,14,10,24,237
10/09/2010,LBB,TX,ASW,CE,Combined TRACON& Tower with Radar,29,44,24,1,98,0,7,39,3,49,29,51,63,4,147,48,0,48,195
10/10/2010,LBB,TX,ASW,CE,Combined TRACON& Tower with Radar,24,35,25,0,84,0,5,36,0,41,24,40,61,0,125,18,0,18,143
10/11/2010,LBB,TX,ASW,CE,Combined TRACON& Tower with Radar,29,42,32,0,103,0,5,45,0,50,29,47,77,0,153,28,0,28,181
10/12/2010,LBB,TX,ASW,CE,Combined TRACON& Tower with Radar,35,49,59,35,178,0,10,54,3,67,35,59,113,38,245,20,2,22,267
10/13/2010,LBB,TX,ASW,CE,Combined TRACON& Tower with Radar,35,43,37,22,137,0,10,41,0,51,35,53,78,22,188,26,38,64,252
10/14/2010,LBB,TX,ASW,CE,Combined TRACON& Tower with Radar,37,59,50,8,154,0,22,59,3,84,37,81,109,11,238,30,10,40,278
10/15/2010,LBB,TX,ASW,CE,Combined TRACON& Tower with Radar,36,58,65,7,166,0,16,81,0,97,36,74,146,7,263,8,0,8,271
10/16/2010,LBB,TX,ASW,CE,Combined TRACON& Tower with Radar,30,44,54,6,134,0,5,81,5,91,30,49,135,11,225,22,0,22,247
10/17/2010,LBB,TX,ASW,CE,Combined TRACON& Tower with Radar,25,33,34,2,94,0,10,68,2,80,25,43,102,4,174,4,0,4,178
10/18/2010,LBB,TX,ASW,CE,Combined TRACON& Tower with Radar,28,37,33,22,120,0,20,32,0,52,28,57,65,22,172,26,0,26,198
10/19/2010,LBB,TX,ASW,CE,Combined TRACON& Tower with Radar,37,53,16,3,109,0,11,36,0,47,37,64,52,3,156,22,0,22,178
10/20/2010,LBB,TX,ASW,CE,Combined TRACON& Tower with Radar,36,54,43,24,157,0,16,38,2,56,36,70,81,26,213,96,4,100,313
10/21/2010,LBB,TX,ASW,CE,Combined TRACON& Tower with Radar,34,47,25,3,109,0,8,7,0,15,34,55,32,3,124,0,0,0,124
10/22/2010,LBB,TX,ASW,CE,Combined TRACON& Tower with Radar,36,53,46,14,149,0,5,29,0,34,36,58,75,14,183,16,4,20,203
10/23/2010,LBB,TX,ASW,CE,Combined TRACON& Tower with Radar,30,30,14,32,106,0,2,48,1,51,30,32,62,33,157,0,0,0,157
10/24/2010,LBB,TX,ASW,CE,Combined TRACON& Tower with Radar,29,40,54,33,156,0,16,37,5,58,29,56,91,38,214,50,0,50,264
10/25/2010,LBB,TX,ASW,CE,Combined TRACON& Tower with Radar,29,42,25,3,99,0,7,19,2,28,29,49,44,5,127,8,0,8,135
10/26/2010,LBB,TX,ASW,CE,Combined TRACON& Tower with Radar,35,56,30,46,167,0,10,56,10,76,35,66,86,56,243,44,0,44,287
10/27/2010,LBB,TX,ASW,CE,Combined TRACON& Tower with Radar,37,50,30,35,152,0,12,53,12,77,37,62,83,47,229,68,10,78,307
10/28/2010,LBB,TX,ASW,CE,Combined TRACON& Tower with Radar,36,52,34,35,157,0,18,36,5,59,36,70,70,40,216,0,30,30,246
10/29/2010,LBB,TX,ASW,CE,Combined TRACON& Tower with Radar,37,61,41,11,150,0,20,54,0,74,37,81,95,11,224,8,0,8,232
10/30/2010,LBB,TX,ASW,CE,Combined TRACON& Tower with Radar,29,32,41,4,106,0,8,50,0,58,29,40,91,4,164,34,0,34,198
10/31/2010,LBB,TX,ASW,CE,Combined TRACON& Tower with Radar,25,36,33,6,100,0,18,45,0,63,25,54,78,6,163,26,0,26,189
11/01/2010,LBB,TX,ASW,CE,Combined TRACON& Tower with Radar,28,36,29,21,114,0,9,40,2,51,28,45,69,23,165,0,12,12,177
11/02/2010,LBB,TX,ASW,CE,Combined TRACON& Tower with Radar,36,44,40,30,150,0,11,42,2,55,36,55,82,32,205,18,38,56,261
11/03/2010,LBB,TX,ASW,CE,Combined TRACON& Tower with Radar,35,45,36,23,139,0,15,28,3,46,35,60,64,26,185,22,18,40,225
11/04/2010,LBB,TX,ASW,CE,Combined TRACON& Tower with Radar,38,52,56,24,170,0,20,44,2,66,38,72,100,26,236,4,8,12,248
11/05/2010,LBB,TX,ASW,CE,Combined TRACON& Tower with Radar,35,52,42,20,149,0,13,47,5,65,35,65,89,25,214,0,8,8,222
11/06/2010,LBB,TX,ASW,CE,Combined TRACON& Tower with Radar,27,28,32,0,87,0,7,68,1,76,27,35,100,1,163,2,0,2,165
11/07/2010,LBB,TX,ASW,CE,Combined TRACON& Tower with Radar,27,37,39,11,114,0,6,52,0,58,27,43,91,11,172,14,0,14,186
11/08/2010,LBB,TX,ASW,CE,Combined TRACON& Tower with Radar,25,51,29,14,119,0,14,35,2,51,25,65,64,16,170,0,0,0,170
11/09/2010,LBB,TX,ASW,CE,Combined TRACON& Tower with Radar,32,50,30,14,126,0,7,28,2,37,32,57,58,16,163,0,0,0,163
11/10/2010,LBB,TX,ASW,CE,Combined TRACON& Tower with Radar,34,61,31,44,170,0,10,50,2,62,34,71,81,46,232,20,4,24,256
11/11/2010,LBB,TX,ASW,CE,Combined TRACON& Tower with Radar,34,51,64,19,168,0,11,17,2,30,34,62,81,21,198,8,22,30,228
11/12/2010,LBB,TX,ASW,CE,Combined TRACON& Tower with Radar,33,63,50,30,176,0,7,3,1,11,33,70,53,31,187,0,0,0,187
11/13/2010,LBB,TX,ASW,CE,Combined TRACON& Tower with Radar,27,37,43,0,107,0,10,57,0,67,27,47,100,0,174,38,0,38,212
11/14/2010,LBB,TX,ASW,CE,Combined TRACON& Tower with Radar,29,35,23,4,91,0,18,51,0,69,29,53,74,4,160,44,0,44,204
11/15/2010,LBB,TX,ASW,CE,Combined TRACON& Tower with Radar,25,48,32,27,132,0,8,16,8,32,25,56,48,35,164,0,0,0,164
11/16/2010,LBB,TX,ASW,CE,Combined TRACON& Tower with Radar,32,48,36,60,176,0,8,33,3,44,32,56,69,63,220,26,42,68,288
11/17/2010,LBB,TX,ASW,CE,Combined TRACON& Tower with Radar,35,52,36,29,152,0,6,32,4,42,35,58,68,33,194,26,8,34,228
11/18/2010,LBB,TX,ASW,CE,Combined TRACON& Tower with Radar,31,55,44,17,147,0,20,45,0,65,31,75,89,17,212,0,0,0,212
11/19/2010,LBB,TX,ASW,CE,Combined TRACON& Tower with Radar,31,56,28,15,130,0,16,39,0,55,31,72,67,15,185,20,0,20,205
11/20/2010,LBB,TX,ASW,CE,Combined TRACON& Tower with Radar,29,34,35,0,98,0,4,41,1,46,29,38,76,1,144,26,0,26,170
11/21/2010,LBB,TX,ASW,CE,Combined TRACON& Tower with Radar,27,34,31,4,96,0,10,20,2,32,27,44,51,6,128,0,0,0,128
11/22/2010,LBB,TX,ASW,CE,Combined TRACON& Tower with Radar,24,46,31,26,127,0,6,33,2,41,24,52,64,28,168,20,30,50,218
11/23/2010,LBB,TX,ASW,CE,Combined TRACON& Tower with Radar,34,58,60,13,165,0,10,43,3,56,34,68,103,16,221,20,30,50,271
11/24/2010,LBB,TX,ASW,CE,Combined TRACON& Tower with Radar,36,57,43,33,169,0,16,37,0,53,36,73,80,33,222,0,51,51,273
11/25/2010,LBB,TX,ASW,CE,Combined TRACON& Tower with Radar,18,35,7,0,60,0,7,22,0,29,18,42,29,0,89,0,0,0,89
11/26/2010,LBB,TX,ASW,CE,Combined TRACON& Tower with Radar,28,44,30,0,102,0,11,59,0,70,28,55,89,0,172,64,0,64,236
11/27/2010,LBB,TX,ASW,CE,Combined TRACON& Tower with Radar,27,39,28,0,94,0,6,60,0,66,27,45,88,0,160,8,0,8,168
11/28/2010,LBB,TX,ASW,CE,Combined TRACON& Tower with Radar,32,40,42,0,114,0,14,50,0,64,32,54,92,0,178,12,0,12,190
11/29/2010,LBB,TX,ASW,CE,Combined TRACON& Tower with Radar,29,45,37,46,157,0,3,10,4,17,29,48,47,50,174,12,12,24,198
11/30/2010,LBB,TX,ASW,CE,Combined TRACON& Tower with Radar,33,47,15,0,95,0,12,34,1,47,33,59,49,1,142,0,8,8,150
12/01/2010,LBB,TX,ASW,CE,Combined TRACON& Tower with Radar,32,55,22,37,146,0,9,43,3,55,32,64,65,40,201,16,10,26,227
12/02/2010,LBB,TX,ASW,CE,Combined TRACON& Tower with Radar,33,52,55,63,203,0,11,45,5,61,33,63,100,68,264,14,78,92,356
12/03/2010,LBB,TX,ASW,CE,Combined TRACON& Tower with Radar,30,53,29,14,126,0,9,40,1,50,30,62,69,15,176,22,0,22,198
12/04/2010,LBB,TX,ASW,CE,Combined TRACON& Tower with Radar,24,34,16,3,77,0,8,16,0,24,24,42,32,3,101,0,0,0,101
12/05/2010,LBB,TX,ASW,CE,Combined TRACON& Tower with Radar,27,39,53,1,120,0,5,41,0,46,27,44,94,1,166,26,0,26,192
12/06/2010,LBB,TX,ASW,CE,Combined TRACON& Tower with Radar,25,36,24,10,95,0,8,36,0,44,25,44,60,10,139,0,0,0,139
12/07/2010,LBB,TX,ASW,CE,Combined TRACON& Tower with Radar,32,50,35,9,126,0,8,30,0,38,32,58,65,9,164,0,20,20,184
12/08/2010,LBB,TX,ASW,CE,Combined TRACON& Tower with Radar,32,44,45,8,129,0,11,24,5,40,32,55,69,13,169,28,22,50,219
12/09/2010,LBB,TX,ASW,CE,Combined TRACON& Tower with Radar,34,53,36,16,139,0,8,37,0,45,34,61,73,16,184,22,12,34,218
12/10/2010,LBB,TX,ASW,CE,Combined TRACON& Tower with Radar,31,48,49,6,134,0,15,58,1,74,31,63,107,7,208,0,0,0,208
12/11/2010,LBB,TX,ASW,CE,Combined TRACON& Tower with Radar,25,38,11,1,75,0,7,31,2,40,25,45,42,3,115,44,0,44,159
12/12/2010,LBB,TX,ASW,CE,Combined TRACON& Tower with Radar,31,31,25,5,92,0,3,37,0,40,31,34,62,5,132,64,0,64,196
12/13/2010,LBB,TX,ASW,CE,Combined TRACON& Tower with Radar,24,39,42,12,117,0,10,41,1,52,24,49,83,13,169,26,0,26,195
12/14/2010,LBB,TX,ASW,CE,Combined TRACON& Tower with Radar,30,57,22,9,118,0,8,33,0,41,30,65,55,9,159,0,0,0,159
12/15/2010,LBB,TX,ASW,CE,Combined TRACON& Tower with Radar,30,56,29,6,121,0,6,31,0,37,30,62,60,6,158,22,0,22,180
12/16/2010,LBB,TX,ASW,CE,Combined TRACON& Tower with Radar,29,66,30,6,131,0,10,54,2,66,29,76,84,8,197,38,0,38,235
12/17/2010,LBB,TX,ASW,CE,Combined TRACON& Tower with Radar,34,56,39,9,138,0,9,9,0,18,34,65,48,9,156,19,0,19,175
12/18/2010,LBB,TX,ASW,CE,Combined TRACON& Tower with Radar,26,36,27,6,95,0,9,38,0,47,26,45,65,6,142,30,0,30,172
12/19/2010,LBB,TX,ASW,CE,Combined TRACON& Tower with Radar,29,40,36,0,105,0,11,37,0,48,29,51,73,0,153,4,0,4,157
12/20/2010,LBB,TX,ASW,CE,Combined TRACON& Tower with Radar,24,43,26,2,95,0,15,28,1,44,24,58,54,3,139,16,0,16,155
12/21/2010,LBB,TX,ASW,CE,Combined TRACON& Tower with Radar,33,60,31,19,143,0,11,55,1,67,33,71,86,20,210,50,2,52,262
12/22/2010,LBB,TX,ASW,CE,Combined TRACON& Tower with Radar,32,67,36,4,139,0,2,11,0,13,32,69,47,4,152,12,0,12,164
12/23/2010,LBB,TX,ASW,CE,Combined TRACON& Tower with Radar,33,70,22,1,126,0,6,4,0,10,33,76,26,1,136,0,0,0,136
12/24/2010,LBB,TX,ASW,CE,Combined TRACON& Tower with Radar,24,46,20,0,90,0,5,15,0,20,24,51,35,0,110,0,0,0,110
12/25/2010,LBB,TX,ASW,CE,Combined TRACON& Tower with Radar,17,17,5,0,39,0,3,21,0,24,17,20,26,0,63,6,0,6,69
12/26/2010,LBB,TX,ASW,CE,Combined TRACON& Tower with Radar,28,38,17,0,83,0,5,27,0,32,28,43,44,0,115,32,0,32,147
12/27/2010,LBB,TX,ASW,CE,Combined TRACON& Tower with Radar,27,47,20,15,109,0,17,46,0,63,27,64,66,15,172,36,18,54,226
12/28/2010,LBB,TX,ASW,CE,Combined TRACON& Tower with Radar,29,56,32,11,128,0,9,36,0,45,29,65,68,11,173,10,0,10,183
12/29/2010,LBB,TX,ASW,CE,Combined TRACON& Tower with Radar,30,58,47,9,144,0,8,40,2,50,30,66,87,11,194,8,0,8,202
12/30/2010,LBB,TX,ASW,CE,Combined TRACON& Tower with Radar,30,58,23,0,111,0,7,18,0,25,30,65,41,0,136,5,0,5,141
12/31/2010,LBB,TX,ASW,CE,Combined TRACON& Tower with Radar,25,46,18,0,89,0,10,15,0,25,25,56,33,0,114,0,0,0,114
01/01/2011,LBB,TX,ASW,CE,Combined TRACON& Tower with Radar,17,34,26,0,77,0,8,22,1,31,17,42,48,1,108,28,0,28,136
01/02/2011,LBB,TX,ASW,CE,Combined TRACON& Tower with Radar,30,34,27,0,91,0,2,23,0,25,30,36,50,0,116,0,0,0,116
01/03/2011,LBB,TX,ASW,CE,Combined TRACON& Tower with Radar,27,37,28,2,94,0,14,44,2,60,27,51,72,4,154,34,0,34,188
01/04/2011,LBB,TX,ASW,CE,Combined TRACON& Tower with Radar,35,47,20,12,114,0,5,39,2,46,35,52,59,14,160,22,16,38,198
01/05/2011,LBB,TX,ASW,CE,Combined TRACON& Tower with Radar,34,53,47,31,165,0,8,33,9,50,34,61,80,40,215,26,22,48,263
01/06/2011,LBB,TX,ASW,CE,Combined TRACON& Tower with Radar,32,52,36,26,146,0,13,47,5,65,32,65,83,31,211,17,34,51,262
01/07/2011,LBB,TX,ASW,CE,Combined TRACON& Tower with Radar,34,52,26,15,127,0,16,58,2,76,34,68,84,17,203,26,4,30,233
01/08/2011,LBB,TX,ASW,CE,Combined TRACON& Tower with Radar,26,30,47,20,123,0,6,52,3,61,26,36,99,23,184,76,30,106,290
01/09/2011,LBB,TX,ASW,CE,Combined TRACON& Tower with Radar,22,30,48,7,107,0,6,42,0,48,22,36,90,7,155,44,10,54,209
01/10/2011,LBB,TX,ASW,CE,Combined TRACON& Tower with Radar,27,31,18,2,78,0,1,2,0,3,27,32,20,2,81,0,0,0,81
01/11/2011,LBB,TX,ASW,CE,Combined TRACON& Tower with Radar,36,55,25,29,145,0,11,37,2,50,36,66,62,31,195,24,38,62,257
01/12/2011,LBB,TX,ASW,CE,Combined TRACON& Tower with Radar,34,47,33,6,120,0,10,19,0,29,34,57,52,6,149,32,16,48,197
01/13/2011,LBB,TX,ASW,CE,Combined TRACON& Tower with Radar,34,59,34,42,169,0,9,58,0,67,34,68,92,42,236,58,82,140,376
01/14/2011,LBB,TX,ASW,CE,Combined TRACON& Tower with Radar,32,57,37,29,155,0,10,54,2,66,32,67,91,31,221,16,2,18,239
01/15/2011,LBB,TX,ASW,CE,Combined TRACON& Tower with Radar,25,41,34,4,104,0,15,56,0,71,25,56,90,4,175,38,8,46,221
01/16/2011,LBB,TX,ASW,CE,Combined TRACON& Tower with Radar,24,30,18,0,72,0,5,44,0,49,24,35,62,0,121,52,0,52,173
01/17/2011,LBB,TX,ASW,CE,Combined TRACON& Tower with Radar,31,45,51,6,133,0,8,39,0,47,31,53,90,6,180,0,10,10,190
01/18/2011,LBB,TX,ASW,CE,Combined TRACON& Tower with Radar,35,49,23,64,171,0,10,40,2,52,35,59,63,66,223,40,120,160,383
01/19/2011,LBB,TX,ASW,CE,Combined TRACON& Tower with Radar,35,56,32,9,132,0,10,32,7,49,35,66,64,16,181,0,46,46,227
01/20/2011,LBB,TX,ASW,CE,Combined TRACON& Tower with Radar,35,50,34,14,133,0,15,25,0,40,35,65,59,14,173,0,0,0,173
01/21/2011,LBB,TX,ASW,CE,Combined TRACON& Tower with Radar,33,58,33,35,159,0,12,35,1,48,33,70,68,36,207,29,20,49,256
01/22/2011,LBB,TX,ASW,CE,Combined TRACON& Tower with Radar,25,32,26,8,91,0,9,41,2,52,25,41,67,10,143,12,14,26,169
01/23/2011,LBB,TX,ASW,CE,Combined TRACON& Tower with Radar,23,34,11,22,90,0,7,38,1,46,23,41,49,23,136,36,0,36,172
01/24/2011,LBB,TX,ASW,CE,Combined TRACON& Tower with Radar,28,36,20,12,96,0,10,34,2,46,28,46,54,14,142,14,0,14,156
01/25/2011,LBB,TX,ASW,CE,Combined TRACON& Tower with Radar,34,48,34,6,122,0,5,41,3,49,34,53,75,9,171,12,18,30,201
01/26/2011,LBB,TX,ASW,CE,Combined TRACON& Tower with Radar,33,49,32,6,120,0,12,54,0,66,33,61,86,6,186,38,0,38,224
01/27/2011,LBB,TX,ASW,CE,Combined TRACON& Tower with Radar,34,50,34,4,122,0,11,47,1,59,34,61,81,5,181,66,0,66,247
01/28/2011,LBB,TX,ASW,CE,Combined TRACON& Tower with Radar,32,55,28,8,123,0,9,52,0,61,32,64,80,8,184,36,0,36,220
01/29/2011,LBB,TX,ASW,CE,Combined TRACON& Tower with Radar,22,33,34,0,89,0,13,50,0,63,22,46,84,0,152,24,0,24,176
01/30/2011,LBB,TX,ASW,CE,Combined TRACON& Tower with Radar,26,33,17,20,96,0,18,43,0,61,26,51,60,20,157,20,0,20,177
01/31/2011,LBB,TX,ASW,CE,Combined TRACON& Tower with Radar,31,43,36,68,178,0,9,29,2,40,31,52,65,70,218,0,82,82,300
02/01/2011,LBB,TX,ASW,CE,Combined TRACON& Tower with Radar,15,17,3,4,39,0,8,0,0,8,15,25,3,4,47,0,0,0,47
02/02/2011,LBB,TX,ASW,CE,Combined TRACON& Tower with Radar,18,30,12,11,71,0,4,1,0,5,18,34,13,11,76,0,12,12,88
02/03/2011,LBB,TX,ASW,CE,Combined TRACON& Tower with Radar,30,49,17,17,113,0,10,8,0,18,30,59,25,17,131,0,40,40,171
02/04/2011,LBB,TX,ASW,CE,Combined TRACON& Tower with Radar,22,32,30,6,90,0,7,25,0,32,22,39,55,6,122,20,0,20,142
02/05/2011,LBB,TX,ASW,CE,Combined TRACON& Tower with Radar,26,36,23,7,92,0,10,61,0,71,26,46,84,7,163,20,0,20,183
02/06/2011,LBB,TX,ASW,CE,Combined TRACON& Tower with Radar,24,24,11,0,59,0,1,0,0,1,24,25,11,0,60,0,0,0,60
02/07/2011,LBB,TX,ASW,CE,Combined TRACON& Tower with Radar,28,42,18,19,107,0,13,29,0,42,28,55,47,19,149,38,0,38,187
02/08/2011,LBB,TX,ASW,CE,Combined TRACON& Tower with Radar,34,46,33,1,114,0,9,19,0,28,34,55,52,1,142,0,0,0,142
02/09/2011,LBB,TX,ASW,CE,Combined TRACON& Tower with Radar,25,41,19,28,113,0,9,7,1,17,25,50,26,29,130,0,26,26,156
02/10/2011,LBB,TX,ASW,CE,Combined TRACON& Tower with Radar,36,43,38,16,133,0,17,30,3,50,36,60,68,19,183,80,16,96,279
02/11/2011,LBB,TX,ASW,CE,Combined TRACON& Tower with Radar,32,60,23,18,133,0,13,54,4,71,32,73,77,22,204,0,0,0,204
02/12/2011,LBB,TX,ASW,CE,Combined TRACON& Tower with Radar,21,42,16,5,84,0,6,40,1,47,21,48,56,6,131,40,0,40,171
02/13/2011,LBB,TX,ASW,CE,Combined TRACON& Tower with Radar,29,36,17,0,82,0,12,37,0,49,29,48,54,0,131,10,0,10,141
02/14/2011,LBB,TX,ASW,CE,Combined TRACON& Tower with Radar,27,29,19,19,94,0,12,55,3,70,27,41,74,22,164,10,0,10,174
02/15/2011,LBB,TX,ASW,CE,Combined TRACON& Tower with Radar,34,55,37,8,134,0,13,68,2,83,34,68,105,10,217,16,0,16,233
02/16/2011,LBB,TX,ASW,CE,Combined TRACON& Tower with Radar,31,50,30,30,141,0,10,43,1,54,31,60,73,31,195,66,0,66,261
02/17/2011,LBB,TX,ASW,CE,Combined TRACON& Tower with Radar,34,52,31,11,128,0,11,34,5,50,34,63,65,16,178,0,10,10,188
02/18/2011,LBB,TX,ASW,CE,Combined TRACON& Tower with Radar,33,61,37,9,140,0,13,54,0,67,33,74,91,9,207,40,0,40,247
02/19/2011,LBB,TX,ASW,CE,Combined TRACON& Tower with Radar,23,30,13,6,72,0,11,39,0,50,23,41,52,6,122,20,0,20,142
02/20/2011,LBB,TX,ASW,CE,Combined TRACON& Tower with Radar,25,26,25,5,81,0,19,40,0,59,25,45,65,5,140,0,0,0,140
02/21/2011,LBB,TX,ASW,CE,Combined TRACON& Tower with Radar,28,46,25,11,110,0,12,58,1,71,28,58,83,12,181,12,0,12,193
02/22/2011,LBB,TX,ASW,CE,Combined TRACON& Tower with Radar,34,58,22,41,155,0,14,44,1,59,34,72,66,42,214,22,0,22,236
02/23/2011,LBB,TX,ASW,CE,Combined TRACON& Tower with Radar,38,52,39,15,144,0,10,29,0,39,38,62,68,15,183,2,0,2,185
02/24/2011,LBB,TX,ASW,CE,Combined TRACON& Tower with Radar,34,46,35,38,153,0,14,26,1,41,34,60,61,39,194,0,0,0,194
02/25/2011,LBB,TX,ASW,CE,Combined TRACON& Tower with Radar,33,54,28,20,135,0,21,80,1,102,33,75,108,21,237,0,0,0,237
02/26/2011,LBB,TX,ASW,CE,Combined TRACON& Tower with Radar,23,35,25,7,90,0,5,62,0,67,23,40,87,7,157,22,0,22,179
02/27/2011,LBB,TX,ASW,CE,Combined TRACON& Tower with Radar,22,28,23,0,73,0,6,10,0,16,22,34,33,0,89,0,0,0,89
02/28/2011,LBB,TX,ASW,CE,Combined TRACON& Tower with Radar,29,43,30,18,120,0,15,50,0,65,29,58,80,18,185,8,0,8,193
03/01/2011,LBB,TX,ASW,CE,Combined TRACON& Tower with Radar,35,55,15,13,118,0,13,46,2,61,35,68,61,15,179,0,18,18,197
03/02/2011,LBB,TX,ASW,CE,Combined TRACON& Tower with Radar,36,59,35,41,171,0,19,48,1,68,36,78,83,42,239,34,5,39,278
03/03/2011,LBB,TX,ASW,CE,Combined TRACON& Tower with Radar,34,58,23,21,136,0,13,53,2,68,34,71,76,23,204,34,16,50,254
03/04/2011,LBB,TX,ASW,CE,Combined TRACON& Tower with Radar,32,50,40,31,153,0,16,60,4,80,32,66,100,35,233,30,0,30,263
03/05/2011,LBB,TX,ASW,CE,Combined TRACON& Tower with Radar,22,48,14,2,86,0,12,75,2,89,22,60,89,4,175,94,0,94,269
03/06/2011,LBB,TX,ASW,CE,Combined TRACON& Tower with Radar,30,34,20,6,90,0,7,64,0,71,30,41,84,6,161,74,0,74,235
03/07/2011,LBB,TX,ASW,CE,Combined TRACON& Tower with Radar,29,48,19,0,96,0,11,37,0,48,29,59,56,0,144,14,0,14,158
03/08/2011,LBB,TX,ASW,CE,Combined TRACON& Tower with Radar,37,54,32,16,139,0,9,19,5,33,37,63,51,21,172,6,0,6,178
03/09/2011,LBB,TX,ASW,CE,Combined TRACON& Tower with Radar,34,45,34,19,132,0,17,38,9,64,34,62,72,28,196,68,0,68,264
03/10/2011,LBB,TX,ASW,CE,Combined TRACON& Tower with Radar,35,55,32,10,132,0,6,45,4,55,35,61,77,14,187,42,0,42,229
03/11/2011,LBB,TX,ASW,CE,Combined TRACON& Tower with Radar,34,57,31,26,148,0,19,47,0,66,34,76,78,26,214,22,0,22,236
03/12/2011,LBB,TX,ASW,CE,Combined TRACON& Tower with Radar,26,42,46,1,115,0,11,76,0,87,26,53,122,1,202,102,0,102,304
03/13/2011,LBB,TX,ASW,CE,Combined TRACON& Tower with Radar,27,35,36,14,112,0,7,28,0,35,27,42,64,14,147,22,0,22,169
03/14/2011,LBB,TX,ASW,CE,Combined TRACON& Tower with Radar,28,48,24,51,151,0,15,29,1,45,28,63,53,52,196,26,22,48,244
03/15/2011,LBB,TX,ASW,CE,Combined TRACON& Tower with Radar,32,56,17,4,109,0,13,42,1,56,32,69,59,5,165,0,0,0,165
03/16/2011,LBB,TX,ASW,CE,Combined TRACON& Tower with Radar,36,62,55,38,191,0,22,25,3,50,36,84,80,41,241,16,0,16,257
03/17/2011,LBB,TX,ASW,CE,Combined TRACON& Tower with Radar,36,50,40,30,156,0,12,49,1,62,36,62,89,31,218,72,4,76,294
03/18/2011,LBB,TX,ASW,CE,Combined TRACON& Tower with Radar,35,56,27,27,145,0,14,38,2,54,35,70,65,29,199,0,0,0,199
03/19/2011,LBB,TX,ASW,CE,Combined TRACON& Tower with Radar,26,36,23,1,86,0,1,4,2,7,26,37,27,3,93,32,0,32,125
03/20/2011,LBB,TX,ASW,CE,Combined TRACON& Tower with Radar,25,32,39,9,105,0,9,51,2,62,25,41,90,11,167,90,0,90,257
03/21/2011,LBB,TX,ASW,CE,Combined TRACON& Tower with Radar,26,36,24,37,123,0,8,13,2,23,26,44,37,39,146,10,0,10,156
03/22/2011,LBB,TX,ASW,CE,Combined TRACON& Tower with Radar,34,52,26,11,123,0,8,20,0,28,34,60,46,11,151,0,70,70,221
03/23/2011,LBB,TX,ASW,CE,Combined TRACON& Tower with Radar,35,49,29,35,148,0,14,62,3,79,35,63,91,38,227,114,12,126,353
03/24/2011,LBB,TX,ASW,CE,Combined TRACON& Tower with Radar,31,48,31,9,119,0,13,31,3,47,31,61,62,12,166,11,8,19,185
03/25/2011,LBB,TX,ASW,CE,Combined TRACON& Tower with Radar,33,46,34,30,143,0,10,65,5,80,33,56,99,35,223,86,0,86,309
03/26/2011,LBB,TX,ASW,CE,Combined TRACON& Tower with Radar,28,39,25,5,97,0,9,57,6,72,28,48,82,11,169,32,8,40,209
03/27/2011,LBB,TX,ASW,CE,Combined TRACON& Tower with Radar,24,35,43,12,114,0,3,36,2,41,24,38,79,14,155,4,6,10,165
03/28/2011,LBB,TX,ASW,CE,Combined TRACON& Tower with Radar,24,45,45,20,134,0,3,21,0,24,24,48,66,20,158,6,0,6,164
03/29/2011,LBB,TX,ASW,CE,Combined TRACON& Tower with Radar,32,53,34,25,144,0,3,3,0,6,32,56,37,25,150,0,0,0,150
03/30/2011,LBB,TX,ASW,CE,Combined TRACON& Tower with Radar,27,55,35,25,142,0,12,41,1,54,27,67,76,26,196,54,0,54,250
03/31/2011,LBB,TX,ASW,CE,Combined TRACON& Tower with Radar,33,56,42,21,152,0,15,59,1,75,33,71,101,22,227,36,28,64,291
04/01/2011,LBB,TX,ASW,CE,Combined TRACON& Tower with Radar,36,45,37,23,141,0,14,56,2,72,36,59,93,25,213,36,26,62,275
04/02/2011,LBB,TX,ASW,CE,Combined TRACON& Tower with Radar,26,29,17,0,72,0,13,46,3,62,26,42,63,3,134,96,0,96,230
04/03/2011,LBB,TX,ASW,CE,Combined TRACON& Tower with Radar,23,39,19,1,82,0,9,11,1,21,23,48,30,2,103,6,0,6,109
04/04/2011,LBB,TX,ASW,CE,Combined TRACON& Tower with Radar,27,41,24,23,115,0,10,31,2,43,27,51,55,25,158,14,32,46,204
04/05/2011,LBB,TX,ASW,CE,Combined TRACON& Tower with Radar,29,61,25,23,138,0,16,47,1,64,29,77,72,24,202,7,28,35,237
04/06/2011,LBB,TX,ASW,CE,Combined TRACON& Tower with Radar,27,56,29,30,142,0,13,44,0,57,27,69,73,30,199,20,28,48,247
04/07/2011,LBB,TX,ASW,CE,Combined TRACON& Tower with Radar,25,63,17,15,120,0,5,20,2,27,25,68,37,17,147,24,0,24,171
04/08/2011,LBB,TX,ASW,CE,Combined TRACON& Tower with Radar,29,57,39,17,142,0,10,28,5,43,29,67,67,22,185,22,4,26,211
04/09/2011,LBB,TX,ASW,CE,Combined TRACON& Tower with Radar,24,42,22,0,88,0,2,39,0,41,24,44,61,0,129,66,0,66,195
04/10/2011,LBB,TX,ASW,CE,Combined TRACON& Tower with Radar,18,44,20,6,88,0,10,10,0,20,18,54,30,6,108,0,0,0,108
04/11/2011,LBB,TX,ASW,CE,Combined TRACON& Tower with Radar,19,48,27,22,116,0,18,57,2,77,19,66,84,24,193,20,0,20,213
04/12/2011,LBB,TX,ASW,CE,Combined TRACON& Tower with Radar,28,55,26,4,113,0,15,56,2,73,28,70,82,6,186,6,33,39,225
04/13/2011,LBB,TX,ASW,CE,Combined TRACON& Tower with Radar,27,57,39,8,131,0,12,86,2,100,27,69,125,10,231,102,0,102,333
04/14/2011,LBB,TX,ASW,CE,Combined TRACON& Tower with Radar,30,59,31,3,123,0,14,34,3,51,30,73,65,6,174,0,0,0,174
04/15/2011,LBB,TX,ASW,CE,Combined TRACON& Tower with Radar,26,58,34,20,138,0,16,30,6,52,26,74,64,26,190,0,0,0,190
04/16/2011,LBB,TX,ASW,CE,Combined TRACON& Tower with Radar,24,36,29,0,89,0,11,37,1,49,24,47,66,1,138,0,0,0,138
04/17/2011,LBB,TX,ASW,CE,Combined TRACON& Tower with Radar,19,40,17,17,93,0,6,39,0,45,19,46,56,17,138,14,0,14,152
04/18/2011,LBB,TX,ASW,CE,Combined TRACON& Tower with Radar,22,46,26,14,108,0,15,35,0,50,22,61,61,14,158,0,0,0,158
04/19/2011,LBB,TX,ASW,CE,Combined TRACON& Tower with Radar,27,53,29,34,143,0,12,21,2,35,27,65,50,36,178,12,4,16,194
04/20/2011,LBB,TX,ASW,CE,Combined TRACON& Tower with Radar,33,65,43,51,192,0,12,39,3,54,33,77,82,54,246,48,20,68,314
04/21/2011,LBB,TX,ASW,CE,Combined TRACON& Tower with Radar,27,68,48,67,210,0,6,18,3,27,27,74,66,70,237,12,16,28,265
04/22/2011,LBB,TX,ASW,CE,Combined TRACON& Tower with Radar,29,62,30,21,142,0,11,66,5,82,29,73,96,26,224,0,0,0,224
04/23/2011,LBB,TX,ASW,CE,Combined TRACON& Tower with Radar,22,36,19,0,77,0,8,58,1,67,22,44,77,1,144,36,0,36,180
04/24/2011,LBB,TX,ASW,CE,Combined TRACON& Tower with Radar,19,29,31,1,80,0,9,30,0,39,19,38,61,1,119,24,0,24,143
04/25/2011,LBB,TX,ASW,CE,Combined TRACON& Tower with Radar,18,44,22,24,108,0,9,13,8,30,18,53,35,32,138,0,0,0,138
04/26/2011,LBB,TX,ASW,CE,Combined TRACON& Tower with Radar,33,58,30,18,139,0,11,14,2,27,33,69,44,20,166,0,0,0,166
04/27/2011,LBB,TX,ASW,CE,Combined TRACON& Tower with Radar,35,54,29,59,177,0,15,23,1,39,35,69,52,60,216,70,42,112,328
04/28/2011,LBB,TX,ASW,CE,Combined TRACON& Tower with Radar,26,62,51,16,155,0,13,43,1,57,26,75,94,17,212,30,14,44,256
04/29/2011,LBB,TX,ASW,CE,Combined TRACON& Tower with Radar,27,56,33,6,122,0,8,17,0,25,27,64,50,6,147,0,0,0,147
04/30/2011,LBB,TX,ASW,CE,Combined TRACON& Tower with Radar,22,43,30,10,105,0,5,44,1,50,22,48,74,11,155,58,0,58,213
05/01/2011,LBB,TX,ASW,CE,Combined TRACON& Tower with Radar,22,32,33,43,130,0,16,12,2,30,22,48,45,45,160,0,0,0,160
05/02/2011,LBB,TX,ASW,CE,Combined TRACON& Tower with Radar,21,51,33,57,162,0,10,42,2,54,21,61,75,59,216,44,62,106,322
05/03/2011,LBB,TX,ASW,CE,Combined TRACON& Tower with Radar,29,52,22,30,133,0,13,42,2,57,29,65,64,32,190,24,10,34,224
05/04/2011,LBB,TX,ASW,CE,Combined TRACON& Tower with Radar,27,55,24,44,150,0,20,32,2,54,27,75,56,46,204,0,0,0,204
05/05/2011,LBB,TX,ASW,CE,Combined TRACON& Tower with Radar,29,59,33,15,136,0,10,42,3,55,29,69,75,18,191,34,2,36,227
05/06/2011,LBB,TX,ASW,CE,Combined TRACON& Tower with Radar,29,58,44,32,163,0,10,40,4,54,29,68,84,36,217,34,6,40,257
05/07/2011,LBB,TX,ASW,CE,Combined TRACON& Tower with Radar,24,39,18,1,82,0,10,41,1,52,24,49,59,2,134,26,0,26,160
05/08/2011,LBB,TX,ASW,CE,Combined TRACON& Tower with Radar,19,37,31,9,96,0,7,36,1,44,19,44,67,10,140,0,12,12,152
05/09/2011,LBB,TX,ASW,CE,Combined TRACON& Tower with Radar,24,49,13,2,88,0,16,25,0,41,24,65,38,2,129,0,0,0,129
05/10/2011,LBB,TX,ASW,CE,Combined TRACON& Tower with Radar,30,54,28,3,115,0,24,51,1,76,30,78,79,4,191,16,0,16,207
05/11/2011,LBB,TX,ASW,CE,Combined TRACON& Tower with Radar,24,54,31,23,132,0,12,33,0,45,24,66,64,23,177,32,12,44,221
05/12/2011,LBB,TX,ASW,CE,Combined TRACON& Tower with Radar,34,55,29,33,151,0,17,47,8,72,34,72,76,41,223,38,14,52,275
05/13/2011,LBB,TX,ASW,CE,Combined TRACON& Tower with Radar,30,58,36,18,142,0,9,40,0,49,30,67,76,18,191,38,6,44,235
05/14/2011,LBB,TX,ASW,CE,Combined TRACON& Tower with Radar,22,40,20,6,88,0,13,59,1,73,22,53,79,7,161,40,8,48,209
05/15/2011,LBB,TX,ASW,CE,Combined TRACON& Tower with Radar,22,34,36,2,94,0,3,41,0,44,22,37,77,2,138,44,0,44,182
05/16/2011,LBB,TX,ASW,CE,Combined TRACON& Tower with Radar,21,51,23,15,110,0,14,42,1,57,21,65,65,16,167,8,10,18,185
05/17/2011,LBB,TX,ASW,CE,Combined TRACON& Tower with Radar,25,63,42,25,155,0,18,50,2,70,25,81,92,27,225,6,0,6,231
05/18/2011,LBB,TX,ASW,CE,Combined TRACON& Tower with Radar,29,59,34,44,166,0,15,47,2,64,29,74,81,46,230,0,50,50,280
05/19/2011,LBB,TX,ASW,CE,Combined TRACON& Tower with Radar,28,60,33,59,180,0,14,27,2,43,28,74,60,61,223,50,8,58,281
05/20/2011,LBB,TX,ASW,CE,Combined TRACON& Tower with Radar,24,46,42,55,167,0,13,36,1,50,24,59,78,56,217,20,20,40,257
05/21/2011,LBB,TX,ASW,CE,Combined TRACON& Tower with Radar,25,36,17,15,93,0,14,28,0,42,25,50,45,15,135,14,0,14,149
05/22/2011,LBB,TX,ASW,CE,Combined TRACON& Tower with Radar,21,31,33,4,89,0,10,40,3,53,21,41,73,7,142,24,0,24,166
05/23/2011,LBB,TX,ASW,CE,Combined TRACON& Tower with Radar,32,52,40,49,173,0,16,31,1,48,32,68,71,50,221,16,58,74,295
05/24/2011,LBB,TX,ASW,CE,Combined TRACON& Tower with Radar,29,62,32,5,128,0,10,32,3,45,29,72,64,8,173,4,10,14,187
05/25/2011,LBB,TX,ASW,CE,Combined TRACON& Tower with Radar,30,61,38,23,152,0,19,56,1,76,30,80,94,24,228,0,14,14,242
05/26/2011,LBB,TX,ASW,CE,Combined TRACON& Tower with Radar,27,63,48,18,156,0,12,57,2,71,27,75,105,20,227,12,20,32,259
05/27/2011,LBB,TX,ASW,CE,Combined TRACON& Tower with Radar,34,68,38,14,154,0,10,34,1,45,34,78,72,15,199,0,0,0,199
05/28/2011,LBB,TX,ASW,CE,Combined TRACON& Tower with Radar,20,41,16,0,77,0,9,35,1,45,20,50,51,1,122,0,0,0,122
05/29/2011,LBB,TX,ASW,CE,Combined TRACON& Tower with Radar,14,31,17,1,63,0,8,21,1,30,14,39,38,2,93,0,0,0,93
05/30/2011,LBB,TX,ASW,CE,Combined TRACON& Tower with Radar,16,41,15,0,72,0,9,21,0,30,16,50,36,0,102,12,0,12,114
05/31/2011,LBB,TX,ASW,CE,Combined TRACON& Tower with Radar,21,55,31,12,119,0,23,28,1,52,21,78,59,13,171,16,12,28,199
06/01/2011,LBB,TX,ASW,CE,Combined TRACON& Tower with Radar,27,64,24,32,147,0,0,32,0,32,27,64,56,32,179,35,8,43,222
06/02/2011,LBB,TX,ASW,CE,Combined TRACON& Tower with Radar,28,63,40,32,163,0,6,20,1,27,28,69,60,33,190,0,8,8,198
06/03/2011,LBB,TX,ASW,CE,Combined TRACON& Tower with Radar,26,69,26,9,130,0,10,34,2,46,26,79,60,11,176,0,6,6,182
06/04/2011,LBB,TX,ASW,CE,Combined TRACON& Tower with Radar,22,41,18,2,83,0,8,63,0,71,22,49,81,2,154,64,8,72,226
06/05/2011,LBB,TX,ASW,CE,Combined TRACON& Tower with Radar,20,32,14,8,74,0,11,45,3,59,20,43,59,11,133,65,0,65,198
06/06/2011,LBB,TX,ASW,CE,Combined TRACON& Tower with Radar,18,58,26,24,126,0,21,38,3,62,18,79,64,27,188,0,0,0,188
06/07/2011,LBB,TX,ASW,CE,Combined TRACON& Tower with Radar,31,65,23,0,119,0,5,43,0,48,31,70,66,0,167,0,0,0,167
06/08/2011,LBB,TX,ASW,CE,Combined TRACON& Tower with Radar,28,61,26,28,143,0,11,45,1,57,28,72,71,29,200,0,54,54,254
06/09/2011,LBB,TX,ASW,CE,Combined TRACON& Tower with Radar,28,65,38,4,135,0,17,45,0,62,28,82,83,4,197,22,4,26,223
06/10/2011,LBB,TX,ASW,CE,Combined TRACON& Tower with Radar,31,61,39,9,140,0,17,38,2,57,31,78,77,11,197,30,0,30,227
06/11/2011,LBB,TX,ASW,CE,Combined TRACON& Tower with Radar,20,40,18,10,88,0,8,64,0,72,20,48,82,10,160,62,4,66,226
06/12/2011,LBB,TX,ASW,CE,Combined TRACON& Tower with Radar,22,42,21,29,114,0,15,29,1,45,22,57,50,30,159,16,0,16,175
06/13/2011,LBB,TX,ASW,CE,Combined TRACON& Tower with Radar,21,48,19,2,90,0,13,34,0,47,21,61,53,2,137,12,0,12,149
06/14/2011,LBB,TX,ASW,CE,Combined TRACON& Tower with Radar,25,61,15,14,115,0,8,50,0,58,25,69,65,14,173,20,0,20,193
06/15/2011,LBB,TX,ASW,CE,Combined TRACON& Tower with Radar,29,62,33,6,130,0,16,37,0,53,29,78,70,6,183,34,8,42,225
06/16/2011,LBB,TX,ASW,CE,Combined TRACON& Tower with Radar,32,66,25,14,137,0,20,36,1,57,32,86,61,15,194,0,8,8,202
06/17/2011,LBB,TX,ASW,CE,Combined TRACON& Tower with Radar,29,63,37,19,148,0,13,50,2,65,29,76,87,21,213,10,0,10,223
06/18/2011,LBB,TX,ASW,CE,Combined TRACON& Tower with Radar,20,47,18,0,85,0,14,42,1,57,20,61,60,1,142,10,0,10,152
06/19/2011,LBB,TX,ASW,CE,Combined TRACON& Tower with Radar,22,38,24,19,103,0,13,27,2,42,22,51,51,21,145,38,4,42,187
06/20/2011,LBB,TX,ASW,CE,Combined TRACON& Tower with Radar,20,46,21,1,88,0,9,32,0,41,20,55,53,1,129,10,0,10,139
06/21/2011,LBB,TX,ASW,CE,Combined TRACON& Tower with Radar,31,63,28,12,134,0,24,52,1,77,31,87,80,13,211,32,0,32,243
06/22/2011,LBB,TX,ASW,CE,Combined TRACON& Tower with Radar,32,58,39,22,151,0,16,59,4,79,32,74,98,26,230,18,8,26,256
06/23/2011,LBB,TX,ASW,CE,Combined TRACON& Tower with Radar,28,68,27,22,145,0,13,49,5,67,28,81,76,27,212,36,14,50,262
06/24/2011,LBB,TX,ASW,CE,Combined TRACON& Tower with Radar,27,65,32,10,134,0,11,34,5,50,27,76,66,15,184,0,8,8,192
06/25/2011,LBB,TX,ASW,CE,Combined TRACON& Tower with Radar,21,42,21,0,84,0,9,38,0,47,21,51,59,0,131,48,0,48,179
06/26/2011,LBB,TX,ASW,CE,Combined TRACON& Tower with Radar,20,29,22,2,73,0,13,23,1,37,20,42,45,3,110,18,8,26,136
06/27/2011,LBB,TX,ASW,CE,Combined TRACON& Tower with Radar,21,51,26,33,131,0,15,27,1,43,21,66,53,34,174,12,0,12,186
06/28/2011,LBB,TX,ASW,CE,Combined TRACON& Tower with Radar,40,73,28,22,163,0,7,50,2,59,40,80,78,24,222,38,10,48,270
06/29/2011,LBB,TX,ASW,CE,Combined TRACON& Tower with Radar,57,74,54,58,243,0,3,68,1,72,57,77,122,59,315,30,42,72,387
06/30/2011,LBB,TX,ASW,CE,Combined TRACON& Tower with Radar,28,69,38,10,145,0,13,41,7,61,28,82,79,17,206,6,46,52,258
07/01/2011,LBB,TX,ASW,CE,Combined TRACON& Tower with Radar,29,63,42,0,134,0,15,47,1,63,29,78,89,1,197,78,0,78,275
07/02/2011,LBB,TX,ASW,CE,Combined TRACON& Tower with Radar,20,55,20,5,100,0,9,53,0,62,20,64,73,5,162,22,0,22,184
07/03/2011,LBB,TX,ASW,CE,Combined TRACON& Tower with Radar,16,32,11,1,60,0,9,35,0,44,16,41,46,1,104,56,0,56,160
07/04/2011,LBB,TX,ASW,CE,Combined TRACON& Tower with Radar,16,42,15,9,82,0,7,29,0,36,16,49,44,9,118,64,10,74,192
07/05/2011,LBB,TX,ASW,CE,Combined TRACON& Tower with Radar,22,59,34,20,135,0,4,30,2,36,22,63,64,22,171,34,18,52,223
07/06/2011,LBB,TX,ASW,CE,Combined TRACON& Tower with Radar,27,65,29,15,136,0,20,45,5,70,27,85,74,20,206,64,18,82,288
07/07/2011,LBB,TX,ASW,CE,Combined TRACON& Tower with Radar,29,67,35,14,145,0,14,56,0,70,29,81,91,14,215,30,0,30,245
07/08/2011,LBB,TX,ASW,CE,Combined TRACON& Tower with Radar,29,63,29,48,169,0,3,42,1,46,29,66,71,49,215,30,34,64,279
07/09/2011,LBB,TX,ASW,CE,Combined TRACON& Tower with Radar,19,42,14,10,85,0,15,44,2,61,19,57,58,12,146,48,0,48,194
07/10/2011,LBB,TX,ASW,CE,Combined TRACON& Tower with Radar,21,36,28,1,86,0,12,45,0,57,21,48,73,1,143,20,0,20,163
07/11/2011,LBB,TX,ASW,CE,Combined TRACON& Tower with Radar,19,52,23,22,116,0,10,49,6,65,19,62,72,28,181,30,0,30,211
07/12/2011,LBB,TX,ASW,CE,Combined TRACON& Tower with Radar,28,59,34,17,138,0,3,28,5,36,28,62,62,22,174,2,20,22,196
07/13/2011,LBB,TX,ASW,CE,Combined TRACON& Tower with Radar,27,66,46,21,160,0,5,46,1,52,27,71,92,22,212,32,22,54,266
07/14/2011,LBB,TX,ASW,CE,Combined TRACON& Tower with Radar,27,62,16,20,125,0,6,54,2,62,27,68,70,22,187,32,8,40,227
07/15/2011,LBB,TX,ASW,CE,Combined TRACON& Tower with Radar,32,66,25,43,166,0,11,30,1,42,32,77,55,44,208,14,12,26,234
07/16/2011,LBB,TX,ASW,CE,Combined TRACON& Tower with Radar,21,40,18,2,81,0,11,41,0,52,21,51,59,2,133,46,0,46,179
07/17/2011,LBB,TX,ASW,CE,Combined TRACON& Tower with Radar,20,38,26,9,93,0,19,38,0,57,20,57,64,9,150,60,10,70,220
07/18/2011,LBB,TX,ASW,CE,Combined TRACON& Tower with Radar,22,42,22,4,90,0,19,49,0,68,22,61,71,4,158,60,0,60,218
07/19/2011,LBB,TX,ASW,CE,Combined TRACON& Tower with Radar,28,61,22,5,116,0,10,49,3,62,28,71,71,8,178,76,0,76,254
07/20/2011,LBB,TX,ASW,CE,Combined TRACON& Tower with Radar,32,57,28,20,137,0,23,50,0,73,32,80,78,20,210,54,14,68,278
07/21/2011,LBB,TX,ASW,CE,Combined TRACON& Tower with Radar,27,57,31,14,129,0,20,37,2,59,27,77,68,16,188,58,0,58,246
07/22/2011,LBB,TX,ASW,CE,Combined TRACON& Tower with Radar,28,56,31,18,133,0,10,51,2,63,28,66,82,20,196,64,2,66,262
07/23/2011,LBB,TX,ASW,CE,Combined TRACON& Tower with Radar,21,43,4,8,76,0,10,35,0,45,21,53,39,8,121,10,0,10,131
07/24/2011,LBB,TX,ASW,CE,Combined TRACON& Tower with Radar,20,43,24,4,91,0,14,35,0,49,20,57,59,4,140,0,0,0,140
07/25/2011,LBB,TX,ASW,CE,Combined TRACON& Tower with Radar,20,48,19,28,115,0,20,27,1,48,20,68,46,29,163,8,0,8,171
07/26/2011,LBB,TX,ASW,CE,Combined TRACON& Tower with Radar,29,57,27,6,119,0,15,51,0,66,29,72,78,6,185,16,0,16,201
07/27/2011,LBB,TX,ASW,CE,Combined TRACON& Tower with Radar,28,57,32,5,122,0,18,44,5,67,28,75,76,10,189,23,12,35,224
07/28/2011,LBB,TX,ASW,CE,Combined TRACON& Tower with Radar,28,64,22,30,144,0,10,54,3,67,28,74,76,33,211,40,0,40,251
07/29/2011,LBB,TX,ASW,CE,Combined TRACON& Tower with Radar,30,59,30,54,173,0,16,45,4,65,30,75,75,58,238,0,16,16,254
07/30/2011,LBB,TX,ASW,CE,Combined TRACON& Tower with Radar,18,44,15,14,91,0,10,32,6,48,18,54,47,20,139,4,0,4,143
07/31/2011,LBB,TX,ASW,CE,Combined TRACON& Tower with Radar,21,38,26,32,117,0,15,30,4,49,21,53,56,36,166,0,0,0,166
08/01/2011,LBB,TX,ASW,CE,Combined TRACON& Tower with Radar,23,54,36,0,113,0,12,40,0,52,23,66,76,0,165,20,0,20,185
08/02/2011,LBB,TX,ASW,CE,Combined TRACON& Tower with Radar,28,70,23,36,157,0,14,58,1,73,28,84,81,37,230,30,0,30,260
08/03/2011,LBB,TX,ASW,CE,Combined TRACON& Tower with Radar,32,64,32,9,137,0,10,54,1,65,32,74,86,10,202,0,0,0,202
08/04/2011,LBB,TX,ASW,CE,Combined TRACON& Tower with Radar,28,59,37,21,145,0,15,42,0,57,28,74,79,21,202,12,0,12,214
08/05/2011,LBB,TX,ASW,CE,Combined TRACON& Tower with Radar,28,53,35,58,174,0,14,47,5,66,28,67,82,63,240,10,29,39,279
08/06/2011,LBB,TX,ASW,CE,Combined TRACON& Tower with Radar,18,38,25,10,91,0,4,32,4,40,18,42,57,14,131,0,0,0,131
08/07/2011,LBB,TX,ASW,CE,Combined TRACON& Tower with Radar,22,36,28,7,93,0,12,50,0,62,22,48,78,7,155,0,0,0,155
08/08/2011,LBB,TX,ASW,CE,Combined TRACON& Tower with Radar,24,49,42,5,120,0,11,35,2,48,24,60,77,7,168,0,0,0,168
08/09/2011,LBB,TX,ASW,CE,Combined TRACON& Tower with Radar,28,54,24,6,112,0,16,45,0,61,28,70,69,6,173,32,0,32,205
08/10/2011,LBB,TX,ASW,CE,Combined TRACON& Tower with Radar,30,61,32,4,127,0,14,48,1,63,30,75,80,5,190,0,0,0,190
08/11/2011,LBB,TX,ASW,CE,Combined TRACON& Tower with Radar,28,62,27,68,185,0,14,44,1,59,28,76,71,69,244,10,60,70,314
08/12/2011,LBB,TX,ASW,CE,Combined TRACON& Tower with Radar,27,59,32,12,130,0,9,34,2,45,27,68,66,14,175,20,8,28,203
08/13/2011,LBB,TX,ASW,CE,Combined TRACON& Tower with Radar,19,44,23,1,87,0,7,42,0,49,19,51,65,1,136,16,14,30,166
08/14/2011,LBB,TX,ASW,CE,Combined TRACON& Tower with Radar,21,35,28,23,107,0,3,30,0,33,21,38,58,23,140,12,0,12,152
08/15/2011,LBB,TX,ASW,CE,Combined TRACON& Tower with Radar,23,42,19,12,96,0,13,40,0,53,23,55,59,12,149,10,0,10,159
08/16/2011,LBB,TX,ASW,CE,Combined TRACON& Tower with Radar,30,56,27,20,133,0,13,30,0,43,30,69,57,20,176,2,0,2,178
08/17/2011,LBB,TX,ASW,CE,Combined TRACON& Tower with Radar,28,61,31,11,131,0,14,45,0,59,28,75,76,11,190,20,0,20,210
08/18/2011,LBB,TX,ASW,CE,Combined TRACON& Tower with Radar,28,66,37,19,150,0,22,48,1,71,28,88,85,20,221,0,12,12,233
08/19/2011,LBB,TX,ASW,CE,Combined TRACON& Tower with Radar,28,54,45,16,143,0,11,44,2,57,28,65,89,18,200,18,0,18,218
08/20/2011,LBB,TX,ASW,CE,Combined TRACON& Tower with Radar,18,39,20,9,86,0,14,40,2,56,18,53,60,11,142,18,8,26,168
08/21/2011,LBB,TX,ASW,CE,Combined TRACON& Tower with Radar,21,33,22,2,78,0,4,35,2,41,21,37,57,4,119,6,0,6,125
08/22/2011,LBB,TX,ASW,CE,Combined TRACON& Tower with Radar,23,46,26,29,124,0,19,48,1,68,23,65,74,30,192,42,0,42,234
08/23/2011,LBB,TX,ASW,CE,Combined TRACON& Tower with Radar,30,53,20,16,119,0,13,43,0,56,30,66,63,16,175,0,8,8,183
08/24/2011,LBB,TX,ASW,CE,Combined TRACON& Tower with Radar,30,55,32,4,121,0,15,36,1,52,30,70,68,5,173,0,0,0,173
08/25/2011,LBB,TX,ASW,CE,Combined TRACON& Tower with Radar,30,65,31,4,130,0,5,52,0,57,30,70,83,4,187,38,0,38,225
08/26/2011,LBB,TX,ASW,CE,Combined TRACON& Tower with Radar,28,69,34,12,143,0,16,58,0,74,28,85,92,12,217,0,0,0,217
08/27/2011,LBB,TX,ASW,CE,Combined TRACON& Tower with Radar,18,51,24,0,93,0,17,60,0,77,18,68,84,0,170,42,0,42,212
08/28/2011,LBB,TX,ASW,CE,Combined TRACON& Tower with Radar,23,40,21,8,92,0,15,37,2,54,23,55,58,10,146,0,0,0,146
08/29/2011,LBB,TX,ASW,CE,Combined TRACON& Tower with Radar,23,50,24,10,107,0,8,35,0,43,23,58,59,10,150,14,0,14,164
08/30/2011,LBB,TX,ASW,CE,Combined TRACON& Tower with Radar,28,54,25,4,111,0,9,34,1,44,28,63,59,5,155,0,0,0,155
08/31/2011,LBB,TX,ASW,CE,Combined TRACON& Tower with Radar,28,59,25,14,126,0,11,44,3,58,28,70,69,17,184,22,0,22,206
09/01/2011,LBB,TX,ASW,CE,Combined TRACON& Tower with Radar,28,68,18,3,117,0,12,52,2,66,28,80,70,5,183,18,22,40,223
09/02/2011,LBB,TX,ASW,CE,Combined TRACON& Tower with Radar,30,62,34,16,142,0,26,47,0,73,30,88,81,16,215,0,0,0,215
09/03/2011,LBB,TX,ASW,CE,Combined TRACON& Tower with Radar,20,46,26,1,93,0,14,46,0,60,20,60,72,1,153,0,0,0,153
09/04/2011,LBB,TX,ASW,CE,Combined TRACON& Tower with Radar,17,29,20,1,67,0,6,18,0,24,17,35,38,1,91,0,12,12,103
09/05/2011,LBB,TX,ASW,CE,Combined TRACON& Tower with Radar,16,43,33,2,94,0,4,63,4,71,16,47,96,6,165,36,0,36,201
09/06/2011,LBB,TX,ASW,CE,Combined TRACON& Tower with Radar,21,56,15,12,104,0,12,30,0,42,21,68,45,12,146,24,0,24,170
09/07/2011,LBB,TX,ASW,CE,Combined TRACON& Tower with Radar,30,57,43,24,154,0,3,31,2,36,30,60,74,26,190,32,20,52,242
09/08/2011,LBB,TX,ASW,CE,Combined TRACON& Tower with Radar,28,58,41,11,138,0,12,28,1,41,28,70,69,12,179,14,14,28,207
09/09/2011,LBB,TX,ASW,CE,Combined TRACON& Tower with Radar,28,65,33,8,134,0,14,46,1,61,28,79,79,9,195,38,0,38,233
09/10/2011,LBB,TX,ASW,CE,Combined TRACON& Tower with Radar,18,35,26,18,97,0,22,27,2,51,18,57,53,20,148,26,28,54,202
09/11/2011,LBB,TX,ASW,CE,Combined TRACON& Tower with Radar,21,46,21,18,106,0,17,43,5,65,21,63,64,23,171,10,0,10,181
09/12/2011,LBB,TX,ASW,CE,Combined TRACON& Tower with Radar,25,50,32,10,117,0,9,35,0,44,25,59,67,10,161,0,0,0,161
09/13/2011,LBB,TX,ASW,CE,Combined TRACON& Tower with Radar,29,59,33,10,131,0,16,30,1,47,29,75,63,11,178,6,0,6,184
09/14/2011,LBB,TX,ASW,CE,Combined TRACON& Tower with Radar,26,54,31,5,116,0,14,12,0,26,26,68,43,5,142,6,0,6,148
09/15/2011,LBB,TX,ASW,CE,Combined TRACON& Tower with Radar,28,56,18,2,104,0,0,0,0,0,28,56,18,2,104,0,0,0,104
09/16/2011,LBB,TX,ASW,CE,Combined TRACON& Tower with Radar,30,68,50,11,159,0,7,19,0,26,30,75,69,11,185,28,10,38,223
09/17/2011,LBB,TX,ASW,CE,Combined TRACON& Tower with Radar,22,50,18,7,97,0,12,62,0,74,22,62,80,7,171,38,4,42,213
09/18/2011,LBB,TX,ASW,CE,Combined TRACON& Tower with Radar,20,40,23,1,84,0,9,36,1,46,20,49,59,2,130,8,0,8,138
09/19/2011,LBB,TX,ASW,CE,Combined TRACON& Tower with Radar,26,54,14,6,100,0,18,35,1,54,26,72,49,7,154,20,0,20,174
09/20/2011,LBB,TX,ASW,CE,Combined TRACON& Tower with Radar,28,61,22,11,122,0,15,28,1,44,28,76,50,12,166,12,2,14,180
09/21/2011,LBB,TX,ASW,CE,Combined TRACON& Tower with Radar,28,60,26,8,122,0,28,42,0,70,28,88,68,8,192,44,0,44,236
09/22/2011,LBB,TX,ASW,CE,Combined TRACON& Tower with Radar,30,75,25,18,148,0,16,28,2,46,30,91,53,20,194,16,0,16,210
09/23/2011,LBB,TX,ASW,CE,Combined TRACON& Tower with Radar,29,68,38,13,148,0,18,52,2,72,29,86,90,15,220,4,18,22,242
09/24/2011,LBB,TX,ASW,CE,Combined TRACON& Tower with Radar,20,39,28,1,88,0,11,49,6,66,20,50,77,7,154,24,0,24,178
09/25/2011,LBB,TX,ASW,CE,Combined TRACON& Tower with Radar,25,47,31,14,117,0,8,51,2,61,25,55,82,16,178,30,2,32,210
09/26/2011,LBB,TX,ASW,CE,Combined TRACON& Tower with Radar,23,52,36,15,126,0,16,62,4,82,23,68,98,19,208,32,14,46,254
09/27/2011,LBB,TX,ASW,CE,Combined TRACON& Tower with Radar,35,60,33,29,157,0,18,52,5,75,35,78,85,34,232,64,22,86,318
09/28/2011,LBB,TX,ASW,CE,Combined TRACON& Tower with Radar,26,68,28,18,140,0,14,63,3,80,26,82,91,21,220,42,0,42,262
09/29/2011,LBB,TX,ASW,CE,Combined TRACON& Tower with Radar,26,61,28,15,130,0,12,46,1,59,26,73,74,16,189,0,8,8,197
09/30/2011,LBB,TX,ASW,CE,Combined TRACON& Tower with Radar,28,70,36,8,142,0,20,48,4,72,28,90,84,12,214,94,0,94,308
10/01/2011,LBB,TX,ASW,CE,Combined TRACON& Tower with Radar,20,34,21,0,75,0,9,64,0,73,20,43,85,0,148,48,0,48,196
10/02/2011,LBB,TX,ASW,CE,Combined TRACON& Tower with Radar,21,42,26,1,90,0,10,40,1,51,21,52,66,2,141,84,0,84,225
10/03/2011,LBB,TX,ASW,CE,Combined TRACON& Tower with Radar,21,53,22,2,98,0,15,34,0,49,21,68,56,2,147,0,0,0,147
10/04/2011,LBB,TX,ASW,CE,Combined TRACON& Tower with Radar,28,58,26,22,134,0,18,38,0,56,28,76,64,22,190,16,0,16,206
10/05/2011,LBB,TX,ASW,CE,Combined TRACON& Tower with Radar,28,59,26,10,123,0,9,23,1,33,28,68,49,11,156,0,8,8,164
10/06/2011,LBB,TX,ASW,CE,Combined TRACON& Tower with Radar,26,75,46,12,159,0,12,23,4,39,26,87,69,16,198,0,0,0,198
10/07/2011,LBB,TX,ASW,CE,Combined TRACON& Tower with Radar,32,74,52,20,178,0,7,24,1,32,32,81,76,21,210,0,0,0,210
10/08/2011,LBB,TX,ASW,CE,Combined TRACON& Tower with Radar,19,33,36,0,88,0,12,15,3,30,19,45,51,3,118,2,0,2,120
10/09/2011,LBB,TX,ASW,CE,Combined TRACON& Tower with Radar,22,53,55,1,131,0,3,11,0,14,22,56,66,1,145,0,0,0,145
10/10/2011,LBB,TX,ASW,CE,Combined TRACON& Tower with Radar,21,56,30,0,107,0,3,32,0,35,21,59,62,0,142,68,0,68,210
10/11/2011,LBB,TX,ASW,CE,Combined TRACON& Tower with Radar,26,59,57,4,146,0,13,35,0,48,26,72,92,4,194,32,0,32,226
10/12/2011,LBB,TX,ASW,CE,Combined TRACON& Tower with Radar,26,55,34,25,140,0,10,29,5,44,26,65,63,30,184,2,40,42,226
10/13/2011,LBB,TX,ASW,CE,Combined TRACON& Tower with Radar,28,62,47,8,145,0,13,54,1,68,28,75,101,9,213,48,0,48,261
10/14/2011,LBB,TX,ASW,CE,Combined TRACON& Tower with Radar,30,62,32,37,161,0,18,62,4,84,30,80,94,41,245,82,20,102,347
10/15/2011,LBB,TX,ASW,CE,Combined TRACON& Tower with Radar,20,37,41,0,98,0,15,77,2,94,20,52,118,2,192,29,4,33,225
10/16/2011,LBB,TX,ASW,CE,Combined TRACON& Tower with Radar,19,46,34,2,101,0,12,56,0,68,19,58,90,2,169,32,0,32,201
10/17/2011,LBB,TX,ASW,CE,Combined TRACON& Tower with Radar,21,37,25,19,102,0,6,26,1,33,21,43,51,20,135,20,4,24,159
10/18/2011,LBB,TX,ASW,CE,Combined TRACON& Tower with Radar,28,62,21,9,120,0,14,29,2,45,28,76,50,11,165,48,6,54,219
10/19/2011,LBB,TX,ASW,CE,Combined TRACON& Tower with Radar,28,60,20,10,118,0,17,40,1,58,28,77,60,11,176,18,0,18,194
10/20/2011,LBB,TX,ASW,CE,Combined TRACON& Tower with Radar,27,64,33,32,156,0,21,30,1,52,27,85,63,33,208,14,6,20,228
10/21/2011,LBB,TX,ASW,CE,Combined TRACON& Tower with Radar,30,68,31,18,147,0,16,49,5,70,30,84,80,23,217,22,0,22,239
10/22/2011,LBB,TX,ASW,CE,Combined TRACON& Tower with Radar,20,32,20,0,72,0,17,43,0,60,20,49,63,0,132,34,0,34,166
10/23/2011,LBB,TX,ASW,CE,Combined TRACON& Tower with Radar,21,47,30,2,100,0,13,60,1,74,21,60,90,3,174,28,0,28,202
10/24/2011,LBB,TX,ASW,CE,Combined TRACON& Tower with Radar,21,52,30,6,109,0,13,32,1,46,21,65,62,7,155,0,0,0,155
10/25/2011,LBB,TX,ASW,CE,Combined TRACON& Tower with Radar,28,64,19,7,118,0,14,37,0,51,28,78,56,7,169,26,0,26,195
10/26/2011,LBB,TX,ASW,CE,Combined TRACON& Tower with Radar,28,73,32,25,158,0,18,41,1,60,28,91,73,26,218,60,0,60,278
10/27/2011,LBB,TX,ASW,CE,Combined TRACON& Tower with Radar,28,71,31,1,131,0,4,0,0,4,28,75,31,1,135,40,0,40,175
10/28/2011,LBB,TX,ASW,CE,Combined TRACON& Tower with Radar,29,60,52,15,156,0,9,24,0,33,29,69,76,15,189,50,14,64,253
10/29/2011,LBB,TX,ASW,CE,Combined TRACON& Tower with Radar,20,49,24,1,94,0,11,36,0,47,20,60,60,1,141,0,0,0,141
10/30/2011,LBB,TX,ASW,CE,Combined TRACON& Tower with Radar,20,42,21,1,84,0,11,35,0,46,20,53,56,1,130,8,0,8,138
10/31/2011,LBB,TX,ASW,CE,Combined TRACON& Tower with Radar,23,48,15,8,94,0,11,38,3,52,23,59,53,11,146,12,0,12,158
11/01/2011,LBB,TX,ASW,CE,Combined TRACON& Tower with Radar,27,55,20,4,106,0,16,44,0,60,27,71,64,4,166,112,0,112,278
11/02/2011,LBB,TX,ASW,CE,Combined TRACON& Tower with Radar,28,71,23,2,124,0,18,16,0,34,28,89,39,2,158,8,0,8,166
11/03/2011,LBB,TX,ASW,CE,Combined TRACON& Tower with Radar,28,67,47,3,145,0,22,51,0,73,28,89,98,3,218,28,0,28,246
11/04/2011,LBB,TX,ASW,CE,Combined TRACON& Tower with Radar,30,64,43,19,156,0,15,52,3,70,30,79,95,22,226,26,0,26,252
11/05/2011,LBB,TX,ASW,CE,Combined TRACON& Tower with Radar,20,35,14,0,69,0,7,22,0,29,20,42,36,0,98,16,0,16,114
11/06/2011,LBB,TX,ASW,CE,Combined TRACON& Tower with Radar,19,43,38,2,102,0,11,30,0,41,19,54,68,2,143,40,2,42,185
11/07/2011,LBB,TX,ASW,CE,Combined TRACON& Tower with Radar,21,48,19,9,97,0,13,10,0,23,21,61,29,9,120,34,8,42,162
11/08/2011,LBB,TX,ASW,CE,Combined TRACON& Tower with Radar,26,67,32,16,141,0,12,15,0,27,26,79,47,16,168,0,70,70,238
11/09/2011,LBB,TX,ASW,CE,Combined TRACON& Tower with Radar,24,58,29,33,144,0,15,51,4,70,24,73,80,37,214,16,28,44,258
11/10/2011,LBB,TX,ASW,CE,Combined TRACON& Tower with Radar,26,63,37,6,132,0,18,40,2,60,26,81,77,8,192,50,0,50,242
11/11/2011,LBB,TX,ASW,CE,Combined TRACON& Tower with Radar,28,55,47,3,133,0,20,37,1,58,28,75,84,4,191,12,0,12,203
11/12/2011,LBB,TX,ASW,CE,Combined TRACON& Tower with Radar,21,52,38,0,111,0,10,38,1,49,21,62,76,1,160,2,2,4,164
11/13/2011,LBB,TX,ASW,CE,Combined TRACON& Tower with Radar,19,51,24,2,96,0,11,44,1,56,19,62,68,3,152,28,0,28,180
11/14/2011,LBB,TX,ASW,CE,Combined TRACON& Tower with Radar,22,49,32,0,103,0,11,31,0,42,22,60,63,0,145,10,0,10,155
11/15/2011,LBB,TX,ASW,CE,Combined TRACON& Tower with Radar,24,57,30,2,113,0,20,31,0,51,24,77,61,2,164,24,0,24,188
11/16/2011,LBB,TX,ASW,CE,Combined TRACON& Tower with Radar,26,57,30,4,117,0,14,43,0,57,26,71,73,4,174,0,0,0,174
11/17/2011,LBB,TX,ASW,CE,Combined TRACON& Tower with Radar,30,60,48,2,140,0,21,48,3,72,30,81,96,5,212,12,0,12,224
11/18/2011,LBB,TX,ASW,CE,Combined TRACON& Tower with Radar,30,54,36,7,127,0,14,55,4,73,30,68,91,11,200,0,0,0,200
11/19/2011,LBB,TX,ASW,CE,Combined TRACON& Tower with Radar,26,29,18,1,74,0,15,46,3,64,26,44,64,4,138,18,0,18,156
11/20/2011,LBB,TX,ASW,CE,Combined TRACON& Tower with Radar,27,38,35,3,103,0,16,34,4,54,27,54,69,7,157,32,8,40,197
11/21/2011,LBB,TX,ASW,CE,Combined TRACON& Tower with Radar,23,52,23,0,98,0,0,0,0,0,23,52,23,0,98,0,0,0,98
11/22/2011,LBB,TX,ASW,CE,Combined TRACON& Tower with Radar,35,71,46,2,154,0,9,19,0,28,35,80,65,2,182,52,0,52,234
11/23/2011,LBB,TX,ASW,CE,Combined TRACON& Tower with Radar,30,64,36,4,134,0,5,41,0,46,30,69,77,4,180,14,0,14,194
11/24/2011,LBB,TX,ASW,CE,Combined TRACON& Tower with Radar,12,28,5,0,45,0,20,23,0,43,12,48,28,0,88,8,0,8,96
11/25/2011,LBB,TX,ASW,CE,Combined TRACON& Tower with Radar,26,50,29,0,105,0,16,20,0,36,26,66,49,0,141,18,0,18,159
11/26/2011,LBB,TX,ASW,CE,Combined TRACON& Tower with Radar,20,46,15,5,86,0,8,8,0,16,20,54,23,5,102,0,0,0,102
11/27/2011,LBB,TX,ASW,CE,Combined TRACON& Tower with Radar,31,37,45,3,116,0,9,57,1,67,31,46,102,4,183,0,0,0,183
11/28/2011,LBB,TX,ASW,CE,Combined TRACON& Tower with Radar,25,43,23,4,95,0,20,39,2,61,25,63,62,6,156,0,0,0,156
11/29/2011,LBB,TX,ASW,CE,Combined TRACON& Tower with Radar,28,54,25,2,109,0,15,45,1,61,28,69,70,3,170,18,0,18,188
11/30/2011,LBB,TX,ASW,CE,Combined TRACON& Tower with Radar,28,58,46,8,140,0,11,35,1,47,28,69,81,9,187,14,0,14,201
12/01/2011,LBB,TX,ASW,CE,Combined TRACON& Tower with Radar,28,53,28,23,132,0,8,22,0,30,28,61,50,23,162,0,8,8,170
12/02/2011,LBB,TX,ASW,CE,Combined TRACON& Tower with Radar,26,50,19,2,97,0,0,0,0,0,26,50,19,2,97,0,0,0,97
12/03/2011,LBB,TX,ASW,CE,Combined TRACON& Tower with Radar,20,41,14,8,83,0,19,15,0,34,20,60,29,8,117,0,12,12,129
12/04/2011,LBB,TX,ASW,CE,Combined TRACON& Tower with Radar,27,34,19,0,80,0,12,9,0,21,27,46,28,0,101,0,0,0,101
12/05/2011,LBB,TX,ASW,CE,Combined TRACON& Tower with Radar,22,39,17,0,78,0,4,0,0,4,22,43,17,0,82,0,0,0,82
12/06/2011,LBB,TX,ASW,CE,Combined TRACON& Tower with Radar,31,60,27,28,146,0,24,21,3,48,31,84,48,31,194,0,60,60,254
12/07/2011,LBB,TX,ASW,CE,Combined TRACON& Tower with Radar,28,51,25,4,108,0,6,48,0,54,28,57,73,4,162,46,0,46,208
12/08/2011,LBB,TX,ASW,CE,Combined TRACON& Tower with Radar,28,57,28,2,115,0,6,28,0,34,28,63,56,2,149,20,0,20,169
12/09/2011,LBB,TX,ASW,CE,Combined TRACON& Tower with Radar,29,76,40,2,147,0,5,29,1,35,29,81,69,3,182,0,0,0,182
12/10/2011,LBB,TX,ASW,CE,Combined TRACON& Tower with Radar,20,32,23,6,81,0,0,1,1,2,20,32,24,7,83,10,0,10,93
12/11/2011,LBB,TX,ASW,CE,Combined TRACON& Tower with Radar,21,37,10,0,68,0,0,0,0,0,21,37,10,0,68,0,0,0,68
12/12/2011,LBB,TX,ASW,CE,Combined TRACON& Tower with Radar,27,52,28,11,118,0,0,0,0,0,27,52,28,11,118,0,0,0,118
12/13/2011,LBB,TX,ASW,CE,Combined TRACON& Tower with Radar,22,51,18,0,91,0,0,0,0,0,22,51,18,0,91,0,0,0,91
12/14/2011,LBB,TX,ASW,CE,Combined TRACON& Tower with Radar,30,71,38,15,154,0,15,24,1,40,30,86,62,16,194,0,16,16,210
12/15/2011,LBB,TX,ASW,CE,Combined TRACON& Tower with Radar,28,62,45,16,151,0,12,41,6,59,28,74,86,22,210,28,22,50,260
12/16/2011,LBB,TX,ASW,CE,Combined TRACON& Tower with Radar,28,59,34,10,131,0,14,53,0,67,28,73,87,10,198,28,0,28,226
12/17/2011,LBB,TX,ASW,CE,Combined TRACON& Tower with Radar,22,37,23,0,82,0,12,40,0,52,22,49,63,0,134,30,0,30,164
12/18/2011,LBB,TX,ASW,CE,Combined TRACON& Tower with Radar,21,39,32,5,97,0,3,18,0,21,21,42,50,5,118,8,0,8,126
12/19/2011,LBB,TX,ASW,CE,Combined TRACON& Tower with Radar,25,56,18,0,99,0,2,0,0,2,25,58,18,0,101,20,0,20,121
12/20/2011,LBB,TX,ASW,CE,Combined TRACON& Tower with Radar,28,69,33,11,141,0,17,19,1,37,28,86,52,12,178,10,28,38,216
12/21/2011,LBB,TX,ASW,CE,Combined TRACON& Tower with Radar,28,65,29,16,138,0,11,45,0,56,28,76,74,16,194,44,2,46,240
12/22/2011,LBB,TX,ASW,CE,Combined TRACON& Tower with Radar,29,83,37,8,157,0,7,7,0,14,29,90,44,8,171,0,0,0,171
12/23/2011,LBB,TX,ASW,CE,Combined TRACON& Tower with Radar,31,69,31,2,133,0,3,10,0,13,31,72,41,2,146,0,0,0,146
12/24/2011,LBB,TX,ASW,CE,Combined TRACON& Tower with Radar,21,41,5,0,67,0,0,0,0,0,21,41,5,0,67,0,0,0,67
12/25/2011,LBB,TX,ASW,CE,Combined TRACON& Tower with Radar,18,33,6,2,59,0,4,0,0,4,18,37,6,2,63,0,0,0,63
12/26/2011,LBB,TX,ASW,CE,Combined TRACON& Tower with Radar,22,43,45,0,110,0,7,17,0,24,22,50,62,0,134,28,0,28,162
12/27/2011,LBB,TX,ASW,CE,Combined TRACON& Tower with Radar,26,49,31,9,115,0,10,42,1,53,26,59,73,10,168,0,0,0,168
12/28/2011,LBB,TX,ASW,CE,Combined TRACON& Tower with Radar,31,57,20,1,109,0,30,33,0,63,31,87,53,1,172,0,0,0,172
12/29/2011,LBB,TX,ASW,CE,Combined TRACON& Tower with Radar,28,48,24,0,100,0,33,60,0,93,28,81,84,0,193,16,0,16,209
12/30/2011,LBB,TX,ASW,CE,Combined TRACON& Tower with Radar,27,56,23,0,106,0,21,50,1,72,27,77,73,1,178,22,0,22,200
12/31/2011,LBB,TX,ASW,CE,Combined TRACON& Tower with Radar,21,28,7,0,56,0,16,28,1,45,21,44,35,1,101,16,0,16,117
01/01/2012,LBB,TX,ASW,CE,Combined TRACON& Tower with Radar,14,22,23,0,59,0,15,28,2,45,14,37,51,2,104,0,0,0,104
01/02/2012,LBB,TX,ASW,CE,Combined TRACON& Tower with Radar,24,33,24,0,81,0,4,32,2,38,24,37,56,2,119,0,0,0,119
01/03/2012,LBB,TX,ASW,CE,Combined TRACON& Tower with Radar,26,52,24,0,102,0,23,30,0,53,26,75,54,0,155,10,0,10,165
01/04/2012,LBB,TX,ASW,CE,Combined TRACON& Tower with Radar,30,54,14,35,133,0,9,46,1,56,30,63,60,36,189,0,30,30,219
01/05/2012,LBB,TX,ASW,CE,Combined TRACON& Tower with Radar,27,60,34,5,126,0,12,66,0,78,27,72,100,5,204,0,0,0,204
01/06/2012,LBB,TX,ASW,CE,Combined TRACON& Tower with Radar,32,46,27,0,105,0,10,42,1,53,32,56,69,1,158,22,0,22,180
01/07/2012,LBB,TX,ASW,CE,Combined TRACON& Tower with Radar,21,27,15,7,70,0,6,49,5,60,21,33,64,12,130,2,24,26,156
01/08/2012,LBB,TX,ASW,CE,Combined TRACON& Tower with Radar,21,27,29,0,77,0,7,20,0,27,21,34,49,0,104,2,0,2,106
01/09/2012,LBB,TX,ASW,CE,Combined TRACON& Tower with Radar,23,43,5,28,99,0,2,4,2,8,23,45,9,30,107,4,98,102,209
01/10/2012,LBB,TX,ASW,CE,Combined TRACON& Tower with Radar,31,54,34,28,147,0,11,32,2,45,31,65,66,30,192,44,10,54,246
01/11/2012,LBB,TX,ASW,CE,Combined TRACON& Tower with Radar,29,50,24,4,107,0,10,17,4,31,29,60,41,8,138,0,0,0,138
01/12/2012,LBB,TX,ASW,CE,Combined TRACON& Tower with Radar,28,64,39,9,140,0,10,34,4,48,28,74,73,13,188,0,0,0,188
01/13/2012,LBB,TX,ASW,CE,Combined TRACON& Tower with Radar,30,55,42,0,127,0,15,39,2,56,30,70,81,2,183,0,0,0,183
01/14/2012,LBB,TX,ASW,CE,Combined TRACON& Tower with Radar,18,34,18,0,70,0,9,53,0,62,18,43,71,0,132,30,0,30,162
01/15/2012,LBB,TX,ASW,CE,Combined TRACON& Tower with Radar,21,30,21,1,73,0,14,17,2,33,21,44,38,3,106,0,0,0,106
01/16/2012,LBB,TX,ASW,CE,Combined TRACON& Tower with Radar,19,39,33,3,94,0,18,9,4,31,19,57,42,7,125,0,0,0,125
01/17/2012,LBB,TX,ASW,CE,Combined TRACON& Tower with Radar,28,60,33,5,126,0,11,19,1,31,28,71,52,6,157,12,0,12,169
01/18/2012,LBB,TX,ASW,CE,Combined TRACON& Tower with Radar,28,56,39,3,126,0,10,41,0,51,28,66,80,3,177,2,0,2,179
01/19/2012,LBB,TX,ASW,CE,Combined TRACON& Tower with Radar,30,56,29,2,117,0,10,45,0,55,30,66,74,2,172,0,0,0,172
01/20/2012,LBB,TX,ASW,CE,Combined TRACON& Tower with Radar,30,51,31,8,120,0,27,21,0,48,30,78,52,8,168,0,0,0,168
01/21/2012,LBB,TX,ASW,CE,Combined TRACON& Tower with Radar,18,34,26,7,85,0,13,36,5,54,18,47,62,12,139,20,26,46,185
01/22/2012,LBB,TX,ASW,CE,Combined TRACON& Tower with Radar,14,17,6,0,37,0,2,7,0,9,14,19,13,0,46,0,0,0,46
01/23/2012,LBB,TX,ASW,CE,Combined TRACON& Tower with Radar,24,45,35,6,110,0,12,34,0,46,24,57,69,6,156,0,0,0,156
01/24/2012,LBB,TX,ASW,CE,Combined TRACON& Tower with Radar,30,65,37,1,133,0,9,5,0,14,30,74,42,1,147,6,0,6,153
01/25/2012,LBB,TX,ASW,CE,Combined TRACON& Tower with Radar,30,60,24,32,146,0,7,9,0,16,30,67,33,32,162,4,32,36,198
01/26/2012,LBB,TX,ASW,CE,Combined TRACON& Tower with Radar,30,64,36,1,131,0,17,34,10,61,30,81,70,11,192,0,0,0,192
01/27/2012,LBB,TX,ASW,CE,Combined TRACON& Tower with Radar,29,52,38,16,135,0,18,40,3,61,29,70,78,19,196,0,0,0,196
01/28/2012,LBB,TX,ASW,CE,Combined TRACON& Tower with Radar,19,32,24,4,79,0,11,33,1,45,19,43,57,5,124,0,0,0,124
01/29/2012,LBB,TX,ASW,CE,Combined TRACON& Tower with Radar,21,27,11,0,59,0,14,33,1,48,21,41,44,1,107,12,2,14,121
01/30/2012,LBB,TX,ASW,CE,Combined TRACON& Tower with Radar,23,44,27,0,94,0,19,29,0,48,23,63,56,0,142,0,0,0,142
01/31/2012,LBB,TX,ASW,CE,Combined TRACON& Tower with Radar,27,74,27,6,134,0,20,51,1,72,27,94,78,7,206,38,20,58,264
02/01/2012,LBB,TX,ASW,CE,Combined TRACON& Tower with Radar,30,60,33,1,124,0,12,50,1,63,30,72,83,2,187,0,0,0,187
02/02/2012,LBB,TX,ASW,CE,Combined TRACON& Tower with Radar,25,66,52,19,162,0,20,20,1,41,25,86,72,20,203,4,0,4,207
02/03/2012,LBB,TX,ASW,CE,Combined TRACON& Tower with Radar,26,74,37,53,190,0,16,25,2,43,26,90,62,55,233,0,38,38,271
02/04/2012,LBB,TX,ASW,CE,Combined TRACON& Tower with Radar,16,39,11,55,121,0,12,19,5,36,16,51,30,60,157,38,6,44,201
02/05/2012,LBB,TX,ASW,CE,Combined TRACON& Tower with Radar,19,27,18,1,65,0,6,37,0,43,19,33,55,1,108,24,0,24,132
02/06/2012,LBB,TX,ASW,CE,Combined TRACON& Tower with Radar,21,62,25,8,116,0,14,37,0,51,21,76,62,8,167,0,0,0,167
02/07/2012,LBB,TX,ASW,CE,Combined TRACON& Tower with Radar,26,59,36,30,151,0,16,16,1,33,26,75,52,31,184,0,34,34,218
02/08/2012,LBB,TX,ASW,CE,Combined TRACON& Tower with Radar,26,62,32,13,133,0,14,22,1,37,26,76,54,14,170,24,14,38,208
02/09/2012,LBB,TX,ASW,CE,Combined TRACON& Tower with Radar,28,64,43,0,135,0,6,22,0,28,28,70,65,0,163,0,0,0,163
02/10/2012,LBB,TX,ASW,CE,Combined TRACON& Tower with Radar,26,56,38,10,130,0,13,58,2,73,26,69,96,12,203,0,2,2,205
02/11/2012,LBB,TX,ASW,CE,Combined TRACON& Tower with Radar,16,54,22,34,126,0,10,17,5,32,16,64,39,39,158,0,10,10,168
02/12/2012,LBB,TX,ASW,CE,Combined TRACON& Tower with Radar,25,20,7,1,53,0,1,0,0,1,25,21,7,1,54,0,0,0,54
02/13/2012,LBB,TX,ASW,CE,Combined TRACON& Tower with Radar,23,51,19,11,104,0,11,14,3,28,23,62,33,14,132,0,0,0,132
02/14/2012,LBB,TX,ASW,CE,Combined TRACON& Tower with Radar,28,56,19,21,124,0,18,41,2,61,28,74,60,23,185,8,4,12,197
02/15/2012,LBB,TX,ASW,CE,Combined TRACON& Tower with Radar,28,51,32,4,115,0,9,8,0,17,28,60,40,4,132,0,4,4,136
02/16/2012,LBB,TX,ASW,CE,Combined TRACON& Tower with Radar,28,62,44,7,141,0,13,26,1,40,28,75,70,8,181,0,12,12,193
02/17/2012,LBB,TX,ASW,CE,Combined TRACON& Tower with Radar,30,68,34,3,135,0,0,1,0,1,30,68,35,3,136,0,0,0,136
02/18/2012,LBB,TX,ASW,CE,Combined TRACON& Tower with Radar,16,35,32,1,84,0,4,3,0,7,16,39,35,1,91,0,0,0,91
02/19/2012,LBB,TX,ASW,CE,Combined TRACON& Tower with Radar,23,33,43,8,107,0,0,10,0,10,23,33,53,8,117,0,0,0,117
02/20/2012,LBB,TX,ASW,CE,Combined TRACON& Tower with Radar,26,37,13,0,76,0,4,3,0,7,26,41,16,0,83,0,0,0,83
02/21/2012,LBB,TX,ASW,CE,Combined TRACON& Tower with Radar,32,51,20,23,126,0,12,29,0,41,32,63,49,23,167,20,0,20,187
02/22/2012,LBB,TX,ASW,CE,Combined TRACON& Tower with Radar,27,50,31,7,115,0,4,26,1,31,27,54,57,8,146,2,0,2,148
02/23/2012,LBB,TX,ASW,CE,Combined TRACON& Tower with Radar,30,43,31,5,109,0,17,11,0,28,30,60,42,5,137,1,0,1,138
02/24/2012,LBB,TX,ASW,CE,Combined TRACON& Tower with Radar,31,57,42,6,136,0,15,63,0,78,31,72,105,6,214,2,0,2,216
02/25/2012,LBB,TX,ASW,CE,Combined TRACON& Tower with Radar,19,33,33,26,111,0,11,34,0,45,19,44,67,26,156,0,0,0,156
02/26/2012,LBB,TX,ASW,CE,Combined TRACON& Tower with Radar,23,32,34,10,99,0,12,59,0,71,23,44,93,10,170,24,0,24,194
02/27/2012,LBB,TX,ASW,CE,Combined TRACON& Tower with Radar,25,54,27,1,107,0,3,2,0,5,25,57,29,1,112,0,0,0,112
02/28/2012,LBB,TX,ASW,CE,Combined TRACON& Tower with Radar,30,48,16,4,98,0,1,4,0,5,30,49,20,4,103,0,0,0,103
02/29/2012,LBB,TX,ASW,CE,Combined TRACON& Tower with Radar,28,52,35,2,117,0,23,54,2,79,28,75,89,4,196,10,0,10,206
03/01/2012,LBB,TX,ASW,CE,Combined TRACON& Tower with Radar,28,62,39,0,129,0,15,13,1,29,28,77,52,1,158,0,0,0,158
03/02/2012,LBB,TX,ASW,CE,Combined TRACON& Tower with Radar,28,66,22,3,119,0,13,33,3,49,28,79,55,6,168,22,28,50,218
03/03/2012,LBB,TX,ASW,CE,Combined TRACON& Tower with Radar,17,38,18,0,73,0,19,38,1,58,17,57,56,1,131,52,0,52,183
03/04/2012,LBB,TX,ASW,CE,Combined TRACON& Tower with Radar,25,34,24,5,88,0,20,39,1,60,25,54,63,6,148,0,0,0,148
03/05/2012,LBB,TX,ASW,CE,Combined TRACON& Tower with Radar,24,47,20,18,109,0,14,35,0,49,24,61,55,18,158,20,8,28,186
03/06/2012,LBB,TX,ASW,CE,Combined TRACON& Tower with Radar,28,57,23,3,111,0,13,29,1,43,28,70,52,4,154,0,8,8,162
03/07/2012,LBB,TX,ASW,CE,Combined TRACON& Tower with Radar,30,72,26,27,155,0,9,26,3,38,30,81,52,30,193,20,26,46,239
03/08/2012,LBB,TX,ASW,CE,Combined TRACON& Tower with Radar,29,54,18,3,104,0,0,2,0,2,29,54,20,3,106,0,42,42,148
03/09/2012,LBB,TX,ASW,CE,Combined TRACON& Tower with Radar,29,72,35,19,155,0,11,6,2,19,29,83,41,21,174,0,10,10,184
03/10/2012,LBB,TX,ASW,CE,Combined TRACON& Tower with Radar,20,46,13,1,80,0,0,0,0,0,20,46,13,1,80,0,0,0,80
03/11/2012,LBB,TX,ASW,CE,Combined TRACON& Tower with Radar,22,36,17,0,75,0,14,15,1,30,22,50,32,1,105,2,0,2,107
03/12/2012,LBB,TX,ASW,CE,Combined TRACON& Tower with Radar,23,50,29,7,109,0,23,30,3,56,23,73,59,10,165,12,0,12,177
03/13/2012,LBB,TX,ASW,CE,Combined TRACON& Tower with Radar,28,75,22,14,139,0,20,51,2,73,28,95,73,16,212,20,0,20,232
03/14/2012,LBB,TX,ASW,CE,Combined TRACON& Tower with Radar,30,68,38,11,147,0,9,30,0,39,30,77,68,11,186,26,16,42,228
03/15/2012,LBB,TX,ASW,CE,Combined TRACON& Tower with Radar,32,65,25,8,130,0,14,39,0,53,32,79,64,8,183,14,2,16,199
03/16/2012,LBB,TX,ASW,CE,Combined TRACON& Tower with Radar,24,57,40,28,149,0,10,25,2,37,24,67,65,30,186,10,40,50,236
03/17/2012,LBB,TX,ASW,CE,Combined TRACON& Tower with Radar,27,37,20,0,84,0,16,15,0,31,27,53,35,0,115,12,0,12,127
03/18/2012,LBB,TX,ASW,CE,Combined TRACON& Tower with Radar,32,44,25,1,102,0,10,10,0,20,32,54,35,1,122,10,0,10,132
03/19/2012,LBB,TX,ASW,CE,Combined TRACON& Tower with Radar,25,39,23,5,92,0,3,6,0,9,25,42,29,5,101,0,0,0,101
03/20/2012,LBB,TX,ASW,CE,Combined TRACON& Tower with Radar,28,59,32,56,175,0,5,16,0,21,28,64,48,56,196,26,30,56,252
03/21/2012,LBB,TX,ASW,CE,Combined TRACON& Tower with Radar,27,62,36,9,134,0,8,8,2,18,27,70,44,11,152,0,4,4,156
03/22/2012,LBB,TX,ASW,CE,Combined TRACON& Tower with Radar,28,64,26,41,159,0,15,19,0,34,28,79,45,41,193,18,28,46,239
03/23/2012,LBB,TX,ASW,CE,Combined TRACON& Tower with Radar,28,61,37,33,159,0,17,73,2,92,28,78,110,35,251,12,44,56,307
03/24/2012,LBB,TX,ASW,CE,Combined TRACON& Tower with Radar,21,42,21,6,90,0,12,40,1,53,21,54,61,7,143,48,0,48,191
03/25/2012,LBB,TX,ASW,CE,Combined TRACON& Tower with Radar,22,35,25,13,95,0,15,45,0,60,22,50,70,13,155,36,0,36,191
03/26/2012,LBB,TX,ASW,CE,Combined TRACON& Tower with Radar,23,46,27,4,100,0,13,25,1,39,23,59,52,5,139,10,0,10,149
03/27/2012,LBB,TX,ASW,CE,Combined TRACON& Tower with Radar,28,54,33,14,129,0,16,35,2,53,28,70,68,16,182,24,18,42,224
03/28/2012,LBB,TX,ASW,CE,Combined TRACON& Tower with Radar,29,59,39,22,149,0,21,44,4,69,29,80,83,26,218,8,14,22,240
03/29/2012,LBB,TX,ASW,CE,Combined TRACON& Tower with Radar,32,56,31,8,127,0,18,31,1,50,32,74,62,9,177,8,0,8,185
03/30/2012,LBB,TX,ASW,CE,Combined TRACON& Tower with Radar,29,59,28,55,171,0,21,60,3,84,29,80,88,58,255,52,82,134,389
03/31/2012,LBB,TX,ASW,CE,Combined TRACON& Tower with Radar,20,37,14,6,77,0,13,56,3,72,20,50,70,9,149,26,0,26,175
04/01/2012,LBB,TX,ASW,CE,Combined TRACON& Tower with Radar,23,38,28,10,99,0,6,18,2,26,23,44,46,12,125,28,12,40,165
04/02/2012,LBB,TX,ASW,CE,Combined TRACON& Tower with Radar,23,34,32,0,89,0,7,18,0,25,23,41,50,0,114,0,0,0,114
04/03/2012,LBB,TX,ASW,CE,Combined TRACON& Tower with Radar,28,53,40,42,163,0,5,27,2,34,28,58,67,44,197,28,40,68,265
04/04/2012,LBB,TX,ASW,CE,Combined TRACON& Tower with Radar,28,54,26,13,121,0,11,20,2,33,28,65,46,15,154,0,12,12,166
04/05/2012,LBB,TX,ASW,CE,Combined TRACON& Tower with Radar,28,61,37,11,137,0,16,55,2,73,28,77,92,13,210,32,0,32,242
04/06/2012,LBB,TX,ASW,CE,Combined TRACON& Tower with Radar,28,72,38,2,140,0,11,28,2,41,28,83,66,4,181,56,18,74,255
04/07/2012,LBB,TX,ASW,CE,Combined TRACON& Tower with Radar,21,35,27,2,85,0,1,11,0,12,21,36,38,2,97,10,0,10,107
04/08/2012,LBB,TX,ASW,CE,Combined TRACON& Tower with Radar,24,35,20,0,79,0,7,32,1,40,24,42,52,1,119,18,0,18,137
04/09/2012,LBB,TX,ASW,CE,Combined TRACON& Tower with Radar,22,51,38,19,130,0,9,37,3,49,22,60,75,22,179,0,12,12,191
04/10/2012,LBB,TX,ASW,CE,Combined TRACON& Tower with Radar,29,50,51,1,131,0,14,24,1,39,29,64,75,2,170,0,0,0,170
04/11/2012,LBB,TX,ASW,CE,Combined TRACON& Tower with Radar,28,49,36,2,115,0,10,31,2,43,28,59,67,4,158,20,34,54,212
04/12/2012,LBB,TX,ASW,CE,Combined TRACON& Tower with Radar,28,68,49,11,156,0,9,25,3,37,28,77,74,14,193,18,6,24,217
04/13/2012,LBB,TX,ASW,CE,Combined TRACON& Tower with Radar,28,56,44,34,162,0,15,48,0,63,28,71,92,34,225,62,36,98,323
04/14/2012,LBB,TX,ASW,CE,Combined TRACON& Tower with Radar,19,36,9,5,69,0,7,9,1,17,19,43,18,6,86,0,0,0,86
04/15/2012,LBB,TX,ASW,CE,Combined TRACON& Tower with Radar,25,29,30,2,86,0,9,14,0,23,25,38,44,2,109,0,0,0,109
04/16/2012,LBB,TX,ASW,CE,Combined TRACON& Tower with Radar,23,52,23,17,115,0,9,37,2,48,23,61,60,19,163,0,38,38,201
04/17/2012,LBB,TX,ASW,CE,Combined TRACON& Tower with Radar,28,51,34,11,124,0,5,33,0,38,28,56,67,11,162,8,0,8,170
04/18/2012,LBB,TX,ASW,CE,Combined TRACON& Tower with Radar,30,54,39,45,168,0,25,37,4,66,30,79,76,49,234,0,0,0,234
04/19/2012,LBB,TX,ASW,CE,Combined TRACON& Tower with Radar,31,78,51,17,177,0,22,24,3,49,31,100,75,20,226,20,24,44,270
04/20/2012,LBB,TX,ASW,CE,Combined TRACON& Tower with Radar,28,58,32,11,129,0,11,41,2,54,28,69,73,13,183,26,18,44,227
04/21/2012,LBB,TX,ASW,CE,Combined TRACON& Tower with Radar,23,35,22,3,83,0,10,60,0,70,23,45,82,3,153,6,0,6,159
04/22/2012,LBB,TX,ASW,CE,Combined TRACON& Tower with Radar,27,37,32,2,98,0,16,52,0,68,27,53,84,2,166,14,2,16,182
04/23/2012,LBB,TX,ASW,CE,Combined TRACON& Tower with Radar,23,42,22,6,93,0,11,49,0,60,23,53,71,6,153,4,0,4,157
04/24/2012,LBB,TX,ASW,CE,Combined TRACON& Tower with Radar,28,56,36,7,127,0,21,54,0,75,28,77,90,7,202,34,0,34,236
04/25/2012,LBB,TX,ASW,CE,Combined TRACON& Tower with Radar,28,56,25,13,122,0,20,49,0,69,28,76,74,13,191,0,8,8,199
04/26/2012,LBB,TX,ASW,CE,Combined TRACON& Tower with Radar,34,49,29,16,128,0,15,32,0,47,34,64,61,16,175,18,30,48,223
04/27/2012,LBB,TX,ASW,CE,Combined TRACON& Tower with Radar,28,43,29,2,102,0,12,34,0,46,28,55,63,2,148,3,0,3,151
04/28/2012,LBB,TX,ASW,CE,Combined TRACON& Tower with Radar,19,40,19,11,89,0,19,53,4,76,19,59,72,15,165,20,12,32,197
04/29/2012,LBB,TX,ASW,CE,Combined TRACON& Tower with Radar,21,32,30,0,83,0,9,12,0,21,21,41,42,0,104,2,0,2,106
04/30/2012,LBB,TX,ASW,CE,Combined TRACON& Tower with Radar,23,50,35,8,116,0,11,24,1,36,23,61,59,9,152,24,0,24,176
05/01/2012,LBB,TX,ASW,CE,Combined TRACON& Tower with Radar,26,69,30,28,153,0,23,59,3,85,26,92,89,31,238,8,20,28,266
05/02/2012,LBB,TX,ASW,CE,Combined TRACON& Tower with Radar,28,53,37,19,137,0,9,35,0,44,28,62,72,19,181,6,22,28,209
05/03/2012,LBB,TX,ASW,CE,Combined TRACON& Tower with Radar,28,53,33,9,123,0,15,44,0,59,28,68,77,9,182,11,0,11,193
05/04/2012,LBB,TX,ASW,CE,Combined TRACON& Tower with Radar,30,62,34,8,134,0,14,41,0,55,30,76,75,8,189,0,0,0,189
05/05/2012,LBB,TX,ASW,CE,Combined TRACON& Tower with Radar,19,30,25,5,79,0,12,32,0,44,19,42,57,5,123,6,0,6,129
05/06/2012,LBB,TX,ASW,CE,Combined TRACON& Tower with Radar,22,33,18,24,97,0,9,39,1,49,22,42,57,25,146,8,22,30,176
05/07/2012,LBB,TX,ASW,CE,Combined TRACON& Tower with Radar,24,43,33,5,105,0,10,23,9,42,24,53,56,14,147,0,0,0,147
05/08/2012,LBB,TX,ASW,CE,Combined TRACON& Tower with Radar,29,56,31,15,131,0,16,9,0,25,29,72,40,15,156,0,0,0,156
05/09/2012,LBB,TX,ASW,CE,Combined TRACON& Tower with Radar,28,49,37,2,116,0,17,59,0,76,28,66,96,2,192,14,12,26,218
05/10/2012,LBB,TX,ASW,CE,Combined TRACON& Tower with Radar,28,54,24,10,116,0,9,9,0,18,28,63,33,10,134,18,0,18,152
05/11/2012,LBB,TX,ASW,CE,Combined TRACON& Tower with Radar,28,65,45,6,144,0,4,8,1,13,28,69,53,7,157,0,0,0,157
05/12/2012,LBB,TX,ASW,CE,Combined TRACON& Tower with Radar,19,31,37,0,87,0,8,44,0,52,19,39,81,0,139,11,0,11,150
05/13/2012,LBB,TX,ASW,CE,Combined TRACON& Tower with Radar,22,26,29,0,77,0,11,38,0,49,22,37,67,0,126,28,0,28,154
05/14/2012,LBB,TX,ASW,CE,Combined TRACON& Tower with Radar,23,43,22,0,88,0,6,13,0,19,23,49,35,0,107,0,0,0,107
05/15/2012,LBB,TX,ASW,CE,Combined TRACON& Tower with Radar,28,48,40,21,137,0,12,46,1,59,28,60,86,22,196,12,0,12,208
05/16/2012,LBB,TX,ASW,CE,Combined TRACON& Tower with Radar,28,45,34,60,167,0,20,59,2,81,28,65,93,62,248,0,0,0,248
05/17/2012,LBB,TX,ASW,CE,Combined TRACON& Tower with Radar,28,52,50,10,140,0,16,49,0,65,28,68,99,10,205,0,0,0,205
05/18/2012,LBB,TX,ASW,CE,Combined TRACON& Tower with Radar,28,55,45,1,129,0,15,46,0,61,28,70,91,1,190,14,0,14,204
05/19/2012,LBB,TX,ASW,CE,Combined TRACON& Tower with Radar,19,32,31,7,89,0,12,62,3,77,19,44,93,10,166,33,8,41,207
05/20/2012,LBB,TX,ASW,CE,Combined TRACON& Tower with Radar,24,30,26,10,90,0,16,19,0,35,24,46,45,10,125,20,0,20,145
05/21/2012,LBB,TX,ASW,CE,Combined TRACON& Tower with Radar,27,39,20,6,92,0,9,14,0,23,27,48,34,6,115,31,0,31,146
05/22/2012,LBB,TX,ASW,CE,Combined TRACON& Tower with Radar,28,46,14,52,140,0,33,33,1,67,28,79,47,53,207,48,28,76,283
05/23/2012,LBB,TX,ASW,CE,Combined TRACON& Tower with Radar,26,46,27,17,116,0,12,22,1,35,26,58,49,18,151,70,14,84,235
05/24/2012,LBB,TX,ASW,CE,Combined TRACON& Tower with Radar,28,59,34,4,125,0,33,55,3,91,28,92,89,7,216,0,0,0,216
05/25/2012,LBB,TX,ASW,CE,Combined TRACON& Tower with Radar,30,49,43,1,123,0,13,64,0,77,30,62,107,1,200,36,0,36,236
05/26/2012,LBB,TX,ASW,CE,Combined TRACON& Tower with Radar,19,38,16,0,73,0,10,17,0,27,19,48,33,0,100,0,0,0,100
05/27/2012,LBB,TX,ASW,CE,Combined TRACON& Tower with Radar,18,32,15,1,66,0,17,16,0,33,18,49,31,1,99,20,0,20,119
05/28/2012,LBB,TX,ASW,CE,Combined TRACON& Tower with Radar,16,34,23,1,74,0,17,49,0,66,16,51,72,1,140,10,0,10,150
05/29/2012,LBB,TX,ASW,CE,Combined TRACON& Tower with Radar,25,39,41,10,115,0,19,29,1,49,25,58,70,11,164,32,10,42,206
05/30/2012,LBB,TX,ASW,CE,Combined TRACON& Tower with Radar,30,58,32,4,124,0,26,19,0,45,30,84,51,4,169,6,0,6,175
05/31/2012,LBB,TX,ASW,CE,Combined TRACON& Tower with Radar,28,59,20,10,117,0,14,32,0,46,28,73,52,10,163,26,0,26,189
06/01/2012,LBB,TX,ASW,CE,Combined TRACON& Tower with Radar,28,55,38,16,137,0,14,34,1,49,28,69,72,17,186,10,40,50,236
06/02/2012,LBB,TX,ASW,CE,Combined TRACON& Tower with Radar,18,31,17,4,70,0,7,31,4,42,18,38,48,8,112,40,0,40,152
06/03/2012,LBB,TX,ASW,CE,Combined TRACON& Tower with Radar,20,38,23,2,83,0,9,20,0,29,20,47,43,2,112,0,0,0,112
06/04/2012,LBB,TX,ASW,CE,Combined TRACON& Tower with Radar,21,46,30,1,98,0,9,25,1,35,21,55,55,2,133,26,0,26,159
06/05/2012,LBB,TX,ASW,CE,Combined TRACON& Tower with Radar,28,52,31,43,154,0,9,29,2,40,28,61,60,45,194,0,8,8,202
06/06/2012,LBB,TX,ASW,CE,Combined TRACON& Tower with Radar,33,38,31,13,115,0,13,21,0,34,33,51,52,13,149,11,0,11,160
06/07/2012,LBB,TX,ASW,CE,Combined TRACON& Tower with Radar,31,63,48,21,163,0,4,11,0,15,31,67,59,21,178,0,0,0,178
06/08/2012,LBB,TX,ASW,CE,Combined TRACON& Tower with Radar,30,66,20,22,138,0,5,13,1,19,30,71,33,23,157,0,0,0,157
06/09/2012,LBB,TX,ASW,CE,Combined TRACON& Tower with Radar,19,37,15,0,71,0,10,52,0,62,19,47,67,0,133,22,0,22,155
06/10/2012,LBB,TX,ASW,CE,Combined TRACON& Tower with Radar,22,34,13,3,72,0,23,29,2,54,22,57,42,5,126,16,0,16,142
06/11/2012,LBB,TX,ASW,CE,Combined TRACON& Tower with Radar,26,48,21,28,123,0,15,36,1,52,26,63,57,29,175,0,0,0,175
06/12/2012,LBB,TX,ASW,CE,Combined TRACON& Tower with Radar,29,57,28,2,116,0,13,19,0,32,29,70,47,2,148,0,0,0,148
06/13/2012,LBB,TX,ASW,CE,Combined TRACON& Tower with Radar,28,57,38,12,135,0,9,42,1,52,28,66,80,13,187,6,54,60,247
06/14/2012,LBB,TX,ASW,CE,Combined TRACON& Tower with Radar,29,53,25,15,122,0,18,28,1,47,29,71,53,16,169,0,24,24,193
06/15/2012,LBB,TX,ASW,CE,Combined TRACON& Tower with Radar,29,55,31,14,129,0,18,42,1,61,29,73,73,15,190,58,0,58,248
06/16/2012,LBB,TX,ASW,CE,Combined TRACON& Tower with Radar,19,40,19,1,79,0,11,42,0,53,19,51,61,1,132,48,0,48,180
06/17/2012,LBB,TX,ASW,CE,Combined TRACON& Tower with Radar,20,33,22,3,78,0,9,30,1,40,20,42,52,4,118,32,0,32,150
06/18/2012,LBB,TX,ASW,CE,Combined TRACON& Tower with Radar,23,58,15,15,111,0,14,34,4,52,23,72,49,19,163,8,6,14,177
06/19/2012,LBB,TX,ASW,CE,Combined TRACON& Tower with Radar,28,52,31,23,134,0,24,36,0,60,28,76,67,23,194,4,0,4,198
06/20/2012,LBB,TX,ASW,CE,Combined TRACON& Tower with Radar,28,51,34,18,131,0,16,23,0,39,28,67,57,18,170,6,34,40,210
06/21/2012,LBB,TX,ASW,CE,Combined TRACON& Tower with Radar,28,53,29,41,151,0,15,44,1,60,28,68,73,42,211,22,52,74,285
06/22/2012,LBB,TX,ASW,CE,Combined TRACON& Tower with Radar,32,54,42,30,158,0,15,49,3,67,32,69,91,33,225,33,76,109,334
06/23/2012,LBB,TX,ASW,CE,Combined TRACON& Tower with Radar,21,41,11,0,73,0,26,42,1,69,21,67,53,1,142,36,0,36,178
06/24/2012,LBB,TX,ASW,CE,Combined TRACON& Tower with Radar,20,35,25,10,90,0,9,41,0,50,20,44,66,10,140,14,0,14,154
06/25/2012,LBB,TX,ASW,CE,Combined TRACON& Tower with Radar,23,43,22,9,97,0,18,31,1,50,23,61,53,10,147,32,0,32,179
06/26/2012,LBB,TX,ASW,CE,Combined TRACON& Tower with Radar,29,51,28,10,118,0,23,47,0,70,29,74,75,10,188,42,0,42,230
06/27/2012,LBB,TX,ASW,CE,Combined TRACON& Tower with Radar,29,56,23,6,114,0,26,31,4,61,29,82,54,10,175,38,1,39,214
06/28/2012,LBB,TX,ASW,CE,Combined TRACON& Tower with Radar,28,53,25,14,120,0,29,49,1,79,28,82,74,15,199,50,0,50,249
06/29/2012,LBB,TX,ASW,CE,Combined TRACON& Tower with Radar,30,60,34,8,132,0,17,50,0,67,30,77,84,8,199,49,0,49,248
06/30/2012,LBB,TX,ASW,CE,Combined TRACON& Tower with Radar,19,49,34,0,102,0,14,37,1,52,19,63,71,1,154,0,0,0,154
07/01/2012,LBB,TX,ASW,CE,Combined TRACON& Tower with Radar,19,37,27,10,93,0,23,32,1,56,19,60,59,11,149,20,0,20,169
07/02/2012,LBB,TX,ASW,CE,Combined TRACON& Tower with Radar,28,43,24,1,96,0,10,29,0,39,28,53,53,1,135,20,0,20,155
07/03/2012,LBB,TX,ASW,CE,Combined TRACON& Tower with Radar,28,49,26,8,111,0,16,32,2,50,28,65,58,10,161,6,6,12,173
07/04/2012,LBB,TX,ASW,CE,Combined TRACON& Tower with Radar,18,27,12,0,57,0,15,26,0,41,18,42,38,0,98,0,0,0,98
07/05/2012,LBB,TX,ASW,CE,Combined TRACON& Tower with Radar,28,52,28,30,138,0,20,31,1,52,28,72,59,31,190,10,42,52,242
07/06/2012,LBB,TX,ASW,CE,Combined TRACON& Tower with Radar,28,44,49,3,124,0,16,55,2,73,28,60,104,5,197,19,0,19,216
07/07/2012,LBB,TX,ASW,CE,Combined TRACON& Tower with Radar,21,44,28,3,96,0,20,38,0,58,21,64,66,3,154,1,0,1,155
07/08/2012,LBB,TX,ASW,CE,Combined TRACON& Tower with Radar,21,40,24,7,92,0,6,32,1,39,21,46,56,8,131,0,0,0,131
07/09/2012,LBB,TX,ASW,CE,Combined TRACON& Tower with Radar,22,47,27,19,115,0,17,34,1,52,22,64,61,20,167,12,22,34,201
07/10/2012,LBB,TX,ASW,CE,Combined TRACON& Tower with Radar,28,55,31,18,132,0,2,11,3,16,28,57,42,21,148,46,32,78,226
07/11/2012,LBB,TX,ASW,CE,Combined TRACON& Tower with Radar,28,61,34,50,173,0,19,44,2,65,28,80,78,52,238,28,10,38,276
07/12/2012,LBB,TX,ASW,CE,Combined TRACON& Tower with Radar,29,63,37,31,160,0,30,55,3,88,29,93,92,34,248,30,32,62,310
07/13/2012,LBB,TX,ASW,CE,Combined TRACON& Tower with Radar,29,58,36,33,156,0,18,87,2,107,29,76,123,35,263,54,46,100,363
07/14/2012,LBB,TX,ASW,CE,Combined TRACON& Tower with Radar,21,40,22,3,86,0,19,49,2,70,21,59,71,5,156,96,0,96,252
07/15/2012,LBB,TX,ASW,CE,Combined TRACON& Tower with Radar,17,29,24,2,72,0,13,38,0,51,17,42,62,2,123,20,0,20,143
07/16/2012,LBB,TX,ASW,CE,Combined TRACON& Tower with Radar,26,51,24,18,119,0,11,28,5,44,26,62,52,23,163,47,8,55,218
07/17/2012,LBB,TX,ASW,CE,Combined TRACON& Tower with Radar,28,59,33,2,122,0,16,51,0,67,28,75,84,2,189,49,0,49,238
07/18/2012,LBB,TX,ASW,CE,Combined TRACON& Tower with Radar,28,58,40,8,134,0,23,42,0,65,28,81,82,8,199,14,0,14,213
07/19/2012,LBB,TX,ASW,CE,Combined TRACON& Tower with Radar,34,65,33,31,163,0,16,40,0,56,34,81,73,31,219,36,0,36,255
07/20/2012,LBB,TX,ASW,CE,Combined TRACON& Tower with Radar,35,54,35,43,167,0,28,39,2,69,35,82,74,45,236,32,52,84,320
07/21/2012,LBB,TX,ASW,CE,Combined TRACON& Tower with Radar,19,37,9,13,78,0,11,44,3,58,19,48,53,16,136,20,6,26,162
07/22/2012,LBB,TX,ASW,CE,Combined TRACON& Tower with Radar,19,29,24,0,72,0,12,32,0,44,19,41,56,0,116,13,10,23,139
07/23/2012,LBB,TX,ASW,CE,Combined TRACON& Tower with Radar,22,46,23,0,91,0,14,23,2,39,22,60,46,2,130,0,0,0,130
07/24/2012,LBB,TX,ASW,CE,Combined TRACON& Tower with Radar,28,50,31,8,117,0,19,41,0,60,28,69,72,8,177,14,14,28,205
07/25/2012,LBB,TX,ASW,CE,Combined TRACON& Tower with Radar,28,56,35,18,137,0,8,29,2,39,28,64,64,20,176,6,0,6,182
07/26/2012,LBB,TX,ASW,CE,Combined TRACON& Tower with Radar,30,52,39,1,122,0,12,35,0,47,30,64,74,1,169,24,0,24,193
07/27/2012,LBB,TX,ASW,CE,Combined TRACON& Tower with Radar,28,64,39,56,187,0,22,37,2,61,28,86,76,58,248,0,11,11,259
07/28/2012,LBB,TX,ASW,CE,Combined TRACON& Tower with Radar,17,44,13,5,79,0,12,27,4,43,17,56,40,9,122,0,0,0,122
07/29/2012,LBB,TX,ASW,CE,Combined TRACON& Tower with Radar,21,36,19,2,78,0,13,24,0,37,21,49,43,2,115,0,0,0,115
07/30/2012,LBB,TX,ASW,CE,Combined TRACON& Tower with Radar,23,46,14,18,101,0,22,31,0,53,23,68,45,18,154,0,0,0,154
07/31/2012,LBB,TX,ASW,CE,Combined TRACON& Tower with Radar,28,47,30,28,133,0,19,44,2,65,28,66,74,30,198,30,20,50,248
08/01/2012,LBB,TX,ASW,CE,Combined TRACON& Tower with Radar,30,46,32,36,144,0,16,34,1,51,30,62,66,37,195,40,0,40,235
08/02/2012,LBB,TX,ASW,CE,Combined TRACON& Tower with Radar,28,50,36,3,117,0,24,46,2,72,28,74,82,5,189,12,0,12,201
08/03/2012,LBB,TX,ASW,CE,Combined TRACON& Tower with Radar,30,48,40,13,131,0,25,36,3,64,30,73,76,16,195,4,3,7,202
08/04/2012,LBB,TX,ASW,CE,Combined TRACON& Tower with Radar,19,34,14,3,70,0,12,31,1,44,19,46,45,4,114,6,0,6,120
08/05/2012,LBB,TX,ASW,CE,Combined TRACON& Tower with Radar,21,30,27,15,93,0,9,22,0,31,21,39,49,15,124,18,0,18,142
08/06/2012,LBB,TX,ASW,CE,Combined TRACON& Tower with Radar,24,47,16,5,92,0,15,21,4,40,24,62,37,9,132,18,0,18,150
08/07/2012,LBB,TX,ASW,CE,Combined TRACON& Tower with Radar,28,53,32,13,126,0,16,40,0,56,28,69,72,13,182,0,2,2,184
08/08/2012,LBB,TX,ASW,CE,Combined TRACON& Tower with Radar,30,56,38,12,136,0,13,34,0,47,30,69,72,12,183,22,0,22,205
08/09/2012,LBB,TX,ASW,CE,Combined TRACON& Tower with Radar,28,61,28,13,130,0,21,33,1,55,28,82,61,14,185,0,0,0,185
08/10/2012,LBB,TX,ASW,CE,Combined TRACON& Tower with Radar,28,55,30,11,124,0,12,47,2,61,28,67,77,13,185,6,26,32,217
08/11/2012,LBB,TX,ASW,CE,Combined TRACON& Tower with Radar,20,39,39,4,102,0,7,52,0,59,20,46,91,4,161,48,6,54,215
08/12/2012,LBB,TX,ASW,CE,Combined TRACON& Tower with Radar,17,39,27,0,83,0,16,31,0,47,17,55,58,0,130,2,0,2,132
08/13/2012,LBB,TX,ASW,CE,Combined TRACON& Tower with Radar,22,43,20,6,91,0,10,38,0,48,22,53,58,6,139,6,0,6,145
08/14/2012,LBB,TX,ASW,CE,Combined TRACON& Tower with Radar,26,45,39,4,114,0,12,33,0,45,26,57,72,4,159,32,0,32,191
08/15/2012,LBB,TX,ASW,CE,Combined TRACON& Tower with Radar,28,60,33,9,130,0,13,43,1,57,28,73,76,10,187,34,10,44,231
08/16/2012,LBB,TX,ASW,CE,Combined TRACON& Tower with Radar,26,52,44,0,122,0,12,45,0,57,26,64,89,0,179,22,0,22,201
08/17/2012,LBB,TX,ASW,CE,Combined TRACON& Tower with Radar,26,60,36,40,162,0,22,24,2,48,26,82,60,42,210,16,12,28,238
08/18/2012,LBB,TX,ASW,CE,Combined TRACON& Tower with Radar,21,43,11,0,75,0,8,19,0,27,21,51,30,0,102,8,0,8,110
08/19/2012,LBB,TX,ASW,CE,Combined TRACON& Tower with Radar,17,32,27,5,81,0,11,21,1,33,17,43,48,6,114,10,0,10,124
08/20/2012,LBB,TX,ASW,CE,Combined TRACON& Tower with Radar,26,50,34,35,145,0,10,35,2,47,26,60,69,37,192,0,0,0,192
08/21/2012,LBB,TX,ASW,CE,Combined TRACON& Tower with Radar,26,73,49,28,176,0,13,13,0,26,26,86,62,28,202,0,0,0,202
08/22/2012,LBB,TX,ASW,CE,Combined TRACON& Tower with Radar,26,60,35,14,135,0,8,24,0,32,26,68,59,14,167,0,0,0,167
08/23/2012,LBB,TX,ASW,CE,Combined TRACON& Tower with Radar,26,52,34,13,125,0,9,32,3,44,26,61,66,16,169,24,10,34,203
08/24/2012,LBB,TX,ASW,CE,Combined TRACON& Tower with Radar,26,55,28,13,122,0,8,36,1,45,26,63,64,14,167,2,14,16,183
08/25/2012,LBB,TX,ASW,CE,Combined TRACON& Tower with Radar,15,38,24,36,113,0,15,32,1,48,15,53,56,37,161,23,0,23,184
08/26/2012,LBB,TX,ASW,CE,Combined TRACON& Tower with Radar,17,42,33,14,106,0,13,24,0,37,17,55,57,14,143,26,0,26,169
08/27/2012,LBB,TX,ASW,CE,Combined TRACON& Tower with Radar,24,48,24,17,113,0,18,29,1,48,24,66,53,18,161,0,0,0,161
08/28/2012,LBB,TX,ASW,CE,Combined TRACON& Tower with Radar,26,60,30,41,157,0,16,62,3,81,26,76,92,44,238,32,64,96,334
08/29/2012,LBB,TX,ASW,CE,Combined TRACON& Tower with Radar,26,57,17,22,122,0,13,30,1,44,26,70,47,23,166,0,58,58,224
08/30/2012,LBB,TX,ASW,CE,Combined TRACON& Tower with Radar,26,53,35,17,131,0,19,39,1,59,26,72,74,18,190,0,0,0,190
08/31/2012,LBB,TX,ASW,CE,Combined TRACON& Tower with Radar,25,60,31,1,117,0,15,39,3,57,25,75,70,4,174,40,0,40,214
09/01/2012,LBB,TX,ASW,CE,Combined TRACON& Tower with Radar,16,33,23,5,77,0,15,54,2,71,16,48,77,7,148,0,0,0,148
09/02/2012,LBB,TX,ASW,CE,Combined TRACON& Tower with Radar,16,22,19,0,57,0,21,32,0,53,16,43,51,0,110,2,0,2,112
09/03/2012,LBB,TX,ASW,CE,Combined TRACON& Tower with Radar,15,33,29,6,83,0,19,38,0,57,15,52,67,6,140,14,0,14,154
09/04/2012,LBB,TX,ASW,CE,Combined TRACON& Tower with Radar,22,52,21,14,109,0,19,31,1,51,22,71,52,15,160,0,12,12,172
09/05/2012,LBB,TX,ASW,CE,Combined TRACON& Tower with Radar,26,47,32,4,109,0,17,32,1,50,26,64,64,5,159,0,0,0,159
09/06/2012,LBB,TX,ASW,CE,Combined TRACON& Tower with Radar,26,50,47,9,132,0,10,37,0,47,26,60,84,9,179,0,0,0,179
09/07/2012,LBB,TX,ASW,CE,Combined TRACON& Tower with Radar,30,56,24,9,119,0,19,28,2,49,30,75,52,11,168,4,14,18,186
09/08/2012,LBB,TX,ASW,CE,Combined TRACON& Tower with Radar,15,32,25,0,72,0,8,79,0,87,15,40,104,0,159,16,0,16,175
09/09/2012,LBB,TX,ASW,CE,Combined TRACON& Tower with Radar,22,37,26,0,85,0,2,34,0,36,22,39,60,0,121,22,0,22,143
09/10/2012,LBB,TX,ASW,CE,Combined TRACON& Tower with Radar,22,42,28,12,104,0,17,30,1,48,22,59,58,13,152,8,2,10,162
09/11/2012,LBB,TX,ASW,CE,Combined TRACON& Tower with Radar,28,49,27,16,120,1,20,49,0,70,29,69,76,16,190,16,0,16,206
09/12/2012,LBB,TX,ASW,CE,Combined TRACON& Tower with Radar,26,59,33,9,127,0,19,32,2,53,26,78,65,11,180,0,0,0,180
09/13/2012,LBB,TX,ASW,CE,Combined TRACON& Tower with Radar,28,59,35,9,131,0,4,0,0,4,28,63,35,9,135,0,0,0,135
09/14/2012,LBB,TX,ASW,CE,Combined TRACON& Tower with Radar,28,56,47,34,165,0,10,23,2,35,28,66,70,36,200,12,0,12,212
09/15/2012,LBB,TX,ASW,CE,Combined TRACON& Tower with Radar,17,39,33,2,91,0,7,13,0,20,17,46,46,2,111,0,0,0,111
09/16/2012,LBB,TX,ASW,CE,Combined TRACON& Tower with Radar,19,38,31,4,92,0,6,36,0,42,19,44,67,4,134,10,0,10,144
09/17/2012,LBB,TX,ASW,CE,Combined TRACON& Tower with Radar,22,40,23,45,130,0,13,36,1,50,22,53,59,46,180,48,50,98,278
09/18/2012,LBB,TX,ASW,CE,Combined TRACON& Tower with Radar,26,53,30,25,134,0,27,53,1,81,26,80,83,26,215,28,0,28,243
09/19/2012,LBB,TX,ASW,CE,Combined TRACON& Tower with Radar,26,67,31,17,141,0,19,31,2,52,26,86,62,19,193,10,0,10,203
09/20/2012,LBB,TX,ASW,CE,Combined TRACON& Tower with Radar,28,51,32,9,120,0,25,43,3,71,28,76,75,12,191,0,0,0,191
09/21/2012,LBB,TX,ASW,CE,Combined TRACON& Tower with Radar,25,57,43,27,152,0,22,54,2,78,25,79,97,29,230,6,0,6,236
09/22/2012,LBB,TX,ASW,CE,Combined TRACON& Tower with Radar,15,33,25,0,73,0,19,55,0,74,15,52,80,0,147,38,0,38,185
09/23/2012,LBB,TX,ASW,CE,Combined TRACON& Tower with Radar,18,39,33,6,96,0,17,39,1,57,18,56,72,7,153,24,0,24,177
09/24/2012,LBB,TX,ASW,CE,Combined TRACON& Tower with Radar,22,56,19,31,128,0,18,40,3,61,22,74,59,34,189,0,68,68,257
09/25/2012,LBB,TX,ASW,CE,Combined TRACON& Tower with Radar,30,53,35,8,126,0,19,55,2,76,30,72,90,10,202,54,12,66,268
09/26/2012,LBB,TX,ASW,CE,Combined TRACON& Tower with Radar,28,51,48,28,155,0,12,57,1,70,28,63,105,29,225,0,0,0,225
09/27/2012,LBB,TX,ASW,CE,Combined TRACON& Tower with Radar,30,65,24,6,125,0,13,21,0,34,30,78,45,6,159,46,0,46,205
09/28/2012,LBB,TX,ASW,CE,Combined TRACON& Tower with Radar,28,67,43,1,139,0,0,3,0,3,28,67,46,1,142,0,0,0,142
09/29/2012,LBB,TX,ASW,CE,Combined TRACON& Tower with Radar,15,33,20,3,71,0,8,5,0,13,15,41,25,3,84,0,0,0,84
09/30/2012,LBB,TX,ASW,CE,Combined TRACON& Tower with Radar,25,38,32,12,107,0,6,20,1,27,25,44,52,13,134,34,4,38,172
10/01/2012,LBB,TX,ASW,CE,Combined TRACON& Tower with Radar,22,47,28,2,99,0,23,19,3,45,22,70,47,5,144,0,0,0,144
10/02/2012,LBB,TX,ASW,CE,Combined TRACON& Tower with Radar,28,56,18,4,106,0,31,62,2,95,28,87,80,6,201,22,24,46,247
10/03/2012,LBB,TX,ASW,CE,Combined TRACON& Tower with Radar,26,66,28,2,122,0,30,37,1,68,26,96,65,3,190,22,0,22,212
10/04/2012,LBB,TX,ASW,CE,Combined TRACON& Tower with Radar,28,50,39,0,117,0,22,43,0,65,28,72,82,0,182,0,0,0,182
10/05/2012,LBB,TX,ASW,CE,Combined TRACON& Tower with Radar,28,76,39,19,162,0,7,53,0,60,28,83,92,19,222,15,10,25,247
10/06/2012,LBB,TX,ASW,CE,Combined TRACON& Tower with Radar,19,38,52,1,110,0,8,12,0,20,19,46,64,1,130,0,0,0,130
10/07/2012,LBB,TX,ASW,CE,Combined TRACON& Tower with Radar,21,42,45,6,114,0,13,32,0,45,21,55,77,6,159,38,0,38,197
10/08/2012,LBB,TX,ASW,CE,Combined TRACON& Tower with Radar,22,51,24,0,97,0,17,30,0,47,22,68,54,0,144,14,0,14,158
10/09/2012,LBB,TX,ASW,CE,Combined TRACON& Tower with Radar,26,55,36,2,119,0,24,46,1,71,26,79,82,3,190,10,0,10,200
10/10/2012,LBB,TX,ASW,CE,Combined TRACON& Tower with Radar,22,65,30,21,138,0,14,11,0,25,22,79,41,21,163,4,14,18,181
10/11/2012,LBB,TX,ASW,CE,Combined TRACON& Tower with Radar,24,67,45,14,150,0,11,13,0,24,24,78,58,14,174,0,0,0,174
10/12/2012,LBB,TX,ASW,CE,Combined TRACON& Tower with Radar,28,58,27,13,126,0,13,8,0,21,28,71,35,13,147,52,0,52,199
10/13/2012,LBB,TX,ASW,CE,Combined TRACON& Tower with Radar,19,48,33,0,100,0,9,17,0,26,19,57,50,0,126,28,0,28,154
10/14/2012,LBB,TX,ASW,CE,Combined TRACON& Tower with Radar,21,38,34,12,105,0,8,57,0,65,21,46,91,12,170,0,0,0,170
10/15/2012,LBB,TX,ASW,CE,Combined TRACON& Tower with Radar,21,45,39,10,115,0,14,50,1,65,21,59,89,11,180,32,4,36,216
10/16/2012,LBB,TX,ASW,CE,Combined TRACON& Tower with Radar,24,46,28,14,112,0,16,44,0,60,24,62,72,14,172,44,28,72,244
10/17/2012,LBB,TX,ASW,CE,Combined TRACON& Tower with Radar,26,55,37,8,126,0,15,58,0,73,26,70,95,8,199,34,0,34,233
10/18/2012,LBB,TX,ASW,CE,Combined TRACON& Tower with Radar,25,53,43,12,133,0,15,53,0,68,25,68,96,12,201,12,0,12,213
10/19/2012,LBB,TX,ASW,CE,Combined TRACON& Tower with Radar,30,51,34,38,153,0,21,43,2,66,30,72,77,40,219,6,8,14,233
10/20/2012,LBB,TX,ASW,CE,Combined TRACON& Tower with Radar,19,34,16,0,69,0,13,41,0,54,19,47,57,0,123,40,0,40,163
10/21/2012,LBB,TX,ASW,CE,Combined TRACON& Tower with Radar,21,31,47,0,99,0,22,40,0,62,21,53,87,0,161,10,0,10,171
10/22/2012,LBB,TX,ASW,CE,Combined TRACON& Tower with Radar,23,52,21,34,130,0,17,27,1,45,23,69,48,35,175,18,12,30,205
10/23/2012,LBB,TX,ASW,CE,Combined TRACON& Tower with Radar,28,55,34,20,137,0,22,24,4,50,28,77,58,24,187,0,14,14,201
10/24/2012,LBB,TX,ASW,CE,Combined TRACON& Tower with Radar,25,56,23,4,108,0,13,27,2,42,25,69,50,6,150,0,0,0,150
10/25/2012,LBB,TX,ASW,CE,Combined TRACON& Tower with Radar,26,65,57,15,163,0,12,23,1,36,26,77,80,16,199,0,0,0,199
10/26/2012,LBB,TX,ASW,CE,Combined TRACON& Tower with Radar,28,61,44,11,144,0,11,39,2,52,28,72,83,13,196,28,0,28,224
10/27/2012,LBB,TX,ASW,CE,Combined TRACON& Tower with Radar,19,32,23,2,76,0,14,41,2,57,19,46,64,4,133,10,0,10,143
10/28/2012,LBB,TX,ASW,CE,Combined TRACON& Tower with Radar,21,33,21,4,79,0,15,23,0,38,21,48,44,4,117,36,0,36,153
10/29/2012,LBB,TX,ASW,CE,Combined TRACON& Tower with Radar,22,44,24,8,98,0,13,35,0,48,22,57,59,8,146,8,0,8,154
10/30/2012,LBB,TX,ASW,CE,Combined TRACON& Tower with Radar,25,52,51,5,133,0,19,56,3,78,25,71,107,8,211,54,8,62,273
10/31/2012,LBB,TX,ASW,CE,Combined TRACON& Tower with Radar,27,56,40,9,132,0,26,43,1,70,27,82,83,10,202,4,0,4,206
11/01/2012,LBB,TX,ASW,CE,Combined TRACON& Tower with Radar,26,81,32,3,142,0,16,49,1,66,26,97,81,4,208,24,0,24,232
11/02/2012,LBB,TX,ASW,CE,Combined TRACON& Tower with Radar,28,57,37,14,136,0,16,62,3,81,28,73,99,17,217,14,0,14,231
11/03/2012,LBB,TX,ASW,CE,Combined TRACON& Tower with Radar,18,43,74,5,140,0,7,61,2,70,18,50,135,7,210,9,0,9,219
11/04/2012,LBB,TX,ASW,CE,Combined TRACON& Tower with Radar,19,35,51,20,125,0,23,55,1,79,19,58,106,21,204,22,0,22,226
11/05/2012,LBB,TX,ASW,CE,Combined TRACON& Tower with Radar,20,61,22,36,139,0,13,36,0,49,20,74,58,36,188,2,60,62,250
11/06/2012,LBB,TX,ASW,CE,Combined TRACON& Tower with Radar,24,51,32,24,131,0,23,44,4,71,24,74,76,28,202,8,24,32,234
11/07/2012,LBB,TX,ASW,CE,Combined TRACON& Tower with Radar,24,51,37,17,129,0,19,37,1,57,24,70,74,18,186,24,30,54,240
11/08/2012,LBB,TX,ASW,CE,Combined TRACON& Tower with Radar,28,58,34,13,133,0,19,27,0,46,28,77,61,13,179,36,2,38,217
11/09/2012,LBB,TX,ASW,CE,Combined TRACON& Tower with Radar,28,56,45,1,130,0,17,32,1,50,28,73,77,2,180,24,0,24,204
11/10/2012,LBB,TX,ASW,CE,Combined TRACON& Tower with Radar,21,42,33,2,98,0,10,8,1,19,21,52,41,3,117,0,0,0,117
11/11/2012,LBB,TX,ASW,CE,Combined TRACON& Tower with Radar,17,32,21,0,70,0,14,9,2,25,17,46,30,2,95,0,0,0,95
11/12/2012,LBB,TX,ASW,CE,Combined TRACON& Tower with Radar,20,43,28,4,95,0,18,35,0,53,20,61,63,4,148,36,0,36,184
11/13/2012,LBB,TX,ASW,CE,Combined TRACON& Tower with Radar,24,50,24,15,113,0,17,43,3,63,24,67,67,18,176,8,14,22,198
11/14/2012,LBB,TX,ASW,CE,Combined TRACON& Tower with Radar,24,52,49,21,146,0,15,48,1,64,24,67,97,22,210,14,2,16,226
11/15/2012,LBB,TX,ASW,CE,Combined TRACON& Tower with Radar,28,56,34,45,163,0,14,38,3,55,28,70,72,48,218,22,12,34,252
11/16/2012,LBB,TX,ASW,CE,Combined TRACON& Tower with Radar,28,56,41,9,134,0,17,41,3,61,28,73,82,12,195,20,0,20,215
11/17/2012,LBB,TX,ASW,CE,Combined TRACON& Tower with Radar,23,38,33,4,98,0,12,41,1,54,23,50,74,5,152,36,0,36,188
11/18/2012,LBB,TX,ASW,CE,Combined TRACON& Tower with Radar,21,35,28,4,88,0,4,23,0,27,21,39,51,4,115,6,0,6,121
11/19/2012,LBB,TX,ASW,CE,Combined TRACON& Tower with Radar,20,45,33,21,119,0,7,46,0,53,20,52,79,21,172,52,6,58,230
11/20/2012,LBB,TX,ASW,CE,Combined TRACON& Tower with Radar,24,64,41,9,138,0,22,50,2,74,24,86,91,11,212,34,10,44,256
11/21/2012,LBB,TX,ASW,CE,Combined TRACON& Tower with Radar,23,57,52,13,145,0,27,46,2,75,23,84,98,15,220,12,22,34,254
11/22/2012,LBB,TX,ASW,CE,Combined TRACON& Tower with Radar,8,25,9,0,42,0,19,24,1,44,8,44,33,1,86,0,0,0,86
11/23/2012,LBB,TX,ASW,CE,Combined TRACON& Tower with Radar,21,44,25,1,91,0,14,13,0,27,21,58,38,1,118,0,0,0,118
11/24/2012,LBB,TX,ASW,CE,Combined TRACON& Tower with Radar,21,42,39,0,102,0,12,20,0,32,21,54,59,0,134,0,0,0,134
11/25/2012,LBB,TX,ASW,CE,Combined TRACON& Tower with Radar,21,38,56,1,116,0,12,35,0,47,21,50,91,1,163,36,0,36,199
11/26/2012,LBB,TX,ASW,CE,Combined TRACON& Tower with Radar,18,51,18,10,97,0,20,29,0,49,18,71,47,10,146,10,0,10,156
11/27/2012,LBB,TX,ASW,CE,Combined TRACON& Tower with Radar,24,58,31,4,117,0,14,54,1,69,24,72,85,5,186,29,0,29,215
11/28/2012,LBB,TX,ASW,CE,Combined TRACON& Tower with Radar,24,46,32,1,103,0,27,50,2,79,24,73,82,3,182,16,0,16,198
11/29/2012,LBB,TX,ASW,CE,Combined TRACON& Tower with Radar,24,57,28,0,109,0,40,43,0,83,24,97,71,0,192,28,0,28,220
11/30/2012,LBB,TX,ASW,CE,Combined TRACON& Tower with Radar,24,61,41,78,204,0,18,52,2,72,24,79,93,80,276,12,60,72,348
12/01/2012,LBB,TX,ASW,CE,Combined TRACON& Tower with Radar,23,25,24,6,78,0,11,54,0,65,23,36,78,6,143,18,0,18,161
12/02/2012,LBB,TX,ASW,CE,Combined TRACON& Tower with Radar,17,32,31,22,102,0,16,26,0,42,17,48,57,22,144,12,0,12,156
12/03/2012,LBB,TX,ASW,CE,Combined TRACON& Tower with Radar,20,36,38,13,107,0,15,27,0,42,20,51,65,13,149,14,30,44,193
12/04/2012,LBB,TX,ASW,CE,Combined TRACON& Tower with Radar,24,59,25,5,113,0,17,33,2,52,24,76,58,7,165,8,0,8,173
12/05/2012,LBB,TX,ASW,CE,Combined TRACON& Tower with Radar,23,58,40,20,141,0,15,35,1,51,23,73,75,21,192,16,16,32,224
12/06/2012,LBB,TX,ASW,CE,Combined TRACON& Tower with Radar,24,46,31,17,118,0,18,23,3,44,24,64,54,20,162,12,16,28,190
12/07/2012,LBB,TX,ASW,CE,Combined TRACON& Tower with Radar,22,43,49,40,154,0,19,44,8,71,22,62,93,48,225,0,0,0,225
12/08/2012,LBB,TX,ASW,CE,Combined TRACON& Tower with Radar,20,29,29,15,93,0,11,30,3,44,20,40,59,18,137,40,4,44,181
12/09/2012,LBB,TX,ASW,CE,Combined TRACON& Tower with Radar,17,36,31,10,94,0,11,15,1,27,17,47,46,11,121,12,0,12,133
12/10/2012,LBB,TX,ASW,CE,Combined TRACON& Tower with Radar,20,44,29,14,107,0,16,33,0,49,20,60,62,14,156,10,16,26,182
12/11/2012,LBB,TX,ASW,CE,Combined TRACON& Tower with Radar,26,49,30,16,121,0,22,28,0,50,26,71,58,16,171,40,22,62,233
12/12/2012,LBB,TX,ASW,CE,Combined TRACON& Tower with Radar,26,52,31,30,139,0,15,33,0,48,26,67,64,30,187,14,32,46,233
12/13/2012,LBB,TX,ASW,CE,Combined TRACON& Tower with Radar,26,53,48,24,151,0,24,60,0,84,26,77,108,24,235,58,4,62,297
12/14/2012,LBB,TX,ASW,CE,Combined TRACON& Tower with Radar,25,70,49,7,151,0,3,1,0,4,25,73,50,7,155,0,0,0,155
12/15/2012,LBB,TX,ASW,CE,Combined TRACON& Tower with Radar,19,37,37,8,101,0,12,15,0,27,19,49,52,8,128,0,0,0,128
12/16/2012,LBB,TX,ASW,CE,Combined TRACON& Tower with Radar,16,39,32,6,93,0,6,35,0,41,16,45,67,6,134,6,0,6,140
12/17/2012,LBB,TX,ASW,CE,Combined TRACON& Tower with Radar,21,44,22,30,117,0,18,24,0,42,21,62,46,30,159,14,0,14,173
12/18/2012,LBB,TX,ASW,CE,Combined TRACON& Tower with Radar,26,58,38,6,128,0,14,53,1,68,26,72,91,7,196,84,0,84,280
12/19/2012,LBB,TX,ASW,CE,Combined TRACON& Tower with Radar,20,50,16,0,86,0,7,6,2,15,20,57,22,2,101,0,0,0,101
12/20/2012,LBB,TX,ASW,CE,Combined TRACON& Tower with Radar,26,53,18,9,106,0,27,52,0,79,26,80,70,9,185,96,0,96,281
12/21/2012,LBB,TX,ASW,CE,Combined TRACON& Tower with Radar,22,57,30,13,122,0,33,54,0,87,22,90,84,13,209,50,8,58,267
12/22/2012,LBB,TX,ASW,CE,Combined TRACON& Tower with Radar,23,41,25,2,91,0,33,34,0,67,23,74,59,2,158,18,0,18,176
12/23/2012,LBB,TX,ASW,CE,Combined TRACON& Tower with Radar,17,32,25,1,75,0,17,17,2,36,17,49,42,3,111,4,0,4,115
12/24/2012,LBB,TX,ASW,CE,Combined TRACON& Tower with Radar,14,32,11,0,57,0,10,13,0,23,14,42,24,0,80,0,0,0,80
12/25/2012,LBB,TX,ASW,CE,Combined TRACON& Tower with Radar,11,16,10,0,37,0,12,10,0,22,11,28,20,0,59,0,0,0,59
12/26/2012,LBB,TX,ASW,CE,Combined TRACON& Tower with Radar,21,42,43,0,106,0,13,21,1,35,21,55,64,1,141,6,0,6,147
12/27/2012,LBB,TX,ASW,CE,Combined TRACON& Tower with Radar,22,57,27,1,107,0,15,24,1,40,22,72,51,2,147,20,0,20,167
12/28/2012,LBB,TX,ASW,CE,Combined TRACON& Tower with Radar,25,45,33,1,104,0,13,32,0,45,25,58,65,1,149,102,0,102,251
12/29/2012,LBB,TX,ASW,CE,Combined TRACON& Tower with Radar,20,42,28,0,90,0,17,40,0,57,20,59,68,0,147,0,0,0,147
12/30/2012,LBB,TX,ASW,CE,Combined TRACON& Tower with Radar,19,37,32,0,88,0,18,15,1,34,19,55,47,1,122,0,0,0,122
12/31/2012,LBB,TX,ASW,CE,Combined TRACON& Tower with Radar,13,42,6,0,61,0,15,6,0,21,13,57,12,0,82,0,0,0,82
01/01/2013,LBB,TX,ASW,CE,Combined TRACON& Tower with Radar,10,40,24,0,74,0,11,25,0,36,10,51,49,0,110,58,0,58,168
01/02/2013,LBB,TX,ASW,CE,Combined TRACON& Tower with Radar,27,59,30,0,116,0,21,38,1,60,27,80,68,1,176,4,0,4,180
01/03/2013,LBB,TX,ASW,CE,Combined TRACON& Tower with Radar,26,64,26,26,142,0,11,31,0,42,26,75,57,26,184,54,30,84,268
01/04/2013,LBB,TX,ASW,CE,Combined TRACON& Tower with Radar,25,51,15,0,91,0,5,6,0,11,25,56,21,0,102,0,0,0,102
01/05/2013,LBB,TX,ASW,CE,Combined TRACON& Tower with Radar,20,40,20,0,80,0,12,34,0,46,20,52,54,0,126,44,0,44,170
01/06/2013,LBB,TX,ASW,CE,Combined TRACON& Tower with Radar,15,30,11,0,56,0,22,29,2,53,15,52,40,2,109,20,0,20,129
01/07/2013,LBB,TX,ASW,CE,Combined TRACON& Tower with Radar,19,38,21,24,102,0,20,22,0,42,19,58,43,24,144,28,0,28,172
01/08/2013,LBB,TX,ASW,CE,Combined TRACON& Tower with Radar,27,52,35,6,120,0,8,8,0,16,27,60,43,6,136,16,0,16,152
01/09/2013,LBB,TX,ASW,CE,Combined TRACON& Tower with Radar,24,55,27,26,132,0,3,2,0,5,24,58,29,26,137,0,60,60,197
01/10/2013,LBB,TX,ASW,CE,Combined TRACON& Tower with Radar,26,61,53,6,146,0,4,10,0,14,26,65,63,6,160,0,6,6,166
01/11/2013,LBB,TX,ASW,CE,Combined TRACON& Tower with Radar,25,57,38,2,122,0,14,21,1,36,25,71,59,3,158,0,0,0,158
01/12/2013,LBB,TX,ASW,CE,Combined TRACON& Tower with Radar,20,35,25,47,127,0,7,37,3,47,20,42,62,50,174,0,0,0,174
01/13/2013,LBB,TX,ASW,CE,Combined TRACON& Tower with Radar,15,32,21,18,86,0,9,41,6,56,15,41,62,24,142,6,0,6,148
01/14/2013,LBB,TX,ASW,CE,Combined TRACON& Tower with Radar,18,56,36,33,143,0,21,34,1,56,18,77,70,34,199,8,40,48,247
01/15/2013,LBB,TX,ASW,CE,Combined TRACON& Tower with Radar,22,51,42,13,128,0,20,42,1,63,22,71,84,14,191,24,14,38,229
01/16/2013,LBB,TX,ASW,CE,Combined TRACON& Tower with Radar,25,50,29,0,104,0,12,33,0,45,25,62,62,0,149,20,0,20,169
01/17/2013,LBB,TX,ASW,CE,Combined TRACON& Tower with Radar,24,53,44,20,141,0,30,43,0,73,24,83,87,20,214,6,10,16,230
01/18/2013,LBB,TX,ASW,CE,Combined TRACON& Tower with Radar,26,52,43,14,135,0,19,59,2,80,26,71,102,16,215,0,0,0,215
01/19/2013,LBB,TX,ASW,CE,Combined TRACON& Tower with Radar,21,30,29,0,80,0,18,47,0,65,21,48,76,0,145,8,0,8,153
01/20/2013,LBB,TX,ASW,CE,Combined TRACON& Tower with Radar,15,29,34,0,78,0,20,56,0,76,15,49,90,0,154,34,0,34,188
01/21/2013,LBB,TX,ASW,CE,Combined TRACON& Tower with Radar,19,43,20,0,82,0,10,52,0,62,19,53,72,0,144,30,0,30,174
01/22/2013,LBB,TX,ASW,CE,Combined TRACON& Tower with Radar,22,48,29,5,104,0,18,40,1,59,22,66,69,6,163,12,10,22,185
01/23/2013,LBB,TX,ASW,CE,Combined TRACON& Tower with Radar,26,53,19,46,144,0,21,44,1,66,26,74,63,47,210,0,34,34,244
01/24/2013,LBB,TX,ASW,CE,Combined TRACON& Tower with Radar,24,56,26,32,138,0,24,25,3,52,24,80,51,35,190,22,28,50,240
01/25/2013,LBB,TX,ASW,CE,Combined TRACON& Tower with Radar,23,55,39,15,132,0,17,52,0,69,23,72,91,15,201,88,0,88,289
01/26/2013,LBB,TX,ASW,CE,Combined TRACON& Tower with Radar,18,33,19,1,71,0,16,38,0,54,18,49,57,1,125,18,0,18,143
01/27/2013,LBB,TX,ASW,CE,Combined TRACON& Tower with Radar,15,38,27,0,80,0,10,11,0,21,15,48,38,0,101,0,0,0,101
01/28/2013,LBB,TX,ASW,CE,Combined TRACON& Tower with Radar,18,47,29,29,123,0,12,27,0,39,18,59,56,29,162,0,16,16,178
01/29/2013,LBB,TX,ASW,CE,Combined TRACON& Tower with Radar,23,56,27,10,116,0,11,7,1,19,23,67,34,11,135,0,0,0,135
01/30/2013,LBB,TX,ASW,CE,Combined TRACON& Tower with Radar,27,53,23,20,123,0,17,29,4,50,27,70,52,24,173,0,20,20,193
01/31/2013,LBB,TX,ASW,CE,Combined TRACON& Tower with Radar,25,52,52,20,149,0,12,57,1,70,25,64,109,21,219,0,16,16,235
02/01/2013,LBB,TX,ASW,CE,Combined TRACON& Tower with Radar,25,53,40,6,124,0,15,70,0,85,25,68,110,6,209,6,0,6,215
02/02/2013,LBB,TX,ASW,CE,Combined TRACON& Tower with Radar,20,32,23,0,75,0,18,75,0,93,20,50,98,0,168,38,0,38,206
02/03/2013,LBB,TX,ASW,CE,Combined TRACON& Tower with Radar,16,41,13,6,76,0,10,16,0,26,16,51,29,6,102,6,0,6,108
02/04/2013,LBB,TX,ASW,CE,Combined TRACON& Tower with Radar,19,50,54,61,184,0,9,37,1,47,19,59,91,62,231,0,104,104,335
02/05/2013,LBB,TX,ASW,CE,Combined TRACON& Tower with Radar,27,51,22,17,117,0,9,65,2,76,27,60,87,19,193,32,0,32,225
02/06/2013,LBB,TX,ASW,CE,Combined TRACON& Tower with Radar,28,68,47,41,184,0,20,34,1,55,28,88,81,42,239,0,72,72,311
02/07/2013,LBB,TX,ASW,CE,Combined TRACON& Tower with Radar,24,50,23,35,132,0,13,22,2,37,24,63,45,37,169,4,20,24,193
02/08/2013,LBB,TX,ASW,CE,Combined TRACON& Tower with Radar,23,60,37,50,170,0,29,35,9,73,23,89,72,59,243,26,50,76,319
02/09/2013,LBB,TX,ASW,CE,Combined TRACON& Tower with Radar,18,46,21,6,91,0,12,16,3,31,18,58,37,9,122,0,38,38,160
02/10/2013,LBB,TX,ASW,CE,Combined TRACON& Tower with Radar,19,34,18,12,83,0,9,12,0,21,19,43,30,12,104,0,0,0,104
02/11/2013,LBB,TX,ASW,CE,Combined TRACON& Tower with Radar,18,41,37,36,132,0,13,21,3,37,18,54,58,39,169,10,0,10,179
02/12/2013,LBB,TX,ASW,CE,Combined TRACON& Tower with Radar,24,50,20,2,96,0,7,2,0,9,24,57,22,2,105,0,0,0,105
02/13/2013,LBB,TX,ASW,CE,Combined TRACON& Tower with Radar,24,61,31,54,170,0,15,42,5,62,24,76,73,59,232,26,94,120,352
02/14/2013,LBB,TX,ASW,CE,Combined TRACON& Tower with Radar,27,59,18,10,114,0,15,55,2,72,27,74,73,12,186,82,22,104,290
02/15/2013,LBB,TX,ASW,CE,Combined TRACON& Tower with Radar,27,55,31,12,125,0,9,50,0,59,27,64,81,12,184,0,10,10,194
02/16/2013,LBB,TX,ASW,CE,Combined TRACON& Tower with Radar,21,35,21,8,85,0,12,54,3,69,21,47,75,11,154,22,8,30,184
02/17/2013,LBB,TX,ASW,CE,Combined TRACON& Tower with Radar,22,32,26,4,84,0,13,33,0,46,22,45,59,4,130,0,0,0,130
02/18/2013,LBB,TX,ASW,CE,Combined TRACON& Tower with Radar,20,53,33,5,111,0,33,51,3,87,20,86,84,8,198,14,0,14,212
02/19/2013,LBB,TX,ASW,CE,Combined TRACON& Tower with Radar,26,55,27,2,110,0,16,47,1,64,26,71,74,3,174,0,0,0,174
02/20/2013,LBB,TX,ASW,CE,Combined TRACON& Tower with Radar,28,55,23,18,124,0,0,0,0,0,28,55,23,18,124,0,0,0,124
02/21/2013,LBB,TX,ASW,CE,Combined TRACON& Tower with Radar,30,61,37,18,146,0,10,23,5,38,30,71,60,23,184,0,42,42,226
02/22/2013,LBB,TX,ASW,CE,Combined TRACON& Tower with Radar,31,66,41,78,216,0,20,53,5,78,31,86,94,83,294,18,88,106,400
02/23/2013,LBB,TX,ASW,CE,Combined TRACON& Tower with Radar,17,37,25,17,96,0,19,64,4,87,17,56,89,21,183,18,24,42,225
02/24/2013,LBB,TX,ASW,CE,Combined TRACON& Tower with Radar,21,36,30,2,89,0,18,37,2,57,21,54,67,4,146,0,0,0,146
02/25/2013,LBB,TX,ASW,CE,Combined TRACON& Tower with Radar,1,5,2,0,8,0,3,0,0,3,1,8,2,0,11,0,0,0,11
02/26/2013,LBB,TX,ASW,CE,Combined TRACON& Tower with Radar,17,48,31,10,106,0,20,49,0,69,17,68,80,10,175,22,14,36,211
02/27/2013,LBB,TX,ASW,CE,Combined TRACON& Tower with Radar,29,60,33,18,140,0,20,42,4,66,29,80,75,22,206,0,54,54,260
02/28/2013,LBB,TX,ASW,CE,Combined TRACON& Tower with Radar,28,61,44,36,169,0,23,49,17,89,28,84,93,53,258,56,46,102,360
03/01/2013,LBB,TX,ASW,CE,Combined TRACON& Tower with Radar,27,66,37,21,151,0,14,35,5,54,27,80,72,26,205,10,28,38,243
03/02/2013,LBB,TX,ASW,CE,Combined TRACON& Tower with Radar,18,39,24,21,102,0,6,59,2,67,18,45,83,23,169,42,0,42,211
03/03/2013,LBB,TX,ASW,CE,Combined TRACON& Tower with Radar,21,38,22,0,81,0,21,38,1,60,21,59,60,1,141,0,0,0,141
03/04/2013,LBB,TX,ASW,CE,Combined TRACON& Tower with Radar,21,53,30,48,152,0,20,23,0,43,21,73,53,48,195,8,20,28,223
03/05/2013,LBB,TX,ASW,CE,Combined TRACON& Tower with Radar,29,55,37,28,149,0,16,59,4,79,29,71,96,32,228,76,32,108,336
03/06/2013,LBB,TX,ASW,CE,Combined TRACON& Tower with Radar,29,58,37,10,134,0,20,32,0,52,29,78,69,10,186,8,46,54,240
03/07/2013,LBB,TX,ASW,CE,Combined TRACON& Tower with Radar,28,55,41,16,140,0,17,53,0,70,28,72,94,16,210,46,6,52,262
03/08/2013,LBB,TX,ASW,CE,Combined TRACON& Tower with Radar,31,56,52,26,165,0,14,28,0,42,31,70,80,26,207,10,94,104,311
03/09/2013,LBB,TX,ASW,CE,Combined TRACON& Tower with Radar,26,33,39,1,99,0,2,10,1,13,26,35,49,2,112,0,0,0,112
03/10/2013,LBB,TX,ASW,CE,Combined TRACON& Tower with Radar,21,38,28,8,95,0,11,11,0,22,21,49,39,8,117,0,0,0,117
03/11/2013,LBB,TX,ASW,CE,Combined TRACON& Tower with Radar,24,46,20,66,156,0,13,53,0,66,24,59,73,66,222,54,46,100,322
03/12/2013,LBB,TX,ASW,CE,Combined TRACON& Tower with Radar,30,53,28,4,115,0,18,38,0,56,30,71,66,4,171,6,0,6,177
03/13/2013,LBB,TX,ASW,CE,Combined TRACON& Tower with Radar,30,56,35,0,121,0,24,61,1,86,30,80,96,1,207,6,0,6,213
03/14/2013,LBB,TX,ASW,CE,Combined TRACON& Tower with Radar,32,68,38,16,154,0,17,72,5,94,32,85,110,21,248,8,24,32,280
03/15/2013,LBB,TX,ASW,CE,Combined TRACON& Tower with Radar,29,50,25,7,111,0,27,40,3,70,29,77,65,10,181,22,0,22,203
03/16/2013,LBB,TX,ASW,CE,Combined TRACON& Tower with Radar,20,38,30,0,88,0,7,43,0,50,20,45,73,0,138,2,0,2,140
03/17/2013,LBB,TX,ASW,CE,Combined TRACON& Tower with Radar,19,49,56,13,137,0,10,56,3,69,19,59,112,16,206,22,24,46,252
03/18/2013,LBB,TX,ASW,CE,Combined TRACON& Tower with Radar,22,45,39,44,150,0,22,38,0,60,22,67,77,44,210,54,20,74,284
03/19/2013,LBB,TX,ASW,CE,Combined TRACON& Tower with Radar,30,53,38,29,150,0,20,58,0,78,30,73,96,29,228,6,6,12,240
03/20/2013,LBB,TX,ASW,CE,Combined TRACON& Tower with Radar,30,58,37,14,139,0,13,48,0,61,30,71,85,14,200,52,54,106,306
03/21/2013,LBB,TX,ASW,CE,Combined TRACON& Tower with Radar,38,60,31,18,147,0,12,24,4,40,38,72,55,22,187,0,0,0,187
03/22/2013,LBB,TX,ASW,CE,Combined TRACON& Tower with Radar,29,55,63,22,169,0,15,25,0,40,29,70,88,22,209,0,4,4,213
03/23/2013,LBB,TX,ASW,CE,Combined TRACON& Tower with Radar,23,27,29,3,82,0,7,22,0,29,23,34,51,3,111,16,0,16,127
03/24/2013,LBB,TX,ASW,CE,Combined TRACON& Tower with Radar,21,29,35,1,86,0,5,20,0,25,21,34,55,1,111,74,0,74,185
03/25/2013,LBB,TX,ASW,CE,Combined TRACON& Tower with Radar,22,58,28,28,136,0,24,41,2,67,22,82,69,30,203,16,0,16,219
03/26/2013,LBB,TX,ASW,CE,Combined TRACON& Tower with Radar,34,56,28,20,138,0,14,34,0,48,34,70,62,20,186,26,0,26,212
03/27/2013,LBB,TX,ASW,CE,Combined TRACON& Tower with Radar,32,60,28,13,133,0,15,43,4,62,32,75,71,17,195,26,10,36,231
03/28/2013,LBB,TX,ASW,CE,Combined TRACON& Tower with Radar,30,54,29,8,121,0,12,46,0,58,30,66,75,8,179,4,2,6,185
03/29/2013,LBB,TX,ASW,CE,Combined TRACON& Tower with Radar,29,62,31,16,138,0,21,34,4,59,29,83,65,20,197,0,4,4,201
03/30/2013,LBB,TX,ASW,CE,Combined TRACON& Tower with Radar,18,49,11,4,82,0,18,56,1,75,18,67,67,5,157,46,0,46,203
03/31/2013,LBB,TX,ASW,CE,Combined TRACON& Tower with Radar,19,34,25,0,78,0,14,18,0,32,19,48,43,0,110,10,0,10,120
04/01/2013,LBB,TX,ASW,CE,Combined TRACON& Tower with Radar,22,47,41,6,116,0,13,37,0,50,22,60,78,6,166,22,0,22,188
04/02/2013,LBB,TX,ASW,CE,Combined TRACON& Tower with Radar,30,63,25,2,120,0,0,0,0,0,30,63,25,2,120,0,0,0,120
04/03/2013,LBB,TX,ASW,CE,Combined TRACON& Tower with Radar,29,69,36,7,141,0,9,12,1,22,29,78,48,8,163,8,0,8,171
04/04/2013,LBB,TX,ASW,CE,Combined TRACON& Tower with Radar,31,60,54,21,166,0,15,62,1,78,31,75,116,22,244,92,30,122,366
04/05/2013,LBB,TX,ASW,CE,Combined TRACON& Tower with Radar,29,61,38,17,145,0,19,55,1,75,29,80,93,18,220,10,24,34,254
04/06/2013,LBB,TX,ASW,CE,Combined TRACON& Tower with Radar,20,38,10,0,68,0,10,34,0,44,20,48,44,0,112,0,0,0,112
04/07/2013,LBB,TX,ASW,CE,Combined TRACON& Tower with Radar,19,36,22,0,77,0,3,28,1,32,19,39,50,1,109,10,0,10,119
04/08/2013,LBB,TX,ASW,CE,Combined TRACON& Tower with Radar,22,47,15,47,131,0,14,34,1,49,22,61,49,48,180,28,0,28,208
04/09/2013,LBB,TX,ASW,CE,Combined TRACON& Tower with Radar,32,63,18,32,145,0,6,14,1,21,32,69,32,33,166,0,54,54,220
04/10/2013,LBB,TX,ASW,CE,Combined TRACON& Tower with Radar,29,49,32,0,110,1,6,15,1,23,30,55,47,1,133,14,0,14,147
04/11/2013,LBB,TX,ASW,CE,Combined TRACON& Tower with Radar,30,52,37,39,158,0,18,56,0,74,30,70,93,39,232,38,66,104,336
04/12/2013,LBB,TX,ASW,CE,Combined TRACON& Tower with Radar,29,69,25,31,154,0,25,40,3,68,29,94,65,34,222,10,34,44,266
04/13/2013,LBB,TX,ASW,CE,Combined TRACON& Tower with Radar,20,32,18,1,71,0,14,31,0,45,20,46,49,1,116,12,0,12,128
04/14/2013,LBB,TX,ASW,CE,Combined TRACON& Tower with Radar,19,41,31,1,92,0,6,26,0,32,19,47,57,1,124,30,0,30,154
04/15/2013,LBB,TX,ASW,CE,Combined TRACON& Tower with Radar,22,47,41,7,117,0,9,38,5,52,22,56,79,12,169,26,6,32,201
04/16/2013,LBB,TX,ASW,CE,Combined TRACON& Tower with Radar,30,45,23,18,116,0,16,41,5,62,30,61,64,23,178,30,20,50,228
04/17/2013,LBB,TX,ASW,CE,Combined TRACON& Tower with Radar,30,54,45,35,164,0,9,18,2,29,30,63,63,37,193,22,10,32,225
04/18/2013,LBB,TX,ASW,CE,Combined TRACON& Tower with Radar,31,52,33,27,143,0,13,21,1,35,31,65,54,28,178,6,48,54,232
04/19/2013,LBB,TX,ASW,CE,Combined TRACON& Tower with Radar,30,55,43,14,142,0,11,54,1,66,30,66,97,15,208,12,4,16,224
04/20/2013,LBB,TX,ASW,CE,Combined TRACON& Tower with Radar,18,38,25,5,86,0,10,31,0,41,18,48,56,5,127,0,0,0,127
04/21/2013,LBB,TX,ASW,CE,Combined TRACON& Tower with Radar,21,33,34,8,96,0,16,52,1,69,21,49,86,9,165,38,0,38,203
04/22/2013,LBB,TX,ASW,CE,Combined TRACON& Tower with Radar,26,41,32,14,113,0,13,32,2,47,26,54,64,16,160,40,4,44,204
04/23/2013,LBB,TX,ASW,CE,Combined TRACON& Tower with Radar,30,76,30,37,173,0,8,15,0,23,30,84,45,37,196,36,32,68,264
04/24/2013,LBB,TX,ASW,CE,Combined TRACON& Tower with Radar,30,64,47,32,173,0,13,60,5,78,30,77,107,37,251,24,12,36,287
04/25/2013,LBB,TX,ASW,CE,Combined TRACON& Tower with Radar,30,59,34,28,151,0,20,36,0,56,30,79,70,28,207,18,22,40,247
04/26/2013,LBB,TX,ASW,CE,Combined TRACON& Tower with Radar,31,61,39,76,207,0,16,46,4,66,31,77,85,80,273,32,22,54,327
04/27/2013,LBB,TX,ASW,CE,Combined TRACON& Tower with Radar,22,34,18,4,78,0,14,38,1,53,22,48,56,5,131,0,0,0,131
04/28/2013,LBB,TX,ASW,CE,Combined TRACON& Tower with Radar,19,42,31,5,97,0,11,29,1,41,19,53,60,6,138,0,6,6,144
04/29/2013,LBB,TX,ASW,CE,Combined TRACON& Tower with Radar,22,44,34,13,113,0,26,27,1,54,22,70,61,14,167,4,4,8,175
04/30/2013,LBB,TX,ASW,CE,Combined TRACON& Tower with Radar,30,66,28,28,152,0,21,25,1,47,30,87,53,29,199,8,8,16,215
05/01/2013,LBB,TX,ASW,CE,Combined TRACON& Tower with Radar,30,70,37,23,160,0,8,24,2,34,30,78,61,25,194,0,26,26,220
05/02/2013,LBB,TX,ASW,CE,Combined TRACON& Tower with Radar,29,78,21,6,134,0,5,13,4,22,29,83,34,10,156,0,0,0,156
05/03/2013,LBB,TX,ASW,CE,Combined TRACON& Tower with Radar,30,62,35,18,145,0,15,59,8,82,30,77,94,26,227,2,38,40,267
05/04/2013,LBB,TX,ASW,CE,Combined TRACON& Tower with Radar,18,37,13,20,88,0,21,44,0,65,18,58,57,20,153,0,0,0,153
05/05/2013,LBB,TX,ASW,CE,Combined TRACON& Tower with Radar,19,29,24,8,80,0,16,43,1,60,19,45,67,9,140,8,0,8,148
05/06/2013,LBB,TX,ASW,CE,Combined TRACON& Tower with Radar,22,48,16,4,90,0,16,24,0,40,22,64,40,4,130,12,0,12,142
05/07/2013,LBB,TX,ASW,CE,Combined TRACON& Tower with Radar,30,50,26,13,119,0,16,23,1,40,30,66,49,14,159,18,0,18,177
05/08/2013,LBB,TX,ASW,CE,Combined TRACON& Tower with Radar,30,58,38,35,161,0,15,26,0,41,30,73,64,35,202,18,14,32,234
05/09/2013,LBB,TX,ASW,CE,Combined TRACON& Tower with Radar,29,66,22,36,153,0,15,28,3,46,29,81,50,39,199,0,126,126,325
05/10/2013,LBB,TX,ASW,CE,Combined TRACON& Tower with Radar,31,58,29,3,121,0,11,8,0,19,31,69,37,3,140,0,0,0,140
05/11/2013,LBB,TX,ASW,CE,Combined TRACON& Tower with Radar,18,46,20,1,85,0,14,39,0,53,18,60,59,1,138,0,0,0,138
05/12/2013,LBB,TX,ASW,CE,Combined TRACON& Tower with Radar,21,33,31,3,88,0,11,31,0,42,21,44,62,3,130,0,10,10,140
05/13/2013,LBB,TX,ASW,CE,Combined TRACON& Tower with Radar,22,53,34,34,143,0,20,26,8,54,22,73,60,42,197,16,20,36,233
05/14/2013,LBB,TX,ASW,CE,Combined TRACON& Tower with Radar,30,63,29,4,126,0,25,33,2,60,30,88,62,6,186,54,16,70,256
05/15/2013,LBB,TX,ASW,CE,Combined TRACON& Tower with Radar,35,53,41,37,166,0,22,30,0,52,35,75,71,37,218,2,48,50,268
05/16/2013,LBB,TX,ASW,CE,Combined TRACON& Tower with Radar,36,56,33,5,130,0,21,33,3,57,36,77,66,8,187,4,6,10,197
05/17/2013,LBB,TX,ASW,CE,Combined TRACON& Tower with Radar,29,64,37,0,130,0,15,27,0,42,29,79,64,0,172,0,0,0,172
05/18/2013,LBB,TX,ASW,CE,Combined TRACON& Tower with Radar,22,38,27,9,96,0,6,33,0,39,22,44,60,9,135,8,0,8,143
05/19/2013,LBB,TX,ASW,CE,Combined TRACON& Tower with Radar,19,38,21,2,80,0,12,23,1,36,19,50,44,3,116,24,0,24,140
05/20/2013,LBB,TX,ASW,CE,Combined TRACON& Tower with Radar,24,49,39,11,123,0,18,27,4,49,24,67,66,15,172,8,0,8,180
05/21/2013,LBB,TX,ASW,CE,Combined TRACON& Tower with Radar,30,49,35,18,132,0,21,13,3,37,30,70,48,21,169,0,4,4,173
05/22/2013,LBB,TX,ASW,CE,Combined TRACON& Tower with Radar,30,59,40,7,136,0,22,38,1,61,30,81,78,8,197,10,12,22,219
05/23/2013,LBB,TX,ASW,CE,Combined TRACON& Tower with Radar,29,61,37,47,174,0,12,24,1,37,29,73,61,48,211,0,64,64,275
05/24/2013,LBB,TX,ASW,CE,Combined TRACON& Tower with Radar,30,69,26,0,125,0,14,24,0,38,30,83,50,0,163,20,0,20,183
05/25/2013,LBB,TX,ASW,CE,Combined TRACON& Tower with Radar,18,46,22,1,87,0,3,28,1,32,18,49,50,2,119,6,0,6,125
05/26/2013,LBB,TX,ASW,CE,Combined TRACON& Tower with Radar,17,36,21,1,75,0,18,29,0,47,17,54,50,1,122,24,0,24,146
05/27/2013,LBB,TX,ASW,CE,Combined TRACON& Tower with Radar,15,35,31,0,81,0,24,38,0,62,15,59,69,0,143,10,0,10,153
05/28/2013,LBB,TX,ASW,CE,Combined TRACON& Tower with Radar,24,59,37,9,129,0,21,32,1,54,24,80,69,10,183,0,12,12,195
05/29/2013,LBB,TX,ASW,CE,Combined TRACON& Tower with Radar,36,65,32,24,157,0,15,17,3,35,36,80,49,27,192,6,22,28,220
05/30/2013,LBB,TX,ASW,CE,Combined TRACON& Tower with Radar,30,62,36,27,155,0,14,35,1,50,30,76,71,28,205,4,22,26,231
05/31/2013,LBB,TX,ASW,CE,Combined TRACON& Tower with Radar,29,50,48,23,150,0,20,45,10,75,29,70,93,33,225,2,20,22,247
06/01/2013,LBB,TX,ASW,CE,Combined TRACON& Tower with Radar,17,35,21,1,74,0,12,41,0,53,17,47,62,1,127,0,0,0,127
06/02/2013,LBB,TX,ASW,CE,Combined TRACON& Tower with Radar,17,32,22,2,73,0,14,38,1,53,17,46,60,3,126,0,0,0,126
06/03/2013,LBB,TX,ASW,CE,Combined TRACON& Tower with Radar,20,36,24,4,84,0,16,27,3,46,20,52,51,7,130,6,0,6,136
06/04/2013,LBB,TX,ASW,CE,Combined TRACON& Tower with Radar,28,67,46,11,152,0,13,35,0,48,28,80,81,11,200,22,24,46,246
06/05/2013,LBB,TX,ASW,CE,Combined TRACON& Tower with Radar,29,57,38,40,164,0,18,30,0,48,29,75,68,40,212,0,52,52,264
06/06/2013,LBB,TX,ASW,CE,Combined TRACON& Tower with Radar,29,64,45,12,150,0,13,17,0,30,29,77,62,12,180,0,28,28,208
06/07/2013,LBB,TX,ASW,CE,Combined TRACON& Tower with Radar,27,69,36,0,132,0,13,27,0,40,27,82,63,0,172,0,0,0,172
06/08/2013,LBB,TX,ASW,CE,Combined TRACON& Tower with Radar,18,39,22,4,83,0,8,22,1,31,18,47,44,5,114,10,0,10,124
06/09/2013,LBB,TX,ASW,CE,Combined TRACON& Tower with Radar,19,40,41,5,105,0,15,33,1,49,19,55,74,6,154,6,0,6,160
06/10/2013,LBB,TX,ASW,CE,Combined TRACON& Tower with Radar,20,44,18,20,102,0,13,25,5,43,20,57,43,25,145,0,14,14,159
06/11/2013,LBB,TX,ASW,CE,Combined TRACON& Tower with Radar,29,62,35,10,136,0,12,33,1,46,29,74,68,11,182,16,0,16,198
06/12/2013,LBB,TX,ASW,CE,Combined TRACON& Tower with Radar,34,42,36,26,138,0,20,39,0,59,34,62,75,26,197,20,72,92,289
06/13/2013,LBB,TX,ASW,CE,Combined TRACON& Tower with Radar,36,43,41,5,125,0,17,33,6,56,36,60,74,11,181,0,0,0,181
06/14/2013,LBB,TX,ASW,CE,Combined TRACON& Tower with Radar,33,47,44,22,146,0,12,17,0,29,33,59,61,22,175,22,10,32,207
06/15/2013,LBB,TX,ASW,CE,Combined TRACON& Tower with Radar,22,27,38,7,94,0,6,21,2,29,22,33,59,9,123,0,0,0,123
06/16/2013,LBB,TX,ASW,CE,Combined TRACON& Tower with Radar,23,23,38,3,87,0,13,26,2,41,23,36,64,5,128,14,0,14,142
06/17/2013,LBB,TX,ASW,CE,Combined TRACON& Tower with Radar,24,28,31,13,96,0,13,24,1,38,24,41,55,14,134,48,12,60,194
06/18/2013,LBB,TX,ASW,CE,Combined TRACON& Tower with Radar,33,45,25,7,110,0,10,31,1,42,33,55,56,8,152,12,0,12,164
06/19/2013,LBB,TX,ASW,CE,Combined TRACON& Tower with Radar,34,47,26,0,107,0,12,22,0,34,34,59,48,0,141,10,0,10,151
06/20/2013,LBB,TX,ASW,CE,Combined TRACON& Tower with Radar,36,62,40,10,148,0,16,20,0,36,36,78,60,10,184,24,0,24,208
06/21/2013,LBB,TX,ASW,CE,Combined TRACON& Tower with Radar,33,48,31,2,114,0,16,29,2,47,33,64,60,4,161,12,0,12,173
06/22/2013,LBB,TX,ASW,CE,Combined TRACON& Tower with Radar,22,23,15,0,60,0,8,30,3,41,22,31,45,3,101,36,0,36,137
06/23/2013,LBB,TX,ASW,CE,Combined TRACON& Tower with Radar,25,25,29,0,79,0,17,23,0,40,25,42,52,0,119,0,0,0,119
06/24/2013,LBB,TX,ASW,CE,Combined TRACON& Tower with Radar,28,29,17,12,86,0,12,41,0,53,28,41,58,12,139,0,0,0,139
06/25/2013,LBB,TX,ASW,CE,Combined TRACON& Tower with Radar,34,46,24,63,167,0,18,41,4,63,34,64,65,67,230,20,14,34,264
06/26/2013,LBB,TX,ASW,CE,Combined TRACON& Tower with Radar,34,41,50,17,142,0,21,64,0,85,34,62,114,17,227,34,0,34,261
06/27/2013,LBB,TX,ASW,CE,Combined TRACON& Tower with Radar,36,53,35,36,160,0,22,31,0,53,36,75,66,36,213,0,42,42,255
06/28/2013,LBB,TX,ASW,CE,Combined TRACON& Tower with Radar,37,49,41,15,142,0,28,56,3,87,37,77,97,18,229,44,0,44,273
06/29/2013,LBB,TX,ASW,CE,Combined TRACON& Tower with Radar,23,31,24,14,92,0,13,37,0,50,23,44,61,14,142,32,0,32,174
06/30/2013,LBB,TX,ASW,CE,Combined TRACON& Tower with Radar,24,21,29,2,76,0,8,41,0,49,24,29,70,2,125,46,2,48,173
07/01/2013,LBB,TX,ASW,CE,Combined TRACON& Tower with Radar,26,37,25,19,107,0,15,47,1,63,26,52,72,20,170,18,0,18,188
07/02/2013,LBB,TX,ASW,CE,Combined TRACON& Tower with Radar,36,44,60,6,146,0,27,51,0,78,36,71,111,6,224,64,0,64,288
07/03/2013,LBB,TX,ASW,CE,Combined TRACON& Tower with Radar,36,50,40,39,165,0,10,61,0,71,36,60,101,39,236,100,44,144,380
07/04/2013,LBB,TX,ASW,CE,Combined TRACON& Tower with Radar,20,18,19,2,59,0,9,21,1,31,20,27,40,3,90,0,0,0,90
07/05/2013,LBB,TX,ASW,CE,Combined TRACON& Tower with Radar,33,44,21,1,99,0,26,31,0,57,33,70,52,1,156,20,0,20,176
07/06/2013,LBB,TX,ASW,CE,Combined TRACON& Tower with Radar,22,25,17,0,64,0,12,32,1,45,22,37,49,1,109,0,0,0,109
07/07/2013,LBB,TX,ASW,CE,Combined TRACON& Tower with Radar,23,28,37,2,90,0,10,50,1,61,23,38,87,3,151,84,0,84,235
07/08/2013,LBB,TX,ASW,CE,Combined TRACON& Tower with Radar,28,35,24,16,103,0,14,48,0,62,28,49,72,16,165,0,0,0,165
07/09/2013,LBB,TX,ASW,CE,Combined TRACON& Tower with Radar,35,42,30,5,112,0,26,37,1,64,35,68,67,6,176,30,12,42,218
07/10/2013,LBB,TX,ASW,CE,Combined TRACON& Tower with Radar,34,54,49,12,149,0,22,55,0,77,34,76,104,12,226,54,2,56,282
07/11/2013,LBB,TX,ASW,CE,Combined TRACON& Tower with Radar,32,46,44,36,158,0,14,56,0,70,32,60,100,36,228,78,18,96,324
07/12/2013,LBB,TX,ASW,CE,Combined TRACON& Tower with Radar,33,49,33,25,140,0,29,57,1,87,33,78,90,26,227,28,4,32,259
07/13/2013,LBB,TX,ASW,CE,Combined TRACON& Tower with Radar,22,28,18,4,72,0,17,44,1,62,22,45,62,5,134,44,0,44,178
07/14/2013,LBB,TX,ASW,CE,Combined TRACON& Tower with Radar,23,26,37,8,94,0,5,25,5,35,23,31,62,13,129,40,0,40,169
07/15/2013,LBB,TX,ASW,CE,Combined TRACON& Tower with Radar,26,35,29,24,114,0,8,25,2,35,26,43,54,26,149,91,27,118,267
07/16/2013,LBB,TX,ASW,CE,Combined TRACON& Tower with Radar,39,58,27,23,147,0,4,10,2,16,39,62,37,25,163,56,106,162,325
07/17/2013,LBB,TX,ASW,CE,Combined TRACON& Tower with Radar,36,54,32,5,127,0,2,2,0,4,36,56,34,5,131,0,0,0,131
07/18/2013,LBB,TX,ASW,CE,Combined TRACON& Tower with Radar,34,65,45,7,151,0,7,15,3,25,34,72,60,10,176,156,46,202,378
07/19/2013,LBB,TX,ASW,CE,Combined TRACON& Tower with Radar,34,51,34,12,131,0,35,47,0,82,34,86,81,12,213,0,0,0,213
07/20/2013,LBB,TX,ASW,CE,Combined TRACON& Tower with Radar,22,40,18,8,88,0,9,43,0,52,22,49,61,8,140,17,7,24,164
07/21/2013,LBB,TX,ASW,CE,Combined TRACON& Tower with Radar,23,26,25,4,78,0,7,23,2,32,23,33,48,6,110,96,0,96,206
07/22/2013,LBB,TX,ASW,CE,Combined TRACON& Tower with Radar,28,34,35,27,124,0,21,34,5,60,28,55,69,32,184,35,13,48,232
07/23/2013,LBB,TX,ASW,CE,Combined TRACON& Tower with Radar,35,48,43,36,162,0,16,68,4,88,35,64,111,40,250,68,52,120,370
07/24/2013,LBB,TX,ASW,CE,Combined TRACON& Tower with Radar,37,43,30,40,150,0,14,57,1,72,37,57,87,41,222,108,56,164,386
07/25/2013,LBB,TX,ASW,CE,Combined TRACON& Tower with Radar,37,56,33,3,129,0,21,57,1,79,37,77,90,4,208,98,0,98,306
07/26/2013,LBB,TX,ASW,CE,Combined TRACON& Tower with Radar,38,47,39,1,125,0,21,47,3,71,38,68,86,4,196,0,0,0,196
07/27/2013,LBB,TX,ASW,CE,Combined TRACON& Tower with Radar,25,19,12,0,56,0,17,41,9,67,25,36,53,9,123,94,0,94,217
07/28/2013,LBB,TX,ASW,CE,Combined TRACON& Tower with Radar,23,25,26,11,85,0,12,34,2,48,23,37,60,13,133,50,0,50,183
07/29/2013,LBB,TX,ASW,CE,Combined TRACON& Tower with Radar,24,33,27,43,127,7,24,37,1,69,31,57,64,44,196,12,28,40,236
07/30/2013,LBB,TX,ASW,CE,Combined TRACON& Tower with Radar,34,41,27,37,139,0,11,41,5,57,34,52,68,42,196,36,96,132,328
07/31/2013,LBB,TX,ASW,CE,Combined TRACON& Tower with Radar,34,43,25,14,116,0,24,33,3,60,34,67,58,17,176,14,16,30,206
08/01/2013,LBB,TX,ASW,CE,Combined TRACON& Tower with Radar,36,42,36,15,129,11,20,35,1,67,47,62,71,16,196,16,56,72,268
08/02/2013,LBB,TX,ASW,CE,Combined TRACON& Tower with Radar,33,46,33,9,121,0,16,40,1,57,33,62,73,10,178,48,0,48,226
08/03/2013,LBB,TX,ASW,CE,Combined TRACON& Tower with Radar,20,25,13,25,83,0,22,32,7,61,20,47,45,32,144,26,0,26,170
08/04/2013,LBB,TX,ASW,CE,Combined TRACON& Tower with Radar,25,24,31,10,90,0,27,42,2,71,25,51,73,12,161,86,0,86,247
08/05/2013,LBB,TX,ASW,CE,Combined TRACON& Tower with Radar,26,32,22,5,85,0,23,36,1,60,26,55,58,6,145,16,0,16,161
08/06/2013,LBB,TX,ASW,CE,Combined TRACON& Tower with Radar,37,46,32,18,133,1,22,40,1,64,38,68,72,19,197,14,0,14,211
08/07/2013,LBB,TX,ASW,CE,Combined TRACON& Tower with Radar,35,48,40,23,146,0,12,38,3,53,35,60,78,26,199,0,0,0,199
08/08/2013,LBB,TX,ASW,CE,Combined TRACON& Tower with Radar,34,48,26,47,155,0,16,51,3,70,34,64,77,50,225,41,36,77,302
08/09/2013,LBB,TX,ASW,CE,Combined TRACON& Tower with Radar,34,43,26,14,117,0,21,45,2,68,34,64,71,16,185,0,0,0,185
08/10/2013,LBB,TX,ASW,CE,Combined TRACON& Tower with Radar,23,26,24,12,85,0,20,45,0,65,23,46,69,12,150,20,0,20,170
08/11/2013,LBB,TX,ASW,CE,Combined TRACON& Tower with Radar,23,20,22,1,66,0,9,37,0,46,23,29,59,1,112,92,0,92,204
08/12/2013,LBB,TX,ASW,CE,Combined TRACON& Tower with Radar,23,39,28,53,143,5,19,33,4,61,28,58,61,57,204,178,0,178,382
08/13/2013,LBB,TX,ASW,CE,Combined TRACON& Tower with Radar,35,40,44,43,162,0,17,24,5,46,35,57,68,48,208,0,0,0,208
08/14/2013,LBB,TX,ASW,CE,Combined TRACON& Tower with Radar,37,58,38,5,138,0,4,25,0,29,37,62,63,5,167,0,16,16,183
08/15/2013,LBB,TX,ASW,CE,Combined TRACON& Tower with Radar,39,53,50,22,164,0,7,40,0,47,39,60,90,22,211,52,42,94,305
08/16/2013,LBB,TX,ASW,CE,Combined TRACON& Tower with Radar,33,50,29,18,130,0,23,36,1,60,33,73,65,19,190,34,8,42,232
08/17/2013,LBB,TX,ASW,CE,Combined TRACON& Tower with Radar,20,22,12,1,55,0,20,33,0,53,20,42,45,1,108,65,0,65,173
08/18/2013,LBB,TX,ASW,CE,Combined TRACON& Tower with Radar,25,26,19,3,73,26,27,51,1,105,51,53,70,4,178,124,4,128,306
08/19/2013,LBB,TX,ASW,CE,Combined TRACON& Tower with Radar,26,31,32,46,135,0,30,37,0,67,26,61,69,46,202,44,70,114,316
08/20/2013,LBB,TX,ASW,CE,Combined TRACON& Tower with Radar,33,46,38,45,162,0,17,50,5,72,33,63,88,50,234,80,48,128,362
08/21/2013,LBB,TX,ASW,CE,Combined TRACON& Tower with Radar,35,44,51,32,162,0,20,48,4,72,35,64,99,36,234,46,28,74,308
08/22/2013,LBB,TX,ASW,CE,Combined TRACON& Tower with Radar,34,49,34,64,181,0,31,39,0,70,34,80,73,64,251,78,48,126,377
08/23/2013,LBB,TX,ASW,CE,Combined TRACON& Tower with Radar,33,53,34,28,148,0,25,59,0,84,33,78,93,28,232,140,52,192,424
08/24/2013,LBB,TX,ASW,CE,Combined TRACON& Tower with Radar,20,26,22,0,68,0,16,61,1,78,20,42,83,1,146,72,0,72,218
08/25/2013,LBB,TX,ASW,CE,Combined TRACON& Tower with Radar,21,25,17,10,73,0,31,36,1,68,21,56,53,11,141,60,4,64,205
08/26/2013,LBB,TX,ASW,CE,Combined TRACON& Tower with Radar,26,45,16,19,106,0,15,37,1,53,26,60,53,20,159,0,0,0,159
08/27/2013,LBB,TX,ASW,CE,Combined TRACON& Tower with Radar,34,44,29,49,156,0,27,37,4,68,34,71,66,53,224,0,0,0,224
08/28/2013,LBB,TX,ASW,CE,Combined TRACON& Tower with Radar,34,48,32,25,139,0,22,24,2,48,34,70,56,27,187,38,64,102,289
08/29/2013,LBB,TX,ASW,CE,Combined TRACON& Tower with Radar,35,53,27,3,118,0,16,32,0,48,35,69,59,3,166,42,20,62,228
08/30/2013,LBB,TX,ASW,CE,Combined TRACON& Tower with Radar,31,48,42,22,143,0,20,40,4,64,31,68,82,26,207,36,38,74,281
08/31/2013,LBB,TX,ASW,CE,Combined TRACON& Tower with Radar,22,31,18,1,72,0,16,44,1,61,22,47,62,2,133,72,0,72,205
09/01/2013,LBB,TX,ASW,CE,Combined TRACON& Tower with Radar,18,22,17,0,57,0,19,33,0,52,18,41,50,0,109,18,0,18,127
09/02/2013,LBB,TX,ASW,CE,Combined TRACON& Tower with Radar,19,25,35,0,79,0,6,37,0,43,19,31,72,0,122,100,0,100,222
09/03/2013,LBB,TX,ASW,CE,Combined TRACON& Tower with Radar,28,39,35,41,143,0,7,51,2,60,28,46,86,43,203,33,54,87,290
09/04/2013,LBB,TX,ASW,CE,Combined TRACON& Tower with Radar,32,49,45,52,178,0,22,28,1,51,32,71,73,53,229,66,8,74,303
09/05/2013,LBB,TX,ASW,CE,Combined TRACON& Tower with Radar,34,53,28,14,129,0,17,43,1,61,34,70,71,15,190,12,60,72,262
09/06/2013,LBB,TX,ASW,CE,Combined TRACON& Tower with Radar,32,43,31,100,206,0,8,41,2,51,32,51,72,102,257,64,94,158,415
09/07/2013,LBB,TX,ASW,CE,Combined TRACON& Tower with Radar,20,26,25,6,77,0,15,55,1,71,20,41,80,7,148,28,2,30,178
09/08/2013,LBB,TX,ASW,CE,Combined TRACON& Tower with Radar,24,28,30,4,86,0,13,37,1,51,24,41,67,5,137,18,6,24,161
09/09/2013,LBB,TX,ASW,CE,Combined TRACON& Tower with Radar,28,37,23,27,115,1,14,27,1,43,29,51,50,28,158,24,42,66,224
09/10/2013,LBB,TX,ASW,CE,Combined TRACON& Tower with Radar,33,45,47,42,167,0,20,31,0,51,33,65,78,42,218,8,70,78,296
09/11/2013,LBB,TX,ASW,CE,Combined TRACON& Tower with Radar,36,53,51,30,170,0,13,20,0,33,36,66,71,30,203,22,4,26,229
09/12/2013,LBB,TX,ASW,CE,Combined TRACON& Tower with Radar,37,69,115,22,243,0,10,64,3,77,37,79,179,25,320,16,12,28,348
09/13/2013,LBB,TX,ASW,CE,Combined TRACON& Tower with Radar,33,49,59,39,180,0,13,47,2,62,33,62,106,41,242,48,0,48,290
09/14/2013,LBB,TX,ASW,CE,Combined TRACON& Tower with Radar,22,38,36,15,111,0,11,39,4,54,22,49,75,19,165,40,24,64,229
09/15/2013,LBB,TX,ASW,CE,Combined TRACON& Tower with Radar,25,23,32,3,83,0,13,22,1,36,25,36,54,4,119,8,0,8,127
09/16/2013,LBB,TX,ASW,CE,Combined TRACON& Tower with Radar,26,33,30,6,95,0,11,13,1,25,26,44,43,7,120,6,0,6,126
09/17/2013,LBB,TX,ASW,CE,Combined TRACON& Tower with Radar,34,52,32,22,140,0,6,25,2,33,34,58,57,24,173,24,8,32,205
09/18/2013,LBB,TX,ASW,CE,Combined TRACON& Tower with Radar,34,54,47,7,142,0,7,31,1,39,34,61,78,8,181,0,32,32,213
09/19/2013,LBB,TX,ASW,CE,Combined TRACON& Tower with Radar,38,58,46,15,157,0,6,5,0,11,38,64,51,15,168,56,38,94,262
09/20/2013,LBB,TX,ASW,CE,Combined TRACON& Tower with Radar,34,58,36,9,137,0,5,14,0,19,34,63,50,9,156,16,0,16,172
09/21/2013,LBB,TX,ASW,CE,Combined TRACON& Tower with Radar,23,27,42,23,115,0,13,68,4,85,23,40,110,27,200,34,8,42,242
09/22/2013,LBB,TX,ASW,CE,Combined TRACON& Tower with Radar,27,20,49,1,97,0,10,41,1,52,27,30,90,2,149,0,0,0,149
09/23/2013,LBB,TX,ASW,CE,Combined TRACON& Tower with Radar,28,34,22,26,110,0,19,35,0,54,28,53,57,26,164,40,90,130,294
09/24/2013,LBB,TX,ASW,CE,Combined TRACON& Tower with Radar,34,42,37,22,135,0,23,75,6,104,34,65,112,28,239,34,20,54,293
09/25/2013,LBB,TX,ASW,CE,Combined TRACON& Tower with Radar,34,42,37,28,141,1,19,57,7,84,35,61,94,35,225,12,20,32,257
09/26/2013,LBB,TX,ASW,CE,Combined TRACON& Tower with Radar,34,48,49,8,139,0,28,74,2,104,34,76,123,10,243,68,5,73,316
09/27/2013,LBB,TX,ASW,CE,Combined TRACON& Tower with Radar,31,49,41,16,137,0,7,34,0,41,31,56,75,16,178,0,24,24,202
09/28/2013,LBB,TX,ASW,CE,Combined TRACON& Tower with Radar,20,23,25,18,86,0,15,27,4,46,20,38,52,22,132,38,0,38,170
09/29/2013,LBB,TX,ASW,CE,Combined TRACON& Tower with Radar,23,29,31,16,99,0,15,55,2,72,23,44,86,18,171,80,0,80,251
09/30/2013,LBB,TX,ASW,CE,Combined TRACON& Tower with Radar,26,34,27,8,95,0,14,42,0,56,26,48,69,8,151,0,0,0,151
10/01/2013,LBB,TX,ASW,CE,Combined TRACON& Tower with Radar,28,58,43,22,151,0,14,65,2,81,28,72,108,24,232,40,10,50,282
10/02/2013,LBB,TX,ASW,CE,Combined TRACON& Tower with Radar,28,58,21,37,144,0,22,34,1,57,28,80,55,38,201,20,18,38,239
10/03/2013,LBB,TX,ASW,CE,Combined TRACON& Tower with Radar,31,62,36,30,159,0,13,49,0,62,31,75,85,30,221,82,50,132,353
10/04/2013,LBB,TX,ASW,CE,Combined TRACON& Tower with Radar,30,54,52,5,141,0,16,48,0,64,30,70,100,5,205,10,24,34,239
10/05/2013,LBB,TX,ASW,CE,Combined TRACON& Tower with Radar,19,33,22,9,83,0,18,45,1,64,19,51,67,10,147,54,0,54,201
10/06/2013,LBB,TX,ASW,CE,Combined TRACON& Tower with Radar,23,33,28,0,84,0,6,51,0,57,23,39,79,0,141,40,0,40,181
10/07/2013,LBB,TX,ASW,CE,Combined TRACON& Tower with Radar,24,38,45,14,121,0,22,45,6,73,24,60,90,20,194,37,0,37,231
10/08/2013,LBB,TX,ASW,CE,Combined TRACON& Tower with Radar,28,62,49,31,170,0,18,38,0,56,28,80,87,31,226,30,36,66,292
10/09/2013,LBB,TX,ASW,CE,Combined TRACON& Tower with Radar,28,50,41,36,155,0,9,35,1,45,28,59,76,37,200,36,36,72,272
10/10/2013,LBB,TX,ASW,CE,Combined TRACON& Tower with Radar,30,53,28,48,159,0,7,26,0,33,30,60,54,48,192,0,0,0,192
10/11/2013,LBB,TX,ASW,CE,Combined TRACON& Tower with Radar,29,58,62,45,194,0,14,49,1,64,29,72,111,46,258,32,62,94,352
10/12/2013,LBB,TX,ASW,CE,Combined TRACON& Tower with Radar,18,33,66,0,117,0,15,37,2,54,18,48,103,2,171,24,0,24,195
10/13/2013,LBB,TX,ASW,CE,Combined TRACON& Tower with Radar,24,36,39,1,100,0,7,1,0,8,24,43,40,1,108,4,0,4,112
10/14/2013,LBB,TX,ASW,CE,Combined TRACON& Tower with Radar,23,39,36,0,98,0,6,9,0,15,23,45,45,0,113,0,0,0,113
10/15/2013,LBB,TX,ASW,CE,Combined TRACON& Tower with Radar,28,55,34,22,139,0,8,35,0,43,28,63,69,22,182,20,34,54,236
10/16/2013,LBB,TX,ASW,CE,Combined TRACON& Tower with Radar,30,63,30,65,188,0,9,27,3,39,30,72,57,68,227,32,66,98,325
10/17/2013,LBB,TX,ASW,CE,Combined TRACON& Tower with Radar,30,65,53,25,173,0,13,61,0,74,30,78,114,25,247,152,14,166,413
10/18/2013,LBB,TX,ASW,CE,Combined TRACON& Tower with Radar,32,74,61,72,239,0,12,13,0,25,32,86,74,72,264,64,4,68,332
10/19/2013,LBB,TX,ASW,CE,Combined TRACON& Tower with Radar,19,35,28,0,82,0,11,63,3,77,19,46,91,3,159,50,0,50,209
10/20/2013,LBB,TX,ASW,CE,Combined TRACON& Tower with Radar,21,28,28,19,96,0,13,47,7,67,21,41,75,26,163,24,16,40,203
10/21/2013,LBB,TX,ASW,CE,Combined TRACON& Tower with Radar,21,62,26,90,199,0,11,31,1,43,21,73,57,91,242,52,90,142,384
10/22/2013,LBB,TX,ASW,CE,Combined TRACON& Tower with Radar,29,54,36,70,189,0,8,42,3,53,29,62,78,73,242,76,220,296,538
10/23/2013,LBB,TX,ASW,CE,Combined TRACON& Tower with Radar,28,68,36,32,164,0,14,35,3,52,28,82,71,35,216,22,60,82,298
10/24/2013,LBB,TX,ASW,CE,Combined TRACON& Tower with Radar,28,55,43,44,170,0,13,49,1,63,28,68,92,45,233,108,40,148,381
10/25/2013,LBB,TX,ASW,CE,Combined TRACON& Tower with Radar,30,57,36,12,135,0,5,45,1,51,30,62,81,13,186,28,12,40,226
10/26/2013,LBB,TX,ASW,CE,Combined TRACON& Tower with Radar,27,38,41,0,106,0,9,50,1,60,27,47,91,1,166,54,10,64,230
10/27/2013,LBB,TX,ASW,CE,Combined TRACON& Tower with Radar,21,32,27,19,99,0,18,28,1,47,21,50,55,20,146,34,22,56,202
10/28/2013,LBB,TX,ASW,CE,Combined TRACON& Tower with Radar,22,47,28,48,145,0,10,7,0,17,22,57,35,48,162,28,0,28,190
10/29/2013,LBB,TX,ASW,CE,Combined TRACON& Tower with Radar,28,54,51,41,174,0,8,16,5,29,28,62,67,46,203,8,14,22,225
10/30/2013,LBB,TX,ASW,CE,Combined TRACON& Tower with Radar,28,62,38,81,209,0,7,33,7,47,28,69,71,88,256,4,50,54,310
10/31/2013,LBB,TX,ASW,CE,Combined TRACON& Tower with Radar,28,60,41,27,156,0,10,38,5,53,28,70,79,32,209,52,20,72,281
11/01/2013,LBB,TX,ASW,CE,Combined TRACON& Tower with Radar,30,59,54,18,161,0,12,56,1,69,30,71,110,19,230,65,0,65,295
11/02/2013,LBB,TX,ASW,CE,Combined TRACON& Tower with Radar,19,45,65,10,139,0,5,84,0,89,19,50,149,10,228,52,0,52,280
11/03/2013,LBB,TX,ASW,CE,Combined TRACON& Tower with Radar,21,48,52,8,129,0,12,26,0,38,21,60,78,8,167,0,0,0,167
11/04/2013,LBB,TX,ASW,CE,Combined TRACON& Tower with Radar,22,46,23,48,139,0,10,19,0,29,22,56,42,48,168,52,57,109,277
11/05/2013,LBB,TX,ASW,CE,Combined TRACON& Tower with Radar,29,69,38,69,205,0,13,16,5,34,29,82,54,74,239,14,36,50,289
11/06/2013,LBB,TX,ASW,CE,Combined TRACON& Tower with Radar,29,54,21,30,134,0,6,48,4,58,29,60,69,34,192,32,48,80,272
11/07/2013,LBB,TX,ASW,CE,Combined TRACON& Tower with Radar,28,54,41,27,150,0,12,56,4,72,28,66,97,31,222,136,32,168,390
11/08/2013,LBB,TX,ASW,CE,Combined TRACON& Tower with Radar,30,53,50,21,154,0,16,41,3,60,30,69,91,24,214,8,0,8,222
11/09/2013,LBB,TX,ASW,CE,Combined TRACON& Tower with Radar,23,35,53,11,122,0,8,49,0,57,23,43,102,11,179,22,0,22,201
11/10/2013,LBB,TX,ASW,CE,Combined TRACON& Tower with Radar,21,41,45,0,107,0,16,38,0,54,21,57,83,0,161,43,0,43,204
11/11/2013,LBB,TX,ASW,CE,Combined TRACON& Tower with Radar,21,40,29,0,90,0,7,27,0,34,21,47,56,0,124,14,0,14,138
11/12/2013,LBB,TX,ASW,CE,Combined TRACON& Tower with Radar,29,60,25,26,140,0,8,19,0,27,29,68,44,26,167,14,14,28,195
11/13/2013,LBB,TX,ASW,CE,Combined TRACON& Tower with Radar,28,51,47,19,145,0,20,45,1,66,28,71,92,20,211,16,14,30,241
11/14/2013,LBB,TX,ASW,CE,Combined TRACON& Tower with Radar,32,57,49,21,159,0,13,49,7,69,32,70,98,28,228,48,104,152,380
11/15/2013,LBB,TX,ASW,CE,Combined TRACON& Tower with Radar,30,64,50,47,191,0,9,49,0,58,30,73,99,47,249,10,62,72,321
11/16/2013,LBB,TX,ASW,CE,Combined TRACON& Tower with Radar,21,31,10,1,63,0,10,18,2,30,21,41,28,3,93,26,0,26,119
11/17/2013,LBB,TX,ASW,CE,Combined TRACON& Tower with Radar,27,28,36,0,91,0,16,54,0,70,27,44,90,0,161,40,0,40,201
11/18/2013,LBB,TX,ASW,CE,Combined TRACON& Tower with Radar,22,38,20,22,102,0,3,26,0,29,22,41,46,22,131,32,16,48,179
11/19/2013,LBB,TX,ASW,CE,Combined TRACON& Tower with Radar,30,42,40,26,138,0,26,38,4,68,30,68,78,30,206,117,32,149,355
11/20/2013,LBB,TX,ASW,CE,Combined TRACON& Tower with Radar,28,61,37,31,157,0,9,24,2,35,28,70,61,33,192,20,24,44,236
11/21/2013,LBB,TX,ASW,CE,Combined TRACON& Tower with Radar,28,75,33,61,197,0,9,30,2,41,28,84,63,63,238,84,16,100,338
11/22/2013,LBB,TX,ASW,CE,Combined TRACON& Tower with Radar,26,35,11,0,72,0,2,1,0,3,26,37,12,0,75,0,0,0,75
11/23/2013,LBB,TX,ASW,CE,Combined TRACON& Tower with Radar,24,19,6,0,49,0,0,0,0,0,24,19,6,0,49,0,0,0,49
11/24/2013,LBB,TX,ASW,CE,Combined TRACON& Tower with Radar,21,12,10,0,43,0,0,0,0,0,21,12,10,0,43,0,0,0,43
11/25/2013,LBB,TX,ASW,CE,Combined TRACON& Tower with Radar,25,33,29,7,94,0,0,12,6,18,25,33,41,13,112,0,0,0,112
11/26/2013,LBB,TX,ASW,CE,Combined TRACON& Tower with Radar,26,50,40,27,143,0,11,34,3,48,26,61,74,30,191,22,62,84,275
11/27/2013,LBB,TX,ASW,CE,Combined TRACON& Tower with Radar,30,59,49,8,146,0,18,38,2,58,30,77,87,10,204,34,24,58,262
11/28/2013,LBB,TX,ASW,CE,Combined TRACON& Tower with Radar,9,21,7,0,37,0,29,23,0,52,9,50,30,0,89,18,0,18,107
11/29/2013,LBB,TX,ASW,CE,Combined TRACON& Tower with Radar,23,47,28,0,98,3,19,42,0,64,26,66,70,0,162,42,0,42,204
11/30/2013,LBB,TX,ASW,CE,Combined TRACON& Tower with Radar,24,38,34,0,96,0,9,49,0,58,24,47,83,0,154,106,0,106,260
12/01/2013,LBB,TX,ASW,CE,Combined TRACON& Tower with Radar,26,23,56,0,105,0,11,48,0,59,26,34,104,0,164,0,0,0,164
12/02/2013,LBB,TX,ASW,CE,Combined TRACON& Tower with Radar,19,47,20,18,104,0,11,36,4,51,19,58,56,22,155,18,34,52,207
12/03/2013,LBB,TX,ASW,CE,Combined TRACON& Tower with Radar,26,61,29,62,178,0,18,45,2,65,26,79,74,64,243,64,64,128,371
12/04/2013,LBB,TX,ASW,CE,Combined TRACON& Tower with Radar,25,53,60,45,183,0,21,38,1,60,25,74,98,46,243,14,60,74,317
12/05/2013,LBB,TX,ASW,CE,Combined TRACON& Tower with Radar,22,40,11,10,83,0,5,1,0,6,22,45,12,10,89,0,0,0,89
12/06/2013,LBB,TX,ASW,CE,Combined TRACON& Tower with Radar,21,33,14,20,88,0,12,9,0,21,21,45,23,20,109,0,32,32,141
12/07/2013,LBB,TX,ASW,CE,Combined TRACON& Tower with Radar,17,22,5,0,44,0,5,7,0,12,17,27,12,0,56,16,0,16,72
12/08/2013,LBB,TX,ASW,CE,Combined TRACON& Tower with Radar,19,15,18,0,52,0,2,20,0,22,19,17,38,0,74,44,0,44,118
12/09/2013,LBB,TX,ASW,CE,Combined TRACON& Tower with Radar,15,25,32,2,74,0,5,5,0,10,15,30,37,2,84,0,0,0,84
12/10/2013,LBB,TX,ASW,CE,Combined TRACON& Tower with Radar,27,60,44,40,171,0,7,33,5,45,27,67,77,45,216,12,44,56,272
12/11/2013,LBB,TX,ASW,CE,Combined TRACON& Tower with Radar,29,56,54,18,157,0,19,35,4,58,29,75,89,22,215,52,20,72,287
12/12/2013,LBB,TX,ASW,CE,Combined TRACON& Tower with Radar,28,58,49,15,150,0,11,37,0,48,28,69,86,15,198,68,44,112,310
12/13/2013,LBB,TX,ASW,CE,Combined TRACON& Tower with Radar,32,56,36,60,184,0,32,22,0,54,32,88,58,60,238,8,66,74,312
12/14/2013,LBB,TX,ASW,CE,Combined TRACON& Tower with Radar,21,36,38,0,95,0,31,38,1,70,21,67,76,1,165,8,0,8,173
12/15/2013,LBB,TX,ASW,CE,Combined TRACON& Tower with Radar,21,24,39,0,84,0,21,31,1,53,21,45,70,1,137,32,0,32,169
12/16/2013,LBB,TX,ASW,CE,Combined TRACON& Tower with Radar,22,41,25,15,103,0,17,60,2,79,22,58,85,17,182,26,17,43,225
12/17/2013,LBB,TX,ASW,CE,Combined TRACON& Tower with Radar,27,59,47,51,184,0,26,59,4,89,27,85,106,55,273,30,20,50,323
12/18/2013,LBB,TX,ASW,CE,Combined TRACON& Tower with Radar,29,53,51,39,172,0,22,55,4,81,29,75,106,43,253,8,36,44,297
12/19/2013,LBB,TX,ASW,CE,Combined TRACON& Tower with Radar,28,59,37,20,144,0,15,57,0,72,28,74,94,20,216,20,24,44,260
12/20/2013,LBB,TX,ASW,CE,Combined TRACON& Tower with Radar,26,68,44,9,147,0,7,18,0,25,26,75,62,9,172,20,4,24,196
12/21/2013,LBB,TX,ASW,CE,Combined TRACON& Tower with Radar,23,41,21,0,85,0,6,7,0,13,23,47,28,0,98,38,0,38,136
12/22/2013,LBB,TX,ASW,CE,Combined TRACON& Tower with Radar,24,29,36,0,89,0,15,27,0,42,24,44,63,0,131,24,0,24,155
12/23/2013,LBB,TX,ASW,CE,Combined TRACON& Tower with Radar,23,39,27,2,91,0,15,50,2,67,23,54,77,4,158,22,0,22,180
12/24/2013,LBB,TX,ASW,CE,Combined TRACON& Tower with Radar,23,51,25,0,99,0,20,35,0,55,23,71,60,0,154,0,0,0,154
12/25/2013,LBB,TX,ASW,CE,Combined TRACON& Tower with Radar,19,17,4,0,40,0,13,15,1,29,19,30,19,1,69,0,0,0,69
12/26/2013,LBB,TX,ASW,CE,Combined TRACON& Tower with Radar,26,54,30,1,111,0,20,51,1,72,26,74,81,2,183,38,0,38,221
12/27/2013,LBB,TX,ASW,CE,Combined TRACON& Tower with Radar,28,57,44,2,131,0,19,51,0,70,28,76,95,2,201,32,0,32,233
12/28/2013,LBB,TX,ASW,CE,Combined TRACON& Tower with Radar,21,32,21,0,74,0,26,29,2,57,21,58,50,2,131,0,0,0,131
12/29/2013,LBB,TX,ASW,CE,Combined TRACON& Tower with Radar,23,34,9,0,66,0,7,14,0,21,23,41,23,0,87,0,0,0,87
12/30/2013,LBB,TX,ASW,CE,Combined TRACON& Tower with Radar,22,44,16,0,82,0,17,39,0,56,22,61,55,0,138,8,0,8,146
12/31/2013,LBB,TX,ASW,CE,Combined TRACON& Tower with Radar,28,43,19,0,90,0,10,34,0,44,28,53,53,0,134,36,0,36,170
01/01/2014,LBB,TX,ASW,CE,Combined TRACON& Tower with Radar,12,25,13,0,50,0,6,12,1,19,12,31,25,1,69,20,0,20,89
01/02/2014,LBB,TX,ASW,CE,Combined TRACON& Tower with Radar,28,55,36,22,141,0,16,46,0,62,28,71,82,22,203,72,36,108,311
01/03/2014,LBB,TX,ASW,CE,Combined TRACON& Tower with Radar,25,55,41,0,121,0,21,37,2,60,25,76,78,2,181,0,0,0,181
01/04/2014,LBB,TX,ASW,CE,Combined TRACON& Tower with Radar,25,32,30,0,87,0,13,55,0,68,25,45,85,0,155,0,0,0,155
01/05/2014,LBB,TX,ASW,CE,Combined TRACON& Tower with Radar,20,35,33,2,90,0,12,40,0,52,20,47,73,2,142,38,0,38,180
01/06/2014,LBB,TX,ASW,CE,Combined TRACON& Tower with Radar,26,30,23,8,87,0,17,41,0,58,26,47,64,8,145,28,8,36,181
01/07/2014,LBB,TX,ASW,CE,Combined TRACON& Tower with Radar,26,52,38,15,131,0,10,47,0,57,26,62,85,15,188,24,26,50,238
01/08/2014,LBB,TX,ASW,CE,Combined TRACON& Tower with Radar,24,54,44,34,156,0,16,17,0,33,24,70,61,34,189,12,132,144,333
01/09/2014,LBB,TX,ASW,CE,Combined TRACON& Tower with Radar,28,58,28,49,163,0,12,22,5,39,28,70,50,54,202,10,50,60,262
01/10/2014,LBB,TX,ASW,CE,Combined TRACON& Tower with Radar,29,55,20,142,246,0,6,28,12,46,29,61,48,154,292,0,68,68,360
01/11/2014,LBB,TX,ASW,CE,Combined TRACON& Tower with Radar,19,23,28,26,96,0,21,64,5,90,19,44,92,31,186,66,6,72,258
01/12/2014,LBB,TX,ASW,CE,Combined TRACON& Tower with Radar,21,29,30,0,80,0,16,11,0,27,21,45,41,0,107,12,0,12,119
01/13/2014,LBB,TX,ASW,CE,Combined TRACON& Tower with Radar,20,38,30,17,105,0,12,37,0,49,20,50,67,17,154,6,22,28,182
01/14/2014,LBB,TX,ASW,CE,Combined TRACON& Tower with Radar,26,54,29,12,121,0,23,38,1,62,26,77,67,13,183,48,16,64,247
01/15/2014,LBB,TX,ASW,CE,Combined TRACON& Tower with Radar,26,58,32,39,155,0,21,44,1,66,26,79,76,40,221,28,24,52,273
01/16/2014,LBB,TX,ASW,CE,Combined TRACON& Tower with Radar,26,64,40,12,142,0,9,49,0,58,26,73,89,12,200,74,18,92,292
01/17/2014,LBB,TX,ASW,CE,Combined TRACON& Tower with Radar,28,54,54,10,146,0,14,60,2,76,28,68,114,12,222,46,16,62,284
01/18/2014,LBB,TX,ASW,CE,Combined TRACON& Tower with Radar,19,21,24,21,85,0,12,77,2,91,19,33,101,23,176,60,0,60,236
01/19/2014,LBB,TX,ASW,CE,Combined TRACON& Tower with Radar,19,24,29,3,75,0,9,21,0,30,19,33,50,3,105,25,0,25,130
01/20/2014,LBB,TX,ASW,CE,Combined TRACON& Tower with Radar,24,38,27,3,92,0,11,50,0,61,24,49,77,3,153,52,0,52,205
01/21/2014,LBB,TX,ASW,CE,Combined TRACON& Tower with Radar,28,52,36,2,118,0,10,44,1,55,28,62,80,3,173,12,20,32,205
01/22/2014,LBB,TX,ASW,CE,Combined TRACON& Tower with Radar,28,62,30,2,122,0,15,44,4,63,28,77,74,6,185,44,0,44,229
01/23/2014,LBB,TX,ASW,CE,Combined TRACON& Tower with Radar,25,65,27,37,154,0,5,16,2,23,25,70,43,39,177,0,62,62,239
01/24/2014,LBB,TX,ASW,CE,Combined TRACON& Tower with Radar,26,50,32,60,168,0,15,54,7,76,26,65,86,67,244,18,18,36,280
01/25/2014,LBB,TX,ASW,CE,Combined TRACON& Tower with Radar,19,25,19,3,66,0,15,60,0,75,19,40,79,3,141,44,0,44,185
01/26/2014,LBB,TX,ASW,CE,Combined TRACON& Tower with Radar,19,23,25,1,68,0,12,48,0,60,19,35,73,1,128,14,0,14,142
01/27/2014,LBB,TX,ASW,CE,Combined TRACON& Tower with Radar,20,32,22,45,119,0,11,20,0,31,20,43,42,45,150,4,58,62,212
01/28/2014,LBB,TX,ASW,CE,Combined TRACON& Tower with Radar,26,41,35,36,138,0,19,29,3,51,26,60,64,39,189,0,56,56,245
01/29/2014,LBB,TX,ASW,CE,Combined TRACON& Tower with Radar,25,50,36,28,139,0,16,39,0,55,25,66,75,28,194,6,48,54,248
01/30/2014,LBB,TX,ASW,CE,Combined TRACON& Tower with Radar,26,56,23,53,158,0,20,29,3,52,26,76,52,56,210,0,32,32,242
01/31/2014,LBB,TX,ASW,CE,Combined TRACON& Tower with Radar,26,56,33,75,190,0,27,46,1,74,26,83,79,76,264,16,66,82,346
02/01/2014,LBB,TX,ASW,CE,Combined TRACON& Tower with Radar,19,28,16,8,71,0,20,76,0,96,19,48,92,8,167,40,6,46,213
02/02/2014,LBB,TX,ASW,CE,Combined TRACON& Tower with Radar,17,31,12,0,60,0,2,7,0,9,17,33,19,0,69,8,0,8,77
02/03/2014,LBB,TX,ASW,CE,Combined TRACON& Tower with Radar,20,29,24,5,78,0,0,0,0,0,20,29,24,5,78,0,0,0,78
02/04/2014,LBB,TX,ASW,CE,Combined TRACON& Tower with Radar,27,48,33,12,120,0,12,18,0,30,27,60,51,12,150,4,0,4,154
02/05/2014,LBB,TX,ASW,CE,Combined TRACON& Tower with Radar,26,57,40,13,136,0,8,18,0,26,26,65,58,13,162,4,0,4,166
02/06/2014,LBB,TX,ASW,CE,Combined TRACON& Tower with Radar,26,44,21,0,91,0,4,9,1,14,26,48,30,1,105,0,0,0,105
02/07/2014,LBB,TX,ASW,CE,Combined TRACON& Tower with Radar,26,70,46,33,175,0,7,16,3,26,26,77,62,36,201,0,14,14,215
02/08/2014,LBB,TX,ASW,CE,Combined TRACON& Tower with Radar,19,34,36,10,99,0,16,50,2,68,19,50,86,12,167,26,0,26,193
02/09/2014,LBB,TX,ASW,CE,Combined TRACON& Tower with Radar,21,29,33,4,87,0,12,33,3,48,21,41,66,7,135,52,0,52,187
02/10/2014,LBB,TX,ASW,CE,Combined TRACON& Tower with Radar,22,37,24,0,83,0,0,0,0,0,22,37,24,0,83,0,0,0,83
02/11/2014,LBB,TX,ASW,CE,Combined TRACON& Tower with Radar,25,57,27,16,125,0,3,5,0,8,25,60,32,16,133,0,8,8,141
02/12/2014,LBB,TX,ASW,CE,Combined TRACON& Tower with Radar,29,53,36,23,141,0,23,35,4,62,29,76,71,27,203,20,20,40,243
02/13/2014,LBB,TX,ASW,CE,Combined TRACON& Tower with Radar,32,53,55,24,164,0,10,75,2,87,32,63,130,26,251,16,18,34,285
02/14/2014,LBB,TX,ASW,CE,Combined TRACON& Tower with Radar,28,45,37,18,128,0,14,43,4,61,28,59,80,22,189,16,0,16,205
02/15/2014,LBB,TX,ASW,CE,Combined TRACON& Tower with Radar,21,23,16,9,69,0,18,80,0,98,21,41,96,9,167,54,10,64,231
02/16/2014,LBB,TX,ASW,CE,Combined TRACON& Tower with Radar,25,20,33,16,94,0,14,37,0,51,25,34,70,16,145,109,0,109,254
02/17/2014,LBB,TX,ASW,CE,Combined TRACON& Tower with Radar,23,36,35,13,107,0,7,33,3,43,23,43,68,16,150,52,0,52,202
02/18/2014,LBB,TX,ASW,CE,Combined TRACON& Tower with Radar,31,44,39,28,142,0,21,34,0,55,31,65,73,28,197,24,4,28,225
02/19/2014,LBB,TX,ASW,CE,Combined TRACON& Tower with Radar,28,54,56,42,180,0,23,52,2,77,28,77,108,44,257,52,6,58,315
02/20/2014,LBB,TX,ASW,CE,Combined TRACON& Tower with Radar,28,49,34,72,183,0,11,36,2,49,28,60,70,74,232,0,52,52,284
02/21/2014,LBB,TX,ASW,CE,Combined TRACON& Tower with Radar,28,59,50,60,197,0,13,71,1,85,28,72,121,61,282,0,16,16,298
02/22/2014,LBB,TX,ASW,CE,Combined TRACON& Tower with Radar,21,25,21,4,71,0,8,65,1,74,21,33,86,5,145,76,0,76,221
02/23/2014,LBB,TX,ASW,CE,Combined TRACON& Tower with Radar,23,24,35,9,91,0,17,46,1,64,23,41,81,10,155,54,14,68,223
02/24/2014,LBB,TX,ASW,CE,Combined TRACON& Tower with Radar,22,39,19,65,145,0,9,42,4,55,22,48,61,69,200,50,128,178,378
02/25/2014,LBB,TX,ASW,CE,Combined TRACON& Tower with Radar,30,58,45,99,232,0,1,10,2,13,30,59,55,101,245,0,84,84,329
02/26/2014,LBB,TX,ASW,CE,Combined TRACON& Tower with Radar,28,55,37,88,208,0,12,27,6,45,28,67,64,94,253,14,62,76,329
02/27/2014,LBB,TX,ASW,CE,Combined TRACON& Tower with Radar,28,53,34,9,124,0,18,29,2,49,28,71,63,11,173,38,12,50,223
02/28/2014,LBB,TX,ASW,CE,Combined TRACON& Tower with Radar,30,58,42,52,182,0,16,26,6,48,30,74,68,58,230,6,28,34,264
03/01/2014,LBB,TX,ASW,CE,Combined TRACON& Tower with Radar,21,40,39,30,130,0,13,31,6,50,21,53,70,36,180,8,0,8,188
03/02/2014,LBB,TX,ASW,CE,Combined TRACON& Tower with Radar,19,20,17,2,58,0,5,1,0,6,19,25,18,2,64,0,0,0,64
03/03/2014,LBB,TX,ASW,CE,Combined TRACON& Tower with Radar,26,41,27,34,128,0,16,29,5,50,26,57,56,39,178,16,46,62,240
03/04/2014,LBB,TX,ASW,CE,Combined TRACON& Tower with Radar,28,47,27,29,131,0,17,40,1,58,28,64,67,30,189,98,124,222,411
03/05/2014,LBB,TX,ASW,CE,Combined TRACON& Tower with Radar,28,55,44,29,156,0,18,34,1,53,28,73,78,30,209,0,0,0,209
03/06/2014,LBB,TX,ASW,CE,Combined TRACON& Tower with Radar,28,52,45,22,147,0,14,48,3,65,28,66,93,25,212,100,36,136,348
03/07/2014,LBB,TX,ASW,CE,Combined TRACON& Tower with Radar,29,51,45,40,165,0,28,55,2,85,29,79,100,42,250,46,52,98,348
03/08/2014,LBB,TX,ASW,CE,Combined TRACON& Tower with Radar,24,35,33,30,122,0,8,24,1,33,24,43,57,31,155,0,0,0,155
03/09/2014,LBB,TX,ASW,CE,Combined TRACON& Tower with Radar,23,20,45,16,104,0,12,73,2,87,23,32,118,18,191,18,0,18,209
03/10/2014,LBB,TX,ASW,CE,Combined TRACON& Tower with Radar,22,37,27,23,109,0,18,41,0,59,22,55,68,23,168,86,0,86,254
03/11/2014,LBB,TX,ASW,CE,Combined TRACON& Tower with Radar,26,47,22,23,118,0,15,15,0,30,26,62,37,23,148,0,10,10,158
03/12/2014,LBB,TX,ASW,CE,Combined TRACON& Tower with Radar,28,54,45,62,189,0,37,59,5,101,28,91,104,67,290,46,66,112,402
03/13/2014,LBB,TX,ASW,CE,Combined TRACON& Tower with Radar,28,58,38,31,155,0,14,35,9,58,28,72,73,40,213,8,24,32,245
03/14/2014,LBB,TX,ASW,CE,Combined TRACON& Tower with Radar,28,50,45,55,178,0,8,49,1,58,28,58,94,56,236,20,72,92,328
03/15/2014,LBB,TX,ASW,CE,Combined TRACON& Tower with Radar,23,30,24,10,87,0,8,24,1,33,23,38,48,11,120,0,0,0,120
03/16/2014,LBB,TX,ASW,CE,Combined TRACON& Tower with Radar,23,20,19,2,64,2,6,8,0,16,25,26,27,2,80,32,4,36,116
03/17/2014,LBB,TX,ASW,CE,Combined TRACON& Tower with Radar,22,37,22,40,121,0,20,27,2,49,22,57,49,42,170,116,20,136,306
03/18/2014,LBB,TX,ASW,CE,Combined TRACON& Tower with Radar,30,52,24,13,119,0,9,6,1,16,30,61,30,14,135,28,12,40,175
03/19/2014,LBB,TX,ASW,CE,Combined TRACON& Tower with Radar,30,56,44,12,142,0,19,46,1,66,30,75,90,13,208,40,20,60,268
03/20/2014,LBB,TX,ASW,CE,Combined TRACON& Tower with Radar,29,45,30,23,127,0,19,43,2,64,29,64,73,25,191,32,14,46,237
03/21/2014,LBB,TX,ASW,CE,Combined TRACON& Tower with Radar,28,47,28,9,112,0,12,27,2,41,28,59,55,11,153,12,2,14,167
03/22/2014,LBB,TX,ASW,CE,Combined TRACON& Tower with Radar,21,29,31,35,116,0,12,54,1,67,21,41,85,36,183,86,22,108,291
03/23/2014,LBB,TX,ASW,CE,Combined TRACON& Tower with Radar,25,22,44,29,120,0,8,45,3,56,25,30,89,32,176,8,62,70,246
03/24/2014,LBB,TX,ASW,CE,Combined TRACON& Tower with Radar,24,28,33,36,121,0,13,30,4,47,24,41,63,40,168,28,48,76,244
03/25/2014,LBB,TX,ASW,CE,Combined TRACON& Tower with Radar,32,51,32,49,164,0,19,37,4,60,32,70,69,53,224,76,112,188,412
03/26/2014,LBB,TX,ASW,CE,Combined TRACON& Tower with Radar,28,59,38,78,203,0,18,21,5,44,28,77,59,83,247,4,62,66,313
03/27/2014,LBB,TX,ASW,CE,Combined TRACON& Tower with Radar,28,52,36,75,191,0,17,19,2,38,28,69,55,77,229,8,34,42,271
03/28/2014,LBB,TX,ASW,CE,Combined TRACON& Tower with Radar,30,47,41,77,195,0,17,68,7,92,30,64,109,84,287,38,94,132,419
03/29/2014,LBB,TX,ASW,CE,Combined TRACON& Tower with Radar,21,24,23,9,77,0,13,47,3,63,21,37,70,12,140,40,0,40,180
03/30/2014,LBB,TX,ASW,CE,Combined TRACON& Tower with Radar,23,27,23,17,90,0,4,29,2,35,23,31,52,19,125,0,6,6,131
03/31/2014,LBB,TX,ASW,CE,Combined TRACON& Tower with Radar,21,34,19,14,88,0,10,33,0,43,21,44,52,14,131,20,0,20,151
04/01/2014,LBB,TX,ASW,CE,Combined TRACON& Tower with Radar,28,46,33,49,156,0,23,53,2,78,28,69,86,51,234,18,36,54,288
04/02/2014,LBB,TX,ASW,CE,Combined TRACON& Tower with Radar,28,56,52,53,189,0,17,46,5,68,28,73,98,58,257,12,86,98,355
04/03/2014,LBB,TX,ASW,CE,Combined TRACON& Tower with Radar,35,64,55,6,160,0,13,21,3,37,35,77,76,9,197,0,0,0,197
04/04/2014,LBB,TX,ASW,CE,Combined TRACON& Tower with Radar,29,42,47,14,132,0,11,65,0,76,29,53,112,14,208,14,4,18,226
04/05/2014,LBB,TX,ASW,CE,Combined TRACON& Tower with Radar,21,23,26,9,79,0,6,36,0,42,21,29,62,9,121,12,16,28,149
04/06/2014,LBB,TX,ASW,CE,Combined TRACON& Tower with Radar,25,20,42,21,108,0,8,35,0,43,25,28,77,21,151,28,4,32,183
04/07/2014,LBB,TX,ASW,CE,Combined TRACON& Tower with Radar,20,30,26,47,123,0,11,25,1,37,20,41,51,48,160,0,0,0,160
04/08/2014,LBB,TX,ASW,CE,Combined TRACON& Tower with Radar,28,48,30,40,146,0,31,66,4,101,28,79,96,44,247,90,24,114,361
04/09/2014,LBB,TX,ASW,CE,Combined TRACON& Tower with Radar,28,47,41,28,144,0,28,57,3,88,28,75,98,31,232,4,16,20,252
04/10/2014,LBB,TX,ASW,CE,Combined TRACON& Tower with Radar,27,51,53,23,154,0,24,58,5,87,27,75,111,28,241,74,56,130,371
04/11/2014,LBB,TX,ASW,CE,Combined TRACON& Tower with Radar,31,53,28,26,138,0,13,60,5,78,31,66,88,31,216,60,38,98,314
04/12/2014,LBB,TX,ASW,CE,Combined TRACON& Tower with Radar,21,26,27,6,80,0,17,57,0,74,21,43,84,6,154,34,0,34,188
04/13/2014,LBB,TX,ASW,CE,Combined TRACON& Tower with Radar,23,25,23,9,80,0,6,17,0,23,23,31,40,9,103,0,0,0,103
04/14/2014,LBB,TX,ASW,CE,Combined TRACON& Tower with Radar,22,39,29,24,114,0,11,35,0,46,22,50,64,24,160,16,0,16,176
04/15/2014,LBB,TX,ASW,CE,Combined TRACON& Tower with Radar,30,49,53,12,144,0,20,45,1,66,30,69,98,13,210,0,0,0,210
04/16/2014,LBB,TX,ASW,CE,Combined TRACON& Tower with Radar,28,47,46,31,152,0,23,31,2,56,28,70,77,33,208,22,64,86,294
04/17/2014,LBB,TX,ASW,CE,Combined TRACON& Tower with Radar,28,51,74,54,207,0,24,33,2,59,28,75,107,56,266,40,100,140,406
04/18/2014,LBB,TX,ASW,CE,Combined TRACON& Tower with Radar,27,47,34,6,114,0,3,37,0,40,27,50,71,6,154,34,12,46,200
04/19/2014,LBB,TX,ASW,CE,Combined TRACON& Tower with Radar,22,22,19,0,63,0,7,32,0,39,22,29,51,0,102,14,0,14,116
04/20/2014,LBB,TX,ASW,CE,Combined TRACON& Tower with Radar,23,24,33,0,80,0,2,5,0,7,23,26,38,0,87,26,0,26,113
04/21/2014,LBB,TX,ASW,CE,Combined TRACON& Tower with Radar,22,30,44,69,165,0,17,38,5,60,22,47,82,74,225,18,50,68,293
04/22/2014,LBB,TX,ASW,CE,Combined TRACON& Tower with Radar,28,54,46,13,141,0,20,42,1,63,28,74,88,14,204,132,64,196,400
04/23/2014,LBB,TX,ASW,CE,Combined TRACON& Tower with Radar,28,53,38,21,140,0,19,29,3,51,28,72,67,24,191,20,14,34,225
04/24/2014,LBB,TX,ASW,CE,Combined TRACON& Tower with Radar,28,50,39,58,175,0,14,26,0,40,28,64,65,58,215,36,60,96,311
04/25/2014,LBB,TX,ASW,CE,Combined TRACON& Tower with Radar,29,49,36,8,122,0,24,44,0,68,29,73,80,8,190,0,0,0,190
04/26/2014,LBB,TX,ASW,CE,Combined TRACON& Tower with Radar,22,28,17,0,67,0,13,22,1,36,22,41,39,1,103,10,0,10,113
04/27/2014,LBB,TX,ASW,CE,Combined TRACON& Tower with Radar,32,26,17,0,75,0,5,2,0,7,32,31,19,0,82,0,0,0,82
04/28/2014,LBB,TX,ASW,CE,Combined TRACON& Tower with Radar,22,30,29,3,84,0,6,19,2,27,22,36,48,5,111,0,0,0,111
04/29/2014,LBB,TX,ASW,CE,Combined TRACON& Tower with Radar,30,50,35,23,138,0,8,23,1,32,30,58,58,24,170,0,12,12,182
04/30/2014,LBB,TX,ASW,CE,Combined TRACON& Tower with Radar,30,59,33,48,170,0,17,53,7,77,30,76,86,55,247,14,34,48,295
05/01/2014,LBB,TX,ASW,CE,Combined TRACON& Tower with Radar,28,52,42,49,171,0,18,55,0,73,28,70,97,49,244,82,42,124,368
05/02/2014,LBB,TX,ASW,CE,Combined TRACON& Tower with Radar,28,50,42,12,132,0,23,65,2,90,28,73,107,14,222,32,12,44,266
05/03/2014,LBB,TX,ASW,CE,Combined TRACON& Tower with Radar,21,26,24,0,71,0,15,65,1,81,21,41,89,1,152,40,0,40,192
05/04/2014,LBB,TX,ASW,CE,Combined TRACON& Tower with Radar,23,23,38,4,88,0,12,59,1,72,23,35,97,5,160,0,0,0,160
05/05/2014,LBB,TX,ASW,CE,Combined TRACON& Tower with Radar,22,33,35,20,110,0,20,43,1,64,22,53,78,21,174,12,16,28,202
05/06/2014,LBB,TX,ASW,CE,Combined TRACON& Tower with Radar,28,50,24,16,118,0,12,34,2,48,28,62,58,18,166,20,0,20,186
05/07/2014,LBB,TX,ASW,CE,Combined TRACON& Tower with Radar,28,61,18,4,111,0,17,30,1,48,28,78,48,5,159,0,20,20,179
05/08/2014,LBB,TX,ASW,CE,Combined TRACON& Tower with Radar,31,51,33,38,153,0,17,29,3,49,31,68,62,41,202,40,12,52,254
05/09/2014,LBB,TX,ASW,CE,Combined TRACON& Tower with Radar,29,53,41,56,179,0,11,52,5,68,29,64,93,61,247,18,22,40,287
05/10/2014,LBB,TX,ASW,CE,Combined TRACON& Tower with Radar,23,33,26,6,88,0,13,51,0,64,23,46,77,6,152,34,0,34,186
05/11/2014,LBB,TX,ASW,CE,Combined TRACON& Tower with Radar,23,26,31,0,80,0,11,20,1,32,23,37,51,1,112,0,0,0,112
05/12/2014,LBB,TX,ASW,CE,Combined TRACON& Tower with Radar,25,40,29,75,169,0,13,25,6,44,25,53,54,81,213,1,156,157,370
05/13/2014,LBB,TX,ASW,CE,Combined TRACON& Tower with Radar,29,56,28,53,166,0,13,19,5,37,29,69,47,58,203,0,540,540,743
05/14/2014,LBB,TX,ASW,CE,Combined TRACON& Tower with Radar,29,47,47,35,158,0,11,41,1,53,29,58,88,36,211,54,20,74,285
05/15/2014,LBB,TX,ASW,CE,Combined TRACON& Tower with Radar,29,50,51,4,134,0,20,52,0,72,29,70,103,4,206,61,0,61,267
05/16/2014,LBB,TX,ASW,CE,Combined TRACON& Tower with Radar,30,55,50,13,148,0,26,59,1,86,30,81,109,14,234,22,4,26,260
05/17/2014,LBB,TX,ASW,CE,Combined TRACON& Tower with Radar,28,34,38,0,100,0,13,47,0,60,28,47,85,0,160,10,0,10,170
05/18/2014,LBB,TX,ASW,CE,Combined TRACON& Tower with Radar,25,21,40,0,86,0,21,36,0,57,25,42,76,0,143,34,0,34,177
05/19/2014,LBB,TX,ASW,CE,Combined TRACON& Tower with Radar,26,35,24,7,92,0,23,22,0,45,26,58,46,7,137,44,44,88,225
05/20/2014,LBB,TX,ASW,CE,Combined TRACON& Tower with Radar,33,52,35,38,158,0,20,50,1,71,33,72,85,39,229,24,60,84,313
05/21/2014,LBB,TX,ASW,CE,Combined TRACON& Tower with Radar,31,51,27,36,145,0,15,28,0,43,31,66,55,36,188,20,24,44,232
05/22/2014,LBB,TX,ASW,CE,Combined TRACON& Tower with Radar,27,60,51,10,148,0,5,29,2,36,27,65,80,12,184,4,46,50,234
05/23/2014,LBB,TX,ASW,CE,Combined TRACON& Tower with Radar,29,59,33,0,121,0,5,12,0,17,29,64,45,0,138,0,0,0,138
05/24/2014,LBB,TX,ASW,CE,Combined TRACON& Tower with Radar,21,43,15,0,79,0,2,5,0,7,21,45,20,0,86,0,0,0,86
05/25/2014,LBB,TX,ASW,CE,Combined TRACON& Tower with Radar,21,20,29,0,70,0,6,12,0,18,21,26,41,0,88,22,0,22,110
05/26/2014,LBB,TX,ASW,CE,Combined TRACON& Tower with Radar,19,30,21,0,70,0,5,7,0,12,19,35,28,0,82,0,0,0,82
05/27/2014,LBB,TX,ASW,CE,Combined TRACON& Tower with Radar,25,34,34,87,180,0,14,39,2,55,25,48,73,89,235,68,124,192,427
05/28/2014,LBB,TX,ASW,CE,Combined TRACON& Tower with Radar,28,45,41,32,146,0,17,54,0,71,28,62,95,32,217,104,28,132,349
05/29/2014,LBB,TX,ASW,CE,Combined TRACON& Tower with Radar,28,48,30,86,192,0,26,50,0,76,28,74,80,86,268,22,90,112,380
05/30/2014,LBB,TX,ASW,CE,Combined TRACON& Tower with Radar,30,46,41,80,197,0,7,51,2,60,30,53,92,82,257,36,108,144,401
05/31/2014,LBB,TX,ASW,CE,Combined TRACON& Tower with Radar,23,27,22,12,84,0,14,61,4,79,23,41,83,16,163,16,4,20,183
06/01/2014,LBB,TX,ASW,CE,Combined TRACON& Tower with Radar,23,24,46,4,97,0,17,51,0,68,23,41,97,4,165,6,0,6,171
06/02/2014,LBB,TX,ASW,CE,Combined TRACON& Tower with Radar,22,38,49,22,131,0,20,43,0,63,22,58,92,22,194,20,10,30,224
06/03/2014,LBB,TX,ASW,CE,Combined TRACON& Tower with Radar,28,56,25,54,163,0,11,46,5,62,28,67,71,59,225,12,48,60,285
06/04/2014,LBB,TX,ASW,CE,Combined TRACON& Tower with Radar,28,57,39,30,154,0,15,33,4,52,28,72,72,34,206,4,94,98,304
06/05/2014,LBB,TX,ASW,CE,Combined TRACON& Tower with Radar,28,49,28,32,137,0,27,34,3,64,28,76,62,35,201,0,52,52,253
06/06/2014,LBB,TX,ASW,CE,Combined TRACON& Tower with Radar,29,47,50,37,163,0,14,31,1,46,29,61,81,38,209,10,56,66,275
06/07/2014,LBB,TX,ASW,CE,Combined TRACON& Tower with Radar,25,32,25,1,83,0,13,41,0,54,25,45,66,1,137,36,0,36,173
06/08/2014,LBB,TX,ASW,CE,Combined TRACON& Tower with Radar,21,24,38,4,87,0,5,19,0,24,21,29,57,4,111,44,72,116,227
06/09/2014,LBB,TX,ASW,CE,Combined TRACON& Tower with Radar,28,30,29,35,122,0,8,21,1,30,28,38,50,36,152,6,0,6,158
06/10/2014,LBB,TX,ASW,CE,Combined TRACON& Tower with Radar,36,43,42,38,159,0,24,35,2,61,36,67,77,40,220,20,18,38,258
06/11/2014,LBB,TX,ASW,CE,Combined TRACON& Tower with Radar,36,45,41,54,176,0,15,37,1,53,36,60,78,55,229,54,44,98,327
06/12/2014,LBB,TX,ASW,CE,Combined TRACON& Tower with Radar,37,48,46,38,169,0,17,36,0,53,37,65,82,38,222,22,58,80,302
06/13/2014,LBB,TX,ASW,CE,Combined TRACON& Tower with Radar,29,46,48,54,177,0,19,24,3,46,29,65,72,57,223,18,32,50,273
06/14/2014,LBB,TX,ASW,CE,Combined TRACON& Tower with Radar,23,26,19,14,82,0,14,29,6,49,23,40,48,20,131,24,57,81,212
06/15/2014,LBB,TX,ASW,CE,Combined TRACON& Tower with Radar,27,22,40,22,111,0,18,33,0,51,27,40,73,22,162,24,4,28,190
06/16/2014,LBB,TX,ASW,CE,Combined TRACON& Tower with Radar,24,40,42,20,126,0,23,39,1,63,24,63,81,21,189,68,44,112,301
06/17/2014,LBB,TX,ASW,CE,Combined TRACON& Tower with Radar,31,55,53,25,164,0,10,37,2,49,31,65,90,27,213,52,60,112,325
06/18/2014,LBB,TX,ASW,CE,Combined TRACON& Tower with Radar,31,58,36,29,154,0,5,31,0,36,31,63,67,29,190,20,70,90,280
06/19/2014,LBB,TX,ASW,CE,Combined TRACON& Tower with Radar,30,56,34,11,131,0,5,17,1,23,30,61,51,12,154,44,12,56,210
06/20/2014,LBB,TX,ASW,CE,Combined TRACON& Tower with Radar,28,57,43,17,145,0,25,65,9,99,28,82,108,26,244,22,0,22,266
06/21/2014,LBB,TX,ASW,CE,Combined TRACON& Tower with Radar,22,31,31,9,93,0,11,22,2,35,22,42,53,11,128,12,0,12,140
06/22/2014,LBB,TX,ASW,CE,Combined TRACON& Tower with Radar,23,31,26,27,107,0,11,25,2,38,23,42,51,29,145,0,0,0,145
06/23/2014,LBB,TX,ASW,CE,Combined TRACON& Tower with Radar,24,34,42,26,126,0,9,33,1,43,24,43,75,27,169,36,40,76,245
06/24/2014,LBB,TX,ASW,CE,Combined TRACON& Tower with Radar,28,51,30,17,126,0,15,34,0,49,28,66,64,17,175,64,20,84,259
06/25/2014,LBB,TX,ASW,CE,Combined TRACON& Tower with Radar,30,56,20,85,191,0,10,29,4,43,30,66,49,89,234,64,64,128,362
06/26/2014,LBB,TX,ASW,CE,Combined TRACON& Tower with Radar,28,57,41,84,210,0,20,39,1,60,28,77,80,85,270,26,90,116,386
06/27/2014,LBB,TX,ASW,CE,Combined TRACON& Tower with Radar,29,52,31,28,140,0,13,35,0,48,29,65,66,28,188,54,46,100,288
06/28/2014,LBB,TX,ASW,CE,Combined TRACON& Tower with Radar,21,25,30,3,79,0,14,37,0,51,21,39,67,3,130,40,0,40,170
06/29/2014,LBB,TX,ASW,CE,Combined TRACON& Tower with Radar,23,20,23,9,75,0,20,34,0,54,23,40,57,9,129,0,0,0,129
06/30/2014,LBB,TX,ASW,CE,Combined TRACON& Tower with Radar,22,32,31,14,99,0,25,50,0,75,22,57,81,14,174,24,0,24,198
07/01/2014,LBB,TX,ASW,CE,Combined TRACON& Tower with Radar,24,56,37,17,134,0,10,35,1,46,24,66,72,18,180,36,44,80,260
07/02/2014,LBB,TX,ASW,CE,Combined TRACON& Tower with Radar,28,57,28,8,121,0,13,14,0,27,28,70,42,8,148,36,32,68,216
07/03/2014,LBB,TX,ASW,CE,Combined TRACON& Tower with Radar,29,52,35,6,122,0,10,23,6,39,29,62,58,12,161,8,18,26,187
07/04/2014,LBB,TX,ASW,CE,Combined TRACON& Tower with Radar,12,22,7,0,41,0,20,18,0,38,12,42,25,0,79,0,0,0,79
07/05/2014,LBB,TX,ASW,CE,Combined TRACON& Tower with Radar,18,24,8,0,50,0,28,28,1,57,18,52,36,1,107,16,0,16,123
07/06/2014,LBB,TX,ASW,CE,Combined TRACON& Tower with Radar,23,23,41,0,87,0,11,50,0,61,23,34,91,0,148,40,0,40,188
07/07/2014,LBB,TX,ASW,CE,Combined TRACON& Tower with Radar,22,43,27,0,92,0,18,36,3,57,22,61,63,3,149,88,0,88,237
07/08/2014,LBB,TX,ASW,CE,Combined TRACON& Tower with Radar,31,47,37,36,151,0,14,24,3,41,31,61,61,39,192,0,0,0,192
07/09/2014,LBB,TX,ASW,CE,Combined TRACON& Tower with Radar,29,52,38,12,131,0,15,37,2,54,29,67,75,14,185,112,4,116,301
07/10/2014,LBB,TX,ASW,CE,Combined TRACON& Tower with Radar,28,53,37,32,150,0,26,47,6,79,28,79,84,38,229,64,114,178,407
07/11/2014,LBB,TX,ASW,CE,Combined TRACON& Tower with Radar,32,48,56,16,152,0,24,50,0,74,32,72,106,16,226,28,0,28,254
07/12/2014,LBB,TX,ASW,CE,Combined TRACON& Tower with Radar,21,32,22,0,75,0,21,28,0,49,21,53,50,0,124,20,0,20,144
07/13/2014,LBB,TX,ASW,CE,Combined TRACON& Tower with Radar,41,34,34,21,130,0,17,44,0,61,41,51,78,21,191,92,42,134,325
07/14/2014,LBB,TX,ASW,CE,Combined TRACON& Tower with Radar,25,33,32,6,96,0,12,16,1,29,25,45,48,7,125,0,0,0,125
07/15/2014,LBB,TX,ASW,CE,Combined TRACON& Tower with Radar,31,54,44,4,133,0,4,17,0,21,31,58,61,4,154,80,0,80,234
07/16/2014,LBB,TX,ASW,CE,Combined TRACON& Tower with Radar,30,59,26,31,146,0,12,29,0,41,30,71,55,31,187,44,0,44,231
07/17/2014,LBB,TX,ASW,CE,Combined TRACON& Tower with Radar,28,63,42,32,165,0,5,4,0,9,28,68,46,32,174,10,10,20,194
07/18/2014,LBB,TX,ASW,CE,Combined TRACON& Tower with Radar,27,52,47,30,156,0,11,34,2,47,27,63,81,32,203,26,18,44,247
07/19/2014,LBB,TX,ASW,CE,Combined TRACON& Tower with Radar,22,27,24,0,73,0,18,40,0,58,22,45,64,0,131,16,0,16,147
07/20/2014,LBB,TX,ASW,CE,Combined TRACON& Tower with Radar,23,32,26,9,90,0,19,34,1,54,23,51,60,10,144,48,4,52,196
07/21/2014,LBB,TX,ASW,CE,Combined TRACON& Tower with Radar,22,34,28,22,106,0,20,35,0,55,22,54,63,22,161,0,56,56,217
07/22/2014,LBB,TX,ASW,CE,Combined TRACON& Tower with Radar,21,51,32,8,112,0,14,12,0,26,21,65,44,8,138,18,52,70,208
07/23/2014,LBB,TX,ASW,CE,Combined TRACON& Tower with Radar,28,52,34,19,133,0,29,49,1,79,28,81,83,20,212,62,32,94,306
07/24/2014,LBB,TX,ASW,CE,Combined TRACON& Tower with Radar,30,50,23,2,105,0,20,53,0,73,30,70,76,2,178,14,0,14,192
07/25/2014,LBB,TX,ASW,CE,Combined TRACON& Tower with Radar,29,53,29,34,145,0,25,55,0,80,29,78,84,34,225,37,42,79,304
07/26/2014,LBB,TX,ASW,CE,Combined TRACON& Tower with Radar,21,27,17,2,67,0,19,37,0,56,21,46,54,2,123,0,0,0,123
07/27/2014,LBB,TX,ASW,CE,Combined TRACON& Tower with Radar,23,21,21,1,66,0,18,17,2,37,23,39,38,3,103,52,10,62,165
07/28/2014,LBB,TX,ASW,CE,Combined TRACON& Tower with Radar,22,35,29,33,119,0,23,19,1,43,22,58,48,34,162,0,52,52,214
07/29/2014,LBB,TX,ASW,CE,Combined TRACON& Tower with Radar,28,62,43,5,138,0,14,17,0,31,28,76,60,5,169,124,28,152,321
07/30/2014,LBB,TX,ASW,CE,Combined TRACON& Tower with Radar,28,57,36,30,151,0,12,35,0,47,28,69,71,30,198,24,60,84,282
07/31/2014,LBB,TX,ASW,CE,Combined TRACON& Tower with Radar,28,57,26,41,152,0,12,31,4,47,28,69,57,45,199,48,4,52,251
08/01/2014,LBB,TX,ASW,CE,Combined TRACON& Tower with Radar,28,52,25,27,132,0,24,37,8,69,28,76,62,35,201,0,26,26,227
08/02/2014,LBB,TX,ASW,CE,Combined TRACON& Tower with Radar,23,32,19,4,78,0,18,37,0,55,23,50,56,4,133,32,0,32,165
08/03/2014,LBB,TX,ASW,CE,Combined TRACON& Tower with Radar,25,29,34,0,88,0,15,40,0,55,25,44,74,0,143,48,0,48,191
08/04/2014,LBB,TX,ASW,CE,Combined TRACON& Tower with Radar,23,40,23,6,92,0,23,34,1,58,23,63,57,7,150,28,24,52,202
08/05/2014,LBB,TX,ASW,CE,Combined TRACON& Tower with Radar,31,50,34,33,148,0,19,43,0,62,31,69,77,33,210,76,14,90,300
08/06/2014,LBB,TX,ASW,CE,Combined TRACON& Tower with Radar,28,54,56,16,154,0,13,54,0,67,28,67,110,16,221,128,32,160,381
08/07/2014,LBB,TX,ASW,CE,Combined TRACON& Tower with Radar,32,51,33,8,124,0,18,44,0,62,32,69,77,8,186,74,20,94,280
08/08/2014,LBB,TX,ASW,CE,Combined TRACON& Tower with Radar,28,52,27,21,128,0,14,54,2,70,28,66,81,23,198,26,6,32,230
08/09/2014,LBB,TX,ASW,CE,Combined TRACON& Tower with Radar,21,40,31,6,98,0,22,51,1,74,21,62,82,7,172,82,0,82,254
08/10/2014,LBB,TX,ASW,CE,Combined TRACON& Tower with Radar,28,21,43,0,92,0,7,38,0,45,28,28,81,0,137,64,0,64,201
08/11/2014,LBB,TX,ASW,CE,Combined TRACON& Tower with Radar,25,37,32,9,103,0,13,38,1,52,25,50,70,10,155,96,52,148,303
08/12/2014,LBB,TX,ASW,CE,Combined TRACON& Tower with Radar,28,46,24,11,109,0,21,43,0,64,28,67,67,11,173,48,10,58,231
08/13/2014,LBB,TX,ASW,CE,Combined TRACON& Tower with Radar,30,50,44,9,133,0,22,68,0,90,30,72,112,9,223,40,8,48,271
08/14/2014,LBB,TX,ASW,CE,Combined TRACON& Tower with Radar,29,52,43,5,129,0,23,57,3,83,29,75,100,8,212,8,8,16,228
08/15/2014,LBB,TX,ASW,CE,Combined TRACON& Tower with Radar,29,55,37,14,135,0,16,36,2,54,29,71,73,16,189,38,20,58,247
08/16/2014,LBB,TX,ASW,CE,Combined TRACON& Tower with Radar,19,27,14,3,63,0,10,57,0,67,19,37,71,3,130,38,0,38,168
08/17/2014,LBB,TX,ASW,CE,Combined TRACON& Tower with Radar,20,21,36,25,102,0,15,57,7,79,20,36,93,32,181,36,12,48,229
08/18/2014,LBB,TX,ASW,CE,Combined TRACON& Tower with Radar,25,38,46,0,109,0,10,33,0,43,25,48,79,0,152,80,0,80,232
08/19/2014,LBB,TX,ASW,CE,Combined TRACON& Tower with Radar,28,59,45,56,188,0,27,26,0,53,28,86,71,56,241,76,84,160,401
08/20/2014,LBB,TX,ASW,CE,Combined TRACON& Tower with Radar,30,48,39,18,135,0,12,35,0,47,30,60,74,18,182,50,30,80,262
08/21/2014,LBB,TX,ASW,CE,Combined TRACON& Tower with Radar,28,50,33,12,123,0,15,36,0,51,28,65,69,12,174,32,0,32,206
08/22/2014,LBB,TX,ASW,CE,Combined TRACON& Tower with Radar,28,57,45,41,171,0,21,58,2,81,28,78,103,43,252,38,6,44,296
08/23/2014,LBB,TX,ASW,CE,Combined TRACON& Tower with Radar,19,28,17,0,64,0,10,26,0,36,19,38,43,0,100,42,0,42,142
08/24/2014,LBB,TX,ASW,CE,Combined TRACON& Tower with Radar,24,29,39,0,92,0,9,47,1,57,24,38,86,1,149,24,0,24,173
08/25/2014,LBB,TX,ASW,CE,Combined TRACON& Tower with Radar,23,38,29,13,103,0,8,48,0,56,23,46,77,13,159,8,0,8,167
08/26/2014,LBB,TX,ASW,CE,Combined TRACON& Tower with Radar,28,55,43,8,134,0,18,27,1,46,28,73,70,9,180,30,28,58,238
08/27/2014,LBB,TX,ASW,CE,Combined TRACON& Tower with Radar,27,50,20,40,137,0,13,31,0,44,27,63,51,40,181,28,24,52,233
08/28/2014,LBB,TX,ASW,CE,Combined TRACON& Tower with Radar,28,52,46,17,143,0,22,29,3,54,28,74,75,20,197,38,20,58,255
08/29/2014,LBB,TX,ASW,CE,Combined TRACON& Tower with Radar,30,58,83,20,191,0,18,29,3,50,30,76,112,23,241,47,22,69,310
08/30/2014,LBB,TX,ASW,CE,Combined TRACON& Tower with Radar,18,33,30,1,82,0,17,53,1,71,18,50,83,2,153,22,0,22,175
08/31/2014,LBB,TX,ASW,CE,Combined TRACON& Tower with Radar,19,28,18,0,65,0,23,32,1,56,19,51,50,1,121,44,0,44,165
09/01/2014,LBB,TX,ASW,CE,Combined TRACON& Tower with Radar,19,30,26,6,81,0,16,50,0,66,19,46,76,6,147,112,0,112,259
09/02/2014,LBB,TX,ASW,CE,Combined TRACON& Tower with Radar,24,38,20,13,95,0,12,26,0,38,24,50,46,13,133,8,34,42,175
09/03/2014,LBB,TX,ASW,CE,Combined TRACON& Tower with Radar,28,52,36,24,140,0,25,37,5,67,28,77,73,29,207,18,50,68,275
09/04/2014,LBB,TX,ASW,CE,Combined TRACON& Tower with Radar,26,58,59,47,190,0,18,21,1,40,26,76,80,48,230,8,16,24,254
09/05/2014,LBB,TX,ASW,CE,Combined TRACON& Tower with Radar,30,54,32,66,182,0,7,25,2,34,30,61,57,68,216,50,6,56,272
09/06/2014,LBB,TX,ASW,CE,Combined TRACON& Tower with Radar,19,36,20,0,75,0,0,0,0,0,19,36,20,0,75,0,0,0,75
09/07/2014,LBB,TX,ASW,CE,Combined TRACON& Tower with Radar,25,29,42,2,98,0,5,13,0,18,25,34,55,2,116,0,6,6,122
09/08/2014,LBB,TX,ASW,CE,Combined TRACON& Tower with Radar,26,46,38,28,138,0,11,24,0,35,26,57,62,28,173,36,104,140,313
09/09/2014,LBB,TX,ASW,CE,Combined TRACON& Tower with Radar,28,48,46,52,174,0,25,42,6,73,28,73,88,58,247,42,66,108,355
09/10/2014,LBB,TX,ASW,CE,Combined TRACON& Tower with Radar,28,51,25,58,162,0,17,53,5,75,28,68,78,63,237,48,52,100,337
09/11/2014,LBB,TX,ASW,CE,Combined TRACON& Tower with Radar,28,66,40,34,168,0,14,24,5,43,28,80,64,39,211,14,22,36,247
09/12/2014,LBB,TX,ASW,CE,Combined TRACON& Tower with Radar,30,64,47,7,148,0,1,2,0,3,30,65,49,7,151,0,0,0,151
09/13/2014,LBB,TX,ASW,CE,Combined TRACON& Tower with Radar,21,45,92,6,164,0,5,14,0,19,21,50,106,6,183,0,0,0,183
09/14/2014,LBB,TX,ASW,CE,Combined TRACON& Tower with Radar,25,39,42,13,119,0,3,2,0,5,25,42,44,13,124,12,0,12,136
09/15/2014,LBB,TX,ASW,CE,Combined TRACON& Tower with Radar,22,57,35,21,135,0,12,24,1,37,22,69,59,22,172,8,28,36,208
09/16/2014,LBB,TX,ASW,CE,Combined TRACON& Tower with Radar,32,60,42,29,163,0,9,10,2,21,32,69,52,31,184,0,94,94,278
09/17/2014,LBB,TX,ASW,CE,Combined TRACON& Tower with Radar,28,65,38,12,143,0,8,20,0,28,28,73,58,12,171,52,6,58,229
09/18/2014,LBB,TX,ASW,CE,Combined TRACON& Tower with Radar,30,60,39,8,137,0,0,4,0,4,30,60,43,8,141,0,0,0,141
09/19/2014,LBB,TX,ASW,CE,Combined TRACON& Tower with Radar,28,72,41,12,153,0,0,0,0,0,28,72,41,12,153,0,0,0,153
09/20/2014,LBB,TX,ASW,CE,Combined TRACON& Tower with Radar,19,38,31,2,90,0,2,7,0,9,19,40,38,2,99,26,0,26,125
09/21/2014,LBB,TX,ASW,CE,Combined TRACON& Tower with Radar,25,33,30,0,88,0,4,4,0,8,25,37,34,0,96,0,0,0,96
09/22/2014,LBB,TX,ASW,CE,Combined TRACON& Tower with Radar,22,51,38,20,131,0,5,27,2,34,22,56,65,22,165,252,56,308,473
09/23/2014,LBB,TX,ASW,CE,Combined TRACON& Tower with Radar,28,61,34,26,149,0,19,53,1,73,28,80,87,27,222,116,22,138,360
09/24/2014,LBB,TX,ASW,CE,Combined TRACON& Tower with Radar,30,55,25,18,128,0,8,27,0,35,30,63,52,18,163,50,20,70,233
09/25/2014,LBB,TX,ASW,CE,Combined TRACON& Tower with Radar,28,59,42,2,131,0,11,35,0,46,28,70,77,2,177,52,0,52,229
09/26/2014,LBB,TX,ASW,CE,Combined TRACON& Tower with Radar,30,60,42,85,217,0,19,44,2,65,30,79,86,87,282,62,26,88,370
09/27/2014,LBB,TX,ASW,CE,Combined TRACON& Tower with Radar,19,28,30,5,82,0,9,75,1,85,19,37,105,6,167,24,0,24,191
09/28/2014,LBB,TX,ASW,CE,Combined TRACON& Tower with Radar,22,42,33,4,101,0,10,48,0,58,22,52,81,4,159,8,0,8,167
09/29/2014,LBB,TX,ASW,CE,Combined TRACON& Tower with Radar,23,54,30,57,164,0,11,61,1,73,23,65,91,58,237,44,88,132,369
09/30/2014,LBB,TX,ASW,CE,Combined TRACON& Tower with Radar,28,60,24,19,131,0,23,52,3,78,28,83,76,22,209,36,44,80,289
10/01/2014,LBB,TX,ASW,CE,Combined TRACON& Tower with Radar,30,55,44,15,144,0,20,50,2,72,30,75,94,17,216,18,4,22,238
10/02/2014,LBB,TX,ASW,CE,Combined TRACON& Tower with Radar,31,64,58,29,182,0,25,65,3,93,31,89,123,32,275,56,24,80,355
10/03/2014,LBB,TX,ASW,CE,Combined TRACON& Tower with Radar,31,56,67,18,172,0,27,55,2,84,31,83,122,20,256,52,2,54,310
10/04/2014,LBB,TX,ASW,CE,Combined TRACON& Tower with Radar,17,36,33,4,90,0,12,60,2,74,17,48,93,6,164,66,0,66,230
10/05/2014,LBB,TX,ASW,CE,Combined TRACON& Tower with Radar,19,29,47,9,104,1,23,35,0,59,20,52,82,9,163,32,14,46,209
10/06/2014,LBB,TX,ASW,CE,Combined TRACON& Tower with Radar,20,41,36,10,107,0,26,26,0,52,20,67,62,10,159,0,0,0,159
10/07/2014,LBB,TX,ASW,CE,Combined TRACON& Tower with Radar,26,49,35,33,143,0,24,38,1,63,26,73,73,34,206,24,42,66,272
10/08/2014,LBB,TX,ASW,CE,Combined TRACON& Tower with Radar,26,63,52,24,165,0,16,46,4,66,26,79,98,28,231,28,86,114,345
10/09/2014,LBB,TX,ASW,CE,Combined TRACON& Tower with Radar,26,60,33,22,141,0,23,34,4,61,26,83,67,26,202,30,12,42,244
10/10/2014,LBB,TX,ASW,CE,Combined TRACON& Tower with Radar,30,69,66,24,189,0,12,8,0,20,30,81,74,24,209,8,2,10,219
10/11/2014,LBB,TX,ASW,CE,Combined TRACON& Tower with Radar,19,46,67,3,135,0,9,25,0,34,19,55,92,3,169,16,0,16,185
10/12/2014,LBB,TX,ASW,CE,Combined TRACON& Tower with Radar,23,29,43,0,95,0,16,24,0,40,23,45,67,0,135,0,0,0,135
10/13/2014,LBB,TX,ASW,CE,Combined TRACON& Tower with Radar,20,46,21,10,97,0,5,13,29,47,20,51,34,39,144,0,0,0,144
10/14/2014,LBB,TX,ASW,CE,Combined TRACON& Tower with Radar,29,55,33,26,143,0,16,50,0,66,29,71,83,26,209,48,16,64,273
10/15/2014,LBB,TX,ASW,CE,Combined TRACON& Tower with Radar,26,57,36,24,143,0,19,42,0,61,26,76,78,24,204,18,10,28,232
10/16/2014,LBB,TX,ASW,CE,Combined TRACON& Tower with Radar,26,60,46,5,137,0,15,54,2,71,26,75,100,7,208,0,10,10,218
10/17/2014,LBB,TX,ASW,CE,Combined TRACON& Tower with Radar,32,57,35,11,135,0,21,55,0,76,32,78,90,11,211,91,16,107,318
10/18/2014,LBB,TX,ASW,CE,Combined TRACON& Tower with Radar,19,38,34,0,91,0,13,47,0,60,19,51,81,0,151,104,0,104,255
10/19/2014,LBB,TX,ASW,CE,Combined TRACON& Tower with Radar,21,38,74,4,137,0,8,40,0,48,21,46,114,4,185,58,0,58,243
10/20/2014,LBB,TX,ASW,CE,Combined TRACON& Tower with Radar,20,42,33,37,132,44,22,25,0,91,64,64,58,37,223,0,0,0,223
10/21/2014,LBB,TX,ASW,CE,Combined TRACON& Tower with Radar,26,52,49,48,175,0,19,32,4,55,26,71,81,52,230,114,54,168,398
10/22/2014,LBB,TX,ASW,CE,Combined TRACON& Tower with Radar,26,66,68,29,189,0,5,9,0,14,26,71,77,29,203,40,0,40,243
10/23/2014,LBB,TX,ASW,CE,Combined TRACON& Tower with Radar,28,54,49,18,149,0,9,40,0,49,28,63,89,18,198,40,0,40,238
10/24/2014,LBB,TX,ASW,CE,Combined TRACON& Tower with Radar,28,53,50,1,132,0,13,59,3,75,28,66,109,4,207,50,0,50,257
10/25/2014,LBB,TX,ASW,CE,Combined TRACON& Tower with Radar,19,37,22,1,79,0,16,43,0,59,19,53,65,1,138,120,0,120,258
10/26/2014,LBB,TX,ASW,CE,Combined TRACON& Tower with Radar,23,30,31,3,87,0,10,47,1,58,23,40,78,4,145,36,0,36,181
10/27/2014,LBB,TX,ASW,CE,Combined TRACON& Tower with Radar,20,48,33,14,115,0,15,30,3,48,20,63,63,17,163,16,0,16,179
10/28/2014,LBB,TX,ASW,CE,Combined TRACON& Tower with Radar,26,53,29,1,109,0,23,59,1,83,26,76,88,2,192,96,16,112,304
10/29/2014,LBB,TX,ASW,CE,Combined TRACON& Tower with Radar,26,63,41,18,148,0,22,60,1,83,26,85,101,19,231,98,6,104,335
10/30/2014,LBB,TX,ASW,CE,Combined TRACON& Tower with Radar,26,63,40,26,155,0,20,47,0,67,26,83,87,26,222,76,10,86,308
10/31/2014,LBB,TX,ASW,CE,Combined TRACON& Tower with Radar,29,57,63,2,151,0,23,56,0,79,29,80,119,2,230,0,0,0,230
11/01/2014,LBB,TX,ASW,CE,Combined TRACON& Tower with Radar,22,45,88,0,155,0,14,46,0,60,22,59,134,0,215,8,0,8,223
11/02/2014,LBB,TX,ASW,CE,Combined TRACON& Tower with Radar,21,33,46,2,102,0,16,55,0,71,21,49,101,2,173,2,0,2,175
11/03/2014,LBB,TX,ASW,CE,Combined TRACON& Tower with Radar,21,45,21,29,116,0,5,82,70,157,21,50,103,99,273,0,0,0,273
11/04/2014,LBB,TX,ASW,CE,Combined TRACON& Tower with Radar,26,54,30,2,112,0,8,6,2,16,26,62,36,4,128,0,16,16,144
11/05/2014,LBB,TX,ASW,CE,Combined TRACON& Tower with Radar,25,57,46,81,209,0,13,44,2,59,25,70,90,83,268,38,143,181,449
11/06/2014,LBB,TX,ASW,CE,Combined TRACON& Tower with Radar,35,56,35,9,135,0,19,45,3,67,35,75,80,12,202,30,50,80,282
11/07/2014,LBB,TX,ASW,CE,Combined TRACON& Tower with Radar,34,47,37,6,124,0,19,60,0,79,34,66,97,6,203,6,14,20,223
11/08/2014,LBB,TX,ASW,CE,Combined TRACON& Tower with Radar,27,20,25,0,72,0,20,33,1,54,27,40,58,1,126,68,0,68,194
11/09/2014,LBB,TX,ASW,CE,Combined TRACON& Tower with Radar,29,28,41,7,105,0,18,34,0,52,29,46,75,7,157,34,0,34,191
11/10/2014,LBB,TX,ASW,CE,Combined TRACON& Tower with Radar,28,36,21,25,110,2,21,72,21,116,30,57,93,46,226,0,0,0,226
11/11/2014,LBB,TX,ASW,CE,Combined TRACON& Tower with Radar,32,58,26,0,116,0,15,30,2,47,32,73,56,2,163,54,0,54,217
11/12/2014,LBB,TX,ASW,CE,Combined TRACON& Tower with Radar,36,46,36,9,127,0,13,23,0,36,36,59,59,9,163,10,4,14,177
11/13/2014,LBB,TX,ASW,CE,Combined TRACON& Tower with Radar,32,56,44,10,142,0,19,26,2,47,32,75,70,12,189,24,0,24,213
11/14/2014,LBB,TX,ASW,CE,Combined TRACON& Tower with Radar,34,54,52,6,146,0,30,49,0,79,34,84,101,6,225,16,0,16,241
11/15/2014,LBB,TX,ASW,CE,Combined TRACON& Tower with Radar,31,34,43,2,110,0,29,48,0,77,31,63,91,2,187,24,0,24,211
11/16/2014,LBB,TX,ASW,CE,Combined TRACON& Tower with Radar,23,23,18,0,64,0,7,0,0,7,23,30,18,0,71,0,0,0,71
11/17/2014,LBB,TX,ASW,CE,Combined TRACON& Tower with Radar,28,34,40,2,104,0,28,38,0,66,28,62,78,2,170,20,0,20,190
11/18/2014,LBB,TX,ASW,CE,Combined TRACON& Tower with Radar,34,42,23,43,142,0,24,47,1,72,34,66,70,44,214,4,4,8,222
11/19/2014,LBB,TX,ASW,CE,Combined TRACON& Tower with Radar,34,47,42,7,130,0,17,55,0,72,34,64,97,7,202,18,8,26,228
11/20/2014,LBB,TX,ASW,CE,Combined TRACON& Tower with Radar,34,47,50,10,141,0,17,55,3,75,34,64,105,13,216,28,0,28,244
11/21/2014,LBB,TX,ASW,CE,Combined TRACON& Tower with Radar,38,66,49,77,230,0,14,40,4,58,38,80,89,81,288,28,26,54,342
11/22/2014,LBB,TX,ASW,CE,Combined TRACON& Tower with Radar,29,29,12,11,81,0,7,29,4,40,29,36,41,15,121,40,0,40,161
11/23/2014,LBB,TX,ASW,CE,Combined TRACON& Tower with Radar,30,25,35,12,102,0,8,16,1,25,30,33,51,13,127,16,8,24,151
11/24/2014,LBB,TX,ASW,CE,Combined TRACON& Tower with Radar,28,39,31,46,144,0,21,44,3,68,28,60,75,49,212,92,116,208,420
11/25/2014,LBB,TX,ASW,CE,Combined TRACON& Tower with Radar,35,60,43,18,156,0,23,53,3,79,35,83,96,21,235,10,34,44,279
11/26/2014,LBB,TX,ASW,CE,Combined TRACON& Tower with Radar,36,51,46,5,138,0,18,65,0,83,36,69,111,5,221,34,0,34,255
11/27/2014,LBB,TX,ASW,CE,Combined TRACON& Tower with Radar,19,10,8,0,37,0,9,43,0,52,19,19,51,0,89,20,0,20,109
11/28/2014,LBB,TX,ASW,CE,Combined TRACON& Tower with Radar,30,36,25,2,93,0,28,29,0,57,30,64,54,2,150,6,0,6,156
11/29/2014,LBB,TX,ASW,CE,Combined TRACON& Tower with Radar,28,25,25,3,81,0,31,34,0,65,28,56,59,3,146,0,0,0,146
11/30/2014,LBB,TX,ASW,CE,Combined TRACON& Tower with Radar,34,24,35,1,94,0,13,32,0,45,34,37,67,1,139,4,0,4,143
12/01/2014,LBB,TX,ASW,CE,Combined TRACON& Tower with Radar,30,32,35,23,120,0,20,31,0,51,30,52,66,23,171,60,28,88,259
12/02/2014,LBB,TX,ASW,CE,Combined TRACON& Tower with Radar,35,41,23,12,111,0,16,30,0,46,35,57,53,12,157,26,0,26,183
12/03/2014,LBB,TX,ASW,CE,Combined TRACON& Tower with Radar,36,47,42,47,172,0,19,32,1,52,36,66,74,48,224,0,76,76,300
12/04/2014,LBB,TX,ASW,CE,Combined TRACON& Tower with Radar,31,56,44,1,132,0,4,2,0,6,31,60,46,1,138,0,0,0,138
12/05/2014,LBB,TX,ASW,CE,Combined TRACON& Tower with Radar,34,59,35,27,155,0,15,40,3,58,34,74,75,30,213,24,22,46,259
12/06/2014,LBB,TX,ASW,CE,Combined TRACON& Tower with Radar,26,18,6,11,61,0,13,39,0,52,26,31,45,11,113,90,0,90,203
12/07/2014,LBB,TX,ASW,CE,Combined TRACON& Tower with Radar,27,25,25,19,96,0,4,17,0,21,27,29,42,19,117,100,16,116,233
12/08/2014,LBB,TX,ASW,CE,Combined TRACON& Tower with Radar,28,35,31,39,133,0,12,39,1,52,28,47,70,40,185,30,0,30,215
12/09/2014,LBB,TX,ASW,CE,Combined TRACON& Tower with Radar,31,50,40,14,135,0,13,27,1,41,31,63,67,15,176,126,0,126,302
12/10/2014,LBB,TX,ASW,CE,Combined TRACON& Tower with Radar,35,65,54,14,168,0,4,14,0,18,35,69,68,14,186,68,4,72,258
12/11/2014,LBB,TX,ASW,CE,Combined TRACON& Tower with Radar,36,68,57,19,180,0,7,18,0,25,36,75,75,19,205,18,8,26,231
12/12/2014,LBB,TX,ASW,CE,Combined TRACON& Tower with Radar,33,60,37,2,132,0,8,20,1,29,33,68,57,3,161,34,0,34,195
12/13/2014,LBB,TX,ASW,CE,Combined TRACON& Tower with Radar,25,40,32,0,97,0,5,21,0,26,25,45,53,0,123,296,0,296,419
12/14/2014,LBB,TX,ASW,CE,Combined TRACON& Tower with Radar,29,24,29,0,82,0,13,13,1,27,29,37,42,1,109,44,0,44,153
12/15/2014,LBB,TX,ASW,CE,Combined TRACON& Tower with Radar,28,31,31,6,96,0,18,45,1,64,28,49,76,7,160,78,0,78,238
12/16/2014,LBB,TX,ASW,CE,Combined TRACON& Tower with Radar,36,44,41,11,132,0,26,68,3,97,36,70,109,14,229,94,6,100,329
12/17/2014,LBB,TX,ASW,CE,Combined TRACON& Tower with Radar,37,53,70,21,181,0,5,18,0,23,37,58,88,21,204,74,48,122,326
12/18/2014,LBB,TX,ASW,CE,Combined TRACON& Tower with Radar,37,59,47,47,190,0,13,34,1,48,37,72,81,48,238,74,22,96,334
12/19/2014,LBB,TX,ASW,CE,Combined TRACON& Tower with Radar,41,76,45,10,172,0,0,5,0,5,41,76,50,10,177,0,0,0,177
12/20/2014,LBB,TX,ASW,CE,Combined TRACON& Tower with Radar,28,28,29,1,86,0,3,16,0,19,28,31,45,1,105,72,0,72,177
12/21/2014,LBB,TX,ASW,CE,Combined TRACON& Tower with Radar,30,16,41,0,87,0,13,13,0,26,30,29,54,0,113,14,0,14,127
12/22/2014,LBB,TX,ASW,CE,Combined TRACON& Tower with Radar,33,48,25,18,124,0,17,32,5,54,33,65,57,23,178,44,24,68,246
12/23/2014,LBB,TX,ASW,CE,Combined TRACON& Tower with Radar,37,48,37,1,123,0,21,13,0,34,37,69,50,1,157,0,0,0,157
12/24/2014,LBB,TX,ASW,CE,Combined TRACON& Tower with Radar,30,35,17,0,82,0,27,34,0,61,30,62,51,0,143,0,0,0,143
12/25/2014,LBB,TX,ASW,CE,Combined TRACON& Tower with Radar,23,9,10,0,42,0,17,14,0,31,23,26,24,0,73,0,0,0,73
12/26/2014,LBB,TX,ASW,CE,Combined TRACON& Tower with Radar,32,53,38,0,123,0,10,33,0,43,32,63,71,0,166,10,4,14,180
12/27/2014,LBB,TX,ASW,CE,Combined TRACON& Tower with Radar,27,42,29,1,99,0,13,26,0,39,27,55,55,1,138,40,0,40,178
12/28/2014,LBB,TX,ASW,CE,Combined TRACON& Tower with Radar,27,26,31,2,86,0,20,36,1,57,27,46,67,3,143,16,0,16,159
12/29/2014,LBB,TX,ASW,CE,Combined TRACON& Tower with Radar,25,30,30,4,89,0,24,37,0,61,25,54,67,4,150,60,0,60,210
12/30/2014,LBB,TX,ASW,CE,Combined TRACON& Tower with Radar,8,20,7,0,35,0,2,0,0,2,8,22,7,0,37,40,0,40,77
12/31/2014,LBB,TX,ASW,CE,Combined TRACON& Tower with Radar,15,7,9,0,31,0,0,0,0,0,15,7,9,0,31,0,0,0,31
01/01/2015,LBB,TX,ASW,CE,Combined TRACON& Tower with Radar,19,14,18,0,51,0,0,0,0,0,19,14,18,0,51,0,0,0,51
01/02/2015,LBB,TX,ASW,CE,Combined TRACON& Tower with Radar,15,12,6,0,33,0,0,0,0,0,15,12,6,0,33,0,0,0,33
01/03/2015,LBB,TX,ASW,CE,Combined TRACON& Tower with Radar,32,31,28,1,92,0,11,13,0,24,32,42,41,1,116,0,0,0,116
01/04/2015,LBB,TX,ASW,CE,Combined TRACON& Tower with Radar,27,24,38,1,90,0,2,9,0,11,27,26,47,1,101,58,0,58,159
01/05/2015,LBB,TX,ASW,CE,Combined TRACON& Tower with Radar,62,65,59,0,186,0,29,24,0,53,62,94,83,0,239,38,0,38,277
01/06/2015,LBB,TX,ASW,CE,Combined TRACON& Tower with Radar,69,72,97,11,249,0,19,61,0,80,69,91,158,11,329,14,46,60,389
01/07/2015,LBB,TX,ASW,CE,Combined TRACON& Tower with Radar,80,74,97,20,271,0,29,8,0,37,80,103,105,20,308,0,112,112,420
01/08/2015,LBB,TX,ASW,CE,Combined TRACON& Tower with Radar,70,73,52,11,206,0,25,63,3,91,70,98,115,14,297,8,4,12,309
01/09/2015,LBB,TX,ASW,CE,Combined TRACON& Tower with Radar,71,67,46,22,206,3,17,34,1,55,74,84,80,23,261,50,24,74,335
01/10/2015,LBB,TX,ASW,CE,Combined TRACON& Tower with Radar,44,26,19,12,101,0,4,24,0,28,44,30,43,12,129,34,0,34,163
01/11/2015,LBB,TX,ASW,CE,Combined TRACON& Tower with Radar,34,16,34,23,107,0,11,38,2,51,34,27,72,25,158,72,24,96,254
01/12/2015,LBB,TX,ASW,CE,Combined TRACON& Tower with Radar,31,30,34,12,107,0,0,1,0,1,31,30,35,12,108,0,0,0,108
01/13/2015,LBB,TX,ASW,CE,Combined TRACON& Tower with Radar,35,52,32,0,119,0,2,2,0,4,35,54,34,0,123,0,0,0,123
01/14/2015,LBB,TX,ASW,CE,Combined TRACON& Tower with Radar,34,63,41,7,145,0,7,2,0,9,34,70,43,7,154,0,0,0,154
01/15/2015,LBB,TX,ASW,CE,Combined TRACON& Tower with Radar,34,50,42,27,153,0,14,40,0,54,34,64,82,27,207,22,0,22,229
01/16/2015,LBB,TX,ASW,CE,Combined TRACON& Tower with Radar,34,44,53,25,156,0,15,65,3,83,34,59,118,28,239,102,14,116,355
01/17/2015,LBB,TX,ASW,CE,Combined TRACON& Tower with Radar,25,22,28,6,81,0,9,36,0,45,25,31,64,6,126,28,0,28,154
01/18/2015,LBB,TX,ASW,CE,Combined TRACON& Tower with Radar,26,14,31,0,71,0,7,26,0,33,26,21,57,0,104,14,0,14,118
01/19/2015,LBB,TX,ASW,CE,Combined TRACON& Tower with Radar,26,30,37,1,94,0,20,69,1,90,26,50,106,2,184,76,0,76,260
01/20/2015,LBB,TX,ASW,CE,Combined TRACON& Tower with Radar,32,48,55,2,137,0,9,33,1,43,32,57,88,3,180,42,0,42,222
01/21/2015,LBB,TX,ASW,CE,Combined TRACON& Tower with Radar,30,40,41,8,119,0,9,5,1,15,30,49,46,9,134,0,0,0,134
01/22/2015,LBB,TX,ASW,CE,Combined TRACON& Tower with Radar,23,27,13,0,63,0,0,0,0,0,23,27,13,0,63,0,0,0,63
01/23/2015,LBB,TX,ASW,CE,Combined TRACON& Tower with Radar,37,44,38,23,142,0,31,42,7,80,37,75,80,30,222,0,26,26,248
01/24/2015,LBB,TX,ASW,CE,Combined TRACON& Tower with Radar,30,18,29,0,77,0,13,50,1,64,30,31,79,1,141,80,0,80,221
01/25/2015,LBB,TX,ASW,CE,Combined TRACON& Tower with Radar,26,18,20,3,67,0,20,39,1,60,26,38,59,4,127,40,0,40,167
01/26/2015,LBB,TX,ASW,CE,Combined TRACON& Tower with Radar,29,25,23,17,94,0,23,41,0,64,29,48,64,17,158,78,4,82,240
01/27/2015,LBB,TX,ASW,CE,Combined TRACON& Tower with Radar,37,44,43,16,140,0,22,60,3,85,37,66,103,19,225,88,10,98,323
01/28/2015,LBB,TX,ASW,CE,Combined TRACON& Tower with Radar,35,46,32,6,119,0,18,45,0,63,35,64,77,6,182,66,0,66,248
01/29/2015,LBB,TX,ASW,CE,Combined TRACON& Tower with Radar,34,46,37,12,129,0,30,27,2,59,34,76,64,14,188,22,0,22,210
01/30/2015,LBB,TX,ASW,CE,Combined TRACON& Tower with Radar,36,54,24,23,137,0,6,15,0,21,36,60,39,23,158,21,0,21,179
01/31/2015,LBB,TX,ASW,CE,Combined TRACON& Tower with Radar,29,26,9,4,68,0,0,0,0,0,29,26,9,4,68,0,0,0,68
02/01/2015,LBB,TX,ASW,CE,Combined TRACON& Tower with Radar,27,15,26,24,92,0,13,24,1,38,27,28,50,25,130,0,0,0,130
02/02/2015,LBB,TX,ASW,CE,Combined TRACON& Tower with Radar,26,28,35,8,97,0,11,37,0,48,26,39,72,8,145,40,0,40,185
02/03/2015,LBB,TX,ASW,CE,Combined TRACON& Tower with Radar,34,54,49,34,171,0,14,49,4,67,34,68,98,38,238,34,0,34,272
02/04/2015,LBB,TX,ASW,CE,Combined TRACON& Tower with Radar,32,58,35,0,125,0,5,16,0,21,32,63,51,0,146,4,0,4,150
02/05/2015,LBB,TX,ASW,CE,Combined TRACON& Tower with Radar,30,45,46,0,121,0,10,18,0,28,30,55,64,0,149,22,0,22,171
02/06/2015,LBB,TX,ASW,CE,Combined TRACON& Tower with Radar,34,40,36,28,138,0,22,60,1,83,34,62,96,29,221,78,0,78,299
02/07/2015,LBB,TX,ASW,CE,Combined TRACON& Tower with Radar,27,18,17,4,66,0,23,34,4,61,27,41,51,8,127,8,8,16,143
02/08/2015,LBB,TX,ASW,CE,Combined TRACON& Tower with Radar,27,17,37,5,86,0,23,48,1,72,27,40,85,6,158,88,0,88,246
02/09/2015,LBB,TX,ASW,CE,Combined TRACON& Tower with Radar,29,28,27,6,90,0,23,36,2,61,29,51,63,8,151,0,0,0,151
02/10/2015,LBB,TX,ASW,CE,Combined TRACON& Tower with Radar,35,46,32,2,115,0,13,39,0,52,35,59,71,2,167,20,0,20,187
02/11/2015,LBB,TX,ASW,CE,Combined TRACON& Tower with Radar,36,45,36,10,127,0,9,11,0,20,36,54,47,10,147,0,0,0,147
02/12/2015,LBB,TX,ASW,CE,Combined TRACON& Tower with Radar,33,48,37,3,121,0,21,45,3,69,33,69,82,6,190,28,10,38,228
02/13/2015,LBB,TX,ASW,CE,Combined TRACON& Tower with Radar,33,53,43,20,149,0,18,43,2,63,33,71,86,22,212,22,0,22,234
02/14/2015,LBB,TX,ASW,CE,Combined TRACON& Tower with Radar,27,29,14,20,90,0,14,33,4,51,27,43,47,24,141,78,6,84,225
02/15/2015,LBB,TX,ASW,CE,Combined TRACON& Tower with Radar,27,23,22,2,74,0,9,33,1,43,27,32,55,3,117,110,0,110,227
02/16/2015,LBB,TX,ASW,CE,Combined TRACON& Tower with Radar,26,43,30,10,109,0,16,25,0,41,26,59,55,10,150,0,0,0,150
02/17/2015,LBB,TX,ASW,CE,Combined TRACON& Tower with Radar,25,48,52,17,142,0,12,28,2,42,25,60,80,19,184,26,16,42,226
02/18/2015,LBB,TX,ASW,CE,Combined TRACON& Tower with Radar,34,50,37,15,136,0,17,38,1,56,34,67,75,16,192,56,41,97,289
02/19/2015,LBB,TX,ASW,CE,Combined TRACON& Tower with Radar,31,48,43,14,136,0,18,17,2,37,31,66,60,16,173,44,0,44,217
02/20/2015,LBB,TX,ASW,CE,Combined TRACON& Tower with Radar,30,49,49,44,172,0,4,43,1,48,30,53,92,45,220,14,36,50,270
02/21/2015,LBB,TX,ASW,CE,Combined TRACON& Tower with Radar,24,25,20,26,95,0,12,39,0,51,24,37,59,26,146,64,24,88,234
02/22/2015,LBB,TX,ASW,CE,Combined TRACON& Tower with Radar,17,18,10,0,45,0,2,2,0,4,17,20,12,0,49,0,0,0,49
02/23/2015,LBB,TX,ASW,CE,Combined TRACON& Tower with Radar,16,25,15,9,65,0,2,0,0,2,16,27,15,9,67,0,0,0,67
02/24/2015,LBB,TX,ASW,CE,Combined TRACON& Tower with Radar,30,41,33,11,115,0,14,24,0,38,30,55,57,11,153,0,18,18,171
02/25/2015,LBB,TX,ASW,CE,Combined TRACON& Tower with Radar,27,51,23,14,115,0,11,36,2,49,27,62,59,16,164,26,8,34,198
02/26/2015,LBB,TX,ASW,CE,Combined TRACON& Tower with Radar,33,42,31,2,108,0,0,8,0,8,33,42,39,2,116,0,0,0,116
02/27/2015,LBB,TX,ASW,CE,Combined TRACON& Tower with Radar,26,27,17,2,72,0,0,0,0,0,26,27,17,2,72,0,0,0,72
02/28/2015,LBB,TX,ASW,CE,Combined TRACON& Tower with Radar,16,16,12,0,44,0,0,0,0,0,16,16,12,0,44,0,0,0,44
03/01/2015,LBB,TX,ASW,CE,Combined TRACON& Tower with Radar,16,25,8,0,49,0,0,0,0,0,16,25,8,0,49,0,0,0,49
03/02/2015,LBB,TX,ASW,CE,Combined TRACON& Tower with Radar,25,33,19,10,87,0,0,0,0,0,25,33,19,10,87,0,0,0,87
03/03/2015,LBB,TX,ASW,CE,Combined TRACON& Tower with Radar,34,46,37,21,138,0,4,13,0,17,34,50,50,21,155,36,22,58,213
03/04/2015,LBB,TX,ASW,CE,Combined TRACON& Tower with Radar,23,33,6,3,65,0,2,1,1,4,23,35,7,4,69,0,6,6,75
03/05/2015,LBB,TX,ASW,CE,Combined TRACON& Tower with Radar,17,52,42,8,119,0,9,30,0,39,17,61,72,8,158,0,4,4,162
03/06/2015,LBB,TX,ASW,CE,Combined TRACON& Tower with Radar,30,38,39,30,137,0,14,31,3,48,30,52,70,33,185,38,0,38,223
03/07/2015,LBB,TX,ASW,CE,Combined TRACON& Tower with Radar,30,33,33,0,96,0,10,43,0,53,30,43,76,0,149,64,0,64,213
03/08/2015,LBB,TX,ASW,CE,Combined TRACON& Tower with Radar,31,21,25,27,104,0,13,29,1,43,31,34,54,28,147,24,36,60,207
03/09/2015,LBB,TX,ASW,CE,Combined TRACON& Tower with Radar,28,33,35,26,122,0,7,5,0,12,28,40,40,26,134,0,0,0,134
03/10/2015,LBB,TX,ASW,CE,Combined TRACON& Tower with Radar,37,45,40,19,141,0,12,33,3,48,37,57,73,22,189,14,82,96,285
03/11/2015,LBB,TX,ASW,CE,Combined TRACON& Tower with Radar,35,41,50,32,158,0,13,42,1,56,35,54,92,33,214,0,56,56,270
03/12/2015,LBB,TX,ASW,CE,Combined TRACON& Tower with Radar,36,45,38,18,137,0,22,45,1,68,36,67,83,19,205,0,0,0,205
03/13/2015,LBB,TX,ASW,CE,Combined TRACON& Tower with Radar,36,49,39,30,154,0,31,35,3,69,36,80,74,33,223,0,0,0,223
03/14/2015,LBB,TX,ASW,CE,Combined TRACON& Tower with Radar,29,26,37,8,100,0,20,28,0,48,29,46,65,8,148,4,0,4,152
03/15/2015,LBB,TX,ASW,CE,Combined TRACON& Tower with Radar,30,15,36,10,91,0,19,34,2,55,30,34,70,12,146,0,0,0,146
03/16/2015,LBB,TX,ASW,CE,Combined TRACON& Tower with Radar,29,33,31,5,98,0,14,36,2,52,29,47,67,7,150,52,0,52,202
03/17/2015,LBB,TX,ASW,CE,Combined TRACON& Tower with Radar,34,46,30,36,146,0,10,16,0,26,34,56,46,36,172,6,14,20,192
03/18/2015,LBB,TX,ASW,CE,Combined TRACON& Tower with Radar,38,37,41,76,192,0,7,24,7,38,38,44,65,83,230,8,186,194,424
03/19/2015,LBB,TX,ASW,CE,Combined TRACON& Tower with Radar,35,68,49,19,171,0,14,16,8,38,35,82,65,27,209,0,118,118,327
03/20/2015,LBB,TX,ASW,CE,Combined TRACON& Tower with Radar,36,51,36,26,149,0,5,13,0,18,36,56,49,26,167,0,0,0,167
03/21/2015,LBB,TX,ASW,CE,Combined TRACON& Tower with Radar,29,31,26,12,98,0,13,19,1,33,29,44,45,13,131,0,0,0,131
03/22/2015,LBB,TX,ASW,CE,Combined TRACON& Tower with Radar,31,19,36,4,90,0,16,25,3,44,31,35,61,7,134,44,0,44,178
03/23/2015,LBB,TX,ASW,CE,Combined TRACON& Tower with Radar,28,23,31,16,98,0,15,29,4,48,28,38,60,20,146,28,20,48,194
03/24/2015,LBB,TX,ASW,CE,Combined TRACON& Tower with Radar,34,44,30,21,129,0,10,44,0,54,34,54,74,21,183,24,12,36,219
03/25/2015,LBB,TX,ASW,CE,Combined TRACON& Tower with Radar,35,40,34,19,128,0,10,32,2,44,35,50,66,21,172,20,24,44,216
03/26/2015,LBB,TX,ASW,CE,Combined TRACON& Tower with Radar,33,49,38,27,147,0,13,42,2,57,33,62,80,29,204,20,16,36,240
03/27/2015,LBB,TX,ASW,CE,Combined TRACON& Tower with Radar,32,35,28,25,120,0,26,50,4,80,32,61,78,29,200,42,0,42,242
03/28/2015,LBB,TX,ASW,CE,Combined TRACON& Tower with Radar,27,17,15,4,63,0,17,58,1,76,27,34,73,5,139,44,0,44,183
03/29/2015,LBB,TX,ASW,CE,Combined TRACON& Tower with Radar,28,17,20,1,66,0,21,32,2,55,28,38,52,3,121,92,0,92,213
03/30/2015,LBB,TX,ASW,CE,Combined TRACON& Tower with Radar,28,26,28,0,82,0,19,31,1,51,28,45,59,1,133,52,0,52,185
03/31/2015,LBB,TX,ASW,CE,Combined TRACON& Tower with Radar,34,37,27,12,110,0,21,50,0,71,34,58,77,12,181,24,0,24,205
04/01/2015,LBB,TX,ASW,CE,Combined TRACON& Tower with Radar,42,39,28,27,136,0,11,31,4,46,42,50,59,31,182,28,46,74,256
04/02/2015,LBB,TX,ASW,CE,Combined TRACON& Tower with Radar,35,49,47,38,169,0,12,27,2,41,35,61,74,40,210,0,22,22,232
04/03/2015,LBB,TX,ASW,CE,Combined TRACON& Tower with Radar,34,48,30,12,124,0,13,12,1,26,34,61,42,13,150,28,0,28,178
04/04/2015,LBB,TX,ASW,CE,Combined TRACON& Tower with Radar,29,24,12,0,65,0,20,24,0,44,29,44,36,0,109,0,0,0,109
04/05/2015,LBB,TX,ASW,CE,Combined TRACON& Tower with Radar,28,19,19,0,66,0,14,19,0,33,28,33,38,0,99,57,8,65,164
04/06/2015,LBB,TX,ASW,CE,Combined TRACON& Tower with Radar,31,34,43,42,150,0,25,35,3,63,31,59,78,45,213,8,14,22,235
04/07/2015,LBB,TX,ASW,CE,Combined TRACON& Tower with Radar,34,52,46,23,155,0,8,36,1,45,34,60,82,24,200,14,0,14,214
04/08/2015,LBB,TX,ASW,CE,Combined TRACON& Tower with Radar,35,48,42,1,126,0,6,27,0,33,35,54,69,1,159,4,0,4,163
04/09/2015,LBB,TX,ASW,CE,Combined TRACON& Tower with Radar,35,51,41,19,146,0,10,55,3,68,35,61,96,22,214,2,18,20,234
04/10/2015,LBB,TX,ASW,CE,Combined TRACON& Tower with Radar,36,40,32,6,114,0,8,42,0,50,36,48,74,6,164,12,0,12,176
04/11/2015,LBB,TX,ASW,CE,Combined TRACON& Tower with Radar,27,24,22,0,73,0,19,21,0,40,27,43,43,0,113,40,0,40,153
04/12/2015,LBB,TX,ASW,CE,Combined TRACON& Tower with Radar,26,19,29,24,98,0,7,13,0,20,26,26,42,24,118,18,0,18,136
04/13/2015,LBB,TX,ASW,CE,Combined TRACON& Tower with Radar,27,39,21,10,97,0,0,1,0,1,27,39,22,10,98,0,0,0,98
04/14/2015,LBB,TX,ASW,CE,Combined TRACON& Tower with Radar,36,45,36,0,117,0,17,32,0,49,36,62,68,0,166,30,0,30,196
04/15/2015,LBB,TX,ASW,CE,Combined TRACON& Tower with Radar,32,50,38,1,121,0,18,22,4,44,32,68,60,5,165,6,0,6,171
04/16/2015,LBB,TX,ASW,CE,Combined TRACON& Tower with Radar,37,46,42,15,140,0,7,26,1,34,37,53,68,16,174,0,0,0,174
04/17/2015,LBB,TX,ASW,CE,Combined TRACON& Tower with Radar,38,40,33,30,141,0,17,21,1,39,38,57,54,31,180,4,0,4,184
04/18/2015,LBB,TX,ASW,CE,Combined TRACON& Tower with Radar,38,31,23,15,107,0,12,21,7,40,38,43,44,22,147,30,16,46,193
04/19/2015,LBB,TX,ASW,CE,Combined TRACON& Tower with Radar,29,18,28,5,80,0,22,21,0,43,29,40,49,5,123,36,0,36,159
04/20/2015,LBB,TX,ASW,CE,Combined TRACON& Tower with Radar,25,32,20,12,89,0,26,35,3,64,25,58,55,15,153,12,16,28,181
04/21/2015,LBB,TX,ASW,CE,Combined TRACON& Tower with Radar,34,44,50,2,130,0,24,51,0,75,34,68,101,2,205,10,20,30,235
04/22/2015,LBB,TX,ASW,CE,Combined TRACON& Tower with Radar,34,48,46,39,167,0,15,17,2,34,34,63,63,41,201,0,28,28,229
04/23/2015,LBB,TX,ASW,CE,Combined TRACON& Tower with Radar,35,55,36,2,128,0,12,9,1,22,35,67,45,3,150,0,0,0,150
04/24/2015,LBB,TX,ASW,CE,Combined TRACON& Tower with Radar,38,49,21,29,137,0,8,15,0,23,38,57,36,29,160,0,30,30,190
04/25/2015,LBB,TX,ASW,CE,Combined TRACON& Tower with Radar,28,25,23,17,93,0,18,21,1,40,28,43,44,18,133,76,64,140,273
04/26/2015,LBB,TX,ASW,CE,Combined TRACON& Tower with Radar,28,23,26,6,83,0,14,21,1,36,28,37,47,7,119,36,10,46,165
04/27/2015,LBB,TX,ASW,CE,Combined TRACON& Tower with Radar,32,32,23,6,93,0,1,3,0,4,32,33,26,6,97,0,0,0,97
04/28/2015,LBB,TX,ASW,CE,Combined TRACON& Tower with Radar,34,48,34,6,122,0,16,12,1,29,34,64,46,7,151,18,0,18,169
04/29/2015,LBB,TX,ASW,CE,Combined TRACON& Tower with Radar,52,55,44,50,201,0,19,45,0,64,52,74,89,50,265,8,18,26,291
04/30/2015,LBB,TX,ASW,CE,Combined TRACON& Tower with Radar,36,47,33,22,138,0,24,30,4,58,36,71,63,26,196,38,12,50,246
05/01/2015,LBB,TX,ASW,CE,Combined TRACON& Tower with Radar,34,45,21,8,108,0,15,29,0,44,34,60,50,8,152,16,0,16,168
05/02/2015,LBB,TX,ASW,CE,Combined TRACON& Tower with Radar,25,22,11,23,81,0,23,46,2,71,25,45,57,25,152,12,0,12,164
05/03/2015,LBB,TX,ASW,CE,Combined TRACON& Tower with Radar,25,23,17,0,65,0,15,42,0,57,25,38,59,0,122,18,0,18,140
05/04/2015,LBB,TX,ASW,CE,Combined TRACON& Tower with Radar,25,30,24,2,81,0,5,9,0,14,25,35,33,2,95,0,0,0,95
05/05/2015,LBB,TX,ASW,CE,Combined TRACON& Tower with Radar,34,43,19,0,96,0,7,6,0,13,34,50,25,0,109,0,0,0,109
05/06/2015,LBB,TX,ASW,CE,Combined TRACON& Tower with Radar,34,53,30,29,146,0,7,22,1,30,34,60,52,30,176,38,10,48,224
05/07/2015,LBB,TX,ASW,CE,Combined TRACON& Tower with Radar,36,60,43,8,147,0,9,10,1,20,36,69,53,9,167,22,0,22,189
05/08/2015,LBB,TX,ASW,CE,Combined TRACON& Tower with Radar,38,46,41,12,137,0,3,11,0,14,38,49,52,12,151,24,0,24,175
05/09/2015,LBB,TX,ASW,CE,Combined TRACON& Tower with Radar,28,29,23,80,160,0,10,11,8,29,28,39,34,88,189,18,94,112,301
05/10/2015,LBB,TX,ASW,CE,Combined TRACON& Tower with Radar,28,15,30,9,82,0,13,35,0,48,28,28,65,9,130,78,0,78,208
05/11/2015,LBB,TX,ASW,CE,Combined TRACON& Tower with Radar,26,24,40,7,97,0,18,31,2,51,26,42,71,9,148,12,24,36,184
05/12/2015,LBB,TX,ASW,CE,Combined TRACON& Tower with Radar,34,49,25,14,122,0,13,7,0,20,34,62,32,14,142,8,16,24,166
05/13/2015,LBB,TX,ASW,CE,Combined TRACON& Tower with Radar,34,46,27,0,107,0,0,6,1,7,34,46,33,1,114,4,0,4,118
05/14/2015,LBB,TX,ASW,CE,Combined TRACON& Tower with Radar,38,64,54,31,187,0,9,24,2,35,38,73,78,33,222,38,0,38,260
05/15/2015,LBB,TX,ASW,CE,Combined TRACON& Tower with Radar,33,57,28,43,161,0,9,24,5,38,33,66,52,48,199,8,26,34,233
05/16/2015,LBB,TX,ASW,CE,Combined TRACON& Tower with Radar,24,29,25,0,78,0,9,3,0,12,24,38,28,0,90,0,0,0,90
05/17/2015,LBB,TX,ASW,CE,Combined TRACON& Tower with Radar,28,19,34,0,81,0,21,55,2,78,28,40,89,2,159,72,0,72,231
05/18/2015,LBB,TX,ASW,CE,Combined TRACON& Tower with Radar,29,26,28,16,99,0,21,34,0,55,29,47,62,16,154,68,0,68,222
05/19/2015,LBB,TX,ASW,CE,Combined TRACON& Tower with Radar,34,47,14,2,97,0,6,7,2,15,34,53,21,4,112,0,0,0,112
05/20/2015,LBB,TX,ASW,CE,Combined TRACON& Tower with Radar,41,53,30,5,129,0,0,5,0,5,41,53,35,5,134,16,0,16,150
05/21/2015,LBB,TX,ASW,CE,Combined TRACON& Tower with Radar,35,59,42,10,146,0,3,7,0,10,35,62,49,10,156,20,0,20,176
05/22/2015,LBB,TX,ASW,CE,Combined TRACON& Tower with Radar,38,46,39,6,129,0,0,0,0,0,38,46,39,6,129,0,0,0,129
05/23/2015,LBB,TX,ASW,CE,Combined TRACON& Tower with Radar,24,26,13,0,63,0,9,9,0,18,24,35,22,0,81,36,0,36,117
05/24/2015,LBB,TX,ASW,CE,Combined TRACON& Tower with Radar,22,20,16,0,58,0,7,39,0,46,22,27,55,0,104,66,0,66,170
05/25/2015,LBB,TX,ASW,CE,Combined TRACON& Tower with Radar,23,27,28,0,78,0,9,26,0,35,23,36,54,0,113,22,0,22,135
05/26/2015,LBB,TX,ASW,CE,Combined TRACON& Tower with Radar,26,31,22,32,111,0,12,35,2,49,26,43,57,34,160,12,6,18,178
05/27/2015,LBB,TX,ASW,CE,Combined TRACON& Tower with Radar,38,46,25,5,114,0,6,29,0,35,38,52,54,5,149,8,16,24,173
05/28/2015,LBB,TX,ASW,CE,Combined TRACON& Tower with Radar,30,41,24,4,99,0,1,7,1,9,30,42,31,5,108,0,0,0,108
05/29/2015,LBB,TX,ASW,CE,Combined TRACON& Tower with Radar,36,50,28,16,130,0,10,33,3,46,36,60,61,19,176,0,0,0,176
05/30/2015,LBB,TX,ASW,CE,Combined TRACON& Tower with Radar,23,26,30,19,98,0,10,24,4,38,23,36,54,23,136,30,66,96,232
05/31/2015,LBB,TX,ASW,CE,Combined TRACON& Tower with Radar,47,29,57,10,143,0,10,32,6,48,47,39,89,16,191,16,36,52,243
06/01/2015,LBB,TX,ASW,CE,Combined TRACON& Tower with Radar,29,33,25,4,91,0,15,34,2,51,29,48,59,6,142,30,0,30,172
06/02/2015,LBB,TX,ASW,CE,Combined TRACON& Tower with Radar,33,47,31,21,132,0,5,32,0,37,33,52,63,21,169,20,0,20,189
06/03/2015,LBB,TX,ASW,CE,Combined TRACON& Tower with Radar,36,39,40,5,120,0,7,42,2,51,36,46,82,7,171,8,20,28,199
06/04/2015,LBB,TX,ASW,CE,Combined TRACON& Tower with Radar,34,50,42,0,126,0,24,46,2,72,34,74,88,2,198,16,0,16,214
06/05/2015,LBB,TX,ASW,CE,Combined TRACON& Tower with Radar,31,50,34,17,132,0,22,28,1,51,31,72,62,18,183,10,8,18,201
06/06/2015,LBB,TX,ASW,CE,Combined TRACON& Tower with Radar,28,18,14,0,60,0,21,37,0,58,28,39,51,0,118,66,0,66,184
06/07/2015,LBB,TX,ASW,CE,Combined TRACON& Tower with Radar,26,22,41,12,101,0,23,44,4,71,26,45,85,16,172,50,0,50,222
06/08/2015,LBB,TX,ASW,CE,Combined TRACON& Tower with Radar,28,27,33,1,89,0,15,49,0,64,28,42,82,1,153,38,0,38,191
06/09/2015,LBB,TX,ASW,CE,Combined TRACON& Tower with Radar,32,51,35,8,126,0,21,49,0,70,32,72,84,8,196,26,28,54,250
06/10/2015,LBB,TX,ASW,CE,Combined TRACON& Tower with Radar,34,42,26,11,113,0,20,37,2,59,34,62,63,13,172,44,8,52,224
06/11/2015,LBB,TX,ASW,CE,Combined TRACON& Tower with Radar,34,48,35,4,121,0,23,47,0,70,34,71,82,4,191,40,8,48,239
06/12/2015,LBB,TX,ASW,CE,Combined TRACON& Tower with Radar,36,42,34,4,116,0,9,4,0,13,36,51,38,4,129,26,18,44,173
06/13/2015,LBB,TX,ASW,CE,Combined TRACON& Tower with Radar,26,27,26,0,79,0,9,15,0,24,26,36,41,0,103,30,0,30,133
06/14/2015,LBB,TX,ASW,CE,Combined TRACON& Tower with Radar,38,18,24,18,98,0,16,22,2,40,38,34,46,20,138,76,40,116,254
06/15/2015,LBB,TX,ASW,CE,Combined TRACON& Tower with Radar,25,28,22,13,88,0,10,16,3,29,25,38,38,16,117,18,0,18,135
06/16/2015,LBB,TX,ASW,CE,Combined TRACON& Tower with Radar,34,46,49,52,181,0,10,14,1,25,34,56,63,53,206,60,0,60,266
06/17/2015,LBB,TX,ASW,CE,Combined TRACON& Tower with Radar,34,40,42,11,127,0,15,17,1,33,34,55,59,12,160,32,0,32,192
06/18/2015,LBB,TX,ASW,CE,Combined TRACON& Tower with Radar,34,40,43,25,142,0,13,34,3,50,34,53,77,28,192,28,18,46,238
06/19/2015,LBB,TX,ASW,CE,Combined TRACON& Tower with Radar,33,47,50,13,143,0,19,43,0,62,33,66,93,13,205,72,0,72,277
06/20/2015,LBB,TX,ASW,CE,Combined TRACON& Tower with Radar,28,30,31,20,109,0,21,36,1,58,28,51,67,21,167,22,2,24,191
06/21/2015,LBB,TX,ASW,CE,Combined TRACON& Tower with Radar,23,22,36,11,92,0,15,48,3,66,23,37,84,14,158,40,0,40,198
06/22/2015,LBB,TX,ASW,CE,Combined TRACON& Tower with Radar,25,32,38,7,102,0,14,26,0,40,25,46,64,7,142,14,0,14,156
06/23/2015,LBB,TX,ASW,CE,Combined TRACON& Tower with Radar,38,46,35,25,144,0,16,46,3,65,38,62,81,28,209,32,16,48,257
06/24/2015,LBB,TX,ASW,CE,Combined TRACON& Tower with Radar,33,45,32,10,120,0,9,23,0,32,33,54,55,10,152,62,20,82,234
06/25/2015,LBB,TX,ASW,CE,Combined TRACON& Tower with Radar,34,44,26,11,115,0,22,46,0,68,34,66,72,11,183,10,10,20,203
06/26/2015,LBB,TX,ASW,CE,Combined TRACON& Tower with Radar,40,53,21,25,139,0,24,32,2,58,40,77,53,27,197,26,14,40,237
06/27/2015,LBB,TX,ASW,CE,Combined TRACON& Tower with Radar,25,29,12,0,66,0,19,39,1,59,25,48,51,1,125,12,0,12,137
06/28/2015,LBB,TX,ASW,CE,Combined TRACON& Tower with Radar,37,19,40,8,104,0,29,58,0,87,37,48,98,8,191,0,0,0,191
06/29/2015,LBB,TX,ASW,CE,Combined TRACON& Tower with Radar,28,33,19,2,82,0,9,34,1,44,28,42,53,3,126,54,0,54,180
06/30/2015,LBB,TX,ASW,CE,Combined TRACON& Tower with Radar,35,50,43,10,138,0,20,30,1,51,35,70,73,11,189,0,0,0,189
07/01/2015,LBB,TX,ASW,CE,Combined TRACON& Tower with Radar,33,46,50,18,147,0,18,44,2,64,33,64,94,20,211,32,0,32,243
07/02/2015,LBB,TX,ASW,CE,Combined TRACON& Tower with Radar,32,40,39,5,116,0,19,37,1,57,32,59,76,6,173,0,0,0,173
07/03/2015,LBB,TX,ASW,CE,Combined TRACON& Tower with Radar,30,43,40,0,113,0,11,32,0,43,30,54,72,0,156,40,0,40,196
07/04/2015,LBB,TX,ASW,CE,Combined TRACON& Tower with Radar,18,19,5,0,42,0,10,26,0,36,18,29,31,0,78,0,0,0,78
07/05/2015,LBB,TX,ASW,CE,Combined TRACON& Tower with Radar,25,22,23,0,70,0,16,24,0,40,25,38,47,0,110,30,0,30,140
07/06/2015,LBB,TX,ASW,CE,Combined TRACON& Tower with Radar,25,24,34,2,85,0,10,20,0,30,25,34,54,2,115,6,0,6,121
07/07/2015,LBB,TX,ASW,CE,Combined TRACON& Tower with Radar,34,43,38,10,125,0,2,0,0,2,34,45,38,10,127,0,0,0,127
07/08/2015,LBB,TX,ASW,CE,Combined TRACON& Tower with Radar,30,60,41,16,147,0,9,16,3,28,30,69,57,19,175,20,14,34,209
07/09/2015,LBB,TX,ASW,CE,Combined TRACON& Tower with Radar,33,55,32,5,125,0,7,19,5,31,33,62,51,10,156,36,12,48,204
07/10/2015,LBB,TX,ASW,CE,Combined TRACON& Tower with Radar,31,43,42,12,128,0,6,24,3,33,31,49,66,15,161,5,17,22,183
07/11/2015,LBB,TX,ASW,CE,Combined TRACON& Tower with Radar,29,27,17,5,78,0,12,34,4,50,29,39,51,9,128,14,0,14,142
07/12/2015,LBB,TX,ASW,CE,Combined TRACON& Tower with Radar,26,23,30,9,88,0,17,36,0,53,26,40,66,9,141,76,20,96,237
07/13/2015,LBB,TX,ASW,CE,Combined TRACON& Tower with Radar,26,27,20,30,103,0,15,41,0,56,26,42,61,30,159,22,40,62,221
07/14/2015,LBB,TX,ASW,CE,Combined TRACON& Tower with Radar,38,44,33,6,121,0,12,33,0,45,38,56,66,6,166,16,0,16,182
07/15/2015,LBB,TX,ASW,CE,Combined TRACON& Tower with Radar,35,56,39,2,132,0,11,46,0,57,35,67,85,2,189,48,0,48,237
07/16/2015,LBB,TX,ASW,CE,Combined TRACON& Tower with Radar,35,45,45,7,132,0,19,33,5,57,35,64,78,12,189,8,6,14,203
07/17/2015,LBB,TX,ASW,CE,Combined TRACON& Tower with Radar,34,42,21,15,112,0,27,42,5,74,34,69,63,20,186,10,0,10,196
07/18/2015,LBB,TX,ASW,CE,Combined TRACON& Tower with Radar,29,35,28,15,107,0,9,46,0,55,29,44,74,15,162,22,24,46,208
07/19/2015,LBB,TX,ASW,CE,Combined TRACON& Tower with Radar,25,24,28,18,95,0,17,42,2,61,25,41,70,20,156,44,0,44,200
07/20/2015,LBB,TX,ASW,CE,Combined TRACON& Tower with Radar,28,26,37,0,91,0,24,25,0,49,28,50,62,0,140,0,0,0,140
07/21/2015,LBB,TX,ASW,CE,Combined TRACON& Tower with Radar,39,37,39,8,123,0,11,24,4,39,39,48,63,12,162,20,0,20,182
07/22/2015,LBB,TX,ASW,CE,Combined TRACON& Tower with Radar,36,45,27,26,134,0,12,37,2,51,36,57,64,28,185,40,0,40,225
07/23/2015,LBB,TX,ASW,CE,Combined TRACON& Tower with Radar,38,44,43,4,129,0,15,32,0,47,38,59,75,4,176,0,0,0,176
07/24/2015,LBB,TX,ASW,CE,Combined TRACON& Tower with Radar,35,48,31,21,135,0,22,56,7,85,35,70,87,28,220,38,16,54,274
07/25/2015,LBB,TX,ASW,CE,Combined TRACON& Tower with Radar,29,25,18,0,72,0,18,21,2,41,29,43,39,2,113,20,0,20,133
07/26/2015,LBB,TX,ASW,CE,Combined TRACON& Tower with Radar,29,20,26,8,83,0,18,41,0,59,29,38,67,8,142,0,0,0,142
07/27/2015,LBB,TX,ASW,CE,Combined TRACON& Tower with Radar,29,25,29,17,100,0,14,18,1,33,29,39,47,18,133,34,0,34,167
07/28/2015,LBB,TX,ASW,CE,Combined TRACON& Tower with Radar,38,49,39,6,132,0,30,39,2,71,38,79,78,8,203,36,0,36,239
07/29/2015,LBB,TX,ASW,CE,Combined TRACON& Tower with Radar,36,53,32,37,158,0,13,35,2,50,36,66,67,39,208,30,58,88,296
07/30/2015,LBB,TX,ASW,CE,Combined TRACON& Tower with Radar,36,39,45,4,124,0,18,33,0,51,36,57,78,4,175,12,0,12,187
07/31/2015,LBB,TX,ASW,CE,Combined TRACON& Tower with Radar,35,35,34,17,121,0,20,39,1,60,35,55,73,18,181,34,0,34,215
08/01/2015,LBB,TX,ASW,CE,Combined TRACON& Tower with Radar,31,39,38,0,108,0,14,30,0,44,31,53,68,0,152,0,0,0,152
08/02/2015,LBB,TX,ASW,CE,Combined TRACON& Tower with Radar,26,22,40,30,118,0,7,39,4,50,26,29,79,34,168,0,0,0,168
08/03/2015,LBB,TX,ASW,CE,Combined TRACON& Tower with Radar,30,30,38,0,98,0,15,34,0,49,30,45,72,0,147,16,0,16,163
08/04/2015,LBB,TX,ASW,CE,Combined TRACON& Tower with Radar,38,38,40,8,124,0,7,44,2,53,38,45,84,10,177,32,40,72,249
08/05/2015,LBB,TX,ASW,CE,Combined TRACON& Tower with Radar,36,41,40,31,148,0,6,32,0,38,36,47,72,31,186,40,8,48,234
08/06/2015,LBB,TX,ASW,CE,Combined TRACON& Tower with Radar,34,39,29,4,106,0,19,31,0,50,34,58,60,4,156,12,12,24,180
08/07/2015,LBB,TX,ASW,CE,Combined TRACON& Tower with Radar,37,40,40,13,130,0,20,36,0,56,37,60,76,13,186,10,0,10,196
08/08/2015,LBB,TX,ASW,CE,Combined TRACON& Tower with Radar,31,27,25,0,83,0,18,23,0,41,31,45,48,0,124,10,0,10,134
08/09/2015,LBB,TX,ASW,CE,Combined TRACON& Tower with Radar,27,23,23,13,86,0,10,32,4,46,27,33,55,17,132,12,12,24,156
08/10/2015,LBB,TX,ASW,CE,Combined TRACON& Tower with Radar,30,27,31,30,118,0,13,37,0,50,30,40,68,30,168,0,22,22,190
08/11/2015,LBB,TX,ASW,CE,Combined TRACON& Tower with Radar,39,40,43,7,129,0,31,59,0,90,39,71,102,7,219,14,0,14,233
08/12/2015,LBB,TX,ASW,CE,Combined TRACON& Tower with Radar,37,42,21,10,110,0,17,33,0,50,37,59,54,10,160,18,0,18,178
08/13/2015,LBB,TX,ASW,CE,Combined TRACON& Tower with Radar,36,47,46,10,139,0,21,40,0,61,36,68,86,10,200,0,0,0,200
08/14/2015,LBB,TX,ASW,CE,Combined TRACON& Tower with Radar,39,44,31,2,116,0,17,34,2,53,39,61,65,4,169,38,0,38,207
08/15/2015,LBB,TX,ASW,CE,Combined TRACON& Tower with Radar,26,20,21,0,67,0,11,26,0,37,26,31,47,0,104,4,0,4,108
08/16/2015,LBB,TX,ASW,CE,Combined TRACON& Tower with Radar,27,18,31,6,82,0,5,38,1,44,27,23,69,7,126,8,0,8,134
08/17/2015,LBB,TX,ASW,CE,Combined TRACON& Tower with Radar,28,27,38,13,106,0,13,34,3,50,28,40,72,16,156,34,8,42,198
08/18/2015,LBB,TX,ASW,CE,Combined TRACON& Tower with Radar,36,48,32,4,120,0,21,41,0,62,36,69,73,4,182,48,0,48,230
08/19/2015,LBB,TX,ASW,CE,Combined TRACON& Tower with Radar,38,47,24,9,118,0,11,8,0,19,38,58,32,9,137,0,0,0,137
08/20/2015,LBB,TX,ASW,CE,Combined TRACON& Tower with Radar,39,39,55,38,171,0,10,18,0,28,39,49,73,38,199,0,22,22,221
08/21/2015,LBB,TX,ASW,CE,Combined TRACON& Tower with Radar,35,50,20,41,146,0,23,26,4,53,35,73,46,45,199,10,58,68,267
08/22/2015,LBB,TX,ASW,CE,Combined TRACON& Tower with Radar,25,19,13,8,65,0,31,27,0,58,25,50,40,8,123,4,0,4,127
08/23/2015,LBB,TX,ASW,CE,Combined TRACON& Tower with Radar,25,16,20,8,69,0,15,25,0,40,25,31,45,8,109,18,0,18,127
08/24/2015,LBB,TX,ASW,CE,Combined TRACON& Tower with Radar,28,30,23,15,96,0,15,26,3,44,28,45,49,18,140,56,44,100,240
08/25/2015,LBB,TX,ASW,CE,Combined TRACON& Tower with Radar,34,36,33,40,143,0,17,26,1,44,34,53,59,41,187,4,52,56,243
08/26/2015,LBB,TX,ASW,CE,Combined TRACON& Tower with Radar,37,39,37,12,125,0,15,33,0,48,37,54,70,12,173,4,8,12,185
08/27/2015,LBB,TX,ASW,CE,Combined TRACON& Tower with Radar,36,44,31,13,124,0,21,58,2,81,36,65,89,15,205,50,20,70,275
08/28/2015,LBB,TX,ASW,CE,Combined TRACON& Tower with Radar,35,38,29,8,110,0,14,44,0,58,35,52,73,8,168,0,12,12,180
08/29/2015,LBB,TX,ASW,CE,Combined TRACON& Tower with Radar,25,24,13,1,63,0,13,49,0,62,25,37,62,1,125,88,0,88,213
08/30/2015,LBB,TX,ASW,CE,Combined TRACON& Tower with Radar,26,21,21,0,68,0,23,39,0,62,26,44,60,0,130,44,0,44,174
08/31/2015,LBB,TX,ASW,CE,Combined TRACON& Tower with Radar,30,27,30,8,95,0,19,43,0,62,30,46,73,8,157,0,0,0,157
09/01/2015,LBB,TX,ASW,CE,Combined TRACON& Tower with Radar,36,39,34,24,133,0,13,37,0,50,36,52,71,24,183,60,0,60,243
09/02/2015,LBB,TX,ASW,CE,Combined TRACON& Tower with Radar,36,40,44,29,149,0,26,31,1,58,36,66,75,30,207,14,48,62,269
09/03/2015,LBB,TX,ASW,CE,Combined TRACON& Tower with Radar,38,34,41,5,118,0,15,27,1,43,38,49,68,6,161,0,2,2,163
09/04/2015,LBB,TX,ASW,CE,Combined TRACON& Tower with Radar,37,37,38,8,120,0,18,44,0,62,37,55,82,8,182,6,12,18,200
09/05/2015,LBB,TX,ASW,CE,Combined TRACON& Tower with Radar,27,23,38,0,88,0,3,51,0,54,27,26,89,0,142,60,0,60,202
09/06/2015,LBB,TX,ASW,CE,Combined TRACON& Tower with Radar,23,15,14,0,52,0,20,31,0,51,23,35,45,0,103,20,0,20,123
09/07/2015,LBB,TX,ASW,CE,Combined TRACON& Tower with Radar,21,15,39,3,78,0,15,32,2,49,21,30,71,5,127,20,0,20,147
09/08/2015,LBB,TX,ASW,CE,Combined TRACON& Tower with Radar,32,31,29,6,98,0,19,17,0,36,32,50,46,6,134,48,0,48,182
09/09/2015,LBB,TX,ASW,CE,Combined TRACON& Tower with Radar,40,38,36,6,120,0,12,10,0,22,40,50,46,6,142,30,0,30,172
09/10/2015,LBB,TX,ASW,CE,Combined TRACON& Tower with Radar,40,42,33,6,121,0,14,37,0,51,40,56,70,6,172,42,0,42,214
09/11/2015,LBB,TX,ASW,CE,Combined TRACON& Tower with Radar,41,38,32,10,121,0,15,27,2,44,41,53,59,12,165,8,0,8,173
09/12/2015,LBB,TX,ASW,CE,Combined TRACON& Tower with Radar,29,27,34,8,98,0,20,58,0,78,29,47,92,8,176,52,0,52,228
09/13/2015,LBB,TX,ASW,CE,Combined TRACON& Tower with Radar,27,19,28,14,88,0,13,29,0,42,27,32,57,14,130,0,16,16,146
09/14/2015,LBB,TX,ASW,CE,Combined TRACON& Tower with Radar,30,31,29,3,93,0,19,39,4,62,30,50,68,7,155,0,0,0,155
09/15/2015,LBB,TX,ASW,CE,Combined TRACON& Tower with Radar,40,38,45,4,127,0,27,46,2,75,40,65,91,6,202,10,20,30,232
09/16/2015,LBB,TX,ASW,CE,Combined TRACON& Tower with Radar,38,39,31,0,108,0,11,35,0,46,38,50,66,0,154,32,0,32,186
09/17/2015,LBB,TX,ASW,CE,Combined TRACON& Tower with Radar,38,46,31,0,115,0,17,42,3,62,38,63,73,3,177,0,0,0,177
09/18/2015,LBB,TX,ASW,CE,Combined TRACON& Tower with Radar,39,36,28,26,129,0,15,37,3,55,39,51,65,29,184,32,20,52,236
09/19/2015,LBB,TX,ASW,CE,Combined TRACON& Tower with Radar,25,29,30,9,93,0,24,13,0,37,25,53,43,9,130,32,28,60,190
09/20/2015,LBB,TX,ASW,CE,Combined TRACON& Tower with Radar,30,16,42,8,96,0,28,23,0,51,30,44,65,8,147,20,16,36,183
09/21/2015,LBB,TX,ASW,CE,Combined TRACON& Tower with Radar,30,42,36,12,120,0,21,27,1,49,30,63,63,13,169,32,40,72,241
09/22/2015,LBB,TX,ASW,CE,Combined TRACON& Tower with Radar,38,52,32,17,139,0,20,39,0,59,38,72,71,17,198,14,0,14,212
09/23/2015,LBB,TX,ASW,CE,Combined TRACON& Tower with Radar,38,40,25,4,107,0,8,25,0,33,38,48,50,4,140,16,0,16,156
09/24/2015,LBB,TX,ASW,CE,Combined TRACON& Tower with Radar,38,46,38,32,154,0,4,14,0,18,38,50,52,32,172,0,68,68,240
09/25/2015,LBB,TX,ASW,CE,Combined TRACON& Tower with Radar,41,47,81,28,197,0,15,66,0,81,41,62,147,28,278,30,0,30,308
09/26/2015,LBB,TX,ASW,CE,Combined TRACON& Tower with Radar,27,40,83,8,158,0,10,46,0,56,27,50,129,8,214,68,0,68,282
09/27/2015,LBB,TX,ASW,CE,Combined TRACON& Tower with Radar,28,22,55,10,115,0,14,50,1,65,28,36,105,11,180,56,0,56,236
09/28/2015,LBB,TX,ASW,CE,Combined TRACON& Tower with Radar,30,30,33,22,115,0,25,37,5,67,30,55,70,27,182,24,20,44,226
09/29/2015,LBB,TX,ASW,CE,Combined TRACON& Tower with Radar,40,40,40,4,124,0,20,48,1,69,40,60,88,5,193,34,0,34,227
09/30/2015,LBB,TX,ASW,CE,Combined TRACON& Tower with Radar,38,41,40,0,119,0,22,65,1,88,38,63,105,1,207,14,0,14,221
10/01/2015,LBB,TX,ASW,CE,Combined TRACON& Tower with Radar,41,47,43,12,143,0,17,48,1,66,41,64,91,13,209,84,2,86,295
10/02/2015,LBB,TX,ASW,CE,Combined TRACON& Tower with Radar,40,43,37,18,138,0,11,37,2,50,40,54,74,20,188,26,0,26,214
10/03/2015,LBB,TX,ASW,CE,Combined TRACON& Tower with Radar,29,22,21,8,80,0,12,7,2,21,29,34,28,10,101,24,48,72,173
10/04/2015,LBB,TX,ASW,CE,Combined TRACON& Tower with Radar,28,23,49,0,100,0,6,21,2,29,28,29,70,2,129,34,0,34,163
10/05/2015,LBB,TX,ASW,CE,Combined TRACON& Tower with Radar,30,37,39,6,112,0,13,21,0,34,30,50,60,6,146,0,0,0,146
10/06/2015,LBB,TX,ASW,CE,Combined TRACON& Tower with Radar,40,46,28,8,122,0,12,25,2,39,40,58,53,10,161,0,28,28,189
10/07/2015,LBB,TX,ASW,CE,Combined TRACON& Tower with Radar,38,40,32,18,128,0,7,14,1,22,38,47,46,19,150,22,0,22,172
10/08/2015,LBB,TX,ASW,CE,Combined TRACON& Tower with Radar,42,47,43,4,136,0,1,10,0,11,42,48,53,4,147,18,0,18,165
10/09/2015,LBB,TX,ASW,CE,Combined TRACON& Tower with Radar,41,52,36,11,140,0,7,18,0,25,41,59,54,11,165,26,26,52,217
10/10/2015,LBB,TX,ASW,CE,Combined TRACON& Tower with Radar,26,33,53,2,114,0,13,18,3,34,26,46,71,5,148,48,0,48,196
10/11/2015,LBB,TX,ASW,CE,Combined TRACON& Tower with Radar,28,25,42,2,97,0,25,35,2,62,28,50,77,4,159,24,32,56,215
10/12/2015,LBB,TX,ASW,CE,Combined TRACON& Tower with Radar,30,26,38,0,94,0,11,21,2,34,30,37,59,2,128,58,0,58,186
10/13/2015,LBB,TX,ASW,CE,Combined TRACON& Tower with Radar,39,37,37,0,113,0,24,33,0,57,39,61,70,0,170,20,0,20,190
10/14/2015,LBB,TX,ASW,CE,Combined TRACON& Tower with Radar,40,36,39,8,123,0,20,35,0,55,40,56,74,8,178,0,0,0,178
10/15/2015,LBB,TX,ASW,CE,Combined TRACON& Tower with Radar,38,35,32,2,107,0,24,35,0,59,38,59,67,2,166,0,0,0,166
10/16/2015,LBB,TX,ASW,CE,Combined TRACON& Tower with Radar,39,48,36,26,149,0,22,37,4,63,39,70,73,30,212,0,0,0,212
10/17/2015,LBB,TX,ASW,CE,Combined TRACON& Tower with Radar,29,18,24,2,73,0,26,50,0,76,29,44,74,2,149,34,0,34,183
10/18/2015,LBB,TX,ASW,CE,Combined TRACON& Tower with Radar,30,14,32,0,76,0,26,29,2,57,30,40,61,2,133,4,0,4,137
10/19/2015,LBB,TX,ASW,CE,Combined TRACON& Tower with Radar,30,26,21,3,80,0,18,50,1,69,30,44,71,4,149,32,0,32,181
10/20/2015,LBB,TX,ASW,CE,Combined TRACON& Tower with Radar,40,34,23,2,99,0,7,28,0,35,40,41,51,2,134,66,0,66,200
10/21/2015,LBB,TX,ASW,CE,Combined TRACON& Tower with Radar,40,44,23,6,113,0,3,3,0,6,40,47,26,6,119,0,0,0,119
10/22/2015,LBB,TX,ASW,CE,Combined TRACON& Tower with Radar,41,43,16,10,110,0,1,1,0,2,41,44,17,10,112,0,0,0,112
10/23/2015,LBB,TX,ASW,CE,Combined TRACON& Tower with Radar,38,43,56,33,170,0,3,24,0,27,38,46,80,33,197,30,0,30,227
10/24/2015,LBB,TX,ASW,CE,Combined TRACON& Tower with Radar,33,26,18,10,87,0,13,20,1,34,33,39,38,11,121,30,10,40,161
10/25/2015,LBB,TX,ASW,CE,Combined TRACON& Tower with Radar,27,29,37,6,99,0,21,37,0,58,27,50,74,6,157,0,0,0,157
10/26/2015,LBB,TX,ASW,CE,Combined TRACON& Tower with Radar,30,28,21,13,92,0,8,29,2,39,30,36,50,15,131,12,0,12,143
10/27/2015,LBB,TX,ASW,CE,Combined TRACON& Tower with Radar,36,36,51,16,139,0,21,55,3,79,36,57,106,19,218,32,0,32,250
10/28/2015,LBB,TX,ASW,CE,Combined TRACON& Tower with Radar,38,39,52,15,144,0,11,44,2,57,38,50,96,17,201,28,6,34,235
10/29/2015,LBB,TX,ASW,CE,Combined TRACON& Tower with Radar,37,42,37,22,138,0,17,38,4,59,37,59,75,26,197,0,26,26,223
10/30/2015,LBB,TX,ASW,CE,Combined TRACON& Tower with Radar,46,48,36,31,161,0,8,20,0,28,46,56,56,31,189,58,0,58,247
10/31/2015,LBB,TX,ASW,CE,Combined TRACON& Tower with Radar,31,41,49,25,146,0,15,25,0,40,31,56,74,25,186,58,8,66,252
11/01/2015,LBB,TX,ASW,CE,Combined TRACON& Tower with Radar,29,19,56,0,104,0,31,38,0,69,29,50,94,0,173,44,0,44,217
11/02/2015,LBB,TX,ASW,CE,Combined TRACON& Tower with Radar,40,36,18,12,106,0,25,18,2,45,40,61,36,14,151,12,4,16,167
11/03/2015,LBB,TX,ASW,CE,Combined TRACON& Tower with Radar,39,41,22,20,122,0,27,43,0,70,39,68,65,20,192,4,16,20,212
11/04/2015,LBB,TX,ASW,CE,Combined TRACON& Tower with Radar,37,46,32,19,134,0,17,24,1,42,37,63,56,20,176,56,10,66,242
11/05/2015,LBB,TX,ASW,CE,Combined TRACON& Tower with Radar,47,60,30,106,243,0,27,25,7,59,47,87,55,113,302,0,50,50,352
11/06/2015,LBB,TX,ASW,CE,Combined TRACON& Tower with Radar,40,43,43,11,137,0,21,42,3,66,40,64,85,14,203,48,0,48,251
11/07/2015,LBB,TX,ASW,CE,Combined TRACON& Tower with Radar,33,21,26,24,104,0,19,30,0,49,33,40,56,24,153,80,32,112,265
11/08/2015,LBB,TX,ASW,CE,Combined TRACON& Tower with Radar,30,21,33,8,92,0,15,46,0,61,30,36,79,8,153,102,8,110,263
11/09/2015,LBB,TX,ASW,CE,Combined TRACON& Tower with Radar,30,26,24,4,84,0,15,35,0,50,30,41,59,4,134,52,0,52,186
11/10/2015,LBB,TX,ASW,CE,Combined TRACON& Tower with Radar,34,48,23,10,115,0,27,27,0,54,34,75,50,10,169,40,0,40,209
11/11/2015,LBB,TX,ASW,CE,Combined TRACON& Tower with Radar,39,44,31,0,114,0,17,16,4,37,39,61,47,4,151,0,0,0,151
11/12/2015,LBB,TX,ASW,CE,Combined TRACON& Tower with Radar,37,35,39,39,150,0,19,40,2,61,37,54,79,41,211,62,36,98,309
11/13/2015,LBB,TX,ASW,CE,Combined TRACON& Tower with Radar,40,48,45,16,149,0,23,36,1,60,40,71,81,17,209,40,2,42,251
11/14/2015,LBB,TX,ASW,CE,Combined TRACON& Tower with Radar,33,27,44,18,122,0,16,29,2,47,33,43,73,20,169,40,12,52,221
11/15/2015,LBB,TX,ASW,CE,Combined TRACON& Tower with Radar,27,29,50,1,107,0,0,0,0,0,27,29,50,1,107,0,0,0,107
11/16/2015,LBB,TX,ASW,CE,Combined TRACON& Tower with Radar,28,27,31,16,102,0,9,4,0,13,28,36,35,16,115,34,0,34,149
11/17/2015,LBB,TX,ASW,CE,Combined TRACON& Tower with Radar,41,40,47,15,143,0,8,9,1,18,41,48,56,16,161,0,4,4,165
11/18/2015,LBB,TX,ASW,CE,Combined TRACON& Tower with Radar,39,47,40,6,132,0,19,51,0,70,39,66,91,6,202,30,4,34,236
11/19/2015,LBB,TX,ASW,CE,Combined TRACON& Tower with Radar,38,49,38,4,129,0,19,40,0,59,38,68,78,4,188,24,0,24,212
11/20/2015,LBB,TX,ASW,CE,Combined TRACON& Tower with Radar,37,42,44,18,141,0,9,44,0,53,37,51,88,18,194,22,0,22,216
11/21/2015,LBB,TX,ASW,CE,Combined TRACON& Tower with Radar,31,28,16,0,75,0,21,28,2,51,31,49,44,2,126,36,0,36,162
11/22/2015,LBB,TX,ASW,CE,Combined TRACON& Tower with Radar,28,14,30,0,72,0,20,48,0,68,28,34,78,0,140,40,0,40,180
11/23/2015,LBB,TX,ASW,CE,Combined TRACON& Tower with Radar,31,28,28,2,89,0,21,47,0,68,31,49,75,2,157,30,0,30,187
11/24/2015,LBB,TX,ASW,CE,Combined TRACON& Tower with Radar,41,45,28,39,153,0,14,27,3,44,41,59,55,42,197,88,12,100,297
11/25/2015,LBB,TX,ASW,CE,Combined TRACON& Tower with Radar,44,49,55,0,148,0,18,19,0,37,44,67,74,0,185,0,0,0,185
11/26/2015,LBB,TX,ASW,CE,Combined TRACON& Tower with Radar,15,18,8,0,41,0,2,0,0,2,15,20,8,0,43,0,0,0,43
11/27/2015,LBB,TX,ASW,CE,Combined TRACON& Tower with Radar,29,5,6,0,40,0,0,0,0,0,29,5,6,0,40,0,0,0,40
11/28/2015,LBB,TX,ASW,CE,Combined TRACON& Tower with Radar,30,18,9,0,57,0,0,0,0,0,30,18,9,0,57,0,0,0,57
11/29/2015,LBB,TX,ASW,CE,Combined TRACON& Tower with Radar,35,29,33,2,99,0,0,0,0,0,35,29,33,2,99,0,0,0,99
11/30/2015,LBB,TX,ASW,CE,Combined TRACON& Tower with Radar,38,33,47,28,146,0,18,26,2,46,38,51,73,30,192,30,12,42,234
12/01/2015,LBB,TX,ASW,CE,Combined TRACON& Tower with Radar,43,42,28,17,130,0,15,32,2,49,43,57,60,19,179,54,22,76,255
12/02/2015,LBB,TX,ASW,CE,Combined TRACON& Tower with Radar,38,36,32,22,128,0,9,32,4,45,38,45,64,26,173,0,0,0,173
12/03/2015,LBB,TX,ASW,CE,Combined TRACON& Tower with Radar,40,49,35,9,133,0,17,45,0,62,40,66,80,9,195,22,0,22,217
12/04/2015,LBB,TX,ASW,CE,Combined TRACON& Tower with Radar,37,43,31,13,124,0,15,40,1,56,37,58,71,14,180,104,0,104,284
12/05/2015,LBB,TX,ASW,CE,Combined TRACON& Tower with Radar,29,23,24,5,81,0,18,36,1,55,29,41,60,6,136,16,16,32,168
12/06/2015,LBB,TX,ASW,CE,Combined TRACON& Tower with Radar,28,16,14,2,60,0,14,38,1,53,28,30,52,3,113,48,0,48,161
12/07/2015,LBB,TX,ASW,CE,Combined TRACON& Tower with Radar,29,31,43,17,120,0,17,39,0,56,29,48,82,17,176,64,16,80,256
12/08/2015,LBB,TX,ASW,CE,Combined TRACON& Tower with Radar,39,45,34,12,130,0,19,30,1,50,39,64,64,13,180,0,0,0,180
12/09/2015,LBB,TX,ASW,CE,Combined TRACON& Tower with Radar,40,53,34,24,151,0,17,46,2,65,40,70,80,26,216,16,6,22,238
12/10/2015,LBB,TX,ASW,CE,Combined TRACON& Tower with Radar,40,47,34,12,133,0,30,29,1,60,40,77,63,13,193,0,0,0,193
12/11/2015,LBB,TX,ASW,CE,Combined TRACON& Tower with Radar,37,44,41,7,129,0,13,21,0,34,37,57,62,7,163,12,0,12,175
12/12/2015,LBB,TX,ASW,CE,Combined TRACON& Tower with Radar,33,28,23,9,93,0,5,10,1,16,33,33,33,10,109,0,0,0,109
12/13/2015,LBB,TX,ASW,CE,Combined TRACON& Tower with Radar,30,26,23,22,101,0,5,7,0,12,30,31,30,22,113,0,0,0,113
12/14/2015,LBB,TX,ASW,CE,Combined TRACON& Tower with Radar,30,30,32,18,110,0,14,41,1,56,30,44,73,19,166,16,0,16,182
12/15/2015,LBB,TX,ASW,CE,Combined TRACON& Tower with Radar,40,39,45,32,156,0,19,26,1,46,40,58,71,33,202,0,22,22,224
12/16/2015,LBB,TX,ASW,CE,Combined TRACON& Tower with Radar,42,45,39,5,131,0,16,35,2,53,42,61,74,7,184,6,8,14,198
12/17/2015,LBB,TX,ASW,CE,Combined TRACON& Tower with Radar,37,52,36,25,150,0,27,26,2,55,37,79,62,27,205,0,64,64,269
12/18/2015,LBB,TX,ASW,CE,Combined TRACON& Tower with Radar,38,48,33,7,126,0,11,32,0,43,38,59,65,7,169,8,0,8,177
12/19/2015,LBB,TX,ASW,CE,Combined TRACON& Tower with Radar,30,38,30,13,111,0,13,24,0,37,30,51,54,13,148,0,0,0,148
12/20/2015,LBB,TX,ASW,CE,Combined TRACON& Tower with Radar,25,18,15,6,64,0,18,14,0,32,25,36,29,6,96,6,0,6,102
12/21/2015,LBB,TX,ASW,CE,Combined TRACON& Tower with Radar,29,35,16,15,95,0,22,26,2,50,29,57,42,17,145,6,14,20,165
12/22/2015,LBB,TX,ASW,CE,Combined TRACON& Tower with Radar,36,44,36,17,133,0,18,33,3,54,36,62,69,20,187,0,0,0,187
12/23/2015,LBB,TX,ASW,CE,Combined TRACON& Tower with Radar,41,45,24,0,110,0,10,26,0,36,41,55,50,0,146,6,0,6,152
12/24/2015,LBB,TX,ASW,CE,Combined TRACON& Tower with Radar,28,34,11,0,73,0,11,28,0,39,28,45,39,0,112,6,0,6,118
12/25/2015,LBB,TX,ASW,CE,Combined TRACON& Tower with Radar,20,17,16,0,53,0,6,17,0,23,20,23,33,0,76,26,0,26,102
12/26/2015,LBB,TX,ASW,CE,Combined TRACON& Tower with Radar,24,27,41,0,92,0,2,5,0,7,24,29,46,0,99,0,0,0,99
12/27/2015,LBB,TX,ASW,CE,Combined TRACON& Tower with Radar,0,1,0,0,1,0,0,0,0,0,0,1,0,0,1,0,0,0,1
12/28/2015,LBB,TX,ASW,CE,Combined TRACON& Tower with Radar,1,2,14,0,17,0,4,4,0,8,1,6,18,0,25,0,0,0,25
12/29/2015,LBB,TX,ASW,CE,Combined TRACON& Tower with Radar,26,31,31,4,92,0,14,15,0,29,26,45,46,4,121,0,0,0,121
12/30/2015,LBB,TX,ASW,CE,Combined TRACON& Tower with Radar,38,40,39,7,124,0,6,11,0,17,38,46,50,7,141,0,0,0,141
12/31/2015,LBB,TX,ASW,CE,Combined TRACON& Tower with Radar,25,29,25,0,79,0,1,3,0,4,25,30,28,0,83,0,0,0,83
01/01/2016,LBB,TX,ASW,CE,Combined TRACON& Tower with Radar,21,24,4,0,49,0,1,7,0,8,21,25,11,0,57,0,0,0,57
01/02/2016,LBB,TX,ASW,CE,Combined TRACON& Tower with Radar,30,31,26,1,88,0,7,20,0,27,30,38,46,1,115,0,0,0,115
01/03/2016,LBB,TX,ASW,CE,Combined TRACON& Tower with Radar,28,29,32,1,90,0,7,32,0,39,28,36,64,1,129,12,0,12,141
01/04/2016,LBB,TX,ASW,CE,Combined TRACON& Tower with Radar,27,39,25,12,103,0,20,27,0,47,27,59,52,12,150,0,0,0,150
01/05/2016,LBB,TX,ASW,CE,Combined TRACON& Tower with Radar,37,53,24,0,114,0,0,1,0,1,37,53,25,0,115,0,0,0,115
01/06/2016,LBB,TX,ASW,CE,Combined TRACON& Tower with Radar,33,44,30,6,113,0,0,0,0,0,33,44,30,6,113,0,0,0,113
01/07/2016,LBB,TX,ASW,CE,Combined TRACON& Tower with Radar,40,41,31,39,151,0,12,19,3,34,40,53,50,42,185,6,52,58,243
01/08/2016,LBB,TX,ASW,CE,Combined TRACON& Tower with Radar,36,39,41,29,145,0,8,22,1,31,36,47,63,30,176,2,6,8,184
01/09/2016,LBB,TX,ASW,CE,Combined TRACON& Tower with Radar,27,30,32,14,103,0,4,9,0,13,27,34,41,14,116,12,0,12,128
01/10/2016,LBB,TX,ASW,CE,Combined TRACON& Tower with Radar,23,22,45,1,91,0,9,11,0,20,23,31,56,1,111,10,0,10,121
01/11/2016,LBB,TX,ASW,CE,Combined TRACON& Tower with Radar,28,26,41,39,134,0,16,37,0,53,28,42,78,39,187,6,26,32,219
01/12/2016,LBB,TX,ASW,CE,Combined TRACON& Tower with Radar,36,43,43,21,143,0,10,49,5,64,36,53,92,26,207,40,34,74,281
01/13/2016,LBB,TX,ASW,CE,Combined TRACON& Tower with Radar,35,40,39,32,146,0,12,53,0,65,35,52,92,32,211,50,18,68,279
01/14/2016,LBB,TX,ASW,CE,Combined TRACON& Tower with Radar,36,49,34,30,149,0,13,27,2,42,36,62,61,32,191,20,26,46,237
01/15/2016,LBB,TX,ASW,CE,Combined TRACON& Tower with Radar,36,50,66,25,177,0,13,58,4,75,36,63,124,29,252,62,0,62,314
01/16/2016,LBB,TX,ASW,CE,Combined TRACON& Tower with Radar,25,26,17,0,68,0,14,4,0,18,25,40,21,0,86,22,0,22,108
01/17/2016,LBB,TX,ASW,CE,Combined TRACON& Tower with Radar,21,24,23,0,68,0,7,36,0,43,21,31,59,0,111,6,0,6,117
01/18/2016,LBB,TX,ASW,CE,Combined TRACON& Tower with Radar,29,27,35,2,93,0,4,27,0,31,29,31,62,2,124,24,0,24,148
01/19/2016,LBB,TX,ASW,CE,Combined TRACON& Tower with Radar,37,46,30,54,167,0,15,16,1,32,37,61,46,55,199,26,120,146,345
01/20/2016,LBB,TX,ASW,CE,Combined TRACON& Tower with Radar,37,42,37,37,153,0,15,28,1,44,37,57,65,38,197,14,84,98,295
01/21/2016,LBB,TX,ASW,CE,Combined TRACON& Tower with Radar,36,40,42,8,126,0,11,6,1,18,36,51,48,9,144,0,0,0,144
01/22/2016,LBB,TX,ASW,CE,Combined TRACON& Tower with Radar,33,35,46,30,144,0,22,42,2,66,33,57,88,32,210,22,0,22,232
01/23/2016,LBB,TX,ASW,CE,Combined TRACON& Tower with Radar,25,21,8,10,64,0,17,31,3,51,25,38,39,13,115,0,0,0,115
01/24/2016,LBB,TX,ASW,CE,Combined TRACON& Tower with Radar,21,14,23,6,64,0,20,14,1,35,21,34,37,7,99,10,0,10,109
01/25/2016,LBB,TX,ASW,CE,Combined TRACON& Tower with Radar,28,37,34,27,126,0,22,26,2,50,28,59,60,29,176,22,20,42,218
01/26/2016,LBB,TX,ASW,CE,Combined TRACON& Tower with Radar,36,40,37,12,125,0,18,16,6,40,36,58,53,18,165,0,8,8,173
01/27/2016,LBB,TX,ASW,CE,Combined TRACON& Tower with Radar,36,41,51,19,147,0,10,48,2,60,36,51,99,21,207,40,0,40,247
01/28/2016,LBB,TX,ASW,CE,Combined TRACON& Tower with Radar,35,48,40,55,178,0,10,32,3,45,35,58,72,58,223,48,42,90,313
01/29/2016,LBB,TX,ASW,CE,Combined TRACON& Tower with Radar,35,51,34,29,149,0,27,47,3,77,35,78,81,32,226,104,8,112,338
01/30/2016,LBB,TX,ASW,CE,Combined TRACON& Tower with Radar,23,28,16,0,67,0,14,37,2,53,23,42,53,2,120,8,0,8,128
01/31/2016,LBB,TX,ASW,CE,Combined TRACON& Tower with Radar,23,20,23,3,69,0,27,49,1,77,23,47,72,4,146,12,0,12,158
02/01/2016,LBB,TX,ASW,CE,Combined TRACON& Tower with Radar,28,25,14,6,73,0,18,10,0,28,28,43,24,6,101,0,0,0,101
02/02/2016,LBB,TX,ASW,CE,Combined TRACON& Tower with Radar,33,50,38,41,162,0,15,16,5,36,33,65,54,46,198,0,0,0,198
02/03/2016,LBB,TX,ASW,CE,Combined TRACON& Tower with Radar,34,43,41,15,133,0,12,42,2,56,34,55,83,17,189,0,0,0,189
02/04/2016,LBB,TX,ASW,CE,Combined TRACON& Tower with Radar,32,44,43,28,147,0,16,47,3,66,32,60,90,31,213,26,44,70,283
02/05/2016,LBB,TX,ASW,CE,Combined TRACON& Tower with Radar,33,44,32,34,143,0,22,43,4,69,33,66,75,38,212,12,0,12,224
02/06/2016,LBB,TX,ASW,CE,Combined TRACON& Tower with Radar,23,17,29,14,83,0,26,46,3,75,23,43,75,17,158,52,0,52,210
02/07/2016,LBB,TX,ASW,CE,Combined TRACON& Tower with Radar,25,13,11,6,55,0,21,18,0,39,25,34,29,6,94,18,0,18,112
02/08/2016,LBB,TX,ASW,CE,Combined TRACON& Tower with Radar,26,40,29,40,135,0,20,26,2,48,26,60,55,42,183,8,14,22,205
02/09/2016,LBB,TX,ASW,CE,Combined TRACON& Tower with Radar,34,58,28,18,138,0,14,42,4,60,34,72,70,22,198,26,4,30,228
02/10/2016,LBB,TX,ASW,CE,Combined TRACON& Tower with Radar,31,56,38,16,141,0,26,51,2,79,31,82,89,18,220,0,0,0,220
02/11/2016,LBB,TX,ASW,CE,Combined TRACON& Tower with Radar,33,52,47,20,152,0,22,62,3,87,33,74,109,23,239,56,12,68,307
02/12/2016,LBB,TX,ASW,CE,Combined TRACON& Tower with Radar,36,52,46,6,140,0,29,42,1,72,36,81,88,7,212,44,2,46,258
02/13/2016,LBB,TX,ASW,CE,Combined TRACON& Tower with Radar,24,30,27,16,97,0,21,48,1,70,24,51,75,17,167,32,0,32,199
02/14/2016,LBB,TX,ASW,CE,Combined TRACON& Tower with Radar,24,22,22,0,68,0,19,23,1,43,24,41,45,1,111,4,0,4,115
02/15/2016,LBB,TX,ASW,CE,Combined TRACON& Tower with Radar,28,25,47,4,104,0,16,33,4,53,28,41,80,8,157,12,12,24,181
02/16/2016,LBB,TX,ASW,CE,Combined TRACON& Tower with Radar,31,45,31,33,140,0,26,34,5,65,31,71,65,38,205,0,0,0,205
02/17/2016,LBB,TX,ASW,CE,Combined TRACON& Tower with Radar,31,58,47,17,153,0,11,34,2,47,31,69,81,19,200,0,0,0,200
02/18/2016,LBB,TX,ASW,CE,Combined TRACON& Tower with Radar,31,43,47,10,131,0,16,21,3,40,31,59,68,13,171,24,0,24,195
02/19/2016,LBB,TX,ASW,CE,Combined TRACON& Tower with Radar,33,50,35,38,156,0,12,43,2,57,33,62,78,40,213,28,70,98,311
02/20/2016,LBB,TX,ASW,CE,Combined TRACON& Tower with Radar,25,28,28,0,81,0,25,42,2,69,25,53,70,2,150,24,0,24,174
02/21/2016,LBB,TX,ASW,CE,Combined TRACON& Tower with Radar,24,18,39,12,93,0,18,25,2,45,24,36,64,14,138,82,26,108,246
02/22/2016,LBB,TX,ASW,CE,Combined TRACON& Tower with Radar,26,32,44,27,129,0,16,15,4,35,26,48,59,31,164,12,44,56,220
02/23/2016,LBB,TX,ASW,CE,Combined TRACON& Tower with Radar,32,55,36,0,123,0,5,3,0,8,32,60,39,0,131,0,0,0,131
02/24/2016,LBB,TX,ASW,CE,Combined TRACON& Tower with Radar,32,51,48,0,131,0,21,48,2,71,32,72,96,2,202,24,0,24,226
02/25/2016,LBB,TX,ASW,CE,Combined TRACON& Tower with Radar,35,43,23,2,103,0,18,49,0,67,35,61,72,2,170,38,0,38,208
02/26/2016,LBB,TX,ASW,CE,Combined TRACON& Tower with Radar,35,42,38,14,129,0,15,36,0,51,35,57,74,14,180,8,0,8,188
02/27/2016,LBB,TX,ASW,CE,Combined TRACON& Tower with Radar,28,25,22,4,79,0,13,19,0,32,28,38,41,4,111,34,0,34,145
02/28/2016,LBB,TX,ASW,CE,Combined TRACON& Tower with Radar,26,17,20,4,67,0,15,25,0,40,26,32,45,4,107,10,0,10,117
02/29/2016,LBB,TX,ASW,CE,Combined TRACON& Tower with Radar,26,33,26,2,87,0,28,35,0,63,26,61,61,2,150,0,0,0,150
03/01/2016,LBB,TX,ASW,CE,Combined TRACON& Tower with Radar,32,49,26,0,107,0,20,33,0,53,32,69,59,0,160,44,0,44,204
03/02/2016,LBB,TX,ASW,CE,Combined TRACON& Tower with Radar,32,41,23,0,96,0,21,24,0,45,32,62,47,0,141,0,0,0,141
03/03/2016,LBB,TX,ASW,CE,Combined TRACON& Tower with Radar,36,45,41,0,122,0,15,45,0,60,36,60,86,0,182,64,0,64,246
03/04/2016,LBB,TX,ASW,CE,Combined TRACON& Tower with Radar,35,43,32,19,129,0,15,30,3,48,35,58,62,22,177,28,0,28,205
03/05/2016,LBB,TX,ASW,CE,Combined TRACON& Tower with Radar,27,24,21,6,78,0,22,41,0,63,27,46,62,6,141,34,26,60,201
03/06/2016,LBB,TX,ASW,CE,Combined TRACON& Tower with Radar,26,32,35,18,111,0,11,15,0,26,26,43,50,18,137,0,0,0,137
03/07/2016,LBB,TX,ASW,CE,Combined TRACON& Tower with Radar,31,35,21,62,149,0,13,19,1,33,31,48,40,63,182,8,0,8,190
03/08/2016,LBB,TX,ASW,CE,Combined TRACON& Tower with Radar,37,42,21,43,143,0,12,25,2,39,37,54,46,45,182,48,24,72,254
03/09/2016,LBB,TX,ASW,CE,Combined TRACON& Tower with Radar,39,47,32,2,120,0,8,7,0,15,39,55,39,2,135,4,0,4,139
03/10/2016,LBB,TX,ASW,CE,Combined TRACON& Tower with Radar,36,39,29,13,117,0,7,11,1,19,36,46,40,14,136,12,0,12,148
03/11/2016,LBB,TX,ASW,CE,Combined TRACON& Tower with Radar,34,45,39,40,158,0,32,16,0,48,34,77,55,40,206,0,56,56,262
03/12/2016,LBB,TX,ASW,CE,Combined TRACON& Tower with Radar,30,31,44,7,112,0,11,23,0,34,30,42,67,7,146,12,0,12,158
03/13/2016,LBB,TX,ASW,CE,Combined TRACON& Tower with Radar,27,29,37,2,95,0,14,27,2,43,27,43,64,4,138,0,0,0,138
03/14/2016,LBB,TX,ASW,CE,Combined TRACON& Tower with Radar,28,29,24,7,88,0,24,24,2,50,28,53,48,9,138,2,0,2,140
03/15/2016,LBB,TX,ASW,CE,Combined TRACON& Tower with Radar,39,40,37,22,138,0,32,41,1,74,39,72,78,23,212,0,36,36,248
03/16/2016,LBB,TX,ASW,CE,Combined TRACON& Tower with Radar,34,48,39,31,152,0,32,49,1,82,34,80,88,32,234,52,8,60,294
03/17/2016,LBB,TX,ASW,CE,Combined TRACON& Tower with Radar,39,38,36,44,157,0,19,43,0,62,39,57,79,44,219,24,20,44,263
03/18/2016,LBB,TX,ASW,CE,Combined TRACON& Tower with Radar,34,53,40,38,165,0,5,10,0,15,34,58,50,38,180,24,20,44,224
03/19/2016,LBB,TX,ASW,CE,Combined TRACON& Tower with Radar,29,28,21,14,92,0,17,21,0,38,29,45,42,14,130,6,12,18,148
03/20/2016,LBB,TX,ASW,CE,Combined TRACON& Tower with Radar,27,21,24,2,74,0,21,34,4,59,27,42,58,6,133,8,0,8,141
03/21/2016,LBB,TX,ASW,CE,Combined TRACON& Tower with Radar,29,26,35,13,103,0,18,17,0,35,29,44,52,13,138,10,12,22,160
03/22/2016,LBB,TX,ASW,CE,Combined TRACON& Tower with Radar,34,46,26,4,110,0,16,17,1,34,34,62,43,5,144,38,0,38,182
03/23/2016,LBB,TX,ASW,CE,Combined TRACON& Tower with Radar,33,40,30,42,145,0,22,0,0,22,33,62,30,42,167,0,8,8,175
03/24/2016,LBB,TX,ASW,CE,Combined TRACON& Tower with Radar,34,41,48,7,130,0,16,49,2,67,34,57,97,9,197,32,0,32,229
03/25/2016,LBB,TX,ASW,CE,Combined TRACON& Tower with Radar,37,48,39,6,130,1,15,47,0,63,38,63,86,6,193,28,0,28,221
03/26/2016,LBB,TX,ASW,CE,Combined TRACON& Tower with Radar,28,20,12,1,61,0,24,30,0,54,28,44,42,1,115,84,0,84,199
03/27/2016,LBB,TX,ASW,CE,Combined TRACON& Tower with Radar,26,21,17,1,65,0,15,25,0,40,26,36,42,1,105,30,0,30,135
03/28/2016,LBB,TX,ASW,CE,Combined TRACON& Tower with Radar,24,34,38,7,103,0,28,26,2,56,24,62,64,9,159,20,22,42,201
03/29/2016,LBB,TX,ASW,CE,Combined TRACON& Tower with Radar,35,48,28,2,113,0,25,17,0,42,35,73,45,2,155,2,0,2,157
03/30/2016,LBB,TX,ASW,CE,Combined TRACON& Tower with Radar,37,50,28,19,134,0,12,27,1,40,37,62,55,20,174,10,0,10,184
03/31/2016,LBB,TX,ASW,CE,Combined TRACON& Tower with Radar,38,47,41,2,128,0,28,40,0,68,38,75,81,2,196,64,0,64,260
04/01/2016,LBB,TX,ASW,CE,Combined TRACON& Tower with Radar,37,43,31,14,125,0,4,5,0,9,37,47,36,14,134,0,0,0,134
04/02/2016,LBB,TX,ASW,CE,Combined TRACON& Tower with Radar,29,26,18,7,80,0,13,20,2,35,29,39,38,9,115,38,12,50,165
04/03/2016,LBB,TX,ASW,CE,Combined TRACON& Tower with Radar,28,22,20,7,77,0,13,23,1,37,28,35,43,8,114,46,0,46,160
04/04/2016,LBB,TX,ASW,CE,Combined TRACON& Tower with Radar,32,26,26,12,96,0,24,44,0,68,32,50,70,12,164,40,0,40,204
04/05/2016,LBB,TX,ASW,CE,Combined TRACON& Tower with Radar,42,39,25,8,114,0,19,50,0,69,42,58,75,8,183,0,0,0,183
04/06/2016,LBB,TX,ASW,CE,Combined TRACON& Tower with Radar,40,46,40,11,137,0,23,45,0,68,40,69,85,11,205,52,0,52,257
04/07/2016,LBB,TX,ASW,CE,Combined TRACON& Tower with Radar,38,42,29,24,133,0,27,46,1,74,38,69,75,25,207,12,28,40,247
04/08/2016,LBB,TX,ASW,CE,Combined TRACON& Tower with Radar,40,47,32,38,157,0,18,39,1,58,40,65,71,39,215,132,20,152,367
04/09/2016,LBB,TX,ASW,CE,Combined TRACON& Tower with Radar,28,35,24,0,87,0,12,29,0,41,28,47,53,0,128,0,0,0,128
04/10/2016,LBB,TX,ASW,CE,Combined TRACON& Tower with Radar,25,31,27,33,116,0,3,18,2,23,25,34,45,35,139,40,6,46,185
04/11/2016,LBB,TX,ASW,CE,Combined TRACON& Tower with Radar,32,35,22,10,99,0,8,29,0,37,32,43,51,10,136,58,0,58,194
04/12/2016,LBB,TX,ASW,CE,Combined TRACON& Tower with Radar,34,47,40,34,155,0,3,3,0,6,34,50,43,34,161,0,88,88,249
04/13/2016,LBB,TX,ASW,CE,Combined TRACON& Tower with Radar,39,52,38,17,146,0,21,20,0,41,39,73,58,17,187,68,0,68,255
04/14/2016,LBB,TX,ASW,CE,Combined TRACON& Tower with Radar,39,47,48,0,134,0,22,36,0,58,39,69,84,0,192,128,0,128,320
04/15/2016,LBB,TX,ASW,CE,Combined TRACON& Tower with Radar,38,44,44,5,131,0,13,14,0,27,38,57,58,5,158,18,0,18,176
04/16/2016,LBB,TX,ASW,CE,Combined TRACON& Tower with Radar,29,21,34,41,125,0,7,20,1,28,29,28,54,42,153,72,36,108,261
04/17/2016,LBB,TX,ASW,CE,Combined TRACON& Tower with Radar,30,19,28,9,86,0,7,24,2,33,30,26,52,11,119,17,0,17,136
04/18/2016,LBB,TX,ASW,CE,Combined TRACON& Tower with Radar,31,31,27,65,154,0,11,28,2,41,31,42,55,67,195,58,120,178,373
04/19/2016,LBB,TX,ASW,CE,Combined TRACON& Tower with Radar,39,42,27,29,137,0,9,8,0,17,39,51,35,29,154,0,0,0,154
04/20/2016,LBB,TX,ASW,CE,Combined TRACON& Tower with Radar,38,53,44,42,177,0,4,26,1,31,38,57,70,43,208,60,36,96,304
04/21/2016,LBB,TX,ASW,CE,Combined TRACON& Tower with Radar,37,62,30,17,146,0,5,38,0,43,37,67,68,17,189,44,0,44,233
04/22/2016,LBB,TX,ASW,CE,Combined TRACON& Tower with Radar,38,47,34,24,143,0,28,44,1,73,38,75,78,25,216,96,0,96,312
04/23/2016,LBB,TX,ASW,CE,Combined TRACON& Tower with Radar,27,29,14,6,76,0,34,28,4,66,27,63,42,10,142,12,40,52,194
04/24/2016,LBB,TX,ASW,CE,Combined TRACON& Tower with Radar,26,19,37,12,94,0,21,28,0,49,26,40,65,12,143,4,0,4,147
04/25/2016,LBB,TX,ASW,CE,Combined TRACON& Tower with Radar,32,32,24,0,88,0,14,44,0,58,32,46,68,0,146,65,0,65,211
04/26/2016,LBB,TX,ASW,CE,Combined TRACON& Tower with Radar,35,33,50,5,123,0,15,22,2,39,35,48,72,7,162,56,0,56,218
04/27/2016,LBB,TX,ASW,CE,Combined TRACON& Tower with Radar,43,42,35,22,142,0,24,28,2,54,43,66,63,24,196,44,24,68,264
04/28/2016,LBB,TX,ASW,CE,Combined TRACON& Tower with Radar,37,42,31,2,112,0,16,23,3,42,37,58,54,5,154,110,0,110,264
04/29/2016,LBB,TX,ASW,CE,Combined TRACON& Tower with Radar,45,39,35,68,187,0,14,16,1,31,45,53,51,69,218,36,16,52,270
04/30/2016,LBB,TX,ASW,CE,Combined TRACON& Tower with Radar,31,27,32,21,111,0,13,50,7,70,31,40,82,28,181,48,60,108,289
05/01/2016,LBB,TX,ASW,CE,Combined TRACON& Tower with Radar,28,29,19,6,82,0,17,8,1,26,28,46,27,7,108,0,0,0,108
05/02/2016,LBB,TX,ASW,CE,Combined TRACON& Tower with Radar,31,34,33,27,125,0,14,31,5,50,31,48,64,32,175,26,112,138,313
05/03/2016,LBB,TX,ASW,CE,Combined TRACON& Tower with Radar,38,42,27,3,110,0,11,26,2,39,38,53,53,5,149,48,0,48,197
05/04/2016,LBB,TX,ASW,CE,Combined TRACON& Tower with Radar,39,39,35,24,137,0,20,39,0,59,39,59,74,24,196,18,4,22,218
05/05/2016,LBB,TX,ASW,CE,Combined TRACON& Tower with Radar,39,46,33,0,118,0,15,36,1,52,39,61,69,1,170,44,0,44,214
05/06/2016,LBB,TX,ASW,CE,Combined TRACON& Tower with Radar,35,38,32,2,107,0,33,31,2,66,35,71,63,4,173,72,0,72,245
05/07/2016,LBB,TX,ASW,CE,Combined TRACON& Tower with Radar,24,19,8,0,51,0,27,20,1,48,24,46,28,1,99,0,0,0,99
05/08/2016,LBB,TX,ASW,CE,Combined TRACON& Tower with Radar,24,26,19,2,71,0,17,18,1,36,24,43,37,3,107,28,0,28,135
05/09/2016,LBB,TX,ASW,CE,Combined TRACON& Tower with Radar,34,25,38,12,109,0,10,29,2,41,34,35,67,14,150,20,0,20,170
05/10/2016,LBB,TX,ASW,CE,Combined TRACON& Tower with Radar,36,46,26,33,141,0,18,45,0,63,36,64,71,33,204,40,0,40,244
05/11/2016,LBB,TX,ASW,CE,Combined TRACON& Tower with Radar,41,33,50,21,145,0,19,52,1,72,41,52,102,22,217,74,0,74,291
05/12/2016,LBB,TX,ASW,CE,Combined TRACON& Tower with Radar,39,45,34,40,158,0,11,29,5,45,39,56,63,45,203,56,106,162,365
05/13/2016,LBB,TX,ASW,CE,Combined TRACON& Tower with Radar,34,39,29,1,103,0,14,16,1,31,34,53,45,2,134,8,0,8,142
05/14/2016,LBB,TX,ASW,CE,Combined TRACON& Tower with Radar,26,22,18,8,74,0,9,9,0,18,26,31,27,8,92,4,4,8,100
05/15/2016,LBB,TX,ASW,CE,Combined TRACON& Tower with Radar,30,28,32,1,91,0,1,0,0,1,30,29,32,1,92,0,0,0,92
05/16/2016,LBB,TX,ASW,CE,Combined TRACON& Tower with Radar,31,45,35,43,154,0,10,11,2,23,31,55,46,45,177,76,104,180,357
05/17/2016,LBB,TX,ASW,CE,Combined TRACON& Tower with Radar,39,40,38,6,123,0,3,2,0,5,39,43,40,6,128,14,0,14,142
05/18/2016,LBB,TX,ASW,CE,Combined TRACON& Tower with Radar,38,58,44,1,141,0,2,7,0,9,38,60,51,1,150,58,0,58,208
05/19/2016,LBB,TX,ASW,CE,Combined TRACON& Tower with Radar,40,43,63,25,171,0,2,10,0,12,40,45,73,25,183,26,0,26,209
05/20/2016,LBB,TX,ASW,CE,Combined TRACON& Tower with Radar,41,57,54,6,158,0,7,47,3,57,41,64,101,9,215,52,0,52,267
05/21/2016,LBB,TX,ASW,CE,Combined TRACON& Tower with Radar,25,30,31,0,86,0,18,26,1,45,25,48,57,1,131,4,0,4,135
05/22/2016,LBB,TX,ASW,CE,Combined TRACON& Tower with Radar,26,20,28,6,80,0,4,16,0,20,26,24,44,6,100,60,14,74,174
05/23/2016,LBB,TX,ASW,CE,Combined TRACON& Tower with Radar,29,22,30,6,87,0,7,36,2,45,29,29,66,8,132,46,34,80,212
05/24/2016,LBB,TX,ASW,CE,Combined TRACON& Tower with Radar,39,46,50,19,154,0,9,51,2,62,39,55,101,21,216,140,8,148,364
05/25/2016,LBB,TX,ASW,CE,Combined TRACON& Tower with Radar,38,42,48,2,130,0,16,52,1,69,38,58,100,3,199,104,0,104,303
05/26/2016,LBB,TX,ASW,CE,Combined TRACON& Tower with Radar,39,43,43,35,160,0,12,31,6,49,39,55,74,41,209,74,0,74,283
05/27/2016,LBB,TX,ASW,CE,Combined TRACON& Tower with Radar,45,37,19,0,101,0,21,35,2,58,45,58,54,2,159,30,0,30,189
05/28/2016,LBB,TX,ASW,CE,Combined TRACON& Tower with Radar,30,21,8,0,59,0,18,34,4,56,30,39,42,4,115,46,0,46,161
05/29/2016,LBB,TX,ASW,CE,Combined TRACON& Tower with Radar,21,24,10,0,55,0,8,11,1,20,21,32,21,1,75,0,0,0,75
05/30/2016,LBB,TX,ASW,CE,Combined TRACON& Tower with Radar,24,14,37,2,77,0,7,29,2,38,24,21,66,4,115,58,0,58,173
05/31/2016,LBB,TX,ASW,CE,Combined TRACON& Tower with Radar,41,35,21,11,108,0,10,27,0,37,41,45,48,11,145,0,0,0,145
06/01/2016,LBB,TX,ASW,CE,Combined TRACON& Tower with Radar,42,46,21,1,110,0,1,1,0,2,42,47,22,1,112,0,0,0,112
06/02/2016,LBB,TX,ASW,CE,Combined TRACON& Tower with Radar,35,41,27,24,127,0,6,6,3,15,35,47,33,27,142,34,0,34,176
06/03/2016,LBB,TX,ASW,CE,Combined TRACON& Tower with Radar,41,38,46,21,146,0,14,19,0,33,41,52,65,21,179,48,0,48,227
06/04/2016,LBB,TX,ASW,CE,Combined TRACON& Tower with Radar,28,15,23,5,71,0,17,33,1,51,28,32,56,6,122,14,0,14,136
06/05/2016,LBB,TX,ASW,CE,Combined TRACON& Tower with Radar,29,14,24,4,71,0,18,40,5,63,29,32,64,9,134,58,0,58,192
06/06/2016,LBB,TX,ASW,CE,Combined TRACON& Tower with Radar,30,28,34,11,103,0,29,23,1,53,30,57,57,12,156,28,0,28,184
06/07/2016,LBB,TX,ASW,CE,Combined TRACON& Tower with Radar,38,39,46,10,133,0,20,56,4,80,38,59,102,14,213,12,0,12,225
06/08/2016,LBB,TX,ASW,CE,Combined TRACON& Tower with Radar,44,41,40,13,138,0,19,41,5,65,44,60,81,18,203,30,0,30,233
06/09/2016,LBB,TX,ASW,CE,Combined TRACON& Tower with Radar,40,38,37,5,120,0,19,36,0,55,40,57,73,5,175,22,0,22,197
06/10/2016,LBB,TX,ASW,CE,Combined TRACON& Tower with Radar,41,42,43,24,150,0,11,54,4,69,41,53,97,28,219,40,28,68,287
06/11/2016,LBB,TX,ASW,CE,Combined TRACON& Tower with Radar,33,19,25,1,78,0,18,18,2,38,33,37,43,3,116,116,0,116,232
06/12/2016,LBB,TX,ASW,CE,Combined TRACON& Tower with Radar,32,17,39,11,99,0,15,17,0,32,32,32,56,11,131,0,0,0,131
06/13/2016,LBB,TX,ASW,CE,Combined TRACON& Tower with Radar,41,36,40,3,120,0,19,37,2,58,41,55,77,5,178,8,0,8,186
06/14/2016,LBB,TX,ASW,CE,Combined TRACON& Tower with Radar,41,50,27,4,122,0,21,38,3,62,41,71,65,7,184,100,0,100,284
06/15/2016,LBB,TX,ASW,CE,Combined TRACON& Tower with Radar,44,45,37,7,133,0,18,30,3,51,44,63,67,10,184,54,0,54,238
06/16/2016,LBB,TX,ASW,CE,Combined TRACON& Tower with Radar,42,45,44,4,135,0,30,49,4,83,42,75,93,8,218,60,0,60,278
06/17/2016,LBB,TX,ASW,CE,Combined TRACON& Tower with Radar,38,38,40,5,121,0,31,45,0,76,38,69,85,5,197,0,0,0,197
06/18/2016,LBB,TX,ASW,CE,Combined TRACON& Tower with Radar,29,23,20,2,74,0,32,42,1,75,29,55,62,3,149,12,0,12,161
06/19/2016,LBB,TX,ASW,CE,Combined TRACON& Tower with Radar,27,25,47,0,99,0,17,17,0,34,27,42,64,0,133,10,0,10,143
06/20/2016,LBB,TX,ASW,CE,Combined TRACON& Tower with Radar,33,30,32,5,100,0,13,30,0,43,33,43,62,5,143,0,18,18,161
06/21/2016,LBB,TX,ASW,CE,Combined TRACON& Tower with Radar,40,39,37,4,120,0,22,42,1,65,40,61,79,5,185,0,0,0,185
06/22/2016,LBB,TX,ASW,CE,Combined TRACON& Tower with Radar,38,46,44,7,135,0,22,47,1,70,38,68,91,8,205,2,50,52,257
06/23/2016,LBB,TX,ASW,CE,Combined TRACON& Tower with Radar,38,53,33,9,133,0,25,38,0,63,38,78,71,9,196,28,68,96,292
06/24/2016,LBB,TX,ASW,CE,Combined TRACON& Tower with Radar,42,46,31,13,132,0,21,48,1,70,42,67,79,14,202,80,0,80,282
06/25/2016,LBB,TX,ASW,CE,Combined TRACON& Tower with Radar,33,29,31,10,103,0,7,56,2,65,33,36,87,12,168,12,0,12,180
06/26/2016,LBB,TX,ASW,CE,Combined TRACON& Tower with Radar,27,37,37,16,117,0,7,32,0,39,27,44,69,16,156,36,32,68,224
06/27/2016,LBB,TX,ASW,CE,Combined TRACON& Tower with Radar,33,27,36,4,100,0,15,40,2,57,33,42,76,6,157,52,0,52,209
06/28/2016,LBB,TX,ASW,CE,Combined TRACON& Tower with Radar,42,32,42,20,136,0,19,27,1,47,42,51,69,21,183,0,0,0,183
06/29/2016,LBB,TX,ASW,CE,Combined TRACON& Tower with Radar,37,47,20,4,108,0,14,34,2,50,37,61,54,6,158,116,0,116,274
06/30/2016,LBB,TX,ASW,CE,Combined TRACON& Tower with Radar,39,48,41,2,130,0,14,38,5,57,39,62,79,7,187,110,0,110,297
07/01/2016,LBB,TX,ASW,CE,Combined TRACON& Tower with Radar,38,40,42,20,140,0,13,28,6,47,38,53,70,26,187,64,16,80,267
07/02/2016,LBB,TX,ASW,CE,Combined TRACON& Tower with Radar,30,29,31,32,122,0,19,20,2,41,30,48,51,34,163,38,0,38,201
07/03/2016,LBB,TX,ASW,CE,Combined TRACON& Tower with Radar,26,12,6,0,44,0,21,23,1,45,26,33,29,1,89,60,0,60,149
07/04/2016,LBB,TX,ASW,CE,Combined TRACON& Tower with Radar,22,17,25,1,65,0,17,29,1,47,22,34,54,2,112,8,0,8,120
07/05/2016,LBB,TX,ASW,CE,Combined TRACON& Tower with Radar,33,32,56,4,125,0,10,31,0,41,33,42,87,4,166,16,0,16,182
07/06/2016,LBB,TX,ASW,CE,Combined TRACON& Tower with Radar,39,46,38,2,125,0,14,39,0,53,39,60,77,2,178,0,0,0,178
07/07/2016,LBB,TX,ASW,CE,Combined TRACON& Tower with Radar,37,48,32,2,119,0,20,27,0,47,37,68,59,2,166,10,0,10,176
07/08/2016,LBB,TX,ASW,CE,Combined TRACON& Tower with Radar,36,45,36,8,125,0,12,39,4,55,36,57,75,12,180,64,0,64,244
07/09/2016,LBB,TX,ASW,CE,Combined TRACON& Tower with Radar,29,21,23,0,73,0,7,26,4,37,29,28,49,4,110,10,0,10,120
07/10/2016,LBB,TX,ASW,CE,Combined TRACON& Tower with Radar,30,17,29,4,80,0,13,43,0,56,30,30,72,4,136,10,0,10,146
07/11/2016,LBB,TX,ASW,CE,Combined TRACON& Tower with Radar,29,32,30,0,91,0,25,27,0,52,29,57,57,0,143,20,0,20,163
07/12/2016,LBB,TX,ASW,CE,Combined TRACON& Tower with Radar,36,45,24,0,105,0,21,33,2,56,36,66,57,2,161,52,0,52,213
07/13/2016,LBB,TX,ASW,CE,Combined TRACON& Tower with Radar,36,50,45,4,135,0,12,33,1,46,36,62,78,5,181,44,12,56,237
07/14/2016,LBB,TX,ASW,CE,Combined TRACON& Tower with Radar,36,43,44,9,132,0,17,35,7,59,36,60,79,16,191,36,0,36,227
07/15/2016,LBB,TX,ASW,CE,Combined TRACON& Tower with Radar,39,43,35,10,127,0,10,45,3,58,39,53,80,13,185,40,0,40,225
07/16/2016,LBB,TX,ASW,CE,Combined TRACON& Tower with Radar,32,31,36,8,107,0,15,40,0,55,32,46,76,8,162,4,0,4,166
07/17/2016,LBB,TX,ASW,CE,Combined TRACON& Tower with Radar,30,27,25,4,86,0,15,36,5,56,30,42,61,9,142,48,6,54,196
07/18/2016,LBB,TX,ASW,CE,Combined TRACON& Tower with Radar,30,32,39,6,107,0,21,28,0,49,30,53,67,6,156,14,0,14,170
07/19/2016,LBB,TX,ASW,CE,Combined TRACON& Tower with Radar,38,51,30,4,123,0,15,48,0,63,38,66,78,4,186,36,0,36,222
07/20/2016,LBB,TX,ASW,CE,Combined TRACON& Tower with Radar,35,40,44,1,120,0,34,29,4,67,35,74,73,5,187,8,0,8,195
07/21/2016,LBB,TX,ASW,CE,Combined TRACON& Tower with Radar,36,41,27,5,109,0,13,28,1,42,36,54,55,6,151,26,0,26,177
07/22/2016,LBB,TX,ASW,CE,Combined TRACON& Tower with Radar,37,44,23,0,104,0,25,27,0,52,37,69,50,0,156,30,0,30,186
07/23/2016,LBB,TX,ASW,CE,Combined TRACON& Tower with Radar,31,23,24,0,78,0,25,33,3,61,31,48,57,3,139,20,0,20,159
07/24/2016,LBB,TX,ASW,CE,Combined TRACON& Tower with Radar,29,22,27,0,78,0,27,35,2,64,29,49,62,2,142,32,0,32,174
07/25/2016,LBB,TX,ASW,CE,Combined TRACON& Tower with Radar,30,36,26,8,100,0,18,29,0,47,30,54,55,8,147,0,0,0,147
07/26/2016,LBB,TX,ASW,CE,Combined TRACON& Tower with Radar,36,47,48,13,144,1,18,38,1,58,37,65,86,14,202,14,0,14,216
07/27/2016,LBB,TX,ASW,CE,Combined TRACON& Tower with Radar,37,43,27,17,124,0,16,38,2,56,37,59,65,19,180,16,0,16,196
07/28/2016,LBB,TX,ASW,CE,Combined TRACON& Tower with Radar,39,39,56,11,145,0,12,47,0,59,39,51,103,11,204,10,26,36,240
07/29/2016,LBB,TX,ASW,CE,Combined TRACON& Tower with Radar,44,37,43,1,125,0,15,47,0,62,44,52,90,1,187,60,0,60,247
07/30/2016,LBB,TX,ASW,CE,Combined TRACON& Tower with Radar,30,26,29,12,97,0,16,33,0,49,30,42,62,12,146,98,0,98,244
07/31/2016,LBB,TX,ASW,CE,Combined TRACON& Tower with Radar,32,18,24,2,76,0,11,19,0,30,32,29,43,2,106,14,0,14,120
08/01/2016,LBB,TX,ASW,CE,Combined TRACON& Tower with Radar,30,29,27,20,106,0,15,53,4,72,30,44,80,24,178,0,0,0,178
08/02/2016,LBB,TX,ASW,CE,Combined TRACON& Tower with Radar,38,49,28,6,121,0,20,36,3,59,38,69,64,9,180,20,34,54,234
08/03/2016,LBB,TX,ASW,CE,Combined TRACON& Tower with Radar,38,46,43,12,139,0,9,42,3,54,38,55,85,15,193,0,0,0,193
08/04/2016,LBB,TX,ASW,CE,Combined TRACON& Tower with Radar,38,39,38,2,117,0,20,32,4,56,38,59,70,6,173,8,2,10,183
08/05/2016,LBB,TX,ASW,CE,Combined TRACON& Tower with Radar,38,35,52,12,137,0,17,34,5,56,38,52,86,17,193,48,0,48,241
08/06/2016,LBB,TX,ASW,CE,Combined TRACON& Tower with Radar,30,24,8,0,62,0,18,27,0,45,30,42,35,0,107,40,0,40,147
08/07/2016,LBB,TX,ASW,CE,Combined TRACON& Tower with Radar,31,20,32,16,99,0,12,33,0,45,31,32,65,16,144,24,0,24,168
08/08/2016,LBB,TX,ASW,CE,Combined TRACON& Tower with Radar,30,31,17,2,80,0,7,37,0,44,30,38,54,2,124,28,0,28,152
08/09/2016,LBB,TX,ASW,CE,Combined TRACON& Tower with Radar,39,58,33,0,130,0,7,31,0,38,39,65,64,0,168,14,0,14,182
08/10/2016,LBB,TX,ASW,CE,Combined TRACON& Tower with Radar,38,47,36,8,129,0,11,26,1,38,38,58,62,9,167,10,30,40,207
08/11/2016,LBB,TX,ASW,CE,Combined TRACON& Tower with Radar,37,45,51,6,139,0,10,31,2,43,37,55,82,8,182,14,0,14,196
08/12/2016,LBB,TX,ASW,CE,Combined TRACON& Tower with Radar,38,44,37,6,125,0,9,31,3,43,38,53,68,9,168,92,0,92,260
08/13/2016,LBB,TX,ASW,CE,Combined TRACON& Tower with Radar,30,31,26,8,95,0,17,14,2,33,30,48,40,10,128,64,0,64,192
08/14/2016,LBB,TX,ASW,CE,Combined TRACON& Tower with Radar,32,18,29,10,89,0,23,66,20,109,32,41,95,30,198,0,0,0,198
08/15/2016,LBB,TX,ASW,CE,Combined TRACON& Tower with Radar,30,26,32,29,117,0,24,27,1,52,30,50,59,30,169,32,28,60,229
08/16/2016,LBB,TX,ASW,CE,Combined TRACON& Tower with Radar,38,40,25,31,134,0,15,44,0,59,38,55,69,31,193,114,40,154,347
08/17/2016,LBB,TX,ASW,CE,Combined TRACON& Tower with Radar,40,49,56,35,180,0,18,29,6,53,40,67,85,41,233,0,0,0,233
08/18/2016,LBB,TX,ASW,CE,Combined TRACON& Tower with Radar,37,50,42,45,174,0,9,21,0,30,37,59,63,45,204,16,20,36,240
08/19/2016,LBB,TX,ASW,CE,Combined TRACON& Tower with Radar,35,40,36,6,117,0,16,29,1,46,35,56,65,7,163,74,0,74,237
08/20/2016,LBB,TX,ASW,CE,Combined TRACON& Tower with Radar,27,26,27,8,88,0,12,25,1,38,27,38,52,9,126,96,0,96,222
08/21/2016,LBB,TX,ASW,CE,Combined TRACON& Tower with Radar,32,27,28,4,91,0,14,85,0,99,32,41,113,4,190,0,0,0,190
08/22/2016,LBB,TX,ASW,CE,Combined TRACON& Tower with Radar,27,32,23,7,89,0,20,26,2,48,27,52,49,9,137,64,0,64,201
08/23/2016,LBB,TX,ASW,CE,Combined TRACON& Tower with Radar,39,49,30,10,128,0,12,22,1,35,39,61,52,11,163,36,6,42,205
08/24/2016,LBB,TX,ASW,CE,Combined TRACON& Tower with Radar,36,50,30,7,123,0,10,29,0,39,36,60,59,7,162,58,4,62,224
08/25/2016,LBB,TX,ASW,CE,Combined TRACON& Tower with Radar,38,40,46,2,126,0,5,22,0,27,38,45,68,2,153,64,0,64,217
08/26/2016,LBB,TX,ASW,CE,Combined TRACON& Tower with Radar,39,45,24,4,112,0,12,28,0,40,39,57,52,4,152,20,0,20,172
08/27/2016,LBB,TX,ASW,CE,Combined TRACON& Tower with Radar,26,24,43,18,111,0,0,50,0,50,26,24,93,18,161,98,0,98,259
08/28/2016,LBB,TX,ASW,CE,Combined TRACON& Tower with Radar,31,15,25,0,71,0,2,49,2,53,31,17,74,2,124,0,0,0,124
08/29/2016,LBB,TX,ASW,CE,Combined TRACON& Tower with Radar,28,27,16,10,81,0,5,5,0,10,28,32,21,10,91,4,8,12,103
08/30/2016,LBB,TX,ASW,CE,Combined TRACON& Tower with Radar,36,46,27,8,117,0,2,8,0,10,36,48,35,8,127,0,0,0,127
08/31/2016,LBB,TX,ASW,CE,Combined TRACON& Tower with Radar,36,48,38,0,122,0,2,12,0,14,36,50,50,0,136,0,0,0,136
09/01/2016,LBB,TX,ASW,CE,Combined TRACON& Tower with Radar,38,54,53,0,145,0,1,9,0,10,38,55,62,0,155,6,0,6,161
09/02/2016,LBB,TX,ASW,CE,Combined TRACON& Tower with Radar,43,49,38,6,136,0,7,8,1,16,43,56,46,7,152,42,0,42,194
09/03/2016,LBB,TX,ASW,CE,Combined TRACON& Tower with Radar,28,30,30,0,88,0,14,29,0,43,28,44,59,0,131,10,0,10,141
09/04/2016,LBB,TX,ASW,CE,Combined TRACON& Tower with Radar,27,24,40,1,92,0,21,26,0,47,27,45,66,1,139,16,0,16,155
09/05/2016,LBB,TX,ASW,CE,Combined TRACON& Tower with Radar,27,22,24,2,75,0,20,24,2,46,27,42,48,4,121,0,0,0,121
09/06/2016,LBB,TX,ASW,CE,Combined TRACON& Tower with Radar,34,38,40,11,123,0,4,24,1,29,34,42,64,12,152,32,0,32,184
09/07/2016,LBB,TX,ASW,CE,Combined TRACON& Tower with Radar,38,51,49,0,138,0,6,28,1,35,38,57,77,1,173,12,0,12,185
09/08/2016,LBB,TX,ASW,CE,Combined TRACON& Tower with Radar,38,45,49,0,132,0,16,47,1,64,38,61,96,1,196,44,0,44,240
09/09/2016,LBB,TX,ASW,CE,Combined TRACON& Tower with Radar,42,42,42,31,157,0,13,41,0,54,42,55,83,31,211,10,16,26,237
09/10/2016,LBB,TX,ASW,CE,Combined TRACON& Tower with Radar,24,32,24,6,86,0,15,51,0,66,24,47,75,6,152,20,0,20,172
09/11/2016,LBB,TX,ASW,CE,Combined TRACON& Tower with Radar,33,22,42,8,105,0,26,41,0,67,33,48,83,8,172,10,0,10,182
09/12/2016,LBB,TX,ASW,CE,Combined TRACON& Tower with Radar,30,36,38,4,108,0,16,37,0,53,30,52,75,4,161,4,0,4,165
09/13/2016,LBB,TX,ASW,CE,Combined TRACON& Tower with Radar,35,43,30,4,112,0,3,21,2,26,35,46,51,6,138,40,0,40,178
09/14/2016,LBB,TX,ASW,CE,Combined TRACON& Tower with Radar,35,55,50,9,149,0,0,8,0,8,35,55,58,9,157,28,0,28,185
09/15/2016,LBB,TX,ASW,CE,Combined TRACON& Tower with Radar,39,52,55,6,152,0,5,27,0,32,39,57,82,6,184,26,8,34,218
09/16/2016,LBB,TX,ASW,CE,Combined TRACON& Tower with Radar,39,36,57,42,174,0,11,39,5,55,39,47,96,47,229,100,36,136,365
09/17/2016,LBB,TX,ASW,CE,Combined TRACON& Tower with Radar,27,43,43,0,113,0,5,13,0,18,27,48,56,0,131,30,0,30,161
09/18/2016,LBB,TX,ASW,CE,Combined TRACON& Tower with Radar,29,15,30,13,87,0,17,36,0,53,29,32,66,13,140,107,0,107,247
09/19/2016,LBB,TX,ASW,CE,Combined TRACON& Tower with Radar,28,30,35,4,97,0,16,46,1,63,28,46,81,5,160,44,0,44,204
09/20/2016,LBB,TX,ASW,CE,Combined TRACON& Tower with Radar,36,39,39,4,118,0,9,34,1,44,36,48,73,5,162,32,0,32,194
09/21/2016,LBB,TX,ASW,CE,Combined TRACON& Tower with Radar,36,45,49,26,156,0,19,45,5,69,36,64,94,31,225,52,38,90,315
09/22/2016,LBB,TX,ASW,CE,Combined TRACON& Tower with Radar,38,48,25,31,142,0,12,27,1,40,38,60,52,32,182,20,46,66,248
09/23/2016,LBB,TX,ASW,CE,Combined TRACON& Tower with Radar,39,45,28,23,135,0,19,37,1,57,39,64,65,24,192,18,30,48,240
09/24/2016,LBB,TX,ASW,CE,Combined TRACON& Tower with Radar,28,28,31,0,87,0,7,34,0,41,28,35,65,0,128,40,0,40,168
09/25/2016,LBB,TX,ASW,CE,Combined TRACON& Tower with Radar,28,20,35,0,83,0,8,1,0,9,28,28,36,0,92,0,0,0,92
09/26/2016,LBB,TX,ASW,CE,Combined TRACON& Tower with Radar,32,41,42,31,146,0,11,22,1,34,32,52,64,32,180,184,80,264,444
09/27/2016,LBB,TX,ASW,CE,Combined TRACON& Tower with Radar,36,51,43,8,138,0,11,36,0,47,36,62,79,8,185,42,0,42,227
09/28/2016,LBB,TX,ASW,CE,Combined TRACON& Tower with Radar,37,40,40,21,138,0,13,42,2,57,37,53,82,23,195,58,0,58,253
09/29/2016,LBB,TX,ASW,CE,Combined TRACON& Tower with Radar,40,55,66,2,163,0,11,53,0,64,40,66,119,2,227,12,10,22,249
09/30/2016,LBB,TX,ASW,CE,Combined TRACON& Tower with Radar,39,46,55,9,149,0,34,53,3,90,39,80,108,12,239,58,0,58,297
10/01/2016,LBB,TX,ASW,CE,Combined TRACON& Tower with Radar,25,29,36,0,90,0,17,47,0,64,25,46,83,0,154,34,0,34,188
10/02/2016,LBB,TX,ASW,CE,Combined TRACON& Tower with Radar,32,21,47,2,102,0,14,65,0,79,32,35,112,2,181,0,0,0,181
10/03/2016,LBB,TX,ASW,CE,Combined TRACON& Tower with Radar,30,32,56,2,120,0,6,19,3,28,30,38,75,5,148,12,0,12,160
10/04/2016,LBB,TX,ASW,CE,Combined TRACON& Tower with Radar,35,48,42,3,128,0,18,39,1,58,35,66,81,4,186,16,0,16,202
10/05/2016,LBB,TX,ASW,CE,Combined TRACON& Tower with Radar,35,53,41,44,173,0,15,50,0,65,35,68,91,44,238,0,44,44,282
10/06/2016,LBB,TX,ASW,CE,Combined TRACON& Tower with Radar,38,57,64,7,166,0,27,48,2,77,38,84,112,9,243,52,8,60,303
10/07/2016,LBB,TX,ASW,CE,Combined TRACON& Tower with Radar,42,48,48,18,156,0,16,25,1,42,42,64,73,19,198,42,0,42,240
10/08/2016,LBB,TX,ASW,CE,Combined TRACON& Tower with Radar,24,36,35,2,97,0,4,31,3,38,24,40,66,5,135,68,0,68,203
10/09/2016,LBB,TX,ASW,CE,Combined TRACON& Tower with Radar,32,28,37,2,99,0,3,8,0,11,32,31,45,2,110,68,0,68,178
10/10/2016,LBB,TX,ASW,CE,Combined TRACON& Tower with Radar,30,33,45,21,129,0,11,35,2,48,30,44,80,23,177,42,0,42,219
10/11/2016,LBB,TX,ASW,CE,Combined TRACON& Tower with Radar,36,46,35,31,148,0,23,37,8,68,36,69,72,39,216,6,0,6,222
10/12/2016,LBB,TX,ASW,CE,Combined TRACON& Tower with Radar,40,44,53,10,147,0,18,35,3,56,40,62,88,13,203,33,0,33,236
10/13/2016,LBB,TX,ASW,CE,Combined TRACON& Tower with Radar,36,46,40,2,124,0,1,2,0,3,36,47,42,2,127,0,0,0,127
10/14/2016,LBB,TX,ASW,CE,Combined TRACON& Tower with Radar,40,42,74,11,167,0,12,38,2,52,40,54,112,13,219,104,0,104,323
10/15/2016,LBB,TX,ASW,CE,Combined TRACON& Tower with Radar,29,26,49,1,105,0,13,92,6,111,29,39,141,7,216,116,0,116,332
10/16/2016,LBB,TX,ASW,CE,Combined TRACON& Tower with Radar,30,22,33,0,85,0,4,36,4,44,30,26,69,4,129,76,0,76,205
10/17/2016,LBB,TX,ASW,CE,Combined TRACON& Tower with Radar,30,27,49,9,115,0,21,109,0,130,30,48,158,9,245,0,0,0,245
10/18/2016,LBB,TX,ASW,CE,Combined TRACON& Tower with Radar,36,46,49,4,135,0,17,44,0,61,36,63,93,4,196,0,0,0,196
10/19/2016,LBB,TX,ASW,CE,Combined TRACON& Tower with Radar,39,39,35,2,115,0,15,39,1,55,39,54,74,3,170,50,0,50,220
10/20/2016,LBB,TX,ASW,CE,Combined TRACON& Tower with Radar,37,39,19,2,97,0,11,46,0,57,37,50,65,2,154,48,0,48,202
10/21/2016,LBB,TX,ASW,CE,Combined TRACON& Tower with Radar,41,49,58,0,148,0,11,58,3,72,41,60,116,3,220,14,0,14,234
10/22/2016,LBB,TX,ASW,CE,Combined TRACON& Tower with Radar,26,25,77,14,142,0,18,54,3,75,26,43,131,17,217,70,0,70,287
10/23/2016,LBB,TX,ASW,CE,Combined TRACON& Tower with Radar,31,23,75,0,129,0,8,63,0,71,31,31,138,0,200,26,0,26,226
10/24/2016,LBB,TX,ASW,CE,Combined TRACON& Tower with Radar,30,30,35,11,106,0,17,59,0,76,30,47,94,11,182,68,0,68,250
10/25/2016,LBB,TX,ASW,CE,Combined TRACON& Tower with Radar,37,43,40,0,120,0,11,34,1,46,37,54,74,1,166,0,0,0,166
10/26/2016,LBB,TX,ASW,CE,Combined TRACON& Tower with Radar,39,45,33,5,122,0,18,43,0,61,39,63,76,5,183,0,0,0,183
10/27/2016,LBB,TX,ASW,CE,Combined TRACON& Tower with Radar,40,38,64,0,142,0,6,35,0,41,40,44,99,0,183,42,0,42,225
10/28/2016,LBB,TX,ASW,CE,Combined TRACON& Tower with Radar,38,45,31,24,138,0,22,31,7,60,38,67,62,31,198,68,12,80,278
10/29/2016,LBB,TX,ASW,CE,Combined TRACON& Tower with Radar,26,21,31,0,78,0,16,35,1,52,26,37,66,1,130,18,0,18,148
10/30/2016,LBB,TX,ASW,CE,Combined TRACON& Tower with Radar,32,17,33,0,82,0,14,52,1,67,32,31,85,1,149,0,0,0,149
10/31/2016,LBB,TX,ASW,CE,Combined TRACON& Tower with Radar,26,26,16,11,79,0,29,20,8,57,26,55,36,19,136,52,24,76,212
11/01/2016,LBB,TX,ASW,CE,Combined TRACON& Tower with Radar,36,37,37,2,112,0,13,35,2,50,36,50,72,4,162,52,0,52,214
11/02/2016,LBB,TX,ASW,CE,Combined TRACON& Tower with Radar,37,48,45,0,130,0,13,16,0,29,37,61,61,0,159,24,0,24,183
11/03/2016,LBB,TX,ASW,CE,Combined TRACON& Tower with Radar,35,57,54,14,160,0,5,11,0,16,35,62,65,14,176,48,30,78,254
11/04/2016,LBB,TX,ASW,CE,Combined TRACON& Tower with Radar,38,56,82,36,212,0,10,33,1,44,38,66,115,37,256,74,160,234,490
11/05/2016,LBB,TX,ASW,CE,Combined TRACON& Tower with Radar,23,35,68,0,126,0,0,0,0,0,23,35,68,0,126,0,0,0,126
11/06/2016,LBB,TX,ASW,CE,Combined TRACON& Tower with Radar,31,31,56,5,123,0,3,23,0,26,31,34,79,5,149,68,4,72,221
11/07/2016,LBB,TX,ASW,CE,Combined TRACON& Tower with Radar,29,27,34,35,125,0,1,27,2,30,29,28,61,37,155,28,22,50,205
11/08/2016,LBB,TX,ASW,CE,Combined TRACON& Tower with Radar,36,50,41,6,133,0,13,19,0,32,36,63,60,6,165,0,0,0,165
11/09/2016,LBB,TX,ASW,CE,Combined TRACON& Tower with Radar,36,54,47,4,141,0,12,28,0,40,36,66,75,4,181,26,32,58,239
11/10/2016,LBB,TX,ASW,CE,Combined TRACON& Tower with Radar,36,48,36,61,181,0,14,28,2,44,36,62,64,63,225,88,8,96,321
11/11/2016,LBB,TX,ASW,CE,Combined TRACON& Tower with Radar,38,47,51,0,136,0,9,41,0,50,38,56,92,0,186,152,0,152,338
11/12/2016,LBB,TX,ASW,CE,Combined TRACON& Tower with Radar,30,24,27,0,81,0,14,29,2,45,30,38,56,2,126,16,0,16,142
11/13/2016,LBB,TX,ASW,CE,Combined TRACON& Tower with Radar,30,24,48,0,102,0,12,37,0,49,30,36,85,0,151,26,0,26,177
11/14/2016,LBB,TX,ASW,CE,Combined TRACON& Tower with Radar,34,32,28,9,103,0,23,47,0,70,34,55,75,9,173,48,0,48,221
11/15/2016,LBB,TX,ASW,CE,Combined TRACON& Tower with Radar,38,46,32,14,130,0,15,38,0,53,38,61,70,14,183,46,0,46,229
11/16/2016,LBB,TX,ASW,CE,Combined TRACON& Tower with Radar,34,49,43,23,149,0,11,40,2,53,34,60,83,25,202,32,34,66,268
11/17/2016,LBB,TX,ASW,CE,Combined TRACON& Tower with Radar,35,49,37,36,157,0,23,19,4,46,35,72,56,40,203,12,0,12,215
11/18/2016,LBB,TX,ASW,CE,Combined TRACON& Tower with Radar,39,49,44,14,146,0,9,34,2,45,39,58,78,16,191,0,0,0,191
11/19/2016,LBB,TX,ASW,CE,Combined TRACON& Tower with Radar,34,25,25,10,94,0,11,41,4,56,34,36,66,14,150,26,0,26,176
11/20/2016,LBB,TX,ASW,CE,Combined TRACON& Tower with Radar,28,16,41,13,98,0,18,35,0,53,28,34,76,13,151,20,12,32,183
11/21/2016,LBB,TX,ASW,CE,Combined TRACON& Tower with Radar,28,20,41,6,95,0,13,28,0,41,28,33,69,6,136,0,0,0,136
11/22/2016,LBB,TX,ASW,CE,Combined TRACON& Tower with Radar,46,42,45,19,152,10,21,21,10,62,56,63,66,29,214,0,0,0,214
11/23/2016,LBB,TX,ASW,CE,Combined TRACON& Tower with Radar,48,41,61,0,150,0,18,37,1,56,48,59,98,1,206,12,0,12,218
11/24/2016,LBB,TX,ASW,CE,Combined TRACON& Tower with Radar,19,10,11,0,40,0,11,7,3,21,19,21,18,3,61,6,0,6,67
11/25/2016,LBB,TX,ASW,CE,Combined TRACON& Tower with Radar,34,31,21,0,86,0,29,27,2,58,34,60,48,2,144,28,20,48,192
11/26/2016,LBB,TX,ASW,CE,Combined TRACON& Tower with Radar,35,37,31,2,105,0,5,7,0,12,35,42,38,2,117,0,0,0,117
11/27/2016,LBB,TX,ASW,CE,Combined TRACON& Tower with Radar,39,28,60,0,127,0,2,9,0,11,39,30,69,0,138,16,0,16,154
11/28/2016,LBB,TX,ASW,CE,Combined TRACON& Tower with Radar,39,22,28,16,105,0,8,10,5,23,39,30,38,21,128,0,0,0,128
11/29/2016,LBB,TX,ASW,CE,Combined TRACON& Tower with Radar,42,34,32,0,108,0,16,28,0,44,42,50,60,0,152,30,0,30,182
11/30/2016,LBB,TX,ASW,CE,Combined TRACON& Tower with Radar,41,50,26,2,119,0,11,44,5,60,41,61,70,7,179,14,0,14,193
12/01/2016,LBB,TX,ASW,CE,Combined TRACON& Tower with Radar,42,37,23,13,115,0,19,40,4,63,42,56,63,17,178,14,10,24,202
12/02/2016,LBB,TX,ASW,CE,Combined TRACON& Tower with Radar,38,50,33,9,130,0,3,3,0,6,38,53,36,9,136,0,4,4,140
12/03/2016,LBB,TX,ASW,CE,Combined TRACON& Tower with Radar,29,22,14,0,65,0,0,0,0,0,29,22,14,0,65,0,0,0,65
12/04/2016,LBB,TX,ASW,CE,Combined TRACON& Tower with Radar,39,29,28,1,97,0,0,17,0,17,39,29,45,1,114,60,0,60,174
12/05/2016,LBB,TX,ASW,CE,Combined TRACON& Tower with Radar,32,29,41,21,123,0,17,26,0,43,32,46,67,21,166,18,14,32,198
12/06/2016,LBB,TX,ASW,CE,Combined TRACON& Tower with Radar,42,43,29,11,125,0,13,41,14,68,42,56,70,25,193,0,0,0,193
12/07/2016,LBB,TX,ASW,CE,Combined TRACON& Tower with Radar,42,51,44,12,149,0,3,3,0,6,42,54,47,12,155,0,0,0,155
12/08/2016,LBB,TX,ASW,CE,Combined TRACON& Tower with Radar,40,53,20,3,116,0,8,16,0,24,40,61,36,3,140,6,0,6,146
12/09/2016,LBB,TX,ASW,CE,Combined TRACON& Tower with Radar,39,53,42,7,141,0,14,23,0,37,39,67,65,7,178,0,4,4,182
12/10/2016,LBB,TX,ASW,CE,Combined TRACON& Tower with Radar,26,28,14,16,84,0,15,18,0,33,26,43,32,16,117,20,24,44,161
12/11/2016,LBB,TX,ASW,CE,Combined TRACON& Tower with Radar,28,18,20,2,68,0,11,15,1,27,28,29,35,3,95,8,0,8,103
12/12/2016,LBB,TX,ASW,CE,Combined TRACON& Tower with Radar,35,22,21,0,78,0,26,29,0,55,35,48,50,0,133,20,0,20,153
12/13/2016,LBB,TX,ASW,CE,Combined TRACON& Tower with Radar,42,41,26,23,132,0,22,31,0,53,42,63,57,23,185,24,4,28,213
12/14/2016,LBB,TX,ASW,CE,Combined TRACON& Tower with Radar,42,52,41,0,135,0,28,23,2,53,42,80,64,2,188,36,0,36,224
12/15/2016,LBB,TX,ASW,CE,Combined TRACON& Tower with Radar,43,55,47,23,168,0,9,12,8,29,43,64,59,31,197,12,28,40,237
12/16/2016,LBB,TX,ASW,CE,Combined TRACON& Tower with Radar,40,43,42,8,133,0,5,15,1,21,40,48,57,9,154,36,0,36,190
12/17/2016,LBB,TX,ASW,CE,Combined TRACON& Tower with Radar,37,28,33,2,100,0,11,6,0,17,37,39,39,2,117,22,0,22,139
12/18/2016,LBB,TX,ASW,CE,Combined TRACON& Tower with Radar,25,20,23,0,68,0,11,9,0,20,25,31,32,0,88,34,0,34,122
12/19/2016,LBB,TX,ASW,CE,Combined TRACON& Tower with Radar,31,33,29,0,93,0,29,32,1,62,31,62,61,1,155,64,0,64,219
12/20/2016,LBB,TX,ASW,CE,Combined TRACON& Tower with Radar,41,46,37,14,138,0,17,42,2,61,41,63,79,16,199,14,26,40,239
12/21/2016,LBB,TX,ASW,CE,Combined TRACON& Tower with Radar,48,44,29,16,137,0,34,38,0,72,48,78,67,16,209,2,0,2,211
12/22/2016,LBB,TX,ASW,CE,Combined TRACON& Tower with Radar,49,48,23,0,120,0,16,25,0,41,49,64,48,0,161,3,0,3,164
12/23/2016,LBB,TX,ASW,CE,Combined TRACON& Tower with Radar,48,43,25,8,124,0,22,39,0,61,48,65,64,8,185,36,88,124,309
12/24/2016,LBB,TX,ASW,CE,Combined TRACON& Tower with Radar,32,29,12,0,73,0,15,19,0,34,32,44,31,0,107,20,0,20,127
12/25/2016,LBB,TX,ASW,CE,Combined TRACON& Tower with Radar,22,15,2,0,39,0,2,2,0,4,22,17,4,0,43,0,0,0,43
12/26/2016,LBB,TX,ASW,CE,Combined TRACON& Tower with Radar,33,19,32,0,84,0,7,35,3,45,33,26,67,3,129,12,0,12,141
12/27/2016,LBB,TX,ASW,CE,Combined TRACON& Tower with Radar,43,35,33,4,115,0,25,39,2,66,43,60,72,6,181,67,6,73,254
12/28/2016,LBB,TX,ASW,CE,Combined TRACON& Tower with Radar,48,42,28,2,120,0,13,28,4,45,48,55,56,6,165,25,0,25,190
12/29/2016,LBB,TX,ASW,CE,Combined TRACON& Tower with Radar,48,38,36,6,128,0,16,29,2,47,48,54,65,8,175,22,0,22,197
12/30/2016,LBB,TX,ASW,CE,Combined TRACON& Tower with Radar,43,46,23,0,112,0,23,27,0,50,43,69,50,0,162,48,0,48,210
12/31/2016,LBB,TX,ASW,CE,Combined TRACON& Tower with Radar,27,19,8,0,54,0,8,31,0,39,27,27,39,0,93,20,0,20,113
01/01/2017,LBB,TX,ASW,CE,Combined TRACON& Tower with Radar,26,20,28,0,74,0,9,15,4,28,26,29,43,4,102,0,0,0,102
01/02/2017,LBB,TX,ASW,CE,Combined TRACON& Tower with Radar,30,20,18,0,68,0,11,23,2,36,30,31,41,2,104,41,0,41,145
01/03/2017,LBB,TX,ASW,CE,Combined TRACON& Tower with Radar,38,33,38,4,113,0,14,24,2,40,38,47,62,6,153,34,0,34,187
01/04/2017,LBB,TX,ASW,CE,Combined TRACON& Tower with Radar,44,32,34,2,112,0,7,22,0,29,44,39,56,2,141,24,0,24,165
01/05/2017,LBB,TX,ASW,CE,Combined TRACON& Tower with Radar,43,34,25,12,114,0,12,11,3,26,43,46,36,15,140,30,0,30,170
01/06/2017,LBB,TX,ASW,CE,Combined TRACON& Tower with Radar,35,39,27,14,115,0,4,8,0,12,35,43,35,14,127,6,6,12,139
01/07/2017,LBB,TX,ASW,CE,Combined TRACON& Tower with Radar,32,16,24,8,80,0,10,27,4,41,32,26,51,12,121,54,0,54,175
01/08/2017,LBB,TX,ASW,CE,Combined TRACON& Tower with Radar,29,14,20,3,66,0,13,38,2,53,29,27,58,5,119,8,0,8,127
01/09/2017,LBB,TX,ASW,CE,Combined TRACON& Tower with Radar,31,28,31,24,114,0,16,26,2,44,31,44,57,26,158,76,12,88,246
01/10/2017,LBB,TX,ASW,CE,Combined TRACON& Tower with Radar,43,34,31,26,134,0,13,34,2,49,43,47,65,28,183,64,18,82,265
01/11/2017,LBB,TX,ASW,CE,Combined TRACON& Tower with Radar,41,32,21,1,95,0,11,34,1,46,41,43,55,2,141,0,0,0,141
01/12/2017,LBB,TX,ASW,CE,Combined TRACON& Tower with Radar,41,50,36,3,130,0,18,37,0,55,41,68,73,3,185,68,0,68,253
01/13/2017,LBB,TX,ASW,CE,Combined TRACON& Tower with Radar,44,51,40,0,135,0,2,0,0,2,44,53,40,0,137,0,0,0,137
01/14/2017,LBB,TX,ASW,CE,Combined TRACON& Tower with Radar,28,15,16,0,59,0,0,0,0,0,28,15,16,0,59,0,0,0,59
01/15/2017,LBB,TX,ASW,CE,Combined TRACON& Tower with Radar,30,11,16,0,57,0,0,0,0,0,30,11,16,0,57,0,0,0,57
01/16/2017,LBB,TX,ASW,CE,Combined TRACON& Tower with Radar,29,27,43,0,99,0,5,45,4,54,29,32,88,4,153,64,0,64,217
01/17/2017,LBB,TX,ASW,CE,Combined TRACON& Tower with Radar,41,54,42,45,182,0,16,35,2,53,41,70,77,47,235,50,24,74,309
01/18/2017,LBB,TX,ASW,CE,Combined TRACON& Tower with Radar,40,49,38,27,154,0,15,37,0,52,40,64,75,27,206,34,20,54,260
01/19/2017,LBB,TX,ASW,CE,Combined TRACON& Tower with Radar,46,39,41,34,160,0,14,15,1,30,46,53,56,35,190,20,62,82,272
01/20/2017,LBB,TX,ASW,CE,Combined TRACON& Tower with Radar,41,37,26,23,127,0,13,20,0,33,41,50,46,23,160,0,0,0,160
01/21/2017,LBB,TX,ASW,CE,Combined TRACON& Tower with Radar,34,31,17,8,90,0,10,15,6,31,34,41,32,14,121,0,0,0,121
01/22/2017,LBB,TX,ASW,CE,Combined TRACON& Tower with Radar,33,15,21,2,71,0,17,22,2,41,33,32,43,4,112,4,0,4,116
01/23/2017,LBB,TX,ASW,CE,Combined TRACON& Tower with Radar,34,25,36,6,101,0,14,38,3,55,34,39,74,9,156,70,4,74,230
01/24/2017,LBB,TX,ASW,CE,Combined TRACON& Tower with Radar,42,40,24,20,126,0,7,13,0,20,42,47,37,20,146,0,30,30,176
01/25/2017,LBB,TX,ASW,CE,Combined TRACON& Tower with Radar,42,43,35,36,156,0,11,47,3,61,42,54,82,39,217,84,20,104,321
01/26/2017,LBB,TX,ASW,CE,Combined TRACON& Tower with Radar,40,46,65,5,156,0,15,46,0,61,40,61,111,5,217,42,0,42,259
01/27/2017,LBB,TX,ASW,CE,Combined TRACON& Tower with Radar,39,47,29,17,132,0,16,30,3,49,39,63,59,20,181,46,0,46,227
01/28/2017,LBB,TX,ASW,CE,Combined TRACON& Tower with Radar,28,18,24,1,71,0,5,41,0,46,28,23,65,1,117,58,0,58,175
01/29/2017,LBB,TX,ASW,CE,Combined TRACON& Tower with Radar,28,22,23,11,84,0,24,38,0,62,28,46,61,11,146,0,0,0,146
01/30/2017,LBB,TX,ASW,CE,Combined TRACON& Tower with Radar,32,24,36,6,98,0,20,29,0,49,32,44,65,6,147,80,0,80,227
01/31/2017,LBB,TX,ASW,CE,Combined TRACON& Tower with Radar,40,39,29,8,116,0,17,38,0,55,40,56,67,8,171,80,0,80,251
02/01/2017,LBB,TX,ASW,CE,Combined TRACON& Tower with Radar,40,39,39,4,122,0,9,36,0,45,40,48,75,4,167,78,0,78,245
02/02/2017,LBB,TX,ASW,CE,Combined TRACON& Tower with Radar,40,39,46,6,131,0,12,30,1,43,40,51,76,7,174,124,12,136,310
02/03/2017,LBB,TX,ASW,CE,Combined TRACON& Tower with Radar,39,39,31,8,117,0,6,29,3,38,39,45,60,11,155,14,0,14,169
02/04/2017,LBB,TX,ASW,CE,Combined TRACON& Tower with Radar,29,41,20,18,108,0,6,32,0,38,29,47,52,18,146,28,0,28,174
02/05/2017,LBB,TX,ASW,CE,Combined TRACON& Tower with Radar,23,23,23,20,89,0,7,33,6,46,23,30,56,26,135,6,40,46,181
02/06/2017,LBB,TX,ASW,CE,Combined TRACON& Tower with Radar,31,31,27,6,95,0,20,27,0,47,31,51,54,6,142,14,12,26,168
02/07/2017,LBB,TX,ASW,CE,Combined TRACON& Tower with Radar,40,47,32,2,121,0,19,49,4,72,40,66,81,6,193,112,0,112,305
02/08/2017,LBB,TX,ASW,CE,Combined TRACON& Tower with Radar,38,45,35,18,136,0,15,43,5,63,38,60,78,23,199,34,42,76,275
02/09/2017,LBB,TX,ASW,CE,Combined TRACON& Tower with Radar,40,36,49,7,132,0,23,49,3,75,40,59,98,10,207,52,0,52,259
02/10/2017,LBB,TX,ASW,CE,Combined TRACON& Tower with Radar,40,36,45,6,127,0,17,38,3,58,40,53,83,9,185,22,24,46,231
02/11/2017,LBB,TX,ASW,CE,Combined TRACON& Tower with Radar,30,24,19,0,73,0,15,29,2,46,30,39,48,2,119,76,0,76,195
02/12/2017,LBB,TX,ASW,CE,Combined TRACON& Tower with Radar,28,16,35,0,79,0,8,17,0,25,28,24,52,0,104,0,0,0,104
02/13/2017,LBB,TX,ASW,CE,Combined TRACON& Tower with Radar,31,35,13,0,79,0,0,1,0,1,31,35,14,0,80,30,0,30,110
02/14/2017,LBB,TX,ASW,CE,Combined TRACON& Tower with Radar,37,39,15,52,143,0,0,6,4,10,37,39,21,56,153,8,26,34,187
02/15/2017,LBB,TX,ASW,CE,Combined TRACON& Tower with Radar,41,43,35,13,132,0,21,52,0,73,41,64,87,13,205,28,6,34,239
02/16/2017,LBB,TX,ASW,CE,Combined TRACON& Tower with Radar,46,41,54,4,145,0,31,50,0,81,46,72,104,4,226,82,12,94,320
02/17/2017,LBB,TX,ASW,CE,Combined TRACON& Tower with Radar,41,48,33,14,136,0,28,47,3,78,41,76,80,17,214,28,0,28,242
02/18/2017,LBB,TX,ASW,CE,Combined TRACON& Tower with Radar,35,26,31,0,92,0,25,54,0,79,35,51,85,0,171,0,0,0,171
02/19/2017,LBB,TX,ASW,CE,Combined TRACON& Tower with Radar,30,28,31,0,89,0,10,23,1,34,30,38,54,1,123,142,0,142,265
02/20/2017,LBB,TX,ASW,CE,Combined TRACON& Tower with Radar,35,20,43,6,104,0,18,37,2,57,35,38,80,8,161,56,4,60,221
02/21/2017,LBB,TX,ASW,CE,Combined TRACON& Tower with Radar,40,35,48,17,140,0,21,57,0,78,40,56,105,17,218,74,0,74,292
02/22/2017,LBB,TX,ASW,CE,Combined TRACON& Tower with Radar,40,37,31,5,113,0,35,39,1,75,40,72,70,6,188,90,34,124,312
02/23/2017,LBB,TX,ASW,CE,Combined TRACON& Tower with Radar,42,41,34,11,128,0,23,28,5,56,42,64,62,16,184,106,6,112,296
02/24/2017,LBB,TX,ASW,CE,Combined TRACON& Tower with Radar,41,38,38,23,140,0,21,35,2,58,41,59,73,25,198,54,34,88,286
02/25/2017,LBB,TX,ASW,CE,Combined TRACON& Tower with Radar,34,17,26,0,77,0,12,43,0,55,34,29,69,0,132,112,0,112,244
02/26/2017,LBB,TX,ASW,CE,Combined TRACON& Tower with Radar,29,18,36,3,86,0,14,32,1,47,29,32,68,4,133,18,0,18,151
02/27/2017,LBB,TX,ASW,CE,Combined TRACON& Tower with Radar,34,24,26,8,92,0,18,16,5,39,34,42,42,13,131,0,0,0,131
02/28/2017,LBB,TX,ASW,CE,Combined TRACON& Tower with Radar,41,37,36,28,142,0,7,11,2,20,41,44,47,30,162,44,0,44,206
03/01/2017,LBB,TX,ASW,CE,Combined TRACON& Tower with Radar,40,42,44,9,135,0,20,62,2,84,40,62,106,11,219,19,8,27,246
03/02/2017,LBB,TX,ASW,CE,Combined TRACON& Tower with Radar,40,41,32,4,117,0,26,46,9,81,40,67,78,13,198,94,0,94,292
03/03/2017,LBB,TX,ASW,CE,Combined TRACON& Tower with Radar,39,46,34,24,143,0,20,47,5,72,39,66,81,29,215,78,0,78,293
03/04/2017,LBB,TX,ASW,CE,Combined TRACON& Tower with Radar,33,27,23,5,88,0,27,33,0,60,33,54,56,5,148,30,14,44,192
03/05/2017,LBB,TX,ASW,CE,Combined TRACON& Tower with Radar,28,28,26,13,95,0,18,13,0,31,28,46,39,13,126,42,0,42,168
03/06/2017,LBB,TX,ASW,CE,Combined TRACON& Tower with Radar,32,28,38,11,109,0,10,6,0,16,32,38,44,11,125,32,0,32,157
03/07/2017,LBB,TX,ASW,CE,Combined TRACON& Tower with Radar,42,41,27,2,112,0,25,30,4,59,42,66,57,6,171,32,0,32,203
03/08/2017,LBB,TX,ASW,CE,Combined TRACON& Tower with Radar,40,50,51,20,161,0,12,31,1,44,40,62,82,21,205,6,0,6,211
03/09/2017,LBB,TX,ASW,CE,Combined TRACON& Tower with Radar,38,50,76,30,194,0,13,38,0,51,38,63,114,30,245,84,16,100,345
03/10/2017,LBB,TX,ASW,CE,Combined TRACON& Tower with Radar,39,53,52,69,213,0,12,37,2,51,39,65,89,71,264,120,0,120,384
03/11/2017,LBB,TX,ASW,CE,Combined TRACON& Tower with Radar,34,31,36,11,112,0,3,4,0,7,34,34,40,11,119,58,0,58,177
03/12/2017,LBB,TX,ASW,CE,Combined TRACON& Tower with Radar,30,16,37,37,120,0,5,15,1,21,30,21,52,38,141,52,26,78,219
03/13/2017,LBB,TX,ASW,CE,Combined TRACON& Tower with Radar,33,28,43,13,117,0,16,22,0,38,33,44,65,13,155,16,0,16,171
03/14/2017,LBB,TX,ASW,CE,Combined TRACON& Tower with Radar,42,36,25,6,109,0,22,53,0,75,42,58,78,6,184,60,0,60,244
03/15/2017,LBB,TX,ASW,CE,Combined TRACON& Tower with Radar,39,38,35,8,120,0,12,42,0,54,39,50,77,8,174,44,0,44,218
03/16/2017,LBB,TX,ASW,CE,Combined TRACON& Tower with Radar,43,38,32,62,175,0,13,31,1,45,43,51,63,63,220,0,108,108,328
03/17/2017,LBB,TX,ASW,CE,Combined TRACON& Tower with Radar,39,39,44,20,142,0,15,46,5,66,39,54,90,25,208,32,7,39,247
03/18/2017,LBB,TX,ASW,CE,Combined TRACON& Tower with Radar,32,27,43,0,102,0,21,24,0,45,32,48,67,0,147,46,0,46,193
03/19/2017,LBB,TX,ASW,CE,Combined TRACON& Tower with Radar,32,24,48,4,108,0,5,35,0,40,32,29,83,4,148,46,0,46,194
03/20/2017,LBB,TX,ASW,CE,Combined TRACON& Tower with Radar,31,25,34,20,110,0,17,49,1,67,31,42,83,21,177,46,0,46,223
03/21/2017,LBB,TX,ASW,CE,Combined TRACON& Tower with Radar,42,34,55,0,131,0,15,42,1,58,42,49,97,1,189,104,0,104,293
03/22/2017,LBB,TX,ASW,CE,Combined TRACON& Tower with Radar,39,40,46,4,129,0,13,31,2,46,39,53,77,6,175,104,0,104,279
03/23/2017,LBB,TX,ASW,CE,Combined TRACON& Tower with Radar,38,45,32,37,152,0,8,15,0,23,38,53,47,37,175,12,36,48,223
03/24/2017,LBB,TX,ASW,CE,Combined TRACON& Tower with Radar,40,46,26,8,120,0,4,10,0,14,40,50,36,8,134,0,0,0,134
03/25/2017,LBB,TX,ASW,CE,Combined TRACON& Tower with Radar,32,19,19,4,74,0,8,46,0,54,32,27,65,4,128,40,16,56,184
03/26/2017,LBB,TX,ASW,CE,Combined TRACON& Tower with Radar,32,23,16,3,74,0,10,16,1,27,32,33,32,4,101,0,0,0,101
03/27/2017,LBB,TX,ASW,CE,Combined TRACON& Tower with Radar,33,23,40,9,105,0,17,49,0,66,33,40,89,9,171,52,8,60,231
03/28/2017,LBB,TX,ASW,CE,Combined TRACON& Tower with Radar,36,49,29,3,117,0,2,7,0,9,36,51,36,3,126,0,0,0,126
03/29/2017,LBB,TX,ASW,CE,Combined TRACON& Tower with Radar,44,53,33,20,150,0,6,7,0,13,44,59,40,20,163,72,8,80,243
03/30/2017,LBB,TX,ASW,CE,Combined TRACON& Tower with Radar,40,46,62,3,151,0,9,66,1,76,40,55,128,4,227,124,0,124,351
03/31/2017,LBB,TX,ASW,CE,Combined TRACON& Tower with Radar,41,42,57,32,172,0,18,39,2,59,41,60,96,34,231,20,30,50,281
04/01/2017,LBB,TX,ASW,CE,Combined TRACON& Tower with Radar,32,40,31,0,103,0,1,2,0,3,32,41,33,0,106,18,0,18,124
04/02/2017,LBB,TX,ASW,CE,Combined TRACON& Tower with Radar,27,20,58,2,107,0,9,14,0,23,27,29,72,2,130,20,0,20,150
04/03/2017,LBB,TX,ASW,CE,Combined TRACON& Tower with Radar,31,21,39,21,112,0,13,52,3,68,31,34,91,24,180,2,42,44,224
04/04/2017,LBB,TX,ASW,CE,Combined TRACON& Tower with Radar,39,34,40,14,127,0,14,23,1,38,39,48,63,15,165,0,20,20,185
04/05/2017,LBB,TX,ASW,CE,Combined TRACON& Tower with Radar,36,33,39,4,112,0,16,60,12,88,36,49,99,16,200,18,0,18,218
04/06/2017,LBB,TX,ASW,CE,Combined TRACON& Tower with Radar,40,38,36,10,124,0,14,50,1,65,40,52,86,11,189,176,0,176,365
04/07/2017,LBB,TX,ASW,CE,Combined TRACON& Tower with Radar,39,37,53,0,129,0,28,44,0,72,39,65,97,0,201,52,0,52,253
04/08/2017,LBB,TX,ASW,CE,Combined TRACON& Tower with Radar,34,16,29,1,80,0,17,37,0,54,34,33,66,1,134,27,0,27,161
04/09/2017,LBB,TX,ASW,CE,Combined TRACON& Tower with Radar,29,21,32,15,97,0,11,21,1,33,29,32,53,16,130,2,22,24,154
04/10/2017,LBB,TX,ASW,CE,Combined TRACON& Tower with Radar,33,25,50,41,149,0,10,36,0,46,33,35,86,41,195,24,66,90,285
04/11/2017,LBB,TX,ASW,CE,Combined TRACON& Tower with Radar,41,34,41,48,164,0,23,57,1,81,41,57,98,49,245,48,32,80,325
04/12/2017,LBB,TX,ASW,CE,Combined TRACON& Tower with Radar,41,40,26,1,108,0,0,4,0,4,41,40,30,1,112,6,0,6,118
04/13/2017,LBB,TX,ASW,CE,Combined TRACON& Tower with Radar,41,56,64,30,191,0,13,9,0,22,41,69,73,30,213,0,8,8,221
04/14/2017,LBB,TX,ASW,CE,Combined TRACON& Tower with Radar,39,39,40,13,131,0,18,20,0,38,39,57,60,13,169,57,26,83,252
04/15/2017,LBB,TX,ASW,CE,Combined TRACON& Tower with Radar,32,24,32,0,88,0,11,40,0,51,32,35,72,0,139,0,0,0,139
04/16/2017,LBB,TX,ASW,CE,Combined TRACON& Tower with Radar,27,17,23,2,69,0,14,11,3,28,27,31,34,5,97,6,0,6,103
04/17/2017,LBB,TX,ASW,CE,Combined TRACON& Tower with Radar,40,38,42,51,171,0,21,30,7,58,40,59,72,58,229,46,50,96,325
04/18/2017,LBB,TX,ASW,CE,Combined TRACON& Tower with Radar,40,39,42,6,127,0,22,44,1,67,40,61,86,7,194,122,8,130,324
04/19/2017,LBB,TX,ASW,CE,Combined TRACON& Tower with Radar,40,41,42,9,132,0,16,35,4,55,40,57,77,13,187,68,0,68,255
04/20/2017,LBB,TX,ASW,CE,Combined TRACON& Tower with Radar,46,36,43,8,133,0,26,16,0,42,46,62,59,8,175,28,12,40,215
04/21/2017,LBB,TX,ASW,CE,Combined TRACON& Tower with Radar,40,49,46,28,163,0,9,24,0,33,40,58,70,28,196,14,12,26,222
04/22/2017,LBB,TX,ASW,CE,Combined TRACON& Tower with Radar,32,19,19,9,79,0,6,24,7,37,32,25,43,16,116,0,10,10,126
04/23/2017,LBB,TX,ASW,CE,Combined TRACON& Tower with Radar,31,18,38,1,88,0,16,45,0,61,31,34,83,1,149,6,0,6,155
04/24/2017,LBB,TX,ASW,CE,Combined TRACON& Tower with Radar,31,32,26,8,97,0,14,35,0,49,31,46,61,8,146,42,0,42,188
04/25/2017,LBB,TX,ASW,CE,Combined TRACON& Tower with Radar,40,29,31,37,137,0,17,41,4,62,40,46,72,41,199,14,16,30,229
04/26/2017,LBB,TX,ASW,CE,Combined TRACON& Tower with Radar,40,31,35,18,124,0,9,23,2,34,40,40,58,20,158,56,4,60,218
04/27/2017,LBB,TX,ASW,CE,Combined TRACON& Tower with Radar,38,43,27,25,133,0,16,24,2,42,38,59,51,27,175,82,16,98,273
04/28/2017,LBB,TX,ASW,CE,Combined TRACON& Tower with Radar,40,48,46,47,181,0,14,50,2,66,40,62,96,49,247,30,6,36,283
04/29/2017,LBB,TX,ASW,CE,Combined TRACON& Tower with Radar,28,17,13,27,85,0,1,11,0,12,28,18,24,27,97,0,0,0,97
04/30/2017,LBB,TX,ASW,CE,Combined TRACON& Tower with Radar,28,17,41,4,90,0,5,15,2,22,28,22,56,6,112,0,0,0,112
05/01/2017,LBB,TX,ASW,CE,Combined TRACON& Tower with Radar,37,22,35,9,103,0,14,56,0,70,37,36,91,9,173,26,0,26,199
05/02/2017,LBB,TX,ASW,CE,Combined TRACON& Tower with Radar,40,38,36,15,129,0,21,39,3,63,40,59,75,18,192,16,0,16,208
05/03/2017,LBB,TX,ASW,CE,Combined TRACON& Tower with Radar,37,32,32,70,171,0,17,32,3,52,37,49,64,73,223,126,48,174,397
05/04/2017,LBB,TX,ASW,CE,Combined TRACON& Tower with Radar,41,37,35,4,117,0,19,52,3,74,41,56,87,7,191,42,0,42,233
05/05/2017,LBB,TX,ASW,CE,Combined TRACON& Tower with Radar,38,38,29,30,135,0,21,42,2,65,38,59,71,32,200,34,8,42,242
05/06/2017,LBB,TX,ASW,CE,Combined TRACON& Tower with Radar,28,19,29,0,76,0,25,69,1,95,28,44,98,1,171,108,0,108,279
05/07/2017,LBB,TX,ASW,CE,Combined TRACON& Tower with Radar,27,16,26,0,69,0,10,23,3,36,27,26,49,3,105,68,0,68,173
05/08/2017,LBB,TX,ASW,CE,Combined TRACON& Tower with Radar,0,0,0,0,0,0,0,0,0,0,0,0,0,0,0,10,0,10,10
05/09/2017,LBB,TX,ASW,CE,Combined TRACON& Tower with Radar,39,42,31,22,134,0,4,7,3,14,39,46,38,25,148,0,42,42,190
05/10/2017,LBB,TX,ASW,CE,Combined TRACON& Tower with Radar,40,43,72,13,168,0,9,22,1,32,40,52,94,14,200,80,4,84,284
05/11/2017,LBB,TX,ASW,CE,Combined TRACON& Tower with Radar,43,38,34,99,214,0,12,36,4,52,43,50,70,103,266,70,54,124,390
05/12/2017,LBB,TX,ASW,CE,Combined TRACON& Tower with Radar,36,38,47,11,132,0,20,63,4,87,36,58,110,15,219,74,0,74,293
05/13/2017,LBB,TX,ASW,CE,Combined TRACON& Tower with Radar,31,23,28,1,83,0,27,62,0,89,31,50,90,1,172,94,26,120,292
05/14/2017,LBB,TX,ASW,CE,Combined TRACON& Tower with Radar,31,18,45,11,105,0,16,36,6,58,31,34,81,17,163,6,0,6,169
05/15/2017,LBB,TX,ASW,CE,Combined TRACON& Tower with Radar,31,22,50,2,105,0,12,30,2,44,31,34,80,4,149,32,0,32,181
05/16/2017,LBB,TX,ASW,CE,Combined TRACON& Tower with Radar,37,41,45,1,124,0,6,25,0,31,37,47,70,1,155,0,0,0,155
05/17/2017,LBB,TX,ASW,CE,Combined TRACON& Tower with Radar,39,40,47,5,131,0,14,22,1,37,39,54,69,6,168,0,0,0,168
05/18/2017,LBB,TX,ASW,CE,Combined TRACON& Tower with Radar,39,41,34,25,139,0,31,17,4,52,39,72,51,29,191,76,0,76,267
05/19/2017,LBB,TX,ASW,CE,Combined TRACON& Tower with Radar,34,51,33,4,122,0,12,25,5,42,34,63,58,9,164,54,4,58,222
05/20/2017,LBB,TX,ASW,CE,Combined TRACON& Tower with Radar,29,22,42,0,93,0,8,53,0,61,29,30,95,0,154,108,0,108,262
05/21/2017,LBB,TX,ASW,CE,Combined TRACON& Tower with Radar,27,24,41,9,101,0,0,33,2,35,27,24,74,11,136,86,0,86,222
05/22/2017,LBB,TX,ASW,CE,Combined TRACON& Tower with Radar,30,28,48,1,107,0,3,15,0,18,30,31,63,1,125,32,0,32,157
05/23/2017,LBB,TX,ASW,CE,Combined TRACON& Tower with Radar,38,48,53,27,166,0,7,17,3,27,38,55,70,30,193,8,4,12,205
05/24/2017,LBB,TX,ASW,CE,Combined TRACON& Tower with Radar,38,41,43,8,130,0,19,50,0,69,38,60,93,8,199,10,0,10,209
05/25/2017,LBB,TX,ASW,CE,Combined TRACON& Tower with Radar,39,44,38,9,130,0,21,31,1,53,39,65,69,10,183,16,0,16,199
05/26/2017,LBB,TX,ASW,CE,Combined TRACON& Tower with Radar,38,32,37,0,107,0,15,30,7,52,38,47,67,7,159,22,0,22,181
05/27/2017,LBB,TX,ASW,CE,Combined TRACON& Tower with Radar,29,20,17,0,66,0,5,34,3,42,29,25,51,3,108,0,0,0,108
05/28/2017,LBB,TX,ASW,CE,Combined TRACON& Tower with Radar,24,11,11,0,46,0,15,19,4,38,24,26,30,4,84,0,0,0,84
05/29/2017,LBB,TX,ASW,CE,Combined TRACON& Tower with Radar,29,14,42,0,85,0,12,35,0,47,29,26,77,0,132,34,0,34,166
05/30/2017,LBB,TX,ASW,CE,Combined TRACON& Tower with Radar,35,45,38,31,149,0,16,48,2,66,35,61,86,33,215,18,9,27,242
05/31/2017,LBB,TX,ASW,CE,Combined TRACON& Tower with Radar,41,46,34,17,138,0,17,32,0,49,41,63,66,17,187,36,12,48,235
06/01/2017,LBB,TX,ASW,CE,Combined TRACON& Tower with Radar,39,47,41,11,138,0,12,27,0,39,39,59,68,11,177,84,4,88,265
06/02/2017,LBB,TX,ASW,CE,Combined TRACON& Tower with Radar,34,52,38,23,147,0,3,18,0,21,34,55,56,23,168,0,0,0,168
06/03/2017,LBB,TX,ASW,CE,Combined TRACON& Tower with Radar,38,34,41,1,114,0,4,22,0,26,38,38,63,1,140,26,2,28,168
06/04/2017,LBB,TX,ASW,CE,Combined TRACON& Tower with Radar,43,39,37,20,139,0,5,16,1,22,43,44,53,21,161,0,0,0,161
06/05/2017,LBB,TX,ASW,CE,Combined TRACON& Tower with Radar,26,37,22,3,88,0,13,45,1,59,26,50,67,4,147,90,0,90,237
06/06/2017,LBB,TX,ASW,CE,Combined TRACON& Tower with Radar,41,41,16,0,98,0,22,32,0,54,41,63,48,0,152,0,0,0,152
06/07/2017,LBB,TX,ASW,CE,Combined TRACON& Tower with Radar,40,36,29,21,126,0,6,25,0,31,40,42,54,21,157,6,0,6,163
06/08/2017,LBB,TX,ASW,CE,Combined TRACON& Tower with Radar,40,40,19,13,112,0,12,25,1,38,40,52,44,14,150,44,50,94,244
06/09/2017,LBB,TX,ASW,CE,Combined TRACON& Tower with Radar,38,37,33,37,145,0,6,33,2,41,38,43,66,39,186,16,26,42,228
06/10/2017,LBB,TX,ASW,CE,Combined TRACON& Tower with Radar,30,23,15,0,68,0,14,37,1,52,30,37,52,1,120,0,16,16,136
06/11/2017,LBB,TX,ASW,CE,Combined TRACON& Tower with Radar,29,19,40,5,93,0,19,37,3,59,29,38,77,8,152,0,0,0,152
06/12/2017,LBB,TX,ASW,CE,Combined TRACON& Tower with Radar,41,29,27,5,102,0,10,37,0,47,41,39,64,5,149,0,0,0,149
06/13/2017,LBB,TX,ASW,CE,Combined TRACON& Tower with Radar,42,39,31,35,147,0,13,38,4,55,42,52,69,39,202,16,42,58,260
06/14/2017,LBB,TX,ASW,CE,Combined TRACON& Tower with Radar,39,49,46,47,181,0,10,43,1,54,39,59,89,48,235,0,0,0,235
06/15/2017,LBB,TX,ASW,CE,Combined TRACON& Tower with Radar,41,38,24,14,117,0,20,40,0,60,41,58,64,14,177,24,0,24,201
06/16/2017,LBB,TX,ASW,CE,Combined TRACON& Tower with Radar,38,41,37,1,117,0,19,31,5,55,38,60,68,6,172,30,0,30,202
06/17/2017,LBB,TX,ASW,CE,Combined TRACON& Tower with Radar,30,22,20,15,87,0,19,31,6,56,30,41,51,21,143,42,0,42,185
06/18/2017,LBB,TX,ASW,CE,Combined TRACON& Tower with Radar,34,16,38,0,88,0,9,14,0,23,34,25,52,0,111,0,0,0,111
06/19/2017,LBB,TX,ASW,CE,Combined TRACON& Tower with Radar,24,22,58,4,108,0,8,14,0,22,24,30,72,4,130,26,0,26,156
06/20/2017,LBB,TX,ASW,CE,Combined TRACON& Tower with Radar,40,46,38,17,141,0,18,44,2,64,40,64,82,19,205,68,20,88,293
06/21/2017,LBB,TX,ASW,CE,Combined TRACON& Tower with Radar,45,38,28,11,122,0,7,37,4,48,45,45,65,15,170,54,0,54,224
06/22/2017,LBB,TX,ASW,CE,Combined TRACON& Tower with Radar,41,47,41,15,144,0,14,32,9,55,41,61,73,24,199,58,26,84,283
06/23/2017,LBB,TX,ASW,CE,Combined TRACON& Tower with Radar,44,41,50,52,187,0,15,25,5,45,44,56,75,57,232,40,0,40,272
06/24/2017,LBB,TX,ASW,CE,Combined TRACON& Tower with Radar,28,29,19,12,88,0,11,9,1,21,28,40,28,13,109,0,0,0,109
06/25/2017,LBB,TX,ASW,CE,Combined TRACON& Tower with Radar,32,34,22,2,90,0,2,12,0,14,32,36,34,2,104,0,0,0,104
06/26/2017,LBB,TX,ASW,CE,Combined TRACON& Tower with Radar,33,25,37,10,105,0,9,27,2,38,33,34,64,12,143,88,36,124,267
06/27/2017,LBB,TX,ASW,CE,Combined TRACON& Tower with Radar,39,47,40,11,137,0,11,40,5,56,39,58,80,16,193,50,0,50,243
06/28/2017,LBB,TX,ASW,CE,Combined TRACON& Tower with Radar,39,47,38,22,146,0,25,39,0,64,39,72,77,22,210,4,50,54,264
06/29/2017,LBB,TX,ASW,CE,Combined TRACON& Tower with Radar,41,39,31,4,115,0,19,45,5,69,41,58,76,9,184,10,8,18,202
06/30/2017,LBB,TX,ASW,CE,Combined TRACON& Tower with Radar,39,39,49,33,160,0,20,36,4,60,39,59,85,37,220,12,22,34,254
07/01/2017,LBB,TX,ASW,CE,Combined TRACON& Tower with Radar,30,28,25,0,83,0,14,36,0,50,30,42,61,0,133,0,0,0,133
07/02/2017,LBB,TX,ASW,CE,Combined TRACON& Tower with Radar,29,18,26,1,74,0,16,28,0,44,29,34,54,1,118,28,0,28,146
07/03/2017,LBB,TX,ASW,CE,Combined TRACON& Tower with Radar,30,16,21,0,67,0,2,18,0,20,30,18,39,0,87,6,0,6,93
07/04/2017,LBB,TX,ASW,CE,Combined TRACON& Tower with Radar,20,20,14,1,55,0,17,35,0,52,20,37,49,1,107,12,0,12,119
07/05/2017,LBB,TX,ASW,CE,Combined TRACON& Tower with Radar,39,39,27,8,113,0,12,18,4,34,39,51,45,12,147,0,0,0,147
07/06/2017,LBB,TX,ASW,CE,Combined TRACON& Tower with Radar,41,47,24,21,133,0,17,34,1,52,41,64,58,22,185,32,0,32,217
07/07/2017,LBB,TX,ASW,CE,Combined TRACON& Tower with Radar,38,47,28,15,128,0,18,32,0,50,38,65,60,15,178,48,0,48,226
07/08/2017,LBB,TX,ASW,CE,Combined TRACON& Tower with Radar,32,27,33,2,94,0,13,54,0,67,32,40,87,2,161,56,0,56,217
07/09/2017,LBB,TX,ASW,CE,Combined TRACON& Tower with Radar,29,19,18,18,84,0,14,38,3,55,29,33,56,21,139,20,16,36,175
07/10/2017,LBB,TX,ASW,CE,Combined TRACON& Tower with Radar,32,25,30,33,120,0,19,41,2,62,32,44,71,35,182,2,8,10,192
07/11/2017,LBB,TX,ASW,CE,Combined TRACON& Tower with Radar,43,35,18,61,157,0,8,45,1,54,43,43,63,62,211,17,56,73,284
07/12/2017,LBB,TX,ASW,CE,Combined TRACON& Tower with Radar,42,41,29,40,152,0,27,67,22,116,42,68,96,62,268,0,0,0,268
07/13/2017,LBB,TX,ASW,CE,Combined TRACON& Tower with Radar,39,38,42,32,151,0,16,47,5,68,39,54,89,37,219,22,8,30,249
07/14/2017,LBB,TX,ASW,CE,Combined TRACON& Tower with Radar,39,40,40,13,132,0,25,57,0,82,39,65,97,13,214,16,0,16,230
07/15/2017,LBB,TX,ASW,CE,Combined TRACON& Tower with Radar,30,21,28,6,85,0,9,36,0,45,30,30,64,6,130,16,16,32,162
07/16/2017,LBB,TX,ASW,CE,Combined TRACON& Tower with Radar,29,19,23,2,73,0,9,41,7,57,29,28,64,9,130,0,0,0,130
07/17/2017,LBB,TX,ASW,CE,Combined TRACON& Tower with Radar,33,22,34,13,102,0,7,39,1,47,33,29,73,14,149,8,12,20,169
07/18/2017,LBB,TX,ASW,CE,Combined TRACON& Tower with Radar,41,41,43,4,129,0,19,41,0,60,41,60,84,4,189,34,4,38,227
07/19/2017,LBB,TX,ASW,CE,Combined TRACON& Tower with Radar,40,44,52,9,145,0,10,32,0,42,40,54,84,9,187,14,12,26,213
07/20/2017,LBB,TX,ASW,CE,Combined TRACON& Tower with Radar,40,44,50,9,143,0,24,29,6,59,40,68,79,15,202,72,24,96,298
07/21/2017,LBB,TX,ASW,CE,Combined TRACON& Tower with Radar,39,41,42,60,182,0,16,39,0,55,39,57,81,60,237,18,50,68,305
07/22/2017,LBB,TX,ASW,CE,Combined TRACON& Tower with Radar,34,22,19,0,75,0,16,45,1,62,34,38,64,1,137,54,0,54,191
07/23/2017,LBB,TX,ASW,CE,Combined TRACON& Tower with Radar,33,14,35,24,106,0,11,30,1,42,33,25,65,25,148,26,0,26,174
07/24/2017,LBB,TX,ASW,CE,Combined TRACON& Tower with Radar,34,24,35,16,109,0,17,31,5,53,34,41,66,21,162,30,0,30,192
07/25/2017,LBB,TX,ASW,CE,Combined TRACON& Tower with Radar,42,45,42,5,134,0,24,52,4,80,42,69,94,9,214,60,0,60,274
07/26/2017,LBB,TX,ASW,CE,Combined TRACON& Tower with Radar,39,53,33,11,136,0,11,44,0,55,39,64,77,11,191,0,0,0,191
07/27/2017,LBB,TX,ASW,CE,Combined TRACON& Tower with Radar,42,44,47,29,162,0,13,39,3,55,42,57,86,32,217,52,64,116,333
07/28/2017,LBB,TX,ASW,CE,Combined TRACON& Tower with Radar,34,48,36,26,144,0,15,65,6,86,34,63,101,32,230,76,0,76,306
07/29/2017,LBB,TX,ASW,CE,Combined TRACON& Tower with Radar,30,24,36,3,93,0,14,42,4,60,30,38,78,7,153,78,0,78,231
07/30/2017,LBB,TX,ASW,CE,Combined TRACON& Tower with Radar,30,12,32,1,75,0,10,25,4,39,30,22,57,5,114,4,0,4,118
07/31/2017,LBB,TX,ASW,CE,Combined TRACON& Tower with Radar,31,30,27,5,93,0,4,7,0,11,31,34,34,5,104,4,0,4,108
08/01/2017,LBB,TX,ASW,CE,Combined TRACON& Tower with Radar,41,51,30,13,135,0,1,16,0,17,41,52,46,13,152,24,0,24,176
08/02/2017,LBB,TX,ASW,CE,Combined TRACON& Tower with Radar,40,41,24,31,136,0,10,32,3,45,40,51,56,34,181,52,48,100,281
08/03/2017,LBB,TX,ASW,CE,Combined TRACON& Tower with Radar,39,35,46,26,146,0,5,40,1,46,39,40,86,27,192,144,36,180,372
08/04/2017,LBB,TX,ASW,CE,Combined TRACON& Tower with Radar,38,38,50,19,145,0,10,34,2,46,38,48,84,21,191,2,40,42,233
08/05/2017,LBB,TX,ASW,CE,Combined TRACON& Tower with Radar,31,24,20,0,75,0,10,29,0,39,31,34,49,0,114,20,0,20,134
08/06/2017,LBB,TX,ASW,CE,Combined TRACON& Tower with Radar,27,15,35,0,77,0,17,42,1,60,27,32,77,1,137,26,6,32,169
08/07/2017,LBB,TX,ASW,CE,Combined TRACON& Tower with Radar,32,35,41,12,120,0,3,9,0,12,32,38,50,12,132,14,0,14,146
08/08/2017,LBB,TX,ASW,CE,Combined TRACON& Tower with Radar,41,41,42,0,124,0,8,18,0,26,41,49,60,0,150,36,0,36,186
08/09/2017,LBB,TX,ASW,CE,Combined TRACON& Tower with Radar,40,61,52,2,155,0,18,32,1,51,40,79,84,3,206,48,0,48,254
08/10/2017,LBB,TX,ASW,CE,Combined TRACON& Tower with Radar,38,42,44,1,125,0,7,36,0,43,38,49,80,1,168,120,0,120,288
08/11/2017,LBB,TX,ASW,CE,Combined TRACON& Tower with Radar,39,42,50,31,162,0,12,48,0,60,39,54,98,31,222,60,12,72,294
08/12/2017,LBB,TX,ASW,CE,Combined TRACON& Tower with Radar,32,29,27,3,91,0,3,21,0,24,32,32,48,3,115,0,0,0,115
08/13/2017,LBB,TX,ASW,CE,Combined TRACON& Tower with Radar,38,23,81,1,143,0,3,25,0,28,38,26,106,1,171,0,0,0,171
08/14/2017,LBB,TX,ASW,CE,Combined TRACON& Tower with Radar,32,26,20,18,96,0,12,25,4,41,32,38,45,22,137,36,50,86,223
08/15/2017,LBB,TX,ASW,CE,Combined TRACON& Tower with Radar,41,38,25,1,105,0,12,27,0,39,41,50,52,1,144,40,0,40,184
08/16/2017,LBB,TX,ASW,CE,Combined TRACON& Tower with Radar,41,37,49,27,154,0,11,57,1,69,41,48,106,28,223,40,8,48,271
08/17/2017,LBB,TX,ASW,CE,Combined TRACON& Tower with Radar,41,45,58,4,148,0,15,54,1,70,41,60,112,5,218,68,0,68,286
08/18/2017,LBB,TX,ASW,CE,Combined TRACON& Tower with Radar,39,40,41,8,128,0,16,39,0,55,39,56,80,8,183,32,14,46,229
08/19/2017,LBB,TX,ASW,CE,Combined TRACON& Tower with Radar,31,29,32,0,92,0,17,56,2,75,31,46,88,2,167,0,0,0,167
08/20/2017,LBB,TX,ASW,CE,Combined TRACON& Tower with Radar,31,19,40,23,113,0,8,44,3,55,31,27,84,26,168,0,0,0,168
08/21/2017,LBB,TX,ASW,CE,Combined TRACON& Tower with Radar,32,25,41,0,98,0,2,27,2,31,32,27,68,2,129,13,10,23,152
08/22/2017,LBB,TX,ASW,CE,Combined TRACON& Tower with Radar,40,39,50,3,132,0,6,21,1,28,40,45,71,4,160,38,0,38,198
08/23/2017,LBB,TX,ASW,CE,Combined TRACON& Tower with Radar,39,45,53,17,154,0,16,30,2,48,39,61,83,19,202,38,4,42,244
08/24/2017,LBB,TX,ASW,CE,Combined TRACON& Tower with Radar,42,58,45,10,155,0,3,9,3,15,42,61,54,13,170,24,0,24,194
08/25/2017,LBB,TX,ASW,CE,Combined TRACON& Tower with Radar,38,48,41,10,137,0,2,14,3,19,38,50,55,13,156,46,0,46,202
08/26/2017,LBB,TX,ASW,CE,Combined TRACON& Tower with Radar,28,28,21,11,88,0,6,14,5,25,28,34,35,16,113,0,0,0,113
08/27/2017,LBB,TX,ASW,CE,Combined TRACON& Tower with Radar,30,15,45,11,101,0,13,46,1,60,30,28,91,12,161,26,4,30,191
08/28/2017,LBB,TX,ASW,CE,Combined TRACON& Tower with Radar,32,19,37,1,89,0,17,23,3,43,32,36,60,4,132,2,0,2,134
08/29/2017,LBB,TX,ASW,CE,Combined TRACON& Tower with Radar,40,31,32,14,117,0,9,46,0,55,40,40,78,14,172,36,42,78,250
08/30/2017,LBB,TX,ASW,CE,Combined TRACON& Tower with Radar,40,27,37,0,104,0,14,37,0,51,40,41,74,0,155,28,0,28,183
08/31/2017,LBB,TX,ASW,CE,Combined TRACON& Tower with Radar,39,28,36,0,103,0,9,55,6,70,39,37,91,6,173,40,0,40,213
09/01/2017,LBB,TX,ASW,CE,Combined TRACON& Tower with Radar,41,31,47,2,121,0,24,57,3,84,41,55,104,5,205,94,0,94,299
09/02/2017,LBB,TX,ASW,CE,Combined TRACON& Tower with Radar,28,16,43,2,89,0,16,49,1,66,28,32,92,3,155,32,0,32,187
09/03/2017,LBB,TX,ASW,CE,Combined TRACON& Tower with Radar,21,8,17,0,46,0,13,44,0,57,21,21,61,0,103,0,0,0,103
09/04/2017,LBB,TX,ASW,CE,Combined TRACON& Tower with Radar,30,13,50,0,93,0,8,35,0,43,30,21,85,0,136,64,0,64,200
09/05/2017,LBB,TX,ASW,CE,Combined TRACON& Tower with Radar,35,29,22,16,102,0,10,24,5,39,35,39,46,21,141,48,20,68,209
09/06/2017,LBB,TX,ASW,CE,Combined TRACON& Tower with Radar,39,40,50,11,140,0,24,39,1,64,39,64,89,12,204,48,68,116,320
09/07/2017,LBB,TX,ASW,CE,Combined TRACON& Tower with Radar,39,44,45,17,145,0,29,18,4,51,39,73,63,21,196,78,6,84,280
09/08/2017,LBB,TX,ASW,CE,Combined TRACON& Tower with Radar,38,35,36,35,144,0,25,45,1,71,38,60,81,36,215,0,0,0,215
09/09/2017,LBB,TX,ASW,CE,Combined TRACON& Tower with Radar,30,18,13,0,61,0,16,82,2,100,30,34,95,2,161,16,0,16,177
09/10/2017,LBB,TX,ASW,CE,Combined TRACON& Tower with Radar,27,21,29,20,97,0,28,36,4,68,27,49,65,24,165,0,0,0,165
09/11/2017,LBB,TX,ASW,CE,Combined TRACON& Tower with Radar,31,29,29,6,95,0,11,45,5,61,31,40,74,11,156,32,20,52,208
09/12/2017,LBB,TX,ASW,CE,Combined TRACON& Tower with Radar,40,41,30,22,133,0,19,39,3,61,40,60,69,25,194,62,50,112,306
09/13/2017,LBB,TX,ASW,CE,Combined TRACON& Tower with Radar,42,35,39,14,130,0,9,43,0,52,42,44,82,14,182,62,22,84,266
09/14/2017,LBB,TX,ASW,CE,Combined TRACON& Tower with Radar,39,48,49,36,172,0,11,34,2,47,39,59,83,38,219,14,100,114,333
09/15/2017,LBB,TX,ASW,CE,Combined TRACON& Tower with Radar,42,44,51,14,151,0,10,30,8,48,42,54,81,22,199,16,0,16,215
09/16/2017,LBB,TX,ASW,CE,Combined TRACON& Tower with Radar,33,20,39,4,96,0,7,32,3,42,33,27,71,7,138,30,12,42,180
09/17/2017,LBB,TX,ASW,CE,Combined TRACON& Tower with Radar,29,20,47,7,103,0,5,25,2,32,29,25,72,9,135,34,0,34,169
09/18/2017,LBB,TX,ASW,CE,Combined TRACON& Tower with Radar,32,29,34,13,108,0,17,29,0,46,32,46,63,13,154,58,20,78,232
09/19/2017,LBB,TX,ASW,CE,Combined TRACON& Tower with Radar,47,42,67,3,159,0,14,47,0,61,47,56,114,3,220,20,16,36,256
09/20/2017,LBB,TX,ASW,CE,Combined TRACON& Tower with Radar,40,38,30,8,116,0,22,35,4,61,40,60,65,12,177,56,0,56,233
09/21/2017,LBB,TX,ASW,CE,Combined TRACON& Tower with Radar,42,37,55,68,202,0,24,45,4,73,42,61,100,72,275,88,156,244,519
09/22/2017,LBB,TX,ASW,CE,Combined TRACON& Tower with Radar,41,44,50,21,156,0,22,38,2,62,41,66,88,23,218,26,44,70,288
09/23/2017,LBB,TX,ASW,CE,Combined TRACON& Tower with Radar,33,15,39,2,89,0,10,13,0,23,33,25,52,2,112,0,0,0,112
09/24/2017,LBB,TX,ASW,CE,Combined TRACON& Tower with Radar,30,16,47,1,94,0,0,1,0,1,30,16,48,1,95,26,0,26,121
09/25/2017,LBB,TX,ASW,CE,Combined TRACON& Tower with Radar,32,27,18,2,79,0,0,3,0,3,32,27,21,2,82,8,0,8,90
09/26/2017,LBB,TX,ASW,CE,Combined TRACON& Tower with Radar,40,43,30,3,116,0,0,0,0,0,40,43,30,3,116,0,0,0,116
09/27/2017,LBB,TX,ASW,CE,Combined TRACON& Tower with Radar,40,45,29,2,116,0,0,1,0,1,40,45,30,2,117,0,0,0,117
09/28/2017,LBB,TX,ASW,CE,Combined TRACON& Tower with Radar,39,47,32,0,118,0,0,0,0,0,39,47,32,0,118,0,0,0,118
09/29/2017,LBB,TX,ASW,CE,Combined TRACON& Tower with Radar,40,58,72,0,170,0,0,10,0,10,40,58,82,0,180,0,0,0,180
09/30/2017,LBB,TX,ASW,CE,Combined TRACON& Tower with Radar,32,34,64,1,131,0,0,0,0,0,32,34,64,1,131,48,0,48,179
10/01/2017,LBB,TX,ASW,CE,Combined TRACON& Tower with Radar,29,23,101,1,154,0,4,13,0,17,29,27,114,1,171,0,0,0,171
10/02/2017,LBB,TX,ASW,CE,Combined TRACON& Tower with Radar,32,25,51,6,114,0,6,34,0,40,32,31,85,6,154,6,0,6,160
10/03/2017,LBB,TX,ASW,CE,Combined TRACON& Tower with Radar,40,40,40,29,149,0,3,2,1,6,40,43,42,30,155,36,6,42,197
10/04/2017,LBB,TX,ASW,CE,Combined TRACON& Tower with Radar,40,46,35,17,138,0,13,15,0,28,40,59,50,17,166,20,10,30,196
10/05/2017,LBB,TX,ASW,CE,Combined TRACON& Tower with Radar,42,40,42,0,124,0,5,15,0,20,42,45,57,0,144,104,0,104,248
10/06/2017,LBB,TX,ASW,CE,Combined TRACON& Tower with Radar,41,51,49,6,147,0,5,34,0,39,41,56,83,6,186,58,10,68,254
10/07/2017,LBB,TX,ASW,CE,Combined TRACON& Tower with Radar,33,24,30,0,87,0,11,39,1,51,33,35,69,1,138,20,0,20,158
10/08/2017,LBB,TX,ASW,CE,Combined TRACON& Tower with Radar,27,20,43,0,90,0,6,44,0,50,27,26,87,0,140,0,0,0,140
10/09/2017,LBB,TX,ASW,CE,Combined TRACON& Tower with Radar,32,19,37,9,97,0,8,21,0,29,32,27,58,9,126,8,16,24,150
10/10/2017,LBB,TX,ASW,CE,Combined TRACON& Tower with Radar,37,47,35,18,137,0,12,25,1,38,37,59,60,19,175,16,18,34,209
10/11/2017,LBB,TX,ASW,CE,Combined TRACON& Tower with Radar,40,46,37,6,129,0,16,41,5,62,40,62,78,11,191,98,8,106,297
10/12/2017,LBB,TX,ASW,CE,Combined TRACON& Tower with Radar,40,48,48,12,148,0,20,53,0,73,40,68,101,12,221,114,0,114,335
10/13/2017,LBB,TX,ASW,CE,Combined TRACON& Tower with Radar,44,45,27,33,149,0,15,50,2,67,44,60,77,35,216,78,18,96,312
10/14/2017,LBB,TX,ASW,CE,Combined TRACON& Tower with Radar,31,16,25,5,77,0,14,46,5,65,31,30,71,10,142,86,0,86,228
10/15/2017,LBB,TX,ASW,CE,Combined TRACON& Tower with Radar,30,14,36,25,105,0,6,24,4,34,30,20,60,29,139,56,0,56,195
10/16/2017,LBB,TX,ASW,CE,Combined TRACON& Tower with Radar,32,24,33,16,105,0,12,36,3,51,32,36,69,19,156,54,14,68,224
10/17/2017,LBB,TX,ASW,CE,Combined TRACON& Tower with Radar,39,40,31,7,117,0,19,42,3,64,39,59,73,10,181,17,0,17,198
10/18/2017,LBB,TX,ASW,CE,Combined TRACON& Tower with Radar,39,39,40,0,118,0,16,42,2,60,39,55,82,2,178,100,66,166,344
10/19/2017,LBB,TX,ASW,CE,Combined TRACON& Tower with Radar,40,37,49,31,157,0,15,71,0,86,40,52,120,31,243,34,0,34,277
10/20/2017,LBB,TX,ASW,CE,Combined TRACON& Tower with Radar,40,47,46,65,198,0,8,35,5,48,40,55,81,70,246,46,6,52,298
10/21/2017,LBB,TX,ASW,CE,Combined TRACON& Tower with Radar,32,28,50,6,116,0,3,26,4,33,32,31,76,10,149,88,8,96,245
10/22/2017,LBB,TX,ASW,CE,Combined TRACON& Tower with Radar,28,28,47,12,115,0,16,66,7,89,28,44,113,19,204,96,10,106,310
10/23/2017,LBB,TX,ASW,CE,Combined TRACON& Tower with Radar,32,22,22,34,110,0,18,35,2,55,32,40,57,36,165,34,26,60,225
10/24/2017,LBB,TX,ASW,CE,Combined TRACON& Tower with Radar,38,39,35,32,144,0,20,39,4,63,38,59,74,36,207,19,12,31,238
10/25/2017,LBB,TX,ASW,CE,Combined TRACON& Tower with Radar,39,39,32,46,156,0,19,41,5,65,39,58,73,51,221,120,56,176,397
10/26/2017,LBB,TX,ASW,CE,Combined TRACON& Tower with Radar,41,39,37,25,142,0,18,37,1,56,41,57,74,26,198,32,26,58,256
10/27/2017,LBB,TX,ASW,CE,Combined TRACON& Tower with Radar,40,47,51,45,183,0,19,39,4,62,40,66,90,49,245,34,46,80,325
10/28/2017,LBB,TX,ASW,CE,Combined TRACON& Tower with Radar,30,21,33,7,91,0,9,39,11,59,30,30,72,18,150,40,0,40,190
10/29/2017,LBB,TX,ASW,CE,Combined TRACON& Tower with Radar,34,24,51,3,112,0,27,38,0,65,34,51,89,3,177,38,8,46,223
10/30/2017,LBB,TX,ASW,CE,Combined TRACON& Tower with Radar,32,31,22,1,86,0,14,20,4,38,32,45,42,5,124,16,0,16,140
10/31/2017,LBB,TX,ASW,CE,Combined TRACON& Tower with Radar,36,39,36,49,160,0,15,19,4,38,36,54,55,53,198,0,48,48,246
11/01/2017,LBB,TX,ASW,CE,Combined TRACON& Tower with Radar,42,37,32,16,127,0,16,24,2,42,42,53,56,18,169,134,100,234,403
11/02/2017,LBB,TX,ASW,CE,Combined TRACON& Tower with Radar,39,46,31,18,134,0,17,38,11,66,39,63,69,29,200,116,36,152,352
11/03/2017,LBB,TX,ASW,CE,Combined TRACON& Tower with Radar,41,40,52,87,220,0,17,44,4,65,41,57,96,91,285,22,18,40,325
11/04/2017,LBB,TX,ASW,CE,Combined TRACON& Tower with Radar,31,22,54,31,138,0,5,51,8,64,31,27,105,39,202,70,8,78,280
11/05/2017,LBB,TX,ASW,CE,Combined TRACON& Tower with Radar,28,14,40,2,84,0,16,36,1,53,28,30,76,3,137,80,0,80,217
11/06/2017,LBB,TX,ASW,CE,Combined TRACON& Tower with Radar,34,24,38,5,101,0,9,37,1,47,34,33,75,6,148,28,16,44,192
11/07/2017,LBB,TX,ASW,CE,Combined TRACON& Tower with Radar,45,39,58,2,144,0,15,21,0,36,45,54,79,2,180,16,0,16,196
11/08/2017,LBB,TX,ASW,CE,Combined TRACON& Tower with Radar,39,32,37,36,144,0,4,28,22,54,39,36,65,58,198,0,18,18,216
11/09/2017,LBB,TX,ASW,CE,Combined TRACON& Tower with Radar,41,49,52,34,176,0,7,26,0,33,41,56,78,34,209,0,28,28,237
11/10/2017,LBB,TX,ASW,CE,Combined TRACON& Tower with Radar,41,53,64,0,158,0,0,4,0,4,41,53,68,0,162,0,0,0,162
11/11/2017,LBB,TX,ASW,CE,Combined TRACON& Tower with Radar,30,25,45,0,100,0,7,21,2,30,30,32,66,2,130,4,0,4,134
11/12/2017,LBB,TX,ASW,CE,Combined TRACON& Tower with Radar,31,26,33,0,90,0,0,3,0,3,31,26,36,0,93,22,0,22,115
11/13/2017,LBB,TX,ASW,CE,Combined TRACON& Tower with Radar,32,39,39,0,110,0,0,1,0,1,32,39,40,0,111,20,0,20,131
11/14/2017,LBB,TX,ASW,CE,Combined TRACON& Tower with Radar,38,32,50,26,146,0,12,44,9,65,38,44,94,35,211,30,26,56,267
11/15/2017,LBB,TX,ASW,CE,Combined TRACON& Tower with Radar,44,34,38,26,142,0,22,31,2,55,44,56,69,28,197,72,8,80,277
11/16/2017,LBB,TX,ASW,CE,Combined TRACON& Tower with Radar,47,41,62,31,181,0,11,51,4,66,47,52,113,35,247,52,8,60,307
11/17/2017,LBB,TX,ASW,CE,Combined TRACON& Tower with Radar,40,44,73,1,158,0,17,24,2,43,40,61,97,3,201,6,0,6,207
11/18/2017,LBB,TX,ASW,CE,Combined TRACON& Tower with Radar,36,38,73,0,147,0,11,25,0,36,36,49,98,0,183,32,0,32,215
11/19/2017,LBB,TX,ASW,CE,Combined TRACON& Tower with Radar,31,14,36,0,81,0,24,46,0,70,31,38,82,0,151,58,18,76,227
11/20/2017,LBB,TX,ASW,CE,Combined TRACON& Tower with Radar,30,27,34,26,117,0,14,35,3,52,30,41,69,29,169,48,0,48,217
11/21/2017,LBB,TX,ASW,CE,Combined TRACON& Tower with Radar,41,50,61,2,154,0,12,42,0,54,41,62,103,2,208,2,0,2,210
11/22/2017,LBB,TX,ASW,CE,Combined TRACON& Tower with Radar,44,41,32,0,117,0,14,52,2,68,44,55,84,2,185,42,0,42,227
11/23/2017,LBB,TX,ASW,CE,Combined TRACON& Tower with Radar,18,17,9,0,44,0,12,20,0,32,18,29,29,0,76,16,0,16,92
11/24/2017,LBB,TX,ASW,CE,Combined TRACON& Tower with Radar,29,33,29,0,91,0,16,36,2,54,29,49,65,2,145,22,0,22,167
11/25/2017,LBB,TX,ASW,CE,Combined TRACON& Tower with Radar,38,22,23,2,85,0,21,54,1,76,38,43,77,3,161,73,0,73,234
11/26/2017,LBB,TX,ASW,CE,Combined TRACON& Tower with Radar,34,20,42,0,96,0,7,53,0,60,34,27,95,0,156,42,0,42,198
11/27/2017,LBB,TX,ASW,CE,Combined TRACON& Tower with Radar,32,26,20,43,121,0,19,38,2,59,32,45,58,45,180,8,40,48,228
11/28/2017,LBB,TX,ASW,CE,Combined TRACON& Tower with Radar,68,32,20,23,143,0,7,28,5,40,68,39,48,28,183,14,0,14,197
11/29/2017,LBB,TX,ASW,CE,Combined TRACON& Tower with Radar,43,38,46,11,138,0,15,47,2,64,43,53,93,13,202,32,10,42,244
11/30/2017,LBB,TX,ASW,CE,Combined TRACON& Tower with Radar,42,38,28,23,131,0,11,46,1,58,42,49,74,24,189,24,48,72,261
12/01/2017,LBB,TX,ASW,CE,Combined TRACON& Tower with Radar,39,40,42,35,156,0,13,36,0,49,39,53,78,35,205,26,14,40,245
12/02/2017,LBB,TX,ASW,CE,Combined TRACON& Tower with Radar,27,18,42,21,108,0,23,34,2,59,27,41,76,23,167,56,10,66,233
12/03/2017,LBB,TX,ASW,CE,Combined TRACON& Tower with Radar,28,19,47,8,102,0,10,30,5,45,28,29,77,13,147,54,0,54,201
12/04/2017,LBB,TX,ASW,CE,Combined TRACON& Tower with Radar,31,28,41,20,120,0,18,18,0,36,31,46,59,20,156,0,16,16,172
12/05/2017,LBB,TX,ASW,CE,Combined TRACON& Tower with Radar,38,37,41,0,116,0,13,11,2,26,38,50,52,2,142,38,0,38,180
12/06/2017,LBB,TX,ASW,CE,Combined TRACON& Tower with Radar,40,54,29,22,145,0,3,17,2,22,40,57,46,24,167,0,2,2,169
12/07/2017,LBB,TX,ASW,CE,Combined TRACON& Tower with Radar,43,37,52,12,144,0,11,17,1,29,43,48,69,13,173,0,32,32,205
12/08/2017,LBB,TX,ASW,CE,Combined TRACON& Tower with Radar,39,36,31,10,116,0,21,17,0,38,39,57,48,10,154,4,2,6,160
12/09/2017,LBB,TX,ASW,CE,Combined TRACON& Tower with Radar,29,21,17,0,67,0,12,33,0,45,29,33,50,0,112,32,0,32,144
12/10/2017,LBB,TX,ASW,CE,Combined TRACON& Tower with Radar,28,17,38,0,83,0,5,36,0,41,28,22,74,0,124,94,0,94,218
12/11/2017,LBB,TX,ASW,CE,Combined TRACON& Tower with Radar,33,27,19,6,85,0,15,44,2,61,33,42,63,8,146,44,0,44,190
12/12/2017,LBB,TX,ASW,CE,Combined TRACON& Tower with Radar,42,44,45,6,137,0,32,45,2,79,42,76,90,8,216,70,0,70,286
12/13/2017,LBB,TX,ASW,CE,Combined TRACON& Tower with Radar,43,42,41,11,137,0,16,41,4,61,43,58,82,15,198,20,0,20,218
12/14/2017,LBB,TX,ASW,CE,Combined TRACON& Tower with Radar,43,39,39,15,136,0,22,40,2,64,43,61,79,17,200,36,0,36,236
12/15/2017,LBB,TX,ASW,CE,Combined TRACON& Tower with Radar,41,40,39,24,144,0,9,61,0,70,41,49,100,24,214,40,0,40,254
12/16/2017,LBB,TX,ASW,CE,Combined TRACON& Tower with Radar,33,25,21,19,98,0,18,36,2,56,33,43,57,21,154,30,18,48,202
12/17/2017,LBB,TX,ASW,CE,Combined TRACON& Tower with Radar,28,32,34,23,117,0,28,44,4,76,28,60,78,27,193,76,0,76,269
12/18/2017,LBB,TX,ASW,CE,Combined TRACON& Tower with Radar,35,35,48,37,155,0,8,38,2,48,35,43,86,39,203,32,12,44,247
12/19/2017,LBB,TX,ASW,CE,Combined TRACON& Tower with Radar,47,46,34,72,199,0,12,40,4,56,47,58,74,76,255,62,62,124,379
12/20/2017,LBB,TX,ASW,CE,Combined TRACON& Tower with Radar,56,35,35,20,146,0,19,41,5,65,56,54,76,25,211,14,30,44,255
12/21/2017,LBB,TX,ASW,CE,Combined TRACON& Tower with Radar,39,46,31,42,158,0,17,28,7,52,39,63,59,49,210,136,92,228,438
12/22/2017,LBB,TX,ASW,CE,Combined TRACON& Tower with Radar,41,42,26,0,109,0,8,9,0,17,41,50,35,0,126,6,0,6,132
12/23/2017,LBB,TX,ASW,CE,Combined TRACON& Tower with Radar,45,31,32,0,108,0,23,37,0,60,45,54,69,0,168,8,0,8,176
12/24/2017,LBB,TX,ASW,CE,Combined TRACON& Tower with Radar,26,26,13,0,65,0,14,16,3,33,26,40,29,3,98,0,0,0,98
12/25/2017,LBB,TX,ASW,CE,Combined TRACON& Tower with Radar,22,13,9,0,44,0,14,7,0,21,22,27,16,0,65,0,0,0,65
12/26/2017,LBB,TX,ASW,CE,Combined TRACON& Tower with Radar,38,32,39,0,109,0,0,3,0,3,38,32,42,0,112,0,0,0,112
12/27/2017,LBB,TX,ASW,CE,Combined TRACON& Tower with Radar,39,53,29,0,121,0,0,8,0,8,39,53,37,0,129,0,0,0,129
12/28/2017,LBB,TX,ASW,CE,Combined TRACON& Tower with Radar,37,50,24,0,111,0,8,30,2,40,37,58,54,2,151,36,0,36,187
12/29/2017,LBB,TX,ASW,CE,Combined TRACON& Tower with Radar,34,38,36,0,108,0,4,22,1,27,34,42,58,1,135,36,0,36,171
12/30/2017,LBB,TX,ASW,CE,Combined TRACON& Tower with Radar,35,33,23,0,91,0,3,0,0,3,35,36,23,0,94,0,0,0,94
12/31/2017,LBB,TX,ASW,CE,Combined TRACON& Tower with Radar,19,16,4,0,39,0,0,3,0,3,19,16,7,0,42,0,0,0,42
01/01/2018,LBB,TX,ASW,CE,Combined TRACON& Tower with Radar,23,19,25,0,67,0,11,13,3,27,23,30,38,3,94,10,0,10,104
01/02/2018,LBB,TX,ASW,CE,Combined TRACON& Tower with Radar,31,34,33,26,124,0,7,35,1,43,31,41,68,27,167,34,22,56,223
01/03/2018,LBB,TX,ASW,CE,Combined TRACON& Tower with Radar,40,36,16,2,94,0,22,28,6,56,40,58,44,8,150,52,0,52,202
01/04/2018,LBB,TX,ASW,CE,Combined TRACON& Tower with Radar,38,36,25,15,114,0,21,24,0,45,38,57,49,15,159,48,16,64,223
01/05/2018,LBB,TX,ASW,CE,Combined TRACON& Tower with Radar,37,40,32,18,127,0,21,50,6,77,37,61,82,24,204,50,18,68,272
01/06/2018,LBB,TX,ASW,CE,Combined TRACON& Tower with Radar,28,29,27,0,84,0,20,47,0,67,28,49,74,0,151,88,0,88,239
01/07/2018,LBB,TX,ASW,CE,Combined TRACON& Tower with Radar,34,15,22,20,91,0,23,12,0,35,34,38,34,20,126,0,0,0,126
01/08/2018,LBB,TX,ASW,CE,Combined TRACON& Tower with Radar,31,27,23,8,89,0,22,42,0,64,31,49,65,8,153,24,4,28,181
01/09/2018,LBB,TX,ASW,CE,Combined TRACON& Tower with Radar,44,42,40,7,133,0,13,47,0,60,44,55,87,7,193,12,0,12,205
01/10/2018,LBB,TX,ASW,CE,Combined TRACON& Tower with Radar,43,37,27,29,136,1,9,10,3,23,44,46,37,32,159,0,86,86,245
01/11/2018,LBB,TX,ASW,CE,Combined TRACON& Tower with Radar,42,42,33,29,146,2,21,16,2,41,44,63,49,31,187,8,22,30,217
01/12/2018,LBB,TX,ASW,CE,Combined TRACON& Tower with Radar,40,31,43,20,134,0,16,41,1,58,40,47,84,21,192,90,22,112,304
01/13/2018,LBB,TX,ASW,CE,Combined TRACON& Tower with Radar,26,18,31,0,75,0,14,45,2,61,26,32,76,2,136,40,0,40,176
01/14/2018,LBB,TX,ASW,CE,Combined TRACON& Tower with Radar,29,15,33,0,77,0,6,45,2,53,29,21,78,2,130,48,0,48,178
01/15/2018,LBB,TX,ASW,CE,Combined TRACON& Tower with Radar,32,29,25,6,92,0,12,11,0,23,32,41,36,6,115,18,18,36,151
01/16/2018,LBB,TX,ASW,CE,Combined TRACON& Tower with Radar,44,40,40,6,130,0,9,26,3,38,44,49,66,9,168,50,96,146,314
01/17/2018,LBB,TX,ASW,CE,Combined TRACON& Tower with Radar,42,33,70,22,167,0,10,36,1,47,42,43,106,23,214,6,10,16,230
01/18/2018,LBB,TX,ASW,CE,Combined TRACON& Tower with Radar,44,40,39,32,155,0,6,41,2,49,44,46,80,34,204,16,96,112,316
01/19/2018,LBB,TX,ASW,CE,Combined TRACON& Tower with Radar,41,41,51,8,141,0,15,39,1,55,41,56,90,9,196,36,8,44,240
01/20/2018,LBB,TX,ASW,CE,Combined TRACON& Tower with Radar,28,20,16,31,95,0,6,46,9,61,28,26,62,40,156,34,8,42,198
01/21/2018,LBB,TX,ASW,CE,Combined TRACON& Tower with Radar,33,14,30,5,82,0,5,5,0,10,33,19,35,5,92,0,0,0,92
01/22/2018,LBB,TX,ASW,CE,Combined TRACON& Tower with Radar,34,30,16,23,103,0,17,27,2,46,34,47,43,25,149,40,84,124,273
01/23/2018,LBB,TX,ASW,CE,Combined TRACON& Tower with Radar,42,33,32,18,125,0,19,27,5,51,42,52,59,23,176,42,14,56,232
01/24/2018,LBB,TX,ASW,CE,Combined TRACON& Tower with Radar,42,34,21,49,146,0,17,37,0,54,42,51,58,49,200,16,6,22,222
01/25/2018,LBB,TX,ASW,CE,Combined TRACON& Tower with Radar,43,43,58,4,148,0,17,28,6,51,43,60,86,10,199,24,0,24,223
01/26/2018,LBB,TX,ASW,CE,Combined TRACON& Tower with Radar,42,49,49,85,225,0,16,21,7,44,42,65,70,92,269,28,36,64,333
01/27/2018,LBB,TX,ASW,CE,Combined TRACON& Tower with Radar,29,25,42,13,109,0,14,51,9,74,29,39,93,22,183,30,16,46,229
01/28/2018,LBB,TX,ASW,CE,Combined TRACON& Tower with Radar,32,20,41,10,103,0,14,43,2,59,32,34,84,12,162,62,0,62,224
01/29/2018,LBB,TX,ASW,CE,Combined TRACON& Tower with Radar,34,27,56,2,119,0,18,54,3,75,34,45,110,5,194,60,0,60,254
01/30/2018,LBB,TX,ASW,CE,Combined TRACON& Tower with Radar,44,39,26,9,118,0,6,17,0,23,44,45,43,9,141,0,16,16,157
01/31/2018,LBB,TX,ASW,CE,Combined TRACON& Tower with Radar,42,36,45,24,147,0,26,36,0,62,42,62,81,24,209,112,20,132,341
02/01/2018,LBB,TX,ASW,CE,Combined TRACON& Tower with Radar,44,38,39,23,144,0,13,31,0,44,44,51,70,23,188,14,0,14,202
02/02/2018,LBB,TX,ASW,CE,Combined TRACON& Tower with Radar,46,49,43,7,145,0,18,51,2,71,46,67,94,9,216,40,16,56,272
02/03/2018,LBB,TX,ASW,CE,Combined TRACON& Tower with Radar,30,24,25,7,86,0,20,42,0,62,30,44,67,7,148,24,0,24,172
02/04/2018,LBB,TX,ASW,CE,Combined TRACON& Tower with Radar,26,18,26,7,77,0,12,19,1,32,26,30,45,8,109,56,0,56,165
02/05/2018,LBB,TX,ASW,CE,Combined TRACON& Tower with Radar,34,26,31,8,99,0,9,19,0,28,34,35,50,8,127,0,0,0,127
02/06/2018,LBB,TX,ASW,CE,Combined TRACON& Tower with Radar,41,40,42,72,195,0,8,12,4,24,41,48,54,76,219,0,84,84,303
02/07/2018,LBB,TX,ASW,CE,Combined TRACON& Tower with Radar,44,39,35,2,120,0,15,33,4,52,44,54,68,6,172,16,10,26,198
02/08/2018,LBB,TX,ASW,CE,Combined TRACON& Tower with Radar,43,34,38,31,146,0,13,31,4,48,43,47,69,35,194,110,48,158,352
02/09/2018,LBB,TX,ASW,CE,Combined TRACON& Tower with Radar,45,40,31,30,146,0,18,34,1,53,45,58,65,31,199,8,4,12,211
02/10/2018,LBB,TX,ASW,CE,Combined TRACON& Tower with Radar,29,24,28,0,81,0,11,41,0,52,29,35,69,0,133,128,0,128,261
02/11/2018,LBB,TX,ASW,CE,Combined TRACON& Tower with Radar,29,24,17,22,92,0,10,27,1,38,29,34,44,23,130,48,10,58,188
02/12/2018,LBB,TX,ASW,CE,Combined TRACON& Tower with Radar,35,29,44,9,117,0,13,23,2,38,35,42,67,11,155,38,0,38,193
02/13/2018,LBB,TX,ASW,CE,Combined TRACON& Tower with Radar,44,49,41,49,183,0,16,39,3,58,44,65,80,52,241,70,36,106,347
02/14/2018,LBB,TX,ASW,CE,Combined TRACON& Tower with Radar,46,40,27,12,125,0,18,22,7,47,46,58,49,19,172,32,6,38,210
02/15/2018,LBB,TX,ASW,CE,Combined TRACON& Tower with Radar,42,46,47,51,186,0,13,23,5,41,42,59,70,56,227,84,58,142,369
02/16/2018,LBB,TX,ASW,CE,Combined TRACON& Tower with Radar,43,43,55,6,147,0,9,31,3,43,43,52,86,9,190,100,24,124,314
02/17/2018,LBB,TX,ASW,CE,Combined TRACON& Tower with Radar,32,21,17,1,71,0,12,31,2,45,32,33,48,3,116,90,0,90,206
02/18/2018,LBB,TX,ASW,CE,Combined TRACON& Tower with Radar,29,23,40,0,92,0,6,16,0,22,29,29,56,0,114,0,0,0,114
02/19/2018,LBB,TX,ASW,CE,Combined TRACON& Tower with Radar,34,26,47,9,116,0,11,19,3,33,34,37,66,12,149,26,0,26,175
02/20/2018,LBB,TX,ASW,CE,Combined TRACON& Tower with Radar,53,40,46,13,152,0,10,34,2,46,53,50,80,15,198,0,12,12,210
02/21/2018,LBB,TX,ASW,CE,Combined TRACON& Tower with Radar,38,37,45,10,130,0,4,7,1,12,38,41,52,11,142,0,0,0,142
02/22/2018,LBB,TX,ASW,CE,Combined TRACON& Tower with Radar,43,43,38,0,124,0,4,23,0,27,43,47,61,0,151,32,0,32,183
02/23/2018,LBB,TX,ASW,CE,Combined TRACON& Tower with Radar,45,43,50,110,248,0,2,33,9,44,45,45,83,119,292,102,26,128,420
02/24/2018,LBB,TX,ASW,CE,Combined TRACON& Tower with Radar,30,28,36,10,104,0,14,21,6,41,30,42,57,16,145,50,0,50,195
02/25/2018,LBB,TX,ASW,CE,Combined TRACON& Tower with Radar,34,21,34,8,97,0,20,23,2,45,34,41,57,10,142,54,0,54,196
02/26/2018,LBB,TX,ASW,CE,Combined TRACON& Tower with Radar,33,30,31,52,146,0,21,43,6,70,33,51,74,58,216,60,30,90,306
02/27/2018,LBB,TX,ASW,CE,Combined TRACON& Tower with Radar,41,45,49,44,179,0,17,44,5,66,41,62,93,49,245,38,44,82,327
02/28/2018,LBB,TX,ASW,CE,Combined TRACON& Tower with Radar,44,38,32,82,196,0,11,19,2,32,44,49,51,84,228,0,162,162,390
03/01/2018,LBB,TX,ASW,CE,Combined TRACON& Tower with Radar,45,45,49,13,152,0,18,51,3,72,45,63,100,16,224,56,12,68,292
03/02/2018,LBB,TX,ASW,CE,Combined TRACON& Tower with Radar,41,48,44,26,159,0,20,53,3,76,41,68,97,29,235,50,22,72,307
03/03/2018,LBB,TX,ASW,CE,Combined TRACON& Tower with Radar,30,24,17,0,71,0,22,42,1,65,30,46,59,1,136,61,0,61,197
03/04/2018,LBB,TX,ASW,CE,Combined TRACON& Tower with Radar,32,26,32,9,99,0,7,19,3,29,32,33,51,12,128,8,2,10,138
03/05/2018,LBB,TX,ASW,CE,Combined TRACON& Tower with Radar,31,21,32,45,129,0,12,37,5,54,31,33,69,50,183,48,44,92,275
03/06/2018,LBB,TX,ASW,CE,Combined TRACON& Tower with Radar,41,35,29,95,200,0,22,35,3,60,41,57,64,98,260,20,26,46,306
03/07/2018,LBB,TX,ASW,CE,Combined TRACON& Tower with Radar,41,44,63,35,183,0,19,26,3,48,41,63,89,38,231,14,78,92,323
03/08/2018,LBB,TX,ASW,CE,Combined TRACON& Tower with Radar,39,41,50,30,160,0,9,38,3,50,39,50,88,33,210,21,0,21,231
03/09/2018,LBB,TX,ASW,CE,Combined TRACON& Tower with Radar,41,45,40,65,191,0,19,45,4,68,41,64,85,69,259,80,12,92,351
03/10/2018,LBB,TX,ASW,CE,Combined TRACON& Tower with Radar,30,28,49,33,140,0,22,34,10,66,30,50,83,43,206,46,66,112,318
03/11/2018,LBB,TX,ASW,CE,Combined TRACON& Tower with Radar,31,17,18,7,73,0,12,23,3,38,31,29,41,10,111,24,8,32,143
03/12/2018,LBB,TX,ASW,CE,Combined TRACON& Tower with Radar,32,27,39,16,114,0,13,42,3,58,32,40,81,19,172,18,2,20,192
03/13/2018,LBB,TX,ASW,CE,Combined TRACON& Tower with Radar,44,38,30,5,117,0,11,45,0,56,44,49,75,5,173,31,10,41,214
03/14/2018,LBB,TX,ASW,CE,Combined TRACON& Tower with Radar,40,40,36,48,164,0,16,31,4,51,40,56,67,52,215,8,28,36,251
03/15/2018,LBB,TX,ASW,CE,Combined TRACON& Tower with Radar,41,39,42,9,131,0,18,30,2,50,41,57,72,11,181,8,28,36,217
03/16/2018,LBB,TX,ASW,CE,Combined TRACON& Tower with Radar,40,38,28,48,154,0,23,27,7,57,40,61,55,55,211,22,16,38,249
03/17/2018,LBB,TX,ASW,CE,Combined TRACON& Tower with Radar,30,29,33,0,92,0,19,50,2,71,30,48,83,2,163,48,0,48,211
03/18/2018,LBB,TX,ASW,CE,Combined TRACON& Tower with Radar,30,21,40,38,129,0,0,14,3,17,30,21,54,41,146,18,0,18,164
03/19/2018,LBB,TX,ASW,CE,Combined TRACON& Tower with Radar,35,24,24,34,117,0,14,22,0,36,35,38,46,34,153,18,0,18,171
03/20/2018,LBB,TX,ASW,CE,Combined TRACON& Tower with Radar,41,40,50,31,162,0,26,48,0,74,41,66,98,31,236,42,50,92,328
03/21/2018,LBB,TX,ASW,CE,Combined TRACON& Tower with Radar,41,43,63,20,167,0,30,39,2,71,41,73,102,22,238,68,0,68,306
03/22/2018,LBB,TX,ASW,CE,Combined TRACON& Tower with Radar,38,47,38,1,124,0,46,63,0,109,38,93,101,1,233,10,8,18,251
03/23/2018,LBB,TX,ASW,CE,Combined TRACON& Tower with Radar,41,40,45,58,184,0,25,28,10,63,41,65,73,68,247,4,84,88,335
03/24/2018,LBB,TX,ASW,CE,Combined TRACON& Tower with Radar,30,27,16,12,85,0,14,52,5,71,30,41,68,17,156,42,12,54,210
03/25/2018,LBB,TX,ASW,CE,Combined TRACON& Tower with Radar,29,16,37,3,85,0,9,14,0,23,29,25,51,3,108,10,0,10,118
03/26/2018,LBB,TX,ASW,CE,Combined TRACON& Tower with Radar,35,28,32,19,114,0,10,12,9,31,35,38,44,28,145,0,0,0,145
03/27/2018,LBB,TX,ASW,CE,Combined TRACON& Tower with Radar,41,51,23,8,123,0,3,2,1,6,41,54,25,9,129,10,28,38,167
03/28/2018,LBB,TX,ASW,CE,Combined TRACON& Tower with Radar,44,42,61,44,191,0,3,14,6,23,44,45,75,50,214,0,30,30,244
03/29/2018,LBB,TX,ASW,CE,Combined TRACON& Tower with Radar,41,57,48,27,173,0,12,26,6,44,41,69,74,33,217,40,24,64,281
03/30/2018,LBB,TX,ASW,CE,Combined TRACON& Tower with Radar,40,47,46,29,162,0,17,35,4,56,40,64,81,33,218,16,32,48,266
03/31/2018,LBB,TX,ASW,CE,Combined TRACON& Tower with Radar,31,18,21,6,76,0,15,52,0,67,31,33,73,6,143,80,0,80,223
04/01/2018,LBB,TX,ASW,CE,Combined TRACON& Tower with Radar,25,20,35,0,80,0,8,20,2,30,25,28,55,2,110,10,0,10,120
04/02/2018,LBB,TX,ASW,CE,Combined TRACON& Tower with Radar,31,29,43,50,153,0,17,21,1,39,31,46,64,51,192,18,0,18,210
04/03/2018,LBB,TX,ASW,CE,Combined TRACON& Tower with Radar,40,36,32,70,178,0,8,22,4,34,40,44,54,74,212,8,22,30,242
04/04/2018,LBB,TX,ASW,CE,Combined TRACON& Tower with Radar,41,42,25,47,155,0,31,45,1,77,41,73,70,48,232,34,30,64,296
04/05/2018,LBB,TX,ASW,CE,Combined TRACON& Tower with Radar,41,38,33,33,145,0,23,53,0,76,41,61,86,33,221,136,24,160,381
04/06/2018,LBB,TX,ASW,CE,Combined TRACON& Tower with Radar,39,49,46,102,236,0,17,47,11,75,39,66,93,113,311,24,64,88,399
04/07/2018,LBB,TX,ASW,CE,Combined TRACON& Tower with Radar,33,31,41,6,111,0,8,22,3,33,33,39,63,9,144,18,0,18,162
04/08/2018,LBB,TX,ASW,CE,Combined TRACON& Tower with Radar,32,20,16,10,78,0,9,32,4,45,32,29,48,14,123,10,18,28,151
04/09/2018,LBB,TX,ASW,CE,Combined TRACON& Tower with Radar,32,21,27,55,135,0,13,39,6,58,32,34,66,61,193,40,72,112,305
04/10/2018,LBB,TX,ASW,CE,Combined TRACON& Tower with Radar,40,36,54,29,159,0,16,40,6,62,40,52,94,35,221,24,18,42,263
04/11/2018,LBB,TX,ASW,CE,Combined TRACON& Tower with Radar,41,49,37,36,163,0,24,27,1,52,41,73,64,37,215,4,0,4,219
04/12/2018,LBB,TX,ASW,CE,Combined TRACON& Tower with Radar,41,44,23,21,129,0,11,22,9,42,41,55,45,30,171,12,36,48,219
04/13/2018,LBB,TX,ASW,CE,Combined TRACON& Tower with Radar,39,38,39,45,161,13,8,12,7,40,52,46,51,52,201,8,22,30,231
04/14/2018,LBB,TX,ASW,CE,Combined TRACON& Tower with Radar,34,24,13,0,71,9,11,9,0,29,43,35,22,0,100,24,0,24,124
04/15/2018,LBB,TX,ASW,CE,Combined TRACON& Tower with Radar,32,20,24,6,82,0,12,47,1,60,32,32,71,7,142,52,0,52,194
04/16/2018,LBB,TX,ASW,CE,Combined TRACON& Tower with Radar,33,22,25,2,82,0,23,23,2,48,33,45,48,4,130,18,0,18,148
04/17/2018,LBB,TX,ASW,CE,Combined TRACON& Tower with Radar,42,48,27,25,142,0,17,18,4,39,42,65,45,29,181,0,8,8,189
04/18/2018,LBB,TX,ASW,CE,Combined TRACON& Tower with Radar,40,37,44,12,133,0,12,64,1,77,40,49,108,13,210,6,12,18,228
04/19/2018,LBB,TX,ASW,CE,Combined TRACON& Tower with Radar,39,43,37,35,154,0,11,49,2,62,39,54,86,37,216,54,0,54,270
04/20/2018,LBB,TX,ASW,CE,Combined TRACON& Tower with Radar,36,42,64,5,147,0,9,9,3,21,36,51,73,8,168,0,0,0,168
04/21/2018,LBB,TX,ASW,CE,Combined TRACON& Tower with Radar,33,22,41,7,103,0,7,17,1,25,33,29,58,8,128,16,40,56,184
04/22/2018,LBB,TX,ASW,CE,Combined TRACON& Tower with Radar,35,27,39,3,104,0,16,41,3,60,35,43,80,6,164,58,0,58,222
04/23/2018,LBB,TX,ASW,CE,Combined TRACON& Tower with Radar,31,16,39,50,136,0,24,48,3,75,31,40,87,53,211,74,14,88,299
04/24/2018,LBB,TX,ASW,CE,Combined TRACON& Tower with Radar,41,43,39,49,172,0,15,34,2,51,41,58,73,51,223,50,62,112,335
04/25/2018,LBB,TX,ASW,CE,Combined TRACON& Tower with Radar,41,38,44,97,220,0,21,26,5,52,41,59,70,102,272,52,36,88,360
04/26/2018,LBB,TX,ASW,CE,Combined TRACON& Tower with Radar,45,39,48,20,152,0,25,31,1,57,45,64,79,21,209,0,54,54,263
04/27/2018,LBB,TX,ASW,CE,Combined TRACON& Tower with Radar,39,42,47,49,177,0,15,47,4,66,39,57,94,53,243,88,6,94,337
04/28/2018,LBB,TX,ASW,CE,Combined TRACON& Tower with Radar,31,34,13,21,99,0,5,48,7,60,31,39,61,28,159,34,16,50,209
04/29/2018,LBB,TX,ASW,CE,Combined TRACON& Tower with Radar,39,32,30,19,120,0,12,32,5,49,39,44,62,24,169,26,30,56,225
04/30/2018,LBB,TX,ASW,CE,Combined TRACON& Tower with Radar,33,31,44,2,110,0,3,12,3,18,33,34,56,5,128,16,12,28,156
05/01/2018,LBB,TX,ASW,CE,Combined TRACON& Tower with Radar,40,44,30,34,148,0,26,31,1,58,40,70,61,35,206,6,10,16,222
05/02/2018,LBB,TX,ASW,CE,Combined TRACON& Tower with Radar,39,40,39,49,167,0,18,15,7,40,39,58,54,56,207,10,36,46,253
05/03/2018,LBB,TX,ASW,CE,Combined TRACON& Tower with Radar,38,39,30,19,126,0,16,25,7,48,38,55,55,26,174,46,0,46,220
05/04/2018,LBB,TX,ASW,CE,Combined TRACON& Tower with Radar,39,42,35,50,166,0,12,25,1,38,39,54,60,51,204,56,30,86,290
05/05/2018,LBB,TX,ASW,CE,Combined TRACON& Tower with Radar,31,25,29,3,88,0,10,44,1,55,31,35,73,4,143,118,0,118,261
05/06/2018,LBB,TX,ASW,CE,Combined TRACON& Tower with Radar,32,21,48,0,101,0,19,39,0,58,32,40,87,0,159,34,0,34,193
05/07/2018,LBB,TX,ASW,CE,Combined TRACON& Tower with Radar,32,24,31,7,94,0,20,36,0,56,32,44,67,7,150,60,40,100,250
05/08/2018,LBB,TX,ASW,CE,Combined TRACON& Tower with Radar,40,42,42,9,133,0,21,40,7,68,40,63,82,16,201,16,0,16,217
05/09/2018,LBB,TX,ASW,CE,Combined TRACON& Tower with Radar,41,41,44,12,138,0,16,28,2,46,41,57,72,14,184,68,0,68,252
05/10/2018,LBB,TX,ASW,CE,Combined TRACON& Tower with Radar,40,40,38,2,120,0,18,27,2,47,40,58,65,4,167,36,0,36,203
05/11/2018,LBB,TX,ASW,CE,Combined TRACON& Tower with Radar,38,49,33,8,128,0,14,20,0,34,38,63,53,8,162,32,0,32,194
05/12/2018,LBB,TX,ASW,CE,Combined TRACON& Tower with Radar,29,29,23,1,82,0,15,41,2,58,29,44,64,3,140,30,0,30,170
05/13/2018,LBB,TX,ASW,CE,Combined TRACON& Tower with Radar,34,17,33,12,96,0,11,29,0,40,34,28,62,12,136,40,0,40,176
05/14/2018,LBB,TX,ASW,CE,Combined TRACON& Tower with Radar,32,33,39,30,134,0,11,42,0,53,32,44,81,30,187,10,32,42,229
05/15/2018,LBB,TX,ASW,CE,Combined TRACON& Tower with Radar,41,37,50,0,128,0,21,23,4,48,41,58,73,4,176,54,0,54,230
05/16/2018,LBB,TX,ASW,CE,Combined TRACON& Tower with Radar,39,34,24,2,99,0,12,37,0,49,39,46,61,2,148,74,0,74,222
05/17/2018,LBB,TX,ASW,CE,Combined TRACON& Tower with Radar,41,45,32,2,120,0,6,34,3,43,41,51,66,5,163,92,0,92,255
05/18/2018,LBB,TX,ASW,CE,Combined TRACON& Tower with Radar,40,43,38,20,141,0,23,40,3,66,40,66,78,23,207,50,0,50,257
05/19/2018,LBB,TX,ASW,CE,Combined TRACON& Tower with Radar,29,19,35,0,83,0,10,31,2,43,29,29,66,2,126,52,0,52,178
05/20/2018,LBB,TX,ASW,CE,Combined TRACON& Tower with Radar,31,18,27,10,86,0,12,21,0,33,31,30,48,10,119,72,20,92,211
05/21/2018,LBB,TX,ASW,CE,Combined TRACON& Tower with Radar,34,32,41,42,149,0,9,12,3,24,34,41,53,45,173,6,0,6,179
05/22/2018,LBB,TX,ASW,CE,Combined TRACON& Tower with Radar,40,47,38,33,158,0,18,33,3,54,40,65,71,36,212,62,18,80,292
05/23/2018,LBB,TX,ASW,CE,Combined TRACON& Tower with Radar,39,36,34,28,137,0,6,28,1,35,39,42,62,29,172,52,6,58,230
05/24/2018,LBB,TX,ASW,CE,Combined TRACON& Tower with Radar,42,43,46,62,193,0,8,24,1,33,42,51,70,63,226,86,28,114,340
05/25/2018,LBB,TX,ASW,CE,Combined TRACON& Tower with Radar,38,40,38,0,116,0,16,32,7,55,38,56,70,7,171,42,0,42,213
05/26/2018,LBB,TX,ASW,CE,Combined TRACON& Tower with Radar,29,17,16,0,62,0,23,19,0,42,29,40,35,0,104,16,0,16,120
05/27/2018,LBB,TX,ASW,CE,Combined TRACON& Tower with Radar,25,13,14,0,52,0,24,21,3,48,25,37,35,3,100,34,0,34,134
05/28/2018,LBB,TX,ASW,CE,Combined TRACON& Tower with Radar,28,16,25,0,69,0,19,29,0,48,28,35,54,0,117,28,0,28,145
05/29/2018,LBB,TX,ASW,CE,Combined TRACON& Tower with Radar,35,32,32,19,118,0,11,37,4,52,35,43,69,23,170,54,0,54,224
05/30/2018,LBB,TX,ASW,CE,Combined TRACON& Tower with Radar,44,34,32,39,149,0,10,44,3,57,44,44,76,42,206,0,4,4,210
05/31/2018,LBB,TX,ASW,CE,Combined TRACON& Tower with Radar,41,45,27,26,139,0,13,30,4,47,41,58,57,30,186,4,0,4,190
06/01/2018,LBB,TX,ASW,CE,Combined TRACON& Tower with Radar,39,37,39,11,126,0,7,33,0,40,39,44,72,11,166,8,0,8,174
06/02/2018,LBB,TX,ASW,CE,Combined TRACON& Tower with Radar,31,19,20,26,96,0,17,44,3,64,31,36,64,29,160,32,6,38,198
06/03/2018,LBB,TX,ASW,CE,Combined TRACON& Tower with Radar,30,12,30,5,77,0,22,47,1,70,30,34,77,6,147,58,12,70,217
06/04/2018,LBB,TX,ASW,CE,Combined TRACON& Tower with Radar,35,22,28,16,101,0,8,35,1,44,35,30,63,17,145,95,0,95,240
06/05/2018,LBB,TX,ASW,CE,Combined TRACON& Tower with Radar,39,37,35,8,119,0,11,29,0,40,39,48,64,8,159,76,0,76,235
06/06/2018,LBB,TX,ASW,CE,Combined TRACON& Tower with Radar,39,38,37,5,119,0,18,38,2,58,39,56,75,7,177,80,2,82,259
06/07/2018,LBB,TX,ASW,CE,Combined TRACON& Tower with Radar,50,37,37,8,132,0,17,31,2,50,50,54,68,10,182,100,0,100,282
06/08/2018,LBB,TX,ASW,CE,Combined TRACON& Tower with Radar,40,35,28,12,115,0,18,34,1,53,40,53,62,13,168,28,0,28,196
06/09/2018,LBB,TX,ASW,CE,Combined TRACON& Tower with Radar,31,25,35,3,94,0,8,39,9,56,31,33,74,12,150,54,0,54,204
06/10/2018,LBB,TX,ASW,CE,Combined TRACON& Tower with Radar,34,25,35,0,94,0,14,31,4,49,34,39,66,4,143,40,0,40,183
06/11/2018,LBB,TX,ASW,CE,Combined TRACON& Tower with Radar,34,21,19,32,106,0,15,38,0,53,34,36,57,32,159,78,8,86,245
06/12/2018,LBB,TX,ASW,CE,Combined TRACON& Tower with Radar,42,32,34,0,108,0,19,45,8,72,42,51,79,8,180,92,0,92,272
06/13/2018,LBB,TX,ASW,CE,Combined TRACON& Tower with Radar,39,38,52,20,149,0,14,44,3,61,39,52,96,23,210,26,10,36,246
06/14/2018,LBB,TX,ASW,CE,Combined TRACON& Tower with Radar,45,43,31,56,175,0,28,56,5,89,45,71,87,61,264,98,0,98,362
06/15/2018,LBB,TX,ASW,CE,Combined TRACON& Tower with Radar,41,45,45,11,142,0,30,39,9,78,41,75,84,20,220,50,0,50,270
06/16/2018,LBB,TX,ASW,CE,Combined TRACON& Tower with Radar,32,25,28,0,85,0,12,15,3,30,32,37,43,3,115,34,0,34,149
06/17/2018,LBB,TX,ASW,CE,Combined TRACON& Tower with Radar,33,25,37,0,95,0,9,21,0,30,33,34,58,0,125,24,0,24,149
06/18/2018,LBB,TX,ASW,CE,Combined TRACON& Tower with Radar,32,29,38,23,122,0,6,25,1,32,32,35,63,24,154,30,34,64,218
06/19/2018,LBB,TX,ASW,CE,Combined TRACON& Tower with Radar,40,45,45,67,197,0,5,38,2,45,40,50,83,69,242,36,36,72,314
06/20/2018,LBB,TX,ASW,CE,Combined TRACON& Tower with Radar,43,47,54,33,177,0,14,37,2,53,43,61,91,35,230,69,106,175,405
06/21/2018,LBB,TX,ASW,CE,Combined TRACON& Tower with Radar,42,44,49,4,139,0,17,37,2,56,42,61,86,6,195,60,0,60,255
06/22/2018,LBB,TX,ASW,CE,Combined TRACON& Tower with Radar,39,42,31,16,128,0,10,34,3,47,39,52,65,19,175,0,32,32,207
06/23/2018,LBB,TX,ASW,CE,Combined TRACON& Tower with Radar,31,19,15,1,66,0,12,36,3,51,31,31,51,4,117,72,0,72,189
06/24/2018,LBB,TX,ASW,CE,Combined TRACON& Tower with Radar,33,22,36,5,96,0,13,31,3,47,33,35,67,8,143,6,0,6,149
06/25/2018,LBB,TX,ASW,CE,Combined TRACON& Tower with Radar,34,26,45,21,126,0,19,42,3,64,34,45,87,24,190,22,6,28,218
06/26/2018,LBB,TX,ASW,CE,Combined TRACON& Tower with Radar,40,46,46,43,175,0,28,56,0,84,40,74,102,43,259,78,46,124,383
06/27/2018,LBB,TX,ASW,CE,Combined TRACON& Tower with Radar,40,45,55,42,182,0,25,57,1,83,40,70,112,43,265,56,40,96,361
06/28/2018,LBB,TX,ASW,CE,Combined TRACON& Tower with Radar,42,40,30,4,116,0,20,44,2,66,42,60,74,6,182,0,0,0,182
06/29/2018,LBB,TX,ASW,CE,Combined TRACON& Tower with Radar,39,38,35,17,129,0,22,37,2,61,39,60,72,19,190,10,6,16,206
06/30/2018,LBB,TX,ASW,CE,Combined TRACON& Tower with Radar,32,27,21,0,80,0,12,25,5,42,32,39,46,5,122,48,0,48,170
07/01/2018,LBB,TX,ASW,CE,Combined TRACON& Tower with Radar,29,20,20,0,69,0,12,18,0,30,29,32,38,0,99,12,0,12,111
07/02/2018,LBB,TX,ASW,CE,Combined TRACON& Tower with Radar,32,32,34,15,113,0,6,26,4,36,32,38,60,19,149,10,8,18,167
07/03/2018,LBB,TX,ASW,CE,Combined TRACON& Tower with Radar,33,41,37,12,123,0,14,43,0,57,33,55,80,12,180,20,30,50,230
07/04/2018,LBB,TX,ASW,CE,Combined TRACON& Tower with Radar,23,11,15,0,49,0,26,38,2,66,23,37,53,2,115,10,0,10,125
07/05/2018,LBB,TX,ASW,CE,Combined TRACON& Tower with Radar,38,40,37,16,131,0,34,20,0,54,38,74,57,16,185,116,0,116,301
07/06/2018,LBB,TX,ASW,CE,Combined TRACON& Tower with Radar,36,31,38,1,106,0,14,33,0,47,36,45,71,1,153,58,0,58,211
07/07/2018,LBB,TX,ASW,CE,Combined TRACON& Tower with Radar,31,17,28,0,76,0,8,33,4,45,31,25,61,4,121,78,0,78,199
07/08/2018,LBB,TX,ASW,CE,Combined TRACON& Tower with Radar,34,15,40,6,95,0,9,47,2,58,34,24,87,8,153,58,0,58,211
07/09/2018,LBB,TX,ASW,CE,Combined TRACON& Tower with Radar,30,24,41,63,158,0,10,43,0,53,30,34,84,63,211,98,48,146,357
07/10/2018,LBB,TX,ASW,CE,Combined TRACON& Tower with Radar,41,42,32,11,126,0,8,27,1,36,41,50,59,12,162,56,2,58,220
07/11/2018,LBB,TX,ASW,CE,Combined TRACON& Tower with Radar,40,38,45,5,128,0,21,32,0,53,40,59,77,5,181,24,0,24,205
07/12/2018,LBB,TX,ASW,CE,Combined TRACON& Tower with Radar,43,42,52,23,160,0,7,40,0,47,43,49,92,23,207,0,20,20,227
07/13/2018,LBB,TX,ASW,CE,Combined TRACON& Tower with Radar,39,45,23,59,166,0,24,36,4,64,39,69,59,63,230,92,196,288,518
07/14/2018,LBB,TX,ASW,CE,Combined TRACON& Tower with Radar,34,24,22,3,83,0,12,41,0,53,34,36,63,3,136,80,0,80,216
07/15/2018,LBB,TX,ASW,CE,Combined TRACON& Tower with Radar,31,18,39,8,96,0,8,31,0,39,31,26,70,8,135,50,0,50,185
07/16/2018,LBB,TX,ASW,CE,Combined TRACON& Tower with Radar,30,31,37,34,132,0,21,32,1,54,30,52,69,35,186,30,12,42,228
07/17/2018,LBB,TX,ASW,CE,Combined TRACON& Tower with Radar,41,43,51,12,147,0,18,34,5,57,41,61,85,17,204,44,20,64,268
07/18/2018,LBB,TX,ASW,CE,Combined TRACON& Tower with Radar,40,41,51,45,177,0,19,38,2,59,40,60,89,47,236,6,74,80,316
07/19/2018,LBB,TX,ASW,CE,Combined TRACON& Tower with Radar,45,38,50,43,176,0,22,39,3,64,45,60,89,46,240,104,152,256,496
07/20/2018,LBB,TX,ASW,CE,Combined TRACON& Tower with Radar,40,37,19,32,128,0,27,44,3,74,40,64,63,35,202,108,104,212,414
07/21/2018,LBB,TX,ASW,CE,Combined TRACON& Tower with Radar,33,31,32,8,104,0,20,39,5,64,33,51,71,13,168,78,16,94,262
07/22/2018,LBB,TX,ASW,CE,Combined TRACON& Tower with Radar,45,32,26,2,105,0,16,35,3,54,45,48,61,5,159,16,0,16,175
07/23/2018,LBB,TX,ASW,CE,Combined TRACON& Tower with Radar,33,19,13,16,81,0,17,36,5,58,33,36,49,21,139,52,0,52,191
07/24/2018,LBB,TX,ASW,CE,Combined TRACON& Tower with Radar,39,37,36,21,133,0,15,51,5,71,39,52,87,26,204,34,20,54,258
07/25/2018,LBB,TX,ASW,CE,Combined TRACON& Tower with Radar,41,44,47,37,169,0,14,56,0,70,41,58,103,37,239,68,0,68,307
07/26/2018,LBB,TX,ASW,CE,Combined TRACON& Tower with Radar,40,41,55,2,138,0,27,26,1,54,40,68,81,3,192,0,0,0,192
07/27/2018,LBB,TX,ASW,CE,Combined TRACON& Tower with Radar,40,43,44,22,149,0,22,36,3,61,40,65,80,25,210,30,54,84,294
07/28/2018,LBB,TX,ASW,CE,Combined TRACON& Tower with Radar,33,30,26,12,101,0,19,41,0,60,33,49,67,12,161,92,0,92,253
07/29/2018,LBB,TX,ASW,CE,Combined TRACON& Tower with Radar,31,21,24,23,99,0,9,25,2,36,31,30,49,25,135,40,0,40,175
07/30/2018,LBB,TX,ASW,CE,Combined TRACON& Tower with Radar,31,26,33,63,153,0,10,16,0,26,31,36,49,63,179,26,8,34,213
07/31/2018,LBB,TX,ASW,CE,Combined TRACON& Tower with Radar,41,36,33,22,132,0,22,37,4,63,41,58,70,26,195,68,20,88,283
08/01/2018,LBB,TX,ASW,CE,Combined TRACON& Tower with Radar,39,37,47,32,155,0,24,44,6,74,39,61,91,38,229,60,24,84,313
08/02/2018,LBB,TX,ASW,CE,Combined TRACON& Tower with Radar,38,36,24,29,127,0,19,46,3,68,38,55,70,32,195,118,12,130,325
08/03/2018,LBB,TX,ASW,CE,Combined TRACON& Tower with Radar,40,38,45,68,191,0,25,51,5,81,40,63,96,73,272,20,72,92,364
08/04/2018,LBB,TX,ASW,CE,Combined TRACON& Tower with Radar,32,22,33,9,96,0,15,50,5,70,32,37,83,14,166,132,0,132,298
08/05/2018,LBB,TX,ASW,CE,Combined TRACON& Tower with Radar,31,16,32,6,85,0,22,54,1,77,31,38,86,7,162,50,0,50,212
08/06/2018,LBB,TX,ASW,CE,Combined TRACON& Tower with Radar,34,21,41,46,142,0,34,33,0,67,34,55,74,46,209,56,44,100,309
08/07/2018,LBB,TX,ASW,CE,Combined TRACON& Tower with Radar,39,38,48,41,166,0,18,42,7,67,39,56,90,48,233,52,6,58,291
08/08/2018,LBB,TX,ASW,CE,Combined TRACON& Tower with Radar,39,42,47,34,162,0,34,39,6,79,39,76,86,40,241,38,16,54,295
08/09/2018,LBB,TX,ASW,CE,Combined TRACON& Tower with Radar,41,34,49,39,163,0,16,42,7,65,41,50,91,46,228,28,112,140,368
08/10/2018,LBB,TX,ASW,CE,Combined TRACON& Tower with Radar,40,50,48,6,144,0,9,18,2,29,40,59,66,8,173,30,0,30,203
08/11/2018,LBB,TX,ASW,CE,Combined TRACON& Tower with Radar,30,24,16,0,70,0,15,20,1,36,30,39,36,1,106,42,0,42,148
08/12/2018,LBB,TX,ASW,CE,Combined TRACON& Tower with Radar,33,18,29,2,82,0,11,29,2,42,33,29,58,4,124,86,0,86,210
08/13/2018,LBB,TX,ASW,CE,Combined TRACON& Tower with Radar,31,29,40,88,188,0,12,19,1,32,31,41,59,89,220,42,62,104,324
08/14/2018,LBB,TX,ASW,CE,Combined TRACON& Tower with Radar,38,43,24,56,161,0,15,21,5,41,38,58,45,61,202,38,6,44,246
08/15/2018,LBB,TX,ASW,CE,Combined TRACON& Tower with Radar,43,44,56,75,218,0,20,31,4,55,43,64,87,79,273,22,78,100,373
08/16/2018,LBB,TX,ASW,CE,Combined TRACON& Tower with Radar,40,34,45,45,164,0,24,39,2,65,40,58,84,47,229,28,24,52,281
08/17/2018,LBB,TX,ASW,CE,Combined TRACON& Tower with Radar,41,43,53,0,137,0,18,25,4,47,41,61,78,4,184,18,0,18,202
08/18/2018,LBB,TX,ASW,CE,Combined TRACON& Tower with Radar,31,25,28,0,84,0,4,16,2,22,31,29,44,2,106,62,0,62,168
08/19/2018,LBB,TX,ASW,CE,Combined TRACON& Tower with Radar,35,20,49,12,116,0,12,56,4,72,35,32,105,16,188,44,0,44,232
08/20/2018,LBB,TX,ASW,CE,Combined TRACON& Tower with Radar,33,34,33,34,134,0,17,36,4,57,33,51,69,38,191,44,0,44,235
08/21/2018,LBB,TX,ASW,CE,Combined TRACON& Tower with Radar,42,43,34,34,153,0,22,35,5,62,42,65,69,39,215,22,12,34,249
08/22/2018,LBB,TX,ASW,CE,Combined TRACON& Tower with Radar,43,37,52,12,144,0,16,32,4,52,43,53,84,16,196,54,0,54,250
08/23/2018,LBB,TX,ASW,CE,Combined TRACON& Tower with Radar,46,40,58,23,167,0,20,43,9,72,46,60,101,32,239,84,0,84,323
08/24/2018,LBB,TX,ASW,CE,Combined TRACON& Tower with Radar,44,37,37,1,119,0,8,34,6,48,44,45,71,7,167,46,0,46,213
08/25/2018,LBB,TX,ASW,CE,Combined TRACON& Tower with Radar,31,13,24,0,68,0,16,42,0,58,31,29,66,0,126,90,0,90,216
08/26/2018,LBB,TX,ASW,CE,Combined TRACON& Tower with Radar,30,18,25,12,85,0,18,34,2,54,30,36,59,14,139,6,0,6,145
08/27/2018,LBB,TX,ASW,CE,Combined TRACON& Tower with Radar,47,24,26,20,117,0,9,16,7,32,47,33,42,27,149,8,40,48,197
08/28/2018,LBB,TX,ASW,CE,Combined TRACON& Tower with Radar,48,43,38,48,177,0,15,46,5,66,48,58,84,53,243,48,54,102,345
08/29/2018,LBB,TX,ASW,CE,Combined TRACON& Tower with Radar,45,30,57,21,153,0,17,54,2,73,45,47,111,23,226,38,0,38,264
08/30/2018,LBB,TX,ASW,CE,Combined TRACON& Tower with Radar,47,28,39,18,132,0,18,43,4,65,47,46,82,22,197,44,0,44,241
08/31/2018,LBB,TX,ASW,CE,Combined TRACON& Tower with Radar,45,38,40,0,123,0,23,44,0,67,45,61,84,0,190,46,0,46,236
09/01/2018,LBB,TX,ASW,CE,Combined TRACON& Tower with Radar,29,11,25,0,65,0,24,39,0,63,29,35,64,0,128,14,0,14,142
09/02/2018,LBB,TX,ASW,CE,Combined TRACON& Tower with Radar,28,11,24,0,63,0,4,17,0,21,28,15,41,0,84,12,0,12,96
09/03/2018,LBB,TX,ASW,CE,Combined TRACON& Tower with Radar,27,21,40,0,88,0,9,23,0,32,27,30,63,0,120,62,0,62,182
09/04/2018,LBB,TX,ASW,CE,Combined TRACON& Tower with Radar,43,24,28,141,236,0,15,28,2,45,43,39,56,143,281,48,134,182,463
09/05/2018,LBB,TX,ASW,CE,Combined TRACON& Tower with Radar,42,55,40,25,162,0,2,22,0,24,42,57,62,25,186,6,4,10,196
09/06/2018,LBB,TX,ASW,CE,Combined TRACON& Tower with Radar,45,46,47,12,150,0,6,19,2,27,45,52,66,14,177,52,24,76,253
09/07/2018,LBB,TX,ASW,CE,Combined TRACON& Tower with Radar,50,41,49,12,152,0,5,3,0,8,50,46,52,12,160,6,0,6,166
09/08/2018,LBB,TX,ASW,CE,Combined TRACON& Tower with Radar,32,29,31,5,97,0,8,40,1,49,32,37,71,6,146,38,8,46,192
09/09/2018,LBB,TX,ASW,CE,Combined TRACON& Tower with Radar,32,21,45,10,108,0,16,35,4,55,32,37,80,14,163,40,6,46,209
09/10/2018,LBB,TX,ASW,CE,Combined TRACON& Tower with Radar,37,26,36,44,143,1,10,29,4,44,38,36,65,48,187,45,36,81,268
09/11/2018,LBB,TX,ASW,CE,Combined TRACON& Tower with Radar,53,41,34,45,173,0,19,59,9,87,53,60,93,54,260,64,22,86,346
09/12/2018,LBB,TX,ASW,CE,Combined TRACON& Tower with Radar,43,38,58,151,290,0,23,48,7,78,43,61,106,158,368,66,80,146,514
09/13/2018,LBB,TX,ASW,CE,Combined TRACON& Tower with Radar,47,39,54,26,166,0,13,42,6,61,47,52,96,32,227,124,44,168,395
09/14/2018,LBB,TX,ASW,CE,Combined TRACON& Tower with Radar,45,45,46,31,167,0,18,34,3,55,45,63,80,34,222,4,88,92,314
09/15/2018,LBB,TX,ASW,CE,Combined TRACON& Tower with Radar,33,38,44,0,115,0,12,23,3,38,33,50,67,3,153,64,0,64,217
09/16/2018,LBB,TX,ASW,CE,Combined TRACON& Tower with Radar,29,20,32,25,106,0,3,32,0,35,29,23,64,25,141,72,10,82,223
09/17/2018,LBB,TX,ASW,CE,Combined TRACON& Tower with Radar,37,21,48,8,114,0,15,30,4,49,37,36,78,12,163,46,4,50,213
09/18/2018,LBB,TX,ASW,CE,Combined TRACON& Tower with Radar,42,36,54,15,147,0,15,35,0,50,42,51,89,15,197,22,0,22,219
09/19/2018,LBB,TX,ASW,CE,Combined TRACON& Tower with Radar,45,40,40,15,140,0,28,39,1,68,45,68,79,16,208,20,0,20,228
09/20/2018,LBB,TX,ASW,CE,Combined TRACON& Tower with Radar,43,39,64,14,160,0,6,25,3,34,43,45,89,17,194,6,0,6,200
09/21/2018,LBB,TX,ASW,CE,Combined TRACON& Tower with Radar,56,60,27,8,151,0,1,1,0,2,56,61,28,8,153,0,0,0,153
09/22/2018,LBB,TX,ASW,CE,Combined TRACON& Tower with Radar,30,20,23,0,73,0,5,35,2,42,30,25,58,2,115,32,0,32,147
09/23/2018,LBB,TX,ASW,CE,Combined TRACON& Tower with Radar,36,14,33,40,123,0,21,36,7,64,36,35,69,47,187,30,8,38,225
09/24/2018,LBB,TX,ASW,CE,Combined TRACON& Tower with Radar,39,24,45,32,140,0,20,38,1,59,39,44,83,33,199,58,4,62,261
09/25/2018,LBB,TX,ASW,CE,Combined TRACON& Tower with Radar,44,38,38,31,151,0,14,44,2,60,44,52,82,33,211,62,18,80,291
09/26/2018,LBB,TX,ASW,CE,Combined TRACON& Tower with Radar,46,37,36,0,119,0,3,5,0,8,46,40,41,0,127,0,0,0,127
09/27/2018,LBB,TX,ASW,CE,Combined TRACON& Tower with Radar,44,39,62,5,150,0,11,20,0,31,44,50,82,5,181,0,0,0,181
09/28/2018,LBB,TX,ASW,CE,Combined TRACON& Tower with Radar,44,40,70,15,169,0,17,50,2,69,44,57,120,17,238,56,16,72,310
09/29/2018,LBB,TX,ASW,CE,Combined TRACON& Tower with Radar,35,20,55,6,116,0,11,37,2,50,35,31,92,8,166,110,8,118,284
09/30/2018,LBB,TX,ASW,CE,Combined TRACON& Tower with Radar,35,17,80,12,144,0,13,53,1,67,35,30,133,13,211,62,0,62,273
10/01/2018,LBB,TX,ASW,CE,Combined TRACON& Tower with Radar,37,21,34,40,132,0,16,38,2,56,37,37,72,42,188,58,20,78,266
10/02/2018,LBB,TX,ASW,CE,Combined TRACON& Tower with Radar,55,55,26,25,161,0,10,22,4,36,55,65,48,29,197,8,8,16,213
10/03/2018,LBB,TX,ASW,CE,Combined TRACON& Tower with Radar,45,40,48,37,170,0,22,35,2,59,45,62,83,39,229,62,0,62,291
10/04/2018,LBB,TX,ASW,CE,Combined TRACON& Tower with Radar,43,51,31,45,170,0,19,33,1,53,43,70,64,46,223,54,10,64,287
10/05/2018,LBB,TX,ASW,CE,Combined TRACON& Tower with Radar,39,52,41,28,160,0,21,19,2,42,39,73,60,30,202,0,0,0,202
10/06/2018,LBB,TX,ASW,CE,Combined TRACON& Tower with Radar,32,23,38,0,93,0,1,4,2,7,32,24,42,2,100,0,0,0,100
10/07/2018,LBB,TX,ASW,CE,Combined TRACON& Tower with Radar,30,19,23,4,76,0,2,3,0,5,30,21,26,4,81,0,0,0,81
10/08/2018,LBB,TX,ASW,CE,Combined TRACON& Tower with Radar,35,26,32,4,97,0,0,2,0,2,35,26,34,4,99,0,0,0,99
10/09/2018,LBB,TX,ASW,CE,Combined TRACON& Tower with Radar,40,42,41,104,227,0,6,20,0,26,40,48,61,104,253,44,124,168,421
10/10/2018,LBB,TX,ASW,CE,Combined TRACON& Tower with Radar,41,39,29,50,159,0,15,92,11,118,41,54,121,61,277,76,120,196,473
10/11/2018,LBB,TX,ASW,CE,Combined TRACON& Tower with Radar,45,49,64,14,172,0,9,10,0,19,45,58,74,14,191,16,6,22,213
10/12/2018,LBB,TX,ASW,CE,Combined TRACON& Tower with Radar,43,53,41,27,164,0,2,7,0,9,43,55,48,27,173,0,0,0,173
10/13/2018,LBB,TX,ASW,CE,Combined TRACON& Tower with Radar,40,22,38,18,118,0,4,10,0,14,40,26,48,18,132,36,20,56,188
10/14/2018,LBB,TX,ASW,CE,Combined TRACON& Tower with Radar,31,11,58,70,170,0,5,5,0,10,31,16,63,70,180,2,0,2,182
10/15/2018,LBB,TX,ASW,CE,Combined TRACON& Tower with Radar,35,38,39,15,127,0,8,11,2,21,35,46,50,17,148,12,0,12,160
10/16/2018,LBB,TX,ASW,CE,Combined TRACON& Tower with Radar,41,51,66,47,205,0,5,14,4,23,41,56,80,51,228,52,44,96,324
10/17/2018,LBB,TX,ASW,CE,Combined TRACON& Tower with Radar,42,59,29,42,172,0,4,28,1,33,42,63,57,43,205,76,44,120,325
10/18/2018,LBB,TX,ASW,CE,Combined TRACON& Tower with Radar,41,53,21,5,120,0,0,0,0,0,41,53,21,5,120,0,0,0,120
10/19/2018,LBB,TX,ASW,CE,Combined TRACON& Tower with Radar,41,50,45,44,180,0,9,26,8,43,41,59,71,52,223,56,42,98,321
10/20/2018,LBB,TX,ASW,CE,Combined TRACON& Tower with Radar,32,21,33,4,90,0,15,43,11,69,32,36,76,15,159,86,22,108,267
10/21/2018,LBB,TX,ASW,CE,Combined TRACON& Tower with Radar,30,18,33,5,86,0,8,24,0,32,30,26,57,5,118,94,0,94,212
10/22/2018,LBB,TX,ASW,CE,Combined TRACON& Tower with Radar,34,30,33,35,132,0,9,30,1,40,34,39,63,36,172,126,41,167,339
10/23/2018,LBB,TX,ASW,CE,Combined TRACON& Tower with Radar,41,41,58,3,143,0,4,21,6,31,41,45,79,9,174,26,0,26,200
10/24/2018,LBB,TX,ASW,CE,Combined TRACON& Tower with Radar,42,52,32,6,132,0,0,0,0,0,42,52,32,6,132,0,14,14,146
10/25/2018,LBB,TX,ASW,CE,Combined TRACON& Tower with Radar,45,41,80,38,204,0,11,53,2,66,45,52,133,40,270,92,62,154,424
10/26/2018,LBB,TX,ASW,CE,Combined TRACON& Tower with Radar,41,47,35,44,167,0,23,68,1,92,41,70,103,45,259,170,12,182,441
10/27/2018,LBB,TX,ASW,CE,Combined TRACON& Tower with Radar,32,16,19,16,83,0,11,38,2,51,32,27,57,18,134,136,0,136,270
10/28/2018,LBB,TX,ASW,CE,Combined TRACON& Tower with Radar,32,20,37,4,93,0,23,55,3,81,32,43,92,7,174,68,0,68,242
10/29/2018,LBB,TX,ASW,CE,Combined TRACON& Tower with Radar,33,25,31,0,89,0,7,43,0,50,33,32,74,0,139,46,0,46,185
10/30/2018,LBB,TX,ASW,CE,Combined TRACON& Tower with Radar,42,38,38,33,151,0,19,38,6,63,42,57,76,39,214,54,16,70,284
10/31/2018,LBB,TX,ASW,CE,Combined TRACON& Tower with Radar,38,43,33,28,142,0,6,9,0,15,38,49,42,28,157,10,32,42,199
11/01/2018,LBB,TX,ASW,CE,Combined TRACON& Tower with Radar,39,38,46,7,130,0,24,45,6,75,39,62,91,13,205,56,56,112,317
11/02/2018,LBB,TX,ASW,CE,Combined TRACON& Tower with Radar,42,48,66,48,204,0,21,48,4,73,42,69,114,52,277,90,0,90,367
11/03/2018,LBB,TX,ASW,CE,Combined TRACON& Tower with Radar,33,42,84,3,162,0,11,49,6,66,33,53,133,9,228,42,0,42,270
11/04/2018,LBB,TX,ASW,CE,Combined TRACON& Tower with Radar,30,25,78,19,152,0,9,63,0,72,30,34,141,19,224,70,10,80,304
11/05/2018,LBB,TX,ASW,CE,Combined TRACON& Tower with Radar,36,34,39,56,165,0,18,31,11,60,36,52,70,67,225,16,46,62,287
11/06/2018,LBB,TX,ASW,CE,Combined TRACON& Tower with Radar,44,51,30,8,133,0,21,47,2,70,44,72,77,10,203,66,0,66,269
11/07/2018,LBB,TX,ASW,CE,Combined TRACON& Tower with Radar,44,48,58,9,159,0,0,1,2,3,44,48,59,11,162,0,0,0,162
11/08/2018,LBB,TX,ASW,CE,Combined TRACON& Tower with Radar,51,50,35,0,136,0,0,0,0,0,51,50,35,0,136,0,0,0,136
11/09/2018,LBB,TX,ASW,CE,Combined TRACON& Tower with Radar,47,47,69,28,191,0,13,44,1,58,47,60,113,29,249,56,32,88,337
11/10/2018,LBB,TX,ASW,CE,Combined TRACON& Tower with Radar,32,51,83,2,168,0,5,43,3,51,32,56,126,5,219,64,0,64,283
11/11/2018,LBB,TX,ASW,CE,Combined TRACON& Tower with Radar,30,24,101,10,165,0,13,29,1,43,30,37,130,11,208,74,16,90,298
11/12/2018,LBB,TX,ASW,CE,Combined TRACON& Tower with Radar,34,34,30,0,98,0,1,2,0,3,34,35,32,0,101,2,0,2,103
11/13/2018,LBB,TX,ASW,CE,Combined TRACON& Tower with Radar,48,50,35,14,147,0,15,44,0,59,48,65,79,14,206,46,20,66,272
11/14/2018,LBB,TX,ASW,CE,Combined TRACON& Tower with Radar,42,49,41,6,138,0,15,47,0,62,42,64,88,6,200,116,0,116,316
11/15/2018,LBB,TX,ASW,CE,Combined TRACON& Tower with Radar,43,37,46,3,129,0,11,54,0,65,43,48,100,3,194,72,4,76,270
11/16/2018,LBB,TX,ASW,CE,Combined TRACON& Tower with Radar,45,42,46,20,153,0,25,44,10,79,45,67,90,30,232,34,28,62,294
11/17/2018,LBB,TX,ASW,CE,Combined TRACON& Tower with Radar,37,23,35,4,99,0,13,41,3,57,37,36,76,7,156,42,0,42,198
11/18/2018,LBB,TX,ASW,CE,Combined TRACON& Tower with Radar,31,21,29,2,83,0,2,7,0,9,31,23,36,2,92,4,0,4,96
11/19/2018,LBB,TX,ASW,CE,Combined TRACON& Tower with Radar,36,19,26,26,107,0,14,23,2,39,36,33,49,28,146,14,2,16,162
11/20/2018,LBB,TX,ASW,CE,Combined TRACON& Tower with Radar,45,37,53,65,200,0,12,45,1,58,45,49,98,66,258,56,44,100,358
11/21/2018,LBB,TX,ASW,CE,Combined TRACON& Tower with Radar,47,43,44,0,134,0,32,49,0,81,47,75,93,0,215,20,0,20,235
11/22/2018,LBB,TX,ASW,CE,Combined TRACON& Tower with Radar,23,14,12,0,49,0,12,15,5,32,23,26,27,5,81,0,0,0,81
11/23/2018,LBB,TX,ASW,CE,Combined TRACON& Tower with Radar,34,35,30,0,99,0,18,28,1,47,34,53,58,1,146,6,0,6,152
11/24/2018,LBB,TX,ASW,CE,Combined TRACON& Tower with Radar,35,21,19,2,77,0,16,22,1,39,35,37,41,3,116,0,0,0,116
11/25/2018,LBB,TX,ASW,CE,Combined TRACON& Tower with Radar,36,27,40,0,103,0,7,28,5,40,36,34,68,5,143,0,0,0,143
11/26/2018,LBB,TX,ASW,CE,Combined TRACON& Tower with Radar,38,23,39,26,126,0,26,43,5,74,38,49,82,31,200,50,18,68,268
11/27/2018,LBB,TX,ASW,CE,Combined TRACON& Tower with Radar,46,43,40,41,170,0,7,37,1,45,46,50,77,42,215,24,50,74,289
11/28/2018,LBB,TX,ASW,CE,Combined TRACON& Tower with Radar,44,43,32,6,125,0,23,40,6,69,44,66,72,12,194,0,0,0,194
11/29/2018,LBB,TX,ASW,CE,Combined TRACON& Tower with Radar,44,41,29,20,134,0,24,42,0,66,44,65,71,20,200,84,0,84,284
11/30/2018,LBB,TX,ASW,CE,Combined TRACON& Tower with Radar,47,47,30,24,148,0,11,14,1,26,47,58,44,25,174,20,4,24,198
12/01/2018,LBB,TX,ASW,CE,Combined TRACON& Tower with Radar,37,24,20,1,82,1,10,26,3,40,38,34,46,4,122,6,0,6,128
12/02/2018,LBB,TX,ASW,CE,Combined TRACON& Tower with Radar,29,22,27,18,96,0,11,46,0,57,29,33,73,18,153,96,12,108,261
12/03/2018,LBB,TX,ASW,CE,Combined TRACON& Tower with Radar,33,38,29,19,119,0,11,36,0,47,33,49,65,19,166,64,0,64,230
12/04/2018,LBB,TX,ASW,CE,Combined TRACON& Tower with Radar,41,40,43,12,136,0,17,36,0,53,41,57,79,12,189,38,4,42,231
12/05/2018,LBB,TX,ASW,CE,Combined TRACON& Tower with Radar,44,42,48,0,134,0,19,36,1,56,44,61,84,1,190,46,0,46,236
12/06/2018,LBB,TX,ASW,CE,Combined TRACON& Tower with Radar,45,50,44,49,188,0,12,26,1,39,45,62,70,50,227,88,28,116,343
12/07/2018,LBB,TX,ASW,CE,Combined TRACON& Tower with Radar,39,55,20,18,132,0,0,0,0,0,39,55,20,18,132,0,0,0,132
12/08/2018,LBB,TX,ASW,CE,Combined TRACON& Tower with Radar,22,9,7,0,38,0,0,2,0,2,22,9,9,0,40,0,0,0,40
12/09/2018,LBB,TX,ASW,CE,Combined TRACON& Tower with Radar,25,31,31,6,93,0,4,8,1,13,25,35,39,7,106,10,2,12,118
12/10/2018,LBB,TX,ASW,CE,Combined TRACON& Tower with Radar,33,33,29,0,95,0,8,20,0,28,33,41,49,0,123,10,0,10,133
12/11/2018,LBB,TX,ASW,CE,Combined TRACON& Tower with Radar,41,40,39,0,120,0,17,32,3,52,41,57,71,3,172,62,0,62,234
12/12/2018,LBB,TX,ASW,CE,Combined TRACON& Tower with Radar,42,52,38,22,154,0,26,49,0,75,42,78,87,22,229,0,0,0,229
12/13/2018,LBB,TX,ASW,CE,Combined TRACON& Tower with Radar,41,30,27,0,98,0,17,11,0,28,41,47,38,0,126,52,12,64,190
12/14/2018,LBB,TX,ASW,CE,Combined TRACON& Tower with Radar,42,46,49,33,170,0,22,25,1,48,42,68,74,34,218,60,68,128,346
12/15/2018,LBB,TX,ASW,CE,Combined TRACON& Tower with Radar,32,27,41,1,101,0,16,47,3,66,32,43,88,4,167,50,0,50,217
12/16/2018,LBB,TX,ASW,CE,Combined TRACON& Tower with Radar,31,19,32,3,85,0,6,40,2,48,31,25,72,5,133,38,0,38,171
12/17/2018,LBB,TX,ASW,CE,Combined TRACON& Tower with Radar,38,32,27,17,114,0,27,18,5,50,38,59,45,22,164,48,18,66,230
12/18/2018,LBB,TX,ASW,CE,Combined TRACON& Tower with Radar,47,46,49,11,153,0,6,31,5,42,47,52,80,16,195,66,14,80,275
12/19/2018,LBB,TX,ASW,CE,Combined TRACON& Tower with Radar,44,38,53,12,147,0,25,30,4,59,44,63,83,16,206,52,0,52,258
12/20/2018,LBB,TX,ASW,CE,Combined TRACON& Tower with Radar,48,50,26,28,152,0,29,20,4,53,48,79,46,32,205,40,12,52,257
12/21/2018,LBB,TX,ASW,CE,Combined TRACON& Tower with Radar,51,43,35,0,129,0,16,43,2,61,51,59,78,2,190,52,0,52,242
12/22/2018,LBB,TX,ASW,CE,Combined TRACON& Tower with Radar,38,30,23,0,91,0,23,36,5,64,38,53,59,5,155,96,0,96,251
12/23/2018,LBB,TX,ASW,CE,Combined TRACON& Tower with Radar,39,23,17,0,79,0,18,37,0,55,39,41,54,0,134,0,0,0,134
12/24/2018,LBB,TX,ASW,CE,Combined TRACON& Tower with Radar,26,17,7,0,50,0,4,17,3,24,26,21,24,3,74,6,0,6,80
12/25/2018,LBB,TX,ASW,CE,Combined TRACON& Tower with Radar,26,23,4,0,53,0,4,8,0,12,26,27,12,0,65,18,0,18,83
12/26/2018,LBB,TX,ASW,CE,Combined TRACON& Tower with Radar,32,38,31,0,101,0,21,7,0,28,32,59,38,0,129,0,0,0,129
12/27/2018,LBB,TX,ASW,CE,Combined TRACON& Tower with Radar,42,46,33,0,121,0,27,24,0,51,42,73,57,0,172,12,0,12,184
12/28/2018,LBB,TX,ASW,CE,Combined TRACON& Tower with Radar,41,45,36,6,128,0,12,10,0,22,41,57,46,6,150,14,0,14,164
12/29/2018,LBB,TX,ASW,CE,Combined TRACON& Tower with Radar,35,30,27,0,92,0,16,10,0,26,35,46,37,0,118,14,0,14,132
12/30/2018,LBB,TX,ASW,CE,Combined TRACON& Tower with Radar,33,23,24,0,80,0,16,14,0,30,33,39,38,0,110,40,0,40,150
12/31/2018,LBB,TX,ASW,CE,Combined TRACON& Tower with Radar,25,21,14,0,60,0,18,21,0,39,25,39,35,0,99,52,0,52,151
01/01/2019,LBB,TX,ASW,CE,Combined TRACON& Tower with Radar,28,18,28,0,74,0,0,0,0,0,28,18,28,0,74,0,0,0,74
01/02/2019,LBB,TX,ASW,CE,Combined TRACON& Tower with Radar,48,46,18,0,112,0,4,8,1,13,48,50,26,1,125,0,0,0,125
01/03/2019,LBB,TX,ASW,CE,Combined TRACON& Tower with Radar,48,38,32,23,141,0,16,21,1,38,48,54,53,24,179,48,40,88,267
01/04/2019,LBB,TX,ASW,CE,Combined TRACON& Tower with Radar,42,39,36,47,164,0,28,56,5,89,42,67,92,52,253,70,26,96,349
01/05/2019,LBB,TX,ASW,CE,Combined TRACON& Tower with Radar,29,19,34,2,84,0,21,85,0,106,29,40,119,2,190,42,0,42,232
01/06/2019,LBB,TX,ASW,CE,Combined TRACON& Tower with Radar,35,29,15,2,81,0,19,24,4,47,35,48,39,6,128,0,0,0,128
01/07/2019,LBB,TX,ASW,CE,Combined TRACON& Tower with Radar,34,28,35,1,98,0,11,29,7,47,34,39,64,8,145,12,0,12,157
01/08/2019,LBB,TX,ASW,CE,Combined TRACON& Tower with Radar,49,37,46,6,138,0,12,36,3,51,49,49,82,9,189,38,8,46,235
01/09/2019,LBB,TX,ASW,CE,Combined TRACON& Tower with Radar,49,40,44,1,134,0,12,30,4,46,49,52,74,5,180,98,0,98,278
01/10/2019,LBB,TX,ASW,CE,Combined TRACON& Tower with Radar,47,43,54,13,157,0,26,40,1,67,47,69,94,14,224,112,0,112,336
01/11/2019,LBB,TX,ASW,CE,Combined TRACON& Tower with Radar,46,47,45,130,268,0,11,28,2,41,46,58,73,132,309,64,86,150,459
01/12/2019,LBB,TX,ASW,CE,Combined TRACON& Tower with Radar,33,25,31,24,113,0,16,15,2,33,33,41,46,26,146,32,16,48,194
01/13/2019,LBB,TX,ASW,CE,Combined TRACON& Tower with Radar,31,25,23,6,85,0,4,24,5,33,31,29,47,11,118,54,16,70,188
01/14/2019,LBB,TX,ASW,CE,Combined TRACON& Tower with Radar,36,29,29,20,114,0,3,13,5,21,36,32,42,25,135,16,24,40,175
01/15/2019,LBB,TX,ASW,CE,Combined TRACON& Tower with Radar,46,44,51,57,198,0,11,23,5,39,46,55,74,62,237,116,58,174,411
01/16/2019,LBB,TX,ASW,CE,Combined TRACON& Tower with Radar,46,52,35,55,188,0,12,35,4,51,46,64,70,59,239,50,110,160,399
01/17/2019,LBB,TX,ASW,CE,Combined TRACON& Tower with Radar,45,35,42,49,171,0,16,53,14,83,45,51,95,63,254,38,38,76,330
01/18/2019,LBB,TX,ASW,CE,Combined TRACON& Tower with Radar,45,44,55,73,217,0,13,13,5,31,45,57,68,78,248,32,80,112,360
01/19/2019,LBB,TX,ASW,CE,Combined TRACON& Tower with Radar,31,34,25,27,117,0,12,35,3,50,31,46,60,30,167,68,18,86,253
01/20/2019,LBB,TX,ASW,CE,Combined TRACON& Tower with Radar,31,14,34,0,79,0,18,22,0,40,31,32,56,0,119,38,0,38,157
01/21/2019,LBB,TX,ASW,CE,Combined TRACON& Tower with Radar,35,37,39,28,139,0,12,22,0,34,35,49,61,28,173,36,0,36,209
01/22/2019,LBB,TX,ASW,CE,Combined TRACON& Tower with Radar,45,34,35,7,121,0,7,20,2,29,45,41,55,9,150,6,12,18,168
01/23/2019,LBB,TX,ASW,CE,Combined TRACON& Tower with Radar,48,38,42,14,142,0,35,35,2,72,48,73,77,16,214,94,26,120,334
01/24/2019,LBB,TX,ASW,CE,Combined TRACON& Tower with Radar,45,43,37,18,143,0,25,29,2,56,45,68,66,20,199,12,20,32,231
01/25/2019,LBB,TX,ASW,CE,Combined TRACON& Tower with Radar,45,39,66,64,214,0,19,49,4,72,45,58,115,68,286,132,18,150,436
01/26/2019,LBB,TX,ASW,CE,Combined TRACON& Tower with Radar,33,21,38,21,113,0,20,58,4,82,33,41,96,25,195,74,27,101,296
01/27/2019,LBB,TX,ASW,CE,Combined TRACON& Tower with Radar,33,13,33,0,79,0,14,46,1,61,33,27,79,1,140,90,0,90,230
01/28/2019,LBB,TX,ASW,CE,Combined TRACON& Tower with Radar,36,25,30,19,110,0,18,14,0,32,36,43,44,19,142,6,34,40,182
01/29/2019,LBB,TX,ASW,CE,Combined TRACON& Tower with Radar,48,34,41,16,139,0,25,44,0,69,48,59,85,16,208,64,16,80,288
01/30/2019,LBB,TX,ASW,CE,Combined TRACON& Tower with Radar,46,30,46,48,170,0,24,44,7,75,46,54,90,55,245,2,30,32,277
01/31/2019,LBB,TX,ASW,CE,Combined TRACON& Tower with Radar,47,38,49,28,162,0,16,33,2,51,47,54,82,30,213,32,38,70,283
02/01/2019,LBB,TX,ASW,CE,Combined TRACON& Tower with Radar,49,41,59,210,359,0,14,63,13,90,49,55,122,223,449,22,248,270,719
02/02/2019,LBB,TX,ASW,CE,Combined TRACON& Tower with Radar,37,28,28,47,140,0,14,39,3,56,37,42,67,50,196,86,24,110,306
02/03/2019,LBB,TX,ASW,CE,Combined TRACON& Tower with Radar,33,23,23,8,87,0,36,33,8,77,33,59,56,16,164,32,0,32,196
02/04/2019,LBB,TX,ASW,CE,Combined TRACON& Tower with Radar,34,22,40,36,132,0,23,55,5,83,34,45,95,41,215,46,10,56,271
02/05/2019,LBB,TX,ASW,CE,Combined TRACON& Tower with Radar,55,43,33,23,154,0,14,45,2,61,55,57,78,25,215,48,0,48,263
02/06/2019,LBB,TX,ASW,CE,Combined TRACON& Tower with Radar,48,51,36,7,142,0,16,37,2,55,48,67,73,9,197,20,0,20,217
02/07/2019,LBB,TX,ASW,CE,Combined TRACON& Tower with Radar,44,41,41,26,152,0,13,42,2,57,44,54,83,28,209,34,26,60,269
02/08/2019,LBB,TX,ASW,CE,Combined TRACON& Tower with Radar,42,40,55,91,228,0,16,47,13,76,42,56,102,104,304,38,108,146,450
02/09/2019,LBB,TX,ASW,CE,Combined TRACON& Tower with Radar,32,29,23,18,102,0,6,27,1,34,32,35,50,19,136,52,0,52,188
02/10/2019,LBB,TX,ASW,CE,Combined TRACON& Tower with Radar,36,11,41,68,156,0,8,32,3,43,36,19,73,71,199,30,30,60,259
02/11/2019,LBB,TX,ASW,CE,Combined TRACON& Tower with Radar,38,26,12,14,90,0,14,16,2,32,38,40,28,16,122,32,10,42,164
02/12/2019,LBB,TX,ASW,CE,Combined TRACON& Tower with Radar,52,42,36,75,205,0,41,67,6,114,52,83,103,81,319,40,110,150,469
02/13/2019,LBB,TX,ASW,CE,Combined TRACON& Tower with Radar,55,45,44,30,174,0,23,38,4,65,55,68,82,34,239,18,46,64,303
02/14/2019,LBB,TX,ASW,CE,Combined TRACON& Tower with Radar,48,46,29,17,140,0,23,31,1,55,48,69,60,18,195,18,20,38,233
02/15/2019,LBB,TX,ASW,CE,Combined TRACON& Tower with Radar,46,46,65,9,166,0,26,38,3,67,46,72,103,12,233,18,4,22,255
02/16/2019,LBB,TX,ASW,CE,Combined TRACON& Tower with Radar,30,23,23,0,76,0,19,17,0,36,30,42,40,0,112,30,0,30,142
02/17/2019,LBB,TX,ASW,CE,Combined TRACON& Tower with Radar,34,15,31,29,109,0,18,65,0,83,34,33,96,29,192,102,12,114,306
02/18/2019,LBB,TX,ASW,CE,Combined TRACON& Tower with Radar,37,34,32,2,105,0,8,30,5,43,37,42,62,7,148,62,0,62,210
02/19/2019,LBB,TX,ASW,CE,Combined TRACON& Tower with Radar,51,37,34,14,136,0,2,1,0,3,51,39,35,14,139,2,0,2,141
02/20/2019,LBB,TX,ASW,CE,Combined TRACON& Tower with Radar,55,36,24,45,160,0,14,54,4,72,55,50,78,49,232,16,4,20,252
02/21/2019,LBB,TX,ASW,CE,Combined TRACON& Tower with Radar,50,44,65,99,258,0,26,56,2,84,50,70,121,101,342,54,72,126,468
02/22/2019,LBB,TX,ASW,CE,Combined TRACON& Tower with Radar,52,56,63,46,217,0,9,10,5,24,52,65,73,51,241,22,6,28,269
02/23/2019,LBB,TX,ASW,CE,Combined TRACON& Tower with Radar,32,22,22,17,93,0,7,10,0,17,32,29,32,17,110,0,26,26,136
02/24/2019,LBB,TX,ASW,CE,Combined TRACON& Tower with Radar,33,28,41,12,114,0,18,75,2,95,33,46,116,14,209,60,12,72,281
02/25/2019,LBB,TX,ASW,CE,Combined TRACON& Tower with Radar,36,24,36,28,124,0,21,60,7,88,36,45,96,35,212,28,28,56,268
02/26/2019,LBB,TX,ASW,CE,Combined TRACON& Tower with Radar,45,47,56,120,268,0,13,68,13,94,45,60,124,133,362,56,44,100,462
02/27/2019,LBB,TX,ASW,CE,Combined TRACON& Tower with Radar,47,53,67,91,258,0,18,56,8,82,47,71,123,99,340,70,34,104,444
02/28/2019,LBB,TX,ASW,CE,Combined TRACON& Tower with Radar,43,41,76,152,312,0,20,72,7,99,43,61,148,159,411,80,181,261,672
03/01/2019,LBB,TX,ASW,CE,Combined TRACON& Tower with Radar,50,50,55,23,178,0,14,56,3,73,50,64,111,26,251,44,24,68,319
03/02/2019,LBB,TX,ASW,CE,Combined TRACON& Tower with Radar,34,33,43,7,117,0,2,2,0,4,34,35,45,7,121,2,0,2,123
03/03/2019,LBB,TX,ASW,CE,Combined TRACON& Tower with Radar,34,21,28,0,83,0,0,2,0,2,34,21,30,0,85,0,0,0,85
03/04/2019,LBB,TX,ASW,CE,Combined TRACON& Tower with Radar,38,29,36,4,107,0,11,24,0,35,38,40,60,4,142,20,36,56,198
03/05/2019,LBB,TX,ASW,CE,Combined TRACON& Tower with Radar,49,39,43,14,145,0,15,57,7,79,49,54,100,21,224,54,6,60,284
03/06/2019,LBB,TX,ASW,CE,Combined TRACON& Tower with Radar,47,39,38,43,167,0,13,32,4,49,47,52,70,47,216,18,0,18,234
03/07/2019,LBB,TX,ASW,CE,Combined TRACON& Tower with Radar,56,39,47,2,144,0,27,32,2,61,56,66,79,4,205,14,4,18,223
03/08/2019,LBB,TX,ASW,CE,Combined TRACON& Tower with Radar,48,48,54,90,240,0,11,41,10,62,48,59,95,100,302,44,44,88,390
03/09/2019,LBB,TX,ASW,CE,Combined TRACON& Tower with Radar,35,36,32,37,140,0,10,17,10,37,35,46,49,47,177,0,14,14,191
03/10/2019,LBB,TX,ASW,CE,Combined TRACON& Tower with Radar,41,20,25,6,92,0,2,34,0,36,41,22,59,6,128,40,0,40,168
03/11/2019,LBB,TX,ASW,CE,Combined TRACON& Tower with Radar,32,31,12,1,76,0,0,0,0,0,32,31,12,1,76,0,0,0,76
03/12/2019,LBB,TX,ASW,CE,Combined TRACON& Tower with Radar,34,18,30,1,83,0,0,1,0,1,34,18,31,1,84,0,0,0,84
03/13/2019,LBB,TX,ASW,CE,Combined TRACON& Tower with Radar,38,22,23,4,87,0,3,5,0,8,38,25,28,4,95,0,0,0,95
03/14/2019,LBB,TX,ASW,CE,Combined TRACON& Tower with Radar,45,49,58,49,201,0,21,50,18,89,45,70,108,67,290,64,24,88,378
03/15/2019,LBB,TX,ASW,CE,Combined TRACON& Tower with Radar,47,35,52,64,198,0,15,79,16,110,47,50,131,80,308,34,112,146,454
03/16/2019,LBB,TX,ASW,CE,Combined TRACON& Tower with Radar,37,26,40,11,114,0,13,52,7,72,37,39,92,18,186,62,4,66,252
03/17/2019,LBB,TX,ASW,CE,Combined TRACON& Tower with Radar,38,18,32,14,102,0,18,28,2,48,38,36,60,16,150,90,34,124,274
03/18/2019,LBB,TX,ASW,CE,Combined TRACON& Tower with Radar,42,28,56,29,155,0,23,44,6,73,42,51,100,35,228,72,12,84,312
03/19/2019,LBB,TX,ASW,CE,Combined TRACON& Tower with Radar,47,37,56,16,156,0,23,43,1,67,47,60,99,17,223,36,12,48,271
03/20/2019,LBB,TX,ASW,CE,Combined TRACON& Tower with Radar,49,50,52,14,165,0,33,52,5,90,49,83,104,19,255,48,10,58,313
03/21/2019,LBB,TX,ASW,CE,Combined TRACON& Tower with Radar,48,44,56,68,216,0,12,51,6,69,48,56,107,74,285,86,10,96,381
03/22/2019,LBB,TX,ASW,CE,Combined TRACON& Tower with Radar,45,45,57,4,151,0,10,20,0,30,45,55,77,4,181,6,0,6,187
03/23/2019,LBB,TX,ASW,CE,Combined TRACON& Tower with Radar,35,35,43,23,136,0,14,44,0,58,35,49,87,23,194,34,14,48,242
03/24/2019,LBB,TX,ASW,CE,Combined TRACON& Tower with Radar,38,26,47,16,127,0,29,46,7,82,38,55,93,23,209,54,32,86,295
03/25/2019,LBB,TX,ASW,CE,Combined TRACON& Tower with Radar,35,27,31,70,163,0,17,35,14,66,35,44,66,84,229,46,10,56,285
03/26/2019,LBB,TX,ASW,CE,Combined TRACON& Tower with Radar,50,42,40,43,175,0,17,48,6,71,50,59,88,49,246,36,0,36,282
03/27/2019,LBB,TX,ASW,CE,Combined TRACON& Tower with Radar,49,41,65,31,186,0,21,39,9,69,49,62,104,40,255,22,8,30,285
03/28/2019,LBB,TX,ASW,CE,Combined TRACON& Tower with Radar,50,38,57,36,181,0,22,30,6,58,50,60,87,42,239,26,18,44,283
03/29/2019,LBB,TX,ASW,CE,Combined TRACON& Tower with Radar,52,46,55,255,408,0,24,53,10,87,52,70,108,265,495,100,84,184,679
03/30/2019,LBB,TX,ASW,CE,Combined TRACON& Tower with Radar,35,29,24,57,145,0,3,21,12,36,35,32,45,69,181,8,40,48,229
03/31/2019,LBB,TX,ASW,CE,Combined TRACON& Tower with Radar,41,14,62,33,150,0,23,41,10,74,41,37,103,43,224,42,34,76,300
04/01/2019,LBB,TX,ASW,CE,Combined TRACON& Tower with Radar,39,22,21,14,96,0,13,44,7,64,39,35,65,21,160,40,12,52,212
04/02/2019,LBB,TX,ASW,CE,Combined TRACON& Tower with Radar,50,35,30,31,146,0,23,54,9,86,50,58,84,40,232,70,48,118,350
04/03/2019,LBB,TX,ASW,CE,Combined TRACON& Tower with Radar,48,44,29,47,168,0,18,41,7,66,48,62,70,54,234,25,34,59,293
04/04/2019,LBB,TX,ASW,CE,Combined TRACON& Tower with Radar,51,37,38,118,244,0,9,55,7,71,51,46,93,125,315,48,100,148,463
04/05/2019,LBB,TX,ASW,CE,Combined TRACON& Tower with Radar,55,40,55,56,206,0,10,40,7,57,55,50,95,63,263,70,52,122,385
04/06/2019,LBB,TX,ASW,CE,Combined TRACON& Tower with Radar,33,29,38,45,145,0,23,36,1,60,33,52,74,46,205,128,18,146,351
04/07/2019,LBB,TX,ASW,CE,Combined TRACON& Tower with Radar,36,15,29,47,127,0,39,22,3,64,36,54,51,50,191,48,20,68,259
04/08/2019,LBB,TX,ASW,CE,Combined TRACON& Tower with Radar,34,22,45,60,161,0,14,47,1,62,34,36,92,61,223,12,12,24,247
04/09/2019,LBB,TX,ASW,CE,Combined TRACON& Tower with Radar,60,44,84,27,215,0,16,62,4,82,60,60,146,31,297,74,12,86,383
04/10/2019,LBB,TX,ASW,CE,Combined TRACON& Tower with Radar,47,28,16,2,93,0,6,13,0,19,47,34,29,2,112,0,0,0,112
04/11/2019,LBB,TX,ASW,CE,Combined TRACON& Tower with Radar,48,43,38,53,182,0,17,62,2,81,48,60,100,55,263,104,78,182,445
04/12/2019,LBB,TX,ASW,CE,Combined TRACON& Tower with Radar,45,52,43,5,145,0,9,41,2,52,45,61,84,7,197,48,0,48,245
04/13/2019,LBB,TX,ASW,CE,Combined TRACON& Tower with Radar,28,22,10,0,60,0,2,2,0,4,28,24,12,0,64,0,0,0,64
04/14/2019,LBB,TX,ASW,CE,Combined TRACON& Tower with Radar,33,19,31,0,83,0,15,46,4,65,33,34,77,4,148,32,0,32,180
04/15/2019,LBB,TX,ASW,CE,Combined TRACON& Tower with Radar,38,25,32,46,141,0,29,37,9,75,38,54,69,55,216,34,92,126,342
04/16/2019,LBB,TX,ASW,CE,Combined TRACON& Tower with Radar,48,43,43,43,177,0,17,48,9,74,48,60,91,52,251,80,60,140,391
04/17/2019,LBB,TX,ASW,CE,Combined TRACON& Tower with Radar,47,43,49,122,261,0,12,19,5,36,47,55,68,127,297,34,54,88,385
04/18/2019,LBB,TX,ASW,CE,Combined TRACON& Tower with Radar,51,39,43,72,205,0,19,43,8,70,51,58,86,80,275,46,62,108,383
04/19/2019,LBB,TX,ASW,CE,Combined TRACON& Tower with Radar,49,39,47,65,200,0,22,84,9,115,49,61,131,74,315,72,16,88,403
04/20/2019,LBB,TX,ASW,CE,Combined TRACON& Tower with Radar,32,18,19,7,76,0,19,33,0,52,32,37,52,7,128,58,6,64,192
04/21/2019,LBB,TX,ASW,CE,Combined TRACON& Tower with Radar,33,18,15,17,83,0,11,30,3,44,33,29,45,20,127,30,0,30,157
04/22/2019,LBB,TX,ASW,CE,Combined TRACON& Tower with Radar,38,26,32,35,131,0,18,29,11,58,38,44,61,46,189,20,20,40,229
04/23/2019,LBB,TX,ASW,CE,Combined TRACON& Tower with Radar,43,46,52,16,157,0,4,9,0,13,43,50,61,16,170,28,0,28,198
04/24/2019,LBB,TX,ASW,CE,Combined TRACON& Tower with Radar,45,50,55,57,207,0,12,27,12,51,45,62,82,69,258,54,18,72,330
04/25/2019,LBB,TX,ASW,CE,Combined TRACON& Tower with Radar,46,40,37,45,168,0,28,54,4,86,46,68,91,49,254,30,16,46,300
04/26/2019,LBB,TX,ASW,CE,Combined TRACON& Tower with Radar,51,45,43,29,168,0,13,62,3,78,51,58,105,32,246,46,10,56,302
04/27/2019,LBB,TX,ASW,CE,Combined TRACON& Tower with Radar,34,21,53,1,109,0,10,48,0,58,34,31,101,1,167,26,0,26,193
04/28/2019,LBB,TX,ASW,CE,Combined TRACON& Tower with Radar,35,28,34,0,97,0,22,65,0,87,35,50,99,0,184,28,0,28,212
04/29/2019,LBB,TX,ASW,CE,Combined TRACON& Tower with Radar,37,30,33,54,154,0,19,28,3,50,37,49,61,57,204,82,32,114,318
04/30/2019,LBB,TX,ASW,CE,Combined TRACON& Tower with Radar,49,47,38,28,162,0,4,10,0,14,49,51,48,28,176,0,0,0,176
05/01/2019,LBB,TX,ASW,CE,Combined TRACON& Tower with Radar,46,37,57,161,301,0,19,66,12,97,46,56,123,173,398,68,130,198,596
05/02/2019,LBB,TX,ASW,CE,Combined TRACON& Tower with Radar,44,44,49,2,139,0,0,15,8,23,44,44,64,10,162,10,0,10,172
05/03/2019,LBB,TX,ASW,CE,Combined TRACON& Tower with Radar,47,53,54,21,175,0,10,14,2,26,47,63,68,23,201,4,24,28,229
05/04/2019,LBB,TX,ASW,CE,Combined TRACON& Tower with Radar,40,30,31,4,105,0,11,30,2,43,40,41,61,6,148,24,0,24,172
05/05/2019,LBB,TX,ASW,CE,Combined TRACON& Tower with Radar,35,20,35,12,102,0,10,14,3,27,35,30,49,15,129,6,0,6,135
05/06/2019,LBB,TX,ASW,CE,Combined TRACON& Tower with Radar,43,31,27,21,122,0,15,56,2,73,43,46,83,23,195,74,0,74,269
05/07/2019,LBB,TX,ASW,CE,Combined TRACON& Tower with Radar,52,45,48,36,181,0,6,11,0,17,52,51,59,36,198,16,8,24,222
05/08/2019,LBB,TX,ASW,CE,Combined TRACON& Tower with Radar,54,47,35,183,319,0,13,51,8,72,54,60,86,191,391,96,204,300,691
05/09/2019,LBB,TX,ASW,CE,Combined TRACON& Tower with Radar,52,46,82,10,190,0,3,13,0,16,52,49,95,10,206,8,2,10,216
05/10/2019,LBB,TX,ASW,CE,Combined TRACON& Tower with Radar,51,42,58,49,200,0,2,0,0,2,51,44,58,49,202,54,42,96,298
05/11/2019,LBB,TX,ASW,CE,Combined TRACON& Tower with Radar,40,20,25,7,92,0,16,18,4,38,40,36,43,11,130,22,2,24,154
05/12/2019,LBB,TX,ASW,CE,Combined TRACON& Tower with Radar,38,16,23,2,79,0,7,21,2,30,38,23,44,4,109,46,0,46,155
05/13/2019,LBB,TX,ASW,CE,Combined TRACON& Tower with Radar,39,28,29,23,119,0,6,25,0,31,39,34,54,23,150,36,12,48,198
05/14/2019,LBB,TX,ASW,CE,Combined TRACON& Tower with Radar,52,42,35,27,156,0,15,51,6,72,52,57,86,33,228,52,24,76,304
05/15/2019,LBB,TX,ASW,CE,Combined TRACON& Tower with Radar,52,43,45,107,247,0,14,52,14,80,52,57,97,121,327,28,104,132,459
05/16/2019,LBB,TX,ASW,CE,Combined TRACON& Tower with Radar,50,47,51,27,175,0,11,36,3,50,50,58,87,30,225,10,18,28,253
05/17/2019,LBB,TX,ASW,CE,Combined TRACON& Tower with Radar,49,42,33,9,133,0,12,27,3,42,49,54,60,12,175,32,0,32,207
05/18/2019,LBB,TX,ASW,CE,Combined TRACON& Tower with Radar,39,24,32,49,144,0,10,23,5,38,39,34,55,54,182,0,18,18,200
05/19/2019,LBB,TX,ASW,CE,Combined TRACON& Tower with Radar,37,19,34,9,99,0,5,33,7,45,37,24,67,16,144,20,12,32,176
05/20/2019,LBB,TX,ASW,CE,Combined TRACON& Tower with Radar,32,31,26,2,91,0,2,6,2,10,32,33,32,4,101,0,0,0,101
05/21/2019,LBB,TX,ASW,CE,Combined TRACON& Tower with Radar,58,38,33,49,178,0,17,22,8,47,58,55,55,57,225,18,4,22,247
05/22/2019,LBB,TX,ASW,CE,Combined TRACON& Tower with Radar,48,46,51,13,158,0,14,34,0,48,48,60,85,13,206,42,16,58,264
05/23/2019,LBB,TX,ASW,CE,Combined TRACON& Tower with Radar,44,41,53,4,142,0,8,8,0,16,44,49,61,4,158,0,0,0,158
05/24/2019,LBB,TX,ASW,CE,Combined TRACON& Tower with Radar,44,44,22,0,110,0,1,0,0,1,44,45,22,0,111,0,0,0,111
05/25/2019,LBB,TX,ASW,CE,Combined TRACON& Tower with Radar,40,29,19,2,90,0,4,5,2,11,40,33,24,4,101,6,0,6,107
05/26/2019,LBB,TX,ASW,CE,Combined TRACON& Tower with Radar,32,25,29,0,86,0,5,4,4,13,32,30,33,4,99,0,0,0,99
05/27/2019,LBB,TX,ASW,CE,Combined TRACON& Tower with Radar,32,28,24,2,86,0,8,34,0,42,32,36,58,2,128,38,4,42,170
05/28/2019,LBB,TX,ASW,CE,Combined TRACON& Tower with Radar,45,40,18,61,164,0,7,27,6,40,45,47,45,67,204,32,20,52,256
05/29/2019,LBB,TX,ASW,CE,Combined TRACON& Tower with Radar,50,46,39,30,165,0,11,15,1,27,50,57,54,31,192,22,8,30,222
05/30/2019,LBB,TX,ASW,CE,Combined TRACON& Tower with Radar,49,40,39,2,130,0,11,35,2,48,49,51,74,4,178,12,0,12,190
05/31/2019,LBB,TX,ASW,CE,Combined TRACON& Tower with Radar,49,45,40,0,134,0,13,34,2,49,49,58,74,2,183,20,0,20,203
06/01/2019,LBB,TX,ASW,CE,Combined TRACON& Tower with Radar,34,28,19,2,83,0,7,41,0,48,34,35,60,2,131,14,0,14,145
06/02/2019,LBB,TX,ASW,CE,Combined TRACON& Tower with Radar,38,26,30,0,94,0,5,11,1,17,38,31,41,1,111,10,0,10,121
06/03/2019,LBB,TX,ASW,CE,Combined TRACON& Tower with Radar,43,22,20,25,110,0,7,33,2,42,43,29,53,27,152,22,0,22,174
06/04/2019,LBB,TX,ASW,CE,Combined TRACON& Tower with Radar,48,36,50,26,160,0,21,46,3,70,48,57,96,29,230,28,22,50,280
06/05/2019,LBB,TX,ASW,CE,Combined TRACON& Tower with Radar,52,34,59,79,224,0,6,41,6,53,52,40,100,85,277,28,42,70,347
06/06/2019,LBB,TX,ASW,CE,Combined TRACON& Tower with Radar,50,39,45,36,170,0,15,56,8,79,50,54,101,44,249,24,14,38,287
06/07/2019,LBB,TX,ASW,CE,Combined TRACON& Tower with Radar,44,40,46,22,152,0,23,66,3,92,44,63,112,25,244,60,4,64,308
06/08/2019,LBB,TX,ASW,CE,Combined TRACON& Tower with Radar,35,23,27,2,87,0,17,78,1,96,35,40,105,3,183,72,0,72,255
06/09/2019,LBB,TX,ASW,CE,Combined TRACON& Tower with Radar,30,17,40,2,89,0,11,8,0,19,30,28,48,2,108,0,0,0,108
06/10/2019,LBB,TX,ASW,CE,Combined TRACON& Tower with Radar,37,27,44,14,122,0,13,40,2,55,37,40,84,16,177,26,4,30,207
06/11/2019,LBB,TX,ASW,CE,Combined TRACON& Tower with Radar,46,43,45,85,219,0,15,46,6,67,46,58,91,91,286,60,28,88,374
06/12/2019,LBB,TX,ASW,CE,Combined TRACON& Tower with Radar,51,38,27,19,135,0,14,29,4,47,51,52,56,23,182,46,0,46,228
06/13/2019,LBB,TX,ASW,CE,Combined TRACON& Tower with Radar,51,39,34,10,134,0,16,29,2,47,51,55,63,12,181,12,0,12,193
06/14/2019,LBB,TX,ASW,CE,Combined TRACON& Tower with Radar,49,37,61,45,192,0,12,48,6,66,49,49,109,51,258,28,44,72,330
06/15/2019,LBB,TX,ASW,CE,Combined TRACON& Tower with Radar,34,30,32,0,96,0,23,32,3,58,34,53,64,3,154,30,0,30,184
06/16/2019,LBB,TX,ASW,CE,Combined TRACON& Tower with Radar,45,12,39,0,96,0,18,32,8,58,45,30,71,8,154,10,0,10,164
06/17/2019,LBB,TX,ASW,CE,Combined TRACON& Tower with Radar,38,22,43,35,138,0,12,37,5,54,38,34,80,40,192,69,34,103,295
06/18/2019,LBB,TX,ASW,CE,Combined TRACON& Tower with Radar,49,37,40,40,166,0,13,27,2,42,49,50,67,42,208,32,34,66,274
06/19/2019,LBB,TX,ASW,CE,Combined TRACON& Tower with Radar,46,40,50,12,148,0,22,38,11,71,46,62,88,23,219,108,4,112,331
06/20/2019,LBB,TX,ASW,CE,Combined TRACON& Tower with Radar,46,42,34,30,152,0,31,49,6,86,46,73,83,36,238,42,20,62,300
06/21/2019,LBB,TX,ASW,CE,Combined TRACON& Tower with Radar,48,41,30,6,125,0,26,25,1,52,48,67,55,7,177,50,0,50,227
06/22/2019,LBB,TX,ASW,CE,Combined TRACON& Tower with Radar,41,31,17,3,92,0,22,40,6,68,41,53,57,9,160,38,0,38,198
06/23/2019,LBB,TX,ASW,CE,Combined TRACON& Tower with Radar,38,18,22,20,98,0,9,43,3,55,38,27,65,23,153,26,0,26,179
06/24/2019,LBB,TX,ASW,CE,Combined TRACON& Tower with Radar,41,27,43,57,168,0,28,40,3,71,41,55,83,60,239,58,12,70,309
06/25/2019,LBB,TX,ASW,CE,Combined TRACON& Tower with Radar,53,36,33,14,136,0,17,41,7,65,53,53,74,21,201,38,0,38,239
06/26/2019,LBB,TX,ASW,CE,Combined TRACON& Tower with Radar,46,43,53,35,177,0,15,37,3,55,46,58,90,38,232,58,10,68,300
06/27/2019,LBB,TX,ASW,CE,Combined TRACON& Tower with Radar,49,41,39,23,152,0,17,41,1,59,49,58,80,24,211,52,14,66,277
06/28/2019,LBB,TX,ASW,CE,Combined TRACON& Tower with Radar,50,40,27,38,155,0,14,63,2,79,50,54,90,40,234,85,16,101,335
06/29/2019,LBB,TX,ASW,CE,Combined TRACON& Tower with Radar,40,24,16,20,100,0,29,50,5,84,40,53,66,25,184,106,30,136,320
06/30/2019,LBB,TX,ASW,CE,Combined TRACON& Tower with Radar,37,17,34,6,94,0,26,43,0,69,37,43,77,6,163,28,0,28,191
07/01/2019,LBB,TX,ASW,CE,Combined TRACON& Tower with Radar,45,27,27,11,110,0,21,30,3,54,45,48,57,14,164,12,0,12,176
07/02/2019,LBB,TX,ASW,CE,Combined TRACON& Tower with Radar,47,31,28,17,123,0,24,27,2,53,47,55,55,19,176,66,2,68,244
07/03/2019,LBB,TX,ASW,CE,Combined TRACON& Tower with Radar,43,41,32,45,161,0,20,38,0,58,43,61,70,45,219,54,32,86,305
07/04/2019,LBB,TX,ASW,CE,Combined TRACON& Tower with Radar,25,20,22,0,67,0,7,32,0,39,25,27,54,0,106,20,0,20,126
07/05/2019,LBB,TX,ASW,CE,Combined TRACON& Tower with Radar,41,33,28,2,104,0,15,57,4,76,41,48,85,6,180,38,2,40,220
07/06/2019,LBB,TX,ASW,CE,Combined TRACON& Tower with Radar,32,16,26,2,76,0,17,18,0,35,32,33,44,2,111,6,0,6,117
07/07/2019,LBB,TX,ASW,CE,Combined TRACON& Tower with Radar,44,18,53,3,118,0,10,27,0,37,44,28,80,3,155,12,0,12,167
07/08/2019,LBB,TX,ASW,CE,Combined TRACON& Tower with Radar,40,28,35,57,160,0,13,34,4,51,40,41,69,61,211,64,64,128,339
07/09/2019,LBB,TX,ASW,CE,Combined TRACON& Tower with Radar,47,34,42,42,165,0,30,37,7,74,47,64,79,49,239,30,12,42,281
07/10/2019,LBB,TX,ASW,CE,Combined TRACON& Tower with Radar,47,35,33,27,142,0,11,34,2,47,47,46,67,29,189,6,4,10,199
07/11/2019,LBB,TX,ASW,CE,Combined TRACON& Tower with Radar,50,35,59,6,150,0,29,46,0,75,50,64,105,6,225,58,2,60,285
07/12/2019,LBB,TX,ASW,CE,Combined TRACON& Tower with Radar,48,33,60,31,172,0,15,47,1,63,48,48,107,32,235,22,10,32,267
07/13/2019,LBB,TX,ASW,CE,Combined TRACON& Tower with Radar,38,29,30,10,107,0,19,46,1,66,38,48,76,11,173,12,0,12,185
07/14/2019,LBB,TX,ASW,CE,Combined TRACON& Tower with Radar,39,19,42,3,103,0,24,39,1,64,39,43,81,4,167,64,0,64,231
07/15/2019,LBB,TX,ASW,CE,Combined TRACON& Tower with Radar,39,21,33,57,150,0,26,53,4,83,39,47,86,61,233,80,22,102,335
07/16/2019,LBB,TX,ASW,CE,Combined TRACON& Tower with Radar,49,42,43,12,146,0,9,36,2,47,49,51,79,14,193,34,10,44,237
07/17/2019,LBB,TX,ASW,CE,Combined TRACON& Tower with Radar,51,36,32,17,136,0,16,42,2,60,51,52,74,19,196,52,30,82,278
07/18/2019,LBB,TX,ASW,CE,Combined TRACON& Tower with Radar,48,37,36,20,141,0,25,75,2,102,48,62,111,22,243,87,44,131,374
07/19/2019,LBB,TX,ASW,CE,Combined TRACON& Tower with Radar,47,38,40,12,137,0,25,48,4,77,47,63,88,16,214,26,0,26,240
07/20/2019,LBB,TX,ASW,CE,Combined TRACON& Tower with Radar,35,19,26,1,81,0,15,39,0,54,35,34,65,1,135,86,0,86,221
07/21/2019,LBB,TX,ASW,CE,Combined TRACON& Tower with Radar,37,20,20,16,93,0,27,36,1,64,37,47,56,17,157,32,0,32,189
07/22/2019,LBB,TX,ASW,CE,Combined TRACON& Tower with Radar,42,38,41,31,152,0,10,19,2,31,42,48,60,33,183,28,54,82,265
07/23/2019,LBB,TX,ASW,CE,Combined TRACON& Tower with Radar,47,41,45,25,158,0,20,42,4,66,47,61,87,29,224,90,30,120,344
07/24/2019,LBB,TX,ASW,CE,Combined TRACON& Tower with Radar,48,36,28,39,151,0,33,60,0,93,48,69,88,39,244,116,2,118,362
07/25/2019,LBB,TX,ASW,CE,Combined TRACON& Tower with Radar,48,39,40,19,146,0,21,61,4,86,48,60,101,23,232,80,36,116,348
07/26/2019,LBB,TX,ASW,CE,Combined TRACON& Tower with Radar,49,37,34,33,153,0,16,59,7,82,49,53,93,40,235,84,62,146,381
07/27/2019,LBB,TX,ASW,CE,Combined TRACON& Tower with Radar,35,22,29,2,88,0,18,61,4,83,35,40,90,6,171,94,0,94,265
07/28/2019,LBB,TX,ASW,CE,Combined TRACON& Tower with Radar,37,27,33,0,97,0,18,31,0,49,37,45,64,0,146,34,0,34,180
07/29/2019,LBB,TX,ASW,CE,Combined TRACON& Tower with Radar,39,25,42,25,131,0,18,37,8,63,39,43,79,33,194,48,2,50,244
07/30/2019,LBB,TX,ASW,CE,Combined TRACON& Tower with Radar,49,30,34,24,137,0,25,46,13,84,49,55,80,37,221,84,16,100,321
07/31/2019,LBB,TX,ASW,CE,Combined TRACON& Tower with Radar,47,33,38,75,193,0,20,59,10,89,47,53,97,85,282,80,44,124,406
08/01/2019,LBB,TX,ASW,CE,Combined TRACON& Tower with Radar,50,36,42,27,155,0,28,54,8,90,50,64,96,35,245,26,8,34,279
08/02/2019,LBB,TX,ASW,CE,Combined TRACON& Tower with Radar,42,41,44,43,170,0,18,54,2,74,42,59,98,45,244,96,18,114,358
08/03/2019,LBB,TX,ASW,CE,Combined TRACON& Tower with Radar,36,16,15,0,67,0,15,29,0,44,36,31,44,0,111,68,0,68,179
08/04/2019,LBB,TX,ASW,CE,Combined TRACON& Tower with Radar,34,13,39,0,86,0,25,45,11,81,34,38,84,11,167,94,0,94,261
08/05/2019,LBB,TX,ASW,CE,Combined TRACON& Tower with Radar,42,22,25,20,109,0,23,31,1,55,42,45,56,21,164,50,12,62,226
08/06/2019,LBB,TX,ASW,CE,Combined TRACON& Tower with Radar,48,38,27,14,127,0,17,26,3,46,48,55,53,17,173,44,16,60,233
08/07/2019,LBB,TX,ASW,CE,Combined TRACON& Tower with Radar,50,37,26,22,135,0,10,37,2,49,50,47,63,24,184,44,8,52,236
08/08/2019,LBB,TX,ASW,CE,Combined TRACON& Tower with Radar,44,41,48,34,167,0,13,50,2,65,44,54,98,36,232,12,12,24,256
08/09/2019,LBB,TX,ASW,CE,Combined TRACON& Tower with Radar,54,51,41,3,149,0,22,66,1,89,54,73,107,4,238,18,0,18,256
08/10/2019,LBB,TX,ASW,CE,Combined TRACON& Tower with Radar,33,29,19,1,82,0,17,43,1,61,33,46,62,2,143,52,0,52,195
08/11/2019,LBB,TX,ASW,CE,Combined TRACON& Tower with Radar,39,18,38,0,95,0,9,28,0,37,39,27,66,0,132,56,0,56,188
08/12/2019,LBB,TX,ASW,CE,Combined TRACON& Tower with Radar,39,23,21,23,106,0,24,42,1,67,39,47,63,24,173,64,0,64,237
08/13/2019,LBB,TX,ASW,CE,Combined TRACON& Tower with Radar,52,44,26,14,136,0,27,51,2,80,52,71,77,16,216,62,6,68,284
08/14/2019,LBB,TX,ASW,CE,Combined TRACON& Tower with Radar,45,39,47,7,138,0,14,33,5,52,45,53,80,12,190,58,2,60,250
08/15/2019,LBB,TX,ASW,CE,Combined TRACON& Tower with Radar,45,51,49,36,181,0,20,41,4,65,45,71,90,40,246,70,32,102,348
08/16/2019,LBB,TX,ASW,CE,Combined TRACON& Tower with Radar,48,39,58,20,165,0,16,50,2,68,48,55,108,22,233,58,0,58,291
08/17/2019,LBB,TX,ASW,CE,Combined TRACON& Tower with Radar,34,26,31,1,92,0,9,36,0,45,34,35,67,1,137,68,0,68,205
08/18/2019,LBB,TX,ASW,CE,Combined TRACON& Tower with Radar,37,21,45,8,111,0,16,46,3,65,37,37,91,11,176,56,0,56,232
08/19/2019,LBB,TX,ASW,CE,Combined TRACON& Tower with Radar,40,36,31,10,117,0,22,49,4,75,40,58,80,14,192,50,44,94,286
08/20/2019,LBB,TX,ASW,CE,Combined TRACON& Tower with Radar,47,41,39,13,140,0,33,44,0,77,47,74,83,13,217,88,6,94,311
08/21/2019,LBB,TX,ASW,CE,Combined TRACON& Tower with Radar,48,43,46,13,150,0,21,49,2,72,48,64,95,15,222,94,0,94,316
08/22/2019,LBB,TX,ASW,CE,Combined TRACON& Tower with Radar,53,41,58,13,165,0,21,43,9,73,53,62,101,22,238,38,4,42,280
08/23/2019,LBB,TX,ASW,CE,Combined TRACON& Tower with Radar,45,42,40,55,182,0,10,32,5,47,45,52,72,60,229,80,36,116,345
08/24/2019,LBB,TX,ASW,CE,Combined TRACON& Tower with Radar,34,28,57,17,136,0,18,30,3,51,34,46,87,20,187,60,0,60,247
08/25/2019,LBB,TX,ASW,CE,Combined TRACON& Tower with Radar,39,13,28,5,85,0,23,24,2,49,39,36,52,7,134,76,0,76,210
08/26/2019,LBB,TX,ASW,CE,Combined TRACON& Tower with Radar,42,24,18,20,104,0,23,28,0,51,42,47,46,20,155,46,0,46,201
08/27/2019,LBB,TX,ASW,CE,Combined TRACON& Tower with Radar,43,48,46,4,141,0,17,16,0,33,43,65,62,4,174,26,0,26,200
08/28/2019,LBB,TX,ASW,CE,Combined TRACON& Tower with Radar,49,48,48,25,170,0,9,16,0,25,49,57,64,25,195,60,4,64,259
08/29/2019,LBB,TX,ASW,CE,Combined TRACON& Tower with Radar,48,36,49,8,141,0,32,43,2,77,48,68,92,10,218,59,2,61,279
08/30/2019,LBB,TX,ASW,CE,Combined TRACON& Tower with Radar,50,46,62,2,160,0,21,36,2,59,50,67,98,4,219,72,0,72,291
08/31/2019,LBB,TX,ASW,CE,Combined TRACON& Tower with Radar,35,23,20,0,78,0,17,42,0,59,35,40,62,0,137,56,0,56,193
09/01/2019,LBB,TX,ASW,CE,Combined TRACON& Tower with Radar,29,11,18,0,58,0,12,29,2,43,29,23,47,2,101,67,0,67,168
09/02/2019,LBB,TX,ASW,CE,Combined TRACON& Tower with Radar,34,17,39,4,94,0,7,50,2,59,34,24,89,6,153,32,0,32,185
09/03/2019,LBB,TX,ASW,CE,Combined TRACON& Tower with Radar,41,35,21,10,107,0,22,52,0,74,41,57,73,10,181,30,0,30,211
09/04/2019,LBB,TX,ASW,CE,Combined TRACON& Tower with Radar,45,34,24,45,148,0,14,43,2,59,45,48,67,47,207,70,64,134,341
09/05/2019,LBB,TX,ASW,CE,Combined TRACON& Tower with Radar,47,30,38,43,158,0,22,51,0,73,47,52,89,43,231,54,34,88,319
09/06/2019,LBB,TX,ASW,CE,Combined TRACON& Tower with Radar,47,37,52,54,190,0,22,69,1,92,47,59,121,55,282,58,48,106,388
09/07/2019,LBB,TX,ASW,CE,Combined TRACON& Tower with Radar,32,23,37,10,102,0,18,77,2,97,32,41,114,12,199,42,0,42,241
09/08/2019,LBB,TX,ASW,CE,Combined TRACON& Tower with Radar,34,16,46,6,102,0,4,40,0,44,34,20,86,6,146,22,10,32,178
09/09/2019,LBB,TX,ASW,CE,Combined TRACON& Tower with Radar,37,28,50,6,121,0,10,28,0,38,37,38,78,6,159,14,0,14,173
09/10/2019,LBB,TX,ASW,CE,Combined TRACON& Tower with Radar,46,39,38,21,144,0,20,34,2,56,46,59,72,23,200,16,0,16,216
09/11/2019,LBB,TX,ASW,CE,Combined TRACON& Tower with Radar,47,40,46,32,165,0,14,25,0,39,47,54,71,32,204,0,0,0,204
09/12/2019,LBB,TX,ASW,CE,Combined TRACON& Tower with Radar,51,40,43,65,199,0,15,30,1,46,51,55,73,66,245,56,8,64,309
09/13/2019,LBB,TX,ASW,CE,Combined TRACON& Tower with Radar,46,42,36,17,141,0,11,33,1,45,46,53,69,18,186,38,0,38,224
09/14/2019,LBB,TX,ASW,CE,Combined TRACON& Tower with Radar,33,21,26,2,82,0,24,74,0,98,33,45,100,2,180,44,0,44,224
09/15/2019,LBB,TX,ASW,CE,Combined TRACON& Tower with Radar,41,24,46,25,136,0,16,47,2,65,41,40,93,27,201,14,0,14,215
09/16/2019,LBB,TX,ASW,CE,Combined TRACON& Tower with Radar,34,18,27,45,124,0,15,33,3,51,34,33,60,48,175,12,10,22,197
09/17/2019,LBB,TX,ASW,CE,Combined TRACON& Tower with Radar,49,47,45,118,259,0,21,41,10,72,49,68,86,128,331,0,26,26,357
09/18/2019,LBB,TX,ASW,CE,Combined TRACON& Tower with Radar,46,42,30,112,230,0,26,33,8,67,46,68,63,120,297,0,42,42,339
09/19/2019,LBB,TX,ASW,CE,Combined TRACON& Tower with Radar,50,50,42,45,187,0,17,22,1,40,50,67,64,46,227,32,12,44,271
09/20/2019,LBB,TX,ASW,CE,Combined TRACON& Tower with Radar,44,49,54,17,164,0,6,9,0,15,44,55,63,17,179,6,8,14,193
09/21/2019,LBB,TX,ASW,CE,Combined TRACON& Tower with Radar,33,25,33,0,91,0,2,1,0,3,33,27,34,0,94,0,0,0,94
09/22/2019,LBB,TX,ASW,CE,Combined TRACON& Tower with Radar,38,19,38,12,107,0,8,19,0,27,38,27,57,12,134,52,2,54,188
09/23/2019,LBB,TX,ASW,CE,Combined TRACON& Tower with Radar,35,20,32,19,106,0,19,30,4,53,35,39,62,23,159,8,32,40,199
09/24/2019,LBB,TX,ASW,CE,Combined TRACON& Tower with Radar,51,46,42,40,179,0,10,29,2,41,51,56,71,42,220,46,0,46,266
09/25/2019,LBB,TX,ASW,CE,Combined TRACON& Tower with Radar,46,41,37,24,148,0,15,43,0,58,46,56,80,24,206,42,16,58,264
09/26/2019,LBB,TX,ASW,CE,Combined TRACON& Tower with Radar,45,43,44,38,170,0,17,45,0,62,45,60,89,38,232,28,0,28,260
09/27/2019,LBB,TX,ASW,CE,Combined TRACON& Tower with Radar,46,40,40,59,185,0,18,54,0,72,46,58,94,59,257,36,14,50,307
09/28/2019,LBB,TX,ASW,CE,Combined TRACON& Tower with Radar,38,23,30,8,99,0,6,13,8,27,38,29,43,16,126,18,14,32,158
09/29/2019,LBB,TX,ASW,CE,Combined TRACON& Tower with Radar,35,24,44,13,116,0,6,18,1,25,35,30,62,14,141,8,0,8,149
09/30/2019,LBB,TX,ASW,CE,Combined TRACON& Tower with Radar,36,32,37,89,194,0,7,18,0,25,36,39,55,89,219,6,24,30,249
10/01/2019,LBB,TX,ASW,CE,Combined TRACON& Tower with Radar,51,36,48,0,135,0,13,17,4,34,51,49,65,4,169,6,0,6,175
10/02/2019,LBB,TX,ASW,CE,Combined TRACON& Tower with Radar,48,35,40,0,123,0,14,12,0,26,48,49,52,0,149,40,0,40,189
10/03/2019,LBB,TX,ASW,CE,Combined TRACON& Tower with Radar,49,54,40,10,153,0,2,5,0,7,49,56,45,10,160,2,0,2,162
10/04/2019,LBB,TX,ASW,CE,Combined TRACON& Tower with Radar,47,46,53,9,155,0,12,27,0,39,47,58,80,9,194,22,0,22,216
10/05/2019,LBB,TX,ASW,CE,Combined TRACON& Tower with Radar,36,32,69,0,137,0,26,50,0,76,36,58,119,0,213,94,0,94,307
10/06/2019,LBB,TX,ASW,CE,Combined TRACON& Tower with Radar,37,27,53,10,127,1,19,63,1,84,38,46,116,11,211,88,0,88,299
10/07/2019,LBB,TX,ASW,CE,Combined TRACON& Tower with Radar,39,25,36,51,151,0,22,39,3,64,39,47,75,54,215,32,54,86,301
10/08/2019,LBB,TX,ASW,CE,Combined TRACON& Tower with Radar,48,36,42,39,165,0,9,59,2,70,48,45,101,41,235,60,30,90,325
10/09/2019,LBB,TX,ASW,CE,Combined TRACON& Tower with Radar,48,40,50,47,185,0,29,42,0,71,48,69,92,47,256,110,0,110,366
10/10/2019,LBB,TX,ASW,CE,Combined TRACON& Tower with Radar,48,50,69,52,219,0,21,51,3,75,48,71,120,55,294,44,10,54,348
10/11/2019,LBB,TX,ASW,CE,Combined TRACON& Tower with Radar,48,31,53,44,176,0,20,63,1,84,48,51,116,45,260,30,4,34,294
10/12/2019,LBB,TX,ASW,CE,Combined TRACON& Tower with Radar,35,19,35,0,89,0,15,40,3,58,35,34,75,3,147,16,0,16,163
10/13/2019,LBB,TX,ASW,CE,Combined TRACON& Tower with Radar,35,10,24,31,100,0,17,25,0,42,35,27,49,31,142,42,0,42,184
10/14/2019,LBB,TX,ASW,CE,Combined TRACON& Tower with Radar,35,25,29,22,111,0,33,51,2,86,35,58,80,24,197,72,14,86,283
10/15/2019,LBB,TX,ASW,CE,Combined TRACON& Tower with Radar,52,39,37,47,175,0,25,40,7,72,52,64,77,54,247,28,0,28,275
10/16/2019,LBB,TX,ASW,CE,Combined TRACON& Tower with Radar,55,44,54,26,179,0,23,61,1,85,55,67,115,27,264,68,12,80,344
10/17/2019,LBB,TX,ASW,CE,Combined TRACON& Tower with Radar,50,39,59,21,169,0,29,43,0,72,50,68,102,21,241,38,0,38,279
10/18/2019,LBB,TX,ASW,CE,Combined TRACON& Tower with Radar,46,38,47,51,182,0,32,46,3,81,46,70,93,54,263,0,54,54,317
10/19/2019,LBB,TX,ASW,CE,Combined TRACON& Tower with Radar,36,23,49,2,110,0,22,68,2,92,36,45,117,4,202,42,0,42,244
10/20/2019,LBB,TX,ASW,CE,Combined TRACON& Tower with Radar,49,14,52,20,135,0,10,43,5,58,49,24,95,25,193,48,10,58,251
10/21/2019,LBB,TX,ASW,CE,Combined TRACON& Tower with Radar,40,18,45,45,148,0,25,49,2,76,40,43,94,47,224,36,0,36,260
10/22/2019,LBB,TX,ASW,CE,Combined TRACON& Tower with Radar,49,33,55,23,160,0,26,44,0,70,49,59,99,23,230,14,14,28,258
10/23/2019,LBB,TX,ASW,CE,Combined TRACON& Tower with Radar,50,43,57,124,274,0,35,43,9,87,50,78,100,133,361,46,52,98,459
10/24/2019,LBB,TX,ASW,CE,Combined TRACON& Tower with Radar,43,34,32,0,109,0,4,2,0,6,43,38,34,0,115,8,0,8,123
10/25/2019,LBB,TX,ASW,CE,Combined TRACON& Tower with Radar,46,41,49,90,226,0,23,34,7,64,46,64,83,97,290,8,54,62,352
10/26/2019,LBB,TX,ASW,CE,Combined TRACON& Tower with Radar,35,16,22,15,88,0,9,50,1,60,35,25,72,16,148,14,0,14,162
10/27/2019,LBB,TX,ASW,CE,Combined TRACON& Tower with Radar,38,16,20,6,80,0,15,40,4,59,38,31,60,10,139,52,0,52,191
10/28/2019,LBB,TX,ASW,CE,Combined TRACON& Tower with Radar,37,29,48,62,176,0,12,10,0,22,37,41,58,62,198,44,28,72,270
10/29/2019,LBB,TX,ASW,CE,Combined TRACON& Tower with Radar,44,39,36,2,121,0,0,1,0,1,44,39,37,2,122,0,0,0,122
10/30/2019,LBB,TX,ASW,CE,Combined TRACON& Tower with Radar,45,36,30,36,147,0,13,2,1,16,45,49,32,37,163,12,28,40,203
10/31/2019,LBB,TX,ASW,CE,Combined TRACON& Tower with Radar,45,36,43,23,147,0,27,61,3,91,45,63,104,26,238,8,16,24,262
11/01/2019,LBB,TX,ASW,CE,Combined TRACON& Tower with Radar,45,38,41,17,141,0,33,56,5,94,45,71,97,22,235,46,0,46,281
11/02/2019,LBB,TX,ASW,CE,Combined TRACON& Tower with Radar,31,20,46,0,97,0,13,63,0,76,31,33,109,0,173,114,0,114,287
11/03/2019,LBB,TX,ASW,CE,Combined TRACON& Tower with Radar,37,22,33,8,100,0,13,40,0,53,37,35,73,8,153,38,0,38,191
11/04/2019,LBB,TX,ASW,CE,Combined TRACON& Tower with Radar,36,33,44,20,133,0,31,31,6,68,36,64,75,26,201,92,0,92,293
11/05/2019,LBB,TX,ASW,CE,Combined TRACON& Tower with Radar,46,61,61,35,203,0,23,61,1,85,46,84,122,36,288,38,2,40,328
11/06/2019,LBB,TX,ASW,CE,Combined TRACON& Tower with Radar,42,45,23,10,120,0,4,3,2,9,42,49,26,12,129,0,0,0,129
11/07/2019,LBB,TX,ASW,CE,Combined TRACON& Tower with Radar,49,37,24,0,110,0,0,0,0,0,49,37,24,0,110,0,0,0,110
11/08/2019,LBB,TX,ASW,CE,Combined TRACON& Tower with Radar,48,56,62,2,168,0,10,6,0,16,48,66,68,2,184,0,0,0,184
11/09/2019,LBB,TX,ASW,CE,Combined TRACON& Tower with Radar,34,21,25,0,80,0,15,56,1,72,34,36,81,1,152,97,0,97,249
11/10/2019,LBB,TX,ASW,CE,Combined TRACON& Tower with Radar,39,21,26,0,86,0,16,50,1,67,39,37,76,1,153,84,0,84,237
11/11/2019,LBB,TX,ASW,CE,Combined TRACON& Tower with Radar,33,29,31,0,93,0,14,4,0,18,33,43,35,0,111,0,0,0,111
11/12/2019,LBB,TX,ASW,CE,Combined TRACON& Tower with Radar,53,31,25,20,129,0,30,45,3,78,53,61,70,23,207,76,12,88,295
11/13/2019,LBB,TX,ASW,CE,Combined TRACON& Tower with Radar,54,35,44,15,148,0,19,37,4,60,54,54,81,19,208,44,0,44,252
11/14/2019,LBB,TX,ASW,CE,Combined TRACON& Tower with Radar,44,44,37,16,141,0,23,41,2,66,44,67,78,18,207,10,10,20,227
11/15/2019,LBB,TX,ASW,CE,Combined TRACON& Tower with Radar,43,47,55,66,211,0,29,72,0,101,43,76,127,66,312,54,8,62,374
11/16/2019,LBB,TX,ASW,CE,Combined TRACON& Tower with Radar,34,24,51,14,123,0,13,51,0,64,34,37,102,14,187,72,2,74,261
11/17/2019,LBB,TX,ASW,CE,Combined TRACON& Tower with Radar,35,21,36,3,95,0,19,34,0,53,35,40,70,3,148,34,0,34,182
11/18/2019,LBB,TX,ASW,CE,Combined TRACON& Tower with Radar,38,29,33,40,140,0,28,56,2,86,38,57,89,42,226,74,48,122,348
11/19/2019,LBB,TX,ASW,CE,Combined TRACON& Tower with Radar,39,38,41,44,162,0,28,44,2,74,39,66,85,46,236,60,10,70,306
11/20/2019,LBB,TX,ASW,CE,Combined TRACON& Tower with Radar,46,64,34,33,177,0,11,34,2,47,46,75,68,35,224,56,6,62,286
11/21/2019,LBB,TX,ASW,CE,Combined TRACON& Tower with Radar,49,58,55,19,181,0,0,0,0,0,49,58,55,19,181,0,0,0,181
11/22/2019,LBB,TX,ASW,CE,Combined TRACON& Tower with Radar,43,51,66,55,215,0,10,19,0,29,43,61,85,55,244,0,0,0,244
11/23/2019,LBB,TX,ASW,CE,Combined TRACON& Tower with Radar,33,36,47,2,118,0,9,38,4,51,33,45,85,6,169,22,26,48,217
11/24/2019,LBB,TX,ASW,CE,Combined TRACON& Tower with Radar,35,20,22,18,95,0,20,38,2,60,35,40,60,20,155,36,6,42,197
11/25/2019,LBB,TX,ASW,CE,Combined TRACON& Tower with Radar,30,23,35,8,96,0,21,45,2,68,30,44,80,10,164,62,0,62,226
11/26/2019,LBB,TX,ASW,CE,Combined TRACON& Tower with Radar,44,37,38,2,121,0,15,7,0,22,44,52,45,2,143,8,0,8,151
11/27/2019,LBB,TX,ASW,CE,Combined TRACON& Tower with Radar,45,37,42,8,132,0,10,25,1,36,45,47,67,9,168,8,10,18,186
11/28/2019,LBB,TX,ASW,CE,Combined TRACON& Tower with Radar,22,17,8,0,47,0,0,0,0,0,22,17,8,0,47,0,0,0,47
11/29/2019,LBB,TX,ASW,CE,Combined TRACON& Tower with Radar,25,17,12,0,54,0,0,0,0,0,25,17,12,0,54,0,0,0,54
11/30/2019,LBB,TX,ASW,CE,Combined TRACON& Tower with Radar,35,37,27,6,105,0,10,17,0,27,35,47,44,6,132,0,0,0,132
12/01/2019,LBB,TX,ASW,CE,Combined TRACON& Tower with Radar,35,29,42,5,111,0,15,57,2,74,35,44,99,7,185,66,0,66,251
12/02/2019,LBB,TX,ASW,CE,Combined TRACON& Tower with Radar,36,26,44,32,138,0,15,49,1,65,36,41,93,33,203,22,16,38,241
12/03/2019,LBB,TX,ASW,CE,Combined TRACON& Tower with Radar,44,37,51,17,149,0,18,43,5,66,44,55,94,22,215,34,4,38,253
12/04/2019,LBB,TX,ASW,CE,Combined TRACON& Tower with Radar,45,38,46,13,142,0,21,49,3,73,45,59,95,16,215,10,0,10,225
12/05/2019,LBB,TX,ASW,CE,Combined TRACON& Tower with Radar,47,35,35,0,117,0,21,34,4,59,47,56,69,4,176,24,0,24,200
12/06/2019,LBB,TX,ASW,CE,Combined TRACON& Tower with Radar,43,38,50,17,148,0,21,74,1,96,43,59,124,18,244,26,0,26,270
12/07/2019,LBB,TX,ASW,CE,Combined TRACON& Tower with Radar,34,15,25,15,89,0,28,48,0,76,34,43,73,15,165,30,16,46,211
12/08/2019,LBB,TX,ASW,CE,Combined TRACON& Tower with Radar,44,19,32,39,134,0,19,34,6,59,44,38,66,45,193,30,30,60,253
12/09/2019,LBB,TX,ASW,CE,Combined TRACON& Tower with Radar,36,26,34,15,111,0,17,46,1,64,36,43,80,16,175,64,0,64,239
12/10/2019,LBB,TX,ASW,CE,Combined TRACON& Tower with Radar,44,38,44,70,196,0,18,48,0,66,44,56,92,70,262,0,48,48,310
12/11/2019,LBB,TX,ASW,CE,Combined TRACON& Tower with Radar,49,53,53,10,165,0,3,26,1,30,49,56,79,11,195,30,0,30,225
12/12/2019,LBB,TX,ASW,CE,Combined TRACON& Tower with Radar,47,52,46,11,156,0,21,69,2,92,47,73,115,13,248,50,0,50,298
12/13/2019,LBB,TX,ASW,CE,Combined TRACON& Tower with Radar,41,41,56,40,178,0,41,42,6,89,41,82,98,46,267,8,12,20,287
12/14/2019,LBB,TX,ASW,CE,Combined TRACON& Tower with Radar,34,21,29,17,101,0,20,46,7,73,34,41,75,24,174,25,18,43,217
12/15/2019,LBB,TX,ASW,CE,Combined TRACON& Tower with Radar,36,23,47,48,154,0,10,23,7,40,36,33,70,55,194,26,0,26,220
12/16/2019,LBB,TX,ASW,CE,Combined TRACON& Tower with Radar,35,34,51,30,150,0,15,17,2,34,35,49,68,32,184,10,6,16,200
12/17/2019,LBB,TX,ASW,CE,Combined TRACON& Tower with Radar,44,35,49,12,140,0,21,43,1,65,44,56,92,13,205,48,4,52,257
12/18/2019,LBB,TX,ASW,CE,Combined TRACON& Tower with Radar,44,45,64,33,186,0,29,59,7,95,44,74,123,40,281,42,12,54,335
12/19/2019,LBB,TX,ASW,CE,Combined TRACON& Tower with Radar,44,37,60,27,168,0,14,52,4,70,44,51,112,31,238,31,0,31,269
12/20/2019,LBB,TX,ASW,CE,Combined TRACON& Tower with Radar,37,43,30,11,121,0,35,48,2,85,37,78,78,13,206,16,28,44,250
12/21/2019,LBB,TX,ASW,CE,Combined TRACON& Tower with Radar,38,31,21,3,93,0,17,43,1,61,38,48,64,4,154,68,0,68,222
12/22/2019,LBB,TX,ASW,CE,Combined TRACON& Tower with Radar,43,18,23,4,88,0,20,54,0,74,43,38,77,4,162,44,0,44,206
12/23/2019,LBB,TX,ASW,CE,Combined TRACON& Tower with Radar,34,30,23,6,93,0,39,30,0,69,34,69,53,6,162,22,0,22,184
12/24/2019,LBB,TX,ASW,CE,Combined TRACON& Tower with Radar,41,39,15,0,95,0,11,7,0,18,41,50,22,0,113,0,0,0,113
12/25/2019,LBB,TX,ASW,CE,Combined TRACON& Tower with Radar,26,17,10,2,55,0,30,22,0,52,26,47,32,2,107,0,0,0,107
12/26/2019,LBB,TX,ASW,CE,Combined TRACON& Tower with Radar,43,46,40,0,129,0,14,23,1,38,43,60,63,1,167,42,0,42,209
12/27/2019,LBB,TX,ASW,CE,Combined TRACON& Tower with Radar,17,27,14,0,58,0,0,0,0,0,17,27,14,0,58,0,0,0,58
12/28/2019,LBB,TX,ASW,CE,Combined TRACON& Tower with Radar,37,31,53,0,121,0,14,22,0,36,37,45,75,0,157,16,0,16,173
12/29/2019,LBB,TX,ASW,CE,Combined TRACON& Tower with Radar,32,25,50,0,107,0,12,41,2,55,32,37,91,2,162,26,0,26,188
12/30/2019,LBB,TX,ASW,CE,Combined TRACON& Tower with Radar,33,22,31,0,86,0,23,41,3,67,33,45,72,3,153,38,0,38,191
12/31/2019,LBB,TX,ASW,CE,Combined TRACON& Tower with Radar,38,35,34,0,107,0,16,44,1,61,38,51,78,1,168,14,0,14,182
01/01/2020,LBB,TX,ASW,CE,Combined TRACON& Tower with Radar,30,14,11,0,55,0,20,9,0,29,30,34,20,0,84,22,0,22,106
01/02/2020,LBB,TX,ASW,CE,Combined TRACON& Tower with Radar,42,38,44,0,124,0,20,45,0,65,42,58,89,0,189,34,0,34,223
01/03/2020,LBB,TX,ASW,CE,Combined TRACON& Tower with Radar,41,44,42,15,142,0,31,32,0,63,41,75,74,15,205,26,0,26,231
01/04/2020,LBB,TX,ASW,CE,Combined TRACON& Tower with Radar,32,26,26,0,84,0,26,45,0,71,32,52,71,0,155,98,0,98,253
01/05/2020,LBB,TX,ASW,CE,Combined TRACON& Tower with Radar,33,16,14,0,63,0,4,35,1,40,33,20,49,1,103,42,0,42,145
01/06/2020,LBB,TX,ASW,CE,Combined TRACON& Tower with Radar,36,27,32,37,132,0,17,30,1,48,36,44,62,38,180,18,0,18,198
01/07/2020,LBB,TX,ASW,CE,Combined TRACON& Tower with Radar,49,34,38,16,137,0,18,43,3,64,49,52,81,19,201,40,8,48,249
01/08/2020,LBB,TX,ASW,CE,Combined TRACON& Tower with Radar,48,29,31,4,112,0,24,47,0,71,48,53,78,4,183,6,0,6,189
01/09/2020,LBB,TX,ASW,CE,Combined TRACON& Tower with Radar,46,53,44,13,156,0,16,48,5,69,46,69,92,18,225,0,0,0,225
01/10/2020,LBB,TX,ASW,CE,Combined TRACON& Tower with Radar,41,39,30,81,191,0,14,22,6,42,41,53,52,87,233,40,30,70,303
01/11/2020,LBB,TX,ASW,CE,Combined TRACON& Tower with Radar,33,27,29,5,94,0,16,37,4,57,33,43,66,9,151,26,0,26,177
01/12/2020,LBB,TX,ASW,CE,Combined TRACON& Tower with Radar,36,21,29,4,90,0,15,35,0,50,36,36,64,4,140,96,0,96,236
01/13/2020,LBB,TX,ASW,CE,Combined TRACON& Tower with Radar,39,25,33,32,129,0,26,41,5,72,39,51,74,37,201,44,54,98,299
01/14/2020,LBB,TX,ASW,CE,Combined TRACON& Tower with Radar,45,31,31,117,224,0,14,46,7,67,45,45,77,124,291,56,98,154,445
01/15/2020,LBB,TX,ASW,CE,Combined TRACON& Tower with Radar,47,40,55,23,165,0,29,59,9,97,47,69,114,32,262,84,22,106,368
01/16/2020,LBB,TX,ASW,CE,Combined TRACON& Tower with Radar,44,33,26,0,103,0,5,1,0,6,44,38,27,0,109,0,0,0,109
01/17/2020,LBB,TX,ASW,CE,Combined TRACON& Tower with Radar,45,39,47,86,217,0,11,25,2,38,45,50,72,88,255,10,12,22,277
01/18/2020,LBB,TX,ASW,CE,Combined TRACON& Tower with Radar,27,40,27,15,109,0,25,58,2,85,27,65,85,17,194,80,0,80,274
01/19/2020,LBB,TX,ASW,CE,Combined TRACON& Tower with Radar,32,25,37,2,96,0,14,32,2,48,32,39,69,4,144,54,0,54,198
01/20/2020,LBB,TX,ASW,CE,Combined TRACON& Tower with Radar,38,37,34,0,109,0,16,43,0,59,38,53,77,0,168,72,0,72,240
01/21/2020,LBB,TX,ASW,CE,Combined TRACON& Tower with Radar,47,45,50,2,144,0,4,20,3,27,47,49,70,5,171,10,0,10,181
01/22/2020,LBB,TX,ASW,CE,Combined TRACON& Tower with Radar,46,40,32,48,166,0,11,40,2,53,46,51,72,50,219,60,78,138,357
01/23/2020,LBB,TX,ASW,CE,Combined TRACON& Tower with Radar,46,38,36,56,176,0,13,43,16,72,46,51,79,72,248,46,106,152,400
01/24/2020,LBB,TX,ASW,CE,Combined TRACON& Tower with Radar,47,29,47,81,204,0,13,64,0,77,47,42,111,81,281,80,76,156,437
01/25/2020,LBB,TX,ASW,CE,Combined TRACON& Tower with Radar,29,27,47,11,114,0,19,71,1,91,29,46,118,12,205,76,2,78,283
01/26/2020,LBB,TX,ASW,CE,Combined TRACON& Tower with Radar,34,21,48,31,134,0,18,52,2,72,34,39,100,33,206,22,2,24,230
01/27/2020,LBB,TX,ASW,CE,Combined TRACON& Tower with Radar,35,29,25,46,135,0,25,43,12,80,35,54,68,58,215,32,78,110,325
01/28/2020,LBB,TX,ASW,CE,Combined TRACON& Tower with Radar,47,39,40,4,130,0,9,9,0,18,47,48,49,4,148,0,14,14,162
01/29/2020,LBB,TX,ASW,CE,Combined TRACON& Tower with Radar,39,52,55,18,164,0,21,47,4,72,39,73,102,22,236,66,6,72,308
01/30/2020,LBB,TX,ASW,CE,Combined TRACON& Tower with Radar,44,36,47,43,170,0,7,24,0,31,44,43,71,43,201,36,96,132,333
01/31/2020,LBB,TX,ASW,CE,Combined TRACON& Tower with Radar,47,35,53,42,177,0,20,45,4,69,47,55,98,46,246,48,16,64,310
02/01/2020,LBB,TX,ASW,CE,Combined TRACON& Tower with Radar,29,19,36,12,96,0,16,67,0,83,29,35,103,12,179,142,0,142,321
02/02/2020,LBB,TX,ASW,CE,Combined TRACON& Tower with Radar,35,19,31,11,96,0,19,37,2,58,35,38,68,13,154,130,8,138,292
02/03/2020,LBB,TX,ASW,CE,Combined TRACON& Tower with Radar,37,30,23,52,142,0,27,37,1,65,37,57,60,53,207,100,0,100,307
02/04/2020,LBB,TX,ASW,CE,Combined TRACON& Tower with Radar,45,34,28,0,107,0,1,0,1,2,45,35,28,1,109,0,0,0,109
02/05/2020,LBB,TX,ASW,CE,Combined TRACON& Tower with Radar,42,24,12,0,78,0,10,6,2,18,42,34,18,2,96,0,0,0,96
02/06/2020,LBB,TX,ASW,CE,Combined TRACON& Tower with Radar,47,38,31,54,170,0,26,32,1,59,47,64,63,55,229,100,30,130,359
02/07/2020,LBB,TX,ASW,CE,Combined TRACON& Tower with Radar,46,34,56,72,208,0,32,55,5,92,46,66,111,77,300,78,66,144,444
02/08/2020,LBB,TX,ASW,CE,Combined TRACON& Tower with Radar,31,25,38,64,158,0,16,54,12,82,31,41,92,76,240,92,8,100,340
02/09/2020,LBB,TX,ASW,CE,Combined TRACON& Tower with Radar,38,23,20,32,113,0,11,49,2,62,38,34,69,34,175,120,0,120,295
02/10/2020,LBB,TX,ASW,CE,Combined TRACON& Tower with Radar,41,33,30,2,106,0,4,0,0,4,41,37,30,2,110,0,0,0,110
02/11/2020,LBB,TX,ASW,CE,Combined TRACON& Tower with Radar,51,20,12,0,83,0,0,0,0,0,51,20,12,0,83,0,0,0,83
02/12/2020,LBB,TX,ASW,CE,Combined TRACON& Tower with Radar,46,40,29,54,169,0,18,22,8,48,46,58,51,62,217,0,4,4,221
02/13/2020,LBB,TX,ASW,CE,Combined TRACON& Tower with Radar,46,41,43,29,159,0,21,29,1,51,46,62,72,30,210,82,2,84,294
02/14/2020,LBB,TX,ASW,CE,Combined TRACON& Tower with Radar,47,46,54,0,147,0,4,5,0,9,47,50,59,0,156,0,0,0,156
02/15/2020,LBB,TX,ASW,CE,Combined TRACON& Tower with Radar,36,41,17,4,98,0,19,37,2,58,36,60,54,6,156,52,0,52,208
02/16/2020,LBB,TX,ASW,CE,Combined TRACON& Tower with Radar,37,20,30,0,87,0,19,51,0,70,37,39,81,0,157,78,0,78,235
02/17/2020,LBB,TX,ASW,CE,Combined TRACON& Tower with Radar,37,28,61,4,130,0,13,66,1,80,37,41,127,5,210,46,0,46,256
02/18/2020,LBB,TX,ASW,CE,Combined TRACON& Tower with Radar,47,44,46,66,203,0,17,24,4,45,47,61,70,70,248,2,42,44,292
02/19/2020,LBB,TX,ASW,CE,Combined TRACON& Tower with Radar,44,44,55,127,270,0,19,35,2,56,44,63,90,129,326,90,96,186,512
02/20/2020,LBB,TX,ASW,CE,Combined TRACON& Tower with Radar,45,50,49,21,165,0,4,26,0,30,45,54,75,21,195,64,18,82,277
02/21/2020,LBB,TX,ASW,CE,Combined TRACON& Tower with Radar,47,36,49,33,165,0,20,49,2,71,47,56,98,35,236,80,26,106,342
02/22/2020,LBB,TX,ASW,CE,Combined TRACON& Tower with Radar,33,28,48,3,112,0,8,85,0,93,33,36,133,3,205,58,0,58,263
02/23/2020,LBB,TX,ASW,CE,Combined TRACON& Tower with Radar,36,26,37,19,118,0,13,21,1,35,36,39,58,20,153,74,12,86,239
02/24/2020,LBB,TX,ASW,CE,Combined TRACON& Tower with Radar,37,22,41,40,140,0,14,72,12,98,37,36,113,52,238,52,36,88,326
02/25/2020,LBB,TX,ASW,CE,Combined TRACON& Tower with Radar,45,49,42,22,158,0,15,18,1,34,45,64,60,23,192,26,0,26,218
02/26/2020,LBB,TX,ASW,CE,Combined TRACON& Tower with Radar,45,44,58,54,201,0,26,47,9,82,45,70,105,63,283,74,7,81,364
02/27/2020,LBB,TX,ASW,CE,Combined TRACON& Tower with Radar,51,33,64,6,154,0,27,57,6,90,51,60,121,12,244,80,0,80,324
02/28/2020,LBB,TX,ASW,CE,Combined TRACON& Tower with Radar,46,37,39,37,159,0,31,73,6,110,46,68,112,43,269,84,8,92,361
02/29/2020,LBB,TX,ASW,CE,Combined TRACON& Tower with Radar,35,25,29,2,91,0,17,34,4,55,35,42,63,6,146,44,0,44,190
03/01/2020,LBB,TX,ASW,CE,Combined TRACON& Tower with Radar,37,20,56,6,119,0,15,55,0,70,37,35,111,6,189,20,14,34,223
03/02/2020,LBB,TX,ASW,CE,Combined TRACON& Tower with Radar,39,20,39,14,112,0,26,35,6,67,39,46,74,20,179,52,4,56,235
03/03/2020,LBB,TX,ASW,CE,Combined TRACON& Tower with Radar,49,53,33,44,179,0,7,21,0,28,49,60,54,44,207,4,0,4,211
03/04/2020,LBB,TX,ASW,CE,Combined TRACON& Tower with Radar,45,44,35,11,135,0,10,12,0,22,45,54,47,11,157,0,38,38,195
03/05/2020,LBB,TX,ASW,CE,Combined TRACON& Tower with Radar,46,43,47,26,162,0,22,40,4,66,46,65,87,30,228,18,14,32,260
03/06/2020,LBB,TX,ASW,CE,Combined TRACON& Tower with Radar,46,34,39,15,134,0,25,54,6,85,46,59,93,21,219,0,0,0,219
03/07/2020,LBB,TX,ASW,CE,Combined TRACON& Tower with Radar,35,27,53,1,116,0,23,52,0,75,35,50,105,1,191,44,0,44,235
03/08/2020,LBB,TX,ASW,CE,Combined TRACON& Tower with Radar,34,23,29,4,90,0,6,9,1,16,34,29,38,5,106,42,0,42,148
03/09/2020,LBB,TX,ASW,CE,Combined TRACON& Tower with Radar,40,21,41,62,164,0,19,49,6,74,40,40,90,68,238,74,22,96,334
03/10/2020,LBB,TX,ASW,CE,Combined TRACON& Tower with Radar,48,47,54,73,222,0,22,41,4,67,48,69,95,77,289,46,36,82,371
03/11/2020,LBB,TX,ASW,CE,Combined TRACON& Tower with Radar,47,36,49,50,182,0,18,53,9,80,47,54,102,59,262,156,74,230,492
03/12/2020,LBB,TX,ASW,CE,Combined TRACON& Tower with Radar,49,44,55,18,166,0,10,38,3,51,49,54,93,21,217,162,4,166,383
03/13/2020,LBB,TX,ASW,CE,Combined TRACON& Tower with Radar,50,40,25,0,115,0,0,2,0,2,50,40,27,0,117,0,0,0,117
03/14/2020,LBB,TX,ASW,CE,Combined TRACON& Tower with Radar,36,28,47,2,113,0,11,32,4,47,36,39,79,6,160,38,0,38,198
03/15/2020,LBB,TX,ASW,CE,Combined TRACON& Tower with Radar,38,14,16,0,68,0,0,0,0,0,38,14,16,0,68,0,0,0,68
03/16/2020,LBB,TX,ASW,CE,Combined TRACON& Tower with Radar,33,25,26,22,106,0,4,8,0,12,33,29,34,22,118,48,14,62,180
03/17/2020,LBB,TX,ASW,CE,Combined TRACON& Tower with Radar,29,29,19,3,80,0,0,0,1,1,29,29,19,4,81,0,0,0,81
03/18/2020,LBB,TX,ASW,CE,Combined TRACON& Tower with Radar,38,28,26,14,106,0,9,34,2,45,38,37,60,16,151,56,32,88,239
03/19/2020,LBB,TX,ASW,CE,Combined TRACON& Tower with Radar,40,36,22,8,106,0,12,6,2,20,40,48,28,10,126,0,0,0,126
03/20/2020,LBB,TX,ASW,CE,Combined TRACON& Tower with Radar,42,37,41,3,123,0,16,22,0,38,42,53,63,3,161,0,0,0,161
03/21/2020,LBB,TX,ASW,CE,Combined TRACON& Tower with Radar,32,25,19,0,76,0,4,10,0,14,32,29,29,0,90,28,0,28,118
03/22/2020,LBB,TX,ASW,CE,Combined TRACON& Tower with Radar,28,13,14,0,55,0,9,28,0,37,28,22,42,0,92,120,0,120,212
03/23/2020,LBB,TX,ASW,CE,Combined TRACON& Tower with Radar,29,26,20,32,107,0,17,36,3,56,29,43,56,35,163,122,50,172,335
03/24/2020,LBB,TX,ASW,CE,Combined TRACON& Tower with Radar,34,26,30,26,116,0,12,46,4,62,34,38,76,30,178,48,0,48,226
03/25/2020,LBB,TX,ASW,CE,Combined TRACON& Tower with Radar,34,27,31,5,97,0,17,33,0,50,34,44,64,5,147,74,0,74,221
03/26/2020,LBB,TX,ASW,CE,Combined TRACON& Tower with Radar,35,36,19,8,98,0,12,32,0,44,35,48,51,8,142,44,0,44,186
03/27/2020,LBB,TX,ASW,CE,Combined TRACON& Tower with Radar,32,27,23,15,97,0,14,22,4,40,32,41,45,19,137,28,0,28,165
03/28/2020,LBB,TX,ASW,CE,Combined TRACON& Tower with Radar,20,14,1,0,35,0,3,13,0,16,20,17,14,0,51,18,0,18,69
03/29/2020,LBB,TX,ASW,CE,Combined TRACON& Tower with Radar,28,10,11,0,49,0,12,45,0,57,28,22,56,0,106,100,0,100,206
03/30/2020,LBB,TX,ASW,CE,Combined TRACON& Tower with Radar,19,17,6,32,74,0,13,21,0,34,19,30,27,32,108,24,0,24,132
03/31/2020,LBB,TX,ASW,CE,Combined TRACON& Tower with Radar,34,31,18,43,126,0,11,29,4,44,34,42,47,47,170,78,30,108,278
04/01/2020,LBB,TX,ASW,CE,Combined TRACON& Tower with Radar,34,25,19,21,99,0,25,26,5,56,34,50,45,26,155,44,0,44,199
04/02/2020,LBB,TX,ASW,CE,Combined TRACON& Tower with Radar,32,24,18,43,117,0,25,27,0,52,32,49,45,43,169,56,26,82,251
04/03/2020,LBB,TX,ASW,CE,Combined TRACON& Tower with Radar,25,24,13,7,69,0,10,13,0,23,25,34,26,7,92,56,0,56,148
04/04/2020,LBB,TX,ASW,CE,Combined TRACON& Tower with Radar,21,14,12,10,57,0,1,17,0,18,21,15,29,10,75,92,0,92,167
04/05/2020,LBB,TX,ASW,CE,Combined TRACON& Tower with Radar,14,6,4,0,24,0,1,4,0,5,14,7,8,0,29,12,0,12,41
04/06/2020,LBB,TX,ASW,CE,Combined TRACON& Tower with Radar,15,15,20,5,55,0,15,20,0,35,15,30,40,5,90,16,0,16,106
04/07/2020,LBB,TX,ASW,CE,Combined TRACON& Tower with Radar,24,27,20,7,78,0,15,38,2,55,24,42,58,9,133,44,0,44,177
04/08/2020,LBB,TX,ASW,CE,Combined TRACON& Tower with Radar,24,27,13,26,90,0,23,36,2,61,24,50,49,28,151,80,6,86,237
04/09/2020,LBB,TX,ASW,CE,Combined TRACON& Tower with Radar,25,26,24,43,118,0,20,36,3,59,25,46,60,46,177,136,6,142,319
04/10/2020,LBB,TX,ASW,CE,Combined TRACON& Tower with Radar,21,26,10,6,63,0,22,24,0,46,21,48,34,6,109,70,0,70,179
04/11/2020,LBB,TX,ASW,CE,Combined TRACON& Tower with Radar,14,21,19,55,109,0,6,13,7,26,14,27,32,62,135,38,74,112,247
04/12/2020,LBB,TX,ASW,CE,Combined TRACON& Tower with Radar,11,10,7,0,28,0,8,8,0,16,11,18,15,0,44,0,0,0,44
04/13/2020,LBB,TX,ASW,CE,Combined TRACON& Tower with Radar,15,17,15,40,87,0,16,34,7,57,15,33,49,47,144,66,16,82,226
04/14/2020,LBB,TX,ASW,CE,Combined TRACON& Tower with Radar,19,26,16,14,75,0,5,16,0,21,19,31,32,14,96,32,4,36,132
04/15/2020,LBB,TX,ASW,CE,Combined TRACON& Tower with Radar,25,26,38,15,104,0,10,42,4,56,25,36,80,19,160,48,4,52,212
04/16/2020,LBB,TX,ASW,CE,Combined TRACON& Tower with Radar,23,20,24,2,69,0,19,36,2,57,23,39,60,4,126,50,0,50,176
04/17/2020,LBB,TX,ASW,CE,Combined TRACON& Tower with Radar,20,28,25,57,130,0,14,48,3,65,20,42,73,60,195,90,42,132,327
04/18/2020,LBB,TX,ASW,CE,Combined TRACON& Tower with Radar,11,15,21,32,79,0,4,29,1,34,11,19,50,33,113,62,38,100,213
04/19/2020,LBB,TX,ASW,CE,Combined TRACON& Tower with Radar,8,7,29,0,44,0,20,42,0,62,8,27,71,0,106,102,0,102,208
04/20/2020,LBB,TX,ASW,CE,Combined TRACON& Tower with Radar,8,20,31,6,65,0,20,25,0,45,8,40,56,6,110,118,0,118,228
04/21/2020,LBB,TX,ASW,CE,Combined TRACON& Tower with Radar,18,28,20,8,74,0,14,29,3,46,18,42,49,11,120,58,0,58,178
04/22/2020,LBB,TX,ASW,CE,Combined TRACON& Tower with Radar,19,34,11,31,95,0,14,17,2,33,19,48,28,33,128,16,0,16,144
04/23/2020,LBB,TX,ASW,CE,Combined TRACON& Tower with Radar,19,25,26,13,83,0,24,52,0,76,19,49,78,13,159,90,0,90,249
04/24/2020,LBB,TX,ASW,CE,Combined TRACON& Tower with Radar,17,32,14,54,117,0,28,46,1,75,17,60,60,55,192,28,0,28,220
04/25/2020,LBB,TX,ASW,CE,Combined TRACON& Tower with Radar,14,11,15,32,72,0,14,63,6,83,14,25,78,38,155,48,0,48,203
04/26/2020,LBB,TX,ASW,CE,Combined TRACON& Tower with Radar,8,9,10,2,29,0,17,24,2,43,8,26,34,4,72,12,0,12,84
04/27/2020,LBB,TX,ASW,CE,Combined TRACON& Tower with Radar,12,19,19,11,61,0,14,37,5,56,12,33,56,16,117,46,8,54,171
04/28/2020,LBB,TX,ASW,CE,Combined TRACON& Tower with Radar,17,30,14,28,89,0,15,36,1,52,17,45,50,29,141,38,10,48,189
04/29/2020,LBB,TX,ASW,CE,Combined TRACON& Tower with Radar,18,20,21,7,66,0,30,56,0,86,18,50,77,7,152,70,0,70,222
04/30/2020,LBB,TX,ASW,CE,Combined TRACON& Tower with Radar,22,28,42,18,110,0,19,45,1,65,22,47,87,19,175,52,22,74,249
05/01/2020,LBB,TX,ASW,CE,Combined TRACON& Tower with Radar,17,22,14,5,58,0,12,37,0,49,17,34,51,5,107,102,0,102,209
05/02/2020,LBB,TX,ASW,CE,Combined TRACON& Tower with Radar,12,15,14,5,46,0,8,21,2,31,12,23,35,7,77,10,2,12,89
05/03/2020,LBB,TX,ASW,CE,Combined TRACON& Tower with Radar,14,6,16,0,36,0,6,37,4,47,14,12,53,4,83,0,0,0,83
05/04/2020,LBB,TX,ASW,CE,Combined TRACON& Tower with Radar,17,15,31,23,86,0,12,21,1,34,17,27,52,24,120,6,10,16,136
05/05/2020,LBB,TX,ASW,CE,Combined TRACON& Tower with Radar,25,27,25,4,81,0,20,26,0,46,25,47,51,4,127,12,0,12,139
05/06/2020,LBB,TX,ASW,CE,Combined TRACON& Tower with Radar,28,25,43,42,138,0,15,64,1,80,28,40,107,43,218,52,4,56,274
05/07/2020,LBB,TX,ASW,CE,Combined TRACON& Tower with Radar,27,27,22,4,80,0,21,27,2,50,27,48,49,6,130,8,0,8,138
05/08/2020,LBB,TX,ASW,CE,Combined TRACON& Tower with Radar,28,21,22,7,78,0,11,20,13,44,28,32,42,20,122,0,0,0,122
05/09/2020,LBB,TX,ASW,CE,Combined TRACON& Tower with Radar,16,17,23,48,104,0,17,62,10,89,16,34,85,58,193,98,12,110,303
05/10/2020,LBB,TX,ASW,CE,Combined TRACON& Tower with Radar,17,15,20,0,52,0,19,21,5,45,17,34,41,5,97,0,0,0,97
05/11/2020,LBB,TX,ASW,CE,Combined TRACON& Tower with Radar,18,16,22,2,58,0,9,19,0,28,18,25,41,2,86,0,0,0,86
05/12/2020,LBB,TX,ASW,CE,Combined TRACON& Tower with Radar,26,28,28,41,123,0,6,18,1,25,26,34,46,42,148,0,0,0,148
05/13/2020,LBB,TX,ASW,CE,Combined TRACON& Tower with Radar,35,21,13,11,80,0,8,11,1,20,35,29,24,12,100,26,0,26,126
05/14/2020,LBB,TX,ASW,CE,Combined TRACON& Tower with Radar,28,34,37,24,123,0,11,65,3,79,28,45,102,27,202,88,12,100,302
05/15/2020,LBB,TX,ASW,CE,Combined TRACON& Tower with Radar,28,25,31,19,103,0,6,30,0,36,28,31,61,19,139,74,8,82,221
05/16/2020,LBB,TX,ASW,CE,Combined TRACON& Tower with Radar,16,23,20,58,117,0,9,36,0,45,16,32,56,58,162,118,14,132,294
05/17/2020,LBB,TX,ASW,CE,Combined TRACON& Tower with Radar,17,10,30,2,59,0,15,58,0,73,17,25,88,2,132,104,0,104,236
05/18/2020,LBB,TX,ASW,CE,Combined TRACON& Tower with Radar,18,13,23,56,110,0,12,53,2,67,18,25,76,58,177,108,0,108,285
05/19/2020,LBB,TX,ASW,CE,Combined TRACON& Tower with Radar,26,27,34,2,89,0,9,30,0,39,26,36,64,2,128,92,0,92,220
05/20/2020,LBB,TX,ASW,CE,Combined TRACON& Tower with Radar,28,28,36,6,98,0,13,32,9,54,28,41,68,15,152,28,0,28,180
05/21/2020,LBB,TX,ASW,CE,Combined TRACON& Tower with Radar,31,27,23,57,138,0,16,40,6,62,31,43,63,63,200,94,86,180,380
05/22/2020,LBB,TX,ASW,CE,Combined TRACON& Tower with Radar,30,26,47,1,104,0,9,37,1,47,30,35,84,2,151,96,0,96,247
05/23/2020,LBB,TX,ASW,CE,Combined TRACON& Tower with Radar,16,15,16,8,55,0,11,19,0,30,16,26,35,8,85,16,0,16,101
05/24/2020,LBB,TX,ASW,CE,Combined TRACON& Tower with Radar,17,10,16,0,43,0,10,39,0,49,17,20,55,0,92,62,0,62,154
05/25/2020,LBB,TX,ASW,CE,Combined TRACON& Tower with Radar,15,4,21,0,40,0,7,24,0,31,15,11,45,0,71,24,0,24,95
05/26/2020,LBB,TX,ASW,CE,Combined TRACON& Tower with Radar,19,20,23,61,123,0,17,53,5,75,19,37,76,66,198,136,28,164,362
05/27/2020,LBB,TX,ASW,CE,Combined TRACON& Tower with Radar,31,30,27,55,143,0,12,51,4,67,31,42,78,59,210,60,16,76,286
05/28/2020,LBB,TX,ASW,CE,Combined TRACON& Tower with Radar,30,23,37,45,135,0,20,53,3,76,30,43,90,48,211,24,24,48,259
05/29/2020,LBB,TX,ASW,CE,Combined TRACON& Tower with Radar,28,33,41,50,152,0,25,47,4,76,28,58,88,54,228,96,8,104,332
05/30/2020,LBB,TX,ASW,CE,Combined TRACON& Tower with Radar,16,9,12,11,48,0,11,65,4,80,16,20,77,15,128,22,0,22,150
05/31/2020,LBB,TX,ASW,CE,Combined TRACON& Tower with Radar,17,12,18,0,47,0,10,57,0,67,17,22,75,0,114,78,0,78,192
06/01/2020,LBB,TX,ASW,CE,Combined TRACON& Tower with Radar,17,13,36,24,90,0,16,30,2,48,17,29,66,26,138,28,0,28,166
06/02/2020,LBB,TX,ASW,CE,Combined TRACON& Tower with Radar,27,29,31,22,109,0,14,34,0,48,27,43,65,22,157,30,12,42,199
06/03/2020,LBB,TX,ASW,CE,Combined TRACON& Tower with Radar,28,21,26,27,102,0,23,49,2,74,28,44,75,29,176,18,12,30,206
06/04/2020,LBB,TX,ASW,CE,Combined TRACON& Tower with Radar,25,21,35,26,107,0,13,44,0,57,25,34,79,26,164,18,2,20,184
06/05/2020,LBB,TX,ASW,CE,Combined TRACON& Tower with Radar,26,26,31,20,103,0,26,45,4,75,26,52,76,24,178,16,8,24,202
06/06/2020,LBB,TX,ASW,CE,Combined TRACON& Tower with Radar,15,12,33,0,60,0,10,34,0,44,15,22,67,0,104,32,0,32,136
06/07/2020,LBB,TX,ASW,CE,Combined TRACON& Tower with Radar,14,8,27,0,49,0,9,28,0,37,14,17,55,0,86,58,0,58,144
06/08/2020,LBB,TX,ASW,CE,Combined TRACON& Tower with Radar,16,20,35,47,118,0,16,49,1,66,16,36,84,48,184,8,6,14,198
06/09/2020,LBB,TX,ASW,CE,Combined TRACON& Tower with Radar,28,34,18,5,85,0,13,17,2,32,28,47,35,7,117,0,0,0,117
06/10/2020,LBB,TX,ASW,CE,Combined TRACON& Tower with Radar,26,24,48,60,158,0,24,39,2,65,26,48,87,62,223,88,16,104,327
06/11/2020,LBB,TX,ASW,CE,Combined TRACON& Tower with Radar,28,26,37,41,132,0,13,49,5,67,28,39,86,46,199,20,2,22,221
06/12/2020,LBB,TX,ASW,CE,Combined TRACON& Tower with Radar,27,25,47,15,114,0,16,60,0,76,27,41,107,15,190,102,0,102,292
06/13/2020,LBB,TX,ASW,CE,Combined TRACON& Tower with Radar,18,11,17,0,46,0,16,39,0,55,18,27,56,0,101,30,0,30,131
06/14/2020,LBB,TX,ASW,CE,Combined TRACON& Tower with Radar,16,7,24,1,48,0,14,15,0,29,16,21,39,1,77,50,0,50,127
06/15/2020,LBB,TX,ASW,CE,Combined TRACON& Tower with Radar,16,19,36,61,132,0,22,43,1,66,16,41,79,62,198,60,18,78,276
06/16/2020,LBB,TX,ASW,CE,Combined TRACON& Tower with Radar,27,28,30,48,133,0,25,39,5,69,27,53,69,53,202,40,22,62,264
06/17/2020,LBB,TX,ASW,CE,Combined TRACON& Tower with Radar,26,26,32,4,88,0,18,28,1,47,26,44,60,5,135,26,0,26,161
06/18/2020,LBB,TX,ASW,CE,Combined TRACON& Tower with Radar,28,34,53,24,139,0,19,57,2,78,28,53,110,26,217,90,0,90,307
06/19/2020,LBB,TX,ASW,CE,Combined TRACON& Tower with Radar,27,38,35,12,112,0,17,26,1,44,27,55,61,13,156,76,0,76,232
06/20/2020,LBB,TX,ASW,CE,Combined TRACON& Tower with Radar,18,21,26,0,65,0,8,32,1,41,18,29,58,1,106,20,0,20,126
06/21/2020,LBB,TX,ASW,CE,Combined TRACON& Tower with Radar,24,10,44,3,81,0,9,54,5,68,24,19,98,8,149,56,0,56,205
06/22/2020,LBB,TX,ASW,CE,Combined TRACON& Tower with Radar,19,22,37,24,102,0,17,20,2,39,19,39,57,26,141,10,6,16,157
06/23/2020,LBB,TX,ASW,CE,Combined TRACON& Tower with Radar,30,22,51,12,115,0,13,40,0,53,30,35,91,12,168,8,0,8,176
06/24/2020,LBB,TX,ASW,CE,Combined TRACON& Tower with Radar,26,35,62,30,153,0,23,53,7,83,26,58,115,37,236,30,12,42,278
06/25/2020,LBB,TX,ASW,CE,Combined TRACON& Tower with Radar,27,32,45,31,135,0,20,41,1,62,27,52,86,32,197,58,12,70,267
06/26/2020,LBB,TX,ASW,CE,Combined TRACON& Tower with Radar,27,32,28,47,134,0,22,32,1,55,27,54,60,48,189,10,12,22,211
06/27/2020,LBB,TX,ASW,CE,Combined TRACON& Tower with Radar,15,17,40,0,72,0,15,54,0,69,15,32,94,0,141,14,0,14,155
06/28/2020,LBB,TX,ASW,CE,Combined TRACON& Tower with Radar,14,16,49,2,81,0,8,41,0,49,14,24,90,2,130,68,0,68,198
06/29/2020,LBB,TX,ASW,CE,Combined TRACON& Tower with Radar,16,17,35,40,108,0,21,39,3,63,16,38,74,43,171,20,0,20,191
06/30/2020,LBB,TX,ASW,CE,Combined TRACON& Tower with Radar,24,30,45,14,113,0,6,38,0,44,24,36,83,14,157,14,0,14,171
07/01/2020,LBB,TX,ASW,CE,Combined TRACON& Tower with Radar,24,40,35,33,132,0,13,61,2,76,24,53,96,35,208,90,0,90,298
07/02/2020,LBB,TX,ASW,CE,Combined TRACON& Tower with Radar,24,34,38,3,99,0,14,41,3,58,24,48,79,6,157,36,0,36,193
07/03/2020,LBB,TX,ASW,CE,Combined TRACON& Tower with Radar,23,33,33,0,89,0,12,36,0,48,23,45,69,0,137,0,0,0,137
07/04/2020,LBB,TX,ASW,CE,Combined TRACON& Tower with Radar,9,10,5,0,24,0,8,30,0,38,9,18,35,0,62,52,0,52,114
07/05/2020,LBB,TX,ASW,CE,Combined TRACON& Tower with Radar,17,13,31,0,61,0,16,20,0,36,17,29,51,0,97,66,0,66,163
07/06/2020,LBB,TX,ASW,CE,Combined TRACON& Tower with Radar,15,24,26,0,65,0,23,33,0,56,15,47,59,0,121,56,0,56,177
07/07/2020,LBB,TX,ASW,CE,Combined TRACON& Tower with Radar,36,36,23,17,112,0,24,34,2,60,36,60,57,19,172,38,8,46,218
07/08/2020,LBB,TX,ASW,CE,Combined TRACON& Tower with Radar,27,37,23,53,140,0,17,37,0,54,27,54,60,53,194,48,0,48,242
07/09/2020,LBB,TX,ASW,CE,Combined TRACON& Tower with Radar,30,36,32,0,98,0,17,26,2,45,30,53,58,2,143,14,0,14,157
07/10/2020,LBB,TX,ASW,CE,Combined TRACON& Tower with Radar,27,39,34,34,134,0,18,34,2,54,27,57,68,36,188,0,0,0,188
07/11/2020,LBB,TX,ASW,CE,Combined TRACON& Tower with Radar,20,18,21,14,73,0,16,27,0,43,20,34,48,14,116,30,0,30,146
07/12/2020,LBB,TX,ASW,CE,Combined TRACON& Tower with Radar,16,10,22,0,48,0,7,22,0,29,16,17,44,0,77,0,0,0,77
07/13/2020,LBB,TX,ASW,CE,Combined TRACON& Tower with Radar,18,22,27,6,73,0,22,35,2,59,18,44,62,8,132,58,0,58,190
07/14/2020,LBB,TX,ASW,CE,Combined TRACON& Tower with Radar,30,33,21,1,85,0,18,32,1,51,30,51,53,2,136,72,0,72,208
07/15/2020,LBB,TX,ASW,CE,Combined TRACON& Tower with Radar,27,32,36,5,100,0,19,26,1,46,27,51,62,6,146,78,4,82,228
07/16/2020,LBB,TX,ASW,CE,Combined TRACON& Tower with Radar,31,32,31,10,104,0,26,37,2,65,31,58,68,12,169,70,0,70,239
07/17/2020,LBB,TX,ASW,CE,Combined TRACON& Tower with Radar,27,28,33,10,98,0,24,43,0,67,27,52,76,10,165,66,0,66,231
07/18/2020,LBB,TX,ASW,CE,Combined TRACON& Tower with Radar,16,26,33,0,75,0,12,36,0,48,16,38,69,0,123,0,0,0,123
07/19/2020,LBB,TX,ASW,CE,Combined TRACON& Tower with Radar,16,14,21,0,51,0,18,36,0,54,16,32,57,0,105,44,0,44,149
07/20/2020,LBB,TX,ASW,CE,Combined TRACON& Tower with Radar,18,31,34,27,110,0,17,39,0,56,18,48,73,27,166,88,0,88,254
07/21/2020,LBB,TX,ASW,CE,Combined TRACON& Tower with Radar,29,32,32,32,125,0,12,33,3,48,29,44,65,35,173,106,24,130,303
07/22/2020,LBB,TX,ASW,CE,Combined TRACON& Tower with Radar,29,31,32,24,116,0,19,40,1,60,29,50,72,25,176,46,24,70,246
07/23/2020,LBB,TX,ASW,CE,Combined TRACON& Tower with Radar,31,31,32,8,102,0,14,32,4,50,31,45,64,12,152,46,38,84,236
07/24/2020,LBB,TX,ASW,CE,Combined TRACON& Tower with Radar,30,41,13,48,132,0,17,34,0,51,30,58,47,48,183,44,22,66,249
07/25/2020,LBB,TX,ASW,CE,Combined TRACON& Tower with Radar,16,19,32,0,67,0,26,39,2,67,16,45,71,2,134,42,0,42,176
07/26/2020,LBB,TX,ASW,CE,Combined TRACON& Tower with Radar,18,14,33,0,65,0,32,38,3,73,18,46,71,3,138,50,0,50,188
07/27/2020,LBB,TX,ASW,CE,Combined TRACON& Tower with Radar,30,30,31,58,149,0,22,45,3,70,30,52,76,61,219,46,80,126,345
07/28/2020,LBB,TX,ASW,CE,Combined TRACON& Tower with Radar,29,31,31,40,131,0,13,36,5,54,29,44,67,45,185,48,28,76,261
07/29/2020,LBB,TX,ASW,CE,Combined TRACON& Tower with Radar,27,33,28,46,134,0,28,42,5,75,27,61,70,51,209,64,4,68,277
07/30/2020,LBB,TX,ASW,CE,Combined TRACON& Tower with Radar,29,39,32,20,120,0,11,56,4,71,29,50,88,24,191,46,18,64,255
07/31/2020,LBB,TX,ASW,CE,Combined TRACON& Tower with Radar,25,35,37,19,116,0,24,46,2,72,25,59,83,21,188,44,0,44,232
08/01/2020,LBB,TX,ASW,CE,Combined TRACON& Tower with Radar,16,22,18,8,64,0,22,53,2,77,16,44,71,10,141,42,0,42,183
08/02/2020,LBB,TX,ASW,CE,Combined TRACON& Tower with Radar,14,20,17,8,59,0,14,41,0,55,14,34,58,8,114,74,6,80,194
08/03/2020,LBB,TX,ASW,CE,Combined TRACON& Tower with Radar,14,24,29,22,89,0,13,46,4,63,14,37,75,26,152,72,38,110,262
08/04/2020,LBB,TX,ASW,CE,Combined TRACON& Tower with Radar,27,33,29,39,128,0,21,34,4,59,27,54,63,43,187,30,60,90,277
08/05/2020,LBB,TX,ASW,CE,Combined TRACON& Tower with Radar,25,28,37,21,111,0,19,58,0,77,25,47,95,21,188,0,0,0,188
08/06/2020,LBB,TX,ASW,CE,Combined TRACON& Tower with Radar,25,38,51,0,114,0,19,37,0,56,25,57,88,0,170,40,0,40,210
08/07/2020,LBB,TX,ASW,CE,Combined TRACON& Tower with Radar,25,43,42,28,138,0,18,43,2,63,25,61,85,30,201,12,6,18,219
08/08/2020,LBB,TX,ASW,CE,Combined TRACON& Tower with Radar,18,18,8,0,44,0,11,60,0,71,18,29,68,0,115,0,0,0,115
08/09/2020,LBB,TX,ASW,CE,Combined TRACON& Tower with Radar,15,19,38,0,72,0,11,40,2,53,15,30,78,2,125,24,0,24,149
08/10/2020,LBB,TX,ASW,CE,Combined TRACON& Tower with Radar,16,29,23,22,90,0,19,29,1,49,16,48,52,23,139,32,12,44,183
08/11/2020,LBB,TX,ASW,CE,Combined TRACON& Tower with Radar,29,33,32,17,111,0,19,31,1,51,29,52,63,18,162,42,14,56,218
08/12/2020,LBB,TX,ASW,CE,Combined TRACON& Tower with Radar,27,38,44,15,124,0,15,35,0,50,27,53,79,15,174,30,0,30,204
08/13/2020,LBB,TX,ASW,CE,Combined TRACON& Tower with Radar,27,42,30,31,130,0,33,45,0,78,27,75,75,31,208,36,6,42,250
08/14/2020,LBB,TX,ASW,CE,Combined TRACON& Tower with Radar,29,40,32,14,115,0,21,34,3,58,29,61,66,17,173,64,0,64,237
08/15/2020,LBB,TX,ASW,CE,Combined TRACON& Tower with Radar,20,16,15,3,54,0,17,63,0,80,20,33,78,3,134,54,0,54,188
08/16/2020,LBB,TX,ASW,CE,Combined TRACON& Tower with Radar,21,18,34,0,73,0,16,38,2,56,21,34,72,2,129,50,0,50,179
08/17/2020,LBB,TX,ASW,CE,Combined TRACON& Tower with Radar,19,33,31,5,88,0,10,59,1,70,19,43,90,6,158,86,0,86,244
08/18/2020,LBB,TX,ASW,CE,Combined TRACON& Tower with Radar,29,33,33,13,108,0,17,59,2,78,29,50,92,15,186,82,10,92,278
08/19/2020,LBB,TX,ASW,CE,Combined TRACON& Tower with Radar,31,36,39,18,124,0,20,48,1,69,31,56,87,19,193,0,0,0,193
08/20/2020,LBB,TX,ASW,CE,Combined TRACON& Tower with Radar,27,52,41,27,147,0,13,63,2,78,27,65,104,29,225,64,6,70,295
08/21/2020,LBB,TX,ASW,CE,Combined TRACON& Tower with Radar,29,40,28,58,155,0,19,50,0,69,29,59,78,58,224,40,0,40,264
08/22/2020,LBB,TX,ASW,CE,Combined TRACON& Tower with Radar,18,26,31,0,75,0,10,48,2,60,18,36,79,2,135,124,0,124,259
08/23/2020,LBB,TX,ASW,CE,Combined TRACON& Tower with Radar,17,24,14,7,62,0,11,47,3,61,17,35,61,10,123,98,8,106,229
08/24/2020,LBB,TX,ASW,CE,Combined TRACON& Tower with Radar,30,23,25,0,78,0,14,35,0,49,30,37,60,0,127,74,0,74,201
08/25/2020,LBB,TX,ASW,CE,Combined TRACON& Tower with Radar,25,31,34,51,141,0,20,45,4,69,25,51,79,55,210,56,0,56,266
08/26/2020,LBB,TX,ASW,CE,Combined TRACON& Tower with Radar,25,26,23,60,134,0,12,54,3,69,25,38,77,63,203,68,12,80,283
08/27/2020,LBB,TX,ASW,CE,Combined TRACON& Tower with Radar,29,38,34,55,156,0,18,53,3,74,29,56,87,58,230,10,0,10,240
08/28/2020,LBB,TX,ASW,CE,Combined TRACON& Tower with Radar,27,38,33,9,107,0,26,36,3,65,27,64,69,12,172,36,0,36,208
08/29/2020,LBB,TX,ASW,CE,Combined TRACON& Tower with Radar,18,16,31,6,71,0,15,53,2,70,18,31,84,8,141,90,0,90,231
08/30/2020,LBB,TX,ASW,CE,Combined TRACON& Tower with Radar,17,19,26,25,87,0,19,37,7,63,17,38,63,32,150,78,12,90,240
08/31/2020,LBB,TX,ASW,CE,Combined TRACON& Tower with Radar,25,28,28,21,102,0,10,42,0,52,25,38,70,21,154,64,0,64,218
09/01/2020,LBB,TX,ASW,CE,Combined TRACON& Tower with Radar,30,41,30,24,125,0,14,22,5,41,30,55,52,29,166,4,28,32,198
09/02/2020,LBB,TX,ASW,CE,Combined TRACON& Tower with Radar,30,34,30,29,123,0,12,29,1,42,30,46,59,30,165,26,10,36,201
09/03/2020,LBB,TX,ASW,CE,Combined TRACON& Tower with Radar,53,38,49,53,193,0,22,58,2,82,53,60,107,55,275,38,2,40,315
09/04/2020,LBB,TX,ASW,CE,Combined TRACON& Tower with Radar,27,38,40,0,105,0,13,41,0,54,27,51,81,0,159,66,0,66,225
09/05/2020,LBB,TX,ASW,CE,Combined TRACON& Tower with Radar,20,15,14,6,55,0,12,47,0,59,20,27,61,6,114,74,0,74,188
09/06/2020,LBB,TX,ASW,CE,Combined TRACON& Tower with Radar,24,15,18,0,57,0,12,36,0,48,24,27,54,0,105,74,0,74,179
09/07/2020,LBB,TX,ASW,CE,Combined TRACON& Tower with Radar,11,28,34,0,73,0,10,50,0,60,11,38,84,0,133,58,0,58,191
09/08/2020,LBB,TX,ASW,CE,Combined TRACON& Tower with Radar,21,32,39,12,104,0,9,9,0,18,21,41,48,12,122,16,0,16,138
09/09/2020,LBB,TX,ASW,CE,Combined TRACON& Tower with Radar,28,27,23,21,99,0,0,0,0,0,28,27,23,21,99,0,0,0,99
09/10/2020,LBB,TX,ASW,CE,Combined TRACON& Tower with Radar,28,46,66,106,246,0,2,11,1,14,28,48,77,107,260,44,20,64,324
09/11/2020,LBB,TX,ASW,CE,Combined TRACON& Tower with Radar,31,43,50,92,216,0,24,38,2,64,31,67,88,94,280,74,84,158,438
09/12/2020,LBB,TX,ASW,CE,Combined TRACON& Tower with Radar,19,19,25,4,67,0,9,46,2,57,19,28,71,6,124,98,0,98,222
09/13/2020,LBB,TX,ASW,CE,Combined TRACON& Tower with Radar,18,19,28,10,75,0,8,26,4,38,18,27,54,14,113,88,16,104,217
09/14/2020,LBB,TX,ASW,CE,Combined TRACON& Tower with Radar,17,23,48,35,123,0,20,34,1,55,17,43,82,36,178,104,18,122,300
09/15/2020,LBB,TX,ASW,CE,Combined TRACON& Tower with Radar,42,32,43,30,147,0,31,47,2,80,42,63,90,32,227,100,0,100,327
09/16/2020,LBB,TX,ASW,CE,Combined TRACON& Tower with Radar,52,32,49,26,159,0,8,60,5,73,52,40,109,31,232,24,4,28,260
09/17/2020,LBB,TX,ASW,CE,Combined TRACON& Tower with Radar,27,34,44,3,108,0,22,43,1,66,27,56,87,4,174,10,0,10,184
09/18/2020,LBB,TX,ASW,CE,Combined TRACON& Tower with Radar,27,37,40,27,131,0,11,60,0,71,27,48,100,27,202,58,0,58,260
09/19/2020,LBB,TX,ASW,CE,Combined TRACON& Tower with Radar,18,24,24,16,82,0,16,47,2,65,18,40,71,18,147,92,10,102,249
09/20/2020,LBB,TX,ASW,CE,Combined TRACON& Tower with Radar,17,16,36,16,85,0,14,32,2,48,17,30,68,18,133,174,0,174,307
09/21/2020,LBB,TX,ASW,CE,Combined TRACON& Tower with Radar,17,21,20,14,72,0,15,45,0,60,17,36,65,14,132,104,30,134,266
09/22/2020,LBB,TX,ASW,CE,Combined TRACON& Tower with Radar,27,32,29,102,190,0,17,46,14,77,27,49,75,116,267,30,144,174,441
09/23/2020,LBB,TX,ASW,CE,Combined TRACON& Tower with Radar,27,42,47,13,129,0,10,26,2,38,27,52,73,15,167,12,0,12,179
09/24/2020,LBB,TX,ASW,CE,Combined TRACON& Tower with Radar,27,37,37,38,139,0,23,55,6,84,27,60,92,44,223,74,10,84,307
09/25/2020,LBB,TX,ASW,CE,Combined TRACON& Tower with Radar,29,40,63,2,134,0,25,67,1,93,29,65,130,3,227,34,0,34,261
09/26/2020,LBB,TX,ASW,CE,Combined TRACON& Tower with Radar,20,20,63,10,113,0,34,79,3,116,20,54,142,13,229,50,0,50,279
09/27/2020,LBB,TX,ASW,CE,Combined TRACON& Tower with Radar,17,22,45,7,91,0,13,43,5,61,17,35,88,12,152,20,0,20,172
09/28/2020,LBB,TX,ASW,CE,Combined TRACON& Tower with Radar,16,26,34,6,82,0,19,13,3,35,16,45,47,9,117,12,14,26,143
09/29/2020,LBB,TX,ASW,CE,Combined TRACON& Tower with Radar,27,26,30,21,104,0,18,34,2,54,27,44,64,23,158,52,0,52,210
09/30/2020,LBB,TX,ASW,CE,Combined TRACON& Tower with Radar,26,37,26,15,104,0,24,48,0,72,26,61,74,15,176,0,0,0,176
10/01/2020,LBB,TX,ASW,CE,Combined TRACON& Tower with Radar,28,41,46,4,119,0,31,38,4,73,28,72,84,8,192,72,0,72,264
10/02/2020,LBB,TX,ASW,CE,Combined TRACON& Tower with Radar,27,36,39,15,117,0,25,46,3,74,27,61,85,18,191,82,32,114,305
10/03/2020,LBB,TX,ASW,CE,Combined TRACON& Tower with Radar,20,19,27,1,67,0,22,37,3,62,20,41,64,4,129,28,10,38,167
10/04/2020,LBB,TX,ASW,CE,Combined TRACON& Tower with Radar,17,19,34,16,86,0,27,40,5,72,17,46,74,21,158,80,10,90,248
10/05/2020,LBB,TX,ASW,CE,Combined TRACON& Tower with Radar,27,25,32,32,116,0,17,40,2,59,27,42,72,34,175,46,12,58,233
10/06/2020,LBB,TX,ASW,CE,Combined TRACON& Tower with Radar,42,36,40,21,139,0,21,42,13,76,42,57,82,34,215,58,12,70,285
10/07/2020,LBB,TX,ASW,CE,Combined TRACON& Tower with Radar,42,34,40,14,130,0,21,31,0,52,42,55,71,14,182,0,0,0,182
10/08/2020,LBB,TX,ASW,CE,Combined TRACON& Tower with Radar,31,34,39,26,130,0,22,44,5,71,31,56,83,31,201,54,0,54,255
10/09/2020,LBB,TX,ASW,CE,Combined TRACON& Tower with Radar,35,40,49,51,175,0,18,48,3,69,35,58,97,54,244,14,0,14,258
10/10/2020,LBB,TX,ASW,CE,Combined TRACON& Tower with Radar,24,17,28,4,73,0,17,45,2,64,24,34,73,6,137,20,0,20,157
10/11/2020,LBB,TX,ASW,CE,Combined TRACON& Tower with Radar,23,13,29,6,71,0,12,37,4,53,23,25,66,10,124,65,0,65,189
10/12/2020,LBB,TX,ASW,CE,Combined TRACON& Tower with Radar,21,28,46,7,102,0,17,39,1,57,21,45,85,8,159,54,0,54,213
10/13/2020,LBB,TX,ASW,CE,Combined TRACON& Tower with Radar,33,30,34,27,124,0,25,50,1,76,33,55,84,28,200,36,10,46,246
10/14/2020,LBB,TX,ASW,CE,Combined TRACON& Tower with Radar,31,30,34,12,107,0,23,32,7,62,31,53,66,19,169,26,10,36,205
10/15/2020,LBB,TX,ASW,CE,Combined TRACON& Tower with Radar,31,38,23,17,109,0,16,27,4,47,31,54,50,21,156,46,22,68,224
10/16/2020,LBB,TX,ASW,CE,Combined TRACON& Tower with Radar,33,42,56,8,139,0,24,58,2,84,33,66,114,10,223,113,18,131,354
10/17/2020,LBB,TX,ASW,CE,Combined TRACON& Tower with Radar,22,24,21,78,145,0,22,33,6,61,22,46,54,84,206,46,4,50,256
10/18/2020,LBB,TX,ASW,CE,Combined TRACON& Tower with Radar,21,20,50,8,99,0,8,49,2,59,21,28,99,10,158,32,0,32,190
10/19/2020,LBB,TX,ASW,CE,Combined TRACON& Tower with Radar,21,33,61,60,175,0,7,41,5,53,21,40,102,65,228,14,0,14,242
10/20/2020,LBB,TX,ASW,CE,Combined TRACON& Tower with Radar,33,32,52,38,155,0,12,40,4,56,33,44,92,42,211,36,12,48,259
10/21/2020,LBB,TX,ASW,CE,Combined TRACON& Tower with Radar,35,38,51,29,153,0,14,36,3,53,35,52,87,32,206,42,0,42,248
10/22/2020,LBB,TX,ASW,CE,Combined TRACON& Tower with Radar,32,35,65,18,150,0,21,40,3,64,32,56,105,21,214,40,0,40,254
10/23/2020,LBB,TX,ASW,CE,Combined TRACON& Tower with Radar,34,42,49,83,208,0,13,3,7,23,34,55,52,90,231,38,22,60,291
10/24/2020,LBB,TX,ASW,CE,Combined TRACON& Tower with Radar,24,17,33,5,79,0,23,42,4,69,24,40,75,9,148,62,14,76,224
10/25/2020,LBB,TX,ASW,CE,Combined TRACON& Tower with Radar,21,21,52,21,115,0,5,5,1,11,21,26,57,22,126,6,0,6,132
10/26/2020,LBB,TX,ASW,CE,Combined TRACON& Tower with Radar,17,15,20,0,52,0,0,0,0,0,17,15,20,0,52,0,0,0,52
10/27/2020,LBB,TX,ASW,CE,Combined TRACON& Tower with Radar,18,0,4,0,22,0,0,0,0,0,18,0,4,0,22,0,0,0,22
10/28/2020,LBB,TX,ASW,CE,Combined TRACON& Tower with Radar,30,37,11,0,78,0,0,0,0,0,30,37,11,0,78,0,0,0,78
10/29/2020,LBB,TX,ASW,CE,Combined TRACON& Tower with Radar,32,35,35,9,111,0,17,36,1,54,32,52,71,10,165,30,16,46,211
10/30/2020,LBB,TX,ASW,CE,Combined TRACON& Tower with Radar,33,36,49,50,168,0,31,81,10,122,33,67,130,60,290,100,18,118,408
10/31/2020,LBB,TX,ASW,CE,Combined TRACON& Tower with Radar,21,22,37,4,84,0,10,63,1,74,21,32,100,5,158,46,0,46,204
11/01/2020,LBB,TX,ASW,CE,Combined TRACON& Tower with Radar,26,19,27,0,72,0,14,62,0,76,26,33,89,0,148,80,0,80,228
11/02/2020,LBB,TX,ASW,CE,Combined TRACON& Tower with Radar,21,24,38,69,152,0,13,36,6,55,21,37,74,75,207,16,42,58,265
11/03/2020,LBB,TX,ASW,CE,Combined TRACON& Tower with Radar,31,37,24,27,119,0,20,24,0,44,31,57,48,27,163,30,8,38,201
11/04/2020,LBB,TX,ASW,CE,Combined TRACON& Tower with Radar,30,36,51,26,143,0,27,50,4,81,30,63,101,30,224,20,0,20,244
11/05/2020,LBB,TX,ASW,CE,Combined TRACON& Tower with Radar,35,39,30,9,113,0,19,37,4,60,35,58,67,13,173,20,22,42,215
11/06/2020,LBB,TX,ASW,CE,Combined TRACON& Tower with Radar,40,38,48,7,133,0,27,50,7,84,40,65,98,14,217,70,0,70,287
11/07/2020,LBB,TX,ASW,CE,Combined TRACON& Tower with Radar,26,21,20,4,71,0,13,40,2,55,26,34,60,6,126,46,10,56,182
11/08/2020,LBB,TX,ASW,CE,Combined TRACON& Tower with Radar,29,21,32,14,96,0,13,20,0,33,29,34,52,14,129,18,0,18,147
11/09/2020,LBB,TX,ASW,CE,Combined TRACON& Tower with Radar,24,23,32,42,121,0,13,22,0,35,24,36,54,42,156,8,12,20,176
11/10/2020,LBB,TX,ASW,CE,Combined TRACON& Tower with Radar,28,33,40,20,121,0,18,37,8,63,28,51,77,28,184,18,16,34,218
11/11/2020,LBB,TX,ASW,CE,Combined TRACON& Tower with Radar,31,33,31,0,95,0,16,48,0,64,31,49,79,0,159,42,0,42,201
11/12/2020,LBB,TX,ASW,CE,Combined TRACON& Tower with Radar,35,33,37,16,121,0,27,43,2,72,35,60,80,18,193,36,0,36,229
11/13/2020,LBB,TX,ASW,CE,Combined TRACON& Tower with Radar,39,39,43,67,188,0,19,25,3,47,39,58,68,70,235,66,18,84,319
11/14/2020,LBB,TX,ASW,CE,Combined TRACON& Tower with Radar,25,44,23,8,100,0,9,17,2,28,25,53,40,10,128,6,8,14,142
11/15/2020,LBB,TX,ASW,CE,Combined TRACON& Tower with Radar,28,14,41,16,99,0,8,46,1,55,28,22,87,17,154,28,0,28,182
11/16/2020,LBB,TX,ASW,CE,Combined TRACON& Tower with Radar,25,31,48,9,113,0,19,34,1,54,25,50,82,10,167,44,2,46,213
11/17/2020,LBB,TX,ASW,CE,Combined TRACON& Tower with Radar,31,33,30,21,115,0,17,29,2,48,31,50,59,23,163,34,12,46,209
11/18/2020,LBB,TX,ASW,CE,Combined TRACON& Tower with Radar,31,38,52,44,165,0,20,51,2,73,31,58,103,46,238,61,0,61,299
11/19/2020,LBB,TX,ASW,CE,Combined TRACON& Tower with Radar,37,46,53,17,153,0,28,62,0,90,37,74,115,17,243,38,2,40,283
11/20/2020,LBB,TX,ASW,CE,Combined TRACON& Tower with Radar,37,45,48,11,141,0,13,80,0,93,37,58,128,11,234,114,6,120,354
11/21/2020,LBB,TX,ASW,CE,Combined TRACON& Tower with Radar,28,25,26,8,87,0,12,53,2,67,28,37,79,10,154,0,0,0,154
11/22/2020,LBB,TX,ASW,CE,Combined TRACON& Tower with Radar,29,26,40,4,99,0,2,3,0,5,29,28,43,4,104,68,0,68,172
11/23/2020,LBB,TX,ASW,CE,Combined TRACON& Tower with Radar,26,28,43,0,97,0,0,0,0,0,26,28,43,0,97,0,0,0,97
11/24/2020,LBB,TX,ASW,CE,Combined TRACON& Tower with Radar,38,39,38,13,128,0,8,7,0,15,38,47,45,13,143,0,12,12,155
11/25/2020,LBB,TX,ASW,CE,Combined TRACON& Tower with Radar,38,33,27,27,125,0,24,45,2,71,38,57,72,29,196,44,24,68,264
11/26/2020,LBB,TX,ASW,CE,Combined TRACON& Tower with Radar,10,6,7,1,24,0,23,19,2,44,10,29,26,3,68,0,0,0,68
11/27/2020,LBB,TX,ASW,CE,Combined TRACON& Tower with Radar,33,28,13,0,74,0,32,21,0,53,33,60,34,0,127,31,0,31,158
11/28/2020,LBB,TX,ASW,CE,Combined TRACON& Tower with Radar,31,25,30,2,88,0,5,4,0,9,31,30,34,2,97,0,0,0,97
11/29/2020,LBB,TX,ASW,CE,Combined TRACON& Tower with Radar,29,21,33,2,85,0,16,9,4,29,29,37,42,6,114,26,0,26,140
11/30/2020,LBB,TX,ASW,CE,Combined TRACON& Tower with Radar,26,27,26,14,93,0,14,30,3,47,26,41,56,17,140,12,4,16,156
12/01/2020,LBB,TX,ASW,CE,Combined TRACON& Tower with Radar,51,43,35,24,153,0,15,39,0,54,51,58,74,24,207,70,20,90,297
12/02/2020,LBB,TX,ASW,CE,Combined TRACON& Tower with Radar,30,41,29,17,117,0,5,22,2,29,30,46,51,19,146,0,50,50,196
12/03/2020,LBB,TX,ASW,CE,Combined TRACON& Tower with Radar,34,47,44,47,172,0,16,24,0,40,34,63,68,47,212,68,14,82,294
12/04/2020,LBB,TX,ASW,CE,Combined TRACON& Tower with Radar,37,34,25,11,107,0,36,39,1,76,37,70,64,12,183,6,6,12,195
12/05/2020,LBB,TX,ASW,CE,Combined TRACON& Tower with Radar,27,27,24,9,87,0,22,31,2,55,27,49,55,11,142,0,4,4,146
12/06/2020,LBB,TX,ASW,CE,Combined TRACON& Tower with Radar,27,12,26,19,84,0,15,45,1,61,27,27,71,20,145,40,4,44,189
12/07/2020,LBB,TX,ASW,CE,Combined TRACON& Tower with Radar,25,30,38,14,107,0,25,43,4,72,25,55,81,18,179,26,0,26,205
12/08/2020,LBB,TX,ASW,CE,Combined TRACON& Tower with Radar,31,42,34,2,109,0,34,38,0,72,31,76,72,2,181,16,0,16,197
12/09/2020,LBB,TX,ASW,CE,Combined TRACON& Tower with Radar,31,40,41,64,176,0,22,44,0,66,31,62,85,64,242,44,22,66,308
12/10/2020,LBB,TX,ASW,CE,Combined TRACON& Tower with Radar,32,33,50,10,125,0,16,33,4,53,32,49,83,14,178,12,0,12,190
12/11/2020,LBB,TX,ASW,CE,Combined TRACON& Tower with Radar,36,28,38,49,151,0,20,49,2,71,36,48,87,51,222,22,26,48,270
12/12/2020,LBB,TX,ASW,CE,Combined TRACON& Tower with Radar,26,26,30,10,92,0,6,43,1,50,26,32,73,11,142,76,0,76,218
12/13/2020,LBB,TX,ASW,CE,Combined TRACON& Tower with Radar,24,16,32,7,79,0,2,6,0,8,24,18,38,7,87,0,0,0,87
12/14/2020,LBB,TX,ASW,CE,Combined TRACON& Tower with Radar,26,23,42,41,132,0,14,38,1,53,26,37,80,42,185,34,0,34,219
12/15/2020,LBB,TX,ASW,CE,Combined TRACON& Tower with Radar,30,36,26,26,118,0,14,11,3,28,30,50,37,29,146,20,0,20,166
12/16/2020,LBB,TX,ASW,CE,Combined TRACON& Tower with Radar,31,43,37,6,117,0,23,54,2,79,31,66,91,8,196,18,0,18,214
12/17/2020,LBB,TX,ASW,CE,Combined TRACON& Tower with Radar,37,32,62,18,149,0,33,45,4,82,37,65,107,22,231,24,10,34,265
12/18/2020,LBB,TX,ASW,CE,Combined TRACON& Tower with Radar,38,37,46,20,141,0,30,48,3,81,38,67,94,23,222,34,4,38,260
12/19/2020,LBB,TX,ASW,CE,Combined TRACON& Tower with Radar,35,30,34,0,99,0,11,44,0,55,35,41,78,0,154,58,0,58,212
12/20/2020,LBB,TX,ASW,CE,Combined TRACON& Tower with Radar,33,13,16,2,64,0,13,45,2,60,33,26,61,4,124,12,0,12,136
12/21/2020,LBB,TX,ASW,CE,Combined TRACON& Tower with Radar,31,21,35,24,111,0,18,55,1,74,31,39,90,25,185,38,0,38,223
12/22/2020,LBB,TX,ASW,CE,Combined TRACON& Tower with Radar,43,37,40,24,144,0,21,41,0,62,43,58,81,24,206,30,0,30,236
12/23/2020,LBB,TX,ASW,CE,Combined TRACON& Tower with Radar,42,38,27,7,114,0,17,27,0,44,42,55,54,7,158,0,0,0,158
12/24/2020,LBB,TX,ASW,CE,Combined TRACON& Tower with Radar,29,35,13,0,77,0,12,31,0,43,29,47,44,0,120,14,0,14,134
12/25/2020,LBB,TX,ASW,CE,Combined TRACON& Tower with Radar,11,14,17,0,42,0,5,8,1,14,11,19,25,1,56,0,0,0,56
12/26/2020,LBB,TX,ASW,CE,Combined TRACON& Tower with Radar,27,21,29,0,77,0,26,35,2,63,27,47,64,2,140,22,0,22,162
12/27/2020,LBB,TX,ASW,CE,Combined TRACON& Tower with Radar,27,25,27,0,79,0,14,40,0,54,27,39,67,0,133,26,0,26,159
12/28/2020,LBB,TX,ASW,CE,Combined TRACON& Tower with Radar,34,26,34,4,98,0,7,14,0,21,34,33,48,4,119,22,0,22,141
12/29/2020,LBB,TX,ASW,CE,Combined TRACON& Tower with Radar,38,38,39,0,115,0,7,13,0,20,38,45,52,0,135,24,0,24,159
12/30/2020,LBB,TX,ASW,CE,Combined TRACON& Tower with Radar,36,37,16,0,89,1,1,3,0,5,37,38,19,0,94,0,0,0,94
12/31/2020,LBB,TX,ASW,CE,Combined TRACON& Tower with Radar,29,29,25,0,83,0,3,25,0,28,29,32,50,0,111,22,0,22,133
01/01/2021,LBB,TX,ASW,CE,Combined TRACON& Tower with Radar,21,19,20,0,60,0,24,11,0,35,21,43,31,0,95,0,0,0,95
01/02/2021,LBB,TX,ASW,CE,Combined TRACON& Tower with Radar,30,24,47,1,102,0,15,42,0,57,30,39,89,1,159,66,0,66,225
01/03/2021,LBB,TX,ASW,CE,Combined TRACON& Tower with Radar,29,14,45,1,89,0,12,54,0,66,29,26,99,1,155,94,0,94,249
01/04/2021,LBB,TX,ASW,CE,Combined TRACON& Tower with Radar,27,22,27,0,76,0,9,36,0,45,27,31,63,0,121,16,0,16,137
01/05/2021,LBB,TX,ASW,CE,Combined TRACON& Tower with Radar,34,36,23,4,97,0,22,24,0,46,34,58,47,4,143,6,0,6,149
01/06/2021,LBB,TX,ASW,CE,Combined TRACON& Tower with Radar,37,48,32,25,142,0,19,12,0,31,37,67,44,25,173,12,6,18,191
01/07/2021,LBB,TX,ASW,CE,Combined TRACON& Tower with Radar,32,35,26,40,133,0,16,41,3,60,32,51,67,43,193,20,0,20,213
01/08/2021,LBB,TX,ASW,CE,Combined TRACON& Tower with Radar,35,31,33,23,122,0,3,27,2,32,35,34,60,25,154,0,10,10,164
01/09/2021,LBB,TX,ASW,CE,Combined TRACON& Tower with Radar,26,14,22,1,63,0,0,1,0,1,26,14,23,1,64,0,0,0,64
01/10/2021,LBB,TX,ASW,CE,Combined TRACON& Tower with Radar,12,5,11,0,28,0,1,0,0,1,12,6,11,0,29,0,0,0,29
01/11/2021,LBB,TX,ASW,CE,Combined TRACON& Tower with Radar,23,26,33,13,95,0,20,13,1,34,23,46,46,14,129,10,0,10,139
01/12/2021,LBB,TX,ASW,CE,Combined TRACON& Tower with Radar,37,42,26,45,150,0,18,35,11,64,37,60,61,56,214,10,0,10,224
01/13/2021,LBB,TX,ASW,CE,Combined TRACON& Tower with Radar,32,30,47,29,138,0,17,35,10,62,32,47,82,39,200,10,0,10,210
01/14/2021,LBB,TX,ASW,CE,Combined TRACON& Tower with Radar,38,40,41,8,127,0,15,21,0,36,38,55,62,8,163,8,0,8,171
01/15/2021,LBB,TX,ASW,CE,Combined TRACON& Tower with Radar,33,38,33,0,104,0,16,29,1,46,33,54,62,1,150,16,0,16,166
01/16/2021,LBB,TX,ASW,CE,Combined TRACON& Tower with Radar,24,28,33,0,85,0,14,45,1,60,24,42,78,1,145,46,0,46,191
01/17/2021,LBB,TX,ASW,CE,Combined TRACON& Tower with Radar,23,24,14,0,61,0,21,37,1,59,23,45,51,1,120,30,0,30,150
01/18/2021,LBB,TX,ASW,CE,Combined TRACON& Tower with Radar,22,27,31,0,80,0,21,21,0,42,22,48,52,0,122,12,0,12,134
01/19/2021,LBB,TX,ASW,CE,Combined TRACON& Tower with Radar,34,36,39,19,128,0,8,28,3,39,34,44,67,22,167,16,8,24,191
01/20/2021,LBB,TX,ASW,CE,Combined TRACON& Tower with Radar,36,43,28,35,142,0,9,18,0,27,36,52,46,35,169,46,0,46,215
01/21/2021,LBB,TX,ASW,CE,Combined TRACON& Tower with Radar,36,34,40,44,154,0,12,31,2,45,36,46,71,46,199,66,12,78,277
01/22/2021,LBB,TX,ASW,CE,Combined TRACON& Tower with Radar,32,31,35,31,129,0,5,3,1,9,32,36,38,32,138,0,0,0,138
01/23/2021,LBB,TX,ASW,CE,Combined TRACON& Tower with Radar,27,18,22,49,116,0,5,14,17,36,27,23,36,66,152,80,48,128,280
01/24/2021,LBB,TX,ASW,CE,Combined TRACON& Tower with Radar,26,14,19,7,66,0,0,0,1,1,26,14,19,8,67,0,0,0,67
01/25/2021,LBB,TX,ASW,CE,Combined TRACON& Tower with Radar,21,24,41,94,180,0,16,24,15,55,21,40,65,109,235,22,0,22,257
01/26/2021,LBB,TX,ASW,CE,Combined TRACON& Tower with Radar,36,36,45,7,124,0,10,17,2,29,36,46,62,9,153,14,0,14,167
01/27/2021,LBB,TX,ASW,CE,Combined TRACON& Tower with Radar,34,39,55,19,147,0,16,53,7,76,34,55,108,26,223,53,0,53,276
01/28/2021,LBB,TX,ASW,CE,Combined TRACON& Tower with Radar,32,39,50,18,139,0,22,29,2,53,32,61,79,20,192,44,10,54,246
01/29/2021,LBB,TX,ASW,CE,Combined TRACON& Tower with Radar,36,35,44,28,143,0,14,32,6,52,36,49,76,34,195,12,4,16,211
01/30/2021,LBB,TX,ASW,CE,Combined TRACON& Tower with Radar,23,24,15,4,66,0,3,10,0,13,23,27,25,4,79,0,0,0,79
01/31/2021,LBB,TX,ASW,CE,Combined TRACON& Tower with Radar,24,15,28,9,76,0,34,55,1,90,24,49,83,10,166,52,0,52,218
02/01/2021,LBB,TX,ASW,CE,Combined TRACON& Tower with Radar,21,22,47,31,121,0,17,51,3,71,21,39,98,34,192,64,8,72,264
02/02/2021,LBB,TX,ASW,CE,Combined TRACON& Tower with Radar,33,29,46,46,154,0,29,57,5,91,33,58,103,51,245,50,0,50,295
02/03/2021,LBB,TX,ASW,CE,Combined TRACON& Tower with Radar,31,31,31,11,104,0,20,34,2,56,31,51,65,13,160,50,0,50,210
02/04/2021,LBB,TX,ASW,CE,Combined TRACON& Tower with Radar,34,37,35,4,110,0,22,34,2,58,34,59,69,6,168,10,0,10,178
02/05/2021,LBB,TX,ASW,CE,Combined TRACON& Tower with Radar,37,41,39,56,173,0,23,68,5,96,37,64,107,61,269,74,24,98,367
02/06/2021,LBB,TX,ASW,CE,Combined TRACON& Tower with Radar,28,20,26,8,82,0,20,28,4,52,28,40,54,12,134,28,0,28,162
02/07/2021,LBB,TX,ASW,CE,Combined TRACON& Tower with Radar,24,21,47,8,100,0,18,69,0,87,24,39,116,8,187,58,0,58,245
02/08/2021,LBB,TX,ASW,CE,Combined TRACON& Tower with Radar,22,30,35,14,101,0,14,42,3,59,22,44,77,17,160,30,20,50,210
02/09/2021,LBB,TX,ASW,CE,Combined TRACON& Tower with Radar,37,29,64,38,168,0,4,37,2,43,37,33,101,40,211,22,14,36,247
02/10/2021,LBB,TX,ASW,CE,Combined TRACON& Tower with Radar,29,13,19,0,61,0,0,0,0,0,29,13,19,0,61,0,0,0,61
02/11/2021,LBB,TX,ASW,CE,Combined TRACON& Tower with Radar,44,42,32,4,122,0,0,9,0,9,44,42,41,4,131,0,0,0,131
02/12/2021,LBB,TX,ASW,CE,Combined TRACON& Tower with Radar,29,30,32,0,91,0,0,4,0,4,29,30,36,0,95,0,0,0,95
02/13/2021,LBB,TX,ASW,CE,Combined TRACON& Tower with Radar,21,26,13,1,61,0,0,5,1,6,21,26,18,2,67,28,0,28,95
02/14/2021,LBB,TX,ASW,CE,Combined TRACON& Tower with Radar,6,2,8,0,16,0,0,0,0,0,6,2,8,0,16,0,0,0,16
02/15/2021,LBB,TX,ASW,CE,Combined TRACON& Tower with Radar,8,12,31,2,53,0,3,12,2,17,8,15,43,4,70,0,0,0,70
02/16/2021,LBB,TX,ASW,CE,Combined TRACON& Tower with Radar,17,6,10,0,33,0,0,0,0,0,17,6,10,0,33,0,0,0,33
02/17/2021,LBB,TX,ASW,CE,Combined TRACON& Tower with Radar,10,10,5,0,25,0,0,1,0,1,10,10,6,0,26,0,0,0,26
02/18/2021,LBB,TX,ASW,CE,Combined TRACON& Tower with Radar,10,27,30,0,67,0,6,5,0,11,10,33,35,0,78,0,0,0,78
02/19/2021,LBB,TX,ASW,CE,Combined TRACON& Tower with Radar,24,28,45,34,131,0,14,43,4,61,24,42,88,38,192,30,46,76,268
02/20/2021,LBB,TX,ASW,CE,Combined TRACON& Tower with Radar,26,25,26,3,80,0,21,60,1,82,26,46,86,4,162,52,0,52,214
02/21/2021,LBB,TX,ASW,CE,Combined TRACON& Tower with Radar,25,15,32,12,84,0,16,46,4,66,25,31,78,16,150,64,2,66,216
02/22/2021,LBB,TX,ASW,CE,Combined TRACON& Tower with Radar,23,21,46,23,113,0,24,56,1,81,23,45,102,24,194,52,2,54,248
02/23/2021,LBB,TX,ASW,CE,Combined TRACON& Tower with Radar,34,37,38,21,130,0,17,46,6,69,34,54,84,27,199,4,12,16,215
02/24/2021,LBB,TX,ASW,CE,Combined TRACON& Tower with Radar,32,42,45,11,130,0,26,48,9,83,32,68,93,20,213,48,14,62,275
02/25/2021,LBB,TX,ASW,CE,Combined TRACON& Tower with Radar,32,38,47,23,140,0,22,41,4,67,32,60,88,27,207,134,10,144,351
02/26/2021,LBB,TX,ASW,CE,Combined TRACON& Tower with Radar,33,45,59,79,216,0,25,44,3,72,33,70,103,82,288,44,54,98,386
02/27/2021,LBB,TX,ASW,CE,Combined TRACON& Tower with Radar,28,29,39,43,139,0,16,46,9,71,28,45,85,52,210,44,92,136,346
02/28/2021,LBB,TX,ASW,CE,Combined TRACON& Tower with Radar,27,14,40,20,101,0,15,21,1,37,27,29,61,21,138,12,0,12,150
03/01/2021,LBB,TX,ASW,CE,Combined TRACON& Tower with Radar,24,22,37,11,94,0,18,17,2,37,24,40,54,13,131,48,32,80,211
03/02/2021,LBB,TX,ASW,CE,Combined TRACON& Tower with Radar,31,39,41,17,128,0,21,58,6,85,31,60,99,23,213,36,0,36,249
03/03/2021,LBB,TX,ASW,CE,Combined TRACON& Tower with Radar,33,28,56,34,151,0,23,58,0,81,33,51,114,34,232,74,20,94,326
03/04/2021,LBB,TX,ASW,CE,Combined TRACON& Tower with Radar,42,36,47,16,141,0,21,20,4,45,42,57,67,20,186,16,12,28,214
03/05/2021,LBB,TX,ASW,CE,Combined TRACON& Tower with Radar,33,54,51,14,152,0,11,7,0,18,33,65,58,14,170,0,0,0,170
03/06/2021,LBB,TX,ASW,CE,Combined TRACON& Tower with Radar,28,25,35,14,102,0,24,60,1,85,28,49,95,15,187,144,0,144,331
03/07/2021,LBB,TX,ASW,CE,Combined TRACON& Tower with Radar,31,14,30,18,93,0,25,40,3,68,31,39,70,21,161,48,18,66,227
03/08/2021,LBB,TX,ASW,CE,Combined TRACON& Tower with Radar,31,17,28,39,115,0,14,37,6,57,31,31,65,45,172,42,0,42,214
03/09/2021,LBB,TX,ASW,CE,Combined TRACON& Tower with Radar,34,36,54,20,144,0,25,36,6,67,34,61,90,26,211,50,34,84,295
03/10/2021,LBB,TX,ASW,CE,Combined TRACON& Tower with Radar,35,34,39,23,131,0,21,22,2,45,35,55,61,25,176,20,4,24,200
03/11/2021,LBB,TX,ASW,CE,Combined TRACON& Tower with Radar,38,37,45,9,129,0,21,54,3,78,38,58,99,12,207,132,6,138,345
03/12/2021,LBB,TX,ASW,CE,Combined TRACON& Tower with Radar,42,49,47,0,138,0,1,12,2,15,42,50,59,2,153,4,0,4,157
03/13/2021,LBB,TX,ASW,CE,Combined TRACON& Tower with Radar,31,31,25,7,94,0,4,6,0,10,31,35,31,7,104,2,4,6,110
03/14/2021,LBB,TX,ASW,CE,Combined TRACON& Tower with Radar,30,18,20,15,83,0,8,17,10,35,30,26,37,25,118,36,22,58,176
03/15/2021,LBB,TX,ASW,CE,Combined TRACON& Tower with Radar,27,32,53,34,146,0,15,50,0,65,27,47,103,34,211,30,48,78,289
03/16/2021,LBB,TX,ASW,CE,Combined TRACON& Tower with Radar,40,31,32,41,144,0,18,20,6,44,40,49,52,47,188,42,0,42,230
03/17/2021,LBB,TX,ASW,CE,Combined TRACON& Tower with Radar,35,25,29,6,95,0,8,5,2,15,35,33,34,8,110,0,0,0,110
03/18/2021,LBB,TX,ASW,CE,Combined TRACON& Tower with Radar,39,37,37,43,156,0,30,71,16,117,39,67,108,59,273,110,16,126,399
03/19/2021,LBB,TX,ASW,CE,Combined TRACON& Tower with Radar,38,39,46,31,154,0,19,73,6,98,38,58,119,37,252,118,2,120,372
03/20/2021,LBB,TX,ASW,CE,Combined TRACON& Tower with Radar,29,21,47,13,110,0,19,53,6,78,29,40,100,19,188,6,2,8,196
03/21/2021,LBB,TX,ASW,CE,Combined TRACON& Tower with Radar,28,16,30,2,76,0,10,42,2,54,28,26,72,4,130,52,16,68,198
03/22/2021,LBB,TX,ASW,CE,Combined TRACON& Tower with Radar,31,33,37,25,126,0,7,7,6,20,31,40,44,31,146,28,0,28,174
03/23/2021,LBB,TX,ASW,CE,Combined TRACON& Tower with Radar,38,36,41,30,145,0,41,51,2,94,38,77,92,32,239,70,24,94,333
03/24/2021,LBB,TX,ASW,CE,Combined TRACON& Tower with Radar,36,39,52,23,150,0,13,9,1,23,36,52,61,24,173,0,20,20,193
03/25/2021,LBB,TX,ASW,CE,Combined TRACON& Tower with Radar,40,46,46,67,199,0,16,53,13,82,40,62,99,80,281,44,30,74,355
03/26/2021,LBB,TX,ASW,CE,Combined TRACON& Tower with Radar,35,38,47,21,141,0,29,47,5,81,35,67,94,26,222,80,0,80,302
03/27/2021,LBB,TX,ASW,CE,Combined TRACON& Tower with Radar,28,25,33,23,109,0,25,43,6,74,28,50,76,29,183,66,22,88,271
03/28/2021,LBB,TX,ASW,CE,Combined TRACON& Tower with Radar,27,19,38,19,103,0,25,43,6,74,27,44,81,25,177,38,0,38,215
03/29/2021,LBB,TX,ASW,CE,Combined TRACON& Tower with Radar,28,21,25,15,89,0,29,26,3,58,28,50,51,18,147,8,0,8,155
03/30/2021,LBB,TX,ASW,CE,Combined TRACON& Tower with Radar,37,37,38,4,116,0,21,31,4,56,37,58,69,8,172,54,0,54,226
03/31/2021,LBB,TX,ASW,CE,Combined TRACON& Tower with Radar,39,38,39,27,143,0,20,45,12,77,39,58,84,39,220,62,0,62,282
04/01/2021,LBB,TX,ASW,CE,Combined TRACON& Tower with Radar,36,38,35,13,122,0,24,55,5,84,36,62,90,18,206,40,4,44,250
04/02/2021,LBB,TX,ASW,CE,Combined TRACON& Tower with Radar,35,37,32,39,143,0,13,27,3,43,35,50,59,42,186,4,14,18,204
04/03/2021,LBB,TX,ASW,CE,Combined TRACON& Tower with Radar,25,28,16,0,69,0,20,72,0,92,25,48,88,0,161,108,0,108,269
04/04/2021,LBB,TX,ASW,CE,Combined TRACON& Tower with Radar,30,23,27,21,101,0,15,15,1,31,30,38,42,22,132,4,16,20,152
04/05/2021,LBB,TX,ASW,CE,Combined TRACON& Tower with Radar,26,34,41,25,126,0,11,31,1,43,26,45,72,26,169,44,0,44,213
04/06/2021,LBB,TX,ASW,CE,Combined TRACON& Tower with Radar,32,40,25,13,110,0,20,42,2,64,32,60,67,15,174,46,0,46,220
04/07/2021,LBB,TX,ASW,CE,Combined TRACON& Tower with Radar,32,35,44,39,150,0,19,64,7,90,32,54,108,46,240,42,12,54,294
04/08/2021,LBB,TX,ASW,CE,Combined TRACON& Tower with Radar,34,48,45,33,160,0,35,46,4,85,34,83,91,37,245,26,10,36,281
04/09/2021,LBB,TX,ASW,CE,Combined TRACON& Tower with Radar,35,38,46,35,154,0,13,38,4,55,35,51,84,39,209,38,2,40,249
04/10/2021,LBB,TX,ASW,CE,Combined TRACON& Tower with Radar,28,18,21,10,77,0,15,47,8,70,28,33,68,18,147,82,0,82,229
04/11/2021,LBB,TX,ASW,CE,Combined TRACON& Tower with Radar,25,17,49,4,95,0,16,39,0,55,25,33,88,4,150,48,0,48,198
04/12/2021,LBB,TX,ASW,CE,Combined TRACON& Tower with Radar,26,26,32,19,103,0,24,23,0,47,26,50,55,19,150,24,0,24,174
04/13/2021,LBB,TX,ASW,CE,Combined TRACON& Tower with Radar,30,35,43,71,179,0,14,35,3,52,30,49,78,74,231,70,6,76,307
04/14/2021,LBB,TX,ASW,CE,Combined TRACON& Tower with Radar,30,56,59,31,176,0,0,11,0,11,30,56,70,31,187,38,6,44,231
04/15/2021,LBB,TX,ASW,CE,Combined TRACON& Tower with Radar,36,37,27,2,102,0,0,0,0,0,36,37,27,2,102,0,0,0,102
04/16/2021,LBB,TX,ASW,CE,Combined TRACON& Tower with Radar,35,42,55,9,141,0,13,18,0,31,35,55,73,9,172,38,0,38,210
04/17/2021,LBB,TX,ASW,CE,Combined TRACON& Tower with Radar,28,31,41,6,106,0,17,43,2,62,28,48,84,8,168,144,0,144,312
04/18/2021,LBB,TX,ASW,CE,Combined TRACON& Tower with Radar,27,19,45,5,96,0,24,54,4,82,27,43,99,9,178,48,4,52,230
04/19/2021,LBB,TX,ASW,CE,Combined TRACON& Tower with Radar,26,24,21,32,103,0,30,38,1,69,26,54,59,33,172,52,0,52,224
04/20/2021,LBB,TX,ASW,CE,Combined TRACON& Tower with Radar,30,38,40,28,136,0,13,22,2,37,30,51,62,30,173,48,0,48,221
04/21/2021,LBB,TX,ASW,CE,Combined TRACON& Tower with Radar,30,41,48,47,166,0,23,57,4,84,30,64,105,51,250,110,6,116,366
04/22/2021,LBB,TX,ASW,CE,Combined TRACON& Tower with Radar,36,47,47,27,157,0,16,30,7,53,36,63,77,34,210,34,14,48,258
04/23/2021,LBB,TX,ASW,CE,Combined TRACON& Tower with Radar,41,47,56,101,245,0,4,30,7,41,41,51,86,108,286,32,84,116,402
04/24/2021,LBB,TX,ASW,CE,Combined TRACON& Tower with Radar,27,22,44,3,96,0,39,78,5,122,27,61,122,8,218,144,6,150,368
04/25/2021,LBB,TX,ASW,CE,Combined TRACON& Tower with Radar,26,14,48,8,96,0,20,36,2,58,26,34,84,10,154,16,0,16,170
04/26/2021,LBB,TX,ASW,CE,Combined TRACON& Tower with Radar,26,28,37,56,147,0,23,33,4,60,26,51,70,60,207,20,0,20,227
04/27/2021,LBB,TX,ASW,CE,Combined TRACON& Tower with Radar,30,39,44,6,119,0,8,29,2,39,30,47,73,8,158,36,22,58,216
04/28/2021,LBB,TX,ASW,CE,Combined TRACON& Tower with Radar,29,37,28,17,111,0,4,21,2,27,29,41,49,19,138,43,24,67,205
04/29/2021,LBB,TX,ASW,CE,Combined TRACON& Tower with Radar,35,49,34,27,145,0,4,6,4,14,35,53,40,31,159,8,30,38,197
04/30/2021,LBB,TX,ASW,CE,Combined TRACON& Tower with Radar,34,50,54,25,163,0,16,73,6,95,34,66,127,31,258,83,26,109,367
05/01/2021,LBB,TX,ASW,CE,Combined TRACON& Tower with Radar,28,26,20,16,90,0,26,40,4,70,28,52,60,20,160,58,2,60,220
05/02/2021,LBB,TX,ASW,CE,Combined TRACON& Tower with Radar,25,28,44,12,109,0,4,37,7,48,25,32,81,19,157,22,4,26,183
05/03/2021,LBB,TX,ASW,CE,Combined TRACON& Tower with Radar,26,30,62,32,150,0,11,34,0,45,26,41,96,32,195,47,0,47,242
05/04/2021,LBB,TX,ASW,CE,Combined TRACON& Tower with Radar,41,47,63,31,182,0,26,31,1,58,41,73,94,32,240,38,10,48,288
05/05/2021,LBB,TX,ASW,CE,Combined TRACON& Tower with Radar,30,37,46,16,129,0,34,48,4,86,30,71,94,20,215,21,24,45,260
05/06/2021,LBB,TX,ASW,CE,Combined TRACON& Tower with Radar,36,44,46,34,160,0,33,45,10,88,36,77,91,44,248,58,0,58,306
05/07/2021,LBB,TX,ASW,CE,Combined TRACON& Tower with Radar,38,35,27,39,139,0,26,48,4,78,38,61,75,43,217,16,12,28,245
05/08/2021,LBB,TX,ASW,CE,Combined TRACON& Tower with Radar,31,29,17,10,87,0,6,30,2,38,31,35,47,12,125,12,0,12,137
05/09/2021,LBB,TX,ASW,CE,Combined TRACON& Tower with Radar,28,22,35,10,95,0,25,46,1,72,28,47,81,11,167,60,0,60,227
05/10/2021,LBB,TX,ASW,CE,Combined TRACON& Tower with Radar,29,34,30,28,121,0,19,31,1,51,29,53,61,29,172,11,24,35,207
05/11/2021,LBB,TX,ASW,CE,Combined TRACON& Tower with Radar,31,49,39,0,119,0,0,0,0,0,31,49,39,0,119,0,0,0,119
05/12/2021,LBB,TX,ASW,CE,Combined TRACON& Tower with Radar,36,42,43,53,174,0,12,41,2,55,36,54,84,55,229,112,70,182,411
05/13/2021,LBB,TX,ASW,CE,Combined TRACON& Tower with Radar,36,51,53,18,158,0,12,57,1,70,36,63,110,19,228,80,8,88,316
05/14/2021,LBB,TX,ASW,CE,Combined TRACON& Tower with Radar,36,50,66,39,191,0,25,35,3,63,36,75,101,42,254,6,8,14,268
05/15/2021,LBB,TX,ASW,CE,Combined TRACON& Tower with Radar,30,33,35,0,98,0,12,31,2,45,30,45,66,2,143,34,0,34,177
05/16/2021,LBB,TX,ASW,CE,Combined TRACON& Tower with Radar,27,30,55,3,115,0,8,27,0,35,27,38,82,3,150,10,10,20,170
05/17/2021,LBB,TX,ASW,CE,Combined TRACON& Tower with Radar,28,15,32,36,111,0,10,34,9,53,28,25,66,45,164,28,6,34,198
05/18/2021,LBB,TX,ASW,CE,Combined TRACON& Tower with Radar,37,48,41,21,147,0,5,40,1,46,37,53,81,22,193,17,0,17,210
05/19/2021,LBB,TX,ASW,CE,Combined TRACON& Tower with Radar,36,34,46,7,123,0,16,21,0,37,36,50,67,7,160,14,12,26,186
05/20/2021,LBB,TX,ASW,CE,Combined TRACON& Tower with Radar,38,42,71,51,202,0,19,61,11,91,38,61,132,62,293,44,14,58,351
05/21/2021,LBB,TX,ASW,CE,Combined TRACON& Tower with Radar,37,38,71,69,215,0,19,31,2,52,37,57,102,71,267,16,39,55,322
05/22/2021,LBB,TX,ASW,CE,Combined TRACON& Tower with Radar,30,28,42,43,143,0,8,30,7,45,30,36,72,50,188,28,44,72,260
05/23/2021,LBB,TX,ASW,CE,Combined TRACON& Tower with Radar,28,30,33,24,115,0,4,13,0,17,28,34,46,24,132,16,0,16,148
05/24/2021,LBB,TX,ASW,CE,Combined TRACON& Tower with Radar,23,25,18,62,128,0,4,24,2,30,23,29,42,64,158,34,40,74,232
05/25/2021,LBB,TX,ASW,CE,Combined TRACON& Tower with Radar,36,46,55,58,195,0,11,31,0,42,36,57,86,58,237,80,60,140,377
05/26/2021,LBB,TX,ASW,CE,Combined TRACON& Tower with Radar,36,42,50,14,142,0,19,44,1,64,36,61,94,15,206,59,12,71,277
05/27/2021,LBB,TX,ASW,CE,Combined TRACON& Tower with Radar,38,46,60,65,209,0,8,60,7,75,38,54,120,72,284,64,32,96,380
05/28/2021,LBB,TX,ASW,CE,Combined TRACON& Tower with Radar,37,42,63,7,149,0,5,19,2,26,37,47,82,9,175,10,0,10,185
05/29/2021,LBB,TX,ASW,CE,Combined TRACON& Tower with Radar,30,37,45,5,117,0,7,14,1,22,30,44,59,6,139,24,0,24,163
05/30/2021,LBB,TX,ASW,CE,Combined TRACON& Tower with Radar,26,21,38,3,88,0,0,3,0,3,26,21,41,3,91,0,0,0,91
05/31/2021,LBB,TX,ASW,CE,Combined TRACON& Tower with Radar,23,14,23,1,61,0,3,2,0,5,23,17,25,1,66,0,0,0,66
06/01/2021,LBB,TX,ASW,CE,Combined TRACON& Tower with Radar,30,34,43,69,176,0,11,26,3,40,30,45,69,72,216,22,18,40,256
06/02/2021,LBB,TX,ASW,CE,Combined TRACON& Tower with Radar,38,38,49,21,146,0,15,52,8,75,38,53,101,29,221,12,0,12,233
06/03/2021,LBB,TX,ASW,CE,Combined TRACON& Tower with Radar,38,47,48,22,155,0,25,51,2,78,38,72,99,24,233,97,56,153,386
06/04/2021,LBB,TX,ASW,CE,Combined TRACON& Tower with Radar,42,40,41,111,234,0,34,52,6,92,42,74,93,117,326,56,50,106,432
06/05/2021,LBB,TX,ASW,CE,Combined TRACON& Tower with Radar,27,20,34,4,85,0,13,53,12,78,27,33,87,16,163,54,24,78,241
06/06/2021,LBB,TX,ASW,CE,Combined TRACON& Tower with Radar,35,23,51,23,132,0,14,29,4,47,35,37,80,27,179,6,0,6,185
06/07/2021,LBB,TX,ASW,CE,Combined TRACON& Tower with Radar,31,42,41,60,174,0,17,45,9,71,31,59,86,69,245,50,26,76,321
06/08/2021,LBB,TX,ASW,CE,Combined TRACON& Tower with Radar,37,42,41,8,128,0,22,40,0,62,37,64,81,8,190,28,0,28,218
06/09/2021,LBB,TX,ASW,CE,Combined TRACON& Tower with Radar,43,48,35,28,154,0,19,44,1,64,43,67,79,29,218,22,5,27,245
06/10/2021,LBB,TX,ASW,CE,Combined TRACON& Tower with Radar,39,41,73,28,181,0,35,65,9,109,39,76,138,37,290,44,20,64,354
06/11/2021,LBB,TX,ASW,CE,Combined TRACON& Tower with Radar,42,39,36,21,138,0,24,46,1,71,42,63,82,22,209,16,10,26,235
06/12/2021,LBB,TX,ASW,CE,Combined TRACON& Tower with Radar,28,20,34,3,85,0,14,38,7,59,28,34,72,10,144,70,12,82,226
06/13/2021,LBB,TX,ASW,CE,Combined TRACON& Tower with Radar,31,21,37,10,99,0,7,50,5,62,31,28,87,15,161,40,0,40,201
06/14/2021,LBB,TX,ASW,CE,Combined TRACON& Tower with Radar,28,21,33,28,110,0,26,38,3,67,28,47,71,31,177,32,22,54,231
06/15/2021,LBB,TX,ASW,CE,Combined TRACON& Tower with Radar,38,38,62,24,162,0,15,49,4,68,38,53,111,28,230,54,42,96,326
06/16/2021,LBB,TX,ASW,CE,Combined TRACON& Tower with Radar,40,32,44,49,165,0,31,37,5,73,40,63,81,54,238,44,4,48,286
06/17/2021,LBB,TX,ASW,CE,Combined TRACON& Tower with Radar,40,43,50,43,176,0,30,52,1,83,40,73,102,44,259,48,20,68,327
06/18/2021,LBB,TX,ASW,CE,Combined TRACON& Tower with Radar,41,40,39,43,163,0,27,37,6,70,41,67,76,49,233,38,2,40,273
06/19/2021,LBB,TX,ASW,CE,Combined TRACON& Tower with Radar,28,35,53,2,118,0,38,48,5,91,28,73,101,7,209,90,0,90,299
06/20/2021,LBB,TX,ASW,CE,Combined TRACON& Tower with Radar,26,33,51,50,160,0,23,47,5,75,26,56,98,55,235,25,5,30,265
06/21/2021,LBB,TX,ASW,CE,Combined TRACON& Tower with Radar,26,31,41,8,106,0,11,14,0,25,26,42,55,8,131,0,12,12,143
06/22/2021,LBB,TX,ASW,CE,Combined TRACON& Tower with Radar,35,39,70,7,151,0,33,49,1,83,35,72,119,8,234,22,0,22,256
06/23/2021,LBB,TX,ASW,CE,Combined TRACON& Tower with Radar,41,43,43,17,144,0,23,46,2,71,41,66,89,19,215,24,0,24,239
06/24/2021,LBB,TX,ASW,CE,Combined TRACON& Tower with Radar,39,43,59,28,169,0,17,31,5,53,39,60,90,33,222,62,34,96,318
06/25/2021,LBB,TX,ASW,CE,Combined TRACON& Tower with Radar,41,38,64,33,176,0,27,52,4,83,41,65,116,37,259,24,14,38,297
06/26/2021,LBB,TX,ASW,CE,Combined TRACON& Tower with Radar,25,29,36,3,93,0,17,44,3,64,25,46,80,6,157,32,0,32,189
06/27/2021,LBB,TX,ASW,CE,Combined TRACON& Tower with Radar,32,19,47,4,102,0,8,14,2,24,32,27,61,6,126,32,0,32,158
06/28/2021,LBB,TX,ASW,CE,Combined TRACON& Tower with Radar,30,35,52,4,121,0,2,12,0,14,30,37,64,4,135,47,0,47,182
06/29/2021,LBB,TX,ASW,CE,Combined TRACON& Tower with Radar,40,42,31,5,118,0,0,8,1,9,40,42,39,6,127,16,0,16,143
06/30/2021,LBB,TX,ASW,CE,Combined TRACON& Tower with Radar,39,38,71,8,156,0,4,26,0,30,39,42,97,8,186,50,0,50,236
07/01/2021,LBB,TX,ASW,CE,Combined TRACON& Tower with Radar,42,41,59,40,182,0,10,70,6,86,42,51,129,46,268,118,34,152,420
07/02/2021,LBB,TX,ASW,CE,Combined TRACON& Tower with Radar,33,43,45,2,123,0,9,17,0,26,33,52,62,2,149,22,0,22,171
07/03/2021,LBB,TX,ASW,CE,Combined TRACON& Tower with Radar,28,28,33,0,89,0,9,19,0,28,28,37,52,0,117,94,0,94,211
07/04/2021,LBB,TX,ASW,CE,Combined TRACON& Tower with Radar,27,15,21,0,63,0,12,16,0,28,27,27,37,0,91,8,0,8,99
07/05/2021,LBB,TX,ASW,CE,Combined TRACON& Tower with Radar,25,24,60,0,109,0,6,37,0,43,25,30,97,0,152,90,0,90,242
07/06/2021,LBB,TX,ASW,CE,Combined TRACON& Tower with Radar,33,44,45,51,173,0,9,24,0,33,33,53,69,51,206,98,28,126,332
07/07/2021,LBB,TX,ASW,CE,Combined TRACON& Tower with Radar,37,42,39,62,180,0,16,58,8,82,37,58,97,70,262,98,54,152,414
07/08/2021,LBB,TX,ASW,CE,Combined TRACON& Tower with Radar,37,44,46,39,166,0,26,58,9,93,37,70,104,48,259,82,30,112,371
07/09/2021,LBB,TX,ASW,CE,Combined TRACON& Tower with Radar,38,41,52,32,163,0,17,69,9,95,38,58,121,41,258,66,18,84,342
07/10/2021,LBB,TX,ASW,CE,Combined TRACON& Tower with Radar,27,30,76,6,139,0,17,37,8,62,27,47,113,14,201,22,2,24,225
07/11/2021,LBB,TX,ASW,CE,Combined TRACON& Tower with Radar,22,23,39,15,99,0,7,16,2,25,22,30,55,17,124,52,0,52,176
07/12/2021,LBB,TX,ASW,CE,Combined TRACON& Tower with Radar,33,24,43,53,153,0,15,46,7,68,33,39,89,60,221,78,36,114,335
07/13/2021,LBB,TX,ASW,CE,Combined TRACON& Tower with Radar,35,45,54,16,150,0,26,64,5,95,35,71,118,21,245,4,18,22,267
07/14/2021,LBB,TX,ASW,CE,Combined TRACON& Tower with Radar,37,52,55,30,174,0,26,71,4,101,37,78,126,34,275,40,12,52,327
07/15/2021,LBB,TX,ASW,CE,Combined TRACON& Tower with Radar,39,47,62,19,167,0,27,46,3,76,39,74,108,22,243,40,6,46,289
07/16/2021,LBB,TX,ASW,CE,Combined TRACON& Tower with Radar,40,48,51,17,156,0,22,56,2,80,40,70,107,19,236,48,6,54,290
07/17/2021,LBB,TX,ASW,CE,Combined TRACON& Tower with Radar,28,27,31,14,100,0,17,59,10,86,28,44,90,24,186,86,14,100,286
07/18/2021,LBB,TX,ASW,CE,Combined TRACON& Tower with Radar,28,18,40,16,102,0,12,41,12,65,28,30,81,28,167,54,0,54,221
07/19/2021,LBB,TX,ASW,CE,Combined TRACON& Tower with Radar,33,29,41,8,111,0,16,49,0,65,33,45,90,8,176,54,8,62,238
07/20/2021,LBB,TX,ASW,CE,Combined TRACON& Tower with Radar,37,47,45,15,144,0,26,41,0,67,37,73,86,15,211,48,0,48,259
07/21/2021,LBB,TX,ASW,CE,Combined TRACON& Tower with Radar,40,48,70,17,175,0,26,61,3,90,40,74,131,20,265,54,16,70,335
07/22/2021,LBB,TX,ASW,CE,Combined TRACON& Tower with Radar,37,46,68,21,172,0,44,62,4,110,37,90,130,25,282,78,26,104,386
07/23/2021,LBB,TX,ASW,CE,Combined TRACON& Tower with Radar,39,43,48,31,161,0,13,48,3,64,39,56,96,34,225,78,14,92,317
07/24/2021,LBB,TX,ASW,CE,Combined TRACON& Tower with Radar,26,26,38,11,101,0,16,45,3,64,26,42,83,14,165,58,0,58,223
07/25/2021,LBB,TX,ASW,CE,Combined TRACON& Tower with Radar,27,16,36,8,87,0,23,35,4,62,27,39,71,12,149,46,0,46,195
07/26/2021,LBB,TX,ASW,CE,Combined TRACON& Tower with Radar,32,24,47,13,116,0,21,30,1,52,32,45,77,14,168,16,8,24,192
07/27/2021,LBB,TX,ASW,CE,Combined TRACON& Tower with Radar,38,43,45,7,133,0,14,46,2,62,38,57,91,9,195,56,10,66,261
07/28/2021,LBB,TX,ASW,CE,Combined TRACON& Tower with Radar,43,40,53,2,138,0,12,35,2,49,43,52,88,4,187,52,0,52,239
07/29/2021,LBB,TX,ASW,CE,Combined TRACON& Tower with Radar,40,43,55,17,155,0,24,52,1,77,40,67,107,18,232,70,6,76,308
07/30/2021,LBB,TX,ASW,CE,Combined TRACON& Tower with Radar,43,39,44,8,134,0,9,49,4,62,43,48,93,12,196,48,0,48,244
07/31/2021,LBB,TX,ASW,CE,Combined TRACON& Tower with Radar,28,19,30,8,85,0,19,68,2,89,28,38,98,10,174,28,12,40,214
08/01/2021,LBB,TX,ASW,CE,Combined TRACON& Tower with Radar,20,22,37,1,80,0,3,8,2,13,20,25,45,3,93,22,0,22,115
08/02/2021,LBB,TX,ASW,CE,Combined TRACON& Tower with Radar,28,25,38,16,107,0,14,36,3,53,28,39,74,19,160,64,0,64,224
08/03/2021,LBB,TX,ASW,CE,Combined TRACON& Tower with Radar,40,42,31,2,115,0,34,56,4,94,40,76,87,6,209,0,0,0,209
08/04/2021,LBB,TX,ASW,CE,Combined TRACON& Tower with Radar,38,37,45,33,153,0,18,55,3,76,38,55,100,36,229,66,14,80,309
08/05/2021,LBB,TX,ASW,CE,Combined TRACON& Tower with Radar,39,46,34,7,126,0,18,55,2,75,39,64,89,9,201,76,16,92,293
08/06/2021,LBB,TX,ASW,CE,Combined TRACON& Tower with Radar,41,48,60,23,172,0,22,74,4,100,41,70,134,27,272,72,20,92,364
08/07/2021,LBB,TX,ASW,CE,Combined TRACON& Tower with Radar,28,26,43,0,97,0,25,62,3,90,28,51,105,3,187,68,0,68,255
08/08/2021,LBB,TX,ASW,CE,Combined TRACON& Tower with Radar,27,24,58,0,109,0,25,48,4,77,27,49,106,4,186,0,0,0,186
08/09/2021,LBB,TX,ASW,CE,Combined TRACON& Tower with Radar,34,26,37,29,126,0,12,59,3,74,34,38,96,32,200,0,0,0,200
08/10/2021,LBB,TX,ASW,CE,Combined TRACON& Tower with Radar,38,37,39,58,172,0,18,58,2,78,38,55,97,60,250,94,64,158,408
08/11/2021,LBB,TX,ASW,CE,Combined TRACON& Tower with Radar,42,42,43,43,170,0,14,66,4,84,42,56,109,47,254,76,32,108,362
08/12/2021,LBB,TX,ASW,CE,Combined TRACON& Tower with Radar,50,38,67,6,161,0,4,40,0,44,50,42,107,6,205,26,12,38,243
08/13/2021,LBB,TX,ASW,CE,Combined TRACON& Tower with Radar,40,42,66,32,180,0,3,48,1,52,40,45,114,33,232,44,0,44,276
08/14/2021,LBB,TX,ASW,CE,Combined TRACON& Tower with Radar,27,24,28,4,83,0,2,26,3,31,27,26,54,7,114,72,2,74,188
08/15/2021,LBB,TX,ASW,CE,Combined TRACON& Tower with Radar,28,22,40,31,121,0,3,53,0,56,28,25,93,31,177,0,0,0,177
08/16/2021,LBB,TX,ASW,CE,Combined TRACON& Tower with Radar,31,23,29,5,88,0,5,43,0,48,31,28,72,5,136,0,0,0,136
08/17/2021,LBB,TX,ASW,CE,Combined TRACON& Tower with Radar,33,39,35,14,121,0,13,52,0,65,33,52,87,14,186,38,6,44,230
08/18/2021,LBB,TX,ASW,CE,Combined TRACON& Tower with Radar,34,42,64,2,142,0,15,30,0,45,34,57,94,2,187,80,2,82,269
08/19/2021,LBB,TX,ASW,CE,Combined TRACON& Tower with Radar,40,43,63,42,188,0,9,48,10,67,40,52,111,52,255,60,54,114,369
08/20/2021,LBB,TX,ASW,CE,Combined TRACON& Tower with Radar,40,34,41,54,169,0,15,37,1,53,40,49,78,55,222,64,56,120,342
08/21/2021,LBB,TX,ASW,CE,Combined TRACON& Tower with Radar,31,19,42,18,110,0,5,83,7,95,31,24,125,25,205,110,6,116,321
08/22/2021,LBB,TX,ASW,CE,Combined TRACON& Tower with Radar,28,14,33,14,89,0,4,31,2,37,28,18,64,16,126,54,0,54,180
08/23/2021,LBB,TX,ASW,CE,Combined TRACON& Tower with Radar,33,26,33,24,116,0,12,38,0,50,33,38,71,24,166,68,28,96,262
08/24/2021,LBB,TX,ASW,CE,Combined TRACON& Tower with Radar,37,40,54,11,142,0,11,33,3,47,37,51,87,14,189,24,8,32,221
08/25/2021,LBB,TX,ASW,CE,Combined TRACON& Tower with Radar,40,33,35,7,115,0,27,37,2,66,40,60,72,9,181,30,0,30,211
08/26/2021,LBB,TX,ASW,CE,Combined TRACON& Tower with Radar,38,42,50,24,154,0,20,56,2,78,38,62,106,26,232,56,0,56,288
08/27/2021,LBB,TX,ASW,CE,Combined TRACON& Tower with Radar,41,46,48,41,176,0,7,55,11,73,41,53,103,52,249,72,68,140,389
08/28/2021,LBB,TX,ASW,CE,Combined TRACON& Tower with Radar,32,26,34,13,105,0,18,46,3,67,32,44,80,16,172,40,6,46,218
08/29/2021,LBB,TX,ASW,CE,Combined TRACON& Tower with Radar,31,20,31,18,100,0,11,25,2,38,31,31,56,20,138,16,22,38,176
08/30/2021,LBB,TX,ASW,CE,Combined TRACON& Tower with Radar,31,35,51,52,169,0,17,45,3,65,31,52,96,55,234,14,30,44,278
08/31/2021,LBB,TX,ASW,CE,Combined TRACON& Tower with Radar,38,35,68,25,166,0,15,59,1,75,38,50,127,26,241,88,0,88,329
09/01/2021,LBB,TX,ASW,CE,Combined TRACON& Tower with Radar,38,57,65,30,190,0,7,43,7,57,38,64,108,37,247,0,0,0,247
09/02/2021,LBB,TX,ASW,CE,Combined TRACON& Tower with Radar,53,40,57,12,162,0,6,69,4,79,53,46,126,16,241,62,18,80,321
09/03/2021,LBB,TX,ASW,CE,Combined TRACON& Tower with Radar,45,55,110,6,216,0,17,55,1,73,45,72,165,7,289,130,0,130,419
09/04/2021,LBB,TX,ASW,CE,Combined TRACON& Tower with Radar,31,32,24,0,87,0,18,50,1,69,31,50,74,1,156,40,14,54,210
09/05/2021,LBB,TX,ASW,CE,Combined TRACON& Tower with Radar,26,12,27,0,65,0,4,10,2,16,26,16,37,2,81,52,0,52,133
09/06/2021,LBB,TX,ASW,CE,Combined TRACON& Tower with Radar,25,17,85,10,137,0,4,58,0,62,25,21,143,10,199,66,0,66,265
09/07/2021,LBB,TX,ASW,CE,Combined TRACON& Tower with Radar,34,25,63,6,128,0,20,35,0,55,34,45,98,6,183,62,0,62,245
09/08/2021,LBB,TX,ASW,CE,Combined TRACON& Tower with Radar,38,36,48,12,134,0,13,62,9,84,38,49,110,21,218,57,34,91,309
09/09/2021,LBB,TX,ASW,CE,Combined TRACON& Tower with Radar,41,41,44,8,134,0,15,55,0,70,41,56,99,8,204,71,0,71,275
09/10/2021,LBB,TX,ASW,CE,Combined TRACON& Tower with Radar,42,36,87,24,189,0,14,69,0,83,42,50,156,24,272,86,20,106,378
09/11/2021,LBB,TX,ASW,CE,Combined TRACON& Tower with Radar,31,28,53,11,123,0,16,48,2,66,31,44,101,13,189,88,4,92,281
09/12/2021,LBB,TX,ASW,CE,Combined TRACON& Tower with Radar,34,17,63,6,120,0,9,43,0,52,34,26,106,6,172,30,0,30,202
09/13/2021,LBB,TX,ASW,CE,Combined TRACON& Tower with Radar,32,37,35,54,158,0,14,37,3,54,32,51,72,57,212,6,14,20,232
09/14/2021,LBB,TX,ASW,CE,Combined TRACON& Tower with Radar,38,48,33,59,178,0,18,52,1,71,38,66,85,60,249,22,18,40,289
09/15/2021,LBB,TX,ASW,CE,Combined TRACON& Tower with Radar,39,38,63,61,201,0,12,48,1,61,39,50,111,62,262,58,20,78,340
09/16/2021,LBB,TX,ASW,CE,Combined TRACON& Tower with Radar,40,38,41,32,151,0,28,34,0,62,40,66,75,32,213,48,8,56,269
09/17/2021,LBB,TX,ASW,CE,Combined TRACON& Tower with Radar,43,43,58,23,167,0,15,56,2,73,43,58,114,25,240,36,0,36,276
09/18/2021,LBB,TX,ASW,CE,Combined TRACON& Tower with Radar,32,24,42,1,99,0,17,83,2,102,32,41,125,3,201,34,0,34,235
09/19/2021,LBB,TX,ASW,CE,Combined TRACON& Tower with Radar,33,27,42,0,102,0,27,49,0,76,33,54,91,0,178,0,0,0,178
09/20/2021,LBB,TX,ASW,CE,Combined TRACON& Tower with Radar,33,24,30,42,129,0,11,59,7,77,33,35,89,49,206,32,18,50,256
09/21/2021,LBB,TX,ASW,CE,Combined TRACON& Tower with Radar,44,34,40,18,136,0,6,49,4,59,44,40,89,22,195,30,6,36,231
09/22/2021,LBB,TX,ASW,CE,Combined TRACON& Tower with Radar,40,32,57,44,173,1,17,64,5,87,41,49,121,49,260,68,22,90,350
09/23/2021,LBB,TX,ASW,CE,Combined TRACON& Tower with Radar,40,41,41,20,142,0,20,50,2,72,40,61,91,22,214,42,12,54,268
09/24/2021,LBB,TX,ASW,CE,Combined TRACON& Tower with Radar,43,41,52,5,141,0,18,91,4,113,43,59,143,9,254,16,14,30,284
09/25/2021,LBB,TX,ASW,CE,Combined TRACON& Tower with Radar,32,24,36,2,94,0,22,57,0,79,32,46,93,2,173,30,0,30,203
09/26/2021,LBB,TX,ASW,CE,Combined TRACON& Tower with Radar,31,17,43,7,98,0,17,47,3,67,31,34,90,10,165,8,0,8,173
09/27/2021,LBB,TX,ASW,CE,Combined TRACON& Tower with Radar,30,28,49,2,109,0,14,37,2,53,30,42,86,4,162,4,0,4,166
09/28/2021,LBB,TX,ASW,CE,Combined TRACON& Tower with Radar,39,43,45,42,169,0,22,32,6,60,39,65,77,48,229,20,18,38,267
09/29/2021,LBB,TX,ASW,CE,Combined TRACON& Tower with Radar,39,42,56,68,205,0,14,57,14,85,39,56,113,82,290,45,40,85,375
09/30/2021,LBB,TX,ASW,CE,Combined TRACON& Tower with Radar,41,43,54,34,172,0,8,27,0,35,41,51,81,34,207,40,20,60,267
10/01/2021,LBB,TX,ASW,CE,Combined TRACON& Tower with Radar,43,40,44,0,127,0,0,5,0,5,43,40,49,0,132,6,0,6,138
10/02/2021,LBB,TX,ASW,CE,Combined TRACON& Tower with Radar,31,26,51,11,119,0,7,41,2,50,31,33,92,13,169,105,20,125,294
10/03/2021,LBB,TX,ASW,CE,Combined TRACON& Tower with Radar,32,16,42,22,112,0,18,58,0,76,32,34,100,22,188,54,0,54,242
10/04/2021,LBB,TX,ASW,CE,Combined TRACON& Tower with Radar,32,18,39,17,106,0,20,55,11,86,32,38,94,28,192,42,10,52,244
10/05/2021,LBB,TX,ASW,CE,Combined TRACON& Tower with Radar,50,31,51,22,154,0,12,43,2,57,50,43,94,24,211,32,8,40,251
10/06/2021,LBB,TX,ASW,CE,Combined TRACON& Tower with Radar,42,34,57,21,154,0,19,58,1,78,42,53,115,22,232,38,10,48,280
10/07/2021,LBB,TX,ASW,CE,Combined TRACON& Tower with Radar,44,27,63,9,143,0,17,55,1,73,44,44,118,10,216,50,0,50,266
10/08/2021,LBB,TX,ASW,CE,Combined TRACON& Tower with Radar,46,37,60,46,189,0,23,76,2,101,46,60,136,48,290,94,28,122,412
10/09/2021,LBB,TX,ASW,CE,Combined TRACON& Tower with Radar,35,29,60,1,125,0,9,41,0,50,35,38,101,1,175,66,0,66,241
10/10/2021,LBB,TX,ASW,CE,Combined TRACON& Tower with Radar,23,16,59,5,103,0,4,32,0,36,23,20,91,5,139,14,0,14,153
10/11/2021,LBB,TX,ASW,CE,Combined TRACON& Tower with Radar,31,20,47,4,102,0,7,68,0,75,31,27,115,4,177,66,0,66,243
10/12/2021,LBB,TX,ASW,CE,Combined TRACON& Tower with Radar,42,41,56,48,187,0,12,15,6,33,42,53,71,54,220,12,38,50,270
10/13/2021,LBB,TX,ASW,CE,Combined TRACON& Tower with Radar,37,37,57,74,205,0,15,36,2,53,37,52,93,76,258,50,28,78,336
10/14/2021,LBB,TX,ASW,CE,Combined TRACON& Tower with Radar,40,52,62,15,169,0,19,41,4,64,40,71,103,19,233,78,6,84,317
10/15/2021,LBB,TX,ASW,CE,Combined TRACON& Tower with Radar,49,33,63,24,169,0,22,45,7,74,49,55,108,31,243,48,16,64,307
10/16/2021,LBB,TX,ASW,CE,Combined TRACON& Tower with Radar,37,17,50,3,107,0,20,79,4,103,37,37,129,7,210,46,0,46,256
10/17/2021,LBB,TX,ASW,CE,Combined TRACON& Tower with Radar,32,11,51,0,94,0,6,42,0,48,32,17,93,0,142,6,0,6,148
10/18/2021,LBB,TX,ASW,CE,Combined TRACON& Tower with Radar,33,19,61,15,128,0,16,46,1,63,33,35,107,16,191,46,8,54,245
10/19/2021,LBB,TX,ASW,CE,Combined TRACON& Tower with Radar,40,28,24,4,96,0,23,36,5,64,40,51,60,9,160,0,0,0,160
10/20/2021,LBB,TX,ASW,CE,Combined TRACON& Tower with Radar,41,32,48,15,136,0,23,35,2,60,41,55,83,17,196,62,24,86,282
10/21/2021,LBB,TX,ASW,CE,Combined TRACON& Tower with Radar,39,41,77,17,174,0,16,42,2,60,39,57,119,19,234,50,26,76,310
10/22/2021,LBB,TX,ASW,CE,Combined TRACON& Tower with Radar,46,42,84,12,184,0,14,59,0,73,46,56,143,12,257,74,0,74,331
10/23/2021,LBB,TX,ASW,CE,Combined TRACON& Tower with Radar,37,26,46,0,109,0,29,75,0,104,37,55,121,0,213,34,0,34,247
10/24/2021,LBB,TX,ASW,CE,Combined TRACON& Tower with Radar,31,18,52,0,101,0,24,70,0,94,31,42,122,0,195,26,0,26,221
10/25/2021,LBB,TX,ASW,CE,Combined TRACON& Tower with Radar,31,16,52,29,128,0,10,65,7,82,31,26,117,36,210,30,16,46,256
10/26/2021,LBB,TX,ASW,CE,Combined TRACON& Tower with Radar,40,36,54,74,204,0,10,25,4,39,40,46,79,78,243,28,32,60,303
10/27/2021,LBB,TX,ASW,CE,Combined TRACON& Tower with Radar,41,21,35,27,124,0,12,20,3,35,41,33,55,30,159,0,28,28,187
10/28/2021,LBB,TX,ASW,CE,Combined TRACON& Tower with Radar,39,34,41,74,188,0,20,26,6,52,39,54,67,80,240,16,38,54,294
10/29/2021,LBB,TX,ASW,CE,Combined TRACON& Tower with Radar,47,36,53,7,143,0,21,66,6,93,47,57,119,13,236,62,14,76,312
10/30/2021,LBB,TX,ASW,CE,Combined TRACON& Tower with Radar,37,21,32,0,90,0,27,94,3,124,37,48,126,3,214,62,0,62,276
10/31/2021,LBB,TX,ASW,CE,Combined TRACON& Tower with Radar,28,13,41,0,82,0,20,50,1,71,28,33,91,1,153,32,0,32,185
11/01/2021,LBB,TX,ASW,CE,Combined TRACON& Tower with Radar,30,19,41,14,104,0,10,52,3,65,30,29,93,17,169,80,28,108,277
11/02/2021,LBB,TX,ASW,CE,Combined TRACON& Tower with Radar,40,41,44,13,138,0,1,1,0,2,40,42,45,13,140,0,0,0,140
11/03/2021,LBB,TX,ASW,CE,Combined TRACON& Tower with Radar,37,45,42,16,140,0,1,4,0,5,37,46,46,16,145,48,28,76,221
11/04/2021,LBB,TX,ASW,CE,Combined TRACON& Tower with Radar,40,36,60,54,190,0,18,51,10,79,40,54,111,64,269,72,96,168,437
11/05/2021,LBB,TX,ASW,CE,Combined TRACON& Tower with Radar,44,55,82,0,181,0,21,49,0,70,44,76,131,0,251,58,0,58,309
11/06/2021,LBB,TX,ASW,CE,Combined TRACON& Tower with Radar,36,22,40,5,103,0,6,89,3,98,36,28,129,8,201,0,0,0,201
11/07/2021,LBB,TX,ASW,CE,Combined TRACON& Tower with Radar,30,26,38,15,109,0,9,33,4,46,30,35,71,19,155,14,2,16,171
11/08/2021,LBB,TX,ASW,CE,Combined TRACON& Tower with Radar,31,26,46,9,112,0,21,47,5,73,31,47,93,14,185,0,0,0,185
11/09/2021,LBB,TX,ASW,CE,Combined TRACON& Tower with Radar,40,45,65,48,198,0,18,74,15,107,40,63,139,63,305,61,96,157,462
11/10/2021,LBB,TX,ASW,CE,Combined TRACON& Tower with Radar,37,44,60,2,143,0,12,39,1,52,37,56,99,3,195,27,0,27,222
11/11/2021,LBB,TX,ASW,CE,Combined TRACON& Tower with Radar,43,39,64,7,153,0,11,42,0,53,43,50,106,7,206,77,8,85,291
11/12/2021,LBB,TX,ASW,CE,Combined TRACON& Tower with Radar,44,31,57,27,159,0,20,39,7,66,44,51,96,34,225,22,28,50,275
11/13/2021,LBB,TX,ASW,CE,Combined TRACON& Tower with Radar,33,35,35,11,114,0,13,58,5,76,33,48,93,16,190,54,18,72,262
11/14/2021,LBB,TX,ASW,CE,Combined TRACON& Tower with Radar,29,12,41,2,84,0,8,44,3,55,29,20,85,5,139,58,0,58,197
11/15/2021,LBB,TX,ASW,CE,Combined TRACON& Tower with Radar,33,29,46,23,131,0,28,63,5,96,33,57,109,28,227,112,8,120,347
11/16/2021,LBB,TX,ASW,CE,Combined TRACON& Tower with Radar,39,45,44,11,139,0,11,52,2,65,39,56,96,13,204,20,2,22,226
11/17/2021,LBB,TX,ASW,CE,Combined TRACON& Tower with Radar,38,38,61,13,150,0,8,31,6,45,38,46,92,19,195,60,10,70,265
11/18/2021,LBB,TX,ASW,CE,Combined TRACON& Tower with Radar,42,39,68,14,163,0,19,72,5,96,42,58,140,19,259,122,44,166,425
11/19/2021,LBB,TX,ASW,CE,Combined TRACON& Tower with Radar,42,45,58,15,160,0,25,44,1,70,42,70,102,16,230,38,4,42,272
11/20/2021,LBB,TX,ASW,CE,Combined TRACON& Tower with Radar,34,29,68,5,136,0,13,84,2,99,34,42,152,7,235,52,0,52,287
11/21/2021,LBB,TX,ASW,CE,Combined TRACON& Tower with Radar,29,31,77,9,146,0,10,55,0,65,29,41,132,9,211,10,6,16,227
11/22/2021,LBB,TX,ASW,CE,Combined TRACON& Tower with Radar,31,27,48,4,110,0,8,67,0,75,31,35,115,4,185,40,0,40,225
11/23/2021,LBB,TX,ASW,CE,Combined TRACON& Tower with Radar,39,50,43,8,140,0,15,39,2,56,39,65,82,10,196,42,0,42,238
11/24/2021,LBB,TX,ASW,CE,Combined TRACON& Tower with Radar,42,43,41,4,130,0,28,58,0,86,42,71,99,4,216,39,0,39,255
11/25/2021,LBB,TX,ASW,CE,Combined TRACON& Tower with Radar,19,20,14,0,53,0,17,12,0,29,19,37,26,0,82,0,0,0,82
11/26/2021,LBB,TX,ASW,CE,Combined TRACON& Tower with Radar,36,37,45,2,120,0,24,43,0,67,36,61,88,2,187,40,0,40,227
11/27/2021,LBB,TX,ASW,CE,Combined TRACON& Tower with Radar,32,19,26,2,79,0,19,9,0,28,32,38,35,2,107,0,0,0,107
11/28/2021,LBB,TX,ASW,CE,Combined TRACON& Tower with Radar,34,28,54,2,118,0,13,59,0,72,34,41,113,2,190,6,0,6,196
11/29/2021,LBB,TX,ASW,CE,Combined TRACON& Tower with Radar,34,24,48,25,131,0,24,44,2,70,34,48,92,27,201,54,8,62,263
11/30/2021,LBB,TX,ASW,CE,Combined TRACON& Tower with Radar,42,33,33,4,112,0,20,49,1,70,42,53,82,5,182,26,0,26,208
12/01/2021,LBB,TX,ASW,CE,Combined TRACON& Tower with Radar,40,41,48,21,150,0,10,63,0,73,40,51,111,21,223,38,0,38,261
12/02/2021,LBB,TX,ASW,CE,Combined TRACON& Tower with Radar,43,39,40,22,144,0,17,67,7,91,43,56,107,29,235,56,26,82,317
12/03/2021,LBB,TX,ASW,CE,Combined TRACON& Tower with Radar,41,35,39,63,178,0,13,63,17,93,41,48,102,80,271,76,94,170,441
12/04/2021,LBB,TX,ASW,CE,Combined TRACON& Tower with Radar,33,24,40,37,134,0,12,54,4,70,33,36,94,41,204,112,2,114,318
12/05/2021,LBB,TX,ASW,CE,Combined TRACON& Tower with Radar,31,11,37,5,84,0,9,26,0,35,31,20,63,5,119,0,0,0,119
12/06/2021,LBB,TX,ASW,CE,Combined TRACON& Tower with Radar,31,24,46,8,109,0,9,45,8,62,31,33,91,16,171,72,36,108,279
12/07/2021,LBB,TX,ASW,CE,Combined TRACON& Tower with Radar,40,53,47,9,149,0,11,36,2,49,40,64,83,11,198,84,0,84,282
12/08/2021,LBB,TX,ASW,CE,Combined TRACON& Tower with Radar,43,37,52,35,167,0,13,26,1,40,43,50,78,36,207,26,12,38,245
12/09/2021,LBB,TX,ASW,CE,Combined TRACON& Tower with Radar,41,32,48,7,128,0,11,32,3,46,41,43,80,10,174,0,0,0,174
12/10/2021,LBB,TX,ASW,CE,Combined TRACON& Tower with Radar,42,34,41,4,121,16,8,12,1,37,58,42,53,5,158,10,34,44,202
12/11/2021,LBB,TX,ASW,CE,Combined TRACON& Tower with Radar,29,23,35,14,101,0,6,34,0,40,29,29,69,14,141,0,0,0,141
12/12/2021,LBB,TX,ASW,CE,Combined TRACON& Tower with Radar,26,15,53,5,99,0,6,34,3,43,26,21,87,8,142,6,0,6,148
12/13/2021,LBB,TX,ASW,CE,Combined TRACON& Tower with Radar,31,19,42,31,123,0,10,53,1,64,31,29,95,32,187,60,16,76,263
12/14/2021,LBB,TX,ASW,CE,Combined TRACON& Tower with Radar,37,38,39,19,133,0,13,48,1,62,37,51,87,20,195,62,0,62,257
12/15/2021,LBB,TX,ASW,CE,Combined TRACON& Tower with Radar,44,44,34,5,127,0,17,14,5,36,44,61,48,10,163,10,14,24,187
12/16/2021,LBB,TX,ASW,CE,Combined TRACON& Tower with Radar,37,34,65,23,159,0,11,79,4,94,37,45,144,27,253,68,26,94,347
12/17/2021,LBB,TX,ASW,CE,Combined TRACON& Tower with Radar,39,37,84,53,213,0,7,44,1,52,39,44,128,54,265,20,0,20,285
12/18/2021,LBB,TX,ASW,CE,Combined TRACON& Tower with Radar,36,26,39,3,104,0,12,50,2,64,36,38,89,5,168,44,0,44,212
12/19/2021,LBB,TX,ASW,CE,Combined TRACON& Tower with Radar,33,15,36,2,86,0,16,36,0,52,33,31,72,2,138,26,0,26,164
12/20/2021,LBB,TX,ASW,CE,Combined TRACON& Tower with Radar,27,23,40,16,106,0,14,39,0,53,27,37,79,16,159,0,0,0,159
12/21/2021,LBB,TX,ASW,CE,Combined TRACON& Tower with Radar,38,36,43,31,148,0,17,35,9,61,38,53,78,40,209,22,14,36,245
12/22/2021,LBB,TX,ASW,CE,Combined TRACON& Tower with Radar,37,42,48,19,146,0,19,49,0,68,37,61,97,19,214,52,8,60,274
12/23/2021,LBB,TX,ASW,CE,Combined TRACON& Tower with Radar,38,41,57,0,136,0,18,47,0,65,38,59,104,0,201,58,0,58,259
12/24/2021,LBB,TX,ASW,CE,Combined TRACON& Tower with Radar,32,30,17,0,79,0,10,6,0,16,32,40,23,0,95,0,0,0,95
12/25/2021,LBB,TX,ASW,CE,Combined TRACON& Tower with Radar,21,29,9,0,59,0,18,11,0,29,21,47,20,0,88,0,0,0,88
12/26/2021,LBB,TX,ASW,CE,Combined TRACON& Tower with Radar,27,15,38,0,80,0,14,11,2,27,27,29,49,2,107,0,0,0,107
12/27/2021,LBB,TX,ASW,CE,Combined TRACON& Tower with Radar,28,37,74,0,139,0,12,46,2,60,28,49,120,2,199,52,0,52,251
12/28/2021,LBB,TX,ASW,CE,Combined TRACON& Tower with Radar,34,40,35,10,119,0,10,29,0,39,34,50,64,10,158,8,0,8,166
12/29/2021,LBB,TX,ASW,CE,Combined TRACON& Tower with Radar,40,31,48,2,121,0,7,47,0,54,40,38,95,2,175,36,0,36,211
12/30/2021,LBB,TX,ASW,CE,Combined TRACON& Tower with Radar,36,42,38,8,124,0,20,56,0,76,36,62,94,8,200,30,2,32,232
12/31/2021,LBB,TX,ASW,CE,Combined TRACON& Tower with Radar,31,25,37,0,93,0,9,9,2,20,31,34,46,2,113,34,0,34,147
01/01/2022,LBB,TX,ASW,CE,Combined TRACON& Tower with Radar,15,15,29,2,61,0,2,1,0,3,15,17,30,2,64,0,0,0,64
01/02/2022,LBB,TX,ASW,CE,Combined TRACON& Tower with Radar,22,18,52,0,92,0,14,21,0,35,22,32,73,0,127,38,0,38,165
01/03/2022,LBB,TX,ASW,CE,Combined TRACON& Tower with Radar,21,19,42,0,82,0,14,46,0,60,21,33,88,0,142,64,0,64,206
01/04/2022,LBB,TX,ASW,CE,Combined TRACON& Tower with Radar,34,30,29,4,97,0,11,18,1,30,34,41,47,5,127,14,0,14,141
01/05/2022,LBB,TX,ASW,CE,Combined TRACON& Tower with Radar,34,32,47,6,119,0,5,55,0,60,34,37,102,6,179,38,0,38,217
01/06/2022,LBB,TX,ASW,CE,Combined TRACON& Tower with Radar,40,37,27,37,141,0,12,38,1,51,40,49,65,38,192,30,34,64,256
01/07/2022,LBB,TX,ASW,CE,Combined TRACON& Tower with Radar,42,40,43,53,178,0,10,42,4,56,42,50,85,57,234,76,86,162,396
01/08/2022,LBB,TX,ASW,CE,Combined TRACON& Tower with Radar,28,15,45,132,220,0,14,69,14,97,28,29,114,146,317,22,310,332,649
01/09/2022,LBB,TX,ASW,CE,Combined TRACON& Tower with Radar,28,6,46,48,128,0,16,46,8,70,28,22,92,56,198,56,8,64,262
01/10/2022,LBB,TX,ASW,CE,Combined TRACON& Tower with Radar,30,11,38,22,101,0,6,48,1,55,30,17,86,23,156,40,16,56,212
01/11/2022,LBB,TX,ASW,CE,Combined TRACON& Tower with Radar,38,40,47,44,169,0,12,45,5,62,38,52,92,49,231,42,18,60,291
01/12/2022,LBB,TX,ASW,CE,Combined TRACON& Tower with Radar,34,30,59,29,152,0,6,51,1,58,34,36,110,30,210,44,16,60,270
01/13/2022,LBB,TX,ASW,CE,Combined TRACON& Tower with Radar,38,37,69,15,159,0,6,72,3,81,38,43,141,18,240,12,30,42,282
01/14/2022,LBB,TX,ASW,CE,Combined TRACON& Tower with Radar,45,32,51,24,152,0,9,21,3,33,45,41,72,27,185,4,8,12,197
01/15/2022,LBB,TX,ASW,CE,Combined TRACON& Tower with Radar,30,28,19,0,77,0,3,20,3,26,30,31,39,3,103,2,0,2,105
01/16/2022,LBB,TX,ASW,CE,Combined TRACON& Tower with Radar,25,10,44,3,82,0,16,61,0,77,25,26,105,3,159,38,0,38,197
01/17/2022,LBB,TX,ASW,CE,Combined TRACON& Tower with Radar,30,15,48,6,99,0,13,59,0,72,30,28,107,6,171,80,0,80,251
01/18/2022,LBB,TX,ASW,CE,Combined TRACON& Tower with Radar,40,34,51,13,138,0,13,40,1,54,40,47,91,14,192,4,12,16,208
01/19/2022,LBB,TX,ASW,CE,Combined TRACON& Tower with Radar,33,30,43,42,148,0,13,26,1,40,33,43,69,43,188,42,20,62,250
01/20/2022,LBB,TX,ASW,CE,Combined TRACON& Tower with Radar,40,32,52,5,129,0,4,32,5,41,40,36,84,10,170,64,0,64,234
01/21/2022,LBB,TX,ASW,CE,Combined TRACON& Tower with Radar,43,37,34,21,135,0,15,57,2,74,43,52,91,23,209,57,14,71,280
01/22/2022,LBB,TX,ASW,CE,Combined TRACON& Tower with Radar,29,28,33,12,102,0,26,45,3,74,29,54,78,15,176,102,10,112,288
01/23/2022,LBB,TX,ASW,CE,Combined TRACON& Tower with Radar,29,20,42,2,93,0,14,68,1,83,29,34,110,3,176,64,0,64,240
01/24/2022,LBB,TX,ASW,CE,Combined TRACON& Tower with Radar,30,17,44,26,117,0,13,45,8,66,30,30,89,34,183,0,0,0,183
01/25/2022,LBB,TX,ASW,CE,Combined TRACON& Tower with Radar,37,35,37,7,116,0,15,27,11,53,37,50,64,18,169,0,20,20,189
01/26/2022,LBB,TX,ASW,CE,Combined TRACON& Tower with Radar,36,18,22,0,76,0,0,0,0,0,36,18,22,0,76,0,0,0,76
01/27/2022,LBB,TX,ASW,CE,Combined TRACON& Tower with Radar,40,38,74,18,170,0,11,43,4,58,40,49,117,22,228,34,0,34,262
01/28/2022,LBB,TX,ASW,CE,Combined TRACON& Tower with Radar,40,38,51,10,139,0,12,52,2,66,40,50,103,12,205,30,86,116,321
01/29/2022,LBB,TX,ASW,CE,Combined TRACON& Tower with Radar,22,22,29,32,105,0,9,64,0,73,22,31,93,32,178,82,8,90,268
01/30/2022,LBB,TX,ASW,CE,Combined TRACON& Tower with Radar,28,15,43,6,92,0,3,51,2,56,28,18,94,8,148,0,0,0,148
01/31/2022,LBB,TX,ASW,CE,Combined TRACON& Tower with Radar,26,27,45,72,170,0,8,65,5,78,26,35,110,77,248,44,34,78,326
02/01/2022,LBB,TX,ASW,CE,Combined TRACON& Tower with Radar,35,47,89,42,213,0,10,61,18,89,35,57,150,60,302,32,44,76,378
02/02/2022,LBB,TX,ASW,CE,Combined TRACON& Tower with Radar,34,26,29,0,89,0,0,2,0,2,34,26,31,0,91,0,0,0,91
02/03/2022,LBB,TX,ASW,CE,Combined TRACON& Tower with Radar,11,15,15,0,41,0,0,1,0,1,11,15,16,0,42,0,0,0,42
02/04/2022,LBB,TX,ASW,CE,Combined TRACON& Tower with Radar,23,29,51,125,228,0,10,47,5,62,23,39,98,130,290,18,56,74,364
02/05/2022,LBB,TX,ASW,CE,Combined TRACON& Tower with Radar,22,18,38,63,141,0,6,33,4,43,22,24,71,67,184,32,10,42,226
02/06/2022,LBB,TX,ASW,CE,Combined TRACON& Tower with Radar,29,22,35,19,105,0,5,27,1,33,29,27,62,20,138,0,0,0,138
02/07/2022,LBB,TX,ASW,CE,Combined TRACON& Tower with Radar,32,16,42,27,117,0,18,73,3,94,32,34,115,30,211,0,0,0,211
02/08/2022,LBB,TX,ASW,CE,Combined TRACON& Tower with Radar,39,34,64,28,165,0,14,43,1,58,39,48,107,29,223,0,0,0,223
02/09/2022,LBB,TX,ASW,CE,Combined TRACON& Tower with Radar,36,33,58,22,149,0,7,62,3,72,36,40,120,25,221,64,10,74,295
02/10/2022,LBB,TX,ASW,CE,Combined TRACON& Tower with Radar,40,28,62,3,133,0,9,54,1,64,40,37,116,4,197,56,8,64,261
02/11/2022,LBB,TX,ASW,CE,Combined TRACON& Tower with Radar,40,43,71,4,158,0,11,55,1,67,40,54,126,5,225,4,8,12,237
02/12/2022,LBB,TX,ASW,CE,Combined TRACON& Tower with Radar,23,18,36,9,86,0,5,58,2,65,23,23,94,11,151,78,10,88,239
02/13/2022,LBB,TX,ASW,CE,Combined TRACON& Tower with Radar,31,14,38,14,97,0,10,35,1,46,31,24,73,15,143,58,0,58,201
02/14/2022,LBB,TX,ASW,CE,Combined TRACON& Tower with Radar,30,18,52,24,124,0,9,54,4,67,30,27,106,28,191,0,0,0,191
02/15/2022,LBB,TX,ASW,CE,Combined TRACON& Tower with Radar,37,34,42,16,129,0,16,30,7,53,37,50,72,23,182,0,8,8,190
02/16/2022,LBB,TX,ASW,CE,Combined TRACON& Tower with Radar,40,36,62,19,157,0,4,26,2,32,40,40,88,21,189,4,8,12,201
02/17/2022,LBB,TX,ASW,CE,Combined TRACON& Tower with Radar,38,37,65,19,159,0,13,26,1,40,38,50,91,20,199,16,6,22,221
02/18/2022,LBB,TX,ASW,CE,Combined TRACON& Tower with Radar,42,28,59,19,148,0,13,68,2,83,42,41,127,21,231,88,4,92,323
02/19/2022,LBB,TX,ASW,CE,Combined TRACON& Tower with Radar,30,23,40,0,93,0,15,41,0,56,30,38,81,0,149,96,0,96,245
02/20/2022,LBB,TX,ASW,CE,Combined TRACON& Tower with Radar,27,20,61,18,126,0,14,38,0,52,27,34,99,18,178,50,0,50,228
02/21/2022,LBB,TX,ASW,CE,Combined TRACON& Tower with Radar,27,19,51,0,97,0,14,21,0,35,27,33,72,0,132,0,0,0,132
02/22/2022,LBB,TX,ASW,CE,Combined TRACON& Tower with Radar,40,30,65,34,169,0,10,58,6,74,40,40,123,40,243,38,32,70,313
02/23/2022,LBB,TX,ASW,CE,Combined TRACON& Tower with Radar,26,24,46,2,98,0,1,20,2,23,26,25,66,4,121,56,0,56,177
02/24/2022,LBB,TX,ASW,CE,Combined TRACON& Tower with Radar,23,24,52,12,111,0,9,36,1,46,23,33,88,13,157,38,28,66,223
02/25/2022,LBB,TX,ASW,CE,Combined TRACON& Tower with Radar,36,29,43,8,116,0,10,35,0,45,36,39,78,8,161,28,0,28,189
02/26/2022,LBB,TX,ASW,CE,Combined TRACON& Tower with Radar,27,21,36,21,105,0,7,49,6,62,27,28,85,27,167,36,6,42,209
02/27/2022,LBB,TX,ASW,CE,Combined TRACON& Tower with Radar,32,19,39,6,96,0,15,62,0,77,32,34,101,6,173,86,0,86,259
02/28/2022,LBB,TX,ASW,CE,Combined TRACON& Tower with Radar,30,16,52,3,101,0,19,49,5,73,30,35,101,8,174,8,26,34,208
03/01/2022,LBB,TX,ASW,CE,Combined TRACON& Tower with Radar,34,32,56,7,129,0,18,81,3,102,34,50,137,10,231,92,6,98,329
03/02/2022,LBB,TX,ASW,CE,Combined TRACON& Tower with Radar,32,36,57,3,128,0,9,75,0,84,32,45,132,3,212,60,10,70,282
03/03/2022,LBB,TX,ASW,CE,Combined TRACON& Tower with Radar,34,32,56,17,139,0,15,87,3,105,34,47,143,20,244,60,40,100,344
03/04/2022,LBB,TX,ASW,CE,Combined TRACON& Tower with Radar,41,38,84,44,207,0,28,46,2,76,41,66,130,46,283,76,64,140,423
03/05/2022,LBB,TX,ASW,CE,Combined TRACON& Tower with Radar,28,24,52,4,108,0,12,45,1,58,28,36,97,5,166,4,4,8,174
03/06/2022,LBB,TX,ASW,CE,Combined TRACON& Tower with Radar,28,11,21,0,60,0,8,16,0,24,28,19,37,0,84,86,0,86,170
03/07/2022,LBB,TX,ASW,CE,Combined TRACON& Tower with Radar,29,22,52,27,130,0,13,63,6,82,29,35,115,33,212,38,46,84,296
03/08/2022,LBB,TX,ASW,CE,Combined TRACON& Tower with Radar,35,35,42,18,130,0,18,69,10,97,35,53,111,28,227,110,8,118,345
03/09/2022,LBB,TX,ASW,CE,Combined TRACON& Tower with Radar,35,39,39,18,131,0,15,47,3,65,35,54,86,21,196,20,8,28,224
03/10/2022,LBB,TX,ASW,CE,Combined TRACON& Tower with Radar,36,44,68,3,151,0,11,66,0,77,36,55,134,3,228,66,0,66,294
03/11/2022,LBB,TX,ASW,CE,Combined TRACON& Tower with Radar,39,30,33,24,126,0,11,14,1,26,39,41,47,25,152,0,0,0,152
03/12/2022,LBB,TX,ASW,CE,Combined TRACON& Tower with Radar,27,22,38,3,90,0,17,52,3,72,27,39,90,6,162,77,0,77,239
03/13/2022,LBB,TX,ASW,CE,Combined TRACON& Tower with Radar,32,7,46,12,97,0,10,49,3,62,32,17,95,15,159,36,0,36,195
03/14/2022,LBB,TX,ASW,CE,Combined TRACON& Tower with Radar,29,29,23,22,103,0,8,29,1,38,29,37,52,23,141,26,22,48,189
03/15/2022,LBB,TX,ASW,CE,Combined TRACON& Tower with Radar,38,34,51,15,138,0,21,91,8,120,38,55,142,23,258,92,14,106,364
03/16/2022,LBB,TX,ASW,CE,Combined TRACON& Tower with Radar,37,32,48,15,132,0,20,67,6,93,37,52,115,21,225,106,22,128,353
03/17/2022,LBB,TX,ASW,CE,Combined TRACON& Tower with Radar,37,26,40,6,109,0,9,15,0,24,37,35,55,6,133,22,10,32,165
03/18/2022,LBB,TX,ASW,CE,Combined TRACON& Tower with Radar,42,31,67,34,174,0,16,71,2,89,42,47,138,36,263,46,20,66,329
03/19/2022,LBB,TX,ASW,CE,Combined TRACON& Tower with Radar,29,21,54,6,110,0,12,88,3,103,29,33,142,9,213,82,0,82,295
03/20/2022,LBB,TX,ASW,CE,Combined TRACON& Tower with Radar,29,17,32,13,91,0,7,23,1,31,29,24,55,14,122,8,4,12,134
03/21/2022,LBB,TX,ASW,CE,Combined TRACON& Tower with Radar,27,26,31,22,106,0,4,18,0,22,27,30,49,22,128,14,16,30,158
03/22/2022,LBB,TX,ASW,CE,Combined TRACON& Tower with Radar,40,49,37,38,164,0,3,2,0,5,40,52,39,38,169,8,38,46,215
03/23/2022,LBB,TX,ASW,CE,Combined TRACON& Tower with Radar,38,35,58,31,162,0,11,31,14,56,38,46,89,45,218,20,40,60,278
03/24/2022,LBB,TX,ASW,CE,Combined TRACON& Tower with Radar,41,35,73,19,168,0,21,101,5,127,41,56,174,24,295,56,6,62,357
03/25/2022,LBB,TX,ASW,CE,Combined TRACON& Tower with Radar,43,33,59,49,184,0,15,91,9,115,43,48,150,58,299,44,6,50,349
03/26/2022,LBB,TX,ASW,CE,Combined TRACON& Tower with Radar,27,21,34,20,102,0,8,64,6,78,27,29,98,26,180,60,2,62,242
03/27/2022,LBB,TX,ASW,CE,Combined TRACON& Tower with Radar,33,19,35,0,87,0,10,64,0,74,33,29,99,0,161,58,0,58,219
03/28/2022,LBB,TX,ASW,CE,Combined TRACON& Tower with Radar,30,18,33,15,96,0,10,62,5,77,30,28,95,20,173,80,8,88,261
03/29/2022,LBB,TX,ASW,CE,Combined TRACON& Tower with Radar,36,25,42,5,108,0,2,9,0,11,36,27,51,5,119,4,0,4,123
03/30/2022,LBB,TX,ASW,CE,Combined TRACON& Tower with Radar,37,28,41,21,127,0,4,28,5,37,37,32,69,26,164,32,50,82,246
03/31/2022,LBB,TX,ASW,CE,Combined TRACON& Tower with Radar,39,28,52,15,134,0,19,78,8,105,39,47,130,23,239,144,2,146,385
04/01/2022,LBB,TX,ASW,CE,Combined TRACON& Tower with Radar,40,26,53,14,133,0,19,37,6,62,40,45,90,20,195,4,0,4,199
04/02/2022,LBB,TX,ASW,CE,Combined TRACON& Tower with Radar,25,19,27,0,71,0,21,63,0,84,25,40,90,0,155,70,0,70,225
04/03/2022,LBB,TX,ASW,CE,Combined TRACON& Tower with Radar,28,18,24,1,71,0,12,49,3,64,28,30,73,4,135,26,0,26,161
04/04/2022,LBB,TX,ASW,CE,Combined TRACON& Tower with Radar,32,21,55,27,135,0,19,54,2,75,32,40,109,29,210,74,2,76,286
04/05/2022,LBB,TX,ASW,CE,Combined TRACON& Tower with Radar,39,33,25,10,107,0,7,21,0,28,39,40,46,10,135,10,0,10,145
04/06/2022,LBB,TX,ASW,CE,Combined TRACON& Tower with Radar,42,40,42,8,132,0,15,48,1,64,42,55,90,9,196,130,0,130,326
04/07/2022,LBB,TX,ASW,CE,Combined TRACON& Tower with Radar,40,37,51,96,224,0,14,37,0,51,40,51,88,96,275,48,94,142,417
04/08/2022,LBB,TX,ASW,CE,Combined TRACON& Tower with Radar,47,31,48,9,135,0,14,69,0,83,47,45,117,9,218,94,0,94,312
04/09/2022,LBB,TX,ASW,CE,Combined TRACON& Tower with Radar,29,16,25,0,70,0,20,26,2,48,29,36,51,2,118,18,0,18,136
04/10/2022,LBB,TX,ASW,CE,Combined TRACON& Tower with Radar,33,13,53,4,103,0,14,24,0,38,33,27,77,4,141,0,0,0,141
04/11/2022,LBB,TX,ASW,CE,Combined TRACON& Tower with Radar,32,22,34,34,122,0,13,39,0,52,32,35,73,34,174,105,16,121,295
04/12/2022,LBB,TX,ASW,CE,Combined TRACON& Tower with Radar,37,39,55,9,140,0,7,4,0,11,37,46,59,9,151,0,0,0,151
04/13/2022,LBB,TX,ASW,CE,Combined TRACON& Tower with Radar,46,29,51,17,143,0,9,17,4,30,46,38,68,21,173,16,6,22,195
04/14/2022,LBB,TX,ASW,CE,Combined TRACON& Tower with Radar,42,39,64,26,171,0,12,46,0,58,42,51,110,26,229,22,14,36,265
04/15/2022,LBB,TX,ASW,CE,Combined TRACON& Tower with Radar,43,30,36,23,132,0,13,42,0,55,43,43,78,23,187,2,0,2,189
04/16/2022,LBB,TX,ASW,CE,Combined TRACON& Tower with Radar,31,19,33,0,83,0,9,56,0,65,31,28,89,0,148,82,0,82,230
04/17/2022,LBB,TX,ASW,CE,Combined TRACON& Tower with Radar,34,12,30,4,80,0,23,42,0,65,34,35,72,4,145,26,0,26,171
04/18/2022,LBB,TX,ASW,CE,Combined TRACON& Tower with Radar,33,21,53,10,117,0,23,56,6,85,33,44,109,16,202,30,38,68,270
04/19/2022,LBB,TX,ASW,CE,Combined TRACON& Tower with Radar,43,38,74,6,161,0,12,19,0,31,43,50,93,6,192,28,0,28,220
04/20/2022,LBB,TX,ASW,CE,Combined TRACON& Tower with Radar,41,33,46,39,159,0,18,68,5,91,41,51,114,44,250,176,26,202,452
04/21/2022,LBB,TX,ASW,CE,Combined TRACON& Tower with Radar,42,46,52,56,196,0,17,72,22,111,42,63,124,78,307,218,36,254,561
04/22/2022,LBB,TX,ASW,CE,Combined TRACON& Tower with Radar,40,41,45,6,132,0,1,4,2,7,40,42,49,8,139,20,0,20,159
04/23/2022,LBB,TX,ASW,CE,Combined TRACON& Tower with Radar,30,25,41,71,167,0,26,33,15,74,30,51,74,86,241,48,0,48,289
04/24/2022,LBB,TX,ASW,CE,Combined TRACON& Tower with Radar,33,15,40,13,101,0,4,37,14,55,33,19,77,27,156,80,10,90,246
04/25/2022,LBB,TX,ASW,CE,Combined TRACON& Tower with Radar,37,13,42,10,102,0,14,48,0,62,37,27,90,10,164,114,4,118,282
04/26/2022,LBB,TX,ASW,CE,Combined TRACON& Tower with Radar,40,31,49,53,173,0,17,72,3,92,40,48,121,56,265,152,12,164,429
04/27/2022,LBB,TX,ASW,CE,Combined TRACON& Tower with Radar,42,33,67,47,189,0,9,30,3,42,42,42,97,50,231,96,28,124,355
04/28/2022,LBB,TX,ASW,CE,Combined TRACON& Tower with Radar,41,42,46,45,174,0,20,53,12,85,41,62,99,57,259,94,36,130,389
04/29/2022,LBB,TX,ASW,CE,Combined TRACON& Tower with Radar,41,36,34,61,172,0,16,60,3,79,41,52,94,64,251,108,60,168,419
04/30/2022,LBB,TX,ASW,CE,Combined TRACON& Tower with Radar,30,22,20,16,88,0,10,64,1,75,30,32,84,17,163,168,18,186,349
05/01/2022,LBB,TX,ASW,CE,Combined TRACON& Tower with Radar,30,15,39,5,89,0,1,21,0,22,30,16,60,5,111,8,0,8,119
05/02/2022,LBB,TX,ASW,CE,Combined TRACON& Tower with Radar,35,20,31,44,130,0,11,27,4,42,35,31,58,48,172,54,60,114,286
05/03/2022,LBB,TX,ASW,CE,Combined TRACON& Tower with Radar,40,33,47,18,138,0,9,90,14,113,40,42,137,32,251,142,40,182,433
05/04/2022,LBB,TX,ASW,CE,Combined TRACON& Tower with Radar,35,39,42,0,116,0,11,19,0,30,35,50,61,0,146,18,0,18,164
05/05/2022,LBB,TX,ASW,CE,Combined TRACON& Tower with Radar,39,30,65,69,203,0,6,81,4,91,39,36,146,73,294,126,42,168,462
05/06/2022,LBB,TX,ASW,CE,Combined TRACON& Tower with Radar,43,29,42,11,125,0,19,83,8,110,43,48,125,19,235,142,26,168,403
05/07/2022,LBB,TX,ASW,CE,Combined TRACON& Tower with Radar,27,24,28,0,79,0,17,64,7,88,27,41,92,7,167,102,0,102,269
05/08/2022,LBB,TX,ASW,CE,Combined TRACON& Tower with Radar,29,17,24,6,76,0,17,24,0,41,29,34,48,6,117,42,0,42,159
05/09/2022,LBB,TX,ASW,CE,Combined TRACON& Tower with Radar,33,24,40,2,99,0,15,31,0,46,33,39,71,2,145,6,0,6,151
05/10/2022,LBB,TX,ASW,CE,Combined TRACON& Tower with Radar,37,27,30,15,109,0,2,36,1,39,37,29,66,16,148,84,4,88,236
05/11/2022,LBB,TX,ASW,CE,Combined TRACON& Tower with Radar,43,42,34,23,142,0,8,36,1,45,43,50,70,24,187,52,19,71,258
05/12/2022,LBB,TX,ASW,CE,Combined TRACON& Tower with Radar,39,43,65,20,167,0,17,71,2,90,39,60,136,22,257,88,20,108,365
05/13/2022,LBB,TX,ASW,CE,Combined TRACON& Tower with Radar,42,45,63,8,158,0,17,63,3,83,42,62,126,11,241,104,10,114,355
05/14/2022,LBB,TX,ASW,CE,Combined TRACON& Tower with Radar,27,17,41,1,86,0,22,64,3,89,27,39,105,4,175,68,2,70,245
05/15/2022,LBB,TX,ASW,CE,Combined TRACON& Tower with Radar,32,17,42,23,114,0,11,50,3,64,32,28,92,26,178,12,0,12,190
05/16/2022,LBB,TX,ASW,CE,Combined TRACON& Tower with Radar,32,18,43,14,107,0,13,26,1,40,32,31,69,15,147,62,4,66,213
05/17/2022,LBB,TX,ASW,CE,Combined TRACON& Tower with Radar,38,30,41,5,114,0,9,29,5,43,38,39,70,10,157,28,0,28,185
05/18/2022,LBB,TX,ASW,CE,Combined TRACON& Tower with Radar,40,44,56,4,144,0,24,75,1,100,40,68,131,5,244,114,0,114,358
05/19/2022,LBB,TX,ASW,CE,Combined TRACON& Tower with Radar,40,37,51,13,141,0,21,72,0,93,40,58,123,13,234,104,8,112,346
05/20/2022,LBB,TX,ASW,CE,Combined TRACON& Tower with Radar,41,34,40,39,154,0,21,58,7,86,41,55,98,46,240,158,40,198,438
05/21/2022,LBB,TX,ASW,CE,Combined TRACON& Tower with Radar,29,19,28,14,90,0,21,49,5,75,29,40,77,19,165,56,12,68,233
05/22/2022,LBB,TX,ASW,CE,Combined TRACON& Tower with Radar,30,16,35,8,89,0,19,55,2,76,30,35,90,10,165,104,0,104,269
05/23/2022,LBB,TX,ASW,CE,Combined TRACON& Tower with Radar,34,22,32,8,96,0,6,6,2,14,34,28,38,10,110,6,0,6,116
05/24/2022,LBB,TX,ASW,CE,Combined TRACON& Tower with Radar,31,25,33,20,109,0,5,5,0,10,31,30,38,20,119,52,22,74,193
05/25/2022,LBB,TX,ASW,CE,Combined TRACON& Tower with Radar,39,33,71,46,189,0,10,57,7,74,39,43,128,53,263,76,52,128,391
05/26/2022,LBB,TX,ASW,CE,Combined TRACON& Tower with Radar,44,31,53,32,160,0,18,72,5,95,44,49,125,37,255,94,48,142,397
05/27/2022,LBB,TX,ASW,CE,Combined TRACON& Tower with Radar,44,35,43,0,122,0,18,55,0,73,44,53,98,0,195,122,0,122,317
05/28/2022,LBB,TX,ASW,CE,Combined TRACON& Tower with Radar,27,16,14,2,59,0,8,28,1,37,27,24,42,3,96,36,0,36,132
05/29/2022,LBB,TX,ASW,CE,Combined TRACON& Tower with Radar,27,10,16,0,53,0,4,12,1,17,27,14,28,1,70,0,0,0,70
05/30/2022,LBB,TX,ASW,CE,Combined TRACON& Tower with Radar,30,11,47,0,88,0,13,56,0,69,30,24,103,0,157,104,0,104,261
05/31/2022,LBB,TX,ASW,CE,Combined TRACON& Tower with Radar,32,24,48,8,112,0,11,54,1,66,32,35,102,9,178,146,4,150,328
06/01/2022,LBB,TX,ASW,CE,Combined TRACON& Tower with Radar,38,33,39,0,110,0,7,7,1,15,38,40,46,1,125,40,0,40,165
06/02/2022,LBB,TX,ASW,CE,Combined TRACON& Tower with Radar,44,35,53,15,147,0,2,25,0,27,44,37,78,15,174,98,0,98,272
06/03/2022,LBB,TX,ASW,CE,Combined TRACON& Tower with Radar,41,24,42,21,128,0,3,46,1,50,41,27,88,22,178,84,22,106,284
06/04/2022,LBB,TX,ASW,CE,Combined TRACON& Tower with Radar,28,20,31,2,81,0,14,79,2,95,28,34,110,4,176,174,0,174,350
06/05/2022,LBB,TX,ASW,CE,Combined TRACON& Tower with Radar,37,16,51,9,113,0,26,59,2,87,37,42,110,11,200,54,8,62,262
06/06/2022,LBB,TX,ASW,CE,Combined TRACON& Tower with Radar,37,26,40,37,140,0,14,49,6,69,37,40,89,43,209,162,44,206,415
06/07/2022,LBB,TX,ASW,CE,Combined TRACON& Tower with Radar,45,35,61,10,151,0,20,54,3,77,45,55,115,13,228,98,6,104,332
06/08/2022,LBB,TX,ASW,CE,Combined TRACON& Tower with Radar,46,41,52,0,139,0,8,30,1,39,46,49,82,1,178,62,0,62,240
06/09/2022,LBB,TX,ASW,CE,Combined TRACON& Tower with Radar,43,43,48,1,135,0,9,45,4,58,43,52,93,5,193,108,0,108,301
06/10/2022,LBB,TX,ASW,CE,Combined TRACON& Tower with Radar,44,35,36,6,121,0,19,41,0,60,44,54,77,6,181,108,0,108,289
06/11/2022,LBB,TX,ASW,CE,Combined TRACON& Tower with Radar,28,27,22,4,81,0,30,31,0,61,28,57,53,4,142,52,0,52,194
06/12/2022,LBB,TX,ASW,CE,Combined TRACON& Tower with Radar,37,22,27,0,86,0,15,25,0,40,37,37,52,0,126,52,0,52,178
06/13/2022,LBB,TX,ASW,CE,Combined TRACON& Tower with Radar,34,27,33,2,96,0,19,16,0,35,34,46,49,2,131,0,0,0,131
06/14/2022,LBB,TX,ASW,CE,Combined TRACON& Tower with Radar,43,54,62,24,183,0,14,54,2,70,43,68,116,26,253,86,6,92,345
06/15/2022,LBB,TX,ASW,CE,Combined TRACON& Tower with Radar,46,43,44,14,147,0,27,46,2,75,46,70,90,16,222,76,6,82,304
06/16/2022,LBB,TX,ASW,CE,Combined TRACON& Tower with Radar,45,36,35,4,120,0,13,55,3,71,45,49,90,7,191,24,0,24,215
06/17/2022,LBB,TX,ASW,CE,Combined TRACON& Tower with Radar,45,30,45,6,126,0,30,55,4,89,45,60,100,10,215,44,2,46,261
06/18/2022,LBB,TX,ASW,CE,Combined TRACON& Tower with Radar,28,23,35,2,88,0,12,39,0,51,28,35,74,2,139,72,0,72,211
06/19/2022,LBB,TX,ASW,CE,Combined TRACON& Tower with Radar,34,20,41,2,97,0,11,60,1,72,34,31,101,3,169,0,0,0,169
06/20/2022,LBB,TX,ASW,CE,Combined TRACON& Tower with Radar,36,21,41,13,111,0,18,72,0,90,36,39,113,13,201,0,0,0,201
06/21/2022,LBB,TX,ASW,CE,Combined TRACON& Tower with Radar,42,39,56,13,150,0,18,68,0,86,42,57,124,13,236,96,4,100,336
06/22/2022,LBB,TX,ASW,CE,Combined TRACON& Tower with Radar,45,36,62,17,160,0,11,60,6,77,45,47,122,23,237,102,18,120,357
06/23/2022,LBB,TX,ASW,CE,Combined TRACON& Tower with Radar,43,26,48,6,123,0,10,60,0,70,43,36,108,6,193,112,0,112,305
06/24/2022,LBB,TX,ASW,CE,Combined TRACON& Tower with Radar,48,37,84,18,187,0,14,70,0,84,48,51,154,18,271,40,6,46,317
06/25/2022,LBB,TX,ASW,CE,Combined TRACON& Tower with Radar,26,30,37,28,121,0,11,64,2,77,26,41,101,30,198,74,12,86,284
06/26/2022,LBB,TX,ASW,CE,Combined TRACON& Tower with Radar,36,24,46,12,118,0,12,13,6,31,36,36,59,18,149,0,0,0,149
06/27/2022,LBB,TX,ASW,CE,Combined TRACON& Tower with Radar,33,24,42,14,113,0,11,52,9,72,33,35,94,23,185,92,32,124,309
06/28/2022,LBB,TX,ASW,CE,Combined TRACON& Tower with Radar,47,30,59,15,151,0,7,31,1,39,47,37,90,16,190,126,0,126,316
06/29/2022,LBB,TX,ASW,CE,Combined TRACON& Tower with Radar,45,40,41,16,142,0,18,58,2,78,45,58,99,18,220,58,0,58,278
06/30/2022,LBB,TX,ASW,CE,Combined TRACON& Tower with Radar,44,35,57,8,144,0,23,65,0,88,44,58,122,8,232,102,0,102,334
07/01/2022,LBB,TX,ASW,CE,Combined TRACON& Tower with Radar,44,36,55,14,149,0,25,57,0,82,44,61,112,14,231,78,0,78,309
07/02/2022,LBB,TX,ASW,CE,Combined TRACON& Tower with Radar,29,30,38,9,106,0,23,62,0,85,29,53,100,9,191,50,0,50,241
07/03/2022,LBB,TX,ASW,CE,Combined TRACON& Tower with Radar,29,16,18,0,63,0,21,45,0,66,29,37,63,0,129,82,0,82,211
07/04/2022,LBB,TX,ASW,CE,Combined TRACON& Tower with Radar,32,19,26,0,77,0,15,46,0,61,32,34,72,0,138,50,0,50,188
07/05/2022,LBB,TX,ASW,CE,Combined TRACON& Tower with Radar,32,45,41,3,121,0,10,35,1,46,32,55,76,4,167,2,0,2,169
07/06/2022,LBB,TX,ASW,CE,Combined TRACON& Tower with Radar,42,43,53,0,138,0,10,48,2,60,42,53,101,2,198,86,0,86,284
07/07/2022,LBB,TX,ASW,CE,Combined TRACON& Tower with Radar,45,29,40,13,127,0,15,49,2,66,45,44,89,15,193,54,20,74,267
07/08/2022,LBB,TX,ASW,CE,Combined TRACON& Tower with Radar,40,37,36,1,114,0,13,48,2,63,40,50,84,3,177,100,6,106,283
07/09/2022,LBB,TX,ASW,CE,Combined TRACON& Tower with Radar,28,23,23,12,86,0,11,60,1,72,28,34,83,13,158,138,0,138,296
07/10/2022,LBB,TX,ASW,CE,Combined TRACON& Tower with Radar,30,17,35,7,89,0,18,49,1,68,30,35,84,8,157,14,0,14,171
07/11/2022,LBB,TX,ASW,CE,Combined TRACON& Tower with Radar,36,27,54,6,123,0,23,50,0,73,36,50,104,6,196,90,0,90,286
07/12/2022,LBB,TX,ASW,CE,Combined TRACON& Tower with Radar,41,38,48,6,133,0,22,45,0,67,41,60,93,6,200,26,0,26,226
07/13/2022,LBB,TX,ASW,CE,Combined TRACON& Tower with Radar,42,48,64,33,187,0,22,68,0,90,42,70,132,33,277,82,26,108,385
07/14/2022,LBB,TX,ASW,CE,Combined TRACON& Tower with Radar,44,36,71,36,187,0,17,80,0,97,44,53,151,36,284,114,0,114,398
07/15/2022,LBB,TX,ASW,CE,Combined TRACON& Tower with Radar,44,36,45,46,171,0,28,103,2,133,44,64,148,48,304,130,24,154,458
07/16/2022,LBB,TX,ASW,CE,Combined TRACON& Tower with Radar,25,24,41,3,93,0,32,74,0,106,25,56,115,3,199,68,0,68,267
07/17/2022,LBB,TX,ASW,CE,Combined TRACON& Tower with Radar,35,20,38,2,95,0,20,44,0,64,35,40,82,2,159,130,0,130,289
07/18/2022,LBB,TX,ASW,CE,Combined TRACON& Tower with Radar,36,23,37,10,106,0,32,45,3,80,36,55,82,13,186,150,4,154,340
07/19/2022,LBB,TX,ASW,CE,Combined TRACON& Tower with Radar,42,36,47,11,136,0,25,32,1,58,42,61,79,12,194,10,16,26,220
07/20/2022,LBB,TX,ASW,CE,Combined TRACON& Tower with Radar,44,33,50,18,145,0,11,38,10,59,44,44,88,28,204,96,0,96,300
07/21/2022,LBB,TX,ASW,CE,Combined TRACON& Tower with Radar,44,35,51,6,136,0,10,36,3,49,44,45,87,9,185,84,10,94,279
07/22/2022,LBB,TX,ASW,CE,Combined TRACON& Tower with Radar,44,38,44,13,139,0,11,35,3,49,44,49,79,16,188,40,0,40,228
07/23/2022,LBB,TX,ASW,CE,Combined TRACON& Tower with Radar,25,26,31,1,83,0,20,59,1,80,25,46,90,2,163,60,0,60,223
07/24/2022,LBB,TX,ASW,CE,Combined TRACON& Tower with Radar,34,21,45,2,102,0,19,58,0,77,34,40,103,2,179,64,0,64,243
07/25/2022,LBB,TX,ASW,CE,Combined TRACON& Tower with Radar,32,26,33,39,130,0,20,53,1,74,32,46,86,40,204,82,0,82,286
07/26/2022,LBB,TX,ASW,CE,Combined TRACON& Tower with Radar,39,37,27,8,111,0,14,31,0,45,39,51,58,8,156,88,0,88,244
07/27/2022,LBB,TX,ASW,CE,Combined TRACON& Tower with Radar,42,37,44,24,147,0,21,34,4,59,42,58,78,28,206,88,22,110,316
07/28/2022,LBB,TX,ASW,CE,Combined TRACON& Tower with Radar,43,39,40,3,125,0,15,42,1,58,43,54,82,4,183,22,0,22,205
07/29/2022,LBB,TX,ASW,CE,Combined TRACON& Tower with Radar,44,40,27,45,156,0,19,44,1,64,44,59,71,46,220,74,60,134,354
07/30/2022,LBB,TX,ASW,CE,Combined TRACON& Tower with Radar,30,25,26,7,88,0,6,44,4,54,30,31,70,11,142,60,22,82,224
07/31/2022,LBB,TX,ASW,CE,Combined TRACON& Tower with Radar,34,16,37,12,99,0,19,23,0,42,34,35,60,12,141,34,0,34,175
08/01/2022,LBB,TX,ASW,CE,Combined TRACON& Tower with Radar,34,18,29,16,97,0,23,34,0,57,34,41,63,16,154,40,4,44,198
08/02/2022,LBB,TX,ASW,CE,Combined TRACON& Tower with Radar,41,38,19,14,112,0,15,59,0,74,41,53,78,14,186,88,8,96,282
08/03/2022,LBB,TX,ASW,CE,Combined TRACON& Tower with Radar,42,34,18,8,102,0,28,42,0,70,42,62,60,8,172,33,18,51,223
08/04/2022,LBB,TX,ASW,CE,Combined TRACON& Tower with Radar,40,40,37,21,138,0,12,27,0,39,40,52,64,21,177,28,28,56,233
08/05/2022,LBB,TX,ASW,CE,Combined TRACON& Tower with Radar,46,40,59,42,187,0,16,53,4,73,46,56,112,46,260,56,40,96,356
08/06/2022,LBB,TX,ASW,CE,Combined TRACON& Tower with Radar,27,24,30,9,90,0,24,55,2,81,27,48,85,11,171,30,16,46,217
08/07/2022,LBB,TX,ASW,CE,Combined TRACON& Tower with Radar,33,23,34,10,100,0,16,32,0,48,33,39,66,10,148,28,0,28,176
08/08/2022,LBB,TX,ASW,CE,Combined TRACON& Tower with Radar,37,27,39,19,122,0,13,34,1,48,37,40,73,20,170,44,16,60,230
08/09/2022,LBB,TX,ASW,CE,Combined TRACON& Tower with Radar,34,40,41,0,115,0,4,31,0,35,34,44,72,0,150,6,0,6,156
08/10/2022,LBB,TX,ASW,CE,Combined TRACON& Tower with Radar,43,38,43,2,126,0,9,31,0,40,43,47,74,2,166,58,0,58,224
08/11/2022,LBB,TX,ASW,CE,Combined TRACON& Tower with Radar,45,43,67,36,191,0,23,58,1,82,45,66,125,37,273,28,36,64,337
08/12/2022,LBB,TX,ASW,CE,Combined TRACON& Tower with Radar,43,33,49,6,131,0,22,65,0,87,43,55,114,6,218,26,0,26,244
08/13/2022,LBB,TX,ASW,CE,Combined TRACON& Tower with Radar,29,28,30,0,87,0,21,61,0,82,29,49,91,0,169,88,0,88,257
08/14/2022,LBB,TX,ASW,CE,Combined TRACON& Tower with Radar,33,17,36,6,92,0,14,42,2,58,33,31,78,8,150,58,2,60,210
08/15/2022,LBB,TX,ASW,CE,Combined TRACON& Tower with Radar,37,21,46,19,123,0,16,40,0,56,37,37,86,19,179,44,10,54,233
08/16/2022,LBB,TX,ASW,CE,Combined TRACON& Tower with Radar,41,25,35,41,142,0,29,56,0,85,41,54,91,41,227,74,48,122,349
08/17/2022,LBB,TX,ASW,CE,Combined TRACON& Tower with Radar,42,34,59,23,158,0,14,35,1,50,42,48,94,24,208,52,28,80,288
08/18/2022,LBB,TX,ASW,CE,Combined TRACON& Tower with Radar,43,34,47,19,143,0,9,18,1,28,43,43,65,20,171,0,0,0,171
08/19/2022,LBB,TX,ASW,CE,Combined TRACON& Tower with Radar,44,42,63,56,205,0,12,54,3,69,44,54,117,59,274,86,30,116,390
08/20/2022,LBB,TX,ASW,CE,Combined TRACON& Tower with Radar,29,27,46,0,102,0,3,19,0,22,29,30,65,0,124,8,0,8,132
08/21/2022,LBB,TX,ASW,CE,Combined TRACON& Tower with Radar,30,27,48,4,109,0,0,3,0,3,30,27,51,4,112,4,0,4,116
08/22/2022,LBB,TX,ASW,CE,Combined TRACON& Tower with Radar,39,39,40,16,134,0,9,9,0,18,39,48,49,16,152,36,0,36,188
08/23/2022,LBB,TX,ASW,CE,Combined TRACON& Tower with Radar,44,41,57,22,164,0,12,57,0,69,44,53,114,22,233,34,0,34,267
08/24/2022,LBB,TX,ASW,CE,Combined TRACON& Tower with Radar,45,36,51,27,159,0,17,39,3,59,45,53,90,30,218,58,70,128,346
08/25/2022,LBB,TX,ASW,CE,Combined TRACON& Tower with Radar,43,37,62,15,157,0,18,75,3,96,43,55,137,18,253,50,0,50,303
08/26/2022,LBB,TX,ASW,CE,Combined TRACON& Tower with Radar,46,51,39,33,169,0,27,58,10,95,46,78,97,43,264,94,42,136,400
08/27/2022,LBB,TX,ASW,CE,Combined TRACON& Tower with Radar,30,21,35,10,96,0,17,53,1,71,30,38,88,11,167,88,0,88,255
08/28/2022,LBB,TX,ASW,CE,Combined TRACON& Tower with Radar,32,14,31,45,122,0,20,25,3,48,32,34,56,48,170,40,16,56,226
08/29/2022,LBB,TX,ASW,CE,Combined TRACON& Tower with Radar,35,17,32,4,88,0,8,46,0,54,35,25,78,4,142,0,0,0,142
08/30/2022,LBB,TX,ASW,CE,Combined TRACON& Tower with Radar,44,44,51,2,141,0,4,32,0,36,44,48,83,2,177,32,0,32,209
08/31/2022,LBB,TX,ASW,CE,Combined TRACON& Tower with Radar,46,43,52,4,145,0,2,15,1,18,46,45,67,5,163,0,0,0,163
09/01/2022,LBB,TX,ASW,CE,Combined TRACON& Tower with Radar,43,53,43,18,157,0,18,27,2,47,43,71,70,20,204,26,18,44,248
09/02/2022,LBB,TX,ASW,CE,Combined TRACON& Tower with Radar,50,38,60,0,148,0,15,48,2,65,50,53,108,2,213,10,0,10,223
09/03/2022,LBB,TX,ASW,CE,Combined TRACON& Tower with Radar,29,26,41,0,96,0,20,39,2,61,29,46,80,2,157,34,0,34,191
09/04/2022,LBB,TX,ASW,CE,Combined TRACON& Tower with Radar,28,17,25,0,70,0,26,43,3,72,28,43,68,3,142,24,0,24,166
09/05/2022,LBB,TX,ASW,CE,Combined TRACON& Tower with Radar,32,22,40,2,96,0,32,59,0,91,32,54,99,2,187,60,0,60,247
09/06/2022,LBB,TX,ASW,CE,Combined TRACON& Tower with Radar,36,25,42,7,110,0,19,77,0,96,36,44,119,7,206,50,0,50,256
09/07/2022,LBB,TX,ASW,CE,Combined TRACON& Tower with Radar,44,43,47,10,144,0,29,51,0,80,44,72,98,10,224,92,10,102,326
09/08/2022,LBB,TX,ASW,CE,Combined TRACON& Tower with Radar,41,31,48,28,148,0,28,58,0,86,41,59,106,28,234,42,32,74,308
09/09/2022,LBB,TX,ASW,CE,Combined TRACON& Tower with Radar,47,35,55,18,155,0,29,57,5,91,47,64,112,23,246,40,0,40,286
09/10/2022,LBB,TX,ASW,CE,Combined TRACON& Tower with Radar,35,32,73,0,140,0,26,62,6,94,35,58,135,6,234,30,0,30,264
09/11/2022,LBB,TX,ASW,CE,Combined TRACON& Tower with Radar,37,23,46,0,106,0,18,27,2,47,37,41,73,2,153,0,0,0,153
09/12/2022,LBB,TX,ASW,CE,Combined TRACON& Tower with Radar,36,18,44,8,106,0,18,40,2,60,36,36,84,10,166,34,8,42,208
09/13/2022,LBB,TX,ASW,CE,Combined TRACON& Tower with Radar,44,31,45,29,149,0,22,36,0,58,44,53,81,29,207,82,16,98,305
09/14/2022,LBB,TX,ASW,CE,Combined TRACON& Tower with Radar,39,32,49,5,125,0,16,41,1,58,39,48,90,6,183,44,0,44,227
09/15/2022,LBB,TX,ASW,CE,Combined TRACON& Tower with Radar,45,39,44,12,140,0,19,56,0,75,45,58,100,12,215,88,26,114,329
09/16/2022,LBB,TX,ASW,CE,Combined TRACON& Tower with Radar,47,35,50,17,149,0,31,67,9,107,47,66,117,26,256,72,0,72,328
09/17/2022,LBB,TX,ASW,CE,Combined TRACON& Tower with Radar,32,33,23,4,92,0,27,97,0,124,32,60,120,4,216,88,0,88,304
09/18/2022,LBB,TX,ASW,CE,Combined TRACON& Tower with Radar,40,18,41,6,105,0,23,42,0,65,40,41,83,6,170,68,0,68,238
09/19/2022,LBB,TX,ASW,CE,Combined TRACON& Tower with Radar,35,23,47,21,126,0,23,52,1,76,35,46,99,22,202,0,0,0,202
09/20/2022,LBB,TX,ASW,CE,Combined TRACON& Tower with Radar,43,32,55,9,139,0,31,54,1,86,43,63,109,10,225,66,0,66,291
09/21/2022,LBB,TX,ASW,CE,Combined TRACON& Tower with Radar,42,30,77,8,157,0,21,69,0,90,42,51,146,8,247,76,4,80,327
09/22/2022,LBB,TX,ASW,CE,Combined TRACON& Tower with Radar,44,37,54,24,159,0,22,86,5,113,44,59,140,29,272,124,28,152,424
09/23/2022,LBB,TX,ASW,CE,Combined TRACON& Tower with Radar,44,44,68,46,202,0,21,68,17,106,44,65,136,63,308,130,0,130,438
09/24/2022,LBB,TX,ASW,CE,Combined TRACON& Tower with Radar,37,50,89,4,180,0,22,58,2,82,37,72,147,6,262,12,0,12,274
09/25/2022,LBB,TX,ASW,CE,Combined TRACON& Tower with Radar,38,17,57,8,120,0,21,53,0,74,38,38,110,8,194,18,0,18,212
09/26/2022,LBB,TX,ASW,CE,Combined TRACON& Tower with Radar,37,18,38,9,102,0,16,48,3,67,37,34,86,12,169,112,6,118,287
09/27/2022,LBB,TX,ASW,CE,Combined TRACON& Tower with Radar,41,40,55,7,143,0,27,78,2,107,41,67,133,9,250,136,10,146,396
09/28/2022,LBB,TX,ASW,CE,Combined TRACON& Tower with Radar,43,33,53,29,158,0,14,67,1,82,43,47,120,30,240,136,8,144,384
09/29/2022,LBB,TX,ASW,CE,Combined TRACON& Tower with Radar,44,30,59,23,156,0,23,61,0,84,44,53,120,23,240,133,16,149,389
09/30/2022,LBB,TX,ASW,CE,Combined TRACON& Tower with Radar,47,31,64,14,156,0,17,69,1,87,47,48,133,15,243,108,10,118,361
10/01/2022,LBB,TX,ASW,CE,Combined TRACON& Tower with Radar,32,36,39,6,113,0,24,73,0,97,32,60,112,6,210,52,0,52,262
10/02/2022,LBB,TX,ASW,CE,Combined TRACON& Tower with Radar,39,17,55,0,111,0,24,58,0,82,39,41,113,0,193,20,0,20,213
10/03/2022,LBB,TX,ASW,CE,Combined TRACON& Tower with Radar,35,23,43,19,120,0,23,53,7,83,35,46,96,26,203,98,0,98,301
10/04/2022,LBB,TX,ASW,CE,Combined TRACON& Tower with Radar,43,29,38,25,135,0,20,36,0,56,43,49,74,25,191,52,0,52,243
10/05/2022,LBB,TX,ASW,CE,Combined TRACON& Tower with Radar,38,36,41,11,126,0,7,22,0,29,38,43,63,11,155,66,0,66,221
10/06/2022,LBB,TX,ASW,CE,Combined TRACON& Tower with Radar,41,40,48,25,154,0,14,42,2,58,41,54,90,27,212,106,36,142,354
10/07/2022,LBB,TX,ASW,CE,Combined TRACON& Tower with Radar,44,36,53,1,134,0,16,32,0,48,44,52,85,1,182,28,0,28,210
10/08/2022,LBB,TX,ASW,CE,Combined TRACON& Tower with Radar,36,34,49,0,119,0,2,6,0,8,36,36,55,0,127,0,0,0,127
10/09/2022,LBB,TX,ASW,CE,Combined TRACON& Tower with Radar,34,25,62,0,121,0,8,14,2,24,34,33,76,2,145,0,0,0,145
10/10/2022,LBB,TX,ASW,CE,Combined TRACON& Tower with Radar,31,25,44,2,102,0,10,7,0,17,31,35,51,2,119,0,0,0,119
10/11/2022,LBB,TX,ASW,CE,Combined TRACON& Tower with Radar,40,32,58,5,135,0,16,55,2,73,40,48,113,7,208,72,16,88,296
10/12/2022,LBB,TX,ASW,CE,Combined TRACON& Tower with Radar,39,39,45,23,146,0,18,69,2,89,39,57,114,25,235,124,16,140,375
10/13/2022,LBB,TX,ASW,CE,Combined TRACON& Tower with Radar,40,39,58,16,153,0,16,85,1,102,40,55,143,17,255,64,10,74,329
10/14/2022,LBB,TX,ASW,CE,Combined TRACON& Tower with Radar,43,38,66,55,202,0,23,65,1,89,43,61,131,56,291,48,0,48,339
10/15/2022,LBB,TX,ASW,CE,Combined TRACON& Tower with Radar,28,24,38,0,90,0,19,51,0,70,28,43,89,0,160,36,0,36,196
10/16/2022,LBB,TX,ASW,CE,Combined TRACON& Tower with Radar,36,18,27,0,81,0,2,2,0,4,36,20,29,0,85,0,0,0,85
10/17/2022,LBB,TX,ASW,CE,Combined TRACON& Tower with Radar,32,20,37,0,89,0,20,35,1,56,32,40,72,1,145,0,0,0,145
10/18/2022,LBB,TX,ASW,CE,Combined TRACON& Tower with Radar,40,36,82,8,166,0,14,28,1,43,40,50,110,9,209,22,16,38,247
10/19/2022,LBB,TX,ASW,CE,Combined TRACON& Tower with Radar,39,44,71,30,184,0,19,57,5,81,39,63,128,35,265,60,44,104,369
10/20/2022,LBB,TX,ASW,CE,Combined TRACON& Tower with Radar,44,34,50,11,139,0,19,70,6,95,44,53,120,17,234,56,18,74,308
10/21/2022,LBB,TX,ASW,CE,Combined TRACON& Tower with Radar,44,37,52,1,134,0,20,70,1,91,44,57,122,2,225,66,0,66,291
10/22/2022,LBB,TX,ASW,CE,Combined TRACON& Tower with Radar,33,19,38,1,91,0,39,35,1,75,33,58,73,2,166,20,0,20,186
10/23/2022,LBB,TX,ASW,CE,Combined TRACON& Tower with Radar,35,21,41,0,97,0,14,25,1,40,35,35,66,1,137,0,0,0,137
10/24/2022,LBB,TX,ASW,CE,Combined TRACON& Tower with Radar,28,23,29,11,91,0,4,13,1,18,28,27,42,12,109,0,0,0,109
10/25/2022,LBB,TX,ASW,CE,Combined TRACON& Tower with Radar,40,39,39,48,166,0,31,78,3,112,40,70,117,51,278,98,18,116,394
10/26/2022,LBB,TX,ASW,CE,Combined TRACON& Tower with Radar,42,36,46,19,143,0,20,44,6,70,42,56,90,25,213,30,0,30,243
10/27/2022,LBB,TX,ASW,CE,Combined TRACON& Tower with Radar,41,36,76,15,168,0,10,54,15,79,41,46,130,30,247,72,14,86,333
10/28/2022,LBB,TX,ASW,CE,Combined TRACON& Tower with Radar,40,40,73,52,205,0,2,2,0,4,40,42,75,52,209,0,0,0,209
10/29/2022,LBB,TX,ASW,CE,Combined TRACON& Tower with Radar,29,49,81,14,173,0,14,77,6,97,29,63,158,20,270,46,0,46,316
10/30/2022,LBB,TX,ASW,CE,Combined TRACON& Tower with Radar,36,25,55,2,118,0,26,47,1,74,36,51,102,3,192,0,0,0,192
10/31/2022,LBB,TX,ASW,CE,Combined TRACON& Tower with Radar,29,24,39,19,111,0,22,79,10,111,29,46,118,29,222,46,18,64,286
11/01/2022,LBB,TX,ASW,CE,Combined TRACON& Tower with Radar,41,36,62,30,169,0,11,60,2,73,41,47,122,32,242,10,0,10,252
11/02/2022,LBB,TX,ASW,CE,Combined TRACON& Tower with Radar,39,33,60,25,157,0,19,32,5,56,39,52,92,30,213,64,24,88,301
11/03/2022,LBB,TX,ASW,CE,Combined TRACON& Tower with Radar,39,36,77,53,205,0,6,35,8,49,39,42,112,61,254,40,0,40,294
11/04/2022,LBB,TX,ASW,CE,Combined TRACON& Tower with Radar,41,38,39,93,211,0,7,21,3,31,41,45,60,96,242,48,10,58,300
11/05/2022,LBB,TX,ASW,CE,Combined TRACON& Tower with Radar,34,24,27,11,96,0,24,47,4,75,34,48,74,15,171,14,0,14,185
11/06/2022,LBB,TX,ASW,CE,Combined TRACON& Tower with Radar,33,15,28,5,81,0,51,59,0,110,33,66,87,5,191,108,0,108,299
11/07/2022,LBB,TX,ASW,CE,Combined TRACON& Tower with Radar,31,24,51,38,144,0,16,32,3,51,31,40,83,41,195,74,38,112,307
11/08/2022,LBB,TX,ASW,CE,Combined TRACON& Tower with Radar,38,39,50,23,150,0,8,14,0,22,38,47,64,23,172,6,4,10,182
11/09/2022,LBB,TX,ASW,CE,Combined TRACON& Tower with Radar,41,39,47,7,134,0,10,11,0,21,41,49,58,7,155,16,0,16,171
11/10/2022,LBB,TX,ASW,CE,Combined TRACON& Tower with Radar,40,43,42,34,159,0,12,58,11,81,40,55,100,45,240,86,28,114,354
11/11/2022,LBB,TX,ASW,CE,Combined TRACON& Tower with Radar,42,55,56,9,162,0,17,39,5,61,42,72,95,14,223,18,0,18,241
11/12/2022,LBB,TX,ASW,CE,Combined TRACON& Tower with Radar,28,39,48,10,125,0,15,70,4,89,28,54,118,14,214,106,0,106,320
11/13/2022,LBB,TX,ASW,CE,Combined TRACON& Tower with Radar,34,24,47,6,111,0,13,52,0,65,34,37,99,6,176,16,0,16,192
11/14/2022,LBB,TX,ASW,CE,Combined TRACON& Tower with Radar,32,24,36,2,94,0,9,30,0,39,32,33,66,2,133,0,0,0,133
11/15/2022,LBB,TX,ASW,CE,Combined TRACON& Tower with Radar,39,39,45,23,146,0,27,62,10,99,39,66,107,33,245,44,22,66,311
11/16/2022,LBB,TX,ASW,CE,Combined TRACON& Tower with Radar,39,38,56,12,145,0,22,69,1,92,39,60,125,13,237,36,14,50,287
11/17/2022,LBB,TX,ASW,CE,Combined TRACON& Tower with Radar,36,44,55,3,138,0,20,85,1,106,36,64,140,4,244,116,8,124,368
11/18/2022,LBB,TX,ASW,CE,Combined TRACON& Tower with Radar,43,40,51,3,137,0,12,28,1,41,43,52,79,4,178,96,0,96,274
11/19/2022,LBB,TX,ASW,CE,Combined TRACON& Tower with Radar,28,26,34,1,89,0,9,45,0,54,28,35,79,1,143,50,0,50,193
11/20/2022,LBB,TX,ASW,CE,Combined TRACON& Tower with Radar,35,24,42,72,173,0,23,35,4,62,35,47,77,76,235,44,0,44,279
11/21/2022,LBB,TX,ASW,CE,Combined TRACON& Tower with Radar,36,28,40,50,154,0,15,41,5,61,36,43,81,55,215,38,42,80,295
11/22/2022,LBB,TX,ASW,CE,Combined TRACON& Tower with Radar,35,35,50,71,191,0,19,69,3,91,35,54,119,74,282,84,20,104,386
11/23/2022,LBB,TX,ASW,CE,Combined TRACON& Tower with Radar,42,23,54,0,119,0,6,14,0,20,42,29,68,0,139,4,0,4,143
11/24/2022,LBB,TX,ASW,CE,Combined TRACON& Tower with Radar,33,8,8,0,49,0,2,1,0,3,33,10,9,0,52,0,0,0,52
11/25/2022,LBB,TX,ASW,CE,Combined TRACON& Tower with Radar,41,35,21,0,97,0,0,1,0,1,41,35,22,0,98,0,0,0,98
11/26/2022,LBB,TX,ASW,CE,Combined TRACON& Tower with Radar,29,37,52,2,120,0,4,6,0,10,29,41,58,2,130,12,0,12,142
11/27/2022,LBB,TX,ASW,CE,Combined TRACON& Tower with Radar,36,34,52,0,122,0,14,54,1,69,36,48,106,1,191,52,0,52,243
11/28/2022,LBB,TX,ASW,CE,Combined TRACON& Tower with Radar,31,29,50,23,133,0,22,62,5,89,31,51,112,28,222,62,14,76,298
11/29/2022,LBB,TX,ASW,CE,Combined TRACON& Tower with Radar,43,34,44,33,154,0,13,38,7,58,43,47,82,40,212,48,50,98,310
11/30/2022,LBB,TX,ASW,CE,Combined TRACON& Tower with Radar,42,45,48,16,151,0,26,67,2,95,42,71,115,18,246,56,30,86,332
12/01/2022,LBB,TX,ASW,CE,Combined TRACON& Tower with Radar,40,46,53,14,153,0,11,58,2,71,40,57,111,16,224,90,0,90,314
12/02/2022,LBB,TX,ASW,CE,Combined TRACON& Tower with Radar,39,40,37,102,218,0,17,44,20,81,39,57,81,122,299,28,0,28,327
12/03/2022,LBB,TX,ASW,CE,Combined TRACON& Tower with Radar,27,26,32,8,93,0,18,41,0,59,27,44,73,8,152,62,8,70,222
12/04/2022,LBB,TX,ASW,CE,Combined TRACON& Tower with Radar,32,21,37,14,104,0,24,31,1,56,32,45,68,15,160,0,0,0,160
12/05/2022,LBB,TX,ASW,CE,Combined TRACON& Tower with Radar,36,28,40,43,147,0,20,29,7,56,36,48,69,50,203,48,34,82,285
12/06/2022,LBB,TX,ASW,CE,Combined TRACON& Tower with Radar,38,33,43,23,137,0,8,36,10,54,38,41,79,33,191,76,26,102,293
12/07/2022,LBB,TX,ASW,CE,Combined TRACON& Tower with Radar,38,39,80,16,173,0,2,14,0,16,38,41,94,16,189,84,0,84,273
12/08/2022,LBB,TX,ASW,CE,Combined TRACON& Tower with Radar,44,37,40,46,167,0,11,38,5,54,44,48,78,51,221,98,32,130,351
12/09/2022,LBB,TX,ASW,CE,Combined TRACON& Tower with Radar,43,30,52,5,130,0,1,14,1,16,43,31,66,6,146,48,0,48,194
12/10/2022,LBB,TX,ASW,CE,Combined TRACON& Tower with Radar,28,28,32,1,89,0,5,25,0,30,28,33,57,1,119,78,0,78,197
12/11/2022,LBB,TX,ASW,CE,Combined TRACON& Tower with Radar,29,18,31,8,86,0,2,9,0,11,29,20,40,8,97,84,0,84,181
12/12/2022,LBB,TX,ASW,CE,Combined TRACON& Tower with Radar,34,27,38,3,102,0,7,7,0,14,34,34,45,3,116,32,0,32,148
12/13/2022,LBB,TX,ASW,CE,Combined TRACON& Tower with Radar,33,41,32,109,215,0,22,25,11,58,33,63,57,120,273,12,70,82,355
12/14/2022,LBB,TX,ASW,CE,Combined TRACON& Tower with Radar,41,47,69,28,185,0,20,69,6,95,41,67,138,34,280,68,10,78,358
12/15/2022,LBB,TX,ASW,CE,Combined TRACON& Tower with Radar,41,51,68,14,174,0,19,51,8,78,41,70,119,22,252,124,14,138,390
12/16/2022,LBB,TX,ASW,CE,Combined TRACON& Tower with Radar,40,43,43,18,144,0,19,60,9,88,40,62,103,27,232,144,53,197,429
12/17/2022,LBB,TX,ASW,CE,Combined TRACON& Tower with Radar,38,25,37,31,131,0,20,64,0,84,38,45,101,31,215,128,0,128,343
12/18/2022,LBB,TX,ASW,CE,Combined TRACON& Tower with Radar,32,24,36,2,94,0,31,50,0,81,32,55,86,2,175,150,0,150,325
12/19/2022,LBB,TX,ASW,CE,Combined TRACON& Tower with Radar,37,36,42,60,175,0,13,51,5,69,37,49,93,65,244,84,94,178,422
12/20/2022,LBB,TX,ASW,CE,Combined TRACON& Tower with Radar,36,39,42,115,232,0,7,46,6,59,36,46,88,121,291,54,58,112,403
12/21/2022,LBB,TX,ASW,CE,Combined TRACON& Tower with Radar,43,38,40,2,123,0,12,17,2,31,43,50,57,4,154,0,0,0,154
12/22/2022,LBB,TX,ASW,CE,Combined TRACON& Tower with Radar,36,35,24,2,97,0,9,6,3,18,36,44,30,5,115,2,0,2,117
12/23/2022,LBB,TX,ASW,CE,Combined TRACON& Tower with Radar,35,36,23,0,94,0,9,20,0,29,35,45,43,0,123,72,0,72,195
12/24/2022,LBB,TX,ASW,CE,Combined TRACON& Tower with Radar,26,26,20,0,72,0,12,28,0,40,26,38,48,0,112,12,0,12,124
12/25/2022,LBB,TX,ASW,CE,Combined TRACON& Tower with Radar,13,13,6,0,32,0,17,8,0,25,13,30,14,0,57,0,0,0,57
12/26/2022,LBB,TX,ASW,CE,Combined TRACON& Tower with Radar,16,21,47,1,85,0,18,33,1,52,16,39,80,2,137,70,0,70,207
12/27/2022,LBB,TX,ASW,CE,Combined TRACON& Tower with Radar,28,28,56,1,113,0,16,45,0,61,28,44,101,1,174,48,0,48,222
12/28/2022,LBB,TX,ASW,CE,Combined TRACON& Tower with Radar,32,39,32,2,105,0,11,18,0,29,32,50,50,2,134,2,0,2,136
12/29/2022,LBB,TX,ASW,CE,Combined TRACON& Tower with Radar,36,40,43,0,119,0,7,22,0,29,36,47,65,0,148,31,0,31,179
12/30/2022,LBB,TX,ASW,CE,Combined TRACON& Tower with Radar,41,40,24,1,106,0,10,48,0,58,41,50,72,1,164,88,0,88,252
12/31/2022,LBB,TX,ASW,CE,Combined TRACON& Tower with Radar,30,18,23,0,71,0,12,17,0,29,30,30,40,0,100,0,0,0,100
01/01/2023,LBB,TX,ASW,CE,Combined TRACON& Tower with Radar,29,15,31,2,77,0,12,24,2,38,29,27,55,4,115,24,0,24,139
01/02/2023,LBB,TX,ASW,CE,Combined TRACON& Tower with Radar,29,13,25,1,68,0,10,19,2,31,29,23,44,3,99,34,0,34,133
01/03/2023,LBB,TX,ASW,CE,Combined TRACON& Tower with Radar,39,27,45,0,111,0,7,36,0,43,39,34,81,0,154,40,0,40,194
01/04/2023,LBB,TX,ASW,CE,Combined TRACON& Tower with Radar,42,39,42,4,127,0,20,42,2,64,42,59,84,6,191,34,0,34,225
01/05/2023,LBB,TX,ASW,CE,Combined TRACON& Tower with Radar,41,40,36,21,138,0,17,62,0,79,41,57,98,21,217,84,24,108,325
01/06/2023,LBB,TX,ASW,CE,Combined TRACON& Tower with Radar,43,32,38,40,153,0,20,38,10,68,43,52,76,50,221,92,10,102,323
01/07/2023,LBB,TX,ASW,CE,Combined TRACON& Tower with Radar,32,30,20,9,91,0,16,37,7,60,32,46,57,16,151,90,16,106,257
01/08/2023,LBB,TX,ASW,CE,Combined TRACON& Tower with Radar,33,12,36,6,87,0,20,40,0,60,33,32,76,6,147,42,0,42,189
01/09/2023,LBB,TX,ASW,CE,Combined TRACON& Tower with Radar,36,16,37,33,122,0,15,44,11,70,36,31,81,44,192,132,6,138,330
01/10/2023,LBB,TX,ASW,CE,Combined TRACON& Tower with Radar,40,38,44,35,157,0,12,50,3,65,40,50,94,38,222,96,22,118,340
01/11/2023,LBB,TX,ASW,CE,Combined TRACON& Tower with Radar,40,23,38,8,109,0,7,24,3,34,40,30,62,11,143,6,0,6,149
01/12/2023,LBB,TX,ASW,CE,Combined TRACON& Tower with Radar,41,36,38,20,135,0,15,46,8,69,41,51,84,28,204,32,6,38,242
01/13/2023,LBB,TX,ASW,CE,Combined TRACON& Tower with Radar,46,30,57,46,179,0,12,73,4,89,46,42,130,50,268,100,6,106,374
01/14/2023,LBB,TX,ASW,CE,Combined TRACON& Tower with Radar,28,22,23,2,75,0,6,45,0,51,28,28,68,2,126,116,0,116,242
01/15/2023,LBB,TX,ASW,CE,Combined TRACON& Tower with Radar,30,28,22,0,80,0,9,16,0,25,30,37,38,0,105,30,0,30,135
01/16/2023,LBB,TX,ASW,CE,Combined TRACON& Tower with Radar,32,24,32,2,90,0,16,41,3,60,32,40,73,5,150,32,0,32,182
01/17/2023,LBB,TX,ASW,CE,Combined TRACON& Tower with Radar,44,35,41,41,161,0,20,51,8,79,44,55,92,49,240,84,24,108,348
01/18/2023,LBB,TX,ASW,CE,Combined TRACON& Tower with Radar,41,40,30,43,154,0,12,20,3,35,41,52,50,46,189,8,30,38,227
01/19/2023,LBB,TX,ASW,CE,Combined TRACON& Tower with Radar,43,31,58,25,157,0,9,68,5,82,43,40,126,30,239,70,20,90,329
01/20/2023,LBB,TX,ASW,CE,Combined TRACON& Tower with Radar,48,33,35,33,149,0,21,40,2,63,48,54,75,35,212,64,40,104,316
01/21/2023,LBB,TX,ASW,CE,Combined TRACON& Tower with Radar,31,24,20,6,81,0,16,21,1,38,31,40,41,7,119,0,0,0,119
01/22/2023,LBB,TX,ASW,CE,Combined TRACON& Tower with Radar,32,17,27,16,92,0,16,44,0,60,32,33,71,16,152,50,18,68,220
01/23/2023,LBB,TX,ASW,CE,Combined TRACON& Tower with Radar,36,19,28,4,87,0,4,9,0,13,36,23,37,4,100,10,6,16,116
01/24/2023,LBB,TX,ASW,CE,Combined TRACON& Tower with Radar,42,18,13,0,73,0,0,0,0,0,42,18,13,0,73,0,0,0,73
01/25/2023,LBB,TX,ASW,CE,Combined TRACON& Tower with Radar,39,27,35,64,165,0,7,34,5,46,39,34,69,69,211,56,46,102,313
01/26/2023,LBB,TX,ASW,CE,Combined TRACON& Tower with Radar,42,38,41,41,162,0,11,50,7,68,42,49,91,48,230,60,36,96,326
01/27/2023,LBB,TX,ASW,CE,Combined TRACON& Tower with Radar,46,31,34,47,158,0,25,44,6,75,46,56,78,53,233,56,26,82,315
01/28/2023,LBB,TX,ASW,CE,Combined TRACON& Tower with Radar,29,26,32,10,97,0,16,71,1,88,29,42,103,11,185,122,0,122,307
01/29/2023,LBB,TX,ASW,CE,Combined TRACON& Tower with Radar,31,18,49,0,98,0,7,11,0,18,31,25,60,0,116,4,0,4,120
01/30/2023,LBB,TX,ASW,CE,Combined TRACON& Tower with Radar,24,17,11,2,54,0,0,1,0,1,24,17,12,2,55,0,0,0,55
01/31/2023,LBB,TX,ASW,CE,Combined TRACON& Tower with Radar,17,23,18,0,58,0,2,3,0,5,17,25,21,0,63,32,0,32,95
02/01/2023,LBB,TX,ASW,CE,Combined TRACON& Tower with Radar,8,19,12,2,41,0,2,1,2,5,8,21,13,4,46,0,0,0,46
02/02/2023,LBB,TX,ASW,CE,Combined TRACON& Tower with Radar,28,21,39,9,97,0,24,31,5,60,28,45,70,14,157,70,18,88,245
02/03/2023,LBB,TX,ASW,CE,Combined TRACON& Tower with Radar,43,41,47,36,167,0,18,78,13,109,43,59,125,49,276,114,30,144,420
02/04/2023,LBB,TX,ASW,CE,Combined TRACON& Tower with Radar,37,21,29,14,101,0,10,54,2,66,37,31,83,16,167,110,6,116,283
02/05/2023,LBB,TX,ASW,CE,Combined TRACON& Tower with Radar,37,15,41,12,105,0,15,63,0,78,37,30,104,12,183,26,0,26,209
02/06/2023,LBB,TX,ASW,CE,Combined TRACON& Tower with Radar,39,21,34,23,117,0,19,23,7,49,39,40,57,30,166,40,26,66,232
02/07/2023,LBB,TX,ASW,CE,Combined TRACON& Tower with Radar,39,41,33,26,139,0,7,12,0,19,39,48,45,26,158,32,0,32,190
02/08/2023,LBB,TX,ASW,CE,Combined TRACON& Tower with Radar,43,39,39,64,185,0,10,52,4,66,43,49,91,68,251,122,32,154,405
02/09/2023,LBB,TX,ASW,CE,Combined TRACON& Tower with Radar,44,33,48,0,125,0,7,27,0,34,44,40,75,0,159,14,0,14,173
02/10/2023,LBB,TX,ASW,CE,Combined TRACON& Tower with Radar,51,25,41,44,161,0,9,50,7,66,51,34,91,51,227,62,44,106,333
02/11/2023,LBB,TX,ASW,CE,Combined TRACON& Tower with Radar,34,16,32,15,97,0,15,62,5,82,34,31,94,20,179,146,10,156,335
02/12/2023,LBB,TX,ASW,CE,Combined TRACON& Tower with Radar,37,11,24,7,79,0,13,44,0,57,37,24,68,7,136,101,0,101,237
02/13/2023,LBB,TX,ASW,CE,Combined TRACON& Tower with Radar,38,21,56,12,127,0,17,47,0,64,38,38,103,12,191,86,8,94,285
02/14/2023,LBB,TX,ASW,CE,Combined TRACON& Tower with Radar,43,15,26,0,84,0,7,2,0,9,43,22,28,0,93,0,0,0,93
02/15/2023,LBB,TX,ASW,CE,Combined TRACON& Tower with Radar,39,38,39,0,116,0,6,12,0,18,39,44,51,0,134,36,0,36,170
02/16/2023,LBB,TX,ASW,CE,Combined TRACON& Tower with Radar,40,31,55,24,150,0,15,52,7,74,40,46,107,31,224,46,34,80,304
02/17/2023,LBB,TX,ASW,CE,Combined TRACON& Tower with Radar,48,30,62,16,156,0,13,60,6,79,48,43,122,22,235,116,34,150,385
02/18/2023,LBB,TX,ASW,CE,Combined TRACON& Tower with Radar,36,23,25,7,91,0,23,20,0,43,36,46,45,7,134,58,0,58,192
02/19/2023,LBB,TX,ASW,CE,Combined TRACON& Tower with Radar,36,22,31,1,90,0,9,17,0,26,36,31,48,1,116,32,0,32,148
02/20/2023,LBB,TX,ASW,CE,Combined TRACON& Tower with Radar,36,26,46,0,108,0,6,22,0,28,36,32,68,0,136,30,0,30,166
02/21/2023,LBB,TX,ASW,CE,Combined TRACON& Tower with Radar,43,31,48,2,124,0,8,31,2,41,43,39,79,4,165,20,0,20,185
02/22/2023,LBB,TX,ASW,CE,Combined TRACON& Tower with Radar,48,13,22,0,83,0,4,1,0,5,48,17,23,0,88,0,0,0,88
02/23/2023,LBB,TX,ASW,CE,Combined TRACON& Tower with Radar,46,35,51,10,142,0,12,75,9,96,46,47,126,19,238,38,30,68,306
02/24/2023,LBB,TX,ASW,CE,Combined TRACON& Tower with Radar,46,30,61,24,161,0,8,22,2,32,46,38,83,26,193,20,0,20,213
02/25/2023,LBB,TX,ASW,CE,Combined TRACON& Tower with Radar,36,27,53,0,116,0,2,10,1,13,36,29,63,1,129,20,0,20,149
02/26/2023,LBB,TX,ASW,CE,Combined TRACON& Tower with Radar,23,7,17,0,47,0,0,0,0,0,23,7,17,0,47,0,0,0,47
02/27/2023,LBB,TX,ASW,CE,Combined TRACON& Tower with Radar,37,20,30,0,87,0,11,23,2,36,37,31,53,2,123,20,0,20,143
02/28/2023,LBB,TX,ASW,CE,Combined TRACON& Tower with Radar,43,41,38,6,128,0,8,44,2,54,43,49,82,8,182,18,0,18,200
03/01/2023,LBB,TX,ASW,CE,Combined TRACON& Tower with Radar,44,38,54,46,182,0,14,53,4,71,44,52,107,50,253,97,20,117,370
03/02/2023,LBB,TX,ASW,CE,Combined TRACON& Tower with Radar,45,33,33,9,120,0,7,22,0,29,45,40,55,9,149,46,0,46,195
03/03/2023,LBB,TX,ASW,CE,Combined TRACON& Tower with Radar,45,30,77,22,174,0,17,78,2,97,45,47,155,24,271,54,8,62,333
03/04/2023,LBB,TX,ASW,CE,Combined TRACON& Tower with Radar,33,16,32,8,89,0,19,71,1,91,33,35,103,9,180,76,0,76,256
03/05/2023,LBB,TX,ASW,CE,Combined TRACON& Tower with Radar,35,13,33,1,82,0,8,31,3,42,35,21,64,4,124,4,2,6,130
03/06/2023,LBB,TX,ASW,CE,Combined TRACON& Tower with Radar,36,21,37,30,124,0,13,55,1,69,36,34,92,31,193,8,26,34,227
03/07/2023,LBB,TX,ASW,CE,Combined TRACON& Tower with Radar,46,23,51,12,132,0,3,40,5,48,46,26,91,17,180,8,14,22,202
03/08/2023,LBB,TX,ASW,CE,Combined TRACON& Tower with Radar,45,34,43,8,130,0,3,6,0,9,45,37,49,8,139,64,0,64,203
03/09/2023,LBB,TX,ASW,CE,Combined TRACON& Tower with Radar,48,38,49,22,157,0,3,29,3,35,48,41,78,25,192,74,8,82,274
03/10/2023,LBB,TX,ASW,CE,Combined TRACON& Tower with Radar,44,36,79,26,185,0,14,34,2,50,44,50,113,28,235,104,30,134,369
03/11/2023,LBB,TX,ASW,CE,Combined TRACON& Tower with Radar,35,21,25,0,81,0,14,33,2,49,35,35,58,2,130,32,0,32,162
03/12/2023,LBB,TX,ASW,CE,Combined TRACON& Tower with Radar,36,15,32,3,86,0,11,59,2,72,36,26,91,5,158,114,8,122,280
03/13/2023,LBB,TX,ASW,CE,Combined TRACON& Tower with Radar,36,21,44,24,125,0,13,43,0,56,36,34,87,24,181,72,18,90,271
03/14/2023,LBB,TX,ASW,CE,Combined TRACON& Tower with Radar,44,28,29,23,124,0,15,54,1,70,44,43,83,24,194,112,6,118,312
03/15/2023,LBB,TX,ASW,CE,Combined TRACON& Tower with Radar,45,36,39,9,129,0,11,10,3,24,45,47,49,12,153,0,0,0,153
03/16/2023,LBB,TX,ASW,CE,Combined TRACON& Tower with Radar,40,25,31,3,99,0,3,2,0,5,40,28,33,3,104,4,0,4,108
03/17/2023,LBB,TX,ASW,CE,Combined TRACON& Tower with Radar,41,44,39,9,133,0,15,61,1,77,41,59,100,10,210,126,0,126,336
03/18/2023,LBB,TX,ASW,CE,Combined TRACON& Tower with Radar,33,25,37,1,96,0,18,53,0,71,33,43,90,1,167,74,0,74,241
03/19/2023,LBB,TX,ASW,CE,Combined TRACON& Tower with Radar,34,10,43,6,93,0,14,52,0,66,34,24,95,6,159,28,0,28,187
03/20/2023,LBB,TX,ASW,CE,Combined TRACON& Tower with Radar,34,21,38,4,97,0,11,37,0,48,34,32,75,4,145,66,0,66,211
03/21/2023,LBB,TX,ASW,CE,Combined TRACON& Tower with Radar,44,35,41,23,143,0,11,37,1,49,44,46,78,24,192,20,18,38,230
03/22/2023,LBB,TX,ASW,CE,Combined TRACON& Tower with Radar,43,31,44,33,151,0,11,32,2,45,43,42,76,35,196,22,8,30,226
03/23/2023,LBB,TX,ASW,CE,Combined TRACON& Tower with Radar,41,39,43,29,152,0,10,47,0,57,41,49,90,29,209,44,0,44,253
03/24/2023,LBB,TX,ASW,CE,Combined TRACON& Tower with Radar,45,26,51,84,206,0,15,39,3,57,45,41,90,87,263,48,42,90,353
03/25/2023,LBB,TX,ASW,CE,Combined TRACON& Tower with Radar,29,25,33,2,89,0,12,41,0,53,29,37,74,2,142,66,0,66,208
03/26/2023,LBB,TX,ASW,CE,Combined TRACON& Tower with Radar,33,8,44,13,98,0,10,66,1,77,33,18,110,14,175,64,0,64,239
03/27/2023,LBB,TX,ASW,CE,Combined TRACON& Tower with Radar,34,15,31,37,117,0,16,66,2,84,34,31,97,39,201,150,6,156,357
03/28/2023,LBB,TX,ASW,CE,Combined TRACON& Tower with Radar,41,32,40,1,114,0,16,70,0,86,41,48,110,1,200,146,14,160,360
03/29/2023,LBB,TX,ASW,CE,Combined TRACON& Tower with Radar,39,33,58,11,141,0,20,69,5,94,39,53,127,16,235,44,8,52,287
03/30/2023,LBB,TX,ASW,CE,Combined TRACON& Tower with Radar,42,35,57,14,148,0,5,10,0,15,42,40,67,14,163,4,20,24,187
03/31/2023,LBB,TX,ASW,CE,Combined TRACON& Tower with Radar,43,30,38,11,122,0,11,10,0,21,43,41,48,11,143,0,0,0,143
04/01/2023,LBB,TX,ASW,CE,Combined TRACON& Tower with Radar,32,20,38,15,105,0,14,76,1,91,32,34,114,16,196,166,8,174,370
04/02/2023,LBB,TX,ASW,CE,Combined TRACON& Tower with Radar,30,19,30,13,92,0,14,40,3,57,30,33,70,16,149,64,0,64,213
04/03/2023,LBB,TX,ASW,CE,Combined TRACON& Tower with Radar,35,27,23,4,89,0,21,40,2,63,35,48,63,6,152,92,14,106,258
04/04/2023,LBB,TX,ASW,CE,Combined TRACON& Tower with Radar,39,26,31,2,98,0,5,4,0,9,39,31,35,2,107,10,0,10,117
04/05/2023,LBB,TX,ASW,CE,Combined TRACON& Tower with Radar,42,24,45,34,145,0,26,51,1,78,42,50,96,35,223,38,18,56,279
04/06/2023,LBB,TX,ASW,CE,Combined TRACON& Tower with Radar,41,31,63,11,146,0,15,67,5,87,41,46,130,16,233,24,8,32,265
04/07/2023,LBB,TX,ASW,CE,Combined TRACON& Tower with Radar,44,33,52,54,183,0,21,65,6,92,44,54,117,60,275,78,40,118,393
04/08/2023,LBB,TX,ASW,CE,Combined TRACON& Tower with Radar,31,19,23,12,85,0,23,81,0,104,31,42,104,12,189,96,0,96,285
04/09/2023,LBB,TX,ASW,CE,Combined TRACON& Tower with Radar,33,25,23,0,81,0,11,15,0,26,33,36,38,0,107,20,0,20,127
04/10/2023,LBB,TX,ASW,CE,Combined TRACON& Tower with Radar,31,23,37,8,99,0,10,69,2,81,31,33,106,10,180,146,24,170,350
04/11/2023,LBB,TX,ASW,CE,Combined TRACON& Tower with Radar,44,35,41,18,138,0,24,71,0,95,44,59,112,18,233,132,0,132,365
04/12/2023,LBB,TX,ASW,CE,Combined TRACON& Tower with Radar,44,27,48,8,127,0,23,70,0,93,44,50,118,8,220,126,0,126,346
04/13/2023,LBB,TX,ASW,CE,Combined TRACON& Tower with Radar,44,34,54,4,136,0,13,46,1,60,44,47,100,5,196,0,12,12,208
04/14/2023,LBB,TX,ASW,CE,Combined TRACON& Tower with Radar,44,32,40,27,143,0,15,26,7,48,44,47,66,34,191,0,36,36,227
04/15/2023,LBB,TX,ASW,CE,Combined TRACON& Tower with Radar,32,19,35,7,93,0,18,50,1,69,32,37,85,8,162,60,0,60,222
04/16/2023,LBB,TX,ASW,CE,Combined TRACON& Tower with Radar,32,27,52,11,122,0,21,62,1,84,32,48,114,12,206,96,0,96,302
04/17/2023,LBB,TX,ASW,CE,Combined TRACON& Tower with Radar,35,33,42,16,126,0,15,38,2,55,35,48,80,18,181,15,52,67,248
04/18/2023,LBB,TX,ASW,CE,Combined TRACON& Tower with Radar,44,30,63,4,141,0,18,44,0,62,44,48,107,4,203,92,10,102,305
04/19/2023,LBB,TX,ASW,CE,Combined TRACON& Tower with Radar,41,41,24,6,112,0,17,21,1,39,41,58,45,7,151,50,10,60,211
04/20/2023,LBB,TX,ASW,CE,Combined TRACON& Tower with Radar,42,36,36,41,155,0,17,50,10,77,42,53,86,51,232,62,42,104,336
04/21/2023,LBB,TX,ASW,CE,Combined TRACON& Tower with Radar,45,24,64,6,139,0,23,66,4,93,45,47,130,10,232,92,0,92,324
04/22/2023,LBB,TX,ASW,CE,Combined TRACON& Tower with Radar,32,20,48,1,101,0,19,37,3,59,32,39,85,4,160,12,0,12,172
04/23/2023,LBB,TX,ASW,CE,Combined TRACON& Tower with Radar,33,30,42,27,132,0,3,4,0,7,33,33,46,27,139,0,48,48,187
04/24/2023,LBB,TX,ASW,CE,Combined TRACON& Tower with Radar,33,24,47,1,105,0,13,14,1,28,33,37,61,2,133,28,0,28,161
04/25/2023,LBB,TX,ASW,CE,Combined TRACON& Tower with Radar,39,42,62,10,153,0,7,21,0,28,39,49,83,10,181,44,0,44,225
04/26/2023,LBB,TX,ASW,CE,Combined TRACON& Tower with Radar,39,39,47,0,125,0,8,21,0,29,39,47,68,0,154,30,0,30,184
04/27/2023,LBB,TX,ASW,CE,Combined TRACON& Tower with Radar,47,40,66,29,182,0,12,78,2,92,47,52,144,31,274,16,28,44,318
04/28/2023,LBB,TX,ASW,CE,Combined TRACON& Tower with Radar,45,34,31,13,123,0,9,6,2,17,45,43,37,15,140,6,12,18,158
04/29/2023,LBB,TX,ASW,CE,Combined TRACON& Tower with Radar,31,22,47,0,100,0,9,67,0,76,31,31,114,0,176,48,0,48,224
04/30/2023,LBB,TX,ASW,CE,Combined TRACON& Tower with Radar,35,18,29,0,82,0,19,23,4,46,35,37,52,4,128,28,0,28,156
05/01/2023,LBB,TX,ASW,CE,Combined TRACON& Tower with Radar,33,22,29,3,87,0,23,37,1,61,33,45,66,4,148,26,0,26,174
05/02/2023,LBB,TX,ASW,CE,Combined TRACON& Tower with Radar,43,28,47,42,160,0,10,58,1,69,43,38,105,43,229,0,0,0,229
05/03/2023,LBB,TX,ASW,CE,Combined TRACON& Tower with Radar,41,33,48,0,122,0,11,58,1,70,41,44,106,1,192,56,46,102,294
05/04/2023,LBB,TX,ASW,CE,Combined TRACON& Tower with Radar,44,28,83,0,155,0,16,25,0,41,44,44,108,0,196,22,0,22,218
05/05/2023,LBB,TX,ASW,CE,Combined TRACON& Tower with Radar,44,28,50,18,140,0,27,56,0,83,44,55,106,18,223,34,2,36,259
05/06/2023,LBB,TX,ASW,CE,Combined TRACON& Tower with Radar,30,25,38,12,105,0,9,65,3,77,30,34,103,15,182,45,0,45,227
05/07/2023,LBB,TX,ASW,CE,Combined TRACON& Tower with Radar,32,19,37,0,88,0,10,25,2,37,32,29,62,2,125,28,0,28,153
05/08/2023,LBB,TX,ASW,CE,Combined TRACON& Tower with Radar,33,22,36,15,106,0,16,49,0,65,33,38,85,15,171,34,8,42,213
05/09/2023,LBB,TX,ASW,CE,Combined TRACON& Tower with Radar,40,31,59,43,173,0,20,59,2,81,40,51,118,45,254,48,8,56,310
05/10/2023,LBB,TX,ASW,CE,Combined TRACON& Tower with Radar,42,36,44,33,155,0,24,35,7,66,42,60,79,40,221,34,26,60,281
05/11/2023,LBB,TX,ASW,CE,Combined TRACON& Tower with Radar,43,33,56,61,193,0,13,39,1,53,43,46,95,62,246,86,22,108,354
05/12/2023,LBB,TX,ASW,CE,Combined TRACON& Tower with Radar,45,40,65,35,185,0,27,54,6,87,45,67,119,41,272,38,0,38,310
05/13/2023,LBB,TX,ASW,CE,Combined TRACON& Tower with Radar,32,22,25,0,79,0,0,4,0,4,32,22,29,0,83,6,0,6,89
05/14/2023,LBB,TX,ASW,CE,Combined TRACON& Tower with Radar,35,13,36,20,104,0,5,11,0,16,35,18,47,20,120,4,0,4,124
05/15/2023,LBB,TX,ASW,CE,Combined TRACON& Tower with Radar,34,32,50,11,127,0,9,22,0,31,34,41,72,11,158,32,4,36,194
05/16/2023,LBB,TX,ASW,CE,Combined TRACON& Tower with Radar,44,46,45,31,166,0,16,48,8,72,44,62,93,39,238,84,62,146,384
05/17/2023,LBB,TX,ASW,CE,Combined TRACON& Tower with Radar,43,29,44,6,122,0,16,47,0,63,43,45,91,6,185,138,0,138,323
05/18/2023,LBB,TX,ASW,CE,Combined TRACON& Tower with Radar,41,30,47,2,120,0,9,35,0,44,41,39,82,2,164,80,0,80,244
05/19/2023,LBB,TX,ASW,CE,Combined TRACON& Tower with Radar,47,36,63,38,184,0,12,36,1,49,47,48,99,39,233,72,2,74,307
05/20/2023,LBB,TX,ASW,CE,Combined TRACON& Tower with Radar,34,27,33,2,96,0,9,39,0,48,34,36,72,2,144,60,4,64,208
05/21/2023,LBB,TX,ASW,CE,Combined TRACON& Tower with Radar,33,21,37,6,97,0,9,37,1,47,33,30,74,7,144,18,12,30,174
05/22/2023,LBB,TX,ASW,CE,Combined TRACON& Tower with Radar,33,26,41,2,102,0,11,23,0,34,33,37,64,2,136,4,0,4,140
05/23/2023,LBB,TX,ASW,CE,Combined TRACON& Tower with Radar,43,27,56,11,137,0,16,40,6,62,43,43,96,17,199,36,6,42,241
05/24/2023,LBB,TX,ASW,CE,Combined TRACON& Tower with Radar,46,30,49,27,152,0,12,56,2,70,46,42,105,29,222,68,74,142,364
05/25/2023,LBB,TX,ASW,CE,Combined TRACON& Tower with Radar,44,28,49,4,125,0,15,41,0,56,44,43,90,4,181,30,30,60,241
05/26/2023,LBB,TX,ASW,CE,Combined TRACON& Tower with Radar,45,36,42,1,124,0,8,20,1,29,45,44,62,2,153,0,0,0,153
05/27/2023,LBB,TX,ASW,CE,Combined TRACON& Tower with Radar,28,20,27,1,76,0,0,5,0,5,28,20,32,1,81,36,0,36,117
05/28/2023,LBB,TX,ASW,CE,Combined TRACON& Tower with Radar,36,22,30,0,88,0,8,10,0,18,36,30,40,0,106,22,0,22,128
05/29/2023,LBB,TX,ASW,CE,Combined TRACON& Tower with Radar,31,15,45,0,91,0,3,32,0,35,31,18,77,0,126,48,0,48,174
05/30/2023,LBB,TX,ASW,CE,Combined TRACON& Tower with Radar,36,34,59,47,176,0,13,62,6,81,36,47,121,53,257,70,64,134,391
05/31/2023,LBB,TX,ASW,CE,Combined TRACON& Tower with Radar,42,26,32,0,100,0,8,22,0,30,42,34,54,0,130,0,0,0,130
06/01/2023,LBB,TX,ASW,CE,Combined TRACON& Tower with Radar,47,31,31,0,109,0,5,7,0,12,47,36,38,0,121,0,0,0,121
06/02/2023,LBB,TX,ASW,CE,Combined TRACON& Tower with Radar,44,26,34,0,104,0,6,2,2,10,44,32,36,2,114,0,0,0,114
06/03/2023,LBB,TX,ASW,CE,Combined TRACON& Tower with Radar,32,24,29,0,85,0,8,22,1,31,32,32,51,1,116,42,0,42,158
06/04/2023,LBB,TX,ASW,CE,Combined TRACON& Tower with Radar,37,20,55,10,122,0,15,33,3,51,37,35,88,13,173,18,14,32,205
06/05/2023,LBB,TX,ASW,CE,Combined TRACON& Tower with Radar,37,26,38,3,104,0,5,26,0,31,37,31,64,3,135,25,0,25,160
06/06/2023,LBB,TX,ASW,CE,Combined TRACON& Tower with Radar,39,39,56,13,147,0,27,54,1,82,39,66,110,14,229,80,0,80,309
06/07/2023,LBB,TX,ASW,CE,Combined TRACON& Tower with Radar,42,27,59,0,128,0,13,42,0,55,42,40,101,0,183,64,0,64,247
06/08/2023,LBB,TX,ASW,CE,Combined TRACON& Tower with Radar,47,29,45,0,121,0,12,74,4,90,47,41,119,4,211,94,8,102,313
06/09/2023,LBB,TX,ASW,CE,Combined TRACON& Tower with Radar,48,23,44,19,134,0,26,61,2,89,48,49,105,21,223,78,0,78,301
06/10/2023,LBB,TX,ASW,CE,Combined TRACON& Tower with Radar,26,26,33,2,87,0,29,37,0,66,26,55,70,2,153,62,0,62,215
06/11/2023,LBB,TX,ASW,CE,Combined TRACON& Tower with Radar,35,15,29,5,84,0,16,35,2,53,35,31,64,7,137,20,0,20,157
06/12/2023,LBB,TX,ASW,CE,Combined TRACON& Tower with Radar,36,35,45,2,118,0,7,12,0,19,36,42,57,2,137,6,0,6,143
06/13/2023,LBB,TX,ASW,CE,Combined TRACON& Tower with Radar,39,34,40,9,122,0,15,23,0,38,39,49,63,9,160,32,0,32,192
06/14/2023,LBB,TX,ASW,CE,Combined TRACON& Tower with Radar,45,38,43,17,143,0,17,47,3,67,45,55,90,20,210,64,56,120,330
06/15/2023,LBB,TX,ASW,CE,Combined TRACON& Tower with Radar,47,26,32,2,107,0,14,23,0,37,47,40,55,2,144,34,0,34,178
06/16/2023,LBB,TX,ASW,CE,Combined TRACON& Tower with Radar,48,37,34,17,136,0,32,41,1,74,48,69,75,18,210,7,0,7,217
06/17/2023,LBB,TX,ASW,CE,Combined TRACON& Tower with Radar,28,21,37,1,87,0,8,47,5,60,28,29,84,6,147,35,14,49,196
06/18/2023,LBB,TX,ASW,CE,Combined TRACON& Tower with Radar,36,16,27,0,79,0,12,43,0,55,36,28,70,0,134,6,0,6,140
06/19/2023,LBB,TX,ASW,CE,Combined TRACON& Tower with Radar,37,20,44,0,101,0,23,40,0,63,37,43,84,0,164,0,0,0,164
06/20/2023,LBB,TX,ASW,CE,Combined TRACON& Tower with Radar,42,32,47,4,125,0,19,46,0,65,42,51,93,4,190,44,0,44,234
06/21/2023,LBB,TX,ASW,CE,Combined TRACON& Tower with Radar,53,28,42,9,132,0,4,48,2,54,53,32,90,11,186,36,6,42,228
06/22/2023,LBB,TX,ASW,CE,Combined TRACON& Tower with Radar,51,32,48,5,136,0,13,28,4,45,51,45,76,9,181,50,0,50,231
06/23/2023,LBB,TX,ASW,CE,Combined TRACON& Tower with Radar,44,34,35,20,133,0,12,19,1,32,44,46,54,21,165,0,0,0,165
06/24/2023,LBB,TX,ASW,CE,Combined TRACON& Tower with Radar,27,30,38,0,95,0,22,46,1,69,27,52,84,1,164,54,0,54,218
06/25/2023,LBB,TX,ASW,CE,Combined TRACON& Tower with Radar,36,28,37,2,103,0,19,38,0,57,36,47,75,2,160,0,0,0,160
06/26/2023,LBB,TX,ASW,CE,Combined TRACON& Tower with Radar,32,27,34,26,119,0,8,39,0,47,32,35,73,26,166,6,18,24,190
06/27/2023,LBB,TX,ASW,CE,Combined TRACON& Tower with Radar,45,34,51,8,138,0,14,44,4,62,45,48,95,12,200,52,0,52,252
06/28/2023,LBB,TX,ASW,CE,Combined TRACON& Tower with Radar,44,31,39,0,114,0,8,34,1,43,44,39,73,1,157,20,0,20,177
06/29/2023,LBB,TX,ASW,CE,Combined TRACON& Tower with Radar,47,31,41,0,119,0,12,42,1,55,47,43,83,1,174,58,0,58,232
06/30/2023,LBB,TX,ASW,CE,Combined TRACON& Tower with Radar,44,31,39,0,114,0,14,50,2,66,44,45,89,2,180,60,0,60,240
07/01/2023,LBB,TX,ASW,CE,Combined TRACON& Tower with Radar,28,28,55,0,111,0,19,20,2,41,28,47,75,2,152,38,0,38,190
07/02/2023,LBB,TX,ASW,CE,Combined TRACON& Tower with Radar,30,16,28,2,76,0,15,33,0,48,30,31,61,2,124,22,0,22,146
07/03/2023,LBB,TX,ASW,CE,Combined TRACON& Tower with Radar,33,19,34,2,88,0,20,42,0,62,33,39,76,2,150,110,0,110,260
07/04/2023,LBB,TX,ASW,CE,Combined TRACON& Tower with Radar,32,14,28,0,74,0,17,55,0,72,32,31,83,0,146,42,0,42,188
07/05/2023,LBB,TX,ASW,CE,Combined TRACON& Tower with Radar,42,28,49,4,123,0,28,49,0,77,42,56,98,4,200,46,6,52,252
07/06/2023,LBB,TX,ASW,CE,Combined TRACON& Tower with Radar,45,28,55,4,132,0,13,39,4,56,45,41,94,8,188,42,30,72,260
07/07/2023,LBB,TX,ASW,CE,Combined TRACON& Tower with Radar,47,30,43,14,134,0,9,42,0,51,47,39,85,14,185,26,0,26,211
07/08/2023,LBB,TX,ASW,CE,Combined TRACON& Tower with Radar,28,21,45,0,94,0,8,46,0,54,28,29,91,0,148,88,0,88,236
07/09/2023,LBB,TX,ASW,CE,Combined TRACON& Tower with Radar,36,17,47,28,128,0,13,32,6,51,36,30,79,34,179,60,12,72,251
07/10/2023,LBB,TX,ASW,CE,Combined TRACON& Tower with Radar,40,24,46,2,112,0,6,36,0,42,40,30,82,2,154,80,0,80,234
07/11/2023,LBB,TX,ASW,CE,Combined TRACON& Tower with Radar,47,32,62,25,166,0,13,66,0,79,47,45,128,25,245,38,0,38,283
07/12/2023,LBB,TX,ASW,CE,Combined TRACON& Tower with Radar,45,31,56,4,136,0,15,48,4,67,45,46,104,8,203,24,0,24,227
07/13/2023,LBB,TX,ASW,CE,Combined TRACON& Tower with Radar,47,30,71,12,160,0,16,41,0,57,47,46,112,12,217,32,6,38,255
07/14/2023,LBB,TX,ASW,CE,Combined TRACON& Tower with Radar,42,40,47,35,164,0,19,33,2,54,42,59,80,37,218,66,20,86,304
07/15/2023,LBB,TX,ASW,CE,Combined TRACON& Tower with Radar,28,17,29,0,74,0,17,45,0,62,28,34,74,0,136,84,0,84,220
07/16/2023,LBB,TX,ASW,CE,Combined TRACON& Tower with Radar,30,17,33,6,86,0,21,40,2,63,30,38,73,8,149,42,42,84,233
07/17/2023,LBB,TX,ASW,CE,Combined TRACON& Tower with Radar,35,28,44,49,156,0,24,50,0,74,35,52,94,49,230,38,40,78,308
07/18/2023,LBB,TX,ASW,CE,Combined TRACON& Tower with Radar,44,37,36,11,128,0,9,40,0,49,44,46,76,11,177,54,2,56,233
07/19/2023,LBB,TX,ASW,CE,Combined TRACON& Tower with Radar,45,31,46,3,125,0,18,76,13,107,45,49,122,16,232,70,0,70,302
07/20/2023,LBB,TX,ASW,CE,Combined TRACON& Tower with Radar,44,32,44,19,139,0,29,59,1,89,44,61,103,20,228,74,10,84,312
07/21/2023,LBB,TX,ASW,CE,Combined TRACON& Tower with Radar,41,29,39,9,118,0,27,58,0,85,41,56,97,9,203,70,0,70,273
07/22/2023,LBB,TX,ASW,CE,Combined TRACON& Tower with Radar,29,18,37,0,84,0,26,54,0,80,29,44,91,0,164,42,0,42,206
07/23/2023,LBB,TX,ASW,CE,Combined TRACON& Tower with Radar,39,13,36,10,98,0,16,36,1,53,39,29,72,11,151,0,0,0,151
07/24/2023,LBB,TX,ASW,CE,Combined TRACON& Tower with Radar,38,29,24,4,95,0,20,35,0,55,38,49,59,4,150,86,0,86,236
07/25/2023,LBB,TX,ASW,CE,Combined TRACON& Tower with Radar,44,26,41,30,141,0,17,49,2,68,44,43,90,32,209,54,46,100,309
07/26/2023,LBB,TX,ASW,CE,Combined TRACON& Tower with Radar,42,28,42,8,120,0,20,58,2,80,42,48,100,10,200,34,0,34,234
07/27/2023,LBB,TX,ASW,CE,Combined TRACON& Tower with Radar,42,34,54,0,130,0,19,58,1,78,42,53,112,1,208,10,0,10,218
07/28/2023,LBB,TX,ASW,CE,Combined TRACON& Tower with Radar,44,36,38,19,137,0,26,55,1,82,44,62,93,20,219,46,6,52,271
07/29/2023,LBB,TX,ASW,CE,Combined TRACON& Tower with Radar,29,24,34,0,87,0,19,54,0,73,29,43,88,0,160,70,0,70,230
07/30/2023,LBB,TX,ASW,CE,Combined TRACON& Tower with Radar,35,14,32,9,90,0,26,34,0,60,35,40,66,9,150,38,0,38,188
07/31/2023,LBB,TX,ASW,CE,Combined TRACON& Tower with Radar,40,17,25,10,92,0,31,33,0,64,40,48,58,10,156,33,10,43,199
08/01/2023,LBB,TX,ASW,CE,Combined TRACON& Tower with Radar,46,33,32,11,122,0,18,39,0,57,46,51,71,11,179,34,20,54,233
08/02/2023,LBB,TX,ASW,CE,Combined TRACON& Tower with Radar,44,29,41,8,122,0,19,32,4,55,44,48,73,12,177,58,0,58,235
08/03/2023,LBB,TX,ASW,CE,Combined TRACON& Tower with Radar,44,22,41,16,123,0,31,35,0,66,44,53,76,16,189,38,28,66,255
08/04/2023,LBB,TX,ASW,CE,Combined TRACON& Tower with Radar,48,23,30,7,108,0,29,41,2,72,48,52,71,9,180,22,34,56,236
08/05/2023,LBB,TX,ASW,CE,Combined TRACON& Tower with Radar,28,23,27,16,94,0,21,38,0,59,28,44,65,16,153,52,48,100,253
08/06/2023,LBB,TX,ASW,CE,Combined TRACON& Tower with Radar,34,24,37,1,96,0,36,47,0,83,34,60,84,1,179,74,0,74,253
08/07/2023,LBB,TX,ASW,CE,Combined TRACON& Tower with Radar,38,25,23,8,94,0,12,21,0,33,38,37,44,8,127,32,0,32,159
08/08/2023,LBB,TX,ASW,CE,Combined TRACON& Tower with Radar,45,30,37,11,123,0,19,39,0,58,45,49,76,11,181,22,10,32,213
08/09/2023,LBB,TX,ASW,CE,Combined TRACON& Tower with Radar,47,44,37,5,133,0,30,41,0,71,47,74,78,5,204,36,6,42,246
08/10/2023,LBB,TX,ASW,CE,Combined TRACON& Tower with Radar,45,31,39,28,143,0,27,53,1,81,45,58,92,29,224,35,50,85,309
08/11/2023,LBB,TX,ASW,CE,Combined TRACON& Tower with Radar,45,32,50,19,146,0,11,56,2,69,45,43,106,21,215,58,13,71,286
08/12/2023,LBB,TX,ASW,CE,Combined TRACON& Tower with Radar,27,20,42,0,89,0,11,49,0,60,27,31,91,0,149,38,0,38,187
08/13/2023,LBB,TX,ASW,CE,Combined TRACON& Tower with Radar,40,26,34,9,109,0,8,32,0,40,40,34,66,9,149,8,0,8,157
08/14/2023,LBB,TX,ASW,CE,Combined TRACON& Tower with Radar,39,29,28,48,144,0,10,19,0,29,39,39,47,48,173,26,8,34,207
08/15/2023,LBB,TX,ASW,CE,Combined TRACON& Tower with Radar,42,26,27,13,108,0,17,59,1,77,42,43,86,14,185,48,0,48,233
08/16/2023,LBB,TX,ASW,CE,Combined TRACON& Tower with Radar,43,30,53,21,147,0,23,45,0,68,43,53,98,21,215,26,14,40,255
08/17/2023,LBB,TX,ASW,CE,Combined TRACON& Tower with Radar,44,42,48,6,140,0,22,59,0,81,44,64,107,6,221,42,0,42,263
08/18/2023,LBB,TX,ASW,CE,Combined TRACON& Tower with Radar,45,28,37,27,137,0,26,47,2,75,45,54,84,29,212,22,0,22,234
08/19/2023,LBB,TX,ASW,CE,Combined TRACON& Tower with Radar,26,25,25,10,86,0,17,35,2,54,26,42,60,12,140,12,0,12,152
08/20/2023,LBB,TX,ASW,CE,Combined TRACON& Tower with Radar,38,17,31,2,88,0,20,37,2,59,38,37,68,4,147,12,4,16,163
08/21/2023,LBB,TX,ASW,CE,Combined TRACON& Tower with Radar,37,22,35,24,118,0,30,43,3,76,37,52,78,27,194,24,14,38,232
08/22/2023,LBB,TX,ASW,CE,Combined TRACON& Tower with Radar,46,30,29,18,123,0,25,39,2,66,46,55,68,20,189,60,44,104,293
08/23/2023,LBB,TX,ASW,CE,Combined TRACON& Tower with Radar,45,34,48,3,130,0,14,45,1,60,45,48,93,4,190,40,0,40,230
08/24/2023,LBB,TX,ASW,CE,Combined TRACON& Tower with Radar,39,28,47,30,144,0,15,53,4,72,39,43,100,34,216,40,54,94,310
08/25/2023,LBB,TX,ASW,CE,Combined TRACON& Tower with Radar,45,31,52,16,144,0,27,50,2,79,45,58,102,18,223,38,4,42,265
08/26/2023,LBB,TX,ASW,CE,Combined TRACON& Tower with Radar,25,22,29,0,76,0,24,65,3,92,25,46,94,3,168,0,0,0,168
08/27/2023,LBB,TX,ASW,CE,Combined TRACON& Tower with Radar,38,15,41,6,100,0,13,27,0,40,38,28,68,6,140,40,0,40,180
08/28/2023,LBB,TX,ASW,CE,Combined TRACON& Tower with Radar,35,19,43,6,103,0,12,38,0,50,35,31,81,6,153,54,6,60,213
08/29/2023,LBB,TX,ASW,CE,Combined TRACON& Tower with Radar,41,47,39,6,133,0,16,63,1,80,41,63,102,7,213,38,14,52,265
08/30/2023,LBB,TX,ASW,CE,Combined TRACON& Tower with Radar,42,33,43,4,122,0,26,47,0,73,42,59,90,4,195,24,2,26,221
08/31/2023,LBB,TX,ASW,CE,Combined TRACON& Tower with Radar,42,28,70,2,142,0,21,69,1,91,42,49,139,3,233,118,0,118,351
