02/01/2002,LBE,PA,AEA,CE,Federal Contract Tower,0,9,11,0,20,0,5,1,0,6,0,14,12,0,26,0,4,4,30
02/02/2002,LBE,PA,AEA,CE,Federal Contract Tower,0,4,7,0,11,0,0,57,2,59,0,4,64,2,70,107,0,107,177
02/03/2002,LBE,PA,AEA,CE,Federal Contract Tower,0,9,11,0,20,4,1,61,0,66,4,10,72,0,86,64,0,64,150
02/04/2002,LBE,PA,AEA,CE,Federal Contract Tower,0,16,18,1,35,0,4,27,3,34,0,20,45,4,69,10,4,14,83
02/05/2002,LBE,PA,AEA,CE,Federal Contract Tower,0,14,16,1,31,1,1,29,3,34,1,15,45,4,65,10,4,14,79
02/06/2002,LBE,PA,AEA,CE,Federal Contract Tower,0,13,15,1,29,0,1,37,1,39,0,14,52,2,68,42,0,42,110
02/07/2002,LBE,PA,AEA,CE,Federal Contract Tower,0,15,15,1,31,0,1,33,1,35,0,16,48,2,66,68,0,68,134
02/08/2002,LBE,PA,AEA,CE,Federal Contract Tower,2,17,17,1,37,0,1,29,11,41,2,18,46,12,78,32,2,34,112
02/09/2002,LBE,PA,AEA,CE,Federal Contract Tower,0,5,14,1,20,0,0,90,5,95,0,5,104,6,115,114,0,114,229
02/10/2002,LBE,PA,AEA,CE,Federal Contract Tower,0,10,12,1,23,2,0,8,1,11,2,10,20,2,34,0,0,0,34
02/11/2002,LBE,PA,AEA,CE,Federal Contract Tower,0,14,15,1,30,0,0,43,1,44,0,14,58,2,74,36,0,36,110
02/12/2002,LBE,PA,AEA,CE,Federal Contract Tower,0,22,20,2,44,0,0,56,6,62,0,22,76,8,106,56,6,62,168
02/13/2002,LBE,PA,AEA,CE,Federal Contract Tower,0,14,14,1,29,0,2,28,15,45,0,16,42,16,74,72,8,80,154
02/14/2002,LBE,PA,AEA,CE,Federal Contract Tower,1,20,20,2,43,0,1,60,4,65,1,21,80,6,108,64,0,64,172
02/15/2002,LBE,PA,AEA,CE,Federal Contract Tower,2,17,15,0,34,0,2,34,0,36,2,19,49,0,70,48,0,48,118
02/16/2002,LBE,PA,AEA,CE,Federal Contract Tower,0,5,14,1,20,1,0,77,7,85,1,5,91,8,105,96,2,98,203
02/17/2002,LBE,PA,AEA,CE,Federal Contract Tower,0,12,11,0,23,4,1,0,0,5,4,13,11,0,28,16,0,16,44
02/18/2002,LBE,PA,AEA,CE,Federal Contract Tower,0,14,14,1,29,2,0,62,1,65,2,14,76,2,94,64,0,64,158
02/19/2002,LBE,PA,AEA,CE,Federal Contract Tower,0,12,11,0,23,0,3,64,0,67,0,15,75,0,90,74,2,76,166
02/20/2002,LBE,PA,AEA,CE,Federal Contract Tower,2,17,16,0,35,1,1,23,0,25,3,18,39,0,60,12,0,12,72
02/21/2002,LBE,PA,AEA,CE,Federal Contract Tower,0,14,13,1,28,0,0,41,9,50,0,14,54,10,78,14,0,14,92
02/22/2002,LBE,PA,AEA,CE,Federal Contract Tower,2,16,12,0,30,0,4,0,0,4,2,20,12,0,34,8,0,8,42
02/23/2002,LBE,PA,AEA,CE,Federal Contract Tower,0,4,9,0,13,0,0,97,0,97,0,4,106,0,110,140,0,140,250
02/24/2002,LBE,PA,AEA,CE,Federal Contract Tower,0,12,13,0,25,0,1,114,0,115,0,13,127,0,140,134,0,134,274
02/25/2002,LBE,PA,AEA,CE,Federal Contract Tower,0,13,16,0,29,1,0,49,0,50,1,13,65,0,79,108,0,108,187
02/26/2002,LBE,PA,AEA,CE,Federal Contract Tower,0,14,16,0,30,0,0,5,4,9,0,14,21,4,39,0,0,0,39
02/27/2002,LBE,PA,AEA,CE,Federal Contract Tower,0,11,12,0,23,1,0,4,0,5,1,11,16,0,28,0,0,0,28
02/28/2002,LBE,PA,AEA,CE,Federal Contract Tower,0,17,17,0,34,0,0,28,2,30,0,17,45,2,64,24,0,24,88
03/01/2002,LBE,PA,AEA,CE,Federal Contract Tower,2,17,23,2,44,2,1,79,10,92,4,18,102,12,136,110,14,124,260
03/02/2002,LBE,PA,AEA,CE,Federal Contract Tower,0,4,6,1,11,0,0,20,3,23,0,4,26,4,34,16,18,34,68
03/03/2002,LBE,PA,AEA,CE,Federal Contract Tower,1,7,10,0,18,1,6,0,0,7,2,13,10,0,25,4,0,4,29
03/04/2002,LBE,PA,AEA,CE,Federal Contract Tower,1,10,15,1,27,1,0,25,1,27,2,10,40,2,54,6,12,18,72
03/05/2002,LBE,PA,AEA,CE,Federal Contract Tower,0,14,19,1,34,0,0,33,1,34,0,14,52,2,68,76,4,80,148
03/06/2002,LBE,PA,AEA,CE,Federal Contract Tower,0,11,14,1,26,0,1,42,3,46,0,12,56,4,72,50,0,50,122
03/07/2002,LBE,PA,AEA,CE,Federal Contract Tower,0,11,15,1,27,0,3,89,3,95,0,14,104,4,122,82,12,94,216
03/08/2002,LBE,PA,AEA,CE,Federal Contract Tower,2,15,19,1,37,0,1,45,2,48,2,16,64,3,85,52,4,56,141
03/09/2002,LBE,PA,AEA,CE,Federal Contract Tower,0,7,11,0,18,0,0,27,2,29,0,7,38,2,47,2,0,2,49
03/10/2002,LBE,PA,AEA,CE,Federal Contract Tower,1,7,10,0,18,0,3,0,1,4,1,10,10,1,22,0,0,0,22
03/11/2002,LBE,PA,AEA,CE,Federal Contract Tower,1,12,16,0,29,0,0,63,2,65,1,12,79,2,94,142,0,142,236
03/12/2002,LBE,PA,AEA,CE,Federal Contract Tower,0,14,20,0,34,0,0,56,8,64,0,14,76,8,98,64,10,74,172
03/13/2002,LBE,PA,AEA,CE,Federal Contract Tower,2,15,21,0,38,2,4,98,4,108,4,19,119,4,146,90,2,92,238
03/14/2002,LBE,PA,AEA,CE,Federal Contract Tower,0,14,20,0,34,0,1,67,5,73,0,15,87,5,107,88,2,90,197
03/15/2002,LBE,PA,AEA,CE,Federal Contract Tower,0,13,18,0,31,0,1,50,0,51,0,14,68,0,82,24,2,26,108
03/16/2002,LBE,PA,AEA,CE,Federal Contract Tower,0,8,13,0,21,0,0,21,0,21,0,8,34,0,42,10,0,10,52
03/17/2002,LBE,PA,AEA,CE,Federal Contract Tower,0,10,14,0,24,0,0,14,2,16,0,10,28,2,40,12,0,12,52
03/18/2002,LBE,PA,AEA,CE,Federal Contract Tower,0,15,18,0,33,0,0,30,0,30,0,15,48,0,63,78,0,78,141
03/19/2002,LBE,PA,AEA,CE,Federal Contract Tower,0,13,16,0,29,0,5,48,2,55,0,18,64,2,84,48,4,52,136
03/20/2002,LBE,PA,AEA,CE,Federal Contract Tower,0,14,22,0,36,0,0,11,0,11,0,14,33,0,47,0,0,0,47
03/21/2002,LBE,PA,AEA,CE,Federal Contract Tower,0,8,19,0,27,0,0,29,0,29,0,8,48,0,56,38,2,40,96
03/22/2002,LBE,PA,AEA,CE,Federal Contract Tower,1,16,19,1,37,1,1,21,3,26,2,17,40,4,63,30,0,30,93
03/23/2002,LBE,PA,AEA,CE,Federal Contract Tower,0,6,11,0,17,0,0,34,0,34,0,6,45,0,51,2,0,2,53
03/24/2002,LBE,PA,AEA,CE,Federal Contract Tower,0,8,10,0,18,3,1,74,0,78,3,9,84,0,96,80,2,82,178
03/25/2002,LBE,PA,AEA,CE,Federal Contract Tower,0,15,18,1,34,0,0,23,3,26,0,15,41,4,60,52,2,54,114
03/26/2002,LBE,PA,AEA,CE,Federal Contract Tower,0,8,8,0,16,0,3,0,0,3,0,11,8,0,19,0,0,0,19
03/27/2002,LBE,PA,AEA,CE,Federal Contract Tower,0,14,20,0,34,0,0,32,0,32,0,14,52,0,66,24,0,24,90
03/28/2002,LBE,PA,AEA,CE,Federal Contract Tower,0,15,19,1,35,0,1,73,13,87,0,16,92,14,122,38,0,38,160
03/29/2002,LBE,PA,AEA,CE,Federal Contract Tower,0,10,11,1,22,2,0,63,1,66,2,10,74,2,88,60,0,60,148
03/30/2002,LBE,PA,AEA,CE,Federal Contract Tower,0,8,14,0,22,2,0,96,0,98,2,8,110,0,120,98,0,98,218
03/31/2002,LBE,PA,AEA,CE,Federal Contract Tower,0,12,16,0,28,0,0,11,0,11,0,12,27,0,39,10,0,10,49
04/01/2002,LBE,PA,AEA,CE,Federal Contract Tower,0,16,28,1,45,0,2,51,0,53,0,18,79,1,98,32,0,32,130
04/02/2002,LBE,PA,AEA,CE,Federal Contract Tower,0,6,12,1,19,0,6,26,3,35,0,12,38,4,54,8,0,8,62
04/03/2002,LBE,PA,AEA,CE,Federal Contract Tower,0,13,24,0,37,0,5,8,0,13,0,18,32,0,50,0,0,0,50
04/04/2002,LBE,PA,AEA,CE,Federal Contract Tower,0,10,19,1,30,0,2,33,3,38,0,12,52,4,68,48,12,60,128
04/05/2002,LBE,PA,AEA,CE,Federal Contract Tower,2,13,26,0,41,0,0,49,4,53,2,13,75,4,94,40,2,42,136
04/06/2002,LBE,PA,AEA,CE,Federal Contract Tower,1,8,18,0,27,1,0,60,0,61,2,8,78,0,88,84,0,84,172
04/07/2002,LBE,PA,AEA,CE,Federal Contract Tower,1,11,20,0,32,1,0,100,0,101,2,11,120,0,133,148,0,148,281
04/08/2002,LBE,PA,AEA,CE,Federal Contract Tower,1,13,25,0,39,1,2,42,4,49,2,15,67,4,88,52,0,52,140
04/09/2002,LBE,PA,AEA,CE,Federal Contract Tower,1,9,17,0,27,2,1,8,6,17,3,10,25,6,44,0,0,0,44
04/10/2002,LBE,PA,AEA,CE,Federal Contract Tower,1,9,18,0,28,2,2,62,2,68,3,11,80,2,96,52,10,62,158
04/11/2002,LBE,PA,AEA,CE,Federal Contract Tower,1,11,22,0,34,1,0,59,0,60,2,11,81,0,94,20,0,20,114
04/12/2002,LBE,PA,AEA,CE,Federal Contract Tower,0,11,31,0,42,0,0,35,2,37,0,11,66,2,79,108,0,108,187
04/13/2002,LBE,PA,AEA,CE,Federal Contract Tower,1,6,19,0,26,0,0,29,6,35,1,6,48,6,61,38,0,38,99
04/14/2002,LBE,PA,AEA,CE,Federal Contract Tower,1,8,19,0,28,2,0,35,4,41,3,8,54,4,69,74,0,74,143
04/15/2002,LBE,PA,AEA,CE,Federal Contract Tower,0,11,19,0,30,0,3,35,0,38,0,14,54,0,68,50,0,50,118
04/16/2002,LBE,PA,AEA,CE,Federal Contract Tower,0,6,10,0,16,0,2,68,4,74,0,8,78,4,90,98,2,100,190
04/17/2002,LBE,PA,AEA,CE,Federal Contract Tower,0,12,24,0,36,0,0,64,2,66,0,12,88,2,102,50,10,60,162
04/18/2002,LBE,PA,AEA,CE,Federal Contract Tower,0,13,23,0,36,0,1,99,0,100,0,14,122,0,136,88,10,98,234
04/19/2002,LBE,PA,AEA,CE,Federal Contract Tower,0,10,17,0,27,0,2,47,0,49,0,12,64,0,76,56,4,60,136
04/20/2002,LBE,PA,AEA,CE,Federal Contract Tower,0,7,10,0,17,0,0,16,0,16,0,7,26,0,33,2,0,2,35
04/21/2002,LBE,PA,AEA,CE,Federal Contract Tower,0,11,19,0,30,2,0,9,0,11,2,11,28,0,41,0,0,0,41
04/22/2002,LBE,PA,AEA,CE,Federal Contract Tower,0,12,23,1,36,0,0,10,1,11,0,12,33,2,47,0,0,0,47
04/23/2002,LBE,PA,AEA,CE,Federal Contract Tower,0,10,20,1,31,0,0,46,3,49,0,10,66,4,80,64,2,66,146
04/24/2002,LBE,PA,AEA,CE,Federal Contract Tower,0,12,19,1,32,0,0,85,1,86,0,12,104,2,118,88,0,88,206
04/25/2002,LBE,PA,AEA,CE,Federal Contract Tower,0,11,18,1,30,0,0,17,1,18,0,11,35,2,48,12,0,12,60
04/26/2002,LBE,PA,AEA,CE,Federal Contract Tower,1,13,26,1,41,1,0,94,5,100,2,13,120,6,141,56,20,76,217
04/27/2002,LBE,PA,AEA,CE,Federal Contract Tower,0,6,13,0,19,0,0,92,0,92,0,6,105,0,111,80,0,80,191
04/28/2002,LBE,PA,AEA,CE,Federal Contract Tower,0,4,9,0,13,0,0,7,0,7,0,4,16,0,20,0,0,0,20
04/29/2002,LBE,PA,AEA,CE,Federal Contract Tower,0,9,14,0,23,0,4,23,0,27,0,13,37,0,50,16,0,16,66
04/30/2002,LBE,PA,AEA,CE,Federal Contract Tower,0,10,17,1,28,0,0,24,4,28,0,10,41,5,56,12,0,12,68
05/01/2002,LBE,PA,AEA,CE,Federal Contract Tower,0,10,19,0,29,0,2,37,2,41,0,12,56,2,70,102,2,104,174
05/02/2002,LBE,PA,AEA,CE,Federal Contract Tower,0,10,19,0,29,0,0,25,0,25,0,10,44,0,54,10,0,10,64
05/03/2002,LBE,PA,AEA,CE,Federal Contract Tower,1,12,23,0,36,1,3,39,4,47,2,15,62,4,83,16,4,20,103
05/04/2002,LBE,PA,AEA,CE,Federal Contract Tower,1,6,13,0,20,0,2,100,4,106,1,8,113,4,126,104,6,110,236
05/05/2002,LBE,PA,AEA,CE,Federal Contract Tower,1,13,26,0,40,0,0,76,2,78,1,13,102,2,118,88,0,88,206
05/06/2002,LBE,PA,AEA,CE,Federal Contract Tower,0,11,20,0,31,0,2,25,0,27,0,13,45,0,58,68,0,68,126
05/07/2002,LBE,PA,AEA,CE,Federal Contract Tower,0,12,22,0,34,0,3,27,2,32,0,15,49,2,66,32,0,32,98
05/08/2002,LBE,PA,AEA,CE,Federal Contract Tower,0,12,23,0,35,0,2,15,0,17,0,14,38,0,52,12,0,12,64
05/09/2002,LBE,PA,AEA,CE,Federal Contract Tower,0,12,21,0,33,0,2,17,2,21,0,14,38,2,54,24,0,24,78
05/10/2002,LBE,PA,AEA,CE,Federal Contract Tower,0,13,23,0,36,0,3,51,0,54,0,16,74,0,90,40,0,40,130
05/11/2002,LBE,PA,AEA,CE,Federal Contract Tower,0,6,12,0,18,0,0,108,0,108,0,6,120,0,126,106,0,106,232
05/12/2002,LBE,PA,AEA,CE,Federal Contract Tower,1,9,15,0,25,2,3,12,0,17,3,12,27,0,42,22,0,22,64
05/13/2002,LBE,PA,AEA,CE,Federal Contract Tower,1,14,24,0,39,0,0,5,0,5,1,14,29,0,44,0,0,0,44
05/14/2002,LBE,PA,AEA,CE,Federal Contract Tower,0,6,12,0,18,0,0,20,2,22,0,6,32,2,40,0,0,0,40
05/15/2002,LBE,PA,AEA,CE,Federal Contract Tower,0,12,20,0,32,2,4,82,0,88,2,16,102,0,120,66,2,68,188
05/16/2002,LBE,PA,AEA,CE,Federal Contract Tower,0,12,18,1,31,0,2,27,1,30,0,14,45,2,61,36,0,36,97
05/17/2002,LBE,PA,AEA,CE,Federal Contract Tower,0,7,22,1,30,2,0,20,1,23,2,7,42,2,53,24,0,24,77
05/18/2002,LBE,PA,AEA,CE,Federal Contract Tower,0,6,14,0,20,2,0,32,0,34,2,6,46,0,54,58,2,60,114
05/19/2002,LBE,PA,AEA,CE,Federal Contract Tower,0,9,23,0,32,1,0,83,0,84,1,9,106,0,116,52,0,52,168
05/20/2002,LBE,PA,AEA,CE,Federal Contract Tower,0,10,18,0,28,0,0,54,0,54,0,10,72,0,82,44,0,44,126
05/21/2002,LBE,PA,AEA,CE,Federal Contract Tower,0,11,17,0,28,0,5,34,0,39,0,16,51,0,67,20,0,20,87
05/22/2002,LBE,PA,AEA,CE,Federal Contract Tower,0,11,18,1,30,0,0,87,10,97,0,11,105,11,127,72,0,72,199
05/23/2002,LBE,PA,AEA,CE,Federal Contract Tower,2,12,33,1,48,2,0,85,9,96,4,12,118,10,144,38,0,38,182
05/24/2002,LBE,PA,AEA,CE,Federal Contract Tower,2,12,27,1,42,1,0,49,6,56,3,12,76,7,98,50,8,58,156
05/25/2002,LBE,PA,AEA,CE,Federal Contract Tower,0,7,12,0,19,1,0,26,0,27,1,7,38,0,46,88,0,88,134
05/26/2002,LBE,PA,AEA,CE,Federal Contract Tower,0,4,15,1,20,3,0,36,1,40,3,4,51,2,60,20,0,20,80
05/27/2002,LBE,PA,AEA,CE,Federal Contract Tower,0,10,20,1,31,0,0,62,1,63,0,10,82,2,94,56,6,62,156
05/28/2002,LBE,PA,AEA,CE,Federal Contract Tower,0,11,18,0,29,0,4,31,0,35,0,15,49,0,64,32,0,32,96
05/29/2002,LBE,PA,AEA,CE,Federal Contract Tower,0,12,20,0,32,0,3,47,0,50,0,15,67,0,82,44,0,44,126
05/30/2002,LBE,PA,AEA,CE,Federal Contract Tower,0,18,28,1,47,0,1,49,5,55,0,19,77,6,102,58,6,64,166
05/31/2002,LBE,PA,AEA,CE,Federal Contract Tower,0,14,24,0,38,0,2,21,0,23,0,16,45,0,61,44,0,44,105
06/01/2002,LBE,PA,AEA,CE,Federal Contract Tower,0,6,19,0,25,0,0,92,10,102,0,6,111,10,127,74,4,78,205
06/02/2002,LBE,PA,AEA,CE,Federal Contract Tower,0,10,18,0,28,0,5,66,2,73,0,15,84,2,101,44,0,44,145
06/03/2002,LBE,PA,AEA,CE,Federal Contract Tower,0,12,21,0,33,0,4,61,2,67,0,16,82,2,100,76,0,76,176
06/04/2002,LBE,PA,AEA,CE,Federal Contract Tower,0,12,22,1,35,0,5,34,8,47,0,17,56,9,82,44,2,46,128
06/05/2002,LBE,PA,AEA,CE,Federal Contract Tower,0,8,19,1,28,1,0,51,1,53,1,8,70,2,81,82,0,82,163
06/06/2002,LBE,PA,AEA,CE,Federal Contract Tower,1,15,39,2,57,0,0,10,0,10,1,15,49,2,67,0,0,0,67
06/07/2002,LBE,PA,AEA,CE,Federal Contract Tower,0,12,19,1,32,0,6,101,1,108,0,18,120,2,140,28,0,28,168
06/08/2002,LBE,PA,AEA,CE,Federal Contract Tower,0,6,15,1,22,0,0,85,1,86,0,6,100,2,108,64,0,64,172
06/09/2002,LBE,PA,AEA,CE,Federal Contract Tower,0,9,17,0,26,1,2,71,0,74,1,11,88,0,100,56,0,56,156
06/10/2002,LBE,PA,AEA,CE,Federal Contract Tower,0,15,29,2,46,0,1,47,10,58,0,16,76,12,104,52,10,62,166
06/11/2002,LBE,PA,AEA,CE,Federal Contract Tower,1,14,28,2,45,1,0,37,4,42,2,14,65,6,87,82,0,82,169
06/12/2002,LBE,PA,AEA,CE,Federal Contract Tower,0,13,27,2,42,0,0,38,2,40,0,13,65,4,82,34,2,36,118
06/13/2002,LBE,PA,AEA,CE,Federal Contract Tower,1,11,34,0,46,1,0,15,0,16,2,11,49,0,62,0,0,0,62
06/14/2002,LBE,PA,AEA,CE,Federal Contract Tower,1,13,26,0,40,3,0,13,0,16,4,13,39,0,56,16,0,16,72
06/15/2002,LBE,PA,AEA,CE,Federal Contract Tower,0,7,0,0,7,6,32,0,0,38,6,39,0,0,45,8,0,8,53
06/16/2002,LBE,PA,AEA,CE,Federal Contract Tower,1,12,24,0,37,1,3,25,0,29,2,15,49,0,66,12,0,12,78
06/17/2002,LBE,PA,AEA,CE,Federal Contract Tower,1,10,31,2,44,1,0,57,4,62,2,10,88,6,106,44,0,44,150
06/18/2002,LBE,PA,AEA,CE,Federal Contract Tower,1,13,26,2,42,1,0,56,0,57,2,13,82,2,99,36,0,36,135
06/19/2002,LBE,PA,AEA,CE,Federal Contract Tower,1,18,35,2,56,1,1,92,2,96,2,19,127,4,152,84,20,104,256
06/20/2002,LBE,PA,AEA,CE,Federal Contract Tower,0,14,30,2,46,0,0,63,2,65,0,14,93,4,111,62,6,68,179
06/21/2002,LBE,PA,AEA,CE,Federal Contract Tower,0,11,22,1,34,2,4,32,1,39,2,15,54,2,73,24,0,24,97
06/22/2002,LBE,PA,AEA,CE,Federal Contract Tower,0,9,21,0,30,0,0,70,1,71,0,9,91,1,101,72,2,74,175
06/23/2002,LBE,PA,AEA,CE,Federal Contract Tower,1,12,25,1,39,1,1,48,5,55,2,13,73,6,94,50,4,54,148
06/24/2002,LBE,PA,AEA,CE,Federal Contract Tower,0,11,23,0,34,0,2,41,5,48,0,13,64,5,82,52,0,52,134
06/25/2002,LBE,PA,AEA,CE,Federal Contract Tower,0,11,22,0,33,0,4,37,2,43,0,15,59,2,76,52,0,52,128
06/26/2002,LBE,PA,AEA,CE,Federal Contract Tower,0,20,45,0,65,0,0,25,0,25,0,20,70,0,90,40,0,40,130
06/27/2002,LBE,PA,AEA,CE,Federal Contract Tower,0,10,36,0,46,0,0,4,0,4,0,10,40,0,50,0,0,0,50
06/28/2002,LBE,PA,AEA,CE,Federal Contract Tower,1,13,32,0,46,3,0,37,0,40,4,13,69,0,86,47,2,49,135
06/29/2002,LBE,PA,AEA,CE,Federal Contract Tower,5,6,18,0,29,0,0,59,0,59,5,6,77,0,88,12,0,12,100
06/30/2002,LBE,PA,AEA,CE,Federal Contract Tower,5,7,26,0,38,1,0,85,0,86,6,7,111,0,124,48,0,48,172
07/01/2002,LBE,PA,AEA,CE,Federal Contract Tower,0,14,15,2,31,0,0,29,0,29,0,14,44,2,60,22,0,22,82
07/02/2002,LBE,PA,AEA,CE,Federal Contract Tower,0,18,27,2,47,0,0,15,2,17,0,18,42,4,64,16,0,16,80
07/03/2002,LBE,PA,AEA,CE,Federal Contract Tower,2,11,35,0,48,0,0,32,2,34,2,11,67,2,82,36,0,36,118
07/04/2002,LBE,PA,AEA,CE,Federal Contract Tower,0,6,2,0,8,0,0,41,6,47,0,6,43,6,55,20,14,34,89
07/05/2002,LBE,PA,AEA,CE,Federal Contract Tower,0,7,10,0,17,0,0,53,0,53,0,7,63,0,70,4,2,6,76
07/06/2002,LBE,PA,AEA,CE,Federal Contract Tower,0,8,17,0,25,0,0,54,0,54,0,8,71,0,79,40,0,40,119
07/07/2002,LBE,PA,AEA,CE,Federal Contract Tower,0,11,22,0,33,0,0,79,0,79,0,11,101,0,112,54,0,54,166
07/08/2002,LBE,PA,AEA,CE,Federal Contract Tower,0,13,18,1,32,0,0,29,1,30,0,13,47,2,62,0,4,4,66
07/09/2002,LBE,PA,AEA,CE,Federal Contract Tower,2,19,21,0,42,0,0,48,0,48,2,19,69,0,90,14,0,14,104
07/10/2002,LBE,PA,AEA,CE,Federal Contract Tower,0,13,23,0,36,0,0,57,2,59,0,13,80,2,95,26,6,32,127
07/11/2002,LBE,PA,AEA,CE,Federal Contract Tower,2,17,33,0,52,0,0,71,12,83,2,17,104,12,135,90,26,116,251
07/12/2002,LBE,PA,AEA,CE,Federal Contract Tower,2,13,18,0,33,0,0,68,4,72,2,13,86,4,105,22,2,24,129
07/13/2002,LBE,PA,AEA,CE,Federal Contract Tower,0,6,16,0,22,0,0,63,2,65,0,6,79,2,87,24,0,24,111
07/14/2002,LBE,PA,AEA,CE,Federal Contract Tower,3,11,14,0,28,0,0,69,0,69,3,11,83,0,97,86,0,86,183
07/15/2002,LBE,PA,AEA,CE,Federal Contract Tower,1,16,25,0,42,0,5,76,0,81,1,21,101,0,123,52,0,52,175
07/16/2002,LBE,PA,AEA,CE,Federal Contract Tower,1,12,29,0,42,0,0,82,0,82,1,12,111,0,124,88,0,88,212
07/17/2002,LBE,PA,AEA,CE,Federal Contract Tower,0,16,28,2,46,2,0,64,0,66,2,16,92,2,112,76,0,76,188
07/18/2002,LBE,PA,AEA,CE,Federal Contract Tower,0,19,57,0,76,0,0,10,0,10,0,19,67,0,86,10,0,10,96
07/19/2002,LBE,PA,AEA,CE,Federal Contract Tower,0,18,45,1,64,0,0,26,3,29,0,18,71,4,93,4,0,4,97
07/20/2002,LBE,PA,AEA,CE,Federal Contract Tower,1,8,32,1,42,0,0,41,2,43,1,8,73,3,85,40,0,40,125
07/21/2002,LBE,PA,AEA,CE,Federal Contract Tower,1,11,26,0,38,0,0,56,8,64,1,11,82,8,102,20,0,20,122
07/22/2002,LBE,PA,AEA,CE,Federal Contract Tower,2,13,19,0,34,0,0,48,0,48,2,13,67,0,82,42,0,42,124
07/23/2002,LBE,PA,AEA,CE,Federal Contract Tower,0,15,29,0,44,0,0,62,2,64,0,15,91,2,108,36,2,38,146
07/24/2002,LBE,PA,AEA,CE,Federal Contract Tower,0,11,37,0,48,0,0,75,4,79,0,11,112,4,127,72,0,72,199
07/25/2002,LBE,PA,AEA,CE,Federal Contract Tower,0,16,52,4,72,0,0,15,0,15,0,16,67,4,87,4,0,4,91
07/26/2002,LBE,PA,AEA,CE,Federal Contract Tower,0,13,24,0,37,2,3,35,2,42,2,16,59,2,79,10,4,14,93
07/27/2002,LBE,PA,AEA,CE,Federal Contract Tower,2,14,25,0,41,0,0,9,0,9,2,14,34,0,50,10,0,10,60
07/28/2002,LBE,PA,AEA,CE,Federal Contract Tower,0,14,24,0,38,0,0,42,0,42,0,14,66,0,80,32,0,32,112
07/29/2002,LBE,PA,AEA,CE,Federal Contract Tower,0,14,28,0,42,0,0,44,0,44,0,14,72,0,86,58,0,58,144
07/30/2002,LBE,PA,AEA,CE,Federal Contract Tower,0,18,21,2,41,0,0,34,6,40,0,18,55,8,81,20,8,28,109
07/31/2002,LBE,PA,AEA,CE,Federal Contract Tower,0,17,32,0,49,0,0,62,0,62,0,17,94,0,111,34,0,34,145
08/01/2002,LBE,PA,AEA,CE,Federal Contract Tower,2,14,25,0,41,0,0,39,0,39,2,14,64,0,80,32,0,32,112
08/02/2002,LBE,PA,AEA,CE,Federal Contract Tower,2,15,23,1,41,0,0,55,5,60,2,15,78,6,101,20,0,20,121
08/03/2002,LBE,PA,AEA,CE,Federal Contract Tower,4,9,12,0,25,0,0,30,2,32,4,9,42,2,57,16,0,16,73
08/04/2002,LBE,PA,AEA,CE,Federal Contract Tower,0,10,26,2,38,0,0,86,0,86,0,10,112,2,124,42,0,42,166
08/05/2002,LBE,PA,AEA,CE,Federal Contract Tower,0,13,14,0,27,0,0,13,0,13,0,13,27,0,40,10,0,10,50
08/06/2002,LBE,PA,AEA,CE,Federal Contract Tower,0,20,30,0,50,0,0,70,2,72,0,20,100,2,122,60,2,62,184
08/07/2002,LBE,PA,AEA,CE,Federal Contract Tower,0,16,25,0,41,0,0,87,2,89,0,16,112,2,130,40,2,42,172
08/08/2002,LBE,PA,AEA,CE,Federal Contract Tower,0,12,25,4,41,0,0,73,0,73,0,12,98,4,114,38,18,56,170
08/09/2002,LBE,PA,AEA,CE,Federal Contract Tower,1,22,26,3,52,0,0,59,1,60,1,22,85,4,112,36,0,36,148
08/10/2002,LBE,PA,AEA,CE,Federal Contract Tower,0,10,10,0,20,0,0,90,0,90,0,10,100,0,110,56,0,56,166
08/11/2002,LBE,PA,AEA,CE,Federal Contract Tower,0,13,31,0,44,0,0,55,4,59,0,13,86,4,103,30,0,30,133
08/12/2002,LBE,PA,AEA,CE,Federal Contract Tower,2,15,20,0,37,0,0,14,0,14,2,15,34,0,51,54,0,54,105
08/13/2002,LBE,PA,AEA,CE,Federal Contract Tower,2,17,21,4,44,0,0,43,4,47,2,17,64,8,91,12,10,22,113
08/14/2002,LBE,PA,AEA,CE,Federal Contract Tower,2,19,38,0,59,0,0,56,0,56,2,19,94,0,115,32,0,32,147
08/15/2002,LBE,PA,AEA,CE,Federal Contract Tower,3,12,34,0,49,0,0,58,4,62,3,12,92,4,111,52,6,58,169
08/16/2002,LBE,PA,AEA,CE,Federal Contract Tower,2,14,37,0,53,0,0,45,8,53,2,14,82,8,106,32,0,32,138
08/17/2002,LBE,PA,AEA,CE,Federal Contract Tower,0,8,14,0,22,0,0,39,11,50,0,8,53,11,72,14,0,14,86
08/18/2002,LBE,PA,AEA,CE,Federal Contract Tower,2,9,31,0,42,0,0,30,0,30,2,9,61,0,72,24,0,24,96
08/19/2002,LBE,PA,AEA,CE,Federal Contract Tower,0,11,16,0,27,0,0,30,2,32,0,11,46,2,59,62,0,62,121
08/20/2002,LBE,PA,AEA,CE,Federal Contract Tower,0,12,30,2,44,0,0,60,6,66,0,12,90,8,110,20,8,28,138
08/21/2002,LBE,PA,AEA,CE,Federal Contract Tower,0,12,29,0,41,0,0,92,2,94,0,12,121,2,135,68,4,72,207
08/22/2002,LBE,PA,AEA,CE,Federal Contract Tower,0,10,30,2,42,0,0,35,2,37,0,10,65,4,79,35,2,37,116
08/23/2002,LBE,PA,AEA,CE,Federal Contract Tower,0,13,39,2,54,0,0,10,0,10,0,13,49,2,64,0,0,0,64
08/24/2002,LBE,PA,AEA,CE,Federal Contract Tower,0,10,16,0,26,0,0,11,0,11,0,10,27,0,37,12,0,12,49
08/25/2002,LBE,PA,AEA,CE,Federal Contract Tower,4,12,18,2,36,0,0,74,0,74,4,12,92,2,110,77,0,77,187
08/26/2002,LBE,PA,AEA,CE,Federal Contract Tower,0,12,11,0,23,0,0,49,0,49,0,12,60,0,72,54,0,54,126
08/27/2002,LBE,PA,AEA,CE,Federal Contract Tower,1,13,19,0,33,0,0,59,2,61,1,13,78,2,94,64,2,66,160
08/28/2002,LBE,PA,AEA,CE,Federal Contract Tower,0,12,2,0,14,12,44,0,0,56,12,56,2,0,70,32,0,32,102
08/29/2002,LBE,PA,AEA,CE,Federal Contract Tower,0,14,36,0,50,0,0,42,4,46,0,14,78,4,96,28,0,28,124
08/30/2002,LBE,PA,AEA,CE,Federal Contract Tower,4,19,30,5,58,0,0,62,0,62,4,19,92,5,120,40,0,40,160
08/31/2002,LBE,PA,AEA,CE,Federal Contract Tower,0,0,0,0,0,2,6,84,0,92,2,6,84,0,92,26,4,30,122
09/01/2002,LBE,PA,AEA,CE,Federal Contract Tower,2,6,13,0,21,0,0,57,0,57,2,6,70,0,78,12,0,12,90
09/02/2002,LBE,PA,AEA,CE,Federal Contract Tower,1,10,21,1,33,0,0,74,1,75,1,10,95,2,108,44,0,44,152
09/03/2002,LBE,PA,AEA,CE,Federal Contract Tower,0,12,24,4,40,0,0,40,0,40,0,12,64,4,80,52,0,52,132
09/04/2002,LBE,PA,AEA,CE,Federal Contract Tower,0,16,24,0,40,0,0,47,0,47,0,16,71,0,87,64,0,64,151
09/05/2002,LBE,PA,AEA,CE,Federal Contract Tower,0,18,30,2,50,0,0,71,6,77,0,18,101,8,127,22,10,32,159
09/06/2002,LBE,PA,AEA,CE,Federal Contract Tower,2,13,11,0,26,0,0,53,0,53,2,13,64,0,79,40,0,40,119
09/07/2002,LBE,PA,AEA,CE,Federal Contract Tower,0,11,12,0,23,0,0,52,0,52,0,11,64,0,75,10,0,10,85
09/08/2002,LBE,PA,AEA,CE,Federal Contract Tower,2,18,14,0,34,0,0,128,2,130,2,18,142,2,164,78,0,78,242
09/09/2002,LBE,PA,AEA,CE,Federal Contract Tower,0,13,17,0,30,0,0,88,4,92,0,13,105,4,122,60,6,66,188
09/10/2002,LBE,PA,AEA,CE,Federal Contract Tower,0,16,32,4,52,0,0,68,4,72,0,16,100,8,124,24,0,24,148
09/11/2002,LBE,PA,AEA,CE,Federal Contract Tower,3,20,15,0,38,0,0,37,0,37,3,20,52,0,75,24,0,24,99
09/12/2002,LBE,PA,AEA,CE,Federal Contract Tower,0,20,30,2,52,0,0,46,5,51,0,20,76,7,103,42,0,42,145
09/13/2002,LBE,PA,AEA,CE,Federal Contract Tower,0,16,22,0,38,0,0,68,0,68,0,16,90,0,106,12,0,12,118
09/14/2002,LBE,PA,AEA,CE,Federal Contract Tower,0,11,25,0,36,0,0,50,0,50,0,11,75,0,86,44,6,50,136
09/15/2002,LBE,PA,AEA,CE,Federal Contract Tower,0,9,13,0,22,0,0,8,0,8,0,9,21,0,30,20,0,20,50
09/16/2002,LBE,PA,AEA,CE,Federal Contract Tower,2,14,23,0,39,0,0,47,2,49,2,14,70,2,88,54,0,54,142
09/17/2002,LBE,PA,AEA,CE,Federal Contract Tower,0,22,27,0,49,0,0,66,8,74,0,22,93,8,123,108,0,108,231
09/18/2002,LBE,PA,AEA,CE,Federal Contract Tower,1,21,30,0,52,0,0,42,0,42,1,21,72,0,94,70,2,72,166
09/19/2002,LBE,PA,AEA,CE,Federal Contract Tower,1,18,25,0,44,0,0,33,0,33,1,18,58,0,77,30,0,30,107
09/20/2002,LBE,PA,AEA,CE,Federal Contract Tower,2,14,24,2,42,0,0,42,0,42,2,14,66,2,84,36,0,36,120
09/21/2002,LBE,PA,AEA,CE,Federal Contract Tower,2,12,16,0,30,0,0,10,0,10,2,12,26,0,40,12,0,12,52
09/22/2002,LBE,PA,AEA,CE,Federal Contract Tower,1,9,15,0,25,0,0,25,0,25,1,9,40,0,50,58,0,58,108
09/23/2002,LBE,PA,AEA,CE,Federal Contract Tower,1,12,21,4,38,0,0,81,0,81,1,12,102,4,119,36,0,36,155
09/24/2002,LBE,PA,AEA,CE,Federal Contract Tower,0,10,31,2,43,0,0,89,6,95,0,10,120,8,138,130,16,146,284
09/25/2002,LBE,PA,AEA,CE,Federal Contract Tower,0,16,37,0,53,0,0,77,0,77,0,16,114,0,130,46,0,46,176
09/26/2002,LBE,PA,AEA,CE,Federal Contract Tower,0,14,28,2,44,0,0,14,0,14,0,14,42,2,58,0,0,0,58
09/27/2002,LBE,PA,AEA,CE,Federal Contract Tower,3,19,11,0,33,0,0,19,0,19,3,19,30,0,52,0,0,0,52
09/28/2002,LBE,PA,AEA,CE,Federal Contract Tower,3,9,16,0,28,0,0,42,0,42,3,9,58,0,70,28,0,28,98
09/29/2002,LBE,PA,AEA,CE,Federal Contract Tower,0,17,20,0,37,0,0,88,0,88,0,17,108,0,125,66,0,66,191
09/30/2002,LBE,PA,AEA,CE,Federal Contract Tower,0,12,18,0,30,0,0,78,0,78,0,12,96,0,108,60,0,60,168
10/01/2002,LBE,PA,AEA,CE,Federal Contract Tower,0,18,13,0,31,0,0,65,2,67,0,18,78,2,98,68,12,80,178
10/02/2002,LBE,PA,AEA,CE,Federal Contract Tower,0,13,22,0,35,0,0,57,2,59,0,13,79,2,94,36,10,46,140
10/03/2002,LBE,PA,AEA,CE,Federal Contract Tower,2,13,39,3,57,0,0,26,11,37,2,13,65,14,94,4,30,34,128
10/04/2002,LBE,PA,AEA,CE,Federal Contract Tower,2,13,36,0,51,0,0,14,0,14,2,13,50,0,65,8,0,8,73
10/05/2002,LBE,PA,AEA,CE,Federal Contract Tower,2,6,12,0,20,0,0,39,2,41,2,6,51,2,61,50,0,50,111
10/06/2002,LBE,PA,AEA,CE,Federal Contract Tower,0,9,18,6,33,0,0,72,6,78,0,9,90,12,111,46,6,52,163
10/07/2002,LBE,PA,AEA,CE,Federal Contract Tower,0,20,23,2,45,0,0,53,0,53,0,20,76,2,98,54,0,54,152
10/08/2002,LBE,PA,AEA,CE,Federal Contract Tower,0,13,21,0,34,0,0,60,0,60,0,13,81,0,94,60,6,66,160
10/09/2002,LBE,PA,AEA,CE,Federal Contract Tower,0,18,20,3,41,0,0,36,1,37,0,18,56,4,78,24,0,24,102
10/10/2002,LBE,PA,AEA,CE,Federal Contract Tower,0,21,30,0,51,0,0,13,4,17,0,21,43,4,68,0,0,0,68
10/11/2002,LBE,PA,AEA,CE,Federal Contract Tower,0,19,46,0,65,0,0,9,0,9,0,19,55,0,74,0,0,0,74
10/12/2002,LBE,PA,AEA,CE,Federal Contract Tower,0,6,26,0,32,0,0,0,0,0,0,6,26,0,32,0,0,0,32
10/13/2002,LBE,PA,AEA,CE,Federal Contract Tower,6,8,22,0,36,0,0,34,0,34,6,8,56,0,70,4,0,4,74
10/14/2002,LBE,PA,AEA,CE,Federal Contract Tower,0,10,10,0,20,0,0,92,2,94,0,10,102,2,114,44,0,44,158
10/15/2002,LBE,PA,AEA,CE,Federal Contract Tower,2,10,30,2,44,0,0,74,4,78,2,10,104,6,122,52,6,58,180
10/16/2002,LBE,PA,AEA,CE,Federal Contract Tower,0,16,20,0,36,0,0,7,0,7,0,16,27,0,43,0,0,0,43
10/17/2002,LBE,PA,AEA,CE,Federal Contract Tower,0,10,29,0,39,0,0,6,2,8,0,10,35,2,47,4,0,4,51
10/18/2002,LBE,PA,AEA,CE,Federal Contract Tower,2,15,23,6,46,0,0,73,2,75,2,15,96,8,121,20,26,46,167
10/19/2002,LBE,PA,AEA,CE,Federal Contract Tower,0,5,14,4,23,0,0,6,2,8,0,5,20,6,31,0,0,0,31
10/20/2002,LBE,PA,AEA,CE,Federal Contract Tower,2,11,18,1,32,0,0,85,3,88,2,11,103,4,120,52,0,52,172
10/21/2002,LBE,PA,AEA,CE,Federal Contract Tower,0,14,21,4,39,0,0,66,10,76,0,14,87,14,115,36,2,38,153
10/22/2002,LBE,PA,AEA,CE,Federal Contract Tower,0,18,18,1,37,0,0,63,7,70,0,18,81,8,107,50,6,56,163
10/23/2002,LBE,PA,AEA,CE,Federal Contract Tower,1,12,26,0,39,0,0,13,0,13,1,12,39,0,52,8,2,10,62
10/24/2002,LBE,PA,AEA,CE,Federal Contract Tower,0,11,23,0,34,0,0,41,0,41,0,11,64,0,75,46,0,46,121
10/25/2002,LBE,PA,AEA,CE,Federal Contract Tower,2,12,22,2,38,0,0,21,0,21,2,12,43,2,59,24,0,24,83
10/26/2002,LBE,PA,AEA,CE,Federal Contract Tower,2,4,16,0,22,0,0,16,0,16,2,4,32,0,38,32,0,32,70
10/27/2002,LBE,PA,AEA,CE,Federal Contract Tower,2,11,26,0,39,0,0,75,0,75,2,11,101,0,114,78,0,78,192
10/28/2002,LBE,PA,AEA,CE,Federal Contract Tower,2,14,12,0,28,0,0,51,0,51,2,14,63,0,79,62,2,64,143
10/29/2002,LBE,PA,AEA,CE,Federal Contract Tower,0,14,14,0,28,0,0,21,6,27,0,14,35,6,55,6,8,14,69
10/30/2002,LBE,PA,AEA,CE,Federal Contract Tower,0,13,10,0,23,0,0,0,0,0,0,13,10,0,23,0,0,0,23
10/31/2002,LBE,PA,AEA,CE,Federal Contract Tower,0,16,5,0,21,0,0,44,0,44,0,16,49,0,65,16,0,16,81
11/01/2002,LBE,PA,AEA,CE,Federal Contract Tower,0,14,18,0,32,0,1,23,0,24,0,15,41,0,56,6,0,6,62
11/02/2002,LBE,PA,AEA,CE,Federal Contract Tower,0,8,5,0,13,0,0,51,4,55,0,8,56,4,68,42,0,42,110
11/03/2002,LBE,PA,AEA,CE,Federal Contract Tower,1,13,15,0,29,0,0,68,0,68,1,13,83,0,97,48,0,48,145
11/04/2002,LBE,PA,AEA,CE,Federal Contract Tower,0,14,12,0,26,0,0,4,0,4,0,14,16,0,30,0,0,0,30
11/05/2002,LBE,PA,AEA,CE,Federal Contract Tower,1,16,23,2,42,0,0,53,0,53,1,16,76,2,95,16,0,16,111
11/06/2002,LBE,PA,AEA,CE,Federal Contract Tower,0,12,12,2,26,0,0,9,0,9,0,12,21,2,35,0,0,0,35
11/07/2002,LBE,PA,AEA,CE,Federal Contract Tower,0,13,8,2,23,0,0,19,0,19,0,13,27,2,42,46,0,46,88
11/08/2002,LBE,PA,AEA,CE,Federal Contract Tower,4,14,20,2,40,0,0,74,0,74,4,14,94,2,114,40,20,60,174
11/09/2002,LBE,PA,AEA,CE,Federal Contract Tower,0,4,5,0,9,0,0,44,0,44,0,4,49,0,53,2,0,2,55
11/10/2002,LBE,PA,AEA,CE,Federal Contract Tower,6,8,13,1,28,0,0,15,1,16,6,8,28,2,44,6,0,6,50
11/11/2002,LBE,PA,AEA,CE,Federal Contract Tower,0,14,13,0,27,0,0,30,0,30,0,14,43,0,57,80,0,80,137
11/12/2002,LBE,PA,AEA,CE,Federal Contract Tower,2,8,16,2,28,0,0,13,0,13,2,8,29,2,41,8,0,8,49
11/13/2002,LBE,PA,AEA,CE,Federal Contract Tower,1,11,18,9,39,1,0,56,5,62,2,11,74,14,101,42,18,60,161
11/14/2002,LBE,PA,AEA,CE,Federal Contract Tower,0,14,20,0,34,0,0,60,0,60,0,14,80,0,94,42,0,42,136
11/15/2002,LBE,PA,AEA,CE,Federal Contract Tower,1,13,22,8,44,0,0,25,8,33,1,13,47,16,77,20,4,24,101
11/16/2002,LBE,PA,AEA,CE,Federal Contract Tower,0,8,8,6,22,0,0,10,0,10,0,8,18,6,32,34,0,34,66
11/17/2002,LBE,PA,AEA,CE,Federal Contract Tower,2,7,6,0,15,0,0,0,0,0,2,7,6,0,15,0,0,0,15
11/18/2002,LBE,PA,AEA,CE,Federal Contract Tower,2,13,15,0,30,0,0,50,0,50,2,13,65,0,80,14,0,14,94
11/19/2002,LBE,PA,AEA,CE,Federal Contract Tower,0,14,17,0,31,0,0,23,2,25,0,14,40,2,56,8,0,8,64
11/20/2002,LBE,PA,AEA,CE,Federal Contract Tower,0,12,24,1,37,0,0,80,1,81,0,12,104,2,118,60,6,66,184
11/21/2002,LBE,PA,AEA,CE,Federal Contract Tower,0,13,21,2,36,0,0,21,0,21,0,13,42,2,57,26,0,26,83
11/22/2002,LBE,PA,AEA,CE,Federal Contract Tower,2,0,11,0,13,0,0,0,22,22,2,0,11,22,35,0,0,0,35
11/23/2002,LBE,PA,AEA,CE,Federal Contract Tower,4,6,11,0,21,0,0,16,0,16,4,6,27,0,37,10,0,10,47
11/24/2002,LBE,PA,AEA,CE,Federal Contract Tower,0,9,18,0,27,0,0,59,0,59,0,9,77,0,86,54,0,54,140
11/25/2002,LBE,PA,AEA,CE,Federal Contract Tower,0,11,15,0,26,0,0,23,3,26,0,11,38,3,52,26,32,58,110
11/26/2002,LBE,PA,AEA,CE,Federal Contract Tower,0,13,11,0,24,0,0,38,4,42,0,13,49,4,66,34,6,40,106
11/27/2002,LBE,PA,AEA,CE,Federal Contract Tower,0,14,17,0,31,0,0,23,0,23,0,14,40,0,54,42,0,42,96
11/28/2002,LBE,PA,AEA,CE,Federal Contract Tower,0,5,6,0,11,0,0,3,0,3,0,5,9,0,14,0,0,0,14
11/29/2002,LBE,PA,AEA,CE,Federal Contract Tower,2,3,2,0,7,0,0,17,0,17,2,3,19,0,24,0,0,0,24
11/30/2002,LBE,PA,AEA,CE,Federal Contract Tower,0,6,10,0,16,0,0,25,0,25,0,6,35,0,41,10,0,10,51
12/01/2002,LBE,PA,AEA,CE,Federal Contract Tower,2,15,17,0,34,0,0,32,0,32,2,15,49,0,66,38,2,40,106
12/02/2002,LBE,PA,AEA,CE,Federal Contract Tower,0,12,11,0,23,0,0,41,0,41,0,12,52,0,64,74,0,74,138
12/03/2002,LBE,PA,AEA,CE,Federal Contract Tower,0,13,9,0,22,0,0,49,9,58,0,13,58,9,80,8,14,22,102
12/04/2002,LBE,PA,AEA,CE,Federal Contract Tower,0,10,10,0,20,0,0,39,0,39,0,10,49,0,59,4,16,20,79
12/05/2002,LBE,PA,AEA,CE,Federal Contract Tower,0,8,4,0,12,0,0,4,0,4,0,8,8,0,16,0,0,0,16
12/06/2002,LBE,PA,AEA,CE,Federal Contract Tower,0,9,28,0,37,0,0,21,0,21,0,9,49,0,58,0,6,6,64
12/07/2002,LBE,PA,AEA,CE,Federal Contract Tower,0,6,8,0,14,0,0,28,0,28,0,6,36,0,42,30,0,30,72
12/08/2002,LBE,PA,AEA,CE,Federal Contract Tower,2,9,16,0,27,0,0,13,0,13,2,9,29,0,40,4,0,4,44
12/09/2002,LBE,PA,AEA,CE,Federal Contract Tower,2,10,12,0,24,0,0,37,0,37,2,10,49,0,61,14,0,14,75
12/10/2002,LBE,PA,AEA,CE,Federal Contract Tower,0,10,12,5,27,0,0,47,1,48,0,10,59,6,75,38,4,42,117
12/11/2002,LBE,PA,AEA,CE,Federal Contract Tower,0,10,28,0,38,0,0,2,0,2,0,10,30,0,40,0,0,0,40
12/12/2002,LBE,PA,AEA,CE,Federal Contract Tower,0,12,24,2,38,0,0,0,0,0,0,12,24,2,38,0,0,0,38
12/13/2002,LBE,PA,AEA,CE,Federal Contract Tower,0,11,21,0,32,0,0,14,0,14,0,11,35,0,46,6,0,6,52
12/14/2002,LBE,PA,AEA,CE,Federal Contract Tower,0,6,1,0,7,0,0,0,0,0,0,6,1,0,7,0,0,0,7
12/15/2002,LBE,PA,AEA,CE,Federal Contract Tower,0,9,11,0,20,0,0,45,0,45,0,9,56,0,65,44,0,44,109
12/16/2002,LBE,PA,AEA,CE,Federal Contract Tower,0,14,19,0,33,0,0,16,2,18,0,14,35,2,51,16,0,16,67
12/17/2002,LBE,PA,AEA,CE,Federal Contract Tower,0,11,22,2,35,0,0,83,0,83,0,11,105,2,118,70,0,70,188
12/18/2002,LBE,PA,AEA,CE,Federal Contract Tower,0,10,20,0,30,0,0,26,0,26,0,10,46,0,56,10,0,10,66
12/19/2002,LBE,PA,AEA,CE,Federal Contract Tower,0,10,15,0,25,0,0,49,0,49,0,10,64,0,74,46,0,46,120
12/20/2002,LBE,PA,AEA,CE,Federal Contract Tower,0,13,19,0,32,0,0,40,0,40,0,13,59,0,72,38,0,38,110
12/21/2002,LBE,PA,AEA,CE,Federal Contract Tower,0,5,12,0,17,0,0,3,0,3,0,5,15,0,20,0,0,0,20
12/22/2002,LBE,PA,AEA,CE,Federal Contract Tower,0,8,8,0,16,0,0,15,0,15,0,8,23,0,31,24,0,24,55
12/23/2002,LBE,PA,AEA,CE,Federal Contract Tower,0,10,6,0,16,0,0,28,0,28,0,10,34,0,44,8,0,8,52
12/24/2002,LBE,PA,AEA,CE,Federal Contract Tower,0,10,7,0,17,0,0,29,0,29,0,10,36,0,46,24,0,24,70
12/25/2002,LBE,PA,AEA,CE,Federal Contract Tower,0,2,2,0,4,0,0,0,0,0,0,2,2,0,4,0,0,0,4
12/26/2002,LBE,PA,AEA,CE,Federal Contract Tower,0,8,25,0,33,0,0,19,0,19,0,8,44,0,52,0,0,0,52
12/27/2002,LBE,PA,AEA,CE,Federal Contract Tower,3,15,34,3,55,0,0,16,1,17,3,15,50,4,72,12,0,12,84
12/28/2002,LBE,PA,AEA,CE,Federal Contract Tower,1,4,12,1,18,0,0,14,0,14,1,4,26,1,32,30,4,34,66
12/29/2002,LBE,PA,AEA,CE,Federal Contract Tower,2,9,7,1,19,0,0,23,0,23,2,9,30,1,42,28,0,28,70
12/30/2002,LBE,PA,AEA,CE,Federal Contract Tower,0,10,5,0,15,0,0,63,0,63,0,10,68,0,78,54,0,54,132
12/31/2002,LBE,PA,AEA,CE,Federal Contract Tower,0,9,14,0,23,1,2,20,2,25,1,11,34,2,48,70,0,70,118
01/01/2003,LBE,PA,AEA,CE,Federal Contract Tower,0,9,9,0,18,0,0,4,0,4,0,9,13,0,22,0,0,0,22
01/02/2003,LBE,PA,AEA,CE,Federal Contract Tower,0,10,7,0,17,0,0,5,0,5,0,10,12,0,22,10,0,10,32
01/03/2003,LBE,PA,AEA,CE,Federal Contract Tower,0,8,10,0,18,0,0,5,0,5,0,8,15,0,23,12,0,12,35
01/04/2003,LBE,PA,AEA,CE,Federal Contract Tower,0,4,12,0,16,0,0,3,0,3,0,4,15,0,19,0,0,0,19
01/05/2003,LBE,PA,AEA,CE,Federal Contract Tower,0,7,16,0,23,0,0,1,0,1,0,7,17,0,24,0,0,0,24
01/06/2003,LBE,PA,AEA,CE,Federal Contract Tower,0,13,7,0,20,0,0,2,0,2,0,13,9,0,22,0,0,0,22
01/07/2003,LBE,PA,AEA,CE,Federal Contract Tower,0,12,10,0,22,0,0,20,0,20,0,12,30,0,42,26,0,26,68
01/08/2003,LBE,PA,AEA,CE,Federal Contract Tower,0,10,18,0,28,0,0,5,0,5,0,10,23,0,33,0,0,0,33
01/09/2003,LBE,PA,AEA,CE,Federal Contract Tower,0,10,9,3,22,0,0,58,4,62,0,10,67,7,84,18,12,30,114
01/10/2003,LBE,PA,AEA,CE,Federal Contract Tower,0,8,23,2,33,0,0,0,0,0,0,8,23,2,33,0,8,8,41
01/11/2003,LBE,PA,AEA,CE,Federal Contract Tower,0,4,7,0,11,0,0,8,2,10,0,4,15,2,21,22,2,24,45
01/12/2003,LBE,PA,AEA,CE,Federal Contract Tower,0,10,10,0,20,0,0,46,2,48,0,10,56,2,68,32,0,32,100
01/13/2003,LBE,PA,AEA,CE,Federal Contract Tower,0,11,6,1,18,0,0,35,5,40,0,11,41,6,58,28,4,32,90
01/14/2003,LBE,PA,AEA,CE,Federal Contract Tower,0,7,13,1,21,0,0,15,1,16,0,7,28,2,37,6,2,8,45
01/15/2003,LBE,PA,AEA,CE,Federal Contract Tower,0,10,12,2,24,0,0,4,0,4,0,10,16,2,28,0,0,0,28
01/16/2003,LBE,PA,AEA,CE,Federal Contract Tower,0,15,11,0,26,0,0,36,2,38,0,15,47,2,64,30,0,30,94
01/17/2003,LBE,PA,AEA,CE,Federal Contract Tower,2,10,13,0,25,0,0,2,0,2,2,10,15,0,27,0,0,0,27
01/18/2003,LBE,PA,AEA,CE,Federal Contract Tower,0,4,13,0,17,0,0,43,0,43,0,4,56,0,60,46,0,46,106
01/19/2003,LBE,PA,AEA,CE,Federal Contract Tower,2,11,5,0,18,0,0,6,0,6,2,11,11,0,24,8,0,8,32
01/20/2003,LBE,PA,AEA,CE,Federal Contract Tower,0,12,14,0,26,0,0,14,0,14,0,12,28,0,40,22,0,22,62
01/21/2003,LBE,PA,AEA,CE,Federal Contract Tower,0,10,7,0,17,0,0,22,4,26,0,10,29,4,43,16,8,24,67
01/22/2003,LBE,PA,AEA,CE,Federal Contract Tower,0,11,29,0,40,0,0,25,0,25,0,11,54,0,65,10,0,10,75
01/23/2003,LBE,PA,AEA,CE,Federal Contract Tower,0,10,26,0,36,0,0,13,0,13,0,10,39,0,49,0,0,0,49
01/24/2003,LBE,PA,AEA,CE,Federal Contract Tower,0,13,17,0,30,0,0,12,2,14,0,13,29,2,44,0,2,2,46
01/25/2003,LBE,PA,AEA,CE,Federal Contract Tower,1,4,9,0,14,0,0,39,7,46,1,4,48,7,60,44,0,44,104
01/26/2003,LBE,PA,AEA,CE,Federal Contract Tower,3,8,3,0,14,0,0,1,0,1,3,8,4,0,15,0,0,0,15
01/27/2003,LBE,PA,AEA,CE,Federal Contract Tower,2,10,10,0,22,0,0,44,0,44,2,10,54,0,66,15,0,15,81
01/28/2003,LBE,PA,AEA,CE,Federal Contract Tower,0,9,12,0,21,0,0,20,0,20,0,9,32,0,41,20,0,20,61
01/29/2003,LBE,PA,AEA,CE,Federal Contract Tower,0,12,19,0,31,0,0,1,0,1,0,12,20,0,32,0,0,0,32
01/30/2003,LBE,PA,AEA,CE,Federal Contract Tower,3,10,18,4,35,0,0,56,5,61,3,10,74,9,96,56,0,56,152
01/31/2003,LBE,PA,AEA,CE,Federal Contract Tower,0,11,9,0,20,0,0,34,0,34,0,11,43,0,54,52,0,52,106
02/01/2003,LBE,PA,AEA,CE,Federal Contract Tower,2,6,5,0,13,0,0,3,0,3,2,6,8,0,16,8,0,8,24
02/02/2003,LBE,PA,AEA,CE,Federal Contract Tower,0,10,15,0,25,0,0,12,0,12,0,10,27,0,37,10,0,10,47
02/03/2003,LBE,PA,AEA,CE,Federal Contract Tower,0,12,19,0,31,0,0,76,0,76,0,12,95,0,107,62,0,62,169
02/04/2003,LBE,PA,AEA,CE,Federal Contract Tower,0,15,14,0,29,0,0,4,0,4,0,15,18,0,33,0,0,0,33
02/05/2003,LBE,PA,AEA,CE,Federal Contract Tower,0,10,12,0,22,0,0,38,0,38,0,10,50,0,60,10,2,12,72
02/06/2003,LBE,PA,AEA,CE,Federal Contract Tower,0,12,12,0,24,0,0,29,3,32,0,12,41,3,56,16,0,16,72
02/07/2003,LBE,PA,AEA,CE,Federal Contract Tower,2,8,20,0,30,0,0,3,0,3,2,8,23,0,33,26,2,28,61
02/08/2003,LBE,PA,AEA,CE,Federal Contract Tower,0,2,4,0,6,0,3,35,2,40,0,5,39,2,46,36,0,36,82
02/09/2003,LBE,PA,AEA,CE,Federal Contract Tower,2,9,14,0,25,0,0,37,0,37,2,9,51,0,62,78,0,78,140
02/10/2003,LBE,PA,AEA,CE,Federal Contract Tower,0,7,11,0,18,0,0,1,0,1,0,7,12,0,19,0,0,0,19
02/11/2003,LBE,PA,AEA,CE,Federal Contract Tower,0,13,17,0,30,0,0,15,0,15,0,13,32,0,45,0,0,0,45
02/12/2003,LBE,PA,AEA,CE,Federal Contract Tower,0,10,16,2,28,0,0,15,5,20,0,10,31,7,48,10,0,10,58
02/13/2003,LBE,PA,AEA,CE,Federal Contract Tower,0,15,28,0,43,0,0,0,0,0,0,15,28,0,43,0,0,0,43
02/14/2003,LBE,PA,AEA,CE,Federal Contract Tower,0,11,12,2,25,0,0,29,2,31,0,11,41,4,56,20,26,46,102
02/15/2003,LBE,PA,AEA,CE,Federal Contract Tower,0,4,14,0,18,0,0,13,0,13,0,4,27,0,31,20,0,20,51
02/16/2003,LBE,PA,AEA,CE,Federal Contract Tower,1,1,10,0,12,0,0,0,0,0,1,1,10,0,12,0,0,0,12
02/17/2003,LBE,PA,AEA,CE,Federal Contract Tower,1,1,12,0,14,0,0,8,0,8,1,1,20,0,22,0,0,0,22
02/18/2003,LBE,PA,AEA,CE,Federal Contract Tower,0,12,24,0,36,0,0,14,0,14,0,12,38,0,50,0,0,0,50
02/19/2003,LBE,PA,AEA,CE,Federal Contract Tower,0,11,24,0,35,0,0,14,0,14,0,11,38,0,49,14,0,14,63
02/20/2003,LBE,PA,AEA,CE,Federal Contract Tower,0,14,16,2,32,0,0,50,4,54,0,14,66,6,86,6,0,6,92
02/21/2003,LBE,PA,AEA,CE,Federal Contract Tower,1,8,23,0,32,0,0,22,2,24,1,8,45,2,56,12,2,14,70
02/22/2003,LBE,PA,AEA,CE,Federal Contract Tower,0,4,9,0,13,0,0,13,1,14,0,4,22,1,27,8,0,8,35
02/23/2003,LBE,PA,AEA,CE,Federal Contract Tower,0,7,10,0,17,0,0,1,0,1,0,7,11,0,18,0,0,0,18
02/24/2003,LBE,PA,AEA,CE,Federal Contract Tower,1,8,18,0,27,0,0,3,0,3,1,8,21,0,30,2,0,2,32
02/25/2003,LBE,PA,AEA,CE,Federal Contract Tower,0,6,18,0,24,0,0,47,2,49,0,6,65,2,73,56,0,56,129
02/26/2003,LBE,PA,AEA,CE,Federal Contract Tower,1,9,23,2,35,0,0,5,2,7,1,9,28,4,42,0,0,0,42
02/27/2003,LBE,PA,AEA,CE,Federal Contract Tower,0,15,9,2,26,0,0,20,0,20,0,15,29,2,46,30,0,30,76
02/28/2003,LBE,PA,AEA,CE,Federal Contract Tower,4,8,18,0,30,0,0,42,0,42,4,8,60,0,72,28,10,38,110
03/01/2003,LBE,PA,AEA,CE,Federal Contract Tower,2,6,5,0,13,0,0,9,0,9,2,6,14,0,22,50,0,50,72
03/02/2003,LBE,PA,AEA,CE,Federal Contract Tower,2,6,11,0,19,0,0,1,2,3,2,6,12,2,22,0,0,0,22
03/03/2003,LBE,PA,AEA,CE,Federal Contract Tower,0,12,14,0,26,0,0,57,0,57,0,12,71,0,83,58,0,58,141
03/04/2003,LBE,PA,AEA,CE,Federal Contract Tower,0,9,13,0,22,0,5,60,10,75,0,14,73,10,97,100,4,104,201
03/05/2003,LBE,PA,AEA,CE,Federal Contract Tower,0,11,29,0,40,0,0,17,0,17,0,11,46,0,57,0,0,0,57
03/06/2003,LBE,PA,AEA,CE,Federal Contract Tower,0,12,17,0,29,0,0,1,0,1,0,12,18,0,30,8,0,8,38
03/07/2003,LBE,PA,AEA,CE,Federal Contract Tower,0,10,20,0,30,0,0,54,2,56,0,10,74,2,86,50,0,50,136
03/08/2003,LBE,PA,AEA,CE,Federal Contract Tower,2,5,18,0,25,0,0,87,0,87,2,5,105,0,112,40,0,40,152
03/09/2003,LBE,PA,AEA,CE,Federal Contract Tower,2,8,8,2,20,0,0,11,0,11,2,8,19,2,31,18,0,18,49
03/10/2003,LBE,PA,AEA,CE,Federal Contract Tower,2,10,11,0,23,0,0,38,0,38,2,10,49,0,61,74,0,74,135
03/11/2003,LBE,PA,AEA,CE,Federal Contract Tower,0,14,24,2,40,0,0,97,2,99,0,14,121,4,139,86,4,90,229
03/12/2003,LBE,PA,AEA,CE,Federal Contract Tower,0,13,20,1,34,0,0,74,0,74,0,13,94,1,108,44,0,44,152
03/13/2003,LBE,PA,AEA,CE,Federal Contract Tower,2,9,20,0,31,0,0,3,0,3,2,9,23,0,34,4,0,4,38
03/14/2003,LBE,PA,AEA,CE,Federal Contract Tower,0,13,15,0,28,0,0,86,4,90,0,13,101,4,118,86,0,86,204
03/15/2003,LBE,PA,AEA,CE,Federal Contract Tower,0,7,16,0,23,0,0,117,0,117,0,7,133,0,140,98,0,98,238
03/16/2003,LBE,PA,AEA,CE,Federal Contract Tower,5,8,23,0,36,0,0,64,0,64,5,8,87,0,100,64,0,64,164
03/17/2003,LBE,PA,AEA,CE,Federal Contract Tower,1,10,18,0,29,0,0,89,0,89,1,10,107,0,118,100,0,100,218
03/18/2003,LBE,PA,AEA,CE,Federal Contract Tower,4,10,23,0,37,0,0,104,4,108,4,10,127,4,145,118,2,120,265
03/19/2003,LBE,PA,AEA,CE,Federal Contract Tower,3,10,16,2,31,4,0,49,6,59,7,10,65,8,90,74,2,76,166
03/20/2003,LBE,PA,AEA,CE,Federal Contract Tower,0,12,33,0,45,0,0,29,0,29,0,12,62,0,74,54,0,54,128
03/21/2003,LBE,PA,AEA,CE,Federal Contract Tower,2,12,14,2,30,0,0,27,0,27,2,12,41,2,57,12,0,12,69
03/22/2003,LBE,PA,AEA,CE,Federal Contract Tower,0,6,11,0,17,0,0,30,0,30,0,6,41,0,47,14,0,14,61
03/23/2003,LBE,PA,AEA,CE,Federal Contract Tower,1,8,22,0,31,0,0,63,0,63,1,8,85,0,94,56,0,56,150
03/24/2003,LBE,PA,AEA,CE,Federal Contract Tower,0,10,14,6,30,0,0,113,5,118,0,10,127,11,148,62,10,72,220
03/25/2003,LBE,PA,AEA,CE,Federal Contract Tower,0,10,16,0,26,0,0,80,2,82,0,10,96,2,108,96,4,100,208
03/26/2003,LBE,PA,AEA,CE,Federal Contract Tower,0,10,20,0,30,0,0,36,0,36,0,10,56,0,66,86,0,86,152
03/27/2003,LBE,PA,AEA,CE,Federal Contract Tower,1,22,10,0,33,0,0,58,2,60,1,22,68,2,93,80,0,80,173
03/28/2003,LBE,PA,AEA,CE,Federal Contract Tower,2,14,17,2,35,0,5,34,8,47,2,19,51,10,82,4,0,4,86
03/29/2003,LBE,PA,AEA,CE,Federal Contract Tower,2,4,8,0,14,0,0,6,0,6,2,4,14,0,20,18,2,20,40
03/30/2003,LBE,PA,AEA,CE,Federal Contract Tower,0,10,10,0,20,0,0,9,0,9,0,10,19,0,29,12,0,12,41
03/31/2003,LBE,PA,AEA,CE,Federal Contract Tower,0,10,19,1,30,0,0,32,0,32,0,10,51,1,62,60,0,60,122
04/01/2003,LBE,PA,AEA,CE,Federal Contract Tower,0,10,16,4,30,0,0,38,0,38,0,10,54,4,68,84,2,86,154
04/02/2003,LBE,PA,AEA,CE,Federal Contract Tower,0,8,19,3,30,0,0,54,7,61,0,8,73,10,91,86,8,94,185
04/03/2003,LBE,PA,AEA,CE,Federal Contract Tower,0,11,15,0,26,0,0,57,2,59,0,11,72,2,85,34,6,40,125
04/04/2003,LBE,PA,AEA,CE,Federal Contract Tower,0,12,12,3,27,0,0,30,0,30,0,12,42,3,57,54,10,64,121
04/05/2003,LBE,PA,AEA,CE,Federal Contract Tower,0,4,9,0,13,0,0,4,0,4,0,4,13,0,17,6,0,6,23
04/06/2003,LBE,PA,AEA,CE,Federal Contract Tower,0,8,17,1,26,0,0,47,1,48,0,8,64,2,74,80,0,80,154
04/07/2003,LBE,PA,AEA,CE,Federal Contract Tower,0,12,16,0,28,0,0,14,0,14,0,12,30,0,42,2,0,2,44
04/08/2003,LBE,PA,AEA,CE,Federal Contract Tower,0,9,19,0,28,0,0,29,0,29,0,9,48,0,57,24,0,24,81
04/09/2003,LBE,PA,AEA,CE,Federal Contract Tower,0,9,14,0,23,0,0,24,0,24,0,9,38,0,47,12,0,12,59
04/10/2003,LBE,PA,AEA,CE,Federal Contract Tower,0,13,19,2,34,0,0,48,2,50,0,13,67,4,84,48,10,58,142
04/11/2003,LBE,PA,AEA,CE,Federal Contract Tower,2,15,28,0,45,0,0,20,0,20,2,15,48,0,65,8,0,8,73
04/12/2003,LBE,PA,AEA,CE,Federal Contract Tower,0,4,11,2,17,0,0,45,8,53,0,4,56,10,70,36,0,36,106
04/13/2003,LBE,PA,AEA,CE,Federal Contract Tower,4,8,22,0,34,0,0,94,4,98,4,8,116,4,132,78,2,80,212
04/14/2003,LBE,PA,AEA,CE,Federal Contract Tower,0,13,16,3,32,0,0,90,2,92,0,13,106,5,124,94,4,98,222
04/15/2003,LBE,PA,AEA,CE,Federal Contract Tower,2,13,31,0,46,0,0,66,0,66,2,13,97,0,112,46,0,46,158
04/16/2003,LBE,PA,AEA,CE,Federal Contract Tower,0,12,16,2,30,0,0,65,3,68,0,12,81,5,98,54,0,54,152
04/17/2003,LBE,PA,AEA,CE,Federal Contract Tower,0,19,31,0,50,0,0,37,0,37,0,19,68,0,87,12,0,12,99
04/18/2003,LBE,PA,AEA,CE,Federal Contract Tower,0,13,19,0,32,0,0,46,0,46,0,13,65,0,78,32,0,32,110
04/19/2003,LBE,PA,AEA,CE,Federal Contract Tower,0,5,5,0,10,0,0,62,0,62,0,5,67,0,72,40,6,46,118
04/20/2003,LBE,PA,AEA,CE,Federal Contract Tower,0,8,14,0,22,0,0,27,0,27,0,8,41,0,49,0,0,0,49
04/21/2003,LBE,PA,AEA,CE,Federal Contract Tower,0,14,17,0,31,0,0,32,0,32,0,14,49,0,63,18,0,18,81
04/22/2003,LBE,PA,AEA,CE,Federal Contract Tower,0,8,21,1,30,0,0,7,0,7,0,8,28,1,37,20,0,20,57
04/23/2003,LBE,PA,AEA,CE,Federal Contract Tower,0,7,27,2,36,0,0,57,2,59,0,7,84,4,95,14,0,14,109
04/24/2003,LBE,PA,AEA,CE,Federal Contract Tower,0,9,20,2,31,0,0,76,9,85,0,9,96,11,116,154,6,160,276
04/25/2003,LBE,PA,AEA,CE,Federal Contract Tower,2,9,28,4,43,0,0,48,9,57,2,9,76,13,100,74,12,86,186
04/26/2003,LBE,PA,AEA,CE,Federal Contract Tower,2,6,9,0,17,0,0,11,0,11,2,6,20,0,28,16,0,16,44
04/27/2003,LBE,PA,AEA,CE,Federal Contract Tower,3,10,19,2,34,0,0,84,0,84,3,10,103,2,118,46,0,46,164
04/28/2003,LBE,PA,AEA,CE,Federal Contract Tower,1,8,15,0,24,0,0,78,0,78,1,8,93,0,102,74,0,74,176
04/29/2003,LBE,PA,AEA,CE,Federal Contract Tower,0,9,10,0,19,0,0,69,4,73,0,9,79,4,92,94,0,94,186
04/30/2003,LBE,PA,AEA,CE,Federal Contract Tower,0,9,20,5,34,0,0,59,3,62,0,9,79,8,96,92,14,106,202
05/01/2003,LBE,PA,AEA,CE,Federal Contract Tower,0,8,40,0,48,0,0,32,2,34,0,8,72,2,82,26,2,28,110
05/02/2003,LBE,PA,AEA,CE,Federal Contract Tower,2,14,15,0,31,0,0,17,0,17,2,14,32,0,48,12,0,12,60
05/03/2003,LBE,PA,AEA,CE,Federal Contract Tower,1,8,7,0,16,0,0,36,0,36,1,8,43,0,52,70,0,70,122
05/04/2003,LBE,PA,AEA,CE,Federal Contract Tower,1,8,17,0,26,0,0,66,0,66,1,8,83,0,92,76,0,76,168
05/05/2003,LBE,PA,AEA,CE,Federal Contract Tower,0,8,15,0,23,0,0,22,0,22,0,8,37,0,45,12,0,12,57
05/06/2003,LBE,PA,AEA,CE,Federal Contract Tower,2,10,14,0,26,0,0,40,2,42,2,10,54,2,68,74,2,76,144
05/07/2003,LBE,PA,AEA,CE,Federal Contract Tower,0,14,27,0,41,0,0,31,0,31,0,14,58,0,72,48,0,48,120
05/08/2003,LBE,PA,AEA,CE,Federal Contract Tower,4,11,23,0,38,0,0,40,0,40,4,11,63,0,78,36,0,36,114
05/09/2003,LBE,PA,AEA,CE,Federal Contract Tower,0,12,15,0,27,0,0,5,0,5,0,12,20,0,32,36,0,36,68
05/10/2003,LBE,PA,AEA,CE,Federal Contract Tower,2,10,5,0,17,0,0,17,0,17,2,10,22,0,34,8,0,8,42
05/11/2003,LBE,PA,AEA,CE,Federal Contract Tower,0,10,17,0,27,0,0,12,0,12,0,10,29,0,39,10,0,10,49
05/12/2003,LBE,PA,AEA,CE,Federal Contract Tower,0,8,12,2,22,0,0,10,0,10,0,8,22,2,32,0,0,0,32
05/13/2003,LBE,PA,AEA,CE,Federal Contract Tower,0,8,12,0,20,0,0,38,0,38,0,8,50,0,58,20,0,20,78
05/14/2003,LBE,PA,AEA,CE,Federal Contract Tower,0,9,21,0,30,0,0,103,3,106,0,9,124,3,136,76,8,84,220
05/15/2003,LBE,PA,AEA,CE,Federal Contract Tower,0,15,27,0,42,0,0,10,0,10,0,15,37,0,52,8,0,8,60
05/16/2003,LBE,PA,AEA,CE,Federal Contract Tower,0,11,31,0,42,0,0,30,0,30,0,11,61,0,72,36,0,36,108
05/17/2003,LBE,PA,AEA,CE,Federal Contract Tower,0,7,20,2,29,0,0,39,0,39,0,7,59,2,68,50,0,50,118
05/18/2003,LBE,PA,AEA,CE,Federal Contract Tower,0,9,29,0,38,0,0,28,0,28,0,9,57,0,66,50,0,50,116
05/19/2003,LBE,PA,AEA,CE,Federal Contract Tower,2,11,13,0,26,0,0,78,2,80,2,11,91,2,106,80,0,80,186
05/20/2003,LBE,PA,AEA,CE,Federal Contract Tower,0,9,21,0,30,0,0,22,2,24,0,9,43,2,54,20,10,30,84
05/21/2003,LBE,PA,AEA,CE,Federal Contract Tower,2,7,29,0,38,0,0,54,0,54,2,7,83,0,92,44,0,44,136
05/22/2003,LBE,PA,AEA,CE,Federal Contract Tower,0,13,43,4,60,0,0,70,2,72,0,13,113,6,132,56,0,56,188
05/23/2003,LBE,PA,AEA,CE,Federal Contract Tower,2,12,31,0,45,0,0,49,0,49,2,12,80,0,94,40,0,40,134
05/24/2003,LBE,PA,AEA,CE,Federal Contract Tower,2,8,18,0,28,0,0,34,0,34,2,8,52,0,62,62,0,62,124
05/25/2003,LBE,PA,AEA,CE,Federal Contract Tower,0,6,10,0,16,0,0,70,0,70,0,6,80,0,86,66,0,66,152
05/26/2003,LBE,PA,AEA,CE,Federal Contract Tower,0,10,19,0,29,0,0,23,0,23,0,10,42,0,52,56,0,56,108
05/27/2003,LBE,PA,AEA,CE,Federal Contract Tower,0,10,30,0,40,0,1,41,0,42,0,11,71,0,82,38,0,38,120
05/28/2003,LBE,PA,AEA,CE,Federal Contract Tower,0,11,32,0,43,0,0,48,0,48,0,11,80,0,91,52,0,52,143
05/29/2003,LBE,PA,AEA,CE,Federal Contract Tower,0,13,26,0,39,0,0,55,4,59,0,13,81,4,98,26,0,26,124
05/30/2003,LBE,PA,AEA,CE,Federal Contract Tower,2,14,22,0,38,0,0,50,2,52,2,14,72,2,90,76,0,76,166
05/31/2003,LBE,PA,AEA,CE,Federal Contract Tower,0,12,8,0,20,0,0,16,0,16,0,12,24,0,36,34,0,34,70
06/01/2003,LBE,PA,AEA,CE,Federal Contract Tower,2,12,14,0,28,0,0,34,0,34,2,12,48,0,62,18,0,18,80
06/02/2003,LBE,PA,AEA,CE,Federal Contract Tower,0,16,12,0,28,0,0,88,2,90,0,16,100,2,118,100,0,100,218
06/03/2003,LBE,PA,AEA,CE,Federal Contract Tower,1,19,18,0,38,0,0,12,0,12,1,19,30,0,50,6,0,6,56
06/04/2003,LBE,PA,AEA,CE,Federal Contract Tower,0,12,32,0,44,0,0,18,0,18,0,12,50,0,62,0,0,0,62
06/05/2003,LBE,PA,AEA,CE,Federal Contract Tower,0,10,22,0,32,0,0,44,2,46,0,10,66,2,78,40,0,40,118
06/06/2003,LBE,PA,AEA,CE,Federal Contract Tower,0,10,28,2,40,0,0,54,6,60,0,10,82,8,100,74,0,74,174
06/07/2003,LBE,PA,AEA,CE,Federal Contract Tower,0,7,9,0,16,0,3,9,0,12,0,10,18,0,28,2,0,2,30
06/08/2003,LBE,PA,AEA,CE,Federal Contract Tower,0,12,22,0,34,0,0,50,0,50,0,12,72,0,84,20,0,20,104
06/09/2003,LBE,PA,AEA,CE,Federal Contract Tower,0,8,24,0,32,0,0,82,0,82,0,8,106,0,114,78,0,78,192
06/10/2003,LBE,PA,AEA,CE,Federal Contract Tower,0,12,12,0,24,0,0,91,13,104,0,12,103,13,128,108,8,116,244
06/11/2003,LBE,PA,AEA,CE,Federal Contract Tower,0,13,23,0,36,0,0,36,0,36,0,13,59,0,72,62,0,62,134
06/12/2003,LBE,PA,AEA,CE,Federal Contract Tower,1,9,24,2,36,0,0,34,0,34,1,9,58,2,70,42,2,44,114
06/13/2003,LBE,PA,AEA,CE,Federal Contract Tower,0,13,22,0,35,0,0,18,3,21,0,13,40,3,56,38,0,38,94
06/14/2003,LBE,PA,AEA,CE,Federal Contract Tower,1,10,23,0,34,0,0,14,0,14,1,10,37,0,48,26,0,26,74
06/15/2003,LBE,PA,AEA,CE,Federal Contract Tower,3,15,32,0,50,0,0,64,0,64,3,15,96,0,114,38,0,38,152
06/16/2003,LBE,PA,AEA,CE,Federal Contract Tower,1,10,28,0,39,0,0,79,8,87,1,10,107,8,126,72,4,76,202
06/17/2003,LBE,PA,AEA,CE,Federal Contract Tower,0,13,13,4,30,0,0,14,6,20,0,13,27,10,50,0,8,8,58
06/18/2003,LBE,PA,AEA,CE,Federal Contract Tower,2,11,57,0,70,0,0,32,2,34,2,11,89,2,104,52,0,52,156
06/19/2003,LBE,PA,AEA,CE,Federal Contract Tower,0,9,35,0,44,0,0,18,0,18,0,9,53,0,62,20,0,20,82
06/20/2003,LBE,PA,AEA,CE,Federal Contract Tower,2,12,25,0,39,0,0,18,3,21,2,12,43,3,60,18,2,20,80
06/21/2003,LBE,PA,AEA,CE,Federal Contract Tower,0,9,15,0,24,0,0,18,0,18,0,9,33,0,42,18,0,18,60
06/22/2003,LBE,PA,AEA,CE,Federal Contract Tower,2,11,21,0,34,0,0,108,0,108,2,11,129,0,142,62,0,62,204
06/23/2003,LBE,PA,AEA,CE,Federal Contract Tower,0,6,17,0,23,0,0,79,0,79,0,6,96,0,102,86,0,86,188
06/24/2003,LBE,PA,AEA,CE,Federal Contract Tower,0,8,29,0,37,0,0,71,4,75,0,8,100,4,112,82,0,82,194
06/25/2003,LBE,PA,AEA,CE,Federal Contract Tower,0,17,30,0,47,0,0,66,0,66,0,17,96,0,113,80,0,80,193
06/26/2003,LBE,PA,AEA,CE,Federal Contract Tower,0,12,42,2,56,0,0,40,2,42,0,12,82,4,98,54,0,54,152
06/27/2003,LBE,PA,AEA,CE,Federal Contract Tower,6,18,31,0,55,0,0,107,2,109,6,18,138,2,164,84,0,84,248
06/28/2003,LBE,PA,AEA,CE,Federal Contract Tower,2,8,29,0,39,0,0,77,0,77,2,8,106,0,116,56,0,56,172
06/29/2003,LBE,PA,AEA,CE,Federal Contract Tower,0,10,16,0,26,0,0,66,0,66,0,10,82,0,92,70,0,70,162
06/30/2003,LBE,PA,AEA,CE,Federal Contract Tower,0,8,25,0,33,0,0,38,2,40,0,8,63,2,73,48,0,48,121
07/01/2003,LBE,PA,AEA,CE,Federal Contract Tower,0,12,20,0,32,0,0,60,6,66,0,12,80,6,98,48,2,50,148
07/02/2003,LBE,PA,AEA,CE,Federal Contract Tower,2,12,29,0,43,0,0,55,0,55,2,12,84,0,98,22,0,22,120
07/03/2003,LBE,PA,AEA,CE,Federal Contract Tower,0,11,21,2,34,0,0,75,5,80,0,11,96,7,114,22,0,22,136
07/04/2003,LBE,PA,AEA,CE,Federal Contract Tower,0,6,12,0,18,0,0,29,0,29,0,6,41,0,47,20,0,20,67
07/05/2003,LBE,PA,AEA,CE,Federal Contract Tower,0,6,13,0,19,0,0,30,0,30,0,6,43,0,49,18,0,18,67
07/06/2003,LBE,PA,AEA,CE,Federal Contract Tower,1,11,10,0,22,0,0,45,0,45,1,11,55,0,67,68,0,68,135
07/07/2003,LBE,PA,AEA,CE,Federal Contract Tower,0,13,20,0,33,0,0,35,0,35,0,13,55,0,68,38,0,38,106
07/08/2003,LBE,PA,AEA,CE,Federal Contract Tower,1,12,23,0,36,0,0,39,0,39,1,12,62,0,75,38,0,38,113
07/09/2003,LBE,PA,AEA,CE,Federal Contract Tower,0,13,27,0,40,0,0,42,0,42,0,13,69,0,82,16,0,16,98
07/10/2003,LBE,PA,AEA,CE,Federal Contract Tower,0,14,26,5,45,0,0,15,7,22,0,14,41,12,67,40,4,44,111
07/11/2003,LBE,PA,AEA,CE,Federal Contract Tower,0,10,33,1,44,0,0,45,11,56,0,10,78,12,100,60,24,84,184
07/12/2003,LBE,PA,AEA,CE,Federal Contract Tower,0,7,15,6,28,0,0,40,16,56,0,7,55,22,84,50,4,54,138
07/13/2003,LBE,PA,AEA,CE,Federal Contract Tower,2,12,19,0,33,0,0,79,0,79,2,12,98,0,112,36,0,36,148
07/14/2003,LBE,PA,AEA,CE,Federal Contract Tower,0,8,26,1,35,0,0,62,1,63,0,8,88,2,98,32,0,32,130
07/15/2003,LBE,PA,AEA,CE,Federal Contract Tower,0,8,20,0,28,0,0,83,14,97,0,8,103,14,125,118,0,118,243
07/16/2003,LBE,PA,AEA,CE,Federal Contract Tower,1,12,24,0,37,0,0,65,0,65,1,12,89,0,102,26,0,26,128
07/17/2003,LBE,PA,AEA,CE,Federal Contract Tower,2,10,26,0,38,0,0,70,4,74,2,10,96,4,112,76,0,76,188
07/18/2003,LBE,PA,AEA,CE,Federal Contract Tower,0,16,16,6,38,0,0,30,10,40,0,16,46,16,78,22,0,22,100
07/19/2003,LBE,PA,AEA,CE,Federal Contract Tower,2,14,18,5,39,0,0,81,2,83,2,14,99,7,122,70,14,84,206
07/20/2003,LBE,PA,AEA,CE,Federal Contract Tower,0,12,20,0,32,0,0,67,0,67,0,12,87,0,99,30,0,30,129
07/21/2003,LBE,PA,AEA,CE,Federal Contract Tower,2,11,9,0,22,0,0,50,0,50,2,11,59,0,72,50,0,50,122
07/22/2003,LBE,PA,AEA,CE,Federal Contract Tower,1,16,17,0,34,0,0,43,0,43,1,16,60,0,77,46,0,46,123
07/23/2003,LBE,PA,AEA,CE,Federal Contract Tower,2,18,22,0,42,0,0,40,0,40,2,18,62,0,82,76,0,76,158
07/24/2003,LBE,PA,AEA,CE,Federal Contract Tower,0,9,66,1,76,0,0,34,2,36,0,9,100,3,112,4,0,4,116
07/25/2003,LBE,PA,AEA,CE,Federal Contract Tower,2,8,27,0,37,0,0,75,0,75,2,8,102,0,112,40,0,40,152
07/26/2003,LBE,PA,AEA,CE,Federal Contract Tower,2,7,32,0,41,0,0,80,0,80,2,7,112,0,121,0,50,50,171
07/27/2003,LBE,PA,AEA,CE,Federal Contract Tower,2,13,23,0,38,0,0,27,2,29,2,13,50,2,67,42,0,42,109
07/28/2003,LBE,PA,AEA,CE,Federal Contract Tower,2,8,40,0,50,0,0,51,0,51,2,8,91,0,101,72,0,72,173
07/29/2003,LBE,PA,AEA,CE,Federal Contract Tower,0,13,21,0,34,0,0,93,7,100,0,13,114,7,134,88,14,102,236
07/30/2003,LBE,PA,AEA,CE,Federal Contract Tower,0,10,22,0,32,0,0,68,4,72,0,10,90,4,104,62,4,66,170
07/31/2003,LBE,PA,AEA,CE,Federal Contract Tower,3,9,43,0,55,1,0,37,1,39,4,9,80,1,94,66,0,66,160
08/01/2003,LBE,PA,AEA,CE,Federal Contract Tower,0,8,34,0,42,0,0,9,0,9,0,8,43,0,51,4,0,4,55
08/02/2003,LBE,PA,AEA,CE,Federal Contract Tower,2,8,17,0,27,0,0,26,0,26,2,8,43,0,53,22,0,22,75
08/03/2003,LBE,PA,AEA,CE,Federal Contract Tower,0,7,26,0,33,0,0,31,0,31,0,7,57,0,64,82,0,82,146
08/04/2003,LBE,PA,AEA,CE,Federal Contract Tower,0,8,24,0,32,0,0,66,2,68,0,8,90,2,100,88,0,88,188
08/05/2003,LBE,PA,AEA,CE,Federal Contract Tower,0,10,24,2,36,0,0,70,0,70,0,10,94,2,106,80,0,80,186
08/06/2003,LBE,PA,AEA,CE,Federal Contract Tower,0,10,30,0,40,0,0,30,0,30,0,10,60,0,70,42,0,42,112
08/07/2003,LBE,PA,AEA,CE,Federal Contract Tower,2,8,31,0,41,0,0,19,0,19,2,8,50,0,60,34,0,34,94
08/08/2003,LBE,PA,AEA,CE,Federal Contract Tower,0,11,21,0,32,0,0,7,0,7,0,11,28,0,39,0,0,0,39
08/09/2003,LBE,PA,AEA,CE,Federal Contract Tower,0,10,21,0,31,0,0,11,1,12,0,10,32,1,43,28,2,30,73
08/10/2003,LBE,PA,AEA,CE,Federal Contract Tower,0,11,25,0,36,0,0,32,0,32,0,11,57,0,68,42,0,42,110
08/11/2003,LBE,PA,AEA,CE,Federal Contract Tower,0,9,25,0,34,0,0,38,0,38,0,9,63,0,72,50,0,50,122
08/12/2003,LBE,PA,AEA,CE,Federal Contract Tower,0,8,24,4,36,0,0,49,3,52,0,8,73,7,88,50,12,62,150
08/13/2003,LBE,PA,AEA,CE,Federal Contract Tower,1,10,29,2,42,0,0,60,4,64,1,10,89,6,106,52,0,52,158
08/14/2003,LBE,PA,AEA,CE,Federal Contract Tower,0,10,34,0,44,0,0,57,2,59,0,10,91,2,103,60,2,62,165
08/15/2003,LBE,PA,AEA,CE,Federal Contract Tower,4,13,30,0,47,0,0,56,2,58,4,13,86,2,105,66,4,70,175
08/16/2003,LBE,PA,AEA,CE,Federal Contract Tower,0,6,10,0,16,0,0,8,0,8,0,6,18,0,24,2,0,2,26
08/17/2003,LBE,PA,AEA,CE,Federal Contract Tower,6,12,38,0,56,0,0,48,0,48,6,12,86,0,104,48,0,48,152
08/18/2003,LBE,PA,AEA,CE,Federal Contract Tower,0,15,16,0,31,0,0,70,0,70,0,15,86,0,101,58,0,58,159
08/19/2003,LBE,PA,AEA,CE,Federal Contract Tower,2,21,28,0,51,0,0,82,4,86,2,21,110,4,137,66,6,72,209
08/20/2003,LBE,PA,AEA,CE,Federal Contract Tower,1,8,25,4,38,0,0,55,7,62,1,8,80,11,100,64,6,70,170
08/21/2003,LBE,PA,AEA,CE,Federal Contract Tower,0,12,33,3,48,0,0,50,0,50,0,12,83,3,98,58,0,58,156
08/22/2003,LBE,PA,AEA,CE,Federal Contract Tower,0,11,15,0,26,0,0,24,0,24,0,11,39,0,50,38,0,38,88
08/23/2003,LBE,PA,AEA,CE,Federal Contract Tower,0,8,26,1,35,0,0,77,0,77,0,8,103,1,112,92,0,92,204
08/24/2003,LBE,PA,AEA,CE,Federal Contract Tower,0,8,18,0,26,0,0,115,0,115,0,8,133,0,141,64,0,64,205
08/25/2003,LBE,PA,AEA,CE,Federal Contract Tower,0,12,16,0,28,0,0,60,6,66,0,12,76,6,94,54,2,56,150
08/26/2003,LBE,PA,AEA,CE,Federal Contract Tower,0,9,22,0,31,0,0,28,10,38,0,9,50,10,69,36,4,40,109
08/27/2003,LBE,PA,AEA,CE,Federal Contract Tower,0,10,25,0,35,0,0,25,0,25,0,10,50,0,60,14,0,14,74
08/28/2003,LBE,PA,AEA,CE,Federal Contract Tower,0,14,37,1,52,0,0,79,1,80,0,14,116,2,132,70,0,70,202
08/29/2003,LBE,PA,AEA,CE,Federal Contract Tower,2,14,22,2,40,0,0,23,1,24,2,14,45,3,64,46,0,46,110
08/30/2003,LBE,PA,AEA,CE,Federal Contract Tower,2,12,9,0,23,0,0,15,0,15,2,12,24,0,38,28,0,28,66
08/31/2003,LBE,PA,AEA,CE,Federal Contract Tower,0,9,18,2,29,0,0,46,2,48,0,9,64,4,77,32,0,32,109
09/01/2003,LBE,PA,AEA,CE,Federal Contract Tower,1,9,17,1,28,0,0,9,0,9,1,9,26,1,37,8,0,8,45
09/02/2003,LBE,PA,AEA,CE,Federal Contract Tower,0,6,22,0,28,0,0,12,0,12,0,6,34,0,40,30,0,30,70
09/03/2003,LBE,PA,AEA,CE,Federal Contract Tower,0,8,24,0,32,0,0,32,0,32,0,8,56,0,64,78,14,92,156
09/04/2003,LBE,PA,AEA,CE,Federal Contract Tower,0,13,41,2,56,0,0,22,10,32,0,13,63,12,88,16,22,38,126
09/05/2003,LBE,PA,AEA,CE,Federal Contract Tower,0,14,28,2,44,0,2,49,4,55,0,16,77,6,99,34,8,42,141
09/06/2003,LBE,PA,AEA,CE,Federal Contract Tower,0,8,28,0,36,0,0,73,0,73,0,8,101,0,109,56,0,56,165
09/07/2003,LBE,PA,AEA,CE,Federal Contract Tower,0,11,33,2,46,0,0,49,0,49,0,11,82,2,95,46,2,48,143
09/08/2003,LBE,PA,AEA,CE,Federal Contract Tower,0,19,37,0,56,0,0,68,4,72,0,19,105,4,128,98,0,98,226
09/09/2003,LBE,PA,AEA,CE,Federal Contract Tower,1,11,47,1,60,0,0,53,11,64,1,11,100,12,124,76,14,90,214
09/10/2003,LBE,PA,AEA,CE,Federal Contract Tower,1,14,35,0,50,0,0,68,0,68,1,14,103,0,118,48,8,56,174
09/11/2003,LBE,PA,AEA,CE,Federal Contract Tower,0,9,45,0,54,0,0,63,0,63,0,9,108,0,117,62,2,64,181
09/12/2003,LBE,PA,AEA,CE,Federal Contract Tower,1,11,31,1,44,0,0,33,3,36,1,11,64,4,80,16,0,16,96
09/13/2003,LBE,PA,AEA,CE,Federal Contract Tower,0,9,25,0,34,0,0,18,0,18,0,9,43,0,52,10,0,10,62
09/14/2003,LBE,PA,AEA,CE,Federal Contract Tower,4,8,23,0,35,0,0,61,0,61,4,8,84,0,96,32,0,32,128
09/15/2003,LBE,PA,AEA,CE,Federal Contract Tower,5,7,20,0,32,0,0,16,0,16,5,7,36,0,48,26,0,26,74
09/16/2003,LBE,PA,AEA,CE,Federal Contract Tower,0,8,30,3,41,0,0,75,8,83,0,8,105,11,124,34,8,42,166
09/17/2003,LBE,PA,AEA,CE,Federal Contract Tower,2,9,27,1,39,0,0,70,1,71,2,9,97,2,110,32,0,32,142
09/18/2003,LBE,PA,AEA,CE,Federal Contract Tower,0,9,24,0,33,0,0,34,0,34,0,9,58,0,67,8,0,8,75
09/19/2003,LBE,PA,AEA,CE,Federal Contract Tower,0,6,4,0,10,0,0,9,1,10,0,6,13,1,20,14,0,14,34
09/20/2003,LBE,PA,AEA,CE,Federal Contract Tower,3,6,10,0,19,1,0,68,0,69,4,6,78,0,88,102,0,102,190
09/21/2003,LBE,PA,AEA,CE,Federal Contract Tower,2,6,24,0,32,0,0,88,0,88,2,6,112,0,120,88,0,88,208
09/22/2003,LBE,PA,AEA,CE,Federal Contract Tower,0,8,25,2,35,0,0,21,0,21,0,8,46,2,56,8,0,8,64
09/23/2003,LBE,PA,AEA,CE,Federal Contract Tower,0,6,18,0,24,0,0,33,0,33,0,6,51,0,57,14,0,14,71
09/24/2003,LBE,PA,AEA,CE,Federal Contract Tower,0,11,26,0,37,0,4,82,23,109,0,15,108,23,146,20,0,20,166
09/25/2003,LBE,PA,AEA,CE,Federal Contract Tower,2,10,43,1,56,0,0,24,0,24,2,10,67,1,80,24,0,24,104
09/26/2003,LBE,PA,AEA,CE,Federal Contract Tower,2,15,35,4,56,0,0,40,0,40,2,15,75,4,96,22,0,22,118
09/27/2003,LBE,PA,AEA,CE,Federal Contract Tower,4,9,23,0,36,0,0,10,0,10,4,9,33,0,46,4,0,4,50
09/28/2003,LBE,PA,AEA,CE,Federal Contract Tower,0,6,18,0,24,0,0,48,0,48,0,6,66,0,72,60,0,60,132
09/29/2003,LBE,PA,AEA,CE,Federal Contract Tower,0,23,28,4,55,0,0,41,3,44,0,23,69,7,99,36,14,50,149
09/30/2003,LBE,PA,AEA,CE,Federal Contract Tower,0,16,14,3,33,4,0,70,7,81,4,16,84,10,114,108,18,126,240
10/01/2003,LBE,PA,AEA,CE,Federal Contract Tower,0,19,31,0,50,0,0,65,2,67,0,19,96,2,117,72,0,72,189
10/02/2003,LBE,PA,AEA,CE,Federal Contract Tower,0,15,28,0,43,0,0,45,0,45,0,15,73,0,88,40,0,40,128
10/03/2003,LBE,PA,AEA,CE,Federal Contract Tower,0,14,21,0,35,0,0,67,2,69,0,14,88,2,104,82,16,98,202
10/04/2003,LBE,PA,AEA,CE,Federal Contract Tower,0,8,10,0,18,0,0,30,2,32,0,8,40,2,50,84,18,102,152
10/05/2003,LBE,PA,AEA,CE,Federal Contract Tower,6,10,23,0,39,0,1,79,0,80,6,11,102,0,119,42,0,42,161
10/06/2003,LBE,PA,AEA,CE,Federal Contract Tower,0,14,15,4,33,0,0,61,3,64,0,14,76,7,97,34,10,44,141
10/07/2003,LBE,PA,AEA,CE,Federal Contract Tower,0,10,20,0,30,0,0,96,0,96,0,10,116,0,126,86,0,86,212
10/08/2003,LBE,PA,AEA,CE,Federal Contract Tower,0,15,25,3,43,0,0,110,1,111,0,15,135,4,154,66,0,66,220
10/09/2003,LBE,PA,AEA,CE,Federal Contract Tower,0,14,24,0,38,0,0,36,0,36,0,14,60,0,74,62,0,62,136
10/10/2003,LBE,PA,AEA,CE,Federal Contract Tower,0,17,41,0,58,2,0,52,0,54,2,17,93,0,112,70,6,76,188
10/11/2003,LBE,PA,AEA,CE,Federal Contract Tower,0,9,11,0,20,0,0,50,0,50,0,9,61,0,70,34,0,34,104
10/12/2003,LBE,PA,AEA,CE,Federal Contract Tower,2,8,22,0,32,0,0,43,0,43,2,8,65,0,75,56,0,56,131
10/13/2003,LBE,PA,AEA,CE,Federal Contract Tower,0,9,18,0,27,0,0,83,0,83,0,9,101,0,110,106,0,106,216
10/14/2003,LBE,PA,AEA,CE,Federal Contract Tower,0,15,13,0,28,0,0,48,0,48,0,15,61,0,76,56,0,56,132
10/15/2003,LBE,PA,AEA,CE,Federal Contract Tower,0,12,15,1,28,0,0,26,0,26,0,12,41,1,54,2,10,12,66
10/16/2003,LBE,PA,AEA,CE,Federal Contract Tower,0,10,24,4,38,0,0,45,3,48,0,10,69,7,86,56,20,76,162
10/17/2003,LBE,PA,AEA,CE,Federal Contract Tower,4,15,31,4,54,0,0,12,4,16,4,15,43,8,70,4,0,4,74
10/18/2003,LBE,PA,AEA,CE,Federal Contract Tower,0,11,27,0,38,0,0,34,0,34,0,11,61,0,72,42,0,42,114
10/19/2003,LBE,PA,AEA,CE,Federal Contract Tower,2,14,33,2,51,0,0,64,4,68,2,14,97,6,119,70,8,78,197
10/20/2003,LBE,PA,AEA,CE,Federal Contract Tower,0,10,15,2,27,0,0,85,5,90,0,10,100,7,117,72,0,72,189
10/21/2003,LBE,PA,AEA,CE,Federal Contract Tower,0,13,26,0,39,0,0,33,0,33,0,13,59,0,72,12,30,42,114
10/22/2003,LBE,PA,AEA,CE,Federal Contract Tower,0,14,28,2,44,0,0,16,4,20,0,14,44,6,64,16,30,46,110
10/23/2003,LBE,PA,AEA,CE,Federal Contract Tower,0,14,23,3,40,2,1,23,5,31,2,15,46,8,71,8,38,46,117
10/24/2003,LBE,PA,AEA,CE,Federal Contract Tower,2,9,21,1,33,0,0,68,0,68,2,9,89,1,101,62,0,62,163
10/25/2003,LBE,PA,AEA,CE,Federal Contract Tower,2,9,10,0,21,0,0,63,1,64,2,9,73,1,85,34,0,34,119
10/26/2003,LBE,PA,AEA,CE,Federal Contract Tower,0,9,25,1,35,0,0,6,0,6,0,9,31,1,41,0,0,0,41
10/27/2003,LBE,PA,AEA,CE,Federal Contract Tower,0,10,16,0,26,0,0,2,2,4,0,10,18,2,30,24,30,54,84
10/28/2003,LBE,PA,AEA,CE,Federal Contract Tower,1,13,13,0,27,0,0,54,9,63,1,13,67,9,90,58,22,80,170
10/29/2003,LBE,PA,AEA,CE,Federal Contract Tower,1,10,27,2,40,0,0,16,0,16,1,10,43,2,56,42,0,42,98
10/30/2003,LBE,PA,AEA,CE,Federal Contract Tower,0,9,15,1,25,0,0,68,0,68,0,9,83,1,93,66,0,66,159
10/31/2003,LBE,PA,AEA,CE,Federal Contract Tower,0,11,22,0,33,0,0,73,2,75,0,11,95,2,108,38,4,42,150
11/01/2003,LBE,PA,AEA,CE,Federal Contract Tower,2,7,28,0,37,0,0,39,8,47,2,7,67,8,84,38,30,68,152
11/02/2003,LBE,PA,AEA,CE,Federal Contract Tower,0,8,14,0,22,0,0,62,6,68,0,8,76,6,90,72,40,112,202
11/03/2003,LBE,PA,AEA,CE,Federal Contract Tower,0,12,13,0,25,0,0,63,2,65,0,12,76,2,90,52,28,80,170
11/04/2003,LBE,PA,AEA,CE,Federal Contract Tower,0,11,23,0,34,0,0,140,4,144,0,11,163,4,178,130,8,138,316
11/05/2003,LBE,PA,AEA,CE,Federal Contract Tower,0,10,25,0,35,2,1,0,0,3,2,11,25,0,38,8,0,8,46
11/06/2003,LBE,PA,AEA,CE,Federal Contract Tower,0,10,21,4,35,0,0,11,0,11,0,10,32,4,46,4,0,4,50
11/07/2003,LBE,PA,AEA,CE,Federal Contract Tower,0,8,14,0,22,0,3,55,6,64,0,11,69,6,86,10,0,10,96
11/08/2003,LBE,PA,AEA,CE,Federal Contract Tower,0,8,14,0,22,0,0,78,0,78,0,8,92,0,100,22,0,22,122
11/09/2003,LBE,PA,AEA,CE,Federal Contract Tower,2,7,25,0,34,0,0,108,0,108,2,7,133,0,142,32,0,32,174
11/10/2003,LBE,PA,AEA,CE,Federal Contract Tower,0,13,10,0,23,0,1,65,0,66,0,14,75,0,89,98,0,98,187
11/11/2003,LBE,PA,AEA,CE,Federal Contract Tower,2,9,22,0,33,0,0,2,0,2,2,9,24,0,35,0,0,0,35
11/12/2003,LBE,PA,AEA,CE,Federal Contract Tower,0,13,21,0,34,0,0,57,7,64,0,13,78,7,98,92,2,94,192
11/13/2003,LBE,PA,AEA,CE,Federal Contract Tower,0,10,19,0,29,0,0,3,1,4,0,10,22,1,33,2,0,2,35
11/14/2003,LBE,PA,AEA,CE,Federal Contract Tower,2,9,15,2,28,0,0,34,6,40,2,9,49,8,68,12,8,20,88
11/15/2003,LBE,PA,AEA,CE,Federal Contract Tower,0,6,15,0,21,0,0,72,7,79,0,6,87,7,100,46,6,52,152
11/16/2003,LBE,PA,AEA,CE,Federal Contract Tower,3,8,28,2,41,0,0,20,2,22,3,8,48,4,63,50,0,50,113
11/17/2003,LBE,PA,AEA,CE,Federal Contract Tower,1,10,31,0,42,0,0,51,9,60,1,10,82,9,102,86,0,86,188
11/18/2003,LBE,PA,AEA,CE,Federal Contract Tower,0,11,15,0,26,0,0,30,0,30,0,11,45,0,56,32,0,32,88
11/19/2003,LBE,PA,AEA,CE,Federal Contract Tower,0,10,10,0,20,0,0,10,0,10,0,10,20,0,30,10,0,10,40
11/20/2003,LBE,PA,AEA,CE,Federal Contract Tower,0,14,19,1,34,0,0,83,3,86,0,14,102,4,120,114,10,124,244
11/21/2003,LBE,PA,AEA,CE,Federal Contract Tower,3,10,18,0,31,0,0,57,0,57,3,10,75,0,88,44,0,44,132
11/22/2003,LBE,PA,AEA,CE,Federal Contract Tower,2,10,12,0,24,0,0,124,0,124,2,10,136,0,148,168,0,168,316
11/23/2003,LBE,PA,AEA,CE,Federal Contract Tower,2,6,13,0,21,0,0,91,0,91,2,6,104,0,112,66,0,66,178
11/24/2003,LBE,PA,AEA,CE,Federal Contract Tower,2,10,20,0,32,0,0,18,0,18,2,10,38,0,50,10,0,10,60
11/25/2003,LBE,PA,AEA,CE,Federal Contract Tower,2,8,19,0,29,0,0,84,2,86,2,8,103,2,115,48,0,48,163
11/26/2003,LBE,PA,AEA,CE,Federal Contract Tower,1,11,14,0,26,0,0,66,2,68,1,11,80,2,94,70,4,74,168
11/27/2003,LBE,PA,AEA,CE,Federal Contract Tower,0,6,3,0,9,0,0,17,0,17,0,6,20,0,26,8,0,8,34
11/28/2003,LBE,PA,AEA,CE,Federal Contract Tower,2,7,3,0,12,0,1,4,0,5,2,8,7,0,17,6,0,6,23
11/29/2003,LBE,PA,AEA,CE,Federal Contract Tower,1,9,10,0,20,0,0,2,0,2,1,9,12,0,22,0,0,0,22
11/30/2003,LBE,PA,AEA,CE,Federal Contract Tower,3,9,20,0,32,0,0,32,0,32,3,9,52,0,64,30,0,30,94
12/01/2003,LBE,PA,AEA,CE,Federal Contract Tower,0,8,17,0,25,0,0,43,0,43,0,8,60,0,68,22,0,22,90
12/02/2003,LBE,PA,AEA,CE,Federal Contract Tower,0,8,27,0,35,0,0,27,0,27,0,8,54,0,62,16,0,16,78
12/03/2003,LBE,PA,AEA,CE,Federal Contract Tower,0,13,17,0,30,0,0,34,0,34,0,13,51,0,64,30,8,38,102
12/04/2003,LBE,PA,AEA,CE,Federal Contract Tower,0,17,21,0,38,0,0,35,0,35,0,17,56,0,73,36,0,36,109
12/05/2003,LBE,PA,AEA,CE,Federal Contract Tower,0,8,15,0,23,0,0,2,0,2,0,8,17,0,25,0,0,0,25
12/06/2003,LBE,PA,AEA,CE,Federal Contract Tower,0,6,6,0,12,0,0,23,2,25,0,6,29,2,37,30,2,32,69
12/07/2003,LBE,PA,AEA,CE,Federal Contract Tower,1,7,13,0,21,0,0,68,6,74,1,7,81,6,95,74,0,74,169
12/08/2003,LBE,PA,AEA,CE,Federal Contract Tower,0,17,26,6,49,0,0,47,0,47,0,17,73,6,96,36,0,36,132
12/09/2003,LBE,PA,AEA,CE,Federal Contract Tower,0,13,18,2,33,0,0,23,2,25,0,13,41,4,58,58,0,58,116
12/10/2003,LBE,PA,AEA,CE,Federal Contract Tower,0,14,23,0,37,0,0,26,0,26,0,14,49,0,63,24,0,24,87
12/11/2003,LBE,PA,AEA,CE,Federal Contract Tower,0,13,26,0,39,0,0,3,0,3,0,13,29,0,42,4,0,4,46
12/12/2003,LBE,PA,AEA,CE,Federal Contract Tower,2,10,18,1,31,0,0,17,3,20,2,10,35,4,51,46,0,46,97
12/13/2003,LBE,PA,AEA,CE,Federal Contract Tower,0,8,15,0,23,0,0,66,2,68,0,8,81,2,91,36,0,36,127
12/14/2003,LBE,PA,AEA,CE,Federal Contract Tower,2,6,3,0,11,0,0,1,0,1,2,6,4,0,12,2,0,2,14
12/15/2003,LBE,PA,AEA,CE,Federal Contract Tower,0,12,20,0,32,0,0,14,0,14,0,12,34,0,46,22,0,22,68
12/16/2003,LBE,PA,AEA,CE,Federal Contract Tower,0,8,21,0,29,0,0,86,15,101,0,8,107,15,130,110,8,118,248
12/17/2003,LBE,PA,AEA,CE,Federal Contract Tower,0,8,11,0,19,0,0,0,0,0,0,8,11,0,19,0,0,0,19
12/18/2003,LBE,PA,AEA,CE,Federal Contract Tower,0,10,20,0,30,0,0,15,6,21,0,10,35,6,51,24,4,28,79
12/19/2003,LBE,PA,AEA,CE,Federal Contract Tower,0,7,28,0,35,0,0,0,0,0,0,7,28,0,35,0,0,0,35
12/20/2003,LBE,PA,AEA,CE,Federal Contract Tower,0,8,22,0,30,0,0,6,0,6,0,8,28,0,36,0,0,0,36
12/21/2003,LBE,PA,AEA,CE,Federal Contract Tower,0,6,17,0,23,0,0,39,0,39,0,6,56,0,62,14,0,14,76
12/22/2003,LBE,PA,AEA,CE,Federal Contract Tower,0,8,14,0,22,0,0,35,2,37,0,8,49,2,59,26,0,26,85
12/23/2003,LBE,PA,AEA,CE,Federal Contract Tower,0,8,11,0,19,0,0,42,0,42,0,8,53,0,61,20,0,20,81
12/24/2003,LBE,PA,AEA,CE,Federal Contract Tower,0,7,5,0,12,0,0,4,0,4,0,7,9,0,16,0,0,0,16
12/25/2003,LBE,PA,AEA,CE,Federal Contract Tower,0,6,2,0,8,0,0,1,0,1,0,6,3,0,9,0,0,0,9
12/26/2003,LBE,PA,AEA,CE,Federal Contract Tower,2,10,14,0,26,0,0,12,0,12,2,10,26,0,38,14,0,14,52
12/27/2003,LBE,PA,AEA,CE,Federal Contract Tower,0,6,20,0,26,0,0,90,0,90,0,6,110,0,116,14,0,14,130
12/28/2003,LBE,PA,AEA,CE,Federal Contract Tower,2,6,16,0,24,0,0,166,0,166,2,6,182,0,190,124,0,124,314
12/29/2003,LBE,PA,AEA,CE,Federal Contract Tower,0,12,16,0,28,0,0,59,13,72,0,12,75,13,100,68,16,84,184
12/30/2003,LBE,PA,AEA,CE,Federal Contract Tower,0,8,8,0,16,0,0,23,6,29,0,8,31,6,45,6,14,20,65
12/31/2003,LBE,PA,AEA,CE,Federal Contract Tower,3,6,2,2,13,0,0,38,0,38,3,6,40,2,51,38,2,40,91
01/01/2004,LBE,PA,AEA,CE,Federal Contract Tower,2,6,3,0,11,0,0,81,0,81,2,6,84,0,92,70,0,70,162
01/02/2004,LBE,PA,AEA,CE,Federal Contract Tower,0,8,13,0,21,0,0,1,0,1,0,8,14,0,22,0,0,0,22
01/03/2004,LBE,PA,AEA,CE,Federal Contract Tower,0,7,15,0,22,0,0,7,0,7,0,7,22,0,29,16,0,16,45
01/04/2004,LBE,PA,AEA,CE,Federal Contract Tower,0,7,16,0,23,0,0,3,0,3,0,7,19,0,26,0,0,0,26
01/05/2004,LBE,PA,AEA,CE,Federal Contract Tower,0,7,27,0,34,0,0,10,0,10,0,7,37,0,44,0,0,0,44
01/06/2004,LBE,PA,AEA,CE,Federal Contract Tower,0,8,11,0,19,0,0,16,0,16,0,8,27,0,35,16,0,16,51
01/07/2004,LBE,PA,AEA,CE,Federal Contract Tower,0,10,18,0,28,0,0,14,0,14,0,10,32,0,42,10,0,10,52
01/08/2004,LBE,PA,AEA,CE,Federal Contract Tower,0,8,17,2,27,0,0,27,0,27,0,8,44,2,54,4,4,8,62
01/09/2004,LBE,PA,AEA,CE,Federal Contract Tower,0,9,20,2,31,0,0,53,5,58,0,9,73,7,89,48,0,48,137
01/10/2004,LBE,PA,AEA,CE,Federal Contract Tower,0,7,8,7,22,0,0,77,22,99,0,7,85,29,121,36,10,46,167
01/11/2004,LBE,PA,AEA,CE,Federal Contract Tower,0,9,16,4,29,0,0,47,0,47,0,9,63,4,76,52,0,52,128
01/12/2004,LBE,PA,AEA,CE,Federal Contract Tower,0,11,23,0,34,0,0,15,0,15,0,11,38,0,49,6,0,6,55
01/13/2004,LBE,PA,AEA,CE,Federal Contract Tower,0,15,27,1,43,0,0,13,0,13,0,15,40,1,56,0,0,0,56
01/14/2004,LBE,PA,AEA,CE,Federal Contract Tower,0,12,20,1,33,0,0,17,0,17,0,12,37,1,50,2,2,4,54
01/15/2004,LBE,PA,AEA,CE,Federal Contract Tower,0,10,16,0,26,0,0,4,0,4,0,10,20,0,30,0,0,0,30
01/16/2004,LBE,PA,AEA,CE,Federal Contract Tower,0,11,26,0,37,0,0,22,0,22,0,11,48,0,59,44,0,44,103
01/17/2004,LBE,PA,AEA,CE,Federal Contract Tower,0,6,6,0,12,0,0,22,0,22,0,6,28,0,34,20,0,20,54
01/18/2004,LBE,PA,AEA,CE,Federal Contract Tower,0,7,8,0,15,0,0,6,0,6,0,7,14,0,21,4,0,4,25
01/19/2004,LBE,PA,AEA,CE,Federal Contract Tower,0,8,14,0,22,0,0,4,0,4,0,8,18,0,26,4,0,4,30
01/20/2004,LBE,PA,AEA,CE,Federal Contract Tower,0,7,30,0,37,0,0,37,0,37,0,7,67,0,74,18,0,18,92
01/21/2004,LBE,PA,AEA,CE,Federal Contract Tower,0,13,19,0,32,0,0,87,0,87,0,13,106,0,119,58,0,58,177
01/22/2004,LBE,PA,AEA,CE,Federal Contract Tower,1,7,18,2,28,0,0,7,0,7,1,7,25,2,35,0,0,0,35
01/23/2004,LBE,PA,AEA,CE,Federal Contract Tower,2,12,17,2,33,0,0,5,0,5,2,12,22,2,38,2,0,2,40
01/24/2004,LBE,PA,AEA,CE,Federal Contract Tower,1,11,6,0,18,0,0,10,0,10,1,11,16,0,28,20,0,20,48
01/25/2004,LBE,PA,AEA,CE,Federal Contract Tower,3,5,8,0,16,0,0,22,0,22,3,5,30,0,38,0,0,0,38
01/26/2004,LBE,PA,AEA,CE,Federal Contract Tower,0,4,9,0,13,0,0,7,0,7,0,4,16,0,20,2,0,2,22
01/27/2004,LBE,PA,AEA,CE,Federal Contract Tower,1,7,11,0,19,0,0,2,0,2,1,7,13,0,21,6,0,6,27
01/28/2004,LBE,PA,AEA,CE,Federal Contract Tower,0,9,13,0,22,0,0,3,0,3,0,9,16,0,25,0,0,0,25
01/29/2004,LBE,PA,AEA,CE,Federal Contract Tower,0,9,22,0,31,0,0,21,0,21,0,9,43,0,52,4,0,4,56
01/30/2004,LBE,PA,AEA,CE,Federal Contract Tower,4,12,20,2,38,0,0,3,0,3,4,12,23,2,41,6,0,6,47
01/31/2004,LBE,PA,AEA,CE,Federal Contract Tower,3,6,11,0,20,0,0,12,0,12,3,6,23,0,32,14,0,14,46
02/01/2004,LBE,PA,AEA,CE,Federal Contract Tower,0,8,13,0,21,0,0,45,0,45,0,8,58,0,66,42,0,42,108
02/02/2004,LBE,PA,AEA,CE,Federal Contract Tower,2,8,15,0,25,0,0,42,0,42,2,8,57,0,67,52,0,52,119
02/03/2004,LBE,PA,AEA,CE,Federal Contract Tower,0,9,11,0,20,0,0,0,0,0,0,9,11,0,20,0,0,0,20
02/04/2004,LBE,PA,AEA,CE,Federal Contract Tower,0,9,26,0,35,0,0,33,0,33,0,9,59,0,68,28,0,28,96
02/05/2004,LBE,PA,AEA,CE,Federal Contract Tower,0,4,30,0,34,0,0,27,0,27,0,4,57,0,61,24,0,24,85
02/06/2004,LBE,PA,AEA,CE,Federal Contract Tower,0,7,10,0,17,0,0,3,0,3,0,7,13,0,20,0,0,0,20
02/07/2004,LBE,PA,AEA,CE,Federal Contract Tower,0,9,2,0,11,0,0,1,0,1,0,9,3,0,12,4,0,4,16
02/08/2004,LBE,PA,AEA,CE,Federal Contract Tower,2,9,14,0,25,0,0,72,2,74,2,9,86,2,99,54,0,54,153
02/09/2004,LBE,PA,AEA,CE,Federal Contract Tower,0,9,19,0,28,0,0,45,0,45,0,9,64,0,73,48,0,48,121
02/10/2004,LBE,PA,AEA,CE,Federal Contract Tower,0,8,16,0,24,0,0,51,2,53,0,8,67,2,77,40,6,46,123
02/11/2004,LBE,PA,AEA,CE,Federal Contract Tower,0,10,26,4,40,0,0,58,2,60,0,10,84,6,100,36,0,36,136
02/12/2004,LBE,PA,AEA,CE,Federal Contract Tower,1,9,20,0,30,0,0,36,0,36,1,9,56,0,66,30,0,30,96
02/13/2004,LBE,PA,AEA,CE,Federal Contract Tower,2,10,26,1,39,0,0,24,1,25,2,10,50,2,64,36,0,36,100
02/14/2004,LBE,PA,AEA,CE,Federal Contract Tower,0,7,10,0,17,0,0,56,0,56,0,7,66,0,73,18,0,18,91
02/15/2004,LBE,PA,AEA,CE,Federal Contract Tower,2,9,16,0,27,0,0,61,0,61,2,9,77,0,88,46,0,46,134
02/16/2004,LBE,PA,AEA,CE,Federal Contract Tower,0,8,16,0,24,0,0,73,0,73,0,8,89,0,97,52,0,52,149
02/17/2004,LBE,PA,AEA,CE,Federal Contract Tower,0,8,23,4,35,0,0,65,8,73,0,8,88,12,108,62,26,88,196
02/18/2004,LBE,PA,AEA,CE,Federal Contract Tower,0,8,19,0,27,0,0,73,4,77,0,8,92,4,104,46,2,48,152
02/19/2004,LBE,PA,AEA,CE,Federal Contract Tower,0,10,22,0,32,0,0,48,0,48,0,10,70,0,80,18,0,18,98
02/20/2004,LBE,PA,AEA,CE,Federal Contract Tower,0,8,28,0,36,0,0,58,2,60,0,8,86,2,96,36,4,40,136
02/21/2004,LBE,PA,AEA,CE,Federal Contract Tower,1,9,11,0,21,0,0,2,0,2,1,9,13,0,23,0,0,0,23
02/22/2004,LBE,PA,AEA,CE,Federal Contract Tower,2,7,18,0,27,0,0,31,0,31,2,7,49,0,58,30,0,30,88
02/23/2004,LBE,PA,AEA,CE,Federal Contract Tower,1,10,12,0,23,0,0,64,2,66,1,10,76,2,89,66,0,66,155
02/24/2004,LBE,PA,AEA,CE,Federal Contract Tower,1,8,8,0,17,0,0,11,0,11,1,8,19,0,28,2,0,2,30
02/25/2004,LBE,PA,AEA,CE,Federal Contract Tower,0,8,24,0,32,8,0,50,0,58,8,8,74,0,90,32,2,34,124
02/26/2004,LBE,PA,AEA,CE,Federal Contract Tower,2,8,20,0,30,0,0,54,2,56,2,8,74,2,86,48,0,48,134
02/27/2004,LBE,PA,AEA,CE,Federal Contract Tower,4,8,12,2,26,0,0,50,0,50,4,8,62,2,76,36,0,36,112
02/28/2004,LBE,PA,AEA,CE,Federal Contract Tower,2,10,24,0,36,0,0,94,0,94,2,10,118,0,130,74,0,74,204
02/29/2004,LBE,PA,AEA,CE,Federal Contract Tower,2,8,18,0,28,0,0,96,0,96,2,8,114,0,124,62,0,62,186
03/01/2004,LBE,PA,AEA,CE,Federal Contract Tower,2,10,18,0,30,0,0,50,0,50,2,10,68,0,80,42,0,42,122
03/02/2004,LBE,PA,AEA,CE,Federal Contract Tower,0,14,11,3,28,0,0,41,5,46,0,14,52,8,74,42,10,52,126
03/03/2004,LBE,PA,AEA,CE,Federal Contract Tower,0,10,18,0,28,0,0,57,2,59,0,10,75,2,87,54,6,60,147
03/04/2004,LBE,PA,AEA,CE,Federal Contract Tower,0,10,14,2,26,0,0,9,2,11,0,10,23,4,37,0,0,0,37
03/05/2004,LBE,PA,AEA,CE,Federal Contract Tower,2,10,11,0,23,0,0,25,0,25,2,10,36,0,48,16,0,16,64
03/06/2004,LBE,PA,AEA,CE,Federal Contract Tower,2,8,14,0,24,0,0,3,0,3,2,8,17,0,27,26,0,26,53
03/07/2004,LBE,PA,AEA,CE,Federal Contract Tower,2,6,17,0,25,0,0,24,2,26,2,6,41,2,51,48,2,50,101
03/08/2004,LBE,PA,AEA,CE,Federal Contract Tower,2,9,15,0,26,0,0,20,0,20,2,9,35,0,46,18,0,18,64
03/09/2004,LBE,PA,AEA,CE,Federal Contract Tower,0,13,16,0,29,0,1,47,4,52,0,14,63,4,81,38,2,40,121
03/10/2004,LBE,PA,AEA,CE,Federal Contract Tower,2,9,17,2,30,0,0,43,2,45,2,9,60,4,75,56,4,60,135
03/11/2004,LBE,PA,AEA,CE,Federal Contract Tower,0,8,25,3,36,0,0,75,1,76,0,8,100,4,112,42,14,56,168
03/12/2004,LBE,PA,AEA,CE,Federal Contract Tower,0,9,24,0,33,0,0,22,8,30,0,9,46,8,63,8,2,10,73
03/13/2004,LBE,PA,AEA,CE,Federal Contract Tower,0,7,17,0,24,0,0,40,0,40,0,7,57,0,64,56,0,56,120
03/14/2004,LBE,PA,AEA,CE,Federal Contract Tower,0,8,32,0,40,0,0,26,2,28,0,8,58,2,68,26,0,26,94
03/15/2004,LBE,PA,AEA,CE,Federal Contract Tower,0,8,16,1,25,0,0,72,0,72,0,8,88,1,97,36,0,36,133
03/16/2004,LBE,PA,AEA,CE,Federal Contract Tower,0,3,15,0,18,0,0,1,1,2,0,3,16,1,20,0,0,0,20
03/17/2004,LBE,PA,AEA,CE,Federal Contract Tower,0,7,18,0,25,0,0,21,0,21,0,7,39,0,46,14,0,14,60
03/18/2004,LBE,PA,AEA,CE,Federal Contract Tower,0,9,19,4,32,0,0,23,1,24,0,9,42,5,56,20,0,20,76
03/19/2004,LBE,PA,AEA,CE,Federal Contract Tower,2,10,13,0,25,0,0,19,0,19,2,10,32,0,44,38,0,38,82
03/20/2004,LBE,PA,AEA,CE,Federal Contract Tower,0,7,10,0,17,0,0,29,0,29,0,7,39,0,46,38,0,38,84
03/21/2004,LBE,PA,AEA,CE,Federal Contract Tower,2,9,11,0,22,0,0,6,0,6,2,9,17,0,28,6,0,6,34
03/22/2004,LBE,PA,AEA,CE,Federal Contract Tower,0,10,10,0,20,0,0,32,2,34,0,10,42,2,54,32,4,36,90
03/23/2004,LBE,PA,AEA,CE,Federal Contract Tower,0,10,20,0,30,0,0,71,8,79,0,10,91,8,109,66,14,80,189
03/24/2004,LBE,PA,AEA,CE,Federal Contract Tower,0,12,14,0,26,0,0,39,4,43,0,12,53,4,69,14,0,14,83
03/25/2004,LBE,PA,AEA,CE,Federal Contract Tower,0,10,20,3,33,0,0,35,4,39,0,10,55,7,72,30,14,44,116
03/26/2004,LBE,PA,AEA,CE,Federal Contract Tower,2,10,15,0,27,0,0,31,2,33,2,10,46,2,60,14,0,14,74
03/27/2004,LBE,PA,AEA,CE,Federal Contract Tower,2,8,12,0,22,0,0,6,0,6,2,8,18,0,28,30,0,30,58
03/28/2004,LBE,PA,AEA,CE,Federal Contract Tower,2,6,21,0,29,0,0,115,0,115,2,6,136,0,144,52,0,52,196
03/29/2004,LBE,PA,AEA,CE,Federal Contract Tower,0,8,15,0,23,0,0,93,0,93,0,8,108,0,116,128,0,128,244
03/30/2004,LBE,PA,AEA,CE,Federal Contract Tower,2,9,20,0,31,0,0,28,6,34,2,9,48,6,65,18,0,18,83
03/31/2004,LBE,PA,AEA,CE,Federal Contract Tower,0,10,24,2,36,0,0,18,0,18,0,10,42,2,54,46,0,46,100
04/01/2004,LBE,PA,AEA,CE,Federal Contract Tower,2,10,16,0,28,0,0,2,0,2,2,10,18,0,30,0,0,0,30
04/02/2004,LBE,PA,AEA,CE,Federal Contract Tower,0,13,23,0,36,0,0,5,0,5,0,13,28,0,41,0,0,0,41
04/03/2004,LBE,PA,AEA,CE,Federal Contract Tower,0,8,21,0,29,0,0,23,0,23,0,8,44,0,52,8,0,8,60
04/04/2004,LBE,PA,AEA,CE,Federal Contract Tower,0,6,11,0,17,0,0,12,0,12,0,6,23,0,29,4,0,4,33
04/05/2004,LBE,PA,AEA,CE,Federal Contract Tower,2,8,12,2,24,0,0,40,4,44,2,8,52,6,68,36,4,40,108
04/06/2004,LBE,PA,AEA,CE,Federal Contract Tower,0,15,14,4,33,0,0,49,0,49,0,15,63,4,82,72,10,82,164
04/07/2004,LBE,PA,AEA,CE,Federal Contract Tower,2,9,18,2,31,0,0,59,2,61,2,9,77,4,92,60,0,60,152
04/08/2004,LBE,PA,AEA,CE,Federal Contract Tower,1,10,26,0,37,0,0,20,0,20,1,10,46,0,57,20,0,20,77
04/09/2004,LBE,PA,AEA,CE,Federal Contract Tower,0,8,13,2,23,0,0,55,2,57,0,8,68,4,80,26,0,26,106
04/10/2004,LBE,PA,AEA,CE,Federal Contract Tower,3,6,9,0,18,0,0,70,0,70,3,6,79,0,88,86,0,86,174
04/11/2004,LBE,PA,AEA,CE,Federal Contract Tower,1,6,11,0,18,0,0,23,0,23,1,6,34,0,41,4,0,4,45
04/12/2004,LBE,PA,AEA,CE,Federal Contract Tower,0,10,31,3,44,0,0,11,1,12,0,10,42,4,56,0,0,0,56
04/13/2004,LBE,PA,AEA,CE,Federal Contract Tower,0,15,22,0,37,0,0,0,0,0,0,15,22,0,37,0,0,0,37
04/14/2004,LBE,PA,AEA,CE,Federal Contract Tower,0,10,14,0,24,0,0,13,0,13,0,10,27,0,37,24,0,24,61
04/15/2004,LBE,PA,AEA,CE,Federal Contract Tower,0,10,16,0,26,0,0,91,0,91,0,10,107,0,117,44,2,46,163
04/16/2004,LBE,PA,AEA,CE,Federal Contract Tower,0,12,27,4,43,0,0,149,14,163,0,12,176,18,206,76,26,102,308
04/17/2004,LBE,PA,AEA,CE,Federal Contract Tower,0,6,12,0,18,0,1,92,8,101,0,7,104,8,119,68,0,68,187
04/18/2004,LBE,PA,AEA,CE,Federal Contract Tower,0,6,22,4,32,0,0,76,4,80,0,6,98,8,112,36,18,54,166
04/19/2004,LBE,PA,AEA,CE,Federal Contract Tower,0,7,14,2,23,0,0,19,2,21,0,7,33,4,44,24,0,24,68
04/20/2004,LBE,PA,AEA,CE,Federal Contract Tower,0,9,18,2,29,0,0,77,12,89,0,9,95,14,118,54,22,76,194
04/21/2004,LBE,PA,AEA,CE,Federal Contract Tower,1,9,22,2,34,0,0,20,10,30,1,9,42,12,64,4,4,8,72
04/22/2004,LBE,PA,AEA,CE,Federal Contract Tower,0,8,24,1,33,0,0,11,1,12,0,8,35,2,45,10,0,10,55
04/23/2004,LBE,PA,AEA,CE,Federal Contract Tower,4,8,19,2,33,0,1,9,1,11,4,9,28,3,44,28,2,30,74
04/24/2004,LBE,PA,AEA,CE,Federal Contract Tower,2,8,13,1,24,0,0,83,0,83,2,8,96,1,107,84,0,84,191
04/25/2004,LBE,PA,AEA,CE,Federal Contract Tower,4,9,13,0,26,0,0,2,0,2,4,9,15,0,28,6,0,6,34
04/26/2004,LBE,PA,AEA,CE,Federal Contract Tower,2,13,17,0,32,0,1,23,0,24,2,14,40,0,56,36,0,36,92
04/27/2004,LBE,PA,AEA,CE,Federal Contract Tower,0,12,30,2,44,0,0,25,2,27,0,12,55,4,71,14,0,14,85
04/28/2004,LBE,PA,AEA,CE,Federal Contract Tower,2,10,24,0,36,0,0,83,4,87,2,10,107,4,123,88,4,92,215
04/29/2004,LBE,PA,AEA,CE,Federal Contract Tower,2,15,17,0,34,0,0,64,2,66,2,15,81,2,100,78,0,78,178
04/30/2004,LBE,PA,AEA,CE,Federal Contract Tower,0,10,10,0,20,0,0,52,6,58,0,10,62,6,78,56,12,68,146
05/01/2004,LBE,PA,AEA,CE,Federal Contract Tower,0,6,14,0,20,0,0,38,0,38,0,6,52,0,58,16,0,16,74
05/02/2004,LBE,PA,AEA,CE,Federal Contract Tower,2,6,17,0,25,0,0,15,0,15,2,6,32,0,40,4,0,4,44
05/03/2004,LBE,PA,AEA,CE,Federal Contract Tower,2,10,18,0,30,0,0,29,8,37,2,10,47,8,67,48,6,54,121
05/04/2004,LBE,PA,AEA,CE,Federal Contract Tower,0,8,14,0,22,0,0,88,14,102,0,8,102,14,124,112,2,114,238
05/05/2004,LBE,PA,AEA,CE,Federal Contract Tower,2,9,34,0,45,0,0,37,0,37,2,9,71,0,82,20,0,20,102
05/06/2004,LBE,PA,AEA,CE,Federal Contract Tower,0,12,41,1,54,0,0,57,7,64,0,12,98,8,118,44,6,50,168
05/07/2004,LBE,PA,AEA,CE,Federal Contract Tower,0,11,18,0,29,0,0,11,0,11,0,11,29,0,40,6,0,6,46
05/08/2004,LBE,PA,AEA,CE,Federal Contract Tower,0,11,16,0,27,0,0,46,0,46,0,11,62,0,73,32,0,32,105
05/09/2004,LBE,PA,AEA,CE,Federal Contract Tower,0,13,14,1,28,0,0,56,1,57,0,13,70,2,85,40,2,42,127
05/10/2004,LBE,PA,AEA,CE,Federal Contract Tower,0,9,17,5,31,0,0,60,2,62,0,9,77,7,93,80,6,86,179
05/11/2004,LBE,PA,AEA,CE,Federal Contract Tower,0,11,30,0,41,0,0,56,2,58,0,11,86,2,99,74,0,74,173
05/12/2004,LBE,PA,AEA,CE,Federal Contract Tower,0,11,21,0,32,0,0,52,2,54,0,11,73,2,86,44,0,44,130
05/13/2004,LBE,PA,AEA,CE,Federal Contract Tower,0,16,33,0,49,0,0,65,0,65,0,16,98,0,114,94,0,94,208
05/14/2004,LBE,PA,AEA,CE,Federal Contract Tower,2,14,24,0,40,0,0,23,0,23,2,14,47,0,63,6,0,6,69
05/15/2004,LBE,PA,AEA,CE,Federal Contract Tower,1,7,12,0,20,0,0,20,0,20,1,7,32,0,40,38,0,38,78
05/16/2004,LBE,PA,AEA,CE,Federal Contract Tower,1,8,25,0,34,0,0,70,0,70,1,8,95,0,104,88,0,88,192
05/17/2004,LBE,PA,AEA,CE,Federal Contract Tower,0,9,23,0,32,0,1,78,0,79,0,10,101,0,111,86,0,86,197
05/18/2004,LBE,PA,AEA,CE,Federal Contract Tower,0,9,22,0,31,0,0,23,0,23,0,9,45,0,54,4,0,4,58
05/19/2004,LBE,PA,AEA,CE,Federal Contract Tower,1,9,28,0,38,0,0,30,0,30,1,9,58,0,68,28,0,28,96
05/20/2004,LBE,PA,AEA,CE,Federal Contract Tower,0,9,27,0,36,0,0,35,0,35,0,9,62,0,71,22,0,22,93
05/21/2004,LBE,PA,AEA,CE,Federal Contract Tower,2,10,25,0,37,0,0,29,0,29,2,10,54,0,66,34,0,34,100
05/22/2004,LBE,PA,AEA,CE,Federal Contract Tower,2,12,11,0,25,0,2,74,0,76,2,14,85,0,101,108,0,108,209
05/23/2004,LBE,PA,AEA,CE,Federal Contract Tower,5,11,20,0,36,0,0,76,0,76,5,11,96,0,112,52,0,52,164
05/24/2004,LBE,PA,AEA,CE,Federal Contract Tower,0,12,22,2,36,0,0,56,0,56,0,12,78,2,92,52,0,52,144
05/25/2004,LBE,PA,AEA,CE,Federal Contract Tower,0,9,18,0,27,0,0,41,0,41,0,9,59,0,68,44,2,46,114
05/26/2004,LBE,PA,AEA,CE,Federal Contract Tower,0,8,31,0,39,0,0,25,0,25,0,8,56,0,64,54,0,54,118
05/27/2004,LBE,PA,AEA,CE,Federal Contract Tower,1,8,21,2,32,0,0,14,2,16,1,8,35,4,48,10,4,14,62
05/28/2004,LBE,PA,AEA,CE,Federal Contract Tower,2,8,33,0,43,0,0,29,2,31,2,8,62,2,74,50,0,50,124
05/29/2004,LBE,PA,AEA,CE,Federal Contract Tower,2,6,12,0,20,0,0,107,4,111,2,6,119,4,131,122,16,138,269
05/30/2004,LBE,PA,AEA,CE,Federal Contract Tower,0,4,10,0,14,0,0,52,0,52,0,4,62,0,66,40,0,40,106
05/31/2004,LBE,PA,AEA,CE,Federal Contract Tower,0,6,18,0,24,0,0,28,0,28,0,6,46,0,52,26,0,26,78
06/01/2004,LBE,PA,AEA,CE,Federal Contract Tower,0,10,19,0,29,0,0,62,0,62,0,10,81,0,91,70,0,70,161
06/02/2004,LBE,PA,AEA,CE,Federal Contract Tower,1,17,23,2,43,0,0,29,2,31,1,17,52,4,74,46,2,48,122
06/03/2004,LBE,PA,AEA,CE,Federal Contract Tower,0,14,33,4,51,0,1,71,6,78,0,15,104,10,129,154,22,176,305
06/04/2004,LBE,PA,AEA,CE,Federal Contract Tower,0,13,36,0,49,0,0,53,4,57,0,13,89,4,106,64,0,64,170
06/05/2004,LBE,PA,AEA,CE,Federal Contract Tower,0,9,17,0,26,0,0,14,0,14,0,9,31,0,40,8,4,12,52
06/06/2004,LBE,PA,AEA,CE,Federal Contract Tower,0,14,19,0,33,0,0,63,0,63,0,14,82,0,96,54,0,54,150
06/07/2004,LBE,PA,AEA,CE,Federal Contract Tower,2,10,24,2,38,0,0,71,2,73,2,10,95,4,111,100,2,102,213
06/08/2004,LBE,PA,AEA,CE,Federal Contract Tower,0,9,20,0,29,0,0,78,6,84,0,9,98,6,113,64,4,68,181
06/09/2004,LBE,PA,AEA,CE,Federal Contract Tower,2,9,27,0,38,0,0,80,8,88,2,9,107,8,126,40,0,40,166
06/10/2004,LBE,PA,AEA,CE,Federal Contract Tower,0,10,35,1,46,0,0,38,1,39,0,10,73,2,85,36,0,36,121
06/11/2004,LBE,PA,AEA,CE,Federal Contract Tower,2,11,33,0,46,0,0,1,0,1,2,11,34,0,47,0,0,0,47
06/12/2004,LBE,PA,AEA,CE,Federal Contract Tower,2,10,16,0,28,0,0,93,2,95,2,10,109,2,123,78,2,80,203
06/13/2004,LBE,PA,AEA,CE,Federal Contract Tower,2,10,23,0,35,0,0,57,0,57,2,10,80,0,92,52,0,52,144
06/14/2004,LBE,PA,AEA,CE,Federal Contract Tower,0,7,30,0,37,0,0,54,0,54,0,7,84,0,91,46,0,46,137
06/15/2004,LBE,PA,AEA,CE,Federal Contract Tower,0,10,35,0,45,0,0,36,0,36,0,10,71,0,81,40,2,42,123
06/16/2004,LBE,PA,AEA,CE,Federal Contract Tower,0,9,39,1,49,0,0,22,1,23,0,9,61,2,72,14,0,14,86
06/17/2004,LBE,PA,AEA,CE,Federal Contract Tower,0,12,34,0,46,0,0,30,2,32,0,12,64,2,78,32,0,32,110
06/18/2004,LBE,PA,AEA,CE,Federal Contract Tower,0,12,42,2,56,0,0,50,0,50,0,12,92,2,106,30,0,30,136
06/19/2004,LBE,PA,AEA,CE,Federal Contract Tower,0,8,19,0,27,0,0,24,0,24,0,8,43,0,51,42,0,42,93
06/20/2004,LBE,PA,AEA,CE,Federal Contract Tower,0,12,20,0,32,0,1,123,0,124,0,13,143,0,156,122,0,122,278
06/21/2004,LBE,PA,AEA,CE,Federal Contract Tower,0,13,47,0,60,0,2,157,2,161,0,15,204,2,221,90,0,90,311
06/22/2004,LBE,PA,AEA,CE,Federal Contract Tower,0,11,20,0,31,0,0,53,10,63,0,11,73,10,94,32,6,38,132
06/23/2004,LBE,PA,AEA,CE,Federal Contract Tower,0,14,34,0,48,0,0,106,0,106,0,14,140,0,154,100,0,100,254
06/24/2004,LBE,PA,AEA,CE,Federal Contract Tower,0,13,33,0,46,0,0,80,2,82,0,13,113,2,128,32,0,32,160
06/25/2004,LBE,PA,AEA,CE,Federal Contract Tower,5,11,33,0,49,0,0,24,0,24,5,11,57,0,73,40,0,40,113
06/26/2004,LBE,PA,AEA,CE,Federal Contract Tower,2,7,21,0,30,0,0,66,8,74,2,7,87,8,104,32,0,32,136
06/27/2004,LBE,PA,AEA,CE,Federal Contract Tower,3,9,24,0,36,0,0,108,2,110,3,9,132,2,146,82,4,86,232
06/28/2004,LBE,PA,AEA,CE,Federal Contract Tower,0,11,16,5,32,0,0,53,12,65,0,11,69,17,97,60,24,84,181
06/29/2004,LBE,PA,AEA,CE,Federal Contract Tower,2,17,29,0,48,0,0,78,6,84,2,17,107,6,132,66,10,76,208
06/30/2004,LBE,PA,AEA,CE,Federal Contract Tower,0,12,30,2,44,0,0,68,4,72,0,12,98,6,116,46,0,46,162
07/01/2004,LBE,PA,AEA,CE,Federal Contract Tower,0,10,32,3,45,0,0,56,3,59,0,10,88,6,104,32,6,38,142
07/02/2004,LBE,PA,AEA,CE,Federal Contract Tower,2,10,31,2,45,0,2,35,0,37,2,12,66,2,82,42,0,42,124
07/03/2004,LBE,PA,AEA,CE,Federal Contract Tower,2,4,16,0,22,0,0,69,0,69,2,4,85,0,91,44,0,44,135
07/04/2004,LBE,PA,AEA,CE,Federal Contract Tower,2,6,7,0,15,0,0,19,0,19,2,6,26,0,34,34,0,34,68
07/05/2004,LBE,PA,AEA,CE,Federal Contract Tower,1,11,10,0,22,0,0,29,9,38,1,11,39,9,60,28,0,28,88
07/06/2004,LBE,PA,AEA,CE,Federal Contract Tower,0,12,29,0,41,0,0,53,0,53,0,12,82,0,94,88,0,88,182
07/07/2004,LBE,PA,AEA,CE,Federal Contract Tower,1,8,21,0,30,0,0,34,0,34,1,8,55,0,64,18,0,18,82
07/08/2004,LBE,PA,AEA,CE,Federal Contract Tower,0,9,31,0,40,0,0,43,0,43,0,9,74,0,83,66,0,66,149
07/09/2004,LBE,PA,AEA,CE,Federal Contract Tower,0,9,30,1,40,0,0,106,3,109,0,9,136,4,149,108,12,120,269
07/10/2004,LBE,PA,AEA,CE,Federal Contract Tower,0,6,15,0,21,0,0,73,10,83,0,6,88,10,104,58,4,62,166
07/11/2004,LBE,PA,AEA,CE,Federal Contract Tower,0,2,45,0,47,0,0,47,0,47,0,2,92,0,94,58,0,58,152
07/12/2004,LBE,PA,AEA,CE,Federal Contract Tower,2,2,18,0,22,0,0,48,2,50,2,2,66,2,72,40,8,48,120
07/13/2004,LBE,PA,AEA,CE,Federal Contract Tower,0,0,29,1,30,0,0,29,5,34,0,0,58,6,64,44,12,56,120
07/14/2004,LBE,PA,AEA,CE,Federal Contract Tower,2,0,24,1,27,0,0,43,3,46,2,0,67,4,73,46,0,46,119
07/15/2004,LBE,PA,AEA,CE,Federal Contract Tower,0,13,37,0,50,0,0,53,4,57,0,13,90,4,107,66,6,72,179
07/16/2004,LBE,PA,AEA,CE,Federal Contract Tower,2,10,34,1,47,0,0,113,3,116,2,10,147,4,163,132,2,134,297
07/17/2004,LBE,PA,AEA,CE,Federal Contract Tower,0,0,20,2,22,0,0,20,0,20,0,0,40,2,42,6,4,10,52
07/18/2004,LBE,PA,AEA,CE,Federal Contract Tower,3,4,20,1,28,0,0,11,1,12,3,4,31,2,40,26,0,26,66
07/19/2004,LBE,PA,AEA,CE,Federal Contract Tower,1,4,21,4,30,0,0,42,0,42,1,4,63,4,72,52,0,52,124
07/20/2004,LBE,PA,AEA,CE,Federal Contract Tower,0,2,17,0,19,0,0,61,0,61,0,2,78,0,80,108,0,108,188
07/21/2004,LBE,PA,AEA,CE,Federal Contract Tower,2,6,39,0,47,0,0,91,8,99,2,6,130,8,146,98,6,104,250
07/22/2004,LBE,PA,AEA,CE,Federal Contract Tower,0,4,33,0,37,0,0,69,0,69,0,4,102,0,106,58,0,58,164
07/23/2004,LBE,PA,AEA,CE,Federal Contract Tower,0,2,27,0,29,0,0,36,5,41,0,2,63,5,70,40,0,40,110
07/24/2004,LBE,PA,AEA,CE,Federal Contract Tower,0,0,15,0,15,0,0,71,2,73,0,0,86,2,88,66,6,72,160
07/25/2004,LBE,PA,AEA,CE,Federal Contract Tower,0,6,26,0,32,0,0,98,0,98,0,6,124,0,130,80,0,80,210
07/26/2004,LBE,PA,AEA,CE,Federal Contract Tower,0,5,35,0,40,0,0,35,0,35,0,5,70,0,75,12,0,12,87
07/27/2004,LBE,PA,AEA,CE,Federal Contract Tower,0,2,33,0,35,0,0,14,0,14,0,2,47,0,49,10,0,10,59
07/28/2004,LBE,PA,AEA,CE,Federal Contract Tower,3,6,43,0,52,1,0,94,2,97,4,6,137,2,149,178,0,178,327
07/29/2004,LBE,PA,AEA,CE,Federal Contract Tower,1,9,41,2,53,0,0,94,11,105,1,9,135,13,158,46,8,54,212
07/30/2004,LBE,PA,AEA,CE,Federal Contract Tower,5,7,36,2,50,0,0,43,0,43,5,7,79,2,93,38,16,54,147
07/31/2004,LBE,PA,AEA,CE,Federal Contract Tower,6,8,10,0,24,0,0,35,0,35,6,8,45,0,59,46,0,46,105
08/01/2004,LBE,PA,AEA,CE,Federal Contract Tower,2,0,25,4,31,0,0,33,0,33,2,0,58,4,64,8,0,8,72
08/02/2004,LBE,PA,AEA,CE,Federal Contract Tower,0,0,23,1,24,0,0,92,0,92,0,0,115,1,116,116,6,122,238
08/03/2004,LBE,PA,AEA,CE,Federal Contract Tower,4,4,40,8,56,0,1,101,22,124,4,5,141,30,180,128,44,172,352
08/04/2004,LBE,PA,AEA,CE,Federal Contract Tower,3,4,45,2,54,0,0,58,0,58,3,4,103,2,112,38,0,38,150
08/05/2004,LBE,PA,AEA,CE,Federal Contract Tower,6,4,42,2,54,0,0,62,0,62,6,4,104,2,116,38,18,56,172
08/06/2004,LBE,PA,AEA,CE,Federal Contract Tower,2,7,18,1,28,0,0,84,2,86,2,7,102,3,114,40,2,42,156
08/07/2004,LBE,PA,AEA,CE,Federal Contract Tower,2,4,29,0,35,0,0,103,10,113,2,4,132,10,148,80,2,82,230
08/08/2004,LBE,PA,AEA,CE,Federal Contract Tower,0,3,28,1,32,0,0,117,1,118,0,3,145,2,150,92,4,96,246
08/09/2004,LBE,PA,AEA,CE,Federal Contract Tower,1,0,22,2,25,0,0,78,2,80,1,0,100,4,105,88,0,88,193
08/10/2004,LBE,PA,AEA,CE,Federal Contract Tower,4,3,38,0,45,0,0,37,2,39,4,3,75,2,84,64,4,68,152
08/11/2004,LBE,PA,AEA,CE,Federal Contract Tower,2,1,45,0,48,0,0,62,2,64,2,1,107,2,112,98,2,100,212
08/12/2004,LBE,PA,AEA,CE,Federal Contract Tower,6,4,46,2,58,0,0,11,0,11,6,4,57,2,69,12,0,12,81
08/13/2004,LBE,PA,AEA,CE,Federal Contract Tower,3,0,41,0,44,0,0,12,0,12,3,0,53,0,56,10,0,10,66
08/14/2004,LBE,PA,AEA,CE,Federal Contract Tower,3,0,17,0,20,0,0,64,0,64,3,0,81,0,84,42,0,42,126
08/15/2004,LBE,PA,AEA,CE,Federal Contract Tower,0,1,24,0,25,0,0,56,0,56,0,1,80,0,81,32,0,32,113
08/16/2004,LBE,PA,AEA,CE,Federal Contract Tower,3,4,28,0,35,0,0,69,0,69,3,4,97,0,104,56,0,56,160
08/17/2004,LBE,PA,AEA,CE,Federal Contract Tower,0,9,33,0,42,0,0,72,8,80,0,9,105,8,122,58,2,60,182
08/18/2004,LBE,PA,AEA,CE,Federal Contract Tower,4,5,40,0,49,0,0,49,2,51,4,5,89,2,100,24,0,24,124
08/19/2004,LBE,PA,AEA,CE,Federal Contract Tower,0,3,27,0,30,0,0,26,0,26,0,3,53,0,56,6,0,6,62
08/20/2004,LBE,PA,AEA,CE,Federal Contract Tower,2,2,29,3,36,0,0,50,7,57,2,2,79,10,93,14,38,52,145
08/21/2004,LBE,PA,AEA,CE,Federal Contract Tower,0,0,11,0,11,0,0,32,0,32,0,0,43,0,43,18,0,18,61
08/22/2004,LBE,PA,AEA,CE,Federal Contract Tower,2,5,25,0,32,0,0,118,0,118,2,5,143,0,150,88,0,88,238
08/23/2004,LBE,PA,AEA,CE,Federal Contract Tower,0,2,22,3,27,0,0,80,9,89,0,2,102,12,116,72,14,86,202
08/24/2004,LBE,PA,AEA,CE,Federal Contract Tower,0,17,20,0,37,0,0,64,4,68,0,17,84,4,105,62,4,66,171
08/25/2004,LBE,PA,AEA,CE,Federal Contract Tower,1,9,39,2,51,0,0,60,6,66,1,9,99,8,117,44,8,52,169
08/26/2004,LBE,PA,AEA,CE,Federal Contract Tower,4,7,35,2,48,1,0,42,2,45,5,7,77,4,93,88,6,94,187
08/27/2004,LBE,PA,AEA,CE,Federal Contract Tower,3,0,19,0,22,1,0,51,4,56,4,0,70,4,78,36,14,50,128
08/28/2004,LBE,PA,AEA,CE,Federal Contract Tower,2,0,14,0,16,0,0,48,8,56,2,0,62,8,72,54,2,56,128
08/29/2004,LBE,PA,AEA,CE,Federal Contract Tower,5,0,25,0,30,1,0,61,2,64,6,0,86,2,94,62,0,62,156
08/30/2004,LBE,PA,AEA,CE,Federal Contract Tower,5,4,34,0,43,0,0,1,0,1,5,4,35,0,44,0,0,0,44
08/31/2004,LBE,PA,AEA,CE,Federal Contract Tower,5,2,28,0,35,0,1,56,6,63,5,3,84,6,98,32,0,32,130
09/01/2004,LBE,PA,AEA,CE,Federal Contract Tower,4,4,30,6,44,1,0,46,0,47,5,4,76,6,91,40,4,44,135
09/02/2004,LBE,PA,AEA,CE,Federal Contract Tower,4,6,37,0,47,0,2,59,0,61,4,8,96,0,108,72,0,72,180
09/03/2004,LBE,PA,AEA,CE,Federal Contract Tower,2,4,31,0,37,0,0,89,8,97,2,4,120,8,134,60,18,78,212
09/04/2004,LBE,PA,AEA,CE,Federal Contract Tower,0,0,15,0,15,0,0,85,0,85,0,0,100,0,100,72,0,72,172
09/05/2004,LBE,PA,AEA,CE,Federal Contract Tower,3,4,22,0,29,0,0,89,0,89,3,4,111,0,118,60,0,60,178
09/06/2004,LBE,PA,AEA,CE,Federal Contract Tower,2,0,30,0,32,0,0,33,0,33,2,0,63,0,65,12,0,12,77
09/07/2004,LBE,PA,AEA,CE,Federal Contract Tower,1,6,23,8,38,0,0,56,3,59,1,6,79,11,97,44,6,50,147
09/08/2004,LBE,PA,AEA,CE,Federal Contract Tower,1,4,25,0,30,0,0,6,0,6,1,4,31,0,36,4,0,4,40
09/09/2004,LBE,PA,AEA,CE,Federal Contract Tower,2,3,31,0,36,0,0,16,0,16,2,3,47,0,52,16,0,16,68
09/10/2004,LBE,PA,AEA,CE,Federal Contract Tower,2,10,24,0,36,0,0,89,9,98,2,10,113,9,134,68,10,78,212
09/11/2004,LBE,PA,AEA,CE,Federal Contract Tower,1,5,26,0,32,0,0,77,0,77,1,5,103,0,109,52,6,58,167
09/12/2004,LBE,PA,AEA,CE,Federal Contract Tower,0,6,36,0,42,0,0,61,0,61,0,6,97,0,103,76,0,76,179
09/13/2004,LBE,PA,AEA,CE,Federal Contract Tower,3,0,36,2,41,0,0,76,8,84,3,0,112,10,125,44,16,60,185
09/14/2004,LBE,PA,AEA,CE,Federal Contract Tower,2,1,31,0,34,0,0,57,4,61,2,1,88,4,95,42,20,62,157
09/15/2004,LBE,PA,AEA,CE,Federal Contract Tower,3,0,29,0,32,0,0,80,0,80,3,0,109,0,112,96,4,100,212
09/16/2004,LBE,PA,AEA,CE,Federal Contract Tower,4,2,41,5,52,2,0,71,1,74,6,2,112,6,126,52,8,60,186
09/17/2004,LBE,PA,AEA,CE,Federal Contract Tower,0,0,23,0,23,0,0,1,0,1,0,0,24,0,24,0,0,0,24
09/18/2004,LBE,PA,AEA,CE,Federal Contract Tower,0,1,12,0,13,0,0,75,0,75,0,1,87,0,88,56,10,66,154
09/19/2004,LBE,PA,AEA,CE,Federal Contract Tower,0,4,26,2,32,0,0,101,2,103,0,4,127,4,135,118,20,138,273
09/20/2004,LBE,PA,AEA,CE,Federal Contract Tower,1,2,18,4,25,0,0,81,7,88,1,2,99,11,113,38,14,52,165
09/21/2004,LBE,PA,AEA,CE,Federal Contract Tower,2,5,32,0,39,0,0,77,6,83,2,5,109,6,122,68,6,74,196
09/22/2004,LBE,PA,AEA,CE,Federal Contract Tower,0,1,29,2,32,0,0,67,17,84,0,1,96,19,116,70,18,88,204
09/23/2004,LBE,PA,AEA,CE,Federal Contract Tower,3,19,46,2,70,0,0,100,6,106,3,19,146,8,176,56,20,76,252
09/24/2004,LBE,PA,AEA,CE,Federal Contract Tower,9,10,53,0,72,0,3,56,6,65,9,13,109,6,137,32,0,32,169
09/25/2004,LBE,PA,AEA,CE,Federal Contract Tower,2,1,15,0,18,0,0,87,2,89,2,1,102,2,107,60,4,64,171
09/26/2004,LBE,PA,AEA,CE,Federal Contract Tower,4,4,13,0,21,0,0,115,0,115,4,4,128,0,136,114,0,114,250
09/27/2004,LBE,PA,AEA,CE,Federal Contract Tower,0,1,27,0,28,0,0,54,2,56,0,1,81,2,84,58,8,66,150
09/28/2004,LBE,PA,AEA,CE,Federal Contract Tower,1,0,35,0,36,0,0,14,0,14,1,0,49,0,50,6,0,6,56
09/29/2004,LBE,PA,AEA,CE,Federal Contract Tower,2,0,42,0,44,0,0,50,0,50,2,0,92,0,94,56,0,56,150
09/30/2004,LBE,PA,AEA,CE,Federal Contract Tower,2,4,51,0,57,0,0,104,0,104,2,4,155,0,161,54,0,54,215
10/01/2004,LBE,PA,AEA,CE,Federal Contract Tower,2,5,42,0,49,0,0,133,2,135,2,5,175,2,184,146,0,146,330
10/02/2004,LBE,PA,AEA,CE,Federal Contract Tower,0,1,25,0,26,0,1,51,4,56,0,2,76,4,82,58,2,60,142
10/03/2004,LBE,PA,AEA,CE,Federal Contract Tower,0,2,37,2,41,0,0,135,2,137,0,2,172,4,178,150,0,150,328
10/04/2004,LBE,PA,AEA,CE,Federal Contract Tower,0,2,26,0,28,0,0,60,6,66,0,2,86,6,94,54,4,58,152
10/05/2004,LBE,PA,AEA,CE,Federal Contract Tower,0,1,31,4,36,1,0,74,1,76,1,1,105,5,112,24,4,28,140
10/06/2004,LBE,PA,AEA,CE,Federal Contract Tower,1,11,36,0,48,0,0,89,6,95,1,11,125,6,143,70,8,78,221
10/07/2004,LBE,PA,AEA,CE,Federal Contract Tower,4,8,33,1,46,1,0,92,3,96,5,8,125,4,142,72,38,110,252
10/08/2004,LBE,PA,AEA,CE,Federal Contract Tower,0,2,22,0,24,0,1,106,4,111,0,3,128,4,135,44,10,54,189
10/09/2004,LBE,PA,AEA,CE,Federal Contract Tower,0,0,14,0,14,0,0,70,10,80,0,0,84,10,94,84,12,96,190
10/10/2004,LBE,PA,AEA,CE,Federal Contract Tower,0,1,19,0,20,0,0,82,2,84,0,1,101,2,104,94,8,102,206
10/11/2004,LBE,PA,AEA,CE,Federal Contract Tower,2,0,29,0,31,0,0,31,0,31,2,0,60,0,62,6,0,6,68
10/12/2004,LBE,PA,AEA,CE,Federal Contract Tower,2,0,29,0,31,0,0,35,0,35,2,0,64,0,66,16,0,16,82
10/13/2004,LBE,PA,AEA,CE,Federal Contract Tower,2,0,19,0,21,0,0,56,0,56,2,0,75,0,77,64,0,64,141
10/14/2004,LBE,PA,AEA,CE,Federal Contract Tower,2,2,39,0,43,0,0,12,0,12,2,2,51,0,55,16,0,16,71
10/15/2004,LBE,PA,AEA,CE,Federal Contract Tower,2,5,27,0,34,0,0,49,0,49,2,5,76,0,83,16,0,16,99
10/16/2004,LBE,PA,AEA,CE,Federal Contract Tower,2,4,10,0,16,0,0,27,0,27,2,4,37,0,43,18,0,18,61
10/17/2004,LBE,PA,AEA,CE,Federal Contract Tower,0,2,19,3,24,0,0,31,1,32,0,2,50,4,56,20,0,20,76
10/18/2004,LBE,PA,AEA,CE,Federal Contract Tower,0,0,21,0,21,0,0,18,0,18,0,0,39,0,39,30,0,30,69
10/19/2004,LBE,PA,AEA,CE,Federal Contract Tower,0,4,18,2,24,0,0,5,0,5,0,4,23,2,29,0,0,0,29
10/20/2004,LBE,PA,AEA,CE,Federal Contract Tower,0,4,28,2,34,0,0,57,1,58,0,4,85,3,92,42,0,42,134
10/21/2004,LBE,PA,AEA,CE,Federal Contract Tower,0,5,31,2,38,0,0,22,2,24,0,5,53,4,62,20,0,20,82
10/22/2004,LBE,PA,AEA,CE,Federal Contract Tower,2,1,27,0,30,0,0,82,2,84,2,1,109,2,114,68,6,74,188
10/23/2004,LBE,PA,AEA,CE,Federal Contract Tower,2,0,25,2,29,0,0,80,0,80,2,0,105,2,109,136,0,136,245
10/24/2004,LBE,PA,AEA,CE,Federal Contract Tower,3,5,32,2,42,0,0,31,0,31,3,5,63,2,73,36,2,38,111
10/25/2004,LBE,PA,AEA,CE,Federal Contract Tower,1,2,30,0,33,0,0,35,0,35,1,2,65,0,68,28,0,28,96
10/26/2004,LBE,PA,AEA,CE,Federal Contract Tower,0,2,20,0,22,0,0,53,6,59,0,2,73,6,81,34,8,42,123
10/27/2004,LBE,PA,AEA,CE,Federal Contract Tower,0,0,17,0,17,0,0,55,12,67,0,0,72,12,84,74,8,82,166
10/28/2004,LBE,PA,AEA,CE,Federal Contract Tower,0,0,39,0,39,0,0,109,2,111,0,0,148,2,150,82,4,86,236
10/29/2004,LBE,PA,AEA,CE,Federal Contract Tower,2,1,33,0,36,0,0,27,0,27,2,1,60,0,63,26,0,26,89
10/30/2004,LBE,PA,AEA,CE,Federal Contract Tower,0,3,18,0,21,0,0,31,0,31,0,3,49,0,52,10,0,10,62
10/31/2004,LBE,PA,AEA,CE,Federal Contract Tower,4,0,17,0,21,0,0,62,0,62,4,0,79,0,83,76,0,76,159
11/01/2004,LBE,PA,AEA,CE,Federal Contract Tower,0,2,15,0,17,0,0,57,0,57,0,2,72,0,74,42,0,42,116
11/02/2004,LBE,PA,AEA,CE,Federal Contract Tower,0,0,16,2,18,0,0,40,4,44,0,0,56,6,62,16,28,44,106
11/03/2004,LBE,PA,AEA,CE,Federal Contract Tower,0,8,16,0,24,0,0,78,6,84,0,8,94,6,108,62,12,74,182
11/04/2004,LBE,PA,AEA,CE,Federal Contract Tower,0,0,22,0,22,0,0,3,0,3,0,0,25,0,25,4,0,4,29
11/05/2004,LBE,PA,AEA,CE,Federal Contract Tower,0,3,17,0,20,0,0,31,2,33,0,3,48,2,53,20,6,26,79
11/06/2004,LBE,PA,AEA,CE,Federal Contract Tower,0,1,9,0,10,0,0,54,0,54,0,1,63,0,64,78,0,78,142
11/07/2004,LBE,PA,AEA,CE,Federal Contract Tower,0,0,19,0,19,0,0,76,0,76,0,0,95,0,95,96,0,96,191
11/08/2004,LBE,PA,AEA,CE,Federal Contract Tower,2,2,31,0,35,0,0,43,0,43,2,2,74,0,78,50,0,50,128
11/09/2004,LBE,PA,AEA,CE,Federal Contract Tower,0,0,41,0,41,0,0,83,6,89,0,0,124,6,130,60,12,72,202
11/10/2004,LBE,PA,AEA,CE,Federal Contract Tower,4,0,22,4,30,0,0,53,2,55,4,0,75,6,85,58,8,66,151
11/11/2004,LBE,PA,AEA,CE,Federal Contract Tower,2,0,32,0,34,0,0,57,8,65,2,0,89,8,99,38,22,60,159
11/12/2004,LBE,PA,AEA,CE,Federal Contract Tower,2,2,24,0,28,0,0,19,0,19,2,2,43,0,47,20,0,20,67
11/13/2004,LBE,PA,AEA,CE,Federal Contract Tower,2,3,14,0,19,0,0,129,6,135,2,3,143,6,154,174,8,182,336
11/14/2004,LBE,PA,AEA,CE,Federal Contract Tower,2,5,26,2,35,0,0,114,5,119,2,5,140,7,154,178,24,202,356
11/15/2004,LBE,PA,AEA,CE,Federal Contract Tower,0,2,13,0,15,0,0,73,0,73,0,2,86,0,88,80,14,94,182
11/16/2004,LBE,PA,AEA,CE,Federal Contract Tower,0,4,25,0,29,0,2,39,2,43,0,6,64,2,72,44,0,44,116
11/17/2004,LBE,PA,AEA,CE,Federal Contract Tower,0,4,37,0,41,0,0,26,0,26,0,4,63,0,67,24,0,24,91
11/18/2004,LBE,PA,AEA,CE,Federal Contract Tower,0,0,32,0,32,0,0,0,0,0,0,0,32,0,32,0,0,0,32
11/19/2004,LBE,PA,AEA,CE,Federal Contract Tower,0,1,22,0,23,0,0,4,0,4,0,1,26,0,27,2,0,2,29
11/20/2004,LBE,PA,AEA,CE,Federal Contract Tower,0,5,24,0,29,0,0,55,2,57,0,5,79,2,86,46,4,50,136
11/21/2004,LBE,PA,AEA,CE,Federal Contract Tower,0,2,32,0,34,0,0,76,0,76,0,2,108,0,110,66,0,66,176
11/22/2004,LBE,PA,AEA,CE,Federal Contract Tower,0,2,39,0,41,0,0,6,0,6,0,2,45,0,47,2,0,2,49
11/23/2004,LBE,PA,AEA,CE,Federal Contract Tower,4,4,25,0,33,0,0,29,0,29,4,4,54,0,62,16,0,16,78
11/24/2004,LBE,PA,AEA,CE,Federal Contract Tower,0,1,27,0,28,0,0,21,0,21,0,1,48,0,49,8,0,8,57
11/25/2004,LBE,PA,AEA,CE,Federal Contract Tower,0,2,5,0,7,0,0,16,0,16,0,2,21,0,23,4,0,4,27
11/26/2004,LBE,PA,AEA,CE,Federal Contract Tower,2,0,14,0,16,0,0,66,4,70,2,0,80,4,86,52,12,64,150
11/27/2004,LBE,PA,AEA,CE,Federal Contract Tower,2,2,4,0,8,0,0,58,2,60,2,2,62,2,68,68,0,68,136
11/28/2004,LBE,PA,AEA,CE,Federal Contract Tower,3,1,21,0,25,0,0,22,0,22,3,1,43,0,47,14,0,14,61
11/29/2004,LBE,PA,AEA,CE,Federal Contract Tower,2,2,22,2,28,0,0,45,0,45,2,2,67,2,73,32,0,32,105
11/30/2004,LBE,PA,AEA,CE,Federal Contract Tower,0,1,18,0,19,0,0,46,2,48,0,1,64,2,67,46,4,50,117
12/01/2004,LBE,PA,AEA,CE,Federal Contract Tower,0,2,18,0,20,0,1,7,2,10,0,3,25,2,30,0,0,0,30
12/02/2004,LBE,PA,AEA,CE,Federal Contract Tower,0,3,35,0,38,0,0,78,2,80,0,3,113,2,118,64,0,64,182
12/03/2004,LBE,PA,AEA,CE,Federal Contract Tower,0,1,16,1,18,0,0,61,3,64,0,1,77,4,82,48,6,54,136
12/04/2004,LBE,PA,AEA,CE,Federal Contract Tower,0,2,13,1,16,0,0,66,1,67,0,2,79,2,83,54,2,56,139
12/05/2004,LBE,PA,AEA,CE,Federal Contract Tower,1,1,16,0,18,0,0,76,0,76,1,1,92,0,94,78,0,78,172
12/06/2004,LBE,PA,AEA,CE,Federal Contract Tower,0,3,27,0,30,0,0,15,0,15,0,3,42,0,45,6,0,6,51
12/07/2004,LBE,PA,AEA,CE,Federal Contract Tower,0,1,10,1,12,0,0,29,0,29,0,1,39,1,41,18,0,18,59
12/08/2004,LBE,PA,AEA,CE,Federal Contract Tower,0,3,26,1,30,0,0,57,3,60,0,3,83,4,90,56,6,62,152
12/09/2004,LBE,PA,AEA,CE,Federal Contract Tower,0,7,37,0,44,0,0,28,4,32,0,7,65,4,76,42,8,50,126
12/10/2004,LBE,PA,AEA,CE,Federal Contract Tower,0,0,21,0,21,0,0,24,0,24,0,0,45,0,45,6,0,6,51
12/11/2004,LBE,PA,AEA,CE,Federal Contract Tower,0,0,13,0,13,0,0,13,0,13,0,0,26,0,26,20,0,20,46
12/12/2004,LBE,PA,AEA,CE,Federal Contract Tower,2,4,7,1,14,0,0,20,1,21,2,4,27,2,35,20,0,20,55
12/13/2004,LBE,PA,AEA,CE,Federal Contract Tower,2,0,24,2,28,0,0,11,0,11,2,0,35,2,39,2,0,2,41
12/14/2004,LBE,PA,AEA,CE,Federal Contract Tower,0,4,20,3,27,0,0,13,4,17,0,4,33,7,44,6,0,6,50
12/15/2004,LBE,PA,AEA,CE,Federal Contract Tower,0,0,20,0,20,0,0,78,0,78,0,0,98,0,98,66,8,74,172
12/16/2004,LBE,PA,AEA,CE,Federal Contract Tower,0,1,23,2,26,0,0,66,6,72,0,1,89,8,98,36,2,38,136
12/17/2004,LBE,PA,AEA,CE,Federal Contract Tower,2,0,25,1,28,0,0,46,0,46,2,0,71,1,74,26,2,28,102
12/18/2004,LBE,PA,AEA,CE,Federal Contract Tower,0,0,16,0,16,0,0,88,0,88,0,0,104,0,104,68,0,68,172
12/19/2004,LBE,PA,AEA,CE,Federal Contract Tower,0,0,16,0,16,0,0,6,0,6,0,0,22,0,22,2,0,2,24
12/20/2004,LBE,PA,AEA,CE,Federal Contract Tower,1,4,21,0,26,0,0,32,0,32,1,4,53,0,58,38,4,42,100
12/21/2004,LBE,PA,AEA,CE,Federal Contract Tower,0,2,22,6,30,0,0,36,10,46,0,2,58,16,76,46,20,66,142
12/22/2004,LBE,PA,AEA,CE,Federal Contract Tower,0,0,27,0,27,0,0,24,4,28,0,0,51,4,55,50,0,50,105
12/23/2004,LBE,PA,AEA,CE,Federal Contract Tower,0,2,10,0,12,0,0,2,0,2,0,2,12,0,14,0,0,0,14
12/24/2004,LBE,PA,AEA,CE,Federal Contract Tower,0,1,11,0,12,0,0,47,0,47,0,1,58,0,59,18,0,18,77
12/25/2004,LBE,PA,AEA,CE,Federal Contract Tower,0,0,0,0,0,0,0,31,0,31,0,0,31,0,31,8,0,8,39
12/26/2004,LBE,PA,AEA,CE,Federal Contract Tower,2,1,21,0,24,0,0,44,0,44,2,1,65,0,68,36,0,36,104
12/27/2004,LBE,PA,AEA,CE,Federal Contract Tower,0,1,19,0,20,0,0,58,0,58,0,1,77,0,78,40,10,50,128
12/28/2004,LBE,PA,AEA,CE,Federal Contract Tower,4,2,23,0,29,0,0,49,4,53,4,2,72,4,82,24,0,24,106
12/29/2004,LBE,PA,AEA,CE,Federal Contract Tower,0,3,10,2,15,0,0,45,6,51,0,3,55,8,66,30,4,34,100
12/30/2004,LBE,PA,AEA,CE,Federal Contract Tower,2,1,22,8,33,0,0,49,4,53,2,1,71,12,86,58,6,64,150
12/31/2004,LBE,PA,AEA,CE,Federal Contract Tower,0,0,4,0,4,0,0,37,0,37,0,0,41,0,41,32,0,32,73
01/01/2005,LBE,PA,AEA,CE,Federal Contract Tower,1,0,10,0,11,0,0,75,2,77,1,0,85,2,88,96,0,96,184
01/02/2005,LBE,PA,AEA,CE,Federal Contract Tower,0,2,15,0,17,0,0,49,0,49,0,2,64,0,66,64,0,64,130
01/03/2005,LBE,PA,AEA,CE,Federal Contract Tower,0,0,19,0,19,0,0,9,0,9,0,0,28,0,28,4,0,4,32
01/04/2005,LBE,PA,AEA,CE,Federal Contract Tower,0,2,16,0,18,0,0,0,0,0,0,2,16,0,18,10,0,10,28
01/05/2005,LBE,PA,AEA,CE,Federal Contract Tower,0,0,10,0,10,0,0,0,0,0,0,0,10,0,10,0,0,0,10
01/06/2005,LBE,PA,AEA,CE,Federal Contract Tower,0,0,7,0,7,0,0,6,0,6,0,0,13,0,13,0,0,0,13
01/07/2005,LBE,PA,AEA,CE,Federal Contract Tower,0,2,20,0,22,0,0,64,0,64,0,2,84,0,86,84,0,84,170
01/08/2005,LBE,PA,AEA,CE,Federal Contract Tower,0,1,5,2,8,0,0,9,0,9,0,1,14,2,17,6,0,6,23
01/09/2005,LBE,PA,AEA,CE,Federal Contract Tower,0,1,13,0,14,0,0,66,0,66,0,1,79,0,80,46,0,46,126
01/10/2005,LBE,PA,AEA,CE,Federal Contract Tower,0,4,21,0,25,0,1,18,6,25,0,5,39,6,50,22,0,22,72
01/11/2005,LBE,PA,AEA,CE,Federal Contract Tower,0,0,17,0,17,0,0,7,2,9,0,0,24,2,26,10,0,10,36
01/12/2005,LBE,PA,AEA,CE,Federal Contract Tower,0,1,25,1,27,0,0,37,5,42,0,1,62,6,69,44,24,68,137
01/13/2005,LBE,PA,AEA,CE,Federal Contract Tower,0,2,14,2,18,0,0,70,2,72,0,2,84,4,90,56,0,56,146
01/14/2005,LBE,PA,AEA,CE,Federal Contract Tower,0,2,17,0,19,0,0,39,0,39,0,2,56,0,58,24,0,24,82
01/15/2005,LBE,PA,AEA,CE,Federal Contract Tower,0,2,7,0,9,0,0,73,0,73,0,2,80,0,82,56,0,56,138
01/16/2005,LBE,PA,AEA,CE,Federal Contract Tower,0,0,6,0,6,0,0,10,0,10,0,0,16,0,16,36,0,36,52
01/17/2005,LBE,PA,AEA,CE,Federal Contract Tower,0,4,20,0,24,0,0,1,0,1,0,4,21,0,25,2,0,2,27
01/18/2005,LBE,PA,AEA,CE,Federal Contract Tower,0,2,17,0,19,0,0,42,0,42,0,2,59,0,61,20,0,20,81
01/19/2005,LBE,PA,AEA,CE,Federal Contract Tower,2,0,29,2,33,0,0,2,0,2,2,0,31,2,35,0,0,0,35
01/20/2005,LBE,PA,AEA,CE,Federal Contract Tower,0,0,18,0,18,0,0,15,1,16,0,0,33,1,34,44,0,44,78
01/21/2005,LBE,PA,AEA,CE,Federal Contract Tower,0,0,26,0,26,0,0,68,0,68,0,0,94,0,94,38,0,38,132
01/22/2005,LBE,PA,AEA,CE,Federal Contract Tower,2,0,0,0,2,0,0,0,0,0,2,0,0,0,2,0,0,0,2
01/23/2005,LBE,PA,AEA,CE,Federal Contract Tower,0,0,10,0,10,0,0,16,0,16,0,0,26,0,26,18,0,18,44
01/24/2005,LBE,PA,AEA,CE,Federal Contract Tower,0,2,24,1,27,0,0,21,5,26,0,2,45,6,53,18,20,38,91
01/25/2005,LBE,PA,AEA,CE,Federal Contract Tower,1,3,25,2,31,0,0,26,2,28,1,3,51,4,59,56,20,76,135
01/26/2005,LBE,PA,AEA,CE,Federal Contract Tower,1,2,22,0,25,0,1,51,0,52,1,3,73,0,77,38,0,38,115
01/27/2005,LBE,PA,AEA,CE,Federal Contract Tower,0,6,18,1,25,0,0,51,3,54,0,6,69,4,79,24,0,24,103
01/28/2005,LBE,PA,AEA,CE,Federal Contract Tower,4,5,23,0,32,0,0,45,0,45,4,5,68,0,77,68,0,68,145
01/29/2005,LBE,PA,AEA,CE,Federal Contract Tower,2,0,8,2,12,0,1,77,0,78,2,1,85,2,90,58,8,66,156
01/30/2005,LBE,PA,AEA,CE,Federal Contract Tower,3,2,11,0,16,0,0,48,0,48,3,2,59,0,64,10,0,10,74
01/31/2005,LBE,PA,AEA,CE,Federal Contract Tower,0,0,12,0,12,0,0,63,2,65,0,0,75,2,77,70,6,76,153
02/01/2005,LBE,PA,AEA,CE,Federal Contract Tower,0,3,19,2,24,0,0,84,12,96,0,3,103,14,120,112,16,128,248
02/02/2005,LBE,PA,AEA,CE,Federal Contract Tower,0,4,14,1,19,0,0,58,4,62,0,4,72,5,81,46,0,46,127
02/03/2005,LBE,PA,AEA,CE,Federal Contract Tower,0,2,18,0,20,0,0,12,0,12,0,2,30,0,32,10,0,10,42
02/04/2005,LBE,PA,AEA,CE,Federal Contract Tower,4,0,23,0,27,4,0,69,0,73,8,0,92,0,100,64,18,82,182
02/05/2005,LBE,PA,AEA,CE,Federal Contract Tower,0,2,11,0,13,0,0,56,6,62,0,2,67,6,75,28,0,28,103
02/06/2005,LBE,PA,AEA,CE,Federal Contract Tower,0,0,12,0,12,0,0,95,0,95,0,0,107,0,107,46,0,46,153
02/07/2005,LBE,PA,AEA,CE,Federal Contract Tower,0,0,17,2,19,0,0,72,8,80,0,0,89,10,99,56,22,78,177
02/08/2005,LBE,PA,AEA,CE,Federal Contract Tower,0,1,17,3,21,0,0,1,0,1,0,1,18,3,22,0,0,0,22
02/09/2005,LBE,PA,AEA,CE,Federal Contract Tower,0,0,16,1,17,0,0,4,0,4,0,0,20,1,21,0,0,0,21
02/10/2005,LBE,PA,AEA,CE,Federal Contract Tower,1,0,22,0,23,0,0,15,0,15,1,0,37,0,38,4,0,4,42
02/11/2005,LBE,PA,AEA,CE,Federal Contract Tower,0,0,24,2,26,0,0,32,0,32,0,0,56,2,58,18,0,18,76
02/12/2005,LBE,PA,AEA,CE,Federal Contract Tower,0,0,9,0,9,0,0,18,0,18,0,0,27,0,27,12,0,12,39
02/13/2005,LBE,PA,AEA,CE,Federal Contract Tower,0,2,5,0,7,0,0,103,0,103,0,2,108,0,110,82,0,82,192
02/14/2005,LBE,PA,AEA,CE,Federal Contract Tower,0,2,16,0,18,0,0,24,0,24,0,2,40,0,42,26,0,26,68
02/15/2005,LBE,PA,AEA,CE,Federal Contract Tower,0,4,10,0,14,0,0,90,2,92,0,4,100,2,106,80,10,90,196
02/16/2005,LBE,PA,AEA,CE,Federal Contract Tower,0,1,26,0,27,0,0,45,0,45,0,1,71,0,72,12,16,28,100
02/17/2005,LBE,PA,AEA,CE,Federal Contract Tower,0,5,31,0,36,0,0,16,0,16,0,5,47,0,52,2,0,2,54
02/18/2005,LBE,PA,AEA,CE,Federal Contract Tower,0,2,22,0,24,0,0,16,0,16,0,2,38,0,40,2,0,2,42
02/19/2005,LBE,PA,AEA,CE,Federal Contract Tower,0,0,10,2,12,0,0,80,2,82,0,0,90,4,94,70,0,70,164
02/20/2005,LBE,PA,AEA,CE,Federal Contract Tower,0,1,14,0,15,0,0,39,0,39,0,1,53,0,54,36,6,42,96
02/21/2005,LBE,PA,AEA,CE,Federal Contract Tower,0,8,27,0,35,0,1,10,0,11,0,9,37,0,46,2,0,2,48
02/22/2005,LBE,PA,AEA,CE,Federal Contract Tower,0,6,20,0,26,0,0,64,4,68,0,6,84,4,94,34,4,38,132
02/23/2005,LBE,PA,AEA,CE,Federal Contract Tower,3,0,33,0,36,0,0,38,0,38,3,0,71,0,74,54,0,54,128
02/24/2005,LBE,PA,AEA,CE,Federal Contract Tower,0,2,20,0,22,0,0,0,0,0,0,2,20,0,22,0,0,0,22
02/25/2005,LBE,PA,AEA,CE,Federal Contract Tower,4,3,21,0,28,0,0,16,0,16,4,3,37,0,44,14,0,14,58
02/26/2005,LBE,PA,AEA,CE,Federal Contract Tower,2,1,18,2,23,0,3,30,0,33,2,4,48,2,56,58,6,64,120
02/27/2005,LBE,PA,AEA,CE,Federal Contract Tower,2,1,18,2,23,0,0,115,0,115,2,1,133,2,138,110,8,118,256
02/28/2005,LBE,PA,AEA,CE,Federal Contract Tower,0,0,4,0,4,0,0,4,0,4,0,0,8,0,8,4,0,4,12
03/01/2005,LBE,PA,AEA,CE,Federal Contract Tower,0,2,16,0,18,0,0,6,0,6,0,2,22,0,24,8,0,8,32
03/02/2005,LBE,PA,AEA,CE,Federal Contract Tower,1,1,14,0,16,0,0,6,0,6,1,1,20,0,22,0,0,0,22
03/03/2005,LBE,PA,AEA,CE,Federal Contract Tower,0,3,31,0,34,0,0,48,5,53,0,3,79,5,87,30,0,30,117
03/04/2005,LBE,PA,AEA,CE,Federal Contract Tower,2,3,32,1,38,0,0,68,5,73,2,3,100,6,111,44,12,56,167
03/05/2005,LBE,PA,AEA,CE,Federal Contract Tower,0,2,10,0,12,0,0,45,2,47,0,2,55,2,59,30,4,34,93
03/06/2005,LBE,PA,AEA,CE,Federal Contract Tower,2,0,18,0,20,0,0,18,0,18,2,0,36,0,38,12,0,12,50
03/07/2005,LBE,PA,AEA,CE,Federal Contract Tower,0,3,11,0,14,0,0,28,2,30,0,3,39,2,44,26,8,34,78
03/08/2005,LBE,PA,AEA,CE,Federal Contract Tower,0,0,18,0,18,0,0,24,0,24,0,0,42,0,42,18,0,18,60
03/09/2005,LBE,PA,AEA,CE,Federal Contract Tower,0,3,16,0,19,0,0,15,0,15,0,3,31,0,34,4,0,4,38
03/10/2005,LBE,PA,AEA,CE,Federal Contract Tower,0,1,35,0,36,0,0,32,0,32,0,1,67,0,68,14,0,14,82
03/11/2005,LBE,PA,AEA,CE,Federal Contract Tower,0,0,24,0,24,0,0,0,0,0,0,0,24,0,24,0,0,0,24
03/12/2005,LBE,PA,AEA,CE,Federal Contract Tower,2,0,10,0,12,0,0,15,2,17,2,0,25,2,29,30,0,30,59
03/13/2005,LBE,PA,AEA,CE,Federal Contract Tower,2,0,12,0,14,0,0,34,4,38,2,0,46,4,52,48,12,60,112
03/14/2005,LBE,PA,AEA,CE,Federal Contract Tower,2,0,16,0,18,0,0,33,0,33,2,0,49,0,51,36,0,36,87
03/15/2005,LBE,PA,AEA,CE,Federal Contract Tower,2,0,16,0,18,0,0,66,1,67,2,0,82,1,85,94,0,94,179
03/16/2005,LBE,PA,AEA,CE,Federal Contract Tower,2,0,17,5,24,0,0,81,3,84,2,0,98,8,108,68,8,76,184
03/17/2005,LBE,PA,AEA,CE,Federal Contract Tower,0,0,17,0,17,0,0,45,0,45,0,0,62,0,62,58,0,58,120
03/18/2005,LBE,PA,AEA,CE,Federal Contract Tower,2,2,24,0,28,0,0,58,3,61,2,2,82,3,89,58,6,64,153
03/19/2005,LBE,PA,AEA,CE,Federal Contract Tower,0,0,13,0,13,0,0,65,0,65,0,0,78,0,78,82,6,88,166
03/20/2005,LBE,PA,AEA,CE,Federal Contract Tower,2,2,6,0,10,0,0,16,0,16,2,2,22,0,26,14,0,14,40
03/21/2005,LBE,PA,AEA,CE,Federal Contract Tower,0,0,25,0,25,0,0,22,0,22,0,0,47,0,47,38,0,38,85
03/22/2005,LBE,PA,AEA,CE,Federal Contract Tower,0,1,33,2,36,0,0,69,2,71,0,1,102,4,107,96,6,102,209
03/23/2005,LBE,PA,AEA,CE,Federal Contract Tower,0,1,23,0,24,0,0,45,0,45,0,1,68,0,69,20,0,20,89
03/24/2005,LBE,PA,AEA,CE,Federal Contract Tower,0,1,32,0,33,0,0,6,0,6,0,1,38,0,39,0,0,0,39
03/25/2005,LBE,PA,AEA,CE,Federal Contract Tower,0,3,19,0,22,0,0,20,0,20,0,3,39,0,42,16,0,16,58
03/26/2005,LBE,PA,AEA,CE,Federal Contract Tower,0,2,7,0,9,0,0,65,2,67,0,2,72,2,76,96,0,96,172
03/27/2005,LBE,PA,AEA,CE,Federal Contract Tower,0,0,12,0,12,0,0,18,0,18,0,0,30,0,30,34,0,34,64
03/28/2005,LBE,PA,AEA,CE,Federal Contract Tower,0,1,23,0,24,0,0,43,0,43,0,1,66,0,67,18,10,28,95
03/29/2005,LBE,PA,AEA,CE,Federal Contract Tower,0,1,16,3,20,0,0,90,9,99,0,1,106,12,119,130,34,164,283
03/30/2005,LBE,PA,AEA,CE,Federal Contract Tower,0,0,15,0,15,0,0,88,4,92,0,0,103,4,107,74,22,96,203
03/31/2005,LBE,PA,AEA,CE,Federal Contract Tower,0,3,24,0,27,0,0,47,8,55,0,3,71,8,82,74,32,106,188
04/01/2005,LBE,PA,AEA,CE,Federal Contract Tower,0,4,22,0,26,0,0,84,6,90,0,4,106,6,116,102,18,120,236
04/02/2005,LBE,PA,AEA,CE,Federal Contract Tower,0,1,10,0,11,0,0,1,2,3,0,1,11,2,14,0,10,10,24
04/03/2005,LBE,PA,AEA,CE,Federal Contract Tower,0,6,13,0,19,0,0,0,0,0,0,6,13,0,19,0,0,0,19
04/04/2005,LBE,PA,AEA,CE,Federal Contract Tower,0,4,14,0,18,0,0,82,0,82,0,4,96,0,100,128,4,132,232
04/05/2005,LBE,PA,AEA,CE,Federal Contract Tower,0,7,23,0,30,0,0,95,2,97,0,7,118,2,127,80,10,90,217
04/06/2005,LBE,PA,AEA,CE,Federal Contract Tower,0,7,22,2,31,0,0,81,2,83,0,7,103,4,114,38,10,48,162
04/07/2005,LBE,PA,AEA,CE,Federal Contract Tower,0,7,9,0,16,0,0,47,13,60,0,7,56,13,76,46,32,78,154
04/08/2005,LBE,PA,AEA,CE,Federal Contract Tower,2,11,21,0,34,0,0,74,8,82,2,11,95,8,116,72,14,86,202
04/09/2005,LBE,PA,AEA,CE,Federal Contract Tower,0,8,14,0,22,0,0,94,2,96,0,8,108,2,118,68,24,92,210
04/10/2005,LBE,PA,AEA,CE,Federal Contract Tower,2,6,16,0,24,0,0,110,0,110,2,6,126,0,134,88,10,98,232
04/11/2005,LBE,PA,AEA,CE,Federal Contract Tower,2,5,22,0,29,0,0,68,0,68,2,5,90,0,97,56,4,60,157
04/12/2005,LBE,PA,AEA,CE,Federal Contract Tower,0,5,18,0,23,0,0,51,4,55,0,5,69,4,78,48,6,54,132
04/13/2005,LBE,PA,AEA,CE,Federal Contract Tower,2,5,20,0,27,0,0,85,6,91,2,5,105,6,118,80,14,94,212
04/14/2005,LBE,PA,AEA,CE,Federal Contract Tower,0,5,19,1,25,0,0,70,4,74,0,5,89,5,99,44,8,52,151
04/15/2005,LBE,PA,AEA,CE,Federal Contract Tower,0,7,16,0,23,0,0,42,2,44,0,7,58,2,67,32,8,40,107
04/16/2005,LBE,PA,AEA,CE,Federal Contract Tower,0,7,7,0,14,0,0,114,0,114,0,7,121,0,128,138,4,142,270
04/17/2005,LBE,PA,AEA,CE,Federal Contract Tower,1,9,18,0,28,0,0,83,6,89,1,9,101,6,117,50,2,52,169
04/18/2005,LBE,PA,AEA,CE,Federal Contract Tower,0,5,14,0,19,0,0,60,10,70,0,5,74,10,89,28,6,34,123
04/19/2005,LBE,PA,AEA,CE,Federal Contract Tower,0,10,24,4,38,0,0,50,16,66,0,10,74,20,104,84,22,106,210
04/20/2005,LBE,PA,AEA,CE,Federal Contract Tower,0,9,23,0,32,0,0,52,2,54,0,9,75,2,86,32,2,34,120
04/21/2005,LBE,PA,AEA,CE,Federal Contract Tower,1,9,27,0,37,0,0,49,0,49,1,9,76,0,86,16,0,16,102
04/22/2005,LBE,PA,AEA,CE,Federal Contract Tower,2,10,25,1,38,0,0,16,1,17,2,10,41,2,55,10,0,10,65
04/23/2005,LBE,PA,AEA,CE,Federal Contract Tower,0,5,4,0,9,0,0,26,0,26,0,5,30,0,35,22,0,22,57
04/24/2005,LBE,PA,AEA,CE,Federal Contract Tower,2,13,12,0,27,0,0,0,0,0,2,13,12,0,27,0,0,0,27
04/25/2005,LBE,PA,AEA,CE,Federal Contract Tower,2,6,20,0,28,0,0,60,6,66,2,6,80,6,94,30,18,48,142
04/26/2005,LBE,PA,AEA,CE,Federal Contract Tower,0,7,26,4,37,0,0,50,9,59,0,7,76,13,96,64,32,96,192
04/27/2005,LBE,PA,AEA,CE,Federal Contract Tower,0,11,23,0,34,0,0,44,2,46,0,11,67,2,80,44,0,44,124
04/28/2005,LBE,PA,AEA,CE,Federal Contract Tower,0,5,43,0,48,0,0,64,8,72,0,5,107,8,120,48,10,58,178
04/29/2005,LBE,PA,AEA,CE,Federal Contract Tower,2,5,28,4,39,0,0,63,2,65,2,5,91,6,104,78,4,82,186
04/30/2005,LBE,PA,AEA,CE,Federal Contract Tower,0,7,5,0,12,0,0,19,0,19,0,7,24,0,31,24,0,24,55
05/01/2005,LBE,PA,AEA,CE,Federal Contract Tower,1,7,17,2,27,0,0,45,0,45,1,7,62,2,72,70,0,70,142
05/02/2005,LBE,PA,AEA,CE,Federal Contract Tower,0,3,22,0,25,0,0,77,6,83,0,3,99,6,108,66,26,92,200
05/03/2005,LBE,PA,AEA,CE,Federal Contract Tower,0,14,21,0,35,0,0,63,2,65,0,14,84,2,100,92,10,102,202
05/04/2005,LBE,PA,AEA,CE,Federal Contract Tower,0,7,28,0,35,0,0,88,2,90,0,7,116,2,125,82,20,102,227
05/05/2005,LBE,PA,AEA,CE,Federal Contract Tower,0,7,27,2,36,0,0,79,2,81,0,7,106,4,117,60,4,64,181
05/06/2005,LBE,PA,AEA,CE,Federal Contract Tower,0,9,31,2,42,0,1,81,4,86,0,10,112,6,128,56,10,66,194
05/07/2005,LBE,PA,AEA,CE,Federal Contract Tower,0,9,10,1,20,0,0,41,2,43,0,9,51,3,63,22,4,26,89
05/08/2005,LBE,PA,AEA,CE,Federal Contract Tower,0,8,8,0,16,0,0,70,4,74,0,8,78,4,90,104,10,114,204
05/09/2005,LBE,PA,AEA,CE,Federal Contract Tower,2,10,16,0,28,0,0,68,0,68,2,10,84,0,96,80,4,84,180
05/10/2005,LBE,PA,AEA,CE,Federal Contract Tower,2,7,16,0,25,0,0,51,6,57,2,7,67,6,82,40,8,48,130
05/11/2005,LBE,PA,AEA,CE,Federal Contract Tower,2,8,33,0,43,0,0,72,1,73,2,8,105,1,116,88,4,92,208
05/12/2005,LBE,PA,AEA,CE,Federal Contract Tower,2,9,25,1,37,0,0,55,3,58,2,9,80,4,95,46,6,52,147
05/13/2005,LBE,PA,AEA,CE,Federal Contract Tower,0,5,21,0,26,0,0,49,1,50,0,5,70,1,76,54,2,56,132
05/14/2005,LBE,PA,AEA,CE,Federal Contract Tower,1,8,14,0,23,1,0,43,4,48,2,8,57,4,71,70,10,80,151
05/15/2005,LBE,PA,AEA,CE,Federal Contract Tower,0,12,26,0,38,0,0,75,2,77,0,12,101,2,115,68,8,76,191
05/16/2005,LBE,PA,AEA,CE,Federal Contract Tower,0,12,25,4,41,0,0,38,2,40,0,12,63,6,81,42,12,54,135
05/17/2005,LBE,PA,AEA,CE,Federal Contract Tower,0,15,19,2,36,0,0,69,0,69,0,15,88,2,105,52,4,56,161
05/18/2005,LBE,PA,AEA,CE,Federal Contract Tower,0,7,32,0,39,0,0,97,10,107,0,7,129,10,146,84,12,96,242
05/19/2005,LBE,PA,AEA,CE,Federal Contract Tower,0,9,31,0,40,0,0,40,4,44,0,9,71,4,84,40,2,42,126
05/20/2005,LBE,PA,AEA,CE,Federal Contract Tower,0,8,21,0,29,0,0,23,0,23,0,8,44,0,52,16,0,16,68
05/21/2005,LBE,PA,AEA,CE,Federal Contract Tower,0,5,12,0,17,0,0,91,4,95,0,5,103,4,112,68,12,80,192
05/22/2005,LBE,PA,AEA,CE,Federal Contract Tower,0,11,27,0,38,0,0,57,0,57,0,11,84,0,95,42,0,42,137
05/23/2005,LBE,PA,AEA,CE,Federal Contract Tower,0,27,20,1,48,0,0,22,1,23,0,27,42,2,71,34,0,34,105
05/24/2005,LBE,PA,AEA,CE,Federal Contract Tower,0,18,27,0,45,0,0,34,0,34,0,18,61,0,79,20,0,20,99
05/25/2005,LBE,PA,AEA,CE,Federal Contract Tower,0,11,33,0,44,0,0,22,0,22,0,11,55,0,66,12,0,12,78
05/26/2005,LBE,PA,AEA,CE,Federal Contract Tower,2,7,36,2,47,0,0,75,6,81,2,7,111,8,128,70,18,88,216
05/27/2005,LBE,PA,AEA,CE,Federal Contract Tower,6,13,27,4,50,0,0,68,6,74,6,13,95,10,124,56,14,70,194
05/28/2005,LBE,PA,AEA,CE,Federal Contract Tower,3,9,14,2,28,0,0,2,2,4,3,9,16,4,32,4,0,4,36
05/29/2005,LBE,PA,AEA,CE,Federal Contract Tower,2,30,22,0,54,0,0,47,0,47,2,30,69,0,101,60,0,60,161
05/30/2005,LBE,PA,AEA,CE,Federal Contract Tower,0,10,23,0,33,0,0,55,2,57,0,10,78,2,90,96,8,104,194
05/31/2005,LBE,PA,AEA,CE,Federal Contract Tower,0,5,18,2,25,0,0,77,2,79,0,5,95,4,104,58,14,72,176
06/01/2005,LBE,PA,AEA,CE,Federal Contract Tower,0,11,18,0,29,0,0,70,0,70,0,11,88,0,99,58,0,58,157
06/02/2005,LBE,PA,AEA,CE,Federal Contract Tower,0,11,27,1,39,0,0,56,3,59,0,11,83,4,98,48,4,52,150
06/03/2005,LBE,PA,AEA,CE,Federal Contract Tower,0,11,16,0,27,0,0,45,2,47,0,11,61,2,74,28,6,34,108
06/04/2005,LBE,PA,AEA,CE,Federal Contract Tower,0,6,25,0,31,0,0,62,2,64,0,6,87,2,95,28,8,36,131
06/05/2005,LBE,PA,AEA,CE,Federal Contract Tower,0,12,27,0,39,0,0,54,0,54,0,12,81,0,93,48,0,48,141
06/06/2005,LBE,PA,AEA,CE,Federal Contract Tower,0,8,14,0,22,0,0,28,0,28,0,8,42,0,50,32,0,32,82
06/07/2005,LBE,PA,AEA,CE,Federal Contract Tower,1,9,30,2,42,0,0,44,3,47,1,9,74,5,89,40,10,50,139
06/08/2005,LBE,PA,AEA,CE,Federal Contract Tower,0,10,27,0,37,0,0,57,4,61,0,10,84,4,98,72,10,82,180
06/09/2005,LBE,PA,AEA,CE,Federal Contract Tower,0,9,29,2,40,0,0,57,0,57,0,9,86,2,97,58,2,60,157
06/10/2005,LBE,PA,AEA,CE,Federal Contract Tower,0,5,14,2,21,0,0,60,2,62,0,5,74,4,83,46,10,56,139
06/11/2005,LBE,PA,AEA,CE,Federal Contract Tower,2,6,15,0,23,0,0,49,3,52,2,6,64,3,75,62,4,66,141
06/12/2005,LBE,PA,AEA,CE,Federal Contract Tower,0,8,21,0,29,0,0,89,3,92,0,8,110,3,121,76,4,80,201
06/13/2005,LBE,PA,AEA,CE,Federal Contract Tower,2,7,26,2,37,0,0,41,0,41,2,7,67,2,78,76,0,76,154
06/14/2005,LBE,PA,AEA,CE,Federal Contract Tower,0,16,32,0,48,0,0,39,2,41,0,16,71,2,89,82,8,90,179
06/15/2005,LBE,PA,AEA,CE,Federal Contract Tower,2,13,42,0,57,0,0,61,2,63,2,13,103,2,120,62,6,68,188
06/16/2005,LBE,PA,AEA,CE,Federal Contract Tower,0,7,36,0,43,0,0,9,0,9,0,7,45,0,52,0,0,0,52
06/17/2005,LBE,PA,AEA,CE,Federal Contract Tower,2,5,33,4,44,0,0,60,2,62,2,5,93,6,106,62,14,76,182
06/18/2005,LBE,PA,AEA,CE,Federal Contract Tower,0,5,26,0,31,0,0,82,0,82,0,5,108,0,113,68,0,68,181
06/19/2005,LBE,PA,AEA,CE,Federal Contract Tower,2,5,30,0,37,0,0,78,0,78,2,5,108,0,115,54,0,54,169
06/20/2005,LBE,PA,AEA,CE,Federal Contract Tower,0,6,35,0,41,0,0,71,6,77,0,6,106,6,118,118,14,132,250
06/21/2005,LBE,PA,AEA,CE,Federal Contract Tower,0,6,24,0,30,0,0,70,2,72,0,6,94,2,102,86,2,88,190
06/22/2005,LBE,PA,AEA,CE,Federal Contract Tower,0,6,33,0,39,0,0,39,0,39,0,6,72,0,78,94,0,94,172
06/23/2005,LBE,PA,AEA,CE,Federal Contract Tower,0,7,43,0,50,0,0,77,0,77,0,7,120,0,127,94,0,94,221
06/24/2005,LBE,PA,AEA,CE,Federal Contract Tower,6,10,31,4,51,0,0,77,0,77,6,10,108,4,128,68,14,82,210
06/25/2005,LBE,PA,AEA,CE,Federal Contract Tower,0,5,16,6,27,0,0,62,4,66,0,5,78,10,93,58,0,58,151
06/26/2005,LBE,PA,AEA,CE,Federal Contract Tower,2,13,38,0,53,0,0,40,3,43,2,13,78,3,96,34,2,36,132
06/27/2005,LBE,PA,AEA,CE,Federal Contract Tower,1,7,15,0,23,1,0,56,4,61,2,7,71,4,84,84,8,92,176
06/28/2005,LBE,PA,AEA,CE,Federal Contract Tower,0,11,30,2,43,0,0,44,0,44,0,11,74,2,87,70,0,70,157
06/29/2005,LBE,PA,AEA,CE,Federal Contract Tower,0,7,30,0,37,0,0,31,0,31,0,7,61,0,68,62,0,62,130
06/30/2005,LBE,PA,AEA,CE,Federal Contract Tower,2,9,34,2,47,0,0,58,2,60,2,9,92,4,107,34,2,36,143
07/01/2005,LBE,PA,AEA,CE,Federal Contract Tower,0,10,30,0,40,0,0,56,4,60,0,10,86,4,100,50,4,54,154
07/02/2005,LBE,PA,AEA,CE,Federal Contract Tower,1,6,13,0,20,0,0,74,0,74,1,6,87,0,94,34,0,34,128
07/03/2005,LBE,PA,AEA,CE,Federal Contract Tower,2,6,6,0,14,0,0,44,2,46,2,6,50,2,60,50,8,58,118
07/04/2005,LBE,PA,AEA,CE,Federal Contract Tower,0,7,17,0,24,0,0,48,0,48,0,7,65,0,72,44,0,44,116
07/05/2005,LBE,PA,AEA,CE,Federal Contract Tower,0,7,19,2,28,0,0,19,0,19,0,7,38,2,47,18,0,18,65
07/06/2005,LBE,PA,AEA,CE,Federal Contract Tower,2,6,27,2,37,0,0,43,0,43,2,6,70,2,80,50,0,50,130
07/07/2005,LBE,PA,AEA,CE,Federal Contract Tower,1,13,39,0,53,0,0,29,0,29,1,13,68,0,82,24,0,24,106
07/08/2005,LBE,PA,AEA,CE,Federal Contract Tower,0,9,35,0,44,0,0,25,1,26,0,9,60,1,70,32,0,32,102
07/09/2005,LBE,PA,AEA,CE,Federal Contract Tower,0,8,23,0,31,0,0,99,4,103,0,8,122,4,134,122,4,126,260
07/10/2005,LBE,PA,AEA,CE,Federal Contract Tower,0,6,26,0,32,0,0,110,0,110,0,6,136,0,142,100,0,100,242
07/11/2005,LBE,PA,AEA,CE,Federal Contract Tower,2,8,41,0,51,0,0,45,0,45,2,8,86,0,96,52,0,52,148
07/12/2005,LBE,PA,AEA,CE,Federal Contract Tower,0,13,36,0,49,0,0,37,4,41,0,13,73,4,90,54,8,62,152
07/13/2005,LBE,PA,AEA,CE,Federal Contract Tower,2,11,43,4,60,0,0,56,2,58,2,11,99,6,118,44,4,48,166
07/14/2005,LBE,PA,AEA,CE,Federal Contract Tower,0,13,42,0,55,0,0,51,2,53,0,13,93,2,108,46,2,48,156
07/15/2005,LBE,PA,AEA,CE,Federal Contract Tower,0,7,29,0,36,0,0,45,8,53,0,7,74,8,89,44,10,54,143
07/16/2005,LBE,PA,AEA,CE,Federal Contract Tower,0,9,11,0,20,0,0,54,2,56,0,9,65,2,76,82,14,96,172
07/17/2005,LBE,PA,AEA,CE,Federal Contract Tower,0,7,37,0,44,0,0,19,0,19,0,7,56,0,63,22,0,22,85
07/18/2005,LBE,PA,AEA,CE,Federal Contract Tower,0,12,21,0,33,0,0,38,2,40,0,12,59,2,73,42,0,42,115
07/19/2005,LBE,PA,AEA,CE,Federal Contract Tower,0,13,33,0,46,0,0,53,0,53,0,13,86,0,99,86,0,86,185
07/20/2005,LBE,PA,AEA,CE,Federal Contract Tower,0,6,34,0,40,0,0,37,2,39,0,6,71,2,79,40,8,48,127
07/21/2005,LBE,PA,AEA,CE,Federal Contract Tower,0,8,33,0,41,0,0,63,2,65,0,8,96,2,106,88,22,110,216
07/22/2005,LBE,PA,AEA,CE,Federal Contract Tower,5,7,29,3,44,0,0,51,5,56,5,7,80,8,100,44,8,52,152
07/23/2005,LBE,PA,AEA,CE,Federal Contract Tower,0,5,21,0,26,0,0,66,2,68,0,5,87,2,94,92,0,92,186
07/24/2005,LBE,PA,AEA,CE,Federal Contract Tower,1,9,21,0,31,0,0,49,0,49,1,9,70,0,80,98,0,98,178
07/25/2005,LBE,PA,AEA,CE,Federal Contract Tower,3,10,38,1,52,0,0,31,1,32,3,10,69,2,84,32,2,34,118
07/26/2005,LBE,PA,AEA,CE,Federal Contract Tower,0,6,20,0,26,0,0,48,0,48,0,6,68,0,74,68,0,68,142
07/27/2005,LBE,PA,AEA,CE,Federal Contract Tower,1,7,19,0,27,0,0,23,4,27,1,7,42,4,54,20,4,24,78
07/28/2005,LBE,PA,AEA,CE,Federal Contract Tower,0,7,43,2,52,0,0,74,0,74,0,7,117,2,126,84,4,88,214
07/29/2005,LBE,PA,AEA,CE,Federal Contract Tower,2,13,22,2,39,0,0,83,4,87,2,13,105,6,126,86,6,92,218
07/30/2005,LBE,PA,AEA,CE,Federal Contract Tower,2,8,20,0,30,0,0,70,0,70,2,8,90,0,100,36,8,44,144
07/31/2005,LBE,PA,AEA,CE,Federal Contract Tower,0,7,34,1,42,0,0,55,0,55,0,7,89,1,97,74,0,74,171
08/01/2005,LBE,PA,AEA,CE,Federal Contract Tower,0,6,17,0,23,0,0,46,4,50,0,6,63,4,73,34,8,42,115
08/02/2005,LBE,PA,AEA,CE,Federal Contract Tower,0,7,31,0,38,0,0,91,4,95,0,7,122,4,133,74,6,80,213
08/03/2005,LBE,PA,AEA,CE,Federal Contract Tower,0,5,38,0,43,0,0,73,0,73,0,5,111,0,116,82,4,86,202
08/04/2005,LBE,PA,AEA,CE,Federal Contract Tower,0,9,43,2,54,0,0,39,0,39,0,9,82,2,93,40,0,40,133
08/05/2005,LBE,PA,AEA,CE,Federal Contract Tower,0,9,30,0,39,0,0,27,1,28,0,9,57,1,67,40,0,40,107
08/06/2005,LBE,PA,AEA,CE,Federal Contract Tower,2,7,16,0,25,0,0,89,4,93,2,7,105,4,118,72,0,72,190
08/07/2005,LBE,PA,AEA,CE,Federal Contract Tower,0,8,16,0,24,0,0,69,0,69,0,8,85,0,93,72,2,74,167
08/08/2005,LBE,PA,AEA,CE,Federal Contract Tower,1,7,21,0,29,0,0,22,0,22,1,7,43,0,51,18,0,18,69
08/09/2005,LBE,PA,AEA,CE,Federal Contract Tower,0,10,31,0,41,0,0,54,0,54,0,10,85,0,95,36,0,36,131
08/10/2005,LBE,PA,AEA,CE,Federal Contract Tower,0,11,22,0,33,0,0,81,2,83,0,11,103,2,116,82,2,84,200
08/11/2005,LBE,PA,AEA,CE,Federal Contract Tower,4,10,53,0,67,0,0,34,1,35,4,10,87,1,102,22,0,22,124
08/12/2005,LBE,PA,AEA,CE,Federal Contract Tower,2,7,39,1,49,0,0,39,0,39,2,7,78,1,88,74,8,82,170
08/13/2005,LBE,PA,AEA,CE,Federal Contract Tower,0,11,21,4,36,0,0,79,0,79,0,11,100,4,115,58,0,58,173
08/14/2005,LBE,PA,AEA,CE,Federal Contract Tower,0,6,18,0,24,0,0,45,0,45,0,6,63,0,69,56,0,56,125
08/15/2005,LBE,PA,AEA,CE,Federal Contract Tower,2,5,39,0,46,0,0,50,2,52,2,5,89,2,98,54,8,62,160
08/16/2005,LBE,PA,AEA,CE,Federal Contract Tower,0,13,25,4,42,0,0,10,0,10,0,13,35,4,52,14,0,14,66
08/17/2005,LBE,PA,AEA,CE,Federal Contract Tower,1,5,35,0,41,0,0,83,0,83,1,5,118,0,124,40,0,40,164
08/18/2005,LBE,PA,AEA,CE,Federal Contract Tower,1,7,26,2,36,0,0,66,2,68,1,7,92,4,104,72,0,72,176
08/19/2005,LBE,PA,AEA,CE,Federal Contract Tower,0,10,31,0,41,0,0,54,0,54,0,10,85,0,95,36,0,36,131
08/20/2005,LBE,PA,AEA,CE,Federal Contract Tower,0,4,17,0,21,0,0,48,0,48,0,4,65,0,69,64,0,64,133
08/21/2005,LBE,PA,AEA,CE,Federal Contract Tower,0,6,20,3,29,0,0,46,1,47,0,6,66,4,76,90,16,106,182
08/22/2005,LBE,PA,AEA,CE,Federal Contract Tower,0,5,25,3,33,0,0,72,3,75,0,5,97,6,108,100,6,106,214
08/23/2005,LBE,PA,AEA,CE,Federal Contract Tower,0,9,24,0,33,0,0,79,2,81,0,9,103,2,114,98,2,100,214
08/24/2005,LBE,PA,AEA,CE,Federal Contract Tower,0,3,27,4,34,0,0,66,0,66,0,3,93,4,100,68,12,80,180
08/25/2005,LBE,PA,AEA,CE,Federal Contract Tower,0,3,22,0,25,0,0,53,0,53,0,3,75,0,78,68,2,70,148
08/26/2005,LBE,PA,AEA,CE,Federal Contract Tower,4,4,36,0,44,0,0,50,4,54,4,4,86,4,98,42,4,46,144
08/27/2005,LBE,PA,AEA,CE,Federal Contract Tower,2,4,13,0,19,0,0,30,0,30,2,4,43,0,49,50,0,50,99
08/28/2005,LBE,PA,AEA,CE,Federal Contract Tower,2,3,25,0,30,0,0,46,0,46,2,3,71,0,76,84,4,88,164
08/29/2005,LBE,PA,AEA,CE,Federal Contract Tower,0,10,19,0,29,0,0,2,0,2,0,10,21,0,31,4,0,4,35
08/30/2005,LBE,PA,AEA,CE,Federal Contract Tower,0,8,21,2,31,0,0,10,0,10,0,8,31,2,41,12,2,14,55
08/31/2005,LBE,PA,AEA,CE,Federal Contract Tower,0,3,19,0,22,0,0,27,0,27,0,3,46,0,49,48,0,48,97
09/01/2005,LBE,PA,AEA,CE,Federal Contract Tower,0,10,22,0,32,0,0,43,2,45,0,10,65,2,77,50,0,50,127
09/02/2005,LBE,PA,AEA,CE,Federal Contract Tower,0,7,21,1,29,0,0,78,1,79,0,7,99,2,108,50,0,50,158
09/03/2005,LBE,PA,AEA,CE,Federal Contract Tower,1,3,13,0,17,0,0,85,0,85,1,3,98,0,102,68,4,72,174
09/04/2005,LBE,PA,AEA,CE,Federal Contract Tower,2,10,17,0,29,0,0,95,0,95,2,10,112,0,124,72,2,74,198
09/05/2005,LBE,PA,AEA,CE,Federal Contract Tower,1,3,19,0,23,0,0,62,0,62,1,3,81,0,85,64,0,64,149
09/06/2005,LBE,PA,AEA,CE,Federal Contract Tower,0,5,36,0,41,0,0,79,2,81,0,5,115,2,122,42,4,46,168
09/07/2005,LBE,PA,AEA,CE,Federal Contract Tower,0,3,34,0,37,0,0,59,5,64,0,3,93,5,101,60,4,64,165
09/08/2005,LBE,PA,AEA,CE,Federal Contract Tower,0,25,41,0,66,0,0,49,0,49,0,25,90,0,115,46,0,46,161
09/09/2005,LBE,PA,AEA,CE,Federal Contract Tower,2,10,44,2,58,0,0,37,5,42,2,10,81,7,100,26,2,28,128
09/10/2005,LBE,PA,AEA,CE,Federal Contract Tower,0,8,9,0,17,0,0,91,0,91,0,8,100,0,108,62,2,64,172
09/11/2005,LBE,PA,AEA,CE,Federal Contract Tower,0,8,15,0,23,0,0,45,0,45,0,8,60,0,68,40,6,46,114
09/12/2005,LBE,PA,AEA,CE,Federal Contract Tower,3,19,17,1,40,0,0,86,1,87,3,19,103,2,127,94,0,94,221
09/13/2005,LBE,PA,AEA,CE,Federal Contract Tower,0,6,34,1,41,0,0,56,1,57,0,6,90,2,98,78,4,82,180
09/14/2005,LBE,PA,AEA,CE,Federal Contract Tower,3,7,32,0,42,0,0,46,0,46,3,7,78,0,88,76,0,76,164
09/15/2005,LBE,PA,AEA,CE,Federal Contract Tower,0,7,41,0,48,0,0,44,2,46,0,7,85,2,94,30,0,30,124
09/16/2005,LBE,PA,AEA,CE,Federal Contract Tower,0,16,33,0,49,0,0,55,0,55,0,16,88,0,104,72,4,76,180
09/17/2005,LBE,PA,AEA,CE,Federal Contract Tower,0,12,27,0,39,0,0,22,0,22,0,12,49,0,61,38,0,38,99
09/18/2005,LBE,PA,AEA,CE,Federal Contract Tower,0,7,32,0,39,0,0,45,0,45,0,7,77,0,84,70,0,70,154
09/19/2005,LBE,PA,AEA,CE,Federal Contract Tower,0,4,16,0,20,0,0,66,0,66,0,4,82,0,86,64,0,64,150
09/20/2005,LBE,PA,AEA,CE,Federal Contract Tower,1,7,31,0,39,0,0,34,0,34,1,7,65,0,73,36,0,36,109
09/21/2005,LBE,PA,AEA,CE,Federal Contract Tower,1,13,40,0,54,0,0,50,0,50,1,13,90,0,104,40,6,46,150
09/22/2005,LBE,PA,AEA,CE,Federal Contract Tower,0,8,35,4,47,0,0,72,5,77,0,8,107,9,124,98,2,100,224
09/23/2005,LBE,PA,AEA,CE,Federal Contract Tower,4,6,36,0,46,0,0,52,2,54,4,6,88,2,100,94,0,94,194
09/24/2005,LBE,PA,AEA,CE,Federal Contract Tower,2,4,13,0,19,0,1,40,0,41,2,5,53,0,60,90,0,90,150
09/25/2005,LBE,PA,AEA,CE,Federal Contract Tower,4,7,25,2,38,0,0,74,0,74,4,7,99,2,112,90,6,96,208
09/26/2005,LBE,PA,AEA,CE,Federal Contract Tower,0,11,27,0,38,0,0,15,0,15,0,11,42,0,53,16,0,16,69
09/27/2005,LBE,PA,AEA,CE,Federal Contract Tower,0,28,28,0,56,0,1,57,2,60,0,29,85,2,116,80,8,88,204
09/28/2005,LBE,PA,AEA,CE,Federal Contract Tower,2,16,16,4,38,0,0,66,2,68,2,16,82,6,106,88,8,96,202
09/29/2005,LBE,PA,AEA,CE,Federal Contract Tower,0,18,23,0,41,0,0,24,2,26,0,18,47,2,67,10,0,10,77
09/30/2005,LBE,PA,AEA,CE,Federal Contract Tower,0,25,38,0,63,0,0,56,0,56,0,25,94,0,119,64,4,68,187
10/01/2005,LBE,PA,AEA,CE,Federal Contract Tower,0,11,14,0,25,0,0,103,0,103,0,11,117,0,128,90,2,92,220
10/02/2005,LBE,PA,AEA,CE,Federal Contract Tower,0,9,21,0,30,0,0,76,0,76,0,9,97,0,106,62,10,72,178
10/03/2005,LBE,PA,AEA,CE,Federal Contract Tower,0,8,15,0,23,0,0,49,6,55,0,8,64,6,78,52,4,56,134
10/04/2005,LBE,PA,AEA,CE,Federal Contract Tower,0,15,12,2,29,0,1,70,2,73,0,16,82,4,102,48,2,50,152
10/05/2005,LBE,PA,AEA,CE,Federal Contract Tower,0,13,9,0,22,0,0,62,2,64,0,13,71,2,86,64,12,76,162
10/06/2005,LBE,PA,AEA,CE,Federal Contract Tower,0,23,23,0,46,0,0,43,1,44,0,23,66,1,90,34,0,34,124
10/07/2005,LBE,PA,AEA,CE,Federal Contract Tower,0,14,24,0,38,0,0,8,0,8,0,14,32,0,46,10,0,10,56
10/08/2005,LBE,PA,AEA,CE,Federal Contract Tower,0,4,12,0,16,0,0,0,0,0,0,4,12,0,16,0,0,0,16
10/09/2005,LBE,PA,AEA,CE,Federal Contract Tower,0,8,26,0,34,0,0,11,0,11,0,8,37,0,45,38,0,38,83
10/10/2005,LBE,PA,AEA,CE,Federal Contract Tower,2,9,21,0,32,0,1,75,0,76,2,10,96,0,108,86,0,86,194
10/11/2005,LBE,PA,AEA,CE,Federal Contract Tower,0,14,32,0,46,0,0,12,0,12,0,14,44,0,58,16,0,16,74
10/12/2005,LBE,PA,AEA,CE,Federal Contract Tower,4,12,24,0,40,0,0,24,0,24,4,12,48,0,64,22,0,22,86
10/13/2005,LBE,PA,AEA,CE,Federal Contract Tower,0,18,18,0,36,0,0,31,0,31,0,18,49,0,67,24,0,24,91
10/14/2005,LBE,PA,AEA,CE,Federal Contract Tower,4,21,21,0,46,0,3,31,0,34,4,24,52,0,80,18,0,18,98
10/15/2005,LBE,PA,AEA,CE,Federal Contract Tower,2,16,23,0,41,0,0,43,2,45,2,16,66,2,86,76,0,76,162
10/16/2005,LBE,PA,AEA,CE,Federal Contract Tower,2,10,18,0,30,0,0,22,0,22,2,10,40,0,52,12,0,12,64
10/17/2005,LBE,PA,AEA,CE,Federal Contract Tower,2,9,13,0,24,0,0,62,0,62,2,9,75,0,86,66,0,66,152
10/18/2005,LBE,PA,AEA,CE,Federal Contract Tower,0,23,9,1,33,0,0,60,1,61,0,23,69,2,94,50,4,54,148
10/19/2005,LBE,PA,AEA,CE,Federal Contract Tower,1,15,18,0,34,0,0,66,0,66,1,15,84,0,100,70,0,70,170
10/20/2005,LBE,PA,AEA,CE,Federal Contract Tower,1,14,24,0,39,0,0,59,0,59,1,14,83,0,98,50,0,50,148
10/21/2005,LBE,PA,AEA,CE,Federal Contract Tower,2,10,27,0,39,0,0,21,0,21,2,10,48,0,60,32,0,32,92
10/22/2005,LBE,PA,AEA,CE,Federal Contract Tower,0,8,17,0,25,0,0,0,0,0,0,8,17,0,25,0,0,0,25
10/23/2005,LBE,PA,AEA,CE,Federal Contract Tower,2,13,13,0,28,0,0,70,0,70,2,13,83,0,98,92,0,92,190
10/24/2005,LBE,PA,AEA,CE,Federal Contract Tower,0,20,14,0,34,0,0,2,0,2,0,20,16,0,36,0,0,0,36
10/25/2005,LBE,PA,AEA,CE,Federal Contract Tower,0,17,2,0,19,0,0,1,0,1,0,17,3,0,20,0,0,0,20
10/26/2005,LBE,PA,AEA,CE,Federal Contract Tower,0,21,10,2,33,0,0,11,0,11,0,21,21,2,44,6,0,6,50
10/27/2005,LBE,PA,AEA,CE,Federal Contract Tower,1,14,15,0,30,0,0,13,0,13,1,14,28,0,43,18,2,20,63
10/28/2005,LBE,PA,AEA,CE,Federal Contract Tower,2,16,10,0,28,0,0,24,0,24,2,16,34,0,52,18,0,18,70
10/29/2005,LBE,PA,AEA,CE,Federal Contract Tower,0,6,8,0,14,0,0,38,2,40,0,6,46,2,54,50,4,54,108
10/30/2005,LBE,PA,AEA,CE,Federal Contract Tower,2,11,10,2,25,0,0,99,0,99,2,11,109,2,124,66,0,66,190
10/31/2005,LBE,PA,AEA,CE,Federal Contract Tower,0,4,7,1,12,0,1,37,45,83,0,5,44,46,95,26,0,26,121
11/01/2005,LBE,PA,AEA,CE,Federal Contract Tower,0,9,3,0,12,0,1,44,4,49,0,10,47,4,61,38,6,44,105
11/02/2005,LBE,PA,AEA,CE,Federal Contract Tower,0,9,15,2,26,0,0,42,2,44,0,9,57,4,70,36,6,42,112
11/03/2005,LBE,PA,AEA,CE,Federal Contract Tower,0,14,11,0,25,0,0,31,5,36,0,14,42,5,61,28,2,30,91
11/04/2005,LBE,PA,AEA,CE,Federal Contract Tower,0,9,6,1,16,0,0,19,3,22,0,9,25,4,38,40,0,40,78
11/05/2005,LBE,PA,AEA,CE,Federal Contract Tower,0,13,9,0,22,0,0,62,2,64,0,13,71,2,86,64,12,76,162
11/06/2005,LBE,PA,AEA,CE,Federal Contract Tower,0,8,7,0,15,0,0,8,1,9,0,8,15,1,24,4,0,4,28
11/07/2005,LBE,PA,AEA,CE,Federal Contract Tower,2,9,16,2,29,0,0,50,1,51,2,9,66,3,80,26,0,26,106
11/08/2005,LBE,PA,AEA,CE,Federal Contract Tower,2,14,12,0,28,0,0,11,0,11,2,14,23,0,39,46,0,46,85
11/09/2005,LBE,PA,AEA,CE,Federal Contract Tower,2,12,8,0,22,0,0,2,0,2,2,12,10,0,24,16,0,16,40
11/10/2005,LBE,PA,AEA,CE,Federal Contract Tower,0,15,6,0,21,0,0,15,8,23,0,15,21,8,44,8,6,14,58
11/11/2005,LBE,PA,AEA,CE,Federal Contract Tower,2,18,14,0,34,0,8,34,0,42,2,26,48,0,76,54,0,54,130
11/12/2005,LBE,PA,AEA,CE,Federal Contract Tower,0,8,6,0,14,0,1,54,0,55,0,9,60,0,69,56,0,56,125
11/13/2005,LBE,PA,AEA,CE,Federal Contract Tower,2,12,13,0,27,0,0,20,0,20,2,12,33,0,47,56,0,56,103
11/14/2005,LBE,PA,AEA,CE,Federal Contract Tower,0,13,7,4,24,0,1,69,0,70,0,14,76,4,94,40,0,40,134
11/15/2005,LBE,PA,AEA,CE,Federal Contract Tower,0,15,13,0,28,0,0,18,0,18,0,15,31,0,46,20,0,20,66
11/16/2005,LBE,PA,AEA,CE,Federal Contract Tower,0,14,15,2,31,0,0,3,8,11,0,14,18,10,42,0,6,6,48
11/17/2005,LBE,PA,AEA,CE,Federal Contract Tower,0,15,10,2,27,0,0,29,0,29,0,15,39,2,56,18,0,18,74
11/18/2005,LBE,PA,AEA,CE,Federal Contract Tower,0,20,7,0,27,0,0,49,4,53,0,20,56,4,80,52,0,52,132
11/19/2005,LBE,PA,AEA,CE,Federal Contract Tower,0,6,11,5,22,0,0,59,1,60,0,6,70,6,82,50,6,56,138
11/20/2005,LBE,PA,AEA,CE,Federal Contract Tower,0,13,16,0,29,0,2,59,0,61,0,15,75,0,90,67,0,67,157
11/21/2005,LBE,PA,AEA,CE,Federal Contract Tower,2,14,20,0,36,0,0,22,0,22,2,14,42,0,58,48,6,54,112
11/22/2005,LBE,PA,AEA,CE,Federal Contract Tower,2,21,15,3,41,0,3,13,1,17,2,24,28,4,58,12,0,12,70
11/23/2005,LBE,PA,AEA,CE,Federal Contract Tower,0,32,5,0,37,0,0,21,0,21,0,32,26,0,58,20,0,20,78
11/24/2005,LBE,PA,AEA,CE,Federal Contract Tower,0,9,2,0,11,0,0,0,0,0,0,9,2,0,11,0,0,0,11
11/25/2005,LBE,PA,AEA,CE,Federal Contract Tower,2,10,4,0,16,0,0,19,0,19,2,10,23,0,35,22,0,22,57
11/26/2005,LBE,PA,AEA,CE,Federal Contract Tower,0,11,7,0,18,0,0,50,0,50,0,11,57,0,68,62,4,66,134
11/27/2005,LBE,PA,AEA,CE,Federal Contract Tower,3,24,11,0,38,0,0,37,0,37,3,24,48,0,75,38,0,38,113
11/28/2005,LBE,PA,AEA,CE,Federal Contract Tower,0,14,9,0,23,0,0,5,0,5,0,14,14,0,28,2,0,2,30
11/29/2005,LBE,PA,AEA,CE,Federal Contract Tower,0,13,9,0,22,0,0,1,0,1,0,13,10,0,23,0,0,0,23
11/30/2005,LBE,PA,AEA,CE,Federal Contract Tower,0,16,7,2,25,0,0,31,0,31,0,16,38,2,56,36,0,36,92
12/01/2005,LBE,PA,AEA,CE,Federal Contract Tower,0,14,13,2,29,0,0,32,0,32,0,14,45,2,61,38,0,38,99
12/02/2005,LBE,PA,AEA,CE,Federal Contract Tower,2,16,17,0,35,0,0,2,0,2,2,16,19,0,37,4,0,4,41
12/03/2005,LBE,PA,AEA,CE,Federal Contract Tower,0,8,2,0,10,0,0,49,2,51,0,8,51,2,61,74,0,74,135
12/04/2005,LBE,PA,AEA,CE,Federal Contract Tower,0,9,7,0,16,0,0,0,0,0,0,9,7,0,16,0,0,0,16
12/05/2005,LBE,PA,AEA,CE,Federal Contract Tower,0,14,3,0,17,0,0,15,0,15,0,14,18,0,32,32,0,32,64
12/06/2005,LBE,PA,AEA,CE,Federal Contract Tower,1,18,4,2,25,0,0,33,2,35,1,18,37,4,60,24,16,40,100
12/07/2005,LBE,PA,AEA,CE,Federal Contract Tower,0,14,10,0,24,0,0,29,2,31,0,14,39,2,55,16,2,18,73
12/08/2005,LBE,PA,AEA,CE,Federal Contract Tower,0,17,12,4,33,0,1,46,7,54,0,18,58,11,87,48,12,60,147
12/09/2005,LBE,PA,AEA,CE,Federal Contract Tower,0,12,3,0,15,0,0,2,0,2,0,12,5,0,17,0,0,0,17
12/10/2005,LBE,PA,AEA,CE,Federal Contract Tower,0,7,6,2,15,0,0,27,6,33,0,7,33,8,48,50,0,50,98
12/11/2005,LBE,PA,AEA,CE,Federal Contract Tower,0,14,3,0,17,0,0,1,0,1,0,14,4,0,18,0,0,0,18
12/12/2005,LBE,PA,AEA,CE,Federal Contract Tower,0,16,7,0,23,0,0,19,0,19,0,16,26,0,42,24,0,24,66
12/13/2005,LBE,PA,AEA,CE,Federal Contract Tower,0,14,14,0,28,0,2,36,6,44,0,16,50,6,72,50,6,56,128
12/14/2005,LBE,PA,AEA,CE,Federal Contract Tower,0,19,13,0,32,0,0,20,0,20,0,19,33,0,52,12,0,12,64
12/15/2005,LBE,PA,AEA,CE,Federal Contract Tower,0,8,9,0,17,0,0,7,0,7,0,8,16,0,24,4,0,4,28
12/16/2005,LBE,PA,AEA,CE,Federal Contract Tower,2,13,4,0,19,0,0,7,0,7,2,13,11,0,26,4,0,4,30
12/17/2005,LBE,PA,AEA,CE,Federal Contract Tower,0,8,4,0,12,0,0,37,0,37,0,8,41,0,49,116,0,116,165
12/18/2005,LBE,PA,AEA,CE,Federal Contract Tower,0,7,5,0,12,0,3,49,0,52,0,10,54,0,64,48,0,48,112
12/19/2005,LBE,PA,AEA,CE,Federal Contract Tower,0,10,8,1,19,0,0,20,1,21,0,10,28,2,40,10,0,10,50
12/20/2005,LBE,PA,AEA,CE,Federal Contract Tower,0,15,8,7,30,0,0,33,6,39,0,15,41,13,69,18,18,36,105
12/21/2005,LBE,PA,AEA,CE,Federal Contract Tower,0,19,12,2,33,0,5,14,0,19,0,24,26,2,52,2,0,2,54
12/22/2005,LBE,PA,AEA,CE,Federal Contract Tower,0,14,13,0,27,0,0,42,0,42,0,14,55,0,69,32,0,32,101
12/23/2005,LBE,PA,AEA,CE,Federal Contract Tower,0,10,8,0,18,0,0,45,0,45,0,10,53,0,63,18,0,18,81
12/24/2005,LBE,PA,AEA,CE,Federal Contract Tower,0,5,0,0,5,0,0,51,0,51,0,5,51,0,56,72,0,72,128
12/25/2005,LBE,PA,AEA,CE,Federal Contract Tower,0,4,2,0,6,0,0,2,0,2,0,4,4,0,8,0,0,0,8
12/26/2005,LBE,PA,AEA,CE,Federal Contract Tower,0,18,4,0,22,0,0,0,0,0,0,18,4,0,22,0,0,0,22
12/27/2005,LBE,PA,AEA,CE,Federal Contract Tower,1,15,10,0,26,0,0,22,0,22,1,15,32,0,48,32,0,32,80
12/28/2005,LBE,PA,AEA,CE,Federal Contract Tower,0,11,9,0,20,0,3,45,0,48,0,14,54,0,68,52,0,52,120
12/29/2005,LBE,PA,AEA,CE,Federal Contract Tower,0,14,6,2,22,0,0,1,0,1,0,14,7,2,23,0,0,0,23
12/30/2005,LBE,PA,AEA,CE,Federal Contract Tower,0,13,7,0,20,0,0,24,0,24,0,13,31,0,44,2,0,2,46
12/31/2005,LBE,PA,AEA,CE,Federal Contract Tower,2,7,5,0,14,0,0,6,0,6,2,7,11,0,20,8,0,8,28
01/01/2006,LBE,PA,AEA,CE,Federal Contract Tower,0,7,9,0,16,0,2,54,0,56,0,9,63,0,72,68,0,68,140
01/02/2006,LBE,PA,AEA,CE,Federal Contract Tower,0,16,6,0,22,0,0,4,0,4,0,16,10,0,26,6,0,6,32
01/03/2006,LBE,PA,AEA,CE,Federal Contract Tower,0,13,7,2,22,0,0,5,0,5,0,13,12,2,27,2,0,2,29
01/04/2006,LBE,PA,AEA,CE,Federal Contract Tower,0,11,26,1,38,0,1,15,5,21,0,12,41,6,59,26,14,40,99
01/05/2006,LBE,PA,AEA,CE,Federal Contract Tower,0,12,13,0,25,0,0,3,0,3,0,12,16,0,28,14,0,14,42
01/06/2006,LBE,PA,AEA,CE,Federal Contract Tower,0,9,4,0,13,0,0,7,0,7,0,9,11,0,20,4,0,4,24
01/07/2006,LBE,PA,AEA,CE,Federal Contract Tower,1,13,6,0,20,0,0,34,0,34,1,13,40,0,54,26,6,32,86
01/08/2006,LBE,PA,AEA,CE,Federal Contract Tower,0,10,6,0,16,0,0,30,2,32,0,10,36,2,48,28,14,42,90
01/09/2006,LBE,PA,AEA,CE,Federal Contract Tower,0,11,3,0,14,0,0,22,0,22,0,11,25,0,36,8,0,8,44
01/10/2006,LBE,PA,AEA,CE,Federal Contract Tower,0,17,5,0,22,0,0,75,6,81,0,17,80,6,103,76,12,88,191
01/11/2006,LBE,PA,AEA,CE,Federal Contract Tower,0,25,5,0,30,0,3,14,2,19,0,28,19,2,49,4,0,4,53
01/12/2006,LBE,PA,AEA,CE,Federal Contract Tower,0,16,16,2,34,0,2,64,4,70,0,18,80,6,104,40,10,50,154
01/13/2006,LBE,PA,AEA,CE,Federal Contract Tower,0,15,9,0,24,0,1,61,0,62,0,16,70,0,86,60,4,64,150
01/14/2006,LBE,PA,AEA,CE,Federal Contract Tower,0,4,7,0,11,0,0,2,0,2,0,4,9,0,13,6,0,6,19
01/15/2006,LBE,PA,AEA,CE,Federal Contract Tower,0,9,3,0,12,0,0,22,0,22,0,9,25,0,34,12,0,12,46
01/16/2006,LBE,PA,AEA,CE,Federal Contract Tower,0,13,8,0,21,0,1,35,0,36,0,14,43,0,57,18,0,18,75
01/17/2006,LBE,PA,AEA,CE,Federal Contract Tower,0,12,0,0,12,0,2,0,0,2,0,14,0,0,14,2,0,2,16
01/18/2006,LBE,PA,AEA,CE,Federal Contract Tower,0,14,8,0,22,0,0,2,0,2,0,14,10,0,24,8,0,8,32
01/19/2006,LBE,PA,AEA,CE,Federal Contract Tower,0,10,10,0,20,0,2,46,5,53,0,12,56,5,73,48,4,52,125
01/20/2006,LBE,PA,AEA,CE,Federal Contract Tower,0,9,4,2,15,0,0,23,1,24,0,9,27,3,39,60,0,60,99
01/21/2006,LBE,PA,AEA,CE,Federal Contract Tower,2,4,1,0,7,0,1,23,0,24,2,5,24,0,31,32,0,32,63
01/22/2006,LBE,PA,AEA,CE,Federal Contract Tower,0,8,7,0,15,0,3,49,0,52,0,11,56,0,67,56,0,56,123
01/23/2006,LBE,PA,AEA,CE,Federal Contract Tower,0,18,7,2,27,0,0,0,2,2,0,18,7,4,29,2,0,2,31
01/24/2006,LBE,PA,AEA,CE,Federal Contract Tower,0,14,14,0,28,0,0,25,4,29,0,14,39,4,57,4,24,28,85
01/25/2006,LBE,PA,AEA,CE,Federal Contract Tower,0,12,10,1,23,0,0,3,0,3,0,12,13,1,26,0,0,0,26
01/26/2006,LBE,PA,AEA,CE,Federal Contract Tower,0,11,9,2,22,0,0,15,4,19,0,11,24,6,41,24,4,28,69
01/27/2006,LBE,PA,AEA,CE,Federal Contract Tower,6,9,5,0,20,0,4,71,2,77,6,13,76,2,97,48,2,50,147
01/28/2006,LBE,PA,AEA,CE,Federal Contract Tower,1,5,6,1,13,0,9,82,1,92,1,14,88,2,105,114,4,118,223
01/29/2006,LBE,PA,AEA,CE,Federal Contract Tower,5,9,7,0,21,0,0,1,0,1,5,9,8,0,22,14,0,14,36
01/30/2006,LBE,PA,AEA,CE,Federal Contract Tower,0,14,4,0,18,2,2,32,2,38,2,16,36,2,56,44,0,44,100
01/31/2006,LBE,PA,AEA,CE,Federal Contract Tower,0,12,6,0,18,0,0,7,1,8,0,12,13,1,26,2,0,2,28
02/01/2006,LBE,PA,AEA,CE,Federal Contract Tower,0,10,22,0,32,0,1,40,0,41,0,11,62,0,73,40,0,40,113
02/02/2006,LBE,PA,AEA,CE,Federal Contract Tower,0,11,16,2,29,0,4,56,0,60,0,15,72,2,89,32,0,32,121
02/03/2006,LBE,PA,AEA,CE,Federal Contract Tower,0,22,5,0,27,0,3,18,0,21,0,25,23,0,48,18,0,18,66
02/04/2006,LBE,PA,AEA,CE,Federal Contract Tower,0,7,2,0,9,0,0,2,0,2,0,7,4,0,11,0,0,0,11
02/05/2006,LBE,PA,AEA,CE,Federal Contract Tower,0,19,5,0,24,0,0,0,0,0,0,19,5,0,24,0,0,0,24
02/06/2006,LBE,PA,AEA,CE,Federal Contract Tower,0,16,10,0,26,0,0,16,2,18,0,16,26,2,44,10,0,10,54
02/07/2006,LBE,PA,AEA,CE,Federal Contract Tower,1,10,17,0,28,0,0,22,0,22,1,10,39,0,50,8,0,8,58
02/08/2006,LBE,PA,AEA,CE,Federal Contract Tower,0,21,14,0,35,0,0,6,0,6,0,21,20,0,41,0,0,0,41
02/09/2006,LBE,PA,AEA,CE,Federal Contract Tower,0,11,17,0,28,0,0,28,0,28,0,11,45,0,56,2,0,2,58
02/10/2006,LBE,PA,AEA,CE,Federal Contract Tower,2,14,11,0,27,0,14,23,0,37,2,28,34,0,64,10,0,10,74
02/11/2006,LBE,PA,AEA,CE,Federal Contract Tower,0,7,7,0,14,0,0,18,8,26,0,7,25,8,40,26,28,54,94
02/12/2006,LBE,PA,AEA,CE,Federal Contract Tower,0,12,2,0,14,0,0,4,0,4,0,12,6,0,18,0,0,0,18
02/13/2006,LBE,PA,AEA,CE,Federal Contract Tower,0,22,19,4,45,0,0,7,0,7,0,22,26,4,52,10,0,10,62
02/14/2006,LBE,PA,AEA,CE,Federal Contract Tower,1,13,11,2,27,0,0,35,1,36,1,13,46,3,63,44,0,44,107
02/15/2006,LBE,PA,AEA,CE,Federal Contract Tower,0,25,11,0,36,0,8,72,4,84,0,33,83,4,120,60,0,60,180
02/16/2006,LBE,PA,AEA,CE,Federal Contract Tower,0,18,6,0,24,0,4,37,4,45,0,22,43,4,69,20,0,20,89
02/17/2006,LBE,PA,AEA,CE,Federal Contract Tower,2,11,4,0,17,0,0,4,0,4,2,11,8,0,21,8,0,8,29
02/18/2006,LBE,PA,AEA,CE,Federal Contract Tower,0,13,3,0,16,0,0,4,0,4,0,13,7,0,20,8,0,8,28
02/19/2006,LBE,PA,AEA,CE,Federal Contract Tower,0,10,5,0,15,0,6,57,0,63,0,16,62,0,78,60,0,60,138
02/20/2006,LBE,PA,AEA,CE,Federal Contract Tower,0,18,11,0,29,0,0,35,0,35,0,18,46,0,64,52,0,52,116
02/21/2006,LBE,PA,AEA,CE,Federal Contract Tower,0,9,8,1,18,7,0,35,3,45,7,9,43,4,63,26,0,26,89
02/22/2006,LBE,PA,AEA,CE,Federal Contract Tower,0,22,13,2,37,0,0,57,4,61,0,22,70,6,98,34,26,60,158
02/23/2006,LBE,PA,AEA,CE,Federal Contract Tower,0,16,9,0,25,0,1,38,10,49,0,17,47,10,74,70,4,74,148
02/24/2006,LBE,PA,AEA,CE,Federal Contract Tower,2,17,11,0,30,0,2,25,0,27,2,19,36,0,57,10,0,10,67
02/25/2006,LBE,PA,AEA,CE,Federal Contract Tower,2,5,1,0,8,0,0,4,0,4,2,5,5,0,12,8,0,8,20
02/26/2006,LBE,PA,AEA,CE,Federal Contract Tower,0,8,13,0,21,0,0,19,0,19,0,8,32,0,40,28,4,32,72
02/27/2006,LBE,PA,AEA,CE,Federal Contract Tower,0,10,8,0,18,0,0,12,0,12,0,10,20,0,30,6,0,6,36
02/28/2006,LBE,PA,AEA,CE,Federal Contract Tower,2,13,4,4,23,0,13,34,0,47,2,26,38,4,70,32,4,36,106
03/01/2006,LBE,PA,AEA,CE,Federal Contract Tower,0,14,9,4,27,0,11,52,2,65,0,25,61,6,92,34,0,34,126
03/02/2006,LBE,PA,AEA,CE,Federal Contract Tower,2,21,4,0,27,0,0,7,0,7,2,21,11,0,34,4,0,4,38
03/03/2006,LBE,PA,AEA,CE,Federal Contract Tower,0,16,16,0,32,0,0,24,0,24,0,16,40,0,56,26,0,26,82
03/04/2006,LBE,PA,AEA,CE,Federal Contract Tower,0,9,12,0,21,0,0,42,3,45,0,9,54,3,66,46,0,46,112
03/05/2006,LBE,PA,AEA,CE,Federal Contract Tower,0,15,18,0,33,0,0,77,1,78,0,15,95,1,111,34,0,34,145
03/06/2006,LBE,PA,AEA,CE,Federal Contract Tower,0,16,12,1,29,0,3,47,2,52,0,19,59,3,81,16,0,16,97
03/07/2006,LBE,PA,AEA,CE,Federal Contract Tower,2,14,24,0,40,0,4,62,2,68,2,18,86,2,108,32,8,40,148
03/08/2006,LBE,PA,AEA,CE,Federal Contract Tower,0,18,6,2,26,0,1,61,4,66,0,19,67,6,92,20,2,22,114
03/09/2006,LBE,PA,AEA,CE,Federal Contract Tower,0,16,9,0,25,0,3,38,8,49,0,19,47,8,74,32,6,38,112
03/10/2006,LBE,PA,AEA,CE,Federal Contract Tower,2,12,6,2,22,0,0,22,0,22,2,12,28,2,44,46,4,50,94
03/11/2006,LBE,PA,AEA,CE,Federal Contract Tower,2,4,15,3,24,0,0,52,3,55,2,4,67,6,79,86,8,94,173
03/12/2006,LBE,PA,AEA,CE,Federal Contract Tower,0,10,10,0,20,0,0,11,4,15,0,10,21,4,35,4,0,4,39
03/13/2006,LBE,PA,AEA,CE,Federal Contract Tower,2,10,3,0,15,0,0,8,2,10,2,10,11,2,25,4,4,8,33
03/14/2006,LBE,PA,AEA,CE,Federal Contract Tower,0,18,5,0,23,0,0,8,2,10,0,18,13,2,33,0,0,0,33
03/15/2006,LBE,PA,AEA,CE,Federal Contract Tower,2,15,12,0,29,0,0,15,4,19,2,15,27,4,48,30,14,44,92
03/16/2006,LBE,PA,AEA,CE,Federal Contract Tower,0,12,8,3,23,0,1,35,5,41,0,13,43,8,64,38,16,54,118
03/17/2006,LBE,PA,AEA,CE,Federal Contract Tower,2,18,2,1,23,0,1,36,1,38,2,19,38,2,61,72,0,72,133
03/18/2006,LBE,PA,AEA,CE,Federal Contract Tower,0,7,8,0,15,0,3,50,0,53,0,10,58,0,68,42,0,42,110
03/19/2006,LBE,PA,AEA,CE,Federal Contract Tower,0,11,5,0,16,0,1,51,2,54,0,12,56,2,70,52,8,60,130
03/20/2006,LBE,PA,AEA,CE,Federal Contract Tower,0,15,8,2,25,0,0,65,3,68,0,15,73,5,93,52,8,60,153
03/21/2006,LBE,PA,AEA,CE,Federal Contract Tower,0,10,7,2,19,0,0,27,10,37,0,10,34,12,56,4,20,24,80
03/22/2006,LBE,PA,AEA,CE,Federal Contract Tower,0,17,13,0,30,0,0,40,0,40,0,17,53,0,70,26,12,38,108
03/23/2006,LBE,PA,AEA,CE,Federal Contract Tower,0,21,18,0,39,0,0,32,0,32,0,21,50,0,71,40,0,40,111
03/24/2006,LBE,PA,AEA,CE,Federal Contract Tower,2,17,10,0,29,0,0,29,6,35,2,17,39,6,64,46,4,50,114
03/25/2006,LBE,PA,AEA,CE,Federal Contract Tower,2,10,5,0,17,0,0,17,0,17,2,10,22,0,34,18,8,26,60
03/26/2006,LBE,PA,AEA,CE,Federal Contract Tower,3,11,8,0,22,0,0,24,0,24,3,11,32,0,46,42,0,42,88
03/27/2006,LBE,PA,AEA,CE,Federal Contract Tower,0,12,5,0,17,0,0,67,0,67,0,12,72,0,84,62,0,62,146
03/28/2006,LBE,PA,AEA,CE,Federal Contract Tower,0,13,17,0,30,0,2,38,2,42,0,15,55,2,72,56,0,56,128
03/29/2006,LBE,PA,AEA,CE,Federal Contract Tower,0,16,13,1,30,0,0,29,7,36,0,16,42,8,66,56,6,62,128
03/30/2006,LBE,PA,AEA,CE,Federal Contract Tower,0,18,11,0,29,0,0,91,8,99,0,18,102,8,128,46,2,48,176
03/31/2006,LBE,PA,AEA,CE,Federal Contract Tower,1,18,17,0,36,0,4,28,0,32,1,22,45,0,68,12,0,12,80
04/01/2006,LBE,PA,AEA,CE,Federal Contract Tower,0,10,2,0,12,0,1,18,2,21,0,11,20,2,33,24,6,30,63
04/02/2006,LBE,PA,AEA,CE,Federal Contract Tower,2,14,6,2,24,0,0,73,6,79,2,14,79,8,103,78,0,78,181
04/03/2006,LBE,PA,AEA,CE,Federal Contract Tower,0,18,6,2,26,0,0,10,0,10,0,18,16,2,36,6,0,6,42
04/04/2006,LBE,PA,AEA,CE,Federal Contract Tower,0,19,7,0,26,0,0,16,2,18,0,19,23,2,44,16,10,26,70
04/05/2006,LBE,PA,AEA,CE,Federal Contract Tower,1,20,6,0,27,0,3,13,0,16,1,23,19,0,43,22,4,26,69
04/06/2006,LBE,PA,AEA,CE,Federal Contract Tower,0,19,5,0,24,0,3,65,5,73,0,22,70,5,97,46,0,46,143
04/07/2006,LBE,PA,AEA,CE,Federal Contract Tower,0,11,8,0,19,0,0,22,5,27,0,11,30,5,46,12,0,12,58
04/08/2006,LBE,PA,AEA,CE,Federal Contract Tower,0,7,4,0,11,0,1,11,2,14,0,8,15,2,25,0,2,2,27
04/09/2006,LBE,PA,AEA,CE,Federal Contract Tower,0,3,18,0,21,0,0,71,4,75,0,3,89,4,96,76,4,80,176
04/10/2006,LBE,PA,AEA,CE,Federal Contract Tower,0,7,8,1,16,0,4,52,7,63,0,11,60,8,79,44,6,50,129
04/11/2006,LBE,PA,AEA,CE,Federal Contract Tower,0,17,14,3,34,0,5,60,3,68,0,22,74,6,102,76,10,86,188
04/12/2006,LBE,PA,AEA,CE,Federal Contract Tower,0,22,12,0,34,0,1,40,2,43,0,23,52,2,77,54,0,54,131
04/13/2006,LBE,PA,AEA,CE,Federal Contract Tower,0,15,6,0,21,0,1,58,2,61,0,16,64,2,82,40,4,44,126
04/14/2006,LBE,PA,AEA,CE,Federal Contract Tower,0,11,2,0,13,0,2,0,2,4,0,13,2,2,17,8,0,8,25
04/15/2006,LBE,PA,AEA,CE,Federal Contract Tower,0,7,9,2,18,0,0,42,4,46,0,7,51,6,64,52,34,86,150
04/16/2006,LBE,PA,AEA,CE,Federal Contract Tower,0,8,8,0,16,0,2,46,0,48,0,10,54,0,64,34,14,48,112
04/17/2006,LBE,PA,AEA,CE,Federal Contract Tower,2,19,13,0,34,0,5,37,0,42,2,24,50,0,76,38,0,38,114
04/18/2006,LBE,PA,AEA,CE,Federal Contract Tower,0,15,19,0,34,0,1,80,6,87,0,16,99,6,121,84,10,94,215
04/19/2006,LBE,PA,AEA,CE,Federal Contract Tower,2,15,5,0,22,0,1,140,8,149,2,16,145,8,171,92,8,100,271
04/20/2006,LBE,PA,AEA,CE,Federal Contract Tower,0,14,10,0,24,0,1,66,0,67,0,15,76,0,91,86,0,86,177
04/21/2006,LBE,PA,AEA,CE,Federal Contract Tower,2,15,3,0,20,0,2,42,0,44,2,17,45,0,64,54,0,54,118
04/22/2006,LBE,PA,AEA,CE,Federal Contract Tower,0,6,13,0,19,0,0,11,0,11,0,6,24,0,30,18,0,18,48
04/23/2006,LBE,PA,AEA,CE,Federal Contract Tower,0,9,12,0,21,0,2,29,0,31,0,11,41,0,52,32,12,44,96
04/24/2006,LBE,PA,AEA,CE,Federal Contract Tower,0,7,12,0,19,0,1,27,4,32,0,8,39,4,51,30,0,30,81
04/25/2006,LBE,PA,AEA,CE,Federal Contract Tower,0,17,10,0,27,0,13,40,5,58,0,30,50,5,85,40,4,44,129
04/26/2006,LBE,PA,AEA,CE,Federal Contract Tower,0,24,10,0,34,0,0,60,2,62,0,24,70,2,96,42,0,42,138
04/27/2006,LBE,PA,AEA,CE,Federal Contract Tower,0,23,13,0,36,0,2,74,10,86,0,25,87,10,122,66,28,94,216
04/28/2006,LBE,PA,AEA,CE,Federal Contract Tower,2,15,9,2,28,0,5,85,4,94,2,20,94,6,122,66,14,80,202
04/29/2006,LBE,PA,AEA,CE,Federal Contract Tower,0,11,3,0,14,0,1,66,0,67,0,12,69,0,81,48,6,54,135
04/30/2006,LBE,PA,AEA,CE,Federal Contract Tower,2,12,11,0,25,0,1,54,0,55,2,13,65,0,80,54,16,70,150
05/01/2006,LBE,PA,AEA,CE,Federal Contract Tower,1,12,8,2,23,0,4,59,4,67,1,16,67,6,90,26,0,26,116
05/02/2006,LBE,PA,AEA,CE,Federal Contract Tower,0,15,8,0,23,0,8,65,2,75,0,23,73,2,98,64,0,64,162
05/03/2006,LBE,PA,AEA,CE,Federal Contract Tower,0,10,19,0,29,0,0,38,0,38,0,10,57,0,67,12,0,12,79
05/04/2006,LBE,PA,AEA,CE,Federal Contract Tower,1,19,21,0,41,0,0,63,2,65,1,19,84,2,106,66,18,84,190
05/05/2006,LBE,PA,AEA,CE,Federal Contract Tower,0,18,15,0,33,0,1,52,8,61,0,19,67,8,94,54,18,72,166
05/06/2006,LBE,PA,AEA,CE,Federal Contract Tower,0,5,13,0,18,0,0,34,2,36,0,5,47,2,54,40,24,64,118
05/07/2006,LBE,PA,AEA,CE,Federal Contract Tower,0,10,7,0,17,0,1,97,0,98,0,11,104,0,115,128,0,128,243
05/08/2006,LBE,PA,AEA,CE,Federal Contract Tower,0,13,10,0,23,0,2,47,6,55,0,15,57,6,78,12,0,12,90
05/09/2006,LBE,PA,AEA,CE,Federal Contract Tower,0,18,10,2,30,0,2,87,2,91,0,20,97,4,121,44,8,52,173
05/10/2006,LBE,PA,AEA,CE,Federal Contract Tower,0,18,8,3,29,0,1,55,5,61,0,19,63,8,90,52,24,76,166
05/11/2006,LBE,PA,AEA,CE,Federal Contract Tower,0,23,14,2,39,0,0,5,0,5,0,23,19,2,44,0,0,0,44
05/12/2006,LBE,PA,AEA,CE,Federal Contract Tower,2,11,16,4,33,0,0,27,6,33,2,11,43,10,66,92,8,100,166
05/13/2006,LBE,PA,AEA,CE,Federal Contract Tower,2,8,11,2,23,0,3,58,0,61,2,11,69,2,84,52,0,52,136
05/14/2006,LBE,PA,AEA,CE,Federal Contract Tower,0,8,4,1,13,0,1,18,0,19,0,9,22,1,32,26,4,30,62
05/15/2006,LBE,PA,AEA,CE,Federal Contract Tower,2,18,15,0,35,0,0,2,0,2,2,18,17,0,37,6,0,6,43
05/16/2006,LBE,PA,AEA,CE,Federal Contract Tower,0,22,20,4,46,0,0,0,0,0,0,22,20,4,46,0,0,0,46
05/17/2006,LBE,PA,AEA,CE,Federal Contract Tower,2,20,22,0,44,0,0,24,0,24,2,20,46,0,68,28,8,36,104
05/18/2006,LBE,PA,AEA,CE,Federal Contract Tower,0,15,9,0,24,0,0,22,0,22,0,15,31,0,46,14,0,14,60
05/19/2006,LBE,PA,AEA,CE,Federal Contract Tower,0,20,9,0,29,0,0,14,2,16,0,20,23,2,45,18,0,18,63
05/20/2006,LBE,PA,AEA,CE,Federal Contract Tower,0,7,15,0,22,0,1,47,0,48,0,8,62,0,70,70,0,70,140
05/21/2006,LBE,PA,AEA,CE,Federal Contract Tower,0,8,10,0,18,0,0,24,8,32,0,8,34,8,50,6,0,6,56
05/22/2006,LBE,PA,AEA,CE,Federal Contract Tower,0,15,17,2,34,0,0,50,0,50,0,15,67,2,84,46,10,56,140
05/23/2006,LBE,PA,AEA,CE,Federal Contract Tower,0,11,15,1,27,0,0,76,7,83,0,11,91,8,110,76,20,96,206
05/24/2006,LBE,PA,AEA,CE,Federal Contract Tower,0,20,21,7,48,0,6,54,0,60,0,26,75,7,108,70,22,92,200
05/25/2006,LBE,PA,AEA,CE,Federal Contract Tower,0,11,7,0,18,0,3,35,8,46,0,14,42,8,64,70,2,72,136
05/26/2006,LBE,PA,AEA,CE,Federal Contract Tower,4,20,18,1,43,0,1,18,2,21,4,21,36,3,64,26,2,28,92
05/27/2006,LBE,PA,AEA,CE,Federal Contract Tower,0,10,14,0,24,0,4,37,0,41,0,14,51,0,65,82,0,82,147
05/28/2006,LBE,PA,AEA,CE,Federal Contract Tower,2,7,8,0,17,0,0,89,0,89,2,7,97,0,106,106,0,106,212
05/29/2006,LBE,PA,AEA,CE,Federal Contract Tower,0,12,9,0,21,0,0,69,2,71,0,12,78,2,92,70,10,80,172
05/30/2006,LBE,PA,AEA,CE,Federal Contract Tower,2,20,11,3,36,0,0,57,9,66,2,20,68,12,102,60,12,72,174
05/31/2006,LBE,PA,AEA,CE,Federal Contract Tower,1,20,11,0,32,0,1,38,0,39,1,21,49,0,71,48,4,52,123
06/01/2006,LBE,PA,AEA,CE,Federal Contract Tower,0,15,9,0,24,0,2,30,0,32,0,17,39,0,56,24,0,24,80
06/02/2006,LBE,PA,AEA,CE,Federal Contract Tower,0,22,14,0,36,0,0,2,0,2,0,22,16,0,38,0,0,0,38
06/03/2006,LBE,PA,AEA,CE,Federal Contract Tower,0,10,5,0,15,0,3,35,0,38,0,13,40,0,53,68,0,68,121
06/04/2006,LBE,PA,AEA,CE,Federal Contract Tower,0,25,21,0,46,0,0,14,0,14,0,25,35,0,60,6,0,6,66
06/05/2006,LBE,PA,AEA,CE,Federal Contract Tower,0,21,14,0,35,0,0,35,0,35,0,21,49,0,70,40,6,46,116
06/06/2006,LBE,PA,AEA,CE,Federal Contract Tower,0,16,25,0,41,0,3,56,0,59,0,19,81,0,100,66,0,66,166
06/07/2006,LBE,PA,AEA,CE,Federal Contract Tower,1,21,15,0,37,0,6,70,0,76,1,27,85,0,113,68,0,68,181
06/08/2006,LBE,PA,AEA,CE,Federal Contract Tower,0,21,26,4,51,0,0,51,2,53,0,21,77,6,104,34,4,38,142
06/09/2006,LBE,PA,AEA,CE,Federal Contract Tower,0,24,19,0,43,0,4,46,2,52,0,28,65,2,95,72,4,76,171
06/10/2006,LBE,PA,AEA,CE,Federal Contract Tower,2,11,13,0,26,0,1,65,6,72,2,12,78,6,98,92,14,106,204
06/11/2006,LBE,PA,AEA,CE,Federal Contract Tower,0,8,14,1,23,0,0,63,6,69,0,8,77,7,92,100,24,124,216
06/12/2006,LBE,PA,AEA,CE,Federal Contract Tower,1,17,24,0,42,0,8,39,0,47,1,25,63,0,89,34,0,34,123
06/13/2006,LBE,PA,AEA,CE,Federal Contract Tower,0,15,16,4,35,0,2,64,8,74,0,17,80,12,109,74,12,86,195
06/14/2006,LBE,PA,AEA,CE,Federal Contract Tower,2,20,20,0,42,0,4,52,0,56,2,24,72,0,98,70,0,70,168
06/15/2006,LBE,PA,AEA,CE,Federal Contract Tower,0,21,20,0,41,0,4,58,0,62,0,25,78,0,103,36,0,36,139
06/16/2006,LBE,PA,AEA,CE,Federal Contract Tower,0,14,18,6,38,0,1,58,4,63,0,15,76,10,101,46,6,52,153
06/17/2006,LBE,PA,AEA,CE,Federal Contract Tower,0,13,16,0,29,0,0,55,2,57,0,13,71,2,86,56,8,64,150
06/18/2006,LBE,PA,AEA,CE,Federal Contract Tower,0,13,12,0,25,0,1,46,2,49,0,14,58,2,74,52,6,58,132
06/19/2006,LBE,PA,AEA,CE,Federal Contract Tower,0,15,16,0,31,0,0,30,0,30,0,15,46,0,61,24,0,24,85
06/20/2006,LBE,PA,AEA,CE,Federal Contract Tower,2,23,39,0,64,0,0,55,16,71,2,23,94,16,135,46,6,52,187
06/21/2006,LBE,PA,AEA,CE,Federal Contract Tower,0,15,8,0,23,0,0,41,4,45,0,15,49,4,68,40,8,48,116
06/22/2006,LBE,PA,AEA,CE,Federal Contract Tower,0,16,23,0,39,0,0,57,0,57,0,16,80,0,96,40,0,40,136
06/23/2006,LBE,PA,AEA,CE,Federal Contract Tower,2,22,31,3,58,0,2,30,2,34,2,24,61,5,92,30,0,30,122
06/24/2006,LBE,PA,AEA,CE,Federal Contract Tower,2,10,22,0,34,0,5,23,0,28,2,15,45,0,62,36,0,36,98
06/25/2006,LBE,PA,AEA,CE,Federal Contract Tower,1,14,30,1,46,0,0,6,0,6,1,14,36,1,52,8,0,8,60
06/26/2006,LBE,PA,AEA,CE,Federal Contract Tower,2,23,12,0,37,0,0,5,0,5,2,23,17,0,42,6,0,6,48
06/27/2006,LBE,PA,AEA,CE,Federal Contract Tower,0,11,17,0,28,0,1,15,0,16,0,12,32,0,44,10,0,10,54
06/28/2006,LBE,PA,AEA,CE,Federal Contract Tower,0,22,9,2,33,0,0,68,1,69,0,22,77,3,102,72,24,96,198
06/29/2006,LBE,PA,AEA,CE,Federal Contract Tower,0,22,23,0,45,0,0,49,2,51,0,22,72,2,96,70,0,70,166
06/30/2006,LBE,PA,AEA,CE,Federal Contract Tower,0,26,21,0,47,0,0,57,0,57,0,26,78,0,104,92,12,104,208
07/01/2006,LBE,PA,AEA,CE,Federal Contract Tower,0,12,10,0,22,0,2,55,0,57,0,14,65,0,79,62,8,70,149
07/02/2006,LBE,PA,AEA,CE,Federal Contract Tower,1,3,9,0,13,0,0,45,2,47,1,3,54,2,60,82,6,88,148
07/03/2006,LBE,PA,AEA,CE,Federal Contract Tower,0,10,9,0,19,0,0,29,0,29,0,10,38,0,48,44,0,44,92
07/04/2006,LBE,PA,AEA,CE,Federal Contract Tower,0,9,6,0,15,0,0,3,0,3,0,9,9,0,18,6,0,6,24
07/05/2006,LBE,PA,AEA,CE,Federal Contract Tower,1,19,18,0,38,0,1,47,6,54,1,20,65,6,92,60,14,74,166
07/06/2006,LBE,PA,AEA,CE,Federal Contract Tower,1,28,22,9,60,0,0,48,1,49,1,28,70,10,109,82,6,88,197
07/07/2006,LBE,PA,AEA,CE,Federal Contract Tower,0,8,20,0,28,0,4,67,2,73,0,12,87,2,101,58,0,58,159
07/08/2006,LBE,PA,AEA,CE,Federal Contract Tower,0,11,11,0,22,0,0,73,0,73,0,11,84,0,95,94,4,98,193
07/09/2006,LBE,PA,AEA,CE,Federal Contract Tower,0,12,17,0,29,0,3,92,0,95,0,15,109,0,124,140,8,148,272
07/10/2006,LBE,PA,AEA,CE,Federal Contract Tower,0,18,7,2,27,0,3,46,1,50,0,21,53,3,77,34,6,40,117
07/11/2006,LBE,PA,AEA,CE,Federal Contract Tower,0,16,17,0,33,0,6,45,3,54,0,22,62,3,87,48,2,50,137
07/12/2006,LBE,PA,AEA,CE,Federal Contract Tower,0,25,10,0,35,0,0,27,0,27,0,25,37,0,62,12,2,14,76
07/13/2006,LBE,PA,AEA,CE,Federal Contract Tower,0,28,21,0,49,0,3,16,2,21,0,31,37,2,70,42,4,46,116
07/14/2006,LBE,PA,AEA,CE,Federal Contract Tower,0,15,23,0,38,0,3,44,0,47,0,18,67,0,85,12,0,12,97
07/15/2006,LBE,PA,AEA,CE,Federal Contract Tower,2,12,15,0,29,0,4,31,0,35,2,16,46,0,64,2,0,2,66
07/16/2006,LBE,PA,AEA,CE,Federal Contract Tower,2,18,27,0,47,0,0,96,0,96,2,18,123,0,143,106,0,106,249
07/17/2006,LBE,PA,AEA,CE,Federal Contract Tower,2,23,20,2,47,0,0,83,0,83,2,23,103,2,130,72,4,76,206
07/18/2006,LBE,PA,AEA,CE,Federal Contract Tower,0,11,10,0,21,0,0,57,0,57,0,11,67,0,78,46,6,52,130
07/19/2006,LBE,PA,AEA,CE,Federal Contract Tower,2,18,32,0,52,0,0,49,2,51,2,18,81,2,103,74,0,74,177
07/20/2006,LBE,PA,AEA,CE,Federal Contract Tower,0,14,22,0,36,0,2,43,0,45,0,16,65,0,81,34,4,38,119
07/21/2006,LBE,PA,AEA,CE,Federal Contract Tower,2,20,20,0,42,0,0,74,0,74,2,20,94,0,116,48,0,48,164
07/22/2006,LBE,PA,AEA,CE,Federal Contract Tower,0,6,13,0,19,0,0,7,0,7,0,6,20,0,26,0,0,0,26
07/23/2006,LBE,PA,AEA,CE,Federal Contract Tower,0,12,16,0,28,0,5,53,0,58,0,17,69,0,86,108,0,108,194
07/24/2006,LBE,PA,AEA,CE,Federal Contract Tower,1,16,13,0,30,0,1,85,0,86,1,17,98,0,116,102,4,106,222
07/25/2006,LBE,PA,AEA,CE,Federal Contract Tower,0,18,14,2,34,0,0,56,18,74,0,18,70,20,108,36,86,122,230
07/26/2006,LBE,PA,AEA,CE,Federal Contract Tower,0,25,22,0,47,0,9,46,2,57,0,34,68,2,104,36,14,50,154
07/27/2006,LBE,PA,AEA,CE,Federal Contract Tower,0,10,20,0,30,0,2,17,2,21,0,12,37,2,51,14,16,30,81
07/28/2006,LBE,PA,AEA,CE,Federal Contract Tower,2,19,16,0,37,0,0,47,4,51,2,19,63,4,88,2,4,6,94
07/29/2006,LBE,PA,AEA,CE,Federal Contract Tower,0,16,19,0,35,0,0,62,0,62,0,16,81,0,97,54,0,54,151
07/30/2006,LBE,PA,AEA,CE,Federal Contract Tower,4,11,17,0,32,0,3,39,0,42,4,14,56,0,74,56,12,68,142
07/31/2006,LBE,PA,AEA,CE,Federal Contract Tower,0,17,14,0,31,0,4,20,0,24,0,21,34,0,55,20,0,20,75
08/01/2006,LBE,PA,AEA,CE,Federal Contract Tower,0,8,30,0,38,0,0,32,4,36,0,8,62,4,74,16,10,26,100
08/02/2006,LBE,PA,AEA,CE,Federal Contract Tower,2,12,33,2,49,0,1,72,0,73,2,13,105,2,122,34,0,34,156
08/03/2006,LBE,PA,AEA,CE,Federal Contract Tower,1,22,20,0,43,0,0,49,0,49,1,22,69,0,92,32,0,32,124
08/04/2006,LBE,PA,AEA,CE,Federal Contract Tower,0,24,18,0,42,0,0,54,0,54,0,24,72,0,96,30,0,30,126
08/05/2006,LBE,PA,AEA,CE,Federal Contract Tower,0,12,20,0,32,0,0,96,2,98,0,12,116,2,130,118,4,122,252
08/06/2006,LBE,PA,AEA,CE,Federal Contract Tower,0,15,15,0,30,0,0,82,0,82,0,15,97,0,112,78,2,80,192
08/07/2006,LBE,PA,AEA,CE,Federal Contract Tower,0,19,20,0,39,0,2,19,1,22,0,21,39,1,61,12,0,12,73
08/08/2006,LBE,PA,AEA,CE,Federal Contract Tower,0,16,29,0,45,0,5,72,2,79,0,21,101,2,124,78,8,86,210
08/09/2006,LBE,PA,AEA,CE,Federal Contract Tower,0,19,18,0,37,0,0,103,0,103,0,19,121,0,140,90,0,90,230
08/10/2006,LBE,PA,AEA,CE,Federal Contract Tower,0,19,21,0,40,0,2,52,0,54,0,21,73,0,94,16,0,16,110
08/11/2006,LBE,PA,AEA,CE,Federal Contract Tower,0,14,11,2,27,0,2,78,0,80,0,16,89,2,107,34,0,34,141
08/12/2006,LBE,PA,AEA,CE,Federal Contract Tower,0,15,10,0,25,0,1,83,4,88,0,16,93,4,113,104,8,112,225
08/13/2006,LBE,PA,AEA,CE,Federal Contract Tower,0,13,4,2,19,0,1,69,4,74,0,14,73,6,93,52,0,52,145
08/14/2006,LBE,PA,AEA,CE,Federal Contract Tower,2,16,28,3,49,0,1,55,0,56,2,17,83,3,105,46,0,46,151
08/15/2006,LBE,PA,AEA,CE,Federal Contract Tower,0,18,23,2,43,0,3,73,7,83,0,21,96,9,126,74,12,86,212
08/16/2006,LBE,PA,AEA,CE,Federal Contract Tower,2,17,23,1,43,0,0,64,3,67,2,17,87,4,110,30,2,32,142
08/17/2006,LBE,PA,AEA,CE,Federal Contract Tower,2,13,24,2,41,0,0,71,0,71,2,13,95,2,112,34,20,54,166
08/18/2006,LBE,PA,AEA,CE,Federal Contract Tower,2,27,15,2,46,0,1,54,3,58,2,28,69,5,104,40,22,62,166
08/19/2006,LBE,PA,AEA,CE,Federal Contract Tower,0,9,8,2,19,0,0,23,5,28,0,9,31,7,47,22,20,42,89
08/20/2006,LBE,PA,AEA,CE,Federal Contract Tower,0,15,22,0,37,0,1,27,0,28,0,16,49,0,65,12,18,30,95
08/21/2006,LBE,PA,AEA,CE,Federal Contract Tower,0,22,13,0,35,0,3,75,2,80,0,25,88,2,115,48,6,54,169
08/22/2006,LBE,PA,AEA,CE,Federal Contract Tower,0,13,8,2,23,0,6,99,6,111,0,19,107,8,134,82,12,94,228
08/23/2006,LBE,PA,AEA,CE,Federal Contract Tower,0,17,15,14,46,0,0,63,4,67,0,17,78,18,113,60,36,96,209
08/24/2006,LBE,PA,AEA,CE,Federal Contract Tower,0,20,16,2,38,0,0,50,2,52,0,20,66,4,90,60,0,60,150
08/25/2006,LBE,PA,AEA,CE,Federal Contract Tower,0,14,15,2,31,0,2,74,3,79,0,16,89,5,110,54,22,76,186
08/26/2006,LBE,PA,AEA,CE,Federal Contract Tower,1,4,9,0,14,0,1,42,0,43,1,5,51,0,57,46,12,58,115
08/27/2006,LBE,PA,AEA,CE,Federal Contract Tower,0,11,9,0,20,0,3,11,0,14,0,14,20,0,34,16,0,16,50
08/28/2006,LBE,PA,AEA,CE,Federal Contract Tower,1,21,18,0,40,0,0,24,0,24,1,21,42,0,64,4,0,4,68
08/29/2006,LBE,PA,AEA,CE,Federal Contract Tower,0,24,20,0,44,0,0,12,0,12,0,24,32,0,56,6,0,6,62
08/30/2006,LBE,PA,AEA,CE,Federal Contract Tower,0,19,21,0,40,0,0,26,0,26,0,19,47,0,66,40,10,50,116
08/31/2006,LBE,PA,AEA,CE,Federal Contract Tower,0,17,24,0,41,0,0,33,4,37,0,17,57,4,78,42,12,54,132
09/01/2006,LBE,PA,AEA,CE,Federal Contract Tower,2,20,10,0,32,0,0,22,0,22,2,20,32,0,54,12,0,12,66
09/02/2006,LBE,PA,AEA,CE,Federal Contract Tower,0,8,9,0,17,0,0,1,0,1,0,8,10,0,18,0,0,0,18
09/03/2006,LBE,PA,AEA,CE,Federal Contract Tower,2,5,14,0,21,0,0,29,0,29,2,5,43,0,50,48,4,52,102
09/04/2006,LBE,PA,AEA,CE,Federal Contract Tower,0,20,25,0,45,0,1,63,0,64,0,21,88,0,109,90,0,90,199
09/05/2006,LBE,PA,AEA,CE,Federal Contract Tower,0,20,11,2,33,0,0,15,0,15,0,20,26,2,48,12,4,16,64
09/06/2006,LBE,PA,AEA,CE,Federal Contract Tower,0,21,10,1,32,0,0,43,3,46,0,21,53,4,78,40,48,88,166
09/07/2006,LBE,PA,AEA,CE,Federal Contract Tower,0,13,37,0,50,0,3,57,4,64,0,16,94,4,114,48,4,52,166
09/08/2006,LBE,PA,AEA,CE,Federal Contract Tower,0,16,18,0,34,0,2,38,0,40,0,18,56,0,74,34,6,40,114
09/09/2006,LBE,PA,AEA,CE,Federal Contract Tower,2,9,11,0,22,0,3,43,2,48,2,12,54,2,70,70,6,76,146
09/10/2006,LBE,PA,AEA,CE,Federal Contract Tower,2,13,23,0,38,0,1,68,0,69,2,14,91,0,107,68,0,68,175
09/11/2006,LBE,PA,AEA,CE,Federal Contract Tower,2,16,28,0,46,0,0,24,0,24,2,16,52,0,70,22,0,22,92
09/12/2006,LBE,PA,AEA,CE,Federal Contract Tower,0,18,14,0,32,0,1,7,0,8,0,19,21,0,40,4,0,4,44
09/13/2006,LBE,PA,AEA,CE,Federal Contract Tower,3,23,16,0,42,0,1,8,0,9,3,24,24,0,51,10,0,10,61
09/14/2006,LBE,PA,AEA,CE,Federal Contract Tower,0,23,21,0,44,0,0,23,0,23,0,23,44,0,67,22,0,22,89
09/15/2006,LBE,PA,AEA,CE,Federal Contract Tower,0,27,13,1,41,0,2,56,3,61,0,29,69,4,102,36,0,36,138
09/16/2006,LBE,PA,AEA,CE,Federal Contract Tower,0,14,19,0,33,0,0,43,0,43,0,14,62,0,76,66,0,66,142
09/17/2006,LBE,PA,AEA,CE,Federal Contract Tower,0,16,15,0,31,0,0,70,0,70,0,16,85,0,101,62,0,62,163
09/18/2006,LBE,PA,AEA,CE,Federal Contract Tower,0,15,14,0,29,0,0,53,0,53,0,15,67,0,82,74,34,108,190
09/19/2006,LBE,PA,AEA,CE,Federal Contract Tower,0,13,16,0,29,0,1,52,0,53,0,14,68,0,82,42,20,62,144
09/20/2006,LBE,PA,AEA,CE,Federal Contract Tower,0,19,25,0,44,0,2,28,2,32,0,21,53,2,76,22,0,22,98
09/21/2006,LBE,PA,AEA,CE,Federal Contract Tower,0,30,24,0,54,0,0,72,5,77,0,30,96,5,131,42,0,42,173
09/22/2006,LBE,PA,AEA,CE,Federal Contract Tower,2,34,24,1,61,0,0,91,0,91,2,34,115,1,152,28,6,34,186
09/23/2006,LBE,PA,AEA,CE,Federal Contract Tower,0,15,10,0,25,0,0,13,0,13,0,15,23,0,38,34,0,34,72
09/24/2006,LBE,PA,AEA,CE,Federal Contract Tower,2,11,9,4,26,0,0,24,4,28,2,11,33,8,54,26,26,52,106
09/25/2006,LBE,PA,AEA,CE,Federal Contract Tower,0,15,9,0,24,0,4,57,4,65,0,19,66,4,89,28,4,32,121
09/26/2006,LBE,PA,AEA,CE,Federal Contract Tower,0,16,12,4,32,0,7,54,2,63,0,23,66,6,95,102,14,116,211
09/27/2006,LBE,PA,AEA,CE,Federal Contract Tower,0,19,12,2,33,0,3,83,0,86,0,22,95,2,119,92,0,92,211
09/28/2006,LBE,PA,AEA,CE,Federal Contract Tower,0,26,19,0,45,0,2,4,0,6,0,28,23,0,51,6,0,6,57
09/29/2006,LBE,PA,AEA,CE,Federal Contract Tower,2,28,24,1,55,0,0,41,0,41,2,28,65,1,96,8,0,8,104
09/30/2006,LBE,PA,AEA,CE,Federal Contract Tower,0,17,17,0,34,0,2,30,0,32,0,19,47,0,66,30,22,52,118
10/01/2006,LBE,PA,AEA,CE,Federal Contract Tower,1,12,17,0,30,2,0,50,0,52,3,12,67,0,82,60,10,70,152
10/02/2006,LBE,PA,AEA,CE,Federal Contract Tower,0,22,11,1,34,0,3,43,3,49,0,25,54,4,83,44,8,52,135
10/03/2006,LBE,PA,AEA,CE,Federal Contract Tower,0,12,9,0,21,0,7,72,8,87,0,19,81,8,108,46,36,82,190
10/04/2006,LBE,PA,AEA,CE,Federal Contract Tower,0,19,5,0,24,0,1,42,2,45,0,20,47,2,69,12,30,42,111
10/05/2006,LBE,PA,AEA,CE,Federal Contract Tower,0,22,13,0,35,0,0,49,8,57,0,22,62,8,92,14,2,16,108
10/06/2006,LBE,PA,AEA,CE,Federal Contract Tower,0,23,10,1,34,0,0,41,1,42,0,23,51,2,76,8,0,8,84
10/07/2006,LBE,PA,AEA,CE,Federal Contract Tower,0,4,18,0,22,0,0,80,4,84,0,4,98,4,106,50,32,82,188
10/08/2006,LBE,PA,AEA,CE,Federal Contract Tower,0,13,16,0,29,0,3,61,0,64,0,16,77,0,93,48,26,74,167
10/09/2006,LBE,PA,AEA,CE,Federal Contract Tower,2,21,22,0,45,0,11,88,0,99,2,32,110,0,144,38,12,50,194
10/10/2006,LBE,PA,AEA,CE,Federal Contract Tower,0,13,21,0,34,0,3,57,0,60,0,16,78,0,94,16,0,16,110
10/11/2006,LBE,PA,AEA,CE,Federal Contract Tower,3,21,19,0,43,0,0,10,0,10,3,21,29,0,53,0,0,0,53
10/12/2006,LBE,PA,AEA,CE,Federal Contract Tower,0,17,18,0,35,0,0,25,0,25,0,17,43,0,60,36,14,50,110
10/13/2006,LBE,PA,AEA,CE,Federal Contract Tower,0,21,12,0,33,0,0,49,6,55,0,21,61,6,88,22,58,80,168
10/14/2006,LBE,PA,AEA,CE,Federal Contract Tower,0,8,9,0,17,0,0,26,6,32,0,8,35,6,49,30,24,54,103
10/15/2006,LBE,PA,AEA,CE,Federal Contract Tower,0,9,15,2,26,0,4,54,0,58,0,13,69,2,84,40,50,90,174
10/16/2006,LBE,PA,AEA,CE,Federal Contract Tower,1,23,8,0,32,0,1,58,0,59,1,24,66,0,91,52,0,52,143
10/17/2006,LBE,PA,AEA,CE,Federal Contract Tower,1,14,12,0,27,0,0,13,0,13,1,14,25,0,40,2,0,2,42
10/18/2006,LBE,PA,AEA,CE,Federal Contract Tower,0,27,26,2,55,0,0,14,0,14,0,27,40,2,69,6,0,6,75
10/19/2006,LBE,PA,AEA,CE,Federal Contract Tower,0,16,9,0,25,0,0,19,0,19,0,16,28,0,44,6,0,6,50
10/20/2006,LBE,PA,AEA,CE,Federal Contract Tower,0,20,15,0,35,0,0,23,0,23,0,20,38,0,58,16,0,16,74
10/21/2006,LBE,PA,AEA,CE,Federal Contract Tower,0,7,19,0,26,0,1,83,0,84,0,8,102,0,110,62,0,62,172
10/22/2006,LBE,PA,AEA,CE,Federal Contract Tower,0,17,13,4,34,0,0,16,0,16,0,17,29,4,50,32,0,32,82
10/23/2006,LBE,PA,AEA,CE,Federal Contract Tower,0,17,15,0,32,0,0,6,0,6,0,17,21,0,38,12,0,12,50
10/24/2006,LBE,PA,AEA,CE,Federal Contract Tower,0,17,17,0,34,0,0,8,0,8,0,17,25,0,42,4,0,4,46
10/25/2006,LBE,PA,AEA,CE,Federal Contract Tower,2,15,17,2,36,0,6,40,4,50,2,21,57,6,86,46,34,80,166
10/26/2006,LBE,PA,AEA,CE,Federal Contract Tower,0,12,11,6,29,0,3,42,13,58,0,15,53,19,87,18,36,54,141
10/27/2006,LBE,PA,AEA,CE,Federal Contract Tower,4,22,7,2,35,0,5,6,2,13,4,27,13,4,48,14,12,26,74
10/28/2006,LBE,PA,AEA,CE,Federal Contract Tower,0,13,2,0,15,0,0,3,0,3,0,13,5,0,18,2,0,2,20
10/29/2006,LBE,PA,AEA,CE,Federal Contract Tower,2,18,11,0,31,0,4,9,4,17,2,22,20,4,48,10,6,16,64
10/30/2006,LBE,PA,AEA,CE,Federal Contract Tower,1,14,20,0,35,0,1,65,2,68,1,15,85,2,103,36,0,36,139
10/31/2006,LBE,PA,AEA,CE,Federal Contract Tower,0,16,12,0,28,0,1,37,2,40,0,17,49,2,68,26,16,42,110
11/01/2006,LBE,PA,AEA,CE,Federal Contract Tower,0,16,17,1,34,0,0,12,0,12,0,16,29,1,46,10,0,10,56
11/02/2006,LBE,PA,AEA,CE,Federal Contract Tower,0,17,19,0,36,0,1,34,5,40,0,18,53,5,76,52,10,62,138
11/03/2006,LBE,PA,AEA,CE,Federal Contract Tower,0,10,15,0,25,0,2,34,0,36,0,12,49,0,61,36,0,36,97
11/04/2006,LBE,PA,AEA,CE,Federal Contract Tower,0,10,11,0,21,0,1,77,2,80,0,11,88,2,101,64,14,78,179
11/05/2006,LBE,PA,AEA,CE,Federal Contract Tower,0,8,17,0,25,0,0,56,0,56,0,8,73,0,81,66,0,66,147
11/06/2006,LBE,PA,AEA,CE,Federal Contract Tower,2,11,12,2,27,0,0,43,7,50,2,11,55,9,77,40,0,40,117
11/07/2006,LBE,PA,AEA,CE,Federal Contract Tower,0,9,14,0,23,0,0,57,0,57,0,9,71,0,80,34,0,34,114
11/08/2006,LBE,PA,AEA,CE,Federal Contract Tower,2,21,10,0,33,0,0,2,0,2,2,21,12,0,35,10,0,10,45
11/09/2006,LBE,PA,AEA,CE,Federal Contract Tower,0,23,2,0,25,0,1,42,2,45,0,24,44,2,70,6,0,6,76
11/10/2006,LBE,PA,AEA,CE,Federal Contract Tower,0,21,15,0,36,0,3,55,0,58,0,24,70,0,94,26,0,26,120
11/11/2006,LBE,PA,AEA,CE,Federal Contract Tower,0,10,9,0,19,0,0,1,8,9,0,10,10,8,28,0,0,0,28
11/12/2006,LBE,PA,AEA,CE,Federal Contract Tower,0,13,13,0,26,0,0,6,0,6,0,13,19,0,32,26,0,26,58
11/13/2006,LBE,PA,AEA,CE,Federal Contract Tower,0,18,8,2,28,0,0,0,0,0,0,18,8,2,28,0,0,0,28
11/14/2006,LBE,PA,AEA,CE,Federal Contract Tower,2,14,11,0,27,0,0,1,2,3,2,14,12,2,30,10,12,22,52
11/15/2006,LBE,PA,AEA,CE,Federal Contract Tower,1,18,10,0,29,0,2,23,14,39,1,20,33,14,68,10,38,48,116
11/16/2006,LBE,PA,AEA,CE,Federal Contract Tower,0,22,14,0,36,0,0,14,0,14,0,22,28,0,50,4,0,4,54
11/17/2006,LBE,PA,AEA,CE,Federal Contract Tower,3,29,17,2,51,0,3,9,0,12,3,32,26,2,63,8,0,8,71
11/18/2006,LBE,PA,AEA,CE,Federal Contract Tower,2,10,8,0,20,0,0,47,2,49,2,10,55,2,69,62,0,62,131
11/19/2006,LBE,PA,AEA,CE,Federal Contract Tower,0,8,10,0,18,0,0,30,0,30,0,8,40,0,48,64,10,74,122
11/20/2006,LBE,PA,AEA,CE,Federal Contract Tower,2,14,7,0,23,0,0,11,0,11,2,14,18,0,34,18,8,26,60
11/21/2006,LBE,PA,AEA,CE,Federal Contract Tower,2,16,12,4,34,0,5,80,19,104,2,21,92,23,138,56,26,82,220
11/22/2006,LBE,PA,AEA,CE,Federal Contract Tower,0,17,16,0,33,0,5,86,0,91,0,22,102,0,124,80,4,84,208
11/23/2006,LBE,PA,AEA,CE,Federal Contract Tower,0,10,8,0,18,0,0,6,0,6,0,10,14,0,24,6,0,6,30
11/24/2006,LBE,PA,AEA,CE,Federal Contract Tower,1,7,9,0,17,0,0,62,0,62,1,7,71,0,79,92,0,92,171
11/25/2006,LBE,PA,AEA,CE,Federal Contract Tower,0,20,8,0,28,0,0,70,6,76,0,20,78,6,104,84,16,100,204
11/26/2006,LBE,PA,AEA,CE,Federal Contract Tower,0,26,11,0,37,0,0,79,2,81,0,26,90,2,118,88,14,102,220
11/27/2006,LBE,PA,AEA,CE,Federal Contract Tower,0,12,10,0,22,0,2,48,4,54,0,14,58,4,76,38,26,64,140
11/28/2006,LBE,PA,AEA,CE,Federal Contract Tower,0,19,11,0,30,0,3,44,4,51,0,22,55,4,81,60,22,82,163
11/29/2006,LBE,PA,AEA,CE,Federal Contract Tower,0,19,7,8,34,0,0,19,0,19,0,19,26,8,53,34,0,34,87
11/30/2006,LBE,PA,AEA,CE,Federal Contract Tower,0,13,15,0,28,0,0,10,0,10,0,13,25,0,38,14,0,14,52
12/01/2006,LBE,PA,AEA,CE,Federal Contract Tower,2,10,5,0,17,0,0,0,0,0,2,10,5,0,17,0,0,0,17
12/02/2006,LBE,PA,AEA,CE,Federal Contract Tower,0,12,2,0,14,0,0,40,4,44,0,12,42,4,58,44,54,98,156
12/03/2006,LBE,PA,AEA,CE,Federal Contract Tower,0,11,14,0,25,0,1,62,0,63,0,12,76,0,88,85,0,85,173
12/04/2006,LBE,PA,AEA,CE,Federal Contract Tower,0,16,13,0,29,0,5,29,0,34,0,21,42,0,63,34,0,34,97
12/05/2006,LBE,PA,AEA,CE,Federal Contract Tower,0,13,4,0,17,0,3,22,0,25,0,16,26,0,42,4,0,4,46
12/06/2006,LBE,PA,AEA,CE,Federal Contract Tower,1,16,10,0,27,0,2,13,0,15,1,18,23,0,42,12,0,12,54
12/07/2006,LBE,PA,AEA,CE,Federal Contract Tower,0,16,10,0,26,0,0,14,0,14,0,16,24,0,40,0,0,0,40
12/08/2006,LBE,PA,AEA,CE,Federal Contract Tower,0,24,10,2,36,0,0,20,4,24,0,24,30,6,60,46,24,70,130
12/09/2006,LBE,PA,AEA,CE,Federal Contract Tower,2,7,5,0,14,0,0,44,0,44,2,7,49,0,58,50,0,50,108
12/10/2006,LBE,PA,AEA,CE,Federal Contract Tower,0,15,14,0,29,0,1,68,2,71,0,16,82,2,100,74,14,88,188
12/11/2006,LBE,PA,AEA,CE,Federal Contract Tower,0,9,12,1,22,0,3,57,7,67,0,12,69,8,89,76,22,98,187
12/12/2006,LBE,PA,AEA,CE,Federal Contract Tower,0,13,9,0,22,0,1,34,4,39,0,14,43,4,61,38,8,46,107
12/13/2006,LBE,PA,AEA,CE,Federal Contract Tower,0,14,11,0,25,0,0,20,4,24,0,14,31,4,49,36,0,36,85
12/14/2006,LBE,PA,AEA,CE,Federal Contract Tower,0,13,17,1,31,0,2,36,1,39,0,15,53,2,70,60,22,82,152
12/15/2006,LBE,PA,AEA,CE,Federal Contract Tower,0,14,6,0,20,0,2,36,6,44,0,16,42,6,64,50,8,58,122
12/16/2006,LBE,PA,AEA,CE,Federal Contract Tower,0,9,4,0,13,0,2,83,6,91,0,11,87,6,104,98,22,120,224
12/17/2006,LBE,PA,AEA,CE,Federal Contract Tower,0,13,7,0,20,0,1,53,0,54,0,14,60,0,74,108,10,118,192
12/18/2006,LBE,PA,AEA,CE,Federal Contract Tower,0,12,5,0,17,0,0,23,0,23,0,12,28,0,40,6,0,6,46
12/19/2006,LBE,PA,AEA,CE,Federal Contract Tower,0,12,5,2,19,0,0,31,6,37,0,12,36,8,56,26,16,42,98
12/20/2006,LBE,PA,AEA,CE,Federal Contract Tower,0,11,10,0,21,0,0,53,6,59,0,11,63,6,80,90,16,106,186
12/21/2006,LBE,PA,AEA,CE,Federal Contract Tower,0,17,12,4,33,0,5,11,0,16,0,22,23,4,49,20,12,32,81
12/22/2006,LBE,PA,AEA,CE,Federal Contract Tower,0,18,7,0,25,0,0,8,0,8,0,18,15,0,33,12,0,12,45
12/23/2006,LBE,PA,AEA,CE,Federal Contract Tower,0,7,1,0,8,0,3,33,0,36,0,10,34,0,44,18,0,18,62
12/24/2006,LBE,PA,AEA,CE,Federal Contract Tower,0,3,9,2,14,0,3,24,0,27,0,6,33,2,41,18,0,18,59
12/25/2006,LBE,PA,AEA,CE,Federal Contract Tower,0,3,0,0,3,0,0,0,0,0,0,3,0,0,3,0,0,0,3
12/26/2006,LBE,PA,AEA,CE,Federal Contract Tower,0,17,4,0,21,0,0,4,0,4,0,17,8,0,25,0,0,0,25
12/27/2006,LBE,PA,AEA,CE,Federal Contract Tower,3,24,9,6,42,0,0,44,0,44,3,24,53,6,86,94,0,94,180
12/28/2006,LBE,PA,AEA,CE,Federal Contract Tower,0,11,7,0,18,0,0,45,0,45,0,11,52,0,63,72,8,80,143
12/29/2006,LBE,PA,AEA,CE,Federal Contract Tower,0,12,8,0,20,0,1,52,0,53,0,13,60,0,73,148,0,148,221
12/30/2006,LBE,PA,AEA,CE,Federal Contract Tower,0,4,3,0,7,0,0,64,2,66,0,4,67,2,73,96,10,106,179
12/31/2006,LBE,PA,AEA,CE,Federal Contract Tower,0,6,6,0,12,0,0,9,0,9,0,6,15,0,21,28,0,28,49
01/01/2007,LBE,PA,AEA,CE,Federal Contract Tower,0,13,9,0,22,0,0,16,0,16,0,13,25,0,38,16,0,16,54
01/02/2007,LBE,PA,AEA,CE,Federal Contract Tower,0,13,3,2,18,0,0,52,2,54,0,13,55,4,72,78,16,94,166
01/03/2007,LBE,PA,AEA,CE,Federal Contract Tower,0,14,6,0,20,0,1,56,2,59,0,15,62,2,79,86,0,86,165
01/04/2007,LBE,PA,AEA,CE,Federal Contract Tower,0,10,8,0,18,0,0,55,1,56,0,10,63,1,74,80,2,82,156
01/05/2007,LBE,PA,AEA,CE,Federal Contract Tower,0,7,5,2,14,0,0,3,0,3,0,7,8,2,17,2,0,2,19
01/06/2007,LBE,PA,AEA,CE,Federal Contract Tower,1,6,7,2,16,0,0,2,4,6,1,6,9,6,22,52,2,54,76
01/07/2007,LBE,PA,AEA,CE,Federal Contract Tower,0,11,7,0,18,0,0,41,0,41,0,11,48,0,59,20,0,20,79
01/08/2007,LBE,PA,AEA,CE,Federal Contract Tower,0,16,4,4,24,0,0,24,0,24,0,16,28,4,48,18,0,18,66
01/09/2007,LBE,PA,AEA,CE,Federal Contract Tower,0,13,4,4,21,0,0,33,4,37,0,13,37,8,58,62,24,86,144
01/10/2007,LBE,PA,AEA,CE,Federal Contract Tower,0,8,6,0,14,0,0,31,8,39,0,8,37,8,53,64,22,86,139
01/11/2007,LBE,PA,AEA,CE,Federal Contract Tower,0,10,13,0,23,0,1,71,8,80,0,11,84,8,103,94,20,114,217
01/12/2007,LBE,PA,AEA,CE,Federal Contract Tower,0,12,10,0,22,0,0,12,0,12,0,12,22,0,34,52,0,52,86
01/13/2007,LBE,PA,AEA,CE,Federal Contract Tower,0,10,7,0,17,0,0,0,0,0,0,10,7,0,17,0,0,0,17
01/14/2007,LBE,PA,AEA,CE,Federal Contract Tower,0,11,3,0,14,0,0,0,0,0,0,11,3,0,14,0,0,0,14
01/15/2007,LBE,PA,AEA,CE,Federal Contract Tower,0,14,6,0,20,0,0,10,2,12,0,14,16,2,32,62,22,84,116
01/16/2007,LBE,PA,AEA,CE,Federal Contract Tower,0,19,3,0,22,0,1,10,2,13,0,20,13,2,35,16,0,16,51
01/17/2007,LBE,PA,AEA,CE,Federal Contract Tower,0,11,5,0,16,0,7,43,4,54,0,18,48,4,70,60,0,60,130
01/18/2007,LBE,PA,AEA,CE,Federal Contract Tower,0,16,11,0,27,0,0,68,4,72,0,16,79,4,99,26,10,36,135
01/19/2007,LBE,PA,AEA,CE,Federal Contract Tower,0,18,13,0,31,0,0,1,0,1,0,18,14,0,32,0,0,0,32
01/20/2007,LBE,PA,AEA,CE,Federal Contract Tower,0,6,8,0,14,0,0,30,4,34,0,6,38,4,48,102,22,124,172
01/21/2007,LBE,PA,AEA,CE,Federal Contract Tower,0,9,2,0,11,0,0,17,0,17,0,9,19,0,28,26,0,26,54
01/22/2007,LBE,PA,AEA,CE,Federal Contract Tower,0,13,5,0,18,0,0,3,0,3,0,13,8,0,21,12,0,12,33
01/23/2007,LBE,PA,AEA,CE,Federal Contract Tower,0,11,9,0,20,0,0,3,0,3,0,11,12,0,23,4,0,4,27
01/24/2007,LBE,PA,AEA,CE,Federal Contract Tower,1,16,7,0,24,0,0,3,0,3,1,16,10,0,27,2,0,2,29
01/25/2007,LBE,PA,AEA,CE,Federal Contract Tower,0,12,5,0,17,0,0,0,0,0,0,12,5,0,17,0,0,0,17
01/26/2007,LBE,PA,AEA,CE,Federal Contract Tower,2,17,4,2,25,0,2,9,0,11,2,19,13,2,36,10,0,10,46
01/27/2007,LBE,PA,AEA,CE,Federal Contract Tower,0,6,1,0,7,0,0,27,2,29,0,6,28,2,36,68,20,88,124
01/28/2007,LBE,PA,AEA,CE,Federal Contract Tower,0,10,2,0,12,0,0,0,0,0,0,10,2,0,12,0,0,0,12
01/29/2007,LBE,PA,AEA,CE,Federal Contract Tower,0,13,2,2,17,0,0,11,2,13,0,13,13,4,30,0,0,0,30
01/30/2007,LBE,PA,AEA,CE,Federal Contract Tower,0,23,6,0,29,0,0,2,0,2,0,23,8,0,31,0,0,0,31
01/31/2007,LBE,PA,AEA,CE,Federal Contract Tower,0,18,11,1,30,0,0,30,1,31,0,18,41,2,61,20,4,24,85
02/01/2007,LBE,PA,AEA,CE,Federal Contract Tower,0,15,6,0,21,0,0,31,6,37,0,15,37,6,58,62,16,78,136
02/02/2007,LBE,PA,AEA,CE,Federal Contract Tower,0,21,2,0,23,0,0,0,0,0,0,21,2,0,23,0,0,0,23
02/03/2007,LBE,PA,AEA,CE,Federal Contract Tower,0,8,0,5,13,0,0,12,5,17,0,8,12,10,30,40,14,54,84
02/04/2007,LBE,PA,AEA,CE,Federal Contract Tower,0,12,2,0,14,0,2,9,0,11,0,14,11,0,25,26,0,26,51
02/05/2007,LBE,PA,AEA,CE,Federal Contract Tower,0,13,2,0,15,0,1,11,0,12,0,14,13,0,27,6,0,6,33
02/06/2007,LBE,PA,AEA,CE,Federal Contract Tower,0,16,6,2,24,0,1,23,0,24,0,17,29,2,48,12,0,12,60
02/07/2007,LBE,PA,AEA,CE,Federal Contract Tower,0,15,14,0,29,0,0,9,2,11,0,15,23,2,40,12,4,16,56
02/08/2007,LBE,PA,AEA,CE,Federal Contract Tower,0,17,5,2,24,0,1,19,4,24,0,18,24,6,48,44,20,64,112
02/09/2007,LBE,PA,AEA,CE,Federal Contract Tower,0,17,5,3,25,0,0,37,4,41,0,17,42,7,66,62,30,92,158
02/10/2007,LBE,PA,AEA,CE,Federal Contract Tower,0,7,5,0,12,0,1,42,0,43,0,8,47,0,55,66,0,66,121
02/11/2007,LBE,PA,AEA,CE,Federal Contract Tower,0,11,5,1,17,0,1,42,0,43,0,12,47,1,60,120,0,120,180
02/12/2007,LBE,PA,AEA,CE,Federal Contract Tower,0,17,3,0,20,0,2,31,0,33,0,19,34,0,53,18,0,18,71
02/13/2007,LBE,PA,AEA,CE,Federal Contract Tower,0,9,1,0,10,0,1,0,0,1,0,10,1,0,11,0,0,0,11
02/14/2007,LBE,PA,AEA,CE,Federal Contract Tower,0,8,4,0,12,0,0,0,0,0,0,8,4,0,12,0,0,0,12
02/15/2007,LBE,PA,AEA,CE,Federal Contract Tower,0,24,0,0,24,0,2,6,0,8,0,26,6,0,32,4,0,4,36
02/16/2007,LBE,PA,AEA,CE,Federal Contract Tower,4,20,4,0,28,0,1,10,0,11,4,21,14,0,39,2,0,2,41
02/17/2007,LBE,PA,AEA,CE,Federal Contract Tower,0,10,1,0,11,0,0,28,0,28,0,10,29,0,39,68,0,68,107
02/18/2007,LBE,PA,AEA,CE,Federal Contract Tower,3,9,3,0,15,0,0,11,2,13,3,9,14,2,28,18,12,30,58
02/19/2007,LBE,PA,AEA,CE,Federal Contract Tower,0,23,6,0,29,0,3,20,0,23,0,26,26,0,52,42,0,42,94
02/20/2007,LBE,PA,AEA,CE,Federal Contract Tower,0,13,8,0,21,0,0,27,0,27,0,13,35,0,48,54,4,58,106
02/21/2007,LBE,PA,AEA,CE,Federal Contract Tower,0,18,8,0,26,0,0,38,6,44,0,18,46,6,70,92,30,122,192
02/22/2007,LBE,PA,AEA,CE,Federal Contract Tower,0,27,6,0,33,0,0,5,0,5,0,27,11,0,38,4,0,4,42
02/23/2007,LBE,PA,AEA,CE,Federal Contract Tower,0,15,16,0,31,0,3,20,0,23,0,18,36,0,54,54,0,54,108
02/24/2007,LBE,PA,AEA,CE,Federal Contract Tower,0,9,10,0,19,0,1,62,4,67,0,10,72,4,86,86,102,188,274
02/25/2007,LBE,PA,AEA,CE,Federal Contract Tower,0,8,6,0,14,0,0,5,0,5,0,8,11,0,19,14,0,14,33
02/26/2007,LBE,PA,AEA,CE,Federal Contract Tower,0,17,9,0,26,0,0,18,2,20,0,17,27,2,46,42,12,54,100
02/27/2007,LBE,PA,AEA,CE,Federal Contract Tower,0,12,17,0,29,0,0,37,0,37,0,12,54,0,66,84,12,96,162
02/28/2007,LBE,PA,AEA,CE,Federal Contract Tower,0,18,17,0,35,0,2,44,0,46,0,20,61,0,81,78,0,78,159
03/01/2007,LBE,PA,AEA,CE,Federal Contract Tower,0,18,18,2,38,0,0,27,0,27,0,18,45,2,65,88,14,102,167
03/02/2007,LBE,PA,AEA,CE,Federal Contract Tower,0,16,6,0,22,0,8,15,2,25,0,24,21,2,47,8,0,8,55
03/03/2007,LBE,PA,AEA,CE,Federal Contract Tower,0,11,2,0,13,0,0,11,0,11,0,11,13,0,24,12,0,12,36
03/04/2007,LBE,PA,AEA,CE,Federal Contract Tower,1,11,7,0,19,0,0,0,0,0,1,11,7,0,19,0,0,0,19
03/05/2007,LBE,PA,AEA,CE,Federal Contract Tower,0,21,6,0,27,0,0,13,2,15,0,21,19,2,42,16,8,24,66
03/06/2007,LBE,PA,AEA,CE,Federal Contract Tower,0,16,10,1,27,6,2,44,5,57,6,18,54,6,84,56,22,78,162
03/07/2007,LBE,PA,AEA,CE,Federal Contract Tower,0,19,5,0,24,0,0,16,0,16,0,19,21,0,40,94,30,124,164
03/08/2007,LBE,PA,AEA,CE,Federal Contract Tower,0,17,8,0,25,0,1,58,8,67,0,18,66,8,92,80,2,82,174
03/09/2007,LBE,PA,AEA,CE,Federal Contract Tower,4,10,5,0,19,0,7,94,6,107,4,17,99,6,126,66,14,80,206
03/10/2007,LBE,PA,AEA,CE,Federal Contract Tower,2,11,5,0,18,0,0,35,0,35,2,11,40,0,53,24,0,24,77
03/11/2007,LBE,PA,AEA,CE,Federal Contract Tower,0,12,14,0,26,0,2,74,4,80,0,14,88,4,106,84,14,98,204
03/12/2007,LBE,PA,AEA,CE,Federal Contract Tower,1,14,3,2,20,0,2,29,4,35,1,16,32,6,55,90,22,112,167
03/13/2007,LBE,PA,AEA,CE,Federal Contract Tower,0,15,4,2,21,0,2,58,2,62,0,17,62,4,83,102,18,120,203
03/14/2007,LBE,PA,AEA,CE,Federal Contract Tower,0,18,19,0,37,0,1,20,0,21,0,19,39,0,58,12,4,16,74
03/15/2007,LBE,PA,AEA,CE,Federal Contract Tower,0,22,41,0,63,0,0,0,0,0,0,22,41,0,63,36,0,36,99
03/16/2007,LBE,PA,AEA,CE,Federal Contract Tower,0,18,10,0,28,0,0,0,0,0,0,18,10,0,28,8,0,8,36
03/17/2007,LBE,PA,AEA,CE,Federal Contract Tower,0,11,1,0,12,0,0,12,4,16,0,11,13,4,28,22,22,44,72
03/18/2007,LBE,PA,AEA,CE,Federal Contract Tower,0,11,11,0,22,0,0,54,2,56,0,11,65,2,78,68,10,78,156
03/19/2007,LBE,PA,AEA,CE,Federal Contract Tower,0,11,5,0,16,0,0,16,0,16,0,11,21,0,32,66,30,96,128
03/20/2007,LBE,PA,AEA,CE,Federal Contract Tower,0,12,6,1,19,0,3,60,3,66,0,15,66,4,85,94,26,120,205
03/21/2007,LBE,PA,AEA,CE,Federal Contract Tower,2,23,10,2,37,0,2,52,0,54,2,25,62,2,91,50,0,50,141
03/22/2007,LBE,PA,AEA,CE,Federal Contract Tower,0,16,13,2,31,0,2,9,2,13,0,18,22,4,44,32,4,36,80
03/23/2007,LBE,PA,AEA,CE,Federal Contract Tower,0,15,8,2,25,0,0,3,0,3,0,15,11,2,28,4,0,4,32
03/24/2007,LBE,PA,AEA,CE,Federal Contract Tower,0,9,14,0,23,0,0,15,2,17,0,9,29,2,40,18,22,40,80
03/25/2007,LBE,PA,AEA,CE,Federal Contract Tower,0,10,10,0,20,0,4,76,0,80,0,14,86,0,100,136,0,136,236
03/26/2007,LBE,PA,AEA,CE,Federal Contract Tower,0,14,6,0,20,0,4,39,0,43,0,18,45,0,63,32,0,32,95
03/27/2007,LBE,PA,AEA,CE,Federal Contract Tower,0,17,4,0,21,0,9,55,6,70,0,26,59,6,91,76,0,76,167
03/28/2007,LBE,PA,AEA,CE,Federal Contract Tower,0,18,5,0,23,0,2,26,6,34,0,20,31,6,57,30,8,38,95
03/29/2007,LBE,PA,AEA,CE,Federal Contract Tower,0,16,5,2,23,0,0,69,12,81,0,16,74,14,104,98,38,136,240
03/30/2007,LBE,PA,AEA,CE,Federal Contract Tower,4,8,6,0,18,0,1,65,0,66,4,9,71,0,84,146,0,146,230
03/31/2007,LBE,PA,AEA,CE,Federal Contract Tower,0,9,7,0,16,0,4,56,2,62,0,13,63,2,78,90,16,106,184
04/01/2007,LBE,PA,AEA,CE,Federal Contract Tower,1,16,1,0,18,0,0,4,0,4,1,16,5,0,22,2,0,2,24
04/02/2007,LBE,PA,AEA,CE,Federal Contract Tower,1,19,6,6,32,0,3,52,2,57,1,22,58,8,89,18,10,28,117
04/03/2007,LBE,PA,AEA,CE,Federal Contract Tower,0,11,5,3,19,0,5,67,9,81,0,16,72,12,100,36,0,36,136
04/04/2007,LBE,PA,AEA,CE,Federal Contract Tower,0,25,16,2,43,0,0,5,4,9,0,25,21,6,52,0,2,2,54
04/05/2007,LBE,PA,AEA,CE,Federal Contract Tower,0,26,15,0,41,0,0,11,0,11,0,26,26,0,52,0,0,0,52
04/06/2007,LBE,PA,AEA,CE,Federal Contract Tower,0,15,9,2,26,0,1,31,2,34,0,16,40,4,60,36,10,46,106
04/07/2007,LBE,PA,AEA,CE,Federal Contract Tower,0,6,3,0,9,0,1,10,0,11,0,7,13,0,20,34,0,34,54
04/08/2007,LBE,PA,AEA,CE,Federal Contract Tower,0,19,1,0,20,0,0,7,0,7,0,19,8,0,27,22,0,22,49
04/09/2007,LBE,PA,AEA,CE,Federal Contract Tower,2,21,11,0,34,0,0,15,4,19,2,21,26,4,53,0,4,4,57
04/10/2007,LBE,PA,AEA,CE,Federal Contract Tower,0,13,7,2,22,0,4,39,2,45,0,17,46,4,67,56,0,56,123
04/11/2007,LBE,PA,AEA,CE,Federal Contract Tower,0,21,8,0,29,0,0,35,0,35,0,21,43,0,64,104,0,104,168
04/12/2007,LBE,PA,AEA,CE,Federal Contract Tower,0,21,7,1,29,0,0,19,3,22,0,21,26,4,51,58,0,58,109
04/13/2007,LBE,PA,AEA,CE,Federal Contract Tower,0,15,15,0,30,0,1,18,1,20,0,16,33,1,50,108,0,108,158
04/14/2007,LBE,PA,AEA,CE,Federal Contract Tower,2,12,8,0,22,0,1,47,0,48,2,13,55,0,70,110,0,110,180
04/15/2007,LBE,PA,AEA,CE,Federal Contract Tower,0,21,6,0,27,0,0,6,0,6,0,21,12,0,33,28,0,28,61
04/16/2007,LBE,PA,AEA,CE,Federal Contract Tower,2,12,10,0,24,0,0,0,0,0,2,12,10,0,24,0,0,0,24
04/17/2007,LBE,PA,AEA,CE,Federal Contract Tower,0,21,6,0,27,0,0,7,0,7,0,21,13,0,34,18,0,18,52
04/18/2007,LBE,PA,AEA,CE,Federal Contract Tower,1,25,5,0,31,0,0,19,2,21,1,25,24,2,52,88,12,100,152
04/19/2007,LBE,PA,AEA,CE,Federal Contract Tower,1,13,16,2,32,0,0,37,2,39,1,13,53,4,71,82,12,94,165
04/20/2007,LBE,PA,AEA,CE,Federal Contract Tower,0,11,7,3,21,0,2,50,2,54,0,13,57,5,75,80,40,120,195
04/21/2007,LBE,PA,AEA,CE,Federal Contract Tower,0,7,7,0,14,0,1,77,11,89,0,8,84,11,103,132,10,142,245
04/22/2007,LBE,PA,AEA,CE,Federal Contract Tower,0,7,7,0,14,0,1,98,10,109,0,8,105,10,123,90,0,90,213
04/23/2007,LBE,PA,AEA,CE,Federal Contract Tower,0,11,12,0,23,0,1,52,4,57,0,12,64,4,80,84,32,116,196
04/24/2007,LBE,PA,AEA,CE,Federal Contract Tower,0,17,3,0,20,0,1,51,7,59,0,18,54,7,79,82,28,110,189
04/25/2007,LBE,PA,AEA,CE,Federal Contract Tower,2,22,8,2,34,0,0,5,0,5,2,22,13,2,39,8,0,8,47
04/26/2007,LBE,PA,AEA,CE,Federal Contract Tower,0,21,11,0,32,0,2,26,4,32,0,23,37,4,64,50,40,90,154
04/27/2007,LBE,PA,AEA,CE,Federal Contract Tower,4,17,15,0,36,0,1,18,4,23,4,18,33,4,59,42,16,58,117
04/28/2007,LBE,PA,AEA,CE,Federal Contract Tower,1,10,20,0,31,0,0,1,0,1,1,10,21,0,32,0,0,0,32
04/29/2007,LBE,PA,AEA,CE,Federal Contract Tower,3,14,12,0,29,0,0,59,0,59,3,14,71,0,88,76,0,76,164
04/30/2007,LBE,PA,AEA,CE,Federal Contract Tower,1,19,9,0,29,0,1,48,6,55,1,20,57,6,84,58,24,82,166
05/01/2007,LBE,PA,AEA,CE,Federal Contract Tower,0,17,7,0,24,0,0,46,4,50,0,17,53,4,74,68,30,98,172
05/02/2007,LBE,PA,AEA,CE,Federal Contract Tower,0,16,15,0,31,0,2,34,2,38,0,18,49,2,69,96,6,102,171
05/03/2007,LBE,PA,AEA,CE,Federal Contract Tower,0,16,12,0,28,0,0,85,6,91,0,16,97,6,119,78,4,82,201
05/04/2007,LBE,PA,AEA,CE,Federal Contract Tower,0,16,18,0,34,0,3,78,6,87,0,19,96,6,121,68,14,82,203
05/05/2007,LBE,PA,AEA,CE,Federal Contract Tower,0,11,4,0,15,0,0,82,2,84,0,11,86,2,99,96,10,106,205
05/06/2007,LBE,PA,AEA,CE,Federal Contract Tower,0,9,10,1,20,0,0,48,6,54,0,9,58,7,74,104,20,124,198
05/07/2007,LBE,PA,AEA,CE,Federal Contract Tower,0,12,8,0,20,0,2,33,0,35,0,14,41,0,55,106,6,112,167
05/08/2007,LBE,PA,AEA,CE,Federal Contract Tower,0,27,9,2,38,0,4,64,6,74,0,31,73,8,112,72,20,92,204
05/09/2007,LBE,PA,AEA,CE,Federal Contract Tower,0,17,16,3,36,0,5,62,7,74,0,22,78,10,110,82,10,92,202
05/10/2007,LBE,PA,AEA,CE,Federal Contract Tower,0,21,11,0,32,0,1,32,0,33,0,22,43,0,65,30,0,30,95
05/11/2007,LBE,PA,AEA,CE,Federal Contract Tower,2,13,12,1,28,0,3,27,2,32,2,16,39,3,60,40,0,40,100
05/12/2007,LBE,PA,AEA,CE,Federal Contract Tower,0,10,7,0,17,0,0,63,4,67,0,10,70,4,84,102,10,112,196
05/13/2007,LBE,PA,AEA,CE,Federal Contract Tower,0,9,11,0,20,0,0,53,5,58,0,9,64,5,78,104,20,124,202
05/14/2007,LBE,PA,AEA,CE,Federal Contract Tower,4,25,13,0,42,0,4,53,1,58,4,29,66,1,100,72,0,72,172
05/15/2007,LBE,PA,AEA,CE,Federal Contract Tower,1,18,12,0,31,0,4,34,3,41,1,22,46,3,72,94,10,104,176
05/16/2007,LBE,PA,AEA,CE,Federal Contract Tower,2,23,10,2,37,0,0,9,0,9,2,23,19,2,46,38,0,38,84
05/17/2007,LBE,PA,AEA,CE,Federal Contract Tower,0,18,23,5,46,1,0,17,0,18,1,18,40,5,64,10,8,18,82
05/18/2007,LBE,PA,AEA,CE,Federal Contract Tower,2,24,18,0,44,0,0,35,2,37,2,24,53,2,81,52,2,54,135
05/19/2007,LBE,PA,AEA,CE,Federal Contract Tower,0,10,18,0,28,0,0,46,0,46,0,10,64,0,74,80,12,92,166
05/20/2007,LBE,PA,AEA,CE,Federal Contract Tower,1,13,12,0,26,0,0,42,4,46,1,13,54,4,72,72,18,90,162
05/21/2007,LBE,PA,AEA,CE,Federal Contract Tower,0,19,5,0,24,0,7,21,0,28,0,26,26,0,52,58,0,58,110
05/22/2007,LBE,PA,AEA,CE,Federal Contract Tower,2,15,19,0,36,0,2,57,0,59,2,17,76,0,95,64,0,64,159
05/23/2007,LBE,PA,AEA,CE,Federal Contract Tower,0,15,9,0,24,0,0,45,0,45,0,15,54,0,69,36,2,38,107
05/24/2007,LBE,PA,AEA,CE,Federal Contract Tower,0,25,11,12,48,0,0,38,6,44,0,25,49,18,92,48,12,60,152
05/25/2007,LBE,PA,AEA,CE,Federal Contract Tower,2,23,21,0,46,0,2,28,0,30,2,25,49,0,76,23,0,23,99
05/26/2007,LBE,PA,AEA,CE,Federal Contract Tower,1,11,15,0,27,0,1,60,0,61,1,12,75,0,88,100,0,100,188
05/27/2007,LBE,PA,AEA,CE,Federal Contract Tower,0,12,3,0,15,0,0,51,2,53,0,12,54,2,68,58,14,72,140
05/28/2007,LBE,PA,AEA,CE,Federal Contract Tower,0,18,16,0,34,0,3,27,0,30,0,21,43,0,64,20,0,20,84
05/29/2007,LBE,PA,AEA,CE,Federal Contract Tower,0,20,10,0,30,0,3,46,0,49,0,23,56,0,79,50,0,50,129
05/30/2007,LBE,PA,AEA,CE,Federal Contract Tower,0,29,13,2,44,0,0,51,0,51,0,29,64,2,95,57,0,57,152
05/31/2007,LBE,PA,AEA,CE,Federal Contract Tower,0,18,12,1,31,0,2,33,12,47,0,20,45,13,78,52,0,52,130
06/01/2007,LBE,PA,AEA,CE,Federal Contract Tower,0,14,12,2,28,0,0,50,0,50,0,14,62,2,78,58,12,70,148
06/02/2007,LBE,PA,AEA,CE,Federal Contract Tower,0,11,6,0,17,0,0,24,2,26,0,11,30,2,43,60,4,64,107
06/03/2007,LBE,PA,AEA,CE,Federal Contract Tower,0,18,7,0,25,0,0,19,0,19,0,18,26,0,44,76,0,76,120
06/04/2007,LBE,PA,AEA,CE,Federal Contract Tower,1,23,15,0,39,0,0,6,0,6,1,23,21,0,45,0,0,0,45
06/05/2007,LBE,PA,AEA,CE,Federal Contract Tower,0,15,23,0,38,0,3,8,6,17,0,18,31,6,55,24,0,24,79
06/06/2007,LBE,PA,AEA,CE,Federal Contract Tower,0,18,26,1,45,0,2,36,5,43,0,20,62,6,88,42,0,42,130
06/07/2007,LBE,PA,AEA,CE,Federal Contract Tower,0,12,25,0,37,0,1,49,6,56,0,13,74,6,93,76,2,78,171
06/08/2007,LBE,PA,AEA,CE,Federal Contract Tower,2,15,7,0,24,0,2,32,4,38,2,17,39,4,62,44,6,50,112
06/09/2007,LBE,PA,AEA,CE,Federal Contract Tower,0,4,18,0,22,0,0,68,0,68,0,4,86,0,90,92,0,92,182
06/10/2007,LBE,PA,AEA,CE,Federal Contract Tower,2,14,18,0,34,0,0,88,0,88,2,14,106,0,122,78,0,78,200
06/11/2007,LBE,PA,AEA,CE,Federal Contract Tower,2,15,12,0,29,0,5,46,0,51,2,20,58,0,80,84,0,84,164
06/12/2007,LBE,PA,AEA,CE,Federal Contract Tower,0,17,21,2,40,0,6,51,1,58,0,23,72,3,98,74,0,74,172
06/13/2007,LBE,PA,AEA,CE,Federal Contract Tower,2,14,30,0,46,0,3,42,2,47,2,17,72,2,93,46,2,48,141
06/14/2007,LBE,PA,AEA,CE,Federal Contract Tower,0,19,29,3,51,0,1,33,3,37,0,20,62,6,88,48,4,52,140
06/15/2007,LBE,PA,AEA,CE,Federal Contract Tower,0,6,17,0,23,0,3,29,0,32,0,9,46,0,55,24,0,24,79
06/16/2007,LBE,PA,AEA,CE,Federal Contract Tower,0,8,12,0,20,0,1,69,4,74,0,9,81,4,94,112,14,126,220
06/17/2007,LBE,PA,AEA,CE,Federal Contract Tower,0,16,13,2,31,0,2,43,0,45,0,18,56,2,76,86,6,92,168
06/18/2007,LBE,PA,AEA,CE,Federal Contract Tower,0,16,20,0,36,0,3,24,0,27,0,19,44,0,63,20,0,20,83
06/19/2007,LBE,PA,AEA,CE,Federal Contract Tower,0,13,16,0,29,0,4,20,34,58,0,17,36,34,87,34,0,34,121
06/20/2007,LBE,PA,AEA,CE,Federal Contract Tower,1,20,21,0,42,0,0,42,0,42,1,20,63,0,84,32,0,32,116
06/21/2007,LBE,PA,AEA,CE,Federal Contract Tower,1,22,32,0,55,0,0,41,2,43,1,22,73,2,98,64,16,80,178
06/22/2007,LBE,PA,AEA,CE,Federal Contract Tower,2,14,19,0,35,0,1,52,2,55,2,15,71,2,90,90,8,98,188
06/23/2007,LBE,PA,AEA,CE,Federal Contract Tower,2,9,10,0,21,0,2,68,0,70,2,11,78,0,91,68,4,72,163
06/24/2007,LBE,PA,AEA,CE,Federal Contract Tower,2,20,14,0,36,0,1,47,2,50,2,21,61,2,86,82,8,90,176
06/25/2007,LBE,PA,AEA,CE,Federal Contract Tower,0,18,14,1,33,0,1,28,5,34,0,19,42,6,67,42,4,46,113
06/26/2007,LBE,PA,AEA,CE,Federal Contract Tower,2,16,16,0,34,0,0,22,0,22,2,16,38,0,56,50,0,50,106
06/27/2007,LBE,PA,AEA,CE,Federal Contract Tower,0,19,8,0,27,0,0,20,0,20,0,19,28,0,47,24,0,24,71
06/28/2007,LBE,PA,AEA,CE,Federal Contract Tower,0,16,23,0,39,0,0,7,0,7,0,16,30,0,46,8,0,8,54
06/29/2007,LBE,PA,AEA,CE,Federal Contract Tower,0,30,16,4,50,0,0,34,2,36,0,30,50,6,86,78,10,88,174
06/30/2007,LBE,PA,AEA,CE,Federal Contract Tower,0,17,12,0,29,0,7,56,2,65,0,24,68,2,94,60,6,66,160
07/01/2007,LBE,PA,AEA,CE,Federal Contract Tower,0,13,13,2,28,0,6,54,1,61,0,19,67,3,89,50,0,50,139
07/02/2007,LBE,PA,AEA,CE,Federal Contract Tower,0,16,12,0,28,0,2,50,0,52,0,18,62,0,80,24,0,24,104
07/03/2007,LBE,PA,AEA,CE,Federal Contract Tower,1,18,8,0,27,0,0,57,2,59,1,18,65,2,86,72,10,82,168
07/04/2007,LBE,PA,AEA,CE,Federal Contract Tower,0,4,6,0,10,0,0,18,0,18,0,4,24,0,28,16,0,16,44
07/05/2007,LBE,PA,AEA,CE,Federal Contract Tower,1,15,15,0,31,0,1,3,0,4,1,16,18,0,35,0,0,0,35
07/06/2007,LBE,PA,AEA,CE,Federal Contract Tower,0,20,11,0,31,0,0,50,0,50,0,20,61,0,81,64,0,64,145
07/07/2007,LBE,PA,AEA,CE,Federal Contract Tower,0,13,7,0,20,0,0,67,2,69,0,13,74,2,89,60,0,60,149
07/08/2007,LBE,PA,AEA,CE,Federal Contract Tower,0,11,9,0,20,0,1,48,0,49,0,12,57,0,69,70,0,70,139
07/09/2007,LBE,PA,AEA,CE,Federal Contract Tower,0,15,11,0,26,0,1,38,2,41,0,16,49,2,67,50,4,54,121
07/10/2007,LBE,PA,AEA,CE,Federal Contract Tower,0,16,12,2,30,0,1,31,2,34,0,17,43,4,64,50,14,64,128
07/11/2007,LBE,PA,AEA,CE,Federal Contract Tower,0,14,21,0,35,0,0,21,0,21,0,14,42,0,56,44,0,44,100
07/12/2007,LBE,PA,AEA,CE,Federal Contract Tower,0,22,18,0,40,0,3,33,10,46,0,25,51,10,86,76,14,90,176
07/13/2007,LBE,PA,AEA,CE,Federal Contract Tower,2,8,21,0,31,0,1,28,0,29,2,9,49,0,60,36,8,44,104
07/14/2007,LBE,PA,AEA,CE,Federal Contract Tower,1,10,18,0,29,0,2,53,4,59,1,12,71,4,88,56,0,56,144
07/15/2007,LBE,PA,AEA,CE,Federal Contract Tower,0,17,14,0,31,0,3,31,0,34,0,20,45,0,65,52,0,52,117
07/16/2007,LBE,PA,AEA,CE,Federal Contract Tower,1,24,23,0,48,0,0,40,0,40,1,24,63,0,88,54,12,66,154
07/17/2007,LBE,PA,AEA,CE,Federal Contract Tower,1,23,20,4,48,0,0,61,3,64,1,23,81,7,112,102,18,120,232
07/18/2007,LBE,PA,AEA,CE,Federal Contract Tower,2,19,23,0,44,0,0,58,0,58,2,19,81,0,102,66,0,66,168
07/19/2007,LBE,PA,AEA,CE,Federal Contract Tower,0,20,17,0,37,0,5,5,0,10,0,25,22,0,47,4,0,4,51
07/20/2007,LBE,PA,AEA,CE,Federal Contract Tower,0,24,26,0,50,0,1,41,0,42,0,25,67,0,92,56,0,56,148
07/21/2007,LBE,PA,AEA,CE,Federal Contract Tower,0,5,14,0,19,0,1,63,0,64,0,6,77,0,83,18,0,18,101
07/22/2007,LBE,PA,AEA,CE,Federal Contract Tower,2,14,25,0,41,0,3,69,0,72,2,17,94,0,113,36,0,36,149
07/23/2007,LBE,PA,AEA,CE,Federal Contract Tower,1,12,19,2,34,0,0,62,2,64,1,12,81,4,98,74,8,82,180
07/24/2007,LBE,PA,AEA,CE,Federal Contract Tower,0,15,22,2,39,0,2,39,2,43,0,17,61,4,82,96,16,112,194
07/25/2007,LBE,PA,AEA,CE,Federal Contract Tower,3,27,12,0,42,0,3,33,6,42,3,30,45,6,84,82,4,86,170
07/26/2007,LBE,PA,AEA,CE,Federal Contract Tower,0,13,13,0,26,0,3,53,6,62,0,16,66,6,88,84,0,84,172
07/27/2007,LBE,PA,AEA,CE,Federal Contract Tower,1,26,18,0,45,0,1,20,0,21,1,27,38,0,66,44,0,44,110
07/28/2007,LBE,PA,AEA,CE,Federal Contract Tower,0,15,7,0,22,0,0,18,9,27,0,15,25,9,49,2,0,2,51
07/29/2007,LBE,PA,AEA,CE,Federal Contract Tower,0,12,24,0,36,0,0,38,0,38,0,12,62,0,74,106,2,108,182
07/30/2007,LBE,PA,AEA,CE,Federal Contract Tower,0,15,26,4,45,0,1,24,2,27,0,16,50,6,72,74,6,80,152
07/31/2007,LBE,PA,AEA,CE,Federal Contract Tower,0,17,27,2,46,0,8,73,13,94,0,25,100,15,140,92,28,120,260
08/01/2007,LBE,PA,AEA,CE,Federal Contract Tower,0,17,30,0,47,0,0,50,4,54,0,17,80,4,101,74,4,78,179
08/02/2007,LBE,PA,AEA,CE,Federal Contract Tower,1,17,30,0,48,0,1,38,0,39,1,18,68,0,87,40,0,40,127
08/03/2007,LBE,PA,AEA,CE,Federal Contract Tower,1,23,21,0,45,0,0,27,2,29,1,23,48,2,74,30,8,38,112
08/04/2007,LBE,PA,AEA,CE,Federal Contract Tower,0,13,18,0,31,0,0,39,2,41,0,13,57,2,72,80,6,86,158
08/05/2007,LBE,PA,AEA,CE,Federal Contract Tower,0,15,9,2,26,0,0,8,0,8,0,15,17,2,34,0,0,0,34
08/06/2007,LBE,PA,AEA,CE,Federal Contract Tower,0,27,11,0,38,0,0,10,0,10,0,27,21,0,48,12,0,12,60
08/07/2007,LBE,PA,AEA,CE,Federal Contract Tower,0,23,17,2,42,0,3,16,0,19,0,26,33,2,61,26,0,26,87
08/08/2007,LBE,PA,AEA,CE,Federal Contract Tower,0,23,17,0,40,0,0,20,0,20,0,23,37,0,60,36,0,36,96
08/09/2007,LBE,PA,AEA,CE,Federal Contract Tower,0,26,23,0,49,0,0,17,0,17,0,26,40,0,66,8,0,8,74
08/10/2007,LBE,PA,AEA,CE,Federal Contract Tower,3,25,27,2,57,0,0,23,0,23,3,25,50,2,80,32,0,32,112
08/11/2007,LBE,PA,AEA,CE,Federal Contract Tower,0,9,18,0,27,0,0,57,0,57,0,9,75,0,84,66,0,66,150
08/12/2007,LBE,PA,AEA,CE,Federal Contract Tower,1,17,18,0,36,0,1,56,0,57,1,18,74,0,93,100,0,100,193
08/13/2007,LBE,PA,AEA,CE,Federal Contract Tower,1,15,15,2,33,0,0,24,0,24,1,15,39,2,57,4,0,4,61
08/14/2007,LBE,PA,AEA,CE,Federal Contract Tower,2,22,12,0,36,0,3,43,0,46,2,25,55,0,82,40,0,40,122
08/15/2007,LBE,PA,AEA,CE,Federal Contract Tower,1,19,14,0,34,0,2,33,3,38,1,21,47,3,72,22,18,40,112
08/16/2007,LBE,PA,AEA,CE,Federal Contract Tower,0,20,10,0,30,0,0,41,3,44,0,20,51,3,74,68,10,78,152
08/17/2007,LBE,PA,AEA,CE,Federal Contract Tower,1,17,11,0,29,0,0,35,6,41,1,17,46,6,70,46,22,68,138
08/18/2007,LBE,PA,AEA,CE,Federal Contract Tower,0,9,18,0,27,0,4,54,0,58,0,13,72,0,85,56,6,62,147
08/19/2007,LBE,PA,AEA,CE,Federal Contract Tower,0,14,12,0,26,0,0,12,2,14,0,14,24,2,40,22,4,26,66
08/20/2007,LBE,PA,AEA,CE,Federal Contract Tower,2,18,20,0,40,0,0,10,0,10,2,18,30,0,50,0,0,0,50
08/21/2007,LBE,PA,AEA,CE,Federal Contract Tower,2,16,17,0,35,0,0,5,0,5,2,16,22,0,40,8,0,8,48
08/22/2007,LBE,PA,AEA,CE,Federal Contract Tower,2,24,25,0,51,0,1,10,4,15,2,25,35,4,66,4,8,12,78
08/23/2007,LBE,PA,AEA,CE,Federal Contract Tower,0,24,14,2,40,0,1,30,13,44,0,25,44,15,84,56,10,66,150
08/24/2007,LBE,PA,AEA,CE,Federal Contract Tower,0,15,17,0,32,0,0,52,0,52,0,15,69,0,84,54,0,54,138
08/25/2007,LBE,PA,AEA,CE,Federal Contract Tower,0,7,11,0,18,0,0,41,2,43,0,7,52,2,61,88,16,104,165
08/26/2007,LBE,PA,AEA,CE,Federal Contract Tower,0,18,15,2,35,0,0,65,0,65,0,18,80,2,100,76,0,76,176
08/27/2007,LBE,PA,AEA,CE,Federal Contract Tower,0,21,16,0,37,0,0,34,0,34,0,21,50,0,71,60,0,60,131
08/28/2007,LBE,PA,AEA,CE,Federal Contract Tower,0,20,14,3,37,0,0,54,0,54,0,20,68,3,91,56,8,64,155
08/29/2007,LBE,PA,AEA,CE,Federal Contract Tower,1,13,15,2,31,0,3,50,2,55,1,16,65,4,86,66,0,66,152
08/30/2007,LBE,PA,AEA,CE,Federal Contract Tower,0,24,22,2,48,0,6,15,0,21,0,30,37,2,69,24,0,24,93
08/31/2007,LBE,PA,AEA,CE,Federal Contract Tower,2,24,27,0,53,0,1,26,0,27,2,25,53,0,80,72,0,72,152
09/01/2007,LBE,PA,AEA,CE,Federal Contract Tower,0,8,7,0,15,0,0,79,4,83,0,8,86,4,98,104,4,108,206
09/02/2007,LBE,PA,AEA,CE,Federal Contract Tower,2,11,6,0,19,0,2,51,2,55,2,13,57,2,74,48,10,58,132
09/03/2007,LBE,PA,AEA,CE,Federal Contract Tower,0,13,26,0,39,0,2,52,0,54,0,15,78,0,93,50,0,50,143
09/04/2007,LBE,PA,AEA,CE,Federal Contract Tower,1,20,6,1,28,0,0,81,3,84,1,20,87,4,112,32,4,36,148
09/05/2007,LBE,PA,AEA,CE,Federal Contract Tower,0,19,10,2,31,0,0,51,2,53,0,19,61,4,84,68,6,74,158
09/06/2007,LBE,PA,AEA,CE,Federal Contract Tower,0,17,29,0,46,0,4,38,2,44,0,21,67,2,90,20,4,24,114
09/07/2007,LBE,PA,AEA,CE,Federal Contract Tower,2,15,13,1,31,0,4,34,1,39,2,19,47,2,70,84,0,84,154
09/08/2007,LBE,PA,AEA,CE,Federal Contract Tower,0,19,9,0,28,0,0,21,0,21,0,19,30,0,49,48,0,48,97
09/09/2007,LBE,PA,AEA,CE,Federal Contract Tower,2,14,17,0,33,0,0,16,0,16,2,14,33,0,49,42,0,42,91
09/10/2007,LBE,PA,AEA,CE,Federal Contract Tower,2,14,26,0,42,0,2,28,0,30,2,16,54,0,72,72,0,72,144
09/11/2007,LBE,PA,AEA,CE,Federal Contract Tower,1,23,24,0,48,0,0,20,0,20,1,23,44,0,68,52,0,52,120
09/12/2007,LBE,PA,AEA,CE,Federal Contract Tower,3,11,20,2,36,0,3,44,2,49,3,14,64,4,85,64,0,64,149
09/13/2007,LBE,PA,AEA,CE,Federal Contract Tower,0,26,23,3,52,0,1,47,7,55,0,27,70,10,107,58,4,62,169
09/14/2007,LBE,PA,AEA,CE,Federal Contract Tower,2,25,15,0,42,0,2,35,2,39,2,27,50,2,81,38,0,38,119
09/15/2007,LBE,PA,AEA,CE,Federal Contract Tower,2,11,22,0,35,0,0,25,0,25,2,11,47,0,60,92,0,92,152
09/16/2007,LBE,PA,AEA,CE,Federal Contract Tower,0,10,11,0,21,0,1,54,0,55,0,11,65,0,76,88,0,88,164
09/17/2007,LBE,PA,AEA,CE,Federal Contract Tower,0,14,18,0,32,0,0,54,0,54,0,14,72,0,86,70,0,70,156
09/18/2007,LBE,PA,AEA,CE,Federal Contract Tower,0,21,19,0,40,0,0,54,6,60,0,21,73,6,100,96,16,112,212
09/19/2007,LBE,PA,AEA,CE,Federal Contract Tower,2,20,16,0,38,0,2,42,4,48,2,22,58,4,86,76,4,80,166
09/20/2007,LBE,PA,AEA,CE,Federal Contract Tower,0,22,14,2,38,0,1,38,2,41,0,23,52,4,79,96,0,96,175
09/21/2007,LBE,PA,AEA,CE,Federal Contract Tower,0,21,14,2,37,0,0,45,1,46,0,21,59,3,83,66,0,66,149
09/22/2007,LBE,PA,AEA,CE,Federal Contract Tower,1,5,14,0,20,0,0,46,2,48,1,5,60,2,68,54,2,56,124
09/23/2007,LBE,PA,AEA,CE,Federal Contract Tower,0,10,14,0,24,0,1,65,0,66,0,11,79,0,90,82,0,82,172
09/24/2007,LBE,PA,AEA,CE,Federal Contract Tower,0,25,18,2,45,0,2,46,3,51,0,27,64,5,96,72,4,76,172
09/25/2007,LBE,PA,AEA,CE,Federal Contract Tower,0,12,18,0,30,0,1,55,19,75,0,13,73,19,105,54,12,66,171
09/26/2007,LBE,PA,AEA,CE,Federal Contract Tower,0,21,13,0,34,0,7,23,8,38,0,28,36,8,72,44,0,44,116
09/27/2007,LBE,PA,AEA,CE,Federal Contract Tower,0,29,32,2,63,0,0,13,0,13,0,29,45,2,76,2,0,2,78
09/28/2007,LBE,PA,AEA,CE,Federal Contract Tower,2,23,23,0,48,0,0,28,1,29,2,23,51,1,77,34,0,34,111
09/29/2007,LBE,PA,AEA,CE,Federal Contract Tower,0,17,28,1,46,0,0,63,11,74,0,17,91,12,120,54,6,60,180
09/30/2007,LBE,PA,AEA,CE,Federal Contract Tower,0,23,22,0,45,0,1,80,2,83,0,24,102,2,128,84,0,84,212
10/01/2007,LBE,PA,AEA,CE,Federal Contract Tower,0,15,14,4,33,0,5,31,1,37,0,20,45,5,70,94,2,96,166
10/02/2007,LBE,PA,AEA,CE,Federal Contract Tower,2,13,20,3,38,0,2,49,3,54,2,15,69,6,92,68,30,98,190
10/03/2007,LBE,PA,AEA,CE,Federal Contract Tower,0,22,14,0,36,0,1,49,5,55,0,23,63,5,91,38,0,38,129
10/04/2007,LBE,PA,AEA,CE,Federal Contract Tower,1,21,8,0,30,0,0,51,3,54,1,21,59,3,84,12,0,12,96
10/05/2007,LBE,PA,AEA,CE,Federal Contract Tower,0,19,16,0,35,0,3,65,0,68,0,22,81,0,103,46,0,46,149
10/06/2007,LBE,PA,AEA,CE,Federal Contract Tower,0,14,14,0,28,0,0,54,2,56,0,14,68,2,84,84,4,88,172
10/07/2007,LBE,PA,AEA,CE,Federal Contract Tower,1,14,21,0,36,0,0,49,0,49,1,14,70,0,85,82,0,82,167
10/08/2007,LBE,PA,AEA,CE,Federal Contract Tower,1,16,29,0,46,0,0,41,0,41,1,16,70,0,87,48,0,48,135
10/09/2007,LBE,PA,AEA,CE,Federal Contract Tower,1,23,9,0,33,0,0,26,2,28,1,23,35,2,61,42,0,42,103
10/10/2007,LBE,PA,AEA,CE,Federal Contract Tower,2,20,24,1,47,0,0,33,3,36,2,20,57,4,83,12,4,16,99
10/11/2007,LBE,PA,AEA,CE,Federal Contract Tower,0,23,6,0,29,0,0,13,0,13,0,23,19,0,42,76,0,76,118
10/12/2007,LBE,PA,AEA,CE,Federal Contract Tower,0,26,20,2,48,0,0,11,9,20,0,26,31,11,68,68,30,98,166
10/13/2007,LBE,PA,AEA,CE,Federal Contract Tower,0,12,8,0,20,0,0,64,6,70,0,12,72,6,90,100,22,122,212
10/14/2007,LBE,PA,AEA,CE,Federal Contract Tower,0,13,17,0,30,0,0,64,6,70,0,13,81,6,100,94,34,128,228
10/15/2007,LBE,PA,AEA,CE,Federal Contract Tower,0,22,15,0,37,0,8,69,2,79,0,30,84,2,116,108,20,128,244
10/16/2007,LBE,PA,AEA,CE,Federal Contract Tower,2,16,9,4,31,0,0,62,7,69,2,16,71,11,100,84,30,114,214
10/17/2007,LBE,PA,AEA,CE,Federal Contract Tower,1,18,20,0,39,0,0,29,0,29,1,18,49,0,68,24,0,24,92
10/18/2007,LBE,PA,AEA,CE,Federal Contract Tower,0,24,8,0,32,0,0,44,4,48,0,24,52,4,80,94,22,116,196
10/19/2007,LBE,PA,AEA,CE,Federal Contract Tower,2,10,13,0,25,0,0,12,4,16,2,10,25,4,41,30,30,60,101
10/20/2007,LBE,PA,AEA,CE,Federal Contract Tower,0,22,11,0,33,0,0,36,2,38,0,22,47,2,71,60,20,80,151
10/21/2007,LBE,PA,AEA,CE,Federal Contract Tower,0,12,15,0,27,0,0,102,0,102,0,12,117,0,129,78,18,96,225
10/22/2007,LBE,PA,AEA,CE,Federal Contract Tower,0,17,14,1,32,0,3,0,0,3,0,20,14,1,35,36,0,36,71
10/23/2007,LBE,PA,AEA,CE,Federal Contract Tower,0,23,9,2,34,0,0,2,0,2,0,23,11,2,36,0,0,0,36
10/24/2007,LBE,PA,AEA,CE,Federal Contract Tower,0,18,14,0,32,0,0,26,4,30,0,18,40,4,62,40,34,74,136
10/25/2007,LBE,PA,AEA,CE,Federal Contract Tower,0,21,22,2,45,0,1,23,5,29,0,22,45,7,74,32,22,54,128
10/26/2007,LBE,PA,AEA,CE,Federal Contract Tower,1,19,12,2,34,0,0,6,0,6,1,19,18,2,40,46,0,46,86
10/27/2007,LBE,PA,AEA,CE,Federal Contract Tower,0,6,13,0,19,0,0,12,0,12,0,6,25,0,31,24,0,24,55
10/28/2007,LBE,PA,AEA,CE,Federal Contract Tower,0,14,7,0,21,0,6,52,4,62,0,20,59,4,83,70,14,84,167
10/29/2007,LBE,PA,AEA,CE,Federal Contract Tower,0,20,19,0,39,0,0,54,2,56,0,20,73,2,95,30,0,30,125
10/30/2007,LBE,PA,AEA,CE,Federal Contract Tower,0,22,2,0,24,0,0,53,2,55,0,22,55,2,79,40,4,44,123
10/31/2007,LBE,PA,AEA,CE,Federal Contract Tower,0,17,5,2,24,0,0,43,12,55,0,17,48,14,79,50,68,118,197
11/01/2007,LBE,PA,AEA,CE,Federal Contract Tower,0,25,21,1,47,0,3,23,3,29,0,28,44,4,76,28,0,28,104
11/02/2007,LBE,PA,AEA,CE,Federal Contract Tower,0,26,17,0,43,0,0,31,0,31,0,26,48,0,74,84,8,92,166
11/03/2007,LBE,PA,AEA,CE,Federal Contract Tower,0,8,22,0,30,0,0,52,4,56,0,8,74,4,86,44,16,60,146
11/04/2007,LBE,PA,AEA,CE,Federal Contract Tower,0,9,27,0,36,0,0,31,0,31,0,9,58,0,67,12,0,12,79
11/05/2007,LBE,PA,AEA,CE,Federal Contract Tower,0,17,18,2,37,0,0,19,0,19,0,17,37,2,56,30,0,30,86
11/06/2007,LBE,PA,AEA,CE,Federal Contract Tower,0,22,9,0,31,0,0,13,0,13,0,22,22,0,44,6,4,10,54
11/07/2007,LBE,PA,AEA,CE,Federal Contract Tower,0,21,6,1,28,0,0,16,3,19,0,21,22,4,47,46,0,46,93
11/08/2007,LBE,PA,AEA,CE,Federal Contract Tower,0,24,16,0,40,0,2,21,0,23,0,26,37,0,63,62,0,62,125
11/09/2007,LBE,PA,AEA,CE,Federal Contract Tower,2,17,19,0,38,0,1,10,0,11,2,18,29,0,49,0,0,0,49
11/10/2007,LBE,PA,AEA,CE,Federal Contract Tower,0,16,5,0,21,0,0,2,1,3,0,16,7,1,24,8,0,8,32
11/11/2007,LBE,PA,AEA,CE,Federal Contract Tower,1,12,13,0,26,0,0,33,1,34,1,12,46,1,60,32,8,40,100
11/12/2007,LBE,PA,AEA,CE,Federal Contract Tower,1,14,14,0,29,0,0,20,3,23,1,14,34,3,52,46,12,58,110
11/13/2007,LBE,PA,AEA,CE,Federal Contract Tower,0,15,7,4,26,0,0,47,9,56,0,15,54,13,82,82,46,128,210
11/14/2007,LBE,PA,AEA,CE,Federal Contract Tower,2,20,16,0,38,0,1,8,0,9,2,21,24,0,47,64,0,64,111
11/15/2007,LBE,PA,AEA,CE,Federal Contract Tower,1,19,6,0,26,0,0,12,0,12,1,19,18,0,38,16,0,16,54
11/16/2007,LBE,PA,AEA,CE,Federal Contract Tower,0,17,11,2,30,0,0,8,4,12,0,17,19,6,42,4,0,4,46
11/17/2007,LBE,PA,AEA,CE,Federal Contract Tower,0,14,6,0,20,0,0,38,4,42,0,14,44,4,62,68,6,74,136
11/18/2007,LBE,PA,AEA,CE,Federal Contract Tower,1,17,10,0,28,0,0,8,4,12,1,17,18,4,40,20,22,42,82
11/19/2007,LBE,PA,AEA,CE,Federal Contract Tower,2,18,9,2,31,0,1,30,2,33,2,19,39,4,64,88,8,96,160
11/20/2007,LBE,PA,AEA,CE,Federal Contract Tower,2,26,14,6,48,0,0,22,0,22,2,26,36,6,70,106,4,110,180
11/21/2007,LBE,PA,AEA,CE,Federal Contract Tower,0,25,21,3,49,0,2,29,1,32,0,27,50,4,81,20,6,26,107
11/22/2007,LBE,PA,AEA,CE,Federal Contract Tower,0,8,2,0,10,0,0,0,0,0,0,8,2,0,10,0,0,0,10
11/23/2007,LBE,PA,AEA,CE,Federal Contract Tower,1,15,3,0,19,0,0,13,0,13,1,15,16,0,32,4,0,4,36
11/24/2007,LBE,PA,AEA,CE,Federal Contract Tower,0,13,4,0,17,0,0,67,2,69,0,13,71,2,86,54,36,90,176
11/25/2007,LBE,PA,AEA,CE,Federal Contract Tower,0,21,13,0,34,0,0,56,0,56,0,21,69,0,90,84,12,96,186
11/26/2007,LBE,PA,AEA,CE,Federal Contract Tower,0,11,6,2,19,0,0,5,1,6,0,11,11,3,25,58,18,76,101
11/27/2007,LBE,PA,AEA,CE,Federal Contract Tower,0,8,6,0,14,0,2,26,4,32,0,10,32,4,46,108,24,132,178
11/28/2007,LBE,PA,AEA,CE,Federal Contract Tower,0,14,6,0,20,0,0,33,2,35,0,14,39,2,55,52,0,52,107
11/29/2007,LBE,PA,AEA,CE,Federal Contract Tower,0,19,4,0,23,0,0,8,4,12,0,19,12,4,35,0,0,0,35
11/30/2007,LBE,PA,AEA,CE,Federal Contract Tower,2,23,7,4,36,0,0,15,13,28,2,23,22,17,64,10,26,36,100
12/01/2007,LBE,PA,AEA,CE,Federal Contract Tower,0,8,6,0,14,0,0,60,4,64,0,8,66,4,78,88,16,104,182
12/02/2007,LBE,PA,AEA,CE,Federal Contract Tower,2,9,7,0,18,0,0,10,2,12,2,9,17,2,30,64,12,76,106
12/03/2007,LBE,PA,AEA,CE,Federal Contract Tower,0,14,5,0,19,0,0,6,2,8,0,14,11,2,27,0,12,12,39
12/04/2007,LBE,PA,AEA,CE,Federal Contract Tower,1,17,10,0,28,0,0,2,0,2,1,17,12,0,30,10,0,10,40
12/05/2007,LBE,PA,AEA,CE,Federal Contract Tower,0,16,2,0,18,0,0,0,0,0,0,16,2,0,18,0,0,0,18
12/06/2007,LBE,PA,AEA,CE,Federal Contract Tower,0,21,15,0,36,0,0,8,2,10,0,21,23,2,46,4,2,6,52
12/07/2007,LBE,PA,AEA,CE,Federal Contract Tower,0,22,3,0,25,0,0,0,0,0,0,22,3,0,25,0,0,0,25
12/08/2007,LBE,PA,AEA,CE,Federal Contract Tower,0,10,6,0,16,0,0,1,0,1,0,10,7,0,17,38,0,38,55
12/09/2007,LBE,PA,AEA,CE,Federal Contract Tower,1,18,8,0,27,0,0,0,0,0,1,18,8,0,27,0,0,0,27
12/10/2007,LBE,PA,AEA,CE,Federal Contract Tower,2,17,3,2,24,0,0,1,0,1,2,17,4,2,25,0,0,0,25
12/11/2007,LBE,PA,AEA,CE,Federal Contract Tower,0,24,11,2,37,0,0,5,0,5,0,24,16,2,42,14,0,14,56
12/12/2007,LBE,PA,AEA,CE,Federal Contract Tower,2,16,7,4,29,0,0,9,0,9,2,16,16,4,38,16,16,32,70
12/13/2007,LBE,PA,AEA,CE,Federal Contract Tower,0,12,11,0,23,0,0,0,0,0,0,12,11,0,23,0,0,0,23
12/14/2007,LBE,PA,AEA,CE,Federal Contract Tower,2,15,3,2,22,0,0,24,0,24,2,15,27,2,46,0,0,0,46
12/15/2007,LBE,PA,AEA,CE,Federal Contract Tower,0,11,5,0,16,0,0,17,2,19,0,11,22,2,35,26,2,28,63
12/16/2007,LBE,PA,AEA,CE,Federal Contract Tower,0,10,1,0,11,0,0,2,0,2,0,10,3,0,13,0,0,0,13
12/17/2007,LBE,PA,AEA,CE,Federal Contract Tower,0,12,7,0,19,0,0,4,0,4,0,12,11,0,23,0,0,0,23
12/18/2007,LBE,PA,AEA,CE,Federal Contract Tower,0,21,18,2,41,0,0,56,5,61,0,21,74,7,102,52,10,62,164
12/19/2007,LBE,PA,AEA,CE,Federal Contract Tower,0,23,17,0,40,0,0,1,0,1,0,23,18,0,41,0,0,0,41
12/20/2007,LBE,PA,AEA,CE,Federal Contract Tower,2,15,17,1,35,0,0,22,1,23,2,15,39,2,58,10,2,12,70
12/21/2007,LBE,PA,AEA,CE,Federal Contract Tower,0,16,9,2,27,0,2,25,0,27,0,18,34,2,54,12,4,16,70
12/22/2007,LBE,PA,AEA,CE,Federal Contract Tower,0,7,10,0,17,0,1,20,0,21,0,8,30,0,38,26,0,26,64
12/23/2007,LBE,PA,AEA,CE,Federal Contract Tower,0,8,0,0,8,0,0,0,0,0,0,8,0,0,8,0,0,0,8
12/24/2007,LBE,PA,AEA,CE,Federal Contract Tower,0,7,1,0,8,0,0,7,0,7,0,7,8,0,15,0,0,0,15
12/25/2007,LBE,PA,AEA,CE,Federal Contract Tower,0,6,1,0,7,0,0,17,0,17,0,6,18,0,24,14,0,14,38
12/26/2007,LBE,PA,AEA,CE,Federal Contract Tower,0,14,21,0,35,0,0,59,0,59,0,14,80,0,94,26,0,26,120
12/27/2007,LBE,PA,AEA,CE,Federal Contract Tower,0,24,9,1,34,0,2,0,1,3,0,26,9,2,37,2,0,2,39
12/28/2007,LBE,PA,AEA,CE,Federal Contract Tower,5,19,10,0,34,0,0,28,2,30,5,19,38,2,64,16,0,16,80
12/29/2007,LBE,PA,AEA,CE,Federal Contract Tower,0,11,3,0,14,0,0,14,0,14,0,11,17,0,28,0,0,0,28
12/30/2007,LBE,PA,AEA,CE,Federal Contract Tower,0,10,0,0,10,0,0,12,0,12,0,10,12,0,22,22,0,22,44
12/31/2007,LBE,PA,AEA,CE,Federal Contract Tower,0,12,10,0,22,0,1,27,0,28,0,13,37,0,50,20,0,20,70
01/01/2008,LBE,PA,AEA,CE,Federal Contract Tower,0,16,2,0,18,0,0,4,0,4,0,16,6,0,22,2,0,2,24
01/02/2008,LBE,PA,AEA,CE,Federal Contract Tower,0,17,8,0,25,0,0,3,0,3,0,17,11,0,28,0,0,0,28
01/03/2008,LBE,PA,AEA,CE,Federal Contract Tower,0,10,8,0,18,0,1,9,0,10,0,11,17,0,28,6,0,6,34
01/04/2008,LBE,PA,AEA,CE,Federal Contract Tower,2,9,5,2,18,0,0,31,1,32,2,9,36,3,50,12,0,12,62
01/05/2008,LBE,PA,AEA,CE,Federal Contract Tower,0,15,1,0,16,0,0,16,0,16,0,15,17,0,32,0,0,0,32
01/06/2008,LBE,PA,AEA,CE,Federal Contract Tower,0,13,8,0,21,0,0,4,0,4,0,13,12,0,25,0,0,0,25
01/07/2008,LBE,PA,AEA,CE,Federal Contract Tower,0,17,11,1,29,0,0,24,5,29,0,17,35,6,58,24,4,28,86
01/08/2008,LBE,PA,AEA,CE,Federal Contract Tower,0,13,14,0,27,0,0,31,6,37,0,13,45,6,64,10,0,10,74
01/09/2008,LBE,PA,AEA,CE,Federal Contract Tower,1,17,8,1,27,0,0,8,5,13,1,17,16,6,40,2,0,2,42
01/10/2008,LBE,PA,AEA,CE,Federal Contract Tower,0,14,4,0,18,0,3,29,2,34,0,17,33,2,52,30,6,36,88
01/11/2008,LBE,PA,AEA,CE,Federal Contract Tower,0,18,6,0,24,0,0,7,1,8,0,18,13,1,32,16,0,16,48
01/12/2008,LBE,PA,AEA,CE,Federal Contract Tower,0,8,6,2,16,0,0,53,2,55,0,8,59,4,71,8,0,8,79
01/13/2008,LBE,PA,AEA,CE,Federal Contract Tower,0,7,12,2,21,0,0,13,0,13,0,7,25,2,34,12,0,12,46
01/14/2008,LBE,PA,AEA,CE,Federal Contract Tower,0,18,3,0,21,0,1,8,0,9,0,19,11,0,30,20,0,20,50
01/15/2008,LBE,PA,AEA,CE,Federal Contract Tower,0,16,8,0,24,0,0,4,0,4,0,16,12,0,28,6,0,6,34
01/16/2008,LBE,PA,AEA,CE,Federal Contract Tower,0,16,11,0,27,0,3,23,2,28,0,19,34,2,55,36,4,40,95
01/17/2008,LBE,PA,AEA,CE,Federal Contract Tower,0,23,5,0,28,0,0,0,0,0,0,23,5,0,28,0,0,0,28
01/18/2008,LBE,PA,AEA,CE,Federal Contract Tower,0,14,8,2,24,0,1,21,0,22,0,15,29,2,46,8,2,10,56
01/19/2008,LBE,PA,AEA,CE,Federal Contract Tower,0,10,10,0,20,0,0,18,0,18,0,10,28,0,38,16,0,16,54
01/20/2008,LBE,PA,AEA,CE,Federal Contract Tower,0,18,0,0,18,0,0,6,0,6,0,18,6,0,24,4,0,4,28
01/21/2008,LBE,PA,AEA,CE,Federal Contract Tower,0,16,9,0,25,0,2,49,0,51,0,18,58,0,76,44,0,44,120
01/22/2008,LBE,PA,AEA,CE,Federal Contract Tower,2,10,22,0,34,0,3,15,0,18,2,13,37,0,52,14,0,14,66
01/23/2008,LBE,PA,AEA,CE,Federal Contract Tower,0,19,4,0,23,0,5,37,4,46,0,24,41,4,69,26,12,38,107
01/24/2008,LBE,PA,AEA,CE,Federal Contract Tower,2,19,15,0,36,0,0,5,0,5,2,19,20,0,41,0,0,0,41
01/25/2008,LBE,PA,AEA,CE,Federal Contract Tower,0,17,5,0,22,0,1,27,2,30,0,18,32,2,52,10,0,10,62
01/26/2008,LBE,PA,AEA,CE,Federal Contract Tower,0,9,2,0,11,0,0,13,0,13,0,9,15,0,24,24,0,24,48
01/27/2008,LBE,PA,AEA,CE,Federal Contract Tower,0,7,5,2,14,0,0,4,0,4,0,7,9,2,18,8,0,8,26
01/28/2008,LBE,PA,AEA,CE,Federal Contract Tower,0,11,5,4,20,0,4,50,1,55,0,15,55,5,75,36,0,36,111
01/29/2008,LBE,PA,AEA,CE,Federal Contract Tower,0,9,12,0,21,0,1,4,0,5,0,10,16,0,26,6,0,6,32
01/30/2008,LBE,PA,AEA,CE,Federal Contract Tower,0,21,6,0,27,0,0,2,2,4,0,21,8,2,31,0,8,8,39
01/31/2008,LBE,PA,AEA,CE,Federal Contract Tower,0,20,10,3,33,0,1,42,6,49,0,21,52,9,82,58,0,58,140
02/01/2008,LBE,PA,AEA,CE,Federal Contract Tower,1,11,4,0,16,0,0,3,0,3,1,11,7,0,19,22,0,22,41
02/02/2008,LBE,PA,AEA,CE,Federal Contract Tower,0,13,10,0,23,0,0,10,0,10,0,13,20,0,33,38,0,38,71
02/03/2008,LBE,PA,AEA,CE,Federal Contract Tower,0,7,5,0,12,0,0,42,2,44,0,7,47,2,56,70,14,84,140
02/04/2008,LBE,PA,AEA,CE,Federal Contract Tower,0,14,13,1,28,0,0,5,0,5,0,14,18,1,33,4,0,4,37
02/05/2008,LBE,PA,AEA,CE,Federal Contract Tower,0,13,10,1,24,0,0,0,2,2,0,13,10,3,26,2,6,8,34
02/06/2008,LBE,PA,AEA,CE,Federal Contract Tower,0,16,7,0,23,0,1,6,0,7,0,17,13,0,30,0,0,0,30
02/07/2008,LBE,PA,AEA,CE,Federal Contract Tower,2,19,8,0,29,0,1,10,0,11,2,20,18,0,40,26,0,26,66
02/08/2008,LBE,PA,AEA,CE,Federal Contract Tower,0,17,6,0,23,0,0,9,0,9,0,17,15,0,32,12,0,12,44
02/09/2008,LBE,PA,AEA,CE,Federal Contract Tower,2,10,1,0,13,0,1,10,4,15,2,11,11,4,28,22,10,32,60
02/10/2008,LBE,PA,AEA,CE,Federal Contract Tower,0,10,1,0,11,0,0,1,0,1,0,10,2,0,12,0,0,0,12
02/11/2008,LBE,PA,AEA,CE,Federal Contract Tower,0,16,6,0,22,0,0,40,0,40,0,16,46,0,62,24,0,24,86
02/12/2008,LBE,PA,AEA,CE,Federal Contract Tower,0,15,0,0,15,0,0,0,0,0,0,15,0,0,15,0,0,0,15
02/13/2008,LBE,PA,AEA,CE,Federal Contract Tower,0,19,8,0,27,0,0,3,0,3,0,19,11,0,30,0,0,0,30
02/14/2008,LBE,PA,AEA,CE,Federal Contract Tower,0,22,7,0,29,0,5,54,0,59,0,27,61,0,88,20,0,20,108
02/15/2008,LBE,PA,AEA,CE,Federal Contract Tower,0,17,2,0,19,0,0,13,0,13,0,17,15,0,32,16,0,16,48
02/16/2008,LBE,PA,AEA,CE,Federal Contract Tower,0,7,10,0,17,0,0,56,0,56,0,7,66,0,73,104,0,104,177
02/17/2008,LBE,PA,AEA,CE,Federal Contract Tower,1,8,0,0,9,0,0,2,0,2,1,8,2,0,11,0,0,0,11
02/18/2008,LBE,PA,AEA,CE,Federal Contract Tower,0,14,9,0,23,0,0,1,0,1,0,14,10,0,24,0,0,0,24
02/19/2008,LBE,PA,AEA,CE,Federal Contract Tower,0,16,6,2,24,0,0,23,2,25,0,16,29,4,49,6,0,6,55
02/20/2008,LBE,PA,AEA,CE,Federal Contract Tower,0,18,6,1,25,0,0,11,0,11,0,18,17,1,36,0,0,0,36
02/21/2008,LBE,PA,AEA,CE,Federal Contract Tower,0,21,8,2,31,0,1,32,0,33,0,22,40,2,64,30,0,30,94
02/22/2008,LBE,PA,AEA,CE,Federal Contract Tower,0,18,2,0,20,0,0,0,0,0,0,18,2,0,20,0,0,0,20
02/23/2008,LBE,PA,AEA,CE,Federal Contract Tower,0,10,1,0,11,0,0,6,0,6,0,10,7,0,17,0,0,0,17
02/24/2008,LBE,PA,AEA,CE,Federal Contract Tower,0,11,12,0,23,0,0,54,0,54,0,11,66,0,77,48,2,50,127
02/25/2008,LBE,PA,AEA,CE,Federal Contract Tower,0,15,4,2,21,0,2,13,0,15,0,17,17,2,36,6,0,6,42
02/26/2008,LBE,PA,AEA,CE,Federal Contract Tower,1,15,9,2,27,0,3,4,0,7,1,18,13,2,34,2,0,2,36
02/27/2008,LBE,PA,AEA,CE,Federal Contract Tower,0,16,3,0,19,0,0,2,0,2,0,16,5,0,21,0,0,0,21
02/28/2008,LBE,PA,AEA,CE,Federal Contract Tower,0,19,13,0,32,0,4,20,4,28,0,23,33,4,60,22,2,24,84
02/29/2008,LBE,PA,AEA,CE,Federal Contract Tower,0,17,3,0,20,0,0,13,2,15,0,17,16,2,35,2,10,12,47
03/01/2008,LBE,PA,AEA,CE,Federal Contract Tower,0,5,2,0,7,0,0,4,0,4,0,5,6,0,11,18,0,18,29
03/02/2008,LBE,PA,AEA,CE,Federal Contract Tower,0,18,11,0,29,0,0,42,0,42,0,18,53,0,71,20,0,20,91
03/03/2008,LBE,PA,AEA,CE,Federal Contract Tower,0,7,12,0,19,0,0,61,0,61,0,7,73,0,80,44,0,44,124
03/04/2008,LBE,PA,AEA,CE,Federal Contract Tower,0,8,4,1,13,0,0,5,0,5,0,8,9,1,18,0,0,0,18
03/05/2008,LBE,PA,AEA,CE,Federal Contract Tower,0,11,4,1,16,0,0,20,0,20,0,11,24,1,36,30,0,30,66
03/06/2008,LBE,PA,AEA,CE,Federal Contract Tower,0,16,12,0,28,0,1,27,6,34,0,17,39,6,62,16,18,34,96
03/07/2008,LBE,PA,AEA,CE,Federal Contract Tower,0,21,6,0,27,0,2,13,0,15,0,23,19,0,42,16,0,16,58
03/08/2008,LBE,PA,AEA,CE,Federal Contract Tower,0,8,0,0,8,0,0,5,2,7,0,8,5,2,15,16,6,22,37
03/09/2008,LBE,PA,AEA,CE,Federal Contract Tower,1,17,4,0,22,0,0,24,0,24,1,17,28,0,46,66,0,66,112
03/10/2008,LBE,PA,AEA,CE,Federal Contract Tower,1,13,5,2,21,0,2,10,1,13,1,15,15,3,34,34,0,34,68
03/11/2008,LBE,PA,AEA,CE,Federal Contract Tower,0,14,9,0,23,0,0,21,2,23,0,14,30,2,46,68,0,68,114
03/12/2008,LBE,PA,AEA,CE,Federal Contract Tower,2,12,17,2,33,0,4,22,4,30,2,16,39,6,63,22,0,22,85
03/13/2008,LBE,PA,AEA,CE,Federal Contract Tower,0,15,3,0,18,0,0,39,4,43,0,15,42,4,61,20,6,26,87
03/14/2008,LBE,PA,AEA,CE,Federal Contract Tower,0,13,10,0,23,0,0,26,0,26,0,13,36,0,49,14,0,14,63
03/15/2008,LBE,PA,AEA,CE,Federal Contract Tower,0,16,3,0,19,0,0,13,0,13,0,16,16,0,32,14,6,20,52
03/16/2008,LBE,PA,AEA,CE,Federal Contract Tower,1,20,7,0,28,0,1,19,4,24,1,21,26,4,52,50,4,54,106
03/17/2008,LBE,PA,AEA,CE,Federal Contract Tower,0,19,9,4,32,10,3,57,0,70,10,22,66,4,102,38,0,38,140
03/18/2008,LBE,PA,AEA,CE,Federal Contract Tower,0,17,3,0,20,0,0,10,0,10,0,17,13,0,30,6,0,6,36
03/19/2008,LBE,PA,AEA,CE,Federal Contract Tower,0,16,3,0,19,0,1,13,0,14,0,17,16,0,33,18,0,18,51
03/20/2008,LBE,PA,AEA,CE,Federal Contract Tower,0,20,9,0,29,0,2,12,2,16,0,22,21,2,45,6,0,6,51
03/21/2008,LBE,PA,AEA,CE,Federal Contract Tower,0,11,5,0,16,0,0,40,0,40,0,11,45,0,56,46,0,46,102
03/22/2008,LBE,PA,AEA,CE,Federal Contract Tower,0,13,1,0,14,0,0,12,0,12,0,13,13,0,26,30,0,30,56
03/23/2008,LBE,PA,AEA,CE,Federal Contract Tower,1,9,13,0,23,0,1,34,0,35,1,10,47,0,58,60,0,60,118
03/24/2008,LBE,PA,AEA,CE,Federal Contract Tower,1,17,17,0,35,0,1,27,0,28,1,18,44,0,63,36,0,36,99
03/25/2008,LBE,PA,AEA,CE,Federal Contract Tower,1,17,7,1,26,0,0,33,3,36,1,17,40,4,62,6,8,14,76
03/26/2008,LBE,PA,AEA,CE,Federal Contract Tower,0,13,14,0,27,0,0,23,8,31,0,13,37,8,58,12,8,20,78
03/27/2008,LBE,PA,AEA,CE,Federal Contract Tower,0,10,2,0,12,0,0,5,0,5,0,10,7,0,17,0,0,0,17
03/28/2008,LBE,PA,AEA,CE,Federal Contract Tower,2,18,12,2,34,0,0,12,0,12,2,18,24,2,46,26,4,30,76
03/29/2008,LBE,PA,AEA,CE,Federal Contract Tower,0,4,9,0,13,0,0,51,0,51,0,4,60,0,64,88,0,88,152
03/30/2008,LBE,PA,AEA,CE,Federal Contract Tower,2,14,12,0,28,0,0,16,0,16,2,14,28,0,44,8,0,8,52
03/31/2008,LBE,PA,AEA,CE,Federal Contract Tower,0,24,7,2,33,0,0,29,3,32,0,24,36,5,65,26,0,26,91
04/01/2008,LBE,PA,AEA,CE,Federal Contract Tower,0,12,4,0,16,0,0,13,1,14,0,12,17,1,30,2,0,2,32
04/02/2008,LBE,PA,AEA,CE,Federal Contract Tower,2,14,14,7,37,0,1,43,8,52,2,15,57,15,89,46,24,70,159
04/03/2008,LBE,PA,AEA,CE,Federal Contract Tower,0,14,11,0,25,0,0,21,2,23,0,14,32,2,48,20,14,34,82
04/04/2008,LBE,PA,AEA,CE,Federal Contract Tower,0,14,10,2,26,0,0,16,0,16,0,14,26,2,42,16,10,26,68
04/05/2008,LBE,PA,AEA,CE,Federal Contract Tower,0,10,27,0,37,0,0,33,0,33,0,10,60,0,70,80,0,80,150
04/06/2008,LBE,PA,AEA,CE,Federal Contract Tower,1,10,13,5,29,0,0,54,1,55,1,10,67,6,84,54,6,60,144
04/07/2008,LBE,PA,AEA,CE,Federal Contract Tower,0,13,13,0,26,0,3,32,0,35,0,16,45,0,61,56,0,56,117
04/08/2008,LBE,PA,AEA,CE,Federal Contract Tower,0,15,13,5,33,0,2,69,3,74,0,17,82,8,107,70,10,80,187
04/09/2008,LBE,PA,AEA,CE,Federal Contract Tower,0,11,7,0,18,0,1,45,4,50,0,12,52,4,68,66,0,66,134
04/10/2008,LBE,PA,AEA,CE,Federal Contract Tower,0,17,15,8,40,0,6,54,10,70,0,23,69,18,110,26,52,78,188
04/11/2008,LBE,PA,AEA,CE,Federal Contract Tower,2,17,6,0,25,0,2,9,0,11,2,19,15,0,36,16,0,16,52
04/12/2008,LBE,PA,AEA,CE,Federal Contract Tower,0,8,8,1,17,0,1,29,3,33,0,9,37,4,50,44,8,52,102
04/13/2008,LBE,PA,AEA,CE,Federal Contract Tower,2,10,3,0,15,0,0,16,0,16,2,10,19,0,31,44,0,44,75
04/14/2008,LBE,PA,AEA,CE,Federal Contract Tower,2,13,10,2,27,0,0,24,0,24,2,13,34,2,51,10,0,10,61
04/15/2008,LBE,PA,AEA,CE,Federal Contract Tower,0,12,15,2,29,0,1,44,2,47,0,13,59,4,76,56,20,76,152
04/16/2008,LBE,PA,AEA,CE,Federal Contract Tower,2,6,8,0,16,0,3,63,4,70,2,9,71,4,86,80,0,80,166
04/17/2008,LBE,PA,AEA,CE,Federal Contract Tower,0,14,13,0,27,0,1,42,2,45,0,15,55,2,72,78,4,82,154
04/18/2008,LBE,PA,AEA,CE,Federal Contract Tower,2,20,7,2,31,0,3,62,4,69,2,23,69,6,100,36,4,40,140
04/19/2008,LBE,PA,AEA,CE,Federal Contract Tower,0,5,3,0,8,0,0,39,0,39,0,5,42,0,47,54,8,62,109
04/20/2008,LBE,PA,AEA,CE,Federal Contract Tower,3,14,8,2,27,0,0,13,0,13,3,14,21,2,40,36,0,36,76
04/21/2008,LBE,PA,AEA,CE,Federal Contract Tower,0,17,11,3,31,0,0,27,4,31,0,17,38,7,62,54,4,58,120
04/22/2008,LBE,PA,AEA,CE,Federal Contract Tower,2,21,3,2,28,0,1,41,0,42,2,22,44,2,70,60,2,62,132
04/23/2008,LBE,PA,AEA,CE,Federal Contract Tower,0,23,7,1,31,0,0,22,1,23,0,23,29,2,54,56,6,62,116
04/24/2008,LBE,PA,AEA,CE,Federal Contract Tower,0,16,11,1,28,0,0,57,3,60,0,16,68,4,88,44,16,60,148
04/25/2008,LBE,PA,AEA,CE,Federal Contract Tower,0,13,6,3,22,0,2,27,0,29,0,15,33,3,51,6,4,10,61
04/26/2008,LBE,PA,AEA,CE,Federal Contract Tower,0,12,7,0,19,0,0,14,0,14,0,12,21,0,33,30,0,30,63
04/27/2008,LBE,PA,AEA,CE,Federal Contract Tower,0,11,10,0,21,0,3,44,1,48,0,14,54,1,69,52,0,52,121
04/28/2008,LBE,PA,AEA,CE,Federal Contract Tower,0,13,14,0,27,0,0,11,0,11,0,13,25,0,38,0,0,0,38
04/29/2008,LBE,PA,AEA,CE,Federal Contract Tower,2,16,9,0,27,0,1,22,0,23,2,17,31,0,50,44,0,44,94
04/30/2008,LBE,PA,AEA,CE,Federal Contract Tower,0,22,20,0,42,0,2,33,0,35,0,24,53,0,77,24,0,24,101
05/01/2008,LBE,PA,AEA,CE,Federal Contract Tower,0,14,16,0,30,0,1,33,0,34,0,15,49,0,64,10,2,12,76
05/02/2008,LBE,PA,AEA,CE,Federal Contract Tower,2,10,11,0,23,0,3,12,0,15,2,13,23,0,38,14,4,18,56
05/03/2008,LBE,PA,AEA,CE,Federal Contract Tower,0,14,8,0,22,0,0,24,0,24,0,14,32,0,46,14,0,14,60
05/04/2008,LBE,PA,AEA,CE,Federal Contract Tower,2,12,21,3,38,0,0,48,0,48,2,12,69,3,86,50,0,50,136
05/05/2008,LBE,PA,AEA,CE,Federal Contract Tower,2,17,8,0,27,0,0,41,0,41,2,17,49,0,68,40,0,40,108
05/06/2008,LBE,PA,AEA,CE,Federal Contract Tower,1,26,17,0,44,0,6,65,0,71,1,32,82,0,115,70,0,70,185
05/07/2008,LBE,PA,AEA,CE,Federal Contract Tower,0,13,14,0,27,0,2,28,0,30,0,15,42,0,57,12,0,12,69
05/08/2008,LBE,PA,AEA,CE,Federal Contract Tower,0,29,21,0,50,0,0,0,0,0,0,29,21,0,50,20,0,20,70
05/09/2008,LBE,PA,AEA,CE,Federal Contract Tower,2,14,30,4,50,0,0,13,0,13,2,14,43,4,63,0,0,0,63
05/10/2008,LBE,PA,AEA,CE,Federal Contract Tower,2,16,13,0,31,0,0,29,2,31,2,16,42,2,62,26,0,26,88
05/11/2008,LBE,PA,AEA,CE,Federal Contract Tower,4,15,16,0,35,0,0,3,0,3,4,15,19,0,38,0,0,0,38
05/12/2008,LBE,PA,AEA,CE,Federal Contract Tower,4,20,19,2,45,0,0,4,0,4,4,20,23,2,49,2,0,2,51
05/13/2008,LBE,PA,AEA,CE,Federal Contract Tower,0,16,19,4,39,0,0,54,0,54,0,16,73,4,93,42,0,42,135
05/14/2008,LBE,PA,AEA,CE,Federal Contract Tower,2,18,11,2,33,0,4,23,2,29,2,22,34,4,62,2,6,8,70
05/15/2008,LBE,PA,AEA,CE,Federal Contract Tower,0,19,37,0,56,0,0,17,0,17,0,19,54,0,73,22,0,22,95
05/16/2008,LBE,PA,AEA,CE,Federal Contract Tower,0,16,11,2,29,0,0,1,0,1,0,16,12,2,30,0,0,0,30
05/17/2008,LBE,PA,AEA,CE,Federal Contract Tower,2,7,6,0,15,0,0,19,0,19,2,7,25,0,34,8,0,8,42
05/18/2008,LBE,PA,AEA,CE,Federal Contract Tower,0,9,11,0,20,0,0,15,0,15,0,9,26,0,35,42,8,50,85
05/19/2008,LBE,PA,AEA,CE,Federal Contract Tower,0,15,12,4,31,0,2,27,0,29,0,17,39,4,60,32,0,32,92
05/20/2008,LBE,PA,AEA,CE,Federal Contract Tower,0,17,15,2,34,0,0,17,8,25,0,17,32,10,59,4,22,26,85
05/21/2008,LBE,PA,AEA,CE,Federal Contract Tower,0,18,26,0,44,0,0,26,2,28,0,18,52,2,72,58,6,64,136
05/22/2008,LBE,PA,AEA,CE,Federal Contract Tower,0,24,14,6,44,0,0,28,0,28,0,24,42,6,72,22,14,36,108
05/23/2008,LBE,PA,AEA,CE,Federal Contract Tower,1,20,13,0,34,0,4,39,3,46,1,24,52,3,80,28,2,30,110
05/24/2008,LBE,PA,AEA,CE,Federal Contract Tower,2,7,6,1,16,0,4,48,0,52,2,11,54,1,68,28,2,30,98
05/25/2008,LBE,PA,AEA,CE,Federal Contract Tower,2,12,6,0,20,0,1,38,0,39,2,13,44,0,59,28,0,28,87
05/26/2008,LBE,PA,AEA,CE,Federal Contract Tower,0,20,17,0,37,0,0,39,0,39,0,20,56,0,76,14,0,14,90
05/27/2008,LBE,PA,AEA,CE,Federal Contract Tower,0,15,19,0,34,0,4,25,0,29,0,19,44,0,63,52,0,52,115
05/28/2008,LBE,PA,AEA,CE,Federal Contract Tower,0,14,11,2,27,0,2,39,0,41,0,16,50,2,68,26,0,26,94
05/29/2008,LBE,PA,AEA,CE,Federal Contract Tower,0,25,27,4,56,0,0,61,7,68,0,25,88,11,124,38,12,50,174
05/30/2008,LBE,PA,AEA,CE,Federal Contract Tower,0,35,15,2,52,0,1,58,7,66,0,36,73,9,118,48,12,60,178
05/31/2008,LBE,PA,AEA,CE,Federal Contract Tower,0,9,8,0,17,0,0,11,0,11,0,9,19,0,28,10,0,10,38
06/01/2008,LBE,PA,AEA,CE,Federal Contract Tower,2,19,5,3,29,0,4,23,0,27,2,23,28,3,56,40,0,40,96
06/02/2008,LBE,PA,AEA,CE,Federal Contract Tower,0,16,16,7,39,0,0,27,4,31,0,16,43,11,70,30,8,38,108
06/03/2008,LBE,PA,AEA,CE,Federal Contract Tower,0,21,15,3,39,0,0,37,9,46,0,21,52,12,85,14,70,84,169
06/04/2008,LBE,PA,AEA,CE,Federal Contract Tower,2,21,10,1,34,0,1,17,0,18,2,22,27,1,52,4,2,6,58
06/05/2008,LBE,PA,AEA,CE,Federal Contract Tower,0,18,20,1,39,4,6,29,2,41,4,24,49,3,80,20,12,32,112
06/06/2008,LBE,PA,AEA,CE,Federal Contract Tower,2,22,20,2,46,0,6,39,4,49,2,28,59,6,95,34,14,48,143
06/07/2008,LBE,PA,AEA,CE,Federal Contract Tower,0,5,8,0,13,0,5,25,0,30,0,10,33,0,43,20,4,24,67
06/08/2008,LBE,PA,AEA,CE,Federal Contract Tower,0,18,15,2,35,0,1,32,0,33,0,19,47,2,68,40,0,40,108
06/09/2008,LBE,PA,AEA,CE,Federal Contract Tower,2,15,16,3,36,0,2,29,2,33,2,17,45,5,69,52,0,52,121
06/10/2008,LBE,PA,AEA,CE,Federal Contract Tower,0,20,16,0,36,0,0,32,2,34,0,20,48,2,70,54,0,54,124
06/11/2008,LBE,PA,AEA,CE,Federal Contract Tower,2,16,24,8,50,0,0,44,6,50,2,16,68,14,100,56,10,66,166
06/12/2008,LBE,PA,AEA,CE,Federal Contract Tower,1,26,16,2,45,0,2,65,6,73,1,28,81,8,118,60,14,74,192
06/13/2008,LBE,PA,AEA,CE,Federal Contract Tower,0,9,15,2,26,0,0,17,5,22,0,9,32,7,48,28,0,28,76
06/14/2008,LBE,PA,AEA,CE,Federal Contract Tower,2,11,4,1,18,0,0,0,0,0,2,11,4,1,18,24,2,26,44
06/15/2008,LBE,PA,AEA,CE,Federal Contract Tower,1,4,18,0,23,0,0,45,3,48,1,4,63,3,71,38,0,38,109
06/16/2008,LBE,PA,AEA,CE,Federal Contract Tower,1,19,13,1,34,0,0,20,0,20,1,19,33,1,54,14,0,14,68
06/17/2008,LBE,PA,AEA,CE,Federal Contract Tower,0,12,16,3,31,0,0,38,0,38,0,12,54,3,69,56,24,80,149
06/18/2008,LBE,PA,AEA,CE,Federal Contract Tower,0,19,18,2,39,0,0,31,0,31,0,19,49,2,70,26,0,26,96
06/19/2008,LBE,PA,AEA,CE,Federal Contract Tower,3,27,24,2,56,0,3,49,3,55,3,30,73,5,111,48,36,84,195
06/20/2008,LBE,PA,AEA,CE,Federal Contract Tower,0,13,22,0,35,0,0,27,0,27,0,13,49,0,62,32,0,32,94
06/21/2008,LBE,PA,AEA,CE,Federal Contract Tower,2,8,10,0,20,0,0,37,2,39,2,8,47,2,59,44,2,46,105
06/22/2008,LBE,PA,AEA,CE,Federal Contract Tower,0,24,9,0,33,0,0,47,0,47,0,24,56,0,80,54,0,54,134
06/23/2008,LBE,PA,AEA,CE,Federal Contract Tower,0,20,11,0,31,0,1,25,2,28,0,21,36,2,59,2,2,4,63
06/24/2008,LBE,PA,AEA,CE,Federal Contract Tower,0,15,29,0,44,0,1,31,0,32,0,16,60,0,76,20,0,20,96
06/25/2008,LBE,PA,AEA,CE,Federal Contract Tower,0,10,22,0,32,0,1,35,4,40,0,11,57,4,72,50,0,50,122
06/26/2008,LBE,PA,AEA,CE,Federal Contract Tower,0,19,23,0,42,0,0,6,0,6,0,19,29,0,48,0,0,0,48
06/27/2008,LBE,PA,AEA,CE,Federal Contract Tower,2,20,15,0,37,0,4,8,0,12,2,24,23,0,49,0,0,0,49
06/28/2008,LBE,PA,AEA,CE,Federal Contract Tower,0,17,8,0,25,0,2,13,0,15,0,19,21,0,40,38,0,38,78
06/29/2008,LBE,PA,AEA,CE,Federal Contract Tower,2,12,5,0,19,0,0,7,0,7,2,12,12,0,26,54,0,54,80
06/30/2008,LBE,PA,AEA,CE,Federal Contract Tower,0,12,16,0,28,0,0,23,0,23,0,12,39,0,51,20,0,20,71
07/01/2008,LBE,PA,AEA,CE,Federal Contract Tower,0,14,17,0,31,0,0,39,6,45,0,14,56,6,76,48,0,48,124
07/02/2008,LBE,PA,AEA,CE,Federal Contract Tower,0,19,17,0,36,0,0,65,4,69,0,19,82,4,105,42,16,58,163
07/03/2008,LBE,PA,AEA,CE,Federal Contract Tower,2,23,10,0,35,0,0,26,0,26,2,23,36,0,61,32,10,42,103
07/04/2008,LBE,PA,AEA,CE,Federal Contract Tower,0,7,11,0,18,0,0,2,0,2,0,7,13,0,20,0,0,0,20
07/05/2008,LBE,PA,AEA,CE,Federal Contract Tower,0,8,9,0,17,0,0,27,0,27,0,8,36,0,44,54,0,54,98
07/06/2008,LBE,PA,AEA,CE,Federal Contract Tower,3,21,9,0,33,0,0,31,0,31,3,21,40,0,64,52,0,52,116
07/07/2008,LBE,PA,AEA,CE,Federal Contract Tower,0,20,13,2,35,0,1,34,0,35,0,21,47,2,70,28,0,28,98
07/08/2008,LBE,PA,AEA,CE,Federal Contract Tower,0,11,12,0,23,0,0,51,6,57,0,11,63,6,80,60,6,66,146
07/09/2008,LBE,PA,AEA,CE,Federal Contract Tower,0,25,11,0,36,0,0,16,2,18,0,25,27,2,54,26,6,32,86
07/10/2008,LBE,PA,AEA,CE,Federal Contract Tower,0,18,18,0,36,0,0,76,3,79,0,18,94,3,115,52,2,54,169
07/11/2008,LBE,PA,AEA,CE,Federal Contract Tower,0,19,6,0,25,0,3,60,0,63,0,22,66,0,88,60,10,70,158
07/12/2008,LBE,PA,AEA,CE,Federal Contract Tower,0,16,16,0,32,0,3,46,2,51,0,19,62,2,83,34,0,34,117
07/13/2008,LBE,PA,AEA,CE,Federal Contract Tower,0,18,9,0,27,0,0,10,0,10,0,18,19,0,37,30,0,30,67
07/14/2008,LBE,PA,AEA,CE,Federal Contract Tower,2,7,10,0,19,0,0,56,3,59,2,7,66,3,78,48,0,48,126
07/15/2008,LBE,PA,AEA,CE,Federal Contract Tower,1,15,10,0,26,0,0,64,2,66,1,15,74,2,92,56,0,56,148
07/16/2008,LBE,PA,AEA,CE,Federal Contract Tower,2,23,13,0,38,0,5,71,6,82,2,28,84,6,120,46,0,46,166
07/17/2008,LBE,PA,AEA,CE,Federal Contract Tower,0,13,15,1,29,0,0,55,11,66,0,13,70,12,95,28,0,28,123
07/18/2008,LBE,PA,AEA,CE,Federal Contract Tower,0,17,18,0,35,0,0,47,2,49,0,17,65,2,84,26,0,26,110
07/19/2008,LBE,PA,AEA,CE,Federal Contract Tower,0,12,4,0,16,0,0,48,0,48,0,12,52,0,64,52,0,52,116
07/20/2008,LBE,PA,AEA,CE,Federal Contract Tower,0,14,27,0,41,0,0,24,0,24,0,14,51,0,65,28,0,28,93
07/21/2008,LBE,PA,AEA,CE,Federal Contract Tower,0,21,12,0,33,0,0,35,2,37,0,21,47,2,70,48,4,52,122
07/22/2008,LBE,PA,AEA,CE,Federal Contract Tower,2,23,18,0,43,0,1,46,0,47,2,24,64,0,90,54,2,56,146
07/23/2008,LBE,PA,AEA,CE,Federal Contract Tower,0,18,20,0,38,0,0,14,0,14,0,18,34,0,52,22,0,22,74
07/24/2008,LBE,PA,AEA,CE,Federal Contract Tower,0,16,37,2,55,0,3,37,13,53,0,19,74,15,108,12,0,12,120
07/25/2008,LBE,PA,AEA,CE,Federal Contract Tower,2,11,17,0,30,0,1,68,2,71,2,12,85,2,101,48,0,48,149
07/26/2008,LBE,PA,AEA,CE,Federal Contract Tower,0,15,14,0,29,0,0,38,0,38,0,15,52,0,67,42,0,42,109
07/27/2008,LBE,PA,AEA,CE,Federal Contract Tower,0,11,20,0,31,0,1,62,0,63,0,12,82,0,94,90,0,90,184
07/28/2008,LBE,PA,AEA,CE,Federal Contract Tower,0,14,26,0,40,0,2,44,0,46,0,16,70,0,86,16,0,16,102
07/29/2008,LBE,PA,AEA,CE,Federal Contract Tower,0,17,27,1,45,0,0,59,4,63,0,17,86,5,108,48,0,48,156
07/30/2008,LBE,PA,AEA,CE,Federal Contract Tower,1,13,10,2,26,0,1,33,0,34,1,14,43,2,60,12,0,12,72
07/31/2008,LBE,PA,AEA,CE,Federal Contract Tower,0,23,24,0,47,0,1,45,0,46,0,24,69,0,93,24,0,24,117
08/01/2008,LBE,PA,AEA,CE,Federal Contract Tower,0,16,21,8,45,0,0,46,2,48,0,16,67,10,93,40,0,40,133
08/02/2008,LBE,PA,AEA,CE,Federal Contract Tower,2,13,16,0,31,0,0,31,0,31,2,13,47,0,62,52,0,52,114
08/03/2008,LBE,PA,AEA,CE,Federal Contract Tower,0,19,12,0,31,0,0,53,0,53,0,19,65,0,84,46,0,46,130
08/04/2008,LBE,PA,AEA,CE,Federal Contract Tower,0,12,10,2,24,0,0,50,5,55,0,12,60,7,79,42,0,42,121
08/05/2008,LBE,PA,AEA,CE,Federal Contract Tower,4,19,19,0,42,0,0,25,4,29,4,19,44,4,71,18,0,18,89
08/06/2008,LBE,PA,AEA,CE,Federal Contract Tower,0,11,10,0,21,0,1,42,8,51,0,12,52,8,72,22,12,34,106
08/07/2008,LBE,PA,AEA,CE,Federal Contract Tower,0,30,20,0,50,0,0,17,6,23,0,30,37,6,73,4,0,4,77
08/08/2008,LBE,PA,AEA,CE,Federal Contract Tower,0,19,17,6,42,0,0,22,3,25,0,19,39,9,67,14,0,14,81
08/09/2008,LBE,PA,AEA,CE,Federal Contract Tower,0,14,14,0,28,0,0,58,12,70,0,14,72,12,98,26,16,42,140
08/10/2008,LBE,PA,AEA,CE,Federal Contract Tower,2,23,14,0,39,0,0,39,0,39,2,23,53,0,78,56,0,56,134
08/11/2008,LBE,PA,AEA,CE,Federal Contract Tower,2,13,24,0,39,0,0,28,0,28,2,13,52,0,67,14,0,14,81
08/12/2008,LBE,PA,AEA,CE,Federal Contract Tower,0,18,26,4,48,0,1,36,2,39,0,19,62,6,87,18,0,18,105
08/13/2008,LBE,PA,AEA,CE,Federal Contract Tower,2,10,13,0,25,0,1,31,0,32,2,11,44,0,57,30,0,30,87
08/14/2008,LBE,PA,AEA,CE,Federal Contract Tower,0,17,16,0,33,0,0,29,0,29,0,17,45,0,62,26,2,28,90
08/15/2008,LBE,PA,AEA,CE,Federal Contract Tower,0,19,18,0,37,0,0,39,0,39,0,19,57,0,76,36,0,36,112
08/16/2008,LBE,PA,AEA,CE,Federal Contract Tower,0,11,13,0,24,0,0,49,0,49,0,11,62,0,73,36,0,36,109
08/17/2008,LBE,PA,AEA,CE,Federal Contract Tower,0,17,16,0,33,0,0,66,0,66,0,17,82,0,99,76,0,76,175
08/18/2008,LBE,PA,AEA,CE,Federal Contract Tower,0,18,8,2,28,0,4,63,2,69,0,22,71,4,97,10,0,10,107
08/19/2008,LBE,PA,AEA,CE,Federal Contract Tower,0,15,21,0,36,0,2,46,0,48,0,17,67,0,84,40,0,40,124
08/20/2008,LBE,PA,AEA,CE,Federal Contract Tower,0,23,14,2,39,0,2,64,6,72,0,25,78,8,111,28,4,32,143
08/21/2008,LBE,PA,AEA,CE,Federal Contract Tower,0,19,16,0,35,0,0,71,2,73,0,19,87,2,108,46,0,46,154
08/22/2008,LBE,PA,AEA,CE,Federal Contract Tower,0,10,12,7,29,0,0,51,4,55,0,10,63,11,84,38,0,38,122
08/23/2008,LBE,PA,AEA,CE,Federal Contract Tower,0,4,8,1,13,0,0,42,2,44,0,4,50,3,57,48,4,52,109
08/24/2008,LBE,PA,AEA,CE,Federal Contract Tower,0,8,15,0,23,0,4,45,0,49,0,12,60,0,72,36,0,36,108
08/25/2008,LBE,PA,AEA,CE,Federal Contract Tower,0,20,15,2,37,0,0,34,0,34,0,20,49,2,71,22,0,22,93
08/26/2008,LBE,PA,AEA,CE,Federal Contract Tower,0,13,19,6,38,0,0,61,11,72,0,13,80,17,110,46,10,56,166
08/27/2008,LBE,PA,AEA,CE,Federal Contract Tower,0,25,21,6,52,0,0,30,0,30,0,25,51,6,82,4,0,4,86
08/28/2008,LBE,PA,AEA,CE,Federal Contract Tower,0,16,13,4,33,0,1,18,0,19,0,17,31,4,52,8,2,10,62
08/29/2008,LBE,PA,AEA,CE,Federal Contract Tower,2,13,19,0,34,0,2,23,0,25,2,15,42,0,59,4,4,8,67
08/30/2008,LBE,PA,AEA,CE,Federal Contract Tower,0,15,11,0,26,0,2,20,0,22,0,17,31,0,48,24,0,24,72
08/31/2008,LBE,PA,AEA,CE,Federal Contract Tower,0,4,1,0,5,0,0,44,0,44,0,4,45,0,49,54,0,54,103
09/01/2008,LBE,PA,AEA,CE,Federal Contract Tower,4,12,10,0,26,0,1,23,0,24,4,13,33,0,50,18,0,18,68
09/02/2008,LBE,PA,AEA,CE,Federal Contract Tower,0,14,17,6,37,0,0,51,8,59,0,14,68,14,96,30,2,32,128
09/03/2008,LBE,PA,AEA,CE,Federal Contract Tower,1,22,14,1,38,0,1,57,4,62,1,23,71,5,100,26,12,38,138
09/04/2008,LBE,PA,AEA,CE,Federal Contract Tower,2,25,22,1,50,0,0,35,1,36,2,25,57,2,86,26,0,26,112
09/05/2008,LBE,PA,AEA,CE,Federal Contract Tower,0,17,26,0,43,0,1,40,1,42,0,18,66,1,85,26,12,38,123
09/06/2008,LBE,PA,AEA,CE,Federal Contract Tower,0,5,10,0,15,0,0,34,0,34,0,5,44,0,49,56,0,56,105
09/07/2008,LBE,PA,AEA,CE,Federal Contract Tower,0,17,15,4,36,0,44,0,0,44,0,61,15,4,80,34,10,44,124
09/08/2008,LBE,PA,AEA,CE,Federal Contract Tower,2,22,34,0,58,0,2,40,0,42,2,24,74,0,100,22,0,22,122
09/09/2008,LBE,PA,AEA,CE,Federal Contract Tower,0,16,20,0,36,0,0,26,0,26,0,16,46,0,62,34,0,34,96
09/10/2008,LBE,PA,AEA,CE,Federal Contract Tower,5,20,14,7,46,0,1,36,9,46,5,21,50,16,92,20,34,54,146
09/11/2008,LBE,PA,AEA,CE,Federal Contract Tower,1,27,14,0,42,0,2,51,1,54,1,29,65,1,96,22,0,22,118
09/12/2008,LBE,PA,AEA,CE,Federal Contract Tower,0,20,19,0,39,0,0,7,0,7,0,20,26,0,46,2,0,2,48
09/13/2008,LBE,PA,AEA,CE,Federal Contract Tower,0,13,16,0,29,0,0,8,0,8,0,13,24,0,37,18,0,18,55
09/14/2008,LBE,PA,AEA,CE,Federal Contract Tower,0,11,5,0,16,0,0,20,0,20,0,11,25,0,36,36,0,36,72
09/15/2008,LBE,PA,AEA,CE,Federal Contract Tower,0,22,19,0,41,0,0,37,0,37,0,22,56,0,78,16,0,16,94
09/16/2008,LBE,PA,AEA,CE,Federal Contract Tower,3,19,18,0,40,0,0,52,12,64,3,19,70,12,104,78,14,92,196
09/17/2008,LBE,PA,AEA,CE,Federal Contract Tower,1,17,12,0,30,0,0,41,4,45,1,17,53,4,75,76,0,76,151
09/18/2008,LBE,PA,AEA,CE,Federal Contract Tower,0,19,14,2,35,0,0,41,4,45,0,19,55,6,80,8,0,8,88
09/19/2008,LBE,PA,AEA,CE,Federal Contract Tower,0,18,15,0,33,0,1,43,2,46,0,19,58,2,79,22,0,22,101
09/20/2008,LBE,PA,AEA,CE,Federal Contract Tower,0,13,13,0,26,0,0,56,0,56,0,13,69,0,82,62,0,62,144
09/21/2008,LBE,PA,AEA,CE,Federal Contract Tower,0,10,12,0,22,0,0,48,0,48,0,10,60,0,70,62,0,62,132
09/22/2008,LBE,PA,AEA,CE,Federal Contract Tower,6,10,11,4,31,0,0,5,0,5,6,10,16,4,36,0,0,0,36
09/23/2008,LBE,PA,AEA,CE,Federal Contract Tower,0,9,2,3,14,0,0,53,4,57,0,9,55,7,71,58,12,70,141
09/24/2008,LBE,PA,AEA,CE,Federal Contract Tower,0,17,15,2,34,0,0,47,2,49,0,17,62,4,83,26,0,26,109
09/25/2008,LBE,PA,AEA,CE,Federal Contract Tower,1,21,24,3,49,0,1,44,1,46,1,22,68,4,95,76,8,84,179
09/26/2008,LBE,PA,AEA,CE,Federal Contract Tower,4,22,8,0,34,0,0,2,0,2,4,22,10,0,36,0,0,0,36
09/27/2008,LBE,PA,AEA,CE,Federal Contract Tower,0,6,6,0,12,0,0,30,0,30,0,6,36,0,42,58,0,58,100
09/28/2008,LBE,PA,AEA,CE,Federal Contract Tower,2,10,15,0,27,0,0,31,0,31,2,10,46,0,58,46,0,46,104
09/29/2008,LBE,PA,AEA,CE,Federal Contract Tower,2,13,27,2,44,0,0,28,0,28,2,13,55,2,72,6,0,6,78
09/30/2008,LBE,PA,AEA,CE,Federal Contract Tower,0,25,11,0,36,0,4,25,2,31,0,29,36,2,67,52,0,52,119
10/01/2008,LBE,PA,AEA,CE,Federal Contract Tower,0,15,7,4,26,0,1,12,0,13,0,16,19,4,39,28,0,28,67
10/02/2008,LBE,PA,AEA,CE,Federal Contract Tower,0,25,15,2,42,0,5,10,4,19,0,30,25,6,61,20,4,24,85
10/03/2008,LBE,PA,AEA,CE,Federal Contract Tower,2,12,13,0,27,0,0,15,0,15,2,12,28,0,42,78,0,78,120
10/04/2008,LBE,PA,AEA,CE,Federal Contract Tower,0,3,13,0,16,0,0,23,0,23,0,3,36,0,39,28,0,28,67
10/05/2008,LBE,PA,AEA,CE,Federal Contract Tower,1,24,13,0,38,0,1,46,2,49,1,25,59,2,87,36,4,40,127
10/06/2008,LBE,PA,AEA,CE,Federal Contract Tower,1,19,7,1,28,0,10,17,8,35,1,29,24,9,63,8,0,8,71
10/07/2008,LBE,PA,AEA,CE,Federal Contract Tower,0,21,4,0,25,0,2,25,4,31,0,23,29,4,56,22,8,30,86
10/08/2008,LBE,PA,AEA,CE,Federal Contract Tower,2,28,8,2,40,0,13,11,0,24,2,41,19,2,64,0,0,0,64
10/09/2008,LBE,PA,AEA,CE,Federal Contract Tower,3,20,20,2,45,0,5,42,3,50,3,25,62,5,95,76,10,86,181
10/10/2008,LBE,PA,AEA,CE,Federal Contract Tower,0,14,17,0,31,0,1,50,2,53,0,15,67,2,84,38,4,42,126
10/11/2008,LBE,PA,AEA,CE,Federal Contract Tower,0,6,16,0,22,0,0,46,2,48,0,6,62,2,70,18,0,18,88
10/12/2008,LBE,PA,AEA,CE,Federal Contract Tower,2,16,11,0,29,0,2,69,0,71,2,18,80,0,100,68,0,68,168
10/13/2008,LBE,PA,AEA,CE,Federal Contract Tower,0,15,21,0,36,0,1,46,2,49,0,16,67,2,85,8,6,14,99
10/14/2008,LBE,PA,AEA,CE,Federal Contract Tower,0,9,12,2,23,0,2,35,4,41,0,11,47,6,64,34,10,44,108
10/15/2008,LBE,PA,AEA,CE,Federal Contract Tower,0,22,24,0,46,0,0,5,0,5,0,22,29,0,51,24,0,24,75
10/16/2008,LBE,PA,AEA,CE,Federal Contract Tower,0,20,18,0,38,0,0,32,0,32,0,20,50,0,70,26,4,30,100
10/17/2008,LBE,PA,AEA,CE,Federal Contract Tower,0,21,11,0,32,0,0,32,0,32,0,21,43,0,64,36,0,36,100
10/18/2008,LBE,PA,AEA,CE,Federal Contract Tower,0,6,10,0,16,0,0,38,0,38,0,6,48,0,54,42,0,42,96
10/19/2008,LBE,PA,AEA,CE,Federal Contract Tower,0,14,13,0,27,0,7,59,0,66,0,21,72,0,93,48,0,48,141
10/20/2008,LBE,PA,AEA,CE,Federal Contract Tower,0,25,9,4,38,0,0,28,0,28,0,25,37,4,66,22,0,22,88
10/21/2008,LBE,PA,AEA,CE,Federal Contract Tower,0,18,18,2,38,0,0,21,2,23,0,18,39,4,61,4,0,4,65
10/22/2008,LBE,PA,AEA,CE,Federal Contract Tower,0,20,10,2,32,0,0,37,0,37,0,20,47,2,69,28,4,32,101
10/23/2008,LBE,PA,AEA,CE,Federal Contract Tower,0,21,15,0,36,0,0,46,4,50,0,21,61,4,86,32,10,42,128
10/24/2008,LBE,PA,AEA,CE,Federal Contract Tower,2,17,16,0,35,0,0,27,0,27,2,17,43,0,62,24,4,28,90
10/25/2008,LBE,PA,AEA,CE,Federal Contract Tower,0,5,3,2,10,0,0,4,0,4,0,5,7,2,14,0,0,0,14
10/26/2008,LBE,PA,AEA,CE,Federal Contract Tower,1,11,11,0,23,0,0,39,0,39,1,11,50,0,62,40,0,40,102
10/27/2008,LBE,PA,AEA,CE,Federal Contract Tower,0,9,3,0,12,0,1,12,0,13,0,10,15,0,25,6,0,6,31
10/28/2008,LBE,PA,AEA,CE,Federal Contract Tower,0,14,7,0,21,0,0,0,0,0,0,14,7,0,21,0,0,0,21
10/29/2008,LBE,PA,AEA,CE,Federal Contract Tower,0,19,7,0,26,0,0,12,0,12,0,19,19,0,38,28,0,28,66
10/30/2008,LBE,PA,AEA,CE,Federal Contract Tower,1,15,16,0,32,0,0,46,0,46,1,15,62,0,78,24,8,32,110
10/31/2008,LBE,PA,AEA,CE,Federal Contract Tower,4,16,12,5,37,0,0,42,12,54,4,16,54,17,91,24,18,42,133
11/01/2008,LBE,PA,AEA,CE,Federal Contract Tower,2,9,11,0,22,0,2,47,0,49,2,11,58,0,71,42,0,42,113
11/02/2008,LBE,PA,AEA,CE,Federal Contract Tower,3,11,9,0,23,0,2,65,0,67,3,13,74,0,90,58,0,58,148
11/03/2008,LBE,PA,AEA,CE,Federal Contract Tower,2,9,13,0,24,0,0,32,4,36,2,9,45,4,60,64,12,76,136
11/04/2008,LBE,PA,AEA,CE,Federal Contract Tower,0,11,16,2,29,0,0,44,3,47,0,11,60,5,76,66,0,66,142
11/05/2008,LBE,PA,AEA,CE,Federal Contract Tower,0,13,16,0,29,0,1,39,0,40,0,14,55,0,69,32,2,34,103
11/06/2008,LBE,PA,AEA,CE,Federal Contract Tower,0,13,12,0,25,0,1,53,4,58,0,14,65,4,83,28,4,32,115
11/07/2008,LBE,PA,AEA,CE,Federal Contract Tower,0,14,14,0,28,0,0,40,2,42,0,14,54,2,70,30,0,30,100
11/08/2008,LBE,PA,AEA,CE,Federal Contract Tower,0,14,4,0,18,0,1,16,8,25,0,15,20,8,43,32,0,32,75
11/09/2008,LBE,PA,AEA,CE,Federal Contract Tower,0,23,7,0,30,0,2,22,0,24,0,25,29,0,54,22,0,22,76
11/10/2008,LBE,PA,AEA,CE,Federal Contract Tower,2,20,8,2,32,0,0,27,0,27,2,20,35,2,59,26,4,30,89
11/11/2008,LBE,PA,AEA,CE,Federal Contract Tower,0,18,8,0,26,0,0,32,10,42,0,18,40,10,68,36,16,52,120
11/12/2008,LBE,PA,AEA,CE,Federal Contract Tower,1,15,3,2,21,0,1,17,4,22,1,16,20,6,43,12,32,44,87
11/13/2008,LBE,PA,AEA,CE,Federal Contract Tower,0,13,10,0,23,0,0,19,0,19,0,13,29,0,42,26,0,26,68
11/14/2008,LBE,PA,AEA,CE,Federal Contract Tower,3,14,7,8,32,0,0,0,0,0,3,14,7,8,32,32,14,46,78
11/15/2008,LBE,PA,AEA,CE,Federal Contract Tower,0,8,3,0,11,0,0,8,0,8,0,8,11,0,19,14,0,14,33
11/16/2008,LBE,PA,AEA,CE,Federal Contract Tower,2,14,5,0,21,0,0,1,0,1,2,14,6,0,22,0,0,0,22
11/17/2008,LBE,PA,AEA,CE,Federal Contract Tower,2,19,15,0,36,0,0,4,0,4,2,19,19,0,40,0,0,0,40
11/18/2008,LBE,PA,AEA,CE,Federal Contract Tower,2,10,10,0,22,0,1,16,0,17,2,11,26,0,39,16,0,16,55
11/19/2008,LBE,PA,AEA,CE,Federal Contract Tower,0,20,9,2,31,0,5,19,0,24,0,25,28,2,55,12,0,12,67
11/20/2008,LBE,PA,AEA,CE,Federal Contract Tower,1,18,6,8,33,0,0,0,0,0,1,18,6,8,33,0,0,0,33
11/21/2008,LBE,PA,AEA,CE,Federal Contract Tower,1,17,8,0,26,0,0,4,0,4,1,17,12,0,30,2,0,2,32
11/22/2008,LBE,PA,AEA,CE,Federal Contract Tower,0,3,9,0,12,0,0,22,0,22,0,3,31,0,34,22,0,22,56
11/23/2008,LBE,PA,AEA,CE,Federal Contract Tower,0,11,12,0,23,0,0,23,0,23,0,11,35,0,46,70,0,70,116
11/24/2008,LBE,PA,AEA,CE,Federal Contract Tower,0,17,5,0,22,0,0,3,0,3,0,17,8,0,25,0,0,0,25
11/25/2008,LBE,PA,AEA,CE,Federal Contract Tower,0,16,7,0,23,0,0,10,0,10,0,16,17,0,33,2,4,6,39
11/26/2008,LBE,PA,AEA,CE,Federal Contract Tower,0,13,11,2,26,0,1,5,0,6,0,14,16,2,32,0,0,0,32
11/27/2008,LBE,PA,AEA,CE,Federal Contract Tower,0,4,2,0,6,0,0,19,0,19,0,4,21,0,25,0,0,0,25
11/28/2008,LBE,PA,AEA,CE,Federal Contract Tower,1,8,3,0,12,0,0,14,0,14,1,8,17,0,26,34,0,34,60
11/29/2008,LBE,PA,AEA,CE,Federal Contract Tower,0,6,10,0,16,0,0,50,0,50,0,6,60,0,66,60,0,60,126
11/30/2008,LBE,PA,AEA,CE,Federal Contract Tower,0,9,7,0,16,0,0,5,0,5,0,9,12,0,21,0,0,0,21
12/01/2008,LBE,PA,AEA,CE,Federal Contract Tower,0,10,3,0,13,0,0,19,0,19,0,10,22,0,32,28,0,28,60
12/02/2008,LBE,PA,AEA,CE,Federal Contract Tower,0,8,11,0,19,0,0,2,0,2,0,8,13,0,21,0,0,0,21
12/03/2008,LBE,PA,AEA,CE,Federal Contract Tower,0,18,9,0,27,0,0,43,2,45,0,18,52,2,72,0,0,0,72
12/04/2008,LBE,PA,AEA,CE,Federal Contract Tower,0,15,4,0,19,0,0,19,6,25,0,15,23,6,44,18,26,44,88
12/05/2008,LBE,PA,AEA,CE,Federal Contract Tower,1,14,4,6,25,0,0,15,2,17,1,14,19,8,42,4,24,28,70
12/06/2008,LBE,PA,AEA,CE,Federal Contract Tower,0,2,1,0,3,0,0,13,0,13,0,2,14,0,16,28,0,28,44
12/07/2008,LBE,PA,AEA,CE,Federal Contract Tower,2,13,3,0,18,0,0,1,0,1,2,13,4,0,19,0,0,0,19
12/08/2008,LBE,PA,AEA,CE,Federal Contract Tower,0,19,4,0,23,0,12,19,4,35,0,31,23,4,58,14,14,28,86
12/09/2008,LBE,PA,AEA,CE,Federal Contract Tower,2,13,8,0,23,0,3,20,0,23,2,16,28,0,46,18,0,18,64
12/10/2008,LBE,PA,AEA,CE,Federal Contract Tower,1,18,3,0,22,0,0,0,0,0,1,18,3,0,22,0,0,0,22
12/11/2008,LBE,PA,AEA,CE,Federal Contract Tower,0,11,10,0,21,0,0,0,0,0,0,11,10,0,21,0,0,0,21
12/12/2008,LBE,PA,AEA,CE,Federal Contract Tower,0,11,8,0,19,0,0,11,0,11,0,11,19,0,30,0,0,0,30
12/13/2008,LBE,PA,AEA,CE,Federal Contract Tower,1,4,7,0,12,0,0,28,0,28,1,4,35,0,40,48,0,48,88
12/14/2008,LBE,PA,AEA,CE,Federal Contract Tower,0,8,3,0,11,0,0,34,0,34,0,8,37,0,45,52,0,52,97
12/15/2008,LBE,PA,AEA,CE,Federal Contract Tower,0,15,5,0,20,0,0,11,0,11,0,15,16,0,31,6,0,6,37
12/16/2008,LBE,PA,AEA,CE,Federal Contract Tower,0,19,5,0,24,0,0,13,0,13,0,19,18,0,37,6,0,6,43
12/17/2008,LBE,PA,AEA,CE,Federal Contract Tower,0,10,8,0,18,0,0,14,0,14,0,10,22,0,32,34,0,34,66
12/18/2008,LBE,PA,AEA,CE,Federal Contract Tower,0,17,9,0,26,0,0,24,0,24,0,17,33,0,50,28,0,28,78
12/19/2008,LBE,PA,AEA,CE,Federal Contract Tower,0,11,8,0,19,0,0,2,0,2,0,11,10,0,21,0,0,0,21
12/20/2008,LBE,PA,AEA,CE,Federal Contract Tower,0,9,1,0,10,0,5,27,0,32,0,14,28,0,42,24,0,24,66
12/21/2008,LBE,PA,AEA,CE,Federal Contract Tower,0,7,1,0,8,0,2,3,0,5,0,9,4,0,13,0,0,0,13
12/22/2008,LBE,PA,AEA,CE,Federal Contract Tower,0,16,6,0,22,0,2,6,0,8,0,18,12,0,30,8,0,8,38
12/23/2008,LBE,PA,AEA,CE,Federal Contract Tower,0,17,7,0,24,0,0,37,0,37,0,17,44,0,61,56,0,56,117
12/24/2008,LBE,PA,AEA,CE,Federal Contract Tower,0,10,1,0,11,0,0,0,0,0,0,10,1,0,11,0,0,0,11
12/25/2008,LBE,PA,AEA,CE,Federal Contract Tower,0,6,0,0,6,0,4,7,0,11,0,10,7,0,17,0,0,0,17
12/26/2008,LBE,PA,AEA,CE,Federal Contract Tower,0,20,7,0,27,0,0,28,0,28,0,20,35,0,55,50,0,50,105
12/27/2008,LBE,PA,AEA,CE,Federal Contract Tower,2,14,2,0,18,0,0,21,0,21,2,14,23,0,39,14,0,14,53
12/28/2008,LBE,PA,AEA,CE,Federal Contract Tower,0,15,7,0,22,0,0,3,0,3,0,15,10,0,25,6,0,6,31
12/29/2008,LBE,PA,AEA,CE,Federal Contract Tower,0,8,8,3,19,0,0,33,2,35,0,8,41,5,54,36,8,44,98
12/30/2008,LBE,PA,AEA,CE,Federal Contract Tower,0,11,17,0,28,0,0,30,8,38,0,11,47,8,66,24,30,54,120
12/31/2008,LBE,PA,AEA,CE,Federal Contract Tower,0,8,1,0,9,0,0,0,0,0,0,8,1,0,9,0,0,0,9
01/01/2009,LBE,PA,AEA,CE,Federal Contract Tower,0,5,6,0,11,0,0,31,0,31,0,5,37,0,42,10,0,10,52
01/02/2009,LBE,PA,AEA,CE,Federal Contract Tower,0,12,1,0,13,0,0,5,0,5,0,12,6,0,18,0,0,0,18
01/03/2009,LBE,PA,AEA,CE,Federal Contract Tower,0,9,8,0,17,0,0,46,0,46,0,9,54,0,63,38,0,38,101
01/04/2009,LBE,PA,AEA,CE,Federal Contract Tower,0,18,5,0,23,0,0,4,0,4,0,18,9,0,27,10,0,10,37
01/05/2009,LBE,PA,AEA,CE,Federal Contract Tower,0,10,6,0,16,0,0,20,0,20,0,10,26,0,36,42,0,42,78
01/06/2009,LBE,PA,AEA,CE,Federal Contract Tower,0,11,2,0,13,0,0,5,0,5,0,11,7,0,18,26,0,26,44
01/07/2009,LBE,PA,AEA,CE,Federal Contract Tower,0,11,5,0,16,0,0,8,0,8,0,11,13,0,24,6,0,6,30
01/08/2009,LBE,PA,AEA,CE,Federal Contract Tower,0,7,3,0,10,0,0,1,0,1,0,7,4,0,11,0,0,0,11
01/09/2009,LBE,PA,AEA,CE,Federal Contract Tower,0,14,5,2,21,0,0,8,2,10,0,14,13,4,31,0,10,10,41
01/10/2009,LBE,PA,AEA,CE,Federal Contract Tower,0,10,0,0,10,0,0,1,0,1,0,10,1,0,11,0,0,0,11
01/11/2009,LBE,PA,AEA,CE,Federal Contract Tower,2,12,1,0,15,0,0,0,0,0,2,12,1,0,15,0,0,0,15
01/12/2009,LBE,PA,AEA,CE,Federal Contract Tower,0,24,4,0,28,0,1,18,0,19,0,25,22,0,47,14,0,14,61
01/13/2009,LBE,PA,AEA,CE,Federal Contract Tower,0,7,7,0,14,0,0,19,0,19,0,7,26,0,33,40,0,40,73
01/14/2009,LBE,PA,AEA,CE,Federal Contract Tower,2,10,7,0,19,0,0,10,0,10,2,10,17,0,29,0,0,0,29
01/15/2009,LBE,PA,AEA,CE,Federal Contract Tower,0,15,11,0,26,0,2,6,2,10,0,17,17,2,36,0,0,0,36
01/16/2009,LBE,PA,AEA,CE,Federal Contract Tower,2,16,10,4,32,0,1,7,0,8,2,17,17,4,40,0,0,0,40
01/17/2009,LBE,PA,AEA,CE,Federal Contract Tower,0,9,5,0,14,0,0,22,0,22,0,9,27,0,36,34,0,34,70
01/18/2009,LBE,PA,AEA,CE,Federal Contract Tower,2,8,1,0,11,0,0,5,0,5,2,8,6,0,16,0,0,0,16
01/19/2009,LBE,PA,AEA,CE,Federal Contract Tower,0,9,3,0,12,0,0,0,0,0,0,9,3,0,12,2,0,2,14
01/20/2009,LBE,PA,AEA,CE,Federal Contract Tower,0,13,8,0,21,0,0,5,0,5,0,13,13,0,26,0,0,0,26
01/21/2009,LBE,PA,AEA,CE,Federal Contract Tower,0,12,9,0,21,0,2,20,4,26,0,14,29,4,47,20,0,20,67
01/22/2009,LBE,PA,AEA,CE,Federal Contract Tower,0,11,7,2,20,0,0,52,4,56,0,11,59,6,76,26,4,30,106
01/23/2009,LBE,PA,AEA,CE,Federal Contract Tower,0,14,9,0,23,0,24,5,0,29,0,38,14,0,52,26,0,26,78
01/24/2009,LBE,PA,AEA,CE,Federal Contract Tower,0,14,0,0,14,0,0,24,0,24,0,14,24,0,38,34,0,34,72
01/25/2009,LBE,PA,AEA,CE,Federal Contract Tower,1,12,4,0,17,0,0,17,0,17,1,12,21,0,34,30,0,30,64
01/26/2009,LBE,PA,AEA,CE,Federal Contract Tower,0,22,13,0,35,0,0,14,0,14,0,22,27,0,49,2,0,2,51
01/27/2009,LBE,PA,AEA,CE,Federal Contract Tower,0,10,4,0,14,0,0,12,0,12,0,10,16,0,26,16,0,16,42
01/28/2009,LBE,PA,AEA,CE,Federal Contract Tower,0,15,2,0,17,0,0,0,0,0,0,15,2,0,17,0,0,0,17
01/29/2009,LBE,PA,AEA,CE,Federal Contract Tower,0,10,10,2,22,0,0,0,0,0,0,10,10,2,22,0,0,0,22
01/30/2009,LBE,PA,AEA,CE,Federal Contract Tower,0,12,9,0,21,0,0,5,0,5,0,12,14,0,26,0,0,0,26
01/31/2009,LBE,PA,AEA,CE,Federal Contract Tower,0,16,5,0,21,0,0,12,0,12,0,16,17,0,33,28,0,28,61
02/01/2009,LBE,PA,AEA,CE,Federal Contract Tower,0,13,9,0,22,0,0,26,0,26,0,13,35,0,48,38,8,46,94
02/02/2009,LBE,PA,AEA,CE,Federal Contract Tower,0,12,3,0,15,0,20,16,0,36,0,32,19,0,51,0,0,0,51
02/03/2009,LBE,PA,AEA,CE,Federal Contract Tower,0,14,3,0,17,0,0,2,0,2,0,14,5,0,19,0,0,0,19
02/04/2009,LBE,PA,AEA,CE,Federal Contract Tower,0,11,5,0,16,0,0,0,0,0,0,11,5,0,16,0,0,0,16
02/05/2009,LBE,PA,AEA,CE,Federal Contract Tower,0,7,14,0,21,0,0,31,2,33,0,7,45,2,54,36,6,42,96
02/06/2009,LBE,PA,AEA,CE,Federal Contract Tower,2,12,5,0,19,0,6,59,0,65,2,18,64,0,84,78,6,84,168
02/07/2009,LBE,PA,AEA,CE,Federal Contract Tower,0,9,5,0,14,0,0,32,2,34,0,9,37,2,48,60,4,64,112
02/08/2009,LBE,PA,AEA,CE,Federal Contract Tower,1,8,6,2,17,0,2,27,3,32,1,10,33,5,49,36,8,44,93
02/09/2009,LBE,PA,AEA,CE,Federal Contract Tower,0,16,11,0,27,0,1,54,2,57,0,17,65,2,84,40,4,44,128
02/10/2009,LBE,PA,AEA,CE,Federal Contract Tower,0,9,6,0,15,0,0,5,0,5,0,9,11,0,20,0,0,0,20
02/11/2009,LBE,PA,AEA,CE,Federal Contract Tower,0,25,9,0,34,0,0,24,2,26,0,25,33,2,60,36,6,42,102
02/12/2009,LBE,PA,AEA,CE,Federal Contract Tower,0,13,4,0,17,0,0,0,2,2,0,13,4,2,19,0,4,4,23
02/13/2009,LBE,PA,AEA,CE,Federal Contract Tower,0,10,6,0,16,0,0,18,0,18,0,10,24,0,34,12,0,12,46
02/14/2009,LBE,PA,AEA,CE,Federal Contract Tower,0,5,2,0,7,0,0,29,0,29,0,5,31,0,36,4,8,12,48
02/15/2009,LBE,PA,AEA,CE,Federal Contract Tower,0,10,1,0,11,0,0,28,0,28,0,10,29,0,39,62,0,62,101
02/16/2009,LBE,PA,AEA,CE,Federal Contract Tower,2,11,6,0,19,0,0,9,0,9,2,11,15,0,28,16,0,16,44
02/17/2009,LBE,PA,AEA,CE,Federal Contract Tower,1,20,15,0,36,0,8,47,0,55,1,28,62,0,91,62,0,62,153
02/18/2009,LBE,PA,AEA,CE,Federal Contract Tower,2,17,5,2,26,0,0,4,0,4,2,17,9,2,30,0,0,0,30
02/19/2009,LBE,PA,AEA,CE,Federal Contract Tower,0,3,7,0,10,0,0,7,0,7,0,3,14,0,17,0,0,0,17
02/20/2009,LBE,PA,AEA,CE,Federal Contract Tower,0,11,6,0,17,0,0,9,0,9,0,11,15,0,26,8,0,8,34
02/21/2009,LBE,PA,AEA,CE,Federal Contract Tower,0,5,3,2,10,0,0,49,0,49,0,5,52,2,59,56,0,56,115
02/22/2009,LBE,PA,AEA,CE,Federal Contract Tower,0,14,3,0,17,0,0,0,0,0,0,14,3,0,17,0,0,0,17
02/23/2009,LBE,PA,AEA,CE,Federal Contract Tower,0,13,5,0,18,0,0,0,0,0,0,13,5,0,18,0,0,0,18
02/24/2009,LBE,PA,AEA,CE,Federal Contract Tower,0,10,8,9,27,0,2,46,5,53,0,12,54,14,80,74,22,96,176
02/25/2009,LBE,PA,AEA,CE,Federal Contract Tower,0,8,7,0,15,0,2,44,0,46,0,10,51,0,61,50,0,50,111
02/26/2009,LBE,PA,AEA,CE,Federal Contract Tower,0,19,0,2,21,0,1,20,0,21,0,20,20,2,42,18,0,18,60
02/27/2009,LBE,PA,AEA,CE,Federal Contract Tower,2,23,6,0,31,0,0,1,0,1,2,23,7,0,32,0,0,0,32
02/28/2009,LBE,PA,AEA,CE,Federal Contract Tower,0,3,0,0,3,0,0,23,2,25,0,3,23,2,28,74,6,80,108
03/01/2009,LBE,PA,AEA,CE,Federal Contract Tower,1,6,5,0,12,0,0,26,2,28,1,6,31,2,40,48,6,54,94
03/02/2009,LBE,PA,AEA,CE,Federal Contract Tower,0,12,3,0,15,0,8,27,0,35,0,20,30,0,50,20,0,20,70
03/03/2009,LBE,PA,AEA,CE,Federal Contract Tower,0,10,4,0,14,0,0,38,2,40,0,10,42,2,54,58,4,62,116
03/04/2009,LBE,PA,AEA,CE,Federal Contract Tower,0,9,7,4,20,0,0,39,0,39,0,9,46,4,59,46,0,46,105
03/05/2009,LBE,PA,AEA,CE,Federal Contract Tower,2,13,4,3,22,0,8,45,3,56,2,21,49,6,78,28,14,42,120
03/06/2009,LBE,PA,AEA,CE,Federal Contract Tower,0,10,3,0,13,0,0,21,0,21,0,10,24,0,34,4,0,4,38
03/07/2009,LBE,PA,AEA,CE,Federal Contract Tower,0,10,11,0,21,0,0,38,0,38,0,10,49,0,59,34,0,34,93
03/08/2009,LBE,PA,AEA,CE,Federal Contract Tower,0,14,4,0,18,0,0,6,0,6,0,14,10,0,24,12,0,12,36
03/09/2009,LBE,PA,AEA,CE,Federal Contract Tower,0,10,3,0,13,0,0,12,0,12,0,10,15,0,25,0,0,0,25
03/10/2009,LBE,PA,AEA,CE,Federal Contract Tower,2,12,7,0,21,0,1,20,0,21,2,13,27,0,42,6,0,6,48
03/11/2009,LBE,PA,AEA,CE,Federal Contract Tower,2,10,4,0,16,0,6,9,6,21,2,16,13,6,37,0,8,8,45
03/12/2009,LBE,PA,AEA,CE,Federal Contract Tower,0,20,4,3,27,0,2,31,3,36,0,22,35,6,63,28,22,50,113
03/13/2009,LBE,PA,AEA,CE,Federal Contract Tower,2,11,2,0,15,0,6,49,8,63,2,17,51,8,78,38,34,72,150
03/14/2009,LBE,PA,AEA,CE,Federal Contract Tower,0,8,7,0,15,0,0,57,6,63,0,8,64,6,78,82,6,88,166
03/15/2009,LBE,PA,AEA,CE,Federal Contract Tower,4,11,3,0,18,0,0,44,2,46,4,11,47,2,64,56,6,62,126
03/16/2009,LBE,PA,AEA,CE,Federal Contract Tower,0,10,4,0,14,0,0,26,0,26,0,10,30,0,40,26,0,26,66
03/17/2009,LBE,PA,AEA,CE,Federal Contract Tower,2,15,11,0,28,0,6,45,6,57,2,21,56,6,85,24,0,24,109
03/18/2009,LBE,PA,AEA,CE,Federal Contract Tower,0,10,5,2,17,0,1,30,2,33,0,11,35,4,50,2,0,2,52
03/19/2009,LBE,PA,AEA,CE,Federal Contract Tower,4,13,8,0,25,0,0,28,0,28,4,13,36,0,53,16,0,16,69
03/20/2009,LBE,PA,AEA,CE,Federal Contract Tower,0,15,9,0,24,0,2,26,2,30,0,17,35,2,54,32,4,36,90
03/21/2009,LBE,PA,AEA,CE,Federal Contract Tower,2,10,6,0,18,0,0,60,2,62,2,10,66,2,80,110,4,114,194
03/22/2009,LBE,PA,AEA,CE,Federal Contract Tower,0,9,6,0,15,0,1,47,8,56,0,10,53,8,71,64,0,64,135
03/23/2009,LBE,PA,AEA,CE,Federal Contract Tower,0,7,10,2,19,0,2,41,2,45,0,9,51,4,64,20,4,24,88
03/24/2009,LBE,PA,AEA,CE,Federal Contract Tower,2,13,7,2,24,0,0,28,2,30,2,13,35,4,54,20,0,20,74
03/25/2009,LBE,PA,AEA,CE,Federal Contract Tower,0,11,6,0,17,0,0,9,2,11,0,11,15,2,28,10,10,20,48
03/26/2009,LBE,PA,AEA,CE,Federal Contract Tower,0,13,3,0,16,0,0,0,0,0,0,13,3,0,16,0,0,0,16
03/27/2009,LBE,PA,AEA,CE,Federal Contract Tower,2,14,6,0,22,0,0,36,2,38,2,14,42,2,60,42,2,44,104
03/28/2009,LBE,PA,AEA,CE,Federal Contract Tower,0,7,6,0,13,0,0,25,0,25,0,7,31,0,38,46,0,46,84
03/29/2009,LBE,PA,AEA,CE,Federal Contract Tower,0,18,8,2,28,0,1,16,0,17,0,19,24,2,45,48,4,52,97
03/30/2009,LBE,PA,AEA,CE,Federal Contract Tower,1,11,0,0,12,0,4,10,0,14,1,15,10,0,26,0,0,0,26
03/31/2009,LBE,PA,AEA,CE,Federal Contract Tower,0,8,4,2,14,0,0,48,6,54,0,8,52,8,68,4,22,26,94
04/01/2009,LBE,PA,AEA,CE,Federal Contract Tower,0,15,4,0,19,0,0,14,2,16,0,15,18,2,35,10,4,14,49
04/02/2009,LBE,PA,AEA,CE,Federal Contract Tower,8,11,10,0,29,0,0,37,4,41,8,11,47,4,70,22,10,32,102
04/03/2009,LBE,PA,AEA,CE,Federal Contract Tower,1,10,9,2,22,0,0,0,0,0,1,10,9,2,22,0,0,0,22
04/04/2009,LBE,PA,AEA,CE,Federal Contract Tower,0,4,3,2,9,0,0,14,6,20,0,4,17,8,29,14,6,20,49
04/05/2009,LBE,PA,AEA,CE,Federal Contract Tower,0,8,3,0,11,0,7,67,0,74,0,15,70,0,85,50,0,50,135
04/06/2009,LBE,PA,AEA,CE,Federal Contract Tower,0,11,2,0,13,0,2,6,0,8,0,13,8,0,21,0,0,0,21
04/07/2009,LBE,PA,AEA,CE,Federal Contract Tower,0,17,1,0,18,0,0,0,0,0,0,17,1,0,18,0,0,0,18
04/08/2009,LBE,PA,AEA,CE,Federal Contract Tower,0,15,10,0,25,0,2,23,0,25,0,17,33,0,50,8,0,8,58
04/09/2009,LBE,PA,AEA,CE,Federal Contract Tower,0,18,10,0,28,0,3,22,14,39,0,21,32,14,67,14,6,20,87
04/10/2009,LBE,PA,AEA,CE,Federal Contract Tower,2,9,4,0,15,0,2,11,0,13,2,11,15,0,28,8,0,8,36
04/11/2009,LBE,PA,AEA,CE,Federal Contract Tower,0,6,14,0,20,0,4,30,2,36,0,10,44,2,56,24,0,24,80
04/12/2009,LBE,PA,AEA,CE,Federal Contract Tower,0,4,7,0,11,0,0,30,0,30,0,4,37,0,41,28,0,28,69
04/13/2009,LBE,PA,AEA,CE,Federal Contract Tower,0,22,13,0,35,0,0,18,0,18,0,22,31,0,53,6,0,6,59
04/14/2009,LBE,PA,AEA,CE,Federal Contract Tower,0,10,4,0,14,0,0,4,0,4,0,10,8,0,18,8,0,8,26
04/15/2009,LBE,PA,AEA,CE,Federal Contract Tower,0,5,8,0,13,0,0,5,0,5,0,5,13,0,18,8,0,8,26
04/16/2009,LBE,PA,AEA,CE,Federal Contract Tower,0,19,4,0,23,8,0,35,4,47,8,19,39,4,70,30,2,32,102
04/17/2009,LBE,PA,AEA,CE,Federal Contract Tower,0,13,8,4,25,0,0,42,0,42,0,13,50,4,67,42,0,42,109
04/18/2009,LBE,PA,AEA,CE,Federal Contract Tower,2,5,4,0,11,0,5,100,9,114,2,10,104,9,125,68,4,72,197
04/19/2009,LBE,PA,AEA,CE,Federal Contract Tower,0,13,4,0,17,0,0,16,0,16,0,13,20,0,33,0,0,0,33
04/20/2009,LBE,PA,AEA,CE,Federal Contract Tower,3,10,4,0,17,0,0,3,0,3,3,10,7,0,20,0,0,0,20
04/21/2009,LBE,PA,AEA,CE,Federal Contract Tower,0,13,2,1,16,0,2,18,0,20,0,15,20,1,36,2,2,4,40
04/22/2009,LBE,PA,AEA,CE,Federal Contract Tower,2,13,7,6,28,0,0,17,0,17,2,13,24,6,45,4,6,10,55
04/23/2009,LBE,PA,AEA,CE,Federal Contract Tower,2,16,7,0,25,0,1,40,0,41,2,17,47,0,66,10,0,10,76
04/24/2009,LBE,PA,AEA,CE,Federal Contract Tower,2,13,8,2,25,0,1,34,0,35,2,14,42,2,60,8,2,10,70
04/25/2009,LBE,PA,AEA,CE,Federal Contract Tower,0,4,6,3,13,0,0,34,1,35,0,4,40,4,48,10,6,16,64
04/26/2009,LBE,PA,AEA,CE,Federal Contract Tower,2,11,6,0,19,0,0,42,0,42,2,11,48,0,61,48,0,48,109
04/27/2009,LBE,PA,AEA,CE,Federal Contract Tower,0,10,10,0,20,0,0,55,0,55,0,10,65,0,75,32,0,32,107
04/28/2009,LBE,PA,AEA,CE,Federal Contract Tower,0,19,5,0,24,0,2,34,0,36,0,21,39,0,60,32,0,32,92
04/29/2009,LBE,PA,AEA,CE,Federal Contract Tower,0,9,7,2,18,0,1,25,6,32,0,10,32,8,50,32,4,36,86
04/30/2009,LBE,PA,AEA,CE,Federal Contract Tower,0,16,8,3,27,0,2,17,7,26,0,18,25,10,53,18,0,18,71
05/01/2009,LBE,PA,AEA,CE,Federal Contract Tower,2,14,7,0,23,0,0,7,0,7,2,14,14,0,30,0,0,0,30
05/02/2009,LBE,PA,AEA,CE,Federal Contract Tower,0,6,4,0,10,0,0,27,0,27,0,6,31,0,37,28,0,28,65
05/03/2009,LBE,PA,AEA,CE,Federal Contract Tower,2,13,7,0,22,0,0,24,0,24,2,13,31,0,46,46,0,46,92
05/04/2009,LBE,PA,AEA,CE,Federal Contract Tower,0,19,4,0,23,0,0,0,0,0,0,19,4,0,23,0,0,0,23
05/05/2009,LBE,PA,AEA,CE,Federal Contract Tower,0,17,14,9,40,0,1,22,5,28,0,18,36,14,68,32,42,74,142
05/06/2009,LBE,PA,AEA,CE,Federal Contract Tower,0,19,19,2,40,0,0,17,2,19,0,19,36,4,59,34,36,70,129
05/07/2009,LBE,PA,AEA,CE,Federal Contract Tower,0,12,21,0,33,0,0,21,4,25,0,12,42,4,58,18,6,24,82
05/08/2009,LBE,PA,AEA,CE,Federal Contract Tower,0,13,17,0,30,0,2,35,8,45,0,15,52,8,75,22,4,26,101
05/09/2009,LBE,PA,AEA,CE,Federal Contract Tower,0,13,7,0,20,0,0,8,0,8,0,13,15,0,28,0,0,0,28
05/10/2009,LBE,PA,AEA,CE,Federal Contract Tower,0,12,7,0,19,0,0,23,0,23,0,12,30,0,42,42,0,42,84
05/11/2009,LBE,PA,AEA,CE,Federal Contract Tower,0,15,12,3,30,0,0,21,0,21,0,15,33,3,51,0,8,8,59
05/12/2009,LBE,PA,AEA,CE,Federal Contract Tower,2,8,11,0,21,0,1,56,4,61,2,9,67,4,82,36,16,52,134
05/13/2009,LBE,PA,AEA,CE,Federal Contract Tower,0,14,16,0,30,0,19,29,0,48,0,33,45,0,78,8,4,12,90
05/14/2009,LBE,PA,AEA,CE,Federal Contract Tower,2,19,11,0,32,0,0,25,6,31,2,19,36,6,63,20,8,28,91
05/15/2009,LBE,PA,AEA,CE,Federal Contract Tower,0,11,16,2,29,0,0,50,0,50,0,11,66,2,79,28,0,28,107
05/16/2009,LBE,PA,AEA,CE,Federal Contract Tower,0,12,2,0,14,0,1,15,0,16,0,13,17,0,30,0,0,0,30
05/17/2009,LBE,PA,AEA,CE,Federal Contract Tower,0,10,16,0,26,0,1,32,0,33,0,11,48,0,59,30,0,30,89
05/18/2009,LBE,PA,AEA,CE,Federal Contract Tower,0,11,12,3,26,0,0,47,0,47,0,11,59,3,73,2,8,10,83
05/19/2009,LBE,PA,AEA,CE,Federal Contract Tower,0,15,5,0,20,0,10,67,6,83,0,25,72,6,103,0,60,60,163
05/20/2009,LBE,PA,AEA,CE,Federal Contract Tower,2,20,11,2,35,0,5,49,2,56,2,25,60,4,91,10,0,10,101
05/21/2009,LBE,PA,AEA,CE,Federal Contract Tower,0,15,14,6,35,0,2,61,10,73,0,17,75,16,108,40,4,44,152
05/22/2009,LBE,PA,AEA,CE,Federal Contract Tower,0,14,12,5,31,0,0,43,0,43,0,14,55,5,74,30,12,42,116
05/23/2009,LBE,PA,AEA,CE,Federal Contract Tower,3,6,7,5,21,0,0,41,2,43,3,6,48,7,64,20,8,28,92
05/24/2009,LBE,PA,AEA,CE,Federal Contract Tower,0,7,4,0,11,0,0,22,0,22,0,7,26,0,33,30,0,30,63
05/25/2009,LBE,PA,AEA,CE,Federal Contract Tower,0,11,8,0,19,0,4,17,0,21,0,15,25,0,40,20,18,38,78
05/26/2009,LBE,PA,AEA,CE,Federal Contract Tower,0,20,9,0,29,0,0,4,0,4,0,20,13,0,33,0,0,0,33
05/27/2009,LBE,PA,AEA,CE,Federal Contract Tower,0,18,10,0,28,0,0,37,0,37,0,18,47,0,65,20,0,20,85
05/28/2009,LBE,PA,AEA,CE,Federal Contract Tower,0,21,8,0,29,0,0,15,0,15,0,21,23,0,44,6,0,6,50
05/29/2009,LBE,PA,AEA,CE,Federal Contract Tower,0,24,11,0,35,0,0,27,0,27,0,24,38,0,62,0,0,0,62
05/30/2009,LBE,PA,AEA,CE,Federal Contract Tower,0,12,7,0,19,0,0,52,0,52,0,12,59,0,71,70,0,70,141
05/31/2009,LBE,PA,AEA,CE,Federal Contract Tower,2,10,8,2,22,0,1,35,0,36,2,11,43,2,58,34,0,34,92
06/01/2009,LBE,PA,AEA,CE,Federal Contract Tower,0,15,10,2,27,0,0,54,0,54,0,15,64,2,81,34,0,34,115
06/02/2009,LBE,PA,AEA,CE,Federal Contract Tower,1,13,7,0,21,0,3,32,0,35,1,16,39,0,56,58,0,58,114
06/03/2009,LBE,PA,AEA,CE,Federal Contract Tower,1,14,24,0,39,0,0,13,0,13,1,14,37,0,52,0,0,0,52
06/04/2009,LBE,PA,AEA,CE,Federal Contract Tower,1,16,19,0,36,0,1,25,0,26,1,17,44,0,62,32,0,32,94
06/05/2009,LBE,PA,AEA,CE,Federal Contract Tower,0,9,15,1,25,0,0,29,0,29,0,9,44,1,54,26,0,26,80
06/06/2009,LBE,PA,AEA,CE,Federal Contract Tower,0,16,7,4,27,0,0,58,14,72,0,16,65,18,99,38,22,60,159
06/07/2009,LBE,PA,AEA,CE,Federal Contract Tower,0,13,9,3,25,0,1,53,4,58,0,14,62,7,83,62,22,84,167
06/08/2009,LBE,PA,AEA,CE,Federal Contract Tower,0,10,11,5,26,0,0,24,2,26,0,10,35,7,52,42,20,62,114
06/09/2009,LBE,PA,AEA,CE,Federal Contract Tower,0,19,14,0,33,0,0,24,2,26,0,19,38,2,59,36,0,36,95
06/10/2009,LBE,PA,AEA,CE,Federal Contract Tower,0,12,9,4,25,0,0,25,0,25,0,12,34,4,50,16,0,16,66
06/11/2009,LBE,PA,AEA,CE,Federal Contract Tower,0,12,6,0,18,0,0,15,0,15,0,12,21,0,33,20,0,20,53
06/12/2009,LBE,PA,AEA,CE,Federal Contract Tower,2,17,18,0,37,0,0,20,0,20,2,17,38,0,57,0,0,0,57
06/13/2009,LBE,PA,AEA,CE,Federal Contract Tower,0,9,17,7,33,0,5,23,0,28,0,14,40,7,61,0,0,0,61
06/14/2009,LBE,PA,AEA,CE,Federal Contract Tower,1,13,12,0,26,0,0,77,0,77,1,13,89,0,103,34,0,34,137
06/15/2009,LBE,PA,AEA,CE,Federal Contract Tower,1,18,20,0,39,0,0,49,2,51,1,18,69,2,90,58,0,58,148
06/16/2009,LBE,PA,AEA,CE,Federal Contract Tower,0,26,9,1,36,0,0,46,0,46,0,26,55,1,82,52,0,52,134
06/17/2009,LBE,PA,AEA,CE,Federal Contract Tower,2,21,13,2,38,0,2,29,0,31,2,23,42,2,69,10,0,10,79
06/18/2009,LBE,PA,AEA,CE,Federal Contract Tower,0,11,13,0,24,0,0,16,0,16,0,11,29,0,40,10,0,10,50
06/19/2009,LBE,PA,AEA,CE,Federal Contract Tower,0,7,11,0,18,0,1,16,11,28,0,8,27,11,46,8,4,12,58
06/20/2009,LBE,PA,AEA,CE,Federal Contract Tower,0,15,7,0,22,0,2,8,0,10,0,17,15,0,32,0,0,0,32
06/21/2009,LBE,PA,AEA,CE,Federal Contract Tower,0,13,11,0,24,0,1,28,0,29,0,14,39,0,53,20,0,20,73
06/22/2009,LBE,PA,AEA,CE,Federal Contract Tower,0,18,24,0,42,0,0,40,0,40,0,18,64,0,82,58,0,58,140
06/23/2009,LBE,PA,AEA,CE,Federal Contract Tower,2,13,11,7,33,0,0,69,6,75,2,13,80,13,108,66,12,78,186
06/24/2009,LBE,PA,AEA,CE,Federal Contract Tower,0,17,3,0,20,0,1,59,0,60,0,18,62,0,80,38,4,42,122
06/25/2009,LBE,PA,AEA,CE,Federal Contract Tower,0,19,20,0,39,0,2,60,6,68,0,21,80,6,107,38,6,44,151
06/26/2009,LBE,PA,AEA,CE,Federal Contract Tower,0,19,18,0,37,0,1,31,0,32,0,20,49,0,69,12,0,12,81
06/27/2009,LBE,PA,AEA,CE,Federal Contract Tower,0,7,4,0,11,0,2,72,1,75,0,9,76,1,86,58,0,58,144
06/28/2009,LBE,PA,AEA,CE,Federal Contract Tower,0,15,15,0,30,0,1,23,0,24,0,16,38,0,54,8,0,8,62
06/29/2009,LBE,PA,AEA,CE,Federal Contract Tower,0,13,8,0,21,0,0,41,0,41,0,13,49,0,62,62,0,62,124
06/30/2009,LBE,PA,AEA,CE,Federal Contract Tower,0,8,9,0,17,0,1,21,0,22,0,9,30,0,39,0,0,0,39
07/01/2009,LBE,PA,AEA,CE,Federal Contract Tower,0,10,12,0,22,0,3,19,7,29,0,13,31,7,51,0,0,0,51
07/02/2009,LBE,PA,AEA,CE,Federal Contract Tower,0,20,12,0,32,0,0,10,1,11,0,20,22,1,43,0,0,0,43
07/03/2009,LBE,PA,AEA,CE,Federal Contract Tower,2,8,13,0,23,0,0,4,0,4,2,8,17,0,27,0,0,0,27
07/04/2009,LBE,PA,AEA,CE,Federal Contract Tower,0,5,10,0,15,0,0,81,2,83,0,5,91,2,98,42,0,42,140
07/05/2009,LBE,PA,AEA,CE,Federal Contract Tower,2,11,6,0,19,0,1,52,0,53,2,12,58,0,72,40,0,40,112
07/06/2009,LBE,PA,AEA,CE,Federal Contract Tower,0,9,12,0,21,0,0,37,0,37,0,9,49,0,58,44,0,44,102
07/07/2009,LBE,PA,AEA,CE,Federal Contract Tower,0,8,16,0,24,0,1,48,0,49,0,9,64,0,73,38,4,42,115
07/08/2009,LBE,PA,AEA,CE,Federal Contract Tower,0,15,11,4,30,0,6,62,1,69,0,21,73,5,99,22,18,40,139
07/09/2009,LBE,PA,AEA,CE,Federal Contract Tower,0,15,5,0,20,0,2,69,8,79,0,17,74,8,99,30,10,40,139
07/10/2009,LBE,PA,AEA,CE,Federal Contract Tower,0,14,14,0,28,0,0,61,0,61,0,14,75,0,89,30,0,30,119
07/11/2009,LBE,PA,AEA,CE,Federal Contract Tower,0,5,12,0,17,0,0,25,2,27,0,5,37,2,44,4,6,10,54
07/12/2009,LBE,PA,AEA,CE,Federal Contract Tower,0,11,14,2,27,0,1,48,0,49,0,12,62,2,76,32,0,32,108
07/13/2009,LBE,PA,AEA,CE,Federal Contract Tower,0,18,12,2,32,0,2,55,2,59,0,20,67,4,91,32,0,32,123
07/14/2009,LBE,PA,AEA,CE,Federal Contract Tower,0,10,12,0,22,0,2,117,5,124,0,12,129,5,146,80,0,80,226
07/15/2009,LBE,PA,AEA,CE,Federal Contract Tower,0,20,13,0,33,0,0,37,2,39,0,20,50,2,72,22,8,30,102
07/16/2009,LBE,PA,AEA,CE,Federal Contract Tower,0,28,10,0,38,0,3,43,2,48,0,31,53,2,86,40,6,46,132
07/17/2009,LBE,PA,AEA,CE,Federal Contract Tower,1,16,8,2,27,0,0,26,0,26,1,16,34,2,53,28,0,28,81
07/18/2009,LBE,PA,AEA,CE,Federal Contract Tower,2,4,2,0,8,0,0,23,0,23,2,4,25,0,31,24,0,24,55
07/19/2009,LBE,PA,AEA,CE,Federal Contract Tower,0,13,12,0,25,0,0,33,0,33,0,13,45,0,58,64,0,64,122
07/20/2009,LBE,PA,AEA,CE,Federal Contract Tower,4,16,9,8,37,0,0,27,0,27,4,16,36,8,64,12,10,22,86
07/21/2009,LBE,PA,AEA,CE,Federal Contract Tower,0,14,15,2,31,0,5,13,11,29,0,19,28,13,60,0,14,14,74
07/22/2009,LBE,PA,AEA,CE,Federal Contract Tower,2,6,15,0,23,0,0,15,6,21,2,6,30,6,44,2,0,2,46
07/23/2009,LBE,PA,AEA,CE,Federal Contract Tower,0,18,12,6,36,0,0,33,1,34,0,18,45,7,70,14,4,18,88
07/24/2009,LBE,PA,AEA,CE,Federal Contract Tower,0,20,15,0,35,0,0,19,0,19,0,20,34,0,54,8,0,8,62
07/25/2009,LBE,PA,AEA,CE,Federal Contract Tower,2,8,8,0,18,0,0,29,0,29,2,8,37,0,47,32,0,32,79
07/26/2009,LBE,PA,AEA,CE,Federal Contract Tower,0,15,10,0,25,0,0,18,0,18,0,15,28,0,43,2,0,2,45
07/27/2009,LBE,PA,AEA,CE,Federal Contract Tower,0,16,7,2,25,0,3,18,6,27,0,19,25,8,52,22,0,22,74
07/28/2009,LBE,PA,AEA,CE,Federal Contract Tower,2,21,19,0,42,0,1,46,0,47,2,22,65,0,89,46,0,46,135
07/29/2009,LBE,PA,AEA,CE,Federal Contract Tower,0,11,16,6,33,0,0,17,0,17,0,11,33,6,50,0,0,0,50
07/30/2009,LBE,PA,AEA,CE,Federal Contract Tower,0,11,11,2,24,0,28,0,0,28,0,39,11,2,52,50,4,54,106
07/31/2009,LBE,PA,AEA,CE,Federal Contract Tower,1,21,9,2,33,0,0,13,0,13,1,21,22,2,46,2,0,2,48
08/01/2009,LBE,PA,AEA,CE,Federal Contract Tower,0,10,16,2,28,0,0,82,0,82,0,10,98,2,110,32,4,36,146
08/02/2009,LBE,PA,AEA,CE,Federal Contract Tower,0,11,11,0,22,0,2,25,0,27,0,13,36,0,49,56,0,56,105
08/03/2009,LBE,PA,AEA,CE,Federal Contract Tower,0,6,9,0,15,0,1,54,2,57,0,7,63,2,72,14,0,14,86
08/04/2009,LBE,PA,AEA,CE,Federal Contract Tower,0,10,7,2,19,0,0,27,10,37,0,10,34,12,56,20,12,32,88
08/05/2009,LBE,PA,AEA,CE,Federal Contract Tower,0,16,20,0,36,0,0,19,0,19,0,16,39,0,55,0,0,0,55
08/06/2009,LBE,PA,AEA,CE,Federal Contract Tower,0,26,16,8,50,0,0,30,5,35,0,26,46,13,85,8,10,18,103
08/07/2009,LBE,PA,AEA,CE,Federal Contract Tower,0,10,10,7,27,0,1,40,2,43,0,11,50,9,70,28,4,32,102
08/08/2009,LBE,PA,AEA,CE,Federal Contract Tower,0,7,9,0,16,0,0,89,10,99,0,7,98,10,115,24,18,42,157
08/09/2009,LBE,PA,AEA,CE,Federal Contract Tower,0,12,18,0,30,0,0,42,2,44,0,12,60,2,74,12,8,20,94
08/10/2009,LBE,PA,AEA,CE,Federal Contract Tower,0,10,13,3,26,0,0,28,0,28,0,10,41,3,54,14,0,14,68
08/11/2009,LBE,PA,AEA,CE,Federal Contract Tower,0,13,6,0,19,0,0,15,0,15,0,13,21,0,34,14,0,14,48
08/12/2009,LBE,PA,AEA,CE,Federal Contract Tower,0,20,17,0,37,0,2,13,0,15,0,22,30,0,52,38,0,38,90
08/13/2009,LBE,PA,AEA,CE,Federal Contract Tower,0,11,11,0,22,0,0,16,13,29,0,11,27,13,51,46,12,58,109
08/14/2009,LBE,PA,AEA,CE,Federal Contract Tower,0,8,10,1,19,0,6,73,3,82,0,14,83,4,101,46,4,50,151
08/15/2009,LBE,PA,AEA,CE,Federal Contract Tower,2,8,5,0,15,0,0,24,0,24,2,8,29,0,39,14,0,14,53
08/16/2009,LBE,PA,AEA,CE,Federal Contract Tower,2,7,11,2,22,0,0,50,0,50,2,7,61,2,72,16,0,16,88
08/17/2009,LBE,PA,AEA,CE,Federal Contract Tower,2,11,13,0,26,0,0,36,0,36,2,11,49,0,62,16,0,16,78
08/18/2009,LBE,PA,AEA,CE,Federal Contract Tower,2,15,11,2,30,0,0,28,6,34,2,15,39,8,64,12,2,14,78
08/19/2009,LBE,PA,AEA,CE,Federal Contract Tower,0,14,15,0,29,0,0,14,2,16,0,14,29,2,45,0,0,0,45
08/20/2009,LBE,PA,AEA,CE,Federal Contract Tower,0,10,16,0,26,0,1,29,2,32,0,11,45,2,58,28,0,28,86
08/21/2009,LBE,PA,AEA,CE,Federal Contract Tower,0,17,17,0,34,0,1,17,0,18,0,18,34,0,52,0,0,0,52
08/22/2009,LBE,PA,AEA,CE,Federal Contract Tower,0,2,5,0,7,0,0,58,2,60,0,2,63,2,67,36,0,36,103
08/23/2009,LBE,PA,AEA,CE,Federal Contract Tower,0,14,23,0,37,0,0,25,0,25,0,14,48,0,62,26,0,26,88
08/24/2009,LBE,PA,AEA,CE,Federal Contract Tower,0,14,20,3,37,0,0,44,0,44,0,14,64,3,81,44,0,44,125
08/25/2009,LBE,PA,AEA,CE,Federal Contract Tower,0,17,8,5,30,0,1,50,2,53,0,18,58,7,83,60,16,76,159
08/26/2009,LBE,PA,AEA,CE,Federal Contract Tower,0,12,10,0,22,0,2,41,4,47,0,14,51,4,69,40,2,42,111
08/27/2009,LBE,PA,AEA,CE,Federal Contract Tower,0,16,13,14,43,0,0,15,4,19,0,16,28,18,62,38,4,42,104
08/28/2009,LBE,PA,AEA,CE,Federal Contract Tower,2,12,10,2,26,0,4,11,0,15,2,16,21,2,41,12,0,12,53
08/29/2009,LBE,PA,AEA,CE,Federal Contract Tower,0,3,6,0,9,0,0,13,0,13,0,3,19,0,22,20,0,20,42
08/30/2009,LBE,PA,AEA,CE,Federal Contract Tower,2,7,16,0,25,0,2,43,0,45,2,9,59,0,70,36,0,36,106
08/31/2009,LBE,PA,AEA,CE,Federal Contract Tower,0,6,15,0,21,0,0,43,0,43,0,6,58,0,64,20,0,20,84
09/01/2009,LBE,PA,AEA,CE,Federal Contract Tower,0,2,9,0,11,0,0,53,6,59,0,2,62,6,70,42,8,50,120
09/02/2009,LBE,PA,AEA,CE,Federal Contract Tower,0,14,13,2,29,0,0,60,0,60,0,14,73,2,89,54,20,74,163
09/03/2009,LBE,PA,AEA,CE,Federal Contract Tower,0,10,17,0,27,0,6,74,0,80,0,16,91,0,107,64,0,64,171
09/04/2009,LBE,PA,AEA,CE,Federal Contract Tower,0,12,15,2,29,0,2,70,1,73,0,14,85,3,102,62,4,66,168
09/05/2009,LBE,PA,AEA,CE,Federal Contract Tower,0,9,9,0,18,0,0,50,2,52,0,9,59,2,70,68,2,70,140
09/06/2009,LBE,PA,AEA,CE,Federal Contract Tower,0,3,4,0,7,0,1,21,0,22,0,4,25,0,29,18,0,18,47
09/07/2009,LBE,PA,AEA,CE,Federal Contract Tower,0,8,12,0,20,0,2,11,0,13,0,10,23,0,33,0,0,0,33
09/08/2009,LBE,PA,AEA,CE,Federal Contract Tower,0,13,19,0,32,0,0,27,0,27,0,13,46,0,59,62,6,68,127
09/09/2009,LBE,PA,AEA,CE,Federal Contract Tower,0,10,21,0,31,0,0,12,6,18,0,10,33,6,49,10,8,18,67
09/10/2009,LBE,PA,AEA,CE,Federal Contract Tower,0,12,20,2,34,0,2,32,0,34,0,14,52,2,68,10,0,10,78
09/11/2009,LBE,PA,AEA,CE,Federal Contract Tower,1,14,12,2,29,0,0,28,2,30,1,14,40,4,59,30,4,34,93
09/12/2009,LBE,PA,AEA,CE,Federal Contract Tower,3,7,12,0,22,0,2,7,0,9,3,9,19,0,31,16,0,16,47
09/13/2009,LBE,PA,AEA,CE,Federal Contract Tower,0,8,17,0,25,0,2,40,6,48,0,10,57,6,73,66,6,72,145
09/14/2009,LBE,PA,AEA,CE,Federal Contract Tower,0,14,21,1,36,0,0,30,0,30,0,14,51,1,66,24,0,24,90
09/15/2009,LBE,PA,AEA,CE,Federal Contract Tower,0,12,24,0,36,0,2,12,4,18,0,14,36,4,54,36,0,36,90
09/16/2009,LBE,PA,AEA,CE,Federal Contract Tower,2,24,15,0,41,0,0,27,2,29,2,24,42,2,70,82,4,86,156
09/17/2009,LBE,PA,AEA,CE,Federal Contract Tower,0,18,11,0,29,0,0,37,0,37,0,18,48,0,66,42,2,44,110
09/18/2009,LBE,PA,AEA,CE,Federal Contract Tower,0,16,22,0,38,0,2,44,0,46,0,18,66,0,84,38,0,38,122
09/19/2009,LBE,PA,AEA,CE,Federal Contract Tower,0,5,13,0,18,0,1,66,2,69,0,6,79,2,87,62,4,66,153
09/20/2009,LBE,PA,AEA,CE,Federal Contract Tower,0,9,14,0,23,0,0,53,0,53,0,9,67,0,76,40,0,40,116
09/21/2009,LBE,PA,AEA,CE,Federal Contract Tower,2,4,14,0,20,0,0,20,3,23,2,4,34,3,43,0,0,0,43
09/22/2009,LBE,PA,AEA,CE,Federal Contract Tower,1,18,17,2,38,0,0,28,2,30,1,18,45,4,68,32,12,44,112
09/23/2009,LBE,PA,AEA,CE,Federal Contract Tower,4,12,28,0,44,0,0,37,9,46,4,12,65,9,90,56,20,76,166
09/24/2009,LBE,PA,AEA,CE,Federal Contract Tower,0,22,35,0,57,0,0,11,0,11,0,22,46,0,68,0,0,0,68
09/25/2009,LBE,PA,AEA,CE,Federal Contract Tower,0,25,23,2,50,0,0,16,0,16,0,25,39,2,66,0,0,0,66
09/26/2009,LBE,PA,AEA,CE,Federal Contract Tower,4,11,10,0,25,0,0,12,0,12,4,11,22,0,37,0,0,0,37
09/27/2009,LBE,PA,AEA,CE,Federal Contract Tower,0,16,17,0,33,0,0,3,0,3,0,16,20,0,36,12,0,12,48
09/28/2009,LBE,PA,AEA,CE,Federal Contract Tower,1,4,3,0,8,0,0,2,2,4,1,4,5,2,12,0,6,6,18
09/29/2009,LBE,PA,AEA,CE,Federal Contract Tower,0,7,16,0,23,0,0,4,0,4,0,7,20,0,27,0,0,0,27
09/30/2009,LBE,PA,AEA,CE,Federal Contract Tower,0,20,18,0,38,0,0,16,0,16,0,20,34,0,54,0,8,8,62
10/01/2009,LBE,PA,AEA,CE,Federal Contract Tower,0,14,14,0,28,0,0,30,0,30,0,14,44,0,58,30,0,30,88
10/02/2009,LBE,PA,AEA,CE,Federal Contract Tower,0,16,7,0,23,0,0,17,0,17,0,16,24,0,40,24,0,24,64
10/03/2009,LBE,PA,AEA,CE,Federal Contract Tower,0,10,20,8,38,0,0,35,10,45,0,10,55,18,83,24,8,32,115
10/04/2009,LBE,PA,AEA,CE,Federal Contract Tower,0,16,12,0,28,0,0,21,0,21,0,16,33,0,49,16,0,16,65
10/05/2009,LBE,PA,AEA,CE,Federal Contract Tower,0,4,19,0,23,0,1,52,0,53,0,5,71,0,76,58,0,58,134
10/06/2009,LBE,PA,AEA,CE,Federal Contract Tower,0,12,18,0,30,0,0,32,0,32,0,12,50,0,62,34,0,34,96
10/07/2009,LBE,PA,AEA,CE,Federal Contract Tower,0,17,7,6,30,0,1,5,0,6,0,18,12,6,36,2,32,34,70
10/08/2009,LBE,PA,AEA,CE,Federal Contract Tower,0,11,19,0,30,0,0,42,0,42,0,11,61,0,72,8,0,8,80
10/09/2009,LBE,PA,AEA,CE,Federal Contract Tower,2,20,8,0,30,0,0,20,0,20,2,20,28,0,50,0,0,0,50
10/10/2009,LBE,PA,AEA,CE,Federal Contract Tower,0,6,2,0,8,0,0,18,0,18,0,6,20,0,26,16,0,16,42
10/11/2009,LBE,PA,AEA,CE,Federal Contract Tower,0,11,19,0,30,0,0,39,0,39,0,11,58,0,69,26,0,26,95
10/12/2009,LBE,PA,AEA,CE,Federal Contract Tower,2,12,15,0,29,0,0,43,0,43,2,12,58,0,72,40,0,40,112
10/13/2009,LBE,PA,AEA,CE,Federal Contract Tower,0,19,14,4,37,0,0,53,12,65,0,19,67,16,102,48,16,64,166
10/14/2009,LBE,PA,AEA,CE,Federal Contract Tower,2,12,20,0,34,0,0,38,0,38,2,12,58,0,72,64,0,64,136
10/15/2009,LBE,PA,AEA,CE,Federal Contract Tower,0,11,9,0,20,0,3,0,0,3,0,14,9,0,23,0,0,0,23
10/16/2009,LBE,PA,AEA,CE,Federal Contract Tower,0,14,2,0,16,0,3,0,0,3,0,17,2,0,19,0,0,0,19
10/17/2009,LBE,PA,AEA,CE,Federal Contract Tower,0,5,8,0,13,0,0,1,0,1,0,5,9,0,14,0,0,0,14
10/18/2009,LBE,PA,AEA,CE,Federal Contract Tower,2,12,9,0,23,0,0,19,0,19,2,12,28,0,42,22,0,22,64
10/19/2009,LBE,PA,AEA,CE,Federal Contract Tower,0,7,9,3,19,0,1,47,2,50,0,8,56,5,69,38,4,42,111
10/20/2009,LBE,PA,AEA,CE,Federal Contract Tower,2,6,7,0,15,0,0,56,6,62,2,6,63,6,77,48,4,52,129
10/21/2009,LBE,PA,AEA,CE,Federal Contract Tower,0,10,13,4,27,0,0,93,9,102,0,10,106,13,129,42,0,42,171
10/22/2009,LBE,PA,AEA,CE,Federal Contract Tower,0,28,25,0,53,0,0,85,6,91,0,28,110,6,144,53,6,59,203
10/23/2009,LBE,PA,AEA,CE,Federal Contract Tower,0,11,6,0,17,0,0,18,0,18,0,11,24,0,35,20,0,20,55
10/24/2009,LBE,PA,AEA,CE,Federal Contract Tower,0,9,8,0,17,0,0,13,0,13,0,9,21,0,30,0,0,0,30
10/25/2009,LBE,PA,AEA,CE,Federal Contract Tower,0,14,12,0,26,0,0,66,0,66,0,14,78,0,92,52,0,52,144
10/26/2009,LBE,PA,AEA,CE,Federal Contract Tower,0,6,7,0,13,0,0,37,0,37,0,6,44,0,50,60,0,60,110
10/27/2009,LBE,PA,AEA,CE,Federal Contract Tower,0,16,12,9,37,0,1,48,12,61,0,17,60,21,98,32,10,42,140
10/28/2009,LBE,PA,AEA,CE,Federal Contract Tower,2,11,9,7,29,0,0,3,0,3,2,11,12,7,32,0,0,0,32
10/29/2009,LBE,PA,AEA,CE,Federal Contract Tower,0,17,29,3,49,0,0,28,2,30,0,17,57,5,79,22,4,26,105
10/30/2009,LBE,PA,AEA,CE,Federal Contract Tower,2,8,6,0,16,0,0,28,2,30,2,8,34,2,46,20,6,26,72
10/31/2009,LBE,PA,AEA,CE,Federal Contract Tower,0,4,7,0,11,0,0,0,0,0,0,4,7,0,11,0,0,0,11
11/01/2009,LBE,PA,AEA,CE,Federal Contract Tower,2,9,11,0,22,0,0,50,0,50,2,9,61,0,72,74,0,74,146
11/02/2009,LBE,PA,AEA,CE,Federal Contract Tower,0,7,5,0,12,0,4,31,0,35,0,11,36,0,47,24,0,24,71
11/03/2009,LBE,PA,AEA,CE,Federal Contract Tower,0,16,13,0,29,0,2,29,4,35,0,18,42,4,64,18,0,18,82
11/04/2009,LBE,PA,AEA,CE,Federal Contract Tower,0,9,8,2,19,0,0,19,0,19,0,9,27,2,38,16,2,18,56
11/05/2009,LBE,PA,AEA,CE,Federal Contract Tower,0,8,2,4,14,0,0,12,2,14,0,8,14,6,28,0,0,0,28
11/06/2009,LBE,PA,AEA,CE,Federal Contract Tower,0,18,6,0,24,0,4,26,0,30,0,22,32,0,54,12,0,12,66
11/07/2009,LBE,PA,AEA,CE,Federal Contract Tower,0,6,12,3,21,0,0,44,2,46,0,6,56,5,67,28,10,38,105
11/08/2009,LBE,PA,AEA,CE,Federal Contract Tower,0,8,20,0,28,0,1,55,0,56,0,9,75,0,84,72,0,72,156
11/09/2009,LBE,PA,AEA,CE,Federal Contract Tower,0,3,8,2,13,0,1,41,2,44,0,4,49,4,57,6,0,6,63
11/10/2009,LBE,PA,AEA,CE,Federal Contract Tower,2,14,19,3,38,0,0,26,1,27,2,14,45,4,65,22,10,32,97
11/11/2009,LBE,PA,AEA,CE,Federal Contract Tower,0,16,7,0,23,0,1,20,0,21,0,17,27,0,44,6,0,6,50
11/12/2009,LBE,PA,AEA,CE,Federal Contract Tower,0,12,13,4,29,0,0,35,0,35,0,12,48,4,64,42,0,42,106
11/13/2009,LBE,PA,AEA,CE,Federal Contract Tower,2,19,1,0,22,0,1,28,3,32,2,20,29,3,54,42,20,62,116
11/14/2009,LBE,PA,AEA,CE,Federal Contract Tower,0,8,1,0,9,0,0,54,0,54,0,8,55,0,63,34,0,34,97
11/15/2009,LBE,PA,AEA,CE,Federal Contract Tower,0,19,9,0,28,0,0,44,0,44,0,19,53,0,72,0,0,0,72
11/16/2009,LBE,PA,AEA,CE,Federal Contract Tower,2,7,10,11,30,0,0,31,9,40,2,7,41,20,70,12,10,22,92
11/17/2009,LBE,PA,AEA,CE,Federal Contract Tower,0,20,8,4,32,0,0,22,4,26,0,20,30,8,58,10,20,30,88
11/18/2009,LBE,PA,AEA,CE,Federal Contract Tower,4,7,6,6,23,0,0,33,0,33,4,7,39,6,56,22,4,26,82
11/19/2009,LBE,PA,AEA,CE,Federal Contract Tower,0,23,11,2,36,0,0,5,0,5,0,23,16,2,41,0,0,0,41
11/20/2009,LBE,PA,AEA,CE,Federal Contract Tower,2,13,6,7,28,0,0,20,0,20,2,13,26,7,48,12,6,18,66
11/21/2009,LBE,PA,AEA,CE,Federal Contract Tower,0,5,9,0,14,0,0,30,0,30,0,5,39,0,44,6,0,6,50
11/22/2009,LBE,PA,AEA,CE,Federal Contract Tower,0,9,9,0,18,0,0,24,0,24,0,9,33,0,42,98,0,98,140
11/23/2009,LBE,PA,AEA,CE,Federal Contract Tower,2,10,11,7,30,0,2,22,7,31,2,12,33,14,61,12,42,54,115
11/24/2009,LBE,PA,AEA,CE,Federal Contract Tower,1,16,14,3,34,0,0,16,0,16,1,16,30,3,50,24,0,24,74
11/25/2009,LBE,PA,AEA,CE,Federal Contract Tower,0,15,11,0,26,0,0,16,0,16,0,15,27,0,42,38,0,38,80
11/26/2009,LBE,PA,AEA,CE,Federal Contract Tower,0,2,0,0,2,0,0,8,0,8,0,2,8,0,10,0,0,0,10
11/27/2009,LBE,PA,AEA,CE,Federal Contract Tower,1,4,2,0,7,0,0,0,0,0,1,4,2,0,7,0,0,0,7
11/28/2009,LBE,PA,AEA,CE,Federal Contract Tower,0,8,2,0,10,0,2,25,0,27,0,10,27,0,37,28,0,28,65
11/29/2009,LBE,PA,AEA,CE,Federal Contract Tower,0,13,8,0,21,0,0,58,0,58,0,13,66,0,79,36,0,36,115
11/30/2009,LBE,PA,AEA,CE,Federal Contract Tower,0,7,6,0,13,0,0,9,0,9,0,7,15,0,22,0,0,0,22
12/01/2009,LBE,PA,AEA,CE,Federal Contract Tower,0,12,10,0,22,0,0,16,0,16,0,12,26,0,38,10,0,10,48
12/02/2009,LBE,PA,AEA,CE,Federal Contract Tower,0,13,0,0,13,0,0,13,0,13,0,13,13,0,26,4,0,4,30
12/03/2009,LBE,PA,AEA,CE,Federal Contract Tower,0,10,3,0,13,0,0,4,0,4,0,10,7,0,17,6,0,6,23
12/04/2009,LBE,PA,AEA,CE,Federal Contract Tower,0,18,8,0,26,0,0,19,0,19,0,18,27,0,45,10,0,10,55
12/05/2009,LBE,PA,AEA,CE,Federal Contract Tower,0,6,1,0,7,0,0,0,0,0,0,6,1,0,7,0,0,0,7
12/06/2009,LBE,PA,AEA,CE,Federal Contract Tower,0,12,6,0,18,0,6,68,2,76,0,18,74,2,94,92,6,98,192
12/07/2009,LBE,PA,AEA,CE,Federal Contract Tower,0,9,8,4,21,0,4,16,0,20,0,13,24,4,41,16,0,16,57
12/08/2009,LBE,PA,AEA,CE,Federal Contract Tower,0,8,3,0,11,0,1,30,0,31,0,9,33,0,42,18,0,18,60
12/09/2009,LBE,PA,AEA,CE,Federal Contract Tower,0,8,4,0,12,0,0,2,0,2,0,8,6,0,14,0,0,0,14
12/10/2009,LBE,PA,AEA,CE,Federal Contract Tower,0,15,7,0,22,0,1,3,0,4,0,16,10,0,26,0,0,0,26
12/11/2009,LBE,PA,AEA,CE,Federal Contract Tower,2,8,10,0,20,0,4,20,0,24,2,12,30,0,44,0,0,0,44
12/12/2009,LBE,PA,AEA,CE,Federal Contract Tower,1,3,4,0,8,0,0,40,0,40,1,3,44,0,48,50,0,50,98
12/13/2009,LBE,PA,AEA,CE,Federal Contract Tower,2,11,3,0,16,0,0,0,0,0,2,11,3,0,16,0,0,0,16
12/14/2009,LBE,PA,AEA,CE,Federal Contract Tower,0,5,3,0,8,0,0,10,0,10,0,5,13,0,18,20,0,20,38
12/15/2009,LBE,PA,AEA,CE,Federal Contract Tower,0,20,2,0,22,0,0,2,0,2,0,20,4,0,24,0,0,0,24
12/16/2009,LBE,PA,AEA,CE,Federal Contract Tower,0,8,5,3,16,0,2,41,1,44,0,10,46,4,60,28,0,28,88
12/17/2009,LBE,PA,AEA,CE,Federal Contract Tower,2,11,15,0,28,0,2,31,2,35,2,13,46,2,63,42,6,48,111
12/18/2009,LBE,PA,AEA,CE,Federal Contract Tower,0,8,11,2,21,0,5,40,2,47,0,13,51,4,68,42,6,48,116
12/19/2009,LBE,PA,AEA,CE,Federal Contract Tower,0,2,5,0,7,0,0,0,0,0,0,2,5,0,7,0,0,0,7
12/20/2009,LBE,PA,AEA,CE,Federal Contract Tower,2,13,3,0,18,0,0,12,0,12,2,13,15,0,30,22,0,22,52
12/21/2009,LBE,PA,AEA,CE,Federal Contract Tower,0,16,3,0,19,0,0,3,0,3,0,16,6,0,22,0,0,0,22
12/22/2009,LBE,PA,AEA,CE,Federal Contract Tower,0,17,6,6,29,0,0,4,0,4,0,17,10,6,33,0,0,0,33
12/23/2009,LBE,PA,AEA,CE,Federal Contract Tower,0,5,8,0,13,0,5,27,0,32,0,10,35,0,45,20,0,20,65
12/24/2009,LBE,PA,AEA,CE,Federal Contract Tower,0,5,4,0,9,0,0,20,0,20,0,5,24,0,29,4,0,4,33
12/25/2009,LBE,PA,AEA,CE,Federal Contract Tower,0,8,0,0,8,0,0,0,0,0,0,8,0,0,8,0,0,0,8
12/26/2009,LBE,PA,AEA,CE,Federal Contract Tower,2,14,11,0,27,0,0,21,0,21,2,14,32,0,48,10,0,10,58
12/27/2009,LBE,PA,AEA,CE,Federal Contract Tower,1,13,2,0,16,0,0,31,0,31,1,13,33,0,47,24,0,24,71
12/28/2009,LBE,PA,AEA,CE,Federal Contract Tower,0,16,1,0,17,0,0,2,0,2,0,16,3,0,19,0,0,0,19
12/29/2009,LBE,PA,AEA,CE,Federal Contract Tower,0,8,9,0,17,0,5,10,0,15,0,13,19,0,32,0,0,0,32
12/30/2009,LBE,PA,AEA,CE,Federal Contract Tower,0,12,9,0,21,0,0,18,2,20,0,12,27,2,41,36,8,44,85
12/31/2009,LBE,PA,AEA,CE,Federal Contract Tower,0,11,2,0,13,0,0,0,0,0,0,11,2,0,13,0,0,0,13
01/01/2010,LBE,PA,AEA,CE,Federal Contract Tower,0,6,0,0,6,0,0,0,0,0,0,6,0,0,6,0,0,0,6
01/02/2010,LBE,PA,AEA,CE,Federal Contract Tower,0,12,6,0,18,0,0,0,0,0,0,12,6,0,18,0,0,0,18
01/03/2010,LBE,PA,AEA,CE,Federal Contract Tower,0,14,6,0,20,0,0,0,0,0,0,14,6,0,20,0,0,0,20
01/04/2010,LBE,PA,AEA,CE,Federal Contract Tower,2,6,1,0,9,0,0,0,0,0,2,6,1,0,9,0,0,0,9
01/05/2010,LBE,PA,AEA,CE,Federal Contract Tower,0,16,2,0,18,0,0,0,0,0,0,16,2,0,18,0,0,0,18
01/06/2010,LBE,PA,AEA,CE,Federal Contract Tower,0,7,6,0,13,0,0,0,0,0,0,7,6,0,13,0,0,0,13
01/07/2010,LBE,PA,AEA,CE,Federal Contract Tower,0,6,2,0,8,0,0,0,0,0,0,6,2,0,8,0,0,0,8
01/08/2010,LBE,PA,AEA,CE,Federal Contract Tower,1,5,1,0,7,0,0,0,0,0,1,5,1,0,7,0,0,0,7
01/09/2010,LBE,PA,AEA,CE,Federal Contract Tower,0,3,3,0,6,0,0,1,0,1,0,3,4,0,7,6,0,6,13
01/10/2010,LBE,PA,AEA,CE,Federal Contract Tower,0,4,1,0,5,0,0,2,0,2,0,4,3,0,7,0,0,0,7
01/11/2010,LBE,PA,AEA,CE,Federal Contract Tower,0,10,5,2,17,0,0,17,0,17,0,10,22,2,34,6,2,8,42
01/12/2010,LBE,PA,AEA,CE,Federal Contract Tower,0,11,7,4,22,0,0,9,4,13,0,11,16,8,35,0,6,6,41
01/13/2010,LBE,PA,AEA,CE,Federal Contract Tower,0,12,3,0,15,0,0,19,0,19,0,12,22,0,34,28,6,34,68
01/14/2010,LBE,PA,AEA,CE,Federal Contract Tower,0,12,10,0,22,0,2,36,2,40,0,14,46,2,62,36,0,36,98
01/15/2010,LBE,PA,AEA,CE,Federal Contract Tower,0,15,7,0,22,0,1,2,0,3,0,16,9,0,25,0,0,0,25
01/16/2010,LBE,PA,AEA,CE,Federal Contract Tower,0,8,3,0,11,0,0,33,0,33,0,8,36,0,44,22,0,22,66
01/17/2010,LBE,PA,AEA,CE,Federal Contract Tower,0,4,2,0,6,0,0,0,0,0,0,4,2,0,6,0,0,0,6
01/18/2010,LBE,PA,AEA,CE,Federal Contract Tower,0,9,4,0,13,0,6,6,0,12,0,15,10,0,25,8,0,8,33
01/19/2010,LBE,PA,AEA,CE,Federal Contract Tower,0,5,4,2,11,0,0,0,0,0,0,5,4,2,11,0,0,0,11
01/20/2010,LBE,PA,AEA,CE,Federal Contract Tower,0,14,22,2,38,0,0,23,4,27,0,14,45,6,65,58,14,72,137
01/21/2010,LBE,PA,AEA,CE,Federal Contract Tower,0,15,5,4,24,0,0,25,2,27,0,15,30,6,51,32,0,32,83
01/22/2010,LBE,PA,AEA,CE,Federal Contract Tower,2,12,1,2,17,0,0,11,0,11,2,12,12,2,28,4,0,4,32
01/23/2010,LBE,PA,AEA,CE,Federal Contract Tower,1,3,11,0,15,0,4,76,0,80,1,7,87,0,95,62,0,62,157
01/24/2010,LBE,PA,AEA,CE,Federal Contract Tower,1,8,1,0,10,0,1,1,0,2,1,9,2,0,12,2,0,2,14
01/25/2010,LBE,PA,AEA,CE,Federal Contract Tower,0,7,5,4,16,0,0,16,0,16,0,7,21,4,32,6,0,6,38
01/26/2010,LBE,PA,AEA,CE,Federal Contract Tower,0,7,1,0,8,0,0,10,0,10,0,7,11,0,18,22,0,22,40
01/27/2010,LBE,PA,AEA,CE,Federal Contract Tower,0,16,2,3,21,0,4,16,5,25,0,20,18,8,46,28,6,34,80
01/28/2010,LBE,PA,AEA,CE,Federal Contract Tower,0,14,5,0,19,0,2,4,0,6,0,16,9,0,25,0,0,0,25
01/29/2010,LBE,PA,AEA,CE,Federal Contract Tower,0,9,8,2,19,0,10,10,0,20,0,19,18,2,39,6,0,6,45
01/30/2010,LBE,PA,AEA,CE,Federal Contract Tower,0,3,2,0,5,0,8,27,0,35,0,11,29,0,40,54,0,54,94
01/31/2010,LBE,PA,AEA,CE,Federal Contract Tower,0,11,6,3,20,0,0,53,2,55,0,11,59,5,75,74,6,80,155
02/01/2010,LBE,PA,AEA,CE,Federal Contract Tower,0,15,6,1,22,0,0,29,5,34,0,15,35,6,56,42,8,50,106
02/02/2010,LBE,PA,AEA,CE,Federal Contract Tower,0,14,4,10,28,0,0,44,4,48,0,14,48,14,76,46,12,58,134
02/03/2010,LBE,PA,AEA,CE,Federal Contract Tower,0,10,4,2,16,0,0,8,5,13,0,10,12,7,29,0,10,10,39
02/04/2010,LBE,PA,AEA,CE,Federal Contract Tower,0,8,8,2,18,0,2,29,5,36,0,10,37,7,54,2,10,12,66
02/05/2010,LBE,PA,AEA,CE,Federal Contract Tower,0,11,1,0,12,0,0,12,0,12,0,11,13,0,24,10,0,10,34
02/06/2010,LBE,PA,AEA,CE,Federal Contract Tower,0,0,0,0,0,0,0,10,0,10,0,0,10,0,10,0,0,0,10
02/07/2010,LBE,PA,AEA,CE,Federal Contract Tower,0,8,5,0,13,0,2,5,0,7,0,10,10,0,20,0,0,0,20
02/08/2010,LBE,PA,AEA,CE,Federal Contract Tower,0,6,10,0,16,0,0,17,3,20,0,6,27,3,36,0,0,0,36
02/09/2010,LBE,PA,AEA,CE,Federal Contract Tower,1,10,3,0,14,0,0,4,0,4,1,10,7,0,18,2,0,2,20
02/10/2010,LBE,PA,AEA,CE,Federal Contract Tower,0,1,0,0,1,0,0,0,0,0,0,1,0,0,1,0,0,0,1
02/11/2010,LBE,PA,AEA,CE,Federal Contract Tower,0,13,5,0,18,0,0,2,0,2,0,13,7,0,20,0,0,0,20
02/12/2010,LBE,PA,AEA,CE,Federal Contract Tower,2,12,4,2,20,0,0,17,0,17,2,12,21,2,37,24,0,24,61
02/13/2010,LBE,PA,AEA,CE,Federal Contract Tower,0,7,2,0,9,0,0,9,0,9,0,7,11,0,18,0,0,0,18
02/14/2010,LBE,PA,AEA,CE,Federal Contract Tower,0,8,4,0,12,0,0,0,0,0,0,8,4,0,12,0,0,0,12
02/15/2010,LBE,PA,AEA,CE,Federal Contract Tower,0,15,0,0,15,0,0,11,0,11,0,15,11,0,26,2,0,2,28
02/16/2010,LBE,PA,AEA,CE,Federal Contract Tower,0,6,1,0,7,0,0,0,0,0,0,6,1,0,7,0,0,0,7
02/17/2010,LBE,PA,AEA,CE,Federal Contract Tower,0,4,7,0,11,0,0,1,0,1,0,4,8,0,12,0,0,0,12
02/18/2010,LBE,PA,AEA,CE,Federal Contract Tower,0,11,8,0,19,0,0,2,0,2,0,11,10,0,21,0,0,0,21
02/19/2010,LBE,PA,AEA,CE,Federal Contract Tower,0,14,9,0,23,0,3,41,2,46,0,17,50,2,69,28,0,28,97
02/20/2010,LBE,PA,AEA,CE,Federal Contract Tower,0,4,0,0,4,0,0,48,0,48,0,4,48,0,52,52,0,52,104
02/21/2010,LBE,PA,AEA,CE,Federal Contract Tower,0,12,7,0,19,0,0,19,0,19,0,12,26,0,38,24,0,24,62
02/22/2010,LBE,PA,AEA,CE,Federal Contract Tower,2,5,4,6,17,0,0,7,0,7,2,5,11,6,24,0,0,0,24
02/23/2010,LBE,PA,AEA,CE,Federal Contract Tower,0,16,7,0,23,0,0,2,0,2,0,16,9,0,25,0,0,0,25
02/24/2010,LBE,PA,AEA,CE,Federal Contract Tower,0,27,3,4,34,0,0,29,5,34,0,27,32,9,68,26,26,52,120
02/25/2010,LBE,PA,AEA,CE,Federal Contract Tower,4,16,2,0,22,0,0,3,0,3,4,16,5,0,25,2,0,2,27
02/26/2010,LBE,PA,AEA,CE,Federal Contract Tower,0,9,1,0,10,0,0,0,0,0,0,9,1,0,10,0,0,0,10
02/27/2010,LBE,PA,AEA,CE,Federal Contract Tower,0,5,0,0,5,0,0,0,0,0,0,5,0,0,5,0,0,0,5
02/28/2010,LBE,PA,AEA,CE,Federal Contract Tower,0,6,0,0,6,0,0,0,1,1,0,6,0,1,7,0,0,0,7
03/01/2010,LBE,PA,AEA,CE,Federal Contract Tower,0,9,3,0,12,0,12,13,0,25,0,21,16,0,37,0,0,0,37
03/02/2010,LBE,PA,AEA,CE,Federal Contract Tower,1,6,2,0,9,0,0,19,0,19,1,6,21,0,28,4,0,4,32
03/03/2010,LBE,PA,AEA,CE,Federal Contract Tower,0,11,0,4,15,0,0,16,0,16,0,11,16,4,31,0,0,0,31
03/04/2010,LBE,PA,AEA,CE,Federal Contract Tower,0,10,12,2,24,0,2,36,4,42,0,12,48,6,66,34,6,40,106
03/05/2010,LBE,PA,AEA,CE,Federal Contract Tower,0,8,1,6,15,0,0,43,6,49,0,8,44,12,64,26,6,32,96
03/06/2010,LBE,PA,AEA,CE,Federal Contract Tower,2,9,11,0,22,0,0,65,3,68,2,9,76,3,90,72,6,78,168
03/07/2010,LBE,PA,AEA,CE,Federal Contract Tower,2,12,3,2,19,0,0,54,2,56,2,12,57,4,75,70,16,86,161
03/08/2010,LBE,PA,AEA,CE,Federal Contract Tower,0,10,8,1,19,0,0,66,1,67,0,10,74,2,86,22,6,28,114
03/09/2010,LBE,PA,AEA,CE,Federal Contract Tower,0,8,7,4,19,0,0,66,4,70,0,8,73,8,89,30,12,42,131
03/10/2010,LBE,PA,AEA,CE,Federal Contract Tower,0,12,3,1,16,0,0,58,4,62,0,12,61,5,78,32,4,36,114
03/11/2010,LBE,PA,AEA,CE,Federal Contract Tower,2,12,9,4,27,0,2,28,4,34,2,14,37,8,61,10,12,22,83
03/12/2010,LBE,PA,AEA,CE,Federal Contract Tower,0,7,2,4,13,0,0,7,0,7,0,7,9,4,20,2,0,2,22
03/13/2010,LBE,PA,AEA,CE,Federal Contract Tower,0,0,1,0,1,0,0,0,0,0,0,0,1,0,1,0,0,0,1
03/14/2010,LBE,PA,AEA,CE,Federal Contract Tower,0,10,3,0,13,0,0,2,0,2,0,10,5,0,15,0,0,0,15
03/15/2010,LBE,PA,AEA,CE,Federal Contract Tower,2,9,2,0,13,0,0,17,0,17,2,9,19,0,30,10,0,10,40
03/16/2010,LBE,PA,AEA,CE,Federal Contract Tower,1,14,6,4,25,0,0,60,0,60,1,14,66,4,85,48,6,54,139
03/17/2010,LBE,PA,AEA,CE,Federal Contract Tower,3,9,6,2,20,0,1,59,2,62,3,10,65,4,82,48,4,52,134
03/18/2010,LBE,PA,AEA,CE,Federal Contract Tower,0,17,13,1,31,0,1,44,5,50,0,18,57,6,81,16,8,24,105
03/19/2010,LBE,PA,AEA,CE,Federal Contract Tower,0,15,10,0,25,5,0,46,0,51,5,15,56,0,76,30,0,30,106
03/20/2010,LBE,PA,AEA,CE,Federal Contract Tower,0,1,7,0,8,0,2,67,0,69,0,3,74,0,77,30,0,30,107
03/21/2010,LBE,PA,AEA,CE,Federal Contract Tower,0,11,5,0,16,0,3,50,0,53,0,14,55,0,69,16,0,16,85
03/22/2010,LBE,PA,AEA,CE,Federal Contract Tower,2,8,4,2,16,0,0,14,4,18,2,8,18,6,34,8,0,8,42
03/23/2010,LBE,PA,AEA,CE,Federal Contract Tower,0,9,8,2,19,0,0,3,0,3,0,9,11,2,22,0,0,0,22
03/24/2010,LBE,PA,AEA,CE,Federal Contract Tower,0,13,11,2,26,0,0,29,3,32,0,13,40,5,58,48,16,64,122
03/25/2010,LBE,PA,AEA,CE,Federal Contract Tower,0,15,11,0,26,0,1,19,0,20,0,16,30,0,46,2,0,2,48
03/26/2010,LBE,PA,AEA,CE,Federal Contract Tower,2,11,6,0,19,0,2,27,0,29,2,13,33,0,48,16,0,16,64
03/27/2010,LBE,PA,AEA,CE,Federal Contract Tower,0,10,8,2,20,0,0,74,0,74,0,10,82,2,94,44,0,44,138
03/28/2010,LBE,PA,AEA,CE,Federal Contract Tower,2,7,4,0,13,0,4,1,1,6,2,11,5,1,19,6,0,6,25
03/29/2010,LBE,PA,AEA,CE,Federal Contract Tower,0,7,2,0,9,0,0,12,3,15,0,7,14,3,24,10,0,10,34
03/30/2010,LBE,PA,AEA,CE,Federal Contract Tower,0,8,8,0,16,0,0,39,3,42,0,8,47,3,58,40,4,44,102
03/31/2010,LBE,PA,AEA,CE,Federal Contract Tower,0,16,4,0,20,0,0,36,0,36,0,16,40,0,56,22,0,22,78
04/01/2010,LBE,PA,AEA,CE,Federal Contract Tower,0,16,5,2,23,0,0,43,6,49,0,16,48,8,72,70,0,70,142
04/02/2010,LBE,PA,AEA,CE,Federal Contract Tower,0,11,6,2,19,0,0,83,0,83,0,11,89,2,102,60,0,60,162
04/03/2010,LBE,PA,AEA,CE,Federal Contract Tower,0,11,3,0,14,0,0,34,0,34,0,11,37,0,48,78,0,78,126
04/04/2010,LBE,PA,AEA,CE,Federal Contract Tower,0,5,4,0,9,0,0,31,0,31,0,5,35,0,40,22,0,22,62
04/05/2010,LBE,PA,AEA,CE,Federal Contract Tower,0,13,7,6,26,0,0,9,0,9,0,13,16,6,35,2,0,2,37
04/06/2010,LBE,PA,AEA,CE,Federal Contract Tower,2,16,13,0,31,0,3,26,6,35,2,19,39,6,66,18,0,18,84
04/07/2010,LBE,PA,AEA,CE,Federal Contract Tower,0,7,4,0,11,0,0,21,2,23,0,7,25,2,34,2,0,2,36
04/08/2010,LBE,PA,AEA,CE,Federal Contract Tower,0,18,4,0,22,0,0,10,0,10,0,18,14,0,32,2,0,2,34
04/09/2010,LBE,PA,AEA,CE,Federal Contract Tower,0,9,9,0,18,0,1,20,2,23,0,10,29,2,41,10,8,18,59
04/10/2010,LBE,PA,AEA,CE,Federal Contract Tower,0,5,6,0,11,0,0,59,0,59,0,5,65,0,70,70,0,70,140
04/11/2010,LBE,PA,AEA,CE,Federal Contract Tower,0,9,10,0,19,0,0,55,2,57,0,9,65,2,76,124,0,124,200
04/12/2010,LBE,PA,AEA,CE,Federal Contract Tower,0,13,2,2,17,0,3,28,0,31,0,16,30,2,48,26,0,26,74
04/13/2010,LBE,PA,AEA,CE,Federal Contract Tower,2,15,4,2,23,0,0,15,2,17,2,15,19,4,40,0,0,0,40
04/14/2010,LBE,PA,AEA,CE,Federal Contract Tower,0,9,3,0,12,0,4,26,4,34,0,13,29,4,46,28,0,28,74
04/15/2010,LBE,PA,AEA,CE,Federal Contract Tower,0,15,12,0,27,0,2,46,5,53,0,17,58,5,80,44,12,56,136
04/16/2010,LBE,PA,AEA,CE,Federal Contract Tower,2,3,3,2,10,0,0,13,0,13,2,3,16,2,23,0,0,0,23
04/17/2010,LBE,PA,AEA,CE,Federal Contract Tower,0,5,2,0,7,0,0,11,0,11,0,5,13,0,18,0,0,0,18
04/18/2010,LBE,PA,AEA,CE,Federal Contract Tower,2,3,3,0,8,0,0,26,0,26,2,3,29,0,34,18,0,18,52
04/19/2010,LBE,PA,AEA,CE,Federal Contract Tower,0,14,12,5,31,0,0,23,9,32,0,14,35,14,63,8,0,8,71
04/20/2010,LBE,PA,AEA,CE,Federal Contract Tower,4,5,12,2,23,8,0,54,6,68,12,5,66,8,91,52,0,52,143
04/21/2010,LBE,PA,AEA,CE,Federal Contract Tower,0,4,10,6,20,0,0,38,3,41,0,4,48,9,61,36,10,46,107
04/22/2010,LBE,PA,AEA,CE,Federal Contract Tower,0,17,11,6,34,0,0,28,2,30,0,17,39,8,64,20,0,20,84
04/23/2010,LBE,PA,AEA,CE,Federal Contract Tower,2,7,11,4,24,0,0,60,0,60,2,7,71,4,84,52,0,52,136
04/24/2010,LBE,PA,AEA,CE,Federal Contract Tower,0,5,10,0,15,0,0,10,0,10,0,5,20,0,25,0,0,0,25
04/25/2010,LBE,PA,AEA,CE,Federal Contract Tower,0,5,9,0,14,0,0,15,0,15,0,5,24,0,29,18,0,18,47
04/26/2010,LBE,PA,AEA,CE,Federal Contract Tower,0,11,10,2,23,0,0,5,0,5,0,11,15,2,28,0,0,0,28
04/27/2010,LBE,PA,AEA,CE,Federal Contract Tower,0,15,8,0,23,0,5,20,2,27,0,20,28,2,50,0,0,0,50
04/28/2010,LBE,PA,AEA,CE,Federal Contract Tower,0,11,10,0,21,0,0,30,4,34,0,11,40,4,55,26,14,40,95
04/29/2010,LBE,PA,AEA,CE,Federal Contract Tower,0,8,16,1,25,0,0,32,2,34,0,8,48,3,59,94,6,100,159
04/30/2010,LBE,PA,AEA,CE,Federal Contract Tower,0,7,8,0,15,0,0,53,0,53,0,7,61,0,68,44,0,44,112
05/01/2010,LBE,PA,AEA,CE,Federal Contract Tower,2,4,12,0,18,0,0,31,0,31,2,4,43,0,49,54,0,54,103
05/02/2010,LBE,PA,AEA,CE,Federal Contract Tower,2,9,8,0,19,0,0,6,0,6,2,9,14,0,25,18,0,18,43
05/03/2010,LBE,PA,AEA,CE,Federal Contract Tower,0,9,8,0,17,0,0,8,2,10,0,9,16,2,27,14,6,20,47
05/04/2010,LBE,PA,AEA,CE,Federal Contract Tower,2,5,13,0,20,0,0,34,1,35,2,5,47,1,55,58,4,62,117
05/05/2010,LBE,PA,AEA,CE,Federal Contract Tower,0,2,5,4,11,0,0,45,2,47,0,2,50,6,58,46,0,46,104
05/06/2010,LBE,PA,AEA,CE,Federal Contract Tower,0,9,21,0,30,0,0,41,2,43,0,9,62,2,73,20,0,20,93
05/07/2010,LBE,PA,AEA,CE,Federal Contract Tower,0,9,15,0,24,0,0,35,0,35,0,9,50,0,59,68,0,68,127
05/08/2010,LBE,PA,AEA,CE,Federal Contract Tower,0,8,2,0,10,0,0,4,0,4,0,8,6,0,14,0,0,0,14
05/09/2010,LBE,PA,AEA,CE,Federal Contract Tower,0,10,9,0,19,0,3,20,2,25,0,13,29,2,44,0,0,0,44
05/10/2010,LBE,PA,AEA,CE,Federal Contract Tower,0,6,9,0,15,0,3,64,6,73,0,9,73,6,88,80,0,80,168
05/11/2010,LBE,PA,AEA,CE,Federal Contract Tower,0,10,4,0,14,0,0,1,0,1,0,10,5,0,15,0,0,0,15
05/12/2010,LBE,PA,AEA,CE,Federal Contract Tower,0,12,5,2,19,0,0,8,0,8,0,12,13,2,27,0,0,0,27
05/13/2010,LBE,PA,AEA,CE,Federal Contract Tower,0,16,8,3,27,0,1,12,0,13,0,17,20,3,40,18,0,18,58
05/14/2010,LBE,PA,AEA,CE,Federal Contract Tower,4,7,11,0,22,0,0,21,0,21,4,7,32,0,43,22,0,22,65
05/15/2010,LBE,PA,AEA,CE,Federal Contract Tower,0,6,8,0,14,0,0,23,0,23,0,6,31,0,37,6,0,6,43
05/16/2010,LBE,PA,AEA,CE,Federal Contract Tower,2,6,10,0,18,0,0,74,0,74,2,6,84,0,92,66,0,66,158
05/17/2010,LBE,PA,AEA,CE,Federal Contract Tower,2,8,9,2,21,0,0,3,0,3,2,8,12,2,24,0,0,0,24
05/18/2010,LBE,PA,AEA,CE,Federal Contract Tower,2,14,19,0,35,0,4,18,0,22,2,18,37,0,57,6,0,6,63
05/19/2010,LBE,PA,AEA,CE,Federal Contract Tower,2,17,19,1,39,0,2,18,1,21,2,19,37,2,60,20,0,20,80
05/20/2010,LBE,PA,AEA,CE,Federal Contract Tower,0,20,17,0,37,0,2,56,0,58,0,22,73,0,95,52,0,52,147
05/21/2010,LBE,PA,AEA,CE,Federal Contract Tower,0,14,15,0,29,0,5,50,4,59,0,19,65,4,88,10,0,10,98
05/22/2010,LBE,PA,AEA,CE,Federal Contract Tower,0,11,9,0,20,0,4,5,0,9,0,15,14,0,29,0,0,0,29
05/23/2010,LBE,PA,AEA,CE,Federal Contract Tower,0,5,14,0,19,0,1,22,0,23,0,6,36,0,42,46,0,46,88
05/24/2010,LBE,PA,AEA,CE,Federal Contract Tower,0,8,10,0,18,0,0,20,0,20,0,8,30,0,38,28,0,28,66
05/25/2010,LBE,PA,AEA,CE,Federal Contract Tower,0,9,6,0,15,0,0,47,0,47,0,9,53,0,62,50,8,58,120
05/26/2010,LBE,PA,AEA,CE,Federal Contract Tower,0,10,16,2,28,0,0,56,7,63,0,10,72,9,91,50,0,50,141
05/27/2010,LBE,PA,AEA,CE,Federal Contract Tower,1,15,18,0,34,0,0,27,1,28,1,15,45,1,62,24,2,26,88
05/28/2010,LBE,PA,AEA,CE,Federal Contract Tower,0,22,14,0,36,0,1,36,0,37,0,23,50,0,73,72,0,72,145
05/29/2010,LBE,PA,AEA,CE,Federal Contract Tower,2,7,1,0,10,0,0,61,0,61,2,7,62,0,71,60,2,62,133
05/30/2010,LBE,PA,AEA,CE,Federal Contract Tower,0,10,6,0,16,0,0,76,0,76,0,10,82,0,92,74,0,74,166
05/31/2010,LBE,PA,AEA,CE,Federal Contract Tower,2,9,10,0,21,0,1,27,0,28,2,10,37,0,49,36,0,36,85
06/01/2010,LBE,PA,AEA,CE,Federal Contract Tower,0,14,14,0,28,0,2,28,0,30,0,16,42,0,58,12,0,12,70
06/02/2010,LBE,PA,AEA,CE,Federal Contract Tower,0,10,10,2,22,0,0,33,0,33,0,10,43,2,55,32,0,32,87
06/03/2010,LBE,PA,AEA,CE,Federal Contract Tower,0,9,10,0,19,0,4,40,2,46,0,13,50,2,65,52,6,58,123
06/04/2010,LBE,PA,AEA,CE,Federal Contract Tower,0,17,14,2,33,0,0,26,0,26,0,17,40,2,59,30,0,30,89
06/05/2010,LBE,PA,AEA,CE,Federal Contract Tower,0,1,5,0,6,0,0,6,0,6,0,1,11,0,12,0,0,0,12
06/06/2010,LBE,PA,AEA,CE,Federal Contract Tower,0,8,4,0,12,0,0,6,0,6,0,8,10,0,18,2,0,2,20
06/07/2010,LBE,PA,AEA,CE,Federal Contract Tower,1,10,9,8,28,0,0,30,0,30,1,10,39,8,58,8,8,16,74
06/08/2010,LBE,PA,AEA,CE,Federal Contract Tower,0,11,7,2,20,0,0,66,2,68,0,11,73,4,88,52,6,58,146
06/09/2010,LBE,PA,AEA,CE,Federal Contract Tower,0,22,11,0,33,0,1,0,0,1,0,23,11,0,34,0,0,0,34
06/10/2010,LBE,PA,AEA,CE,Federal Contract Tower,0,12,9,6,27,0,4,36,0,40,0,16,45,6,67,44,6,50,117
06/11/2010,LBE,PA,AEA,CE,Federal Contract Tower,0,10,14,0,24,0,4,50,0,54,0,14,64,0,78,24,0,24,102
06/12/2010,LBE,PA,AEA,CE,Federal Contract Tower,0,10,6,1,17,0,0,27,2,29,0,10,33,3,46,10,0,10,56
06/13/2010,LBE,PA,AEA,CE,Federal Contract Tower,0,12,5,0,17,0,0,2,0,2,0,12,7,0,19,0,0,0,19
06/14/2010,LBE,PA,AEA,CE,Federal Contract Tower,3,9,11,0,23,0,2,19,0,21,3,11,30,0,44,0,0,0,44
06/15/2010,LBE,PA,AEA,CE,Federal Contract Tower,0,9,12,4,25,0,2,8,2,12,0,11,20,6,37,20,10,30,67
06/16/2010,LBE,PA,AEA,CE,Federal Contract Tower,3,19,14,0,36,0,0,11,0,11,3,19,25,0,47,22,0,22,69
06/17/2010,LBE,PA,AEA,CE,Federal Contract Tower,0,12,21,1,34,0,0,27,3,30,0,12,48,4,64,40,6,46,110
06/18/2010,LBE,PA,AEA,CE,Federal Contract Tower,2,7,24,0,33,0,2,55,0,57,2,9,79,0,90,44,0,44,134
06/19/2010,LBE,PA,AEA,CE,Federal Contract Tower,0,8,6,0,14,0,0,33,6,39,0,8,39,6,53,48,0,48,101
06/20/2010,LBE,PA,AEA,CE,Federal Contract Tower,2,9,16,0,27,0,0,46,1,47,2,9,62,1,74,42,6,48,122
06/21/2010,LBE,PA,AEA,CE,Federal Contract Tower,0,4,18,0,22,0,0,38,0,38,0,4,56,0,60,16,0,16,76
06/22/2010,LBE,PA,AEA,CE,Federal Contract Tower,0,9,16,4,29,0,0,19,1,20,0,9,35,5,49,22,0,22,71
06/23/2010,LBE,PA,AEA,CE,Federal Contract Tower,0,11,15,0,26,0,0,18,2,20,0,11,33,2,46,20,0,20,66
06/24/2010,LBE,PA,AEA,CE,Federal Contract Tower,2,9,9,0,20,0,3,28,0,31,2,12,37,0,51,60,0,60,111
06/25/2010,LBE,PA,AEA,CE,Federal Contract Tower,2,14,12,0,28,8,0,78,0,86,10,14,90,0,114,44,0,44,158
06/26/2010,LBE,PA,AEA,CE,Federal Contract Tower,0,5,11,0,16,0,2,38,0,40,0,7,49,0,56,46,0,46,102
06/27/2010,LBE,PA,AEA,CE,Federal Contract Tower,2,18,9,0,29,0,0,35,0,35,2,18,44,0,64,8,0,8,72
06/28/2010,LBE,PA,AEA,CE,Federal Contract Tower,1,11,11,0,23,0,0,13,0,13,1,11,24,0,36,32,0,32,68
06/29/2010,LBE,PA,AEA,CE,Federal Contract Tower,0,11,10,0,21,0,0,30,6,36,0,11,40,6,57,74,6,80,137
06/30/2010,LBE,PA,AEA,CE,Federal Contract Tower,1,18,14,2,35,0,0,67,0,67,1,18,81,2,102,74,8,82,184
07/01/2010,LBE,PA,AEA,CE,Federal Contract Tower,0,16,15,0,31,0,0,48,4,52,0,16,63,4,83,44,10,54,137
07/02/2010,LBE,PA,AEA,CE,Federal Contract Tower,2,8,16,0,26,0,0,80,0,80,2,8,96,0,106,74,0,74,180
07/03/2010,LBE,PA,AEA,CE,Federal Contract Tower,0,2,5,0,7,0,0,39,0,39,0,2,44,0,46,14,0,14,60
07/04/2010,LBE,PA,AEA,CE,Federal Contract Tower,0,5,1,0,6,0,0,10,0,10,0,5,11,0,16,10,0,10,26
07/05/2010,LBE,PA,AEA,CE,Federal Contract Tower,2,10,11,0,23,0,0,28,0,28,2,10,39,0,51,20,0,20,71
07/06/2010,LBE,PA,AEA,CE,Federal Contract Tower,0,11,11,0,22,0,0,46,6,52,0,11,57,6,74,44,10,54,128
07/07/2010,LBE,PA,AEA,CE,Federal Contract Tower,0,11,14,2,27,0,0,43,2,45,0,11,57,4,72,66,2,68,140
07/08/2010,LBE,PA,AEA,CE,Federal Contract Tower,0,10,13,9,32,0,1,22,5,28,0,11,35,14,60,12,10,22,82
07/09/2010,LBE,PA,AEA,CE,Federal Contract Tower,0,11,7,2,20,0,0,16,2,18,0,11,23,4,38,36,0,36,74
07/10/2010,LBE,PA,AEA,CE,Federal Contract Tower,2,3,10,0,15,0,0,29,6,35,2,3,39,6,50,26,0,26,76
07/11/2010,LBE,PA,AEA,CE,Federal Contract Tower,0,10,15,0,25,0,0,55,0,55,0,10,70,0,80,74,0,74,154
07/12/2010,LBE,PA,AEA,CE,Federal Contract Tower,2,10,15,2,29,0,0,23,0,23,2,10,38,2,52,30,4,34,86
07/13/2010,LBE,PA,AEA,CE,Federal Contract Tower,0,14,9,0,23,0,0,25,0,25,0,14,34,0,48,24,0,24,72
07/14/2010,LBE,PA,AEA,CE,Federal Contract Tower,2,6,15,4,27,0,0,13,0,13,2,6,28,4,40,4,0,4,44
07/15/2010,LBE,PA,AEA,CE,Federal Contract Tower,0,21,5,1,27,0,11,42,3,56,0,32,47,4,83,24,10,34,117
07/16/2010,LBE,PA,AEA,CE,Federal Contract Tower,0,10,7,0,17,0,4,14,0,18,0,14,21,0,35,6,0,6,41
07/17/2010,LBE,PA,AEA,CE,Federal Contract Tower,0,5,11,0,16,0,0,13,0,13,0,5,24,0,29,26,0,26,55
07/18/2010,LBE,PA,AEA,CE,Federal Contract Tower,0,10,12,0,22,0,1,40,0,41,0,11,52,0,63,48,0,48,111
07/19/2010,LBE,PA,AEA,CE,Federal Contract Tower,0,11,8,0,19,0,0,15,2,17,0,11,23,2,36,34,6,40,76
07/20/2010,LBE,PA,AEA,CE,Federal Contract Tower,0,14,10,5,29,0,0,17,4,21,0,14,27,9,50,4,22,26,76
07/21/2010,LBE,PA,AEA,CE,Federal Contract Tower,0,16,33,0,49,0,0,6,4,10,0,16,39,4,59,0,0,0,59
07/22/2010,LBE,PA,AEA,CE,Federal Contract Tower,0,27,18,1,46,0,0,49,1,50,0,27,67,2,96,30,0,30,126
07/23/2010,LBE,PA,AEA,CE,Federal Contract Tower,0,21,13,5,39,0,4,18,0,22,0,25,31,5,61,10,0,10,71
07/24/2010,LBE,PA,AEA,CE,Federal Contract Tower,0,7,7,0,14,0,0,31,1,32,0,7,38,1,46,38,4,42,88
07/25/2010,LBE,PA,AEA,CE,Federal Contract Tower,0,5,19,1,25,0,4,19,0,23,0,9,38,1,48,18,0,18,66
07/26/2010,LBE,PA,AEA,CE,Federal Contract Tower,0,19,20,0,39,0,0,40,0,40,0,19,60,0,79,30,0,30,109
07/27/2010,LBE,PA,AEA,CE,Federal Contract Tower,0,16,16,0,32,0,1,61,3,65,0,17,77,3,97,24,0,24,121
07/28/2010,LBE,PA,AEA,CE,Federal Contract Tower,0,24,11,2,37,0,2,37,9,48,0,26,48,11,85,44,6,50,135
07/29/2010,LBE,PA,AEA,CE,Federal Contract Tower,0,14,17,1,32,0,0,34,14,48,0,14,51,15,80,22,28,50,130
07/30/2010,LBE,PA,AEA,CE,Federal Contract Tower,2,15,11,5,33,0,1,39,13,53,2,16,50,18,86,38,16,54,140
07/31/2010,LBE,PA,AEA,CE,Federal Contract Tower,0,6,6,0,12,0,0,48,0,48,0,6,54,0,60,32,0,32,92
08/01/2010,LBE,PA,AEA,CE,Federal Contract Tower,2,11,18,0,31,0,0,31,0,31,2,11,49,0,62,40,0,40,102
08/02/2010,LBE,PA,AEA,CE,Federal Contract Tower,0,5,13,0,18,0,0,33,2,35,0,5,46,2,53,54,0,54,107
08/03/2010,LBE,PA,AEA,CE,Federal Contract Tower,0,6,13,0,19,0,1,23,0,24,0,7,36,0,43,26,0,26,69
08/04/2010,LBE,PA,AEA,CE,Federal Contract Tower,0,5,32,6,43,0,2,17,2,21,0,7,49,8,64,8,0,8,72
08/05/2010,LBE,PA,AEA,CE,Federal Contract Tower,0,12,12,0,24,0,8,29,2,39,0,20,41,2,63,58,4,62,125
08/06/2010,LBE,PA,AEA,CE,Federal Contract Tower,0,22,24,0,46,0,0,29,0,29,0,22,53,0,75,48,0,48,123
08/07/2010,LBE,PA,AEA,CE,Federal Contract Tower,0,5,23,0,28,0,0,50,0,50,0,5,73,0,78,20,0,20,98
08/08/2010,LBE,PA,AEA,CE,Federal Contract Tower,2,13,12,0,27,0,0,58,1,59,2,13,70,1,86,90,0,90,176
08/09/2010,LBE,PA,AEA,CE,Federal Contract Tower,0,4,10,0,14,0,0,43,0,43,0,4,53,0,57,36,0,36,93
08/10/2010,LBE,PA,AEA,CE,Federal Contract Tower,2,13,18,4,37,0,0,47,2,49,2,13,65,6,86,32,0,32,118
08/11/2010,LBE,PA,AEA,CE,Federal Contract Tower,1,11,14,3,29,0,0,56,3,59,1,11,70,6,88,36,16,52,140
08/12/2010,LBE,PA,AEA,CE,Federal Contract Tower,0,17,14,0,31,0,0,25,10,35,0,17,39,10,66,0,0,0,66
08/13/2010,LBE,PA,AEA,CE,Federal Contract Tower,0,14,18,2,34,0,0,58,0,58,0,14,76,2,92,28,0,28,120
08/14/2010,LBE,PA,AEA,CE,Federal Contract Tower,0,6,10,2,18,0,0,41,0,41,0,6,51,2,59,0,0,0,59
08/15/2010,LBE,PA,AEA,CE,Federal Contract Tower,1,19,7,0,27,0,0,24,0,24,1,19,31,0,51,36,0,36,87
08/16/2010,LBE,PA,AEA,CE,Federal Contract Tower,0,12,16,0,28,0,0,26,2,28,0,12,42,2,56,0,0,0,56
08/17/2010,LBE,PA,AEA,CE,Federal Contract Tower,0,8,18,0,26,0,0,52,0,52,0,8,70,0,78,20,0,20,98
08/18/2010,LBE,PA,AEA,CE,Federal Contract Tower,0,11,20,0,31,0,0,37,4,41,0,11,57,4,72,48,10,58,130
08/19/2010,LBE,PA,AEA,CE,Federal Contract Tower,0,14,18,0,32,0,0,46,0,46,0,14,64,0,78,42,0,42,120
08/20/2010,LBE,PA,AEA,CE,Federal Contract Tower,2,15,15,2,34,0,1,43,0,44,2,16,58,2,78,66,0,66,144
08/21/2010,LBE,PA,AEA,CE,Federal Contract Tower,1,9,3,0,13,0,0,40,0,40,1,9,43,0,53,50,0,50,103
08/22/2010,LBE,PA,AEA,CE,Federal Contract Tower,1,8,14,0,23,0,0,11,0,11,1,8,25,0,34,0,0,0,34
08/23/2010,LBE,PA,AEA,CE,Federal Contract Tower,0,8,8,0,16,0,0,12,0,12,0,8,20,0,28,28,0,28,56
08/24/2010,LBE,PA,AEA,CE,Federal Contract Tower,0,10,15,4,29,0,2,29,0,31,0,12,44,4,60,42,4,46,106
08/25/2010,LBE,PA,AEA,CE,Federal Contract Tower,0,7,9,4,20,0,0,40,0,40,0,7,49,4,60,22,10,32,92
08/26/2010,LBE,PA,AEA,CE,Federal Contract Tower,0,15,24,0,39,0,4,41,4,49,0,19,65,4,88,42,0,42,130
08/27/2010,LBE,PA,AEA,CE,Federal Contract Tower,0,10,16,0,26,0,2,53,0,55,0,12,69,0,81,46,0,46,127
08/28/2010,LBE,PA,AEA,CE,Federal Contract Tower,0,6,2,0,8,0,0,46,0,46,0,6,48,0,54,12,0,12,66
08/29/2010,LBE,PA,AEA,CE,Federal Contract Tower,0,7,14,0,21,0,0,77,2,79,0,7,91,2,100,4,0,4,104
08/30/2010,LBE,PA,AEA,CE,Federal Contract Tower,0,11,6,0,17,0,0,51,0,51,0,11,57,0,68,38,0,38,106
08/31/2010,LBE,PA,AEA,CE,Federal Contract Tower,0,25,15,4,44,0,0,53,4,57,0,25,68,8,101,20,12,32,133
09/01/2010,LBE,PA,AEA,CE,Federal Contract Tower,0,12,11,0,23,0,0,43,4,47,0,12,54,4,70,64,0,64,134
09/02/2010,LBE,PA,AEA,CE,Federal Contract Tower,0,21,8,2,31,0,3,39,5,47,0,24,47,7,78,36,6,42,120
09/03/2010,LBE,PA,AEA,CE,Federal Contract Tower,0,8,10,0,18,0,0,17,0,17,0,8,27,0,35,20,0,20,55
09/04/2010,LBE,PA,AEA,CE,Federal Contract Tower,0,3,14,0,17,0,0,20,0,20,0,3,34,0,37,4,0,4,41
09/05/2010,LBE,PA,AEA,CE,Federal Contract Tower,1,4,8,0,13,0,0,38,0,38,1,4,46,0,51,46,0,46,97
09/06/2010,LBE,PA,AEA,CE,Federal Contract Tower,0,3,15,0,18,0,0,44,0,44,0,3,59,0,62,72,0,72,134
09/07/2010,LBE,PA,AEA,CE,Federal Contract Tower,0,16,9,2,27,0,0,27,0,27,0,16,36,2,54,24,14,38,92
09/08/2010,LBE,PA,AEA,CE,Federal Contract Tower,0,13,7,4,24,0,0,13,0,13,0,13,20,4,37,6,0,6,43
09/09/2010,LBE,PA,AEA,CE,Federal Contract Tower,1,13,22,0,36,0,1,36,4,41,1,14,58,4,77,6,4,10,87
09/10/2010,LBE,PA,AEA,CE,Federal Contract Tower,0,22,22,2,46,0,5,42,0,47,0,27,64,2,93,36,0,36,129
09/11/2010,LBE,PA,AEA,CE,Federal Contract Tower,0,3,15,0,18,0,3,29,4,36,0,6,44,4,54,14,6,20,74
09/12/2010,LBE,PA,AEA,CE,Federal Contract Tower,2,10,14,0,26,0,3,22,0,25,2,13,36,0,51,22,0,22,73
09/13/2010,LBE,PA,AEA,CE,Federal Contract Tower,0,12,15,0,27,0,0,23,0,23,0,12,38,0,50,30,0,30,80
09/14/2010,LBE,PA,AEA,CE,Federal Contract Tower,2,8,18,0,28,0,0,28,0,28,2,8,46,0,56,26,0,26,82
09/15/2010,LBE,PA,AEA,CE,Federal Contract Tower,0,14,16,2,32,0,2,32,0,34,0,16,48,2,66,46,0,46,112
09/16/2010,LBE,PA,AEA,CE,Federal Contract Tower,0,16,9,0,25,0,0,11,0,11,0,16,20,0,36,0,0,0,36
09/17/2010,LBE,PA,AEA,CE,Federal Contract Tower,2,14,22,0,38,0,0,34,0,34,2,14,56,0,72,0,0,0,72
09/18/2010,LBE,PA,AEA,CE,Federal Contract Tower,0,1,17,0,18,0,0,86,0,86,0,1,103,0,104,60,0,60,164
09/19/2010,LBE,PA,AEA,CE,Federal Contract Tower,2,17,15,0,34,0,0,78,0,78,2,17,93,0,112,30,0,30,142
09/20/2010,LBE,PA,AEA,CE,Federal Contract Tower,0,15,10,0,25,0,0,41,0,41,0,15,51,0,66,76,0,76,142
09/21/2010,LBE,PA,AEA,CE,Federal Contract Tower,0,7,17,1,25,0,6,57,4,67,0,13,74,5,92,82,6,88,180
09/22/2010,LBE,PA,AEA,CE,Federal Contract Tower,0,12,15,0,27,0,0,27,0,27,0,12,42,0,54,8,0,8,62
09/23/2010,LBE,PA,AEA,CE,Federal Contract Tower,0,12,13,2,27,0,0,39,0,39,0,12,52,2,66,42,0,42,108
09/24/2010,LBE,PA,AEA,CE,Federal Contract Tower,0,13,14,0,27,0,0,45,0,45,0,13,59,0,72,22,0,22,94
09/25/2010,LBE,PA,AEA,CE,Federal Contract Tower,0,2,5,0,7,0,0,48,0,48,0,2,53,0,55,44,0,44,99
09/26/2010,LBE,PA,AEA,CE,Federal Contract Tower,0,13,12,0,25,0,0,87,0,87,0,13,99,0,112,32,0,32,144
09/27/2010,LBE,PA,AEA,CE,Federal Contract Tower,0,8,8,0,16,0,0,0,0,0,0,8,8,0,16,0,0,0,16
09/28/2010,LBE,PA,AEA,CE,Federal Contract Tower,0,15,10,2,27,0,1,5,3,9,0,16,15,5,36,0,0,0,36
09/29/2010,LBE,PA,AEA,CE,Federal Contract Tower,0,8,18,8,34,0,2,36,5,43,0,10,54,13,77,30,16,46,123
09/30/2010,LBE,PA,AEA,CE,Federal Contract Tower,0,17,8,0,25,0,0,1,0,1,0,17,9,0,26,0,0,0,26
10/01/2010,LBE,PA,AEA,CE,Federal Contract Tower,0,10,15,0,25,0,0,21,0,21,0,10,36,0,46,70,0,70,116
10/02/2010,LBE,PA,AEA,CE,Federal Contract Tower,0,8,5,0,13,0,0,51,0,51,0,8,56,0,64,42,0,42,106
10/03/2010,LBE,PA,AEA,CE,Federal Contract Tower,0,11,10,0,21,0,0,1,0,1,0,11,11,0,22,0,0,0,22
10/04/2010,LBE,PA,AEA,CE,Federal Contract Tower,0,18,15,1,34,0,0,8,1,9,0,18,23,2,43,0,0,0,43
10/05/2010,LBE,PA,AEA,CE,Federal Contract Tower,0,14,22,4,40,0,0,4,0,4,0,14,26,4,44,0,0,0,44
10/06/2010,LBE,PA,AEA,CE,Federal Contract Tower,0,17,22,2,41,0,0,0,0,0,0,17,22,2,41,0,0,0,41
10/07/2010,LBE,PA,AEA,CE,Federal Contract Tower,0,21,20,0,41,0,0,32,1,33,0,21,52,1,74,18,14,32,106
10/08/2010,LBE,PA,AEA,CE,Federal Contract Tower,2,12,13,0,27,0,0,40,0,40,2,12,53,0,67,34,0,34,101
10/09/2010,LBE,PA,AEA,CE,Federal Contract Tower,0,7,10,0,17,0,0,41,0,41,0,7,51,0,58,38,0,38,96
10/10/2010,LBE,PA,AEA,CE,Federal Contract Tower,0,12,10,0,22,0,0,64,0,64,0,12,74,0,86,30,0,30,116
10/11/2010,LBE,PA,AEA,CE,Federal Contract Tower,4,14,6,0,24,0,6,12,0,18,4,20,18,0,42,0,0,0,42
10/12/2010,LBE,PA,AEA,CE,Federal Contract Tower,0,13,9,0,22,0,1,36,4,41,0,14,45,4,63,36,12,48,111
10/13/2010,LBE,PA,AEA,CE,Federal Contract Tower,2,23,12,2,39,0,0,62,0,62,2,23,74,2,101,42,0,42,143
10/14/2010,LBE,PA,AEA,CE,Federal Contract Tower,0,14,10,0,24,0,2,9,0,11,0,16,19,0,35,4,0,4,39
10/15/2010,LBE,PA,AEA,CE,Federal Contract Tower,0,11,13,2,26,0,1,21,0,22,0,12,34,2,48,8,0,8,56
10/16/2010,LBE,PA,AEA,CE,Federal Contract Tower,0,7,11,0,18,0,0,39,6,45,0,7,50,6,63,24,6,30,93
10/17/2010,LBE,PA,AEA,CE,Federal Contract Tower,0,12,13,0,25,0,2,40,2,44,0,14,53,2,69,50,0,50,119
10/18/2010,LBE,PA,AEA,CE,Federal Contract Tower,0,15,6,3,24,0,0,26,4,30,0,15,32,7,54,4,12,16,70
10/19/2010,LBE,PA,AEA,CE,Federal Contract Tower,0,15,12,0,27,0,0,15,2,17,0,15,27,2,44,30,10,40,84
10/20/2010,LBE,PA,AEA,CE,Federal Contract Tower,0,10,8,0,18,0,1,29,14,44,0,11,37,14,62,38,0,38,100
10/21/2010,LBE,PA,AEA,CE,Federal Contract Tower,0,22,6,0,28,0,2,19,6,27,0,24,25,6,55,20,2,22,77
10/22/2010,LBE,PA,AEA,CE,Federal Contract Tower,0,20,15,38,73,0,0,28,7,35,0,20,43,45,108,20,22,42,150
10/23/2010,LBE,PA,AEA,CE,Federal Contract Tower,1,5,9,0,15,0,0,42,0,42,1,5,51,0,57,26,0,26,83
10/24/2010,LBE,PA,AEA,CE,Federal Contract Tower,0,11,15,0,26,0,0,51,0,51,0,11,66,0,77,50,0,50,127
10/25/2010,LBE,PA,AEA,CE,Federal Contract Tower,0,14,13,2,29,0,0,2,0,2,0,14,15,2,31,0,0,0,31
10/26/2010,LBE,PA,AEA,CE,Federal Contract Tower,1,12,8,1,22,0,2,27,3,32,1,14,35,4,54,26,14,40,94
10/27/2010,LBE,PA,AEA,CE,Federal Contract Tower,0,21,11,3,35,0,1,60,4,65,0,22,71,7,100,12,6,18,118
10/28/2010,LBE,PA,AEA,CE,Federal Contract Tower,0,16,10,0,26,0,0,23,4,27,0,16,33,4,53,8,0,8,61
10/29/2010,LBE,PA,AEA,CE,Federal Contract Tower,0,9,17,3,29,0,2,11,2,15,0,11,28,5,44,8,6,14,58
10/30/2010,LBE,PA,AEA,CE,Federal Contract Tower,2,4,5,0,11,0,0,29,0,29,2,4,34,0,40,26,0,26,66
10/31/2010,LBE,PA,AEA,CE,Federal Contract Tower,1,6,7,0,14,0,2,34,2,38,1,8,41,2,52,42,0,42,94
11/01/2010,LBE,PA,AEA,CE,Federal Contract Tower,0,15,3,0,18,0,0,44,0,44,0,15,47,0,62,26,0,26,88
11/02/2010,LBE,PA,AEA,CE,Federal Contract Tower,0,13,5,0,18,0,0,44,4,48,0,13,49,4,66,28,0,28,94
11/03/2010,LBE,PA,AEA,CE,Federal Contract Tower,0,13,6,6,25,0,0,39,2,41,0,13,45,8,66,32,4,36,102
11/04/2010,LBE,PA,AEA,CE,Federal Contract Tower,0,20,9,0,29,0,0,3,0,3,0,20,12,0,32,0,0,0,32
11/05/2010,LBE,PA,AEA,CE,Federal Contract Tower,2,6,6,2,16,0,0,2,0,2,2,6,8,2,18,0,0,0,18
11/06/2010,LBE,PA,AEA,CE,Federal Contract Tower,0,4,5,0,9,0,0,11,0,11,0,4,16,0,20,66,0,66,86
11/07/2010,LBE,PA,AEA,CE,Federal Contract Tower,0,14,9,0,23,0,5,81,0,86,0,19,90,0,109,60,0,60,169
11/08/2010,LBE,PA,AEA,CE,Federal Contract Tower,2,9,6,1,18,0,0,30,2,32,2,9,36,3,50,68,0,68,118
11/09/2010,LBE,PA,AEA,CE,Federal Contract Tower,0,7,13,3,23,0,0,49,6,55,0,7,62,9,78,28,8,36,114
11/10/2010,LBE,PA,AEA,CE,Federal Contract Tower,2,12,4,2,20,0,0,40,2,42,2,12,44,4,62,40,2,42,104
11/11/2010,LBE,PA,AEA,CE,Federal Contract Tower,0,8,6,0,14,0,2,72,0,74,0,10,78,0,88,42,0,42,130
11/12/2010,LBE,PA,AEA,CE,Federal Contract Tower,0,12,18,0,30,0,2,46,0,48,0,14,64,0,78,28,0,28,106
11/13/2010,LBE,PA,AEA,CE,Federal Contract Tower,0,10,11,0,21,0,0,84,2,86,0,10,95,2,107,94,8,102,209
11/14/2010,LBE,PA,AEA,CE,Federal Contract Tower,0,13,11,0,24,0,0,18,0,18,0,13,29,0,42,44,0,44,86
11/15/2010,LBE,PA,AEA,CE,Federal Contract Tower,0,9,2,3,14,0,0,38,1,39,0,9,40,4,53,32,0,32,85
11/16/2010,LBE,PA,AEA,CE,Federal Contract Tower,2,12,10,0,24,0,0,11,0,11,2,12,21,0,35,2,0,2,37
11/17/2010,LBE,PA,AEA,CE,Federal Contract Tower,0,8,9,2,19,0,0,0,0,0,0,8,9,2,19,0,0,0,19
11/18/2010,LBE,PA,AEA,CE,Federal Contract Tower,0,7,8,3,18,0,2,9,3,14,0,9,17,6,32,26,0,26,58
11/19/2010,LBE,PA,AEA,CE,Federal Contract Tower,2,12,10,1,25,0,0,59,3,62,2,12,69,4,87,40,6,46,133
11/20/2010,LBE,PA,AEA,CE,Federal Contract Tower,0,2,15,0,17,0,2,15,0,17,0,4,30,0,34,26,0,26,60
11/21/2010,LBE,PA,AEA,CE,Federal Contract Tower,2,14,21,3,40,0,0,49,0,49,2,14,70,3,89,48,0,48,137
11/22/2010,LBE,PA,AEA,CE,Federal Contract Tower,2,4,13,4,23,0,1,34,2,37,2,5,47,6,60,28,4,32,92
11/23/2010,LBE,PA,AEA,CE,Federal Contract Tower,2,19,21,3,45,0,1,15,5,21,2,20,36,8,66,10,12,22,88
11/24/2010,LBE,PA,AEA,CE,Federal Contract Tower,0,16,18,0,34,0,0,36,0,36,0,16,54,0,70,32,0,32,102
11/25/2010,LBE,PA,AEA,CE,Federal Contract Tower,0,1,0,0,1,0,2,0,0,2,0,3,0,0,3,0,0,0,3
11/26/2010,LBE,PA,AEA,CE,Federal Contract Tower,1,6,1,0,8,0,0,9,0,9,1,6,10,0,17,8,0,8,25
11/27/2010,LBE,PA,AEA,CE,Federal Contract Tower,0,10,9,0,19,0,0,5,0,5,0,10,14,0,24,6,0,6,30
11/28/2010,LBE,PA,AEA,CE,Federal Contract Tower,0,15,13,0,28,0,0,51,0,51,0,15,64,0,79,62,0,62,141
11/29/2010,LBE,PA,AEA,CE,Federal Contract Tower,0,15,12,0,27,0,4,45,0,49,0,19,57,0,76,32,0,32,108
11/30/2010,LBE,PA,AEA,CE,Federal Contract Tower,0,6,0,0,6,0,0,0,0,0,0,6,0,0,6,0,0,0,6
12/01/2010,LBE,PA,AEA,CE,Federal Contract Tower,0,8,9,0,17,0,5,0,0,5,0,13,9,0,22,0,0,0,22
12/02/2010,LBE,PA,AEA,CE,Federal Contract Tower,2,13,11,0,26,0,0,2,0,2,2,13,13,0,28,2,0,2,30
12/03/2010,LBE,PA,AEA,CE,Federal Contract Tower,0,14,3,0,17,0,0,7,0,7,0,14,10,0,24,0,0,0,24
12/04/2010,LBE,PA,AEA,CE,Federal Contract Tower,2,6,5,0,13,0,0,24,0,24,2,6,29,0,37,24,0,24,61
12/05/2010,LBE,PA,AEA,CE,Federal Contract Tower,0,2,7,0,9,0,0,7,0,7,0,2,14,0,16,12,0,12,28
12/06/2010,LBE,PA,AEA,CE,Federal Contract Tower,0,13,7,4,24,0,0,2,0,2,0,13,9,4,26,0,0,0,26
12/07/2010,LBE,PA,AEA,CE,Federal Contract Tower,0,9,4,0,13,0,0,0,0,0,0,9,4,0,13,0,0,0,13
12/08/2010,LBE,PA,AEA,CE,Federal Contract Tower,0,13,10,2,25,0,0,5,0,5,0,13,15,2,30,4,0,4,34
12/09/2010,LBE,PA,AEA,CE,Federal Contract Tower,0,20,20,0,40,0,0,26,0,26,0,20,46,0,66,68,0,68,134
12/10/2010,LBE,PA,AEA,CE,Federal Contract Tower,0,13,11,0,24,0,0,12,0,12,0,13,23,0,36,28,2,30,66
12/11/2010,LBE,PA,AEA,CE,Federal Contract Tower,1,3,11,0,15,0,0,30,0,30,1,3,41,0,45,68,2,70,115
12/12/2010,LBE,PA,AEA,CE,Federal Contract Tower,0,8,0,0,8,0,0,2,0,2,0,8,2,0,10,18,0,18,28
12/13/2010,LBE,PA,AEA,CE,Federal Contract Tower,0,6,3,0,9,0,0,0,0,0,0,6,3,0,9,0,0,0,9
12/14/2010,LBE,PA,AEA,CE,Federal Contract Tower,0,12,6,0,18,0,0,0,0,0,0,12,6,0,18,0,0,0,18
12/15/2010,LBE,PA,AEA,CE,Federal Contract Tower,0,15,13,0,28,0,0,16,0,16,0,15,29,0,44,28,0,28,72
12/16/2010,LBE,PA,AEA,CE,Federal Contract Tower,0,13,8,0,21,0,2,35,0,37,0,15,43,0,58,76,4,80,138
12/17/2010,LBE,PA,AEA,CE,Federal Contract Tower,2,12,8,3,25,0,6,15,2,23,2,18,23,5,48,46,6,52,100
12/18/2010,LBE,PA,AEA,CE,Federal Contract Tower,0,6,7,1,14,0,1,16,0,17,0,7,23,1,31,16,0,16,47
12/19/2010,LBE,PA,AEA,CE,Federal Contract Tower,1,4,5,0,10,0,0,9,0,9,1,4,14,0,19,0,0,0,19
12/20/2010,LBE,PA,AEA,CE,Federal Contract Tower,0,10,3,4,17,0,0,6,2,8,0,10,9,6,25,0,16,16,41
12/21/2010,LBE,PA,AEA,CE,Federal Contract Tower,0,2,7,2,11,0,0,27,0,27,0,2,34,2,38,42,0,42,80
12/22/2010,LBE,PA,AEA,CE,Federal Contract Tower,0,10,10,0,20,0,0,32,0,32,0,10,42,0,52,14,0,14,66
12/23/2010,LBE,PA,AEA,CE,Federal Contract Tower,0,9,9,0,18,0,0,5,0,5,0,9,14,0,23,0,0,0,23
12/24/2010,LBE,PA,AEA,CE,Federal Contract Tower,0,0,2,0,2,0,0,0,0,0,0,0,2,0,2,0,0,0,2
12/25/2010,LBE,PA,AEA,CE,Federal Contract Tower,0,7,1,0,8,0,0,0,0,0,0,7,1,0,8,0,0,0,8
12/26/2010,LBE,PA,AEA,CE,Federal Contract Tower,0,13,4,0,17,0,0,0,0,0,0,13,4,0,17,0,0,0,17
12/27/2010,LBE,PA,AEA,CE,Federal Contract Tower,0,14,6,0,20,0,0,2,0,2,0,14,8,0,22,8,0,8,30
12/28/2010,LBE,PA,AEA,CE,Federal Contract Tower,0,17,10,0,27,0,0,23,0,23,0,17,33,0,50,12,0,12,62
12/29/2010,LBE,PA,AEA,CE,Federal Contract Tower,0,22,11,0,33,0,0,41,2,43,0,22,52,2,76,14,4,18,94
12/30/2010,LBE,PA,AEA,CE,Federal Contract Tower,0,8,5,0,13,0,0,9,0,9,0,8,14,0,22,28,0,28,50
12/31/2010,LBE,PA,AEA,CE,Federal Contract Tower,0,11,4,0,15,0,7,32,0,39,0,18,36,0,54,46,0,46,100
01/01/2011,LBE,PA,AEA,CE,Federal Contract Tower,0,4,2,0,6,0,0,1,0,1,0,4,3,0,7,0,0,0,7
01/02/2011,LBE,PA,AEA,CE,Federal Contract Tower,0,18,8,0,26,0,0,34,0,34,0,18,42,0,60,30,0,30,90
01/03/2011,LBE,PA,AEA,CE,Federal Contract Tower,1,4,8,1,14,0,0,22,4,26,1,4,30,5,40,42,6,48,88
01/04/2011,LBE,PA,AEA,CE,Federal Contract Tower,0,8,2,0,10,0,0,20,4,24,0,8,22,4,34,14,6,20,54
01/05/2011,LBE,PA,AEA,CE,Federal Contract Tower,0,5,17,0,22,0,0,34,2,36,0,5,51,2,58,48,6,54,112
01/06/2011,LBE,PA,AEA,CE,Federal Contract Tower,0,17,6,2,25,0,0,10,0,10,0,17,16,2,35,10,0,10,45
01/07/2011,LBE,PA,AEA,CE,Federal Contract Tower,0,10,3,0,13,0,0,15,0,15,0,10,18,0,28,8,0,8,36
01/08/2011,LBE,PA,AEA,CE,Federal Contract Tower,0,6,0,2,8,0,0,0,0,0,0,6,0,2,8,0,0,0,8
01/09/2011,LBE,PA,AEA,CE,Federal Contract Tower,0,14,3,0,17,0,0,3,0,3,0,14,6,0,20,0,0,0,20
01/10/2011,LBE,PA,AEA,CE,Federal Contract Tower,0,8,8,0,16,0,0,10,0,10,0,8,18,0,26,20,0,20,46
01/11/2011,LBE,PA,AEA,CE,Federal Contract Tower,0,15,2,0,17,0,0,2,0,2,0,15,4,0,19,0,0,0,19
01/12/2011,LBE,PA,AEA,CE,Federal Contract Tower,0,20,0,0,20,0,0,0,0,0,0,20,0,0,20,0,0,0,20
01/13/2011,LBE,PA,AEA,CE,Federal Contract Tower,0,11,3,0,14,0,0,2,0,2,0,11,5,0,16,0,0,0,16
01/14/2011,LBE,PA,AEA,CE,Federal Contract Tower,0,18,9,6,33,0,0,5,0,5,0,18,14,6,38,8,0,8,46
01/15/2011,LBE,PA,AEA,CE,Federal Contract Tower,0,3,6,0,9,0,3,0,0,3,0,6,6,0,12,0,0,0,12
01/16/2011,LBE,PA,AEA,CE,Federal Contract Tower,0,4,4,0,8,0,0,32,0,32,0,4,36,0,40,24,0,24,64
01/17/2011,LBE,PA,AEA,CE,Federal Contract Tower,0,13,7,0,20,0,0,28,0,28,0,13,35,0,48,42,0,42,90
01/18/2011,LBE,PA,AEA,CE,Federal Contract Tower,1,5,4,0,10,0,0,16,0,16,1,5,20,0,26,14,0,14,40
01/19/2011,LBE,PA,AEA,CE,Federal Contract Tower,0,20,8,2,30,0,0,1,0,1,0,20,9,2,31,0,0,0,31
01/20/2011,LBE,PA,AEA,CE,Federal Contract Tower,0,7,2,2,11,0,1,2,0,3,0,8,4,2,14,0,0,0,14
01/21/2011,LBE,PA,AEA,CE,Federal Contract Tower,2,6,3,0,11,0,0,4,0,4,2,6,7,0,15,0,0,0,15
01/22/2011,LBE,PA,AEA,CE,Federal Contract Tower,0,3,9,0,12,0,0,30,0,30,0,3,39,0,42,58,0,58,100
01/23/2011,LBE,PA,AEA,CE,Federal Contract Tower,0,8,2,0,10,0,0,5,0,5,0,8,7,0,15,2,0,2,17
01/24/2011,LBE,PA,AEA,CE,Federal Contract Tower,1,17,5,4,27,0,2,11,0,13,1,19,16,4,40,24,0,24,64
01/25/2011,LBE,PA,AEA,CE,Federal Contract Tower,0,13,3,0,16,0,3,3,2,8,0,16,6,2,24,0,0,0,24
01/26/2011,LBE,PA,AEA,CE,Federal Contract Tower,1,10,2,0,13,0,0,2,0,2,1,10,4,0,15,14,0,14,29
01/27/2011,LBE,PA,AEA,CE,Federal Contract Tower,0,3,5,0,8,0,0,0,0,0,0,3,5,0,8,0,0,0,8
01/28/2011,LBE,PA,AEA,CE,Federal Contract Tower,0,8,7,3,18,0,0,1,0,1,0,8,8,3,19,0,0,0,19
01/29/2011,LBE,PA,AEA,CE,Federal Contract Tower,0,10,6,0,16,0,0,7,0,7,0,10,13,0,23,10,0,10,33
01/30/2011,LBE,PA,AEA,CE,Federal Contract Tower,2,9,4,0,15,0,2,12,0,14,2,11,16,0,29,30,0,30,59
01/31/2011,LBE,PA,AEA,CE,Federal Contract Tower,0,10,5,0,15,0,0,21,0,21,0,10,26,0,36,16,0,16,52
02/01/2011,LBE,PA,AEA,CE,Federal Contract Tower,0,1,3,0,4,0,0,0,0,0,0,1,3,0,4,0,0,0,4
02/02/2011,LBE,PA,AEA,CE,Federal Contract Tower,1,6,1,0,8,0,2,0,0,2,1,8,1,0,10,0,0,0,10
02/03/2011,LBE,PA,AEA,CE,Federal Contract Tower,1,6,4,6,17,0,0,29,10,39,1,6,33,16,56,68,20,88,144
02/04/2011,LBE,PA,AEA,CE,Federal Contract Tower,0,7,2,4,13,0,0,35,5,40,0,7,37,9,53,50,6,56,109
02/05/2011,LBE,PA,AEA,CE,Federal Contract Tower,1,9,2,0,12,0,0,9,0,9,1,9,11,0,21,14,0,14,35
02/06/2011,LBE,PA,AEA,CE,Federal Contract Tower,0,4,3,0,7,0,0,7,0,7,0,4,10,0,14,12,0,12,26
02/07/2011,LBE,PA,AEA,CE,Federal Contract Tower,0,14,2,10,26,0,0,2,0,2,0,14,4,10,28,0,10,10,38
02/08/2011,LBE,PA,AEA,CE,Federal Contract Tower,0,12,6,2,20,0,0,3,0,3,0,12,9,2,23,0,0,0,23
02/09/2011,LBE,PA,AEA,CE,Federal Contract Tower,0,9,6,6,21,0,2,41,6,49,0,11,47,12,70,40,6,46,116
02/10/2011,LBE,PA,AEA,CE,Federal Contract Tower,0,10,3,0,13,0,0,22,10,32,0,10,25,10,45,44,6,50,95
02/11/2011,LBE,PA,AEA,CE,Federal Contract Tower,0,8,8,0,16,0,0,23,8,31,0,8,31,8,47,24,16,40,87
02/12/2011,LBE,PA,AEA,CE,Federal Contract Tower,2,0,3,0,5,0,4,3,0,7,2,4,6,0,12,0,0,0,12
02/13/2011,LBE,PA,AEA,CE,Federal Contract Tower,0,1,2,0,3,0,0,11,0,11,0,1,13,0,14,0,0,0,14
02/14/2011,LBE,PA,AEA,CE,Federal Contract Tower,0,13,5,0,18,0,0,5,0,5,0,13,10,0,23,0,0,0,23
02/15/2011,LBE,PA,AEA,CE,Federal Contract Tower,1,7,2,4,14,0,0,50,8,58,1,7,52,12,72,28,14,42,114
02/16/2011,LBE,PA,AEA,CE,Federal Contract Tower,2,9,9,1,21,0,5,31,3,39,2,14,40,4,60,54,12,66,126
02/17/2011,LBE,PA,AEA,CE,Federal Contract Tower,0,13,7,0,20,0,0,33,4,37,0,13,40,4,57,38,0,38,95
02/18/2011,LBE,PA,AEA,CE,Federal Contract Tower,4,9,7,0,20,0,1,13,0,14,4,10,20,0,34,12,0,12,46
02/19/2011,LBE,PA,AEA,CE,Federal Contract Tower,2,0,1,0,3,0,0,6,0,6,2,0,7,0,9,0,0,0,9
02/20/2011,LBE,PA,AEA,CE,Federal Contract Tower,0,4,8,0,12,0,1,45,0,46,0,5,53,0,58,32,0,32,90
02/21/2011,LBE,PA,AEA,CE,Federal Contract Tower,4,8,8,0,20,0,0,0,0,0,4,8,8,0,20,0,0,0,20
02/22/2011,LBE,PA,AEA,CE,Federal Contract Tower,2,15,11,7,35,0,0,23,2,25,2,15,34,9,60,24,6,30,90
02/23/2011,LBE,PA,AEA,CE,Federal Contract Tower,2,15,10,5,32,0,1,32,1,34,2,16,42,6,66,60,4,64,130
02/24/2011,LBE,PA,AEA,CE,Federal Contract Tower,0,9,10,0,19,0,2,15,2,19,0,11,25,2,38,0,0,0,38
02/25/2011,LBE,PA,AEA,CE,Federal Contract Tower,2,17,7,0,26,0,2,0,0,2,2,19,7,0,28,0,0,0,28
02/26/2011,LBE,PA,AEA,CE,Federal Contract Tower,2,8,7,0,17,0,0,57,1,58,2,8,64,1,75,70,0,70,145
02/27/2011,LBE,PA,AEA,CE,Federal Contract Tower,0,9,6,0,15,0,0,23,0,23,0,9,29,0,38,32,0,32,70
02/28/2011,LBE,PA,AEA,CE,Federal Contract Tower,2,8,9,0,19,0,0,3,0,3,2,8,12,0,22,0,0,0,22
03/01/2011,LBE,PA,AEA,CE,Federal Contract Tower,0,5,10,3,18,0,0,54,6,60,0,5,64,9,78,74,4,78,156
03/02/2011,LBE,PA,AEA,CE,Federal Contract Tower,2,7,16,6,31,0,3,36,2,41,2,10,52,8,72,34,4,38,110
03/03/2011,LBE,PA,AEA,CE,Federal Contract Tower,0,12,9,2,23,0,0,39,0,39,0,12,48,2,62,20,0,20,82
03/04/2011,LBE,PA,AEA,CE,Federal Contract Tower,4,11,8,0,23,0,0,29,0,29,4,11,37,0,52,24,0,24,76
03/05/2011,LBE,PA,AEA,CE,Federal Contract Tower,2,5,2,0,9,0,0,0,2,2,2,5,2,2,11,0,4,4,15
03/06/2011,LBE,PA,AEA,CE,Federal Contract Tower,1,11,1,0,13,0,0,0,0,0,1,11,1,0,13,0,0,0,13
03/07/2011,LBE,PA,AEA,CE,Federal Contract Tower,3,7,5,2,17,0,0,13,0,13,3,7,18,2,30,6,0,6,36
03/08/2011,LBE,PA,AEA,CE,Federal Contract Tower,0,2,4,0,6,0,0,28,2,30,0,2,32,2,36,0,0,0,36
03/09/2011,LBE,PA,AEA,CE,Federal Contract Tower,4,6,2,2,14,0,0,1,0,1,4,6,3,2,15,0,0,0,15
03/10/2011,LBE,PA,AEA,CE,Federal Contract Tower,0,13,0,0,13,0,0,0,0,0,0,13,0,0,13,0,0,0,13
03/11/2011,LBE,PA,AEA,CE,Federal Contract Tower,2,11,5,0,18,0,0,0,0,0,2,11,5,0,18,0,0,0,18
03/12/2011,LBE,PA,AEA,CE,Federal Contract Tower,2,5,3,0,10,0,0,18,2,20,2,5,21,2,30,28,0,28,58
03/13/2011,LBE,PA,AEA,CE,Federal Contract Tower,0,12,3,2,17,0,0,19,0,19,0,12,22,2,36,22,0,22,58
03/14/2011,LBE,PA,AEA,CE,Federal Contract Tower,5,7,8,2,22,0,0,32,0,32,5,7,40,2,54,24,0,24,78
03/15/2011,LBE,PA,AEA,CE,Federal Contract Tower,0,7,16,0,23,0,0,16,4,20,0,7,32,4,43,12,10,22,65
03/16/2011,LBE,PA,AEA,CE,Federal Contract Tower,4,6,11,0,21,0,2,5,0,7,4,8,16,0,28,0,0,0,28
03/17/2011,LBE,PA,AEA,CE,Federal Contract Tower,0,8,8,1,17,0,2,67,1,70,0,10,75,2,87,28,12,40,127
03/18/2011,LBE,PA,AEA,CE,Federal Contract Tower,2,18,6,2,28,0,0,33,0,33,2,18,39,2,61,6,0,6,67
03/19/2011,LBE,PA,AEA,CE,Federal Contract Tower,2,3,3,2,10,0,0,72,0,72,2,3,75,2,82,46,0,46,128
03/20/2011,LBE,PA,AEA,CE,Federal Contract Tower,0,7,8,1,16,0,1,52,10,63,0,8,60,11,79,60,0,60,139
03/21/2011,LBE,PA,AEA,CE,Federal Contract Tower,2,5,1,0,8,0,0,8,0,8,2,5,9,0,16,0,0,0,16
03/22/2011,LBE,PA,AEA,CE,Federal Contract Tower,0,10,3,1,14,0,0,33,2,35,0,10,36,3,49,22,0,22,71
03/23/2011,LBE,PA,AEA,CE,Federal Contract Tower,2,9,8,0,19,0,0,0,0,0,2,9,8,0,19,0,0,0,19
03/24/2011,LBE,PA,AEA,CE,Federal Contract Tower,0,12,8,0,20,0,0,12,0,12,0,12,20,0,32,0,0,0,32
03/25/2011,LBE,PA,AEA,CE,Federal Contract Tower,2,6,11,0,19,0,4,44,6,54,2,10,55,6,73,42,12,54,127
03/26/2011,LBE,PA,AEA,CE,Federal Contract Tower,4,6,3,0,13,0,0,47,0,47,4,6,50,0,60,40,0,40,100
03/27/2011,LBE,PA,AEA,CE,Federal Contract Tower,1,6,3,0,10,0,0,23,0,23,1,6,26,0,33,42,0,42,75
03/28/2011,LBE,PA,AEA,CE,Federal Contract Tower,0,19,5,0,24,0,2,34,0,36,0,21,39,0,60,32,0,32,92
03/29/2011,LBE,PA,AEA,CE,Federal Contract Tower,0,13,5,0,18,0,0,54,4,58,0,13,59,4,76,30,0,30,106
03/30/2011,LBE,PA,AEA,CE,Federal Contract Tower,2,12,4,0,18,0,2,13,0,15,2,14,17,0,33,6,0,6,39
03/31/2011,LBE,PA,AEA,CE,Federal Contract Tower,0,7,3,0,10,0,0,5,0,5,0,7,8,0,15,2,0,2,17
04/01/2011,LBE,PA,AEA,CE,Federal Contract Tower,2,12,1,0,15,0,0,5,0,5,2,12,6,0,20,0,0,0,20
04/02/2011,LBE,PA,AEA,CE,Federal Contract Tower,2,9,8,0,19,0,0,2,0,2,2,9,10,0,21,0,0,0,21
04/03/2011,LBE,PA,AEA,CE,Federal Contract Tower,0,6,7,0,13,0,2,33,0,35,0,8,40,0,48,38,0,38,86
04/04/2011,LBE,PA,AEA,CE,Federal Contract Tower,2,9,2,0,13,0,0,3,0,3,2,9,5,0,16,0,0,0,16
04/05/2011,LBE,PA,AEA,CE,Federal Contract Tower,0,6,8,0,14,0,0,2,0,2,0,6,10,0,16,0,0,0,16
04/06/2011,LBE,PA,AEA,CE,Federal Contract Tower,2,20,5,2,29,0,0,25,14,39,2,20,30,16,68,26,14,40,108
04/07/2011,LBE,PA,AEA,CE,Federal Contract Tower,0,9,6,2,17,0,1,63,2,66,0,10,69,4,83,42,2,44,127
04/08/2011,LBE,PA,AEA,CE,Federal Contract Tower,4,12,11,2,29,0,0,4,0,4,4,12,15,2,33,0,0,0,33
04/09/2011,LBE,PA,AEA,CE,Federal Contract Tower,2,3,6,0,11,0,1,22,0,23,2,4,28,0,34,80,0,80,114
04/10/2011,LBE,PA,AEA,CE,Federal Contract Tower,0,10,9,0,19,0,0,90,0,90,0,10,99,0,109,58,0,58,167
04/11/2011,LBE,PA,AEA,CE,Federal Contract Tower,3,9,2,2,16,0,0,10,0,10,3,9,12,2,26,16,0,16,42
04/12/2011,LBE,PA,AEA,CE,Federal Contract Tower,0,7,5,0,12,0,0,3,2,5,0,7,8,2,17,0,0,0,17
04/13/2011,LBE,PA,AEA,CE,Federal Contract Tower,4,13,17,3,37,0,0,4,0,4,4,13,21,3,41,0,0,0,41
04/14/2011,LBE,PA,AEA,CE,Federal Contract Tower,0,15,14,1,30,0,0,33,2,35,0,15,47,3,65,22,2,24,89
04/15/2011,LBE,PA,AEA,CE,Federal Contract Tower,2,11,6,11,30,0,0,12,3,15,2,11,18,14,45,0,8,8,53
04/16/2011,LBE,PA,AEA,CE,Federal Contract Tower,2,3,1,0,6,0,0,0,0,0,2,3,1,0,6,0,0,0,6
04/17/2011,LBE,PA,AEA,CE,Federal Contract Tower,0,10,1,0,11,0,0,7,0,7,0,10,8,0,18,0,0,0,18
04/18/2011,LBE,PA,AEA,CE,Federal Contract Tower,2,5,13,0,20,0,0,26,0,26,2,5,39,0,46,6,0,6,52
04/19/2011,LBE,PA,AEA,CE,Federal Contract Tower,0,7,2,0,9,0,0,3,0,3,0,7,5,0,12,0,0,0,12
04/20/2011,LBE,PA,AEA,CE,Federal Contract Tower,2,10,1,0,13,0,0,12,2,14,2,10,13,2,27,0,4,4,31
04/21/2011,LBE,PA,AEA,CE,Federal Contract Tower,0,13,13,11,37,0,2,14,3,19,0,15,27,14,56,0,0,0,56
04/22/2011,LBE,PA,AEA,CE,Federal Contract Tower,2,10,10,0,22,0,0,4,0,4,2,10,14,0,26,0,0,0,26
04/23/2011,LBE,PA,AEA,CE,Federal Contract Tower,2,4,2,0,8,0,0,2,0,2,2,4,4,0,10,0,0,0,10
04/24/2011,LBE,PA,AEA,CE,Federal Contract Tower,0,1,2,0,3,0,0,16,0,16,0,1,18,0,19,44,0,44,63
04/25/2011,LBE,PA,AEA,CE,Federal Contract Tower,2,9,5,0,16,0,0,4,0,4,2,9,9,0,20,6,0,6,26
04/26/2011,LBE,PA,AEA,CE,Federal Contract Tower,0,16,17,2,35,0,1,24,2,27,0,17,41,4,62,6,4,10,72
04/27/2011,LBE,PA,AEA,CE,Federal Contract Tower,2,10,12,0,24,0,0,4,0,4,2,10,16,0,28,0,0,0,28
04/28/2011,LBE,PA,AEA,CE,Federal Contract Tower,2,9,7,2,20,0,1,9,6,16,2,10,16,8,36,0,2,2,38
04/29/2011,LBE,PA,AEA,CE,Federal Contract Tower,2,9,5,0,16,0,1,7,2,10,2,10,12,2,26,10,0,10,36
04/30/2011,LBE,PA,AEA,CE,Federal Contract Tower,2,8,6,0,16,0,2,84,0,86,2,10,90,0,102,88,0,88,190
05/01/2011,LBE,PA,AEA,CE,Federal Contract Tower,0,10,6,0,16,0,0,6,0,6,0,10,12,0,22,0,0,0,22
05/02/2011,LBE,PA,AEA,CE,Federal Contract Tower,3,5,12,4,24,0,1,8,0,9,3,6,20,4,33,0,0,0,33
05/03/2011,LBE,PA,AEA,CE,Federal Contract Tower,0,5,5,0,10,0,0,10,0,10,0,5,15,0,20,6,0,6,26
05/04/2011,LBE,PA,AEA,CE,Federal Contract Tower,2,17,10,2,31,0,6,2,0,8,2,23,12,2,39,0,0,0,39
05/05/2011,LBE,PA,AEA,CE,Federal Contract Tower,0,15,8,0,23,0,1,44,0,45,0,16,52,0,68,14,0,14,82
05/06/2011,LBE,PA,AEA,CE,Federal Contract Tower,4,15,11,0,30,0,0,36,2,38,4,15,47,2,68,36,6,42,110
05/07/2011,LBE,PA,AEA,CE,Federal Contract Tower,4,4,5,0,13,0,0,35,0,35,4,4,40,0,48,42,0,42,90
05/08/2011,LBE,PA,AEA,CE,Federal Contract Tower,0,8,14,0,22,0,0,48,2,50,0,8,62,2,72,46,0,46,118
05/09/2011,LBE,PA,AEA,CE,Federal Contract Tower,6,13,7,0,26,0,0,30,0,30,6,13,37,0,56,18,0,18,74
05/10/2011,LBE,PA,AEA,CE,Federal Contract Tower,0,13,10,3,26,0,0,54,4,58,0,13,64,7,84,42,10,52,136
05/11/2011,LBE,PA,AEA,CE,Federal Contract Tower,6,15,9,2,32,0,0,39,1,40,6,15,48,3,72,26,8,34,106
05/12/2011,LBE,PA,AEA,CE,Federal Contract Tower,0,13,5,0,18,0,14,5,0,19,0,27,10,0,37,68,0,68,105
05/13/2011,LBE,PA,AEA,CE,Federal Contract Tower,6,9,12,2,29,0,1,3,2,6,6,10,15,4,35,12,6,18,53
05/14/2011,LBE,PA,AEA,CE,Federal Contract Tower,4,10,3,0,17,0,0,21,0,21,4,10,24,0,38,76,0,76,114
05/15/2011,LBE,PA,AEA,CE,Federal Contract Tower,0,7,6,0,13,0,0,4,0,4,0,7,10,0,17,8,0,8,25
05/16/2011,LBE,PA,AEA,CE,Federal Contract Tower,4,10,9,0,23,0,0,0,0,0,4,10,9,0,23,0,0,0,23
05/17/2011,LBE,PA,AEA,CE,Federal Contract Tower,0,7,5,0,12,0,0,0,0,0,0,7,5,0,12,0,0,0,12
05/18/2011,LBE,PA,AEA,CE,Federal Contract Tower,1,16,12,2,31,0,0,4,0,4,1,16,16,2,35,18,0,18,53
05/19/2011,LBE,PA,AEA,CE,Federal Contract Tower,0,17,13,5,35,0,0,13,0,13,0,17,26,5,48,30,0,30,78
05/20/2011,LBE,PA,AEA,CE,Federal Contract Tower,4,13,21,5,43,0,0,25,0,25,4,13,46,5,68,24,0,24,92
05/21/2011,LBE,PA,AEA,CE,Federal Contract Tower,4,9,16,0,29,0,0,116,6,122,4,9,132,6,151,58,0,58,209
05/22/2011,LBE,PA,AEA,CE,Federal Contract Tower,0,12,13,5,30,0,1,42,0,43,0,13,55,5,73,86,0,86,159
05/23/2011,LBE,PA,AEA,CE,Federal Contract Tower,4,5,8,0,17,0,0,16,0,16,4,5,24,0,33,0,0,0,33
05/24/2011,LBE,PA,AEA,CE,Federal Contract Tower,0,15,11,0,26,0,0,30,2,32,0,15,41,2,58,52,0,52,110
05/25/2011,LBE,PA,AEA,CE,Federal Contract Tower,4,9,9,6,28,0,6,34,9,49,4,15,43,15,77,44,8,52,129
05/26/2011,LBE,PA,AEA,CE,Federal Contract Tower,0,14,10,4,28,0,0,20,2,22,0,14,30,6,50,50,0,50,100
05/27/2011,LBE,PA,AEA,CE,Federal Contract Tower,6,11,14,0,31,0,0,10,0,10,6,11,24,0,41,22,0,22,63
05/28/2011,LBE,PA,AEA,CE,Federal Contract Tower,4,5,12,0,21,0,2,40,0,42,4,7,52,0,63,54,0,54,117
05/29/2011,LBE,PA,AEA,CE,Federal Contract Tower,0,4,6,0,10,0,0,58,0,58,0,4,64,0,68,40,0,40,108
05/30/2011,LBE,PA,AEA,CE,Federal Contract Tower,6,5,6,0,17,0,0,35,0,35,6,5,41,0,52,20,0,20,72
05/31/2011,LBE,PA,AEA,CE,Federal Contract Tower,0,7,5,3,15,0,2,37,6,45,0,9,42,9,60,38,6,44,104
06/01/2011,LBE,PA,AEA,CE,Federal Contract Tower,4,7,18,2,31,0,0,21,0,21,4,7,39,2,52,6,0,6,58
06/02/2011,LBE,PA,AEA,CE,Federal Contract Tower,0,8,21,0,29,0,2,29,0,31,0,10,50,0,60,24,0,24,84
06/03/2011,LBE,PA,AEA,CE,Federal Contract Tower,4,12,25,4,45,0,1,58,2,61,4,13,83,6,106,54,16,70,176
06/04/2011,LBE,PA,AEA,CE,Federal Contract Tower,4,7,14,0,25,0,0,21,0,21,4,7,35,0,46,22,0,22,68
06/05/2011,LBE,PA,AEA,CE,Federal Contract Tower,0,7,19,0,26,0,0,28,0,28,0,7,47,0,54,30,0,30,84
06/06/2011,LBE,PA,AEA,CE,Federal Contract Tower,4,6,13,0,23,0,1,64,0,65,4,7,77,0,88,90,0,90,178
06/07/2011,LBE,PA,AEA,CE,Federal Contract Tower,0,12,2,0,14,0,0,14,0,14,0,12,16,0,28,0,0,0,28
06/08/2011,LBE,PA,AEA,CE,Federal Contract Tower,4,14,21,0,39,0,3,38,0,41,4,17,59,0,80,54,0,54,134
06/09/2011,LBE,PA,AEA,CE,Federal Contract Tower,0,15,6,0,21,0,1,10,2,13,0,16,16,2,34,2,0,2,36
06/10/2011,LBE,PA,AEA,CE,Federal Contract Tower,6,14,8,1,29,0,1,13,0,14,6,15,21,1,43,0,0,0,43
06/11/2011,LBE,PA,AEA,CE,Federal Contract Tower,4,8,8,0,20,0,0,15,2,17,4,8,23,2,37,36,0,36,73
06/12/2011,LBE,PA,AEA,CE,Federal Contract Tower,1,11,13,2,27,0,1,22,1,24,1,12,35,3,51,6,0,6,57
06/13/2011,LBE,PA,AEA,CE,Federal Contract Tower,5,8,16,1,30,0,4,30,1,35,5,12,46,2,65,50,0,50,115
06/14/2011,LBE,PA,AEA,CE,Federal Contract Tower,0,11,7,3,21,0,7,21,0,28,0,18,28,3,49,64,24,88,137
06/15/2011,LBE,PA,AEA,CE,Federal Contract Tower,6,18,16,0,40,0,0,62,0,62,6,18,78,0,102,40,0,40,142
06/16/2011,LBE,PA,AEA,CE,Federal Contract Tower,0,29,13,0,42,0,0,2,0,2,0,29,15,0,44,0,0,0,44
06/17/2011,LBE,PA,AEA,CE,Federal Contract Tower,4,18,11,0,33,0,2,12,0,14,4,20,23,0,47,0,0,0,47
06/18/2011,LBE,PA,AEA,CE,Federal Contract Tower,4,6,13,0,23,0,2,16,0,18,4,8,29,0,41,0,0,0,41
06/19/2011,LBE,PA,AEA,CE,Federal Contract Tower,0,16,7,0,23,0,1,9,0,10,0,17,16,0,33,0,0,0,33
06/20/2011,LBE,PA,AEA,CE,Federal Contract Tower,4,12,16,0,32,0,8,2,0,10,4,20,18,0,42,0,0,0,42
06/21/2011,LBE,PA,AEA,CE,Federal Contract Tower,0,16,7,2,25,0,1,18,2,21,0,17,25,4,46,24,0,24,70
06/22/2011,LBE,PA,AEA,CE,Federal Contract Tower,4,12,16,0,32,0,0,20,0,20,4,12,36,0,52,16,0,16,68
06/23/2011,LBE,PA,AEA,CE,Federal Contract Tower,0,24,15,0,39,0,0,19,0,19,0,24,34,0,58,22,0,22,80
06/24/2011,LBE,PA,AEA,CE,Federal Contract Tower,4,10,25,2,41,0,0,9,0,9,4,10,34,2,50,20,0,20,70
06/25/2011,LBE,PA,AEA,CE,Federal Contract Tower,4,9,16,0,29,0,0,23,0,23,4,9,39,0,52,26,0,26,78
06/26/2011,LBE,PA,AEA,CE,Federal Contract Tower,2,11,15,0,28,0,0,43,2,45,2,11,58,2,73,38,0,38,111
06/27/2011,LBE,PA,AEA,CE,Federal Contract Tower,3,13,14,2,32,0,4,31,0,35,3,17,45,2,67,6,0,6,73
06/28/2011,LBE,PA,AEA,CE,Federal Contract Tower,1,11,17,0,29,0,0,12,0,12,1,11,29,0,41,0,0,0,41
06/29/2011,LBE,PA,AEA,CE,Federal Contract Tower,4,13,8,5,30,0,0,32,1,33,4,13,40,6,63,18,16,34,97
06/30/2011,LBE,PA,AEA,CE,Federal Contract Tower,0,14,15,0,29,0,0,0,0,0,0,14,15,0,29,38,0,38,67
07/01/2011,LBE,PA,AEA,CE,Federal Contract Tower,4,7,22,0,33,0,2,52,0,54,4,9,74,0,87,30,0,30,117
07/02/2011,LBE,PA,AEA,CE,Federal Contract Tower,6,8,4,0,18,0,0,21,0,21,6,8,25,0,39,26,0,26,65
07/03/2011,LBE,PA,AEA,CE,Federal Contract Tower,0,5,9,0,14,0,0,12,0,12,0,5,21,0,26,12,0,12,38
07/04/2011,LBE,PA,AEA,CE,Federal Contract Tower,4,6,9,0,19,0,0,22,0,22,4,6,31,0,41,4,0,4,45
07/05/2011,LBE,PA,AEA,CE,Federal Contract Tower,2,14,17,0,33,0,0,30,1,31,2,14,47,1,64,0,2,2,66
07/06/2011,LBE,PA,AEA,CE,Federal Contract Tower,4,9,15,1,29,0,0,13,2,15,4,9,28,3,44,10,0,10,54
07/07/2011,LBE,PA,AEA,CE,Federal Contract Tower,0,7,6,0,13,0,0,22,7,29,0,7,28,7,42,10,2,12,54
07/08/2011,LBE,PA,AEA,CE,Federal Contract Tower,4,9,16,0,29,0,0,4,0,4,4,9,20,0,33,28,0,28,61
07/09/2011,LBE,PA,AEA,CE,Federal Contract Tower,4,7,11,0,22,0,3,45,0,48,4,10,56,0,70,42,0,42,112
07/10/2011,LBE,PA,AEA,CE,Federal Contract Tower,2,7,9,0,18,0,1,41,0,42,2,8,50,0,60,58,0,58,118
07/11/2011,LBE,PA,AEA,CE,Federal Contract Tower,4,3,6,2,15,0,0,24,6,30,4,3,30,8,45,8,10,18,63
07/12/2011,LBE,PA,AEA,CE,Federal Contract Tower,2,13,9,0,24,0,0,16,0,16,2,13,25,0,40,46,2,48,88
07/13/2011,LBE,PA,AEA,CE,Federal Contract Tower,4,17,15,0,36,0,0,18,6,24,4,17,33,6,60,16,10,26,86
07/14/2011,LBE,PA,AEA,CE,Federal Contract Tower,2,19,16,0,37,0,0,32,0,32,2,19,48,0,69,34,0,34,103
07/15/2011,LBE,PA,AEA,CE,Federal Contract Tower,4,19,16,0,39,0,0,45,2,47,4,19,61,2,86,52,6,58,144
07/16/2011,LBE,PA,AEA,CE,Federal Contract Tower,4,5,3,0,12,0,0,58,0,58,4,5,61,0,70,68,0,68,138
07/17/2011,LBE,PA,AEA,CE,Federal Contract Tower,4,4,18,0,26,5,0,38,0,43,9,4,56,0,69,22,0,22,91
07/18/2011,LBE,PA,AEA,CE,Federal Contract Tower,4,7,5,0,16,0,3,4,0,7,4,10,9,0,23,0,0,0,23
07/19/2011,LBE,PA,AEA,CE,Federal Contract Tower,0,11,13,1,25,0,8,17,3,28,0,19,30,4,53,8,6,14,67
07/20/2011,LBE,PA,AEA,CE,Federal Contract Tower,4,13,13,4,34,0,0,15,4,19,4,13,28,8,53,14,14,28,81
07/21/2011,LBE,PA,AEA,CE,Federal Contract Tower,0,14,18,0,32,0,2,24,1,27,0,16,42,1,59,16,0,16,75
07/22/2011,LBE,PA,AEA,CE,Federal Contract Tower,6,7,27,0,40,0,0,17,0,17,6,7,44,0,57,0,0,0,57
07/23/2011,LBE,PA,AEA,CE,Federal Contract Tower,4,5,14,0,23,0,1,13,0,14,4,6,27,0,37,2,0,2,39
07/24/2011,LBE,PA,AEA,CE,Federal Contract Tower,1,13,14,0,28,0,0,4,0,4,1,13,18,0,32,0,0,0,32
07/25/2011,LBE,PA,AEA,CE,Federal Contract Tower,4,6,10,0,20,0,0,8,0,8,4,6,18,0,28,0,0,0,28
07/26/2011,LBE,PA,AEA,CE,Federal Contract Tower,0,19,21,2,42,2,0,17,3,22,2,19,38,5,64,0,8,8,72
07/27/2011,LBE,PA,AEA,CE,Federal Contract Tower,6,13,12,1,32,0,2,25,3,30,6,15,37,4,62,16,10,26,88
07/28/2011,LBE,PA,AEA,CE,Federal Contract Tower,0,13,21,0,34,0,0,12,2,14,0,13,33,2,48,16,6,22,70
07/29/2011,LBE,PA,AEA,CE,Federal Contract Tower,4,10,7,0,21,0,4,11,0,15,4,14,18,0,36,0,0,0,36
07/30/2011,LBE,PA,AEA,CE,Federal Contract Tower,4,9,7,0,20,0,1,17,0,18,4,10,24,0,38,10,0,10,48
07/31/2011,LBE,PA,AEA,CE,Federal Contract Tower,0,11,14,0,25,0,1,49,0,50,0,12,63,0,75,56,0,56,131
08/01/2011,LBE,PA,AEA,CE,Federal Contract Tower,4,6,17,0,27,0,0,16,1,17,4,6,33,1,44,0,0,0,44
08/02/2011,LBE,PA,AEA,CE,Federal Contract Tower,0,16,30,0,46,0,0,33,2,35,0,16,63,2,81,4,28,32,113
08/03/2011,LBE,PA,AEA,CE,Federal Contract Tower,4,4,21,0,29,0,0,0,0,0,4,4,21,0,29,0,0,0,29
08/04/2011,LBE,PA,AEA,CE,Federal Contract Tower,0,6,18,2,26,0,0,21,0,21,0,6,39,2,47,12,0,12,59
08/05/2011,LBE,PA,AEA,CE,Federal Contract Tower,4,14,18,5,41,0,0,21,0,21,4,14,39,5,62,28,24,52,114
08/06/2011,LBE,PA,AEA,CE,Federal Contract Tower,5,9,11,0,25,0,1,0,0,1,5,10,11,0,26,0,0,0,26
08/07/2011,LBE,PA,AEA,CE,Federal Contract Tower,2,15,17,0,34,0,0,4,0,4,2,15,21,0,38,4,0,4,42
08/08/2011,LBE,PA,AEA,CE,Federal Contract Tower,4,8,7,2,21,0,10,4,0,14,4,18,11,2,35,0,0,0,35
08/09/2011,LBE,PA,AEA,CE,Federal Contract Tower,2,9,13,1,25,0,0,7,2,9,2,9,20,3,34,6,0,6,40
08/10/2011,LBE,PA,AEA,CE,Federal Contract Tower,4,10,13,0,27,0,0,17,2,19,4,10,30,2,46,32,6,38,84
08/11/2011,LBE,PA,AEA,CE,Federal Contract Tower,2,14,10,10,36,0,0,51,9,60,2,14,61,19,96,52,12,64,160
08/12/2011,LBE,PA,AEA,CE,Federal Contract Tower,6,11,9,4,30,0,0,78,4,82,6,11,87,8,112,42,12,54,166
08/13/2011,LBE,PA,AEA,CE,Federal Contract Tower,5,6,7,0,18,3,0,19,0,22,8,6,26,0,40,14,0,14,54
08/14/2011,LBE,PA,AEA,CE,Federal Contract Tower,0,7,9,0,16,0,0,2,0,2,0,7,11,0,18,0,0,0,18
08/15/2011,LBE,PA,AEA,CE,Federal Contract Tower,4,8,14,0,26,0,0,1,0,1,4,8,15,0,27,0,0,0,27
08/16/2011,LBE,PA,AEA,CE,Federal Contract Tower,0,15,12,2,29,0,4,43,3,50,0,19,55,5,79,14,18,32,111
08/17/2011,LBE,PA,AEA,CE,Federal Contract Tower,6,6,18,3,33,0,1,55,2,58,6,7,73,5,91,36,6,42,133
08/18/2011,LBE,PA,AEA,CE,Federal Contract Tower,0,13,16,2,31,0,7,32,4,43,0,20,48,6,74,46,12,58,132
08/19/2011,LBE,PA,AEA,CE,Federal Contract Tower,4,4,8,1,17,0,0,29,0,29,4,4,37,1,46,38,0,38,84
08/20/2011,LBE,PA,AEA,CE,Federal Contract Tower,4,3,8,0,15,0,0,66,0,66,4,3,74,0,81,12,0,12,93
08/21/2011,LBE,PA,AEA,CE,Federal Contract Tower,0,11,2,1,14,0,0,53,0,53,0,11,55,1,67,2,0,2,69
08/22/2011,LBE,PA,AEA,CE,Federal Contract Tower,4,11,6,1,22,0,2,27,1,30,4,13,33,2,52,36,0,36,88
08/23/2011,LBE,PA,AEA,CE,Federal Contract Tower,2,15,21,2,40,0,0,37,0,37,2,15,58,2,77,78,0,78,155
08/24/2011,LBE,PA,AEA,CE,Federal Contract Tower,4,13,19,3,39,0,1,32,1,34,4,14,51,4,73,24,0,24,97
08/25/2011,LBE,PA,AEA,CE,Federal Contract Tower,0,22,13,8,43,0,3,20,0,23,0,25,33,8,66,14,0,14,80
08/26/2011,LBE,PA,AEA,CE,Federal Contract Tower,5,16,13,1,35,0,1,56,3,60,5,17,69,4,95,42,0,42,137
08/27/2011,LBE,PA,AEA,CE,Federal Contract Tower,2,5,14,0,21,0,2,19,0,21,2,7,33,0,42,8,0,8,50
08/28/2011,LBE,PA,AEA,CE,Federal Contract Tower,0,11,6,0,17,0,2,30,0,32,0,13,36,0,49,44,0,44,93
08/29/2011,LBE,PA,AEA,CE,Federal Contract Tower,6,8,14,0,28,0,0,42,8,50,6,8,56,8,78,42,0,42,120
08/30/2011,LBE,PA,AEA,CE,Federal Contract Tower,0,6,25,2,33,0,1,61,10,72,0,7,86,12,105,78,24,102,207
08/31/2011,LBE,PA,AEA,CE,Federal Contract Tower,4,9,24,2,39,0,1,45,0,46,4,10,69,2,85,42,0,42,127
09/01/2011,LBE,PA,AEA,CE,Federal Contract Tower,2,11,12,0,25,0,0,11,5,16,2,11,23,5,41,10,0,10,51
09/02/2011,LBE,PA,AEA,CE,Federal Contract Tower,7,18,15,0,40,0,0,34,0,34,7,18,49,0,74,70,0,70,144
09/03/2011,LBE,PA,AEA,CE,Federal Contract Tower,5,5,15,0,25,0,0,24,0,24,5,5,39,0,49,30,0,30,79
09/04/2011,LBE,PA,AEA,CE,Federal Contract Tower,2,5,4,0,11,0,0,18,0,18,2,5,22,0,29,56,0,56,85
09/05/2011,LBE,PA,AEA,CE,Federal Contract Tower,4,9,7,0,20,0,0,0,0,0,4,9,7,0,20,0,0,0,20
09/06/2011,LBE,PA,AEA,CE,Federal Contract Tower,0,6,5,0,11,0,0,0,0,0,0,6,5,0,11,0,0,0,11
09/07/2011,LBE,PA,AEA,CE,Federal Contract Tower,2,12,12,0,26,0,1,7,0,8,2,13,19,0,34,0,0,0,34
09/08/2011,LBE,PA,AEA,CE,Federal Contract Tower,1,12,3,4,20,0,1,22,0,23,1,13,25,4,43,30,0,30,73
09/09/2011,LBE,PA,AEA,CE,Federal Contract Tower,4,13,22,0,39,0,0,4,0,4,4,13,26,0,43,0,0,0,43
09/10/2011,LBE,PA,AEA,CE,Federal Contract Tower,0,6,10,0,16,0,0,8,0,8,0,6,18,0,24,26,0,26,50
09/11/2011,LBE,PA,AEA,CE,Federal Contract Tower,1,9,6,2,18,0,0,19,0,19,1,9,25,2,37,38,0,38,75
09/12/2011,LBE,PA,AEA,CE,Federal Contract Tower,4,11,5,7,27,0,0,29,1,30,4,11,34,8,57,62,0,62,119
09/13/2011,LBE,PA,AEA,CE,Federal Contract Tower,3,12,14,0,29,0,0,25,0,25,3,12,39,0,54,18,0,18,72
09/14/2011,LBE,PA,AEA,CE,Federal Contract Tower,5,15,10,0,30,0,0,19,0,19,5,15,29,0,49,36,4,40,89
09/15/2011,LBE,PA,AEA,CE,Federal Contract Tower,0,19,20,2,41,0,0,2,0,2,0,19,22,2,43,0,0,0,43
09/16/2011,LBE,PA,AEA,CE,Federal Contract Tower,4,11,21,4,40,0,1,111,0,112,4,12,132,4,152,72,0,72,224
09/17/2011,LBE,PA,AEA,CE,Federal Contract Tower,0,13,23,0,36,0,0,89,0,89,0,13,112,0,125,20,0,20,145
09/18/2011,LBE,PA,AEA,CE,Federal Contract Tower,0,8,9,0,17,0,0,47,2,49,0,8,56,2,66,48,0,48,114
09/19/2011,LBE,PA,AEA,CE,Federal Contract Tower,2,10,7,0,19,0,0,16,0,16,2,10,23,0,35,60,0,60,95
09/20/2011,LBE,PA,AEA,CE,Federal Contract Tower,2,13,20,0,35,0,0,6,6,12,2,13,26,6,47,30,10,40,87
09/21/2011,LBE,PA,AEA,CE,Federal Contract Tower,2,15,11,2,30,0,0,8,2,10,2,15,19,4,40,40,20,60,100
09/22/2011,LBE,PA,AEA,CE,Federal Contract Tower,0,16,18,4,38,0,0,8,0,8,0,16,26,4,46,0,0,0,46
09/23/2011,LBE,PA,AEA,CE,Federal Contract Tower,6,20,18,0,44,0,0,0,0,0,6,20,18,0,44,0,0,0,44
09/24/2011,LBE,PA,AEA,CE,Federal Contract Tower,0,4,9,0,13,0,0,41,0,41,0,4,50,0,54,44,0,44,98
09/25/2011,LBE,PA,AEA,CE,Federal Contract Tower,1,12,16,0,29,0,0,28,0,28,1,12,44,0,57,30,0,30,87
09/26/2011,LBE,PA,AEA,CE,Federal Contract Tower,2,20,5,0,27,0,0,24,2,26,2,20,29,2,53,18,0,18,71
09/27/2011,LBE,PA,AEA,CE,Federal Contract Tower,2,10,25,0,37,0,0,9,2,11,2,10,34,2,48,0,0,0,48
09/28/2011,LBE,PA,AEA,CE,Federal Contract Tower,2,16,16,0,34,0,0,22,0,22,2,16,38,0,56,84,0,84,140
09/29/2011,LBE,PA,AEA,CE,Federal Contract Tower,2,16,14,2,34,0,0,6,3,9,2,16,20,5,43,2,2,4,47
09/30/2011,LBE,PA,AEA,CE,Federal Contract Tower,4,6,16,0,26,0,0,14,2,16,4,6,30,2,42,58,6,64,106
10/01/2011,LBE,PA,AEA,CE,Federal Contract Tower,0,2,2,0,4,0,0,1,0,1,0,2,3,0,5,0,0,0,5
10/02/2011,LBE,PA,AEA,CE,Federal Contract Tower,0,13,4,0,17,0,0,0,0,0,0,13,4,0,17,0,0,0,17
10/03/2011,LBE,PA,AEA,CE,Federal Contract Tower,4,6,14,0,24,0,0,0,0,0,4,6,14,0,24,0,0,0,24
10/04/2011,LBE,PA,AEA,CE,Federal Contract Tower,2,5,8,0,15,0,0,7,0,7,2,5,15,0,22,18,6,24,46
10/05/2011,LBE,PA,AEA,CE,Federal Contract Tower,2,8,21,7,38,0,0,28,6,34,2,8,49,13,72,56,26,82,154
10/06/2011,LBE,PA,AEA,CE,Federal Contract Tower,0,16,6,0,22,0,0,42,2,44,0,16,48,2,66,48,0,48,114
10/07/2011,LBE,PA,AEA,CE,Federal Contract Tower,4,16,9,0,29,0,0,42,0,42,4,16,51,0,71,62,0,62,133
10/08/2011,LBE,PA,AEA,CE,Federal Contract Tower,0,7,12,1,20,0,0,69,0,69,0,7,81,1,89,34,0,34,123
10/09/2011,LBE,PA,AEA,CE,Federal Contract Tower,2,7,15,0,24,0,4,60,0,64,2,11,75,0,88,50,0,50,138
10/10/2011,LBE,PA,AEA,CE,Federal Contract Tower,4,14,10,0,28,0,1,29,0,30,4,15,39,0,58,32,0,32,90
10/11/2011,LBE,PA,AEA,CE,Federal Contract Tower,2,12,4,3,21,0,0,16,3,19,2,12,20,6,40,0,6,6,46
10/12/2011,LBE,PA,AEA,CE,Federal Contract Tower,4,15,9,0,28,0,0,0,0,0,4,15,9,0,28,0,0,0,28
10/13/2011,LBE,PA,AEA,CE,Federal Contract Tower,0,11,8,2,21,0,0,14,1,15,0,11,22,3,36,6,10,16,52
10/14/2011,LBE,PA,AEA,CE,Federal Contract Tower,6,11,9,2,28,0,0,7,0,7,6,11,16,2,35,0,0,0,35
10/15/2011,LBE,PA,AEA,CE,Federal Contract Tower,0,9,7,0,16,0,2,5,0,7,0,11,12,0,23,4,0,4,27
10/16/2011,LBE,PA,AEA,CE,Federal Contract Tower,2,8,7,0,17,0,0,9,0,9,2,8,16,0,26,24,0,24,50
10/17/2011,LBE,PA,AEA,CE,Federal Contract Tower,2,9,14,0,25,0,0,38,0,38,2,9,52,0,63,30,0,30,93
10/18/2011,LBE,PA,AEA,CE,Federal Contract Tower,15,13,3,0,31,2,0,45,4,51,17,13,48,4,82,70,10,80,162
10/19/2011,LBE,PA,AEA,CE,Federal Contract Tower,2,12,7,0,21,0,1,3,0,4,2,13,10,0,25,0,0,0,25
10/20/2011,LBE,PA,AEA,CE,Federal Contract Tower,0,12,9,0,21,0,0,5,0,5,0,12,14,0,26,0,0,0,26
10/21/2011,LBE,PA,AEA,CE,Federal Contract Tower,4,16,8,1,29,0,1,0,0,1,4,17,8,1,30,0,0,0,30
10/22/2011,LBE,PA,AEA,CE,Federal Contract Tower,0,4,7,0,11,0,3,33,2,38,0,7,40,2,49,54,0,54,103
10/23/2011,LBE,PA,AEA,CE,Federal Contract Tower,0,12,18,1,31,0,1,39,1,41,0,13,57,2,72,24,0,24,96
10/24/2011,LBE,PA,AEA,CE,Federal Contract Tower,2,10,11,0,23,0,0,9,0,9,2,10,20,0,32,0,0,0,32
10/25/2011,LBE,PA,AEA,CE,Federal Contract Tower,3,13,19,1,36,0,0,54,1,55,3,13,73,2,91,76,0,76,167
10/26/2011,LBE,PA,AEA,CE,Federal Contract Tower,3,10,3,0,16,0,0,4,0,4,3,10,7,0,20,0,0,0,20
10/27/2011,LBE,PA,AEA,CE,Federal Contract Tower,2,15,4,0,21,0,1,1,0,2,2,16,5,0,23,0,0,0,23
10/28/2011,LBE,PA,AEA,CE,Federal Contract Tower,5,3,18,0,26,0,0,31,0,31,5,3,49,0,57,62,0,62,119
10/29/2011,LBE,PA,AEA,CE,Federal Contract Tower,1,0,0,0,1,0,0,0,0,0,1,0,0,0,1,0,0,0,1
10/30/2011,LBE,PA,AEA,CE,Federal Contract Tower,0,7,14,0,21,0,0,34,0,34,0,7,48,0,55,18,0,18,73
10/31/2011,LBE,PA,AEA,CE,Federal Contract Tower,4,11,13,0,28,0,2,9,0,11,4,13,22,0,39,10,0,10,49
11/01/2011,LBE,PA,AEA,CE,Federal Contract Tower,3,9,16,0,28,0,0,47,2,49,3,9,63,2,77,36,0,36,113
11/02/2011,LBE,PA,AEA,CE,Federal Contract Tower,2,10,10,4,26,0,1,56,1,58,2,11,66,5,84,30,2,32,116
11/03/2011,LBE,PA,AEA,CE,Federal Contract Tower,0,10,17,4,31,0,2,19,4,25,0,12,36,8,56,0,0,0,56
11/04/2011,LBE,PA,AEA,CE,Federal Contract Tower,4,16,10,0,30,0,1,33,0,34,4,17,43,0,64,14,0,14,78
11/05/2011,LBE,PA,AEA,CE,Federal Contract Tower,0,4,13,0,17,0,2,53,2,57,0,6,66,2,74,46,4,50,124
11/06/2011,LBE,PA,AEA,CE,Federal Contract Tower,0,12,5,0,17,0,2,68,4,74,0,14,73,4,91,52,0,52,143
11/07/2011,LBE,PA,AEA,CE,Federal Contract Tower,6,9,7,2,24,0,0,22,5,27,6,9,29,7,51,18,6,24,75
11/08/2011,LBE,PA,AEA,CE,Federal Contract Tower,6,17,8,5,36,0,0,36,15,51,6,17,44,20,87,24,16,40,127
11/09/2011,LBE,PA,AEA,CE,Federal Contract Tower,4,2,8,0,14,0,0,36,6,42,4,2,44,6,56,20,6,26,82
11/10/2011,LBE,PA,AEA,CE,Federal Contract Tower,0,20,13,0,33,0,3,3,2,8,0,23,16,2,41,0,0,0,41
11/11/2011,LBE,PA,AEA,CE,Federal Contract Tower,4,10,5,0,19,0,0,4,0,4,4,10,9,0,23,0,0,0,23
11/12/2011,LBE,PA,AEA,CE,Federal Contract Tower,2,11,2,0,15,0,0,20,0,20,2,11,22,0,35,12,0,12,47
11/13/2011,LBE,PA,AEA,CE,Federal Contract Tower,1,9,8,0,18,0,0,2,0,2,1,9,10,0,20,0,0,0,20
11/14/2011,LBE,PA,AEA,CE,Federal Contract Tower,5,15,3,2,25,0,6,7,0,13,5,21,10,2,38,0,0,0,38
11/15/2011,LBE,PA,AEA,CE,Federal Contract Tower,0,17,9,0,26,0,0,0,0,0,0,17,9,0,26,0,0,0,26
11/16/2011,LBE,PA,AEA,CE,Federal Contract Tower,4,10,9,0,23,0,0,0,0,0,4,10,9,0,23,0,0,0,23
11/17/2011,LBE,PA,AEA,CE,Federal Contract Tower,0,14,15,1,30,0,0,14,8,22,0,14,29,9,52,8,0,8,60
11/18/2011,LBE,PA,AEA,CE,Federal Contract Tower,2,9,9,4,24,0,0,35,8,43,2,9,44,12,67,16,6,22,89
11/19/2011,LBE,PA,AEA,CE,Federal Contract Tower,2,3,17,0,22,0,1,46,2,49,2,4,63,2,71,48,6,54,125
11/20/2011,LBE,PA,AEA,CE,Federal Contract Tower,0,10,6,0,16,0,4,3,0,7,0,14,9,0,23,0,0,0,23
11/21/2011,LBE,PA,AEA,CE,Federal Contract Tower,2,4,9,0,15,0,0,0,0,0,2,4,9,0,15,0,0,0,15
11/22/2011,LBE,PA,AEA,CE,Federal Contract Tower,0,22,7,0,29,0,0,4,0,4,0,22,11,0,33,3,1,4,37
11/23/2011,LBE,PA,AEA,CE,Federal Contract Tower,2,12,14,0,28,0,0,1,0,1,2,12,15,0,29,0,0,0,29
11/24/2011,LBE,PA,AEA,CE,Federal Contract Tower,0,7,5,0,12,0,0,0,0,0,0,7,5,0,12,0,0,0,12
11/25/2011,LBE,PA,AEA,CE,Federal Contract Tower,8,6,4,0,18,2,2,45,0,49,10,8,49,0,67,20,0,20,87
11/26/2011,LBE,PA,AEA,CE,Federal Contract Tower,3,6,14,0,23,0,0,43,0,43,3,6,57,0,66,64,0,64,130
11/27/2011,LBE,PA,AEA,CE,Federal Contract Tower,2,16,8,0,26,0,0,20,0,20,2,16,28,0,46,40,0,40,86
11/28/2011,LBE,PA,AEA,CE,Federal Contract Tower,3,6,9,0,18,0,0,5,0,5,3,6,14,0,23,0,0,0,23
11/29/2011,LBE,PA,AEA,CE,Federal Contract Tower,0,8,8,0,16,0,7,0,0,7,0,15,8,0,23,0,0,0,23
11/30/2011,LBE,PA,AEA,CE,Federal Contract Tower,4,11,6,2,23,0,0,4,0,4,4,11,10,2,27,2,0,2,29
12/01/2011,LBE,PA,AEA,CE,Federal Contract Tower,0,7,9,2,18,0,0,43,5,48,0,7,52,7,66,30,10,40,106
12/02/2011,LBE,PA,AEA,CE,Federal Contract Tower,2,13,15,2,32,0,0,34,2,36,2,13,49,4,68,24,0,24,92
12/03/2011,LBE,PA,AEA,CE,Federal Contract Tower,2,3,12,0,17,0,0,54,1,55,2,3,66,1,72,46,0,46,118
12/04/2011,LBE,PA,AEA,CE,Federal Contract Tower,0,9,5,0,14,0,0,28,0,28,0,9,33,0,42,74,0,74,116
12/05/2011,LBE,PA,AEA,CE,Federal Contract Tower,2,10,7,4,23,0,3,11,0,14,2,13,18,4,37,0,0,0,37
12/06/2011,LBE,PA,AEA,CE,Federal Contract Tower,0,14,4,0,18,0,0,0,0,0,0,14,4,0,18,0,0,0,18
12/07/2011,LBE,PA,AEA,CE,Federal Contract Tower,2,12,6,0,20,0,0,0,0,0,2,12,6,0,20,0,0,0,20
12/08/2011,LBE,PA,AEA,CE,Federal Contract Tower,2,18,10,0,30,0,5,11,0,16,2,23,21,0,46,12,0,12,58
12/09/2011,LBE,PA,AEA,CE,Federal Contract Tower,2,13,10,4,29,0,3,38,0,41,2,16,48,4,70,54,6,60,130
12/10/2011,LBE,PA,AEA,CE,Federal Contract Tower,4,0,1,0,5,0,0,25,0,25,4,0,26,0,30,34,0,34,64
12/11/2011,LBE,PA,AEA,CE,Federal Contract Tower,2,14,4,0,20,0,0,49,0,49,2,14,53,0,69,86,0,86,155
12/12/2011,LBE,PA,AEA,CE,Federal Contract Tower,2,5,6,0,13,0,0,18,0,18,2,5,24,0,31,6,0,6,37
12/13/2011,LBE,PA,AEA,CE,Federal Contract Tower,2,11,7,0,20,0,0,26,8,34,2,11,33,8,54,16,16,32,86
12/14/2011,LBE,PA,AEA,CE,Federal Contract Tower,2,3,8,1,14,0,0,2,0,2,2,3,10,1,16,0,0,0,16
12/15/2011,LBE,PA,AEA,CE,Federal Contract Tower,1,12,4,1,18,0,0,1,0,1,1,12,5,1,19,0,0,0,19
12/16/2011,LBE,PA,AEA,CE,Federal Contract Tower,3,6,2,0,11,0,0,14,0,14,3,6,16,0,25,22,2,24,49
12/17/2011,LBE,PA,AEA,CE,Federal Contract Tower,4,5,2,0,11,0,0,0,0,0,4,5,2,0,11,0,0,0,11
12/18/2011,LBE,PA,AEA,CE,Federal Contract Tower,0,6,5,0,11,0,0,5,0,5,0,6,10,0,16,4,0,4,20
12/19/2011,LBE,PA,AEA,CE,Federal Contract Tower,2,12,16,0,30,0,0,27,16,43,2,12,43,16,73,14,0,14,87
12/20/2011,LBE,PA,AEA,CE,Federal Contract Tower,0,7,3,0,10,0,0,3,0,3,0,7,6,0,13,4,0,4,17
12/21/2011,LBE,PA,AEA,CE,Federal Contract Tower,2,14,2,0,18,0,0,10,0,10,2,14,12,0,28,6,0,6,34
12/22/2011,LBE,PA,AEA,CE,Federal Contract Tower,0,7,9,0,16,0,0,16,3,19,0,7,25,3,35,20,16,36,71
12/23/2011,LBE,PA,AEA,CE,Federal Contract Tower,2,4,5,0,11,0,0,3,0,3,2,4,8,0,14,14,0,14,28
12/24/2011,LBE,PA,AEA,CE,Federal Contract Tower,2,8,9,0,19,0,0,16,0,16,2,8,25,0,35,20,0,20,55
12/25/2011,LBE,PA,AEA,CE,Federal Contract Tower,0,3,0,0,3,0,0,0,0,0,0,3,0,0,3,0,0,0,3
12/26/2011,LBE,PA,AEA,CE,Federal Contract Tower,2,10,10,0,22,0,0,30,0,30,2,10,40,0,52,46,0,46,98
12/27/2011,LBE,PA,AEA,CE,Federal Contract Tower,0,5,4,0,9,0,0,2,0,2,0,5,6,0,11,14,0,14,25
12/28/2011,LBE,PA,AEA,CE,Federal Contract Tower,2,15,5,0,22,0,6,2,0,8,2,21,7,0,30,14,0,14,44
12/29/2011,LBE,PA,AEA,CE,Federal Contract Tower,2,7,4,0,13,0,0,22,0,22,2,7,26,0,35,22,0,22,57
12/30/2011,LBE,PA,AEA,CE,Federal Contract Tower,4,5,5,0,14,0,0,17,0,17,4,5,22,0,31,14,0,14,45
12/31/2011,LBE,PA,AEA,CE,Federal Contract Tower,2,5,1,0,8,0,4,2,0,6,2,9,3,0,14,14,0,14,28
01/01/2012,LBE,PA,AEA,CE,Federal Contract Tower,2,9,4,0,15,0,0,0,0,0,2,9,4,0,15,0,0,0,15
01/02/2012,LBE,PA,AEA,CE,Federal Contract Tower,2,10,2,0,14,0,0,0,0,0,2,10,2,0,14,0,0,0,14
01/03/2012,LBE,PA,AEA,CE,Federal Contract Tower,0,5,5,0,10,0,0,6,0,6,0,5,11,0,16,20,2,22,38
01/04/2012,LBE,PA,AEA,CE,Federal Contract Tower,2,15,7,0,24,0,0,2,7,9,2,15,9,7,33,0,0,0,33
01/05/2012,LBE,PA,AEA,CE,Federal Contract Tower,0,8,1,1,10,0,0,15,4,19,0,8,16,5,29,28,8,36,65
01/06/2012,LBE,PA,AEA,CE,Federal Contract Tower,2,10,2,0,14,0,1,20,0,21,2,11,22,0,35,0,0,0,35
01/07/2012,LBE,PA,AEA,CE,Federal Contract Tower,2,6,3,0,11,0,0,46,0,46,2,6,49,0,57,98,0,98,155
01/08/2012,LBE,PA,AEA,CE,Federal Contract Tower,0,9,9,6,24,0,0,55,2,57,0,9,64,8,81,30,10,40,121
01/09/2012,LBE,PA,AEA,CE,Federal Contract Tower,2,8,6,0,16,0,0,31,2,33,2,8,37,2,49,22,0,22,71
01/10/2012,LBE,PA,AEA,CE,Federal Contract Tower,0,5,6,4,15,0,0,53,10,63,0,5,59,14,78,32,6,38,116
01/11/2012,LBE,PA,AEA,CE,Federal Contract Tower,2,10,7,0,19,0,0,10,0,10,2,10,17,0,29,2,0,2,31
01/12/2012,LBE,PA,AEA,CE,Federal Contract Tower,0,11,6,2,19,0,0,1,0,1,0,11,7,2,20,0,0,0,20
01/13/2012,LBE,PA,AEA,CE,Federal Contract Tower,2,6,6,0,14,0,0,0,0,0,2,6,6,0,14,0,0,0,14
01/14/2012,LBE,PA,AEA,CE,Federal Contract Tower,2,8,1,0,11,0,0,0,0,0,2,8,1,0,11,0,0,0,11
01/15/2012,LBE,PA,AEA,CE,Federal Contract Tower,0,7,3,0,10,0,0,26,0,26,0,7,29,0,36,96,0,96,132
01/16/2012,LBE,PA,AEA,CE,Federal Contract Tower,2,10,2,0,14,0,1,18,0,19,2,11,20,0,33,22,0,22,55
01/17/2012,LBE,PA,AEA,CE,Federal Contract Tower,0,8,9,0,17,0,0,1,1,2,0,8,10,1,19,0,0,0,19
01/18/2012,LBE,PA,AEA,CE,Federal Contract Tower,4,7,8,2,21,0,2,8,2,12,4,9,16,4,33,16,4,20,53
01/19/2012,LBE,PA,AEA,CE,Federal Contract Tower,0,9,4,2,15,0,1,7,0,8,0,10,11,2,23,6,0,6,29
01/20/2012,LBE,PA,AEA,CE,Federal Contract Tower,2,9,9,6,26,0,0,18,2,20,2,9,27,8,46,0,0,0,46
01/21/2012,LBE,PA,AEA,CE,Federal Contract Tower,4,6,0,0,10,0,0,0,0,0,4,6,0,0,10,0,0,0,10
01/22/2012,LBE,PA,AEA,CE,Federal Contract Tower,2,9,5,0,16,0,0,37,0,37,2,9,42,0,53,72,0,72,125
01/23/2012,LBE,PA,AEA,CE,Federal Contract Tower,2,7,5,2,16,0,0,5,0,5,2,7,10,2,21,0,0,0,21
01/24/2012,LBE,PA,AEA,CE,Federal Contract Tower,0,11,11,6,28,0,2,16,6,24,0,13,27,12,52,2,24,26,78
01/25/2012,LBE,PA,AEA,CE,Federal Contract Tower,2,15,6,0,23,0,1,28,6,35,2,16,34,6,58,40,2,42,100
01/26/2012,LBE,PA,AEA,CE,Federal Contract Tower,0,17,3,0,20,0,0,0,0,0,0,17,3,0,20,0,0,0,20
01/27/2012,LBE,PA,AEA,CE,Federal Contract Tower,4,6,3,0,13,0,0,0,0,0,4,6,3,0,13,0,0,0,13
01/28/2012,LBE,PA,AEA,CE,Federal Contract Tower,2,1,2,2,7,0,0,7,0,7,2,1,9,2,14,20,0,20,34
01/29/2012,LBE,PA,AEA,CE,Federal Contract Tower,2,1,2,2,7,0,0,21,0,21,2,1,23,2,28,14,0,14,42
01/30/2012,LBE,PA,AEA,CE,Federal Contract Tower,2,9,3,7,21,0,0,27,5,32,2,9,30,12,53,28,20,48,101
01/31/2012,LBE,PA,AEA,CE,Federal Contract Tower,0,7,6,8,21,0,0,32,4,36,0,7,38,12,57,22,0,22,79
02/01/2012,LBE,PA,AEA,CE,Federal Contract Tower,2,8,6,2,18,0,0,15,6,21,2,8,21,8,39,38,0,38,77
02/02/2012,LBE,PA,AEA,CE,Federal Contract Tower,0,7,1,2,10,0,0,20,2,22,0,7,21,4,32,2,0,2,34
02/03/2012,LBE,PA,AEA,CE,Federal Contract Tower,2,11,9,6,28,0,0,70,5,75,2,11,79,11,103,60,10,70,173
02/04/2012,LBE,PA,AEA,CE,Federal Contract Tower,2,4,2,0,8,0,0,4,0,4,2,4,6,0,12,10,0,10,22
02/05/2012,LBE,PA,AEA,CE,Federal Contract Tower,0,6,5,0,11,0,0,40,0,40,0,6,45,0,51,58,0,58,109
02/06/2012,LBE,PA,AEA,CE,Federal Contract Tower,2,4,8,0,14,0,0,47,2,49,2,4,55,2,63,54,6,60,123
02/07/2012,LBE,PA,AEA,CE,Federal Contract Tower,0,9,8,6,23,0,0,0,0,0,0,9,8,6,23,52,6,58,81
02/08/2012,LBE,PA,AEA,CE,Federal Contract Tower,2,6,2,2,12,0,0,0,0,0,2,6,2,2,12,0,0,0,12
02/09/2012,LBE,PA,AEA,CE,Federal Contract Tower,0,5,14,0,19,0,0,54,3,57,0,5,68,3,76,28,8,36,112
02/10/2012,LBE,PA,AEA,CE,Federal Contract Tower,2,14,6,5,27,0,0,9,3,12,2,14,15,8,39,2,0,2,41
02/11/2012,LBE,PA,AEA,CE,Federal Contract Tower,2,5,4,0,11,0,0,0,0,0,2,5,4,0,11,0,0,0,11
02/12/2012,LBE,PA,AEA,CE,Federal Contract Tower,0,5,4,0,9,0,0,0,0,0,0,5,4,0,9,0,0,0,9
02/13/2012,LBE,PA,AEA,CE,Federal Contract Tower,2,11,8,9,30,0,0,27,0,27,2,11,35,9,57,42,0,42,99
02/14/2012,LBE,PA,AEA,CE,Federal Contract Tower,0,7,2,4,13,0,0,0,2,2,0,7,2,6,15,0,4,4,19
02/15/2012,LBE,PA,AEA,CE,Federal Contract Tower,4,5,4,0,13,0,0,17,0,17,4,5,21,0,30,58,0,58,88
02/16/2012,LBE,PA,AEA,CE,Federal Contract Tower,0,14,7,0,21,0,0,3,0,3,0,14,10,0,24,0,0,0,24
02/17/2012,LBE,PA,AEA,CE,Federal Contract Tower,4,13,2,3,22,0,1,30,1,32,4,14,32,4,54,8,4,12,66
02/18/2012,LBE,PA,AEA,CE,Federal Contract Tower,2,3,4,0,9,0,0,28,0,28,2,3,32,0,37,46,0,46,83
02/19/2012,LBE,PA,AEA,CE,Federal Contract Tower,0,5,3,0,8,0,0,30,0,30,0,5,33,0,38,16,0,16,54
02/20/2012,LBE,PA,AEA,CE,Federal Contract Tower,4,9,4,8,25,0,0,57,3,60,4,9,61,11,85,40,6,46,131
02/21/2012,LBE,PA,AEA,CE,Federal Contract Tower,1,11,12,2,26,0,0,18,0,18,1,11,30,2,44,0,6,6,50
02/22/2012,LBE,PA,AEA,CE,Federal Contract Tower,5,10,7,4,26,0,0,15,1,16,5,10,22,5,42,2,0,2,44
02/23/2012,LBE,PA,AEA,CE,Federal Contract Tower,2,6,3,7,18,0,0,28,19,47,2,6,31,26,65,18,6,24,89
02/24/2012,LBE,PA,AEA,CE,Federal Contract Tower,2,6,4,1,13,0,2,0,0,2,2,8,4,1,15,0,0,0,15
02/25/2012,LBE,PA,AEA,CE,Federal Contract Tower,2,5,0,0,7,0,0,0,0,0,2,5,0,0,7,0,0,0,7
02/26/2012,LBE,PA,AEA,CE,Federal Contract Tower,0,6,4,4,14,0,0,49,7,56,0,6,53,11,70,74,8,82,152
02/27/2012,LBE,PA,AEA,CE,Federal Contract Tower,2,5,4,4,15,0,0,14,2,16,2,5,18,6,31,16,4,20,51
02/28/2012,LBE,PA,AEA,CE,Federal Contract Tower,0,2,7,2,11,0,0,40,5,45,0,2,47,7,56,32,2,34,90
02/29/2012,LBE,PA,AEA,CE,Federal Contract Tower,6,10,4,0,20,0,0,4,0,4,6,10,8,0,24,0,0,0,24
03/01/2012,LBE,PA,AEA,CE,Federal Contract Tower,2,21,7,0,30,0,4,1,4,9,2,25,8,4,39,0,6,6,45
03/02/2012,LBE,PA,AEA,CE,Federal Contract Tower,3,10,4,0,17,0,2,16,2,20,3,12,20,2,37,8,0,8,45
03/03/2012,LBE,PA,AEA,CE,Federal Contract Tower,2,0,0,2,4,0,0,5,0,5,2,0,5,2,9,0,0,0,9
03/04/2012,LBE,PA,AEA,CE,Federal Contract Tower,0,10,2,0,12,0,0,8,0,8,0,10,10,0,20,6,0,6,26
03/05/2012,LBE,PA,AEA,CE,Federal Contract Tower,2,3,1,0,6,0,0,3,0,3,2,3,4,0,9,0,0,0,9
03/06/2012,LBE,PA,AEA,CE,Federal Contract Tower,0,4,8,3,15,0,2,41,5,48,0,6,49,8,63,28,0,28,91
03/07/2012,LBE,PA,AEA,CE,Federal Contract Tower,2,14,8,2,26,0,0,26,6,32,2,14,34,8,58,10,0,10,68
03/08/2012,LBE,PA,AEA,CE,Federal Contract Tower,0,18,2,0,20,0,0,2,0,2,0,18,4,0,22,0,0,0,22
03/09/2012,LBE,PA,AEA,CE,Federal Contract Tower,5,15,2,7,29,0,1,8,13,22,5,16,10,20,51,12,8,20,71
03/10/2012,LBE,PA,AEA,CE,Federal Contract Tower,2,3,3,2,10,0,0,67,0,67,2,3,70,2,77,122,0,122,199
03/11/2012,LBE,PA,AEA,CE,Federal Contract Tower,3,6,8,2,19,0,0,90,0,90,3,6,98,2,109,140,0,140,249
03/12/2012,LBE,PA,AEA,CE,Federal Contract Tower,2,4,10,0,16,0,0,11,0,11,2,4,21,0,27,16,0,16,43
03/13/2012,LBE,PA,AEA,CE,Federal Contract Tower,0,9,6,2,17,0,3,11,7,21,0,12,17,9,38,0,0,0,38
03/14/2012,LBE,PA,AEA,CE,Federal Contract Tower,3,8,12,3,26,0,4,63,1,68,3,12,75,4,94,30,0,30,124
03/15/2012,LBE,PA,AEA,CE,Federal Contract Tower,0,9,5,4,18,0,0,7,4,11,0,9,12,8,29,8,0,8,37
03/16/2012,LBE,PA,AEA,CE,Federal Contract Tower,2,12,7,0,21,0,0,16,0,16,2,12,23,0,37,20,0,20,57
03/17/2012,LBE,PA,AEA,CE,Federal Contract Tower,2,4,6,0,12,0,0,59,0,59,2,4,65,0,71,56,0,56,127
03/18/2012,LBE,PA,AEA,CE,Federal Contract Tower,1,11,10,0,22,0,0,21,0,21,1,11,31,0,43,22,0,22,65
03/19/2012,LBE,PA,AEA,CE,Federal Contract Tower,2,6,9,2,19,0,1,3,0,4,2,7,12,2,23,0,0,0,23
03/20/2012,LBE,PA,AEA,CE,Federal Contract Tower,3,11,9,0,23,0,0,51,2,53,3,11,60,2,76,26,0,26,102
03/21/2012,LBE,PA,AEA,CE,Federal Contract Tower,2,9,9,5,25,0,0,49,2,51,2,9,58,7,76,10,6,16,92
03/22/2012,LBE,PA,AEA,CE,Federal Contract Tower,1,6,15,0,22,0,2,35,0,37,1,8,50,0,59,46,0,46,105
03/23/2012,LBE,PA,AEA,CE,Federal Contract Tower,3,8,15,7,33,0,0,36,1,37,3,8,51,8,70,32,4,36,106
03/24/2012,LBE,PA,AEA,CE,Federal Contract Tower,3,2,1,7,13,0,0,17,0,17,3,2,18,7,30,34,0,34,64
03/25/2012,LBE,PA,AEA,CE,Federal Contract Tower,1,5,9,1,16,0,0,2,0,2,1,5,11,1,18,22,0,22,40
03/26/2012,LBE,PA,AEA,CE,Federal Contract Tower,3,5,4,4,16,0,0,2,0,2,3,5,6,4,18,0,0,0,18
03/27/2012,LBE,PA,AEA,CE,Federal Contract Tower,2,11,6,0,19,4,2,49,0,55,6,13,55,0,74,24,0,24,98
03/28/2012,LBE,PA,AEA,CE,Federal Contract Tower,4,14,4,0,22,0,2,4,0,6,4,16,8,0,28,0,0,0,28
03/29/2012,LBE,PA,AEA,CE,Federal Contract Tower,0,14,7,3,24,0,0,11,3,14,0,14,18,6,38,0,0,0,38
03/30/2012,LBE,PA,AEA,CE,Federal Contract Tower,2,22,9,0,33,0,0,33,0,33,2,22,42,0,66,44,0,44,110
03/31/2012,LBE,PA,AEA,CE,Federal Contract Tower,2,5,6,0,13,0,0,12,0,12,2,5,18,0,25,20,0,20,45
04/01/2012,LBE,PA,AEA,CE,Federal Contract Tower,0,12,2,0,14,0,0,37,0,37,0,12,39,0,51,32,0,32,83
04/02/2012,LBE,PA,AEA,CE,Federal Contract Tower,2,12,7,2,23,0,2,24,0,26,2,14,31,2,49,40,0,40,89
04/03/2012,LBE,PA,AEA,CE,Federal Contract Tower,0,10,6,0,16,0,0,38,0,38,0,10,44,0,54,28,2,30,84
04/04/2012,LBE,PA,AEA,CE,Federal Contract Tower,2,11,12,0,25,0,0,25,0,25,2,11,37,0,50,8,0,8,58
04/05/2012,LBE,PA,AEA,CE,Federal Contract Tower,2,14,6,0,22,0,1,22,4,27,2,15,28,4,49,46,4,50,99
04/06/2012,LBE,PA,AEA,CE,Federal Contract Tower,2,5,12,0,19,0,0,36,0,36,2,5,48,0,55,40,0,40,95
04/07/2012,LBE,PA,AEA,CE,Federal Contract Tower,2,2,6,0,10,0,0,45,0,45,2,2,51,0,55,36,0,36,91
04/08/2012,LBE,PA,AEA,CE,Federal Contract Tower,0,12,4,0,16,0,2,9,0,11,0,14,13,0,27,20,0,20,47
04/09/2012,LBE,PA,AEA,CE,Federal Contract Tower,4,13,6,2,25,0,3,1,4,8,4,16,7,6,33,0,0,0,33
04/10/2012,LBE,PA,AEA,CE,Federal Contract Tower,0,15,4,0,19,0,0,5,6,11,0,15,9,6,30,4,6,10,40
04/11/2012,LBE,PA,AEA,CE,Federal Contract Tower,1,11,4,0,16,0,0,2,0,2,1,11,6,0,18,0,2,2,20
04/12/2012,LBE,PA,AEA,CE,Federal Contract Tower,1,10,10,5,26,0,0,19,3,22,1,10,29,8,48,26,0,26,74
04/13/2012,LBE,PA,AEA,CE,Federal Contract Tower,2,6,10,0,18,0,0,45,0,45,2,6,55,0,63,18,0,18,81
04/14/2012,LBE,PA,AEA,CE,Federal Contract Tower,2,7,9,2,20,0,0,23,0,23,2,7,32,2,43,36,8,44,87
04/15/2012,LBE,PA,AEA,CE,Federal Contract Tower,0,7,8,2,17,0,0,10,0,10,0,7,18,2,27,46,0,46,73
04/16/2012,LBE,PA,AEA,CE,Federal Contract Tower,2,11,3,0,16,0,2,8,0,10,2,13,11,0,26,12,0,12,38
04/17/2012,LBE,PA,AEA,CE,Federal Contract Tower,0,7,10,4,21,0,0,47,7,54,0,7,57,11,75,32,16,48,123
04/18/2012,LBE,PA,AEA,CE,Federal Contract Tower,2,9,17,4,32,0,0,36,3,39,2,9,53,7,71,46,0,46,117
04/19/2012,LBE,PA,AEA,CE,Federal Contract Tower,0,14,7,0,21,0,5,34,0,39,0,19,41,0,60,36,0,36,96
04/20/2012,LBE,PA,AEA,CE,Federal Contract Tower,3,4,8,8,23,0,0,35,0,35,3,4,43,8,58,20,0,20,78
04/21/2012,LBE,PA,AEA,CE,Federal Contract Tower,2,4,10,0,16,0,0,0,0,0,2,4,10,0,16,18,0,18,34
04/22/2012,LBE,PA,AEA,CE,Federal Contract Tower,2,9,12,2,25,0,4,0,0,4,2,13,12,2,29,0,0,0,29
04/23/2012,LBE,PA,AEA,CE,Federal Contract Tower,4,2,2,0,8,0,0,0,0,0,4,2,2,0,8,0,0,0,8
04/24/2012,LBE,PA,AEA,CE,Federal Contract Tower,0,18,10,2,30,0,0,5,0,5,0,18,15,2,35,0,0,0,35
04/25/2012,LBE,PA,AEA,CE,Federal Contract Tower,4,10,5,1,20,0,6,29,2,37,4,16,34,3,57,22,0,22,79
04/26/2012,LBE,PA,AEA,CE,Federal Contract Tower,0,11,13,0,24,0,0,12,1,13,0,11,25,1,37,24,0,24,61
04/27/2012,LBE,PA,AEA,CE,Federal Contract Tower,2,21,17,0,40,0,2,18,0,20,2,23,35,0,60,24,0,24,84
04/28/2012,LBE,PA,AEA,CE,Federal Contract Tower,2,5,6,0,13,0,0,7,0,7,2,5,13,0,20,18,0,18,38
04/29/2012,LBE,PA,AEA,CE,Federal Contract Tower,0,14,14,0,28,0,2,91,0,93,0,16,105,0,121,60,0,60,181
04/30/2012,LBE,PA,AEA,CE,Federal Contract Tower,2,5,10,0,17,0,0,12,0,12,2,5,22,0,29,18,0,18,47
05/01/2012,LBE,PA,AEA,CE,Federal Contract Tower,0,15,15,0,30,0,0,10,0,10,0,15,25,0,40,6,0,6,46
05/02/2012,LBE,PA,AEA,CE,Federal Contract Tower,2,11,10,0,23,0,4,6,0,10,2,15,16,0,33,0,0,0,33
05/03/2012,LBE,PA,AEA,CE,Federal Contract Tower,0,12,15,2,29,0,0,44,0,44,0,12,59,2,73,40,0,40,113
05/04/2012,LBE,PA,AEA,CE,Federal Contract Tower,4,10,17,0,31,0,0,19,0,19,4,10,36,0,50,38,0,38,88
05/05/2012,LBE,PA,AEA,CE,Federal Contract Tower,6,8,11,0,25,0,0,40,0,40,6,8,51,0,65,48,0,48,113
05/06/2012,LBE,PA,AEA,CE,Federal Contract Tower,2,6,8,2,18,0,0,38,1,39,2,6,46,3,57,56,4,60,117
05/07/2012,LBE,PA,AEA,CE,Federal Contract Tower,4,5,7,0,16,0,0,14,0,14,4,5,21,0,30,14,0,14,44
05/08/2012,LBE,PA,AEA,CE,Federal Contract Tower,0,8,3,0,11,0,0,2,0,2,0,8,5,0,13,0,0,0,13
05/09/2012,LBE,PA,AEA,CE,Federal Contract Tower,4,11,10,0,25,0,0,17,0,17,4,11,27,0,42,56,0,56,98
05/10/2012,LBE,PA,AEA,CE,Federal Contract Tower,0,16,13,0,29,0,0,15,0,15,0,16,28,0,44,32,0,32,76
05/11/2012,LBE,PA,AEA,CE,Federal Contract Tower,4,14,13,1,32,0,0,53,4,57,4,14,66,5,89,32,0,32,121
05/12/2012,LBE,PA,AEA,CE,Federal Contract Tower,4,8,3,0,15,0,1,78,0,79,4,9,81,0,94,76,0,76,170
05/13/2012,LBE,PA,AEA,CE,Federal Contract Tower,0,7,5,0,12,0,0,44,1,45,0,7,49,1,57,82,0,82,139
05/14/2012,LBE,PA,AEA,CE,Federal Contract Tower,4,6,7,0,17,0,0,0,0,0,4,6,7,0,17,6,0,6,23
05/15/2012,LBE,PA,AEA,CE,Federal Contract Tower,1,16,11,0,28,0,0,22,0,22,1,16,33,0,50,6,0,6,56
05/16/2012,LBE,PA,AEA,CE,Federal Contract Tower,5,13,11,0,29,0,4,30,1,35,5,17,41,1,64,20,0,20,84
05/17/2012,LBE,PA,AEA,CE,Federal Contract Tower,3,11,15,2,31,0,0,50,2,52,3,11,65,4,83,36,0,36,119
05/18/2012,LBE,PA,AEA,CE,Federal Contract Tower,4,11,18,1,34,0,0,43,0,43,4,11,61,1,77,24,0,24,101
05/19/2012,LBE,PA,AEA,CE,Federal Contract Tower,5,6,7,0,18,0,0,30,1,31,5,6,37,1,49,44,2,46,95
05/20/2012,LBE,PA,AEA,CE,Federal Contract Tower,5,14,7,0,26,0,0,47,1,48,5,14,54,1,74,40,0,40,114
05/21/2012,LBE,PA,AEA,CE,Federal Contract Tower,6,5,5,0,16,0,0,3,0,3,6,5,8,0,19,20,0,20,39
05/22/2012,LBE,PA,AEA,CE,Federal Contract Tower,5,14,15,0,34,0,5,43,0,48,5,19,58,0,82,16,0,16,98
05/23/2012,LBE,PA,AEA,CE,Federal Contract Tower,8,13,2,0,23,0,0,15,2,17,8,13,17,2,40,46,0,46,86
05/24/2012,LBE,PA,AEA,CE,Federal Contract Tower,3,9,15,0,27,0,0,25,0,25,3,9,40,0,52,26,6,32,84
05/25/2012,LBE,PA,AEA,CE,Federal Contract Tower,7,17,23,0,47,0,0,31,0,31,7,17,54,0,78,34,0,34,112
05/26/2012,LBE,PA,AEA,CE,Federal Contract Tower,5,0,6,0,11,0,0,38,0,38,5,0,44,0,49,74,0,74,123
05/27/2012,LBE,PA,AEA,CE,Federal Contract Tower,3,4,9,0,16,0,0,25,0,25,3,4,34,0,41,52,0,52,93
05/28/2012,LBE,PA,AEA,CE,Federal Contract Tower,6,13,13,0,32,0,0,39,0,39,6,13,52,0,71,56,0,56,127
05/29/2012,LBE,PA,AEA,CE,Federal Contract Tower,4,4,8,0,16,0,0,22,2,24,4,4,30,2,40,34,0,34,74
05/30/2012,LBE,PA,AEA,CE,Federal Contract Tower,6,5,13,0,24,0,0,40,4,44,6,5,53,4,68,18,6,24,92
05/31/2012,LBE,PA,AEA,CE,Federal Contract Tower,5,9,13,2,29,0,1,52,2,55,5,10,65,4,84,38,0,38,122
06/01/2012,LBE,PA,AEA,CE,Federal Contract Tower,3,12,13,3,31,0,0,0,3,3,3,12,13,6,34,0,6,6,40
06/02/2012,LBE,PA,AEA,CE,Federal Contract Tower,5,2,5,0,12,0,0,21,0,21,5,2,26,0,33,20,0,20,53
06/03/2012,LBE,PA,AEA,CE,Federal Contract Tower,3,11,15,0,29,0,0,24,0,24,3,11,39,0,53,24,0,24,77
06/04/2012,LBE,PA,AEA,CE,Federal Contract Tower,5,11,7,0,23,0,0,13,0,13,5,11,20,0,36,6,0,6,42
06/05/2012,LBE,PA,AEA,CE,Federal Contract Tower,3,13,18,0,34,0,0,13,6,19,3,13,31,6,53,38,18,56,109
06/06/2012,LBE,PA,AEA,CE,Federal Contract Tower,7,13,12,3,35,0,0,45,1,46,7,13,57,4,81,74,6,80,161
06/07/2012,LBE,PA,AEA,CE,Federal Contract Tower,3,5,19,0,27,0,1,31,0,32,3,6,50,0,59,34,0,34,93
06/08/2012,LBE,PA,AEA,CE,Federal Contract Tower,5,12,17,0,34,0,0,38,0,38,5,12,55,0,72,20,0,20,92
06/09/2012,LBE,PA,AEA,CE,Federal Contract Tower,5,11,12,0,28,0,0,32,0,32,5,11,44,0,60,48,0,48,108
06/10/2012,LBE,PA,AEA,CE,Federal Contract Tower,3,7,11,0,21,0,0,41,0,41,3,7,52,0,62,70,0,70,132
06/11/2012,LBE,PA,AEA,CE,Federal Contract Tower,3,8,6,6,23,0,0,11,3,14,3,8,17,9,37,12,8,20,57
06/12/2012,LBE,PA,AEA,CE,Federal Contract Tower,5,8,11,0,24,0,0,10,0,10,5,8,21,0,34,28,0,28,62
06/13/2012,LBE,PA,AEA,CE,Federal Contract Tower,5,13,26,2,46,0,0,47,0,47,5,13,73,2,93,46,30,76,169
06/14/2012,LBE,PA,AEA,CE,Federal Contract Tower,3,17,22,3,45,0,0,33,1,34,3,17,55,4,79,8,0,8,87
06/15/2012,LBE,PA,AEA,CE,Federal Contract Tower,7,11,14,16,48,0,2,49,4,55,7,13,63,20,103,58,4,62,165
06/16/2012,LBE,PA,AEA,CE,Federal Contract Tower,5,12,8,1,26,0,0,50,0,50,5,12,58,1,76,14,0,14,90
06/17/2012,LBE,PA,AEA,CE,Federal Contract Tower,4,20,9,1,34,0,0,16,0,16,4,20,25,1,50,0,0,0,50
06/18/2012,LBE,PA,AEA,CE,Federal Contract Tower,5,12,9,0,26,0,0,10,4,14,5,12,19,4,40,8,0,8,48
06/19/2012,LBE,PA,AEA,CE,Federal Contract Tower,6,6,6,1,19,0,0,22,4,26,6,6,28,5,45,22,12,34,79
06/20/2012,LBE,PA,AEA,CE,Federal Contract Tower,4,14,18,5,41,0,2,58,6,66,4,16,76,11,107,12,0,12,119
06/21/2012,LBE,PA,AEA,CE,Federal Contract Tower,3,8,4,2,17,0,3,49,0,52,3,11,53,2,69,13,12,25,94
06/22/2012,LBE,PA,AEA,CE,Federal Contract Tower,5,7,8,2,22,0,1,25,1,27,5,8,33,3,49,12,22,34,83
06/23/2012,LBE,PA,AEA,CE,Federal Contract Tower,5,7,5,0,17,0,1,38,0,39,5,8,43,0,56,0,0,0,56
06/24/2012,LBE,PA,AEA,CE,Federal Contract Tower,3,9,10,12,34,0,1,52,8,61,3,10,62,20,95,10,0,10,105
06/25/2012,LBE,PA,AEA,CE,Federal Contract Tower,7,12,18,2,39,0,6,39,0,45,7,18,57,2,84,32,0,32,116
06/26/2012,LBE,PA,AEA,CE,Federal Contract Tower,4,18,7,1,30,0,4,41,7,52,4,22,48,8,82,38,4,42,124
06/27/2012,LBE,PA,AEA,CE,Federal Contract Tower,7,22,10,0,39,0,0,44,0,44,7,22,54,0,83,8,0,8,91
06/28/2012,LBE,PA,AEA,CE,Federal Contract Tower,3,16,18,0,37,0,0,40,0,40,3,16,58,0,77,48,0,48,125
06/29/2012,LBE,PA,AEA,CE,Federal Contract Tower,5,16,18,0,39,0,0,29,0,29,5,16,47,0,68,58,0,58,126
06/30/2012,LBE,PA,AEA,CE,Federal Contract Tower,7,17,7,1,32,0,0,24,2,26,7,17,31,3,58,46,0,46,104
07/01/2012,LBE,PA,AEA,CE,Federal Contract Tower,2,8,9,0,19,0,0,40,0,40,2,8,49,0,59,32,0,32,91
07/02/2012,LBE,PA,AEA,CE,Federal Contract Tower,6,12,5,0,23,0,1,29,4,34,6,13,34,4,57,56,0,56,113
07/03/2012,LBE,PA,AEA,CE,Federal Contract Tower,5,6,4,4,19,0,0,27,3,30,5,6,31,7,49,10,0,10,59
07/04/2012,LBE,PA,AEA,CE,Federal Contract Tower,5,2,4,0,11,0,0,21,0,21,5,2,25,0,32,26,0,26,58
07/05/2012,LBE,PA,AEA,CE,Federal Contract Tower,3,7,10,4,24,0,0,48,2,50,3,7,58,6,74,30,6,36,110
07/06/2012,LBE,PA,AEA,CE,Federal Contract Tower,7,11,16,0,34,0,0,22,0,22,7,11,38,0,56,30,0,30,86
07/07/2012,LBE,PA,AEA,CE,Federal Contract Tower,5,7,4,0,16,0,0,21,0,21,5,7,25,0,37,44,0,44,81
07/08/2012,LBE,PA,AEA,CE,Federal Contract Tower,5,3,12,0,20,0,0,26,0,26,5,3,38,0,46,24,0,24,70
07/09/2012,LBE,PA,AEA,CE,Federal Contract Tower,6,20,9,4,39,0,0,50,0,50,6,20,59,4,89,12,0,12,101
07/10/2012,LBE,PA,AEA,CE,Federal Contract Tower,5,11,14,0,30,0,0,33,1,34,5,11,47,1,64,4,0,4,68
07/11/2012,LBE,PA,AEA,CE,Federal Contract Tower,6,13,8,0,27,0,2,45,6,53,6,15,53,6,80,44,12,56,136
07/12/2012,LBE,PA,AEA,CE,Federal Contract Tower,3,14,14,0,31,0,1,57,2,60,3,15,71,2,91,50,0,50,141
07/13/2012,LBE,PA,AEA,CE,Federal Contract Tower,5,7,8,0,20,0,0,33,2,35,5,7,41,2,55,26,0,26,81
07/14/2012,LBE,PA,AEA,CE,Federal Contract Tower,5,10,6,0,21,0,0,29,9,38,5,10,35,9,59,38,0,38,97
07/15/2012,LBE,PA,AEA,CE,Federal Contract Tower,3,9,15,0,27,0,0,22,0,22,3,9,37,0,49,20,0,20,69
07/16/2012,LBE,PA,AEA,CE,Federal Contract Tower,5,8,14,3,30,0,2,18,1,21,5,10,32,4,51,20,8,28,79
07/17/2012,LBE,PA,AEA,CE,Federal Contract Tower,5,15,10,0,30,0,0,20,1,21,5,15,30,1,51,0,0,0,51
07/18/2012,LBE,PA,AEA,CE,Federal Contract Tower,5,4,8,2,19,0,2,5,2,9,5,6,13,4,28,0,0,0,28
07/19/2012,LBE,PA,AEA,CE,Federal Contract Tower,3,13,24,0,40,0,2,18,0,20,3,15,42,0,60,0,0,0,60
07/20/2012,LBE,PA,AEA,CE,Federal Contract Tower,6,9,21,0,36,0,0,1,0,1,6,9,22,0,37,0,0,0,37
07/21/2012,LBE,PA,AEA,CE,Federal Contract Tower,6,1,13,0,20,0,0,19,0,19,6,1,32,0,39,0,0,0,39
07/22/2012,LBE,PA,AEA,CE,Federal Contract Tower,3,6,6,0,15,0,0,54,0,54,3,6,60,0,69,18,0,18,87
07/23/2012,LBE,PA,AEA,CE,Federal Contract Tower,7,10,5,0,22,0,0,16,0,16,7,10,21,0,38,4,0,4,42
07/24/2012,LBE,PA,AEA,CE,Federal Contract Tower,6,12,22,6,46,0,0,12,1,13,6,12,34,7,59,0,0,0,59
07/25/2012,LBE,PA,AEA,CE,Federal Contract Tower,7,17,19,2,45,0,0,65,9,74,7,17,84,11,119,38,0,38,157
07/26/2012,LBE,PA,AEA,CE,Federal Contract Tower,3,11,9,0,23,0,0,21,1,22,3,11,30,1,45,16,0,16,61
07/27/2012,LBE,PA,AEA,CE,Federal Contract Tower,7,15,11,0,33,0,0,16,0,16,7,15,27,0,49,6,0,6,55
07/28/2012,LBE,PA,AEA,CE,Federal Contract Tower,5,7,18,0,30,0,0,9,0,9,5,7,27,0,39,22,0,22,61
07/29/2012,LBE,PA,AEA,CE,Federal Contract Tower,5,9,14,0,28,0,0,59,0,59,5,9,73,0,87,32,0,32,119
07/30/2012,LBE,PA,AEA,CE,Federal Contract Tower,5,7,10,3,25,0,0,44,10,54,5,7,54,13,79,42,8,50,129
07/31/2012,LBE,PA,AEA,CE,Federal Contract Tower,7,15,11,2,35,0,0,44,19,63,7,15,55,21,98,46,20,66,164
08/01/2012,LBE,PA,AEA,CE,Federal Contract Tower,5,11,18,2,36,0,0,35,4,39,5,11,53,6,75,8,2,10,85
08/02/2012,LBE,PA,AEA,CE,Federal Contract Tower,3,21,11,0,35,0,0,52,2,54,3,21,63,2,89,18,0,18,107
08/03/2012,LBE,PA,AEA,CE,Federal Contract Tower,7,12,8,2,29,0,0,28,0,28,7,12,36,2,57,42,0,42,99
08/04/2012,LBE,PA,AEA,CE,Federal Contract Tower,6,10,4,0,20,0,2,37,0,39,6,12,41,0,59,64,0,64,123
08/05/2012,LBE,PA,AEA,CE,Federal Contract Tower,3,11,4,0,18,0,0,2,0,2,3,11,6,0,20,0,0,0,20
08/06/2012,LBE,PA,AEA,CE,Federal Contract Tower,5,12,7,3,27,0,2,32,1,35,5,14,39,4,62,46,6,52,114
08/07/2012,LBE,PA,AEA,CE,Federal Contract Tower,5,6,13,2,26,0,0,75,11,86,5,6,88,13,112,74,22,96,208
08/08/2012,LBE,PA,AEA,CE,Federal Contract Tower,5,8,23,0,36,0,0,31,3,34,5,8,54,3,70,52,0,52,122
08/09/2012,LBE,PA,AEA,CE,Federal Contract Tower,3,15,12,0,30,0,0,20,2,22,3,15,32,2,52,14,0,14,66
08/10/2012,LBE,PA,AEA,CE,Federal Contract Tower,6,13,15,2,36,0,0,7,2,9,6,13,22,4,45,30,0,30,75
08/11/2012,LBE,PA,AEA,CE,Federal Contract Tower,5,6,5,0,16,0,2,16,6,24,5,8,21,6,40,12,0,12,52
08/12/2012,LBE,PA,AEA,CE,Federal Contract Tower,4,5,11,0,20,0,4,32,1,37,4,9,43,1,57,36,2,38,95
08/13/2012,LBE,PA,AEA,CE,Federal Contract Tower,6,12,6,2,26,0,0,31,0,31,6,12,37,2,57,30,0,30,87
08/14/2012,LBE,PA,AEA,CE,Federal Contract Tower,3,15,9,2,29,0,0,15,8,23,3,15,24,10,52,42,6,48,100
08/15/2012,LBE,PA,AEA,CE,Federal Contract Tower,5,12,19,3,39,0,0,17,0,17,5,12,36,3,56,36,0,36,92
08/16/2012,LBE,PA,AEA,CE,Federal Contract Tower,1,19,12,4,36,0,2,30,2,34,1,21,42,6,70,50,2,52,122
08/17/2012,LBE,PA,AEA,CE,Federal Contract Tower,4,14,19,2,39,0,0,12,0,12,4,14,31,2,51,2,0,2,53
08/18/2012,LBE,PA,AEA,CE,Federal Contract Tower,6,3,13,0,22,0,0,45,0,45,6,3,58,0,67,48,0,48,115
08/19/2012,LBE,PA,AEA,CE,Federal Contract Tower,3,7,17,0,27,0,0,30,0,30,3,7,47,0,57,22,0,22,79
08/20/2012,LBE,PA,AEA,CE,Federal Contract Tower,5,10,4,0,19,0,0,14,0,14,5,10,18,0,33,4,0,4,37
08/21/2012,LBE,PA,AEA,CE,Federal Contract Tower,5,10,10,0,25,0,0,26,0,26,5,10,36,0,51,26,0,26,77
08/22/2012,LBE,PA,AEA,CE,Federal Contract Tower,6,13,14,0,33,0,0,35,2,37,6,13,49,2,70,36,0,36,106
08/23/2012,LBE,PA,AEA,CE,Federal Contract Tower,3,16,22,0,41,0,0,58,0,58,3,16,80,0,99,38,0,38,137
08/24/2012,LBE,PA,AEA,CE,Federal Contract Tower,6,8,14,8,36,0,0,31,5,36,6,8,45,13,72,42,14,56,128
08/25/2012,LBE,PA,AEA,CE,Federal Contract Tower,5,6,9,0,20,0,0,56,0,56,5,6,65,0,76,34,0,34,110
08/26/2012,LBE,PA,AEA,CE,Federal Contract Tower,5,12,15,0,32,0,0,26,0,26,5,12,41,0,58,28,0,28,86
08/27/2012,LBE,PA,AEA,CE,Federal Contract Tower,5,11,15,2,33,0,0,2,6,8,5,11,17,8,41,0,12,12,53
08/28/2012,LBE,PA,AEA,CE,Federal Contract Tower,7,11,10,0,28,0,0,26,4,30,7,11,36,4,58,52,12,64,122
08/29/2012,LBE,PA,AEA,CE,Federal Contract Tower,5,19,12,6,42,0,1,31,0,32,5,20,43,6,74,2,2,4,78
08/30/2012,LBE,PA,AEA,CE,Federal Contract Tower,3,13,26,10,52,0,0,62,2,64,3,13,88,12,116,64,0,64,180
08/31/2012,LBE,PA,AEA,CE,Federal Contract Tower,7,16,20,2,45,0,0,50,0,50,7,16,70,2,95,32,0,32,127
09/01/2012,LBE,PA,AEA,CE,Federal Contract Tower,5,3,6,0,14,0,0,24,0,24,5,3,30,0,38,26,0,26,64
09/02/2012,LBE,PA,AEA,CE,Federal Contract Tower,3,8,8,0,19,0,0,7,0,7,3,8,15,0,26,12,0,12,38
09/03/2012,LBE,PA,AEA,CE,Federal Contract Tower,7,3,2,0,12,0,0,11,0,11,7,3,13,0,23,20,0,20,43
09/04/2012,LBE,PA,AEA,CE,Federal Contract Tower,5,7,3,4,19,0,2,7,6,15,5,9,10,10,34,6,6,12,46
09/05/2012,LBE,PA,AEA,CE,Federal Contract Tower,1,14,11,4,30,0,0,19,10,29,1,14,30,14,59,38,2,40,99
09/06/2012,LBE,PA,AEA,CE,Federal Contract Tower,4,15,24,4,47,0,0,47,6,53,4,15,71,10,100,38,0,38,138
09/07/2012,LBE,PA,AEA,CE,Federal Contract Tower,7,9,22,4,42,0,0,51,2,53,7,9,73,6,95,58,0,58,153
09/08/2012,LBE,PA,AEA,CE,Federal Contract Tower,2,1,2,0,5,0,0,0,0,0,2,1,2,0,5,0,0,0,5
09/09/2012,LBE,PA,AEA,CE,Federal Contract Tower,4,10,10,2,26,0,2,14,0,16,4,12,24,2,42,2,0,2,44
09/10/2012,LBE,PA,AEA,CE,Federal Contract Tower,7,12,13,6,38,0,2,21,0,23,7,14,34,6,61,30,0,30,91
09/11/2012,LBE,PA,AEA,CE,Federal Contract Tower,4,13,15,6,38,0,0,33,2,35,4,13,48,8,73,30,0,30,103
09/12/2012,LBE,PA,AEA,CE,Federal Contract Tower,0,12,16,6,34,0,1,47,2,50,0,13,63,8,84,60,12,72,156
09/13/2012,LBE,PA,AEA,CE,Federal Contract Tower,4,23,15,1,43,0,2,69,1,72,4,25,84,2,115,88,0,88,203
09/14/2012,LBE,PA,AEA,CE,Federal Contract Tower,5,19,15,9,48,0,0,33,5,38,5,19,48,14,86,60,12,72,158
09/15/2012,LBE,PA,AEA,CE,Federal Contract Tower,2,8,5,7,22,0,0,10,0,10,2,8,15,7,32,6,0,6,38
09/16/2012,LBE,PA,AEA,CE,Federal Contract Tower,4,4,19,0,27,0,2,57,0,59,4,6,76,0,86,20,0,20,106
09/17/2012,LBE,PA,AEA,CE,Federal Contract Tower,6,12,12,7,37,0,0,44,0,44,6,12,56,7,81,52,0,52,133
09/18/2012,LBE,PA,AEA,CE,Federal Contract Tower,4,8,8,0,20,0,0,0,0,0,4,8,8,0,20,0,0,0,20
09/19/2012,LBE,PA,AEA,CE,Federal Contract Tower,3,10,7,3,23,0,0,61,7,68,3,10,68,10,91,38,20,58,149
09/20/2012,LBE,PA,AEA,CE,Federal Contract Tower,5,9,14,0,28,0,0,41,0,41,5,9,55,0,69,26,0,26,95
09/21/2012,LBE,PA,AEA,CE,Federal Contract Tower,6,15,12,6,39,0,2,24,0,26,6,17,36,6,65,36,0,36,101
09/22/2012,LBE,PA,AEA,CE,Federal Contract Tower,2,5,3,0,10,0,2,25,0,27,2,7,28,0,37,10,0,10,47
09/23/2012,LBE,PA,AEA,CE,Federal Contract Tower,4,20,9,0,33,0,0,7,0,7,4,20,16,0,40,2,0,2,42
09/24/2012,LBE,PA,AEA,CE,Federal Contract Tower,4,20,13,2,39,0,4,19,0,23,4,24,32,2,62,14,0,14,76
09/25/2012,LBE,PA,AEA,CE,Federal Contract Tower,4,10,23,0,37,0,0,34,0,34,4,10,57,0,71,52,0,52,123
09/26/2012,LBE,PA,AEA,CE,Federal Contract Tower,2,13,17,4,36,0,6,0,0,6,2,19,17,4,42,0,0,0,42
09/27/2012,LBE,PA,AEA,CE,Federal Contract Tower,4,21,13,0,38,0,0,0,0,0,4,21,13,0,38,0,0,0,38
09/28/2012,LBE,PA,AEA,CE,Federal Contract Tower,5,9,5,1,20,0,0,20,1,21,5,9,25,2,41,22,0,22,63
09/29/2012,LBE,PA,AEA,CE,Federal Contract Tower,3,11,14,0,28,0,0,39,0,39,3,11,53,0,67,46,0,46,113
09/30/2012,LBE,PA,AEA,CE,Federal Contract Tower,5,10,16,0,31,0,0,14,0,14,5,10,30,0,45,28,0,28,73
10/01/2012,LBE,PA,AEA,CE,Federal Contract Tower,4,8,6,4,22,0,0,32,0,32,4,8,38,4,54,46,0,46,100
10/02/2012,LBE,PA,AEA,CE,Federal Contract Tower,4,11,9,0,24,0,0,5,0,5,4,11,14,0,29,0,0,0,29
10/03/2012,LBE,PA,AEA,CE,Federal Contract Tower,2,18,16,3,39,0,1,16,1,18,2,19,32,4,57,14,0,14,71
10/04/2012,LBE,PA,AEA,CE,Federal Contract Tower,4,27,26,4,61,0,0,55,0,55,4,27,81,4,116,24,0,24,140
10/05/2012,LBE,PA,AEA,CE,Federal Contract Tower,6,24,21,0,51,0,0,91,0,91,6,24,112,0,142,38,0,38,180
10/06/2012,LBE,PA,AEA,CE,Federal Contract Tower,2,9,11,0,22,0,0,31,0,31,2,9,42,0,53,42,0,42,95
10/07/2012,LBE,PA,AEA,CE,Federal Contract Tower,0,4,16,4,24,0,0,32,0,32,0,4,48,4,56,4,0,4,60
10/08/2012,LBE,PA,AEA,CE,Federal Contract Tower,6,21,8,0,35,0,0,17,0,17,6,21,25,0,52,22,0,22,74
10/09/2012,LBE,PA,AEA,CE,Federal Contract Tower,4,12,11,9,36,0,0,47,8,55,4,12,58,17,91,42,18,60,151
10/10/2012,LBE,PA,AEA,CE,Federal Contract Tower,3,8,16,0,27,0,0,11,2,13,3,8,27,2,40,10,0,10,50
10/11/2012,LBE,PA,AEA,CE,Federal Contract Tower,4,11,9,0,24,0,4,56,4,64,4,15,65,4,88,40,0,40,128
10/12/2012,LBE,PA,AEA,CE,Federal Contract Tower,4,9,19,0,32,0,0,18,0,18,4,9,37,0,50,38,0,38,88
10/13/2012,LBE,PA,AEA,CE,Federal Contract Tower,2,15,12,0,29,0,0,59,0,59,2,15,71,0,88,30,2,32,120
10/14/2012,LBE,PA,AEA,CE,Federal Contract Tower,4,3,3,0,10,0,0,19,2,21,4,3,22,2,31,8,0,8,39
10/15/2012,LBE,PA,AEA,CE,Federal Contract Tower,6,6,11,0,23,0,0,0,0,0,6,6,11,0,23,0,0,0,23
10/16/2012,LBE,PA,AEA,CE,Federal Contract Tower,4,9,3,8,24,0,0,30,0,30,4,9,33,8,54,52,0,52,106
10/17/2012,LBE,PA,AEA,CE,Federal Contract Tower,4,12,10,2,28,0,0,64,1,65,4,12,74,3,93,20,0,20,113
10/18/2012,LBE,PA,AEA,CE,Federal Contract Tower,4,13,7,4,28,0,1,10,2,13,4,14,17,6,41,0,0,0,41
10/19/2012,LBE,PA,AEA,CE,Federal Contract Tower,6,11,13,4,34,0,0,39,0,39,6,11,52,4,73,62,0,62,135
10/20/2012,LBE,PA,AEA,CE,Federal Contract Tower,2,7,9,0,18,0,2,7,0,9,2,9,16,0,27,0,0,0,27
10/21/2012,LBE,PA,AEA,CE,Federal Contract Tower,4,8,14,0,26,0,0,56,0,56,4,8,70,0,82,70,0,70,152
10/22/2012,LBE,PA,AEA,CE,Federal Contract Tower,4,6,9,4,23,0,0,24,0,24,4,6,33,4,47,8,2,10,57
10/23/2012,LBE,PA,AEA,CE,Federal Contract Tower,4,13,10,4,31,0,0,17,0,17,4,13,27,4,48,22,0,22,70
10/24/2012,LBE,PA,AEA,CE,Federal Contract Tower,2,16,4,2,24,0,2,29,0,31,2,18,33,2,55,36,0,36,91
10/25/2012,LBE,PA,AEA,CE,Federal Contract Tower,4,18,12,4,38,0,0,72,0,72,4,18,84,4,110,78,0,78,188
10/26/2012,LBE,PA,AEA,CE,Federal Contract Tower,4,14,13,6,37,0,3,79,0,82,4,17,92,6,119,62,4,66,185
10/27/2012,LBE,PA,AEA,CE,Federal Contract Tower,2,8,1,8,19,0,0,7,0,7,2,8,8,8,26,0,0,0,26
10/28/2012,LBE,PA,AEA,CE,Federal Contract Tower,4,12,6,0,22,0,0,0,0,0,4,12,6,0,22,0,0,0,22
10/29/2012,LBE,PA,AEA,CE,Federal Contract Tower,2,8,2,0,12,0,0,0,0,0,2,8,2,0,12,0,0,0,12
10/30/2012,LBE,PA,AEA,CE,Federal Contract Tower,4,1,0,0,5,0,0,1,0,1,4,1,1,0,6,0,0,0,6
10/31/2012,LBE,PA,AEA,CE,Federal Contract Tower,2,4,1,0,7,0,0,0,0,0,2,4,1,0,7,0,0,0,7
11/01/2012,LBE,PA,AEA,CE,Federal Contract Tower,4,11,3,0,18,0,0,0,0,0,4,11,3,0,18,0,0,0,18
11/02/2012,LBE,PA,AEA,CE,Federal Contract Tower,4,15,10,2,31,0,3,3,1,7,4,18,13,3,38,0,2,2,40
11/03/2012,LBE,PA,AEA,CE,Federal Contract Tower,2,12,0,0,14,0,0,6,4,10,2,12,6,4,24,30,0,30,54
11/04/2012,LBE,PA,AEA,CE,Federal Contract Tower,3,5,7,2,17,0,0,37,0,37,3,5,44,2,54,30,0,30,84
11/05/2012,LBE,PA,AEA,CE,Federal Contract Tower,7,4,4,5,20,0,0,3,0,3,7,4,7,5,23,0,12,12,35
11/06/2012,LBE,PA,AEA,CE,Federal Contract Tower,4,7,2,0,13,0,8,40,4,52,4,15,42,4,65,24,34,58,123
11/07/2012,LBE,PA,AEA,CE,Federal Contract Tower,2,16,7,0,25,0,0,23,3,26,2,16,30,3,51,46,6,52,103
11/08/2012,LBE,PA,AEA,CE,Federal Contract Tower,4,11,8,2,25,0,0,38,5,43,4,11,46,7,68,40,10,50,118
11/09/2012,LBE,PA,AEA,CE,Federal Contract Tower,4,21,11,0,36,0,2,52,0,54,4,23,63,0,90,20,0,20,110
11/10/2012,LBE,PA,AEA,CE,Federal Contract Tower,4,4,3,0,11,0,0,36,0,36,4,4,39,0,47,48,0,48,95
11/11/2012,LBE,PA,AEA,CE,Federal Contract Tower,6,4,9,0,19,0,4,63,0,67,6,8,72,0,86,66,0,66,152
11/12/2012,LBE,PA,AEA,CE,Federal Contract Tower,4,9,5,0,18,0,4,4,0,8,4,13,9,0,26,10,0,10,36
11/13/2012,LBE,PA,AEA,CE,Federal Contract Tower,4,15,15,2,36,0,0,14,6,20,4,15,29,8,56,26,10,36,92
11/14/2012,LBE,PA,AEA,CE,Federal Contract Tower,4,7,16,2,29,0,0,24,0,24,4,7,40,2,53,58,0,58,111
11/15/2012,LBE,PA,AEA,CE,Federal Contract Tower,4,14,8,2,28,0,1,50,6,57,4,15,58,8,85,30,4,34,119
11/16/2012,LBE,PA,AEA,CE,Federal Contract Tower,4,7,8,0,19,0,0,27,1,28,4,7,35,1,47,48,0,48,95
11/17/2012,LBE,PA,AEA,CE,Federal Contract Tower,5,3,4,0,12,0,0,54,0,54,5,3,58,0,66,26,0,26,92
11/18/2012,LBE,PA,AEA,CE,Federal Contract Tower,4,4,6,0,14,0,0,31,2,33,4,4,37,2,47,10,0,10,57
11/19/2012,LBE,PA,AEA,CE,Federal Contract Tower,4,13,11,0,28,0,0,32,2,34,4,13,43,2,62,48,4,52,114
11/20/2012,LBE,PA,AEA,CE,Federal Contract Tower,6,18,13,2,39,0,0,39,1,40,6,18,52,3,79,34,6,40,119
11/21/2012,LBE,PA,AEA,CE,Federal Contract Tower,4,14,8,2,28,0,0,55,4,59,4,14,63,6,87,84,18,102,189
11/22/2012,LBE,PA,AEA,CE,Federal Contract Tower,4,11,3,0,18,0,0,9,0,9,4,11,12,0,27,10,0,10,37
11/23/2012,LBE,PA,AEA,CE,Federal Contract Tower,4,5,9,0,18,0,0,5,0,5,4,5,14,0,23,6,0,6,29
11/24/2012,LBE,PA,AEA,CE,Federal Contract Tower,6,6,1,0,13,0,0,0,0,0,6,6,1,0,13,0,0,0,13
11/25/2012,LBE,PA,AEA,CE,Federal Contract Tower,4,25,6,0,35,0,3,16,0,19,4,28,22,0,54,22,0,22,76
11/26/2012,LBE,PA,AEA,CE,Federal Contract Tower,4,9,6,0,19,0,0,28,0,28,4,9,34,0,47,50,0,50,97
11/27/2012,LBE,PA,AEA,CE,Federal Contract Tower,0,11,5,1,17,0,0,5,0,5,0,11,10,1,22,0,0,0,22
11/28/2012,LBE,PA,AEA,CE,Federal Contract Tower,0,9,14,0,23,0,0,16,0,16,0,9,30,0,39,6,0,6,45
11/29/2012,LBE,PA,AEA,CE,Federal Contract Tower,4,6,15,4,29,0,8,28,4,40,4,14,43,8,69,30,2,32,101
11/30/2012,LBE,PA,AEA,CE,Federal Contract Tower,4,7,8,0,19,0,2,18,0,20,4,9,26,0,39,42,0,42,81
12/01/2012,LBE,PA,AEA,CE,Federal Contract Tower,4,3,6,0,13,0,0,39,0,39,4,3,45,0,52,46,0,46,98
12/02/2012,LBE,PA,AEA,CE,Federal Contract Tower,5,7,8,0,20,0,0,0,0,0,5,7,8,0,20,0,0,0,20
12/03/2012,LBE,PA,AEA,CE,Federal Contract Tower,4,6,2,0,12,0,0,2,0,2,4,6,4,0,14,0,0,0,14
12/04/2012,LBE,PA,AEA,CE,Federal Contract Tower,0,10,4,13,27,0,0,15,2,17,0,10,19,15,44,40,6,46,90
12/05/2012,LBE,PA,AEA,CE,Federal Contract Tower,0,12,13,1,26,0,2,22,1,25,0,14,35,2,51,14,0,14,65
12/06/2012,LBE,PA,AEA,CE,Federal Contract Tower,16,10,16,0,42,2,0,29,0,31,18,10,45,0,73,50,0,50,123
12/07/2012,LBE,PA,AEA,CE,Federal Contract Tower,8,13,16,0,37,0,0,0,0,0,8,13,16,0,37,0,0,0,37
12/08/2012,LBE,PA,AEA,CE,Federal Contract Tower,6,2,12,0,20,0,0,1,2,3,6,2,13,2,23,0,0,0,23
12/09/2012,LBE,PA,AEA,CE,Federal Contract Tower,6,9,4,0,19,0,0,6,0,6,6,9,10,0,25,0,0,0,25
12/10/2012,LBE,PA,AEA,CE,Federal Contract Tower,6,13,1,2,22,0,0,4,0,4,6,13,5,2,26,0,0,0,26
12/11/2012,LBE,PA,AEA,CE,Federal Contract Tower,2,8,8,3,21,0,0,3,3,6,2,8,11,6,27,0,10,10,37
12/12/2012,LBE,PA,AEA,CE,Federal Contract Tower,0,20,9,0,29,0,2,39,0,41,0,22,48,0,70,80,0,80,150
12/13/2012,LBE,PA,AEA,CE,Federal Contract Tower,4,8,14,4,30,0,4,41,0,45,4,12,55,4,75,50,12,62,137
12/14/2012,LBE,PA,AEA,CE,Federal Contract Tower,4,4,5,4,17,0,5,41,0,46,4,9,46,4,63,54,0,54,117
12/15/2012,LBE,PA,AEA,CE,Federal Contract Tower,4,5,4,0,13,0,0,39,0,39,4,5,43,0,52,28,0,28,80
12/16/2012,LBE,PA,AEA,CE,Federal Contract Tower,4,8,3,0,15,0,0,8,0,8,4,8,11,0,23,20,0,20,43
12/17/2012,LBE,PA,AEA,CE,Federal Contract Tower,4,7,10,0,21,0,0,19,0,19,4,7,29,0,40,60,0,60,100
12/18/2012,LBE,PA,AEA,CE,Federal Contract Tower,4,9,9,0,22,0,0,1,0,1,4,9,10,0,23,0,0,0,23
12/19/2012,LBE,PA,AEA,CE,Federal Contract Tower,4,3,12,13,32,0,0,14,0,14,4,3,26,13,46,24,4,28,74
12/20/2012,LBE,PA,AEA,CE,Federal Contract Tower,4,4,5,2,15,0,0,2,0,2,4,4,7,2,17,0,0,0,17
12/21/2012,LBE,PA,AEA,CE,Federal Contract Tower,2,6,3,0,11,0,0,0,0,0,2,6,3,0,11,0,0,0,11
12/22/2012,LBE,PA,AEA,CE,Federal Contract Tower,4,10,2,0,16,0,0,1,0,1,4,10,3,0,17,0,0,0,17
12/23/2012,LBE,PA,AEA,CE,Federal Contract Tower,4,2,6,0,12,0,2,33,0,35,4,4,39,0,47,2,0,2,49
12/24/2012,LBE,PA,AEA,CE,Federal Contract Tower,4,0,5,0,9,0,0,2,0,2,4,0,7,0,11,14,0,14,25
12/25/2012,LBE,PA,AEA,CE,Federal Contract Tower,4,3,0,0,7,0,0,0,0,0,4,3,0,0,7,0,0,0,7
12/26/2012,LBE,PA,AEA,CE,Federal Contract Tower,0,14,4,0,18,0,0,0,0,0,0,14,4,0,18,0,0,0,18
12/27/2012,LBE,PA,AEA,CE,Federal Contract Tower,4,17,2,0,23,0,0,0,0,0,4,17,2,0,23,0,0,0,23
12/28/2012,LBE,PA,AEA,CE,Federal Contract Tower,4,17,6,2,29,0,0,19,0,19,4,17,25,2,48,14,0,14,62
12/29/2012,LBE,PA,AEA,CE,Federal Contract Tower,6,7,0,0,13,0,0,0,0,0,6,7,0,0,13,0,0,0,13
12/30/2012,LBE,PA,AEA,CE,Federal Contract Tower,4,4,2,0,10,0,0,2,0,2,4,4,4,0,12,0,0,0,12
12/31/2012,LBE,PA,AEA,CE,Federal Contract Tower,4,7,2,0,13,0,0,8,0,8,4,7,10,0,21,8,0,8,29
01/01/2013,LBE,PA,AEA,CE,Federal Contract Tower,6,8,0,0,14,0,2,2,0,4,6,10,2,0,18,0,0,0,18
01/02/2013,LBE,PA,AEA,CE,Federal Contract Tower,4,7,6,0,17,0,0,6,0,6,4,7,12,0,23,8,0,8,31
01/03/2013,LBE,PA,AEA,CE,Federal Contract Tower,5,4,9,6,24,0,0,18,2,20,5,4,27,8,44,50,0,50,94
01/04/2013,LBE,PA,AEA,CE,Federal Contract Tower,4,6,5,4,19,0,0,13,0,13,4,6,18,4,32,6,0,6,38
01/05/2013,LBE,PA,AEA,CE,Federal Contract Tower,4,1,2,0,7,0,0,25,0,25,4,1,27,0,32,52,0,52,84
01/06/2013,LBE,PA,AEA,CE,Federal Contract Tower,4,11,2,0,17,0,0,9,0,9,4,11,11,0,26,16,0,16,42
01/07/2013,LBE,PA,AEA,CE,Federal Contract Tower,4,1,9,2,16,0,0,13,0,13,4,1,22,2,29,46,0,46,75
01/08/2013,LBE,PA,AEA,CE,Federal Contract Tower,0,9,5,8,22,0,2,35,4,41,0,11,40,12,63,20,8,28,91
01/09/2013,LBE,PA,AEA,CE,Federal Contract Tower,0,13,7,5,25,0,2,10,4,16,0,15,17,9,41,0,8,8,49
01/10/2013,LBE,PA,AEA,CE,Federal Contract Tower,4,6,18,0,28,0,0,41,2,43,4,6,59,2,71,50,0,50,121
01/11/2013,LBE,PA,AEA,CE,Federal Contract Tower,6,8,3,2,19,0,0,2,0,2,6,8,5,2,21,0,0,0,21
01/12/2013,LBE,PA,AEA,CE,Federal Contract Tower,4,8,5,2,19,0,1,42,0,43,4,9,47,2,62,64,0,64,126
01/13/2013,LBE,PA,AEA,CE,Federal Contract Tower,4,1,0,0,5,0,0,7,0,7,4,1,7,0,12,0,0,0,12
01/14/2013,LBE,PA,AEA,CE,Federal Contract Tower,4,12,1,2,19,0,0,4,0,4,4,12,5,2,23,8,0,8,31
01/15/2013,LBE,PA,AEA,CE,Federal Contract Tower,0,13,1,2,16,0,0,26,2,28,0,13,27,4,44,26,0,26,70
01/16/2013,LBE,PA,AEA,CE,Federal Contract Tower,0,12,6,0,18,0,0,0,0,0,0,12,6,0,18,0,0,0,18
01/17/2013,LBE,PA,AEA,CE,Federal Contract Tower,4,7,12,0,23,0,0,14,0,14,4,7,26,0,37,46,0,46,83
01/18/2013,LBE,PA,AEA,CE,Federal Contract Tower,6,20,4,8,38,0,0,27,0,27,6,20,31,8,65,40,14,54,119
01/19/2013,LBE,PA,AEA,CE,Federal Contract Tower,4,2,4,0,10,0,2,10,0,12,4,4,14,0,22,40,0,40,62
01/20/2013,LBE,PA,AEA,CE,Federal Contract Tower,6,2,3,0,11,0,0,3,0,3,6,2,6,0,14,0,0,0,14
01/21/2013,LBE,PA,AEA,CE,Federal Contract Tower,4,7,3,0,14,0,0,9,0,9,4,7,12,0,23,8,0,8,31
01/22/2013,LBE,PA,AEA,CE,Federal Contract Tower,0,8,4,2,14,0,0,15,0,15,0,8,19,2,29,4,0,4,33
01/23/2013,LBE,PA,AEA,CE,Federal Contract Tower,0,7,7,0,14,0,1,8,0,9,0,8,15,0,23,8,0,8,31
01/24/2013,LBE,PA,AEA,CE,Federal Contract Tower,4,8,1,0,13,0,4,2,0,6,4,12,3,0,19,0,0,0,19
01/25/2013,LBE,PA,AEA,CE,Federal Contract Tower,4,1,2,0,7,0,2,0,0,2,4,3,2,0,9,0,0,0,9
01/26/2013,LBE,PA,AEA,CE,Federal Contract Tower,4,2,0,2,8,0,0,4,0,4,4,2,4,2,12,0,0,0,12
01/27/2013,LBE,PA,AEA,CE,Federal Contract Tower,4,2,11,0,17,0,0,36,1,37,4,2,47,1,54,46,0,46,100
01/28/2013,LBE,PA,AEA,CE,Federal Contract Tower,4,6,4,0,14,0,0,0,0,0,4,6,4,0,14,0,0,0,14
01/29/2013,LBE,PA,AEA,CE,Federal Contract Tower,0,8,11,2,21,0,0,25,0,25,0,8,36,2,46,36,0,36,82
01/30/2013,LBE,PA,AEA,CE,Federal Contract Tower,0,6,2,0,8,0,0,7,0,7,0,6,9,0,15,0,0,0,15
01/31/2013,LBE,PA,AEA,CE,Federal Contract Tower,4,5,4,0,13,0,10,0,0,10,4,15,4,0,23,0,0,0,23
02/01/2013,LBE,PA,AEA,CE,Federal Contract Tower,10,10,8,0,28,0,0,3,1,4,10,10,11,1,32,14,0,14,46
02/02/2013,LBE,PA,AEA,CE,Federal Contract Tower,4,3,3,0,10,0,0,7,4,11,4,3,10,4,21,12,0,12,33
02/03/2013,LBE,PA,AEA,CE,Federal Contract Tower,6,1,1,0,8,0,0,0,0,0,6,1,1,0,8,0,0,0,8
02/04/2013,LBE,PA,AEA,CE,Federal Contract Tower,4,7,3,3,17,0,0,8,1,9,4,7,11,4,26,16,4,20,46
02/05/2013,LBE,PA,AEA,CE,Federal Contract Tower,0,7,5,0,12,0,0,0,0,0,0,7,5,0,12,0,0,0,12
02/06/2013,LBE,PA,AEA,CE,Federal Contract Tower,0,9,8,4,21,0,0,22,2,24,0,9,30,6,45,14,0,14,59
02/07/2013,LBE,PA,AEA,CE,Federal Contract Tower,4,7,4,0,15,0,0,27,0,27,4,7,31,0,42,34,0,34,76
02/08/2013,LBE,PA,AEA,CE,Federal Contract Tower,4,2,5,1,12,0,0,0,0,0,4,2,5,1,12,0,0,0,12
02/09/2013,LBE,PA,AEA,CE,Federal Contract Tower,6,3,5,0,14,0,0,18,0,18,6,3,23,0,32,34,0,34,66
02/10/2013,LBE,PA,AEA,CE,Federal Contract Tower,5,9,9,0,23,0,0,45,0,45,5,9,54,0,68,36,0,36,104
02/11/2013,LBE,PA,AEA,CE,Federal Contract Tower,4,12,13,2,31,0,0,1,0,1,4,12,14,2,32,0,0,0,32
02/12/2013,LBE,PA,AEA,CE,Federal Contract Tower,0,10,12,0,22,0,0,21,4,25,0,10,33,4,47,0,0,0,47
02/13/2013,LBE,PA,AEA,CE,Federal Contract Tower,2,9,10,8,29,0,0,7,2,9,2,9,17,10,38,26,0,26,64
02/14/2013,LBE,PA,AEA,CE,Federal Contract Tower,6,17,19,0,42,0,0,8,0,8,6,17,27,0,50,44,0,44,94
02/15/2013,LBE,PA,AEA,CE,Federal Contract Tower,6,10,13,0,29,0,2,18,0,20,6,12,31,0,49,2,0,2,51
02/16/2013,LBE,PA,AEA,CE,Federal Contract Tower,6,3,4,0,13,0,0,12,0,12,6,3,16,0,25,30,0,30,55
02/17/2013,LBE,PA,AEA,CE,Federal Contract Tower,8,7,7,0,22,0,0,0,0,0,8,7,7,0,22,0,0,0,22
02/18/2013,LBE,PA,AEA,CE,Federal Contract Tower,4,18,6,0,28,0,2,33,0,35,4,20,39,0,63,38,0,38,101
02/19/2013,LBE,PA,AEA,CE,Federal Contract Tower,8,10,0,0,18,0,0,2,0,2,8,10,2,0,20,0,0,0,20
02/20/2013,LBE,PA,AEA,CE,Federal Contract Tower,4,4,3,0,11,0,0,0,0,0,4,4,3,0,11,0,0,0,11
02/21/2013,LBE,PA,AEA,CE,Federal Contract Tower,8,16,9,2,35,0,0,13,0,13,8,16,22,2,48,16,0,16,64
02/22/2013,LBE,PA,AEA,CE,Federal Contract Tower,4,13,9,0,26,0,0,4,0,4,4,13,13,0,30,20,0,20,50
02/23/2013,LBE,PA,AEA,CE,Federal Contract Tower,5,4,0,9,18,0,0,8,4,12,5,4,8,13,30,28,8,36,66
02/24/2013,LBE,PA,AEA,CE,Federal Contract Tower,6,4,2,0,12,0,0,4,0,4,6,4,6,0,16,36,0,36,52
02/25/2013,LBE,PA,AEA,CE,Federal Contract Tower,4,6,12,6,28,0,2,46,4,52,4,8,58,10,80,38,0,38,118
02/26/2013,LBE,PA,AEA,CE,Federal Contract Tower,6,9,11,4,30,0,4,6,0,10,6,13,17,4,40,0,0,0,40
02/27/2013,LBE,PA,AEA,CE,Federal Contract Tower,4,14,2,0,20,0,0,0,0,0,4,14,2,0,20,0,0,0,20
02/28/2013,LBE,PA,AEA,CE,Federal Contract Tower,6,13,3,0,22,0,0,0,0,0,6,13,3,0,22,0,0,0,22
03/01/2013,LBE,PA,AEA,CE,Federal Contract Tower,4,10,4,2,20,0,0,3,0,3,4,10,7,2,23,0,0,0,23
03/02/2013,LBE,PA,AEA,CE,Federal Contract Tower,4,9,1,0,14,0,0,0,0,0,4,9,1,0,14,0,0,0,14
03/03/2013,LBE,PA,AEA,CE,Federal Contract Tower,6,6,2,0,14,0,0,1,0,1,6,6,3,0,15,18,0,18,33
03/04/2013,LBE,PA,AEA,CE,Federal Contract Tower,4,8,4,2,18,0,0,13,0,13,4,8,17,2,31,38,0,38,69
03/05/2013,LBE,PA,AEA,CE,Federal Contract Tower,6,6,8,5,25,0,0,34,6,40,6,6,42,11,65,28,2,30,95
03/06/2013,LBE,PA,AEA,CE,Federal Contract Tower,3,3,6,0,12,0,2,7,4,13,3,5,13,4,25,16,0,16,41
03/07/2013,LBE,PA,AEA,CE,Federal Contract Tower,9,11,6,5,31,0,0,3,12,15,9,11,9,17,46,0,0,0,46
03/08/2013,LBE,PA,AEA,CE,Federal Contract Tower,4,9,4,1,18,0,0,19,0,19,4,9,23,1,37,36,0,36,73
03/09/2013,LBE,PA,AEA,CE,Federal Contract Tower,5,1,4,0,10,0,1,65,0,66,5,2,69,0,76,48,0,48,124
03/10/2013,LBE,PA,AEA,CE,Federal Contract Tower,9,6,2,0,17,0,0,45,0,45,9,6,47,0,62,22,0,22,84
03/11/2013,LBE,PA,AEA,CE,Federal Contract Tower,5,6,17,0,28,0,2,14,2,18,5,8,31,2,46,0,0,0,46
03/12/2013,LBE,PA,AEA,CE,Federal Contract Tower,7,15,3,0,25,0,0,6,0,6,7,15,9,0,31,0,0,0,31
03/13/2013,LBE,PA,AEA,CE,Federal Contract Tower,4,15,7,0,26,0,0,11,0,11,4,15,18,0,37,0,0,0,37
03/14/2013,LBE,PA,AEA,CE,Federal Contract Tower,6,4,5,0,15,0,0,9,4,13,6,4,14,4,28,0,0,0,28
03/15/2013,LBE,PA,AEA,CE,Federal Contract Tower,6,21,12,7,46,0,0,28,6,34,6,21,40,13,80,26,8,34,114
03/16/2013,LBE,PA,AEA,CE,Federal Contract Tower,4,3,2,0,9,0,0,0,0,0,4,3,2,0,9,0,0,0,9
03/17/2013,LBE,PA,AEA,CE,Federal Contract Tower,8,12,0,2,22,0,0,34,0,34,8,12,34,2,56,62,0,62,118
03/18/2013,LBE,PA,AEA,CE,Federal Contract Tower,8,6,0,0,14,0,0,0,0,0,8,6,0,0,14,0,0,0,14
03/19/2013,LBE,PA,AEA,CE,Federal Contract Tower,6,20,5,2,33,0,0,11,0,11,6,20,16,2,44,6,0,6,50
03/20/2013,LBE,PA,AEA,CE,Federal Contract Tower,4,7,7,2,20,0,2,15,0,17,4,9,22,2,37,8,0,8,45
03/21/2013,LBE,PA,AEA,CE,Federal Contract Tower,8,14,10,1,33,0,1,12,1,14,8,15,22,2,47,0,0,0,47
03/22/2013,LBE,PA,AEA,CE,Federal Contract Tower,4,12,6,2,24,0,2,10,0,12,4,14,16,2,36,20,0,20,56
03/23/2013,LBE,PA,AEA,CE,Federal Contract Tower,4,4,8,0,16,0,0,51,0,51,4,4,59,0,67,20,0,20,87
03/24/2013,LBE,PA,AEA,CE,Federal Contract Tower,6,9,8,0,23,0,0,38,0,38,6,9,46,0,61,82,0,82,143
03/25/2013,LBE,PA,AEA,CE,Federal Contract Tower,6,5,2,0,13,0,0,0,0,0,6,5,2,0,13,0,0,0,13
03/26/2013,LBE,PA,AEA,CE,Federal Contract Tower,6,4,2,0,12,0,0,14,0,14,6,4,16,0,26,4,0,4,30
03/27/2013,LBE,PA,AEA,CE,Federal Contract Tower,4,19,4,0,27,0,0,14,0,14,4,19,18,0,41,0,0,0,41
03/28/2013,LBE,PA,AEA,CE,Federal Contract Tower,6,15,2,0,23,0,0,17,0,17,6,15,19,0,40,8,0,8,48
03/29/2013,LBE,PA,AEA,CE,Federal Contract Tower,4,8,10,0,22,0,2,47,3,52,4,10,57,3,74,16,0,16,90
03/30/2013,LBE,PA,AEA,CE,Federal Contract Tower,4,7,7,0,18,0,0,79,0,79,4,7,86,0,97,78,0,78,175
03/31/2013,LBE,PA,AEA,CE,Federal Contract Tower,6,6,3,0,15,0,0,3,0,3,6,6,6,0,18,10,0,10,28
04/01/2013,LBE,PA,AEA,CE,Federal Contract Tower,4,4,1,2,11,0,2,4,0,6,4,6,5,2,17,0,0,0,17
04/02/2013,LBE,PA,AEA,CE,Federal Contract Tower,6,13,1,2,22,0,1,22,0,23,6,14,23,2,45,18,0,18,63
04/03/2013,LBE,PA,AEA,CE,Federal Contract Tower,4,13,6,6,29,0,5,26,0,31,4,18,32,6,60,8,0,8,68
04/04/2013,LBE,PA,AEA,CE,Federal Contract Tower,6,16,4,0,26,0,0,48,9,57,6,16,52,9,83,52,0,52,135
04/05/2013,LBE,PA,AEA,CE,Federal Contract Tower,4,6,3,0,13,0,2,30,2,34,4,8,33,2,47,22,0,22,69
04/06/2013,LBE,PA,AEA,CE,Federal Contract Tower,4,7,5,6,22,0,0,75,0,75,4,7,80,6,97,100,6,106,203
04/07/2013,LBE,PA,AEA,CE,Federal Contract Tower,6,9,7,0,22,0,0,14,0,14,6,9,21,0,36,6,0,6,42
04/08/2013,LBE,PA,AEA,CE,Federal Contract Tower,4,5,3,0,12,0,1,10,0,11,4,6,13,0,23,64,0,64,87
04/09/2013,LBE,PA,AEA,CE,Federal Contract Tower,6,15,11,4,36,0,0,25,5,30,6,15,36,9,66,40,0,40,106
04/10/2013,LBE,PA,AEA,CE,Federal Contract Tower,4,10,12,5,31,0,0,25,2,27,4,10,37,7,58,6,0,6,64
04/11/2013,LBE,PA,AEA,CE,Federal Contract Tower,6,18,8,0,32,0,0,15,2,17,6,18,23,2,49,12,6,18,67
04/12/2013,LBE,PA,AEA,CE,Federal Contract Tower,6,23,7,7,43,0,6,15,0,21,6,29,22,7,64,40,0,40,104
04/13/2013,LBE,PA,AEA,CE,Federal Contract Tower,4,8,1,0,13,0,0,8,0,8,4,8,9,0,21,24,0,24,45
04/14/2013,LBE,PA,AEA,CE,Federal Contract Tower,8,13,7,0,28,0,0,60,0,60,8,13,67,0,88,32,0,32,120
04/15/2013,LBE,PA,AEA,CE,Federal Contract Tower,4,9,7,8,28,0,0,19,14,33,4,9,26,22,61,32,0,32,93
04/16/2013,LBE,PA,AEA,CE,Federal Contract Tower,6,14,9,0,29,0,0,1,2,3,6,14,10,2,32,50,0,50,82
04/17/2013,LBE,PA,AEA,CE,Federal Contract Tower,6,12,7,0,25,0,0,15,0,15,6,12,22,0,40,22,0,22,62
04/18/2013,LBE,PA,AEA,CE,Federal Contract Tower,6,16,5,3,30,0,0,24,2,26,6,16,29,5,56,10,6,16,72
04/19/2013,LBE,PA,AEA,CE,Federal Contract Tower,4,10,8,0,22,0,0,1,0,1,4,10,9,0,23,0,0,0,23
04/20/2013,LBE,PA,AEA,CE,Federal Contract Tower,6,2,1,0,9,0,1,7,0,8,6,3,8,0,17,0,0,0,17
04/21/2013,LBE,PA,AEA,CE,Federal Contract Tower,6,15,5,1,27,0,2,89,1,92,6,17,94,2,119,48,0,48,167
04/22/2013,LBE,PA,AEA,CE,Federal Contract Tower,4,11,5,0,20,0,2,19,0,21,4,13,24,0,41,8,0,8,49
04/23/2013,LBE,PA,AEA,CE,Federal Contract Tower,6,17,11,0,34,0,0,55,4,59,6,17,66,4,93,50,0,50,143
04/24/2013,LBE,PA,AEA,CE,Federal Contract Tower,4,9,9,8,30,0,1,2,2,5,4,10,11,10,35,0,0,0,35
04/25/2013,LBE,PA,AEA,CE,Federal Contract Tower,7,8,6,2,23,0,0,43,0,43,7,8,49,2,66,68,0,68,134
04/26/2013,LBE,PA,AEA,CE,Federal Contract Tower,9,12,9,0,30,0,0,76,0,76,9,12,85,0,106,122,0,122,228
04/27/2013,LBE,PA,AEA,CE,Federal Contract Tower,4,5,7,0,16,0,0,47,0,47,4,5,54,0,63,34,0,34,97
04/28/2013,LBE,PA,AEA,CE,Federal Contract Tower,8,9,8,0,25,0,0,3,0,3,8,9,11,0,28,0,0,0,28
04/29/2013,LBE,PA,AEA,CE,Federal Contract Tower,6,6,11,0,23,0,0,12,0,12,6,6,23,0,35,26,0,26,61
04/30/2013,LBE,PA,AEA,CE,Federal Contract Tower,6,7,8,0,21,0,0,16,10,26,6,7,24,10,47,24,14,38,85
05/01/2013,LBE,PA,AEA,CE,Federal Contract Tower,4,17,5,1,27,0,0,53,2,55,4,17,58,3,82,58,0,58,140
05/02/2013,LBE,PA,AEA,CE,Federal Contract Tower,6,18,11,0,35,0,0,64,4,68,6,18,75,4,103,36,0,36,139
05/03/2013,LBE,PA,AEA,CE,Federal Contract Tower,6,3,8,0,17,0,0,45,0,45,6,3,53,0,62,14,0,14,76
05/04/2013,LBE,PA,AEA,CE,Federal Contract Tower,4,0,6,0,10,0,4,22,2,28,4,4,28,2,38,36,0,36,74
05/05/2013,LBE,PA,AEA,CE,Federal Contract Tower,6,5,13,0,24,0,0,22,0,22,6,5,35,0,46,0,0,0,46
05/06/2013,LBE,PA,AEA,CE,Federal Contract Tower,6,6,9,7,28,0,0,18,1,19,6,6,27,8,47,16,12,28,75
05/07/2013,LBE,PA,AEA,CE,Federal Contract Tower,6,5,21,3,35,0,2,15,0,17,6,7,36,3,52,6,0,6,58
05/08/2013,LBE,PA,AEA,CE,Federal Contract Tower,4,13,15,0,32,19,0,24,2,45,23,13,39,2,77,76,6,82,159
05/09/2013,LBE,PA,AEA,CE,Federal Contract Tower,6,16,17,6,45,0,1,40,2,43,6,17,57,8,88,72,0,72,160
05/10/2013,LBE,PA,AEA,CE,Federal Contract Tower,8,14,7,0,29,0,0,7,0,7,8,14,14,0,36,0,0,0,36
05/11/2013,LBE,PA,AEA,CE,Federal Contract Tower,6,8,11,0,25,0,0,0,0,0,6,8,11,0,25,0,0,0,25
05/12/2013,LBE,PA,AEA,CE,Federal Contract Tower,6,11,9,0,26,0,4,3,0,7,6,15,12,0,33,18,0,18,51
05/13/2013,LBE,PA,AEA,CE,Federal Contract Tower,6,10,9,2,27,0,0,30,2,32,6,10,39,4,59,44,6,50,109
05/14/2013,LBE,PA,AEA,CE,Federal Contract Tower,6,8,17,0,31,0,0,75,4,79,6,8,92,4,110,98,0,98,208
05/15/2013,LBE,PA,AEA,CE,Federal Contract Tower,4,14,8,0,26,0,2,11,0,13,4,16,19,0,39,0,2,2,41
05/16/2013,LBE,PA,AEA,CE,Federal Contract Tower,6,10,22,2,40,0,1,13,0,14,6,11,35,2,54,46,0,46,100
05/17/2013,LBE,PA,AEA,CE,Federal Contract Tower,8,9,14,2,33,0,0,40,2,42,8,9,54,4,75,62,18,80,155
05/18/2013,LBE,PA,AEA,CE,Federal Contract Tower,4,3,8,0,15,0,0,53,0,53,4,3,61,0,68,112,0,112,180
05/19/2013,LBE,PA,AEA,CE,Federal Contract Tower,8,11,12,0,31,0,0,29,0,29,8,11,41,0,60,42,0,42,102
05/20/2013,LBE,PA,AEA,CE,Federal Contract Tower,5,6,6,2,19,0,0,39,2,41,5,6,45,4,60,68,8,76,136
05/21/2013,LBE,PA,AEA,CE,Federal Contract Tower,8,10,16,0,34,0,0,22,0,22,8,10,38,0,56,38,2,40,96
05/22/2013,LBE,PA,AEA,CE,Federal Contract Tower,3,7,4,0,14,0,0,19,0,19,3,7,23,0,33,22,0,22,55
05/23/2013,LBE,PA,AEA,CE,Federal Contract Tower,8,9,6,0,23,0,0,0,0,0,8,9,6,0,23,0,0,0,23
05/24/2013,LBE,PA,AEA,CE,Federal Contract Tower,8,25,13,0,46,0,0,14,0,14,8,25,27,0,60,10,0,10,70
05/25/2013,LBE,PA,AEA,CE,Federal Contract Tower,4,3,4,0,11,0,2,19,0,21,4,5,23,0,32,8,0,8,40
05/26/2013,LBE,PA,AEA,CE,Federal Contract Tower,6,7,6,0,19,0,0,35,0,35,6,7,41,0,54,28,0,28,82
05/27/2013,LBE,PA,AEA,CE,Federal Contract Tower,8,7,9,0,24,0,0,72,0,72,8,7,81,0,96,106,0,106,202
05/28/2013,LBE,PA,AEA,CE,Federal Contract Tower,6,7,6,0,19,0,0,10,0,10,6,7,16,0,29,8,0,8,37
05/29/2013,LBE,PA,AEA,CE,Federal Contract Tower,4,7,15,0,26,0,6,38,0,44,4,13,53,0,70,22,0,22,92
05/30/2013,LBE,PA,AEA,CE,Federal Contract Tower,6,17,13,4,40,0,0,39,6,45,6,17,52,10,85,40,8,48,133
05/31/2013,LBE,PA,AEA,CE,Federal Contract Tower,6,12,7,0,25,0,2,61,0,63,6,14,68,0,88,74,0,74,162
06/01/2013,LBE,PA,AEA,CE,Federal Contract Tower,4,3,4,0,11,0,0,31,2,33,4,3,35,2,44,36,6,42,86
06/02/2013,LBE,PA,AEA,CE,Federal Contract Tower,6,6,8,0,20,0,0,6,2,8,6,6,14,2,28,18,0,18,46
06/03/2013,LBE,PA,AEA,CE,Federal Contract Tower,6,7,8,0,21,0,0,21,0,21,6,7,29,0,42,0,0,0,42
06/04/2013,LBE,PA,AEA,CE,Federal Contract Tower,6,14,5,2,27,0,2,73,2,77,6,16,78,4,104,64,14,78,182
06/05/2013,LBE,PA,AEA,CE,Federal Contract Tower,7,18,13,0,38,0,1,29,0,30,7,19,42,0,68,24,0,24,92
06/06/2013,LBE,PA,AEA,CE,Federal Contract Tower,6,17,29,0,52,0,0,11,0,11,6,17,40,0,63,4,0,4,67
06/07/2013,LBE,PA,AEA,CE,Federal Contract Tower,6,8,13,0,27,0,0,3,0,3,6,8,16,0,30,2,0,2,32
06/08/2013,LBE,PA,AEA,CE,Federal Contract Tower,6,6,10,0,22,0,0,38,0,38,6,6,48,0,60,36,0,36,96
06/09/2013,LBE,PA,AEA,CE,Federal Contract Tower,6,7,4,0,17,0,2,56,0,58,6,9,60,0,75,42,0,42,117
06/10/2013,LBE,PA,AEA,CE,Federal Contract Tower,6,5,6,5,22,0,0,0,0,0,6,5,6,5,22,0,0,0,22
06/11/2013,LBE,PA,AEA,CE,Federal Contract Tower,6,11,8,0,25,0,2,7,0,9,6,13,15,0,34,4,0,4,38
06/12/2013,LBE,PA,AEA,CE,Federal Contract Tower,4,22,21,0,47,0,2,9,0,11,4,24,30,0,58,0,0,0,58
06/13/2013,LBE,PA,AEA,CE,Federal Contract Tower,6,10,10,0,26,0,0,0,0,0,6,10,10,0,26,0,0,0,26
06/14/2013,LBE,PA,AEA,CE,Federal Contract Tower,8,10,20,2,40,0,0,42,0,42,8,10,62,2,82,62,0,62,144
06/15/2013,LBE,PA,AEA,CE,Federal Contract Tower,4,5,14,0,23,0,0,61,0,61,4,5,75,0,84,36,0,36,120
06/16/2013,LBE,PA,AEA,CE,Federal Contract Tower,10,6,3,0,19,0,0,7,0,7,10,6,10,0,26,0,0,0,26
06/17/2013,LBE,PA,AEA,CE,Federal Contract Tower,7,8,14,3,32,0,0,28,0,28,7,8,42,3,60,10,0,10,70
06/18/2013,LBE,PA,AEA,CE,Federal Contract Tower,6,13,12,10,41,0,2,23,4,29,6,15,35,14,70,4,8,12,82
06/19/2013,LBE,PA,AEA,CE,Federal Contract Tower,6,10,18,0,34,0,0,44,0,44,6,10,62,0,78,28,0,28,106
06/20/2013,LBE,PA,AEA,CE,Federal Contract Tower,6,9,10,13,38,0,0,50,0,50,6,9,60,13,88,50,4,54,142
06/21/2013,LBE,PA,AEA,CE,Federal Contract Tower,9,20,17,2,48,0,0,47,1,48,9,20,64,3,96,52,4,56,152
06/22/2013,LBE,PA,AEA,CE,Federal Contract Tower,4,1,7,0,12,0,0,44,0,44,4,1,51,0,56,36,0,36,92
06/23/2013,LBE,PA,AEA,CE,Federal Contract Tower,6,15,11,4,36,0,0,53,0,53,6,15,64,4,89,30,0,30,119
06/24/2013,LBE,PA,AEA,CE,Federal Contract Tower,9,12,18,0,39,0,1,39,0,40,9,13,57,0,79,52,0,52,131
06/25/2013,LBE,PA,AEA,CE,Federal Contract Tower,8,11,4,1,24,0,0,33,2,35,8,11,37,3,59,42,20,62,121
06/26/2013,LBE,PA,AEA,CE,Federal Contract Tower,5,20,9,2,36,0,0,21,0,21,5,20,30,2,57,12,0,12,69
06/27/2013,LBE,PA,AEA,CE,Federal Contract Tower,7,24,32,0,63,0,0,1,0,1,7,24,33,0,64,0,0,0,64
06/28/2013,LBE,PA,AEA,CE,Federal Contract Tower,12,18,28,4,62,0,0,4,0,4,12,18,32,4,66,0,0,0,66
06/29/2013,LBE,PA,AEA,CE,Federal Contract Tower,4,12,13,0,29,0,0,30,0,30,4,12,43,0,59,36,0,36,95
06/30/2013,LBE,PA,AEA,CE,Federal Contract Tower,10,8,15,0,33,0,4,28,0,32,10,12,43,0,65,24,0,24,89
07/01/2013,LBE,PA,AEA,CE,Federal Contract Tower,9,14,3,0,26,0,0,16,0,16,9,14,19,0,42,22,0,22,64
07/02/2013,LBE,PA,AEA,CE,Federal Contract Tower,6,11,4,0,21,0,0,28,4,32,6,11,32,4,53,50,0,50,103
07/03/2013,LBE,PA,AEA,CE,Federal Contract Tower,6,17,11,3,37,0,11,43,1,55,6,28,54,4,92,46,0,46,138
07/04/2013,LBE,PA,AEA,CE,Federal Contract Tower,7,2,5,2,16,0,1,14,0,15,7,3,19,2,31,28,0,28,59
07/05/2013,LBE,PA,AEA,CE,Federal Contract Tower,8,7,3,0,18,0,0,21,0,21,8,7,24,0,39,32,0,32,71
07/06/2013,LBE,PA,AEA,CE,Federal Contract Tower,8,8,3,0,19,0,0,32,0,32,8,8,35,0,51,60,0,60,111
07/07/2013,LBE,PA,AEA,CE,Federal Contract Tower,6,14,9,0,29,0,0,10,0,10,6,14,19,0,39,34,0,34,73
07/08/2013,LBE,PA,AEA,CE,Federal Contract Tower,8,12,12,2,34,0,0,29,0,29,8,12,41,2,63,44,0,44,107
07/09/2013,LBE,PA,AEA,CE,Federal Contract Tower,6,18,11,0,35,0,0,14,2,16,6,18,25,2,51,12,0,12,63
07/10/2013,LBE,PA,AEA,CE,Federal Contract Tower,8,16,15,2,41,0,0,14,0,14,8,16,29,2,55,8,2,10,65
07/11/2013,LBE,PA,AEA,CE,Federal Contract Tower,6,25,17,0,48,0,1,31,0,32,6,26,48,0,80,24,0,24,104
07/12/2013,LBE,PA,AEA,CE,Federal Contract Tower,12,16,7,0,35,0,1,38,6,45,12,17,45,6,80,12,0,12,92
07/13/2013,LBE,PA,AEA,CE,Federal Contract Tower,5,7,9,2,23,0,2,31,1,34,5,9,40,3,57,34,0,34,91
07/14/2013,LBE,PA,AEA,CE,Federal Contract Tower,9,18,9,0,36,0,0,61,0,61,9,18,70,0,97,52,0,52,149
07/15/2013,LBE,PA,AEA,CE,Federal Contract Tower,8,10,9,2,29,0,0,56,4,60,8,10,65,6,89,66,0,66,155
07/16/2013,LBE,PA,AEA,CE,Federal Contract Tower,6,5,10,0,21,0,0,47,0,47,6,5,57,0,68,60,0,60,128
07/17/2013,LBE,PA,AEA,CE,Federal Contract Tower,6,18,23,0,47,0,0,24,6,30,6,18,47,6,77,12,0,12,89
07/18/2013,LBE,PA,AEA,CE,Federal Contract Tower,6,22,14,0,42,0,0,40,4,44,6,22,54,4,86,36,0,36,122
07/19/2013,LBE,PA,AEA,CE,Federal Contract Tower,8,12,22,0,42,0,2,29,1,32,8,14,51,1,74,10,0,10,84
07/20/2013,LBE,PA,AEA,CE,Federal Contract Tower,6,3,14,0,23,0,0,9,0,9,6,3,23,0,32,6,0,6,38
07/21/2013,LBE,PA,AEA,CE,Federal Contract Tower,6,9,10,0,25,0,0,31,0,31,6,9,41,0,56,24,0,24,80
07/22/2013,LBE,PA,AEA,CE,Federal Contract Tower,8,16,9,0,33,0,0,13,0,13,8,16,22,0,46,0,0,0,46
07/23/2013,LBE,PA,AEA,CE,Federal Contract Tower,8,29,11,2,50,0,2,27,0,29,8,31,38,2,79,26,0,26,105
07/24/2013,LBE,PA,AEA,CE,Federal Contract Tower,5,23,14,0,42,0,0,34,0,34,5,23,48,0,76,24,0,24,100
07/25/2013,LBE,PA,AEA,CE,Federal Contract Tower,9,23,19,0,51,0,0,45,0,45,9,23,64,0,96,44,0,44,140
07/26/2013,LBE,PA,AEA,CE,Federal Contract Tower,8,13,13,2,36,0,2,84,0,86,8,15,97,2,122,54,4,58,180
07/27/2013,LBE,PA,AEA,CE,Federal Contract Tower,4,5,7,0,16,0,0,21,0,21,4,5,28,0,37,38,0,38,75
07/28/2013,LBE,PA,AEA,CE,Federal Contract Tower,8,3,21,0,32,0,0,16,0,16,8,3,37,0,48,42,0,42,90
07/29/2013,LBE,PA,AEA,CE,Federal Contract Tower,10,17,11,4,42,0,0,29,0,29,10,17,40,4,71,16,0,16,87
07/30/2013,LBE,PA,AEA,CE,Federal Contract Tower,6,14,20,0,40,0,1,55,2,58,6,15,75,2,98,54,4,58,156
07/31/2013,LBE,PA,AEA,CE,Federal Contract Tower,6,22,14,4,46,0,0,29,2,31,6,22,43,6,77,6,6,12,89
08/01/2013,LBE,PA,AEA,CE,Federal Contract Tower,6,18,24,0,48,0,2,20,0,22,6,20,44,0,70,38,0,38,108
08/02/2013,LBE,PA,AEA,CE,Federal Contract Tower,10,17,12,7,46,0,0,37,2,39,10,17,49,9,85,62,20,82,167
08/03/2013,LBE,PA,AEA,CE,Federal Contract Tower,6,8,17,2,33,0,0,3,0,3,6,8,20,2,36,0,0,0,36
08/04/2013,LBE,PA,AEA,CE,Federal Contract Tower,6,13,19,0,38,0,1,41,0,42,6,14,60,0,80,10,0,10,90
08/05/2013,LBE,PA,AEA,CE,Federal Contract Tower,8,17,7,4,36,0,0,55,0,55,8,17,62,4,91,70,0,70,161
08/06/2013,LBE,PA,AEA,CE,Federal Contract Tower,6,13,7,0,26,0,0,68,2,70,6,13,75,2,96,44,0,44,140
08/07/2013,LBE,PA,AEA,CE,Federal Contract Tower,12,16,14,4,46,2,2,14,0,18,14,18,28,4,64,14,4,18,82
08/08/2013,LBE,PA,AEA,CE,Federal Contract Tower,7,16,14,2,39,0,0,40,0,40,7,16,54,2,79,24,0,24,103
08/09/2013,LBE,PA,AEA,CE,Federal Contract Tower,9,17,13,0,39,0,0,6,0,6,9,17,19,0,45,0,0,0,45
08/10/2013,LBE,PA,AEA,CE,Federal Contract Tower,4,9,10,0,23,0,0,52,0,52,4,9,62,0,75,24,0,24,99
08/11/2013,LBE,PA,AEA,CE,Federal Contract Tower,6,15,12,0,33,0,0,75,0,75,6,15,87,0,108,22,0,22,130
08/12/2013,LBE,PA,AEA,CE,Federal Contract Tower,11,10,2,2,25,0,0,26,2,28,11,10,28,4,53,4,0,4,57
08/13/2013,LBE,PA,AEA,CE,Federal Contract Tower,6,8,14,0,28,0,0,11,0,11,6,8,25,0,39,0,0,0,39
08/14/2013,LBE,PA,AEA,CE,Federal Contract Tower,6,7,10,4,27,0,1,45,0,46,6,8,55,4,73,68,0,68,141
08/15/2013,LBE,PA,AEA,CE,Federal Contract Tower,6,28,16,2,52,0,0,90,0,90,6,28,106,2,142,74,0,74,216
08/16/2013,LBE,PA,AEA,CE,Federal Contract Tower,10,15,3,0,28,0,0,76,4,80,10,15,79,4,108,48,0,48,156
08/17/2013,LBE,PA,AEA,CE,Federal Contract Tower,4,3,6,0,13,0,0,50,0,50,4,3,56,0,63,16,0,16,79
08/18/2013,LBE,PA,AEA,CE,Federal Contract Tower,8,3,6,0,17,0,2,38,0,40,8,5,44,0,57,60,0,60,117
08/19/2013,LBE,PA,AEA,CE,Federal Contract Tower,8,12,12,0,32,0,0,22,0,22,8,12,34,0,54,18,0,18,72
08/20/2013,LBE,PA,AEA,CE,Federal Contract Tower,8,13,8,2,31,0,0,64,0,64,8,13,72,2,95,42,6,48,143
08/21/2013,LBE,PA,AEA,CE,Federal Contract Tower,6,12,12,0,30,0,4,64,0,68,6,16,76,0,98,56,0,56,154
08/22/2013,LBE,PA,AEA,CE,Federal Contract Tower,8,0,11,0,19,0,0,13,0,13,8,0,24,0,32,14,0,14,46
08/23/2013,LBE,PA,AEA,CE,Federal Contract Tower,8,6,11,0,25,0,0,21,0,21,8,6,32,0,46,8,0,8,54
08/24/2013,LBE,PA,AEA,CE,Federal Contract Tower,4,3,6,0,13,0,0,50,0,50,4,3,56,0,63,34,0,34,97
08/25/2013,LBE,PA,AEA,CE,Federal Contract Tower,6,8,18,4,36,0,4,69,0,73,6,12,87,4,109,62,0,62,171
08/26/2013,LBE,PA,AEA,CE,Federal Contract Tower,8,9,6,2,25,0,0,30,3,33,8,9,36,5,58,24,6,30,88
08/27/2013,LBE,PA,AEA,CE,Federal Contract Tower,6,16,5,0,27,0,0,24,0,24,6,16,29,0,51,12,0,12,63
08/28/2013,LBE,PA,AEA,CE,Federal Contract Tower,5,8,10,0,23,0,0,3,0,3,5,8,13,0,26,0,0,0,26
08/29/2013,LBE,PA,AEA,CE,Federal Contract Tower,7,20,14,6,47,0,0,31,6,37,7,20,45,12,84,8,0,8,92
08/30/2013,LBE,PA,AEA,CE,Federal Contract Tower,10,18,9,4,41,0,0,46,4,50,10,18,55,8,91,18,0,18,109
08/31/2013,LBE,PA,AEA,CE,Federal Contract Tower,6,6,0,0,12,0,0,23,2,25,6,6,23,2,37,0,0,0,37
09/01/2013,LBE,PA,AEA,CE,Federal Contract Tower,6,2,4,0,12,0,0,8,0,8,6,2,12,0,20,34,0,34,54
09/02/2013,LBE,PA,AEA,CE,Federal Contract Tower,8,15,10,0,33,0,2,3,0,5,8,17,13,0,38,0,0,0,38
09/03/2013,LBE,PA,AEA,CE,Federal Contract Tower,6,12,9,4,31,0,0,29,0,29,6,12,38,4,60,4,0,4,64
09/04/2013,LBE,PA,AEA,CE,Federal Contract Tower,0,22,11,2,35,0,1,38,0,39,0,23,49,2,74,48,0,48,122
09/05/2013,LBE,PA,AEA,CE,Federal Contract Tower,8,11,20,2,41,0,2,37,0,39,8,13,57,2,80,60,0,60,140
09/06/2013,LBE,PA,AEA,CE,Federal Contract Tower,6,14,16,3,39,0,5,54,0,59,6,19,70,3,98,14,0,14,112
09/07/2013,LBE,PA,AEA,CE,Federal Contract Tower,4,5,7,2,18,0,0,41,0,41,4,5,48,2,59,26,0,26,85
09/08/2013,LBE,PA,AEA,CE,Federal Contract Tower,8,12,25,3,48,0,0,29,6,35,8,12,54,9,83,18,0,18,101
09/09/2013,LBE,PA,AEA,CE,Federal Contract Tower,4,9,7,2,22,0,0,30,0,30,4,9,37,2,52,40,0,40,92
09/10/2013,LBE,PA,AEA,CE,Federal Contract Tower,6,15,13,1,35,0,0,32,0,32,6,15,45,1,67,4,0,4,71
09/11/2013,LBE,PA,AEA,CE,Federal Contract Tower,1,14,14,1,30,0,0,17,2,19,1,14,31,3,49,12,0,12,61
09/12/2013,LBE,PA,AEA,CE,Federal Contract Tower,9,24,23,0,56,0,0,7,0,7,9,24,30,0,63,0,0,0,63
09/13/2013,LBE,PA,AEA,CE,Federal Contract Tower,6,11,17,0,34,0,3,8,0,11,6,14,25,0,45,20,0,20,65
09/14/2013,LBE,PA,AEA,CE,Federal Contract Tower,4,4,10,0,18,0,0,29,4,33,4,4,39,4,51,46,6,52,103
09/15/2013,LBE,PA,AEA,CE,Federal Contract Tower,6,15,9,0,30,0,0,57,0,57,6,15,66,0,87,42,0,42,129
09/16/2013,LBE,PA,AEA,CE,Federal Contract Tower,4,6,10,0,20,0,1,18,0,19,4,7,28,0,39,6,0,6,45
09/17/2013,LBE,PA,AEA,CE,Federal Contract Tower,6,11,2,3,22,0,0,42,5,47,6,11,44,8,69,52,0,52,121
09/18/2013,LBE,PA,AEA,CE,Federal Contract Tower,0,12,5,4,21,0,0,38,0,38,0,12,43,4,59,18,0,18,77
09/19/2013,LBE,PA,AEA,CE,Federal Contract Tower,8,16,16,0,40,0,0,19,0,19,8,16,35,0,59,46,0,46,105
09/20/2013,LBE,PA,AEA,CE,Federal Contract Tower,5,11,7,2,25,0,0,20,0,20,5,11,27,2,45,24,0,24,69
09/21/2013,LBE,PA,AEA,CE,Federal Contract Tower,5,5,7,0,17,0,0,2,0,2,5,5,9,0,19,0,0,0,19
09/22/2013,LBE,PA,AEA,CE,Federal Contract Tower,8,11,6,0,25,0,0,22,0,22,8,11,28,0,47,6,0,6,53
09/23/2013,LBE,PA,AEA,CE,Federal Contract Tower,2,13,7,0,22,0,0,27,0,27,2,13,34,0,49,6,0,6,55
09/24/2013,LBE,PA,AEA,CE,Federal Contract Tower,8,8,10,0,26,0,2,28,2,32,8,10,38,2,58,40,4,44,102
09/25/2013,LBE,PA,AEA,CE,Federal Contract Tower,2,19,4,6,31,0,3,43,0,46,2,22,47,6,77,16,8,24,101
09/26/2013,LBE,PA,AEA,CE,Federal Contract Tower,10,12,9,1,32,0,1,44,0,45,10,13,53,1,77,66,0,66,143
09/27/2013,LBE,PA,AEA,CE,Federal Contract Tower,4,12,6,0,22,0,0,43,4,47,4,12,49,4,69,18,0,18,87
09/28/2013,LBE,PA,AEA,CE,Federal Contract Tower,6,6,9,0,21,0,0,48,0,48,6,6,57,0,69,44,0,44,113
09/29/2013,LBE,PA,AEA,CE,Federal Contract Tower,6,15,21,1,43,0,0,64,0,64,6,15,85,1,107,32,0,32,139
09/30/2013,LBE,PA,AEA,CE,Federal Contract Tower,2,10,8,0,20,0,0,19,0,19,2,10,27,0,39,0,0,0,39
10/01/2013,LBE,PA,AEA,CE,Federal Contract Tower,6,9,18,1,34,0,6,28,0,34,6,15,46,1,68,8,0,8,76
10/02/2013,LBE,PA,AEA,CE,Federal Contract Tower,0,9,12,0,21,0,1,29,0,30,0,10,41,0,51,18,0,18,69
10/03/2013,LBE,PA,AEA,CE,Federal Contract Tower,8,13,11,0,32,0,0,34,0,34,8,13,45,0,66,50,0,50,116
10/04/2013,LBE,PA,AEA,CE,Federal Contract Tower,4,8,9,0,21,0,0,39,0,39,4,8,48,0,60,38,0,38,98
10/05/2013,LBE,PA,AEA,CE,Federal Contract Tower,4,3,2,0,9,0,1,26,0,27,4,4,28,0,36,46,0,46,82
10/06/2013,LBE,PA,AEA,CE,Federal Contract Tower,6,8,7,0,21,0,1,25,0,26,6,9,32,0,47,18,0,18,65
10/07/2013,LBE,PA,AEA,CE,Federal Contract Tower,2,10,14,0,26,0,0,4,0,4,2,10,18,0,30,6,0,6,36
10/08/2013,LBE,PA,AEA,CE,Federal Contract Tower,6,11,7,0,24,0,0,42,0,42,6,11,49,0,66,12,0,12,78
10/09/2013,LBE,PA,AEA,CE,Federal Contract Tower,0,13,8,0,21,0,0,30,0,30,0,13,38,0,51,20,0,20,71
10/10/2013,LBE,PA,AEA,CE,Federal Contract Tower,8,15,7,0,30,0,3,23,0,26,8,18,30,0,56,46,0,46,102
10/11/2013,LBE,PA,AEA,CE,Federal Contract Tower,4,17,9,0,30,0,1,0,0,1,4,18,9,0,31,0,0,0,31
10/12/2013,LBE,PA,AEA,CE,Federal Contract Tower,4,8,9,0,21,0,0,31,0,31,4,8,40,0,52,20,0,20,72
10/13/2013,LBE,PA,AEA,CE,Federal Contract Tower,6,7,9,0,22,0,0,13,0,13,6,7,22,0,35,14,0,14,49
10/14/2013,LBE,PA,AEA,CE,Federal Contract Tower,2,13,19,0,34,0,0,7,0,7,2,13,26,0,41,0,0,0,41
10/15/2013,LBE,PA,AEA,CE,Federal Contract Tower,6,13,10,0,29,0,2,43,0,45,6,15,53,0,74,54,0,54,128
10/16/2013,LBE,PA,AEA,CE,Federal Contract Tower,0,11,7,0,18,0,0,8,0,8,0,11,15,0,26,0,0,0,26
10/17/2013,LBE,PA,AEA,CE,Federal Contract Tower,8,10,15,7,40,0,0,7,0,7,8,10,22,7,47,0,4,4,51
10/18/2013,LBE,PA,AEA,CE,Federal Contract Tower,6,12,13,0,31,0,0,40,0,40,6,12,53,0,71,22,0,22,93
10/19/2013,LBE,PA,AEA,CE,Federal Contract Tower,4,5,3,4,16,0,2,7,0,9,4,7,10,4,25,22,0,22,47
10/20/2013,LBE,PA,AEA,CE,Federal Contract Tower,8,16,12,0,36,0,2,43,0,45,8,18,55,0,81,20,0,20,101
10/21/2013,LBE,PA,AEA,CE,Federal Contract Tower,2,8,4,0,14,0,2,39,0,41,2,10,43,0,55,68,0,68,123
10/22/2013,LBE,PA,AEA,CE,Federal Contract Tower,8,19,13,6,46,0,2,29,6,37,8,21,42,12,83,32,12,44,127
10/23/2013,LBE,PA,AEA,CE,Federal Contract Tower,0,6,6,2,14,0,0,5,0,5,0,6,11,2,19,0,0,0,19
10/24/2013,LBE,PA,AEA,CE,Federal Contract Tower,10,16,4,1,31,0,0,12,1,13,10,16,16,2,44,8,0,8,52
10/25/2013,LBE,PA,AEA,CE,Federal Contract Tower,6,18,10,0,34,0,0,10,1,11,6,18,20,1,45,0,0,0,45
10/26/2013,LBE,PA,AEA,CE,Federal Contract Tower,4,5,2,0,11,0,0,9,0,9,4,5,11,0,20,4,0,4,24
10/27/2013,LBE,PA,AEA,CE,Federal Contract Tower,6,13,14,0,33,0,0,25,0,25,6,13,39,0,58,18,0,18,76
10/28/2013,LBE,PA,AEA,CE,Federal Contract Tower,2,5,14,0,21,0,2,44,0,46,2,7,58,0,67,76,0,76,143
10/29/2013,LBE,PA,AEA,CE,Federal Contract Tower,6,15,6,3,30,0,0,46,7,53,6,15,52,10,83,24,16,40,123
10/30/2013,LBE,PA,AEA,CE,Federal Contract Tower,2,12,6,0,20,0,0,31,0,31,2,12,37,0,51,66,0,66,117
10/31/2013,LBE,PA,AEA,CE,Federal Contract Tower,8,15,9,0,32,0,0,9,2,11,8,15,18,2,43,0,0,0,43
11/01/2013,LBE,PA,AEA,CE,Federal Contract Tower,4,13,5,2,24,0,0,11,0,11,4,13,16,2,35,16,0,16,51
11/02/2013,LBE,PA,AEA,CE,Federal Contract Tower,8,1,4,0,13,0,0,16,0,16,8,1,20,0,29,8,0,8,37
11/03/2013,LBE,PA,AEA,CE,Federal Contract Tower,7,10,12,0,29,0,0,46,0,46,7,10,58,0,75,54,0,54,129
11/04/2013,LBE,PA,AEA,CE,Federal Contract Tower,2,10,8,2,22,0,0,26,4,30,2,10,34,6,52,8,10,18,70
11/05/2013,LBE,PA,AEA,CE,Federal Contract Tower,6,14,10,0,30,0,0,35,0,35,6,14,45,0,65,30,0,30,95
11/06/2013,LBE,PA,AEA,CE,Federal Contract Tower,0,6,11,6,23,0,0,30,0,30,0,6,41,6,53,8,0,8,61
11/07/2013,LBE,PA,AEA,CE,Federal Contract Tower,4,9,6,0,19,0,8,0,0,8,4,17,6,0,27,8,0,8,35
11/08/2013,LBE,PA,AEA,CE,Federal Contract Tower,6,15,8,0,29,0,2,27,0,29,6,17,35,0,58,42,0,42,100
11/09/2013,LBE,PA,AEA,CE,Federal Contract Tower,4,3,7,0,14,0,0,37,0,37,4,3,44,0,51,18,0,18,69
11/10/2013,LBE,PA,AEA,CE,Federal Contract Tower,4,6,3,2,15,0,2,11,0,13,4,8,14,2,28,26,0,26,54
11/11/2013,LBE,PA,AEA,CE,Federal Contract Tower,6,8,9,0,23,0,0,20,0,20,6,8,29,0,43,18,0,18,61
11/12/2013,LBE,PA,AEA,CE,Federal Contract Tower,4,9,3,3,19,1,0,2,2,5,5,9,5,5,24,0,0,0,24
11/13/2013,LBE,PA,AEA,CE,Federal Contract Tower,6,14,6,3,29,0,0,6,2,8,6,14,12,5,37,4,0,4,41
11/14/2013,LBE,PA,AEA,CE,Federal Contract Tower,4,8,12,0,24,0,3,26,4,33,4,11,38,4,57,50,8,58,115
11/15/2013,LBE,PA,AEA,CE,Federal Contract Tower,8,14,6,2,30,0,0,26,0,26,8,14,32,2,56,20,0,20,76
11/16/2013,LBE,PA,AEA,CE,Federal Contract Tower,4,6,7,2,19,0,0,70,0,70,4,6,77,2,89,100,0,100,189
11/17/2013,LBE,PA,AEA,CE,Federal Contract Tower,6,4,10,0,20,0,0,9,0,9,6,4,19,0,29,46,0,46,75
11/18/2013,LBE,PA,AEA,CE,Federal Contract Tower,6,8,5,0,19,0,1,2,0,3,6,9,7,0,22,0,0,0,22
11/19/2013,LBE,PA,AEA,CE,Federal Contract Tower,4,5,13,2,24,0,2,13,0,15,4,7,26,2,39,4,2,6,45
11/20/2013,LBE,PA,AEA,CE,Federal Contract Tower,6,15,10,0,31,0,3,27,2,32,6,18,37,2,63,6,4,10,73
11/21/2013,LBE,PA,AEA,CE,Federal Contract Tower,4,19,12,0,35,0,2,19,4,25,4,21,31,4,60,44,8,52,112
11/22/2013,LBE,PA,AEA,CE,Federal Contract Tower,6,10,7,0,23,0,0,0,0,0,6,10,7,0,23,0,0,0,23
11/23/2013,LBE,PA,AEA,CE,Federal Contract Tower,4,5,1,0,10,0,0,7,0,7,4,5,8,0,17,8,0,8,25
11/24/2013,LBE,PA,AEA,CE,Federal Contract Tower,4,6,5,0,15,0,0,2,0,2,4,6,7,0,17,0,0,0,17
11/25/2013,LBE,PA,AEA,CE,Federal Contract Tower,6,12,2,0,20,0,1,35,0,36,6,13,37,0,56,28,0,28,84
11/26/2013,LBE,PA,AEA,CE,Federal Contract Tower,4,11,5,0,20,0,0,0,0,0,4,11,5,0,20,0,0,0,20
11/27/2013,LBE,PA,AEA,CE,Federal Contract Tower,6,16,8,0,30,0,0,3,0,3,6,16,11,0,33,0,0,0,33
11/28/2013,LBE,PA,AEA,CE,Federal Contract Tower,4,3,3,0,10,0,0,8,0,8,4,3,11,0,18,22,0,22,40
11/29/2013,LBE,PA,AEA,CE,Federal Contract Tower,6,15,9,0,30,0,0,45,0,45,6,15,54,0,75,20,0,20,95
11/30/2013,LBE,PA,AEA,CE,Federal Contract Tower,6,6,5,0,17,0,1,43,0,44,6,7,48,0,61,14,0,14,75
12/01/2013,LBE,PA,AEA,CE,Federal Contract Tower,8,19,6,0,33,0,3,22,0,25,8,22,28,0,58,28,0,28,86
12/02/2013,LBE,PA,AEA,CE,Federal Contract Tower,6,14,4,0,24,0,1,21,0,22,6,15,25,0,46,22,0,22,68
12/03/2013,LBE,PA,AEA,CE,Federal Contract Tower,0,12,2,0,14,0,4,17,2,23,0,16,19,2,37,8,0,8,45
12/04/2013,LBE,PA,AEA,CE,Federal Contract Tower,2,8,6,5,21,0,0,20,4,24,2,8,26,9,45,40,0,40,85
12/05/2013,LBE,PA,AEA,CE,Federal Contract Tower,4,15,11,2,32,0,0,3,0,3,4,15,14,2,35,0,0,0,35
12/06/2013,LBE,PA,AEA,CE,Federal Contract Tower,4,8,3,0,15,0,0,2,0,2,4,8,5,0,17,0,0,0,17
12/07/2013,LBE,PA,AEA,CE,Federal Contract Tower,4,7,3,0,14,0,0,15,0,15,4,7,18,0,29,6,0,6,35
12/08/2013,LBE,PA,AEA,CE,Federal Contract Tower,4,3,5,0,12,0,0,3,0,3,4,3,8,0,15,0,0,0,15
12/09/2013,LBE,PA,AEA,CE,Federal Contract Tower,6,7,5,0,18,0,0,7,0,7,6,7,12,0,25,8,0,8,33
12/10/2013,LBE,PA,AEA,CE,Federal Contract Tower,0,21,9,0,30,0,0,2,2,4,0,21,11,2,34,6,0,6,40
12/11/2013,LBE,PA,AEA,CE,Federal Contract Tower,2,14,5,0,21,0,2,11,4,17,2,16,16,4,38,6,10,16,54
12/12/2013,LBE,PA,AEA,CE,Federal Contract Tower,4,9,19,0,32,0,0,14,2,16,4,9,33,2,48,0,0,0,48
12/13/2013,LBE,PA,AEA,CE,Federal Contract Tower,6,12,5,0,23,0,0,35,0,35,6,12,40,0,58,20,0,20,78
12/14/2013,LBE,PA,AEA,CE,Federal Contract Tower,4,8,5,0,17,0,0,0,0,0,4,8,5,0,17,0,0,0,17
12/15/2013,LBE,PA,AEA,CE,Federal Contract Tower,4,11,3,0,18,0,0,0,0,0,4,11,3,0,18,0,0,0,18
12/16/2013,LBE,PA,AEA,CE,Federal Contract Tower,5,11,5,0,21,0,2,9,0,11,5,13,14,0,32,18,0,18,50
12/17/2013,LBE,PA,AEA,CE,Federal Contract Tower,0,8,5,0,13,0,0,4,0,4,0,8,9,0,17,0,0,0,17
12/18/2013,LBE,PA,AEA,CE,Federal Contract Tower,4,17,7,0,28,0,0,1,6,7,4,17,8,6,35,0,0,0,35
12/19/2013,LBE,PA,AEA,CE,Federal Contract Tower,4,12,12,6,34,0,0,31,0,31,4,12,43,6,65,24,0,24,89
12/20/2013,LBE,PA,AEA,CE,Federal Contract Tower,6,20,5,0,31,0,0,0,0,0,6,20,5,0,31,12,0,12,43
12/21/2013,LBE,PA,AEA,CE,Federal Contract Tower,2,14,2,0,18,0,0,0,0,0,2,14,2,0,18,0,0,0,18
12/22/2013,LBE,PA,AEA,CE,Federal Contract Tower,4,9,2,0,15,0,2,9,0,11,4,11,11,0,26,18,0,18,44
12/23/2013,LBE,PA,AEA,CE,Federal Contract Tower,6,11,1,4,22,0,0,0,0,0,6,11,1,4,22,0,0,0,22
12/24/2013,LBE,PA,AEA,CE,Federal Contract Tower,4,2,4,0,10,0,0,0,0,0,4,2,4,0,10,0,0,0,10
12/25/2013,LBE,PA,AEA,CE,Federal Contract Tower,6,1,0,0,7,0,0,2,0,2,6,1,2,0,9,6,0,6,15
12/26/2013,LBE,PA,AEA,CE,Federal Contract Tower,4,20,1,0,25,0,0,2,0,2,4,20,3,0,27,0,0,0,27
12/27/2013,LBE,PA,AEA,CE,Federal Contract Tower,8,12,6,6,32,0,0,48,6,54,8,12,54,12,86,18,0,18,104
12/28/2013,LBE,PA,AEA,CE,Federal Contract Tower,4,9,7,0,20,0,0,43,0,43,4,9,50,0,63,8,0,8,71
12/29/2013,LBE,PA,AEA,CE,Federal Contract Tower,6,7,7,0,20,0,0,0,0,0,6,7,7,0,20,0,0,0,20
12/30/2013,LBE,PA,AEA,CE,Federal Contract Tower,6,6,12,0,24,0,0,2,0,2,6,6,14,0,26,8,0,8,34
12/31/2013,LBE,PA,AEA,CE,Federal Contract Tower,4,2,2,2,10,0,0,0,0,0,4,2,2,2,10,0,0,0,10
01/01/2014,LBE,PA,AEA,CE,Federal Contract Tower,6,6,9,0,21,0,1,17,0,18,6,7,26,0,39,10,0,10,49
01/02/2014,LBE,PA,AEA,CE,Federal Contract Tower,4,5,0,0,9,0,0,0,0,0,4,5,0,0,9,0,0,0,9
01/03/2014,LBE,PA,AEA,CE,Federal Contract Tower,7,12,2,2,23,0,2,0,2,4,7,14,2,4,27,2,0,2,29
01/04/2014,LBE,PA,AEA,CE,Federal Contract Tower,4,11,2,0,17,0,0,49,0,49,4,11,51,0,66,66,0,66,132
01/05/2014,LBE,PA,AEA,CE,Federal Contract Tower,4,18,4,0,26,0,4,38,0,42,4,22,42,0,68,28,0,28,96
01/06/2014,LBE,PA,AEA,CE,Federal Contract Tower,5,8,2,2,17,0,0,0,0,0,5,8,2,2,17,0,0,0,17
01/07/2014,LBE,PA,AEA,CE,Federal Contract Tower,4,6,3,5,18,0,0,2,2,4,4,6,5,7,22,0,4,4,26
01/08/2014,LBE,PA,AEA,CE,Federal Contract Tower,6,12,3,0,21,0,0,12,0,12,6,12,15,0,33,4,0,4,37
01/09/2014,LBE,PA,AEA,CE,Federal Contract Tower,4,16,6,0,26,0,2,13,6,21,4,18,19,6,47,4,2,6,53
01/10/2014,LBE,PA,AEA,CE,Federal Contract Tower,8,3,14,0,25,0,0,3,0,3,8,3,17,0,28,6,0,6,34
01/11/2014,LBE,PA,AEA,CE,Federal Contract Tower,6,4,5,0,15,0,0,0,0,0,6,4,5,0,15,0,0,0,15
01/12/2014,LBE,PA,AEA,CE,Federal Contract Tower,6,3,4,0,13,0,0,10,0,10,6,3,14,0,23,2,0,2,25
01/13/2014,LBE,PA,AEA,CE,Federal Contract Tower,6,1,2,4,13,0,0,17,2,19,6,1,19,6,32,0,0,0,32
01/14/2014,LBE,PA,AEA,CE,Federal Contract Tower,4,15,9,0,28,0,0,18,0,18,4,15,27,0,46,44,0,44,90
01/15/2014,LBE,PA,AEA,CE,Federal Contract Tower,6,9,5,3,23,0,4,12,9,25,6,13,17,12,48,0,4,4,52
01/16/2014,LBE,PA,AEA,CE,Federal Contract Tower,4,13,12,3,32,0,0,42,0,42,4,13,54,3,74,24,0,24,98
01/17/2014,LBE,PA,AEA,CE,Federal Contract Tower,7,6,5,2,20,0,0,7,0,7,7,6,12,2,27,12,0,12,39
01/18/2014,LBE,PA,AEA,CE,Federal Contract Tower,4,6,1,0,11,0,0,9,0,9,4,6,10,0,20,6,0,6,26
01/19/2014,LBE,PA,AEA,CE,Federal Contract Tower,4,4,7,0,15,0,0,2,0,2,4,4,9,0,17,0,0,0,17
01/20/2014,LBE,PA,AEA,CE,Federal Contract Tower,6,16,3,1,26,0,1,8,0,9,6,17,11,1,35,16,0,16,51
01/21/2014,LBE,PA,AEA,CE,Federal Contract Tower,4,0,3,2,9,0,0,2,0,2,4,0,5,2,11,0,0,0,11
01/22/2014,LBE,PA,AEA,CE,Federal Contract Tower,6,11,8,0,25,0,1,14,4,19,6,12,22,4,44,14,12,26,70
01/23/2014,LBE,PA,AEA,CE,Federal Contract Tower,4,10,8,0,22,0,0,0,0,0,4,10,8,0,22,0,0,0,22
01/24/2014,LBE,PA,AEA,CE,Federal Contract Tower,6,16,5,6,33,0,0,4,0,4,6,16,9,6,37,0,0,0,37
01/25/2014,LBE,PA,AEA,CE,Federal Contract Tower,4,6,5,0,15,0,0,0,0,0,4,6,5,0,15,0,0,0,15
01/26/2014,LBE,PA,AEA,CE,Federal Contract Tower,4,10,4,4,22,0,0,2,0,2,4,10,6,4,24,0,0,0,24
01/27/2014,LBE,PA,AEA,CE,Federal Contract Tower,6,6,3,0,15,0,0,2,19,21,6,6,5,19,36,0,0,0,36
01/28/2014,LBE,PA,AEA,CE,Federal Contract Tower,4,15,3,11,33,0,2,11,1,14,4,17,14,12,47,2,6,8,55
01/29/2014,LBE,PA,AEA,CE,Federal Contract Tower,6,10,7,2,25,0,0,10,0,10,6,10,17,2,35,18,0,18,53
01/30/2014,LBE,PA,AEA,CE,Federal Contract Tower,4,19,6,5,34,0,0,22,13,35,4,19,28,18,69,38,6,44,113
01/31/2014,LBE,PA,AEA,CE,Federal Contract Tower,6,12,8,2,28,0,0,25,2,27,6,12,33,4,55,10,12,22,77
02/01/2014,LBE,PA,AEA,CE,Federal Contract Tower,4,3,8,0,15,0,0,23,0,23,4,3,31,0,38,44,0,44,82
02/02/2014,LBE,PA,AEA,CE,Federal Contract Tower,4,9,0,0,13,0,0,0,0,0,4,9,0,0,13,0,0,0,13
02/03/2014,LBE,PA,AEA,CE,Federal Contract Tower,6,8,4,2,20,0,0,0,2,2,6,8,4,4,22,0,10,10,32
02/04/2014,LBE,PA,AEA,CE,Federal Contract Tower,4,10,4,8,26,0,0,9,0,9,4,10,13,8,35,16,0,16,51
02/05/2014,LBE,PA,AEA,CE,Federal Contract Tower,6,6,4,0,16,0,0,0,0,0,6,6,4,0,16,0,0,0,16
02/06/2014,LBE,PA,AEA,CE,Federal Contract Tower,4,11,9,0,24,0,0,16,4,20,4,11,25,4,44,14,10,24,68
02/07/2014,LBE,PA,AEA,CE,Federal Contract Tower,8,12,0,2,22,0,0,16,4,20,8,12,16,6,42,14,6,20,62
02/08/2014,LBE,PA,AEA,CE,Federal Contract Tower,4,6,5,0,15,0,16,0,0,16,4,22,5,0,31,34,0,34,65
02/09/2014,LBE,PA,AEA,CE,Federal Contract Tower,4,8,2,0,14,0,0,0,0,0,4,8,2,0,14,0,0,0,14
02/10/2014,LBE,PA,AEA,CE,Federal Contract Tower,6,10,10,2,28,0,8,2,0,10,6,18,12,2,38,0,0,0,38
02/11/2014,LBE,PA,AEA,CE,Federal Contract Tower,4,11,5,5,25,0,0,38,4,42,4,11,43,9,67,48,4,52,119
02/12/2014,LBE,PA,AEA,CE,Federal Contract Tower,6,16,4,4,30,0,0,4,0,4,6,16,8,4,34,4,0,4,38
02/13/2014,LBE,PA,AEA,CE,Federal Contract Tower,6,13,5,0,24,0,0,0,0,0,6,13,5,0,24,0,0,0,24
02/14/2014,LBE,PA,AEA,CE,Federal Contract Tower,6,13,5,0,24,0,0,0,0,0,6,13,5,0,24,0,0,0,24
02/15/2014,LBE,PA,AEA,CE,Federal Contract Tower,3,3,1,0,7,0,4,0,0,4,3,7,1,0,11,0,0,0,11
02/16/2014,LBE,PA,AEA,CE,Federal Contract Tower,6,3,3,0,12,0,0,0,0,0,6,3,3,0,12,2,0,2,14
02/17/2014,LBE,PA,AEA,CE,Federal Contract Tower,6,15,8,0,29,0,0,16,0,16,6,15,24,0,45,10,0,10,55
02/18/2014,LBE,PA,AEA,CE,Federal Contract Tower,6,7,8,0,21,0,0,10,0,10,6,7,18,0,31,2,16,18,49
02/19/2014,LBE,PA,AEA,CE,Federal Contract Tower,6,15,1,6,28,0,0,2,2,4,6,15,3,8,32,0,0,0,32
02/20/2014,LBE,PA,AEA,CE,Federal Contract Tower,6,15,2,0,23,0,0,11,6,17,6,15,13,6,40,16,0,16,56
02/21/2014,LBE,PA,AEA,CE,Federal Contract Tower,6,9,9,0,24,0,4,3,6,13,6,13,12,6,37,0,0,0,37
02/22/2014,LBE,PA,AEA,CE,Federal Contract Tower,4,4,0,0,8,0,0,15,6,21,4,4,15,6,29,8,0,8,37
02/23/2014,LBE,PA,AEA,CE,Federal Contract Tower,6,9,2,0,17,0,0,20,3,23,6,9,22,3,40,18,6,24,64
02/24/2014,LBE,PA,AEA,CE,Federal Contract Tower,6,4,3,2,15,0,0,6,0,6,6,4,9,2,21,0,0,0,21
02/25/2014,LBE,PA,AEA,CE,Federal Contract Tower,6,4,9,3,22,0,0,0,0,0,6,4,9,3,22,0,0,0,22
02/26/2014,LBE,PA,AEA,CE,Federal Contract Tower,6,12,3,5,26,0,0,8,2,10,6,12,11,7,36,0,2,2,38
02/27/2014,LBE,PA,AEA,CE,Federal Contract Tower,6,12,5,2,25,0,1,2,0,3,6,13,7,2,28,0,0,0,28
02/28/2014,LBE,PA,AEA,CE,Federal Contract Tower,9,9,6,0,24,0,3,44,2,49,9,12,50,2,73,2,10,12,85
03/01/2014,LBE,PA,AEA,CE,Federal Contract Tower,4,9,3,0,16,0,0,28,0,28,4,9,31,0,44,12,0,12,56
03/02/2014,LBE,PA,AEA,CE,Federal Contract Tower,8,6,3,0,17,0,0,0,0,0,8,6,3,0,17,0,0,0,17
03/03/2014,LBE,PA,AEA,CE,Federal Contract Tower,6,2,4,0,12,0,0,23,0,23,6,2,27,0,35,66,0,66,101
03/04/2014,LBE,PA,AEA,CE,Federal Contract Tower,6,5,3,0,14,0,0,32,0,32,6,5,35,0,46,34,2,36,82
03/05/2014,LBE,PA,AEA,CE,Federal Contract Tower,6,10,7,0,23,0,2,18,2,22,6,12,25,2,45,0,0,0,45
03/06/2014,LBE,PA,AEA,CE,Federal Contract Tower,6,12,5,0,23,0,2,18,12,32,6,14,23,12,55,2,16,18,73
03/07/2014,LBE,PA,AEA,CE,Federal Contract Tower,6,14,4,2,26,0,0,73,0,73,6,14,77,2,99,54,6,60,159
03/08/2014,LBE,PA,AEA,CE,Federal Contract Tower,4,11,4,0,19,0,0,38,2,40,4,11,42,2,59,16,0,16,75
03/09/2014,LBE,PA,AEA,CE,Federal Contract Tower,6,3,10,0,19,0,2,39,0,41,6,5,49,0,60,36,0,36,96
03/10/2014,LBE,PA,AEA,CE,Federal Contract Tower,6,8,8,0,22,0,0,18,0,18,6,8,26,0,40,30,0,30,70
03/11/2014,LBE,PA,AEA,CE,Federal Contract Tower,8,12,6,0,26,0,1,41,4,46,8,13,47,4,72,20,6,26,98
03/12/2014,LBE,PA,AEA,CE,Federal Contract Tower,4,8,2,0,14,0,0,0,0,0,4,8,2,0,14,0,0,0,14
03/13/2014,LBE,PA,AEA,CE,Federal Contract Tower,8,15,10,0,33,0,5,7,0,12,8,20,17,0,45,6,0,6,51
03/14/2014,LBE,PA,AEA,CE,Federal Contract Tower,4,16,18,6,44,0,0,28,4,32,4,16,46,10,76,2,18,20,96
03/15/2014,LBE,PA,AEA,CE,Federal Contract Tower,4,6,0,0,10,0,0,4,4,8,4,6,4,4,18,10,0,10,28
03/16/2014,LBE,PA,AEA,CE,Federal Contract Tower,8,8,7,0,23,0,0,22,0,22,8,8,29,0,45,26,0,26,71
03/17/2014,LBE,PA,AEA,CE,Federal Contract Tower,8,6,7,0,21,0,0,13,0,13,8,6,20,0,34,10,0,10,44
03/18/2014,LBE,PA,AEA,CE,Federal Contract Tower,6,12,4,2,24,0,2,38,7,47,6,14,42,9,71,30,8,38,109
03/19/2014,LBE,PA,AEA,CE,Federal Contract Tower,6,11,5,2,24,0,0,6,2,8,6,11,11,4,32,2,4,6,38
03/20/2014,LBE,PA,AEA,CE,Federal Contract Tower,6,10,4,0,20,0,0,9,0,9,6,10,13,0,29,0,0,0,29
03/21/2014,LBE,PA,AEA,CE,Federal Contract Tower,8,8,6,2,24,0,0,20,0,20,8,8,26,2,44,52,0,52,96
03/22/2014,LBE,PA,AEA,CE,Federal Contract Tower,3,5,3,0,11,0,0,6,0,6,3,5,9,0,17,2,0,2,19
03/23/2014,LBE,PA,AEA,CE,Federal Contract Tower,7,10,3,0,20,0,0,22,0,22,7,10,25,0,42,8,0,8,50
03/24/2014,LBE,PA,AEA,CE,Federal Contract Tower,4,6,2,2,14,0,4,35,0,39,4,10,37,2,53,34,0,34,87
03/25/2014,LBE,PA,AEA,CE,Federal Contract Tower,8,15,3,0,26,0,2,19,8,29,8,17,22,8,55,0,0,0,55
03/26/2014,LBE,PA,AEA,CE,Federal Contract Tower,6,12,8,0,26,4,0,19,2,25,10,12,27,2,51,19,8,27,78
03/27/2014,LBE,PA,AEA,CE,Federal Contract Tower,6,14,9,4,33,0,0,22,4,26,6,14,31,8,59,10,10,20,79
03/28/2014,LBE,PA,AEA,CE,Federal Contract Tower,10,12,4,2,28,0,0,5,0,5,10,12,9,2,33,0,0,0,33
03/29/2014,LBE,PA,AEA,CE,Federal Contract Tower,4,9,2,0,15,0,0,16,0,16,4,9,18,0,31,14,0,14,45
03/30/2014,LBE,PA,AEA,CE,Federal Contract Tower,8,10,1,0,19,0,0,0,0,0,8,10,1,0,19,0,0,0,19
03/31/2014,LBE,PA,AEA,CE,Federal Contract Tower,8,11,4,4,27,0,0,47,0,47,8,11,51,4,74,42,8,50,124
04/01/2014,LBE,PA,AEA,CE,Federal Contract Tower,6,11,5,0,22,0,0,19,0,19,6,11,24,0,41,22,0,22,63
04/02/2014,LBE,PA,AEA,CE,Federal Contract Tower,6,16,10,2,34,0,0,30,0,30,6,16,40,2,64,0,0,0,64
04/03/2014,LBE,PA,AEA,CE,Federal Contract Tower,6,8,6,4,24,0,0,5,0,5,6,8,11,4,29,4,0,4,33
04/04/2014,LBE,PA,AEA,CE,Federal Contract Tower,8,8,3,0,19,0,0,0,0,0,8,8,3,0,19,0,0,0,19
04/05/2014,LBE,PA,AEA,CE,Federal Contract Tower,4,3,1,0,8,0,0,2,0,2,4,3,3,0,10,22,0,22,32
04/06/2014,LBE,PA,AEA,CE,Federal Contract Tower,8,6,10,0,24,0,0,81,6,87,8,6,91,6,111,28,0,28,139
04/07/2014,LBE,PA,AEA,CE,Federal Contract Tower,4,10,1,4,19,0,1,3,0,4,4,11,4,4,23,0,0,0,23
04/08/2014,LBE,PA,AEA,CE,Federal Contract Tower,6,9,3,2,20,0,0,10,5,15,6,9,13,7,35,14,10,24,59
04/09/2014,LBE,PA,AEA,CE,Federal Contract Tower,4,15,0,0,19,0,0,21,3,24,4,15,21,3,43,12,0,12,55
04/10/2014,LBE,PA,AEA,CE,Federal Contract Tower,6,18,8,3,35,0,0,27,6,33,6,18,35,9,68,6,0,6,74
04/11/2014,LBE,PA,AEA,CE,Federal Contract Tower,6,9,15,0,30,0,0,0,0,0,6,9,15,0,30,8,0,8,38
04/12/2014,LBE,PA,AEA,CE,Federal Contract Tower,4,14,5,0,23,0,1,72,0,73,4,15,77,0,96,46,0,46,142
04/13/2014,LBE,PA,AEA,CE,Federal Contract Tower,6,10,5,0,21,0,0,35,0,35,6,10,40,0,56,24,0,24,80
04/14/2014,LBE,PA,AEA,CE,Federal Contract Tower,4,8,5,3,20,0,0,5,1,6,4,8,10,4,26,0,0,0,26
04/15/2014,LBE,PA,AEA,CE,Federal Contract Tower,6,6,7,0,19,0,0,2,0,2,6,6,9,0,21,0,0,0,21
04/16/2014,LBE,PA,AEA,CE,Federal Contract Tower,4,8,4,2,18,0,0,35,4,39,4,8,39,6,57,84,0,84,141
04/17/2014,LBE,PA,AEA,CE,Federal Contract Tower,6,13,5,2,26,0,2,51,6,59,6,15,56,8,85,6,8,14,99
04/18/2014,LBE,PA,AEA,CE,Federal Contract Tower,6,8,9,4,27,0,2,107,0,109,6,10,116,4,136,52,0,52,188
04/19/2014,LBE,PA,AEA,CE,Federal Contract Tower,4,5,8,0,17,0,0,78,0,78,4,5,86,0,95,36,0,36,131
04/20/2014,LBE,PA,AEA,CE,Federal Contract Tower,6,8,5,0,19,0,0,36,0,36,6,8,41,0,55,14,0,14,69
04/21/2014,LBE,PA,AEA,CE,Federal Contract Tower,4,23,6,9,42,0,4,45,2,51,4,27,51,11,93,24,8,32,125
04/22/2014,LBE,PA,AEA,CE,Federal Contract Tower,6,10,5,3,24,0,0,10,0,10,6,10,15,3,34,0,0,0,34
04/23/2014,LBE,PA,AEA,CE,Federal Contract Tower,4,10,6,4,24,0,0,12,0,12,4,10,18,4,36,4,0,4,40
04/24/2014,LBE,PA,AEA,CE,Federal Contract Tower,8,7,6,0,21,0,1,51,2,54,8,8,57,2,75,34,0,34,109
04/25/2014,LBE,PA,AEA,CE,Federal Contract Tower,8,8,5,0,21,0,0,1,0,1,8,8,6,0,22,0,0,0,22
04/26/2014,LBE,PA,AEA,CE,Federal Contract Tower,7,7,2,0,16,0,1,14,0,15,7,8,16,0,31,0,0,0,31
04/27/2014,LBE,PA,AEA,CE,Federal Contract Tower,8,3,4,0,15,0,0,52,0,52,8,3,56,0,67,38,0,38,105
04/28/2014,LBE,PA,AEA,CE,Federal Contract Tower,4,21,7,1,33,0,0,12,0,12,4,21,19,1,45,0,0,0,45
04/29/2014,LBE,PA,AEA,CE,Federal Contract Tower,0,12,3,0,15,0,0,0,0,0,0,12,3,0,15,0,0,0,15
04/30/2014,LBE,PA,AEA,CE,Federal Contract Tower,4,10,10,5,29,0,0,0,5,5,4,10,10,10,34,0,6,6,40
05/01/2014,LBE,PA,AEA,CE,Federal Contract Tower,5,14,11,0,30,0,0,13,0,13,5,14,24,0,43,6,0,6,49
05/02/2014,LBE,PA,AEA,CE,Federal Contract Tower,7,15,12,2,36,0,6,18,1,25,7,21,30,3,61,8,0,8,69
05/03/2014,LBE,PA,AEA,CE,Federal Contract Tower,4,7,1,0,12,0,0,18,0,18,4,7,19,0,30,34,0,34,64
05/04/2014,LBE,PA,AEA,CE,Federal Contract Tower,6,9,7,2,24,0,0,18,0,18,6,9,25,2,42,12,0,12,54
05/05/2014,LBE,PA,AEA,CE,Federal Contract Tower,6,10,10,0,26,0,0,35,7,42,6,10,45,7,68,54,4,58,126
05/06/2014,LBE,PA,AEA,CE,Federal Contract Tower,6,20,10,0,36,0,0,52,7,59,6,20,62,7,95,66,4,70,165
05/07/2014,LBE,PA,AEA,CE,Federal Contract Tower,4,10,16,1,31,0,0,31,4,35,4,10,47,5,66,34,8,42,108
05/08/2014,LBE,PA,AEA,CE,Federal Contract Tower,6,16,5,0,27,0,0,27,5,32,6,16,32,5,59,62,12,74,133
05/09/2014,LBE,PA,AEA,CE,Federal Contract Tower,8,23,8,2,41,0,0,18,3,21,8,23,26,5,62,18,4,22,84
05/10/2014,LBE,PA,AEA,CE,Federal Contract Tower,4,1,1,0,6,0,0,2,0,2,4,1,3,0,8,0,0,0,8
05/11/2014,LBE,PA,AEA,CE,Federal Contract Tower,8,2,20,0,30,0,0,40,0,40,8,2,60,0,70,40,0,40,110
05/12/2014,LBE,PA,AEA,CE,Federal Contract Tower,6,11,12,0,29,0,0,2,0,2,6,11,14,0,31,0,0,0,31
05/13/2014,LBE,PA,AEA,CE,Federal Contract Tower,6,11,18,0,35,0,0,22,3,25,6,11,40,3,60,0,0,0,60
05/14/2014,LBE,PA,AEA,CE,Federal Contract Tower,4,18,11,0,33,0,2,12,0,14,4,20,23,0,47,12,0,12,59
05/15/2014,LBE,PA,AEA,CE,Federal Contract Tower,6,16,17,2,41,0,10,0,0,10,6,26,17,2,51,0,0,0,51
05/16/2014,LBE,PA,AEA,CE,Federal Contract Tower,7,8,16,3,34,0,0,20,5,25,7,8,36,8,59,26,14,40,99
05/17/2014,LBE,PA,AEA,CE,Federal Contract Tower,5,6,19,4,34,0,0,34,4,38,5,6,53,8,72,18,0,18,90
05/18/2014,LBE,PA,AEA,CE,Federal Contract Tower,6,9,11,0,26,0,0,43,0,43,6,9,54,0,69,22,0,22,91
05/19/2014,LBE,PA,AEA,CE,Federal Contract Tower,7,7,1,3,18,0,0,39,4,43,7,7,40,7,61,24,0,24,85
05/20/2014,LBE,PA,AEA,CE,Federal Contract Tower,6,12,9,3,30,0,0,47,0,47,6,12,56,3,77,32,0,32,109
05/21/2014,LBE,PA,AEA,CE,Federal Contract Tower,4,9,13,2,28,0,0,4,4,8,4,9,17,6,36,16,0,16,52
05/22/2014,LBE,PA,AEA,CE,Federal Contract Tower,6,16,15,0,37,0,2,16,0,18,6,18,31,0,55,4,0,4,59
05/23/2014,LBE,PA,AEA,CE,Federal Contract Tower,6,21,5,0,32,0,0,36,0,36,6,21,41,0,68,30,0,30,98
05/24/2014,LBE,PA,AEA,CE,Federal Contract Tower,6,5,11,0,22,0,2,43,0,45,6,7,54,0,67,54,0,54,121
05/25/2014,LBE,PA,AEA,CE,Federal Contract Tower,6,2,9,0,17,0,3,26,0,29,6,5,35,0,46,38,0,38,84
05/26/2014,LBE,PA,AEA,CE,Federal Contract Tower,8,11,3,0,22,0,0,26,0,26,8,11,29,0,48,16,0,16,64
05/27/2014,LBE,PA,AEA,CE,Federal Contract Tower,8,6,7,0,21,0,2,9,2,13,8,8,16,2,34,26,0,26,60
05/28/2014,LBE,PA,AEA,CE,Federal Contract Tower,4,11,2,0,17,0,1,9,0,10,4,12,11,0,27,0,10,10,37
05/29/2014,LBE,PA,AEA,CE,Federal Contract Tower,8,13,13,0,34,0,2,11,0,13,8,15,24,0,47,32,0,32,79
05/30/2014,LBE,PA,AEA,CE,Federal Contract Tower,6,11,12,1,30,0,0,39,1,40,6,11,51,2,70,10,0,10,80
05/31/2014,LBE,PA,AEA,CE,Federal Contract Tower,5,2,12,0,19,0,1,72,0,73,5,3,84,0,92,34,0,34,126
06/01/2014,LBE,PA,AEA,CE,Federal Contract Tower,6,12,11,0,29,0,0,68,0,68,6,12,79,0,97,32,0,32,129
06/02/2014,LBE,PA,AEA,CE,Federal Contract Tower,6,8,6,2,22,0,0,10,0,10,6,8,16,2,32,6,0,6,38
06/03/2014,LBE,PA,AEA,CE,Federal Contract Tower,6,15,11,3,35,0,0,22,6,28,6,15,33,9,63,18,12,30,93
06/04/2014,LBE,PA,AEA,CE,Federal Contract Tower,4,20,6,8,38,0,0,40,20,60,4,20,46,28,98,28,4,32,130
06/05/2014,LBE,PA,AEA,CE,Federal Contract Tower,8,18,9,2,37,0,2,22,13,37,8,20,31,15,74,4,0,4,78
06/06/2014,LBE,PA,AEA,CE,Federal Contract Tower,8,10,3,2,23,0,1,74,0,75,8,11,77,2,98,32,0,32,130
06/07/2014,LBE,PA,AEA,CE,Federal Contract Tower,4,6,2,0,12,0,1,110,0,111,4,7,112,0,123,0,0,0,123
06/08/2014,LBE,PA,AEA,CE,Federal Contract Tower,7,9,8,8,32,0,1,34,0,35,7,10,42,8,67,0,0,0,67
06/09/2014,LBE,PA,AEA,CE,Federal Contract Tower,6,10,13,1,30,0,0,10,0,10,6,10,23,1,40,4,0,4,44
06/10/2014,LBE,PA,AEA,CE,Federal Contract Tower,8,20,13,5,46,0,0,25,7,32,8,20,38,12,78,0,0,0,78
06/11/2014,LBE,PA,AEA,CE,Federal Contract Tower,4,16,8,2,30,0,2,31,0,33,4,18,39,2,63,34,0,34,97
06/12/2014,LBE,PA,AEA,CE,Federal Contract Tower,8,14,11,0,33,0,0,4,0,4,8,14,15,0,37,0,0,0,37
06/13/2014,LBE,PA,AEA,CE,Federal Contract Tower,6,6,8,0,20,0,0,5,0,5,6,6,13,0,25,10,0,10,35
06/14/2014,LBE,PA,AEA,CE,Federal Contract Tower,4,6,12,0,22,0,0,46,0,46,4,6,58,0,68,28,0,28,96
06/15/2014,LBE,PA,AEA,CE,Federal Contract Tower,6,11,8,0,25,0,0,53,0,53,6,11,61,0,78,28,0,28,106
06/16/2014,LBE,PA,AEA,CE,Federal Contract Tower,6,13,10,0,29,0,1,24,4,29,6,14,34,4,58,0,8,8,66
06/17/2014,LBE,PA,AEA,CE,Federal Contract Tower,6,7,10,2,25,0,0,18,0,18,6,7,28,2,43,6,0,6,49
06/18/2014,LBE,PA,AEA,CE,Federal Contract Tower,4,16,5,0,25,0,0,34,0,34,4,16,39,0,59,54,0,54,113
06/19/2014,LBE,PA,AEA,CE,Federal Contract Tower,6,18,19,6,49,0,0,4,0,4,6,18,23,6,53,0,0,0,53
06/20/2014,LBE,PA,AEA,CE,Federal Contract Tower,8,8,17,0,33,0,0,13,0,13,8,8,30,0,46,18,0,18,64
06/21/2014,LBE,PA,AEA,CE,Federal Contract Tower,4,11,7,0,22,0,6,8,0,14,4,17,15,0,36,0,0,0,36
06/22/2014,LBE,PA,AEA,CE,Federal Contract Tower,8,13,13,0,34,0,0,73,0,73,8,13,86,0,107,74,0,74,181
06/23/2014,LBE,PA,AEA,CE,Federal Contract Tower,6,11,12,0,29,0,2,35,0,37,6,13,47,0,66,54,0,54,120
06/24/2014,LBE,PA,AEA,CE,Federal Contract Tower,8,13,14,0,35,0,0,25,2,27,8,13,39,2,62,14,0,14,76
06/25/2014,LBE,PA,AEA,CE,Federal Contract Tower,4,20,10,0,34,0,0,13,0,13,4,20,23,0,47,22,0,22,69
06/26/2014,LBE,PA,AEA,CE,Federal Contract Tower,6,15,26,0,47,0,0,24,0,24,6,15,50,0,71,32,0,32,103
06/27/2014,LBE,PA,AEA,CE,Federal Contract Tower,6,18,20,0,44,0,0,42,2,44,6,18,62,2,88,16,0,16,104
06/28/2014,LBE,PA,AEA,CE,Federal Contract Tower,4,13,9,0,26,0,0,74,0,74,4,13,83,0,100,30,0,30,130
06/29/2014,LBE,PA,AEA,CE,Federal Contract Tower,6,9,6,2,23,0,0,30,0,30,6,9,36,2,53,16,0,16,69
06/30/2014,LBE,PA,AEA,CE,Federal Contract Tower,6,7,17,2,32,0,0,25,2,27,6,7,42,4,59,38,0,38,97
07/01/2014,LBE,PA,AEA,CE,Federal Contract Tower,6,8,7,0,21,0,0,24,4,28,6,8,31,4,49,30,0,30,79
07/02/2014,LBE,PA,AEA,CE,Federal Contract Tower,6,12,9,3,30,0,2,31,3,36,6,14,40,6,66,44,10,54,120
07/03/2014,LBE,PA,AEA,CE,Federal Contract Tower,6,11,8,0,25,0,0,19,2,21,6,11,27,2,46,18,0,18,64
07/04/2014,LBE,PA,AEA,CE,Federal Contract Tower,6,1,3,0,10,0,0,13,0,13,6,1,16,0,23,12,0,12,35
07/05/2014,LBE,PA,AEA,CE,Federal Contract Tower,4,7,7,0,18,0,0,69,0,69,4,7,76,0,87,44,0,44,131
07/06/2014,LBE,PA,AEA,CE,Federal Contract Tower,6,13,11,0,30,0,2,50,0,52,6,15,61,0,82,32,0,32,114
07/07/2014,LBE,PA,AEA,CE,Federal Contract Tower,6,4,8,0,18,0,2,7,0,9,6,6,15,0,27,0,0,0,27
07/08/2014,LBE,PA,AEA,CE,Federal Contract Tower,6,11,9,0,26,0,2,8,13,23,6,13,17,13,49,0,0,0,49
07/09/2014,LBE,PA,AEA,CE,Federal Contract Tower,4,15,3,1,23,0,0,19,4,23,4,15,22,5,46,38,8,46,92
07/10/2014,LBE,PA,AEA,CE,Federal Contract Tower,6,17,12,0,35,0,0,54,0,54,6,17,66,0,89,64,0,64,153
07/11/2014,LBE,PA,AEA,CE,Federal Contract Tower,6,5,10,0,21,0,1,78,2,81,6,6,88,2,102,78,0,78,180
07/12/2014,LBE,PA,AEA,CE,Federal Contract Tower,4,6,11,0,21,0,0,68,4,72,4,6,79,4,93,44,0,44,137
07/13/2014,LBE,PA,AEA,CE,Federal Contract Tower,6,17,7,0,30,0,0,11,0,11,6,17,18,0,41,28,0,28,69
07/14/2014,LBE,PA,AEA,CE,Federal Contract Tower,6,15,19,0,40,0,4,4,0,8,6,19,23,0,48,6,0,6,54
07/15/2014,LBE,PA,AEA,CE,Federal Contract Tower,6,6,5,0,17,0,0,23,0,23,6,6,28,0,40,0,0,0,40
07/16/2014,LBE,PA,AEA,CE,Federal Contract Tower,4,10,7,1,22,0,0,52,0,52,4,10,59,1,74,62,0,62,136
07/17/2014,LBE,PA,AEA,CE,Federal Contract Tower,6,16,13,1,36,0,0,55,0,55,6,16,68,1,91,48,0,48,139
07/18/2014,LBE,PA,AEA,CE,Federal Contract Tower,8,18,8,3,37,0,0,68,5,73,8,18,76,8,110,28,0,28,138
07/19/2014,LBE,PA,AEA,CE,Federal Contract Tower,4,5,5,0,14,0,0,0,0,0,4,5,5,0,14,0,0,0,14
07/20/2014,LBE,PA,AEA,CE,Federal Contract Tower,8,14,9,2,33,0,0,42,2,44,8,14,51,4,77,44,0,44,121
07/21/2014,LBE,PA,AEA,CE,Federal Contract Tower,6,11,6,2,25,0,0,7,7,14,6,11,13,9,39,14,14,28,67
07/22/2014,LBE,PA,AEA,CE,Federal Contract Tower,6,12,4,2,24,0,2,42,0,44,6,14,46,2,68,22,0,22,90
07/23/2014,LBE,PA,AEA,CE,Federal Contract Tower,6,9,7,0,22,0,0,45,0,45,6,9,52,0,67,22,0,22,89
07/24/2014,LBE,PA,AEA,CE,Federal Contract Tower,6,12,10,0,28,0,0,49,3,52,6,12,59,3,80,16,0,16,96
07/25/2014,LBE,PA,AEA,CE,Federal Contract Tower,8,11,6,5,30,0,2,57,0,59,8,13,63,5,89,42,6,48,137
07/26/2014,LBE,PA,AEA,CE,Federal Contract Tower,8,8,12,0,28,0,0,34,0,34,8,8,46,0,62,12,0,12,74
07/27/2014,LBE,PA,AEA,CE,Federal Contract Tower,6,2,14,0,22,0,0,3,0,3,6,2,17,0,25,0,0,0,25
07/28/2014,LBE,PA,AEA,CE,Federal Contract Tower,6,10,9,0,25,0,0,20,0,20,6,10,29,0,45,10,0,10,55
07/29/2014,LBE,PA,AEA,CE,Federal Contract Tower,6,12,10,1,29,0,0,39,2,41,6,12,49,3,70,24,6,30,100
07/30/2014,LBE,PA,AEA,CE,Federal Contract Tower,4,7,15,0,26,0,0,39,4,43,4,7,54,4,69,58,0,58,127
07/31/2014,LBE,PA,AEA,CE,Federal Contract Tower,6,19,11,2,38,0,0,31,4,35,6,19,42,6,73,24,6,30,103
08/01/2014,LBE,PA,AEA,CE,Federal Contract Tower,6,14,17,2,39,0,2,28,0,30,6,16,45,2,69,0,0,0,69
08/02/2014,LBE,PA,AEA,CE,Federal Contract Tower,4,16,7,0,27,0,0,29,0,29,4,16,36,0,56,24,0,24,80
08/03/2014,LBE,PA,AEA,CE,Federal Contract Tower,6,14,14,0,34,0,0,16,0,16,6,14,30,0,50,22,0,22,72
08/04/2014,LBE,PA,AEA,CE,Federal Contract Tower,6,10,4,2,22,0,0,32,0,32,6,10,36,2,54,20,0,20,74
08/05/2014,LBE,PA,AEA,CE,Federal Contract Tower,6,20,12,1,39,0,0,44,5,49,6,20,56,6,88,38,0,38,126
08/06/2014,LBE,PA,AEA,CE,Federal Contract Tower,4,17,7,2,30,0,1,20,0,21,4,18,27,2,51,10,0,10,61
08/07/2014,LBE,PA,AEA,CE,Federal Contract Tower,6,22,18,0,46,0,1,71,2,74,6,23,89,2,120,38,0,38,158
08/08/2014,LBE,PA,AEA,CE,Federal Contract Tower,6,7,15,0,28,0,3,44,1,48,6,10,59,1,76,10,0,10,86
08/09/2014,LBE,PA,AEA,CE,Federal Contract Tower,4,12,10,0,26,0,0,59,0,59,4,12,69,0,85,24,0,24,109
08/10/2014,LBE,PA,AEA,CE,Federal Contract Tower,6,24,8,1,39,0,1,58,0,59,6,25,66,1,98,22,0,22,120
08/11/2014,LBE,PA,AEA,CE,Federal Contract Tower,6,18,7,2,33,0,2,10,0,12,6,20,17,2,45,0,0,0,45
08/12/2014,LBE,PA,AEA,CE,Federal Contract Tower,6,13,13,0,32,0,0,9,0,9,6,13,22,0,41,24,0,24,65
08/13/2014,LBE,PA,AEA,CE,Federal Contract Tower,4,14,12,0,30,0,0,18,5,23,4,14,30,5,53,6,4,10,63
08/14/2014,LBE,PA,AEA,CE,Federal Contract Tower,5,21,11,0,37,0,0,48,0,48,5,21,59,0,85,32,0,32,117
08/15/2014,LBE,PA,AEA,CE,Federal Contract Tower,8,20,8,6,42,0,0,83,4,87,8,20,91,10,129,46,2,48,177
08/16/2014,LBE,PA,AEA,CE,Federal Contract Tower,5,15,5,3,28,0,0,56,2,58,5,15,61,5,86,44,0,44,130
08/17/2014,LBE,PA,AEA,CE,Federal Contract Tower,8,18,17,0,43,0,0,23,0,23,8,18,40,0,66,2,0,2,68
08/18/2014,LBE,PA,AEA,CE,Federal Contract Tower,6,7,6,0,19,0,0,26,0,26,6,7,32,0,45,0,0,0,45
08/19/2014,LBE,PA,AEA,CE,Federal Contract Tower,6,9,13,0,28,0,0,26,0,26,6,9,39,0,54,6,0,6,60
08/20/2014,LBE,PA,AEA,CE,Federal Contract Tower,4,10,7,0,21,0,0,11,4,15,4,10,18,4,36,8,6,14,50
08/21/2014,LBE,PA,AEA,CE,Federal Contract Tower,6,6,14,2,28,0,0,11,0,11,6,6,25,2,39,38,0,38,77
08/22/2014,LBE,PA,AEA,CE,Federal Contract Tower,6,11,23,2,42,0,0,36,0,36,6,11,59,2,78,18,0,18,96
08/23/2014,LBE,PA,AEA,CE,Federal Contract Tower,4,6,13,0,23,0,0,22,0,22,4,6,35,0,45,12,0,12,57
08/24/2014,LBE,PA,AEA,CE,Federal Contract Tower,6,13,5,0,24,0,0,50,0,50,6,13,55,0,74,48,0,48,122
08/25/2014,LBE,PA,AEA,CE,Federal Contract Tower,6,13,6,0,25,0,0,38,0,38,6,13,44,0,63,10,0,10,73
08/26/2014,LBE,PA,AEA,CE,Federal Contract Tower,7,11,12,7,37,0,0,63,8,71,7,11,75,15,108,28,10,38,146
08/27/2014,LBE,PA,AEA,CE,Federal Contract Tower,4,10,13,4,31,4,0,28,10,42,8,10,41,14,73,36,0,36,109
08/28/2014,LBE,PA,AEA,CE,Federal Contract Tower,7,21,24,1,53,0,2,41,1,44,7,23,65,2,97,52,2,54,151
08/29/2014,LBE,PA,AEA,CE,Federal Contract Tower,8,16,10,0,34,0,0,43,0,43,8,16,53,0,77,28,0,28,105
08/30/2014,LBE,PA,AEA,CE,Federal Contract Tower,4,10,2,0,16,0,1,45,0,46,4,11,47,0,62,18,0,18,80
08/31/2014,LBE,PA,AEA,CE,Federal Contract Tower,8,10,9,0,27,0,0,0,0,0,8,10,9,0,27,0,0,0,27
09/01/2014,LBE,PA,AEA,CE,Federal Contract Tower,6,13,12,0,31,0,2,6,0,8,6,15,18,0,39,12,0,12,51
09/02/2014,LBE,PA,AEA,CE,Federal Contract Tower,6,8,5,0,19,0,0,21,0,21,6,8,26,0,40,0,0,0,40
09/03/2014,LBE,PA,AEA,CE,Federal Contract Tower,2,13,13,0,28,0,0,43,8,51,2,13,56,8,79,32,10,42,121
09/04/2014,LBE,PA,AEA,CE,Federal Contract Tower,6,16,29,4,55,0,3,81,5,89,6,19,110,9,144,34,24,58,202
09/05/2014,LBE,PA,AEA,CE,Federal Contract Tower,4,18,18,0,40,0,0,60,0,60,4,18,78,0,100,42,0,42,142
09/06/2014,LBE,PA,AEA,CE,Federal Contract Tower,4,4,8,0,16,0,0,9,2,11,4,4,17,2,27,0,0,0,27
09/07/2014,LBE,PA,AEA,CE,Federal Contract Tower,5,13,11,1,30,0,1,40,0,41,5,14,51,1,71,8,0,8,79
09/08/2014,LBE,PA,AEA,CE,Federal Contract Tower,4,17,18,2,41,0,2,29,0,31,4,19,47,2,72,0,0,0,72
09/09/2014,LBE,PA,AEA,CE,Federal Contract Tower,6,17,15,0,38,0,0,30,2,32,6,17,45,2,70,4,0,4,74
09/10/2014,LBE,PA,AEA,CE,Federal Contract Tower,2,33,10,0,45,0,0,22,4,26,2,33,32,4,71,26,0,26,97
09/11/2014,LBE,PA,AEA,CE,Federal Contract Tower,6,23,13,0,42,0,0,8,2,10,6,23,21,2,52,4,0,4,56
09/12/2014,LBE,PA,AEA,CE,Federal Contract Tower,6,14,18,2,40,0,0,19,0,19,6,14,37,2,59,18,0,18,77
09/13/2014,LBE,PA,AEA,CE,Federal Contract Tower,5,9,15,0,29,0,1,5,2,8,5,10,20,2,37,0,0,0,37
09/14/2014,LBE,PA,AEA,CE,Federal Contract Tower,5,13,24,0,42,0,2,40,2,44,5,15,64,2,86,36,0,36,122
09/15/2014,LBE,PA,AEA,CE,Federal Contract Tower,2,6,15,2,25,0,1,39,0,40,2,7,54,2,65,14,0,14,79
09/16/2014,LBE,PA,AEA,CE,Federal Contract Tower,7,20,11,2,40,0,0,21,2,23,7,20,32,4,63,18,6,24,87
09/17/2014,LBE,PA,AEA,CE,Federal Contract Tower,2,14,16,0,32,0,0,32,0,32,2,14,48,0,64,24,0,24,88
09/18/2014,LBE,PA,AEA,CE,Federal Contract Tower,6,20,12,4,42,0,1,35,0,36,6,21,47,4,78,22,0,22,100
09/19/2014,LBE,PA,AEA,CE,Federal Contract Tower,4,8,14,0,26,0,0,21,0,21,4,8,35,0,47,24,0,24,71
09/20/2014,LBE,PA,AEA,CE,Federal Contract Tower,7,5,8,0,20,0,0,38,0,38,7,5,46,0,58,40,0,40,98
09/21/2014,LBE,PA,AEA,CE,Federal Contract Tower,8,18,11,0,37,0,0,5,0,5,8,18,16,0,42,0,0,0,42
09/22/2014,LBE,PA,AEA,CE,Federal Contract Tower,2,13,6,2,23,12,1,10,2,25,14,14,16,4,48,38,0,38,86
09/23/2014,LBE,PA,AEA,CE,Federal Contract Tower,7,11,12,0,30,0,3,51,6,60,7,14,63,6,90,18,12,30,120
09/24/2014,LBE,PA,AEA,CE,Federal Contract Tower,2,12,8,2,24,0,0,33,2,35,2,12,41,4,59,64,4,68,127
09/25/2014,LBE,PA,AEA,CE,Federal Contract Tower,6,17,20,3,46,0,0,37,3,40,6,17,57,6,86,32,6,38,124
09/26/2014,LBE,PA,AEA,CE,Federal Contract Tower,4,5,6,0,15,0,0,38,0,38,4,5,44,0,53,12,0,12,65
09/27/2014,LBE,PA,AEA,CE,Federal Contract Tower,4,5,12,0,21,0,1,49,0,50,4,6,61,0,71,22,0,22,93
09/28/2014,LBE,PA,AEA,CE,Federal Contract Tower,4,12,10,0,26,0,0,36,0,36,4,12,46,0,62,24,0,24,86
09/29/2014,LBE,PA,AEA,CE,Federal Contract Tower,2,10,14,2,28,0,0,25,0,25,2,10,39,2,53,28,0,28,81
09/30/2014,LBE,PA,AEA,CE,Federal Contract Tower,6,20,22,0,48,0,0,25,2,27,6,20,47,2,75,30,0,30,105
10/01/2014,LBE,PA,AEA,CE,Federal Contract Tower,2,26,22,0,50,0,0,38,2,40,2,26,60,2,90,22,0,22,112
10/02/2014,LBE,PA,AEA,CE,Federal Contract Tower,6,18,19,8,51,0,0,57,10,67,6,18,76,18,118,54,32,86,204
10/03/2014,LBE,PA,AEA,CE,Federal Contract Tower,4,21,7,2,34,0,0,10,0,10,4,21,17,2,44,2,0,2,46
10/04/2014,LBE,PA,AEA,CE,Federal Contract Tower,4,3,8,0,15,0,0,3,2,5,4,3,11,2,20,0,0,0,20
10/05/2014,LBE,PA,AEA,CE,Federal Contract Tower,4,19,1,0,24,0,0,29,0,29,4,19,30,0,53,42,0,42,95
10/06/2014,LBE,PA,AEA,CE,Federal Contract Tower,2,14,15,0,31,0,0,12,0,12,2,14,27,0,43,12,0,12,55
10/07/2014,LBE,PA,AEA,CE,Federal Contract Tower,6,14,9,6,35,0,0,16,0,16,6,14,25,6,51,0,0,0,51
10/08/2014,LBE,PA,AEA,CE,Federal Contract Tower,2,15,13,1,31,0,0,11,5,16,2,15,24,6,47,18,0,18,65
10/09/2014,LBE,PA,AEA,CE,Federal Contract Tower,6,22,16,0,44,0,3,36,2,41,6,25,52,2,85,74,0,74,159
10/10/2014,LBE,PA,AEA,CE,Federal Contract Tower,6,15,25,6,52,0,2,26,1,29,6,17,51,7,81,40,0,40,121
10/11/2014,LBE,PA,AEA,CE,Federal Contract Tower,4,7,6,0,17,0,0,21,0,21,4,7,27,0,38,82,0,82,120
10/12/2014,LBE,PA,AEA,CE,Federal Contract Tower,6,15,9,0,30,0,0,48,0,48,6,15,57,0,78,30,0,30,108
10/13/2014,LBE,PA,AEA,CE,Federal Contract Tower,2,17,10,0,29,0,0,7,0,7,2,17,17,0,36,14,0,14,50
10/14/2014,LBE,PA,AEA,CE,Federal Contract Tower,6,23,16,3,48,0,0,13,4,17,6,23,29,7,65,0,0,0,65
10/15/2014,LBE,PA,AEA,CE,Federal Contract Tower,2,20,8,2,32,16,4,2,7,29,18,24,10,9,61,2,0,2,63
10/16/2014,LBE,PA,AEA,CE,Federal Contract Tower,6,18,8,0,32,0,0,9,0,9,6,18,17,0,41,16,0,16,57
10/17/2014,LBE,PA,AEA,CE,Federal Contract Tower,4,12,12,3,31,0,2,18,3,23,4,14,30,6,54,20,8,28,82
10/18/2014,LBE,PA,AEA,CE,Federal Contract Tower,4,2,7,0,13,0,0,5,0,5,4,2,12,0,18,0,0,0,18
10/19/2014,LBE,PA,AEA,CE,Federal Contract Tower,5,15,16,3,39,0,0,38,4,42,5,15,54,7,81,38,0,38,119
10/20/2014,LBE,PA,AEA,CE,Federal Contract Tower,2,19,9,0,30,0,1,19,2,22,2,20,28,2,52,2,0,2,54
10/21/2014,LBE,PA,AEA,CE,Federal Contract Tower,6,15,9,0,30,0,0,0,0,0,6,15,9,0,30,0,0,0,30
10/22/2014,LBE,PA,AEA,CE,Federal Contract Tower,2,14,8,0,24,0,0,7,0,7,2,14,15,0,31,20,0,20,51
10/23/2014,LBE,PA,AEA,CE,Federal Contract Tower,6,19,13,0,38,0,4,12,2,18,6,23,25,2,56,14,6,20,76
10/24/2014,LBE,PA,AEA,CE,Federal Contract Tower,4,9,22,4,39,2,0,43,0,45,6,9,65,4,84,54,0,54,138
10/25/2014,LBE,PA,AEA,CE,Federal Contract Tower,4,5,8,0,17,0,0,31,0,31,4,5,39,0,48,84,0,84,132
10/26/2014,LBE,PA,AEA,CE,Federal Contract Tower,5,9,8,0,22,0,0,39,0,39,5,9,47,0,61,34,0,34,95
10/27/2014,LBE,PA,AEA,CE,Federal Contract Tower,1,17,8,2,28,0,0,46,0,46,1,17,54,2,74,56,8,64,138
10/28/2014,LBE,PA,AEA,CE,Federal Contract Tower,6,23,12,2,43,0,1,22,2,25,6,24,34,4,68,0,0,0,68
10/29/2014,LBE,PA,AEA,CE,Federal Contract Tower,2,11,10,0,23,0,0,9,0,9,2,11,19,0,32,18,0,18,50
10/30/2014,LBE,PA,AEA,CE,Federal Contract Tower,6,15,13,0,34,0,4,33,2,39,6,19,46,2,73,54,0,54,127
10/31/2014,LBE,PA,AEA,CE,Federal Contract Tower,6,15,13,0,34,0,0,10,0,10,6,15,23,0,44,20,0,20,64
11/01/2014,LBE,PA,AEA,CE,Federal Contract Tower,4,5,3,0,12,0,0,1,0,1,4,5,4,0,13,0,0,0,13
11/02/2014,LBE,PA,AEA,CE,Federal Contract Tower,4,10,10,2,26,0,0,16,0,16,4,10,26,2,42,12,0,12,54
11/03/2014,LBE,PA,AEA,CE,Federal Contract Tower,6,8,9,0,23,0,1,28,1,30,6,9,37,1,53,40,0,40,93
11/04/2014,LBE,PA,AEA,CE,Federal Contract Tower,4,13,4,0,21,0,0,24,4,28,4,13,28,4,49,32,0,32,81
11/05/2014,LBE,PA,AEA,CE,Federal Contract Tower,6,14,3,0,23,0,1,19,3,23,6,15,22,3,46,10,18,28,74
11/06/2014,LBE,PA,AEA,CE,Federal Contract Tower,4,18,4,0,26,0,0,0,0,0,4,18,4,0,26,0,0,0,26
11/07/2014,LBE,PA,AEA,CE,Federal Contract Tower,4,15,10,0,29,0,0,8,0,8,4,15,18,0,37,0,0,0,37
11/08/2014,LBE,PA,AEA,CE,Federal Contract Tower,4,4,13,0,21,0,0,21,0,21,4,4,34,0,42,26,0,26,68
11/09/2014,LBE,PA,AEA,CE,Federal Contract Tower,4,7,10,0,21,0,0,28,0,28,4,7,38,0,49,14,0,14,63
11/10/2014,LBE,PA,AEA,CE,Federal Contract Tower,4,4,3,0,11,0,2,56,0,58,4,6,59,0,69,42,0,42,111
11/11/2014,LBE,PA,AEA,CE,Federal Contract Tower,4,7,8,0,19,0,0,26,0,26,4,7,34,0,45,34,0,34,79
11/12/2014,LBE,PA,AEA,CE,Federal Contract Tower,4,11,1,0,16,0,4,18,0,22,4,15,19,0,38,22,0,22,60
11/13/2014,LBE,PA,AEA,CE,Federal Contract Tower,4,12,11,2,29,0,0,5,0,5,4,12,16,2,34,14,0,14,48
11/14/2014,LBE,PA,AEA,CE,Federal Contract Tower,4,6,7,0,17,0,0,8,0,8,4,6,15,0,25,12,0,12,37
11/15/2014,LBE,PA,AEA,CE,Federal Contract Tower,4,6,3,2,15,0,1,43,0,44,4,7,46,2,59,80,0,80,139
11/16/2014,LBE,PA,AEA,CE,Federal Contract Tower,5,9,5,2,21,0,0,26,0,26,5,9,31,2,47,62,0,62,109
11/17/2014,LBE,PA,AEA,CE,Federal Contract Tower,4,14,1,0,19,0,0,0,0,0,4,14,1,0,19,0,0,0,19
11/18/2014,LBE,PA,AEA,CE,Federal Contract Tower,4,19,7,0,30,0,0,1,2,3,4,19,8,2,33,0,0,0,33
11/19/2014,LBE,PA,AEA,CE,Federal Contract Tower,4,19,13,0,36,0,2,8,4,14,4,21,21,4,50,0,0,0,50
11/20/2014,LBE,PA,AEA,CE,Federal Contract Tower,4,14,10,0,28,0,0,8,0,8,4,14,18,0,36,2,0,2,38
11/21/2014,LBE,PA,AEA,CE,Federal Contract Tower,6,20,5,0,31,0,0,17,0,17,6,20,22,0,48,0,0,0,48
11/22/2014,LBE,PA,AEA,CE,Federal Contract Tower,5,4,2,0,11,1,0,8,0,9,6,4,10,0,20,6,0,6,26
11/23/2014,LBE,PA,AEA,CE,Federal Contract Tower,6,7,6,0,19,0,0,52,0,52,6,7,58,0,71,34,0,34,105
11/24/2014,LBE,PA,AEA,CE,Federal Contract Tower,4,10,1,0,15,0,0,6,0,6,4,10,7,0,21,16,0,16,37
11/25/2014,LBE,PA,AEA,CE,Federal Contract Tower,3,20,4,2,29,0,0,16,0,16,3,20,20,2,45,30,0,30,75
11/26/2014,LBE,PA,AEA,CE,Federal Contract Tower,5,7,2,0,14,0,0,0,0,0,5,7,2,0,14,0,0,0,14
11/27/2014,LBE,PA,AEA,CE,Federal Contract Tower,4,6,2,0,12,0,0,0,0,0,4,6,2,0,12,0,0,0,12
11/28/2014,LBE,PA,AEA,CE,Federal Contract Tower,4,7,1,0,12,0,0,10,0,10,4,7,11,0,22,8,0,8,30
11/29/2014,LBE,PA,AEA,CE,Federal Contract Tower,4,4,5,0,13,0,0,59,0,59,4,4,64,0,72,38,0,38,110
11/30/2014,LBE,PA,AEA,CE,Federal Contract Tower,4,24,2,0,30,0,0,0,0,0,4,24,2,0,30,0,0,0,30
12/01/2014,LBE,PA,AEA,CE,Federal Contract Tower,4,13,13,0,30,0,0,0,0,0,4,13,13,0,30,0,0,0,30
12/02/2014,LBE,PA,AEA,CE,Federal Contract Tower,0,9,1,0,10,0,0,0,0,0,0,9,1,0,10,0,0,0,10
12/03/2014,LBE,PA,AEA,CE,Federal Contract Tower,0,19,15,0,34,0,0,1,0,1,0,19,16,0,35,0,0,0,35
12/04/2014,LBE,PA,AEA,CE,Federal Contract Tower,4,18,17,0,39,0,0,27,0,27,4,18,44,0,66,8,0,8,74
12/05/2014,LBE,PA,AEA,CE,Federal Contract Tower,4,13,9,0,26,0,0,5,0,5,4,13,14,0,31,12,0,12,43
12/06/2014,LBE,PA,AEA,CE,Federal Contract Tower,4,5,5,0,14,0,0,0,0,0,4,5,5,0,14,0,0,0,14
12/07/2014,LBE,PA,AEA,CE,Federal Contract Tower,4,6,3,0,13,0,0,57,4,61,4,6,60,4,74,32,0,32,106
12/08/2014,LBE,PA,AEA,CE,Federal Contract Tower,4,16,3,0,23,0,0,26,0,26,4,16,29,0,49,2,0,2,51
12/09/2014,LBE,PA,AEA,CE,Federal Contract Tower,0,13,11,0,24,0,0,20,0,20,0,13,31,0,44,22,0,22,66
12/10/2014,LBE,PA,AEA,CE,Federal Contract Tower,4,14,0,0,18,0,0,0,0,0,4,14,0,0,18,0,0,0,18
12/12/2014,LBE,PA,AEA,CE,Federal Contract Tower,4,10,12,3,29,0,0,12,3,15,4,10,24,6,44,14,0,14,58
12/13/2014,LBE,PA,AEA,CE,Federal Contract Tower,4,6,4,0,14,0,0,0,0,0,4,6,4,0,14,0,0,0,14
12/14/2014,LBE,PA,AEA,CE,Federal Contract Tower,4,11,2,0,17,0,0,0,0,0,4,11,2,0,17,0,0,0,17
12/15/2014,LBE,PA,AEA,CE,Federal Contract Tower,4,21,10,0,35,0,0,4,0,4,4,21,14,0,39,0,0,0,39
12/16/2014,LBE,PA,AEA,CE,Federal Contract Tower,0,9,4,1,14,0,2,5,0,7,0,11,9,1,21,0,0,0,21
12/17/2014,LBE,PA,AEA,CE,Federal Contract Tower,3,6,6,0,15,0,0,9,2,11,3,6,15,2,26,0,0,0,26
12/18/2014,LBE,PA,AEA,CE,Federal Contract Tower,6,10,10,0,26,0,0,0,0,0,6,10,10,0,26,0,0,0,26
12/19/2014,LBE,PA,AEA,CE,Federal Contract Tower,6,7,7,0,20,0,0,8,0,8,6,7,15,0,28,0,0,0,28
12/20/2014,LBE,PA,AEA,CE,Federal Contract Tower,6,7,11,0,24,0,0,39,0,39,6,7,50,0,63,48,0,48,111
12/21/2014,LBE,PA,AEA,CE,Federal Contract Tower,8,11,0,0,19,0,0,32,0,32,8,11,32,0,51,34,0,34,85
12/22/2014,LBE,PA,AEA,CE,Federal Contract Tower,6,8,6,2,22,0,0,28,0,28,6,8,34,2,50,2,0,2,52
12/23/2014,LBE,PA,AEA,CE,Federal Contract Tower,6,9,5,0,20,0,0,16,0,16,6,9,21,0,36,14,0,14,50
12/24/2014,LBE,PA,AEA,CE,Federal Contract Tower,6,2,2,0,10,0,0,6,0,6,6,2,8,0,16,0,0,0,16
12/25/2014,LBE,PA,AEA,CE,Federal Contract Tower,6,4,0,0,10,0,0,2,0,2,6,4,2,0,12,0,0,0,12
12/26/2014,LBE,PA,AEA,CE,Federal Contract Tower,6,14,10,0,30,0,0,59,0,59,6,14,69,0,89,32,0,32,121
12/27/2014,LBE,PA,AEA,CE,Federal Contract Tower,6,14,7,0,27,0,0,61,0,61,6,14,68,0,88,74,0,74,162
12/28/2014,LBE,PA,AEA,CE,Federal Contract Tower,6,10,2,0,18,0,0,0,0,0,6,10,2,0,18,0,0,0,18
12/29/2014,LBE,PA,AEA,CE,Federal Contract Tower,6,12,3,0,21,0,2,21,0,23,6,14,24,0,44,0,6,6,50
12/30/2014,LBE,PA,AEA,CE,Federal Contract Tower,7,16,5,0,28,0,5,47,2,54,7,21,52,2,82,30,4,34,116
12/31/2014,LBE,PA,AEA,CE,Federal Contract Tower,6,6,4,0,16,0,0,14,0,14,6,6,18,0,30,8,0,8,38
01/01/2015,LBE,PA,AEA,CE,Federal Contract Tower,8,4,3,0,15,0,0,6,0,6,8,4,9,0,21,0,0,0,21
01/02/2015,LBE,PA,AEA,CE,Federal Contract Tower,6,15,10,0,31,0,0,28,0,28,6,15,38,0,59,28,0,28,87
01/03/2015,LBE,PA,AEA,CE,Federal Contract Tower,6,17,2,0,25,0,0,0,0,0,6,17,2,0,25,0,0,0,25
01/04/2015,LBE,PA,AEA,CE,Federal Contract Tower,6,6,5,0,17,0,0,2,0,2,6,6,7,0,19,0,0,0,19
01/05/2015,LBE,PA,AEA,CE,Federal Contract Tower,5,6,1,0,12,0,1,6,0,7,5,7,7,0,19,0,0,0,19
01/06/2015,LBE,PA,AEA,CE,Federal Contract Tower,6,5,2,0,13,0,0,2,0,2,6,5,4,0,15,0,0,0,15
01/07/2015,LBE,PA,AEA,CE,Federal Contract Tower,5,13,8,0,26,0,0,2,0,2,5,13,10,0,28,0,0,0,28
01/08/2015,LBE,PA,AEA,CE,Federal Contract Tower,6,4,6,0,16,0,0,15,0,15,6,4,21,0,31,0,0,0,31
01/09/2015,LBE,PA,AEA,CE,Federal Contract Tower,6,1,2,0,9,0,0,3,2,5,6,1,5,2,14,0,0,0,14
01/10/2015,LBE,PA,AEA,CE,Federal Contract Tower,6,8,0,2,16,0,0,15,0,15,6,8,15,2,31,0,0,0,31
01/11/2015,LBE,PA,AEA,CE,Federal Contract Tower,6,7,3,0,16,0,0,27,0,27,6,7,30,0,43,22,0,22,65
01/12/2015,LBE,PA,AEA,CE,Federal Contract Tower,5,9,2,0,16,0,0,0,0,0,5,9,2,0,16,0,0,0,16
01/13/2015,LBE,PA,AEA,CE,Federal Contract Tower,6,15,6,0,27,0,10,39,0,49,6,25,45,0,76,30,0,30,106
01/14/2015,LBE,PA,AEA,CE,Federal Contract Tower,6,11,4,0,21,0,0,9,0,9,6,11,13,0,30,8,0,8,38
01/15/2015,LBE,PA,AEA,CE,Federal Contract Tower,6,9,10,1,26,0,2,28,2,32,6,11,38,3,58,12,8,20,78
01/16/2015,LBE,PA,AEA,CE,Federal Contract Tower,6,7,6,0,19,0,0,3,0,3,6,7,9,0,22,0,0,0,22
01/17/2015,LBE,PA,AEA,CE,Federal Contract Tower,6,4,10,0,20,0,0,56,0,56,6,4,66,0,76,38,0,38,114
01/18/2015,LBE,PA,AEA,CE,Federal Contract Tower,5,7,0,0,12,0,0,0,0,0,5,7,0,0,12,0,0,0,12
01/19/2015,LBE,PA,AEA,CE,Federal Contract Tower,6,9,4,0,19,0,0,3,2,5,6,9,7,2,24,0,0,0,24
01/20/2015,LBE,PA,AEA,CE,Federal Contract Tower,6,14,1,1,22,0,0,9,1,10,6,14,10,2,32,0,0,0,32
01/21/2015,LBE,PA,AEA,CE,Federal Contract Tower,6,5,1,2,14,0,0,0,0,0,6,5,1,2,14,0,0,0,14
01/22/2015,LBE,PA,AEA,CE,Federal Contract Tower,6,15,3,2,26,0,0,5,2,7,6,15,8,4,33,16,4,20,53
01/23/2015,LBE,PA,AEA,CE,Federal Contract Tower,8,5,8,6,27,0,0,44,4,48,8,5,52,10,75,10,0,10,85
01/24/2015,LBE,PA,AEA,CE,Federal Contract Tower,6,2,1,0,9,0,0,0,0,0,6,2,1,0,9,0,0,0,9
01/25/2015,LBE,PA,AEA,CE,Federal Contract Tower,8,2,5,0,15,0,0,0,0,0,8,2,5,0,15,0,0,0,15
01/26/2015,LBE,PA,AEA,CE,Federal Contract Tower,6,4,0,0,10,0,0,0,0,0,6,4,0,0,10,0,0,0,10
01/27/2015,LBE,PA,AEA,CE,Federal Contract Tower,6,10,1,0,17,0,0,0,0,0,6,10,1,0,17,0,0,0,17
01/28/2015,LBE,PA,AEA,CE,Federal Contract Tower,6,10,12,0,28,0,0,16,2,18,6,10,28,2,46,12,0,12,58
01/29/2015,LBE,PA,AEA,CE,Federal Contract Tower,6,11,5,3,25,0,0,3,2,5,6,11,8,5,30,12,10,22,52
01/30/2015,LBE,PA,AEA,CE,Federal Contract Tower,6,4,2,0,12,0,0,2,0,2,6,4,4,0,14,2,0,2,16
01/31/2015,LBE,PA,AEA,CE,Federal Contract Tower,6,4,5,2,17,0,0,41,0,41,6,4,46,2,58,22,0,22,80
02/01/2015,LBE,PA,AEA,CE,Federal Contract Tower,5,7,0,0,12,0,0,0,0,0,5,7,0,0,12,0,0,0,12
02/02/2015,LBE,PA,AEA,CE,Federal Contract Tower,5,2,6,0,13,0,0,0,0,0,5,2,6,0,13,0,0,0,13
02/03/2015,LBE,PA,AEA,CE,Federal Contract Tower,6,12,5,0,23,0,0,30,2,32,6,12,35,2,55,8,0,8,63
02/04/2015,LBE,PA,AEA,CE,Federal Contract Tower,6,9,6,0,21,0,0,10,2,12,6,9,16,2,33,0,18,18,51
02/05/2015,LBE,PA,AEA,CE,Federal Contract Tower,6,12,5,2,25,0,0,7,2,9,6,12,12,4,34,0,0,0,34
02/06/2015,LBE,PA,AEA,CE,Federal Contract Tower,6,7,0,2,15,0,0,8,0,8,6,7,8,2,23,6,0,6,29
02/07/2015,LBE,PA,AEA,CE,Federal Contract Tower,6,2,0,0,8,0,0,19,2,21,6,2,19,2,29,34,6,40,69
02/08/2015,LBE,PA,AEA,CE,Federal Contract Tower,6,6,5,0,17,0,0,16,2,18,6,6,21,2,35,6,6,12,47
02/09/2015,LBE,PA,AEA,CE,Federal Contract Tower,6,7,2,0,15,0,0,0,0,0,6,7,2,0,15,0,0,0,15
02/10/2015,LBE,PA,AEA,CE,Federal Contract Tower,6,11,14,2,33,0,0,17,0,17,6,11,31,2,50,0,0,0,50
02/11/2015,LBE,PA,AEA,CE,Federal Contract Tower,6,16,7,2,31,0,0,36,1,37,6,16,43,3,68,14,0,14,82
02/12/2015,LBE,PA,AEA,CE,Federal Contract Tower,7,15,5,0,27,0,0,0,3,3,7,15,5,3,30,0,0,0,30
02/13/2015,LBE,PA,AEA,CE,Federal Contract Tower,7,22,4,1,34,0,0,27,1,28,7,22,31,2,62,10,0,10,72
02/14/2015,LBE,PA,AEA,CE,Federal Contract Tower,2,8,2,0,12,0,0,0,0,0,2,8,2,0,12,0,0,0,12
02/15/2015,LBE,PA,AEA,CE,Federal Contract Tower,7,4,2,0,13,0,0,0,0,0,7,4,2,0,13,0,0,0,13
02/16/2015,LBE,PA,AEA,CE,Federal Contract Tower,6,19,5,0,30,0,0,9,0,9,6,19,14,0,39,20,0,20,59
02/17/2015,LBE,PA,AEA,CE,Federal Contract Tower,6,7,5,0,18,0,0,5,6,11,6,7,10,6,29,0,0,0,29
02/18/2015,LBE,PA,AEA,CE,Federal Contract Tower,6,8,3,0,17,0,0,4,0,4,6,8,7,0,21,2,0,2,23
02/19/2015,LBE,PA,AEA,CE,Federal Contract Tower,8,12,2,0,22,0,0,2,0,2,8,12,4,0,24,0,0,0,24
02/20/2015,LBE,PA,AEA,CE,Federal Contract Tower,6,8,5,3,22,0,0,12,7,19,6,8,17,10,41,34,0,34,75
02/21/2015,LBE,PA,AEA,CE,Federal Contract Tower,6,2,0,0,8,0,0,0,0,0,6,2,0,0,8,0,0,0,8
02/22/2015,LBE,PA,AEA,CE,Federal Contract Tower,7,14,2,0,23,0,0,0,0,0,7,14,2,0,23,0,0,0,23
02/23/2015,LBE,PA,AEA,CE,Federal Contract Tower,5,3,1,0,9,0,0,8,0,8,5,3,9,0,17,0,0,0,17
02/24/2015,LBE,PA,AEA,CE,Federal Contract Tower,6,14,5,4,29,0,2,29,4,35,6,16,34,8,64,0,6,6,70
02/25/2015,LBE,PA,AEA,CE,Federal Contract Tower,6,11,4,4,25,0,2,5,2,9,6,13,9,6,34,0,4,4,38
02/26/2015,LBE,PA,AEA,CE,Federal Contract Tower,8,10,2,0,20,0,2,4,0,6,8,12,6,0,26,0,0,0,26
02/27/2015,LBE,PA,AEA,CE,Federal Contract Tower,8,13,6,3,30,0,0,13,2,15,8,13,19,5,45,4,0,4,49
02/28/2015,LBE,PA,AEA,CE,Federal Contract Tower,5,0,4,0,9,0,0,30,0,30,5,0,34,0,39,46,0,46,85
03/01/2015,LBE,PA,AEA,CE,Federal Contract Tower,3,4,2,0,9,0,0,0,0,0,3,4,2,0,9,0,0,0,9
03/02/2015,LBE,PA,AEA,CE,Federal Contract Tower,5,15,2,0,22,0,0,6,0,6,5,15,8,0,28,10,0,10,38
03/03/2015,LBE,PA,AEA,CE,Federal Contract Tower,8,7,6,0,21,0,0,2,0,2,8,7,8,0,23,0,0,0,23
03/04/2015,LBE,PA,AEA,CE,Federal Contract Tower,6,15,4,4,29,0,0,0,0,0,6,15,4,4,29,0,0,0,29
03/05/2015,LBE,PA,AEA,CE,Federal Contract Tower,8,7,2,0,17,0,0,4,2,6,8,7,6,2,23,0,0,0,23
03/06/2015,LBE,PA,AEA,CE,Federal Contract Tower,6,12,0,2,20,0,4,18,0,22,6,16,18,2,42,28,0,28,70
03/07/2015,LBE,PA,AEA,CE,Federal Contract Tower,6,4,1,0,11,0,1,8,6,15,6,5,9,6,26,12,14,26,52
03/08/2015,LBE,PA,AEA,CE,Federal Contract Tower,8,11,3,0,22,0,0,13,2,15,8,11,16,2,37,18,0,18,55
03/09/2015,LBE,PA,AEA,CE,Federal Contract Tower,6,7,12,2,27,0,2,29,3,34,6,9,41,5,61,10,20,30,91
03/10/2015,LBE,PA,AEA,CE,Federal Contract Tower,9,13,5,0,27,0,0,9,0,9,9,13,14,0,36,0,0,0,36
03/11/2015,LBE,PA,AEA,CE,Federal Contract Tower,7,9,8,0,24,0,0,5,0,5,7,9,13,0,29,2,0,2,31
03/12/2015,LBE,PA,AEA,CE,Federal Contract Tower,8,13,12,0,33,0,0,37,2,39,8,13,49,2,72,36,0,36,108
03/13/2015,LBE,PA,AEA,CE,Federal Contract Tower,10,18,9,0,37,0,0,25,3,28,10,18,34,3,65,12,0,12,77
03/14/2015,LBE,PA,AEA,CE,Federal Contract Tower,6,2,3,0,11,0,2,0,0,2,6,4,3,0,13,0,0,0,13
03/15/2015,LBE,PA,AEA,CE,Federal Contract Tower,8,4,1,0,13,0,0,7,0,7,8,4,8,0,20,30,0,30,50
03/16/2015,LBE,PA,AEA,CE,Federal Contract Tower,6,4,6,3,19,0,0,28,0,28,6,4,34,3,47,0,0,0,47
03/17/2015,LBE,PA,AEA,CE,Federal Contract Tower,8,9,6,0,23,0,0,5,0,5,8,9,11,0,28,0,0,0,28
03/18/2015,LBE,PA,AEA,CE,Federal Contract Tower,6,13,6,2,27,0,0,27,2,29,6,13,33,4,56,12,0,12,68
03/19/2015,LBE,PA,AEA,CE,Federal Contract Tower,8,6,6,2,22,0,0,45,0,45,8,6,51,2,67,2,0,2,69
03/20/2015,LBE,PA,AEA,CE,Federal Contract Tower,8,7,5,0,20,0,0,0,0,0,8,7,5,0,20,0,0,0,20
03/21/2015,LBE,PA,AEA,CE,Federal Contract Tower,6,7,2,0,15,0,0,7,0,7,6,7,9,0,22,30,0,30,52
03/22/2015,LBE,PA,AEA,CE,Federal Contract Tower,8,11,6,0,25,0,0,33,0,33,8,11,39,0,58,6,0,6,64
03/23/2015,LBE,PA,AEA,CE,Federal Contract Tower,6,7,0,0,13,0,0,27,6,33,6,7,27,6,46,16,0,16,62
03/24/2015,LBE,PA,AEA,CE,Federal Contract Tower,8,7,4,3,22,0,0,17,8,25,8,7,21,11,47,24,20,44,91
03/25/2015,LBE,PA,AEA,CE,Federal Contract Tower,6,8,3,0,17,0,0,29,0,29,6,8,32,0,46,10,0,10,56
03/26/2015,LBE,PA,AEA,CE,Federal Contract Tower,8,11,6,0,25,0,0,7,0,7,8,11,13,0,32,16,0,16,48
03/27/2015,LBE,PA,AEA,CE,Federal Contract Tower,10,6,3,0,19,0,0,3,2,5,10,6,6,2,24,26,0,26,50
03/28/2015,LBE,PA,AEA,CE,Federal Contract Tower,5,8,3,0,16,0,2,9,0,11,5,10,12,0,27,6,0,6,33
03/29/2015,LBE,PA,AEA,CE,Federal Contract Tower,9,16,7,0,32,0,0,49,0,49,9,16,56,0,81,68,0,68,149
03/30/2015,LBE,PA,AEA,CE,Federal Contract Tower,6,11,4,0,21,0,0,6,2,8,6,11,10,2,29,0,0,0,29
03/31/2015,LBE,PA,AEA,CE,Federal Contract Tower,9,12,6,0,27,0,1,12,2,15,9,13,18,2,42,12,4,16,58
04/01/2015,LBE,PA,AEA,CE,Federal Contract Tower,6,12,8,1,27,0,2,63,4,69,6,14,71,5,96,32,2,34,130
04/02/2015,LBE,PA,AEA,CE,Federal Contract Tower,8,17,4,2,31,0,0,8,0,8,8,17,12,2,39,6,0,6,45
04/03/2015,LBE,PA,AEA,CE,Federal Contract Tower,8,4,5,0,17,0,0,8,0,8,8,4,13,0,25,6,0,6,31
04/04/2015,LBE,PA,AEA,CE,Federal Contract Tower,6,6,6,0,18,0,4,12,0,16,6,10,18,0,34,24,0,24,58
04/05/2015,LBE,PA,AEA,CE,Federal Contract Tower,8,5,1,0,14,0,0,20,0,20,8,5,21,0,34,8,0,8,42
04/06/2015,LBE,PA,AEA,CE,Federal Contract Tower,6,9,7,2,24,0,0,20,2,22,6,9,27,4,46,30,0,30,76
04/07/2015,LBE,PA,AEA,CE,Federal Contract Tower,8,11,6,0,25,0,0,4,0,4,8,11,10,0,29,8,0,8,37
04/08/2015,LBE,PA,AEA,CE,Federal Contract Tower,6,11,13,0,30,0,1,4,0,5,6,12,17,0,35,0,0,0,35
04/09/2015,LBE,PA,AEA,CE,Federal Contract Tower,8,9,4,0,21,0,0,7,0,7,8,9,11,0,28,0,0,0,28
04/10/2015,LBE,PA,AEA,CE,Federal Contract Tower,8,16,5,0,29,0,0,3,0,3,8,16,8,0,32,14,0,14,46
04/11/2015,LBE,PA,AEA,CE,Federal Contract Tower,6,5,2,1,14,0,0,16,0,16,6,5,18,1,30,8,0,8,38
04/12/2015,LBE,PA,AEA,CE,Federal Contract Tower,10,11,7,0,28,0,0,80,0,80,10,11,87,0,108,60,0,60,168
04/13/2015,LBE,PA,AEA,CE,Federal Contract Tower,5,12,8,2,27,0,2,26,0,28,5,14,34,2,55,0,0,0,55
04/14/2015,LBE,PA,AEA,CE,Federal Contract Tower,8,7,1,2,18,0,0,26,0,26,8,7,27,2,44,0,0,0,44
04/15/2015,LBE,PA,AEA,CE,Federal Contract Tower,8,19,5,2,34,0,2,56,0,58,8,21,61,2,92,44,0,44,136
04/16/2015,LBE,PA,AEA,CE,Federal Contract Tower,7,8,9,1,25,0,0,22,10,32,7,8,31,11,57,16,0,16,73
04/17/2015,LBE,PA,AEA,CE,Federal Contract Tower,7,4,9,2,22,0,0,20,0,20,7,4,29,2,42,52,0,52,94
04/18/2015,LBE,PA,AEA,CE,Federal Contract Tower,5,2,7,0,14,0,0,51,0,51,5,2,58,0,65,32,0,32,97
04/19/2015,LBE,PA,AEA,CE,Federal Contract Tower,7,4,3,0,14,0,0,10,0,10,7,4,13,0,24,14,0,14,38
04/20/2015,LBE,PA,AEA,CE,Federal Contract Tower,8,6,4,0,18,0,2,1,2,5,8,8,5,2,23,0,0,0,23
04/21/2015,LBE,PA,AEA,CE,Federal Contract Tower,7,6,2,0,15,0,0,11,0,11,7,6,13,0,26,0,0,0,26
04/22/2015,LBE,PA,AEA,CE,Federal Contract Tower,5,10,2,0,17,0,0,1,0,1,5,10,3,0,18,0,0,0,18
04/23/2015,LBE,PA,AEA,CE,Federal Contract Tower,7,7,7,0,21,0,0,17,2,19,7,7,24,2,40,0,10,10,50
04/24/2015,LBE,PA,AEA,CE,Federal Contract Tower,10,11,16,0,37,0,0,33,8,41,10,11,49,8,78,12,12,24,102
04/25/2015,LBE,PA,AEA,CE,Federal Contract Tower,6,6,4,0,16,0,0,32,0,32,6,6,36,0,48,48,0,48,96
04/26/2015,LBE,PA,AEA,CE,Federal Contract Tower,8,10,8,0,26,0,3,20,0,23,8,13,28,0,49,16,0,16,65
04/27/2015,LBE,PA,AEA,CE,Federal Contract Tower,9,2,5,0,16,0,0,16,0,16,9,2,21,0,32,6,0,6,38
04/28/2015,LBE,PA,AEA,CE,Federal Contract Tower,7,13,6,0,26,0,0,45,6,51,7,13,51,6,77,76,12,88,165
04/29/2015,LBE,PA,AEA,CE,Federal Contract Tower,5,13,3,2,23,0,0,41,4,45,5,13,44,6,68,48,8,56,124
04/30/2015,LBE,PA,AEA,CE,Federal Contract Tower,7,10,8,2,27,0,0,31,0,31,7,10,39,2,58,24,0,24,82
05/01/2015,LBE,PA,AEA,CE,Federal Contract Tower,7,7,15,4,33,0,0,34,8,42,7,7,49,12,75,26,18,44,119
05/02/2015,LBE,PA,AEA,CE,Federal Contract Tower,5,8,7,0,20,0,0,54,0,54,5,8,61,0,74,42,0,42,116
05/03/2015,LBE,PA,AEA,CE,Federal Contract Tower,6,9,4,0,19,0,0,51,0,51,6,9,55,0,70,28,0,28,98
05/04/2015,LBE,PA,AEA,CE,Federal Contract Tower,8,10,20,0,38,0,0,35,3,38,8,10,55,3,76,28,16,44,120
05/05/2015,LBE,PA,AEA,CE,Federal Contract Tower,8,10,10,0,28,0,0,16,0,16,8,10,26,0,44,20,0,20,64
05/06/2015,LBE,PA,AEA,CE,Federal Contract Tower,5,10,6,2,23,0,0,14,0,14,5,10,20,2,37,14,2,16,53
05/07/2015,LBE,PA,AEA,CE,Federal Contract Tower,9,7,10,2,28,0,0,46,2,48,9,7,56,4,76,44,0,44,120
05/08/2015,LBE,PA,AEA,CE,Federal Contract Tower,9,8,14,0,31,0,0,37,0,37,9,8,51,0,68,44,0,44,112
05/09/2015,LBE,PA,AEA,CE,Federal Contract Tower,7,7,3,0,17,0,0,25,0,25,7,7,28,0,42,6,0,6,48
05/10/2015,LBE,PA,AEA,CE,Federal Contract Tower,8,6,6,0,20,0,1,22,0,23,8,7,28,0,43,16,0,16,59
05/11/2015,LBE,PA,AEA,CE,Federal Contract Tower,10,9,8,0,27,0,0,12,0,12,10,9,20,0,39,10,0,10,49
05/12/2015,LBE,PA,AEA,CE,Federal Contract Tower,7,20,9,0,36,0,0,12,4,16,7,20,21,4,52,0,0,0,52
05/13/2015,LBE,PA,AEA,CE,Federal Contract Tower,8,21,7,0,36,0,0,19,4,23,8,21,26,4,59,32,4,36,95
05/14/2015,LBE,PA,AEA,CE,Federal Contract Tower,8,16,25,2,51,0,0,47,2,49,8,16,72,4,100,24,0,24,124
05/15/2015,LBE,PA,AEA,CE,Federal Contract Tower,9,9,16,2,36,0,2,9,4,15,9,11,25,6,51,0,0,0,51
05/16/2015,LBE,PA,AEA,CE,Federal Contract Tower,7,11,8,0,26,0,0,21,0,21,7,11,29,0,47,38,0,38,85
05/17/2015,LBE,PA,AEA,CE,Federal Contract Tower,9,5,18,0,32,0,0,2,0,2,9,5,20,0,34,0,0,0,34
05/18/2015,LBE,PA,AEA,CE,Federal Contract Tower,7,8,8,0,23,0,0,13,0,13,7,8,21,0,36,28,0,28,64
05/19/2015,LBE,PA,AEA,CE,Federal Contract Tower,9,10,19,0,38,0,0,10,2,12,9,10,29,2,50,0,0,0,50
05/20/2015,LBE,PA,AEA,CE,Federal Contract Tower,7,8,12,0,27,0,2,29,2,33,7,10,41,2,60,0,0,0,60
05/21/2015,LBE,PA,AEA,CE,Federal Contract Tower,9,19,20,0,48,0,0,2,0,2,9,19,22,0,50,0,0,0,50
05/22/2015,LBE,PA,AEA,CE,Federal Contract Tower,11,14,11,0,36,0,0,9,0,9,11,14,20,0,45,2,0,2,47
05/23/2015,LBE,PA,AEA,CE,Federal Contract Tower,7,1,5,0,13,0,2,49,0,51,7,3,54,0,64,58,0,58,122
05/24/2015,LBE,PA,AEA,CE,Federal Contract Tower,12,5,5,0,22,0,0,34,0,34,12,5,39,0,56,22,0,22,78
05/25/2015,LBE,PA,AEA,CE,Federal Contract Tower,9,13,2,0,24,0,0,38,0,38,9,13,40,0,62,30,0,30,92
05/26/2015,LBE,PA,AEA,CE,Federal Contract Tower,9,16,13,9,47,0,0,24,1,25,9,16,37,10,72,18,6,24,96
05/27/2015,LBE,PA,AEA,CE,Federal Contract Tower,8,13,9,2,32,0,0,18,3,21,8,13,27,5,53,58,10,68,121
05/28/2015,LBE,PA,AEA,CE,Federal Contract Tower,9,16,17,0,42,0,1,40,0,41,9,17,57,0,83,48,0,48,131
05/29/2015,LBE,PA,AEA,CE,Federal Contract Tower,9,10,9,2,30,0,0,16,4,20,9,10,25,6,50,38,10,48,98
05/30/2015,LBE,PA,AEA,CE,Federal Contract Tower,5,8,7,0,20,0,0,26,0,26,5,8,33,0,46,22,0,22,68
05/31/2015,LBE,PA,AEA,CE,Federal Contract Tower,9,12,11,0,32,0,2,15,0,17,9,14,26,0,49,6,0,6,55
06/01/2015,LBE,PA,AEA,CE,Federal Contract Tower,10,10,15,0,35,0,0,4,0,4,10,10,19,0,39,0,0,0,39
06/02/2015,LBE,PA,AEA,CE,Federal Contract Tower,9,21,22,0,52,0,0,4,0,4,9,21,26,0,56,28,0,28,84
06/03/2015,LBE,PA,AEA,CE,Federal Contract Tower,8,19,17,1,45,0,2,20,1,23,8,21,37,2,68,34,0,34,102
06/04/2015,LBE,PA,AEA,CE,Federal Contract Tower,9,11,10,6,36,0,0,15,0,15,9,11,25,6,51,36,0,36,87
06/05/2015,LBE,PA,AEA,CE,Federal Contract Tower,9,5,4,0,18,0,2,27,0,29,9,7,31,0,47,22,0,22,69
06/06/2015,LBE,PA,AEA,CE,Federal Contract Tower,8,7,4,0,19,0,0,32,0,32,8,7,36,0,51,26,0,26,77
06/07/2015,LBE,PA,AEA,CE,Federal Contract Tower,9,10,4,0,23,0,0,43,0,43,9,10,47,0,66,24,0,24,90
06/08/2015,LBE,PA,AEA,CE,Federal Contract Tower,11,8,7,0,26,0,0,4,0,4,11,8,11,0,30,10,0,10,40
06/09/2015,LBE,PA,AEA,CE,Federal Contract Tower,9,17,12,2,40,0,0,6,0,6,9,17,18,2,46,0,0,0,46
06/10/2015,LBE,PA,AEA,CE,Federal Contract Tower,7,15,16,0,38,0,0,54,0,54,7,15,70,0,92,104,0,104,196
06/11/2015,LBE,PA,AEA,CE,Federal Contract Tower,9,25,18,0,52,1,0,45,0,46,10,25,63,0,98,24,0,24,122
06/12/2015,LBE,PA,AEA,CE,Federal Contract Tower,8,8,17,0,33,0,0,24,0,24,8,8,41,0,57,0,0,0,57
06/13/2015,LBE,PA,AEA,CE,Federal Contract Tower,7,1,8,0,16,0,0,9,0,9,7,1,17,0,25,12,0,12,37
06/14/2015,LBE,PA,AEA,CE,Federal Contract Tower,9,9,6,0,24,0,0,13,0,13,9,9,19,0,37,22,0,22,59
06/15/2015,LBE,PA,AEA,CE,Federal Contract Tower,8,6,5,0,19,0,10,6,0,16,8,16,11,0,35,4,0,4,39
06/16/2015,LBE,PA,AEA,CE,Federal Contract Tower,6,16,15,1,38,0,0,34,6,40,6,16,49,7,78,12,0,12,90
06/17/2015,LBE,PA,AEA,CE,Federal Contract Tower,4,12,21,10,47,0,0,62,0,62,4,12,83,10,109,8,0,8,117
06/18/2015,LBE,PA,AEA,CE,Federal Contract Tower,9,12,17,2,40,0,1,16,2,19,9,13,33,4,59,0,12,12,71
06/19/2015,LBE,PA,AEA,CE,Federal Contract Tower,9,10,12,2,33,0,0,18,0,18,9,10,30,2,51,0,0,0,51
06/20/2015,LBE,PA,AEA,CE,Federal Contract Tower,7,5,9,0,21,0,0,47,0,47,7,5,56,0,68,0,0,0,68
06/21/2015,LBE,PA,AEA,CE,Federal Contract Tower,10,6,10,2,28,0,0,44,0,44,10,6,54,2,72,0,0,0,72
06/22/2015,LBE,PA,AEA,CE,Federal Contract Tower,12,12,9,6,39,0,0,42,0,42,12,12,51,6,81,32,0,32,113
06/23/2015,LBE,PA,AEA,CE,Federal Contract Tower,10,8,8,4,30,0,0,15,2,17,10,8,23,6,47,2,6,8,55
06/24/2015,LBE,PA,AEA,CE,Federal Contract Tower,7,15,21,2,45,0,6,67,5,78,7,21,88,7,123,46,6,52,175
06/25/2015,LBE,PA,AEA,CE,Federal Contract Tower,7,15,23,0,45,0,0,18,2,20,7,15,41,2,65,16,0,16,81
06/26/2015,LBE,PA,AEA,CE,Federal Contract Tower,11,16,28,8,63,0,0,52,4,56,11,16,80,12,119,58,2,60,179
06/27/2015,LBE,PA,AEA,CE,Federal Contract Tower,7,6,6,0,19,0,2,0,0,2,7,8,6,0,21,0,0,0,21
06/28/2015,LBE,PA,AEA,CE,Federal Contract Tower,12,8,8,0,28,2,0,1,0,3,14,8,9,0,31,0,0,0,31
06/29/2015,LBE,PA,AEA,CE,Federal Contract Tower,9,15,4,2,30,0,0,44,2,46,9,15,48,4,76,6,4,10,86
06/30/2015,LBE,PA,AEA,CE,Federal Contract Tower,9,12,15,0,36,0,0,22,0,22,9,12,37,0,58,0,0,0,58
07/01/2015,LBE,PA,AEA,CE,Federal Contract Tower,7,12,14,1,34,0,0,49,4,53,7,12,63,5,87,34,8,42,129
07/03/2015,LBE,PA,AEA,CE,Federal Contract Tower,10,5,9,0,24,0,0,62,0,62,10,5,71,0,86,64,0,64,150
07/04/2015,LBE,PA,AEA,CE,Federal Contract Tower,7,2,1,0,10,0,0,10,0,10,7,2,11,0,20,0,0,0,20
07/05/2015,LBE,PA,AEA,CE,Federal Contract Tower,9,12,4,0,25,0,0,50,0,50,9,12,54,0,75,28,0,28,103
07/06/2015,LBE,PA,AEA,CE,Federal Contract Tower,9,15,6,0,30,0,0,10,0,10,9,15,16,0,40,14,0,14,54
07/07/2015,LBE,PA,AEA,CE,Federal Contract Tower,9,10,18,0,37,0,0,41,0,41,9,10,59,0,78,16,0,16,94
07/08/2015,LBE,PA,AEA,CE,Federal Contract Tower,7,10,14,2,33,0,0,0,0,0,7,10,14,2,33,0,0,0,33
07/09/2015,LBE,PA,AEA,CE,Federal Contract Tower,11,12,12,4,39,0,2,1,0,3,11,14,13,4,42,0,0,0,42
07/10/2015,LBE,PA,AEA,CE,Federal Contract Tower,9,14,12,0,35,0,0,27,2,29,9,14,39,2,64,24,6,30,94
07/11/2015,LBE,PA,AEA,CE,Federal Contract Tower,8,10,8,1,27,0,2,43,5,50,8,12,51,6,77,46,4,50,127
07/12/2015,LBE,PA,AEA,CE,Federal Contract Tower,9,12,10,0,31,0,0,32,0,32,9,12,42,0,63,82,0,82,145
07/13/2015,LBE,PA,AEA,CE,Federal Contract Tower,10,7,12,0,29,0,0,21,0,21,10,7,33,0,50,28,0,28,78
07/14/2015,LBE,PA,AEA,CE,Federal Contract Tower,10,14,10,0,34,0,0,24,0,24,10,14,34,0,58,14,0,14,72
07/15/2015,LBE,PA,AEA,CE,Federal Contract Tower,3,25,9,2,39,0,1,24,4,29,3,26,33,6,68,22,0,22,90
07/16/2015,LBE,PA,AEA,CE,Federal Contract Tower,9,13,18,0,40,0,1,51,0,52,9,14,69,0,92,24,0,24,116
07/17/2015,LBE,PA,AEA,CE,Federal Contract Tower,11,16,16,0,43,0,0,38,0,38,11,16,54,0,81,26,0,26,107
07/18/2015,LBE,PA,AEA,CE,Federal Contract Tower,7,8,6,0,21,0,0,29,0,29,7,8,35,0,50,2,0,2,52
07/19/2015,LBE,PA,AEA,CE,Federal Contract Tower,10,10,7,0,27,0,0,24,0,24,10,10,31,0,51,8,0,8,59
07/20/2015,LBE,PA,AEA,CE,Federal Contract Tower,10,15,6,0,31,0,0,20,0,20,10,15,26,0,51,26,0,26,77
07/21/2015,LBE,PA,AEA,CE,Federal Contract Tower,9,16,10,0,35,0,2,27,0,29,9,18,37,0,64,12,0,12,76
07/22/2015,LBE,PA,AEA,CE,Federal Contract Tower,6,17,20,3,46,0,0,32,0,32,6,17,52,3,78,6,12,18,96
07/23/2015,LBE,PA,AEA,CE,Federal Contract Tower,9,13,13,0,35,0,0,56,2,58,9,13,69,2,93,10,6,16,109
07/24/2015,LBE,PA,AEA,CE,Federal Contract Tower,9,13,10,1,33,0,4,75,2,81,9,17,85,3,114,64,20,84,198
07/25/2015,LBE,PA,AEA,CE,Federal Contract Tower,7,7,8,0,22,0,0,46,0,46,7,7,54,0,68,14,0,14,82
07/26/2015,LBE,PA,AEA,CE,Federal Contract Tower,9,12,11,0,32,0,2,54,0,56,9,14,65,0,88,26,0,26,114
07/27/2015,LBE,PA,AEA,CE,Federal Contract Tower,9,8,9,4,30,0,0,10,0,10,9,8,19,4,40,14,0,14,54
07/28/2015,LBE,PA,AEA,CE,Federal Contract Tower,9,11,15,0,35,0,0,27,2,29,9,11,42,2,64,66,0,66,130
07/29/2015,LBE,PA,AEA,CE,Federal Contract Tower,7,11,9,0,27,0,0,34,0,34,7,11,43,0,61,62,0,62,123
07/30/2015,LBE,PA,AEA,CE,Federal Contract Tower,9,19,11,0,39,0,2,39,1,42,9,21,50,1,81,38,0,38,119
07/31/2015,LBE,PA,AEA,CE,Federal Contract Tower,9,17,15,0,41,0,0,58,0,58,9,17,73,0,99,72,0,72,171
08/01/2015,LBE,PA,AEA,CE,Federal Contract Tower,8,10,14,0,32,0,0,38,0,38,8,10,52,0,70,12,0,12,82
08/02/2015,LBE,PA,AEA,CE,Federal Contract Tower,8,9,12,0,29,0,0,53,0,53,8,9,65,0,82,12,0,12,94
08/03/2015,LBE,PA,AEA,CE,Federal Contract Tower,10,13,7,4,34,0,0,26,0,26,10,13,33,4,60,0,0,0,60
08/04/2015,LBE,PA,AEA,CE,Federal Contract Tower,9,17,11,6,43,0,0,66,2,68,9,17,77,8,111,88,0,88,199
08/05/2015,LBE,PA,AEA,CE,Federal Contract Tower,8,10,18,2,38,0,0,25,0,25,8,10,43,2,63,18,6,24,87
08/06/2015,LBE,PA,AEA,CE,Federal Contract Tower,9,20,11,4,44,0,0,42,5,47,9,20,53,9,91,24,6,30,121
08/07/2015,LBE,PA,AEA,CE,Federal Contract Tower,9,17,18,6,50,0,0,64,2,66,9,17,82,8,116,66,14,80,196
08/08/2015,LBE,PA,AEA,CE,Federal Contract Tower,7,8,17,0,32,0,0,52,0,52,7,8,69,0,84,34,0,34,118
08/09/2015,LBE,PA,AEA,CE,Federal Contract Tower,10,18,8,0,36,0,2,41,0,43,10,20,49,0,79,30,0,30,109
08/10/2015,LBE,PA,AEA,CE,Federal Contract Tower,9,13,12,1,35,0,0,21,3,24,9,13,33,4,59,8,0,8,67
08/11/2015,LBE,PA,AEA,CE,Federal Contract Tower,10,25,12,0,47,0,0,19,1,20,10,25,31,1,67,14,0,14,81
08/12/2015,LBE,PA,AEA,CE,Federal Contract Tower,8,5,14,7,34,0,0,35,3,38,8,5,49,10,72,96,8,104,176
08/13/2015,LBE,PA,AEA,CE,Federal Contract Tower,9,10,8,4,31,0,0,62,3,65,9,10,70,7,96,66,6,72,168
08/14/2015,LBE,PA,AEA,CE,Federal Contract Tower,11,7,10,2,30,0,0,95,7,102,11,7,105,9,132,68,4,72,204
08/15/2015,LBE,PA,AEA,CE,Federal Contract Tower,8,10,6,1,25,0,0,50,8,58,8,10,56,9,83,14,6,20,103
08/16/2015,LBE,PA,AEA,CE,Federal Contract Tower,9,9,8,1,27,0,1,56,4,61,9,10,64,5,88,6,0,6,94
08/17/2015,LBE,PA,AEA,CE,Federal Contract Tower,8,3,18,0,29,0,0,38,0,38,8,3,56,0,67,28,0,28,95
08/18/2015,LBE,PA,AEA,CE,Federal Contract Tower,9,12,13,0,34,0,0,15,0,15,9,12,28,0,49,20,0,20,69
08/19/2015,LBE,PA,AEA,CE,Federal Contract Tower,8,14,14,0,36,0,0,47,0,47,8,14,61,0,83,42,0,42,125
08/20/2015,LBE,PA,AEA,CE,Federal Contract Tower,10,16,6,2,34,0,0,19,0,19,10,16,25,2,53,56,0,56,109
08/21/2015,LBE,PA,AEA,CE,Federal Contract Tower,9,4,13,0,26,0,0,62,2,64,9,4,75,2,90,16,2,18,108
08/22/2015,LBE,PA,AEA,CE,Federal Contract Tower,6,18,8,0,32,0,0,42,0,42,6,18,50,0,74,34,0,34,108
08/23/2015,LBE,PA,AEA,CE,Federal Contract Tower,9,8,13,8,38,0,0,32,2,34,9,8,45,10,72,0,0,0,72
08/24/2015,LBE,PA,AEA,CE,Federal Contract Tower,9,20,4,0,33,0,0,35,0,35,9,20,39,0,68,42,0,42,110
08/25/2015,LBE,PA,AEA,CE,Federal Contract Tower,9,16,4,2,31,0,0,24,0,24,9,16,28,2,55,18,0,18,73
08/26/2015,LBE,PA,AEA,CE,Federal Contract Tower,7,2,12,2,23,0,2,44,0,46,7,4,56,2,69,118,0,118,187
08/27/2015,LBE,PA,AEA,CE,Federal Contract Tower,9,9,12,2,32,0,0,26,0,26,9,9,38,2,58,22,6,28,86
08/28/2015,LBE,PA,AEA,CE,Federal Contract Tower,9,12,10,1,32,0,0,44,0,44,9,12,54,1,76,26,0,26,102
08/29/2015,LBE,PA,AEA,CE,Federal Contract Tower,9,7,7,0,23,0,2,45,2,49,9,9,52,2,72,18,0,18,90
08/30/2015,LBE,PA,AEA,CE,Federal Contract Tower,9,6,11,1,27,0,0,17,0,17,9,6,28,1,44,0,0,0,44
08/31/2015,LBE,PA,AEA,CE,Federal Contract Tower,7,16,15,4,42,0,0,42,0,42,7,16,57,4,84,12,0,12,96
09/01/2015,LBE,PA,AEA,CE,Federal Contract Tower,9,16,9,0,34,0,0,59,0,59,9,16,68,0,93,8,0,8,101
09/02/2015,LBE,PA,AEA,CE,Federal Contract Tower,8,6,6,0,20,0,0,9,0,9,8,6,15,0,29,16,0,16,45
09/03/2015,LBE,PA,AEA,CE,Federal Contract Tower,9,10,21,0,40,0,0,15,1,16,9,10,36,1,56,40,0,40,96
09/04/2015,LBE,PA,AEA,CE,Federal Contract Tower,7,26,14,0,47,0,0,18,2,20,7,26,32,2,67,22,0,22,89
09/05/2015,LBE,PA,AEA,CE,Federal Contract Tower,9,2,4,0,15,0,2,24,0,26,9,4,28,0,41,6,0,6,47
09/06/2015,LBE,PA,AEA,CE,Federal Contract Tower,9,8,5,0,22,0,0,27,0,27,9,8,32,0,49,2,0,2,51
09/07/2015,LBE,PA,AEA,CE,Federal Contract Tower,9,20,10,0,39,0,0,45,0,45,9,20,55,0,84,54,0,54,138
09/08/2015,LBE,PA,AEA,CE,Federal Contract Tower,7,18,9,0,34,0,2,32,4,38,7,20,41,4,72,12,8,20,92
09/09/2015,LBE,PA,AEA,CE,Federal Contract Tower,8,21,11,0,40,0,2,30,0,32,8,23,41,0,72,18,0,18,90
09/10/2015,LBE,PA,AEA,CE,Federal Contract Tower,9,16,5,0,30,0,0,3,0,3,9,16,8,0,33,0,0,0,33
09/11/2015,LBE,PA,AEA,CE,Federal Contract Tower,6,14,9,4,33,0,0,22,0,22,6,14,31,4,55,38,0,38,93
09/12/2015,LBE,PA,AEA,CE,Federal Contract Tower,7,12,2,0,21,0,0,0,0,0,7,12,2,0,21,0,0,0,21
09/13/2015,LBE,PA,AEA,CE,Federal Contract Tower,7,14,14,0,35,0,0,8,0,8,7,14,22,0,43,2,0,2,45
09/14/2015,LBE,PA,AEA,CE,Federal Contract Tower,7,12,9,1,29,0,0,25,3,28,7,12,34,4,57,24,0,24,81
09/15/2015,LBE,PA,AEA,CE,Federal Contract Tower,7,16,8,1,32,0,0,50,2,52,7,16,58,3,84,20,4,24,108
09/16/2015,LBE,PA,AEA,CE,Federal Contract Tower,3,27,22,2,54,0,2,61,0,63,3,29,83,2,117,22,4,26,143
09/17/2015,LBE,PA,AEA,CE,Federal Contract Tower,9,11,15,10,45,0,0,48,1,49,9,11,63,11,94,20,8,28,122
09/18/2015,LBE,PA,AEA,CE,Federal Contract Tower,9,17,12,0,38,0,0,27,0,27,9,17,39,0,65,10,0,10,75
09/19/2015,LBE,PA,AEA,CE,Federal Contract Tower,11,4,10,0,25,0,0,17,0,17,11,4,27,0,42,14,0,14,56
09/20/2015,LBE,PA,AEA,CE,Federal Contract Tower,8,15,14,7,44,0,0,36,8,44,8,15,50,15,88,8,0,8,96
09/21/2015,LBE,PA,AEA,CE,Federal Contract Tower,6,22,16,0,44,0,0,19,4,23,6,22,35,4,67,2,0,2,69
09/22/2015,LBE,PA,AEA,CE,Federal Contract Tower,7,16,12,3,38,0,1,37,0,38,7,17,49,3,76,30,0,30,106
09/23/2015,LBE,PA,AEA,CE,Federal Contract Tower,3,18,7,2,30,0,1,22,0,23,3,19,29,2,53,14,0,14,67
09/24/2015,LBE,PA,AEA,CE,Federal Contract Tower,10,14,16,0,40,0,0,54,2,56,10,14,70,2,96,84,6,90,186
09/25/2015,LBE,PA,AEA,CE,Federal Contract Tower,7,9,16,0,32,0,0,12,0,12,7,9,28,0,44,34,0,34,78
09/26/2015,LBE,PA,AEA,CE,Federal Contract Tower,7,9,8,0,24,0,0,37,0,37,7,9,45,0,61,30,0,30,91
09/27/2015,LBE,PA,AEA,CE,Federal Contract Tower,7,8,11,0,26,0,0,20,0,20,7,8,31,0,46,10,0,10,56
09/28/2015,LBE,PA,AEA,CE,Federal Contract Tower,5,16,14,2,37,0,0,18,0,18,5,16,32,2,55,14,0,14,69
09/29/2015,LBE,PA,AEA,CE,Federal Contract Tower,7,4,17,0,28,0,0,0,0,0,7,4,17,0,28,0,0,0,28
09/30/2015,LBE,PA,AEA,CE,Federal Contract Tower,3,18,19,2,42,0,0,0,0,0,3,18,19,2,42,0,0,0,42
10/01/2015,LBE,PA,AEA,CE,Federal Contract Tower,7,27,13,0,47,0,1,21,0,22,7,28,34,0,69,2,0,2,71
10/02/2015,LBE,PA,AEA,CE,Federal Contract Tower,7,16,11,0,34,0,0,10,0,10,7,16,21,0,44,12,0,12,56
10/03/2015,LBE,PA,AEA,CE,Federal Contract Tower,7,5,4,0,16,0,0,1,0,1,7,5,5,0,17,0,0,0,17
10/04/2015,LBE,PA,AEA,CE,Federal Contract Tower,7,10,7,0,24,0,0,12,0,12,7,10,19,0,36,18,0,18,54
10/05/2015,LBE,PA,AEA,CE,Federal Contract Tower,5,6,15,0,26,0,2,54,0,56,5,8,69,0,82,46,0,46,128
10/06/2015,LBE,PA,AEA,CE,Federal Contract Tower,7,20,4,2,33,0,82,0,0,82,7,102,4,2,115,90,0,90,205
10/07/2015,LBE,PA,AEA,CE,Federal Contract Tower,3,10,13,2,28,0,0,30,12,42,3,10,43,14,70,14,8,22,92
10/08/2015,LBE,PA,AEA,CE,Federal Contract Tower,9,15,16,4,44,0,0,50,0,50,9,15,66,4,94,64,2,66,160
10/09/2015,LBE,PA,AEA,CE,Federal Contract Tower,9,14,17,0,40,0,0,12,0,12,9,14,29,0,52,28,0,28,80
10/10/2015,LBE,PA,AEA,CE,Federal Contract Tower,7,6,9,0,22,0,0,40,0,40,7,6,49,0,62,46,0,46,108
10/11/2015,LBE,PA,AEA,CE,Federal Contract Tower,7,15,11,0,33,0,0,57,0,57,7,15,68,0,90,16,0,16,106
10/12/2015,LBE,PA,AEA,CE,Federal Contract Tower,5,12,8,0,25,0,0,35,0,35,5,12,43,0,60,28,0,28,88
10/13/2015,LBE,PA,AEA,CE,Federal Contract Tower,7,13,10,0,30,0,2,3,0,5,7,15,13,0,35,6,0,6,41
10/14/2015,LBE,PA,AEA,CE,Federal Contract Tower,3,19,11,3,36,0,0,13,0,13,3,19,24,3,49,2,6,8,57
10/15/2015,LBE,PA,AEA,CE,Federal Contract Tower,9,12,17,0,38,0,0,40,2,42,9,12,57,2,80,32,4,36,116
10/16/2015,LBE,PA,AEA,CE,Federal Contract Tower,8,21,10,0,39,0,0,33,0,33,8,21,43,0,72,32,0,32,104
10/17/2015,LBE,PA,AEA,CE,Federal Contract Tower,6,2,4,0,12,0,0,13,0,13,6,2,17,0,25,6,0,6,31
10/18/2015,LBE,PA,AEA,CE,Federal Contract Tower,7,13,6,0,26,0,0,6,0,6,7,13,12,0,32,0,0,0,32
10/19/2015,LBE,PA,AEA,CE,Federal Contract Tower,5,22,12,0,39,0,0,28,0,28,5,22,40,0,67,36,0,36,103
10/20/2015,LBE,PA,AEA,CE,Federal Contract Tower,7,11,8,0,26,0,0,38,0,38,7,11,46,0,64,24,0,24,88
10/21/2015,LBE,PA,AEA,CE,Federal Contract Tower,3,10,8,2,23,0,0,41,4,45,3,10,49,6,68,28,0,28,96
10/22/2015,LBE,PA,AEA,CE,Federal Contract Tower,10,18,10,2,40,0,0,9,0,9,10,18,19,2,49,6,0,6,55
10/23/2015,LBE,PA,AEA,CE,Federal Contract Tower,8,14,9,0,31,0,0,27,0,27,8,14,36,0,58,6,0,6,64
10/24/2015,LBE,PA,AEA,CE,Federal Contract Tower,7,6,10,0,23,0,1,21,4,26,7,7,31,4,49,0,0,0,49
10/25/2015,LBE,PA,AEA,CE,Federal Contract Tower,9,15,4,2,30,0,1,15,0,16,9,16,19,2,46,0,0,0,46
10/26/2015,LBE,PA,AEA,CE,Federal Contract Tower,5,7,10,0,22,0,0,40,0,40,5,7,50,0,62,36,0,36,98
10/27/2015,LBE,PA,AEA,CE,Federal Contract Tower,7,16,4,2,29,0,28,9,8,45,7,44,13,10,74,6,18,24,98
10/28/2015,LBE,PA,AEA,CE,Federal Contract Tower,2,8,6,0,16,0,0,0,4,4,2,8,6,4,20,0,0,0,20
10/29/2015,LBE,PA,AEA,CE,Federal Contract Tower,9,19,14,4,46,0,1,9,7,17,9,20,23,11,63,0,0,0,63
10/30/2015,LBE,PA,AEA,CE,Federal Contract Tower,7,23,14,0,44,0,0,26,2,28,7,23,40,2,72,4,0,4,76
10/31/2015,LBE,PA,AEA,CE,Federal Contract Tower,7,3,5,0,15,0,0,39,0,39,7,3,44,0,54,32,0,32,86
11/01/2015,LBE,PA,AEA,CE,Federal Contract Tower,7,6,12,0,25,0,0,4,0,4,7,6,16,0,29,0,0,0,29
11/02/2015,LBE,PA,AEA,CE,Federal Contract Tower,5,5,11,0,21,0,0,36,0,36,5,5,47,0,57,28,0,28,85
11/03/2015,LBE,PA,AEA,CE,Federal Contract Tower,7,17,9,0,33,0,1,38,0,39,7,18,47,0,72,56,0,56,128
11/04/2015,LBE,PA,AEA,CE,Federal Contract Tower,3,7,15,0,25,0,0,63,6,69,3,7,78,6,94,28,6,34,128
11/05/2015,LBE,PA,AEA,CE,Federal Contract Tower,9,24,13,0,46,0,0,83,2,85,9,24,96,2,131,22,8,30,161
11/06/2015,LBE,PA,AEA,CE,Federal Contract Tower,7,3,12,4,26,0,0,10,4,14,7,3,22,8,40,0,0,0,40
11/07/2015,LBE,PA,AEA,CE,Federal Contract Tower,6,12,1,0,19,0,0,9,0,9,6,12,10,0,28,0,0,0,28
11/08/2015,LBE,PA,AEA,CE,Federal Contract Tower,6,10,6,0,22,0,0,56,0,56,6,10,62,0,78,36,0,36,114
11/09/2015,LBE,PA,AEA,CE,Federal Contract Tower,5,11,6,0,22,0,0,15,0,15,5,11,21,0,37,10,0,10,47
11/10/2015,LBE,PA,AEA,CE,Federal Contract Tower,7,10,8,0,25,0,0,0,0,0,7,10,8,0,25,0,0,0,25
11/11/2015,LBE,PA,AEA,CE,Federal Contract Tower,3,16,6,0,25,0,0,14,0,14,3,16,20,0,39,12,0,12,51
11/12/2015,LBE,PA,AEA,CE,Federal Contract Tower,5,9,10,0,24,0,0,2,0,2,5,9,12,0,26,0,0,0,26
11/13/2015,LBE,PA,AEA,CE,Federal Contract Tower,6,7,8,2,23,0,2,4,2,8,6,9,12,4,31,6,0,6,37
11/14/2015,LBE,PA,AEA,CE,Federal Contract Tower,4,2,2,0,8,0,0,5,0,5,4,2,7,0,13,0,0,0,13
11/15/2015,LBE,PA,AEA,CE,Federal Contract Tower,6,11,8,2,27,0,0,41,0,41,6,11,49,2,68,56,6,62,130
11/16/2015,LBE,PA,AEA,CE,Federal Contract Tower,6,10,5,0,21,0,0,36,0,36,6,10,41,0,57,32,0,32,89
11/17/2015,LBE,PA,AEA,CE,Federal Contract Tower,5,16,15,0,36,0,0,23,0,23,5,16,38,0,59,12,0,12,71
11/18/2015,LBE,PA,AEA,CE,Federal Contract Tower,5,13,16,0,34,0,0,4,0,4,5,13,20,0,38,0,0,0,38
11/19/2015,LBE,PA,AEA,CE,Federal Contract Tower,6,10,8,0,24,0,0,11,0,11,6,10,19,0,35,4,0,4,39
11/20/2015,LBE,PA,AEA,CE,Federal Contract Tower,8,15,6,2,31,0,3,39,4,46,8,18,45,6,77,14,0,14,91
11/21/2015,LBE,PA,AEA,CE,Federal Contract Tower,7,4,5,0,16,0,0,19,0,19,7,4,24,0,35,2,0,2,37
11/22/2015,LBE,PA,AEA,CE,Federal Contract Tower,8,5,4,0,17,0,0,23,0,23,8,5,27,0,40,12,0,12,52
11/23/2015,LBE,PA,AEA,CE,Federal Contract Tower,6,10,4,0,20,0,0,30,0,30,6,10,34,0,50,10,0,10,60
11/24/2015,LBE,PA,AEA,CE,Federal Contract Tower,6,19,9,2,36,0,0,32,0,32,6,19,41,2,68,18,0,18,86
11/25/2015,LBE,PA,AEA,CE,Federal Contract Tower,7,11,10,2,30,0,0,68,3,71,7,11,78,5,101,22,0,22,123
11/26/2015,LBE,PA,AEA,CE,Federal Contract Tower,6,3,2,0,11,0,0,15,0,15,6,3,17,0,26,6,0,6,32
11/27/2015,LBE,PA,AEA,CE,Federal Contract Tower,6,5,6,0,17,0,0,31,0,31,6,5,37,0,48,48,0,48,96
11/28/2015,LBE,PA,AEA,CE,Federal Contract Tower,6,12,5,0,23,0,0,0,0,0,6,12,5,0,23,0,0,0,23
11/29/2015,LBE,PA,AEA,CE,Federal Contract Tower,8,25,8,0,41,0,0,1,0,1,8,25,9,0,42,0,0,0,42
11/30/2015,LBE,PA,AEA,CE,Federal Contract Tower,6,14,2,0,22,0,0,11,0,11,6,14,13,0,33,20,0,20,53
12/01/2015,LBE,PA,AEA,CE,Federal Contract Tower,4,9,9,0,22,0,0,0,0,0,4,9,9,0,22,0,0,0,22
12/02/2015,LBE,PA,AEA,CE,Federal Contract Tower,4,20,9,4,37,0,0,0,0,0,4,20,9,4,37,0,0,0,37
12/03/2015,LBE,PA,AEA,CE,Federal Contract Tower,6,12,10,0,28,0,0,13,2,15,6,12,23,2,43,24,0,24,67
12/04/2015,LBE,PA,AEA,CE,Federal Contract Tower,6,16,12,0,34,0,0,32,0,32,6,16,44,0,66,38,0,38,104
12/05/2015,LBE,PA,AEA,CE,Federal Contract Tower,6,7,14,0,27,0,0,34,0,34,6,7,48,0,61,22,0,22,83
12/06/2015,LBE,PA,AEA,CE,Federal Contract Tower,6,16,9,0,31,0,0,35,0,35,6,16,44,0,66,48,0,48,114
12/07/2015,LBE,PA,AEA,CE,Federal Contract Tower,6,12,3,1,22,0,0,19,1,20,6,12,22,2,42,26,8,34,76
12/08/2015,LBE,PA,AEA,CE,Federal Contract Tower,4,16,9,0,29,0,0,12,4,16,4,16,21,4,45,24,0,24,69
12/09/2015,LBE,PA,AEA,CE,Federal Contract Tower,4,20,9,4,37,0,0,22,2,24,4,20,31,6,61,22,0,22,83
12/10/2015,LBE,PA,AEA,CE,Federal Contract Tower,5,17,18,0,40,0,0,23,4,27,5,17,41,4,67,18,0,18,85
12/11/2015,LBE,PA,AEA,CE,Federal Contract Tower,7,5,6,0,18,0,0,8,4,12,7,5,14,4,30,6,6,12,42
12/12/2015,LBE,PA,AEA,CE,Federal Contract Tower,6,2,8,0,16,0,0,6,0,6,6,2,14,0,22,28,0,28,50
12/13/2015,LBE,PA,AEA,CE,Federal Contract Tower,6,16,13,0,35,0,0,40,0,40,6,16,53,0,75,38,0,38,113
12/14/2015,LBE,PA,AEA,CE,Federal Contract Tower,6,8,8,0,22,0,0,2,2,4,6,8,10,2,26,0,4,4,30
12/15/2015,LBE,PA,AEA,CE,Federal Contract Tower,4,16,16,0,36,0,0,3,0,3,4,16,19,0,39,0,0,0,39
12/16/2015,LBE,PA,AEA,CE,Federal Contract Tower,4,16,14,0,34,0,0,25,0,25,4,16,39,0,59,56,0,56,115
12/17/2015,LBE,PA,AEA,CE,Federal Contract Tower,6,13,6,2,27,0,0,0,0,0,6,13,6,2,27,0,0,0,27
12/18/2015,LBE,PA,AEA,CE,Federal Contract Tower,6,19,6,0,31,0,0,7,0,7,6,19,13,0,38,8,0,8,46
12/19/2015,LBE,PA,AEA,CE,Federal Contract Tower,6,13,2,0,21,0,0,13,0,13,6,13,15,0,34,0,0,0,34
12/20/2015,LBE,PA,AEA,CE,Federal Contract Tower,6,8,4,0,18,0,0,31,0,31,6,8,35,0,49,22,0,22,71
12/21/2015,LBE,PA,AEA,CE,Federal Contract Tower,6,8,1,0,15,0,1,2,0,3,6,9,3,0,18,4,0,4,22
12/22/2015,LBE,PA,AEA,CE,Federal Contract Tower,6,11,9,2,28,0,2,19,0,21,6,13,28,2,49,26,0,26,75
12/23/2015,LBE,PA,AEA,CE,Federal Contract Tower,6,6,3,0,15,0,0,7,0,7,6,6,10,0,22,0,0,0,22
12/24/2015,LBE,PA,AEA,CE,Federal Contract Tower,6,1,4,0,11,0,0,13,0,13,6,1,17,0,24,0,0,0,24
12/25/2015,LBE,PA,AEA,CE,Federal Contract Tower,6,1,0,0,7,0,2,0,0,2,6,3,0,0,9,0,0,0,9
12/26/2015,LBE,PA,AEA,CE,Federal Contract Tower,6,19,2,0,27,0,0,8,0,8,6,19,10,0,35,0,0,0,35
12/27/2015,LBE,PA,AEA,CE,Federal Contract Tower,6,11,8,0,25,0,0,0,0,0,6,11,8,0,25,0,0,0,25
12/28/2015,LBE,PA,AEA,CE,Federal Contract Tower,5,14,0,0,19,0,2,6,0,8,5,16,6,0,27,12,0,12,39
12/29/2015,LBE,PA,AEA,CE,Federal Contract Tower,6,11,6,0,23,0,0,16,0,16,6,11,22,0,39,4,0,4,43
12/30/2015,LBE,PA,AEA,CE,Federal Contract Tower,6,11,10,2,29,0,0,13,0,13,6,11,23,2,42,4,0,4,46
12/31/2015,LBE,PA,AEA,CE,Federal Contract Tower,6,5,2,0,13,0,0,6,0,6,6,5,8,0,19,52,0,52,71
01/01/2016,LBE,PA,AEA,CE,Federal Contract Tower,5,6,0,0,11,0,0,1,0,1,5,6,1,0,12,0,0,0,12
01/02/2016,LBE,PA,AEA,CE,Federal Contract Tower,9,13,13,0,35,0,0,16,0,16,9,13,29,0,51,32,0,32,83
01/03/2016,LBE,PA,AEA,CE,Federal Contract Tower,6,15,4,0,25,0,0,2,0,2,6,15,6,0,27,12,0,12,39
01/04/2016,LBE,PA,AEA,CE,Federal Contract Tower,5,5,3,0,13,0,2,2,0,4,5,7,5,0,17,2,0,2,19
01/05/2016,LBE,PA,AEA,CE,Federal Contract Tower,6,9,5,4,24,0,0,26,1,27,6,9,31,5,51,28,2,30,81
01/06/2016,LBE,PA,AEA,CE,Federal Contract Tower,6,14,8,7,35,0,4,32,18,54,6,18,40,25,89,28,0,28,117
01/07/2016,LBE,PA,AEA,CE,Federal Contract Tower,6,7,4,4,21,0,3,51,1,55,6,10,55,5,76,20,10,30,106
01/08/2016,LBE,PA,AEA,CE,Federal Contract Tower,6,12,8,0,26,0,0,12,2,14,6,12,20,2,40,46,6,52,92
01/09/2016,LBE,PA,AEA,CE,Federal Contract Tower,6,4,11,2,23,0,0,31,0,31,6,4,42,2,54,46,0,46,100
01/10/2016,LBE,PA,AEA,CE,Federal Contract Tower,5,11,3,0,19,0,0,6,0,6,5,11,9,0,25,0,0,0,25
01/11/2016,LBE,PA,AEA,CE,Federal Contract Tower,4,4,6,5,19,0,0,3,1,4,4,4,9,6,23,18,0,18,41
01/12/2016,LBE,PA,AEA,CE,Federal Contract Tower,5,16,1,2,24,0,0,0,0,0,5,16,1,2,24,0,0,0,24
01/13/2016,LBE,PA,AEA,CE,Federal Contract Tower,5,10,11,6,32,0,0,24,1,25,5,10,35,7,57,12,0,12,69
01/14/2016,LBE,PA,AEA,CE,Federal Contract Tower,4,11,8,2,25,0,0,10,1,11,4,11,18,3,36,0,8,8,44
01/15/2016,LBE,PA,AEA,CE,Federal Contract Tower,5,18,13,0,36,0,0,32,0,32,5,18,45,0,68,70,0,70,138
01/16/2016,LBE,PA,AEA,CE,Federal Contract Tower,3,1,2,0,6,0,0,0,0,0,3,1,2,0,6,0,0,0,6
01/17/2016,LBE,PA,AEA,CE,Federal Contract Tower,6,10,3,0,19,0,0,4,0,4,6,10,7,0,23,12,0,12,35
01/18/2016,LBE,PA,AEA,CE,Federal Contract Tower,6,13,7,0,26,0,0,1,0,1,6,13,8,0,27,0,0,0,27
01/19/2016,LBE,PA,AEA,CE,Federal Contract Tower,6,11,4,0,21,0,0,13,0,13,6,11,17,0,34,0,0,0,34
01/20/2016,LBE,PA,AEA,CE,Federal Contract Tower,6,4,3,0,13,0,0,6,0,6,6,4,9,0,19,28,0,28,47
01/21/2016,LBE,PA,AEA,CE,Federal Contract Tower,5,8,12,0,25,0,0,2,0,2,5,8,14,0,27,0,0,0,27
01/22/2016,LBE,PA,AEA,CE,Federal Contract Tower,1,5,5,0,11,0,0,15,0,15,1,5,20,0,26,0,0,0,26
01/23/2016,LBE,PA,AEA,CE,Federal Contract Tower,0,3,0,0,3,0,0,2,0,2,0,3,2,0,5,0,0,0,5
01/24/2016,LBE,PA,AEA,CE,Federal Contract Tower,5,5,3,0,13,0,0,6,0,6,5,5,9,0,19,0,0,0,19
01/25/2016,LBE,PA,AEA,CE,Federal Contract Tower,6,8,5,4,23,0,0,19,0,19,6,8,24,4,42,14,0,14,56
01/26/2016,LBE,PA,AEA,CE,Federal Contract Tower,5,7,2,0,14,0,0,1,0,1,5,7,3,0,15,0,0,0,15
01/27/2016,LBE,PA,AEA,CE,Federal Contract Tower,6,15,3,5,29,0,0,1,1,2,6,15,4,6,31,0,6,6,37
01/28/2016,LBE,PA,AEA,CE,Federal Contract Tower,6,5,9,0,20,0,0,21,0,21,6,5,30,0,41,34,0,34,75
01/29/2016,LBE,PA,AEA,CE,Federal Contract Tower,5,9,2,0,16,0,0,5,0,5,5,9,7,0,21,10,0,10,31
01/30/2016,LBE,PA,AEA,CE,Federal Contract Tower,6,3,5,0,14,0,0,26,0,26,6,3,31,0,40,34,0,34,74
01/31/2016,LBE,PA,AEA,CE,Federal Contract Tower,6,7,2,0,15,0,0,17,0,17,6,7,19,0,32,14,0,14,46
02/01/2016,LBE,PA,AEA,CE,Federal Contract Tower,6,4,5,2,17,0,0,6,0,6,6,4,11,2,23,0,0,0,23
02/02/2016,LBE,PA,AEA,CE,Federal Contract Tower,5,7,8,6,26,0,0,30,5,35,5,7,38,11,61,0,10,10,71
02/03/2016,LBE,PA,AEA,CE,Federal Contract Tower,6,7,5,2,20,0,0,4,0,4,6,7,9,2,24,4,0,4,28
02/04/2016,LBE,PA,AEA,CE,Federal Contract Tower,5,5,9,5,24,0,0,13,3,16,5,5,22,8,40,14,2,16,56
02/05/2016,LBE,PA,AEA,CE,Federal Contract Tower,6,7,8,2,23,0,0,7,7,14,6,7,15,9,37,16,6,22,59
02/06/2016,LBE,PA,AEA,CE,Federal Contract Tower,6,5,3,0,14,0,4,35,0,39,6,9,38,0,53,38,0,38,91
02/07/2016,LBE,PA,AEA,CE,Federal Contract Tower,6,5,11,1,23,0,3,40,0,43,6,8,51,1,66,30,0,30,96
02/08/2016,LBE,PA,AEA,CE,Federal Contract Tower,8,9,1,6,24,0,3,10,8,21,8,12,11,14,45,0,0,0,45
02/09/2016,LBE,PA,AEA,CE,Federal Contract Tower,4,10,5,0,19,0,0,0,0,0,4,10,5,0,19,0,0,0,19
02/10/2016,LBE,PA,AEA,CE,Federal Contract Tower,5,5,6,5,21,0,0,0,0,0,5,5,6,5,21,0,0,0,21
02/11/2016,LBE,PA,AEA,CE,Federal Contract Tower,6,13,4,6,29,0,0,0,0,0,6,13,4,6,29,0,0,0,29
02/12/2016,LBE,PA,AEA,CE,Federal Contract Tower,7,14,4,0,25,0,0,10,0,10,7,14,14,0,35,0,0,0,35
02/13/2016,LBE,PA,AEA,CE,Federal Contract Tower,8,3,0,0,11,0,0,0,0,0,8,3,0,0,11,0,0,0,11
02/14/2016,LBE,PA,AEA,CE,Federal Contract Tower,9,8,10,0,27,0,0,14,0,14,9,8,24,0,41,0,0,0,41
02/15/2016,LBE,PA,AEA,CE,Federal Contract Tower,9,12,6,0,27,0,0,3,0,3,9,12,9,0,30,10,0,10,40
02/16/2016,LBE,PA,AEA,CE,Federal Contract Tower,6,11,2,0,19,0,0,0,0,0,6,11,2,0,19,0,0,0,19
02/17/2016,LBE,PA,AEA,CE,Federal Contract Tower,10,10,1,2,23,0,0,2,0,2,10,10,3,2,25,0,0,0,25
02/18/2016,LBE,PA,AEA,CE,Federal Contract Tower,6,9,10,4,29,0,2,58,5,65,6,11,68,9,94,54,0,54,148
02/19/2016,LBE,PA,AEA,CE,Federal Contract Tower,8,17,3,0,28,0,1,7,1,9,8,18,10,1,37,2,0,2,39
02/20/2016,LBE,PA,AEA,CE,Federal Contract Tower,10,3,6,2,21,0,0,11,4,15,10,3,17,6,36,6,6,12,48
02/21/2016,LBE,PA,AEA,CE,Federal Contract Tower,8,12,6,0,26,0,0,28,0,28,8,12,34,0,54,48,0,48,102
02/22/2016,LBE,PA,AEA,CE,Federal Contract Tower,8,8,5,0,21,0,0,46,6,52,8,8,51,6,73,16,2,18,91
02/23/2016,LBE,PA,AEA,CE,Federal Contract Tower,6,10,2,6,24,0,2,26,2,30,6,12,28,8,54,8,0,8,62
02/24/2016,LBE,PA,AEA,CE,Federal Contract Tower,7,7,2,0,16,0,0,0,0,0,7,7,2,0,16,0,0,0,16
02/25/2016,LBE,PA,AEA,CE,Federal Contract Tower,5,12,1,0,18,0,0,0,0,0,5,12,1,0,18,0,0,0,18
02/26/2016,LBE,PA,AEA,CE,Federal Contract Tower,8,7,7,0,22,0,0,6,0,6,8,7,13,0,28,0,0,0,28
02/27/2016,LBE,PA,AEA,CE,Federal Contract Tower,8,2,5,0,15,0,2,14,2,18,8,4,19,2,33,40,6,46,79
02/28/2016,LBE,PA,AEA,CE,Federal Contract Tower,8,6,6,0,20,0,0,28,0,28,8,6,34,0,48,44,0,44,92
02/29/2016,LBE,PA,AEA,CE,Federal Contract Tower,8,9,2,0,19,0,2,2,0,4,8,11,4,0,23,18,0,18,41
03/01/2016,LBE,PA,AEA,CE,Federal Contract Tower,6,3,4,0,13,0,0,14,0,14,6,3,18,0,27,0,0,0,27
03/02/2016,LBE,PA,AEA,CE,Federal Contract Tower,7,12,0,0,19,0,0,0,2,2,7,12,0,2,21,0,0,0,21
03/03/2016,LBE,PA,AEA,CE,Federal Contract Tower,9,8,3,2,22,0,2,27,0,29,9,10,30,2,51,34,0,34,85
03/04/2016,LBE,PA,AEA,CE,Federal Contract Tower,8,9,2,0,19,0,0,6,0,6,8,9,8,0,25,66,0,66,91
03/05/2016,LBE,PA,AEA,CE,Federal Contract Tower,7,4,1,0,12,0,0,15,0,15,7,4,16,0,27,92,0,92,119
03/06/2016,LBE,PA,AEA,CE,Federal Contract Tower,8,6,7,0,21,0,0,9,0,9,8,6,16,0,30,0,0,0,30
03/07/2016,LBE,PA,AEA,CE,Federal Contract Tower,7,6,2,0,15,0,0,24,0,24,7,6,26,0,39,26,0,26,65
03/08/2016,LBE,PA,AEA,CE,Federal Contract Tower,6,6,4,0,16,0,0,40,0,40,6,6,44,0,56,20,0,20,76
03/09/2016,LBE,PA,AEA,CE,Federal Contract Tower,8,14,3,0,25,0,4,34,0,38,8,18,37,0,63,10,0,10,73
03/10/2016,LBE,PA,AEA,CE,Federal Contract Tower,6,13,7,0,26,0,0,1,0,1,6,13,8,0,27,0,0,0,27
03/11/2016,LBE,PA,AEA,CE,Federal Contract Tower,9,5,14,0,28,0,0,22,0,22,9,5,36,0,50,54,0,54,104
03/12/2016,LBE,PA,AEA,CE,Federal Contract Tower,8,2,12,0,22,0,0,35,0,35,8,2,47,0,57,48,0,48,105
03/13/2016,LBE,PA,AEA,CE,Federal Contract Tower,9,9,5,0,23,0,0,5,0,5,9,9,10,0,28,10,0,10,38
03/14/2016,LBE,PA,AEA,CE,Federal Contract Tower,8,8,5,2,23,0,0,3,0,3,8,8,8,2,26,4,0,4,30
03/15/2016,LBE,PA,AEA,CE,Federal Contract Tower,6,9,9,2,26,0,0,17,0,17,6,9,26,2,43,0,0,0,43
03/16/2016,LBE,PA,AEA,CE,Federal Contract Tower,9,9,9,0,27,0,0,15,0,15,9,9,24,0,42,0,2,2,44
03/17/2016,LBE,PA,AEA,CE,Federal Contract Tower,6,9,7,0,22,0,2,13,2,17,6,11,20,2,39,0,0,0,39
03/18/2016,LBE,PA,AEA,CE,Federal Contract Tower,8,16,13,2,39,0,2,27,2,31,8,18,40,4,70,0,6,6,76
03/19/2016,LBE,PA,AEA,CE,Federal Contract Tower,7,1,4,0,12,0,0,14,4,18,7,1,18,4,30,12,6,18,48
03/20/2016,LBE,PA,AEA,CE,Federal Contract Tower,8,9,6,0,23,0,0,2,2,4,8,9,8,2,27,0,6,6,33
03/21/2016,LBE,PA,AEA,CE,Federal Contract Tower,10,5,7,3,25,0,0,9,2,11,10,5,16,5,36,0,0,0,36
03/22/2016,LBE,PA,AEA,CE,Federal Contract Tower,6,11,4,2,23,0,0,24,0,24,6,11,28,2,47,16,0,16,63
03/23/2016,LBE,PA,AEA,CE,Federal Contract Tower,8,12,6,1,27,0,0,20,6,26,8,12,26,7,53,10,20,30,83
03/24/2016,LBE,PA,AEA,CE,Federal Contract Tower,6,10,4,0,20,0,0,15,0,15,6,10,19,0,35,16,0,16,51
03/25/2016,LBE,PA,AEA,CE,Federal Contract Tower,8,4,4,0,16,0,0,4,0,4,8,4,8,0,20,6,0,6,26
03/26/2016,LBE,PA,AEA,CE,Federal Contract Tower,8,4,9,0,21,0,1,60,0,61,8,5,69,0,82,86,0,86,168
03/27/2016,LBE,PA,AEA,CE,Federal Contract Tower,8,10,1,0,19,0,1,17,0,18,8,11,18,0,37,6,0,6,43
03/28/2016,LBE,PA,AEA,CE,Federal Contract Tower,8,7,6,0,21,0,0,2,2,4,8,7,8,2,25,0,0,0,25
03/29/2016,LBE,PA,AEA,CE,Federal Contract Tower,5,12,5,0,22,0,0,16,2,18,5,12,21,2,40,56,6,62,102
03/30/2016,LBE,PA,AEA,CE,Federal Contract Tower,8,11,9,0,28,0,2,40,4,46,8,13,49,4,74,36,0,36,110
03/31/2016,LBE,PA,AEA,CE,Federal Contract Tower,6,18,6,0,30,0,0,9,0,9,6,18,15,0,39,0,0,0,39
04/01/2016,LBE,PA,AEA,CE,Federal Contract Tower,10,7,2,0,19,0,2,3,0,5,10,9,5,0,24,0,0,0,24
04/02/2016,LBE,PA,AEA,CE,Federal Contract Tower,4,10,8,0,22,0,0,3,0,3,4,10,11,0,25,2,0,2,27
04/03/2016,LBE,PA,AEA,CE,Federal Contract Tower,8,5,3,0,16,0,0,6,0,6,8,5,9,0,22,6,0,6,28
04/04/2016,LBE,PA,AEA,CE,Federal Contract Tower,8,13,3,0,24,1,0,0,0,1,9,13,3,0,25,0,0,0,25
04/05/2016,LBE,PA,AEA,CE,Federal Contract Tower,6,3,8,0,17,0,0,41,0,41,6,3,49,0,58,56,0,56,114
04/06/2016,LBE,PA,AEA,CE,Federal Contract Tower,8,10,10,2,30,0,0,19,0,19,8,10,29,2,49,26,0,26,75
04/07/2016,LBE,PA,AEA,CE,Federal Contract Tower,6,11,12,0,29,0,0,0,0,0,6,11,12,0,29,0,0,0,29
04/08/2016,LBE,PA,AEA,CE,Federal Contract Tower,8,15,3,0,26,0,0,15,0,15,8,15,18,0,41,0,0,0,41
04/09/2016,LBE,PA,AEA,CE,Federal Contract Tower,8,6,0,0,14,0,0,2,0,2,8,6,2,0,16,0,0,0,16
04/10/2016,LBE,PA,AEA,CE,Federal Contract Tower,8,4,8,0,20,0,0,51,2,53,8,4,59,2,73,72,0,72,145
04/11/2016,LBE,PA,AEA,CE,Federal Contract Tower,7,13,6,0,26,0,0,4,0,4,7,13,10,0,30,0,0,0,30
04/12/2016,LBE,PA,AEA,CE,Federal Contract Tower,6,7,7,0,20,0,0,32,0,32,6,7,39,0,52,34,2,36,88
04/13/2016,LBE,PA,AEA,CE,Federal Contract Tower,7,9,5,0,21,0,0,55,0,55,7,9,60,0,76,64,0,64,140
04/14/2016,LBE,PA,AEA,CE,Federal Contract Tower,6,10,5,0,21,0,0,51,0,51,6,10,56,0,72,40,0,40,112
04/15/2016,LBE,PA,AEA,CE,Federal Contract Tower,6,14,4,0,24,0,2,81,2,85,6,16,85,2,109,36,0,36,145
04/16/2016,LBE,PA,AEA,CE,Federal Contract Tower,4,9,4,0,17,0,0,63,0,63,4,9,67,0,80,54,0,54,134
04/17/2016,LBE,PA,AEA,CE,Federal Contract Tower,6,11,5,0,22,0,0,57,0,57,6,11,62,0,79,44,0,44,123
04/18/2016,LBE,PA,AEA,CE,Federal Contract Tower,6,4,2,1,13,0,0,46,5,51,6,4,48,6,64,22,8,30,94
04/19/2016,LBE,PA,AEA,CE,Federal Contract Tower,6,13,4,0,23,0,1,35,6,42,6,14,39,6,65,28,6,34,99
04/20/2016,LBE,PA,AEA,CE,Federal Contract Tower,4,7,6,0,17,0,0,31,3,34,4,7,37,3,51,54,0,54,105
04/21/2016,LBE,PA,AEA,CE,Federal Contract Tower,6,11,4,0,21,0,2,23,0,25,6,13,27,0,46,50,0,50,96
04/22/2016,LBE,PA,AEA,CE,Federal Contract Tower,6,5,4,6,21,0,1,8,2,11,6,6,12,8,32,12,0,12,44
04/23/2016,LBE,PA,AEA,CE,Federal Contract Tower,4,6,6,0,16,0,0,34,0,34,4,6,40,0,50,40,0,40,90
04/24/2016,LBE,PA,AEA,CE,Federal Contract Tower,6,4,7,0,17,0,2,77,2,81,6,6,84,2,98,68,0,68,166
04/25/2016,LBE,PA,AEA,CE,Federal Contract Tower,6,5,2,4,17,0,6,20,0,26,6,11,22,4,43,36,0,36,79
04/26/2016,LBE,PA,AEA,CE,Federal Contract Tower,6,14,9,2,31,0,1,10,0,11,6,15,19,2,42,0,0,0,42
04/27/2016,LBE,PA,AEA,CE,Federal Contract Tower,4,13,12,6,35,0,3,26,4,33,4,16,38,10,68,6,6,12,80
04/28/2016,LBE,PA,AEA,CE,Federal Contract Tower,6,12,6,6,30,0,0,3,0,3,6,12,9,6,33,6,0,6,39
04/29/2016,LBE,PA,AEA,CE,Federal Contract Tower,6,6,25,0,37,0,0,0,0,0,6,6,25,0,37,0,0,0,37
04/30/2016,LBE,PA,AEA,CE,Federal Contract Tower,4,5,7,0,16,0,0,21,0,21,4,5,28,0,37,36,0,36,73
05/01/2016,LBE,PA,AEA,CE,Federal Contract Tower,6,16,7,0,29,0,0,4,0,4,6,16,11,0,33,8,0,8,41
05/02/2016,LBE,PA,AEA,CE,Federal Contract Tower,6,9,9,6,30,0,0,9,2,11,6,9,18,8,41,0,8,8,49
05/03/2016,LBE,PA,AEA,CE,Federal Contract Tower,6,4,7,10,27,0,0,20,0,20,6,4,27,10,47,30,0,30,77
05/04/2016,LBE,PA,AEA,CE,Federal Contract Tower,4,13,6,2,25,0,0,9,0,9,4,13,15,2,34,20,0,20,54
05/05/2016,LBE,PA,AEA,CE,Federal Contract Tower,8,11,6,11,36,0,0,11,1,12,8,11,17,12,48,6,0,6,54
05/06/2016,LBE,PA,AEA,CE,Federal Contract Tower,6,12,7,4,29,0,0,12,20,32,6,12,19,24,61,10,0,10,71
05/07/2016,LBE,PA,AEA,CE,Federal Contract Tower,4,12,5,0,21,0,0,29,0,29,4,12,34,0,50,48,0,48,98
05/08/2016,LBE,PA,AEA,CE,Federal Contract Tower,8,4,15,0,27,0,0,25,0,25,8,4,40,0,52,8,0,8,60
05/09/2016,LBE,PA,AEA,CE,Federal Contract Tower,6,9,12,0,27,0,0,16,0,16,6,9,28,0,43,48,0,48,91
05/10/2016,LBE,PA,AEA,CE,Federal Contract Tower,6,4,8,0,18,0,1,8,2,11,6,5,16,2,29,6,0,6,35
05/11/2016,LBE,PA,AEA,CE,Federal Contract Tower,4,8,20,4,36,0,0,21,2,23,4,8,41,6,59,32,12,44,103
05/12/2016,LBE,PA,AEA,CE,Federal Contract Tower,6,9,16,2,33,0,0,15,0,15,6,9,31,2,48,28,0,28,76
05/13/2016,LBE,PA,AEA,CE,Federal Contract Tower,6,10,16,2,34,0,0,13,3,16,6,10,29,5,50,0,0,0,50
05/14/2016,LBE,PA,AEA,CE,Federal Contract Tower,4,9,5,0,18,0,0,3,0,3,4,9,8,0,21,6,0,6,27
05/15/2016,LBE,PA,AEA,CE,Federal Contract Tower,6,23,8,0,37,0,0,15,19,34,6,23,23,19,71,8,0,8,79
05/16/2016,LBE,PA,AEA,CE,Federal Contract Tower,6,16,18,2,42,0,1,55,0,56,6,17,73,2,98,12,0,12,110
05/17/2016,LBE,PA,AEA,CE,Federal Contract Tower,6,21,29,0,56,0,0,21,0,21,6,21,50,0,77,114,0,114,191
05/18/2016,LBE,PA,AEA,CE,Federal Contract Tower,4,8,22,0,34,0,2,0,2,4,4,10,22,2,38,0,0,0,38
05/19/2016,LBE,PA,AEA,CE,Federal Contract Tower,8,16,19,15,58,0,0,56,2,58,8,16,75,17,116,42,6,48,164
05/20/2016,LBE,PA,AEA,CE,Federal Contract Tower,6,11,9,3,29,0,0,35,0,35,6,11,44,3,64,18,0,18,82
05/21/2016,LBE,PA,AEA,CE,Federal Contract Tower,4,1,5,0,10,0,0,0,0,0,4,1,5,0,10,0,0,0,10
05/22/2016,LBE,PA,AEA,CE,Federal Contract Tower,6,11,7,5,29,0,2,12,0,14,6,13,19,5,43,0,0,0,43
05/23/2016,LBE,PA,AEA,CE,Federal Contract Tower,6,10,6,2,24,0,0,12,1,13,6,10,18,3,37,6,0,6,43
05/24/2016,LBE,PA,AEA,CE,Federal Contract Tower,6,10,7,1,24,0,0,42,0,42,6,10,49,1,66,58,0,58,124
05/25/2016,LBE,PA,AEA,CE,Federal Contract Tower,4,23,19,6,52,0,0,48,6,54,4,23,67,12,106,104,6,110,216
05/26/2016,LBE,PA,AEA,CE,Federal Contract Tower,6,5,9,0,20,0,1,35,0,36,6,6,44,0,56,68,4,72,128
05/27/2016,LBE,PA,AEA,CE,Federal Contract Tower,4,13,6,2,25,0,1,41,0,42,4,14,47,2,67,44,0,44,111
05/28/2016,LBE,PA,AEA,CE,Federal Contract Tower,4,1,3,0,8,0,0,15,0,15,4,1,18,0,23,16,0,16,39
05/29/2016,LBE,PA,AEA,CE,Federal Contract Tower,6,15,6,0,27,0,6,8,0,14,6,21,14,0,41,12,0,12,53
05/30/2016,LBE,PA,AEA,CE,Federal Contract Tower,6,12,6,1,25,0,0,22,0,22,6,12,28,1,47,18,0,18,65
05/31/2016,LBE,PA,AEA,CE,Federal Contract Tower,6,10,7,0,23,0,0,52,0,52,6,10,59,0,75,42,0,42,117
06/01/2016,LBE,PA,AEA,CE,Federal Contract Tower,4,7,7,0,18,0,0,57,0,57,4,7,64,0,75,28,0,28,103
06/02/2016,LBE,PA,AEA,CE,Federal Contract Tower,6,16,9,1,32,0,0,10,2,12,6,16,19,3,44,18,0,18,62
06/03/2016,LBE,PA,AEA,CE,Federal Contract Tower,8,13,9,0,30,0,1,35,0,36,8,14,44,0,66,12,0,12,78
06/04/2016,LBE,PA,AEA,CE,Federal Contract Tower,4,4,5,4,17,0,2,20,4,26,4,6,25,8,43,46,0,46,89
06/05/2016,LBE,PA,AEA,CE,Federal Contract Tower,8,14,5,0,27,0,4,0,0,4,8,18,5,0,31,0,0,0,31
06/06/2016,LBE,PA,AEA,CE,Federal Contract Tower,6,20,4,0,30,0,12,27,2,41,6,32,31,2,71,30,6,36,107
06/07/2016,LBE,PA,AEA,CE,Federal Contract Tower,6,27,7,2,42,0,0,23,2,25,6,27,30,4,67,20,0,20,87
06/08/2016,LBE,PA,AEA,CE,Federal Contract Tower,4,25,7,0,36,0,0,26,3,29,4,25,33,3,65,0,0,0,65
06/09/2016,LBE,PA,AEA,CE,Federal Contract Tower,6,11,9,0,26,0,41,5,0,46,6,52,14,0,72,0,0,0,72
06/10/2016,LBE,PA,AEA,CE,Federal Contract Tower,6,25,10,0,41,0,0,94,0,94,6,25,104,0,135,84,0,84,219
06/11/2016,LBE,PA,AEA,CE,Federal Contract Tower,4,4,6,0,14,0,0,8,0,8,4,4,14,0,22,62,0,62,84
06/12/2016,LBE,PA,AEA,CE,Federal Contract Tower,6,11,2,6,25,0,0,19,0,19,6,11,21,6,44,8,0,8,52
06/13/2016,LBE,PA,AEA,CE,Federal Contract Tower,6,11,5,0,22,0,1,65,0,66,6,12,70,0,88,102,0,102,190
06/14/2016,LBE,PA,AEA,CE,Federal Contract Tower,6,10,14,0,30,0,0,63,0,63,6,10,77,0,93,74,0,74,167
06/15/2016,LBE,PA,AEA,CE,Federal Contract Tower,4,11,18,0,33,0,0,28,2,30,4,11,46,2,63,56,4,60,123
06/16/2016,LBE,PA,AEA,CE,Federal Contract Tower,6,16,23,2,47,0,0,6,0,6,6,16,29,2,53,18,0,18,71
06/17/2016,LBE,PA,AEA,CE,Federal Contract Tower,6,12,23,4,45,0,0,29,3,32,6,12,52,7,77,6,0,6,83
06/18/2016,LBE,PA,AEA,CE,Federal Contract Tower,5,8,15,0,28,0,0,49,0,49,5,8,64,0,77,50,0,50,127
06/19/2016,LBE,PA,AEA,CE,Federal Contract Tower,7,9,5,0,21,0,0,50,0,50,7,9,55,0,71,18,0,18,89
06/20/2016,LBE,PA,AEA,CE,Federal Contract Tower,6,12,16,0,34,0,0,33,0,33,6,12,49,0,67,16,0,16,83
06/21/2016,LBE,PA,AEA,CE,Federal Contract Tower,6,17,6,1,30,0,0,21,4,25,6,17,27,5,55,24,0,24,79
06/22/2016,LBE,PA,AEA,CE,Federal Contract Tower,4,10,7,3,24,0,3,41,1,45,4,13,48,4,69,88,0,88,157
06/23/2016,LBE,PA,AEA,CE,Federal Contract Tower,6,16,18,0,40,0,0,2,0,2,6,16,20,0,42,0,0,0,42
06/24/2016,LBE,PA,AEA,CE,Federal Contract Tower,6,33,18,4,61,0,0,38,2,40,6,33,56,6,101,58,6,64,165
06/25/2016,LBE,PA,AEA,CE,Federal Contract Tower,4,9,12,0,25,0,0,61,0,61,4,9,73,0,86,50,0,50,136
06/26/2016,LBE,PA,AEA,CE,Federal Contract Tower,6,13,8,0,27,0,0,80,0,80,6,13,88,0,107,44,0,44,151
06/27/2016,LBE,PA,AEA,CE,Federal Contract Tower,6,10,10,0,26,0,0,33,2,35,6,10,43,2,61,16,0,16,77
06/28/2016,LBE,PA,AEA,CE,Federal Contract Tower,6,11,14,4,35,0,0,26,0,26,6,11,40,4,61,38,0,38,99
06/29/2016,LBE,PA,AEA,CE,Federal Contract Tower,4,10,14,2,30,0,0,27,3,30,4,10,41,5,60,54,0,54,114
06/30/2016,LBE,PA,AEA,CE,Federal Contract Tower,6,19,18,0,43,0,1,54,4,59,6,20,72,4,102,44,0,44,146
07/01/2016,LBE,PA,AEA,CE,Federal Contract Tower,6,16,2,0,24,0,0,30,2,32,6,16,32,2,56,14,0,14,70
07/02/2016,LBE,PA,AEA,CE,Federal Contract Tower,4,9,10,0,23,0,0,37,0,37,4,9,47,0,60,28,0,28,88
07/03/2016,LBE,PA,AEA,CE,Federal Contract Tower,6,3,4,0,13,0,0,36,0,36,6,3,40,0,49,40,0,40,89
07/04/2016,LBE,PA,AEA,CE,Federal Contract Tower,8,2,9,0,19,0,0,13,0,13,8,2,22,0,32,0,0,0,32
07/05/2016,LBE,PA,AEA,CE,Federal Contract Tower,6,12,21,1,40,0,0,21,1,22,6,12,42,2,62,10,0,10,72
07/06/2016,LBE,PA,AEA,CE,Federal Contract Tower,4,11,5,0,20,0,1,45,2,48,4,12,50,2,68,58,0,58,126
07/07/2016,LBE,PA,AEA,CE,Federal Contract Tower,6,15,13,2,36,0,0,12,3,15,6,15,25,5,51,0,12,12,63
07/08/2016,LBE,PA,AEA,CE,Federal Contract Tower,6,9,9,0,24,0,0,24,0,24,6,9,33,0,48,26,0,26,74
07/09/2016,LBE,PA,AEA,CE,Federal Contract Tower,4,2,6,0,12,0,0,37,0,37,4,2,43,0,49,46,0,46,95
07/10/2016,LBE,PA,AEA,CE,Federal Contract Tower,6,14,14,0,34,0,0,23,0,23,6,14,37,0,57,34,0,34,91
07/11/2016,LBE,PA,AEA,CE,Federal Contract Tower,7,19,9,0,35,0,0,44,2,46,7,19,53,2,81,48,0,48,129
07/12/2016,LBE,PA,AEA,CE,Federal Contract Tower,6,4,10,2,22,0,0,35,0,35,6,4,45,2,57,50,0,50,107
07/13/2016,LBE,PA,AEA,CE,Federal Contract Tower,4,20,5,0,29,0,0,26,0,26,4,20,31,0,55,14,0,14,69
07/14/2016,LBE,PA,AEA,CE,Federal Contract Tower,6,20,8,0,34,0,0,10,0,10,6,20,18,0,44,0,0,0,44
07/15/2016,LBE,PA,AEA,CE,Federal Contract Tower,6,15,15,2,38,0,0,23,4,27,6,15,38,6,65,32,0,32,97
07/16/2016,LBE,PA,AEA,CE,Federal Contract Tower,4,7,2,0,13,0,3,25,0,28,4,10,27,0,41,6,0,6,47
07/17/2016,LBE,PA,AEA,CE,Federal Contract Tower,6,13,11,0,30,0,0,37,0,37,6,13,48,0,67,22,0,22,89
07/18/2016,LBE,PA,AEA,CE,Federal Contract Tower,6,18,12,0,36,0,0,15,2,17,6,18,27,2,53,16,0,16,69
07/19/2016,LBE,PA,AEA,CE,Federal Contract Tower,6,14,9,5,34,0,0,35,1,36,6,14,44,6,70,30,6,36,106
07/20/2016,LBE,PA,AEA,CE,Federal Contract Tower,4,12,7,4,27,0,0,42,2,44,4,12,49,6,71,42,6,48,119
07/21/2016,LBE,PA,AEA,CE,Federal Contract Tower,6,21,16,0,43,0,1,51,0,52,6,22,67,0,95,4,0,4,99
07/22/2016,LBE,PA,AEA,CE,Federal Contract Tower,8,11,5,0,24,0,0,12,8,20,8,11,17,8,44,0,14,14,58
07/23/2016,LBE,PA,AEA,CE,Federal Contract Tower,6,5,15,0,26,0,0,18,0,18,6,5,33,0,44,6,0,6,50
07/24/2016,LBE,PA,AEA,CE,Federal Contract Tower,6,15,7,0,28,0,0,15,1,16,6,15,22,1,44,28,2,30,74
07/25/2016,LBE,PA,AEA,CE,Federal Contract Tower,8,14,6,1,29,0,1,7,3,11,8,15,13,4,40,2,8,10,50
07/26/2016,LBE,PA,AEA,CE,Federal Contract Tower,6,8,9,2,25,0,0,22,2,24,6,8,31,4,49,24,10,34,83
07/27/2016,LBE,PA,AEA,CE,Federal Contract Tower,4,9,11,1,25,0,0,37,4,41,4,9,48,5,66,32,4,36,102
07/28/2016,LBE,PA,AEA,CE,Federal Contract Tower,6,13,13,0,32,0,0,2,0,2,6,13,15,0,34,0,0,0,34
07/29/2016,LBE,PA,AEA,CE,Federal Contract Tower,6,14,22,0,42,0,0,21,0,21,6,14,43,0,63,36,0,36,99
07/30/2016,LBE,PA,AEA,CE,Federal Contract Tower,4,4,8,0,16,0,0,5,0,5,4,4,13,0,21,0,0,0,21
07/31/2016,LBE,PA,AEA,CE,Federal Contract Tower,7,16,14,0,37,0,3,8,0,11,7,19,22,0,48,8,0,8,56
08/01/2016,LBE,PA,AEA,CE,Federal Contract Tower,6,7,5,4,22,0,0,15,2,17,6,7,20,6,39,10,6,16,55
08/02/2016,LBE,PA,AEA,CE,Federal Contract Tower,6,13,16,2,37,0,0,52,5,57,6,13,68,7,94,48,8,56,150
08/03/2016,LBE,PA,AEA,CE,Federal Contract Tower,4,16,21,0,41,0,1,45,4,50,4,17,66,4,91,38,0,38,129
08/04/2016,LBE,PA,AEA,CE,Federal Contract Tower,6,26,18,1,51,0,0,57,6,63,6,26,75,7,114,6,0,6,120
08/05/2016,LBE,PA,AEA,CE,Federal Contract Tower,6,9,12,0,27,0,0,25,0,25,6,9,37,0,52,34,0,34,86
08/06/2016,LBE,PA,AEA,CE,Federal Contract Tower,4,15,8,0,27,0,0,32,0,32,4,15,40,0,59,24,0,24,83
08/07/2016,LBE,PA,AEA,CE,Federal Contract Tower,6,12,15,0,33,0,0,64,0,64,6,12,79,0,97,24,0,24,121
08/08/2016,LBE,PA,AEA,CE,Federal Contract Tower,6,11,8,2,27,0,0,42,2,44,6,11,50,4,71,12,0,12,83
08/09/2016,LBE,PA,AEA,CE,Federal Contract Tower,6,12,12,0,30,0,0,45,0,45,6,12,57,0,75,36,0,36,111
08/10/2016,LBE,PA,AEA,CE,Federal Contract Tower,4,12,2,0,18,0,13,0,0,13,4,25,2,0,31,0,0,0,31
08/11/2016,LBE,PA,AEA,CE,Federal Contract Tower,6,13,6,0,25,0,6,14,0,20,6,19,20,0,45,22,0,22,67
08/12/2016,LBE,PA,AEA,CE,Federal Contract Tower,2,16,8,0,26,0,0,17,0,17,2,16,25,0,43,2,0,2,45
08/13/2016,LBE,PA,AEA,CE,Federal Contract Tower,6,2,4,0,12,0,0,9,0,9,6,2,13,0,21,14,0,14,35
08/14/2016,LBE,PA,AEA,CE,Federal Contract Tower,6,4,12,2,24,0,0,11,0,11,6,4,23,2,35,18,0,18,53
08/15/2016,LBE,PA,AEA,CE,Federal Contract Tower,6,9,2,1,18,0,0,26,5,31,6,9,28,6,49,6,4,10,59
08/16/2016,LBE,PA,AEA,CE,Federal Contract Tower,5,19,9,2,35,0,0,25,1,26,5,19,34,3,61,10,6,16,77
08/17/2016,LBE,PA,AEA,CE,Federal Contract Tower,5,2,15,0,22,0,0,0,0,0,5,2,15,0,22,0,0,0,22
08/18/2016,LBE,PA,AEA,CE,Federal Contract Tower,6,19,22,2,49,0,0,30,4,34,6,19,52,6,83,10,6,16,99
08/19/2016,LBE,PA,AEA,CE,Federal Contract Tower,6,9,8,0,23,0,0,40,3,43,6,9,48,3,66,20,0,20,86
08/20/2016,LBE,PA,AEA,CE,Federal Contract Tower,6,11,9,5,31,0,4,31,4,39,6,15,40,9,70,44,16,60,130
08/21/2016,LBE,PA,AEA,CE,Federal Contract Tower,8,3,11,0,22,0,0,8,0,8,8,3,19,0,30,20,0,20,50
08/22/2016,LBE,PA,AEA,CE,Federal Contract Tower,8,3,10,0,21,0,0,30,2,32,8,3,40,2,53,14,0,14,67
08/23/2016,LBE,PA,AEA,CE,Federal Contract Tower,6,30,17,2,55,0,1,84,2,87,6,31,101,4,142,40,0,40,182
08/24/2016,LBE,PA,AEA,CE,Federal Contract Tower,6,15,11,1,33,0,2,68,3,73,6,17,79,4,106,14,0,14,120
08/25/2016,LBE,PA,AEA,CE,Federal Contract Tower,6,9,15,4,34,0,2,22,5,29,6,11,37,9,63,24,10,34,97
08/26/2016,LBE,PA,AEA,CE,Federal Contract Tower,6,15,22,0,43,0,6,50,0,56,6,21,72,0,99,68,0,68,167
08/27/2016,LBE,PA,AEA,CE,Federal Contract Tower,4,2,5,0,11,0,0,51,0,51,4,2,56,0,62,62,0,62,124
08/28/2016,LBE,PA,AEA,CE,Federal Contract Tower,6,5,4,0,15,0,0,42,0,42,6,5,46,0,57,26,0,26,83
08/29/2016,LBE,PA,AEA,CE,Federal Contract Tower,6,21,14,0,41,0,0,31,1,32,6,21,45,1,73,38,0,38,111
08/30/2016,LBE,PA,AEA,CE,Federal Contract Tower,6,12,16,0,34,0,2,65,5,72,6,14,81,5,106,10,14,24,130
08/31/2016,LBE,PA,AEA,CE,Federal Contract Tower,5,14,11,0,30,0,0,19,6,25,5,14,30,6,55,0,10,10,65
09/01/2016,LBE,PA,AEA,CE,Federal Contract Tower,8,15,10,0,33,0,0,38,0,38,8,15,48,0,71,36,4,40,111
09/02/2016,LBE,PA,AEA,CE,Federal Contract Tower,6,18,9,4,37,0,0,38,2,40,6,18,47,6,77,74,4,78,155
09/03/2016,LBE,PA,AEA,CE,Federal Contract Tower,4,7,7,0,18,0,1,45,0,46,4,8,52,0,64,54,0,54,118
09/04/2016,LBE,PA,AEA,CE,Federal Contract Tower,6,5,11,0,22,0,0,33,0,33,6,5,44,0,55,30,0,30,85
09/05/2016,LBE,PA,AEA,CE,Federal Contract Tower,6,9,11,0,26,0,2,41,0,43,6,11,52,0,69,30,0,30,99
09/06/2016,LBE,PA,AEA,CE,Federal Contract Tower,6,8,7,1,22,0,0,29,3,32,6,8,36,4,54,0,0,0,54
09/07/2016,LBE,PA,AEA,CE,Federal Contract Tower,4,15,10,5,34,0,0,25,4,29,4,15,35,9,63,42,20,62,125
09/08/2016,LBE,PA,AEA,CE,Federal Contract Tower,6,23,15,0,44,0,0,32,3,35,6,23,47,3,79,20,0,20,99
09/09/2016,LBE,PA,AEA,CE,Federal Contract Tower,6,18,9,6,39,0,0,10,0,10,6,18,19,6,49,4,0,4,53
09/10/2016,LBE,PA,AEA,CE,Federal Contract Tower,6,8,13,0,27,0,0,17,2,19,6,8,30,2,46,2,0,2,48
09/11/2016,LBE,PA,AEA,CE,Federal Contract Tower,6,11,10,0,27,0,0,18,0,18,6,11,28,0,45,14,0,14,59
09/12/2016,LBE,PA,AEA,CE,Federal Contract Tower,8,18,8,0,34,0,0,45,0,45,8,18,53,0,79,34,0,34,113
09/13/2016,LBE,PA,AEA,CE,Federal Contract Tower,0,7,18,3,28,0,0,39,7,46,0,7,57,10,74,52,12,64,138
09/14/2016,LBE,PA,AEA,CE,Federal Contract Tower,0,5,11,4,20,0,1,34,2,37,0,6,45,6,57,34,0,34,91
09/15/2016,LBE,PA,AEA,CE,Federal Contract Tower,6,15,15,8,44,0,0,34,0,34,6,15,49,8,78,40,0,40,118
09/16/2016,LBE,PA,AEA,CE,Federal Contract Tower,6,17,19,2,44,0,1,33,0,34,6,18,52,2,78,30,0,30,108
09/17/2016,LBE,PA,AEA,CE,Federal Contract Tower,6,10,4,0,20,0,0,20,0,20,6,10,24,0,40,32,0,32,72
09/18/2016,LBE,PA,AEA,CE,Federal Contract Tower,6,17,11,0,34,0,0,0,0,0,6,17,11,0,34,0,0,0,34
09/19/2016,LBE,PA,AEA,CE,Federal Contract Tower,6,22,6,2,36,0,0,8,0,8,6,22,14,2,44,8,0,8,52
09/20/2016,LBE,PA,AEA,CE,Federal Contract Tower,0,5,7,0,12,0,0,74,2,76,0,5,81,2,88,116,0,116,204
09/21/2016,LBE,PA,AEA,CE,Federal Contract Tower,0,19,4,2,25,0,0,51,3,54,0,19,55,5,79,30,12,42,121
09/22/2016,LBE,PA,AEA,CE,Federal Contract Tower,6,16,13,2,37,0,3,38,0,41,6,19,51,2,78,50,24,74,152
09/23/2016,LBE,PA,AEA,CE,Federal Contract Tower,8,14,11,1,34,0,0,40,0,40,8,14,51,1,74,28,0,28,102
09/24/2016,LBE,PA,AEA,CE,Federal Contract Tower,6,6,2,0,14,0,2,11,2,15,6,8,13,2,29,20,0,20,49
09/25/2016,LBE,PA,AEA,CE,Federal Contract Tower,8,20,8,0,36,0,0,42,0,42,8,20,50,0,78,20,0,20,98
09/26/2016,LBE,PA,AEA,CE,Federal Contract Tower,6,16,6,0,28,0,0,10,0,10,6,16,16,0,38,62,0,62,100
09/27/2016,LBE,PA,AEA,CE,Federal Contract Tower,0,7,7,0,14,0,2,27,0,29,0,9,34,0,43,52,0,52,95
09/28/2016,LBE,PA,AEA,CE,Federal Contract Tower,0,20,13,0,33,0,0,15,4,19,0,20,28,4,52,0,4,4,56
09/29/2016,LBE,PA,AEA,CE,Federal Contract Tower,6,20,8,0,34,0,2,4,0,6,6,22,12,0,40,2,0,2,42
09/30/2016,LBE,PA,AEA,CE,Federal Contract Tower,6,14,19,2,41,0,0,1,0,1,6,14,20,2,42,0,0,0,42
10/01/2016,LBE,PA,AEA,CE,Federal Contract Tower,6,6,15,0,27,0,0,12,0,12,6,6,27,0,39,16,0,16,55
10/02/2016,LBE,PA,AEA,CE,Federal Contract Tower,6,15,10,0,31,0,0,8,0,8,6,15,18,0,39,6,0,6,45
10/03/2016,LBE,PA,AEA,CE,Federal Contract Tower,6,17,23,0,46,0,0,35,0,35,6,17,58,0,81,42,0,42,123
10/04/2016,LBE,PA,AEA,CE,Federal Contract Tower,0,62,40,1,103,0,1,43,4,48,0,63,83,5,151,32,4,36,187
10/05/2016,LBE,PA,AEA,CE,Federal Contract Tower,2,11,10,0,23,0,0,49,3,52,2,11,59,3,75,26,2,28,103
10/06/2016,LBE,PA,AEA,CE,Federal Contract Tower,0,11,18,4,33,0,0,47,2,49,0,11,65,6,82,62,0,62,144
10/07/2016,LBE,PA,AEA,CE,Federal Contract Tower,1,11,6,0,18,0,0,45,0,45,1,11,51,0,63,50,0,50,113
10/08/2016,LBE,PA,AEA,CE,Federal Contract Tower,7,7,9,2,25,0,0,3,0,3,7,7,12,2,28,0,0,0,28
10/09/2016,LBE,PA,AEA,CE,Federal Contract Tower,4,9,7,0,20,0,0,29,0,29,4,9,36,0,49,48,0,48,97
10/10/2016,LBE,PA,AEA,CE,Federal Contract Tower,6,11,11,0,28,0,0,30,0,30,6,11,41,0,58,12,0,12,70
10/11/2016,LBE,PA,AEA,CE,Federal Contract Tower,0,13,11,0,24,0,0,27,0,27,0,13,38,0,51,18,0,18,69
10/12/2016,LBE,PA,AEA,CE,Federal Contract Tower,0,11,9,2,22,0,2,32,6,40,0,13,41,8,62,40,6,46,108
10/13/2016,LBE,PA,AEA,CE,Federal Contract Tower,6,23,13,0,42,0,0,5,0,5,6,23,18,0,47,0,0,0,47
10/14/2016,LBE,PA,AEA,CE,Federal Contract Tower,8,15,8,0,31,0,4,11,2,17,8,19,19,2,48,10,0,10,58
10/15/2016,LBE,PA,AEA,CE,Federal Contract Tower,6,6,17,0,29,0,0,99,0,99,6,6,116,0,128,2,0,2,130
10/16/2016,LBE,PA,AEA,CE,Federal Contract Tower,8,16,15,0,39,0,0,44,0,44,8,16,59,0,83,28,0,28,111
10/17/2016,LBE,PA,AEA,CE,Federal Contract Tower,6,10,8,2,26,0,1,19,5,25,6,11,27,7,51,2,0,2,53
10/18/2016,LBE,PA,AEA,CE,Federal Contract Tower,0,6,9,0,15,0,2,11,2,15,0,8,20,2,30,14,0,14,44
10/19/2016,LBE,PA,AEA,CE,Federal Contract Tower,0,15,17,2,34,0,0,31,2,33,0,15,48,4,67,24,0,24,91
10/20/2016,LBE,PA,AEA,CE,Federal Contract Tower,6,13,19,4,42,0,0,12,0,12,6,13,31,4,54,18,0,18,72
10/21/2016,LBE,PA,AEA,CE,Federal Contract Tower,6,9,8,2,25,0,0,2,0,2,6,9,10,2,27,0,0,0,27
10/22/2016,LBE,PA,AEA,CE,Federal Contract Tower,6,8,3,0,17,0,0,0,0,0,6,8,3,0,17,0,0,0,17
10/23/2016,LBE,PA,AEA,CE,Federal Contract Tower,6,7,17,0,30,0,0,25,0,25,6,7,42,0,55,54,0,54,109
10/24/2016,LBE,PA,AEA,CE,Federal Contract Tower,6,11,18,2,37,0,0,0,0,0,6,11,18,2,37,8,0,8,45
10/25/2016,LBE,PA,AEA,CE,Federal Contract Tower,0,17,16,0,33,0,0,48,1,49,0,17,64,1,82,26,0,26,108
10/26/2016,LBE,PA,AEA,CE,Federal Contract Tower,0,9,10,0,19,0,0,23,6,29,0,9,33,6,48,10,12,22,70
10/27/2016,LBE,PA,AEA,CE,Federal Contract Tower,6,19,12,0,37,0,0,0,2,2,6,19,12,2,39,0,0,0,39
10/28/2016,LBE,PA,AEA,CE,Federal Contract Tower,6,10,14,1,31,0,0,19,8,27,6,10,33,9,58,0,22,22,80
10/29/2016,LBE,PA,AEA,CE,Federal Contract Tower,8,6,15,0,29,0,2,10,6,18,8,8,25,6,47,4,4,8,55
10/30/2016,LBE,PA,AEA,CE,Federal Contract Tower,6,16,9,1,32,0,0,10,2,12,6,16,19,3,44,10,0,10,54
10/31/2016,LBE,PA,AEA,CE,Federal Contract Tower,6,20,7,0,33,0,0,21,0,21,6,20,28,0,54,22,0,22,76
11/01/2016,LBE,PA,AEA,CE,Federal Contract Tower,2,18,7,0,27,0,0,37,0,37,2,18,44,0,64,46,0,46,110
11/02/2016,LBE,PA,AEA,CE,Federal Contract Tower,0,14,10,0,24,0,2,45,0,47,0,16,55,0,71,32,0,32,103
11/03/2016,LBE,PA,AEA,CE,Federal Contract Tower,6,18,10,6,40,0,0,1,0,1,6,18,11,6,41,0,0,0,41
11/04/2016,LBE,PA,AEA,CE,Federal Contract Tower,6,14,18,2,40,0,0,24,1,25,6,14,42,3,65,20,0,20,85
11/05/2016,LBE,PA,AEA,CE,Federal Contract Tower,6,5,3,0,14,0,0,47,0,47,6,5,50,0,61,24,0,24,85
11/06/2016,LBE,PA,AEA,CE,Federal Contract Tower,6,17,14,0,37,0,0,58,0,58,6,17,72,0,95,32,0,32,127
11/07/2016,LBE,PA,AEA,CE,Federal Contract Tower,7,6,5,0,18,0,0,23,0,23,7,6,28,0,41,14,0,14,55
11/08/2016,LBE,PA,AEA,CE,Federal Contract Tower,0,11,3,0,14,0,0,25,12,37,0,11,28,12,51,52,0,52,103
11/09/2016,LBE,PA,AEA,CE,Federal Contract Tower,0,13,4,0,17,0,0,0,0,0,0,13,4,0,17,0,0,0,17
11/10/2016,LBE,PA,AEA,CE,Federal Contract Tower,4,22,12,0,38,0,0,18,4,22,4,22,30,4,60,28,4,32,92
11/11/2016,LBE,PA,AEA,CE,Federal Contract Tower,8,6,10,0,24,0,0,14,0,14,8,6,24,0,38,22,0,22,60
11/12/2016,LBE,PA,AEA,CE,Federal Contract Tower,6,5,1,0,12,0,0,25,0,25,6,5,26,0,37,6,0,6,43
11/13/2016,LBE,PA,AEA,CE,Federal Contract Tower,7,5,8,0,20,0,2,62,2,66,7,7,70,2,86,22,0,22,108
11/14/2016,LBE,PA,AEA,CE,Federal Contract Tower,5,8,10,1,24,0,2,33,3,38,5,10,43,4,62,48,10,58,120
11/15/2016,LBE,PA,AEA,CE,Federal Contract Tower,7,13,8,0,28,0,0,45,2,47,7,13,53,2,75,52,4,56,131
11/16/2016,LBE,PA,AEA,CE,Federal Contract Tower,5,10,6,2,23,0,0,16,0,16,5,10,22,2,39,42,0,42,81
11/17/2016,LBE,PA,AEA,CE,Federal Contract Tower,5,17,11,6,39,0,0,41,0,41,5,17,52,6,80,70,0,70,150
11/18/2016,LBE,PA,AEA,CE,Federal Contract Tower,7,10,10,0,27,0,1,40,2,43,7,11,50,2,70,88,14,102,172
11/19/2016,LBE,PA,AEA,CE,Federal Contract Tower,5,0,3,0,8,0,0,3,0,3,5,0,6,0,11,16,0,16,27
11/20/2016,LBE,PA,AEA,CE,Federal Contract Tower,5,6,0,0,11,0,0,0,0,0,5,6,0,0,11,0,0,0,11
11/21/2016,LBE,PA,AEA,CE,Federal Contract Tower,5,7,6,0,18,0,0,1,0,1,5,7,7,0,19,0,0,0,19
11/22/2016,LBE,PA,AEA,CE,Federal Contract Tower,5,7,8,5,25,0,0,37,0,37,5,7,45,5,62,28,8,36,98
11/23/2016,LBE,PA,AEA,CE,Federal Contract Tower,5,12,5,0,22,0,0,43,0,43,5,12,48,0,65,34,0,34,99
11/24/2016,LBE,PA,AEA,CE,Federal Contract Tower,5,2,2,0,9,0,0,2,0,2,5,2,4,0,11,0,0,0,11
11/25/2016,LBE,PA,AEA,CE,Federal Contract Tower,5,6,7,0,18,0,0,4,0,4,5,6,11,0,22,10,0,10,32
11/26/2016,LBE,PA,AEA,CE,Federal Contract Tower,5,4,6,0,15,0,0,0,0,0,5,4,6,0,15,0,0,0,15
11/27/2016,LBE,PA,AEA,CE,Federal Contract Tower,5,20,10,0,35,0,0,48,0,48,5,20,58,0,83,44,0,44,127
11/28/2016,LBE,PA,AEA,CE,Federal Contract Tower,5,8,7,1,21,0,0,5,0,5,5,8,12,1,26,0,0,0,26
11/29/2016,LBE,PA,AEA,CE,Federal Contract Tower,5,2,7,1,15,0,0,4,2,6,5,2,11,3,21,0,2,2,23
11/30/2016,LBE,PA,AEA,CE,Federal Contract Tower,5,14,3,0,22,0,0,0,0,0,5,14,3,0,22,0,0,0,22
12/01/2016,LBE,PA,AEA,CE,Federal Contract Tower,5,8,6,0,19,0,0,6,0,6,5,8,12,0,25,0,0,0,25
12/02/2016,LBE,PA,AEA,CE,Federal Contract Tower,5,9,3,0,17,0,0,2,2,4,5,9,5,2,21,14,0,14,35
12/03/2016,LBE,PA,AEA,CE,Federal Contract Tower,5,4,5,0,14,0,0,14,0,14,5,4,19,0,28,52,0,52,80
12/04/2016,LBE,PA,AEA,CE,Federal Contract Tower,5,7,5,0,17,0,0,26,0,26,5,7,31,0,43,34,0,34,77
12/05/2016,LBE,PA,AEA,CE,Federal Contract Tower,5,8,8,1,22,0,0,13,0,13,5,8,21,1,35,20,0,20,55
12/06/2016,LBE,PA,AEA,CE,Federal Contract Tower,5,16,3,0,24,0,0,2,0,2,5,16,5,0,26,0,0,0,26
12/07/2016,LBE,PA,AEA,CE,Federal Contract Tower,5,9,6,0,20,0,0,29,3,32,5,9,35,3,52,30,8,38,90
12/08/2016,LBE,PA,AEA,CE,Federal Contract Tower,5,9,14,5,33,0,0,9,13,22,5,9,23,18,55,16,0,16,71
12/09/2016,LBE,PA,AEA,CE,Federal Contract Tower,5,18,6,3,32,0,0,3,1,4,5,18,9,4,36,16,0,16,52
12/10/2016,LBE,PA,AEA,CE,Federal Contract Tower,5,10,4,0,19,0,0,13,0,13,5,10,17,0,32,28,0,28,60
12/11/2016,LBE,PA,AEA,CE,Federal Contract Tower,7,3,2,0,12,0,0,6,0,6,7,3,8,0,18,0,0,0,18
12/12/2016,LBE,PA,AEA,CE,Federal Contract Tower,4,6,6,8,24,0,1,2,2,5,4,7,8,10,29,0,6,6,35
12/13/2016,LBE,PA,AEA,CE,Federal Contract Tower,5,14,2,0,21,0,0,4,0,4,5,14,6,0,25,14,0,14,39
12/14/2016,LBE,PA,AEA,CE,Federal Contract Tower,5,11,8,1,25,0,2,12,3,17,5,13,20,4,42,0,0,0,42
12/15/2016,LBE,PA,AEA,CE,Federal Contract Tower,5,11,5,0,21,0,2,0,0,2,5,13,5,0,23,0,0,0,23
12/16/2016,LBE,PA,AEA,CE,Federal Contract Tower,7,14,11,0,32,0,0,12,0,12,7,14,23,0,44,22,0,22,66
12/17/2016,LBE,PA,AEA,CE,Federal Contract Tower,5,8,1,0,14,0,0,0,0,0,5,8,1,0,14,0,0,0,14
12/18/2016,LBE,PA,AEA,CE,Federal Contract Tower,5,13,3,0,21,0,1,0,0,1,5,14,3,0,22,0,0,0,22
12/19/2016,LBE,PA,AEA,CE,Federal Contract Tower,6,12,9,4,31,0,0,17,0,17,6,12,26,4,48,20,0,20,68
12/20/2016,LBE,PA,AEA,CE,Federal Contract Tower,6,3,5,2,16,0,0,34,4,38,6,3,39,6,54,18,0,18,72
12/21/2016,LBE,PA,AEA,CE,Federal Contract Tower,6,6,18,0,30,0,0,19,6,25,6,6,37,6,55,0,0,0,55
12/22/2016,LBE,PA,AEA,CE,Federal Contract Tower,5,5,4,0,14,0,0,14,2,16,5,5,18,2,30,22,8,30,60
12/23/2016,LBE,PA,AEA,CE,Federal Contract Tower,6,8,4,0,18,0,2,42,0,44,6,10,46,0,62,56,0,56,118
12/24/2016,LBE,PA,AEA,CE,Federal Contract Tower,5,2,0,0,7,0,0,0,0,0,5,2,0,0,7,0,0,0,7
12/25/2016,LBE,PA,AEA,CE,Federal Contract Tower,4,3,0,0,7,0,2,0,0,2,4,5,0,0,9,0,0,0,9
12/26/2016,LBE,PA,AEA,CE,Federal Contract Tower,6,27,10,0,43,0,2,5,0,7,6,29,15,0,50,0,0,0,50
12/27/2016,LBE,PA,AEA,CE,Federal Contract Tower,5,8,9,2,24,0,2,13,0,15,5,10,22,2,39,4,0,4,43
12/28/2016,LBE,PA,AEA,CE,Federal Contract Tower,5,12,9,0,26,0,2,41,2,45,5,14,50,2,71,42,0,42,113
12/29/2016,LBE,PA,AEA,CE,Federal Contract Tower,7,5,3,0,15,0,0,2,0,2,7,5,5,0,17,0,0,0,17
12/30/2016,LBE,PA,AEA,CE,Federal Contract Tower,7,6,6,0,19,0,0,3,0,3,7,6,9,0,22,0,0,0,22
12/31/2016,LBE,PA,AEA,CE,Federal Contract Tower,5,3,1,0,9,0,0,6,0,6,5,3,7,0,15,2,0,2,17
01/01/2017,LBE,PA,AEA,CE,Federal Contract Tower,6,8,9,0,23,0,0,10,0,10,6,8,19,0,33,40,40,80,113
01/02/2017,LBE,PA,AEA,CE,Federal Contract Tower,5,17,5,0,27,0,0,4,0,4,5,17,9,0,31,22,0,22,53
01/03/2017,LBE,PA,AEA,CE,Federal Contract Tower,5,11,4,0,20,0,0,0,0,0,5,11,4,0,20,0,0,0,20
01/04/2017,LBE,PA,AEA,CE,Federal Contract Tower,5,5,0,0,10,0,0,2,0,2,5,5,2,0,12,0,0,0,12
01/05/2017,LBE,PA,AEA,CE,Federal Contract Tower,6,13,9,0,28,0,0,11,4,15,6,13,20,4,43,0,26,26,69
01/06/2017,LBE,PA,AEA,CE,Federal Contract Tower,3,4,4,0,11,0,0,22,0,22,3,4,26,0,33,46,0,46,79
01/07/2017,LBE,PA,AEA,CE,Federal Contract Tower,4,6,2,0,12,0,0,5,0,5,4,6,7,0,17,0,0,0,17
01/08/2017,LBE,PA,AEA,CE,Federal Contract Tower,5,8,3,0,16,0,2,11,0,13,5,10,14,0,29,0,0,0,29
01/09/2017,LBE,PA,AEA,CE,Federal Contract Tower,6,12,7,2,27,0,0,30,4,34,6,12,37,6,61,20,12,32,93
01/10/2017,LBE,PA,AEA,CE,Federal Contract Tower,6,9,3,2,20,0,0,0,0,0,6,9,3,2,20,0,0,0,20
01/11/2017,LBE,PA,AEA,CE,Federal Contract Tower,8,3,4,0,15,0,0,24,2,26,8,3,28,2,41,48,0,48,89
01/12/2017,LBE,PA,AEA,CE,Federal Contract Tower,6,13,13,0,32,0,0,2,0,2,6,13,15,0,34,0,2,2,36
01/13/2017,LBE,PA,AEA,CE,Federal Contract Tower,5,9,4,0,18,0,0,26,0,26,5,9,30,0,44,38,0,38,82
01/14/2017,LBE,PA,AEA,CE,Federal Contract Tower,6,5,9,0,20,0,0,2,0,2,6,5,11,0,22,10,0,10,32
01/15/2017,LBE,PA,AEA,CE,Federal Contract Tower,6,2,4,0,12,0,0,34,0,34,6,2,38,0,46,18,0,18,64
01/16/2017,LBE,PA,AEA,CE,Federal Contract Tower,6,8,3,0,17,0,0,16,0,16,6,8,19,0,33,14,0,14,47
01/17/2017,LBE,PA,AEA,CE,Federal Contract Tower,6,6,5,0,17,0,0,0,0,0,6,6,5,0,17,0,0,0,17
01/18/2017,LBE,PA,AEA,CE,Federal Contract Tower,5,11,5,0,21,0,0,2,0,2,5,11,7,0,23,0,0,0,23
01/19/2017,LBE,PA,AEA,CE,Federal Contract Tower,6,9,14,0,29,0,0,16,2,18,6,9,30,2,47,28,8,36,83
01/20/2017,LBE,PA,AEA,CE,Federal Contract Tower,6,11,8,2,27,0,0,0,0,0,6,11,8,2,27,0,0,0,27
01/21/2017,LBE,PA,AEA,CE,Federal Contract Tower,6,6,4,0,16,0,1,40,8,49,6,7,44,8,65,46,4,50,115
01/22/2017,LBE,PA,AEA,CE,Federal Contract Tower,3,8,7,0,18,0,0,50,2,52,3,8,57,2,70,40,10,50,120
01/23/2017,LBE,PA,AEA,CE,Federal Contract Tower,8,11,3,0,22,0,0,0,0,0,8,11,3,0,22,0,0,0,22
01/24/2017,LBE,PA,AEA,CE,Federal Contract Tower,5,16,2,0,23,0,0,1,0,1,5,16,3,0,24,0,0,0,24
01/25/2017,LBE,PA,AEA,CE,Federal Contract Tower,6,15,3,3,27,0,1,17,7,25,6,16,20,10,52,20,8,28,80
01/26/2017,LBE,PA,AEA,CE,Federal Contract Tower,6,8,1,0,15,0,8,0,0,8,6,16,1,0,23,0,0,0,23
01/27/2017,LBE,PA,AEA,CE,Federal Contract Tower,6,12,9,0,27,0,0,0,0,0,6,12,9,0,27,0,0,0,27
01/28/2017,LBE,PA,AEA,CE,Federal Contract Tower,6,4,1,0,11,0,0,2,0,2,6,4,3,0,13,0,0,0,13
01/29/2017,LBE,PA,AEA,CE,Federal Contract Tower,6,9,0,0,15,0,0,6,0,6,6,9,6,0,21,0,0,0,21
01/30/2017,LBE,PA,AEA,CE,Federal Contract Tower,6,6,2,0,14,0,0,3,0,3,6,6,5,0,17,2,0,2,19
01/31/2017,LBE,PA,AEA,CE,Federal Contract Tower,6,9,5,2,22,0,0,0,0,0,6,9,5,2,22,0,0,0,22
02/01/2017,LBE,PA,AEA,CE,Federal Contract Tower,6,16,1,1,24,0,0,1,1,2,6,16,2,2,26,0,0,0,26
02/02/2017,LBE,PA,AEA,CE,Federal Contract Tower,5,10,11,0,26,0,0,15,4,19,5,10,26,4,45,6,10,16,61
02/03/2017,LBE,PA,AEA,CE,Federal Contract Tower,5,3,2,2,12,0,2,24,0,26,5,5,26,2,38,0,0,0,38
02/04/2017,LBE,PA,AEA,CE,Federal Contract Tower,8,1,4,0,13,0,0,40,0,40,8,1,44,0,53,24,0,24,77
02/05/2017,LBE,PA,AEA,CE,Federal Contract Tower,6,19,0,0,25,0,5,0,0,5,6,24,0,0,30,0,0,0,30
02/06/2017,LBE,PA,AEA,CE,Federal Contract Tower,6,17,3,0,26,0,1,39,3,43,6,18,42,3,69,14,0,14,83
02/07/2017,LBE,PA,AEA,CE,Federal Contract Tower,8,6,1,0,15,0,0,4,4,8,8,6,5,4,23,20,0,20,43
02/08/2017,LBE,PA,AEA,CE,Federal Contract Tower,5,11,2,0,18,0,0,4,0,4,5,11,6,0,22,10,0,10,32
02/09/2017,LBE,PA,AEA,CE,Federal Contract Tower,2,14,6,0,22,0,0,0,0,0,2,14,6,0,22,0,0,0,22
02/10/2017,LBE,PA,AEA,CE,Federal Contract Tower,9,12,8,0,29,0,0,23,8,31,9,12,31,8,60,34,0,34,94
02/11/2017,LBE,PA,AEA,CE,Federal Contract Tower,7,2,0,0,9,0,0,19,2,21,7,2,19,2,30,38,0,38,68
02/12/2017,LBE,PA,AEA,CE,Federal Contract Tower,9,9,4,0,22,0,0,0,0,0,9,9,4,0,22,0,0,0,22
02/13/2017,LBE,PA,AEA,CE,Federal Contract Tower,9,11,2,0,22,0,2,6,0,8,9,13,8,0,30,0,0,0,30
02/14/2017,LBE,PA,AEA,CE,Federal Contract Tower,6,11,2,0,19,0,0,37,2,39,6,11,39,2,58,26,0,26,84
02/15/2017,LBE,PA,AEA,CE,Federal Contract Tower,3,17,10,0,30,0,0,3,0,3,3,17,13,0,33,0,0,0,33
02/16/2017,LBE,PA,AEA,CE,Federal Contract Tower,5,8,3,0,16,0,0,3,4,7,5,8,6,4,23,0,24,24,47
02/17/2017,LBE,PA,AEA,CE,Federal Contract Tower,7,14,6,2,29,0,0,27,7,34,7,14,33,9,63,32,18,50,113
02/18/2017,LBE,PA,AEA,CE,Federal Contract Tower,8,2,6,0,16,0,0,26,0,26,8,2,32,0,42,16,0,16,58
02/19/2017,LBE,PA,AEA,CE,Federal Contract Tower,8,11,4,0,23,0,1,36,0,37,8,12,40,0,60,8,0,8,68
02/20/2017,LBE,PA,AEA,CE,Federal Contract Tower,8,12,7,0,27,0,0,52,0,52,8,12,59,0,79,48,0,48,127
02/21/2017,LBE,PA,AEA,CE,Federal Contract Tower,6,12,9,2,29,0,0,39,4,43,6,12,48,6,72,76,10,86,158
02/22/2017,LBE,PA,AEA,CE,Federal Contract Tower,8,18,5,4,35,0,2,20,1,23,8,20,25,5,58,30,0,30,88
02/23/2017,LBE,PA,AEA,CE,Federal Contract Tower,5,13,6,4,28,0,0,26,6,32,5,13,32,10,60,16,8,24,84
02/24/2017,LBE,PA,AEA,CE,Federal Contract Tower,8,12,11,4,35,0,0,28,2,30,8,12,39,6,65,28,0,28,93
02/25/2017,LBE,PA,AEA,CE,Federal Contract Tower,8,2,1,0,11,0,0,0,0,0,8,2,1,0,11,0,0,0,11
02/26/2017,LBE,PA,AEA,CE,Federal Contract Tower,8,7,2,0,17,0,0,6,0,6,8,7,8,0,23,12,0,12,35
02/27/2017,LBE,PA,AEA,CE,Federal Contract Tower,8,3,8,0,19,0,0,5,0,5,8,3,13,0,24,0,0,0,24
02/28/2017,LBE,PA,AEA,CE,Federal Contract Tower,5,18,5,2,30,0,0,16,2,18,5,18,21,4,48,20,6,26,74
03/01/2017,LBE,PA,AEA,CE,Federal Contract Tower,8,13,1,0,22,0,0,2,0,2,8,13,3,0,24,0,0,0,24
03/02/2017,LBE,PA,AEA,CE,Federal Contract Tower,6,8,8,0,22,0,2,3,0,5,6,10,11,0,27,8,0,8,35
03/03/2017,LBE,PA,AEA,CE,Federal Contract Tower,7,8,6,0,21,0,0,6,0,6,7,8,12,0,27,26,0,26,53
03/04/2017,LBE,PA,AEA,CE,Federal Contract Tower,8,9,6,0,23,0,0,25,2,27,8,9,31,2,50,8,0,8,58
03/05/2017,LBE,PA,AEA,CE,Federal Contract Tower,8,6,13,0,27,0,0,49,0,49,8,6,62,0,76,14,0,14,90
03/06/2017,LBE,PA,AEA,CE,Federal Contract Tower,7,12,7,6,32,0,0,12,0,12,7,12,19,6,44,26,0,26,70
03/07/2017,LBE,PA,AEA,CE,Federal Contract Tower,6,15,3,2,26,0,2,4,0,6,6,17,7,2,32,0,0,0,32
03/08/2017,LBE,PA,AEA,CE,Federal Contract Tower,8,11,5,0,24,0,0,6,2,8,8,11,11,2,32,0,0,0,32
03/09/2017,LBE,PA,AEA,CE,Federal Contract Tower,8,18,11,2,39,0,0,37,2,39,8,18,48,4,78,26,0,26,104
03/10/2017,LBE,PA,AEA,CE,Federal Contract Tower,9,14,2,0,25,0,0,0,0,0,9,14,2,0,25,0,0,0,25
03/11/2017,LBE,PA,AEA,CE,Federal Contract Tower,7,11,3,4,25,0,0,9,0,9,7,11,12,4,34,10,0,10,44
03/12/2017,LBE,PA,AEA,CE,Federal Contract Tower,9,6,11,0,26,0,0,20,0,20,9,6,31,0,46,0,0,0,46
03/14/2017,LBE,PA,AEA,CE,Federal Contract Tower,0,7,0,0,7,0,0,0,0,0,0,7,0,0,7,0,0,0,7
03/15/2017,LBE,PA,AEA,CE,Federal Contract Tower,2,8,5,2,17,0,0,0,0,0,2,8,5,2,17,0,0,0,17
03/16/2017,LBE,PA,AEA,CE,Federal Contract Tower,7,8,6,0,21,0,0,12,5,17,7,8,18,5,38,0,4,4,42
03/17/2017,LBE,PA,AEA,CE,Federal Contract Tower,7,11,2,0,20,0,0,9,1,10,7,11,11,1,30,6,0,6,36
03/18/2017,LBE,PA,AEA,CE,Federal Contract Tower,5,6,0,0,11,0,0,0,0,0,5,6,0,0,11,0,0,0,11
03/19/2017,LBE,PA,AEA,CE,Federal Contract Tower,7,13,5,0,25,0,0,17,0,17,7,13,22,0,42,56,0,56,98
03/20/2017,LBE,PA,AEA,CE,Federal Contract Tower,7,11,0,0,18,0,0,18,0,18,7,11,18,0,36,12,0,12,48
03/21/2017,LBE,PA,AEA,CE,Federal Contract Tower,8,7,5,2,22,0,0,33,7,40,8,7,38,9,62,36,14,50,112
03/22/2017,LBE,PA,AEA,CE,Federal Contract Tower,9,6,6,2,23,0,0,18,2,20,9,6,24,4,43,2,0,2,45
03/23/2017,LBE,PA,AEA,CE,Federal Contract Tower,8,13,8,0,29,0,0,55,2,57,8,13,63,2,86,52,0,52,138
03/24/2017,LBE,PA,AEA,CE,Federal Contract Tower,7,9,7,0,23,0,0,12,0,12,7,9,19,0,35,34,0,34,69
03/25/2017,LBE,PA,AEA,CE,Federal Contract Tower,8,6,0,0,14,0,0,43,0,43,8,6,43,0,57,30,0,30,87
03/26/2017,LBE,PA,AEA,CE,Federal Contract Tower,7,10,4,0,21,0,0,5,0,5,7,10,9,0,26,0,0,0,26
03/27/2017,LBE,PA,AEA,CE,Federal Contract Tower,8,5,5,3,21,0,0,9,1,10,8,5,14,4,31,0,0,0,31
03/28/2017,LBE,PA,AEA,CE,Federal Contract Tower,9,8,4,0,21,0,0,0,0,0,9,8,4,0,21,0,0,0,21
03/29/2017,LBE,PA,AEA,CE,Federal Contract Tower,8,15,1,0,24,0,0,44,0,44,8,15,45,0,68,54,0,54,122
03/30/2017,LBE,PA,AEA,CE,Federal Contract Tower,10,3,11,4,28,0,2,10,0,12,10,5,21,4,40,4,0,4,44
03/31/2017,LBE,PA,AEA,CE,Federal Contract Tower,11,13,2,4,30,0,0,0,0,0,11,13,2,4,30,0,0,0,30
04/01/2017,LBE,PA,AEA,CE,Federal Contract Tower,5,3,4,0,12,0,1,6,0,7,5,4,10,0,19,0,0,0,19
04/02/2017,LBE,PA,AEA,CE,Federal Contract Tower,10,6,5,0,21,0,0,81,0,81,10,6,86,0,102,88,0,88,190
04/03/2017,LBE,PA,AEA,CE,Federal Contract Tower,8,13,6,0,27,0,0,22,0,22,8,13,28,0,49,24,0,24,73
04/04/2017,LBE,PA,AEA,CE,Federal Contract Tower,8,14,8,0,30,0,1,7,2,10,8,15,15,2,40,0,0,0,40
04/05/2017,LBE,PA,AEA,CE,Federal Contract Tower,5,11,16,2,34,0,0,47,0,47,5,11,63,2,81,10,0,10,91
04/06/2017,LBE,PA,AEA,CE,Federal Contract Tower,7,14,14,0,35,0,0,0,0,0,7,14,14,0,35,0,0,0,35
04/07/2017,LBE,PA,AEA,CE,Federal Contract Tower,2,13,5,2,22,0,0,0,0,0,2,13,5,2,22,0,0,0,22
04/08/2017,LBE,PA,AEA,CE,Federal Contract Tower,6,8,4,0,18,0,0,47,0,47,6,8,51,0,65,46,0,46,111
04/09/2017,LBE,PA,AEA,CE,Federal Contract Tower,8,11,7,0,26,0,0,84,0,84,8,11,91,0,110,34,0,34,144
04/10/2017,LBE,PA,AEA,CE,Federal Contract Tower,7,13,18,0,38,0,0,19,0,19,7,13,37,0,57,4,0,4,61
04/11/2017,LBE,PA,AEA,CE,Federal Contract Tower,7,9,3,0,19,0,0,26,2,28,7,9,29,2,47,0,6,6,53
04/12/2017,LBE,PA,AEA,CE,Federal Contract Tower,7,18,10,0,35,0,0,54,0,54,7,18,64,0,89,50,0,50,139
04/13/2017,LBE,PA,AEA,CE,Federal Contract Tower,7,15,12,4,38,0,0,58,2,60,7,15,70,6,98,22,0,22,120
04/14/2017,LBE,PA,AEA,CE,Federal Contract Tower,7,16,7,0,30,0,0,57,0,57,7,16,64,0,87,60,0,60,147
04/15/2017,LBE,PA,AEA,CE,Federal Contract Tower,7,7,3,0,17,0,0,19,0,19,7,7,22,0,36,30,0,30,66
04/16/2017,LBE,PA,AEA,CE,Federal Contract Tower,7,15,1,0,23,0,0,3,0,3,7,15,4,0,26,0,0,0,26
04/17/2017,LBE,PA,AEA,CE,Federal Contract Tower,7,18,13,0,38,0,0,29,0,29,7,18,42,0,67,22,0,22,89
04/18/2017,LBE,PA,AEA,CE,Federal Contract Tower,7,17,11,0,35,0,4,64,0,68,7,21,75,0,103,36,0,36,139
04/19/2017,LBE,PA,AEA,CE,Federal Contract Tower,7,14,10,0,31,0,0,18,0,18,7,14,28,0,49,10,0,10,59
04/20/2017,LBE,PA,AEA,CE,Federal Contract Tower,7,19,4,4,34,0,0,12,0,12,7,19,16,4,46,18,0,18,64
04/21/2017,LBE,PA,AEA,CE,Federal Contract Tower,7,10,8,4,29,0,0,20,0,20,7,10,28,4,49,28,0,28,77
04/22/2017,LBE,PA,AEA,CE,Federal Contract Tower,7,8,8,0,23,0,0,13,2,15,7,8,21,2,38,54,4,58,96
04/23/2017,LBE,PA,AEA,CE,Federal Contract Tower,7,7,5,0,19,0,0,60,4,64,7,7,65,4,83,48,2,50,133
04/24/2017,LBE,PA,AEA,CE,Federal Contract Tower,9,10,5,2,26,0,2,21,0,23,9,12,26,2,49,8,0,8,57
04/25/2017,LBE,PA,AEA,CE,Federal Contract Tower,7,18,6,6,37,0,4,17,0,21,7,22,23,6,58,64,0,64,122
04/26/2017,LBE,PA,AEA,CE,Federal Contract Tower,7,9,22,0,38,0,1,38,0,39,7,10,60,0,77,34,2,36,113
04/27/2017,LBE,PA,AEA,CE,Federal Contract Tower,8,14,10,4,36,0,0,17,2,19,8,14,27,6,55,0,0,0,55
04/28/2017,LBE,PA,AEA,CE,Federal Contract Tower,6,14,10,8,38,0,0,37,2,39,6,14,47,10,77,48,0,48,125
04/29/2017,LBE,PA,AEA,CE,Federal Contract Tower,4,6,3,0,13,0,0,8,0,8,4,6,11,0,21,16,0,16,37
04/30/2017,LBE,PA,AEA,CE,Federal Contract Tower,6,12,4,0,22,0,1,29,0,30,6,13,33,0,52,24,0,24,76
05/01/2017,LBE,PA,AEA,CE,Federal Contract Tower,8,10,9,0,27,0,0,2,0,2,8,10,11,0,29,0,0,0,29
05/02/2017,LBE,PA,AEA,CE,Federal Contract Tower,6,15,17,0,38,0,0,2,0,2,6,15,19,0,40,0,0,0,40
05/03/2017,LBE,PA,AEA,CE,Federal Contract Tower,4,9,13,4,30,0,0,31,0,31,4,9,44,4,61,30,0,30,91
05/04/2017,LBE,PA,AEA,CE,Federal Contract Tower,6,18,11,3,38,0,0,9,3,12,6,18,20,6,50,0,0,0,50
05/05/2017,LBE,PA,AEA,CE,Federal Contract Tower,4,9,6,4,23,0,0,3,0,3,4,9,9,4,26,4,0,4,30
05/06/2017,LBE,PA,AEA,CE,Federal Contract Tower,3,8,5,0,16,0,0,0,0,0,3,8,5,0,16,0,0,0,16
05/07/2017,LBE,PA,AEA,CE,Federal Contract Tower,3,9,11,0,23,0,0,20,0,20,3,9,31,0,43,12,0,12,55
05/08/2017,LBE,PA,AEA,CE,Federal Contract Tower,5,15,2,0,22,0,0,37,0,37,5,15,39,0,59,26,0,26,85
05/09/2017,LBE,PA,AEA,CE,Federal Contract Tower,6,8,20,0,34,0,0,62,2,64,6,8,82,2,98,50,0,50,148
05/10/2017,LBE,PA,AEA,CE,Federal Contract Tower,4,8,11,2,25,0,0,53,4,57,4,8,64,6,82,60,0,60,142
05/11/2017,LBE,PA,AEA,CE,Federal Contract Tower,6,12,10,2,30,0,0,0,0,0,6,12,10,2,30,0,0,0,30
05/12/2017,LBE,PA,AEA,CE,Federal Contract Tower,4,9,4,0,17,0,1,18,0,19,4,10,22,0,36,34,0,34,70
05/13/2017,LBE,PA,AEA,CE,Federal Contract Tower,4,4,11,0,19,0,0,9,0,9,4,4,20,0,28,0,0,0,28
05/14/2017,LBE,PA,AEA,CE,Federal Contract Tower,6,14,7,0,27,0,0,10,0,10,6,14,17,0,37,14,0,14,51
05/15/2017,LBE,PA,AEA,CE,Federal Contract Tower,6,4,8,0,18,0,0,51,2,53,6,4,59,2,71,58,0,58,129
05/16/2017,LBE,PA,AEA,CE,Federal Contract Tower,6,14,11,2,33,0,0,47,0,47,6,14,58,2,80,4,0,4,84
05/17/2017,LBE,PA,AEA,CE,Federal Contract Tower,4,11,11,6,32,0,6,66,0,72,4,17,77,6,104,42,0,42,146
05/18/2017,LBE,PA,AEA,CE,Federal Contract Tower,6,16,9,2,33,0,1,11,0,12,6,17,20,2,45,0,0,0,45
05/19/2017,LBE,PA,AEA,CE,Federal Contract Tower,8,20,15,4,47,0,0,27,1,28,8,20,42,5,75,46,2,48,123
05/20/2017,LBE,PA,AEA,CE,Federal Contract Tower,4,7,6,0,17,0,0,13,0,13,4,7,19,0,30,12,0,12,42
05/21/2017,LBE,PA,AEA,CE,Federal Contract Tower,6,11,6,0,23,0,0,9,0,9,6,11,15,0,32,0,0,0,32
05/22/2017,LBE,PA,AEA,CE,Federal Contract Tower,5,10,11,7,33,0,0,29,0,29,5,10,40,7,62,12,12,24,86
05/23/2017,LBE,PA,AEA,CE,Federal Contract Tower,6,2,5,4,17,0,0,54,0,54,6,2,59,4,71,58,0,58,129
05/24/2017,LBE,PA,AEA,CE,Federal Contract Tower,4,14,13,4,35,0,2,16,0,18,4,16,29,4,53,30,0,30,83
05/25/2017,LBE,PA,AEA,CE,Federal Contract Tower,6,8,5,0,19,0,0,7,2,9,6,8,12,2,28,0,0,0,28
05/26/2017,LBE,PA,AEA,CE,Federal Contract Tower,8,18,9,0,35,0,0,2,0,2,8,18,11,0,37,16,0,16,53
05/27/2017,LBE,PA,AEA,CE,Federal Contract Tower,4,2,4,0,10,0,0,9,0,9,4,2,13,0,19,16,0,16,35
05/28/2017,LBE,PA,AEA,CE,Federal Contract Tower,6,7,6,0,19,0,0,21,0,21,6,7,27,0,40,44,0,44,84
05/29/2017,LBE,PA,AEA,CE,Federal Contract Tower,8,7,5,0,20,0,0,27,0,27,8,7,32,0,47,16,0,16,63
05/30/2017,LBE,PA,AEA,CE,Federal Contract Tower,6,26,11,0,43,0,0,18,4,22,6,26,29,4,65,16,4,20,85
05/31/2017,LBE,PA,AEA,CE,Federal Contract Tower,3,14,10,0,27,0,0,27,0,27,3,14,37,0,54,36,0,36,90
06/01/2017,LBE,PA,AEA,CE,Federal Contract Tower,6,16,19,2,43,0,0,73,2,75,6,16,92,4,118,46,8,54,172
06/02/2017,LBE,PA,AEA,CE,Federal Contract Tower,6,17,7,0,30,0,4,21,0,25,6,21,28,0,55,28,0,28,83
06/03/2017,LBE,PA,AEA,CE,Federal Contract Tower,4,9,13,0,26,0,0,72,0,72,4,9,85,0,98,6,0,6,104
06/04/2017,LBE,PA,AEA,CE,Federal Contract Tower,4,10,11,0,25,0,0,26,0,26,4,10,37,0,51,62,0,62,113
06/05/2017,LBE,PA,AEA,CE,Federal Contract Tower,5,16,4,4,29,0,0,8,1,9,5,16,12,5,38,4,6,10,48
06/06/2017,LBE,PA,AEA,CE,Federal Contract Tower,5,12,10,0,27,0,0,10,2,12,5,12,20,2,39,16,0,16,55
06/07/2017,LBE,PA,AEA,CE,Federal Contract Tower,4,12,19,0,35,0,0,8,0,8,4,12,27,0,43,8,0,8,51
06/08/2017,LBE,PA,AEA,CE,Federal Contract Tower,7,16,18,10,51,0,0,62,10,72,7,16,80,20,123,28,0,28,151
06/09/2017,LBE,PA,AEA,CE,Federal Contract Tower,6,13,15,0,34,0,0,47,0,47,6,13,62,0,81,36,0,36,117
06/10/2017,LBE,PA,AEA,CE,Federal Contract Tower,5,15,4,0,24,0,0,34,0,34,5,15,38,0,58,34,0,34,92
06/11/2017,LBE,PA,AEA,CE,Federal Contract Tower,6,14,9,0,29,0,0,47,0,47,6,14,56,0,76,24,0,24,100
06/12/2017,LBE,PA,AEA,CE,Federal Contract Tower,6,14,12,0,32,0,0,43,1,44,6,14,55,1,76,22,0,22,98
06/13/2017,LBE,PA,AEA,CE,Federal Contract Tower,6,11,7,1,25,0,0,37,0,37,6,11,44,1,62,0,0,0,62
06/14/2017,LBE,PA,AEA,CE,Federal Contract Tower,6,8,18,1,33,0,0,8,0,8,6,8,26,1,41,34,0,34,75
06/15/2017,LBE,PA,AEA,CE,Federal Contract Tower,5,14,19,0,38,0,1,22,0,23,5,15,41,0,61,44,0,44,105
06/16/2017,LBE,PA,AEA,CE,Federal Contract Tower,6,8,12,0,26,0,0,17,0,17,6,8,29,0,43,32,0,32,75
06/17/2017,LBE,PA,AEA,CE,Federal Contract Tower,5,11,4,0,20,0,0,41,0,41,5,11,45,0,61,20,0,20,81
06/18/2017,LBE,PA,AEA,CE,Federal Contract Tower,7,9,6,0,22,0,0,19,0,19,7,9,25,0,41,0,0,0,41
06/19/2017,LBE,PA,AEA,CE,Federal Contract Tower,6,11,9,0,26,0,0,14,0,14,6,11,23,0,40,40,0,40,80
06/20/2017,LBE,PA,AEA,CE,Federal Contract Tower,6,22,14,0,42,0,2,43,0,45,6,24,57,0,87,108,0,108,195
06/21/2017,LBE,PA,AEA,CE,Federal Contract Tower,6,25,10,7,48,0,0,51,0,51,6,25,61,7,99,60,0,60,159
06/22/2017,LBE,PA,AEA,CE,Federal Contract Tower,6,15,11,4,36,0,0,30,3,33,6,15,41,7,69,0,0,0,69
06/23/2017,LBE,PA,AEA,CE,Federal Contract Tower,6,12,6,14,38,0,0,0,0,0,6,12,6,14,38,0,0,0,38
06/24/2017,LBE,PA,AEA,CE,Federal Contract Tower,6,5,3,4,18,0,0,34,0,34,6,5,37,4,52,2,0,2,54
06/25/2017,LBE,PA,AEA,CE,Federal Contract Tower,6,7,3,6,22,0,2,40,9,51,6,9,43,15,73,8,10,18,91
06/26/2017,LBE,PA,AEA,CE,Federal Contract Tower,6,11,7,5,29,0,0,18,7,25,6,11,25,12,54,0,0,0,54
06/27/2017,LBE,PA,AEA,CE,Federal Contract Tower,5,11,11,0,27,0,0,28,1,29,5,11,39,1,56,42,0,42,98
06/28/2017,LBE,PA,AEA,CE,Federal Contract Tower,6,15,11,0,32,0,0,74,0,74,6,15,85,0,106,70,0,70,176
06/29/2017,LBE,PA,AEA,CE,Federal Contract Tower,6,19,16,1,42,0,0,30,1,31,6,19,46,2,73,28,0,28,101
06/30/2017,LBE,PA,AEA,CE,Federal Contract Tower,5,15,6,2,28,0,0,16,0,16,5,15,22,2,44,6,0,6,50
07/01/2017,LBE,PA,AEA,CE,Federal Contract Tower,5,14,10,0,29,0,0,17,1,18,5,14,27,1,47,16,0,16,63
07/02/2017,LBE,PA,AEA,CE,Federal Contract Tower,6,5,8,0,19,0,0,51,0,51,6,5,59,0,70,16,0,16,86
07/03/2017,LBE,PA,AEA,CE,Federal Contract Tower,6,4,5,0,15,0,0,39,0,39,6,4,44,0,54,8,0,8,62
07/04/2017,LBE,PA,AEA,CE,Federal Contract Tower,5,3,2,0,10,0,0,24,0,24,5,3,26,0,34,44,0,44,78
07/05/2017,LBE,PA,AEA,CE,Federal Contract Tower,6,15,9,4,34,0,0,28,0,28,6,15,37,4,62,32,0,32,94
07/06/2017,LBE,PA,AEA,CE,Federal Contract Tower,6,20,2,4,32,0,0,12,0,12,6,20,14,4,44,16,0,16,60
07/07/2017,LBE,PA,AEA,CE,Federal Contract Tower,6,10,7,0,23,0,0,10,0,10,6,10,17,0,33,4,0,4,37
07/08/2017,LBE,PA,AEA,CE,Federal Contract Tower,6,12,4,0,22,0,1,5,0,6,6,13,9,0,28,0,0,0,28
07/09/2017,LBE,PA,AEA,CE,Federal Contract Tower,6,10,16,0,32,0,0,57,0,57,6,10,73,0,89,36,0,36,125
07/10/2017,LBE,PA,AEA,CE,Federal Contract Tower,5,16,5,4,30,0,0,34,0,34,5,16,39,4,64,18,0,18,82
07/11/2017,LBE,PA,AEA,CE,Federal Contract Tower,6,17,10,0,33,0,0,29,4,33,6,17,39,4,66,18,0,18,84
07/12/2017,LBE,PA,AEA,CE,Federal Contract Tower,6,5,11,0,22,0,0,23,0,23,6,5,34,0,45,20,0,20,65
07/13/2017,LBE,PA,AEA,CE,Federal Contract Tower,5,12,10,0,27,0,0,10,0,10,5,12,20,0,37,10,0,10,47
07/14/2017,LBE,PA,AEA,CE,Federal Contract Tower,6,10,15,0,31,0,1,3,0,4,6,11,18,0,35,16,0,16,51
07/15/2017,LBE,PA,AEA,CE,Federal Contract Tower,5,6,13,0,24,0,0,42,0,42,5,6,55,0,66,20,0,20,86
07/16/2017,LBE,PA,AEA,CE,Federal Contract Tower,6,10,8,0,24,0,0,57,0,57,6,10,65,0,81,46,0,46,127
07/17/2017,LBE,PA,AEA,CE,Federal Contract Tower,5,9,24,0,38,0,1,35,2,38,5,10,59,2,76,12,0,12,88
07/18/2017,LBE,PA,AEA,CE,Federal Contract Tower,5,18,12,4,39,0,0,52,0,52,5,18,64,4,91,38,2,40,131
07/19/2017,LBE,PA,AEA,CE,Federal Contract Tower,5,11,10,2,28,0,0,51,0,51,5,11,61,2,79,48,10,58,137
07/20/2017,LBE,PA,AEA,CE,Federal Contract Tower,5,10,18,0,33,0,0,21,1,22,5,10,39,1,55,0,0,0,55
07/21/2017,LBE,PA,AEA,CE,Federal Contract Tower,6,13,17,0,36,0,1,34,1,36,6,14,51,1,72,38,0,38,110
07/22/2017,LBE,PA,AEA,CE,Federal Contract Tower,6,11,8,0,25,0,0,2,0,2,6,11,10,0,27,0,0,0,27
07/23/2017,LBE,PA,AEA,CE,Federal Contract Tower,6,15,11,2,34,0,0,3,0,3,6,15,14,2,37,0,0,0,37
07/24/2017,LBE,PA,AEA,CE,Federal Contract Tower,6,18,5,1,30,0,0,19,0,19,6,18,24,1,49,18,0,18,67
07/25/2017,LBE,PA,AEA,CE,Federal Contract Tower,6,28,16,0,50,0,0,31,0,31,6,28,47,0,81,52,0,52,133
07/26/2017,LBE,PA,AEA,CE,Federal Contract Tower,6,16,14,2,38,0,0,32,0,32,6,16,46,2,70,50,0,50,120
07/27/2017,LBE,PA,AEA,CE,Federal Contract Tower,5,25,14,4,48,0,0,35,2,37,5,25,49,6,85,36,0,36,121
07/28/2017,LBE,PA,AEA,CE,Federal Contract Tower,6,10,3,0,19,0,0,4,0,4,6,10,7,0,23,36,0,36,59
07/29/2017,LBE,PA,AEA,CE,Federal Contract Tower,6,5,5,0,16,0,0,41,0,41,6,5,46,0,57,62,0,62,119
07/30/2017,LBE,PA,AEA,CE,Federal Contract Tower,6,17,9,0,32,0,0,71,0,71,6,17,80,0,103,50,0,50,153
07/31/2017,LBE,PA,AEA,CE,Federal Contract Tower,6,21,16,0,43,0,0,48,0,48,6,21,64,0,91,84,0,84,175
08/01/2017,LBE,PA,AEA,CE,Federal Contract Tower,6,11,12,3,32,0,0,58,0,58,6,11,70,3,90,74,10,84,174
08/02/2017,LBE,PA,AEA,CE,Federal Contract Tower,7,16,14,2,39,0,0,47,2,49,7,16,61,4,88,82,0,82,170
08/03/2017,LBE,PA,AEA,CE,Federal Contract Tower,5,35,18,2,60,0,0,72,2,74,5,35,90,4,134,50,0,50,184
08/04/2017,LBE,PA,AEA,CE,Federal Contract Tower,5,7,13,0,25,0,0,25,2,27,5,7,38,2,52,32,0,32,84
08/05/2017,LBE,PA,AEA,CE,Federal Contract Tower,4,8,13,0,25,0,0,30,0,30,4,8,43,0,55,4,0,4,59
08/06/2017,LBE,PA,AEA,CE,Federal Contract Tower,7,12,6,0,25,0,2,47,0,49,7,14,53,0,74,24,0,24,98
08/07/2017,LBE,PA,AEA,CE,Federal Contract Tower,6,13,8,0,27,0,0,4,0,4,6,13,12,0,31,0,0,0,31
08/08/2017,LBE,PA,AEA,CE,Federal Contract Tower,5,15,17,2,39,0,0,46,3,49,5,15,63,5,88,28,0,28,116
08/09/2017,LBE,PA,AEA,CE,Federal Contract Tower,6,31,20,2,59,0,0,63,1,64,6,31,83,3,123,18,4,22,145
08/10/2017,LBE,PA,AEA,CE,Federal Contract Tower,6,17,15,0,38,0,0,51,2,53,6,17,66,2,91,56,0,56,147
08/11/2017,LBE,PA,AEA,CE,Federal Contract Tower,8,17,5,2,32,0,0,25,0,25,8,17,30,2,57,16,0,16,73
08/12/2017,LBE,PA,AEA,CE,Federal Contract Tower,6,6,5,2,19,0,0,16,0,16,6,6,21,2,35,38,0,38,73
08/13/2017,LBE,PA,AEA,CE,Federal Contract Tower,8,22,24,2,56,0,0,39,0,39,8,22,63,2,95,18,0,18,113
08/14/2017,LBE,PA,AEA,CE,Federal Contract Tower,6,16,7,2,31,0,0,29,0,29,6,16,36,2,60,14,0,14,74
08/15/2017,LBE,PA,AEA,CE,Federal Contract Tower,6,20,16,2,44,0,0,44,4,48,6,20,60,6,92,46,0,46,138
08/16/2017,LBE,PA,AEA,CE,Federal Contract Tower,7,12,25,5,49,0,0,71,8,79,7,12,96,13,128,26,0,26,154
08/17/2017,LBE,PA,AEA,CE,Federal Contract Tower,5,19,18,0,42,0,8,32,0,40,5,27,50,0,82,4,0,4,86
08/18/2017,LBE,PA,AEA,CE,Federal Contract Tower,6,14,9,0,29,0,0,12,0,12,6,14,21,0,41,4,0,4,45
08/19/2017,LBE,PA,AEA,CE,Federal Contract Tower,8,7,1,0,16,0,0,24,0,24,8,7,25,0,40,12,0,12,52
08/20/2017,LBE,PA,AEA,CE,Federal Contract Tower,8,12,11,0,31,0,2,39,2,43,8,14,50,2,74,4,4,8,82
08/21/2017,LBE,PA,AEA,CE,Federal Contract Tower,6,8,16,2,32,0,5,43,2,50,6,13,59,4,82,34,0,34,116
08/22/2017,LBE,PA,AEA,CE,Federal Contract Tower,6,5,8,2,21,0,0,18,2,20,6,5,26,4,41,12,10,22,63
08/23/2017,LBE,PA,AEA,CE,Federal Contract Tower,6,17,14,0,37,0,6,39,0,45,6,23,53,0,82,24,0,24,106
08/24/2017,LBE,PA,AEA,CE,Federal Contract Tower,5,12,13,3,33,0,3,43,3,49,5,15,56,6,82,44,0,44,126
08/25/2017,LBE,PA,AEA,CE,Federal Contract Tower,7,5,7,0,19,0,3,36,0,39,7,8,43,0,58,46,0,46,104
08/26/2017,LBE,PA,AEA,CE,Federal Contract Tower,6,16,13,0,35,0,0,35,2,37,6,16,48,2,72,30,0,30,102
08/27/2017,LBE,PA,AEA,CE,Federal Contract Tower,5,10,12,0,27,0,0,44,0,44,5,10,56,0,71,0,0,0,71
08/28/2017,LBE,PA,AEA,CE,Federal Contract Tower,6,15,7,1,29,0,2,28,3,33,6,17,35,4,62,4,0,4,66
08/29/2017,LBE,PA,AEA,CE,Federal Contract Tower,6,15,1,19,41,0,4,37,0,41,6,19,38,19,82,64,0,64,146
08/30/2017,LBE,PA,AEA,CE,Federal Contract Tower,6,20,8,3,37,0,1,31,2,34,6,21,39,5,71,10,0,10,81
08/31/2017,LBE,PA,AEA,CE,Federal Contract Tower,5,17,15,0,37,0,3,22,0,25,5,20,37,0,62,26,0,26,88
09/01/2017,LBE,PA,AEA,CE,Federal Contract Tower,6,17,28,0,51,0,4,12,0,16,6,21,40,0,67,22,0,22,89
09/02/2017,LBE,PA,AEA,CE,Federal Contract Tower,6,9,3,0,18,0,0,3,0,3,6,9,6,0,21,0,0,0,21
09/03/2017,LBE,PA,AEA,CE,Federal Contract Tower,6,13,10,0,29,0,0,9,0,9,6,13,19,0,38,6,0,6,44
09/04/2017,LBE,PA,AEA,CE,Federal Contract Tower,6,15,14,0,35,0,3,54,0,57,6,18,68,0,92,46,0,46,138
09/05/2017,LBE,PA,AEA,CE,Federal Contract Tower,6,10,12,0,28,0,0,6,0,6,6,10,18,0,34,2,2,4,38
09/06/2017,LBE,PA,AEA,CE,Federal Contract Tower,5,23,13,0,41,0,0,18,0,18,5,23,31,0,59,10,0,10,69
09/07/2017,LBE,PA,AEA,CE,Federal Contract Tower,4,23,12,0,39,0,1,15,2,18,4,24,27,2,57,6,0,6,63
09/08/2017,LBE,PA,AEA,CE,Federal Contract Tower,6,24,31,1,62,0,11,9,0,20,6,35,40,1,82,6,0,6,88
09/09/2017,LBE,PA,AEA,CE,Federal Contract Tower,2,8,21,0,31,0,0,52,0,52,2,8,73,0,83,78,0,78,161
09/10/2017,LBE,PA,AEA,CE,Federal Contract Tower,2,18,9,4,33,0,0,54,2,56,2,18,63,6,89,14,14,28,117
09/11/2017,LBE,PA,AEA,CE,Federal Contract Tower,0,10,16,8,34,0,1,36,10,47,0,11,52,18,81,28,18,46,127
09/12/2017,LBE,PA,AEA,CE,Federal Contract Tower,0,3,0,0,3,0,0,5,0,5,0,3,5,0,8,0,0,0,8
09/13/2017,LBE,PA,AEA,CE,Federal Contract Tower,0,0,0,0,0,0,0,5,0,5,0,0,5,0,5,0,0,0,5
09/14/2017,LBE,PA,AEA,CE,Federal Contract Tower,0,0,0,2,2,0,0,0,0,0,0,0,0,2,2,0,0,0,2
09/15/2017,LBE,PA,AEA,CE,Federal Contract Tower,0,0,0,0,0,0,0,2,0,2,0,0,2,0,2,0,0,0,2
09/16/2017,LBE,PA,AEA,CE,Federal Contract Tower,0,0,0,0,0,0,0,2,0,2,0,0,2,0,2,0,0,0,2
09/17/2017,LBE,PA,AEA,CE,Federal Contract Tower,0,0,0,0,0,0,0,0,0,0,0,0,0,0,0,0,0,0,0
09/18/2017,LBE,PA,AEA,CE,Federal Contract Tower,0,0,0,0,0,0,0,1,0,1,0,0,1,0,1,0,0,0,1
09/19/2017,LBE,PA,AEA,CE,Federal Contract Tower,0,0,0,0,0,0,1,2,0,3,0,1,2,0,3,0,0,0,3
09/20/2017,LBE,PA,AEA,CE,Federal Contract Tower,0,11,2,0,13,0,8,23,0,31,0,19,25,0,44,0,0,0,44
09/21/2017,LBE,PA,AEA,CE,Federal Contract Tower,6,18,17,0,41,0,0,46,4,50,6,18,63,4,91,26,0,26,117
09/22/2017,LBE,PA,AEA,CE,Federal Contract Tower,6,19,14,2,41,0,0,37,3,40,6,19,51,5,81,4,6,10,91
09/23/2017,LBE,PA,AEA,CE,Federal Contract Tower,6,8,5,1,20,0,0,50,1,51,6,8,55,2,71,18,0,18,89
09/24/2017,LBE,PA,AEA,CE,Federal Contract Tower,6,16,13,0,35,0,0,52,0,52,6,16,65,0,87,40,0,40,127
09/25/2017,LBE,PA,AEA,CE,Federal Contract Tower,6,13,1,2,22,0,0,18,0,18,6,13,19,2,40,42,0,42,82
09/26/2017,LBE,PA,AEA,CE,Federal Contract Tower,2,12,11,2,27,0,0,35,2,37,2,12,46,4,64,52,0,52,116
09/27/2017,LBE,PA,AEA,CE,Federal Contract Tower,2,19,19,4,44,0,0,46,0,46,2,19,65,4,90,12,0,12,102
09/28/2017,LBE,PA,AEA,CE,Federal Contract Tower,6,19,21,0,46,0,0,22,0,22,6,19,43,0,68,6,0,6,74
09/29/2017,LBE,PA,AEA,CE,Federal Contract Tower,8,12,10,0,30,0,1,37,0,38,8,13,47,0,68,12,0,12,80
09/30/2017,LBE,PA,AEA,CE,Federal Contract Tower,6,7,13,0,26,0,1,38,0,39,6,8,51,0,65,24,0,24,89
10/01/2017,LBE,PA,AEA,CE,Federal Contract Tower,8,16,15,0,39,0,4,52,0,56,8,20,67,0,95,64,0,64,159
10/02/2017,LBE,PA,AEA,CE,Federal Contract Tower,6,11,13,1,31,0,1,41,2,44,6,12,54,3,75,26,0,26,101
10/03/2017,LBE,PA,AEA,CE,Federal Contract Tower,4,17,15,2,38,0,0,36,1,37,4,17,51,3,75,48,0,48,123
10/04/2017,LBE,PA,AEA,CE,Federal Contract Tower,2,10,12,0,24,0,0,31,0,31,2,10,43,0,55,0,0,0,55
10/05/2017,LBE,PA,AEA,CE,Federal Contract Tower,6,14,21,2,43,0,0,12,1,13,6,14,33,3,56,0,0,0,56
10/06/2017,LBE,PA,AEA,CE,Federal Contract Tower,6,22,13,0,41,0,4,9,0,13,6,26,22,0,54,4,0,4,58
10/07/2017,LBE,PA,AEA,CE,Federal Contract Tower,6,7,15,0,28,0,0,26,0,26,6,7,41,0,54,6,0,6,60
10/08/2017,LBE,PA,AEA,CE,Federal Contract Tower,6,13,7,0,26,0,0,2,0,2,6,13,9,0,28,6,0,6,34
10/09/2017,LBE,PA,AEA,CE,Federal Contract Tower,6,20,8,0,34,0,0,0,0,0,6,20,8,0,34,0,0,0,34
10/10/2017,LBE,PA,AEA,CE,Federal Contract Tower,2,20,8,2,32,0,0,57,3,60,2,20,65,5,92,18,0,18,110
10/11/2017,LBE,PA,AEA,CE,Federal Contract Tower,2,20,6,0,28,0,0,0,0,0,2,20,6,0,28,0,0,0,28
10/12/2017,LBE,PA,AEA,CE,Federal Contract Tower,6,27,5,0,38,0,0,2,0,2,6,27,7,0,40,12,0,12,52
10/13/2017,LBE,PA,AEA,CE,Federal Contract Tower,6,16,12,0,34,0,3,17,0,20,6,19,29,0,54,18,0,18,72
10/14/2017,LBE,PA,AEA,CE,Federal Contract Tower,6,5,7,0,18,0,2,48,1,51,6,7,55,1,69,16,0,16,85
10/15/2017,LBE,PA,AEA,CE,Federal Contract Tower,6,15,9,0,30,0,0,4,0,4,6,15,13,0,34,2,0,2,36
10/16/2017,LBE,PA,AEA,CE,Federal Contract Tower,8,11,11,4,34,0,0,13,8,21,8,11,24,12,55,2,0,2,57
10/17/2017,LBE,PA,AEA,CE,Federal Contract Tower,2,11,9,0,22,0,0,44,0,44,2,11,53,0,66,36,0,36,102
10/18/2017,LBE,PA,AEA,CE,Federal Contract Tower,2,10,15,7,34,0,0,21,0,21,2,10,36,7,55,28,0,28,83
10/19/2017,LBE,PA,AEA,CE,Federal Contract Tower,7,20,10,0,37,0,0,49,2,51,7,20,59,2,88,24,0,24,112
10/20/2017,LBE,PA,AEA,CE,Federal Contract Tower,7,10,6,0,23,0,1,37,0,38,7,11,43,0,61,10,0,10,71
10/21/2017,LBE,PA,AEA,CE,Federal Contract Tower,6,11,8,0,25,0,0,65,0,65,6,11,73,0,90,10,0,10,100
10/22/2017,LBE,PA,AEA,CE,Federal Contract Tower,8,18,15,0,41,0,0,87,0,87,8,18,102,0,128,12,0,12,140
10/23/2017,LBE,PA,AEA,CE,Federal Contract Tower,6,16,9,0,31,0,0,0,0,0,6,16,9,0,31,0,0,0,31
10/24/2017,LBE,PA,AEA,CE,Federal Contract Tower,1,18,14,2,35,0,0,9,0,9,1,18,23,2,44,0,6,6,50
10/25/2017,LBE,PA,AEA,CE,Federal Contract Tower,2,18,8,0,28,0,0,6,0,6,2,18,14,0,34,10,0,10,44
10/26/2017,LBE,PA,AEA,CE,Federal Contract Tower,6,16,12,4,38,0,2,37,1,40,6,18,49,5,78,84,0,84,162
10/27/2017,LBE,PA,AEA,CE,Federal Contract Tower,6,11,10,3,30,0,4,17,1,22,6,15,27,4,52,6,0,6,58
10/28/2017,LBE,PA,AEA,CE,Federal Contract Tower,6,10,5,0,21,0,0,3,0,3,6,10,8,0,24,14,0,14,38
10/29/2017,LBE,PA,AEA,CE,Federal Contract Tower,6,14,5,0,25,0,0,0,0,0,6,14,5,0,25,0,0,0,25
10/30/2017,LBE,PA,AEA,CE,Federal Contract Tower,6,13,14,0,33,0,0,6,0,6,6,13,20,0,39,12,0,12,51
10/31/2017,LBE,PA,AEA,CE,Federal Contract Tower,2,13,11,0,26,0,0,20,0,20,2,13,31,0,46,24,0,24,70
11/01/2017,LBE,PA,AEA,CE,Federal Contract Tower,2,10,6,0,18,0,0,1,0,1,2,10,7,0,19,8,0,8,27
11/02/2017,LBE,PA,AEA,CE,Federal Contract Tower,6,18,8,1,33,0,0,13,3,16,6,18,21,4,49,26,2,28,77
11/03/2017,LBE,PA,AEA,CE,Federal Contract Tower,6,13,10,2,31,0,0,4,0,4,6,13,14,2,35,40,0,40,75
11/04/2017,LBE,PA,AEA,CE,Federal Contract Tower,6,3,8,0,17,0,2,28,0,30,6,5,36,0,47,0,0,0,47
11/05/2017,LBE,PA,AEA,CE,Federal Contract Tower,6,13,0,0,19,0,0,7,0,7,6,13,7,0,26,24,0,24,50
11/06/2017,LBE,PA,AEA,CE,Federal Contract Tower,6,9,2,0,17,0,0,0,0,0,6,9,2,0,17,0,0,0,17
11/07/2017,LBE,PA,AEA,CE,Federal Contract Tower,2,9,1,0,12,0,0,0,0,0,2,9,1,0,12,0,0,0,12
11/08/2017,LBE,PA,AEA,CE,Federal Contract Tower,3,12,4,0,19,0,0,54,1,55,3,12,58,1,74,20,0,20,94
11/09/2017,LBE,PA,AEA,CE,Federal Contract Tower,5,15,19,2,41,0,1,42,2,45,5,16,61,4,86,8,14,22,108
11/10/2017,LBE,PA,AEA,CE,Federal Contract Tower,5,9,11,0,25,0,0,12,0,12,5,9,23,0,37,0,0,0,37
11/11/2017,LBE,PA,AEA,CE,Federal Contract Tower,5,3,8,0,16,0,2,35,0,37,5,5,43,0,53,30,0,30,83
11/12/2017,LBE,PA,AEA,CE,Federal Contract Tower,5,6,13,0,24,0,0,49,0,49,5,6,62,0,73,42,0,42,115
11/13/2017,LBE,PA,AEA,CE,Federal Contract Tower,5,15,8,0,28,0,0,7,0,7,5,15,15,0,35,34,0,34,69
11/14/2017,LBE,PA,AEA,CE,Federal Contract Tower,5,19,7,4,35,0,0,33,1,34,5,19,40,5,69,62,0,62,131
11/15/2017,LBE,PA,AEA,CE,Federal Contract Tower,5,18,6,0,29,0,0,18,0,18,5,18,24,0,47,18,0,18,65
11/16/2017,LBE,PA,AEA,CE,Federal Contract Tower,5,16,4,0,25,0,0,0,0,0,5,16,4,0,25,0,0,0,25
11/17/2017,LBE,PA,AEA,CE,Federal Contract Tower,5,8,7,4,24,0,0,47,1,48,5,8,54,5,72,32,0,32,104
11/18/2017,LBE,PA,AEA,CE,Federal Contract Tower,4,11,10,0,25,0,0,0,0,0,4,11,10,0,25,0,0,0,25
11/19/2017,LBE,PA,AEA,CE,Federal Contract Tower,5,10,3,0,18,0,0,0,0,0,5,10,3,0,18,0,0,0,18
11/20/2017,LBE,PA,AEA,CE,Federal Contract Tower,5,14,7,0,26,0,2,21,2,25,5,16,28,2,51,52,0,52,103
11/21/2017,LBE,PA,AEA,CE,Federal Contract Tower,6,9,11,2,28,0,1,13,0,14,6,10,24,2,42,26,0,26,68
11/22/2017,LBE,PA,AEA,CE,Federal Contract Tower,5,11,10,0,26,0,2,11,0,13,5,13,21,0,39,22,0,22,61
11/23/2017,LBE,PA,AEA,CE,Federal Contract Tower,5,4,4,0,13,0,0,14,0,14,5,4,18,0,27,10,0,10,37
11/24/2017,LBE,PA,AEA,CE,Federal Contract Tower,4,12,7,0,23,0,0,50,0,50,4,12,57,0,73,34,0,34,107
11/25/2017,LBE,PA,AEA,CE,Federal Contract Tower,7,11,13,0,31,0,0,4,0,4,7,11,17,0,35,0,0,0,35
11/26/2017,LBE,PA,AEA,CE,Federal Contract Tower,5,18,10,0,33,0,0,19,0,19,5,18,29,0,52,24,0,24,76
11/27/2017,LBE,PA,AEA,CE,Federal Contract Tower,7,8,2,0,17,0,1,38,0,39,7,9,40,0,56,20,0,20,76
11/28/2017,LBE,PA,AEA,CE,Federal Contract Tower,1,4,5,5,15,0,0,43,0,43,1,4,48,5,58,8,0,8,66
11/29/2017,LBE,PA,AEA,CE,Federal Contract Tower,2,12,10,0,24,0,0,36,6,42,2,12,46,6,66,0,4,4,70
11/30/2017,LBE,PA,AEA,CE,Federal Contract Tower,5,16,10,0,31,0,0,18,0,18,5,16,28,0,49,12,0,12,61
12/01/2017,LBE,PA,AEA,CE,Federal Contract Tower,5,20,8,1,34,0,0,14,0,14,5,20,22,1,48,6,0,6,54
12/02/2017,LBE,PA,AEA,CE,Federal Contract Tower,5,11,8,0,24,0,0,28,0,28,5,11,36,0,52,36,0,36,88
12/03/2017,LBE,PA,AEA,CE,Federal Contract Tower,5,10,12,0,27,0,2,35,0,37,5,12,47,0,64,36,0,36,100
12/04/2017,LBE,PA,AEA,CE,Federal Contract Tower,6,10,13,2,31,0,2,37,0,39,6,12,50,2,70,18,0,18,88
12/05/2017,LBE,PA,AEA,CE,Federal Contract Tower,1,9,11,0,21,0,0,0,0,0,1,9,11,0,21,2,0,2,23
12/06/2017,LBE,PA,AEA,CE,Federal Contract Tower,1,15,15,0,31,0,0,13,2,15,1,15,28,2,46,0,4,4,50
12/07/2017,LBE,PA,AEA,CE,Federal Contract Tower,5,22,11,0,38,0,0,1,0,1,5,22,12,0,39,0,0,0,39
12/08/2017,LBE,PA,AEA,CE,Federal Contract Tower,5,16,7,1,29,0,0,22,2,24,5,16,29,3,53,22,0,22,75
12/09/2017,LBE,PA,AEA,CE,Federal Contract Tower,5,4,7,0,16,0,0,22,0,22,5,4,29,0,38,26,0,26,64
12/10/2017,LBE,PA,AEA,CE,Federal Contract Tower,4,8,4,0,16,0,0,2,0,2,4,8,6,0,18,0,0,0,18
12/11/2017,LBE,PA,AEA,CE,Federal Contract Tower,5,12,1,1,19,0,0,19,1,20,5,12,20,2,39,22,0,22,61
12/12/2017,LBE,PA,AEA,CE,Federal Contract Tower,1,19,5,0,25,0,0,0,0,0,1,19,5,0,25,0,0,0,25
12/13/2017,LBE,PA,AEA,CE,Federal Contract Tower,1,17,16,4,38,0,0,5,6,11,1,17,21,10,49,12,18,30,79
12/14/2017,LBE,PA,AEA,CE,Federal Contract Tower,5,13,19,0,37,0,0,5,6,11,5,13,24,6,48,0,0,0,48
12/15/2017,LBE,PA,AEA,CE,Federal Contract Tower,5,18,14,0,37,0,0,5,2,7,5,18,19,2,44,0,0,0,44
12/16/2017,LBE,PA,AEA,CE,Federal Contract Tower,7,13,13,0,33,0,2,5,0,7,7,15,18,0,40,2,0,2,42
12/17/2017,LBE,PA,AEA,CE,Federal Contract Tower,5,13,4,3,25,0,0,50,3,53,5,13,54,6,78,66,0,66,144
12/18/2017,LBE,PA,AEA,CE,Federal Contract Tower,8,4,7,0,19,0,0,1,0,1,8,4,8,0,20,0,0,0,20
12/19/2017,LBE,PA,AEA,CE,Federal Contract Tower,1,13,7,0,21,0,0,6,0,6,1,13,13,0,27,0,0,0,27
12/20/2017,LBE,PA,AEA,CE,Federal Contract Tower,1,3,5,0,9,0,0,40,1,41,1,3,45,1,50,42,0,42,92
12/21/2017,LBE,PA,AEA,CE,Federal Contract Tower,5,14,11,0,30,0,0,63,0,63,5,14,74,0,93,56,0,56,149
12/22/2017,LBE,PA,AEA,CE,Federal Contract Tower,4,12,8,0,24,0,0,9,2,11,4,12,17,2,35,4,0,4,39
12/23/2017,LBE,PA,AEA,CE,Federal Contract Tower,5,5,6,0,16,0,0,0,0,0,5,5,6,0,16,0,0,0,16
12/24/2017,LBE,PA,AEA,CE,Federal Contract Tower,5,3,1,0,9,0,0,9,0,9,5,3,10,0,18,0,0,0,18
12/25/2017,LBE,PA,AEA,CE,Federal Contract Tower,5,2,0,0,7,0,0,0,0,0,5,2,0,0,7,0,0,0,7
12/26/2017,LBE,PA,AEA,CE,Federal Contract Tower,5,18,5,0,28,0,20,0,0,20,5,38,5,0,48,6,0,6,54
12/27/2017,LBE,PA,AEA,CE,Federal Contract Tower,5,21,9,0,35,0,7,11,0,18,5,28,20,0,53,0,0,0,53
12/28/2017,LBE,PA,AEA,CE,Federal Contract Tower,5,18,8,3,34,0,0,21,2,23,5,18,29,5,57,10,0,10,67
12/30/2017,LBE,PA,AEA,CE,Federal Contract Tower,7,7,4,0,18,0,0,0,0,0,7,7,4,0,18,0,0,0,18
12/31/2017,LBE,PA,AEA,CE,Federal Contract Tower,5,5,4,0,14,0,0,0,0,0,5,5,4,0,14,0,0,0,14
01/01/2018,LBE,PA,AEA,CE,Federal Contract Tower,7,13,5,0,25,0,0,0,0,0,7,13,5,0,25,0,0,0,25
01/02/2018,LBE,PA,AEA,CE,Federal Contract Tower,5,10,9,0,24,0,2,9,0,11,5,12,18,0,35,6,0,6,41
01/03/2018,LBE,PA,AEA,CE,Federal Contract Tower,4,15,6,0,25,0,4,32,0,36,4,19,38,0,61,8,0,8,69
01/04/2018,LBE,PA,AEA,CE,Federal Contract Tower,3,8,3,0,14,0,0,1,0,1,3,8,4,0,15,0,0,0,15
01/05/2018,LBE,PA,AEA,CE,Federal Contract Tower,5,6,3,0,14,0,12,2,0,14,5,18,5,0,28,0,0,0,28
01/06/2018,LBE,PA,AEA,CE,Federal Contract Tower,5,6,7,0,18,0,0,2,0,2,5,6,9,0,20,0,0,0,20
01/07/2018,LBE,PA,AEA,CE,Federal Contract Tower,5,12,4,0,21,0,0,34,0,34,5,12,38,0,55,36,0,36,91
01/08/2018,LBE,PA,AEA,CE,Federal Contract Tower,5,7,0,0,12,0,0,0,0,0,5,7,0,0,12,0,0,0,12
01/09/2018,LBE,PA,AEA,CE,Federal Contract Tower,5,11,4,0,20,0,0,7,0,7,5,11,11,0,27,0,0,0,27
01/10/2018,LBE,PA,AEA,CE,Federal Contract Tower,5,7,6,0,18,0,2,33,0,35,5,9,39,0,53,28,0,28,81
01/11/2018,LBE,PA,AEA,CE,Federal Contract Tower,5,12,13,2,32,0,1,33,2,36,5,13,46,4,68,12,0,12,80
01/12/2018,LBE,PA,AEA,CE,Federal Contract Tower,5,7,2,0,14,0,0,0,0,0,5,7,2,0,14,0,0,0,14
01/13/2018,LBE,PA,AEA,CE,Federal Contract Tower,5,2,0,0,7,0,0,0,0,0,5,2,0,0,7,0,0,0,7
01/14/2018,LBE,PA,AEA,CE,Federal Contract Tower,5,7,2,0,14,0,0,18,0,18,5,7,20,0,32,0,0,0,32
01/15/2018,LBE,PA,AEA,CE,Federal Contract Tower,5,10,3,0,18,0,0,28,0,28,5,10,31,0,46,12,0,12,58
01/16/2018,LBE,PA,AEA,CE,Federal Contract Tower,6,3,2,0,11,0,0,0,0,0,6,3,2,0,11,0,0,0,11
01/17/2018,LBE,PA,AEA,CE,Federal Contract Tower,5,14,9,0,28,0,0,4,0,4,5,14,13,0,32,0,0,0,32
01/18/2018,LBE,PA,AEA,CE,Federal Contract Tower,5,15,5,0,25,0,0,12,0,12,5,15,17,0,37,0,0,0,37
01/19/2018,LBE,PA,AEA,CE,Federal Contract Tower,5,14,2,6,27,0,0,23,8,31,5,14,25,14,58,0,2,2,60
01/20/2018,LBE,PA,AEA,CE,Federal Contract Tower,5,5,0,0,10,0,0,23,2,25,5,5,23,2,35,40,0,40,75
01/21/2018,LBE,PA,AEA,CE,Federal Contract Tower,5,10,10,0,25,0,0,8,0,8,5,10,18,0,33,0,0,0,33
01/22/2018,LBE,PA,AEA,CE,Federal Contract Tower,5,7,6,0,18,0,0,27,0,27,5,7,33,0,45,30,0,30,75
01/23/2018,LBE,PA,AEA,CE,Federal Contract Tower,5,16,2,2,25,0,2,3,1,6,5,18,5,3,31,2,0,2,33
01/24/2018,LBE,PA,AEA,CE,Federal Contract Tower,5,22,1,0,28,0,0,0,0,0,5,22,1,0,28,10,0,10,38
01/25/2018,LBE,PA,AEA,CE,Federal Contract Tower,5,18,13,0,36,0,0,18,0,18,5,18,31,0,54,24,0,24,78
01/26/2018,LBE,PA,AEA,CE,Federal Contract Tower,5,5,15,2,27,0,0,73,0,73,5,5,88,2,100,38,0,38,138
01/27/2018,LBE,PA,AEA,CE,Federal Contract Tower,5,6,5,0,16,0,0,7,0,7,5,6,12,0,23,6,0,6,29
01/28/2018,LBE,PA,AEA,CE,Federal Contract Tower,5,9,7,0,21,0,1,33,0,34,5,10,40,0,55,8,0,8,63
01/29/2018,LBE,PA,AEA,CE,Federal Contract Tower,5,5,8,0,18,0,0,7,1,8,5,5,15,1,26,4,0,4,30
01/30/2018,LBE,PA,AEA,CE,Federal Contract Tower,5,11,0,0,16,0,0,1,0,1,5,11,1,0,17,0,0,0,17
01/31/2018,LBE,PA,AEA,CE,Federal Contract Tower,5,10,5,0,20,0,3,19,0,22,5,13,24,0,42,14,0,14,56
02/01/2018,LBE,PA,AEA,CE,Federal Contract Tower,5,20,2,4,31,0,0,1,2,3,5,20,3,6,34,0,0,0,34
02/02/2018,LBE,PA,AEA,CE,Federal Contract Tower,5,3,3,0,11,0,0,1,0,1,5,3,4,0,12,0,0,0,12
02/03/2018,LBE,PA,AEA,CE,Federal Contract Tower,6,7,4,0,17,0,0,17,0,17,6,7,21,0,34,24,0,24,58
02/04/2018,LBE,PA,AEA,CE,Federal Contract Tower,5,6,0,0,11,0,0,0,0,0,5,6,0,0,11,0,0,0,11
02/05/2018,LBE,PA,AEA,CE,Federal Contract Tower,5,11,5,2,23,0,0,11,2,13,5,11,16,4,36,14,0,14,50
02/06/2018,LBE,PA,AEA,CE,Federal Contract Tower,5,4,4,4,17,0,0,7,2,9,5,4,11,6,26,0,0,0,26
02/07/2018,LBE,PA,AEA,CE,Federal Contract Tower,5,10,1,0,16,0,0,0,0,0,5,10,1,0,16,0,0,0,16
02/08/2018,LBE,PA,AEA,CE,Federal Contract Tower,5,19,7,2,33,0,1,0,0,1,5,20,7,2,34,0,0,0,34
02/09/2018,LBE,PA,AEA,CE,Federal Contract Tower,7,8,13,1,29,0,3,9,0,12,7,11,22,1,41,0,0,0,41
02/10/2018,LBE,PA,AEA,CE,Federal Contract Tower,5,4,4,0,13,0,0,21,0,21,5,4,25,0,34,28,0,28,62
02/11/2018,LBE,PA,AEA,CE,Federal Contract Tower,5,18,4,0,27,0,0,0,0,0,5,18,4,0,27,0,0,0,27
02/12/2018,LBE,PA,AEA,CE,Federal Contract Tower,6,9,9,2,26,0,2,26,2,30,6,11,35,4,56,8,6,14,70
02/13/2018,LBE,PA,AEA,CE,Federal Contract Tower,5,18,7,0,30,0,3,36,0,39,5,21,43,0,69,24,0,24,93
02/14/2018,LBE,PA,AEA,CE,Federal Contract Tower,7,11,0,0,18,0,1,0,0,1,7,12,0,0,19,14,2,16,35
02/15/2018,LBE,PA,AEA,CE,Federal Contract Tower,5,18,12,2,37,0,0,1,0,1,5,18,13,2,38,0,0,0,38
02/16/2018,LBE,PA,AEA,CE,Federal Contract Tower,7,8,10,0,25,0,0,1,0,1,7,8,11,0,26,0,0,0,26
02/17/2018,LBE,PA,AEA,CE,Federal Contract Tower,7,7,9,0,23,0,0,24,0,24,7,7,33,0,47,32,0,32,79
02/18/2018,LBE,PA,AEA,CE,Federal Contract Tower,9,2,8,0,19,0,0,36,0,36,9,2,44,0,55,68,0,68,123
02/19/2018,LBE,PA,AEA,CE,Federal Contract Tower,7,10,5,0,22,0,2,2,0,4,7,12,7,0,26,0,0,0,26
02/20/2018,LBE,PA,AEA,CE,Federal Contract Tower,5,23,3,0,31,0,2,18,4,24,5,25,21,4,55,18,0,18,73
02/21/2018,LBE,PA,AEA,CE,Federal Contract Tower,7,13,19,2,41,0,3,2,0,5,7,16,21,2,46,6,0,6,52
02/22/2018,LBE,PA,AEA,CE,Federal Contract Tower,5,15,7,2,29,0,0,0,0,0,5,15,7,2,29,0,0,0,29
02/23/2018,LBE,PA,AEA,CE,Federal Contract Tower,7,3,4,0,14,0,0,2,0,2,7,3,6,0,16,0,0,0,16
02/24/2018,LBE,PA,AEA,CE,Federal Contract Tower,7,6,0,0,13,0,0,2,0,2,7,6,2,0,15,0,0,0,15
02/25/2018,LBE,PA,AEA,CE,Federal Contract Tower,7,10,12,0,29,0,0,21,0,21,7,10,33,0,50,6,0,6,56
02/26/2018,LBE,PA,AEA,CE,Federal Contract Tower,7,10,7,0,24,0,12,35,0,47,7,22,42,0,71,68,0,68,139
02/27/2018,LBE,PA,AEA,CE,Federal Contract Tower,5,6,5,0,16,0,0,45,0,45,5,6,50,0,61,66,0,66,127
02/28/2018,LBE,PA,AEA,CE,Federal Contract Tower,7,6,6,4,23,0,2,15,2,19,7,8,21,6,42,18,4,22,64
03/01/2018,LBE,PA,AEA,CE,Federal Contract Tower,5,16,4,0,25,0,0,0,0,0,5,16,4,0,25,0,0,0,25
03/02/2018,LBE,PA,AEA,CE,Federal Contract Tower,7,7,3,1,18,0,0,2,0,2,7,7,5,1,20,0,0,0,20
03/03/2018,LBE,PA,AEA,CE,Federal Contract Tower,7,11,5,0,23,0,2,21,0,23,7,13,26,0,46,12,0,12,58
03/04/2018,LBE,PA,AEA,CE,Federal Contract Tower,7,5,10,0,22,0,0,46,0,46,7,5,56,0,68,30,0,30,98
03/05/2018,LBE,PA,AEA,CE,Federal Contract Tower,7,8,2,0,17,0,4,42,0,46,7,12,44,0,63,32,0,32,95
03/06/2018,LBE,PA,AEA,CE,Federal Contract Tower,5,4,3,0,12,0,0,13,1,14,5,4,16,1,26,4,0,4,30
03/07/2018,LBE,PA,AEA,CE,Federal Contract Tower,7,12,3,0,22,0,0,0,0,0,7,12,3,0,22,0,0,0,22
03/08/2018,LBE,PA,AEA,CE,Federal Contract Tower,7,7,7,0,21,0,0,5,0,5,7,7,12,0,26,0,0,0,26
03/09/2018,LBE,PA,AEA,CE,Federal Contract Tower,9,13,3,0,25,0,0,1,0,1,9,13,4,0,26,0,0,0,26
03/10/2018,LBE,PA,AEA,CE,Federal Contract Tower,7,7,8,0,22,0,1,61,2,64,7,8,69,2,86,74,0,74,160
03/11/2018,LBE,PA,AEA,CE,Federal Contract Tower,7,10,11,0,28,0,0,47,0,47,7,10,58,0,75,78,0,78,153
03/12/2018,LBE,PA,AEA,CE,Federal Contract Tower,7,6,4,0,17,0,5,21,0,26,7,11,25,0,43,44,0,44,87
03/13/2018,LBE,PA,AEA,CE,Federal Contract Tower,7,9,3,2,21,0,0,6,1,7,7,9,9,3,28,8,2,10,38
03/14/2018,LBE,PA,AEA,CE,Federal Contract Tower,7,17,4,0,28,0,0,0,0,0,7,17,4,0,28,0,0,0,28
03/15/2018,LBE,PA,AEA,CE,Federal Contract Tower,7,15,6,0,28,0,0,11,0,11,7,15,17,0,39,0,0,0,39
03/16/2018,LBE,PA,AEA,CE,Federal Contract Tower,7,12,5,2,26,0,0,1,0,1,7,12,6,2,27,0,0,0,27
03/17/2018,LBE,PA,AEA,CE,Federal Contract Tower,7,3,5,0,15,0,2,28,2,32,7,5,33,2,47,58,6,64,111
03/18/2018,LBE,PA,AEA,CE,Federal Contract Tower,7,10,13,0,30,0,0,71,0,71,7,10,84,0,101,72,0,72,173
03/19/2018,LBE,PA,AEA,CE,Federal Contract Tower,9,10,10,2,31,0,0,61,0,61,9,10,71,2,92,28,0,28,120
03/20/2018,LBE,PA,AEA,CE,Federal Contract Tower,5,15,2,0,22,0,0,0,0,0,5,15,2,0,22,0,0,0,22
03/21/2018,LBE,PA,AEA,CE,Federal Contract Tower,9,5,4,0,18,0,0,0,0,0,9,5,4,0,18,0,0,0,18
03/22/2018,LBE,PA,AEA,CE,Federal Contract Tower,7,15,2,0,24,0,2,23,0,25,7,17,25,0,49,8,0,8,57
03/23/2018,LBE,PA,AEA,CE,Federal Contract Tower,7,12,7,2,28,0,8,17,0,25,7,20,24,2,53,0,0,0,53
03/24/2018,LBE,PA,AEA,CE,Federal Contract Tower,7,8,6,0,21,0,0,38,8,46,7,8,44,8,67,44,0,44,111
03/25/2018,LBE,PA,AEA,CE,Federal Contract Tower,7,4,8,2,21,0,3,34,0,37,7,7,42,2,58,0,0,0,58
03/26/2018,LBE,PA,AEA,CE,Federal Contract Tower,7,3,2,2,14,0,0,32,0,32,7,3,34,2,46,2,0,2,48
03/27/2018,LBE,PA,AEA,CE,Federal Contract Tower,7,12,2,3,24,0,0,4,0,4,7,12,6,3,28,0,0,0,28
03/28/2018,LBE,PA,AEA,CE,Federal Contract Tower,7,16,13,0,36,0,0,0,0,0,7,16,13,0,36,0,0,0,36
03/29/2018,LBE,PA,AEA,CE,Federal Contract Tower,6,11,9,0,26,0,0,1,0,1,6,11,10,0,27,0,0,0,27
03/30/2018,LBE,PA,AEA,CE,Federal Contract Tower,7,6,5,0,18,0,0,3,0,3,7,6,8,0,21,0,0,0,21
03/31/2018,LBE,PA,AEA,CE,Federal Contract Tower,7,9,6,0,22,0,1,38,0,39,7,10,44,0,61,34,0,34,95
04/01/2018,LBE,PA,AEA,CE,Federal Contract Tower,7,8,1,0,16,0,0,4,0,4,7,8,5,0,20,0,0,0,20
04/02/2018,LBE,PA,AEA,CE,Federal Contract Tower,7,16,6,2,31,0,0,24,0,24,7,16,30,2,55,18,0,18,73
04/03/2018,LBE,PA,AEA,CE,Federal Contract Tower,8,15,7,2,32,0,0,0,0,0,8,15,7,2,32,0,0,0,32
04/04/2018,LBE,PA,AEA,CE,Federal Contract Tower,4,13,1,0,18,0,0,0,0,0,4,13,1,0,18,0,0,0,18
04/05/2018,LBE,PA,AEA,CE,Federal Contract Tower,9,13,5,2,29,0,2,16,2,20,9,15,21,4,49,8,6,14,63
04/06/2018,LBE,PA,AEA,CE,Federal Contract Tower,7,12,7,0,26,0,0,2,0,2,7,12,9,0,28,8,0,8,36
04/07/2018,LBE,PA,AEA,CE,Federal Contract Tower,9,1,2,0,12,0,2,24,0,26,9,3,26,0,38,56,0,56,94
04/08/2018,LBE,PA,AEA,CE,Federal Contract Tower,7,12,9,0,28,0,0,27,0,27,7,12,36,0,55,20,0,20,75
04/09/2018,LBE,PA,AEA,CE,Federal Contract Tower,7,5,2,0,14,0,2,6,0,8,7,7,8,0,22,24,0,24,46
04/10/2018,LBE,PA,AEA,CE,Federal Contract Tower,5,11,7,1,24,0,0,28,1,29,5,11,35,2,53,36,0,36,89
04/11/2018,LBE,PA,AEA,CE,Federal Contract Tower,7,8,16,1,32,0,0,29,2,31,7,8,45,3,63,28,0,28,91
04/12/2018,LBE,PA,AEA,CE,Federal Contract Tower,6,17,3,0,26,0,0,2,0,2,6,17,5,0,28,0,0,0,28
04/13/2018,LBE,PA,AEA,CE,Federal Contract Tower,8,10,8,0,26,0,1,20,2,23,8,11,28,2,49,0,0,0,49
04/14/2018,LBE,PA,AEA,CE,Federal Contract Tower,5,3,4,3,15,0,0,36,0,36,5,3,40,3,51,32,0,32,83
04/15/2018,LBE,PA,AEA,CE,Federal Contract Tower,7,6,4,0,17,0,0,5,0,5,7,6,9,0,22,0,0,0,22
04/16/2018,LBE,PA,AEA,CE,Federal Contract Tower,5,8,7,0,20,0,0,0,0,0,5,8,7,0,20,2,0,2,22
04/17/2018,LBE,PA,AEA,CE,Federal Contract Tower,4,7,6,2,19,0,0,0,0,0,4,7,6,2,19,0,0,0,19
04/18/2018,LBE,PA,AEA,CE,Federal Contract Tower,4,16,10,2,32,0,0,20,0,20,4,16,30,2,52,8,0,8,60
04/19/2018,LBE,PA,AEA,CE,Federal Contract Tower,5,7,4,0,16,0,2,0,0,2,5,9,4,0,18,0,0,0,18
04/20/2018,LBE,PA,AEA,CE,Federal Contract Tower,5,10,10,0,25,0,1,34,7,42,5,11,44,7,67,10,0,10,77
04/21/2018,LBE,PA,AEA,CE,Federal Contract Tower,5,5,10,0,20,0,0,64,0,64,5,5,74,0,84,52,0,52,136
04/22/2018,LBE,PA,AEA,CE,Federal Contract Tower,6,6,13,0,25,0,0,81,0,81,6,6,94,0,106,38,0,38,144
04/23/2018,LBE,PA,AEA,CE,Federal Contract Tower,6,9,2,0,17,0,12,14,0,26,6,21,16,0,43,4,0,4,47
04/24/2018,LBE,PA,AEA,CE,Federal Contract Tower,4,10,7,0,21,0,0,0,0,0,4,10,7,0,21,0,0,0,21
04/25/2018,LBE,PA,AEA,CE,Federal Contract Tower,3,8,4,0,15,0,0,0,0,0,3,8,4,0,15,0,0,0,15
04/26/2018,LBE,PA,AEA,CE,Federal Contract Tower,6,19,6,2,33,0,2,56,0,58,6,21,62,2,91,24,0,24,115
04/27/2018,LBE,PA,AEA,CE,Federal Contract Tower,5,10,4,3,22,0,0,25,3,28,5,10,29,6,50,30,0,30,80
04/28/2018,LBE,PA,AEA,CE,Federal Contract Tower,5,9,4,0,18,0,0,8,0,8,5,9,12,0,26,0,0,0,26
04/29/2018,LBE,PA,AEA,CE,Federal Contract Tower,6,13,14,0,33,0,0,16,0,16,6,13,30,0,49,38,0,38,87
04/30/2018,LBE,PA,AEA,CE,Federal Contract Tower,6,13,8,1,28,0,2,24,1,27,6,15,32,2,55,6,0,6,61
05/01/2018,LBE,PA,AEA,CE,Federal Contract Tower,4,14,2,2,22,0,0,49,2,51,4,14,51,4,73,16,0,16,89
05/02/2018,LBE,PA,AEA,CE,Federal Contract Tower,4,8,3,3,18,0,0,34,1,35,4,8,37,4,53,2,6,8,61
05/03/2018,LBE,PA,AEA,CE,Federal Contract Tower,6,19,2,1,28,0,0,14,0,14,6,19,16,1,42,4,0,4,46
05/04/2018,LBE,PA,AEA,CE,Federal Contract Tower,6,17,9,3,35,0,0,18,2,20,6,17,27,5,55,14,14,28,83
05/05/2018,LBE,PA,AEA,CE,Federal Contract Tower,5,11,3,0,19,0,0,73,1,74,5,11,76,1,93,64,0,64,157
05/06/2018,LBE,PA,AEA,CE,Federal Contract Tower,5,23,4,0,32,0,0,3,0,3,5,23,7,0,35,0,0,0,35
05/07/2018,LBE,PA,AEA,CE,Federal Contract Tower,7,9,4,0,20,0,2,36,0,38,7,11,40,0,58,26,0,26,84
05/08/2018,LBE,PA,AEA,CE,Federal Contract Tower,4,7,10,2,23,0,4,47,0,51,4,11,57,2,74,36,0,36,110
05/09/2018,LBE,PA,AEA,CE,Federal Contract Tower,4,13,6,0,23,0,0,41,0,41,4,13,47,0,64,18,0,18,82
05/10/2018,LBE,PA,AEA,CE,Federal Contract Tower,6,18,6,0,30,0,0,4,0,4,6,18,10,0,34,0,0,0,34
05/11/2018,LBE,PA,AEA,CE,Federal Contract Tower,8,10,9,0,27,0,0,47,1,48,8,10,56,1,75,48,0,48,123
05/12/2018,LBE,PA,AEA,CE,Federal Contract Tower,6,9,4,0,19,0,0,24,0,24,6,9,28,0,43,2,0,2,45
05/13/2018,LBE,PA,AEA,CE,Federal Contract Tower,6,2,6,0,14,0,0,0,0,0,6,2,6,0,14,0,0,0,14
05/14/2018,LBE,PA,AEA,CE,Federal Contract Tower,8,18,10,0,36,0,2,6,2,10,8,20,16,2,46,16,0,16,62
05/15/2018,LBE,PA,AEA,CE,Federal Contract Tower,3,17,11,0,31,0,0,20,0,20,3,17,31,0,51,28,0,28,79
05/16/2018,LBE,PA,AEA,CE,Federal Contract Tower,3,9,8,0,20,0,0,7,2,9,3,9,15,2,29,14,0,14,43
05/17/2018,LBE,PA,AEA,CE,Federal Contract Tower,5,14,5,2,26,0,0,13,2,15,5,14,18,4,41,14,4,18,59
05/18/2018,LBE,PA,AEA,CE,Federal Contract Tower,5,18,11,0,34,0,0,11,4,15,5,18,22,4,49,6,12,18,67
05/19/2018,LBE,PA,AEA,CE,Federal Contract Tower,6,9,3,0,18,0,0,6,0,6,6,9,9,0,24,12,0,12,36
05/20/2018,LBE,PA,AEA,CE,Federal Contract Tower,6,17,4,0,27,0,0,18,0,18,6,17,22,0,45,10,0,10,55
05/21/2018,LBE,PA,AEA,CE,Federal Contract Tower,6,13,16,2,37,0,1,23,0,24,6,14,39,2,61,12,0,12,73
05/22/2018,LBE,PA,AEA,CE,Federal Contract Tower,3,13,13,0,29,0,0,3,0,3,3,13,16,0,32,24,0,24,56
05/23/2018,LBE,PA,AEA,CE,Federal Contract Tower,4,16,8,1,29,0,2,37,6,45,4,18,45,7,74,74,0,74,148
05/24/2018,LBE,PA,AEA,CE,Federal Contract Tower,5,22,16,0,43,0,1,75,4,80,5,23,91,4,123,42,8,50,173
05/25/2018,LBE,PA,AEA,CE,Federal Contract Tower,5,18,10,0,33,0,1,51,0,52,5,19,61,0,85,34,0,34,119
05/26/2018,LBE,PA,AEA,CE,Federal Contract Tower,5,13,2,0,20,0,0,24,0,24,5,13,26,0,44,6,0,6,50
05/27/2018,LBE,PA,AEA,CE,Federal Contract Tower,4,4,5,0,13,0,0,1,0,1,4,4,6,0,14,0,0,0,14
05/28/2018,LBE,PA,AEA,CE,Federal Contract Tower,5,8,10,0,23,0,2,21,0,23,5,10,31,0,46,22,0,22,68
05/29/2018,LBE,PA,AEA,CE,Federal Contract Tower,5,13,15,0,33,0,0,55,0,55,5,13,70,0,88,86,6,92,180
05/30/2018,LBE,PA,AEA,CE,Federal Contract Tower,6,16,8,0,30,0,0,29,0,29,6,16,37,0,59,10,0,10,69
05/31/2018,LBE,PA,AEA,CE,Federal Contract Tower,6,10,4,1,21,0,2,7,1,10,6,12,11,2,31,6,0,6,37
06/01/2018,LBE,PA,AEA,CE,Federal Contract Tower,8,18,12,0,38,0,0,14,0,14,8,18,26,0,52,28,0,28,80
06/02/2018,LBE,PA,AEA,CE,Federal Contract Tower,5,5,9,0,19,0,0,15,2,17,5,5,24,2,36,28,0,28,64
06/03/2018,LBE,PA,AEA,CE,Federal Contract Tower,8,14,12,0,34,0,0,4,0,4,8,14,16,0,38,8,0,8,46
06/04/2018,LBE,PA,AEA,CE,Federal Contract Tower,6,14,21,2,43,0,4,41,0,45,6,18,62,2,88,34,0,34,122
06/05/2018,LBE,PA,AEA,CE,Federal Contract Tower,6,10,11,0,27,0,0,8,0,8,6,10,19,0,35,24,0,24,59
06/06/2018,LBE,PA,AEA,CE,Federal Contract Tower,6,14,12,2,34,0,1,28,2,31,6,15,40,4,65,70,4,74,139
06/07/2018,LBE,PA,AEA,CE,Federal Contract Tower,5,15,8,4,32,0,6,83,0,89,5,21,91,4,121,50,0,50,171
06/08/2018,LBE,PA,AEA,CE,Federal Contract Tower,3,13,17,1,34,0,0,32,0,32,3,13,49,1,66,26,0,26,92
06/09/2018,LBE,PA,AEA,CE,Federal Contract Tower,5,7,9,0,21,0,0,15,0,15,5,7,24,0,36,16,0,16,52
06/10/2018,LBE,PA,AEA,CE,Federal Contract Tower,5,10,10,0,25,0,0,5,0,5,5,10,15,0,30,44,0,44,74
06/11/2018,LBE,PA,AEA,CE,Federal Contract Tower,4,17,11,0,32,0,0,17,0,17,4,17,28,0,49,44,0,44,93
06/12/2018,LBE,PA,AEA,CE,Federal Contract Tower,5,7,7,0,19,0,0,46,2,48,5,7,53,2,67,72,0,72,139
06/13/2018,LBE,PA,AEA,CE,Federal Contract Tower,5,21,10,0,36,0,0,1,0,1,5,21,11,0,37,0,0,0,37
06/14/2018,LBE,PA,AEA,CE,Federal Contract Tower,5,22,19,5,51,0,1,54,4,59,5,23,73,9,110,24,0,24,134
06/15/2018,LBE,PA,AEA,CE,Federal Contract Tower,5,18,14,0,37,0,2,51,2,55,5,20,65,2,92,16,0,16,108
06/16/2018,LBE,PA,AEA,CE,Federal Contract Tower,6,6,16,0,28,0,0,68,0,68,6,6,84,0,96,58,0,58,154
06/17/2018,LBE,PA,AEA,CE,Federal Contract Tower,6,11,17,0,34,0,1,26,3,30,6,12,43,3,64,0,0,0,64
06/18/2018,LBE,PA,AEA,CE,Federal Contract Tower,6,20,13,0,39,0,2,29,0,31,6,22,42,0,70,20,0,20,90
06/19/2018,LBE,PA,AEA,CE,Federal Contract Tower,5,15,16,1,37,0,0,12,1,13,5,15,28,2,50,0,0,0,50
06/20/2018,LBE,PA,AEA,CE,Federal Contract Tower,5,22,4,1,32,0,1,10,0,11,5,23,14,1,43,0,0,0,43
06/21/2018,LBE,PA,AEA,CE,Federal Contract Tower,5,28,29,1,63,0,0,32,0,32,5,28,61,1,95,36,0,36,131
06/22/2018,LBE,PA,AEA,CE,Federal Contract Tower,5,22,19,0,46,0,0,4,0,4,5,22,23,0,50,0,0,0,50
06/23/2018,LBE,PA,AEA,CE,Federal Contract Tower,6,13,12,2,33,0,0,5,1,6,6,13,17,3,39,22,0,22,61
06/24/2018,LBE,PA,AEA,CE,Federal Contract Tower,5,16,10,3,34,0,0,4,0,4,5,16,14,3,38,0,0,0,38
06/25/2018,LBE,PA,AEA,CE,Federal Contract Tower,5,16,17,5,43,0,0,53,0,53,5,16,70,5,96,24,4,28,124
06/26/2018,LBE,PA,AEA,CE,Federal Contract Tower,6,16,11,1,34,0,0,34,1,35,6,16,45,2,69,2,0,2,71
06/27/2018,LBE,PA,AEA,CE,Federal Contract Tower,5,10,8,0,23,0,0,3,2,5,5,10,11,2,28,0,4,4,32
06/28/2018,LBE,PA,AEA,CE,Federal Contract Tower,5,22,15,1,43,0,0,18,1,19,5,22,33,2,62,10,0,10,72
06/29/2018,LBE,PA,AEA,CE,Federal Contract Tower,6,22,16,2,46,0,2,65,2,69,6,24,81,4,115,20,4,24,139
06/30/2018,LBE,PA,AEA,CE,Federal Contract Tower,5,11,13,0,29,0,2,54,0,56,5,13,67,0,85,4,0,4,89
07/01/2018,LBE,PA,AEA,CE,Federal Contract Tower,5,22,8,0,35,0,1,52,0,53,5,23,60,0,88,46,0,46,134
07/02/2018,LBE,PA,AEA,CE,Federal Contract Tower,5,14,10,4,33,0,0,31,0,31,5,14,41,4,64,10,4,14,78
07/03/2018,LBE,PA,AEA,CE,Federal Contract Tower,6,21,4,0,31,0,0,53,0,53,6,21,57,0,84,64,0,64,148
07/04/2018,LBE,PA,AEA,CE,Federal Contract Tower,5,1,6,0,12,0,0,32,0,32,5,1,38,0,44,4,0,4,48
07/05/2018,LBE,PA,AEA,CE,Federal Contract Tower,5,18,4,2,29,0,1,7,1,9,5,19,11,3,38,14,4,18,56
07/06/2018,LBE,PA,AEA,CE,Federal Contract Tower,6,12,15,0,33,0,2,37,0,39,6,14,52,0,72,10,0,10,82
07/07/2018,LBE,PA,AEA,CE,Federal Contract Tower,5,14,6,0,25,0,2,68,2,72,5,16,74,2,97,36,0,36,133
07/08/2018,LBE,PA,AEA,CE,Federal Contract Tower,6,19,10,0,35,0,0,68,0,68,6,19,78,0,103,36,0,36,139
07/09/2018,LBE,PA,AEA,CE,Federal Contract Tower,6,24,14,2,46,0,0,57,0,57,6,24,71,2,103,14,0,14,117
07/10/2018,LBE,PA,AEA,CE,Federal Contract Tower,4,13,10,0,27,0,0,49,0,49,4,13,59,0,76,46,0,46,122
07/11/2018,LBE,PA,AEA,CE,Federal Contract Tower,6,14,18,0,38,0,0,70,1,71,6,14,88,1,109,42,0,42,151
07/12/2018,LBE,PA,AEA,CE,Federal Contract Tower,6,17,9,0,32,0,0,58,0,58,6,17,67,0,90,24,0,24,114
07/13/2018,LBE,PA,AEA,CE,Federal Contract Tower,6,12,7,2,27,0,0,54,0,54,6,12,61,2,81,42,0,42,123
07/14/2018,LBE,PA,AEA,CE,Federal Contract Tower,5,14,12,0,31,0,1,49,0,50,5,15,61,0,81,44,0,44,125
07/15/2018,LBE,PA,AEA,CE,Federal Contract Tower,6,7,3,0,16,0,0,10,0,10,6,7,13,0,26,10,0,10,36
07/16/2018,LBE,PA,AEA,CE,Federal Contract Tower,5,18,10,0,33,0,2,25,0,27,5,20,35,0,60,40,0,40,100
07/17/2018,LBE,PA,AEA,CE,Federal Contract Tower,5,14,9,0,28,0,0,4,0,4,5,14,13,0,32,6,0,6,38
07/18/2018,LBE,PA,AEA,CE,Federal Contract Tower,5,18,8,0,31,0,0,50,2,52,5,18,58,2,83,20,0,20,103
07/19/2018,LBE,PA,AEA,CE,Federal Contract Tower,3,17,13,0,33,0,0,29,0,29,3,17,42,0,62,40,0,40,102
07/20/2018,LBE,PA,AEA,CE,Federal Contract Tower,3,16,15,4,38,0,0,23,0,23,3,16,38,4,61,2,2,4,65
07/21/2018,LBE,PA,AEA,CE,Federal Contract Tower,6,10,2,0,18,0,0,15,3,18,6,10,17,3,36,4,4,8,44
07/22/2018,LBE,PA,AEA,CE,Federal Contract Tower,6,19,5,0,30,0,2,5,0,7,6,21,10,0,37,0,0,0,37
07/23/2018,LBE,PA,AEA,CE,Federal Contract Tower,5,25,9,0,39,0,2,10,0,12,5,27,19,0,51,0,0,0,51
07/24/2018,LBE,PA,AEA,CE,Federal Contract Tower,5,12,12,0,29,0,0,35,0,35,5,12,47,0,64,4,0,4,68
07/25/2018,LBE,PA,AEA,CE,Federal Contract Tower,5,13,8,2,28,0,3,5,0,8,5,16,13,2,36,0,0,0,36
07/26/2018,LBE,PA,AEA,CE,Federal Contract Tower,5,17,21,4,47,0,0,58,4,62,5,17,79,8,109,22,8,30,139
07/27/2018,LBE,PA,AEA,CE,Federal Contract Tower,5,9,7,11,32,0,0,39,20,59,5,9,46,31,91,4,0,4,95
07/28/2018,LBE,PA,AEA,CE,Federal Contract Tower,4,5,7,0,16,0,1,59,1,61,4,6,66,1,77,10,0,10,87
07/29/2018,LBE,PA,AEA,CE,Federal Contract Tower,4,0,5,3,12,0,0,72,4,76,4,0,77,7,88,0,0,0,88
07/30/2018,LBE,PA,AEA,CE,Federal Contract Tower,6,19,7,7,39,0,2,11,4,17,6,21,18,11,56,4,0,4,60
07/31/2018,LBE,PA,AEA,CE,Federal Contract Tower,5,14,9,0,28,0,0,31,7,38,5,14,40,7,66,10,0,10,76
08/01/2018,LBE,PA,AEA,CE,Federal Contract Tower,5,14,7,0,26,0,0,5,0,5,5,14,12,0,31,4,0,4,35
08/02/2018,LBE,PA,AEA,CE,Federal Contract Tower,5,14,14,0,33,0,0,22,0,22,5,14,36,0,55,32,0,32,87
08/03/2018,LBE,PA,AEA,CE,Federal Contract Tower,5,11,13,0,29,0,0,19,0,19,5,11,32,0,48,38,0,38,86
08/04/2018,LBE,PA,AEA,CE,Federal Contract Tower,5,10,11,0,26,0,0,65,4,69,5,10,76,4,95,24,0,24,119
08/05/2018,LBE,PA,AEA,CE,Federal Contract Tower,8,9,11,0,28,0,0,53,0,53,8,9,64,0,81,20,0,20,101
08/06/2018,LBE,PA,AEA,CE,Federal Contract Tower,5,14,9,2,30,0,0,60,0,60,5,14,69,2,90,20,0,20,110
08/07/2018,LBE,PA,AEA,CE,Federal Contract Tower,6,15,11,0,32,0,0,21,0,21,6,15,32,0,53,20,0,20,73
08/08/2018,LBE,PA,AEA,CE,Federal Contract Tower,5,14,19,2,40,0,0,1,2,3,5,14,20,4,43,0,8,8,51
08/09/2018,LBE,PA,AEA,CE,Federal Contract Tower,5,18,21,0,44,0,0,46,4,50,5,18,67,4,94,10,6,16,110
08/10/2018,LBE,PA,AEA,CE,Federal Contract Tower,5,16,10,0,31,0,0,26,0,26,5,16,36,0,57,4,0,4,61
08/11/2018,LBE,PA,AEA,CE,Federal Contract Tower,5,4,8,0,17,0,0,19,0,19,5,4,27,0,36,0,0,0,36
08/12/2018,LBE,PA,AEA,CE,Federal Contract Tower,5,11,7,0,23,0,2,42,0,44,5,13,49,0,67,8,0,8,75
08/13/2018,LBE,PA,AEA,CE,Federal Contract Tower,5,19,15,0,39,0,0,10,0,10,5,19,25,0,49,4,0,4,53
08/14/2018,LBE,PA,AEA,CE,Federal Contract Tower,5,10,6,0,21,0,0,12,0,12,5,10,18,0,33,0,0,0,33
08/15/2018,LBE,PA,AEA,CE,Federal Contract Tower,5,11,7,2,25,0,6,54,0,60,5,17,61,2,85,28,0,28,113
08/16/2018,LBE,PA,AEA,CE,Federal Contract Tower,5,17,9,0,31,0,0,22,0,22,5,17,31,0,53,14,0,14,67
08/17/2018,LBE,PA,AEA,CE,Federal Contract Tower,5,8,8,3,24,0,0,10,2,12,5,8,18,5,36,22,0,22,58
08/18/2018,LBE,PA,AEA,CE,Federal Contract Tower,5,3,8,0,16,0,0,21,0,21,5,3,29,0,37,0,0,0,37
08/19/2018,LBE,PA,AEA,CE,Federal Contract Tower,5,8,6,0,19,0,0,69,0,69,5,8,75,0,88,22,0,22,110
08/20/2018,LBE,PA,AEA,CE,Federal Contract Tower,6,9,13,4,32,0,0,41,2,43,6,9,54,6,75,18,6,24,99
08/21/2018,LBE,PA,AEA,CE,Federal Contract Tower,5,20,12,5,42,0,0,2,0,2,5,20,14,5,44,0,0,0,44
08/22/2018,LBE,PA,AEA,CE,Federal Contract Tower,5,22,13,2,42,0,7,3,2,12,5,29,16,4,54,0,0,0,54
08/23/2018,LBE,PA,AEA,CE,Federal Contract Tower,5,26,24,0,55,0,0,52,4,56,5,26,76,4,111,46,0,46,157
08/24/2018,LBE,PA,AEA,CE,Federal Contract Tower,6,7,12,0,25,0,0,62,0,62,6,7,74,0,87,0,0,0,87
08/25/2018,LBE,PA,AEA,CE,Federal Contract Tower,6,4,8,0,18,0,0,55,0,55,6,4,63,0,73,4,0,4,77
08/26/2018,LBE,PA,AEA,CE,Federal Contract Tower,8,19,8,0,35,0,0,13,0,13,8,19,21,0,48,26,0,26,74
08/27/2018,LBE,PA,AEA,CE,Federal Contract Tower,5,15,9,0,29,0,0,18,0,18,5,15,27,0,47,4,0,4,51
08/28/2018,LBE,PA,AEA,CE,Federal Contract Tower,5,15,10,0,30,0,0,26,0,26,5,15,36,0,56,0,0,0,56
08/29/2018,LBE,PA,AEA,CE,Federal Contract Tower,7,15,11,0,33,0,2,36,0,38,7,17,47,0,71,0,0,0,71
08/30/2018,LBE,PA,AEA,CE,Federal Contract Tower,5,23,14,0,42,0,0,47,0,47,5,23,61,0,89,8,0,8,97
08/31/2018,LBE,PA,AEA,CE,Federal Contract Tower,5,21,16,0,42,0,0,38,0,38,5,21,54,0,80,0,0,0,80
09/01/2018,LBE,PA,AEA,CE,Federal Contract Tower,6,8,3,0,17,0,2,19,0,21,6,10,22,0,38,6,0,6,44
09/02/2018,LBE,PA,AEA,CE,Federal Contract Tower,6,10,4,0,20,0,0,28,0,28,6,10,32,0,48,4,0,4,52
09/03/2018,LBE,PA,AEA,CE,Federal Contract Tower,5,8,11,0,24,0,0,33,0,33,5,8,44,0,57,0,0,0,57
09/04/2018,LBE,PA,AEA,CE,Federal Contract Tower,5,16,6,0,27,0,0,55,3,58,5,16,61,3,85,24,0,24,109
09/05/2018,LBE,PA,AEA,CE,Federal Contract Tower,6,15,11,2,34,0,0,25,1,26,6,15,36,3,60,16,0,16,76
09/06/2018,LBE,PA,AEA,CE,Federal Contract Tower,5,22,13,0,40,0,2,25,0,27,5,24,38,0,67,36,0,36,103
09/07/2018,LBE,PA,AEA,CE,Federal Contract Tower,7,14,6,3,30,0,5,18,4,27,7,19,24,7,57,0,4,4,61
09/08/2018,LBE,PA,AEA,CE,Federal Contract Tower,6,9,8,0,23,0,0,3,0,3,6,9,11,0,26,0,0,0,26
09/09/2018,LBE,PA,AEA,CE,Federal Contract Tower,5,12,5,0,22,0,0,0,0,0,5,12,5,0,22,0,0,0,22
09/10/2018,LBE,PA,AEA,CE,Federal Contract Tower,7,14,7,0,28,0,0,0,0,0,7,14,7,0,28,0,0,0,28
09/11/2018,LBE,PA,AEA,CE,Federal Contract Tower,5,13,21,0,39,0,0,22,1,23,5,13,43,1,62,16,4,20,82
09/12/2018,LBE,PA,AEA,CE,Federal Contract Tower,2,26,9,0,37,0,0,15,0,15,2,26,24,0,52,0,0,0,52
09/14/2018,LBE,PA,AEA,CE,Federal Contract Tower,5,16,13,0,34,0,0,27,0,27,5,16,40,0,61,10,0,10,71
09/15/2018,LBE,PA,AEA,CE,Federal Contract Tower,4,8,7,0,19,0,0,21,0,21,4,8,28,0,40,22,0,22,62
09/16/2018,LBE,PA,AEA,CE,Federal Contract Tower,6,6,2,0,14,0,1,24,0,25,6,7,26,0,39,4,0,4,43
09/17/2018,LBE,PA,AEA,CE,Federal Contract Tower,6,8,3,0,17,0,0,2,0,2,6,8,5,0,19,0,0,0,19
09/18/2018,LBE,PA,AEA,CE,Federal Contract Tower,3,7,10,0,20,0,0,16,0,16,3,7,26,0,36,22,0,22,58
09/19/2018,LBE,PA,AEA,CE,Federal Contract Tower,1,27,10,2,40,0,0,55,2,57,1,27,65,4,97,12,0,12,109
09/20/2018,LBE,PA,AEA,CE,Federal Contract Tower,6,24,5,0,35,0,0,48,0,48,6,24,53,0,83,18,0,18,101
09/21/2018,LBE,PA,AEA,CE,Federal Contract Tower,6,23,16,2,47,0,0,15,0,15,6,23,31,2,62,2,0,2,64
09/22/2018,LBE,PA,AEA,CE,Federal Contract Tower,6,8,12,0,26,0,0,13,0,13,6,8,25,0,39,26,0,26,65
09/23/2018,LBE,PA,AEA,CE,Federal Contract Tower,6,14,16,0,36,0,0,43,0,43,6,14,59,0,79,12,0,12,91
09/24/2018,LBE,PA,AEA,CE,Federal Contract Tower,5,4,8,2,19,0,2,6,0,8,5,6,14,2,27,0,0,0,27
09/25/2018,LBE,PA,AEA,CE,Federal Contract Tower,3,11,10,2,26,0,2,1,1,4,3,13,11,3,30,0,0,0,30
09/26/2018,LBE,PA,AEA,CE,Federal Contract Tower,2,15,7,0,24,0,0,2,0,2,2,15,9,0,26,0,0,0,26
09/27/2018,LBE,PA,AEA,CE,Federal Contract Tower,6,15,11,2,34,0,0,24,0,24,6,15,35,2,58,8,0,8,66
09/28/2018,LBE,PA,AEA,CE,Federal Contract Tower,6,18,9,0,33,0,0,45,0,45,6,18,54,0,78,10,0,10,88
09/29/2018,LBE,PA,AEA,CE,Federal Contract Tower,4,6,9,0,19,0,14,20,0,34,4,20,29,0,53,54,0,54,107
09/30/2018,LBE,PA,AEA,CE,Federal Contract Tower,8,19,14,0,41,0,2,77,0,79,8,21,91,0,120,30,0,30,150
10/01/2018,LBE,PA,AEA,CE,Federal Contract Tower,6,16,14,0,36,0,0,57,0,57,6,16,71,0,93,40,0,40,133
10/02/2018,LBE,PA,AEA,CE,Federal Contract Tower,4,15,15,2,36,0,1,30,1,32,4,16,45,3,68,30,10,40,108
10/03/2018,LBE,PA,AEA,CE,Federal Contract Tower,2,19,20,1,42,0,0,16,0,16,2,19,36,1,58,44,0,44,102
10/04/2018,LBE,PA,AEA,CE,Federal Contract Tower,6,13,8,0,27,0,0,0,0,0,6,13,8,0,27,2,0,2,29
10/05/2018,LBE,PA,AEA,CE,Federal Contract Tower,6,17,16,2,41,0,0,16,0,16,6,17,32,2,57,2,0,2,59
10/06/2018,LBE,PA,AEA,CE,Federal Contract Tower,6,9,15,0,30,0,0,26,0,26,6,9,41,0,56,14,0,14,70
10/07/2018,LBE,PA,AEA,CE,Federal Contract Tower,6,10,10,0,26,0,0,53,0,53,6,10,63,0,79,38,0,38,117
10/08/2018,LBE,PA,AEA,CE,Federal Contract Tower,5,14,6,0,25,0,0,23,0,23,5,14,29,0,48,22,0,22,70
10/09/2018,LBE,PA,AEA,CE,Federal Contract Tower,5,12,9,3,29,0,0,34,4,38,5,12,43,7,67,16,0,16,83
10/10/2018,LBE,PA,AEA,CE,Federal Contract Tower,2,17,13,6,38,0,0,36,1,37,2,17,49,7,75,20,4,24,99
10/11/2018,LBE,PA,AEA,CE,Federal Contract Tower,6,21,9,0,36,0,0,1,0,1,6,21,10,0,37,0,0,0,37
10/12/2018,LBE,PA,AEA,CE,Federal Contract Tower,6,21,4,0,31,0,2,20,0,22,6,23,24,0,53,6,0,6,59
10/13/2018,LBE,PA,AEA,CE,Federal Contract Tower,6,6,8,0,20,0,0,3,0,3,6,6,11,0,23,0,0,0,23
10/14/2018,LBE,PA,AEA,CE,Federal Contract Tower,6,15,5,0,26,0,2,31,0,33,6,17,36,0,59,18,0,18,77
10/15/2018,LBE,PA,AEA,CE,Federal Contract Tower,4,8,12,0,24,0,0,2,0,2,4,8,14,0,26,0,0,0,26
10/16/2018,LBE,PA,AEA,CE,Federal Contract Tower,4,15,6,0,25,0,0,38,4,42,4,15,44,4,67,14,0,14,81
10/17/2018,LBE,PA,AEA,CE,Federal Contract Tower,2,16,7,0,25,0,0,1,4,5,2,16,8,4,30,0,0,0,30
10/18/2018,LBE,PA,AEA,CE,Federal Contract Tower,6,23,16,0,45,0,0,69,0,69,6,23,85,0,114,22,0,22,136
10/19/2018,LBE,PA,AEA,CE,Federal Contract Tower,7,19,10,1,37,0,0,32,2,34,7,19,42,3,71,10,0,10,81
10/20/2018,LBE,PA,AEA,CE,Federal Contract Tower,5,10,6,0,21,0,0,1,0,1,5,10,7,0,22,0,0,0,22
10/21/2018,LBE,PA,AEA,CE,Federal Contract Tower,5,14,6,0,25,0,0,8,0,8,5,14,14,0,33,30,0,30,63
10/22/2018,LBE,PA,AEA,CE,Federal Contract Tower,6,13,10,0,29,0,0,24,0,24,6,13,34,0,53,6,0,6,59
10/23/2018,LBE,PA,AEA,CE,Federal Contract Tower,3,15,7,0,25,0,4,9,0,13,3,19,16,0,38,4,0,4,42
10/24/2018,LBE,PA,AEA,CE,Federal Contract Tower,2,17,9,2,30,0,1,26,7,34,2,18,35,9,64,12,14,26,90
10/25/2018,LBE,PA,AEA,CE,Federal Contract Tower,5,21,12,4,42,0,0,44,0,44,5,21,56,4,86,10,0,10,96
10/26/2018,LBE,PA,AEA,CE,Federal Contract Tower,6,10,9,0,25,0,0,24,0,24,6,10,33,0,49,10,0,10,59
10/27/2018,LBE,PA,AEA,CE,Federal Contract Tower,6,4,3,0,13,0,0,0,0,0,6,4,3,0,13,0,0,0,13
10/28/2018,LBE,PA,AEA,CE,Federal Contract Tower,6,15,13,0,34,0,0,0,0,0,6,15,13,0,34,0,0,0,34
10/29/2018,LBE,PA,AEA,CE,Federal Contract Tower,5,11,6,2,24,0,2,2,0,4,5,13,8,2,28,0,0,0,28
10/30/2018,LBE,PA,AEA,CE,Federal Contract Tower,3,19,16,2,40,0,0,0,0,0,3,19,16,2,40,54,0,54,94
10/31/2018,LBE,PA,AEA,CE,Federal Contract Tower,2,15,5,0,22,0,0,23,0,23,2,15,28,0,45,0,0,0,45
11/01/2018,LBE,PA,AEA,CE,Federal Contract Tower,6,12,8,2,28,0,0,21,0,21,6,12,29,2,49,28,0,28,77
11/02/2018,LBE,PA,AEA,CE,Federal Contract Tower,6,10,9,0,25,0,2,3,4,9,6,12,12,4,34,0,4,4,38
11/03/2018,LBE,PA,AEA,CE,Federal Contract Tower,6,5,7,0,18,0,0,7,0,7,6,5,14,0,25,0,0,0,25
11/04/2018,LBE,PA,AEA,CE,Federal Contract Tower,5,7,12,0,24,0,0,46,0,46,5,7,58,0,70,4,0,4,74
11/05/2018,LBE,PA,AEA,CE,Federal Contract Tower,5,8,7,0,20,0,0,26,0,26,5,8,33,0,46,22,0,22,68
11/06/2018,LBE,PA,AEA,CE,Federal Contract Tower,3,21,3,0,27,0,0,0,0,0,3,21,3,0,27,2,0,2,29
11/07/2018,LBE,PA,AEA,CE,Federal Contract Tower,2,21,8,4,35,0,3,30,4,37,2,24,38,8,72,2,0,2,74
11/08/2018,LBE,PA,AEA,CE,Federal Contract Tower,3,11,8,0,22,0,0,44,0,44,3,11,52,0,66,4,0,4,70
11/09/2018,LBE,PA,AEA,CE,Federal Contract Tower,5,17,7,0,29,0,0,0,0,0,5,17,7,0,29,0,0,0,29
11/10/2018,LBE,PA,AEA,CE,Federal Contract Tower,5,10,6,0,21,0,0,3,0,3,5,10,9,0,24,0,0,0,24
11/11/2018,LBE,PA,AEA,CE,Federal Contract Tower,5,16,12,0,33,0,0,79,0,79,5,16,91,0,112,90,0,90,202
11/12/2018,LBE,PA,AEA,CE,Federal Contract Tower,5,14,10,0,29,0,2,31,0,33,5,16,41,0,62,6,0,6,68
11/13/2018,LBE,PA,AEA,CE,Federal Contract Tower,5,32,5,0,42,0,0,0,0,0,5,32,5,0,42,0,0,0,42
11/14/2018,LBE,PA,AEA,CE,Federal Contract Tower,5,19,15,4,43,0,7,59,0,66,5,26,74,4,109,18,4,22,131
11/15/2018,LBE,PA,AEA,CE,Federal Contract Tower,5,16,1,0,22,0,0,0,0,0,5,16,1,0,22,0,0,0,22
11/16/2018,LBE,PA,AEA,CE,Federal Contract Tower,6,17,11,0,34,0,0,0,0,0,6,17,11,0,34,0,0,0,34
11/17/2018,LBE,PA,AEA,CE,Federal Contract Tower,5,8,14,0,27,0,0,0,2,2,5,8,14,2,29,0,0,0,29
11/18/2018,LBE,PA,AEA,CE,Federal Contract Tower,5,3,5,0,13,0,0,25,0,25,5,3,30,0,38,2,0,2,40
11/19/2018,LBE,PA,AEA,CE,Federal Contract Tower,7,12,6,0,25,0,0,0,0,0,7,12,6,0,25,0,0,0,25
11/20/2018,LBE,PA,AEA,CE,Federal Contract Tower,5,16,3,0,24,0,0,0,0,0,5,16,3,0,24,0,0,0,24
11/21/2018,LBE,PA,AEA,CE,Federal Contract Tower,5,20,11,0,36,0,0,3,0,3,5,20,14,0,39,2,0,2,41
11/22/2018,LBE,PA,AEA,CE,Federal Contract Tower,5,7,2,0,14,0,3,13,0,16,5,10,15,0,30,0,0,0,30
11/23/2018,LBE,PA,AEA,CE,Federal Contract Tower,7,9,12,0,28,0,0,0,0,0,7,9,12,0,28,16,0,16,44
11/24/2018,LBE,PA,AEA,CE,Federal Contract Tower,7,3,10,0,20,0,0,0,0,0,7,3,10,0,20,0,0,0,20
11/25/2018,LBE,PA,AEA,CE,Federal Contract Tower,5,27,4,0,36,0,0,28,0,28,5,27,32,0,64,52,0,52,116
11/26/2018,LBE,PA,AEA,CE,Federal Contract Tower,7,17,5,0,29,0,0,0,0,0,7,17,5,0,29,0,0,0,29
11/27/2018,LBE,PA,AEA,CE,Federal Contract Tower,1,10,5,0,16,0,0,2,0,2,1,10,7,0,18,0,0,0,18
11/28/2018,LBE,PA,AEA,CE,Federal Contract Tower,1,9,5,2,17,0,0,0,0,0,1,9,5,2,17,0,0,0,17
11/29/2018,LBE,PA,AEA,CE,Federal Contract Tower,5,18,9,2,34,0,0,19,0,19,5,18,28,2,53,16,10,26,79
11/30/2018,LBE,PA,AEA,CE,Federal Contract Tower,5,14,7,0,26,0,0,0,0,0,5,14,7,0,26,0,0,0,26
12/01/2018,LBE,PA,AEA,CE,Federal Contract Tower,5,6,5,0,16,0,0,0,0,0,5,6,5,0,16,0,0,0,16
12/02/2018,LBE,PA,AEA,CE,Federal Contract Tower,5,14,2,0,21,0,1,29,2,32,5,15,31,2,53,20,0,20,73
12/03/2018,LBE,PA,AEA,CE,Federal Contract Tower,5,11,5,0,21,0,0,0,0,0,5,11,5,0,21,0,0,0,21
12/04/2018,LBE,PA,AEA,CE,Federal Contract Tower,1,6,9,1,17,0,1,8,0,9,1,7,17,1,26,0,0,0,26
12/05/2018,LBE,PA,AEA,CE,Federal Contract Tower,1,19,11,2,33,0,0,1,0,1,1,19,12,2,34,0,0,0,34
12/06/2018,LBE,PA,AEA,CE,Federal Contract Tower,5,15,10,0,30,0,0,0,0,0,5,15,10,0,30,8,0,8,38
12/07/2018,LBE,PA,AEA,CE,Federal Contract Tower,7,5,12,1,25,0,0,27,1,28,7,5,39,2,53,20,0,20,73
12/08/2018,LBE,PA,AEA,CE,Federal Contract Tower,5,1,3,0,9,0,0,20,0,20,5,1,23,0,29,24,0,24,53
12/09/2018,LBE,PA,AEA,CE,Federal Contract Tower,6,5,8,0,19,0,2,44,0,46,6,7,52,0,65,24,0,24,89
12/10/2018,LBE,PA,AEA,CE,Federal Contract Tower,5,12,9,0,26,0,2,0,0,2,5,14,9,0,28,0,0,0,28
12/11/2018,LBE,PA,AEA,CE,Federal Contract Tower,1,18,11,0,30,0,0,27,0,27,1,18,38,0,57,22,0,22,79
12/12/2018,LBE,PA,AEA,CE,Federal Contract Tower,1,14,5,2,22,0,4,33,4,41,1,18,38,6,63,2,0,2,65
12/13/2018,LBE,PA,AEA,CE,Federal Contract Tower,5,14,9,0,28,0,1,37,0,38,5,15,46,0,66,32,0,32,98
12/14/2018,LBE,PA,AEA,CE,Federal Contract Tower,7,18,11,0,36,0,0,20,0,20,7,18,31,0,56,14,0,14,70
12/15/2018,LBE,PA,AEA,CE,Federal Contract Tower,5,9,5,0,19,0,0,0,0,0,5,9,5,0,19,0,0,0,19
12/16/2018,LBE,PA,AEA,CE,Federal Contract Tower,5,10,6,0,21,0,0,2,0,2,5,10,8,0,23,0,0,0,23
12/17/2018,LBE,PA,AEA,CE,Federal Contract Tower,5,15,10,0,30,0,6,2,0,8,5,21,12,0,38,0,0,0,38
12/18/2018,LBE,PA,AEA,CE,Federal Contract Tower,1,15,11,0,27,0,0,65,0,65,1,15,76,0,92,0,0,0,92
12/19/2018,LBE,PA,AEA,CE,Federal Contract Tower,1,14,18,0,33,0,0,45,0,45,1,14,63,0,78,32,0,32,110
12/20/2018,LBE,PA,AEA,CE,Federal Contract Tower,5,10,6,5,26,0,2,16,3,21,5,12,22,8,47,8,8,16,63
12/21/2018,LBE,PA,AEA,CE,Federal Contract Tower,5,12,3,0,20,0,0,0,0,0,5,12,3,0,20,0,0,0,20
12/22/2018,LBE,PA,AEA,CE,Federal Contract Tower,5,14,5,0,24,0,0,0,0,0,5,14,5,0,24,0,0,0,24
12/23/2018,LBE,PA,AEA,CE,Federal Contract Tower,5,9,4,0,18,0,1,30,0,31,5,10,34,0,49,36,0,36,85
12/24/2018,LBE,PA,AEA,CE,Federal Contract Tower,5,3,1,0,9,0,0,3,0,3,5,3,4,0,12,0,0,0,12
12/25/2018,LBE,PA,AEA,CE,Federal Contract Tower,5,2,0,0,7,0,0,0,0,0,5,2,0,0,7,0,0,0,7
12/26/2018,LBE,PA,AEA,CE,Federal Contract Tower,5,18,9,0,32,0,0,56,0,56,5,18,65,0,88,10,0,10,98
12/27/2018,LBE,PA,AEA,CE,Federal Contract Tower,5,17,9,4,35,0,4,26,1,31,5,21,35,5,66,2,0,2,68
12/28/2018,LBE,PA,AEA,CE,Federal Contract Tower,5,14,5,0,24,0,0,0,0,0,5,14,5,0,24,0,0,0,24
12/29/2018,LBE,PA,AEA,CE,Federal Contract Tower,5,5,5,0,15,0,0,12,0,12,5,5,17,0,27,40,0,40,67
12/30/2018,LBE,PA,AEA,CE,Federal Contract Tower,7,10,4,0,21,0,0,38,0,38,7,10,42,0,59,26,0,26,85
12/31/2018,LBE,PA,AEA,CE,Federal Contract Tower,5,4,5,0,14,0,0,0,0,0,5,4,5,0,14,0,0,0,14
01/01/2019,LBE,PA,AEA,CE,Federal Contract Tower,8,1,3,0,12,0,0,0,0,0,8,1,3,0,12,0,0,0,12
01/02/2019,LBE,PA,AEA,CE,Federal Contract Tower,6,13,1,0,20,0,0,2,0,2,6,13,3,0,22,0,0,0,22
01/03/2019,LBE,PA,AEA,CE,Federal Contract Tower,5,20,3,3,31,0,0,11,1,12,5,20,14,4,43,22,8,30,73
01/04/2019,LBE,PA,AEA,CE,Federal Contract Tower,6,0,3,7,16,0,1,19,1,21,6,1,22,8,37,16,20,36,73
01/05/2019,LBE,PA,AEA,CE,Federal Contract Tower,5,6,5,0,16,0,0,22,0,22,5,6,27,0,38,16,0,16,54
01/06/2019,LBE,PA,AEA,CE,Federal Contract Tower,7,9,2,0,18,0,0,13,0,13,7,9,15,0,31,30,0,30,61
01/07/2019,LBE,PA,AEA,CE,Federal Contract Tower,5,12,7,0,24,0,0,15,4,19,5,12,22,4,43,0,4,4,47
01/08/2019,LBE,PA,AEA,CE,Federal Contract Tower,5,11,6,0,22,0,0,3,0,3,5,11,9,0,25,0,0,0,25
01/09/2019,LBE,PA,AEA,CE,Federal Contract Tower,5,10,2,0,17,0,1,0,0,1,5,11,2,0,18,0,0,0,18
01/10/2019,LBE,PA,AEA,CE,Federal Contract Tower,5,11,3,0,19,0,0,3,0,3,5,11,6,0,22,0,0,0,22
01/11/2019,LBE,PA,AEA,CE,Federal Contract Tower,5,2,9,2,18,0,2,23,1,26,5,4,32,3,44,48,0,48,92
01/12/2019,LBE,PA,AEA,CE,Federal Contract Tower,5,2,5,0,12,0,0,12,0,12,5,2,17,0,24,20,0,20,44
01/13/2019,LBE,PA,AEA,CE,Federal Contract Tower,5,2,4,0,11,0,0,0,0,0,5,2,4,0,11,0,0,0,11
01/14/2019,LBE,PA,AEA,CE,Federal Contract Tower,5,13,1,3,22,0,0,34,4,38,5,13,35,7,60,66,14,80,140
01/15/2019,LBE,PA,AEA,CE,Federal Contract Tower,2,17,11,4,34,0,3,14,0,17,2,20,25,4,51,28,0,28,79
01/16/2019,LBE,PA,AEA,CE,Federal Contract Tower,1,10,7,0,18,0,0,0,0,0,1,10,7,0,18,0,0,0,18
01/17/2019,LBE,PA,AEA,CE,Federal Contract Tower,5,12,9,4,30,0,0,8,0,8,5,12,17,4,38,8,0,8,46
01/18/2019,LBE,PA,AEA,CE,Federal Contract Tower,5,8,6,0,19,0,0,12,0,12,5,8,18,0,31,0,0,0,31
01/19/2019,LBE,PA,AEA,CE,Federal Contract Tower,5,3,0,0,8,0,2,2,0,4,5,5,2,0,12,10,0,10,22
01/20/2019,LBE,PA,AEA,CE,Federal Contract Tower,1,4,0,0,5,0,0,0,0,0,1,4,0,0,5,0,0,0,5
01/21/2019,LBE,PA,AEA,CE,Federal Contract Tower,4,16,7,0,27,0,0,7,0,7,4,16,14,0,34,0,0,0,34
01/22/2019,LBE,PA,AEA,CE,Federal Contract Tower,1,16,2,0,19,0,1,29,2,32,1,17,31,2,51,10,0,10,61
01/23/2019,LBE,PA,AEA,CE,Federal Contract Tower,1,10,2,2,15,0,2,0,0,2,1,12,2,2,17,0,0,0,17
01/24/2019,LBE,PA,AEA,CE,Federal Contract Tower,5,9,4,0,18,0,0,0,0,0,5,9,4,0,18,0,0,0,18
01/25/2019,LBE,PA,AEA,CE,Federal Contract Tower,5,9,2,0,16,0,0,4,2,6,5,9,6,2,22,0,2,2,24
01/26/2019,LBE,PA,AEA,CE,Federal Contract Tower,5,12,4,0,21,0,0,0,0,0,5,12,4,0,21,0,0,0,21
01/27/2019,LBE,PA,AEA,CE,Federal Contract Tower,5,9,4,0,18,0,2,0,4,6,5,11,4,4,24,8,0,8,32
01/28/2019,LBE,PA,AEA,CE,Federal Contract Tower,5,16,1,8,30,0,0,52,0,52,5,16,53,8,82,6,0,6,88
01/29/2019,LBE,PA,AEA,CE,Federal Contract Tower,1,12,1,2,16,0,1,2,0,3,1,13,3,2,19,0,0,0,19
01/30/2019,LBE,PA,AEA,CE,Federal Contract Tower,1,7,5,0,13,0,0,0,0,0,1,7,5,0,13,0,0,0,13
01/31/2019,LBE,PA,AEA,CE,Federal Contract Tower,5,10,0,2,17,0,4,15,1,20,5,14,15,3,37,2,0,2,39
02/01/2019,LBE,PA,AEA,CE,Federal Contract Tower,5,13,0,1,19,0,0,1,0,1,5,13,1,1,20,0,0,0,20
02/02/2019,LBE,PA,AEA,CE,Federal Contract Tower,5,7,3,0,15,0,2,22,0,24,5,9,25,0,39,30,0,30,69
02/03/2019,LBE,PA,AEA,CE,Federal Contract Tower,5,7,4,0,16,0,0,51,0,51,5,7,55,0,67,24,0,24,91
02/04/2019,LBE,PA,AEA,CE,Federal Contract Tower,5,10,7,2,24,0,3,37,0,40,5,13,44,2,64,20,0,20,84
02/05/2019,LBE,PA,AEA,CE,Federal Contract Tower,1,9,6,2,18,0,0,0,0,0,1,9,6,2,18,0,0,0,18
02/06/2019,LBE,PA,AEA,CE,Federal Contract Tower,1,22,3,2,28,0,0,0,0,0,1,22,3,2,28,0,0,0,28
02/07/2019,LBE,PA,AEA,CE,Federal Contract Tower,5,12,6,0,23,0,0,10,0,10,5,12,16,0,33,2,0,2,35
02/08/2019,LBE,PA,AEA,CE,Federal Contract Tower,7,6,6,2,21,0,2,2,4,8,7,8,8,6,29,0,0,0,29
02/09/2019,LBE,PA,AEA,CE,Federal Contract Tower,3,2,1,0,6,0,2,45,0,47,3,4,46,0,53,48,0,48,101
02/10/2019,LBE,PA,AEA,CE,Federal Contract Tower,7,7,4,0,18,0,2,51,2,55,7,9,55,2,73,40,0,40,113
02/11/2019,LBE,PA,AEA,CE,Federal Contract Tower,5,12,3,0,20,0,0,0,0,0,5,12,3,0,20,0,0,0,20
02/12/2019,LBE,PA,AEA,CE,Federal Contract Tower,1,17,4,0,22,0,0,2,0,2,1,17,6,0,24,0,0,0,24
02/13/2019,LBE,PA,AEA,CE,Federal Contract Tower,1,14,10,0,25,0,2,0,0,2,1,16,10,0,27,0,0,0,27
02/14/2019,LBE,PA,AEA,CE,Federal Contract Tower,5,15,16,2,38,0,6,44,0,50,5,21,60,2,88,10,0,10,98
02/15/2019,LBE,PA,AEA,CE,Federal Contract Tower,7,11,6,0,24,0,0,4,0,4,7,11,10,0,28,0,0,0,28
02/16/2019,LBE,PA,AEA,CE,Federal Contract Tower,5,5,3,0,13,0,0,34,2,36,5,5,37,2,49,20,0,20,69
02/17/2019,LBE,PA,AEA,CE,Federal Contract Tower,7,9,1,0,17,0,2,8,0,10,7,11,9,0,27,10,0,10,37
02/18/2019,LBE,PA,AEA,CE,Federal Contract Tower,7,24,1,0,32,0,0,0,0,0,7,24,1,0,32,0,0,0,32
02/19/2019,LBE,PA,AEA,CE,Federal Contract Tower,5,12,8,4,29,0,0,60,4,64,5,12,68,8,93,54,4,58,151
02/20/2019,LBE,PA,AEA,CE,Federal Contract Tower,7,0,2,0,9,0,0,0,0,0,7,0,2,0,9,0,0,0,9
02/21/2019,LBE,PA,AEA,CE,Federal Contract Tower,5,13,3,7,28,0,7,21,3,31,5,20,24,10,59,10,0,10,69
02/22/2019,LBE,PA,AEA,CE,Federal Contract Tower,5,11,8,0,24,0,9,64,0,73,5,20,72,0,97,40,0,40,137
02/23/2019,LBE,PA,AEA,CE,Federal Contract Tower,5,6,4,0,15,0,2,5,0,7,5,8,9,0,22,0,0,0,22
02/24/2019,LBE,PA,AEA,CE,Federal Contract Tower,9,2,0,0,11,0,0,0,0,0,9,2,0,0,11,0,0,0,11
02/25/2019,LBE,PA,AEA,CE,Federal Contract Tower,6,11,5,2,24,0,0,4,0,4,6,11,9,2,28,0,0,0,28
02/26/2019,LBE,PA,AEA,CE,Federal Contract Tower,5,21,7,0,33,0,9,29,2,40,5,30,36,2,73,12,0,12,85
02/27/2019,LBE,PA,AEA,CE,Federal Contract Tower,7,20,5,2,34,0,2,21,3,26,7,22,26,5,60,14,0,14,74
02/28/2019,LBE,PA,AEA,CE,Federal Contract Tower,5,14,5,2,26,0,2,18,0,20,5,16,23,2,46,0,0,0,46
03/01/2019,LBE,PA,AEA,CE,Federal Contract Tower,7,12,5,0,24,0,2,2,0,4,7,14,7,0,28,0,0,0,28
03/02/2019,LBE,PA,AEA,CE,Federal Contract Tower,4,14,2,0,20,0,0,8,0,8,4,14,10,0,28,0,0,0,28
03/03/2019,LBE,PA,AEA,CE,Federal Contract Tower,7,6,1,0,14,0,0,0,0,0,7,6,1,0,14,8,0,8,22
03/04/2019,LBE,PA,AEA,CE,Federal Contract Tower,6,16,6,0,28,0,1,26,0,27,6,17,32,0,55,6,2,8,63
03/05/2019,LBE,PA,AEA,CE,Federal Contract Tower,5,21,7,2,35,0,1,19,0,20,5,22,26,2,55,0,0,0,55
03/06/2019,LBE,PA,AEA,CE,Federal Contract Tower,7,13,1,0,21,0,0,8,0,8,7,13,9,0,29,6,0,6,35
03/07/2019,LBE,PA,AEA,CE,Federal Contract Tower,5,21,8,0,34,0,2,18,0,20,5,23,26,0,54,22,0,22,76
03/08/2019,LBE,PA,AEA,CE,Federal Contract Tower,9,10,1,2,22,0,4,8,0,12,9,14,9,2,34,0,0,0,34
03/09/2019,LBE,PA,AEA,CE,Federal Contract Tower,5,8,5,0,18,0,2,44,0,46,5,10,49,0,64,14,0,14,78
03/10/2019,LBE,PA,AEA,CE,Federal Contract Tower,10,2,2,0,14,0,2,2,0,4,10,4,4,0,18,0,0,0,18
03/11/2019,LBE,PA,AEA,CE,Federal Contract Tower,7,10,8,0,25,0,5,9,0,14,7,15,17,0,39,2,0,2,41
03/12/2019,LBE,PA,AEA,CE,Federal Contract Tower,5,5,15,0,25,0,3,85,0,88,5,8,100,0,113,14,0,14,127
03/13/2019,LBE,PA,AEA,CE,Federal Contract Tower,7,8,5,0,20,0,0,45,0,45,7,8,50,0,65,56,0,56,121
03/14/2019,LBE,PA,AEA,CE,Federal Contract Tower,8,5,0,0,13,0,0,14,0,14,8,5,14,0,27,6,0,6,33
03/15/2019,LBE,PA,AEA,CE,Federal Contract Tower,7,6,3,3,19,0,0,2,0,2,7,6,5,3,21,4,8,12,33
03/16/2019,LBE,PA,AEA,CE,Federal Contract Tower,5,4,2,0,11,0,2,2,0,4,5,6,4,0,15,0,0,0,15
03/17/2019,LBE,PA,AEA,CE,Federal Contract Tower,7,8,7,0,22,0,2,57,0,59,7,10,64,0,81,52,0,52,133
03/18/2019,LBE,PA,AEA,CE,Federal Contract Tower,7,12,4,0,23,0,4,32,0,36,7,16,36,0,59,34,0,34,93
03/19/2019,LBE,PA,AEA,CE,Federal Contract Tower,7,9,10,1,27,0,0,57,0,57,7,9,67,1,84,42,0,42,126
03/20/2019,LBE,PA,AEA,CE,Federal Contract Tower,7,16,8,1,32,0,0,77,0,77,7,16,85,1,109,96,0,96,205
03/21/2019,LBE,PA,AEA,CE,Federal Contract Tower,7,17,8,0,32,0,0,22,2,24,7,17,30,2,56,90,0,90,146
03/22/2019,LBE,PA,AEA,CE,Federal Contract Tower,7,14,3,0,24,0,0,1,0,1,7,14,4,0,25,0,0,0,25
03/23/2019,LBE,PA,AEA,CE,Federal Contract Tower,5,5,6,0,16,0,4,35,0,39,5,9,41,0,55,2,0,2,57
03/24/2019,LBE,PA,AEA,CE,Federal Contract Tower,7,14,7,0,28,0,1,75,0,76,7,15,82,0,104,68,0,68,172
03/25/2019,LBE,PA,AEA,CE,Federal Contract Tower,7,6,4,2,19,0,0,11,2,13,7,6,15,4,32,0,8,8,40
03/26/2019,LBE,PA,AEA,CE,Federal Contract Tower,7,5,8,2,22,0,0,86,8,94,7,5,94,10,116,24,20,44,160
03/27/2019,LBE,PA,AEA,CE,Federal Contract Tower,7,3,7,1,18,0,0,72,0,72,7,3,79,1,90,34,0,34,124
03/28/2019,LBE,PA,AEA,CE,Federal Contract Tower,7,14,6,4,31,0,3,29,0,32,7,17,35,4,63,24,0,24,87
03/29/2019,LBE,PA,AEA,CE,Federal Contract Tower,7,9,1,0,17,0,4,8,0,12,7,13,9,0,29,4,0,4,33
03/30/2019,LBE,PA,AEA,CE,Federal Contract Tower,5,5,3,0,13,0,2,24,0,26,5,7,27,0,39,54,0,54,93
03/31/2019,LBE,PA,AEA,CE,Federal Contract Tower,7,8,0,0,15,0,0,1,0,1,7,8,1,0,16,0,0,0,16
04/01/2019,LBE,PA,AEA,CE,Federal Contract Tower,7,11,8,4,30,0,0,48,0,48,7,11,56,4,78,30,0,30,108
04/02/2019,LBE,PA,AEA,CE,Federal Contract Tower,7,18,6,0,31,0,0,53,0,53,7,18,59,0,84,52,0,52,136
04/03/2019,LBE,PA,AEA,CE,Federal Contract Tower,7,6,9,4,26,0,0,25,0,25,7,6,34,4,51,6,0,6,57
04/04/2019,LBE,PA,AEA,CE,Federal Contract Tower,7,13,8,0,28,0,1,22,0,23,7,14,30,0,51,10,0,10,61
04/05/2019,LBE,PA,AEA,CE,Federal Contract Tower,7,13,12,0,32,0,2,8,0,10,7,15,20,0,42,0,0,0,42
04/06/2019,LBE,PA,AEA,CE,Federal Contract Tower,5,6,5,0,16,0,0,57,0,57,5,6,62,0,73,58,0,58,131
04/07/2019,LBE,PA,AEA,CE,Federal Contract Tower,7,11,7,0,25,0,0,48,0,48,7,11,55,0,73,26,0,26,99
04/08/2019,LBE,PA,AEA,CE,Federal Contract Tower,7,6,5,0,18,0,0,11,0,11,7,6,16,0,29,0,0,0,29
04/09/2019,LBE,PA,AEA,CE,Federal Contract Tower,7,15,6,2,30,0,0,6,0,6,7,15,12,2,36,0,0,0,36
04/10/2019,LBE,PA,AEA,CE,Federal Contract Tower,7,7,3,0,17,0,0,84,10,94,7,7,87,10,111,10,4,14,125
04/11/2019,LBE,PA,AEA,CE,Federal Contract Tower,7,8,6,2,23,0,0,72,2,74,7,8,78,4,97,50,0,50,147
04/12/2019,LBE,PA,AEA,CE,Federal Contract Tower,8,4,1,6,19,0,1,2,0,3,8,5,3,6,22,0,0,0,22
04/13/2019,LBE,PA,AEA,CE,Federal Contract Tower,5,7,4,0,16,0,3,86,0,89,5,10,90,0,105,74,0,74,179
04/14/2019,LBE,PA,AEA,CE,Federal Contract Tower,12,2,1,0,15,0,0,2,0,2,12,2,3,0,17,14,0,14,31
04/15/2019,LBE,PA,AEA,CE,Federal Contract Tower,7,13,5,0,25,0,0,0,0,0,7,13,5,0,25,0,0,0,25
04/16/2019,LBE,PA,AEA,CE,Federal Contract Tower,7,6,1,4,18,0,0,46,2,48,7,6,47,6,66,0,0,0,66
04/17/2019,LBE,PA,AEA,CE,Federal Contract Tower,7,14,16,7,44,0,7,39,0,46,7,21,55,7,90,8,0,8,98
04/18/2019,LBE,PA,AEA,CE,Federal Contract Tower,7,16,7,4,34,0,0,25,2,27,7,16,32,6,61,4,0,4,65
04/19/2019,LBE,PA,AEA,CE,Federal Contract Tower,5,6,2,0,13,0,0,6,0,6,5,6,8,0,19,0,0,0,19
04/20/2019,LBE,PA,AEA,CE,Federal Contract Tower,1,6,7,0,14,0,0,25,0,25,1,6,32,0,39,36,0,36,75
04/21/2019,LBE,PA,AEA,CE,Federal Contract Tower,7,13,2,0,22,0,2,0,0,2,7,15,2,0,24,0,0,0,24
04/22/2019,LBE,PA,AEA,CE,Federal Contract Tower,7,19,13,0,39,0,6,78,4,88,7,25,91,4,127,52,0,52,179
04/23/2019,LBE,PA,AEA,CE,Federal Contract Tower,7,13,6,0,26,0,0,28,0,28,7,13,34,0,54,34,0,34,88
04/24/2019,LBE,PA,AEA,CE,Federal Contract Tower,7,19,13,6,45,0,0,61,10,71,7,19,74,16,116,30,10,40,156
04/25/2019,LBE,PA,AEA,CE,Federal Contract Tower,7,19,20,0,46,0,0,24,0,24,7,19,44,0,70,26,0,26,96
04/26/2019,LBE,PA,AEA,CE,Federal Contract Tower,9,8,1,0,18,0,0,0,0,0,9,8,1,0,18,0,0,0,18
04/27/2019,LBE,PA,AEA,CE,Federal Contract Tower,5,7,9,0,21,0,0,28,0,28,5,7,37,0,49,20,0,20,69
04/28/2019,LBE,PA,AEA,CE,Federal Contract Tower,7,8,11,0,26,0,0,28,0,28,7,8,39,0,54,74,0,74,128
04/29/2019,LBE,PA,AEA,CE,Federal Contract Tower,7,10,10,2,29,0,0,48,2,50,7,10,58,4,79,8,0,8,87
04/30/2019,LBE,PA,AEA,CE,Federal Contract Tower,7,19,11,0,37,0,0,22,4,26,7,19,33,4,63,36,0,36,99
05/01/2019,LBE,PA,AEA,CE,Federal Contract Tower,7,13,13,0,33,0,2,42,0,44,7,15,55,0,77,70,0,70,147
05/02/2019,LBE,PA,AEA,CE,Federal Contract Tower,7,14,16,0,37,0,0,27,0,27,7,14,43,0,64,12,0,12,76
05/03/2019,LBE,PA,AEA,CE,Federal Contract Tower,6,11,9,0,26,0,2,23,2,27,6,13,32,2,53,26,0,26,79
05/04/2019,LBE,PA,AEA,CE,Federal Contract Tower,5,5,5,0,15,0,2,3,0,5,5,7,8,0,20,12,0,12,32
05/05/2019,LBE,PA,AEA,CE,Federal Contract Tower,7,7,17,0,31,0,0,0,0,0,7,7,17,0,31,0,0,0,31
05/06/2019,LBE,PA,AEA,CE,Federal Contract Tower,6,14,6,0,26,0,0,87,0,87,6,14,93,0,113,98,0,98,211
05/07/2019,LBE,PA,AEA,CE,Federal Contract Tower,7,9,10,0,26,0,7,97,6,110,7,16,107,6,136,68,0,68,204
05/08/2019,LBE,PA,AEA,CE,Federal Contract Tower,5,2,8,5,20,0,0,58,6,64,5,2,66,11,84,12,18,30,114
05/09/2019,LBE,PA,AEA,CE,Federal Contract Tower,6,11,5,2,24,0,3,8,2,13,6,14,13,4,37,26,0,26,63
05/10/2019,LBE,PA,AEA,CE,Federal Contract Tower,7,12,7,0,26,0,0,14,0,14,7,12,21,0,40,16,0,16,56
05/11/2019,LBE,PA,AEA,CE,Federal Contract Tower,5,5,9,0,19,0,0,42,0,42,5,5,51,0,61,32,0,32,93
05/12/2019,LBE,PA,AEA,CE,Federal Contract Tower,7,9,8,0,24,0,0,0,0,0,7,9,8,0,24,0,0,0,24
05/13/2019,LBE,PA,AEA,CE,Federal Contract Tower,7,11,9,0,27,0,0,0,0,0,7,11,9,0,27,0,0,0,27
05/14/2019,LBE,PA,AEA,CE,Federal Contract Tower,7,15,11,0,33,0,0,18,4,22,7,15,29,4,55,0,12,12,67
05/15/2019,LBE,PA,AEA,CE,Federal Contract Tower,5,15,17,0,37,0,0,41,8,49,5,15,58,8,86,22,0,22,108
05/16/2019,LBE,PA,AEA,CE,Federal Contract Tower,7,15,17,1,40,0,3,24,0,27,7,18,41,1,67,0,0,0,67
05/17/2019,LBE,PA,AEA,CE,Federal Contract Tower,5,9,14,2,30,0,0,11,1,12,5,9,25,3,42,34,0,34,76
05/18/2019,LBE,PA,AEA,CE,Federal Contract Tower,3,6,11,0,20,0,2,29,0,31,3,8,40,0,51,58,0,58,109
05/19/2019,LBE,PA,AEA,CE,Federal Contract Tower,7,10,9,0,26,0,0,23,0,23,7,10,32,0,49,4,0,4,53
05/20/2019,LBE,PA,AEA,CE,Federal Contract Tower,5,7,10,2,24,0,0,14,1,15,5,7,24,3,39,24,0,24,63
05/21/2019,LBE,PA,AEA,CE,Federal Contract Tower,8,11,9,4,32,0,0,58,0,58,8,11,67,4,90,116,0,116,206
05/22/2019,LBE,PA,AEA,CE,Federal Contract Tower,6,13,8,2,29,0,0,53,2,55,6,13,61,4,84,80,0,80,164
05/23/2019,LBE,PA,AEA,CE,Federal Contract Tower,7,12,9,8,36,0,2,5,11,18,7,14,14,19,54,0,0,0,54
05/24/2019,LBE,PA,AEA,CE,Federal Contract Tower,6,23,5,1,35,0,2,49,6,57,6,25,54,7,92,4,0,4,96
05/25/2019,LBE,PA,AEA,CE,Federal Contract Tower,5,2,0,0,7,0,0,45,0,45,5,2,45,0,52,8,0,8,60
05/26/2019,LBE,PA,AEA,CE,Federal Contract Tower,8,5,1,0,14,0,0,12,4,16,8,5,13,4,30,0,0,0,30
05/27/2019,LBE,PA,AEA,CE,Federal Contract Tower,6,10,11,6,33,0,1,55,1,57,6,11,66,7,90,146,0,146,236
05/28/2019,LBE,PA,AEA,CE,Federal Contract Tower,7,10,8,9,34,0,0,6,1,7,7,10,14,10,41,0,0,0,41
05/29/2019,LBE,PA,AEA,CE,Federal Contract Tower,5,8,7,0,20,0,2,2,2,6,5,10,9,2,26,0,0,0,26
05/30/2019,LBE,PA,AEA,CE,Federal Contract Tower,7,15,5,0,27,0,0,2,2,4,7,15,7,2,31,0,0,0,31
05/31/2019,LBE,PA,AEA,CE,Federal Contract Tower,5,9,5,0,19,0,0,44,4,48,5,9,49,4,67,36,8,44,111
06/01/2019,LBE,PA,AEA,CE,Federal Contract Tower,5,14,7,0,26,0,6,60,0,66,5,20,67,0,92,100,0,100,192
06/02/2019,LBE,PA,AEA,CE,Federal Contract Tower,7,19,10,0,36,0,0,17,0,17,7,19,27,0,53,44,0,44,97
06/03/2019,LBE,PA,AEA,CE,Federal Contract Tower,5,18,5,2,30,0,0,40,0,40,5,18,45,2,70,18,0,18,88
06/04/2019,LBE,PA,AEA,CE,Federal Contract Tower,7,16,14,0,37,1,67,2,0,70,8,83,16,0,107,76,0,76,183
06/05/2019,LBE,PA,AEA,CE,Federal Contract Tower,7,8,5,2,22,0,2,7,6,15,7,10,12,8,37,34,18,52,89
06/06/2019,LBE,PA,AEA,CE,Federal Contract Tower,7,20,18,2,47,0,3,42,3,48,7,23,60,5,95,22,8,30,125
06/07/2019,LBE,PA,AEA,CE,Federal Contract Tower,6,10,16,0,32,0,0,75,2,77,6,10,91,2,109,54,0,54,163
06/08/2019,LBE,PA,AEA,CE,Federal Contract Tower,5,1,8,0,14,0,1,35,0,36,5,2,43,0,50,30,0,30,80
06/09/2019,LBE,PA,AEA,CE,Federal Contract Tower,6,22,4,0,32,0,3,21,0,24,6,25,25,0,56,32,0,32,88
06/10/2019,LBE,PA,AEA,CE,Federal Contract Tower,5,10,4,2,21,0,0,5,0,5,5,10,9,2,26,8,0,8,34
06/11/2019,LBE,PA,AEA,CE,Federal Contract Tower,8,13,14,2,37,0,0,73,2,75,8,13,87,4,112,56,14,70,182
06/12/2019,LBE,PA,AEA,CE,Federal Contract Tower,5,23,11,2,41,0,4,45,0,49,5,27,56,2,90,26,0,26,116
06/13/2019,LBE,PA,AEA,CE,Federal Contract Tower,7,12,15,0,34,0,1,0,0,1,7,13,15,0,35,0,0,0,35
06/14/2019,LBE,PA,AEA,CE,Federal Contract Tower,5,12,15,2,34,0,4,41,0,45,5,16,56,2,79,40,0,40,119
06/15/2019,LBE,PA,AEA,CE,Federal Contract Tower,7,10,5,0,22,0,2,65,0,67,7,12,70,0,89,114,0,114,203
06/16/2019,LBE,PA,AEA,CE,Federal Contract Tower,7,4,10,0,21,0,2,6,2,10,7,6,16,2,31,14,0,14,45
06/17/2019,LBE,PA,AEA,CE,Federal Contract Tower,5,17,10,0,32,0,0,12,0,12,5,17,22,0,44,32,0,32,76
06/18/2019,LBE,PA,AEA,CE,Federal Contract Tower,7,17,15,0,39,0,0,28,0,28,7,17,43,0,67,48,0,48,115
06/19/2019,LBE,PA,AEA,CE,Federal Contract Tower,5,24,14,1,44,0,4,18,3,25,5,28,32,4,69,38,0,38,107
06/20/2019,LBE,PA,AEA,CE,Federal Contract Tower,7,17,11,0,35,0,0,11,2,13,7,17,22,2,48,24,0,24,72
06/21/2019,LBE,PA,AEA,CE,Federal Contract Tower,5,12,22,1,40,0,2,18,0,20,5,14,40,1,60,0,0,0,60
06/22/2019,LBE,PA,AEA,CE,Federal Contract Tower,3,17,16,0,36,0,0,81,0,81,3,17,97,0,117,66,0,66,183
06/23/2019,LBE,PA,AEA,CE,Federal Contract Tower,7,15,8,0,30,0,0,88,4,92,7,15,96,4,122,94,0,94,216
06/24/2019,LBE,PA,AEA,CE,Federal Contract Tower,5,27,8,0,40,0,2,41,0,43,5,29,49,0,83,16,0,16,99
06/25/2019,LBE,PA,AEA,CE,Federal Contract Tower,7,12,5,6,30,0,0,41,3,44,7,12,46,9,74,48,0,48,122
06/26/2019,LBE,PA,AEA,CE,Federal Contract Tower,3,28,7,4,42,0,0,45,0,45,3,28,52,4,87,50,0,50,137
06/27/2019,LBE,PA,AEA,CE,Federal Contract Tower,7,19,9,2,37,0,0,56,12,68,7,19,65,14,105,26,4,30,135
06/28/2019,LBE,PA,AEA,CE,Federal Contract Tower,5,14,11,0,30,0,18,21,0,39,5,32,32,0,69,16,0,16,85
06/29/2019,LBE,PA,AEA,CE,Federal Contract Tower,3,9,2,0,14,0,0,42,0,42,3,9,44,0,56,66,0,66,122
06/30/2019,LBE,PA,AEA,CE,Federal Contract Tower,7,20,10,0,37,0,3,39,0,42,7,23,49,0,79,52,0,52,131
07/01/2019,LBE,PA,AEA,CE,Federal Contract Tower,5,17,5,1,28,0,0,72,4,76,5,17,77,5,104,110,0,110,214
07/02/2019,LBE,PA,AEA,CE,Federal Contract Tower,8,13,8,2,31,0,1,46,0,47,8,14,54,2,78,40,0,40,118
07/03/2019,LBE,PA,AEA,CE,Federal Contract Tower,3,14,11,0,28,0,2,29,4,35,3,16,40,4,63,0,0,0,63
07/04/2019,LBE,PA,AEA,CE,Federal Contract Tower,8,4,5,0,17,0,0,21,0,21,8,4,26,0,38,4,0,4,42
07/05/2019,LBE,PA,AEA,CE,Federal Contract Tower,5,7,3,0,15,0,2,13,0,15,5,9,16,0,30,24,0,24,54
07/06/2019,LBE,PA,AEA,CE,Federal Contract Tower,3,9,2,0,14,0,0,23,0,23,3,9,25,0,37,34,0,34,71
07/07/2019,LBE,PA,AEA,CE,Federal Contract Tower,7,13,7,0,27,0,0,4,0,4,7,13,11,0,31,0,0,0,31
07/08/2019,LBE,PA,AEA,CE,Federal Contract Tower,5,15,8,0,28,0,1,20,0,21,5,16,28,0,49,2,0,2,51
07/09/2019,LBE,PA,AEA,CE,Federal Contract Tower,7,8,5,0,20,0,4,71,0,75,7,12,76,0,95,56,2,58,153
07/10/2019,LBE,PA,AEA,CE,Federal Contract Tower,3,12,15,0,30,0,2,54,0,56,3,14,69,0,86,38,0,38,124
07/11/2019,LBE,PA,AEA,CE,Federal Contract Tower,7,15,7,0,29,0,0,4,0,4,7,15,11,0,33,0,0,0,33
07/12/2019,LBE,PA,AEA,CE,Federal Contract Tower,6,16,22,2,46,0,0,58,0,58,6,16,80,2,104,62,0,62,166
07/13/2019,LBE,PA,AEA,CE,Federal Contract Tower,3,4,9,0,16,0,0,60,0,60,3,4,69,0,76,64,0,64,140
07/14/2019,LBE,PA,AEA,CE,Federal Contract Tower,9,4,6,0,19,0,1,46,0,47,9,5,52,0,66,14,0,14,80
07/15/2019,LBE,PA,AEA,CE,Federal Contract Tower,5,8,12,2,27,0,0,65,0,65,5,8,77,2,92,46,0,46,138
07/16/2019,LBE,PA,AEA,CE,Federal Contract Tower,7,7,13,0,27,0,0,34,0,34,7,7,47,0,61,44,0,44,105
07/17/2019,LBE,PA,AEA,CE,Federal Contract Tower,3,18,7,0,28,0,0,38,0,38,3,18,45,0,66,0,0,0,66
07/18/2019,LBE,PA,AEA,CE,Federal Contract Tower,7,31,12,0,50,0,4,45,2,51,7,35,57,2,101,18,0,18,119
07/19/2019,LBE,PA,AEA,CE,Federal Contract Tower,5,23,22,1,51,0,1,36,0,37,5,24,58,1,88,28,0,28,116
07/20/2019,LBE,PA,AEA,CE,Federal Contract Tower,3,4,9,0,16,0,1,32,0,33,3,5,41,0,49,40,0,40,89
07/21/2019,LBE,PA,AEA,CE,Federal Contract Tower,7,20,11,0,38,0,0,25,0,25,7,20,36,0,63,22,0,22,85
07/22/2019,LBE,PA,AEA,CE,Federal Contract Tower,5,19,8,0,32,0,0,0,0,0,5,19,8,0,32,0,0,0,32
07/23/2019,LBE,PA,AEA,CE,Federal Contract Tower,7,20,16,8,51,0,0,46,0,46,7,20,62,8,97,36,4,40,137
07/24/2019,LBE,PA,AEA,CE,Federal Contract Tower,3,16,14,0,33,0,1,53,2,56,3,17,67,2,89,46,0,46,135
07/25/2019,LBE,PA,AEA,CE,Federal Contract Tower,7,16,10,0,33,0,5,68,2,75,7,21,78,2,108,18,0,18,126
07/26/2019,LBE,PA,AEA,CE,Federal Contract Tower,5,11,9,0,25,0,0,66,2,68,5,11,75,2,93,56,0,56,149
07/27/2019,LBE,PA,AEA,CE,Federal Contract Tower,3,9,10,0,22,0,1,84,0,85,3,10,94,0,107,22,0,22,129
07/28/2019,LBE,PA,AEA,CE,Federal Contract Tower,7,18,20,0,45,0,0,65,0,65,7,18,85,0,110,44,0,44,154
07/29/2019,LBE,PA,AEA,CE,Federal Contract Tower,5,13,7,0,25,0,0,48,0,48,5,13,55,0,73,24,0,24,97
07/30/2019,LBE,PA,AEA,CE,Federal Contract Tower,7,18,4,2,31,0,2,22,5,29,7,20,26,7,60,24,8,32,92
07/31/2019,LBE,PA,AEA,CE,Federal Contract Tower,3,23,8,0,34,0,4,38,0,42,3,27,46,0,76,30,0,30,106
08/01/2019,LBE,PA,AEA,CE,Federal Contract Tower,7,19,19,2,47,0,1,48,0,49,7,20,67,2,96,28,0,28,124
08/02/2019,LBE,PA,AEA,CE,Federal Contract Tower,7,9,8,0,24,0,23,4,0,27,7,32,12,0,51,6,4,10,61
08/03/2019,LBE,PA,AEA,CE,Federal Contract Tower,3,4,16,0,23,0,0,63,0,63,3,4,79,0,86,72,0,72,158
08/04/2019,LBE,PA,AEA,CE,Federal Contract Tower,9,13,11,0,33,0,0,58,0,58,9,13,69,0,91,30,0,30,121
08/05/2019,LBE,PA,AEA,CE,Federal Contract Tower,5,20,9,0,34,0,2,40,0,42,5,22,49,0,76,20,0,20,96
08/06/2019,LBE,PA,AEA,CE,Federal Contract Tower,9,10,13,1,33,0,2,52,1,55,9,12,65,2,88,118,0,118,206
08/07/2019,LBE,PA,AEA,CE,Federal Contract Tower,3,12,20,2,37,0,3,16,0,19,3,15,36,2,56,2,0,2,58
08/08/2019,LBE,PA,AEA,CE,Federal Contract Tower,7,10,7,0,24,0,3,15,2,20,7,13,22,2,44,12,0,12,56
08/09/2019,LBE,PA,AEA,CE,Federal Contract Tower,5,22,14,2,43,0,3,42,1,46,5,25,56,3,89,18,2,20,109
08/10/2019,LBE,PA,AEA,CE,Federal Contract Tower,5,11,9,0,25,0,0,56,0,56,5,11,65,0,81,30,0,30,111
08/11/2019,LBE,PA,AEA,CE,Federal Contract Tower,7,20,15,0,42,0,0,63,0,63,7,20,78,0,105,16,0,16,121
08/12/2019,LBE,PA,AEA,CE,Federal Contract Tower,5,14,10,0,29,0,1,42,0,43,5,15,52,0,72,18,0,18,90
08/13/2019,LBE,PA,AEA,CE,Federal Contract Tower,7,16,5,0,28,0,0,5,0,5,7,16,10,0,33,18,0,18,51
08/14/2019,LBE,PA,AEA,CE,Federal Contract Tower,3,19,20,3,45,0,1,21,2,24,3,20,41,5,69,8,0,8,77
08/15/2019,LBE,PA,AEA,CE,Federal Contract Tower,7,16,17,0,40,0,1,38,0,39,7,17,55,0,79,0,0,0,79
08/16/2019,LBE,PA,AEA,CE,Federal Contract Tower,5,6,7,0,18,0,0,40,0,40,5,6,47,0,58,12,0,12,70
08/17/2019,LBE,PA,AEA,CE,Federal Contract Tower,3,4,9,2,18,0,0,39,0,39,3,4,48,2,57,12,0,12,69
08/18/2019,LBE,PA,AEA,CE,Federal Contract Tower,6,14,11,0,31,0,0,21,0,21,6,14,32,0,52,0,0,0,52
08/19/2019,LBE,PA,AEA,CE,Federal Contract Tower,5,10,6,4,25,0,0,47,0,47,5,10,53,4,72,12,0,12,84
08/20/2019,LBE,PA,AEA,CE,Federal Contract Tower,5,15,8,0,28,0,1,43,2,46,5,16,51,2,74,42,0,42,116
08/21/2019,LBE,PA,AEA,CE,Federal Contract Tower,3,17,11,0,31,0,0,43,0,43,3,17,54,0,74,12,0,12,86
08/22/2019,LBE,PA,AEA,CE,Federal Contract Tower,7,18,11,1,37,0,0,18,1,19,7,18,29,2,56,22,0,22,78
08/23/2019,LBE,PA,AEA,CE,Federal Contract Tower,5,15,9,2,31,0,2,29,10,41,5,17,38,12,72,42,20,62,134
08/24/2019,LBE,PA,AEA,CE,Federal Contract Tower,3,6,12,0,21,0,0,73,0,73,3,6,85,0,94,98,0,98,192
08/25/2019,LBE,PA,AEA,CE,Federal Contract Tower,7,13,18,0,38,0,1,82,0,83,7,14,100,0,121,38,0,38,159
08/26/2019,LBE,PA,AEA,CE,Federal Contract Tower,5,15,7,3,30,0,1,47,4,52,5,16,54,7,82,8,14,22,104
08/27/2019,LBE,PA,AEA,CE,Federal Contract Tower,5,16,8,2,31,0,0,7,2,9,5,16,15,4,40,18,0,18,58
08/28/2019,LBE,PA,AEA,CE,Federal Contract Tower,3,14,20,1,38,0,0,30,0,30,3,14,50,1,68,18,0,18,86
08/29/2019,LBE,PA,AEA,CE,Federal Contract Tower,7,23,14,0,44,0,0,63,2,65,7,23,77,2,109,30,0,30,139
08/30/2019,LBE,PA,AEA,CE,Federal Contract Tower,7,16,9,0,32,0,0,37,0,37,7,16,46,0,69,0,0,0,69
08/31/2019,LBE,PA,AEA,CE,Federal Contract Tower,3,3,7,0,13,0,0,61,0,61,3,3,68,0,74,28,0,28,102
09/01/2019,LBE,PA,AEA,CE,Federal Contract Tower,4,11,3,0,18,0,0,13,0,13,4,11,16,0,31,10,0,10,41
09/02/2019,LBE,PA,AEA,CE,Federal Contract Tower,2,11,6,0,19,0,0,14,0,14,2,11,20,0,33,14,0,14,47
09/03/2019,LBE,PA,AEA,CE,Federal Contract Tower,6,12,13,2,33,0,0,74,2,76,6,12,87,4,109,56,0,56,165
09/04/2019,LBE,PA,AEA,CE,Federal Contract Tower,2,12,9,6,29,0,0,35,0,35,2,12,44,6,64,10,0,10,74
09/05/2019,LBE,PA,AEA,CE,Federal Contract Tower,4,16,22,8,50,0,0,49,0,49,4,16,71,8,99,34,0,34,133
09/06/2019,LBE,PA,AEA,CE,Federal Contract Tower,6,18,9,0,33,0,0,43,3,46,6,18,52,3,79,20,0,20,99
09/07/2019,LBE,PA,AEA,CE,Federal Contract Tower,6,5,11,0,22,0,2,24,1,27,6,7,35,1,49,12,0,12,61
09/08/2019,LBE,PA,AEA,CE,Federal Contract Tower,6,13,12,1,32,0,0,54,1,55,6,13,66,2,87,64,0,64,151
09/09/2019,LBE,PA,AEA,CE,Federal Contract Tower,7,9,11,0,27,0,0,33,0,33,7,9,44,0,60,42,0,42,102
09/10/2019,LBE,PA,AEA,CE,Federal Contract Tower,3,10,20,2,35,0,0,51,4,55,3,10,71,6,90,94,2,96,186
09/11/2019,LBE,PA,AEA,CE,Federal Contract Tower,2,16,16,0,34,0,0,30,0,30,2,16,46,0,64,50,0,50,114
09/12/2019,LBE,PA,AEA,CE,Federal Contract Tower,6,19,14,0,39,0,2,27,2,31,6,21,41,2,70,8,0,8,78
09/13/2019,LBE,PA,AEA,CE,Federal Contract Tower,5,10,16,0,31,0,0,21,0,21,5,10,37,0,52,0,0,0,52
09/14/2019,LBE,PA,AEA,CE,Federal Contract Tower,6,8,7,0,21,0,1,20,7,28,6,9,27,7,49,0,0,0,49
09/15/2019,LBE,PA,AEA,CE,Federal Contract Tower,5,21,16,0,42,0,2,67,1,70,5,23,83,1,112,46,0,46,158
09/16/2019,LBE,PA,AEA,CE,Federal Contract Tower,6,15,5,0,26,0,0,32,2,34,6,15,37,2,60,28,0,28,88
09/17/2019,LBE,PA,AEA,CE,Federal Contract Tower,4,13,13,0,30,0,0,37,0,37,4,13,50,0,67,58,0,58,125
09/18/2019,LBE,PA,AEA,CE,Federal Contract Tower,1,18,9,0,28,0,0,67,0,67,1,18,76,0,95,110,0,110,205
09/19/2019,LBE,PA,AEA,CE,Federal Contract Tower,6,25,13,4,48,0,0,65,0,65,6,25,78,4,113,32,0,32,145
09/20/2019,LBE,PA,AEA,CE,Federal Contract Tower,6,16,3,0,25,0,0,46,0,46,6,16,49,0,71,40,0,40,111
09/21/2019,LBE,PA,AEA,CE,Federal Contract Tower,6,8,9,0,23,0,0,45,0,45,6,8,54,0,68,24,0,24,92
09/22/2019,LBE,PA,AEA,CE,Federal Contract Tower,6,10,17,0,33,0,0,75,0,75,6,10,92,0,108,30,0,30,138
09/23/2019,LBE,PA,AEA,CE,Federal Contract Tower,6,13,8,0,27,0,2,14,0,16,6,15,22,0,43,26,0,26,69
09/24/2019,LBE,PA,AEA,CE,Federal Contract Tower,4,16,17,5,42,0,0,60,4,64,4,16,77,9,106,50,0,50,156
09/25/2019,LBE,PA,AEA,CE,Federal Contract Tower,2,21,9,3,35,0,3,51,0,54,2,24,60,3,89,26,0,26,115
09/26/2019,LBE,PA,AEA,CE,Federal Contract Tower,6,13,22,1,42,0,1,43,1,45,6,14,65,2,87,14,0,14,101
09/27/2019,LBE,PA,AEA,CE,Federal Contract Tower,6,14,4,2,26,0,0,87,0,87,6,14,91,2,113,74,12,86,199
09/28/2019,LBE,PA,AEA,CE,Federal Contract Tower,6,6,3,0,15,0,2,20,0,22,6,8,23,0,37,42,0,42,79
09/29/2019,LBE,PA,AEA,CE,Federal Contract Tower,6,21,17,0,44,0,0,39,0,39,6,21,56,0,83,26,0,26,109
09/30/2019,LBE,PA,AEA,CE,Federal Contract Tower,6,11,10,0,27,0,0,12,2,14,6,11,22,2,41,28,4,32,73
10/01/2019,LBE,PA,AEA,CE,Federal Contract Tower,4,8,12,4,28,0,0,37,0,37,4,8,49,4,65,58,0,58,123
10/02/2019,LBE,PA,AEA,CE,Federal Contract Tower,2,14,5,3,24,0,4,25,3,32,2,18,30,6,56,22,0,22,78
10/03/2019,LBE,PA,AEA,CE,Federal Contract Tower,6,11,8,0,25,0,0,28,0,28,6,11,36,0,53,46,0,46,99
10/04/2019,LBE,PA,AEA,CE,Federal Contract Tower,6,6,8,0,20,0,5,33,2,40,6,11,41,2,60,48,0,48,108
10/05/2019,LBE,PA,AEA,CE,Federal Contract Tower,6,5,16,0,27,0,0,25,2,27,6,5,41,2,54,0,0,0,54
10/06/2019,LBE,PA,AEA,CE,Federal Contract Tower,6,11,6,0,23,0,0,0,0,0,6,11,6,0,23,0,0,0,23
10/07/2019,LBE,PA,AEA,CE,Federal Contract Tower,6,15,8,0,29,0,2,2,0,4,6,17,10,0,33,0,0,0,33
10/08/2019,LBE,PA,AEA,CE,Federal Contract Tower,4,8,13,0,25,0,1,43,0,44,4,9,56,0,69,22,0,22,91
10/09/2019,LBE,PA,AEA,CE,Federal Contract Tower,2,19,18,2,41,0,8,62,0,70,2,27,80,2,111,30,0,30,141
10/10/2019,LBE,PA,AEA,CE,Federal Contract Tower,6,20,13,2,41,0,3,83,2,88,6,23,96,4,129,106,0,106,235
10/11/2019,LBE,PA,AEA,CE,Federal Contract Tower,5,21,6,2,34,0,1,44,0,45,5,22,50,2,79,30,2,32,111
10/12/2019,LBE,PA,AEA,CE,Federal Contract Tower,6,3,15,0,24,0,0,33,0,33,6,3,48,0,57,30,0,30,87
10/13/2019,LBE,PA,AEA,CE,Federal Contract Tower,6,12,22,0,40,0,0,72,0,72,6,12,94,0,112,36,0,36,148
10/14/2019,LBE,PA,AEA,CE,Federal Contract Tower,5,21,12,0,38,0,0,13,0,13,5,21,25,0,51,28,0,28,79
10/15/2019,LBE,PA,AEA,CE,Federal Contract Tower,4,16,10,2,32,0,2,69,4,75,4,18,79,6,107,10,0,10,117
10/16/2019,LBE,PA,AEA,CE,Federal Contract Tower,1,7,12,0,20,0,0,1,0,1,1,7,13,0,21,0,0,0,21
10/17/2019,LBE,PA,AEA,CE,Federal Contract Tower,6,14,3,0,23,0,0,1,0,1,6,14,4,0,24,0,0,0,24
10/18/2019,LBE,PA,AEA,CE,Federal Contract Tower,8,7,14,0,29,0,2,33,3,38,8,9,47,3,67,56,0,56,123
10/19/2019,LBE,PA,AEA,CE,Federal Contract Tower,6,7,10,0,23,0,0,35,4,39,6,7,45,4,62,24,0,24,86
10/20/2019,LBE,PA,AEA,CE,Federal Contract Tower,7,22,14,0,43,0,2,62,0,64,7,24,76,0,107,66,0,66,173
10/21/2019,LBE,PA,AEA,CE,Federal Contract Tower,6,18,19,0,43,0,0,44,0,44,6,18,63,0,87,34,0,34,121
10/22/2019,LBE,PA,AEA,CE,Federal Contract Tower,4,7,4,0,15,0,0,0,0,0,4,7,4,0,15,0,0,0,15
10/23/2019,LBE,PA,AEA,CE,Federal Contract Tower,2,15,9,0,26,0,0,17,6,23,2,15,26,6,49,24,0,24,73
10/24/2019,LBE,PA,AEA,CE,Federal Contract Tower,6,9,11,2,28,0,0,65,1,66,6,9,76,3,94,74,6,80,174
10/25/2019,LBE,PA,AEA,CE,Federal Contract Tower,6,9,11,0,26,0,1,22,0,23,6,10,33,0,49,28,0,28,77
10/26/2019,LBE,PA,AEA,CE,Federal Contract Tower,4,1,4,0,9,0,2,16,0,18,4,3,20,0,27,26,0,26,53
10/27/2019,LBE,PA,AEA,CE,Federal Contract Tower,6,14,8,0,28,1,3,2,0,6,7,17,10,0,34,0,0,0,34
10/28/2019,LBE,PA,AEA,CE,Federal Contract Tower,6,10,7,0,23,0,8,47,1,56,6,18,54,1,79,24,0,24,103
10/29/2019,LBE,PA,AEA,CE,Federal Contract Tower,4,10,5,2,21,0,0,36,8,44,4,10,41,10,65,36,4,40,105
10/30/2019,LBE,PA,AEA,CE,Federal Contract Tower,2,5,7,3,17,2,2,25,2,31,4,7,32,5,48,34,0,34,82
10/31/2019,LBE,PA,AEA,CE,Federal Contract Tower,6,4,0,0,10,0,0,4,0,4,6,4,4,0,14,14,0,14,28
11/01/2019,LBE,PA,AEA,CE,Federal Contract Tower,6,13,8,0,27,0,4,20,0,24,6,17,28,0,51,0,0,0,51
11/02/2019,LBE,PA,AEA,CE,Federal Contract Tower,6,8,12,0,26,0,0,33,0,33,6,8,45,0,59,54,0,54,113
11/03/2019,LBE,PA,AEA,CE,Federal Contract Tower,5,12,11,0,28,0,0,51,0,51,5,12,62,0,79,42,0,42,121
11/04/2019,LBE,PA,AEA,CE,Federal Contract Tower,6,14,11,0,31,0,0,44,0,44,6,14,55,0,75,42,0,42,117
11/05/2019,LBE,PA,AEA,CE,Federal Contract Tower,4,14,8,5,31,0,0,6,0,6,4,14,14,5,37,22,0,22,59
11/06/2019,LBE,PA,AEA,CE,Federal Contract Tower,2,10,13,0,25,0,3,61,2,66,2,13,74,2,91,58,0,58,149
11/07/2019,LBE,PA,AEA,CE,Federal Contract Tower,6,19,9,0,34,0,0,0,0,0,6,19,9,0,34,0,0,0,34
11/08/2019,LBE,PA,AEA,CE,Federal Contract Tower,8,10,4,0,22,0,0,14,1,15,8,10,18,1,37,6,2,8,45
11/09/2019,LBE,PA,AEA,CE,Federal Contract Tower,6,4,13,0,23,0,1,64,0,65,6,5,77,0,88,56,0,56,144
11/10/2019,LBE,PA,AEA,CE,Federal Contract Tower,8,11,9,0,28,0,0,36,0,36,8,11,45,0,64,28,0,28,92
11/11/2019,LBE,PA,AEA,CE,Federal Contract Tower,5,12,2,0,19,0,2,14,0,16,5,14,16,0,35,4,0,4,39
11/12/2019,LBE,PA,AEA,CE,Federal Contract Tower,4,14,4,0,22,0,0,0,0,0,4,14,4,0,22,0,0,0,22
11/13/2019,LBE,PA,AEA,CE,Federal Contract Tower,2,18,15,2,37,0,0,13,2,15,2,18,28,4,52,24,0,24,76
11/14/2019,LBE,PA,AEA,CE,Federal Contract Tower,5,19,10,0,34,0,0,25,4,29,5,19,35,4,63,28,4,32,95
11/15/2019,LBE,PA,AEA,CE,Federal Contract Tower,6,8,4,1,19,0,0,38,5,43,6,8,42,6,62,14,0,14,76
11/16/2019,LBE,PA,AEA,CE,Federal Contract Tower,5,4,5,0,14,0,2,42,0,44,5,6,47,0,58,12,0,12,70
11/17/2019,LBE,PA,AEA,CE,Federal Contract Tower,5,10,18,0,33,0,0,41,0,41,5,10,59,0,74,20,0,20,94
11/18/2019,LBE,PA,AEA,CE,Federal Contract Tower,5,8,7,2,22,0,0,34,0,34,5,8,41,2,56,0,0,0,56
11/19/2019,LBE,PA,AEA,CE,Federal Contract Tower,5,16,8,10,39,0,0,10,0,10,5,16,18,10,49,20,0,20,69
11/20/2019,LBE,PA,AEA,CE,Federal Contract Tower,4,8,3,4,19,0,0,7,4,11,4,8,10,8,30,12,2,14,44
11/21/2019,LBE,PA,AEA,CE,Federal Contract Tower,5,14,12,0,31,0,1,37,0,38,5,15,49,0,69,12,0,12,81
11/22/2019,LBE,PA,AEA,CE,Federal Contract Tower,7,15,10,0,32,0,0,13,0,13,7,15,23,0,45,12,0,12,57
11/23/2019,LBE,PA,AEA,CE,Federal Contract Tower,5,6,7,0,18,0,2,36,0,38,5,8,43,0,56,24,0,24,80
11/24/2019,LBE,PA,AEA,CE,Federal Contract Tower,5,7,1,0,13,0,0,4,0,4,5,7,5,0,17,0,0,0,17
11/25/2019,LBE,PA,AEA,CE,Federal Contract Tower,7,5,4,0,16,0,2,29,1,32,7,7,33,1,48,0,0,0,48
11/26/2019,LBE,PA,AEA,CE,Federal Contract Tower,5,15,6,0,26,0,0,73,2,75,5,15,79,2,101,64,2,66,167
11/27/2019,LBE,PA,AEA,CE,Federal Contract Tower,5,23,4,0,32,0,0,0,0,0,5,23,4,0,32,0,0,0,32
11/28/2019,LBE,PA,AEA,CE,Federal Contract Tower,5,2,4,0,11,0,2,4,0,6,5,4,8,0,17,6,0,6,23
11/29/2019,LBE,PA,AEA,CE,Federal Contract Tower,7,14,10,0,31,0,0,16,0,16,7,14,26,0,47,30,0,30,77
12/01/2019,LBE,PA,AEA,CE,Federal Contract Tower,5,25,2,0,32,0,0,0,0,0,5,25,2,0,32,0,0,0,32
12/02/2019,LBE,PA,AEA,CE,Federal Contract Tower,5,19,2,0,26,0,0,0,0,0,5,19,2,0,26,0,0,0,26
12/03/2019,LBE,PA,AEA,CE,Federal Contract Tower,3,11,10,2,26,0,2,1,0,3,3,13,11,2,29,0,0,0,29
12/04/2019,LBE,PA,AEA,CE,Federal Contract Tower,1,14,5,0,20,0,0,0,0,0,1,14,5,0,20,0,0,0,20
12/05/2019,LBE,PA,AEA,CE,Federal Contract Tower,6,18,14,0,38,0,0,6,0,6,6,18,20,0,44,0,0,0,44
12/06/2019,LBE,PA,AEA,CE,Federal Contract Tower,4,9,9,0,22,0,2,11,0,13,4,11,20,0,35,0,0,0,35
12/07/2019,LBE,PA,AEA,CE,Federal Contract Tower,5,5,7,0,17,0,0,50,0,50,5,5,57,0,67,30,0,30,97
12/09/2019,LBE,PA,AEA,CE,Federal Contract Tower,4,4,6,0,14,0,0,0,0,0,4,4,6,0,14,0,0,0,14
12/10/2019,LBE,PA,AEA,CE,Federal Contract Tower,0,8,2,0,10,0,0,1,2,3,0,8,3,2,13,0,10,10,23
12/11/2019,LBE,PA,AEA,CE,Federal Contract Tower,1,15,2,0,18,0,0,24,1,25,1,15,26,1,43,0,0,0,43
12/12/2019,LBE,PA,AEA,CE,Federal Contract Tower,5,16,12,0,33,0,0,39,0,39,5,16,51,0,72,22,0,22,94
12/13/2019,LBE,PA,AEA,CE,Federal Contract Tower,6,18,5,0,29,0,0,7,0,7,6,18,12,0,36,22,0,22,58
12/14/2019,LBE,PA,AEA,CE,Federal Contract Tower,4,2,0,0,6,0,0,0,0,0,4,2,0,0,6,0,0,0,6
12/15/2019,LBE,PA,AEA,CE,Federal Contract Tower,6,9,0,0,15,0,0,2,0,2,6,9,2,0,17,0,0,0,17
12/16/2019,LBE,PA,AEA,CE,Federal Contract Tower,5,10,1,0,16,0,1,1,0,2,5,11,2,0,18,8,0,8,26
12/17/2019,LBE,PA,AEA,CE,Federal Contract Tower,0,4,2,0,6,0,0,0,0,0,0,4,2,0,6,0,0,0,6
12/18/2019,LBE,PA,AEA,CE,Federal Contract Tower,1,13,2,0,16,0,0,2,0,2,1,13,4,0,18,0,0,0,18
12/19/2019,LBE,PA,AEA,CE,Federal Contract Tower,5,28,6,0,39,0,4,59,3,66,5,32,65,3,105,14,0,14,119
12/20/2019,LBE,PA,AEA,CE,Federal Contract Tower,4,3,0,0,7,0,0,43,2,45,4,3,43,2,52,22,0,22,74
12/21/2019,LBE,PA,AEA,CE,Federal Contract Tower,4,9,4,0,17,0,0,49,0,49,4,9,53,0,66,64,0,64,130
12/22/2019,LBE,PA,AEA,CE,Federal Contract Tower,5,8,12,0,25,0,2,53,0,55,5,10,65,0,80,22,0,22,102
12/23/2019,LBE,PA,AEA,CE,Federal Contract Tower,5,8,3,0,16,0,0,51,0,51,5,8,54,0,67,18,0,18,85
12/24/2019,LBE,PA,AEA,CE,Federal Contract Tower,5,11,4,0,20,0,0,25,0,25,5,11,29,0,45,6,0,6,51
12/25/2019,LBE,PA,AEA,CE,Federal Contract Tower,5,4,1,0,10,0,0,11,0,11,5,4,12,0,21,0,0,0,21
12/26/2019,LBE,PA,AEA,CE,Federal Contract Tower,4,19,6,0,29,0,0,43,0,43,4,19,49,0,72,2,0,2,74
12/27/2019,LBE,PA,AEA,CE,Federal Contract Tower,4,11,9,0,24,0,0,16,0,16,4,11,25,0,40,24,0,24,64
12/28/2019,LBE,PA,AEA,CE,Federal Contract Tower,5,13,15,0,33,0,0,3,0,3,5,13,18,0,36,0,0,0,36
12/29/2019,LBE,PA,AEA,CE,Federal Contract Tower,6,7,11,0,24,0,0,2,0,2,6,7,13,0,26,6,0,6,32
12/30/2019,LBE,PA,AEA,CE,Federal Contract Tower,4,6,6,0,16,0,0,2,0,2,4,6,8,0,18,14,0,14,32
12/31/2019,LBE,PA,AEA,CE,Federal Contract Tower,7,2,2,0,11,0,0,0,0,0,7,2,2,0,11,0,0,0,11
01/01/2020,LBE,PA,AEA,CE,Federal Contract Tower,5,10,3,0,18,0,0,2,0,2,5,10,5,0,20,20,0,20,40
01/02/2020,LBE,PA,AEA,CE,Federal Contract Tower,6,5,15,0,26,0,8,36,0,44,6,13,51,0,70,56,0,56,126
01/03/2020,LBE,PA,AEA,CE,Federal Contract Tower,4,4,1,0,9,0,0,0,0,0,4,4,1,0,9,0,0,0,9
01/04/2020,LBE,PA,AEA,CE,Federal Contract Tower,6,2,2,0,10,0,0,0,0,0,6,2,2,0,10,0,0,0,10
01/05/2020,LBE,PA,AEA,CE,Federal Contract Tower,5,6,0,0,11,0,0,11,0,11,5,6,11,0,22,10,0,10,32
01/06/2020,LBE,PA,AEA,CE,Federal Contract Tower,5,8,0,0,13,0,0,16,0,16,5,8,16,0,29,8,0,8,37
01/07/2020,LBE,PA,AEA,CE,Federal Contract Tower,1,7,3,0,11,0,0,2,0,2,1,7,5,0,13,0,0,0,13
01/08/2020,LBE,PA,AEA,CE,Federal Contract Tower,1,9,2,0,12,0,2,1,2,5,1,11,3,2,17,0,0,0,17
01/09/2020,LBE,PA,AEA,CE,Federal Contract Tower,5,11,7,3,26,0,2,40,4,46,5,13,47,7,72,26,14,40,112
01/10/2020,LBE,PA,AEA,CE,Federal Contract Tower,5,2,4,0,11,0,0,32,0,32,5,2,36,0,43,56,0,56,99
01/11/2020,LBE,PA,AEA,CE,Federal Contract Tower,5,1,2,0,8,0,0,12,0,12,5,1,14,0,20,22,0,22,42
01/12/2020,LBE,PA,AEA,CE,Federal Contract Tower,5,13,9,0,27,0,0,5,0,5,5,13,14,0,32,14,0,14,46
01/13/2020,LBE,PA,AEA,CE,Federal Contract Tower,6,8,8,0,22,0,0,26,0,26,6,8,34,0,48,30,0,30,78
01/14/2020,LBE,PA,AEA,CE,Federal Contract Tower,1,11,6,0,18,0,0,10,0,10,1,11,16,0,28,22,0,22,50
01/15/2020,LBE,PA,AEA,CE,Federal Contract Tower,1,7,7,0,15,0,2,36,3,41,1,9,43,3,56,30,0,30,86
01/16/2020,LBE,PA,AEA,CE,Federal Contract Tower,5,11,6,0,22,0,1,1,0,2,5,12,7,0,24,0,0,0,24
01/17/2020,LBE,PA,AEA,CE,Federal Contract Tower,5,16,3,0,24,0,1,36,4,41,5,17,39,4,65,2,2,4,69
01/18/2020,LBE,PA,AEA,CE,Federal Contract Tower,5,7,1,0,13,0,0,0,0,0,5,7,1,0,13,0,0,0,13
01/19/2020,LBE,PA,AEA,CE,Federal Contract Tower,5,10,0,0,15,0,0,0,0,0,5,10,0,0,15,0,0,0,15
01/20/2020,LBE,PA,AEA,CE,Federal Contract Tower,5,17,4,0,26,0,2,19,0,21,5,19,23,0,47,48,0,48,95
01/21/2020,LBE,PA,AEA,CE,Federal Contract Tower,1,12,2,0,15,0,0,41,0,41,1,12,43,0,56,48,0,48,104
01/22/2020,LBE,PA,AEA,CE,Federal Contract Tower,1,11,6,2,20,0,3,65,2,70,1,14,71,4,90,66,12,78,168
01/23/2020,LBE,PA,AEA,CE,Federal Contract Tower,5,12,5,0,22,0,1,69,1,71,5,13,74,1,93,68,0,68,161
01/24/2020,LBE,PA,AEA,CE,Federal Contract Tower,5,11,8,2,26,0,0,8,0,8,5,11,16,2,34,22,0,22,56
01/25/2020,LBE,PA,AEA,CE,Federal Contract Tower,5,7,0,0,12,0,0,0,0,0,5,7,0,0,12,0,0,0,12
01/26/2020,LBE,PA,AEA,CE,Federal Contract Tower,5,7,2,0,14,0,0,0,0,0,5,7,2,0,14,0,0,0,14
01/27/2020,LBE,PA,AEA,CE,Federal Contract Tower,5,16,2,4,27,0,0,0,0,0,5,16,2,4,27,0,0,0,27
01/28/2020,LBE,PA,AEA,CE,Federal Contract Tower,1,7,3,2,13,0,0,0,0,0,1,7,3,2,13,0,0,0,13
01/29/2020,LBE,PA,AEA,CE,Federal Contract Tower,1,10,5,0,16,0,0,17,2,19,1,10,22,2,35,0,6,6,41
01/30/2020,LBE,PA,AEA,CE,Federal Contract Tower,5,9,7,0,21,0,0,18,3,21,5,9,25,3,42,6,0,6,48
01/31/2020,LBE,PA,AEA,CE,Federal Contract Tower,5,13,7,4,29,0,1,21,1,23,5,14,28,5,52,4,2,6,58
02/01/2020,LBE,PA,AEA,CE,Federal Contract Tower,6,0,2,0,8,0,0,0,0,0,6,0,2,0,8,0,0,0,8
02/02/2020,LBE,PA,AEA,CE,Federal Contract Tower,5,4,4,0,13,0,0,0,0,0,5,4,4,0,13,0,0,0,13
02/03/2020,LBE,PA,AEA,CE,Federal Contract Tower,5,13,8,3,29,0,2,83,0,85,5,15,91,3,114,102,0,102,216
02/04/2020,LBE,PA,AEA,CE,Federal Contract Tower,1,7,2,6,16,0,0,7,4,11,1,7,9,10,27,0,8,8,35
02/05/2020,LBE,PA,AEA,CE,Federal Contract Tower,1,7,6,1,15,0,0,11,1,12,1,7,17,2,27,2,0,2,29
02/06/2020,LBE,PA,AEA,CE,Federal Contract Tower,4,20,4,0,28,0,0,0,0,0,4,20,4,0,28,0,0,0,28
02/07/2020,LBE,PA,AEA,CE,Federal Contract Tower,5,7,2,0,14,0,0,0,0,0,5,7,2,0,14,0,0,0,14
02/08/2020,LBE,PA,AEA,CE,Federal Contract Tower,5,7,3,0,15,0,0,0,0,0,5,7,3,0,15,2,0,2,17
02/09/2020,LBE,PA,AEA,CE,Federal Contract Tower,5,10,2,0,17,0,4,21,2,27,5,14,23,2,44,54,0,54,98
02/10/2020,LBE,PA,AEA,CE,Federal Contract Tower,5,13,4,0,22,0,0,0,0,0,5,13,4,0,22,0,0,0,22
02/11/2020,LBE,PA,AEA,CE,Federal Contract Tower,2,9,6,0,17,0,0,1,0,1,2,9,7,0,18,0,0,0,18
02/12/2020,LBE,PA,AEA,CE,Federal Contract Tower,1,11,10,0,22,0,10,42,0,52,1,21,52,0,74,34,0,34,108
02/13/2020,LBE,PA,AEA,CE,Federal Contract Tower,5,18,2,0,25,0,0,0,0,0,5,18,2,0,25,0,0,0,25
02/14/2020,LBE,PA,AEA,CE,Federal Contract Tower,8,9,8,0,25,0,1,14,0,15,8,10,22,0,40,12,0,12,52
02/15/2020,LBE,PA,AEA,CE,Federal Contract Tower,7,3,0,0,10,0,2,41,0,43,7,5,41,0,53,20,0,20,73
02/16/2020,LBE,PA,AEA,CE,Federal Contract Tower,7,4,3,0,14,0,2,26,0,28,7,6,29,0,42,0,0,0,42
02/17/2020,LBE,PA,AEA,CE,Federal Contract Tower,7,18,6,0,31,0,5,53,0,58,7,23,59,0,89,42,0,42,131
02/18/2020,LBE,PA,AEA,CE,Federal Contract Tower,5,12,11,4,32,0,5,7,0,12,5,17,18,4,44,14,0,14,58
02/19/2020,LBE,PA,AEA,CE,Federal Contract Tower,7,12,11,6,36,0,0,27,1,28,7,12,38,7,64,22,10,32,96
02/20/2020,LBE,PA,AEA,CE,Federal Contract Tower,5,14,12,0,31,0,0,24,2,26,5,14,36,2,57,64,6,70,127
02/21/2020,LBE,PA,AEA,CE,Federal Contract Tower,6,8,4,0,18,0,0,64,0,64,6,8,68,0,82,68,0,68,150
02/22/2020,LBE,PA,AEA,CE,Federal Contract Tower,5,7,5,0,17,0,2,46,0,48,5,9,51,0,65,12,0,12,77
02/23/2020,LBE,PA,AEA,CE,Federal Contract Tower,5,9,7,0,21,0,0,70,2,72,5,9,77,2,93,96,6,102,195
02/24/2020,LBE,PA,AEA,CE,Federal Contract Tower,6,5,1,2,14,0,0,39,2,41,6,5,40,4,55,18,0,18,73
02/25/2020,LBE,PA,AEA,CE,Federal Contract Tower,5,6,8,0,19,0,0,0,0,0,5,6,8,0,19,0,0,0,19
02/26/2020,LBE,PA,AEA,CE,Federal Contract Tower,7,6,11,0,24,0,0,4,0,4,7,6,15,0,28,0,0,0,28
02/27/2020,LBE,PA,AEA,CE,Federal Contract Tower,5,11,2,2,20,0,0,0,0,0,5,11,2,2,20,0,0,0,20
02/28/2020,LBE,PA,AEA,CE,Federal Contract Tower,7,9,3,0,19,0,2,8,0,10,7,11,11,0,29,0,0,0,29
02/29/2020,LBE,PA,AEA,CE,Federal Contract Tower,5,5,4,0,14,0,0,6,0,6,5,5,10,0,20,0,0,0,20
03/01/2020,LBE,PA,AEA,CE,Federal Contract Tower,5,13,5,0,23,0,0,78,0,78,5,13,83,0,101,90,0,90,191
03/02/2020,LBE,PA,AEA,CE,Federal Contract Tower,7,10,6,0,23,0,2,10,2,14,7,12,16,2,37,0,10,10,47
03/03/2020,LBE,PA,AEA,CE,Federal Contract Tower,5,16,13,0,34,0,0,3,0,3,5,16,16,0,37,0,0,0,37
03/04/2020,LBE,PA,AEA,CE,Federal Contract Tower,7,13,13,2,35,0,0,34,0,34,7,13,47,2,69,38,0,38,107
03/05/2020,LBE,PA,AEA,CE,Federal Contract Tower,5,6,6,2,19,0,0,67,2,69,5,6,73,4,88,26,0,26,114
03/06/2020,LBE,PA,AEA,CE,Federal Contract Tower,7,10,0,0,17,0,0,7,0,7,7,10,7,0,24,0,0,0,24
03/07/2020,LBE,PA,AEA,CE,Federal Contract Tower,5,9,6,0,20,0,0,20,0,20,5,9,26,0,40,4,0,4,44
03/08/2020,LBE,PA,AEA,CE,Federal Contract Tower,5,16,8,0,29,0,0,74,0,74,5,16,82,0,103,52,0,52,155
03/09/2020,LBE,PA,AEA,CE,Federal Contract Tower,7,9,4,2,22,0,0,25,0,25,7,9,29,2,47,0,0,0,47
03/10/2020,LBE,PA,AEA,CE,Federal Contract Tower,5,14,6,2,27,0,0,2,0,2,5,14,8,2,29,0,0,0,29
03/11/2020,LBE,PA,AEA,CE,Federal Contract Tower,7,5,14,4,30,0,0,10,0,10,7,5,24,4,40,22,0,22,62
03/12/2020,LBE,PA,AEA,CE,Federal Contract Tower,7,16,9,2,34,0,0,64,2,66,7,16,73,4,100,14,8,22,122
03/13/2020,LBE,PA,AEA,CE,Federal Contract Tower,9,8,7,0,24,0,0,4,0,4,9,8,11,0,28,0,0,0,28
03/14/2020,LBE,PA,AEA,CE,Federal Contract Tower,7,3,5,0,15,0,0,81,0,81,7,3,86,0,96,88,0,88,184
03/15/2020,LBE,PA,AEA,CE,Federal Contract Tower,7,10,13,0,30,0,0,20,0,20,7,10,33,0,50,20,0,20,70
03/16/2020,LBE,PA,AEA,CE,Federal Contract Tower,5,15,5,2,27,0,0,27,0,27,5,15,32,2,54,42,0,42,96
03/17/2020,LBE,PA,AEA,CE,Federal Contract Tower,7,5,5,4,21,0,0,1,0,1,7,5,6,4,22,0,0,0,22
03/18/2020,LBE,PA,AEA,CE,Federal Contract Tower,5,12,3,2,22,0,1,30,0,31,5,13,33,2,53,26,0,26,79
03/19/2020,LBE,PA,AEA,CE,Federal Contract Tower,7,6,2,2,17,0,0,7,0,7,7,6,9,2,24,0,0,0,24
03/20/2020,LBE,PA,AEA,CE,Federal Contract Tower,7,9,2,0,18,0,0,0,0,0,7,9,2,0,18,0,0,0,18
03/21/2020,LBE,PA,AEA,CE,Federal Contract Tower,7,0,6,0,13,0,0,2,0,2,7,0,8,0,15,2,0,2,17
03/22/2020,LBE,PA,AEA,CE,Federal Contract Tower,7,4,6,0,17,0,0,37,0,37,7,4,43,0,54,2,0,2,56
03/23/2020,LBE,PA,AEA,CE,Federal Contract Tower,6,4,2,2,14,0,0,0,0,0,6,4,2,2,14,0,0,0,14
03/24/2020,LBE,PA,AEA,CE,Federal Contract Tower,7,8,7,0,22,0,0,23,2,25,7,8,30,2,47,42,0,42,89
03/25/2020,LBE,PA,AEA,CE,Federal Contract Tower,5,1,5,5,16,0,12,6,0,18,5,13,11,5,34,8,0,8,42
03/26/2020,LBE,PA,AEA,CE,Federal Contract Tower,7,7,6,2,22,0,0,44,0,44,7,7,50,2,66,0,0,0,66
03/27/2020,LBE,PA,AEA,CE,Federal Contract Tower,7,4,1,0,12,0,0,6,0,6,7,4,7,0,18,0,0,0,18
03/28/2020,LBE,PA,AEA,CE,Federal Contract Tower,5,2,0,0,7,0,0,3,0,3,5,2,3,0,10,0,0,0,10
03/29/2020,LBE,PA,AEA,CE,Federal Contract Tower,5,4,0,0,9,0,0,1,0,1,5,4,1,0,10,0,0,0,10
03/30/2020,LBE,PA,AEA,CE,Federal Contract Tower,3,3,1,0,7,0,0,1,2,3,3,3,2,2,10,0,10,10,20
03/31/2020,LBE,PA,AEA,CE,Federal Contract Tower,3,4,4,2,13,0,3,25,4,32,3,7,29,6,45,0,0,0,45
04/01/2020,LBE,PA,AEA,CE,Federal Contract Tower,7,2,0,2,11,0,0,10,0,10,7,2,10,2,21,2,0,2,23
04/02/2020,LBE,PA,AEA,CE,Federal Contract Tower,5,10,3,0,18,0,2,16,0,18,5,12,19,0,36,38,0,38,74
04/03/2020,LBE,PA,AEA,CE,Federal Contract Tower,7,5,3,0,15,0,4,33,0,37,7,9,36,0,52,36,0,36,88
04/04/2020,LBE,PA,AEA,CE,Federal Contract Tower,5,0,6,0,11,0,0,60,2,62,5,0,66,2,73,38,0,38,111
04/05/2020,LBE,PA,AEA,CE,Federal Contract Tower,5,4,2,0,11,0,0,28,0,28,5,4,30,0,39,32,0,32,71
04/06/2020,LBE,PA,AEA,CE,Federal Contract Tower,7,4,4,0,15,0,2,83,0,85,7,6,87,0,100,88,0,88,188
04/07/2020,LBE,PA,AEA,CE,Federal Contract Tower,4,2,2,2,10,0,0,16,0,16,4,2,18,2,26,10,6,16,42
04/08/2020,LBE,PA,AEA,CE,Federal Contract Tower,3,3,0,0,6,0,0,4,2,6,3,3,4,2,12,0,0,0,12
04/09/2020,LBE,PA,AEA,CE,Federal Contract Tower,0,1,2,0,3,0,0,1,0,1,0,1,3,0,4,0,0,0,4
04/10/2020,LBE,PA,AEA,CE,Federal Contract Tower,0,2,2,0,4,0,0,2,0,2,0,2,4,0,6,2,0,2,8
04/11/2020,LBE,PA,AEA,CE,Federal Contract Tower,0,0,2,0,2,0,0,24,0,24,0,0,26,0,26,2,0,2,28
04/12/2020,LBE,PA,AEA,CE,Federal Contract Tower,0,0,1,0,1,0,1,17,0,18,0,1,18,0,19,12,0,12,31
04/13/2020,LBE,PA,AEA,CE,Federal Contract Tower,0,2,0,0,2,0,3,0,0,3,0,5,0,0,5,0,0,0,5
04/14/2020,LBE,PA,AEA,CE,Federal Contract Tower,0,5,4,0,9,0,0,38,0,38,0,5,42,0,47,4,0,4,51
04/15/2020,LBE,PA,AEA,CE,Federal Contract Tower,0,4,5,0,9,0,1,23,0,24,0,5,28,0,33,0,0,0,33
04/16/2020,LBE,PA,AEA,CE,Federal Contract Tower,0,6,2,0,8,0,0,0,0,0,0,6,2,0,8,0,0,0,8
04/17/2020,LBE,PA,AEA,CE,Federal Contract Tower,0,4,1,0,5,0,2,4,0,6,0,6,5,0,11,0,0,0,11
04/18/2020,LBE,PA,AEA,CE,Federal Contract Tower,0,1,3,0,4,0,0,21,0,21,0,1,24,0,25,4,0,4,29
04/19/2020,LBE,PA,AEA,CE,Federal Contract Tower,0,2,3,0,5,0,0,13,0,13,0,2,16,0,18,0,0,0,18
04/20/2020,LBE,PA,AEA,CE,Federal Contract Tower,0,4,10,2,16,0,0,67,0,67,0,4,77,2,83,10,0,10,93
04/21/2020,LBE,PA,AEA,CE,Federal Contract Tower,0,0,2,0,2,0,0,2,0,2,0,0,4,0,4,0,0,0,4
04/22/2020,LBE,PA,AEA,CE,Federal Contract Tower,0,4,8,0,12,0,0,18,2,20,0,4,26,2,32,6,0,6,38
04/23/2020,LBE,PA,AEA,CE,Federal Contract Tower,0,2,2,0,4,0,0,4,2,6,0,2,6,2,10,0,6,6,16
04/24/2020,LBE,PA,AEA,CE,Federal Contract Tower,0,2,7,0,9,0,0,4,0,4,0,2,11,0,13,8,0,8,21
04/25/2020,LBE,PA,AEA,CE,Federal Contract Tower,0,1,10,0,11,0,0,56,0,56,0,1,66,0,67,18,0,18,85
04/26/2020,LBE,PA,AEA,CE,Federal Contract Tower,0,5,2,0,7,0,0,0,0,0,0,5,2,0,7,0,0,0,7
04/27/2020,LBE,PA,AEA,CE,Federal Contract Tower,0,0,2,0,2,0,2,33,2,37,0,2,35,2,39,6,8,14,53
04/28/2020,LBE,PA,AEA,CE,Federal Contract Tower,0,6,1,0,7,0,0,9,0,9,0,6,10,0,16,20,0,20,36
04/29/2020,LBE,PA,AEA,CE,Federal Contract Tower,0,5,3,0,8,0,0,17,0,17,0,5,20,0,25,10,0,10,35
04/30/2020,LBE,PA,AEA,CE,Federal Contract Tower,0,5,2,0,7,0,0,9,0,9,0,5,11,0,16,0,0,0,16
05/01/2020,LBE,PA,AEA,CE,Federal Contract Tower,0,3,5,0,8,0,0,24,0,24,0,3,29,0,32,24,0,24,56
05/02/2020,LBE,PA,AEA,CE,Federal Contract Tower,0,2,6,0,8,0,0,71,0,71,0,2,77,0,79,70,0,70,149
05/03/2020,LBE,PA,AEA,CE,Federal Contract Tower,2,2,6,0,10,0,0,20,0,20,2,2,26,0,30,28,0,28,58
05/04/2020,LBE,PA,AEA,CE,Federal Contract Tower,2,4,6,0,12,0,0,18,0,18,2,4,24,0,30,4,0,4,34
05/05/2020,LBE,PA,AEA,CE,Federal Contract Tower,0,0,8,0,8,0,3,21,0,24,0,3,29,0,32,0,0,0,32
05/06/2020,LBE,PA,AEA,CE,Federal Contract Tower,0,0,2,0,2,0,0,0,0,0,0,0,2,0,2,0,0,0,2
05/07/2020,LBE,PA,AEA,CE,Federal Contract Tower,2,4,13,4,23,0,4,37,8,49,2,8,50,12,72,4,10,14,86
05/08/2020,LBE,PA,AEA,CE,Federal Contract Tower,0,7,7,0,14,0,0,2,0,2,0,7,9,0,16,0,0,0,16
05/09/2020,LBE,PA,AEA,CE,Federal Contract Tower,0,0,2,0,2,0,5,6,0,11,0,5,8,0,13,12,0,12,25
05/10/2020,LBE,PA,AEA,CE,Federal Contract Tower,2,2,4,0,8,0,4,19,0,23,2,6,23,0,31,12,0,12,43
05/11/2020,LBE,PA,AEA,CE,Federal Contract Tower,2,1,0,0,3,0,4,8,0,12,2,5,8,0,15,0,0,0,15
05/12/2020,LBE,PA,AEA,CE,Federal Contract Tower,0,5,10,0,15,0,0,23,0,23,0,5,33,0,38,0,0,0,38
05/13/2020,LBE,PA,AEA,CE,Federal Contract Tower,0,7,6,2,15,0,2,89,4,95,0,9,95,6,110,56,8,64,174
05/14/2020,LBE,PA,AEA,CE,Federal Contract Tower,2,3,5,2,12,0,2,22,0,24,2,5,27,2,36,0,0,0,36
05/15/2020,LBE,PA,AEA,CE,Federal Contract Tower,0,3,2,0,5,0,0,2,1,3,0,3,4,1,8,0,0,0,8
05/16/2020,LBE,PA,AEA,CE,Federal Contract Tower,0,1,4,0,5,0,0,32,0,32,0,1,36,0,37,10,0,10,47
05/17/2020,LBE,PA,AEA,CE,Federal Contract Tower,2,1,2,0,5,0,0,11,0,11,2,1,13,0,16,22,0,22,38
05/18/2020,LBE,PA,AEA,CE,Federal Contract Tower,2,8,3,0,13,0,0,8,0,8,2,8,11,0,21,0,0,0,21
05/19/2020,LBE,PA,AEA,CE,Federal Contract Tower,0,8,1,0,9,0,2,14,0,16,0,10,15,0,25,0,0,0,25
05/20/2020,LBE,PA,AEA,CE,Federal Contract Tower,0,3,8,2,13,0,2,12,2,16,0,5,20,4,29,0,0,0,29
05/21/2020,LBE,PA,AEA,CE,Federal Contract Tower,3,4,9,0,16,0,2,44,2,48,3,6,53,2,64,16,14,30,94
05/22/2020,LBE,PA,AEA,CE,Federal Contract Tower,0,7,4,0,11,0,0,7,0,7,0,7,11,0,18,0,0,0,18
05/23/2020,LBE,PA,AEA,CE,Federal Contract Tower,0,5,9,0,14,0,0,41,0,41,0,5,50,0,55,8,0,8,63
05/24/2020,LBE,PA,AEA,CE,Federal Contract Tower,2,4,5,0,11,0,0,34,0,34,2,4,39,0,45,38,0,38,83
05/25/2020,LBE,PA,AEA,CE,Federal Contract Tower,2,0,11,0,13,0,0,60,0,60,2,0,71,0,73,12,0,12,85
05/26/2020,LBE,PA,AEA,CE,Federal Contract Tower,0,2,6,2,10,0,3,41,0,44,0,5,47,2,54,8,0,8,62
05/27/2020,LBE,PA,AEA,CE,Federal Contract Tower,0,6,10,2,18,0,1,42,0,43,0,7,52,2,61,22,0,22,83
05/28/2020,LBE,PA,AEA,CE,Federal Contract Tower,2,1,7,0,10,0,0,9,0,9,2,1,16,0,19,0,0,0,19
05/29/2020,LBE,PA,AEA,CE,Federal Contract Tower,0,1,11,0,12,0,0,10,0,10,0,1,21,0,22,8,0,8,30
05/30/2020,LBE,PA,AEA,CE,Federal Contract Tower,0,2,8,0,10,0,0,33,1,34,0,2,41,1,44,52,2,54,98
05/31/2020,LBE,PA,AEA,CE,Federal Contract Tower,2,4,6,0,12,0,1,89,2,92,2,5,95,2,104,24,0,24,128
06/01/2020,LBE,PA,AEA,CE,Federal Contract Tower,2,1,8,0,11,0,0,67,0,67,2,1,75,0,78,38,0,38,116
06/02/2020,LBE,PA,AEA,CE,Federal Contract Tower,0,4,3,0,7,0,0,30,0,30,0,4,33,0,37,0,0,0,37
06/03/2020,LBE,PA,AEA,CE,Federal Contract Tower,0,10,6,2,18,0,0,5,0,5,0,10,11,2,23,6,0,6,29
06/04/2020,LBE,PA,AEA,CE,Federal Contract Tower,2,9,10,0,21,0,3,16,0,19,2,12,26,0,40,12,0,12,52
06/05/2020,LBE,PA,AEA,CE,Federal Contract Tower,0,6,8,0,14,0,2,14,0,16,0,8,22,0,30,8,0,8,38
06/06/2020,LBE,PA,AEA,CE,Federal Contract Tower,0,5,9,0,14,0,0,52,0,52,0,5,61,0,66,30,0,30,96
06/07/2020,LBE,PA,AEA,CE,Federal Contract Tower,2,7,3,0,12,0,1,69,0,70,2,8,72,0,82,24,0,24,106
06/08/2020,LBE,PA,AEA,CE,Federal Contract Tower,2,7,11,0,20,0,0,56,0,56,2,7,67,0,76,14,0,14,90
06/09/2020,LBE,PA,AEA,CE,Federal Contract Tower,0,1,3,0,4,0,2,51,4,57,0,3,54,4,61,28,0,28,89
06/10/2020,LBE,PA,AEA,CE,Federal Contract Tower,0,5,6,2,13,0,5,15,0,20,0,10,21,2,33,12,0,12,45
06/11/2020,LBE,PA,AEA,CE,Federal Contract Tower,2,5,3,2,12,0,2,28,2,32,2,7,31,4,44,40,4,44,88
06/12/2020,LBE,PA,AEA,CE,Federal Contract Tower,2,8,7,0,17,0,7,55,3,65,2,15,62,3,82,6,0,6,88
06/13/2020,LBE,PA,AEA,CE,Federal Contract Tower,2,3,11,0,16,0,0,72,0,72,2,3,83,0,88,60,0,60,148
06/14/2020,LBE,PA,AEA,CE,Federal Contract Tower,2,5,6,0,13,0,0,53,0,53,2,5,59,0,66,28,0,28,94
06/15/2020,LBE,PA,AEA,CE,Federal Contract Tower,2,2,1,0,5,0,2,41,0,43,2,4,42,0,48,16,0,16,64
06/16/2020,LBE,PA,AEA,CE,Federal Contract Tower,0,4,4,0,8,0,5,54,0,59,0,9,58,0,67,62,0,62,129
06/17/2020,LBE,PA,AEA,CE,Federal Contract Tower,0,10,2,2,14,0,0,39,2,41,0,10,41,4,55,36,0,36,91
06/18/2020,LBE,PA,AEA,CE,Federal Contract Tower,2,11,16,2,31,0,6,16,4,26,2,17,32,6,57,26,0,26,83
06/19/2020,LBE,PA,AEA,CE,Federal Contract Tower,3,10,10,0,23,0,1,19,0,20,3,11,29,0,43,26,0,26,69
06/20/2020,LBE,PA,AEA,CE,Federal Contract Tower,2,7,14,0,23,0,1,54,0,55,2,8,68,0,78,40,0,40,118
06/21/2020,LBE,PA,AEA,CE,Federal Contract Tower,2,6,6,0,14,0,3,25,0,28,2,9,31,0,42,18,0,18,60
06/22/2020,LBE,PA,AEA,CE,Federal Contract Tower,2,8,9,0,19,0,0,33,0,33,2,8,42,0,52,0,0,0,52
06/23/2020,LBE,PA,AEA,CE,Federal Contract Tower,2,9,14,0,25,0,1,42,2,45,2,10,56,2,70,28,0,28,98
06/24/2020,LBE,PA,AEA,CE,Federal Contract Tower,2,11,8,2,23,0,7,48,0,55,2,18,56,2,78,28,4,32,110
06/25/2020,LBE,PA,AEA,CE,Federal Contract Tower,6,8,6,0,20,0,2,48,0,50,6,10,54,0,70,46,0,46,116
06/26/2020,LBE,PA,AEA,CE,Federal Contract Tower,9,8,15,2,34,0,1,40,0,41,9,9,55,2,75,16,0,16,91
06/27/2020,LBE,PA,AEA,CE,Federal Contract Tower,3,10,9,0,22,0,0,3,0,3,3,10,12,0,25,0,0,0,25
06/28/2020,LBE,PA,AEA,CE,Federal Contract Tower,6,7,9,0,22,0,0,19,0,19,6,7,28,0,41,6,0,6,47
06/29/2020,LBE,PA,AEA,CE,Federal Contract Tower,5,4,2,0,11,0,2,64,0,66,5,6,66,0,77,54,0,54,131
06/30/2020,LBE,PA,AEA,CE,Federal Contract Tower,0,6,14,0,20,0,0,40,0,40,0,6,54,0,60,12,0,12,72
07/01/2020,LBE,PA,AEA,CE,Federal Contract Tower,6,7,14,0,27,0,8,48,4,60,6,15,62,4,87,32,2,34,121
07/02/2020,LBE,PA,AEA,CE,Federal Contract Tower,8,10,9,0,27,0,1,81,2,84,8,11,90,2,111,56,0,56,167
07/03/2020,LBE,PA,AEA,CE,Federal Contract Tower,6,21,12,0,39,0,0,54,0,54,6,21,66,0,93,18,0,18,111
07/04/2020,LBE,PA,AEA,CE,Federal Contract Tower,4,4,4,0,12,0,4,31,0,35,4,8,35,0,47,20,0,20,67
07/06/2020,LBE,PA,AEA,CE,Federal Contract Tower,6,9,5,0,20,0,0,60,0,60,6,9,65,0,80,46,0,46,126
07/07/2020,LBE,PA,AEA,CE,Federal Contract Tower,8,8,7,0,23,0,0,35,0,35,8,8,42,0,58,38,0,38,96
07/08/2020,LBE,PA,AEA,CE,Federal Contract Tower,6,4,12,0,22,0,0,46,0,46,6,4,58,0,68,20,0,20,88
07/09/2020,LBE,PA,AEA,CE,Federal Contract Tower,8,8,9,3,28,2,4,27,2,35,10,12,36,5,63,12,8,20,83
07/10/2020,LBE,PA,AEA,CE,Federal Contract Tower,6,7,4,0,17,0,48,0,0,48,6,55,4,0,65,12,0,12,77
07/11/2020,LBE,PA,AEA,CE,Federal Contract Tower,6,2,10,0,18,0,0,7,0,7,6,2,17,0,25,0,0,0,25
07/12/2020,LBE,PA,AEA,CE,Federal Contract Tower,8,5,4,0,17,0,0,29,0,29,8,5,33,0,46,46,0,46,92
07/13/2020,LBE,PA,AEA,CE,Federal Contract Tower,6,7,7,0,20,0,3,50,0,53,6,10,57,0,73,106,0,106,179
07/14/2020,LBE,PA,AEA,CE,Federal Contract Tower,6,0,7,0,13,0,4,33,2,39,6,4,40,2,52,48,0,48,100
07/15/2020,LBE,PA,AEA,CE,Federal Contract Tower,4,9,6,0,19,0,5,75,0,80,4,14,81,0,99,32,0,32,131
07/16/2020,LBE,PA,AEA,CE,Federal Contract Tower,10,9,6,0,25,0,2,27,0,29,10,11,33,0,54,52,0,52,106
07/17/2020,LBE,PA,AEA,CE,Federal Contract Tower,6,4,7,0,17,0,1,34,0,35,6,5,41,0,52,42,0,42,94
07/18/2020,LBE,PA,AEA,CE,Federal Contract Tower,6,5,5,0,16,0,0,47,0,47,6,5,52,0,63,28,0,28,91
07/19/2020,LBE,PA,AEA,CE,Federal Contract Tower,8,9,4,0,21,0,0,25,0,25,8,9,29,0,46,0,0,0,46
07/20/2020,LBE,PA,AEA,CE,Federal Contract Tower,6,3,7,6,22,0,1,33,0,34,6,4,40,6,56,18,0,18,74
07/21/2020,LBE,PA,AEA,CE,Federal Contract Tower,6,5,3,0,14,0,5,19,0,24,6,10,22,0,38,10,0,10,48
07/22/2020,LBE,PA,AEA,CE,Federal Contract Tower,6,8,9,0,23,0,1,11,0,12,6,9,20,0,35,6,0,6,41
07/23/2020,LBE,PA,AEA,CE,Federal Contract Tower,6,8,8,6,28,0,3,18,0,21,6,11,26,6,49,0,0,0,49
07/24/2020,LBE,PA,AEA,CE,Federal Contract Tower,6,6,13,0,25,0,0,78,0,78,6,6,91,0,103,30,0,30,133
07/25/2020,LBE,PA,AEA,CE,Federal Contract Tower,6,14,10,0,30,0,0,51,0,51,6,14,61,0,81,30,0,30,111
07/26/2020,LBE,PA,AEA,CE,Federal Contract Tower,6,11,7,0,24,0,5,75,0,80,6,16,82,0,104,84,0,84,188
07/27/2020,LBE,PA,AEA,CE,Federal Contract Tower,6,10,4,0,20,0,2,38,0,40,6,12,42,0,60,40,0,40,100
07/28/2020,LBE,PA,AEA,CE,Federal Contract Tower,6,14,6,0,26,0,4,30,0,34,6,18,36,0,60,38,0,38,98
07/29/2020,LBE,PA,AEA,CE,Federal Contract Tower,4,8,6,0,18,0,0,60,2,62,4,8,66,2,80,60,0,60,140
07/30/2020,LBE,PA,AEA,CE,Federal Contract Tower,4,9,14,0,27,0,2,38,0,40,4,11,52,0,67,60,0,60,127
07/31/2020,LBE,PA,AEA,CE,Federal Contract Tower,5,12,6,0,23,0,1,38,0,39,5,13,44,0,62,48,0,48,110
08/01/2020,LBE,PA,AEA,CE,Federal Contract Tower,6,5,11,0,22,0,2,29,0,31,6,7,40,0,53,42,0,42,95
08/02/2020,LBE,PA,AEA,CE,Federal Contract Tower,8,9,9,0,26,0,0,15,0,15,8,9,24,0,41,0,0,0,41
08/03/2020,LBE,PA,AEA,CE,Federal Contract Tower,7,7,10,2,26,0,0,74,0,74,7,7,84,2,100,82,0,82,182
08/04/2020,LBE,PA,AEA,CE,Federal Contract Tower,7,7,13,0,27,0,0,9,2,11,7,7,22,2,38,8,6,14,52
08/05/2020,LBE,PA,AEA,CE,Federal Contract Tower,3,8,21,0,32,0,5,54,2,61,3,13,75,2,93,44,0,44,137
08/06/2020,LBE,PA,AEA,CE,Federal Contract Tower,4,11,8,2,25,0,0,74,2,76,4,11,82,4,101,106,0,106,207
08/07/2020,LBE,PA,AEA,CE,Federal Contract Tower,6,6,8,6,26,0,1,27,0,28,6,7,35,6,54,16,0,16,70
08/08/2020,LBE,PA,AEA,CE,Federal Contract Tower,4,8,10,4,26,0,1,38,0,39,4,9,48,4,65,34,0,34,99
08/09/2020,LBE,PA,AEA,CE,Federal Contract Tower,6,12,7,0,25,0,1,28,0,29,6,13,35,0,54,2,0,2,56
08/10/2020,LBE,PA,AEA,CE,Federal Contract Tower,6,11,8,2,27,2,1,61,0,64,8,12,69,2,91,16,0,16,107
08/11/2020,LBE,PA,AEA,CE,Federal Contract Tower,2,5,8,2,17,0,1,35,2,38,2,6,43,4,55,50,0,50,105
08/12/2020,LBE,PA,AEA,CE,Federal Contract Tower,2,6,10,4,22,0,4,43,2,49,2,10,53,6,71,40,0,40,111
08/13/2020,LBE,PA,AEA,CE,Federal Contract Tower,7,15,12,0,34,0,3,42,0,45,7,18,54,0,79,72,0,72,151
08/14/2020,LBE,PA,AEA,CE,Federal Contract Tower,6,10,10,19,45,0,0,67,0,67,6,10,77,19,112,100,0,100,212
08/15/2020,LBE,PA,AEA,CE,Federal Contract Tower,2,14,8,0,24,0,0,34,0,34,2,14,42,0,58,76,0,76,134
08/16/2020,LBE,PA,AEA,CE,Federal Contract Tower,6,7,9,0,22,0,0,60,0,60,6,7,69,0,82,56,0,56,138
08/17/2020,LBE,PA,AEA,CE,Federal Contract Tower,6,5,4,2,17,0,4,37,0,41,6,9,41,2,58,68,0,68,126
08/18/2020,LBE,PA,AEA,CE,Federal Contract Tower,2,11,9,0,22,0,1,47,4,52,2,12,56,4,74,36,2,38,112
08/19/2020,LBE,PA,AEA,CE,Federal Contract Tower,2,9,6,1,18,0,0,41,4,45,2,9,47,5,63,54,2,56,119
08/20/2020,LBE,PA,AEA,CE,Federal Contract Tower,6,3,13,0,22,0,0,53,2,55,6,3,66,2,77,36,0,36,113
08/21/2020,LBE,PA,AEA,CE,Federal Contract Tower,6,8,11,0,25,0,0,28,0,28,6,8,39,0,53,22,0,22,75
08/22/2020,LBE,PA,AEA,CE,Federal Contract Tower,2,5,4,0,11,0,0,38,0,38,2,5,42,0,49,0,0,0,49
08/23/2020,LBE,PA,AEA,CE,Federal Contract Tower,6,2,9,0,17,0,1,8,0,9,6,3,17,0,26,10,0,10,36
08/24/2020,LBE,PA,AEA,CE,Federal Contract Tower,8,1,6,0,15,0,0,18,0,18,8,1,24,0,33,24,0,24,57
08/25/2020,LBE,PA,AEA,CE,Federal Contract Tower,2,4,6,0,12,0,3,21,0,24,2,7,27,0,36,24,0,24,60
08/26/2020,LBE,PA,AEA,CE,Federal Contract Tower,2,9,7,0,18,0,2,39,0,41,2,11,46,0,59,24,0,24,83
08/27/2020,LBE,PA,AEA,CE,Federal Contract Tower,6,14,8,0,28,0,0,13,0,13,6,14,21,0,41,44,0,44,85
08/28/2020,LBE,PA,AEA,CE,Federal Contract Tower,8,6,9,0,23,0,0,0,0,0,8,6,9,0,23,0,0,0,23
08/29/2020,LBE,PA,AEA,CE,Federal Contract Tower,2,3,7,0,12,0,0,8,0,8,2,3,15,0,20,6,0,6,26
08/30/2020,LBE,PA,AEA,CE,Federal Contract Tower,6,4,3,0,13,0,0,55,0,55,6,4,58,0,68,34,0,34,102
08/31/2020,LBE,PA,AEA,CE,Federal Contract Tower,6,12,5,0,23,0,2,17,0,19,6,14,22,0,42,8,0,8,50
09/01/2020,LBE,PA,AEA,CE,Federal Contract Tower,2,5,13,8,28,0,6,45,9,60,2,11,58,17,88,70,14,84,172
09/02/2020,LBE,PA,AEA,CE,Federal Contract Tower,2,3,4,0,9,0,4,8,0,12,2,7,12,0,21,10,0,10,31
09/03/2020,LBE,PA,AEA,CE,Federal Contract Tower,6,9,7,2,24,0,4,6,0,10,6,13,13,2,34,2,0,2,36
09/04/2020,LBE,PA,AEA,CE,Federal Contract Tower,8,12,9,6,35,0,3,70,1,74,8,15,79,7,109,40,0,40,149
09/05/2020,LBE,PA,AEA,CE,Federal Contract Tower,1,6,4,0,11,0,0,84,0,84,1,6,88,0,95,50,0,50,145
09/06/2020,LBE,PA,AEA,CE,Federal Contract Tower,6,3,10,0,19,0,2,35,0,37,6,5,45,0,56,10,0,10,66
09/07/2020,LBE,PA,AEA,CE,Federal Contract Tower,7,10,14,0,31,0,2,54,0,56,7,12,68,0,87,66,0,66,153
09/08/2020,LBE,PA,AEA,CE,Federal Contract Tower,3,20,12,4,39,0,12,95,4,111,3,32,107,8,150,26,0,26,176
09/09/2020,LBE,PA,AEA,CE,Federal Contract Tower,0,0,0,0,0,0,7,7,0,14,0,7,7,0,14,0,0,0,14
09/10/2020,LBE,PA,AEA,CE,Federal Contract Tower,0,0,0,0,0,0,0,2,0,2,0,0,2,0,2,4,0,4,6
09/11/2020,LBE,PA,AEA,CE,Federal Contract Tower,0,0,0,0,0,0,5,0,0,5,0,5,0,0,5,0,0,0,5
09/12/2020,LBE,PA,AEA,CE,Federal Contract Tower,0,0,0,0,0,0,0,1,0,1,0,0,1,0,1,0,0,0,1
09/13/2020,LBE,PA,AEA,CE,Federal Contract Tower,0,0,0,0,0,0,0,0,0,0,0,0,0,0,0,0,0,0,0
09/14/2020,LBE,PA,AEA,CE,Federal Contract Tower,0,0,0,0,0,0,0,7,0,7,0,0,7,0,7,0,0,0,7
09/15/2020,LBE,PA,AEA,CE,Federal Contract Tower,0,0,0,0,0,0,4,1,0,5,0,4,1,0,5,0,0,0,5
09/16/2020,LBE,PA,AEA,CE,Federal Contract Tower,0,0,0,0,0,0,3,9,0,12,0,3,9,0,12,0,0,0,12
09/17/2020,LBE,PA,AEA,CE,Federal Contract Tower,0,0,0,0,0,0,11,1,2,14,0,11,1,2,14,2,0,2,16
09/18/2020,LBE,PA,AEA,CE,Federal Contract Tower,0,0,0,0,0,0,5,1,2,8,0,5,1,2,8,0,0,0,8
09/19/2020,LBE,PA,AEA,CE,Federal Contract Tower,0,0,0,0,0,0,3,9,0,12,0,3,9,0,12,0,0,0,12
09/20/2020,LBE,PA,AEA,CE,Federal Contract Tower,0,0,0,0,0,0,2,1,0,3,0,2,1,0,3,0,0,0,3
09/21/2020,LBE,PA,AEA,CE,Federal Contract Tower,0,0,0,0,0,0,6,10,0,16,0,6,10,0,16,0,0,0,16
09/22/2020,LBE,PA,AEA,CE,Federal Contract Tower,0,0,0,0,0,0,4,0,0,4,0,4,0,0,4,0,0,0,4
09/23/2020,LBE,PA,AEA,CE,Federal Contract Tower,0,0,0,0,0,0,2,0,0,2,0,2,0,0,2,0,0,0,2
09/24/2020,LBE,PA,AEA,CE,Federal Contract Tower,0,0,0,0,0,0,6,8,0,14,0,6,8,0,14,0,0,0,14
09/25/2020,LBE,PA,AEA,CE,Federal Contract Tower,0,20,27,2,49,0,0,90,2,92,0,20,117,4,141,54,0,54,195
09/26/2020,LBE,PA,AEA,CE,Federal Contract Tower,0,4,11,0,15,0,1,39,0,40,0,5,50,0,55,40,0,40,95
09/27/2020,LBE,PA,AEA,CE,Federal Contract Tower,0,8,20,0,28,0,2,28,0,30,0,10,48,0,58,12,0,12,70
09/28/2020,LBE,PA,AEA,CE,Federal Contract Tower,0,13,8,4,25,0,4,29,0,33,0,17,37,4,58,14,0,14,72
09/29/2020,LBE,PA,AEA,CE,Federal Contract Tower,0,5,12,0,17,0,0,0,0,0,0,5,12,0,17,0,0,0,17
09/30/2020,LBE,PA,AEA,CE,Federal Contract Tower,0,13,16,1,30,0,1,18,2,21,0,14,34,3,51,22,0,22,73
10/01/2020,LBE,PA,AEA,CE,Federal Contract Tower,0,14,7,0,21,0,20,33,0,53,0,34,40,0,74,48,0,48,122
10/02/2020,LBE,PA,AEA,CE,Federal Contract Tower,2,9,18,0,29,0,1,12,0,13,2,10,30,0,42,0,0,0,42
10/03/2020,LBE,PA,AEA,CE,Federal Contract Tower,0,2,8,0,10,0,0,47,0,47,0,2,55,0,57,28,0,28,85
10/04/2020,LBE,PA,AEA,CE,Federal Contract Tower,2,13,12,0,27,0,4,36,0,40,2,17,48,0,67,16,0,16,83
10/05/2020,LBE,PA,AEA,CE,Federal Contract Tower,0,7,5,0,12,0,0,30,2,32,0,7,35,2,44,16,0,16,60
10/06/2020,LBE,PA,AEA,CE,Federal Contract Tower,0,5,11,2,18,0,3,53,2,58,0,8,64,4,76,60,4,64,140
10/07/2020,LBE,PA,AEA,CE,Federal Contract Tower,0,11,6,2,19,0,1,11,1,13,0,12,17,3,32,0,0,0,32
10/08/2020,LBE,PA,AEA,CE,Federal Contract Tower,4,19,26,2,51,0,2,40,6,48,4,21,66,8,99,28,0,28,127
10/09/2020,LBE,PA,AEA,CE,Federal Contract Tower,4,10,7,0,21,0,0,56,0,56,4,10,63,0,77,44,0,44,121
10/10/2020,LBE,PA,AEA,CE,Federal Contract Tower,4,3,6,0,13,0,3,31,0,34,4,6,37,0,47,14,0,14,61
10/11/2020,LBE,PA,AEA,CE,Federal Contract Tower,4,12,5,0,21,0,1,11,0,12,4,13,16,0,33,32,0,32,65
10/12/2020,LBE,PA,AEA,CE,Federal Contract Tower,4,15,7,0,26,0,0,0,0,0,4,15,7,0,26,0,0,0,26
10/13/2020,LBE,PA,AEA,CE,Federal Contract Tower,0,19,1,0,20,0,3,26,0,29,0,22,27,0,49,18,0,18,67
10/14/2020,LBE,PA,AEA,CE,Federal Contract Tower,0,9,8,0,17,0,1,75,0,76,0,10,83,0,93,48,0,48,141
10/15/2020,LBE,PA,AEA,CE,Federal Contract Tower,4,16,22,0,42,0,0,18,0,18,4,16,40,0,60,0,0,0,60
10/16/2020,LBE,PA,AEA,CE,Federal Contract Tower,4,10,16,0,30,0,8,25,0,33,4,18,41,0,63,22,0,22,85
10/17/2020,LBE,PA,AEA,CE,Federal Contract Tower,4,3,17,2,26,0,0,75,0,75,4,3,92,2,101,54,0,54,155
10/18/2020,LBE,PA,AEA,CE,Federal Contract Tower,4,7,22,0,33,0,0,71,0,71,4,7,93,0,104,22,0,22,126
10/19/2020,LBE,PA,AEA,CE,Federal Contract Tower,4,15,4,0,23,0,0,2,0,2,4,15,6,0,25,0,0,0,25
10/20/2020,LBE,PA,AEA,CE,Federal Contract Tower,0,13,8,0,21,0,1,17,0,18,0,14,25,0,39,18,0,18,57
10/21/2020,LBE,PA,AEA,CE,Federal Contract Tower,0,18,16,0,34,0,3,22,0,25,0,21,38,0,59,6,0,6,65
10/22/2020,LBE,PA,AEA,CE,Federal Contract Tower,4,11,15,0,30,0,0,58,0,58,4,11,73,0,88,30,2,32,120
10/23/2020,LBE,PA,AEA,CE,Federal Contract Tower,4,7,13,2,26,0,3,41,0,44,4,10,54,2,70,6,0,6,76
10/24/2020,LBE,PA,AEA,CE,Federal Contract Tower,4,0,7,0,11,0,0,0,0,0,4,0,7,0,11,0,0,0,11
10/25/2020,LBE,PA,AEA,CE,Federal Contract Tower,4,14,10,0,28,0,2,18,0,20,4,16,28,0,48,16,0,16,64
10/26/2020,LBE,PA,AEA,CE,Federal Contract Tower,4,15,5,0,24,0,0,0,0,0,4,15,5,0,24,0,0,0,24
10/27/2020,LBE,PA,AEA,CE,Federal Contract Tower,0,10,4,2,16,0,0,26,0,26,0,10,30,2,42,0,0,0,42
10/28/2020,LBE,PA,AEA,CE,Federal Contract Tower,0,10,16,0,26,0,0,0,0,0,0,10,16,0,26,0,0,0,26
10/29/2020,LBE,PA,AEA,CE,Federal Contract Tower,4,6,8,0,18,0,0,0,0,0,4,6,8,0,18,0,0,0,18
10/30/2020,LBE,PA,AEA,CE,Federal Contract Tower,6,19,5,0,30,0,2,2,0,4,6,21,7,0,34,0,0,0,34
10/31/2020,LBE,PA,AEA,CE,Federal Contract Tower,4,4,18,0,26,0,3,59,0,62,4,7,77,0,88,14,0,14,102
11/01/2020,LBE,PA,AEA,CE,Federal Contract Tower,6,9,4,1,20,0,2,0,0,2,6,11,4,1,22,0,0,0,22
11/02/2020,LBE,PA,AEA,CE,Federal Contract Tower,4,12,6,4,26,0,2,0,0,2,4,14,6,4,28,2,0,2,30
11/03/2020,LBE,PA,AEA,CE,Federal Contract Tower,0,3,7,0,10,0,4,32,0,36,0,7,39,0,46,10,0,10,56
11/04/2020,LBE,PA,AEA,CE,Federal Contract Tower,0,4,12,0,16,0,4,29,0,33,0,8,41,0,49,10,0,10,59
11/05/2020,LBE,PA,AEA,CE,Federal Contract Tower,4,14,8,0,26,0,0,50,0,50,4,14,58,0,76,0,0,0,76
11/06/2020,LBE,PA,AEA,CE,Federal Contract Tower,4,3,7,0,14,0,0,50,0,50,4,3,57,0,64,18,0,18,82
11/07/2020,LBE,PA,AEA,CE,Federal Contract Tower,4,5,9,0,18,0,4,88,0,92,4,9,97,0,110,78,0,78,188
11/08/2020,LBE,PA,AEA,CE,Federal Contract Tower,4,6,8,0,18,0,2,99,2,103,4,8,107,2,121,38,0,38,159
11/09/2020,LBE,PA,AEA,CE,Federal Contract Tower,4,3,6,0,13,0,4,72,0,76,4,7,78,0,89,50,0,50,139
11/10/2020,LBE,PA,AEA,CE,Federal Contract Tower,0,7,16,0,23,0,0,61,0,61,0,7,77,0,84,12,0,12,96
11/11/2020,LBE,PA,AEA,CE,Federal Contract Tower,0,15,14,0,29,0,0,0,0,0,0,15,14,0,29,0,0,0,29
11/12/2020,LBE,PA,AEA,CE,Federal Contract Tower,4,10,10,2,26,0,0,20,0,20,4,10,30,2,46,4,0,4,50
11/13/2020,LBE,PA,AEA,CE,Federal Contract Tower,4,10,8,0,22,0,0,16,0,16,4,10,24,0,38,18,0,18,56
11/14/2020,LBE,PA,AEA,CE,Federal Contract Tower,4,8,11,0,23,0,0,81,0,81,4,8,92,0,104,48,0,48,152
11/15/2020,LBE,PA,AEA,CE,Federal Contract Tower,4,8,2,0,14,0,0,2,0,2,4,8,4,0,16,0,0,0,16
11/16/2020,LBE,PA,AEA,CE,Federal Contract Tower,4,17,4,0,25,0,2,15,0,17,4,19,19,0,42,2,0,2,44
11/17/2020,LBE,PA,AEA,CE,Federal Contract Tower,0,17,6,0,23,0,2,0,0,2,0,19,6,0,25,0,0,0,25
11/18/2020,LBE,PA,AEA,CE,Federal Contract Tower,4,17,5,5,31,0,1,25,2,28,4,18,30,7,59,26,2,28,87
11/19/2020,LBE,PA,AEA,CE,Federal Contract Tower,5,6,7,3,21,0,5,15,1,21,5,11,22,4,42,40,0,40,82
11/20/2020,LBE,PA,AEA,CE,Federal Contract Tower,6,10,11,0,27,0,4,12,0,16,6,14,23,0,43,6,0,6,49
11/21/2020,LBE,PA,AEA,CE,Federal Contract Tower,6,9,10,0,25,0,0,18,0,18,6,9,28,0,43,52,0,52,95
11/22/2020,LBE,PA,AEA,CE,Federal Contract Tower,5,13,8,0,26,0,0,6,0,6,5,13,14,0,32,2,0,2,34
11/23/2020,LBE,PA,AEA,CE,Federal Contract Tower,6,14,10,0,30,0,3,4,0,7,6,17,14,0,37,0,0,0,37
11/24/2020,LBE,PA,AEA,CE,Federal Contract Tower,6,12,4,0,22,0,6,68,4,78,6,18,72,4,100,68,0,68,168
11/25/2020,LBE,PA,AEA,CE,Federal Contract Tower,6,8,7,2,23,0,3,13,0,16,6,11,20,2,39,0,0,0,39
11/26/2020,LBE,PA,AEA,CE,Federal Contract Tower,2,1,1,0,4,0,0,0,0,0,2,1,1,0,4,0,0,0,4
11/27/2020,LBE,PA,AEA,CE,Federal Contract Tower,6,4,7,0,17,0,0,2,0,2,6,4,9,0,19,6,0,6,25
11/28/2020,LBE,PA,AEA,CE,Federal Contract Tower,6,3,6,0,15,0,0,21,0,21,6,3,27,0,36,6,0,6,42
11/29/2020,LBE,PA,AEA,CE,Federal Contract Tower,6,19,7,0,32,0,1,83,0,84,6,20,90,0,116,16,0,16,132
11/30/2020,LBE,PA,AEA,CE,Federal Contract Tower,6,6,7,0,19,0,0,1,0,1,6,6,8,0,20,0,0,0,20
12/01/2020,LBE,PA,AEA,CE,Federal Contract Tower,5,3,6,0,14,0,0,0,0,0,5,3,6,0,14,0,0,0,14
12/02/2020,LBE,PA,AEA,CE,Federal Contract Tower,0,6,10,0,16,0,2,3,2,7,0,8,13,2,23,0,4,4,27
12/03/2020,LBE,PA,AEA,CE,Federal Contract Tower,2,7,11,1,21,0,0,55,0,55,2,7,66,1,76,78,0,78,154
12/04/2020,LBE,PA,AEA,CE,Federal Contract Tower,4,7,4,0,15,0,1,13,0,14,4,8,17,0,29,10,0,10,39
12/05/2020,LBE,PA,AEA,CE,Federal Contract Tower,2,4,4,0,10,0,4,4,0,8,2,8,8,0,18,4,0,4,22
12/06/2020,LBE,PA,AEA,CE,Federal Contract Tower,2,7,3,0,12,0,1,3,0,4,2,8,6,0,16,0,0,0,16
12/07/2020,LBE,PA,AEA,CE,Federal Contract Tower,4,1,3,6,14,0,0,13,0,13,4,1,16,6,27,24,0,24,51
12/08/2020,LBE,PA,AEA,CE,Federal Contract Tower,0,3,8,0,11,0,0,8,0,8,0,3,16,0,19,0,0,0,19
12/09/2020,LBE,PA,AEA,CE,Federal Contract Tower,0,5,16,0,21,0,0,0,0,0,0,5,16,0,21,0,0,0,21
12/10/2020,LBE,PA,AEA,CE,Federal Contract Tower,2,13,4,0,19,0,0,63,0,63,2,13,67,0,82,30,0,30,112
12/11/2020,LBE,PA,AEA,CE,Federal Contract Tower,6,3,2,0,11,0,1,53,0,54,6,4,55,0,65,16,0,16,81
12/13/2020,LBE,PA,AEA,CE,Federal Contract Tower,5,4,6,0,15,0,0,0,0,0,5,4,6,0,15,0,0,0,15
12/14/2020,LBE,PA,AEA,CE,Federal Contract Tower,5,6,3,0,14,0,2,6,0,8,5,8,9,0,22,0,0,0,22
12/15/2020,LBE,PA,AEA,CE,Federal Contract Tower,0,7,7,0,14,0,0,52,2,54,0,7,59,2,68,20,6,26,94
12/16/2020,LBE,PA,AEA,CE,Federal Contract Tower,4,3,0,0,7,0,0,0,0,0,4,3,0,0,7,0,0,0,7
12/17/2020,LBE,PA,AEA,CE,Federal Contract Tower,5,6,7,0,18,0,0,0,0,0,5,6,7,0,18,0,0,0,18
12/18/2020,LBE,PA,AEA,CE,Federal Contract Tower,5,2,7,0,14,0,4,1,0,5,5,6,8,0,19,0,0,0,19
12/19/2020,LBE,PA,AEA,CE,Federal Contract Tower,6,12,11,0,29,0,3,42,0,45,6,15,53,0,74,20,0,20,94
12/20/2020,LBE,PA,AEA,CE,Federal Contract Tower,5,7,4,0,16,0,4,0,0,4,5,11,4,0,20,0,0,0,20
12/21/2020,LBE,PA,AEA,CE,Federal Contract Tower,4,11,11,0,26,0,1,7,0,8,4,12,18,0,34,20,0,20,54
12/22/2020,LBE,PA,AEA,CE,Federal Contract Tower,5,10,15,0,30,0,0,2,4,6,5,10,17,4,36,10,4,14,50
12/23/2020,LBE,PA,AEA,CE,Federal Contract Tower,5,9,11,0,25,0,2,51,0,53,5,11,62,0,78,0,0,0,78
12/24/2020,LBE,PA,AEA,CE,Federal Contract Tower,6,0,3,0,9,0,0,0,0,0,6,0,3,0,9,0,0,0,9
12/25/2020,LBE,PA,AEA,CE,Federal Contract Tower,5,0,2,0,7,0,0,0,0,0,5,0,2,0,7,0,0,0,7
12/26/2020,LBE,PA,AEA,CE,Federal Contract Tower,5,9,0,0,14,0,1,1,0,2,5,10,1,0,16,0,0,0,16
12/27/2020,LBE,PA,AEA,CE,Federal Contract Tower,5,7,18,0,30,0,0,51,0,51,5,7,69,0,81,30,0,30,111
12/28/2020,LBE,PA,AEA,CE,Federal Contract Tower,4,11,3,1,19,0,3,10,0,13,4,14,13,1,32,14,0,14,46
12/29/2020,LBE,PA,AEA,CE,Federal Contract Tower,5,6,24,0,35,0,2,29,2,33,5,8,53,2,68,2,0,2,70
12/30/2020,LBE,PA,AEA,CE,Federal Contract Tower,5,6,12,0,23,0,0,2,27,29,5,6,14,27,52,64,0,64,116
12/31/2020,LBE,PA,AEA,CE,Federal Contract Tower,7,2,4,0,13,0,2,27,0,29,7,4,31,0,42,0,0,0,42
01/01/2021,LBE,PA,AEA,CE,Federal Contract Tower,3,7,0,0,10,0,0,0,0,0,3,7,0,0,10,0,0,0,10
01/02/2021,LBE,PA,AEA,CE,Federal Contract Tower,5,2,6,0,13,0,0,0,0,0,5,2,6,0,13,0,0,0,13
01/03/2021,LBE,PA,AEA,CE,Federal Contract Tower,6,6,1,0,13,0,2,4,0,6,6,8,5,0,19,6,0,6,25
01/04/2021,LBE,PA,AEA,CE,Federal Contract Tower,3,4,7,0,14,0,0,0,0,0,3,4,7,0,14,0,0,0,14
01/05/2021,LBE,PA,AEA,CE,Federal Contract Tower,5,6,2,0,13,0,0,0,0,0,5,6,2,0,13,0,0,0,13
01/06/2021,LBE,PA,AEA,CE,Federal Contract Tower,0,8,2,0,10,0,0,9,0,9,0,8,11,0,19,10,0,10,29
01/07/2021,LBE,PA,AEA,CE,Federal Contract Tower,2,7,3,0,12,0,2,53,0,55,2,9,56,0,67,78,0,78,145
01/08/2021,LBE,PA,AEA,CE,Federal Contract Tower,2,5,5,0,12,0,4,30,4,38,2,9,35,4,50,40,0,40,90
01/09/2021,LBE,PA,AEA,CE,Federal Contract Tower,0,6,8,0,14,0,1,59,0,60,0,7,67,0,74,78,0,78,152
01/10/2021,LBE,PA,AEA,CE,Federal Contract Tower,2,4,14,0,20,0,0,0,0,0,2,4,14,0,20,74,0,74,94
01/11/2021,LBE,PA,AEA,CE,Federal Contract Tower,2,5,8,0,15,0,1,16,0,17,2,6,24,0,32,16,0,16,48
01/12/2021,LBE,PA,AEA,CE,Federal Contract Tower,0,10,2,0,12,0,0,29,0,29,0,10,31,0,41,72,0,72,113
01/13/2021,LBE,PA,AEA,CE,Federal Contract Tower,0,2,27,4,33,0,6,21,0,27,0,8,48,4,60,18,0,18,78
01/14/2021,LBE,PA,AEA,CE,Federal Contract Tower,2,8,10,4,24,0,1,30,0,31,2,9,40,4,55,8,0,8,63
01/15/2021,LBE,PA,AEA,CE,Federal Contract Tower,2,4,3,0,9,0,0,2,2,4,2,4,5,2,13,0,4,4,17
01/16/2021,LBE,PA,AEA,CE,Federal Contract Tower,2,2,4,0,8,0,0,0,0,0,2,2,4,0,8,0,0,0,8
01/17/2021,LBE,PA,AEA,CE,Federal Contract Tower,2,3,1,0,6,0,0,0,0,0,2,3,1,0,6,0,0,0,6
01/18/2021,LBE,PA,AEA,CE,Federal Contract Tower,2,5,5,0,12,0,0,2,0,2,2,5,7,0,14,0,0,0,14
01/19/2021,LBE,PA,AEA,CE,Federal Contract Tower,0,6,19,0,25,0,3,15,0,18,0,9,34,0,43,18,0,18,61
01/20/2021,LBE,PA,AEA,CE,Federal Contract Tower,0,5,7,0,12,0,4,16,2,22,0,9,23,2,34,16,8,24,58
01/21/2021,LBE,PA,AEA,CE,Federal Contract Tower,2,7,9,2,20,0,0,7,10,17,2,7,16,12,37,6,0,6,43
01/22/2021,LBE,PA,AEA,CE,Federal Contract Tower,2,6,3,0,11,0,6,10,0,16,2,12,13,0,27,0,0,0,27
01/23/2021,LBE,PA,AEA,CE,Federal Contract Tower,0,1,5,0,6,0,0,26,0,26,0,1,31,0,32,84,0,84,116
01/24/2021,LBE,PA,AEA,CE,Federal Contract Tower,2,6,6,1,15,0,0,36,0,36,2,6,42,1,51,46,0,46,97
01/25/2021,LBE,PA,AEA,CE,Federal Contract Tower,2,7,3,0,12,0,0,0,0,0,2,7,3,0,12,0,0,0,12
01/26/2021,LBE,PA,AEA,CE,Federal Contract Tower,0,6,4,0,10,0,0,0,0,0,0,6,4,0,10,0,0,0,10
01/27/2021,LBE,PA,AEA,CE,Federal Contract Tower,0,5,7,13,25,0,0,23,0,23,0,5,30,13,48,36,0,36,84
01/28/2021,LBE,PA,AEA,CE,Federal Contract Tower,2,10,15,0,27,0,0,5,0,5,2,10,20,0,32,0,0,0,32
01/29/2021,LBE,PA,AEA,CE,Federal Contract Tower,2,7,10,2,21,0,0,10,0,10,2,7,20,2,31,8,0,8,39
01/30/2021,LBE,PA,AEA,CE,Federal Contract Tower,0,9,10,2,21,0,0,70,0,70,0,9,80,2,91,46,0,46,137
01/31/2021,LBE,PA,AEA,CE,Federal Contract Tower,2,2,3,0,7,0,0,0,0,0,2,2,3,0,7,0,0,0,7
02/01/2021,LBE,PA,AEA,CE,Federal Contract Tower,2,2,2,0,6,0,7,0,0,7,2,9,2,0,13,0,0,0,13
02/02/2021,LBE,PA,AEA,CE,Federal Contract Tower,0,4,0,0,4,0,0,6,0,6,0,4,6,0,10,0,0,0,10
02/03/2021,LBE,PA,AEA,CE,Federal Contract Tower,0,3,9,1,13,0,0,23,1,24,0,3,32,2,37,10,0,10,47
02/04/2021,LBE,PA,AEA,CE,Federal Contract Tower,4,13,4,8,29,0,2,45,2,49,4,15,49,10,78,48,0,48,126
02/05/2021,LBE,PA,AEA,CE,Federal Contract Tower,2,10,6,0,18,0,0,3,6,9,2,10,9,6,27,0,4,4,31
02/06/2021,LBE,PA,AEA,CE,Federal Contract Tower,2,0,13,0,15,0,0,10,0,10,2,0,23,0,25,18,0,18,43
02/07/2021,LBE,PA,AEA,CE,Federal Contract Tower,4,2,0,0,6,0,0,2,0,2,4,2,2,0,8,4,0,4,12
02/08/2021,LBE,PA,AEA,CE,Federal Contract Tower,2,9,6,2,19,0,1,28,6,35,2,10,34,8,54,4,0,4,58
02/09/2021,LBE,PA,AEA,CE,Federal Contract Tower,0,7,3,0,10,0,0,0,0,0,0,7,3,0,10,0,0,0,10
02/10/2021,LBE,PA,AEA,CE,Federal Contract Tower,2,6,3,2,13,0,0,7,0,7,2,6,10,2,20,0,0,0,20
02/11/2021,LBE,PA,AEA,CE,Federal Contract Tower,2,14,10,0,26,0,4,11,0,15,2,18,21,0,41,12,0,12,53
02/12/2021,LBE,PA,AEA,CE,Federal Contract Tower,4,10,5,0,19,0,0,2,4,6,4,10,7,4,25,0,0,0,25
02/13/2021,LBE,PA,AEA,CE,Federal Contract Tower,2,3,3,0,8,0,0,4,0,4,2,3,7,0,12,4,0,4,16
02/14/2021,LBE,PA,AEA,CE,Federal Contract Tower,2,3,2,0,7,0,0,0,0,0,2,3,2,0,7,0,0,0,7
02/15/2021,LBE,PA,AEA,CE,Federal Contract Tower,4,7,2,0,13,0,0,0,0,0,4,7,2,0,13,0,0,0,13
02/16/2021,LBE,PA,AEA,CE,Federal Contract Tower,2,6,3,0,11,0,0,0,0,0,2,6,3,0,11,0,0,0,11
02/17/2021,LBE,PA,AEA,CE,Federal Contract Tower,2,3,8,0,13,0,0,36,0,36,2,3,44,0,49,0,0,0,49
02/18/2021,LBE,PA,AEA,CE,Federal Contract Tower,2,9,0,0,11,0,0,0,0,0,2,9,0,0,11,0,0,0,11
02/19/2021,LBE,PA,AEA,CE,Federal Contract Tower,4,11,7,0,22,0,2,3,0,5,4,13,10,0,27,0,0,0,27
02/20/2021,LBE,PA,AEA,CE,Federal Contract Tower,2,8,3,0,13,0,2,1,0,3,2,10,4,0,16,0,0,0,16
02/21/2021,LBE,PA,AEA,CE,Federal Contract Tower,2,14,11,0,27,0,0,78,3,81,2,14,89,3,108,70,0,70,178
02/22/2021,LBE,PA,AEA,CE,Federal Contract Tower,4,6,4,5,19,0,0,0,0,0,4,6,4,5,19,0,0,0,19
02/23/2021,LBE,PA,AEA,CE,Federal Contract Tower,2,10,5,0,17,0,1,7,4,12,2,11,12,4,29,4,0,4,33
02/24/2021,LBE,PA,AEA,CE,Federal Contract Tower,2,5,6,0,13,0,4,28,0,32,2,9,34,0,45,6,0,6,51
02/25/2021,LBE,PA,AEA,CE,Federal Contract Tower,2,9,9,2,22,0,0,62,0,62,2,9,71,2,84,54,0,54,138
02/26/2021,LBE,PA,AEA,CE,Federal Contract Tower,4,13,11,5,33,0,0,41,6,47,4,13,52,11,80,86,4,90,170
02/27/2021,LBE,PA,AEA,CE,Federal Contract Tower,4,1,8,0,13,0,0,2,0,2,4,1,10,0,15,8,0,8,23
02/28/2021,LBE,PA,AEA,CE,Federal Contract Tower,2,7,4,0,13,0,0,1,0,1,2,7,5,0,14,0,0,0,14
03/01/2021,LBE,PA,AEA,CE,Federal Contract Tower,4,5,3,2,14,0,0,1,0,1,4,5,4,2,15,0,0,0,15
03/02/2021,LBE,PA,AEA,CE,Federal Contract Tower,4,8,10,2,24,0,0,50,2,52,4,8,60,4,76,88,0,88,164
03/03/2021,LBE,PA,AEA,CE,Federal Contract Tower,4,5,10,0,19,0,0,45,0,45,4,5,55,0,64,26,0,26,90
03/04/2021,LBE,PA,AEA,CE,Federal Contract Tower,4,7,8,0,19,0,0,15,0,15,4,7,23,0,34,18,0,18,52
03/05/2021,LBE,PA,AEA,CE,Federal Contract Tower,4,12,6,0,22,0,2,34,0,36,4,14,40,0,58,28,0,28,86
03/06/2021,LBE,PA,AEA,CE,Federal Contract Tower,4,4,2,3,13,0,0,16,0,16,4,4,18,3,29,48,0,48,77
03/07/2021,LBE,PA,AEA,CE,Federal Contract Tower,4,10,13,0,27,0,1,63,0,64,4,11,76,0,91,24,0,24,115
03/08/2021,LBE,PA,AEA,CE,Federal Contract Tower,4,8,9,8,29,0,3,30,0,33,4,11,39,8,62,26,0,26,88
03/09/2021,LBE,PA,AEA,CE,Federal Contract Tower,4,5,5,8,22,0,1,44,0,45,4,6,49,8,67,74,0,74,141
03/10/2021,LBE,PA,AEA,CE,Federal Contract Tower,6,7,10,0,23,0,2,23,0,25,6,9,33,0,48,12,0,12,60
03/11/2021,LBE,PA,AEA,CE,Federal Contract Tower,8,6,12,8,34,0,2,3,0,5,8,8,15,8,39,0,0,0,39
03/12/2021,LBE,PA,AEA,CE,Federal Contract Tower,6,12,11,2,31,0,0,62,0,62,6,12,73,2,93,32,0,32,125
03/13/2021,LBE,PA,AEA,CE,Federal Contract Tower,6,2,4,0,12,0,1,49,2,52,6,3,53,2,64,22,6,28,92
03/14/2021,LBE,PA,AEA,CE,Federal Contract Tower,8,11,7,0,26,0,1,15,0,16,8,12,22,0,42,8,0,8,50
03/15/2021,LBE,PA,AEA,CE,Federal Contract Tower,6,11,7,4,28,0,2,35,0,37,6,13,42,4,65,26,0,26,91
03/16/2021,LBE,PA,AEA,CE,Federal Contract Tower,6,3,5,4,18,0,4,19,0,23,6,7,24,4,41,10,0,10,51
03/17/2021,LBE,PA,AEA,CE,Federal Contract Tower,7,9,10,8,34,0,0,71,0,71,7,9,81,8,105,48,0,48,153
03/18/2021,LBE,PA,AEA,CE,Federal Contract Tower,9,10,4,0,23,0,0,1,0,1,9,10,5,0,24,0,0,0,24
03/19/2021,LBE,PA,AEA,CE,Federal Contract Tower,6,17,5,0,28,0,0,22,0,22,6,17,27,0,50,35,0,35,85
03/20/2021,LBE,PA,AEA,CE,Federal Contract Tower,6,2,4,0,12,0,0,65,0,65,6,2,69,0,77,0,0,0,77
03/21/2021,LBE,PA,AEA,CE,Federal Contract Tower,10,13,17,0,40,0,1,56,0,57,10,14,73,0,97,22,0,22,119
03/22/2021,LBE,PA,AEA,CE,Federal Contract Tower,6,7,6,0,19,0,7,58,0,65,6,14,64,0,84,8,0,8,92
03/23/2021,LBE,PA,AEA,CE,Federal Contract Tower,6,7,3,4,20,0,0,52,0,52,6,7,55,4,72,60,0,60,132
03/24/2021,LBE,PA,AEA,CE,Federal Contract Tower,6,5,4,4,19,0,0,35,0,35,6,5,39,4,54,24,0,24,78
03/25/2021,LBE,PA,AEA,CE,Federal Contract Tower,8,6,8,0,22,0,0,17,0,17,8,6,25,0,39,0,0,0,39
03/26/2021,LBE,PA,AEA,CE,Federal Contract Tower,5,8,2,0,15,0,1,1,0,2,5,9,3,0,17,0,0,0,17
03/27/2021,LBE,PA,AEA,CE,Federal Contract Tower,8,7,9,0,24,0,0,71,0,71,8,7,80,0,95,44,0,44,139
03/28/2021,LBE,PA,AEA,CE,Federal Contract Tower,9,11,2,0,22,0,0,0,0,0,9,11,2,0,22,0,0,0,22
03/29/2021,LBE,PA,AEA,CE,Federal Contract Tower,6,6,11,0,23,0,5,19,1,25,6,11,30,1,48,3,0,3,51
03/30/2021,LBE,PA,AEA,CE,Federal Contract Tower,6,12,9,2,29,0,2,47,1,50,6,14,56,3,79,38,0,38,117
03/31/2021,LBE,PA,AEA,CE,Federal Contract Tower,6,9,16,0,31,0,0,9,0,9,6,9,25,0,40,0,0,0,40
04/01/2021,LBE,PA,AEA,CE,Federal Contract Tower,6,9,2,0,17,0,0,1,0,1,6,9,3,0,18,0,0,0,18
04/02/2021,LBE,PA,AEA,CE,Federal Contract Tower,6,4,9,0,19,0,0,13,0,13,6,4,22,0,32,0,0,0,32
04/03/2021,LBE,PA,AEA,CE,Federal Contract Tower,6,11,11,0,28,0,1,52,0,53,6,12,63,0,81,18,0,18,99
04/04/2021,LBE,PA,AEA,CE,Federal Contract Tower,7,8,9,0,24,0,0,24,0,24,7,8,33,0,48,8,0,8,56
04/05/2021,LBE,PA,AEA,CE,Federal Contract Tower,6,12,5,2,25,0,0,68,0,68,6,12,73,2,93,58,0,58,151
04/06/2021,LBE,PA,AEA,CE,Federal Contract Tower,6,13,7,0,26,0,2,58,0,60,6,15,65,0,86,58,0,58,144
04/07/2021,LBE,PA,AEA,CE,Federal Contract Tower,6,17,3,2,28,0,0,51,0,51,6,17,54,2,79,20,0,20,99
04/08/2021,LBE,PA,AEA,CE,Federal Contract Tower,8,5,3,3,19,0,1,27,0,28,8,6,30,3,47,0,0,0,47
04/09/2021,LBE,PA,AEA,CE,Federal Contract Tower,6,5,5,0,16,0,0,13,0,13,6,5,18,0,29,2,0,2,31
04/10/2021,LBE,PA,AEA,CE,Federal Contract Tower,6,8,7,0,21,0,6,88,0,94,6,14,95,0,115,8,0,8,123
04/11/2021,LBE,PA,AEA,CE,Federal Contract Tower,4,11,9,0,24,0,0,19,0,19,4,11,28,0,43,48,0,48,91
04/12/2021,LBE,PA,AEA,CE,Federal Contract Tower,6,17,11,0,34,0,0,12,0,12,6,17,23,0,46,36,0,36,82
04/13/2021,LBE,PA,AEA,CE,Federal Contract Tower,6,10,25,0,41,0,2,63,0,65,6,12,88,0,106,148,2,150,256
04/14/2021,LBE,PA,AEA,CE,Federal Contract Tower,6,14,9,0,29,0,1,51,0,52,6,15,60,0,81,62,0,62,143
04/15/2021,LBE,PA,AEA,CE,Federal Contract Tower,6,26,7,0,39,0,1,21,0,22,6,27,28,0,61,20,0,20,81
04/16/2021,LBE,PA,AEA,CE,Federal Contract Tower,6,7,3,2,18,0,0,2,0,2,6,7,5,2,20,0,0,0,20
04/17/2021,LBE,PA,AEA,CE,Federal Contract Tower,6,9,12,0,27,0,0,10,0,10,6,9,22,0,37,6,0,6,43
04/18/2021,LBE,PA,AEA,CE,Federal Contract Tower,7,3,5,0,15,0,3,65,0,68,7,6,70,0,83,50,0,50,133
04/19/2021,LBE,PA,AEA,CE,Federal Contract Tower,7,12,6,0,25,0,4,35,3,42,7,16,41,3,67,40,0,40,107
04/20/2021,LBE,PA,AEA,CE,Federal Contract Tower,6,3,8,3,20,0,4,45,4,53,6,7,53,7,73,70,0,70,143
04/21/2021,LBE,PA,AEA,CE,Federal Contract Tower,6,10,1,0,17,0,2,0,0,2,6,12,1,0,19,0,0,0,19
04/22/2021,LBE,PA,AEA,CE,Federal Contract Tower,6,10,6,0,22,1,12,1,0,14,7,22,7,0,36,0,0,0,36
04/23/2021,LBE,PA,AEA,CE,Federal Contract Tower,8,6,8,0,22,0,0,38,0,38,8,6,46,0,60,36,0,36,96
04/24/2021,LBE,PA,AEA,CE,Federal Contract Tower,5,6,5,0,16,0,0,45,0,45,5,6,50,0,61,64,0,64,125
04/25/2021,LBE,PA,AEA,CE,Federal Contract Tower,5,8,5,0,18,0,0,13,0,13,5,8,18,0,31,0,0,0,31
04/26/2021,LBE,PA,AEA,CE,Federal Contract Tower,7,5,19,6,37,0,3,63,0,66,7,8,82,6,103,90,0,90,193
04/27/2021,LBE,PA,AEA,CE,Federal Contract Tower,7,6,10,4,27,0,3,41,0,44,7,9,51,4,71,16,0,16,87
04/28/2021,LBE,PA,AEA,CE,Federal Contract Tower,6,17,9,4,36,0,0,13,0,13,6,17,22,4,49,6,0,6,55
04/29/2021,LBE,PA,AEA,CE,Federal Contract Tower,6,10,3,0,19,0,0,0,0,0,6,10,3,0,19,0,0,0,19
04/30/2021,LBE,PA,AEA,CE,Federal Contract Tower,8,11,4,0,23,0,2,2,0,4,8,13,6,0,27,0,0,0,27
05/01/2021,LBE,PA,AEA,CE,Federal Contract Tower,6,7,10,0,23,0,9,77,0,86,6,16,87,0,109,118,0,118,227
05/02/2021,LBE,PA,AEA,CE,Federal Contract Tower,6,15,7,0,28,0,2,23,0,25,6,17,30,0,53,18,0,18,71
05/03/2021,LBE,PA,AEA,CE,Federal Contract Tower,6,4,15,0,25,0,0,12,0,12,6,4,27,0,37,36,0,36,73
05/04/2021,LBE,PA,AEA,CE,Federal Contract Tower,5,5,1,0,11,0,0,14,0,14,5,5,15,0,25,42,0,42,67
05/05/2021,LBE,PA,AEA,CE,Federal Contract Tower,9,9,12,0,30,0,0,4,0,4,9,9,16,0,34,0,0,0,34
05/06/2021,LBE,PA,AEA,CE,Federal Contract Tower,9,2,17,2,30,0,10,52,8,70,9,12,69,10,100,156,6,162,262
05/07/2021,LBE,PA,AEA,CE,Federal Contract Tower,8,7,9,0,24,0,0,14,0,14,8,7,23,0,38,2,0,2,40
05/08/2021,LBE,PA,AEA,CE,Federal Contract Tower,8,12,10,0,30,0,2,9,0,11,8,14,19,0,41,0,0,0,41
05/09/2021,LBE,PA,AEA,CE,Federal Contract Tower,8,5,4,0,17,0,0,1,0,1,8,5,5,0,18,0,0,0,18
05/10/2021,LBE,PA,AEA,CE,Federal Contract Tower,8,4,9,0,21,0,1,37,0,38,8,5,46,0,59,70,0,70,129
05/11/2021,LBE,PA,AEA,CE,Federal Contract Tower,8,0,13,0,21,0,3,31,0,34,8,3,44,0,55,72,0,72,127
05/12/2021,LBE,PA,AEA,CE,Federal Contract Tower,10,13,18,2,43,0,1,70,0,71,10,14,88,2,114,108,0,108,222
05/13/2021,LBE,PA,AEA,CE,Federal Contract Tower,8,12,19,0,39,0,0,82,2,84,8,12,101,2,123,54,0,54,177
05/14/2021,LBE,PA,AEA,CE,Federal Contract Tower,8,3,13,0,24,0,3,56,0,59,8,6,69,0,83,50,0,50,133
05/15/2021,LBE,PA,AEA,CE,Federal Contract Tower,8,5,8,0,21,0,1,60,0,61,8,6,68,0,82,30,0,30,112
05/16/2021,LBE,PA,AEA,CE,Federal Contract Tower,9,11,9,0,29,0,1,51,0,52,9,12,60,0,81,10,0,10,91
05/17/2021,LBE,PA,AEA,CE,Federal Contract Tower,8,4,18,8,38,0,4,69,0,73,8,8,87,8,111,36,0,36,147
05/18/2021,LBE,PA,AEA,CE,Federal Contract Tower,8,3,4,1,16,0,2,57,4,63,8,5,61,5,79,26,0,26,105
05/19/2021,LBE,PA,AEA,CE,Federal Contract Tower,8,4,20,2,34,0,2,59,0,61,8,6,79,2,95,86,0,86,181
05/20/2021,LBE,PA,AEA,CE,Federal Contract Tower,8,15,16,0,39,0,0,51,3,54,8,15,67,3,93,30,0,30,123
05/21/2021,LBE,PA,AEA,CE,Federal Contract Tower,8,8,8,0,24,0,0,45,0,45,8,8,53,0,69,38,0,38,107
05/22/2021,LBE,PA,AEA,CE,Federal Contract Tower,8,7,8,0,23,0,0,51,0,51,8,7,59,0,74,16,0,16,90
05/23/2021,LBE,PA,AEA,CE,Federal Contract Tower,8,19,7,0,34,0,2,24,0,26,8,21,31,0,60,6,0,6,66
05/24/2021,LBE,PA,AEA,CE,Federal Contract Tower,8,2,6,0,16,0,2,7,0,9,8,4,13,0,25,0,0,0,25
05/25/2021,LBE,PA,AEA,CE,Federal Contract Tower,8,12,16,2,38,0,0,40,2,42,8,12,56,4,80,28,4,32,112
05/26/2021,LBE,PA,AEA,CE,Federal Contract Tower,8,24,9,1,42,0,2,3,0,5,8,26,12,1,47,0,0,0,47
05/27/2021,LBE,PA,AEA,CE,Federal Contract Tower,8,9,16,10,43,0,0,21,0,21,8,9,37,10,64,0,0,0,64
05/28/2021,LBE,PA,AEA,CE,Federal Contract Tower,8,10,5,16,39,0,0,5,0,5,8,10,10,16,44,0,0,0,44
05/29/2021,LBE,PA,AEA,CE,Federal Contract Tower,9,2,1,3,15,0,1,1,0,2,9,3,2,3,17,0,0,0,17
05/30/2021,LBE,PA,AEA,CE,Federal Contract Tower,8,0,7,8,23,0,0,1,0,1,8,0,8,8,24,0,0,0,24
05/31/2021,LBE,PA,AEA,CE,Federal Contract Tower,8,10,6,0,24,0,2,75,0,77,8,12,81,0,101,60,0,60,161
06/01/2021,LBE,PA,AEA,CE,Federal Contract Tower,8,12,16,2,38,0,0,58,0,58,8,12,74,2,96,54,0,54,150
06/02/2021,LBE,PA,AEA,CE,Federal Contract Tower,8,2,5,4,19,0,1,14,1,16,8,3,19,5,35,20,0,20,55
06/03/2021,LBE,PA,AEA,CE,Federal Contract Tower,9,16,6,2,33,0,0,1,2,3,9,16,7,4,36,0,0,0,36
06/04/2021,LBE,PA,AEA,CE,Federal Contract Tower,8,12,12,1,33,0,0,33,1,34,8,12,45,2,67,64,0,64,131
06/05/2021,LBE,PA,AEA,CE,Federal Contract Tower,8,1,3,0,12,0,0,38,0,38,8,1,41,0,50,46,0,46,96
06/06/2021,LBE,PA,AEA,CE,Federal Contract Tower,8,18,11,0,37,0,0,79,0,79,8,18,90,0,116,100,0,100,216
06/07/2021,LBE,PA,AEA,CE,Federal Contract Tower,8,3,8,0,19,0,1,24,0,25,8,4,32,0,44,28,0,28,72
06/08/2021,LBE,PA,AEA,CE,Federal Contract Tower,8,11,13,6,38,0,2,27,4,33,8,13,40,10,71,12,10,22,93
06/09/2021,LBE,PA,AEA,CE,Federal Contract Tower,7,15,9,6,37,0,1,7,0,8,7,16,16,6,45,10,0,10,55
06/10/2021,LBE,PA,AEA,CE,Federal Contract Tower,9,20,7,0,36,0,0,0,0,0,9,20,7,0,36,6,0,6,42
06/11/2021,LBE,PA,AEA,CE,Federal Contract Tower,8,17,6,0,31,0,2,5,0,7,8,19,11,0,38,6,0,6,44
06/12/2021,LBE,PA,AEA,CE,Federal Contract Tower,8,11,14,0,33,0,1,32,1,34,8,12,46,1,67,32,6,38,105
06/14/2021,LBE,PA,AEA,CE,Federal Contract Tower,8,10,10,0,28,0,1,48,0,49,8,11,58,0,77,54,0,54,131
06/15/2021,LBE,PA,AEA,CE,Federal Contract Tower,8,13,12,3,36,0,6,36,0,42,8,19,48,3,78,90,0,90,168
06/16/2021,LBE,PA,AEA,CE,Federal Contract Tower,8,6,22,0,36,0,10,64,0,74,8,16,86,0,110,42,0,42,152
06/17/2021,LBE,PA,AEA,CE,Federal Contract Tower,8,13,15,0,36,0,65,2,0,67,8,78,17,0,103,90,2,92,195
06/18/2021,LBE,PA,AEA,CE,Federal Contract Tower,8,11,13,0,32,0,0,22,0,22,8,11,35,0,54,30,0,30,84
06/19/2021,LBE,PA,AEA,CE,Federal Contract Tower,8,4,3,2,17,0,0,6,0,6,8,4,9,2,23,26,0,26,49
06/20/2021,LBE,PA,AEA,CE,Federal Contract Tower,8,4,10,0,22,0,6,29,0,35,8,10,39,0,57,38,0,38,95
06/21/2021,LBE,PA,AEA,CE,Federal Contract Tower,8,10,16,0,34,0,1,22,0,23,8,11,38,0,57,0,0,0,57
06/22/2021,LBE,PA,AEA,CE,Federal Contract Tower,8,7,13,4,32,0,0,39,6,45,8,7,52,10,77,58,0,58,135
06/23/2021,LBE,PA,AEA,CE,Federal Contract Tower,8,9,11,0,28,0,1,75,0,76,8,10,86,0,104,38,0,38,142
06/24/2021,LBE,PA,AEA,CE,Federal Contract Tower,8,13,20,0,41,0,0,96,0,96,8,13,116,0,137,20,0,20,157
06/25/2021,LBE,PA,AEA,CE,Federal Contract Tower,8,11,13,0,32,0,0,53,0,53,8,11,66,0,85,50,0,50,135
06/26/2021,LBE,PA,AEA,CE,Federal Contract Tower,8,14,20,0,42,0,5,33,0,38,8,19,53,0,80,0,0,0,80
06/27/2021,LBE,PA,AEA,CE,Federal Contract Tower,8,9,17,0,34,0,1,63,0,64,8,10,80,0,98,58,0,58,156
06/28/2021,LBE,PA,AEA,CE,Federal Contract Tower,8,18,9,2,37,0,3,52,0,55,8,21,61,2,92,56,0,56,148
06/29/2021,LBE,PA,AEA,CE,Federal Contract Tower,8,14,7,0,29,0,3,53,3,59,8,17,60,3,88,50,0,50,138
06/30/2021,LBE,PA,AEA,CE,Federal Contract Tower,7,16,14,0,37,0,3,39,0,42,7,19,53,0,79,16,0,16,95
07/01/2021,LBE,PA,AEA,CE,Federal Contract Tower,8,16,8,0,32,0,0,0,0,0,8,16,8,0,32,0,0,0,32
07/02/2021,LBE,PA,AEA,CE,Federal Contract Tower,10,8,12,0,30,0,5,15,0,20,10,13,27,0,50,24,0,24,74
07/03/2021,LBE,PA,AEA,CE,Federal Contract Tower,10,14,8,0,32,0,1,30,0,31,10,15,38,0,63,10,0,10,73
07/04/2021,LBE,PA,AEA,CE,Federal Contract Tower,8,5,7,0,20,0,0,43,0,43,8,5,50,0,63,20,0,20,83
07/05/2021,LBE,PA,AEA,CE,Federal Contract Tower,10,19,11,0,40,0,0,46,0,46,10,19,57,0,86,34,0,34,120
07/06/2021,LBE,PA,AEA,CE,Federal Contract Tower,7,9,8,1,25,0,2,62,2,66,7,11,70,3,91,40,0,40,131
07/07/2021,LBE,PA,AEA,CE,Federal Contract Tower,7,8,8,0,23,0,0,21,0,21,7,8,29,0,44,4,0,4,48
07/08/2021,LBE,PA,AEA,CE,Federal Contract Tower,8,8,2,0,18,0,0,4,0,4,8,8,6,0,22,0,0,0,22
07/09/2021,LBE,PA,AEA,CE,Federal Contract Tower,8,6,7,0,21,0,5,7,0,12,8,11,14,0,33,12,0,12,45
07/10/2021,LBE,PA,AEA,CE,Federal Contract Tower,8,8,16,0,32,0,0,64,0,64,8,8,80,0,96,48,0,48,144
07/11/2021,LBE,PA,AEA,CE,Federal Contract Tower,10,7,7,0,24,0,1,26,0,27,10,8,33,0,51,0,0,0,51
07/12/2021,LBE,PA,AEA,CE,Federal Contract Tower,8,9,20,2,39,0,0,35,0,35,8,9,55,2,74,38,0,38,112
07/13/2021,LBE,PA,AEA,CE,Federal Contract Tower,8,20,15,0,43,0,6,38,0,44,8,26,53,0,87,84,0,84,171
07/14/2021,LBE,PA,AEA,CE,Federal Contract Tower,8,12,17,0,37,0,1,37,2,40,8,13,54,2,77,74,0,74,151
07/15/2021,LBE,PA,AEA,CE,Federal Contract Tower,9,19,15,0,43,0,0,60,0,60,9,19,75,0,103,104,0,104,207
07/16/2021,LBE,PA,AEA,CE,Federal Contract Tower,8,25,9,5,47,0,0,36,0,36,8,25,45,5,83,46,0,46,129
07/17/2021,LBE,PA,AEA,CE,Federal Contract Tower,8,9,10,0,27,0,0,3,0,3,8,9,13,0,30,0,0,0,30
07/18/2021,LBE,PA,AEA,CE,Federal Contract Tower,8,25,8,0,41,0,0,27,0,27,8,25,35,0,68,20,0,20,88
07/19/2021,LBE,PA,AEA,CE,Federal Contract Tower,8,12,17,2,39,0,0,77,1,78,8,12,94,3,117,106,2,108,225
07/20/2021,LBE,PA,AEA,CE,Federal Contract Tower,9,14,19,0,42,0,2,71,9,82,9,16,90,9,124,86,0,86,210
07/21/2021,LBE,PA,AEA,CE,Federal Contract Tower,8,16,15,0,39,0,1,64,0,65,8,17,79,0,104,46,0,46,150
07/22/2021,LBE,PA,AEA,CE,Federal Contract Tower,10,13,26,1,50,0,0,63,1,64,10,13,89,2,114,112,0,112,226
07/23/2021,LBE,PA,AEA,CE,Federal Contract Tower,8,22,21,0,51,0,5,90,0,95,8,27,111,0,146,74,0,74,220
07/24/2021,LBE,PA,AEA,CE,Federal Contract Tower,8,7,10,0,25,0,2,63,0,65,8,9,73,0,90,42,0,42,132
07/25/2021,LBE,PA,AEA,CE,Federal Contract Tower,6,11,12,0,29,0,1,12,0,13,6,12,24,0,42,50,0,50,92
07/26/2021,LBE,PA,AEA,CE,Federal Contract Tower,10,18,10,0,38,0,3,55,0,58,10,21,65,0,96,110,0,110,206
07/27/2021,LBE,PA,AEA,CE,Federal Contract Tower,6,21,12,6,45,0,2,111,0,113,6,23,123,6,158,106,0,106,264
07/28/2021,LBE,PA,AEA,CE,Federal Contract Tower,8,24,10,0,42,0,2,47,0,49,8,26,57,0,91,36,0,36,127
07/29/2021,LBE,PA,AEA,CE,Federal Contract Tower,8,14,14,2,38,0,3,15,2,20,8,17,29,4,58,22,0,22,80
07/30/2021,LBE,PA,AEA,CE,Federal Contract Tower,10,20,16,0,46,0,2,29,0,31,10,22,45,0,77,14,0,14,91
07/31/2021,LBE,PA,AEA,CE,Federal Contract Tower,6,9,12,0,27,0,2,48,0,50,6,11,60,0,77,46,0,46,123
08/01/2021,LBE,PA,AEA,CE,Federal Contract Tower,2,12,17,0,31,0,0,12,0,12,2,12,29,0,43,0,0,0,43
08/02/2021,LBE,PA,AEA,CE,Federal Contract Tower,2,13,9,5,29,0,8,44,2,54,2,21,53,7,83,2,8,10,93
08/03/2021,LBE,PA,AEA,CE,Federal Contract Tower,0,8,9,2,19,0,2,48,0,50,0,10,57,2,69,44,0,44,113
08/04/2021,LBE,PA,AEA,CE,Federal Contract Tower,2,9,11,0,22,0,4,22,0,26,2,13,33,0,48,48,0,48,96
08/05/2021,LBE,PA,AEA,CE,Federal Contract Tower,4,19,14,6,43,0,1,62,6,69,4,20,76,12,112,54,12,66,178
08/06/2021,LBE,PA,AEA,CE,Federal Contract Tower,2,19,20,0,41,0,5,51,0,56,2,24,71,0,97,86,0,86,183
08/07/2021,LBE,PA,AEA,CE,Federal Contract Tower,5,9,10,0,24,0,0,27,0,27,5,9,37,0,51,36,0,36,87
08/08/2021,LBE,PA,AEA,CE,Federal Contract Tower,6,12,15,0,33,0,0,46,0,46,6,12,61,0,79,58,0,58,137
08/09/2021,LBE,PA,AEA,CE,Federal Contract Tower,8,15,12,2,37,0,0,58,0,58,8,15,70,2,95,46,0,46,141
08/10/2021,LBE,PA,AEA,CE,Federal Contract Tower,8,13,17,2,40,0,0,16,4,20,8,13,33,6,60,2,4,6,66
08/11/2021,LBE,PA,AEA,CE,Federal Contract Tower,8,7,13,0,28,0,1,16,0,17,8,8,29,0,45,28,0,28,73
08/12/2021,LBE,PA,AEA,CE,Federal Contract Tower,7,21,18,3,49,0,0,44,0,44,7,21,62,3,93,24,4,28,121
08/13/2021,LBE,PA,AEA,CE,Federal Contract Tower,8,13,12,0,33,0,0,52,0,52,8,13,64,0,85,52,0,52,137
08/14/2021,LBE,PA,AEA,CE,Federal Contract Tower,8,12,14,0,34,0,1,41,4,46,8,13,55,4,80,36,0,36,116
08/15/2021,LBE,PA,AEA,CE,Federal Contract Tower,6,21,15,0,42,0,0,54,0,54,6,21,69,0,96,58,0,58,154
08/16/2021,LBE,PA,AEA,CE,Federal Contract Tower,7,12,9,0,28,0,0,23,0,23,7,12,32,0,51,42,0,42,93
08/17/2021,LBE,PA,AEA,CE,Federal Contract Tower,10,11,12,0,33,0,4,43,0,47,10,15,55,0,80,30,0,30,110
08/18/2021,LBE,PA,AEA,CE,Federal Contract Tower,4,11,10,0,25,0,0,0,0,0,4,11,10,0,25,0,0,0,25
08/19/2021,LBE,PA,AEA,CE,Federal Contract Tower,6,10,8,0,24,0,3,7,0,10,6,13,15,0,34,16,0,16,50
08/20/2021,LBE,PA,AEA,CE,Federal Contract Tower,4,18,14,3,39,0,3,62,0,65,4,21,76,3,104,96,0,96,200
08/21/2021,LBE,PA,AEA,CE,Federal Contract Tower,4,8,6,0,18,0,9,56,0,65,4,17,62,0,83,70,0,70,153
08/22/2021,LBE,PA,AEA,CE,Federal Contract Tower,6,17,9,2,34,0,0,69,0,69,6,17,78,2,103,26,0,26,129
08/23/2021,LBE,PA,AEA,CE,Federal Contract Tower,4,4,12,0,20,0,4,42,0,46,4,8,54,0,66,50,0,50,116
08/24/2021,LBE,PA,AEA,CE,Federal Contract Tower,6,7,11,8,32,0,0,83,0,83,6,7,94,8,115,56,0,56,171
08/25/2021,LBE,PA,AEA,CE,Federal Contract Tower,4,17,13,2,36,0,1,65,2,68,4,18,78,4,104,66,0,66,170
08/26/2021,LBE,PA,AEA,CE,Federal Contract Tower,4,13,7,4,28,0,0,76,0,76,4,13,83,4,104,136,0,136,240
08/27/2021,LBE,PA,AEA,CE,Federal Contract Tower,4,18,17,0,39,0,7,39,0,46,4,25,56,0,85,16,0,16,101
08/28/2021,LBE,PA,AEA,CE,Federal Contract Tower,4,9,8,0,21,0,1,47,0,48,4,10,55,0,69,70,0,70,139
08/29/2021,LBE,PA,AEA,CE,Federal Contract Tower,6,15,11,0,32,0,0,35,0,35,6,15,46,0,67,38,0,38,105
08/30/2021,LBE,PA,AEA,CE,Federal Contract Tower,4,10,8,0,22,0,0,15,0,15,4,10,23,0,37,4,0,4,41
08/31/2021,LBE,PA,AEA,CE,Federal Contract Tower,6,7,11,0,24,0,0,4,0,4,6,7,15,0,28,0,0,0,28
09/01/2021,LBE,PA,AEA,CE,Federal Contract Tower,2,13,5,0,20,0,0,3,0,3,2,13,8,0,23,22,0,22,45
09/02/2021,LBE,PA,AEA,CE,Federal Contract Tower,6,22,15,4,47,0,1,87,0,88,6,23,102,4,135,70,0,70,205
09/03/2021,LBE,PA,AEA,CE,Federal Contract Tower,6,21,16,4,47,0,6,101,0,107,6,27,117,4,154,134,0,134,288
09/04/2021,LBE,PA,AEA,CE,Federal Contract Tower,4,1,19,0,24,0,0,73,0,73,4,1,92,0,97,26,0,26,123
09/05/2021,LBE,PA,AEA,CE,Federal Contract Tower,6,18,17,0,41,0,4,0,0,4,6,22,17,0,45,0,0,0,45
09/06/2021,LBE,PA,AEA,CE,Federal Contract Tower,4,22,8,0,34,0,0,72,0,72,4,22,80,0,106,0,0,0,106
09/07/2021,LBE,PA,AEA,CE,Federal Contract Tower,7,16,17,2,42,0,4,97,2,103,7,20,114,4,145,54,0,54,199
09/08/2021,LBE,PA,AEA,CE,Federal Contract Tower,4,14,19,2,39,0,1,17,3,21,4,15,36,5,60,6,0,6,66
09/09/2021,LBE,PA,AEA,CE,Federal Contract Tower,7,19,8,0,34,0,1,6,0,7,7,20,14,0,41,0,0,0,41
09/10/2021,LBE,PA,AEA,CE,Federal Contract Tower,4,20,15,0,39,0,2,32,0,34,4,22,47,0,73,4,0,4,77
09/11/2021,LBE,PA,AEA,CE,Federal Contract Tower,6,11,11,0,28,0,0,0,0,0,6,11,11,0,28,64,0,64,92
09/12/2021,LBE,PA,AEA,CE,Federal Contract Tower,6,19,6,2,33,0,1,20,0,21,6,20,26,2,54,0,0,0,54
09/13/2021,LBE,PA,AEA,CE,Federal Contract Tower,6,22,9,3,40,0,0,60,1,61,6,22,69,4,101,42,0,42,143
09/14/2021,LBE,PA,AEA,CE,Federal Contract Tower,4,12,16,0,32,0,5,92,2,99,4,17,108,2,131,62,0,62,193
09/15/2021,LBE,PA,AEA,CE,Federal Contract Tower,4,11,13,0,28,0,2,8,4,14,4,13,21,4,42,0,0,0,42
09/16/2021,LBE,PA,AEA,CE,Federal Contract Tower,6,32,7,1,46,0,1,54,1,56,6,33,61,2,102,52,0,52,154
09/17/2021,LBE,PA,AEA,CE,Federal Contract Tower,6,20,19,4,49,0,5,50,10,65,6,25,69,14,114,6,8,14,128
09/18/2021,LBE,PA,AEA,CE,Federal Contract Tower,6,4,8,0,18,0,1,68,6,75,6,5,76,6,93,90,6,96,189
09/19/2021,LBE,PA,AEA,CE,Federal Contract Tower,6,26,14,0,46,0,4,86,5,95,6,30,100,5,141,30,0,30,171
09/20/2021,LBE,PA,AEA,CE,Federal Contract Tower,6,24,14,4,48,0,4,62,0,66,6,28,76,4,114,22,0,22,136
09/21/2021,LBE,PA,AEA,CE,Federal Contract Tower,4,15,8,4,31,0,8,39,0,47,4,23,47,4,78,12,0,12,90
09/22/2021,LBE,PA,AEA,CE,Federal Contract Tower,4,17,3,4,28,0,2,5,0,7,4,19,8,4,35,2,0,2,37
09/23/2021,LBE,PA,AEA,CE,Federal Contract Tower,6,12,9,0,27,0,0,1,0,1,6,12,10,0,28,0,0,0,28
09/24/2021,LBE,PA,AEA,CE,Federal Contract Tower,4,22,12,4,42,0,4,61,4,69,4,26,73,8,111,32,0,32,143
09/25/2021,LBE,PA,AEA,CE,Federal Contract Tower,6,10,21,0,37,0,2,61,0,63,6,12,82,0,100,62,0,62,162
09/26/2021,LBE,PA,AEA,CE,Federal Contract Tower,6,19,8,0,33,0,2,76,0,78,6,21,84,0,111,46,0,46,157
09/27/2021,LBE,PA,AEA,CE,Federal Contract Tower,6,17,8,0,31,0,1,15,0,16,6,18,23,0,47,0,0,0,47
09/28/2021,LBE,PA,AEA,CE,Federal Contract Tower,4,11,19,0,34,0,4,15,0,19,4,15,34,0,53,26,0,26,79
09/29/2021,LBE,PA,AEA,CE,Federal Contract Tower,4,11,12,1,28,0,5,97,5,107,4,16,109,6,135,106,8,114,249
09/30/2021,LBE,PA,AEA,CE,Federal Contract Tower,6,12,21,0,39,0,2,72,0,74,6,14,93,0,113,72,0,72,185
10/01/2021,LBE,PA,AEA,CE,Federal Contract Tower,6,16,12,0,34,0,1,52,0,53,6,17,64,0,87,24,0,24,111
10/02/2021,LBE,PA,AEA,CE,Federal Contract Tower,6,8,7,0,21,0,0,38,0,38,6,8,45,0,59,6,0,6,65
10/03/2021,LBE,PA,AEA,CE,Federal Contract Tower,4,15,23,0,42,0,0,9,0,9,4,15,32,0,51,0,0,0,51
10/04/2021,LBE,PA,AEA,CE,Federal Contract Tower,6,7,7,0,20,0,0,25,0,25,6,7,32,0,45,26,0,26,71
10/05/2021,LBE,PA,AEA,CE,Federal Contract Tower,4,11,15,0,30,0,2,68,0,70,4,13,83,0,100,82,0,82,182
10/06/2021,LBE,PA,AEA,CE,Federal Contract Tower,4,15,20,6,45,0,2,61,4,67,4,17,81,10,112,46,4,50,162
10/07/2021,LBE,PA,AEA,CE,Federal Contract Tower,6,20,18,0,44,0,1,43,0,44,6,21,61,0,88,60,0,60,148
10/08/2021,LBE,PA,AEA,CE,Federal Contract Tower,8,20,22,0,50,0,3,68,0,71,8,23,90,0,121,2,0,2,123
10/09/2021,LBE,PA,AEA,CE,Federal Contract Tower,2,11,6,0,19,0,0,10,0,10,2,11,16,0,29,0,0,0,29
10/10/2021,LBE,PA,AEA,CE,Federal Contract Tower,6,20,11,0,37,0,0,72,0,72,6,20,83,0,109,26,0,26,135
10/11/2021,LBE,PA,AEA,CE,Federal Contract Tower,8,15,12,0,35,0,0,55,0,55,8,15,67,0,90,10,0,10,100
10/12/2021,LBE,PA,AEA,CE,Federal Contract Tower,4,11,10,2,27,0,0,50,2,52,4,11,60,4,79,38,0,38,117
10/13/2021,LBE,PA,AEA,CE,Federal Contract Tower,4,9,25,0,38,0,3,47,0,50,4,12,72,0,88,26,0,26,114
10/14/2021,LBE,PA,AEA,CE,Federal Contract Tower,6,12,22,6,46,0,66,3,0,69,6,78,25,6,115,104,4,108,223
10/15/2021,LBE,PA,AEA,CE,Federal Contract Tower,6,16,17,2,41,0,1,36,1,38,6,17,53,3,79,10,0,10,89
10/16/2021,LBE,PA,AEA,CE,Federal Contract Tower,4,13,1,0,18,0,0,3,0,3,4,13,4,0,21,0,0,0,21
10/17/2021,LBE,PA,AEA,CE,Federal Contract Tower,6,10,18,0,34,0,0,24,0,24,6,10,42,0,58,14,0,14,72
10/18/2021,LBE,PA,AEA,CE,Federal Contract Tower,6,22,10,1,39,0,1,29,2,32,6,23,39,3,71,8,0,8,79
10/19/2021,LBE,PA,AEA,CE,Federal Contract Tower,4,19,22,2,47,0,9,86,6,101,4,28,108,8,148,52,0,52,200
10/20/2021,LBE,PA,AEA,CE,Federal Contract Tower,4,15,7,2,28,0,1,81,6,88,4,16,88,8,116,88,8,96,212
10/21/2021,LBE,PA,AEA,CE,Federal Contract Tower,6,15,13,0,34,0,2,23,2,27,6,17,36,2,61,26,2,28,89
10/22/2021,LBE,PA,AEA,CE,Federal Contract Tower,6,16,2,0,24,0,0,0,0,0,6,16,2,0,24,0,0,0,24
10/23/2021,LBE,PA,AEA,CE,Federal Contract Tower,4,9,7,0,20,0,2,0,0,2,4,11,7,0,22,0,0,0,22
10/24/2021,LBE,PA,AEA,CE,Federal Contract Tower,6,14,18,0,38,0,4,33,0,37,6,18,51,0,75,28,0,28,103
10/25/2021,LBE,PA,AEA,CE,Federal Contract Tower,6,20,8,0,34,0,1,17,2,20,6,21,25,2,54,12,0,12,66
10/26/2021,LBE,PA,AEA,CE,Federal Contract Tower,4,18,8,0,30,0,0,3,0,3,4,18,11,0,33,0,0,0,33
10/27/2021,LBE,PA,AEA,CE,Federal Contract Tower,4,12,9,2,27,0,4,0,0,4,4,16,9,2,31,0,0,0,31
10/28/2021,LBE,PA,AEA,CE,Federal Contract Tower,6,13,18,0,37,0,4,67,0,71,6,17,85,0,108,34,0,34,142
10/29/2021,LBE,PA,AEA,CE,Federal Contract Tower,6,19,9,0,34,0,2,2,0,4,6,21,11,0,38,6,0,6,44
10/30/2021,LBE,PA,AEA,CE,Federal Contract Tower,4,6,9,0,19,0,0,14,0,14,4,6,23,0,33,10,0,10,43
10/31/2021,LBE,PA,AEA,CE,Federal Contract Tower,6,13,16,0,35,0,2,0,0,2,6,15,16,0,37,0,0,0,37
11/01/2021,LBE,PA,AEA,CE,Federal Contract Tower,6,13,5,2,26,0,1,78,2,81,6,14,83,4,107,72,6,78,185
11/02/2021,LBE,PA,AEA,CE,Federal Contract Tower,4,17,9,0,30,0,0,65,1,66,4,17,74,1,96,70,0,70,166
11/03/2021,LBE,PA,AEA,CE,Federal Contract Tower,4,17,10,0,31,0,5,61,0,66,4,22,71,0,97,84,0,84,181
11/04/2021,LBE,PA,AEA,CE,Federal Contract Tower,10,23,9,2,44,0,1,52,2,55,10,24,61,4,99,46,0,46,145
11/05/2021,LBE,PA,AEA,CE,Federal Contract Tower,6,13,18,0,37,0,0,64,3,67,6,13,82,3,104,46,2,48,152
11/06/2021,LBE,PA,AEA,CE,Federal Contract Tower,4,14,8,0,26,0,0,51,0,51,4,14,59,0,77,62,0,62,139
11/07/2021,LBE,PA,AEA,CE,Federal Contract Tower,6,18,14,0,38,0,0,82,0,82,6,18,96,0,120,66,0,66,186
11/08/2021,LBE,PA,AEA,CE,Federal Contract Tower,6,16,9,2,33,0,3,50,2,55,6,19,59,4,88,44,0,44,132
11/09/2021,LBE,PA,AEA,CE,Federal Contract Tower,4,18,15,0,37,0,2,73,2,77,4,20,88,2,114,42,0,42,156
11/10/2021,LBE,PA,AEA,CE,Federal Contract Tower,4,14,11,0,29,0,0,84,3,87,4,14,95,3,116,108,0,108,224
11/11/2021,LBE,PA,AEA,CE,Federal Contract Tower,8,12,17,0,37,0,0,19,0,19,8,12,36,0,56,0,0,0,56
11/12/2021,LBE,PA,AEA,CE,Federal Contract Tower,6,19,9,0,34,0,0,43,0,43,6,19,52,0,77,40,0,40,117
11/13/2021,LBE,PA,AEA,CE,Federal Contract Tower,4,3,6,0,13,0,0,0,0,0,4,3,6,0,13,0,0,0,13
11/14/2021,LBE,PA,AEA,CE,Federal Contract Tower,7,17,9,0,33,0,0,2,0,2,7,17,11,0,35,8,0,8,43
11/15/2021,LBE,PA,AEA,CE,Federal Contract Tower,6,18,7,0,31,0,10,0,0,10,6,28,7,0,41,0,0,0,41
11/16/2021,LBE,PA,AEA,CE,Federal Contract Tower,3,14,13,0,30,0,4,67,6,77,3,18,80,6,107,62,4,66,173
11/17/2021,LBE,PA,AEA,CE,Federal Contract Tower,6,15,12,0,33,0,2,22,2,26,6,17,34,2,59,20,0,20,79
11/18/2021,LBE,PA,AEA,CE,Federal Contract Tower,7,21,13,0,41,0,0,2,0,2,7,21,15,0,43,0,0,0,43
11/20/2021,LBE,PA,AEA,CE,Federal Contract Tower,5,14,7,0,26,0,5,39,2,46,5,19,46,2,72,90,0,90,162
11/21/2021,LBE,PA,AEA,CE,Federal Contract Tower,5,12,9,0,26,0,0,14,0,14,5,12,23,0,40,4,0,4,44
11/22/2021,LBE,PA,AEA,CE,Federal Contract Tower,6,11,4,0,21,0,16,10,0,26,6,27,14,0,47,17,0,17,64
11/23/2021,LBE,PA,AEA,CE,Federal Contract Tower,6,15,15,2,38,0,2,65,4,71,6,17,80,6,109,86,8,94,203
11/24/2021,LBE,PA,AEA,CE,Federal Contract Tower,7,19,9,0,35,0,2,89,0,91,7,21,98,0,126,122,0,122,248
11/25/2021,LBE,PA,AEA,CE,Federal Contract Tower,6,1,2,0,9,0,0,4,0,4,6,1,6,0,13,0,0,0,13
11/26/2021,LBE,PA,AEA,CE,Federal Contract Tower,5,3,12,0,20,0,0,0,0,0,5,3,12,0,20,0,0,0,20
11/27/2021,LBE,PA,AEA,CE,Federal Contract Tower,5,8,3,0,16,0,1,39,0,40,5,9,42,0,56,40,0,40,96
11/29/2021,LBE,PA,AEA,CE,Federal Contract Tower,5,11,7,0,23,0,0,17,0,17,5,11,24,0,40,0,0,0,40
11/30/2021,LBE,PA,AEA,CE,Federal Contract Tower,5,14,7,0,26,0,0,16,4,20,5,14,23,4,46,2,4,6,52
12/01/2021,LBE,PA,AEA,CE,Federal Contract Tower,4,9,10,0,23,0,0,40,0,40,4,9,50,0,63,54,54,108,171
12/02/2021,LBE,PA,AEA,CE,Federal Contract Tower,4,18,25,0,47,0,2,10,0,12,4,20,35,0,59,0,0,0,59
12/03/2021,LBE,PA,AEA,CE,Federal Contract Tower,8,15,3,4,30,0,2,26,0,28,8,17,29,4,58,42,0,42,100
12/04/2021,LBE,PA,AEA,CE,Federal Contract Tower,4,6,10,0,20,0,1,84,0,85,4,7,94,0,105,62,0,62,167
12/05/2021,LBE,PA,AEA,CE,Federal Contract Tower,5,16,7,0,28,0,2,29,0,31,5,18,36,0,59,4,0,4,63
12/06/2021,LBE,PA,AEA,CE,Federal Contract Tower,9,6,7,0,22,0,0,0,0,0,9,6,7,0,22,0,0,0,22
12/07/2021,LBE,PA,AEA,CE,Federal Contract Tower,2,16,10,2,30,0,2,55,12,69,2,18,65,14,99,78,2,80,179
12/08/2021,LBE,PA,AEA,CE,Federal Contract Tower,3,11,12,0,26,0,4,7,0,11,3,15,19,0,37,16,0,16,53
12/09/2021,LBE,PA,AEA,CE,Federal Contract Tower,4,13,11,0,28,0,0,52,1,53,4,13,63,1,81,72,0,72,153
12/10/2021,LBE,PA,AEA,CE,Federal Contract Tower,6,5,6,0,17,0,0,29,0,29,6,5,35,0,46,24,0,24,70
12/11/2021,LBE,PA,AEA,CE,Federal Contract Tower,4,7,5,0,16,0,0,4,0,4,4,7,9,0,20,0,0,0,20
12/12/2021,LBE,PA,AEA,CE,Federal Contract Tower,3,9,6,0,18,0,0,46,0,46,3,9,52,0,64,22,0,22,86
12/13/2021,LBE,PA,AEA,CE,Federal Contract Tower,6,15,13,4,38,0,1,51,2,54,6,16,64,6,92,44,6,50,142
12/14/2021,LBE,PA,AEA,CE,Federal Contract Tower,1,14,10,1,26,0,1,77,6,84,1,15,87,7,110,52,0,52,162
12/15/2021,LBE,PA,AEA,CE,Federal Contract Tower,4,10,5,0,19,0,2,28,0,30,4,12,33,0,49,12,0,12,61
12/16/2021,LBE,PA,AEA,CE,Federal Contract Tower,4,15,9,0,28,0,1,2,0,3,4,16,11,0,31,0,0,0,31
12/17/2021,LBE,PA,AEA,CE,Federal Contract Tower,6,13,8,0,27,0,8,82,1,91,6,21,90,1,118,52,0,52,170
12/18/2021,LBE,PA,AEA,CE,Federal Contract Tower,5,8,3,0,16,0,4,0,0,4,5,12,3,0,20,0,0,0,20
12/19/2021,LBE,PA,AEA,CE,Federal Contract Tower,3,13,3,0,19,0,2,17,0,19,3,15,20,0,38,28,0,28,66
12/20/2021,LBE,PA,AEA,CE,Federal Contract Tower,6,6,8,0,20,0,0,0,0,0,6,6,8,0,20,44,0,44,64
12/21/2021,LBE,PA,AEA,CE,Federal Contract Tower,3,10,10,0,23,0,2,109,0,111,3,12,119,0,134,128,0,128,262
12/22/2021,LBE,PA,AEA,CE,Federal Contract Tower,6,13,7,0,26,0,3,8,0,11,6,16,15,0,37,8,0,8,45
12/23/2021,LBE,PA,AEA,CE,Federal Contract Tower,6,17,7,0,30,0,2,63,0,65,6,19,70,0,95,84,0,84,179
12/24/2021,LBE,PA,AEA,CE,Federal Contract Tower,6,1,3,0,10,0,0,16,0,16,6,1,19,0,26,36,0,36,62
12/25/2021,LBE,PA,AEA,CE,Federal Contract Tower,6,3,1,0,10,0,0,0,0,0,6,3,1,0,10,0,0,0,10
12/26/2021,LBE,PA,AEA,CE,Federal Contract Tower,6,15,14,0,35,0,4,31,0,35,6,19,45,0,70,48,0,48,118
12/27/2021,LBE,PA,AEA,CE,Federal Contract Tower,5,29,0,0,34,0,0,0,0,0,5,29,0,0,34,0,0,0,34
12/28/2021,LBE,PA,AEA,CE,Federal Contract Tower,6,13,8,2,29,0,0,49,0,49,6,13,57,2,78,104,0,104,182
12/29/2021,LBE,PA,AEA,CE,Federal Contract Tower,6,10,11,0,27,0,1,0,0,1,6,11,11,0,28,0,0,0,28
12/30/2021,LBE,PA,AEA,CE,Federal Contract Tower,6,10,11,0,27,0,0,8,0,8,6,10,19,0,35,0,0,0,35
12/31/2021,LBE,PA,AEA,CE,Federal Contract Tower,7,3,8,0,18,0,0,12,0,12,7,3,20,0,30,44,0,44,74
01/01/2022,LBE,PA,AEA,CE,Federal Contract Tower,3,9,6,0,18,0,0,0,0,0,3,9,6,0,18,0,0,0,18
01/02/2022,LBE,PA,AEA,CE,Federal Contract Tower,5,25,5,0,35,0,0,0,0,0,5,25,5,0,35,0,0,0,35
01/03/2022,LBE,PA,AEA,CE,Federal Contract Tower,6,10,12,0,28,0,0,47,5,52,6,10,59,5,80,136,0,136,216
01/04/2022,LBE,PA,AEA,CE,Federal Contract Tower,5,17,3,0,25,0,1,70,5,76,5,18,73,5,101,46,0,46,147
01/05/2022,LBE,PA,AEA,CE,Federal Contract Tower,4,11,7,0,22,0,2,4,0,6,4,13,11,0,28,0,0,0,28
01/06/2022,LBE,PA,AEA,CE,Federal Contract Tower,3,14,2,0,19,0,0,15,0,15,3,14,17,0,34,14,0,14,48
01/07/2022,LBE,PA,AEA,CE,Federal Contract Tower,4,7,1,0,12,0,0,0,0,0,4,7,1,0,12,0,0,0,12
01/08/2022,LBE,PA,AEA,CE,Federal Contract Tower,6,5,11,0,22,0,0,42,0,42,6,5,53,0,64,62,0,62,126
01/09/2022,LBE,PA,AEA,CE,Federal Contract Tower,3,4,1,0,8,0,0,0,0,0,3,4,1,0,8,0,0,0,8
01/10/2022,LBE,PA,AEA,CE,Federal Contract Tower,7,10,1,0,18,0,0,4,0,4,7,10,5,0,22,0,0,0,22
01/11/2022,LBE,PA,AEA,CE,Federal Contract Tower,1,14,3,0,18,0,1,52,3,56,1,15,55,3,74,48,0,48,122
01/12/2022,LBE,PA,AEA,CE,Federal Contract Tower,5,11,10,0,26,0,0,17,0,17,5,11,27,0,43,6,0,6,49
01/13/2022,LBE,PA,AEA,CE,Federal Contract Tower,3,8,10,2,23,0,0,15,0,15,3,8,25,2,38,18,0,18,56
01/14/2022,LBE,PA,AEA,CE,Federal Contract Tower,6,5,1,0,12,0,0,9,0,9,6,5,10,0,21,24,0,24,45
01/15/2022,LBE,PA,AEA,CE,Federal Contract Tower,6,6,15,0,27,0,0,51,0,51,6,6,66,0,78,12,0,12,90
01/16/2022,LBE,PA,AEA,CE,Federal Contract Tower,3,6,2,0,11,0,0,6,0,6,3,6,8,0,17,0,0,0,17
01/17/2022,LBE,PA,AEA,CE,Federal Contract Tower,6,4,3,0,13,0,0,0,0,0,6,4,3,0,13,0,0,0,13
01/18/2022,LBE,PA,AEA,CE,Federal Contract Tower,1,11,5,2,19,0,2,3,0,5,1,13,8,2,24,8,0,8,32
01/19/2022,LBE,PA,AEA,CE,Federal Contract Tower,4,14,7,0,25,0,0,18,0,18,4,14,25,0,43,44,0,44,87
01/20/2022,LBE,PA,AEA,CE,Federal Contract Tower,3,9,2,0,14,0,0,9,0,9,3,9,11,0,23,16,0,16,39
01/21/2022,LBE,PA,AEA,CE,Federal Contract Tower,6,7,6,0,19,0,1,36,0,37,6,8,42,0,56,82,0,82,138
01/22/2022,LBE,PA,AEA,CE,Federal Contract Tower,6,4,4,0,14,0,0,37,2,39,6,4,41,2,53,52,0,52,105
01/23/2022,LBE,PA,AEA,CE,Federal Contract Tower,5,14,2,0,21,0,1,3,0,4,5,15,5,0,25,4,0,4,29
01/24/2022,LBE,PA,AEA,CE,Federal Contract Tower,9,4,0,0,13,0,0,1,0,1,9,4,1,0,14,0,0,0,14
01/25/2022,LBE,PA,AEA,CE,Federal Contract Tower,1,19,3,0,23,0,21,3,0,24,1,40,6,0,47,0,0,0,47
01/26/2022,LBE,PA,AEA,CE,Federal Contract Tower,4,15,7,2,28,0,35,30,0,65,4,50,37,2,93,58,0,58,151
01/27/2022,LBE,PA,AEA,CE,Federal Contract Tower,3,13,6,0,22,0,2,53,4,59,3,15,59,4,81,34,0,34,115
01/28/2022,LBE,PA,AEA,CE,Federal Contract Tower,7,4,1,0,12,0,0,0,0,0,7,4,1,0,12,0,0,0,12
01/29/2022,LBE,PA,AEA,CE,Federal Contract Tower,6,9,2,0,17,0,0,16,0,16,6,9,18,0,33,0,0,0,33
01/30/2022,LBE,PA,AEA,CE,Federal Contract Tower,3,10,2,0,15,0,0,8,0,8,3,10,10,0,23,2,0,2,25
01/31/2022,LBE,PA,AEA,CE,Federal Contract Tower,8,5,6,0,19,0,2,18,2,22,8,7,24,2,41,26,0,26,67
02/01/2022,LBE,PA,AEA,CE,Federal Contract Tower,1,6,3,7,17,0,4,35,2,41,1,10,38,9,58,0,4,4,62
02/02/2022,LBE,PA,AEA,CE,Federal Contract Tower,4,10,6,0,20,0,0,25,4,29,4,10,31,4,49,22,0,22,71
02/03/2022,LBE,PA,AEA,CE,Federal Contract Tower,1,4,2,0,7,0,0,0,0,0,1,4,2,0,7,0,0,0,7
02/04/2022,LBE,PA,AEA,CE,Federal Contract Tower,5,11,2,0,18,0,0,0,0,0,5,11,2,0,18,0,0,0,18
02/05/2022,LBE,PA,AEA,CE,Federal Contract Tower,5,5,3,2,15,0,0,9,0,9,5,5,12,2,24,6,0,6,30
02/06/2022,LBE,PA,AEA,CE,Federal Contract Tower,5,8,12,0,25,0,2,57,0,59,5,10,69,0,84,34,0,34,118
02/07/2022,LBE,PA,AEA,CE,Federal Contract Tower,6,17,5,2,30,0,0,31,4,35,6,17,36,6,65,40,6,46,111
02/08/2022,LBE,PA,AEA,CE,Federal Contract Tower,1,4,0,2,7,0,0,4,0,4,1,4,4,2,11,0,0,0,11
02/09/2022,LBE,PA,AEA,CE,Federal Contract Tower,4,6,7,4,21,0,2,20,2,24,4,8,27,6,45,10,0,10,55
02/10/2022,LBE,PA,AEA,CE,Federal Contract Tower,3,16,3,0,22,0,0,22,0,22,3,16,25,0,44,6,0,6,50
02/11/2022,LBE,PA,AEA,CE,Federal Contract Tower,5,10,8,0,23,0,0,16,0,16,5,10,24,0,39,0,0,0,39
02/12/2022,LBE,PA,AEA,CE,Federal Contract Tower,6,3,9,0,18,0,0,8,0,8,6,3,17,0,26,0,0,0,26
02/13/2022,LBE,PA,AEA,CE,Federal Contract Tower,3,8,2,0,13,0,1,16,0,17,3,9,18,0,30,54,0,54,84
02/14/2022,LBE,PA,AEA,CE,Federal Contract Tower,6,10,4,0,20,0,2,17,2,21,6,12,21,2,41,10,0,10,51
02/15/2022,LBE,PA,AEA,CE,Federal Contract Tower,1,5,13,0,19,0,0,59,2,61,1,5,72,2,80,38,0,38,118
02/16/2022,LBE,PA,AEA,CE,Federal Contract Tower,5,19,8,0,32,0,0,24,0,24,5,19,32,0,56,0,0,0,56
02/17/2022,LBE,PA,AEA,CE,Federal Contract Tower,3,10,1,0,14,0,0,0,0,0,3,10,1,0,14,0,0,0,14
02/18/2022,LBE,PA,AEA,CE,Federal Contract Tower,9,9,8,0,26,0,0,5,0,5,9,9,13,0,31,0,0,0,31
02/19/2022,LBE,PA,AEA,CE,Federal Contract Tower,7,4,2,0,13,0,1,2,0,3,7,5,4,0,16,0,0,0,16
02/20/2022,LBE,PA,AEA,CE,Federal Contract Tower,3,11,5,0,19,0,0,56,0,56,3,11,61,0,75,30,0,30,105
02/21/2022,LBE,PA,AEA,CE,Federal Contract Tower,9,11,8,0,28,0,0,61,0,61,9,11,69,0,89,72,0,72,161
02/22/2022,LBE,PA,AEA,CE,Federal Contract Tower,4,16,5,2,27,0,0,3,0,3,4,16,8,2,30,0,0,0,30
02/23/2022,LBE,PA,AEA,CE,Federal Contract Tower,0,0,0,0,0,0,0,0,0,0,0,0,0,0,0,0,0,0,0
02/24/2022,LBE,PA,AEA,CE,Federal Contract Tower,3,15,14,0,32,0,0,16,0,16,3,15,30,0,48,8,0,8,56
02/25/2022,LBE,PA,AEA,CE,Federal Contract Tower,8,11,14,0,33,0,0,2,0,2,8,11,16,0,35,6,0,6,41
02/26/2022,LBE,PA,AEA,CE,Federal Contract Tower,6,6,10,0,22,0,2,24,0,26,6,8,34,0,48,4,0,4,52
02/27/2022,LBE,PA,AEA,CE,Federal Contract Tower,3,4,7,0,14,0,0,14,0,14,3,4,21,0,28,4,0,4,32
02/28/2022,LBE,PA,AEA,CE,Federal Contract Tower,8,11,4,0,23,0,1,63,0,64,8,12,67,0,87,46,0,46,133
03/01/2022,LBE,PA,AEA,CE,Federal Contract Tower,3,12,7,0,22,0,0,34,2,36,3,12,41,2,58,58,8,66,124
03/02/2022,LBE,PA,AEA,CE,Federal Contract Tower,6,5,8,1,20,0,2,70,9,81,6,7,78,10,101,64,8,72,173
03/03/2022,LBE,PA,AEA,CE,Federal Contract Tower,3,9,9,2,23,0,2,21,0,23,3,11,30,2,46,4,0,4,50
03/04/2022,LBE,PA,AEA,CE,Federal Contract Tower,8,9,8,2,27,0,2,78,0,80,8,11,86,2,107,32,0,32,139
03/05/2022,LBE,PA,AEA,CE,Federal Contract Tower,6,5,7,0,18,0,0,55,0,55,6,5,62,0,73,76,0,76,149
03/06/2022,LBE,PA,AEA,CE,Federal Contract Tower,3,12,7,0,22,0,0,0,0,0,3,12,7,0,22,0,0,0,22
03/07/2022,LBE,PA,AEA,CE,Federal Contract Tower,8,6,4,0,18,0,0,4,0,4,8,6,8,0,22,0,0,0,22
03/08/2022,LBE,PA,AEA,CE,Federal Contract Tower,4,5,8,0,17,0,4,22,0,26,4,9,30,0,43,36,0,36,79
03/09/2022,LBE,PA,AEA,CE,Federal Contract Tower,6,18,6,0,30,0,0,0,0,0,6,18,6,0,30,0,0,0,30
03/10/2022,LBE,PA,AEA,CE,Federal Contract Tower,1,9,12,0,22,0,2,53,0,55,1,11,65,0,77,48,0,48,125
03/11/2022,LBE,PA,AEA,CE,Federal Contract Tower,7,12,5,0,24,0,1,37,4,42,7,13,42,4,66,44,4,48,114
03/12/2022,LBE,PA,AEA,CE,Federal Contract Tower,1,4,0,0,5,0,0,0,0,0,1,4,0,0,5,0,0,0,5
03/13/2022,LBE,PA,AEA,CE,Federal Contract Tower,5,12,2,0,19,0,0,4,0,4,5,12,6,0,23,8,0,8,31
03/14/2022,LBE,PA,AEA,CE,Federal Contract Tower,8,8,1,2,19,0,7,80,0,87,8,15,81,2,106,70,0,70,176
03/15/2022,LBE,PA,AEA,CE,Federal Contract Tower,4,10,2,0,16,0,2,40,4,46,4,12,42,4,62,14,0,14,76
03/16/2022,LBE,PA,AEA,CE,Federal Contract Tower,8,8,7,2,25,0,1,62,0,63,8,9,69,2,88,80,0,80,168
03/17/2022,LBE,PA,AEA,CE,Federal Contract Tower,4,17,5,0,26,0,4,75,2,81,4,21,80,2,107,92,0,92,199
03/18/2022,LBE,PA,AEA,CE,Federal Contract Tower,8,15,7,1,31,0,0,55,1,56,8,15,62,2,87,32,0,32,119
03/19/2022,LBE,PA,AEA,CE,Federal Contract Tower,5,7,2,2,16,0,0,11,4,15,5,7,13,6,31,10,0,10,41
03/20/2022,LBE,PA,AEA,CE,Federal Contract Tower,4,17,10,0,31,0,4,5,0,9,4,21,15,0,40,0,0,0,40
03/21/2022,LBE,PA,AEA,CE,Federal Contract Tower,9,9,6,0,24,0,1,29,0,30,9,10,35,0,54,20,0,20,74
03/22/2022,LBE,PA,AEA,CE,Federal Contract Tower,4,9,2,0,15,0,1,44,0,45,4,10,46,0,60,54,0,54,114
03/23/2022,LBE,PA,AEA,CE,Federal Contract Tower,9,8,7,2,26,0,2,2,0,4,9,10,9,2,30,0,0,0,30
03/24/2022,LBE,PA,AEA,CE,Federal Contract Tower,5,12,7,8,32,0,1,22,1,24,5,13,29,9,56,12,2,14,70
03/25/2022,LBE,PA,AEA,CE,Federal Contract Tower,8,14,7,0,29,0,0,11,0,11,8,14,18,0,40,14,0,14,54
03/26/2022,LBE,PA,AEA,CE,Federal Contract Tower,6,8,3,0,17,0,0,0,0,0,6,8,3,0,17,0,0,0,17
03/27/2022,LBE,PA,AEA,CE,Federal Contract Tower,5,9,3,0,17,0,0,0,0,0,5,9,3,0,17,0,0,0,17
03/28/2022,LBE,PA,AEA,CE,Federal Contract Tower,8,9,3,0,20,0,0,0,2,2,8,9,3,2,22,0,2,2,24
03/29/2022,LBE,PA,AEA,CE,Federal Contract Tower,4,19,9,0,32,0,0,41,2,43,4,19,50,2,75,6,2,8,83
03/30/2022,LBE,PA,AEA,CE,Federal Contract Tower,8,14,5,0,27,0,2,31,4,37,8,16,36,4,64,10,0,10,74
03/31/2022,LBE,PA,AEA,CE,Federal Contract Tower,1,9,2,0,12,0,0,0,2,2,1,9,2,2,14,0,0,0,14
04/01/2022,LBE,PA,AEA,CE,Federal Contract Tower,5,10,5,0,20,0,0,2,0,2,5,10,7,0,22,0,0,0,22
04/02/2022,LBE,PA,AEA,CE,Federal Contract Tower,3,3,9,0,15,0,3,138,0,141,3,6,147,0,156,180,0,180,336
04/03/2022,LBE,PA,AEA,CE,Federal Contract Tower,3,8,6,0,17,0,0,2,0,2,3,8,8,0,19,0,0,0,19
04/04/2022,LBE,PA,AEA,CE,Federal Contract Tower,5,13,7,0,25,0,0,47,0,47,5,13,54,0,72,58,0,58,130
04/05/2022,LBE,PA,AEA,CE,Federal Contract Tower,6,10,3,0,19,0,0,31,4,35,6,10,34,4,54,8,10,18,72
04/06/2022,LBE,PA,AEA,CE,Federal Contract Tower,4,14,5,0,23,0,0,57,0,57,4,14,62,0,80,46,0,46,126
04/07/2022,LBE,PA,AEA,CE,Federal Contract Tower,3,7,6,0,16,0,0,5,1,6,3,7,11,1,22,14,0,14,36
04/08/2022,LBE,PA,AEA,CE,Federal Contract Tower,7,10,14,0,31,0,2,21,2,25,7,12,35,2,56,34,0,34,90
04/09/2022,LBE,PA,AEA,CE,Federal Contract Tower,4,1,6,0,11,0,0,0,0,0,4,1,6,0,11,0,0,0,11
04/10/2022,LBE,PA,AEA,CE,Federal Contract Tower,4,8,4,0,16,0,2,11,0,13,4,10,15,0,29,2,0,2,31
04/11/2022,LBE,PA,AEA,CE,Federal Contract Tower,8,10,5,0,23,0,3,28,0,31,8,13,33,0,54,24,0,24,78
04/12/2022,LBE,PA,AEA,CE,Federal Contract Tower,3,8,19,1,31,0,2,85,1,88,3,10,104,2,119,66,0,66,185
04/13/2022,LBE,PA,AEA,CE,Federal Contract Tower,8,13,7,0,28,0,0,47,2,49,8,13,54,2,77,72,0,72,149
04/14/2022,LBE,PA,AEA,CE,Federal Contract Tower,3,18,10,0,31,0,1,22,2,25,3,19,32,2,56,18,0,18,74
04/15/2022,LBE,PA,AEA,CE,Federal Contract Tower,8,9,8,0,25,0,0,31,0,31,8,9,39,0,56,42,0,42,98
04/16/2022,LBE,PA,AEA,CE,Federal Contract Tower,6,6,7,0,19,0,0,15,0,15,6,6,22,0,34,18,0,18,52
04/17/2022,LBE,PA,AEA,CE,Federal Contract Tower,3,7,10,0,20,0,0,35,0,35,3,7,45,0,55,14,0,14,69
04/18/2022,LBE,PA,AEA,CE,Federal Contract Tower,8,19,6,0,33,0,0,0,0,0,8,19,6,0,33,0,0,0,33
04/19/2022,LBE,PA,AEA,CE,Federal Contract Tower,1,9,5,0,15,0,0,0,0,0,1,9,5,0,15,0,0,0,15
04/20/2022,LBE,PA,AEA,CE,Federal Contract Tower,4,24,12,0,40,0,11,107,4,122,4,35,119,4,162,120,0,120,282
04/21/2022,LBE,PA,AEA,CE,Federal Contract Tower,1,15,9,0,25,0,0,6,0,6,1,15,15,0,31,8,0,8,39
04/22/2022,LBE,PA,AEA,CE,Federal Contract Tower,3,9,4,4,20,0,0,86,8,94,3,9,90,12,114,114,0,114,228
04/23/2022,LBE,PA,AEA,CE,Federal Contract Tower,4,6,11,0,21,0,3,83,0,86,4,9,94,0,107,146,0,146,253
04/24/2022,LBE,PA,AEA,CE,Federal Contract Tower,4,14,16,0,34,0,4,68,0,72,4,18,84,0,106,14,8,22,128
04/25/2022,LBE,PA,AEA,CE,Federal Contract Tower,7,8,7,0,22,0,3,44,4,51,7,11,51,4,73,24,10,34,107
04/26/2022,LBE,PA,AEA,CE,Federal Contract Tower,3,11,13,0,27,0,3,13,18,34,3,14,26,18,61,0,0,0,61
04/27/2022,LBE,PA,AEA,CE,Federal Contract Tower,4,15,8,0,27,0,0,12,2,14,4,15,20,2,41,10,0,10,51
04/28/2022,LBE,PA,AEA,CE,Federal Contract Tower,4,20,6,4,34,0,1,59,2,62,4,21,65,6,96,21,0,21,117
04/29/2022,LBE,PA,AEA,CE,Federal Contract Tower,4,10,14,4,32,0,0,90,0,90,4,10,104,4,122,88,0,88,210
04/30/2022,LBE,PA,AEA,CE,Federal Contract Tower,2,9,5,0,16,0,0,123,0,123,2,9,128,0,139,44,0,44,183
05/01/2022,LBE,PA,AEA,CE,Federal Contract Tower,5,12,2,0,19,0,3,7,0,10,5,15,9,0,29,20,0,20,49
05/02/2022,LBE,PA,AEA,CE,Federal Contract Tower,7,11,6,0,24,0,3,50,0,53,7,14,56,0,77,24,0,24,101
05/03/2022,LBE,PA,AEA,CE,Federal Contract Tower,3,8,6,0,17,0,0,34,2,36,3,8,40,2,53,44,0,44,97
05/04/2022,LBE,PA,AEA,CE,Federal Contract Tower,6,14,10,4,34,0,0,23,0,23,6,14,33,4,57,36,0,36,93
05/05/2022,LBE,PA,AEA,CE,Federal Contract Tower,5,16,18,0,39,0,0,31,0,31,5,16,49,0,70,30,0,30,100
05/06/2022,LBE,PA,AEA,CE,Federal Contract Tower,3,14,9,0,26,0,0,0,0,0,3,14,9,0,26,0,0,0,26
05/07/2022,LBE,PA,AEA,CE,Federal Contract Tower,4,4,4,0,12,0,0,4,0,4,4,4,8,0,16,0,0,0,16
05/08/2022,LBE,PA,AEA,CE,Federal Contract Tower,7,16,6,0,29,0,0,51,0,51,7,16,57,0,80,8,0,8,88
05/09/2022,LBE,PA,AEA,CE,Federal Contract Tower,5,11,7,0,23,0,0,66,0,66,5,11,73,0,89,114,0,114,203
05/10/2022,LBE,PA,AEA,CE,Federal Contract Tower,3,6,15,0,24,0,0,104,6,110,3,6,119,6,134,136,0,136,270
05/11/2022,LBE,PA,AEA,CE,Federal Contract Tower,4,13,11,0,28,0,0,105,0,105,4,13,116,0,133,176,0,176,309
05/12/2022,LBE,PA,AEA,CE,Federal Contract Tower,7,17,8,0,32,0,1,57,0,58,7,18,65,0,90,14,0,14,104
05/13/2022,LBE,PA,AEA,CE,Federal Contract Tower,4,10,12,0,26,0,0,75,0,75,4,10,87,0,101,58,0,58,159
05/14/2022,LBE,PA,AEA,CE,Federal Contract Tower,2,9,4,0,15,0,4,68,0,72,2,13,72,0,87,46,0,46,133
05/15/2022,LBE,PA,AEA,CE,Federal Contract Tower,5,14,14,0,33,0,0,88,0,88,5,14,102,0,121,40,0,40,161
05/16/2022,LBE,PA,AEA,CE,Federal Contract Tower,5,13,10,0,28,0,0,3,0,3,5,13,13,0,31,0,0,0,31
05/17/2022,LBE,PA,AEA,CE,Federal Contract Tower,3,12,9,0,24,0,3,43,2,48,3,15,52,2,72,56,0,56,128
05/18/2022,LBE,PA,AEA,CE,Federal Contract Tower,4,12,1,6,23,0,0,48,0,48,4,12,49,6,71,74,2,76,147
05/19/2022,LBE,PA,AEA,CE,Federal Contract Tower,4,27,10,0,41,0,0,14,0,14,4,27,24,0,55,0,0,0,55
05/20/2022,LBE,PA,AEA,CE,Federal Contract Tower,5,18,8,0,31,0,0,35,0,35,5,18,43,0,66,8,0,8,74
05/21/2022,LBE,PA,AEA,CE,Federal Contract Tower,3,6,4,2,15,0,2,61,0,63,3,8,65,2,78,58,0,58,136
05/22/2022,LBE,PA,AEA,CE,Federal Contract Tower,4,23,9,0,36,0,1,16,0,17,4,24,25,0,53,8,0,8,61
05/23/2022,LBE,PA,AEA,CE,Federal Contract Tower,5,9,12,6,32,0,6,48,1,55,5,15,60,7,87,44,6,50,137
05/24/2022,LBE,PA,AEA,CE,Federal Contract Tower,2,7,9,0,18,0,0,47,0,47,2,7,56,0,65,58,0,58,123
05/25/2022,LBE,PA,AEA,CE,Federal Contract Tower,6,5,13,1,25,0,0,58,0,58,6,5,71,1,83,24,0,24,107
05/26/2022,LBE,PA,AEA,CE,Federal Contract Tower,6,11,7,0,24,0,26,0,0,26,6,37,7,0,50,20,0,20,70
05/27/2022,LBE,PA,AEA,CE,Federal Contract Tower,2,14,15,0,31,0,0,32,0,32,2,14,47,0,63,30,0,30,93
05/28/2022,LBE,PA,AEA,CE,Federal Contract Tower,4,8,12,0,24,0,0,45,0,45,4,8,57,0,69,92,0,92,161
05/29/2022,LBE,PA,AEA,CE,Federal Contract Tower,4,3,4,0,11,0,1,63,0,64,4,4,67,0,75,22,0,22,97
05/30/2022,LBE,PA,AEA,CE,Federal Contract Tower,5,13,12,0,30,0,0,67,0,67,5,13,79,0,97,68,0,68,165
05/31/2022,LBE,PA,AEA,CE,Federal Contract Tower,4,8,16,0,28,0,3,82,2,87,4,11,98,2,115,38,0,38,153
06/01/2022,LBE,PA,AEA,CE,Federal Contract Tower,4,21,12,0,37,0,4,62,0,66,4,25,74,0,103,22,0,22,125
06/02/2022,LBE,PA,AEA,CE,Federal Contract Tower,8,11,6,0,25,0,3,0,0,3,8,14,6,0,28,0,0,0,28
06/03/2022,LBE,PA,AEA,CE,Federal Contract Tower,6,5,11,2,24,0,3,96,0,99,6,8,107,2,123,122,0,122,245
06/04/2022,LBE,PA,AEA,CE,Federal Contract Tower,4,4,7,0,15,0,1,96,0,97,4,5,103,0,112,98,0,98,210
06/05/2022,LBE,PA,AEA,CE,Federal Contract Tower,9,11,15,0,35,0,1,51,0,52,9,12,66,0,87,16,0,16,103
06/06/2022,LBE,PA,AEA,CE,Federal Contract Tower,7,18,9,0,34,0,2,40,0,42,7,20,49,0,76,64,0,64,140
06/07/2022,LBE,PA,AEA,CE,Federal Contract Tower,6,11,9,0,26,0,1,11,0,12,6,12,20,0,38,0,0,0,38
06/08/2022,LBE,PA,AEA,CE,Federal Contract Tower,6,12,12,2,32,0,4,84,1,89,6,16,96,3,121,110,0,110,231
06/09/2022,LBE,PA,AEA,CE,Federal Contract Tower,6,15,15,2,38,0,0,26,2,28,6,15,41,4,66,28,10,38,104
06/10/2022,LBE,PA,AEA,CE,Federal Contract Tower,4,7,8,0,19,0,2,94,8,104,4,9,102,8,123,168,0,168,291
06/11/2022,LBE,PA,AEA,CE,Federal Contract Tower,6,4,3,0,13,0,0,42,0,42,6,4,45,0,55,2,0,2,57
06/12/2022,LBE,PA,AEA,CE,Federal Contract Tower,6,11,5,3,25,0,2,37,2,41,6,13,42,5,66,36,0,36,102
06/13/2022,LBE,PA,AEA,CE,Federal Contract Tower,8,16,20,3,47,0,0,48,6,54,8,16,68,9,101,96,0,96,197
06/14/2022,LBE,PA,AEA,CE,Federal Contract Tower,6,16,12,2,36,0,10,35,2,47,6,26,47,4,83,18,0,18,101
06/15/2022,LBE,PA,AEA,CE,Federal Contract Tower,6,15,9,1,31,0,2,62,0,64,6,17,71,1,95,76,16,92,187
06/16/2022,LBE,PA,AEA,CE,Federal Contract Tower,6,22,14,0,42,0,0,34,2,36,6,22,48,2,78,52,0,52,130
06/17/2022,LBE,PA,AEA,CE,Federal Contract Tower,6,22,17,0,45,0,1,27,0,28,6,23,44,0,73,4,0,4,77
06/18/2022,LBE,PA,AEA,CE,Federal Contract Tower,6,10,22,0,38,0,0,11,0,11,6,10,33,0,49,0,0,0,49
06/19/2022,LBE,PA,AEA,CE,Federal Contract Tower,6,8,6,0,20,0,1,52,0,53,6,9,58,0,73,32,0,32,105
06/20/2022,LBE,PA,AEA,CE,Federal Contract Tower,6,12,15,0,33,0,2,61,0,63,6,14,76,0,96,52,0,52,148
06/21/2022,LBE,PA,AEA,CE,Federal Contract Tower,6,23,11,0,40,0,3,77,4,84,6,26,88,4,124,108,4,112,236
06/22/2022,LBE,PA,AEA,CE,Federal Contract Tower,6,19,10,0,35,0,1,58,0,59,6,20,68,0,94,82,0,82,176
06/23/2022,LBE,PA,AEA,CE,Federal Contract Tower,6,12,7,0,25,0,1,79,2,82,6,13,86,2,107,72,0,72,179
06/24/2022,LBE,PA,AEA,CE,Federal Contract Tower,6,14,12,6,38,0,0,100,2,102,6,14,112,8,140,100,0,100,240
06/25/2022,LBE,PA,AEA,CE,Federal Contract Tower,6,8,8,0,22,0,1,63,0,64,6,9,71,0,86,38,0,38,124
06/26/2022,LBE,PA,AEA,CE,Federal Contract Tower,6,12,7,0,25,0,0,10,0,10,6,12,17,0,35,10,0,10,45
06/27/2022,LBE,PA,AEA,CE,Federal Contract Tower,6,9,14,0,29,0,2,63,0,65,6,11,77,0,94,42,0,42,136
06/28/2022,LBE,PA,AEA,CE,Federal Contract Tower,6,12,11,0,29,0,2,65,2,69,6,14,76,2,98,78,0,78,176
06/29/2022,LBE,PA,AEA,CE,Federal Contract Tower,8,22,26,0,56,0,1,84,0,85,8,23,110,0,141,104,0,104,245
06/30/2022,LBE,PA,AEA,CE,Federal Contract Tower,6,9,10,0,25,0,4,75,0,79,6,13,85,0,104,34,0,34,138
07/01/2022,LBE,PA,AEA,CE,Federal Contract Tower,6,10,14,0,30,0,1,46,1,48,6,11,60,1,78,66,0,66,144
07/02/2022,LBE,PA,AEA,CE,Federal Contract Tower,8,10,4,0,22,0,0,34,0,34,8,10,38,0,56,92,0,92,148
07/03/2022,LBE,PA,AEA,CE,Federal Contract Tower,6,10,2,0,18,0,2,65,0,67,6,12,67,0,85,52,0,52,137
07/04/2022,LBE,PA,AEA,CE,Federal Contract Tower,6,5,7,0,18,0,4,50,0,54,6,9,57,0,72,34,0,34,106
07/05/2022,LBE,PA,AEA,CE,Federal Contract Tower,6,7,3,0,16,0,4,3,0,7,6,11,6,0,23,0,0,0,23
07/06/2022,LBE,PA,AEA,CE,Federal Contract Tower,6,10,9,4,29,0,2,18,2,22,6,12,27,6,51,34,0,34,85
07/07/2022,LBE,PA,AEA,CE,Federal Contract Tower,6,15,8,0,29,0,2,63,4,69,6,17,71,4,98,44,0,44,142
07/08/2022,LBE,PA,AEA,CE,Federal Contract Tower,6,17,6,1,30,0,2,92,3,97,6,19,98,4,127,143,0,143,270
07/09/2022,LBE,PA,AEA,CE,Federal Contract Tower,6,2,10,0,18,0,0,56,2,58,6,2,66,2,76,80,0,80,156
07/10/2022,LBE,PA,AEA,CE,Federal Contract Tower,6,13,12,0,31,0,0,47,0,47,6,13,59,0,78,18,0,18,96
07/11/2022,LBE,PA,AEA,CE,Federal Contract Tower,8,5,3,2,18,0,4,52,0,56,8,9,55,2,74,46,4,50,124
07/12/2022,LBE,PA,AEA,CE,Federal Contract Tower,6,10,4,0,20,0,0,13,4,17,6,10,17,4,37,24,0,24,61
07/13/2022,LBE,PA,AEA,CE,Federal Contract Tower,6,13,16,0,35,0,0,47,0,47,6,13,63,0,82,54,0,54,136
07/14/2022,LBE,PA,AEA,CE,Federal Contract Tower,6,10,10,2,28,0,0,51,0,51,6,10,61,2,79,66,0,66,145
07/15/2022,LBE,PA,AEA,CE,Federal Contract Tower,8,8,7,0,23,0,0,60,0,60,8,8,67,0,83,66,0,66,149
07/16/2022,LBE,PA,AEA,CE,Federal Contract Tower,6,3,6,0,15,0,2,75,0,77,6,5,81,0,92,136,0,136,228
07/17/2022,LBE,PA,AEA,CE,Federal Contract Tower,6,12,7,0,25,0,4,19,0,23,6,16,26,0,48,46,0,46,94
07/18/2022,LBE,PA,AEA,CE,Federal Contract Tower,6,11,10,0,27,0,0,1,0,1,6,11,11,0,28,0,0,0,28
07/19/2022,LBE,PA,AEA,CE,Federal Contract Tower,6,6,20,0,32,0,0,42,0,42,6,6,62,0,74,32,0,32,106
07/20/2022,LBE,PA,AEA,CE,Federal Contract Tower,6,11,13,0,30,0,5,49,0,54,6,16,62,0,84,76,0,76,160
07/21/2022,LBE,PA,AEA,CE,Federal Contract Tower,6,26,22,0,54,0,0,23,0,23,6,26,45,0,77,50,0,50,127
07/22/2022,LBE,PA,AEA,CE,Federal Contract Tower,5,18,18,1,42,0,2,53,0,55,5,20,71,1,97,62,0,62,159
07/23/2022,LBE,PA,AEA,CE,Federal Contract Tower,7,20,7,0,34,0,3,53,0,56,7,23,60,0,90,94,0,94,184
07/24/2022,LBE,PA,AEA,CE,Federal Contract Tower,6,14,14,0,34,0,2,33,0,35,6,16,47,0,69,42,0,42,111
07/25/2022,LBE,PA,AEA,CE,Federal Contract Tower,6,6,10,0,22,0,2,17,0,19,6,8,27,0,41,2,0,2,43
07/26/2022,LBE,PA,AEA,CE,Federal Contract Tower,6,16,15,4,41,0,2,58,0,60,6,18,73,4,101,38,0,38,139
07/27/2022,LBE,PA,AEA,CE,Federal Contract Tower,6,20,18,0,44,0,1,8,0,9,6,21,26,0,53,76,4,80,133
07/28/2022,LBE,PA,AEA,CE,Federal Contract Tower,6,13,17,0,36,0,2,23,0,25,6,15,40,0,61,20,0,20,81
07/29/2022,LBE,PA,AEA,CE,Federal Contract Tower,7,15,11,0,33,0,0,45,0,45,7,15,56,0,78,72,0,72,150
07/30/2022,LBE,PA,AEA,CE,Federal Contract Tower,6,10,12,0,28,0,4,86,0,90,6,14,98,0,118,108,0,108,226
07/31/2022,LBE,PA,AEA,CE,Federal Contract Tower,6,9,17,0,32,0,0,49,0,49,6,9,66,0,81,42,0,42,123
08/01/2022,LBE,PA,AEA,CE,Federal Contract Tower,8,9,10,0,27,0,1,28,0,29,8,10,38,0,56,64,0,64,120
08/02/2022,LBE,PA,AEA,CE,Federal Contract Tower,6,13,12,0,31,0,2,40,1,43,6,15,52,1,74,40,0,40,114
08/03/2022,LBE,PA,AEA,CE,Federal Contract Tower,6,9,4,1,20,0,4,80,15,99,6,13,84,16,119,54,30,84,203
08/04/2022,LBE,PA,AEA,CE,Federal Contract Tower,6,27,10,0,43,0,0,25,0,25,6,27,35,0,68,32,0,32,100
08/05/2022,LBE,PA,AEA,CE,Federal Contract Tower,9,11,12,0,32,0,1,34,0,35,9,12,46,0,67,32,0,32,99
08/06/2022,LBE,PA,AEA,CE,Federal Contract Tower,6,9,4,0,19,0,4,25,0,29,6,13,29,0,48,46,0,46,94
08/07/2022,LBE,PA,AEA,CE,Federal Contract Tower,6,12,8,0,26,0,0,2,0,2,6,12,10,0,28,0,0,0,28
08/08/2022,LBE,PA,AEA,CE,Federal Contract Tower,6,6,10,0,22,0,2,23,0,25,6,8,33,0,47,30,0,30,77
08/09/2022,LBE,PA,AEA,CE,Federal Contract Tower,6,9,9,2,26,0,0,10,0,10,6,9,19,2,36,2,0,2,38
08/10/2022,LBE,PA,AEA,CE,Federal Contract Tower,6,18,13,2,39,0,0,48,4,52,6,18,61,6,91,80,0,80,171
08/11/2022,LBE,PA,AEA,CE,Federal Contract Tower,6,13,11,4,34,0,3,68,6,77,6,16,79,10,111,80,10,90,201
08/12/2022,LBE,PA,AEA,CE,Federal Contract Tower,6,10,18,0,34,0,0,90,0,90,6,10,108,0,124,70,0,70,194
08/13/2022,LBE,PA,AEA,CE,Federal Contract Tower,6,13,7,0,26,0,2,64,0,66,6,15,71,0,92,42,0,42,134
08/14/2022,LBE,PA,AEA,CE,Federal Contract Tower,6,8,10,0,24,0,0,74,0,74,6,8,84,0,98,100,0,100,198
08/15/2022,LBE,PA,AEA,CE,Federal Contract Tower,6,14,27,0,47,0,0,37,0,37,6,14,64,0,84,80,0,80,164
08/16/2022,LBE,PA,AEA,CE,Federal Contract Tower,6,12,15,0,33,0,1,30,4,35,6,13,45,4,68,32,10,42,110
08/17/2022,LBE,PA,AEA,CE,Federal Contract Tower,6,12,15,0,33,0,1,86,0,87,6,13,101,0,120,84,0,84,204
08/18/2022,LBE,PA,AEA,CE,Federal Contract Tower,6,23,28,0,57,0,0,109,1,110,6,23,137,1,167,50,0,50,217
08/19/2022,LBE,PA,AEA,CE,Federal Contract Tower,6,15,15,4,40,0,0,62,0,62,6,15,77,4,102,28,0,28,130
08/20/2022,LBE,PA,AEA,CE,Federal Contract Tower,5,7,13,0,25,0,4,48,0,52,5,11,61,0,77,64,0,64,141
08/21/2022,LBE,PA,AEA,CE,Federal Contract Tower,6,7,13,0,26,0,0,9,0,9,6,7,22,0,35,28,0,28,63
08/22/2022,LBE,PA,AEA,CE,Federal Contract Tower,6,13,8,0,27,0,1,12,0,13,6,14,20,0,40,0,0,0,40
08/23/2022,LBE,PA,AEA,CE,Federal Contract Tower,6,19,18,0,43,0,2,51,6,59,6,21,69,6,102,66,2,68,170
08/24/2022,LBE,PA,AEA,CE,Federal Contract Tower,6,15,17,0,38,0,2,85,2,89,6,17,102,2,127,84,0,84,211
08/25/2022,LBE,PA,AEA,CE,Federal Contract Tower,6,16,19,0,41,0,1,99,4,104,6,17,118,4,145,54,0,54,199
08/26/2022,LBE,PA,AEA,CE,Federal Contract Tower,6,9,10,0,25,0,3,40,0,43,6,12,50,0,68,38,0,38,106
08/27/2022,LBE,PA,AEA,CE,Federal Contract Tower,6,8,10,0,24,0,1,49,0,50,6,9,59,0,74,44,0,44,118
08/28/2022,LBE,PA,AEA,CE,Federal Contract Tower,6,17,13,0,36,0,0,68,0,68,6,17,81,0,104,88,0,88,192
08/29/2022,LBE,PA,AEA,CE,Federal Contract Tower,6,10,12,0,28,0,8,43,3,54,6,18,55,3,82,0,0,0,82
08/30/2022,LBE,PA,AEA,CE,Federal Contract Tower,6,6,20,0,32,0,0,14,0,14,6,6,34,0,46,8,0,8,54
08/31/2022,LBE,PA,AEA,CE,Federal Contract Tower,6,14,11,0,31,0,2,61,4,67,6,16,72,4,98,82,0,82,180
09/01/2022,LBE,PA,AEA,CE,Federal Contract Tower,6,23,22,0,51,0,4,77,0,81,6,27,99,0,132,64,0,64,196
09/02/2022,LBE,PA,AEA,CE,Federal Contract Tower,7,18,20,0,45,0,0,54,0,54,7,18,74,0,99,28,0,28,127
09/03/2022,LBE,PA,AEA,CE,Federal Contract Tower,6,6,11,0,23,0,0,87,0,87,6,6,98,0,110,96,0,96,206
09/04/2022,LBE,PA,AEA,CE,Federal Contract Tower,6,3,9,0,18,0,4,23,0,27,6,7,32,0,45,8,0,8,53
09/05/2022,LBE,PA,AEA,CE,Federal Contract Tower,8,17,18,0,43,0,1,0,0,1,8,18,18,0,44,0,0,0,44
09/06/2022,LBE,PA,AEA,CE,Federal Contract Tower,6,10,16,0,32,0,0,0,0,0,6,10,16,0,32,0,0,0,32
09/07/2022,LBE,PA,AEA,CE,Federal Contract Tower,4,8,21,2,35,0,0,7,0,7,4,8,28,2,42,64,0,64,106
09/08/2022,LBE,PA,AEA,CE,Federal Contract Tower,6,19,13,0,38,0,2,87,0,89,6,21,100,0,127,138,0,138,265
09/09/2022,LBE,PA,AEA,CE,Federal Contract Tower,8,15,21,0,44,0,2,93,0,95,8,17,114,0,139,16,0,16,155
09/10/2022,LBE,PA,AEA,CE,Federal Contract Tower,4,18,8,1,31,0,0,92,1,93,4,18,100,2,124,112,0,112,236
09/11/2022,LBE,PA,AEA,CE,Federal Contract Tower,6,16,24,0,46,0,0,14,0,14,6,16,38,0,60,46,0,46,106
09/12/2022,LBE,PA,AEA,CE,Federal Contract Tower,8,8,6,0,22,0,2,0,0,2,8,10,6,0,24,0,0,0,24
09/13/2022,LBE,PA,AEA,CE,Federal Contract Tower,4,15,20,0,39,0,4,50,2,56,4,19,70,2,95,26,0,26,121
09/14/2022,LBE,PA,AEA,CE,Federal Contract Tower,3,15,14,0,32,0,3,56,5,64,3,18,70,5,96,60,0,60,156
09/15/2022,LBE,PA,AEA,CE,Federal Contract Tower,6,14,15,0,35,0,0,48,0,48,6,14,63,0,83,26,0,26,109
09/16/2022,LBE,PA,AEA,CE,Federal Contract Tower,6,19,14,0,39,0,0,55,0,55,6,19,69,0,94,112,0,112,206
09/17/2022,LBE,PA,AEA,CE,Federal Contract Tower,4,7,14,0,25,0,3,76,0,79,4,10,90,0,104,60,0,60,164
09/18/2022,LBE,PA,AEA,CE,Federal Contract Tower,6,26,11,0,43,0,2,42,4,48,6,28,53,4,91,30,0,30,121
09/19/2022,LBE,PA,AEA,CE,Federal Contract Tower,6,11,10,0,27,0,3,2,0,5,6,14,12,0,32,0,0,0,32
09/20/2022,LBE,PA,AEA,CE,Federal Contract Tower,4,14,15,0,33,0,3,39,0,42,4,17,54,0,75,0,0,0,75
09/21/2022,LBE,PA,AEA,CE,Federal Contract Tower,4,20,8,2,34,0,3,38,4,45,4,23,46,6,79,18,0,18,97
09/22/2022,LBE,PA,AEA,CE,Federal Contract Tower,6,13,9,0,28,0,0,6,0,6,6,13,15,0,34,0,0,0,34
09/23/2022,LBE,PA,AEA,CE,Federal Contract Tower,6,7,15,0,28,0,6,43,0,49,6,13,58,0,77,34,0,34,111
09/24/2022,LBE,PA,AEA,CE,Federal Contract Tower,4,6,12,0,22,0,0,59,0,59,4,6,71,0,81,72,0,72,153
09/25/2022,LBE,PA,AEA,CE,Federal Contract Tower,6,14,5,0,25,0,0,7,0,7,6,14,12,0,32,10,0,10,42
09/26/2022,LBE,PA,AEA,CE,Federal Contract Tower,6,15,22,0,43,0,2,15,0,17,6,17,37,0,60,30,0,30,90
09/27/2022,LBE,PA,AEA,CE,Federal Contract Tower,4,11,7,0,22,0,2,29,0,31,4,13,36,0,53,24,0,24,77
09/28/2022,LBE,PA,AEA,CE,Federal Contract Tower,2,12,5,0,19,0,0,0,0,0,2,12,5,0,19,0,0,0,19
09/29/2022,LBE,PA,AEA,CE,Federal Contract Tower,4,15,17,0,36,0,2,107,0,109,4,17,124,0,145,132,0,132,277
09/30/2022,LBE,PA,AEA,CE,Federal Contract Tower,2,14,10,0,26,0,0,75,0,75,2,14,85,0,101,88,0,88,189
10/01/2022,LBE,PA,AEA,CE,Federal Contract Tower,2,7,6,0,15,0,0,0,0,0,2,7,6,0,15,0,0,0,15
10/02/2022,LBE,PA,AEA,CE,Federal Contract Tower,7,14,8,0,29,0,0,14,0,14,7,14,22,0,43,32,0,32,75
10/03/2022,LBE,PA,AEA,CE,Federal Contract Tower,8,14,3,5,30,0,1,53,0,54,8,15,56,5,84,32,0,32,116
10/04/2022,LBE,PA,AEA,CE,Federal Contract Tower,3,7,8,0,18,0,1,31,0,32,3,8,39,0,50,52,0,52,102
10/05/2022,LBE,PA,AEA,CE,Federal Contract Tower,4,17,16,1,38,0,1,83,1,85,4,18,99,2,123,66,0,66,189
10/06/2022,LBE,PA,AEA,CE,Federal Contract Tower,10,16,24,0,50,0,0,68,2,70,10,16,92,2,120,40,0,40,160
10/07/2022,LBE,PA,AEA,CE,Federal Contract Tower,6,19,18,1,44,0,0,0,1,1,6,19,18,2,45,0,0,0,45
10/08/2022,LBE,PA,AEA,CE,Federal Contract Tower,4,16,18,0,38,0,1,50,0,51,4,17,68,0,89,28,0,28,117
10/09/2022,LBE,PA,AEA,CE,Federal Contract Tower,8,12,25,0,45,0,0,57,0,57,8,12,82,0,102,46,0,46,148
10/10/2022,LBE,PA,AEA,CE,Federal Contract Tower,6,8,14,0,28,0,2,43,0,45,6,10,57,0,73,42,0,42,115
10/11/2022,LBE,PA,AEA,CE,Federal Contract Tower,4,11,17,2,34,0,2,79,0,81,4,13,96,2,115,102,0,102,217
10/12/2022,LBE,PA,AEA,CE,Federal Contract Tower,4,15,12,1,32,0,10,60,1,71,4,25,72,2,103,84,0,84,187
10/13/2022,LBE,PA,AEA,CE,Federal Contract Tower,6,8,12,0,26,0,2,5,0,7,6,10,17,0,33,0,0,0,33
10/14/2022,LBE,PA,AEA,CE,Federal Contract Tower,6,23,9,2,40,0,0,64,0,64,6,23,73,2,104,36,0,36,140
10/15/2022,LBE,PA,AEA,CE,Federal Contract Tower,4,2,16,0,22,0,0,17,0,17,4,2,33,0,39,0,0,0,39
10/16/2022,LBE,PA,AEA,CE,Federal Contract Tower,6,29,16,0,51,0,1,72,0,73,6,30,88,0,124,12,0,12,136
10/17/2022,LBE,PA,AEA,CE,Federal Contract Tower,6,19,12,0,37,0,0,26,2,28,6,19,38,2,65,20,0,20,85
10/18/2022,LBE,PA,AEA,CE,Federal Contract Tower,4,14,4,0,22,0,0,2,0,2,4,14,6,0,24,0,0,0,24
10/19/2022,LBE,PA,AEA,CE,Federal Contract Tower,4,18,6,0,28,0,0,0,0,0,4,18,6,0,28,0,0,0,28
10/20/2022,LBE,PA,AEA,CE,Federal Contract Tower,6,16,11,2,35,0,1,42,0,43,6,17,53,2,78,22,0,22,100
10/21/2022,LBE,PA,AEA,CE,Federal Contract Tower,6,17,17,0,40,0,4,64,0,68,6,21,81,0,108,32,0,32,140
10/22/2022,LBE,PA,AEA,CE,Federal Contract Tower,4,8,5,0,17,0,0,88,0,88,4,8,93,0,105,68,0,68,173
10/23/2022,LBE,PA,AEA,CE,Federal Contract Tower,6,20,21,0,47,0,3,99,0,102,6,23,120,0,149,84,0,84,233
10/24/2022,LBE,PA,AEA,CE,Federal Contract Tower,6,15,3,2,26,0,2,94,5,101,6,17,97,7,127,124,8,132,259
10/25/2022,LBE,PA,AEA,CE,Federal Contract Tower,4,9,9,3,25,0,0,79,0,79,4,9,88,3,104,82,10,92,196
10/26/2022,LBE,PA,AEA,CE,Federal Contract Tower,4,9,8,2,23,0,0,0,0,0,4,9,8,2,23,0,0,0,23
10/27/2022,LBE,PA,AEA,CE,Federal Contract Tower,6,18,21,2,47,0,5,50,0,55,6,23,71,2,102,32,0,32,134
10/28/2022,LBE,PA,AEA,CE,Federal Contract Tower,6,15,10,0,31,0,3,72,4,79,6,18,82,4,110,44,0,44,154
10/29/2022,LBE,PA,AEA,CE,Federal Contract Tower,4,4,6,0,14,0,1,83,0,84,4,5,89,0,98,86,0,86,184
10/30/2022,LBE,PA,AEA,CE,Federal Contract Tower,6,17,5,0,28,0,2,61,0,63,6,19,66,0,91,60,0,60,151
10/31/2022,LBE,PA,AEA,CE,Federal Contract Tower,6,15,6,6,33,0,0,0,0,0,6,15,6,6,33,0,0,0,33
11/01/2022,LBE,PA,AEA,CE,Federal Contract Tower,4,12,4,2,22,0,0,10,0,10,4,12,14,2,32,40,0,40,72
11/02/2022,LBE,PA,AEA,CE,Federal Contract Tower,4,18,16,3,41,0,4,27,5,36,4,22,43,8,77,36,0,36,113
11/03/2022,LBE,PA,AEA,CE,Federal Contract Tower,6,12,7,0,25,0,0,83,0,83,6,12,90,0,108,86,0,86,194
11/04/2022,LBE,PA,AEA,CE,Federal Contract Tower,6,13,3,0,22,0,0,64,0,64,6,13,67,0,86,68,0,68,154
11/05/2022,LBE,PA,AEA,CE,Federal Contract Tower,8,9,9,0,26,0,2,10,0,12,8,11,19,0,38,0,0,0,38
11/06/2022,LBE,PA,AEA,CE,Federal Contract Tower,6,13,8,0,27,0,0,33,0,33,6,13,41,0,60,84,0,84,144
11/07/2022,LBE,PA,AEA,CE,Federal Contract Tower,4,5,7,0,16,0,1,68,4,73,4,6,75,4,89,42,0,42,131
11/08/2022,LBE,PA,AEA,CE,Federal Contract Tower,4,14,8,2,28,0,1,71,2,74,4,15,79,4,102,102,0,102,204
11/09/2022,LBE,PA,AEA,CE,Federal Contract Tower,0,15,6,0,21,0,2,40,2,44,0,17,46,2,65,48,0,48,113
11/10/2022,LBE,PA,AEA,CE,Federal Contract Tower,2,18,7,0,27,0,5,68,0,73,2,23,75,0,100,102,0,102,202
11/11/2022,LBE,PA,AEA,CE,Federal Contract Tower,4,7,4,0,15,0,0,0,0,0,4,7,4,0,15,0,0,0,15
11/12/2022,LBE,PA,AEA,CE,Federal Contract Tower,2,11,4,0,17,0,0,0,0,0,2,11,4,0,17,0,0,0,17
11/13/2022,LBE,PA,AEA,CE,Federal Contract Tower,4,8,4,0,16,0,0,5,0,5,4,8,9,0,21,0,0,0,21
11/14/2022,LBE,PA,AEA,CE,Federal Contract Tower,4,10,2,2,18,0,0,32,4,36,4,10,34,6,54,40,0,40,94
11/15/2022,LBE,PA,AEA,CE,Federal Contract Tower,2,10,12,0,24,0,0,4,0,4,2,10,16,0,28,0,0,0,28
11/16/2022,LBE,PA,AEA,CE,Federal Contract Tower,1,2,10,0,13,0,0,0,0,0,1,2,10,0,13,0,0,0,13
11/17/2022,LBE,PA,AEA,CE,Federal Contract Tower,4,20,7,0,31,0,0,4,0,4,4,20,11,0,35,12,0,12,47
11/18/2022,LBE,PA,AEA,CE,Federal Contract Tower,4,15,9,0,28,0,0,0,0,0,4,15,9,0,28,0,0,0,28
11/19/2022,LBE,PA,AEA,CE,Federal Contract Tower,2,10,10,0,22,0,2,8,4,14,2,12,18,4,36,12,0,12,48
11/20/2022,LBE,PA,AEA,CE,Federal Contract Tower,4,14,12,0,30,0,0,10,0,10,4,14,22,0,40,14,0,14,54
11/21/2022,LBE,PA,AEA,CE,Federal Contract Tower,4,5,9,0,18,0,0,25,0,25,4,5,34,0,43,16,0,16,59
11/22/2022,LBE,PA,AEA,CE,Federal Contract Tower,2,12,17,0,31,0,3,55,0,58,2,15,72,0,89,40,0,40,129
11/23/2022,LBE,PA,AEA,CE,Federal Contract Tower,2,11,22,0,35,0,6,95,0,101,2,17,117,0,136,122,0,122,258
11/24/2022,LBE,PA,AEA,CE,Federal Contract Tower,2,5,2,0,9,0,0,14,0,14,2,5,16,0,23,28,0,28,51
11/25/2022,LBE,PA,AEA,CE,Federal Contract Tower,4,10,6,0,20,0,0,10,0,10,4,10,16,0,30,6,0,6,36
11/26/2022,LBE,PA,AEA,CE,Federal Contract Tower,2,8,10,0,20,0,2,56,0,58,2,10,66,0,78,58,0,58,136
11/27/2022,LBE,PA,AEA,CE,Federal Contract Tower,4,11,10,0,25,0,0,0,0,0,4,11,10,0,25,0,0,0,25
11/28/2022,LBE,PA,AEA,CE,Federal Contract Tower,4,15,11,0,30,0,0,2,0,2,4,15,13,0,32,0,0,0,32
11/29/2022,LBE,PA,AEA,CE,Federal Contract Tower,2,8,11,0,21,0,0,38,1,39,2,8,49,1,60,2,0,2,62
11/30/2022,LBE,PA,AEA,CE,Federal Contract Tower,2,13,4,0,19,0,0,0,0,0,2,13,4,0,19,0,0,0,19
12/01/2022,LBE,PA,AEA,CE,Federal Contract Tower,4,20,9,0,33,0,2,27,2,31,4,22,36,2,64,24,0,24,88
12/02/2022,LBE,PA,AEA,CE,Federal Contract Tower,4,13,9,0,26,0,0,32,2,34,4,13,41,2,60,44,6,50,110
12/03/2022,LBE,PA,AEA,CE,Federal Contract Tower,2,4,3,0,9,0,0,1,0,1,2,4,4,0,10,0,0,0,10
12/04/2022,LBE,PA,AEA,CE,Federal Contract Tower,4,18,13,0,35,0,3,57,0,60,4,21,70,0,95,46,0,46,141
12/05/2022,LBE,PA,AEA,CE,Federal Contract Tower,4,9,7,0,20,0,2,82,0,84,4,11,89,0,104,136,2,138,242
12/06/2022,LBE,PA,AEA,CE,Federal Contract Tower,2,12,4,0,18,0,0,0,0,0,2,12,4,0,18,0,0,0,18
12/07/2022,LBE,PA,AEA,CE,Federal Contract Tower,2,13,11,0,26,0,3,0,0,3,2,16,11,0,29,0,0,0,29
12/08/2022,LBE,PA,AEA,CE,Federal Contract Tower,2,12,10,2,26,0,0,18,3,21,2,12,28,5,47,40,0,40,87
12/09/2022,LBE,PA,AEA,CE,Federal Contract Tower,2,5,14,0,21,0,0,57,0,57,2,5,71,0,78,58,0,58,136
12/10/2022,LBE,PA,AEA,CE,Federal Contract Tower,2,8,4,0,14,0,0,5,0,5,2,8,9,0,19,12,0,12,31
12/11/2022,LBE,PA,AEA,CE,Federal Contract Tower,2,12,4,0,18,0,0,1,0,1,2,12,5,0,19,0,0,0,19
12/12/2022,LBE,PA,AEA,CE,Federal Contract Tower,2,10,4,1,17,0,0,15,2,17,2,10,19,3,34,36,0,36,70
12/13/2022,LBE,PA,AEA,CE,Federal Contract Tower,2,11,8,2,23,0,1,47,0,48,2,12,55,2,71,52,0,52,123
12/14/2022,LBE,PA,AEA,CE,Federal Contract Tower,2,6,8,0,16,0,3,39,3,45,2,9,47,3,61,44,0,44,105
12/15/2022,LBE,PA,AEA,CE,Federal Contract Tower,2,9,3,0,14,0,0,0,0,0,2,9,3,0,14,0,0,0,14
12/16/2022,LBE,PA,AEA,CE,Federal Contract Tower,2,16,4,0,22,0,0,16,0,16,2,16,20,0,38,24,0,24,62
12/17/2022,LBE,PA,AEA,CE,Federal Contract Tower,2,11,1,0,14,0,0,4,0,4,2,11,5,0,18,6,0,6,24
12/18/2022,LBE,PA,AEA,CE,Federal Contract Tower,2,12,3,0,17,0,1,2,0,3,2,13,5,0,20,0,0,0,20
12/19/2022,LBE,PA,AEA,CE,Federal Contract Tower,2,14,3,0,19,0,7,9,0,16,2,21,12,0,35,2,0,2,37
12/20/2022,LBE,PA,AEA,CE,Federal Contract Tower,2,6,12,2,22,0,2,57,0,59,2,8,69,2,81,66,0,66,147
12/21/2022,LBE,PA,AEA,CE,Federal Contract Tower,2,14,5,2,23,0,2,55,7,64,2,16,60,9,87,46,0,46,133
12/22/2022,LBE,PA,AEA,CE,Federal Contract Tower,2,15,6,0,23,0,0,0,0,0,2,15,6,0,23,0,0,0,23
12/23/2022,LBE,PA,AEA,CE,Federal Contract Tower,0,2,1,0,3,0,0,0,0,0,0,2,1,0,3,0,0,0,3
12/24/2022,LBE,PA,AEA,CE,Federal Contract Tower,2,4,6,0,12,0,0,0,0,0,2,4,6,0,12,0,0,0,12
12/25/2022,LBE,PA,AEA,CE,Federal Contract Tower,0,2,0,0,2,0,0,0,0,0,0,2,0,0,2,0,0,0,2
12/26/2022,LBE,PA,AEA,CE,Federal Contract Tower,1,20,10,0,31,0,0,8,0,8,1,20,18,0,39,12,0,12,51
12/27/2022,LBE,PA,AEA,CE,Federal Contract Tower,0,16,2,0,18,0,6,2,0,8,0,22,4,0,26,50,0,50,76
12/28/2022,LBE,PA,AEA,CE,Federal Contract Tower,2,17,7,0,26,0,4,46,4,54,2,21,53,4,80,30,0,30,110
12/29/2022,LBE,PA,AEA,CE,Federal Contract Tower,2,15,8,0,25,0,1,37,0,38,2,16,45,0,63,70,0,70,133
12/30/2022,LBE,PA,AEA,CE,Federal Contract Tower,4,8,10,0,22,0,3,57,2,62,4,11,67,2,84,128,0,128,212
12/31/2022,LBE,PA,AEA,CE,Federal Contract Tower,2,5,6,0,13,0,0,0,0,0,2,5,6,0,13,0,0,0,13
01/01/2023,LBE,PA,AEA,CE,Federal Contract Tower,2,15,6,0,23,0,0,2,0,2,2,15,8,0,25,0,0,0,25
01/02/2023,LBE,PA,AEA,CE,Federal Contract Tower,4,3,2,0,9,0,0,0,0,0,4,3,2,0,9,0,0,0,9
01/03/2023,LBE,PA,AEA,CE,Federal Contract Tower,2,5,7,0,14,0,1,3,0,4,2,6,10,0,18,2,0,2,20
01/04/2023,LBE,PA,AEA,CE,Federal Contract Tower,0,8,6,0,14,0,0,6,0,6,0,8,12,0,20,20,0,20,40
01/05/2023,LBE,PA,AEA,CE,Federal Contract Tower,2,8,9,0,19,0,2,44,0,46,2,10,53,0,65,52,6,58,123
01/06/2023,LBE,PA,AEA,CE,Federal Contract Tower,2,12,5,1,20,0,0,1,1,2,2,12,6,2,22,0,6,6,28
01/07/2023,LBE,PA,AEA,CE,Federal Contract Tower,2,11,6,0,19,0,1,14,0,15,2,12,20,0,34,34,0,34,68
01/08/2023,LBE,PA,AEA,CE,Federal Contract Tower,2,4,5,0,11,0,0,35,0,35,2,4,40,0,46,52,0,52,98
01/09/2023,LBE,PA,AEA,CE,Federal Contract Tower,2,17,5,0,24,0,0,5,0,5,2,17,10,0,29,4,0,4,33
01/10/2023,LBE,PA,AEA,CE,Federal Contract Tower,2,14,11,0,27,0,4,45,0,49,2,18,56,0,76,4,0,4,80
01/11/2023,LBE,PA,AEA,CE,Federal Contract Tower,2,5,10,1,18,0,0,68,3,71,2,5,78,4,89,54,22,76,165
01/12/2023,LBE,PA,AEA,CE,Federal Contract Tower,2,15,6,0,23,0,0,0,0,0,2,15,6,0,23,0,0,0,23
01/13/2023,LBE,PA,AEA,CE,Federal Contract Tower,2,8,2,0,12,0,0,0,0,0,2,8,2,0,12,0,0,0,12
01/14/2023,LBE,PA,AEA,CE,Federal Contract Tower,2,14,3,0,19,0,0,0,0,0,2,14,3,0,19,0,0,0,19
01/15/2023,LBE,PA,AEA,CE,Federal Contract Tower,2,3,4,0,9,0,0,42,0,42,2,3,46,0,51,32,0,32,83
01/16/2023,LBE,PA,AEA,CE,Federal Contract Tower,2,9,14,0,25,0,2,84,0,86,2,11,98,0,111,58,0,58,169
01/17/2023,LBE,PA,AEA,CE,Federal Contract Tower,2,15,7,0,24,0,1,0,0,1,2,16,7,0,25,0,0,0,25
01/18/2023,LBE,PA,AEA,CE,Federal Contract Tower,2,7,4,0,13,0,1,5,0,6,2,8,9,0,19,20,0,20,39
01/19/2023,LBE,PA,AEA,CE,Federal Contract Tower,2,14,8,0,24,0,2,12,0,14,2,16,20,0,38,2,0,2,40
01/20/2023,LBE,PA,AEA,CE,Federal Contract Tower,2,26,4,0,32,0,0,1,0,1,2,26,5,0,33,0,0,0,33
01/21/2023,LBE,PA,AEA,CE,Federal Contract Tower,2,8,11,0,21,0,0,10,0,10,2,8,21,0,31,66,0,66,97
01/22/2023,LBE,PA,AEA,CE,Federal Contract Tower,2,11,12,0,25,0,0,5,0,5,2,11,17,0,30,10,0,10,40
01/23/2023,LBE,PA,AEA,CE,Federal Contract Tower,2,19,4,2,27,0,1,2,0,3,2,20,6,2,30,0,0,0,30
01/24/2023,LBE,PA,AEA,CE,Federal Contract Tower,2,10,3,0,15,0,4,14,1,19,2,14,17,1,34,0,0,0,34
01/25/2023,LBE,PA,AEA,CE,Federal Contract Tower,2,9,7,0,18,0,0,0,0,0,2,9,7,0,18,0,0,0,18
01/26/2023,LBE,PA,AEA,CE,Federal Contract Tower,2,22,0,2,26,0,0,0,0,0,2,22,0,2,26,0,0,0,26
01/27/2023,LBE,PA,AEA,CE,Federal Contract Tower,2,15,7,0,24,0,0,6,0,6,2,15,13,0,30,8,0,8,38
01/28/2023,LBE,PA,AEA,CE,Federal Contract Tower,2,11,6,1,20,0,0,42,1,43,2,11,48,2,63,38,0,38,101
01/29/2023,LBE,PA,AEA,CE,Federal Contract Tower,2,8,3,0,13,0,0,0,0,0,2,8,3,0,13,0,0,0,13
01/30/2023,LBE,PA,AEA,CE,Federal Contract Tower,2,12,2,0,16,0,0,0,0,0,2,12,2,0,16,0,0,0,16
01/31/2023,LBE,PA,AEA,CE,Federal Contract Tower,2,14,6,0,22,0,0,0,0,0,2,14,6,0,22,0,0,0,22
02/01/2023,LBE,PA,AEA,CE,Federal Contract Tower,2,11,9,0,22,0,1,59,5,65,2,12,68,5,87,12,0,12,99
02/02/2023,LBE,PA,AEA,CE,Federal Contract Tower,2,9,15,2,28,0,0,61,0,61,2,9,76,2,89,38,0,38,127
02/03/2023,LBE,PA,AEA,CE,Federal Contract Tower,2,9,3,4,18,0,0,6,0,6,2,9,9,4,24,0,0,0,24
02/04/2023,LBE,PA,AEA,CE,Federal Contract Tower,2,10,3,0,15,0,4,36,0,40,2,14,39,0,55,68,0,68,123
02/05/2023,LBE,PA,AEA,CE,Federal Contract Tower,2,11,5,0,18,0,1,15,0,16,2,12,20,0,34,10,0,10,44
02/06/2023,LBE,PA,AEA,CE,Federal Contract Tower,2,2,5,0,9,0,0,7,2,9,2,2,12,2,18,22,0,22,40
02/07/2023,LBE,PA,AEA,CE,Federal Contract Tower,2,7,4,0,13,0,0,20,0,20,2,7,24,0,33,4,0,4,37
02/08/2023,LBE,PA,AEA,CE,Federal Contract Tower,2,15,9,0,26,0,5,37,0,42,2,20,46,0,68,50,0,50,118
02/09/2023,LBE,PA,AEA,CE,Federal Contract Tower,2,11,4,0,17,0,2,1,0,3,2,13,5,0,20,0,0,0,20
02/10/2023,LBE,PA,AEA,CE,Federal Contract Tower,2,15,7,2,26,0,0,0,0,0,2,15,7,2,26,0,0,0,26
02/11/2023,LBE,PA,AEA,CE,Federal Contract Tower,2,3,8,0,13,0,0,79,0,79,2,3,87,0,92,76,0,76,168
02/12/2023,LBE,PA,AEA,CE,Federal Contract Tower,2,4,9,0,15,0,4,49,0,53,2,8,58,0,68,96,0,96,164
02/13/2023,LBE,PA,AEA,CE,Federal Contract Tower,2,11,3,0,16,0,2,9,6,17,2,13,12,6,33,0,0,0,33
02/14/2023,LBE,PA,AEA,CE,Federal Contract Tower,2,13,5,0,20,0,2,80,0,82,2,15,85,0,102,32,0,32,134
02/15/2023,LBE,PA,AEA,CE,Federal Contract Tower,4,7,9,2,22,0,1,15,0,16,4,8,24,2,38,4,0,4,42
02/16/2023,LBE,PA,AEA,CE,Federal Contract Tower,2,15,4,4,25,0,0,0,0,0,2,15,4,4,25,0,0,0,25
02/17/2023,LBE,PA,AEA,CE,Federal Contract Tower,2,12,10,0,24,0,0,0,0,0,2,12,10,0,24,8,0,8,32
02/18/2023,LBE,PA,AEA,CE,Federal Contract Tower,4,3,4,0,11,0,1,30,0,31,4,4,34,0,42,26,0,26,68
02/19/2023,LBE,PA,AEA,CE,Federal Contract Tower,2,8,1,0,11,0,1,22,0,23,2,9,23,0,34,38,0,38,72
02/20/2023,LBE,PA,AEA,CE,Federal Contract Tower,2,20,9,0,31,0,1,16,0,17,2,21,25,0,48,22,0,22,70
02/21/2023,LBE,PA,AEA,CE,Federal Contract Tower,2,9,2,0,13,0,4,8,0,12,2,13,10,0,25,0,0,0,25
02/22/2023,LBE,PA,AEA,CE,Federal Contract Tower,2,10,5,0,17,0,0,0,0,0,2,10,5,0,17,0,0,0,17
02/23/2023,LBE,PA,AEA,CE,Federal Contract Tower,2,14,4,0,20,0,0,20,0,20,2,14,24,0,40,36,0,36,76
02/24/2023,LBE,PA,AEA,CE,Federal Contract Tower,2,2,7,0,11,0,0,3,1,4,2,2,10,1,15,0,0,0,15
02/25/2023,LBE,PA,AEA,CE,Federal Contract Tower,2,17,1,0,20,0,0,71,0,71,2,17,72,0,91,72,0,72,163
02/26/2023,LBE,PA,AEA,CE,Federal Contract Tower,2,19,6,0,27,0,2,19,0,21,2,21,25,0,48,56,0,56,104
02/27/2023,LBE,PA,AEA,CE,Federal Contract Tower,2,8,7,0,17,0,0,8,0,8,2,8,15,0,25,18,0,18,43
02/28/2023,LBE,PA,AEA,CE,Federal Contract Tower,2,7,6,2,17,0,2,2,0,4,2,9,8,2,21,18,0,18,39
03/01/2023,LBE,PA,AEA,CE,Federal Contract Tower,2,9,5,0,16,0,0,42,0,42,2,9,47,0,58,18,0,18,76
03/02/2023,LBE,PA,AEA,CE,Federal Contract Tower,2,12,13,4,31,0,1,60,2,63,2,13,73,6,94,60,0,60,154
03/03/2023,LBE,PA,AEA,CE,Federal Contract Tower,0,7,2,0,9,0,0,2,0,2,0,7,4,0,11,0,0,0,11
03/04/2023,LBE,PA,AEA,CE,Federal Contract Tower,2,8,1,0,11,0,0,3,0,3,2,8,4,0,14,0,0,0,14
03/05/2023,LBE,PA,AEA,CE,Federal Contract Tower,2,14,5,0,21,0,0,54,0,54,2,14,59,0,75,74,0,74,149
03/06/2023,LBE,PA,AEA,CE,Federal Contract Tower,2,12,3,2,19,0,1,74,0,75,2,13,77,2,94,56,0,56,150
03/07/2023,LBE,PA,AEA,CE,Federal Contract Tower,2,6,6,0,14,0,3,4,0,7,2,9,10,0,21,0,0,0,21
03/08/2023,LBE,PA,AEA,CE,Federal Contract Tower,2,16,4,0,22,0,2,41,3,46,2,18,45,3,68,30,0,30,98
03/09/2023,LBE,PA,AEA,CE,Federal Contract Tower,2,13,4,2,21,0,0,80,2,82,2,13,84,4,103,100,0,100,203
03/10/2023,LBE,PA,AEA,CE,Federal Contract Tower,2,10,4,2,18,0,0,0,0,0,2,10,4,2,18,0,0,0,18
03/11/2023,LBE,PA,AEA,CE,Federal Contract Tower,0,6,7,0,13,0,5,1,0,6,0,11,8,0,19,4,0,4,23
03/12/2023,LBE,PA,AEA,CE,Federal Contract Tower,2,14,20,0,36,0,0,24,0,24,2,14,44,0,60,38,0,38,98
03/13/2023,LBE,PA,AEA,CE,Federal Contract Tower,2,12,4,0,18,0,0,0,0,0,2,12,4,0,18,0,0,0,18
03/14/2023,LBE,PA,AEA,CE,Federal Contract Tower,2,13,3,0,18,0,0,0,0,0,2,13,3,0,18,0,0,0,18
03/15/2023,LBE,PA,AEA,CE,Federal Contract Tower,2,12,3,2,19,0,3,39,4,46,2,15,42,6,65,10,0,10,75
03/16/2023,LBE,PA,AEA,CE,Federal Contract Tower,2,11,9,2,24,0,2,81,0,83,2,13,90,2,107,76,0,76,183
03/17/2023,LBE,PA,AEA,CE,Federal Contract Tower,2,13,6,0,21,0,0,0,0,0,2,13,6,0,21,0,0,0,21
03/18/2023,LBE,PA,AEA,CE,Federal Contract Tower,0,3,9,0,12,0,0,53,0,53,0,3,62,0,65,2,0,2,67
03/19/2023,LBE,PA,AEA,CE,Federal Contract Tower,2,20,8,0,30,0,0,3,0,3,2,20,11,0,33,0,0,0,33
03/20/2023,LBE,PA,AEA,CE,Federal Contract Tower,2,10,9,0,21,0,0,56,0,56,2,10,65,0,77,26,0,26,103
03/21/2023,LBE,PA,AEA,CE,Federal Contract Tower,2,11,4,0,17,0,2,65,0,67,2,13,69,0,84,44,0,44,128
03/22/2023,LBE,PA,AEA,CE,Federal Contract Tower,2,8,7,0,17,0,6,46,2,54,2,14,53,2,71,26,6,32,103
03/23/2023,LBE,PA,AEA,CE,Federal Contract Tower,2,15,3,0,20,0,0,0,0,0,2,15,3,0,20,0,0,0,20
03/24/2023,LBE,PA,AEA,CE,Federal Contract Tower,3,17,7,0,27,0,0,3,0,3,3,17,10,0,30,10,0,10,40
03/25/2023,LBE,PA,AEA,CE,Federal Contract Tower,2,10,2,0,14,0,2,1,0,3,2,12,3,0,17,0,0,0,17
03/26/2023,LBE,PA,AEA,CE,Federal Contract Tower,0,15,9,0,24,0,1,58,0,59,0,16,67,0,83,26,0,26,109
03/27/2023,LBE,PA,AEA,CE,Federal Contract Tower,2,12,8,0,22,0,0,10,0,10,2,12,18,0,32,0,0,0,32
03/28/2023,LBE,PA,AEA,CE,Federal Contract Tower,4,10,6,0,20,0,0,34,0,34,4,10,40,0,54,66,0,66,120
03/29/2023,LBE,PA,AEA,CE,Federal Contract Tower,2,13,7,2,24,0,1,67,0,68,2,14,74,2,92,20,0,20,112
03/30/2023,LBE,PA,AEA,CE,Federal Contract Tower,2,13,5,2,22,0,2,65,0,67,2,15,70,2,89,64,0,64,153
03/31/2023,LBE,PA,AEA,CE,Federal Contract Tower,4,15,6,0,25,0,1,0,0,1,4,16,6,0,26,0,0,0,26
04/01/2023,LBE,PA,AEA,CE,Federal Contract Tower,2,1,1,0,4,0,0,0,0,0,2,1,1,0,4,0,0,0,4
04/02/2023,LBE,PA,AEA,CE,Federal Contract Tower,2,4,9,0,15,0,5,78,0,83,2,9,87,0,98,112,0,112,210
04/03/2023,LBE,PA,AEA,CE,Federal Contract Tower,2,14,10,0,26,0,0,51,0,51,2,14,61,0,77,26,0,26,103
04/04/2023,LBE,PA,AEA,CE,Federal Contract Tower,2,18,9,0,29,0,5,107,0,112,2,23,116,0,141,86,0,86,227
04/05/2023,LBE,PA,AEA,CE,Federal Contract Tower,2,12,5,0,19,0,2,8,0,10,2,14,13,0,29,8,0,8,37
04/06/2023,LBE,PA,AEA,CE,Federal Contract Tower,2,18,13,0,33,0,0,0,0,0,2,18,13,0,33,0,0,0,33
04/07/2023,LBE,PA,AEA,CE,Federal Contract Tower,2,8,11,0,21,0,4,44,0,48,2,12,55,0,69,26,0,26,95
04/08/2023,LBE,PA,AEA,CE,Federal Contract Tower,2,9,6,0,17,0,0,28,0,28,2,9,34,0,45,34,0,34,79
04/09/2023,LBE,PA,AEA,CE,Federal Contract Tower,1,5,5,0,11,0,0,25,0,25,1,5,30,0,36,0,0,0,36
04/10/2023,LBE,PA,AEA,CE,Federal Contract Tower,3,11,9,0,23,0,0,79,0,79,3,11,88,0,102,102,0,102,204
04/11/2023,LBE,PA,AEA,CE,Federal Contract Tower,2,18,10,0,30,0,2,54,8,64,2,20,64,8,94,18,6,24,118
04/12/2023,LBE,PA,AEA,CE,Federal Contract Tower,2,10,3,1,16,0,1,32,3,36,2,11,35,4,52,8,0,8,60
04/13/2023,LBE,PA,AEA,CE,Federal Contract Tower,2,10,10,0,22,0,3,69,2,74,2,13,79,2,96,50,0,50,146
04/14/2023,LBE,PA,AEA,CE,Federal Contract Tower,2,18,16,0,36,0,2,72,7,81,2,20,88,7,117,78,0,78,195
04/15/2023,LBE,PA,AEA,CE,Federal Contract Tower,1,9,1,0,11,0,0,13,0,13,1,9,14,0,24,24,0,24,48
04/16/2023,LBE,PA,AEA,CE,Federal Contract Tower,2,15,8,2,27,0,2,50,2,54,2,17,58,4,81,62,0,62,143
04/17/2023,LBE,PA,AEA,CE,Federal Contract Tower,2,10,6,0,18,0,0,3,0,3,2,10,9,0,21,0,0,0,21
04/18/2023,LBE,PA,AEA,CE,Federal Contract Tower,2,8,7,0,17,0,2,9,2,13,2,10,16,2,30,4,0,4,34
04/19/2023,LBE,PA,AEA,CE,Federal Contract Tower,2,20,11,0,33,0,1,52,2,55,2,21,63,2,88,128,4,132,220
04/20/2023,LBE,PA,AEA,CE,Federal Contract Tower,2,14,10,0,26,0,2,63,2,67,2,16,73,2,93,108,0,108,201
04/21/2023,LBE,PA,AEA,CE,Federal Contract Tower,2,15,16,4,37,0,4,43,0,47,2,19,59,4,84,50,50,100,184
04/22/2023,LBE,PA,AEA,CE,Federal Contract Tower,2,3,2,0,7,0,6,1,0,7,2,9,3,0,14,0,0,0,14
04/23/2023,LBE,PA,AEA,CE,Federal Contract Tower,2,14,8,0,24,0,9,29,0,38,2,23,37,0,62,58,0,58,120
04/24/2023,LBE,PA,AEA,CE,Federal Contract Tower,2,8,11,0,21,0,1,13,2,16,2,9,24,2,37,14,0,14,51
04/25/2023,LBE,PA,AEA,CE,Federal Contract Tower,2,13,8,0,23,0,0,82,0,82,2,13,90,0,105,108,0,108,213
04/26/2023,LBE,PA,AEA,CE,Federal Contract Tower,2,10,3,0,15,0,1,75,4,80,2,11,78,4,95,32,0,32,127
04/27/2023,LBE,PA,AEA,CE,Federal Contract Tower,1,17,3,0,21,0,2,76,2,80,1,19,79,2,101,94,0,94,195
04/28/2023,LBE,PA,AEA,CE,Federal Contract Tower,2,9,1,0,12,0,0,0,0,0,2,9,1,0,12,0,0,0,12
04/29/2023,LBE,PA,AEA,CE,Federal Contract Tower,2,8,9,0,19,0,8,4,0,12,2,16,13,0,31,26,0,26,57
04/30/2023,LBE,PA,AEA,CE,Federal Contract Tower,3,15,1,0,19,0,0,3,0,3,3,15,4,0,22,0,0,0,22
05/01/2023,LBE,PA,AEA,CE,Federal Contract Tower,0,13,6,0,19,0,0,0,0,0,0,13,6,0,19,0,0,0,19
05/02/2023,LBE,PA,AEA,CE,Federal Contract Tower,2,12,7,0,21,0,2,0,0,2,2,14,7,0,23,0,0,0,23
05/03/2023,LBE,PA,AEA,CE,Federal Contract Tower,2,14,5,0,21,0,3,0,0,3,2,17,5,0,24,0,0,0,24
05/04/2023,LBE,PA,AEA,CE,Federal Contract Tower,2,11,16,0,29,0,2,35,0,37,2,13,51,0,66,52,0,52,118
05/05/2023,LBE,PA,AEA,CE,Federal Contract Tower,4,8,16,6,34,0,1,103,0,104,4,9,119,6,138,156,0,156,294
05/06/2023,LBE,PA,AEA,CE,Federal Contract Tower,4,6,3,0,13,0,0,76,0,76,4,6,79,0,89,140,0,140,229
05/07/2023,LBE,PA,AEA,CE,Federal Contract Tower,6,13,9,0,28,0,0,24,0,24,6,13,33,0,52,68,0,68,120
05/08/2023,LBE,PA,AEA,CE,Federal Contract Tower,4,10,15,2,31,0,1,45,0,46,4,11,60,2,77,18,0,18,95
05/09/2023,LBE,PA,AEA,CE,Federal Contract Tower,4,7,11,2,24,0,0,45,4,49,4,7,56,6,73,24,0,24,97
05/10/2023,LBE,PA,AEA,CE,Federal Contract Tower,6,9,12,0,27,0,6,78,2,86,6,15,90,2,113,88,0,88,201
05/11/2023,LBE,PA,AEA,CE,Federal Contract Tower,4,12,8,4,28,0,13,120,8,141,4,25,128,12,169,112,0,112,281
05/12/2023,LBE,PA,AEA,CE,Federal Contract Tower,4,25,5,1,35,0,3,114,0,117,4,28,119,1,152,150,0,150,302
05/13/2023,LBE,PA,AEA,CE,Federal Contract Tower,4,4,8,0,16,0,0,3,0,3,4,4,11,0,19,14,0,14,33
05/14/2023,LBE,PA,AEA,CE,Federal Contract Tower,4,6,3,0,13,0,0,36,0,36,4,6,39,0,49,42,0,42,91
05/15/2023,LBE,PA,AEA,CE,Federal Contract Tower,4,18,4,2,28,0,9,71,0,80,4,27,75,2,108,76,0,76,184
05/16/2023,LBE,PA,AEA,CE,Federal Contract Tower,4,20,13,8,45,0,0,50,0,50,4,20,63,8,95,86,0,86,181
05/17/2023,LBE,PA,AEA,CE,Federal Contract Tower,4,21,18,0,43,0,0,74,0,74,4,21,92,0,117,86,0,86,203
05/18/2023,LBE,PA,AEA,CE,Federal Contract Tower,4,15,1,0,20,0,0,64,2,66,4,15,65,2,86,78,0,78,164
05/19/2023,LBE,PA,AEA,CE,Federal Contract Tower,4,9,17,2,32,0,0,60,0,60,4,9,77,2,92,96,0,96,188
05/20/2023,LBE,PA,AEA,CE,Federal Contract Tower,4,2,4,0,10,0,0,4,0,4,4,2,8,0,14,0,0,0,14
05/21/2023,LBE,PA,AEA,CE,Federal Contract Tower,4,13,13,2,32,0,2,66,0,68,4,15,79,2,100,52,0,52,152
05/22/2023,LBE,PA,AEA,CE,Federal Contract Tower,4,30,11,0,45,0,1,57,0,58,4,31,68,0,103,44,0,44,147
05/23/2023,LBE,PA,AEA,CE,Federal Contract Tower,4,16,18,4,42,0,3,76,4,83,4,19,94,8,125,76,2,78,203
05/24/2023,LBE,PA,AEA,CE,Federal Contract Tower,3,15,12,4,34,0,1,73,0,74,3,16,85,4,108,108,0,108,216
05/25/2023,LBE,PA,AEA,CE,Federal Contract Tower,4,18,13,2,37,0,2,69,0,71,4,20,82,2,108,50,0,50,158
05/26/2023,LBE,PA,AEA,CE,Federal Contract Tower,4,14,15,0,33,0,0,83,0,83,4,14,98,0,116,88,0,88,204
05/27/2023,LBE,PA,AEA,CE,Federal Contract Tower,4,5,10,0,19,0,0,75,0,75,4,5,85,0,94,22,0,22,116
05/28/2023,LBE,PA,AEA,CE,Federal Contract Tower,4,1,6,0,11,0,0,42,0,42,4,1,48,0,53,6,0,6,59
05/29/2023,LBE,PA,AEA,CE,Federal Contract Tower,6,2,1,0,9,0,0,44,0,44,6,2,45,0,53,72,0,72,125
05/30/2023,LBE,PA,AEA,CE,Federal Contract Tower,4,19,13,0,36,0,1,69,2,72,4,20,82,2,108,56,0,56,164
05/31/2023,LBE,PA,AEA,CE,Federal Contract Tower,4,17,10,0,31,0,0,56,2,58,4,17,66,2,89,68,0,68,157
06/01/2023,LBE,PA,AEA,CE,Federal Contract Tower,3,18,17,0,38,0,3,78,0,81,3,21,95,0,119,98,0,98,217
06/02/2023,LBE,PA,AEA,CE,Federal Contract Tower,7,12,5,0,24,0,0,46,0,46,7,12,51,0,70,42,0,42,112
06/03/2023,LBE,PA,AEA,CE,Federal Contract Tower,4,19,5,1,29,0,1,30,1,32,4,20,35,2,61,28,0,28,89
06/04/2023,LBE,PA,AEA,CE,Federal Contract Tower,4,12,21,0,37,0,1,53,13,67,4,13,74,13,104,20,58,78,182
06/05/2023,LBE,PA,AEA,CE,Federal Contract Tower,4,10,17,0,31,0,3,59,17,79,4,13,76,17,110,0,0,0,110
06/06/2023,LBE,PA,AEA,CE,Federal Contract Tower,6,12,11,0,29,0,2,52,0,54,6,14,63,0,83,50,0,50,133
06/07/2023,LBE,PA,AEA,CE,Federal Contract Tower,4,20,15,2,41,0,2,79,6,87,4,22,94,8,128,114,8,122,250
06/08/2023,LBE,PA,AEA,CE,Federal Contract Tower,2,16,14,0,32,0,4,46,0,50,2,20,60,0,82,68,0,68,150
06/09/2023,LBE,PA,AEA,CE,Federal Contract Tower,10,12,19,0,41,0,0,38,2,40,10,12,57,2,81,22,0,22,103
06/10/2023,LBE,PA,AEA,CE,Federal Contract Tower,4,5,13,0,22,0,0,29,0,29,4,5,42,0,51,36,0,36,87
06/11/2023,LBE,PA,AEA,CE,Federal Contract Tower,4,14,9,0,27,0,4,47,0,51,4,18,56,0,78,24,0,24,102
06/12/2023,LBE,PA,AEA,CE,Federal Contract Tower,6,19,9,0,34,0,0,2,0,2,6,19,11,0,36,0,0,0,36
06/13/2023,LBE,PA,AEA,CE,Federal Contract Tower,4,14,12,2,32,0,5,31,2,38,4,19,43,4,70,2,0,2,72
06/14/2023,LBE,PA,AEA,CE,Federal Contract Tower,4,15,11,0,30,0,0,11,3,14,4,15,22,3,44,0,0,0,44
06/15/2023,LBE,PA,AEA,CE,Federal Contract Tower,4,36,14,2,56,0,3,38,2,43,4,39,52,4,99,10,0,10,109
06/16/2023,LBE,PA,AEA,CE,Federal Contract Tower,4,15,8,4,31,0,0,7,0,7,4,15,15,4,38,6,0,6,44
06/17/2023,LBE,PA,AEA,CE,Federal Contract Tower,2,7,6,0,15,0,4,30,0,34,2,11,36,0,49,6,0,6,55
06/18/2023,LBE,PA,AEA,CE,Federal Contract Tower,2,6,6,0,14,0,0,44,0,44,2,6,50,0,58,0,0,0,58
06/19/2023,LBE,PA,AEA,CE,Federal Contract Tower,4,20,10,12,46,0,0,54,2,56,4,20,64,14,102,34,0,34,136
06/20/2023,LBE,PA,AEA,CE,Federal Contract Tower,4,15,10,2,31,0,0,41,16,57,4,15,51,18,88,10,16,26,114
06/21/2023,LBE,PA,AEA,CE,Federal Contract Tower,4,14,8,2,28,0,3,52,0,55,4,17,60,2,83,66,0,66,149
06/22/2023,LBE,PA,AEA,CE,Federal Contract Tower,4,22,13,3,42,0,0,39,1,40,4,22,52,4,82,98,10,108,190
06/23/2023,LBE,PA,AEA,CE,Federal Contract Tower,4,9,9,3,25,0,0,7,2,9,4,9,16,5,34,6,0,6,40
06/24/2023,LBE,PA,AEA,CE,Federal Contract Tower,4,8,8,0,20,0,0,1,0,1,4,8,9,0,21,0,0,0,21
06/25/2023,LBE,PA,AEA,CE,Federal Contract Tower,4,8,5,0,17,0,0,39,0,39,4,8,44,0,56,58,0,58,114
06/26/2023,LBE,PA,AEA,CE,Federal Contract Tower,4,10,3,0,17,0,1,22,0,23,4,11,25,0,40,44,0,44,84
06/27/2023,LBE,PA,AEA,CE,Federal Contract Tower,2,11,6,6,25,0,0,0,0,0,2,11,6,6,25,0,0,0,25
06/28/2023,LBE,PA,AEA,CE,Federal Contract Tower,4,16,19,2,41,0,0,25,0,25,4,16,44,2,66,0,0,0,66
06/29/2023,LBE,PA,AEA,CE,Federal Contract Tower,6,23,22,0,51,0,0,0,0,0,6,23,22,0,51,0,0,0,51
06/30/2023,LBE,PA,AEA,CE,Federal Contract Tower,4,16,26,0,46,0,2,22,0,24,4,18,48,0,70,42,0,42,112
07/01/2023,LBE,PA,AEA,CE,Federal Contract Tower,4,20,11,0,35,0,0,23,0,23,4,20,34,0,58,32,0,32,90
07/02/2023,LBE,PA,AEA,CE,Federal Contract Tower,6,5,4,0,15,0,0,1,0,1,6,5,5,0,16,0,0,0,16
07/03/2023,LBE,PA,AEA,CE,Federal Contract Tower,4,3,10,0,17,0,1,15,0,16,4,4,25,0,33,52,0,52,85
07/04/2023,LBE,PA,AEA,CE,Federal Contract Tower,4,4,5,0,13,0,0,20,2,22,4,4,25,2,35,32,0,32,67
07/05/2023,LBE,PA,AEA,CE,Federal Contract Tower,4,11,12,2,29,0,4,86,3,93,4,15,98,5,122,90,0,90,212
07/06/2023,LBE,PA,AEA,CE,Federal Contract Tower,5,13,13,2,33,0,3,60,6,69,5,16,73,8,102,184,6,190,292
07/07/2023,LBE,PA,AEA,CE,Federal Contract Tower,4,10,19,0,33,0,1,44,0,45,4,11,63,0,78,62,0,62,140
07/08/2023,LBE,PA,AEA,CE,Federal Contract Tower,4,14,13,0,31,0,0,106,0,106,4,14,119,0,137,62,0,62,199
07/09/2023,LBE,PA,AEA,CE,Federal Contract Tower,4,16,5,0,25,0,0,0,0,0,4,16,5,0,25,0,0,0,25
07/10/2023,LBE,PA,AEA,CE,Federal Contract Tower,4,13,4,0,21,0,0,23,0,23,4,13,27,0,44,32,0,32,76
07/11/2023,LBE,PA,AEA,CE,Federal Contract Tower,3,15,9,0,27,0,0,83,2,85,3,15,92,2,112,94,0,94,206
07/12/2023,LBE,PA,AEA,CE,Federal Contract Tower,5,29,14,0,48,0,6,81,4,91,5,35,95,4,139,30,4,34,173
07/13/2023,LBE,PA,AEA,CE,Federal Contract Tower,4,19,14,2,39,0,2,30,4,36,4,21,44,6,75,2,0,2,77
07/14/2023,LBE,PA,AEA,CE,Federal Contract Tower,4,9,9,0,22,0,0,18,0,18,4,9,27,0,40,52,0,52,92
07/15/2023,LBE,PA,AEA,CE,Federal Contract Tower,4,10,13,0,27,0,2,25,0,27,4,12,38,0,54,30,0,30,84
07/16/2023,LBE,PA,AEA,CE,Federal Contract Tower,4,10,14,0,28,0,8,22,0,30,4,18,36,0,58,2,0,2,60
07/17/2023,LBE,PA,AEA,CE,Federal Contract Tower,4,19,18,0,41,0,0,6,0,6,4,19,24,0,47,8,0,8,55
07/18/2023,LBE,PA,AEA,CE,Federal Contract Tower,4,12,18,0,34,0,5,39,4,48,4,17,57,4,82,36,0,36,118
07/19/2023,LBE,PA,AEA,CE,Federal Contract Tower,4,16,20,0,40,0,2,56,1,59,4,18,76,1,99,120,0,120,219
07/20/2023,LBE,PA,AEA,CE,Federal Contract Tower,4,18,14,6,42,0,0,33,1,34,4,18,47,7,76,52,0,52,128
07/21/2023,LBE,PA,AEA,CE,Federal Contract Tower,4,23,18,0,45,0,0,22,0,22,4,23,40,0,67,6,0,6,73
07/22/2023,LBE,PA,AEA,CE,Federal Contract Tower,4,9,13,0,26,0,1,61,0,62,4,10,74,0,88,18,0,18,106
07/23/2023,LBE,PA,AEA,CE,Federal Contract Tower,4,22,20,0,46,0,0,88,0,88,4,22,108,0,134,66,0,66,200
07/24/2023,LBE,PA,AEA,CE,Federal Contract Tower,2,18,16,2,38,0,52,4,0,56,2,70,20,2,94,60,2,62,156
07/26/2023,LBE,PA,AEA,CE,Federal Contract Tower,4,25,18,2,49,0,0,29,0,29,4,25,47,2,78,48,0,48,126
07/27/2023,LBE,PA,AEA,CE,Federal Contract Tower,6,14,14,2,36,0,1,12,2,15,6,15,26,4,51,4,0,4,55
07/28/2023,LBE,PA,AEA,CE,Federal Contract Tower,4,5,11,0,20,0,2,13,2,17,4,7,24,2,37,4,10,14,51
07/29/2023,LBE,PA,AEA,CE,Federal Contract Tower,4,2,5,0,11,0,0,1,0,1,4,2,6,0,12,0,0,0,12
07/30/2023,LBE,PA,AEA,CE,Federal Contract Tower,6,15,15,0,36,0,2,26,0,28,6,17,41,0,64,26,0,26,90
07/31/2023,LBE,PA,AEA,CE,Federal Contract Tower,4,24,16,2,46,0,1,54,0,55,4,25,70,2,101,22,0,22,123
08/01/2023,LBE,PA,AEA,CE,Federal Contract Tower,4,23,26,0,53,0,0,96,4,100,4,23,122,4,153,112,0,112,265
08/02/2023,LBE,PA,AEA,CE,Federal Contract Tower,4,15,18,0,37,0,0,88,2,90,4,15,106,2,127,132,0,132,259
08/03/2023,LBE,PA,AEA,CE,Federal Contract Tower,4,27,20,0,51,0,3,45,0,48,4,30,65,0,99,74,0,74,173
08/04/2023,LBE,PA,AEA,CE,Federal Contract Tower,4,15,19,0,38,0,6,36,0,42,4,21,55,0,80,24,0,24,104
08/05/2023,LBE,PA,AEA,CE,Federal Contract Tower,4,9,12,0,25,0,2,58,0,60,4,11,70,0,85,54,0,54,139
08/06/2023,LBE,PA,AEA,CE,Federal Contract Tower,4,10,9,0,23,0,0,57,0,57,4,10,66,0,80,50,0,50,130
08/07/2023,LBE,PA,AEA,CE,Federal Contract Tower,4,11,10,0,25,0,0,5,4,9,4,11,15,4,34,0,0,0,34
08/08/2023,LBE,PA,AEA,CE,Federal Contract Tower,4,12,20,0,36,0,4,24,10,38,4,16,44,10,74,8,0,8,82
08/09/2023,LBE,PA,AEA,CE,Federal Contract Tower,4,28,22,0,54,0,5,92,2,99,4,33,114,2,153,80,0,80,233
08/10/2023,LBE,PA,AEA,CE,Federal Contract Tower,4,19,11,0,34,0,0,4,2,6,4,19,15,2,40,4,0,4,44
08/11/2023,LBE,PA,AEA,CE,Federal Contract Tower,4,21,19,0,44,0,0,81,0,81,4,21,100,0,125,58,0,58,183
08/12/2023,LBE,PA,AEA,CE,Federal Contract Tower,3,9,13,0,25,0,3,28,2,33,3,12,41,2,58,4,0,4,62
08/13/2023,LBE,PA,AEA,CE,Federal Contract Tower,5,10,21,0,36,0,2,81,0,83,5,12,102,0,119,126,0,126,245
08/14/2023,LBE,PA,AEA,CE,Federal Contract Tower,4,8,7,0,19,0,0,36,0,36,4,8,43,0,55,36,0,36,91
08/15/2023,LBE,PA,AEA,CE,Federal Contract Tower,4,11,10,0,25,0,0,31,2,33,4,11,41,2,58,68,0,68,126
08/16/2023,LBE,PA,AEA,CE,Federal Contract Tower,4,16,10,0,30,0,1,51,0,52,4,17,61,0,82,72,0,72,154
08/17/2023,LBE,PA,AEA,CE,Federal Contract Tower,4,22,6,0,32,0,0,66,4,70,4,22,72,4,102,34,0,34,136
08/18/2023,LBE,PA,AEA,CE,Federal Contract Tower,4,23,11,0,38,0,1,28,0,29,4,24,39,0,67,18,0,18,85
08/19/2023,LBE,PA,AEA,CE,Federal Contract Tower,4,10,15,0,29,0,3,91,0,94,4,13,106,0,123,50,0,50,173
08/20/2023,LBE,PA,AEA,CE,Federal Contract Tower,6,17,14,0,37,0,1,72,0,73,6,18,86,0,110,56,0,56,166
08/21/2023,LBE,PA,AEA,CE,Federal Contract Tower,4,9,12,0,25,0,0,47,0,47,4,9,59,0,72,80,0,80,152
08/22/2023,LBE,PA,AEA,CE,Federal Contract Tower,4,15,4,4,27,0,0,30,8,38,4,15,34,12,65,22,4,26,91
08/23/2023,LBE,PA,AEA,CE,Federal Contract Tower,6,21,12,0,39,0,0,43,2,45,6,21,55,2,84,34,0,34,118
08/24/2023,LBE,PA,AEA,CE,Federal Contract Tower,4,24,7,4,39,0,1,31,0,32,4,25,38,4,71,12,0,12,83
08/25/2023,LBE,PA,AEA,CE,Federal Contract Tower,4,15,8,2,29,0,0,20,2,22,4,15,28,4,51,14,0,14,65
08/26/2023,LBE,PA,AEA,CE,Federal Contract Tower,3,10,23,0,36,0,0,41,0,41,3,10,64,0,77,38,0,38,115
08/27/2023,LBE,PA,AEA,CE,Federal Contract Tower,4,15,8,0,27,0,0,30,0,30,4,15,38,0,57,26,0,26,83
08/28/2023,LBE,PA,AEA,CE,Federal Contract Tower,4,12,9,2,27,0,2,11,2,15,4,14,20,4,42,26,8,34,76
08/29/2023,LBE,PA,AEA,CE,Federal Contract Tower,4,17,4,0,25,0,0,21,4,25,4,17,25,4,50,14,0,14,64
08/30/2023,LBE,PA,AEA,CE,Federal Contract Tower,4,14,15,0,33,0,0,44,7,51,4,14,59,7,84,32,0,32,116
08/31/2023,LBE,PA,AEA,CE,Federal Contract Tower,4,14,13,2,33,0,2,94,0,96,4,16,107,2,129,72,0,72,201
