01/01/2000,LCH,LA,ASW,CE,Towers with Radar,0,8,4,0,12,0,16,2,0,18,0,24,6,0,30,6,0,6,36
01/02/2000,LCH,LA,ASW,CE,Towers with Radar,0,19,11,0,30,0,24,11,0,35,0,43,22,0,65,6,0,6,71
01/03/2000,LCH,LA,ASW,CE,Towers with Radar,0,16,10,0,26,0,10,10,0,20,0,26,20,0,46,2,0,2,48
01/04/2000,LCH,LA,ASW,CE,Towers with Radar,0,37,22,22,81,0,15,4,37,56,0,52,26,59,137,8,55,63,200
01/05/2000,LCH,LA,ASW,CE,Towers with Radar,0,28,16,7,51,0,11,48,0,59,0,39,64,7,110,16,0,16,126
01/06/2000,LCH,LA,ASW,CE,Towers with Radar,0,36,20,21,77,0,6,24,19,49,0,42,44,40,126,18,22,40,166
01/07/2000,LCH,LA,ASW,CE,Towers with Radar,0,34,20,12,66,0,8,17,0,25,0,42,37,12,91,16,14,30,121
01/08/2000,LCH,LA,ASW,CE,Towers with Radar,0,18,11,0,29,0,15,8,0,23,0,33,19,0,52,16,0,16,68
01/09/2000,LCH,LA,ASW,CE,Towers with Radar,0,25,15,5,45,0,15,21,0,36,0,40,36,5,81,18,2,20,101
01/10/2000,LCH,LA,ASW,CE,Towers with Radar,0,39,20,22,81,0,27,11,2,40,0,66,31,24,121,74,12,86,207
01/11/2000,LCH,LA,ASW,CE,Towers with Radar,0,38,19,20,77,0,14,5,0,19,0,52,24,20,96,28,16,44,140
01/12/2000,LCH,LA,ASW,CE,Towers with Radar,0,33,16,11,60,0,14,6,0,20,0,47,22,11,80,114,16,130,210
01/13/2000,LCH,LA,ASW,CE,Towers with Radar,0,37,18,14,69,0,20,5,0,25,0,57,23,14,94,38,22,60,154
01/14/2000,LCH,LA,ASW,CE,Towers with Radar,0,34,18,14,66,0,21,18,0,39,0,55,36,14,105,80,8,88,193
01/15/2000,LCH,LA,ASW,CE,Towers with Radar,0,17,8,3,28,0,18,51,0,69,0,35,59,3,97,136,0,136,233
01/16/2000,LCH,LA,ASW,CE,Towers with Radar,0,19,10,0,29,0,11,25,0,36,0,30,35,0,65,178,0,178,243
01/17/2000,LCH,LA,ASW,CE,Towers with Radar,0,33,18,2,53,0,31,19,0,50,0,64,37,2,103,74,8,82,185
01/18/2000,LCH,LA,ASW,CE,Towers with Radar,0,50,28,26,104,0,21,10,38,69,0,71,38,64,173,80,32,112,285
01/19/2000,LCH,LA,ASW,CE,Towers with Radar,0,38,21,20,79,0,10,12,8,30,0,48,33,28,109,34,6,40,149
01/20/2000,LCH,LA,ASW,CE,Towers with Radar,0,32,18,17,67,0,3,0,29,32,0,35,18,46,99,14,46,60,159
01/21/2000,LCH,LA,ASW,CE,Towers with Radar,0,46,25,25,96,0,0,19,23,42,0,46,44,48,138,18,38,56,194
01/22/2000,LCH,LA,ASW,CE,Towers with Radar,0,16,9,0,25,0,26,26,0,52,0,42,35,0,77,34,0,34,111
01/23/2000,LCH,LA,ASW,CE,Towers with Radar,0,23,12,2,37,0,9,6,0,15,0,32,18,2,52,26,0,26,78
01/24/2000,LCH,LA,ASW,CE,Towers with Radar,0,25,14,11,50,1,7,34,0,42,1,32,48,11,92,34,4,38,130
01/25/2000,LCH,LA,ASW,CE,Towers with Radar,0,29,15,15,59,1,20,20,1,42,1,49,35,16,101,22,8,30,131
01/26/2000,LCH,LA,ASW,CE,Towers with Radar,0,43,24,23,90,0,16,8,27,51,0,59,32,50,141,64,38,102,243
01/27/2000,LCH,LA,ASW,CE,Towers with Radar,0,19,9,0,28,0,48,0,0,48,0,67,9,0,76,24,0,24,100
01/28/2000,LCH,LA,ASW,CE,Towers with Radar,0,21,12,0,33,0,4,2,0,6,0,25,14,0,39,54,0,54,93
01/29/2000,LCH,LA,ASW,CE,Towers with Radar,0,0,0,0,0,0,0,0,0,0,0,0,0,0,0,206,0,206,206
01/30/2000,LCH,LA,ASW,CE,Towers with Radar,0,14,8,1,23,0,21,36,0,57,0,35,44,1,80,164,2,166,246
01/31/2000,LCH,LA,ASW,CE,Towers with Radar,0,26,13,14,53,0,20,11,5,36,0,46,24,19,89,70,8,78,167
02/01/2000,LCH,LA,ASW,CE,Towers with Radar,0,29,15,15,59,0,30,15,0,45,0,59,30,15,104,56,8,64,168
02/02/2000,LCH,LA,ASW,CE,Towers with Radar,0,35,17,21,73,0,11,18,9,38,0,46,35,30,111,42,20,62,173
02/03/2000,LCH,LA,ASW,CE,Towers with Radar,0,30,16,17,63,0,31,26,0,57,0,61,42,17,120,58,18,76,196
02/04/2000,LCH,LA,ASW,CE,Towers with Radar,0,39,19,23,81,0,43,24,10,77,0,82,43,33,158,92,30,122,280
02/05/2000,LCH,LA,ASW,CE,Towers with Radar,0,27,13,5,45,0,36,20,0,56,0,63,33,5,101,160,0,160,261
02/06/2000,LCH,LA,ASW,CE,Towers with Radar,0,32,16,9,57,0,27,20,0,47,0,59,36,9,104,46,8,54,158
02/07/2000,LCH,LA,ASW,CE,Towers with Radar,0,25,11,11,47,0,26,8,0,34,0,51,19,11,81,38,2,40,121
02/08/2000,LCH,LA,ASW,CE,Towers with Radar,0,39,18,22,79,0,13,25,2,40,0,52,43,24,119,10,18,28,147
02/09/2000,LCH,LA,ASW,CE,Towers with Radar,0,36,18,21,75,0,23,20,27,70,0,59,38,48,145,70,30,100,245
02/10/2000,LCH,LA,ASW,CE,Towers with Radar,0,35,17,20,72,0,42,8,11,61,0,77,25,31,133,24,24,48,181
02/11/2000,LCH,LA,ASW,CE,Towers with Radar,0,36,18,6,60,0,25,8,0,33,0,61,26,6,93,12,6,18,111
02/12/2000,LCH,LA,ASW,CE,Towers with Radar,0,28,13,6,47,0,19,14,0,33,0,47,27,6,80,20,4,24,104
02/13/2000,LCH,LA,ASW,CE,Towers with Radar,0,17,9,2,28,0,16,6,0,22,0,33,15,2,50,14,0,14,64
02/14/2000,LCH,LA,ASW,CE,Towers with Radar,0,28,13,14,55,0,5,12,18,35,0,33,25,32,90,28,12,40,130
02/15/2000,LCH,LA,ASW,CE,Towers with Radar,0,41,19,22,82,0,12,20,23,55,0,53,39,45,137,66,38,104,241
02/16/2000,LCH,LA,ASW,CE,Towers with Radar,0,32,17,20,69,0,0,18,2,20,0,32,35,22,89,24,0,24,113
02/17/2000,LCH,LA,ASW,CE,Towers with Radar,0,30,14,11,55,0,8,7,0,15,0,38,21,11,70,0,6,6,76
02/18/2000,LCH,LA,ASW,CE,Towers with Radar,0,30,13,13,56,0,4,1,0,5,0,34,14,13,61,8,16,24,85
02/19/2000,LCH,LA,ASW,CE,Towers with Radar,0,14,7,0,21,0,23,32,0,55,0,37,39,0,76,22,16,38,114
02/20/2000,LCH,LA,ASW,CE,Towers with Radar,0,16,7,7,30,0,12,42,0,54,0,28,49,7,84,22,2,24,108
02/21/2000,LCH,LA,ASW,CE,Towers with Radar,0,22,10,9,41,0,18,17,0,35,0,40,27,9,76,18,8,26,102
02/22/2000,LCH,LA,ASW,CE,Towers with Radar,0,34,16,18,68,0,12,19,11,42,0,46,35,29,110,10,24,34,144
02/23/2000,LCH,LA,ASW,CE,Towers with Radar,0,23,10,4,37,0,20,10,0,30,0,43,20,4,67,10,0,10,77
02/24/2000,LCH,LA,ASW,CE,Towers with Radar,0,32,15,0,47,0,18,25,0,43,0,50,40,0,90,4,6,10,100
02/25/2000,LCH,LA,ASW,CE,Towers with Radar,0,30,15,23,68,0,0,0,12,12,0,30,15,35,80,4,34,38,118
02/26/2000,LCH,LA,ASW,CE,Towers with Radar,0,14,6,0,20,0,12,0,0,12,0,26,6,0,32,12,0,12,44
02/27/2000,LCH,LA,ASW,CE,Towers with Radar,0,23,15,0,38,0,0,35,0,35,0,23,50,0,73,8,0,8,81
02/28/2000,LCH,LA,ASW,CE,Towers with Radar,0,26,11,15,52,0,6,30,3,39,0,32,41,18,91,26,6,32,123
02/29/2000,LCH,LA,ASW,CE,Towers with Radar,0,40,18,23,81,0,15,17,10,42,0,55,35,33,123,32,10,42,165
03/01/2000,LCH,LA,ASW,CE,Towers with Radar,0,31,19,19,69,0,6,29,2,37,0,37,48,21,106,6,17,23,129
03/02/2000,LCH,LA,ASW,CE,Towers with Radar,0,22,13,13,48,0,8,20,7,35,0,30,33,20,83,6,34,40,123
03/03/2000,LCH,LA,ASW,CE,Towers with Radar,0,25,16,8,49,0,13,21,0,34,0,38,37,8,83,6,8,14,97
03/04/2000,LCH,LA,ASW,CE,Towers with Radar,0,11,7,1,19,0,19,11,0,30,0,30,18,1,49,20,0,20,69
03/05/2000,LCH,LA,ASW,CE,Towers with Radar,0,18,12,0,30,0,10,20,0,30,0,28,32,0,60,18,2,20,80
03/06/2000,LCH,LA,ASW,CE,Towers with Radar,0,21,13,1,35,0,30,30,0,60,0,51,43,1,95,14,2,16,111
03/07/2000,LCH,LA,ASW,CE,Towers with Radar,0,35,21,19,75,0,17,9,10,36,0,52,30,29,111,8,20,28,139
03/08/2000,LCH,LA,ASW,CE,Towers with Radar,0,30,19,16,65,0,25,12,0,37,0,55,31,16,102,6,10,16,118
03/09/2000,LCH,LA,ASW,CE,Towers with Radar,0,33,20,19,72,0,3,20,7,30,0,36,40,26,102,18,24,42,144
03/10/2000,LCH,LA,ASW,CE,Towers with Radar,0,28,12,16,56,0,12,0,12,24,0,40,12,28,80,4,18,22,102
03/11/2000,LCH,LA,ASW,CE,Towers with Radar,0,14,9,0,23,0,21,16,0,37,0,35,25,0,60,20,0,20,80
03/12/2000,LCH,LA,ASW,CE,Towers with Radar,0,22,14,0,36,0,7,56,0,63,0,29,70,0,99,52,0,52,151
03/13/2000,LCH,LA,ASW,CE,Towers with Radar,0,23,14,0,37,0,23,31,0,54,0,46,45,0,91,10,10,20,111
03/14/2000,LCH,LA,ASW,CE,Towers with Radar,0,31,19,18,68,0,16,22,6,44,0,47,41,24,112,20,0,20,132
03/15/2000,LCH,LA,ASW,CE,Towers with Radar,0,16,7,1,24,0,26,0,0,26,0,42,7,1,50,26,0,26,76
03/16/2000,LCH,LA,ASW,CE,Towers with Radar,0,27,17,15,59,0,27,9,3,39,0,54,26,18,98,12,16,28,126
03/17/2000,LCH,LA,ASW,CE,Towers with Radar,0,19,11,10,40,0,31,7,0,38,0,50,18,10,78,20,10,30,108
03/18/2000,LCH,LA,ASW,CE,Towers with Radar,0,16,8,0,24,0,17,7,0,24,0,33,15,0,48,2,0,2,50
03/19/2000,LCH,LA,ASW,CE,Towers with Radar,0,14,8,0,22,0,18,8,0,26,0,32,16,0,48,2,0,2,50
03/20/2000,LCH,LA,ASW,CE,Towers with Radar,0,28,16,0,44,0,13,31,0,44,0,41,47,0,88,14,10,24,112
03/21/2000,LCH,LA,ASW,CE,Towers with Radar,0,38,22,21,81,0,5,2,24,31,0,43,24,45,112,28,18,46,158
03/22/2000,LCH,LA,ASW,CE,Towers with Radar,0,36,19,15,70,0,17,18,0,35,0,53,37,15,105,8,20,28,133
03/23/2000,LCH,LA,ASW,CE,Towers with Radar,0,36,21,19,76,0,5,14,26,45,0,41,35,45,121,8,82,90,211
03/24/2000,LCH,LA,ASW,CE,Towers with Radar,0,31,17,17,65,0,8,25,6,39,0,39,42,23,104,12,22,34,138
03/25/2000,LCH,LA,ASW,CE,Towers with Radar,0,17,8,0,25,0,19,18,0,37,0,36,26,0,62,18,0,18,80
03/26/2000,LCH,LA,ASW,CE,Towers with Radar,0,17,8,3,28,0,15,45,0,60,0,32,53,3,88,8,0,8,96
03/27/2000,LCH,LA,ASW,CE,Towers with Radar,0,21,13,11,45,0,8,10,5,23,0,29,23,16,68,20,4,24,92
03/28/2000,LCH,LA,ASW,CE,Towers with Radar,0,39,23,21,83,0,10,1,14,25,0,49,24,35,108,24,18,42,150
03/29/2000,LCH,LA,ASW,CE,Towers with Radar,0,28,16,9,53,0,45,10,0,55,0,73,26,9,108,18,6,24,132
03/30/2000,LCH,LA,ASW,CE,Towers with Radar,0,31,18,14,63,0,22,11,0,33,0,53,29,14,96,24,22,46,142
03/31/2000,LCH,LA,ASW,CE,Towers with Radar,0,35,20,18,73,0,31,5,6,42,0,66,25,24,115,18,22,40,155
04/01/2000,LCH,LA,ASW,CE,Towers with Radar,0,11,8,1,20,0,15,8,0,23,0,26,16,1,43,0,0,0,43
04/02/2000,LCH,LA,ASW,CE,Towers with Radar,0,13,10,0,23,0,5,9,0,14,0,18,19,0,37,12,0,12,49
04/03/2000,LCH,LA,ASW,CE,Towers with Radar,0,12,9,4,25,0,27,15,0,42,0,39,24,4,67,26,0,26,93
04/04/2000,LCH,LA,ASW,CE,Towers with Radar,0,22,16,15,53,0,58,56,5,119,0,80,72,20,172,138,18,156,328
04/05/2000,LCH,LA,ASW,CE,Towers with Radar,0,22,14,0,36,0,34,34,0,68,0,56,48,0,104,150,2,152,256
04/06/2000,LCH,LA,ASW,CE,Towers with Radar,0,27,17,17,61,0,24,19,13,56,0,51,36,30,117,38,24,62,179
04/07/2000,LCH,LA,ASW,CE,Towers with Radar,0,30,20,17,67,0,15,5,0,20,0,45,25,17,87,26,20,46,133
04/08/2000,LCH,LA,ASW,CE,Towers with Radar,0,14,9,4,27,0,24,8,0,32,0,38,17,4,59,10,2,12,71
04/09/2000,LCH,LA,ASW,CE,Towers with Radar,0,18,13,0,31,0,2,51,0,53,0,20,64,0,84,26,0,26,110
04/10/2000,LCH,LA,ASW,CE,Towers with Radar,0,16,11,6,33,0,33,9,0,42,0,49,20,6,75,18,0,18,93
04/11/2000,LCH,LA,ASW,CE,Towers with Radar,0,34,24,22,80,0,19,3,19,41,0,53,27,41,121,30,22,52,173
04/12/2000,LCH,LA,ASW,CE,Towers with Radar,0,11,6,6,23,0,4,0,0,4,0,15,6,6,27,18,6,24,51
04/13/2000,LCH,LA,ASW,CE,Towers with Radar,0,29,18,15,62,0,18,28,0,46,0,47,46,15,108,14,18,32,140
04/14/2000,LCH,LA,ASW,CE,Towers with Radar,0,37,23,22,82,0,13,5,8,26,0,50,28,30,108,28,28,56,164
04/15/2000,LCH,LA,ASW,CE,Towers with Radar,0,17,10,6,33,0,25,22,0,47,0,42,32,6,80,29,6,35,115
04/16/2000,LCH,LA,ASW,CE,Towers with Radar,0,23,14,8,45,0,0,29,0,29,0,23,43,8,74,18,8,26,100
04/17/2000,LCH,LA,ASW,CE,Towers with Radar,0,24,15,13,52,0,16,34,0,50,0,40,49,13,102,2,26,28,130
04/18/2000,LCH,LA,ASW,CE,Towers with Radar,0,29,18,17,64,0,23,26,21,70,0,52,44,38,134,40,48,88,222
04/19/2000,LCH,LA,ASW,CE,Towers with Radar,0,38,24,23,85,0,10,6,2,18,0,48,30,25,103,10,25,35,138
04/20/2000,LCH,LA,ASW,CE,Towers with Radar,0,33,21,19,73,0,15,8,8,31,0,48,29,27,104,48,32,80,184
04/21/2000,LCH,LA,ASW,CE,Towers with Radar,0,20,13,9,42,0,26,16,0,42,0,46,29,9,84,50,10,60,144
04/22/2000,LCH,LA,ASW,CE,Towers with Radar,0,15,10,0,25,0,14,42,0,56,0,29,52,0,81,30,0,30,111
04/23/2000,LCH,LA,ASW,CE,Towers with Radar,0,17,11,4,32,0,6,11,0,17,0,23,22,4,49,0,0,0,49
04/24/2000,LCH,LA,ASW,CE,Towers with Radar,0,21,14,10,45,0,16,24,0,40,0,37,38,10,85,32,8,40,125
04/25/2000,LCH,LA,ASW,CE,Towers with Radar,0,27,18,16,61,0,20,30,3,53,0,47,48,19,114,8,24,32,146
04/26/2000,LCH,LA,ASW,CE,Towers with Radar,0,21,14,11,46,0,21,9,0,30,0,42,23,11,76,18,14,32,108
04/27/2000,LCH,LA,ASW,CE,Towers with Radar,0,31,21,18,70,0,18,12,6,36,0,49,33,24,106,10,20,30,136
04/28/2000,LCH,LA,ASW,CE,Towers with Radar,0,35,23,20,78,0,6,9,22,37,0,41,32,42,115,20,32,52,167
04/29/2000,LCH,LA,ASW,CE,Towers with Radar,0,19,13,12,44,0,8,19,8,35,0,27,32,20,79,21,8,29,108
04/30/2000,LCH,LA,ASW,CE,Towers with Radar,0,16,10,0,26,0,6,12,0,18,0,22,22,0,44,0,0,0,44
05/01/2000,LCH,LA,ASW,CE,Towers with Radar,0,17,14,10,41,0,24,12,0,36,0,41,26,10,77,40,12,52,129
05/02/2000,LCH,LA,ASW,CE,Towers with Radar,0,11,8,2,21,0,16,0,0,16,0,27,8,2,37,32,0,32,69
05/03/2000,LCH,LA,ASW,CE,Towers with Radar,0,16,12,6,34,0,34,4,0,38,0,50,16,6,72,34,0,34,106
05/04/2000,LCH,LA,ASW,CE,Towers with Radar,0,18,13,10,41,0,16,20,0,36,0,34,33,10,77,16,4,20,97
05/05/2000,LCH,LA,ASW,CE,Towers with Radar,0,23,17,7,47,0,32,8,0,40,0,55,25,7,87,24,4,28,115
05/06/2000,LCH,LA,ASW,CE,Towers with Radar,0,12,11,7,30,0,19,15,0,34,0,31,26,7,64,11,0,11,75
05/07/2000,LCH,LA,ASW,CE,Towers with Radar,0,18,13,2,33,0,22,35,0,57,0,40,48,2,90,24,8,32,122
05/08/2000,LCH,LA,ASW,CE,Towers with Radar,0,27,19,22,68,0,12,5,12,29,0,39,24,34,97,26,16,42,139
05/09/2000,LCH,LA,ASW,CE,Towers with Radar,0,31,23,25,79,0,30,7,37,74,0,61,30,62,153,8,22,30,183
05/10/2000,LCH,LA,ASW,CE,Towers with Radar,0,26,19,9,54,0,27,22,0,49,0,53,41,9,103,24,16,40,143
05/11/2000,LCH,LA,ASW,CE,Towers with Radar,0,32,22,26,80,0,12,10,11,33,0,44,32,37,113,0,26,26,139
05/12/2000,LCH,LA,ASW,CE,Towers with Radar,0,36,26,29,91,0,19,1,0,20,0,55,27,29,111,12,22,34,145
05/13/2000,LCH,LA,ASW,CE,Towers with Radar,0,12,9,0,21,0,16,18,0,34,0,28,27,0,55,70,5,75,130
05/14/2000,LCH,LA,ASW,CE,Towers with Radar,0,15,10,9,34,0,19,16,0,35,0,34,26,9,69,14,8,22,91
05/15/2000,LCH,LA,ASW,CE,Towers with Radar,0,18,12,4,34,0,25,52,0,77,0,43,64,4,111,34,6,40,151
05/16/2000,LCH,LA,ASW,CE,Towers with Radar,0,27,19,22,68,0,35,32,0,67,0,62,51,22,135,60,28,88,223
05/17/2000,LCH,LA,ASW,CE,Towers with Radar,0,31,22,23,76,0,24,0,7,31,0,55,22,30,107,8,24,32,139
05/18/2000,LCH,LA,ASW,CE,Towers with Radar,0,32,23,24,79,0,30,13,14,57,0,62,36,38,136,42,32,74,210
05/19/2000,LCH,LA,ASW,CE,Towers with Radar,0,29,20,18,67,0,7,16,0,23,0,36,36,18,90,10,22,32,122
05/20/2000,LCH,LA,ASW,CE,Towers with Radar,0,11,7,0,18,0,16,12,0,28,0,27,19,0,46,44,0,44,90
05/21/2000,LCH,LA,ASW,CE,Towers with Radar,0,14,10,10,34,0,14,12,3,29,0,28,22,13,63,14,6,20,83
05/22/2000,LCH,LA,ASW,CE,Towers with Radar,0,28,19,21,68,0,15,19,8,42,0,43,38,29,110,22,26,48,158
05/23/2000,LCH,LA,ASW,CE,Towers with Radar,0,37,26,28,91,0,12,35,11,58,0,49,61,39,149,40,6,46,195
05/24/2000,LCH,LA,ASW,CE,Towers with Radar,0,44,24,30,98,0,3,0,0,3,0,47,24,30,101,12,25,37,138
05/25/2000,LCH,LA,ASW,CE,Towers with Radar,0,29,20,21,70,0,25,13,9,47,0,54,33,30,117,40,20,60,177
05/26/2000,LCH,LA,ASW,CE,Towers with Radar,0,28,19,21,68,0,9,22,11,42,0,37,41,32,110,16,26,42,152
05/27/2000,LCH,LA,ASW,CE,Towers with Radar,0,13,9,0,22,0,18,8,0,26,0,31,17,0,48,18,0,18,66
05/28/2000,LCH,LA,ASW,CE,Towers with Radar,0,11,7,0,18,0,20,20,0,40,0,31,27,0,58,18,0,18,76
05/29/2000,LCH,LA,ASW,CE,Towers with Radar,0,17,11,1,29,0,12,55,0,67,0,29,66,1,96,14,0,14,110
05/30/2000,LCH,LA,ASW,CE,Towers with Radar,0,28,19,21,68,0,18,20,9,47,0,46,39,30,115,8,30,38,153
05/31/2000,LCH,LA,ASW,CE,Towers with Radar,0,29,20,22,71,0,12,21,13,46,0,41,41,35,117,22,28,50,167
06/01/2000,LCH,LA,ASW,CE,Towers with Radar,0,33,15,17,65,0,6,26,16,48,0,39,41,33,113,16,34,50,163
06/02/2000,LCH,LA,ASW,CE,Towers with Radar,0,25,12,7,44,0,20,13,0,33,0,45,25,7,77,14,2,16,93
06/03/2000,LCH,LA,ASW,CE,Towers with Radar,0,17,8,3,28,0,19,20,0,39,0,36,28,3,67,12,4,16,83
06/04/2000,LCH,LA,ASW,CE,Towers with Radar,0,24,11,2,37,0,9,13,0,22,0,33,24,2,59,42,2,44,103
06/05/2000,LCH,LA,ASW,CE,Towers with Radar,0,14,6,7,27,0,12,16,0,28,0,26,22,7,55,16,6,22,77
06/06/2000,LCH,LA,ASW,CE,Towers with Radar,0,39,19,21,79,0,17,37,11,65,0,56,56,32,144,30,12,42,186
06/07/2000,LCH,LA,ASW,CE,Towers with Radar,0,25,11,13,49,0,22,36,9,67,0,47,47,22,116,36,20,56,172
06/08/2000,LCH,LA,ASW,CE,Towers with Radar,0,34,16,18,68,0,17,41,15,73,0,51,57,33,141,40,22,62,203
06/09/2000,LCH,LA,ASW,CE,Towers with Radar,0,20,9,7,36,2,21,6,0,29,2,41,15,7,65,22,2,24,89
06/10/2000,LCH,LA,ASW,CE,Towers with Radar,0,11,5,0,16,0,28,4,0,32,0,39,9,0,48,28,0,28,76
06/11/2000,LCH,LA,ASW,CE,Towers with Radar,0,26,13,8,47,0,15,7,0,22,0,41,20,8,69,44,4,48,117
06/12/2000,LCH,LA,ASW,CE,Towers with Radar,0,26,12,14,52,0,18,32,3,53,0,44,44,17,105,46,6,52,157
06/13/2000,LCH,LA,ASW,CE,Towers with Radar,0,32,15,17,64,0,44,26,3,73,0,76,41,20,137,2,13,15,152
06/14/2000,LCH,LA,ASW,CE,Towers with Radar,0,25,10,13,48,0,33,0,2,35,0,58,10,15,83,20,16,36,119
06/15/2000,LCH,LA,ASW,CE,Towers with Radar,0,29,14,16,59,0,29,15,11,55,0,58,29,27,114,32,18,50,164
06/16/2000,LCH,LA,ASW,CE,Towers with Radar,0,24,11,5,40,0,32,16,0,48,0,56,27,5,88,42,4,46,134
06/17/2000,LCH,LA,ASW,CE,Towers with Radar,0,14,5,0,19,2,28,6,0,36,2,42,11,0,55,32,0,32,87
06/18/2000,LCH,LA,ASW,CE,Towers with Radar,0,16,6,2,24,0,19,9,0,28,0,35,15,2,52,14,0,14,66
06/19/2000,LCH,LA,ASW,CE,Towers with Radar,0,26,12,1,39,0,37,41,0,78,0,63,53,1,117,66,0,66,183
06/20/2000,LCH,LA,ASW,CE,Towers with Radar,0,29,13,14,56,0,23,30,7,60,0,52,43,21,116,12,8,20,136
06/21/2000,LCH,LA,ASW,CE,Towers with Radar,0,24,11,8,43,0,26,33,0,59,0,50,44,8,102,22,16,38,140
06/22/2000,LCH,LA,ASW,CE,Towers with Radar,0,36,16,17,69,0,4,27,14,45,0,40,43,31,114,16,28,44,158
06/23/2000,LCH,LA,ASW,CE,Towers with Radar,0,26,12,11,49,0,28,32,0,60,0,54,44,11,109,50,0,50,159
06/24/2000,LCH,LA,ASW,CE,Towers with Radar,0,18,8,2,28,0,20,23,0,43,0,38,31,2,71,40,0,40,111
06/25/2000,LCH,LA,ASW,CE,Towers with Radar,0,16,8,1,25,0,14,24,0,38,0,30,32,1,63,8,0,8,71
06/26/2000,LCH,LA,ASW,CE,Towers with Radar,0,17,7,4,28,0,16,19,0,35,0,33,26,4,63,22,14,36,99
06/27/2000,LCH,LA,ASW,CE,Towers with Radar,0,30,13,16,59,0,27,27,10,64,0,57,40,26,123,20,6,26,149
06/28/2000,LCH,LA,ASW,CE,Towers with Radar,0,20,9,6,35,0,26,33,0,59,0,46,42,6,94,32,6,38,132
06/29/2000,LCH,LA,ASW,CE,Towers with Radar,0,27,12,14,53,0,12,24,5,41,0,39,36,19,94,8,8,16,110
06/30/2000,LCH,LA,ASW,CE,Towers with Radar,0,20,8,7,35,0,37,23,0,60,0,57,31,7,95,46,12,58,153
07/01/2000,LCH,LA,ASW,CE,Towers with Radar,0,10,5,0,15,0,17,9,0,26,0,27,14,0,41,36,2,38,79
07/02/2000,LCH,LA,ASW,CE,Towers with Radar,0,9,6,0,15,0,27,1,0,28,0,36,7,0,43,2,8,10,53
07/03/2000,LCH,LA,ASW,CE,Towers with Radar,0,7,5,4,16,0,27,17,0,44,0,34,22,4,60,20,2,22,82
07/04/2000,LCH,LA,ASW,CE,Towers with Radar,0,10,7,0,17,0,15,24,0,39,0,25,31,0,56,30,2,32,88
07/05/2000,LCH,LA,ASW,CE,Towers with Radar,0,25,14,14,53,0,23,21,2,46,0,48,35,16,99,18,6,24,123
07/06/2000,LCH,LA,ASW,CE,Towers with Radar,0,32,18,18,68,0,14,27,4,45,0,46,45,22,113,22,14,36,149
07/07/2000,LCH,LA,ASW,CE,Towers with Radar,0,37,20,20,77,0,2,36,14,52,0,39,56,34,129,24,32,56,185
07/08/2000,LCH,LA,ASW,CE,Towers with Radar,0,21,15,11,47,0,0,21,0,21,0,21,36,11,68,0,8,8,76
07/09/2000,LCH,LA,ASW,CE,Towers with Radar,0,20,11,11,42,0,4,13,3,20,0,24,24,14,62,32,8,40,102
07/10/2000,LCH,LA,ASW,CE,Towers with Radar,0,20,11,4,35,0,16,24,0,40,0,36,35,4,75,36,0,36,111
07/11/2000,LCH,LA,ASW,CE,Towers with Radar,0,23,12,13,48,0,18,29,7,54,0,41,41,20,102,24,12,36,138
07/12/2000,LCH,LA,ASW,CE,Towers with Radar,0,23,11,13,47,0,16,36,4,56,0,39,47,17,103,22,12,34,137
07/13/2000,LCH,LA,ASW,CE,Towers with Radar,0,23,9,13,45,0,27,22,7,56,0,50,31,20,101,47,12,59,160
07/14/2000,LCH,LA,ASW,CE,Towers with Radar,0,26,11,5,42,0,24,22,0,46,0,50,33,5,88,58,8,66,154
07/15/2000,LCH,LA,ASW,CE,Towers with Radar,0,13,5,6,24,0,8,20,2,30,0,21,25,8,54,2,10,12,66
07/16/2000,LCH,LA,ASW,CE,Towers with Radar,0,14,5,2,21,0,15,34,0,49,0,29,39,2,70,20,8,28,98
07/17/2000,LCH,LA,ASW,CE,Towers with Radar,0,22,10,11,43,0,14,26,12,52,0,36,36,23,95,42,6,48,143
07/18/2000,LCH,LA,ASW,CE,Towers with Radar,0,22,10,8,40,0,25,32,0,57,0,47,42,8,97,38,10,48,145
07/19/2000,LCH,LA,ASW,CE,Towers with Radar,0,25,12,12,49,0,19,30,3,52,0,44,42,15,101,8,14,22,123
07/20/2000,LCH,LA,ASW,CE,Towers with Radar,0,25,11,12,48,0,15,29,10,54,0,40,40,22,102,18,22,40,142
07/21/2000,LCH,LA,ASW,CE,Towers with Radar,0,32,16,17,65,0,12,16,4,32,0,44,32,21,97,8,18,26,123
07/22/2000,LCH,LA,ASW,CE,Towers with Radar,0,13,6,0,19,0,23,30,0,53,0,36,36,0,72,32,0,32,104
07/23/2000,LCH,LA,ASW,CE,Towers with Radar,0,11,6,2,19,0,10,19,0,29,0,21,25,2,48,6,0,6,54
07/24/2000,LCH,LA,ASW,CE,Towers with Radar,0,24,11,5,40,0,24,34,0,58,0,48,45,5,98,50,10,60,158
07/25/2000,LCH,LA,ASW,CE,Towers with Radar,0,31,16,17,64,0,18,30,7,55,0,49,46,24,119,18,12,30,149
07/26/2000,LCH,LA,ASW,CE,Towers with Radar,0,31,14,16,61,0,15,44,7,66,0,46,58,23,127,32,28,60,187
07/27/2000,LCH,LA,ASW,CE,Towers with Radar,0,26,12,10,48,0,20,39,0,59,0,46,51,10,107,18,6,24,131
07/28/2000,LCH,LA,ASW,CE,Towers with Radar,0,27,12,13,52,0,14,41,0,55,0,41,53,13,107,28,10,38,145
07/29/2000,LCH,LA,ASW,CE,Towers with Radar,0,19,9,9,37,0,12,38,3,53,0,31,47,12,90,30,8,38,128
07/30/2000,LCH,LA,ASW,CE,Towers with Radar,0,12,6,6,24,0,26,19,1,46,0,38,25,7,70,11,2,13,83
07/31/2000,LCH,LA,ASW,CE,Towers with Radar,0,16,7,0,23,0,8,16,0,24,0,24,23,0,47,16,0,16,63
08/01/2000,LCH,LA,ASW,CE,Towers with Radar,0,21,12,8,41,0,29,35,0,64,0,50,47,8,105,46,6,52,157
08/02/2000,LCH,LA,ASW,CE,Towers with Radar,0,27,14,17,58,0,11,24,11,46,0,38,38,28,104,76,22,98,202
08/03/2000,LCH,LA,ASW,CE,Towers with Radar,0,25,14,16,55,0,20,31,14,65,0,45,45,30,120,14,30,44,164
08/04/2000,LCH,LA,ASW,CE,Towers with Radar,0,26,16,17,59,0,30,18,3,51,0,56,34,20,110,22,18,40,150
08/05/2000,LCH,LA,ASW,CE,Towers with Radar,0,13,8,5,26,0,21,23,0,44,0,34,31,5,70,8,4,12,82
08/06/2000,LCH,LA,ASW,CE,Towers with Radar,0,19,11,7,37,0,17,8,0,25,0,36,19,7,62,24,8,32,94
08/07/2000,LCH,LA,ASW,CE,Towers with Radar,0,23,14,14,51,0,16,24,0,40,0,39,38,14,91,30,8,38,129
08/08/2000,LCH,LA,ASW,CE,Towers with Radar,0,24,14,15,53,2,29,20,0,51,2,53,34,15,104,26,14,40,144
08/09/2000,LCH,LA,ASW,CE,Towers with Radar,0,28,17,12,57,0,22,37,0,59,0,50,54,12,116,54,12,66,182
08/10/2000,LCH,LA,ASW,CE,Towers with Radar,0,23,12,15,50,0,39,21,1,61,0,62,33,16,111,24,22,46,157
08/11/2000,LCH,LA,ASW,CE,Towers with Radar,0,26,14,16,56,0,18,24,15,57,0,44,38,31,113,16,28,44,157
08/12/2000,LCH,LA,ASW,CE,Towers with Radar,0,25,15,16,56,0,0,32,7,39,0,25,47,23,95,46,22,68,163
08/13/2000,LCH,LA,ASW,CE,Towers with Radar,0,15,9,1,25,0,23,21,0,44,0,38,30,1,69,6,12,18,87
08/14/2000,LCH,LA,ASW,CE,Towers with Radar,0,25,13,16,54,0,21,18,4,43,0,46,31,20,97,32,14,46,143
08/15/2000,LCH,LA,ASW,CE,Towers with Radar,0,19,10,12,41,0,29,31,0,60,0,48,41,12,101,22,10,32,133
08/16/2000,LCH,LA,ASW,CE,Towers with Radar,0,31,17,20,68,0,16,32,12,60,0,47,49,32,128,48,38,86,214
08/17/2000,LCH,LA,ASW,CE,Towers with Radar,0,28,16,18,62,0,18,38,18,74,0,46,54,36,136,24,20,44,180
08/18/2000,LCH,LA,ASW,CE,Towers with Radar,0,26,13,15,54,0,23,32,2,57,0,49,45,17,111,18,12,30,141
08/19/2000,LCH,LA,ASW,CE,Towers with Radar,0,16,8,2,26,0,13,18,0,31,0,29,26,2,57,22,6,28,85
08/20/2000,LCH,LA,ASW,CE,Towers with Radar,0,18,9,4,31,0,16,21,0,37,0,34,30,4,68,4,4,8,76
08/21/2000,LCH,LA,ASW,CE,Towers with Radar,0,18,9,5,32,0,15,22,0,37,0,33,31,5,69,34,2,36,105
08/22/2000,LCH,LA,ASW,CE,Towers with Radar,0,23,12,6,41,0,28,21,0,49,0,51,33,6,90,14,6,20,110
08/23/2000,LCH,LA,ASW,CE,Towers with Radar,0,21,12,11,44,0,32,29,0,61,0,53,41,11,105,16,18,34,139
08/24/2000,LCH,LA,ASW,CE,Towers with Radar,0,25,13,15,53,0,29,25,6,60,0,54,38,21,113,6,18,24,137
08/25/2000,LCH,LA,ASW,CE,Towers with Radar,0,29,16,17,62,0,23,23,1,47,0,52,39,18,109,8,10,18,127
08/26/2000,LCH,LA,ASW,CE,Towers with Radar,0,21,12,0,33,0,18,30,0,48,0,39,42,0,81,16,0,16,97
08/27/2000,LCH,LA,ASW,CE,Towers with Radar,0,19,10,6,35,0,11,12,0,23,0,30,22,6,58,20,6,26,84
08/28/2000,LCH,LA,ASW,CE,Towers with Radar,0,19,10,4,33,0,22,25,0,47,0,41,35,4,80,0,4,4,84
08/29/2000,LCH,LA,ASW,CE,Towers with Radar,0,28,14,17,59,0,16,14,14,44,0,44,28,31,103,12,18,30,133
08/30/2000,LCH,LA,ASW,CE,Towers with Radar,0,28,14,17,59,0,14,26,5,45,0,42,40,22,104,8,12,20,124
08/31/2000,LCH,LA,ASW,CE,Towers with Radar,0,24,13,15,52,0,20,29,3,52,0,44,42,18,104,16,8,24,128
09/01/2000,LCH,LA,ASW,CE,Towers with Radar,0,34,18,18,70,0,29,16,13,58,0,63,34,31,128,10,14,24,152
09/02/2000,LCH,LA,ASW,CE,Towers with Radar,0,9,5,1,15,0,27,27,0,54,0,36,32,1,69,12,0,12,81
09/03/2000,LCH,LA,ASW,CE,Towers with Radar,0,12,7,4,23,0,6,17,0,23,0,18,24,4,46,0,4,4,50
09/04/2000,LCH,LA,ASW,CE,Towers with Radar,0,15,9,2,26,0,9,25,0,34,0,24,34,2,60,46,0,46,106
09/05/2000,LCH,LA,ASW,CE,Towers with Radar,0,27,15,14,56,0,14,17,0,31,0,41,32,14,87,20,12,32,119
09/06/2000,LCH,LA,ASW,CE,Towers with Radar,0,31,16,15,62,0,15,24,0,39,0,46,40,15,101,18,10,28,129
09/07/2000,LCH,LA,ASW,CE,Towers with Radar,0,32,16,17,65,0,11,19,10,40,0,43,35,27,105,60,28,88,193
09/08/2000,LCH,LA,ASW,CE,Towers with Radar,0,21,11,11,43,0,11,14,16,41,0,32,25,27,84,12,0,12,96
09/09/2000,LCH,LA,ASW,CE,Towers with Radar,0,9,6,3,18,0,27,17,0,44,0,36,23,3,62,4,2,6,68
09/10/2000,LCH,LA,ASW,CE,Towers with Radar,0,15,9,1,25,0,21,16,0,37,0,36,25,1,62,22,0,22,84
09/11/2000,LCH,LA,ASW,CE,Towers with Radar,0,18,10,4,32,0,22,26,0,48,0,40,36,4,80,29,4,33,113
09/12/2000,LCH,LA,ASW,CE,Towers with Radar,0,22,12,11,45,0,20,20,1,41,0,42,32,12,86,24,6,30,116
09/13/2000,LCH,LA,ASW,CE,Towers with Radar,0,21,11,0,32,0,20,22,0,42,0,41,33,0,74,6,0,6,80
09/14/2000,LCH,LA,ASW,CE,Towers with Radar,0,36,19,6,61,0,30,29,0,59,0,66,48,6,120,6,0,6,126
09/15/2000,LCH,LA,ASW,CE,Towers with Radar,0,26,14,13,53,0,9,23,2,34,0,35,37,15,87,16,6,22,109
09/16/2000,LCH,LA,ASW,CE,Towers with Radar,0,15,8,0,23,0,13,33,0,46,0,28,41,0,69,4,0,4,73
09/17/2000,LCH,LA,ASW,CE,Towers with Radar,0,17,9,0,26,0,25,39,0,64,0,42,48,0,90,4,0,4,94
09/18/2000,LCH,LA,ASW,CE,Towers with Radar,0,36,18,18,72,0,2,6,16,24,0,38,24,34,96,18,28,46,142
09/19/2000,LCH,LA,ASW,CE,Towers with Radar,0,43,21,21,85,0,10,12,26,48,0,53,33,47,133,14,48,62,195
09/20/2000,LCH,LA,ASW,CE,Towers with Radar,0,31,15,15,61,0,29,12,6,47,0,60,27,21,108,4,24,28,136
09/21/2000,LCH,LA,ASW,CE,Towers with Radar,0,22,11,7,40,0,18,11,0,29,0,40,22,7,69,14,6,20,89
09/22/2000,LCH,LA,ASW,CE,Towers with Radar,0,20,9,3,32,0,25,9,0,34,0,45,18,3,66,20,0,20,86
09/23/2000,LCH,LA,ASW,CE,Towers with Radar,0,22,10,10,42,0,15,12,2,29,0,37,22,12,71,30,14,44,115
09/24/2000,LCH,LA,ASW,CE,Towers with Radar,0,22,10,1,33,0,10,2,0,12,0,32,12,1,45,24,4,28,73
09/25/2000,LCH,LA,ASW,CE,Towers with Radar,0,27,13,14,54,0,20,14,4,38,0,47,27,18,92,0,14,14,106
09/26/2000,LCH,LA,ASW,CE,Towers with Radar,0,34,16,16,66,0,26,25,9,60,0,60,41,25,126,22,34,56,182
09/27/2000,LCH,LA,ASW,CE,Towers with Radar,0,27,13,8,48,0,21,32,0,53,0,48,45,8,101,8,6,14,115
09/28/2000,LCH,LA,ASW,CE,Towers with Radar,0,25,13,13,51,0,31,32,8,71,0,56,45,21,122,36,6,42,164
09/29/2000,LCH,LA,ASW,CE,Towers with Radar,0,22,11,4,37,0,27,52,0,79,0,49,63,4,116,38,4,42,158
09/30/2000,LCH,LA,ASW,CE,Towers with Radar,0,13,7,0,20,0,25,24,0,49,0,38,31,0,69,22,0,22,91
10/01/2000,LCH,LA,ASW,CE,Towers with Radar,0,11,8,0,19,0,7,23,0,30,0,18,31,0,49,8,0,8,57
10/02/2000,LCH,LA,ASW,CE,Towers with Radar,0,18,14,6,38,0,23,16,0,39,0,41,30,6,77,24,4,28,105
10/03/2000,LCH,LA,ASW,CE,Towers with Radar,0,18,14,3,35,0,16,23,0,39,0,34,37,3,74,10,2,12,86
10/04/2000,LCH,LA,ASW,CE,Towers with Radar,0,25,19,17,61,0,5,25,11,41,0,30,44,28,102,44,16,60,162
10/05/2000,LCH,LA,ASW,CE,Towers with Radar,0,24,16,15,55,0,34,17,0,51,0,58,33,15,106,4,8,12,118
10/06/2000,LCH,LA,ASW,CE,Towers with Radar,0,16,10,7,33,0,10,1,0,11,0,26,11,7,44,4,12,16,60
10/07/2000,LCH,LA,ASW,CE,Towers with Radar,0,14,10,5,29,0,17,5,0,22,0,31,15,5,51,8,4,12,63
10/08/2000,LCH,LA,ASW,CE,Towers with Radar,0,15,10,4,29,8,11,7,0,26,8,26,17,4,55,8,4,12,67
10/09/2000,LCH,LA,ASW,CE,Towers with Radar,0,18,13,0,31,0,14,26,0,40,0,32,39,0,71,6,0,6,77
10/10/2000,LCH,LA,ASW,CE,Towers with Radar,0,21,15,14,50,0,22,21,3,46,0,43,36,17,96,14,4,18,114
10/11/2000,LCH,LA,ASW,CE,Towers with Radar,0,24,17,9,50,0,26,20,0,46,0,50,37,9,96,4,16,20,116
10/12/2000,LCH,LA,ASW,CE,Towers with Radar,0,24,17,7,48,0,26,32,0,58,0,50,49,7,106,14,4,18,124
10/13/2000,LCH,LA,ASW,CE,Towers with Radar,0,29,19,17,65,0,10,25,5,40,0,39,44,22,105,6,32,38,143
10/14/2000,LCH,LA,ASW,CE,Towers with Radar,0,14,9,0,23,0,26,17,0,43,0,40,26,0,66,38,0,38,104
10/15/2000,LCH,LA,ASW,CE,Towers with Radar,0,16,10,6,32,0,11,19,0,30,0,27,29,6,62,8,4,12,74
10/16/2000,LCH,LA,ASW,CE,Towers with Radar,0,24,16,14,54,1,14,9,8,32,1,38,25,22,86,12,16,28,114
10/17/2000,LCH,LA,ASW,CE,Towers with Radar,0,28,18,16,62,0,24,16,26,66,0,52,34,42,128,18,22,40,168
10/18/2000,LCH,LA,ASW,CE,Towers with Radar,0,25,16,0,41,0,34,41,0,75,0,59,57,0,116,56,0,56,172
10/19/2000,LCH,LA,ASW,CE,Towers with Radar,0,35,23,20,78,0,21,27,27,75,0,56,50,47,153,14,42,56,209
10/20/2000,LCH,LA,ASW,CE,Towers with Radar,0,31,20,13,64,0,7,32,0,39,0,38,52,13,103,4,14,18,121
10/21/2000,LCH,LA,ASW,CE,Towers with Radar,0,31,21,6,58,0,4,15,0,19,0,35,36,6,77,11,4,15,92
10/22/2000,LCH,LA,ASW,CE,Towers with Radar,0,22,15,0,37,0,19,7,0,26,0,41,22,0,63,12,0,12,75
10/23/2000,LCH,LA,ASW,CE,Towers with Radar,0,27,18,14,59,0,17,1,6,24,0,44,19,20,83,18,16,34,117
10/24/2000,LCH,LA,ASW,CE,Towers with Radar,0,37,25,21,83,0,18,12,3,33,0,55,37,24,116,26,12,38,154
10/25/2000,LCH,LA,ASW,CE,Towers with Radar,0,24,16,14,54,0,16,20,6,42,0,40,36,20,96,22,20,42,138
10/26/2000,LCH,LA,ASW,CE,Towers with Radar,0,31,21,17,69,0,19,17,18,54,0,50,38,35,123,14,32,46,169
10/27/2000,LCH,LA,ASW,CE,Towers with Radar,0,27,19,8,54,0,17,22,0,39,0,44,41,8,93,8,8,16,109
10/28/2000,LCH,LA,ASW,CE,Towers with Radar,0,13,9,0,22,0,27,33,0,60,0,40,42,0,82,18,8,26,108
10/29/2000,LCH,LA,ASW,CE,Towers with Radar,0,17,12,8,37,0,32,21,0,53,0,49,33,8,90,8,2,10,100
10/30/2000,LCH,LA,ASW,CE,Towers with Radar,0,23,16,14,53,0,6,27,18,51,0,29,43,32,104,44,22,66,170
10/31/2000,LCH,LA,ASW,CE,Towers with Radar,0,31,22,19,72,0,23,16,16,55,0,54,38,35,127,32,20,52,179
11/01/2000,LCH,LA,ASW,CE,Towers with Radar,0,21,19,13,53,0,23,12,16,51,0,44,31,29,104,36,26,62,166
11/02/2000,LCH,LA,ASW,CE,Towers with Radar,0,24,20,11,55,0,14,5,0,19,0,38,25,11,74,6,6,12,86
11/03/2000,LCH,LA,ASW,CE,Towers with Radar,0,24,19,14,57,0,8,0,1,9,0,32,19,15,66,8,20,28,94
11/04/2000,LCH,LA,ASW,CE,Towers with Radar,0,13,11,2,26,0,7,19,0,26,0,20,30,2,52,38,0,38,90
11/05/2000,LCH,LA,ASW,CE,Towers with Radar,0,12,5,8,25,0,13,0,1,14,0,25,5,9,39,18,8,26,65
11/06/2000,LCH,LA,ASW,CE,Towers with Radar,0,14,14,4,32,0,13,34,0,47,0,27,48,4,79,34,8,42,121
11/07/2000,LCH,LA,ASW,CE,Towers with Radar,0,10,10,7,27,0,29,11,1,41,0,39,21,8,68,20,4,24,92
11/08/2000,LCH,LA,ASW,CE,Towers with Radar,0,7,4,1,12,0,15,0,0,15,0,22,4,1,27,6,0,6,33
11/09/2000,LCH,LA,ASW,CE,Towers with Radar,0,25,24,15,64,0,23,5,32,60,0,48,29,47,124,0,34,34,158
11/10/2000,LCH,LA,ASW,CE,Towers with Radar,0,20,19,7,46,0,24,18,0,42,0,44,37,7,88,22,6,28,116
11/11/2000,LCH,LA,ASW,CE,Towers with Radar,0,18,16,7,41,0,10,11,0,21,0,28,27,7,62,2,2,4,66
11/12/2000,LCH,LA,ASW,CE,Towers with Radar,0,13,13,3,29,0,25,22,0,47,0,38,35,3,76,10,2,12,88
11/13/2000,LCH,LA,ASW,CE,Towers with Radar,0,24,14,15,53,0,6,0,21,27,0,30,14,36,80,20,44,64,144
11/14/2000,LCH,LA,ASW,CE,Towers with Radar,0,21,21,13,55,0,18,3,11,32,0,39,24,24,87,26,26,52,139
11/15/2000,LCH,LA,ASW,CE,Towers with Radar,0,23,22,14,59,0,25,17,14,56,0,48,39,28,115,16,18,34,149
11/16/2000,LCH,LA,ASW,CE,Towers with Radar,0,15,15,0,30,0,14,15,0,29,0,29,30,0,59,28,0,28,87
11/17/2000,LCH,LA,ASW,CE,Towers with Radar,0,21,16,0,37,0,12,0,0,12,0,33,16,0,49,0,0,0,49
11/18/2000,LCH,LA,ASW,CE,Towers with Radar,0,11,7,2,20,0,1,0,0,1,0,12,7,2,21,0,2,2,23
11/19/2000,LCH,LA,ASW,CE,Towers with Radar,0,14,24,2,40,0,19,3,0,22,0,33,27,2,62,14,4,18,80
11/20/2000,LCH,LA,ASW,CE,Towers with Radar,0,17,12,27,56,0,24,21,0,45,0,41,33,27,101,38,28,66,167
11/21/2000,LCH,LA,ASW,CE,Towers with Radar,0,30,7,29,66,0,6,0,0,6,0,36,7,29,72,64,12,76,148
11/22/2000,LCH,LA,ASW,CE,Towers with Radar,0,20,19,9,48,0,28,22,0,50,0,48,41,9,98,32,10,42,140
11/23/2000,LCH,LA,ASW,CE,Towers with Radar,0,9,2,0,11,0,10,3,0,13,0,19,5,0,24,0,0,0,24
11/24/2000,LCH,LA,ASW,CE,Towers with Radar,0,13,12,0,25,0,1,5,0,6,0,14,17,0,31,0,0,0,31
11/25/2000,LCH,LA,ASW,CE,Towers with Radar,0,17,10,0,27,0,6,11,0,17,0,23,21,0,44,18,0,18,62
11/26/2000,LCH,LA,ASW,CE,Towers with Radar,0,16,14,0,30,0,16,48,0,64,0,32,62,0,94,50,0,50,144
11/27/2000,LCH,LA,ASW,CE,Towers with Radar,0,16,13,4,33,0,12,18,0,30,0,28,31,4,63,10,2,12,75
11/28/2000,LCH,LA,ASW,CE,Towers with Radar,0,17,13,10,40,0,21,21,3,45,0,38,34,13,85,4,18,22,107
11/29/2000,LCH,LA,ASW,CE,Towers with Radar,0,21,25,2,48,0,2,8,0,10,0,23,33,2,58,8,0,8,66
11/30/2000,LCH,LA,ASW,CE,Towers with Radar,0,23,13,23,59,0,42,33,2,77,0,65,46,25,136,90,20,110,246
12/01/2000,LCH,LA,ASW,CE,Towers with Radar,0,13,17,5,35,0,7,3,1,11,0,20,20,6,46,40,4,44,90
12/02/2000,LCH,LA,ASW,CE,Towers with Radar,0,11,8,5,24,0,16,16,0,32,0,27,24,5,56,16,0,16,72
12/03/2000,LCH,LA,ASW,CE,Towers with Radar,0,16,11,4,31,0,19,11,0,30,0,35,22,4,61,76,8,84,145
12/04/2000,LCH,LA,ASW,CE,Towers with Radar,0,21,15,11,47,0,21,9,11,41,0,42,24,22,88,34,10,44,132
12/05/2000,LCH,LA,ASW,CE,Towers with Radar,0,22,10,23,55,0,27,40,3,70,0,49,50,26,125,32,14,46,171
12/06/2000,LCH,LA,ASW,CE,Towers with Radar,0,18,12,13,43,0,6,5,1,12,0,24,17,14,55,0,12,12,67
12/07/2000,LCH,LA,ASW,CE,Towers with Radar,0,23,17,28,68,0,14,6,1,21,0,37,23,29,89,12,34,46,135
12/08/2000,LCH,LA,ASW,CE,Towers with Radar,0,22,10,35,67,0,14,33,3,50,0,36,43,38,117,32,26,58,175
12/09/2000,LCH,LA,ASW,CE,Towers with Radar,0,11,10,0,21,0,12,26,0,38,0,23,36,0,59,18,4,22,81
12/10/2000,LCH,LA,ASW,CE,Towers with Radar,0,16,14,8,38,0,0,13,0,13,0,16,27,8,51,4,6,10,61
12/11/2000,LCH,LA,ASW,CE,Towers with Radar,0,16,10,8,34,0,27,6,8,41,0,43,16,16,75,20,16,36,111
12/12/2000,LCH,LA,ASW,CE,Towers with Radar,0,16,5,46,67,0,20,5,1,26,0,36,10,47,93,24,34,58,151
12/13/2000,LCH,LA,ASW,CE,Towers with Radar,0,17,10,1,28,0,5,1,1,7,0,22,11,2,35,4,4,8,43
12/14/2000,LCH,LA,ASW,CE,Towers with Radar,0,21,31,8,60,0,0,1,0,1,0,21,32,8,61,4,8,12,73
12/15/2000,LCH,LA,ASW,CE,Towers with Radar,0,14,10,6,30,0,0,1,0,1,0,14,11,6,31,0,6,6,37
12/16/2000,LCH,LA,ASW,CE,Towers with Radar,0,13,13,4,30,0,8,5,0,13,0,21,18,4,43,0,4,4,47
12/17/2000,LCH,LA,ASW,CE,Towers with Radar,0,12,14,7,33,0,15,23,0,38,0,27,37,7,71,36,4,40,111
12/18/2000,LCH,LA,ASW,CE,Towers with Radar,0,18,12,2,32,0,16,10,0,26,0,34,22,2,58,8,2,10,68
12/19/2000,LCH,LA,ASW,CE,Towers with Radar,0,25,16,15,56,0,6,26,8,40,0,31,42,23,96,10,18,28,124
12/20/2000,LCH,LA,ASW,CE,Towers with Radar,0,13,27,16,56,0,9,15,0,24,0,22,42,16,80,32,14,46,126
12/21/2000,LCH,LA,ASW,CE,Towers with Radar,0,21,22,15,58,0,24,13,0,37,0,45,35,15,95,8,8,16,111
12/22/2000,LCH,LA,ASW,CE,Towers with Radar,0,17,19,10,46,0,14,43,0,57,0,31,62,10,103,36,0,36,139
12/23/2000,LCH,LA,ASW,CE,Towers with Radar,0,15,1,0,16,0,5,6,0,11,0,20,7,0,27,30,0,30,57
12/24/2000,LCH,LA,ASW,CE,Towers with Radar,0,10,1,0,11,0,13,3,0,16,0,23,4,0,27,0,0,0,27
12/25/2000,LCH,LA,ASW,CE,Towers with Radar,0,6,1,0,7,0,11,0,0,11,0,17,1,0,18,0,0,0,18
12/26/2000,LCH,LA,ASW,CE,Towers with Radar,0,14,15,0,29,0,21,6,0,27,0,35,21,0,56,18,0,18,74
12/27/2000,LCH,LA,ASW,CE,Towers with Radar,0,11,8,0,19,0,8,2,0,10,0,19,10,0,29,2,0,2,31
12/28/2000,LCH,LA,ASW,CE,Towers with Radar,0,26,9,14,49,0,9,4,1,14,0,35,13,15,63,2,10,12,75
12/29/2000,LCH,LA,ASW,CE,Towers with Radar,0,19,11,7,37,0,17,28,1,46,0,36,39,8,83,40,6,46,129
12/30/2000,LCH,LA,ASW,CE,Towers with Radar,0,23,4,0,27,0,11,14,0,25,0,34,18,0,52,26,4,30,82
12/31/2000,LCH,LA,ASW,CE,Towers with Radar,0,8,6,0,14,0,6,4,0,10,0,14,10,0,24,0,0,0,24
01/01/2001,LCH,LA,ASW,CE,Towers with Radar,0,4,4,0,8,0,7,6,0,13,0,11,10,0,21,2,0,2,23
01/02/2001,LCH,LA,ASW,CE,Towers with Radar,0,12,10,11,33,0,14,18,3,35,0,26,28,14,68,44,12,56,124
01/03/2001,LCH,LA,ASW,CE,Towers with Radar,0,16,4,11,31,0,19,10,3,32,0,35,14,14,63,30,6,36,99
01/04/2001,LCH,LA,ASW,CE,Towers with Radar,0,12,21,39,72,0,23,31,3,57,0,35,52,42,129,20,26,46,175
01/05/2001,LCH,LA,ASW,CE,Towers with Radar,0,13,15,0,28,0,15,21,0,36,0,28,36,0,64,22,20,42,106
01/06/2001,LCH,LA,ASW,CE,Towers with Radar,0,17,10,3,30,0,17,28,2,47,0,34,38,5,77,26,6,32,109
01/07/2001,LCH,LA,ASW,CE,Towers with Radar,0,18,11,0,29,0,12,0,0,12,0,30,11,0,41,12,0,12,53
01/08/2001,LCH,LA,ASW,CE,Towers with Radar,0,22,21,19,62,0,0,8,13,21,0,22,29,32,83,18,10,28,111
01/09/2001,LCH,LA,ASW,CE,Towers with Radar,0,20,15,12,47,9,19,23,12,63,9,39,38,24,110,14,24,38,148
01/10/2001,LCH,LA,ASW,CE,Towers with Radar,0,22,17,2,41,0,5,24,0,29,0,27,41,2,70,6,4,10,80
01/11/2001,LCH,LA,ASW,CE,Towers with Radar,0,18,24,9,51,0,8,8,3,19,0,26,32,12,70,12,16,28,98
01/12/2001,LCH,LA,ASW,CE,Towers with Radar,0,16,21,21,58,0,15,8,3,26,0,31,29,24,84,12,14,26,110
01/13/2001,LCH,LA,ASW,CE,Towers with Radar,0,13,23,8,44,0,0,10,0,10,0,13,33,8,54,12,4,16,70
01/14/2001,LCH,LA,ASW,CE,Towers with Radar,0,13,12,0,25,0,0,31,0,31,0,13,43,0,56,20,0,20,76
01/15/2001,LCH,LA,ASW,CE,Towers with Radar,0,17,14,7,38,0,10,18,0,28,0,27,32,7,66,48,4,52,118
01/16/2001,LCH,LA,ASW,CE,Towers with Radar,0,19,2,0,21,0,0,0,0,0,0,19,2,0,21,2,0,2,23
01/17/2001,LCH,LA,ASW,CE,Towers with Radar,0,10,7,0,17,0,1,5,0,6,0,11,12,0,23,6,0,6,29
01/18/2001,LCH,LA,ASW,CE,Towers with Radar,0,17,14,0,31,0,13,5,0,18,0,30,19,0,49,6,0,6,55
01/19/2001,LCH,LA,ASW,CE,Towers with Radar,0,27,18,8,53,0,26,6,2,34,0,53,24,10,87,26,6,32,119
01/20/2001,LCH,LA,ASW,CE,Towers with Radar,0,14,16,6,36,0,13,27,3,43,0,27,43,9,79,20,0,20,99
01/21/2001,LCH,LA,ASW,CE,Towers with Radar,0,20,16,2,38,0,19,44,0,63,0,39,60,2,101,93,0,93,194
01/22/2001,LCH,LA,ASW,CE,Towers with Radar,0,23,21,16,60,0,28,25,8,61,0,51,46,24,121,88,24,112,233
01/23/2001,LCH,LA,ASW,CE,Towers with Radar,0,45,21,37,103,0,23,10,2,35,0,68,31,39,138,44,38,82,220
01/24/2001,LCH,LA,ASW,CE,Towers with Radar,0,17,24,26,67,0,21,15,4,40,0,38,39,30,107,42,24,66,173
01/25/2001,LCH,LA,ASW,CE,Towers with Radar,0,14,16,24,54,0,24,8,2,34,0,38,24,26,88,40,18,58,146
01/26/2001,LCH,LA,ASW,CE,Towers with Radar,0,24,20,17,61,0,35,0,4,39,0,59,20,21,100,22,8,30,130
01/27/2001,LCH,LA,ASW,CE,Towers with Radar,0,21,15,9,45,0,12,7,2,21,0,33,22,11,66,20,8,28,94
01/28/2001,LCH,LA,ASW,CE,Towers with Radar,0,16,10,0,26,0,8,4,2,14,0,24,14,2,40,14,0,14,54
01/29/2001,LCH,LA,ASW,CE,Towers with Radar,0,12,6,0,18,0,33,0,0,33,0,45,6,0,51,22,0,22,73
01/30/2001,LCH,LA,ASW,CE,Towers with Radar,0,27,19,66,112,0,23,20,3,46,0,50,39,69,158,26,56,82,240
01/31/2001,LCH,LA,ASW,CE,Towers with Radar,0,27,15,16,58,0,22,19,4,45,0,49,34,20,103,36,10,46,149
02/01/2001,LCH,LA,ASW,CE,Towers with Radar,0,23,16,12,51,0,5,16,20,41,0,28,32,32,92,12,30,42,134
02/02/2001,LCH,LA,ASW,CE,Towers with Radar,0,18,13,25,56,0,21,4,1,26,0,39,17,26,82,14,24,38,120
02/03/2001,LCH,LA,ASW,CE,Towers with Radar,0,18,11,8,37,0,16,8,0,24,0,34,19,8,61,14,4,18,79
02/04/2001,LCH,LA,ASW,CE,Towers with Radar,0,23,16,10,49,0,10,44,0,54,0,33,60,10,103,28,10,38,141
02/05/2001,LCH,LA,ASW,CE,Towers with Radar,0,23,10,8,41,0,16,17,4,37,0,39,27,12,78,12,8,20,98
02/06/2001,LCH,LA,ASW,CE,Towers with Radar,0,32,21,17,70,0,7,12,17,36,0,39,33,34,106,2,20,22,128
02/07/2001,LCH,LA,ASW,CE,Towers with Radar,0,26,13,27,66,0,13,12,1,26,0,39,25,28,92,16,18,34,126
02/08/2001,LCH,LA,ASW,CE,Towers with Radar,0,16,20,32,68,0,24,12,0,36,0,40,32,32,104,18,24,42,146
02/09/2001,LCH,LA,ASW,CE,Towers with Radar,0,17,4,11,32,0,2,0,0,2,0,19,4,11,34,4,6,10,44
02/10/2001,LCH,LA,ASW,CE,Towers with Radar,0,18,13,8,39,0,29,23,0,52,0,47,36,8,91,46,16,62,153
02/11/2001,LCH,LA,ASW,CE,Towers with Radar,0,35,6,0,41,0,10,3,0,13,0,45,9,0,54,30,0,30,84
02/12/2001,LCH,LA,ASW,CE,Towers with Radar,0,21,15,3,39,0,15,13,0,28,0,36,28,3,67,20,0,20,87
02/13/2001,LCH,LA,ASW,CE,Towers with Radar,0,0,6,0,6,0,0,0,0,0,0,0,6,0,6,15,0,15,21
02/14/2001,LCH,LA,ASW,CE,Towers with Radar,0,12,5,2,19,0,0,0,0,0,0,12,5,2,19,0,2,2,21
02/15/2001,LCH,LA,ASW,CE,Towers with Radar,0,15,10,12,37,0,13,0,0,13,0,28,10,12,50,4,12,16,66
02/16/2001,LCH,LA,ASW,CE,Towers with Radar,0,18,11,1,30,0,7,1,0,8,0,25,12,1,38,0,0,0,38
02/17/2001,LCH,LA,ASW,CE,Towers with Radar,0,19,7,4,30,0,14,12,7,33,0,33,19,11,63,32,4,36,99
02/18/2001,LCH,LA,ASW,CE,Towers with Radar,0,14,10,0,24,0,17,34,0,51,0,31,44,0,75,44,0,44,119
02/19/2001,LCH,LA,ASW,CE,Towers with Radar,0,12,11,2,25,0,20,7,0,27,0,32,18,2,52,30,2,32,84
02/20/2001,LCH,LA,ASW,CE,Towers with Radar,0,15,14,22,51,0,19,20,0,39,0,34,34,22,90,6,12,18,108
02/21/2001,LCH,LA,ASW,CE,Towers with Radar,0,20,25,19,64,0,16,9,0,25,0,36,34,19,89,26,14,40,129
02/22/2001,LCH,LA,ASW,CE,Towers with Radar,0,23,31,29,83,0,11,6,2,19,0,34,37,31,102,28,26,54,156
02/23/2001,LCH,LA,ASW,CE,Towers with Radar,0,13,13,12,38,0,19,6,0,25,0,32,19,12,63,6,8,14,77
02/24/2001,LCH,LA,ASW,CE,Towers with Radar,0,11,4,0,15,0,17,0,0,17,0,28,4,0,32,50,0,50,82
02/25/2001,LCH,LA,ASW,CE,Towers with Radar,0,23,12,0,35,0,11,24,0,35,0,34,36,0,70,26,0,26,96
02/26/2001,LCH,LA,ASW,CE,Towers with Radar,0,22,14,4,40,0,7,2,0,9,0,29,16,4,49,40,4,44,93
02/27/2001,LCH,LA,ASW,CE,Towers with Radar,0,20,11,10,41,0,10,0,2,12,0,30,11,12,53,20,6,26,79
02/28/2001,LCH,LA,ASW,CE,Towers with Radar,0,18,14,10,42,0,4,3,0,7,0,22,17,10,49,36,6,42,91
03/01/2001,LCH,LA,ASW,CE,Towers with Radar,0,12,9,0,21,0,3,1,0,4,0,15,10,0,25,0,0,0,25
03/02/2001,LCH,LA,ASW,CE,Towers with Radar,0,12,8,0,20,0,7,1,0,8,0,19,9,0,28,0,0,0,28
03/03/2001,LCH,LA,ASW,CE,Towers with Radar,0,9,5,0,14,0,9,0,0,9,0,18,5,0,23,0,0,0,23
03/04/2001,LCH,LA,ASW,CE,Towers with Radar,0,23,8,0,31,0,19,34,6,59,0,42,42,6,90,16,0,16,106
03/05/2001,LCH,LA,ASW,CE,Towers with Radar,0,19,17,2,38,0,20,10,2,32,0,39,27,4,70,38,2,40,110
03/06/2001,LCH,LA,ASW,CE,Towers with Radar,0,21,23,15,59,0,27,32,2,61,0,48,55,17,120,52,12,64,184
03/07/2001,LCH,LA,ASW,CE,Towers with Radar,0,15,25,25,65,0,19,27,5,51,0,34,52,30,116,20,18,38,154
03/08/2001,LCH,LA,ASW,CE,Towers with Radar,0,14,15,14,43,0,10,14,2,26,0,24,29,16,69,14,12,26,95
03/09/2001,LCH,LA,ASW,CE,Towers with Radar,0,15,17,9,41,0,9,5,5,19,0,24,22,14,60,10,18,28,88
03/10/2001,LCH,LA,ASW,CE,Towers with Radar,0,19,6,8,33,0,9,31,2,42,0,28,37,10,75,34,8,42,117
03/11/2001,LCH,LA,ASW,CE,Towers with Radar,0,51,7,2,60,0,8,11,2,21,0,59,18,4,81,40,2,42,123
03/12/2001,LCH,LA,ASW,CE,Towers with Radar,0,18,11,8,37,0,26,27,6,59,0,44,38,14,96,12,4,16,112
03/13/2001,LCH,LA,ASW,CE,Towers with Radar,0,35,14,22,71,0,30,10,3,43,0,65,24,25,114,26,20,46,160
03/14/2001,LCH,LA,ASW,CE,Towers with Radar,0,28,3,4,35,0,17,4,0,21,0,45,7,4,56,48,20,68,124
03/15/2001,LCH,LA,ASW,CE,Towers with Radar,0,26,23,29,78,0,21,12,2,35,0,47,35,31,113,24,20,44,157
03/16/2001,LCH,LA,ASW,CE,Towers with Radar,0,15,29,39,83,0,16,39,2,57,0,31,68,41,140,24,22,46,186
03/17/2001,LCH,LA,ASW,CE,Towers with Radar,0,25,11,0,36,0,14,27,0,41,0,39,38,0,77,40,22,62,139
03/18/2001,LCH,LA,ASW,CE,Towers with Radar,0,19,19,4,42,0,16,22,0,38,0,35,41,4,80,52,8,60,140
03/19/2001,LCH,LA,ASW,CE,Towers with Radar,0,23,14,10,47,0,22,18,0,40,0,45,32,10,87,76,20,96,183
03/20/2001,LCH,LA,ASW,CE,Towers with Radar,0,15,9,38,62,0,19,20,0,39,0,34,29,38,101,46,28,74,175
03/21/2001,LCH,LA,ASW,CE,Towers with Radar,0,14,5,22,41,0,32,25,1,58,0,46,30,23,99,6,26,32,131
03/22/2001,LCH,LA,ASW,CE,Towers with Radar,0,16,16,32,64,0,23,35,7,65,0,39,51,39,129,32,46,78,207
03/23/2001,LCH,LA,ASW,CE,Towers with Radar,0,48,30,32,110,0,22,32,0,54,0,70,62,32,164,82,18,100,264
03/24/2001,LCH,LA,ASW,CE,Towers with Radar,0,18,11,0,29,0,36,23,0,59,0,54,34,0,88,50,0,50,138
03/25/2001,LCH,LA,ASW,CE,Towers with Radar,0,41,29,2,72,0,17,19,0,36,0,58,48,2,108,40,0,40,148
03/26/2001,LCH,LA,ASW,CE,Towers with Radar,0,29,19,15,63,0,22,9,3,34,0,51,28,18,97,26,12,38,135
03/27/2001,LCH,LA,ASW,CE,Towers with Radar,0,22,10,7,39,0,34,16,1,51,0,56,26,8,90,18,12,30,120
03/28/2001,LCH,LA,ASW,CE,Towers with Radar,0,18,17,1,36,0,7,4,0,11,0,25,21,1,47,0,2,2,49
03/29/2001,LCH,LA,ASW,CE,Towers with Radar,0,21,17,7,45,0,0,20,0,20,0,21,37,7,65,32,10,42,107
03/30/2001,LCH,LA,ASW,CE,Towers with Radar,0,34,22,19,75,1,14,6,13,34,1,48,28,32,109,42,14,56,165
03/31/2001,LCH,LA,ASW,CE,Towers with Radar,0,28,13,3,44,0,9,25,0,34,0,37,38,3,78,56,2,58,136
04/01/2001,LCH,LA,ASW,CE,Towers with Radar,0,11,8,1,20,0,15,8,0,23,0,26,16,1,43,0,0,0,43
04/02/2001,LCH,LA,ASW,CE,Towers with Radar,0,13,10,0,23,0,5,9,0,14,0,18,19,0,37,12,0,12,49
04/03/2001,LCH,LA,ASW,CE,Towers with Radar,0,12,9,4,25,0,27,15,0,42,0,39,24,4,67,26,0,26,93
04/04/2001,LCH,LA,ASW,CE,Towers with Radar,0,22,16,15,53,0,58,56,5,119,0,80,72,20,172,138,18,156,328
04/05/2001,LCH,LA,ASW,CE,Towers with Radar,0,22,14,0,36,0,34,34,0,68,0,56,48,0,104,150,2,152,256
04/06/2001,LCH,LA,ASW,CE,Towers with Radar,0,27,17,17,61,0,24,19,13,56,0,51,36,30,117,38,24,62,179
04/07/2001,LCH,LA,ASW,CE,Towers with Radar,0,30,20,17,67,0,15,5,0,20,0,45,25,17,87,26,20,46,133
04/08/2001,LCH,LA,ASW,CE,Towers with Radar,0,14,9,4,27,0,24,8,0,32,0,38,17,4,59,10,2,12,71
04/09/2001,LCH,LA,ASW,CE,Towers with Radar,0,18,13,0,31,0,2,51,0,53,0,20,64,0,84,26,0,26,110
04/10/2001,LCH,LA,ASW,CE,Towers with Radar,0,16,11,6,33,0,33,9,0,42,0,49,20,6,75,18,0,18,93
04/11/2001,LCH,LA,ASW,CE,Towers with Radar,0,34,24,22,80,0,19,3,19,41,0,53,27,41,121,30,22,52,173
04/12/2001,LCH,LA,ASW,CE,Towers with Radar,0,11,6,6,23,0,4,0,0,4,0,15,6,6,27,18,6,24,51
04/13/2001,LCH,LA,ASW,CE,Towers with Radar,0,29,18,15,62,0,18,28,0,46,0,47,46,15,108,14,18,32,140
04/14/2001,LCH,LA,ASW,CE,Towers with Radar,0,37,23,22,82,0,13,5,8,26,0,50,28,30,108,28,28,56,164
04/15/2001,LCH,LA,ASW,CE,Towers with Radar,0,17,10,6,33,0,25,22,0,47,0,42,32,6,80,29,6,35,115
04/16/2001,LCH,LA,ASW,CE,Towers with Radar,0,23,14,8,45,0,0,29,0,29,0,23,43,8,74,18,8,26,100
04/17/2001,LCH,LA,ASW,CE,Towers with Radar,0,24,15,13,52,0,16,34,0,50,0,40,49,13,102,2,26,28,130
04/18/2001,LCH,LA,ASW,CE,Towers with Radar,0,29,18,17,64,0,23,26,21,70,0,52,44,38,134,40,48,88,222
04/19/2001,LCH,LA,ASW,CE,Towers with Radar,0,38,24,23,85,0,10,6,2,18,0,48,30,25,103,10,25,35,138
04/20/2001,LCH,LA,ASW,CE,Towers with Radar,0,33,21,19,73,0,15,8,8,31,0,48,29,27,104,48,32,80,184
04/21/2001,LCH,LA,ASW,CE,Towers with Radar,0,20,13,9,42,0,26,16,0,42,0,46,29,9,84,50,10,60,144
04/22/2001,LCH,LA,ASW,CE,Towers with Radar,0,15,10,0,25,0,14,42,0,56,0,29,52,0,81,30,0,30,111
04/23/2001,LCH,LA,ASW,CE,Towers with Radar,0,17,11,4,32,0,6,11,0,17,0,23,22,4,49,0,0,0,49
04/24/2001,LCH,LA,ASW,CE,Towers with Radar,0,21,14,10,45,0,16,24,0,40,0,37,38,10,85,32,8,40,125
04/25/2001,LCH,LA,ASW,CE,Towers with Radar,0,27,18,16,61,0,20,30,3,53,0,47,48,19,114,8,24,32,146
04/26/2001,LCH,LA,ASW,CE,Towers with Radar,0,21,14,11,46,0,21,9,0,30,0,42,23,11,76,18,14,32,108
04/27/2001,LCH,LA,ASW,CE,Towers with Radar,0,31,21,18,70,0,18,12,6,36,0,49,33,24,106,10,20,30,136
04/28/2001,LCH,LA,ASW,CE,Towers with Radar,0,35,23,20,78,0,6,9,22,37,0,41,32,42,115,20,32,52,167
04/29/2001,LCH,LA,ASW,CE,Towers with Radar,0,19,13,12,44,0,8,19,8,35,0,27,32,20,79,21,8,29,108
04/30/2001,LCH,LA,ASW,CE,Towers with Radar,0,16,10,0,26,0,6,12,0,18,0,22,22,0,44,0,0,0,44
05/01/2001,LCH,LA,ASW,CE,Towers with Radar,0,25,23,24,72,0,13,16,0,29,0,38,39,24,101,26,14,40,141
05/02/2001,LCH,LA,ASW,CE,Towers with Radar,0,33,17,17,67,0,17,36,6,59,0,50,53,23,126,60,10,70,196
05/03/2001,LCH,LA,ASW,CE,Towers with Radar,0,22,22,14,58,0,17,15,0,32,0,39,37,14,90,2,12,14,104
05/04/2001,LCH,LA,ASW,CE,Towers with Radar,0,17,16,19,52,0,306,4,0,310,0,323,20,19,362,30,10,40,402
05/05/2001,LCH,LA,ASW,CE,Towers with Radar,0,12,7,7,26,0,29,9,8,46,0,41,16,15,72,24,8,32,104
05/06/2001,LCH,LA,ASW,CE,Towers with Radar,0,26,14,15,55,0,5,11,0,16,0,31,25,15,71,38,6,44,115
05/07/2001,LCH,LA,ASW,CE,Towers with Radar,0,13,9,2,24,0,15,16,1,32,0,28,25,3,56,4,2,6,62
05/08/2001,LCH,LA,ASW,CE,Towers with Radar,0,34,11,20,65,0,33,22,1,56,0,67,33,21,121,62,2,64,185
05/09/2001,LCH,LA,ASW,CE,Towers with Radar,0,6,12,14,32,0,0,18,0,18,0,6,30,14,50,50,12,62,112
05/10/2001,LCH,LA,ASW,CE,Towers with Radar,0,52,18,11,81,0,30,29,1,60,0,82,47,12,141,48,4,52,193
05/11/2001,LCH,LA,ASW,CE,Towers with Radar,0,29,14,9,52,0,1,34,0,35,0,30,48,9,87,50,12,62,149
05/12/2001,LCH,LA,ASW,CE,Towers with Radar,0,26,13,8,47,0,15,0,0,15,0,41,13,8,62,28,0,28,90
05/13/2001,LCH,LA,ASW,CE,Towers with Radar,0,33,7,6,46,0,15,14,0,29,0,48,21,6,75,62,2,64,139
05/14/2001,LCH,LA,ASW,CE,Towers with Radar,0,47,20,18,85,0,25,17,0,42,0,72,37,18,127,50,20,70,197
05/15/2001,LCH,LA,ASW,CE,Towers with Radar,0,40,22,25,87,0,34,32,0,66,0,74,54,25,153,36,8,44,197
05/16/2001,LCH,LA,ASW,CE,Towers with Radar,0,21,8,26,55,0,19,36,0,55,0,40,44,26,110,50,18,68,178
05/17/2001,LCH,LA,ASW,CE,Towers with Radar,0,14,20,28,62,0,19,30,3,52,0,33,50,31,114,22,14,36,150
05/18/2001,LCH,LA,ASW,CE,Towers with Radar,0,16,11,30,57,0,15,31,1,47,0,31,42,31,104,8,26,34,138
05/19/2001,LCH,LA,ASW,CE,Towers with Radar,0,24,12,9,45,0,17,21,0,38,0,41,33,9,83,22,12,34,117
05/20/2001,LCH,LA,ASW,CE,Towers with Radar,0,38,18,0,56,0,10,20,0,30,0,48,38,0,86,34,0,34,120
05/21/2001,LCH,LA,ASW,CE,Towers with Radar,0,19,10,10,39,0,11,3,1,15,0,30,13,11,54,14,6,20,74
05/22/2001,LCH,LA,ASW,CE,Towers with Radar,0,43,18,18,79,0,20,33,2,55,0,63,51,20,134,36,24,60,194
05/23/2001,LCH,LA,ASW,CE,Towers with Radar,0,14,15,22,51,0,10,38,1,49,0,24,53,23,100,28,20,48,148
05/24/2001,LCH,LA,ASW,CE,Towers with Radar,0,19,25,24,68,0,20,21,3,44,0,39,46,27,112,36,10,46,158
05/25/2001,LCH,LA,ASW,CE,Towers with Radar,0,18,9,0,27,0,41,28,0,69,0,59,37,0,96,32,2,34,130
05/26/2001,LCH,LA,ASW,CE,Towers with Radar,0,27,5,0,32,0,11,15,0,26,0,38,20,0,58,18,0,18,76
05/27/2001,LCH,LA,ASW,CE,Towers with Radar,0,19,2,5,26,0,13,9,1,23,0,32,11,6,49,36,4,40,89
05/28/2001,LCH,LA,ASW,CE,Towers with Radar,0,15,7,7,29,0,4,30,3,37,0,19,37,10,66,2,0,2,68
05/29/2001,LCH,LA,ASW,CE,Towers with Radar,0,38,22,10,70,0,16,24,1,41,0,54,46,11,111,40,4,44,155
05/30/2001,LCH,LA,ASW,CE,Towers with Radar,0,21,10,11,42,0,22,22,5,49,0,43,32,16,91,22,16,38,129
05/31/2001,LCH,LA,ASW,CE,Towers with Radar,0,6,8,4,18,0,8,20,0,28,0,14,28,4,46,2,2,4,50
06/01/2001,LCH,LA,ASW,CE,Towers with Radar,0,14,11,17,42,0,14,16,1,31,0,28,27,18,73,4,16,20,93
06/02/2001,LCH,LA,ASW,CE,Towers with Radar,0,12,11,0,23,0,3,19,0,22,0,15,30,0,45,16,0,16,61
06/03/2001,LCH,LA,ASW,CE,Towers with Radar,0,15,15,6,36,0,0,4,0,4,0,15,19,6,40,20,6,26,66
06/04/2001,LCH,LA,ASW,CE,Towers with Radar,0,18,15,0,33,0,22,11,0,33,0,40,26,0,66,16,0,16,82
06/05/2001,LCH,LA,ASW,CE,Towers with Radar,0,15,8,0,23,0,12,0,0,12,0,27,8,0,35,0,0,0,35
06/06/2001,LCH,LA,ASW,CE,Towers with Radar,0,12,10,0,22,0,21,0,0,21,0,33,10,0,43,18,0,18,61
06/07/2001,LCH,LA,ASW,CE,Towers with Radar,0,9,7,0,16,0,19,2,0,21,0,28,9,0,37,24,0,24,61
06/08/2001,LCH,LA,ASW,CE,Towers with Radar,5,12,4,5,26,0,8,0,1,9,5,20,4,6,35,12,6,18,53
06/09/2001,LCH,LA,ASW,CE,Towers with Radar,3,5,9,0,17,0,11,0,0,11,3,16,9,0,28,0,0,0,28
06/10/2001,LCH,LA,ASW,CE,Towers with Radar,0,22,17,0,39,0,7,6,0,13,0,29,23,0,52,10,0,10,62
06/11/2001,LCH,LA,ASW,CE,Towers with Radar,0,18,15,0,33,0,39,28,0,67,0,57,43,0,100,74,0,74,174
06/12/2001,LCH,LA,ASW,CE,Towers with Radar,0,25,19,23,67,0,20,29,1,50,0,45,48,24,117,26,10,36,153
06/13/2001,LCH,LA,ASW,CE,Towers with Radar,0,16,35,47,98,0,20,23,3,46,0,36,58,50,144,20,30,50,194
06/14/2001,LCH,LA,ASW,CE,Towers with Radar,0,16,21,11,48,0,12,26,1,39,0,28,47,12,87,8,12,20,107
06/15/2001,LCH,LA,ASW,CE,Towers with Radar,0,16,16,4,36,0,17,13,0,30,0,33,29,4,66,16,4,20,86
06/16/2001,LCH,LA,ASW,CE,Towers with Radar,0,8,16,19,43,0,13,32,1,46,0,21,48,20,89,10,18,28,117
06/17/2001,LCH,LA,ASW,CE,Towers with Radar,0,10,6,2,18,0,7,7,2,16,0,17,13,4,34,16,0,16,50
06/18/2001,LCH,LA,ASW,CE,Towers with Radar,0,27,26,10,63,0,6,30,0,36,0,33,56,10,99,42,4,46,145
06/19/2001,LCH,LA,ASW,CE,Towers with Radar,0,17,15,17,49,0,14,22,1,37,0,31,37,18,86,42,8,50,136
06/20/2001,LCH,LA,ASW,CE,Towers with Radar,0,44,41,23,108,0,20,5,0,25,0,64,46,23,133,78,14,92,225
06/21/2001,LCH,LA,ASW,CE,Towers with Radar,0,46,22,11,79,0,19,21,3,43,0,65,43,14,122,62,8,70,192
06/22/2001,LCH,LA,ASW,CE,Towers with Radar,0,15,7,6,28,0,20,29,0,49,0,35,36,6,77,28,4,32,109
06/23/2001,LCH,LA,ASW,CE,Towers with Radar,0,10,18,0,28,0,8,40,0,48,0,18,58,0,76,26,2,28,104
06/24/2001,LCH,LA,ASW,CE,Towers with Radar,0,19,18,5,42,0,12,13,0,25,0,31,31,5,67,34,0,34,101
06/25/2001,LCH,LA,ASW,CE,Towers with Radar,0,28,27,17,72,0,7,20,13,40,0,35,47,30,112,54,32,86,198
06/26/2001,LCH,LA,ASW,CE,Towers with Radar,0,22,21,13,56,0,13,18,3,34,0,35,39,16,90,16,12,28,118
06/27/2001,LCH,LA,ASW,CE,Towers with Radar,0,14,14,8,36,0,12,15,0,27,0,26,29,8,63,12,4,16,79
06/28/2001,LCH,LA,ASW,CE,Towers with Radar,0,19,18,11,48,0,26,21,5,52,0,45,39,16,100,18,16,34,134
06/29/2001,LCH,LA,ASW,CE,Towers with Radar,0,23,22,12,57,0,41,36,0,77,0,64,58,12,134,22,9,31,165
06/30/2001,LCH,LA,ASW,CE,Towers with Radar,0,25,24,10,59,0,11,5,0,16,0,36,29,10,75,16,5,21,96
07/01/2001,LCH,LA,ASW,CE,Towers with Radar,0,7,10,4,21,0,21,24,0,45,0,28,34,4,66,6,2,8,74
07/02/2001,LCH,LA,ASW,CE,Towers with Radar,0,16,10,5,31,0,10,19,0,29,0,26,29,5,60,26,2,28,88
07/03/2001,LCH,LA,ASW,CE,Towers with Radar,0,32,13,1,46,0,18,23,1,42,0,50,36,2,88,20,2,22,110
07/04/2001,LCH,LA,ASW,CE,Towers with Radar,0,29,1,0,30,0,10,0,0,10,0,39,1,0,40,6,0,6,46
07/05/2001,LCH,LA,ASW,CE,Towers with Radar,0,22,13,11,46,0,27,19,1,47,0,49,32,12,93,48,14,62,155
07/06/2001,LCH,LA,ASW,CE,Towers with Radar,0,12,12,4,28,0,27,25,0,52,0,39,37,4,80,48,6,54,134
07/07/2001,LCH,LA,ASW,CE,Towers with Radar,0,10,10,0,20,0,15,32,0,47,0,25,42,0,67,50,0,50,117
07/08/2001,LCH,LA,ASW,CE,Towers with Radar,0,30,20,4,54,0,15,20,0,35,0,45,40,4,89,42,4,46,135
07/09/2001,LCH,LA,ASW,CE,Towers with Radar,0,29,10,7,46,0,25,30,1,56,0,54,40,8,102,30,22,52,154
07/10/2001,LCH,LA,ASW,CE,Towers with Radar,0,16,22,17,55,0,19,25,1,45,0,35,47,18,100,22,14,36,136
07/11/2001,LCH,LA,ASW,CE,Towers with Radar,0,4,15,16,35,0,0,16,1,17,0,4,31,17,52,38,10,48,100
07/12/2001,LCH,LA,ASW,CE,Towers with Radar,0,14,25,31,70,0,13,31,1,45,0,27,56,32,115,20,30,50,165
07/13/2001,LCH,LA,ASW,CE,Towers with Radar,0,14,9,23,46,0,13,28,1,42,0,27,37,24,88,28,34,62,150
07/14/2001,LCH,LA,ASW,CE,Towers with Radar,0,8,6,1,15,0,10,15,1,26,0,18,21,2,41,16,8,24,65
07/15/2001,LCH,LA,ASW,CE,Towers with Radar,0,12,3,0,15,0,8,7,0,15,0,20,10,0,30,26,0,26,56
07/16/2001,LCH,LA,ASW,CE,Towers with Radar,0,13,14,8,35,0,17,28,2,47,0,30,42,10,82,18,8,26,108
07/17/2001,LCH,LA,ASW,CE,Towers with Radar,0,15,11,16,42,0,12,18,1,31,0,27,29,17,73,2,6,8,81
07/18/2001,LCH,LA,ASW,CE,Towers with Radar,0,11,13,6,30,0,30,23,1,54,0,41,36,7,84,80,10,90,174
07/19/2001,LCH,LA,ASW,CE,Towers with Radar,0,15,23,0,38,0,17,22,0,39,0,32,45,0,77,14,8,22,99
07/20/2001,LCH,LA,ASW,CE,Towers with Radar,0,17,7,12,36,0,27,12,2,41,0,44,19,14,77,20,12,32,109
07/21/2001,LCH,LA,ASW,CE,Towers with Radar,0,12,13,32,57,0,14,18,2,34,0,26,31,34,91,4,10,14,105
07/22/2001,LCH,LA,ASW,CE,Towers with Radar,0,31,13,2,46,0,13,7,4,24,0,44,20,6,70,22,2,24,94
07/23/2001,LCH,LA,ASW,CE,Towers with Radar,0,54,10,3,67,0,19,7,5,31,0,73,17,8,98,36,6,42,140
07/24/2001,LCH,LA,ASW,CE,Towers with Radar,0,37,8,30,75,0,23,21,3,47,0,60,29,33,122,60,28,88,210
07/25/2001,LCH,LA,ASW,CE,Towers with Radar,0,14,15,12,41,0,22,19,2,43,0,36,34,14,84,4,12,16,100
07/26/2001,LCH,LA,ASW,CE,Towers with Radar,1,18,12,4,35,0,11,8,1,20,1,29,20,5,55,24,2,26,81
07/27/2001,LCH,LA,ASW,CE,Towers with Radar,0,13,10,0,23,0,23,14,0,37,0,36,24,0,60,26,0,26,86
07/28/2001,LCH,LA,ASW,CE,Towers with Radar,0,8,6,0,14,0,10,9,0,19,0,18,15,0,33,2,0,2,35
07/29/2001,LCH,LA,ASW,CE,Towers with Radar,0,12,9,4,25,0,14,12,0,26,0,26,21,4,51,18,0,18,69
07/30/2001,LCH,LA,ASW,CE,Towers with Radar,0,13,14,11,38,0,15,13,0,28,0,28,27,11,66,52,4,56,122
07/31/2001,LCH,LA,ASW,CE,Towers with Radar,0,19,22,33,74,0,33,27,0,60,0,52,49,33,134,18,26,44,178
08/01/2001,LCH,LA,ASW,CE,Towers with Radar,0,12,11,7,30,0,21,26,1,48,0,33,37,8,78,50,2,52,130
08/02/2001,LCH,LA,ASW,CE,Towers with Radar,0,18,25,19,62,0,16,27,1,44,0,34,52,20,106,28,14,42,148
08/03/2001,LCH,LA,ASW,CE,Towers with Radar,0,13,12,20,45,0,30,26,1,57,0,43,38,21,102,10,22,32,134
08/04/2001,LCH,LA,ASW,CE,Towers with Radar,0,8,9,0,17,0,12,25,0,37,0,20,34,0,54,4,0,4,58
08/05/2001,LCH,LA,ASW,CE,Towers with Radar,0,11,0,1,12,0,15,11,0,26,0,26,11,1,38,20,10,30,68
08/06/2001,LCH,LA,ASW,CE,Towers with Radar,0,11,10,6,27,0,24,14,0,38,0,35,24,6,65,10,2,12,77
08/07/2001,LCH,LA,ASW,CE,Towers with Radar,0,19,6,15,40,0,21,27,0,48,0,40,33,15,88,56,10,66,154
08/08/2001,LCH,LA,ASW,CE,Towers with Radar,0,18,16,13,47,0,22,18,3,43,0,40,34,16,90,48,14,62,152
08/09/2001,LCH,LA,ASW,CE,Towers with Radar,0,16,18,19,53,0,22,28,0,50,0,38,46,19,103,36,12,48,151
08/10/2001,LCH,LA,ASW,CE,Towers with Radar,0,20,10,23,53,0,24,18,0,42,0,44,28,23,95,46,26,72,167
08/11/2001,LCH,LA,ASW,CE,Towers with Radar,0,12,8,21,41,0,14,20,0,34,0,26,28,21,75,22,0,22,97
08/12/2001,LCH,LA,ASW,CE,Towers with Radar,0,10,9,7,26,0,19,8,0,27,0,29,17,7,53,6,2,8,61
08/13/2001,LCH,LA,ASW,CE,Towers with Radar,0,15,9,4,28,0,15,6,2,23,0,30,15,6,51,30,0,30,81
08/14/2001,LCH,LA,ASW,CE,Towers with Radar,0,15,8,16,39,0,15,26,2,43,0,30,34,18,82,48,6,54,136
08/15/2001,LCH,LA,ASW,CE,Towers with Radar,0,15,18,25,58,0,20,34,0,54,0,35,52,25,112,30,22,52,164
08/16/2001,LCH,LA,ASW,CE,Towers with Radar,0,18,22,13,53,0,21,23,0,44,0,39,45,13,97,36,18,54,151
08/17/2001,LCH,LA,ASW,CE,Towers with Radar,0,16,13,10,39,0,14,29,6,49,0,30,42,16,88,28,28,56,144
08/18/2001,LCH,LA,ASW,CE,Towers with Radar,0,16,6,0,22,0,9,23,1,33,0,25,29,1,55,24,0,24,79
08/19/2001,LCH,LA,ASW,CE,Towers with Radar,0,29,22,1,52,0,5,15,1,21,0,34,37,2,73,10,0,10,83
08/20/2001,LCH,LA,ASW,CE,Towers with Radar,0,21,17,13,51,0,11,20,3,34,0,32,37,16,85,6,8,14,99
08/21/2001,LCH,LA,ASW,CE,Towers with Radar,0,13,27,22,62,0,21,40,0,61,0,34,67,22,123,16,12,28,151
08/22/2001,LCH,LA,ASW,CE,Towers with Radar,0,15,11,27,53,0,21,25,0,46,0,36,36,27,99,32,30,62,161
08/23/2001,LCH,LA,ASW,CE,Towers with Radar,0,19,22,23,64,0,26,26,0,52,0,45,48,23,116,42,14,56,172
08/24/2001,LCH,LA,ASW,CE,Towers with Radar,0,25,16,7,48,0,23,39,0,62,0,48,55,7,110,34,6,40,150
08/25/2001,LCH,LA,ASW,CE,Towers with Radar,0,13,19,5,37,0,17,37,1,55,0,30,56,6,92,16,4,20,112
08/26/2001,LCH,LA,ASW,CE,Towers with Radar,0,10,20,2,32,0,20,10,1,31,0,30,30,3,63,6,4,10,73
08/27/2001,LCH,LA,ASW,CE,Towers with Radar,0,12,24,9,45,0,15,9,1,25,0,27,33,10,70,20,4,24,94
08/28/2001,LCH,LA,ASW,CE,Towers with Radar,0,12,23,0,35,0,5,9,0,14,0,17,32,0,49,20,0,20,69
08/29/2001,LCH,LA,ASW,CE,Towers with Radar,0,15,9,0,24,0,17,2,0,19,0,32,11,0,43,52,0,52,95
08/30/2001,LCH,LA,ASW,CE,Towers with Radar,0,12,11,1,24,0,5,16,0,21,0,17,27,1,45,106,2,108,153
08/31/2001,LCH,LA,ASW,CE,Towers with Radar,0,20,10,0,30,0,14,7,0,21,0,34,17,0,51,76,0,76,127
09/01/2001,LCH,LA,ASW,CE,Towers with Radar,0,3,5,0,8,0,9,7,0,16,0,12,12,0,24,10,0,10,34
09/02/2001,LCH,LA,ASW,CE,Towers with Radar,0,3,4,0,7,0,5,1,3,9,0,8,5,3,16,2,0,2,18
09/03/2001,LCH,LA,ASW,CE,Towers with Radar,0,7,9,3,19,0,18,14,0,32,0,25,23,3,51,16,0,16,67
09/04/2001,LCH,LA,ASW,CE,Towers with Radar,0,12,19,1,32,0,17,21,2,40,0,29,40,3,72,10,0,10,82
09/05/2001,LCH,LA,ASW,CE,Towers with Radar,0,18,12,6,36,0,18,14,1,33,0,36,26,7,69,20,4,24,93
09/06/2001,LCH,LA,ASW,CE,Towers with Radar,0,16,17,16,49,0,11,34,2,47,0,27,51,18,96,26,16,42,138
09/07/2001,LCH,LA,ASW,CE,Towers with Radar,0,17,5,8,30,0,18,16,1,35,0,35,21,9,65,36,4,40,105
09/08/2001,LCH,LA,ASW,CE,Towers with Radar,0,7,0,0,7,0,11,7,0,18,0,18,7,0,25,0,0,0,25
09/09/2001,LCH,LA,ASW,CE,Towers with Radar,0,7,8,8,23,0,5,8,1,14,0,12,16,9,37,4,0,4,41
09/10/2001,LCH,LA,ASW,CE,Towers with Radar,0,14,12,20,46,0,12,25,3,40,0,26,37,23,86,26,14,40,126
09/11/2001,LCH,LA,ASW,CE,Towers with Radar,0,4,5,0,9,0,9,7,0,16,0,13,12,0,25,0,0,0,25
09/12/2001,LCH,LA,ASW,CE,Towers with Radar,0,0,0,0,0,0,0,0,0,0,0,0,0,0,0,0,0,0,0
09/13/2001,LCH,LA,ASW,CE,Towers with Radar,0,0,0,0,0,0,9,0,0,9,0,9,0,0,9,0,0,0,9
09/14/2001,LCH,LA,ASW,CE,Towers with Radar,0,7,10,6,23,0,15,0,2,17,0,22,10,8,40,0,0,0,40
09/15/2001,LCH,LA,ASW,CE,Towers with Radar,0,14,15,0,29,0,12,6,0,18,0,26,21,0,47,0,0,0,47
09/16/2001,LCH,LA,ASW,CE,Towers with Radar,0,9,10,0,19,0,13,2,0,15,0,22,12,0,34,0,0,0,34
09/17/2001,LCH,LA,ASW,CE,Towers with Radar,0,17,17,20,54,0,5,0,1,6,0,22,17,21,60,0,0,0,60
09/18/2001,LCH,LA,ASW,CE,Towers with Radar,0,17,19,14,50,0,7,8,9,24,0,24,27,23,74,0,0,0,74
09/19/2001,LCH,LA,ASW,CE,Towers with Radar,0,13,7,12,32,0,10,10,1,21,0,23,17,13,53,0,26,26,79
09/20/2001,LCH,LA,ASW,CE,Towers with Radar,0,18,23,17,58,0,15,9,4,28,0,33,32,21,86,0,0,0,86
09/21/2001,LCH,LA,ASW,CE,Towers with Radar,0,13,25,22,60,0,19,10,1,30,0,32,35,23,90,14,4,18,108
09/22/2001,LCH,LA,ASW,CE,Towers with Radar,0,8,11,0,19,0,25,21,0,46,0,33,32,0,65,16,0,16,81
09/23/2001,LCH,LA,ASW,CE,Towers with Radar,0,9,6,0,15,0,14,0,0,14,0,23,6,0,29,2,0,2,31
09/24/2001,LCH,LA,ASW,CE,Towers with Radar,0,12,14,17,43,0,8,4,3,15,0,20,18,20,58,36,14,50,108
09/25/2001,LCH,LA,ASW,CE,Towers with Radar,0,9,7,8,24,0,23,21,1,45,0,32,28,9,69,6,8,14,83
09/26/2001,LCH,LA,ASW,CE,Towers with Radar,0,9,13,20,42,0,19,34,1,54,0,28,47,21,96,46,16,62,158
09/27/2001,LCH,LA,ASW,CE,Towers with Radar,0,23,19,69,111,0,26,35,1,62,0,49,54,70,173,38,32,70,243
09/28/2001,LCH,LA,ASW,CE,Towers with Radar,0,10,18,12,40,0,26,40,1,67,0,36,58,13,107,36,12,48,155
09/29/2001,LCH,LA,ASW,CE,Towers with Radar,0,10,19,0,29,0,11,40,0,51,0,21,59,0,80,28,0,28,108
09/30/2001,LCH,LA,ASW,CE,Towers with Radar,0,11,20,3,34,0,12,44,1,57,0,23,64,4,91,18,4,22,113
10/01/2001,LCH,LA,ASW,CE,Towers with Radar,0,11,8,0,19,0,7,23,0,30,0,18,31,0,49,8,0,8,57
10/02/2001,LCH,LA,ASW,CE,Towers with Radar,0,18,14,6,38,0,23,16,0,39,0,41,30,6,77,24,4,28,105
10/03/2001,LCH,LA,ASW,CE,Towers with Radar,0,18,14,3,35,0,16,23,0,39,0,34,37,3,74,10,2,12,86
10/04/2001,LCH,LA,ASW,CE,Towers with Radar,0,25,19,17,61,0,5,25,11,41,0,30,44,28,102,44,16,60,162
10/05/2001,LCH,LA,ASW,CE,Towers with Radar,0,24,16,15,55,0,34,17,0,51,0,58,33,15,106,4,8,12,118
10/06/2001,LCH,LA,ASW,CE,Towers with Radar,0,16,10,7,33,0,10,1,0,11,0,26,11,7,44,4,12,16,60
10/07/2001,LCH,LA,ASW,CE,Towers with Radar,0,14,10,5,29,0,17,5,0,22,0,31,15,5,51,8,4,12,63
10/08/2001,LCH,LA,ASW,CE,Towers with Radar,0,15,10,4,29,8,11,7,0,26,8,26,17,4,55,8,4,12,67
10/09/2001,LCH,LA,ASW,CE,Towers with Radar,0,18,13,0,31,0,14,26,0,40,0,32,39,0,71,6,0,6,77
10/10/2001,LCH,LA,ASW,CE,Towers with Radar,0,21,15,14,50,0,22,21,3,46,0,43,36,17,96,14,4,18,114
10/11/2001,LCH,LA,ASW,CE,Towers with Radar,0,24,17,9,50,0,26,20,0,46,0,50,37,9,96,4,16,20,116
10/12/2001,LCH,LA,ASW,CE,Towers with Radar,0,24,17,7,48,0,26,32,0,58,0,50,49,7,106,14,4,18,124
10/13/2001,LCH,LA,ASW,CE,Towers with Radar,0,29,19,17,65,0,10,25,5,40,0,39,44,22,105,6,32,38,143
10/14/2001,LCH,LA,ASW,CE,Towers with Radar,0,14,9,0,23,0,26,17,0,43,0,40,26,0,66,38,0,38,104
10/15/2001,LCH,LA,ASW,CE,Towers with Radar,0,16,10,6,32,0,11,19,0,30,0,27,29,6,62,8,4,12,74
10/16/2001,LCH,LA,ASW,CE,Towers with Radar,0,24,16,14,54,1,14,9,8,32,1,38,25,22,86,12,16,28,114
10/17/2001,LCH,LA,ASW,CE,Towers with Radar,0,28,18,16,62,0,24,16,26,66,0,52,34,42,128,18,22,40,168
10/18/2001,LCH,LA,ASW,CE,Towers with Radar,0,25,16,0,41,0,34,41,0,75,0,59,57,0,116,56,0,56,172
10/19/2001,LCH,LA,ASW,CE,Towers with Radar,0,35,23,20,78,0,21,27,27,75,0,56,50,47,153,14,42,56,209
10/20/2001,LCH,LA,ASW,CE,Towers with Radar,0,31,20,13,64,0,7,32,0,39,0,38,52,13,103,4,14,18,121
10/21/2001,LCH,LA,ASW,CE,Towers with Radar,0,31,21,6,58,0,4,15,0,19,0,35,36,6,77,11,4,15,92
10/22/2001,LCH,LA,ASW,CE,Towers with Radar,0,22,15,0,37,0,19,7,0,26,0,41,22,0,63,12,0,12,75
10/23/2001,LCH,LA,ASW,CE,Towers with Radar,0,27,18,14,59,0,17,1,6,24,0,44,19,20,83,18,16,34,117
10/24/2001,LCH,LA,ASW,CE,Towers with Radar,0,37,25,21,83,0,18,12,3,33,0,55,37,24,116,26,12,38,154
10/25/2001,LCH,LA,ASW,CE,Towers with Radar,0,24,16,14,54,0,16,20,6,42,0,40,36,20,96,22,20,42,138
10/26/2001,LCH,LA,ASW,CE,Towers with Radar,0,31,21,17,69,0,19,17,18,54,0,50,38,35,123,14,32,46,169
10/27/2001,LCH,LA,ASW,CE,Towers with Radar,0,27,19,8,54,0,17,22,0,39,0,44,41,8,93,8,8,16,109
10/28/2001,LCH,LA,ASW,CE,Towers with Radar,0,13,9,0,22,0,27,33,0,60,0,40,42,0,82,18,8,26,108
10/29/2001,LCH,LA,ASW,CE,Towers with Radar,0,17,12,8,37,0,32,21,0,53,0,49,33,8,90,8,2,10,100
10/30/2001,LCH,LA,ASW,CE,Towers with Radar,0,23,16,14,53,0,6,27,18,51,0,29,43,32,104,44,22,66,170
10/31/2001,LCH,LA,ASW,CE,Towers with Radar,0,31,22,19,72,0,23,16,16,55,0,54,38,35,127,32,20,52,179
11/01/2001,LCH,LA,ASW,CE,Towers with Radar,0,13,17,10,40,0,34,20,18,72,0,47,37,28,112,52,12,64,176
11/02/2001,LCH,LA,ASW,CE,Towers with Radar,0,20,33,27,80,0,12,11,0,23,0,32,44,27,103,54,20,74,177
11/03/2001,LCH,LA,ASW,CE,Towers with Radar,0,10,15,1,26,0,4,15,1,20,0,14,30,2,46,80,2,82,128
11/04/2001,LCH,LA,ASW,CE,Towers with Radar,0,15,19,1,35,0,13,18,3,34,0,28,37,4,69,38,2,40,109
11/05/2001,LCH,LA,ASW,CE,Towers with Radar,0,23,18,10,51,0,13,33,1,47,0,36,51,11,98,10,10,20,118
11/06/2001,LCH,LA,ASW,CE,Towers with Radar,0,24,33,18,75,0,0,24,13,37,0,24,57,31,112,17,18,35,147
11/07/2001,LCH,LA,ASW,CE,Towers with Radar,0,15,17,19,51,0,23,13,1,37,0,38,30,20,88,28,8,36,124
11/08/2001,LCH,LA,ASW,CE,Towers with Radar,0,15,29,13,57,0,16,15,1,32,0,31,44,14,89,10,12,22,111
11/09/2001,LCH,LA,ASW,CE,Towers with Radar,0,19,25,9,53,0,18,24,2,44,0,37,49,11,97,48,14,62,159
11/10/2001,LCH,LA,ASW,CE,Towers with Radar,0,11,15,7,33,0,13,23,0,36,0,24,38,7,69,40,8,48,117
11/11/2001,LCH,LA,ASW,CE,Towers with Radar,0,12,27,0,39,0,0,32,2,34,0,12,59,2,73,36,0,36,109
11/12/2001,LCH,LA,ASW,CE,Towers with Radar,0,18,25,9,52,0,10,11,2,23,0,28,36,11,75,66,6,72,147
11/13/2001,LCH,LA,ASW,CE,Towers with Radar,0,21,32,33,86,0,14,15,1,30,0,35,47,34,116,36,12,48,164
11/14/2001,LCH,LA,ASW,CE,Towers with Radar,0,24,23,17,64,0,21,16,0,37,0,45,39,17,101,22,6,28,129
11/15/2001,LCH,LA,ASW,CE,Towers with Radar,0,18,12,33,63,0,17,21,0,38,0,35,33,33,101,46,20,66,167
11/16/2001,LCH,LA,ASW,CE,Towers with Radar,0,20,24,21,65,0,20,21,0,41,0,40,45,21,106,16,14,30,136
11/17/2001,LCH,LA,ASW,CE,Towers with Radar,0,13,19,3,35,0,10,33,5,48,0,23,52,8,83,42,14,56,139
11/18/2001,LCH,LA,ASW,CE,Towers with Radar,0,15,9,11,35,0,9,20,0,29,0,24,29,11,64,18,6,24,88
11/19/2001,LCH,LA,ASW,CE,Towers with Radar,0,18,19,12,49,0,8,5,12,25,0,26,24,24,74,30,24,54,128
11/20/2001,LCH,LA,ASW,CE,Towers with Radar,0,15,16,9,40,0,18,16,0,34,0,33,32,9,74,23,10,33,107
11/21/2001,LCH,LA,ASW,CE,Towers with Radar,0,17,18,3,38,0,13,32,0,45,0,30,50,3,83,40,4,44,127
11/22/2001,LCH,LA,ASW,CE,Towers with Radar,0,7,10,0,17,0,7,5,0,12,0,14,15,0,29,4,0,4,33
11/23/2001,LCH,LA,ASW,CE,Towers with Radar,0,16,37,2,55,0,14,12,0,26,0,30,49,2,81,36,0,36,117
11/24/2001,LCH,LA,ASW,CE,Towers with Radar,0,8,12,1,21,0,5,12,1,18,0,13,24,2,39,24,0,24,63
11/25/2001,LCH,LA,ASW,CE,Towers with Radar,0,10,12,0,22,0,11,24,0,35,0,21,36,0,57,0,10,10,67
11/26/2001,LCH,LA,ASW,CE,Towers with Radar,0,15,18,3,36,0,14,0,0,14,0,29,18,3,50,2,0,2,52
11/27/2001,LCH,LA,ASW,CE,Towers with Radar,0,8,6,0,14,0,7,0,0,7,0,15,6,0,21,6,0,6,27
11/28/2001,LCH,LA,ASW,CE,Towers with Radar,0,9,10,0,19,0,11,2,0,13,0,20,12,0,32,0,0,0,32
11/29/2001,LCH,LA,ASW,CE,Towers with Radar,0,12,13,3,28,0,18,0,0,18,0,30,13,3,46,12,0,12,58
11/30/2001,LCH,LA,ASW,CE,Towers with Radar,0,18,14,30,62,0,21,24,2,47,0,39,38,32,109,50,32,82,191
12/01/2001,LCH,LA,ASW,CE,Towers with Radar,0,14,8,1,23,0,11,33,3,47,0,25,41,4,70,34,0,34,104
12/02/2001,LCH,LA,ASW,CE,Towers with Radar,0,14,13,5,32,0,9,6,0,15,0,23,19,5,47,12,4,16,63
12/03/2001,LCH,LA,ASW,CE,Towers with Radar,0,14,10,24,48,0,13,10,1,24,0,27,20,25,72,30,18,48,120
12/04/2001,LCH,LA,ASW,CE,Towers with Radar,0,19,18,14,51,0,23,9,4,36,0,42,27,18,87,28,14,42,129
12/05/2001,LCH,LA,ASW,CE,Towers with Radar,0,22,20,18,60,0,0,0,12,12,0,22,20,30,72,52,16,68,140
12/06/2001,LCH,LA,ASW,CE,Towers with Radar,0,17,22,12,51,0,3,4,0,7,0,20,26,12,58,6,8,14,72
12/07/2001,LCH,LA,ASW,CE,Towers with Radar,0,15,15,4,34,0,17,5,0,22,0,32,20,4,56,32,10,42,98
12/08/2001,LCH,LA,ASW,CE,Towers with Radar,0,7,11,0,18,0,9,0,0,9,0,16,11,0,27,4,0,4,31
12/09/2001,LCH,LA,ASW,CE,Towers with Radar,0,13,14,3,30,0,0,36,0,36,0,13,50,3,66,16,2,18,84
12/10/2001,LCH,LA,ASW,CE,Towers with Radar,0,21,18,14,53,0,13,23,13,49,0,34,41,27,102,30,14,44,146
12/11/2001,LCH,LA,ASW,CE,Towers with Radar,0,14,20,3,37,0,12,4,0,16,0,26,24,3,53,4,0,4,57
12/12/2001,LCH,LA,ASW,CE,Towers with Radar,0,14,5,5,24,0,3,0,0,3,0,17,5,5,27,0,0,0,27
12/13/2001,LCH,LA,ASW,CE,Towers with Radar,0,13,17,3,33,0,12,0,0,12,0,25,17,3,45,0,0,0,45
12/14/2001,LCH,LA,ASW,CE,Towers with Radar,0,16,17,25,58,0,20,20,4,44,0,36,37,29,102,26,18,44,146
12/15/2001,LCH,LA,ASW,CE,Towers with Radar,0,14,13,4,31,0,6,16,0,22,0,20,29,4,53,44,2,46,99
12/16/2001,LCH,LA,ASW,CE,Towers with Radar,0,12,16,0,28,0,13,0,0,13,0,25,16,0,41,52,0,52,93
12/17/2001,LCH,LA,ASW,CE,Towers with Radar,0,16,10,31,57,0,15,7,0,22,0,31,17,31,79,14,24,38,117
12/18/2001,LCH,LA,ASW,CE,Towers with Radar,0,15,13,39,67,0,25,17,3,45,0,40,30,42,112,18,26,44,156
12/19/2001,LCH,LA,ASW,CE,Towers with Radar,0,14,18,23,55,0,11,19,1,31,0,25,37,24,86,32,12,44,130
12/20/2001,LCH,LA,ASW,CE,Towers with Radar,0,24,15,19,58,0,24,19,0,43,0,48,34,19,101,26,4,30,131
12/21/2001,LCH,LA,ASW,CE,Towers with Radar,0,12,14,47,73,0,19,35,0,54,0,31,49,47,127,4,24,28,155
12/22/2001,LCH,LA,ASW,CE,Towers with Radar,0,9,8,0,17,0,15,9,0,24,0,24,17,0,41,26,0,26,67
12/23/2001,LCH,LA,ASW,CE,Towers with Radar,0,19,15,0,34,0,4,28,0,32,0,23,43,0,66,6,0,6,72
12/24/2001,LCH,LA,ASW,CE,Towers with Radar,0,11,5,0,16,0,7,37,0,44,0,18,42,0,60,12,0,12,72
12/25/2001,LCH,LA,ASW,CE,Towers with Radar,0,8,1,0,9,0,3,8,0,11,0,11,9,0,20,16,0,16,36
12/26/2001,LCH,LA,ASW,CE,Towers with Radar,0,14,7,2,23,0,14,14,0,28,0,28,21,2,51,8,8,16,67
12/27/2001,LCH,LA,ASW,CE,Towers with Radar,0,14,14,16,44,0,16,13,0,29,0,30,27,16,73,12,14,26,99
12/28/2001,LCH,LA,ASW,CE,Towers with Radar,0,11,11,11,33,0,13,23,0,36,0,24,34,11,69,8,6,14,83
12/29/2001,LCH,LA,ASW,CE,Towers with Radar,0,10,10,0,20,0,7,9,0,16,0,17,19,0,36,34,0,34,70
12/30/2001,LCH,LA,ASW,CE,Towers with Radar,0,20,4,1,25,0,9,14,6,29,0,29,18,7,54,18,2,20,74
12/31/2001,LCH,LA,ASW,CE,Towers with Radar,0,10,7,0,17,0,6,9,2,17,0,16,16,2,34,18,0,18,52
01/01/2002,LCH,LA,ASW,CE,Towers with Radar,0,7,5,0,12,0,2,5,0,7,0,9,10,0,19,0,0,0,19
01/02/2002,LCH,LA,ASW,CE,Towers with Radar,0,19,5,12,36,0,21,8,1,30,0,40,13,13,66,62,8,70,136
01/03/2002,LCH,LA,ASW,CE,Towers with Radar,0,14,14,23,51,0,21,0,1,22,0,35,14,24,73,40,14,54,127
01/04/2002,LCH,LA,ASW,CE,Towers with Radar,0,18,15,5,38,0,21,10,1,32,0,39,25,6,70,16,10,26,96
01/05/2002,LCH,LA,ASW,CE,Towers with Radar,0,9,12,0,21,0,1,1,0,2,0,10,13,0,23,0,0,0,23
01/06/2002,LCH,LA,ASW,CE,Towers with Radar,0,23,7,1,31,0,14,14,3,31,0,37,21,4,62,16,2,18,80
01/07/2002,LCH,LA,ASW,CE,Towers with Radar,0,25,15,4,44,0,17,13,3,33,0,42,28,7,77,16,0,16,93
01/08/2002,LCH,LA,ASW,CE,Towers with Radar,0,11,9,25,45,0,16,15,1,32,0,27,24,26,77,14,12,26,103
01/09/2002,LCH,LA,ASW,CE,Towers with Radar,0,18,11,24,53,0,20,23,3,46,0,38,34,27,99,22,8,30,129
01/10/2002,LCH,LA,ASW,CE,Towers with Radar,0,17,28,25,70,0,18,22,1,41,0,35,50,26,111,12,14,26,137
01/11/2002,LCH,LA,ASW,CE,Towers with Radar,0,19,26,20,65,0,10,4,1,15,0,29,30,21,80,44,1,45,125
01/12/2002,LCH,LA,ASW,CE,Towers with Radar,0,14,15,8,37,0,6,31,0,37,0,20,46,8,74,48,6,54,128
01/13/2002,LCH,LA,ASW,CE,Towers with Radar,0,16,17,11,44,0,16,29,4,49,0,32,46,15,93,20,14,34,127
01/14/2002,LCH,LA,ASW,CE,Towers with Radar,0,20,32,14,66,0,25,15,1,41,0,45,47,15,107,46,0,46,153
01/15/2002,LCH,LA,ASW,CE,Towers with Radar,0,15,16,46,77,0,32,9,1,42,0,47,25,47,119,46,36,82,201
01/16/2002,LCH,LA,ASW,CE,Towers with Radar,0,12,18,19,49,0,34,16,1,51,0,46,34,20,100,48,14,62,162
01/17/2002,LCH,LA,ASW,CE,Towers with Radar,0,26,27,19,72,0,20,13,3,36,0,46,40,22,108,50,14,64,172
01/18/2002,LCH,LA,ASW,CE,Towers with Radar,0,16,8,33,57,0,6,4,1,11,0,22,12,34,68,20,14,34,102
01/19/2002,LCH,LA,ASW,CE,Towers with Radar,0,6,8,0,14,0,7,13,0,20,0,13,21,0,34,6,0,6,40
01/20/2002,LCH,LA,ASW,CE,Towers with Radar,0,9,18,3,30,0,11,16,3,30,0,20,34,6,60,14,2,16,76
01/21/2002,LCH,LA,ASW,CE,Towers with Radar,0,11,15,4,30,0,15,17,0,32,0,26,32,4,62,4,2,6,68
01/22/2002,LCH,LA,ASW,CE,Towers with Radar,0,9,7,3,19,0,3,0,0,3,0,12,7,3,22,0,0,0,22
01/23/2002,LCH,LA,ASW,CE,Towers with Radar,0,15,15,4,34,0,8,0,0,8,0,23,15,4,42,12,4,16,58
01/24/2002,LCH,LA,ASW,CE,Towers with Radar,0,19,13,6,38,0,3,0,0,3,0,22,13,6,41,0,2,2,43
01/25/2002,LCH,LA,ASW,CE,Towers with Radar,0,13,12,25,50,0,14,18,2,34,0,27,30,27,84,32,26,58,142
01/26/2002,LCH,LA,ASW,CE,Towers with Radar,0,9,18,0,27,0,12,21,2,35,0,21,39,2,62,2,26,28,90
01/27/2002,LCH,LA,ASW,CE,Towers with Radar,0,8,34,0,42,0,11,35,2,48,0,19,69,2,90,48,0,48,138
01/28/2002,LCH,LA,ASW,CE,Towers with Radar,0,21,23,3,47,0,5,2,0,7,0,26,25,3,54,2,4,6,60
01/29/2002,LCH,LA,ASW,CE,Towers with Radar,0,18,20,4,42,0,7,5,0,12,0,25,25,4,54,8,4,12,66
01/30/2002,LCH,LA,ASW,CE,Towers with Radar,0,13,17,11,41,0,10,7,0,17,0,23,24,11,58,0,4,4,62
01/31/2002,LCH,LA,ASW,CE,Towers with Radar,0,15,11,6,32,0,14,4,0,18,0,29,15,6,50,4,6,10,60
02/01/2002,LCH,LA,ASW,CE,Towers with Radar,0,10,13,10,33,0,13,7,0,20,0,23,20,10,53,4,4,8,61
02/02/2002,LCH,LA,ASW,CE,Towers with Radar,0,7,19,1,27,0,12,30,0,42,0,19,49,1,69,14,0,14,83
02/03/2002,LCH,LA,ASW,CE,Towers with Radar,0,7,10,0,17,0,23,18,0,41,0,30,28,0,58,26,0,26,84
02/04/2002,LCH,LA,ASW,CE,Towers with Radar,0,12,10,14,36,0,10,3,1,14,0,22,13,15,50,8,4,12,62
02/05/2002,LCH,LA,ASW,CE,Towers with Radar,0,10,10,8,28,0,3,4,0,7,0,13,14,8,35,20,0,20,55
02/06/2002,LCH,LA,ASW,CE,Towers with Radar,0,13,9,0,22,0,14,0,0,14,0,27,9,0,36,0,0,0,36
02/07/2002,LCH,LA,ASW,CE,Towers with Radar,0,13,10,31,54,0,16,12,1,29,0,29,22,32,83,14,36,50,133
02/08/2002,LCH,LA,ASW,CE,Towers with Radar,0,13,24,10,47,0,29,27,1,57,0,42,51,11,104,32,14,46,150
02/09/2002,LCH,LA,ASW,CE,Towers with Radar,0,14,3,0,17,0,13,25,0,38,0,27,28,0,55,16,0,16,71
02/10/2002,LCH,LA,ASW,CE,Towers with Radar,0,18,8,21,47,0,13,17,0,30,0,31,25,21,77,8,14,22,99
02/11/2002,LCH,LA,ASW,CE,Towers with Radar,0,14,33,11,58,0,18,19,0,37,0,32,52,11,95,20,0,20,115
02/12/2002,LCH,LA,ASW,CE,Towers with Radar,0,37,8,24,69,0,22,16,0,38,0,59,24,24,107,38,22,60,167
02/13/2002,LCH,LA,ASW,CE,Towers with Radar,0,22,15,6,43,0,15,16,0,31,0,37,31,6,74,58,24,82,156
02/14/2002,LCH,LA,ASW,CE,Towers with Radar,0,13,14,12,39,0,19,15,0,34,0,32,29,12,73,68,20,88,161
02/15/2002,LCH,LA,ASW,CE,Towers with Radar,0,14,24,22,60,0,17,22,0,39,0,31,46,22,99,56,18,74,173
02/16/2002,LCH,LA,ASW,CE,Towers with Radar,0,10,8,0,18,0,9,26,4,39,0,19,34,4,57,22,0,22,79
02/17/2002,LCH,LA,ASW,CE,Towers with Radar,0,10,7,9,26,0,10,21,2,33,0,20,28,11,59,22,6,28,87
02/18/2002,LCH,LA,ASW,CE,Towers with Radar,0,12,6,5,23,0,8,12,0,20,0,20,18,5,43,4,6,10,53
02/19/2002,LCH,LA,ASW,CE,Towers with Radar,0,16,9,0,25,0,21,1,0,22,0,37,10,0,47,10,6,16,63
02/20/2002,LCH,LA,ASW,CE,Towers with Radar,0,17,8,52,77,0,15,22,0,37,0,32,30,52,114,34,66,100,214
02/21/2002,LCH,LA,ASW,CE,Towers with Radar,0,17,21,37,75,0,8,24,0,32,0,25,45,37,107,24,38,62,169
02/22/2002,LCH,LA,ASW,CE,Towers with Radar,0,21,27,34,82,0,0,8,15,23,0,21,35,49,105,16,38,54,159
02/23/2002,LCH,LA,ASW,CE,Towers with Radar,0,8,4,0,12,0,6,29,0,35,0,14,33,0,47,38,0,38,85
02/24/2002,LCH,LA,ASW,CE,Towers with Radar,0,16,7,10,33,0,10,21,0,31,0,26,28,10,64,12,6,18,82
02/25/2002,LCH,LA,ASW,CE,Towers with Radar,0,15,16,7,38,0,15,10,0,25,0,30,26,7,63,26,4,30,93
02/26/2002,LCH,LA,ASW,CE,Towers with Radar,0,13,7,18,38,0,9,6,0,15,0,22,13,18,53,16,22,38,91
02/27/2002,LCH,LA,ASW,CE,Towers with Radar,0,19,16,21,56,0,18,30,16,64,0,37,46,37,120,56,12,68,188
02/28/2002,LCH,LA,ASW,CE,Towers with Radar,0,20,14,45,79,0,22,30,1,53,0,42,44,46,132,12,24,36,168
03/01/2002,LCH,LA,ASW,CE,Towers with Radar,0,7,3,0,10,0,1,0,0,1,0,8,3,0,11,0,0,0,11
03/02/2002,LCH,LA,ASW,CE,Towers with Radar,0,7,5,0,12,0,5,0,0,5,0,12,5,0,17,2,0,2,19
03/03/2002,LCH,LA,ASW,CE,Towers with Radar,0,18,4,0,22,0,10,15,2,27,0,28,19,2,49,10,0,10,59
03/04/2002,LCH,LA,ASW,CE,Towers with Radar,0,22,14,28,64,0,11,19,0,30,0,33,33,28,94,38,26,64,158
03/05/2002,LCH,LA,ASW,CE,Towers with Radar,0,16,27,18,61,0,20,30,0,50,0,36,57,18,111,38,12,50,161
03/06/2002,LCH,LA,ASW,CE,Towers with Radar,0,17,7,16,40,0,23,12,0,35,0,40,19,16,75,18,4,22,97
03/07/2002,LCH,LA,ASW,CE,Towers with Radar,0,16,7,20,43,0,28,24,0,52,0,44,31,20,95,24,14,38,133
03/08/2002,LCH,LA,ASW,CE,Towers with Radar,0,13,2,23,38,0,6,8,0,14,0,19,10,23,52,0,18,18,70
03/09/2002,LCH,LA,ASW,CE,Towers with Radar,0,13,6,2,21,0,15,9,0,24,0,28,15,2,45,18,0,18,63
03/10/2002,LCH,LA,ASW,CE,Towers with Radar,0,18,14,3,35,0,11,17,0,28,0,29,31,3,63,38,2,40,103
03/11/2002,LCH,LA,ASW,CE,Towers with Radar,0,12,7,4,23,0,18,7,0,25,0,30,14,4,48,28,4,32,80
03/12/2002,LCH,LA,ASW,CE,Towers with Radar,2,15,10,7,34,0,8,13,0,21,2,23,23,7,55,24,0,24,79
03/13/2002,LCH,LA,ASW,CE,Towers with Radar,0,13,16,14,43,0,13,10,0,23,0,26,26,14,66,24,12,36,102
03/14/2002,LCH,LA,ASW,CE,Towers with Radar,0,18,15,23,56,0,0,12,9,21,0,18,27,32,77,4,16,20,97
03/15/2002,LCH,LA,ASW,CE,Towers with Radar,0,15,14,16,45,0,4,4,1,9,0,19,18,17,54,4,16,20,74
03/16/2002,LCH,LA,ASW,CE,Towers with Radar,0,21,15,3,39,0,8,5,0,13,0,29,20,3,52,54,0,54,106
03/17/2002,LCH,LA,ASW,CE,Towers with Radar,0,12,10,2,24,0,3,1,0,4,0,15,11,2,28,10,2,12,40
03/18/2002,LCH,LA,ASW,CE,Towers with Radar,0,14,21,3,38,0,12,0,0,12,0,26,21,3,50,20,14,34,84
03/19/2002,LCH,LA,ASW,CE,Towers with Radar,0,19,9,17,45,0,9,11,0,20,0,28,20,17,65,18,12,30,95
03/20/2002,LCH,LA,ASW,CE,Towers with Radar,0,16,21,10,47,0,16,2,0,18,0,32,23,10,65,8,6,14,79
03/21/2002,LCH,LA,ASW,CE,Towers with Radar,0,16,28,61,105,0,30,15,1,46,0,46,43,62,151,60,46,106,257
03/22/2002,LCH,LA,ASW,CE,Towers with Radar,0,12,19,27,58,0,17,38,3,58,0,29,57,30,116,40,22,62,178
03/23/2002,LCH,LA,ASW,CE,Towers with Radar,0,11,20,11,42,0,12,31,0,43,0,23,51,11,85,26,10,36,121
03/24/2002,LCH,LA,ASW,CE,Towers with Radar,0,11,11,7,29,0,10,9,0,19,0,21,20,7,48,26,4,30,78
03/25/2002,LCH,LA,ASW,CE,Towers with Radar,0,18,11,20,49,0,16,10,0,26,0,34,21,20,75,22,4,26,101
03/26/2002,LCH,LA,ASW,CE,Towers with Radar,0,19,30,5,54,0,15,17,2,34,0,34,47,7,88,24,0,24,112
03/27/2002,LCH,LA,ASW,CE,Towers with Radar,0,11,11,13,35,0,18,35,0,53,0,29,46,13,88,28,16,44,132
03/28/2002,LCH,LA,ASW,CE,Towers with Radar,0,22,19,17,58,0,15,21,21,57,0,37,40,38,115,6,36,42,157
03/29/2002,LCH,LA,ASW,CE,Towers with Radar,0,21,7,15,43,0,8,0,0,8,0,29,7,15,51,6,8,14,65
03/30/2002,LCH,LA,ASW,CE,Towers with Radar,0,22,5,0,27,0,7,1,0,8,0,29,6,0,35,18,0,18,53
03/31/2002,LCH,LA,ASW,CE,Towers with Radar,0,9,17,0,26,0,3,15,0,18,0,12,32,0,44,10,0,10,54
04/01/2002,LCH,LA,ASW,CE,Towers with Radar,0,23,28,35,86,0,15,5,0,20,0,38,33,35,106,22,12,34,140
04/02/2002,LCH,LA,ASW,CE,Towers with Radar,0,20,11,11,42,0,9,5,0,14,0,29,16,11,56,58,20,78,134
04/03/2002,LCH,LA,ASW,CE,Towers with Radar,0,16,20,11,47,0,4,20,0,24,0,20,40,11,71,62,24,86,157
04/04/2002,LCH,LA,ASW,CE,Towers with Radar,0,13,20,17,50,0,14,16,0,30,0,27,36,17,80,20,14,34,114
04/05/2002,LCH,LA,ASW,CE,Towers with Radar,0,14,17,10,41,0,19,32,1,52,0,33,49,11,93,36,4,40,133
04/06/2002,LCH,LA,ASW,CE,Towers with Radar,0,10,8,1,19,0,9,18,1,28,0,19,26,2,47,8,0,8,55
04/07/2002,LCH,LA,ASW,CE,Towers with Radar,0,8,10,0,18,0,8,7,0,15,0,16,17,0,33,2,0,2,35
04/08/2002,LCH,LA,ASW,CE,Towers with Radar,0,13,8,0,21,0,0,1,0,1,0,13,9,0,22,2,0,2,24
04/09/2002,LCH,LA,ASW,CE,Towers with Radar,0,12,17,4,33,0,16,19,0,35,0,28,36,4,68,0,2,2,70
04/10/2002,LCH,LA,ASW,CE,Towers with Radar,0,14,14,14,42,0,23,36,0,59,0,37,50,14,101,52,0,52,153
04/11/2002,LCH,LA,ASW,CE,Towers with Radar,0,12,19,1,32,0,15,23,0,38,0,27,42,1,70,6,0,6,76
04/12/2002,LCH,LA,ASW,CE,Towers with Radar,0,12,19,20,51,0,10,10,0,20,0,22,29,20,71,26,10,36,107
04/13/2002,LCH,LA,ASW,CE,Towers with Radar,0,12,15,11,38,0,5,16,19,40,0,17,31,30,78,18,10,28,106
04/14/2002,LCH,LA,ASW,CE,Towers with Radar,0,11,13,10,34,0,5,31,7,43,0,16,44,17,77,16,0,16,93
04/15/2002,LCH,LA,ASW,CE,Towers with Radar,0,28,15,5,48,0,23,14,2,39,0,51,29,7,87,42,0,42,129
04/16/2002,LCH,LA,ASW,CE,Towers with Radar,0,11,4,1,16,0,12,10,1,23,0,23,14,2,39,10,0,10,49
04/17/2002,LCH,LA,ASW,CE,Towers with Radar,0,14,16,12,42,0,17,19,0,36,0,31,35,12,78,20,8,28,106
04/18/2002,LCH,LA,ASW,CE,Towers with Radar,0,14,19,6,39,0,12,21,0,33,0,26,40,6,72,0,8,8,80
04/19/2002,LCH,LA,ASW,CE,Towers with Radar,0,18,22,16,56,0,16,16,11,43,0,34,38,27,99,14,24,38,137
04/20/2002,LCH,LA,ASW,CE,Towers with Radar,0,9,23,2,34,0,9,26,1,36,0,18,49,3,70,10,2,12,82
04/21/2002,LCH,LA,ASW,CE,Towers with Radar,0,8,19,2,29,0,11,8,0,19,0,19,27,2,48,4,0,4,52
04/22/2002,LCH,LA,ASW,CE,Towers with Radar,0,15,19,18,52,0,14,8,0,22,0,29,27,18,74,10,6,16,90
04/23/2002,LCH,LA,ASW,CE,Towers with Radar,0,14,19,22,55,0,22,22,0,44,0,36,41,22,99,10,10,20,119
04/24/2002,LCH,LA,ASW,CE,Towers with Radar,0,13,14,15,42,0,12,20,0,32,0,25,34,15,74,4,10,14,88
04/25/2002,LCH,LA,ASW,CE,Towers with Radar,0,12,16,16,44,0,15,9,0,24,0,27,25,16,68,18,2,20,88
04/26/2002,LCH,LA,ASW,CE,Towers with Radar,0,12,16,29,57,0,13,23,0,36,0,25,39,29,93,40,24,64,157
04/27/2002,LCH,LA,ASW,CE,Towers with Radar,0,9,19,9,37,0,13,8,1,22,0,22,27,10,59,8,10,18,77
04/28/2002,LCH,LA,ASW,CE,Towers with Radar,0,8,9,0,17,0,6,34,0,40,0,14,43,0,57,8,0,8,65
04/29/2002,LCH,LA,ASW,CE,Towers with Radar,0,18,8,4,30,0,13,22,0,35,0,31,30,4,65,12,4,16,81
04/30/2002,LCH,LA,ASW,CE,Towers with Radar,0,16,14,16,46,0,15,18,0,33,0,31,32,16,79,18,12,30,109
05/01/2002,LCH,LA,ASW,CE,Towers with Radar,0,11,10,14,35,0,15,17,0,32,0,26,27,14,67,20,24,44,111
05/02/2002,LCH,LA,ASW,CE,Towers with Radar,0,10,18,16,44,0,22,15,0,37,0,32,33,16,81,20,16,36,117
05/03/2002,LCH,LA,ASW,CE,Towers with Radar,0,13,20,24,57,0,8,23,0,31,0,21,43,24,88,32,16,48,136
05/04/2002,LCH,LA,ASW,CE,Towers with Radar,0,10,15,5,30,0,11,29,0,40,0,21,44,5,70,16,6,22,92
05/05/2002,LCH,LA,ASW,CE,Towers with Radar,0,14,20,2,36,0,11,19,3,33,0,25,39,5,69,12,14,26,95
05/06/2002,LCH,LA,ASW,CE,Towers with Radar,0,12,14,5,31,0,16,24,0,40,0,28,38,5,71,16,4,20,91
05/07/2002,LCH,LA,ASW,CE,Towers with Radar,0,12,14,16,42,0,20,17,1,38,0,32,31,17,80,6,10,16,96
05/08/2002,LCH,LA,ASW,CE,Towers with Radar,0,8,8,14,30,0,12,21,0,33,0,20,29,14,63,4,8,12,75
05/09/2002,LCH,LA,ASW,CE,Towers with Radar,0,10,14,48,72,0,17,34,0,51,0,27,48,48,123,22,20,42,165
05/10/2002,LCH,LA,ASW,CE,Towers with Radar,0,19,20,18,57,0,2,11,2,15,0,21,31,20,72,6,14,20,92
05/11/2002,LCH,LA,ASW,CE,Towers with Radar,0,10,19,2,31,0,3,27,0,30,0,13,46,2,61,56,2,58,119
05/12/2002,LCH,LA,ASW,CE,Towers with Radar,0,11,2,1,14,0,10,13,0,23,0,21,15,1,37,4,6,10,47
05/13/2002,LCH,LA,ASW,CE,Towers with Radar,0,12,10,0,22,0,9,15,1,25,0,21,25,1,47,4,4,8,55
05/14/2002,LCH,LA,ASW,CE,Towers with Radar,0,11,16,13,40,0,23,36,0,59,0,34,52,13,99,28,10,38,137
05/15/2002,LCH,LA,ASW,CE,Towers with Radar,0,10,23,16,49,0,7,24,0,31,0,17,47,16,80,28,4,32,112
05/16/2002,LCH,LA,ASW,CE,Towers with Radar,0,17,20,17,54,0,18,16,25,59,0,35,36,42,113,18,34,52,165
05/17/2002,LCH,LA,ASW,CE,Towers with Radar,0,8,11,0,19,0,4,3,0,7,0,12,14,0,26,0,0,0,26
05/18/2002,LCH,LA,ASW,CE,Towers with Radar,0,9,11,6,26,0,8,0,0,8,0,17,11,6,34,0,8,8,42
05/19/2002,LCH,LA,ASW,CE,Towers with Radar,0,10,13,3,26,0,27,25,0,52,0,37,38,3,78,22,4,26,104
05/20/2002,LCH,LA,ASW,CE,Towers with Radar,0,21,20,19,60,0,11,22,1,34,0,32,42,20,94,32,26,58,152
05/21/2002,LCH,LA,ASW,CE,Towers with Radar,0,12,18,5,35,0,16,25,0,41,0,28,43,5,76,22,6,28,104
05/22/2002,LCH,LA,ASW,CE,Towers with Radar,0,15,6,18,39,0,14,32,2,48,0,29,38,20,87,28,14,42,129
05/23/2002,LCH,LA,ASW,CE,Towers with Radar,0,15,18,14,47,0,17,33,0,50,0,32,51,14,97,14,12,26,123
05/24/2002,LCH,LA,ASW,CE,Towers with Radar,0,11,7,7,25,0,10,15,0,25,0,21,22,7,50,8,4,12,62
05/25/2002,LCH,LA,ASW,CE,Towers with Radar,0,7,9,0,16,0,6,17,0,23,0,13,26,0,39,12,0,12,51
05/26/2002,LCH,LA,ASW,CE,Towers with Radar,0,16,28,0,44,0,8,11,0,19,0,24,39,0,63,12,8,20,83
05/27/2002,LCH,LA,ASW,CE,Towers with Radar,0,14,10,8,32,0,10,46,0,56,0,24,56,8,88,22,6,28,116
05/28/2002,LCH,LA,ASW,CE,Towers with Radar,0,12,7,19,38,0,11,29,0,40,0,23,36,19,78,24,20,44,122
05/29/2002,LCH,LA,ASW,CE,Towers with Radar,0,10,21,6,37,0,24,26,0,50,0,34,47,6,87,16,6,22,109
05/30/2002,LCH,LA,ASW,CE,Towers with Radar,0,10,14,0,24,0,8,12,0,20,0,18,26,0,44,4,4,8,52
05/31/2002,LCH,LA,ASW,CE,Towers with Radar,0,12,21,20,53,0,7,23,0,30,0,19,44,20,83,4,12,16,99
06/01/2002,LCH,LA,ASW,CE,Towers with Radar,0,15,11,11,37,0,9,25,3,37,0,24,36,14,74,20,10,30,104
06/02/2002,LCH,LA,ASW,CE,Towers with Radar,0,17,23,8,48,0,12,21,3,36,0,29,44,11,84,26,4,30,114
06/03/2002,LCH,LA,ASW,CE,Towers with Radar,0,21,12,14,47,0,9,20,1,30,0,30,32,15,77,2,12,14,91
06/04/2002,LCH,LA,ASW,CE,Towers with Radar,0,12,12,35,59,0,11,29,1,41,0,23,41,36,100,58,26,84,184
06/05/2002,LCH,LA,ASW,CE,Towers with Radar,0,13,13,13,39,0,20,25,1,46,0,33,38,14,85,6,0,6,91
06/06/2002,LCH,LA,ASW,CE,Towers with Radar,0,10,19,37,66,0,12,24,3,39,0,22,43,40,105,32,26,58,163
06/07/2002,LCH,LA,ASW,CE,Towers with Radar,0,10,10,2,22,0,10,8,1,19,0,20,18,3,41,16,4,20,61
06/08/2002,LCH,LA,ASW,CE,Towers with Radar,0,17,9,10,36,0,11,20,1,32,0,28,29,11,68,14,8,22,90
06/09/2002,LCH,LA,ASW,CE,Towers with Radar,0,13,10,1,24,0,10,6,0,16,0,23,16,1,40,18,2,20,60
06/10/2002,LCH,LA,ASW,CE,Towers with Radar,0,16,19,0,35,0,9,9,2,20,0,25,28,2,55,0,0,0,55
06/11/2002,LCH,LA,ASW,CE,Towers with Radar,0,20,13,27,60,0,10,18,0,28,0,30,31,27,88,10,26,36,124
06/12/2002,LCH,LA,ASW,CE,Towers with Radar,0,10,23,35,68,0,30,14,1,45,0,40,37,36,113,18,34,52,165
06/13/2002,LCH,LA,ASW,CE,Towers with Radar,0,14,8,23,45,0,15,22,0,37,0,29,30,23,82,8,22,30,112
06/14/2002,LCH,LA,ASW,CE,Towers with Radar,0,11,8,18,37,0,17,18,0,35,0,28,26,18,72,0,10,10,82
06/15/2002,LCH,LA,ASW,CE,Towers with Radar,0,10,11,10,31,0,17,26,0,43,0,27,37,10,74,22,0,22,96
06/16/2002,LCH,LA,ASW,CE,Towers with Radar,0,37,10,0,47,0,12,11,0,23,0,49,21,0,70,14,0,14,84
06/17/2002,LCH,LA,ASW,CE,Towers with Radar,0,14,19,12,45,0,14,17,0,31,0,28,36,12,76,20,10,30,106
06/18/2002,LCH,LA,ASW,CE,Towers with Radar,0,14,12,24,50,0,12,32,0,44,0,26,44,24,94,16,16,32,126
06/19/2002,LCH,LA,ASW,CE,Towers with Radar,0,11,15,17,43,0,11,21,0,32,0,22,36,17,75,12,14,26,101
06/20/2002,LCH,LA,ASW,CE,Towers with Radar,0,11,13,8,32,0,25,14,0,39,0,36,27,8,71,22,6,28,99
06/21/2002,LCH,LA,ASW,CE,Towers with Radar,0,16,15,40,71,0,18,18,0,36,0,34,33,40,107,64,32,96,203
06/22/2002,LCH,LA,ASW,CE,Towers with Radar,0,17,8,3,28,0,12,16,1,29,0,29,24,4,57,38,0,38,95
06/23/2002,LCH,LA,ASW,CE,Towers with Radar,0,21,3,12,36,0,23,9,0,32,0,44,12,12,68,40,4,44,112
06/24/2002,LCH,LA,ASW,CE,Towers with Radar,0,10,12,3,25,0,5,15,0,20,0,15,27,3,45,28,0,28,73
06/25/2002,LCH,LA,ASW,CE,Towers with Radar,0,17,13,2,32,0,14,12,0,26,0,31,25,2,58,62,2,64,122
06/26/2002,LCH,LA,ASW,CE,Towers with Radar,0,11,9,0,20,0,19,4,0,23,0,30,13,0,43,6,0,6,49
06/27/2002,LCH,LA,ASW,CE,Towers with Radar,0,10,11,0,21,0,7,2,0,9,0,17,13,0,30,6,0,6,36
06/28/2002,LCH,LA,ASW,CE,Towers with Radar,0,19,10,0,29,0,10,0,0,10,0,29,10,0,39,12,0,12,51
06/29/2002,LCH,LA,ASW,CE,Towers with Radar,4,16,6,2,28,0,20,7,0,27,4,36,13,2,55,28,4,32,87
06/30/2002,LCH,LA,ASW,CE,Towers with Radar,0,13,7,0,20,0,6,4,0,10,0,19,11,0,30,20,0,20,50
07/01/2002,LCH,LA,ASW,CE,Towers with Radar,0,13,15,8,36,0,14,4,2,20,0,27,19,10,56,20,16,36,92
07/02/2002,LCH,LA,ASW,CE,Towers with Radar,0,13,10,7,30,0,12,28,3,43,0,25,38,10,73,30,8,38,111
07/03/2002,LCH,LA,ASW,CE,Towers with Radar,0,12,9,13,34,0,21,25,2,48,0,33,34,15,82,10,8,18,100
07/04/2002,LCH,LA,ASW,CE,Towers with Radar,0,12,1,0,13,0,3,32,1,36,0,15,33,1,49,14,0,14,63
07/05/2002,LCH,LA,ASW,CE,Towers with Radar,0,10,21,9,40,0,13,25,1,39,0,23,46,10,79,18,6,24,103
07/06/2002,LCH,LA,ASW,CE,Towers with Radar,0,10,6,0,16,0,4,16,0,20,0,14,22,0,36,22,0,22,58
07/07/2002,LCH,LA,ASW,CE,Towers with Radar,0,9,14,1,24,0,3,8,3,14,0,12,22,4,38,16,2,18,56
07/08/2002,LCH,LA,ASW,CE,Towers with Radar,0,12,12,17,41,0,15,16,9,40,0,27,28,26,81,32,8,40,121
07/09/2002,LCH,LA,ASW,CE,Towers with Radar,0,15,7,9,31,0,23,14,3,40,0,38,21,12,71,30,8,38,109
07/10/2002,LCH,LA,ASW,CE,Towers with Radar,0,13,14,21,48,0,32,22,3,57,0,45,36,24,105,24,12,36,141
07/11/2002,LCH,LA,ASW,CE,Towers with Radar,0,17,6,6,29,0,18,17,0,35,0,35,23,6,64,24,6,30,94
07/12/2002,LCH,LA,ASW,CE,Towers with Radar,0,18,10,8,36,0,25,21,0,46,0,43,31,8,82,20,4,24,106
07/13/2002,LCH,LA,ASW,CE,Towers with Radar,0,5,4,0,9,0,5,9,0,14,0,10,13,0,23,6,0,6,29
07/14/2002,LCH,LA,ASW,CE,Towers with Radar,0,6,9,0,15,0,15,11,0,26,0,21,20,0,41,20,2,22,63
07/15/2002,LCH,LA,ASW,CE,Towers with Radar,0,16,10,0,26,0,12,17,0,29,0,28,27,0,55,34,0,34,89
07/16/2002,LCH,LA,ASW,CE,Towers with Radar,0,10,8,0,18,0,14,23,0,37,0,24,31,0,55,18,0,18,73
07/17/2002,LCH,LA,ASW,CE,Towers with Radar,0,13,7,14,34,0,18,24,0,42,0,31,31,14,76,30,12,42,118
07/18/2002,LCH,LA,ASW,CE,Towers with Radar,0,10,9,9,28,0,21,31,0,52,0,31,40,9,80,8,10,18,98
07/19/2002,LCH,LA,ASW,CE,Towers with Radar,0,12,8,50,70,0,17,27,0,44,0,29,35,50,114,32,32,64,178
07/20/2002,LCH,LA,ASW,CE,Towers with Radar,0,14,11,10,35,0,13,20,0,33,0,27,31,10,68,40,4,44,112
07/21/2002,LCH,LA,ASW,CE,Towers with Radar,0,8,10,13,31,0,8,16,1,25,0,16,26,14,56,4,6,10,66
07/22/2002,LCH,LA,ASW,CE,Towers with Radar,2,14,10,16,42,0,10,10,2,22,2,24,20,18,64,4,14,18,82
07/23/2002,LCH,LA,ASW,CE,Towers with Radar,0,15,16,10,41,0,17,18,0,35,0,32,34,10,76,2,6,8,84
07/24/2002,LCH,LA,ASW,CE,Towers with Radar,0,9,17,10,36,0,12,10,1,23,0,21,27,11,59,30,8,38,97
07/25/2002,LCH,LA,ASW,CE,Towers with Radar,0,18,15,2,35,0,10,18,0,28,0,28,33,2,63,10,0,10,73
07/26/2002,LCH,LA,ASW,CE,Towers with Radar,0,11,10,13,34,0,9,9,2,20,0,20,19,15,54,0,12,12,66
07/27/2002,LCH,LA,ASW,CE,Towers with Radar,0,9,6,12,27,0,7,8,1,16,0,16,14,13,43,16,14,30,73
07/28/2002,LCH,LA,ASW,CE,Towers with Radar,0,9,12,13,34,0,10,15,1,26,0,19,27,14,60,12,12,24,84
07/29/2002,LCH,LA,ASW,CE,Towers with Radar,0,15,13,14,42,0,8,17,10,35,0,23,30,24,77,6,20,26,103
07/30/2002,LCH,LA,ASW,CE,Towers with Radar,0,10,11,14,35,0,6,18,1,25,0,16,29,15,60,24,20,44,104
07/31/2002,LCH,LA,ASW,CE,Towers with Radar,0,10,7,17,34,0,15,21,0,36,0,25,28,17,70,36,12,48,118
08/01/2002,LCH,LA,ASW,CE,Towers with Radar,0,13,12,14,39,0,8,27,2,37,0,21,39,16,76,8,8,16,92
08/02/2002,LCH,LA,ASW,CE,Towers with Radar,0,21,21,22,64,0,7,0,0,7,0,28,21,22,71,50,24,74,145
08/03/2002,LCH,LA,ASW,CE,Towers with Radar,0,13,7,6,26,0,14,22,2,38,0,27,29,8,64,34,8,42,106
08/04/2002,LCH,LA,ASW,CE,Towers with Radar,0,12,11,0,23,0,2,12,0,14,0,14,23,0,37,12,0,12,49
08/05/2002,LCH,LA,ASW,CE,Towers with Radar,0,8,8,21,37,0,34,19,4,57,0,42,27,25,94,12,16,28,122
08/06/2002,LCH,LA,ASW,CE,Towers with Radar,0,10,9,7,26,0,22,36,0,58,0,32,45,7,84,34,20,54,138
08/07/2002,LCH,LA,ASW,CE,Towers with Radar,0,12,11,6,29,0,8,7,0,15,0,20,18,6,44,0,6,6,50
08/08/2002,LCH,LA,ASW,CE,Towers with Radar,0,18,26,23,67,0,11,17,2,30,0,29,43,25,97,30,20,50,147
08/09/2002,LCH,LA,ASW,CE,Towers with Radar,0,20,8,27,55,0,14,15,2,31,0,34,23,29,86,16,26,42,128
08/10/2002,LCH,LA,ASW,CE,Towers with Radar,0,12,4,0,16,0,15,20,2,37,0,27,24,2,53,8,2,10,63
08/11/2002,LCH,LA,ASW,CE,Towers with Radar,0,9,4,18,31,0,14,9,3,26,0,23,13,21,57,20,12,32,89
08/12/2002,LCH,LA,ASW,CE,Towers with Radar,0,9,9,2,20,0,12,21,0,33,0,21,30,2,53,12,4,16,69
08/13/2002,LCH,LA,ASW,CE,Towers with Radar,0,9,9,0,18,0,28,20,0,48,0,37,29,0,66,24,0,24,90
08/14/2002,LCH,LA,ASW,CE,Towers with Radar,0,11,15,12,38,0,12,11,1,24,0,23,26,13,62,4,12,16,78
08/15/2002,LCH,LA,ASW,CE,Towers with Radar,0,8,8,0,16,0,0,6,0,6,0,8,14,0,22,8,0,8,30
08/16/2002,LCH,LA,ASW,CE,Towers with Radar,0,13,12,2,27,0,12,11,1,24,0,25,23,3,51,4,0,4,55
08/17/2002,LCH,LA,ASW,CE,Towers with Radar,0,11,13,12,36,0,15,7,1,23,0,26,20,13,59,18,14,32,91
08/18/2002,LCH,LA,ASW,CE,Towers with Radar,0,14,9,2,25,0,22,19,1,42,0,36,28,3,67,14,0,14,81
08/19/2002,LCH,LA,ASW,CE,Towers with Radar,0,12,13,3,28,0,11,21,1,33,0,23,34,4,61,16,4,20,81
08/20/2002,LCH,LA,ASW,CE,Towers with Radar,0,11,7,5,23,0,18,7,1,26,0,29,14,6,49,28,2,30,79
08/21/2002,LCH,LA,ASW,CE,Towers with Radar,0,11,11,8,30,0,17,25,1,43,0,28,36,9,73,22,8,30,103
08/22/2002,LCH,LA,ASW,CE,Towers with Radar,0,19,19,7,45,0,13,18,1,32,0,32,37,8,77,52,8,60,137
08/23/2002,LCH,LA,ASW,CE,Towers with Radar,0,12,6,21,39,0,13,18,1,32,0,25,24,22,71,18,14,32,103
08/24/2002,LCH,LA,ASW,CE,Towers with Radar,0,9,19,1,29,0,10,18,3,31,0,19,37,4,60,24,2,26,86
08/25/2002,LCH,LA,ASW,CE,Towers with Radar,0,10,11,0,21,0,8,24,0,32,0,18,35,0,53,22,0,22,75
08/26/2002,LCH,LA,ASW,CE,Towers with Radar,0,11,14,30,55,0,20,15,1,36,0,31,29,31,91,16,36,52,143
08/27/2002,LCH,LA,ASW,CE,Towers with Radar,0,11,11,9,31,0,23,6,9,38,0,34,17,18,69,14,18,32,101
08/28/2002,LCH,LA,ASW,CE,Towers with Radar,0,12,12,43,67,0,12,29,2,43,0,24,41,45,110,6,40,46,156
08/29/2002,LCH,LA,ASW,CE,Towers with Radar,0,11,13,19,43,0,26,30,2,58,0,37,43,21,101,32,14,46,147
08/30/2002,LCH,LA,ASW,CE,Towers with Radar,0,11,2,34,47,0,17,23,1,41,0,28,25,35,88,34,32,66,154
08/31/2002,LCH,LA,ASW,CE,Towers with Radar,0,9,9,3,21,0,18,15,0,33,0,27,24,3,54,28,0,28,82
09/01/2002,LCH,LA,ASW,CE,Towers with Radar,0,8,6,6,20,0,17,16,0,33,0,25,22,6,53,6,6,12,65
09/02/2002,LCH,LA,ASW,CE,Towers with Radar,0,8,3,0,11,0,7,25,2,34,0,15,28,2,45,26,0,26,71
09/03/2002,LCH,LA,ASW,CE,Towers with Radar,0,8,12,21,41,0,11,16,2,29,0,19,28,23,70,30,10,40,110
09/04/2002,LCH,LA,ASW,CE,Towers with Radar,0,6,7,0,13,0,8,4,0,12,0,14,11,0,25,0,0,0,25
09/05/2002,LCH,LA,ASW,CE,Towers with Radar,0,10,13,6,29,0,9,8,0,17,0,19,21,6,46,0,6,6,52
09/06/2002,LCH,LA,ASW,CE,Towers with Radar,0,7,5,2,14,0,11,5,0,16,0,18,10,2,30,2,0,2,32
09/07/2002,LCH,LA,ASW,CE,Towers with Radar,0,6,5,0,11,0,8,1,0,9,0,14,6,0,20,0,0,0,20
09/08/2002,LCH,LA,ASW,CE,Towers with Radar,0,16,22,0,38,0,11,5,0,16,0,27,27,0,54,12,0,12,66
09/09/2002,LCH,LA,ASW,CE,Towers with Radar,0,10,12,22,44,0,7,7,0,14,0,17,19,22,58,14,6,20,78
09/10/2002,LCH,LA,ASW,CE,Towers with Radar,0,11,4,40,55,0,22,23,0,45,0,33,27,40,100,10,40,50,150
09/11/2002,LCH,LA,ASW,CE,Towers with Radar,0,7,16,21,44,0,16,26,0,42,0,23,42,21,86,8,24,32,118
09/12/2002,LCH,LA,ASW,CE,Towers with Radar,0,9,19,25,53,0,22,34,1,57,0,31,53,26,110,8,22,30,140
09/13/2002,LCH,LA,ASW,CE,Towers with Radar,0,17,29,26,72,0,0,5,30,35,0,17,34,56,107,4,58,62,169
09/14/2002,LCH,LA,ASW,CE,Towers with Radar,0,11,11,6,28,0,5,25,0,30,0,16,36,6,58,24,4,28,86
09/15/2002,LCH,LA,ASW,CE,Towers with Radar,0,14,14,2,30,0,7,10,0,17,0,21,24,2,47,10,0,10,57
09/16/2002,LCH,LA,ASW,CE,Towers with Radar,0,13,19,0,32,0,2,10,0,12,0,15,29,0,44,8,0,8,52
09/17/2002,LCH,LA,ASW,CE,Towers with Radar,0,12,9,0,21,0,12,15,0,27,0,24,24,0,48,8,0,8,56
09/18/2002,LCH,LA,ASW,CE,Towers with Radar,0,12,17,3,32,0,15,25,1,41,0,27,42,4,73,28,2,30,103
09/19/2002,LCH,LA,ASW,CE,Towers with Radar,0,6,19,3,28,0,15,10,1,26,0,21,29,4,54,18,4,22,76
09/20/2002,LCH,LA,ASW,CE,Towers with Radar,0,14,14,12,40,0,2,6,10,18,0,16,20,22,58,16,24,40,98
09/21/2002,LCH,LA,ASW,CE,Towers with Radar,0,6,7,0,13,0,11,29,0,40,0,17,36,0,53,6,0,6,59
09/22/2002,LCH,LA,ASW,CE,Towers with Radar,0,10,8,0,18,0,14,0,0,14,0,24,8,0,32,8,0,8,40
09/23/2002,LCH,LA,ASW,CE,Towers with Radar,0,10,10,33,53,0,11,21,1,33,0,21,31,34,86,12,40,52,138
09/24/2002,LCH,LA,ASW,CE,Towers with Radar,0,23,13,17,53,0,47,12,0,59,0,70,25,17,112,10,20,30,142
09/25/2002,LCH,LA,ASW,CE,Towers with Radar,0,16,7,0,23,0,10,1,0,11,0,26,8,0,34,0,0,0,34
09/26/2002,LCH,LA,ASW,CE,Towers with Radar,0,12,11,2,25,0,40,15,0,55,0,52,26,2,80,14,8,22,102
09/27/2002,LCH,LA,ASW,CE,Towers with Radar,0,11,11,4,26,0,17,21,0,38,0,28,32,4,64,26,6,32,96
09/28/2002,LCH,LA,ASW,CE,Towers with Radar,0,10,9,5,24,0,13,32,0,45,0,23,41,5,69,14,8,22,91
09/29/2002,LCH,LA,ASW,CE,Towers with Radar,0,14,11,5,30,0,11,27,0,38,0,25,38,5,68,10,2,12,80
09/30/2002,LCH,LA,ASW,CE,Towers with Radar,0,14,16,7,37,0,27,30,0,57,0,41,46,7,94,18,6,24,118
10/01/2002,LCH,LA,ASW,CE,Towers with Radar,0,7,5,32,44,0,19,18,1,38,0,26,23,33,82,24,16,40,122
10/02/2002,LCH,LA,ASW,CE,Towers with Radar,0,31,4,11,46,0,32,6,2,40,0,63,10,13,86,0,0,0,86
10/03/2002,LCH,LA,ASW,CE,Towers with Radar,0,1,1,0,2,0,30,0,0,30,0,31,1,0,32,0,0,0,32
10/04/2002,LCH,LA,ASW,CE,Towers with Radar,0,10,11,7,28,0,51,37,13,101,0,61,48,20,129,14,16,30,159
10/05/2002,LCH,LA,ASW,CE,Towers with Radar,0,10,11,8,29,0,17,21,9,47,0,27,32,17,76,12,10,22,98
10/06/2002,LCH,LA,ASW,CE,Towers with Radar,0,7,13,5,25,0,15,11,8,34,0,22,24,13,59,2,8,10,69
10/07/2002,LCH,LA,ASW,CE,Towers with Radar,0,14,5,0,19,0,16,5,0,21,0,30,10,0,40,16,0,16,56
10/08/2002,LCH,LA,ASW,CE,Towers with Radar,0,24,16,23,63,0,14,4,3,21,0,38,20,26,84,20,24,44,128
10/09/2002,LCH,LA,ASW,CE,Towers with Radar,0,5,3,0,8,0,12,0,0,12,0,17,3,0,20,0,0,0,20
10/10/2002,LCH,LA,ASW,CE,Towers with Radar,0,17,19,15,51,0,20,9,3,32,0,37,28,18,83,14,30,44,127
10/11/2002,LCH,LA,ASW,CE,Towers with Radar,0,13,21,22,56,0,14,24,3,41,0,27,45,25,97,62,12,74,171
10/12/2002,LCH,LA,ASW,CE,Towers with Radar,0,9,9,2,20,0,5,38,0,43,0,14,47,2,63,36,2,38,101
10/13/2002,LCH,LA,ASW,CE,Towers with Radar,0,6,11,0,17,0,17,17,0,34,0,23,28,0,51,30,0,30,81
10/14/2002,LCH,LA,ASW,CE,Towers with Radar,0,13,21,4,38,0,17,24,2,43,0,30,45,6,81,34,10,44,125
10/15/2002,LCH,LA,ASW,CE,Towers with Radar,0,12,23,30,65,0,16,23,6,45,0,28,46,36,110,30,24,54,164
10/16/2002,LCH,LA,ASW,CE,Towers with Radar,0,12,10,26,48,0,17,27,3,47,0,29,37,29,95,16,8,24,119
10/17/2002,LCH,LA,ASW,CE,Towers with Radar,0,13,36,8,57,0,9,29,2,40,0,22,65,10,97,30,12,42,139
10/18/2002,LCH,LA,ASW,CE,Towers with Radar,0,13,18,49,80,0,14,24,2,40,0,27,42,51,120,42,50,92,212
10/19/2002,LCH,LA,ASW,CE,Towers with Radar,0,9,10,0,19,0,4,29,0,33,0,13,39,0,52,12,0,12,64
10/20/2002,LCH,LA,ASW,CE,Towers with Radar,0,6,22,0,28,0,3,3,0,6,0,9,25,0,34,6,0,6,40
10/21/2002,LCH,LA,ASW,CE,Towers with Radar,0,17,15,10,42,0,0,0,0,0,0,17,15,10,42,0,10,10,52
10/22/2002,LCH,LA,ASW,CE,Towers with Radar,0,14,8,0,22,0,1,0,0,1,0,15,8,0,23,0,0,0,23
10/23/2002,LCH,LA,ASW,CE,Towers with Radar,0,11,15,13,39,0,0,4,1,5,0,11,19,14,44,0,8,8,52
10/24/2002,LCH,LA,ASW,CE,Towers with Radar,0,15,16,8,39,0,7,6,1,14,0,22,22,9,53,4,16,20,73
10/25/2002,LCH,LA,ASW,CE,Towers with Radar,0,10,12,4,26,0,0,2,0,2,0,10,14,4,28,0,4,4,32
10/26/2002,LCH,LA,ASW,CE,Towers with Radar,0,3,2,0,5,0,5,0,0,5,0,8,2,0,10,0,0,0,10
10/27/2002,LCH,LA,ASW,CE,Towers with Radar,0,4,5,0,9,0,2,3,0,5,0,6,8,0,14,0,0,0,14
10/28/2002,LCH,LA,ASW,CE,Towers with Radar,0,8,10,0,18,0,10,1,0,11,0,18,11,0,29,0,0,0,29
10/29/2002,LCH,LA,ASW,CE,Towers with Radar,2,14,26,19,61,0,9,12,1,22,2,23,38,20,83,6,16,22,105
10/30/2002,LCH,LA,ASW,CE,Towers with Radar,0,10,19,50,79,0,17,33,3,53,0,27,52,53,132,28,36,64,196
10/31/2002,LCH,LA,ASW,CE,Towers with Radar,0,11,15,13,39,0,0,19,4,23,0,11,34,17,62,24,12,36,98
11/01/2002,LCH,LA,ASW,CE,Towers with Radar,0,9,9,50,68,0,13,17,2,32,0,22,26,52,100,32,58,90,190
11/02/2002,LCH,LA,ASW,CE,Towers with Radar,0,8,10,13,31,0,7,27,3,37,0,15,37,16,68,38,12,50,118
11/03/2002,LCH,LA,ASW,CE,Towers with Radar,0,6,5,0,11,0,8,11,0,19,0,14,16,0,30,22,0,22,52
11/04/2002,LCH,LA,ASW,CE,Towers with Radar,0,10,10,9,29,0,8,1,3,12,0,18,11,12,41,2,8,10,51
11/05/2002,LCH,LA,ASW,CE,Towers with Radar,0,8,10,8,26,0,15,5,9,29,0,23,15,17,55,24,22,46,101
11/06/2002,LCH,LA,ASW,CE,Towers with Radar,0,9,18,36,63,0,20,39,3,62,0,29,57,39,125,14,18,32,157
11/07/2002,LCH,LA,ASW,CE,Towers with Radar,0,16,18,17,51,0,11,20,15,46,0,27,38,32,97,32,20,52,149
11/08/2002,LCH,LA,ASW,CE,Towers with Radar,0,12,13,4,29,0,16,25,0,41,0,28,38,4,70,18,4,22,92
11/09/2002,LCH,LA,ASW,CE,Towers with Radar,0,5,5,5,15,0,13,26,3,42,0,18,31,8,57,22,8,30,87
11/10/2002,LCH,LA,ASW,CE,Towers with Radar,0,9,11,0,20,0,24,8,0,32,0,33,19,0,52,38,8,46,98
11/11/2002,LCH,LA,ASW,CE,Towers with Radar,0,11,18,5,34,0,7,13,3,23,0,18,31,8,57,14,8,22,79
11/12/2002,LCH,LA,ASW,CE,Towers with Radar,0,8,9,35,52,0,10,25,3,38,0,18,34,38,90,12,30,42,132
11/13/2002,LCH,LA,ASW,CE,Towers with Radar,0,10,17,26,53,0,12,36,4,52,0,22,53,30,105,4,30,34,139
11/14/2002,LCH,LA,ASW,CE,Towers with Radar,0,10,25,15,50,0,17,33,4,54,0,27,58,19,104,14,24,38,142
11/15/2002,LCH,LA,ASW,CE,Towers with Radar,0,10,8,18,36,0,9,19,3,31,0,19,27,21,67,4,26,30,97
11/16/2002,LCH,LA,ASW,CE,Towers with Radar,0,9,7,2,18,0,13,13,2,28,0,22,20,4,46,14,4,18,64
11/17/2002,LCH,LA,ASW,CE,Towers with Radar,0,10,9,9,28,0,16,33,0,49,0,26,42,9,77,10,4,14,91
11/18/2002,LCH,LA,ASW,CE,Towers with Radar,0,11,10,21,42,0,13,27,1,41,0,24,37,22,83,0,16,16,99
11/19/2002,LCH,LA,ASW,CE,Towers with Radar,0,25,34,24,83,0,0,0,0,0,0,25,34,24,83,10,26,36,119
11/20/2002,LCH,LA,ASW,CE,Towers with Radar,0,14,7,17,38,0,13,30,3,46,0,27,37,20,84,18,16,34,118
11/21/2002,LCH,LA,ASW,CE,Towers with Radar,0,26,23,16,65,0,23,20,5,48,0,49,43,21,113,42,20,62,175
11/22/2002,LCH,LA,ASW,CE,Towers with Radar,0,14,15,15,44,0,16,20,4,40,0,30,35,19,84,0,12,12,96
11/23/2002,LCH,LA,ASW,CE,Towers with Radar,0,9,11,8,28,0,2,31,0,33,0,11,42,8,61,20,8,28,89
11/24/2002,LCH,LA,ASW,CE,Towers with Radar,0,10,15,7,32,0,13,14,3,30,0,23,29,10,62,26,6,32,94
11/25/2002,LCH,LA,ASW,CE,Towers with Radar,0,14,15,7,36,0,8,12,3,23,0,22,27,10,59,32,4,36,95
11/26/2002,LCH,LA,ASW,CE,Towers with Radar,0,17,14,10,41,0,2,0,3,5,0,19,14,13,46,4,8,12,58
11/27/2002,LCH,LA,ASW,CE,Towers with Radar,0,24,13,9,46,0,12,10,3,25,0,36,23,12,71,26,2,28,99
11/28/2002,LCH,LA,ASW,CE,Towers with Radar,0,7,5,0,12,0,9,12,0,21,0,16,17,0,33,28,2,30,63
11/29/2002,LCH,LA,ASW,CE,Towers with Radar,0,7,7,2,16,0,18,15,0,33,0,25,22,2,49,48,2,50,99
11/30/2002,LCH,LA,ASW,CE,Towers with Radar,0,18,26,0,44,0,12,8,0,20,0,30,34,0,64,28,0,28,92
12/01/2002,LCH,LA,ASW,CE,Towers with Radar,0,12,13,2,27,0,15,19,0,34,0,27,32,2,61,36,0,36,97
12/02/2002,LCH,LA,ASW,CE,Towers with Radar,0,12,15,5,32,0,15,22,2,39,0,27,37,7,71,16,4,20,91
12/03/2002,LCH,LA,ASW,CE,Towers with Radar,0,15,16,0,31,0,0,0,1,1,0,15,16,1,32,0,0,0,32
12/04/2002,LCH,LA,ASW,CE,Towers with Radar,0,10,10,2,22,0,8,2,0,10,0,18,12,2,32,0,0,0,32
12/05/2002,LCH,LA,ASW,CE,Towers with Radar,0,23,24,17,64,0,11,2,0,13,0,34,26,17,77,8,10,18,95
12/06/2002,LCH,LA,ASW,CE,Towers with Radar,0,24,25,19,68,0,9,12,13,34,0,33,37,32,102,18,18,36,138
12/07/2002,LCH,LA,ASW,CE,Towers with Radar,0,10,10,8,28,0,16,12,4,32,0,26,22,12,60,34,20,54,114
12/08/2002,LCH,LA,ASW,CE,Towers with Radar,0,9,16,7,32,0,9,12,1,22,0,18,28,8,54,0,2,2,56
12/09/2002,LCH,LA,ASW,CE,Towers with Radar,0,14,7,0,21,0,25,4,0,29,0,39,11,0,50,14,0,14,64
12/10/2002,LCH,LA,ASW,CE,Towers with Radar,0,17,11,43,71,0,7,12,1,20,0,24,23,44,91,16,30,46,137
12/11/2002,LCH,LA,ASW,CE,Towers with Radar,0,17,14,43,74,0,17,27,5,49,0,34,41,48,123,34,36,70,193
12/12/2002,LCH,LA,ASW,CE,Towers with Radar,0,10,22,1,33,0,13,6,1,20,0,23,28,2,53,0,2,2,55
12/13/2002,LCH,LA,ASW,CE,Towers with Radar,0,14,13,72,99,0,9,7,2,18,0,23,20,74,117,22,56,78,195
12/14/2002,LCH,LA,ASW,CE,Towers with Radar,0,10,7,16,33,0,4,37,1,42,0,14,44,17,75,12,26,38,113
12/15/2002,LCH,LA,ASW,CE,Towers with Radar,0,7,22,5,34,0,0,7,2,9,0,7,29,7,43,4,6,10,53
12/16/2002,LCH,LA,ASW,CE,Towers with Radar,0,23,19,18,60,0,9,7,2,18,0,32,26,20,78,30,24,54,132
12/17/2002,LCH,LA,ASW,CE,Towers with Radar,0,15,16,0,31,0,16,8,0,24,0,31,24,0,55,12,0,12,67
12/18/2002,LCH,LA,ASW,CE,Towers with Radar,0,18,11,23,52,0,10,3,2,15,0,28,14,25,67,10,24,34,101
12/19/2002,LCH,LA,ASW,CE,Towers with Radar,0,15,14,7,36,0,13,8,2,23,0,28,22,9,59,4,6,10,69
12/20/2002,LCH,LA,ASW,CE,Towers with Radar,0,15,23,10,48,0,15,31,1,47,0,30,54,11,95,28,8,36,131
12/21/2002,LCH,LA,ASW,CE,Towers with Radar,0,10,10,0,20,0,5,26,0,31,0,15,36,0,51,34,0,34,85
12/22/2002,LCH,LA,ASW,CE,Towers with Radar,0,7,9,3,19,0,3,15,1,19,0,10,24,4,38,0,4,4,42
12/23/2002,LCH,LA,ASW,CE,Towers with Radar,0,13,12,7,32,0,4,1,1,6,0,17,13,8,38,0,10,10,48
12/24/2002,LCH,LA,ASW,CE,Towers with Radar,0,15,12,0,27,0,7,0,0,7,0,22,12,0,34,0,0,0,34
12/25/2002,LCH,LA,ASW,CE,Towers with Radar,0,4,4,0,8,0,20,0,0,20,0,24,4,0,28,0,0,0,28
12/26/2002,LCH,LA,ASW,CE,Towers with Radar,0,14,14,5,33,0,14,8,1,23,0,28,22,6,56,22,8,30,86
12/27/2002,LCH,LA,ASW,CE,Towers with Radar,0,15,10,1,26,0,11,27,1,39,0,26,37,2,65,38,2,40,105
12/28/2002,LCH,LA,ASW,CE,Towers with Radar,0,16,13,0,29,0,8,27,0,35,0,24,40,0,64,60,2,62,126
12/29/2002,LCH,LA,ASW,CE,Towers with Radar,0,6,15,3,24,0,3,8,0,11,0,9,23,3,35,6,2,8,43
12/30/2002,LCH,LA,ASW,CE,Towers with Radar,0,10,4,6,20,0,0,6,5,11,0,10,10,11,31,16,8,24,55
12/31/2002,LCH,LA,ASW,CE,Towers with Radar,0,12,8,1,21,0,8,4,0,12,0,20,12,1,33,0,0,0,33
01/01/2003,LCH,LA,ASW,CE,Towers with Radar,0,6,8,1,15,0,13,26,0,39,0,19,34,1,54,4,0,4,58
01/02/2003,LCH,LA,ASW,CE,Towers with Radar,0,11,15,8,34,0,15,10,0,25,0,26,25,8,59,2,8,10,69
01/03/2003,LCH,LA,ASW,CE,Towers with Radar,0,20,7,15,42,0,14,19,0,33,0,34,26,15,75,20,20,40,115
01/04/2003,LCH,LA,ASW,CE,Towers with Radar,0,8,10,4,22,0,8,11,0,19,0,16,21,4,41,26,4,30,71
01/05/2003,LCH,LA,ASW,CE,Towers with Radar,0,6,8,7,21,0,12,32,1,45,0,18,40,8,66,42,6,48,114
01/06/2003,LCH,LA,ASW,CE,Towers with Radar,0,19,9,8,36,0,15,23,0,38,0,34,32,8,74,18,8,26,100
01/07/2003,LCH,LA,ASW,CE,Towers with Radar,0,11,4,25,40,0,15,21,0,36,0,26,25,25,76,14,28,42,118
01/08/2003,LCH,LA,ASW,CE,Towers with Radar,0,14,14,11,39,0,16,14,0,30,0,30,28,11,69,10,10,20,89
01/09/2003,LCH,LA,ASW,CE,Towers with Radar,0,15,20,18,53,0,8,13,12,33,0,23,33,30,86,8,26,34,120
01/10/2003,LCH,LA,ASW,CE,Towers with Radar,0,12,17,35,64,0,12,14,0,26,0,24,31,35,90,28,36,64,154
01/11/2003,LCH,LA,ASW,CE,Towers with Radar,0,7,22,30,59,0,4,10,0,14,0,11,32,30,73,28,30,58,131
01/12/2003,LCH,LA,ASW,CE,Towers with Radar,0,14,10,10,34,0,4,3,0,7,0,18,13,10,41,8,10,18,59
01/13/2003,LCH,LA,ASW,CE,Towers with Radar,0,8,18,4,30,0,23,16,0,39,0,31,34,4,69,30,4,34,103
01/14/2003,LCH,LA,ASW,CE,Towers with Radar,0,10,11,18,39,0,14,13,0,27,0,24,24,18,66,24,16,40,106
01/15/2003,LCH,LA,ASW,CE,Towers with Radar,0,13,18,14,45,0,7,11,1,19,0,20,29,15,64,10,10,20,84
01/16/2003,LCH,LA,ASW,CE,Towers with Radar,0,11,10,23,44,0,19,4,5,28,0,30,14,28,72,8,20,28,100
01/17/2003,LCH,LA,ASW,CE,Towers with Radar,0,12,12,23,47,0,0,17,1,18,0,12,29,24,65,22,14,36,101
01/18/2003,LCH,LA,ASW,CE,Towers with Radar,0,20,11,0,31,0,5,26,0,31,0,25,37,0,62,34,0,34,96
01/19/2003,LCH,LA,ASW,CE,Towers with Radar,0,11,10,4,25,0,8,23,0,31,0,19,33,4,56,16,6,22,78
01/20/2003,LCH,LA,ASW,CE,Towers with Radar,0,13,16,4,33,0,12,6,0,18,0,25,22,4,51,14,4,18,69
01/21/2003,LCH,LA,ASW,CE,Towers with Radar,0,12,13,23,48,0,17,6,0,23,0,29,19,23,71,42,16,58,129
01/22/2003,LCH,LA,ASW,CE,Towers with Radar,0,20,23,14,57,0,9,1,1,11,0,29,24,15,68,26,16,42,110
01/23/2003,LCH,LA,ASW,CE,Towers with Radar,0,18,28,28,74,0,5,21,0,26,0,23,49,28,100,36,20,56,156
01/24/2003,LCH,LA,ASW,CE,Towers with Radar,0,11,10,28,49,0,23,27,4,54,0,34,37,32,103,16,14,30,133
01/25/2003,LCH,LA,ASW,CE,Towers with Radar,0,15,50,12,77,0,7,24,0,31,0,22,74,12,108,46,12,58,166
01/26/2003,LCH,LA,ASW,CE,Towers with Radar,0,6,14,0,20,0,4,1,0,5,0,10,15,0,25,4,0,4,29
01/27/2003,LCH,LA,ASW,CE,Towers with Radar,0,17,17,27,61,0,17,22,0,39,0,34,39,27,100,46,18,64,164
01/28/2003,LCH,LA,ASW,CE,Towers with Radar,0,9,24,7,40,0,14,11,0,25,0,23,35,7,65,30,6,36,101
01/29/2003,LCH,LA,ASW,CE,Towers with Radar,0,9,15,6,30,0,14,4,0,18,0,23,19,6,48,0,6,6,54
01/30/2003,LCH,LA,ASW,CE,Towers with Radar,0,10,20,4,34,0,0,1,0,1,0,10,21,4,35,2,6,8,43
01/31/2003,LCH,LA,ASW,CE,Towers with Radar,0,14,11,3,28,0,4,14,0,18,0,18,25,3,46,42,4,46,92
02/01/2003,LCH,LA,ASW,CE,Towers with Radar,0,12,12,14,38,0,25,17,0,42,0,37,29,14,80,22,6,28,108
02/02/2003,LCH,LA,ASW,CE,Towers with Radar,0,7,12,11,30,0,13,17,4,34,0,20,29,15,64,6,18,24,88
02/03/2003,LCH,LA,ASW,CE,Towers with Radar,0,26,6,4,36,0,9,3,0,12,0,35,9,4,48,28,4,32,80
02/04/2003,LCH,LA,ASW,CE,Towers with Radar,0,17,14,29,60,0,10,31,0,41,0,27,45,29,101,50,18,68,169
02/05/2003,LCH,LA,ASW,CE,Towers with Radar,0,16,5,19,40,0,14,18,0,32,0,30,23,19,72,42,20,62,134
02/06/2003,LCH,LA,ASW,CE,Towers with Radar,0,18,6,2,26,0,0,1,0,1,0,18,7,2,27,6,0,6,33
02/07/2003,LCH,LA,ASW,CE,Towers with Radar,0,11,11,27,49,0,2,2,0,4,0,13,13,27,53,20,32,52,105
02/08/2003,LCH,LA,ASW,CE,Towers with Radar,0,8,15,24,47,0,7,16,0,23,0,15,31,24,70,38,28,66,136
02/09/2003,LCH,LA,ASW,CE,Towers with Radar,0,8,4,7,19,0,7,8,0,15,0,15,12,7,34,24,4,28,62
02/10/2003,LCH,LA,ASW,CE,Towers with Radar,0,33,29,38,100,0,0,12,33,45,0,33,41,71,145,86,36,122,267
02/11/2003,LCH,LA,ASW,CE,Towers with Radar,0,21,8,26,55,0,18,28,1,47,0,39,36,27,102,74,12,86,188
02/12/2003,LCH,LA,ASW,CE,Towers with Radar,0,22,14,4,40,0,16,17,0,33,0,38,31,4,73,68,6,74,147
02/13/2003,LCH,LA,ASW,CE,Towers with Radar,0,16,13,18,47,0,10,3,7,20,0,26,16,25,67,14,30,44,111
02/14/2003,LCH,LA,ASW,CE,Towers with Radar,0,14,8,13,35,0,8,5,0,13,0,22,13,13,48,16,38,54,102
02/15/2003,LCH,LA,ASW,CE,Towers with Radar,0,8,2,0,10,0,3,1,0,4,0,11,3,0,14,0,0,0,14
02/16/2003,LCH,LA,ASW,CE,Towers with Radar,0,7,10,6,23,0,5,6,0,11,0,12,16,6,34,24,8,32,66
02/17/2003,LCH,LA,ASW,CE,Towers with Radar,0,11,13,14,38,0,20,17,2,39,0,31,30,16,77,32,20,52,129
02/18/2003,LCH,LA,ASW,CE,Towers with Radar,0,18,13,17,48,0,21,18,0,39,0,39,31,17,87,16,14,30,117
02/19/2003,LCH,LA,ASW,CE,Towers with Radar,0,22,31,21,74,0,14,13,0,27,0,36,44,21,101,36,26,62,163
02/20/2003,LCH,LA,ASW,CE,Towers with Radar,0,12,10,10,32,0,0,6,0,6,0,12,16,10,38,10,2,12,50
02/21/2003,LCH,LA,ASW,CE,Towers with Radar,0,7,6,0,13,0,5,3,0,8,0,12,9,0,21,0,0,0,21
02/22/2003,LCH,LA,ASW,CE,Towers with Radar,0,6,9,2,17,0,14,8,0,22,0,20,17,2,39,18,4,22,61
02/23/2003,LCH,LA,ASW,CE,Towers with Radar,0,6,15,0,21,0,6,7,0,13,0,12,22,0,34,18,4,22,56
02/24/2003,LCH,LA,ASW,CE,Towers with Radar,0,0,0,0,0,0,0,0,0,0,0,0,0,0,0,36,10,46,46
02/25/2003,LCH,LA,ASW,CE,Towers with Radar,0,9,13,5,27,0,4,2,0,6,0,13,15,5,33,0,0,0,33
02/26/2003,LCH,LA,ASW,CE,Towers with Radar,0,12,6,11,29,0,2,0,0,2,0,14,6,11,31,0,4,4,35
02/27/2003,LCH,LA,ASW,CE,Towers with Radar,0,17,15,20,52,0,6,0,0,6,0,23,15,20,58,6,22,28,86
02/28/2003,LCH,LA,ASW,CE,Towers with Radar,0,17,26,38,81,0,1,1,0,2,0,18,27,38,83,6,20,26,109
03/01/2003,LCH,LA,ASW,CE,Towers with Radar,0,9,9,11,29,0,0,11,7,18,0,9,20,18,47,16,28,44,91
03/02/2003,LCH,LA,ASW,CE,Towers with Radar,0,0,0,0,0,0,0,0,0,0,0,0,0,0,0,2,18,20,20
03/03/2003,LCH,LA,ASW,CE,Towers with Radar,0,12,18,1,31,0,5,0,1,6,0,17,18,2,37,20,0,20,57
03/04/2003,LCH,LA,ASW,CE,Towers with Radar,0,33,17,9,59,0,2,0,0,2,0,35,17,9,61,34,8,42,103
03/05/2003,LCH,LA,ASW,CE,Towers with Radar,0,6,4,5,15,0,4,0,0,4,0,10,4,5,19,0,0,0,19
03/06/2003,LCH,LA,ASW,CE,Towers with Radar,0,22,19,24,65,0,4,7,3,14,0,26,26,27,79,22,20,42,121
03/07/2003,LCH,LA,ASW,CE,Towers with Radar,0,18,15,16,49,0,9,22,0,31,0,27,37,16,80,48,8,56,136
03/08/2003,LCH,LA,ASW,CE,Towers with Radar,0,9,8,0,17,0,15,8,0,23,0,24,16,0,40,64,0,64,104
03/09/2003,LCH,LA,ASW,CE,Towers with Radar,0,6,13,5,24,0,4,48,0,52,0,10,61,5,76,58,2,60,136
03/10/2003,LCH,LA,ASW,CE,Towers with Radar,0,16,13,35,64,0,9,15,0,24,0,25,28,35,88,40,34,74,162
03/11/2003,LCH,LA,ASW,CE,Towers with Radar,0,13,12,11,36,0,3,17,7,27,0,16,29,18,63,28,12,40,103
03/12/2003,LCH,LA,ASW,CE,Towers with Radar,0,17,8,8,33,0,3,4,0,7,0,20,12,8,40,14,4,18,58
03/13/2003,LCH,LA,ASW,CE,Towers with Radar,0,9,6,0,15,0,4,5,0,9,0,13,11,0,24,0,0,0,24
03/14/2003,LCH,LA,ASW,CE,Towers with Radar,0,14,6,26,46,0,9,23,10,42,0,23,29,36,88,12,26,38,126
03/15/2003,LCH,LA,ASW,CE,Towers with Radar,0,10,8,12,30,0,0,20,0,20,0,10,28,12,50,14,12,26,76
03/16/2003,LCH,LA,ASW,CE,Towers with Radar,0,8,9,0,17,0,0,1,0,1,0,8,10,0,18,0,0,0,18
03/17/2003,LCH,LA,ASW,CE,Towers with Radar,0,13,16,16,45,0,7,8,0,15,0,20,24,16,60,18,20,38,98
03/18/2003,LCH,LA,ASW,CE,Towers with Radar,0,17,14,22,53,0,0,1,0,1,0,17,15,22,54,2,4,6,60
03/19/2003,LCH,LA,ASW,CE,Towers with Radar,0,19,14,20,53,0,15,23,9,47,0,34,37,29,100,44,28,72,172
03/20/2003,LCH,LA,ASW,CE,Towers with Radar,0,21,11,28,60,0,11,8,0,19,0,32,19,28,79,20,32,52,131
03/21/2003,LCH,LA,ASW,CE,Towers with Radar,0,19,11,32,62,0,14,29,1,44,0,33,40,33,106,12,24,36,142
03/22/2003,LCH,LA,ASW,CE,Towers with Radar,0,10,10,7,27,0,9,20,0,29,0,19,30,7,56,8,8,16,72
03/23/2003,LCH,LA,ASW,CE,Towers with Radar,0,17,9,11,37,0,13,18,3,34,0,30,27,14,71,36,14,50,121
03/24/2003,LCH,LA,ASW,CE,Towers with Radar,0,17,8,22,47,0,8,12,1,21,0,25,20,23,68,12,18,30,98
03/25/2003,LCH,LA,ASW,CE,Towers with Radar,0,13,24,18,55,0,12,8,1,21,0,25,32,19,76,2,14,16,92
03/26/2003,LCH,LA,ASW,CE,Towers with Radar,0,15,5,0,20,0,2,2,1,5,0,17,7,1,25,6,4,10,35
03/27/2003,LCH,LA,ASW,CE,Towers with Radar,0,21,18,22,61,0,7,4,10,21,0,28,22,32,82,28,36,64,146
03/28/2003,LCH,LA,ASW,CE,Towers with Radar,0,16,24,24,64,0,10,6,4,20,0,26,30,28,84,28,20,48,132
03/29/2003,LCH,LA,ASW,CE,Towers with Radar,0,8,10,23,41,0,6,6,1,13,0,14,16,24,54,28,24,52,106
03/30/2003,LCH,LA,ASW,CE,Towers with Radar,0,6,7,5,18,0,5,24,1,30,0,11,31,6,48,24,10,34,82
03/31/2003,LCH,LA,ASW,CE,Towers with Radar,0,12,11,26,49,0,16,10,3,29,0,28,21,29,78,26,34,60,138
04/01/2003,LCH,LA,ASW,CE,Towers with Radar,0,17,6,37,60,0,13,17,0,30,0,30,23,37,90,20,44,64,154
04/02/2003,LCH,LA,ASW,CE,Towers with Radar,0,16,9,29,54,0,12,17,2,31,0,28,26,31,85,30,30,60,145
04/03/2003,LCH,LA,ASW,CE,Towers with Radar,0,16,17,22,55,0,14,7,0,21,0,30,24,22,76,12,10,22,98
04/04/2003,LCH,LA,ASW,CE,Towers with Radar,0,22,14,8,44,0,4,2,0,6,0,26,16,8,50,48,8,56,106
04/05/2003,LCH,LA,ASW,CE,Towers with Radar,0,8,9,2,19,0,0,5,0,5,0,8,14,2,24,18,2,20,44
04/06/2003,LCH,LA,ASW,CE,Towers with Radar,0,6,12,21,39,0,5,2,0,7,0,11,14,21,46,22,18,40,86
04/07/2003,LCH,LA,ASW,CE,Towers with Radar,0,12,7,2,21,0,0,1,0,1,0,12,8,2,22,0,0,0,22
04/08/2003,LCH,LA,ASW,CE,Towers with Radar,0,29,6,0,35,0,2,10,0,12,0,31,16,0,47,30,0,30,77
04/09/2003,LCH,LA,ASW,CE,Towers with Radar,0,13,8,48,69,0,9,14,0,23,0,22,22,48,92,32,36,68,160
04/10/2003,LCH,LA,ASW,CE,Towers with Radar,0,15,8,31,54,0,16,37,15,68,0,31,45,46,122,24,34,58,180
04/11/2003,LCH,LA,ASW,CE,Towers with Radar,0,16,11,12,39,0,17,42,1,60,0,33,53,13,99,28,34,62,161
04/12/2003,LCH,LA,ASW,CE,Towers with Radar,0,8,10,26,44,0,15,36,0,51,0,23,46,26,95,24,26,50,145
04/13/2003,LCH,LA,ASW,CE,Towers with Radar,0,9,10,6,25,0,9,35,0,44,0,18,45,6,69,2,4,6,75
04/14/2003,LCH,LA,ASW,CE,Towers with Radar,0,12,8,2,22,0,16,10,0,26,0,28,18,2,48,24,2,26,74
04/15/2003,LCH,LA,ASW,CE,Towers with Radar,0,15,16,16,47,0,14,27,0,41,0,29,43,16,88,40,8,48,136
04/16/2003,LCH,LA,ASW,CE,Towers with Radar,0,17,14,28,59,0,4,13,0,17,0,21,27,28,76,22,24,46,122
04/17/2003,LCH,LA,ASW,CE,Towers with Radar,0,24,14,32,70,0,7,25,0,32,0,31,39,32,102,54,26,80,182
04/18/2003,LCH,LA,ASW,CE,Towers with Radar,0,14,23,8,45,0,4,20,0,24,0,18,43,8,69,36,10,46,115
04/19/2003,LCH,LA,ASW,CE,Towers with Radar,0,16,1,6,23,0,4,7,0,11,0,20,8,6,34,24,6,30,64
04/20/2003,LCH,LA,ASW,CE,Towers with Radar,0,12,7,0,19,0,2,4,0,6,0,14,11,0,25,10,0,10,35
04/21/2003,LCH,LA,ASW,CE,Towers with Radar,0,12,8,8,28,0,14,24,0,38,0,26,32,8,66,42,8,50,116
04/22/2003,LCH,LA,ASW,CE,Towers with Radar,0,13,15,33,61,0,14,6,1,21,0,27,21,34,82,46,30,76,158
04/23/2003,LCH,LA,ASW,CE,Towers with Radar,0,11,11,24,46,0,15,10,0,25,0,26,21,24,71,22,10,32,103
04/24/2003,LCH,LA,ASW,CE,Towers with Radar,0,25,8,13,46,0,5,3,0,8,0,30,11,13,54,1,8,9,63
04/25/2003,LCH,LA,ASW,CE,Towers with Radar,0,18,17,84,119,0,12,16,3,31,0,30,33,87,150,26,86,112,262
04/26/2003,LCH,LA,ASW,CE,Towers with Radar,0,19,5,22,46,0,10,27,2,39,0,29,32,24,85,46,36,82,167
04/27/2003,LCH,LA,ASW,CE,Towers with Radar,0,8,12,28,48,0,6,21,0,27,0,14,33,28,75,18,26,44,119
04/28/2003,LCH,LA,ASW,CE,Towers with Radar,0,12,29,21,62,0,18,20,0,38,0,30,49,21,100,22,10,32,132
04/29/2003,LCH,LA,ASW,CE,Towers with Radar,0,13,17,9,39,0,6,14,0,20,0,19,31,9,59,12,14,26,85
04/30/2003,LCH,LA,ASW,CE,Towers with Radar,0,14,5,8,27,0,20,17,0,37,0,34,22,8,64,24,6,30,94
05/01/2003,LCH,LA,ASW,CE,Towers with Radar,0,20,6,42,68,0,18,12,0,30,0,38,18,42,98,26,60,86,184
05/02/2003,LCH,LA,ASW,CE,Towers with Radar,0,14,11,29,54,0,16,20,3,39,0,30,31,32,93,15,40,55,148
05/03/2003,LCH,LA,ASW,CE,Towers with Radar,0,9,9,16,34,0,6,15,1,22,0,15,24,17,56,30,6,36,92
05/04/2003,LCH,LA,ASW,CE,Towers with Radar,0,9,10,11,30,0,6,9,2,17,0,15,19,13,47,2,2,4,51
05/05/2003,LCH,LA,ASW,CE,Towers with Radar,0,34,5,26,65,0,0,5,0,5,0,34,10,26,70,4,26,30,100
05/06/2003,LCH,LA,ASW,CE,Towers with Radar,0,15,12,0,27,0,7,3,14,24,0,22,15,14,51,10,12,22,73
05/07/2003,LCH,LA,ASW,CE,Towers with Radar,0,14,30,36,80,0,14,4,0,18,0,28,34,36,98,18,34,52,150
05/08/2003,LCH,LA,ASW,CE,Towers with Radar,0,17,19,16,52,0,16,14,0,30,0,33,33,16,82,18,8,26,108
05/09/2003,LCH,LA,ASW,CE,Towers with Radar,0,15,7,15,37,0,14,10,35,59,0,29,17,50,96,0,18,18,114
05/10/2003,LCH,LA,ASW,CE,Towers with Radar,0,16,8,18,42,0,12,8,0,20,0,28,16,18,62,18,32,50,112
05/11/2003,LCH,LA,ASW,CE,Towers with Radar,0,7,7,1,15,0,7,7,0,14,0,14,14,1,29,24,2,26,55
05/12/2003,LCH,LA,ASW,CE,Towers with Radar,0,14,13,21,48,0,9,15,1,25,0,23,28,22,73,14,24,38,111
05/13/2003,LCH,LA,ASW,CE,Towers with Radar,0,11,18,23,52,0,7,18,0,25,0,18,36,23,77,18,28,46,123
05/14/2003,LCH,LA,ASW,CE,Towers with Radar,0,14,14,14,42,0,14,21,0,35,0,28,35,14,77,38,16,54,131
05/15/2003,LCH,LA,ASW,CE,Towers with Radar,2,1,22,34,59,0,30,20,0,50,2,31,42,34,109,30,32,62,171
05/16/2003,LCH,LA,ASW,CE,Towers with Radar,0,20,8,14,42,0,20,11,0,31,0,40,19,14,73,12,14,26,99
05/17/2003,LCH,LA,ASW,CE,Towers with Radar,0,20,12,4,36,0,0,7,0,7,0,20,19,4,43,46,12,58,101
05/18/2003,LCH,LA,ASW,CE,Towers with Radar,0,9,5,21,35,0,5,28,0,33,0,14,33,21,68,20,20,40,108
05/19/2003,LCH,LA,ASW,CE,Towers with Radar,0,13,16,32,61,0,31,23,0,54,0,44,39,32,115,40,48,88,203
05/20/2003,LCH,LA,ASW,CE,Towers with Radar,0,16,14,15,45,0,7,20,1,28,0,23,34,16,73,30,40,70,143
05/21/2003,LCH,LA,ASW,CE,Towers with Radar,0,15,10,10,35,0,15,19,0,34,0,30,29,10,69,24,10,34,103
05/22/2003,LCH,LA,ASW,CE,Towers with Radar,0,15,18,46,79,0,16,19,0,35,0,31,37,46,114,40,26,66,180
05/23/2003,LCH,LA,ASW,CE,Towers with Radar,0,14,22,27,63,0,11,28,2,41,0,25,50,29,104,26,64,90,194
05/24/2003,LCH,LA,ASW,CE,Towers with Radar,0,8,10,0,18,0,10,17,0,27,0,18,27,0,45,62,0,62,107
05/25/2003,LCH,LA,ASW,CE,Towers with Radar,0,11,10,0,21,0,25,4,0,29,0,36,14,0,50,12,0,12,62
05/26/2003,LCH,LA,ASW,CE,Towers with Radar,0,7,18,0,25,0,3,17,0,20,0,10,35,0,45,70,0,70,115
05/27/2003,LCH,LA,ASW,CE,Towers with Radar,0,12,15,30,57,0,14,26,0,40,0,26,41,30,97,44,24,68,165
05/28/2003,LCH,LA,ASW,CE,Towers with Radar,0,15,27,37,79,0,7,31,0,38,0,22,58,37,117,72,66,138,255
05/29/2003,LCH,LA,ASW,CE,Towers with Radar,0,28,13,25,66,0,21,20,0,41,0,49,33,25,107,38,22,60,167
05/30/2003,LCH,LA,ASW,CE,Towers with Radar,0,20,12,43,75,0,11,30,0,41,0,31,42,43,116,58,36,94,210
05/31/2003,LCH,LA,ASW,CE,Towers with Radar,0,9,13,9,31,0,7,11,0,18,0,16,24,9,49,42,12,54,103
06/01/2003,LCH,LA,ASW,CE,Towers with Radar,0,8,12,10,30,0,7,9,0,16,0,15,21,10,46,56,16,72,118
06/02/2003,LCH,LA,ASW,CE,Towers with Radar,0,17,10,32,59,0,28,13,1,42,0,45,23,33,101,38,32,70,171
06/03/2003,LCH,LA,ASW,CE,Towers with Radar,0,15,23,21,59,0,12,12,1,25,0,27,35,22,84,36,12,48,132
06/04/2003,LCH,LA,ASW,CE,Towers with Radar,0,15,15,0,30,0,5,24,0,29,0,20,39,0,59,20,0,20,79
06/05/2003,LCH,LA,ASW,CE,Towers with Radar,0,15,11,0,26,0,8,12,0,20,0,23,23,0,46,0,0,0,46
06/06/2003,LCH,LA,ASW,CE,Towers with Radar,0,19,16,23,58,0,14,7,0,21,0,33,23,23,79,44,16,60,139
06/07/2003,LCH,LA,ASW,CE,Towers with Radar,0,11,18,6,35,0,8,17,0,25,0,19,35,6,60,54,12,66,126
06/08/2003,LCH,LA,ASW,CE,Towers with Radar,0,15,8,16,39,0,9,18,0,27,0,24,26,16,66,42,18,60,126
06/09/2003,LCH,LA,ASW,CE,Towers with Radar,0,20,17,10,47,0,12,17,0,29,0,32,34,10,76,44,20,64,140
06/10/2003,LCH,LA,ASW,CE,Towers with Radar,0,11,15,27,53,0,13,21,11,45,0,24,36,38,98,8,24,32,130
06/11/2003,LCH,LA,ASW,CE,Towers with Radar,0,14,9,20,43,0,15,6,0,21,0,29,15,20,64,0,14,14,78
06/12/2003,LCH,LA,ASW,CE,Towers with Radar,0,16,16,0,32,0,18,9,0,27,0,34,25,0,59,30,0,30,89
06/13/2003,LCH,LA,ASW,CE,Towers with Radar,3,17,5,4,29,0,12,18,0,30,3,29,23,4,59,16,4,20,79
06/14/2003,LCH,LA,ASW,CE,Towers with Radar,1,10,4,4,19,0,4,11,0,15,1,14,15,4,34,0,4,4,38
06/15/2003,LCH,LA,ASW,CE,Towers with Radar,0,7,7,4,18,0,4,3,0,7,0,11,10,4,25,6,2,8,33
06/16/2003,LCH,LA,ASW,CE,Towers with Radar,2,23,9,6,40,0,3,0,0,3,2,26,9,6,43,22,6,28,71
06/17/2003,LCH,LA,ASW,CE,Towers with Radar,0,16,9,0,25,0,4,22,0,26,0,20,31,0,51,34,0,34,85
06/18/2003,LCH,LA,ASW,CE,Towers with Radar,0,18,9,24,51,0,16,17,1,34,0,34,26,25,85,16,12,28,113
06/19/2003,LCH,LA,ASW,CE,Towers with Radar,0,16,16,31,63,0,24,19,0,43,0,40,35,31,106,10,42,52,158
06/20/2003,LCH,LA,ASW,CE,Towers with Radar,0,16,22,7,45,0,6,22,4,32,0,22,44,11,77,4,6,10,87
06/21/2003,LCH,LA,ASW,CE,Towers with Radar,0,11,16,0,27,0,11,23,1,35,0,22,39,1,62,48,2,50,112
06/22/2003,LCH,LA,ASW,CE,Towers with Radar,0,10,7,18,35,0,13,13,0,26,0,23,20,18,61,18,20,38,99
06/23/2003,LCH,LA,ASW,CE,Towers with Radar,0,27,8,15,50,0,12,22,1,35,0,39,30,16,85,32,18,50,135
06/24/2003,LCH,LA,ASW,CE,Towers with Radar,0,15,2,18,35,0,14,21,1,36,0,29,23,19,71,22,22,44,115
06/25/2003,LCH,LA,ASW,CE,Towers with Radar,0,21,11,0,32,0,17,13,0,30,0,38,24,0,62,32,0,32,94
06/26/2003,LCH,LA,ASW,CE,Towers with Radar,0,16,18,2,36,0,4,16,0,20,0,20,34,2,56,28,2,30,86
06/27/2003,LCH,LA,ASW,CE,Towers with Radar,0,24,5,4,33,0,13,18,2,33,0,37,23,6,66,18,4,22,88
06/28/2003,LCH,LA,ASW,CE,Towers with Radar,0,15,23,29,67,0,8,22,0,30,0,23,45,29,97,34,42,76,173
06/29/2003,LCH,LA,ASW,CE,Towers with Radar,0,23,6,2,31,0,7,9,0,16,0,30,15,2,47,68,10,78,125
06/30/2003,LCH,LA,ASW,CE,Towers with Radar,0,12,4,0,16,0,10,7,0,17,0,22,11,0,33,38,6,44,77
07/01/2003,LCH,LA,ASW,CE,Towers with Radar,0,15,8,12,35,0,16,20,0,36,0,31,28,12,71,16,4,20,91
07/02/2003,LCH,LA,ASW,CE,Towers with Radar,0,18,24,14,56,0,9,13,0,22,0,27,37,14,78,22,10,32,110
07/03/2003,LCH,LA,ASW,CE,Towers with Radar,0,21,15,5,41,0,10,25,1,36,0,31,40,6,77,18,0,18,95
07/04/2003,LCH,LA,ASW,CE,Towers with Radar,0,13,8,0,21,0,6,12,0,18,0,19,20,0,39,36,0,36,75
07/05/2003,LCH,LA,ASW,CE,Towers with Radar,0,16,2,0,18,0,17,6,1,24,0,33,8,1,42,30,0,30,72
07/06/2003,LCH,LA,ASW,CE,Towers with Radar,0,15,2,0,17,0,22,11,0,33,0,37,13,0,50,74,0,74,124
07/07/2003,LCH,LA,ASW,CE,Towers with Radar,0,19,7,16,42,0,16,19,0,35,0,35,26,16,77,52,16,68,145
07/08/2003,LCH,LA,ASW,CE,Towers with Radar,0,14,13,5,32,0,15,19,2,36,0,29,32,7,68,16,2,18,86
07/09/2003,LCH,LA,ASW,CE,Towers with Radar,0,17,12,17,46,0,18,23,1,42,0,35,35,18,88,24,40,64,152
07/10/2003,LCH,LA,ASW,CE,Towers with Radar,0,13,16,13,42,0,15,22,0,37,0,28,38,13,79,28,10,38,117
07/11/2003,LCH,LA,ASW,CE,Towers with Radar,0,13,7,0,20,0,13,20,0,33,0,26,27,0,53,24,0,24,77
07/12/2003,LCH,LA,ASW,CE,Towers with Radar,0,12,18,0,30,0,9,26,0,35,0,21,44,0,65,28,2,30,95
07/13/2003,LCH,LA,ASW,CE,Towers with Radar,0,8,6,7,21,0,10,14,0,24,0,18,20,7,45,42,14,56,101
07/14/2003,LCH,LA,ASW,CE,Towers with Radar,0,12,24,0,36,0,55,15,0,70,0,67,39,0,106,8,0,8,114
07/15/2003,LCH,LA,ASW,CE,Towers with Radar,0,16,0,1,17,0,62,5,0,67,0,78,5,1,84,2,0,2,86
07/16/2003,LCH,LA,ASW,CE,Towers with Radar,0,16,9,32,57,0,31,12,0,43,0,47,21,32,100,26,24,50,150
07/17/2003,LCH,LA,ASW,CE,Towers with Radar,0,24,5,8,37,0,19,30,0,49,0,43,35,8,86,22,4,26,112
07/18/2003,LCH,LA,ASW,CE,Towers with Radar,0,23,11,15,49,0,27,30,6,63,0,50,41,21,112,52,16,68,180
07/19/2003,LCH,LA,ASW,CE,Towers with Radar,0,12,17,1,30,0,4,21,1,26,0,16,38,2,56,6,2,8,64
07/20/2003,LCH,LA,ASW,CE,Towers with Radar,0,8,7,20,35,0,11,36,4,51,0,19,43,24,86,58,28,86,172
07/21/2003,LCH,LA,ASW,CE,Towers with Radar,0,13,15,52,80,0,11,17,0,28,0,24,32,52,108,54,32,86,194
07/22/2003,LCH,LA,ASW,CE,Towers with Radar,0,16,8,21,45,0,26,17,0,43,0,42,25,21,88,30,20,50,138
07/23/2003,LCH,LA,ASW,CE,Towers with Radar,0,13,5,4,22,0,25,13,0,38,0,38,18,4,60,48,4,52,112
07/24/2003,LCH,LA,ASW,CE,Towers with Radar,0,17,10,18,45,0,14,26,2,42,0,31,36,20,87,18,10,28,115
07/25/2003,LCH,LA,ASW,CE,Towers with Radar,0,15,3,2,20,0,16,15,0,31,0,31,18,2,51,62,2,64,115
07/26/2003,LCH,LA,ASW,CE,Towers with Radar,0,11,10,2,23,0,5,15,0,20,0,16,25,2,43,6,2,8,51
07/27/2003,LCH,LA,ASW,CE,Towers with Radar,0,8,3,24,35,0,6,10,0,16,0,14,13,24,51,52,34,86,137
07/28/2003,LCH,LA,ASW,CE,Towers with Radar,0,14,7,15,36,0,12,31,3,46,0,26,38,18,82,46,38,84,166
07/29/2003,LCH,LA,ASW,CE,Towers with Radar,0,16,23,20,59,0,16,32,2,50,0,32,55,22,109,44,22,66,175
07/30/2003,LCH,LA,ASW,CE,Towers with Radar,0,21,9,5,35,0,10,21,2,33,0,31,30,7,68,40,18,58,126
07/31/2003,LCH,LA,ASW,CE,Towers with Radar,0,15,10,15,40,0,8,10,0,18,0,23,20,15,58,20,8,28,86
08/01/2003,LCH,LA,ASW,CE,Towers with Radar,0,17,11,14,42,0,13,26,0,39,0,30,37,14,81,20,14,34,115
08/02/2003,LCH,LA,ASW,CE,Towers with Radar,0,17,2,0,19,0,6,31,0,37,0,23,33,0,56,46,12,58,114
08/03/2003,LCH,LA,ASW,CE,Towers with Radar,0,8,11,9,28,0,2,19,1,22,0,10,30,10,50,22,8,30,80
08/04/2003,LCH,LA,ASW,CE,Towers with Radar,0,22,11,16,49,0,16,24,0,40,0,38,35,16,89,70,24,94,183
08/05/2003,LCH,LA,ASW,CE,Towers with Radar,0,12,13,26,51,0,13,28,0,41,0,25,41,26,92,60,38,98,190
08/06/2003,LCH,LA,ASW,CE,Towers with Radar,0,15,5,23,43,0,15,20,4,39,0,30,25,27,82,16,22,38,120
08/07/2003,LCH,LA,ASW,CE,Towers with Radar,0,25,13,36,74,0,18,55,1,74,0,43,68,37,148,32,24,56,204
08/08/2003,LCH,LA,ASW,CE,Towers with Radar,1,10,8,20,39,0,15,22,0,37,1,25,30,20,76,36,22,58,134
08/09/2003,LCH,LA,ASW,CE,Towers with Radar,0,32,6,0,38,0,12,26,0,38,0,44,32,0,76,38,0,38,114
08/10/2003,LCH,LA,ASW,CE,Towers with Radar,0,20,4,12,36,0,8,33,2,43,0,28,37,14,79,56,24,80,159
08/11/2003,LCH,LA,ASW,CE,Towers with Radar,0,10,14,0,24,0,25,16,0,41,0,35,30,0,65,26,0,26,91
08/12/2003,LCH,LA,ASW,CE,Towers with Radar,0,11,12,23,46,0,13,14,1,28,0,24,26,24,74,38,16,54,128
08/13/2003,LCH,LA,ASW,CE,Towers with Radar,0,19,2,4,25,0,20,20,0,40,0,39,22,4,65,50,4,54,119
08/14/2003,LCH,LA,ASW,CE,Towers with Radar,0,15,13,13,41,0,20,25,0,45,0,35,38,13,86,32,6,38,124
08/15/2003,LCH,LA,ASW,CE,Towers with Radar,0,29,15,7,51,0,12,20,0,32,0,41,35,7,83,30,6,36,119
08/16/2003,LCH,LA,ASW,CE,Towers with Radar,0,16,10,0,26,0,16,36,0,52,0,32,46,0,78,44,8,52,130
08/17/2003,LCH,LA,ASW,CE,Towers with Radar,0,15,9,6,30,0,11,13,0,24,0,26,22,6,54,24,4,28,82
08/18/2003,LCH,LA,ASW,CE,Towers with Radar,0,13,10,23,46,0,16,15,1,32,0,29,25,24,78,60,22,82,160
08/19/2003,LCH,LA,ASW,CE,Towers with Radar,0,13,14,18,45,0,17,24,0,41,0,30,38,18,86,30,18,48,134
08/20/2003,LCH,LA,ASW,CE,Towers with Radar,0,12,6,26,44,0,14,21,0,35,0,26,27,26,79,48,26,74,153
08/21/2003,LCH,LA,ASW,CE,Towers with Radar,0,15,13,4,32,0,11,23,0,34,0,26,36,4,66,18,10,28,94
08/22/2003,LCH,LA,ASW,CE,Towers with Radar,0,17,15,4,36,0,9,37,0,46,0,26,52,4,82,42,14,56,138
08/23/2003,LCH,LA,ASW,CE,Towers with Radar,0,11,2,24,37,0,5,23,0,28,0,16,25,24,65,36,14,50,115
08/24/2003,LCH,LA,ASW,CE,Towers with Radar,0,18,13,31,62,0,4,36,6,46,0,22,49,37,108,38,12,50,158
08/25/2003,LCH,LA,ASW,CE,Towers with Radar,0,15,16,24,55,0,12,13,0,25,0,27,29,24,80,30,20,50,130
08/26/2003,LCH,LA,ASW,CE,Towers with Radar,0,14,11,2,27,0,9,21,0,30,0,23,32,2,57,10,2,12,69
08/27/2003,LCH,LA,ASW,CE,Towers with Radar,0,9,29,8,46,0,6,16,0,22,0,15,45,8,68,24,6,30,98
08/28/2003,LCH,LA,ASW,CE,Towers with Radar,0,17,18,10,45,0,16,18,0,34,0,33,36,10,79,6,4,10,89
08/29/2003,LCH,LA,ASW,CE,Towers with Radar,0,14,8,7,29,0,14,10,0,24,0,28,18,7,53,26,4,30,83
08/30/2003,LCH,LA,ASW,CE,Towers with Radar,0,11,8,1,20,0,0,3,0,3,0,11,11,1,23,2,2,4,27
08/31/2003,LCH,LA,ASW,CE,Towers with Radar,0,5,2,0,7,0,4,0,0,4,0,9,2,0,11,0,0,0,11
09/01/2003,LCH,LA,ASW,CE,Towers with Radar,0,10,10,0,20,0,9,25,0,34,0,19,35,0,54,4,0,4,58
09/02/2003,LCH,LA,ASW,CE,Towers with Radar,0,9,13,12,34,0,20,19,0,39,0,29,32,12,73,14,6,20,93
09/03/2003,LCH,LA,ASW,CE,Towers with Radar,0,10,11,15,36,0,18,23,13,54,0,28,34,28,90,28,28,56,146
09/04/2003,LCH,LA,ASW,CE,Towers with Radar,0,10,9,20,39,0,11,23,1,35,0,21,32,21,74,18,18,36,110
09/05/2003,LCH,LA,ASW,CE,Towers with Radar,2,23,6,2,33,0,13,23,0,36,2,36,29,2,69,28,0,28,97
09/06/2003,LCH,LA,ASW,CE,Towers with Radar,0,7,13,8,28,0,3,31,0,34,0,10,44,8,62,84,18,102,164
09/07/2003,LCH,LA,ASW,CE,Towers with Radar,0,6,18,17,41,0,3,24,2,29,0,9,42,19,70,20,8,28,98
09/08/2003,LCH,LA,ASW,CE,Towers with Radar,0,18,11,20,49,0,11,16,0,27,0,29,27,20,76,78,16,94,170
09/09/2003,LCH,LA,ASW,CE,Towers with Radar,0,11,10,2,23,0,11,17,2,30,0,22,27,4,53,16,6,22,75
09/10/2003,LCH,LA,ASW,CE,Towers with Radar,0,13,9,4,26,0,21,24,0,45,0,34,33,4,71,32,4,36,107
09/11/2003,LCH,LA,ASW,CE,Towers with Radar,0,19,15,0,34,0,19,17,0,36,0,38,32,0,70,16,0,16,86
09/12/2003,LCH,LA,ASW,CE,Towers with Radar,0,14,8,0,22,0,0,2,0,2,0,14,10,0,24,2,0,2,26
09/13/2003,LCH,LA,ASW,CE,Towers with Radar,0,9,15,18,42,0,7,25,0,32,0,16,40,18,74,46,34,80,154
09/14/2003,LCH,LA,ASW,CE,Towers with Radar,0,9,17,15,41,0,13,24,1,38,0,22,41,16,79,30,10,40,119
09/15/2003,LCH,LA,ASW,CE,Towers with Radar,0,12,16,2,30,0,23,26,1,50,0,35,42,3,80,80,2,82,162
09/16/2003,LCH,LA,ASW,CE,Towers with Radar,0,21,10,16,47,0,26,32,3,61,0,47,42,19,108,76,34,110,218
09/17/2003,LCH,LA,ASW,CE,Towers with Radar,0,8,14,0,22,0,31,39,0,70,0,39,53,0,92,24,2,26,118
09/18/2003,LCH,LA,ASW,CE,Towers with Radar,0,8,13,12,33,0,14,26,0,40,0,22,39,12,73,28,10,38,111
09/19/2003,LCH,LA,ASW,CE,Towers with Radar,0,12,29,25,66,0,10,25,0,35,0,22,54,25,101,8,26,34,135
09/20/2003,LCH,LA,ASW,CE,Towers with Radar,0,16,9,12,37,0,13,12,2,27,0,29,21,14,64,44,32,76,140
09/21/2003,LCH,LA,ASW,CE,Towers with Radar,0,8,3,0,11,0,0,1,0,1,0,8,4,0,12,44,32,76,88
09/22/2003,LCH,LA,ASW,CE,Towers with Radar,0,17,9,20,46,0,10,16,0,26,0,27,25,20,72,8,16,24,96
09/23/2003,LCH,LA,ASW,CE,Towers with Radar,0,13,13,37,63,0,16,33,1,50,0,29,46,38,113,74,42,116,229
09/24/2003,LCH,LA,ASW,CE,Towers with Radar,0,12,9,25,46,0,19,26,0,45,0,31,35,25,91,26,14,40,131
09/25/2003,LCH,LA,ASW,CE,Towers with Radar,0,18,13,10,41,0,10,32,0,42,0,28,45,10,83,10,12,22,105
09/26/2003,LCH,LA,ASW,CE,Towers with Radar,0,15,12,2,29,0,14,24,0,38,0,29,36,2,67,18,2,20,87
09/27/2003,LCH,LA,ASW,CE,Towers with Radar,0,14,20,0,34,0,13,25,0,38,0,27,45,0,72,48,4,52,124
09/28/2003,LCH,LA,ASW,CE,Towers with Radar,0,8,3,13,24,0,11,31,1,43,0,19,34,14,67,6,6,12,79
09/29/2003,LCH,LA,ASW,CE,Towers with Radar,0,12,6,26,44,0,10,17,2,29,0,22,23,28,73,32,26,58,131
09/30/2003,LCH,LA,ASW,CE,Towers with Radar,0,10,4,2,16,0,24,12,0,36,0,34,16,2,52,32,2,34,86
10/01/2003,LCH,LA,ASW,CE,Towers with Radar,0,12,8,23,43,0,12,23,10,45,0,24,31,33,88,40,64,104,192
10/02/2003,LCH,LA,ASW,CE,Towers with Radar,0,12,13,34,59,0,17,17,0,34,0,29,30,34,93,12,32,44,137
10/03/2003,LCH,LA,ASW,CE,Towers with Radar,0,19,12,26,57,0,26,21,0,47,0,45,33,26,104,20,20,40,144
10/04/2003,LCH,LA,ASW,CE,Towers with Radar,0,18,7,7,32,0,7,37,0,44,0,25,44,7,76,48,8,56,132
10/05/2003,LCH,LA,ASW,CE,Towers with Radar,0,18,6,4,28,0,2,22,0,24,0,20,28,4,52,52,6,58,110
10/06/2003,LCH,LA,ASW,CE,Towers with Radar,0,18,17,0,35,0,4,8,0,12,0,22,25,0,47,54,6,60,107
10/07/2003,LCH,LA,ASW,CE,Towers with Radar,0,9,13,12,34,0,6,18,0,24,0,15,31,12,58,32,8,40,98
10/08/2003,LCH,LA,ASW,CE,Towers with Radar,0,12,23,16,51,0,5,9,0,14,0,17,32,16,65,50,16,66,131
10/09/2003,LCH,LA,ASW,CE,Towers with Radar,0,11,10,0,21,0,0,1,0,1,0,11,11,0,22,0,0,0,22
10/10/2003,LCH,LA,ASW,CE,Towers with Radar,0,15,10,5,30,0,1,1,0,2,0,16,11,5,32,22,4,26,58
10/11/2003,LCH,LA,ASW,CE,Towers with Radar,0,22,16,10,48,0,7,8,0,15,0,29,24,10,63,14,4,18,81
10/12/2003,LCH,LA,ASW,CE,Towers with Radar,0,9,20,9,38,0,3,19,1,23,0,12,39,10,61,22,4,26,87
10/13/2003,LCH,LA,ASW,CE,Towers with Radar,0,12,6,8,26,0,6,22,0,28,0,18,28,8,54,32,6,38,92
10/14/2003,LCH,LA,ASW,CE,Towers with Radar,0,8,9,2,19,0,14,21,0,35,0,22,30,2,54,24,6,30,84
10/15/2003,LCH,LA,ASW,CE,Towers with Radar,0,8,12,28,48,0,14,33,0,47,0,22,45,28,95,28,20,48,143
10/16/2003,LCH,LA,ASW,CE,Towers with Radar,0,11,11,28,50,0,11,29,0,40,0,22,40,28,90,36,16,52,142
10/17/2003,LCH,LA,ASW,CE,Towers with Radar,2,13,12,21,48,0,11,24,0,35,2,24,36,21,83,8,20,28,111
10/18/2003,LCH,LA,ASW,CE,Towers with Radar,0,17,22,21,60,0,7,36,7,50,0,24,58,28,110,68,24,92,202
10/19/2003,LCH,LA,ASW,CE,Towers with Radar,2,9,7,0,18,0,8,28,1,37,2,17,35,1,55,20,0,20,75
10/20/2003,LCH,LA,ASW,CE,Towers with Radar,0,12,2,13,27,0,9,29,0,38,0,21,31,13,65,54,14,68,133
10/21/2003,LCH,LA,ASW,CE,Towers with Radar,0,11,17,42,70,0,13,44,1,58,0,24,61,43,128,22,22,44,172
10/22/2003,LCH,LA,ASW,CE,Towers with Radar,0,8,12,26,46,0,17,25,0,42,0,25,37,26,88,8,26,34,122
10/23/2003,LCH,LA,ASW,CE,Towers with Radar,0,10,12,46,68,0,17,24,0,41,0,27,36,46,109,22,66,88,197
10/24/2003,LCH,LA,ASW,CE,Towers with Radar,0,14,11,8,33,0,6,28,0,34,0,20,39,8,67,12,8,20,87
10/25/2003,LCH,LA,ASW,CE,Towers with Radar,0,8,6,0,14,0,14,4,6,24,0,22,10,6,38,28,4,32,70
10/26/2003,LCH,LA,ASW,CE,Towers with Radar,0,9,14,4,27,0,0,0,0,0,0,9,14,4,27,4,4,8,35
10/27/2003,LCH,LA,ASW,CE,Towers with Radar,0,11,14,2,27,0,7,16,0,23,0,18,30,2,50,18,6,24,74
10/28/2003,LCH,LA,ASW,CE,Towers with Radar,0,10,18,8,36,0,14,23,0,37,0,24,41,8,73,56,12,68,141
10/29/2003,LCH,LA,ASW,CE,Towers with Radar,0,10,8,12,30,0,22,27,0,49,0,32,35,12,79,30,10,40,119
10/30/2003,LCH,LA,ASW,CE,Towers with Radar,0,10,31,6,47,0,13,17,0,30,0,23,48,6,77,14,8,22,99
10/31/2003,LCH,LA,ASW,CE,Towers with Radar,0,11,12,20,43,0,18,10,1,29,0,29,22,21,72,6,6,12,84
11/01/2003,LCH,LA,ASW,CE,Towers with Radar,0,23,5,10,38,0,9,29,0,38,0,32,34,10,76,62,12,74,150
11/02/2003,LCH,LA,ASW,CE,Towers with Radar,0,6,4,10,20,0,17,15,0,32,0,23,19,10,52,22,8,30,82
11/03/2003,LCH,LA,ASW,CE,Towers with Radar,0,13,7,36,56,0,38,10,0,48,0,51,17,36,104,16,14,30,134
11/04/2003,LCH,LA,ASW,CE,Towers with Radar,0,10,4,26,40,0,8,10,0,18,0,18,14,26,58,38,14,52,110
11/05/2003,LCH,LA,ASW,CE,Towers with Radar,0,8,10,17,35,0,5,20,0,25,0,13,30,17,60,28,10,38,98
11/06/2003,LCH,LA,ASW,CE,Towers with Radar,0,15,27,2,44,0,10,8,0,18,0,25,35,2,62,14,2,16,78
11/07/2003,LCH,LA,ASW,CE,Towers with Radar,0,12,31,28,71,0,13,7,0,20,0,25,38,28,91,14,28,42,133
11/08/2003,LCH,LA,ASW,CE,Towers with Radar,0,8,13,6,27,0,4,17,0,21,0,12,30,6,48,44,6,50,98
11/09/2003,LCH,LA,ASW,CE,Towers with Radar,0,14,36,13,63,0,17,23,1,41,0,31,59,14,104,12,14,26,130
11/10/2003,LCH,LA,ASW,CE,Towers with Radar,0,12,5,0,17,0,14,13,0,27,0,26,18,0,44,20,6,26,70
11/11/2003,LCH,LA,ASW,CE,Towers with Radar,0,11,16,8,35,0,12,14,0,26,0,23,30,8,61,0,6,6,67
11/12/2003,LCH,LA,ASW,CE,Towers with Radar,0,13,19,24,56,0,11,22,0,33,0,24,41,24,89,52,14,66,155
11/13/2003,LCH,LA,ASW,CE,Towers with Radar,0,13,14,12,39,0,8,4,0,12,0,21,18,12,51,4,12,16,67
11/14/2003,LCH,LA,ASW,CE,Towers with Radar,0,19,10,21,50,0,17,20,0,37,0,36,30,21,87,24,26,50,137
11/15/2003,LCH,LA,ASW,CE,Towers with Radar,0,7,5,0,12,0,6,18,0,24,0,13,23,0,36,0,6,6,42
11/16/2003,LCH,LA,ASW,CE,Towers with Radar,0,9,12,3,24,0,3,7,2,12,0,12,19,5,36,4,8,12,48
11/17/2003,LCH,LA,ASW,CE,Towers with Radar,0,13,10,0,23,0,9,2,0,11,0,22,12,0,34,0,8,8,42
11/18/2003,LCH,LA,ASW,CE,Towers with Radar,0,12,10,15,37,0,4,4,0,8,0,16,14,15,45,0,8,8,53
11/19/2003,LCH,LA,ASW,CE,Towers with Radar,0,12,18,35,65,0,12,13,0,25,0,24,31,35,90,10,24,34,124
11/20/2003,LCH,LA,ASW,CE,Towers with Radar,0,16,8,2,26,0,18,30,2,50,0,34,38,4,76,18,0,18,94
11/21/2003,LCH,LA,ASW,CE,Towers with Radar,0,10,11,17,38,0,10,18,0,28,0,20,29,17,66,16,14,30,96
11/22/2003,LCH,LA,ASW,CE,Towers with Radar,0,14,10,0,24,0,9,25,0,34,0,23,35,0,58,38,12,50,108
11/23/2003,LCH,LA,ASW,CE,Towers with Radar,0,16,16,6,38,0,12,1,0,13,0,28,17,6,51,0,14,14,65
11/24/2003,LCH,LA,ASW,CE,Towers with Radar,0,28,15,27,70,0,7,18,0,25,0,35,33,27,95,15,8,23,118
11/25/2003,LCH,LA,ASW,CE,Towers with Radar,0,19,13,32,64,0,20,21,0,41,0,39,34,32,105,8,20,28,133
11/26/2003,LCH,LA,ASW,CE,Towers with Radar,0,10,17,18,45,0,4,9,0,13,0,14,26,18,58,8,8,16,74
11/27/2003,LCH,LA,ASW,CE,Towers with Radar,0,6,5,0,11,0,4,9,0,13,0,10,14,0,24,0,0,0,24
11/28/2003,LCH,LA,ASW,CE,Towers with Radar,0,17,12,0,29,0,5,11,0,16,0,22,23,0,45,2,0,2,47
11/29/2003,LCH,LA,ASW,CE,Towers with Radar,0,24,22,0,46,0,6,40,0,46,0,30,62,0,92,26,6,32,124
11/30/2003,LCH,LA,ASW,CE,Towers with Radar,1,7,21,0,29,0,3,26,0,29,1,10,47,0,58,24,0,24,82
12/01/2003,LCH,LA,ASW,CE,Towers with Radar,0,14,4,13,31,0,16,10,0,26,0,30,14,13,57,8,4,12,69
12/02/2003,LCH,LA,ASW,CE,Towers with Radar,0,10,13,34,57,0,31,9,0,40,0,41,22,34,97,18,22,40,137
12/03/2003,LCH,LA,ASW,CE,Towers with Radar,0,11,7,0,18,0,28,8,0,36,0,39,15,0,54,8,16,24,78
12/04/2003,LCH,LA,ASW,CE,Towers with Radar,0,13,16,68,97,0,12,7,1,20,0,25,23,69,117,6,66,72,189
12/05/2003,LCH,LA,ASW,CE,Towers with Radar,0,11,8,32,51,0,22,16,0,38,0,33,24,32,89,14,28,42,131
12/06/2003,LCH,LA,ASW,CE,Towers with Radar,0,8,13,18,39,0,11,23,0,34,0,19,36,18,73,64,14,78,151
12/07/2003,LCH,LA,ASW,CE,Towers with Radar,0,7,6,20,33,0,11,32,2,45,0,18,38,22,78,64,12,76,154
12/08/2003,LCH,LA,ASW,CE,Towers with Radar,0,18,4,28,50,0,17,5,1,23,0,35,9,29,73,18,24,42,115
12/09/2003,LCH,LA,ASW,CE,Towers with Radar,0,16,3,15,34,0,19,0,0,19,0,35,3,15,53,42,36,78,131
12/10/2003,LCH,LA,ASW,CE,Towers with Radar,0,8,25,32,65,0,5,10,0,15,0,13,35,32,80,12,30,42,122
12/11/2003,LCH,LA,ASW,CE,Towers with Radar,0,12,14,38,64,0,15,31,0,46,0,27,45,38,110,14,28,42,152
12/12/2003,LCH,LA,ASW,CE,Towers with Radar,0,15,27,38,80,0,12,12,0,24,0,27,39,38,104,8,36,44,148
12/13/2003,LCH,LA,ASW,CE,Towers with Radar,3,10,25,8,46,0,4,2,0,6,3,14,27,8,52,2,8,10,62
12/14/2003,LCH,LA,ASW,CE,Towers with Radar,0,8,9,5,22,0,7,25,0,32,0,15,34,5,54,10,4,14,68
12/15/2003,LCH,LA,ASW,CE,Towers with Radar,0,11,23,40,74,0,11,6,1,18,0,22,29,41,92,6,34,40,132
12/16/2003,LCH,LA,ASW,CE,Towers with Radar,0,10,8,25,43,0,6,10,0,16,0,16,18,25,59,10,24,34,93
12/17/2003,LCH,LA,ASW,CE,Towers with Radar,0,12,11,16,39,0,15,31,0,46,0,27,42,16,85,26,12,38,123
12/18/2003,LCH,LA,ASW,CE,Towers with Radar,0,17,18,20,55,0,11,21,0,32,0,28,39,20,87,18,24,42,129
12/19/2003,LCH,LA,ASW,CE,Towers with Radar,0,17,17,28,62,0,15,19,0,34,0,32,36,28,96,10,32,42,138
12/20/2003,LCH,LA,ASW,CE,Towers with Radar,0,9,13,2,24,0,5,31,0,36,0,14,44,2,60,38,8,46,106
12/21/2003,LCH,LA,ASW,CE,Towers with Radar,0,7,13,0,20,0,6,23,0,29,0,13,36,0,49,42,2,44,93
12/22/2003,LCH,LA,ASW,CE,Towers with Radar,0,21,13,18,52,0,2,14,0,16,0,23,27,18,68,4,10,14,82
12/23/2003,LCH,LA,ASW,CE,Towers with Radar,0,10,7,13,30,0,5,12,0,17,0,15,19,13,47,16,20,36,83
12/24/2003,LCH,LA,ASW,CE,Towers with Radar,0,14,10,0,24,0,7,24,1,32,0,21,34,1,56,30,0,30,86
12/25/2003,LCH,LA,ASW,CE,Towers with Radar,0,5,3,0,8,0,2,4,1,7,0,7,7,1,15,16,0,16,31
12/26/2003,LCH,LA,ASW,CE,Towers with Radar,0,9,16,0,25,0,10,11,0,21,0,19,27,0,46,20,0,20,66
12/27/2003,LCH,LA,ASW,CE,Towers with Radar,0,7,19,0,26,0,11,27,0,38,0,18,46,0,64,68,0,68,132
12/28/2003,LCH,LA,ASW,CE,Towers with Radar,0,6,11,2,19,0,7,15,1,23,0,13,26,3,42,46,0,46,88
12/29/2003,LCH,LA,ASW,CE,Towers with Radar,0,12,6,4,22,0,7,14,0,21,0,19,20,4,43,38,4,42,85
12/30/2003,LCH,LA,ASW,CE,Towers with Radar,0,14,5,22,41,0,14,46,0,60,0,28,51,22,101,28,22,50,151
12/31/2003,LCH,LA,ASW,CE,Towers with Radar,0,10,8,0,18,0,8,20,0,28,0,18,28,0,46,22,0,22,68
01/01/2004,LCH,LA,ASW,CE,Towers with Radar,0,10,5,0,15,0,1,0,0,1,0,11,5,0,16,0,0,0,16
01/02/2004,LCH,LA,ASW,CE,Towers with Radar,0,14,8,2,24,0,1,0,0,1,0,15,8,2,25,4,0,4,29
01/03/2004,LCH,LA,ASW,CE,Towers with Radar,0,7,8,0,15,0,4,19,0,23,0,11,27,0,38,26,0,26,64
01/04/2004,LCH,LA,ASW,CE,Towers with Radar,0,7,9,0,16,0,7,6,0,13,0,14,15,0,29,4,0,4,33
01/05/2004,LCH,LA,ASW,CE,Towers with Radar,0,21,12,0,33,0,12,4,0,16,0,33,16,0,49,20,0,20,69
01/06/2004,LCH,LA,ASW,CE,Towers with Radar,0,9,12,4,25,0,9,9,0,18,0,18,21,4,43,90,8,98,141
01/07/2004,LCH,LA,ASW,CE,Towers with Radar,0,11,16,18,45,0,19,25,0,44,0,30,41,18,89,42,18,60,149
01/08/2004,LCH,LA,ASW,CE,Towers with Radar,0,13,15,2,30,0,2,0,0,2,0,15,15,2,32,0,0,0,32
01/09/2004,LCH,LA,ASW,CE,Towers with Radar,0,16,23,29,68,0,15,18,0,33,0,31,41,29,101,62,28,90,191
01/10/2004,LCH,LA,ASW,CE,Towers with Radar,0,23,20,8,51,0,18,30,29,77,0,41,50,37,128,68,8,76,204
01/11/2004,LCH,LA,ASW,CE,Towers with Radar,0,23,21,7,51,0,12,38,0,50,0,35,59,7,101,60,10,70,171
01/12/2004,LCH,LA,ASW,CE,Towers with Radar,0,12,16,14,42,0,11,8,0,19,0,23,24,14,61,0,8,8,69
01/13/2004,LCH,LA,ASW,CE,Towers with Radar,0,12,7,28,47,0,12,8,0,20,0,24,15,28,67,56,18,74,141
01/14/2004,LCH,LA,ASW,CE,Towers with Radar,0,12,23,29,64,0,20,15,0,35,0,32,38,29,99,82,46,128,227
01/15/2004,LCH,LA,ASW,CE,Towers with Radar,0,13,21,18,52,0,22,12,0,34,0,35,33,18,86,26,16,42,128
01/16/2004,LCH,LA,ASW,CE,Towers with Radar,0,11,10,7,28,0,6,3,0,9,0,17,13,7,37,10,6,16,53
01/17/2004,LCH,LA,ASW,CE,Towers with Radar,0,12,3,0,15,0,0,0,0,0,0,12,3,0,15,6,0,6,21
01/18/2004,LCH,LA,ASW,CE,Towers with Radar,0,7,13,3,23,0,14,4,3,21,0,21,17,6,44,4,8,12,56
01/19/2004,LCH,LA,ASW,CE,Towers with Radar,0,13,9,2,24,0,8,21,0,29,0,21,30,2,53,10,12,22,75
01/20/2004,LCH,LA,ASW,CE,Towers with Radar,0,9,7,28,44,0,23,19,1,43,0,32,26,29,87,20,14,34,121
01/21/2004,LCH,LA,ASW,CE,Towers with Radar,0,13,24,30,67,0,18,24,1,43,0,31,48,31,110,36,22,58,168
01/22/2004,LCH,LA,ASW,CE,Towers with Radar,0,12,9,10,31,0,15,24,0,39,0,27,33,10,70,6,6,12,82
01/23/2004,LCH,LA,ASW,CE,Towers with Radar,0,13,17,34,64,0,14,36,1,51,0,27,53,35,115,20,34,54,169
01/24/2004,LCH,LA,ASW,CE,Towers with Radar,0,27,8,0,35,0,10,6,0,16,0,37,14,0,51,24,16,40,91
01/25/2004,LCH,LA,ASW,CE,Towers with Radar,0,24,2,15,41,0,8,31,0,39,0,32,33,15,80,12,16,28,108
01/26/2004,LCH,LA,ASW,CE,Towers with Radar,0,23,16,18,57,0,17,13,0,30,0,40,29,18,87,60,16,76,163
01/27/2004,LCH,LA,ASW,CE,Towers with Radar,0,10,4,30,44,0,5,11,0,16,0,15,15,30,60,40,26,66,126
01/28/2004,LCH,LA,ASW,CE,Towers with Radar,0,13,11,14,38,0,10,20,1,31,0,23,31,15,69,50,14,64,133
01/29/2004,LCH,LA,ASW,CE,Towers with Radar,0,10,8,4,22,0,20,5,1,26,0,30,13,5,48,38,4,42,90
01/30/2004,LCH,LA,ASW,CE,Towers with Radar,0,28,21,2,51,0,2,0,0,2,0,30,21,2,53,16,2,18,71
01/31/2004,LCH,LA,ASW,CE,Towers with Radar,0,9,5,28,42,0,4,10,0,14,0,13,15,28,56,52,28,80,136
02/01/2004,LCH,LA,ASW,CE,Towers with Radar,0,13,5,26,44,0,3,10,0,13,0,16,15,26,57,50,26,76,133
02/02/2004,LCH,LA,ASW,CE,Towers with Radar,0,19,9,15,43,0,5,7,0,12,0,24,16,15,55,32,18,50,105
02/03/2004,LCH,LA,ASW,CE,Towers with Radar,0,14,13,27,54,0,11,31,2,44,0,25,44,29,98,68,48,116,214
02/04/2004,LCH,LA,ASW,CE,Towers with Radar,0,13,3,21,37,0,10,10,2,22,0,23,13,23,59,68,24,92,151
02/05/2004,LCH,LA,ASW,CE,Towers with Radar,0,13,9,14,36,0,0,4,0,4,0,13,13,14,40,12,14,26,66
02/06/2004,LCH,LA,ASW,CE,Towers with Radar,0,8,18,26,52,0,4,6,2,12,0,12,24,28,64,10,24,34,98
02/07/2004,LCH,LA,ASW,CE,Towers with Radar,0,12,4,0,16,0,5,37,0,42,0,17,41,0,58,8,0,8,66
02/08/2004,LCH,LA,ASW,CE,Towers with Radar,0,6,12,16,34,0,7,17,3,27,0,13,29,19,61,66,24,90,151
02/09/2004,LCH,LA,ASW,CE,Towers with Radar,0,25,9,8,42,0,16,4,1,21,0,41,13,9,63,48,8,56,119
02/10/2004,LCH,LA,ASW,CE,Towers with Radar,0,12,6,0,18,0,4,0,0,4,0,16,6,0,22,0,0,0,22
02/11/2004,LCH,LA,ASW,CE,Towers with Radar,0,18,7,0,25,0,1,0,0,1,0,19,7,0,26,0,0,0,26
02/12/2004,LCH,LA,ASW,CE,Towers with Radar,0,17,11,30,58,0,13,2,3,18,0,30,13,33,76,4,22,26,102
02/13/2004,LCH,LA,ASW,CE,Towers with Radar,0,9,14,0,23,0,7,0,0,7,0,16,14,0,30,8,0,8,38
02/14/2004,LCH,LA,ASW,CE,Towers with Radar,0,10,12,0,22,0,0,2,0,2,0,10,14,0,24,10,0,10,34
02/15/2004,LCH,LA,ASW,CE,Towers with Radar,0,14,7,1,22,0,10,14,0,24,0,24,21,1,46,16,4,20,66
02/16/2004,LCH,LA,ASW,CE,Towers with Radar,0,14,11,21,46,0,10,16,0,26,0,24,27,21,72,32,18,50,122
02/17/2004,LCH,LA,ASW,CE,Towers with Radar,0,23,17,23,63,0,17,10,0,27,0,40,27,23,90,54,10,64,154
02/18/2004,LCH,LA,ASW,CE,Towers with Radar,0,14,20,32,66,0,12,30,0,42,0,26,50,32,108,38,18,56,164
02/19/2004,LCH,LA,ASW,CE,Towers with Radar,0,20,15,42,77,0,16,19,0,35,0,36,34,42,112,48,42,90,202
02/20/2004,LCH,LA,ASW,CE,Towers with Radar,0,10,13,24,47,0,10,6,0,16,0,20,19,24,63,0,18,18,81
02/21/2004,LCH,LA,ASW,CE,Towers with Radar,0,7,14,22,43,0,6,22,0,28,0,13,36,22,71,76,28,104,175
02/22/2004,LCH,LA,ASW,CE,Towers with Radar,0,9,17,18,44,0,7,21,1,29,0,16,38,19,73,96,18,114,187
02/23/2004,LCH,LA,ASW,CE,Towers with Radar,0,13,8,0,21,0,0,0,0,0,0,13,8,0,21,14,0,14,35
02/24/2004,LCH,LA,ASW,CE,Towers with Radar,0,10,6,0,16,0,4,4,3,11,0,14,10,3,27,8,0,8,35
02/25/2004,LCH,LA,ASW,CE,Towers with Radar,0,17,18,24,59,0,3,0,2,5,0,20,18,26,64,6,26,32,96
02/26/2004,LCH,LA,ASW,CE,Towers with Radar,0,9,22,16,47,0,14,20,0,34,0,23,42,16,81,56,12,68,149
02/27/2004,LCH,LA,ASW,CE,Towers with Radar,0,16,11,11,38,0,18,38,0,56,0,34,49,11,94,30,22,52,146
02/28/2004,LCH,LA,ASW,CE,Towers with Radar,0,7,16,14,37,0,3,17,0,20,0,10,33,14,57,54,22,76,133
02/29/2004,LCH,LA,ASW,CE,Towers with Radar,0,7,8,10,25,0,5,6,0,11,0,12,14,10,36,36,16,52,88
03/01/2004,LCH,LA,ASW,CE,Towers with Radar,0,24,9,10,43,0,7,1,0,8,0,31,10,10,51,16,10,26,77
03/02/2004,LCH,LA,ASW,CE,Towers with Radar,0,7,17,16,40,0,6,4,1,11,0,13,21,17,51,8,14,22,73
03/03/2004,LCH,LA,ASW,CE,Towers with Radar,0,17,11,46,74,0,13,0,1,14,0,30,11,47,88,50,56,106,194
03/04/2004,LCH,LA,ASW,CE,Towers with Radar,0,17,18,15,50,0,5,3,0,8,0,22,21,15,58,10,12,22,80
03/05/2004,LCH,LA,ASW,CE,Towers with Radar,0,17,25,0,42,0,0,0,0,0,0,17,25,0,42,0,4,4,46
03/06/2004,LCH,LA,ASW,CE,Towers with Radar,0,19,12,8,39,0,5,51,0,56,0,24,63,8,95,92,12,104,199
03/07/2004,LCH,LA,ASW,CE,Towers with Radar,0,8,10,3,21,0,8,39,0,47,0,16,49,3,68,30,4,34,102
03/08/2004,LCH,LA,ASW,CE,Towers with Radar,0,12,7,24,43,0,10,23,2,35,0,22,30,26,78,22,20,42,120
03/09/2004,LCH,LA,ASW,CE,Towers with Radar,0,14,10,44,68,0,18,17,0,35,0,32,27,44,103,22,38,60,163
03/10/2004,LCH,LA,ASW,CE,Towers with Radar,0,18,8,14,40,0,26,31,0,57,0,44,39,14,97,22,12,34,131
03/11/2004,LCH,LA,ASW,CE,Towers with Radar,0,13,9,20,42,0,24,16,1,41,0,37,25,21,83,32,22,54,137
03/12/2004,LCH,LA,ASW,CE,Towers with Radar,0,12,18,40,70,0,18,22,0,40,0,30,40,40,110,28,44,72,182
03/13/2004,LCH,LA,ASW,CE,Towers with Radar,0,14,10,14,38,0,5,16,0,21,0,19,26,14,59,72,18,90,149
03/14/2004,LCH,LA,ASW,CE,Towers with Radar,0,10,2,0,12,0,2,2,0,4,0,12,4,0,16,0,0,0,16
03/15/2004,LCH,LA,ASW,CE,Towers with Radar,0,13,16,7,36,0,4,2,0,6,0,17,18,7,42,18,12,30,72
03/16/2004,LCH,LA,ASW,CE,Towers with Radar,0,10,12,29,51,0,19,20,2,41,0,29,32,31,92,42,18,60,152
03/17/2004,LCH,LA,ASW,CE,Towers with Radar,0,10,9,16,35,0,18,18,0,36,0,28,27,16,71,10,16,26,97
03/18/2004,LCH,LA,ASW,CE,Towers with Radar,0,13,14,25,52,0,13,17,0,30,0,26,31,25,82,8,20,28,110
03/19/2004,LCH,LA,ASW,CE,Towers with Radar,0,10,13,7,30,0,3,9,0,12,0,13,22,7,42,10,16,26,68
03/20/2004,LCH,LA,ASW,CE,Towers with Radar,0,7,11,2,20,0,5,25,0,30,0,12,36,2,50,48,12,60,110
03/21/2004,LCH,LA,ASW,CE,Towers with Radar,0,8,5,12,25,0,2,9,0,11,0,10,14,12,36,26,18,44,80
03/22/2004,LCH,LA,ASW,CE,Towers with Radar,0,11,15,17,43,0,18,5,0,23,0,29,20,17,66,38,18,56,122
03/23/2004,LCH,LA,ASW,CE,Towers with Radar,0,9,11,21,41,0,15,10,0,25,0,24,21,21,66,16,12,28,94
03/24/2004,LCH,LA,ASW,CE,Towers with Radar,0,10,17,20,47,0,18,17,0,35,0,28,34,20,82,18,14,32,114
03/25/2004,LCH,LA,ASW,CE,Towers with Radar,0,11,18,29,58,0,16,5,1,22,0,27,23,30,80,2,30,32,112
03/26/2004,LCH,LA,ASW,CE,Towers with Radar,0,14,15,28,57,0,20,17,0,37,0,34,32,28,94,20,18,38,132
03/27/2004,LCH,LA,ASW,CE,Towers with Radar,0,13,18,4,35,0,18,13,0,31,0,31,31,4,66,12,4,16,82
03/28/2004,LCH,LA,ASW,CE,Towers with Radar,0,13,18,0,31,0,9,13,0,22,0,22,31,0,53,6,0,6,59
03/29/2004,LCH,LA,ASW,CE,Towers with Radar,0,13,17,0,30,0,6,4,0,10,0,19,21,0,40,22,2,24,64
03/30/2004,LCH,LA,ASW,CE,Towers with Radar,0,12,22,7,41,0,20,20,0,40,0,32,42,7,81,22,12,34,115
03/31/2004,LCH,LA,ASW,CE,Towers with Radar,0,10,20,23,53,0,17,30,0,47,0,27,50,23,100,10,2,12,112
04/01/2004,LCH,LA,ASW,CE,Towers with Radar,0,12,22,32,66,0,23,22,0,45,0,35,44,32,111,40,14,54,165
04/02/2004,LCH,LA,ASW,CE,Towers with Radar,0,10,19,31,60,0,11,20,0,31,0,21,39,31,91,46,32,78,169
04/03/2004,LCH,LA,ASW,CE,Towers with Radar,0,8,9,1,18,0,9,18,0,27,0,17,27,1,45,100,6,106,151
04/04/2004,LCH,LA,ASW,CE,Towers with Radar,0,17,11,4,32,0,1,30,1,32,0,18,41,5,64,82,14,96,160
04/05/2004,LCH,LA,ASW,CE,Towers with Radar,0,30,16,11,57,0,10,12,1,23,0,40,28,12,80,86,12,98,178
04/06/2004,LCH,LA,ASW,CE,Towers with Radar,2,6,10,14,32,0,10,3,0,13,2,16,13,14,45,6,4,10,55
04/07/2004,LCH,LA,ASW,CE,Towers with Radar,0,12,10,48,70,0,7,7,0,14,0,19,17,48,84,14,38,52,136
04/08/2004,LCH,LA,ASW,CE,Towers with Radar,0,17,24,42,83,0,6,22,0,28,0,23,46,42,111,20,32,52,163
04/09/2004,LCH,LA,ASW,CE,Towers with Radar,0,9,17,32,58,0,7,36,2,45,0,16,53,34,103,48,20,68,171
04/10/2004,LCH,LA,ASW,CE,Towers with Radar,0,14,5,45,64,0,2,9,0,11,0,16,14,45,75,22,44,66,141
04/11/2004,LCH,LA,ASW,CE,Towers with Radar,0,14,15,0,29,0,3,0,0,3,0,17,15,0,32,6,2,8,40
04/12/2004,LCH,LA,ASW,CE,Towers with Radar,0,19,27,16,62,0,9,2,0,11,0,28,29,16,73,80,18,98,171
04/13/2004,LCH,LA,ASW,CE,Towers with Radar,0,8,18,15,41,0,8,26,0,34,0,16,44,15,75,14,28,42,117
04/14/2004,LCH,LA,ASW,CE,Towers with Radar,0,11,12,49,72,0,8,39,0,47,0,19,51,49,119,26,72,98,217
04/15/2004,LCH,LA,ASW,CE,Towers with Radar,0,12,9,36,57,0,36,27,0,63,0,48,36,36,120,8,22,30,150
04/16/2004,LCH,LA,ASW,CE,Towers with Radar,0,10,12,15,37,0,8,27,0,35,0,18,39,15,72,24,16,40,112
04/17/2004,LCH,LA,ASW,CE,Towers with Radar,0,7,10,18,35,0,4,20,4,28,0,11,30,22,63,56,18,74,137
04/18/2004,LCH,LA,ASW,CE,Towers with Radar,0,8,8,15,31,0,2,15,1,18,0,10,23,16,49,8,12,20,69
04/19/2004,LCH,LA,ASW,CE,Towers with Radar,0,12,14,3,29,0,15,30,0,45,0,27,44,3,74,44,2,46,120
04/20/2004,LCH,LA,ASW,CE,Towers with Radar,0,9,13,29,51,0,7,11,0,18,0,16,24,29,69,146,34,180,249
04/21/2004,LCH,LA,ASW,CE,Towers with Radar,0,15,16,6,37,0,20,22,0,42,0,35,38,6,79,20,8,28,107
04/22/2004,LCH,LA,ASW,CE,Towers with Radar,0,12,19,13,44,0,16,27,1,44,0,28,46,14,88,14,10,24,112
04/23/2004,LCH,LA,ASW,CE,Towers with Radar,0,13,11,38,62,0,11,5,2,18,0,24,16,40,80,2,60,62,142
04/24/2004,LCH,LA,ASW,CE,Towers with Radar,0,8,4,0,12,0,2,1,0,3,0,10,5,0,15,0,0,0,15
04/25/2004,LCH,LA,ASW,CE,Towers with Radar,0,11,5,1,17,0,8,4,0,12,0,19,9,1,29,12,2,14,43
04/26/2004,LCH,LA,ASW,CE,Towers with Radar,0,11,27,20,58,0,12,21,1,34,0,23,48,21,92,30,50,80,172
04/27/2004,LCH,LA,ASW,CE,Towers with Radar,0,8,17,19,44,0,21,53,0,74,0,29,70,19,118,2,18,20,138
04/28/2004,LCH,LA,ASW,CE,Towers with Radar,0,11,11,22,44,0,17,33,0,50,0,28,44,22,94,28,24,52,146
04/29/2004,LCH,LA,ASW,CE,Towers with Radar,0,10,13,28,51,0,17,27,0,44,0,27,40,28,95,28,18,46,141
04/30/2004,LCH,LA,ASW,CE,Towers with Radar,0,20,22,16,58,0,2,40,28,70,0,22,62,44,128,36,12,48,176
05/01/2004,LCH,LA,ASW,CE,Towers with Radar,0,7,7,0,14,0,4,4,0,8,0,11,11,0,22,14,0,14,36
05/02/2004,LCH,LA,ASW,CE,Towers with Radar,0,50,18,8,76,0,8,15,0,23,0,58,33,8,99,52,6,58,157
05/03/2004,LCH,LA,ASW,CE,Towers with Radar,0,32,6,49,87,0,18,25,0,43,0,50,31,49,130,114,60,174,304
05/04/2004,LCH,LA,ASW,CE,Towers with Radar,0,20,14,0,34,0,20,42,1,63,0,40,56,1,97,88,20,108,205
05/05/2004,LCH,LA,ASW,CE,Towers with Radar,0,14,13,29,56,0,16,31,1,48,0,30,44,30,104,62,16,78,182
05/06/2004,LCH,LA,ASW,CE,Towers with Radar,0,13,16,7,36,0,22,51,1,74,0,35,67,8,110,20,8,28,138
05/07/2004,LCH,LA,ASW,CE,Towers with Radar,0,11,11,11,33,0,11,37,0,48,0,22,48,11,81,40,28,68,149
05/08/2004,LCH,LA,ASW,CE,Towers with Radar,0,9,27,9,45,0,5,18,0,23,0,14,45,9,68,34,10,44,112
05/09/2004,LCH,LA,ASW,CE,Towers with Radar,0,20,3,1,24,0,1,16,0,17,0,21,19,1,41,52,8,60,101
05/10/2004,LCH,LA,ASW,CE,Towers with Radar,0,12,11,2,25,0,15,24,0,39,0,27,35,2,64,4,2,6,70
05/11/2004,LCH,LA,ASW,CE,Towers with Radar,0,16,15,18,49,0,12,21,1,34,0,28,36,19,83,30,12,42,125
05/12/2004,LCH,LA,ASW,CE,Towers with Radar,0,16,27,3,46,0,5,8,1,14,0,21,35,4,60,8,4,12,72
05/13/2004,LCH,LA,ASW,CE,Towers with Radar,0,20,18,0,38,0,13,11,0,24,0,33,29,0,62,42,0,42,104
05/14/2004,LCH,LA,ASW,CE,Towers with Radar,0,12,5,3,20,0,10,3,0,13,0,22,8,3,33,17,2,19,52
05/15/2004,LCH,LA,ASW,CE,Towers with Radar,0,19,12,6,37,0,5,5,0,10,0,24,17,6,47,18,6,24,71
05/16/2004,LCH,LA,ASW,CE,Towers with Radar,0,7,5,6,18,0,5,1,0,6,0,12,6,6,24,6,0,6,30
05/17/2004,LCH,LA,ASW,CE,Towers with Radar,0,10,11,0,21,0,1,21,0,22,0,11,32,0,43,2,0,2,45
05/18/2004,LCH,LA,ASW,CE,Towers with Radar,0,13,23,4,40,0,10,5,2,17,0,23,28,6,57,2,0,2,59
05/19/2004,LCH,LA,ASW,CE,Towers with Radar,0,18,9,12,39,0,13,10,0,23,0,31,19,12,62,4,10,14,76
05/20/2004,LCH,LA,ASW,CE,Towers with Radar,0,11,26,16,53,0,20,37,0,57,0,31,63,16,110,2,22,24,134
05/21/2004,LCH,LA,ASW,CE,Towers with Radar,0,16,6,9,31,0,17,37,0,54,0,33,43,9,85,20,16,36,121
05/22/2004,LCH,LA,ASW,CE,Towers with Radar,0,7,6,10,23,0,3,23,0,26,0,10,29,10,49,86,18,104,153
05/23/2004,LCH,LA,ASW,CE,Towers with Radar,0,9,17,6,32,0,0,22,2,24,0,9,39,8,56,12,8,20,76
05/24/2004,LCH,LA,ASW,CE,Towers with Radar,0,11,13,12,36,0,8,19,0,27,0,19,32,12,63,8,8,16,79
05/25/2004,LCH,LA,ASW,CE,Towers with Radar,0,10,47,42,99,0,11,26,0,37,0,21,73,42,136,60,42,102,238
05/26/2004,LCH,LA,ASW,CE,Towers with Radar,0,11,16,32,59,0,22,27,0,49,0,33,43,32,108,52,34,86,194
05/27/2004,LCH,LA,ASW,CE,Towers with Radar,0,9,13,70,92,0,27,31,0,58,0,36,44,70,150,30,70,100,250
05/28/2004,LCH,LA,ASW,CE,Towers with Radar,0,9,16,18,43,0,17,25,0,42,0,26,41,18,85,0,14,14,99
05/29/2004,LCH,LA,ASW,CE,Towers with Radar,0,8,19,2,29,0,8,10,0,18,0,16,29,2,47,28,2,30,77
05/30/2004,LCH,LA,ASW,CE,Towers with Radar,0,14,7,0,21,0,7,8,0,15,0,21,15,0,36,44,0,44,80
05/31/2004,LCH,LA,ASW,CE,Towers with Radar,0,6,14,0,20,0,3,17,0,20,0,9,31,0,40,32,0,32,72
06/01/2004,LCH,LA,ASW,CE,Towers with Radar,0,9,11,9,29,0,13,12,0,25,0,22,23,9,54,58,14,72,126
06/02/2004,LCH,LA,ASW,CE,Towers with Radar,0,8,11,9,28,0,16,38,3,57,0,24,49,12,85,28,10,38,123
06/03/2004,LCH,LA,ASW,CE,Towers with Radar,0,12,16,12,40,0,2,25,16,43,0,14,41,28,83,28,22,50,133
06/04/2004,LCH,LA,ASW,CE,Towers with Radar,0,14,18,13,45,0,10,30,5,45,0,24,48,18,90,34,22,56,146
06/05/2004,LCH,LA,ASW,CE,Towers with Radar,0,6,9,0,15,0,14,11,0,25,0,20,20,0,40,28,0,28,68
06/06/2004,LCH,LA,ASW,CE,Towers with Radar,0,8,11,8,27,0,5,26,1,32,0,13,37,9,59,14,4,18,77
06/07/2004,LCH,LA,ASW,CE,Towers with Radar,0,13,16,12,41,0,13,15,8,36,0,26,31,20,77,2,18,20,97
06/08/2004,LCH,LA,ASW,CE,Towers with Radar,1,9,10,4,24,1,26,7,0,34,2,35,17,4,58,8,4,12,70
06/09/2004,LCH,LA,ASW,CE,Towers with Radar,0,10,12,10,32,0,24,16,2,42,0,34,28,12,74,18,6,24,98
06/10/2004,LCH,LA,ASW,CE,Towers with Radar,0,18,20,17,55,0,9,23,13,45,0,27,43,30,100,48,26,74,174
06/11/2004,LCH,LA,ASW,CE,Towers with Radar,0,21,21,8,50,0,4,40,0,44,0,25,61,8,94,14,10,24,118
06/12/2004,LCH,LA,ASW,CE,Towers with Radar,0,8,8,5,21,0,3,8,0,11,0,11,16,5,32,24,0,24,56
06/13/2004,LCH,LA,ASW,CE,Towers with Radar,0,8,14,19,41,0,0,0,13,13,0,8,14,32,54,8,14,22,76
06/14/2004,LCH,LA,ASW,CE,Towers with Radar,0,12,12,2,26,0,10,14,0,24,0,22,26,2,50,18,2,20,70
06/15/2004,LCH,LA,ASW,CE,Towers with Radar,0,15,15,0,30,0,23,32,0,55,0,38,47,0,85,8,0,8,93
06/16/2004,LCH,LA,ASW,CE,Towers with Radar,0,6,5,0,11,0,5,8,0,13,0,11,13,0,24,8,0,8,32
06/17/2004,LCH,LA,ASW,CE,Towers with Radar,0,12,12,6,30,0,16,48,0,64,0,28,60,6,94,8,2,10,104
06/18/2004,LCH,LA,ASW,CE,Towers with Radar,0,18,21,17,56,0,0,26,13,39,0,18,47,30,95,6,26,32,127
06/19/2004,LCH,LA,ASW,CE,Towers with Radar,0,8,8,0,16,0,2,13,0,15,0,10,21,0,31,54,4,58,89
06/20/2004,LCH,LA,ASW,CE,Towers with Radar,0,11,11,4,26,0,14,1,0,15,0,25,12,4,41,34,6,40,81
06/21/2004,LCH,LA,ASW,CE,Towers with Radar,0,15,15,12,42,0,6,15,5,26,0,21,30,17,68,16,12,28,96
06/22/2004,LCH,LA,ASW,CE,Towers with Radar,0,12,14,10,36,0,24,11,11,46,0,36,25,21,82,52,12,64,146
06/23/2004,LCH,LA,ASW,CE,Towers with Radar,0,11,12,7,30,0,0,8,13,21,0,11,20,20,51,12,16,28,79
06/24/2004,LCH,LA,ASW,CE,Towers with Radar,0,9,10,0,19,0,5,13,0,18,0,14,23,0,37,12,0,12,49
06/25/2004,LCH,LA,ASW,CE,Towers with Radar,0,5,5,0,10,0,3,3,0,6,0,8,8,0,16,0,0,0,16
06/26/2004,LCH,LA,ASW,CE,Towers with Radar,0,4,5,0,9,0,4,5,0,9,0,8,10,0,18,4,0,4,22
06/27/2004,LCH,LA,ASW,CE,Towers with Radar,0,6,6,0,12,0,6,14,0,20,0,12,20,0,32,36,0,36,68
06/28/2004,LCH,LA,ASW,CE,Towers with Radar,0,13,15,0,28,4,16,14,0,34,4,29,29,0,62,14,0,14,76
06/29/2004,LCH,LA,ASW,CE,Towers with Radar,0,12,13,8,33,2,16,20,0,38,2,28,33,8,71,24,10,34,105
06/30/2004,LCH,LA,ASW,CE,Towers with Radar,0,10,11,0,21,0,17,16,0,33,0,27,27,0,54,28,0,28,82
07/01/2004,LCH,LA,ASW,CE,Towers with Radar,0,9,11,6,26,0,14,20,0,34,0,23,31,6,60,8,0,8,68
07/02/2004,LCH,LA,ASW,CE,Towers with Radar,0,7,8,4,19,0,20,32,0,52,0,27,40,4,71,40,4,44,115
07/03/2004,LCH,LA,ASW,CE,Towers with Radar,0,9,10,0,19,0,24,50,0,74,0,33,60,0,93,92,0,92,185
07/04/2004,LCH,LA,ASW,CE,Towers with Radar,0,2,3,0,5,0,14,15,0,29,0,16,18,0,34,48,2,50,84
07/05/2004,LCH,LA,ASW,CE,Towers with Radar,0,4,5,6,15,0,6,33,0,39,0,10,38,6,54,52,6,58,112
07/06/2004,LCH,LA,ASW,CE,Towers with Radar,0,7,8,3,18,0,15,29,0,44,0,22,37,3,62,8,0,8,70
07/07/2004,LCH,LA,ASW,CE,Towers with Radar,0,9,11,11,31,0,5,25,0,30,0,14,36,11,61,10,8,18,79
07/08/2004,LCH,LA,ASW,CE,Towers with Radar,0,8,10,4,22,0,20,19,0,39,0,28,29,4,61,40,4,44,105
07/09/2004,LCH,LA,ASW,CE,Towers with Radar,0,6,8,0,14,0,9,27,0,36,0,15,35,0,50,16,0,16,66
07/10/2004,LCH,LA,ASW,CE,Towers with Radar,0,6,9,7,22,0,7,13,0,20,0,13,22,7,42,64,6,70,112
07/11/2004,LCH,LA,ASW,CE,Towers with Radar,0,7,7,10,24,0,3,16,4,23,0,10,23,14,47,54,10,64,111
07/12/2004,LCH,LA,ASW,CE,Towers with Radar,0,14,14,12,40,0,18,29,0,47,0,32,43,12,87,24,8,32,119
07/13/2004,LCH,LA,ASW,CE,Towers with Radar,0,16,16,20,52,0,7,20,14,41,0,23,36,34,93,20,4,24,117
07/14/2004,LCH,LA,ASW,CE,Towers with Radar,0,13,13,17,43,0,6,18,10,34,0,19,31,27,77,2,18,20,97
07/15/2004,LCH,LA,ASW,CE,Towers with Radar,0,11,10,13,34,0,18,33,1,52,0,29,43,14,86,42,14,56,142
07/16/2004,LCH,LA,ASW,CE,Towers with Radar,0,18,19,20,57,0,7,27,0,34,0,25,46,20,91,22,20,42,133
07/17/2004,LCH,LA,ASW,CE,Towers with Radar,0,13,13,10,36,0,6,18,0,24,0,19,31,10,60,82,16,98,158
07/18/2004,LCH,LA,ASW,CE,Towers with Radar,0,10,11,14,35,0,0,6,4,10,0,10,17,18,45,22,12,34,79
07/19/2004,LCH,LA,ASW,CE,Towers with Radar,0,23,23,29,75,0,0,1,35,36,0,23,24,64,111,8,38,46,157
07/20/2004,LCH,LA,ASW,CE,Towers with Radar,0,12,12,12,36,0,9,48,0,57,0,21,60,12,93,90,40,130,223
07/21/2004,LCH,LA,ASW,CE,Towers with Radar,0,18,18,22,58,0,2,19,10,31,0,20,37,32,89,44,22,66,155
07/22/2004,LCH,LA,ASW,CE,Towers with Radar,0,13,14,14,41,0,13,17,0,30,0,26,31,14,71,16,14,30,101
07/23/2004,LCH,LA,ASW,CE,Towers with Radar,0,20,22,24,66,0,2,16,2,20,0,22,38,26,86,2,28,30,116
07/24/2004,LCH,LA,ASW,CE,Towers with Radar,0,10,24,20,54,0,0,12,0,12,0,10,36,20,66,82,30,112,178
07/25/2004,LCH,LA,ASW,CE,Towers with Radar,0,10,10,11,31,3,0,12,21,36,3,10,22,32,67,4,10,14,81
07/26/2004,LCH,LA,ASW,CE,Towers with Radar,0,13,14,16,43,0,15,9,5,29,0,28,23,21,72,40,14,54,126
07/27/2004,LCH,LA,ASW,CE,Towers with Radar,0,15,19,22,56,0,0,3,6,9,0,15,22,28,65,44,32,76,141
07/28/2004,LCH,LA,ASW,CE,Towers with Radar,0,15,16,18,49,4,17,13,1,35,4,32,29,19,84,6,18,24,108
07/29/2004,LCH,LA,ASW,CE,Towers with Radar,0,9,10,2,21,0,23,14,0,37,0,32,24,2,58,38,2,40,98
07/30/2004,LCH,LA,ASW,CE,Towers with Radar,0,15,17,4,36,0,32,8,0,40,0,47,25,4,76,50,8,58,134
07/31/2004,LCH,LA,ASW,CE,Towers with Radar,0,9,10,8,27,0,5,28,0,33,0,14,38,8,60,64,8,72,132
08/01/2004,LCH,LA,ASW,CE,Towers with Radar,0,5,5,0,10,0,15,12,0,27,0,20,17,0,37,6,0,6,43
08/02/2004,LCH,LA,ASW,CE,Towers with Radar,0,11,11,5,27,0,18,16,0,34,0,29,27,5,61,32,4,36,97
08/03/2004,LCH,LA,ASW,CE,Towers with Radar,0,15,13,20,48,0,12,28,0,40,0,27,41,20,88,62,20,82,170
08/04/2004,LCH,LA,ASW,CE,Towers with Radar,0,15,14,14,43,0,18,26,0,44,0,33,40,14,87,54,10,64,151
08/05/2004,LCH,LA,ASW,CE,Towers with Radar,0,15,15,21,51,0,27,24,2,53,0,42,39,23,104,56,20,76,180
08/06/2004,LCH,LA,ASW,CE,Towers with Radar,0,16,15,22,53,0,13,22,10,45,0,29,37,32,98,30,30,60,158
08/07/2004,LCH,LA,ASW,CE,Towers with Radar,0,11,9,14,34,0,7,25,6,38,0,18,34,20,72,62,22,84,156
08/08/2004,LCH,LA,ASW,CE,Towers with Radar,0,9,7,7,23,0,3,17,0,20,0,12,24,7,43,72,18,90,133
08/09/2004,LCH,LA,ASW,CE,Towers with Radar,0,11,7,9,27,0,24,43,0,67,0,35,50,9,94,78,8,86,180
08/10/2004,LCH,LA,ASW,CE,Towers with Radar,0,11,7,13,31,0,19,24,25,68,0,30,31,38,99,102,42,144,243
08/11/2004,LCH,LA,ASW,CE,Towers with Radar,0,22,16,15,53,0,4,14,0,18,0,26,30,15,71,24,14,38,109
08/12/2004,LCH,LA,ASW,CE,Towers with Radar,0,14,10,12,36,0,8,27,0,35,0,22,37,12,71,30,12,42,113
08/13/2004,LCH,LA,ASW,CE,Towers with Radar,0,14,11,6,31,0,15,44,0,59,0,29,55,6,90,28,6,34,124
08/14/2004,LCH,LA,ASW,CE,Towers with Radar,0,10,21,9,40,0,0,24,0,24,0,10,45,9,64,86,24,110,174
08/15/2004,LCH,LA,ASW,CE,Towers with Radar,0,8,16,12,36,0,0,9,0,9,0,8,25,12,45,62,22,84,129
08/16/2004,LCH,LA,ASW,CE,Towers with Radar,0,10,8,10,28,0,7,39,0,46,0,17,47,10,74,40,8,48,122
08/17/2004,LCH,LA,ASW,CE,Towers with Radar,0,20,17,24,61,0,2,16,8,26,0,22,33,32,87,16,52,68,155
08/18/2004,LCH,LA,ASW,CE,Towers with Radar,0,14,11,14,39,0,18,23,10,51,0,32,34,24,90,40,12,52,142
08/19/2004,LCH,LA,ASW,CE,Towers with Radar,0,17,14,20,51,0,23,31,9,63,0,40,45,29,114,74,14,88,202
08/20/2004,LCH,LA,ASW,CE,Towers with Radar,0,12,10,15,37,0,9,11,17,37,0,21,21,32,74,40,26,66,140
08/21/2004,LCH,LA,ASW,CE,Towers with Radar,0,5,4,6,15,0,16,10,2,28,0,21,14,8,43,112,6,118,161
08/22/2004,LCH,LA,ASW,CE,Towers with Radar,0,10,8,0,18,0,32,9,0,41,0,42,17,0,59,100,4,104,163
08/23/2004,LCH,LA,ASW,CE,Towers with Radar,0,8,6,6,20,0,19,15,0,34,0,27,21,6,54,98,6,104,158
08/24/2004,LCH,LA,ASW,CE,Towers with Radar,0,13,11,16,40,0,13,24,2,39,0,26,35,18,79,34,14,48,127
08/25/2004,LCH,LA,ASW,CE,Towers with Radar,0,20,17,25,62,0,6,12,32,50,0,26,29,57,112,56,60,116,228
08/26/2004,LCH,LA,ASW,CE,Towers with Radar,0,22,19,27,68,0,16,26,13,55,0,38,45,40,123,48,40,88,211
08/27/2004,LCH,LA,ASW,CE,Towers with Radar,0,16,13,11,40,0,13,58,0,71,0,29,71,11,111,52,4,56,167
08/28/2004,LCH,LA,ASW,CE,Towers with Radar,0,9,8,10,27,0,10,20,0,30,0,19,28,10,57,62,12,74,131
08/29/2004,LCH,LA,ASW,CE,Towers with Radar,0,9,7,4,20,0,7,20,0,27,0,16,27,4,47,70,12,82,129
08/30/2004,LCH,LA,ASW,CE,Towers with Radar,0,17,14,16,47,0,23,25,0,48,0,40,39,16,95,44,16,60,155
08/31/2004,LCH,LA,ASW,CE,Towers with Radar,0,16,13,18,47,0,18,37,0,55,0,34,50,18,102,106,16,122,224
09/01/2004,LCH,LA,ASW,CE,Towers with Radar,0,13,18,20,51,0,11,16,0,27,0,24,34,20,78,16,22,38,116
09/02/2004,LCH,LA,ASW,CE,Towers with Radar,0,13,18,22,53,0,19,17,6,42,0,32,35,28,95,12,20,32,127
09/03/2004,LCH,LA,ASW,CE,Towers with Radar,0,7,9,0,16,0,10,11,0,21,0,17,20,0,37,8,6,14,51
09/04/2004,LCH,LA,ASW,CE,Towers with Radar,0,5,7,8,20,0,5,19,0,24,0,10,26,8,44,44,12,56,100
09/05/2004,LCH,LA,ASW,CE,Towers with Radar,0,5,6,6,17,0,0,24,0,24,0,5,30,6,41,28,6,34,75
09/06/2004,LCH,LA,ASW,CE,Towers with Radar,0,7,7,2,16,0,1,61,0,62,0,8,68,2,78,14,2,16,94
09/07/2004,LCH,LA,ASW,CE,Towers with Radar,0,11,14,10,35,0,20,9,0,29,0,31,23,10,64,16,14,30,94
09/08/2004,LCH,LA,ASW,CE,Towers with Radar,0,17,20,25,62,0,4,0,19,23,0,21,20,44,85,36,66,102,187
09/09/2004,LCH,LA,ASW,CE,Towers with Radar,0,13,17,21,51,0,15,24,25,64,0,28,41,46,115,16,56,72,187
09/10/2004,LCH,LA,ASW,CE,Towers with Radar,0,7,4,12,23,0,15,0,0,15,0,22,4,12,38,22,10,32,70
09/11/2004,LCH,LA,ASW,CE,Towers with Radar,0,5,10,12,27,0,0,36,0,36,0,5,46,12,63,68,38,106,169
09/12/2004,LCH,LA,ASW,CE,Towers with Radar,0,10,12,6,28,0,0,10,0,10,0,10,22,6,38,32,6,38,76
09/13/2004,LCH,LA,ASW,CE,Towers with Radar,0,10,14,10,34,0,9,15,0,24,0,19,29,10,58,68,18,86,144
09/14/2004,LCH,LA,ASW,CE,Towers with Radar,0,10,14,5,29,0,34,25,0,59,0,44,39,5,88,44,8,52,140
09/15/2004,LCH,LA,ASW,CE,Towers with Radar,0,8,12,15,35,0,16,17,7,40,0,24,29,22,75,52,18,70,145
09/16/2004,LCH,LA,ASW,CE,Towers with Radar,0,6,8,6,20,0,60,22,0,82,0,66,30,6,102,22,6,28,130
09/17/2004,LCH,LA,ASW,CE,Towers with Radar,0,9,12,6,27,1,14,13,0,28,1,23,25,6,55,0,8,8,63
09/18/2004,LCH,LA,ASW,CE,Towers with Radar,0,10,13,3,26,0,3,32,0,35,0,13,45,3,61,74,12,86,147
09/19/2004,LCH,LA,ASW,CE,Towers with Radar,0,6,10,2,18,2,7,24,0,33,2,13,34,2,51,24,2,26,77
09/20/2004,LCH,LA,ASW,CE,Towers with Radar,0,6,10,4,20,0,26,23,0,49,0,32,33,4,69,4,4,8,77
09/21/2004,LCH,LA,ASW,CE,Towers with Radar,0,13,17,19,49,0,8,19,3,30,0,21,36,22,79,30,14,44,123
09/22/2004,LCH,LA,ASW,CE,Towers with Radar,0,15,21,24,60,0,9,24,4,37,0,24,45,28,97,26,30,56,153
09/23/2004,LCH,LA,ASW,CE,Towers with Radar,0,6,10,8,24,0,15,14,0,29,0,21,24,8,53,4,6,10,63
09/24/2004,LCH,LA,ASW,CE,Towers with Radar,0,6,9,2,17,0,12,9,0,21,0,18,18,2,38,28,6,34,72
09/25/2004,LCH,LA,ASW,CE,Towers with Radar,0,3,6,0,9,0,13,20,0,33,0,16,26,0,42,78,0,78,120
09/26/2004,LCH,LA,ASW,CE,Towers with Radar,0,5,8,5,18,2,6,23,0,31,2,11,31,5,49,18,4,22,71
09/27/2004,LCH,LA,ASW,CE,Towers with Radar,0,10,15,16,41,0,13,20,27,60,0,23,35,43,101,8,46,54,155
09/28/2004,LCH,LA,ASW,CE,Towers with Radar,0,17,24,26,67,0,7,13,37,57,0,24,37,63,124,48,62,110,234
09/29/2004,LCH,LA,ASW,CE,Towers with Radar,0,8,13,7,28,0,20,24,0,44,0,28,37,7,72,82,22,104,176
09/30/2004,LCH,LA,ASW,CE,Towers with Radar,0,11,17,19,47,0,10,28,9,47,0,21,45,28,94,4,28,32,126
10/01/2004,LCH,LA,ASW,CE,Combined TRACON& Tower with Radar,0,14,2,8,24,0,15,15,0,30,0,29,17,8,54,8,10,18,72
10/02/2004,LCH,LA,ASW,CE,Combined TRACON& Tower with Radar,0,8,6,0,14,0,1,5,0,6,0,9,11,0,20,6,0,6,26
10/03/2004,LCH,LA,ASW,CE,Combined TRACON& Tower with Radar,0,8,16,0,24,0,0,24,0,24,0,8,40,0,48,68,4,72,120
10/04/2004,LCH,LA,ASW,CE,Combined TRACON& Tower with Radar,0,14,5,21,40,0,9,17,0,26,0,23,22,21,66,8,18,26,92
10/05/2004,LCH,LA,ASW,CE,Combined TRACON& Tower with Radar,0,16,9,22,47,0,5,23,0,28,0,21,32,22,75,46,8,54,129
10/06/2004,LCH,LA,ASW,CE,Combined TRACON& Tower with Radar,0,10,9,11,30,0,1,10,0,11,0,11,19,11,41,0,14,14,55
10/07/2004,LCH,LA,ASW,CE,Combined TRACON& Tower with Radar,0,16,10,0,26,0,3,2,0,5,0,19,12,0,31,4,0,4,35
10/08/2004,LCH,LA,ASW,CE,Combined TRACON& Tower with Radar,0,14,6,0,20,0,0,0,0,0,0,14,6,0,20,6,0,6,26
10/09/2004,LCH,LA,ASW,CE,Combined TRACON& Tower with Radar,0,11,4,0,15,0,1,0,0,1,0,12,4,0,16,0,0,0,16
10/10/2004,LCH,LA,ASW,CE,Combined TRACON& Tower with Radar,0,11,30,1,42,0,0,3,0,3,0,11,33,1,45,8,0,8,53
10/11/2004,LCH,LA,ASW,CE,Combined TRACON& Tower with Radar,0,12,12,3,27,0,0,3,15,18,0,12,15,18,45,14,4,18,63
10/12/2004,LCH,LA,ASW,CE,Combined TRACON& Tower with Radar,0,10,16,41,67,0,12,34,0,46,0,22,50,41,113,16,40,56,169
10/13/2004,LCH,LA,ASW,CE,Combined TRACON& Tower with Radar,0,8,7,10,25,0,16,31,0,47,0,24,38,10,72,4,8,12,84
10/14/2004,LCH,LA,ASW,CE,Combined TRACON& Tower with Radar,0,12,12,26,50,0,1,8,0,9,0,13,20,26,59,2,22,24,83
10/15/2004,LCH,LA,ASW,CE,Combined TRACON& Tower with Radar,0,13,17,4,34,0,1,18,0,19,0,14,35,4,53,26,8,34,87
10/16/2004,LCH,LA,ASW,CE,Combined TRACON& Tower with Radar,0,6,18,0,24,0,5,22,0,27,0,11,40,0,51,44,0,44,95
10/17/2004,LCH,LA,ASW,CE,Combined TRACON& Tower with Radar,0,9,8,10,27,0,8,10,0,18,0,17,18,10,45,52,18,70,115
10/18/2004,LCH,LA,ASW,CE,Combined TRACON& Tower with Radar,0,11,5,13,29,0,10,15,0,25,0,21,20,13,54,52,26,78,132
10/19/2004,LCH,LA,ASW,CE,Combined TRACON& Tower with Radar,0,14,9,54,77,0,10,15,0,25,0,24,24,54,102,52,62,114,216
10/20/2004,LCH,LA,ASW,CE,Combined TRACON& Tower with Radar,0,8,19,18,45,0,10,31,0,41,0,18,50,18,86,4,46,50,136
10/21/2004,LCH,LA,ASW,CE,Combined TRACON& Tower with Radar,0,22,9,14,45,0,11,21,0,32,0,33,30,14,77,14,14,28,105
10/22/2004,LCH,LA,ASW,CE,Combined TRACON& Tower with Radar,0,22,8,18,48,0,11,26,0,37,0,33,34,18,85,42,14,56,141
10/23/2004,LCH,LA,ASW,CE,Combined TRACON& Tower with Radar,0,34,13,0,47,0,6,18,0,24,0,40,31,0,71,58,0,58,129
10/24/2004,LCH,LA,ASW,CE,Combined TRACON& Tower with Radar,0,17,5,5,27,0,8,26,0,34,0,25,31,5,61,64,26,90,151
10/25/2004,LCH,LA,ASW,CE,Combined TRACON& Tower with Radar,0,17,14,26,57,0,14,29,0,43,0,31,43,26,100,90,36,126,226
10/26/2004,LCH,LA,ASW,CE,Combined TRACON& Tower with Radar,0,11,18,66,95,0,10,25,0,35,0,21,43,66,130,36,66,102,232
10/27/2004,LCH,LA,ASW,CE,Combined TRACON& Tower with Radar,0,12,17,33,62,0,12,24,0,36,0,24,41,33,98,20,38,58,156
10/28/2004,LCH,LA,ASW,CE,Combined TRACON& Tower with Radar,0,11,22,54,87,0,11,26,0,37,0,22,48,54,124,14,40,54,178
10/29/2004,LCH,LA,ASW,CE,Combined TRACON& Tower with Radar,0,10,12,10,32,0,17,23,0,40,0,27,35,10,72,10,16,26,98
10/30/2004,LCH,LA,ASW,CE,Combined TRACON& Tower with Radar,0,11,14,18,43,0,3,8,0,11,0,14,22,18,54,64,18,82,136
10/31/2004,LCH,LA,ASW,CE,Combined TRACON& Tower with Radar,0,8,13,17,38,0,2,19,0,21,0,10,32,17,59,64,20,84,143
11/01/2004,LCH,LA,ASW,CE,Combined TRACON& Tower with Radar,0,10,7,0,17,0,2,0,0,2,0,12,7,0,19,16,0,16,35
11/02/2004,LCH,LA,ASW,CE,Combined TRACON& Tower with Radar,0,11,1,0,12,0,1,0,0,1,0,12,1,0,13,54,0,54,67
11/03/2004,LCH,LA,ASW,CE,Combined TRACON& Tower with Radar,0,21,20,44,85,0,10,4,0,14,0,31,24,44,99,30,44,74,173
11/04/2004,LCH,LA,ASW,CE,Combined TRACON& Tower with Radar,0,10,14,28,52,0,13,1,0,14,0,23,15,28,66,12,20,32,98
11/05/2004,LCH,LA,ASW,CE,Combined TRACON& Tower with Radar,0,10,5,38,53,0,9,22,0,31,0,19,27,38,84,80,38,118,202
11/06/2004,LCH,LA,ASW,CE,Combined TRACON& Tower with Radar,0,7,8,0,15,0,5,26,0,31,0,12,34,0,46,78,16,94,140
11/07/2004,LCH,LA,ASW,CE,Combined TRACON& Tower with Radar,0,9,4,9,22,0,5,26,0,31,0,14,30,9,53,62,12,74,127
11/08/2004,LCH,LA,ASW,CE,Combined TRACON& Tower with Radar,0,10,18,25,53,0,12,15,0,27,0,22,33,25,80,16,14,30,110
11/09/2004,LCH,LA,ASW,CE,Combined TRACON& Tower with Radar,0,13,10,39,62,0,14,14,0,28,0,27,24,39,90,14,34,48,138
11/10/2004,LCH,LA,ASW,CE,Combined TRACON& Tower with Radar,0,7,27,52,86,0,18,5,0,23,0,25,32,52,109,24,52,76,185
11/11/2004,LCH,LA,ASW,CE,Combined TRACON& Tower with Radar,0,13,18,16,47,0,9,8,1,18,0,22,26,17,65,18,22,40,105
11/12/2004,LCH,LA,ASW,CE,Combined TRACON& Tower with Radar,0,11,24,33,68,0,11,11,0,22,0,22,35,33,90,0,26,26,116
11/13/2004,LCH,LA,ASW,CE,Combined TRACON& Tower with Radar,0,6,12,25,43,0,3,2,0,5,0,9,14,25,48,6,20,26,74
11/14/2004,LCH,LA,ASW,CE,Combined TRACON& Tower with Radar,0,6,17,18,41,0,1,0,0,1,0,7,17,18,42,16,16,32,74
11/15/2004,LCH,LA,ASW,CE,Combined TRACON& Tower with Radar,0,10,11,47,68,0,8,0,0,8,0,18,11,47,76,16,50,66,142
11/16/2004,LCH,LA,ASW,CE,Combined TRACON& Tower with Radar,0,9,43,35,87,0,8,18,0,26,0,17,61,35,113,30,26,56,169
11/17/2004,LCH,LA,ASW,CE,Combined TRACON& Tower with Radar,0,10,9,0,19,0,15,4,0,19,0,25,13,0,38,0,0,0,38
11/18/2004,LCH,LA,ASW,CE,Combined TRACON& Tower with Radar,0,10,30,32,72,0,13,16,0,29,0,23,46,32,101,28,34,62,163
11/19/2004,LCH,LA,ASW,CE,Combined TRACON& Tower with Radar,0,13,13,12,38,0,4,15,0,19,0,17,28,12,57,14,12,26,83
11/20/2004,LCH,LA,ASW,CE,Combined TRACON& Tower with Radar,0,9,13,0,22,0,0,0,0,0,0,9,13,0,22,2,0,2,24
11/21/2004,LCH,LA,ASW,CE,Combined TRACON& Tower with Radar,0,10,7,8,25,0,2,10,0,12,0,12,17,8,37,22,8,30,67
11/22/2004,LCH,LA,ASW,CE,Combined TRACON& Tower with Radar,0,11,5,5,21,0,2,4,0,6,0,13,9,5,27,0,4,4,31
11/23/2004,LCH,LA,ASW,CE,Combined TRACON& Tower with Radar,2,11,12,14,39,0,19,3,0,22,2,30,15,14,61,14,14,28,89
11/24/2004,LCH,LA,ASW,CE,Combined TRACON& Tower with Radar,2,16,17,19,54,0,4,6,0,10,2,20,23,19,64,18,19,37,101
11/25/2004,LCH,LA,ASW,CE,Combined TRACON& Tower with Radar,0,5,8,0,13,0,2,22,0,24,0,7,30,0,37,4,0,4,41
11/26/2004,LCH,LA,ASW,CE,Combined TRACON& Tower with Radar,0,6,12,2,20,0,8,25,0,33,0,14,37,2,53,4,8,12,65
11/27/2004,LCH,LA,ASW,CE,Combined TRACON& Tower with Radar,0,4,10,0,14,0,0,11,0,11,0,4,21,0,25,0,0,0,25
11/28/2004,LCH,LA,ASW,CE,Combined TRACON& Tower with Radar,0,10,25,0,35,0,2,18,0,20,0,12,43,0,55,44,0,44,99
11/29/2004,LCH,LA,ASW,CE,Combined TRACON& Tower with Radar,0,17,18,20,55,0,13,10,0,23,0,30,28,20,78,30,14,44,122
11/30/2004,LCH,LA,ASW,CE,Combined TRACON& Tower with Radar,0,18,8,5,31,0,5,2,0,7,0,23,10,5,38,16,6,22,60
12/01/2004,LCH,LA,ASW,CE,Combined TRACON& Tower with Radar,0,19,18,16,53,0,10,20,0,30,0,29,38,16,83,20,14,34,117
12/02/2004,LCH,LA,ASW,CE,Combined TRACON& Tower with Radar,0,21,14,18,53,0,8,33,0,41,0,29,47,18,94,24,24,48,142
12/03/2004,LCH,LA,ASW,CE,Combined TRACON& Tower with Radar,0,10,21,7,38,0,8,12,0,20,0,18,33,7,58,8,8,16,74
12/04/2004,LCH,LA,ASW,CE,Combined TRACON& Tower with Radar,0,13,18,1,32,0,0,17,0,17,0,13,35,1,49,42,0,42,91
12/05/2004,LCH,LA,ASW,CE,Combined TRACON& Tower with Radar,0,10,12,0,22,0,0,1,0,1,0,10,13,0,23,0,0,0,23
12/06/2004,LCH,LA,ASW,CE,Combined TRACON& Tower with Radar,0,11,25,22,58,0,6,1,0,7,0,17,26,22,65,70,26,96,161
12/07/2004,LCH,LA,ASW,CE,Combined TRACON& Tower with Radar,0,7,28,17,52,0,8,24,0,32,0,15,52,17,84,70,24,94,178
12/08/2004,LCH,LA,ASW,CE,Combined TRACON& Tower with Radar,0,9,10,6,25,0,12,10,2,24,0,21,20,8,49,6,6,12,61
12/09/2004,LCH,LA,ASW,CE,Combined TRACON& Tower with Radar,0,27,20,24,71,0,7,15,0,22,0,34,35,24,93,34,26,60,153
12/10/2004,LCH,LA,ASW,CE,Combined TRACON& Tower with Radar,0,14,12,26,52,0,14,17,0,31,0,28,29,26,83,24,24,48,131
12/11/2004,LCH,LA,ASW,CE,Combined TRACON& Tower with Radar,1,6,10,1,18,0,3,20,0,23,1,9,30,1,41,20,10,30,71
12/12/2004,LCH,LA,ASW,CE,Combined TRACON& Tower with Radar,0,7,13,6,26,0,7,23,0,30,0,14,36,6,56,74,6,80,136
12/13/2004,LCH,LA,ASW,CE,Combined TRACON& Tower with Radar,0,11,22,0,33,0,5,15,0,20,0,16,37,0,53,18,0,18,71
12/14/2004,LCH,LA,ASW,CE,Combined TRACON& Tower with Radar,0,11,8,39,58,0,8,11,0,19,0,19,19,39,77,30,36,66,143
12/15/2004,LCH,LA,ASW,CE,Combined TRACON& Tower with Radar,0,13,8,23,44,0,17,31,0,48,0,30,39,23,92,48,52,100,192
12/16/2004,LCH,LA,ASW,CE,Combined TRACON& Tower with Radar,0,12,9,10,31,0,5,11,0,16,0,17,20,10,47,12,10,22,69
12/17/2004,LCH,LA,ASW,CE,Combined TRACON& Tower with Radar,0,11,24,3,38,0,9,9,0,18,0,20,33,3,56,4,20,24,80
12/18/2004,LCH,LA,ASW,CE,Combined TRACON& Tower with Radar,0,8,14,9,31,0,6,38,1,45,0,14,52,10,76,52,24,76,152
12/19/2004,LCH,LA,ASW,CE,Combined TRACON& Tower with Radar,0,11,15,2,28,0,5,8,0,13,0,16,23,2,41,56,8,64,105
12/20/2004,LCH,LA,ASW,CE,Combined TRACON& Tower with Radar,0,13,13,16,42,0,19,20,1,40,0,32,33,17,82,18,12,30,112
12/21/2004,LCH,LA,ASW,CE,Combined TRACON& Tower with Radar,0,10,11,2,23,0,16,11,0,27,0,26,22,2,50,12,6,18,68
12/22/2004,LCH,LA,ASW,CE,Combined TRACON& Tower with Radar,4,20,9,4,37,0,5,0,0,5,4,25,9,4,42,0,0,0,42
12/23/2004,LCH,LA,ASW,CE,Combined TRACON& Tower with Radar,0,9,11,7,27,0,9,7,0,16,0,18,18,7,43,4,6,10,53
12/24/2004,LCH,LA,ASW,CE,Combined TRACON& Tower with Radar,0,8,12,0,20,0,2,5,0,7,0,10,17,0,27,4,0,4,31
12/25/2004,LCH,LA,ASW,CE,Combined TRACON& Tower with Radar,0,4,13,0,17,0,0,5,0,5,0,4,18,0,22,8,0,8,30
12/26/2004,LCH,LA,ASW,CE,Combined TRACON& Tower with Radar,0,8,9,0,17,0,0,24,0,24,0,8,33,0,41,30,0,30,71
12/27/2004,LCH,LA,ASW,CE,Combined TRACON& Tower with Radar,0,10,6,2,18,0,9,21,0,30,0,19,27,2,48,16,2,18,66
12/28/2004,LCH,LA,ASW,CE,Combined TRACON& Tower with Radar,0,9,4,0,13,0,11,22,0,33,0,20,26,0,46,2,0,2,48
12/29/2004,LCH,LA,ASW,CE,Combined TRACON& Tower with Radar,0,10,22,0,32,0,17,19,0,36,0,27,41,0,68,12,0,12,80
12/30/2004,LCH,LA,ASW,CE,Combined TRACON& Tower with Radar,0,8,14,0,22,0,13,8,0,21,0,21,22,0,43,14,0,14,57
12/31/2004,LCH,LA,ASW,CE,Combined TRACON& Tower with Radar,0,7,18,0,25,0,2,10,0,12,0,9,28,0,37,14,0,14,51
01/01/2005,LCH,LA,ASW,CE,Combined TRACON& Tower with Radar,0,3,4,0,7,0,0,0,0,0,0,3,4,0,7,0,0,0,7
01/02/2005,LCH,LA,ASW,CE,Combined TRACON& Tower with Radar,0,9,16,0,25,0,0,5,0,5,0,9,21,0,30,0,0,0,30
01/03/2005,LCH,LA,ASW,CE,Combined TRACON& Tower with Radar,0,10,32,15,57,0,2,0,0,2,0,12,32,15,59,2,10,12,71
01/04/2005,LCH,LA,ASW,CE,Combined TRACON& Tower with Radar,0,10,8,20,38,0,0,6,0,6,0,10,14,20,44,0,18,18,62
01/05/2005,LCH,LA,ASW,CE,Combined TRACON& Tower with Radar,0,12,9,6,27,0,10,14,0,24,0,22,23,6,51,4,6,10,61
01/06/2005,LCH,LA,ASW,CE,Combined TRACON& Tower with Radar,0,11,14,33,58,0,6,11,0,17,0,17,25,33,75,12,38,50,125
01/07/2005,LCH,LA,ASW,CE,Combined TRACON& Tower with Radar,0,10,13,1,24,0,0,0,0,0,0,10,13,1,24,2,0,2,26
01/08/2005,LCH,LA,ASW,CE,Combined TRACON& Tower with Radar,0,8,17,1,26,0,3,20,0,23,0,11,37,1,49,24,2,26,75
01/09/2005,LCH,LA,ASW,CE,Combined TRACON& Tower with Radar,0,8,7,0,15,0,0,8,0,8,0,8,15,0,23,0,0,0,23
01/10/2005,LCH,LA,ASW,CE,Combined TRACON& Tower with Radar,0,12,18,10,40,0,2,4,1,7,0,14,22,11,47,14,8,22,69
01/11/2005,LCH,LA,ASW,CE,Combined TRACON& Tower with Radar,0,9,14,12,35,0,10,5,0,15,0,19,19,12,50,16,12,28,78
01/12/2005,LCH,LA,ASW,CE,Combined TRACON& Tower with Radar,0,8,14,34,56,0,10,5,0,15,0,18,19,34,71,8,34,42,113
01/13/2005,LCH,LA,ASW,CE,Combined TRACON& Tower with Radar,0,9,6,9,24,0,4,4,0,8,0,13,10,9,32,16,8,24,56
01/14/2005,LCH,LA,ASW,CE,Combined TRACON& Tower with Radar,0,11,14,31,56,0,12,18,0,30,0,23,32,31,86,68,28,96,182
01/15/2005,LCH,LA,ASW,CE,Combined TRACON& Tower with Radar,0,6,31,21,58,0,7,16,0,23,0,13,47,21,81,50,36,86,167
01/16/2005,LCH,LA,ASW,CE,Combined TRACON& Tower with Radar,0,8,8,5,21,0,6,24,0,30,0,14,32,5,51,40,12,52,103
01/17/2005,LCH,LA,ASW,CE,Combined TRACON& Tower with Radar,0,10,9,5,24,0,16,20,0,36,0,26,29,5,60,36,6,42,102
01/18/2005,LCH,LA,ASW,CE,Combined TRACON& Tower with Radar,0,11,21,24,56,0,9,16,0,25,0,20,37,24,81,2,26,28,109
01/19/2005,LCH,LA,ASW,CE,Combined TRACON& Tower with Radar,0,11,10,31,52,0,9,10,0,19,0,20,20,31,71,78,30,108,179
01/20/2005,LCH,LA,ASW,CE,Combined TRACON& Tower with Radar,0,10,6,12,28,0,15,14,0,29,0,25,20,12,57,52,14,66,123
01/21/2005,LCH,LA,ASW,CE,Combined TRACON& Tower with Radar,0,10,15,30,55,0,4,19,0,23,0,14,34,30,78,10,22,32,110
01/22/2005,LCH,LA,ASW,CE,Combined TRACON& Tower with Radar,0,8,7,3,18,0,2,7,0,9,0,10,14,3,27,0,2,2,29
01/23/2005,LCH,LA,ASW,CE,Combined TRACON& Tower with Radar,0,10,7,4,21,0,7,5,0,12,0,17,12,4,33,0,4,4,37
01/24/2005,LCH,LA,ASW,CE,Combined TRACON& Tower with Radar,0,22,7,5,34,0,14,11,0,25,0,36,18,5,59,10,2,12,71
01/25/2005,LCH,LA,ASW,CE,Combined TRACON& Tower with Radar,0,30,12,5,47,0,28,7,0,35,0,58,19,5,82,20,10,30,112
01/26/2005,LCH,LA,ASW,CE,Combined TRACON& Tower with Radar,0,33,19,29,81,0,5,17,0,22,0,38,36,29,103,62,26,88,191
01/27/2005,LCH,LA,ASW,CE,Combined TRACON& Tower with Radar,0,10,10,34,54,0,0,9,8,17,0,10,19,42,71,42,46,88,159
01/28/2005,LCH,LA,ASW,CE,Combined TRACON& Tower with Radar,0,5,16,5,26,0,0,8,2,10,0,5,24,7,36,2,12,14,50
01/29/2005,LCH,LA,ASW,CE,Combined TRACON& Tower with Radar,0,6,21,0,27,0,5,1,0,6,0,11,22,0,33,10,0,10,43
01/30/2005,LCH,LA,ASW,CE,Combined TRACON& Tower with Radar,0,11,8,14,33,0,0,6,0,6,0,11,14,14,39,2,12,14,53
01/31/2005,LCH,LA,ASW,CE,Combined TRACON& Tower with Radar,0,19,14,1,34,0,0,0,3,3,0,19,14,4,37,6,4,10,47
02/01/2005,LCH,LA,ASW,CE,Combined TRACON& Tower with Radar,0,13,11,0,24,0,6,1,12,19,0,19,12,12,43,12,4,16,59
02/02/2005,LCH,LA,ASW,CE,Combined TRACON& Tower with Radar,0,16,12,9,37,0,6,2,0,8,0,22,14,9,45,12,4,16,61
02/03/2005,LCH,LA,ASW,CE,Combined TRACON& Tower with Radar,0,10,27,42,79,0,14,5,0,19,0,24,32,42,98,40,42,82,180
02/04/2005,LCH,LA,ASW,CE,Combined TRACON& Tower with Radar,0,10,29,28,67,0,10,11,0,21,0,20,40,28,88,8,34,42,130
02/05/2005,LCH,LA,ASW,CE,Combined TRACON& Tower with Radar,0,9,13,3,25,0,6,23,0,29,0,15,36,3,54,20,2,22,76
02/06/2005,LCH,LA,ASW,CE,Combined TRACON& Tower with Radar,0,17,11,0,28,0,5,3,0,8,0,22,14,0,36,2,0,2,38
02/07/2005,LCH,LA,ASW,CE,Combined TRACON& Tower with Radar,0,15,11,2,28,0,4,2,0,6,0,19,13,2,34,26,2,28,62
02/08/2005,LCH,LA,ASW,CE,Combined TRACON& Tower with Radar,0,15,9,10,34,0,6,3,2,11,0,21,12,12,45,8,10,18,63
02/09/2005,LCH,LA,ASW,CE,Combined TRACON& Tower with Radar,0,18,6,22,46,0,4,1,0,5,0,22,7,22,51,18,20,38,89
02/10/2005,LCH,LA,ASW,CE,Combined TRACON& Tower with Radar,0,21,18,28,67,0,13,31,0,44,0,34,49,28,111,72,42,114,225
02/11/2005,LCH,LA,ASW,CE,Combined TRACON& Tower with Radar,0,10,20,22,52,0,14,20,0,34,0,24,40,22,86,38,30,68,154
02/12/2005,LCH,LA,ASW,CE,Combined TRACON& Tower with Radar,0,17,11,10,38,0,8,27,0,35,0,25,38,10,73,28,12,40,113
02/13/2005,LCH,LA,ASW,CE,Combined TRACON& Tower with Radar,0,17,2,2,21,0,3,0,0,3,0,20,2,2,24,14,2,16,40
02/14/2005,LCH,LA,ASW,CE,Combined TRACON& Tower with Radar,0,17,12,21,50,0,6,16,0,22,0,23,28,21,72,22,20,42,114
02/15/2005,LCH,LA,ASW,CE,Combined TRACON& Tower with Radar,0,11,21,10,42,0,3,10,0,13,0,14,31,10,55,24,10,34,89
02/16/2005,LCH,LA,ASW,CE,Combined TRACON& Tower with Radar,0,11,10,15,36,0,12,13,0,25,0,23,23,15,61,68,18,86,147
02/17/2005,LCH,LA,ASW,CE,Combined TRACON& Tower with Radar,0,15,14,13,42,0,16,16,0,32,0,31,30,13,74,12,10,22,96
02/18/2005,LCH,LA,ASW,CE,Combined TRACON& Tower with Radar,0,12,10,16,38,0,16,16,0,32,0,28,26,16,70,22,14,36,106
02/19/2005,LCH,LA,ASW,CE,Combined TRACON& Tower with Radar,0,6,11,0,17,0,3,13,0,16,0,9,24,0,33,34,0,34,67
02/20/2005,LCH,LA,ASW,CE,Combined TRACON& Tower with Radar,0,17,5,10,32,0,5,0,0,5,0,22,5,10,37,24,10,34,71
02/21/2005,LCH,LA,ASW,CE,Combined TRACON& Tower with Radar,0,25,14,6,45,0,1,6,0,7,0,26,20,6,52,80,16,96,148
02/22/2005,LCH,LA,ASW,CE,Combined TRACON& Tower with Radar,0,23,12,9,44,0,0,2,5,7,0,23,14,14,51,46,6,52,103
02/23/2005,LCH,LA,ASW,CE,Combined TRACON& Tower with Radar,0,11,3,5,19,0,2,0,0,2,0,13,3,5,21,0,0,0,21
02/24/2005,LCH,LA,ASW,CE,Combined TRACON& Tower with Radar,0,27,7,12,46,0,2,0,0,2,0,29,7,12,48,4,8,12,60
02/25/2005,LCH,LA,ASW,CE,Combined TRACON& Tower with Radar,0,9,16,22,47,0,14,20,0,34,0,23,36,22,81,10,26,36,117
02/26/2005,LCH,LA,ASW,CE,Combined TRACON& Tower with Radar,0,17,4,2,23,0,4,19,0,23,0,21,23,2,46,10,6,16,62
02/27/2005,LCH,LA,ASW,CE,Combined TRACON& Tower with Radar,0,11,9,5,25,0,0,1,0,1,0,11,10,5,26,2,2,4,30
02/28/2005,LCH,LA,ASW,CE,Combined TRACON& Tower with Radar,0,16,15,7,38,0,11,8,0,19,0,27,23,7,57,22,6,28,85
03/01/2005,LCH,LA,ASW,CE,Combined TRACON& Tower with Radar,0,8,7,0,15,0,14,25,0,39,0,22,32,0,54,16,34,50,104
03/02/2005,LCH,LA,ASW,CE,Combined TRACON& Tower with Radar,0,13,8,1,22,0,11,6,0,17,0,24,14,1,39,18,0,18,57
03/03/2005,LCH,LA,ASW,CE,Combined TRACON& Tower with Radar,0,12,6,23,41,0,13,4,0,17,0,25,10,23,58,4,18,22,80
03/04/2005,LCH,LA,ASW,CE,Combined TRACON& Tower with Radar,0,15,19,15,49,0,17,17,0,34,0,32,36,15,83,12,14,26,109
03/05/2005,LCH,LA,ASW,CE,Combined TRACON& Tower with Radar,0,11,13,6,30,0,1,22,0,23,0,12,35,6,53,26,8,34,87
03/06/2005,LCH,LA,ASW,CE,Combined TRACON& Tower with Radar,0,8,8,4,20,0,0,12,0,12,0,8,20,4,32,2,4,6,38
03/07/2005,LCH,LA,ASW,CE,Combined TRACON& Tower with Radar,0,12,12,0,24,0,7,0,0,7,0,19,12,0,31,42,0,42,73
03/08/2005,LCH,LA,ASW,CE,Combined TRACON& Tower with Radar,0,8,14,23,45,0,17,19,0,36,0,25,33,23,81,20,16,36,117
03/09/2005,LCH,LA,ASW,CE,Combined TRACON& Tower with Radar,0,8,12,13,33,0,13,9,0,22,0,21,21,13,55,28,10,38,93
03/10/2005,LCH,LA,ASW,CE,Combined TRACON& Tower with Radar,0,17,13,2,32,0,9,36,0,45,0,26,49,2,77,24,4,28,105
03/11/2005,LCH,LA,ASW,CE,Combined TRACON& Tower with Radar,0,18,11,27,56,0,11,20,0,31,0,29,31,27,87,36,22,58,145
03/12/2005,LCH,LA,ASW,CE,Combined TRACON& Tower with Radar,0,13,3,14,30,0,4,19,0,23,0,17,22,14,53,32,14,46,99
03/13/2005,LCH,LA,ASW,CE,Combined TRACON& Tower with Radar,0,5,20,0,25,0,4,7,0,11,0,9,27,0,36,34,0,34,70
03/14/2005,LCH,LA,ASW,CE,Combined TRACON& Tower with Radar,0,14,11,15,40,0,4,16,1,21,0,18,27,16,61,22,20,42,103
03/15/2005,LCH,LA,ASW,CE,Combined TRACON& Tower with Radar,0,11,8,0,19,0,4,1,0,5,0,15,9,0,24,24,0,24,48
03/16/2005,LCH,LA,ASW,CE,Combined TRACON& Tower with Radar,0,10,13,1,24,0,13,1,0,14,0,23,14,1,38,12,0,12,50
03/17/2005,LCH,LA,ASW,CE,Combined TRACON& Tower with Radar,0,11,10,21,42,0,16,15,0,31,0,27,25,21,73,24,10,34,107
03/18/2005,LCH,LA,ASW,CE,Combined TRACON& Tower with Radar,0,16,18,28,62,0,16,18,0,34,0,32,36,28,96,28,26,54,150
03/19/2005,LCH,LA,ASW,CE,Combined TRACON& Tower with Radar,0,8,8,21,37,0,5,17,0,22,0,13,25,21,59,16,20,36,95
03/20/2005,LCH,LA,ASW,CE,Combined TRACON& Tower with Radar,0,8,7,18,33,0,3,5,0,8,0,11,12,18,41,28,22,50,91
03/21/2005,LCH,LA,ASW,CE,Combined TRACON& Tower with Radar,0,14,14,16,44,0,3,1,0,4,0,17,15,16,48,8,12,20,68
03/22/2005,LCH,LA,ASW,CE,Combined TRACON& Tower with Radar,0,11,8,52,71,0,4,9,0,13,0,15,17,52,84,10,52,62,146
03/23/2005,LCH,LA,ASW,CE,Combined TRACON& Tower with Radar,0,18,5,0,23,0,19,16,0,35,0,37,21,0,58,44,8,52,110
03/24/2005,LCH,LA,ASW,CE,Combined TRACON& Tower with Radar,0,10,15,26,51,0,15,23,1,39,0,25,38,27,90,38,26,64,154
03/25/2005,LCH,LA,ASW,CE,Combined TRACON& Tower with Radar,0,29,10,10,49,0,11,23,0,34,0,40,33,10,83,32,10,42,125
03/26/2005,LCH,LA,ASW,CE,Combined TRACON& Tower with Radar,0,20,4,3,27,0,0,2,0,2,0,20,6,3,29,10,2,12,41
03/27/2005,LCH,LA,ASW,CE,Combined TRACON& Tower with Radar,0,16,4,4,24,0,7,3,0,10,0,23,7,4,34,2,4,6,40
03/28/2005,LCH,LA,ASW,CE,Combined TRACON& Tower with Radar,0,33,7,8,48,0,17,13,0,30,0,50,20,8,78,44,12,56,134
03/29/2005,LCH,LA,ASW,CE,Combined TRACON& Tower with Radar,0,16,20,15,51,0,21,21,0,42,0,37,41,15,93,44,14,58,151
03/30/2005,LCH,LA,ASW,CE,Combined TRACON& Tower with Radar,0,17,20,13,50,0,0,5,7,12,0,17,25,20,62,54,8,62,124
03/31/2005,LCH,LA,ASW,CE,Combined TRACON& Tower with Radar,0,11,17,6,34,0,1,1,0,2,0,12,18,6,36,18,6,24,60
04/01/2005,LCH,LA,ASW,CE,Combined TRACON& Tower with Radar,0,11,18,29,58,0,7,6,1,14,0,18,24,30,72,22,22,44,116
04/02/2005,LCH,LA,ASW,CE,Combined TRACON& Tower with Radar,0,12,3,2,17,0,0,0,28,28,0,12,3,30,45,26,0,26,71
04/03/2005,LCH,LA,ASW,CE,Combined TRACON& Tower with Radar,0,18,14,0,32,0,0,21,0,21,0,18,35,0,53,18,0,18,71
04/04/2005,LCH,LA,ASW,CE,Combined TRACON& Tower with Radar,0,13,18,0,31,0,21,14,0,35,0,34,32,0,66,39,0,39,105
04/05/2005,LCH,LA,ASW,CE,Combined TRACON& Tower with Radar,0,15,17,36,68,0,29,7,0,36,0,44,24,36,104,20,22,42,146
04/06/2005,LCH,LA,ASW,CE,Combined TRACON& Tower with Radar,0,10,11,9,30,0,15,8,0,23,0,25,19,9,53,46,6,52,105
04/07/2005,LCH,LA,ASW,CE,Combined TRACON& Tower with Radar,0,12,8,10,30,0,19,14,1,34,0,31,22,11,64,24,4,28,92
04/08/2005,LCH,LA,ASW,CE,Combined TRACON& Tower with Radar,0,9,10,7,26,0,20,15,1,36,0,29,25,8,62,78,8,86,148
04/09/2005,LCH,LA,ASW,CE,Combined TRACON& Tower with Radar,0,13,10,2,25,0,3,10,0,13,0,16,20,2,38,34,2,36,74
04/10/2005,LCH,LA,ASW,CE,Combined TRACON& Tower with Radar,0,8,10,1,19,0,8,10,1,19,0,16,20,2,38,34,2,36,74
04/11/2005,LCH,LA,ASW,CE,Combined TRACON& Tower with Radar,0,14,4,0,18,0,11,11,0,22,0,25,15,0,40,22,0,22,62
04/12/2005,LCH,LA,ASW,CE,Combined TRACON& Tower with Radar,0,15,15,34,64,0,1,11,0,12,0,16,26,34,76,45,50,95,171
04/13/2005,LCH,LA,ASW,CE,Combined TRACON& Tower with Radar,0,13,15,17,45,0,20,13,0,33,0,33,28,17,78,60,6,66,144
04/14/2005,LCH,LA,ASW,CE,Combined TRACON& Tower with Radar,0,14,11,8,33,0,19,28,9,56,0,33,39,17,89,52,6,58,147
04/15/2005,LCH,LA,ASW,CE,Combined TRACON& Tower with Radar,0,22,9,11,42,0,18,31,0,49,0,40,40,11,91,38,2,40,131
04/16/2005,LCH,LA,ASW,CE,Combined TRACON& Tower with Radar,0,5,7,4,16,0,5,17,0,22,0,10,24,4,38,44,4,48,86
04/17/2005,LCH,LA,ASW,CE,Combined TRACON& Tower with Radar,0,8,5,0,13,0,0,17,0,17,0,8,22,0,30,10,0,10,40
04/18/2005,LCH,LA,ASW,CE,Combined TRACON& Tower with Radar,0,10,9,18,37,0,10,14,0,24,0,20,23,18,61,8,14,22,83
04/19/2005,LCH,LA,ASW,CE,Combined TRACON& Tower with Radar,0,13,13,29,55,0,16,20,0,36,0,29,33,29,91,22,28,50,141
04/20/2005,LCH,LA,ASW,CE,Combined TRACON& Tower with Radar,0,15,16,18,49,0,13,10,0,23,0,28,26,18,72,26,18,44,116
04/21/2005,LCH,LA,ASW,CE,Combined TRACON& Tower with Radar,0,15,14,11,40,0,14,10,0,24,0,29,24,11,64,12,4,16,80
04/22/2005,LCH,LA,ASW,CE,Combined TRACON& Tower with Radar,0,11,11,4,26,0,15,11,11,37,0,26,22,15,63,52,4,56,119
04/23/2005,LCH,LA,ASW,CE,Combined TRACON& Tower with Radar,0,43,7,0,50,0,10,27,0,37,0,53,34,0,87,60,0,60,147
04/24/2005,LCH,LA,ASW,CE,Combined TRACON& Tower with Radar,0,32,7,4,43,0,8,31,1,40,0,40,38,5,83,16,4,20,103
04/25/2005,LCH,LA,ASW,CE,Combined TRACON& Tower with Radar,0,22,8,5,35,0,19,12,0,31,0,41,20,5,66,26,6,32,98
04/26/2005,LCH,LA,ASW,CE,Combined TRACON& Tower with Radar,0,70,8,8,86,0,29,14,0,43,0,99,22,8,129,60,8,68,197
04/27/2005,LCH,LA,ASW,CE,Combined TRACON& Tower with Radar,0,19,11,34,64,0,16,22,0,38,0,35,33,34,102,40,16,56,158
04/28/2005,LCH,LA,ASW,CE,Combined TRACON& Tower with Radar,0,20,18,10,48,0,16,29,0,45,0,36,47,10,93,28,22,50,143
04/29/2005,LCH,LA,ASW,CE,Combined TRACON& Tower with Radar,0,10,11,27,48,0,24,11,0,35,0,34,22,27,83,8,22,30,113
04/30/2005,LCH,LA,ASW,CE,Combined TRACON& Tower with Radar,0,6,3,0,9,0,4,6,0,10,0,10,9,0,19,0,0,0,19
05/01/2005,LCH,LA,ASW,CE,Combined TRACON& Tower with Radar,0,8,7,0,15,0,2,20,2,24,0,10,27,2,39,30,0,30,69
05/02/2005,LCH,LA,ASW,CE,Combined TRACON& Tower with Radar,0,10,5,8,23,0,12,17,0,29,0,22,22,8,52,76,14,90,142
05/03/2005,LCH,LA,ASW,CE,Combined TRACON& Tower with Radar,0,8,11,17,36,0,17,14,0,31,0,25,25,17,67,62,14,76,143
05/04/2005,LCH,LA,ASW,CE,Combined TRACON& Tower with Radar,0,14,14,10,38,0,15,19,0,34,0,29,33,10,72,10,6,16,88
05/05/2005,LCH,LA,ASW,CE,Combined TRACON& Tower with Radar,0,10,2,18,30,0,16,27,3,46,0,26,29,21,76,78,14,92,168
05/06/2005,LCH,LA,ASW,CE,Combined TRACON& Tower with Radar,0,10,12,13,35,0,18,36,0,54,0,28,48,13,89,110,12,122,211
05/07/2005,LCH,LA,ASW,CE,Combined TRACON& Tower with Radar,0,8,17,0,25,0,17,9,0,26,0,25,26,0,51,64,0,64,115
05/08/2005,LCH,LA,ASW,CE,Combined TRACON& Tower with Radar,9,17,14,0,40,0,7,10,0,17,9,24,24,0,57,52,0,52,109
05/09/2005,LCH,LA,ASW,CE,Combined TRACON& Tower with Radar,0,11,14,2,27,0,6,12,2,20,0,17,26,4,47,46,2,48,95
05/10/2005,LCH,LA,ASW,CE,Combined TRACON& Tower with Radar,0,9,17,16,42,0,5,18,0,23,0,14,35,16,65,36,14,50,115
05/11/2005,LCH,LA,ASW,CE,Combined TRACON& Tower with Radar,0,17,14,12,43,0,12,23,0,35,0,29,37,12,78,47,12,59,137
05/12/2005,LCH,LA,ASW,CE,Combined TRACON& Tower with Radar,0,12,15,9,36,0,13,27,0,40,0,25,42,9,76,54,10,64,140
05/13/2005,LCH,LA,ASW,CE,Combined TRACON& Tower with Radar,0,11,12,0,23,0,16,21,0,37,0,27,33,0,60,2,0,2,62
05/14/2005,LCH,LA,ASW,CE,Combined TRACON& Tower with Radar,0,8,7,7,22,0,5,14,0,19,0,13,21,7,41,20,4,24,65
05/15/2005,LCH,LA,ASW,CE,Combined TRACON& Tower with Radar,0,8,4,0,12,0,2,9,0,11,0,10,13,0,23,0,0,0,23
05/16/2005,LCH,LA,ASW,CE,Combined TRACON& Tower with Radar,0,17,3,30,50,0,12,17,5,34,0,29,20,35,84,20,20,40,124
05/17/2005,LCH,LA,ASW,CE,Combined TRACON& Tower with Radar,0,10,5,15,30,0,16,17,0,33,0,26,22,15,63,12,14,26,89
05/18/2005,LCH,LA,ASW,CE,Combined TRACON& Tower with Radar,0,13,11,23,47,0,17,17,0,34,0,30,28,23,81,68,38,106,187
05/19/2005,LCH,LA,ASW,CE,Combined TRACON& Tower with Radar,0,17,18,14,49,0,15,30,0,45,0,32,48,14,94,38,14,52,146
05/20/2005,LCH,LA,ASW,CE,Combined TRACON& Tower with Radar,0,10,12,22,44,0,13,21,0,34,0,23,33,22,78,6,22,28,106
05/21/2005,LCH,LA,ASW,CE,Combined TRACON& Tower with Radar,0,8,4,0,12,0,5,15,0,20,0,13,19,0,32,52,0,52,84
05/22/2005,LCH,LA,ASW,CE,Combined TRACON& Tower with Radar,0,13,2,4,19,0,5,13,0,18,0,18,15,4,37,28,4,32,69
05/23/2005,LCH,LA,ASW,CE,Combined TRACON& Tower with Radar,0,10,6,14,30,0,19,17,0,36,0,29,23,14,66,22,12,34,100
05/24/2005,LCH,LA,ASW,CE,Combined TRACON& Tower with Radar,0,14,9,26,49,0,13,23,0,36,0,27,32,26,85,10,16,26,111
05/25/2005,LCH,LA,ASW,CE,Combined TRACON& Tower with Radar,0,12,7,26,45,0,18,16,0,34,0,30,23,26,79,2,22,24,103
05/26/2005,LCH,LA,ASW,CE,Combined TRACON& Tower with Radar,0,11,27,26,64,0,19,28,0,47,0,30,55,26,111,4,26,30,141
05/27/2005,LCH,LA,ASW,CE,Combined TRACON& Tower with Radar,0,18,14,5,37,0,2,17,0,19,0,20,31,5,56,20,6,26,82
05/28/2005,LCH,LA,ASW,CE,Combined TRACON& Tower with Radar,0,11,7,4,22,0,4,7,0,11,0,15,14,4,33,6,4,10,43
05/29/2005,LCH,LA,ASW,CE,Combined TRACON& Tower with Radar,0,13,6,0,19,0,2,10,0,12,0,15,16,0,31,14,0,14,45
05/30/2005,LCH,LA,ASW,CE,Combined TRACON& Tower with Radar,0,10,30,0,40,0,6,10,0,16,0,16,40,0,56,28,0,28,84
05/31/2005,LCH,LA,ASW,CE,Combined TRACON& Tower with Radar,0,14,7,26,47,0,13,11,0,24,0,27,18,26,71,14,22,36,107
06/01/2005,LCH,LA,ASW,CE,Combined TRACON& Tower with Radar,0,12,13,1,26,0,6,9,1,16,0,18,22,2,42,0,2,2,44
06/02/2005,LCH,LA,ASW,CE,Combined TRACON& Tower with Radar,0,12,17,7,36,0,15,31,2,48,0,27,48,9,84,28,6,34,118
06/03/2005,LCH,LA,ASW,CE,Combined TRACON& Tower with Radar,0,11,3,16,30,0,17,20,0,37,0,28,23,16,67,30,8,38,105
06/04/2005,LCH,LA,ASW,CE,Combined TRACON& Tower with Radar,0,10,10,8,28,0,14,16,1,31,0,24,26,9,59,42,10,52,111
06/05/2005,LCH,LA,ASW,CE,Combined TRACON& Tower with Radar,0,10,5,18,33,0,5,12,0,17,0,15,17,18,50,68,18,86,136
06/06/2005,LCH,LA,ASW,CE,Combined TRACON& Tower with Radar,0,19,12,8,39,0,24,16,0,40,0,43,28,8,79,20,6,26,105
06/07/2005,LCH,LA,ASW,CE,Combined TRACON& Tower with Radar,0,5,22,12,39,0,22,13,0,35,0,27,35,12,74,36,8,44,118
06/08/2005,LCH,LA,ASW,CE,Combined TRACON& Tower with Radar,0,8,12,5,25,0,15,14,0,29,0,23,26,5,54,4,4,8,62
06/09/2005,LCH,LA,ASW,CE,Combined TRACON& Tower with Radar,0,12,18,10,40,0,14,13,0,27,0,26,31,10,67,10,10,20,87
06/10/2005,LCH,LA,ASW,CE,Combined TRACON& Tower with Radar,0,10,18,23,51,0,15,17,11,43,0,25,35,34,94,0,18,18,112
06/11/2005,LCH,LA,ASW,CE,Combined TRACON& Tower with Radar,0,7,12,0,19,0,2,12,0,14,0,9,24,0,33,0,0,0,33
06/12/2005,LCH,LA,ASW,CE,Combined TRACON& Tower with Radar,0,8,9,0,17,0,9,14,0,23,0,17,23,0,40,2,0,2,42
06/13/2005,LCH,LA,ASW,CE,Combined TRACON& Tower with Radar,0,13,7,3,23,0,15,7,10,32,0,28,14,13,55,2,4,6,61
06/14/2005,LCH,LA,ASW,CE,Combined TRACON& Tower with Radar,0,11,9,26,46,0,18,15,2,35,0,29,24,28,81,18,20,38,119
06/15/2005,LCH,LA,ASW,CE,Combined TRACON& Tower with Radar,0,11,9,10,30,0,10,17,0,27,0,21,26,10,57,4,14,18,75
06/16/2005,LCH,LA,ASW,CE,Combined TRACON& Tower with Radar,0,12,14,13,39,0,13,14,2,29,0,25,28,15,68,12,4,16,84
06/17/2005,LCH,LA,ASW,CE,Combined TRACON& Tower with Radar,0,13,16,20,49,0,14,15,0,29,0,27,31,20,78,14,22,36,114
06/18/2005,LCH,LA,ASW,CE,Combined TRACON& Tower with Radar,0,8,6,6,20,0,4,11,2,17,0,12,17,8,37,16,6,22,59
06/19/2005,LCH,LA,ASW,CE,Combined TRACON& Tower with Radar,0,8,9,0,17,0,4,11,0,15,0,12,20,0,32,2,0,2,34
06/20/2005,LCH,LA,ASW,CE,Combined TRACON& Tower with Radar,0,29,8,6,43,0,14,16,0,30,0,43,24,6,73,40,2,42,115
06/21/2005,LCH,LA,ASW,CE,Combined TRACON& Tower with Radar,0,13,11,28,52,0,15,18,0,33,0,28,29,28,85,18,26,44,129
06/22/2005,LCH,LA,ASW,CE,Combined TRACON& Tower with Radar,0,20,15,7,42,0,14,12,0,26,0,34,27,7,68,26,2,28,96
06/23/2005,LCH,LA,ASW,CE,Combined TRACON& Tower with Radar,0,11,10,12,33,0,17,25,0,42,0,28,35,12,75,8,12,20,95
06/24/2005,LCH,LA,ASW,CE,Combined TRACON& Tower with Radar,0,10,13,22,45,0,14,13,2,29,0,24,26,24,74,42,18,60,134
06/25/2005,LCH,LA,ASW,CE,Combined TRACON& Tower with Radar,0,6,9,19,34,0,9,10,0,19,0,15,19,19,53,0,12,12,65
06/26/2005,LCH,LA,ASW,CE,Combined TRACON& Tower with Radar,0,8,10,9,27,0,12,11,0,23,0,20,21,9,50,38,10,48,98
06/27/2005,LCH,LA,ASW,CE,Combined TRACON& Tower with Radar,0,9,12,14,35,0,16,15,0,31,0,25,27,14,66,22,12,34,100
06/28/2005,LCH,LA,ASW,CE,Combined TRACON& Tower with Radar,0,19,9,15,43,0,22,18,0,40,0,41,27,15,83,38,10,48,131
06/29/2005,LCH,LA,ASW,CE,Combined TRACON& Tower with Radar,0,16,11,10,37,0,18,13,0,31,0,34,24,10,68,40,8,48,116
06/30/2005,LCH,LA,ASW,CE,Combined TRACON& Tower with Radar,0,15,21,18,54,0,10,8,0,18,0,25,29,18,72,10,14,24,96
07/01/2005,LCH,LA,ASW,CE,Combined TRACON& Tower with Radar,0,17,11,21,49,0,17,10,1,28,0,34,21,22,77,16,32,48,125
07/02/2005,LCH,LA,ASW,CE,Combined TRACON& Tower with Radar,0,5,8,0,13,0,7,16,0,23,0,12,24,0,36,16,0,16,52
07/03/2005,LCH,LA,ASW,CE,Combined TRACON& Tower with Radar,0,6,3,8,17,0,2,10,0,12,0,8,13,8,29,8,8,16,45
07/04/2005,LCH,LA,ASW,CE,Combined TRACON& Tower with Radar,0,8,2,0,10,0,7,25,0,32,0,15,27,0,42,18,2,20,62
07/05/2005,LCH,LA,ASW,CE,Combined TRACON& Tower with Radar,0,10,10,8,28,0,17,14,0,31,0,27,24,8,59,20,4,24,83
07/06/2005,LCH,LA,ASW,CE,Combined TRACON& Tower with Radar,0,10,11,0,21,0,18,11,0,29,0,28,22,0,50,14,0,14,64
07/07/2005,LCH,LA,ASW,CE,Combined TRACON& Tower with Radar,0,12,14,2,28,0,4,21,0,25,0,16,35,2,53,12,2,14,67
07/08/2005,LCH,LA,ASW,CE,Combined TRACON& Tower with Radar,0,14,31,13,58,0,7,19,6,32,0,21,50,19,90,18,6,24,114
07/09/2005,LCH,LA,ASW,CE,Combined TRACON& Tower with Radar,0,11,8,14,33,0,11,8,0,19,0,22,16,14,52,40,10,50,102
07/10/2005,LCH,LA,ASW,CE,Combined TRACON& Tower with Radar,2,13,12,26,53,0,21,10,0,31,2,34,22,26,84,16,26,42,126
07/11/2005,LCH,LA,ASW,CE,Combined TRACON& Tower with Radar,2,16,12,17,47,0,23,11,1,35,2,39,23,18,82,6,10,16,98
07/12/2005,LCH,LA,ASW,CE,Combined TRACON& Tower with Radar,0,10,10,12,32,0,15,17,0,32,0,25,27,12,64,10,8,18,82
07/13/2005,LCH,LA,ASW,CE,Combined TRACON& Tower with Radar,0,18,23,4,45,0,14,12,0,26,0,32,35,4,71,16,4,20,91
07/14/2005,LCH,LA,ASW,CE,Combined TRACON& Tower with Radar,0,6,16,0,22,0,3,18,0,21,0,9,34,0,43,2,0,2,45
07/15/2005,LCH,LA,ASW,CE,Combined TRACON& Tower with Radar,0,14,7,0,21,0,7,3,0,10,0,21,10,0,31,8,0,8,39
07/16/2005,LCH,LA,ASW,CE,Combined TRACON& Tower with Radar,0,7,2,4,13,0,8,13,0,21,0,15,15,4,34,2,6,8,42
07/17/2005,LCH,LA,ASW,CE,Combined TRACON& Tower with Radar,0,11,12,0,23,0,2,11,1,14,0,13,23,1,37,4,0,4,41
07/18/2005,LCH,LA,ASW,CE,Combined TRACON& Tower with Radar,0,12,13,51,76,0,18,14,0,32,0,30,27,51,108,12,60,72,180
07/19/2005,LCH,LA,ASW,CE,Combined TRACON& Tower with Radar,0,10,12,24,46,0,14,12,0,26,0,24,24,24,72,8,18,26,98
07/20/2005,LCH,LA,ASW,CE,Combined TRACON& Tower with Radar,0,10,23,18,51,0,14,10,0,24,0,24,33,18,75,10,10,20,95
07/21/2005,LCH,LA,ASW,CE,Combined TRACON& Tower with Radar,0,12,9,10,31,0,11,16,0,27,0,23,25,10,58,10,14,24,82
07/22/2005,LCH,LA,ASW,CE,Combined TRACON& Tower with Radar,2,24,14,4,44,0,23,18,2,43,2,47,32,6,87,32,14,46,133
07/23/2005,LCH,LA,ASW,CE,Combined TRACON& Tower with Radar,0,10,8,0,18,0,13,21,0,34,0,23,29,0,52,18,0,18,70
07/24/2005,LCH,LA,ASW,CE,Combined TRACON& Tower with Radar,0,9,8,0,17,0,3,15,0,18,0,12,23,0,35,18,0,18,53
07/25/2005,LCH,LA,ASW,CE,Combined TRACON& Tower with Radar,0,11,21,16,48,0,11,18,0,29,0,22,39,16,77,56,16,72,149
07/26/2005,LCH,LA,ASW,CE,Combined TRACON& Tower with Radar,0,13,8,4,25,0,13,22,0,35,0,26,30,4,60,18,2,20,80
07/27/2005,LCH,LA,ASW,CE,Combined TRACON& Tower with Radar,0,10,12,10,32,0,18,17,0,35,0,28,29,10,67,30,10,40,107
07/28/2005,LCH,LA,ASW,CE,Combined TRACON& Tower with Radar,0,23,11,14,48,0,17,28,0,45,0,40,39,14,93,16,10,26,119
07/29/2005,LCH,LA,ASW,CE,Combined TRACON& Tower with Radar,0,18,7,23,48,0,11,12,0,23,0,29,19,23,71,12,30,42,113
07/30/2005,LCH,LA,ASW,CE,Combined TRACON& Tower with Radar,0,8,10,3,21,0,3,19,2,24,0,11,29,5,45,8,2,10,55
07/31/2005,LCH,LA,ASW,CE,Combined TRACON& Tower with Radar,0,20,10,0,30,25,6,0,0,31,25,26,10,0,61,6,12,18,79
08/01/2005,LCH,LA,ASW,CE,Combined TRACON& Tower with Radar,0,10,3,8,21,0,20,12,2,34,0,30,15,10,55,20,8,28,83
08/02/2005,LCH,LA,ASW,CE,Combined TRACON& Tower with Radar,0,10,11,1,22,0,13,20,0,33,0,23,31,1,55,24,0,24,79
08/03/2005,LCH,LA,ASW,CE,Combined TRACON& Tower with Radar,0,11,9,8,28,0,14,10,0,24,0,25,19,8,52,6,10,16,68
08/04/2005,LCH,LA,ASW,CE,Combined TRACON& Tower with Radar,0,11,10,0,21,0,1,23,0,24,0,12,33,0,45,0,0,0,45
08/05/2005,LCH,LA,ASW,CE,Combined TRACON& Tower with Radar,0,7,19,16,42,0,7,36,0,43,0,14,55,16,85,6,14,20,105
08/06/2005,LCH,LA,ASW,CE,Combined TRACON& Tower with Radar,0,5,5,10,20,0,4,21,0,25,0,9,26,10,45,8,16,24,69
08/07/2005,LCH,LA,ASW,CE,Combined TRACON& Tower with Radar,0,9,9,0,18,0,4,10,0,14,0,13,19,0,32,22,0,22,54
08/08/2005,LCH,LA,ASW,CE,Combined TRACON& Tower with Radar,0,29,11,0,40,0,8,23,0,31,0,37,34,0,71,22,0,22,93
08/09/2005,LCH,LA,ASW,CE,Combined TRACON& Tower with Radar,0,13,7,8,28,0,11,16,0,27,0,24,23,8,55,10,6,16,71
08/10/2005,LCH,LA,ASW,CE,Combined TRACON& Tower with Radar,0,9,11,31,51,0,13,27,0,40,0,22,38,31,91,52,34,86,177
08/11/2005,LCH,LA,ASW,CE,Combined TRACON& Tower with Radar,0,10,23,19,52,0,15,21,0,36,0,25,44,19,88,8,20,28,116
08/12/2005,LCH,LA,ASW,CE,Combined TRACON& Tower with Radar,0,25,4,6,35,0,12,10,0,22,0,37,14,6,57,20,18,38,95
08/13/2005,LCH,LA,ASW,CE,Combined TRACON& Tower with Radar,1,23,9,0,33,0,3,30,0,33,1,26,39,0,66,22,0,22,88
08/14/2005,LCH,LA,ASW,CE,Combined TRACON& Tower with Radar,0,14,10,10,34,0,6,15,1,22,0,20,25,11,56,2,10,12,68
08/15/2005,LCH,LA,ASW,CE,Combined TRACON& Tower with Radar,1,10,14,7,32,0,14,17,0,31,1,24,31,7,63,2,4,6,69
08/16/2005,LCH,LA,ASW,CE,Combined TRACON& Tower with Radar,2,16,28,42,88,0,12,16,2,30,2,28,44,44,118,17,32,49,167
08/17/2005,LCH,LA,ASW,CE,Combined TRACON& Tower with Radar,1,10,25,19,55,0,10,32,0,42,1,20,57,19,97,4,12,16,113
08/18/2005,LCH,LA,ASW,CE,Combined TRACON& Tower with Radar,1,15,13,38,67,0,8,10,0,18,1,23,23,38,85,0,38,38,123
08/19/2005,LCH,LA,ASW,CE,Combined TRACON& Tower with Radar,0,4,14,11,29,0,0,7,24,31,0,4,21,35,60,2,10,12,72
08/20/2005,LCH,LA,ASW,CE,Combined TRACON& Tower with Radar,0,5,13,23,41,0,2,13,0,15,0,7,26,23,56,14,16,30,86
08/21/2005,LCH,LA,ASW,CE,Combined TRACON& Tower with Radar,0,24,11,4,39,0,9,8,0,17,0,33,19,4,56,30,2,32,88
08/22/2005,LCH,LA,ASW,CE,Combined TRACON& Tower with Radar,0,10,12,26,48,0,10,12,0,22,0,20,24,26,70,14,24,38,108
08/23/2005,LCH,LA,ASW,CE,Combined TRACON& Tower with Radar,0,10,20,23,53,0,18,11,0,29,0,28,31,23,82,0,20,20,102
08/24/2005,LCH,LA,ASW,CE,Combined TRACON& Tower with Radar,0,10,13,20,43,0,19,18,0,37,0,29,31,20,80,8,10,18,98
08/25/2005,LCH,LA,ASW,CE,Combined TRACON& Tower with Radar,0,11,22,24,57,0,16,9,0,25,0,27,31,24,82,10,16,26,108
08/26/2005,LCH,LA,ASW,CE,Combined TRACON& Tower with Radar,0,7,11,18,36,0,10,8,7,25,0,17,19,25,61,12,10,22,83
08/27/2005,LCH,LA,ASW,CE,Combined TRACON& Tower with Radar,0,6,11,0,17,0,11,17,1,29,0,17,28,1,46,36,0,36,82
08/28/2005,LCH,LA,ASW,CE,Combined TRACON& Tower with Radar,0,11,14,0,25,0,66,22,4,92,0,77,36,4,117,68,0,68,185
08/29/2005,LCH,LA,ASW,CE,Combined TRACON& Tower with Radar,0,0,0,0,0,0,0,0,0,0,0,0,0,0,0,0,0,0,0
08/30/2005,LCH,LA,ASW,CE,Combined TRACON& Tower with Radar,0,0,0,0,0,0,0,0,0,0,0,0,0,0,0,0,0,0,0
08/31/2005,LCH,LA,ASW,CE,Combined TRACON& Tower with Radar,0,0,0,0,0,0,0,0,0,0,0,0,0,0,0,0,0,0,0
09/01/2005,LCH,LA,ASW,CE,Combined TRACON& Tower with Radar,0,12,22,6,40,0,21,23,0,44,0,33,45,6,84,46,6,52,136
09/02/2005,LCH,LA,ASW,CE,Combined TRACON& Tower with Radar,0,9,20,10,39,0,16,33,2,51,0,25,53,12,90,12,6,18,108
09/03/2005,LCH,LA,ASW,CE,Combined TRACON& Tower with Radar,0,6,7,2,15,0,12,38,10,60,0,18,45,12,75,26,0,26,101
09/04/2005,LCH,LA,ASW,CE,Combined TRACON& Tower with Radar,0,1,18,2,21,0,15,25,2,42,0,16,43,4,63,0,0,0,63
09/05/2005,LCH,LA,ASW,CE,Combined TRACON& Tower with Radar,0,9,8,0,17,0,20,26,2,48,0,29,34,2,65,48,0,48,113
09/06/2005,LCH,LA,ASW,CE,Combined TRACON& Tower with Radar,0,13,15,14,42,0,27,19,0,46,0,40,34,14,88,4,16,20,108
09/07/2005,LCH,LA,ASW,CE,Combined TRACON& Tower with Radar,0,13,15,8,36,0,21,30,0,51,0,34,45,8,87,62,4,66,153
09/08/2005,LCH,LA,ASW,CE,Combined TRACON& Tower with Radar,0,23,18,13,54,0,17,29,1,47,0,40,47,14,101,46,18,64,165
09/09/2005,LCH,LA,ASW,CE,Combined TRACON& Tower with Radar,0,14,19,8,41,0,15,21,0,36,0,29,40,8,77,12,8,20,97
09/10/2005,LCH,LA,ASW,CE,Combined TRACON& Tower with Radar,0,13,6,0,19,0,9,15,3,27,0,22,21,3,46,14,0,14,60
09/11/2005,LCH,LA,ASW,CE,Combined TRACON& Tower with Radar,0,10,9,2,21,0,15,11,0,26,0,25,20,2,47,12,6,18,65
09/12/2005,LCH,LA,ASW,CE,Combined TRACON& Tower with Radar,0,22,12,10,44,0,17,17,0,34,0,39,29,10,78,52,10,62,140
09/13/2005,LCH,LA,ASW,CE,Combined TRACON& Tower with Radar,0,11,15,7,33,0,17,24,2,43,0,28,39,9,76,0,0,0,76
09/14/2005,LCH,LA,ASW,CE,Combined TRACON& Tower with Radar,0,15,6,17,38,0,30,29,0,59,0,45,35,17,97,36,12,48,145
09/15/2005,LCH,LA,ASW,CE,Combined TRACON& Tower with Radar,0,10,29,11,50,0,26,22,0,48,0,36,51,11,98,20,8,28,126
09/16/2005,LCH,LA,ASW,CE,Combined TRACON& Tower with Radar,0,12,23,6,41,0,19,13,4,36,0,31,36,10,77,6,8,14,91
09/17/2005,LCH,LA,ASW,CE,Combined TRACON& Tower with Radar,0,11,21,0,32,0,3,9,0,12,0,14,30,0,44,82,0,82,126
09/18/2005,LCH,LA,ASW,CE,Combined TRACON& Tower with Radar,0,15,16,2,33,0,6,17,0,23,0,21,33,2,56,2,2,4,60
09/19/2005,LCH,LA,ASW,CE,Combined TRACON& Tower with Radar,0,18,12,0,30,0,15,20,1,36,0,33,32,1,66,42,4,46,112
09/20/2005,LCH,LA,ASW,CE,Combined TRACON& Tower with Radar,0,21,9,0,30,0,15,17,0,32,0,36,26,0,62,28,0,28,90
09/21/2005,LCH,LA,ASW,CE,Combined TRACON& Tower with Radar,0,15,20,6,41,0,30,31,0,61,0,45,51,6,102,42,4,46,148
09/22/2005,LCH,LA,ASW,CE,Combined TRACON& Tower with Radar,0,6,7,0,13,0,14,35,4,53,0,20,42,4,66,20,0,20,86
09/23/2005,LCH,LA,ASW,CE,Combined TRACON& Tower with Radar,0,0,0,0,0,0,0,0,0,0,0,0,0,0,0,0,0,0,0
09/24/2005,LCH,LA,ASW,CE,Combined TRACON& Tower with Radar,0,0,0,0,0,0,0,0,0,0,0,0,0,0,0,0,0,0,0
09/25/2005,LCH,LA,ASW,CE,Combined TRACON& Tower with Radar,0,0,0,0,0,0,0,0,0,0,0,0,0,0,0,0,0,0,0
09/26/2005,LCH,LA,ASW,CE,Combined TRACON& Tower with Radar,0,0,0,0,0,0,0,0,0,0,0,0,0,0,0,0,0,0,0
09/27/2005,LCH,LA,ASW,CE,Combined TRACON& Tower with Radar,0,0,0,0,0,0,0,0,0,0,0,0,0,0,0,0,0,0,0
09/28/2005,LCH,LA,ASW,CE,Combined TRACON& Tower with Radar,0,11,0,0,11,0,0,15,22,37,0,11,15,22,48,44,112,156,204
09/29/2005,LCH,LA,ASW,CE,Combined TRACON& Tower with Radar,0,8,13,0,21,0,23,13,0,36,0,31,26,0,57,0,0,0,57
09/30/2005,LCH,LA,ASW,CE,Combined TRACON& Tower with Radar,0,0,12,0,12,0,19,7,0,26,0,19,19,0,38,4,0,4,42
10/01/2005,LCH,LA,ASW,CE,Combined TRACON& Tower with Radar,0,0,17,0,17,0,10,6,1,17,0,10,23,1,34,10,6,16,50
10/02/2005,LCH,LA,ASW,CE,Combined TRACON& Tower with Radar,0,0,8,0,8,0,14,10,3,27,0,14,18,3,35,0,0,0,35
10/03/2005,LCH,LA,ASW,CE,Combined TRACON& Tower with Radar,0,0,17,2,19,0,12,25,5,42,0,12,42,7,61,0,0,0,61
10/04/2005,LCH,LA,ASW,CE,Combined TRACON& Tower with Radar,0,0,16,2,18,0,28,22,0,50,0,28,38,2,68,2,8,10,78
10/05/2005,LCH,LA,ASW,CE,Combined TRACON& Tower with Radar,0,2,16,3,21,0,19,29,6,54,0,21,45,9,75,0,4,4,79
10/06/2005,LCH,LA,ASW,CE,Combined TRACON& Tower with Radar,0,0,23,18,41,0,14,43,3,60,0,14,66,21,101,0,18,18,119
10/07/2005,LCH,LA,ASW,CE,Combined TRACON& Tower with Radar,0,1,17,0,18,0,8,11,10,29,0,9,28,10,47,12,0,12,59
10/08/2005,LCH,LA,ASW,CE,Combined TRACON& Tower with Radar,0,11,8,0,19,0,13,12,13,38,0,24,20,13,57,4,0,4,61
10/09/2005,LCH,LA,ASW,CE,Combined TRACON& Tower with Radar,0,0,5,0,5,0,15,4,4,23,0,15,9,4,28,2,0,2,30
10/10/2005,LCH,LA,ASW,CE,Combined TRACON& Tower with Radar,0,6,17,10,33,0,12,11,5,28,0,18,28,15,61,8,10,18,79
10/11/2005,LCH,LA,ASW,CE,Combined TRACON& Tower with Radar,0,12,21,21,54,0,15,31,3,49,0,27,52,24,103,12,20,32,135
10/12/2005,LCH,LA,ASW,CE,Combined TRACON& Tower with Radar,0,9,6,10,25,0,17,26,3,46,0,26,32,13,71,0,8,8,79
10/13/2005,LCH,LA,ASW,CE,Combined TRACON& Tower with Radar,0,8,21,21,50,0,25,11,0,36,0,33,32,21,86,12,8,20,106
10/14/2005,LCH,LA,ASW,CE,Combined TRACON& Tower with Radar,0,6,11,18,35,0,15,15,4,34,0,21,26,22,69,0,12,12,81
10/15/2005,LCH,LA,ASW,CE,Combined TRACON& Tower with Radar,0,4,7,4,15,0,9,21,6,36,0,13,28,10,51,4,6,10,61
10/16/2005,LCH,LA,ASW,CE,Combined TRACON& Tower with Radar,0,6,16,0,22,0,11,31,0,42,0,17,47,0,64,18,0,18,82
10/17/2005,LCH,LA,ASW,CE,Combined TRACON& Tower with Radar,0,6,6,12,24,0,8,19,0,27,0,14,25,12,51,24,6,30,81
10/18/2005,LCH,LA,ASW,CE,Combined TRACON& Tower with Radar,0,11,14,24,49,0,18,27,0,45,0,29,41,24,94,0,22,22,116
10/19/2005,LCH,LA,ASW,CE,Combined TRACON& Tower with Radar,0,13,16,23,52,0,22,13,1,36,0,35,29,24,88,0,16,16,104
10/20/2005,LCH,LA,ASW,CE,Combined TRACON& Tower with Radar,0,11,20,7,38,0,25,15,0,40,0,36,35,7,78,4,2,6,84
10/21/2005,LCH,LA,ASW,CE,Combined TRACON& Tower with Radar,0,6,17,7,30,0,14,21,0,35,0,20,38,7,65,10,2,12,77
10/22/2005,LCH,LA,ASW,CE,Combined TRACON& Tower with Radar,0,6,4,0,10,0,7,15,0,22,0,13,19,0,32,0,0,0,32
10/23/2005,LCH,LA,ASW,CE,Combined TRACON& Tower with Radar,0,10,6,20,36,0,10,17,0,27,0,20,23,20,63,4,18,22,85
10/24/2005,LCH,LA,ASW,CE,Combined TRACON& Tower with Radar,0,7,5,14,26,19,4,9,6,38,19,11,14,20,64,4,8,12,76
10/25/2005,LCH,LA,ASW,CE,Combined TRACON& Tower with Radar,0,6,8,22,36,0,27,20,2,49,0,33,28,24,85,6,24,30,115
10/26/2005,LCH,LA,ASW,CE,Combined TRACON& Tower with Radar,0,10,6,28,44,0,34,29,0,63,0,44,35,28,107,60,26,86,193
10/27/2005,LCH,LA,ASW,CE,Combined TRACON& Tower with Radar,0,8,23,4,35,0,27,15,1,43,0,35,38,5,78,58,4,62,140
10/28/2005,LCH,LA,ASW,CE,Combined TRACON& Tower with Radar,0,5,9,7,21,0,24,10,0,34,0,29,19,7,55,14,6,20,75
10/29/2005,LCH,LA,ASW,CE,Combined TRACON& Tower with Radar,0,5,15,12,32,0,17,15,0,32,0,22,30,12,64,2,10,12,76
10/30/2005,LCH,LA,ASW,CE,Combined TRACON& Tower with Radar,0,4,6,4,14,0,16,15,0,31,0,20,21,4,45,2,4,6,51
10/31/2005,LCH,LA,ASW,CE,Combined TRACON& Tower with Radar,0,11,19,4,34,0,15,7,0,22,0,26,26,4,56,26,6,32,88
11/01/2005,LCH,LA,ASW,CE,Combined TRACON& Tower with Radar,0,9,17,24,50,0,27,8,0,35,0,36,25,24,85,4,14,18,103
11/02/2005,LCH,LA,ASW,CE,Combined TRACON& Tower with Radar,0,7,13,12,32,0,27,18,0,45,0,34,31,12,77,4,12,16,93
11/03/2005,LCH,LA,ASW,CE,Combined TRACON& Tower with Radar,0,12,19,20,51,0,43,16,2,61,0,55,35,22,112,8,22,30,142
11/04/2005,LCH,LA,ASW,CE,Combined TRACON& Tower with Radar,0,8,14,21,43,0,21,13,0,34,0,29,27,21,77,0,20,20,97
11/05/2005,LCH,LA,ASW,CE,Combined TRACON& Tower with Radar,0,6,6,6,18,0,12,14,0,26,0,18,20,6,44,2,12,14,58
11/06/2005,LCH,LA,ASW,CE,Combined TRACON& Tower with Radar,0,7,6,0,13,0,18,14,0,32,0,25,20,0,45,2,0,2,47
11/07/2005,LCH,LA,ASW,CE,Combined TRACON& Tower with Radar,0,6,21,2,29,0,8,16,0,24,0,14,37,2,53,6,0,6,59
11/08/2005,LCH,LA,ASW,CE,Combined TRACON& Tower with Radar,0,12,8,17,37,0,11,16,0,27,0,23,24,17,64,10,20,30,94
11/09/2005,LCH,LA,ASW,CE,Combined TRACON& Tower with Radar,0,7,15,16,38,0,32,16,0,48,0,39,31,16,86,10,16,26,112
11/10/2005,LCH,LA,ASW,CE,Combined TRACON& Tower with Radar,0,25,16,4,45,0,16,4,2,22,0,41,20,6,67,40,2,42,109
11/11/2005,LCH,LA,ASW,CE,Combined TRACON& Tower with Radar,0,8,14,0,22,0,22,19,2,43,0,30,33,2,65,20,0,20,85
11/12/2005,LCH,LA,ASW,CE,Combined TRACON& Tower with Radar,0,8,17,0,25,0,9,16,4,29,0,17,33,4,54,2,0,2,56
11/13/2005,LCH,LA,ASW,CE,Combined TRACON& Tower with Radar,0,9,16,0,25,0,12,5,4,21,0,21,21,4,46,8,0,8,54
11/14/2005,LCH,LA,ASW,CE,Combined TRACON& Tower with Radar,0,10,14,6,30,0,11,6,2,19,0,21,20,8,49,2,2,4,53
11/15/2005,LCH,LA,ASW,CE,Combined TRACON& Tower with Radar,0,9,12,20,41,0,21,4,0,25,0,30,16,20,66,46,20,66,132
11/16/2005,LCH,LA,ASW,CE,Combined TRACON& Tower with Radar,0,9,24,23,56,0,22,12,4,38,0,31,36,27,94,24,18,42,136
11/17/2005,LCH,LA,ASW,CE,Combined TRACON& Tower with Radar,0,32,15,2,49,0,13,15,21,49,0,45,30,23,98,40,14,54,152
11/18/2005,LCH,LA,ASW,CE,Combined TRACON& Tower with Radar,0,6,12,3,21,0,29,16,9,54,0,35,28,12,75,22,18,40,115
11/19/2005,LCH,LA,ASW,CE,Combined TRACON& Tower with Radar,0,4,21,0,25,0,22,27,5,54,0,26,48,5,79,58,0,58,137
11/20/2005,LCH,LA,ASW,CE,Combined TRACON& Tower with Radar,0,8,11,0,19,0,22,10,1,33,0,30,21,1,52,50,2,52,104
11/21/2005,LCH,LA,ASW,CE,Combined TRACON& Tower with Radar,0,7,4,2,13,40,19,0,2,61,40,26,4,4,74,74,2,76,150
11/22/2005,LCH,LA,ASW,CE,Combined TRACON& Tower with Radar,0,44,19,25,88,0,46,17,2,65,0,90,36,27,153,80,18,98,251
11/23/2005,LCH,LA,ASW,CE,Combined TRACON& Tower with Radar,0,19,11,2,32,0,32,10,0,42,0,51,21,2,74,22,0,22,96
11/24/2005,LCH,LA,ASW,CE,Combined TRACON& Tower with Radar,0,7,9,0,16,0,18,6,0,24,0,25,15,0,40,28,0,28,68
11/25/2005,LCH,LA,ASW,CE,Combined TRACON& Tower with Radar,0,6,12,0,18,0,9,26,0,35,0,15,38,0,53,50,0,50,103
11/26/2005,LCH,LA,ASW,CE,Combined TRACON& Tower with Radar,0,13,10,0,23,0,7,1,0,8,0,20,11,0,31,20,0,20,51
11/27/2005,LCH,LA,ASW,CE,Combined TRACON& Tower with Radar,0,9,24,0,33,0,13,6,0,19,0,22,30,0,52,20,0,20,72
11/28/2005,LCH,LA,ASW,CE,Combined TRACON& Tower with Radar,0,9,8,24,41,0,24,8,0,32,0,33,16,24,73,16,10,26,99
11/29/2005,LCH,LA,ASW,CE,Combined TRACON& Tower with Radar,0,12,21,10,43,0,40,12,0,52,0,52,33,10,95,38,4,42,137
11/30/2005,LCH,LA,ASW,CE,Combined TRACON& Tower with Radar,0,14,18,26,58,0,40,11,0,51,0,54,29,26,109,43,34,77,186
12/01/2005,LCH,LA,ASW,CE,Combined TRACON& Tower with Radar,0,11,18,32,61,0,41,15,0,56,0,52,33,32,117,34,32,66,183
12/02/2005,LCH,LA,ASW,CE,Combined TRACON& Tower with Radar,0,7,27,43,77,0,36,10,0,46,0,43,37,43,123,26,36,62,185
12/03/2005,LCH,LA,ASW,CE,Combined TRACON& Tower with Radar,0,8,14,4,26,0,21,6,0,27,0,29,20,4,53,64,0,64,117
12/04/2005,LCH,LA,ASW,CE,Combined TRACON& Tower with Radar,0,11,10,0,21,0,23,2,0,25,0,34,12,0,46,22,0,22,68
12/05/2005,LCH,LA,ASW,CE,Combined TRACON& Tower with Radar,0,36,14,0,50,0,27,23,0,50,0,63,37,0,100,80,0,80,180
12/06/2005,LCH,LA,ASW,CE,Combined TRACON& Tower with Radar,0,17,14,42,73,0,44,12,0,56,0,61,26,42,129,136,52,188,317
12/07/2005,LCH,LA,ASW,CE,Combined TRACON& Tower with Radar,0,9,16,19,44,0,33,4,1,38,0,42,20,20,82,60,18,78,160
12/08/2005,LCH,LA,ASW,CE,Combined TRACON& Tower with Radar,0,12,28,7,47,0,22,4,0,26,0,34,32,7,73,74,14,88,161
12/09/2005,LCH,LA,ASW,CE,Combined TRACON& Tower with Radar,0,7,16,27,50,0,31,4,0,35,0,38,20,27,85,36,26,62,147
12/10/2005,LCH,LA,ASW,CE,Combined TRACON& Tower with Radar,0,12,12,4,28,0,23,17,0,40,0,35,29,4,68,107,4,111,179
12/11/2005,LCH,LA,ASW,CE,Combined TRACON& Tower with Radar,0,16,14,4,34,0,20,16,0,36,0,36,30,4,70,62,4,66,136
12/12/2005,LCH,LA,ASW,CE,Combined TRACON& Tower with Radar,0,11,9,8,28,0,29,10,0,39,0,40,19,8,67,48,2,50,117
12/13/2005,LCH,LA,ASW,CE,Combined TRACON& Tower with Radar,0,25,15,19,59,0,46,17,0,63,0,71,32,19,122,44,12,56,178
12/14/2005,LCH,LA,ASW,CE,Combined TRACON& Tower with Radar,0,13,11,0,24,0,31,4,0,35,0,44,15,0,59,18,0,18,77
12/15/2005,LCH,LA,ASW,CE,Combined TRACON& Tower with Radar,0,14,10,22,46,0,36,14,0,50,0,50,24,22,96,8,22,30,126
12/16/2005,LCH,LA,ASW,CE,Combined TRACON& Tower with Radar,0,19,17,18,54,0,30,19,0,49,0,49,36,18,103,20,14,34,137
12/17/2005,LCH,LA,ASW,CE,Combined TRACON& Tower with Radar,0,7,8,0,15,0,6,2,0,8,0,13,10,0,23,34,14,48,71
12/18/2005,LCH,LA,ASW,CE,Combined TRACON& Tower with Radar,0,9,2,0,11,0,26,16,0,42,0,35,18,0,53,36,0,36,89
12/19/2005,LCH,LA,ASW,CE,Combined TRACON& Tower with Radar,0,12,9,14,35,0,30,18,0,48,0,42,27,14,83,94,8,102,185
12/20/2005,LCH,LA,ASW,CE,Combined TRACON& Tower with Radar,0,12,23,8,43,0,46,8,0,54,0,58,31,8,97,16,0,16,113
12/21/2005,LCH,LA,ASW,CE,Combined TRACON& Tower with Radar,0,17,10,4,31,0,38,21,0,59,0,55,31,4,90,26,4,30,120
12/22/2005,LCH,LA,ASW,CE,Combined TRACON& Tower with Radar,0,13,15,14,42,0,39,12,0,51,0,52,27,14,93,64,10,74,167
12/23/2005,LCH,LA,ASW,CE,Combined TRACON& Tower with Radar,0,2,10,0,12,0,24,8,0,32,0,26,18,0,44,20,0,20,64
12/24/2005,LCH,LA,ASW,CE,Combined TRACON& Tower with Radar,0,11,5,0,16,0,11,1,0,12,0,22,6,0,28,28,0,28,56
12/25/2005,LCH,LA,ASW,CE,Combined TRACON& Tower with Radar,0,8,2,0,10,0,17,9,0,26,0,25,11,0,36,30,0,30,66
12/26/2005,LCH,LA,ASW,CE,Combined TRACON& Tower with Radar,0,12,10,0,22,0,18,33,0,51,0,30,43,0,73,40,0,40,113
12/27/2005,LCH,LA,ASW,CE,Combined TRACON& Tower with Radar,0,14,18,4,36,0,39,1,0,40,0,53,19,4,76,28,4,32,108
12/28/2005,LCH,LA,ASW,CE,Combined TRACON& Tower with Radar,0,12,5,0,17,0,48,26,0,74,0,60,31,0,91,24,0,24,115
12/29/2005,LCH,LA,ASW,CE,Combined TRACON& Tower with Radar,0,24,17,1,42,0,40,18,1,59,0,64,35,2,101,48,4,52,153
12/30/2005,LCH,LA,ASW,CE,Combined TRACON& Tower with Radar,0,26,16,0,42,0,25,11,0,36,0,51,27,0,78,26,0,26,104
12/31/2005,LCH,LA,ASW,CE,Combined TRACON& Tower with Radar,0,16,12,0,28,0,12,7,0,19,0,28,19,0,47,24,0,24,71
01/01/2006,LCH,LA,ASW,CE,Combined TRACON& Tower with Radar,0,27,26,0,53,0,1,0,0,1,0,28,26,0,54,16,0,16,70
01/02/2006,LCH,LA,ASW,CE,Combined TRACON& Tower with Radar,0,18,13,0,31,0,19,24,0,43,0,37,37,0,74,4,0,4,78
01/03/2006,LCH,LA,ASW,CE,Combined TRACON& Tower with Radar,0,14,7,19,40,0,46,16,0,62,0,60,23,19,102,40,20,60,162
01/04/2006,LCH,LA,ASW,CE,Combined TRACON& Tower with Radar,0,22,15,14,51,0,32,23,0,55,0,54,38,14,106,56,14,70,176
01/05/2006,LCH,LA,ASW,CE,Combined TRACON& Tower with Radar,0,13,7,14,34,0,46,17,0,63,0,59,24,14,97,24,14,38,135
01/06/2006,LCH,LA,ASW,CE,Combined TRACON& Tower with Radar,0,15,12,21,48,0,33,28,1,62,0,48,40,22,110,0,28,28,138
01/07/2006,LCH,LA,ASW,CE,Combined TRACON& Tower with Radar,0,7,10,1,18,0,32,15,1,48,0,39,25,2,66,10,26,36,102
01/08/2006,LCH,LA,ASW,CE,Combined TRACON& Tower with Radar,0,8,13,1,22,0,33,13,0,46,0,41,26,1,68,36,2,38,106
01/09/2006,LCH,LA,ASW,CE,Combined TRACON& Tower with Radar,0,15,6,3,24,0,40,16,0,56,0,55,22,3,80,66,12,78,158
01/10/2006,LCH,LA,ASW,CE,Combined TRACON& Tower with Radar,0,17,16,21,54,0,28,8,0,36,0,45,24,21,90,66,24,90,180
01/11/2006,LCH,LA,ASW,CE,Combined TRACON& Tower with Radar,0,14,13,11,38,0,46,25,0,71,0,60,38,11,109,8,12,20,129
01/12/2006,LCH,LA,ASW,CE,Combined TRACON& Tower with Radar,0,23,17,18,58,0,40,13,2,55,0,63,30,20,113,32,16,48,161
01/13/2006,LCH,LA,ASW,CE,Combined TRACON& Tower with Radar,0,24,16,24,64,0,28,18,1,47,0,52,34,25,111,44,24,68,179
01/14/2006,LCH,LA,ASW,CE,Combined TRACON& Tower with Radar,0,40,14,0,54,0,30,16,2,48,0,70,30,2,102,74,0,74,176
01/15/2006,LCH,LA,ASW,CE,Combined TRACON& Tower with Radar,0,11,19,0,30,0,30,10,0,40,0,41,29,0,70,40,0,40,110
01/16/2006,LCH,LA,ASW,CE,Combined TRACON& Tower with Radar,0,30,14,12,56,0,43,7,0,50,0,73,21,12,106,74,16,90,196
01/17/2006,LCH,LA,ASW,CE,Combined TRACON& Tower with Radar,0,22,12,12,46,0,31,10,0,41,0,53,22,12,87,8,2,10,97
01/18/2006,LCH,LA,ASW,CE,Combined TRACON& Tower with Radar,0,14,10,17,41,0,70,27,2,99,0,84,37,19,140,74,10,84,224
01/19/2006,LCH,LA,ASW,CE,Combined TRACON& Tower with Radar,0,27,28,18,73,0,46,17,0,63,0,73,45,18,136,40,12,52,188
01/20/2006,LCH,LA,ASW,CE,Combined TRACON& Tower with Radar,0,33,15,22,70,0,33,10,0,43,0,66,25,22,113,66,20,86,199
01/21/2006,LCH,LA,ASW,CE,Combined TRACON& Tower with Radar,0,30,15,0,45,0,20,23,0,43,0,50,38,0,88,72,0,72,160
01/22/2006,LCH,LA,ASW,CE,Combined TRACON& Tower with Radar,0,14,25,0,39,0,0,0,0,0,0,14,25,0,39,94,0,94,133
01/23/2006,LCH,LA,ASW,CE,Combined TRACON& Tower with Radar,0,28,18,12,58,0,34,4,0,38,0,62,22,12,96,18,2,20,116
01/24/2006,LCH,LA,ASW,CE,Combined TRACON& Tower with Radar,0,19,21,20,60,0,55,31,0,86,0,74,52,20,146,20,14,34,180
01/25/2006,LCH,LA,ASW,CE,Combined TRACON& Tower with Radar,0,18,22,36,76,0,50,29,1,80,0,68,51,37,156,52,36,88,244
01/26/2006,LCH,LA,ASW,CE,Combined TRACON& Tower with Radar,0,22,24,12,58,0,50,27,0,77,0,72,51,12,135,84,12,96,231
01/27/2006,LCH,LA,ASW,CE,Combined TRACON& Tower with Radar,0,15,13,14,42,0,42,16,0,58,0,57,29,14,100,60,12,72,172
01/28/2006,LCH,LA,ASW,CE,Combined TRACON& Tower with Radar,0,10,3,0,13,0,23,2,0,25,0,33,5,0,38,60,0,60,98
01/29/2006,LCH,LA,ASW,CE,Combined TRACON& Tower with Radar,0,8,9,7,24,0,20,18,0,38,0,28,27,7,62,38,0,38,100
01/30/2006,LCH,LA,ASW,CE,Combined TRACON& Tower with Radar,0,11,6,16,33,0,33,19,0,52,0,44,25,16,85,58,18,76,161
01/31/2006,LCH,LA,ASW,CE,Combined TRACON& Tower with Radar,0,12,16,18,46,0,48,21,0,69,0,60,37,18,115,10,16,26,141
02/01/2006,LCH,LA,ASW,CE,Combined TRACON& Tower with Radar,0,10,9,14,33,0,54,13,0,67,0,64,22,14,100,8,12,20,120
02/02/2006,LCH,LA,ASW,CE,Combined TRACON& Tower with Radar,0,18,12,6,36,0,37,25,0,62,0,55,37,6,98,14,6,20,118
02/03/2006,LCH,LA,ASW,CE,Combined TRACON& Tower with Radar,0,14,20,23,57,0,41,10,0,51,0,55,30,23,108,6,18,24,132
02/04/2006,LCH,LA,ASW,CE,Combined TRACON& Tower with Radar,0,7,40,27,74,0,35,29,0,64,0,42,69,27,138,60,22,82,220
02/05/2006,LCH,LA,ASW,CE,Combined TRACON& Tower with Radar,0,21,1,6,28,0,28,20,0,48,0,49,21,6,76,74,6,80,156
02/06/2006,LCH,LA,ASW,CE,Combined TRACON& Tower with Radar,0,14,14,8,36,0,29,13,0,42,0,43,27,8,78,30,8,38,116
02/07/2006,LCH,LA,ASW,CE,Combined TRACON& Tower with Radar,0,11,17,36,64,0,50,15,0,65,0,61,32,36,129,54,36,90,219
02/08/2006,LCH,LA,ASW,CE,Combined TRACON& Tower with Radar,0,13,11,20,44,0,51,15,0,66,0,64,26,20,110,8,20,28,138
02/09/2006,LCH,LA,ASW,CE,Combined TRACON& Tower with Radar,0,15,6,22,43,0,45,23,0,68,0,60,29,22,111,6,22,28,139
02/10/2006,LCH,LA,ASW,CE,Combined TRACON& Tower with Radar,0,7,14,0,21,0,30,2,0,32,0,37,16,0,53,8,0,8,61
02/11/2006,LCH,LA,ASW,CE,Combined TRACON& Tower with Radar,0,7,21,0,28,0,11,23,0,34,0,18,44,0,62,6,0,6,68
02/12/2006,LCH,LA,ASW,CE,Combined TRACON& Tower with Radar,0,0,7,0,7,0,23,12,0,35,0,23,19,0,42,6,8,14,56
02/13/2006,LCH,LA,ASW,CE,Combined TRACON& Tower with Radar,0,16,14,10,40,0,39,21,0,60,0,55,35,10,100,28,8,36,136
02/14/2006,LCH,LA,ASW,CE,Combined TRACON& Tower with Radar,0,9,19,11,39,0,37,17,0,54,0,46,36,11,93,14,14,28,121
02/15/2006,LCH,LA,ASW,CE,Combined TRACON& Tower with Radar,0,17,46,18,81,0,54,12,0,66,0,71,58,18,147,24,18,42,189
02/16/2006,LCH,LA,ASW,CE,Combined TRACON& Tower with Radar,0,19,29,18,66,0,39,25,0,64,0,58,54,18,130,30,18,48,178
02/17/2006,LCH,LA,ASW,CE,Combined TRACON& Tower with Radar,0,20,16,4,40,0,19,3,0,22,0,39,19,4,62,40,4,44,106
02/18/2006,LCH,LA,ASW,CE,Combined TRACON& Tower with Radar,0,36,6,0,42,0,7,0,0,7,0,43,6,0,49,96,0,96,145
02/19/2006,LCH,LA,ASW,CE,Combined TRACON& Tower with Radar,0,28,9,0,37,0,27,0,0,27,0,55,9,0,64,48,0,48,112
02/20/2006,LCH,LA,ASW,CE,Combined TRACON& Tower with Radar,0,11,10,0,21,0,2,0,0,2,0,13,10,0,23,0,0,0,23
02/21/2006,LCH,LA,ASW,CE,Combined TRACON& Tower with Radar,0,17,11,0,28,0,2,0,0,2,0,19,11,0,30,0,0,0,30
02/22/2006,LCH,LA,ASW,CE,Combined TRACON& Tower with Radar,0,16,14,16,46,0,40,1,0,41,0,56,15,16,87,28,16,44,131
02/23/2006,LCH,LA,ASW,CE,Combined TRACON& Tower with Radar,0,17,16,5,38,0,32,2,1,35,0,49,18,6,73,30,6,36,109
02/24/2006,LCH,LA,ASW,CE,Combined TRACON& Tower with Radar,0,15,25,4,44,0,35,4,0,39,0,50,29,4,83,10,6,16,99
02/25/2006,LCH,LA,ASW,CE,Combined TRACON& Tower with Radar,0,22,12,2,36,0,1,0,0,1,0,23,12,2,37,4,2,6,43
02/26/2006,LCH,LA,ASW,CE,Combined TRACON& Tower with Radar,0,15,2,3,20,0,34,16,0,50,0,49,18,3,70,10,4,14,84
02/27/2006,LCH,LA,ASW,CE,Combined TRACON& Tower with Radar,0,23,7,17,47,0,28,11,0,39,0,51,18,17,86,32,16,48,134
02/28/2006,LCH,LA,ASW,CE,Combined TRACON& Tower with Radar,0,24,12,22,58,0,49,16,0,65,0,73,28,22,123,46,20,66,189
03/01/2006,LCH,LA,ASW,CE,Combined TRACON& Tower with Radar,0,32,15,12,59,0,53,28,0,81,0,85,43,12,140,52,10,62,202
03/02/2006,LCH,LA,ASW,CE,Combined TRACON& Tower with Radar,0,19,18,6,43,0,42,18,0,60,0,61,36,6,103,30,8,38,141
03/03/2006,LCH,LA,ASW,CE,Combined TRACON& Tower with Radar,0,25,8,3,36,0,46,21,0,67,0,71,29,3,103,92,4,96,199
03/04/2006,LCH,LA,ASW,CE,Combined TRACON& Tower with Radar,0,30,10,0,40,0,28,20,0,48,0,58,30,0,88,52,0,52,140
03/05/2006,LCH,LA,ASW,CE,Combined TRACON& Tower with Radar,0,22,3,0,25,0,20,16,0,36,0,42,19,0,61,50,0,50,111
03/06/2006,LCH,LA,ASW,CE,Combined TRACON& Tower with Radar,0,14,29,6,49,0,17,6,0,23,0,31,35,6,72,12,4,16,88
03/07/2006,LCH,LA,ASW,CE,Combined TRACON& Tower with Radar,0,25,17,8,50,0,15,2,1,18,0,40,19,9,68,20,12,32,100
03/08/2006,LCH,LA,ASW,CE,Combined TRACON& Tower with Radar,0,14,6,10,30,0,37,3,0,40,0,51,9,10,70,20,10,30,100
03/09/2006,LCH,LA,ASW,CE,Combined TRACON& Tower with Radar,0,12,4,0,16,0,21,6,0,27,0,33,10,0,43,24,0,24,67
03/10/2006,LCH,LA,ASW,CE,Combined TRACON& Tower with Radar,0,21,18,20,59,0,14,8,0,22,0,35,26,20,81,2,20,22,103
03/11/2006,LCH,LA,ASW,CE,Combined TRACON& Tower with Radar,0,11,14,10,35,0,27,0,0,27,0,38,14,10,62,2,8,10,72
03/12/2006,LCH,LA,ASW,CE,Combined TRACON& Tower with Radar,0,21,6,0,27,0,17,2,0,19,0,38,8,0,46,6,0,6,52
03/13/2006,LCH,LA,ASW,CE,Combined TRACON& Tower with Radar,0,24,12,2,38,0,28,2,0,30,0,52,14,2,68,58,4,62,130
03/14/2006,LCH,LA,ASW,CE,Combined TRACON& Tower with Radar,0,11,5,7,23,0,33,18,0,51,0,44,23,7,74,18,8,26,100
03/15/2006,LCH,LA,ASW,CE,Combined TRACON& Tower with Radar,0,12,7,14,33,0,61,9,2,72,0,73,16,16,105,78,18,96,201
03/16/2006,LCH,LA,ASW,CE,Combined TRACON& Tower with Radar,0,10,24,16,50,0,55,9,0,64,0,65,33,16,114,34,22,56,170
03/17/2006,LCH,LA,ASW,CE,Combined TRACON& Tower with Radar,0,35,11,10,56,0,12,21,2,35,0,47,32,12,91,52,10,62,153
03/18/2006,LCH,LA,ASW,CE,Combined TRACON& Tower with Radar,0,18,7,5,30,0,27,10,0,37,0,45,17,5,67,38,6,44,111
03/19/2006,LCH,LA,ASW,CE,Combined TRACON& Tower with Radar,0,44,5,0,49,0,20,2,0,22,0,64,7,0,71,56,0,56,127
03/20/2006,LCH,LA,ASW,CE,Combined TRACON& Tower with Radar,0,9,5,5,19,0,25,0,0,25,0,34,5,5,44,0,4,4,48
03/21/2006,LCH,LA,ASW,CE,Combined TRACON& Tower with Radar,0,25,17,9,51,0,54,43,4,101,0,79,60,13,152,56,12,68,220
03/22/2006,LCH,LA,ASW,CE,Combined TRACON& Tower with Radar,0,14,12,20,46,0,46,16,4,66,0,60,28,24,112,114,20,134,246
03/23/2006,LCH,LA,ASW,CE,Combined TRACON& Tower with Radar,0,19,19,8,46,0,35,14,0,49,0,54,33,8,95,120,8,128,223
03/24/2006,LCH,LA,ASW,CE,Combined TRACON& Tower with Radar,0,14,38,18,70,0,40,22,0,62,0,54,60,18,132,50,16,66,198
03/25/2006,LCH,LA,ASW,CE,Combined TRACON& Tower with Radar,0,11,12,2,25,0,28,29,0,57,0,39,41,2,82,40,2,42,124
03/26/2006,LCH,LA,ASW,CE,Combined TRACON& Tower with Radar,0,12,22,12,46,0,20,35,0,55,0,32,57,12,101,44,10,54,155
03/27/2006,LCH,LA,ASW,CE,Combined TRACON& Tower with Radar,0,15,14,13,42,0,35,15,0,50,0,50,29,13,92,68,25,93,185
03/28/2006,LCH,LA,ASW,CE,Combined TRACON& Tower with Radar,0,8,9,12,29,0,40,10,0,50,0,48,19,12,79,28,8,36,115
03/29/2006,LCH,LA,ASW,CE,Combined TRACON& Tower with Radar,0,13,16,8,37,0,47,4,10,61,0,60,20,18,98,50,2,52,150
03/30/2006,LCH,LA,ASW,CE,Combined TRACON& Tower with Radar,0,42,8,5,55,0,37,6,0,43,0,79,14,5,98,66,8,74,172
03/31/2006,LCH,LA,ASW,CE,Combined TRACON& Tower with Radar,0,25,26,33,84,0,41,14,0,55,0,66,40,33,139,36,28,64,203
04/01/2006,LCH,LA,ASW,CE,Combined TRACON& Tower with Radar,0,23,14,3,40,0,26,6,0,32,0,49,20,3,72,46,2,48,120
04/02/2006,LCH,LA,ASW,CE,Combined TRACON& Tower with Radar,0,48,12,0,60,0,26,8,2,36,0,74,20,2,96,46,0,46,142
04/03/2006,LCH,LA,ASW,CE,Combined TRACON& Tower with Radar,0,14,13,0,27,0,22,16,0,38,0,36,29,0,65,68,0,68,133
04/04/2006,LCH,LA,ASW,CE,Combined TRACON& Tower with Radar,0,11,22,14,47,0,34,25,1,60,0,45,47,15,107,20,10,30,137
04/05/2006,LCH,LA,ASW,CE,Combined TRACON& Tower with Radar,0,38,17,15,70,0,40,12,2,54,0,78,29,17,124,56,22,78,202
04/06/2006,LCH,LA,ASW,CE,Combined TRACON& Tower with Radar,0,14,17,16,47,0,36,8,0,44,0,50,25,16,91,18,16,34,125
04/07/2006,LCH,LA,ASW,CE,Combined TRACON& Tower with Radar,0,15,13,16,44,0,37,2,2,41,0,52,15,18,85,60,16,76,161
04/08/2006,LCH,LA,ASW,CE,Combined TRACON& Tower with Radar,0,9,7,14,30,0,29,13,0,42,0,38,20,14,72,38,26,64,136
04/09/2006,LCH,LA,ASW,CE,Combined TRACON& Tower with Radar,0,27,9,5,41,0,20,26,0,46,0,47,35,5,87,46,0,46,133
04/10/2006,LCH,LA,ASW,CE,Combined TRACON& Tower with Radar,0,16,10,3,29,0,45,17,0,62,0,61,27,3,91,36,0,36,127
04/11/2006,LCH,LA,ASW,CE,Combined TRACON& Tower with Radar,0,12,9,11,32,0,51,17,0,68,0,63,26,11,100,42,20,62,162
04/12/2006,LCH,LA,ASW,CE,Combined TRACON& Tower with Radar,0,15,13,14,42,0,36,22,0,58,0,51,35,14,100,66,18,84,184
04/13/2006,LCH,LA,ASW,CE,Combined TRACON& Tower with Radar,2,30,15,14,61,0,40,15,0,55,2,70,30,14,116,50,10,60,176
04/14/2006,LCH,LA,ASW,CE,Combined TRACON& Tower with Radar,0,25,24,2,51,0,48,18,0,66,0,73,42,2,117,79,14,93,210
04/15/2006,LCH,LA,ASW,CE,Combined TRACON& Tower with Radar,0,27,9,0,36,0,26,11,2,39,0,53,20,2,75,104,0,104,179
04/16/2006,LCH,LA,ASW,CE,Combined TRACON& Tower with Radar,0,15,7,10,32,0,29,7,0,36,0,44,14,10,68,22,8,30,98
04/17/2006,LCH,LA,ASW,CE,Combined TRACON& Tower with Radar,3,14,16,8,41,0,34,20,0,54,3,48,36,8,95,58,16,74,169
04/18/2006,LCH,LA,ASW,CE,Combined TRACON& Tower with Radar,1,14,20,19,54,0,43,26,0,69,1,57,46,19,123,22,16,38,161
04/19/2006,LCH,LA,ASW,CE,Combined TRACON& Tower with Radar,0,13,21,0,34,0,46,14,0,60,0,59,35,0,94,59,0,59,153
04/20/2006,LCH,LA,ASW,CE,Combined TRACON& Tower with Radar,0,20,19,10,49,0,30,21,0,51,0,50,40,10,100,40,8,48,148
04/21/2006,LCH,LA,ASW,CE,Combined TRACON& Tower with Radar,0,13,2,0,15,0,33,7,0,40,0,46,9,0,55,20,0,20,75
04/22/2006,LCH,LA,ASW,CE,Combined TRACON& Tower with Radar,0,22,16,0,38,0,25,23,0,48,0,47,39,0,86,64,1,65,151
04/23/2006,LCH,LA,ASW,CE,Combined TRACON& Tower with Radar,0,13,1,0,14,0,32,26,0,58,0,45,27,0,72,36,0,36,108
04/24/2006,LCH,LA,ASW,CE,Combined TRACON& Tower with Radar,0,12,11,0,23,0,51,28,0,79,0,63,39,0,102,54,0,54,156
04/25/2006,LCH,LA,ASW,CE,Combined TRACON& Tower with Radar,0,15,9,0,24,0,20,13,4,37,0,35,22,4,61,37,4,41,102
04/26/2006,LCH,LA,ASW,CE,Combined TRACON& Tower with Radar,0,41,29,0,70,0,31,6,0,37,0,72,35,0,107,32,0,32,139
04/27/2006,LCH,LA,ASW,CE,Combined TRACON& Tower with Radar,0,24,37,9,70,0,39,20,0,59,0,63,57,9,129,80,6,86,215
04/28/2006,LCH,LA,ASW,CE,Combined TRACON& Tower with Radar,0,14,12,4,30,0,25,14,0,39,0,39,26,4,69,18,12,30,99
04/29/2006,LCH,LA,ASW,CE,Combined TRACON& Tower with Radar,0,5,8,5,18,0,0,9,0,9,0,5,17,5,27,2,0,2,29
04/30/2006,LCH,LA,ASW,CE,Combined TRACON& Tower with Radar,0,16,9,1,26,0,30,10,0,40,0,46,19,1,66,26,0,26,92
05/01/2006,LCH,LA,ASW,CE,Combined TRACON& Tower with Radar,0,15,13,14,42,0,24,20,0,44,0,39,33,14,86,12,12,24,110
05/02/2006,LCH,LA,ASW,CE,Combined TRACON& Tower with Radar,0,27,11,25,63,0,29,19,1,49,0,56,30,26,112,18,20,38,150
05/03/2006,LCH,LA,ASW,CE,Combined TRACON& Tower with Radar,0,17,4,12,33,0,43,16,0,59,0,60,20,12,92,0,12,12,104
05/04/2006,LCH,LA,ASW,CE,Combined TRACON& Tower with Radar,0,20,14,0,34,0,26,18,12,56,0,46,32,12,90,34,12,46,136
05/05/2006,LCH,LA,ASW,CE,Combined TRACON& Tower with Radar,0,23,16,0,39,0,29,21,0,50,0,52,37,0,89,30,0,30,119
05/06/2006,LCH,LA,ASW,CE,Combined TRACON& Tower with Radar,0,2,6,0,8,0,21,4,0,25,0,23,10,0,33,18,0,18,51
05/07/2006,LCH,LA,ASW,CE,Combined TRACON& Tower with Radar,0,13,17,12,42,0,15,7,0,22,0,28,24,12,64,24,16,40,104
05/08/2006,LCH,LA,ASW,CE,Combined TRACON& Tower with Radar,0,14,15,4,33,0,27,31,0,58,0,41,46,4,91,28,6,34,125
05/09/2006,LCH,LA,ASW,CE,Combined TRACON& Tower with Radar,0,12,14,6,32,0,32,13,0,45,0,44,27,6,77,24,6,30,107
05/10/2006,LCH,LA,ASW,CE,Combined TRACON& Tower with Radar,0,12,14,10,36,0,44,4,0,48,0,56,18,10,84,34,10,44,128
05/11/2006,LCH,LA,ASW,CE,Combined TRACON& Tower with Radar,0,20,14,6,40,0,31,24,3,58,0,51,38,9,98,86,6,92,190
05/12/2006,LCH,LA,ASW,CE,Combined TRACON& Tower with Radar,0,11,9,25,45,0,37,28,2,67,0,48,37,27,112,128,24,152,264
05/13/2006,LCH,LA,ASW,CE,Combined TRACON& Tower with Radar,0,15,10,2,27,0,28,13,0,41,0,43,23,2,68,30,0,30,98
05/14/2006,LCH,LA,ASW,CE,Combined TRACON& Tower with Radar,0,17,2,0,19,0,6,1,0,7,0,23,3,0,26,32,0,32,58
05/15/2006,LCH,LA,ASW,CE,Combined TRACON& Tower with Radar,0,9,17,5,31,0,15,31,0,46,0,24,48,5,77,140,14,154,231
05/16/2006,LCH,LA,ASW,CE,Combined TRACON& Tower with Radar,0,31,10,23,64,0,35,25,3,63,0,66,35,26,127,28,18,46,173
05/17/2006,LCH,LA,ASW,CE,Combined TRACON& Tower with Radar,0,34,10,8,52,0,40,16,2,58,0,74,26,10,110,48,10,58,168
05/18/2006,LCH,LA,ASW,CE,Combined TRACON& Tower with Radar,0,13,6,17,36,0,31,23,0,54,0,44,29,17,90,38,10,48,138
05/19/2006,LCH,LA,ASW,CE,Combined TRACON& Tower with Radar,0,15,11,4,30,0,30,22,10,62,0,45,33,14,92,36,6,42,134
05/20/2006,LCH,LA,ASW,CE,Combined TRACON& Tower with Radar,0,9,3,2,14,0,30,22,0,52,0,39,25,2,66,50,2,52,118
05/21/2006,LCH,LA,ASW,CE,Combined TRACON& Tower with Radar,0,13,7,0,20,0,33,19,0,52,0,46,26,0,72,20,0,20,92
05/22/2006,LCH,LA,ASW,CE,Combined TRACON& Tower with Radar,0,8,14,8,30,0,23,17,0,40,0,31,31,8,70,0,8,8,78
05/23/2006,LCH,LA,ASW,CE,Combined TRACON& Tower with Radar,0,15,13,7,35,0,28,15,1,44,0,43,28,8,79,10,18,28,107
05/24/2006,LCH,LA,ASW,CE,Combined TRACON& Tower with Radar,0,13,19,20,52,0,35,27,2,64,0,48,46,22,116,70,14,84,200
05/25/2006,LCH,LA,ASW,CE,Combined TRACON& Tower with Radar,0,28,9,6,43,0,37,24,0,61,0,65,33,6,104,74,6,80,184
05/26/2006,LCH,LA,ASW,CE,Combined TRACON& Tower with Radar,0,17,34,10,61,0,30,14,0,44,0,47,48,10,105,98,10,108,213
05/27/2006,LCH,LA,ASW,CE,Combined TRACON& Tower with Radar,0,12,6,0,18,0,20,17,0,37,0,32,23,0,55,90,0,90,145
05/28/2006,LCH,LA,ASW,CE,Combined TRACON& Tower with Radar,0,7,10,0,17,0,23,9,0,32,0,30,19,0,49,104,0,104,153
05/29/2006,LCH,LA,ASW,CE,Combined TRACON& Tower with Radar,0,18,5,0,23,0,23,4,0,27,0,41,9,0,50,14,0,14,64
05/30/2006,LCH,LA,ASW,CE,Combined TRACON& Tower with Radar,0,30,4,1,35,0,39,10,4,53,0,69,14,5,88,42,2,44,132
05/31/2006,LCH,LA,ASW,CE,Combined TRACON& Tower with Radar,0,17,8,0,25,0,48,6,0,54,0,65,14,0,79,62,0,62,141
06/01/2006,LCH,LA,ASW,CE,Combined TRACON& Tower with Radar,0,18,18,9,45,0,24,13,0,37,0,42,31,9,82,10,4,14,96
06/02/2006,LCH,LA,ASW,CE,Combined TRACON& Tower with Radar,0,16,6,6,28,0,30,12,0,42,0,46,18,6,70,0,6,6,76
06/03/2006,LCH,LA,ASW,CE,Combined TRACON& Tower with Radar,0,10,10,4,24,0,29,11,0,40,0,39,21,4,64,42,2,44,108
06/04/2006,LCH,LA,ASW,CE,Combined TRACON& Tower with Radar,0,21,12,6,39,0,21,23,0,44,0,42,35,6,83,10,6,16,99
06/05/2006,LCH,LA,ASW,CE,Combined TRACON& Tower with Radar,0,16,4,11,31,0,24,27,0,51,0,40,31,11,82,56,10,66,148
06/06/2006,LCH,LA,ASW,CE,Combined TRACON& Tower with Radar,0,12,9,10,31,0,25,17,0,42,0,37,26,10,73,12,10,22,95
06/07/2006,LCH,LA,ASW,CE,Combined TRACON& Tower with Radar,0,12,11,18,41,0,23,15,0,38,0,35,26,18,79,12,16,28,107
06/08/2006,LCH,LA,ASW,CE,Combined TRACON& Tower with Radar,0,24,25,6,55,0,33,22,0,55,0,57,47,6,110,56,6,62,172
06/09/2006,LCH,LA,ASW,CE,Combined TRACON& Tower with Radar,0,15,9,4,28,0,28,14,0,42,0,43,23,4,70,78,6,84,154
06/10/2006,LCH,LA,ASW,CE,Combined TRACON& Tower with Radar,0,11,13,8,32,0,27,19,0,46,0,38,32,8,78,26,18,44,122
06/11/2006,LCH,LA,ASW,CE,Combined TRACON& Tower with Radar,0,16,10,0,26,0,25,15,0,40,0,41,25,0,66,16,0,16,82
06/12/2006,LCH,LA,ASW,CE,Combined TRACON& Tower with Radar,0,14,24,13,51,0,31,15,0,46,0,45,39,13,97,52,14,66,163
06/13/2006,LCH,LA,ASW,CE,Combined TRACON& Tower with Radar,0,15,7,2,24,0,31,11,2,44,0,46,18,4,68,12,2,14,82
06/14/2006,LCH,LA,ASW,CE,Combined TRACON& Tower with Radar,0,19,11,6,36,0,43,17,2,62,0,62,28,8,98,44,8,52,150
06/15/2006,LCH,LA,ASW,CE,Combined TRACON& Tower with Radar,0,18,19,1,38,0,28,21,2,51,0,46,40,3,89,40,4,44,133
06/16/2006,LCH,LA,ASW,CE,Combined TRACON& Tower with Radar,0,9,12,0,21,0,9,9,0,18,0,18,21,0,39,4,0,4,43
06/17/2006,LCH,LA,ASW,CE,Combined TRACON& Tower with Radar,0,21,10,0,31,0,29,8,0,37,0,50,18,0,68,86,0,86,154
06/18/2006,LCH,LA,ASW,CE,Combined TRACON& Tower with Radar,0,51,11,0,62,0,38,9,0,47,0,89,20,0,109,90,0,90,199
06/19/2006,LCH,LA,ASW,CE,Combined TRACON& Tower with Radar,0,17,7,2,26,0,2,2,0,4,0,19,9,2,30,0,0,0,30
06/20/2006,LCH,LA,ASW,CE,Combined TRACON& Tower with Radar,0,18,12,4,34,0,17,9,0,26,0,35,21,4,60,0,0,0,60
06/21/2006,LCH,LA,ASW,CE,Combined TRACON& Tower with Radar,0,21,26,4,51,0,33,10,0,43,0,54,36,4,94,32,0,32,126
06/22/2006,LCH,LA,ASW,CE,Combined TRACON& Tower with Radar,2,13,14,22,51,0,30,23,0,53,2,43,37,22,104,18,16,34,138
06/23/2006,LCH,LA,ASW,CE,Combined TRACON& Tower with Radar,0,11,13,26,50,0,23,8,2,33,0,34,21,28,83,0,0,0,83
06/24/2006,LCH,LA,ASW,CE,Combined TRACON& Tower with Radar,0,9,13,12,34,0,43,12,2,57,0,52,25,14,91,6,14,20,111
06/25/2006,LCH,LA,ASW,CE,Combined TRACON& Tower with Radar,0,12,19,5,36,0,36,21,0,57,0,48,40,5,93,10,4,14,107
06/26/2006,LCH,LA,ASW,CE,Combined TRACON& Tower with Radar,0,11,18,11,40,0,51,20,0,71,0,62,38,11,111,34,16,50,161
06/27/2006,LCH,LA,ASW,CE,Combined TRACON& Tower with Radar,0,13,14,17,44,0,56,30,2,88,0,69,44,19,132,18,18,36,168
06/28/2006,LCH,LA,ASW,CE,Combined TRACON& Tower with Radar,0,61,24,0,85,0,13,18,7,38,0,74,42,7,123,18,2,20,143
06/29/2006,LCH,LA,ASW,CE,Combined TRACON& Tower with Radar,0,12,18,14,44,0,72,26,0,98,0,84,44,14,142,28,14,42,184
06/30/2006,LCH,LA,ASW,CE,Combined TRACON& Tower with Radar,0,19,14,31,64,0,61,17,2,80,0,80,31,33,144,36,4,40,184
07/01/2006,LCH,LA,ASW,CE,Combined TRACON& Tower with Radar,0,24,4,2,30,0,43,8,0,51,0,67,12,2,81,54,2,56,137
07/02/2006,LCH,LA,ASW,CE,Combined TRACON& Tower with Radar,0,16,0,0,16,0,33,0,0,33,0,49,0,0,49,18,0,18,67
07/03/2006,LCH,LA,ASW,CE,Combined TRACON& Tower with Radar,0,14,5,0,19,0,31,4,0,35,0,45,9,0,54,52,0,52,106
07/04/2006,LCH,LA,ASW,CE,Combined TRACON& Tower with Radar,0,28,11,0,39,0,26,14,0,40,0,54,25,0,79,26,0,26,105
07/05/2006,LCH,LA,ASW,CE,Combined TRACON& Tower with Radar,0,14,13,0,27,0,27,5,0,32,0,41,18,0,59,40,0,40,99
07/06/2006,LCH,LA,ASW,CE,Combined TRACON& Tower with Radar,0,15,13,0,28,0,38,7,0,45,0,53,20,0,73,50,0,50,123
07/07/2006,LCH,LA,ASW,CE,Combined TRACON& Tower with Radar,0,19,10,11,40,0,46,26,1,73,0,65,36,12,113,116,10,126,239
07/08/2006,LCH,LA,ASW,CE,Combined TRACON& Tower with Radar,0,9,6,4,19,0,32,8,0,40,0,41,14,4,59,32,4,36,95
07/09/2006,LCH,LA,ASW,CE,Combined TRACON& Tower with Radar,0,16,10,0,26,0,31,9,0,40,0,47,19,0,66,36,0,36,102
07/10/2006,LCH,LA,ASW,CE,Combined TRACON& Tower with Radar,0,16,16,3,35,0,58,11,0,69,0,74,27,3,104,50,2,52,156
07/11/2006,LCH,LA,ASW,CE,Combined TRACON& Tower with Radar,0,20,19,16,55,0,64,20,0,84,0,84,39,16,139,22,12,34,173
07/12/2006,LCH,LA,ASW,CE,Combined TRACON& Tower with Radar,0,12,23,10,45,0,49,11,0,60,0,61,34,10,105,78,6,84,189
07/13/2006,LCH,LA,ASW,CE,Combined TRACON& Tower with Radar,0,21,7,2,30,0,47,15,0,62,0,68,22,2,92,32,2,34,126
07/14/2006,LCH,LA,ASW,CE,Combined TRACON& Tower with Radar,0,21,21,14,56,0,40,29,0,69,0,61,50,14,125,24,16,40,165
07/15/2006,LCH,LA,ASW,CE,Combined TRACON& Tower with Radar,0,9,12,0,21,0,28,9,0,37,0,37,21,0,58,14,0,14,72
07/16/2006,LCH,LA,ASW,CE,Combined TRACON& Tower with Radar,0,25,4,0,29,0,38,16,1,55,0,63,20,1,84,16,0,16,100
07/17/2006,LCH,LA,ASW,CE,Combined TRACON& Tower with Radar,0,15,15,0,30,0,35,18,0,53,0,50,33,0,83,10,0,10,93
07/18/2006,LCH,LA,ASW,CE,Combined TRACON& Tower with Radar,0,25,8,16,49,0,43,20,0,63,0,68,28,16,112,74,14,88,200
07/19/2006,LCH,LA,ASW,CE,Combined TRACON& Tower with Radar,0,24,15,11,50,0,44,19,1,64,0,68,34,12,114,26,10,36,150
07/20/2006,LCH,LA,ASW,CE,Combined TRACON& Tower with Radar,0,15,39,9,63,0,30,23,2,55,0,45,62,11,118,40,12,52,170
07/21/2006,LCH,LA,ASW,CE,Combined TRACON& Tower with Radar,0,18,8,14,40,0,27,21,0,48,0,45,29,14,88,30,14,44,132
07/22/2006,LCH,LA,ASW,CE,Combined TRACON& Tower with Radar,0,16,12,0,28,0,21,5,0,26,0,37,17,0,54,18,0,18,72
07/23/2006,LCH,LA,ASW,CE,Combined TRACON& Tower with Radar,0,14,14,6,34,0,15,6,0,21,0,29,20,6,55,16,6,22,77
07/24/2006,LCH,LA,ASW,CE,Combined TRACON& Tower with Radar,0,17,6,5,28,0,21,10,0,31,0,38,16,5,59,50,4,54,113
07/25/2006,LCH,LA,ASW,CE,Combined TRACON& Tower with Radar,0,9,6,5,20,0,12,3,0,15,0,21,9,5,35,12,2,14,49
07/26/2006,LCH,LA,ASW,CE,Combined TRACON& Tower with Radar,0,17,8,2,27,0,3,0,1,4,0,20,8,3,31,0,2,2,33
07/27/2006,LCH,LA,ASW,CE,Combined TRACON& Tower with Radar,0,13,13,12,38,0,48,10,1,59,0,61,23,13,97,40,10,50,147
07/28/2006,LCH,LA,ASW,CE,Combined TRACON& Tower with Radar,0,29,11,2,42,0,48,15,0,63,0,77,26,2,105,112,2,114,219
07/29/2006,LCH,LA,ASW,CE,Combined TRACON& Tower with Radar,0,23,12,11,46,0,32,7,0,39,0,55,19,11,85,92,10,102,187
07/30/2006,LCH,LA,ASW,CE,Combined TRACON& Tower with Radar,0,13,26,8,47,0,21,11,0,32,0,34,37,8,79,74,6,80,159
07/31/2006,LCH,LA,ASW,CE,Combined TRACON& Tower with Radar,0,20,11,2,33,0,32,10,0,42,0,52,21,2,75,92,0,92,167
08/01/2006,LCH,LA,ASW,CE,Combined TRACON& Tower with Radar,0,13,7,10,30,0,29,12,0,41,0,42,19,10,71,54,10,64,135
08/02/2006,LCH,LA,ASW,CE,Combined TRACON& Tower with Radar,0,16,4,42,62,0,37,24,0,61,0,53,28,42,123,28,42,70,193
08/03/2006,LCH,LA,ASW,CE,Combined TRACON& Tower with Radar,0,15,12,12,39,0,34,21,0,55,0,49,33,12,94,16,12,28,122
08/04/2006,LCH,LA,ASW,CE,Combined TRACON& Tower with Radar,0,28,11,29,68,0,43,23,5,71,0,71,34,34,139,16,22,38,177
08/05/2006,LCH,LA,ASW,CE,Combined TRACON& Tower with Radar,0,12,5,8,25,0,24,13,0,37,0,36,18,8,62,22,10,32,94
08/06/2006,LCH,LA,ASW,CE,Combined TRACON& Tower with Radar,0,10,10,2,22,0,19,9,0,28,0,29,19,2,50,8,0,8,58
08/07/2006,LCH,LA,ASW,CE,Combined TRACON& Tower with Radar,0,14,2,12,28,0,42,9,0,51,0,56,11,12,79,40,10,50,129
08/08/2006,LCH,LA,ASW,CE,Combined TRACON& Tower with Radar,0,17,11,9,37,0,38,20,0,58,0,55,31,9,95,14,6,20,115
08/09/2006,LCH,LA,ASW,CE,Combined TRACON& Tower with Radar,0,20,15,12,47,0,33,22,0,55,0,53,37,12,102,10,16,26,128
08/10/2006,LCH,LA,ASW,CE,Combined TRACON& Tower with Radar,0,13,13,20,46,0,42,35,0,77,0,55,48,20,123,22,30,52,175
08/11/2006,LCH,LA,ASW,CE,Combined TRACON& Tower with Radar,0,13,14,16,43,0,35,22,0,57,0,48,36,16,100,0,16,16,116
08/12/2006,LCH,LA,ASW,CE,Combined TRACON& Tower with Radar,0,12,17,2,31,0,23,15,1,39,0,35,32,3,70,32,2,34,104
08/13/2006,LCH,LA,ASW,CE,Combined TRACON& Tower with Radar,0,20,20,8,48,0,21,11,0,32,0,41,31,8,80,40,8,48,128
08/14/2006,LCH,LA,ASW,CE,Combined TRACON& Tower with Radar,0,19,17,7,43,0,44,16,0,60,0,63,33,7,103,58,6,64,167
08/15/2006,LCH,LA,ASW,CE,Combined TRACON& Tower with Radar,0,15,12,23,50,0,41,29,0,70,0,56,41,23,120,68,24,92,212
08/16/2006,LCH,LA,ASW,CE,Combined TRACON& Tower with Radar,0,14,21,22,57,0,47,21,0,68,0,61,42,22,125,28,22,50,175
08/17/2006,LCH,LA,ASW,CE,Combined TRACON& Tower with Radar,0,25,12,10,47,0,45,27,2,74,0,70,39,12,121,90,12,102,223
08/18/2006,LCH,LA,ASW,CE,Combined TRACON& Tower with Radar,0,27,13,13,53,0,59,21,0,80,0,86,34,13,133,90,14,104,237
08/19/2006,LCH,LA,ASW,CE,Combined TRACON& Tower with Radar,0,29,17,4,50,0,28,11,1,40,0,57,28,5,90,60,0,60,150
08/20/2006,LCH,LA,ASW,CE,Combined TRACON& Tower with Radar,0,35,10,0,45,0,24,9,0,33,0,59,19,0,78,62,0,62,140
08/21/2006,LCH,LA,ASW,CE,Combined TRACON& Tower with Radar,0,19,8,11,38,0,25,21,0,46,0,44,29,11,84,14,18,32,116
08/22/2006,LCH,LA,ASW,CE,Combined TRACON& Tower with Radar,0,13,7,12,32,0,24,9,0,33,0,37,16,12,65,12,12,24,89
08/23/2006,LCH,LA,ASW,CE,Combined TRACON& Tower with Radar,0,23,15,18,56,0,26,13,2,41,0,49,28,20,97,20,14,34,131
08/24/2006,LCH,LA,ASW,CE,Combined TRACON& Tower with Radar,0,11,19,13,43,0,28,16,0,44,0,39,35,13,87,68,8,76,163
08/25/2006,LCH,LA,ASW,CE,Combined TRACON& Tower with Radar,0,13,16,6,35,0,40,13,0,53,0,53,29,6,88,16,12,28,116
08/26/2006,LCH,LA,ASW,CE,Combined TRACON& Tower with Radar,0,14,5,0,19,0,14,0,0,14,0,28,5,0,33,14,0,14,47
08/27/2006,LCH,LA,ASW,CE,Combined TRACON& Tower with Radar,0,10,5,1,16,0,21,5,1,27,0,31,10,2,43,12,2,14,57
08/28/2006,LCH,LA,ASW,CE,Combined TRACON& Tower with Radar,0,30,9,0,39,0,31,14,0,45,0,61,23,0,84,40,0,40,124
08/29/2006,LCH,LA,ASW,CE,Combined TRACON& Tower with Radar,0,12,9,18,39,0,36,22,3,61,0,48,31,21,100,56,18,74,174
08/30/2006,LCH,LA,ASW,CE,Combined TRACON& Tower with Radar,0,19,15,19,53,0,39,32,1,72,0,58,47,20,125,45,22,67,192
08/31/2006,LCH,LA,ASW,CE,Combined TRACON& Tower with Radar,0,17,6,13,36,0,37,19,0,56,0,54,25,13,92,6,10,16,108
09/01/2006,LCH,LA,ASW,CE,Combined TRACON& Tower with Radar,1,17,24,4,46,0,46,36,0,82,1,63,60,4,128,56,10,66,194
09/02/2006,LCH,LA,ASW,CE,Combined TRACON& Tower with Radar,0,32,8,0,40,0,33,19,0,52,0,65,27,0,92,86,0,86,178
09/03/2006,LCH,LA,ASW,CE,Combined TRACON& Tower with Radar,0,16,9,0,25,0,32,7,0,39,0,48,16,0,64,28,0,28,92
09/04/2006,LCH,LA,ASW,CE,Combined TRACON& Tower with Radar,0,22,4,1,27,0,17,16,0,33,0,39,20,1,60,22,0,22,82
09/05/2006,LCH,LA,ASW,CE,Combined TRACON& Tower with Radar,0,39,8,13,60,0,41,23,0,64,0,80,31,13,124,70,22,92,216
09/06/2006,LCH,LA,ASW,CE,Combined TRACON& Tower with Radar,0,39,16,17,72,0,46,23,0,69,0,85,39,17,141,56,16,72,213
09/07/2006,LCH,LA,ASW,CE,Combined TRACON& Tower with Radar,0,38,14,12,64,0,48,15,0,63,0,86,29,12,127,32,12,44,171
09/08/2006,LCH,LA,ASW,CE,Combined TRACON& Tower with Radar,0,20,18,8,46,0,34,20,1,55,0,54,38,9,101,20,8,28,129
09/09/2006,LCH,LA,ASW,CE,Combined TRACON& Tower with Radar,0,18,9,0,27,0,21,11,0,32,0,39,20,0,59,14,0,14,73
09/10/2006,LCH,LA,ASW,CE,Combined TRACON& Tower with Radar,0,18,13,0,31,0,18,8,0,26,0,36,21,0,57,10,0,10,67
09/11/2006,LCH,LA,ASW,CE,Combined TRACON& Tower with Radar,0,26,11,0,37,0,26,5,0,31,0,52,16,0,68,34,0,34,102
09/12/2006,LCH,LA,ASW,CE,Combined TRACON& Tower with Radar,0,14,14,1,29,0,29,15,0,44,0,43,29,1,73,12,0,12,85
09/13/2006,LCH,LA,ASW,CE,Combined TRACON& Tower with Radar,0,37,16,2,55,0,12,8,12,32,0,49,24,14,87,14,24,38,125
09/14/2006,LCH,LA,ASW,CE,Combined TRACON& Tower with Radar,0,12,11,28,51,0,33,16,2,51,0,45,27,30,102,16,44,60,162
09/15/2006,LCH,LA,ASW,CE,Combined TRACON& Tower with Radar,0,13,8,20,41,0,10,18,2,30,0,23,26,22,71,8,24,32,103
09/16/2006,LCH,LA,ASW,CE,Combined TRACON& Tower with Radar,1,12,6,2,21,0,32,15,0,47,1,44,21,2,68,16,6,22,90
09/17/2006,LCH,LA,ASW,CE,Combined TRACON& Tower with Radar,0,9,8,2,19,0,23,2,0,25,0,32,10,2,44,24,0,24,68
09/18/2006,LCH,LA,ASW,CE,Combined TRACON& Tower with Radar,0,17,11,5,33,0,16,3,4,23,0,33,14,9,56,36,6,42,98
09/19/2006,LCH,LA,ASW,CE,Combined TRACON& Tower with Radar,0,19,14,22,55,0,26,25,1,52,0,45,39,23,107,28,22,50,157
09/20/2006,LCH,LA,ASW,CE,Combined TRACON& Tower with Radar,0,20,14,10,44,0,31,25,0,56,0,51,39,10,100,72,10,82,182
09/21/2006,LCH,LA,ASW,CE,Combined TRACON& Tower with Radar,0,15,17,4,36,0,36,11,0,47,0,51,28,4,83,58,4,62,145
09/22/2006,LCH,LA,ASW,CE,Combined TRACON& Tower with Radar,2,18,6,12,38,0,20,9,0,29,2,38,15,12,67,10,12,22,89
09/23/2006,LCH,LA,ASW,CE,Combined TRACON& Tower with Radar,0,8,27,1,36,0,40,16,0,56,0,48,43,1,92,58,4,62,154
09/24/2006,LCH,LA,ASW,CE,Combined TRACON& Tower with Radar,0,16,15,12,43,0,20,7,0,27,0,36,22,12,70,82,12,94,164
09/25/2006,LCH,LA,ASW,CE,Combined TRACON& Tower with Radar,0,12,16,8,36,0,30,15,2,47,0,42,31,10,83,14,2,16,99
09/26/2006,LCH,LA,ASW,CE,Combined TRACON& Tower with Radar,0,13,13,27,53,0,38,29,2,69,0,51,42,29,122,12,42,54,176
09/27/2006,LCH,LA,ASW,CE,Combined TRACON& Tower with Radar,0,23,16,6,45,0,37,25,0,62,0,60,41,6,107,40,0,40,147
09/28/2006,LCH,LA,ASW,CE,Combined TRACON& Tower with Radar,0,15,17,0,32,0,41,16,0,57,0,56,33,0,89,14,0,14,103
09/29/2006,LCH,LA,ASW,CE,Combined TRACON& Tower with Radar,0,23,11,0,34,0,33,22,0,55,0,56,33,0,89,64,18,82,171
09/30/2006,LCH,LA,ASW,CE,Combined TRACON& Tower with Radar,0,10,4,0,14,0,27,6,0,33,0,37,10,0,47,22,0,22,69
10/01/2006,LCH,LA,ASW,CE,Combined TRACON& Tower with Radar,0,17,9,4,30,0,13,6,0,19,0,30,15,4,49,36,4,40,89
10/02/2006,LCH,LA,ASW,CE,Combined TRACON& Tower with Radar,0,13,11,5,29,0,30,16,0,46,0,43,27,5,75,66,6,72,147
10/03/2006,LCH,LA,ASW,CE,Combined TRACON& Tower with Radar,0,15,16,10,41,0,32,19,0,51,0,47,35,10,92,8,4,12,104
10/04/2006,LCH,LA,ASW,CE,Combined TRACON& Tower with Radar,0,33,18,8,59,0,19,12,0,31,0,52,30,8,90,0,0,0,90
10/05/2006,LCH,LA,ASW,CE,Combined TRACON& Tower with Radar,0,16,12,12,40,0,24,18,0,42,0,40,30,12,82,20,12,32,114
10/06/2006,LCH,LA,ASW,CE,Combined TRACON& Tower with Radar,0,13,21,10,44,0,19,12,0,31,0,32,33,10,75,10,10,20,95
10/07/2006,LCH,LA,ASW,CE,Combined TRACON& Tower with Radar,0,7,12,12,31,0,27,13,0,40,0,34,25,12,71,62,12,74,145
10/08/2006,LCH,LA,ASW,CE,Combined TRACON& Tower with Radar,0,22,11,0,33,0,28,16,0,44,0,50,27,0,77,54,0,54,131
10/09/2006,LCH,LA,ASW,CE,Combined TRACON& Tower with Radar,0,20,17,4,41,0,41,20,0,61,0,61,37,4,102,56,4,60,162
10/10/2006,LCH,LA,ASW,CE,Combined TRACON& Tower with Radar,0,25,21,3,49,0,28,11,0,39,0,53,32,3,88,54,0,54,142
10/11/2006,LCH,LA,ASW,CE,Combined TRACON& Tower with Radar,0,34,13,6,53,0,38,11,1,50,0,72,24,7,103,36,6,42,145
10/12/2006,LCH,LA,ASW,CE,Combined TRACON& Tower with Radar,0,16,38,7,61,0,41,21,2,64,0,57,59,9,125,128,12,140,265
10/13/2006,LCH,LA,ASW,CE,Combined TRACON& Tower with Radar,0,17,25,10,52,0,42,15,4,61,0,59,40,14,113,144,8,152,265
10/14/2006,LCH,LA,ASW,CE,Combined TRACON& Tower with Radar,0,10,28,4,42,0,31,20,2,53,0,41,48,6,95,106,4,110,205
10/15/2006,LCH,LA,ASW,CE,Combined TRACON& Tower with Radar,0,5,19,0,24,0,11,4,0,15,0,16,23,0,39,20,0,20,59
10/16/2006,LCH,LA,ASW,CE,Combined TRACON& Tower with Radar,0,4,12,0,16,0,0,1,0,1,0,4,13,0,17,0,0,0,17
10/17/2006,LCH,LA,ASW,CE,Combined TRACON& Tower with Radar,0,20,7,14,41,0,28,10,0,38,0,48,17,14,79,56,16,72,151
10/18/2006,LCH,LA,ASW,CE,Combined TRACON& Tower with Radar,0,21,16,0,37,0,15,1,0,16,0,36,17,0,53,162,0,162,215
10/19/2006,LCH,LA,ASW,CE,Combined TRACON& Tower with Radar,0,13,32,14,59,0,21,5,0,26,0,34,37,14,85,162,16,178,263
10/20/2006,LCH,LA,ASW,CE,Combined TRACON& Tower with Radar,0,17,18,6,41,0,36,19,0,55,0,53,37,6,96,80,0,80,176
10/21/2006,LCH,LA,ASW,CE,Combined TRACON& Tower with Radar,0,21,11,0,32,0,25,10,0,35,0,46,21,0,67,54,0,54,121
10/22/2006,LCH,LA,ASW,CE,Combined TRACON& Tower with Radar,0,25,15,10,50,0,23,14,0,37,0,48,29,10,87,50,10,60,147
10/23/2006,LCH,LA,ASW,CE,Combined TRACON& Tower with Radar,0,20,20,5,45,0,17,29,0,46,0,37,49,5,91,38,2,40,131
10/24/2006,LCH,LA,ASW,CE,Combined TRACON& Tower with Radar,0,18,16,34,68,0,28,21,2,51,0,46,37,36,119,32,36,68,187
10/25/2006,LCH,LA,ASW,CE,Combined TRACON& Tower with Radar,0,15,16,50,81,0,33,13,0,46,0,48,29,50,127,76,50,126,253
10/26/2006,LCH,LA,ASW,CE,Combined TRACON& Tower with Radar,0,10,2,0,12,0,23,0,0,23,0,33,2,0,35,78,2,80,115
10/27/2006,LCH,LA,ASW,CE,Combined TRACON& Tower with Radar,0,19,7,10,36,0,21,12,6,39,0,40,19,16,75,46,4,50,125
10/28/2006,LCH,LA,ASW,CE,Combined TRACON& Tower with Radar,0,17,14,32,63,0,17,31,4,52,0,34,45,36,115,38,48,86,201
10/29/2006,LCH,LA,ASW,CE,Combined TRACON& Tower with Radar,0,16,6,8,30,0,27,17,1,45,0,43,23,9,75,18,8,26,101
10/30/2006,LCH,LA,ASW,CE,Combined TRACON& Tower with Radar,0,16,17,18,51,0,27,4,0,31,0,43,21,18,82,22,18,40,122
10/31/2006,LCH,LA,ASW,CE,Combined TRACON& Tower with Radar,0,20,6,11,37,0,38,18,0,56,0,58,24,11,93,72,12,84,177
11/01/2006,LCH,LA,ASW,CE,Combined TRACON& Tower with Radar,0,20,9,10,39,0,24,3,0,27,0,44,12,10,66,30,8,38,104
11/02/2006,LCH,LA,ASW,CE,Combined TRACON& Tower with Radar,0,33,12,8,53,0,21,2,3,26,0,54,14,11,79,42,4,46,125
11/03/2006,LCH,LA,ASW,CE,Combined TRACON& Tower with Radar,0,33,19,9,61,0,34,19,0,53,0,67,38,9,114,102,8,110,224
11/04/2006,LCH,LA,ASW,CE,Combined TRACON& Tower with Radar,0,15,7,27,49,0,16,23,0,39,0,31,30,27,88,26,36,62,150
11/05/2006,LCH,LA,ASW,CE,Combined TRACON& Tower with Radar,0,18,13,4,35,0,17,6,0,23,0,35,19,4,58,84,4,88,146
11/06/2006,LCH,LA,ASW,CE,Combined TRACON& Tower with Radar,0,16,16,0,32,0,17,9,0,26,0,33,25,0,58,24,0,24,82
11/07/2006,LCH,LA,ASW,CE,Combined TRACON& Tower with Radar,0,17,10,40,67,0,19,13,0,32,0,36,23,40,99,18,54,72,171
11/08/2006,LCH,LA,ASW,CE,Combined TRACON& Tower with Radar,0,13,15,26,54,0,22,13,13,48,0,35,28,39,102,40,38,78,180
11/09/2006,LCH,LA,ASW,CE,Combined TRACON& Tower with Radar,0,15,17,13,45,0,23,13,0,36,0,38,30,13,81,96,16,112,193
11/10/2006,LCH,LA,ASW,CE,Combined TRACON& Tower with Radar,0,19,18,4,41,0,30,13,0,43,0,49,31,4,84,53,2,55,139
11/11/2006,LCH,LA,ASW,CE,Combined TRACON& Tower with Radar,0,9,2,0,11,0,21,11,0,32,0,30,13,0,43,136,0,136,179
11/12/2006,LCH,LA,ASW,CE,Combined TRACON& Tower with Radar,0,15,10,0,25,0,21,9,0,30,0,36,19,0,55,82,0,82,137
11/13/2006,LCH,LA,ASW,CE,Combined TRACON& Tower with Radar,0,19,13,0,32,0,34,14,0,48,0,53,27,0,80,86,0,86,166
11/14/2006,LCH,LA,ASW,CE,Combined TRACON& Tower with Radar,0,39,15,14,68,0,55,0,0,55,0,94,15,14,123,98,14,112,235
11/15/2006,LCH,LA,ASW,CE,Combined TRACON& Tower with Radar,0,16,11,12,39,0,23,0,0,23,0,39,11,12,62,42,8,50,112
11/16/2006,LCH,LA,ASW,CE,Combined TRACON& Tower with Radar,0,22,20,12,54,0,31,14,0,45,0,53,34,12,99,92,12,104,203
11/17/2006,LCH,LA,ASW,CE,Combined TRACON& Tower with Radar,0,23,16,34,73,0,34,20,7,61,0,57,36,41,134,66,48,114,248
11/18/2006,LCH,LA,ASW,CE,Combined TRACON& Tower with Radar,0,26,14,5,45,0,21,22,2,45,0,47,36,7,90,126,6,132,222
11/19/2006,LCH,LA,ASW,CE,Combined TRACON& Tower with Radar,0,14,12,11,37,0,17,12,2,31,0,31,24,13,68,54,14,68,136
11/20/2006,LCH,LA,ASW,CE,Combined TRACON& Tower with Radar,0,22,11,18,51,0,24,13,0,37,0,46,24,18,88,78,18,96,184
11/21/2006,LCH,LA,ASW,CE,Combined TRACON& Tower with Radar,0,15,9,9,33,0,28,11,0,39,0,43,20,9,72,34,14,48,120
11/22/2006,LCH,LA,ASW,CE,Combined TRACON& Tower with Radar,0,12,6,19,37,0,33,10,0,43,0,45,16,19,80,0,19,19,99
11/23/2006,LCH,LA,ASW,CE,Combined TRACON& Tower with Radar,0,9,5,0,14,0,20,8,0,28,0,29,13,0,42,52,0,52,94
11/24/2006,LCH,LA,ASW,CE,Combined TRACON& Tower with Radar,0,12,22,0,34,0,13,12,0,25,0,25,34,0,59,28,0,28,87
11/25/2006,LCH,LA,ASW,CE,Combined TRACON& Tower with Radar,0,21,12,0,33,2,16,14,0,32,2,37,26,0,65,10,0,10,75
11/26/2006,LCH,LA,ASW,CE,Combined TRACON& Tower with Radar,0,11,14,0,25,0,29,14,0,43,0,40,28,0,68,2,0,2,70
11/27/2006,LCH,LA,ASW,CE,Combined TRACON& Tower with Radar,0,12,18,5,35,0,21,6,1,28,0,33,24,6,63,2,8,10,73
11/28/2006,LCH,LA,ASW,CE,Combined TRACON& Tower with Radar,0,15,14,5,34,0,22,8,0,30,0,37,22,5,64,22,2,24,88
11/29/2006,LCH,LA,ASW,CE,Combined TRACON& Tower with Radar,2,16,18,4,40,0,23,6,3,32,2,39,24,7,72,16,4,20,92
11/30/2006,LCH,LA,ASW,CE,Combined TRACON& Tower with Radar,0,13,17,10,40,0,24,1,0,25,0,37,18,10,65,36,10,46,111
12/01/2006,LCH,LA,ASW,CE,Combined TRACON& Tower with Radar,0,16,21,20,57,0,21,23,1,45,0,37,44,21,102,16,26,42,144
12/02/2006,LCH,LA,ASW,CE,Combined TRACON& Tower with Radar,0,8,15,0,23,0,20,24,1,45,0,28,39,1,68,36,0,36,104
12/03/2006,LCH,LA,ASW,CE,Combined TRACON& Tower with Radar,0,12,15,0,27,0,31,2,0,33,0,43,17,0,60,0,0,0,60
12/04/2006,LCH,LA,ASW,CE,Combined TRACON& Tower with Radar,0,23,9,20,52,0,19,13,0,32,0,42,22,20,84,36,18,54,138
12/05/2006,LCH,LA,ASW,CE,Combined TRACON& Tower with Radar,0,13,24,24,61,0,29,17,1,47,0,42,41,25,108,38,20,58,166
12/06/2006,LCH,LA,ASW,CE,Combined TRACON& Tower with Radar,0,14,16,10,40,0,34,9,0,43,0,48,25,10,83,24,10,34,117
12/07/2006,LCH,LA,ASW,CE,Combined TRACON& Tower with Radar,0,13,22,14,49,0,38,11,2,51,0,51,33,16,100,34,14,48,148
12/08/2006,LCH,LA,ASW,CE,Combined TRACON& Tower with Radar,0,19,8,9,36,0,15,15,1,31,0,34,23,10,67,10,10,20,87
12/09/2006,LCH,LA,ASW,CE,Combined TRACON& Tower with Radar,0,11,9,0,20,0,11,9,0,20,0,22,18,0,40,38,0,38,78
12/10/2006,LCH,LA,ASW,CE,Combined TRACON& Tower with Radar,0,12,20,0,32,0,9,18,0,27,0,21,38,0,59,12,0,12,71
12/11/2006,LCH,LA,ASW,CE,Combined TRACON& Tower with Radar,0,25,19,2,46,0,20,3,1,24,0,45,22,3,70,46,0,46,116
12/12/2006,LCH,LA,ASW,CE,Combined TRACON& Tower with Radar,0,24,24,26,74,0,16,6,2,24,0,40,30,28,98,22,22,44,142
12/13/2006,LCH,LA,ASW,CE,Combined TRACON& Tower with Radar,0,18,17,10,45,0,20,23,6,49,0,38,40,16,94,44,16,60,154
12/14/2006,LCH,LA,ASW,CE,Combined TRACON& Tower with Radar,0,14,15,4,33,0,0,8,0,8,0,14,23,4,41,8,2,10,51
12/15/2006,LCH,LA,ASW,CE,Combined TRACON& Tower with Radar,0,16,14,6,36,0,3,10,4,17,0,19,24,10,53,28,10,38,91
12/16/2006,LCH,LA,ASW,CE,Combined TRACON& Tower with Radar,0,10,9,18,37,0,17,14,0,31,0,27,23,18,68,20,26,46,114
12/17/2006,LCH,LA,ASW,CE,Combined TRACON& Tower with Radar,0,16,15,4,35,0,6,9,0,15,0,22,24,4,50,20,4,24,74
12/18/2006,LCH,LA,ASW,CE,Combined TRACON& Tower with Radar,0,18,13,0,31,0,20,3,0,23,0,38,16,0,54,48,4,52,106
12/19/2006,LCH,LA,ASW,CE,Combined TRACON& Tower with Radar,0,28,24,14,66,0,17,10,0,27,0,45,34,14,93,44,12,56,149
12/20/2006,LCH,LA,ASW,CE,Combined TRACON& Tower with Radar,0,26,11,10,47,0,2,1,0,3,0,28,12,10,50,4,4,8,58
12/21/2006,LCH,LA,ASW,CE,Combined TRACON& Tower with Radar,4,16,20,6,46,0,19,1,0,20,4,35,21,6,66,18,6,24,90
12/22/2006,LCH,LA,ASW,CE,Combined TRACON& Tower with Radar,0,16,11,0,27,0,25,16,1,42,0,41,27,1,69,34,12,46,115
12/23/2006,LCH,LA,ASW,CE,Combined TRACON& Tower with Radar,0,12,9,0,21,0,20,17,0,37,0,32,26,0,58,34,0,34,92
12/24/2006,LCH,LA,ASW,CE,Combined TRACON& Tower with Radar,0,11,6,0,17,0,0,5,0,5,0,11,11,0,22,0,0,0,22
12/25/2006,LCH,LA,ASW,CE,Combined TRACON& Tower with Radar,0,9,0,0,9,0,12,1,0,13,0,21,1,0,22,0,0,0,22
12/26/2006,LCH,LA,ASW,CE,Combined TRACON& Tower with Radar,0,15,10,0,25,0,23,13,0,36,0,38,23,0,61,2,0,2,63
12/27/2006,LCH,LA,ASW,CE,Combined TRACON& Tower with Radar,0,18,14,9,41,0,30,11,0,41,0,48,25,9,82,15,6,21,103
12/28/2006,LCH,LA,ASW,CE,Combined TRACON& Tower with Radar,0,39,15,12,66,0,30,7,0,37,0,69,22,12,103,92,12,104,207
12/29/2006,LCH,LA,ASW,CE,Combined TRACON& Tower with Radar,0,22,7,2,31,0,8,0,0,8,0,30,7,2,39,24,2,26,65
12/30/2006,LCH,LA,ASW,CE,Combined TRACON& Tower with Radar,0,12,6,0,18,0,20,3,0,23,0,32,9,0,41,14,0,14,55
12/31/2006,LCH,LA,ASW,CE,Combined TRACON& Tower with Radar,0,8,5,0,13,0,23,22,0,45,0,31,27,0,58,0,0,0,58
01/01/2007,LCH,LA,ASW,CE,Combined TRACON& Tower with Radar,0,13,5,0,18,0,9,18,0,27,0,22,23,0,45,0,0,0,45
01/02/2007,LCH,LA,ASW,CE,Combined TRACON& Tower with Radar,0,16,10,0,26,0,28,14,0,42,0,44,24,0,68,54,0,54,122
01/03/2007,LCH,LA,ASW,CE,Combined TRACON& Tower with Radar,0,17,24,14,55,0,16,9,0,25,0,33,33,14,80,32,14,46,126
01/04/2007,LCH,LA,ASW,CE,Combined TRACON& Tower with Radar,0,24,11,0,35,0,16,0,0,16,0,40,11,0,51,12,0,12,63
01/05/2007,LCH,LA,ASW,CE,Combined TRACON& Tower with Radar,0,31,33,10,74,0,11,1,0,12,0,42,34,10,86,10,0,10,96
01/06/2007,LCH,LA,ASW,CE,Combined TRACON& Tower with Radar,0,16,18,2,36,0,7,7,3,17,0,23,25,5,53,18,2,20,73
01/07/2007,LCH,LA,ASW,CE,Combined TRACON& Tower with Radar,0,16,17,12,45,0,18,5,0,23,0,34,22,12,68,6,14,20,88
01/08/2007,LCH,LA,ASW,CE,Combined TRACON& Tower with Radar,0,24,7,14,45,0,37,13,2,52,0,61,20,16,97,58,14,72,169
01/09/2007,LCH,LA,ASW,CE,Combined TRACON& Tower with Radar,0,9,25,15,49,0,46,13,0,59,0,55,38,15,108,66,8,74,182
01/10/2007,LCH,LA,ASW,CE,Combined TRACON& Tower with Radar,0,29,20,23,72,0,38,24,0,62,0,67,44,23,134,90,18,108,242
01/11/2007,LCH,LA,ASW,CE,Combined TRACON& Tower with Radar,0,14,26,16,56,0,49,9,0,58,0,63,35,16,114,8,10,18,132
01/12/2007,LCH,LA,ASW,CE,Combined TRACON& Tower with Radar,0,20,23,12,55,0,7,2,0,9,0,27,25,12,64,8,14,22,86
01/13/2007,LCH,LA,ASW,CE,Combined TRACON& Tower with Radar,0,16,16,5,37,0,10,0,0,10,0,26,16,5,47,8,2,10,57
01/14/2007,LCH,LA,ASW,CE,Combined TRACON& Tower with Radar,0,35,18,2,55,0,9,0,0,9,0,44,18,2,64,60,0,60,124
01/15/2007,LCH,LA,ASW,CE,Combined TRACON& Tower with Radar,0,8,10,6,24,0,0,0,0,0,0,8,10,6,24,2,0,2,26
01/16/2007,LCH,LA,ASW,CE,Combined TRACON& Tower with Radar,0,10,4,5,19,0,9,0,0,9,0,19,4,5,28,4,4,8,36
01/17/2007,LCH,LA,ASW,CE,Combined TRACON& Tower with Radar,0,14,1,0,15,0,20,2,1,23,0,34,3,1,38,2,0,2,40
01/18/2007,LCH,LA,ASW,CE,Combined TRACON& Tower with Radar,0,19,6,10,35,0,2,0,0,2,0,21,6,10,37,2,8,10,47
01/19/2007,LCH,LA,ASW,CE,Combined TRACON& Tower with Radar,0,19,18,44,81,0,24,6,0,30,0,43,24,44,111,38,44,82,193
01/20/2007,LCH,LA,ASW,CE,Combined TRACON& Tower with Radar,0,11,7,19,37,0,17,3,0,20,0,28,10,19,57,28,14,42,99
01/21/2007,LCH,LA,ASW,CE,Combined TRACON& Tower with Radar,0,20,10,12,42,0,16,0,0,16,0,36,10,12,58,20,10,30,88
01/22/2007,LCH,LA,ASW,CE,Combined TRACON& Tower with Radar,0,20,16,4,40,0,16,1,0,17,0,36,17,4,57,14,0,14,71
01/23/2007,LCH,LA,ASW,CE,Combined TRACON& Tower with Radar,0,23,7,20,50,0,25,2,0,27,0,48,9,20,77,18,20,38,115
01/24/2007,LCH,LA,ASW,CE,Combined TRACON& Tower with Radar,0,14,11,0,25,0,20,1,0,21,0,34,12,0,46,84,6,90,136
01/25/2007,LCH,LA,ASW,CE,Combined TRACON& Tower with Radar,0,15,13,24,52,0,38,24,1,63,0,53,37,25,115,42,16,58,173
01/26/2007,LCH,LA,ASW,CE,Combined TRACON& Tower with Radar,0,18,24,31,73,0,36,26,0,62,0,54,50,31,135,128,30,158,293
01/27/2007,LCH,LA,ASW,CE,Combined TRACON& Tower with Radar,0,19,11,0,30,0,1,2,0,3,0,20,13,0,33,6,0,6,39
01/28/2007,LCH,LA,ASW,CE,Combined TRACON& Tower with Radar,0,16,13,10,39,0,20,18,0,38,0,36,31,10,77,14,10,24,101
01/29/2007,LCH,LA,ASW,CE,Combined TRACON& Tower with Radar,0,21,12,19,52,0,32,14,2,48,0,53,26,21,100,54,16,70,170
01/30/2007,LCH,LA,ASW,CE,Combined TRACON& Tower with Radar,0,29,12,3,44,0,12,0,0,12,0,41,12,3,56,14,2,16,72
01/31/2007,LCH,LA,ASW,CE,Combined TRACON& Tower with Radar,0,22,8,6,36,0,20,0,0,20,0,42,8,6,56,30,6,36,92
02/01/2007,LCH,LA,ASW,CE,Combined TRACON& Tower with Radar,0,27,17,8,52,0,5,0,0,5,0,32,17,8,57,10,8,18,75
02/02/2007,LCH,LA,ASW,CE,Combined TRACON& Tower with Radar,0,16,18,10,44,0,24,2,3,29,0,40,20,13,73,14,8,22,95
02/03/2007,LCH,LA,ASW,CE,Combined TRACON& Tower with Radar,0,18,6,1,25,0,7,12,0,19,0,25,18,1,44,12,0,12,56
02/04/2007,LCH,LA,ASW,CE,Combined TRACON& Tower with Radar,0,28,9,1,38,0,14,12,0,26,0,42,21,1,64,22,0,22,86
02/05/2007,LCH,LA,ASW,CE,Combined TRACON& Tower with Radar,0,14,12,12,38,0,19,13,0,32,0,33,25,12,70,4,12,16,86
02/06/2007,LCH,LA,ASW,CE,Combined TRACON& Tower with Radar,0,11,6,18,35,0,17,12,0,29,0,28,18,18,64,20,10,30,94
02/07/2007,LCH,LA,ASW,CE,Combined TRACON& Tower with Radar,0,21,19,13,53,0,18,14,1,33,0,39,33,14,86,58,20,78,164
02/08/2007,LCH,LA,ASW,CE,Combined TRACON& Tower with Radar,0,14,14,25,53,0,22,6,0,28,0,36,20,25,81,26,24,50,131
02/09/2007,LCH,LA,ASW,CE,Combined TRACON& Tower with Radar,0,13,18,10,41,0,2,0,0,2,0,15,18,10,43,2,12,14,57
02/10/2007,LCH,LA,ASW,CE,Combined TRACON& Tower with Radar,0,8,19,16,43,0,16,12,0,28,0,24,31,16,71,70,20,90,161
02/11/2007,LCH,LA,ASW,CE,Combined TRACON& Tower with Radar,0,11,6,9,26,0,23,15,0,38,0,34,21,9,64,66,4,70,134
02/12/2007,LCH,LA,ASW,CE,Combined TRACON& Tower with Radar,0,16,15,0,31,0,20,2,2,24,0,36,17,2,55,80,0,80,135
02/13/2007,LCH,LA,ASW,CE,Combined TRACON& Tower with Radar,0,15,14,60,89,0,31,6,0,37,0,46,20,60,126,60,60,120,246
02/14/2007,LCH,LA,ASW,CE,Combined TRACON& Tower with Radar,0,14,15,69,98,0,21,9,3,33,0,35,24,72,131,12,48,60,191
02/15/2007,LCH,LA,ASW,CE,Combined TRACON& Tower with Radar,0,13,24,17,54,0,17,18,0,35,0,30,42,17,89,20,18,38,127
02/16/2007,LCH,LA,ASW,CE,Combined TRACON& Tower with Radar,0,12,11,8,31,0,25,28,0,53,0,37,39,8,84,16,14,30,114
02/17/2007,LCH,LA,ASW,CE,Combined TRACON& Tower with Radar,0,28,9,0,37,0,19,25,0,44,0,47,34,0,81,42,0,42,123
02/18/2007,LCH,LA,ASW,CE,Combined TRACON& Tower with Radar,2,13,21,0,36,0,20,13,0,33,2,33,34,0,69,50,0,50,119
02/19/2007,LCH,LA,ASW,CE,Combined TRACON& Tower with Radar,0,12,15,2,29,0,33,10,0,43,0,45,25,2,72,34,4,38,110
02/20/2007,LCH,LA,ASW,CE,Combined TRACON& Tower with Radar,0,25,25,14,64,0,25,4,3,32,0,50,29,17,96,14,10,24,120
02/21/2007,LCH,LA,ASW,CE,Combined TRACON& Tower with Radar,0,18,15,28,61,0,23,15,0,38,0,41,30,28,99,24,54,78,177
02/22/2007,LCH,LA,ASW,CE,Combined TRACON& Tower with Radar,0,20,10,15,45,0,14,4,1,19,0,34,14,16,64,20,14,34,98
02/23/2007,LCH,LA,ASW,CE,Combined TRACON& Tower with Radar,0,11,14,16,41,0,23,0,0,23,0,34,14,16,64,20,14,34,98
02/24/2007,LCH,LA,ASW,CE,Combined TRACON& Tower with Radar,0,18,4,0,22,0,0,1,0,1,0,18,5,0,23,0,0,0,23
02/25/2007,LCH,LA,ASW,CE,Combined TRACON& Tower with Radar,0,13,11,1,25,0,19,27,0,46,0,32,38,1,71,30,0,30,101
02/26/2007,LCH,LA,ASW,CE,Combined TRACON& Tower with Radar,0,12,23,11,46,0,16,18,0,34,0,28,41,11,80,58,4,62,142
02/27/2007,LCH,LA,ASW,CE,Combined TRACON& Tower with Radar,0,14,19,8,41,0,23,11,0,34,0,37,30,8,75,42,4,46,121
02/28/2007,LCH,LA,ASW,CE,Combined TRACON& Tower with Radar,0,18,17,6,41,0,3,0,0,3,0,21,17,6,44,10,6,16,60
03/01/2007,LCH,LA,ASW,CE,Combined TRACON& Tower with Radar,0,14,8,8,30,0,16,6,0,22,0,30,14,8,52,14,8,22,74
03/02/2007,LCH,LA,ASW,CE,Combined TRACON& Tower with Radar,0,13,13,8,34,0,31,15,0,46,0,44,28,8,80,4,6,10,90
03/03/2007,LCH,LA,ASW,CE,Combined TRACON& Tower with Radar,0,9,15,23,47,0,20,17,1,38,0,29,32,24,85,14,24,38,123
03/04/2007,LCH,LA,ASW,CE,Combined TRACON& Tower with Radar,0,23,20,1,44,0,12,27,0,39,0,35,47,1,83,66,0,66,149
03/05/2007,LCH,LA,ASW,CE,Combined TRACON& Tower with Radar,0,12,4,1,17,0,21,16,0,37,0,33,20,1,54,30,0,30,84
03/06/2007,LCH,LA,ASW,CE,Combined TRACON& Tower with Radar,0,16,14,22,52,0,20,10,0,30,0,36,24,22,82,22,30,52,134
03/07/2007,LCH,LA,ASW,CE,Combined TRACON& Tower with Radar,0,10,11,4,25,0,28,13,0,41,0,38,24,4,66,16,4,20,86
03/08/2007,LCH,LA,ASW,CE,Combined TRACON& Tower with Radar,0,13,12,2,27,0,19,12,0,31,0,32,24,2,58,34,2,36,94
03/09/2007,LCH,LA,ASW,CE,Combined TRACON& Tower with Radar,0,14,11,40,65,0,16,4,0,20,0,30,15,40,85,22,14,36,121
03/10/2007,LCH,LA,ASW,CE,Combined TRACON& Tower with Radar,0,8,4,11,23,0,12,16,0,28,0,20,20,11,51,26,14,40,91
03/11/2007,LCH,LA,ASW,CE,Combined TRACON& Tower with Radar,0,9,15,7,31,0,20,7,0,27,0,29,22,7,58,92,6,98,156
03/12/2007,LCH,LA,ASW,CE,Combined TRACON& Tower with Radar,0,11,20,0,31,0,8,4,0,12,0,19,24,0,43,12,0,12,55
03/13/2007,LCH,LA,ASW,CE,Combined TRACON& Tower with Radar,0,16,11,17,44,0,12,1,0,13,0,28,12,17,57,70,4,74,131
03/14/2007,LCH,LA,ASW,CE,Combined TRACON& Tower with Radar,0,6,14,2,22,0,16,1,0,17,0,22,15,2,39,38,2,40,79
03/15/2007,LCH,LA,ASW,CE,Combined TRACON& Tower with Radar,0,13,18,2,33,0,28,7,0,35,0,41,25,2,68,14,2,16,84
03/16/2007,LCH,LA,ASW,CE,Combined TRACON& Tower with Radar,0,20,13,12,45,0,20,7,0,27,0,40,20,12,72,42,28,70,142
03/17/2007,LCH,LA,ASW,CE,Combined TRACON& Tower with Radar,0,8,12,1,21,0,22,35,1,58,0,30,47,2,79,16,2,18,97
03/18/2007,LCH,LA,ASW,CE,Combined TRACON& Tower with Radar,0,14,13,0,27,0,21,11,2,34,0,35,24,2,61,18,0,18,79
03/19/2007,LCH,LA,ASW,CE,Combined TRACON& Tower with Radar,0,15,24,10,49,0,19,8,0,27,0,34,32,10,76,16,20,36,112
03/20/2007,LCH,LA,ASW,CE,Combined TRACON& Tower with Radar,0,19,15,52,86,0,27,11,0,38,0,46,26,52,124,20,42,62,186
03/21/2007,LCH,LA,ASW,CE,Combined TRACON& Tower with Radar,0,17,26,12,55,0,24,12,0,36,0,41,38,12,91,12,16,28,119
03/22/2007,LCH,LA,ASW,CE,Combined TRACON& Tower with Radar,0,19,22,17,58,0,30,9,0,39,0,49,31,17,97,8,8,16,113
03/23/2007,LCH,LA,ASW,CE,Combined TRACON& Tower with Radar,0,13,17,34,64,0,20,9,0,29,0,33,26,34,93,32,52,84,177
03/24/2007,LCH,LA,ASW,CE,Combined TRACON& Tower with Radar,0,12,21,2,35,0,17,5,0,22,0,29,26,2,57,16,2,18,75
03/25/2007,LCH,LA,ASW,CE,Combined TRACON& Tower with Radar,0,14,10,7,31,0,0,0,0,0,0,14,10,7,31,10,38,48,79
03/26/2007,LCH,LA,ASW,CE,Combined TRACON& Tower with Radar,0,18,14,24,56,0,20,5,0,25,0,38,19,24,81,6,14,20,101
03/27/2007,LCH,LA,ASW,CE,Combined TRACON& Tower with Radar,0,23,15,10,48,0,30,1,0,31,0,53,16,10,79,6,10,16,95
03/28/2007,LCH,LA,ASW,CE,Combined TRACON& Tower with Radar,0,22,14,14,50,0,23,8,0,31,0,45,22,14,81,14,28,42,123
03/29/2007,LCH,LA,ASW,CE,Combined TRACON& Tower with Radar,0,29,20,21,70,0,24,13,0,37,0,53,33,21,107,118,10,128,235
03/30/2007,LCH,LA,ASW,CE,Combined TRACON& Tower with Radar,0,14,13,17,44,0,25,4,0,29,0,39,17,17,73,44,28,72,145
03/31/2007,LCH,LA,ASW,CE,Combined TRACON& Tower with Radar,0,8,1,1,10,0,7,3,0,10,0,15,4,1,20,0,0,0,20
04/01/2007,LCH,LA,ASW,CE,Combined TRACON& Tower with Radar,0,21,13,0,34,0,5,3,0,8,0,26,16,0,42,16,0,16,58
04/02/2007,LCH,LA,ASW,CE,Combined TRACON& Tower with Radar,0,16,4,14,34,0,17,6,0,23,0,33,10,14,57,8,14,22,79
04/03/2007,LCH,LA,ASW,CE,Combined TRACON& Tower with Radar,0,36,28,21,85,0,14,3,1,18,0,50,31,22,103,76,10,86,189
04/04/2007,LCH,LA,ASW,CE,Combined TRACON& Tower with Radar,0,21,13,0,34,0,7,6,0,13,0,28,19,0,47,40,0,40,87
04/05/2007,LCH,LA,ASW,CE,Combined TRACON& Tower with Radar,0,31,13,28,72,0,20,19,0,39,0,51,32,28,111,26,18,44,155
04/06/2007,LCH,LA,ASW,CE,Combined TRACON& Tower with Radar,0,14,14,24,52,0,16,11,1,28,0,30,25,25,80,16,26,42,122
04/07/2007,LCH,LA,ASW,CE,Combined TRACON& Tower with Radar,0,16,7,0,23,0,15,7,0,22,0,31,14,0,45,12,0,12,57
04/08/2007,LCH,LA,ASW,CE,Combined TRACON& Tower with Radar,0,28,7,2,37,0,19,5,0,24,0,47,12,2,61,80,2,82,143
04/09/2007,LCH,LA,ASW,CE,Combined TRACON& Tower with Radar,0,19,10,7,36,0,28,11,0,39,0,47,21,7,75,52,6,58,133
04/10/2007,LCH,LA,ASW,CE,Combined TRACON& Tower with Radar,0,17,8,24,49,0,4,0,0,4,0,21,8,24,53,32,24,56,109
04/11/2007,LCH,LA,ASW,CE,Combined TRACON& Tower with Radar,0,13,18,62,93,0,31,7,0,38,0,44,25,62,131,44,48,92,223
04/12/2007,LCH,LA,ASW,CE,Combined TRACON& Tower with Radar,0,23,13,18,54,0,34,19,2,55,0,57,32,20,109,114,18,132,241
04/13/2007,LCH,LA,ASW,CE,Combined TRACON& Tower with Radar,0,45,9,20,74,0,21,9,6,36,0,66,18,26,110,56,16,72,182
04/14/2007,LCH,LA,ASW,CE,Combined TRACON& Tower with Radar,0,17,5,0,22,0,21,1,0,22,0,38,6,0,44,50,0,50,94
04/15/2007,LCH,LA,ASW,CE,Combined TRACON& Tower with Radar,0,26,8,9,43,0,16,13,0,29,0,42,21,9,72,8,36,44,116
04/16/2007,LCH,LA,ASW,CE,Combined TRACON& Tower with Radar,0,31,6,9,46,0,37,25,0,62,0,68,31,9,108,14,2,16,124
04/17/2007,LCH,LA,ASW,CE,Combined TRACON& Tower with Radar,0,20,24,2,46,0,27,13,0,40,0,47,37,2,86,50,16,66,152
04/18/2007,LCH,LA,ASW,CE,Combined TRACON& Tower with Radar,0,26,14,16,56,0,18,21,0,39,0,44,35,16,95,44,10,54,149
04/19/2007,LCH,LA,ASW,CE,Combined TRACON& Tower with Radar,0,21,19,1,41,0,17,17,29,63,0,38,36,30,104,48,28,76,180
04/20/2007,LCH,LA,ASW,CE,Combined TRACON& Tower with Radar,0,15,24,18,57,0,17,26,0,43,0,32,50,18,100,44,12,56,156
04/21/2007,LCH,LA,ASW,CE,Combined TRACON& Tower with Radar,0,24,9,2,35,0,19,9,0,28,0,43,18,2,63,44,0,44,107
04/22/2007,LCH,LA,ASW,CE,Combined TRACON& Tower with Radar,0,31,8,0,39,0,11,8,0,19,0,42,16,0,58,32,0,32,90
04/23/2007,LCH,LA,ASW,CE,Combined TRACON& Tower with Radar,0,37,17,21,75,0,26,9,0,35,0,63,26,21,110,40,6,46,156
04/24/2007,LCH,LA,ASW,CE,Combined TRACON& Tower with Radar,0,12,9,25,46,0,24,10,0,34,0,36,19,25,80,10,26,36,116
04/25/2007,LCH,LA,ASW,CE,Combined TRACON& Tower with Radar,0,14,9,0,23,0,11,1,2,14,0,25,10,2,37,2,0,2,39
04/26/2007,LCH,LA,ASW,CE,Combined TRACON& Tower with Radar,0,24,9,13,46,0,33,22,2,57,0,57,31,15,103,66,18,84,187
04/27/2007,LCH,LA,ASW,CE,Combined TRACON& Tower with Radar,0,14,30,14,58,0,19,18,0,37,0,33,48,14,95,62,14,76,171
04/28/2007,LCH,LA,ASW,CE,Combined TRACON& Tower with Radar,0,11,11,1,23,0,21,15,0,36,0,32,26,1,59,26,2,28,87
04/29/2007,LCH,LA,ASW,CE,Combined TRACON& Tower with Radar,0,17,22,0,39,0,16,0,0,16,0,33,22,0,55,36,0,36,91
04/30/2007,LCH,LA,ASW,CE,Combined TRACON& Tower with Radar,0,14,19,18,51,0,22,13,0,35,0,36,32,18,86,74,20,94,180
05/01/2007,LCH,LA,ASW,CE,Combined TRACON& Tower with Radar,0,10,15,36,61,0,19,23,0,42,0,29,38,36,103,32,42,74,177
05/02/2007,LCH,LA,ASW,CE,Combined TRACON& Tower with Radar,0,14,26,8,48,0,23,9,0,32,0,37,35,8,80,96,12,108,188
05/03/2007,LCH,LA,ASW,CE,Combined TRACON& Tower with Radar,0,24,8,9,41,0,19,4,0,23,0,43,12,9,64,44,6,50,114
05/04/2007,LCH,LA,ASW,CE,Combined TRACON& Tower with Radar,0,46,7,0,53,0,15,2,0,17,0,61,9,0,70,48,2,50,120
05/05/2007,LCH,LA,ASW,CE,Combined TRACON& Tower with Radar,2,16,11,17,46,0,14,4,0,18,2,30,15,17,64,34,28,62,126
05/06/2007,LCH,LA,ASW,CE,Combined TRACON& Tower with Radar,0,17,12,0,29,0,15,6,0,21,0,32,18,0,50,40,0,40,90
05/07/2007,LCH,LA,ASW,CE,Combined TRACON& Tower with Radar,0,22,15,4,41,0,24,9,0,33,0,46,24,4,74,68,2,70,144
05/08/2007,LCH,LA,ASW,CE,Combined TRACON& Tower with Radar,0,11,18,4,33,0,28,11,0,39,0,39,29,4,72,92,2,94,166
05/09/2007,LCH,LA,ASW,CE,Combined TRACON& Tower with Radar,2,15,26,18,61,0,24,18,0,42,2,39,44,18,103,28,10,38,141
05/10/2007,LCH,LA,ASW,CE,Combined TRACON& Tower with Radar,2,18,9,22,51,0,33,22,0,55,2,51,31,22,106,46,14,60,166
05/11/2007,LCH,LA,ASW,CE,Combined TRACON& Tower with Radar,0,13,9,17,39,0,23,19,0,42,0,36,28,17,81,28,18,46,127
05/12/2007,LCH,LA,ASW,CE,Combined TRACON& Tower with Radar,0,21,11,12,44,0,16,15,0,31,0,37,26,12,75,58,2,60,135
05/13/2007,LCH,LA,ASW,CE,Combined TRACON& Tower with Radar,0,12,6,0,18,0,15,10,0,25,0,27,16,0,43,20,0,20,63
05/14/2007,LCH,LA,ASW,CE,Combined TRACON& Tower with Radar,0,23,11,16,50,0,19,9,1,29,0,42,20,17,79,30,8,38,117
05/15/2007,LCH,LA,ASW,CE,Combined TRACON& Tower with Radar,0,22,5,16,43,0,14,7,0,21,0,36,12,16,64,3,12,15,79
05/16/2007,LCH,LA,ASW,CE,Combined TRACON& Tower with Radar,0,18,14,30,62,0,10,8,1,19,0,28,22,31,81,50,46,96,177
05/17/2007,LCH,LA,ASW,CE,Combined TRACON& Tower with Radar,0,12,15,10,37,0,21,27,0,48,0,33,42,10,85,26,6,32,117
05/18/2007,LCH,LA,ASW,CE,Combined TRACON& Tower with Radar,0,11,14,17,42,0,22,25,0,47,0,33,39,17,89,42,18,60,149
05/19/2007,LCH,LA,ASW,CE,Combined TRACON& Tower with Radar,0,7,10,10,27,0,12,15,7,34,0,19,25,17,61,26,8,34,95
05/20/2007,LCH,LA,ASW,CE,Combined TRACON& Tower with Radar,0,11,14,4,29,0,7,18,0,25,0,18,32,4,54,10,0,10,64
05/21/2007,LCH,LA,ASW,CE,Combined TRACON& Tower with Radar,0,16,8,1,25,0,16,17,2,35,0,32,25,3,60,24,0,24,84
05/22/2007,LCH,LA,ASW,CE,Combined TRACON& Tower with Radar,0,7,18,7,32,0,16,4,0,20,0,23,22,7,52,18,4,22,74
05/23/2007,LCH,LA,ASW,CE,Combined TRACON& Tower with Radar,0,12,17,6,35,0,17,9,2,28,0,29,26,8,63,6,6,12,75
05/24/2007,LCH,LA,ASW,CE,Combined TRACON& Tower with Radar,0,17,27,12,56,0,9,2,0,11,0,26,29,12,67,72,14,86,153
05/25/2007,LCH,LA,ASW,CE,Combined TRACON& Tower with Radar,0,22,14,8,44,0,33,10,0,43,0,55,24,8,87,28,8,36,123
05/26/2007,LCH,LA,ASW,CE,Combined TRACON& Tower with Radar,0,21,9,2,32,0,10,6,0,16,0,31,15,2,48,74,2,76,124
05/27/2007,LCH,LA,ASW,CE,Combined TRACON& Tower with Radar,2,34,8,1,45,0,17,11,0,28,2,51,19,1,73,28,0,28,101
05/28/2007,LCH,LA,ASW,CE,Combined TRACON& Tower with Radar,0,14,10,0,24,0,12,12,0,24,0,26,22,0,48,10,0,10,58
05/29/2007,LCH,LA,ASW,CE,Combined TRACON& Tower with Radar,0,18,9,0,27,0,23,2,0,25,0,41,11,0,52,20,0,20,72
05/30/2007,LCH,LA,ASW,CE,Combined TRACON& Tower with Radar,0,9,17,1,27,0,20,0,0,20,0,29,17,1,47,14,4,18,65
05/31/2007,LCH,LA,ASW,CE,Combined TRACON& Tower with Radar,0,16,12,20,48,0,23,21,1,45,0,39,33,21,93,50,18,68,161
06/01/2007,LCH,LA,ASW,CE,Combined TRACON& Tower with Radar,0,12,6,4,22,0,10,6,1,17,0,22,12,5,39,6,10,16,55
06/02/2007,LCH,LA,ASW,CE,Combined TRACON& Tower with Radar,0,11,5,0,16,0,11,7,5,23,0,22,12,5,39,28,0,28,67
06/03/2007,LCH,LA,ASW,CE,Combined TRACON& Tower with Radar,0,12,11,3,26,0,5,16,1,22,0,17,27,4,48,10,0,10,58
06/04/2007,LCH,LA,ASW,CE,Combined TRACON& Tower with Radar,0,11,14,6,31,0,16,5,4,25,0,27,19,10,56,6,8,14,70
06/05/2007,LCH,LA,ASW,CE,Combined TRACON& Tower with Radar,0,11,14,6,31,0,13,10,0,23,0,24,24,6,54,0,16,16,70
06/06/2007,LCH,LA,ASW,CE,Combined TRACON& Tower with Radar,0,17,12,21,50,0,21,19,3,43,0,38,31,24,93,22,28,50,143
06/07/2007,LCH,LA,ASW,CE,Combined TRACON& Tower with Radar,0,10,7,14,31,0,30,7,1,38,0,40,14,15,69,24,8,32,101
06/08/2007,LCH,LA,ASW,CE,Combined TRACON& Tower with Radar,0,20,14,0,34,0,16,15,22,53,0,36,29,22,87,32,16,48,135
06/09/2007,LCH,LA,ASW,CE,Combined TRACON& Tower with Radar,0,18,6,9,33,0,18,15,1,34,0,36,21,10,67,20,4,24,91
06/10/2007,LCH,LA,ASW,CE,Combined TRACON& Tower with Radar,0,29,5,0,34,0,15,14,0,29,0,44,19,0,63,20,4,24,87
06/11/2007,LCH,LA,ASW,CE,Combined TRACON& Tower with Radar,0,23,6,29,58,0,21,9,0,30,0,44,15,29,88,26,32,58,146
06/12/2007,LCH,LA,ASW,CE,Combined TRACON& Tower with Radar,0,14,12,12,38,0,21,20,0,41,0,35,32,12,79,8,8,16,95
06/13/2007,LCH,LA,ASW,CE,Combined TRACON& Tower with Radar,0,13,14,13,40,0,15,11,2,28,0,28,25,15,68,0,16,16,84
06/14/2007,LCH,LA,ASW,CE,Combined TRACON& Tower with Radar,0,8,12,2,22,0,23,10,0,33,0,31,22,2,55,6,2,8,63
06/15/2007,LCH,LA,ASW,CE,Combined TRACON& Tower with Radar,2,22,7,1,32,0,17,25,1,43,2,39,32,2,75,16,4,20,95
06/16/2007,LCH,LA,ASW,CE,Combined TRACON& Tower with Radar,0,25,9,0,34,0,12,8,0,20,0,37,17,0,54,34,0,34,88
06/17/2007,LCH,LA,ASW,CE,Combined TRACON& Tower with Radar,0,16,15,4,35,0,16,9,0,25,0,32,24,4,60,4,0,4,64
06/18/2007,LCH,LA,ASW,CE,Combined TRACON& Tower with Radar,0,21,11,3,35,0,22,18,2,42,0,43,29,5,77,22,2,24,101
06/19/2007,LCH,LA,ASW,CE,Combined TRACON& Tower with Radar,0,23,6,2,31,0,26,5,0,31,0,49,11,2,62,42,2,44,106
06/20/2007,LCH,LA,ASW,CE,Combined TRACON& Tower with Radar,0,34,13,12,59,0,31,16,0,47,0,65,29,12,106,30,0,30,136
06/21/2007,LCH,LA,ASW,CE,Combined TRACON& Tower with Radar,0,13,22,0,35,0,31,22,0,53,0,44,44,0,88,38,4,42,130
06/22/2007,LCH,LA,ASW,CE,Combined TRACON& Tower with Radar,0,13,18,33,64,0,20,23,2,45,0,33,41,35,109,56,36,92,201
06/23/2007,LCH,LA,ASW,CE,Combined TRACON& Tower with Radar,0,23,7,3,33,0,16,15,1,32,0,39,22,4,65,30,12,42,107
06/24/2007,LCH,LA,ASW,CE,Combined TRACON& Tower with Radar,0,23,11,5,39,0,12,6,1,19,0,35,17,6,58,20,2,22,80
06/25/2007,LCH,LA,ASW,CE,Combined TRACON& Tower with Radar,0,11,9,0,20,0,14,7,0,21,0,25,16,0,41,6,0,6,47
06/26/2007,LCH,LA,ASW,CE,Combined TRACON& Tower with Radar,0,23,12,5,40,0,22,11,2,35,0,45,23,7,75,26,6,32,107
06/27/2007,LCH,LA,ASW,CE,Combined TRACON& Tower with Radar,0,12,6,25,43,0,19,13,0,32,0,31,19,25,75,48,20,68,143
06/28/2007,LCH,LA,ASW,CE,Combined TRACON& Tower with Radar,2,11,18,10,41,0,27,10,0,37,2,38,28,10,78,44,14,58,136
06/29/2007,LCH,LA,ASW,CE,Combined TRACON& Tower with Radar,0,12,20,13,45,0,11,29,1,41,0,23,49,14,86,22,12,34,120
06/30/2007,LCH,LA,ASW,CE,Combined TRACON& Tower with Radar,0,11,10,0,21,0,8,7,0,15,0,19,17,0,36,20,0,20,56
07/01/2007,LCH,LA,ASW,CE,Combined TRACON& Tower with Radar,0,10,3,0,13,0,12,2,0,14,0,22,5,0,27,18,0,18,45
07/02/2007,LCH,LA,ASW,CE,Combined TRACON& Tower with Radar,0,14,6,0,20,0,17,9,4,30,0,31,15,4,50,16,0,16,66
07/03/2007,LCH,LA,ASW,CE,Combined TRACON& Tower with Radar,0,11,10,0,21,0,6,10,0,16,0,17,20,0,37,4,0,4,41
07/04/2007,LCH,LA,ASW,CE,Combined TRACON& Tower with Radar,0,9,0,0,9,0,5,5,0,10,0,14,5,0,19,0,0,0,19
07/05/2007,LCH,LA,ASW,CE,Combined TRACON& Tower with Radar,0,10,16,0,26,0,10,6,0,16,0,20,22,0,42,10,0,10,52
07/06/2007,LCH,LA,ASW,CE,Combined TRACON& Tower with Radar,0,12,4,0,16,0,7,3,0,10,0,19,7,0,26,0,0,0,26
07/07/2007,LCH,LA,ASW,CE,Combined TRACON& Tower with Radar,0,7,10,0,17,0,10,3,0,13,0,17,13,0,30,4,0,4,34
07/08/2007,LCH,LA,ASW,CE,Combined TRACON& Tower with Radar,0,12,11,0,23,0,18,5,0,23,0,30,16,0,46,12,0,12,58
07/09/2007,LCH,LA,ASW,CE,Combined TRACON& Tower with Radar,0,11,8,12,31,0,17,19,0,36,0,28,27,12,67,2,14,16,83
07/10/2007,LCH,LA,ASW,CE,Combined TRACON& Tower with Radar,0,18,22,18,58,0,17,18,0,35,0,35,40,18,93,20,18,38,131
07/11/2007,LCH,LA,ASW,CE,Combined TRACON& Tower with Radar,0,31,6,13,50,0,32,21,0,53,0,63,27,13,103,70,8,78,181
07/12/2007,LCH,LA,ASW,CE,Combined TRACON& Tower with Radar,0,13,24,12,49,0,19,21,0,40,0,32,45,12,89,30,24,54,143
07/13/2007,LCH,LA,ASW,CE,Combined TRACON& Tower with Radar,0,10,11,16,37,0,19,21,1,41,0,29,32,17,78,24,14,38,116
07/14/2007,LCH,LA,ASW,CE,Combined TRACON& Tower with Radar,0,13,7,0,20,0,15,13,0,28,0,28,20,0,48,10,0,10,58
07/15/2007,LCH,LA,ASW,CE,Combined TRACON& Tower with Radar,0,11,13,0,24,0,2,4,0,6,0,13,17,0,30,18,0,18,48
07/16/2007,LCH,LA,ASW,CE,Combined TRACON& Tower with Radar,0,17,10,4,31,0,18,20,0,38,0,35,30,4,69,22,0,22,91
07/17/2007,LCH,LA,ASW,CE,Combined TRACON& Tower with Radar,0,16,10,10,36,0,20,20,0,40,0,36,30,10,76,18,8,26,102
07/18/2007,LCH,LA,ASW,CE,Combined TRACON& Tower with Radar,0,13,14,1,28,0,19,15,0,34,0,32,29,1,62,40,4,44,106
07/19/2007,LCH,LA,ASW,CE,Combined TRACON& Tower with Radar,0,17,9,0,26,0,10,16,0,26,0,27,25,0,52,0,0,0,52
07/20/2007,LCH,LA,ASW,CE,Combined TRACON& Tower with Radar,2,15,11,0,28,0,9,15,0,24,2,24,26,0,52,12,0,12,64
07/21/2007,LCH,LA,ASW,CE,Combined TRACON& Tower with Radar,0,27,11,4,42,0,20,14,0,34,0,47,25,4,76,68,4,72,148
07/22/2007,LCH,LA,ASW,CE,Combined TRACON& Tower with Radar,0,13,18,4,35,0,10,16,2,28,0,23,34,6,63,22,6,28,91
07/23/2007,LCH,LA,ASW,CE,Combined TRACON& Tower with Radar,0,11,22,20,53,0,24,20,0,44,0,35,42,20,97,18,16,34,131
07/24/2007,LCH,LA,ASW,CE,Combined TRACON& Tower with Radar,0,12,7,42,61,0,29,18,0,47,0,41,25,42,108,6,42,48,156
07/25/2007,LCH,LA,ASW,CE,Combined TRACON& Tower with Radar,0,28,16,4,48,0,16,27,0,43,0,44,43,4,91,46,4,50,141
07/26/2007,LCH,LA,ASW,CE,Combined TRACON& Tower with Radar,0,13,7,0,20,0,25,21,0,46,0,38,28,0,66,4,0,4,70
07/27/2007,LCH,LA,ASW,CE,Combined TRACON& Tower with Radar,0,10,2,0,12,0,3,4,0,7,0,13,6,0,19,18,0,18,37
07/28/2007,LCH,LA,ASW,CE,Combined TRACON& Tower with Radar,0,16,4,0,20,0,17,6,0,23,0,33,10,0,43,20,0,20,63
07/29/2007,LCH,LA,ASW,CE,Combined TRACON& Tower with Radar,0,20,5,4,29,0,13,8,0,21,0,33,13,4,50,2,4,6,56
07/30/2007,LCH,LA,ASW,CE,Combined TRACON& Tower with Radar,0,12,10,22,44,0,27,13,0,40,0,39,23,22,84,10,24,34,118
07/31/2007,LCH,LA,ASW,CE,Combined TRACON& Tower with Radar,0,11,8,8,27,0,20,10,0,30,0,31,18,8,57,34,8,42,99
08/01/2007,LCH,LA,ASW,CE,Combined TRACON& Tower with Radar,0,23,8,4,35,0,21,12,0,33,0,44,20,4,68,60,2,62,130
08/02/2007,LCH,LA,ASW,CE,Combined TRACON& Tower with Radar,0,11,20,8,39,0,27,27,0,54,0,38,47,8,93,38,6,44,137
08/03/2007,LCH,LA,ASW,CE,Combined TRACON& Tower with Radar,0,13,9,10,32,0,33,19,0,52,0,46,28,10,84,42,16,58,142
08/04/2007,LCH,LA,ASW,CE,Combined TRACON& Tower with Radar,0,9,7,12,28,0,15,20,0,35,0,24,27,12,63,40,2,42,105
08/05/2007,LCH,LA,ASW,CE,Combined TRACON& Tower with Radar,0,20,0,6,26,0,12,8,0,20,0,32,8,6,46,12,0,12,58
08/06/2007,LCH,LA,ASW,CE,Combined TRACON& Tower with Radar,0,11,5,16,32,0,21,18,0,39,0,32,23,16,71,10,16,26,97
08/07/2007,LCH,LA,ASW,CE,Combined TRACON& Tower with Radar,0,12,9,22,43,0,28,24,0,52,0,40,33,22,95,10,22,32,127
08/08/2007,LCH,LA,ASW,CE,Combined TRACON& Tower with Radar,0,23,8,15,46,0,27,32,0,59,0,50,40,15,105,14,12,26,131
08/09/2007,LCH,LA,ASW,CE,Combined TRACON& Tower with Radar,0,14,14,12,40,0,35,21,0,56,0,49,35,12,96,8,12,20,116
08/10/2007,LCH,LA,ASW,CE,Combined TRACON& Tower with Radar,0,12,10,15,37,0,26,25,0,51,0,38,35,15,88,20,16,36,124
08/11/2007,LCH,LA,ASW,CE,Combined TRACON& Tower with Radar,0,9,10,5,24,0,15,12,2,29,0,24,22,7,53,12,4,16,69
08/12/2007,LCH,LA,ASW,CE,Combined TRACON& Tower with Radar,0,17,8,2,27,0,15,9,0,24,0,32,17,2,51,10,0,10,61
08/13/2007,LCH,LA,ASW,CE,Combined TRACON& Tower with Radar,0,10,8,9,27,0,26,23,1,50,0,36,31,10,77,6,12,18,95
08/14/2007,LCH,LA,ASW,CE,Combined TRACON& Tower with Radar,0,13,16,26,55,0,31,18,0,49,0,44,34,26,104,12,30,42,146
08/15/2007,LCH,LA,ASW,CE,Combined TRACON& Tower with Radar,0,8,10,7,25,0,18,26,0,44,0,26,36,7,69,0,8,8,77
08/16/2007,LCH,LA,ASW,CE,Combined TRACON& Tower with Radar,3,12,3,0,18,0,16,5,0,21,3,28,8,0,39,6,0,6,45
08/17/2007,LCH,LA,ASW,CE,Combined TRACON& Tower with Radar,0,17,10,2,29,0,23,5,0,28,0,40,15,2,57,12,2,14,71
08/18/2007,LCH,LA,ASW,CE,Combined TRACON& Tower with Radar,0,10,3,0,13,0,17,3,0,20,0,27,6,0,33,4,0,4,37
08/19/2007,LCH,LA,ASW,CE,Combined TRACON& Tower with Radar,0,9,12,0,21,0,16,10,0,26,0,25,22,0,47,8,0,8,55
08/20/2007,LCH,LA,ASW,CE,Combined TRACON& Tower with Radar,0,11,9,10,30,0,37,23,0,60,0,48,32,10,90,10,14,24,114
08/21/2007,LCH,LA,ASW,CE,Combined TRACON& Tower with Radar,0,16,19,33,68,0,34,22,0,56,0,50,41,33,124,70,14,84,208
08/22/2007,LCH,LA,ASW,CE,Combined TRACON& Tower with Radar,0,10,10,26,46,0,28,23,0,51,0,38,33,26,97,40,26,66,163
08/23/2007,LCH,LA,ASW,CE,Combined TRACON& Tower with Radar,0,15,17,0,32,0,24,25,0,49,0,39,42,0,81,30,14,44,125
08/24/2007,LCH,LA,ASW,CE,Combined TRACON& Tower with Radar,0,11,3,9,23,0,19,18,1,38,0,30,21,10,61,26,4,30,91
08/25/2007,LCH,LA,ASW,CE,Combined TRACON& Tower with Radar,0,9,6,8,23,0,11,12,0,23,0,20,18,8,46,4,6,10,56
08/26/2007,LCH,LA,ASW,CE,Combined TRACON& Tower with Radar,0,17,3,2,22,0,14,1,0,15,0,31,4,2,37,14,2,16,53
08/27/2007,LCH,LA,ASW,CE,Combined TRACON& Tower with Radar,2,12,13,5,32,0,24,19,0,43,2,36,32,5,75,32,6,38,113
08/28/2007,LCH,LA,ASW,CE,Combined TRACON& Tower with Radar,0,12,9,0,21,0,32,10,0,42,0,44,19,0,63,18,0,18,81
08/29/2007,LCH,LA,ASW,CE,Combined TRACON& Tower with Radar,0,19,17,0,36,0,34,21,0,55,0,53,38,0,91,68,0,68,159
08/30/2007,LCH,LA,ASW,CE,Combined TRACON& Tower with Radar,0,14,17,16,47,0,42,13,0,55,0,56,30,16,102,42,14,56,158
08/31/2007,LCH,LA,ASW,CE,Combined TRACON& Tower with Radar,0,19,15,9,43,0,22,23,0,45,0,41,38,9,88,56,2,58,146
09/01/2007,LCH,LA,ASW,CE,Combined TRACON& Tower with Radar,0,16,9,0,25,0,23,11,0,34,0,39,20,0,59,100,0,100,159
09/02/2007,LCH,LA,ASW,CE,Combined TRACON& Tower with Radar,0,30,14,0,44,0,22,6,0,28,0,52,20,0,72,6,10,16,88
09/03/2007,LCH,LA,ASW,CE,Combined TRACON& Tower with Radar,0,15,13,6,34,0,25,14,0,39,0,40,27,6,73,46,6,52,125
09/04/2007,LCH,LA,ASW,CE,Combined TRACON& Tower with Radar,0,20,5,8,33,0,32,26,0,58,0,52,31,8,91,41,14,55,146
09/05/2007,LCH,LA,ASW,CE,Combined TRACON& Tower with Radar,0,44,18,2,64,0,32,15,4,51,0,76,33,6,115,58,4,62,177
09/06/2007,LCH,LA,ASW,CE,Combined TRACON& Tower with Radar,0,14,22,8,44,0,33,26,1,60,0,47,48,9,104,2,12,14,118
09/07/2007,LCH,LA,ASW,CE,Combined TRACON& Tower with Radar,0,12,15,0,27,0,26,17,1,44,0,38,32,1,71,22,2,24,95
09/08/2007,LCH,LA,ASW,CE,Combined TRACON& Tower with Radar,0,15,11,2,28,0,17,10,0,27,0,32,21,2,55,60,2,62,117
09/09/2007,LCH,LA,ASW,CE,Combined TRACON& Tower with Radar,0,14,10,4,28,0,17,18,0,35,0,31,28,4,63,12,4,16,79
09/10/2007,LCH,LA,ASW,CE,Combined TRACON& Tower with Radar,0,14,9,33,56,0,32,20,0,52,0,46,29,33,108,4,30,34,142
09/11/2007,LCH,LA,ASW,CE,Combined TRACON& Tower with Radar,0,16,22,7,45,0,24,20,0,44,0,40,42,7,89,18,12,30,119
09/12/2007,LCH,LA,ASW,CE,Combined TRACON& Tower with Radar,0,18,12,3,33,0,8,1,0,9,0,26,13,3,42,18,0,18,60
09/13/2007,LCH,LA,ASW,CE,Combined TRACON& Tower with Radar,0,21,5,3,29,0,25,2,0,27,0,46,7,3,56,68,4,72,128
09/14/2007,LCH,LA,ASW,CE,Combined TRACON& Tower with Radar,0,21,8,12,41,0,30,16,0,46,0,51,24,12,87,26,14,40,127
09/15/2007,LCH,LA,ASW,CE,Combined TRACON& Tower with Radar,0,10,6,6,22,0,16,10,0,26,0,26,16,6,48,86,6,92,140
09/16/2007,LCH,LA,ASW,CE,Combined TRACON& Tower with Radar,0,14,10,6,30,0,17,16,0,33,0,31,26,6,63,12,6,18,81
09/17/2007,LCH,LA,ASW,CE,Combined TRACON& Tower with Radar,0,17,4,10,31,0,10,19,4,33,0,27,23,14,64,20,18,38,102
09/18/2007,LCH,LA,ASW,CE,Combined TRACON& Tower with Radar,0,11,6,32,49,0,37,28,0,65,0,48,34,32,114,30,30,60,174
09/19/2007,LCH,LA,ASW,CE,Combined TRACON& Tower with Radar,0,13,6,24,43,0,26,24,0,50,0,39,30,24,93,34,28,62,155
09/20/2007,LCH,LA,ASW,CE,Combined TRACON& Tower with Radar,0,16,16,67,99,0,39,30,24,93,0,55,46,91,192,30,58,88,280
09/21/2007,LCH,LA,ASW,CE,Combined TRACON& Tower with Radar,0,27,8,19,54,0,38,32,0,70,0,65,40,19,124,58,24,82,206
09/22/2007,LCH,LA,ASW,CE,Combined TRACON& Tower with Radar,0,13,18,2,33,0,15,14,0,29,0,28,32,2,62,14,30,44,106
09/23/2007,LCH,LA,ASW,CE,Combined TRACON& Tower with Radar,0,25,6,6,37,0,22,7,0,29,0,47,13,6,66,38,12,50,116
09/24/2007,LCH,LA,ASW,CE,Combined TRACON& Tower with Radar,0,15,12,0,27,0,12,2,0,14,0,27,14,0,41,4,0,4,45
09/25/2007,LCH,LA,ASW,CE,Combined TRACON& Tower with Radar,0,20,9,0,29,0,15,4,1,20,0,35,13,1,49,4,0,4,53
09/26/2007,LCH,LA,ASW,CE,Combined TRACON& Tower with Radar,0,17,15,22,54,0,37,16,1,54,0,54,31,23,108,94,22,116,224
09/27/2007,LCH,LA,ASW,CE,Combined TRACON& Tower with Radar,0,19,10,3,32,0,22,11,1,34,0,41,21,4,66,62,0,62,128
09/28/2007,LCH,LA,ASW,CE,Combined TRACON& Tower with Radar,0,23,12,16,51,0,30,25,0,55,0,53,37,16,106,28,14,42,148
09/29/2007,LCH,LA,ASW,CE,Combined TRACON& Tower with Radar,0,16,11,4,31,0,23,23,0,46,0,39,34,4,77,27,4,31,108
09/30/2007,LCH,LA,ASW,CE,Combined TRACON& Tower with Radar,0,21,22,0,43,0,14,18,0,32,0,35,40,0,75,38,0,38,113
10/01/2007,LCH,LA,ASW,CE,Combined TRACON& Tower with Radar,0,18,11,6,35,0,23,18,0,41,0,41,29,6,76,16,6,22,98
10/02/2007,LCH,LA,ASW,CE,Combined TRACON& Tower with Radar,0,18,4,16,38,0,40,26,0,66,0,58,30,16,104,32,18,50,154
10/03/2007,LCH,LA,ASW,CE,Combined TRACON& Tower with Radar,0,14,12,15,41,0,49,37,0,86,0,63,49,15,127,6,18,24,151
10/04/2007,LCH,LA,ASW,CE,Combined TRACON& Tower with Radar,0,11,11,12,34,0,21,17,2,40,0,32,28,14,74,18,6,24,98
10/05/2007,LCH,LA,ASW,CE,Combined TRACON& Tower with Radar,0,12,8,6,26,0,15,8,0,23,0,27,16,6,49,16,4,20,69
10/06/2007,LCH,LA,ASW,CE,Combined TRACON& Tower with Radar,0,10,13,0,23,0,11,0,0,11,0,21,13,0,34,18,0,18,52
10/07/2007,LCH,LA,ASW,CE,Combined TRACON& Tower with Radar,0,11,8,2,21,0,10,8,0,18,0,21,16,2,39,48,2,50,89
10/08/2007,LCH,LA,ASW,CE,Combined TRACON& Tower with Radar,0,14,8,2,24,0,15,9,0,24,0,29,17,2,48,14,2,16,64
10/09/2007,LCH,LA,ASW,CE,Combined TRACON& Tower with Radar,0,13,7,0,20,0,39,15,0,54,0,52,22,0,74,60,16,76,150
10/10/2007,LCH,LA,ASW,CE,Combined TRACON& Tower with Radar,0,27,10,11,48,0,37,15,0,52,0,64,25,11,100,70,12,82,182
10/11/2007,LCH,LA,ASW,CE,Combined TRACON& Tower with Radar,4,26,12,19,61,0,29,25,0,54,4,55,37,19,115,56,34,90,205
10/12/2007,LCH,LA,ASW,CE,Combined TRACON& Tower with Radar,0,30,9,32,71,0,30,37,0,67,0,60,46,32,138,54,28,82,220
10/13/2007,LCH,LA,ASW,CE,Combined TRACON& Tower with Radar,0,19,5,8,32,0,17,28,0,45,0,36,33,8,77,42,8,50,127
10/14/2007,LCH,LA,ASW,CE,Combined TRACON& Tower with Radar,0,14,11,6,31,0,29,17,0,46,0,43,28,6,77,12,2,14,91
10/15/2007,LCH,LA,ASW,CE,Combined TRACON& Tower with Radar,0,18,13,2,33,0,26,15,0,41,0,44,28,2,74,104,14,118,192
10/16/2007,LCH,LA,ASW,CE,Combined TRACON& Tower with Radar,0,10,16,14,40,0,37,22,0,59,0,47,38,14,99,36,14,50,149
10/17/2007,LCH,LA,ASW,CE,Combined TRACON& Tower with Radar,0,18,16,0,34,0,15,9,0,24,0,33,25,0,58,46,0,46,104
10/18/2007,LCH,LA,ASW,CE,Combined TRACON& Tower with Radar,0,20,16,22,58,0,36,6,0,42,0,56,22,22,100,40,20,60,160
10/19/2007,LCH,LA,ASW,CE,Combined TRACON& Tower with Radar,0,18,11,14,43,0,32,26,0,58,0,50,37,14,101,30,32,62,163
10/20/2007,LCH,LA,ASW,CE,Combined TRACON& Tower with Radar,0,18,9,13,40,0,22,28,0,50,0,40,37,13,90,108,12,120,210
10/21/2007,LCH,LA,ASW,CE,Combined TRACON& Tower with Radar,0,16,17,0,33,0,22,13,0,35,0,38,30,0,68,52,0,52,120
10/22/2007,LCH,LA,ASW,CE,Combined TRACON& Tower with Radar,0,4,2,10,16,0,0,0,8,8,0,4,2,18,24,2,8,10,34
10/23/2007,LCH,LA,ASW,CE,Combined TRACON& Tower with Radar,0,15,14,37,66,0,11,18,0,29,0,26,32,37,95,36,34,70,165
10/24/2007,LCH,LA,ASW,CE,Combined TRACON& Tower with Radar,0,15,6,26,47,0,36,20,0,56,0,51,26,26,103,56,18,74,177
10/25/2007,LCH,LA,ASW,CE,Combined TRACON& Tower with Radar,0,14,21,24,59,0,41,24,0,65,0,55,45,24,124,80,34,114,238
10/26/2007,LCH,LA,ASW,CE,Combined TRACON& Tower with Radar,0,20,3,23,46,0,28,30,0,58,0,48,33,23,104,80,20,100,204
10/27/2007,LCH,LA,ASW,CE,Combined TRACON& Tower with Radar,0,19,6,10,35,0,18,11,0,29,0,37,17,10,64,72,14,86,150
10/28/2007,LCH,LA,ASW,CE,Combined TRACON& Tower with Radar,0,18,18,2,38,0,20,19,0,39,0,38,37,2,77,42,2,44,121
10/29/2007,LCH,LA,ASW,CE,Combined TRACON& Tower with Radar,0,39,10,0,49,0,34,15,0,49,0,73,25,0,98,62,0,62,160
10/30/2007,LCH,LA,ASW,CE,Combined TRACON& Tower with Radar,0,25,13,8,46,0,40,24,0,64,0,65,37,8,110,40,8,48,158
10/31/2007,LCH,LA,ASW,CE,Combined TRACON& Tower with Radar,0,24,19,8,51,0,30,26,0,56,0,54,45,8,107,46,6,52,159
11/01/2007,LCH,LA,ASW,CE,Combined TRACON& Tower with Radar,0,40,25,0,65,0,19,10,15,44,0,59,35,15,109,76,26,102,211
11/02/2007,LCH,LA,ASW,CE,Combined TRACON& Tower with Radar,0,14,6,3,23,0,21,25,0,46,0,35,31,3,69,22,2,24,93
11/03/2007,LCH,LA,ASW,CE,Combined TRACON& Tower with Radar,0,20,7,32,59,0,20,10,0,30,0,40,17,32,89,40,32,72,161
11/04/2007,LCH,LA,ASW,CE,Combined TRACON& Tower with Radar,0,28,17,8,53,0,26,18,0,44,0,54,35,8,97,42,4,46,143
11/05/2007,LCH,LA,ASW,CE,Combined TRACON& Tower with Radar,0,24,13,3,40,0,26,20,0,46,0,50,33,3,86,60,2,62,148
11/06/2007,LCH,LA,ASW,CE,Combined TRACON& Tower with Radar,0,27,20,11,58,0,37,8,0,45,0,64,28,11,103,32,20,52,155
11/07/2007,LCH,LA,ASW,CE,Combined TRACON& Tower with Radar,0,19,12,50,81,0,23,16,0,39,0,42,28,50,120,18,50,68,188
11/08/2007,LCH,LA,ASW,CE,Combined TRACON& Tower with Radar,0,12,13,20,45,0,18,13,0,31,0,30,26,20,76,34,16,50,126
11/09/2007,LCH,LA,ASW,CE,Combined TRACON& Tower with Radar,0,25,20,10,55,0,23,15,0,38,0,48,35,10,93,30,6,36,129
11/10/2007,LCH,LA,ASW,CE,Combined TRACON& Tower with Radar,0,30,5,2,37,0,15,10,0,25,0,45,15,2,62,24,2,26,88
11/11/2007,LCH,LA,ASW,CE,Combined TRACON& Tower with Radar,0,16,8,0,24,0,16,8,0,24,0,32,16,0,48,10,0,10,58
11/12/2007,LCH,LA,ASW,CE,Combined TRACON& Tower with Radar,0,12,5,0,17,0,16,12,0,28,0,28,17,0,45,8,0,8,53
11/13/2007,LCH,LA,ASW,CE,Combined TRACON& Tower with Radar,0,35,40,12,87,0,26,8,0,34,0,61,48,12,121,24,12,36,157
11/14/2007,LCH,LA,ASW,CE,Combined TRACON& Tower with Radar,0,18,18,4,40,0,22,9,0,31,0,40,27,4,71,14,4,18,89
11/15/2007,LCH,LA,ASW,CE,Combined TRACON& Tower with Radar,0,17,20,8,45,0,12,23,0,35,0,29,43,8,80,36,4,40,120
11/16/2007,LCH,LA,ASW,CE,Combined TRACON& Tower with Radar,0,21,19,6,46,0,24,29,0,53,0,45,48,6,99,46,4,50,149
11/17/2007,LCH,LA,ASW,CE,Combined TRACON& Tower with Radar,0,25,22,7,54,0,21,15,0,36,0,46,37,7,90,42,8,50,140
11/18/2007,LCH,LA,ASW,CE,Combined TRACON& Tower with Radar,0,19,11,0,30,0,4,0,0,4,0,23,11,0,34,0,0,0,34
11/19/2007,LCH,LA,ASW,CE,Combined TRACON& Tower with Radar,0,15,16,6,37,0,22,15,0,37,0,37,31,6,74,40,0,40,114
11/20/2007,LCH,LA,ASW,CE,Combined TRACON& Tower with Radar,0,16,22,17,55,0,12,10,0,22,0,28,32,17,77,18,16,34,111
11/21/2007,LCH,LA,ASW,CE,Combined TRACON& Tower with Radar,0,15,3,30,48,0,20,9,1,30,0,35,12,31,78,24,38,62,140
11/22/2007,LCH,LA,ASW,CE,Combined TRACON& Tower with Radar,0,7,0,0,7,0,11,3,0,14,0,18,3,0,21,0,0,0,21
11/23/2007,LCH,LA,ASW,CE,Combined TRACON& Tower with Radar,0,9,18,0,27,0,6,11,0,17,0,15,29,0,44,16,0,16,60
11/24/2007,LCH,LA,ASW,CE,Combined TRACON& Tower with Radar,0,8,5,0,13,0,7,2,0,9,0,15,7,0,22,0,0,0,22
11/25/2007,LCH,LA,ASW,CE,Combined TRACON& Tower with Radar,0,13,7,0,20,0,0,0,0,0,0,13,7,0,20,0,0,0,20
11/26/2007,LCH,LA,ASW,CE,Combined TRACON& Tower with Radar,0,17,24,21,62,0,41,7,0,48,0,58,31,21,110,24,20,44,154
11/27/2007,LCH,LA,ASW,CE,Combined TRACON& Tower with Radar,0,16,21,12,49,0,26,16,0,42,0,42,37,12,91,14,10,24,115
11/28/2007,LCH,LA,ASW,CE,Combined TRACON& Tower with Radar,0,10,15,21,46,0,26,31,2,59,0,36,46,23,105,34,16,50,155
11/29/2007,LCH,LA,ASW,CE,Combined TRACON& Tower with Radar,0,19,18,11,48,0,30,15,0,45,0,49,33,11,93,14,14,28,121
11/30/2007,LCH,LA,ASW,CE,Combined TRACON& Tower with Radar,0,14,13,58,85,0,22,17,0,39,0,36,30,58,124,40,52,92,216
12/01/2007,LCH,LA,ASW,CE,Combined TRACON& Tower with Radar,0,22,6,28,56,0,14,22,3,39,0,36,28,31,95,32,28,60,155
12/02/2007,LCH,LA,ASW,CE,Combined TRACON& Tower with Radar,0,14,7,4,25,0,15,5,0,20,0,29,12,4,45,6,8,14,59
12/03/2007,LCH,LA,ASW,CE,Combined TRACON& Tower with Radar,0,19,7,3,29,0,20,5,0,25,0,39,12,3,54,54,0,54,108
12/04/2007,LCH,LA,ASW,CE,Combined TRACON& Tower with Radar,0,22,10,4,36,0,38,13,1,52,0,60,23,5,88,68,4,72,160
12/05/2007,LCH,LA,ASW,CE,Combined TRACON& Tower with Radar,0,17,11,14,42,0,29,23,0,52,0,46,34,14,94,52,10,62,156
12/06/2007,LCH,LA,ASW,CE,Combined TRACON& Tower with Radar,0,23,8,24,55,0,28,13,0,41,0,51,21,24,96,82,20,102,198
12/07/2007,LCH,LA,ASW,CE,Combined TRACON& Tower with Radar,0,14,14,13,41,0,21,5,0,26,0,35,19,13,67,16,20,36,103
12/08/2007,LCH,LA,ASW,CE,Combined TRACON& Tower with Radar,0,19,9,12,40,0,10,2,0,12,0,29,11,12,52,18,6,24,76
12/09/2007,LCH,LA,ASW,CE,Combined TRACON& Tower with Radar,0,15,9,0,24,0,8,3,0,11,0,23,12,0,35,8,0,8,43
12/10/2007,LCH,LA,ASW,CE,Combined TRACON& Tower with Radar,0,14,12,20,46,0,20,9,0,29,0,34,21,20,75,40,20,60,135
12/11/2007,LCH,LA,ASW,CE,Combined TRACON& Tower with Radar,0,22,16,31,69,0,20,2,1,23,0,42,18,32,92,22,30,52,144
12/12/2007,LCH,LA,ASW,CE,Combined TRACON& Tower with Radar,2,12,18,4,36,0,13,10,0,23,2,25,28,4,59,24,2,26,85
12/13/2007,LCH,LA,ASW,CE,Combined TRACON& Tower with Radar,0,32,14,12,58,0,20,5,0,25,0,52,19,12,83,24,6,30,113
12/14/2007,LCH,LA,ASW,CE,Combined TRACON& Tower with Radar,0,32,23,26,81,0,1,0,0,1,0,33,23,26,82,14,16,30,112
12/15/2007,LCH,LA,ASW,CE,Combined TRACON& Tower with Radar,0,20,7,0,27,0,5,0,0,5,0,25,7,0,32,8,0,8,40
12/16/2007,LCH,LA,ASW,CE,Combined TRACON& Tower with Radar,0,19,23,5,47,0,1,31,0,32,0,20,54,5,79,20,6,26,105
12/17/2007,LCH,LA,ASW,CE,Combined TRACON& Tower with Radar,0,15,22,10,47,0,23,20,0,43,0,38,42,10,90,42,16,58,148
12/18/2007,LCH,LA,ASW,CE,Combined TRACON& Tower with Radar,0,14,14,16,44,0,28,7,1,36,0,42,21,17,80,8,16,24,104
12/19/2007,LCH,LA,ASW,CE,Combined TRACON& Tower with Radar,0,16,7,0,23,0,15,12,2,29,0,31,19,2,52,8,0,8,60
12/20/2007,LCH,LA,ASW,CE,Combined TRACON& Tower with Radar,0,11,17,3,31,0,12,10,0,22,0,23,27,3,53,4,2,6,59
12/21/2007,LCH,LA,ASW,CE,Combined TRACON& Tower with Radar,0,20,2,6,28,0,20,19,0,39,0,40,21,6,67,22,4,26,93
12/22/2007,LCH,LA,ASW,CE,Combined TRACON& Tower with Radar,0,8,14,0,22,0,3,3,0,6,0,11,17,0,28,10,0,10,38
12/23/2007,LCH,LA,ASW,CE,Combined TRACON& Tower with Radar,0,24,6,0,30,0,12,25,0,37,0,36,31,0,67,38,0,38,105
12/24/2007,LCH,LA,ASW,CE,Combined TRACON& Tower with Radar,0,8,3,0,11,0,9,14,0,23,0,17,17,0,34,24,0,24,58
12/25/2007,LCH,LA,ASW,CE,Combined TRACON& Tower with Radar,0,12,2,0,14,0,10,13,0,23,0,22,15,0,37,0,0,0,37
12/26/2007,LCH,LA,ASW,CE,Combined TRACON& Tower with Radar,0,15,7,0,22,0,11,0,0,11,0,26,7,0,33,8,0,8,41
12/27/2007,LCH,LA,ASW,CE,Combined TRACON& Tower with Radar,0,13,19,0,32,0,35,16,0,51,0,48,35,0,83,44,0,44,127
12/28/2007,LCH,LA,ASW,CE,Combined TRACON& Tower with Radar,0,15,8,0,23,0,33,27,0,60,0,48,35,0,83,24,6,30,113
12/29/2007,LCH,LA,ASW,CE,Combined TRACON& Tower with Radar,0,11,1,8,20,0,20,8,0,28,0,31,9,8,48,18,0,18,66
12/30/2007,LCH,LA,ASW,CE,Combined TRACON& Tower with Radar,0,15,4,0,19,0,15,15,0,30,0,30,19,0,49,12,0,12,61
12/31/2007,LCH,LA,ASW,CE,Combined TRACON& Tower with Radar,0,14,6,2,22,0,22,17,0,39,0,36,23,2,61,14,0,14,75
01/01/2008,LCH,LA,ASW,CE,Combined TRACON& Tower with Radar,0,9,8,0,17,0,8,11,0,19,0,17,19,0,36,4,0,4,40
01/02/2008,LCH,LA,ASW,CE,Combined TRACON& Tower with Radar,0,14,6,6,26,0,22,6,0,28,0,36,12,6,54,18,6,24,78
01/03/2008,LCH,LA,ASW,CE,Combined TRACON& Tower with Radar,0,15,14,6,35,0,37,18,0,55,0,52,32,6,90,16,0,16,106
01/04/2008,LCH,LA,ASW,CE,Combined TRACON& Tower with Radar,0,16,16,15,47,0,28,16,0,44,0,44,32,15,91,52,18,70,161
01/05/2008,LCH,LA,ASW,CE,Combined TRACON& Tower with Radar,0,13,5,5,23,0,12,7,1,20,0,25,12,6,43,30,6,36,79
01/06/2008,LCH,LA,ASW,CE,Combined TRACON& Tower with Radar,0,11,9,0,20,0,14,10,0,24,0,25,19,0,44,32,0,32,76
01/07/2008,LCH,LA,ASW,CE,Combined TRACON& Tower with Radar,0,38,11,28,77,0,25,14,3,42,0,63,25,31,119,32,24,56,175
01/08/2008,LCH,LA,ASW,CE,Combined TRACON& Tower with Radar,0,20,13,1,34,0,12,3,0,15,0,32,16,1,49,6,0,6,55
01/09/2008,LCH,LA,ASW,CE,Combined TRACON& Tower with Radar,0,12,23,19,54,0,23,4,0,27,0,35,27,19,81,6,18,24,105
01/10/2008,LCH,LA,ASW,CE,Combined TRACON& Tower with Radar,0,15,8,1,24,0,5,2,0,7,0,20,10,1,31,0,0,0,31
01/11/2008,LCH,LA,ASW,CE,Combined TRACON& Tower with Radar,0,20,12,38,70,0,22,24,1,47,0,42,36,39,117,24,18,42,159
01/12/2008,LCH,LA,ASW,CE,Combined TRACON& Tower with Radar,0,9,11,2,22,0,10,31,2,43,0,19,42,4,65,16,6,22,87
01/13/2008,LCH,LA,ASW,CE,Combined TRACON& Tower with Radar,0,17,3,18,38,0,14,23,0,37,0,31,26,18,75,26,10,36,111
01/14/2008,LCH,LA,ASW,CE,Combined TRACON& Tower with Radar,0,13,16,0,29,0,23,20,0,43,0,36,36,0,72,2,0,2,74
01/15/2008,LCH,LA,ASW,CE,Combined TRACON& Tower with Radar,0,17,4,12,33,0,14,18,2,34,0,31,22,14,67,8,18,26,93
01/16/2008,LCH,LA,ASW,CE,Combined TRACON& Tower with Radar,0,13,10,0,23,0,12,1,0,13,0,25,11,0,36,6,0,6,42
01/17/2008,LCH,LA,ASW,CE,Combined TRACON& Tower with Radar,0,10,15,20,45,0,40,13,0,53,0,50,28,20,98,10,20,30,128
01/18/2008,LCH,LA,ASW,CE,Combined TRACON& Tower with Radar,0,22,27,10,59,0,23,7,1,31,0,45,34,11,90,64,10,74,164
01/19/2008,LCH,LA,ASW,CE,Combined TRACON& Tower with Radar,0,12,18,6,36,0,6,14,0,20,0,18,32,6,56,62,6,68,124
01/20/2008,LCH,LA,ASW,CE,Combined TRACON& Tower with Radar,0,8,5,2,15,0,9,20,0,29,0,17,25,2,44,28,2,30,74
01/21/2008,LCH,LA,ASW,CE,Combined TRACON& Tower with Radar,0,13,9,2,24,0,16,10,0,26,0,29,19,2,50,32,2,34,84
01/22/2008,LCH,LA,ASW,CE,Combined TRACON& Tower with Radar,0,13,7,13,33,0,17,4,0,21,0,30,11,13,54,16,0,16,70
01/23/2008,LCH,LA,ASW,CE,Combined TRACON& Tower with Radar,0,8,8,10,26,0,17,4,0,21,0,25,12,10,47,2,10,12,59
01/24/2008,LCH,LA,ASW,CE,Combined TRACON& Tower with Radar,0,26,12,8,46,0,13,4,0,17,0,39,16,8,63,6,6,12,75
01/25/2008,LCH,LA,ASW,CE,Combined TRACON& Tower with Radar,0,14,15,8,37,0,19,2,0,21,0,33,17,8,58,12,0,12,70
01/26/2008,LCH,LA,ASW,CE,Combined TRACON& Tower with Radar,0,17,9,4,30,0,11,2,1,14,0,28,11,5,44,14,6,20,64
01/27/2008,LCH,LA,ASW,CE,Combined TRACON& Tower with Radar,0,8,16,0,24,0,19,8,4,31,0,27,24,4,55,12,2,14,69
01/28/2008,LCH,LA,ASW,CE,Combined TRACON& Tower with Radar,0,21,8,0,29,0,21,4,0,25,0,42,12,0,54,46,0,46,100
01/29/2008,LCH,LA,ASW,CE,Combined TRACON& Tower with Radar,0,21,25,0,46,0,29,1,0,30,0,50,26,0,76,28,0,28,104
01/30/2008,LCH,LA,ASW,CE,Combined TRACON& Tower with Radar,0,16,15,15,46,0,35,16,3,54,0,51,31,18,100,40,16,56,156
01/31/2008,LCH,LA,ASW,CE,Combined TRACON& Tower with Radar,0,17,4,0,21,0,14,1,0,15,0,31,5,0,36,0,0,0,36
02/01/2008,LCH,LA,ASW,CE,Combined TRACON& Tower with Radar,0,17,14,19,50,0,25,27,2,54,0,42,41,21,104,40,8,48,152
02/02/2008,LCH,LA,ASW,CE,Combined TRACON& Tower with Radar,0,18,5,4,27,0,6,20,1,27,0,24,25,5,54,80,4,84,138
02/03/2008,LCH,LA,ASW,CE,Combined TRACON& Tower with Radar,0,16,5,0,21,0,15,10,0,25,0,31,15,0,46,16,0,16,62
02/04/2008,LCH,LA,ASW,CE,Combined TRACON& Tower with Radar,0,13,9,4,26,0,12,1,0,13,0,25,10,4,39,0,4,4,43
02/05/2008,LCH,LA,ASW,CE,Combined TRACON& Tower with Radar,0,7,0,0,7,0,23,8,3,34,0,30,8,3,41,10,2,12,53
02/06/2008,LCH,LA,ASW,CE,Combined TRACON& Tower with Radar,0,11,10,25,46,0,34,8,0,42,0,45,18,25,88,12,22,34,122
02/07/2008,LCH,LA,ASW,CE,Combined TRACON& Tower with Radar,0,15,15,30,60,0,36,16,0,52,0,51,31,30,112,38,26,64,176
02/08/2008,LCH,LA,ASW,CE,Combined TRACON& Tower with Radar,0,13,8,2,23,0,21,9,1,31,0,34,17,3,54,26,0,26,80
02/09/2008,LCH,LA,ASW,CE,Combined TRACON& Tower with Radar,0,9,9,13,31,0,17,26,0,43,0,26,35,13,74,20,12,32,106
02/10/2008,LCH,LA,ASW,CE,Combined TRACON& Tower with Radar,0,14,7,5,26,0,24,17,0,41,0,38,24,5,67,60,0,60,127
02/11/2008,LCH,LA,ASW,CE,Combined TRACON& Tower with Radar,0,9,9,8,26,0,26,12,0,38,0,35,21,8,64,30,8,38,102
02/12/2008,LCH,LA,ASW,CE,Combined TRACON& Tower with Radar,0,18,8,16,42,0,21,1,2,24,0,39,9,18,66,18,12,30,96
02/13/2008,LCH,LA,ASW,CE,Combined TRACON& Tower with Radar,0,27,4,20,51,0,43,13,2,58,0,70,17,22,109,36,34,70,179
02/14/2008,LCH,LA,ASW,CE,Combined TRACON& Tower with Radar,0,21,6,23,50,0,27,16,0,43,0,48,22,23,93,60,26,86,179
02/15/2008,LCH,LA,ASW,CE,Combined TRACON& Tower with Radar,0,17,7,22,46,0,25,0,0,25,0,42,7,22,71,66,20,86,157
02/16/2008,LCH,LA,ASW,CE,Combined TRACON& Tower with Radar,0,28,4,2,34,0,13,0,0,13,0,41,4,2,47,24,2,26,73
02/17/2008,LCH,LA,ASW,CE,Combined TRACON& Tower with Radar,2,18,7,0,27,0,51,22,0,73,2,69,29,0,100,38,0,38,138
02/18/2008,LCH,LA,ASW,CE,Combined TRACON& Tower with Radar,0,26,6,0,32,0,18,12,0,30,0,44,18,0,62,66,0,66,128
02/19/2008,LCH,LA,ASW,CE,Combined TRACON& Tower with Radar,0,17,17,6,40,0,26,14,0,40,0,43,31,6,80,58,18,76,156
02/20/2008,LCH,LA,ASW,CE,Combined TRACON& Tower with Radar,0,44,10,12,66,0,21,9,0,30,0,65,19,12,96,32,10,42,138
02/21/2008,LCH,LA,ASW,CE,Combined TRACON& Tower with Radar,0,11,8,3,22,0,0,0,0,0,0,11,8,3,22,10,2,12,34
02/22/2008,LCH,LA,ASW,CE,Combined TRACON& Tower with Radar,0,24,7,27,58,0,13,0,0,13,0,37,7,27,71,34,30,64,135
02/23/2008,LCH,LA,ASW,CE,Combined TRACON& Tower with Radar,0,18,13,18,49,0,12,17,2,31,0,30,30,20,80,30,18,48,128
02/24/2008,LCH,LA,ASW,CE,Combined TRACON& Tower with Radar,0,13,10,11,34,0,17,16,1,34,0,30,26,12,68,12,10,22,90
02/25/2008,LCH,LA,ASW,CE,Combined TRACON& Tower with Radar,0,23,16,0,39,0,2,1,0,3,0,25,17,0,42,28,4,32,74
02/26/2008,LCH,LA,ASW,CE,Combined TRACON& Tower with Radar,0,14,6,10,30,0,23,7,0,30,0,37,13,10,60,2,8,10,70
02/27/2008,LCH,LA,ASW,CE,Combined TRACON& Tower with Radar,0,16,16,20,52,0,40,23,0,63,0,56,39,20,115,44,20,64,179
02/28/2008,LCH,LA,ASW,CE,Combined TRACON& Tower with Radar,0,11,8,28,47,0,29,10,0,39,0,40,18,28,86,36,16,52,138
02/29/2008,LCH,LA,ASW,CE,Combined TRACON& Tower with Radar,0,12,16,12,40,0,38,20,0,58,0,50,36,12,98,10,2,12,110
03/01/2008,LCH,LA,ASW,CE,Combined TRACON& Tower with Radar,0,16,7,9,32,0,12,13,0,25,0,28,20,9,57,2,6,8,65
03/02/2008,LCH,LA,ASW,CE,Combined TRACON& Tower with Radar,0,16,10,4,30,0,19,6,0,25,0,35,16,4,55,8,6,14,69
03/03/2008,LCH,LA,ASW,CE,Combined TRACON& Tower with Radar,2,5,4,0,11,0,12,0,0,12,2,17,4,0,23,4,0,4,27
03/04/2008,LCH,LA,ASW,CE,Combined TRACON& Tower with Radar,0,13,12,24,49,0,17,19,2,38,0,30,31,26,87,52,24,76,163
03/05/2008,LCH,LA,ASW,CE,Combined TRACON& Tower with Radar,0,15,12,12,39,0,41,23,0,64,0,56,35,12,103,22,10,32,135
03/06/2008,LCH,LA,ASW,CE,Combined TRACON& Tower with Radar,0,14,23,2,39,0,13,10,0,23,0,27,33,2,62,26,4,30,92
03/07/2008,LCH,LA,ASW,CE,Combined TRACON& Tower with Radar,0,11,6,8,25,0,15,0,0,15,0,26,6,8,40,2,8,10,50
03/08/2008,LCH,LA,ASW,CE,Combined TRACON& Tower with Radar,0,10,22,14,46,0,8,32,0,40,0,18,54,14,86,10,8,18,104
03/09/2008,LCH,LA,ASW,CE,Combined TRACON& Tower with Radar,0,12,17,4,33,0,33,19,0,52,0,45,36,4,85,28,4,32,117
03/10/2008,LCH,LA,ASW,CE,Combined TRACON& Tower with Radar,0,16,7,0,23,0,24,6,0,30,0,40,13,0,53,0,0,0,53
03/11/2008,LCH,LA,ASW,CE,Combined TRACON& Tower with Radar,0,23,10,0,33,0,31,12,0,43,0,54,22,0,76,30,0,30,106
03/12/2008,LCH,LA,ASW,CE,Combined TRACON& Tower with Radar,0,18,9,32,59,0,30,29,1,60,0,48,38,33,119,30,32,62,181
03/13/2008,LCH,LA,ASW,CE,Combined TRACON& Tower with Radar,0,17,22,20,59,0,45,38,33,116,0,62,60,53,175,70,20,90,265
03/14/2008,LCH,LA,ASW,CE,Combined TRACON& Tower with Radar,0,27,8,24,59,0,9,8,0,17,0,36,16,24,76,16,12,28,104
03/15/2008,LCH,LA,ASW,CE,Combined TRACON& Tower with Radar,0,13,9,5,27,0,26,15,0,41,0,39,24,5,68,12,4,16,84
03/16/2008,LCH,LA,ASW,CE,Combined TRACON& Tower with Radar,0,8,1,0,9,0,22,6,0,28,0,30,7,0,37,4,0,4,41
03/17/2008,LCH,LA,ASW,CE,Combined TRACON& Tower with Radar,0,26,12,10,48,0,11,3,0,14,0,37,15,10,62,48,10,58,120
03/18/2008,LCH,LA,ASW,CE,Combined TRACON& Tower with Radar,0,8,6,4,18,0,11,2,0,13,0,19,8,4,31,0,6,6,37
03/19/2008,LCH,LA,ASW,CE,Combined TRACON& Tower with Radar,0,13,6,0,19,0,36,2,0,38,0,49,8,0,57,12,0,12,69
03/20/2008,LCH,LA,ASW,CE,Combined TRACON& Tower with Radar,0,14,11,4,29,0,4,27,0,31,0,18,38,4,60,42,4,46,106
03/21/2008,LCH,LA,ASW,CE,Combined TRACON& Tower with Radar,0,14,13,11,38,0,29,22,1,52,0,43,35,12,90,38,8,46,136
03/22/2008,LCH,LA,ASW,CE,Combined TRACON& Tower with Radar,0,15,19,4,38,0,18,18,0,36,0,33,37,4,74,42,6,48,122
03/23/2008,LCH,LA,ASW,CE,Combined TRACON& Tower with Radar,0,17,8,0,25,0,19,13,0,32,0,36,21,0,57,2,0,2,59
03/24/2008,LCH,LA,ASW,CE,Combined TRACON& Tower with Radar,0,12,12,15,39,0,36,23,2,61,0,48,35,17,100,30,14,44,144
03/25/2008,LCH,LA,ASW,CE,Combined TRACON& Tower with Radar,0,17,16,13,46,0,27,15,0,42,0,44,31,13,88,30,16,46,134
03/26/2008,LCH,LA,ASW,CE,Combined TRACON& Tower with Radar,0,15,9,4,28,0,29,10,0,39,0,44,19,4,67,0,2,2,69
03/27/2008,LCH,LA,ASW,CE,Combined TRACON& Tower with Radar,0,13,12,6,31,0,24,7,0,31,0,37,19,6,62,86,4,90,152
03/28/2008,LCH,LA,ASW,CE,Combined TRACON& Tower with Radar,0,25,10,6,41,0,32,7,0,39,0,57,17,6,80,56,14,70,150
03/29/2008,LCH,LA,ASW,CE,Combined TRACON& Tower with Radar,0,9,5,33,47,0,15,5,0,20,0,24,10,33,67,12,33,45,112
03/30/2008,LCH,LA,ASW,CE,Combined TRACON& Tower with Radar,0,26,15,6,47,0,17,0,2,19,0,43,15,8,66,12,8,20,86
03/31/2008,LCH,LA,ASW,CE,Combined TRACON& Tower with Radar,0,26,9,7,42,0,26,4,0,30,0,52,13,7,72,26,6,32,104
04/01/2008,LCH,LA,ASW,CE,Combined TRACON& Tower with Radar,0,22,22,1,45,0,18,7,1,26,0,40,29,2,71,14,0,14,85
04/02/2008,LCH,LA,ASW,CE,Combined TRACON& Tower with Radar,0,23,9,6,38,0,6,2,0,8,0,29,11,6,46,12,4,16,62
04/03/2008,LCH,LA,ASW,CE,Combined TRACON& Tower with Radar,0,12,21,4,37,0,50,7,0,57,0,62,28,4,94,22,4,26,120
04/04/2008,LCH,LA,ASW,CE,Combined TRACON& Tower with Radar,0,7,13,4,24,0,55,15,0,70,0,62,28,4,94,30,8,38,132
04/05/2008,LCH,LA,ASW,CE,Combined TRACON& Tower with Radar,0,24,5,0,29,0,9,13,0,22,0,33,18,0,51,22,12,34,85
04/06/2008,LCH,LA,ASW,CE,Combined TRACON& Tower with Radar,0,26,12,22,60,0,17,17,0,34,0,43,29,22,94,42,6,48,142
04/07/2008,LCH,LA,ASW,CE,Combined TRACON& Tower with Radar,0,12,13,6,31,0,14,10,0,24,0,26,23,6,55,12,6,18,73
04/08/2008,LCH,LA,ASW,CE,Combined TRACON& Tower with Radar,0,14,20,11,45,0,32,13,0,45,0,46,33,11,90,20,22,42,132
04/09/2008,LCH,LA,ASW,CE,Combined TRACON& Tower with Radar,0,10,11,24,45,0,29,10,0,39,0,39,21,24,84,22,18,40,124
04/10/2008,LCH,LA,ASW,CE,Combined TRACON& Tower with Radar,0,19,5,6,30,0,22,2,0,24,0,41,7,6,54,18,6,24,78
04/11/2008,LCH,LA,ASW,CE,Combined TRACON& Tower with Radar,0,20,12,14,46,0,18,8,2,28,0,38,20,16,74,16,10,26,100
04/12/2008,LCH,LA,ASW,CE,Combined TRACON& Tower with Radar,0,9,16,1,26,0,22,16,2,40,0,31,32,3,66,32,0,32,98
04/13/2008,LCH,LA,ASW,CE,Combined TRACON& Tower with Radar,0,12,9,2,23,0,15,17,0,32,0,27,26,2,55,10,2,12,67
04/14/2008,LCH,LA,ASW,CE,Combined TRACON& Tower with Radar,0,18,11,19,48,0,34,26,6,66,0,52,37,25,114,58,38,96,210
04/15/2008,LCH,LA,ASW,CE,Combined TRACON& Tower with Radar,0,30,10,15,55,0,46,38,0,84,0,76,48,15,139,56,14,70,209
04/16/2008,LCH,LA,ASW,CE,Combined TRACON& Tower with Radar,0,37,7,12,56,0,31,17,0,48,0,68,24,12,104,30,12,42,146
04/17/2008,LCH,LA,ASW,CE,Combined TRACON& Tower with Radar,2,32,4,17,55,0,36,20,0,56,2,68,24,17,111,94,18,112,223
04/18/2008,LCH,LA,ASW,CE,Combined TRACON& Tower with Radar,0,15,11,0,26,0,14,5,0,19,0,29,16,0,45,36,0,36,81
04/19/2008,LCH,LA,ASW,CE,Combined TRACON& Tower with Radar,0,8,4,16,28,0,24,29,0,53,0,32,33,16,81,34,16,50,131
04/20/2008,LCH,LA,ASW,CE,Combined TRACON& Tower with Radar,0,21,12,14,47,0,24,22,0,46,0,45,34,14,93,80,6,86,179
04/21/2008,LCH,LA,ASW,CE,Combined TRACON& Tower with Radar,0,11,3,8,22,0,34,16,0,50,0,45,19,8,72,70,8,78,150
04/22/2008,LCH,LA,ASW,CE,Combined TRACON& Tower with Radar,0,16,7,2,25,0,12,16,0,28,0,28,23,2,53,74,2,76,129
04/23/2008,LCH,LA,ASW,CE,Combined TRACON& Tower with Radar,0,27,7,6,40,0,47,22,0,69,0,74,29,6,109,50,6,56,165
04/24/2008,LCH,LA,ASW,CE,Combined TRACON& Tower with Radar,0,32,7,18,57,0,36,21,0,57,0,68,28,18,114,98,16,114,228
04/25/2008,LCH,LA,ASW,CE,Combined TRACON& Tower with Radar,0,32,3,12,47,0,41,12,0,53,0,73,15,12,100,66,12,78,178
04/26/2008,LCH,LA,ASW,CE,Combined TRACON& Tower with Radar,0,9,7,0,16,0,13,2,0,15,0,22,9,0,31,20,0,20,51
04/27/2008,LCH,LA,ASW,CE,Combined TRACON& Tower with Radar,0,27,7,0,34,0,7,2,0,9,0,34,9,0,43,34,0,34,77
04/28/2008,LCH,LA,ASW,CE,Combined TRACON& Tower with Radar,0,21,12,31,64,0,19,23,0,42,0,40,35,31,106,34,60,94,200
04/29/2008,LCH,LA,ASW,CE,Combined TRACON& Tower with Radar,0,17,10,8,35,0,34,23,0,57,0,51,33,8,92,46,6,52,144
04/30/2008,LCH,LA,ASW,CE,Combined TRACON& Tower with Radar,0,15,5,12,32,0,30,21,0,51,0,45,26,12,83,62,22,84,167
05/01/2008,LCH,LA,ASW,CE,Combined TRACON& Tower with Radar,0,15,18,23,56,0,26,5,0,31,0,41,23,23,87,6,20,26,113
05/02/2008,LCH,LA,ASW,CE,Combined TRACON& Tower with Radar,2,16,5,0,23,0,17,4,2,23,2,33,9,2,46,36,0,36,82
05/03/2008,LCH,LA,ASW,CE,Combined TRACON& Tower with Radar,0,6,6,11,23,0,16,16,0,32,0,22,22,11,55,40,4,44,99
05/04/2008,LCH,LA,ASW,CE,Combined TRACON& Tower with Radar,0,32,11,0,43,0,18,10,0,28,0,50,21,0,71,48,0,48,119
05/05/2008,LCH,LA,ASW,CE,Combined TRACON& Tower with Radar,0,14,7,0,21,0,6,6,0,12,0,20,13,0,33,32,0,32,65
05/06/2008,LCH,LA,ASW,CE,Combined TRACON& Tower with Radar,0,17,3,5,25,0,28,19,0,47,0,45,22,5,72,40,2,42,114
05/07/2008,LCH,LA,ASW,CE,Combined TRACON& Tower with Radar,0,11,11,12,34,0,32,6,0,38,0,43,17,12,72,54,16,70,142
05/08/2008,LCH,LA,ASW,CE,Combined TRACON& Tower with Radar,0,16,13,18,47,0,31,14,0,45,0,47,27,18,92,26,12,38,130
05/09/2008,LCH,LA,ASW,CE,Combined TRACON& Tower with Radar,0,11,13,18,42,0,26,18,0,44,0,37,31,18,86,36,18,54,140
05/10/2008,LCH,LA,ASW,CE,Combined TRACON& Tower with Radar,0,14,11,18,43,0,13,4,0,17,0,27,15,18,60,28,14,42,102
05/11/2008,LCH,LA,ASW,CE,Combined TRACON& Tower with Radar,0,10,8,0,18,0,20,5,0,25,0,30,13,0,43,32,0,32,75
05/12/2008,LCH,LA,ASW,CE,Combined TRACON& Tower with Radar,0,12,15,11,38,0,27,29,1,57,0,39,44,12,95,58,12,70,165
05/13/2008,LCH,LA,ASW,CE,Combined TRACON& Tower with Radar,0,15,9,25,49,0,37,5,0,42,0,52,14,25,91,16,26,42,133
05/14/2008,LCH,LA,ASW,CE,Combined TRACON& Tower with Radar,0,13,5,14,32,0,25,3,0,28,0,38,8,14,60,44,8,52,112
05/15/2008,LCH,LA,ASW,CE,Combined TRACON& Tower with Radar,0,14,2,6,22,0,31,3,2,36,0,45,5,8,58,6,8,14,72
05/16/2008,LCH,LA,ASW,CE,Combined TRACON& Tower with Radar,0,14,12,16,42,0,16,5,0,21,0,30,17,16,63,26,16,42,105
05/17/2008,LCH,LA,ASW,CE,Combined TRACON& Tower with Radar,0,11,8,28,47,0,26,15,3,44,0,37,23,31,91,72,28,100,191
05/18/2008,LCH,LA,ASW,CE,Combined TRACON& Tower with Radar,0,9,14,13,36,0,21,21,0,42,0,30,35,13,78,74,34,108,186
05/19/2008,LCH,LA,ASW,CE,Combined TRACON& Tower with Radar,0,18,8,10,36,0,25,21,0,46,0,43,29,10,82,60,16,76,158
05/20/2008,LCH,LA,ASW,CE,Combined TRACON& Tower with Radar,0,13,16,22,51,0,10,10,1,21,0,23,26,23,72,24,16,40,112
05/21/2008,LCH,LA,ASW,CE,Combined TRACON& Tower with Radar,0,16,25,12,53,0,33,18,0,51,0,49,43,12,104,94,8,102,206
05/22/2008,LCH,LA,ASW,CE,Combined TRACON& Tower with Radar,0,11,23,4,38,0,19,20,0,39,0,30,43,4,77,30,4,34,111
05/23/2008,LCH,LA,ASW,CE,Combined TRACON& Tower with Radar,0,20,15,1,36,0,24,8,0,32,0,44,23,1,68,16,2,18,86
05/24/2008,LCH,LA,ASW,CE,Combined TRACON& Tower with Radar,0,15,6,0,21,0,16,10,0,26,0,31,16,0,47,52,0,52,99
05/25/2008,LCH,LA,ASW,CE,Combined TRACON& Tower with Radar,0,16,6,0,22,0,26,13,0,39,0,42,19,0,61,62,0,62,123
05/26/2008,LCH,LA,ASW,CE,Combined TRACON& Tower with Radar,0,29,13,9,51,0,27,12,0,39,0,56,25,9,90,78,10,88,178
05/27/2008,LCH,LA,ASW,CE,Combined TRACON& Tower with Radar,0,11,6,25,42,0,34,24,0,58,0,45,30,25,100,34,30,64,164
05/28/2008,LCH,LA,ASW,CE,Combined TRACON& Tower with Radar,0,8,9,0,17,0,37,12,0,49,0,45,21,0,66,78,0,78,144
05/29/2008,LCH,LA,ASW,CE,Combined TRACON& Tower with Radar,0,17,13,11,41,0,27,18,0,45,0,44,31,11,86,32,8,40,126
05/30/2008,LCH,LA,ASW,CE,Combined TRACON& Tower with Radar,0,14,15,22,51,0,23,25,0,48,0,37,40,22,99,100,8,108,207
05/31/2008,LCH,LA,ASW,CE,Combined TRACON& Tower with Radar,0,14,7,0,21,0,18,14,0,32,0,32,21,0,53,20,0,20,73
06/01/2008,LCH,LA,ASW,CE,Combined TRACON& Tower with Radar,0,15,3,4,22,0,20,7,0,27,0,35,10,4,49,6,2,8,57
06/02/2008,LCH,LA,ASW,CE,Combined TRACON& Tower with Radar,0,12,13,8,33,0,28,8,0,36,0,40,21,8,69,40,14,54,123
06/03/2008,LCH,LA,ASW,CE,Combined TRACON& Tower with Radar,0,23,7,26,56,0,35,27,0,62,0,58,34,26,118,36,22,58,176
06/04/2008,LCH,LA,ASW,CE,Combined TRACON& Tower with Radar,0,13,13,0,26,0,32,20,0,52,0,45,33,0,78,8,8,16,94
06/05/2008,LCH,LA,ASW,CE,Combined TRACON& Tower with Radar,2,12,9,20,43,0,27,6,0,33,2,39,15,20,76,20,10,30,106
06/06/2008,LCH,LA,ASW,CE,Combined TRACON& Tower with Radar,0,17,2,20,39,0,39,7,0,46,0,56,9,20,85,76,10,86,171
06/07/2008,LCH,LA,ASW,CE,Combined TRACON& Tower with Radar,0,11,10,2,23,0,26,6,0,32,0,37,16,2,55,24,2,26,81
06/08/2008,LCH,LA,ASW,CE,Combined TRACON& Tower with Radar,0,27,7,10,44,0,20,15,0,35,0,47,22,10,79,52,4,56,135
06/09/2008,LCH,LA,ASW,CE,Combined TRACON& Tower with Radar,0,15,12,20,47,0,27,23,0,50,0,42,35,20,97,12,14,26,123
06/10/2008,LCH,LA,ASW,CE,Combined TRACON& Tower with Radar,0,14,6,4,24,0,24,12,0,36,0,38,18,4,60,8,4,12,72
06/11/2008,LCH,LA,ASW,CE,Combined TRACON& Tower with Radar,0,27,12,8,47,0,37,13,0,50,0,64,25,8,97,68,8,76,173
06/12/2008,LCH,LA,ASW,CE,Combined TRACON& Tower with Radar,0,13,12,7,32,0,35,20,0,55,0,48,32,7,87,10,2,12,99
06/13/2008,LCH,LA,ASW,CE,Combined TRACON& Tower with Radar,0,32,10,18,60,0,36,17,0,53,0,68,27,18,113,50,16,66,179
06/14/2008,LCH,LA,ASW,CE,Combined TRACON& Tower with Radar,0,33,11,0,44,0,23,9,1,33,0,56,20,1,77,52,0,52,129
06/15/2008,LCH,LA,ASW,CE,Combined TRACON& Tower with Radar,0,30,19,2,51,0,20,13,0,33,0,50,32,2,84,34,2,36,120
06/16/2008,LCH,LA,ASW,CE,Combined TRACON& Tower with Radar,0,19,9,9,37,0,25,14,0,39,0,44,23,9,76,68,6,74,150
06/17/2008,LCH,LA,ASW,CE,Combined TRACON& Tower with Radar,0,16,14,30,60,0,25,17,0,42,0,41,31,30,102,34,26,60,162
06/18/2008,LCH,LA,ASW,CE,Combined TRACON& Tower with Radar,0,43,8,10,61,0,30,22,2,54,0,73,30,12,115,60,24,84,199
06/19/2008,LCH,LA,ASW,CE,Combined TRACON& Tower with Radar,0,24,10,8,42,0,37,35,0,72,0,61,45,8,114,22,6,28,142
06/20/2008,LCH,LA,ASW,CE,Combined TRACON& Tower with Radar,0,40,17,8,65,0,29,17,0,46,0,69,34,8,111,22,6,28,139
06/21/2008,LCH,LA,ASW,CE,Combined TRACON& Tower with Radar,0,16,11,1,28,0,17,15,1,33,0,33,26,2,61,34,0,34,95
06/22/2008,LCH,LA,ASW,CE,Combined TRACON& Tower with Radar,0,14,14,1,29,0,16,19,0,35,0,30,33,1,64,60,4,64,128
06/23/2008,LCH,LA,ASW,CE,Combined TRACON& Tower with Radar,0,15,12,14,41,0,25,28,0,53,0,40,40,14,94,58,12,70,164
06/24/2008,LCH,LA,ASW,CE,Combined TRACON& Tower with Radar,0,24,15,2,41,0,40,17,0,57,0,64,32,2,98,38,2,40,138
06/25/2008,LCH,LA,ASW,CE,Combined TRACON& Tower with Radar,0,8,18,1,27,0,25,13,0,38,0,33,31,1,65,4,0,4,69
06/26/2008,LCH,LA,ASW,CE,Combined TRACON& Tower with Radar,2,11,10,14,37,0,39,4,0,43,2,50,14,14,80,22,10,32,112
06/27/2008,LCH,LA,ASW,CE,Combined TRACON& Tower with Radar,0,15,7,2,24,0,29,8,1,38,0,44,15,3,62,32,2,34,96
06/28/2008,LCH,LA,ASW,CE,Combined TRACON& Tower with Radar,0,9,11,0,20,0,12,3,0,15,0,21,14,0,35,24,0,24,59
06/29/2008,LCH,LA,ASW,CE,Combined TRACON& Tower with Radar,0,15,7,0,22,0,10,10,0,20,0,25,17,0,42,54,0,54,96
06/30/2008,LCH,LA,ASW,CE,Combined TRACON& Tower with Radar,0,11,7,4,22,0,24,15,0,39,0,35,22,4,61,60,0,60,121
07/01/2008,LCH,LA,ASW,CE,Combined TRACON& Tower with Radar,0,0,0,0,0,0,0,0,0,0,0,0,0,0,0,20,52,72,72
07/02/2008,LCH,LA,ASW,CE,Combined TRACON& Tower with Radar,0,0,0,0,0,0,0,0,0,0,0,0,0,0,0,14,20,34,34
07/03/2008,LCH,LA,ASW,CE,Combined TRACON& Tower with Radar,0,22,11,20,53,0,30,17,1,48,0,52,28,21,101,102,20,122,223
07/04/2008,LCH,LA,ASW,CE,Combined TRACON& Tower with Radar,0,0,0,0,0,0,0,0,0,0,0,0,0,0,0,144,1,145,145
07/05/2008,LCH,LA,ASW,CE,Combined TRACON& Tower with Radar,0,11,8,0,19,0,20,6,0,26,0,31,14,0,45,90,0,90,135
07/06/2008,LCH,LA,ASW,CE,Combined TRACON& Tower with Radar,0,0,0,0,0,0,0,0,0,0,0,0,0,0,0,72,4,76,76
07/07/2008,LCH,LA,ASW,CE,Combined TRACON& Tower with Radar,0,0,0,0,0,0,0,0,0,0,0,0,0,0,0,32,12,44,44
07/08/2008,LCH,LA,ASW,CE,Combined TRACON& Tower with Radar,0,0,0,0,0,0,0,0,0,0,0,0,0,0,0,26,10,36,36
07/09/2008,LCH,LA,ASW,CE,Combined TRACON& Tower with Radar,0,0,0,0,0,0,0,0,0,0,0,0,0,0,0,16,8,24,24
07/10/2008,LCH,LA,ASW,CE,Combined TRACON& Tower with Radar,0,29,5,9,43,0,30,14,2,46,0,59,19,11,89,34,4,38,127
07/11/2008,LCH,LA,ASW,CE,Combined TRACON& Tower with Radar,0,0,0,0,0,0,0,0,0,0,0,0,0,0,0,10,4,14,14
07/12/2008,LCH,LA,ASW,CE,Combined TRACON& Tower with Radar,0,0,0,0,0,0,19,22,4,45,0,19,22,4,45,54,28,82,127
07/13/2008,LCH,LA,ASW,CE,Combined TRACON& Tower with Radar,0,0,0,0,0,0,0,0,0,0,0,0,0,0,0,30,0,30,30
07/14/2008,LCH,LA,ASW,CE,Combined TRACON& Tower with Radar,0,0,0,0,0,0,0,0,0,0,0,0,0,0,0,54,8,62,62
07/15/2008,LCH,LA,ASW,CE,Combined TRACON& Tower with Radar,0,0,0,0,0,0,0,0,0,0,0,0,0,0,0,4,0,4,4
07/16/2008,LCH,LA,ASW,CE,Combined TRACON& Tower with Radar,0,0,0,0,0,0,0,0,0,0,0,0,0,0,0,30,32,62,62
07/17/2008,LCH,LA,ASW,CE,Combined TRACON& Tower with Radar,0,22,3,14,39,0,25,14,1,40,0,47,17,15,79,8,10,18,97
07/18/2008,LCH,LA,ASW,CE,Combined TRACON& Tower with Radar,0,16,2,3,21,0,24,14,1,39,0,40,16,4,60,10,2,12,72
07/19/2008,LCH,LA,ASW,CE,Combined TRACON& Tower with Radar,0,9,14,37,60,0,16,11,0,27,0,25,25,37,87,20,36,56,143
07/20/2008,LCH,LA,ASW,CE,Combined TRACON& Tower with Radar,0,0,0,0,0,0,0,0,0,0,0,0,0,0,0,44,18,62,62
07/21/2008,LCH,LA,ASW,CE,Combined TRACON& Tower with Radar,0,0,0,0,0,0,0,0,0,0,0,0,0,0,0,64,8,72,72
07/22/2008,LCH,LA,ASW,CE,Combined TRACON& Tower with Radar,0,0,0,0,0,0,0,0,0,0,0,0,0,0,0,76,4,80,80
07/23/2008,LCH,LA,ASW,CE,Combined TRACON& Tower with Radar,0,20,4,0,24,0,15,0,0,15,0,35,4,0,39,14,0,14,53
07/24/2008,LCH,LA,ASW,CE,Combined TRACON& Tower with Radar,0,9,6,0,15,0,43,7,0,50,0,52,13,0,65,20,0,20,85
07/25/2008,LCH,LA,ASW,CE,Combined TRACON& Tower with Radar,0,37,10,34,81,0,40,10,0,50,0,77,20,34,131,64,26,90,221
07/26/2008,LCH,LA,ASW,CE,Combined TRACON& Tower with Radar,0,39,9,1,49,0,20,22,0,42,0,59,31,1,91,40,2,42,133
07/27/2008,LCH,LA,ASW,CE,Combined TRACON& Tower with Radar,0,0,0,0,0,0,0,0,0,0,0,0,0,0,0,52,0,52,52
07/28/2008,LCH,LA,ASW,CE,Combined TRACON& Tower with Radar,0,22,5,24,51,0,31,19,3,53,0,53,24,27,104,30,32,62,166
07/29/2008,LCH,LA,ASW,CE,Combined TRACON& Tower with Radar,0,33,11,35,79,0,35,24,2,61,0,68,35,37,140,48,38,86,226
07/30/2008,LCH,LA,ASW,CE,Combined TRACON& Tower with Radar,0,0,0,0,0,0,0,0,0,0,0,0,0,0,0,18,4,22,22
07/31/2008,LCH,LA,ASW,CE,Combined TRACON& Tower with Radar,0,0,0,0,0,0,0,0,0,0,0,0,0,0,0,48,6,54,54
08/01/2008,LCH,LA,ASW,CE,Combined TRACON& Tower with Radar,0,33,10,11,54,0,25,6,0,31,0,58,16,11,85,48,10,58,143
08/02/2008,LCH,LA,ASW,CE,Combined TRACON& Tower with Radar,0,32,6,1,39,0,16,15,0,31,0,48,21,1,70,42,0,42,112
08/03/2008,LCH,LA,ASW,CE,Combined TRACON& Tower with Radar,0,0,0,0,0,0,0,0,0,0,0,0,0,0,0,2,8,10,10
08/04/2008,LCH,LA,ASW,CE,Combined TRACON& Tower with Radar,6,18,16,11,51,0,64,10,0,74,6,82,26,11,125,32,2,34,159
08/05/2008,LCH,LA,ASW,CE,Combined TRACON& Tower with Radar,0,10,7,0,17,0,14,0,1,15,0,24,7,1,32,6,0,6,38
08/06/2008,LCH,LA,ASW,CE,Combined TRACON& Tower with Radar,0,11,9,29,49,0,69,16,4,89,0,80,25,33,138,4,10,14,152
08/07/2008,LCH,LA,ASW,CE,Combined TRACON& Tower with Radar,2,25,8,3,38,0,37,22,0,59,2,62,30,3,97,32,2,34,131
08/08/2008,LCH,LA,ASW,CE,Combined TRACON& Tower with Radar,0,12,4,5,21,0,21,9,0,30,0,33,13,5,51,6,2,8,59
08/09/2008,LCH,LA,ASW,CE,Combined TRACON& Tower with Radar,0,13,5,4,22,0,20,13,0,33,0,33,18,4,55,36,10,46,101
08/10/2008,LCH,LA,ASW,CE,Combined TRACON& Tower with Radar,0,0,0,0,0,0,0,0,0,0,0,0,0,0,0,28,12,40,40
08/11/2008,LCH,LA,ASW,CE,Combined TRACON& Tower with Radar,0,18,8,6,32,0,44,11,1,56,0,62,19,7,88,12,0,12,100
08/12/2008,LCH,LA,ASW,CE,Combined TRACON& Tower with Radar,0,18,10,0,28,0,37,2,0,39,0,55,12,0,67,34,0,34,101
08/13/2008,LCH,LA,ASW,CE,Combined TRACON& Tower with Radar,0,23,11,4,38,1,32,14,0,47,1,55,25,4,85,30,10,40,125
08/14/2008,LCH,LA,ASW,CE,Combined TRACON& Tower with Radar,0,30,21,13,64,0,29,24,0,53,0,59,45,13,117,44,20,64,181
08/15/2008,LCH,LA,ASW,CE,Combined TRACON& Tower with Radar,0,13,2,11,26,0,24,12,0,36,0,37,14,11,62,16,6,22,84
08/16/2008,LCH,LA,ASW,CE,Combined TRACON& Tower with Radar,0,21,2,0,23,0,6,4,0,10,0,27,6,0,33,14,0,14,47
08/17/2008,LCH,LA,ASW,CE,Combined TRACON& Tower with Radar,0,0,0,0,0,0,0,1,0,1,0,0,1,0,1,34,4,38,39
08/18/2008,LCH,LA,ASW,CE,Combined TRACON& Tower with Radar,0,17,9,5,31,0,27,11,0,38,0,44,20,5,69,50,4,54,123
08/19/2008,LCH,LA,ASW,CE,Combined TRACON& Tower with Radar,0,19,4,0,23,0,21,23,0,44,0,40,27,0,67,16,0,16,83
08/20/2008,LCH,LA,ASW,CE,Combined TRACON& Tower with Radar,0,9,7,1,17,0,10,2,0,12,0,19,9,1,29,8,0,8,37
08/21/2008,LCH,LA,ASW,CE,Combined TRACON& Tower with Radar,0,9,10,0,19,0,29,9,2,40,0,38,19,2,59,12,0,12,71
08/22/2008,LCH,LA,ASW,CE,Combined TRACON& Tower with Radar,0,10,7,14,31,0,35,22,0,57,0,45,29,14,88,14,16,30,118
08/23/2008,LCH,LA,ASW,CE,Combined TRACON& Tower with Radar,0,15,6,4,25,0,12,15,0,27,0,27,21,4,52,10,6,16,68
08/24/2008,LCH,LA,ASW,CE,Combined TRACON& Tower with Radar,0,25,9,13,47,0,15,15,0,30,0,40,24,13,77,12,10,22,99
08/25/2008,LCH,LA,ASW,CE,Combined TRACON& Tower with Radar,0,0,0,0,0,0,0,0,0,0,0,0,0,0,0,14,2,16,16
08/26/2008,LCH,LA,ASW,CE,Combined TRACON& Tower with Radar,0,31,15,19,65,0,26,17,0,43,0,57,32,19,108,16,20,36,144
08/27/2008,LCH,LA,ASW,CE,Combined TRACON& Tower with Radar,0,19,23,24,66,0,25,25,2,52,0,44,48,26,118,13,22,35,153
08/28/2008,LCH,LA,ASW,CE,Combined TRACON& Tower with Radar,0,0,0,0,0,0,0,0,0,0,0,0,0,0,0,19,4,23,23
08/29/2008,LCH,LA,ASW,CE,Combined TRACON& Tower with Radar,0,16,11,4,31,0,36,25,2,63,0,52,36,6,94,26,4,30,124
08/30/2008,LCH,LA,ASW,CE,Combined TRACON& Tower with Radar,0,9,12,0,21,0,55,11,0,66,0,64,23,0,87,52,0,52,139
08/31/2008,LCH,LA,ASW,CE,Combined TRACON& Tower with Radar,0,4,9,0,13,0,17,4,0,21,0,21,13,0,34,2,0,2,36
09/01/2008,LCH,LA,ASW,CE,Combined TRACON& Tower with Radar,0,0,0,0,0,0,0,0,0,0,0,0,0,0,0,0,0,0,0
09/02/2008,LCH,LA,ASW,CE,Combined TRACON& Tower with Radar,0,5,0,0,5,0,14,7,2,23,0,19,7,2,28,10,0,10,38
09/03/2008,LCH,LA,ASW,CE,Combined TRACON& Tower with Radar,0,15,9,0,24,0,93,23,2,118,0,108,32,2,142,2,0,2,144
09/04/2008,LCH,LA,ASW,CE,Combined TRACON& Tower with Radar,0,15,7,0,22,0,84,15,0,99,0,99,22,0,121,4,0,4,125
09/05/2008,LCH,LA,ASW,CE,Combined TRACON& Tower with Radar,0,24,7,10,41,0,54,22,0,76,0,78,29,10,117,2,4,6,123
09/06/2008,LCH,LA,ASW,CE,Combined TRACON& Tower with Radar,0,11,5,0,16,0,35,30,0,65,0,46,35,0,81,18,0,18,99
09/07/2008,LCH,LA,ASW,CE,Combined TRACON& Tower with Radar,0,0,0,0,0,0,0,0,0,0,0,0,0,0,0,42,0,42,42
09/08/2008,LCH,LA,ASW,CE,Combined TRACON& Tower with Radar,0,10,6,2,18,0,53,18,0,71,0,63,24,2,89,26,0,26,115
09/09/2008,LCH,LA,ASW,CE,Combined TRACON& Tower with Radar,3,11,4,4,22,0,71,19,0,90,3,82,23,4,112,17,2,19,131
09/10/2008,LCH,LA,ASW,CE,Combined TRACON& Tower with Radar,0,17,11,2,30,0,47,17,0,64,0,64,28,2,94,48,6,54,148
09/11/2008,LCH,LA,ASW,CE,Combined TRACON& Tower with Radar,0,11,14,0,25,0,64,26,0,90,0,75,40,0,115,20,0,20,135
09/12/2008,LCH,LA,ASW,CE,Combined TRACON& Tower with Radar,0,2,0,0,2,0,1,0,0,1,0,3,0,0,3,0,0,0,3
09/13/2008,LCH,LA,ASW,CE,Combined TRACON& Tower with Radar,0,0,0,0,0,0,0,0,1,1,0,0,0,1,1,0,0,0,1
09/14/2008,LCH,LA,ASW,CE,Combined TRACON& Tower with Radar,0,0,0,0,0,0,0,0,0,0,0,0,0,0,0,0,0,0,0
09/15/2008,LCH,LA,ASW,CE,Combined TRACON& Tower with Radar,0,13,15,0,28,0,224,63,30,317,0,237,78,30,345,8,0,8,353
09/16/2008,LCH,LA,ASW,CE,Combined TRACON& Tower with Radar,0,16,4,0,20,0,161,72,7,240,0,177,76,7,260,0,0,0,260
09/17/2008,LCH,LA,ASW,CE,Combined TRACON& Tower with Radar,0,0,0,0,0,0,0,0,0,0,0,0,0,0,0,4,0,4,4
09/18/2008,LCH,LA,ASW,CE,Combined TRACON& Tower with Radar,0,11,4,15,30,0,111,69,2,182,0,122,73,17,212,82,0,82,294
09/19/2008,LCH,LA,ASW,CE,Combined TRACON& Tower with Radar,0,17,19,7,43,0,65,50,4,119,0,82,69,11,162,92,2,94,256
09/20/2008,LCH,LA,ASW,CE,Combined TRACON& Tower with Radar,0,9,2,0,11,0,94,32,0,126,0,103,34,0,137,46,0,46,183
09/21/2008,LCH,LA,ASW,CE,Combined TRACON& Tower with Radar,0,0,0,0,0,0,0,0,0,0,0,0,0,0,0,32,4,36,36
09/22/2008,LCH,LA,ASW,CE,Combined TRACON& Tower with Radar,0,14,5,14,33,0,82,35,0,117,0,96,40,14,150,10,6,16,166
09/23/2008,LCH,LA,ASW,CE,Combined TRACON& Tower with Radar,0,18,10,1,29,0,103,31,0,134,0,121,41,1,163,10,0,10,173
09/24/2008,LCH,LA,ASW,CE,Combined TRACON& Tower with Radar,0,13,8,13,34,0,113,50,1,164,0,126,58,14,198,30,6,36,234
09/25/2008,LCH,LA,ASW,CE,Combined TRACON& Tower with Radar,0,12,14,10,36,0,142,24,1,167,0,154,38,11,203,14,0,14,217
09/26/2008,LCH,LA,ASW,CE,Combined TRACON& Tower with Radar,0,0,0,0,0,0,0,0,0,0,0,0,0,0,0,24,4,28,28
09/27/2008,LCH,LA,ASW,CE,Combined TRACON& Tower with Radar,0,13,7,5,25,0,55,39,0,94,0,68,46,5,119,36,0,36,155
09/28/2008,LCH,LA,ASW,CE,Combined TRACON& Tower with Radar,0,0,0,0,0,0,0,0,0,0,0,0,0,0,0,22,0,22,22
09/29/2008,LCH,LA,ASW,CE,Combined TRACON& Tower with Radar,0,14,5,3,22,0,0,0,0,0,0,14,5,3,22,8,2,10,32
09/30/2008,LCH,LA,ASW,CE,Combined TRACON& Tower with Radar,0,15,15,3,33,0,99,33,5,137,0,114,48,8,170,10,2,12,182
10/01/2008,LCH,LA,ASW,CE,Combined TRACON& Tower with Radar,0,16,7,10,33,0,131,20,3,154,0,147,27,13,187,14,4,18,205
10/02/2008,LCH,LA,ASW,CE,Combined TRACON& Tower with Radar,2,14,10,9,35,0,119,17,0,136,2,133,27,9,171,10,14,24,195
10/03/2008,LCH,LA,ASW,CE,Combined TRACON& Tower with Radar,0,12,13,13,38,0,63,29,1,93,0,75,42,14,131,8,14,22,153
10/04/2008,LCH,LA,ASW,CE,Combined TRACON& Tower with Radar,0,14,0,6,20,0,57,17,0,74,0,71,17,6,94,8,0,8,102
10/05/2008,LCH,LA,ASW,CE,Combined TRACON& Tower with Radar,0,0,0,0,0,0,0,0,0,0,0,0,0,0,0,18,4,22,22
10/06/2008,LCH,LA,ASW,CE,Combined TRACON& Tower with Radar,0,34,10,12,56,0,64,13,1,78,0,98,23,13,134,2,12,14,148
10/07/2008,LCH,LA,ASW,CE,Combined TRACON& Tower with Radar,0,29,12,7,48,0,69,25,0,94,0,98,37,7,142,6,0,6,148
10/08/2008,LCH,LA,ASW,CE,Combined TRACON& Tower with Radar,0,14,11,20,45,0,116,40,1,157,0,130,51,21,202,18,6,24,226
10/09/2008,LCH,LA,ASW,CE,Combined TRACON& Tower with Radar,0,13,10,16,39,0,119,46,4,169,0,132,56,20,208,30,6,36,244
10/10/2008,LCH,LA,ASW,CE,Combined TRACON& Tower with Radar,0,13,8,4,25,0,77,44,0,121,0,90,52,4,146,24,2,26,172
10/11/2008,LCH,LA,ASW,CE,Combined TRACON& Tower with Radar,0,19,4,3,26,0,52,34,0,86,0,71,38,3,112,62,0,62,174
10/12/2008,LCH,LA,ASW,CE,Combined TRACON& Tower with Radar,0,0,0,0,0,0,0,0,0,0,0,0,0,0,0,44,0,44,44
10/13/2008,LCH,LA,ASW,CE,Combined TRACON& Tower with Radar,0,30,12,5,47,0,77,24,0,101,0,107,36,5,148,56,4,60,208
10/14/2008,LCH,LA,ASW,CE,Combined TRACON& Tower with Radar,0,26,9,14,49,0,105,8,1,114,0,131,17,15,163,122,10,132,295
10/15/2008,LCH,LA,ASW,CE,Combined TRACON& Tower with Radar,0,14,12,2,28,0,116,17,0,133,0,130,29,2,161,10,6,16,177
10/16/2008,LCH,LA,ASW,CE,Combined TRACON& Tower with Radar,0,21,19,2,42,0,100,25,0,125,0,121,44,2,167,33,0,33,200
10/17/2008,LCH,LA,ASW,CE,Combined TRACON& Tower with Radar,0,44,15,5,64,0,50,15,0,65,0,94,30,5,129,84,0,84,213
10/18/2008,LCH,LA,ASW,CE,Combined TRACON& Tower with Radar,0,19,5,0,24,0,53,26,0,79,0,72,31,0,103,92,4,96,199
10/19/2008,LCH,LA,ASW,CE,Combined TRACON& Tower with Radar,0,0,0,0,0,0,0,0,0,0,0,0,0,0,0,28,0,28,28
10/20/2008,LCH,LA,ASW,CE,Combined TRACON& Tower with Radar,0,22,7,16,45,0,86,22,0,108,0,108,29,16,153,16,6,22,175
10/21/2008,LCH,LA,ASW,CE,Combined TRACON& Tower with Radar,0,11,22,7,40,0,83,48,3,134,0,94,70,10,174,24,6,30,204
10/22/2008,LCH,LA,ASW,CE,Combined TRACON& Tower with Radar,4,21,6,7,38,0,126,23,2,151,4,147,29,9,189,16,8,24,213
10/23/2008,LCH,LA,ASW,CE,Combined TRACON& Tower with Radar,2,27,6,10,45,0,101,25,1,127,2,128,31,11,172,42,8,50,222
10/24/2008,LCH,LA,ASW,CE,Combined TRACON& Tower with Radar,0,21,7,8,36,0,45,26,3,74,0,66,33,11,110,58,0,58,168
10/25/2008,LCH,LA,ASW,CE,Combined TRACON& Tower with Radar,0,19,4,0,23,0,56,27,0,83,0,75,31,0,106,50,0,50,156
10/26/2008,LCH,LA,ASW,CE,Combined TRACON& Tower with Radar,0,0,0,0,0,0,0,0,0,0,0,0,0,0,0,60,12,72,72
10/27/2008,LCH,LA,ASW,CE,Combined TRACON& Tower with Radar,0,26,4,9,39,0,70,26,0,96,0,96,30,9,135,12,4,16,151
10/28/2008,LCH,LA,ASW,CE,Combined TRACON& Tower with Radar,0,13,5,11,29,0,100,31,1,132,0,113,36,12,161,84,2,86,247
10/29/2008,LCH,LA,ASW,CE,Combined TRACON& Tower with Radar,0,14,8,7,29,0,149,57,0,206,0,163,65,7,235,28,4,32,267
10/30/2008,LCH,LA,ASW,CE,Combined TRACON& Tower with Radar,0,36,18,16,70,0,107,34,2,143,0,143,52,18,213,36,4,40,253
10/31/2008,LCH,LA,ASW,CE,Combined TRACON& Tower with Radar,0,33,8,12,53,0,81,42,0,123,0,114,50,12,176,20,8,28,204
11/01/2008,LCH,LA,ASW,CE,Combined TRACON& Tower with Radar,0,23,12,2,37,0,41,26,0,67,0,64,38,2,104,14,0,14,118
11/02/2008,LCH,LA,ASW,CE,Combined TRACON& Tower with Radar,0,0,0,0,0,0,0,0,0,0,0,0,0,0,0,12,10,22,22
11/03/2008,LCH,LA,ASW,CE,Combined TRACON& Tower with Radar,0,29,8,5,42,0,67,15,0,82,0,96,23,5,124,10,4,14,138
11/04/2008,LCH,LA,ASW,CE,Combined TRACON& Tower with Radar,0,0,1,0,1,0,0,0,0,0,0,0,1,0,1,6,4,10,11
11/05/2008,LCH,LA,ASW,CE,Combined TRACON& Tower with Radar,0,16,5,14,35,0,99,22,0,121,0,115,27,14,156,16,0,16,172
11/06/2008,LCH,LA,ASW,CE,Combined TRACON& Tower with Radar,0,28,17,18,63,0,104,26,2,132,0,132,43,20,195,34,12,46,241
11/07/2008,LCH,LA,ASW,CE,Combined TRACON& Tower with Radar,0,25,13,13,51,0,67,32,3,102,0,92,45,16,153,38,14,52,205
11/08/2008,LCH,LA,ASW,CE,Combined TRACON& Tower with Radar,0,12,7,0,19,0,53,21,0,74,0,65,28,0,93,34,0,34,127
11/09/2008,LCH,LA,ASW,CE,Combined TRACON& Tower with Radar,0,0,0,0,0,0,0,0,0,0,0,0,0,0,0,112,6,118,118
11/10/2008,LCH,LA,ASW,CE,Combined TRACON& Tower with Radar,0,24,19,10,53,0,81,11,0,92,0,105,30,10,145,60,8,68,213
11/11/2008,LCH,LA,ASW,CE,Combined TRACON& Tower with Radar,0,23,7,0,30,0,85,7,0,92,0,108,14,0,122,44,0,44,166
11/12/2008,LCH,LA,ASW,CE,Combined TRACON& Tower with Radar,1,32,6,6,45,0,19,14,0,33,1,51,20,6,78,20,4,24,102
11/13/2008,LCH,LA,ASW,CE,Combined TRACON& Tower with Radar,0,61,22,12,95,0,30,11,0,41,0,91,33,12,136,20,8,28,164
11/14/2008,LCH,LA,ASW,CE,Combined TRACON& Tower with Radar,0,21,21,8,50,80,80,65,1,226,80,101,86,9,276,40,6,46,322
11/15/2008,LCH,LA,ASW,CE,Combined TRACON& Tower with Radar,5,19,10,0,34,0,20,17,0,37,5,39,27,0,71,38,0,38,109
11/16/2008,LCH,LA,ASW,CE,Combined TRACON& Tower with Radar,0,0,0,0,0,0,0,0,0,0,0,0,0,0,0,30,0,30,30
11/17/2008,LCH,LA,ASW,CE,Combined TRACON& Tower with Radar,0,34,13,15,62,0,69,17,2,88,0,103,30,17,150,88,0,88,238
11/18/2008,LCH,LA,ASW,CE,Combined TRACON& Tower with Radar,0,30,13,14,57,0,84,35,1,120,0,114,48,15,177,86,14,100,277
11/19/2008,LCH,LA,ASW,CE,Combined TRACON& Tower with Radar,13,14,7,21,55,0,93,15,0,108,13,107,22,21,163,10,16,26,189
11/20/2008,LCH,LA,ASW,CE,Combined TRACON& Tower with Radar,0,34,12,15,61,0,76,22,1,99,0,110,34,16,160,18,6,24,184
11/21/2008,LCH,LA,ASW,CE,Combined TRACON& Tower with Radar,0,18,9,7,34,0,52,12,4,68,0,70,21,11,102,6,0,6,108
11/22/2008,LCH,LA,ASW,CE,Combined TRACON& Tower with Radar,0,11,5,2,18,0,42,12,2,56,0,53,17,4,74,16,8,24,98
11/23/2008,LCH,LA,ASW,CE,Combined TRACON& Tower with Radar,0,0,0,0,0,0,0,0,0,0,0,0,0,0,0,12,4,16,16
11/24/2008,LCH,LA,ASW,CE,Combined TRACON& Tower with Radar,0,32,12,2,46,0,29,13,0,42,0,61,25,2,88,22,2,24,112
11/25/2008,LCH,LA,ASW,CE,Combined TRACON& Tower with Radar,0,22,32,16,70,0,68,33,2,103,0,90,65,18,173,22,14,36,209
11/26/2008,LCH,LA,ASW,CE,Combined TRACON& Tower with Radar,0,16,12,6,34,0,71,19,0,90,0,87,31,6,124,50,6,56,180
11/27/2008,LCH,LA,ASW,CE,Combined TRACON& Tower with Radar,0,18,6,0,24,0,21,7,0,28,0,39,13,0,52,0,0,0,52
11/28/2008,LCH,LA,ASW,CE,Combined TRACON& Tower with Radar,0,10,6,0,16,0,31,6,0,37,0,41,12,0,53,2,0,2,55
11/29/2008,LCH,LA,ASW,CE,Combined TRACON& Tower with Radar,0,18,9,0,27,0,0,1,0,1,0,18,10,0,28,12,0,12,40
11/30/2008,LCH,LA,ASW,CE,Combined TRACON& Tower with Radar,0,0,0,0,0,0,0,0,0,0,0,0,0,0,0,32,0,32,32
12/01/2008,LCH,LA,ASW,CE,Combined TRACON& Tower with Radar,0,15,6,4,25,0,35,7,0,42,0,50,13,4,67,2,2,4,71
12/02/2008,LCH,LA,ASW,CE,Combined TRACON& Tower with Radar,1,12,9,6,28,0,43,25,2,70,1,55,34,8,98,26,8,34,132
12/03/2008,LCH,LA,ASW,CE,Combined TRACON& Tower with Radar,0,15,20,21,56,0,56,11,0,67,0,71,31,21,123,32,14,46,169
12/04/2008,LCH,LA,ASW,CE,Combined TRACON& Tower with Radar,0,25,21,6,52,0,39,8,0,47,0,64,29,6,99,4,6,10,109
12/05/2008,LCH,LA,ASW,CE,Combined TRACON& Tower with Radar,0,33,8,4,45,0,48,12,2,62,0,81,20,6,107,34,4,38,145
12/06/2008,LCH,LA,ASW,CE,Combined TRACON& Tower with Radar,0,18,15,2,35,0,18,21,0,39,0,36,36,2,74,26,6,32,106
12/07/2008,LCH,LA,ASW,CE,Combined TRACON& Tower with Radar,0,0,0,0,0,0,0,0,0,0,0,0,0,0,0,6,0,6,6
12/08/2008,LCH,LA,ASW,CE,Combined TRACON& Tower with Radar,0,26,11,3,40,0,61,12,0,73,0,87,23,3,113,24,4,28,141
12/09/2008,LCH,LA,ASW,CE,Combined TRACON& Tower with Radar,0,27,9,7,43,0,26,0,0,26,0,53,9,7,69,4,2,6,75
12/10/2008,LCH,LA,ASW,CE,Combined TRACON& Tower with Radar,0,7,7,1,15,0,49,0,0,49,0,56,7,1,64,2,0,2,66
12/11/2008,LCH,LA,ASW,CE,Combined TRACON& Tower with Radar,0,17,20,4,41,0,38,13,0,51,0,55,33,4,92,14,4,18,110
12/12/2008,LCH,LA,ASW,CE,Combined TRACON& Tower with Radar,0,33,14,16,63,0,23,22,7,52,0,56,36,23,115,38,12,50,165
12/13/2008,LCH,LA,ASW,CE,Combined TRACON& Tower with Radar,0,16,14,5,35,0,39,7,2,48,0,55,21,7,83,14,2,16,99
12/14/2008,LCH,LA,ASW,CE,Combined TRACON& Tower with Radar,0,0,0,0,0,0,0,0,0,0,0,0,0,0,0,0,18,18,18
12/15/2008,LCH,LA,ASW,CE,Combined TRACON& Tower with Radar,0,10,10,4,24,0,36,4,0,40,0,46,14,4,64,68,4,72,136
12/16/2008,LCH,LA,ASW,CE,Combined TRACON& Tower with Radar,0,15,9,0,24,0,0,0,0,0,0,15,9,0,24,0,0,0,24
12/17/2008,LCH,LA,ASW,CE,Combined TRACON& Tower with Radar,0,12,4,0,16,0,0,0,0,0,0,12,4,0,16,0,0,0,16
12/18/2008,LCH,LA,ASW,CE,Combined TRACON& Tower with Radar,0,27,16,4,47,0,14,8,0,22,0,41,24,4,69,34,4,38,107
12/19/2008,LCH,LA,ASW,CE,Combined TRACON& Tower with Radar,0,33,16,13,62,0,10,4,0,14,0,43,20,13,76,4,0,4,80
12/20/2008,LCH,LA,ASW,CE,Combined TRACON& Tower with Radar,0,33,16,5,54,0,9,1,0,10,0,42,17,5,64,58,8,66,130
12/21/2008,LCH,LA,ASW,CE,Combined TRACON& Tower with Radar,0,19,11,4,34,0,31,6,0,37,0,50,17,4,71,12,10,22,93
12/22/2008,LCH,LA,ASW,CE,Combined TRACON& Tower with Radar,0,15,7,16,38,0,25,4,0,29,0,40,11,16,67,4,16,20,87
12/23/2008,LCH,LA,ASW,CE,Combined TRACON& Tower with Radar,0,24,9,4,37,0,33,1,0,34,0,57,10,4,71,6,0,6,77
12/24/2008,LCH,LA,ASW,CE,Combined TRACON& Tower with Radar,0,14,6,0,20,0,38,2,0,40,0,52,8,0,60,26,0,26,86
12/25/2008,LCH,LA,ASW,CE,Combined TRACON& Tower with Radar,0,17,2,0,19,0,2,1,0,3,0,19,3,0,22,4,0,4,26
12/26/2008,LCH,LA,ASW,CE,Combined TRACON& Tower with Radar,0,23,10,0,33,0,16,1,0,17,0,39,11,0,50,14,0,14,64
12/27/2008,LCH,LA,ASW,CE,Combined TRACON& Tower with Radar,0,25,4,0,29,0,17,5,0,22,0,42,9,0,51,2,0,2,53
12/28/2008,LCH,LA,ASW,CE,Combined TRACON& Tower with Radar,0,21,10,0,31,0,18,3,0,21,0,39,13,0,52,0,0,0,52
12/29/2008,LCH,LA,ASW,CE,Combined TRACON& Tower with Radar,0,25,9,3,37,0,33,34,0,67,0,58,43,3,104,28,8,36,140
12/30/2008,LCH,LA,ASW,CE,Combined TRACON& Tower with Radar,0,16,7,17,40,0,48,44,0,92,0,64,51,17,132,16,6,22,154
12/31/2008,LCH,LA,ASW,CE,Combined TRACON& Tower with Radar,0,17,7,1,25,0,65,6,0,71,0,82,13,1,96,30,0,30,126
01/01/2009,LCH,LA,ASW,CE,Combined TRACON& Tower with Radar,0,24,15,0,39,0,28,7,0,35,0,52,22,0,74,16,0,16,90
01/02/2009,LCH,LA,ASW,CE,Combined TRACON& Tower with Radar,0,17,9,2,28,0,17,0,0,17,0,34,9,2,45,0,0,0,45
01/03/2009,LCH,LA,ASW,CE,Combined TRACON& Tower with Radar,0,23,3,0,26,0,12,2,0,14,0,35,5,0,40,8,0,8,48
01/04/2009,LCH,LA,ASW,CE,Combined TRACON& Tower with Radar,0,15,7,0,22,0,9,2,0,11,0,24,9,0,33,2,0,2,35
01/05/2009,LCH,LA,ASW,CE,Combined TRACON& Tower with Radar,0,24,12,0,36,0,0,0,0,0,0,24,12,0,36,2,0,2,38
01/06/2009,LCH,LA,ASW,CE,Combined TRACON& Tower with Radar,0,22,8,4,34,0,14,0,0,14,0,36,8,4,48,6,4,10,58
01/07/2009,LCH,LA,ASW,CE,Combined TRACON& Tower with Radar,0,13,16,26,55,0,69,19,1,89,0,82,35,27,144,38,16,54,198
01/08/2009,LCH,LA,ASW,CE,Combined TRACON& Tower with Radar,0,25,14,19,58,0,68,19,1,88,0,93,33,20,146,50,2,52,198
01/09/2009,LCH,LA,ASW,CE,Combined TRACON& Tower with Radar,0,17,11,4,32,0,47,12,0,59,0,64,23,4,91,18,2,20,111
01/10/2009,LCH,LA,ASW,CE,Combined TRACON& Tower with Radar,0,12,3,4,19,0,4,0,0,4,0,16,3,4,23,22,2,24,47
01/11/2009,LCH,LA,ASW,CE,Combined TRACON& Tower with Radar,0,27,19,4,50,0,31,15,0,46,0,58,34,4,96,26,6,32,128
01/12/2009,LCH,LA,ASW,CE,Combined TRACON& Tower with Radar,0,20,19,2,41,0,37,15,0,52,0,57,34,2,93,4,2,6,99
01/13/2009,LCH,LA,ASW,CE,Combined TRACON& Tower with Radar,0,14,10,4,28,0,51,10,0,61,0,65,20,4,89,16,4,20,109
01/14/2009,LCH,LA,ASW,CE,Combined TRACON& Tower with Radar,0,16,5,2,23,0,56,18,1,75,0,72,23,3,98,6,6,12,110
01/15/2009,LCH,LA,ASW,CE,Combined TRACON& Tower with Radar,0,13,10,9,32,0,57,18,1,76,0,70,28,10,108,52,16,68,176
01/16/2009,LCH,LA,ASW,CE,Combined TRACON& Tower with Radar,0,18,21,9,48,0,32,12,0,44,0,50,33,9,92,6,2,8,100
01/17/2009,LCH,LA,ASW,CE,Combined TRACON& Tower with Radar,0,19,8,16,43,0,28,17,0,45,0,47,25,16,88,10,10,20,108
01/18/2009,LCH,LA,ASW,CE,Combined TRACON& Tower with Radar,0,26,16,0,42,0,26,9,0,35,0,52,25,0,77,36,0,36,113
01/19/2009,LCH,LA,ASW,CE,Combined TRACON& Tower with Radar,0,12,10,0,22,0,52,11,0,63,0,64,21,0,85,18,0,18,103
01/20/2009,LCH,LA,ASW,CE,Combined TRACON& Tower with Radar,0,14,9,7,30,0,43,10,0,53,0,57,19,7,83,44,4,48,131
01/21/2009,LCH,LA,ASW,CE,Combined TRACON& Tower with Radar,0,0,0,0,0,0,0,0,0,0,0,0,0,0,0,10,4,14,14
01/22/2009,LCH,LA,ASW,CE,Combined TRACON& Tower with Radar,0,16,10,20,46,0,47,9,0,56,0,63,19,20,102,8,22,30,132
01/23/2009,LCH,LA,ASW,CE,Combined TRACON& Tower with Radar,0,2,0,0,2,0,1,7,1,9,0,3,7,1,11,12,22,34,45
01/24/2009,LCH,LA,ASW,CE,Combined TRACON& Tower with Radar,0,18,6,0,24,0,11,2,0,13,0,29,8,0,37,24,0,24,61
01/25/2009,LCH,LA,ASW,CE,Combined TRACON& Tower with Radar,0,20,14,2,36,0,11,1,0,12,0,31,15,2,48,10,2,12,60
01/26/2009,LCH,LA,ASW,CE,Combined TRACON& Tower with Radar,0,29,14,12,55,0,4,5,0,9,0,33,19,12,64,50,8,58,122
01/27/2009,LCH,LA,ASW,CE,Combined TRACON& Tower with Radar,0,14,13,8,35,0,42,3,0,45,0,56,16,8,80,12,2,14,94
01/28/2009,LCH,LA,ASW,CE,Combined TRACON& Tower with Radar,0,21,6,26,53,0,28,6,0,34,0,49,12,26,87,0,30,30,117
01/29/2009,LCH,LA,ASW,CE,Combined TRACON& Tower with Radar,0,22,13,19,54,0,46,28,0,74,0,68,41,19,128,32,18,50,178
01/30/2009,LCH,LA,ASW,CE,Combined TRACON& Tower with Radar,0,18,10,27,55,0,41,12,1,54,0,59,22,28,109,14,26,40,149
01/31/2009,LCH,LA,ASW,CE,Combined TRACON& Tower with Radar,0,9,17,2,28,0,20,36,0,56,0,29,53,2,84,42,2,44,128
02/01/2009,LCH,LA,ASW,CE,Combined TRACON& Tower with Radar,0,17,5,2,24,0,23,4,0,27,0,40,9,2,51,4,2,6,57
02/02/2009,LCH,LA,ASW,CE,Combined TRACON& Tower with Radar,0,14,8,22,44,0,33,8,0,41,0,47,16,22,85,30,16,46,131
02/03/2009,LCH,LA,ASW,CE,Combined TRACON& Tower with Radar,0,13,6,8,27,0,48,25,0,73,0,61,31,8,100,0,8,8,108
02/04/2009,LCH,LA,ASW,CE,Combined TRACON& Tower with Radar,0,11,14,13,38,0,54,17,0,71,0,65,31,13,109,12,15,27,136
02/05/2009,LCH,LA,ASW,CE,Combined TRACON& Tower with Radar,0,14,15,13,42,0,60,14,0,74,0,74,29,13,116,16,6,22,138
02/06/2009,LCH,LA,ASW,CE,Combined TRACON& Tower with Radar,0,20,10,27,57,0,34,12,0,46,0,54,22,27,103,28,12,40,143
02/07/2009,LCH,LA,ASW,CE,Combined TRACON& Tower with Radar,0,6,13,2,21,0,25,24,0,49,0,31,37,2,70,12,4,16,86
02/08/2009,LCH,LA,ASW,CE,Combined TRACON& Tower with Radar,0,13,15,5,33,0,29,13,3,45,0,42,28,8,78,14,4,18,96
02/09/2009,LCH,LA,ASW,CE,Combined TRACON& Tower with Radar,0,18,10,4,32,0,41,0,0,41,0,59,10,4,73,6,0,6,79
02/10/2009,LCH,LA,ASW,CE,Combined TRACON& Tower with Radar,0,15,11,14,40,0,41,3,0,44,0,56,14,14,84,30,14,44,128
02/11/2009,LCH,LA,ASW,CE,Combined TRACON& Tower with Radar,0,0,0,0,0,0,0,0,0,0,0,0,0,0,0,68,16,84,84
02/12/2009,LCH,LA,ASW,CE,Combined TRACON& Tower with Radar,0,21,14,23,58,0,69,17,0,86,0,90,31,23,144,90,12,102,246
02/13/2009,LCH,LA,ASW,CE,Combined TRACON& Tower with Radar,0,28,16,6,50,0,27,0,0,27,0,55,16,6,77,36,4,40,117
02/14/2009,LCH,LA,ASW,CE,Combined TRACON& Tower with Radar,0,14,3,0,17,0,15,0,0,15,0,29,3,0,32,14,0,14,46
02/15/2009,LCH,LA,ASW,CE,Combined TRACON& Tower with Radar,0,21,13,13,47,0,9,12,0,21,0,30,25,13,68,14,8,22,90
02/16/2009,LCH,LA,ASW,CE,Combined TRACON& Tower with Radar,0,13,21,9,43,0,34,15,0,49,0,47,36,9,92,50,4,54,146
02/17/2009,LCH,LA,ASW,CE,Combined TRACON& Tower with Radar,0,17,11,12,40,0,38,4,0,42,0,55,15,12,82,6,8,14,96
02/18/2009,LCH,LA,ASW,CE,Combined TRACON& Tower with Radar,0,26,8,8,42,0,0,2,0,2,0,26,10,8,44,6,8,14,58
02/19/2009,LCH,LA,ASW,CE,Combined TRACON& Tower with Radar,0,15,13,28,56,0,70,34,2,106,0,85,47,30,162,6,20,26,188
02/20/2009,LCH,LA,ASW,CE,Combined TRACON& Tower with Radar,0,19,11,19,49,0,71,24,0,95,0,90,35,19,144,50,8,58,202
02/21/2009,LCH,LA,ASW,CE,Combined TRACON& Tower with Radar,0,9,9,0,18,0,24,9,0,33,0,33,18,0,51,12,0,12,63
02/22/2009,LCH,LA,ASW,CE,Combined TRACON& Tower with Radar,0,19,8,0,27,0,26,12,1,39,0,45,20,1,66,26,4,30,96
02/23/2009,LCH,LA,ASW,CE,Combined TRACON& Tower with Radar,0,11,7,6,24,0,41,18,2,61,0,52,25,8,85,6,0,6,91
02/24/2009,LCH,LA,ASW,CE,Combined TRACON& Tower with Radar,0,10,2,40,52,0,39,8,2,49,0,49,10,42,101,18,44,62,163
02/25/2009,LCH,LA,ASW,CE,Combined TRACON& Tower with Radar,0,12,6,9,27,0,72,13,0,85,0,84,19,9,112,14,12,26,138
02/26/2009,LCH,LA,ASW,CE,Combined TRACON& Tower with Radar,5,22,37,45,109,0,71,12,2,85,5,93,49,47,194,6,28,34,228
02/27/2009,LCH,LA,ASW,CE,Combined TRACON& Tower with Radar,0,34,13,23,70,0,30,5,1,36,0,64,18,24,106,8,16,24,130
02/28/2009,LCH,LA,ASW,CE,Combined TRACON& Tower with Radar,0,16,5,2,23,0,21,3,0,24,0,37,8,2,47,8,2,10,57
03/01/2009,LCH,LA,ASW,CE,Combined TRACON& Tower with Radar,0,25,6,5,36,0,30,17,0,47,0,55,23,5,83,22,2,24,107
03/02/2009,LCH,LA,ASW,CE,Combined TRACON& Tower with Radar,0,14,5,24,43,0,46,14,1,61,0,60,19,25,104,2,38,40,144
03/03/2009,LCH,LA,ASW,CE,Combined TRACON& Tower with Radar,0,11,5,45,61,0,41,23,1,65,0,52,28,46,126,14,34,48,174
03/04/2009,LCH,LA,ASW,CE,Combined TRACON& Tower with Radar,0,12,9,22,43,0,58,2,0,60,0,70,11,22,103,4,24,28,131
03/05/2009,LCH,LA,ASW,CE,Combined TRACON& Tower with Radar,0,15,15,66,96,0,71,20,3,94,0,86,35,69,190,2,22,24,214
03/06/2009,LCH,LA,ASW,CE,Combined TRACON& Tower with Radar,0,17,7,26,50,0,48,14,1,63,0,65,21,27,113,2,14,16,129
03/07/2009,LCH,LA,ASW,CE,Combined TRACON& Tower with Radar,0,23,9,0,32,0,34,5,2,41,0,57,14,2,73,16,0,16,89
03/08/2009,LCH,LA,ASW,CE,Combined TRACON& Tower with Radar,0,15,18,6,39,0,32,20,3,55,0,47,38,9,94,20,4,24,118
03/09/2009,LCH,LA,ASW,CE,Combined TRACON& Tower with Radar,0,20,7,3,30,0,22,4,0,26,0,42,11,3,56,8,4,12,68
03/10/2009,LCH,LA,ASW,CE,Combined TRACON& Tower with Radar,0,19,10,17,46,0,49,18,2,69,0,68,28,19,115,12,18,30,145
03/11/2009,LCH,LA,ASW,CE,Combined TRACON& Tower with Radar,0,11,10,25,46,0,61,11,0,72,0,72,21,25,118,24,26,50,168
03/12/2009,LCH,LA,ASW,CE,Combined TRACON& Tower with Radar,1,9,10,10,30,0,65,0,0,65,1,74,10,10,95,6,8,14,109
03/13/2009,LCH,LA,ASW,CE,Combined TRACON& Tower with Radar,0,16,8,0,24,0,0,0,0,0,0,16,8,0,24,0,0,0,24
03/14/2009,LCH,LA,ASW,CE,Combined TRACON& Tower with Radar,2,44,8,0,54,0,0,0,0,0,2,44,8,0,54,4,0,4,58
03/15/2009,LCH,LA,ASW,CE,Combined TRACON& Tower with Radar,1,20,18,0,39,0,14,0,0,14,1,34,18,0,53,14,0,14,67
03/16/2009,LCH,LA,ASW,CE,Combined TRACON& Tower with Radar,0,18,11,8,37,0,41,6,0,47,0,59,17,8,84,10,6,16,100
03/17/2009,LCH,LA,ASW,CE,Combined TRACON& Tower with Radar,2,41,11,37,91,0,33,17,0,50,2,74,28,37,141,30,38,68,209
03/18/2009,LCH,LA,ASW,CE,Combined TRACON& Tower with Radar,0,23,17,12,52,0,66,17,0,83,0,89,34,12,135,32,8,40,175
03/19/2009,LCH,LA,ASW,CE,Combined TRACON& Tower with Radar,0,22,10,9,41,0,76,28,3,107,0,98,38,12,148,36,12,48,196
03/20/2009,LCH,LA,ASW,CE,Combined TRACON& Tower with Radar,0,19,8,6,33,0,38,37,0,75,0,57,45,6,108,16,6,22,130
03/21/2009,LCH,LA,ASW,CE,Combined TRACON& Tower with Radar,0,11,24,4,39,0,28,29,1,58,0,39,53,5,97,14,4,18,115
03/22/2009,LCH,LA,ASW,CE,Combined TRACON& Tower with Radar,0,20,6,2,28,0,20,13,0,33,0,40,19,2,61,14,0,14,75
03/23/2009,LCH,LA,ASW,CE,Combined TRACON& Tower with Radar,0,26,30,18,74,0,45,12,2,59,0,71,42,20,133,20,8,28,161
03/24/2009,LCH,LA,ASW,CE,Combined TRACON& Tower with Radar,0,16,18,7,41,0,66,7,1,74,0,82,25,8,115,20,8,28,143
03/25/2009,LCH,LA,ASW,CE,Combined TRACON& Tower with Radar,0,30,14,7,51,0,53,10,0,63,0,83,24,7,114,46,6,52,166
03/26/2009,LCH,LA,ASW,CE,Combined TRACON& Tower with Radar,0,16,10,6,32,0,71,3,0,74,0,87,13,6,106,14,0,14,120
03/27/2009,LCH,LA,ASW,CE,Combined TRACON& Tower with Radar,0,29,11,9,49,0,13,7,0,20,0,42,18,9,69,14,6,20,89
03/28/2009,LCH,LA,ASW,CE,Combined TRACON& Tower with Radar,0,10,7,11,28,0,31,18,3,52,0,41,25,14,80,12,12,24,104
03/29/2009,LCH,LA,ASW,CE,Combined TRACON& Tower with Radar,1,12,13,6,32,0,33,26,0,59,1,45,39,6,91,14,4,18,109
03/30/2009,LCH,LA,ASW,CE,Combined TRACON& Tower with Radar,0,14,6,17,37,0,42,5,0,47,0,56,11,17,84,16,12,28,112
03/31/2009,LCH,LA,ASW,CE,Combined TRACON& Tower with Radar,0,14,4,12,30,0,50,14,0,64,0,64,18,12,94,18,10,28,122
04/01/2009,LCH,LA,ASW,CE,Combined TRACON& Tower with Radar,0,12,9,19,40,0,68,29,0,97,0,80,38,19,137,26,10,36,173
04/02/2009,LCH,LA,ASW,CE,Combined TRACON& Tower with Radar,0,13,7,1,21,0,53,10,0,63,0,66,17,1,84,6,0,6,90
04/03/2009,LCH,LA,ASW,CE,Combined TRACON& Tower with Radar,0,12,14,25,51,0,49,17,1,67,0,61,31,26,118,0,20,20,138
04/04/2009,LCH,LA,ASW,CE,Combined TRACON& Tower with Radar,0,20,10,14,44,0,29,10,0,39,0,49,20,14,83,24,10,34,117
04/05/2009,LCH,LA,ASW,CE,Combined TRACON& Tower with Radar,0,14,8,8,30,0,18,13,4,35,0,32,21,12,65,20,6,26,91
04/06/2009,LCH,LA,ASW,CE,Combined TRACON& Tower with Radar,0,18,16,17,51,0,34,7,0,41,0,52,23,17,92,12,20,32,124
04/07/2009,LCH,LA,ASW,CE,Combined TRACON& Tower with Radar,0,27,9,16,52,0,56,15,0,71,0,83,24,16,123,36,16,52,175
04/08/2009,LCH,LA,ASW,CE,Combined TRACON& Tower with Radar,0,15,1,16,32,0,69,16,3,88,0,84,17,19,120,10,10,20,140
04/09/2009,LCH,LA,ASW,CE,Combined TRACON& Tower with Radar,0,24,11,5,40,0,62,4,1,67,0,86,15,6,107,12,6,18,125
04/10/2009,LCH,LA,ASW,CE,Combined TRACON& Tower with Radar,0,37,10,8,55,0,46,20,5,71,0,83,30,13,126,52,14,66,192
04/11/2009,LCH,LA,ASW,CE,Combined TRACON& Tower with Radar,0,20,8,0,28,0,24,13,0,37,0,44,21,0,65,54,0,54,119
04/12/2009,LCH,LA,ASW,CE,Combined TRACON& Tower with Radar,0,23,3,0,26,0,4,0,0,4,0,27,3,0,30,10,0,10,40
04/13/2009,LCH,LA,ASW,CE,Combined TRACON& Tower with Radar,0,24,7,4,35,0,27,9,1,37,0,51,16,5,72,24,18,42,114
04/14/2009,LCH,LA,ASW,CE,Combined TRACON& Tower with Radar,0,16,7,32,55,0,73,43,1,117,0,89,50,33,172,76,32,108,280
04/15/2009,LCH,LA,ASW,CE,Combined TRACON& Tower with Radar,0,11,13,17,41,0,74,31,0,105,0,85,44,17,146,28,20,48,194
04/16/2009,LCH,LA,ASW,CE,Combined TRACON& Tower with Radar,0,14,8,1,23,0,87,16,0,103,0,101,24,1,126,52,0,52,178
04/17/2009,LCH,LA,ASW,CE,Combined TRACON& Tower with Radar,3,24,12,19,58,0,36,9,0,45,3,60,21,19,103,30,10,40,143
04/18/2009,LCH,LA,ASW,CE,Combined TRACON& Tower with Radar,0,3,3,0,6,0,11,0,0,11,0,14,3,0,17,28,0,28,45
04/19/2009,LCH,LA,ASW,CE,Combined TRACON& Tower with Radar,0,40,18,0,58,0,24,12,2,38,0,64,30,2,96,38,0,38,134
04/20/2009,LCH,LA,ASW,CE,Combined TRACON& Tower with Radar,0,25,8,3,36,0,54,17,5,76,0,79,25,8,112,100,0,100,212
04/21/2009,LCH,LA,ASW,CE,Combined TRACON& Tower with Radar,0,32,4,19,55,0,56,26,3,85,0,88,30,22,140,114,6,120,260
04/22/2009,LCH,LA,ASW,CE,Combined TRACON& Tower with Radar,0,27,17,12,56,0,74,28,0,102,0,101,45,12,158,66,10,76,234
04/23/2009,LCH,LA,ASW,CE,Combined TRACON& Tower with Radar,0,33,18,36,87,0,79,18,1,98,0,112,36,37,185,40,36,76,261
04/24/2009,LCH,LA,ASW,CE,Combined TRACON& Tower with Radar,0,25,21,37,83,0,49,17,1,67,0,74,38,38,150,60,22,82,232
04/25/2009,LCH,LA,ASW,CE,Combined TRACON& Tower with Radar,0,0,0,0,0,0,6,8,0,14,0,6,8,0,14,24,0,24,38
04/26/2009,LCH,LA,ASW,CE,Combined TRACON& Tower with Radar,0,13,18,13,44,0,24,19,0,43,0,37,37,13,87,40,12,52,139
04/27/2009,LCH,LA,ASW,CE,Combined TRACON& Tower with Radar,4,15,9,12,40,0,50,8,0,58,4,65,17,12,98,88,8,96,194
04/28/2009,LCH,LA,ASW,CE,Combined TRACON& Tower with Radar,0,16,8,6,30,0,59,16,0,75,0,75,24,6,105,70,4,74,179
04/29/2009,LCH,LA,ASW,CE,Combined TRACON& Tower with Radar,1,21,6,10,38,0,64,16,3,83,1,85,22,13,121,44,4,48,169
04/30/2009,LCH,LA,ASW,CE,Combined TRACON& Tower with Radar,0,17,13,13,43,0,70,14,0,84,0,87,27,13,127,74,14,88,215
05/01/2009,LCH,LA,ASW,CE,Combined TRACON& Tower with Radar,0,20,11,13,44,0,47,13,0,60,0,67,24,13,104,18,20,38,142
05/02/2009,LCH,LA,ASW,CE,Combined TRACON& Tower with Radar,0,18,14,4,36,0,22,12,1,35,0,40,26,5,71,50,2,52,123
05/03/2009,LCH,LA,ASW,CE,Combined TRACON& Tower with Radar,0,15,14,0,29,0,24,4,1,29,0,39,18,1,58,10,0,10,68
05/04/2009,LCH,LA,ASW,CE,Combined TRACON& Tower with Radar,0,19,10,6,35,0,24,17,0,41,0,43,27,6,76,72,0,72,148
05/05/2009,LCH,LA,ASW,CE,Combined TRACON& Tower with Radar,0,22,18,15,55,0,36,11,0,47,0,58,29,15,102,68,2,70,172
05/06/2009,LCH,LA,ASW,CE,Combined TRACON& Tower with Radar,0,10,13,9,32,0,44,16,0,60,0,54,29,9,92,6,6,12,104
05/07/2009,LCH,LA,ASW,CE,Combined TRACON& Tower with Radar,0,16,21,16,53,0,60,14,0,74,0,76,35,16,127,70,18,88,215
05/08/2009,LCH,LA,ASW,CE,Combined TRACON& Tower with Radar,0,16,16,32,64,0,41,16,0,57,0,57,32,32,121,30,12,42,163
05/09/2009,LCH,LA,ASW,CE,Combined TRACON& Tower with Radar,0,9,7,10,26,0,22,21,0,43,0,31,28,10,69,29,12,41,110
05/10/2009,LCH,LA,ASW,CE,Combined TRACON& Tower with Radar,0,17,3,12,32,0,23,4,1,28,0,40,7,13,60,6,10,16,76
05/11/2009,LCH,LA,ASW,CE,Combined TRACON& Tower with Radar,0,17,8,2,27,0,33,15,0,48,0,50,23,2,75,18,0,18,93
05/12/2009,LCH,LA,ASW,CE,Combined TRACON& Tower with Radar,0,22,9,11,42,0,35,20,0,55,0,57,29,11,97,48,10,58,155
05/13/2009,LCH,LA,ASW,CE,Combined TRACON& Tower with Radar,0,12,3,3,18,0,47,22,1,70,0,59,25,4,88,84,2,86,174
05/14/2009,LCH,LA,ASW,CE,Combined TRACON& Tower with Radar,0,18,9,6,33,0,47,26,0,73,0,65,35,6,106,52,6,58,164
05/15/2009,LCH,LA,ASW,CE,Combined TRACON& Tower with Radar,0,18,9,5,32,0,31,18,3,52,0,49,27,8,84,26,4,30,114
05/16/2009,LCH,LA,ASW,CE,Combined TRACON& Tower with Radar,2,10,5,0,17,0,36,12,0,48,2,46,17,0,65,64,0,64,129
05/17/2009,LCH,LA,ASW,CE,Combined TRACON& Tower with Radar,0,28,5,0,33,0,20,10,0,30,0,48,15,0,63,46,0,46,109
05/18/2009,LCH,LA,ASW,CE,Combined TRACON& Tower with Radar,0,14,7,13,34,0,38,22,1,61,0,52,29,14,95,56,10,66,161
05/19/2009,LCH,LA,ASW,CE,Combined TRACON& Tower with Radar,2,15,26,73,116,0,38,31,0,69,2,53,57,73,185,42,16,58,243
05/20/2009,LCH,LA,ASW,CE,Combined TRACON& Tower with Radar,0,20,12,14,46,0,49,24,0,73,0,69,36,14,119,30,14,44,163
05/21/2009,LCH,LA,ASW,CE,Combined TRACON& Tower with Radar,0,14,17,32,63,0,54,26,0,80,0,68,43,32,143,38,28,66,209
05/22/2009,LCH,LA,ASW,CE,Combined TRACON& Tower with Radar,0,24,5,12,41,0,43,17,0,60,0,67,22,12,101,0,26,26,127
05/23/2009,LCH,LA,ASW,CE,Combined TRACON& Tower with Radar,0,24,5,0,29,0,21,13,0,34,0,45,18,0,63,90,0,90,153
05/24/2009,LCH,LA,ASW,CE,Combined TRACON& Tower with Radar,0,7,5,0,12,0,21,6,0,27,0,28,11,0,39,10,0,10,49
05/25/2009,LCH,LA,ASW,CE,Combined TRACON& Tower with Radar,0,11,18,4,33,0,25,19,0,44,0,36,37,4,77,14,4,18,95
05/26/2009,LCH,LA,ASW,CE,Combined TRACON& Tower with Radar,0,35,4,0,39,0,47,16,0,63,0,82,20,0,102,66,0,66,168
05/27/2009,LCH,LA,ASW,CE,Combined TRACON& Tower with Radar,0,27,7,14,48,0,41,10,0,51,0,68,17,14,99,58,10,68,167
05/28/2009,LCH,LA,ASW,CE,Combined TRACON& Tower with Radar,0,58,51,6,115,0,53,33,0,86,0,111,84,6,201,62,22,84,285
05/29/2009,LCH,LA,ASW,CE,Combined TRACON& Tower with Radar,0,14,8,16,38,0,44,41,1,86,0,58,49,17,124,56,0,56,180
05/30/2009,LCH,LA,ASW,CE,Combined TRACON& Tower with Radar,0,9,13,11,33,0,20,23,0,43,0,29,36,11,76,42,12,54,130
05/31/2009,LCH,LA,ASW,CE,Combined TRACON& Tower with Radar,2,21,19,29,71,0,34,25,2,61,2,55,44,31,132,48,18,66,198
06/01/2009,LCH,LA,ASW,CE,Combined TRACON& Tower with Radar,0,18,9,15,42,0,34,18,2,54,0,52,27,17,96,22,10,32,128
06/02/2009,LCH,LA,ASW,CE,Combined TRACON& Tower with Radar,0,13,10,2,25,0,21,19,0,40,0,34,29,2,65,20,2,22,87
06/03/2009,LCH,LA,ASW,CE,Combined TRACON& Tower with Radar,2,15,10,12,39,0,47,11,3,61,2,62,21,15,100,23,20,43,143
06/04/2009,LCH,LA,ASW,CE,Combined TRACON& Tower with Radar,0,21,4,12,37,0,48,15,0,63,0,69,19,12,100,2,44,46,146
06/05/2009,LCH,LA,ASW,CE,Combined TRACON& Tower with Radar,0,12,5,16,33,0,30,25,1,56,0,42,30,17,89,16,24,40,129
06/06/2009,LCH,LA,ASW,CE,Combined TRACON& Tower with Radar,0,14,17,6,37,0,23,28,3,54,0,37,45,9,91,24,8,32,123
06/07/2009,LCH,LA,ASW,CE,Combined TRACON& Tower with Radar,0,16,10,14,40,0,21,33,0,54,0,37,43,14,94,8,12,20,114
06/08/2009,LCH,LA,ASW,CE,Combined TRACON& Tower with Radar,0,14,7,3,24,0,43,15,0,58,0,57,22,3,82,66,0,66,148
06/09/2009,LCH,LA,ASW,CE,Combined TRACON& Tower with Radar,0,15,7,12,34,0,46,16,1,63,0,61,23,13,97,58,2,60,157
06/10/2009,LCH,LA,ASW,CE,Combined TRACON& Tower with Radar,0,15,29,14,58,0,36,6,3,45,0,51,35,17,103,72,16,88,191
06/11/2009,LCH,LA,ASW,CE,Combined TRACON& Tower with Radar,0,16,9,14,39,0,60,21,2,83,0,76,30,16,122,30,12,42,164
06/12/2009,LCH,LA,ASW,CE,Combined TRACON& Tower with Radar,0,16,10,12,38,0,41,24,2,67,0,57,34,14,105,58,16,74,179
06/13/2009,LCH,LA,ASW,CE,Combined TRACON& Tower with Radar,0,13,14,1,28,0,24,18,0,42,0,37,32,1,70,82,4,86,156
06/14/2009,LCH,LA,ASW,CE,Combined TRACON& Tower with Radar,0,29,11,10,50,0,25,24,1,50,0,54,35,11,100,14,4,18,118
06/15/2009,LCH,LA,ASW,CE,Combined TRACON& Tower with Radar,0,19,21,11,51,0,35,21,0,56,0,54,42,11,107,28,8,36,143
06/16/2009,LCH,LA,ASW,CE,Combined TRACON& Tower with Radar,0,18,18,3,39,0,46,31,0,77,0,64,49,3,116,92,4,96,212
06/17/2009,LCH,LA,ASW,CE,Combined TRACON& Tower with Radar,0,19,5,8,32,0,58,16,1,75,0,77,21,9,107,104,6,110,217
06/18/2009,LCH,LA,ASW,CE,Combined TRACON& Tower with Radar,0,17,10,23,50,0,55,27,0,82,0,72,37,23,132,86,34,120,252
06/19/2009,LCH,LA,ASW,CE,Combined TRACON& Tower with Radar,0,14,11,15,40,0,44,25,1,70,0,58,36,16,110,29,16,45,155
06/20/2009,LCH,LA,ASW,CE,Combined TRACON& Tower with Radar,0,10,18,4,32,0,29,27,0,56,0,39,45,4,88,30,4,34,122
06/21/2009,LCH,LA,ASW,CE,Combined TRACON& Tower with Radar,0,15,10,0,25,0,16,25,0,41,0,31,35,0,66,22,0,22,88
06/22/2009,LCH,LA,ASW,CE,Combined TRACON& Tower with Radar,0,19,13,6,38,0,45,17,0,62,0,64,30,6,100,4,10,14,114
06/23/2009,LCH,LA,ASW,CE,Combined TRACON& Tower with Radar,0,19,5,0,24,0,46,21,2,69,0,65,26,2,93,38,0,38,131
06/24/2009,LCH,LA,ASW,CE,Combined TRACON& Tower with Radar,0,20,5,2,27,0,44,18,0,62,0,64,23,2,89,28,4,32,121
06/25/2009,LCH,LA,ASW,CE,Combined TRACON& Tower with Radar,0,20,7,5,32,0,47,34,2,83,0,67,41,7,115,78,6,84,199
06/26/2009,LCH,LA,ASW,CE,Combined TRACON& Tower with Radar,0,21,13,8,42,0,41,32,0,73,0,62,45,8,115,56,8,64,179
06/27/2009,LCH,LA,ASW,CE,Combined TRACON& Tower with Radar,0,9,8,23,40,0,44,17,1,62,0,53,25,24,102,54,18,72,174
06/28/2009,LCH,LA,ASW,CE,Combined TRACON& Tower with Radar,0,15,5,0,20,0,28,22,0,50,0,43,27,0,70,44,0,44,114
06/29/2009,LCH,LA,ASW,CE,Combined TRACON& Tower with Radar,0,22,4,7,33,0,39,13,0,52,0,61,17,7,85,36,0,36,121
06/30/2009,LCH,LA,ASW,CE,Combined TRACON& Tower with Radar,0,26,8,8,42,0,53,23,0,76,0,79,31,8,118,36,20,56,174
07/01/2009,LCH,LA,ASW,CE,Combined TRACON& Tower with Radar,0,20,13,2,35,0,51,31,0,82,0,71,44,2,117,72,12,84,201
07/02/2009,LCH,LA,ASW,CE,Combined TRACON& Tower with Radar,0,26,12,0,38,0,59,25,0,84,0,85,37,0,122,46,4,50,172
07/03/2009,LCH,LA,ASW,CE,Combined TRACON& Tower with Radar,0,18,6,0,24,0,26,20,0,46,0,44,26,0,70,36,0,36,106
07/04/2009,LCH,LA,ASW,CE,Combined TRACON& Tower with Radar,0,13,0,0,13,0,22,11,0,33,0,35,11,0,46,4,0,4,50
07/05/2009,LCH,LA,ASW,CE,Combined TRACON& Tower with Radar,0,16,11,4,31,0,26,8,0,34,0,42,19,4,65,0,0,0,65
07/06/2009,LCH,LA,ASW,CE,Combined TRACON& Tower with Radar,0,21,15,14,50,0,41,14,0,55,0,62,29,14,105,16,4,20,125
07/07/2009,LCH,LA,ASW,CE,Combined TRACON& Tower with Radar,0,0,0,0,0,0,0,0,0,0,0,0,0,0,0,18,0,18,18
07/08/2009,LCH,LA,ASW,CE,Combined TRACON& Tower with Radar,0,0,0,0,0,0,0,0,0,0,0,0,0,0,0,46,8,54,54
07/09/2009,LCH,LA,ASW,CE,Combined TRACON& Tower with Radar,0,20,6,15,41,0,54,19,0,73,0,74,25,15,114,54,12,66,180
07/10/2009,LCH,LA,ASW,CE,Combined TRACON& Tower with Radar,0,30,8,5,43,0,34,13,2,49,0,64,21,7,92,72,2,74,166
07/11/2009,LCH,LA,ASW,CE,Combined TRACON& Tower with Radar,0,14,11,10,35,0,30,26,0,56,0,44,37,10,91,50,14,64,155
07/12/2009,LCH,LA,ASW,CE,Combined TRACON& Tower with Radar,0,15,5,8,28,0,35,17,0,52,0,50,22,8,80,62,0,62,142
07/13/2009,LCH,LA,ASW,CE,Combined TRACON& Tower with Radar,0,20,12,0,32,0,46,16,0,62,0,66,28,0,94,44,0,44,138
07/14/2009,LCH,LA,ASW,CE,Combined TRACON& Tower with Radar,0,15,11,0,26,0,47,21,0,68,0,62,32,0,94,20,4,24,118
07/15/2009,LCH,LA,ASW,CE,Combined TRACON& Tower with Radar,0,17,9,6,32,0,50,21,1,72,0,67,30,7,104,18,10,28,132
07/16/2009,LCH,LA,ASW,CE,Combined TRACON& Tower with Radar,0,21,12,3,36,0,33,25,0,58,0,54,37,3,94,46,14,60,154
07/17/2009,LCH,LA,ASW,CE,Combined TRACON& Tower with Radar,0,29,6,8,43,0,25,22,0,47,0,54,28,8,90,18,6,24,114
07/18/2009,LCH,LA,ASW,CE,Combined TRACON& Tower with Radar,0,23,15,0,38,0,29,20,0,49,0,52,35,0,87,42,0,42,129
07/19/2009,LCH,LA,ASW,CE,Combined TRACON& Tower with Radar,0,15,11,4,30,0,30,19,0,49,0,45,30,4,79,16,8,24,103
07/20/2009,LCH,LA,ASW,CE,Combined TRACON& Tower with Radar,0,39,9,0,48,0,17,4,2,23,0,56,13,2,71,20,0,20,91
07/21/2009,LCH,LA,ASW,CE,Combined TRACON& Tower with Radar,0,0,0,0,0,0,0,3,0,3,0,0,3,0,3,22,0,22,25
07/22/2009,LCH,LA,ASW,CE,Combined TRACON& Tower with Radar,2,21,8,0,31,0,46,9,0,55,2,67,17,0,86,18,0,18,104
07/23/2009,LCH,LA,ASW,CE,Combined TRACON& Tower with Radar,0,35,8,1,44,0,52,16,0,68,0,87,24,1,112,14,0,14,126
07/24/2009,LCH,LA,ASW,CE,Combined TRACON& Tower with Radar,0,23,4,0,27,0,41,23,0,64,0,64,27,0,91,56,0,56,147
07/25/2009,LCH,LA,ASW,CE,Combined TRACON& Tower with Radar,0,0,0,0,0,0,0,0,0,0,0,0,0,0,0,38,2,40,40
07/26/2009,LCH,LA,ASW,CE,Combined TRACON& Tower with Radar,0,0,0,0,0,0,0,0,0,0,0,0,0,0,0,38,0,38,38
07/27/2009,LCH,LA,ASW,CE,Combined TRACON& Tower with Radar,0,16,8,2,26,0,36,19,0,55,0,52,27,2,81,2,0,2,83
07/28/2009,LCH,LA,ASW,CE,Combined TRACON& Tower with Radar,0,30,13,4,47,0,41,17,1,59,0,71,30,5,106,36,2,38,144
07/29/2009,LCH,LA,ASW,CE,Combined TRACON& Tower with Radar,0,19,9,16,44,0,53,22,0,75,0,72,31,16,119,50,4,54,173
07/30/2009,LCH,LA,ASW,CE,Combined TRACON& Tower with Radar,0,21,15,7,43,0,53,12,0,65,0,74,27,7,108,30,6,36,144
07/31/2009,LCH,LA,ASW,CE,Combined TRACON& Tower with Radar,0,20,8,0,28,0,26,15,0,41,0,46,23,0,69,42,2,44,113
08/01/2009,LCH,LA,ASW,CE,Combined TRACON& Tower with Radar,0,13,8,7,28,0,20,11,0,31,0,33,19,7,59,66,6,72,131
08/02/2009,LCH,LA,ASW,CE,Combined TRACON& Tower with Radar,0,0,0,0,0,0,0,0,0,0,0,0,0,0,0,42,2,44,44
08/03/2009,LCH,LA,ASW,CE,Combined TRACON& Tower with Radar,0,18,18,3,39,0,36,21,0,57,0,54,39,3,96,48,2,50,146
08/04/2009,LCH,LA,ASW,CE,Combined TRACON& Tower with Radar,0,32,5,3,40,0,43,27,0,70,0,75,32,3,110,62,4,66,176
08/05/2009,LCH,LA,ASW,CE,Combined TRACON& Tower with Radar,0,26,5,25,56,0,53,25,4,82,0,79,30,29,138,64,8,72,210
08/06/2009,LCH,LA,ASW,CE,Combined TRACON& Tower with Radar,0,22,7,19,48,0,47,25,1,73,0,69,32,20,121,88,14,102,223
08/07/2009,LCH,LA,ASW,CE,Combined TRACON& Tower with Radar,0,19,1,6,26,0,47,17,0,64,0,66,18,6,90,4,4,8,98
08/08/2009,LCH,LA,ASW,CE,Combined TRACON& Tower with Radar,0,12,32,2,46,0,37,21,0,58,0,49,53,2,104,90,2,92,196
08/09/2009,LCH,LA,ASW,CE,Combined TRACON& Tower with Radar,0,23,12,0,35,0,31,25,0,56,0,54,37,0,91,8,0,8,99
08/10/2009,LCH,LA,ASW,CE,Combined TRACON& Tower with Radar,0,0,0,0,0,0,0,0,0,0,0,0,0,0,0,38,2,40,40
08/11/2009,LCH,LA,ASW,CE,Combined TRACON& Tower with Radar,0,0,0,0,0,0,0,0,0,0,0,0,0,0,0,22,12,34,34
08/12/2009,LCH,LA,ASW,CE,Combined TRACON& Tower with Radar,0,0,0,0,0,0,0,0,0,0,0,0,0,0,0,46,0,46,46
08/13/2009,LCH,LA,ASW,CE,Combined TRACON& Tower with Radar,0,26,13,2,41,0,53,20,0,73,0,79,33,2,114,18,10,28,142
08/14/2009,LCH,LA,ASW,CE,Combined TRACON& Tower with Radar,0,19,5,24,48,0,34,23,1,58,0,53,28,25,106,2,28,30,136
08/15/2009,LCH,LA,ASW,CE,Combined TRACON& Tower with Radar,0,0,0,0,0,0,0,0,0,0,0,0,0,0,0,44,2,46,46
08/16/2009,LCH,LA,ASW,CE,Combined TRACON& Tower with Radar,0,12,12,0,24,0,24,18,0,42,0,36,30,0,66,38,0,38,104
08/17/2009,LCH,LA,ASW,CE,Combined TRACON& Tower with Radar,1,24,10,2,37,0,38,18,0,56,1,62,28,2,93,54,0,54,147
08/18/2009,LCH,LA,ASW,CE,Combined TRACON& Tower with Radar,0,0,0,0,0,0,0,0,0,0,0,0,0,0,0,36,0,36,36
08/19/2009,LCH,LA,ASW,CE,Combined TRACON& Tower with Radar,0,0,0,0,0,0,0,0,0,0,0,0,0,0,0,72,0,72,72
08/20/2009,LCH,LA,ASW,CE,Combined TRACON& Tower with Radar,0,20,12,10,42,0,34,16,0,50,0,54,28,10,92,28,6,34,126
08/21/2009,LCH,LA,ASW,CE,Combined TRACON& Tower with Radar,0,25,5,3,33,0,27,18,1,46,0,52,23,4,79,52,4,56,135
08/22/2009,LCH,LA,ASW,CE,Combined TRACON& Tower with Radar,0,14,7,38,59,0,19,22,1,42,0,33,29,39,101,56,18,74,175
08/23/2009,LCH,LA,ASW,CE,Combined TRACON& Tower with Radar,0,0,0,0,0,0,0,0,0,0,0,0,0,0,0,10,2,12,12
08/24/2009,LCH,LA,ASW,CE,Combined TRACON& Tower with Radar,0,29,10,17,56,0,37,25,0,62,0,66,35,17,118,30,28,58,176
08/25/2009,LCH,LA,ASW,CE,Combined TRACON& Tower with Radar,0,22,35,8,65,0,31,19,0,50,0,53,54,8,115,36,0,36,151
08/26/2009,LCH,LA,ASW,CE,Combined TRACON& Tower with Radar,0,23,14,4,41,0,52,31,0,83,0,75,45,4,124,76,4,80,204
08/27/2009,LCH,LA,ASW,CE,Combined TRACON& Tower with Radar,0,18,19,10,47,0,45,24,0,69,0,63,43,10,116,41,6,47,163
08/28/2009,LCH,LA,ASW,CE,Combined TRACON& Tower with Radar,0,19,7,3,29,0,32,24,0,56,0,51,31,3,85,80,0,80,165
08/29/2009,LCH,LA,ASW,CE,Combined TRACON& Tower with Radar,0,20,8,7,35,0,23,15,0,38,0,43,23,7,73,124,0,124,197
08/30/2009,LCH,LA,ASW,CE,Combined TRACON& Tower with Radar,0,15,22,5,42,0,25,15,1,41,0,40,37,6,83,84,2,86,169
08/31/2009,LCH,LA,ASW,CE,Combined TRACON& Tower with Radar,0,19,8,18,45,0,39,27,0,66,0,58,35,18,111,30,16,46,157
09/01/2009,LCH,LA,ASW,CE,Combined TRACON& Tower with Radar,0,16,3,17,36,0,37,35,0,72,0,53,38,17,108,16,10,26,134
09/02/2009,LCH,LA,ASW,CE,Combined TRACON& Tower with Radar,0,15,3,30,48,0,50,27,2,79,0,65,30,32,127,26,38,64,191
09/03/2009,LCH,LA,ASW,CE,Combined TRACON& Tower with Radar,0,19,6,28,53,0,47,24,1,72,0,66,30,29,125,30,12,42,167
09/04/2009,LCH,LA,ASW,CE,Combined TRACON& Tower with Radar,0,22,14,15,51,0,37,25,6,68,0,59,39,21,119,26,16,42,161
09/05/2009,LCH,LA,ASW,CE,Combined TRACON& Tower with Radar,0,15,11,3,29,0,23,17,0,40,0,38,28,3,69,52,0,52,121
09/06/2009,LCH,LA,ASW,CE,Combined TRACON& Tower with Radar,0,0,0,0,0,0,0,0,0,0,0,0,0,0,0,62,4,66,66
09/07/2009,LCH,LA,ASW,CE,Combined TRACON& Tower with Radar,0,19,7,2,28,0,15,16,0,31,0,34,23,2,59,0,74,74,133
09/08/2009,LCH,LA,ASW,CE,Combined TRACON& Tower with Radar,0,21,2,3,26,0,40,8,0,48,0,61,10,3,74,38,4,42,116
09/09/2009,LCH,LA,ASW,CE,Combined TRACON& Tower with Radar,0,18,7,0,25,0,37,12,2,51,0,55,19,2,76,14,0,14,90
09/10/2009,LCH,LA,ASW,CE,Combined TRACON& Tower with Radar,0,35,18,6,59,0,29,8,0,37,0,64,26,6,96,8,18,26,122
09/11/2009,LCH,LA,ASW,CE,Combined TRACON& Tower with Radar,0,27,4,0,31,0,5,1,0,6,0,32,5,0,37,10,0,10,47
09/12/2009,LCH,LA,ASW,CE,Combined TRACON& Tower with Radar,0,21,4,0,25,0,4,0,0,4,0,25,4,0,29,4,0,4,33
09/13/2009,LCH,LA,ASW,CE,Combined TRACON& Tower with Radar,0,16,9,0,25,0,36,3,0,39,0,52,12,0,64,58,0,58,122
09/14/2009,LCH,LA,ASW,CE,Combined TRACON& Tower with Radar,0,21,16,4,41,0,48,15,0,63,0,69,31,4,104,42,4,46,150
09/15/2009,LCH,LA,ASW,CE,Combined TRACON& Tower with Radar,0,18,5,20,43,0,44,17,0,61,0,62,22,20,104,44,16,60,164
09/16/2009,LCH,LA,ASW,CE,Combined TRACON& Tower with Radar,0,17,7,12,36,0,45,19,0,64,0,62,26,12,100,28,16,44,144
09/17/2009,LCH,LA,ASW,CE,Combined TRACON& Tower with Radar,0,17,16,19,52,0,31,26,0,57,0,48,42,19,109,62,8,70,179
09/18/2009,LCH,LA,ASW,CE,Combined TRACON& Tower with Radar,0,34,11,19,64,0,36,27,1,64,0,70,38,20,128,82,20,102,230
09/19/2009,LCH,LA,ASW,CE,Combined TRACON& Tower with Radar,0,15,7,7,29,0,19,17,0,36,0,34,24,7,65,38,2,40,105
09/20/2009,LCH,LA,ASW,CE,Combined TRACON& Tower with Radar,0,17,11,2,30,0,31,13,0,44,0,48,24,2,74,38,12,50,124
09/21/2009,LCH,LA,ASW,CE,Combined TRACON& Tower with Radar,0,20,16,130,166,0,35,23,0,58,0,55,39,130,224,90,20,110,334
09/22/2009,LCH,LA,ASW,CE,Combined TRACON& Tower with Radar,0,19,5,0,24,0,21,6,3,30,0,40,11,3,54,4,0,4,58
09/23/2009,LCH,LA,ASW,CE,Combined TRACON& Tower with Radar,0,45,10,16,71,0,26,15,0,41,0,71,25,16,112,54,4,58,170
09/24/2009,LCH,LA,ASW,CE,Combined TRACON& Tower with Radar,0,47,15,0,62,0,24,9,0,33,0,71,24,0,95,106,0,106,201
09/25/2009,LCH,LA,ASW,CE,Combined TRACON& Tower with Radar,0,57,19,14,90,0,13,17,0,30,0,70,36,14,120,114,8,122,242
09/26/2009,LCH,LA,ASW,CE,Combined TRACON& Tower with Radar,0,29,6,2,37,0,15,16,0,31,0,44,22,2,68,90,0,90,158
09/27/2009,LCH,LA,ASW,CE,Combined TRACON& Tower with Radar,0,20,18,0,38,0,30,14,0,44,0,50,32,0,82,38,0,38,120
09/28/2009,LCH,LA,ASW,CE,Combined TRACON& Tower with Radar,4,23,1,0,28,0,24,17,0,41,4,47,18,0,69,40,0,40,109
09/29/2009,LCH,LA,ASW,CE,Combined TRACON& Tower with Radar,0,32,8,12,52,0,32,21,0,53,0,64,29,12,105,176,26,202,307
09/30/2009,LCH,LA,ASW,CE,Combined TRACON& Tower with Radar,0,37,22,14,73,0,55,33,2,90,0,92,55,16,163,92,22,114,277
10/01/2009,LCH,LA,ASW,CE,Combined TRACON& Tower with Radar,0,21,18,1,40,0,39,31,2,72,0,60,49,3,112,36,0,36,148
10/02/2009,LCH,LA,ASW,CE,Combined TRACON& Tower with Radar,0,29,12,14,55,0,32,22,0,54,0,61,34,14,109,12,6,18,127
10/03/2009,LCH,LA,ASW,CE,Combined TRACON& Tower with Radar,0,32,15,0,47,0,27,19,0,46,0,59,34,0,93,98,0,98,191
10/04/2009,LCH,LA,ASW,CE,Combined TRACON& Tower with Radar,0,20,5,0,25,0,16,1,0,17,0,36,6,0,42,2,0,2,44
10/05/2009,LCH,LA,ASW,CE,Combined TRACON& Tower with Radar,0,47,13,8,68,0,11,15,1,27,0,58,28,9,95,8,4,12,107
10/06/2009,LCH,LA,ASW,CE,Combined TRACON& Tower with Radar,0,0,0,0,0,0,0,0,0,0,0,0,0,0,0,50,14,64,64
10/07/2009,LCH,LA,ASW,CE,Combined TRACON& Tower with Radar,0,28,8,18,54,0,32,25,0,57,0,60,33,18,111,44,14,58,169
10/08/2009,LCH,LA,ASW,CE,Combined TRACON& Tower with Radar,0,23,21,14,58,0,38,14,0,52,0,61,35,14,110,30,12,42,152
10/09/2009,LCH,LA,ASW,CE,Combined TRACON& Tower with Radar,0,22,6,1,29,0,24,4,0,28,0,46,10,1,57,0,0,0,57
10/10/2009,LCH,LA,ASW,CE,Combined TRACON& Tower with Radar,0,28,19,0,47,0,18,3,0,21,0,46,22,0,68,26,0,26,94
10/11/2009,LCH,LA,ASW,CE,Combined TRACON& Tower with Radar,0,31,13,1,45,0,11,1,1,13,0,42,14,2,58,94,0,94,152
10/12/2009,LCH,LA,ASW,CE,Combined TRACON& Tower with Radar,0,19,5,0,24,0,21,6,0,27,0,40,11,0,51,52,0,52,103
10/13/2009,LCH,LA,ASW,CE,Combined TRACON& Tower with Radar,0,19,13,0,32,0,19,13,0,32,0,38,26,0,64,128,0,128,192
10/14/2009,LCH,LA,ASW,CE,Combined TRACON& Tower with Radar,0,19,4,4,27,0,34,14,0,48,0,53,18,4,75,86,4,90,165
10/15/2009,LCH,LA,ASW,CE,Combined TRACON& Tower with Radar,0,19,4,38,61,0,33,18,0,51,0,52,22,38,112,88,28,116,228
10/16/2009,LCH,LA,ASW,CE,Combined TRACON& Tower with Radar,0,19,12,18,49,0,32,15,2,49,0,51,27,20,98,16,22,38,136
10/17/2009,LCH,LA,ASW,CE,Combined TRACON& Tower with Radar,0,10,6,0,16,0,19,28,0,47,0,29,34,0,63,48,0,48,111
10/18/2009,LCH,LA,ASW,CE,Combined TRACON& Tower with Radar,0,19,11,10,40,0,35,47,5,87,0,54,58,15,127,39,0,39,166
10/19/2009,LCH,LA,ASW,CE,Combined TRACON& Tower with Radar,0,19,11,7,37,0,42,53,0,95,0,61,64,7,132,117,2,119,251
10/20/2009,LCH,LA,ASW,CE,Combined TRACON& Tower with Radar,0,30,16,4,50,0,28,31,2,61,0,58,47,6,111,72,6,78,189
10/21/2009,LCH,LA,ASW,CE,Combined TRACON& Tower with Radar,0,0,0,0,0,0,0,0,0,0,0,0,0,0,0,38,16,54,54
10/22/2009,LCH,LA,ASW,CE,Combined TRACON& Tower with Radar,0,25,5,4,34,0,12,1,1,14,0,37,6,5,48,2,2,4,52
10/23/2009,LCH,LA,ASW,CE,Combined TRACON& Tower with Radar,0,23,6,36,65,0,31,32,2,65,0,54,38,38,130,42,38,80,210
10/24/2009,LCH,LA,ASW,CE,Combined TRACON& Tower with Radar,0,0,0,0,0,0,0,8,0,8,0,0,8,0,8,56,4,60,68
10/25/2009,LCH,LA,ASW,CE,Combined TRACON& Tower with Radar,0,0,0,0,0,0,1,8,0,9,0,1,8,0,9,90,0,90,99
10/26/2009,LCH,LA,ASW,CE,Combined TRACON& Tower with Radar,0,25,4,0,29,0,27,5,0,32,0,52,9,0,61,36,0,36,97
10/27/2009,LCH,LA,ASW,CE,Combined TRACON& Tower with Radar,0,22,15,8,45,0,0,0,2,2,0,22,15,10,47,46,8,54,101
10/28/2009,LCH,LA,ASW,CE,Combined TRACON& Tower with Radar,0,33,19,10,62,0,28,12,1,41,0,61,31,11,103,36,8,44,147
10/29/2009,LCH,LA,ASW,CE,Combined TRACON& Tower with Radar,0,18,5,0,23,0,23,0,0,23,0,41,5,0,46,6,0,6,52
10/30/2009,LCH,LA,ASW,CE,Combined TRACON& Tower with Radar,0,18,3,0,21,0,0,0,0,0,0,18,3,0,21,0,0,0,21
10/31/2009,LCH,LA,ASW,CE,Combined TRACON& Tower with Radar,0,15,4,2,21,0,33,28,0,61,0,48,32,2,82,12,0,12,94
11/01/2009,LCH,LA,ASW,CE,Combined TRACON& Tower with Radar,0,17,10,13,40,0,17,29,1,47,0,34,39,14,87,60,0,60,147
11/02/2009,LCH,LA,ASW,CE,Combined TRACON& Tower with Radar,0,21,8,8,37,0,39,19,0,58,0,60,27,8,95,66,8,74,169
11/03/2009,LCH,LA,ASW,CE,Combined TRACON& Tower with Radar,0,18,10,9,37,0,40,26,0,66,0,58,36,9,103,48,8,56,159
11/04/2009,LCH,LA,ASW,CE,Combined TRACON& Tower with Radar,0,17,14,8,39,0,34,26,0,60,0,51,40,8,99,64,16,80,179
11/05/2009,LCH,LA,ASW,CE,Combined TRACON& Tower with Radar,0,42,25,1,68,0,19,13,14,46,0,61,38,15,114,56,0,56,170
11/06/2009,LCH,LA,ASW,CE,Combined TRACON& Tower with Radar,0,23,7,19,49,0,35,33,1,69,0,58,40,20,118,100,14,114,232
11/07/2009,LCH,LA,ASW,CE,Combined TRACON& Tower with Radar,0,15,3,2,20,0,16,33,0,49,0,31,36,2,69,48,0,48,117
11/08/2009,LCH,LA,ASW,CE,Combined TRACON& Tower with Radar,0,17,8,1,26,0,33,5,0,38,0,50,13,1,64,16,0,16,80
11/09/2009,LCH,LA,ASW,CE,Combined TRACON& Tower with Radar,0,22,6,11,39,0,39,5,0,44,0,61,11,11,83,12,8,20,103
11/10/2009,LCH,LA,ASW,CE,Combined TRACON& Tower with Radar,0,18,3,16,37,0,54,11,0,65,0,72,14,16,102,82,14,96,198
11/11/2009,LCH,LA,ASW,CE,Combined TRACON& Tower with Radar,0,21,13,1,35,0,46,24,0,70,0,67,37,1,105,16,2,18,123
11/12/2009,LCH,LA,ASW,CE,Combined TRACON& Tower with Radar,0,19,7,37,63,0,30,31,0,61,0,49,38,37,124,72,32,104,228
11/13/2009,LCH,LA,ASW,CE,Combined TRACON& Tower with Radar,0,18,18,3,39,0,29,28,1,58,0,47,46,4,97,30,2,32,129
11/14/2009,LCH,LA,ASW,CE,Combined TRACON& Tower with Radar,0,14,13,2,29,0,30,22,0,52,0,44,35,2,81,64,0,64,145
11/15/2009,LCH,LA,ASW,CE,Combined TRACON& Tower with Radar,1,21,9,0,31,0,33,12,0,45,1,54,21,0,76,64,0,64,140
11/16/2009,LCH,LA,ASW,CE,Combined TRACON& Tower with Radar,0,24,10,10,44,0,24,7,0,31,0,48,17,10,75,30,12,42,117
11/17/2009,LCH,LA,ASW,CE,Combined TRACON& Tower with Radar,0,17,21,30,68,0,45,13,2,60,0,62,34,32,128,46,18,64,192
11/18/2009,LCH,LA,ASW,CE,Combined TRACON& Tower with Radar,1,23,12,3,39,0,64,19,1,84,1,87,31,4,123,51,0,51,174
11/19/2009,LCH,LA,ASW,CE,Combined TRACON& Tower with Radar,0,27,23,11,61,0,49,19,0,68,0,76,42,11,129,38,8,46,175
11/20/2009,LCH,LA,ASW,CE,Combined TRACON& Tower with Radar,1,20,28,0,49,0,13,11,0,24,1,33,39,0,73,30,0,30,103
11/21/2009,LCH,LA,ASW,CE,Combined TRACON& Tower with Radar,0,21,5,0,26,0,3,0,0,3,0,24,5,0,29,8,0,8,37
11/22/2009,LCH,LA,ASW,CE,Combined TRACON& Tower with Radar,0,17,36,20,73,0,20,12,0,32,0,37,48,20,105,44,0,44,149
11/23/2009,LCH,LA,ASW,CE,Combined TRACON& Tower with Radar,0,0,0,0,0,0,0,0,0,0,0,0,0,0,0,64,12,76,76
11/24/2009,LCH,LA,ASW,CE,Combined TRACON& Tower with Radar,0,15,5,5,25,0,13,9,0,22,0,28,14,5,47,9,0,9,56
11/25/2009,LCH,LA,ASW,CE,Combined TRACON& Tower with Radar,0,19,9,18,46,0,35,23,0,58,0,54,32,18,104,44,22,66,170
11/26/2009,LCH,LA,ASW,CE,Combined TRACON& Tower with Radar,0,11,6,0,17,0,21,2,0,23,0,32,8,0,40,0,0,0,40
11/27/2009,LCH,LA,ASW,CE,Combined TRACON& Tower with Radar,0,12,9,0,21,0,19,35,2,56,0,31,44,2,77,36,0,36,113
11/28/2009,LCH,LA,ASW,CE,Combined TRACON& Tower with Radar,2,21,9,0,32,0,29,30,0,59,2,50,39,0,91,14,0,14,105
11/29/2009,LCH,LA,ASW,CE,Combined TRACON& Tower with Radar,1,19,8,0,28,0,29,12,2,43,1,48,20,2,71,16,0,16,87
11/30/2009,LCH,LA,ASW,CE,Combined TRACON& Tower with Radar,0,0,0,0,0,0,0,0,0,0,0,0,0,0,0,26,0,26,26
12/01/2009,LCH,LA,ASW,CE,Combined TRACON& Tower with Radar,0,17,7,2,26,0,0,0,0,0,0,17,7,2,26,0,0,0,26
12/02/2009,LCH,LA,ASW,CE,Combined TRACON& Tower with Radar,0,31,16,24,71,0,26,0,0,26,0,57,16,24,97,30,26,56,153
12/03/2009,LCH,LA,ASW,CE,Combined TRACON& Tower with Radar,0,24,27,15,66,0,38,16,0,54,0,62,43,15,120,28,16,44,164
12/04/2009,LCH,LA,ASW,CE,Combined TRACON& Tower with Radar,0,10,11,0,21,0,25,11,0,36,0,35,22,0,57,0,0,0,57
12/05/2009,LCH,LA,ASW,CE,Combined TRACON& Tower with Radar,0,15,11,2,28,0,26,25,2,53,0,41,36,4,81,8,0,8,89
12/06/2009,LCH,LA,ASW,CE,Combined TRACON& Tower with Radar,0,18,4,0,22,0,14,4,0,18,0,32,8,0,40,42,0,42,82
12/07/2009,LCH,LA,ASW,CE,Combined TRACON& Tower with Radar,0,21,8,0,29,0,1,0,0,1,0,22,8,0,30,2,0,2,32
12/08/2009,LCH,LA,ASW,CE,Combined TRACON& Tower with Radar,0,18,0,5,23,0,3,0,0,3,0,21,0,5,26,8,2,10,36
12/09/2009,LCH,LA,ASW,CE,Combined TRACON& Tower with Radar,0,22,12,27,61,0,50,31,0,81,0,72,43,27,142,14,26,40,182
12/10/2009,LCH,LA,ASW,CE,Combined TRACON& Tower with Radar,0,23,14,7,44,0,32,25,3,60,0,55,39,10,104,40,10,50,154
12/11/2009,LCH,LA,ASW,CE,Combined TRACON& Tower with Radar,0,24,14,3,41,0,23,11,0,34,0,47,25,3,75,32,0,32,107
12/12/2009,LCH,LA,ASW,CE,Combined TRACON& Tower with Radar,0,19,7,0,26,0,0,0,0,0,0,19,7,0,26,0,0,0,26
12/13/2009,LCH,LA,ASW,CE,Combined TRACON& Tower with Radar,0,15,17,22,54,0,0,0,0,0,0,15,17,22,54,26,8,34,88
12/14/2009,LCH,LA,ASW,CE,Combined TRACON& Tower with Radar,0,17,5,0,22,0,0,0,0,0,0,17,5,0,22,0,0,0,22
12/15/2009,LCH,LA,ASW,CE,Combined TRACON& Tower with Radar,0,22,4,1,27,0,5,0,0,5,0,27,4,1,32,2,0,2,34
12/16/2009,LCH,LA,ASW,CE,Combined TRACON& Tower with Radar,0,17,17,27,61,0,50,15,1,66,0,67,32,28,127,82,12,94,221
12/17/2009,LCH,LA,ASW,CE,Combined TRACON& Tower with Radar,0,34,9,0,43,0,20,2,0,22,0,54,11,0,65,4,0,4,69
12/18/2009,LCH,LA,ASW,CE,Combined TRACON& Tower with Radar,0,33,11,25,69,0,28,24,0,52,0,61,35,25,121,60,38,98,219
12/19/2009,LCH,LA,ASW,CE,Combined TRACON& Tower with Radar,0,12,15,10,37,0,21,47,0,68,0,33,62,10,105,50,2,52,157
12/20/2009,LCH,LA,ASW,CE,Combined TRACON& Tower with Radar,0,17,20,8,45,0,17,35,0,52,0,34,55,8,97,23,6,29,126
12/21/2009,LCH,LA,ASW,CE,Combined TRACON& Tower with Radar,0,23,10,8,41,0,22,18,0,40,0,45,28,8,81,74,6,80,161
12/22/2009,LCH,LA,ASW,CE,Combined TRACON& Tower with Radar,0,20,23,29,72,0,33,12,2,47,0,53,35,31,119,22,28,50,169
12/23/2009,LCH,LA,ASW,CE,Combined TRACON& Tower with Radar,0,0,0,0,0,0,0,0,0,0,0,0,0,0,0,12,6,18,18
12/24/2009,LCH,LA,ASW,CE,Combined TRACON& Tower with Radar,0,0,0,0,0,0,0,0,0,0,0,0,0,0,0,2,0,2,2
12/25/2009,LCH,LA,ASW,CE,Combined TRACON& Tower with Radar,0,8,1,0,9,0,9,6,0,15,0,17,7,0,24,10,0,10,34
12/26/2009,LCH,LA,ASW,CE,Combined TRACON& Tower with Radar,2,13,21,0,36,0,16,14,0,30,2,29,35,0,66,50,0,50,116
12/27/2009,LCH,LA,ASW,CE,Combined TRACON& Tower with Radar,0,17,18,0,35,0,35,17,0,52,0,52,35,0,87,24,0,24,111
12/28/2009,LCH,LA,ASW,CE,Combined TRACON& Tower with Radar,0,18,12,0,30,0,26,17,0,43,0,44,29,0,73,4,2,6,79
12/29/2009,LCH,LA,ASW,CE,Combined TRACON& Tower with Radar,2,14,17,2,35,0,22,11,0,33,2,36,28,2,68,22,6,28,96
12/30/2009,LCH,LA,ASW,CE,Combined TRACON& Tower with Radar,0,16,4,0,20,0,0,0,0,0,0,16,4,0,20,0,0,0,20
12/31/2009,LCH,LA,ASW,CE,Combined TRACON& Tower with Radar,0,0,0,0,0,0,0,0,0,0,0,0,0,0,0,26,0,26,26
01/01/2010,LCH,LA,ASW,CE,Combined TRACON& Tower with Radar,0,0,0,0,0,0,0,0,0,0,0,0,0,0,0,20,0,20,20
01/02/2010,LCH,LA,ASW,CE,Combined TRACON& Tower with Radar,0,22,5,5,32,0,37,26,0,63,0,59,31,5,95,14,0,14,109
01/03/2010,LCH,LA,ASW,CE,Combined TRACON& Tower with Radar,0,18,7,0,25,0,17,14,0,31,0,35,21,0,56,4,0,4,60
01/04/2010,LCH,LA,ASW,CE,Combined TRACON& Tower with Radar,0,19,7,3,29,0,27,11,0,38,0,46,18,3,67,22,6,28,95
01/05/2010,LCH,LA,ASW,CE,Combined TRACON& Tower with Radar,0,16,12,13,41,0,30,14,0,44,0,46,26,13,85,18,8,26,111
01/06/2010,LCH,LA,ASW,CE,Combined TRACON& Tower with Radar,0,0,0,0,0,0,0,0,0,0,0,0,0,0,0,36,2,38,38
01/07/2010,LCH,LA,ASW,CE,Combined TRACON& Tower with Radar,0,25,6,0,31,0,9,3,0,12,0,34,9,0,43,0,0,0,43
01/08/2010,LCH,LA,ASW,CE,Combined TRACON& Tower with Radar,0,19,7,13,39,0,17,9,1,27,0,36,16,14,66,21,6,27,93
01/09/2010,LCH,LA,ASW,CE,Combined TRACON& Tower with Radar,0,17,5,9,31,2,26,34,0,62,2,43,39,9,93,1,0,1,94
01/10/2010,LCH,LA,ASW,CE,Combined TRACON& Tower with Radar,0,19,16,6,41,0,14,18,0,32,0,33,34,6,73,8,16,24,97
01/11/2010,LCH,LA,ASW,CE,Combined TRACON& Tower with Radar,0,19,11,0,30,0,26,13,2,41,0,45,24,2,71,0,0,0,71
01/12/2010,LCH,LA,ASW,CE,Combined TRACON& Tower with Radar,0,21,14,21,56,0,23,13,0,36,0,44,27,21,92,26,14,40,132
01/13/2010,LCH,LA,ASW,CE,Combined TRACON& Tower with Radar,0,22,5,16,43,0,35,25,0,60,0,57,30,16,103,46,23,69,172
01/14/2010,LCH,LA,ASW,CE,Combined TRACON& Tower with Radar,0,20,11,3,34,0,50,27,0,77,0,70,38,3,111,32,0,32,143
01/15/2010,LCH,LA,ASW,CE,Combined TRACON& Tower with Radar,0,15,17,13,45,0,28,3,2,33,0,43,20,15,78,36,8,44,122
01/16/2010,LCH,LA,ASW,CE,Combined TRACON& Tower with Radar,0,16,15,1,32,0,0,0,0,0,0,16,15,1,32,8,0,8,40
01/17/2010,LCH,LA,ASW,CE,Combined TRACON& Tower with Radar,0,17,21,0,38,0,18,25,0,43,0,35,46,0,81,54,0,54,135
01/18/2010,LCH,LA,ASW,CE,Combined TRACON& Tower with Radar,0,29,14,9,52,0,32,35,2,69,0,61,49,11,121,24,16,40,161
01/19/2010,LCH,LA,ASW,CE,Combined TRACON& Tower with Radar,0,21,8,13,42,0,34,11,2,47,0,55,19,15,89,4,12,16,105
01/20/2010,LCH,LA,ASW,CE,Combined TRACON& Tower with Radar,0,19,8,0,27,0,1,2,0,3,0,20,10,0,30,0,0,0,30
01/21/2010,LCH,LA,ASW,CE,Combined TRACON& Tower with Radar,0,24,10,15,49,0,22,23,1,46,0,46,33,16,95,36,16,52,147
01/22/2010,LCH,LA,ASW,CE,Combined TRACON& Tower with Radar,0,23,25,6,54,0,42,37,4,83,0,65,62,10,137,92,14,106,243
01/23/2010,LCH,LA,ASW,CE,Combined TRACON& Tower with Radar,0,14,22,15,51,0,13,13,0,26,0,27,35,15,77,50,14,64,141
01/24/2010,LCH,LA,ASW,CE,Combined TRACON& Tower with Radar,0,18,31,8,57,0,25,29,0,54,0,43,60,8,111,40,6,46,157
01/25/2010,LCH,LA,ASW,CE,Combined TRACON& Tower with Radar,0,24,15,7,46,0,35,21,0,56,0,59,36,7,102,38,12,50,152
01/26/2010,LCH,LA,ASW,CE,Combined TRACON& Tower with Radar,0,20,13,5,38,0,26,28,0,54,0,46,41,5,92,48,4,52,144
01/27/2010,LCH,LA,ASW,CE,Combined TRACON& Tower with Radar,0,17,15,14,46,0,37,27,1,65,0,54,42,15,111,2,14,16,127
01/28/2010,LCH,LA,ASW,CE,Combined TRACON& Tower with Radar,0,20,9,10,39,0,39,21,0,60,0,59,30,10,99,22,8,30,129
01/29/2010,LCH,LA,ASW,CE,Combined TRACON& Tower with Radar,0,20,5,0,25,0,1,1,0,2,0,21,6,0,27,10,0,10,37
01/30/2010,LCH,LA,ASW,CE,Combined TRACON& Tower with Radar,0,15,15,15,45,0,19,19,0,38,0,34,34,15,83,65,10,75,158
01/31/2010,LCH,LA,ASW,CE,Combined TRACON& Tower with Radar,0,21,6,0,27,0,16,16,0,32,0,37,22,0,59,70,0,70,129
02/01/2010,LCH,LA,ASW,CE,Combined TRACON& Tower with Radar,0,28,10,6,44,0,11,4,0,15,0,39,14,6,59,4,18,22,81
02/02/2010,LCH,LA,ASW,CE,Combined TRACON& Tower with Radar,0,28,19,20,67,0,39,11,0,50,0,67,30,20,117,52,28,80,197
02/03/2010,LCH,LA,ASW,CE,Combined TRACON& Tower with Radar,0,0,0,0,0,0,0,0,0,0,0,0,0,0,0,8,11,19,19
02/04/2010,LCH,LA,ASW,CE,Combined TRACON& Tower with Radar,0,18,11,0,29,0,4,1,0,5,0,22,12,0,34,0,0,0,34
02/05/2010,LCH,LA,ASW,CE,Combined TRACON& Tower with Radar,0,31,6,5,42,0,11,3,1,15,0,42,9,6,57,0,0,0,57
02/06/2010,LCH,LA,ASW,CE,Combined TRACON& Tower with Radar,0,13,17,7,37,0,11,26,1,38,0,24,43,8,75,20,0,20,95
02/07/2010,LCH,LA,ASW,CE,Combined TRACON& Tower with Radar,0,16,24,0,40,0,16,20,0,36,0,32,44,0,76,16,0,16,92
02/08/2010,LCH,LA,ASW,CE,Combined TRACON& Tower with Radar,0,19,13,1,33,0,29,9,2,40,0,48,22,3,73,14,0,14,87
02/09/2010,LCH,LA,ASW,CE,Combined TRACON& Tower with Radar,0,27,5,24,56,0,12,13,2,27,0,39,18,26,83,28,18,46,129
02/10/2010,LCH,LA,ASW,CE,Combined TRACON& Tower with Radar,0,19,5,4,28,0,34,17,0,51,0,53,22,4,79,26,0,26,105
02/11/2010,LCH,LA,ASW,CE,Combined TRACON& Tower with Radar,0,22,3,4,29,0,26,1,0,27,0,48,4,4,56,12,8,20,76
02/12/2010,LCH,LA,ASW,CE,Combined TRACON& Tower with Radar,2,18,2,4,26,0,8,0,0,8,2,26,2,4,34,20,0,20,54
02/13/2010,LCH,LA,ASW,CE,Combined TRACON& Tower with Radar,0,19,9,0,28,0,22,15,0,37,0,41,24,0,65,48,0,48,113
02/14/2010,LCH,LA,ASW,CE,Combined TRACON& Tower with Radar,0,16,14,6,36,0,24,22,1,47,0,40,36,7,83,40,6,46,129
02/15/2010,LCH,LA,ASW,CE,Combined TRACON& Tower with Radar,0,24,10,15,49,0,30,16,0,46,0,54,26,15,95,57,3,60,155
02/16/2010,LCH,LA,ASW,CE,Combined TRACON& Tower with Radar,0,22,9,40,71,0,27,37,0,64,0,49,46,40,135,68,18,86,221
02/17/2010,LCH,LA,ASW,CE,Combined TRACON& Tower with Radar,0,0,0,0,0,0,0,0,0,0,0,0,0,0,0,30,0,30,30
02/18/2010,LCH,LA,ASW,CE,Combined TRACON& Tower with Radar,0,22,12,6,40,0,35,24,0,59,0,57,36,6,99,36,4,40,139
02/19/2010,LCH,LA,ASW,CE,Combined TRACON& Tower with Radar,0,18,18,5,41,0,15,7,0,22,0,33,25,5,63,20,6,26,89
02/20/2010,LCH,LA,ASW,CE,Combined TRACON& Tower with Radar,0,13,22,0,35,0,29,18,0,47,0,42,40,0,82,46,0,46,128
02/21/2010,LCH,LA,ASW,CE,Combined TRACON& Tower with Radar,0,16,8,0,24,0,4,1,2,7,0,20,9,2,31,4,0,4,35
02/22/2010,LCH,LA,ASW,CE,Combined TRACON& Tower with Radar,0,0,0,0,0,0,0,0,0,0,0,0,0,0,0,16,10,26,26
02/23/2010,LCH,LA,ASW,CE,Combined TRACON& Tower with Radar,0,12,12,4,28,0,30,4,0,34,0,42,16,4,62,36,4,40,102
02/24/2010,LCH,LA,ASW,CE,Combined TRACON& Tower with Radar,0,23,25,20,68,0,43,27,0,70,0,66,52,20,138,50,22,72,210
02/25/2010,LCH,LA,ASW,CE,Combined TRACON& Tower with Radar,0,19,31,0,50,0,39,29,0,68,0,58,60,0,118,62,8,70,188
02/26/2010,LCH,LA,ASW,CE,Combined TRACON& Tower with Radar,0,16,7,1,24,0,19,2,0,21,0,35,9,1,45,2,2,4,49
02/27/2010,LCH,LA,ASW,CE,Combined TRACON& Tower with Radar,0,16,19,4,39,0,9,10,0,19,0,25,29,4,58,74,8,82,140
02/28/2010,LCH,LA,ASW,CE,Combined TRACON& Tower with Radar,0,15,16,0,31,0,27,30,0,57,0,42,46,0,88,118,0,118,206
03/01/2010,LCH,LA,ASW,CE,Combined TRACON& Tower with Radar,0,29,7,1,37,0,19,1,0,20,0,48,8,1,57,44,0,44,101
03/02/2010,LCH,LA,ASW,CE,Combined TRACON& Tower with Radar,0,18,18,7,43,0,21,24,4,49,0,39,42,11,92,24,2,26,118
03/03/2010,LCH,LA,ASW,CE,Combined TRACON& Tower with Radar,0,0,0,0,0,0,0,0,0,0,0,0,0,0,0,54,4,58,58
03/04/2010,LCH,LA,ASW,CE,Combined TRACON& Tower with Radar,0,24,28,2,54,0,29,30,2,61,0,53,58,4,115,26,2,28,143
03/05/2010,LCH,LA,ASW,CE,Combined TRACON& Tower with Radar,0,19,8,10,37,0,25,35,0,60,0,44,43,10,97,103,10,113,210
03/06/2010,LCH,LA,ASW,CE,Combined TRACON& Tower with Radar,0,16,16,2,34,0,13,22,0,35,0,29,38,2,69,62,2,64,133
03/07/2010,LCH,LA,ASW,CE,Combined TRACON& Tower with Radar,1,17,6,1,25,0,21,36,2,59,1,38,42,3,84,38,0,38,122
03/08/2010,LCH,LA,ASW,CE,Combined TRACON& Tower with Radar,0,28,12,1,41,0,16,2,0,18,0,44,14,1,59,6,2,8,67
03/09/2010,LCH,LA,ASW,CE,Combined TRACON& Tower with Radar,0,23,14,2,39,0,7,1,0,8,0,30,15,2,47,2,2,4,51
03/10/2010,LCH,LA,ASW,CE,Combined TRACON& Tower with Radar,0,26,10,0,36,0,9,2,0,11,0,35,12,0,47,8,0,8,55
03/11/2010,LCH,LA,ASW,CE,Combined TRACON& Tower with Radar,0,28,21,5,54,0,14,23,0,37,0,42,44,5,91,82,16,98,189
03/12/2010,LCH,LA,ASW,CE,Combined TRACON& Tower with Radar,0,17,10,17,44,0,33,23,0,56,0,50,33,17,100,57,22,79,179
03/13/2010,LCH,LA,ASW,CE,Combined TRACON& Tower with Radar,0,18,10,2,30,0,20,24,4,48,0,38,34,6,78,30,2,32,110
03/14/2010,LCH,LA,ASW,CE,Combined TRACON& Tower with Radar,0,14,18,11,43,0,23,41,2,66,0,37,59,13,109,42,6,48,157
03/15/2010,LCH,LA,ASW,CE,Combined TRACON& Tower with Radar,0,19,17,28,64,0,31,14,0,45,0,50,31,28,109,78,18,96,205
03/16/2010,LCH,LA,ASW,CE,Combined TRACON& Tower with Radar,0,13,23,4,40,0,30,14,0,44,0,43,37,4,84,38,4,42,126
03/17/2010,LCH,LA,ASW,CE,Combined TRACON& Tower with Radar,0,0,42,19,61,0,32,14,0,46,0,32,56,19,107,30,4,34,141
03/18/2010,LCH,LA,ASW,CE,Combined TRACON& Tower with Radar,0,16,25,9,50,0,46,22,0,68,0,62,47,9,118,26,6,32,150
03/19/2010,LCH,LA,ASW,CE,Combined TRACON& Tower with Radar,0,22,4,6,32,0,35,9,0,44,0,57,13,6,76,6,10,16,92
03/20/2010,LCH,LA,ASW,CE,Combined TRACON& Tower with Radar,0,11,2,0,13,0,12,14,0,26,0,23,16,0,39,22,0,22,61
03/21/2010,LCH,LA,ASW,CE,Combined TRACON& Tower with Radar,0,11,4,0,15,0,0,4,0,4,0,11,8,0,19,30,0,30,49
03/22/2010,LCH,LA,ASW,CE,Combined TRACON& Tower with Radar,0,16,12,5,33,0,19,12,0,31,0,35,24,5,64,2,5,7,71
03/23/2010,LCH,LA,ASW,CE,Combined TRACON& Tower with Radar,0,17,17,16,50,0,38,23,1,62,0,55,40,17,112,38,10,48,160
03/24/2010,LCH,LA,ASW,CE,Combined TRACON& Tower with Radar,0,19,14,14,47,0,35,9,0,44,0,54,23,14,91,26,18,44,135
03/25/2010,LCH,LA,ASW,CE,Combined TRACON& Tower with Radar,0,16,11,14,41,0,20,15,1,36,0,36,26,15,77,20,6,26,103
03/26/2010,LCH,LA,ASW,CE,Combined TRACON& Tower with Radar,0,21,11,21,53,0,36,21,2,59,0,57,32,23,112,30,14,44,156
03/27/2010,LCH,LA,ASW,CE,Combined TRACON& Tower with Radar,0,26,4,17,47,0,25,16,1,42,0,51,20,18,89,28,10,38,127
03/28/2010,LCH,LA,ASW,CE,Combined TRACON& Tower with Radar,0,14,5,0,19,0,29,18,1,48,0,43,23,1,67,40,4,44,111
03/29/2010,LCH,LA,ASW,CE,Combined TRACON& Tower with Radar,0,17,5,4,26,0,35,23,0,58,0,52,28,4,84,92,11,103,187
03/30/2010,LCH,LA,ASW,CE,Combined TRACON& Tower with Radar,0,20,7,7,34,0,36,17,0,53,0,56,24,7,87,48,4,52,139
03/31/2010,LCH,LA,ASW,CE,Combined TRACON& Tower with Radar,0,17,10,9,36,0,52,11,1,64,0,69,21,10,100,46,0,46,146
04/01/2010,LCH,LA,ASW,CE,Combined TRACON& Tower with Radar,0,19,7,7,33,0,37,30,0,67,0,56,37,7,100,70,0,70,170
04/02/2010,LCH,LA,ASW,CE,Combined TRACON& Tower with Radar,0,19,10,0,29,0,34,2,0,36,0,53,12,0,65,53,6,59,124
04/03/2010,LCH,LA,ASW,CE,Combined TRACON& Tower with Radar,0,14,6,2,22,0,8,19,0,27,0,22,25,2,49,33,2,35,84
04/04/2010,LCH,LA,ASW,CE,Combined TRACON& Tower with Radar,0,22,1,3,26,0,12,5,0,17,0,34,6,3,43,32,8,40,83
04/05/2010,LCH,LA,ASW,CE,Combined TRACON& Tower with Radar,0,31,5,4,40,0,16,7,0,23,0,47,12,4,63,26,4,30,93
04/06/2010,LCH,LA,ASW,CE,Combined TRACON& Tower with Radar,0,14,6,8,28,0,41,11,0,52,0,55,17,8,80,58,0,58,138
04/07/2010,LCH,LA,ASW,CE,Combined TRACON& Tower with Radar,0,16,8,3,27,0,26,8,4,38,0,42,16,7,65,24,0,24,89
04/08/2010,LCH,LA,ASW,CE,Combined TRACON& Tower with Radar,0,19,8,9,36,0,44,19,0,63,0,63,27,9,99,28,2,30,129
04/09/2010,LCH,LA,ASW,CE,Combined TRACON& Tower with Radar,0,19,8,17,44,0,36,11,3,50,0,55,19,20,94,48,10,58,152
04/10/2010,LCH,LA,ASW,CE,Combined TRACON& Tower with Radar,0,13,5,7,25,0,15,19,2,36,0,28,24,9,61,26,4,30,91
04/11/2010,LCH,LA,ASW,CE,Combined TRACON& Tower with Radar,0,14,7,3,24,0,14,7,3,24,0,28,14,6,48,44,4,48,96
04/12/2010,LCH,LA,ASW,CE,Combined TRACON& Tower with Radar,0,15,14,9,38,0,42,18,0,60,0,57,32,9,98,40,2,42,140
04/13/2010,LCH,LA,ASW,CE,Combined TRACON& Tower with Radar,0,16,6,4,26,0,33,9,2,44,0,49,15,6,70,0,0,0,70
04/14/2010,LCH,LA,ASW,CE,Combined TRACON& Tower with Radar,0,0,0,0,0,0,0,0,0,0,0,0,0,0,0,2,10,12,12
04/15/2010,LCH,LA,ASW,CE,Combined TRACON& Tower with Radar,0,19,12,13,44,0,30,17,0,47,0,49,29,13,91,2,4,6,97
04/16/2010,LCH,LA,ASW,CE,Combined TRACON& Tower with Radar,0,31,10,16,57,0,27,17,0,44,0,58,27,16,101,20,22,42,143
04/17/2010,LCH,LA,ASW,CE,Combined TRACON& Tower with Radar,0,14,9,7,30,0,28,42,1,71,0,42,51,8,101,10,6,16,117
04/18/2010,LCH,LA,ASW,CE,Combined TRACON& Tower with Radar,0,21,7,8,36,0,13,24,0,37,0,34,31,8,73,14,6,20,93
04/19/2010,LCH,LA,ASW,CE,Combined TRACON& Tower with Radar,0,28,8,0,36,0,35,14,1,50,0,63,22,1,86,22,0,22,108
04/20/2010,LCH,LA,ASW,CE,Combined TRACON& Tower with Radar,0,15,22,2,39,0,32,23,3,58,0,47,45,5,97,38,0,38,135
04/21/2010,LCH,LA,ASW,CE,Combined TRACON& Tower with Radar,0,18,16,13,47,0,34,26,4,64,0,52,42,17,111,28,8,36,147
04/22/2010,LCH,LA,ASW,CE,Combined TRACON& Tower with Radar,0,26,28,8,62,0,37,16,0,53,0,63,44,8,115,8,8,16,131
04/23/2010,LCH,LA,ASW,CE,Combined TRACON& Tower with Radar,0,32,8,2,42,0,1,0,0,1,0,33,8,2,43,12,0,12,55
04/24/2010,LCH,LA,ASW,CE,Combined TRACON& Tower with Radar,0,16,4,0,20,0,28,7,0,35,0,44,11,0,55,4,0,4,59
04/25/2010,LCH,LA,ASW,CE,Combined TRACON& Tower with Radar,0,14,12,1,27,0,26,30,0,56,0,40,42,1,83,18,0,18,101
04/26/2010,LCH,LA,ASW,CE,Combined TRACON& Tower with Radar,0,16,7,9,32,0,27,28,0,55,0,43,35,9,87,24,8,32,119
04/27/2010,LCH,LA,ASW,CE,Combined TRACON& Tower with Radar,0,21,8,3,32,0,30,23,0,53,0,51,31,3,85,16,2,18,103
04/28/2010,LCH,LA,ASW,CE,Combined TRACON& Tower with Radar,0,0,0,0,0,0,0,0,0,0,0,0,0,0,0,10,10,20,20
04/29/2010,LCH,LA,ASW,CE,Combined TRACON& Tower with Radar,0,22,18,12,52,0,37,21,0,58,0,59,39,12,110,10,8,18,128
04/30/2010,LCH,LA,ASW,CE,Combined TRACON& Tower with Radar,0,24,9,0,33,0,2,2,0,4,0,26,11,0,37,2,8,10,47
05/01/2010,LCH,LA,ASW,CE,Combined TRACON& Tower with Radar,0,14,2,2,18,0,18,4,0,22,0,32,6,2,40,6,0,6,46
05/02/2010,LCH,LA,ASW,CE,Combined TRACON& Tower with Radar,0,19,6,10,35,0,0,0,0,0,0,19,6,10,35,6,12,18,53
05/03/2010,LCH,LA,ASW,CE,Combined TRACON& Tower with Radar,0,17,9,0,26,0,18,15,0,33,0,35,24,0,59,0,12,12,71
05/04/2010,LCH,LA,ASW,CE,Combined TRACON& Tower with Radar,0,16,7,70,93,0,37,44,0,81,0,53,51,70,174,20,4,24,198
05/05/2010,LCH,LA,ASW,CE,Combined TRACON& Tower with Radar,0,0,0,0,0,0,0,0,0,0,0,0,0,0,0,20,1,21,21
05/06/2010,LCH,LA,ASW,CE,Combined TRACON& Tower with Radar,0,21,20,0,41,0,40,20,0,60,0,61,40,0,101,22,0,22,123
05/07/2010,LCH,LA,ASW,CE,Combined TRACON& Tower with Radar,0,17,17,4,38,0,20,20,0,40,0,37,37,4,78,16,12,28,106
05/08/2010,LCH,LA,ASW,CE,Combined TRACON& Tower with Radar,0,10,3,3,16,0,28,9,2,39,0,38,12,5,55,10,4,14,69
05/09/2010,LCH,LA,ASW,CE,Combined TRACON& Tower with Radar,0,19,12,0,31,0,9,15,0,24,0,28,27,0,55,22,0,22,77
05/10/2010,LCH,LA,ASW,CE,Combined TRACON& Tower with Radar,0,22,6,0,28,0,22,15,0,37,0,44,21,0,65,12,0,12,77
05/11/2010,LCH,LA,ASW,CE,Combined TRACON& Tower with Radar,0,14,7,4,25,0,22,26,2,50,0,36,33,6,75,4,8,12,87
05/12/2010,LCH,LA,ASW,CE,Combined TRACON& Tower with Radar,0,0,0,0,0,0,0,0,0,0,0,0,0,0,0,34,0,34,34
05/13/2010,LCH,LA,ASW,CE,Combined TRACON& Tower with Radar,0,14,7,1,22,0,34,13,0,47,0,48,20,1,69,50,2,52,121
05/14/2010,LCH,LA,ASW,CE,Combined TRACON& Tower with Radar,1,14,4,11,30,0,24,16,0,40,1,38,20,11,70,36,10,46,116
05/15/2010,LCH,LA,ASW,CE,Combined TRACON& Tower with Radar,0,13,5,0,18,0,25,20,1,46,0,38,25,1,64,39,0,39,103
05/16/2010,LCH,LA,ASW,CE,Combined TRACON& Tower with Radar,0,15,21,8,44,0,19,23,3,45,0,34,44,11,89,10,6,16,105
05/17/2010,LCH,LA,ASW,CE,Combined TRACON& Tower with Radar,0,15,7,5,27,0,39,15,0,54,0,54,22,5,81,6,6,12,93
05/18/2010,LCH,LA,ASW,CE,Combined TRACON& Tower with Radar,0,18,16,10,44,0,31,26,0,57,0,49,42,10,101,76,5,81,182
05/19/2010,LCH,LA,ASW,CE,Combined TRACON& Tower with Radar,0,0,0,0,0,0,0,0,0,0,0,0,0,0,0,18,0,18,18
05/20/2010,LCH,LA,ASW,CE,Combined TRACON& Tower with Radar,0,16,6,5,27,0,37,25,1,63,0,53,31,6,90,28,4,32,122
05/21/2010,LCH,LA,ASW,CE,Combined TRACON& Tower with Radar,0,21,19,3,43,0,44,19,0,63,0,65,38,3,106,20,0,20,126
05/22/2010,LCH,LA,ASW,CE,Combined TRACON& Tower with Radar,0,14,4,2,20,0,39,28,2,69,0,53,32,4,89,2,2,4,93
05/23/2010,LCH,LA,ASW,CE,Combined TRACON& Tower with Radar,0,18,13,34,65,0,31,34,6,71,0,49,47,40,136,4,2,6,142
05/24/2010,LCH,LA,ASW,CE,Combined TRACON& Tower with Radar,0,18,4,0,22,0,41,17,0,58,0,59,21,0,80,19,0,19,99
05/25/2010,LCH,LA,ASW,CE,Combined TRACON& Tower with Radar,0,23,3,2,28,0,32,21,1,54,0,55,24,3,82,22,2,24,106
05/26/2010,LCH,LA,ASW,CE,Combined TRACON& Tower with Radar,0,0,0,0,0,0,0,0,0,0,0,0,0,0,0,28,0,28,28
05/27/2010,LCH,LA,ASW,CE,Combined TRACON& Tower with Radar,0,17,5,6,28,0,57,17,0,74,0,74,22,6,102,20,20,40,142
05/28/2010,LCH,LA,ASW,CE,Combined TRACON& Tower with Radar,0,17,8,10,35,0,29,16,0,45,0,46,24,10,80,48,8,56,136
05/29/2010,LCH,LA,ASW,CE,Combined TRACON& Tower with Radar,0,14,8,0,22,0,17,22,0,39,0,31,30,0,61,28,0,28,89
05/30/2010,LCH,LA,ASW,CE,Combined TRACON& Tower with Radar,1,13,9,4,27,0,16,13,0,29,1,29,22,4,56,40,4,44,100
05/31/2010,LCH,LA,ASW,CE,Combined TRACON& Tower with Radar,0,16,4,2,22,0,27,24,1,52,0,43,28,3,74,56,0,56,130
06/01/2010,LCH,LA,ASW,CE,Combined TRACON& Tower with Radar,2,18,9,3,32,0,29,19,3,51,2,47,28,6,83,8,3,11,94
06/02/2010,LCH,LA,ASW,CE,Combined TRACON& Tower with Radar,0,0,0,0,0,0,0,0,0,0,0,0,0,0,0,66,6,72,72
06/03/2010,LCH,LA,ASW,CE,Combined TRACON& Tower with Radar,0,19,5,0,24,0,32,14,0,46,0,51,19,0,70,6,0,6,76
06/04/2010,LCH,LA,ASW,CE,Combined TRACON& Tower with Radar,0,15,12,0,27,0,25,8,0,33,0,40,20,0,60,40,0,40,100
06/05/2010,LCH,LA,ASW,CE,Combined TRACON& Tower with Radar,0,14,4,0,18,0,10,3,2,15,0,24,7,2,33,0,0,0,33
06/06/2010,LCH,LA,ASW,CE,Combined TRACON& Tower with Radar,0,17,8,8,33,0,29,7,0,36,0,46,15,8,69,4,6,10,79
06/07/2010,LCH,LA,ASW,CE,Combined TRACON& Tower with Radar,0,19,19,0,38,0,34,11,0,45,0,53,30,0,83,50,0,50,133
06/08/2010,LCH,LA,ASW,CE,Combined TRACON& Tower with Radar,2,15,12,0,29,0,27,19,0,46,2,42,31,0,75,12,4,16,91
06/09/2010,LCH,LA,ASW,CE,Combined TRACON& Tower with Radar,0,0,0,0,0,0,0,0,0,0,0,0,0,0,0,6,6,12,12
06/10/2010,LCH,LA,ASW,CE,Combined TRACON& Tower with Radar,0,21,14,0,35,0,24,24,0,48,0,45,38,0,83,18,0,18,101
06/11/2010,LCH,LA,ASW,CE,Combined TRACON& Tower with Radar,0,21,11,6,38,0,46,26,0,72,0,67,37,6,110,8,2,10,120
06/12/2010,LCH,LA,ASW,CE,Combined TRACON& Tower with Radar,0,14,2,14,30,0,16,26,2,44,0,30,28,16,74,60,6,66,140
06/13/2010,LCH,LA,ASW,CE,Combined TRACON& Tower with Radar,0,14,10,2,26,0,18,13,0,31,0,32,23,2,57,12,0,12,69
06/14/2010,LCH,LA,ASW,CE,Combined TRACON& Tower with Radar,0,17,6,6,29,0,37,17,0,54,0,54,23,6,83,30,0,30,113
06/15/2010,LCH,LA,ASW,CE,Combined TRACON& Tower with Radar,0,15,11,15,41,0,30,22,0,52,0,45,33,15,93,2,20,22,115
06/16/2010,LCH,LA,ASW,CE,Combined TRACON& Tower with Radar,0,15,5,9,29,0,41,26,0,67,0,56,31,9,96,10,4,14,110
06/17/2010,LCH,LA,ASW,CE,Combined TRACON& Tower with Radar,0,22,11,4,37,0,32,23,0,55,0,54,34,4,92,10,0,10,102
06/18/2010,LCH,LA,ASW,CE,Combined TRACON& Tower with Radar,0,19,15,2,36,0,4,17,2,23,0,23,32,4,59,12,2,14,73
06/19/2010,LCH,LA,ASW,CE,Combined TRACON& Tower with Radar,0,12,5,0,17,0,15,16,0,31,0,27,21,0,48,8,0,8,56
06/20/2010,LCH,LA,ASW,CE,Combined TRACON& Tower with Radar,0,16,9,57,82,0,26,29,7,62,0,42,38,64,144,22,2,24,168
06/21/2010,LCH,LA,ASW,CE,Combined TRACON& Tower with Radar,0,15,13,4,32,0,29,23,4,56,0,44,36,8,88,50,4,54,142
06/22/2010,LCH,LA,ASW,CE,Combined TRACON& Tower with Radar,0,20,9,8,37,0,34,17,0,51,0,54,26,8,88,24,4,28,116
06/23/2010,LCH,LA,ASW,CE,Combined TRACON& Tower with Radar,0,20,6,0,26,0,35,21,0,56,0,55,27,0,82,56,0,56,138
06/24/2010,LCH,LA,ASW,CE,Combined TRACON& Tower with Radar,0,19,10,2,31,0,37,25,0,62,0,56,35,2,93,30,4,34,127
06/25/2010,LCH,LA,ASW,CE,Combined TRACON& Tower with Radar,0,15,10,4,29,0,44,28,0,72,0,59,38,4,101,4,0,4,105
06/26/2010,LCH,LA,ASW,CE,Combined TRACON& Tower with Radar,0,13,8,8,29,0,21,14,1,36,0,34,22,9,65,100,2,102,167
06/27/2010,LCH,LA,ASW,CE,Combined TRACON& Tower with Radar,0,18,25,8,51,0,19,23,1,43,0,37,48,9,94,10,0,10,104
06/28/2010,LCH,LA,ASW,CE,Combined TRACON& Tower with Radar,2,25,9,4,40,0,55,13,0,68,2,80,22,4,108,16,4,20,128
06/29/2010,LCH,LA,ASW,CE,Combined TRACON& Tower with Radar,0,19,8,4,31,0,32,7,0,39,0,51,15,4,70,36,4,40,110
06/30/2010,LCH,LA,ASW,CE,Combined TRACON& Tower with Radar,0,0,0,0,0,0,0,0,0,0,0,0,0,0,0,4,4,8,8
07/01/2010,LCH,LA,ASW,CE,Combined TRACON& Tower with Radar,0,23,8,2,33,0,27,3,0,30,0,50,11,2,63,24,0,24,87
07/02/2010,LCH,LA,ASW,CE,Combined TRACON& Tower with Radar,1,54,9,3,67,0,18,5,0,23,1,72,14,3,90,6,4,10,100
07/03/2010,LCH,LA,ASW,CE,Combined TRACON& Tower with Radar,2,11,10,0,23,0,16,9,0,25,2,27,19,0,48,8,0,8,56
07/04/2010,LCH,LA,ASW,CE,Combined TRACON& Tower with Radar,0,24,3,0,27,0,26,4,0,30,0,50,7,0,57,36,0,36,93
07/05/2010,LCH,LA,ASW,CE,Combined TRACON& Tower with Radar,0,14,14,2,30,0,26,29,0,55,0,40,43,2,85,64,2,66,151
07/06/2010,LCH,LA,ASW,CE,Combined TRACON& Tower with Radar,0,25,7,0,32,0,15,4,0,19,0,40,11,0,51,18,0,18,69
07/07/2010,LCH,LA,ASW,CE,Combined TRACON& Tower with Radar,0,0,0,0,0,0,0,0,0,0,0,0,0,0,0,20,0,20,20
07/08/2010,LCH,LA,ASW,CE,Combined TRACON& Tower with Radar,0,31,16,9,56,0,33,18,2,53,0,64,34,11,109,36,14,50,159
07/09/2010,LCH,LA,ASW,CE,Combined TRACON& Tower with Radar,0,26,26,11,63,0,33,43,0,76,0,59,69,11,139,56,8,64,203
07/10/2010,LCH,LA,ASW,CE,Combined TRACON& Tower with Radar,0,15,4,11,30,0,34,25,1,60,0,49,29,12,90,24,10,34,124
07/11/2010,LCH,LA,ASW,CE,Combined TRACON& Tower with Radar,0,15,14,24,53,0,18,26,4,48,0,33,40,28,101,24,2,26,127
07/12/2010,LCH,LA,ASW,CE,Combined TRACON& Tower with Radar,0,15,17,2,34,0,29,21,0,50,0,44,38,2,84,38,2,40,124
07/13/2010,LCH,LA,ASW,CE,Combined TRACON& Tower with Radar,0,15,13,7,35,0,23,15,0,38,0,38,28,7,73,43,2,45,118
07/14/2010,LCH,LA,ASW,CE,Combined TRACON& Tower with Radar,0,20,6,23,49,0,35,22,2,59,0,55,28,25,108,0,20,20,128
07/15/2010,LCH,LA,ASW,CE,Combined TRACON& Tower with Radar,0,15,9,17,41,0,46,17,1,64,0,61,26,18,105,14,18,32,137
07/16/2010,LCH,LA,ASW,CE,Combined TRACON& Tower with Radar,0,16,13,9,38,0,22,23,0,45,0,38,36,9,83,44,10,54,137
07/17/2010,LCH,LA,ASW,CE,Combined TRACON& Tower with Radar,2,15,9,5,31,0,28,10,0,38,2,43,19,5,69,42,6,48,117
07/18/2010,LCH,LA,ASW,CE,Combined TRACON& Tower with Radar,0,17,13,1,31,0,27,12,1,40,0,44,25,2,71,18,0,18,89
07/19/2010,LCH,LA,ASW,CE,Combined TRACON& Tower with Radar,0,16,9,0,25,0,19,16,1,36,0,35,25,1,61,16,0,16,77
07/20/2010,LCH,LA,ASW,CE,Combined TRACON& Tower with Radar,0,21,8,22,51,0,35,22,2,59,0,56,30,24,110,73,8,81,191
07/21/2010,LCH,LA,ASW,CE,Combined TRACON& Tower with Radar,0,0,0,0,0,0,0,0,0,0,0,0,0,0,0,86,22,108,108
07/22/2010,LCH,LA,ASW,CE,Combined TRACON& Tower with Radar,0,19,8,8,35,0,31,19,0,50,0,50,27,8,85,58,14,72,157
07/23/2010,LCH,LA,ASW,CE,Combined TRACON& Tower with Radar,0,11,5,14,30,0,37,25,0,62,0,48,30,14,92,94,16,110,202
07/24/2010,LCH,LA,ASW,CE,Combined TRACON& Tower with Radar,0,14,6,6,26,0,23,9,0,32,0,37,15,6,58,44,6,50,108
07/25/2010,LCH,LA,ASW,CE,Combined TRACON& Tower with Radar,0,24,5,6,35,0,24,19,0,43,0,48,24,6,78,54,0,54,132
07/26/2010,LCH,LA,ASW,CE,Combined TRACON& Tower with Radar,2,18,7,0,27,0,27,5,0,32,2,45,12,0,59,0,0,0,59
07/27/2010,LCH,LA,ASW,CE,Combined TRACON& Tower with Radar,0,18,8,0,26,0,32,2,0,34,0,50,10,0,60,0,0,0,60
07/28/2010,LCH,LA,ASW,CE,Combined TRACON& Tower with Radar,0,16,7,9,32,0,28,14,1,43,0,44,21,10,75,16,6,22,97
07/29/2010,LCH,LA,ASW,CE,Combined TRACON& Tower with Radar,0,18,17,11,46,0,39,27,0,66,0,57,44,11,112,52,2,54,166
07/30/2010,LCH,LA,ASW,CE,Combined TRACON& Tower with Radar,0,17,1,15,33,0,28,29,0,57,0,45,30,15,90,34,18,52,142
07/31/2010,LCH,LA,ASW,CE,Combined TRACON& Tower with Radar,0,12,3,18,33,0,24,25,1,50,0,36,28,19,83,38,20,58,141
08/01/2010,LCH,LA,ASW,CE,Combined TRACON& Tower with Radar,1,16,3,52,72,0,36,24,2,62,1,52,27,54,134,16,12,28,162
08/02/2010,LCH,LA,ASW,CE,Combined TRACON& Tower with Radar,0,18,9,2,29,0,42,23,0,65,0,60,32,2,94,8,2,10,104
08/03/2010,LCH,LA,ASW,CE,Combined TRACON& Tower with Radar,0,14,8,12,34,0,37,23,1,61,0,51,31,13,95,32,4,36,131
08/04/2010,LCH,LA,ASW,CE,Combined TRACON& Tower with Radar,0,0,0,0,0,0,0,0,0,0,0,0,0,0,0,4,8,12,12
08/05/2010,LCH,LA,ASW,CE,Combined TRACON& Tower with Radar,0,18,8,3,29,0,35,29,0,64,0,53,37,3,93,4,2,6,99
08/06/2010,LCH,LA,ASW,CE,Combined TRACON& Tower with Radar,0,16,5,5,26,0,28,23,0,51,0,44,28,5,77,14,0,14,91
08/07/2010,LCH,LA,ASW,CE,Combined TRACON& Tower with Radar,0,12,8,13,33,0,25,11,2,38,0,37,19,15,71,34,6,40,111
08/08/2010,LCH,LA,ASW,CE,Combined TRACON& Tower with Radar,0,14,12,26,52,0,28,27,4,59,0,42,39,30,111,12,0,12,123
08/09/2010,LCH,LA,ASW,CE,Combined TRACON& Tower with Radar,0,15,4,13,32,0,29,17,0,46,0,44,21,13,78,8,12,20,98
08/10/2010,LCH,LA,ASW,CE,Combined TRACON& Tower with Radar,0,13,18,7,38,0,29,18,0,47,0,42,36,7,85,40,6,46,131
08/11/2010,LCH,LA,ASW,CE,Combined TRACON& Tower with Radar,0,16,2,11,29,0,46,16,0,62,0,62,18,11,91,38,4,42,133
08/12/2010,LCH,LA,ASW,CE,Combined TRACON& Tower with Radar,0,20,5,1,26,0,40,11,0,51,0,60,16,1,77,18,0,18,95
08/13/2010,LCH,LA,ASW,CE,Combined TRACON& Tower with Radar,0,19,12,2,33,0,36,22,0,58,0,55,34,2,91,12,2,14,105
08/14/2010,LCH,LA,ASW,CE,Combined TRACON& Tower with Radar,0,10,6,10,26,0,23,24,0,47,0,33,30,10,73,26,10,36,109
08/15/2010,LCH,LA,ASW,CE,Combined TRACON& Tower with Radar,0,14,21,0,35,0,33,18,0,51,0,47,39,0,86,22,0,22,108
08/16/2010,LCH,LA,ASW,CE,Combined TRACON& Tower with Radar,1,24,22,0,47,0,34,24,0,58,1,58,46,0,105,19,0,19,124
08/17/2010,LCH,LA,ASW,CE,Combined TRACON& Tower with Radar,0,14,3,9,26,0,34,19,0,53,0,48,22,9,79,19,4,23,102
08/18/2010,LCH,LA,ASW,CE,Combined TRACON& Tower with Radar,0,1,1,1,3,0,0,2,0,2,0,1,3,1,5,10,0,10,15
08/19/2010,LCH,LA,ASW,CE,Combined TRACON& Tower with Radar,0,21,13,0,34,0,38,19,0,57,0,59,32,0,91,6,0,6,97
08/20/2010,LCH,LA,ASW,CE,Combined TRACON& Tower with Radar,0,18,8,0,26,0,29,8,0,37,0,47,16,0,63,0,0,0,63
08/21/2010,LCH,LA,ASW,CE,Combined TRACON& Tower with Radar,0,11,4,2,17,0,23,28,0,51,0,34,32,2,68,50,0,50,118
08/22/2010,LCH,LA,ASW,CE,Combined TRACON& Tower with Radar,0,14,5,19,38,0,26,41,0,67,0,40,46,19,105,28,6,34,139
08/23/2010,LCH,LA,ASW,CE,Combined TRACON& Tower with Radar,0,12,10,8,30,0,32,15,0,47,0,44,25,8,77,26,8,34,111
08/24/2010,LCH,LA,ASW,CE,Combined TRACON& Tower with Radar,0,0,0,0,0,0,0,0,0,0,0,0,0,0,0,58,2,60,60
08/25/2010,LCH,LA,ASW,CE,Combined TRACON& Tower with Radar,0,14,6,8,28,0,37,10,1,48,0,51,16,9,76,0,8,8,84
08/26/2010,LCH,LA,ASW,CE,Combined TRACON& Tower with Radar,0,17,9,17,43,0,41,25,0,66,0,58,34,17,109,18,10,28,137
08/27/2010,LCH,LA,ASW,CE,Combined TRACON& Tower with Radar,0,16,16,8,40,0,33,8,0,41,0,49,24,8,81,56,6,62,143
08/28/2010,LCH,LA,ASW,CE,Combined TRACON& Tower with Radar,0,13,21,0,34,0,19,16,0,35,0,32,37,0,69,36,0,36,105
08/29/2010,LCH,LA,ASW,CE,Combined TRACON& Tower with Radar,0,16,23,12,51,0,20,17,2,39,0,36,40,14,90,42,0,42,132
08/30/2010,LCH,LA,ASW,CE,Combined TRACON& Tower with Radar,0,30,15,0,45,0,11,5,0,16,0,41,20,0,61,28,0,28,89
08/31/2010,LCH,LA,ASW,CE,Combined TRACON& Tower with Radar,0,25,9,4,38,0,29,20,1,50,0,54,29,5,88,78,0,78,166
09/01/2010,LCH,LA,ASW,CE,Combined TRACON& Tower with Radar,0,18,10,11,39,0,35,29,4,68,0,53,39,15,107,24,4,28,135
09/02/2010,LCH,LA,ASW,CE,Combined TRACON& Tower with Radar,0,18,18,9,45,0,36,25,0,61,0,54,43,9,106,4,4,8,114
09/03/2010,LCH,LA,ASW,CE,Combined TRACON& Tower with Radar,0,18,8,7,33,0,33,27,0,60,0,51,35,7,93,15,0,15,108
09/04/2010,LCH,LA,ASW,CE,Combined TRACON& Tower with Radar,0,12,4,0,16,0,17,39,0,56,0,29,43,0,72,16,0,16,88
09/05/2010,LCH,LA,ASW,CE,Combined TRACON& Tower with Radar,0,16,15,0,31,0,25,22,0,47,0,41,37,0,78,38,0,38,116
09/06/2010,LCH,LA,ASW,CE,Combined TRACON& Tower with Radar,0,18,12,4,34,0,23,19,0,42,0,41,31,4,76,68,4,72,148
09/07/2010,LCH,LA,ASW,CE,Combined TRACON& Tower with Radar,2,37,3,0,42,0,19,3,0,22,2,56,6,0,64,28,0,28,92
09/08/2010,LCH,LA,ASW,CE,Combined TRACON& Tower with Radar,0,34,15,6,55,0,37,7,0,44,0,71,22,6,99,52,0,52,151
09/09/2010,LCH,LA,ASW,CE,Combined TRACON& Tower with Radar,0,33,17,3,53,0,38,14,0,52,0,71,31,3,105,56,4,60,165
09/10/2010,LCH,LA,ASW,CE,Combined TRACON& Tower with Radar,2,18,13,2,35,0,27,20,0,47,2,45,33,2,82,6,0,6,88
09/11/2010,LCH,LA,ASW,CE,Combined TRACON& Tower with Radar,0,16,10,0,26,0,23,17,0,40,0,39,27,0,66,30,0,30,96
09/12/2010,LCH,LA,ASW,CE,Combined TRACON& Tower with Radar,0,22,20,0,42,0,26,11,0,37,0,48,31,0,79,16,0,16,95
09/13/2010,LCH,LA,ASW,CE,Combined TRACON& Tower with Radar,0,18,14,14,46,0,35,15,0,50,0,53,29,14,96,10,8,18,114
09/14/2010,LCH,LA,ASW,CE,Combined TRACON& Tower with Radar,0,24,7,12,43,0,29,26,1,56,0,53,33,13,99,40,11,51,150
09/15/2010,LCH,LA,ASW,CE,Combined TRACON& Tower with Radar,0,0,0,0,0,0,0,0,0,0,0,0,0,0,0,10,12,22,22
09/16/2010,LCH,LA,ASW,CE,Combined TRACON& Tower with Radar,0,17,11,1,29,0,48,27,0,75,0,65,38,1,104,42,2,44,148
09/17/2010,LCH,LA,ASW,CE,Combined TRACON& Tower with Radar,0,21,12,0,33,0,23,20,0,43,0,44,32,0,76,8,4,12,88
09/18/2010,LCH,LA,ASW,CE,Combined TRACON& Tower with Radar,0,17,9,3,29,0,25,29,0,54,0,42,38,3,83,20,6,26,109
09/19/2010,LCH,LA,ASW,CE,Combined TRACON& Tower with Radar,0,16,8,2,26,0,15,17,0,32,0,31,25,2,58,34,4,38,96
09/20/2010,LCH,LA,ASW,CE,Combined TRACON& Tower with Radar,0,20,7,8,35,0,32,23,1,56,0,52,30,9,91,30,6,36,127
09/21/2010,LCH,LA,ASW,CE,Combined TRACON& Tower with Radar,0,16,6,2,24,0,25,18,0,43,0,41,24,2,67,4,0,4,71
09/22/2010,LCH,LA,ASW,CE,Combined TRACON& Tower with Radar,0,20,8,3,31,0,35,14,0,49,0,55,22,3,80,0,2,2,82
09/23/2010,LCH,LA,ASW,CE,Combined TRACON& Tower with Radar,0,26,13,8,47,0,41,18,0,59,0,67,31,8,106,28,10,38,144
09/24/2010,LCH,LA,ASW,CE,Combined TRACON& Tower with Radar,0,24,21,7,52,0,33,15,0,48,0,57,36,7,100,100,6,106,206
09/25/2010,LCH,LA,ASW,CE,Combined TRACON& Tower with Radar,0,13,10,5,28,0,23,20,3,46,0,36,30,8,74,8,0,8,82
09/26/2010,LCH,LA,ASW,CE,Combined TRACON& Tower with Radar,0,15,5,10,30,0,26,17,2,45,0,41,22,12,75,0,0,0,75
09/27/2010,LCH,LA,ASW,CE,Combined TRACON& Tower with Radar,0,19,8,6,33,0,25,30,9,64,0,44,38,15,97,10,4,14,111
09/28/2010,LCH,LA,ASW,CE,Combined TRACON& Tower with Radar,0,16,7,3,26,0,35,23,0,58,0,51,30,3,84,4,12,16,100
09/29/2010,LCH,LA,ASW,CE,Combined TRACON& Tower with Radar,0,0,0,0,0,0,0,0,0,0,0,0,0,0,0,8,24,32,32
09/30/2010,LCH,LA,ASW,CE,Combined TRACON& Tower with Radar,0,17,10,7,34,0,25,25,0,50,0,42,35,7,84,18,0,18,102
10/01/2010,LCH,LA,ASW,CE,Combined TRACON& Tower with Radar,0,17,5,8,30,0,23,34,0,57,0,40,39,8,87,28,4,32,119
10/02/2010,LCH,LA,ASW,CE,Combined TRACON& Tower with Radar,0,12,14,2,28,0,17,31,0,48,0,29,45,2,76,26,0,26,102
10/03/2010,LCH,LA,ASW,CE,Combined TRACON& Tower with Radar,0,23,10,3,36,0,24,17,0,41,0,47,27,3,77,28,8,36,113
10/04/2010,LCH,LA,ASW,CE,Combined TRACON& Tower with Radar,0,36,8,0,44,0,0,0,0,0,0,36,8,0,44,36,0,36,80
10/05/2010,LCH,LA,ASW,CE,Combined TRACON& Tower with Radar,0,16,6,8,30,0,48,25,0,73,0,64,31,8,103,6,4,10,113
10/06/2010,LCH,LA,ASW,CE,Combined TRACON& Tower with Radar,0,20,9,16,45,0,47,18,0,65,0,67,27,16,110,68,12,80,190
10/07/2010,LCH,LA,ASW,CE,Combined TRACON& Tower with Radar,0,21,11,4,36,0,43,30,0,73,0,64,41,4,109,72,4,76,185
10/08/2010,LCH,LA,ASW,CE,Combined TRACON& Tower with Radar,0,0,0,0,0,0,0,0,0,0,0,0,0,0,0,24,16,40,40
10/09/2010,LCH,LA,ASW,CE,Combined TRACON& Tower with Radar,0,10,5,1,16,0,15,32,2,49,0,25,37,3,65,30,6,36,101
10/10/2010,LCH,LA,ASW,CE,Combined TRACON& Tower with Radar,0,17,19,22,58,0,16,22,8,46,0,33,41,30,104,12,0,12,116
10/11/2010,LCH,LA,ASW,CE,Combined TRACON& Tower with Radar,0,18,4,1,23,0,23,22,4,49,0,41,26,5,72,128,0,128,200
10/12/2010,LCH,LA,ASW,CE,Combined TRACON& Tower with Radar,0,16,8,0,24,0,25,22,0,47,0,41,30,0,71,150,0,150,221
10/13/2010,LCH,LA,ASW,CE,Combined TRACON& Tower with Radar,0,20,3,17,40,0,34,23,0,57,0,54,26,17,97,164,16,180,277
10/14/2010,LCH,LA,ASW,CE,Combined TRACON& Tower with Radar,0,19,11,16,46,0,39,35,1,75,0,58,46,17,121,144,20,164,285
10/15/2010,LCH,LA,ASW,CE,Combined TRACON& Tower with Radar,0,19,20,30,69,0,29,51,10,90,0,48,71,40,159,90,20,110,269
10/16/2010,LCH,LA,ASW,CE,Combined TRACON& Tower with Radar,0,20,6,1,27,0,19,33,0,52,0,39,39,1,79,56,2,58,137
10/17/2010,LCH,LA,ASW,CE,Combined TRACON& Tower with Radar,0,15,20,31,66,0,42,36,2,80,0,57,56,33,146,20,2,22,168
10/18/2010,LCH,LA,ASW,CE,Combined TRACON& Tower with Radar,0,17,17,2,36,0,39,13,2,54,0,56,30,4,90,68,2,70,160
10/19/2010,LCH,LA,ASW,CE,Combined TRACON& Tower with Radar,0,15,7,22,44,0,34,16,1,51,0,49,23,23,95,44,16,60,155
10/20/2010,LCH,LA,ASW,CE,Combined TRACON& Tower with Radar,0,0,0,0,0,0,0,0,0,0,0,0,0,0,0,50,0,50,50
10/21/2010,LCH,LA,ASW,CE,Combined TRACON& Tower with Radar,0,0,1,0,1,0,3,9,0,12,0,3,10,0,13,14,16,30,43
10/22/2010,LCH,LA,ASW,CE,Combined TRACON& Tower with Radar,0,22,16,7,45,0,12,14,0,26,0,34,30,7,71,44,4,48,119
10/23/2010,LCH,LA,ASW,CE,Combined TRACON& Tower with Radar,0,6,14,6,26,0,11,22,0,33,0,17,36,6,59,24,12,36,95
10/24/2010,LCH,LA,ASW,CE,Combined TRACON& Tower with Radar,0,16,16,48,80,0,32,17,2,51,0,48,33,50,131,0,28,28,159
10/25/2010,LCH,LA,ASW,CE,Combined TRACON& Tower with Radar,0,18,7,18,43,0,34,8,0,42,0,52,15,18,85,56,18,74,159
10/26/2010,LCH,LA,ASW,CE,Combined TRACON& Tower with Radar,0,16,10,1,27,0,23,5,0,28,0,39,15,1,55,12,2,14,69
10/27/2010,LCH,LA,ASW,CE,Combined TRACON& Tower with Radar,0,24,14,4,42,0,26,14,0,40,0,50,28,4,82,26,2,28,110
10/28/2010,LCH,LA,ASW,CE,Combined TRACON& Tower with Radar,0,18,12,6,36,0,22,17,0,39,0,40,29,6,75,6,0,6,81
10/29/2010,LCH,LA,ASW,CE,Combined TRACON& Tower with Radar,0,19,4,7,30,0,26,25,6,57,0,45,29,13,87,120,6,126,213
10/30/2010,LCH,LA,ASW,CE,Combined TRACON& Tower with Radar,0,17,21,0,38,0,18,39,0,57,0,35,60,0,95,70,0,70,165
10/31/2010,LCH,LA,ASW,CE,Combined TRACON& Tower with Radar,0,21,6,3,30,0,19,31,2,52,0,40,37,5,82,18,2,20,102
11/01/2010,LCH,LA,ASW,CE,Combined TRACON& Tower with Radar,0,22,9,1,32,0,24,11,0,35,0,46,20,1,67,16,0,16,83
11/02/2010,LCH,LA,ASW,CE,Combined TRACON& Tower with Radar,0,18,17,3,38,0,9,4,0,13,0,27,21,3,51,48,4,52,103
11/03/2010,LCH,LA,ASW,CE,Combined TRACON& Tower with Radar,0,32,10,1,43,0,15,2,0,17,0,47,12,1,60,16,0,16,76
11/04/2010,LCH,LA,ASW,CE,Combined TRACON& Tower with Radar,0,22,18,16,56,0,33,21,0,54,0,55,39,16,110,47,12,59,169
11/05/2010,LCH,LA,ASW,CE,Combined TRACON& Tower with Radar,0,22,13,10,45,0,20,23,0,43,0,42,36,10,88,64,2,66,154
11/06/2010,LCH,LA,ASW,CE,Combined TRACON& Tower with Radar,0,16,3,8,27,0,19,34,0,53,0,35,37,8,80,90,6,96,176
11/07/2010,LCH,LA,ASW,CE,Combined TRACON& Tower with Radar,0,38,17,28,83,0,21,49,1,71,0,59,66,29,154,82,6,88,242
11/08/2010,LCH,LA,ASW,CE,Combined TRACON& Tower with Radar,0,47,12,5,64,0,30,33,0,63,0,77,45,5,127,106,6,112,239
11/09/2010,LCH,LA,ASW,CE,Combined TRACON& Tower with Radar,0,18,17,10,45,0,31,19,0,50,0,49,36,10,95,94,10,104,199
11/10/2010,LCH,LA,ASW,CE,Combined TRACON& Tower with Radar,0,15,14,6,35,0,39,20,2,61,0,54,34,8,96,148,2,150,246
11/11/2010,LCH,LA,ASW,CE,Combined TRACON& Tower with Radar,0,29,28,0,57,0,38,21,1,60,0,67,49,1,117,120,0,120,237
11/12/2010,LCH,LA,ASW,CE,Combined TRACON& Tower with Radar,0,37,23,19,79,0,29,23,0,52,0,66,46,19,131,102,32,134,265
11/13/2010,LCH,LA,ASW,CE,Combined TRACON& Tower with Radar,0,17,17,0,34,0,9,6,0,15,0,26,23,0,49,64,0,64,113
11/14/2010,LCH,LA,ASW,CE,Combined TRACON& Tower with Radar,0,25,25,24,74,0,21,15,4,40,0,46,40,28,114,34,14,48,162
11/15/2010,LCH,LA,ASW,CE,Combined TRACON& Tower with Radar,0,34,20,4,58,0,18,8,0,26,0,52,28,4,84,44,0,44,128
11/16/2010,LCH,LA,ASW,CE,Combined TRACON& Tower with Radar,0,24,25,22,71,0,30,16,0,46,0,54,41,22,117,68,22,90,207
11/17/2010,LCH,LA,ASW,CE,Combined TRACON& Tower with Radar,0,23,32,11,66,0,48,13,0,61,0,71,45,11,127,70,10,80,207
11/18/2010,LCH,LA,ASW,CE,Combined TRACON& Tower with Radar,0,18,18,36,72,0,39,24,2,65,0,57,42,38,137,42,26,68,205
11/19/2010,LCH,LA,ASW,CE,Combined TRACON& Tower with Radar,0,33,26,21,80,0,4,10,1,15,0,37,36,22,95,8,8,16,111
11/20/2010,LCH,LA,ASW,CE,Combined TRACON& Tower with Radar,0,18,8,0,26,0,20,25,0,45,0,38,33,0,71,46,2,48,119
11/21/2010,LCH,LA,ASW,CE,Combined TRACON& Tower with Radar,0,20,31,27,78,0,14,27,8,49,0,34,58,35,127,63,10,73,200
11/22/2010,LCH,LA,ASW,CE,Combined TRACON& Tower with Radar,0,19,13,0,32,0,32,12,1,45,0,51,25,1,77,28,0,28,105
11/23/2010,LCH,LA,ASW,CE,Combined TRACON& Tower with Radar,0,22,18,6,46,0,17,12,3,32,0,39,30,9,78,30,2,32,110
11/24/2010,LCH,LA,ASW,CE,Combined TRACON& Tower with Radar,0,26,6,9,41,0,28,15,0,43,0,54,21,9,84,18,0,18,102
11/25/2010,LCH,LA,ASW,CE,Combined TRACON& Tower with Radar,0,13,9,0,22,0,23,2,0,25,0,36,11,0,47,2,0,2,49
11/26/2010,LCH,LA,ASW,CE,Combined TRACON& Tower with Radar,0,18,9,0,27,0,5,5,0,10,0,23,14,0,37,6,0,6,43
11/27/2010,LCH,LA,ASW,CE,Combined TRACON& Tower with Radar,0,17,7,0,24,0,18,24,0,42,0,35,31,0,66,40,0,40,106
11/28/2010,LCH,LA,ASW,CE,Combined TRACON& Tower with Radar,0,15,9,0,24,0,21,15,0,36,0,36,24,0,60,45,0,45,105
11/29/2010,LCH,LA,ASW,CE,Combined TRACON& Tower with Radar,0,30,10,2,42,0,21,1,0,22,0,51,11,2,64,34,0,34,98
11/30/2010,LCH,LA,ASW,CE,Combined TRACON& Tower with Radar,0,17,14,15,46,0,22,8,0,30,0,39,22,15,76,18,14,32,108
12/01/2010,LCH,LA,ASW,CE,Combined TRACON& Tower with Radar,0,16,22,6,44,0,4,62,0,66,0,20,84,6,110,0,0,0,110
12/02/2010,LCH,LA,ASW,CE,Combined TRACON& Tower with Radar,0,16,25,2,43,0,3,77,0,80,0,19,102,2,123,70,10,80,203
12/03/2010,LCH,LA,ASW,CE,Combined TRACON& Tower with Radar,0,19,27,17,63,0,0,50,0,50,0,19,77,17,113,46,20,66,179
12/04/2010,LCH,LA,ASW,CE,Combined TRACON& Tower with Radar,0,20,17,8,45,0,7,41,1,49,0,27,58,9,94,80,20,100,194
12/05/2010,LCH,LA,ASW,CE,Combined TRACON& Tower with Radar,0,14,14,3,31,0,2,35,0,37,0,16,49,3,68,72,6,78,146
12/06/2010,LCH,LA,ASW,CE,Combined TRACON& Tower with Radar,0,19,15,2,36,0,0,60,0,60,0,19,75,2,96,40,2,42,138
12/07/2010,LCH,LA,ASW,CE,Combined TRACON& Tower with Radar,0,15,22,2,39,0,6,53,0,59,0,21,75,2,98,54,2,56,154
12/08/2010,LCH,LA,ASW,CE,Combined TRACON& Tower with Radar,0,22,23,8,53,0,4,61,0,65,0,26,84,8,118,62,58,120,238
12/09/2010,LCH,LA,ASW,CE,Combined TRACON& Tower with Radar,0,17,23,2,42,0,0,64,0,64,0,17,87,2,106,40,6,46,152
12/10/2010,LCH,LA,ASW,CE,Combined TRACON& Tower with Radar,0,18,19,4,41,0,8,50,0,58,0,26,69,4,99,100,10,110,209
12/11/2010,LCH,LA,ASW,CE,Combined TRACON& Tower with Radar,0,10,3,3,16,0,5,21,0,26,0,15,24,3,42,4,4,8,50
12/12/2010,LCH,LA,ASW,CE,Combined TRACON& Tower with Radar,0,14,6,15,35,0,5,30,0,35,0,19,36,15,70,4,14,18,88
12/13/2010,LCH,LA,ASW,CE,Combined TRACON& Tower with Radar,0,17,19,2,38,0,6,59,1,66,0,23,78,3,104,28,14,42,146
12/14/2010,LCH,LA,ASW,CE,Combined TRACON& Tower with Radar,0,16,18,6,40,0,3,46,0,49,0,19,64,6,89,36,8,44,133
12/15/2010,LCH,LA,ASW,CE,Combined TRACON& Tower with Radar,0,15,25,10,50,0,4,55,1,60,0,19,80,11,110,56,14,70,180
12/16/2010,LCH,LA,ASW,CE,Combined TRACON& Tower with Radar,0,18,29,10,57,0,8,69,0,77,0,26,98,10,134,20,24,44,178
12/17/2010,LCH,LA,ASW,CE,Combined TRACON& Tower with Radar,0,27,22,2,51,0,5,41,0,46,0,32,63,2,97,28,0,28,125
12/18/2010,LCH,LA,ASW,CE,Combined TRACON& Tower with Radar,0,15,23,3,41,0,2,50,0,52,0,17,73,3,93,31,0,31,124
12/19/2010,LCH,LA,ASW,CE,Combined TRACON& Tower with Radar,0,18,27,2,47,0,1,54,0,55,0,19,81,2,102,60,2,62,164
12/20/2010,LCH,LA,ASW,CE,Combined TRACON& Tower with Radar,0,17,25,0,42,0,2,57,0,59,0,19,82,0,101,68,0,68,169
12/21/2010,LCH,LA,ASW,CE,Combined TRACON& Tower with Radar,0,17,30,2,49,0,4,49,0,53,0,21,79,2,102,40,2,42,144
12/22/2010,LCH,LA,ASW,CE,Combined TRACON& Tower with Radar,0,22,7,6,35,0,0,32,0,32,0,22,39,6,67,88,8,96,163
12/23/2010,LCH,LA,ASW,CE,Combined TRACON& Tower with Radar,0,19,12,0,31,0,0,63,0,63,0,19,75,0,94,20,0,20,114
12/24/2010,LCH,LA,ASW,CE,Combined TRACON& Tower with Radar,0,13,25,0,38,0,1,48,0,49,0,14,73,0,87,14,0,14,101
12/25/2010,LCH,LA,ASW,CE,Combined TRACON& Tower with Radar,0,11,1,0,12,0,3,9,0,12,0,14,10,0,24,0,0,0,24
12/26/2010,LCH,LA,ASW,CE,Combined TRACON& Tower with Radar,0,13,10,0,23,0,2,49,0,51,0,15,59,0,74,30,0,30,104
12/27/2010,LCH,LA,ASW,CE,Combined TRACON& Tower with Radar,0,16,18,0,34,0,1,52,0,53,0,17,70,0,87,14,0,14,101
12/28/2010,LCH,LA,ASW,CE,Combined TRACON& Tower with Radar,0,18,17,0,35,0,2,41,2,45,0,20,58,2,80,22,0,22,102
12/29/2010,LCH,LA,ASW,CE,Combined TRACON& Tower with Radar,0,16,12,0,28,0,0,22,0,22,0,16,34,0,50,24,0,24,74
12/30/2010,LCH,LA,ASW,CE,Combined TRACON& Tower with Radar,0,19,10,0,29,0,4,61,0,65,0,23,71,0,94,12,0,12,106
12/31/2010,LCH,LA,ASW,CE,Combined TRACON& Tower with Radar,0,17,11,0,28,0,0,8,0,8,0,17,19,0,36,2,0,2,38
01/01/2011,LCH,LA,ASW,CE,Combined TRACON& Tower with Radar,0,13,4,0,17,0,1,35,0,36,0,14,39,0,53,8,0,8,61
01/02/2011,LCH,LA,ASW,CE,Combined TRACON& Tower with Radar,3,17,13,0,33,0,3,47,0,50,3,20,60,0,83,14,0,14,97
01/03/2011,LCH,LA,ASW,CE,Combined TRACON& Tower with Radar,0,16,20,0,36,0,5,69,0,74,0,21,89,0,110,46,0,46,156
01/04/2011,LCH,LA,ASW,CE,Combined TRACON& Tower with Radar,0,14,20,0,34,0,3,45,0,48,0,17,65,0,82,68,0,68,150
01/05/2011,LCH,LA,ASW,CE,Combined TRACON& Tower with Radar,0,25,28,0,53,0,1,38,0,39,0,26,66,0,92,26,6,32,124
01/06/2011,LCH,LA,ASW,CE,Combined TRACON& Tower with Radar,2,17,32,6,57,0,4,79,4,87,2,21,111,10,144,20,6,26,170
01/07/2011,LCH,LA,ASW,CE,Combined TRACON& Tower with Radar,0,16,28,26,70,0,2,82,0,84,0,18,110,26,154,64,22,86,240
01/08/2011,LCH,LA,ASW,CE,Combined TRACON& Tower with Radar,0,11,29,0,40,0,4,50,0,54,0,15,79,0,94,20,0,20,114
01/09/2011,LCH,LA,ASW,CE,Combined TRACON& Tower with Radar,0,16,7,0,23,0,0,1,0,1,0,16,8,0,24,2,0,2,26
01/10/2011,LCH,LA,ASW,CE,Combined TRACON& Tower with Radar,0,27,26,26,79,0,0,21,0,21,0,27,47,26,100,28,30,58,158
01/11/2011,LCH,LA,ASW,CE,Combined TRACON& Tower with Radar,0,16,19,0,35,0,4,30,0,34,0,20,49,0,69,24,6,30,99
01/12/2011,LCH,LA,ASW,CE,Combined TRACON& Tower with Radar,0,26,24,6,56,0,4,72,1,77,0,30,96,7,133,36,6,42,175
01/13/2011,LCH,LA,ASW,CE,Combined TRACON& Tower with Radar,0,18,13,2,33,0,3,75,0,78,0,21,88,2,111,30,0,30,141
01/14/2011,LCH,LA,ASW,CE,Combined TRACON& Tower with Radar,0,14,21,9,44,0,8,52,2,62,0,22,73,11,106,36,8,44,150
01/15/2011,LCH,LA,ASW,CE,Combined TRACON& Tower with Radar,0,12,15,0,27,0,3,46,0,49,0,15,61,0,76,28,0,28,104
01/16/2011,LCH,LA,ASW,CE,Combined TRACON& Tower with Radar,0,24,16,2,42,0,0,16,0,16,0,24,32,2,58,2,0,2,60
01/17/2011,LCH,LA,ASW,CE,Combined TRACON& Tower with Radar,0,28,15,3,46,0,2,33,0,35,0,30,48,3,81,20,4,24,105
01/18/2011,LCH,LA,ASW,CE,Combined TRACON& Tower with Radar,0,18,7,0,25,0,8,25,0,33,0,26,32,0,58,20,0,20,78
01/19/2011,LCH,LA,ASW,CE,Combined TRACON& Tower with Radar,0,20,27,6,53,0,2,84,0,86,0,22,111,6,139,70,12,82,221
01/20/2011,LCH,LA,ASW,CE,Combined TRACON& Tower with Radar,0,18,20,4,42,0,6,51,0,57,0,24,71,4,99,34,6,40,139
01/21/2011,LCH,LA,ASW,CE,Combined TRACON& Tower with Radar,0,23,25,14,62,0,0,58,0,58,0,23,83,14,120,94,20,114,234
01/22/2011,LCH,LA,ASW,CE,Combined TRACON& Tower with Radar,0,12,12,2,26,0,3,75,0,78,0,15,87,2,104,88,0,88,192
01/23/2011,LCH,LA,ASW,CE,Combined TRACON& Tower with Radar,0,14,22,10,46,0,2,63,1,66,0,16,85,11,112,18,0,18,130
01/24/2011,LCH,LA,ASW,CE,Combined TRACON& Tower with Radar,0,19,10,3,32,0,0,10,0,10,0,19,20,3,42,6,0,6,48
01/25/2011,LCH,LA,ASW,CE,Combined TRACON& Tower with Radar,0,27,19,6,52,0,1,33,0,34,0,28,52,6,86,16,14,30,116
01/26/2011,LCH,LA,ASW,CE,Combined TRACON& Tower with Radar,0,14,22,2,38,0,1,92,0,93,0,15,114,2,131,28,6,34,165
01/27/2011,LCH,LA,ASW,CE,Combined TRACON& Tower with Radar,0,20,30,4,54,0,2,84,0,86,0,22,114,4,140,80,8,88,228
01/28/2011,LCH,LA,ASW,CE,Combined TRACON& Tower with Radar,0,21,32,12,65,0,2,72,0,74,0,23,104,12,139,74,22,96,235
01/29/2011,LCH,LA,ASW,CE,Combined TRACON& Tower with Radar,0,22,11,0,33,0,0,47,0,47,0,22,58,0,80,28,0,28,108
01/30/2011,LCH,LA,ASW,CE,Combined TRACON& Tower with Radar,0,15,6,2,23,0,0,11,0,11,0,15,17,2,34,0,14,14,48
01/31/2011,LCH,LA,ASW,CE,Combined TRACON& Tower with Radar,0,20,23,3,46,0,1,36,0,37,0,21,59,3,83,18,0,18,101
02/01/2011,LCH,LA,ASW,CE,Combined TRACON& Tower with Radar,0,21,13,0,34,0,1,17,1,19,0,22,30,1,53,6,4,10,63
02/02/2011,LCH,LA,ASW,CE,Combined TRACON& Tower with Radar,0,18,19,29,66,0,4,72,0,76,0,22,91,29,142,44,28,72,214
02/03/2011,LCH,LA,ASW,CE,Combined TRACON& Tower with Radar,0,8,4,0,12,0,0,9,0,9,0,8,13,0,21,12,0,12,33
02/04/2011,LCH,LA,ASW,CE,Combined TRACON& Tower with Radar,0,7,6,0,13,0,0,0,0,0,0,7,6,0,13,0,0,0,13
02/05/2011,LCH,LA,ASW,CE,Combined TRACON& Tower with Radar,0,10,28,0,38,0,4,79,0,83,0,14,107,0,121,44,0,44,165
02/06/2011,LCH,LA,ASW,CE,Combined TRACON& Tower with Radar,2,14,10,0,26,0,4,41,0,45,2,18,51,0,71,42,0,42,113
02/07/2011,LCH,LA,ASW,CE,Combined TRACON& Tower with Radar,0,19,27,10,56,0,3,49,0,52,0,22,76,10,108,14,12,26,134
02/08/2011,LCH,LA,ASW,CE,Combined TRACON& Tower with Radar,0,13,20,6,39,0,4,52,0,56,0,17,72,6,95,24,8,32,127
02/09/2011,LCH,LA,ASW,CE,Combined TRACON& Tower with Radar,0,20,0,0,20,0,2,29,0,31,0,22,29,0,51,10,0,10,61
02/10/2011,LCH,LA,ASW,CE,Combined TRACON& Tower with Radar,0,20,14,2,36,0,3,79,0,82,0,23,93,2,118,16,4,20,138
02/11/2011,LCH,LA,ASW,CE,Combined TRACON& Tower with Radar,0,17,20,4,41,0,2,67,0,69,0,19,87,4,110,84,0,84,194
02/12/2011,LCH,LA,ASW,CE,Combined TRACON& Tower with Radar,0,14,33,8,55,0,6,81,1,88,0,20,114,9,143,102,14,116,259
02/13/2011,LCH,LA,ASW,CE,Combined TRACON& Tower with Radar,0,14,21,16,51,0,1,52,0,53,0,15,73,16,104,34,10,44,148
02/14/2011,LCH,LA,ASW,CE,Combined TRACON& Tower with Radar,0,20,14,12,46,0,2,57,0,59,0,22,71,12,105,32,12,44,149
02/15/2011,LCH,LA,ASW,CE,Combined TRACON& Tower with Radar,0,18,23,10,51,0,4,75,0,79,0,22,98,10,130,52,16,68,198
02/16/2011,LCH,LA,ASW,CE,Combined TRACON& Tower with Radar,0,16,16,6,38,0,6,64,0,70,0,22,80,6,108,18,8,26,134
02/17/2011,LCH,LA,ASW,CE,Combined TRACON& Tower with Radar,0,17,29,8,54,0,0,58,0,58,0,17,87,8,112,40,6,46,158
02/18/2011,LCH,LA,ASW,CE,Combined TRACON& Tower with Radar,0,24,18,16,58,0,5,41,2,48,0,29,59,18,106,42,8,50,156
02/19/2011,LCH,LA,ASW,CE,Combined TRACON& Tower with Radar,0,13,29,0,42,0,1,21,0,22,0,14,50,0,64,18,0,18,82
02/20/2011,LCH,LA,ASW,CE,Combined TRACON& Tower with Radar,0,17,20,9,46,0,3,35,0,38,0,20,55,9,84,6,10,16,100
02/21/2011,LCH,LA,ASW,CE,Combined TRACON& Tower with Radar,0,21,6,1,28,0,6,33,2,41,0,27,39,3,69,18,0,18,87
02/22/2011,LCH,LA,ASW,CE,Combined TRACON& Tower with Radar,0,19,19,2,40,0,5,16,0,21,0,24,35,2,61,80,4,84,145
02/23/2011,LCH,LA,ASW,CE,Combined TRACON& Tower with Radar,0,24,19,8,51,0,1,24,0,25,0,25,43,8,76,26,8,34,110
02/24/2011,LCH,LA,ASW,CE,Combined TRACON& Tower with Radar,0,18,10,0,28,0,1,26,0,27,0,19,36,0,55,76,0,76,131
02/25/2011,LCH,LA,ASW,CE,Combined TRACON& Tower with Radar,0,19,28,12,59,0,3,45,0,48,0,22,73,12,107,36,10,46,153
02/26/2011,LCH,LA,ASW,CE,Combined TRACON& Tower with Radar,0,22,23,0,45,0,1,42,0,43,0,23,65,0,88,82,0,82,170
02/27/2011,LCH,LA,ASW,CE,Combined TRACON& Tower with Radar,0,16,8,0,24,0,1,27,0,28,0,17,35,0,52,40,0,40,92
02/28/2011,LCH,LA,ASW,CE,Combined TRACON& Tower with Radar,0,18,18,2,38,0,2,54,3,59,0,20,72,5,97,62,0,62,159
03/01/2011,LCH,LA,ASW,CE,Combined TRACON& Tower with Radar,0,15,30,1,46,0,5,79,1,85,0,20,109,2,131,56,10,66,197
03/02/2011,LCH,LA,ASW,CE,Combined TRACON& Tower with Radar,0,15,18,6,39,0,6,72,0,78,0,21,90,6,117,12,16,28,145
03/03/2011,LCH,LA,ASW,CE,Combined TRACON& Tower with Radar,0,28,23,14,65,0,3,71,0,74,0,31,94,14,139,12,18,30,169
03/04/2011,LCH,LA,ASW,CE,Combined TRACON& Tower with Radar,0,21,25,8,54,0,0,42,0,42,0,21,67,8,96,24,6,30,126
03/05/2011,LCH,LA,ASW,CE,Combined TRACON& Tower with Radar,0,17,8,0,25,0,1,7,0,8,0,18,15,0,33,4,0,4,37
03/06/2011,LCH,LA,ASW,CE,Combined TRACON& Tower with Radar,0,15,24,15,54,0,4,58,0,62,0,19,82,15,116,24,0,24,140
03/07/2011,LCH,LA,ASW,CE,Combined TRACON& Tower with Radar,0,19,25,6,50,0,7,65,0,72,0,26,90,6,122,60,6,66,188
03/08/2011,LCH,LA,ASW,CE,Combined TRACON& Tower with Radar,0,22,4,0,26,0,0,4,0,4,0,22,8,0,30,2,0,2,32
03/09/2011,LCH,LA,ASW,CE,Combined TRACON& Tower with Radar,0,25,18,0,43,0,2,47,0,49,0,27,65,0,92,94,2,96,188
03/10/2011,LCH,LA,ASW,CE,Combined TRACON& Tower with Radar,0,19,17,4,40,0,3,72,0,75,0,22,89,4,115,8,4,12,127
03/11/2011,LCH,LA,ASW,CE,Combined TRACON& Tower with Radar,0,19,16,28,63,0,2,60,2,64,0,21,76,30,127,18,28,46,173
03/12/2011,LCH,LA,ASW,CE,Combined TRACON& Tower with Radar,0,13,6,4,23,0,8,33,2,43,0,21,39,6,66,56,6,62,128
03/13/2011,LCH,LA,ASW,CE,Combined TRACON& Tower with Radar,0,15,18,16,49,0,4,50,0,54,0,19,68,16,103,52,14,66,169
03/14/2011,LCH,LA,ASW,CE,Combined TRACON& Tower with Radar,0,12,16,0,28,0,0,25,1,26,0,12,41,1,54,56,0,56,110
03/15/2011,LCH,LA,ASW,CE,Combined TRACON& Tower with Radar,0,14,24,9,47,0,1,88,0,89,0,15,112,9,136,96,6,102,238
03/16/2011,LCH,LA,ASW,CE,Combined TRACON& Tower with Radar,0,15,19,2,36,0,4,68,0,72,0,19,87,2,108,64,2,66,174
03/17/2011,LCH,LA,ASW,CE,Combined TRACON& Tower with Radar,0,20,24,9,53,0,7,74,0,81,0,27,98,9,134,50,12,62,196
03/18/2011,LCH,LA,ASW,CE,Combined TRACON& Tower with Radar,0,17,24,2,43,0,7,30,0,37,0,24,54,2,80,76,4,80,160
03/19/2011,LCH,LA,ASW,CE,Combined TRACON& Tower with Radar,0,12,9,5,26,0,2,45,1,48,0,14,54,6,74,42,4,46,120
03/20/2011,LCH,LA,ASW,CE,Combined TRACON& Tower with Radar,0,15,12,6,33,0,4,24,0,28,0,19,36,6,61,34,0,34,95
03/21/2011,LCH,LA,ASW,CE,Combined TRACON& Tower with Radar,0,14,23,4,41,0,8,48,0,56,0,22,71,4,97,84,4,88,185
03/22/2011,LCH,LA,ASW,CE,Combined TRACON& Tower with Radar,0,17,13,0,30,0,3,40,0,43,0,20,53,0,73,22,0,22,95
03/23/2011,LCH,LA,ASW,CE,Combined TRACON& Tower with Radar,0,21,40,3,64,0,4,48,0,52,0,25,88,3,116,58,28,86,202
03/24/2011,LCH,LA,ASW,CE,Combined TRACON& Tower with Radar,0,17,31,4,52,0,2,83,0,85,0,19,114,4,137,108,8,116,253
03/25/2011,LCH,LA,ASW,CE,Combined TRACON& Tower with Radar,0,21,28,7,56,0,4,48,0,52,0,25,76,7,108,74,26,100,208
03/26/2011,LCH,LA,ASW,CE,Combined TRACON& Tower with Radar,0,16,16,2,34,0,4,48,0,52,0,20,64,2,86,50,2,52,138
03/27/2011,LCH,LA,ASW,CE,Combined TRACON& Tower with Radar,0,22,18,6,46,0,4,32,1,37,0,26,50,7,83,98,6,104,187
03/28/2011,LCH,LA,ASW,CE,Combined TRACON& Tower with Radar,0,17,29,9,55,0,6,51,0,57,0,23,80,9,112,84,14,98,210
03/29/2011,LCH,LA,ASW,CE,Combined TRACON& Tower with Radar,0,20,38,4,62,0,4,42,0,46,0,24,80,4,108,38,10,48,156
03/30/2011,LCH,LA,ASW,CE,Combined TRACON& Tower with Radar,0,20,13,18,51,0,3,50,0,53,0,23,63,18,104,50,12,62,166
03/31/2011,LCH,LA,ASW,CE,Combined TRACON& Tower with Radar,0,17,27,13,57,0,6,68,0,74,0,23,95,13,131,38,22,60,191
04/01/2011,LCH,LA,ASW,CE,Combined TRACON& Tower with Radar,0,22,22,6,50,0,3,63,1,67,0,25,85,7,117,16,8,24,141
04/02/2011,LCH,LA,ASW,CE,Combined TRACON& Tower with Radar,0,11,21,4,36,0,5,47,0,52,0,16,68,4,88,54,2,56,144
04/03/2011,LCH,LA,ASW,CE,Combined TRACON& Tower with Radar,0,21,5,10,36,0,3,40,0,43,0,24,45,10,79,4,8,12,91
04/04/2011,LCH,LA,ASW,CE,Combined TRACON& Tower with Radar,2,20,9,0,31,0,1,13,0,14,2,21,22,0,45,6,0,6,51
04/05/2011,LCH,LA,ASW,CE,Combined TRACON& Tower with Radar,0,16,25,9,50,0,5,76,0,81,0,21,101,9,131,44,6,50,181
04/06/2011,LCH,LA,ASW,CE,Combined TRACON& Tower with Radar,0,16,12,4,32,0,3,61,1,65,0,19,73,5,97,20,10,30,127
04/07/2011,LCH,LA,ASW,CE,Combined TRACON& Tower with Radar,0,17,30,5,52,0,3,84,0,87,0,20,114,5,139,40,8,48,187
04/08/2011,LCH,LA,ASW,CE,Combined TRACON& Tower with Radar,2,19,28,10,59,0,5,50,0,55,2,24,78,10,114,6,8,14,128
04/09/2011,LCH,LA,ASW,CE,Combined TRACON& Tower with Radar,0,12,11,2,25,0,8,57,0,65,0,20,68,2,90,94,4,98,188
04/10/2011,LCH,LA,ASW,CE,Combined TRACON& Tower with Radar,0,16,13,0,29,0,2,23,0,25,0,18,36,0,54,8,0,8,62
04/11/2011,LCH,LA,ASW,CE,Combined TRACON& Tower with Radar,0,16,11,4,31,0,1,60,1,62,0,17,71,5,93,20,4,24,117
04/12/2011,LCH,LA,ASW,CE,Combined TRACON& Tower with Radar,0,14,19,19,52,0,5,68,0,73,0,19,87,19,125,54,22,76,201
04/13/2011,LCH,LA,ASW,CE,Combined TRACON& Tower with Radar,0,16,13,2,31,0,3,87,0,90,0,19,100,2,121,44,4,48,169
04/14/2011,LCH,LA,ASW,CE,Combined TRACON& Tower with Radar,0,18,25,5,48,0,3,66,0,69,0,21,91,5,117,58,16,74,191
04/15/2011,LCH,LA,ASW,CE,Combined TRACON& Tower with Radar,0,15,15,4,34,0,3,43,0,46,0,18,58,4,80,20,20,40,120
04/16/2011,LCH,LA,ASW,CE,Combined TRACON& Tower with Radar,0,13,28,2,43,0,0,50,0,50,0,13,78,2,93,28,2,30,123
04/17/2011,LCH,LA,ASW,CE,Combined TRACON& Tower with Radar,0,16,11,0,27,0,6,53,0,59,0,22,64,0,86,14,0,14,100
04/18/2011,LCH,LA,ASW,CE,Combined TRACON& Tower with Radar,0,18,13,5,36,0,5,63,1,69,0,23,76,6,105,8,24,32,137
04/19/2011,LCH,LA,ASW,CE,Combined TRACON& Tower with Radar,0,16,8,8,32,0,5,47,0,52,0,21,55,8,84,12,6,18,102
04/20/2011,LCH,LA,ASW,CE,Combined TRACON& Tower with Radar,0,17,15,8,40,0,1,71,1,73,0,18,86,9,113,46,12,58,171
04/21/2011,LCH,LA,ASW,CE,Combined TRACON& Tower with Radar,0,17,14,0,31,0,4,66,0,70,0,21,80,0,101,2,0,2,103
04/22/2011,LCH,LA,ASW,CE,Combined TRACON& Tower with Radar,0,16,21,0,37,0,5,54,0,59,0,21,75,0,96,28,2,30,126
04/23/2011,LCH,LA,ASW,CE,Combined TRACON& Tower with Radar,0,18,14,0,32,0,1,38,0,39,0,19,52,0,71,22,0,22,93
04/24/2011,LCH,LA,ASW,CE,Combined TRACON& Tower with Radar,0,23,4,0,27,0,2,26,0,28,0,25,30,0,55,10,0,10,65
04/25/2011,LCH,LA,ASW,CE,Combined TRACON& Tower with Radar,0,18,8,12,38,0,2,56,0,58,0,20,64,12,96,44,8,52,148
04/26/2011,LCH,LA,ASW,CE,Combined TRACON& Tower with Radar,0,24,6,2,32,0,0,56,0,56,0,24,62,2,88,16,4,20,108
04/27/2011,LCH,LA,ASW,CE,Combined TRACON& Tower with Radar,0,20,6,0,26,0,4,44,0,48,0,24,50,0,74,10,0,10,84
04/28/2011,LCH,LA,ASW,CE,Combined TRACON& Tower with Radar,0,18,21,17,56,0,6,77,0,83,0,24,98,17,139,44,24,68,207
04/29/2011,LCH,LA,ASW,CE,Combined TRACON& Tower with Radar,0,19,18,8,45,0,6,68,0,74,0,25,86,8,119,8,10,18,137
04/30/2011,LCH,LA,ASW,CE,Combined TRACON& Tower with Radar,0,25,9,10,44,0,8,39,0,47,0,33,48,10,91,132,0,132,223
05/01/2011,LCH,LA,ASW,CE,Combined TRACON& Tower with Radar,0,17,16,13,46,0,6,37,0,43,0,23,53,13,89,74,12,86,175
05/02/2011,LCH,LA,ASW,CE,Combined TRACON& Tower with Radar,0,17,19,2,38,0,2,62,8,72,0,19,81,10,110,69,2,71,181
05/03/2011,LCH,LA,ASW,CE,Combined TRACON& Tower with Radar,0,20,7,4,31,0,5,39,0,44,0,25,46,4,75,36,4,40,115
05/04/2011,LCH,LA,ASW,CE,Combined TRACON& Tower with Radar,0,19,13,11,43,0,5,68,3,76,0,24,81,14,119,22,6,28,147
05/05/2011,LCH,LA,ASW,CE,Combined TRACON& Tower with Radar,0,20,24,4,48,0,2,118,0,120,0,22,142,4,168,64,8,72,240
05/06/2011,LCH,LA,ASW,CE,Combined TRACON& Tower with Radar,0,25,22,5,52,0,4,82,5,91,0,29,104,10,143,114,8,122,265
05/07/2011,LCH,LA,ASW,CE,Combined TRACON& Tower with Radar,0,20,11,22,53,0,2,58,1,61,0,22,69,23,114,92,16,108,222
05/08/2011,LCH,LA,ASW,CE,Combined TRACON& Tower with Radar,0,22,17,0,39,0,2,56,0,58,0,24,73,0,97,32,0,32,129
05/09/2011,LCH,LA,ASW,CE,Combined TRACON& Tower with Radar,0,17,14,8,39,0,2,50,0,52,0,19,64,8,91,38,10,48,139
05/10/2011,LCH,LA,ASW,CE,Combined TRACON& Tower with Radar,0,28,13,12,53,0,6,54,0,60,0,34,67,12,113,48,26,74,187
05/11/2011,LCH,LA,ASW,CE,Combined TRACON& Tower with Radar,0,32,25,4,61,0,2,73,0,75,0,34,98,4,136,66,12,78,214
05/12/2011,LCH,LA,ASW,CE,Combined TRACON& Tower with Radar,0,19,27,0,46,0,4,72,0,76,0,23,99,0,122,42,4,46,168
05/13/2011,LCH,LA,ASW,CE,Combined TRACON& Tower with Radar,0,17,16,0,33,0,3,65,2,70,0,20,81,2,103,86,0,86,189
05/14/2011,LCH,LA,ASW,CE,Combined TRACON& Tower with Radar,0,14,20,2,36,0,5,66,0,71,0,19,86,2,107,99,4,103,210
05/15/2011,LCH,LA,ASW,CE,Combined TRACON& Tower with Radar,0,15,12,0,27,0,3,60,0,63,0,18,72,0,90,32,0,32,122
05/16/2011,LCH,LA,ASW,CE,Combined TRACON& Tower with Radar,0,17,24,8,49,0,6,78,0,84,0,23,102,8,133,62,6,68,201
05/17/2011,LCH,LA,ASW,CE,Combined TRACON& Tower with Radar,0,17,27,8,52,0,6,85,1,92,0,23,112,9,144,72,16,88,232
05/18/2011,LCH,LA,ASW,CE,Combined TRACON& Tower with Radar,2,16,16,5,39,0,6,75,0,81,2,22,91,5,120,45,4,49,169
05/19/2011,LCH,LA,ASW,CE,Combined TRACON& Tower with Radar,0,23,20,0,43,0,3,70,0,73,0,26,90,0,116,62,2,64,180
05/20/2011,LCH,LA,ASW,CE,Combined TRACON& Tower with Radar,0,15,26,2,43,0,0,31,0,31,0,15,57,2,74,26,14,40,114
05/21/2011,LCH,LA,ASW,CE,Combined TRACON& Tower with Radar,2,13,21,0,36,0,6,32,0,38,2,19,53,0,74,36,0,36,110
05/22/2011,LCH,LA,ASW,CE,Combined TRACON& Tower with Radar,0,17,16,8,41,0,2,50,0,52,0,19,66,8,93,24,2,26,119
05/23/2011,LCH,LA,ASW,CE,Combined TRACON& Tower with Radar,0,17,11,6,34,0,3,54,0,57,0,20,65,6,91,40,6,46,137
05/24/2011,LCH,LA,ASW,CE,Combined TRACON& Tower with Radar,0,20,21,3,44,0,4,63,0,67,0,24,84,3,111,28,8,36,147
05/25/2011,LCH,LA,ASW,CE,Combined TRACON& Tower with Radar,0,15,11,2,28,0,5,68,0,73,0,20,79,2,101,12,2,14,115
05/26/2011,LCH,LA,ASW,CE,Combined TRACON& Tower with Radar,0,18,18,2,38,0,9,93,0,102,0,27,111,2,140,88,6,94,234
05/27/2011,LCH,LA,ASW,CE,Combined TRACON& Tower with Radar,0,17,15,7,39,0,7,54,1,62,0,24,69,8,101,64,12,76,177
05/28/2011,LCH,LA,ASW,CE,Combined TRACON& Tower with Radar,0,14,17,4,35,0,5,65,2,72,0,19,82,6,107,28,6,34,141
05/29/2011,LCH,LA,ASW,CE,Combined TRACON& Tower with Radar,0,13,8,0,21,0,4,40,0,44,0,17,48,0,65,56,0,56,121
05/30/2011,LCH,LA,ASW,CE,Combined TRACON& Tower with Radar,0,15,18,0,33,0,3,69,0,72,0,18,87,0,105,46,0,46,151
05/31/2011,LCH,LA,ASW,CE,Combined TRACON& Tower with Radar,0,21,24,0,45,0,8,80,0,88,0,29,104,0,133,64,0,64,197
06/01/2011,LCH,LA,ASW,CE,Combined TRACON& Tower with Radar,0,15,11,4,30,0,0,68,0,68,0,15,79,4,98,22,4,26,124
06/02/2011,LCH,LA,ASW,CE,Combined TRACON& Tower with Radar,0,17,24,8,49,0,5,89,0,94,0,22,113,8,143,46,22,68,211
06/03/2011,LCH,LA,ASW,CE,Combined TRACON& Tower with Radar,0,17,18,20,55,0,5,58,0,63,0,22,76,20,118,38,16,54,172
06/04/2011,LCH,LA,ASW,CE,Combined TRACON& Tower with Radar,0,17,10,0,27,0,1,39,0,40,0,18,49,0,67,58,0,58,125
06/05/2011,LCH,LA,ASW,CE,Combined TRACON& Tower with Radar,0,15,13,10,38,0,8,63,1,72,0,23,76,11,110,122,8,130,240
06/06/2011,LCH,LA,ASW,CE,Combined TRACON& Tower with Radar,0,17,8,9,34,0,11,57,0,68,0,28,65,9,102,32,10,42,144
06/07/2011,LCH,LA,ASW,CE,Combined TRACON& Tower with Radar,0,17,7,1,25,0,3,70,2,75,0,20,77,3,100,124,0,124,224
06/08/2011,LCH,LA,ASW,CE,Combined TRACON& Tower with Radar,0,18,17,4,39,0,6,79,0,85,0,24,96,4,124,62,8,70,194
06/09/2011,LCH,LA,ASW,CE,Combined TRACON& Tower with Radar,0,17,23,8,48,0,2,61,0,63,0,19,84,8,111,14,18,32,143
06/10/2011,LCH,LA,ASW,CE,Combined TRACON& Tower with Radar,0,21,8,13,42,0,2,66,0,68,0,23,74,13,110,75,14,89,199
06/11/2011,LCH,LA,ASW,CE,Combined TRACON& Tower with Radar,0,12,20,6,38,0,1,61,0,62,0,13,81,6,100,58,10,68,168
06/12/2011,LCH,LA,ASW,CE,Combined TRACON& Tower with Radar,0,14,4,16,34,0,0,52,0,52,0,14,56,16,86,25,10,35,121
06/13/2011,LCH,LA,ASW,CE,Combined TRACON& Tower with Radar,0,15,13,4,32,0,3,67,0,70,0,18,80,4,102,18,4,22,124
06/14/2011,LCH,LA,ASW,CE,Combined TRACON& Tower with Radar,0,17,21,12,50,0,5,68,0,73,0,22,89,12,123,32,16,48,171
06/15/2011,LCH,LA,ASW,CE,Combined TRACON& Tower with Radar,0,15,11,7,33,0,0,66,3,69,0,15,77,10,102,2,6,8,110
06/16/2011,LCH,LA,ASW,CE,Combined TRACON& Tower with Radar,0,16,24,9,49,0,3,76,0,79,0,19,100,9,128,0,16,16,144
06/17/2011,LCH,LA,ASW,CE,Combined TRACON& Tower with Radar,0,16,5,25,46,0,7,53,2,62,0,23,58,27,108,28,22,50,158
06/18/2011,LCH,LA,ASW,CE,Combined TRACON& Tower with Radar,0,13,19,10,42,0,10,47,1,58,0,23,66,11,100,12,16,28,128
06/19/2011,LCH,LA,ASW,CE,Combined TRACON& Tower with Radar,0,12,3,9,24,0,6,58,0,64,0,18,61,9,88,12,0,12,100
06/20/2011,LCH,LA,ASW,CE,Combined TRACON& Tower with Radar,0,15,6,0,21,0,8,59,0,67,0,23,65,0,88,38,0,38,126
06/21/2011,LCH,LA,ASW,CE,Combined TRACON& Tower with Radar,0,21,10,0,31,0,0,37,0,37,0,21,47,0,68,14,0,14,82
06/22/2011,LCH,LA,ASW,CE,Combined TRACON& Tower with Radar,0,13,4,0,17,0,2,26,0,28,0,15,30,0,45,12,0,12,57
06/23/2011,LCH,LA,ASW,CE,Combined TRACON& Tower with Radar,0,19,16,4,39,0,2,51,0,53,0,21,67,4,92,132,2,134,226
06/24/2011,LCH,LA,ASW,CE,Combined TRACON& Tower with Radar,0,20,21,6,47,0,2,53,0,55,0,22,74,6,102,34,12,46,148
06/25/2011,LCH,LA,ASW,CE,Combined TRACON& Tower with Radar,0,14,12,9,35,0,2,64,0,66,0,16,76,9,101,56,16,72,173
06/26/2011,LCH,LA,ASW,CE,Combined TRACON& Tower with Radar,2,18,17,4,41,0,5,59,0,64,2,23,76,4,105,64,4,68,173
06/27/2011,LCH,LA,ASW,CE,Combined TRACON& Tower with Radar,0,22,20,7,49,0,3,98,0,101,0,25,118,7,150,74,8,82,232
06/28/2011,LCH,LA,ASW,CE,Combined TRACON& Tower with Radar,0,17,7,2,26,0,5,51,0,56,0,22,58,2,82,92,2,94,176
06/29/2011,LCH,LA,ASW,CE,Combined TRACON& Tower with Radar,2,18,14,3,37,0,3,78,0,81,2,21,92,3,118,48,10,58,176
06/30/2011,LCH,LA,ASW,CE,Combined TRACON& Tower with Radar,0,22,17,2,41,0,2,66,0,68,0,24,83,2,109,32,4,36,145
07/01/2011,LCH,LA,ASW,CE,Combined TRACON& Tower with Radar,0,15,24,0,39,0,4,48,0,52,0,19,72,0,91,68,6,74,165
07/02/2011,LCH,LA,ASW,CE,Combined TRACON& Tower with Radar,0,11,29,0,40,0,6,49,0,55,0,17,78,0,95,86,0,86,181
07/03/2011,LCH,LA,ASW,CE,Combined TRACON& Tower with Radar,0,14,6,0,20,0,7,50,1,58,0,21,56,1,78,20,0,20,98
07/04/2011,LCH,LA,ASW,CE,Combined TRACON& Tower with Radar,0,13,9,2,24,0,2,46,0,48,0,15,55,2,72,6,2,8,80
07/05/2011,LCH,LA,ASW,CE,Combined TRACON& Tower with Radar,0,18,3,2,23,0,3,57,0,60,0,21,60,2,83,86,0,86,169
07/06/2011,LCH,LA,ASW,CE,Combined TRACON& Tower with Radar,2,27,8,0,37,0,3,64,0,67,2,30,72,0,104,54,4,58,162
07/07/2011,LCH,LA,ASW,CE,Combined TRACON& Tower with Radar,0,18,11,4,33,0,12,71,2,85,0,30,82,6,118,72,6,78,196
07/08/2011,LCH,LA,ASW,CE,Combined TRACON& Tower with Radar,0,20,9,14,43,0,1,50,0,51,0,21,59,14,94,48,14,62,156
07/09/2011,LCH,LA,ASW,CE,Combined TRACON& Tower with Radar,0,12,7,2,21,0,2,54,0,56,0,14,61,2,77,70,2,72,149
07/10/2011,LCH,LA,ASW,CE,Combined TRACON& Tower with Radar,0,14,15,16,45,0,2,70,0,72,0,16,85,16,117,50,8,58,175
07/11/2011,LCH,LA,ASW,CE,Combined TRACON& Tower with Radar,0,23,20,9,52,0,2,66,0,68,0,25,86,9,120,38,14,52,172
07/12/2011,LCH,LA,ASW,CE,Combined TRACON& Tower with Radar,0,25,12,6,43,0,4,64,0,68,0,29,76,6,111,90,10,100,211
07/13/2011,LCH,LA,ASW,CE,Combined TRACON& Tower with Radar,0,19,7,10,36,0,4,76,0,80,0,23,83,10,116,86,12,98,214
07/14/2011,LCH,LA,ASW,CE,Combined TRACON& Tower with Radar,0,17,15,2,34,0,0,75,0,75,0,17,90,2,109,36,8,44,153
07/15/2011,LCH,LA,ASW,CE,Combined TRACON& Tower with Radar,0,21,3,8,32,0,6,27,0,33,0,27,30,8,65,42,12,54,119
07/16/2011,LCH,LA,ASW,CE,Combined TRACON& Tower with Radar,0,13,4,0,17,0,3,35,0,38,0,16,39,0,55,68,0,68,123
07/17/2011,LCH,LA,ASW,CE,Combined TRACON& Tower with Radar,0,17,12,0,29,0,1,46,0,47,0,18,58,0,76,44,2,46,122
07/18/2011,LCH,LA,ASW,CE,Combined TRACON& Tower with Radar,0,19,12,0,31,0,2,48,0,50,0,21,60,0,81,16,2,18,99
07/19/2011,LCH,LA,ASW,CE,Combined TRACON& Tower with Radar,0,17,7,0,24,0,3,65,0,68,0,20,72,0,92,70,2,72,164
07/20/2011,LCH,LA,ASW,CE,Combined TRACON& Tower with Radar,0,21,23,0,44,0,6,73,0,79,0,27,96,0,123,72,6,78,201
07/21/2011,LCH,LA,ASW,CE,Combined TRACON& Tower with Radar,0,19,13,4,36,0,6,58,1,65,0,25,71,5,101,18,4,22,123
07/22/2011,LCH,LA,ASW,CE,Combined TRACON& Tower with Radar,0,15,13,8,36,0,0,50,0,50,0,15,63,8,86,78,12,90,176
07/23/2011,LCH,LA,ASW,CE,Combined TRACON& Tower with Radar,0,11,7,0,18,0,5,42,0,47,0,16,49,0,65,8,0,8,73
07/24/2011,LCH,LA,ASW,CE,Combined TRACON& Tower with Radar,0,15,22,0,37,0,4,60,0,64,0,19,82,0,101,68,6,74,175
07/25/2011,LCH,LA,ASW,CE,Combined TRACON& Tower with Radar,0,17,13,0,30,0,4,74,1,79,0,21,87,1,109,36,0,36,145
07/26/2011,LCH,LA,ASW,CE,Combined TRACON& Tower with Radar,0,19,14,4,37,0,2,56,0,58,0,21,70,4,95,60,6,66,161
07/27/2011,LCH,LA,ASW,CE,Combined TRACON& Tower with Radar,0,22,10,0,32,0,4,67,0,71,0,26,77,0,103,30,0,30,133
07/28/2011,LCH,LA,ASW,CE,Combined TRACON& Tower with Radar,0,27,16,0,43,0,3,61,0,64,0,30,77,0,107,18,0,18,125
07/29/2011,LCH,LA,ASW,CE,Combined TRACON& Tower with Radar,0,18,26,0,44,0,0,51,0,51,0,18,77,0,95,138,0,138,233
07/30/2011,LCH,LA,ASW,CE,Combined TRACON& Tower with Radar,0,10,12,1,23,0,2,66,0,68,0,12,78,1,91,74,2,76,167
07/31/2011,LCH,LA,ASW,CE,Combined TRACON& Tower with Radar,0,20,16,10,46,0,1,53,0,54,0,21,69,10,100,74,12,86,186
08/01/2011,LCH,LA,ASW,CE,Combined TRACON& Tower with Radar,0,16,19,8,43,0,3,66,0,69,0,19,85,8,112,38,4,42,154
08/02/2011,LCH,LA,ASW,CE,Combined TRACON& Tower with Radar,0,21,12,10,43,0,3,59,0,62,0,24,71,10,105,80,20,100,205
08/03/2011,LCH,LA,ASW,CE,Combined TRACON& Tower with Radar,0,18,13,6,37,0,4,75,0,79,0,22,88,6,116,104,0,104,220
08/04/2011,LCH,LA,ASW,CE,Combined TRACON& Tower with Radar,0,19,17,8,44,0,3,70,0,73,0,22,87,8,117,38,12,50,167
08/05/2011,LCH,LA,ASW,CE,Combined TRACON& Tower with Radar,2,19,13,4,38,0,4,56,0,60,2,23,69,4,98,26,8,34,132
08/06/2011,LCH,LA,ASW,CE,Combined TRACON& Tower with Radar,0,10,12,10,32,0,0,43,0,43,0,10,55,10,75,66,10,76,151
08/07/2011,LCH,LA,ASW,CE,Combined TRACON& Tower with Radar,0,18,11,8,37,0,3,44,0,47,0,21,55,8,84,36,14,50,134
08/08/2011,LCH,LA,ASW,CE,Combined TRACON& Tower with Radar,2,23,12,30,67,0,5,70,0,75,2,28,82,30,142,40,26,66,208
08/09/2011,LCH,LA,ASW,CE,Combined TRACON& Tower with Radar,0,17,12,11,40,0,3,57,1,61,0,20,69,12,101,36,16,52,153
08/10/2011,LCH,LA,ASW,CE,Combined TRACON& Tower with Radar,0,19,16,9,44,0,7,58,0,65,0,26,74,9,109,52,12,64,173
08/11/2011,LCH,LA,ASW,CE,Combined TRACON& Tower with Radar,0,18,11,10,39,0,2,85,0,87,0,20,96,10,126,36,6,42,168
08/12/2011,LCH,LA,ASW,CE,Combined TRACON& Tower with Radar,0,17,13,2,32,0,7,58,0,65,0,24,71,2,97,59,4,63,160
08/13/2011,LCH,LA,ASW,CE,Combined TRACON& Tower with Radar,0,12,9,2,23,0,7,40,0,47,0,19,49,2,70,24,4,28,98
08/14/2011,LCH,LA,ASW,CE,Combined TRACON& Tower with Radar,0,15,11,0,26,0,0,47,0,47,0,15,58,0,73,30,0,30,103
08/15/2011,LCH,LA,ASW,CE,Combined TRACON& Tower with Radar,0,19,10,34,63,0,2,65,0,67,0,21,75,34,130,10,36,46,176
08/16/2011,LCH,LA,ASW,CE,Combined TRACON& Tower with Radar,0,18,4,8,30,0,3,67,0,70,0,21,71,8,100,54,10,64,164
08/17/2011,LCH,LA,ASW,CE,Combined TRACON& Tower with Radar,0,17,10,8,35,0,5,85,1,91,0,22,95,9,126,58,10,68,194
08/18/2011,LCH,LA,ASW,CE,Combined TRACON& Tower with Radar,0,19,12,9,40,0,1,91,0,92,0,20,103,9,132,62,18,80,212
08/19/2011,LCH,LA,ASW,CE,Combined TRACON& Tower with Radar,0,23,11,14,48,0,2,54,0,56,0,25,65,14,104,32,18,50,154
08/20/2011,LCH,LA,ASW,CE,Combined TRACON& Tower with Radar,0,12,9,4,25,0,0,42,0,42,0,12,51,4,67,24,0,24,91
08/21/2011,LCH,LA,ASW,CE,Combined TRACON& Tower with Radar,0,22,11,0,33,0,3,49,0,52,0,25,60,0,85,14,0,14,99
08/22/2011,LCH,LA,ASW,CE,Combined TRACON& Tower with Radar,0,17,8,14,39,0,5,59,0,64,0,22,67,14,103,30,12,42,145
08/23/2011,LCH,LA,ASW,CE,Combined TRACON& Tower with Radar,0,16,14,6,36,0,3,49,0,52,0,19,63,6,88,30,8,38,126
08/24/2011,LCH,LA,ASW,CE,Combined TRACON& Tower with Radar,0,15,4,10,29,0,1,73,2,76,0,16,77,12,105,12,6,18,123
08/25/2011,LCH,LA,ASW,CE,Combined TRACON& Tower with Radar,0,20,20,8,48,0,2,78,0,80,0,22,98,8,128,14,16,30,158
08/26/2011,LCH,LA,ASW,CE,Combined TRACON& Tower with Radar,0,25,13,14,52,0,6,68,0,74,0,31,81,14,126,22,14,36,162
08/27/2011,LCH,LA,ASW,CE,Combined TRACON& Tower with Radar,0,12,17,8,37,0,4,73,0,77,0,16,90,8,114,48,6,54,168
08/28/2011,LCH,LA,ASW,CE,Combined TRACON& Tower with Radar,0,18,5,12,35,0,2,79,0,81,0,20,84,12,116,14,14,28,144
08/29/2011,LCH,LA,ASW,CE,Combined TRACON& Tower with Radar,0,16,15,12,43,0,6,70,0,76,0,22,85,12,119,24,16,40,159
08/30/2011,LCH,LA,ASW,CE,Combined TRACON& Tower with Radar,0,15,18,16,49,0,3,77,0,80,0,18,95,16,129,24,26,50,179
08/31/2011,LCH,LA,ASW,CE,Combined TRACON& Tower with Radar,0,19,19,10,48,0,7,74,0,81,0,26,93,10,129,44,14,58,187
09/01/2011,LCH,LA,ASW,CE,Combined TRACON& Tower with Radar,0,19,23,0,42,0,1,89,0,90,0,20,112,0,132,30,2,32,164
09/02/2011,LCH,LA,ASW,CE,Combined TRACON& Tower with Radar,0,23,8,0,31,0,1,32,0,33,0,24,40,0,64,38,0,38,102
09/03/2011,LCH,LA,ASW,CE,Combined TRACON& Tower with Radar,0,12,2,0,14,0,0,0,0,0,0,12,2,0,14,0,0,0,14
09/04/2011,LCH,LA,ASW,CE,Combined TRACON& Tower with Radar,0,13,6,0,19,0,0,3,0,3,0,13,9,0,22,0,0,0,22
09/05/2011,LCH,LA,ASW,CE,Combined TRACON& Tower with Radar,0,17,3,2,22,0,3,43,0,46,0,20,46,2,68,10,2,12,80
09/06/2011,LCH,LA,ASW,CE,Combined TRACON& Tower with Radar,0,16,22,16,54,0,1,82,0,83,0,17,104,16,137,50,16,66,203
09/07/2011,LCH,LA,ASW,CE,Combined TRACON& Tower with Radar,0,16,29,17,62,0,4,68,0,72,0,20,97,17,134,64,30,94,228
09/08/2011,LCH,LA,ASW,CE,Combined TRACON& Tower with Radar,0,14,23,8,45,0,2,74,1,77,0,16,97,9,122,82,10,92,214
09/09/2011,LCH,LA,ASW,CE,Combined TRACON& Tower with Radar,2,14,7,27,50,0,0,62,0,62,2,14,69,27,112,66,26,92,204
09/10/2011,LCH,LA,ASW,CE,Combined TRACON& Tower with Radar,0,9,20,4,33,0,7,51,0,58,0,16,71,4,91,50,4,54,145
09/11/2011,LCH,LA,ASW,CE,Combined TRACON& Tower with Radar,0,15,6,8,29,0,3,51,0,54,0,18,57,8,83,24,8,32,115
09/12/2011,LCH,LA,ASW,CE,Combined TRACON& Tower with Radar,2,28,14,8,52,0,2,74,0,76,2,30,88,8,128,18,6,24,152
09/13/2011,LCH,LA,ASW,CE,Combined TRACON& Tower with Radar,0,15,15,6,36,0,2,63,0,65,0,17,78,6,101,54,14,68,169
09/14/2011,LCH,LA,ASW,CE,Combined TRACON& Tower with Radar,0,15,8,4,27,0,3,73,0,76,0,18,81,4,103,18,8,26,129
09/15/2011,LCH,LA,ASW,CE,Combined TRACON& Tower with Radar,0,17,24,10,51,0,3,77,0,80,0,20,101,10,131,4,14,18,149
09/16/2011,LCH,LA,ASW,CE,Combined TRACON& Tower with Radar,0,18,18,22,58,0,1,65,0,66,0,19,83,22,124,43,30,73,197
09/17/2011,LCH,LA,ASW,CE,Combined TRACON& Tower with Radar,0,10,4,0,14,0,4,54,1,59,0,14,58,1,73,13,0,13,86
09/18/2011,LCH,LA,ASW,CE,Combined TRACON& Tower with Radar,0,16,7,0,23,0,2,38,0,40,0,18,45,0,63,2,0,2,65
09/19/2011,LCH,LA,ASW,CE,Combined TRACON& Tower with Radar,0,17,16,10,43,0,1,70,0,71,0,18,86,10,114,10,6,16,130
09/20/2011,LCH,LA,ASW,CE,Combined TRACON& Tower with Radar,2,17,19,7,45,0,6,64,1,71,2,23,83,8,116,38,12,50,166
09/21/2011,LCH,LA,ASW,CE,Combined TRACON& Tower with Radar,0,23,18,6,47,0,3,68,2,73,0,26,86,8,120,42,10,52,172
09/22/2011,LCH,LA,ASW,CE,Combined TRACON& Tower with Radar,0,16,17,5,38,0,6,61,0,67,0,22,78,5,105,16,12,28,133
09/23/2011,LCH,LA,ASW,CE,Combined TRACON& Tower with Radar,0,23,9,10,42,0,7,61,0,68,0,30,70,10,110,16,18,34,144
09/24/2011,LCH,LA,ASW,CE,Combined TRACON& Tower with Radar,0,10,13,8,31,0,4,47,0,51,0,14,60,8,82,34,8,42,124
09/25/2011,LCH,LA,ASW,CE,Combined TRACON& Tower with Radar,0,15,14,12,41,0,5,36,0,41,0,20,50,12,82,6,12,18,100
09/26/2011,LCH,LA,ASW,CE,Combined TRACON& Tower with Radar,0,27,16,4,47,0,1,68,0,69,0,28,84,4,116,14,2,16,132
09/27/2011,LCH,LA,ASW,CE,Combined TRACON& Tower with Radar,0,14,27,3,44,0,3,73,0,76,0,17,100,3,120,74,12,86,206
09/28/2011,LCH,LA,ASW,CE,Combined TRACON& Tower with Radar,0,15,15,0,30,0,1,54,0,55,0,16,69,0,85,16,0,16,101
09/29/2011,LCH,LA,ASW,CE,Combined TRACON& Tower with Radar,0,17,21,3,41,0,2,71,0,73,0,19,92,3,114,0,0,0,114
09/30/2011,LCH,LA,ASW,CE,Combined TRACON& Tower with Radar,0,14,15,10,39,0,2,60,1,63,0,16,75,11,102,34,14,48,150
10/01/2011,LCH,LA,ASW,CE,Combined TRACON& Tower with Radar,0,11,9,10,30,0,3,52,0,55,0,14,61,10,85,44,8,52,137
10/02/2011,LCH,LA,ASW,CE,Combined TRACON& Tower with Radar,0,14,13,4,31,0,1,46,0,47,0,15,59,4,78,56,4,60,138
10/03/2011,LCH,LA,ASW,CE,Combined TRACON& Tower with Radar,0,16,21,0,37,0,2,79,4,85,0,18,100,4,122,30,4,34,156
10/04/2011,LCH,LA,ASW,CE,Combined TRACON& Tower with Radar,0,16,6,8,30,0,7,60,0,67,0,23,66,8,97,14,0,14,111
10/05/2011,LCH,LA,ASW,CE,Combined TRACON& Tower with Radar,0,14,14,11,39,0,5,81,0,86,0,19,95,11,125,50,20,70,195
10/06/2011,LCH,LA,ASW,CE,Combined TRACON& Tower with Radar,0,19,32,9,60,0,4,72,0,76,0,23,104,9,136,49,4,53,189
10/07/2011,LCH,LA,ASW,CE,Combined TRACON& Tower with Radar,0,20,10,8,38,0,4,55,0,59,0,24,65,8,97,40,10,50,147
10/08/2011,LCH,LA,ASW,CE,Combined TRACON& Tower with Radar,0,11,3,0,14,0,3,32,0,35,0,14,35,0,49,26,0,26,75
10/09/2011,LCH,LA,ASW,CE,Combined TRACON& Tower with Radar,3,15,9,2,29,0,4,45,0,49,3,19,54,2,78,60,0,60,138
10/10/2011,LCH,LA,ASW,CE,Combined TRACON& Tower with Radar,0,22,20,0,42,0,3,74,0,77,0,25,94,0,119,56,0,56,175
10/11/2011,LCH,LA,ASW,CE,Combined TRACON& Tower with Radar,0,15,16,14,45,0,1,56,0,57,0,16,72,14,102,32,18,50,152
10/12/2011,LCH,LA,ASW,CE,Combined TRACON& Tower with Radar,2,18,21,2,43,0,2,45,2,49,2,20,66,4,92,26,4,30,122
10/13/2011,LCH,LA,ASW,CE,Combined TRACON& Tower with Radar,0,21,10,4,35,0,6,63,1,70,0,27,73,5,105,12,4,16,121
10/14/2011,LCH,LA,ASW,CE,Combined TRACON& Tower with Radar,0,17,10,17,44,0,3,81,0,84,0,20,91,17,128,14,18,32,160
10/15/2011,LCH,LA,ASW,CE,Combined TRACON& Tower with Radar,2,7,9,2,20,0,0,32,0,32,2,7,41,2,52,46,2,48,100
10/16/2011,LCH,LA,ASW,CE,Combined TRACON& Tower with Radar,0,15,13,4,32,0,6,61,0,67,0,21,74,4,99,48,4,52,151
10/17/2011,LCH,LA,ASW,CE,Combined TRACON& Tower with Radar,0,19,23,12,54,0,5,54,0,59,0,24,77,12,113,36,10,46,159
10/18/2011,LCH,LA,ASW,CE,Combined TRACON& Tower with Radar,0,17,10,12,39,0,1,37,0,38,0,18,47,12,77,4,8,12,89
10/19/2011,LCH,LA,ASW,CE,Combined TRACON& Tower with Radar,0,16,14,14,44,0,4,43,1,48,0,20,57,15,92,6,22,28,120
10/20/2011,LCH,LA,ASW,CE,Combined TRACON& Tower with Radar,0,19,23,0,42,0,2,60,2,64,0,21,83,2,106,16,2,18,124
10/21/2011,LCH,LA,ASW,CE,Combined TRACON& Tower with Radar,0,20,30,21,71,0,6,74,3,83,0,26,104,24,154,16,38,54,208
10/22/2011,LCH,LA,ASW,CE,Combined TRACON& Tower with Radar,0,10,9,4,23,0,2,52,0,54,0,12,61,4,77,20,4,24,101
10/23/2011,LCH,LA,ASW,CE,Combined TRACON& Tower with Radar,0,13,19,6,38,0,0,40,0,40,0,13,59,6,78,8,4,12,90
10/24/2011,LCH,LA,ASW,CE,Combined TRACON& Tower with Radar,0,18,16,8,42,0,2,62,2,66,0,20,78,10,108,58,10,68,176
10/25/2011,LCH,LA,ASW,CE,Combined TRACON& Tower with Radar,0,17,15,3,35,0,4,63,1,68,0,21,78,4,103,8,12,20,123
10/26/2011,LCH,LA,ASW,CE,Combined TRACON& Tower with Radar,0,18,21,9,48,0,2,49,0,51,0,20,70,9,99,64,12,76,175
10/27/2011,LCH,LA,ASW,CE,Combined TRACON& Tower with Radar,0,21,29,1,51,0,1,60,3,64,0,22,89,4,115,46,16,62,177
10/28/2011,LCH,LA,ASW,CE,Combined TRACON& Tower with Radar,0,26,17,8,51,0,0,24,0,24,0,26,41,8,75,22,8,30,105
10/29/2011,LCH,LA,ASW,CE,Combined TRACON& Tower with Radar,0,12,8,10,30,0,0,37,0,37,0,12,45,10,67,16,6,22,89
10/30/2011,LCH,LA,ASW,CE,Combined TRACON& Tower with Radar,0,15,18,4,37,0,1,48,1,50,0,16,66,5,87,54,6,60,147
10/31/2011,LCH,LA,ASW,CE,Combined TRACON& Tower with Radar,0,14,22,2,38,0,1,48,0,49,0,15,70,2,87,75,0,75,162
11/01/2011,LCH,LA,ASW,CE,Combined TRACON& Tower with Radar,0,15,10,7,32,0,6,68,1,75,0,21,78,8,107,35,6,41,148
11/02/2011,LCH,LA,ASW,CE,Combined TRACON& Tower with Radar,0,15,8,18,41,0,9,35,0,44,0,24,43,18,85,18,18,36,121
11/03/2011,LCH,LA,ASW,CE,Combined TRACON& Tower with Radar,0,16,21,10,47,0,2,45,0,47,0,18,66,10,94,10,20,30,124
11/04/2011,LCH,LA,ASW,CE,Combined TRACON& Tower with Radar,0,16,23,14,53,0,3,46,2,51,0,19,69,16,104,36,22,58,162
11/05/2011,LCH,LA,ASW,CE,Combined TRACON& Tower with Radar,0,13,20,6,39,0,6,47,0,53,0,19,67,6,92,26,6,32,124
11/06/2011,LCH,LA,ASW,CE,Combined TRACON& Tower with Radar,0,15,12,6,33,0,5,36,0,41,0,20,48,6,74,28,2,30,104
11/07/2011,LCH,LA,ASW,CE,Combined TRACON& Tower with Radar,0,18,8,0,26,0,5,43,0,48,0,23,51,0,74,30,0,30,104
11/08/2011,LCH,LA,ASW,CE,Combined TRACON& Tower with Radar,0,25,17,0,42,0,2,39,0,41,0,27,56,0,83,44,2,46,129
11/09/2011,LCH,LA,ASW,CE,Combined TRACON& Tower with Radar,0,17,17,4,38,0,3,49,0,52,0,20,66,4,90,76,6,82,172
11/10/2011,LCH,LA,ASW,CE,Combined TRACON& Tower with Radar,0,18,21,6,45,0,4,50,2,56,0,22,71,8,101,82,8,90,191
11/11/2011,LCH,LA,ASW,CE,Combined TRACON& Tower with Radar,0,15,24,13,52,0,9,51,1,61,0,24,75,14,113,58,12,70,183
11/12/2011,LCH,LA,ASW,CE,Combined TRACON& Tower with Radar,0,11,19,0,30,0,4,53,0,57,0,15,72,0,87,42,0,42,129
11/13/2011,LCH,LA,ASW,CE,Combined TRACON& Tower with Radar,0,16,15,4,35,0,2,36,0,38,0,18,51,4,73,2,0,2,75
11/14/2011,LCH,LA,ASW,CE,Combined TRACON& Tower with Radar,0,19,17,2,38,0,3,51,1,55,0,22,68,3,93,32,12,44,137
11/15/2011,LCH,LA,ASW,CE,Combined TRACON& Tower with Radar,3,23,8,0,34,0,0,32,0,32,3,23,40,0,66,20,0,20,86
11/16/2011,LCH,LA,ASW,CE,Combined TRACON& Tower with Radar,0,15,11,6,32,0,3,50,0,53,0,18,61,6,85,22,6,28,113
11/17/2011,LCH,LA,ASW,CE,Combined TRACON& Tower with Radar,0,19,26,8,53,0,3,74,0,77,0,22,100,8,130,22,12,34,164
11/18/2011,LCH,LA,ASW,CE,Combined TRACON& Tower with Radar,0,18,15,8,41,0,7,59,0,66,0,25,74,8,107,92,0,92,199
11/19/2011,LCH,LA,ASW,CE,Combined TRACON& Tower with Radar,0,16,11,0,27,0,3,36,0,39,0,19,47,0,66,38,6,44,110
11/20/2011,LCH,LA,ASW,CE,Combined TRACON& Tower with Radar,0,14,16,1,31,0,0,29,2,31,0,14,45,3,62,22,0,22,84
11/21/2011,LCH,LA,ASW,CE,Combined TRACON& Tower with Radar,2,16,11,6,35,0,3,21,0,24,2,19,32,6,59,14,6,20,79
11/22/2011,LCH,LA,ASW,CE,Combined TRACON& Tower with Radar,0,17,7,0,24,0,0,22,0,22,0,17,29,0,46,0,0,0,46
11/23/2011,LCH,LA,ASW,CE,Combined TRACON& Tower with Radar,0,19,18,5,42,0,4,58,0,62,0,23,76,5,104,10,6,16,120
11/24/2011,LCH,LA,ASW,CE,Combined TRACON& Tower with Radar,0,19,11,0,30,0,4,34,0,38,0,23,45,0,68,8,0,8,76
11/25/2011,LCH,LA,ASW,CE,Combined TRACON& Tower with Radar,2,12,19,0,33,0,0,44,0,44,2,12,63,0,77,6,0,6,83
11/26/2011,LCH,LA,ASW,CE,Combined TRACON& Tower with Radar,0,12,11,0,23,0,0,16,0,16,0,12,27,0,39,18,0,18,57
11/27/2011,LCH,LA,ASW,CE,Combined TRACON& Tower with Radar,0,22,31,0,53,0,6,33,0,39,0,28,64,0,92,12,0,12,104
11/28/2011,LCH,LA,ASW,CE,Combined TRACON& Tower with Radar,0,18,24,4,46,0,2,69,1,72,0,20,93,5,118,28,4,32,150
11/29/2011,LCH,LA,ASW,CE,Combined TRACON& Tower with Radar,0,16,29,13,58,0,2,39,0,41,0,18,68,13,99,20,14,34,133
11/30/2011,LCH,LA,ASW,CE,Combined TRACON& Tower with Radar,0,14,20,12,46,0,0,61,0,61,0,14,81,12,107,28,14,42,149
12/01/2011,LCH,LA,ASW,CE,Combined TRACON& Tower with Radar,0,16,26,6,48,0,4,67,0,71,0,20,93,6,119,56,4,60,179
12/02/2011,LCH,LA,ASW,CE,Combined TRACON& Tower with Radar,0,22,36,20,78,0,4,40,0,44,0,26,76,20,122,22,22,44,166
12/03/2011,LCH,LA,ASW,CE,Combined TRACON& Tower with Radar,0,17,5,16,38,0,1,27,0,28,0,18,32,16,66,46,10,56,122
12/04/2011,LCH,LA,ASW,CE,Combined TRACON& Tower with Radar,0,25,9,18,52,0,5,21,0,26,0,30,30,18,78,16,10,26,104
12/05/2011,LCH,LA,ASW,CE,Combined TRACON& Tower with Radar,0,24,8,0,32,0,0,24,0,24,0,24,32,0,56,10,0,10,66
12/06/2011,LCH,LA,ASW,CE,Combined TRACON& Tower with Radar,0,15,31,16,62,0,0,43,0,43,0,15,74,16,105,52,34,86,191
12/07/2011,LCH,LA,ASW,CE,Combined TRACON& Tower with Radar,0,22,26,8,56,0,3,51,2,56,0,25,77,10,112,32,12,44,156
12/08/2011,LCH,LA,ASW,CE,Combined TRACON& Tower with Radar,0,16,20,4,40,0,2,63,0,65,0,18,83,4,105,20,2,22,127
12/09/2011,LCH,LA,ASW,CE,Combined TRACON& Tower with Radar,0,16,31,14,61,0,2,48,0,50,0,18,79,14,111,30,16,46,157
12/10/2011,LCH,LA,ASW,CE,Combined TRACON& Tower with Radar,0,12,14,2,28,0,5,46,0,51,0,17,60,2,79,110,0,110,189
12/11/2011,LCH,LA,ASW,CE,Combined TRACON& Tower with Radar,0,15,17,12,44,0,2,46,0,48,0,17,63,12,92,10,6,16,108
12/12/2011,LCH,LA,ASW,CE,Combined TRACON& Tower with Radar,0,15,13,24,52,0,4,64,0,68,0,19,77,24,120,44,20,64,184
12/13/2011,LCH,LA,ASW,CE,Combined TRACON& Tower with Radar,0,20,21,6,47,0,3,19,0,22,0,23,40,6,69,50,2,52,121
12/14/2011,LCH,LA,ASW,CE,Combined TRACON& Tower with Radar,0,19,19,0,38,0,3,18,1,22,0,22,37,1,60,86,0,86,146
12/15/2011,LCH,LA,ASW,CE,Combined TRACON& Tower with Radar,0,21,9,0,30,0,1,14,0,15,0,22,23,0,45,58,0,58,103
12/16/2011,LCH,LA,ASW,CE,Combined TRACON& Tower with Radar,0,27,14,0,41,0,1,20,0,21,0,28,34,0,62,8,0,8,70
12/17/2011,LCH,LA,ASW,CE,Combined TRACON& Tower with Radar,0,24,10,0,34,0,0,64,0,64,0,24,74,0,98,48,0,48,146
12/18/2011,LCH,LA,ASW,CE,Combined TRACON& Tower with Radar,0,17,14,4,35,0,3,42,0,45,0,20,56,4,80,30,6,36,116
12/19/2011,LCH,LA,ASW,CE,Combined TRACON& Tower with Radar,0,20,13,4,37,0,13,57,0,70,0,33,70,4,107,32,4,36,143
12/20/2011,LCH,LA,ASW,CE,Combined TRACON& Tower with Radar,0,21,19,0,40,0,2,24,0,26,0,23,43,0,66,44,0,44,110
12/21/2011,LCH,LA,ASW,CE,Combined TRACON& Tower with Radar,0,14,14,13,41,0,1,57,0,58,0,15,71,13,99,6,14,20,119
12/22/2011,LCH,LA,ASW,CE,Combined TRACON& Tower with Radar,0,16,3,0,19,0,0,20,0,20,0,16,23,0,39,0,0,0,39
12/23/2011,LCH,LA,ASW,CE,Combined TRACON& Tower with Radar,0,16,14,0,30,0,0,30,0,30,0,16,44,0,60,32,0,32,92
12/24/2011,LCH,LA,ASW,CE,Combined TRACON& Tower with Radar,0,16,10,0,26,0,0,31,0,31,0,16,41,0,57,10,0,10,67
12/25/2011,LCH,LA,ASW,CE,Combined TRACON& Tower with Radar,0,13,3,0,16,0,0,2,0,2,0,13,5,0,18,0,0,0,18
12/26/2011,LCH,LA,ASW,CE,Combined TRACON& Tower with Radar,0,23,6,0,29,0,1,9,0,10,0,24,15,0,39,0,0,0,39
12/27/2011,LCH,LA,ASW,CE,Combined TRACON& Tower with Radar,0,15,13,0,28,0,4,50,0,54,0,19,63,0,82,8,0,8,90
12/28/2011,LCH,LA,ASW,CE,Combined TRACON& Tower with Radar,0,23,8,0,31,0,9,58,0,67,0,32,66,0,98,26,0,26,124
12/29/2011,LCH,LA,ASW,CE,Combined TRACON& Tower with Radar,0,22,23,0,45,0,2,66,1,69,0,24,89,1,114,40,0,40,154
12/30/2011,LCH,LA,ASW,CE,Combined TRACON& Tower with Radar,0,16,31,0,47,0,4,65,0,69,0,20,96,0,116,70,0,70,186
12/31/2011,LCH,LA,ASW,CE,Combined TRACON& Tower with Radar,0,16,22,0,38,0,0,8,0,8,0,16,30,0,46,20,0,20,66
01/01/2012,LCH,LA,ASW,CE,Combined TRACON& Tower with Radar,0,15,19,0,34,0,5,20,0,25,0,20,39,0,59,14,0,14,73
01/02/2012,LCH,LA,ASW,CE,Combined TRACON& Tower with Radar,0,17,31,0,48,0,1,68,2,71,0,18,99,2,119,90,0,90,209
01/03/2012,LCH,LA,ASW,CE,Combined TRACON& Tower with Radar,2,12,16,0,30,0,4,61,2,67,2,16,77,2,97,44,0,44,141
01/04/2012,LCH,LA,ASW,CE,Combined TRACON& Tower with Radar,0,12,13,10,35,0,4,61,0,65,0,16,74,10,100,126,10,136,236
01/05/2012,LCH,LA,ASW,CE,Combined TRACON& Tower with Radar,0,15,28,10,53,0,4,66,0,70,0,19,94,10,123,42,12,54,177
01/06/2012,LCH,LA,ASW,CE,Combined TRACON& Tower with Radar,0,15,25,31,71,0,3,41,0,44,0,18,66,31,115,74,28,102,217
01/07/2012,LCH,LA,ASW,CE,Combined TRACON& Tower with Radar,2,11,29,16,58,0,1,49,0,50,2,12,78,16,108,58,15,73,181
01/08/2012,LCH,LA,ASW,CE,Combined TRACON& Tower with Radar,0,25,38,10,73,0,1,24,0,25,0,26,62,10,98,36,10,46,144
01/09/2012,LCH,LA,ASW,CE,Combined TRACON& Tower with Radar,0,15,4,0,19,0,1,1,0,2,0,16,5,0,21,0,0,0,21
01/10/2012,LCH,LA,ASW,CE,Combined TRACON& Tower with Radar,0,25,29,9,63,0,1,23,0,24,0,26,52,9,87,80,12,92,179
01/11/2012,LCH,LA,ASW,CE,Combined TRACON& Tower with Radar,0,13,28,13,54,0,3,87,0,90,0,16,115,13,144,178,16,194,338
01/12/2012,LCH,LA,ASW,CE,Combined TRACON& Tower with Radar,0,15,26,12,53,0,5,47,0,52,0,20,73,12,105,64,10,74,179
01/13/2012,LCH,LA,ASW,CE,Combined TRACON& Tower with Radar,0,15,20,14,49,0,3,54,0,57,0,18,74,14,106,49,12,61,167
01/14/2012,LCH,LA,ASW,CE,Combined TRACON& Tower with Radar,0,8,20,0,28,0,2,46,0,48,0,10,66,0,76,66,0,66,142
01/15/2012,LCH,LA,ASW,CE,Combined TRACON& Tower with Radar,0,13,8,2,23,0,2,51,2,55,0,15,59,4,78,48,0,48,126
01/16/2012,LCH,LA,ASW,CE,Combined TRACON& Tower with Radar,0,19,24,12,55,0,0,54,2,56,0,19,78,14,111,24,18,42,153
01/17/2012,LCH,LA,ASW,CE,Combined TRACON& Tower with Radar,0,15,5,2,22,0,0,11,0,11,0,15,16,2,33,4,2,6,39
01/18/2012,LCH,LA,ASW,CE,Combined TRACON& Tower with Radar,0,20,35,6,61,0,3,60,0,63,0,23,95,6,124,30,22,52,176
01/19/2012,LCH,LA,ASW,CE,Combined TRACON& Tower with Radar,0,20,9,8,37,0,4,59,0,63,0,24,68,8,100,22,4,26,126
01/20/2012,LCH,LA,ASW,CE,Combined TRACON& Tower with Radar,0,18,15,12,45,0,0,9,0,9,0,18,24,12,54,32,16,48,102
01/21/2012,LCH,LA,ASW,CE,Combined TRACON& Tower with Radar,0,18,16,0,34,0,1,17,0,18,0,19,33,0,52,52,0,52,104
01/22/2012,LCH,LA,ASW,CE,Combined TRACON& Tower with Radar,0,15,14,2,31,0,1,32,0,33,0,16,46,2,64,20,2,22,86
01/23/2012,LCH,LA,ASW,CE,Combined TRACON& Tower with Radar,0,21,22,13,56,0,6,53,0,59,0,27,75,13,115,72,16,88,203
01/24/2012,LCH,LA,ASW,CE,Combined TRACON& Tower with Radar,0,22,4,4,30,0,0,29,0,29,0,22,33,4,59,2,0,2,61
01/25/2012,LCH,LA,ASW,CE,Combined TRACON& Tower with Radar,0,6,1,0,7,0,0,25,0,25,0,6,26,0,32,86,0,86,118
01/26/2012,LCH,LA,ASW,CE,Combined TRACON& Tower with Radar,0,17,18,15,50,0,5,69,0,74,0,22,87,15,124,114,12,126,250
01/27/2012,LCH,LA,ASW,CE,Combined TRACON& Tower with Radar,0,15,12,2,29,0,4,63,6,73,0,19,75,8,102,130,0,130,232
01/28/2012,LCH,LA,ASW,CE,Combined TRACON& Tower with Radar,0,8,16,4,28,0,3,60,0,63,0,11,76,4,91,90,4,94,185
01/29/2012,LCH,LA,ASW,CE,Combined TRACON& Tower with Radar,0,12,17,11,40,0,6,60,0,66,0,18,77,11,106,36,16,52,158
01/30/2012,LCH,LA,ASW,CE,Combined TRACON& Tower with Radar,0,15,11,9,35,0,8,71,1,80,0,23,82,10,115,52,4,56,171
01/31/2012,LCH,LA,ASW,CE,Combined TRACON& Tower with Radar,0,17,14,4,35,0,0,52,0,52,0,17,66,4,87,12,8,20,107
02/01/2012,LCH,LA,ASW,CE,Combined TRACON& Tower with Radar,0,19,5,0,24,0,1,1,0,2,0,20,6,0,26,0,0,0,26
02/02/2012,LCH,LA,ASW,CE,Combined TRACON& Tower with Radar,0,23,16,6,45,0,0,20,0,20,0,23,36,6,65,24,6,30,95
02/03/2012,LCH,LA,ASW,CE,Combined TRACON& Tower with Radar,0,21,5,8,34,0,0,13,0,13,0,21,18,8,47,0,0,0,47
02/04/2012,LCH,LA,ASW,CE,Combined TRACON& Tower with Radar,0,9,0,0,9,0,0,0,0,0,0,9,0,0,9,0,0,0,9
02/05/2012,LCH,LA,ASW,CE,Combined TRACON& Tower with Radar,0,18,7,0,25,0,4,29,0,33,0,22,36,0,58,12,0,12,70
02/06/2012,LCH,LA,ASW,CE,Combined TRACON& Tower with Radar,0,16,21,4,41,0,1,56,0,57,0,17,77,4,98,92,12,104,202
02/07/2012,LCH,LA,ASW,CE,Combined TRACON& Tower with Radar,0,12,18,0,30,0,4,55,0,59,0,16,73,0,89,37,0,37,126
02/08/2012,LCH,LA,ASW,CE,Combined TRACON& Tower with Radar,0,14,10,11,35,0,9,60,0,69,0,23,70,11,104,44,12,56,160
02/09/2012,LCH,LA,ASW,CE,Combined TRACON& Tower with Radar,0,14,12,13,39,0,4,59,0,63,0,18,71,13,102,0,22,22,124
02/10/2012,LCH,LA,ASW,CE,Combined TRACON& Tower with Radar,0,25,7,2,34,0,2,18,0,20,0,27,25,2,54,36,2,38,92
02/11/2012,LCH,LA,ASW,CE,Combined TRACON& Tower with Radar,0,8,12,7,27,0,4,48,2,54,0,12,60,9,81,28,12,40,121
02/12/2012,LCH,LA,ASW,CE,Combined TRACON& Tower with Radar,0,14,24,9,47,0,4,56,1,61,0,18,80,10,108,14,6,20,128
02/13/2012,LCH,LA,ASW,CE,Combined TRACON& Tower with Radar,0,13,10,2,25,0,2,29,0,31,0,15,39,2,56,28,0,28,84
02/14/2012,LCH,LA,ASW,CE,Combined TRACON& Tower with Radar,0,23,15,0,38,0,2,43,0,45,0,25,58,0,83,22,0,22,105
02/15/2012,LCH,LA,ASW,CE,Combined TRACON& Tower with Radar,0,15,7,3,25,0,4,26,1,31,0,19,33,4,56,10,0,10,66
02/16/2012,LCH,LA,ASW,CE,Combined TRACON& Tower with Radar,0,24,24,0,48,0,2,53,0,55,0,26,77,0,103,16,4,20,123
02/17/2012,LCH,LA,ASW,CE,Combined TRACON& Tower with Radar,0,15,22,4,41,0,4,33,0,37,0,19,55,4,78,28,8,36,114
02/18/2012,LCH,LA,ASW,CE,Combined TRACON& Tower with Radar,0,19,2,0,21,0,0,3,0,3,0,19,5,0,24,0,0,0,24
02/19/2012,LCH,LA,ASW,CE,Combined TRACON& Tower with Radar,0,15,9,2,26,0,2,56,0,58,0,17,65,2,84,8,2,10,94
02/20/2012,LCH,LA,ASW,CE,Combined TRACON& Tower with Radar,0,13,26,0,39,0,4,53,0,57,0,17,79,0,96,38,0,38,134
02/21/2012,LCH,LA,ASW,CE,Combined TRACON& Tower with Radar,0,23,19,6,48,0,4,60,0,64,0,27,79,6,112,14,2,16,128
02/22/2012,LCH,LA,ASW,CE,Combined TRACON& Tower with Radar,16,26,14,0,56,0,0,5,0,5,16,26,19,0,61,32,0,32,93
02/23/2012,LCH,LA,ASW,CE,Combined TRACON& Tower with Radar,22,33,17,2,74,0,1,38,0,39,22,34,55,2,113,36,6,42,155
02/24/2012,LCH,LA,ASW,CE,Combined TRACON& Tower with Radar,0,23,26,21,70,0,0,42,1,43,0,23,68,22,113,28,40,68,181
02/25/2012,LCH,LA,ASW,CE,Combined TRACON& Tower with Radar,0,12,23,4,39,0,8,55,0,63,0,20,78,4,102,94,4,98,200
02/26/2012,LCH,LA,ASW,CE,Combined TRACON& Tower with Radar,0,15,25,0,40,0,4,59,0,63,0,19,84,0,103,42,0,42,145
02/27/2012,LCH,LA,ASW,CE,Combined TRACON& Tower with Radar,0,30,19,1,50,0,1,22,0,23,0,31,41,1,73,68,2,70,143
02/28/2012,LCH,LA,ASW,CE,Combined TRACON& Tower with Radar,0,13,10,4,27,0,2,1,0,3,0,15,11,4,30,2,4,6,36
02/29/2012,LCH,LA,ASW,CE,Combined TRACON& Tower with Radar,0,19,15,4,38,0,5,58,0,63,0,24,73,4,101,40,12,52,153
03/01/2012,LCH,LA,ASW,CE,Combined TRACON& Tower with Radar,0,14,23,4,41,0,0,30,0,30,0,14,53,4,71,28,10,38,109
03/02/2012,LCH,LA,ASW,CE,Combined TRACON& Tower with Radar,0,18,10,4,32,0,6,46,0,52,0,24,56,4,84,48,4,52,136
03/03/2012,LCH,LA,ASW,CE,Combined TRACON& Tower with Radar,0,14,9,0,23,0,1,41,0,42,0,15,50,0,65,96,0,96,161
03/04/2012,LCH,LA,ASW,CE,Combined TRACON& Tower with Radar,0,15,17,12,44,0,6,59,0,65,0,21,76,12,109,20,16,36,145
03/05/2012,LCH,LA,ASW,CE,Combined TRACON& Tower with Radar,0,14,25,1,40,0,2,79,0,81,0,16,104,1,121,50,6,56,177
03/06/2012,LCH,LA,ASW,CE,Combined TRACON& Tower with Radar,0,14,13,0,27,0,5,53,0,58,0,19,66,0,85,50,0,50,135
03/07/2012,LCH,LA,ASW,CE,Combined TRACON& Tower with Radar,0,12,14,4,30,0,2,51,0,53,0,14,65,4,83,28,6,34,117
03/08/2012,LCH,LA,ASW,CE,Combined TRACON& Tower with Radar,0,15,27,0,42,0,0,26,0,26,0,15,53,0,68,6,12,18,86
03/09/2012,LCH,LA,ASW,CE,Combined TRACON& Tower with Radar,0,23,6,2,31,0,0,5,0,5,0,23,11,2,36,0,2,2,38
03/10/2012,LCH,LA,ASW,CE,Combined TRACON& Tower with Radar,0,17,3,0,20,0,3,33,0,36,0,20,36,0,56,36,0,36,92
03/11/2012,LCH,LA,ASW,CE,Combined TRACON& Tower with Radar,0,18,4,0,22,0,0,9,0,9,0,18,13,0,31,6,0,6,37
03/12/2012,LCH,LA,ASW,CE,Combined TRACON& Tower with Radar,0,24,19,0,43,0,0,8,0,8,0,24,27,0,51,2,0,2,53
03/13/2012,LCH,LA,ASW,CE,Combined TRACON& Tower with Radar,0,17,11,11,39,0,2,23,0,25,0,19,34,11,64,6,10,16,80
03/14/2012,LCH,LA,ASW,CE,Combined TRACON& Tower with Radar,0,15,12,4,31,0,4,45,0,49,0,19,57,4,80,42,6,48,128
03/15/2012,LCH,LA,ASW,CE,Combined TRACON& Tower with Radar,2,16,12,2,32,0,5,55,0,60,2,21,67,2,92,0,0,0,92
03/16/2012,LCH,LA,ASW,CE,Combined TRACON& Tower with Radar,0,16,14,8,38,0,5,37,0,42,0,21,51,8,80,24,10,34,114
03/17/2012,LCH,LA,ASW,CE,Combined TRACON& Tower with Radar,0,15,9,2,26,0,4,41,0,45,0,19,50,2,71,50,0,50,121
03/18/2012,LCH,LA,ASW,CE,Combined TRACON& Tower with Radar,2,14,14,4,34,0,3,34,0,37,2,17,48,4,71,26,4,30,101
03/19/2012,LCH,LA,ASW,CE,Combined TRACON& Tower with Radar,0,17,11,15,43,0,6,56,1,63,0,23,67,16,106,14,18,32,138
03/20/2012,LCH,LA,ASW,CE,Combined TRACON& Tower with Radar,0,5,6,0,11,0,0,26,0,26,0,5,32,0,37,4,0,4,41
03/21/2012,LCH,LA,ASW,CE,Combined TRACON& Tower with Radar,0,14,11,0,25,0,0,50,0,50,0,14,61,0,75,8,0,8,83
03/22/2012,LCH,LA,ASW,CE,Combined TRACON& Tower with Radar,0,14,22,0,36,0,3,96,0,99,0,17,118,0,135,74,8,82,217
03/23/2012,LCH,LA,ASW,CE,Combined TRACON& Tower with Radar,0,21,15,0,36,0,6,54,0,60,0,27,69,0,96,18,0,18,114
03/24/2012,LCH,LA,ASW,CE,Combined TRACON& Tower with Radar,0,13,7,6,26,0,10,52,0,62,0,23,59,6,88,30,10,40,128
03/25/2012,LCH,LA,ASW,CE,Combined TRACON& Tower with Radar,0,11,8,12,31,0,3,54,0,57,0,14,62,12,88,20,4,24,112
03/26/2012,LCH,LA,ASW,CE,Combined TRACON& Tower with Radar,0,18,9,9,36,0,0,62,0,62,0,18,71,9,98,6,10,16,114
03/27/2012,LCH,LA,ASW,CE,Combined TRACON& Tower with Radar,0,18,19,8,45,0,7,60,0,67,0,25,79,8,112,2,8,10,122
03/28/2012,LCH,LA,ASW,CE,Combined TRACON& Tower with Radar,0,19,17,13,49,0,6,78,0,84,0,25,95,13,133,34,8,42,175
03/29/2012,LCH,LA,ASW,CE,Combined TRACON& Tower with Radar,0,14,13,0,27,0,2,60,0,62,0,16,73,0,89,24,0,24,113
03/30/2012,LCH,LA,ASW,CE,Combined TRACON& Tower with Radar,0,18,18,2,38,0,3,57,0,60,0,21,75,2,98,18,2,20,118
03/31/2012,LCH,LA,ASW,CE,Combined TRACON& Tower with Radar,0,14,11,13,38,0,3,64,3,70,0,17,75,16,108,20,14,34,142
04/01/2012,LCH,LA,ASW,CE,Combined TRACON& Tower with Radar,0,19,11,4,34,0,5,57,1,63,0,24,68,5,97,16,4,20,117
04/02/2012,LCH,LA,ASW,CE,Combined TRACON& Tower with Radar,0,15,14,0,29,0,0,40,0,40,0,15,54,0,69,8,0,8,77
04/03/2012,LCH,LA,ASW,CE,Combined TRACON& Tower with Radar,0,11,22,2,35,0,3,50,0,53,0,14,72,2,88,96,6,102,190
04/04/2012,LCH,LA,ASW,CE,Combined TRACON& Tower with Radar,0,14,12,0,26,0,1,52,0,53,0,15,64,0,79,70,0,70,149
04/05/2012,LCH,LA,ASW,CE,Combined TRACON& Tower with Radar,0,32,15,7,54,0,12,65,0,77,0,44,80,7,131,18,8,26,157
04/06/2012,LCH,LA,ASW,CE,Combined TRACON& Tower with Radar,0,15,15,6,36,0,3,57,0,60,0,18,72,6,96,16,6,22,118
04/07/2012,LCH,LA,ASW,CE,Combined TRACON& Tower with Radar,0,13,3,0,16,0,2,59,0,61,0,15,62,0,77,32,0,32,109
04/08/2012,LCH,LA,ASW,CE,Combined TRACON& Tower with Radar,0,13,11,2,26,0,6,38,0,44,0,19,49,2,70,18,4,22,92
04/09/2012,LCH,LA,ASW,CE,Combined TRACON& Tower with Radar,0,19,18,4,41,0,2,47,0,49,0,21,65,4,90,28,12,40,130
04/10/2012,LCH,LA,ASW,CE,Combined TRACON& Tower with Radar,0,16,15,22,53,0,5,51,1,57,0,21,66,23,110,74,12,86,196
04/11/2012,LCH,LA,ASW,CE,Combined TRACON& Tower with Radar,0,15,9,0,24,0,2,62,0,64,0,17,71,0,88,64,0,64,152
04/12/2012,LCH,LA,ASW,CE,Combined TRACON& Tower with Radar,0,17,16,2,35,0,6,56,0,62,0,23,72,2,97,56,6,62,159
04/13/2012,LCH,LA,ASW,CE,Combined TRACON& Tower with Radar,0,18,25,22,65,0,3,27,1,31,0,21,52,23,96,34,22,56,152
04/14/2012,LCH,LA,ASW,CE,Combined TRACON& Tower with Radar,0,17,9,2,28,0,3,23,2,28,0,20,32,4,56,12,6,18,74
04/15/2012,LCH,LA,ASW,CE,Combined TRACON& Tower with Radar,0,14,9,1,24,0,1,30,0,31,0,15,39,1,55,7,0,7,62
04/16/2012,LCH,LA,ASW,CE,Combined TRACON& Tower with Radar,0,15,7,0,22,0,0,30,0,30,0,15,37,0,52,18,0,18,70
04/17/2012,LCH,LA,ASW,CE,Combined TRACON& Tower with Radar,0,18,14,7,39,0,4,33,0,37,0,22,47,7,76,20,4,24,100
04/18/2012,LCH,LA,ASW,CE,Combined TRACON& Tower with Radar,0,15,10,6,31,0,1,69,1,71,0,16,79,7,102,96,14,110,212
04/19/2012,LCH,LA,ASW,CE,Combined TRACON& Tower with Radar,0,17,19,2,38,0,4,73,0,77,0,21,92,2,115,46,2,48,163
04/20/2012,LCH,LA,ASW,CE,Combined TRACON& Tower with Radar,0,18,15,10,43,0,3,56,0,59,0,21,71,10,102,48,2,50,152
04/21/2012,LCH,LA,ASW,CE,Combined TRACON& Tower with Radar,0,24,11,14,49,0,5,24,0,29,0,29,35,14,78,40,26,66,144
04/22/2012,LCH,LA,ASW,CE,Combined TRACON& Tower with Radar,0,14,16,10,40,0,8,74,0,82,0,22,90,10,122,80,6,86,208
04/23/2012,LCH,LA,ASW,CE,Combined TRACON& Tower with Radar,0,17,15,13,45,0,5,66,0,71,0,22,81,13,116,56,10,66,182
04/24/2012,LCH,LA,ASW,CE,Combined TRACON& Tower with Radar,0,15,16,0,31,0,6,55,0,61,0,21,71,0,92,48,0,48,140
04/25/2012,LCH,LA,ASW,CE,Combined TRACON& Tower with Radar,0,15,10,7,32,0,4,66,0,70,0,19,76,7,102,26,0,26,128
04/26/2012,LCH,LA,ASW,CE,Combined TRACON& Tower with Radar,0,14,11,7,32,0,2,51,0,53,0,16,62,7,85,10,10,20,105
04/27/2012,LCH,LA,ASW,CE,Combined TRACON& Tower with Radar,0,15,16,8,39,0,3,51,0,54,0,18,67,8,93,10,12,22,115
04/28/2012,LCH,LA,ASW,CE,Combined TRACON& Tower with Radar,0,14,12,4,30,0,3,35,0,38,0,17,47,4,68,38,0,38,106
04/29/2012,LCH,LA,ASW,CE,Combined TRACON& Tower with Radar,0,13,19,4,36,0,5,20,0,25,0,18,39,4,61,36,0,36,97
04/30/2012,LCH,LA,ASW,CE,Combined TRACON& Tower with Radar,0,17,27,5,49,0,5,60,3,68,0,22,87,8,117,22,4,26,143
05/01/2012,LCH,LA,ASW,CE,Combined TRACON& Tower with Radar,0,12,13,8,33,0,5,46,0,51,0,17,59,8,84,18,8,26,110
05/02/2012,LCH,LA,ASW,CE,Combined TRACON& Tower with Radar,0,12,15,0,27,0,3,50,0,53,0,15,65,0,80,30,0,30,110
05/03/2012,LCH,LA,ASW,CE,Combined TRACON& Tower with Radar,0,16,32,0,48,0,4,67,2,73,0,20,99,2,121,46,8,54,175
05/04/2012,LCH,LA,ASW,CE,Combined TRACON& Tower with Radar,0,13,23,16,52,0,9,59,0,68,0,22,82,16,120,14,16,30,150
05/05/2012,LCH,LA,ASW,CE,Combined TRACON& Tower with Radar,0,12,7,2,21,0,1,51,1,53,0,13,58,3,74,30,2,32,106
05/06/2012,LCH,LA,ASW,CE,Combined TRACON& Tower with Radar,0,12,19,8,39,0,0,52,4,56,0,12,71,12,95,38,8,46,141
05/07/2012,LCH,LA,ASW,CE,Combined TRACON& Tower with Radar,0,12,18,8,38,0,2,76,2,80,0,14,94,10,118,22,6,28,146
05/08/2012,LCH,LA,ASW,CE,Combined TRACON& Tower with Radar,0,15,12,2,29,0,3,32,0,35,0,18,44,2,64,0,4,4,68
05/09/2012,LCH,LA,ASW,CE,Combined TRACON& Tower with Radar,0,14,14,20,48,0,5,50,0,55,0,19,64,20,103,10,18,28,131
05/10/2012,LCH,LA,ASW,CE,Combined TRACON& Tower with Radar,0,16,22,0,38,0,2,63,0,65,0,18,85,0,103,20,0,20,123
05/11/2012,LCH,LA,ASW,CE,Combined TRACON& Tower with Radar,0,12,7,4,23,0,0,14,0,14,0,12,21,4,37,12,4,16,53
05/12/2012,LCH,LA,ASW,CE,Combined TRACON& Tower with Radar,0,14,7,0,21,0,2,28,0,30,0,16,35,0,51,4,0,4,55
05/13/2012,LCH,LA,ASW,CE,Combined TRACON& Tower with Radar,0,9,19,6,34,0,5,37,0,42,0,14,56,6,76,20,6,26,102
05/14/2012,LCH,LA,ASW,CE,Combined TRACON& Tower with Radar,0,12,17,0,29,0,6,61,0,67,0,18,78,0,96,18,0,18,114
05/15/2012,LCH,LA,ASW,CE,Combined TRACON& Tower with Radar,0,12,23,0,35,0,1,39,0,40,0,13,62,0,75,18,10,28,103
05/16/2012,LCH,LA,ASW,CE,Combined TRACON& Tower with Radar,0,15,9,6,30,0,0,48,0,48,0,15,57,6,78,8,6,14,92
05/17/2012,LCH,LA,ASW,CE,Combined TRACON& Tower with Radar,0,14,22,32,68,0,4,66,0,70,0,18,88,32,138,36,34,70,208
05/18/2012,LCH,LA,ASW,CE,Combined TRACON& Tower with Radar,0,13,19,27,59,0,1,56,0,57,0,14,75,27,116,30,38,68,184
05/19/2012,LCH,LA,ASW,CE,Combined TRACON& Tower with Radar,0,12,17,8,37,0,6,38,0,44,0,18,55,8,81,34,4,38,119
05/20/2012,LCH,LA,ASW,CE,Combined TRACON& Tower with Radar,0,11,15,6,32,0,4,37,0,41,0,15,52,6,73,14,2,16,89
05/21/2012,LCH,LA,ASW,CE,Combined TRACON& Tower with Radar,0,16,8,10,34,0,0,59,0,59,0,16,67,10,93,4,8,12,105
05/22/2012,LCH,LA,ASW,CE,Combined TRACON& Tower with Radar,0,20,16,8,44,0,1,51,1,53,0,21,67,9,97,10,10,20,117
05/23/2012,LCH,LA,ASW,CE,Combined TRACON& Tower with Radar,0,18,17,8,43,0,6,66,1,73,0,24,83,9,116,18,16,34,150
05/24/2012,LCH,LA,ASW,CE,Combined TRACON& Tower with Radar,0,15,14,6,35,0,3,52,0,55,0,18,66,6,90,8,10,18,108
05/25/2012,LCH,LA,ASW,CE,Combined TRACON& Tower with Radar,0,21,31,0,52,0,5,48,0,53,0,26,79,0,105,18,12,30,135
05/26/2012,LCH,LA,ASW,CE,Combined TRACON& Tower with Radar,0,11,12,0,23,0,0,43,0,43,0,11,55,0,66,2,0,2,68
05/27/2012,LCH,LA,ASW,CE,Combined TRACON& Tower with Radar,2,15,9,0,26,0,0,41,0,41,2,15,50,0,67,36,0,36,103
05/28/2012,LCH,LA,ASW,CE,Combined TRACON& Tower with Radar,0,15,5,0,20,0,3,46,0,49,0,18,51,0,69,10,0,10,79
05/29/2012,LCH,LA,ASW,CE,Combined TRACON& Tower with Radar,0,20,11,5,36,0,0,57,0,57,0,20,68,5,93,32,4,36,129
05/30/2012,LCH,LA,ASW,CE,Combined TRACON& Tower with Radar,0,11,15,10,36,0,1,70,1,72,0,12,85,11,108,48,10,58,166
05/31/2012,LCH,LA,ASW,CE,Combined TRACON& Tower with Radar,0,12,24,5,41,0,2,70,0,72,0,14,94,5,113,26,12,38,151
06/01/2012,LCH,LA,ASW,CE,Combined TRACON& Tower with Radar,0,12,7,17,36,0,4,37,1,42,0,16,44,18,78,20,12,32,110
06/02/2012,LCH,LA,ASW,CE,Combined TRACON& Tower with Radar,0,14,14,15,43,0,3,53,0,56,0,17,67,15,99,16,18,34,133
06/03/2012,LCH,LA,ASW,CE,Combined TRACON& Tower with Radar,0,11,9,18,38,0,7,45,0,52,0,18,54,18,90,44,12,56,146
06/04/2012,LCH,LA,ASW,CE,Combined TRACON& Tower with Radar,0,14,25,14,53,0,9,48,0,57,0,23,73,14,110,6,18,24,134
06/05/2012,LCH,LA,ASW,CE,Combined TRACON& Tower with Radar,0,16,22,26,64,0,1,70,0,71,0,17,92,26,135,34,24,58,193
06/06/2012,LCH,LA,ASW,CE,Combined TRACON& Tower with Radar,0,12,21,8,41,0,2,55,1,58,0,14,76,9,99,18,10,28,127
06/07/2012,LCH,LA,ASW,CE,Combined TRACON& Tower with Radar,0,18,15,0,33,0,2,62,0,64,0,20,77,0,97,14,4,18,115
06/08/2012,LCH,LA,ASW,CE,Combined TRACON& Tower with Radar,0,21,16,0,37,0,5,33,0,38,0,26,49,0,75,122,4,126,201
06/09/2012,LCH,LA,ASW,CE,Combined TRACON& Tower with Radar,0,10,6,2,18,0,0,25,0,25,0,10,31,2,43,32,0,32,75
06/10/2012,LCH,LA,ASW,CE,Combined TRACON& Tower with Radar,0,17,11,6,34,0,3,26,0,29,0,20,37,6,63,26,4,30,93
06/11/2012,LCH,LA,ASW,CE,Combined TRACON& Tower with Radar,0,14,17,14,45,0,3,48,0,51,0,17,65,14,96,18,16,34,130
06/12/2012,LCH,LA,ASW,CE,Combined TRACON& Tower with Radar,3,17,12,9,41,0,1,32,0,33,3,18,44,9,74,34,12,46,120
06/13/2012,LCH,LA,ASW,CE,Combined TRACON& Tower with Radar,0,25,8,2,35,0,3,62,0,65,0,28,70,2,100,28,2,30,130
06/14/2012,LCH,LA,ASW,CE,Combined TRACON& Tower with Radar,0,25,14,0,39,0,3,46,0,49,0,28,60,0,88,10,0,10,98
06/15/2012,LCH,LA,ASW,CE,Combined TRACON& Tower with Radar,0,17,8,11,36,0,5,37,0,42,0,22,45,11,78,22,18,40,118
06/16/2012,LCH,LA,ASW,CE,Combined TRACON& Tower with Radar,0,10,15,4,29,0,3,41,0,44,0,13,56,4,73,22,4,26,99
06/17/2012,LCH,LA,ASW,CE,Combined TRACON& Tower with Radar,0,15,14,0,29,0,1,36,0,37,0,16,50,0,66,10,0,10,76
06/18/2012,LCH,LA,ASW,CE,Combined TRACON& Tower with Radar,0,15,6,0,21,0,2,26,0,28,0,17,32,0,49,0,0,0,49
06/19/2012,LCH,LA,ASW,CE,Combined TRACON& Tower with Radar,2,27,19,5,53,0,4,56,0,60,2,31,75,5,113,36,10,46,159
06/20/2012,LCH,LA,ASW,CE,Combined TRACON& Tower with Radar,0,20,16,9,45,0,3,53,0,56,0,23,69,9,101,30,10,40,141
06/21/2012,LCH,LA,ASW,CE,Combined TRACON& Tower with Radar,0,12,14,0,26,0,2,65,0,67,0,14,79,0,93,6,0,6,99
06/22/2012,LCH,LA,ASW,CE,Combined TRACON& Tower with Radar,0,19,22,2,43,0,3,70,0,73,0,22,92,2,116,26,6,32,148
06/23/2012,LCH,LA,ASW,CE,Combined TRACON& Tower with Radar,0,11,14,0,25,0,0,57,0,57,0,11,71,0,82,48,0,48,130
06/24/2012,LCH,LA,ASW,CE,Combined TRACON& Tower with Radar,0,15,27,0,42,0,0,47,0,47,0,15,74,0,89,22,0,22,111
06/25/2012,LCH,LA,ASW,CE,Combined TRACON& Tower with Radar,0,17,21,6,44,0,1,72,0,73,0,18,93,6,117,26,6,32,149
06/26/2012,LCH,LA,ASW,CE,Combined TRACON& Tower with Radar,0,15,18,14,47,0,7,54,0,61,0,22,72,14,108,34,14,48,156
06/27/2012,LCH,LA,ASW,CE,Combined TRACON& Tower with Radar,0,15,3,14,32,0,0,71,4,75,0,15,74,18,107,6,10,16,123
06/28/2012,LCH,LA,ASW,CE,Combined TRACON& Tower with Radar,0,15,31,6,52,0,0,82,0,82,0,15,113,6,134,12,16,28,162
06/29/2012,LCH,LA,ASW,CE,Combined TRACON& Tower with Radar,0,17,23,6,46,0,6,47,1,54,0,23,70,7,100,2,10,12,112
06/30/2012,LCH,LA,ASW,CE,Combined TRACON& Tower with Radar,0,16,25,0,41,0,1,52,0,53,0,17,77,0,94,52,0,52,146
07/01/2012,LCH,LA,ASW,CE,Combined TRACON& Tower with Radar,0,9,19,6,34,0,3,38,0,41,0,12,57,6,75,42,6,48,123
07/02/2012,LCH,LA,ASW,CE,Combined TRACON& Tower with Radar,0,13,15,10,38,0,4,42,0,46,0,17,57,10,84,4,6,10,94
07/03/2012,LCH,LA,ASW,CE,Combined TRACON& Tower with Radar,0,12,22,0,34,0,1,54,1,56,0,13,76,1,90,32,8,40,130
07/04/2012,LCH,LA,ASW,CE,Combined TRACON& Tower with Radar,0,13,6,0,19,0,3,51,0,54,0,16,57,0,73,10,0,10,83
07/05/2012,LCH,LA,ASW,CE,Combined TRACON& Tower with Radar,0,15,18,4,37,0,2,50,0,52,0,17,68,4,89,126,10,136,225
07/06/2012,LCH,LA,ASW,CE,Combined TRACON& Tower with Radar,0,15,10,0,25,0,1,42,0,43,0,16,52,0,68,30,0,30,98
07/07/2012,LCH,LA,ASW,CE,Combined TRACON& Tower with Radar,0,12,5,0,17,0,3,35,0,38,0,15,40,0,55,64,0,64,119
07/08/2012,LCH,LA,ASW,CE,Combined TRACON& Tower with Radar,0,16,12,0,28,0,2,30,0,32,0,18,42,0,60,36,0,36,96
07/09/2012,LCH,LA,ASW,CE,Combined TRACON& Tower with Radar,0,11,7,0,18,0,0,20,0,20,0,11,27,0,38,8,0,8,46
07/10/2012,LCH,LA,ASW,CE,Combined TRACON& Tower with Radar,0,13,11,0,24,0,0,27,0,27,0,13,38,0,51,10,4,14,65
07/11/2012,LCH,LA,ASW,CE,Combined TRACON& Tower with Radar,0,21,1,0,22,0,3,33,1,37,0,24,34,1,59,14,4,18,77
07/12/2012,LCH,LA,ASW,CE,Combined TRACON& Tower with Radar,0,13,8,0,21,0,1,40,0,41,0,14,48,0,62,0,0,0,62
07/13/2012,LCH,LA,ASW,CE,Combined TRACON& Tower with Radar,0,10,9,5,24,0,1,28,1,30,0,11,37,6,54,8,10,18,72
07/14/2012,LCH,LA,ASW,CE,Combined TRACON& Tower with Radar,0,7,3,0,10,0,2,43,0,45,0,9,46,0,55,22,0,22,77
07/15/2012,LCH,LA,ASW,CE,Combined TRACON& Tower with Radar,0,15,15,2,32,0,3,53,0,56,0,18,68,2,88,44,0,44,132
07/16/2012,LCH,LA,ASW,CE,Combined TRACON& Tower with Radar,0,16,18,6,40,0,1,62,0,63,0,17,80,6,103,12,18,30,133
07/17/2012,LCH,LA,ASW,CE,Combined TRACON& Tower with Radar,0,16,15,4,35,0,2,52,1,55,0,18,67,5,90,34,4,38,128
07/18/2012,LCH,LA,ASW,CE,Combined TRACON& Tower with Radar,0,14,16,4,34,0,3,69,0,72,0,17,85,4,106,30,0,30,136
07/19/2012,LCH,LA,ASW,CE,Combined TRACON& Tower with Radar,0,16,13,2,31,0,4,60,0,64,0,20,73,2,95,24,0,24,119
07/20/2012,LCH,LA,ASW,CE,Combined TRACON& Tower with Radar,2,17,16,12,47,0,1,71,0,72,2,18,87,12,119,52,14,66,185
07/21/2012,LCH,LA,ASW,CE,Combined TRACON& Tower with Radar,0,6,13,0,19,0,2,39,0,41,0,8,52,0,60,64,0,64,124
07/22/2012,LCH,LA,ASW,CE,Combined TRACON& Tower with Radar,0,14,11,2,27,0,0,37,0,37,0,14,48,2,64,72,2,74,138
07/23/2012,LCH,LA,ASW,CE,Combined TRACON& Tower with Radar,0,20,8,5,33,0,2,53,1,56,0,22,61,6,89,26,6,32,121
07/24/2012,LCH,LA,ASW,CE,Combined TRACON& Tower with Radar,0,16,19,2,37,0,6,63,1,70,0,22,82,3,107,70,8,78,185
07/25/2012,LCH,LA,ASW,CE,Combined TRACON& Tower with Radar,0,20,12,0,32,0,0,66,0,66,0,20,78,0,98,86,0,86,184
07/26/2012,LCH,LA,ASW,CE,Combined TRACON& Tower with Radar,0,10,12,2,24,0,4,74,0,78,0,14,86,2,102,38,0,38,140
07/27/2012,LCH,LA,ASW,CE,Combined TRACON& Tower with Radar,0,15,29,18,62,0,0,55,0,55,0,15,84,18,117,24,30,54,171
07/28/2012,LCH,LA,ASW,CE,Combined TRACON& Tower with Radar,0,11,13,10,34,0,3,36,0,39,0,14,49,10,73,20,2,22,95
07/29/2012,LCH,LA,ASW,CE,Combined TRACON& Tower with Radar,0,12,16,4,32,0,5,51,0,56,0,17,67,4,88,10,2,12,100
07/30/2012,LCH,LA,ASW,CE,Combined TRACON& Tower with Radar,0,12,14,6,32,0,0,67,0,67,0,12,81,6,99,28,8,36,135
07/31/2012,LCH,LA,ASW,CE,Combined TRACON& Tower with Radar,0,12,21,0,33,0,1,59,0,60,0,13,80,0,93,8,4,12,105
08/01/2012,LCH,LA,ASW,CE,Combined TRACON& Tower with Radar,0,16,10,11,37,0,6,51,0,57,0,22,61,11,94,74,10,84,178
08/02/2012,LCH,LA,ASW,CE,Combined TRACON& Tower with Radar,0,14,20,4,38,0,4,63,0,67,0,18,83,4,105,104,0,104,209
08/03/2012,LCH,LA,ASW,CE,Combined TRACON& Tower with Radar,0,14,21,26,61,0,2,52,0,54,0,16,73,26,115,60,34,94,209
08/04/2012,LCH,LA,ASW,CE,Combined TRACON& Tower with Radar,0,9,9,0,18,0,4,36,0,40,0,13,45,0,58,32,2,34,92
08/05/2012,LCH,LA,ASW,CE,Combined TRACON& Tower with Radar,0,10,6,0,16,0,0,27,0,27,0,10,33,0,43,28,0,28,71
08/06/2012,LCH,LA,ASW,CE,Combined TRACON& Tower with Radar,0,13,10,8,31,0,3,50,0,53,0,16,60,8,84,4,2,6,90
08/07/2012,LCH,LA,ASW,CE,Combined TRACON& Tower with Radar,0,13,9,4,26,0,1,50,0,51,0,14,59,4,77,114,2,116,193
08/08/2012,LCH,LA,ASW,CE,Combined TRACON& Tower with Radar,0,11,19,4,34,0,0,54,0,54,0,11,73,4,88,32,0,32,120
08/09/2012,LCH,LA,ASW,CE,Combined TRACON& Tower with Radar,0,19,22,4,45,0,1,51,0,52,0,20,73,4,97,16,16,32,129
08/10/2012,LCH,LA,ASW,CE,Combined TRACON& Tower with Radar,0,17,6,0,23,0,1,54,0,55,0,18,60,0,78,26,0,26,104
08/11/2012,LCH,LA,ASW,CE,Combined TRACON& Tower with Radar,0,12,11,0,23,0,0,50,0,50,0,12,61,0,73,66,0,66,139
08/12/2012,LCH,LA,ASW,CE,Combined TRACON& Tower with Radar,0,9,15,0,24,0,3,35,0,38,0,12,50,0,62,74,2,76,138
08/13/2012,LCH,LA,ASW,CE,Combined TRACON& Tower with Radar,0,13,5,1,19,0,1,57,0,58,0,14,62,1,77,40,2,42,119
08/14/2012,LCH,LA,ASW,CE,Combined TRACON& Tower with Radar,0,17,12,4,33,0,1,60,0,61,0,18,72,4,94,22,4,26,120
08/15/2012,LCH,LA,ASW,CE,Combined TRACON& Tower with Radar,0,16,11,6,33,0,9,54,0,63,0,25,65,6,96,22,2,24,120
08/16/2012,LCH,LA,ASW,CE,Combined TRACON& Tower with Radar,0,13,17,0,30,0,8,60,1,69,0,21,77,1,99,18,8,26,125
08/17/2012,LCH,LA,ASW,CE,Combined TRACON& Tower with Radar,0,15,11,4,30,0,5,56,1,62,0,20,67,5,92,20,2,22,114
08/18/2012,LCH,LA,ASW,CE,Combined TRACON& Tower with Radar,0,10,2,11,23,0,1,23,1,25,0,11,25,12,48,18,12,30,78
08/19/2012,LCH,LA,ASW,CE,Combined TRACON& Tower with Radar,0,13,7,0,20,0,0,29,0,29,0,13,36,0,49,24,6,30,79
08/20/2012,LCH,LA,ASW,CE,Combined TRACON& Tower with Radar,0,17,17,7,41,0,2,67,0,69,0,19,84,7,110,88,10,98,208
08/21/2012,LCH,LA,ASW,CE,Combined TRACON& Tower with Radar,0,16,8,1,25,0,5,62,1,68,0,21,70,2,93,34,4,38,131
08/22/2012,LCH,LA,ASW,CE,Combined TRACON& Tower with Radar,0,14,8,2,24,0,5,53,1,59,0,19,61,3,83,12,0,12,95
08/23/2012,LCH,LA,ASW,CE,Combined TRACON& Tower with Radar,0,11,25,8,44,0,0,65,0,65,0,11,90,8,109,62,4,66,175
08/24/2012,LCH,LA,ASW,CE,Combined TRACON& Tower with Radar,0,15,6,0,21,0,2,24,0,26,0,17,30,0,47,8,0,8,55
08/25/2012,LCH,LA,ASW,CE,Combined TRACON& Tower with Radar,0,11,13,0,24,0,2,39,0,41,0,13,52,0,65,56,0,56,121
08/26/2012,LCH,LA,ASW,CE,Combined TRACON& Tower with Radar,0,10,7,0,17,0,1,73,1,75,0,11,80,1,92,6,4,10,102
08/27/2012,LCH,LA,ASW,CE,Combined TRACON& Tower with Radar,0,16,19,10,45,0,6,113,0,119,0,22,132,10,164,34,8,42,206
08/28/2012,LCH,LA,ASW,CE,Combined TRACON& Tower with Radar,0,13,7,0,20,0,4,21,1,26,0,17,28,1,46,8,0,8,54
08/29/2012,LCH,LA,ASW,CE,Combined TRACON& Tower with Radar,0,12,4,0,16,0,4,13,0,17,0,16,17,0,33,4,0,4,37
08/30/2012,LCH,LA,ASW,CE,Combined TRACON& Tower with Radar,0,19,12,1,32,0,2,77,0,79,0,21,89,1,111,4,0,4,115
08/31/2012,LCH,LA,ASW,CE,Combined TRACON& Tower with Radar,0,13,10,0,23,0,0,95,3,98,0,13,105,3,121,50,0,50,171
09/01/2012,LCH,LA,ASW,CE,Combined TRACON& Tower with Radar,0,15,4,0,19,0,0,45,0,45,0,15,49,0,64,28,0,28,92
09/02/2012,LCH,LA,ASW,CE,Combined TRACON& Tower with Radar,0,10,4,0,14,0,1,58,0,59,0,11,62,0,73,20,0,20,93
09/03/2012,LCH,LA,ASW,CE,Combined TRACON& Tower with Radar,0,21,5,0,26,0,4,40,0,44,0,25,45,0,70,40,0,40,110
09/04/2012,LCH,LA,ASW,CE,Combined TRACON& Tower with Radar,0,17,13,0,30,0,4,65,0,69,0,21,78,0,99,60,4,64,163
09/05/2012,LCH,LA,ASW,CE,Combined TRACON& Tower with Radar,0,19,17,17,53,0,3,72,0,75,0,22,89,17,128,36,34,70,198
09/06/2012,LCH,LA,ASW,CE,Combined TRACON& Tower with Radar,0,12,22,0,34,0,6,56,0,62,0,18,78,0,96,96,10,106,202
09/07/2012,LCH,LA,ASW,CE,Combined TRACON& Tower with Radar,0,12,13,11,36,0,1,59,2,62,0,13,72,13,98,40,4,44,142
09/08/2012,LCH,LA,ASW,CE,Combined TRACON& Tower with Radar,0,11,7,2,20,0,0,36,0,36,0,11,43,2,56,42,14,56,112
09/09/2012,LCH,LA,ASW,CE,Combined TRACON& Tower with Radar,0,13,9,10,32,0,1,27,0,28,0,14,36,10,60,68,10,78,138
09/10/2012,LCH,LA,ASW,CE,Combined TRACON& Tower with Radar,0,26,13,10,49,0,0,66,0,66,0,26,79,10,115,34,16,50,165
09/11/2012,LCH,LA,ASW,CE,Combined TRACON& Tower with Radar,0,16,10,4,30,0,1,68,0,69,0,17,78,4,99,20,4,24,123
09/12/2012,LCH,LA,ASW,CE,Combined TRACON& Tower with Radar,0,12,24,6,42,0,2,51,0,53,0,14,75,6,95,58,10,68,163
09/13/2012,LCH,LA,ASW,CE,Combined TRACON& Tower with Radar,0,20,12,8,40,0,6,44,0,50,0,26,56,8,90,32,0,32,122
09/14/2012,LCH,LA,ASW,CE,Combined TRACON& Tower with Radar,0,21,19,5,45,0,3,44,0,47,0,24,63,5,92,20,16,36,128
09/15/2012,LCH,LA,ASW,CE,Combined TRACON& Tower with Radar,0,10,13,0,23,0,3,47,0,50,0,13,60,0,73,64,0,64,137
09/16/2012,LCH,LA,ASW,CE,Combined TRACON& Tower with Radar,0,12,7,4,23,0,2,44,0,46,0,14,51,4,69,12,4,16,85
09/17/2012,LCH,LA,ASW,CE,Combined TRACON& Tower with Radar,0,14,14,0,28,0,2,37,0,39,0,16,51,0,67,54,0,54,121
09/18/2012,LCH,LA,ASW,CE,Combined TRACON& Tower with Radar,0,14,19,9,42,0,2,55,3,60,0,16,74,12,102,56,10,66,168
09/19/2012,LCH,LA,ASW,CE,Combined TRACON& Tower with Radar,0,14,13,14,41,0,3,62,2,67,0,17,75,16,108,88,6,94,202
09/20/2012,LCH,LA,ASW,CE,Combined TRACON& Tower with Radar,0,12,10,5,27,0,3,68,0,71,0,15,78,5,98,18,6,24,122
09/21/2012,LCH,LA,ASW,CE,Combined TRACON& Tower with Radar,0,12,13,2,27,0,3,56,1,60,0,15,69,3,87,38,2,40,127
09/22/2012,LCH,LA,ASW,CE,Combined TRACON& Tower with Radar,0,9,11,4,24,0,6,49,0,55,0,15,60,4,79,34,2,36,115
09/23/2012,LCH,LA,ASW,CE,Combined TRACON& Tower with Radar,0,12,8,6,26,0,4,55,0,59,0,16,63,6,85,18,4,22,107
09/24/2012,LCH,LA,ASW,CE,Combined TRACON& Tower with Radar,0,19,16,10,45,0,2,48,0,50,0,21,64,10,95,14,6,20,115
09/25/2012,LCH,LA,ASW,CE,Combined TRACON& Tower with Radar,0,19,9,20,48,0,6,43,1,50,0,25,52,21,98,14,14,28,126
09/26/2012,LCH,LA,ASW,CE,Combined TRACON& Tower with Radar,0,18,6,13,37,0,5,42,1,48,0,23,48,14,85,0,18,18,103
09/27/2012,LCH,LA,ASW,CE,Combined TRACON& Tower with Radar,0,18,12,14,44,0,6,68,0,74,0,24,80,14,118,20,18,38,156
09/28/2012,LCH,LA,ASW,CE,Combined TRACON& Tower with Radar,0,19,22,10,51,0,4,38,0,42,0,23,60,10,93,30,14,44,137
09/29/2012,LCH,LA,ASW,CE,Combined TRACON& Tower with Radar,0,9,0,0,9,0,0,5,0,5,0,9,5,0,14,4,0,4,18
09/30/2012,LCH,LA,ASW,CE,Combined TRACON& Tower with Radar,0,25,2,6,33,0,0,18,0,18,0,25,20,6,51,24,8,32,83
10/01/2012,LCH,LA,ASW,CE,Combined TRACON& Tower with Radar,0,13,11,10,34,0,0,64,0,64,0,13,75,10,98,70,6,76,174
10/02/2012,LCH,LA,ASW,CE,Combined TRACON& Tower with Radar,0,13,9,11,33,0,2,59,1,62,0,15,68,12,95,82,8,90,185
10/03/2012,LCH,LA,ASW,CE,Combined TRACON& Tower with Radar,0,12,11,4,27,0,1,73,0,74,0,13,84,4,101,0,8,8,109
10/04/2012,LCH,LA,ASW,CE,Combined TRACON& Tower with Radar,0,19,24,13,56,0,8,71,2,81,0,27,95,15,137,40,14,54,191
10/05/2012,LCH,LA,ASW,CE,Combined TRACON& Tower with Radar,0,14,15,6,35,0,2,66,0,68,0,16,81,6,103,14,8,22,125
10/06/2012,LCH,LA,ASW,CE,Combined TRACON& Tower with Radar,0,31,24,2,57,0,3,49,0,52,0,34,73,2,109,84,0,84,193
10/07/2012,LCH,LA,ASW,CE,Combined TRACON& Tower with Radar,0,22,18,0,40,0,3,48,0,51,0,25,66,0,91,42,0,42,133
10/08/2012,LCH,LA,ASW,CE,Combined TRACON& Tower with Radar,0,14,10,0,24,0,3,51,0,54,0,17,61,0,78,40,0,40,118
10/09/2012,LCH,LA,ASW,CE,Combined TRACON& Tower with Radar,0,20,12,13,45,0,2,43,0,45,0,22,55,13,90,52,16,68,158
10/10/2012,LCH,LA,ASW,CE,Combined TRACON& Tower with Radar,0,18,19,7,44,0,4,76,2,82,0,22,95,9,126,24,14,38,164
10/11/2012,LCH,LA,ASW,CE,Combined TRACON& Tower with Radar,0,17,17,22,56,0,8,73,0,81,0,25,90,22,137,86,30,116,253
10/12/2012,LCH,LA,ASW,CE,Combined TRACON& Tower with Radar,0,31,12,26,69,0,3,46,0,49,0,34,58,26,118,18,28,46,164
10/13/2012,LCH,LA,ASW,CE,Combined TRACON& Tower with Radar,0,22,14,6,42,0,2,53,1,56,0,24,67,7,98,52,4,56,154
10/14/2012,LCH,LA,ASW,CE,Combined TRACON& Tower with Radar,0,15,19,4,38,0,2,42,0,44,0,17,61,4,82,42,12,54,136
10/15/2012,LCH,LA,ASW,CE,Combined TRACON& Tower with Radar,0,13,22,7,42,0,2,69,2,73,0,15,91,9,115,62,12,74,189
10/16/2012,LCH,LA,ASW,CE,Combined TRACON& Tower with Radar,0,15,12,10,37,0,0,64,0,64,0,15,76,10,101,72,14,86,187
10/17/2012,LCH,LA,ASW,CE,Combined TRACON& Tower with Radar,0,12,16,21,49,0,3,59,0,62,0,15,75,21,111,16,30,46,157
10/18/2012,LCH,LA,ASW,CE,Combined TRACON& Tower with Radar,0,12,11,18,41,0,3,80,0,83,0,15,91,18,124,18,14,32,156
10/19/2012,LCH,LA,ASW,CE,Combined TRACON& Tower with Radar,0,18,13,19,50,0,6,86,3,95,0,24,99,22,145,28,34,62,207
10/20/2012,LCH,LA,ASW,CE,Combined TRACON& Tower with Radar,0,13,2,24,39,0,0,51,0,51,0,13,53,24,90,34,36,70,160
10/21/2012,LCH,LA,ASW,CE,Combined TRACON& Tower with Radar,0,17,23,10,50,0,0,50,0,50,0,17,73,10,100,38,12,50,150
10/22/2012,LCH,LA,ASW,CE,Combined TRACON& Tower with Radar,0,13,21,4,38,0,0,63,0,63,0,13,84,4,101,46,4,50,151
10/23/2012,LCH,LA,ASW,CE,Combined TRACON& Tower with Radar,0,12,17,0,29,0,4,60,0,64,0,16,77,0,93,52,4,56,149
10/24/2012,LCH,LA,ASW,CE,Combined TRACON& Tower with Radar,0,21,17,7,45,0,1,55,1,57,0,22,72,8,102,54,16,70,172
10/25/2012,LCH,LA,ASW,CE,Combined TRACON& Tower with Radar,0,21,17,15,53,0,0,56,0,56,0,21,73,15,109,12,20,32,141
10/26/2012,LCH,LA,ASW,CE,Combined TRACON& Tower with Radar,0,18,9,4,31,0,0,19,0,19,0,18,28,4,50,28,2,30,80
10/27/2012,LCH,LA,ASW,CE,Combined TRACON& Tower with Radar,0,13,11,6,30,0,4,55,0,59,0,17,66,6,89,58,10,68,157
10/28/2012,LCH,LA,ASW,CE,Combined TRACON& Tower with Radar,0,11,12,4,27,0,1,37,0,38,0,12,49,4,65,66,4,70,135
10/29/2012,LCH,LA,ASW,CE,Combined TRACON& Tower with Radar,0,27,9,21,57,0,3,67,1,71,0,30,76,22,128,48,40,88,216
10/30/2012,LCH,LA,ASW,CE,Combined TRACON& Tower with Radar,0,18,22,7,47,0,0,60,1,61,0,18,82,8,108,20,16,36,144
10/31/2012,LCH,LA,ASW,CE,Combined TRACON& Tower with Radar,0,12,18,11,41,0,2,73,0,75,0,14,91,11,116,8,14,22,138
11/01/2012,LCH,LA,ASW,CE,Combined TRACON& Tower with Radar,0,17,9,8,34,0,2,76,0,78,0,19,85,8,112,34,6,40,152
11/02/2012,LCH,LA,ASW,CE,Combined TRACON& Tower with Radar,0,13,11,10,34,0,1,43,0,44,0,14,54,10,78,4,8,12,90
11/03/2012,LCH,LA,ASW,CE,Combined TRACON& Tower with Radar,0,9,15,4,28,0,0,49,0,49,0,9,64,4,77,12,4,16,93
11/04/2012,LCH,LA,ASW,CE,Combined TRACON& Tower with Radar,0,13,6,2,21,0,2,28,0,30,0,15,34,2,51,20,2,22,73
11/05/2012,LCH,LA,ASW,CE,Combined TRACON& Tower with Radar,0,17,13,4,34,0,0,31,2,33,0,17,44,6,67,0,2,2,69
11/06/2012,LCH,LA,ASW,CE,Combined TRACON& Tower with Radar,0,12,10,18,40,0,3,51,0,54,0,15,61,18,94,28,12,40,134
11/07/2012,LCH,LA,ASW,CE,Combined TRACON& Tower with Radar,0,13,18,15,46,0,4,57,0,61,0,17,75,15,107,16,22,38,145
11/08/2012,LCH,LA,ASW,CE,Combined TRACON& Tower with Radar,0,14,12,2,28,0,2,55,1,58,0,16,67,3,86,106,2,108,194
11/09/2012,LCH,LA,ASW,CE,Combined TRACON& Tower with Radar,0,17,26,2,45,0,4,62,0,66,0,21,88,2,111,52,0,52,163
11/10/2012,LCH,LA,ASW,CE,Combined TRACON& Tower with Radar,0,17,15,1,33,0,0,55,1,56,0,17,70,2,89,26,4,30,119
11/11/2012,LCH,LA,ASW,CE,Combined TRACON& Tower with Radar,0,12,16,0,28,0,2,18,0,20,0,14,34,0,48,2,0,2,50
11/12/2012,LCH,LA,ASW,CE,Combined TRACON& Tower with Radar,0,17,13,2,32,0,4,54,0,58,0,21,67,2,90,18,2,20,110
11/13/2012,LCH,LA,ASW,CE,Combined TRACON& Tower with Radar,0,16,12,2,30,0,0,55,0,55,0,16,67,2,85,40,8,48,133
11/14/2012,LCH,LA,ASW,CE,Combined TRACON& Tower with Radar,0,19,38,7,64,0,6,57,0,63,0,25,95,7,127,4,18,22,149
11/15/2012,LCH,LA,ASW,CE,Combined TRACON& Tower with Radar,0,15,34,1,50,0,2,89,0,91,0,17,123,1,141,28,10,38,179
11/16/2012,LCH,LA,ASW,CE,Combined TRACON& Tower with Radar,0,23,29,28,80,0,0,66,1,67,0,23,95,29,147,24,30,54,201
11/17/2012,LCH,LA,ASW,CE,Combined TRACON& Tower with Radar,0,16,22,10,48,0,3,74,0,77,0,19,96,10,125,22,10,32,157
11/18/2012,LCH,LA,ASW,CE,Combined TRACON& Tower with Radar,0,14,23,8,45,0,0,45,0,45,0,14,68,8,90,42,6,48,138
11/19/2012,LCH,LA,ASW,CE,Combined TRACON& Tower with Radar,0,15,9,6,30,0,1,49,0,50,0,16,58,6,80,16,0,16,96
11/20/2012,LCH,LA,ASW,CE,Combined TRACON& Tower with Radar,0,13,11,14,38,0,7,42,0,49,0,20,53,14,87,2,20,22,109
11/21/2012,LCH,LA,ASW,CE,Combined TRACON& Tower with Radar,0,20,14,2,36,0,0,63,0,63,0,20,77,2,99,40,2,42,141
11/22/2012,LCH,LA,ASW,CE,Combined TRACON& Tower with Radar,0,6,9,0,15,0,6,21,0,27,0,12,30,0,42,30,0,30,72
11/23/2012,LCH,LA,ASW,CE,Combined TRACON& Tower with Radar,0,12,9,0,21,0,3,27,0,30,0,15,36,0,51,48,0,48,99
11/24/2012,LCH,LA,ASW,CE,Combined TRACON& Tower with Radar,0,16,13,0,29,0,3,53,0,56,0,19,66,0,85,46,0,46,131
11/25/2012,LCH,LA,ASW,CE,Combined TRACON& Tower with Radar,0,12,16,0,28,0,3,31,2,36,0,15,47,2,64,20,0,20,84
11/26/2012,LCH,LA,ASW,CE,Combined TRACON& Tower with Radar,0,14,10,4,28,0,2,34,0,36,0,16,44,4,64,0,2,2,66
11/27/2012,LCH,LA,ASW,CE,Combined TRACON& Tower with Radar,0,20,8,8,36,0,2,26,0,28,0,22,34,8,64,16,0,16,80
11/28/2012,LCH,LA,ASW,CE,Combined TRACON& Tower with Radar,0,27,21,34,82,0,2,39,0,41,0,29,60,34,123,28,38,66,189
11/29/2012,LCH,LA,ASW,CE,Combined TRACON& Tower with Radar,0,15,19,17,51,0,2,53,0,55,0,17,72,17,106,26,12,38,144
11/30/2012,LCH,LA,ASW,CE,Combined TRACON& Tower with Radar,0,24,25,40,89,0,5,58,0,63,0,29,83,40,152,64,48,112,264
12/01/2012,LCH,LA,ASW,CE,Combined TRACON& Tower with Radar,0,20,4,7,31,0,2,51,0,53,0,22,55,7,84,28,12,40,124
12/02/2012,LCH,LA,ASW,CE,Combined TRACON& Tower with Radar,0,15,14,2,31,0,3,31,0,34,0,18,45,2,65,14,0,14,79
12/03/2012,LCH,LA,ASW,CE,Combined TRACON& Tower with Radar,0,16,20,11,47,0,0,56,1,57,0,16,76,12,104,20,16,36,140
12/04/2012,LCH,LA,ASW,CE,Combined TRACON& Tower with Radar,0,20,14,0,34,0,1,29,0,30,0,21,43,0,64,0,0,0,64
12/05/2012,LCH,LA,ASW,CE,Combined TRACON& Tower with Radar,0,19,12,4,35,0,4,34,0,38,0,23,46,4,73,110,4,114,187
12/06/2012,LCH,LA,ASW,CE,Combined TRACON& Tower with Radar,0,23,23,8,54,0,3,33,0,36,0,26,56,8,90,10,4,14,104
12/07/2012,LCH,LA,ASW,CE,Combined TRACON& Tower with Radar,0,13,22,4,39,0,0,42,0,42,0,13,64,4,81,70,8,78,159
12/08/2012,LCH,LA,ASW,CE,Combined TRACON& Tower with Radar,0,12,7,0,19,0,3,40,0,43,0,15,47,0,62,46,0,46,108
12/09/2012,LCH,LA,ASW,CE,Combined TRACON& Tower with Radar,0,9,4,0,13,0,0,25,0,25,0,9,29,0,38,2,0,2,40
12/10/2012,LCH,LA,ASW,CE,Combined TRACON& Tower with Radar,0,16,12,4,32,0,1,42,0,43,0,17,54,4,75,34,2,36,111
12/11/2012,LCH,LA,ASW,CE,Combined TRACON& Tower with Radar,0,17,17,6,40,0,4,53,2,59,0,21,70,8,99,20,28,48,147
12/12/2012,LCH,LA,ASW,CE,Combined TRACON& Tower with Radar,0,16,9,11,36,0,2,66,0,68,0,18,75,11,104,34,0,34,138
12/13/2012,LCH,LA,ASW,CE,Combined TRACON& Tower with Radar,0,21,24,5,50,0,2,62,0,64,0,23,86,5,114,38,0,38,152
12/14/2012,LCH,LA,ASW,CE,Combined TRACON& Tower with Radar,0,19,20,32,71,0,5,52,0,57,0,24,72,32,128,20,32,52,180
12/15/2012,LCH,LA,ASW,CE,Combined TRACON& Tower with Radar,0,14,12,0,26,0,3,47,0,50,0,17,59,0,76,12,0,12,88
12/16/2012,LCH,LA,ASW,CE,Combined TRACON& Tower with Radar,4,25,12,0,41,0,0,9,0,9,4,25,21,0,50,12,0,12,62
12/17/2012,LCH,LA,ASW,CE,Combined TRACON& Tower with Radar,0,21,25,10,56,0,2,54,0,56,0,23,79,10,112,38,8,46,158
12/18/2012,LCH,LA,ASW,CE,Combined TRACON& Tower with Radar,0,14,24,18,56,0,3,64,1,68,0,17,88,19,124,26,20,46,170
12/19/2012,LCH,LA,ASW,CE,Combined TRACON& Tower with Radar,0,9,14,30,53,0,1,39,0,40,0,10,53,30,93,10,40,50,143
12/20/2012,LCH,LA,ASW,CE,Combined TRACON& Tower with Radar,0,20,10,13,43,0,6,31,1,38,0,26,41,14,81,8,20,28,109
12/21/2012,LCH,LA,ASW,CE,Combined TRACON& Tower with Radar,0,11,13,0,24,0,0,59,0,59,0,11,72,0,83,12,0,12,95
12/22/2012,LCH,LA,ASW,CE,Combined TRACON& Tower with Radar,0,8,17,2,27,0,4,41,0,45,0,12,58,2,72,12,0,12,84
12/23/2012,LCH,LA,ASW,CE,Combined TRACON& Tower with Radar,2,10,28,0,40,0,2,35,0,37,2,12,63,0,77,28,0,28,105
12/24/2012,LCH,LA,ASW,CE,Combined TRACON& Tower with Radar,0,12,17,0,29,0,3,38,0,41,0,15,55,0,70,22,0,22,92
12/25/2012,LCH,LA,ASW,CE,Combined TRACON& Tower with Radar,0,8,0,0,8,0,0,8,0,8,0,8,8,0,16,4,0,4,20
12/26/2012,LCH,LA,ASW,CE,Combined TRACON& Tower with Radar,0,12,10,0,22,0,0,26,0,26,0,12,36,0,48,12,0,12,60
12/27/2012,LCH,LA,ASW,CE,Combined TRACON& Tower with Radar,0,18,22,0,40,0,2,43,0,45,0,20,65,0,85,42,2,44,129
12/28/2012,LCH,LA,ASW,CE,Combined TRACON& Tower with Radar,0,14,2,0,16,0,0,16,0,16,0,14,18,0,32,12,0,12,44
12/29/2012,LCH,LA,ASW,CE,Combined TRACON& Tower with Radar,0,10,21,0,31,0,4,34,2,40,0,14,55,2,71,37,0,37,108
12/30/2012,LCH,LA,ASW,CE,Combined TRACON& Tower with Radar,0,12,13,0,25,0,2,27,0,29,0,14,40,0,54,36,0,36,90
12/31/2012,LCH,LA,ASW,CE,Combined TRACON& Tower with Radar,0,15,24,0,39,0,2,39,0,41,0,17,63,0,80,16,0,16,96
01/01/2013,LCH,LA,ASW,CE,Combined TRACON& Tower with Radar,0,15,0,0,15,0,1,1,0,2,0,16,1,0,17,0,0,0,17
01/02/2013,LCH,LA,ASW,CE,Combined TRACON& Tower with Radar,0,15,17,0,32,0,4,22,0,26,0,19,39,0,58,16,0,16,74
01/03/2013,LCH,LA,ASW,CE,Combined TRACON& Tower with Radar,0,17,31,9,57,0,5,25,0,30,0,22,56,9,87,22,8,30,117
01/04/2013,LCH,LA,ASW,CE,Combined TRACON& Tower with Radar,0,12,23,31,66,0,5,45,0,50,0,17,68,31,116,16,28,44,160
01/05/2013,LCH,LA,ASW,CE,Combined TRACON& Tower with Radar,0,13,43,3,59,0,2,25,0,27,0,15,68,3,86,34,6,40,126
01/06/2013,LCH,LA,ASW,CE,Combined TRACON& Tower with Radar,0,13,29,8,50,0,2,39,0,41,0,15,68,8,91,36,0,36,127
01/07/2013,LCH,LA,ASW,CE,Combined TRACON& Tower with Radar,0,14,22,2,38,0,4,55,0,59,0,18,77,2,97,78,2,80,177
01/08/2013,LCH,LA,ASW,CE,Combined TRACON& Tower with Radar,0,30,12,0,42,0,0,12,0,12,0,30,24,0,54,0,0,0,54
01/09/2013,LCH,LA,ASW,CE,Combined TRACON& Tower with Radar,0,12,6,0,18,0,0,0,0,0,0,12,6,0,18,0,0,0,18
01/10/2013,LCH,LA,ASW,CE,Combined TRACON& Tower with Radar,0,22,15,0,37,0,0,3,0,3,0,22,18,0,40,0,0,0,40
01/11/2013,LCH,LA,ASW,CE,Combined TRACON& Tower with Radar,0,14,23,2,39,0,0,32,0,32,0,14,55,2,71,6,10,16,87
01/12/2013,LCH,LA,ASW,CE,Combined TRACON& Tower with Radar,0,17,13,4,34,0,0,5,0,5,0,17,18,4,39,26,6,32,71
01/13/2013,LCH,LA,ASW,CE,Combined TRACON& Tower with Radar,0,27,6,0,33,0,1,8,0,9,0,28,14,0,42,22,0,22,64
01/14/2013,LCH,LA,ASW,CE,Combined TRACON& Tower with Radar,0,21,14,4,39,0,1,2,0,3,0,22,16,4,42,4,0,4,46
01/15/2013,LCH,LA,ASW,CE,Combined TRACON& Tower with Radar,0,18,8,0,26,0,0,0,0,0,0,18,8,0,26,0,0,0,26
01/16/2013,LCH,LA,ASW,CE,Combined TRACON& Tower with Radar,0,14,5,0,19,0,4,15,0,19,0,18,20,0,38,0,2,2,40
01/17/2013,LCH,LA,ASW,CE,Combined TRACON& Tower with Radar,0,14,9,0,23,0,0,53,0,53,0,14,62,0,76,14,2,16,92
01/18/2013,LCH,LA,ASW,CE,Combined TRACON& Tower with Radar,0,13,16,0,29,0,4,75,0,79,0,17,91,0,108,78,6,84,192
01/19/2013,LCH,LA,ASW,CE,Combined TRACON& Tower with Radar,0,10,22,11,43,0,0,59,0,59,0,10,81,11,102,72,40,112,214
01/20/2013,LCH,LA,ASW,CE,Combined TRACON& Tower with Radar,0,22,25,31,78,0,0,51,0,51,0,22,76,31,129,60,16,76,205
01/21/2013,LCH,LA,ASW,CE,Combined TRACON& Tower with Radar,0,11,15,0,26,0,4,32,0,36,0,15,47,0,62,10,0,10,72
01/22/2013,LCH,LA,ASW,CE,Combined TRACON& Tower with Radar,0,13,18,3,34,0,4,50,0,54,0,17,68,3,88,32,2,34,122
01/23/2013,LCH,LA,ASW,CE,Combined TRACON& Tower with Radar,0,13,12,0,25,0,4,37,0,41,0,17,49,0,66,2,0,2,68
01/24/2013,LCH,LA,ASW,CE,Combined TRACON& Tower with Radar,0,13,24,0,37,0,0,47,2,49,0,13,71,2,86,4,4,8,94
01/25/2013,LCH,LA,ASW,CE,Combined TRACON& Tower with Radar,0,11,13,14,38,0,5,38,0,43,0,16,51,14,81,26,17,43,124
01/26/2013,LCH,LA,ASW,CE,Combined TRACON& Tower with Radar,0,10,15,0,25,0,0,30,0,30,0,10,45,0,55,6,0,6,61
01/27/2013,LCH,LA,ASW,CE,Combined TRACON& Tower with Radar,0,13,10,2,25,0,1,20,2,23,0,14,30,4,48,14,2,16,64
01/28/2013,LCH,LA,ASW,CE,Combined TRACON& Tower with Radar,0,12,25,0,37,0,3,29,0,32,0,15,54,0,69,46,4,50,119
01/29/2013,LCH,LA,ASW,CE,Combined TRACON& Tower with Radar,0,16,9,5,30,0,2,11,0,13,0,18,20,5,43,12,0,12,55
01/30/2013,LCH,LA,ASW,CE,Combined TRACON& Tower with Radar,0,12,22,0,34,0,4,17,0,21,0,16,39,0,55,4,4,8,63
01/31/2013,LCH,LA,ASW,CE,Combined TRACON& Tower with Radar,0,16,11,4,31,0,2,51,0,53,0,18,62,4,84,18,4,22,106
02/01/2013,LCH,LA,ASW,CE,Combined TRACON& Tower with Radar,0,18,8,8,34,0,4,60,0,64,0,22,68,8,98,44,0,44,142
02/02/2013,LCH,LA,ASW,CE,Combined TRACON& Tower with Radar,0,17,18,6,41,0,5,61,0,66,0,22,79,6,107,60,12,72,179
02/03/2013,LCH,LA,ASW,CE,Combined TRACON& Tower with Radar,0,17,7,0,24,0,0,58,0,58,0,17,65,0,82,40,0,40,122
02/04/2013,LCH,LA,ASW,CE,Combined TRACON& Tower with Radar,0,18,12,0,30,0,0,25,0,25,0,18,37,0,55,16,0,16,71
02/05/2013,LCH,LA,ASW,CE,Combined TRACON& Tower with Radar,0,15,28,2,45,0,0,29,0,29,0,15,57,2,74,22,4,26,100
02/06/2013,LCH,LA,ASW,CE,Combined TRACON& Tower with Radar,0,22,8,4,34,0,0,2,0,2,0,22,10,4,36,2,4,6,42
02/07/2013,LCH,LA,ASW,CE,Combined TRACON& Tower with Radar,0,19,18,4,41,0,1,16,0,17,0,20,34,4,58,28,18,46,104
02/08/2013,LCH,LA,ASW,CE,Combined TRACON& Tower with Radar,0,15,14,10,39,0,2,36,0,38,0,17,50,10,77,104,8,112,189
02/09/2013,LCH,LA,ASW,CE,Combined TRACON& Tower with Radar,0,12,9,0,21,0,2,9,0,11,0,14,18,0,32,30,0,30,62
02/10/2013,LCH,LA,ASW,CE,Combined TRACON& Tower with Radar,0,17,3,0,20,0,0,6,0,6,0,17,9,0,26,0,0,0,26
02/11/2013,LCH,LA,ASW,CE,Combined TRACON& Tower with Radar,0,17,2,0,19,0,0,11,0,11,0,17,13,0,30,0,0,0,30
02/12/2013,LCH,LA,ASW,CE,Combined TRACON& Tower with Radar,0,18,6,0,24,0,2,0,0,2,0,20,6,0,26,4,0,4,30
02/13/2013,LCH,LA,ASW,CE,Combined TRACON& Tower with Radar,0,15,10,5,30,0,0,40,0,40,0,15,50,5,70,64,4,68,138
02/14/2013,LCH,LA,ASW,CE,Combined TRACON& Tower with Radar,0,13,31,0,44,0,6,77,0,83,0,19,108,0,127,52,4,56,183
02/15/2013,LCH,LA,ASW,CE,Combined TRACON& Tower with Radar,0,14,18,31,63,0,8,57,1,66,0,22,75,32,129,60,34,94,223
02/16/2013,LCH,LA,ASW,CE,Combined TRACON& Tower with Radar,0,10,27,2,39,0,4,37,0,41,0,14,64,2,80,40,4,44,124
02/17/2013,LCH,LA,ASW,CE,Combined TRACON& Tower with Radar,0,13,34,8,55,0,3,41,0,44,0,16,75,8,99,50,10,60,159
02/18/2013,LCH,LA,ASW,CE,Combined TRACON& Tower with Radar,0,10,12,0,22,0,2,24,0,26,0,12,36,0,48,56,0,56,104
02/19/2013,LCH,LA,ASW,CE,Combined TRACON& Tower with Radar,0,12,22,16,50,0,4,49,0,53,0,16,71,16,103,52,20,72,175
02/20/2013,LCH,LA,ASW,CE,Combined TRACON& Tower with Radar,0,15,10,2,27,0,3,35,2,40,0,18,45,4,67,18,0,18,85
02/21/2013,LCH,LA,ASW,CE,Combined TRACON& Tower with Radar,0,30,10,0,40,0,0,5,0,5,0,30,15,0,45,10,0,10,55
02/22/2013,LCH,LA,ASW,CE,Combined TRACON& Tower with Radar,0,18,20,11,49,0,1,41,1,43,0,19,61,12,92,0,0,0,92
02/23/2013,LCH,LA,ASW,CE,Combined TRACON& Tower with Radar,0,17,18,12,47,0,1,41,0,42,0,18,59,12,89,0,0,0,89
02/24/2013,LCH,LA,ASW,CE,Combined TRACON& Tower with Radar,0,13,12,0,25,0,5,49,0,54,0,18,61,0,79,0,0,0,79
02/25/2013,LCH,LA,ASW,CE,Combined TRACON& Tower with Radar,0,13,9,12,34,0,1,3,0,4,0,14,12,12,38,4,12,16,54
02/26/2013,LCH,LA,ASW,CE,Combined TRACON& Tower with Radar,0,11,27,10,48,0,0,41,0,41,0,11,68,10,89,74,14,88,177
02/27/2013,LCH,LA,ASW,CE,Combined TRACON& Tower with Radar,0,13,19,7,39,0,3,63,3,69,0,16,82,10,108,34,4,38,146
02/28/2013,LCH,LA,ASW,CE,Combined TRACON& Tower with Radar,0,10,19,6,35,0,1,53,0,54,0,11,72,6,89,24,8,32,121
03/01/2013,LCH,LA,ASW,CE,Combined TRACON& Tower with Radar,2,12,24,10,48,0,4,49,0,53,2,16,73,10,101,6,0,6,107
03/02/2013,LCH,LA,ASW,CE,Combined TRACON& Tower with Radar,0,12,21,0,33,0,1,48,0,49,0,13,69,0,82,26,0,26,108
03/03/2013,LCH,LA,ASW,CE,Combined TRACON& Tower with Radar,2,13,27,17,59,0,0,36,1,37,2,13,63,18,96,38,14,52,148
03/04/2013,LCH,LA,ASW,CE,Combined TRACON& Tower with Radar,0,13,11,6,30,0,1,21,0,22,0,14,32,6,52,0,4,4,56
03/05/2013,LCH,LA,ASW,CE,Combined TRACON& Tower with Radar,0,14,15,6,35,0,1,16,0,17,0,15,31,6,52,48,2,50,102
03/06/2013,LCH,LA,ASW,CE,Combined TRACON& Tower with Radar,0,13,11,9,33,0,19,40,0,59,0,32,51,9,92,44,12,56,148
03/07/2013,LCH,LA,ASW,CE,Combined TRACON& Tower with Radar,0,11,21,0,32,0,40,35,2,77,0,51,56,2,109,84,0,84,193
03/08/2013,LCH,LA,ASW,CE,Combined TRACON& Tower with Radar,0,12,11,10,33,0,27,27,1,55,0,39,38,11,88,8,8,16,104
03/09/2013,LCH,LA,ASW,CE,Combined TRACON& Tower with Radar,0,11,9,11,31,0,8,10,1,19,0,19,19,12,50,6,12,18,68
03/10/2013,LCH,LA,ASW,CE,Combined TRACON& Tower with Radar,0,11,21,2,34,0,5,4,0,9,0,16,25,2,43,18,2,20,63
03/11/2013,LCH,LA,ASW,CE,Combined TRACON& Tower with Radar,0,10,4,2,16,0,29,29,1,59,0,39,33,3,75,4,2,6,81
03/12/2013,LCH,LA,ASW,CE,Combined TRACON& Tower with Radar,0,19,25,2,46,0,26,49,0,75,0,45,74,2,121,46,18,64,185
03/13/2013,LCH,LA,ASW,CE,Combined TRACON& Tower with Radar,0,16,15,2,33,0,36,21,0,57,0,52,36,2,90,32,2,34,124
03/14/2013,LCH,LA,ASW,CE,Combined TRACON& Tower with Radar,0,13,21,2,36,0,23,32,0,55,0,36,53,2,91,4,6,10,101
03/15/2013,LCH,LA,ASW,CE,Combined TRACON& Tower with Radar,0,12,16,12,40,0,25,28,0,53,0,37,44,12,93,18,10,28,121
03/16/2013,LCH,LA,ASW,CE,Combined TRACON& Tower with Radar,0,14,12,2,28,0,36,35,0,71,0,50,47,2,99,36,6,42,141
03/17/2013,LCH,LA,ASW,CE,Combined TRACON& Tower with Radar,0,21,25,0,46,0,25,11,0,36,0,46,36,0,82,10,0,10,92
03/18/2013,LCH,LA,ASW,CE,Combined TRACON& Tower with Radar,0,13,15,4,32,0,10,17,0,27,0,23,32,4,59,14,2,16,75
03/19/2013,LCH,LA,ASW,CE,Combined TRACON& Tower with Radar,0,11,12,18,41,0,28,19,0,47,0,39,31,18,88,102,6,108,196
03/20/2013,LCH,LA,ASW,CE,Combined TRACON& Tower with Radar,0,16,11,6,33,0,17,12,0,29,0,33,23,6,62,16,10,26,88
03/21/2013,LCH,LA,ASW,CE,Combined TRACON& Tower with Radar,0,18,11,9,38,0,28,25,0,53,0,46,36,9,91,2,12,14,105
03/22/2013,LCH,LA,ASW,CE,Combined TRACON& Tower with Radar,0,22,14,6,42,0,13,2,2,17,0,35,16,8,59,8,6,14,73
03/23/2013,LCH,LA,ASW,CE,Combined TRACON& Tower with Radar,0,15,6,10,31,0,0,1,0,1,0,15,7,10,32,6,8,14,46
03/24/2013,LCH,LA,ASW,CE,Combined TRACON& Tower with Radar,0,18,13,6,37,0,13,5,0,18,0,31,18,6,55,16,6,22,77
03/25/2013,LCH,LA,ASW,CE,Combined TRACON& Tower with Radar,0,14,10,4,28,0,23,20,0,43,0,37,30,4,71,38,2,40,111
03/26/2013,LCH,LA,ASW,CE,Combined TRACON& Tower with Radar,0,13,15,7,35,0,20,14,0,34,0,33,29,7,69,12,0,12,81
03/27/2013,LCH,LA,ASW,CE,Combined TRACON& Tower with Radar,0,14,3,6,23,0,26,19,0,45,0,40,22,6,68,4,4,8,76
03/28/2013,LCH,LA,ASW,CE,Combined TRACON& Tower with Radar,0,16,11,12,39,0,22,22,0,44,0,38,33,12,83,6,10,16,99
03/29/2013,LCH,LA,ASW,CE,Combined TRACON& Tower with Radar,0,13,1,6,20,0,17,13,0,30,0,30,14,6,50,8,8,16,66
03/30/2013,LCH,LA,ASW,CE,Combined TRACON& Tower with Radar,0,14,14,0,28,0,25,2,0,27,0,39,16,0,55,18,0,18,73
03/31/2013,LCH,LA,ASW,CE,Combined TRACON& Tower with Radar,0,10,1,0,11,0,0,3,0,3,0,10,4,0,14,0,0,0,14
04/01/2013,LCH,LA,ASW,CE,Combined TRACON& Tower with Radar,0,13,10,2,25,0,22,16,0,38,0,35,26,2,63,8,0,8,71
04/02/2013,LCH,LA,ASW,CE,Combined TRACON& Tower with Radar,0,15,18,6,39,0,20,4,0,24,0,35,22,6,63,18,6,24,87
04/03/2013,LCH,LA,ASW,CE,Combined TRACON& Tower with Radar,0,18,2,0,20,0,3,3,0,6,0,21,5,0,26,2,0,2,28
04/04/2013,LCH,LA,ASW,CE,Combined TRACON& Tower with Radar,0,22,24,10,56,0,14,5,0,19,0,36,29,10,75,4,8,12,87
04/05/2013,LCH,LA,ASW,CE,Combined TRACON& Tower with Radar,0,13,11,5,29,0,27,32,0,59,0,40,43,5,88,10,8,18,106
04/06/2013,LCH,LA,ASW,CE,Combined TRACON& Tower with Radar,0,14,16,11,41,0,19,16,0,35,0,33,32,11,76,22,14,36,112
04/07/2013,LCH,LA,ASW,CE,Combined TRACON& Tower with Radar,0,17,21,5,43,0,11,14,1,26,0,28,35,6,69,6,24,30,99
04/08/2013,LCH,LA,ASW,CE,Combined TRACON& Tower with Radar,0,12,12,2,26,0,23,23,0,46,0,35,35,2,72,22,2,24,96
04/09/2013,LCH,LA,ASW,CE,Combined TRACON& Tower with Radar,0,13,13,1,27,0,18,9,0,27,0,31,22,1,54,14,2,16,70
04/10/2013,LCH,LA,ASW,CE,Combined TRACON& Tower with Radar,0,10,8,2,20,0,10,5,0,15,0,20,13,2,35,8,0,8,43
04/11/2013,LCH,LA,ASW,CE,Combined TRACON& Tower with Radar,0,12,14,0,26,0,17,2,0,19,0,29,16,0,45,0,6,6,51
04/12/2013,LCH,LA,ASW,CE,Combined TRACON& Tower with Radar,0,14,16,28,58,0,41,44,4,89,0,55,60,32,147,8,22,30,177
04/13/2013,LCH,LA,ASW,CE,Combined TRACON& Tower with Radar,0,12,6,10,28,0,19,22,0,41,0,31,28,10,69,48,10,58,127
04/14/2013,LCH,LA,ASW,CE,Combined TRACON& Tower with Radar,0,17,9,0,26,0,25,4,0,29,0,42,13,0,55,2,0,2,57
04/15/2013,LCH,LA,ASW,CE,Combined TRACON& Tower with Radar,0,20,11,7,38,0,19,19,0,38,0,39,30,7,76,8,12,20,96
04/16/2013,LCH,LA,ASW,CE,Combined TRACON& Tower with Radar,0,10,8,2,20,0,1,1,0,2,0,11,9,2,22,0,8,8,30
04/17/2013,LCH,LA,ASW,CE,Combined TRACON& Tower with Radar,0,15,10,6,31,0,6,4,0,10,0,21,14,6,41,4,13,17,58
04/18/2013,LCH,LA,ASW,CE,Combined TRACON& Tower with Radar,0,10,10,0,20,0,19,2,0,21,0,29,12,0,41,12,0,12,53
04/19/2013,LCH,LA,ASW,CE,Combined TRACON& Tower with Radar,0,8,10,6,24,0,13,15,0,28,0,21,25,6,52,0,6,6,58
04/20/2013,LCH,LA,ASW,CE,Combined TRACON& Tower with Radar,0,11,23,0,34,0,16,25,0,41,0,27,48,0,75,14,4,18,93
04/21/2013,LCH,LA,ASW,CE,Combined TRACON& Tower with Radar,0,10,14,4,28,0,19,21,0,40,0,29,35,4,68,14,2,16,84
04/22/2013,LCH,LA,ASW,CE,Combined TRACON& Tower with Radar,0,11,14,4,29,0,25,31,2,58,0,36,45,6,87,16,2,18,105
04/23/2013,LCH,LA,ASW,CE,Combined TRACON& Tower with Radar,0,20,7,11,38,0,20,25,0,45,0,40,32,11,83,0,8,8,91
04/24/2013,LCH,LA,ASW,CE,Combined TRACON& Tower with Radar,0,15,13,4,32,0,10,26,0,36,0,25,39,4,68,10,4,14,82
04/25/2013,LCH,LA,ASW,CE,Combined TRACON& Tower with Radar,0,10,7,4,21,0,22,25,0,47,0,32,32,4,68,40,2,42,110
04/26/2013,LCH,LA,ASW,CE,Combined TRACON& Tower with Radar,0,13,8,12,33,0,31,20,0,51,0,44,28,12,84,26,6,32,116
04/27/2013,LCH,LA,ASW,CE,Combined TRACON& Tower with Radar,0,10,14,14,38,0,24,7,0,31,0,34,21,14,69,48,14,62,131
04/28/2013,LCH,LA,ASW,CE,Combined TRACON& Tower with Radar,0,13,6,0,19,0,18,11,0,29,0,31,17,0,48,20,0,20,68
04/29/2013,LCH,LA,ASW,CE,Combined TRACON& Tower with Radar,0,18,13,8,39,0,17,30,2,49,0,35,43,10,88,10,30,40,128
04/30/2013,LCH,LA,ASW,CE,Combined TRACON& Tower with Radar,0,15,4,0,19,0,10,12,0,22,0,25,16,0,41,0,0,0,41
05/01/2013,LCH,LA,ASW,CE,Combined TRACON& Tower with Radar,0,13,13,2,28,0,13,30,0,43,0,26,43,2,71,0,2,2,73
05/02/2013,LCH,LA,ASW,CE,Combined TRACON& Tower with Radar,0,15,9,10,34,0,16,12,0,28,0,31,21,10,62,2,4,6,68
05/03/2013,LCH,LA,ASW,CE,Combined TRACON& Tower with Radar,0,12,10,29,51,0,11,8,0,19,0,23,18,29,70,26,30,56,126
05/04/2013,LCH,LA,ASW,CE,Combined TRACON& Tower with Radar,0,11,16,8,35,0,20,33,0,53,0,31,49,8,88,92,8,100,188
05/05/2013,LCH,LA,ASW,CE,Combined TRACON& Tower with Radar,0,22,9,10,41,0,21,25,0,46,0,43,34,10,87,34,8,42,129
05/06/2013,LCH,LA,ASW,CE,Combined TRACON& Tower with Radar,0,17,11,5,33,0,35,30,0,65,0,52,41,5,98,14,4,18,116
05/07/2013,LCH,LA,ASW,CE,Combined TRACON& Tower with Radar,0,14,6,6,26,0,32,42,0,74,0,46,48,6,100,40,6,46,146
05/08/2013,LCH,LA,ASW,CE,Combined TRACON& Tower with Radar,0,12,8,2,22,0,28,23,0,51,0,40,31,2,73,14,4,18,91
05/09/2013,LCH,LA,ASW,CE,Combined TRACON& Tower with Radar,0,14,15,2,31,0,27,25,0,52,0,41,40,2,83,8,2,10,93
05/10/2013,LCH,LA,ASW,CE,Combined TRACON& Tower with Radar,0,10,9,0,19,0,13,8,0,21,0,23,17,0,40,0,0,0,40
05/11/2013,LCH,LA,ASW,CE,Combined TRACON& Tower with Radar,0,11,8,0,19,0,9,13,0,22,0,20,21,0,41,4,0,4,45
05/12/2013,LCH,LA,ASW,CE,Combined TRACON& Tower with Radar,0,14,12,4,30,0,13,22,1,36,0,27,34,5,66,12,4,16,82
05/13/2013,LCH,LA,ASW,CE,Combined TRACON& Tower with Radar,0,17,19,0,36,0,24,32,0,56,0,41,51,0,92,26,0,26,118
05/14/2013,LCH,LA,ASW,CE,Combined TRACON& Tower with Radar,0,18,17,8,43,0,29,36,1,66,0,47,53,9,109,18,0,18,127
05/15/2013,LCH,LA,ASW,CE,Combined TRACON& Tower with Radar,0,11,6,0,17,0,30,24,0,54,0,41,30,0,71,76,0,76,147
05/16/2013,LCH,LA,ASW,CE,Combined TRACON& Tower with Radar,0,15,10,4,29,0,37,22,0,59,0,52,32,4,88,14,12,26,114
05/17/2013,LCH,LA,ASW,CE,Combined TRACON& Tower with Radar,0,14,19,18,51,0,19,18,0,37,0,33,37,18,88,16,8,24,112
05/18/2013,LCH,LA,ASW,CE,Combined TRACON& Tower with Radar,0,14,24,4,42,0,15,7,0,22,0,29,31,4,64,22,4,26,90
05/19/2013,LCH,LA,ASW,CE,Combined TRACON& Tower with Radar,0,17,8,4,29,0,17,16,0,33,0,34,24,4,62,0,0,0,62
05/20/2013,LCH,LA,ASW,CE,Combined TRACON& Tower with Radar,0,20,15,20,55,0,17,10,0,27,0,37,25,20,82,24,10,34,116
05/21/2013,LCH,LA,ASW,CE,Combined TRACON& Tower with Radar,0,16,11,12,39,0,33,18,0,51,0,49,29,12,90,2,8,10,100
05/22/2013,LCH,LA,ASW,CE,Combined TRACON& Tower with Radar,0,11,10,0,21,0,13,18,0,31,0,24,28,0,52,10,0,10,62
05/23/2013,LCH,LA,ASW,CE,Combined TRACON& Tower with Radar,0,14,22,0,36,0,16,31,0,47,0,30,53,0,83,0,4,4,87
05/24/2013,LCH,LA,ASW,CE,Combined TRACON& Tower with Radar,0,13,20,6,39,0,27,25,0,52,0,40,45,6,91,6,14,20,111
05/25/2013,LCH,LA,ASW,CE,Combined TRACON& Tower with Radar,0,16,13,2,31,0,11,11,0,22,0,27,24,2,53,47,0,47,100
05/26/2013,LCH,LA,ASW,CE,Combined TRACON& Tower with Radar,0,9,9,0,18,0,10,13,0,23,0,19,22,0,41,16,0,16,57
05/27/2013,LCH,LA,ASW,CE,Combined TRACON& Tower with Radar,0,20,12,1,33,0,15,23,1,39,0,35,35,2,72,22,0,22,94
05/28/2013,LCH,LA,ASW,CE,Combined TRACON& Tower with Radar,0,12,12,4,28,0,28,23,0,51,0,40,35,4,79,60,4,64,143
05/29/2013,LCH,LA,ASW,CE,Combined TRACON& Tower with Radar,0,15,19,17,51,0,30,26,0,56,0,45,45,17,107,94,16,110,217
05/30/2013,LCH,LA,ASW,CE,Combined TRACON& Tower with Radar,0,17,20,4,41,0,31,19,1,51,0,48,39,5,92,8,4,12,104
05/31/2013,LCH,LA,ASW,CE,Combined TRACON& Tower with Radar,2,20,3,18,43,0,21,8,0,29,2,41,11,18,72,4,22,26,98
06/01/2013,LCH,LA,ASW,CE,Combined TRACON& Tower with Radar,0,10,6,1,17,0,13,7,1,21,0,23,13,2,38,50,0,50,88
06/02/2013,LCH,LA,ASW,CE,Combined TRACON& Tower with Radar,4,20,5,0,29,0,9,12,0,21,4,29,17,0,50,22,0,22,72
06/03/2013,LCH,LA,ASW,CE,Combined TRACON& Tower with Radar,0,27,8,0,35,0,24,28,0,52,0,51,36,0,87,42,2,44,131
06/04/2013,LCH,LA,ASW,CE,Combined TRACON& Tower with Radar,0,27,18,3,48,0,28,25,0,53,0,55,43,3,101,62,6,68,169
06/05/2013,LCH,LA,ASW,CE,Combined TRACON& Tower with Radar,2,19,16,0,37,0,31,22,0,53,2,50,38,0,90,20,0,20,110
06/06/2013,LCH,LA,ASW,CE,Combined TRACON& Tower with Radar,0,16,10,12,38,0,20,16,0,36,0,36,26,12,74,16,14,30,104
06/07/2013,LCH,LA,ASW,CE,Combined TRACON& Tower with Radar,2,23,6,32,63,0,25,11,0,36,2,48,17,32,99,30,24,54,153
06/08/2013,LCH,LA,ASW,CE,Combined TRACON& Tower with Radar,0,16,3,7,26,0,20,9,0,29,0,36,12,7,55,16,10,26,81
06/09/2013,LCH,LA,ASW,CE,Combined TRACON& Tower with Radar,2,17,10,4,33,0,7,7,0,14,2,24,17,4,47,0,0,0,47
06/10/2013,LCH,LA,ASW,CE,Combined TRACON& Tower with Radar,0,20,4,12,36,0,34,25,0,59,0,54,29,12,95,66,12,78,173
06/11/2013,LCH,LA,ASW,CE,Combined TRACON& Tower with Radar,0,32,14,3,49,0,46,25,1,72,0,78,39,4,121,16,10,26,147
06/12/2013,LCH,LA,ASW,CE,Combined TRACON& Tower with Radar,0,19,13,6,38,0,40,24,0,64,0,59,37,6,102,66,4,70,172
06/13/2013,LCH,LA,ASW,CE,Combined TRACON& Tower with Radar,0,23,16,21,60,0,41,23,3,67,0,64,39,24,127,42,28,70,197
06/14/2013,LCH,LA,ASW,CE,Combined TRACON& Tower with Radar,0,14,18,8,40,0,23,17,0,40,0,37,35,8,80,12,8,20,100
06/15/2013,LCH,LA,ASW,CE,Combined TRACON& Tower with Radar,0,11,1,8,20,0,21,19,1,41,0,32,20,9,61,22,6,28,89
06/16/2013,LCH,LA,ASW,CE,Combined TRACON& Tower with Radar,0,12,3,8,23,0,12,19,0,31,0,24,22,8,54,30,8,38,92
06/17/2013,LCH,LA,ASW,CE,Combined TRACON& Tower with Radar,0,16,20,7,43,0,37,31,0,68,0,53,51,7,111,76,6,82,193
06/18/2013,LCH,LA,ASW,CE,Combined TRACON& Tower with Radar,0,13,15,5,33,0,23,23,0,46,0,36,38,5,79,14,4,18,97
06/19/2013,LCH,LA,ASW,CE,Combined TRACON& Tower with Radar,0,14,11,5,30,0,17,11,0,28,0,31,22,5,58,8,4,12,70
06/20/2013,LCH,LA,ASW,CE,Combined TRACON& Tower with Radar,0,18,12,1,31,0,20,25,1,46,0,38,37,2,77,14,0,14,91
06/21/2013,LCH,LA,ASW,CE,Combined TRACON& Tower with Radar,0,12,14,18,44,0,19,19,1,39,0,31,33,19,83,22,18,40,123
06/22/2013,LCH,LA,ASW,CE,Combined TRACON& Tower with Radar,0,13,11,27,51,0,20,33,0,53,0,33,44,27,104,68,6,74,178
06/23/2013,LCH,LA,ASW,CE,Combined TRACON& Tower with Radar,0,13,20,0,33,0,23,12,0,35,0,36,32,0,68,28,0,28,96
06/24/2013,LCH,LA,ASW,CE,Combined TRACON& Tower with Radar,0,16,25,10,51,0,23,28,0,51,0,39,53,10,102,78,8,86,188
06/25/2013,LCH,LA,ASW,CE,Combined TRACON& Tower with Radar,0,14,16,16,46,0,30,45,2,77,0,44,61,18,123,34,22,56,179
06/26/2013,LCH,LA,ASW,CE,Combined TRACON& Tower with Radar,0,19,16,10,45,0,24,29,0,53,0,43,45,10,98,44,0,44,142
06/27/2013,LCH,LA,ASW,CE,Combined TRACON& Tower with Radar,4,14,31,3,52,0,27,49,0,76,4,41,80,3,128,20,6,26,154
06/28/2013,LCH,LA,ASW,CE,Combined TRACON& Tower with Radar,0,17,25,16,58,0,25,33,0,58,0,42,58,16,116,34,20,54,170
06/29/2013,LCH,LA,ASW,CE,Combined TRACON& Tower with Radar,0,12,18,4,34,0,12,28,0,40,0,24,46,4,74,47,4,51,125
06/30/2013,LCH,LA,ASW,CE,Combined TRACON& Tower with Radar,4,14,14,20,52,0,13,18,0,31,4,27,32,20,83,18,20,38,121
07/01/2013,LCH,LA,ASW,CE,Combined TRACON& Tower with Radar,0,16,11,0,27,0,26,39,0,65,0,42,50,0,92,48,0,48,140
07/02/2013,LCH,LA,ASW,CE,Combined TRACON& Tower with Radar,0,19,19,18,56,0,24,14,0,38,0,43,33,18,94,24,26,50,144
07/03/2013,LCH,LA,ASW,CE,Combined TRACON& Tower with Radar,0,10,7,10,27,0,20,27,3,50,0,30,34,13,77,16,16,32,109
07/04/2013,LCH,LA,ASW,CE,Combined TRACON& Tower with Radar,0,10,4,2,16,0,14,21,0,35,0,24,25,2,51,2,0,2,53
07/05/2013,LCH,LA,ASW,CE,Combined TRACON& Tower with Radar,0,10,20,0,30,0,19,16,0,35,0,29,36,0,65,8,6,14,79
07/06/2013,LCH,LA,ASW,CE,Combined TRACON& Tower with Radar,0,11,7,0,18,0,12,8,0,20,0,23,15,0,38,12,0,12,50
07/07/2013,LCH,LA,ASW,CE,Combined TRACON& Tower with Radar,0,12,16,0,28,0,11,4,0,15,0,23,20,0,43,11,0,11,54
07/08/2013,LCH,LA,ASW,CE,Combined TRACON& Tower with Radar,0,14,11,0,25,0,39,17,0,56,0,53,28,0,81,74,0,74,155
07/09/2013,LCH,LA,ASW,CE,Combined TRACON& Tower with Radar,0,19,14,18,51,0,24,26,0,50,0,43,40,18,101,92,28,120,221
07/10/2013,LCH,LA,ASW,CE,Combined TRACON& Tower with Radar,0,14,12,10,36,0,31,36,0,67,0,45,48,10,103,14,16,30,133
07/11/2013,LCH,LA,ASW,CE,Combined TRACON& Tower with Radar,0,26,19,2,47,0,34,24,2,60,0,60,43,4,107,66,4,70,177
07/12/2013,LCH,LA,ASW,CE,Combined TRACON& Tower with Radar,0,42,14,0,56,0,20,27,2,49,0,62,41,2,105,68,0,68,173
07/13/2013,LCH,LA,ASW,CE,Combined TRACON& Tower with Radar,0,11,14,2,27,0,15,19,0,34,0,26,33,2,61,28,2,30,91
07/14/2013,LCH,LA,ASW,CE,Combined TRACON& Tower with Radar,1,17,13,4,35,0,14,21,0,35,1,31,34,4,70,34,4,38,108
07/15/2013,LCH,LA,ASW,CE,Combined TRACON& Tower with Radar,0,12,15,0,27,0,16,27,0,43,0,28,42,0,70,6,0,6,76
07/16/2013,LCH,LA,ASW,CE,Combined TRACON& Tower with Radar,0,12,12,0,24,0,12,26,0,38,0,24,38,0,62,12,0,12,74
07/17/2013,LCH,LA,ASW,CE,Combined TRACON& Tower with Radar,0,10,12,0,22,0,12,13,0,25,0,22,25,0,47,4,0,4,51
07/18/2013,LCH,LA,ASW,CE,Combined TRACON& Tower with Radar,0,11,23,0,34,0,24,39,0,63,0,35,62,0,97,62,0,62,159
07/19/2013,LCH,LA,ASW,CE,Combined TRACON& Tower with Radar,0,26,8,0,34,0,19,33,0,52,0,45,41,0,86,16,0,16,102
07/20/2013,LCH,LA,ASW,CE,Combined TRACON& Tower with Radar,0,16,12,4,32,0,12,15,0,27,0,28,27,4,59,38,4,42,101
07/21/2013,LCH,LA,ASW,CE,Combined TRACON& Tower with Radar,0,21,3,0,24,0,6,3,0,9,0,27,6,0,33,38,0,38,71
07/22/2013,LCH,LA,ASW,CE,Combined TRACON& Tower with Radar,0,22,14,2,38,0,27,36,0,63,0,49,50,2,101,28,0,28,129
07/23/2013,LCH,LA,ASW,CE,Combined TRACON& Tower with Radar,0,23,20,18,61,0,24,37,0,61,0,47,57,18,122,54,18,72,194
07/24/2013,LCH,LA,ASW,CE,Combined TRACON& Tower with Radar,0,11,12,7,30,0,32,25,0,57,0,43,37,7,87,16,4,20,107
07/25/2013,LCH,LA,ASW,CE,Combined TRACON& Tower with Radar,0,17,4,0,21,0,30,42,0,72,0,47,46,0,93,50,0,50,143
07/26/2013,LCH,LA,ASW,CE,Combined TRACON& Tower with Radar,0,17,17,0,34,0,23,17,0,40,0,40,34,0,74,22,0,22,96
07/27/2013,LCH,LA,ASW,CE,Combined TRACON& Tower with Radar,0,8,10,0,18,0,8,10,0,18,0,16,20,0,36,58,0,58,94
07/28/2013,LCH,LA,ASW,CE,Combined TRACON& Tower with Radar,0,24,27,6,57,0,6,11,0,17,0,30,38,6,74,44,6,50,124
07/29/2013,LCH,LA,ASW,CE,Combined TRACON& Tower with Radar,0,23,14,0,37,0,42,29,0,71,0,65,43,0,108,22,0,22,130
07/30/2013,LCH,LA,ASW,CE,Combined TRACON& Tower with Radar,0,16,31,0,47,0,22,30,0,52,0,38,61,0,99,68,12,80,179
07/31/2013,LCH,LA,ASW,CE,Combined TRACON& Tower with Radar,0,11,17,0,28,0,28,40,0,68,0,39,57,0,96,2,2,4,100
08/01/2013,LCH,LA,ASW,CE,Combined TRACON& Tower with Radar,0,11,5,0,16,0,26,23,0,49,0,37,28,0,65,26,0,26,91
08/02/2013,LCH,LA,ASW,CE,Combined TRACON& Tower with Radar,0,12,3,0,15,0,21,23,0,44,0,33,26,0,59,0,0,0,59
08/03/2013,LCH,LA,ASW,CE,Combined TRACON& Tower with Radar,0,12,7,4,23,0,11,14,0,25,0,23,21,4,48,2,4,6,54
08/04/2013,LCH,LA,ASW,CE,Combined TRACON& Tower with Radar,0,14,16,8,38,0,11,11,1,23,0,25,27,9,61,4,4,8,69
08/05/2013,LCH,LA,ASW,CE,Combined TRACON& Tower with Radar,0,12,7,22,41,0,26,26,0,52,0,38,33,22,93,18,28,46,139
08/06/2013,LCH,LA,ASW,CE,Combined TRACON& Tower with Radar,0,11,8,10,29,0,27,23,0,50,0,38,31,10,79,0,6,6,85
08/07/2013,LCH,LA,ASW,CE,Combined TRACON& Tower with Radar,0,15,5,0,20,0,32,23,0,55,0,47,28,0,75,18,0,18,93
08/08/2013,LCH,LA,ASW,CE,Combined TRACON& Tower with Radar,0,11,13,9,33,0,46,20,0,66,0,57,33,9,99,2,8,10,109
08/09/2013,LCH,LA,ASW,CE,Combined TRACON& Tower with Radar,0,12,10,16,38,0,34,13,0,47,0,46,23,16,85,12,27,39,124
08/10/2013,LCH,LA,ASW,CE,Combined TRACON& Tower with Radar,0,13,2,0,15,0,23,7,0,30,0,36,9,0,45,2,0,2,47
08/11/2013,LCH,LA,ASW,CE,Combined TRACON& Tower with Radar,0,14,3,0,17,0,20,12,0,32,0,34,15,0,49,4,0,4,53
08/12/2013,LCH,LA,ASW,CE,Combined TRACON& Tower with Radar,0,18,4,6,28,0,37,16,0,53,0,55,20,6,81,0,6,6,87
08/13/2013,LCH,LA,ASW,CE,Combined TRACON& Tower with Radar,0,13,18,3,34,0,32,28,0,60,0,45,46,3,94,34,22,56,150
08/14/2013,LCH,LA,ASW,CE,Combined TRACON& Tower with Radar,0,16,11,0,27,0,23,20,1,44,0,39,31,1,71,12,0,12,83
08/15/2013,LCH,LA,ASW,CE,Combined TRACON& Tower with Radar,0,13,14,13,40,0,26,22,1,49,0,39,36,14,89,24,12,36,125
08/16/2013,LCH,LA,ASW,CE,Combined TRACON& Tower with Radar,0,21,17,38,76,0,34,37,2,73,0,55,54,40,149,18,44,62,211
08/17/2013,LCH,LA,ASW,CE,Combined TRACON& Tower with Radar,0,16,17,4,37,0,26,26,0,52,0,42,43,4,89,53,4,57,146
08/18/2013,LCH,LA,ASW,CE,Combined TRACON& Tower with Radar,0,13,23,16,52,0,18,14,0,32,0,31,37,16,84,12,20,32,116
08/19/2013,LCH,LA,ASW,CE,Combined TRACON& Tower with Radar,0,15,15,4,34,0,26,24,0,50,0,41,39,4,84,34,10,44,128
08/20/2013,LCH,LA,ASW,CE,Combined TRACON& Tower with Radar,0,11,10,0,21,0,19,14,0,33,0,30,24,0,54,6,0,6,60
08/21/2013,LCH,LA,ASW,CE,Combined TRACON& Tower with Radar,0,15,5,2,22,0,27,26,0,53,0,42,31,2,75,14,2,16,91
08/22/2013,LCH,LA,ASW,CE,Combined TRACON& Tower with Radar,0,17,19,12,48,0,37,36,1,74,0,54,55,13,122,40,14,54,176
08/23/2013,LCH,LA,ASW,CE,Combined TRACON& Tower with Radar,0,13,12,12,37,0,33,20,0,53,0,46,32,12,90,2,12,14,104
08/24/2013,LCH,LA,ASW,CE,Combined TRACON& Tower with Radar,0,8,7,6,21,0,10,21,0,31,0,18,28,6,52,20,6,26,78
08/25/2013,LCH,LA,ASW,CE,Combined TRACON& Tower with Radar,0,14,12,0,26,0,5,2,0,7,0,19,14,0,33,8,0,8,41
08/26/2013,LCH,LA,ASW,CE,Combined TRACON& Tower with Radar,0,19,8,2,29,0,9,13,0,22,0,28,21,2,51,4,2,6,57
08/27/2013,LCH,LA,ASW,CE,Combined TRACON& Tower with Radar,0,16,6,12,34,0,46,31,0,77,0,62,37,12,111,20,2,22,133
08/28/2013,LCH,LA,ASW,CE,Combined TRACON& Tower with Radar,0,14,25,4,43,0,33,33,1,67,0,47,58,5,110,10,14,24,134
08/29/2013,LCH,LA,ASW,CE,Combined TRACON& Tower with Radar,0,13,15,8,36,0,30,35,0,65,0,43,50,8,101,0,10,10,111
08/30/2013,LCH,LA,ASW,CE,Combined TRACON& Tower with Radar,0,16,9,0,25,0,24,29,0,53,0,40,38,0,78,30,0,30,108
08/31/2013,LCH,LA,ASW,CE,Combined TRACON& Tower with Radar,0,7,7,0,14,0,9,17,0,26,0,16,24,0,40,16,0,16,56
09/01/2013,LCH,LA,ASW,CE,Combined TRACON& Tower with Radar,0,11,9,0,20,0,21,16,0,37,0,32,25,0,57,18,0,18,75
09/02/2013,LCH,LA,ASW,CE,Combined TRACON& Tower with Radar,0,12,10,4,26,0,22,22,0,44,0,34,32,4,70,0,2,2,72
09/03/2013,LCH,LA,ASW,CE,Combined TRACON& Tower with Radar,0,11,10,0,21,0,21,15,0,36,0,32,25,0,57,0,2,2,59
09/04/2013,LCH,LA,ASW,CE,Combined TRACON& Tower with Radar,0,14,8,2,24,0,31,23,0,54,0,45,31,2,78,78,2,80,158
09/05/2013,LCH,LA,ASW,CE,Combined TRACON& Tower with Radar,0,12,4,4,20,0,35,31,0,66,0,47,35,4,86,18,8,26,112
09/06/2013,LCH,LA,ASW,CE,Combined TRACON& Tower with Radar,0,20,5,8,33,0,28,17,2,47,0,48,22,10,80,32,16,48,128
09/07/2013,LCH,LA,ASW,CE,Combined TRACON& Tower with Radar,0,12,6,6,24,0,17,7,0,24,0,29,13,6,48,4,4,8,56
09/08/2013,LCH,LA,ASW,CE,Combined TRACON& Tower with Radar,0,12,8,4,24,0,15,17,0,32,0,27,25,4,56,6,8,14,70
09/09/2013,LCH,LA,ASW,CE,Combined TRACON& Tower with Radar,0,17,2,4,23,0,31,30,1,62,0,48,32,5,85,26,0,26,111
09/10/2013,LCH,LA,ASW,CE,Combined TRACON& Tower with Radar,0,13,5,0,18,0,22,26,0,48,0,35,31,0,66,24,0,24,90
09/11/2013,LCH,LA,ASW,CE,Combined TRACON& Tower with Radar,0,15,9,10,34,0,31,25,0,56,0,46,34,10,90,28,14,42,132
09/12/2013,LCH,LA,ASW,CE,Combined TRACON& Tower with Radar,0,14,11,8,33,0,44,28,0,72,0,58,39,8,105,56,14,70,175
09/13/2013,LCH,LA,ASW,CE,Combined TRACON& Tower with Radar,0,28,19,16,63,0,27,22,0,49,0,55,41,16,112,38,18,56,168
09/14/2013,LCH,LA,ASW,CE,Combined TRACON& Tower with Radar,0,13,4,8,25,0,16,12,0,28,0,29,16,8,53,48,12,60,113
09/15/2013,LCH,LA,ASW,CE,Combined TRACON& Tower with Radar,0,10,15,7,32,0,12,12,2,26,0,22,27,9,58,20,2,22,80
09/16/2013,LCH,LA,ASW,CE,Combined TRACON& Tower with Radar,0,12,1,4,17,0,25,26,0,51,0,37,27,4,68,42,4,46,114
09/17/2013,LCH,LA,ASW,CE,Combined TRACON& Tower with Radar,0,12,7,1,20,0,25,13,0,38,0,37,20,1,58,14,2,16,74
09/18/2013,LCH,LA,ASW,CE,Combined TRACON& Tower with Radar,0,13,11,10,34,0,34,13,1,48,0,47,24,11,82,5,10,15,97
09/19/2013,LCH,LA,ASW,CE,Combined TRACON& Tower with Radar,0,11,16,8,35,0,36,12,0,48,0,47,28,8,83,0,10,10,93
09/20/2013,LCH,LA,ASW,CE,Combined TRACON& Tower with Radar,0,20,3,0,23,0,1,1,0,2,0,21,4,0,25,0,0,0,25
09/21/2013,LCH,LA,ASW,CE,Combined TRACON& Tower with Radar,0,7,6,0,13,0,5,2,0,7,0,12,8,0,20,0,0,0,20
09/22/2013,LCH,LA,ASW,CE,Combined TRACON& Tower with Radar,0,11,5,5,21,0,10,13,3,26,0,21,18,8,47,12,22,34,81
09/23/2013,LCH,LA,ASW,CE,Combined TRACON& Tower with Radar,0,12,11,10,33,0,22,26,0,48,0,34,37,10,81,0,4,4,85
09/24/2013,LCH,LA,ASW,CE,Combined TRACON& Tower with Radar,0,20,7,10,37,0,19,19,0,38,0,39,26,10,75,14,10,24,99
09/25/2013,LCH,LA,ASW,CE,Combined TRACON& Tower with Radar,0,12,14,10,36,0,23,48,1,72,0,35,62,11,108,30,2,32,140
09/26/2013,LCH,LA,ASW,CE,Combined TRACON& Tower with Radar,0,17,13,2,32,0,23,47,0,70,0,40,60,2,102,38,2,40,142
09/27/2013,LCH,LA,ASW,CE,Combined TRACON& Tower with Radar,0,22,9,4,35,0,33,41,1,75,0,55,50,5,110,34,6,40,150
09/28/2013,LCH,LA,ASW,CE,Combined TRACON& Tower with Radar,0,18,5,0,23,0,21,25,0,46,0,39,30,0,69,0,0,0,69
09/29/2013,LCH,LA,ASW,CE,Combined TRACON& Tower with Radar,0,15,11,0,26,0,14,23,0,37,0,29,34,0,63,4,0,4,67
09/30/2013,LCH,LA,ASW,CE,Combined TRACON& Tower with Radar,0,13,5,0,18,0,9,13,0,22,0,22,18,0,40,20,0,20,60
10/01/2013,LCH,LA,ASW,CE,Combined TRACON& Tower with Radar,0,17,7,4,28,0,20,27,0,47,0,37,34,4,75,102,0,102,177
10/02/2013,LCH,LA,ASW,CE,Combined TRACON& Tower with Radar,0,15,19,0,34,0,17,27,0,44,0,32,46,0,78,26,0,26,104
10/03/2013,LCH,LA,ASW,CE,Combined TRACON& Tower with Radar,0,16,13,0,29,0,27,30,0,57,0,43,43,0,86,52,0,52,138
10/04/2013,LCH,LA,ASW,CE,Combined TRACON& Tower with Radar,0,15,10,2,27,0,34,16,1,51,0,49,26,3,78,34,0,34,112
10/05/2013,LCH,LA,ASW,CE,Combined TRACON& Tower with Radar,0,14,3,0,17,0,26,12,1,39,0,40,15,1,56,108,0,108,164
10/06/2013,LCH,LA,ASW,CE,Combined TRACON& Tower with Radar,0,23,6,0,29,0,17,16,0,33,0,40,22,0,62,60,0,60,122
10/07/2013,LCH,LA,ASW,CE,Combined TRACON& Tower with Radar,0,12,7,0,19,0,28,39,0,67,0,40,46,0,86,28,0,28,114
10/08/2013,LCH,LA,ASW,CE,Combined TRACON& Tower with Radar,0,26,11,0,37,0,25,45,0,70,0,51,56,0,107,72,0,72,179
10/09/2013,LCH,LA,ASW,CE,Combined TRACON& Tower with Radar,0,17,2,0,19,0,28,32,0,60,0,45,34,0,79,64,0,64,143
10/10/2013,LCH,LA,ASW,CE,Combined TRACON& Tower with Radar,0,17,8,7,32,0,30,41,0,71,0,47,49,7,103,40,12,52,155
10/11/2013,LCH,LA,ASW,CE,Combined TRACON& Tower with Radar,0,16,4,0,20,0,20,29,0,49,0,36,33,0,69,50,0,50,119
10/12/2013,LCH,LA,ASW,CE,Combined TRACON& Tower with Radar,0,12,2,0,14,0,8,10,0,18,0,20,12,0,32,28,4,32,64
10/13/2013,LCH,LA,ASW,CE,Combined TRACON& Tower with Radar,0,31,2,0,33,0,10,6,0,16,0,41,8,0,49,20,0,20,69
10/14/2013,LCH,LA,ASW,CE,Combined TRACON& Tower with Radar,0,13,6,0,19,0,24,31,0,55,0,37,37,0,74,28,0,28,102
10/15/2013,LCH,LA,ASW,CE,Combined TRACON& Tower with Radar,0,17,5,0,22,0,27,38,0,65,0,44,43,0,87,42,0,42,129
10/16/2013,LCH,LA,ASW,CE,Combined TRACON& Tower with Radar,0,12,14,1,27,0,34,22,0,56,0,46,36,1,83,68,0,68,151
10/17/2013,LCH,LA,ASW,CE,Combined TRACON& Tower with Radar,0,19,8,5,32,0,25,18,0,43,0,44,26,5,75,50,2,52,127
10/18/2013,LCH,LA,ASW,CE,Combined TRACON& Tower with Radar,0,17,7,4,28,0,35,18,0,53,0,52,25,4,81,76,0,76,157
10/19/2013,LCH,LA,ASW,CE,Combined TRACON& Tower with Radar,0,9,8,6,23,0,18,10,0,28,0,27,18,6,51,14,6,20,71
10/20/2013,LCH,LA,ASW,CE,Combined TRACON& Tower with Radar,0,20,4,0,24,0,16,18,0,34,0,36,22,0,58,42,0,42,100
10/21/2013,LCH,LA,ASW,CE,Combined TRACON& Tower with Radar,0,20,3,0,23,0,20,22,0,42,0,40,25,0,65,48,0,48,113
10/22/2013,LCH,LA,ASW,CE,Combined TRACON& Tower with Radar,0,21,15,0,36,0,37,27,0,64,0,58,42,0,100,46,8,54,154
10/23/2013,LCH,LA,ASW,CE,Combined TRACON& Tower with Radar,0,12,9,1,22,0,29,33,0,62,0,41,42,1,84,16,2,18,102
10/24/2013,LCH,LA,ASW,CE,Combined TRACON& Tower with Radar,0,12,18,0,30,0,23,43,0,66,0,35,61,0,96,42,0,42,138
10/25/2013,LCH,LA,ASW,CE,Combined TRACON& Tower with Radar,0,11,14,6,31,0,31,29,0,60,0,42,43,6,91,78,12,90,181
10/26/2013,LCH,LA,ASW,CE,Combined TRACON& Tower with Radar,0,16,2,16,34,0,18,27,2,47,0,34,29,18,81,60,16,76,157
10/27/2013,LCH,LA,ASW,CE,Combined TRACON& Tower with Radar,0,13,7,0,20,0,15,10,0,25,0,28,17,0,45,80,0,80,125
10/28/2013,LCH,LA,ASW,CE,Combined TRACON& Tower with Radar,0,16,10,0,26,0,28,21,0,49,0,44,31,0,75,58,0,58,133
10/29/2013,LCH,LA,ASW,CE,Combined TRACON& Tower with Radar,0,23,23,0,46,0,39,18,0,57,0,62,41,0,103,44,8,52,155
10/30/2013,LCH,LA,ASW,CE,Combined TRACON& Tower with Radar,0,19,10,7,36,0,39,13,0,52,0,58,23,7,88,12,12,24,112
10/31/2013,LCH,LA,ASW,CE,Combined TRACON& Tower with Radar,0,9,4,0,13,0,7,0,0,7,0,16,4,0,20,0,0,0,20
11/01/2013,LCH,LA,ASW,CE,Combined TRACON& Tower with Radar,0,11,11,6,28,0,35,20,0,55,0,46,31,6,83,2,4,6,89
11/02/2013,LCH,LA,ASW,CE,Combined TRACON& Tower with Radar,0,21,6,33,60,0,13,19,0,32,0,34,25,33,92,48,42,90,182
11/03/2013,LCH,LA,ASW,CE,Combined TRACON& Tower with Radar,0,14,13,10,37,0,19,13,0,32,0,33,26,10,69,30,6,36,105
11/04/2013,LCH,LA,ASW,CE,Combined TRACON& Tower with Radar,0,13,6,3,22,0,27,27,0,54,0,40,33,3,76,34,8,42,118
11/05/2013,LCH,LA,ASW,CE,Combined TRACON& Tower with Radar,0,32,4,6,42,0,31,25,0,56,0,63,29,6,98,28,6,34,132
11/06/2013,LCH,LA,ASW,CE,Combined TRACON& Tower with Radar,0,21,14,6,41,0,12,8,0,20,0,33,22,6,61,30,12,42,103
11/07/2013,LCH,LA,ASW,CE,Combined TRACON& Tower with Radar,0,15,24,2,41,0,23,15,0,38,0,38,39,2,79,90,16,106,185
11/08/2013,LCH,LA,ASW,CE,Combined TRACON& Tower with Radar,0,25,26,4,55,0,33,15,0,48,0,58,41,4,103,80,6,86,189
11/09/2013,LCH,LA,ASW,CE,Combined TRACON& Tower with Radar,0,14,9,16,39,0,14,20,0,34,0,28,29,16,73,40,16,56,129
11/10/2013,LCH,LA,ASW,CE,Combined TRACON& Tower with Radar,0,27,12,2,41,0,18,28,0,46,0,45,40,2,87,102,2,104,191
11/11/2013,LCH,LA,ASW,CE,Combined TRACON& Tower with Radar,0,25,18,0,43,0,16,36,0,52,0,41,54,0,95,62,0,62,157
11/12/2013,LCH,LA,ASW,CE,Combined TRACON& Tower with Radar,0,18,8,0,26,0,26,15,0,41,0,44,23,0,67,22,0,22,89
11/13/2013,LCH,LA,ASW,CE,Combined TRACON& Tower with Radar,0,28,25,31,84,0,29,8,2,39,0,57,33,33,123,32,32,64,187
11/14/2013,LCH,LA,ASW,CE,Combined TRACON& Tower with Radar,2,25,18,7,52,0,43,25,0,68,2,68,43,7,120,54,8,62,182
11/15/2013,LCH,LA,ASW,CE,Combined TRACON& Tower with Radar,0,29,28,10,67,0,34,14,0,48,0,63,42,10,115,52,32,84,199
11/16/2013,LCH,LA,ASW,CE,Combined TRACON& Tower with Radar,0,17,8,0,25,0,9,4,0,13,0,26,12,0,38,4,0,4,42
11/17/2013,LCH,LA,ASW,CE,Combined TRACON& Tower with Radar,3,17,16,12,48,0,4,4,0,8,3,21,20,12,56,10,0,10,66
11/18/2013,LCH,LA,ASW,CE,Combined TRACON& Tower with Radar,0,19,10,2,31,0,10,13,0,23,0,29,23,2,54,4,4,8,62
11/19/2013,LCH,LA,ASW,CE,Combined TRACON& Tower with Radar,1,16,16,1,34,0,26,20,0,46,1,42,36,1,80,16,2,18,98
11/20/2013,LCH,LA,ASW,CE,Combined TRACON& Tower with Radar,2,13,27,0,42,0,33,25,1,59,2,46,52,1,101,0,0,0,101
11/21/2013,LCH,LA,ASW,CE,Combined TRACON& Tower with Radar,0,13,14,10,37,0,5,3,0,8,0,18,17,10,45,0,4,4,49
11/22/2013,LCH,LA,ASW,CE,Combined TRACON& Tower with Radar,0,22,11,0,33,0,7,1,0,8,0,29,12,0,41,6,0,6,47
11/23/2013,LCH,LA,ASW,CE,Combined TRACON& Tower with Radar,0,10,14,0,24,0,3,3,0,6,0,13,17,0,30,6,0,6,36
11/24/2013,LCH,LA,ASW,CE,Combined TRACON& Tower with Radar,0,21,15,2,38,0,21,17,0,38,0,42,32,2,76,18,2,20,96
11/25/2013,LCH,LA,ASW,CE,Combined TRACON& Tower with Radar,0,25,2,0,27,0,4,3,0,7,0,29,5,0,34,4,0,4,38
11/26/2013,LCH,LA,ASW,CE,Combined TRACON& Tower with Radar,0,31,13,0,44,0,2,0,0,2,0,33,13,0,46,0,0,0,46
11/27/2013,LCH,LA,ASW,CE,Combined TRACON& Tower with Radar,0,13,10,4,27,0,29,22,0,51,0,42,32,4,78,16,6,22,100
11/28/2013,LCH,LA,ASW,CE,Combined TRACON& Tower with Radar,0,8,5,0,13,0,16,18,0,34,0,24,23,0,47,0,0,0,47
11/29/2013,LCH,LA,ASW,CE,Combined TRACON& Tower with Radar,0,22,14,0,36,0,31,17,0,48,0,53,31,0,84,44,0,44,128
11/30/2013,LCH,LA,ASW,CE,Combined TRACON& Tower with Radar,0,10,19,0,29,0,17,19,0,36,0,27,38,0,65,16,0,16,81
12/01/2013,LCH,LA,ASW,CE,Combined TRACON& Tower with Radar,0,16,13,0,29,0,12,15,0,27,0,28,28,0,56,4,0,4,60
12/02/2013,LCH,LA,ASW,CE,Combined TRACON& Tower with Radar,0,11,12,4,27,0,38,20,0,58,0,49,32,4,85,38,4,42,127
12/03/2013,LCH,LA,ASW,CE,Combined TRACON& Tower with Radar,0,21,8,0,29,0,15,7,0,22,0,36,15,0,51,28,2,30,81
12/04/2013,LCH,LA,ASW,CE,Combined TRACON& Tower with Radar,0,15,27,0,42,0,4,2,0,6,0,19,29,0,48,18,2,20,68
12/05/2013,LCH,LA,ASW,CE,Combined TRACON& Tower with Radar,0,17,26,5,48,0,12,6,0,18,0,29,32,5,66,54,16,70,136
12/06/2013,LCH,LA,ASW,CE,Combined TRACON& Tower with Radar,2,10,10,0,22,0,1,0,0,1,2,11,10,0,23,8,0,8,31
12/07/2013,LCH,LA,ASW,CE,Combined TRACON& Tower with Radar,0,8,4,0,12,0,3,0,0,3,0,11,4,0,15,0,0,0,15
12/08/2013,LCH,LA,ASW,CE,Combined TRACON& Tower with Radar,0,7,4,0,11,0,0,0,0,0,0,7,4,0,11,0,0,0,11
12/09/2013,LCH,LA,ASW,CE,Combined TRACON& Tower with Radar,0,20,8,0,28,0,0,0,0,0,0,20,8,0,28,0,0,0,28
12/10/2013,LCH,LA,ASW,CE,Combined TRACON& Tower with Radar,0,15,24,6,45,0,27,17,0,44,0,42,41,6,89,4,16,20,109
12/11/2013,LCH,LA,ASW,CE,Combined TRACON& Tower with Radar,0,12,24,0,36,0,29,14,0,43,0,41,38,0,79,36,14,50,129
12/12/2013,LCH,LA,ASW,CE,Combined TRACON& Tower with Radar,0,14,26,0,40,0,39,27,1,67,0,53,53,1,107,44,10,54,161
12/13/2013,LCH,LA,ASW,CE,Combined TRACON& Tower with Radar,0,20,31,32,83,0,37,12,1,50,0,57,43,33,133,14,44,58,191
12/14/2013,LCH,LA,ASW,CE,Combined TRACON& Tower with Radar,0,16,10,2,28,0,13,7,0,20,0,29,17,2,48,5,2,7,55
12/15/2013,LCH,LA,ASW,CE,Combined TRACON& Tower with Radar,0,15,12,3,30,0,16,19,1,36,0,31,31,4,66,2,0,2,68
12/16/2013,LCH,LA,ASW,CE,Combined TRACON& Tower with Radar,0,11,21,0,32,0,37,31,1,69,0,48,52,1,101,6,0,6,107
12/17/2013,LCH,LA,ASW,CE,Combined TRACON& Tower with Radar,0,19,9,2,30,0,48,21,0,69,0,67,30,2,99,0,0,0,99
12/18/2013,LCH,LA,ASW,CE,Combined TRACON& Tower with Radar,0,12,19,6,37,0,40,22,0,62,0,52,41,6,99,10,10,20,119
12/19/2013,LCH,LA,ASW,CE,Combined TRACON& Tower with Radar,0,18,20,5,43,0,43,24,1,68,0,61,44,6,111,36,4,40,151
12/20/2013,LCH,LA,ASW,CE,Combined TRACON& Tower with Radar,0,13,17,6,36,0,17,5,0,22,0,30,22,6,58,42,10,52,110
12/21/2013,LCH,LA,ASW,CE,Combined TRACON& Tower with Radar,0,9,3,0,12,0,0,0,0,0,0,9,3,0,12,2,0,2,14
12/22/2013,LCH,LA,ASW,CE,Combined TRACON& Tower with Radar,0,15,19,0,34,0,19,11,0,30,0,34,30,0,64,38,0,38,102
12/23/2013,LCH,LA,ASW,CE,Combined TRACON& Tower with Radar,0,17,10,0,27,0,26,18,1,45,0,43,28,1,72,28,0,28,100
12/24/2013,LCH,LA,ASW,CE,Combined TRACON& Tower with Radar,0,11,9,0,20,0,28,16,0,44,0,39,25,0,64,54,0,54,118
12/25/2013,LCH,LA,ASW,CE,Combined TRACON& Tower with Radar,0,12,4,0,16,0,11,6,0,17,0,23,10,0,33,4,0,4,37
12/26/2013,LCH,LA,ASW,CE,Combined TRACON& Tower with Radar,0,12,1,0,13,0,31,24,0,55,0,43,25,0,68,52,0,52,120
12/27/2013,LCH,LA,ASW,CE,Combined TRACON& Tower with Radar,0,17,11,0,28,0,19,16,0,35,0,36,27,0,63,24,2,26,89
12/28/2013,LCH,LA,ASW,CE,Combined TRACON& Tower with Radar,0,13,7,2,22,0,13,15,0,28,0,26,22,2,50,6,0,6,56
12/29/2013,LCH,LA,ASW,CE,Combined TRACON& Tower with Radar,0,11,5,0,16,0,9,12,0,21,0,20,17,0,37,22,0,22,59
12/30/2013,LCH,LA,ASW,CE,Combined TRACON& Tower with Radar,0,15,9,0,24,0,34,25,0,59,0,49,34,0,83,4,0,4,87
12/31/2013,LCH,LA,ASW,CE,Combined TRACON& Tower with Radar,0,8,15,0,23,0,24,10,0,34,0,32,25,0,57,0,0,0,57
01/01/2014,LCH,LA,ASW,CE,Combined TRACON& Tower with Radar,0,11,9,0,20,0,16,0,0,16,0,27,9,0,36,2,0,2,38
01/02/2014,LCH,LA,ASW,CE,Combined TRACON& Tower with Radar,0,11,15,0,26,0,34,19,0,53,0,45,34,0,79,30,0,30,109
01/03/2014,LCH,LA,ASW,CE,Combined TRACON& Tower with Radar,0,13,14,8,35,0,25,25,0,50,0,38,39,8,85,42,10,52,137
01/04/2014,LCH,LA,ASW,CE,Combined TRACON& Tower with Radar,0,14,11,0,25,0,18,30,0,48,0,32,41,0,73,66,0,66,139
01/05/2014,LCH,LA,ASW,CE,Combined TRACON& Tower with Radar,0,12,11,4,27,0,16,2,0,18,0,28,13,4,45,8,0,8,53
01/06/2014,LCH,LA,ASW,CE,Combined TRACON& Tower with Radar,0,16,12,10,38,0,21,13,0,34,0,37,25,10,72,14,12,26,98
01/07/2014,LCH,LA,ASW,CE,Combined TRACON& Tower with Radar,0,21,17,6,44,0,21,11,0,32,0,42,28,6,76,46,0,46,122
01/08/2014,LCH,LA,ASW,CE,Combined TRACON& Tower with Radar,0,12,14,3,29,0,30,16,0,46,0,42,30,3,75,6,8,14,89
01/09/2014,LCH,LA,ASW,CE,Combined TRACON& Tower with Radar,0,18,13,10,41,0,40,15,0,55,0,58,28,10,96,20,12,32,128
01/10/2014,LCH,LA,ASW,CE,Combined TRACON& Tower with Radar,0,23,13,4,40,0,4,1,0,5,0,27,14,4,45,8,10,18,63
01/11/2014,LCH,LA,ASW,CE,Combined TRACON& Tower with Radar,0,23,15,17,55,0,21,18,0,39,0,44,33,17,94,92,10,102,196
01/12/2014,LCH,LA,ASW,CE,Combined TRACON& Tower with Radar,0,22,7,4,33,0,20,16,0,36,0,42,23,4,69,28,4,32,101
01/13/2014,LCH,LA,ASW,CE,Combined TRACON& Tower with Radar,0,20,7,4,31,0,12,8,0,20,0,32,15,4,51,18,22,40,91
01/14/2014,LCH,LA,ASW,CE,Combined TRACON& Tower with Radar,0,17,24,0,41,0,46,33,0,79,0,63,57,0,120,56,6,62,182
01/15/2014,LCH,LA,ASW,CE,Combined TRACON& Tower with Radar,0,17,9,2,28,0,15,16,0,31,0,32,25,2,59,50,2,52,111
01/16/2014,LCH,LA,ASW,CE,Combined TRACON& Tower with Radar,0,21,23,8,52,0,23,29,0,52,0,44,52,8,104,34,16,50,154
01/17/2014,LCH,LA,ASW,CE,Combined TRACON& Tower with Radar,0,21,17,14,52,0,30,21,0,51,0,51,38,14,103,76,16,92,195
01/18/2014,LCH,LA,ASW,CE,Combined TRACON& Tower with Radar,0,20,15,20,55,0,19,20,4,43,0,39,35,24,98,44,20,64,162
01/19/2014,LCH,LA,ASW,CE,Combined TRACON& Tower with Radar,0,18,19,11,48,0,18,25,0,43,0,36,44,11,91,26,6,32,123
01/20/2014,LCH,LA,ASW,CE,Combined TRACON& Tower with Radar,0,21,8,2,31,0,28,16,0,44,0,49,24,2,75,20,4,24,99
01/21/2014,LCH,LA,ASW,CE,Combined TRACON& Tower with Radar,0,17,8,0,25,0,16,12,0,28,0,33,20,0,53,28,0,28,81
01/22/2014,LCH,LA,ASW,CE,Combined TRACON& Tower with Radar,0,15,17,0,32,0,33,22,0,55,0,48,39,0,87,18,6,24,111
01/23/2014,LCH,LA,ASW,CE,Combined TRACON& Tower with Radar,0,23,13,12,48,0,61,16,0,77,0,84,29,12,125,48,0,48,173
01/24/2014,LCH,LA,ASW,CE,Combined TRACON& Tower with Radar,0,7,6,0,13,0,0,2,0,2,0,7,8,0,15,0,0,0,15
01/25/2014,LCH,LA,ASW,CE,Combined TRACON& Tower with Radar,0,24,9,16,49,0,32,18,0,50,0,56,27,16,99,76,10,86,185
01/26/2014,LCH,LA,ASW,CE,Combined TRACON& Tower with Radar,0,21,10,2,33,0,13,18,0,31,0,34,28,2,64,42,0,42,106
01/27/2014,LCH,LA,ASW,CE,Combined TRACON& Tower with Radar,0,31,15,2,48,0,16,11,1,28,0,47,26,3,76,28,2,30,106
01/28/2014,LCH,LA,ASW,CE,Combined TRACON& Tower with Radar,0,0,0,0,0,0,0,0,0,0,0,0,0,0,0,0,0,0,0
01/29/2014,LCH,LA,ASW,CE,Combined TRACON& Tower with Radar,0,10,6,6,22,0,21,12,0,33,0,31,18,6,55,12,12,24,79
01/30/2014,LCH,LA,ASW,CE,Combined TRACON& Tower with Radar,0,16,14,0,30,0,35,16,1,52,0,51,30,1,82,42,10,52,134
01/31/2014,LCH,LA,ASW,CE,Combined TRACON& Tower with Radar,0,21,7,4,32,0,30,30,1,61,0,51,37,5,93,42,14,56,149
02/01/2014,LCH,LA,ASW,CE,Combined TRACON& Tower with Radar,0,30,10,14,54,0,18,10,0,28,0,48,20,14,82,66,12,78,160
02/02/2014,LCH,LA,ASW,CE,Combined TRACON& Tower with Radar,0,4,0,0,4,0,0,0,0,0,0,4,0,0,4,0,0,0,4
02/03/2014,LCH,LA,ASW,CE,Combined TRACON& Tower with Radar,0,29,4,16,49,0,11,4,0,15,0,40,8,16,64,0,8,8,72
02/04/2014,LCH,LA,ASW,CE,Combined TRACON& Tower with Radar,0,13,5,0,18,0,0,0,0,0,0,13,5,0,18,0,0,0,18
02/05/2014,LCH,LA,ASW,CE,Combined TRACON& Tower with Radar,0,21,13,14,48,0,30,13,1,44,0,51,26,15,92,56,20,76,168
02/06/2014,LCH,LA,ASW,CE,Combined TRACON& Tower with Radar,0,8,17,16,41,0,23,19,0,42,0,31,36,16,83,4,18,22,105
02/07/2014,LCH,LA,ASW,CE,Combined TRACON& Tower with Radar,0,14,22,25,61,0,10,10,0,20,0,24,32,25,81,4,26,30,111
02/08/2014,LCH,LA,ASW,CE,Combined TRACON& Tower with Radar,0,13,8,14,35,0,19,8,0,27,0,32,16,14,62,4,14,18,80
02/09/2014,LCH,LA,ASW,CE,Combined TRACON& Tower with Radar,0,24,17,18,59,0,0,1,0,1,0,24,18,18,60,2,22,24,84
02/10/2014,LCH,LA,ASW,CE,Combined TRACON& Tower with Radar,0,13,12,0,25,0,0,0,0,0,0,13,12,0,25,0,0,0,25
02/11/2014,LCH,LA,ASW,CE,Combined TRACON& Tower with Radar,0,21,3,1,25,0,0,0,0,0,0,21,3,1,25,0,0,0,25
02/12/2014,LCH,LA,ASW,CE,Combined TRACON& Tower with Radar,0,23,13,7,43,0,21,5,0,26,0,44,18,7,69,32,6,38,107
02/13/2014,LCH,LA,ASW,CE,Combined TRACON& Tower with Radar,0,19,4,2,25,0,40,47,0,87,0,59,51,2,112,48,0,48,160
02/14/2014,LCH,LA,ASW,CE,Combined TRACON& Tower with Radar,0,18,8,3,29,0,30,11,0,41,0,48,19,3,70,46,0,46,116
02/15/2014,LCH,LA,ASW,CE,Combined TRACON& Tower with Radar,0,17,9,0,26,0,28,25,0,53,0,45,34,0,79,36,0,36,115
02/16/2014,LCH,LA,ASW,CE,Combined TRACON& Tower with Radar,0,25,12,0,37,0,23,12,0,35,0,48,24,0,72,20,0,20,92
02/17/2014,LCH,LA,ASW,CE,Combined TRACON& Tower with Radar,0,25,9,0,34,0,19,22,0,41,0,44,31,0,75,36,0,36,111
02/18/2014,LCH,LA,ASW,CE,Combined TRACON& Tower with Radar,0,21,10,2,33,0,16,14,0,30,0,37,24,2,63,20,2,22,85
02/19/2014,LCH,LA,ASW,CE,Combined TRACON& Tower with Radar,0,27,18,10,55,0,10,14,0,24,0,37,32,10,79,6,32,38,117
02/20/2014,LCH,LA,ASW,CE,Combined TRACON& Tower with Radar,0,22,28,0,50,0,19,3,0,22,0,41,31,0,72,10,0,10,82
02/21/2014,LCH,LA,ASW,CE,Combined TRACON& Tower with Radar,0,24,19,2,45,0,34,27,0,61,0,58,46,2,106,62,14,76,182
02/22/2014,LCH,LA,ASW,CE,Combined TRACON& Tower with Radar,0,28,13,10,51,0,32,17,1,50,0,60,30,11,101,48,10,58,159
02/23/2014,LCH,LA,ASW,CE,Combined TRACON& Tower with Radar,0,27,5,0,32,0,1,1,0,2,0,28,6,0,34,2,0,2,36
02/24/2014,LCH,LA,ASW,CE,Combined TRACON& Tower with Radar,0,19,10,2,31,0,3,3,0,6,0,22,13,2,37,4,4,8,45
02/25/2014,LCH,LA,ASW,CE,Combined TRACON& Tower with Radar,0,14,7,0,21,0,0,3,0,3,0,14,10,0,24,0,0,0,24
02/26/2014,LCH,LA,ASW,CE,Combined TRACON& Tower with Radar,0,22,11,0,33,0,18,4,0,22,0,40,15,0,55,2,0,2,57
02/27/2014,LCH,LA,ASW,CE,Combined TRACON& Tower with Radar,0,23,16,4,43,0,34,33,0,67,0,57,49,4,110,64,8,72,182
02/28/2014,LCH,LA,ASW,CE,Combined TRACON& Tower with Radar,0,24,21,18,63,0,39,12,0,51,0,63,33,18,114,28,24,52,166
03/01/2014,LCH,LA,ASW,CE,Combined TRACON& Tower with Radar,0,16,22,3,41,0,22,14,0,36,0,38,36,3,77,32,6,38,115
03/02/2014,LCH,LA,ASW,CE,Combined TRACON& Tower with Radar,0,15,19,0,34,0,8,5,0,13,0,23,24,0,47,2,0,2,49
03/03/2014,LCH,LA,ASW,CE,Combined TRACON& Tower with Radar,0,15,7,0,22,0,12,10,0,22,0,27,17,0,44,0,0,0,44
03/04/2014,LCH,LA,ASW,CE,Combined TRACON& Tower with Radar,0,13,3,0,16,0,0,0,0,0,0,13,3,0,16,0,0,0,16
03/05/2014,LCH,LA,ASW,CE,Combined TRACON& Tower with Radar,0,35,16,10,61,0,7,3,0,10,0,42,19,10,71,32,2,34,105
03/06/2014,LCH,LA,ASW,CE,Combined TRACON& Tower with Radar,0,18,7,4,29,0,24,17,0,41,0,42,24,4,70,40,4,44,114
03/07/2014,LCH,LA,ASW,CE,Combined TRACON& Tower with Radar,0,23,18,2,43,0,19,25,0,44,0,42,43,2,87,54,0,54,141
03/08/2014,LCH,LA,ASW,CE,Combined TRACON& Tower with Radar,0,22,11,14,47,0,23,20,0,43,0,45,31,14,90,54,24,78,168
03/09/2014,LCH,LA,ASW,CE,Combined TRACON& Tower with Radar,0,15,12,6,33,0,5,19,0,24,0,20,31,6,57,30,4,34,91
03/10/2014,LCH,LA,ASW,CE,Combined TRACON& Tower with Radar,0,22,13,3,38,0,8,28,1,37,0,30,41,4,75,24,2,26,101
03/11/2014,LCH,LA,ASW,CE,Combined TRACON& Tower with Radar,0,18,5,9,32,0,2,8,0,10,0,20,13,9,42,12,2,14,56
03/12/2014,LCH,LA,ASW,CE,Combined TRACON& Tower with Radar,0,25,13,12,50,0,22,37,2,61,0,47,50,14,111,2,12,14,125
03/13/2014,LCH,LA,ASW,CE,Combined TRACON& Tower with Radar,0,28,20,5,53,0,45,39,0,84,0,73,59,5,137,18,6,24,161
03/14/2014,LCH,LA,ASW,CE,Combined TRACON& Tower with Radar,0,21,8,6,35,0,45,14,1,60,0,66,22,7,95,64,10,74,169
03/15/2014,LCH,LA,ASW,CE,Combined TRACON& Tower with Radar,0,22,11,6,39,0,26,12,0,38,0,48,23,6,77,42,8,50,127
03/16/2014,LCH,LA,ASW,CE,Combined TRACON& Tower with Radar,0,24,8,4,36,0,17,6,0,23,0,41,14,4,59,8,6,14,73
03/17/2014,LCH,LA,ASW,CE,Combined TRACON& Tower with Radar,0,14,10,3,27,0,34,17,1,52,0,48,27,4,79,32,0,32,111
03/18/2014,LCH,LA,ASW,CE,Combined TRACON& Tower with Radar,0,14,9,2,25,0,40,21,0,61,0,54,30,2,86,82,6,88,174
03/19/2014,LCH,LA,ASW,CE,Combined TRACON& Tower with Radar,0,20,17,0,37,0,41,27,0,68,0,61,44,0,105,58,0,58,163
03/20/2014,LCH,LA,ASW,CE,Combined TRACON& Tower with Radar,0,16,18,1,35,0,28,35,0,63,0,44,53,1,98,28,4,32,130
03/21/2014,LCH,LA,ASW,CE,Combined TRACON& Tower with Radar,0,27,6,9,42,0,16,16,0,32,0,43,22,9,74,44,8,52,126
03/22/2014,LCH,LA,ASW,CE,Combined TRACON& Tower with Radar,0,12,8,6,26,0,5,8,0,13,0,17,16,6,39,42,10,52,91
03/23/2014,LCH,LA,ASW,CE,Combined TRACON& Tower with Radar,0,15,8,4,27,0,8,4,0,12,0,23,12,4,39,34,2,36,75
03/24/2014,LCH,LA,ASW,CE,Combined TRACON& Tower with Radar,0,19,3,5,27,0,26,24,0,50,0,45,27,5,77,6,6,12,89
03/25/2014,LCH,LA,ASW,CE,Combined TRACON& Tower with Radar,0,21,4,6,31,0,29,19,1,49,0,50,23,7,80,22,8,30,110
03/26/2014,LCH,LA,ASW,CE,Combined TRACON& Tower with Radar,0,17,19,2,38,0,32,17,2,51,0,49,36,4,89,22,0,22,111
03/27/2014,LCH,LA,ASW,CE,Combined TRACON& Tower with Radar,0,19,11,2,32,0,14,8,0,22,0,33,19,2,54,6,4,10,64
03/28/2014,LCH,LA,ASW,CE,Combined TRACON& Tower with Radar,0,31,20,5,56,0,0,2,0,2,0,31,22,5,58,22,8,30,88
03/29/2014,LCH,LA,ASW,CE,Combined TRACON& Tower with Radar,0,23,11,19,53,0,27,11,0,38,0,50,22,19,91,24,14,38,129
03/30/2014,LCH,LA,ASW,CE,Combined TRACON& Tower with Radar,0,24,13,13,50,0,30,28,0,58,0,54,41,13,108,44,14,58,166
03/31/2014,LCH,LA,ASW,CE,Combined TRACON& Tower with Radar,0,20,18,15,53,0,24,12,0,36,0,44,30,15,89,8,18,26,115
04/01/2014,LCH,LA,ASW,CE,Combined TRACON& Tower with Radar,0,25,3,13,41,0,25,10,0,35,0,50,13,13,76,32,10,42,118
04/02/2014,LCH,LA,ASW,CE,Combined TRACON& Tower with Radar,0,19,18,6,43,0,19,15,0,34,0,38,33,6,77,28,0,28,105
04/03/2014,LCH,LA,ASW,CE,Combined TRACON& Tower with Radar,0,25,10,10,45,0,18,4,0,22,0,43,14,10,67,24,14,38,105
04/04/2014,LCH,LA,ASW,CE,Combined TRACON& Tower with Radar,0,13,9,8,30,0,18,16,0,34,0,31,25,8,64,32,12,44,108
04/05/2014,LCH,LA,ASW,CE,Combined TRACON& Tower with Radar,0,19,1,0,20,0,22,6,1,29,0,41,7,1,49,32,2,34,83
04/06/2014,LCH,LA,ASW,CE,Combined TRACON& Tower with Radar,0,10,6,0,16,0,2,0,0,2,0,12,6,0,18,0,0,0,18
04/07/2014,LCH,LA,ASW,CE,Combined TRACON& Tower with Radar,0,15,17,8,40,0,33,32,0,65,0,48,49,8,105,14,4,18,123
04/08/2014,LCH,LA,ASW,CE,Combined TRACON& Tower with Radar,0,20,8,9,37,0,36,14,0,50,0,56,22,9,87,30,10,40,127
04/09/2014,LCH,LA,ASW,CE,Combined TRACON& Tower with Radar,4,15,21,2,42,0,27,34,0,61,4,42,55,2,103,106,40,146,249
04/10/2014,LCH,LA,ASW,CE,Combined TRACON& Tower with Radar,0,14,9,1,24,0,29,28,1,58,0,43,37,2,82,14,0,14,96
04/11/2014,LCH,LA,ASW,CE,Combined TRACON& Tower with Radar,0,14,18,33,65,0,31,27,1,59,0,45,45,34,124,14,24,38,162
04/12/2014,LCH,LA,ASW,CE,Combined TRACON& Tower with Radar,0,11,16,1,28,0,10,19,0,29,0,21,35,1,57,6,2,8,65
04/13/2014,LCH,LA,ASW,CE,Combined TRACON& Tower with Radar,0,8,15,16,39,0,11,1,0,12,0,19,16,16,51,24,20,44,95
04/14/2014,LCH,LA,ASW,CE,Combined TRACON& Tower with Radar,0,14,4,0,18,0,7,3,0,10,0,21,7,0,28,0,0,0,28
04/15/2014,LCH,LA,ASW,CE,Combined TRACON& Tower with Radar,0,14,28,10,52,0,7,17,0,24,0,21,45,10,76,4,10,14,90
04/16/2014,LCH,LA,ASW,CE,Combined TRACON& Tower with Radar,0,13,11,0,24,0,29,32,1,62,0,42,43,1,86,26,0,26,112
04/17/2014,LCH,LA,ASW,CE,Combined TRACON& Tower with Radar,0,31,13,5,49,0,27,18,0,45,0,58,31,5,94,22,14,36,130
04/18/2014,LCH,LA,ASW,CE,Combined TRACON& Tower with Radar,0,17,7,8,32,0,23,20,0,43,0,40,27,8,75,54,10,64,139
04/19/2014,LCH,LA,ASW,CE,Combined TRACON& Tower with Radar,0,15,1,0,16,0,21,14,0,35,0,36,15,0,51,42,2,44,95
04/20/2014,LCH,LA,ASW,CE,Combined TRACON& Tower with Radar,0,22,14,0,36,0,14,16,0,30,0,36,30,0,66,96,2,98,164
04/21/2014,LCH,LA,ASW,CE,Combined TRACON& Tower with Radar,0,22,11,10,43,0,20,22,0,42,0,42,33,10,85,48,12,60,145
04/22/2014,LCH,LA,ASW,CE,Combined TRACON& Tower with Radar,0,17,11,11,39,0,19,26,0,45,0,36,37,11,84,66,12,78,162
04/23/2014,LCH,LA,ASW,CE,Combined TRACON& Tower with Radar,0,17,25,9,51,0,23,25,1,49,0,40,50,10,100,2,20,22,122
04/24/2014,LCH,LA,ASW,CE,Combined TRACON& Tower with Radar,0,18,19,6,43,0,20,11,0,31,0,38,30,6,74,12,10,22,96
04/25/2014,LCH,LA,ASW,CE,Combined TRACON& Tower with Radar,0,19,21,17,57,0,25,15,1,41,0,44,36,18,98,28,6,34,132
04/26/2014,LCH,LA,ASW,CE,Combined TRACON& Tower with Radar,0,14,5,6,25,0,18,8,0,26,0,32,13,6,51,12,18,30,81
04/27/2014,LCH,LA,ASW,CE,Combined TRACON& Tower with Radar,0,11,9,16,36,0,14,6,0,20,0,25,15,16,56,6,8,14,70
04/28/2014,LCH,LA,ASW,CE,Combined TRACON& Tower with Radar,0,13,8,0,21,0,19,12,0,31,0,32,20,0,52,4,0,4,56
04/29/2014,LCH,LA,ASW,CE,Combined TRACON& Tower with Radar,0,9,6,2,17,0,7,24,0,31,0,16,30,2,48,2,2,4,52
04/30/2014,LCH,LA,ASW,CE,Combined TRACON& Tower with Radar,0,14,21,2,37,0,27,21,2,50,0,41,42,4,87,32,10,42,129
05/01/2014,LCH,LA,ASW,CE,Combined TRACON& Tower with Radar,0,15,14,4,33,0,36,15,0,51,0,51,29,4,84,26,6,32,116
05/02/2014,LCH,LA,ASW,CE,Combined TRACON& Tower with Radar,0,12,14,3,29,0,31,30,0,61,0,43,44,3,90,16,8,24,114
05/03/2014,LCH,LA,ASW,CE,Combined TRACON& Tower with Radar,0,16,6,8,30,0,14,24,0,38,0,30,30,8,68,104,22,126,194
05/04/2014,LCH,LA,ASW,CE,Combined TRACON& Tower with Radar,0,18,5,15,38,0,16,25,1,42,0,34,30,16,80,22,4,26,106
05/05/2014,LCH,LA,ASW,CE,Combined TRACON& Tower with Radar,0,15,12,6,33,0,30,28,0,58,0,45,40,6,91,10,0,10,101
05/06/2014,LCH,LA,ASW,CE,Combined TRACON& Tower with Radar,0,12,25,6,43,0,25,20,0,45,0,37,45,6,88,16,12,28,116
05/07/2014,LCH,LA,ASW,CE,Combined TRACON& Tower with Radar,0,18,28,11,57,0,26,18,0,44,0,44,46,11,101,36,30,66,167
05/08/2014,LCH,LA,ASW,CE,Combined TRACON& Tower with Radar,0,17,13,4,34,0,15,10,0,25,0,32,23,4,59,10,10,20,79
05/09/2014,LCH,LA,ASW,CE,Combined TRACON& Tower with Radar,2,11,9,0,22,0,11,7,1,19,2,22,16,1,41,34,0,34,75
05/10/2014,LCH,LA,ASW,CE,Combined TRACON& Tower with Radar,0,9,6,4,19,0,19,9,0,28,0,28,15,4,47,18,6,24,71
05/11/2014,LCH,LA,ASW,CE,Combined TRACON& Tower with Radar,0,16,8,2,26,0,10,4,0,14,0,26,12,2,40,2,0,2,42
05/12/2014,LCH,LA,ASW,CE,Combined TRACON& Tower with Radar,0,10,14,0,24,0,17,4,0,21,0,27,18,0,45,2,0,2,47
05/13/2014,LCH,LA,ASW,CE,Combined TRACON& Tower with Radar,0,13,12,0,25,0,4,7,0,11,0,17,19,0,36,22,6,28,64
05/14/2014,LCH,LA,ASW,CE,Combined TRACON& Tower with Radar,0,19,5,0,24,0,12,7,0,19,0,31,12,0,43,30,0,30,73
05/15/2014,LCH,LA,ASW,CE,Combined TRACON& Tower with Radar,0,16,18,0,34,0,30,41,2,73,0,46,59,2,107,46,0,46,153
05/16/2014,LCH,LA,ASW,CE,Combined TRACON& Tower with Radar,0,21,21,25,67,0,26,36,0,62,0,47,57,25,129,40,34,74,203
05/17/2014,LCH,LA,ASW,CE,Combined TRACON& Tower with Radar,0,10,6,6,22,0,17,17,0,34,0,27,23,6,56,34,8,42,98
05/18/2014,LCH,LA,ASW,CE,Combined TRACON& Tower with Radar,0,23,14,0,37,0,17,12,0,29,0,40,26,0,66,22,0,22,88
05/19/2014,LCH,LA,ASW,CE,Combined TRACON& Tower with Radar,0,15,16,7,38,0,34,21,0,55,0,49,37,7,93,22,0,22,115
05/20/2014,LCH,LA,ASW,CE,Combined TRACON& Tower with Radar,0,12,29,10,51,0,28,23,2,53,0,40,52,12,104,22,14,36,140
05/21/2014,LCH,LA,ASW,CE,Combined TRACON& Tower with Radar,0,18,12,6,36,0,41,21,0,62,0,59,33,6,98,66,4,70,168
05/22/2014,LCH,LA,ASW,CE,Combined TRACON& Tower with Radar,0,18,8,6,32,0,38,31,1,70,0,56,39,7,102,20,16,36,138
05/23/2014,LCH,LA,ASW,CE,Combined TRACON& Tower with Radar,0,19,12,1,32,0,32,13,0,45,0,51,25,1,77,42,0,42,119
05/24/2014,LCH,LA,ASW,CE,Combined TRACON& Tower with Radar,0,11,10,0,21,0,17,22,0,39,0,28,32,0,60,44,0,44,104
05/25/2014,LCH,LA,ASW,CE,Combined TRACON& Tower with Radar,0,14,22,0,36,0,18,14,0,32,0,32,36,0,68,16,0,16,84
05/26/2014,LCH,LA,ASW,CE,Combined TRACON& Tower with Radar,0,29,15,0,44,0,16,16,0,32,0,45,31,0,76,24,0,24,100
05/27/2014,LCH,LA,ASW,CE,Combined TRACON& Tower with Radar,0,14,11,0,25,0,19,4,0,23,0,33,15,0,48,8,0,8,56
05/28/2014,LCH,LA,ASW,CE,Combined TRACON& Tower with Radar,0,11,1,0,12,0,7,3,0,10,0,18,4,0,22,0,0,0,22
05/29/2014,LCH,LA,ASW,CE,Combined TRACON& Tower with Radar,0,21,4,0,25,0,33,54,0,87,0,54,58,0,112,42,2,44,156
05/30/2014,LCH,LA,ASW,CE,Combined TRACON& Tower with Radar,0,25,7,0,32,0,31,10,0,41,0,56,17,0,73,44,0,44,117
05/31/2014,LCH,LA,ASW,CE,Combined TRACON& Tower with Radar,0,11,5,0,16,0,23,26,0,49,0,34,31,0,65,20,0,20,85
06/01/2014,LCH,LA,ASW,CE,Combined TRACON& Tower with Radar,0,16,7,0,23,0,17,3,0,20,0,33,10,0,43,10,0,10,53
06/02/2014,LCH,LA,ASW,CE,Combined TRACON& Tower with Radar,0,21,7,0,28,0,34,9,0,43,0,55,16,0,71,28,0,28,99
06/03/2014,LCH,LA,ASW,CE,Combined TRACON& Tower with Radar,0,16,7,2,25,0,36,12,0,48,0,52,19,2,73,12,0,12,85
06/04/2014,LCH,LA,ASW,CE,Combined TRACON& Tower with Radar,0,21,18,2,41,0,33,25,0,58,0,54,43,2,99,18,0,18,117
06/05/2014,LCH,LA,ASW,CE,Combined TRACON& Tower with Radar,0,19,9,0,28,0,34,39,1,74,0,53,48,1,102,40,0,40,142
06/06/2014,LCH,LA,ASW,CE,Combined TRACON& Tower with Radar,0,23,18,9,50,0,29,20,0,49,0,52,38,9,99,16,32,48,147
06/07/2014,LCH,LA,ASW,CE,Combined TRACON& Tower with Radar,0,18,16,4,38,0,20,29,0,49,0,38,45,4,87,34,4,38,125
06/08/2014,LCH,LA,ASW,CE,Combined TRACON& Tower with Radar,0,14,13,10,37,0,19,6,0,25,0,33,19,10,62,50,8,58,120
06/09/2014,LCH,LA,ASW,CE,Combined TRACON& Tower with Radar,0,11,6,0,17,0,34,20,0,54,0,45,26,0,71,66,0,66,137
06/10/2014,LCH,LA,ASW,CE,Combined TRACON& Tower with Radar,0,18,7,4,29,0,12,9,0,21,0,30,16,4,50,26,2,28,78
06/11/2014,LCH,LA,ASW,CE,Combined TRACON& Tower with Radar,0,16,10,14,40,0,21,23,2,46,0,37,33,16,86,78,14,92,178
06/12/2014,LCH,LA,ASW,CE,Combined TRACON& Tower with Radar,0,13,5,6,24,0,29,22,0,51,0,42,27,6,75,16,0,16,91
06/13/2014,LCH,LA,ASW,CE,Combined TRACON& Tower with Radar,0,10,8,0,18,0,9,13,0,22,0,19,21,0,40,0,0,0,40
06/14/2014,LCH,LA,ASW,CE,Combined TRACON& Tower with Radar,0,11,12,2,25,0,15,13,0,28,0,26,25,2,53,0,0,0,53
06/15/2014,LCH,LA,ASW,CE,Combined TRACON& Tower with Radar,0,12,9,8,29,0,10,13,0,23,0,22,22,8,52,4,2,6,58
06/16/2014,LCH,LA,ASW,CE,Combined TRACON& Tower with Radar,2,23,11,0,36,0,25,21,2,48,2,48,32,2,84,4,2,6,90
06/17/2014,LCH,LA,ASW,CE,Combined TRACON& Tower with Radar,0,14,15,0,29,0,20,15,0,35,0,34,30,0,64,18,0,18,82
06/18/2014,LCH,LA,ASW,CE,Combined TRACON& Tower with Radar,0,17,8,4,29,0,44,20,0,64,0,61,28,4,93,78,0,78,171
06/19/2014,LCH,LA,ASW,CE,Combined TRACON& Tower with Radar,0,14,20,0,34,0,41,23,0,64,0,55,43,0,98,50,10,60,158
06/20/2014,LCH,LA,ASW,CE,Combined TRACON& Tower with Radar,2,24,26,0,52,0,21,21,0,42,2,45,47,0,94,32,4,36,130
06/21/2014,LCH,LA,ASW,CE,Combined TRACON& Tower with Radar,0,27,12,8,47,0,18,12,0,30,0,45,24,8,77,72,16,88,165
06/22/2014,LCH,LA,ASW,CE,Combined TRACON& Tower with Radar,0,20,19,10,49,0,18,7,0,25,0,38,26,10,74,14,8,22,96
06/23/2014,LCH,LA,ASW,CE,Combined TRACON& Tower with Radar,4,26,15,0,45,0,30,16,0,46,4,56,31,0,91,6,4,10,101
06/24/2014,LCH,LA,ASW,CE,Combined TRACON& Tower with Radar,0,16,11,0,27,0,29,12,0,41,0,45,23,0,68,16,4,20,88
06/25/2014,LCH,LA,ASW,CE,Combined TRACON& Tower with Radar,0,8,4,0,12,0,15,6,0,21,0,23,10,0,33,18,0,18,51
06/26/2014,LCH,LA,ASW,CE,Combined TRACON& Tower with Radar,0,12,9,0,21,0,20,33,0,53,0,32,42,0,74,0,0,0,74
06/27/2014,LCH,LA,ASW,CE,Combined TRACON& Tower with Radar,0,10,12,4,26,0,9,1,0,10,0,19,13,4,36,26,0,26,62
06/28/2014,LCH,LA,ASW,CE,Combined TRACON& Tower with Radar,0,13,3,0,16,0,18,4,0,22,0,31,7,0,38,26,0,26,64
06/29/2014,LCH,LA,ASW,CE,Combined TRACON& Tower with Radar,0,15,24,8,47,0,24,20,0,44,0,39,44,8,91,62,12,74,165
06/30/2014,LCH,LA,ASW,CE,Combined TRACON& Tower with Radar,0,13,21,0,34,0,34,34,0,68,0,47,55,0,102,52,0,52,154
07/01/2014,LCH,LA,ASW,CE,Combined TRACON& Tower with Radar,0,27,14,7,48,0,38,19,0,57,0,65,33,7,105,52,12,64,169
07/02/2014,LCH,LA,ASW,CE,Combined TRACON& Tower with Radar,0,19,17,4,40,0,31,26,0,57,0,50,43,4,97,34,4,38,135
07/03/2014,LCH,LA,ASW,CE,Combined TRACON& Tower with Radar,2,22,16,2,42,0,30,21,0,51,2,52,37,2,93,50,0,50,143
07/04/2014,LCH,LA,ASW,CE,Combined TRACON& Tower with Radar,0,13,2,0,15,0,9,8,0,17,0,22,10,0,32,12,0,12,44
07/05/2014,LCH,LA,ASW,CE,Combined TRACON& Tower with Radar,2,14,2,0,18,0,11,26,0,37,2,25,28,0,55,28,0,28,83
07/06/2014,LCH,LA,ASW,CE,Combined TRACON& Tower with Radar,0,14,20,2,36,0,13,14,0,27,0,27,34,2,63,44,0,44,107
07/07/2014,LCH,LA,ASW,CE,Combined TRACON& Tower with Radar,0,19,20,0,39,0,28,43,0,71,0,47,63,0,110,24,14,38,148
07/08/2014,LCH,LA,ASW,CE,Combined TRACON& Tower with Radar,0,13,7,0,20,0,22,12,1,35,0,35,19,1,55,12,0,12,67
07/09/2014,LCH,LA,ASW,CE,Combined TRACON& Tower with Radar,0,17,10,5,32,0,40,27,0,67,0,57,37,5,99,34,12,46,145
07/10/2014,LCH,LA,ASW,CE,Combined TRACON& Tower with Radar,0,11,13,4,28,0,22,18,0,40,0,33,31,4,68,6,0,6,74
07/11/2014,LCH,LA,ASW,CE,Combined TRACON& Tower with Radar,0,12,23,6,41,0,21,11,0,32,0,33,34,6,73,10,2,12,85
07/12/2014,LCH,LA,ASW,CE,Combined TRACON& Tower with Radar,0,11,9,16,36,0,16,23,0,39,0,27,32,16,75,8,20,28,103
07/13/2014,LCH,LA,ASW,CE,Combined TRACON& Tower with Radar,0,10,9,0,19,0,10,10,0,20,0,20,19,0,39,30,4,34,73
07/14/2014,LCH,LA,ASW,CE,Combined TRACON& Tower with Radar,0,11,1,8,20,0,25,13,0,38,0,36,14,8,58,22,8,30,88
07/15/2014,LCH,LA,ASW,CE,Combined TRACON& Tower with Radar,0,13,5,0,18,0,10,9,0,19,0,23,14,0,37,0,0,0,37
07/16/2014,LCH,LA,ASW,CE,Combined TRACON& Tower with Radar,0,17,9,5,31,0,29,13,0,42,0,46,22,5,73,16,10,26,99
07/17/2014,LCH,LA,ASW,CE,Combined TRACON& Tower with Radar,0,9,3,0,12,0,17,10,0,27,0,26,13,0,39,0,0,0,39
07/18/2014,LCH,LA,ASW,CE,Combined TRACON& Tower with Radar,0,23,7,6,36,0,4,3,0,7,0,27,10,6,43,0,22,22,65
07/19/2014,LCH,LA,ASW,CE,Combined TRACON& Tower with Radar,0,16,4,2,22,0,4,2,0,6,0,20,6,2,28,6,0,6,34
07/20/2014,LCH,LA,ASW,CE,Combined TRACON& Tower with Radar,0,17,9,0,26,0,13,5,0,18,0,30,14,0,44,18,0,18,62
07/21/2014,LCH,LA,ASW,CE,Combined TRACON& Tower with Radar,0,18,7,2,27,0,29,17,0,46,0,47,24,2,73,4,0,4,77
07/22/2014,LCH,LA,ASW,CE,Combined TRACON& Tower with Radar,0,14,8,6,28,0,21,13,1,35,0,35,21,7,63,20,2,22,85
07/23/2014,LCH,LA,ASW,CE,Combined TRACON& Tower with Radar,0,17,15,4,36,0,31,23,0,54,0,48,38,4,90,98,0,98,188
07/24/2014,LCH,LA,ASW,CE,Combined TRACON& Tower with Radar,0,12,9,0,21,0,20,33,0,53,0,32,42,0,74,12,4,16,90
07/25/2014,LCH,LA,ASW,CE,Combined TRACON& Tower with Radar,0,22,8,12,42,0,19,26,0,45,0,41,34,12,87,48,10,58,145
07/26/2014,LCH,LA,ASW,CE,Combined TRACON& Tower with Radar,0,9,4,2,15,0,14,23,0,37,0,23,27,2,52,14,0,14,66
07/27/2014,LCH,LA,ASW,CE,Combined TRACON& Tower with Radar,0,15,15,4,34,0,18,32,0,50,0,33,47,4,84,44,0,44,128
07/28/2014,LCH,LA,ASW,CE,Combined TRACON& Tower with Radar,0,15,2,8,25,0,24,25,0,49,0,39,27,8,74,12,2,14,88
07/29/2014,LCH,LA,ASW,CE,Combined TRACON& Tower with Radar,0,18,26,2,46,0,16,16,0,32,0,34,42,2,78,50,2,52,130
07/30/2014,LCH,LA,ASW,CE,Combined TRACON& Tower with Radar,0,20,7,6,33,0,41,15,0,56,0,61,22,6,89,28,8,36,125
07/31/2014,LCH,LA,ASW,CE,Combined TRACON& Tower with Radar,0,12,13,0,25,0,25,26,0,51,0,37,39,0,76,26,0,26,102
08/01/2014,LCH,LA,ASW,CE,Combined TRACON& Tower with Radar,0,12,7,16,35,0,14,8,0,22,0,26,15,16,57,16,14,30,87
08/02/2014,LCH,LA,ASW,CE,Combined TRACON& Tower with Radar,0,16,14,0,30,0,6,5,0,11,0,22,19,0,41,66,0,66,107
08/03/2014,LCH,LA,ASW,CE,Combined TRACON& Tower with Radar,0,19,4,2,25,0,15,1,0,16,0,34,5,2,41,48,0,48,89
08/04/2014,LCH,LA,ASW,CE,Combined TRACON& Tower with Radar,0,22,26,2,50,0,27,24,0,51,0,49,50,2,101,18,4,22,123
08/05/2014,LCH,LA,ASW,CE,Combined TRACON& Tower with Radar,0,23,22,6,51,0,26,17,0,43,0,49,39,6,94,30,6,36,130
08/06/2014,LCH,LA,ASW,CE,Combined TRACON& Tower with Radar,0,12,19,12,43,0,28,24,0,52,0,40,43,12,95,0,12,12,107
08/07/2014,LCH,LA,ASW,CE,Combined TRACON& Tower with Radar,0,14,14,0,28,0,28,27,0,55,0,42,41,0,83,22,0,22,105
08/08/2014,LCH,LA,ASW,CE,Combined TRACON& Tower with Radar,0,19,13,24,56,0,19,16,0,35,0,38,29,24,91,36,28,64,155
08/09/2014,LCH,LA,ASW,CE,Combined TRACON& Tower with Radar,0,21,10,24,55,0,16,14,0,30,0,37,24,24,85,90,38,128,213
08/10/2014,LCH,LA,ASW,CE,Combined TRACON& Tower with Radar,0,18,17,0,35,0,22,8,0,30,0,40,25,0,65,16,0,16,81
08/11/2014,LCH,LA,ASW,CE,Combined TRACON& Tower with Radar,0,18,19,6,43,0,22,20,0,42,0,40,39,6,85,4,0,4,89
08/12/2014,LCH,LA,ASW,CE,Combined TRACON& Tower with Radar,0,13,16,5,34,0,32,25,0,57,0,45,41,5,91,58,6,64,155
08/13/2014,LCH,LA,ASW,CE,Combined TRACON& Tower with Radar,0,13,20,0,33,0,26,28,0,54,0,39,48,0,87,48,6,54,141
08/14/2014,LCH,LA,ASW,CE,Combined TRACON& Tower with Radar,0,24,12,6,42,0,22,25,0,47,0,46,37,6,89,82,4,86,175
08/15/2014,LCH,LA,ASW,CE,Combined TRACON& Tower with Radar,0,27,3,22,52,0,19,25,5,49,0,46,28,27,101,12,14,26,127
08/16/2014,LCH,LA,ASW,CE,Combined TRACON& Tower with Radar,0,26,22,10,58,0,20,25,1,46,0,46,47,11,104,30,8,38,142
08/17/2014,LCH,LA,ASW,CE,Combined TRACON& Tower with Radar,0,16,4,6,26,0,16,13,0,29,0,32,17,6,55,14,4,18,73
08/18/2014,LCH,LA,ASW,CE,Combined TRACON& Tower with Radar,0,22,10,8,40,0,15,21,0,36,0,37,31,8,76,28,8,36,112
08/19/2014,LCH,LA,ASW,CE,Combined TRACON& Tower with Radar,0,8,13,0,21,0,21,16,0,37,0,29,29,0,58,32,6,38,96
08/20/2014,LCH,LA,ASW,CE,Combined TRACON& Tower with Radar,0,24,8,1,33,0,40,15,0,55,0,64,23,1,88,22,0,22,110
08/21/2014,LCH,LA,ASW,CE,Combined TRACON& Tower with Radar,0,9,9,0,18,0,14,11,0,25,0,23,20,0,43,17,0,17,60
08/22/2014,LCH,LA,ASW,CE,Combined TRACON& Tower with Radar,0,18,12,24,54,0,20,26,0,46,0,38,38,24,100,0,24,24,124
08/23/2014,LCH,LA,ASW,CE,Combined TRACON& Tower with Radar,0,16,10,4,30,0,14,12,0,26,0,30,22,4,56,46,4,50,106
08/24/2014,LCH,LA,ASW,CE,Combined TRACON& Tower with Radar,0,20,3,6,29,0,21,11,0,32,0,41,14,6,61,25,10,35,96
08/25/2014,LCH,LA,ASW,CE,Combined TRACON& Tower with Radar,0,16,9,6,31,0,37,18,0,55,0,53,27,6,86,22,4,26,112
08/26/2014,LCH,LA,ASW,CE,Combined TRACON& Tower with Radar,0,13,8,2,23,0,30,24,0,54,0,43,32,2,77,12,0,12,89
08/27/2014,LCH,LA,ASW,CE,Combined TRACON& Tower with Radar,0,15,6,0,21,0,22,12,0,34,0,37,18,0,55,20,0,20,75
08/28/2014,LCH,LA,ASW,CE,Combined TRACON& Tower with Radar,0,16,9,0,25,0,35,17,0,52,0,51,26,0,77,14,0,14,91
08/29/2014,LCH,LA,ASW,CE,Combined TRACON& Tower with Radar,0,11,5,0,16,0,9,9,0,18,0,20,14,0,34,4,4,8,42
08/30/2014,LCH,LA,ASW,CE,Combined TRACON& Tower with Radar,0,8,4,1,13,0,0,0,0,0,0,8,4,1,13,0,0,0,13
08/31/2014,LCH,LA,ASW,CE,Combined TRACON& Tower with Radar,0,12,7,0,19,0,21,5,0,26,0,33,12,0,45,8,0,8,53
09/01/2014,LCH,LA,ASW,CE,Combined TRACON& Tower with Radar,0,22,8,0,30,0,25,10,0,35,0,47,18,0,65,44,0,44,109
09/02/2014,LCH,LA,ASW,CE,Combined TRACON& Tower with Radar,0,19,25,2,46,0,23,26,0,49,0,42,51,2,95,64,2,66,161
09/03/2014,LCH,LA,ASW,CE,Combined TRACON& Tower with Radar,0,11,19,6,36,0,26,14,0,40,0,37,33,6,76,42,4,46,122
09/04/2014,LCH,LA,ASW,CE,Combined TRACON& Tower with Radar,0,12,12,0,24,0,33,24,2,59,0,45,36,2,83,56,0,56,139
09/05/2014,LCH,LA,ASW,CE,Combined TRACON& Tower with Radar,0,14,8,2,24,0,23,27,0,50,0,37,35,2,74,16,0,16,90
09/06/2014,LCH,LA,ASW,CE,Combined TRACON& Tower with Radar,0,9,5,6,20,0,13,14,0,27,0,22,19,6,47,64,0,64,111
09/07/2014,LCH,LA,ASW,CE,Combined TRACON& Tower with Radar,0,23,16,10,49,0,17,11,0,28,0,40,27,10,77,18,12,30,107
09/08/2014,LCH,LA,ASW,CE,Combined TRACON& Tower with Radar,0,15,8,10,33,0,29,29,1,59,0,44,37,11,92,18,10,28,120
09/09/2014,LCH,LA,ASW,CE,Combined TRACON& Tower with Radar,0,11,28,0,39,0,31,24,0,55,0,42,52,0,94,36,0,36,130
09/10/2014,LCH,LA,ASW,CE,Combined TRACON& Tower with Radar,0,15,27,14,56,0,32,15,1,48,0,47,42,15,104,22,8,30,134
09/11/2014,LCH,LA,ASW,CE,Combined TRACON& Tower with Radar,0,16,21,2,39,0,26,25,0,51,0,42,46,2,90,26,6,32,122
09/12/2014,LCH,LA,ASW,CE,Combined TRACON& Tower with Radar,0,9,9,8,26,0,13,5,0,18,0,22,14,8,44,2,4,6,50
09/13/2014,LCH,LA,ASW,CE,Combined TRACON& Tower with Radar,0,11,12,0,23,0,9,3,0,12,0,20,15,0,35,2,0,2,37
09/14/2014,LCH,LA,ASW,CE,Combined TRACON& Tower with Radar,0,20,17,24,61,0,9,19,0,28,0,29,36,24,89,32,16,48,137
09/15/2014,LCH,LA,ASW,CE,Combined TRACON& Tower with Radar,0,11,6,0,17,0,30,19,0,49,0,41,25,0,66,4,0,4,70
09/16/2014,LCH,LA,ASW,CE,Combined TRACON& Tower with Radar,0,15,16,0,31,0,16,8,0,24,0,31,24,0,55,0,0,0,55
09/17/2014,LCH,LA,ASW,CE,Combined TRACON& Tower with Radar,0,14,17,4,35,0,22,5,0,27,0,36,22,4,62,0,0,0,62
09/18/2014,LCH,LA,ASW,CE,Combined TRACON& Tower with Radar,0,10,9,0,19,0,8,8,0,16,0,18,17,0,35,0,0,0,35
09/19/2014,LCH,LA,ASW,CE,Combined TRACON& Tower with Radar,0,19,8,12,39,0,16,14,0,30,0,35,22,12,69,56,14,70,139
09/20/2014,LCH,LA,ASW,CE,Combined TRACON& Tower with Radar,0,16,8,12,36,0,16,16,2,34,0,32,24,14,70,10,26,36,106
09/21/2014,LCH,LA,ASW,CE,Combined TRACON& Tower with Radar,0,18,10,10,38,0,15,9,0,24,0,33,19,10,62,38,10,48,110
09/22/2014,LCH,LA,ASW,CE,Combined TRACON& Tower with Radar,0,14,14,11,39,0,37,29,0,66,0,51,43,11,105,8,4,12,117
09/23/2014,LCH,LA,ASW,CE,Combined TRACON& Tower with Radar,0,16,8,8,32,0,32,18,0,50,0,48,26,8,82,14,2,16,98
09/24/2014,LCH,LA,ASW,CE,Combined TRACON& Tower with Radar,0,19,24,6,49,0,29,21,0,50,0,48,45,6,99,0,8,8,107
09/25/2014,LCH,LA,ASW,CE,Combined TRACON& Tower with Radar,0,22,21,4,47,0,29,24,0,53,0,51,45,4,100,12,4,16,116
09/26/2014,LCH,LA,ASW,CE,Combined TRACON& Tower with Radar,0,19,19,6,44,0,30,15,0,45,0,49,34,6,89,26,0,26,115
09/27/2014,LCH,LA,ASW,CE,Combined TRACON& Tower with Radar,0,9,6,19,34,0,11,24,2,37,0,20,30,21,71,30,16,46,117
09/28/2014,LCH,LA,ASW,CE,Combined TRACON& Tower with Radar,0,33,20,2,55,0,25,7,0,32,0,58,27,2,87,46,4,50,137
09/29/2014,LCH,LA,ASW,CE,Combined TRACON& Tower with Radar,0,25,14,0,39,0,14,11,0,25,0,39,25,0,64,6,0,6,70
09/30/2014,LCH,LA,ASW,CE,Combined TRACON& Tower with Radar,0,11,6,4,21,0,27,20,0,47,0,38,26,4,68,0,0,0,68
10/01/2014,LCH,LA,ASW,CE,Combined TRACON& Tower with Radar,0,19,6,0,25,0,16,14,0,30,0,35,20,0,55,6,0,6,61
10/02/2014,LCH,LA,ASW,CE,Combined TRACON& Tower with Radar,0,20,21,0,41,0,47,18,0,65,0,67,39,0,106,18,0,18,124
10/03/2014,LCH,LA,ASW,CE,Combined TRACON& Tower with Radar,0,23,11,21,55,0,23,21,0,44,0,46,32,21,99,66,18,84,183
10/04/2014,LCH,LA,ASW,CE,Combined TRACON& Tower with Radar,0,17,13,6,36,0,24,37,0,61,0,41,50,6,97,79,10,89,186
10/05/2014,LCH,LA,ASW,CE,Combined TRACON& Tower with Radar,0,21,16,4,41,0,26,18,0,44,0,47,34,4,85,39,4,43,128
10/06/2014,LCH,LA,ASW,CE,Combined TRACON& Tower with Radar,0,12,11,0,23,0,17,19,0,36,0,29,30,0,59,2,0,2,61
10/07/2014,LCH,LA,ASW,CE,Combined TRACON& Tower with Radar,0,15,14,6,35,0,32,28,0,60,0,47,42,6,95,48,4,52,147
10/08/2014,LCH,LA,ASW,CE,Combined TRACON& Tower with Radar,0,14,14,0,28,0,19,25,0,44,0,33,39,0,72,14,0,14,86
10/09/2014,LCH,LA,ASW,CE,Combined TRACON& Tower with Radar,0,24,14,5,43,0,13,15,1,29,0,37,29,6,72,0,6,6,78
10/10/2014,LCH,LA,ASW,CE,Combined TRACON& Tower with Radar,0,20,15,5,40,0,24,10,0,34,0,44,25,5,74,22,8,30,104
10/11/2014,LCH,LA,ASW,CE,Combined TRACON& Tower with Radar,0,13,6,0,19,0,10,6,0,16,0,23,12,0,35,34,0,34,69
10/12/2014,LCH,LA,ASW,CE,Combined TRACON& Tower with Radar,2,19,11,0,32,0,12,14,0,26,2,31,25,0,58,46,0,46,104
10/13/2014,LCH,LA,ASW,CE,Combined TRACON& Tower with Radar,0,11,11,0,22,0,17,12,0,29,0,28,23,0,51,0,0,0,51
10/14/2014,LCH,LA,ASW,CE,Combined TRACON& Tower with Radar,0,16,14,6,36,0,46,19,0,65,0,62,33,6,101,54,6,60,161
10/15/2014,LCH,LA,ASW,CE,Combined TRACON& Tower with Radar,0,17,10,16,43,0,33,14,0,47,0,50,24,16,90,43,22,65,155
10/16/2014,LCH,LA,ASW,CE,Combined TRACON& Tower with Radar,0,14,10,4,28,0,40,30,0,70,0,54,40,4,98,74,4,78,176
10/17/2014,LCH,LA,ASW,CE,Combined TRACON& Tower with Radar,0,20,7,16,43,0,34,14,0,48,0,54,21,16,91,36,4,40,131
10/18/2014,LCH,LA,ASW,CE,Combined TRACON& Tower with Radar,0,10,7,5,22,0,20,23,1,44,0,30,30,6,66,46,6,52,118
10/19/2014,LCH,LA,ASW,CE,Combined TRACON& Tower with Radar,0,15,6,0,21,0,18,16,0,34,0,33,22,0,55,12,0,12,67
10/20/2014,LCH,LA,ASW,CE,Combined TRACON& Tower with Radar,0,19,13,21,53,0,20,21,0,41,0,39,34,21,94,8,22,30,124
10/21/2014,LCH,LA,ASW,CE,Combined TRACON& Tower with Radar,0,14,7,6,27,0,35,26,0,61,0,49,33,6,88,26,6,32,120
10/22/2014,LCH,LA,ASW,CE,Combined TRACON& Tower with Radar,0,15,7,11,33,0,30,12,0,42,0,45,19,11,75,86,10,96,171
10/23/2014,LCH,LA,ASW,CE,Combined TRACON& Tower with Radar,2,22,20,2,46,0,30,35,0,65,2,52,55,2,111,12,0,12,123
10/24/2014,LCH,LA,ASW,CE,Combined TRACON& Tower with Radar,0,18,4,47,69,0,24,25,0,49,0,42,29,47,118,36,26,62,180
10/25/2014,LCH,LA,ASW,CE,Combined TRACON& Tower with Radar,0,8,8,18,34,0,16,23,2,41,0,24,31,20,75,12,16,28,103
10/26/2014,LCH,LA,ASW,CE,Combined TRACON& Tower with Radar,2,13,11,10,36,0,17,14,0,31,2,30,25,10,67,80,6,86,153
10/27/2014,LCH,LA,ASW,CE,Combined TRACON& Tower with Radar,0,21,26,10,57,0,29,19,0,48,0,50,45,10,105,24,6,30,135
10/28/2014,LCH,LA,ASW,CE,Combined TRACON& Tower with Radar,0,13,18,0,31,0,32,14,0,46,0,45,32,0,77,44,4,48,125
10/29/2014,LCH,LA,ASW,CE,Combined TRACON& Tower with Radar,0,38,17,0,55,0,25,11,1,37,0,63,28,1,92,39,0,39,131
10/30/2014,LCH,LA,ASW,CE,Combined TRACON& Tower with Radar,0,21,25,7,53,0,35,23,0,58,0,56,48,7,111,156,10,166,277
10/31/2014,LCH,LA,ASW,CE,Combined TRACON& Tower with Radar,0,23,12,20,55,0,22,21,0,43,0,45,33,20,98,0,16,16,114
11/01/2014,LCH,LA,ASW,CE,Combined TRACON& Tower with Radar,0,11,4,5,20,0,17,15,1,33,0,28,19,6,53,16,0,16,69
11/02/2014,LCH,LA,ASW,CE,Combined TRACON& Tower with Radar,0,12,15,0,27,0,18,14,0,32,0,30,29,0,59,6,0,6,65
11/03/2014,LCH,LA,ASW,CE,Combined TRACON& Tower with Radar,2,11,8,4,25,0,24,20,1,45,2,35,28,5,70,0,0,0,70
11/04/2014,LCH,LA,ASW,CE,Combined TRACON& Tower with Radar,0,14,9,14,37,0,28,26,0,54,0,42,35,14,91,36,14,50,141
11/05/2014,LCH,LA,ASW,CE,Combined TRACON& Tower with Radar,0,16,6,6,28,0,22,5,1,28,0,38,11,7,56,20,2,22,78
11/06/2014,LCH,LA,ASW,CE,Combined TRACON& Tower with Radar,0,16,16,4,36,0,4,7,0,11,0,20,23,4,47,0,0,0,47
11/07/2014,LCH,LA,ASW,CE,Combined TRACON& Tower with Radar,2,23,14,12,51,0,25,19,0,44,2,48,33,12,95,36,0,36,131
11/08/2014,LCH,LA,ASW,CE,Combined TRACON& Tower with Radar,0,17,11,6,34,0,23,22,0,45,0,40,33,6,79,18,8,26,105
11/09/2014,LCH,LA,ASW,CE,Combined TRACON& Tower with Radar,0,16,19,4,39,0,18,23,0,41,0,34,42,4,80,18,4,22,102
11/10/2014,LCH,LA,ASW,CE,Combined TRACON& Tower with Radar,0,16,11,4,31,0,31,22,0,53,0,47,33,4,84,50,0,50,134
11/11/2014,LCH,LA,ASW,CE,Combined TRACON& Tower with Radar,0,21,11,0,32,0,25,11,1,37,0,46,22,1,69,114,0,114,183
11/12/2014,LCH,LA,ASW,CE,Combined TRACON& Tower with Radar,0,17,10,4,31,0,9,7,0,16,0,26,17,4,47,24,0,24,71
11/13/2014,LCH,LA,ASW,CE,Combined TRACON& Tower with Radar,0,16,10,0,26,0,11,13,0,24,0,27,23,0,50,2,0,2,52
11/14/2014,LCH,LA,ASW,CE,Combined TRACON& Tower with Radar,0,20,11,11,42,0,19,15,0,34,0,39,26,11,76,50,4,54,130
11/15/2014,LCH,LA,ASW,CE,Combined TRACON& Tower with Radar,0,11,8,8,27,0,13,7,0,20,0,24,15,8,47,10,16,26,73
11/16/2014,LCH,LA,ASW,CE,Combined TRACON& Tower with Radar,0,10,10,0,20,0,1,2,0,3,0,11,12,0,23,0,0,0,23
11/17/2014,LCH,LA,ASW,CE,Combined TRACON& Tower with Radar,0,18,24,8,50,0,19,21,0,40,0,37,45,8,90,24,4,28,118
11/18/2014,LCH,LA,ASW,CE,Combined TRACON& Tower with Radar,0,11,7,2,20,0,25,20,0,45,0,36,27,2,65,66,0,66,131
11/19/2014,LCH,LA,ASW,CE,Combined TRACON& Tower with Radar,0,15,15,1,31,0,37,29,0,66,0,52,44,1,97,18,0,18,115
11/20/2014,LCH,LA,ASW,CE,Combined TRACON& Tower with Radar,0,17,21,0,38,0,22,21,0,43,0,39,42,0,81,26,2,28,109
11/21/2014,LCH,LA,ASW,CE,Combined TRACON& Tower with Radar,0,11,14,26,51,0,19,4,0,23,0,30,18,26,74,6,18,24,98
11/22/2014,LCH,LA,ASW,CE,Combined TRACON& Tower with Radar,0,14,7,0,21,0,10,7,0,17,0,24,14,0,38,32,0,32,70
11/23/2014,LCH,LA,ASW,CE,Combined TRACON& Tower with Radar,0,13,17,6,36,0,4,16,0,20,0,17,33,6,56,18,6,24,80
11/24/2014,LCH,LA,ASW,CE,Combined TRACON& Tower with Radar,0,16,19,14,49,0,28,31,0,59,0,44,50,14,108,8,0,8,116
11/25/2014,LCH,LA,ASW,CE,Combined TRACON& Tower with Radar,0,13,1,10,24,0,29,19,0,48,0,42,20,10,72,0,6,6,78
11/26/2014,LCH,LA,ASW,CE,Combined TRACON& Tower with Radar,0,14,14,0,28,0,16,9,0,25,0,30,23,0,53,14,2,16,69
11/27/2014,LCH,LA,ASW,CE,Combined TRACON& Tower with Radar,0,15,2,0,17,0,14,2,0,16,0,29,4,0,33,28,0,28,61
11/28/2014,LCH,LA,ASW,CE,Combined TRACON& Tower with Radar,0,14,14,0,28,0,21,17,1,39,0,35,31,1,67,20,0,20,87
11/29/2014,LCH,LA,ASW,CE,Combined TRACON& Tower with Radar,0,12,15,0,27,0,4,12,0,16,0,16,27,0,43,8,0,8,51
11/30/2014,LCH,LA,ASW,CE,Combined TRACON& Tower with Radar,0,16,15,0,31,0,11,19,0,30,0,27,34,0,61,20,0,20,81
12/01/2014,LCH,LA,ASW,CE,Combined TRACON& Tower with Radar,0,14,13,8,35,0,20,9,0,29,0,34,22,8,64,12,0,12,76
12/02/2014,LCH,LA,ASW,CE,Combined TRACON& Tower with Radar,0,15,20,0,35,0,0,4,0,4,0,15,24,0,39,4,0,4,43
12/03/2014,LCH,LA,ASW,CE,Combined TRACON& Tower with Radar,0,16,14,8,38,0,29,12,0,41,0,45,26,8,79,24,0,24,103
12/04/2014,LCH,LA,ASW,CE,Combined TRACON& Tower with Radar,1,14,10,2,27,0,4,8,0,12,1,18,18,2,39,18,2,20,59
12/05/2014,LCH,LA,ASW,CE,Combined TRACON& Tower with Radar,1,15,19,8,43,0,13,5,0,18,1,28,24,8,61,8,10,18,79
12/06/2014,LCH,LA,ASW,CE,Combined TRACON& Tower with Radar,0,8,10,7,25,0,9,3,1,13,0,17,13,8,38,6,2,8,46
12/07/2014,LCH,LA,ASW,CE,Combined TRACON& Tower with Radar,1,14,23,2,40,0,15,15,1,31,1,29,38,3,71,10,4,14,85
12/08/2014,LCH,LA,ASW,CE,Combined TRACON& Tower with Radar,0,15,8,3,26,0,27,38,1,66,0,42,46,4,92,16,0,16,108
12/09/2014,LCH,LA,ASW,CE,Combined TRACON& Tower with Radar,0,9,21,0,30,0,30,16,1,47,0,39,37,1,77,26,0,26,103
12/10/2014,LCH,LA,ASW,CE,Combined TRACON& Tower with Radar,0,10,8,6,24,0,32,19,0,51,0,42,27,6,75,0,0,0,75
12/11/2014,LCH,LA,ASW,CE,Combined TRACON& Tower with Radar,0,19,24,2,45,0,28,36,0,64,0,47,60,2,109,30,4,34,143
12/12/2014,LCH,LA,ASW,CE,Combined TRACON& Tower with Radar,1,13,26,28,68,0,26,17,0,43,1,39,43,28,111,12,28,40,151
12/13/2014,LCH,LA,ASW,CE,Combined TRACON& Tower with Radar,1,12,8,40,61,0,14,20,0,34,1,26,28,40,95,68,70,138,233
12/14/2014,LCH,LA,ASW,CE,Combined TRACON& Tower with Radar,1,18,16,0,35,0,21,14,0,35,1,39,30,0,70,22,6,28,98
12/15/2014,LCH,LA,ASW,CE,Combined TRACON& Tower with Radar,1,11,15,12,39,0,15,13,0,28,1,26,28,12,67,0,10,10,77
12/16/2014,LCH,LA,ASW,CE,Combined TRACON& Tower with Radar,0,9,19,20,48,0,20,19,0,39,0,29,38,20,87,14,18,32,119
12/17/2014,LCH,LA,ASW,CE,Combined TRACON& Tower with Radar,0,11,14,17,42,0,30,14,0,44,0,41,28,17,86,36,14,50,136
12/18/2014,LCH,LA,ASW,CE,Combined TRACON& Tower with Radar,0,11,16,8,35,0,10,12,0,22,0,21,28,8,57,0,2,2,59
12/19/2014,LCH,LA,ASW,CE,Combined TRACON& Tower with Radar,0,10,12,0,22,0,0,2,0,2,0,10,14,0,24,0,0,0,24
12/20/2014,LCH,LA,ASW,CE,Combined TRACON& Tower with Radar,0,11,5,0,16,0,11,10,0,21,0,22,15,0,37,12,2,14,51
12/21/2014,LCH,LA,ASW,CE,Combined TRACON& Tower with Radar,0,14,9,0,23,0,1,7,0,8,0,15,16,0,31,0,0,0,31
12/22/2014,LCH,LA,ASW,CE,Combined TRACON& Tower with Radar,0,16,12,0,28,0,6,6,0,12,0,22,18,0,40,6,4,10,50
12/23/2014,LCH,LA,ASW,CE,Combined TRACON& Tower with Radar,0,14,5,0,19,0,0,1,0,1,0,14,6,0,20,0,0,0,20
12/24/2014,LCH,LA,ASW,CE,Combined TRACON& Tower with Radar,0,6,8,0,14,0,21,17,0,38,0,27,25,0,52,2,0,2,54
12/25/2014,LCH,LA,ASW,CE,Combined TRACON& Tower with Radar,0,9,1,0,10,0,12,15,0,27,0,21,16,0,37,2,0,2,39
12/26/2014,LCH,LA,ASW,CE,Combined TRACON& Tower with Radar,0,13,15,0,28,0,5,6,0,11,0,18,21,0,39,12,0,12,51
12/27/2014,LCH,LA,ASW,CE,Combined TRACON& Tower with Radar,0,8,4,0,12,0,0,0,0,0,0,8,4,0,12,0,0,0,12
12/28/2014,LCH,LA,ASW,CE,Combined TRACON& Tower with Radar,0,9,9,0,18,0,1,2,0,3,0,10,11,0,21,0,0,0,21
12/29/2014,LCH,LA,ASW,CE,Combined TRACON& Tower with Radar,0,18,9,0,27,0,0,1,0,1,0,18,10,0,28,0,0,0,28
12/30/2014,LCH,LA,ASW,CE,Combined TRACON& Tower with Radar,0,21,23,0,44,0,10,14,0,24,0,31,37,0,68,12,0,12,80
12/31/2014,LCH,LA,ASW,CE,Combined TRACON& Tower with Radar,0,11,12,0,23,0,30,28,0,58,0,41,40,0,81,12,0,12,93
01/01/2015,LCH,LA,ASW,CE,Combined TRACON& Tower with Radar,0,7,7,0,14,0,3,2,0,5,0,10,9,0,19,8,0,8,27
01/02/2015,LCH,LA,ASW,CE,Combined TRACON& Tower with Radar,0,19,10,0,29,0,0,1,0,1,0,19,11,0,30,0,0,0,30
01/03/2015,LCH,LA,ASW,CE,Combined TRACON& Tower with Radar,0,12,1,0,13,0,1,2,0,3,0,13,3,0,16,0,0,0,16
01/04/2015,LCH,LA,ASW,CE,Combined TRACON& Tower with Radar,0,14,10,0,24,0,26,23,0,49,0,40,33,0,73,33,0,33,106
01/05/2015,LCH,LA,ASW,CE,Combined TRACON& Tower with Radar,0,14,13,0,27,0,28,25,0,53,0,42,38,0,80,2,0,2,82
01/06/2015,LCH,LA,ASW,CE,Combined TRACON& Tower with Radar,0,12,7,0,19,0,23,16,0,39,0,35,23,0,58,2,0,2,60
01/07/2015,LCH,LA,ASW,CE,Combined TRACON& Tower with Radar,0,15,34,2,51,0,34,10,0,44,0,49,44,2,95,26,16,42,137
01/08/2015,LCH,LA,ASW,CE,Combined TRACON& Tower with Radar,0,26,26,3,55,0,42,24,0,66,0,68,50,3,121,60,0,60,181
01/09/2015,LCH,LA,ASW,CE,Combined TRACON& Tower with Radar,0,22,6,4,32,0,5,1,0,6,0,27,7,4,38,0,0,0,38
01/10/2015,LCH,LA,ASW,CE,Combined TRACON& Tower with Radar,0,10,7,10,27,0,8,11,0,19,0,18,18,10,46,24,10,34,80
01/11/2015,LCH,LA,ASW,CE,Combined TRACON& Tower with Radar,0,11,11,0,22,0,2,0,0,2,0,13,11,0,24,8,0,8,32
01/12/2015,LCH,LA,ASW,CE,Combined TRACON& Tower with Radar,0,32,25,0,57,0,2,0,0,2,0,34,25,0,59,4,0,4,63
01/13/2015,LCH,LA,ASW,CE,Combined TRACON& Tower with Radar,0,17,22,13,52,0,7,6,0,13,0,24,28,13,65,6,4,10,75
01/14/2015,LCH,LA,ASW,CE,Combined TRACON& Tower with Radar,0,22,10,2,34,0,2,3,0,5,0,24,13,2,39,0,2,2,41
01/15/2015,LCH,LA,ASW,CE,Combined TRACON& Tower with Radar,0,19,4,0,23,0,7,12,0,19,0,26,16,0,42,34,0,34,76
01/16/2015,LCH,LA,ASW,CE,Combined TRACON& Tower with Radar,0,13,11,0,24,0,15,29,0,44,0,28,40,0,68,40,0,40,108
01/17/2015,LCH,LA,ASW,CE,Combined TRACON& Tower with Radar,0,14,10,0,24,0,17,32,0,49,0,31,42,0,73,2,0,2,75
01/18/2015,LCH,LA,ASW,CE,Combined TRACON& Tower with Radar,0,14,16,0,30,0,16,30,0,46,0,30,46,0,76,22,0,22,98
01/19/2015,LCH,LA,ASW,CE,Combined TRACON& Tower with Radar,0,23,17,0,40,0,32,32,0,64,0,55,49,0,104,54,0,54,158
01/20/2015,LCH,LA,ASW,CE,Combined TRACON& Tower with Radar,0,20,16,6,42,0,25,20,0,45,0,45,36,6,87,28,6,34,121
01/21/2015,LCH,LA,ASW,CE,Combined TRACON& Tower with Radar,0,16,5,20,41,0,16,8,0,24,0,32,13,20,65,0,0,0,65
01/22/2015,LCH,LA,ASW,CE,Combined TRACON& Tower with Radar,0,18,10,2,30,0,12,5,0,17,0,30,15,2,47,4,0,4,51
01/23/2015,LCH,LA,ASW,CE,Combined TRACON& Tower with Radar,0,32,20,12,64,0,10,12,2,24,0,42,32,14,88,22,16,38,126
01/24/2015,LCH,LA,ASW,CE,Combined TRACON& Tower with Radar,0,20,4,53,77,0,13,22,0,35,0,33,26,53,112,22,56,78,190
01/25/2015,LCH,LA,ASW,CE,Combined TRACON& Tower with Radar,0,23,14,1,38,0,9,24,1,34,0,32,38,2,72,20,0,20,92
01/26/2015,LCH,LA,ASW,CE,Combined TRACON& Tower with Radar,0,17,7,4,28,0,29,24,0,53,0,46,31,4,81,52,4,56,137
01/27/2015,LCH,LA,ASW,CE,Combined TRACON& Tower with Radar,0,13,13,0,26,0,21,21,0,42,0,34,34,0,68,12,4,16,84
01/28/2015,LCH,LA,ASW,CE,Combined TRACON& Tower with Radar,0,17,30,4,51,0,32,15,0,47,0,49,45,4,98,24,0,24,122
01/29/2015,LCH,LA,ASW,CE,Combined TRACON& Tower with Radar,0,18,13,2,33,0,28,17,0,45,0,46,30,2,78,26,0,26,104
01/30/2015,LCH,LA,ASW,CE,Combined TRACON& Tower with Radar,0,16,25,21,62,0,11,17,0,28,0,27,42,21,90,4,10,14,104
01/31/2015,LCH,LA,ASW,CE,Combined TRACON& Tower with Radar,0,22,12,2,36,0,25,20,0,45,0,47,32,2,81,30,4,34,115
02/01/2015,LCH,LA,ASW,CE,Combined TRACON& Tower with Radar,0,12,7,0,19,0,9,7,0,16,0,21,14,0,35,16,0,16,51
02/02/2015,LCH,LA,ASW,CE,Combined TRACON& Tower with Radar,0,17,11,0,28,0,14,28,0,42,0,31,39,0,70,0,0,0,70
02/03/2015,LCH,LA,ASW,CE,Combined TRACON& Tower with Radar,0,12,10,0,22,0,14,12,0,26,0,26,22,0,48,20,0,20,68
02/04/2015,LCH,LA,ASW,CE,Combined TRACON& Tower with Radar,0,41,10,0,51,0,0,1,0,1,0,41,11,0,52,10,0,10,62
02/05/2015,LCH,LA,ASW,CE,Combined TRACON& Tower with Radar,0,16,18,2,36,0,49,15,1,65,0,65,33,3,101,20,0,20,121
02/06/2015,LCH,LA,ASW,CE,Combined TRACON& Tower with Radar,0,17,27,15,59,0,22,20,0,42,0,39,47,15,101,12,28,40,141
02/07/2015,LCH,LA,ASW,CE,Combined TRACON& Tower with Radar,0,9,17,14,40,0,12,26,0,38,0,21,43,14,78,14,12,26,104
02/08/2015,LCH,LA,ASW,CE,Combined TRACON& Tower with Radar,0,16,15,0,31,0,26,19,0,45,0,42,34,0,76,26,0,26,102
02/09/2015,LCH,LA,ASW,CE,Combined TRACON& Tower with Radar,0,20,13,4,37,0,19,18,0,37,0,39,31,4,74,20,0,20,94
02/10/2015,LCH,LA,ASW,CE,Combined TRACON& Tower with Radar,0,16,14,6,36,0,32,12,2,46,0,48,26,8,82,16,4,20,102
02/11/2015,LCH,LA,ASW,CE,Combined TRACON& Tower with Radar,0,11,25,16,52,0,42,23,0,65,0,53,48,16,117,42,6,48,165
02/12/2015,LCH,LA,ASW,CE,Combined TRACON& Tower with Radar,0,13,14,10,37,0,35,19,1,55,0,48,33,11,92,18,12,30,122
02/13/2015,LCH,LA,ASW,CE,Combined TRACON& Tower with Radar,0,13,14,0,27,0,21,22,1,44,0,34,36,1,71,60,10,70,141
02/14/2015,LCH,LA,ASW,CE,Combined TRACON& Tower with Radar,0,16,9,12,37,0,14,28,2,44,0,30,37,14,81,2,0,2,83
02/15/2015,LCH,LA,ASW,CE,Combined TRACON& Tower with Radar,0,16,7,0,23,0,4,2,0,6,0,20,9,0,29,0,0,0,29
02/16/2015,LCH,LA,ASW,CE,Combined TRACON& Tower with Radar,0,16,1,0,17,0,14,3,0,17,0,30,4,0,34,0,0,0,34
02/17/2015,LCH,LA,ASW,CE,Combined TRACON& Tower with Radar,0,17,7,9,33,0,19,15,0,34,0,36,22,9,67,8,8,16,83
02/18/2015,LCH,LA,ASW,CE,Combined TRACON& Tower with Radar,0,14,23,0,37,0,36,24,0,60,0,50,47,0,97,26,2,28,125
02/19/2015,LCH,LA,ASW,CE,Combined TRACON& Tower with Radar,0,16,6,0,22,0,30,36,0,66,0,46,42,0,88,14,0,14,102
02/20/2015,LCH,LA,ASW,CE,Combined TRACON& Tower with Radar,0,14,6,1,21,0,15,8,0,23,0,29,14,1,44,4,0,4,48
02/21/2015,LCH,LA,ASW,CE,Combined TRACON& Tower with Radar,0,13,3,4,20,0,11,2,0,13,0,24,5,4,33,0,0,0,33
02/22/2015,LCH,LA,ASW,CE,Combined TRACON& Tower with Radar,0,14,8,0,22,0,7,0,0,7,0,21,8,0,29,36,0,36,65
02/23/2015,LCH,LA,ASW,CE,Combined TRACON& Tower with Radar,0,17,4,2,23,0,7,4,0,11,0,24,8,2,34,0,0,0,34
02/24/2015,LCH,LA,ASW,CE,Combined TRACON& Tower with Radar,0,20,6,2,28,0,17,4,0,21,0,37,10,2,49,8,2,10,59
02/25/2015,LCH,LA,ASW,CE,Combined TRACON& Tower with Radar,0,42,1,0,43,0,1,3,0,4,0,43,4,0,47,8,0,8,55
02/26/2015,LCH,LA,ASW,CE,Combined TRACON& Tower with Radar,0,16,25,10,51,0,28,16,0,44,0,44,41,10,95,12,6,18,113
02/27/2015,LCH,LA,ASW,CE,Combined TRACON& Tower with Radar,0,14,33,38,85,0,24,23,1,48,0,38,56,39,133,2,0,2,135
02/28/2015,LCH,LA,ASW,CE,Combined TRACON& Tower with Radar,0,14,16,40,70,0,15,11,2,28,0,29,27,42,98,32,2,34,132
03/01/2015,LCH,LA,ASW,CE,Combined TRACON& Tower with Radar,2,12,19,2,35,0,0,0,0,0,2,12,19,2,35,0,0,0,35
03/02/2015,LCH,LA,ASW,CE,Combined TRACON& Tower with Radar,0,19,8,0,27,0,0,0,0,0,0,19,8,0,27,0,0,0,27
03/03/2015,LCH,LA,ASW,CE,Combined TRACON& Tower with Radar,0,24,10,0,34,0,18,10,0,28,0,42,20,0,62,0,0,0,62
03/04/2015,LCH,LA,ASW,CE,Combined TRACON& Tower with Radar,0,35,12,2,49,0,10,5,0,15,0,45,17,2,64,6,6,12,76
03/05/2015,LCH,LA,ASW,CE,Combined TRACON& Tower with Radar,0,13,6,0,19,0,12,2,0,14,0,25,8,0,33,0,0,0,33
03/06/2015,LCH,LA,ASW,CE,Combined TRACON& Tower with Radar,0,25,22,25,72,0,20,27,2,49,0,45,49,27,121,0,28,28,149
03/07/2015,LCH,LA,ASW,CE,Combined TRACON& Tower with Radar,0,12,12,24,48,0,10,38,6,54,0,22,50,30,102,36,16,52,154
03/08/2015,LCH,LA,ASW,CE,Combined TRACON& Tower with Radar,0,18,14,0,32,0,19,11,0,30,0,37,25,0,62,42,0,42,104
03/09/2015,LCH,LA,ASW,CE,Combined TRACON& Tower with Radar,0,15,6,2,23,0,4,2,0,6,0,19,8,2,29,0,0,0,29
03/10/2015,LCH,LA,ASW,CE,Combined TRACON& Tower with Radar,0,15,5,0,20,0,0,0,0,0,0,15,5,0,20,2,0,2,22
03/11/2015,LCH,LA,ASW,CE,Combined TRACON& Tower with Radar,0,44,14,0,58,0,11,0,0,11,0,55,14,0,69,28,0,28,97
03/12/2015,LCH,LA,ASW,CE,Combined TRACON& Tower with Radar,0,25,18,1,44,0,4,5,0,9,0,29,23,1,53,12,0,12,65
03/13/2015,LCH,LA,ASW,CE,Combined TRACON& Tower with Radar,0,36,11,3,50,0,5,2,0,7,0,41,13,3,57,0,2,2,59
03/14/2015,LCH,LA,ASW,CE,Combined TRACON& Tower with Radar,0,16,26,24,66,0,18,24,0,42,0,34,50,24,108,96,16,112,220
03/15/2015,LCH,LA,ASW,CE,Combined TRACON& Tower with Radar,0,13,8,4,25,0,14,23,0,37,0,27,31,4,62,55,0,55,117
03/16/2015,LCH,LA,ASW,CE,Combined TRACON& Tower with Radar,0,16,10,10,36,0,33,24,0,57,0,49,34,10,93,22,0,22,115
03/17/2015,LCH,LA,ASW,CE,Combined TRACON& Tower with Radar,0,17,8,6,31,0,28,22,0,50,0,45,30,6,81,66,6,72,153
03/18/2015,LCH,LA,ASW,CE,Combined TRACON& Tower with Radar,0,24,4,0,28,0,14,12,0,26,0,38,16,0,54,20,0,20,74
03/19/2015,LCH,LA,ASW,CE,Combined TRACON& Tower with Radar,0,19,11,0,30,0,4,12,0,16,0,23,23,0,46,10,0,10,56
03/20/2015,LCH,LA,ASW,CE,Combined TRACON& Tower with Radar,0,13,8,2,23,0,3,2,0,5,0,16,10,2,28,4,0,4,32
03/21/2015,LCH,LA,ASW,CE,Combined TRACON& Tower with Radar,0,17,7,0,24,0,0,1,0,1,0,17,8,0,25,2,0,2,27
03/22/2015,LCH,LA,ASW,CE,Combined TRACON& Tower with Radar,0,16,7,0,23,0,18,0,0,18,0,34,7,0,41,20,0,20,61
03/23/2015,LCH,LA,ASW,CE,Combined TRACON& Tower with Radar,0,16,24,0,40,0,32,23,0,55,0,48,47,0,95,34,0,34,129
03/24/2015,LCH,LA,ASW,CE,Combined TRACON& Tower with Radar,0,17,14,18,49,0,35,23,0,58,0,52,37,18,107,27,14,41,148
03/25/2015,LCH,LA,ASW,CE,Combined TRACON& Tower with Radar,0,20,21,4,45,0,46,25,0,71,0,66,46,4,116,44,16,60,176
03/26/2015,LCH,LA,ASW,CE,Combined TRACON& Tower with Radar,0,14,18,0,32,0,6,12,0,18,0,20,30,0,50,32,2,34,84
03/27/2015,LCH,LA,ASW,CE,Combined TRACON& Tower with Radar,0,17,23,37,77,0,23,41,0,64,0,40,64,37,141,70,32,102,243
03/28/2015,LCH,LA,ASW,CE,Combined TRACON& Tower with Radar,0,9,10,17,36,0,9,11,0,20,0,18,21,17,56,42,20,62,118
03/29/2015,LCH,LA,ASW,CE,Combined TRACON& Tower with Radar,0,15,23,12,50,0,4,23,0,27,0,19,46,12,77,6,16,22,99
03/30/2015,LCH,LA,ASW,CE,Combined TRACON& Tower with Radar,0,18,32,20,70,0,27,32,0,59,0,45,64,20,129,46,14,60,189
03/31/2015,LCH,LA,ASW,CE,Combined TRACON& Tower with Radar,0,14,9,0,23,0,24,21,0,45,0,38,30,0,68,18,0,18,86
04/01/2015,LCH,LA,ASW,CE,Combined TRACON& Tower with Radar,0,22,12,2,36,0,19,17,0,36,0,41,29,2,72,32,0,32,104
04/02/2015,LCH,LA,ASW,CE,Combined TRACON& Tower with Radar,0,16,17,3,36,0,26,15,0,41,0,42,32,3,77,28,6,34,111
04/03/2015,LCH,LA,ASW,CE,Combined TRACON& Tower with Radar,0,18,15,0,33,0,18,9,0,27,0,36,24,0,60,10,6,16,76
04/04/2015,LCH,LA,ASW,CE,Combined TRACON& Tower with Radar,0,11,10,8,29,0,9,10,0,19,0,20,20,8,48,22,6,28,76
04/05/2015,LCH,LA,ASW,CE,Combined TRACON& Tower with Radar,0,13,2,3,18,0,2,4,2,8,0,15,6,5,26,8,0,8,34
04/06/2015,LCH,LA,ASW,CE,Combined TRACON& Tower with Radar,0,14,13,0,27,0,8,12,0,20,0,22,25,0,47,51,0,51,98
04/07/2015,LCH,LA,ASW,CE,Combined TRACON& Tower with Radar,0,14,5,0,19,0,21,17,0,38,0,35,22,0,57,10,0,10,67
04/08/2015,LCH,LA,ASW,CE,Combined TRACON& Tower with Radar,0,16,27,2,45,0,25,27,0,52,0,41,54,2,97,28,10,38,135
04/09/2015,LCH,LA,ASW,CE,Combined TRACON& Tower with Radar,0,32,20,4,56,0,24,25,0,49,0,56,45,4,105,58,4,62,167
04/10/2015,LCH,LA,ASW,CE,Combined TRACON& Tower with Radar,0,13,11,0,24,0,2,2,0,4,0,15,13,0,28,0,0,0,28
04/11/2015,LCH,LA,ASW,CE,Combined TRACON& Tower with Radar,0,8,11,0,19,0,16,5,0,21,0,24,16,0,40,0,0,0,40
04/12/2015,LCH,LA,ASW,CE,Combined TRACON& Tower with Radar,0,9,6,0,15,0,7,0,0,7,0,16,6,0,22,14,0,14,36
04/13/2015,LCH,LA,ASW,CE,Combined TRACON& Tower with Radar,0,9,8,0,17,0,25,19,0,44,0,34,27,0,61,34,0,34,95
04/14/2015,LCH,LA,ASW,CE,Combined TRACON& Tower with Radar,0,10,3,0,13,0,15,6,0,21,0,25,9,0,34,22,0,22,56
04/15/2015,LCH,LA,ASW,CE,Combined TRACON& Tower with Radar,0,21,17,8,46,0,30,25,0,55,0,51,42,8,101,76,9,85,186
04/16/2015,LCH,LA,ASW,CE,Combined TRACON& Tower with Radar,0,10,11,0,21,0,12,2,0,14,0,22,13,0,35,26,0,26,61
04/17/2015,LCH,LA,ASW,CE,Combined TRACON& Tower with Radar,1,22,19,5,47,0,26,7,0,33,1,48,26,5,80,62,4,66,146
04/18/2015,LCH,LA,ASW,CE,Combined TRACON& Tower with Radar,1,7,10,1,19,0,5,0,0,5,1,12,10,1,24,34,0,34,58
04/19/2015,LCH,LA,ASW,CE,Combined TRACON& Tower with Radar,0,18,14,2,34,0,19,31,2,52,0,37,45,4,86,52,0,52,138
04/20/2015,LCH,LA,ASW,CE,Combined TRACON& Tower with Radar,0,14,9,2,25,0,32,26,1,59,0,46,35,3,84,44,2,46,130
04/21/2015,LCH,LA,ASW,CE,Combined TRACON& Tower with Radar,0,13,13,0,26,0,40,28,0,68,0,53,41,0,94,43,0,43,137
04/22/2015,LCH,LA,ASW,CE,Combined TRACON& Tower with Radar,0,11,16,0,27,0,23,27,0,50,0,34,43,0,77,70,2,72,149
04/23/2015,LCH,LA,ASW,CE,Combined TRACON& Tower with Radar,0,18,14,0,32,0,4,10,1,15,0,22,24,1,47,34,0,34,81
04/24/2015,LCH,LA,ASW,CE,Combined TRACON& Tower with Radar,0,11,19,0,30,0,4,0,0,4,0,15,19,0,34,30,0,30,64
04/25/2015,LCH,LA,ASW,CE,Combined TRACON& Tower with Radar,0,15,6,0,21,0,10,8,0,18,0,25,14,0,39,22,0,22,61
04/26/2015,LCH,LA,ASW,CE,Combined TRACON& Tower with Radar,0,13,14,8,35,0,7,13,0,20,0,20,27,8,55,30,4,34,89
04/27/2015,LCH,LA,ASW,CE,Combined TRACON& Tower with Radar,2,10,11,0,23,0,14,3,0,17,2,24,14,0,40,2,0,2,42
04/28/2015,LCH,LA,ASW,CE,Combined TRACON& Tower with Radar,0,33,6,8,47,0,11,6,0,17,0,44,12,8,64,12,10,22,86
04/29/2015,LCH,LA,ASW,CE,Combined TRACON& Tower with Radar,0,12,25,10,47,0,40,33,0,73,0,52,58,10,120,36,18,54,174
04/30/2015,LCH,LA,ASW,CE,Combined TRACON& Tower with Radar,0,15,27,0,42,0,31,35,0,66,0,46,62,0,108,44,0,44,152
05/01/2015,LCH,LA,ASW,CE,Combined TRACON& Tower with Radar,0,14,17,20,51,0,14,36,0,50,0,28,53,20,101,20,14,34,135
05/02/2015,LCH,LA,ASW,CE,Combined TRACON& Tower with Radar,0,9,17,4,30,0,15,33,0,48,0,24,50,4,78,38,4,42,120
05/03/2015,LCH,LA,ASW,CE,Combined TRACON& Tower with Radar,0,15,11,6,32,0,12,31,0,43,0,27,42,6,75,16,6,22,97
05/04/2015,LCH,LA,ASW,CE,Combined TRACON& Tower with Radar,0,13,9,15,37,0,22,29,0,51,0,35,38,15,88,31,10,41,129
05/05/2015,LCH,LA,ASW,CE,Combined TRACON& Tower with Radar,0,17,16,0,33,0,37,21,1,59,0,54,37,1,92,12,0,12,104
05/06/2015,LCH,LA,ASW,CE,Combined TRACON& Tower with Radar,0,12,14,8,34,0,29,31,0,60,0,41,45,8,94,46,8,54,148
05/07/2015,LCH,LA,ASW,CE,Combined TRACON& Tower with Radar,0,11,17,4,32,0,28,20,0,48,0,39,37,4,80,34,12,46,126
05/08/2015,LCH,LA,ASW,CE,Combined TRACON& Tower with Radar,0,12,20,25,57,0,18,18,0,36,0,30,38,25,93,66,22,88,181
05/09/2015,LCH,LA,ASW,CE,Combined TRACON& Tower with Radar,0,5,18,18,41,0,10,7,0,17,0,15,25,18,58,62,14,76,134
05/10/2015,LCH,LA,ASW,CE,Combined TRACON& Tower with Radar,0,5,7,14,26,0,3,6,0,9,0,8,13,14,35,4,0,4,39
05/11/2015,LCH,LA,ASW,CE,Combined TRACON& Tower with Radar,0,8,5,0,13,0,7,4,0,11,0,15,9,0,24,4,0,4,28
05/12/2015,LCH,LA,ASW,CE,Combined TRACON& Tower with Radar,0,21,19,0,40,0,12,16,0,28,0,33,35,0,68,80,4,84,152
05/13/2015,LCH,LA,ASW,CE,Combined TRACON& Tower with Radar,0,13,19,0,32,0,22,10,0,32,0,35,29,0,64,20,6,26,90
05/14/2015,LCH,LA,ASW,CE,Combined TRACON& Tower with Radar,0,11,22,0,33,0,29,18,0,47,0,40,40,0,80,2,0,2,82
05/15/2015,LCH,LA,ASW,CE,Combined TRACON& Tower with Radar,0,13,15,0,28,0,22,7,0,29,0,35,22,0,57,6,0,6,63
05/16/2015,LCH,LA,ASW,CE,Combined TRACON& Tower with Radar,0,9,4,3,16,0,11,14,0,25,0,20,18,3,41,4,2,6,47
05/17/2015,LCH,LA,ASW,CE,Combined TRACON& Tower with Radar,0,16,7,0,23,0,15,4,0,19,0,31,11,0,42,4,0,4,46
05/18/2015,LCH,LA,ASW,CE,Combined TRACON& Tower with Radar,0,13,13,0,26,0,28,13,0,41,0,41,26,0,67,52,0,52,119
05/19/2015,LCH,LA,ASW,CE,Combined TRACON& Tower with Radar,0,18,20,0,38,0,14,9,0,23,0,32,29,0,61,66,0,66,127
05/20/2015,LCH,LA,ASW,CE,Combined TRACON& Tower with Radar,2,11,18,2,33,0,29,25,0,54,2,40,43,2,87,2,2,4,91
05/21/2015,LCH,LA,ASW,CE,Combined TRACON& Tower with Radar,2,15,10,0,27,0,30,16,0,46,2,45,26,0,73,8,2,10,83
05/22/2015,LCH,LA,ASW,CE,Combined TRACON& Tower with Radar,0,14,12,0,26,0,29,15,0,44,0,43,27,0,70,38,0,38,108
05/23/2015,LCH,LA,ASW,CE,Combined TRACON& Tower with Radar,0,7,17,0,24,0,12,5,0,17,0,19,22,0,41,26,0,26,67
05/24/2015,LCH,LA,ASW,CE,Combined TRACON& Tower with Radar,0,6,8,0,14,0,12,4,0,16,0,18,12,0,30,0,0,0,30
05/25/2015,LCH,LA,ASW,CE,Combined TRACON& Tower with Radar,0,12,8,6,26,0,10,9,0,19,0,22,17,6,45,0,8,8,53
05/26/2015,LCH,LA,ASW,CE,Combined TRACON& Tower with Radar,0,16,11,5,32,0,28,6,0,34,0,44,17,5,66,34,0,34,100
05/27/2015,LCH,LA,ASW,CE,Combined TRACON& Tower with Radar,0,6,5,4,15,0,13,4,0,17,0,19,9,4,32,34,0,34,66
05/28/2015,LCH,LA,ASW,CE,Combined TRACON& Tower with Radar,0,13,15,6,34,0,35,27,0,62,0,48,42,6,96,54,0,54,150
05/29/2015,LCH,LA,ASW,CE,Combined TRACON& Tower with Radar,0,12,11,2,25,0,18,27,0,45,0,30,38,2,70,42,4,46,116
05/30/2015,LCH,LA,ASW,CE,Combined TRACON& Tower with Radar,2,13,8,24,47,0,8,16,0,24,2,21,24,24,71,16,18,34,105
05/31/2015,LCH,LA,ASW,CE,Combined TRACON& Tower with Radar,0,11,5,8,24,0,6,5,0,11,0,17,10,8,35,2,0,2,37
06/01/2015,LCH,LA,ASW,CE,Combined TRACON& Tower with Radar,0,12,11,16,39,0,12,19,0,31,0,24,30,16,70,70,6,76,146
06/02/2015,LCH,LA,ASW,CE,Combined TRACON& Tower with Radar,0,14,11,0,25,0,32,19,0,51,0,46,30,0,76,2,4,6,82
06/03/2015,LCH,LA,ASW,CE,Combined TRACON& Tower with Radar,0,15,8,6,29,0,27,19,2,48,0,42,27,8,77,38,8,46,123
06/04/2015,LCH,LA,ASW,CE,Combined TRACON& Tower with Radar,0,11,13,4,28,0,22,55,1,78,0,33,68,5,106,59,12,71,177
06/05/2015,LCH,LA,ASW,CE,Combined TRACON& Tower with Radar,0,11,9,16,36,0,23,29,2,54,0,34,38,18,90,14,18,32,122
06/06/2015,LCH,LA,ASW,CE,Combined TRACON& Tower with Radar,0,15,12,14,41,0,6,26,0,32,0,21,38,14,73,36,14,50,123
06/07/2015,LCH,LA,ASW,CE,Combined TRACON& Tower with Radar,0,14,16,2,32,0,9,18,0,27,0,23,34,2,59,20,2,22,81
06/08/2015,LCH,LA,ASW,CE,Combined TRACON& Tower with Radar,0,11,11,11,33,0,27,23,0,50,0,38,34,11,83,90,4,94,177
06/09/2015,LCH,LA,ASW,CE,Combined TRACON& Tower with Radar,0,13,1,4,18,0,20,12,0,32,0,33,13,4,50,32,4,36,86
06/10/2015,LCH,LA,ASW,CE,Combined TRACON& Tower with Radar,0,19,10,4,33,0,22,11,0,33,0,41,21,4,66,20,2,22,88
06/11/2015,LCH,LA,ASW,CE,Combined TRACON& Tower with Radar,0,13,5,2,20,0,18,10,0,28,0,31,15,2,48,30,0,30,78
06/12/2015,LCH,LA,ASW,CE,Combined TRACON& Tower with Radar,0,9,13,8,30,0,21,4,0,25,0,30,17,8,55,0,8,8,63
06/13/2015,LCH,LA,ASW,CE,Combined TRACON& Tower with Radar,0,9,3,0,12,0,4,1,0,5,0,13,4,0,17,0,0,0,17
06/14/2015,LCH,LA,ASW,CE,Combined TRACON& Tower with Radar,0,14,13,0,27,0,10,8,0,18,0,24,21,0,45,0,0,0,45
06/15/2015,LCH,LA,ASW,CE,Combined TRACON& Tower with Radar,0,10,7,0,17,0,17,10,0,27,0,27,17,0,44,0,0,0,44
06/16/2015,LCH,LA,ASW,CE,Combined TRACON& Tower with Radar,2,7,1,0,10,0,4,0,0,4,2,11,1,0,14,2,0,2,16
06/17/2015,LCH,LA,ASW,CE,Combined TRACON& Tower with Radar,0,17,12,0,29,0,21,6,0,27,0,38,18,0,56,4,0,4,60
06/18/2015,LCH,LA,ASW,CE,Combined TRACON& Tower with Radar,0,14,13,0,27,0,26,20,0,46,0,40,33,0,73,86,0,86,159
06/19/2015,LCH,LA,ASW,CE,Combined TRACON& Tower with Radar,0,11,20,12,43,0,18,22,2,42,0,29,42,14,85,44,0,44,129
06/20/2015,LCH,LA,ASW,CE,Combined TRACON& Tower with Radar,0,10,12,0,22,0,19,22,1,42,0,29,34,1,64,110,0,110,174
06/21/2015,LCH,LA,ASW,CE,Combined TRACON& Tower with Radar,0,10,14,6,30,0,26,7,0,33,0,36,21,6,63,20,2,22,85
06/22/2015,LCH,LA,ASW,CE,Combined TRACON& Tower with Radar,0,21,11,1,33,0,35,24,0,59,0,56,35,1,92,42,4,46,138
06/23/2015,LCH,LA,ASW,CE,Combined TRACON& Tower with Radar,0,23,17,0,40,0,28,15,0,43,0,51,32,0,83,40,0,40,123
06/24/2015,LCH,LA,ASW,CE,Combined TRACON& Tower with Radar,0,17,9,6,32,0,25,20,0,45,0,42,29,6,77,28,4,32,109
06/25/2015,LCH,LA,ASW,CE,Combined TRACON& Tower with Radar,0,18,17,2,37,0,36,17,2,55,0,54,34,4,92,56,0,56,148
06/26/2015,LCH,LA,ASW,CE,Combined TRACON& Tower with Radar,0,13,14,19,46,0,25,14,0,39,0,38,28,19,85,34,24,58,143
06/27/2015,LCH,LA,ASW,CE,Combined TRACON& Tower with Radar,0,11,10,16,37,0,14,18,0,32,0,25,28,16,69,38,16,54,123
06/28/2015,LCH,LA,ASW,CE,Combined TRACON& Tower with Radar,0,14,12,8,34,0,4,8,0,12,0,18,20,8,46,18,9,27,73
06/29/2015,LCH,LA,ASW,CE,Combined TRACON& Tower with Radar,0,13,18,0,31,0,26,13,1,40,0,39,31,1,71,40,0,40,111
06/30/2015,LCH,LA,ASW,CE,Combined TRACON& Tower with Radar,0,8,8,2,18,0,18,8,1,27,0,26,16,3,45,0,0,0,45
07/01/2015,LCH,LA,ASW,CE,Combined TRACON& Tower with Radar,0,27,5,0,32,0,27,9,0,36,0,54,14,0,68,2,0,2,70
07/02/2015,LCH,LA,ASW,CE,Combined TRACON& Tower with Radar,0,9,10,0,19,0,19,30,0,49,0,28,40,0,68,8,0,8,76
07/03/2015,LCH,LA,ASW,CE,Combined TRACON& Tower with Radar,0,9,12,0,21,0,6,22,0,28,0,15,34,0,49,2,10,12,61
07/04/2015,LCH,LA,ASW,CE,Combined TRACON& Tower with Radar,0,9,10,0,19,0,8,5,0,13,0,17,15,0,32,6,0,6,38
07/05/2015,LCH,LA,ASW,CE,Combined TRACON& Tower with Radar,0,12,16,0,28,0,13,10,0,23,0,25,26,0,51,42,0,42,93
07/06/2015,LCH,LA,ASW,CE,Combined TRACON& Tower with Radar,0,9,5,2,16,0,24,28,0,52,0,33,33,2,68,2,0,2,70
07/07/2015,LCH,LA,ASW,CE,Combined TRACON& Tower with Radar,0,18,8,8,34,0,19,19,0,38,0,37,27,8,72,126,2,128,200
07/08/2015,LCH,LA,ASW,CE,Combined TRACON& Tower with Radar,0,9,19,5,33,0,28,43,0,71,0,37,62,5,104,32,12,44,148
07/09/2015,LCH,LA,ASW,CE,Combined TRACON& Tower with Radar,0,9,19,10,38,0,30,24,0,54,0,39,43,10,92,42,12,54,146
07/10/2015,LCH,LA,ASW,CE,Combined TRACON& Tower with Radar,0,9,13,12,34,0,20,16,0,36,0,29,29,12,70,4,2,6,76
07/11/2015,LCH,LA,ASW,CE,Combined TRACON& Tower with Radar,0,10,13,30,53,0,10,14,0,24,0,20,27,30,77,34,28,62,139
07/12/2015,LCH,LA,ASW,CE,Combined TRACON& Tower with Radar,0,12,12,4,28,0,15,23,0,38,0,27,35,4,66,4,4,8,74
07/13/2015,LCH,LA,ASW,CE,Combined TRACON& Tower with Radar,0,14,18,2,34,0,21,17,0,38,0,35,35,2,72,18,2,20,92
07/14/2015,LCH,LA,ASW,CE,Combined TRACON& Tower with Radar,0,13,9,0,22,0,20,19,0,39,0,33,28,0,61,68,0,68,129
07/15/2015,LCH,LA,ASW,CE,Combined TRACON& Tower with Radar,0,17,16,0,33,0,27,17,0,44,0,44,33,0,77,14,2,16,93
07/16/2015,LCH,LA,ASW,CE,Combined TRACON& Tower with Radar,0,10,17,5,32,0,23,17,0,40,0,33,34,5,72,26,0,26,98
07/17/2015,LCH,LA,ASW,CE,Combined TRACON& Tower with Radar,0,19,10,14,43,0,22,14,0,36,0,41,24,14,79,56,6,62,141
07/18/2015,LCH,LA,ASW,CE,Combined TRACON& Tower with Radar,0,17,11,4,32,0,11,29,0,40,0,28,40,4,72,38,0,38,110
07/19/2015,LCH,LA,ASW,CE,Combined TRACON& Tower with Radar,0,10,6,6,22,0,11,14,0,25,0,21,20,6,47,8,0,8,55
07/20/2015,LCH,LA,ASW,CE,Combined TRACON& Tower with Radar,0,10,16,2,28,0,34,17,0,51,0,44,33,2,79,36,2,38,117
07/21/2015,LCH,LA,ASW,CE,Combined TRACON& Tower with Radar,0,9,16,2,27,0,40,21,0,61,0,49,37,2,88,20,0,20,108
07/22/2015,LCH,LA,ASW,CE,Combined TRACON& Tower with Radar,0,12,10,4,26,0,33,15,0,48,0,45,25,4,74,36,0,36,110
07/23/2015,LCH,LA,ASW,CE,Combined TRACON& Tower with Radar,0,9,3,0,12,0,20,21,0,41,0,29,24,0,53,6,0,6,59
07/24/2015,LCH,LA,ASW,CE,Combined TRACON& Tower with Radar,0,10,15,8,33,0,12,23,0,35,0,22,38,8,68,18,8,26,94
07/25/2015,LCH,LA,ASW,CE,Combined TRACON& Tower with Radar,0,5,13,4,22,0,24,20,0,44,0,29,33,4,66,12,0,12,78
07/26/2015,LCH,LA,ASW,CE,Combined TRACON& Tower with Radar,0,9,11,0,20,0,4,17,0,21,0,13,28,0,41,42,0,42,83
07/27/2015,LCH,LA,ASW,CE,Combined TRACON& Tower with Radar,0,15,8,1,24,0,30,15,0,45,0,45,23,1,69,22,0,22,91
07/28/2015,LCH,LA,ASW,CE,Combined TRACON& Tower with Radar,0,11,13,2,26,0,28,32,0,60,0,39,45,2,86,12,0,12,98
07/29/2015,LCH,LA,ASW,CE,Combined TRACON& Tower with Radar,0,9,17,12,38,0,27,16,0,43,0,36,33,12,81,44,8,52,133
07/30/2015,LCH,LA,ASW,CE,Combined TRACON& Tower with Radar,0,11,12,4,27,0,28,22,0,50,0,39,34,4,77,12,0,12,89
07/31/2015,LCH,LA,ASW,CE,Combined TRACON& Tower with Radar,0,9,12,13,34,0,25,20,1,46,0,34,32,14,80,20,10,30,110
08/01/2015,LCH,LA,ASW,CE,Combined TRACON& Tower with Radar,0,11,22,9,42,0,16,25,0,41,0,27,47,9,83,46,0,46,129
08/02/2015,LCH,LA,ASW,CE,Combined TRACON& Tower with Radar,0,8,9,2,19,0,11,15,0,26,0,19,24,2,45,2,2,4,49
08/03/2015,LCH,LA,ASW,CE,Combined TRACON& Tower with Radar,0,11,6,2,19,0,24,28,0,52,0,35,34,2,71,30,0,30,101
08/04/2015,LCH,LA,ASW,CE,Combined TRACON& Tower with Radar,0,15,14,14,43,0,28,20,0,48,0,43,34,14,91,72,14,86,177
08/05/2015,LCH,LA,ASW,CE,Combined TRACON& Tower with Radar,0,11,9,0,20,0,31,19,0,50,0,42,28,0,70,34,0,34,104
08/06/2015,LCH,LA,ASW,CE,Combined TRACON& Tower with Radar,0,12,16,12,40,0,27,25,0,52,0,39,41,12,92,30,8,38,130
08/07/2015,LCH,LA,ASW,CE,Combined TRACON& Tower with Radar,0,11,6,10,27,0,22,18,2,42,0,33,24,12,69,2,14,16,85
08/08/2015,LCH,LA,ASW,CE,Combined TRACON& Tower with Radar,0,9,7,12,28,0,5,20,0,25,0,14,27,12,53,20,4,24,77
08/09/2015,LCH,LA,ASW,CE,Combined TRACON& Tower with Radar,0,14,7,2,23,0,9,12,0,21,0,23,19,2,44,8,0,8,52
08/10/2015,LCH,LA,ASW,CE,Combined TRACON& Tower with Radar,0,10,6,0,16,0,24,35,0,59,0,34,41,0,75,24,0,24,99
08/11/2015,LCH,LA,ASW,CE,Combined TRACON& Tower with Radar,0,14,10,1,25,0,21,16,0,37,0,35,26,1,62,40,0,40,102
08/12/2015,LCH,LA,ASW,CE,Combined TRACON& Tower with Radar,0,11,10,0,21,0,18,11,0,29,0,29,21,0,50,24,0,24,74
08/13/2015,LCH,LA,ASW,CE,Combined TRACON& Tower with Radar,0,11,19,4,34,0,20,24,0,44,0,31,43,4,78,104,0,104,182
08/14/2015,LCH,LA,ASW,CE,Combined TRACON& Tower with Radar,0,13,9,4,26,0,17,27,0,44,0,30,36,4,70,44,8,52,122
08/15/2015,LCH,LA,ASW,CE,Combined TRACON& Tower with Radar,0,9,11,0,20,0,9,23,0,32,0,18,34,0,52,2,0,2,54
08/16/2015,LCH,LA,ASW,CE,Combined TRACON& Tower with Radar,0,19,16,1,36,0,9,14,0,23,0,28,30,1,59,12,0,12,71
08/17/2015,LCH,LA,ASW,CE,Combined TRACON& Tower with Radar,0,18,10,0,28,0,26,6,0,32,0,44,16,0,60,4,0,4,64
08/18/2015,LCH,LA,ASW,CE,Combined TRACON& Tower with Radar,0,11,13,0,24,0,12,15,0,27,0,23,28,0,51,2,0,2,53
08/19/2015,LCH,LA,ASW,CE,Combined TRACON& Tower with Radar,0,9,10,8,27,0,5,4,0,9,0,14,14,8,36,0,2,2,38
08/20/2015,LCH,LA,ASW,CE,Combined TRACON& Tower with Radar,0,11,7,0,18,0,16,8,0,24,0,27,15,0,42,10,2,12,54
08/21/2015,LCH,LA,ASW,CE,Combined TRACON& Tower with Radar,0,14,8,2,24,0,5,10,0,15,0,19,18,2,39,4,0,4,43
08/22/2015,LCH,LA,ASW,CE,Combined TRACON& Tower with Radar,0,11,6,0,17,0,4,13,0,17,0,15,19,0,34,20,0,20,54
08/23/2015,LCH,LA,ASW,CE,Combined TRACON& Tower with Radar,0,9,24,4,37,0,8,17,0,25,0,17,41,4,62,30,0,30,92
08/24/2015,LCH,LA,ASW,CE,Combined TRACON& Tower with Radar,0,23,15,12,50,0,30,31,0,61,0,53,46,12,111,42,0,42,153
08/25/2015,LCH,LA,ASW,CE,Combined TRACON& Tower with Radar,0,14,15,0,29,0,32,24,0,56,0,46,39,0,85,16,0,16,101
08/26/2015,LCH,LA,ASW,CE,Combined TRACON& Tower with Radar,0,13,22,8,43,0,25,14,2,41,0,38,36,10,84,6,0,6,90
08/27/2015,LCH,LA,ASW,CE,Combined TRACON& Tower with Radar,0,27,17,2,46,0,30,42,0,72,0,57,59,2,118,15,0,15,133
08/28/2015,LCH,LA,ASW,CE,Combined TRACON& Tower with Radar,0,14,13,10,37,0,27,24,0,51,0,41,37,10,88,8,0,8,96
08/29/2015,LCH,LA,ASW,CE,Combined TRACON& Tower with Radar,0,8,10,24,42,0,18,34,6,58,0,26,44,30,100,6,8,14,114
08/30/2015,LCH,LA,ASW,CE,Combined TRACON& Tower with Radar,0,10,15,6,31,0,5,16,0,21,0,15,31,6,52,4,0,4,56
08/31/2015,LCH,LA,ASW,CE,Combined TRACON& Tower with Radar,0,13,17,2,32,0,28,23,0,51,0,41,40,2,83,0,0,0,83
09/01/2015,LCH,LA,ASW,CE,Combined TRACON& Tower with Radar,0,9,15,0,24,0,16,16,0,32,0,25,31,0,56,16,0,16,72
09/02/2015,LCH,LA,ASW,CE,Combined TRACON& Tower with Radar,0,11,2,0,13,0,14,17,0,31,0,25,19,0,44,4,0,4,48
09/03/2015,LCH,LA,ASW,CE,Combined TRACON& Tower with Radar,0,13,13,4,30,0,15,17,0,32,0,28,30,4,62,0,14,14,76
09/04/2015,LCH,LA,ASW,CE,Combined TRACON& Tower with Radar,0,10,13,0,23,0,12,30,0,42,0,22,43,0,65,2,0,2,67
09/05/2015,LCH,LA,ASW,CE,Combined TRACON& Tower with Radar,2,11,3,0,16,0,12,13,0,25,2,23,16,0,41,8,0,8,49
09/06/2015,LCH,LA,ASW,CE,Combined TRACON& Tower with Radar,0,13,10,0,23,0,7,13,0,20,0,20,23,0,43,10,0,10,53
09/07/2015,LCH,LA,ASW,CE,Combined TRACON& Tower with Radar,0,15,9,4,28,0,12,17,0,29,0,27,26,4,57,6,0,6,63
09/08/2015,LCH,LA,ASW,CE,Combined TRACON& Tower with Radar,0,10,13,8,31,0,22,34,0,56,0,32,47,8,87,2,0,2,89
09/09/2015,LCH,LA,ASW,CE,Combined TRACON& Tower with Radar,0,9,19,0,28,0,18,13,0,31,0,27,32,0,59,0,0,0,59
09/10/2015,LCH,LA,ASW,CE,Combined TRACON& Tower with Radar,2,10,4,0,16,0,4,13,0,17,2,14,17,0,33,0,0,0,33
09/11/2015,LCH,LA,ASW,CE,Combined TRACON& Tower with Radar,0,13,14,0,27,0,8,0,0,8,0,21,14,0,35,0,0,0,35
09/12/2015,LCH,LA,ASW,CE,Combined TRACON& Tower with Radar,0,14,7,12,33,0,9,7,0,16,0,23,14,12,49,0,0,0,49
09/13/2015,LCH,LA,ASW,CE,Combined TRACON& Tower with Radar,0,10,6,2,18,0,13,10,0,23,0,23,16,2,41,4,0,4,45
09/14/2015,LCH,LA,ASW,CE,Combined TRACON& Tower with Radar,1,14,3,7,25,0,22,25,0,47,1,36,28,7,72,16,0,16,88
09/15/2015,LCH,LA,ASW,CE,Combined TRACON& Tower with Radar,0,10,10,4,24,0,21,39,0,60,0,31,49,4,84,0,0,0,84
09/16/2015,LCH,LA,ASW,CE,Combined TRACON& Tower with Radar,0,14,12,2,28,0,20,24,0,44,0,34,36,2,72,25,0,25,97
09/17/2015,LCH,LA,ASW,CE,Combined TRACON& Tower with Radar,0,13,16,4,33,0,25,16,0,41,0,38,32,4,74,28,0,28,102
09/18/2015,LCH,LA,ASW,CE,Combined TRACON& Tower with Radar,0,12,14,6,32,0,20,29,0,49,0,32,43,6,81,22,0,22,103
09/19/2015,LCH,LA,ASW,CE,Combined TRACON& Tower with Radar,0,11,5,43,59,0,7,26,0,33,0,18,31,43,92,32,2,34,126
09/20/2015,LCH,LA,ASW,CE,Combined TRACON& Tower with Radar,0,10,16,6,32,0,15,20,0,35,0,25,36,6,67,14,0,14,81
09/21/2015,LCH,LA,ASW,CE,Combined TRACON& Tower with Radar,0,24,10,4,38,0,20,19,0,39,0,44,29,4,77,8,0,8,85
09/22/2015,LCH,LA,ASW,CE,Combined TRACON& Tower with Radar,0,10,20,9,39,0,34,22,0,56,0,44,42,9,95,8,0,8,103
09/23/2015,LCH,LA,ASW,CE,Combined TRACON& Tower with Radar,0,16,9,24,49,0,26,16,0,42,0,42,25,24,91,10,0,10,101
09/24/2015,LCH,LA,ASW,CE,Combined TRACON& Tower with Radar,2,13,10,4,29,0,12,39,0,51,2,25,49,4,80,58,0,58,138
09/25/2015,LCH,LA,ASW,CE,Combined TRACON& Tower with Radar,0,14,11,2,27,0,22,10,0,32,0,36,21,2,59,34,0,34,93
09/26/2015,LCH,LA,ASW,CE,Combined TRACON& Tower with Radar,0,9,8,3,20,0,11,9,0,20,0,20,17,3,40,18,0,18,58
09/27/2015,LCH,LA,ASW,CE,Combined TRACON& Tower with Radar,1,12,10,0,23,0,12,1,0,13,1,24,11,0,36,0,0,0,36
09/28/2015,LCH,LA,ASW,CE,Combined TRACON& Tower with Radar,0,15,10,0,25,0,10,9,0,19,0,25,19,0,44,28,0,28,72
09/29/2015,LCH,LA,ASW,CE,Combined TRACON& Tower with Radar,0,23,21,0,44,0,18,14,0,32,0,41,35,0,76,20,0,20,96
09/30/2015,LCH,LA,ASW,CE,Combined TRACON& Tower with Radar,0,11,1,4,16,0,25,17,0,42,0,36,18,4,58,24,0,24,82
10/01/2015,LCH,LA,ASW,CE,Combined TRACON& Tower with Radar,0,6,11,0,17,0,18,22,0,40,0,24,33,0,57,46,0,46,103
10/02/2015,LCH,LA,ASW,CE,Combined TRACON& Tower with Radar,0,13,17,11,41,0,22,21,0,43,0,35,38,11,84,15,0,15,99
10/03/2015,LCH,LA,ASW,CE,Combined TRACON& Tower with Radar,0,7,12,2,21,0,10,16,0,26,0,17,28,2,47,4,0,4,51
10/04/2015,LCH,LA,ASW,CE,Combined TRACON& Tower with Radar,1,11,12,1,25,0,8,21,1,30,1,19,33,2,55,10,0,10,65
10/05/2015,LCH,LA,ASW,CE,Combined TRACON& Tower with Radar,0,12,20,8,40,0,17,27,0,44,0,29,47,8,84,30,0,30,114
10/06/2015,LCH,LA,ASW,CE,Combined TRACON& Tower with Radar,0,13,11,10,34,0,14,29,0,43,0,27,40,10,77,1,0,1,78
10/07/2015,LCH,LA,ASW,CE,Combined TRACON& Tower with Radar,0,15,12,10,37,0,22,25,0,47,0,37,37,10,84,0,0,0,84
10/08/2015,LCH,LA,ASW,CE,Combined TRACON& Tower with Radar,0,12,9,2,23,0,15,22,0,37,0,27,31,2,60,22,0,22,82
10/09/2015,LCH,LA,ASW,CE,Combined TRACON& Tower with Radar,0,15,12,13,40,0,16,14,2,32,0,31,26,15,72,0,0,0,72
10/10/2015,LCH,LA,ASW,CE,Combined TRACON& Tower with Radar,0,8,7,13,28,0,3,22,0,25,0,11,29,13,53,4,0,4,57
10/11/2015,LCH,LA,ASW,CE,Combined TRACON& Tower with Radar,0,11,13,6,30,0,9,15,0,24,0,20,28,6,54,2,10,12,66
10/12/2015,LCH,LA,ASW,CE,Combined TRACON& Tower with Radar,0,12,10,6,28,0,12,22,0,34,0,24,32,6,62,0,0,0,62
10/13/2015,LCH,LA,ASW,CE,Combined TRACON& Tower with Radar,0,18,16,0,34,0,20,10,0,30,0,38,26,0,64,4,0,4,68
10/14/2015,LCH,LA,ASW,CE,Combined TRACON& Tower with Radar,0,13,2,14,29,0,39,38,0,77,0,52,40,14,106,16,6,22,128
10/15/2015,LCH,LA,ASW,CE,Combined TRACON& Tower with Radar,2,15,8,2,27,0,23,21,0,44,2,38,29,2,71,10,0,10,81
10/16/2015,LCH,LA,ASW,CE,Combined TRACON& Tower with Radar,0,17,5,15,37,0,20,12,0,32,0,37,17,15,69,4,0,4,73
10/17/2015,LCH,LA,ASW,CE,Combined TRACON& Tower with Radar,0,7,10,4,21,0,9,29,0,38,0,16,39,4,59,0,0,0,59
10/18/2015,LCH,LA,ASW,CE,Combined TRACON& Tower with Radar,1,11,15,6,33,0,4,16,0,20,1,15,31,6,53,7,0,7,60
10/19/2015,LCH,LA,ASW,CE,Combined TRACON& Tower with Radar,2,12,5,5,24,0,24,20,0,44,2,36,25,5,68,4,0,4,72
10/20/2015,LCH,LA,ASW,CE,Combined TRACON& Tower with Radar,0,18,22,2,42,0,25,18,0,43,0,43,40,2,85,4,0,4,89
10/21/2015,LCH,LA,ASW,CE,Combined TRACON& Tower with Radar,0,18,12,21,51,0,13,21,0,34,0,31,33,21,85,2,0,2,87
10/22/2015,LCH,LA,ASW,CE,Combined TRACON& Tower with Radar,2,15,18,5,40,0,9,8,0,17,2,24,26,5,57,26,0,26,83
10/23/2015,LCH,LA,ASW,CE,Combined TRACON& Tower with Radar,0,14,23,4,41,0,14,3,2,19,0,28,26,6,60,2,0,2,62
10/24/2015,LCH,LA,ASW,CE,Combined TRACON& Tower with Radar,0,10,5,0,15,0,9,2,0,11,0,19,7,0,26,1,0,1,27
10/25/2015,LCH,LA,ASW,CE,Combined TRACON& Tower with Radar,0,10,0,0,10,0,0,0,0,0,0,10,0,0,10,0,0,0,10
10/26/2015,LCH,LA,ASW,CE,Combined TRACON& Tower with Radar,0,20,13,2,35,0,7,0,0,7,0,27,13,2,42,0,0,0,42
10/27/2015,LCH,LA,ASW,CE,Combined TRACON& Tower with Radar,0,20,20,22,62,0,9,11,0,20,0,29,31,22,82,4,0,4,86
10/28/2015,LCH,LA,ASW,CE,Combined TRACON& Tower with Radar,0,17,17,7,41,0,16,32,2,50,0,33,49,9,91,14,0,14,105
10/29/2015,LCH,LA,ASW,CE,Combined TRACON& Tower with Radar,0,23,15,2,40,0,25,26,0,51,0,48,41,2,91,20,0,20,111
10/30/2015,LCH,LA,ASW,CE,Combined TRACON& Tower with Radar,0,12,12,16,40,0,21,19,0,40,0,33,31,16,80,30,0,30,110
10/31/2015,LCH,LA,ASW,CE,Combined TRACON& Tower with Radar,0,17,1,0,18,0,4,0,0,4,0,21,1,0,22,0,0,0,22
11/01/2015,LCH,LA,ASW,CE,Combined TRACON& Tower with Radar,0,10,14,4,28,0,2,5,0,7,0,12,19,4,35,18,0,18,53
11/02/2015,LCH,LA,ASW,CE,Combined TRACON& Tower with Radar,0,21,11,10,42,0,10,6,0,16,0,31,17,10,58,32,0,32,90
11/03/2015,LCH,LA,ASW,CE,Combined TRACON& Tower with Radar,0,16,21,4,41,0,17,19,0,36,0,33,40,4,77,10,0,10,87
11/04/2015,LCH,LA,ASW,CE,Combined TRACON& Tower with Radar,0,13,22,4,39,0,26,27,0,53,0,39,49,4,92,6,0,6,98
11/05/2015,LCH,LA,ASW,CE,Combined TRACON& Tower with Radar,0,15,11,0,26,0,16,43,1,60,0,31,54,1,86,14,0,14,100
11/06/2015,LCH,LA,ASW,CE,Combined TRACON& Tower with Radar,0,15,23,9,47,0,5,16,0,21,0,20,39,9,68,0,0,0,68
11/07/2015,LCH,LA,ASW,CE,Combined TRACON& Tower with Radar,0,16,1,0,17,0,4,0,0,4,0,20,1,0,21,0,0,0,21
11/08/2015,LCH,LA,ASW,CE,Combined TRACON& Tower with Radar,0,8,11,4,23,0,2,5,0,7,0,10,16,4,30,12,0,12,42
11/09/2015,LCH,LA,ASW,CE,Combined TRACON& Tower with Radar,0,16,13,19,48,0,20,18,0,38,0,36,31,19,86,6,0,6,92
11/10/2015,LCH,LA,ASW,CE,Combined TRACON& Tower with Radar,0,27,20,4,51,0,9,17,0,26,0,36,37,4,77,0,0,0,77
11/11/2015,LCH,LA,ASW,CE,Combined TRACON& Tower with Radar,0,13,8,4,25,0,10,15,0,25,0,23,23,4,50,18,0,18,68
11/12/2015,LCH,LA,ASW,CE,Combined TRACON& Tower with Radar,0,13,12,8,33,0,23,22,0,45,0,36,34,8,78,2,0,2,80
11/13/2015,LCH,LA,ASW,CE,Combined TRACON& Tower with Radar,0,15,14,18,47,0,8,20,0,28,0,23,34,18,75,12,0,12,87
11/14/2015,LCH,LA,ASW,CE,Combined TRACON& Tower with Radar,0,13,17,24,54,0,12,31,0,43,0,25,48,24,97,8,0,8,105
11/15/2015,LCH,LA,ASW,CE,Combined TRACON& Tower with Radar,0,15,13,10,38,0,35,19,0,54,0,50,32,10,92,0,0,0,92
11/16/2015,LCH,LA,ASW,CE,Combined TRACON& Tower with Radar,0,21,14,0,35,0,3,4,0,7,0,24,18,0,42,0,0,0,42
11/17/2015,LCH,LA,ASW,CE,Combined TRACON& Tower with Radar,2,20,6,0,28,0,8,2,0,10,2,28,8,0,38,10,0,10,48
11/18/2015,LCH,LA,ASW,CE,Combined TRACON& Tower with Radar,0,14,16,2,32,0,16,53,2,71,0,30,69,4,103,8,0,8,111
11/19/2015,LCH,LA,ASW,CE,Combined TRACON& Tower with Radar,0,13,20,9,42,0,18,49,0,67,0,31,69,9,109,46,0,46,155
11/20/2015,LCH,LA,ASW,CE,Combined TRACON& Tower with Radar,0,18,18,27,63,0,14,35,1,50,0,32,53,28,113,10,0,10,123
11/21/2015,LCH,LA,ASW,CE,Combined TRACON& Tower with Radar,0,10,9,0,19,0,6,1,0,7,0,16,10,0,26,0,0,0,26
11/22/2015,LCH,LA,ASW,CE,Combined TRACON& Tower with Radar,0,13,26,18,57,0,3,24,0,27,0,16,50,18,84,1,0,1,85
11/23/2015,LCH,LA,ASW,CE,Combined TRACON& Tower with Radar,0,14,5,2,21,0,20,19,0,39,0,34,24,2,60,6,0,6,66
11/24/2015,LCH,LA,ASW,CE,Combined TRACON& Tower with Radar,0,13,14,7,34,0,22,18,2,42,0,35,32,9,76,8,0,8,84
11/25/2015,LCH,LA,ASW,CE,Combined TRACON& Tower with Radar,0,13,6,0,19,0,18,7,1,26,0,31,13,1,45,0,0,0,45
11/26/2015,LCH,LA,ASW,CE,Combined TRACON& Tower with Radar,0,9,2,0,11,0,11,6,0,17,0,20,8,0,28,0,0,0,28
11/27/2015,LCH,LA,ASW,CE,Combined TRACON& Tower with Radar,0,16,0,0,16,0,9,7,0,16,0,25,7,0,32,6,0,6,38
11/28/2015,LCH,LA,ASW,CE,Combined TRACON& Tower with Radar,0,12,7,0,19,0,3,8,0,11,0,15,15,0,30,0,0,0,30
11/29/2015,LCH,LA,ASW,CE,Combined TRACON& Tower with Radar,0,16,4,0,20,0,1,2,0,3,0,17,6,0,23,0,0,0,23
11/30/2015,LCH,LA,ASW,CE,Combined TRACON& Tower with Radar,0,17,17,0,34,0,4,3,0,7,0,21,20,0,41,0,0,0,41
12/01/2015,LCH,LA,ASW,CE,Combined TRACON& Tower with Radar,0,27,12,8,47,0,1,1,0,2,0,28,13,8,49,0,0,0,49
12/02/2015,LCH,LA,ASW,CE,Combined TRACON& Tower with Radar,0,13,30,7,50,0,24,17,0,41,0,37,47,7,91,12,2,14,105
12/03/2015,LCH,LA,ASW,CE,Combined TRACON& Tower with Radar,0,19,11,9,39,0,19,30,0,49,0,38,41,9,88,26,0,26,114
12/04/2015,LCH,LA,ASW,CE,Combined TRACON& Tower with Radar,0,13,21,12,46,0,15,13,0,28,0,28,34,12,74,34,0,34,108
12/05/2015,LCH,LA,ASW,CE,Combined TRACON& Tower with Radar,0,10,16,11,37,0,15,29,0,44,0,25,45,11,81,2,0,2,83
12/06/2015,LCH,LA,ASW,CE,Combined TRACON& Tower with Radar,0,11,14,2,27,0,7,19,0,26,0,18,33,2,53,24,0,24,77
12/07/2015,LCH,LA,ASW,CE,Combined TRACON& Tower with Radar,0,14,16,15,45,0,19,20,0,39,0,33,36,15,84,8,0,8,92
12/08/2015,LCH,LA,ASW,CE,Combined TRACON& Tower with Radar,0,17,20,3,40,0,28,11,0,39,0,45,31,3,79,26,0,26,105
12/09/2015,LCH,LA,ASW,CE,Combined TRACON& Tower with Radar,0,16,5,13,34,0,16,24,0,40,0,32,29,13,74,16,0,16,90
12/10/2015,LCH,LA,ASW,CE,Combined TRACON& Tower with Radar,0,21,18,8,47,0,14,14,0,28,0,35,32,8,75,0,0,0,75
12/11/2015,LCH,LA,ASW,CE,Combined TRACON& Tower with Radar,0,15,16,2,33,0,10,8,0,18,0,25,24,2,51,0,0,0,51
12/12/2015,LCH,LA,ASW,CE,Combined TRACON& Tower with Radar,0,7,12,14,33,0,7,2,0,9,0,14,14,14,42,1,0,1,43
12/13/2015,LCH,LA,ASW,CE,Combined TRACON& Tower with Radar,4,14,12,0,30,0,2,1,0,3,4,16,13,0,33,0,0,0,33
12/14/2015,LCH,LA,ASW,CE,Combined TRACON& Tower with Radar,0,15,15,21,51,0,32,13,1,46,0,47,28,22,97,24,0,24,121
12/15/2015,LCH,LA,ASW,CE,Combined TRACON& Tower with Radar,0,14,7,2,23,0,22,23,0,45,0,36,30,2,68,24,0,24,92
12/16/2015,LCH,LA,ASW,CE,Combined TRACON& Tower with Radar,0,16,18,0,34,0,6,4,0,10,0,22,22,0,44,14,0,14,58
12/17/2015,LCH,LA,ASW,CE,Combined TRACON& Tower with Radar,0,14,25,1,40,0,23,16,0,39,0,37,41,1,79,6,0,6,85
12/18/2015,LCH,LA,ASW,CE,Combined TRACON& Tower with Radar,0,13,16,6,35,0,17,18,0,35,0,30,34,6,70,28,0,28,98
12/19/2015,LCH,LA,ASW,CE,Combined TRACON& Tower with Radar,0,10,5,20,35,0,3,21,2,26,0,13,26,22,61,22,0,22,83
12/20/2015,LCH,LA,ASW,CE,Combined TRACON& Tower with Radar,0,13,7,0,20,0,5,10,0,15,0,18,17,0,35,4,0,4,39
12/21/2015,LCH,LA,ASW,CE,Combined TRACON& Tower with Radar,0,16,8,0,24,0,5,0,0,5,0,21,8,0,29,0,0,0,29
12/22/2015,LCH,LA,ASW,CE,Combined TRACON& Tower with Radar,0,17,15,0,32,0,0,0,0,0,0,17,15,0,32,0,0,0,32
12/23/2015,LCH,LA,ASW,CE,Combined TRACON& Tower with Radar,0,21,8,0,29,0,10,2,0,12,0,31,10,0,41,0,0,0,41
12/24/2015,LCH,LA,ASW,CE,Combined TRACON& Tower with Radar,0,11,2,0,13,0,1,0,0,1,0,12,2,0,14,2,0,2,16
12/25/2015,LCH,LA,ASW,CE,Combined TRACON& Tower with Radar,0,7,2,0,9,0,0,0,0,0,0,7,2,0,9,0,0,0,9
12/26/2015,LCH,LA,ASW,CE,Combined TRACON& Tower with Radar,0,9,4,0,13,0,2,0,0,2,0,11,4,0,15,0,0,0,15
12/27/2015,LCH,LA,ASW,CE,Combined TRACON& Tower with Radar,7,18,6,0,31,0,6,0,0,6,7,24,6,0,37,2,0,2,39
12/28/2015,LCH,LA,ASW,CE,Combined TRACON& Tower with Radar,1,18,7,0,26,0,21,11,0,32,1,39,18,0,58,13,8,21,79
12/29/2015,LCH,LA,ASW,CE,Combined TRACON& Tower with Radar,0,15,17,0,32,0,25,14,0,39,0,40,31,0,71,46,0,46,117
12/30/2015,LCH,LA,ASW,CE,Combined TRACON& Tower with Radar,0,14,15,0,29,0,24,10,0,34,0,38,25,0,63,12,0,12,75
12/31/2015,LCH,LA,ASW,CE,Combined TRACON& Tower with Radar,0,11,23,2,36,0,6,15,0,21,0,17,38,2,57,0,0,0,57
01/01/2016,LCH,LA,ASW,CE,Combined TRACON& Tower with Radar,0,11,4,0,15,0,4,3,0,7,0,15,7,0,22,8,0,8,30
01/02/2016,LCH,LA,ASW,CE,Combined TRACON& Tower with Radar,0,12,15,0,27,0,13,9,0,22,0,25,24,0,49,12,0,12,61
01/03/2016,LCH,LA,ASW,CE,Combined TRACON& Tower with Radar,0,10,19,0,29,0,13,17,0,30,0,23,36,0,59,8,0,8,67
01/04/2016,LCH,LA,ASW,CE,Combined TRACON& Tower with Radar,0,11,17,0,28,0,21,6,0,27,0,32,23,0,55,0,0,0,55
01/05/2016,LCH,LA,ASW,CE,Combined TRACON& Tower with Radar,0,9,9,12,30,0,24,17,0,41,0,33,26,12,71,28,4,32,103
01/06/2016,LCH,LA,ASW,CE,Combined TRACON& Tower with Radar,0,17,11,10,38,0,21,7,2,30,0,38,18,12,68,8,0,8,76
01/07/2016,LCH,LA,ASW,CE,Combined TRACON& Tower with Radar,0,13,26,13,52,0,16,8,1,25,0,29,34,14,77,29,0,29,106
01/08/2016,LCH,LA,ASW,CE,Combined TRACON& Tower with Radar,0,14,12,0,26,0,0,1,0,1,0,14,13,0,27,7,0,7,34
01/09/2016,LCH,LA,ASW,CE,Combined TRACON& Tower with Radar,0,7,16,22,45,0,7,10,0,17,0,14,26,22,62,0,0,0,62
01/10/2016,LCH,LA,ASW,CE,Combined TRACON& Tower with Radar,0,8,18,0,26,0,6,16,0,22,0,14,34,0,48,0,0,0,48
01/11/2016,LCH,LA,ASW,CE,Combined TRACON& Tower with Radar,0,13,13,5,31,0,22,11,0,33,0,35,24,5,64,2,0,2,66
01/12/2016,LCH,LA,ASW,CE,Combined TRACON& Tower with Radar,0,10,16,2,28,0,21,13,1,35,0,31,29,3,63,0,0,0,63
01/13/2016,LCH,LA,ASW,CE,Combined TRACON& Tower with Radar,0,10,17,4,31,0,20,24,1,45,0,30,41,5,76,16,0,16,92
01/14/2016,LCH,LA,ASW,CE,Combined TRACON& Tower with Radar,0,14,22,0,36,0,8,6,0,14,0,22,28,0,50,0,0,0,50
01/15/2016,LCH,LA,ASW,CE,Combined TRACON& Tower with Radar,0,19,11,24,54,0,5,21,0,26,0,24,32,24,80,24,0,24,104
01/16/2016,LCH,LA,ASW,CE,Combined TRACON& Tower with Radar,0,12,7,10,29,0,10,7,0,17,0,22,14,10,46,12,0,12,58
01/17/2016,LCH,LA,ASW,CE,Combined TRACON& Tower with Radar,0,16,9,12,37,0,8,15,0,23,0,24,24,12,60,29,0,29,89
01/18/2016,LCH,LA,ASW,CE,Combined TRACON& Tower with Radar,0,11,4,9,24,0,13,16,0,29,0,24,20,9,53,34,0,34,87
01/19/2016,LCH,LA,ASW,CE,Combined TRACON& Tower with Radar,0,11,11,8,30,0,21,17,0,38,0,32,28,8,68,28,0,28,96
01/20/2016,LCH,LA,ASW,CE,Combined TRACON& Tower with Radar,0,13,20,4,37,0,22,7,0,29,0,35,27,4,66,2,0,2,68
01/21/2016,LCH,LA,ASW,CE,Combined TRACON& Tower with Radar,0,11,11,1,23,0,2,0,4,6,0,13,11,5,29,2,0,2,31
01/22/2016,LCH,LA,ASW,CE,Combined TRACON& Tower with Radar,0,13,3,10,26,0,12,4,2,18,0,25,7,12,44,2,0,2,46
01/23/2016,LCH,LA,ASW,CE,Combined TRACON& Tower with Radar,0,8,12,6,26,0,6,26,0,32,0,14,38,6,58,68,0,68,126
01/24/2016,LCH,LA,ASW,CE,Combined TRACON& Tower with Radar,0,8,16,11,35,0,12,19,0,31,0,20,35,11,66,36,0,36,102
01/25/2016,LCH,LA,ASW,CE,Combined TRACON& Tower with Radar,0,12,12,0,24,0,21,15,0,36,0,33,27,0,60,10,0,10,70
01/26/2016,LCH,LA,ASW,CE,Combined TRACON& Tower with Radar,0,14,4,0,18,0,2,0,0,2,0,16,4,0,20,0,0,0,20
01/27/2016,LCH,LA,ASW,CE,Combined TRACON& Tower with Radar,0,17,9,8,34,0,13,13,2,28,0,30,22,10,62,26,0,26,88
01/28/2016,LCH,LA,ASW,CE,Combined TRACON& Tower with Radar,0,10,30,8,48,0,21,37,2,60,0,31,67,10,108,6,0,6,114
01/29/2016,LCH,LA,ASW,CE,Combined TRACON& Tower with Radar,0,11,20,8,39,0,16,33,0,49,0,27,53,8,88,42,0,42,130
01/30/2016,LCH,LA,ASW,CE,Combined TRACON& Tower with Radar,0,7,22,4,33,0,21,34,2,57,0,28,56,6,90,16,0,16,106
01/31/2016,LCH,LA,ASW,CE,Combined TRACON& Tower with Radar,0,12,13,8,33,0,9,9,0,18,0,21,22,8,51,0,0,0,51
02/01/2016,LCH,LA,ASW,CE,Combined TRACON& Tower with Radar,0,19,18,2,39,0,2,3,0,5,0,21,21,2,44,0,0,0,44
02/02/2016,LCH,LA,ASW,CE,Combined TRACON& Tower with Radar,0,15,14,5,34,0,2,4,2,8,0,17,18,7,42,0,0,0,42
02/03/2016,LCH,LA,ASW,CE,Combined TRACON& Tower with Radar,0,14,20,3,37,0,18,17,0,35,0,32,37,3,72,14,0,14,86
02/04/2016,LCH,LA,ASW,CE,Combined TRACON& Tower with Radar,0,10,14,9,33,0,18,25,1,44,0,28,39,10,77,8,0,8,85
02/05/2016,LCH,LA,ASW,CE,Combined TRACON& Tower with Radar,0,12,15,16,43,0,13,27,1,41,0,25,42,17,84,35,0,35,119
02/06/2016,LCH,LA,ASW,CE,Combined TRACON& Tower with Radar,0,6,11,6,23,0,5,6,0,11,0,11,17,6,34,0,0,0,34
02/07/2016,LCH,LA,ASW,CE,Combined TRACON& Tower with Radar,0,13,9,4,26,0,10,21,0,31,0,23,30,4,57,9,0,9,66
02/08/2016,LCH,LA,ASW,CE,Combined TRACON& Tower with Radar,0,12,13,1,26,0,11,11,0,22,0,23,24,1,48,0,0,0,48
02/09/2016,LCH,LA,ASW,CE,Combined TRACON& Tower with Radar,0,12,7,4,23,0,14,15,1,30,0,26,22,5,53,8,0,8,61
02/10/2016,LCH,LA,ASW,CE,Combined TRACON& Tower with Radar,0,12,11,0,23,0,27,28,1,56,0,39,39,1,79,70,0,70,149
02/11/2016,LCH,LA,ASW,CE,Combined TRACON& Tower with Radar,0,14,10,4,28,0,22,20,0,42,0,36,30,4,70,36,0,36,106
02/12/2016,LCH,LA,ASW,CE,Combined TRACON& Tower with Radar,0,15,13,29,57,0,20,19,0,39,0,35,32,29,96,42,0,42,138
02/13/2016,LCH,LA,ASW,CE,Combined TRACON& Tower with Radar,0,13,25,9,47,0,3,15,0,18,0,16,40,9,65,68,0,68,133
02/14/2016,LCH,LA,ASW,CE,Combined TRACON& Tower with Radar,0,8,19,4,31,0,8,8,0,16,0,16,27,4,47,2,0,2,49
02/15/2016,LCH,LA,ASW,CE,Combined TRACON& Tower with Radar,0,13,6,0,19,0,7,5,0,12,0,20,11,0,31,12,0,12,43
02/16/2016,LCH,LA,ASW,CE,Combined TRACON& Tower with Radar,0,10,6,6,22,0,22,27,0,49,0,32,33,6,71,7,0,7,78
02/17/2016,LCH,LA,ASW,CE,Combined TRACON& Tower with Radar,0,11,16,1,28,0,26,31,1,58,0,37,47,2,86,50,0,50,136
02/18/2016,LCH,LA,ASW,CE,Combined TRACON& Tower with Radar,0,11,15,13,39,0,17,19,0,36,0,28,34,13,75,28,0,28,103
02/19/2016,LCH,LA,ASW,CE,Combined TRACON& Tower with Radar,0,10,6,8,24,0,20,15,1,36,0,30,21,9,60,32,0,32,92
02/20/2016,LCH,LA,ASW,CE,Combined TRACON& Tower with Radar,0,8,18,6,32,0,10,12,0,22,0,18,30,6,54,6,0,6,60
02/21/2016,LCH,LA,ASW,CE,Combined TRACON& Tower with Radar,0,10,21,18,49,0,6,3,0,9,0,16,24,18,58,2,0,2,60
02/22/2016,LCH,LA,ASW,CE,Combined TRACON& Tower with Radar,0,14,22,0,36,0,1,5,0,6,0,15,27,0,42,14,0,14,56
02/23/2016,LCH,LA,ASW,CE,Combined TRACON& Tower with Radar,0,12,1,0,13,0,0,1,0,1,0,12,2,0,14,32,0,32,46
02/24/2016,LCH,LA,ASW,CE,Combined TRACON& Tower with Radar,0,11,10,2,23,0,9,16,0,25,0,20,26,2,48,16,0,16,64
02/25/2016,LCH,LA,ASW,CE,Combined TRACON& Tower with Radar,0,10,22,6,38,0,17,25,0,42,0,27,47,6,80,9,0,9,89
02/26/2016,LCH,LA,ASW,CE,Combined TRACON& Tower with Radar,0,10,21,23,54,0,15,27,0,42,0,25,48,23,96,18,0,18,114
02/27/2016,LCH,LA,ASW,CE,Combined TRACON& Tower with Radar,0,9,6,0,15,0,8,29,0,37,0,17,35,0,52,14,0,14,66
02/28/2016,LCH,LA,ASW,CE,Combined TRACON& Tower with Radar,0,10,20,10,40,0,6,17,0,23,0,16,37,10,63,8,0,8,71
02/29/2016,LCH,LA,ASW,CE,Combined TRACON& Tower with Radar,0,10,3,6,19,0,25,10,4,39,0,35,13,10,58,64,0,64,122
03/01/2016,LCH,LA,ASW,CE,Combined TRACON& Tower with Radar,0,20,16,0,36,0,22,8,0,30,0,42,24,0,66,20,0,20,86
03/02/2016,LCH,LA,ASW,CE,Combined TRACON& Tower with Radar,0,11,5,2,18,0,22,26,0,48,0,33,31,2,66,60,0,60,126
03/03/2016,LCH,LA,ASW,CE,Combined TRACON& Tower with Radar,0,14,7,0,21,0,3,9,0,12,0,17,16,0,33,18,0,18,51
03/04/2016,LCH,LA,ASW,CE,Combined TRACON& Tower with Radar,0,11,11,0,22,0,16,17,0,33,0,27,28,0,55,68,0,68,123
03/05/2016,LCH,LA,ASW,CE,Combined TRACON& Tower with Radar,0,9,2,0,11,0,8,17,0,25,0,17,19,0,36,6,0,6,42
03/06/2016,LCH,LA,ASW,CE,Combined TRACON& Tower with Radar,0,14,16,0,30,0,10,16,0,26,0,24,32,0,56,14,0,14,70
03/07/2016,LCH,LA,ASW,CE,Combined TRACON& Tower with Radar,0,19,12,4,35,0,17,3,0,20,0,36,15,4,55,22,0,22,77
03/08/2016,LCH,LA,ASW,CE,Combined TRACON& Tower with Radar,0,15,3,1,19,0,6,0,0,6,0,21,3,1,25,0,0,0,25
03/09/2016,LCH,LA,ASW,CE,Combined TRACON& Tower with Radar,0,7,3,0,10,0,5,0,0,5,0,12,3,0,15,0,0,0,15
03/10/2016,LCH,LA,ASW,CE,Combined TRACON& Tower with Radar,0,15,10,0,25,0,9,0,0,9,0,24,10,0,34,0,0,0,34
03/11/2016,LCH,LA,ASW,CE,Combined TRACON& Tower with Radar,0,9,9,2,20,0,4,3,0,7,0,13,12,2,27,6,0,6,33
03/12/2016,LCH,LA,ASW,CE,Combined TRACON& Tower with Radar,0,11,4,2,17,0,4,13,0,17,0,15,17,2,34,12,0,12,46
03/13/2016,LCH,LA,ASW,CE,Combined TRACON& Tower with Radar,0,8,12,0,20,0,7,16,0,23,0,15,28,0,43,2,0,2,45
03/14/2016,LCH,LA,ASW,CE,Combined TRACON& Tower with Radar,0,12,14,3,29,0,19,27,0,46,0,31,41,3,75,2,0,2,77
03/15/2016,LCH,LA,ASW,CE,Combined TRACON& Tower with Radar,0,11,16,2,29,0,13,19,2,34,0,24,35,4,63,2,1,3,66
03/16/2016,LCH,LA,ASW,CE,Combined TRACON& Tower with Radar,0,11,30,2,43,0,19,23,0,42,0,30,53,2,85,18,0,18,103
03/17/2016,LCH,LA,ASW,CE,Combined TRACON& Tower with Radar,0,24,11,0,35,0,1,6,1,8,0,25,17,1,43,0,0,0,43
03/18/2016,LCH,LA,ASW,CE,Combined TRACON& Tower with Radar,0,14,25,2,41,0,2,0,0,2,0,16,25,2,43,36,0,36,79
03/19/2016,LCH,LA,ASW,CE,Combined TRACON& Tower with Radar,0,8,9,6,23,0,7,7,1,15,0,15,16,7,38,24,0,24,62
03/20/2016,LCH,LA,ASW,CE,Combined TRACON& Tower with Radar,0,24,10,16,50,0,10,16,0,26,0,34,26,16,76,6,0,6,82
03/21/2016,LCH,LA,ASW,CE,Combined TRACON& Tower with Radar,0,15,18,2,35,0,26,29,0,55,0,41,47,2,90,62,0,62,152
03/22/2016,LCH,LA,ASW,CE,Combined TRACON& Tower with Radar,0,13,14,2,29,0,20,12,0,32,0,33,26,2,61,32,0,32,93
03/23/2016,LCH,LA,ASW,CE,Combined TRACON& Tower with Radar,0,13,10,0,23,0,28,7,0,35,0,41,17,0,58,0,0,0,58
03/24/2016,LCH,LA,ASW,CE,Combined TRACON& Tower with Radar,0,12,6,0,18,0,4,14,0,18,0,16,20,0,36,36,0,36,72
03/25/2016,LCH,LA,ASW,CE,Combined TRACON& Tower with Radar,0,12,12,2,26,0,15,27,0,42,0,27,39,2,68,34,0,34,102
03/26/2016,LCH,LA,ASW,CE,Combined TRACON& Tower with Radar,0,13,23,0,36,0,9,23,0,32,0,22,46,0,68,14,0,14,82
03/27/2016,LCH,LA,ASW,CE,Combined TRACON& Tower with Radar,0,12,12,0,24,0,10,2,0,12,0,22,14,0,36,16,0,16,52
03/28/2016,LCH,LA,ASW,CE,Combined TRACON& Tower with Radar,0,14,11,4,29,0,17,20,0,37,0,31,31,4,66,68,0,68,134
03/29/2016,LCH,LA,ASW,CE,Combined TRACON& Tower with Radar,0,16,10,0,26,0,10,3,0,13,0,26,13,0,39,38,0,38,77
03/30/2016,LCH,LA,ASW,CE,Combined TRACON& Tower with Radar,0,16,6,0,22,0,4,4,0,8,0,20,10,0,30,4,0,4,34
03/31/2016,LCH,LA,ASW,CE,Combined TRACON& Tower with Radar,0,11,11,0,22,0,8,4,0,12,0,19,15,0,34,0,0,0,34
04/01/2016,LCH,LA,ASW,CE,Combined TRACON& Tower with Radar,0,10,7,12,29,0,5,3,0,8,0,15,10,12,37,26,0,26,63
04/02/2016,LCH,LA,ASW,CE,Combined TRACON& Tower with Radar,0,11,17,0,28,0,11,26,0,37,0,22,43,0,65,20,0,20,85
04/03/2016,LCH,LA,ASW,CE,Combined TRACON& Tower with Radar,0,11,22,20,53,0,17,22,3,42,0,28,44,23,95,4,0,4,99
04/04/2016,LCH,LA,ASW,CE,Combined TRACON& Tower with Radar,0,15,16,2,33,0,19,31,0,50,0,34,47,2,83,16,0,16,99
04/05/2016,LCH,LA,ASW,CE,Combined TRACON& Tower with Radar,0,15,9,0,24,0,17,37,0,54,0,32,46,0,78,68,0,68,146
04/06/2016,LCH,LA,ASW,CE,Combined TRACON& Tower with Radar,0,11,11,2,24,0,24,14,0,38,0,35,25,2,62,18,0,18,80
04/07/2016,LCH,LA,ASW,CE,Combined TRACON& Tower with Radar,0,13,26,0,39,0,18,15,0,33,0,31,41,0,72,14,0,14,86
04/08/2016,LCH,LA,ASW,CE,Combined TRACON& Tower with Radar,0,18,20,8,46,0,22,17,0,39,0,40,37,8,85,42,0,42,127
04/09/2016,LCH,LA,ASW,CE,Combined TRACON& Tower with Radar,0,8,11,0,19,0,1,15,0,16,0,9,26,0,35,53,0,53,88
04/10/2016,LCH,LA,ASW,CE,Combined TRACON& Tower with Radar,0,17,7,2,26,0,11,7,0,18,0,28,14,2,44,2,0,2,46
04/11/2016,LCH,LA,ASW,CE,Combined TRACON& Tower with Radar,0,15,19,2,36,0,23,5,0,28,0,38,24,2,64,12,0,12,76
04/12/2016,LCH,LA,ASW,CE,Combined TRACON& Tower with Radar,0,14,7,0,21,0,12,2,0,14,0,26,9,0,35,48,0,48,83
04/13/2016,LCH,LA,ASW,CE,Combined TRACON& Tower with Radar,0,10,11,0,21,0,9,1,0,10,0,19,12,0,31,30,0,30,61
04/14/2016,LCH,LA,ASW,CE,Combined TRACON& Tower with Radar,0,17,11,0,28,0,7,20,0,27,0,24,31,0,55,12,0,12,67
04/15/2016,LCH,LA,ASW,CE,Combined TRACON& Tower with Radar,0,16,19,6,41,0,6,27,0,33,0,22,46,6,74,51,0,51,125
04/16/2016,LCH,LA,ASW,CE,Combined TRACON& Tower with Radar,0,13,18,12,43,0,6,8,0,14,0,19,26,12,57,36,0,36,93
04/17/2016,LCH,LA,ASW,CE,Combined TRACON& Tower with Radar,2,7,10,2,21,0,12,2,0,14,2,19,12,2,35,4,0,4,39
04/18/2016,LCH,LA,ASW,CE,Combined TRACON& Tower with Radar,1,9,0,0,10,0,0,0,0,0,1,9,0,0,10,0,0,0,10
04/19/2016,LCH,LA,ASW,CE,Combined TRACON& Tower with Radar,0,11,7,0,18,0,4,15,0,19,0,15,22,0,37,6,0,6,43
04/20/2016,LCH,LA,ASW,CE,Combined TRACON& Tower with Radar,0,11,6,0,17,0,3,0,0,3,0,14,6,0,20,0,0,0,20
04/21/2016,LCH,LA,ASW,CE,Combined TRACON& Tower with Radar,0,11,12,0,23,0,12,0,1,13,0,23,12,1,36,0,0,0,36
04/22/2016,LCH,LA,ASW,CE,Combined TRACON& Tower with Radar,0,11,25,10,46,0,18,20,0,38,0,29,45,10,84,52,0,52,136
04/23/2016,LCH,LA,ASW,CE,Combined TRACON& Tower with Radar,0,7,7,0,14,0,12,19,0,31,0,19,26,0,45,8,0,8,53
04/24/2016,LCH,LA,ASW,CE,Combined TRACON& Tower with Radar,0,8,9,8,25,0,9,12,0,21,0,17,21,8,46,22,0,22,68
04/25/2016,LCH,LA,ASW,CE,Combined TRACON& Tower with Radar,0,12,17,2,31,0,15,12,0,27,0,27,29,2,58,12,0,12,70
04/26/2016,LCH,LA,ASW,CE,Combined TRACON& Tower with Radar,0,7,11,0,18,0,12,8,0,20,0,19,19,0,38,2,0,2,40
04/27/2016,LCH,LA,ASW,CE,Combined TRACON& Tower with Radar,0,14,8,4,26,0,7,4,1,12,0,21,12,5,38,2,0,2,40
04/28/2016,LCH,LA,ASW,CE,Combined TRACON& Tower with Radar,0,13,18,6,37,0,25,22,1,48,0,38,40,7,85,40,0,40,125
04/29/2016,LCH,LA,ASW,CE,Combined TRACON& Tower with Radar,0,12,20,11,43,0,12,17,0,29,0,24,37,11,72,2,0,2,74
04/30/2016,LCH,LA,ASW,CE,Combined TRACON& Tower with Radar,0,8,13,0,21,0,5,15,0,20,0,13,28,0,41,0,0,0,41
05/01/2016,LCH,LA,ASW,CE,Combined TRACON& Tower with Radar,0,8,10,0,18,0,0,0,0,0,0,8,10,0,18,0,0,0,18
05/02/2016,LCH,LA,ASW,CE,Combined TRACON& Tower with Radar,0,11,7,0,18,0,3,6,0,9,0,14,13,0,27,26,0,26,53
05/03/2016,LCH,LA,ASW,CE,Combined TRACON& Tower with Radar,0,10,22,14,46,0,20,20,0,40,0,30,42,14,86,2,14,16,102
05/04/2016,LCH,LA,ASW,CE,Combined TRACON& Tower with Radar,0,7,22,6,35,0,16,27,0,43,0,23,49,6,78,50,0,50,128
05/05/2016,LCH,LA,ASW,CE,Combined TRACON& Tower with Radar,0,15,29,19,63,0,16,44,0,60,0,31,73,19,123,40,0,40,163
05/06/2016,LCH,LA,ASW,CE,Combined TRACON& Tower with Radar,0,12,15,6,33,0,21,40,0,61,0,33,55,6,94,44,0,44,138
05/07/2016,LCH,LA,ASW,CE,Combined TRACON& Tower with Radar,0,10,26,10,46,0,5,28,0,33,0,15,54,10,79,32,0,32,111
05/08/2016,LCH,LA,ASW,CE,Combined TRACON& Tower with Radar,0,18,11,2,31,0,11,14,0,25,0,29,25,2,56,4,0,4,60
05/09/2016,LCH,LA,ASW,CE,Combined TRACON& Tower with Radar,2,23,13,2,40,0,8,9,0,17,2,31,22,2,57,14,0,14,71
05/10/2016,LCH,LA,ASW,CE,Combined TRACON& Tower with Radar,0,19,16,14,49,0,13,11,0,24,0,32,27,14,73,14,3,17,90
05/11/2016,LCH,LA,ASW,CE,Combined TRACON& Tower with Radar,0,19,18,13,50,0,12,5,2,19,0,31,23,15,69,44,0,44,113
05/12/2016,LCH,LA,ASW,CE,Combined TRACON& Tower with Radar,0,17,32,6,55,0,13,17,0,30,0,30,49,6,85,35,0,35,120
05/13/2016,LCH,LA,ASW,CE,Combined TRACON& Tower with Radar,0,14,25,14,53,0,13,18,0,31,0,27,43,14,84,49,0,49,133
05/14/2016,LCH,LA,ASW,CE,Combined TRACON& Tower with Radar,2,11,25,0,38,0,4,21,1,26,2,15,46,1,64,4,0,4,68
05/15/2016,LCH,LA,ASW,CE,Combined TRACON& Tower with Radar,2,20,33,4,59,0,7,13,0,20,2,27,46,4,79,10,0,10,89
05/16/2016,LCH,LA,ASW,CE,Combined TRACON& Tower with Radar,0,17,5,0,22,0,0,8,0,8,0,17,13,0,30,4,0,4,34
05/17/2016,LCH,LA,ASW,CE,Combined TRACON& Tower with Radar,0,25,22,0,47,0,11,11,0,22,0,36,33,0,69,32,0,32,101
05/18/2016,LCH,LA,ASW,CE,Combined TRACON& Tower with Radar,0,19,20,4,43,0,6,12,0,18,0,25,32,4,61,14,0,14,75
05/19/2016,LCH,LA,ASW,CE,Combined TRACON& Tower with Radar,0,12,38,0,50,0,9,8,0,17,0,21,46,0,67,32,0,32,99
05/20/2016,LCH,LA,ASW,CE,Combined TRACON& Tower with Radar,0,14,30,10,54,0,15,5,0,20,0,29,35,10,74,10,0,10,84
05/21/2016,LCH,LA,ASW,CE,Combined TRACON& Tower with Radar,0,17,21,2,40,0,16,26,0,42,0,33,47,2,82,28,0,28,110
05/22/2016,LCH,LA,ASW,CE,Combined TRACON& Tower with Radar,0,17,14,0,31,0,10,7,0,17,0,27,21,0,48,4,0,4,52
05/23/2016,LCH,LA,ASW,CE,Combined TRACON& Tower with Radar,0,21,12,12,45,0,15,13,0,28,0,36,25,12,73,18,0,18,91
05/24/2016,LCH,LA,ASW,CE,Combined TRACON& Tower with Radar,0,14,17,8,39,0,12,14,0,26,0,26,31,8,65,36,0,36,101
05/25/2016,LCH,LA,ASW,CE,Combined TRACON& Tower with Radar,0,15,17,4,36,0,14,19,0,33,0,29,36,4,69,62,0,62,131
05/26/2016,LCH,LA,ASW,CE,Combined TRACON& Tower with Radar,0,10,21,0,31,0,15,16,0,31,0,25,37,0,62,9,0,9,71
05/27/2016,LCH,LA,ASW,CE,Combined TRACON& Tower with Radar,3,12,5,2,22,0,3,5,0,8,3,15,10,2,30,0,0,0,30
05/28/2016,LCH,LA,ASW,CE,Combined TRACON& Tower with Radar,1,10,4,10,25,0,7,9,0,16,1,17,13,10,41,0,0,0,41
05/29/2016,LCH,LA,ASW,CE,Combined TRACON& Tower with Radar,0,7,11,0,18,0,5,4,0,9,0,12,15,0,27,0,0,0,27
05/30/2016,LCH,LA,ASW,CE,Combined TRACON& Tower with Radar,0,13,17,4,34,0,5,4,0,9,0,18,21,4,43,0,0,0,43
05/31/2016,LCH,LA,ASW,CE,Combined TRACON& Tower with Radar,0,13,15,0,28,0,16,9,0,25,0,29,24,0,53,6,0,6,59
06/01/2016,LCH,LA,ASW,CE,Combined TRACON& Tower with Radar,0,9,7,0,16,0,4,5,0,9,0,13,12,0,25,6,0,6,31
06/02/2016,LCH,LA,ASW,CE,Combined TRACON& Tower with Radar,0,7,7,2,16,0,0,0,0,0,0,7,7,2,16,0,0,0,16
06/03/2016,LCH,LA,ASW,CE,Combined TRACON& Tower with Radar,0,12,2,2,16,0,4,1,0,5,0,16,3,2,21,0,0,0,21
06/04/2016,LCH,LA,ASW,CE,Combined TRACON& Tower with Radar,0,7,2,0,9,0,1,0,0,1,0,8,2,0,10,0,0,0,10
06/05/2016,LCH,LA,ASW,CE,Combined TRACON& Tower with Radar,0,12,9,0,21,0,12,10,0,22,0,24,19,0,43,0,0,0,43
06/06/2016,LCH,LA,ASW,CE,Combined TRACON& Tower with Radar,0,13,14,2,29,0,20,12,0,32,0,33,26,2,61,12,0,12,73
06/07/2016,LCH,LA,ASW,CE,Combined TRACON& Tower with Radar,0,15,15,0,30,0,24,25,0,49,0,39,40,0,79,10,0,10,89
06/08/2016,LCH,LA,ASW,CE,Combined TRACON& Tower with Radar,0,22,6,5,33,0,23,14,0,37,0,45,20,5,70,27,0,27,97
06/09/2016,LCH,LA,ASW,CE,Combined TRACON& Tower with Radar,0,28,14,0,42,0,20,14,0,34,0,48,28,0,76,4,0,4,80
06/10/2016,LCH,LA,ASW,CE,Combined TRACON& Tower with Radar,0,33,19,2,54,0,13,10,0,23,0,46,29,2,77,0,0,0,77
06/11/2016,LCH,LA,ASW,CE,Combined TRACON& Tower with Radar,0,35,16,2,53,0,17,14,0,31,0,52,30,2,84,41,0,41,125
06/12/2016,LCH,LA,ASW,CE,Combined TRACON& Tower with Radar,2,17,10,0,29,0,5,2,0,7,2,22,12,0,36,1,0,1,37
06/13/2016,LCH,LA,ASW,CE,Combined TRACON& Tower with Radar,0,24,14,0,38,0,16,12,0,28,0,40,26,0,66,0,0,0,66
06/14/2016,LCH,LA,ASW,CE,Combined TRACON& Tower with Radar,0,18,25,4,47,0,24,13,0,37,0,42,38,4,84,18,0,18,102
06/15/2016,LCH,LA,ASW,CE,Combined TRACON& Tower with Radar,0,15,19,0,34,0,13,14,0,27,0,28,33,0,61,16,0,16,77
06/16/2016,LCH,LA,ASW,CE,Combined TRACON& Tower with Radar,0,15,5,4,24,0,12,19,0,31,0,27,24,4,55,14,0,14,69
06/17/2016,LCH,LA,ASW,CE,Combined TRACON& Tower with Radar,0,20,8,20,48,0,26,28,0,54,0,46,36,20,102,46,0,46,148
06/18/2016,LCH,LA,ASW,CE,Combined TRACON& Tower with Radar,0,17,6,1,24,0,9,10,0,19,0,26,16,1,43,8,0,8,51
06/19/2016,LCH,LA,ASW,CE,Combined TRACON& Tower with Radar,0,12,8,0,20,0,6,18,0,24,0,18,26,0,44,0,0,0,44
06/20/2016,LCH,LA,ASW,CE,Combined TRACON& Tower with Radar,0,11,4,0,15,0,16,7,0,23,0,27,11,0,38,0,0,0,38
06/21/2016,LCH,LA,ASW,CE,Combined TRACON& Tower with Radar,0,21,6,0,27,0,18,16,0,34,0,39,22,0,61,9,0,9,70
06/22/2016,LCH,LA,ASW,CE,Combined TRACON& Tower with Radar,0,13,6,1,20,0,13,18,0,31,0,26,24,1,51,14,0,14,65
06/23/2016,LCH,LA,ASW,CE,Combined TRACON& Tower with Radar,0,11,18,6,35,0,20,24,0,44,0,31,42,6,79,32,0,32,111
06/24/2016,LCH,LA,ASW,CE,Combined TRACON& Tower with Radar,0,14,15,10,39,0,16,5,0,21,0,30,20,10,60,24,0,24,84
06/25/2016,LCH,LA,ASW,CE,Combined TRACON& Tower with Radar,0,8,10,2,20,0,10,12,0,22,0,18,22,2,42,8,0,8,50
06/26/2016,LCH,LA,ASW,CE,Combined TRACON& Tower with Radar,0,13,18,6,37,0,14,26,0,40,0,27,44,6,77,0,0,0,77
06/27/2016,LCH,LA,ASW,CE,Combined TRACON& Tower with Radar,0,11,14,4,29,0,25,12,1,38,0,36,26,5,67,46,0,46,113
06/28/2016,LCH,LA,ASW,CE,Combined TRACON& Tower with Radar,0,7,13,0,20,0,15,16,0,31,0,22,29,0,51,0,0,0,51
06/29/2016,LCH,LA,ASW,CE,Combined TRACON& Tower with Radar,0,10,10,6,26,0,13,21,1,35,0,23,31,7,61,12,0,12,73
06/30/2016,LCH,LA,ASW,CE,Combined TRACON& Tower with Radar,0,17,17,2,36,0,21,21,0,42,0,38,38,2,78,26,0,26,104
07/01/2016,LCH,LA,ASW,CE,Combined TRACON& Tower with Radar,0,15,11,5,31,0,16,13,0,29,0,31,24,5,60,16,0,16,76
07/02/2016,LCH,LA,ASW,CE,Combined TRACON& Tower with Radar,0,14,17,0,31,0,14,15,0,29,0,28,32,0,60,10,0,10,70
07/03/2016,LCH,LA,ASW,CE,Combined TRACON& Tower with Radar,0,8,7,0,15,0,5,11,0,16,0,13,18,0,31,6,0,6,37
07/04/2016,LCH,LA,ASW,CE,Combined TRACON& Tower with Radar,0,8,10,0,18,0,13,6,0,19,0,21,16,0,37,4,0,4,41
07/05/2016,LCH,LA,ASW,CE,Combined TRACON& Tower with Radar,0,12,4,2,18,0,11,10,0,21,0,23,14,2,39,26,0,26,65
07/06/2016,LCH,LA,ASW,CE,Combined TRACON& Tower with Radar,0,10,20,2,32,0,16,17,0,33,0,26,37,2,65,46,0,46,111
07/07/2016,LCH,LA,ASW,CE,Combined TRACON& Tower with Radar,0,15,2,4,21,0,15,15,0,30,0,30,17,4,51,20,0,20,71
07/08/2016,LCH,LA,ASW,CE,Combined TRACON& Tower with Radar,0,8,5,19,32,0,12,16,0,28,0,20,21,19,60,46,0,46,106
07/09/2016,LCH,LA,ASW,CE,Combined TRACON& Tower with Radar,0,7,23,8,38,0,4,24,0,28,0,11,47,8,66,10,10,20,86
07/10/2016,LCH,LA,ASW,CE,Combined TRACON& Tower with Radar,0,15,8,1,24,0,3,5,0,8,0,18,13,1,32,2,0,2,34
07/11/2016,LCH,LA,ASW,CE,Combined TRACON& Tower with Radar,0,14,9,8,31,0,10,13,0,23,0,24,22,8,54,18,0,18,72
07/12/2016,LCH,LA,ASW,CE,Combined TRACON& Tower with Radar,0,14,10,15,39,0,16,39,0,55,0,30,49,15,94,19,0,19,113
07/13/2016,LCH,LA,ASW,CE,Combined TRACON& Tower with Radar,0,14,12,14,40,0,12,11,0,23,0,26,23,14,63,8,6,14,77
07/14/2016,LCH,LA,ASW,CE,Combined TRACON& Tower with Radar,0,14,17,2,33,0,16,14,0,30,0,30,31,2,63,15,0,15,78
07/15/2016,LCH,LA,ASW,CE,Combined TRACON& Tower with Radar,0,12,12,17,41,0,13,11,0,24,0,25,23,17,65,17,0,17,82
07/16/2016,LCH,LA,ASW,CE,Combined TRACON& Tower with Radar,0,8,20,1,29,0,6,16,0,22,0,14,36,1,51,22,0,22,73
07/17/2016,LCH,LA,ASW,CE,Combined TRACON& Tower with Radar,0,14,16,0,30,0,5,15,1,21,0,19,31,1,51,16,0,16,67
07/18/2016,LCH,LA,ASW,CE,Combined TRACON& Tower with Radar,0,11,5,0,16,0,19,9,0,28,0,30,14,0,44,14,0,14,58
07/19/2016,LCH,LA,ASW,CE,Combined TRACON& Tower with Radar,0,11,1,5,17,0,19,15,0,34,0,30,16,5,51,12,0,12,63
07/20/2016,LCH,LA,ASW,CE,Combined TRACON& Tower with Radar,0,10,7,0,17,0,23,22,0,45,0,33,29,0,62,14,0,14,76
07/21/2016,LCH,LA,ASW,CE,Combined TRACON& Tower with Radar,0,10,20,0,30,0,20,10,0,30,0,30,30,0,60,18,0,18,78
07/22/2016,LCH,LA,ASW,CE,Combined TRACON& Tower with Radar,0,11,26,2,39,0,13,10,0,23,0,24,36,2,62,14,0,14,76
07/23/2016,LCH,LA,ASW,CE,Combined TRACON& Tower with Radar,0,10,9,10,29,0,5,14,0,19,0,15,23,10,48,26,0,26,74
07/24/2016,LCH,LA,ASW,CE,Combined TRACON& Tower with Radar,0,8,10,0,18,0,2,6,0,8,0,10,16,0,26,4,0,4,30
07/25/2016,LCH,LA,ASW,CE,Combined TRACON& Tower with Radar,2,9,11,0,22,0,2,11,0,13,2,11,22,0,35,32,0,32,67
07/26/2016,LCH,LA,ASW,CE,Combined TRACON& Tower with Radar,0,12,21,0,33,0,3,9,1,13,0,15,30,1,46,34,0,34,80
07/27/2016,LCH,LA,ASW,CE,Combined TRACON& Tower with Radar,0,9,7,0,16,0,3,9,0,12,0,12,16,0,28,17,0,17,45
07/28/2016,LCH,LA,ASW,CE,Combined TRACON& Tower with Radar,2,22,5,0,29,0,17,11,0,28,2,39,16,0,57,7,0,7,64
07/29/2016,LCH,LA,ASW,CE,Combined TRACON& Tower with Radar,0,10,6,2,18,0,14,13,0,27,0,24,19,2,45,37,0,37,82
07/30/2016,LCH,LA,ASW,CE,Combined TRACON& Tower with Radar,0,7,7,8,22,0,10,18,0,28,0,17,25,8,50,4,0,4,54
07/31/2016,LCH,LA,ASW,CE,Combined TRACON& Tower with Radar,0,7,22,0,29,0,4,10,0,14,0,11,32,0,43,24,0,24,67
08/01/2016,LCH,LA,ASW,CE,Combined TRACON& Tower with Radar,0,9,9,8,26,0,17,12,1,30,0,26,21,9,56,2,0,2,58
08/02/2016,LCH,LA,ASW,CE,Combined TRACON& Tower with Radar,0,13,5,0,18,0,18,12,0,30,0,31,17,0,48,14,0,14,62
08/03/2016,LCH,LA,ASW,CE,Combined TRACON& Tower with Radar,0,9,23,5,37,0,16,10,0,26,0,25,33,5,63,0,0,0,63
08/04/2016,LCH,LA,ASW,CE,Combined TRACON& Tower with Radar,0,14,19,10,43,0,13,19,0,32,0,27,38,10,75,44,0,44,119
08/05/2016,LCH,LA,ASW,CE,Combined TRACON& Tower with Radar,0,15,9,0,24,0,9,15,0,24,0,24,24,0,48,24,0,24,72
08/06/2016,LCH,LA,ASW,CE,Combined TRACON& Tower with Radar,0,7,6,10,23,0,3,10,0,13,0,10,16,10,36,1,0,1,37
08/07/2016,LCH,LA,ASW,CE,Combined TRACON& Tower with Radar,0,10,8,0,18,0,5,12,0,17,0,15,20,0,35,12,0,12,47
08/08/2016,LCH,LA,ASW,CE,Combined TRACON& Tower with Radar,0,9,6,6,21,0,12,9,0,21,0,21,15,6,42,16,0,16,58
08/09/2016,LCH,LA,ASW,CE,Combined TRACON& Tower with Radar,0,9,7,6,22,0,15,4,0,19,0,24,11,6,41,2,0,2,43
08/10/2016,LCH,LA,ASW,CE,Combined TRACON& Tower with Radar,0,8,6,2,16,0,3,6,0,9,0,11,12,2,25,32,0,32,57
08/11/2016,LCH,LA,ASW,CE,Combined TRACON& Tower with Radar,0,11,9,5,25,0,4,13,0,17,0,15,22,5,42,3,0,3,45
08/12/2016,LCH,LA,ASW,CE,Combined TRACON& Tower with Radar,0,8,7,0,15,0,3,4,0,7,0,11,11,0,22,2,0,2,24
08/13/2016,LCH,LA,ASW,CE,Combined TRACON& Tower with Radar,0,8,5,0,13,0,0,0,0,0,0,8,5,0,13,0,0,0,13
08/14/2016,LCH,LA,ASW,CE,Combined TRACON& Tower with Radar,4,15,3,0,22,0,4,7,0,11,4,19,10,0,33,4,0,4,37
08/15/2016,LCH,LA,ASW,CE,Combined TRACON& Tower with Radar,2,19,7,0,28,0,14,5,0,19,2,33,12,0,47,0,0,0,47
08/16/2016,LCH,LA,ASW,CE,Combined TRACON& Tower with Radar,2,7,4,0,13,0,7,3,0,10,2,14,7,0,23,14,0,14,37
08/17/2016,LCH,LA,ASW,CE,Combined TRACON& Tower with Radar,0,6,14,0,20,0,17,7,0,24,0,23,21,0,44,18,0,18,62
08/18/2016,LCH,LA,ASW,CE,Combined TRACON& Tower with Radar,0,12,13,0,25,0,15,25,0,40,0,27,38,0,65,22,0,22,87
08/19/2016,LCH,LA,ASW,CE,Combined TRACON& Tower with Radar,0,8,10,4,22,0,21,27,0,48,0,29,37,4,70,18,0,18,88
08/20/2016,LCH,LA,ASW,CE,Combined TRACON& Tower with Radar,0,8,13,2,23,0,4,22,0,26,0,12,35,2,49,20,0,20,69
08/21/2016,LCH,LA,ASW,CE,Combined TRACON& Tower with Radar,0,9,4,0,13,0,6,2,0,8,0,15,6,0,21,4,0,4,25
08/22/2016,LCH,LA,ASW,CE,Combined TRACON& Tower with Radar,4,11,10,2,27,0,15,17,1,33,4,26,27,3,60,1,0,1,61
08/23/2016,LCH,LA,ASW,CE,Combined TRACON& Tower with Radar,0,11,6,0,17,0,10,10,0,20,0,21,16,0,37,0,0,0,37
08/24/2016,LCH,LA,ASW,CE,Combined TRACON& Tower with Radar,0,9,7,0,16,0,13,10,0,23,0,22,17,0,39,1,0,1,40
08/25/2016,LCH,LA,ASW,CE,Combined TRACON& Tower with Radar,0,7,19,0,26,0,14,14,0,28,0,21,33,0,54,10,0,10,64
08/26/2016,LCH,LA,ASW,CE,Combined TRACON& Tower with Radar,2,14,11,2,29,0,3,19,0,22,2,17,30,2,51,31,0,31,82
08/27/2016,LCH,LA,ASW,CE,Combined TRACON& Tower with Radar,0,12,11,0,23,0,5,8,0,13,0,17,19,0,36,10,0,10,46
08/28/2016,LCH,LA,ASW,CE,Combined TRACON& Tower with Radar,0,13,4,0,17,0,1,1,0,2,0,14,5,0,19,10,0,10,29
08/29/2016,LCH,LA,ASW,CE,Combined TRACON& Tower with Radar,0,16,7,0,23,0,8,4,0,12,0,24,11,0,35,4,0,4,39
08/30/2016,LCH,LA,ASW,CE,Combined TRACON& Tower with Radar,0,11,19,0,30,0,20,23,0,43,0,31,42,0,73,12,0,12,85
08/31/2016,LCH,LA,ASW,CE,Combined TRACON& Tower with Radar,0,11,8,0,19,0,20,21,2,43,0,31,29,2,62,6,0,6,68
09/01/2016,LCH,LA,ASW,CE,Combined TRACON& Tower with Radar,0,9,7,0,16,0,18,15,0,33,0,27,22,0,49,0,0,0,49
09/02/2016,LCH,LA,ASW,CE,Combined TRACON& Tower with Radar,0,9,15,0,24,0,12,33,0,45,0,21,48,0,69,4,0,4,73
09/03/2016,LCH,LA,ASW,CE,Combined TRACON& Tower with Radar,0,7,2,10,19,0,8,24,0,32,0,15,26,10,51,22,0,22,73
09/04/2016,LCH,LA,ASW,CE,Combined TRACON& Tower with Radar,0,7,0,0,7,0,4,7,0,11,0,11,7,0,18,3,0,3,21
09/05/2016,LCH,LA,ASW,CE,Combined TRACON& Tower with Radar,0,12,3,0,15,0,6,5,0,11,0,18,8,0,26,0,0,0,26
09/06/2016,LCH,LA,ASW,CE,Combined TRACON& Tower with Radar,0,12,0,0,12,0,9,0,0,9,0,21,0,0,21,24,0,24,45
09/07/2016,LCH,LA,ASW,CE,Combined TRACON& Tower with Radar,0,13,8,4,25,0,19,7,0,26,0,32,15,4,51,15,0,15,66
09/08/2016,LCH,LA,ASW,CE,Combined TRACON& Tower with Radar,0,9,12,4,25,0,13,18,0,31,0,22,30,4,56,54,0,54,110
09/09/2016,LCH,LA,ASW,CE,Combined TRACON& Tower with Radar,0,12,20,6,38,0,13,9,0,22,0,25,29,6,60,71,0,71,131
09/10/2016,LCH,LA,ASW,CE,Combined TRACON& Tower with Radar,0,15,10,8,33,0,2,8,0,10,0,17,18,8,43,5,0,5,48
09/11/2016,LCH,LA,ASW,CE,Combined TRACON& Tower with Radar,0,9,8,0,17,0,6,5,0,11,0,15,13,0,28,0,0,0,28
09/12/2016,LCH,LA,ASW,CE,Combined TRACON& Tower with Radar,2,11,16,0,29,0,2,7,0,9,2,13,23,0,38,1,0,1,39
09/13/2016,LCH,LA,ASW,CE,Combined TRACON& Tower with Radar,0,9,6,0,15,0,12,7,0,19,0,21,13,0,34,30,0,30,64
09/14/2016,LCH,LA,ASW,CE,Combined TRACON& Tower with Radar,1,11,16,6,34,0,15,9,0,24,1,26,25,6,58,40,0,40,98
09/15/2016,LCH,LA,ASW,CE,Combined TRACON& Tower with Radar,4,15,16,2,37,0,14,17,0,31,4,29,33,2,68,25,0,25,93
09/16/2016,LCH,LA,ASW,CE,Combined TRACON& Tower with Radar,0,8,9,0,17,0,3,0,0,3,0,11,9,0,20,0,0,0,20
09/17/2016,LCH,LA,ASW,CE,Combined TRACON& Tower with Radar,0,8,11,2,21,0,4,22,0,26,0,12,33,2,47,3,0,3,50
09/18/2016,LCH,LA,ASW,CE,Combined TRACON& Tower with Radar,4,11,14,4,33,0,9,7,0,16,4,20,21,4,49,8,0,8,57
09/19/2016,LCH,LA,ASW,CE,Combined TRACON& Tower with Radar,0,10,11,4,25,0,16,11,0,27,0,26,22,4,52,0,0,0,52
09/20/2016,LCH,LA,ASW,CE,Combined TRACON& Tower with Radar,0,9,18,0,27,0,16,20,0,36,0,25,38,0,63,8,0,8,71
09/21/2016,LCH,LA,ASW,CE,Combined TRACON& Tower with Radar,0,13,13,4,30,0,16,12,0,28,0,29,25,4,58,14,0,14,72
09/22/2016,LCH,LA,ASW,CE,Combined TRACON& Tower with Radar,5,11,23,1,40,0,16,12,1,29,5,27,35,2,69,22,0,22,91
09/23/2016,LCH,LA,ASW,CE,Combined TRACON& Tower with Radar,0,11,19,26,56,0,15,10,0,25,0,26,29,26,81,6,0,6,87
09/24/2016,LCH,LA,ASW,CE,Combined TRACON& Tower with Radar,0,7,5,0,12,0,4,16,0,20,0,11,21,0,32,2,0,2,34
09/25/2016,LCH,LA,ASW,CE,Combined TRACON& Tower with Radar,2,7,3,0,12,0,0,4,0,4,2,7,7,0,16,1,0,1,17
09/26/2016,LCH,LA,ASW,CE,Combined TRACON& Tower with Radar,0,13,13,2,28,0,11,4,0,15,0,24,17,2,43,41,0,41,84
09/27/2016,LCH,LA,ASW,CE,Combined TRACON& Tower with Radar,0,11,5,0,16,0,20,16,0,36,0,31,21,0,52,48,0,48,100
09/28/2016,LCH,LA,ASW,CE,Combined TRACON& Tower with Radar,0,9,20,12,41,0,17,31,0,48,0,26,51,12,89,32,0,32,121
09/29/2016,LCH,LA,ASW,CE,Combined TRACON& Tower with Radar,2,13,13,2,30,0,16,18,0,34,2,29,31,2,64,25,0,25,89
09/30/2016,LCH,LA,ASW,CE,Combined TRACON& Tower with Radar,0,10,7,2,19,0,20,21,1,42,0,30,28,3,61,0,0,0,61
10/01/2016,LCH,LA,ASW,CE,Combined TRACON& Tower with Radar,0,7,10,12,29,0,5,28,0,33,0,12,38,12,62,2,0,2,64
10/02/2016,LCH,LA,ASW,CE,Combined TRACON& Tower with Radar,0,13,9,6,28,0,2,14,0,16,0,15,23,6,44,32,0,32,76
10/03/2016,LCH,LA,ASW,CE,Combined TRACON& Tower with Radar,1,10,11,6,28,0,10,11,0,21,1,20,22,6,49,38,0,38,87
10/04/2016,LCH,LA,ASW,CE,Combined TRACON& Tower with Radar,0,10,10,2,22,0,12,14,0,26,0,22,24,2,48,0,0,0,48
10/05/2016,LCH,LA,ASW,CE,Combined TRACON& Tower with Radar,0,13,7,2,22,0,5,12,2,19,0,18,19,4,41,15,0,15,56
10/06/2016,LCH,LA,ASW,CE,Combined TRACON& Tower with Radar,0,16,17,4,37,0,9,20,0,29,0,25,37,4,66,25,0,25,91
10/07/2016,LCH,LA,ASW,CE,Combined TRACON& Tower with Radar,0,9,12,4,25,0,8,7,0,15,0,17,19,4,40,0,0,0,40
10/08/2016,LCH,LA,ASW,CE,Combined TRACON& Tower with Radar,0,7,7,10,24,0,6,32,0,38,0,13,39,10,62,0,0,0,62
10/09/2016,LCH,LA,ASW,CE,Combined TRACON& Tower with Radar,0,9,8,0,17,0,4,12,0,16,0,13,20,0,33,0,0,0,33
10/10/2016,LCH,LA,ASW,CE,Combined TRACON& Tower with Radar,0,8,5,2,15,0,5,16,0,21,0,13,21,2,36,22,0,22,58
10/11/2016,LCH,LA,ASW,CE,Combined TRACON& Tower with Radar,0,7,8,4,19,0,21,6,0,27,0,28,14,4,46,9,0,9,55
10/12/2016,LCH,LA,ASW,CE,Combined TRACON& Tower with Radar,0,12,12,10,34,0,16,25,1,42,0,28,37,11,76,30,0,30,106
10/13/2016,LCH,LA,ASW,CE,Combined TRACON& Tower with Radar,0,9,17,5,31,0,22,23,1,46,0,31,40,6,77,9,0,9,86
10/14/2016,LCH,LA,ASW,CE,Combined TRACON& Tower with Radar,0,9,22,4,35,0,19,22,0,41,0,28,44,4,76,30,0,30,106
10/15/2016,LCH,LA,ASW,CE,Combined TRACON& Tower with Radar,0,14,10,6,30,0,8,20,0,28,0,22,30,6,58,0,0,0,58
10/16/2016,LCH,LA,ASW,CE,Combined TRACON& Tower with Radar,0,21,23,7,51,0,5,7,4,16,0,26,30,11,67,0,0,0,67
10/17/2016,LCH,LA,ASW,CE,Combined TRACON& Tower with Radar,0,12,25,1,38,0,7,10,1,18,0,19,35,2,56,9,0,9,65
10/18/2016,LCH,LA,ASW,CE,Combined TRACON& Tower with Radar,0,11,16,2,29,0,15,14,0,29,0,26,30,2,58,20,1,21,79
10/19/2016,LCH,LA,ASW,CE,Combined TRACON& Tower with Radar,0,14,16,0,30,0,13,19,0,32,0,27,35,0,62,10,0,10,72
10/20/2016,LCH,LA,ASW,CE,Combined TRACON& Tower with Radar,2,13,31,0,46,0,7,5,0,12,2,20,36,0,58,8,0,8,66
10/21/2016,LCH,LA,ASW,CE,Combined TRACON& Tower with Radar,0,11,19,2,32,0,14,23,0,37,0,25,42,2,69,25,2,27,96
10/22/2016,LCH,LA,ASW,CE,Combined TRACON& Tower with Radar,0,8,12,6,26,0,6,21,0,27,0,14,33,6,53,26,0,26,79
10/23/2016,LCH,LA,ASW,CE,Combined TRACON& Tower with Radar,0,12,16,0,28,0,0,24,0,24,0,12,40,0,52,6,0,6,58
10/24/2016,LCH,LA,ASW,CE,Combined TRACON& Tower with Radar,1,10,11,9,31,0,12,17,0,29,1,22,28,9,60,36,0,36,96
10/25/2016,LCH,LA,ASW,CE,Combined TRACON& Tower with Radar,0,10,15,3,28,0,12,15,0,27,0,22,30,3,55,21,0,21,76
10/26/2016,LCH,LA,ASW,CE,Combined TRACON& Tower with Radar,0,16,11,5,32,0,23,9,0,32,0,39,20,5,64,8,0,8,72
10/27/2016,LCH,LA,ASW,CE,Combined TRACON& Tower with Radar,0,15,19,5,39,0,14,13,1,28,0,29,32,6,67,16,0,16,83
10/28/2016,LCH,LA,ASW,CE,Combined TRACON& Tower with Radar,0,15,12,14,41,0,14,22,0,36,0,29,34,14,77,7,0,7,84
10/29/2016,LCH,LA,ASW,CE,Combined TRACON& Tower with Radar,0,12,6,4,22,0,9,21,0,30,0,21,27,4,52,1,0,1,53
10/30/2016,LCH,LA,ASW,CE,Combined TRACON& Tower with Radar,0,7,6,14,27,0,4,11,0,15,0,11,17,14,42,12,0,12,54
10/31/2016,LCH,LA,ASW,CE,Combined TRACON& Tower with Radar,0,24,10,4,38,0,15,6,0,21,0,39,16,4,59,0,0,0,59
11/01/2016,LCH,LA,ASW,CE,Combined TRACON& Tower with Radar,0,10,24,4,38,0,14,6,0,20,0,24,30,4,58,38,0,38,96
11/02/2016,LCH,LA,ASW,CE,Combined TRACON& Tower with Radar,0,10,14,6,30,0,16,5,2,23,0,26,19,8,53,0,0,0,53
11/03/2016,LCH,LA,ASW,CE,Combined TRACON& Tower with Radar,0,8,17,10,35,0,11,14,0,25,0,19,31,10,60,3,0,3,63
11/04/2016,LCH,LA,ASW,CE,Combined TRACON& Tower with Radar,0,11,18,24,53,0,12,14,1,27,0,23,32,25,80,4,0,4,84
11/05/2016,LCH,LA,ASW,CE,Combined TRACON& Tower with Radar,0,7,4,0,11,0,12,8,2,22,0,19,12,2,33,0,0,0,33
11/06/2016,LCH,LA,ASW,CE,Combined TRACON& Tower with Radar,0,12,15,0,27,0,5,8,0,13,0,17,23,0,40,4,0,4,44
11/07/2016,LCH,LA,ASW,CE,Combined TRACON& Tower with Radar,0,15,13,2,30,0,5,0,0,5,0,20,13,2,35,10,0,10,45
11/08/2016,LCH,LA,ASW,CE,Combined TRACON& Tower with Radar,0,18,7,2,27,0,5,2,0,7,0,23,9,2,34,5,0,5,39
11/09/2016,LCH,LA,ASW,CE,Combined TRACON& Tower with Radar,0,9,14,22,45,0,10,14,0,24,0,19,28,22,69,6,0,6,75
11/10/2016,LCH,LA,ASW,CE,Combined TRACON& Tower with Radar,0,13,15,9,37,0,26,11,0,37,0,39,26,9,74,20,0,20,94
11/11/2016,LCH,LA,ASW,CE,Combined TRACON& Tower with Radar,0,10,22,0,32,0,3,13,0,16,0,13,35,0,48,10,0,10,58
11/12/2016,LCH,LA,ASW,CE,Combined TRACON& Tower with Radar,0,8,5,0,13,0,11,11,0,22,0,19,16,0,35,25,0,25,60
11/13/2016,LCH,LA,ASW,CE,Combined TRACON& Tower with Radar,0,9,14,6,29,0,5,14,0,19,0,14,28,6,48,1,0,1,49
11/14/2016,LCH,LA,ASW,CE,Combined TRACON& Tower with Radar,0,9,14,2,25,0,14,19,0,33,0,23,33,2,58,10,0,10,68
11/15/2016,LCH,LA,ASW,CE,Combined TRACON& Tower with Radar,0,9,19,8,36,0,14,17,0,31,0,23,36,8,67,14,0,14,81
11/16/2016,LCH,LA,ASW,CE,Combined TRACON& Tower with Radar,0,10,12,8,30,0,20,11,0,31,0,30,23,8,61,2,0,2,63
11/17/2016,LCH,LA,ASW,CE,Combined TRACON& Tower with Radar,0,16,17,2,35,0,16,18,0,34,0,32,35,2,69,4,0,4,73
11/18/2016,LCH,LA,ASW,CE,Combined TRACON& Tower with Radar,0,12,22,0,34,0,8,11,0,19,0,20,33,0,53,2,0,2,55
11/19/2016,LCH,LA,ASW,CE,Combined TRACON& Tower with Radar,0,16,13,4,33,0,3,12,0,15,0,19,25,4,48,4,0,4,52
11/20/2016,LCH,LA,ASW,CE,Combined TRACON& Tower with Radar,0,9,14,0,23,0,17,17,0,34,0,26,31,0,57,2,0,2,59
11/21/2016,LCH,LA,ASW,CE,Combined TRACON& Tower with Radar,0,17,16,1,34,0,16,19,0,35,0,33,35,1,69,12,0,12,81
11/22/2016,LCH,LA,ASW,CE,Combined TRACON& Tower with Radar,0,8,17,8,33,0,16,13,1,30,0,24,30,9,63,34,0,34,97
11/23/2016,LCH,LA,ASW,CE,Combined TRACON& Tower with Radar,0,15,11,0,26,0,4,10,0,14,0,19,21,0,40,4,0,4,44
11/24/2016,LCH,LA,ASW,CE,Combined TRACON& Tower with Radar,0,5,10,0,15,0,6,5,0,11,0,11,15,0,26,0,0,0,26
11/25/2016,LCH,LA,ASW,CE,Combined TRACON& Tower with Radar,0,11,3,0,14,0,15,16,0,31,0,26,19,0,45,3,0,3,48
11/26/2016,LCH,LA,ASW,CE,Combined TRACON& Tower with Radar,0,10,6,0,16,0,9,11,0,20,0,19,17,0,36,24,0,24,60
11/27/2016,LCH,LA,ASW,CE,Combined TRACON& Tower with Radar,0,8,23,0,31,0,5,14,0,19,0,13,37,0,50,2,0,2,52
11/28/2016,LCH,LA,ASW,CE,Combined TRACON& Tower with Radar,0,12,6,2,20,0,1,5,0,6,0,13,11,2,26,6,0,6,32
11/29/2016,LCH,LA,ASW,CE,Combined TRACON& Tower with Radar,0,12,13,2,27,0,1,5,1,7,0,13,18,3,34,2,0,2,36
11/30/2016,LCH,LA,ASW,CE,Combined TRACON& Tower with Radar,0,10,17,8,35,0,5,7,1,13,0,15,24,9,48,0,0,0,48
12/01/2016,LCH,LA,ASW,CE,Combined TRACON& Tower with Radar,0,16,27,4,47,0,19,20,0,39,0,35,47,4,86,22,0,22,108
12/02/2016,LCH,LA,ASW,CE,Combined TRACON& Tower with Radar,0,10,14,10,34,0,14,13,1,28,0,24,27,11,62,0,0,0,62
12/03/2016,LCH,LA,ASW,CE,Combined TRACON& Tower with Radar,0,4,3,0,7,0,0,1,0,1,0,4,4,0,8,0,0,0,8
12/04/2016,LCH,LA,ASW,CE,Combined TRACON& Tower with Radar,0,20,7,0,27,0,0,0,0,0,0,20,7,0,27,0,0,0,27
12/05/2016,LCH,LA,ASW,CE,Combined TRACON& Tower with Radar,0,10,15,0,25,0,0,0,0,0,0,10,15,0,25,0,0,0,25
12/06/2016,LCH,LA,ASW,CE,Combined TRACON& Tower with Radar,0,13,17,2,32,0,11,12,0,23,0,24,29,2,55,12,0,12,67
12/07/2016,LCH,LA,ASW,CE,Combined TRACON& Tower with Radar,0,15,24,2,41,0,5,1,0,6,0,20,25,2,47,0,0,0,47
12/08/2016,LCH,LA,ASW,CE,Combined TRACON& Tower with Radar,0,13,6,0,19,0,2,4,0,6,0,15,10,0,25,0,0,0,25
12/09/2016,LCH,LA,ASW,CE,Combined TRACON& Tower with Radar,0,10,20,5,35,0,1,9,0,10,0,11,29,5,45,10,0,10,55
12/10/2016,LCH,LA,ASW,CE,Combined TRACON& Tower with Radar,0,14,13,13,40,0,10,4,0,14,0,24,17,13,54,15,0,15,69
12/11/2016,LCH,LA,ASW,CE,Combined TRACON& Tower with Radar,0,7,10,13,30,0,4,1,0,5,0,11,11,13,35,2,0,2,37
12/12/2016,LCH,LA,ASW,CE,Combined TRACON& Tower with Radar,0,9,13,0,22,0,5,0,0,5,0,14,13,0,27,0,0,0,27
12/13/2016,LCH,LA,ASW,CE,Combined TRACON& Tower with Radar,0,12,14,0,26,0,0,5,0,5,0,12,19,0,31,3,0,3,34
12/14/2016,LCH,LA,ASW,CE,Combined TRACON& Tower with Radar,0,14,10,2,26,0,1,12,0,13,0,15,22,2,39,6,0,6,45
12/15/2016,LCH,LA,ASW,CE,Combined TRACON& Tower with Radar,0,13,17,4,34,0,12,21,1,34,0,25,38,5,68,36,0,36,104
12/16/2016,LCH,LA,ASW,CE,Combined TRACON& Tower with Radar,0,10,21,3,34,0,14,10,0,24,0,24,31,3,58,16,0,16,74
12/17/2016,LCH,LA,ASW,CE,Combined TRACON& Tower with Radar,0,7,9,0,16,0,11,0,0,11,0,18,9,0,27,6,0,6,33
12/18/2016,LCH,LA,ASW,CE,Combined TRACON& Tower with Radar,0,9,7,1,17,0,6,0,1,7,0,15,7,2,24,8,0,8,32
12/19/2016,LCH,LA,ASW,CE,Combined TRACON& Tower with Radar,0,8,18,4,30,0,11,11,0,22,0,19,29,4,52,15,0,15,67
12/20/2016,LCH,LA,ASW,CE,Combined TRACON& Tower with Radar,0,9,13,1,23,0,13,18,0,31,0,22,31,1,54,33,11,44,98
12/21/2016,LCH,LA,ASW,CE,Combined TRACON& Tower with Radar,0,6,1,0,7,0,11,13,0,24,0,17,14,0,31,0,0,0,31
12/22/2016,LCH,LA,ASW,CE,Combined TRACON& Tower with Radar,0,9,16,0,25,0,9,13,0,22,0,18,29,0,47,9,0,9,56
12/23/2016,LCH,LA,ASW,CE,Combined TRACON& Tower with Radar,0,10,0,0,10,0,2,0,0,2,0,12,0,0,12,0,0,0,12
12/24/2016,LCH,LA,ASW,CE,Combined TRACON& Tower with Radar,0,8,3,0,11,0,5,2,0,7,0,13,5,0,18,0,0,0,18
12/25/2016,LCH,LA,ASW,CE,Combined TRACON& Tower with Radar,0,6,6,0,12,0,1,0,0,1,0,7,6,0,13,1,0,1,14
12/26/2016,LCH,LA,ASW,CE,Combined TRACON& Tower with Radar,0,11,9,0,20,0,3,0,0,3,0,14,9,0,23,0,0,0,23
12/27/2016,LCH,LA,ASW,CE,Combined TRACON& Tower with Radar,0,9,8,0,17,0,2,5,0,7,0,11,13,0,24,5,0,5,29
12/28/2016,LCH,LA,ASW,CE,Combined TRACON& Tower with Radar,0,12,5,2,19,0,0,0,0,0,0,12,5,2,19,6,0,6,25
12/29/2016,LCH,LA,ASW,CE,Combined TRACON& Tower with Radar,0,11,7,0,18,0,13,19,0,32,0,24,26,0,50,10,0,10,60
12/30/2016,LCH,LA,ASW,CE,Combined TRACON& Tower with Radar,0,7,17,0,24,0,11,22,0,33,0,18,39,0,57,33,0,33,90
12/31/2016,LCH,LA,ASW,CE,Combined TRACON& Tower with Radar,0,8,4,0,12,0,2,0,0,2,0,10,4,0,14,0,0,0,14
01/01/2017,LCH,LA,ASW,CE,Combined TRACON& Tower with Radar,0,6,17,0,23,0,0,0,0,0,0,6,17,0,23,0,0,0,23
01/02/2017,LCH,LA,ASW,CE,Combined TRACON& Tower with Radar,0,14,19,0,33,0,5,13,0,18,0,19,32,0,51,0,0,0,51
01/03/2017,LCH,LA,ASW,CE,Combined TRACON& Tower with Radar,0,9,10,0,19,0,20,15,0,35,0,29,25,0,54,35,0,35,89
01/04/2017,LCH,LA,ASW,CE,Combined TRACON& Tower with Radar,0,11,13,6,30,0,14,8,0,22,0,25,21,6,52,0,0,0,52
01/05/2017,LCH,LA,ASW,CE,Combined TRACON& Tower with Radar,0,16,16,10,42,0,16,7,0,23,0,32,23,10,65,18,0,18,83
01/06/2017,LCH,LA,ASW,CE,Combined TRACON& Tower with Radar,0,11,16,0,27,0,4,2,0,6,0,15,18,0,33,8,0,8,41
01/07/2017,LCH,LA,ASW,CE,Combined TRACON& Tower with Radar,0,8,9,8,25,0,8,8,0,16,0,16,17,8,41,2,0,2,43
01/08/2017,LCH,LA,ASW,CE,Combined TRACON& Tower with Radar,0,21,12,0,33,0,9,22,1,32,0,30,34,1,65,12,0,12,77
01/09/2017,LCH,LA,ASW,CE,Combined TRACON& Tower with Radar,0,10,14,0,24,0,16,13,0,29,0,26,27,0,53,2,0,2,55
01/10/2017,LCH,LA,ASW,CE,Combined TRACON& Tower with Radar,0,17,15,4,36,0,19,4,0,23,0,36,19,4,59,14,0,14,73
01/11/2017,LCH,LA,ASW,CE,Combined TRACON& Tower with Radar,0,11,5,5,21,0,18,13,0,31,0,29,18,5,52,8,0,8,60
01/12/2017,LCH,LA,ASW,CE,Combined TRACON& Tower with Radar,0,13,17,2,32,0,4,16,0,20,0,17,33,2,52,6,0,6,58
01/13/2017,LCH,LA,ASW,CE,Combined TRACON& Tower with Radar,0,10,19,2,31,0,0,10,0,10,0,10,29,2,41,0,0,0,41
01/14/2017,LCH,LA,ASW,CE,Combined TRACON& Tower with Radar,0,6,9,0,15,0,5,4,0,9,0,11,13,0,24,14,0,14,38
01/15/2017,LCH,LA,ASW,CE,Combined TRACON& Tower with Radar,0,8,9,4,21,0,5,6,0,11,0,13,15,4,32,11,0,11,43
01/16/2017,LCH,LA,ASW,CE,Combined TRACON& Tower with Radar,0,13,21,1,35,0,7,2,0,9,0,20,23,1,44,16,0,16,60
01/17/2017,LCH,LA,ASW,CE,Combined TRACON& Tower with Radar,0,10,20,0,30,0,3,3,0,6,0,13,23,0,36,12,0,12,48
01/18/2017,LCH,LA,ASW,CE,Combined TRACON& Tower with Radar,0,13,17,0,30,0,2,0,0,2,0,15,17,0,32,0,0,0,32
01/19/2017,LCH,LA,ASW,CE,Combined TRACON& Tower with Radar,0,12,9,0,21,0,5,1,0,6,0,17,10,0,27,2,0,2,29
01/20/2017,LCH,LA,ASW,CE,Combined TRACON& Tower with Radar,0,16,19,3,38,0,7,14,0,21,0,23,33,3,59,8,0,8,67
01/21/2017,LCH,LA,ASW,CE,Combined TRACON& Tower with Radar,0,9,8,4,21,0,2,2,0,4,0,11,10,4,25,4,0,4,29
01/22/2017,LCH,LA,ASW,CE,Combined TRACON& Tower with Radar,0,9,8,0,17,0,7,3,0,10,0,16,11,0,27,2,0,2,29
01/23/2017,LCH,LA,ASW,CE,Combined TRACON& Tower with Radar,0,10,12,4,26,0,17,19,0,36,0,27,31,4,62,39,2,41,103
01/24/2017,LCH,LA,ASW,CE,Combined TRACON& Tower with Radar,0,9,6,6,21,0,12,10,0,22,0,21,16,6,43,25,0,25,68
01/25/2017,LCH,LA,ASW,CE,Combined TRACON& Tower with Radar,0,9,9,3,21,0,12,11,2,25,0,21,20,5,46,0,0,0,46
01/26/2017,LCH,LA,ASW,CE,Combined TRACON& Tower with Radar,0,12,16,6,34,0,5,18,0,23,0,17,34,6,57,21,0,21,78
01/27/2017,LCH,LA,ASW,CE,Combined TRACON& Tower with Radar,0,14,5,2,21,0,11,11,2,24,0,25,16,4,45,2,0,2,47
01/28/2017,LCH,LA,ASW,CE,Combined TRACON& Tower with Radar,0,10,8,3,21,0,7,12,0,19,0,17,20,3,40,31,0,31,71
01/29/2017,LCH,LA,ASW,CE,Combined TRACON& Tower with Radar,0,10,15,2,27,0,6,20,0,26,0,16,35,2,53,18,0,18,71
01/30/2017,LCH,LA,ASW,CE,Combined TRACON& Tower with Radar,0,9,10,0,19,0,22,27,0,49,0,31,37,0,68,0,0,0,68
01/31/2017,LCH,LA,ASW,CE,Combined TRACON& Tower with Radar,0,8,9,6,23,0,12,14,0,26,0,20,23,6,49,9,0,9,58
02/01/2017,LCH,LA,ASW,CE,Combined TRACON& Tower with Radar,0,14,16,0,30,0,17,9,0,26,0,31,25,0,56,0,0,0,56
02/02/2017,LCH,LA,ASW,CE,Combined TRACON& Tower with Radar,0,12,15,6,33,0,6,11,0,17,0,18,26,6,50,3,0,3,53
02/03/2017,LCH,LA,ASW,CE,Combined TRACON& Tower with Radar,0,12,18,0,30,0,3,7,0,10,0,15,25,0,40,0,0,0,40
02/04/2017,LCH,LA,ASW,CE,Combined TRACON& Tower with Radar,0,10,26,0,36,0,13,30,0,43,0,23,56,0,79,10,0,10,89
02/05/2017,LCH,LA,ASW,CE,Combined TRACON& Tower with Radar,0,8,2,0,10,0,3,3,1,7,0,11,5,1,17,0,0,0,17
02/06/2017,LCH,LA,ASW,CE,Combined TRACON& Tower with Radar,0,15,18,0,33,0,4,1,0,5,0,19,19,0,38,10,0,10,48
02/07/2017,LCH,LA,ASW,CE,Combined TRACON& Tower with Radar,0,11,17,0,28,0,7,2,0,9,0,18,19,0,37,0,0,0,37
02/08/2017,LCH,LA,ASW,CE,Combined TRACON& Tower with Radar,0,16,10,7,33,0,11,8,0,19,0,27,18,7,52,10,0,10,62
02/09/2017,LCH,LA,ASW,CE,Combined TRACON& Tower with Radar,0,10,18,2,30,0,8,14,0,22,0,18,32,2,52,34,0,34,86
02/10/2017,LCH,LA,ASW,CE,Combined TRACON& Tower with Radar,0,12,16,2,30,0,11,6,0,17,0,23,22,2,47,0,0,0,47
02/11/2017,LCH,LA,ASW,CE,Combined TRACON& Tower with Radar,0,12,15,0,27,0,2,0,0,2,0,14,15,0,29,2,0,2,31
02/12/2017,LCH,LA,ASW,CE,Combined TRACON& Tower with Radar,0,14,9,6,29,0,4,10,0,14,0,18,19,6,43,6,0,6,49
02/13/2017,LCH,LA,ASW,CE,Combined TRACON& Tower with Radar,0,14,11,4,29,0,2,9,0,11,0,16,20,4,40,6,0,6,46
02/14/2017,LCH,LA,ASW,CE,Combined TRACON& Tower with Radar,0,7,5,0,12,0,5,1,0,6,0,12,6,0,18,12,0,12,30
02/15/2017,LCH,LA,ASW,CE,Combined TRACON& Tower with Radar,0,19,10,5,34,0,22,7,0,29,0,41,17,5,63,0,0,0,63
02/16/2017,LCH,LA,ASW,CE,Combined TRACON& Tower with Radar,0,9,16,4,29,0,15,24,0,39,0,24,40,4,68,18,0,18,86
02/17/2017,LCH,LA,ASW,CE,Combined TRACON& Tower with Radar,0,11,6,0,17,0,2,0,0,2,0,13,6,0,19,2,0,2,21
02/18/2017,LCH,LA,ASW,CE,Combined TRACON& Tower with Radar,0,7,24,0,31,0,2,18,0,20,0,9,42,0,51,29,0,29,80
02/19/2017,LCH,LA,ASW,CE,Combined TRACON& Tower with Radar,0,9,7,0,16,0,5,12,0,17,0,14,19,0,33,32,0,32,65
02/20/2017,LCH,LA,ASW,CE,Combined TRACON& Tower with Radar,0,12,3,0,15,0,1,0,0,1,0,13,3,0,16,6,0,6,22
02/21/2017,LCH,LA,ASW,CE,Combined TRACON& Tower with Radar,0,12,18,0,30,0,8,10,0,18,0,20,28,0,48,0,0,0,48
02/22/2017,LCH,LA,ASW,CE,Combined TRACON& Tower with Radar,0,11,17,2,30,0,17,11,0,28,0,28,28,2,58,44,0,44,102
02/23/2017,LCH,LA,ASW,CE,Combined TRACON& Tower with Radar,0,11,17,4,32,0,20,13,0,33,0,31,30,4,65,40,0,40,105
02/24/2017,LCH,LA,ASW,CE,Combined TRACON& Tower with Radar,0,8,20,2,30,0,30,21,0,51,0,38,41,2,81,28,0,28,109
02/25/2017,LCH,LA,ASW,CE,Combined TRACON& Tower with Radar,0,6,13,7,26,0,8,19,0,27,0,14,32,7,53,36,0,36,89
02/26/2017,LCH,LA,ASW,CE,Combined TRACON& Tower with Radar,0,16,10,0,26,0,9,23,1,33,0,25,33,1,59,8,0,8,67
02/27/2017,LCH,LA,ASW,CE,Combined TRACON& Tower with Radar,0,12,3,0,15,0,0,3,0,3,0,12,6,0,18,24,0,24,42
02/28/2017,LCH,LA,ASW,CE,Combined TRACON& Tower with Radar,0,16,6,8,30,0,4,6,0,10,0,20,12,8,40,6,0,6,46
03/01/2017,LCH,LA,ASW,CE,Combined TRACON& Tower with Radar,0,13,13,4,30,0,3,8,0,11,0,16,21,4,41,8,0,8,49
03/02/2017,LCH,LA,ASW,CE,Combined TRACON& Tower with Radar,0,11,8,6,25,0,11,18,0,29,0,22,26,6,54,7,0,7,61
03/03/2017,LCH,LA,ASW,CE,Combined TRACON& Tower with Radar,0,9,5,0,14,0,14,31,0,45,0,23,36,0,59,5,0,5,64
03/04/2017,LCH,LA,ASW,CE,Combined TRACON& Tower with Radar,0,9,6,0,15,0,10,1,0,11,0,19,7,0,26,4,0,4,30
03/05/2017,LCH,LA,ASW,CE,Combined TRACON& Tower with Radar,0,10,9,0,19,0,7,1,0,8,0,17,10,0,27,1,0,1,28
03/06/2017,LCH,LA,ASW,CE,Combined TRACON& Tower with Radar,0,10,5,0,15,0,17,0,0,17,0,27,5,0,32,29,0,29,61
03/07/2017,LCH,LA,ASW,CE,Combined TRACON& Tower with Radar,0,9,6,0,15,0,4,1,0,5,0,13,7,0,20,0,0,0,20
03/08/2017,LCH,LA,ASW,CE,Combined TRACON& Tower with Radar,0,11,10,1,22,0,12,17,0,29,0,23,27,1,51,6,0,6,57
03/09/2017,LCH,LA,ASW,CE,Combined TRACON& Tower with Radar,0,12,15,4,31,0,7,10,2,19,0,19,25,6,50,12,0,12,62
03/10/2017,LCH,LA,ASW,CE,Combined TRACON& Tower with Radar,0,28,14,5,47,0,5,11,0,16,0,33,25,5,63,44,0,44,107
03/11/2017,LCH,LA,ASW,CE,Combined TRACON& Tower with Radar,0,7,3,0,10,0,0,1,0,1,0,7,4,0,11,0,0,0,11
03/12/2017,LCH,LA,ASW,CE,Combined TRACON& Tower with Radar,0,16,12,3,31,0,2,8,0,10,0,18,20,3,41,12,0,12,53
03/13/2017,LCH,LA,ASW,CE,Combined TRACON& Tower with Radar,0,16,11,2,29,0,25,11,0,36,0,41,22,2,65,18,0,18,83
03/14/2017,LCH,LA,ASW,CE,Combined TRACON& Tower with Radar,0,10,7,0,17,0,23,15,0,38,0,33,22,0,55,62,0,62,117
03/15/2017,LCH,LA,ASW,CE,Combined TRACON& Tower with Radar,0,10,16,2,28,0,22,15,0,37,0,32,31,2,65,16,0,16,81
03/16/2017,LCH,LA,ASW,CE,Combined TRACON& Tower with Radar,0,10,10,0,20,0,23,14,0,37,0,33,24,0,57,33,0,33,90
03/17/2017,LCH,LA,ASW,CE,Combined TRACON& Tower with Radar,0,13,9,2,24,0,21,10,0,31,0,34,19,2,55,10,0,10,65
03/18/2017,LCH,LA,ASW,CE,Combined TRACON& Tower with Radar,0,11,3,6,20,0,6,21,1,28,0,17,24,7,48,7,0,7,55
03/19/2017,LCH,LA,ASW,CE,Combined TRACON& Tower with Radar,0,12,9,0,21,0,12,14,2,28,0,24,23,2,49,4,0,4,53
03/20/2017,LCH,LA,ASW,CE,Combined TRACON& Tower with Radar,0,14,13,4,31,0,22,13,2,37,0,36,26,6,68,22,0,22,90
03/21/2017,LCH,LA,ASW,CE,Combined TRACON& Tower with Radar,0,11,11,2,24,0,11,16,0,27,0,22,27,2,51,0,0,0,51
03/22/2017,LCH,LA,ASW,CE,Combined TRACON& Tower with Radar,0,12,10,2,24,0,9,23,0,32,0,21,33,2,56,18,0,18,74
03/23/2017,LCH,LA,ASW,CE,Combined TRACON& Tower with Radar,0,13,22,2,37,0,4,15,0,19,0,17,37,2,56,2,0,2,58
03/24/2017,LCH,LA,ASW,CE,Combined TRACON& Tower with Radar,0,14,21,8,43,0,7,4,0,11,0,21,25,8,54,0,0,0,54
03/25/2017,LCH,LA,ASW,CE,Combined TRACON& Tower with Radar,0,5,2,4,11,0,6,4,0,10,0,11,6,4,21,2,0,2,23
03/26/2017,LCH,LA,ASW,CE,Combined TRACON& Tower with Radar,0,9,13,4,26,0,4,8,0,12,0,13,21,4,38,0,0,0,38
03/27/2017,LCH,LA,ASW,CE,Combined TRACON& Tower with Radar,0,13,11,0,24,0,20,3,0,23,0,33,14,0,47,6,0,6,53
03/28/2017,LCH,LA,ASW,CE,Combined TRACON& Tower with Radar,0,9,11,2,22,0,18,21,0,39,0,27,32,2,61,3,0,3,64
03/29/2017,LCH,LA,ASW,CE,Combined TRACON& Tower with Radar,0,7,3,0,10,0,9,1,4,14,0,16,4,4,24,0,0,0,24
03/30/2017,LCH,LA,ASW,CE,Combined TRACON& Tower with Radar,0,9,11,6,26,0,6,18,3,27,0,15,29,9,53,6,8,14,67
03/31/2017,LCH,LA,ASW,CE,Combined TRACON& Tower with Radar,0,14,9,2,25,0,13,26,0,39,0,27,35,2,64,21,0,21,85
04/01/2017,LCH,LA,ASW,CE,Combined TRACON& Tower with Radar,0,11,8,2,21,0,14,14,0,28,0,25,22,2,49,4,0,4,53
04/02/2017,LCH,LA,ASW,CE,Combined TRACON& Tower with Radar,0,4,3,0,7,0,0,0,0,0,0,4,3,0,7,0,0,0,7
04/03/2017,LCH,LA,ASW,CE,Combined TRACON& Tower with Radar,0,13,6,11,30,0,16,17,0,33,0,29,23,11,63,16,14,30,93
04/04/2017,LCH,LA,ASW,CE,Combined TRACON& Tower with Radar,2,6,9,4,21,0,18,15,0,33,2,24,24,4,54,2,0,2,56
04/05/2017,LCH,LA,ASW,CE,Combined TRACON& Tower with Radar,2,6,9,1,18,0,9,8,0,17,2,15,17,1,35,4,0,4,39
04/06/2017,LCH,LA,ASW,CE,Combined TRACON& Tower with Radar,3,9,12,2,26,0,13,28,1,42,3,22,40,3,68,18,0,18,86
04/07/2017,LCH,LA,ASW,CE,Combined TRACON& Tower with Radar,4,7,7,7,25,0,19,26,0,45,4,26,33,7,70,11,0,11,81
04/08/2017,LCH,LA,ASW,CE,Combined TRACON& Tower with Radar,4,3,14,2,23,0,6,17,0,23,4,9,31,2,46,24,0,24,70
04/09/2017,LCH,LA,ASW,CE,Combined TRACON& Tower with Radar,4,6,14,0,24,0,4,11,0,15,4,10,25,0,39,2,0,2,41
04/10/2017,LCH,LA,ASW,CE,Combined TRACON& Tower with Radar,3,5,6,0,14,0,20,7,0,27,3,25,13,0,41,30,0,30,71
04/11/2017,LCH,LA,ASW,CE,Combined TRACON& Tower with Radar,4,7,1,0,12,0,1,4,0,5,4,8,5,0,17,4,0,4,21
04/12/2017,LCH,LA,ASW,CE,Combined TRACON& Tower with Radar,4,3,17,4,28,0,14,9,0,23,4,17,26,4,51,4,0,4,55
04/13/2017,LCH,LA,ASW,CE,Combined TRACON& Tower with Radar,4,9,8,0,21,0,8,14,0,22,4,17,22,0,43,14,0,14,57
04/14/2017,LCH,LA,ASW,CE,Combined TRACON& Tower with Radar,4,6,15,6,31,0,12,17,1,30,4,18,32,7,61,14,0,14,75
04/15/2017,LCH,LA,ASW,CE,Combined TRACON& Tower with Radar,4,1,8,0,13,0,0,9,0,9,4,1,17,0,22,4,0,4,26
04/16/2017,LCH,LA,ASW,CE,Combined TRACON& Tower with Radar,4,5,9,0,18,0,2,10,0,12,4,7,19,0,30,0,0,0,30
04/17/2017,LCH,LA,ASW,CE,Combined TRACON& Tower with Radar,5,13,13,0,31,0,13,7,0,20,5,26,20,0,51,0,0,0,51
04/18/2017,LCH,LA,ASW,CE,Combined TRACON& Tower with Radar,4,4,9,0,17,0,8,6,0,14,4,12,15,0,31,28,0,28,59
04/19/2017,LCH,LA,ASW,CE,Combined TRACON& Tower with Radar,4,3,21,0,28,0,17,12,0,29,4,20,33,0,57,10,0,10,67
04/20/2017,LCH,LA,ASW,CE,Combined TRACON& Tower with Radar,4,7,13,1,25,0,14,22,3,39,4,21,35,4,64,16,0,16,80
04/21/2017,LCH,LA,ASW,CE,Combined TRACON& Tower with Radar,4,12,23,7,46,0,14,14,0,28,4,26,37,7,74,0,0,0,74
04/22/2017,LCH,LA,ASW,CE,Combined TRACON& Tower with Radar,3,1,9,8,21,0,3,11,0,14,3,4,20,8,35,0,0,0,35
04/23/2017,LCH,LA,ASW,CE,Combined TRACON& Tower with Radar,4,6,20,0,30,0,0,10,0,10,4,6,30,0,40,0,0,0,40
04/24/2017,LCH,LA,ASW,CE,Combined TRACON& Tower with Radar,4,4,15,4,27,0,17,21,1,39,4,21,36,5,66,81,0,81,147
04/25/2017,LCH,LA,ASW,CE,Combined TRACON& Tower with Radar,4,4,8,3,19,0,17,14,0,31,4,21,22,3,50,24,0,24,74
04/26/2017,LCH,LA,ASW,CE,Combined TRACON& Tower with Radar,3,3,12,0,18,0,7,5,0,12,3,10,17,0,30,32,0,32,62
04/27/2017,LCH,LA,ASW,CE,Combined TRACON& Tower with Radar,4,7,15,0,26,0,14,22,0,36,4,21,37,0,62,26,0,26,88
04/28/2017,LCH,LA,ASW,CE,Combined TRACON& Tower with Radar,4,10,21,2,37,0,5,3,0,8,4,15,24,2,45,6,0,6,51
04/29/2017,LCH,LA,ASW,CE,Combined TRACON& Tower with Radar,4,5,5,0,14,0,1,1,0,2,4,6,6,0,16,1,0,1,17
04/30/2017,LCH,LA,ASW,CE,Combined TRACON& Tower with Radar,5,5,20,0,30,0,6,8,0,14,5,11,28,0,44,12,0,12,56
05/01/2017,LCH,LA,ASW,CE,Combined TRACON& Tower with Radar,4,6,4,2,16,0,19,14,1,34,4,25,18,3,50,17,0,17,67
05/02/2017,LCH,LA,ASW,CE,Combined TRACON& Tower with Radar,4,3,11,0,18,0,18,17,0,35,4,21,28,0,53,4,0,4,57
05/03/2017,LCH,LA,ASW,CE,Combined TRACON& Tower with Radar,3,4,2,0,9,0,0,0,0,0,3,4,2,0,9,0,0,0,9
05/04/2017,LCH,LA,ASW,CE,Combined TRACON& Tower with Radar,4,7,19,1,31,0,19,9,0,28,4,26,28,1,59,3,0,3,62
05/05/2017,LCH,LA,ASW,CE,Combined TRACON& Tower with Radar,4,10,9,16,39,0,15,27,0,42,4,25,36,16,81,17,0,17,98
05/06/2017,LCH,LA,ASW,CE,Combined TRACON& Tower with Radar,4,6,6,2,18,0,14,12,1,27,4,20,18,3,45,7,0,7,52
05/07/2017,LCH,LA,ASW,CE,Combined TRACON& Tower with Radar,3,5,13,3,24,0,5,15,0,20,3,10,28,3,44,1,0,1,45
05/08/2017,LCH,LA,ASW,CE,Combined TRACON& Tower with Radar,3,11,12,9,35,0,14,17,0,31,3,25,29,9,66,5,0,5,71
05/09/2017,LCH,LA,ASW,CE,Combined TRACON& Tower with Radar,4,6,12,2,24,0,24,15,0,39,4,30,27,2,63,12,0,12,75
05/10/2017,LCH,LA,ASW,CE,Combined TRACON& Tower with Radar,4,11,17,6,38,0,29,9,0,38,4,40,26,6,76,8,0,8,84
05/11/2017,LCH,LA,ASW,CE,Combined TRACON& Tower with Radar,3,9,12,0,24,0,14,13,0,27,3,23,25,0,51,14,0,14,65
05/12/2017,LCH,LA,ASW,CE,Combined TRACON& Tower with Radar,3,7,10,2,22,0,8,10,0,18,3,15,20,2,40,1,0,1,41
05/13/2017,LCH,LA,ASW,CE,Combined TRACON& Tower with Radar,4,2,7,0,13,0,9,16,0,25,4,11,23,0,38,5,0,5,43
05/14/2017,LCH,LA,ASW,CE,Combined TRACON& Tower with Radar,4,6,6,4,20,0,9,8,0,17,4,15,14,4,37,0,0,0,37
05/15/2017,LCH,LA,ASW,CE,Combined TRACON& Tower with Radar,4,6,10,2,22,0,13,8,0,21,4,19,18,2,43,2,0,2,45
05/16/2017,LCH,LA,ASW,CE,Combined TRACON& Tower with Radar,4,14,15,0,33,0,20,5,0,25,4,34,20,0,58,18,2,20,78
05/17/2017,LCH,LA,ASW,CE,Combined TRACON& Tower with Radar,4,8,14,6,32,0,14,8,0,22,4,22,22,6,54,1,0,1,55
05/18/2017,LCH,LA,ASW,CE,Combined TRACON& Tower with Radar,4,5,10,0,19,0,10,3,0,13,4,15,13,0,32,0,0,0,32
05/19/2017,LCH,LA,ASW,CE,Combined TRACON& Tower with Radar,3,6,16,5,30,0,12,4,0,16,3,18,20,5,46,3,0,3,49
05/20/2017,LCH,LA,ASW,CE,Combined TRACON& Tower with Radar,4,2,8,2,16,0,4,5,0,9,4,6,13,2,25,8,0,8,33
05/21/2017,LCH,LA,ASW,CE,Combined TRACON& Tower with Radar,1,1,1,0,3,0,0,0,0,0,1,1,1,0,3,1,0,1,4
05/22/2017,LCH,LA,ASW,CE,Combined TRACON& Tower with Radar,4,10,0,0,14,0,1,0,0,1,4,11,0,0,15,0,0,0,15
05/23/2017,LCH,LA,ASW,CE,Combined TRACON& Tower with Radar,4,12,7,0,23,0,8,17,0,25,4,20,24,0,48,14,0,14,62
05/24/2017,LCH,LA,ASW,CE,Combined TRACON& Tower with Radar,4,6,10,1,21,0,15,11,0,26,4,21,21,1,47,10,0,10,57
05/25/2017,LCH,LA,ASW,CE,Combined TRACON& Tower with Radar,4,8,16,6,34,0,16,14,0,30,4,24,30,6,64,0,0,0,64
05/26/2017,LCH,LA,ASW,CE,Combined TRACON& Tower with Radar,4,9,7,0,20,0,16,13,0,29,4,25,20,0,49,16,0,16,65
05/27/2017,LCH,LA,ASW,CE,Combined TRACON& Tower with Radar,4,6,14,0,24,0,5,4,0,9,4,11,18,0,33,0,0,0,33
05/28/2017,LCH,LA,ASW,CE,Combined TRACON& Tower with Radar,3,9,9,0,21,0,0,3,0,3,3,9,12,0,24,1,3,4,28
05/29/2017,LCH,LA,ASW,CE,Combined TRACON& Tower with Radar,3,7,17,0,27,0,6,11,0,17,3,13,28,0,44,32,0,32,76
05/30/2017,LCH,LA,ASW,CE,Combined TRACON& Tower with Radar,4,9,12,0,25,0,4,3,0,7,4,13,15,0,32,0,0,0,32
05/31/2017,LCH,LA,ASW,CE,Combined TRACON& Tower with Radar,4,16,10,0,30,0,20,10,0,30,4,36,20,0,60,4,0,4,64
06/01/2017,LCH,LA,ASW,CE,Combined TRACON& Tower with Radar,7,8,5,0,20,0,6,5,0,11,7,14,10,0,31,0,0,0,31
06/02/2017,LCH,LA,ASW,CE,Combined TRACON& Tower with Radar,1,11,8,4,24,0,14,3,0,17,1,25,11,4,41,53,0,53,94
06/03/2017,LCH,LA,ASW,CE,Combined TRACON& Tower with Radar,0,19,10,0,29,0,5,1,0,6,0,24,11,0,35,18,0,18,53
06/04/2017,LCH,LA,ASW,CE,Combined TRACON& Tower with Radar,0,9,6,0,15,0,3,2,0,5,0,12,8,0,20,0,0,0,20
06/05/2017,LCH,LA,ASW,CE,Combined TRACON& Tower with Radar,0,10,4,0,14,0,10,1,0,11,0,20,5,0,25,16,0,16,41
06/06/2017,LCH,LA,ASW,CE,Combined TRACON& Tower with Radar,0,11,10,0,21,0,15,5,0,20,0,26,15,0,41,4,0,4,45
06/07/2017,LCH,LA,ASW,CE,Combined TRACON& Tower with Radar,0,15,9,0,24,0,19,25,2,46,0,34,34,2,70,26,0,26,96
06/08/2017,LCH,LA,ASW,CE,Combined TRACON& Tower with Radar,0,10,20,0,30,0,12,13,0,25,0,22,33,0,55,25,0,25,80
06/09/2017,LCH,LA,ASW,CE,Combined TRACON& Tower with Radar,0,16,18,4,38,0,14,22,0,36,0,30,40,4,74,16,0,16,90
06/10/2017,LCH,LA,ASW,CE,Combined TRACON& Tower with Radar,0,13,8,4,25,0,8,20,2,30,0,21,28,6,55,19,0,19,74
06/11/2017,LCH,LA,ASW,CE,Combined TRACON& Tower with Radar,0,14,20,3,37,0,8,8,1,17,0,22,28,4,54,3,10,13,67
06/12/2017,LCH,LA,ASW,CE,Combined TRACON& Tower with Radar,0,9,9,0,18,0,4,1,0,5,0,13,10,0,23,14,0,14,37
06/13/2017,LCH,LA,ASW,CE,Combined TRACON& Tower with Radar,0,10,7,0,17,0,16,7,0,23,0,26,14,0,40,1,0,1,41
06/14/2017,LCH,LA,ASW,CE,Combined TRACON& Tower with Radar,0,12,14,0,26,0,15,15,0,30,0,27,29,0,56,2,0,2,58
06/15/2017,LCH,LA,ASW,CE,Combined TRACON& Tower with Radar,0,10,18,0,28,0,9,8,0,17,0,19,26,0,45,14,0,14,59
06/16/2017,LCH,LA,ASW,CE,Combined TRACON& Tower with Radar,0,10,17,4,31,0,10,16,0,26,0,20,33,4,57,14,0,14,71
06/17/2017,LCH,LA,ASW,CE,Combined TRACON& Tower with Radar,0,9,13,9,31,0,3,14,0,17,0,12,27,9,48,24,0,24,72
06/18/2017,LCH,LA,ASW,CE,Combined TRACON& Tower with Radar,0,9,7,0,16,0,12,10,0,22,0,21,17,0,38,2,0,2,40
06/19/2017,LCH,LA,ASW,CE,Combined TRACON& Tower with Radar,0,8,11,2,21,0,23,2,0,25,0,31,13,2,46,2,0,2,48
06/20/2017,LCH,LA,ASW,CE,Combined TRACON& Tower with Radar,0,10,5,0,15,0,3,7,0,10,0,13,12,0,25,4,0,4,29
06/21/2017,LCH,LA,ASW,CE,Combined TRACON& Tower with Radar,0,5,4,0,9,0,5,0,0,5,0,10,4,0,14,0,0,0,14
06/22/2017,LCH,LA,ASW,CE,Combined TRACON& Tower with Radar,0,9,2,0,11,0,2,0,0,2,0,11,2,0,13,14,0,14,27
06/23/2017,LCH,LA,ASW,CE,Combined TRACON& Tower with Radar,0,8,10,5,23,0,14,9,2,25,0,22,19,7,48,10,0,10,58
06/24/2017,LCH,LA,ASW,CE,Combined TRACON& Tower with Radar,0,7,1,0,8,0,9,3,0,12,0,16,4,0,20,1,0,1,21
06/25/2017,LCH,LA,ASW,CE,Combined TRACON& Tower with Radar,0,15,7,0,22,0,0,4,0,4,0,15,11,0,26,4,0,4,30
06/26/2017,LCH,LA,ASW,CE,Combined TRACON& Tower with Radar,0,12,6,6,24,0,13,11,0,24,0,25,17,6,48,0,0,0,48
06/27/2017,LCH,LA,ASW,CE,Combined TRACON& Tower with Radar,0,10,7,0,17,0,7,14,0,21,0,17,21,0,38,10,0,10,48
06/28/2017,LCH,LA,ASW,CE,Combined TRACON& Tower with Radar,0,13,12,6,31,0,6,7,0,13,0,19,19,6,44,6,0,6,50
06/29/2017,LCH,LA,ASW,CE,Combined TRACON& Tower with Radar,0,11,5,0,16,0,2,5,0,7,0,13,10,0,23,5,0,5,28
06/30/2017,LCH,LA,ASW,CE,Combined TRACON& Tower with Radar,0,8,12,1,21,0,13,4,0,17,0,21,16,1,38,2,0,2,40
07/01/2017,LCH,LA,ASW,CE,Combined TRACON& Tower with Radar,0,5,18,0,23,0,4,17,0,21,0,9,35,0,44,10,0,10,54
07/02/2017,LCH,LA,ASW,CE,Combined TRACON& Tower with Radar,0,10,24,0,34,0,3,7,0,10,0,13,31,0,44,12,0,12,56
07/03/2017,LCH,LA,ASW,CE,Combined TRACON& Tower with Radar,0,7,9,0,16,0,10,9,0,19,0,17,18,0,35,2,0,2,37
07/04/2017,LCH,LA,ASW,CE,Combined TRACON& Tower with Radar,0,5,9,0,14,0,3,11,0,14,0,8,20,0,28,24,0,24,52
07/05/2017,LCH,LA,ASW,CE,Combined TRACON& Tower with Radar,0,9,9,0,18,0,13,13,0,26,0,22,22,0,44,26,0,26,70
07/06/2017,LCH,LA,ASW,CE,Combined TRACON& Tower with Radar,0,15,10,1,26,0,12,15,1,28,0,27,25,2,54,20,0,20,74
07/07/2017,LCH,LA,ASW,CE,Combined TRACON& Tower with Radar,0,12,6,4,22,0,18,16,0,34,0,30,22,4,56,0,0,0,56
07/08/2017,LCH,LA,ASW,CE,Combined TRACON& Tower with Radar,0,7,10,2,19,0,8,13,0,21,0,15,23,2,40,2,0,2,42
07/09/2017,LCH,LA,ASW,CE,Combined TRACON& Tower with Radar,0,22,16,0,38,0,12,3,0,15,0,34,19,0,53,6,0,6,59
07/10/2017,LCH,LA,ASW,CE,Combined TRACON& Tower with Radar,0,18,8,0,26,0,13,6,0,19,0,31,14,0,45,2,0,2,47
07/11/2017,LCH,LA,ASW,CE,Combined TRACON& Tower with Radar,0,11,11,0,22,0,14,5,0,19,0,25,16,0,41,2,0,2,43
07/12/2017,LCH,LA,ASW,CE,Combined TRACON& Tower with Radar,0,8,16,0,24,0,16,14,0,30,0,24,30,0,54,20,0,20,74
07/13/2017,LCH,LA,ASW,CE,Combined TRACON& Tower with Radar,0,11,10,8,29,0,17,8,0,25,0,28,18,8,54,2,0,2,56
07/14/2017,LCH,LA,ASW,CE,Combined TRACON& Tower with Radar,0,11,19,4,34,0,12,13,0,25,0,23,32,4,59,8,0,8,67
07/15/2017,LCH,LA,ASW,CE,Combined TRACON& Tower with Radar,0,7,6,0,13,0,3,3,0,6,0,10,9,0,19,0,0,0,19
07/16/2017,LCH,LA,ASW,CE,Combined TRACON& Tower with Radar,0,9,10,0,19,0,4,5,0,9,0,13,15,0,28,4,0,4,32
07/17/2017,LCH,LA,ASW,CE,Combined TRACON& Tower with Radar,0,10,10,0,20,0,14,4,0,18,0,24,14,0,38,0,0,0,38
07/18/2017,LCH,LA,ASW,CE,Combined TRACON& Tower with Radar,0,11,17,0,28,0,6,4,0,10,0,17,21,0,38,6,0,6,44
07/19/2017,LCH,LA,ASW,CE,Combined TRACON& Tower with Radar,0,9,6,2,17,0,16,17,2,35,0,25,23,4,52,28,0,28,80
07/20/2017,LCH,LA,ASW,CE,Combined TRACON& Tower with Radar,0,9,19,0,28,0,13,12,0,25,0,22,31,0,53,11,0,11,64
07/21/2017,LCH,LA,ASW,CE,Combined TRACON& Tower with Radar,0,10,13,0,23,0,8,28,0,36,0,18,41,0,59,23,0,23,82
07/22/2017,LCH,LA,ASW,CE,Combined TRACON& Tower with Radar,2,14,5,0,21,0,5,3,0,8,2,19,8,0,29,16,0,16,45
07/23/2017,LCH,LA,ASW,CE,Combined TRACON& Tower with Radar,0,10,9,0,19,0,0,2,0,2,0,10,11,0,21,2,0,2,23
07/24/2017,LCH,LA,ASW,CE,Combined TRACON& Tower with Radar,0,9,6,0,15,0,16,6,0,22,0,25,12,0,37,0,0,0,37
07/25/2017,LCH,LA,ASW,CE,Combined TRACON& Tower with Radar,0,13,7,2,22,0,23,15,0,38,0,36,22,2,60,30,0,30,90
07/26/2017,LCH,LA,ASW,CE,Combined TRACON& Tower with Radar,0,18,14,0,32,0,20,17,0,37,0,38,31,0,69,14,0,14,83
07/27/2017,LCH,LA,ASW,CE,Combined TRACON& Tower with Radar,0,9,8,3,20,0,16,22,0,38,0,25,30,3,58,12,0,12,70
07/28/2017,LCH,LA,ASW,CE,Combined TRACON& Tower with Radar,0,10,6,0,16,0,15,19,0,34,0,25,25,0,50,10,0,10,60
07/29/2017,LCH,LA,ASW,CE,Combined TRACON& Tower with Radar,0,8,7,0,15,0,7,8,0,15,0,15,15,0,30,6,0,6,36
07/30/2017,LCH,LA,ASW,CE,Combined TRACON& Tower with Radar,0,9,11,5,25,0,3,12,0,15,0,12,23,5,40,2,0,2,42
07/31/2017,LCH,LA,ASW,CE,Combined TRACON& Tower with Radar,0,11,9,3,23,0,15,12,0,27,0,26,21,3,50,2,0,2,52
08/01/2017,LCH,LA,ASW,CE,Combined TRACON& Tower with Radar,0,8,7,2,17,0,14,21,0,35,0,22,28,2,52,8,0,8,60
08/02/2017,LCH,LA,ASW,CE,Combined TRACON& Tower with Radar,0,9,6,0,15,0,5,1,0,6,0,14,7,0,21,0,0,0,21
08/03/2017,LCH,LA,ASW,CE,Combined TRACON& Tower with Radar,0,16,24,6,46,0,5,4,0,9,0,21,28,6,55,0,0,0,55
08/04/2017,LCH,LA,ASW,CE,Combined TRACON& Tower with Radar,0,11,14,5,30,0,5,13,0,18,0,16,27,5,48,8,0,8,56
08/05/2017,LCH,LA,ASW,CE,Combined TRACON& Tower with Radar,0,10,6,0,16,0,5,1,0,6,0,15,7,0,22,2,0,2,24
08/06/2017,LCH,LA,ASW,CE,Combined TRACON& Tower with Radar,0,19,8,0,27,0,13,7,0,20,0,32,15,0,47,2,0,2,49
08/07/2017,LCH,LA,ASW,CE,Combined TRACON& Tower with Radar,0,10,7,0,17,0,4,3,0,7,0,14,10,0,24,0,0,0,24
08/08/2017,LCH,LA,ASW,CE,Combined TRACON& Tower with Radar,0,11,19,0,30,0,6,0,0,6,0,17,19,0,36,0,0,0,36
08/09/2017,LCH,LA,ASW,CE,Combined TRACON& Tower with Radar,0,14,10,0,24,0,3,0,0,3,0,17,10,0,27,12,0,12,39
08/10/2017,LCH,LA,ASW,CE,Combined TRACON& Tower with Radar,0,13,11,0,24,0,10,17,0,27,0,23,28,0,51,34,0,34,85
08/11/2017,LCH,LA,ASW,CE,Combined TRACON& Tower with Radar,0,8,10,0,18,0,9,10,0,19,0,17,20,0,37,0,0,0,37
08/12/2017,LCH,LA,ASW,CE,Combined TRACON& Tower with Radar,0,5,8,4,17,0,3,20,0,23,0,8,28,4,40,57,0,57,97
08/13/2017,LCH,LA,ASW,CE,Combined TRACON& Tower with Radar,0,12,22,2,36,0,4,24,0,28,0,16,46,2,64,26,0,26,90
08/14/2017,LCH,LA,ASW,CE,Combined TRACON& Tower with Radar,0,9,8,0,17,0,15,7,0,22,0,24,15,0,39,0,0,0,39
08/15/2017,LCH,LA,ASW,CE,Combined TRACON& Tower with Radar,0,8,8,2,18,0,4,12,0,16,0,12,20,2,34,24,0,24,58
08/16/2017,LCH,LA,ASW,CE,Combined TRACON& Tower with Radar,0,9,5,4,18,0,16,6,0,22,0,25,11,4,40,4,0,4,44
08/17/2017,LCH,LA,ASW,CE,Combined TRACON& Tower with Radar,0,8,16,0,24,0,14,14,0,28,0,22,30,0,52,7,0,7,59
08/18/2017,LCH,LA,ASW,CE,Combined TRACON& Tower with Radar,0,11,16,4,31,0,9,28,0,37,0,20,44,4,68,12,0,12,80
08/19/2017,LCH,LA,ASW,CE,Combined TRACON& Tower with Radar,0,6,13,9,28,0,4,20,0,24,0,10,33,9,52,46,0,46,98
08/20/2017,LCH,LA,ASW,CE,Combined TRACON& Tower with Radar,0,14,17,0,31,0,7,18,0,25,0,21,35,0,56,10,0,10,66
08/21/2017,LCH,LA,ASW,CE,Combined TRACON& Tower with Radar,0,10,5,4,19,0,16,2,0,18,0,26,7,4,37,2,0,2,39
08/22/2017,LCH,LA,ASW,CE,Combined TRACON& Tower with Radar,0,11,16,0,27,0,24,16,0,40,0,35,32,0,67,2,0,2,69
08/23/2017,LCH,LA,ASW,CE,Combined TRACON& Tower with Radar,0,10,5,0,15,0,34,9,1,44,0,44,14,1,59,6,0,6,65
08/24/2017,LCH,LA,ASW,CE,Combined TRACON& Tower with Radar,0,15,9,0,24,0,12,14,0,26,0,27,23,0,50,6,0,6,56
08/25/2017,LCH,LA,ASW,CE,Combined TRACON& Tower with Radar,0,12,8,0,20,0,1,7,4,12,0,13,15,4,32,0,0,0,32
08/26/2017,LCH,LA,ASW,CE,Combined TRACON& Tower with Radar,0,5,2,0,7,0,0,0,0,0,0,5,2,0,7,0,0,0,7
08/27/2017,LCH,LA,ASW,CE,Combined TRACON& Tower with Radar,0,5,1,0,6,0,0,0,0,0,0,5,1,0,6,0,0,0,6
08/28/2017,LCH,LA,ASW,CE,Combined TRACON& Tower with Radar,0,1,2,0,3,0,0,0,0,0,0,1,2,0,3,0,0,0,3
08/29/2017,LCH,LA,ASW,CE,Combined TRACON& Tower with Radar,0,2,2,4,8,0,2,2,0,4,0,4,4,4,12,0,0,0,12
08/30/2017,LCH,LA,ASW,CE,Combined TRACON& Tower with Radar,0,5,0,4,9,0,9,6,0,15,0,14,6,4,24,3,0,3,27
08/31/2017,LCH,LA,ASW,CE,Combined TRACON& Tower with Radar,0,22,9,2,33,0,27,54,1,82,0,49,63,3,115,42,0,42,157
09/01/2017,LCH,LA,ASW,CE,Combined TRACON& Tower with Radar,0,25,18,0,43,0,41,60,0,101,0,66,78,0,144,37,1,38,182
09/02/2017,LCH,LA,ASW,CE,Combined TRACON& Tower with Radar,0,15,7,2,24,0,9,20,0,29,0,24,27,2,53,4,2,6,59
09/03/2017,LCH,LA,ASW,CE,Combined TRACON& Tower with Radar,0,15,10,6,31,0,21,44,0,65,0,36,54,6,96,5,0,5,101
09/04/2017,LCH,LA,ASW,CE,Combined TRACON& Tower with Radar,0,10,3,0,13,0,17,34,1,52,0,27,37,1,65,24,0,24,89
09/05/2017,LCH,LA,ASW,CE,Combined TRACON& Tower with Radar,0,9,9,2,20,0,30,8,0,38,0,39,17,2,58,22,0,22,80
09/06/2017,LCH,LA,ASW,CE,Combined TRACON& Tower with Radar,0,9,10,1,20,0,31,21,0,52,0,40,31,1,72,8,0,8,80
09/07/2017,LCH,LA,ASW,CE,Combined TRACON& Tower with Radar,0,13,14,0,27,0,25,31,0,56,0,38,45,0,83,6,0,6,89
09/08/2017,LCH,LA,ASW,CE,Combined TRACON& Tower with Radar,0,11,17,17,45,0,21,26,0,47,0,32,43,17,92,13,0,13,105
09/09/2017,LCH,LA,ASW,CE,Combined TRACON& Tower with Radar,0,7,5,2,14,0,6,21,1,28,0,13,26,3,42,40,0,40,82
09/10/2017,LCH,LA,ASW,CE,Combined TRACON& Tower with Radar,0,7,7,6,20,0,8,9,0,17,0,15,16,6,37,14,0,14,51
09/11/2017,LCH,LA,ASW,CE,Combined TRACON& Tower with Radar,0,9,5,0,14,0,22,14,0,36,0,31,19,0,50,8,0,8,58
09/12/2017,LCH,LA,ASW,CE,Combined TRACON& Tower with Radar,0,10,6,0,16,0,13,23,1,37,0,23,29,1,53,4,0,4,57
09/13/2017,LCH,LA,ASW,CE,Combined TRACON& Tower with Radar,0,11,6,6,23,0,23,16,0,39,0,34,22,6,62,6,0,6,68
09/14/2017,LCH,LA,ASW,CE,Combined TRACON& Tower with Radar,0,15,10,0,25,0,27,12,0,39,0,42,22,0,64,6,0,6,70
09/15/2017,LCH,LA,ASW,CE,Combined TRACON& Tower with Radar,0,14,19,0,33,0,21,16,0,37,0,35,35,0,70,22,0,22,92
09/16/2017,LCH,LA,ASW,CE,Combined TRACON& Tower with Radar,0,6,9,5,20,0,6,12,0,18,0,12,21,5,38,17,0,17,55
09/17/2017,LCH,LA,ASW,CE,Combined TRACON& Tower with Radar,0,9,24,0,33,0,4,21,0,25,0,13,45,0,58,42,0,42,100
09/18/2017,LCH,LA,ASW,CE,Combined TRACON& Tower with Radar,0,11,14,2,27,0,8,10,0,18,0,19,24,2,45,0,0,0,45
09/19/2017,LCH,LA,ASW,CE,Combined TRACON& Tower with Radar,0,10,12,1,23,0,17,14,0,31,0,27,26,1,54,1,0,1,55
09/20/2017,LCH,LA,ASW,CE,Combined TRACON& Tower with Radar,0,11,10,2,23,0,15,9,1,25,0,26,19,3,48,2,0,2,50
09/21/2017,LCH,LA,ASW,CE,Combined TRACON& Tower with Radar,0,11,19,0,30,0,5,14,0,19,0,16,33,0,49,22,0,22,71
09/22/2017,LCH,LA,ASW,CE,Combined TRACON& Tower with Radar,0,10,10,8,28,0,12,15,2,29,0,22,25,10,57,4,0,4,61
09/23/2017,LCH,LA,ASW,CE,Combined TRACON& Tower with Radar,0,6,4,0,10,0,10,34,0,44,0,16,38,0,54,2,0,2,56
09/24/2017,LCH,LA,ASW,CE,Combined TRACON& Tower with Radar,0,10,4,0,14,0,7,13,0,20,0,17,17,0,34,3,0,3,37
09/25/2017,LCH,LA,ASW,CE,Combined TRACON& Tower with Radar,0,11,22,4,37,0,30,15,0,45,0,41,37,4,82,12,0,12,94
09/26/2017,LCH,LA,ASW,CE,Combined TRACON& Tower with Radar,0,14,6,0,20,0,18,9,0,27,0,32,15,0,47,10,0,10,57
09/27/2017,LCH,LA,ASW,CE,Combined TRACON& Tower with Radar,0,9,14,10,33,0,19,10,1,30,0,28,24,11,63,6,0,6,69
09/28/2017,LCH,LA,ASW,CE,Combined TRACON& Tower with Radar,0,10,12,8,30,0,13,14,0,27,0,23,26,8,57,6,0,6,63
09/29/2017,LCH,LA,ASW,CE,Combined TRACON& Tower with Radar,0,11,17,18,46,0,18,14,0,32,0,29,31,18,78,30,0,30,108
09/30/2017,LCH,LA,ASW,CE,Combined TRACON& Tower with Radar,0,6,9,0,15,0,9,18,0,27,0,15,27,0,42,0,0,0,42
10/01/2017,LCH,LA,ASW,CE,Combined TRACON& Tower with Radar,0,7,8,0,15,0,15,14,0,29,0,22,22,0,44,14,0,14,58
10/02/2017,LCH,LA,ASW,CE,Combined TRACON& Tower with Radar,0,17,14,2,33,0,12,2,0,14,0,29,16,2,47,14,0,14,61
10/03/2017,LCH,LA,ASW,CE,Combined TRACON& Tower with Radar,0,11,20,6,37,0,10,11,1,22,0,21,31,7,59,6,0,6,65
10/04/2017,LCH,LA,ASW,CE,Combined TRACON& Tower with Radar,0,9,6,0,15,0,17,7,0,24,0,26,13,0,39,6,0,6,45
10/05/2017,LCH,LA,ASW,CE,Combined TRACON& Tower with Radar,0,9,12,2,23,0,10,12,0,22,0,19,24,2,45,7,0,7,52
10/06/2017,LCH,LA,ASW,CE,Combined TRACON& Tower with Radar,0,13,15,0,28,0,31,16,2,49,0,44,31,2,77,11,0,11,88
10/07/2017,LCH,LA,ASW,CE,Combined TRACON& Tower with Radar,0,19,8,0,27,0,10,0,0,10,0,29,8,0,37,4,0,4,41
10/08/2017,LCH,LA,ASW,CE,Combined TRACON& Tower with Radar,0,21,11,2,34,0,13,10,0,23,0,34,21,2,57,0,0,0,57
10/09/2017,LCH,LA,ASW,CE,Combined TRACON& Tower with Radar,0,13,11,2,26,0,4,4,0,8,0,17,15,2,34,6,0,6,40
10/10/2017,LCH,LA,ASW,CE,Combined TRACON& Tower with Radar,0,11,10,0,21,0,3,2,0,5,0,14,12,0,26,0,0,0,26
10/11/2017,LCH,LA,ASW,CE,Combined TRACON& Tower with Radar,0,9,12,3,24,0,16,15,0,31,0,25,27,3,55,6,0,6,61
10/12/2017,LCH,LA,ASW,CE,Combined TRACON& Tower with Radar,0,8,15,0,23,0,16,18,0,34,0,24,33,0,57,8,0,8,65
10/13/2017,LCH,LA,ASW,CE,Combined TRACON& Tower with Radar,0,13,11,1,25,0,18,17,0,35,0,31,28,1,60,21,0,21,81
10/14/2017,LCH,LA,ASW,CE,Combined TRACON& Tower with Radar,0,7,19,6,32,0,13,23,2,38,0,20,42,8,70,8,0,8,78
10/15/2017,LCH,LA,ASW,CE,Combined TRACON& Tower with Radar,0,9,17,2,28,0,4,12,0,16,0,13,29,2,44,22,0,22,66
10/16/2017,LCH,LA,ASW,CE,Combined TRACON& Tower with Radar,0,11,5,7,23,0,12,5,0,17,0,23,10,7,40,0,0,0,40
10/17/2017,LCH,LA,ASW,CE,Combined TRACON& Tower with Radar,0,11,4,6,21,0,19,27,0,46,0,30,31,6,67,20,0,20,87
10/18/2017,LCH,LA,ASW,CE,Combined TRACON& Tower with Radar,0,10,15,15,40,0,19,21,0,40,0,29,36,15,80,16,0,16,96
10/19/2017,LCH,LA,ASW,CE,Combined TRACON& Tower with Radar,0,9,21,8,38,0,16,24,0,40,0,25,45,8,78,11,0,11,89
10/20/2017,LCH,LA,ASW,CE,Combined TRACON& Tower with Radar,0,10,17,2,29,0,11,15,0,26,0,21,32,2,55,9,0,9,64
10/21/2017,LCH,LA,ASW,CE,Combined TRACON& Tower with Radar,0,8,5,0,13,0,5,7,0,12,0,13,12,0,25,10,0,10,35
10/22/2017,LCH,LA,ASW,CE,Combined TRACON& Tower with Radar,0,9,5,6,20,0,14,7,0,21,0,23,12,6,41,14,0,14,55
10/23/2017,LCH,LA,ASW,CE,Combined TRACON& Tower with Radar,0,11,14,0,25,0,14,14,0,28,0,25,28,0,53,0,0,0,53
10/24/2017,LCH,LA,ASW,CE,Combined TRACON& Tower with Radar,0,12,8,0,20,0,16,15,0,31,0,28,23,0,51,1,0,1,52
10/25/2017,LCH,LA,ASW,CE,Combined TRACON& Tower with Radar,0,10,9,2,21,0,12,6,0,18,0,22,15,2,39,0,0,0,39
10/26/2017,LCH,LA,ASW,CE,Combined TRACON& Tower with Radar,0,13,21,2,36,0,17,27,0,44,0,30,48,2,80,11,0,11,91
10/27/2017,LCH,LA,ASW,CE,Combined TRACON& Tower with Radar,0,10,8,0,18,0,9,8,0,17,0,19,16,0,35,11,0,11,46
10/28/2017,LCH,LA,ASW,CE,Combined TRACON& Tower with Radar,0,9,9,3,21,0,9,7,0,16,0,18,16,3,37,0,0,0,37
10/29/2017,LCH,LA,ASW,CE,Combined TRACON& Tower with Radar,0,8,17,6,31,0,6,16,0,22,0,14,33,6,53,17,0,17,70
10/30/2017,LCH,LA,ASW,CE,Combined TRACON& Tower with Radar,0,13,6,0,19,0,16,17,0,33,0,29,23,0,52,28,0,28,80
10/31/2017,LCH,LA,ASW,CE,Combined TRACON& Tower with Radar,0,10,13,2,25,0,17,17,0,34,0,27,30,2,59,18,0,18,77
11/01/2017,LCH,LA,ASW,CE,Combined TRACON& Tower with Radar,0,20,9,0,29,0,6,4,0,10,0,26,13,0,39,0,0,0,39
11/02/2017,LCH,LA,ASW,CE,Combined TRACON& Tower with Radar,0,13,23,0,36,0,20,20,0,40,0,33,43,0,76,6,0,6,82
11/03/2017,LCH,LA,ASW,CE,Combined TRACON& Tower with Radar,0,16,22,26,64,0,11,9,1,21,0,27,31,27,85,22,1,23,108
11/04/2017,LCH,LA,ASW,CE,Combined TRACON& Tower with Radar,0,9,4,2,15,0,4,10,0,14,0,13,14,2,29,1,0,1,30
11/05/2017,LCH,LA,ASW,CE,Combined TRACON& Tower with Radar,0,8,11,17,36,0,4,10,1,15,0,12,21,18,51,10,0,10,61
11/06/2017,LCH,LA,ASW,CE,Combined TRACON& Tower with Radar,0,14,13,1,28,0,13,16,0,29,0,27,29,1,57,0,0,0,57
11/07/2017,LCH,LA,ASW,CE,Combined TRACON& Tower with Radar,0,15,15,3,33,0,11,11,0,22,0,26,26,3,55,4,0,4,59
11/08/2017,LCH,LA,ASW,CE,Combined TRACON& Tower with Radar,0,19,10,0,29,0,3,1,0,4,0,22,11,0,33,8,0,8,41
11/09/2017,LCH,LA,ASW,CE,Combined TRACON& Tower with Radar,0,16,15,2,33,0,3,12,0,15,0,19,27,2,48,2,0,2,50
11/10/2017,LCH,LA,ASW,CE,Combined TRACON& Tower with Radar,0,13,23,4,40,0,9,23,0,32,0,22,46,4,72,6,0,6,78
11/11/2017,LCH,LA,ASW,CE,Combined TRACON& Tower with Radar,0,10,15,0,25,0,7,14,0,21,0,17,29,0,46,18,0,18,64
11/12/2017,LCH,LA,ASW,CE,Combined TRACON& Tower with Radar,0,7,13,0,20,0,3,14,0,17,0,10,27,0,37,4,0,4,41
11/13/2017,LCH,LA,ASW,CE,Combined TRACON& Tower with Radar,0,9,12,0,21,0,11,14,0,25,0,20,26,0,46,68,0,68,114
11/14/2017,LCH,LA,ASW,CE,Combined TRACON& Tower with Radar,0,11,16,0,27,0,17,31,0,48,0,28,47,0,75,2,0,2,77
11/15/2017,LCH,LA,ASW,CE,Combined TRACON& Tower with Radar,0,11,19,7,37,0,19,22,0,41,0,30,41,7,78,16,0,16,94
11/16/2017,LCH,LA,ASW,CE,Combined TRACON& Tower with Radar,0,13,24,0,37,0,12,26,0,38,0,25,50,0,75,15,0,15,90
11/17/2017,LCH,LA,ASW,CE,Combined TRACON& Tower with Radar,0,13,18,3,34,0,12,21,1,34,0,25,39,4,68,11,0,11,79
11/18/2017,LCH,LA,ASW,CE,Combined TRACON& Tower with Radar,0,8,7,0,15,0,9,7,0,16,0,17,14,0,31,15,0,15,46
11/19/2017,LCH,LA,ASW,CE,Combined TRACON& Tower with Radar,0,9,23,3,35,0,2,13,0,15,0,11,36,3,50,7,0,7,57
11/20/2017,LCH,LA,ASW,CE,Combined TRACON& Tower with Radar,0,9,10,6,25,0,19,18,1,38,0,28,28,7,63,0,0,0,63
11/21/2017,LCH,LA,ASW,CE,Combined TRACON& Tower with Radar,0,8,13,1,22,0,13,6,0,19,0,21,19,1,41,0,0,0,41
11/22/2017,LCH,LA,ASW,CE,Combined TRACON& Tower with Radar,0,14,17,0,31,0,12,26,0,38,0,26,43,0,69,2,0,2,71
11/23/2017,LCH,LA,ASW,CE,Combined TRACON& Tower with Radar,0,4,11,0,15,0,6,10,0,16,0,10,21,0,31,0,0,0,31
11/24/2017,LCH,LA,ASW,CE,Combined TRACON& Tower with Radar,0,11,13,0,24,0,10,21,0,31,0,21,34,0,55,15,0,15,70
11/25/2017,LCH,LA,ASW,CE,Combined TRACON& Tower with Radar,4,12,13,0,29,0,3,16,0,19,4,15,29,0,48,5,0,5,53
11/26/2017,LCH,LA,ASW,CE,Combined TRACON& Tower with Radar,2,12,14,0,28,0,6,22,0,28,2,18,36,0,56,44,0,44,100
11/27/2017,LCH,LA,ASW,CE,Combined TRACON& Tower with Radar,0,11,4,1,16,0,16,12,0,28,0,27,16,1,44,6,0,6,50
11/28/2017,LCH,LA,ASW,CE,Combined TRACON& Tower with Radar,0,15,26,5,46,0,21,5,0,26,0,36,31,5,72,14,0,14,86
11/29/2017,LCH,LA,ASW,CE,Combined TRACON& Tower with Radar,0,13,15,6,34,0,8,25,0,33,0,21,40,6,67,10,0,10,77
11/30/2017,LCH,LA,ASW,CE,Combined TRACON& Tower with Radar,0,20,17,3,40,0,9,28,0,37,0,29,45,3,77,18,0,18,95
12/01/2017,LCH,LA,ASW,CE,Combined TRACON& Tower with Radar,0,12,21,5,38,0,15,34,0,49,0,27,55,5,87,21,0,21,108
12/02/2017,LCH,LA,ASW,CE,Combined TRACON& Tower with Radar,0,9,18,4,31,0,7,30,0,37,0,16,48,4,68,14,0,14,82
12/03/2017,LCH,LA,ASW,CE,Combined TRACON& Tower with Radar,0,13,21,2,36,0,5,3,0,8,0,18,24,2,44,0,0,0,44
12/04/2017,LCH,LA,ASW,CE,Combined TRACON& Tower with Radar,0,14,18,4,36,0,5,3,0,8,0,19,21,4,44,0,0,0,44
12/05/2017,LCH,LA,ASW,CE,Combined TRACON& Tower with Radar,0,14,10,0,24,0,0,0,0,0,0,14,10,0,24,0,0,0,24
12/06/2017,LCH,LA,ASW,CE,Combined TRACON& Tower with Radar,0,8,16,2,26,0,6,6,0,12,0,14,22,2,38,2,0,2,40
12/07/2017,LCH,LA,ASW,CE,Combined TRACON& Tower with Radar,0,14,13,0,27,0,7,6,0,13,0,21,19,0,40,0,0,0,40
12/08/2017,LCH,LA,ASW,CE,Combined TRACON& Tower with Radar,0,8,8,0,16,0,1,6,0,7,0,9,14,0,23,0,0,0,23
12/09/2017,LCH,LA,ASW,CE,Combined TRACON& Tower with Radar,0,9,8,2,19,0,13,21,0,34,0,22,29,2,53,18,0,18,71
12/10/2017,LCH,LA,ASW,CE,Combined TRACON& Tower with Radar,0,8,12,0,20,0,5,17,0,22,0,13,29,0,42,10,0,10,52
12/11/2017,LCH,LA,ASW,CE,Combined TRACON& Tower with Radar,0,9,13,8,30,0,15,18,0,33,0,24,31,8,63,15,0,15,78
12/12/2017,LCH,LA,ASW,CE,Combined TRACON& Tower with Radar,0,13,13,12,38,0,21,19,0,40,0,34,32,12,78,14,0,14,92
12/13/2017,LCH,LA,ASW,CE,Combined TRACON& Tower with Radar,0,9,11,0,20,0,27,19,0,46,0,36,30,0,66,6,0,6,72
12/14/2017,LCH,LA,ASW,CE,Combined TRACON& Tower with Radar,0,12,19,0,31,0,24,21,0,45,0,36,40,0,76,17,0,17,93
12/15/2017,LCH,LA,ASW,CE,Combined TRACON& Tower with Radar,0,15,11,8,34,0,7,21,0,28,0,22,32,8,62,5,0,5,67
12/16/2017,LCH,LA,ASW,CE,Combined TRACON& Tower with Radar,0,6,7,2,15,0,3,15,2,20,0,9,22,4,35,8,0,8,43
12/17/2017,LCH,LA,ASW,CE,Combined TRACON& Tower with Radar,0,11,10,0,21,0,4,3,0,7,0,15,13,0,28,9,0,9,37
12/18/2017,LCH,LA,ASW,CE,Combined TRACON& Tower with Radar,0,17,16,0,33,0,6,1,0,7,0,23,17,0,40,0,0,0,40
12/19/2017,LCH,LA,ASW,CE,Combined TRACON& Tower with Radar,0,17,17,0,34,0,6,0,0,6,0,23,17,0,40,8,0,8,48
12/20/2017,LCH,LA,ASW,CE,Combined TRACON& Tower with Radar,0,12,10,2,24,0,27,11,0,38,0,39,21,2,62,5,0,5,67
12/21/2017,LCH,LA,ASW,CE,Combined TRACON& Tower with Radar,0,15,21,0,36,0,0,3,0,3,0,15,24,0,39,14,0,14,53
12/22/2017,LCH,LA,ASW,CE,Combined TRACON& Tower with Radar,0,12,19,1,32,0,1,3,0,4,0,13,22,1,36,2,0,2,38
12/23/2017,LCH,LA,ASW,CE,Combined TRACON& Tower with Radar,0,10,6,0,16,0,1,10,0,11,0,11,16,0,27,4,0,4,31
12/24/2017,LCH,LA,ASW,CE,Combined TRACON& Tower with Radar,0,10,7,0,17,0,4,3,0,7,0,14,10,0,24,1,0,1,25
12/25/2017,LCH,LA,ASW,CE,Combined TRACON& Tower with Radar,0,8,4,0,12,0,4,0,0,4,0,12,4,0,16,0,0,0,16
12/26/2017,LCH,LA,ASW,CE,Combined TRACON& Tower with Radar,0,11,7,0,18,0,1,2,0,3,0,12,9,0,21,0,0,0,21
12/27/2017,LCH,LA,ASW,CE,Combined TRACON& Tower with Radar,0,18,14,0,32,0,5,1,0,6,0,23,15,0,38,0,0,0,38
12/28/2017,LCH,LA,ASW,CE,Combined TRACON& Tower with Radar,0,19,13,0,32,0,5,0,0,5,0,24,13,0,37,0,0,0,37
12/29/2017,LCH,LA,ASW,CE,Combined TRACON& Tower with Radar,0,13,17,6,36,0,20,21,0,41,0,33,38,6,77,28,0,28,105
12/30/2017,LCH,LA,ASW,CE,Combined TRACON& Tower with Radar,0,10,9,0,19,0,7,9,0,16,0,17,18,0,35,22,0,22,57
12/31/2017,LCH,LA,ASW,CE,Combined TRACON& Tower with Radar,0,11,3,0,14,0,0,0,0,0,0,11,3,0,14,0,0,0,14
01/01/2018,LCH,LA,ASW,CE,Combined TRACON& Tower with Radar,0,8,5,0,13,0,8,2,0,10,0,16,7,0,23,0,0,0,23
01/02/2018,LCH,LA,ASW,CE,Combined TRACON& Tower with Radar,0,11,10,0,21,0,14,14,1,29,0,25,24,1,50,36,0,36,86
01/03/2018,LCH,LA,ASW,CE,Combined TRACON& Tower with Radar,0,20,14,0,34,0,16,20,0,36,0,36,34,0,70,22,0,22,92
01/04/2018,LCH,LA,ASW,CE,Combined TRACON& Tower with Radar,0,11,11,2,24,0,12,14,0,26,0,23,25,2,50,0,0,0,50
01/05/2018,LCH,LA,ASW,CE,Combined TRACON& Tower with Radar,0,10,18,5,33,0,8,19,0,27,0,18,37,5,60,20,0,20,80
01/06/2018,LCH,LA,ASW,CE,Combined TRACON& Tower with Radar,0,14,11,2,27,0,12,28,0,40,0,26,39,2,67,30,0,30,97
01/07/2018,LCH,LA,ASW,CE,Combined TRACON& Tower with Radar,0,8,14,2,24,0,1,2,0,3,0,9,16,2,27,2,0,2,29
01/08/2018,LCH,LA,ASW,CE,Combined TRACON& Tower with Radar,0,13,11,6,30,0,5,2,0,7,0,18,13,6,37,4,0,4,41
01/09/2018,LCH,LA,ASW,CE,Combined TRACON& Tower with Radar,0,20,13,2,35,0,2,4,0,6,0,22,17,2,41,16,0,16,57
01/10/2018,LCH,LA,ASW,CE,Combined TRACON& Tower with Radar,0,21,17,2,40,0,0,9,0,9,0,21,26,2,49,25,0,25,74
01/11/2018,LCH,LA,ASW,CE,Combined TRACON& Tower with Radar,0,18,22,0,40,0,2,1,0,3,0,20,23,0,43,2,0,2,45
01/12/2018,LCH,LA,ASW,CE,Combined TRACON& Tower with Radar,0,10,23,28,61,0,8,27,0,35,0,18,50,28,96,6,0,6,102
01/13/2018,LCH,LA,ASW,CE,Combined TRACON& Tower with Radar,0,8,7,0,15,0,8,10,0,18,0,16,17,0,33,16,0,16,49
01/14/2018,LCH,LA,ASW,CE,Combined TRACON& Tower with Radar,0,10,12,2,24,0,7,24,0,31,0,17,36,2,55,22,0,22,77
01/15/2018,LCH,LA,ASW,CE,Combined TRACON& Tower with Radar,0,11,10,0,21,0,12,31,0,43,0,23,41,0,64,18,0,18,82
01/16/2018,LCH,LA,ASW,CE,Combined TRACON& Tower with Radar,0,1,3,0,4,0,0,0,0,0,0,1,3,0,4,0,0,0,4
01/17/2018,LCH,LA,ASW,CE,Combined TRACON& Tower with Radar,0,10,8,0,18,0,14,11,0,25,0,24,19,0,43,4,0,4,47
01/18/2018,LCH,LA,ASW,CE,Combined TRACON& Tower with Radar,0,22,22,2,46,0,27,36,1,64,0,49,58,3,110,8,0,8,118
01/19/2018,LCH,LA,ASW,CE,Combined TRACON& Tower with Radar,0,15,17,7,39,0,10,16,0,26,0,25,33,7,65,0,0,0,65
01/20/2018,LCH,LA,ASW,CE,Combined TRACON& Tower with Radar,0,20,7,1,28,0,11,9,0,20,0,31,16,1,48,24,0,24,72
01/21/2018,LCH,LA,ASW,CE,Combined TRACON& Tower with Radar,0,10,7,0,17,0,1,3,0,4,0,11,10,0,21,0,0,0,21
01/22/2018,LCH,LA,ASW,CE,Combined TRACON& Tower with Radar,0,15,11,0,26,0,2,12,0,14,0,17,23,0,40,2,0,2,42
01/23/2018,LCH,LA,ASW,CE,Combined TRACON& Tower with Radar,0,11,11,5,27,0,15,29,0,44,0,26,40,5,71,22,6,28,99
01/24/2018,LCH,LA,ASW,CE,Combined TRACON& Tower with Radar,0,11,11,1,23,0,5,21,0,26,0,16,32,1,49,0,0,0,49
01/25/2018,LCH,LA,ASW,CE,Combined TRACON& Tower with Radar,0,15,26,10,51,0,16,31,0,47,0,31,57,10,98,51,0,51,149
01/26/2018,LCH,LA,ASW,CE,Combined TRACON& Tower with Radar,0,10,14,32,56,0,13,15,0,28,0,23,29,32,84,26,0,26,110
01/27/2018,LCH,LA,ASW,CE,Combined TRACON& Tower with Radar,0,11,6,0,17,0,0,0,0,0,0,11,6,0,17,0,0,0,17
01/28/2018,LCH,LA,ASW,CE,Combined TRACON& Tower with Radar,0,15,8,24,47,0,4,14,0,18,0,19,22,24,65,36,0,36,101
01/29/2018,LCH,LA,ASW,CE,Combined TRACON& Tower with Radar,0,14,12,2,28,0,17,21,0,38,0,31,33,2,66,14,0,14,80
01/30/2018,LCH,LA,ASW,CE,Combined TRACON& Tower with Radar,0,20,17,2,39,0,11,25,2,38,0,31,42,4,77,18,0,18,95
01/31/2018,LCH,LA,ASW,CE,Combined TRACON& Tower with Radar,0,19,15,5,39,0,14,21,0,35,0,33,36,5,74,5,0,5,79
02/01/2018,LCH,LA,ASW,CE,Combined TRACON& Tower with Radar,0,11,11,0,22,0,9,11,0,20,0,20,22,0,42,18,0,18,60
02/02/2018,LCH,LA,ASW,CE,Combined TRACON& Tower with Radar,0,14,11,2,27,0,5,18,0,23,0,19,29,2,50,10,0,10,60
02/03/2018,LCH,LA,ASW,CE,Combined TRACON& Tower with Radar,0,13,15,0,28,0,1,1,0,2,0,14,16,0,30,0,0,0,30
02/04/2018,LCH,LA,ASW,CE,Combined TRACON& Tower with Radar,0,10,6,8,24,0,2,3,0,5,0,12,9,8,29,2,0,2,31
02/05/2018,LCH,LA,ASW,CE,Combined TRACON& Tower with Radar,0,16,16,0,32,0,18,12,0,30,0,34,28,0,62,2,0,2,64
02/06/2018,LCH,LA,ASW,CE,Combined TRACON& Tower with Radar,0,20,5,0,25,0,0,0,0,0,0,20,5,0,25,0,0,0,25
02/07/2018,LCH,LA,ASW,CE,Combined TRACON& Tower with Radar,0,18,7,0,25,0,0,1,0,1,0,18,8,0,26,0,0,0,26
02/08/2018,LCH,LA,ASW,CE,Combined TRACON& Tower with Radar,0,14,20,6,40,0,19,32,0,51,0,33,52,6,91,52,0,52,143
02/09/2018,LCH,LA,ASW,CE,Combined TRACON& Tower with Radar,0,14,14,10,38,0,12,9,0,21,0,26,23,10,59,16,0,16,75
02/10/2018,LCH,LA,ASW,CE,Combined TRACON& Tower with Radar,0,11,5,0,16,0,0,0,0,0,0,11,5,0,16,0,0,0,16
02/11/2018,LCH,LA,ASW,CE,Combined TRACON& Tower with Radar,0,11,13,4,28,0,1,2,0,3,0,12,15,4,31,4,0,4,35
02/12/2018,LCH,LA,ASW,CE,Combined TRACON& Tower with Radar,0,17,14,4,35,0,1,3,0,4,0,18,17,4,39,4,0,4,43
02/13/2018,LCH,LA,ASW,CE,Combined TRACON& Tower with Radar,0,19,16,0,35,0,1,0,0,1,0,20,16,0,36,18,0,18,54
02/14/2018,LCH,LA,ASW,CE,Combined TRACON& Tower with Radar,0,19,12,0,31,0,3,1,0,4,0,22,13,0,35,2,0,2,37
02/15/2018,LCH,LA,ASW,CE,Combined TRACON& Tower with Radar,0,13,24,0,37,0,4,9,0,13,0,17,33,0,50,4,0,4,54
02/16/2018,LCH,LA,ASW,CE,Combined TRACON& Tower with Radar,0,12,20,0,32,0,4,12,0,16,0,16,32,0,48,33,0,33,81
02/17/2018,LCH,LA,ASW,CE,Combined TRACON& Tower with Radar,0,14,12,0,26,0,2,4,0,6,0,16,16,0,32,0,0,0,32
02/18/2018,LCH,LA,ASW,CE,Combined TRACON& Tower with Radar,0,8,17,2,27,0,0,5,0,5,0,8,22,2,32,26,0,26,58
02/19/2018,LCH,LA,ASW,CE,Combined TRACON& Tower with Radar,0,15,22,0,37,0,7,10,0,17,0,22,32,0,54,8,0,8,62
02/20/2018,LCH,LA,ASW,CE,Combined TRACON& Tower with Radar,0,14,12,4,30,0,1,6,0,7,0,15,18,4,37,0,0,0,37
02/21/2018,LCH,LA,ASW,CE,Combined TRACON& Tower with Radar,0,13,9,0,22,0,1,0,0,1,0,14,9,0,23,28,0,28,51
02/22/2018,LCH,LA,ASW,CE,Combined TRACON& Tower with Radar,0,16,12,6,34,0,0,1,1,2,0,16,13,7,36,0,0,0,36
02/23/2018,LCH,LA,ASW,CE,Combined TRACON& Tower with Radar,0,16,17,6,39,0,3,6,0,9,0,19,23,6,48,20,0,20,68
02/24/2018,LCH,LA,ASW,CE,Combined TRACON& Tower with Radar,0,10,6,2,18,0,6,4,0,10,0,16,10,2,28,10,0,10,38
02/25/2018,LCH,LA,ASW,CE,Combined TRACON& Tower with Radar,0,11,11,2,24,0,0,0,0,0,0,11,11,2,24,0,0,0,24
02/26/2018,LCH,LA,ASW,CE,Combined TRACON& Tower with Radar,0,17,10,0,27,0,4,6,0,10,0,21,16,0,37,0,0,0,37
02/27/2018,LCH,LA,ASW,CE,Combined TRACON& Tower with Radar,0,16,14,0,30,0,19,2,0,21,0,35,16,0,51,18,0,18,69
02/28/2018,LCH,LA,ASW,CE,Combined TRACON& Tower with Radar,0,17,16,2,35,0,10,14,0,24,0,27,30,2,59,12,0,12,71
03/01/2018,LCH,LA,ASW,CE,Combined TRACON& Tower with Radar,0,12,17,6,35,0,8,15,0,23,0,20,32,6,58,17,0,17,75
03/02/2018,LCH,LA,ASW,CE,Combined TRACON& Tower with Radar,0,9,13,6,28,0,11,27,0,38,0,20,40,6,66,26,0,26,92
03/03/2018,LCH,LA,ASW,CE,Combined TRACON& Tower with Radar,0,13,18,2,33,0,3,24,0,27,0,16,42,2,60,6,0,6,66
03/04/2018,LCH,LA,ASW,CE,Combined TRACON& Tower with Radar,0,14,9,0,23,0,2,16,0,18,0,16,25,0,41,4,0,4,45
03/05/2018,LCH,LA,ASW,CE,Combined TRACON& Tower with Radar,0,9,10,0,19,0,16,6,0,22,0,25,16,0,41,14,0,14,55
03/06/2018,LCH,LA,ASW,CE,Combined TRACON& Tower with Radar,0,9,14,0,23,0,8,21,2,31,0,17,35,2,54,7,0,7,61
03/07/2018,LCH,LA,ASW,CE,Combined TRACON& Tower with Radar,0,9,8,4,21,0,16,25,0,41,0,25,33,4,62,6,0,6,68
03/08/2018,LCH,LA,ASW,CE,Combined TRACON& Tower with Radar,0,9,9,6,24,0,19,25,2,46,0,28,34,8,70,27,0,27,97
03/09/2018,LCH,LA,ASW,CE,Combined TRACON& Tower with Radar,0,11,11,2,24,0,9,28,0,37,0,20,39,2,61,24,0,24,85
03/10/2018,LCH,LA,ASW,CE,Combined TRACON& Tower with Radar,0,9,10,6,25,0,1,7,0,8,0,10,17,6,33,12,0,12,45
03/11/2018,LCH,LA,ASW,CE,Combined TRACON& Tower with Radar,0,9,7,6,22,0,1,8,0,9,0,10,15,6,31,2,0,2,33
03/12/2018,LCH,LA,ASW,CE,Combined TRACON& Tower with Radar,0,10,7,24,41,0,5,14,0,19,0,15,21,24,60,8,0,8,68
03/13/2018,LCH,LA,ASW,CE,Combined TRACON& Tower with Radar,0,9,14,0,23,0,18,25,0,43,0,27,39,0,66,46,0,46,112
03/14/2018,LCH,LA,ASW,CE,Combined TRACON& Tower with Radar,0,9,23,1,33,0,16,23,1,40,0,25,46,2,73,36,0,36,109
03/15/2018,LCH,LA,ASW,CE,Combined TRACON& Tower with Radar,0,11,9,8,28,0,15,17,0,32,0,26,26,8,60,20,0,20,80
03/16/2018,LCH,LA,ASW,CE,Combined TRACON& Tower with Radar,0,15,18,0,33,0,7,8,0,15,0,22,26,0,48,6,0,6,54
03/17/2018,LCH,LA,ASW,CE,Combined TRACON& Tower with Radar,0,14,10,0,24,0,5,11,0,16,0,19,21,0,40,0,0,0,40
03/18/2018,LCH,LA,ASW,CE,Combined TRACON& Tower with Radar,0,15,17,1,33,0,3,14,0,17,0,18,31,1,50,68,0,68,118
03/19/2018,LCH,LA,ASW,CE,Combined TRACON& Tower with Radar,0,19,4,4,27,0,5,12,0,17,0,24,16,4,44,16,0,16,60
03/20/2018,LCH,LA,ASW,CE,Combined TRACON& Tower with Radar,0,15,9,4,28,0,21,6,0,27,0,36,15,4,55,12,0,12,67
03/21/2018,LCH,LA,ASW,CE,Combined TRACON& Tower with Radar,0,8,15,0,23,0,6,35,0,41,0,14,50,0,64,23,0,23,87
03/22/2018,LCH,LA,ASW,CE,Combined TRACON& Tower with Radar,0,10,23,2,35,0,15,26,1,42,0,25,49,3,77,12,0,12,89
03/23/2018,LCH,LA,ASW,CE,Combined TRACON& Tower with Radar,0,15,17,7,39,0,14,19,0,33,0,29,36,7,72,18,0,18,90
03/24/2018,LCH,LA,ASW,CE,Combined TRACON& Tower with Radar,0,15,8,4,27,0,10,8,0,18,0,25,16,4,45,12,0,12,57
03/25/2018,LCH,LA,ASW,CE,Combined TRACON& Tower with Radar,0,19,12,8,39,0,6,15,0,21,0,25,27,8,60,46,0,46,106
03/26/2018,LCH,LA,ASW,CE,Combined TRACON& Tower with Radar,0,13,17,0,30,0,7,5,0,12,0,20,22,0,42,9,0,9,51
03/27/2018,LCH,LA,ASW,CE,Combined TRACON& Tower with Radar,0,10,13,23,46,0,11,1,0,12,0,21,14,23,58,6,0,6,64
03/28/2018,LCH,LA,ASW,CE,Combined TRACON& Tower with Radar,0,16,6,2,24,0,9,5,0,14,0,25,11,2,38,4,0,4,42
03/29/2018,LCH,LA,ASW,CE,Combined TRACON& Tower with Radar,0,14,13,2,29,0,8,15,0,23,0,22,28,2,52,19,0,19,71
03/30/2018,LCH,LA,ASW,CE,Combined TRACON& Tower with Radar,0,11,3,0,14,0,19,29,0,48,0,30,32,0,62,18,0,18,80
03/31/2018,LCH,LA,ASW,CE,Combined TRACON& Tower with Radar,0,5,6,0,11,0,4,40,0,44,0,9,46,0,55,5,0,5,60
04/01/2018,LCH,LA,ASW,CE,Combined TRACON& Tower with Radar,0,9,7,2,18,0,9,11,0,20,0,18,18,2,38,0,0,0,38
04/02/2018,LCH,LA,ASW,CE,Combined TRACON& Tower with Radar,0,22,19,11,52,0,11,10,1,22,0,33,29,12,74,4,0,4,78
04/03/2018,LCH,LA,ASW,CE,Combined TRACON& Tower with Radar,0,9,17,0,26,0,18,7,0,25,0,27,24,0,51,0,0,0,51
04/04/2018,LCH,LA,ASW,CE,Combined TRACON& Tower with Radar,0,11,12,4,27,0,12,23,0,35,0,23,35,4,62,2,0,2,64
04/05/2018,LCH,LA,ASW,CE,Combined TRACON& Tower with Radar,0,17,18,0,35,0,16,16,2,34,0,33,34,2,69,30,0,30,99
04/06/2018,LCH,LA,ASW,CE,Combined TRACON& Tower with Radar,0,15,25,17,57,0,7,8,0,15,0,22,33,17,72,4,0,4,76
04/07/2018,LCH,LA,ASW,CE,Combined TRACON& Tower with Radar,1,9,11,0,21,0,1,0,0,1,1,10,11,0,22,0,0,0,22
04/08/2018,LCH,LA,ASW,CE,Combined TRACON& Tower with Radar,0,11,15,0,26,0,2,2,0,4,0,13,17,0,30,29,0,29,59
04/09/2018,LCH,LA,ASW,CE,Combined TRACON& Tower with Radar,0,16,14,2,32,0,3,3,0,6,0,19,17,2,38,10,0,10,48
04/10/2018,LCH,LA,ASW,CE,Combined TRACON& Tower with Radar,0,13,12,2,27,0,18,24,0,42,0,31,36,2,69,2,0,2,71
04/11/2018,LCH,LA,ASW,CE,Combined TRACON& Tower with Radar,0,9,22,0,31,0,17,30,0,47,0,26,52,0,78,17,0,17,95
04/12/2018,LCH,LA,ASW,CE,Combined TRACON& Tower with Radar,0,11,13,5,29,0,11,18,0,29,0,22,31,5,58,20,0,20,78
04/13/2018,LCH,LA,ASW,CE,Combined TRACON& Tower with Radar,0,9,16,16,41,0,3,3,1,7,0,12,19,17,48,8,0,8,56
04/14/2018,LCH,LA,ASW,CE,Combined TRACON& Tower with Radar,0,7,2,2,11,0,4,3,0,7,0,11,5,2,18,1,0,1,19
04/15/2018,LCH,LA,ASW,CE,Combined TRACON& Tower with Radar,0,13,7,6,26,0,2,21,0,23,0,15,28,6,49,12,0,12,61
04/16/2018,LCH,LA,ASW,CE,Combined TRACON& Tower with Radar,0,9,8,2,19,0,15,16,0,31,0,24,24,2,50,32,0,32,82
04/17/2018,LCH,LA,ASW,CE,Combined TRACON& Tower with Radar,0,12,24,0,36,0,17,18,0,35,0,29,42,0,71,14,0,14,85
04/18/2018,LCH,LA,ASW,CE,Combined TRACON& Tower with Radar,0,11,19,0,30,0,16,17,0,33,0,27,36,0,63,8,0,8,71
04/19/2018,LCH,LA,ASW,CE,Combined TRACON& Tower with Radar,0,12,18,3,33,0,19,25,1,45,0,31,43,4,78,12,0,12,90
04/20/2018,LCH,LA,ASW,CE,Combined TRACON& Tower with Radar,0,10,20,15,45,0,13,32,0,45,0,23,52,15,90,43,0,43,133
04/21/2018,LCH,LA,ASW,CE,Combined TRACON& Tower with Radar,0,6,14,0,20,0,6,10,0,16,0,12,24,0,36,26,0,26,62
04/22/2018,LCH,LA,ASW,CE,Combined TRACON& Tower with Radar,0,9,6,0,15,0,2,6,0,8,0,11,12,0,23,45,0,45,68
04/23/2018,LCH,LA,ASW,CE,Combined TRACON& Tower with Radar,0,11,10,14,35,0,18,19,2,39,0,29,29,16,74,10,0,10,84
04/24/2018,LCH,LA,ASW,CE,Combined TRACON& Tower with Radar,0,13,2,0,15,0,30,33,0,63,0,43,35,0,78,48,0,48,126
04/25/2018,LCH,LA,ASW,CE,Combined TRACON& Tower with Radar,0,13,16,2,31,0,27,14,2,43,0,40,30,4,74,7,0,7,81
04/26/2018,LCH,LA,ASW,CE,Combined TRACON& Tower with Radar,0,10,6,4,20,0,19,26,2,47,0,29,32,6,67,14,0,14,81
04/27/2018,LCH,LA,ASW,CE,Combined TRACON& Tower with Radar,0,7,28,15,50,0,11,36,2,49,0,18,64,17,99,77,0,77,176
04/28/2018,LCH,LA,ASW,CE,Combined TRACON& Tower with Radar,0,11,12,6,29,0,5,19,0,24,0,16,31,6,53,8,0,8,61
04/29/2018,LCH,LA,ASW,CE,Combined TRACON& Tower with Radar,0,11,12,14,37,0,0,31,2,33,0,11,43,16,70,102,4,106,176
04/30/2018,LCH,LA,ASW,CE,Combined TRACON& Tower with Radar,0,10,17,5,32,0,11,17,0,28,0,21,34,5,60,24,0,24,84
05/01/2018,LCH,LA,ASW,CE,Combined TRACON& Tower with Radar,4,15,24,2,45,0,17,19,0,36,4,32,43,2,81,16,0,16,97
05/02/2018,LCH,LA,ASW,CE,Combined TRACON& Tower with Radar,0,12,27,4,43,0,13,9,1,23,0,25,36,5,66,17,2,19,85
05/03/2018,LCH,LA,ASW,CE,Combined TRACON& Tower with Radar,0,9,25,0,34,0,17,15,2,34,0,26,40,2,68,20,0,20,88
05/04/2018,LCH,LA,ASW,CE,Combined TRACON& Tower with Radar,0,10,14,31,55,0,11,11,0,22,0,21,25,31,77,34,0,34,111
05/05/2018,LCH,LA,ASW,CE,Combined TRACON& Tower with Radar,0,10,5,0,15,0,7,5,0,12,0,17,10,0,27,0,0,0,27
05/06/2018,LCH,LA,ASW,CE,Combined TRACON& Tower with Radar,0,11,16,14,41,0,5,33,0,38,0,16,49,14,79,20,4,24,103
05/07/2018,LCH,LA,ASW,CE,Combined TRACON& Tower with Radar,0,12,14,6,32,0,14,18,0,32,0,26,32,6,64,4,0,4,68
05/08/2018,LCH,LA,ASW,CE,Combined TRACON& Tower with Radar,0,13,10,4,27,0,12,27,0,39,0,25,37,4,66,40,0,40,106
05/09/2018,LCH,LA,ASW,CE,Combined TRACON& Tower with Radar,0,13,12,0,25,0,19,23,2,44,0,32,35,2,69,5,0,5,74
05/10/2018,LCH,LA,ASW,CE,Combined TRACON& Tower with Radar,0,13,3,0,16,0,14,20,0,34,0,27,23,0,50,52,0,52,102
05/11/2018,LCH,LA,ASW,CE,Combined TRACON& Tower with Radar,0,12,13,28,53,0,14,18,1,33,0,26,31,29,86,63,4,67,153
05/12/2018,LCH,LA,ASW,CE,Combined TRACON& Tower with Radar,0,12,13,0,25,0,5,24,0,29,0,17,37,0,54,11,0,11,65
05/13/2018,LCH,LA,ASW,CE,Combined TRACON& Tower with Radar,0,12,5,4,21,0,2,8,0,10,0,14,13,4,31,28,0,28,59
05/14/2018,LCH,LA,ASW,CE,Combined TRACON& Tower with Radar,0,16,9,4,29,0,13,12,0,25,0,29,21,4,54,42,0,42,96
05/15/2018,LCH,LA,ASW,CE,Combined TRACON& Tower with Radar,0,15,9,12,36,0,27,13,0,40,0,42,22,12,76,52,2,54,130
05/16/2018,LCH,LA,ASW,CE,Combined TRACON& Tower with Radar,0,14,8,6,28,0,32,27,0,59,0,46,35,6,87,27,0,27,114
05/17/2018,LCH,LA,ASW,CE,Combined TRACON& Tower with Radar,0,14,12,10,36,0,24,18,0,42,0,38,30,10,78,48,6,54,132
05/18/2018,LCH,LA,ASW,CE,Combined TRACON& Tower with Radar,0,9,18,13,40,0,8,27,0,35,0,17,45,13,75,70,4,74,149
05/19/2018,LCH,LA,ASW,CE,Combined TRACON& Tower with Radar,0,14,5,22,41,0,5,13,0,18,0,19,18,22,59,13,0,13,72
05/20/2018,LCH,LA,ASW,CE,Combined TRACON& Tower with Radar,4,17,7,6,34,0,4,21,0,25,4,21,28,6,59,4,0,4,63
05/21/2018,LCH,LA,ASW,CE,Combined TRACON& Tower with Radar,0,16,6,4,26,0,11,14,0,25,0,27,20,4,51,26,0,26,77
05/22/2018,LCH,LA,ASW,CE,Combined TRACON& Tower with Radar,0,15,14,2,31,0,17,25,0,42,0,32,39,2,73,41,0,41,114
05/23/2018,LCH,LA,ASW,CE,Combined TRACON& Tower with Radar,0,16,9,4,29,0,12,20,0,32,0,28,29,4,61,60,0,60,121
05/24/2018,LCH,LA,ASW,CE,Combined TRACON& Tower with Radar,0,12,16,4,32,0,9,19,0,28,0,21,35,4,60,24,0,24,84
05/25/2018,LCH,LA,ASW,CE,Combined TRACON& Tower with Radar,0,13,26,0,39,0,7,9,0,16,0,20,35,0,55,6,0,6,61
05/26/2018,LCH,LA,ASW,CE,Combined TRACON& Tower with Radar,0,10,4,0,14,0,1,8,0,9,0,11,12,0,23,11,0,11,34
05/27/2018,LCH,LA,ASW,CE,Combined TRACON& Tower with Radar,0,12,15,0,27,0,6,21,0,27,0,18,36,0,54,24,0,24,78
05/28/2018,LCH,LA,ASW,CE,Combined TRACON& Tower with Radar,0,13,20,2,35,0,5,14,0,19,0,18,34,2,54,6,0,6,60
05/29/2018,LCH,LA,ASW,CE,Combined TRACON& Tower with Radar,0,11,12,0,23,0,12,22,2,36,0,23,34,2,59,4,0,4,63
05/30/2018,LCH,LA,ASW,CE,Combined TRACON& Tower with Radar,0,14,4,2,20,0,10,15,1,26,0,24,19,3,46,30,0,30,76
05/31/2018,LCH,LA,ASW,CE,Combined TRACON& Tower with Radar,0,11,9,13,33,0,12,12,1,25,0,23,21,14,58,34,0,34,92
06/01/2018,LCH,LA,ASW,CE,Combined TRACON& Tower with Radar,0,13,14,12,39,0,18,22,0,40,0,31,36,12,79,49,0,49,128
06/02/2018,LCH,LA,ASW,CE,Combined TRACON& Tower with Radar,0,9,17,17,43,0,7,14,2,23,0,16,31,19,66,46,0,46,112
06/03/2018,LCH,LA,ASW,CE,Combined TRACON& Tower with Radar,0,14,7,12,33,0,10,10,0,20,0,24,17,12,53,40,0,40,93
06/04/2018,LCH,LA,ASW,CE,Combined TRACON& Tower with Radar,0,11,10,10,31,0,19,14,1,34,0,30,24,11,65,0,0,0,65
06/05/2018,LCH,LA,ASW,CE,Combined TRACON& Tower with Radar,0,12,10,0,22,0,14,7,0,21,0,26,17,0,43,14,0,14,57
06/06/2018,LCH,LA,ASW,CE,Combined TRACON& Tower with Radar,0,12,20,10,42,0,12,20,0,32,0,24,40,10,74,46,0,46,120
06/07/2018,LCH,LA,ASW,CE,Combined TRACON& Tower with Radar,0,9,21,16,46,0,18,19,0,37,0,27,40,16,83,42,0,42,125
06/08/2018,LCH,LA,ASW,CE,Combined TRACON& Tower with Radar,0,10,23,18,51,0,12,25,0,37,0,22,48,18,88,10,0,10,98
06/09/2018,LCH,LA,ASW,CE,Combined TRACON& Tower with Radar,0,6,11,0,17,0,9,21,0,30,0,15,32,0,47,7,0,7,54
06/10/2018,LCH,LA,ASW,CE,Combined TRACON& Tower with Radar,0,17,10,0,27,0,11,9,0,20,0,28,19,0,47,4,0,4,51
06/11/2018,LCH,LA,ASW,CE,Combined TRACON& Tower with Radar,0,17,17,4,38,0,6,16,0,22,0,23,33,4,60,55,0,55,115
06/12/2018,LCH,LA,ASW,CE,Combined TRACON& Tower with Radar,0,14,13,2,29,0,14,8,0,22,0,28,21,2,51,46,0,46,97
06/13/2018,LCH,LA,ASW,CE,Combined TRACON& Tower with Radar,0,16,15,2,33,0,17,23,0,40,0,33,38,2,73,40,0,40,113
06/14/2018,LCH,LA,ASW,CE,Combined TRACON& Tower with Radar,0,14,12,0,26,0,2,17,1,20,0,16,29,1,46,32,0,32,78
06/15/2018,LCH,LA,ASW,CE,Combined TRACON& Tower with Radar,0,15,6,6,27,0,12,21,0,33,0,27,27,6,60,14,0,14,74
06/16/2018,LCH,LA,ASW,CE,Combined TRACON& Tower with Radar,0,13,10,0,23,0,6,17,0,23,0,19,27,0,46,4,0,4,50
06/17/2018,LCH,LA,ASW,CE,Combined TRACON& Tower with Radar,0,20,5,0,25,0,5,9,0,14,0,25,14,0,39,23,0,23,62
06/18/2018,LCH,LA,ASW,CE,Combined TRACON& Tower with Radar,0,16,4,0,20,0,2,5,0,7,0,18,9,0,27,2,0,2,29
06/19/2018,LCH,LA,ASW,CE,Combined TRACON& Tower with Radar,0,13,16,0,29,0,1,3,0,4,0,14,19,0,33,0,0,0,33
06/20/2018,LCH,LA,ASW,CE,Combined TRACON& Tower with Radar,0,11,22,8,41,0,11,7,0,18,0,22,29,8,59,34,0,34,93
06/21/2018,LCH,LA,ASW,CE,Combined TRACON& Tower with Radar,0,12,16,4,32,0,4,18,0,22,0,16,34,4,54,56,0,56,110
06/22/2018,LCH,LA,ASW,CE,Combined TRACON& Tower with Radar,0,13,16,25,54,0,12,25,1,38,0,25,41,26,92,40,0,40,132
06/23/2018,LCH,LA,ASW,CE,Combined TRACON& Tower with Radar,0,10,14,7,31,0,9,23,1,33,0,19,37,8,64,0,0,0,64
06/24/2018,LCH,LA,ASW,CE,Combined TRACON& Tower with Radar,0,11,13,0,24,0,4,19,0,23,0,15,32,0,47,18,0,18,65
06/25/2018,LCH,LA,ASW,CE,Combined TRACON& Tower with Radar,0,17,9,6,32,0,21,10,0,31,0,38,19,6,63,0,0,0,63
06/26/2018,LCH,LA,ASW,CE,Combined TRACON& Tower with Radar,0,15,13,2,30,0,9,16,0,25,0,24,29,2,55,14,0,14,69
06/27/2018,LCH,LA,ASW,CE,Combined TRACON& Tower with Radar,0,13,5,0,18,0,14,34,1,49,0,27,39,1,67,74,0,74,141
06/28/2018,LCH,LA,ASW,CE,Combined TRACON& Tower with Radar,0,10,17,2,29,0,15,24,0,39,0,25,41,2,68,10,0,10,78
06/29/2018,LCH,LA,ASW,CE,Combined TRACON& Tower with Radar,0,12,8,12,32,0,16,27,0,43,0,28,35,12,75,2,0,2,77
06/30/2018,LCH,LA,ASW,CE,Combined TRACON& Tower with Radar,0,10,11,8,29,0,4,14,0,18,0,14,25,8,47,12,0,12,59
07/01/2018,LCH,LA,ASW,CE,Combined TRACON& Tower with Radar,0,12,17,18,47,0,7,19,1,27,0,19,36,19,74,22,16,38,112
07/02/2018,LCH,LA,ASW,CE,Combined TRACON& Tower with Radar,0,13,6,7,26,0,24,18,0,42,0,37,24,7,68,48,0,48,116
07/03/2018,LCH,LA,ASW,CE,Combined TRACON& Tower with Radar,0,9,3,0,12,0,6,3,0,9,0,15,6,0,21,12,0,12,33
07/04/2018,LCH,LA,ASW,CE,Combined TRACON& Tower with Radar,0,10,0,0,10,0,6,3,0,9,0,16,3,0,19,0,0,0,19
07/05/2018,LCH,LA,ASW,CE,Combined TRACON& Tower with Radar,0,10,1,0,11,0,10,12,0,22,0,20,13,0,33,14,0,14,47
07/06/2018,LCH,LA,ASW,CE,Combined TRACON& Tower with Radar,0,14,6,4,24,0,16,7,0,23,0,30,13,4,47,1,0,1,48
07/07/2018,LCH,LA,ASW,CE,Combined TRACON& Tower with Radar,0,8,6,0,14,0,0,13,2,15,0,8,19,2,29,0,4,4,33
07/08/2018,LCH,LA,ASW,CE,Combined TRACON& Tower with Radar,0,15,6,0,21,0,0,3,0,3,0,15,9,0,24,12,0,12,36
07/09/2018,LCH,LA,ASW,CE,Combined TRACON& Tower with Radar,0,16,5,0,21,0,2,11,0,13,0,18,16,0,34,40,0,40,74
07/10/2018,LCH,LA,ASW,CE,Combined TRACON& Tower with Radar,0,12,8,2,22,0,14,14,0,28,0,26,22,2,50,68,0,68,118
07/11/2018,LCH,LA,ASW,CE,Combined TRACON& Tower with Radar,0,17,4,0,21,0,14,11,0,25,0,31,15,0,46,14,0,14,60
07/12/2018,LCH,LA,ASW,CE,Combined TRACON& Tower with Radar,0,12,9,2,23,0,5,14,0,19,0,17,23,2,42,28,0,28,70
07/13/2018,LCH,LA,ASW,CE,Combined TRACON& Tower with Radar,0,13,6,0,19,0,6,31,0,37,0,19,37,0,56,44,0,44,100
07/14/2018,LCH,LA,ASW,CE,Combined TRACON& Tower with Radar,0,11,18,0,29,0,5,25,0,30,0,16,43,0,59,36,0,36,95
07/15/2018,LCH,LA,ASW,CE,Combined TRACON& Tower with Radar,0,13,4,0,17,0,1,18,0,19,0,14,22,0,36,16,0,16,52
07/16/2018,LCH,LA,ASW,CE,Combined TRACON& Tower with Radar,0,21,8,5,34,0,7,19,1,27,0,28,27,6,61,21,4,25,86
07/17/2018,LCH,LA,ASW,CE,Combined TRACON& Tower with Radar,0,15,10,4,29,0,12,23,0,35,0,27,33,4,64,18,0,18,82
07/18/2018,LCH,LA,ASW,CE,Combined TRACON& Tower with Radar,0,18,18,13,49,0,15,47,0,62,0,33,65,13,111,20,0,20,131
07/19/2018,LCH,LA,ASW,CE,Combined TRACON& Tower with Radar,0,19,25,28,72,0,17,22,0,39,0,36,47,28,111,30,0,30,141
07/20/2018,LCH,LA,ASW,CE,Combined TRACON& Tower with Radar,0,17,20,42,79,0,17,18,1,36,0,34,38,43,115,27,0,27,142
07/21/2018,LCH,LA,ASW,CE,Combined TRACON& Tower with Radar,0,12,10,38,60,0,15,9,0,24,0,27,19,38,84,12,0,12,96
07/22/2018,LCH,LA,ASW,CE,Combined TRACON& Tower with Radar,0,13,8,13,34,0,5,16,0,21,0,18,24,13,55,8,0,8,63
07/23/2018,LCH,LA,ASW,CE,Combined TRACON& Tower with Radar,0,17,8,0,25,0,9,6,0,15,0,26,14,0,40,14,0,14,54
07/24/2018,LCH,LA,ASW,CE,Combined TRACON& Tower with Radar,0,13,4,6,23,0,6,24,0,30,0,19,28,6,53,81,0,81,134
07/25/2018,LCH,LA,ASW,CE,Combined TRACON& Tower with Radar,0,16,8,4,28,0,17,15,0,32,0,33,23,4,60,56,0,56,116
07/26/2018,LCH,LA,ASW,CE,Combined TRACON& Tower with Radar,0,16,14,4,34,0,14,12,0,26,0,30,26,4,60,0,0,0,60
07/27/2018,LCH,LA,ASW,CE,Combined TRACON& Tower with Radar,0,14,9,0,23,0,9,12,4,25,0,23,21,4,48,6,0,6,54
07/28/2018,LCH,LA,ASW,CE,Combined TRACON& Tower with Radar,0,7,11,11,29,0,9,14,0,23,0,16,25,11,52,4,12,16,68
07/29/2018,LCH,LA,ASW,CE,Combined TRACON& Tower with Radar,0,14,19,0,33,0,9,16,0,25,0,23,35,0,58,18,0,18,76
07/30/2018,LCH,LA,ASW,CE,Combined TRACON& Tower with Radar,0,16,8,17,41,0,10,19,0,29,0,26,27,17,70,6,0,6,76
07/31/2018,LCH,LA,ASW,CE,Combined TRACON& Tower with Radar,0,14,0,0,14,0,7,5,0,12,0,21,5,0,26,15,0,15,41
08/01/2018,LCH,LA,ASW,CE,Combined TRACON& Tower with Radar,0,14,19,4,37,0,10,11,0,21,0,24,30,4,58,22,0,22,80
08/02/2018,LCH,LA,ASW,CE,Combined TRACON& Tower with Radar,0,14,11,6,31,0,13,26,0,39,0,27,37,6,70,20,0,20,90
08/03/2018,LCH,LA,ASW,CE,Combined TRACON& Tower with Radar,0,16,2,37,55,0,15,28,0,43,0,31,30,37,98,20,3,23,121
08/04/2018,LCH,LA,ASW,CE,Combined TRACON& Tower with Radar,0,7,8,0,15,0,7,14,1,22,0,14,22,1,37,28,0,28,65
08/05/2018,LCH,LA,ASW,CE,Combined TRACON& Tower with Radar,0,12,2,8,22,0,8,14,0,22,0,20,16,8,44,11,0,11,55
08/06/2018,LCH,LA,ASW,CE,Combined TRACON& Tower with Radar,0,11,8,2,21,0,12,18,0,30,0,23,26,2,51,0,0,0,51
08/07/2018,LCH,LA,ASW,CE,Combined TRACON& Tower with Radar,0,13,8,0,21,0,8,14,0,22,0,21,22,0,43,4,0,4,47
08/08/2018,LCH,LA,ASW,CE,Combined TRACON& Tower with Radar,0,15,17,4,36,0,15,26,0,41,0,30,43,4,77,28,0,28,105
08/09/2018,LCH,LA,ASW,CE,Combined TRACON& Tower with Radar,0,17,13,0,30,0,3,15,0,18,0,20,28,0,48,6,4,10,58
08/10/2018,LCH,LA,ASW,CE,Combined TRACON& Tower with Radar,0,10,7,0,17,0,4,8,2,14,0,14,15,2,31,10,0,10,41
08/11/2018,LCH,LA,ASW,CE,Combined TRACON& Tower with Radar,0,8,1,0,9,0,4,13,0,17,0,12,14,0,26,1,0,1,27
08/12/2018,LCH,LA,ASW,CE,Combined TRACON& Tower with Radar,0,12,15,28,55,0,5,17,2,24,0,17,32,30,79,12,0,12,91
08/13/2018,LCH,LA,ASW,CE,Combined TRACON& Tower with Radar,0,8,13,0,21,0,15,18,0,33,0,23,31,0,54,45,0,45,99
08/14/2018,LCH,LA,ASW,CE,Combined TRACON& Tower with Radar,0,14,9,4,27,0,19,16,2,37,0,33,25,6,64,26,0,26,90
08/15/2018,LCH,LA,ASW,CE,Combined TRACON& Tower with Radar,0,12,22,4,38,0,16,16,0,32,0,28,38,4,70,10,0,10,80
08/16/2018,LCH,LA,ASW,CE,Combined TRACON& Tower with Radar,0,11,13,0,24,0,22,27,0,49,0,33,40,0,73,20,0,20,93
08/17/2018,LCH,LA,ASW,CE,Combined TRACON& Tower with Radar,0,14,11,4,29,0,13,14,1,28,0,27,25,5,57,26,0,26,83
08/18/2018,LCH,LA,ASW,CE,Combined TRACON& Tower with Radar,0,8,5,0,13,0,9,21,1,31,0,17,26,1,44,40,0,40,84
08/19/2018,LCH,LA,ASW,CE,Combined TRACON& Tower with Radar,0,13,7,2,22,0,6,11,0,17,0,19,18,2,39,10,0,10,49
08/20/2018,LCH,LA,ASW,CE,Combined TRACON& Tower with Radar,0,11,15,10,36,0,17,13,0,30,0,28,28,10,66,10,0,10,76
08/21/2018,LCH,LA,ASW,CE,Combined TRACON& Tower with Radar,0,13,10,2,25,0,24,17,0,41,0,37,27,2,66,7,0,7,73
08/22/2018,LCH,LA,ASW,CE,Combined TRACON& Tower with Radar,0,14,13,4,31,0,24,15,0,39,0,38,28,4,70,12,0,12,82
08/23/2018,LCH,LA,ASW,CE,Combined TRACON& Tower with Radar,0,12,9,0,21,0,26,27,0,53,0,38,36,0,74,6,0,6,80
08/24/2018,LCH,LA,ASW,CE,Combined TRACON& Tower with Radar,0,14,14,26,54,0,22,28,0,50,0,36,42,26,104,24,0,24,128
08/25/2018,LCH,LA,ASW,CE,Combined TRACON& Tower with Radar,0,8,7,0,15,0,8,22,0,30,0,16,29,0,45,28,0,28,73
08/26/2018,LCH,LA,ASW,CE,Combined TRACON& Tower with Radar,0,13,14,0,27,0,5,25,0,30,0,18,39,0,57,0,0,0,57
08/27/2018,LCH,LA,ASW,CE,Combined TRACON& Tower with Radar,0,11,9,3,23,0,10,7,0,17,0,21,16,3,40,20,0,20,60
08/28/2018,LCH,LA,ASW,CE,Combined TRACON& Tower with Radar,0,12,12,0,24,0,14,10,0,24,0,26,22,0,48,6,0,6,54
08/29/2018,LCH,LA,ASW,CE,Combined TRACON& Tower with Radar,0,9,9,0,18,0,18,20,0,38,0,27,29,0,56,2,0,2,58
08/30/2018,LCH,LA,ASW,CE,Combined TRACON& Tower with Radar,0,10,10,0,20,0,11,14,0,25,0,21,24,0,45,12,0,12,57
08/31/2018,LCH,LA,ASW,CE,Combined TRACON& Tower with Radar,0,15,9,0,24,0,7,44,0,51,0,22,53,0,75,10,0,10,85
09/01/2018,LCH,LA,ASW,CE,Combined TRACON& Tower with Radar,0,14,12,0,26,0,4,11,0,15,0,18,23,0,41,17,0,17,58
09/02/2018,LCH,LA,ASW,CE,Combined TRACON& Tower with Radar,0,13,8,0,21,0,0,0,0,0,0,13,8,0,21,4,0,4,25
09/03/2018,LCH,LA,ASW,CE,Combined TRACON& Tower with Radar,0,19,10,0,29,0,1,8,0,9,0,20,18,0,38,11,0,11,49
09/04/2018,LCH,LA,ASW,CE,Combined TRACON& Tower with Radar,0,15,14,0,29,0,6,9,0,15,0,21,23,0,44,36,0,36,80
09/05/2018,LCH,LA,ASW,CE,Combined TRACON& Tower with Radar,0,13,12,0,25,0,16,31,0,47,0,29,43,0,72,42,0,42,114
09/06/2018,LCH,LA,ASW,CE,Combined TRACON& Tower with Radar,0,9,11,2,22,0,15,22,0,37,0,24,33,2,59,48,0,48,107
09/07/2018,LCH,LA,ASW,CE,Combined TRACON& Tower with Radar,0,11,23,6,40,0,16,23,0,39,0,27,46,6,79,28,0,28,107
09/08/2018,LCH,LA,ASW,CE,Combined TRACON& Tower with Radar,0,10,9,0,19,0,8,21,0,29,0,18,30,0,48,48,0,48,96
09/09/2018,LCH,LA,ASW,CE,Combined TRACON& Tower with Radar,0,15,5,0,20,0,3,15,0,18,0,18,20,0,38,22,0,22,60
09/10/2018,LCH,LA,ASW,CE,Combined TRACON& Tower with Radar,0,23,18,0,41,0,6,9,0,15,0,29,27,0,56,2,0,2,58
09/11/2018,LCH,LA,ASW,CE,Combined TRACON& Tower with Radar,0,19,13,0,32,0,4,4,0,8,0,23,17,0,40,2,0,2,42
09/12/2018,LCH,LA,ASW,CE,Combined TRACON& Tower with Radar,0,19,9,0,28,0,12,8,0,20,0,31,17,0,48,27,0,27,75
09/13/2018,LCH,LA,ASW,CE,Combined TRACON& Tower with Radar,0,18,11,0,29,0,5,14,0,19,0,23,25,0,48,32,0,32,80
09/14/2018,LCH,LA,ASW,CE,Combined TRACON& Tower with Radar,0,16,5,0,21,0,21,21,0,42,0,37,26,0,63,27,0,27,90
09/15/2018,LCH,LA,ASW,CE,Combined TRACON& Tower with Radar,0,7,7,0,14,0,12,31,0,43,0,19,38,0,57,22,0,22,79
09/16/2018,LCH,LA,ASW,CE,Combined TRACON& Tower with Radar,0,17,2,0,19,0,11,23,0,34,0,28,25,0,53,35,1,36,89
09/17/2018,LCH,LA,ASW,CE,Combined TRACON& Tower with Radar,0,13,12,7,32,0,15,19,0,34,0,28,31,7,66,14,0,14,80
09/18/2018,LCH,LA,ASW,CE,Combined TRACON& Tower with Radar,0,11,14,0,25,0,24,23,0,47,0,35,37,0,72,55,0,55,127
09/19/2018,LCH,LA,ASW,CE,Combined TRACON& Tower with Radar,0,10,18,5,33,0,26,22,0,48,0,36,40,5,81,19,0,19,100
09/20/2018,LCH,LA,ASW,CE,Combined TRACON& Tower with Radar,2,13,12,0,27,0,19,18,0,37,2,32,30,0,64,5,0,5,69
09/21/2018,LCH,LA,ASW,CE,Combined TRACON& Tower with Radar,0,15,15,7,37,0,2,26,0,28,0,17,41,7,65,8,0,8,73
09/22/2018,LCH,LA,ASW,CE,Combined TRACON& Tower with Radar,2,8,2,0,12,0,2,13,0,15,2,10,15,0,27,4,0,4,31
09/23/2018,LCH,LA,ASW,CE,Combined TRACON& Tower with Radar,0,13,17,0,30,0,9,3,0,12,0,22,20,0,42,8,0,8,50
09/24/2018,LCH,LA,ASW,CE,Combined TRACON& Tower with Radar,0,16,6,4,26,0,21,25,0,46,0,37,31,4,72,27,0,27,99
09/25/2018,LCH,LA,ASW,CE,Combined TRACON& Tower with Radar,0,15,9,2,26,0,10,13,4,27,0,25,22,6,53,10,0,10,63
09/26/2018,LCH,LA,ASW,CE,Combined TRACON& Tower with Radar,2,10,8,0,20,0,8,6,0,14,2,18,14,0,34,0,0,0,34
09/27/2018,LCH,LA,ASW,CE,Combined TRACON& Tower with Radar,0,13,13,2,28,0,2,9,1,12,0,15,22,3,40,9,0,9,49
09/28/2018,LCH,LA,ASW,CE,Combined TRACON& Tower with Radar,0,12,13,2,27,0,3,14,0,17,0,15,27,2,44,18,0,18,62
09/29/2018,LCH,LA,ASW,CE,Combined TRACON& Tower with Radar,0,6,10,2,18,0,0,0,0,0,0,6,10,2,18,0,0,0,18
09/30/2018,LCH,LA,ASW,CE,Combined TRACON& Tower with Radar,0,17,14,0,31,0,1,13,0,14,0,18,27,0,45,38,0,38,83
10/01/2018,LCH,LA,ASW,CE,Combined TRACON& Tower with Radar,0,13,10,0,23,0,15,6,0,21,0,28,16,0,44,0,0,0,44
10/02/2018,LCH,LA,ASW,CE,Combined TRACON& Tower with Radar,0,10,13,2,25,0,14,38,0,52,0,24,51,2,77,14,0,14,91
10/03/2018,LCH,LA,ASW,CE,Combined TRACON& Tower with Radar,0,12,18,2,32,0,15,27,0,42,0,27,45,2,74,48,0,48,122
10/04/2018,LCH,LA,ASW,CE,Combined TRACON& Tower with Radar,0,15,16,4,35,0,13,24,0,37,0,28,40,4,72,18,0,18,90
10/05/2018,LCH,LA,ASW,CE,Combined TRACON& Tower with Radar,0,13,7,11,31,0,12,14,0,26,0,25,21,11,57,38,0,38,95
10/06/2018,LCH,LA,ASW,CE,Combined TRACON& Tower with Radar,0,7,3,0,10,0,4,41,0,45,0,11,44,0,55,64,0,64,119
10/07/2018,LCH,LA,ASW,CE,Combined TRACON& Tower with Radar,0,10,8,0,18,0,13,23,0,36,0,23,31,0,54,36,0,36,90
10/08/2018,LCH,LA,ASW,CE,Combined TRACON& Tower with Radar,0,11,11,0,22,0,13,17,0,30,0,24,28,0,52,21,0,21,73
10/09/2018,LCH,LA,ASW,CE,Combined TRACON& Tower with Radar,0,14,9,2,25,0,1,2,0,3,0,15,11,2,28,0,0,0,28
10/10/2018,LCH,LA,ASW,CE,Combined TRACON& Tower with Radar,0,20,14,10,44,0,3,19,0,22,0,23,33,10,66,26,0,26,92
10/11/2018,LCH,LA,ASW,CE,Combined TRACON& Tower with Radar,0,12,16,0,28,0,22,26,0,48,0,34,42,0,76,52,0,52,128
10/12/2018,LCH,LA,ASW,CE,Combined TRACON& Tower with Radar,0,10,17,12,39,0,15,32,0,47,0,25,49,12,86,90,0,90,176
10/13/2018,LCH,LA,ASW,CE,Combined TRACON& Tower with Radar,0,7,8,12,27,0,8,24,0,32,0,15,32,12,59,0,0,0,59
10/14/2018,LCH,LA,ASW,CE,Combined TRACON& Tower with Radar,0,11,21,1,33,0,12,19,0,31,0,23,40,1,64,43,0,43,107
10/15/2018,LCH,LA,ASW,CE,Combined TRACON& Tower with Radar,0,11,2,0,13,0,12,8,0,20,0,23,10,0,33,16,0,16,49
10/16/2018,LCH,LA,ASW,CE,Combined TRACON& Tower with Radar,0,13,10,0,23,0,0,0,0,0,0,13,10,0,23,0,0,0,23
10/17/2018,LCH,LA,ASW,CE,Combined TRACON& Tower with Radar,0,16,14,0,30,0,0,1,0,1,0,16,15,0,31,2,0,2,33
10/18/2018,LCH,LA,ASW,CE,Combined TRACON& Tower with Radar,0,18,12,0,30,0,8,23,0,31,0,26,35,0,61,34,0,34,95
10/19/2018,LCH,LA,ASW,CE,Combined TRACON& Tower with Radar,0,11,16,10,37,0,11,20,0,31,0,22,36,10,68,42,0,42,110
10/20/2018,LCH,LA,ASW,CE,Combined TRACON& Tower with Radar,0,8,8,0,16,0,5,0,1,6,0,13,8,1,22,0,0,0,22
10/21/2018,LCH,LA,ASW,CE,Combined TRACON& Tower with Radar,0,8,11,2,21,0,9,19,0,28,0,17,30,2,49,14,0,14,63
10/22/2018,LCH,LA,ASW,CE,Combined TRACON& Tower with Radar,0,13,6,1,20,0,21,12,0,33,0,34,18,1,53,20,0,20,73
10/23/2018,LCH,LA,ASW,CE,Combined TRACON& Tower with Radar,0,20,13,0,33,0,1,4,0,5,0,21,17,0,38,0,0,0,38
10/24/2018,LCH,LA,ASW,CE,Combined TRACON& Tower with Radar,0,17,8,0,25,0,7,14,0,21,0,24,22,0,46,12,0,12,58
10/25/2018,LCH,LA,ASW,CE,Combined TRACON& Tower with Radar,0,19,21,0,40,0,3,2,0,5,0,22,23,0,45,0,0,0,45
10/26/2018,LCH,LA,ASW,CE,Combined TRACON& Tower with Radar,0,13,23,9,45,0,18,40,1,59,0,31,63,10,104,53,0,53,157
10/27/2018,LCH,LA,ASW,CE,Combined TRACON& Tower with Radar,0,6,5,0,11,0,11,23,0,34,0,17,28,0,45,91,0,91,136
10/28/2018,LCH,LA,ASW,CE,Combined TRACON& Tower with Radar,0,13,13,4,30,0,12,32,0,44,0,25,45,4,74,32,0,32,106
10/29/2018,LCH,LA,ASW,CE,Combined TRACON& Tower with Radar,0,14,8,4,26,0,15,19,0,34,0,29,27,4,60,34,0,34,94
10/30/2018,LCH,LA,ASW,CE,Combined TRACON& Tower with Radar,0,10,11,1,22,0,21,30,0,51,0,31,41,1,73,4,0,4,77
10/31/2018,LCH,LA,ASW,CE,Combined TRACON& Tower with Radar,2,12,2,0,16,0,12,8,0,20,2,24,10,0,36,3,0,3,39
11/01/2018,LCH,LA,ASW,CE,Combined TRACON& Tower with Radar,0,16,6,7,29,0,9,8,0,17,0,25,14,7,46,7,0,7,53
11/02/2018,LCH,LA,ASW,CE,Combined TRACON& Tower with Radar,0,15,20,8,43,0,11,47,0,58,0,26,67,8,101,50,0,50,151
11/03/2018,LCH,LA,ASW,CE,Combined TRACON& Tower with Radar,0,7,11,0,18,0,3,32,0,35,0,10,43,0,53,2,0,2,55
11/04/2018,LCH,LA,ASW,CE,Combined TRACON& Tower with Radar,0,15,12,0,27,0,0,8,0,8,0,15,20,0,35,2,0,2,37
11/05/2018,LCH,LA,ASW,CE,Combined TRACON& Tower with Radar,0,18,9,0,27,0,6,5,0,11,0,24,14,0,38,0,0,0,38
11/06/2018,LCH,LA,ASW,CE,Combined TRACON& Tower with Radar,0,20,8,4,32,0,3,6,1,10,0,23,14,5,42,12,0,12,54
11/07/2018,LCH,LA,ASW,CE,Combined TRACON& Tower with Radar,0,18,4,0,22,0,3,0,0,3,0,21,4,0,25,0,0,0,25
11/08/2018,LCH,LA,ASW,CE,Combined TRACON& Tower with Radar,0,18,23,0,41,0,0,3,0,3,0,18,26,0,44,4,0,4,48
11/09/2018,LCH,LA,ASW,CE,Combined TRACON& Tower with Radar,0,12,12,0,24,0,2,3,0,5,0,14,15,0,29,0,0,0,29
11/10/2018,LCH,LA,ASW,CE,Combined TRACON& Tower with Radar,0,10,10,5,25,0,4,17,0,21,0,14,27,5,46,24,0,24,70
11/11/2018,LCH,LA,ASW,CE,Combined TRACON& Tower with Radar,0,12,14,3,29,0,7,17,0,24,0,19,31,3,53,73,0,73,126
11/12/2018,LCH,LA,ASW,CE,Combined TRACON& Tower with Radar,0,17,8,0,25,0,1,0,0,1,0,18,8,0,26,0,0,0,26
11/13/2018,LCH,LA,ASW,CE,Combined TRACON& Tower with Radar,0,11,7,0,18,0,5,7,0,12,0,16,14,0,30,6,0,6,36
11/14/2018,LCH,LA,ASW,CE,Combined TRACON& Tower with Radar,0,14,10,4,28,0,18,21,1,40,0,32,31,5,68,16,0,16,84
11/15/2018,LCH,LA,ASW,CE,Combined TRACON& Tower with Radar,0,12,26,0,38,0,17,33,0,50,0,29,59,0,88,12,0,12,100
11/16/2018,LCH,LA,ASW,CE,Combined TRACON& Tower with Radar,0,11,13,4,28,0,20,38,0,58,0,31,51,4,86,12,0,12,98
11/17/2018,LCH,LA,ASW,CE,Combined TRACON& Tower with Radar,0,10,13,8,31,0,10,40,0,50,0,20,53,8,81,28,0,28,109
11/18/2018,LCH,LA,ASW,CE,Combined TRACON& Tower with Radar,0,18,15,2,35,0,6,14,0,20,0,24,29,2,55,8,0,8,63
11/19/2018,LCH,LA,ASW,CE,Combined TRACON& Tower with Radar,0,20,2,0,22,0,2,4,0,6,0,22,6,0,28,8,0,8,36
11/20/2018,LCH,LA,ASW,CE,Combined TRACON& Tower with Radar,0,16,13,5,34,0,16,23,0,39,0,32,36,5,73,28,0,28,101
11/21/2018,LCH,LA,ASW,CE,Combined TRACON& Tower with Radar,0,16,6,0,22,0,22,19,0,41,0,38,25,0,63,13,0,13,76
11/22/2018,LCH,LA,ASW,CE,Combined TRACON& Tower with Radar,0,13,4,0,17,0,2,9,0,11,0,15,13,0,28,5,0,5,33
11/23/2018,LCH,LA,ASW,CE,Combined TRACON& Tower with Radar,0,18,6,0,24,0,4,7,0,11,0,22,13,0,35,0,0,0,35
11/24/2018,LCH,LA,ASW,CE,Combined TRACON& Tower with Radar,0,12,15,0,27,0,0,19,0,19,0,12,34,0,46,52,0,52,98
11/25/2018,LCH,LA,ASW,CE,Combined TRACON& Tower with Radar,0,8,13,0,21,0,2,3,0,5,0,10,16,0,26,30,0,30,56
11/26/2018,LCH,LA,ASW,CE,Combined TRACON& Tower with Radar,0,13,20,1,34,0,10,22,1,33,0,23,42,2,67,20,0,20,87
11/27/2018,LCH,LA,ASW,CE,Combined TRACON& Tower with Radar,0,14,9,4,27,0,12,24,0,36,0,26,33,4,63,14,0,14,77
11/28/2018,LCH,LA,ASW,CE,Combined TRACON& Tower with Radar,0,14,17,0,31,0,16,19,0,35,0,30,36,0,66,21,0,21,87
11/29/2018,LCH,LA,ASW,CE,Combined TRACON& Tower with Radar,0,16,13,0,29,0,16,17,0,33,0,32,30,0,62,16,0,16,78
11/30/2018,LCH,LA,ASW,CE,Combined TRACON& Tower with Radar,0,21,14,4,39,0,4,3,0,7,0,25,17,4,46,6,0,6,52
12/01/2018,LCH,LA,ASW,CE,Combined TRACON& Tower with Radar,0,12,14,14,40,0,7,26,1,34,0,19,40,15,74,12,0,12,86
12/02/2018,LCH,LA,ASW,CE,Combined TRACON& Tower with Radar,0,13,16,0,29,0,13,32,0,45,0,26,48,0,74,26,0,26,100
12/03/2018,LCH,LA,ASW,CE,Combined TRACON& Tower with Radar,0,17,8,8,33,0,21,23,0,44,0,38,31,8,77,57,0,57,134
12/04/2018,LCH,LA,ASW,CE,Combined TRACON& Tower with Radar,0,9,16,2,27,0,21,20,2,43,0,30,36,4,70,7,0,7,77
12/05/2018,LCH,LA,ASW,CE,Combined TRACON& Tower with Radar,0,12,12,0,24,0,16,44,0,60,0,28,56,0,84,60,0,60,144
12/06/2018,LCH,LA,ASW,CE,Combined TRACON& Tower with Radar,0,9,19,2,30,0,19,16,0,35,0,28,35,2,65,32,0,32,97
12/07/2018,LCH,LA,ASW,CE,Combined TRACON& Tower with Radar,2,15,14,0,31,0,9,12,0,21,2,24,26,0,52,6,0,6,58
12/08/2018,LCH,LA,ASW,CE,Combined TRACON& Tower with Radar,0,11,14,0,25,0,0,0,0,0,0,11,14,0,25,22,0,22,47
12/09/2018,LCH,LA,ASW,CE,Combined TRACON& Tower with Radar,0,19,17,2,38,0,4,1,0,5,0,23,18,2,43,15,0,15,58
12/10/2018,LCH,LA,ASW,CE,Combined TRACON& Tower with Radar,0,11,15,0,26,0,20,21,0,41,0,31,36,0,67,38,0,38,105
12/11/2018,LCH,LA,ASW,CE,Combined TRACON& Tower with Radar,0,17,13,0,30,0,19,24,0,43,0,36,37,0,73,72,0,72,145
12/12/2018,LCH,LA,ASW,CE,Combined TRACON& Tower with Radar,0,10,12,0,22,0,12,17,0,29,0,22,29,0,51,20,0,20,71
12/13/2018,LCH,LA,ASW,CE,Combined TRACON& Tower with Radar,0,11,10,0,21,0,8,10,0,18,0,19,20,0,39,8,0,8,47
12/14/2018,LCH,LA,ASW,CE,Combined TRACON& Tower with Radar,0,13,12,3,28,0,7,13,0,20,0,20,25,3,48,44,0,44,92
12/15/2018,LCH,LA,ASW,CE,Combined TRACON& Tower with Radar,0,11,20,8,39,0,6,8,0,14,0,17,28,8,53,32,0,32,85
12/16/2018,LCH,LA,ASW,CE,Combined TRACON& Tower with Radar,0,15,19,8,42,0,9,36,0,45,0,24,55,8,87,0,0,0,87
12/17/2018,LCH,LA,ASW,CE,Combined TRACON& Tower with Radar,0,14,9,3,26,0,13,16,1,30,0,27,25,4,56,16,1,17,73
12/18/2018,LCH,LA,ASW,CE,Combined TRACON& Tower with Radar,0,18,29,2,49,0,6,16,0,22,0,24,45,2,71,7,0,7,78
12/19/2018,LCH,LA,ASW,CE,Combined TRACON& Tower with Radar,0,17,24,0,41,0,2,2,0,4,0,19,26,0,45,2,0,2,47
12/20/2018,LCH,LA,ASW,CE,Combined TRACON& Tower with Radar,0,13,27,7,47,0,5,1,0,6,0,18,28,7,53,14,0,14,67
12/21/2018,LCH,LA,ASW,CE,Combined TRACON& Tower with Radar,0,7,14,1,22,0,10,39,0,49,0,17,53,1,71,16,0,16,87
12/22/2018,LCH,LA,ASW,CE,Combined TRACON& Tower with Radar,0,12,10,1,23,0,14,15,0,29,0,26,25,1,52,8,0,8,60
12/23/2018,LCH,LA,ASW,CE,Combined TRACON& Tower with Radar,0,8,8,0,16,0,6,18,0,24,0,14,26,0,40,22,0,22,62
12/24/2018,LCH,LA,ASW,CE,Combined TRACON& Tower with Radar,0,6,10,2,18,0,9,23,1,33,0,15,33,3,51,20,0,20,71
12/25/2018,LCH,LA,ASW,CE,Combined TRACON& Tower with Radar,0,11,2,0,13,0,0,0,0,0,0,11,2,0,13,0,0,0,13
12/26/2018,LCH,LA,ASW,CE,Combined TRACON& Tower with Radar,0,10,8,0,18,0,4,3,0,7,0,14,11,0,25,0,0,0,25
12/27/2018,LCH,LA,ASW,CE,Combined TRACON& Tower with Radar,0,9,8,0,17,0,0,4,0,4,0,9,12,0,21,2,0,2,23
12/28/2018,LCH,LA,ASW,CE,Combined TRACON& Tower with Radar,0,12,11,0,23,0,21,24,0,45,0,33,35,0,68,63,0,63,131
12/29/2018,LCH,LA,ASW,CE,Combined TRACON& Tower with Radar,0,15,7,0,22,0,3,0,0,3,0,18,7,0,25,2,0,2,27
12/30/2018,LCH,LA,ASW,CE,Combined TRACON& Tower with Radar,0,12,7,0,19,0,0,0,0,0,0,12,7,0,19,0,0,0,19
12/31/2018,LCH,LA,ASW,CE,Combined TRACON& Tower with Radar,0,15,4,0,19,0,6,1,0,7,0,21,5,0,26,2,0,2,28
01/01/2019,LCH,LA,ASW,CE,Combined TRACON& Tower with Radar,0,11,16,0,27,0,11,17,0,28,0,22,33,0,55,12,0,12,67
01/02/2019,LCH,LA,ASW,CE,Combined TRACON& Tower with Radar,0,20,7,0,27,0,0,0,0,0,0,20,7,0,27,0,0,0,27
01/03/2019,LCH,LA,ASW,CE,Combined TRACON& Tower with Radar,0,23,5,0,28,0,3,0,0,3,0,26,5,0,31,0,0,0,31
01/04/2019,LCH,LA,ASW,CE,Combined TRACON& Tower with Radar,0,11,23,1,35,0,16,23,2,41,0,27,46,3,76,46,0,46,122
01/05/2019,LCH,LA,ASW,CE,Combined TRACON& Tower with Radar,0,9,11,10,30,0,5,46,1,52,0,14,57,11,82,37,0,37,119
01/06/2019,LCH,LA,ASW,CE,Combined TRACON& Tower with Radar,0,17,17,0,34,0,7,19,0,26,0,24,36,0,60,55,0,55,115
01/07/2019,LCH,LA,ASW,CE,Combined TRACON& Tower with Radar,0,13,7,3,23,0,19,18,1,38,0,32,25,4,61,35,0,35,96
01/08/2019,LCH,LA,ASW,CE,Combined TRACON& Tower with Radar,0,15,14,0,29,0,18,24,0,42,0,33,38,0,71,7,0,7,78
01/09/2019,LCH,LA,ASW,CE,Combined TRACON& Tower with Radar,0,12,9,3,24,0,17,28,0,45,0,29,37,3,69,58,0,58,127
01/10/2019,LCH,LA,ASW,CE,Combined TRACON& Tower with Radar,0,13,19,5,37,0,22,33,1,56,0,35,52,6,93,52,0,52,145
01/11/2019,LCH,LA,ASW,CE,Combined TRACON& Tower with Radar,0,15,19,6,40,0,17,24,0,41,0,32,43,6,81,36,0,36,117
01/12/2019,LCH,LA,ASW,CE,Combined TRACON& Tower with Radar,0,12,13,2,27,0,3,14,0,17,0,15,27,2,44,21,0,21,65
01/13/2019,LCH,LA,ASW,CE,Combined TRACON& Tower with Radar,0,11,7,0,18,0,8,31,0,39,0,19,38,0,57,5,0,5,62
01/14/2019,LCH,LA,ASW,CE,Combined TRACON& Tower with Radar,0,12,18,0,30,0,17,20,0,37,0,29,38,0,67,32,0,32,99
01/15/2019,LCH,LA,ASW,CE,Combined TRACON& Tower with Radar,0,15,17,0,32,0,12,14,0,26,0,27,31,0,58,12,0,12,70
01/16/2019,LCH,LA,ASW,CE,Combined TRACON& Tower with Radar,0,17,14,3,34,0,12,16,0,28,0,29,30,3,62,26,0,26,88
01/17/2019,LCH,LA,ASW,CE,Combined TRACON& Tower with Radar,0,19,10,2,31,0,0,3,0,3,0,19,13,2,34,29,0,29,63
01/18/2019,LCH,LA,ASW,CE,Combined TRACON& Tower with Radar,0,23,18,0,41,0,0,0,0,0,0,23,18,0,41,2,0,2,43
01/19/2019,LCH,LA,ASW,CE,Combined TRACON& Tower with Radar,0,12,4,0,16,0,14,7,0,21,0,26,11,0,37,15,0,15,52
01/20/2019,LCH,LA,ASW,CE,Combined TRACON& Tower with Radar,0,14,15,0,29,0,4,21,0,25,0,18,36,0,54,0,0,0,54
01/21/2019,LCH,LA,ASW,CE,Combined TRACON& Tower with Radar,0,12,12,1,25,0,11,18,0,29,0,23,30,1,54,26,0,26,80
01/22/2019,LCH,LA,ASW,CE,Combined TRACON& Tower with Radar,0,13,14,0,27,0,9,10,1,20,0,22,24,1,47,15,0,15,62
01/23/2019,LCH,LA,ASW,CE,Combined TRACON& Tower with Radar,0,8,4,0,12,0,0,0,0,0,0,8,4,0,12,0,0,0,12
01/24/2019,LCH,LA,ASW,CE,Combined TRACON& Tower with Radar,0,12,12,1,25,0,22,41,0,63,0,34,53,1,88,28,0,28,116
01/25/2019,LCH,LA,ASW,CE,Combined TRACON& Tower with Radar,0,14,6,6,26,0,17,21,0,38,0,31,27,6,64,19,0,19,83
01/26/2019,LCH,LA,ASW,CE,Combined TRACON& Tower with Radar,0,11,11,0,22,0,12,17,0,29,0,23,28,0,51,14,0,14,65
01/27/2019,LCH,LA,ASW,CE,Combined TRACON& Tower with Radar,0,15,13,6,34,0,20,40,0,60,0,35,53,6,94,45,0,45,139
01/28/2019,LCH,LA,ASW,CE,Combined TRACON& Tower with Radar,0,14,10,3,27,0,14,13,0,27,0,28,23,3,54,18,0,18,72
01/29/2019,LCH,LA,ASW,CE,Combined TRACON& Tower with Radar,0,11,9,0,20,0,10,4,0,14,0,21,13,0,34,12,0,12,46
01/30/2019,LCH,LA,ASW,CE,Combined TRACON& Tower with Radar,0,13,13,0,26,0,25,28,0,53,0,38,41,0,79,20,0,20,99
01/31/2019,LCH,LA,ASW,CE,Combined TRACON& Tower with Radar,0,17,9,0,26,0,18,10,0,28,0,35,19,0,54,22,0,22,76
02/01/2019,LCH,LA,ASW,CE,Combined TRACON& Tower with Radar,0,21,14,0,35,0,3,0,0,3,0,24,14,0,38,6,0,6,44
02/02/2019,LCH,LA,ASW,CE,Combined TRACON& Tower with Radar,0,18,5,0,23,0,10,32,0,42,0,28,37,0,65,58,0,58,123
02/03/2019,LCH,LA,ASW,CE,Combined TRACON& Tower with Radar,0,11,4,4,19,0,2,2,0,4,0,13,6,4,23,0,0,0,23
02/04/2019,LCH,LA,ASW,CE,Combined TRACON& Tower with Radar,0,21,7,5,33,0,0,0,0,0,0,21,7,5,33,0,0,0,33
02/05/2019,LCH,LA,ASW,CE,Combined TRACON& Tower with Radar,0,19,18,0,37,0,2,1,0,3,0,21,19,0,40,3,0,3,43
02/06/2019,LCH,LA,ASW,CE,Combined TRACON& Tower with Radar,0,19,19,0,38,0,1,0,0,1,0,20,19,0,39,0,0,0,39
02/07/2019,LCH,LA,ASW,CE,Combined TRACON& Tower with Radar,0,18,15,0,33,0,3,3,0,6,0,21,18,0,39,14,0,14,53
02/08/2019,LCH,LA,ASW,CE,Combined TRACON& Tower with Radar,0,13,7,19,39,0,7,9,0,16,0,20,16,19,55,0,0,0,55
02/09/2019,LCH,LA,ASW,CE,Combined TRACON& Tower with Radar,0,11,10,8,29,0,5,19,0,24,0,16,29,8,53,19,0,19,72
02/10/2019,LCH,LA,ASW,CE,Combined TRACON& Tower with Radar,0,10,15,1,26,0,5,17,0,22,0,15,32,1,48,40,0,40,88
02/11/2019,LCH,LA,ASW,CE,Combined TRACON& Tower with Radar,0,18,9,0,27,0,0,25,0,25,0,18,34,0,52,2,0,2,54
02/12/2019,LCH,LA,ASW,CE,Combined TRACON& Tower with Radar,0,11,4,0,15,0,14,21,0,35,0,25,25,0,50,22,0,22,72
02/13/2019,LCH,LA,ASW,CE,Combined TRACON& Tower with Radar,0,10,9,4,23,0,16,43,0,59,0,26,52,4,82,24,0,24,106
02/14/2019,LCH,LA,ASW,CE,Combined TRACON& Tower with Radar,0,15,14,0,29,0,12,11,3,26,0,27,25,3,55,0,0,0,55
02/15/2019,LCH,LA,ASW,CE,Combined TRACON& Tower with Radar,0,28,16,13,57,0,9,11,0,20,0,37,27,13,77,18,0,18,95
02/16/2019,LCH,LA,ASW,CE,Combined TRACON& Tower with Radar,0,12,4,0,16,0,0,0,0,0,0,12,4,0,16,0,0,0,16
02/17/2019,LCH,LA,ASW,CE,Combined TRACON& Tower with Radar,0,16,10,6,32,0,6,1,0,7,0,22,11,6,39,8,0,8,47
02/18/2019,LCH,LA,ASW,CE,Combined TRACON& Tower with Radar,0,19,4,0,23,0,11,15,0,26,0,30,19,0,49,10,0,10,59
02/19/2019,LCH,LA,ASW,CE,Combined TRACON& Tower with Radar,0,12,8,0,20,0,1,0,0,1,0,13,8,0,21,14,0,14,35
02/20/2019,LCH,LA,ASW,CE,Combined TRACON& Tower with Radar,0,19,20,1,40,0,5,12,0,17,0,24,32,1,57,1,0,1,58
02/21/2019,LCH,LA,ASW,CE,Combined TRACON& Tower with Radar,0,11,3,0,14,0,0,0,0,0,0,11,3,0,14,0,0,0,14
02/22/2019,LCH,LA,ASW,CE,Combined TRACON& Tower with Radar,0,16,9,25,50,0,2,0,0,2,0,18,9,25,52,4,0,4,56
02/23/2019,LCH,LA,ASW,CE,Combined TRACON& Tower with Radar,0,10,5,0,15,0,0,4,0,4,0,10,9,0,19,0,0,0,19
02/24/2019,LCH,LA,ASW,CE,Combined TRACON& Tower with Radar,0,10,11,11,32,0,13,44,0,57,0,23,55,11,89,30,0,30,119
02/25/2019,LCH,LA,ASW,CE,Combined TRACON& Tower with Radar,0,14,11,0,25,0,6,9,0,15,0,20,20,0,40,0,0,0,40
02/26/2019,LCH,LA,ASW,CE,Combined TRACON& Tower with Radar,0,13,5,0,18,0,5,9,0,14,0,18,14,0,32,0,0,0,32
02/27/2019,LCH,LA,ASW,CE,Combined TRACON& Tower with Radar,0,12,12,8,32,0,1,4,2,7,0,13,16,10,39,10,0,10,49
02/28/2019,LCH,LA,ASW,CE,Combined TRACON& Tower with Radar,0,20,6,0,26,0,0,1,2,3,0,20,7,2,29,12,0,12,41
03/01/2019,LCH,LA,ASW,CE,Combined TRACON& Tower with Radar,0,26,10,6,42,0,3,7,0,10,0,29,17,6,52,10,0,10,62
03/02/2019,LCH,LA,ASW,CE,Combined TRACON& Tower with Radar,0,10,5,0,15,0,2,1,0,3,0,12,6,0,18,6,0,6,24
03/03/2019,LCH,LA,ASW,CE,Combined TRACON& Tower with Radar,0,10,8,0,18,0,0,2,0,2,0,10,10,0,20,6,0,6,26
03/04/2019,LCH,LA,ASW,CE,Combined TRACON& Tower with Radar,0,15,9,0,24,0,9,11,0,20,0,24,20,0,44,0,0,0,44
03/05/2019,LCH,LA,ASW,CE,Combined TRACON& Tower with Radar,0,13,8,0,21,0,19,30,0,49,0,32,38,0,70,22,0,22,92
03/06/2019,LCH,LA,ASW,CE,Combined TRACON& Tower with Radar,0,13,9,4,26,0,22,26,0,48,0,35,35,4,74,34,0,34,108
03/07/2019,LCH,LA,ASW,CE,Combined TRACON& Tower with Radar,0,12,18,0,30,0,5,12,0,17,0,17,30,0,47,11,0,11,58
03/08/2019,LCH,LA,ASW,CE,Combined TRACON& Tower with Radar,0,15,21,4,40,0,5,1,0,6,0,20,22,4,46,20,0,20,66
03/09/2019,LCH,LA,ASW,CE,Combined TRACON& Tower with Radar,0,10,2,0,12,0,4,0,0,4,0,14,2,0,16,0,0,0,16
03/10/2019,LCH,LA,ASW,CE,Combined TRACON& Tower with Radar,0,13,6,4,23,0,2,2,0,4,0,15,8,4,27,2,0,2,29
03/11/2019,LCH,LA,ASW,CE,Combined TRACON& Tower with Radar,0,18,15,2,35,0,1,1,0,2,0,19,16,2,37,4,0,4,41
03/12/2019,LCH,LA,ASW,CE,Combined TRACON& Tower with Radar,0,21,26,0,47,0,1,5,0,6,0,22,31,0,53,32,0,32,85
03/13/2019,LCH,LA,ASW,CE,Combined TRACON& Tower with Radar,0,16,4,2,22,0,1,5,0,6,0,17,9,2,28,0,0,0,28
03/14/2019,LCH,LA,ASW,CE,Combined TRACON& Tower with Radar,0,18,8,5,31,0,2,4,0,6,0,20,12,5,37,0,0,0,37
03/15/2019,LCH,LA,ASW,CE,Combined TRACON& Tower with Radar,0,10,21,14,45,0,9,25,0,34,0,19,46,14,79,33,0,33,112
03/16/2019,LCH,LA,ASW,CE,Combined TRACON& Tower with Radar,0,7,9,0,16,0,7,45,0,52,0,14,54,0,68,22,0,22,90
03/17/2019,LCH,LA,ASW,CE,Combined TRACON& Tower with Radar,0,14,20,0,34,0,6,41,0,47,0,20,61,0,81,25,0,25,106
03/18/2019,LCH,LA,ASW,CE,Combined TRACON& Tower with Radar,0,16,6,1,23,0,20,20,0,40,0,36,26,1,63,14,0,14,77
03/19/2019,LCH,LA,ASW,CE,Combined TRACON& Tower with Radar,0,9,9,0,18,0,15,22,0,37,0,24,31,0,55,33,0,33,88
03/20/2019,LCH,LA,ASW,CE,Combined TRACON& Tower with Radar,0,11,10,2,23,0,15,40,0,55,0,26,50,2,78,10,0,10,88
03/21/2019,LCH,LA,ASW,CE,Combined TRACON& Tower with Radar,0,13,16,6,35,0,15,34,0,49,0,28,50,6,84,17,0,17,101
03/22/2019,LCH,LA,ASW,CE,Combined TRACON& Tower with Radar,0,12,10,8,30,0,18,37,0,55,0,30,47,8,85,34,0,34,119
03/23/2019,LCH,LA,ASW,CE,Combined TRACON& Tower with Radar,0,8,14,10,32,0,12,27,0,39,0,20,41,10,71,30,0,30,101
03/24/2019,LCH,LA,ASW,CE,Combined TRACON& Tower with Radar,0,17,24,0,41,0,12,21,0,33,0,29,45,0,74,12,0,12,86
03/25/2019,LCH,LA,ASW,CE,Combined TRACON& Tower with Radar,0,22,15,0,37,0,8,13,0,21,0,30,28,0,58,20,0,20,78
03/26/2019,LCH,LA,ASW,CE,Combined TRACON& Tower with Radar,0,17,16,4,37,0,18,44,0,62,0,35,60,4,99,34,0,34,133
03/27/2019,LCH,LA,ASW,CE,Combined TRACON& Tower with Radar,0,12,7,2,21,0,20,29,0,49,0,32,36,2,70,72,0,72,142
03/28/2019,LCH,LA,ASW,CE,Combined TRACON& Tower with Radar,0,22,12,0,34,0,13,28,0,41,0,35,40,0,75,25,0,25,100
03/29/2019,LCH,LA,ASW,CE,Combined TRACON& Tower with Radar,0,14,18,20,52,0,16,20,0,36,0,30,38,20,88,35,0,35,123
03/30/2019,LCH,LA,ASW,CE,Combined TRACON& Tower with Radar,0,11,14,0,25,0,2,2,0,4,0,13,16,0,29,16,0,16,45
03/31/2019,LCH,LA,ASW,CE,Combined TRACON& Tower with Radar,0,15,11,8,34,0,6,18,1,25,0,21,29,9,59,22,0,22,81
04/01/2019,LCH,LA,ASW,CE,Combined TRACON& Tower with Radar,0,15,10,2,27,0,9,19,0,28,0,24,29,2,55,43,0,43,98
04/02/2019,LCH,LA,ASW,CE,Combined TRACON& Tower with Radar,0,11,4,4,19,0,23,32,0,55,0,34,36,4,74,32,0,32,106
04/03/2019,LCH,LA,ASW,CE,Combined TRACON& Tower with Radar,0,14,5,0,19,0,16,22,0,38,0,30,27,0,57,28,0,28,85
04/04/2019,LCH,LA,ASW,CE,Combined TRACON& Tower with Radar,0,14,7,4,25,0,0,0,0,0,0,14,7,4,25,0,0,0,25
04/05/2019,LCH,LA,ASW,CE,Combined TRACON& Tower with Radar,0,19,20,2,41,0,0,1,0,1,0,19,21,2,42,0,0,0,42
04/06/2019,LCH,LA,ASW,CE,Combined TRACON& Tower with Radar,0,8,13,0,21,0,5,10,0,15,0,13,23,0,36,22,0,22,58
04/07/2019,LCH,LA,ASW,CE,Combined TRACON& Tower with Radar,0,6,11,0,17,0,0,0,0,0,0,6,11,0,17,0,0,0,17
04/08/2019,LCH,LA,ASW,CE,Combined TRACON& Tower with Radar,0,18,14,0,32,0,10,11,0,21,0,28,25,0,53,31,0,31,84
04/09/2019,LCH,LA,ASW,CE,Combined TRACON& Tower with Radar,0,11,20,3,34,0,13,61,1,75,0,24,81,4,109,37,0,37,146
04/10/2019,LCH,LA,ASW,CE,Combined TRACON& Tower with Radar,2,13,14,0,29,0,16,37,0,53,2,29,51,0,82,57,0,57,139
04/11/2019,LCH,LA,ASW,CE,Combined TRACON& Tower with Radar,0,18,27,4,49,0,14,22,0,36,0,32,49,4,85,42,0,42,127
04/12/2019,LCH,LA,ASW,CE,Combined TRACON& Tower with Radar,0,28,13,6,47,0,13,22,0,35,0,41,35,6,82,63,0,63,145
04/13/2019,LCH,LA,ASW,CE,Combined TRACON& Tower with Radar,0,6,2,0,8,0,0,3,0,3,0,6,5,0,11,0,0,0,11
04/14/2019,LCH,LA,ASW,CE,Combined TRACON& Tower with Radar,0,12,12,0,24,0,10,13,0,23,0,22,25,0,47,32,0,32,79
04/15/2019,LCH,LA,ASW,CE,Combined TRACON& Tower with Radar,0,13,19,3,35,0,17,41,1,59,0,30,60,4,94,27,0,27,121
04/16/2019,LCH,LA,ASW,CE,Combined TRACON& Tower with Radar,0,10,6,5,21,0,12,29,1,42,0,22,35,6,63,15,0,15,78
04/17/2019,LCH,LA,ASW,CE,Combined TRACON& Tower with Radar,0,9,17,0,26,0,16,18,0,34,0,25,35,0,60,39,0,39,99
04/18/2019,LCH,LA,ASW,CE,Combined TRACON& Tower with Radar,0,9,5,0,14,0,4,1,0,5,0,13,6,0,19,4,0,4,23
04/19/2019,LCH,LA,ASW,CE,Combined TRACON& Tower with Radar,0,12,11,10,33,0,17,9,0,26,0,29,20,10,59,18,0,18,77
04/20/2019,LCH,LA,ASW,CE,Combined TRACON& Tower with Radar,0,8,7,0,15,0,9,31,0,40,0,17,38,0,55,32,0,32,87
04/21/2019,LCH,LA,ASW,CE,Combined TRACON& Tower with Radar,0,8,3,0,11,0,8,31,0,39,0,16,34,0,50,32,0,32,82
04/22/2019,LCH,LA,ASW,CE,Combined TRACON& Tower with Radar,0,11,13,0,24,0,15,21,0,36,0,26,34,0,60,36,0,36,96
04/23/2019,LCH,LA,ASW,CE,Combined TRACON& Tower with Radar,0,11,16,9,36,0,14,20,0,34,0,25,36,9,70,42,0,42,112
04/24/2019,LCH,LA,ASW,CE,Combined TRACON& Tower with Radar,0,12,25,0,37,0,17,11,1,29,0,29,36,1,66,16,0,16,82
04/25/2019,LCH,LA,ASW,CE,Combined TRACON& Tower with Radar,0,13,9,0,22,0,6,15,0,21,0,19,24,0,43,40,0,40,83
04/26/2019,LCH,LA,ASW,CE,Combined TRACON& Tower with Radar,0,14,5,8,27,0,23,35,0,58,0,37,40,8,85,58,0,58,143
04/27/2019,LCH,LA,ASW,CE,Combined TRACON& Tower with Radar,0,8,13,6,27,0,4,29,0,33,0,12,42,6,60,32,0,32,92
04/28/2019,LCH,LA,ASW,CE,Combined TRACON& Tower with Radar,0,9,8,2,19,0,8,34,0,42,0,17,42,2,61,45,0,45,106
04/29/2019,LCH,LA,ASW,CE,Combined TRACON& Tower with Radar,0,15,20,0,35,0,10,13,0,23,0,25,33,0,58,17,0,17,75
04/30/2019,LCH,LA,ASW,CE,Combined TRACON& Tower with Radar,0,14,20,2,36,0,7,22,2,31,0,21,42,4,67,24,0,24,91
05/01/2019,LCH,LA,ASW,CE,Combined TRACON& Tower with Radar,0,10,22,0,32,0,10,24,0,34,0,20,46,0,66,24,0,24,90
05/02/2019,LCH,LA,ASW,CE,Combined TRACON& Tower with Radar,0,18,16,1,35,0,9,19,0,28,0,27,35,1,63,37,0,37,100
05/03/2019,LCH,LA,ASW,CE,Combined TRACON& Tower with Radar,0,14,18,2,34,0,4,11,0,15,0,18,29,2,49,50,0,50,99
05/04/2019,LCH,LA,ASW,CE,Combined TRACON& Tower with Radar,0,12,5,0,17,0,2,8,0,10,0,14,13,0,27,3,0,3,30
05/05/2019,LCH,LA,ASW,CE,Combined TRACON& Tower with Radar,0,10,14,8,32,0,6,48,2,56,0,16,62,10,88,61,10,71,159
05/06/2019,LCH,LA,ASW,CE,Combined TRACON& Tower with Radar,0,10,25,4,39,0,16,29,0,45,0,26,54,4,84,46,0,46,130
05/07/2019,LCH,LA,ASW,CE,Combined TRACON& Tower with Radar,0,14,24,2,40,0,5,17,0,22,0,19,41,2,62,84,0,84,146
05/08/2019,LCH,LA,ASW,CE,Combined TRACON& Tower with Radar,0,11,28,0,39,0,16,16,0,32,0,27,44,0,71,44,0,44,115
05/09/2019,LCH,LA,ASW,CE,Combined TRACON& Tower with Radar,0,10,9,0,19,0,8,2,0,10,0,18,11,0,29,0,0,0,29
05/10/2019,LCH,LA,ASW,CE,Combined TRACON& Tower with Radar,0,15,9,0,24,0,4,6,0,10,0,19,15,0,34,38,0,38,72
05/11/2019,LCH,LA,ASW,CE,Combined TRACON& Tower with Radar,0,8,10,0,18,0,0,0,0,0,0,8,10,0,18,0,0,0,18
05/12/2019,LCH,LA,ASW,CE,Combined TRACON& Tower with Radar,0,13,7,0,20,0,7,5,0,12,0,20,12,0,32,6,0,6,38
05/13/2019,LCH,LA,ASW,CE,Combined TRACON& Tower with Radar,0,15,18,0,33,0,16,23,0,39,0,31,41,0,72,20,0,20,92
05/14/2019,LCH,LA,ASW,CE,Combined TRACON& Tower with Radar,0,11,7,0,18,0,16,29,0,45,0,27,36,0,63,46,0,46,109
05/15/2019,LCH,LA,ASW,CE,Combined TRACON& Tower with Radar,0,10,18,4,32,0,17,41,0,58,0,27,59,4,90,24,0,24,114
05/16/2019,LCH,LA,ASW,CE,Combined TRACON& Tower with Radar,0,15,13,0,28,0,21,25,0,46,0,36,38,0,74,0,0,0,74
05/17/2019,LCH,LA,ASW,CE,Combined TRACON& Tower with Radar,0,13,17,6,36,0,13,25,0,38,0,26,42,6,74,46,0,46,120
05/18/2019,LCH,LA,ASW,CE,Combined TRACON& Tower with Radar,0,4,12,6,22,0,4,5,0,9,0,8,17,6,31,34,0,34,65
05/19/2019,LCH,LA,ASW,CE,Combined TRACON& Tower with Radar,0,10,12,0,22,0,7,1,0,8,0,17,13,0,30,2,0,2,32
05/20/2019,LCH,LA,ASW,CE,Combined TRACON& Tower with Radar,0,11,12,11,34,0,20,15,0,35,0,31,27,11,69,20,0,20,89
05/21/2019,LCH,LA,ASW,CE,Combined TRACON& Tower with Radar,0,8,11,6,25,0,7,6,0,13,0,15,17,6,38,0,0,0,38
05/22/2019,LCH,LA,ASW,CE,Combined TRACON& Tower with Radar,0,11,15,4,30,0,15,14,0,29,0,26,29,4,59,1,0,1,60
05/23/2019,LCH,LA,ASW,CE,Combined TRACON& Tower with Radar,0,15,15,0,30,0,22,18,0,40,0,37,33,0,70,23,0,23,93
05/24/2019,LCH,LA,ASW,CE,Combined TRACON& Tower with Radar,0,16,15,0,31,0,11,28,0,39,0,27,43,0,70,81,0,81,151
05/25/2019,LCH,LA,ASW,CE,Combined TRACON& Tower with Radar,0,11,14,0,25,0,13,25,0,38,0,24,39,0,63,84,0,84,147
05/26/2019,LCH,LA,ASW,CE,Combined TRACON& Tower with Radar,0,13,7,0,20,0,6,21,0,27,0,19,28,0,47,41,0,41,88
05/27/2019,LCH,LA,ASW,CE,Combined TRACON& Tower with Radar,0,12,5,6,23,0,7,43,0,50,0,19,48,6,73,56,0,56,129
05/28/2019,LCH,LA,ASW,CE,Combined TRACON& Tower with Radar,0,10,19,5,34,0,18,21,1,40,0,28,40,6,74,13,0,13,87
05/29/2019,LCH,LA,ASW,CE,Combined TRACON& Tower with Radar,0,14,11,2,27,0,14,12,0,26,0,28,23,2,53,57,0,57,110
05/30/2019,LCH,LA,ASW,CE,Combined TRACON& Tower with Radar,0,14,13,0,27,0,9,16,0,25,0,23,29,0,52,38,0,38,90
05/31/2019,LCH,LA,ASW,CE,Combined TRACON& Tower with Radar,0,14,19,6,39,0,10,62,1,73,0,24,81,7,112,32,0,32,144
06/01/2019,LCH,LA,ASW,CE,Combined TRACON& Tower with Radar,0,9,13,0,22,0,3,33,0,36,0,12,46,0,58,34,0,34,92
06/02/2019,LCH,LA,ASW,CE,Combined TRACON& Tower with Radar,0,10,20,0,30,0,2,14,0,16,0,12,34,0,46,20,0,20,66
06/03/2019,LCH,LA,ASW,CE,Combined TRACON& Tower with Radar,0,10,6,9,25,0,18,11,0,29,0,28,17,9,54,97,0,97,151
06/04/2019,LCH,LA,ASW,CE,Combined TRACON& Tower with Radar,0,14,3,2,19,0,17,20,0,37,0,31,23,2,56,94,0,94,150
06/05/2019,LCH,LA,ASW,CE,Combined TRACON& Tower with Radar,0,16,5,0,21,0,4,0,0,4,0,20,5,0,25,0,0,0,25
06/06/2019,LCH,LA,ASW,CE,Combined TRACON& Tower with Radar,0,10,7,0,17,0,3,14,0,17,0,13,21,0,34,4,0,4,38
06/07/2019,LCH,LA,ASW,CE,Combined TRACON& Tower with Radar,0,7,17,16,40,0,8,22,0,30,0,15,39,16,70,16,0,16,86
06/08/2019,LCH,LA,ASW,CE,Combined TRACON& Tower with Radar,0,8,13,0,21,0,3,22,0,25,0,11,35,0,46,38,0,38,84
06/09/2019,LCH,LA,ASW,CE,Combined TRACON& Tower with Radar,0,5,20,10,35,0,8,24,0,32,0,13,44,10,67,31,0,31,98
06/10/2019,LCH,LA,ASW,CE,Combined TRACON& Tower with Radar,0,10,11,6,27,0,20,18,0,38,0,30,29,6,65,43,0,43,108
06/11/2019,LCH,LA,ASW,CE,Combined TRACON& Tower with Radar,0,12,5,2,19,0,21,33,0,54,0,33,38,2,73,38,0,38,111
06/12/2019,LCH,LA,ASW,CE,Combined TRACON& Tower with Radar,0,10,14,2,26,0,24,31,0,55,0,34,45,2,81,112,0,112,193
06/13/2019,LCH,LA,ASW,CE,Combined TRACON& Tower with Radar,0,13,14,2,29,0,19,17,0,36,0,32,31,2,65,38,0,38,103
06/14/2019,LCH,LA,ASW,CE,Combined TRACON& Tower with Radar,0,11,16,4,31,0,21,30,0,51,0,32,46,4,82,5,0,5,87
06/15/2019,LCH,LA,ASW,CE,Combined TRACON& Tower with Radar,0,5,2,4,11,0,7,14,0,21,0,12,16,4,32,32,0,32,64
06/16/2019,LCH,LA,ASW,CE,Combined TRACON& Tower with Radar,0,15,7,6,28,0,8,17,1,26,0,23,24,7,54,5,0,5,59
06/17/2019,LCH,LA,ASW,CE,Combined TRACON& Tower with Radar,0,10,5,0,15,0,7,17,0,24,0,17,22,0,39,38,0,38,77
06/18/2019,LCH,LA,ASW,CE,Combined TRACON& Tower with Radar,0,10,10,11,31,0,13,13,0,26,0,23,23,11,57,33,0,33,90
06/19/2019,LCH,LA,ASW,CE,Combined TRACON& Tower with Radar,0,11,7,4,22,0,15,11,0,26,0,26,18,4,48,50,0,50,98
06/20/2019,LCH,LA,ASW,CE,Combined TRACON& Tower with Radar,0,9,11,2,22,0,15,15,1,31,0,24,26,3,53,4,0,4,57
06/21/2019,LCH,LA,ASW,CE,Combined TRACON& Tower with Radar,0,11,10,4,25,0,12,16,0,28,0,23,26,4,53,15,0,15,68
06/22/2019,LCH,LA,ASW,CE,Combined TRACON& Tower with Radar,0,7,23,12,42,0,12,10,1,23,0,19,33,13,65,72,0,72,137
06/23/2019,LCH,LA,ASW,CE,Combined TRACON& Tower with Radar,0,7,13,0,20,0,2,9,0,11,0,9,22,0,31,22,0,22,53
06/24/2019,LCH,LA,ASW,CE,Combined TRACON& Tower with Radar,0,13,6,0,19,0,5,8,0,13,0,18,14,0,32,0,0,0,32
06/25/2019,LCH,LA,ASW,CE,Combined TRACON& Tower with Radar,0,10,9,0,19,0,3,1,0,4,0,13,10,0,23,2,0,2,25
06/26/2019,LCH,LA,ASW,CE,Combined TRACON& Tower with Radar,0,15,16,2,33,0,21,25,3,49,0,36,41,5,82,42,0,42,124
06/27/2019,LCH,LA,ASW,CE,Combined TRACON& Tower with Radar,0,13,9,0,22,0,17,15,0,32,0,30,24,0,54,97,0,97,151
06/28/2019,LCH,LA,ASW,CE,Combined TRACON& Tower with Radar,0,10,5,0,15,0,16,15,0,31,0,26,20,0,46,79,0,79,125
06/29/2019,LCH,LA,ASW,CE,Combined TRACON& Tower with Radar,0,4,7,0,11,0,3,0,0,3,0,7,7,0,14,0,0,0,14
06/30/2019,LCH,LA,ASW,CE,Combined TRACON& Tower with Radar,0,13,17,0,30,0,7,25,0,32,0,20,42,0,62,10,0,10,72
07/01/2019,LCH,LA,ASW,CE,Combined TRACON& Tower with Radar,0,8,8,4,20,0,19,24,1,44,0,27,32,5,64,20,0,20,84
07/02/2019,LCH,LA,ASW,CE,Combined TRACON& Tower with Radar,0,9,3,0,12,0,9,14,0,23,0,18,17,0,35,13,0,13,48
07/03/2019,LCH,LA,ASW,CE,Combined TRACON& Tower with Radar,0,10,8,0,18,0,16,22,0,38,0,26,30,0,56,31,0,31,87
07/04/2019,LCH,LA,ASW,CE,Combined TRACON& Tower with Radar,0,9,5,0,14,0,9,9,0,18,0,18,14,0,32,28,0,28,60
07/05/2019,LCH,LA,ASW,CE,Combined TRACON& Tower with Radar,0,9,3,0,12,0,18,22,0,40,0,27,25,0,52,35,0,35,87
07/06/2019,LCH,LA,ASW,CE,Combined TRACON& Tower with Radar,0,6,14,2,22,0,6,14,0,20,0,12,28,2,42,35,0,35,77
07/07/2019,LCH,LA,ASW,CE,Combined TRACON& Tower with Radar,0,9,14,0,23,0,6,23,0,29,0,15,37,0,52,9,0,9,61
07/08/2019,LCH,LA,ASW,CE,Combined TRACON& Tower with Radar,0,10,16,6,32,0,23,32,1,56,0,33,48,7,88,90,0,90,178
07/09/2019,LCH,LA,ASW,CE,Combined TRACON& Tower with Radar,0,13,12,0,25,0,23,33,2,58,0,36,45,2,83,15,0,15,98
07/10/2019,LCH,LA,ASW,CE,Combined TRACON& Tower with Radar,0,9,2,2,13,0,25,17,0,42,0,34,19,2,55,49,0,49,104
07/11/2019,LCH,LA,ASW,CE,Combined TRACON& Tower with Radar,0,14,7,2,23,0,32,18,0,50,0,46,25,2,73,24,0,24,97
07/12/2019,LCH,LA,ASW,CE,Combined TRACON& Tower with Radar,0,13,3,0,16,0,11,12,0,23,0,24,15,0,39,4,0,4,43
07/13/2019,LCH,LA,ASW,CE,Combined TRACON& Tower with Radar,0,7,0,0,7,0,3,0,0,3,0,10,0,0,10,0,0,0,10
07/14/2019,LCH,LA,ASW,CE,Combined TRACON& Tower with Radar,0,18,4,0,22,0,5,2,0,7,0,23,6,0,29,12,0,12,41
07/15/2019,LCH,LA,ASW,CE,Combined TRACON& Tower with Radar,0,13,8,0,21,0,16,6,0,22,0,29,14,0,43,0,0,0,43
07/16/2019,LCH,LA,ASW,CE,Combined TRACON& Tower with Radar,0,7,11,6,24,0,19,17,0,36,0,26,28,6,60,32,0,32,92
07/17/2019,LCH,LA,ASW,CE,Combined TRACON& Tower with Radar,0,8,11,0,19,0,22,22,0,44,0,30,33,0,63,26,0,26,89
07/18/2019,LCH,LA,ASW,CE,Combined TRACON& Tower with Radar,0,12,23,0,35,0,10,44,0,54,0,22,67,0,89,33,0,33,122
07/19/2019,LCH,LA,ASW,CE,Combined TRACON& Tower with Radar,0,12,8,0,20,0,13,22,2,37,0,25,30,2,57,2,0,2,59
07/20/2019,LCH,LA,ASW,CE,Combined TRACON& Tower with Radar,0,7,11,2,20,0,11,8,0,19,0,18,19,2,39,22,0,22,61
07/21/2019,LCH,LA,ASW,CE,Combined TRACON& Tower with Radar,0,10,13,0,23,0,8,8,0,16,0,18,21,0,39,0,0,0,39
07/22/2019,LCH,LA,ASW,CE,Combined TRACON& Tower with Radar,0,8,7,0,15,0,6,4,0,10,0,14,11,0,25,0,0,0,25
07/23/2019,LCH,LA,ASW,CE,Combined TRACON& Tower with Radar,0,8,8,0,16,0,3,7,0,10,0,11,15,0,26,0,0,0,26
07/24/2019,LCH,LA,ASW,CE,Combined TRACON& Tower with Radar,0,8,9,11,28,0,21,21,0,42,0,29,30,11,70,64,0,64,134
07/25/2019,LCH,LA,ASW,CE,Combined TRACON& Tower with Radar,0,8,20,4,32,0,13,32,0,45,0,21,52,4,77,28,0,28,105
07/26/2019,LCH,LA,ASW,CE,Combined TRACON& Tower with Radar,0,10,19,0,29,0,18,31,0,49,0,28,50,0,78,1,0,1,79
07/27/2019,LCH,LA,ASW,CE,Combined TRACON& Tower with Radar,0,4,19,2,25,0,7,12,2,21,0,11,31,4,46,14,0,14,60
07/28/2019,LCH,LA,ASW,CE,Combined TRACON& Tower with Radar,0,9,15,0,24,0,4,14,0,18,0,13,29,0,42,0,0,0,42
07/29/2019,LCH,LA,ASW,CE,Combined TRACON& Tower with Radar,0,13,5,2,20,0,18,8,2,28,0,31,13,4,48,8,0,8,56
07/30/2019,LCH,LA,ASW,CE,Combined TRACON& Tower with Radar,0,9,6,0,15,0,4,12,0,16,0,13,18,0,31,21,0,21,52
07/31/2019,LCH,LA,ASW,CE,Combined TRACON& Tower with Radar,0,9,5,9,23,0,18,15,0,33,0,27,20,9,56,57,0,57,113
08/01/2019,LCH,LA,ASW,CE,Combined TRACON& Tower with Radar,0,11,24,2,37,0,14,23,2,39,0,25,47,4,76,23,0,23,99
08/02/2019,LCH,LA,ASW,CE,Combined TRACON& Tower with Radar,0,10,13,14,37,0,15,28,0,43,0,25,41,14,80,60,0,60,140
08/03/2019,LCH,LA,ASW,CE,Combined TRACON& Tower with Radar,0,7,15,0,22,0,10,22,0,32,0,17,37,0,54,2,0,2,56
08/04/2019,LCH,LA,ASW,CE,Combined TRACON& Tower with Radar,0,11,16,0,27,0,2,17,1,20,0,13,33,1,47,5,0,5,52
08/05/2019,LCH,LA,ASW,CE,Combined TRACON& Tower with Radar,0,16,10,0,26,0,12,4,0,16,0,28,14,0,42,23,0,23,65
08/06/2019,LCH,LA,ASW,CE,Combined TRACON& Tower with Radar,0,10,11,0,21,0,12,20,0,32,0,22,31,0,53,13,0,13,66
08/07/2019,LCH,LA,ASW,CE,Combined TRACON& Tower with Radar,2,10,15,0,27,0,16,10,0,26,2,26,25,0,53,5,0,5,58
08/08/2019,LCH,LA,ASW,CE,Combined TRACON& Tower with Radar,0,14,12,0,26,0,14,8,0,22,0,28,20,0,48,8,0,8,56
08/09/2019,LCH,LA,ASW,CE,Combined TRACON& Tower with Radar,0,17,8,8,33,0,18,15,0,33,0,35,23,8,66,24,0,24,90
08/10/2019,LCH,LA,ASW,CE,Combined TRACON& Tower with Radar,0,8,6,2,16,0,8,24,0,32,0,16,30,2,48,20,0,20,68
08/11/2019,LCH,LA,ASW,CE,Combined TRACON& Tower with Radar,0,15,4,14,33,0,5,7,2,14,0,20,11,16,47,12,4,16,63
08/12/2019,LCH,LA,ASW,CE,Combined TRACON& Tower with Radar,0,12,17,18,47,0,20,21,1,42,0,32,38,19,89,8,4,12,101
08/13/2019,LCH,LA,ASW,CE,Combined TRACON& Tower with Radar,0,12,13,2,27,0,14,17,0,31,0,26,30,2,58,6,0,6,64
08/14/2019,LCH,LA,ASW,CE,Combined TRACON& Tower with Radar,0,8,12,4,24,0,9,18,0,27,0,17,30,4,51,7,0,7,58
08/15/2019,LCH,LA,ASW,CE,Combined TRACON& Tower with Radar,0,13,6,0,19,0,19,16,0,35,0,32,22,0,54,16,0,16,70
08/16/2019,LCH,LA,ASW,CE,Combined TRACON& Tower with Radar,0,12,12,0,24,0,12,30,0,42,0,24,42,0,66,39,0,39,105
08/17/2019,LCH,LA,ASW,CE,Combined TRACON& Tower with Radar,0,11,10,8,29,0,9,12,0,21,0,20,22,8,50,23,0,23,73
08/18/2019,LCH,LA,ASW,CE,Combined TRACON& Tower with Radar,0,11,12,0,23,0,12,19,0,31,0,23,31,0,54,12,0,12,66
08/19/2019,LCH,LA,ASW,CE,Combined TRACON& Tower with Radar,0,11,14,0,25,0,10,9,0,19,0,21,23,0,44,22,0,22,66
08/20/2019,LCH,LA,ASW,CE,Combined TRACON& Tower with Radar,0,10,13,0,23,0,10,11,0,21,0,20,24,0,44,4,0,4,48
08/21/2019,LCH,LA,ASW,CE,Combined TRACON& Tower with Radar,0,9,5,0,14,0,14,15,0,29,0,23,20,0,43,56,0,56,99
08/22/2019,LCH,LA,ASW,CE,Combined TRACON& Tower with Radar,0,17,16,0,33,0,9,19,0,28,0,26,35,0,61,10,0,10,71
08/23/2019,LCH,LA,ASW,CE,Combined TRACON& Tower with Radar,0,14,12,0,26,0,7,11,0,18,0,21,23,0,44,14,0,14,58
08/24/2019,LCH,LA,ASW,CE,Combined TRACON& Tower with Radar,0,10,11,0,21,0,1,0,0,1,0,11,11,0,22,0,0,0,22
08/25/2019,LCH,LA,ASW,CE,Combined TRACON& Tower with Radar,0,11,8,0,19,0,2,3,0,5,0,13,11,0,24,0,0,0,24
08/26/2019,LCH,LA,ASW,CE,Combined TRACON& Tower with Radar,0,11,5,2,18,0,24,11,0,35,0,35,16,2,53,32,0,32,85
08/27/2019,LCH,LA,ASW,CE,Combined TRACON& Tower with Radar,0,10,11,0,21,0,22,27,0,49,0,32,38,0,70,33,0,33,103
08/28/2019,LCH,LA,ASW,CE,Combined TRACON& Tower with Radar,0,11,14,0,25,0,21,24,0,45,0,32,38,0,70,21,0,21,91
08/29/2019,LCH,LA,ASW,CE,Combined TRACON& Tower with Radar,0,10,9,2,21,0,18,24,0,42,0,28,33,2,63,38,0,38,101
08/30/2019,LCH,LA,ASW,CE,Combined TRACON& Tower with Radar,0,13,20,0,33,0,15,33,0,48,0,28,53,0,81,29,0,29,110
08/31/2019,LCH,LA,ASW,CE,Combined TRACON& Tower with Radar,0,9,10,0,19,0,9,28,0,37,0,18,38,0,56,10,0,10,66
09/01/2019,LCH,LA,ASW,CE,Combined TRACON& Tower with Radar,0,11,8,0,19,0,6,15,0,21,0,17,23,0,40,47,0,47,87
09/02/2019,LCH,LA,ASW,CE,Combined TRACON& Tower with Radar,0,11,16,0,27,0,7,13,0,20,0,18,29,0,47,24,0,24,71
09/03/2019,LCH,LA,ASW,CE,Combined TRACON& Tower with Radar,0,16,9,6,31,0,11,24,0,35,0,27,33,6,66,45,0,45,111
09/04/2019,LCH,LA,ASW,CE,Combined TRACON& Tower with Radar,0,12,21,0,33,0,11,20,0,31,0,23,41,0,64,34,0,34,98
09/05/2019,LCH,LA,ASW,CE,Combined TRACON& Tower with Radar,0,12,8,0,20,0,12,30,0,42,0,24,38,0,62,45,0,45,107
09/06/2019,LCH,LA,ASW,CE,Combined TRACON& Tower with Radar,0,13,19,0,32,0,20,41,0,61,0,33,60,0,93,22,0,22,115
09/07/2019,LCH,LA,ASW,CE,Combined TRACON& Tower with Radar,0,10,7,8,25,0,11,26,0,37,0,21,33,8,62,5,0,5,67
09/08/2019,LCH,LA,ASW,CE,Combined TRACON& Tower with Radar,0,14,9,4,27,0,9,23,0,32,0,23,32,4,59,25,0,25,84
09/09/2019,LCH,LA,ASW,CE,Combined TRACON& Tower with Radar,0,11,12,0,23,0,14,11,0,25,0,25,23,0,48,28,0,28,76
09/10/2019,LCH,LA,ASW,CE,Combined TRACON& Tower with Radar,1,21,12,8,42,0,18,16,0,34,1,39,28,8,76,11,0,11,87
09/11/2019,LCH,LA,ASW,CE,Combined TRACON& Tower with Radar,1,11,8,0,20,0,22,16,1,39,1,33,24,1,59,8,0,8,67
09/12/2019,LCH,LA,ASW,CE,Combined TRACON& Tower with Radar,0,15,14,5,34,0,14,31,0,45,0,29,45,5,79,50,0,50,129
09/13/2019,LCH,LA,ASW,CE,Combined TRACON& Tower with Radar,0,27,15,21,63,0,12,22,0,34,0,39,37,21,97,77,0,77,174
09/14/2019,LCH,LA,ASW,CE,Combined TRACON& Tower with Radar,0,11,9,0,20,0,17,19,1,37,0,28,28,1,57,54,0,54,111
09/15/2019,LCH,LA,ASW,CE,Combined TRACON& Tower with Radar,0,13,16,8,37,0,12,22,0,34,0,25,38,8,71,53,3,56,127
09/16/2019,LCH,LA,ASW,CE,Combined TRACON& Tower with Radar,0,19,11,0,30,0,11,12,0,23,0,30,23,0,53,36,0,36,89
09/17/2019,LCH,LA,ASW,CE,Combined TRACON& Tower with Radar,0,21,7,0,28,0,6,13,0,19,0,27,20,0,47,20,0,20,67
09/18/2019,LCH,LA,ASW,CE,Combined TRACON& Tower with Radar,0,14,10,0,24,0,8,2,0,10,0,22,12,0,34,0,0,0,34
09/19/2019,LCH,LA,ASW,CE,Combined TRACON& Tower with Radar,0,6,4,0,10,0,3,3,0,6,0,9,7,0,16,6,0,6,22
09/20/2019,LCH,LA,ASW,CE,Combined TRACON& Tower with Radar,2,10,3,2,17,0,11,21,0,32,2,21,24,2,49,6,24,30,79
09/21/2019,LCH,LA,ASW,CE,Combined TRACON& Tower with Radar,0,12,7,0,19,0,12,19,0,31,0,24,26,0,50,30,0,30,80
09/22/2019,LCH,LA,ASW,CE,Combined TRACON& Tower with Radar,0,13,5,7,25,0,7,21,0,28,0,20,26,7,53,0,0,0,53
09/23/2019,LCH,LA,ASW,CE,Combined TRACON& Tower with Radar,0,10,13,0,23,0,18,19,0,37,0,28,32,0,60,48,0,48,108
09/24/2019,LCH,LA,ASW,CE,Combined TRACON& Tower with Radar,0,14,19,2,35,0,11,27,0,38,0,25,46,2,73,78,0,78,151
09/25/2019,LCH,LA,ASW,CE,Combined TRACON& Tower with Radar,0,12,17,2,31,0,20,37,2,59,0,32,54,4,90,60,0,60,150
09/26/2019,LCH,LA,ASW,CE,Combined TRACON& Tower with Radar,0,13,20,6,39,0,9,21,0,30,0,22,41,6,69,33,0,33,102
09/27/2019,LCH,LA,ASW,CE,Combined TRACON& Tower with Radar,0,12,16,11,39,0,8,29,0,37,0,20,45,11,76,26,0,26,102
09/28/2019,LCH,LA,ASW,CE,Combined TRACON& Tower with Radar,0,12,10,0,22,0,11,30,0,41,0,23,40,0,63,23,0,23,86
09/29/2019,LCH,LA,ASW,CE,Combined TRACON& Tower with Radar,0,13,15,10,38,0,5,19,0,24,0,18,34,10,62,92,0,92,154
09/30/2019,LCH,LA,ASW,CE,Combined TRACON& Tower with Radar,0,16,8,0,24,0,10,22,0,32,0,26,30,0,56,29,0,29,85
10/01/2019,LCH,LA,ASW,CE,Combined TRACON& Tower with Radar,0,16,9,0,25,0,13,29,0,42,0,29,38,0,67,35,0,35,102
10/02/2019,LCH,LA,ASW,CE,Combined TRACON& Tower with Radar,0,19,21,2,42,0,11,24,0,35,0,30,45,2,77,18,0,18,95
10/03/2019,LCH,LA,ASW,CE,Combined TRACON& Tower with Radar,0,14,12,0,26,0,14,24,0,38,0,28,36,0,64,16,0,16,80
10/04/2019,LCH,LA,ASW,CE,Combined TRACON& Tower with Radar,0,16,5,7,28,0,23,32,0,55,0,39,37,7,83,59,0,59,142
10/05/2019,LCH,LA,ASW,CE,Combined TRACON& Tower with Radar,0,18,10,3,31,0,21,27,0,48,0,39,37,3,79,8,0,8,87
10/06/2019,LCH,LA,ASW,CE,Combined TRACON& Tower with Radar,0,16,6,1,23,0,9,22,0,31,0,25,28,1,54,22,0,22,76
10/07/2019,LCH,LA,ASW,CE,Combined TRACON& Tower with Radar,0,18,15,0,33,0,16,20,0,36,0,34,35,0,69,24,0,24,93
10/08/2019,LCH,LA,ASW,CE,Combined TRACON& Tower with Radar,0,15,23,6,44,0,4,7,0,11,0,19,30,6,55,20,0,20,75
10/09/2019,LCH,LA,ASW,CE,Combined TRACON& Tower with Radar,0,18,19,5,42,0,27,23,0,50,0,45,42,5,92,82,0,82,174
10/10/2019,LCH,LA,ASW,CE,Combined TRACON& Tower with Radar,0,11,15,4,30,0,13,33,0,46,0,24,48,4,76,68,0,68,144
10/11/2019,LCH,LA,ASW,CE,Combined TRACON& Tower with Radar,0,10,14,0,24,0,1,2,0,3,0,11,16,0,27,2,0,2,29
10/12/2019,LCH,LA,ASW,CE,Combined TRACON& Tower with Radar,0,9,18,2,29,0,9,21,0,30,0,18,39,2,59,18,0,18,77
10/13/2019,LCH,LA,ASW,CE,Combined TRACON& Tower with Radar,0,13,18,0,31,0,5,26,0,31,0,18,44,0,62,64,0,64,126
10/14/2019,LCH,LA,ASW,CE,Combined TRACON& Tower with Radar,0,19,15,0,34,0,2,1,0,3,0,21,16,0,37,0,0,0,37
10/15/2019,LCH,LA,ASW,CE,Combined TRACON& Tower with Radar,0,11,5,0,16,0,9,14,0,23,0,20,19,0,39,12,0,12,51
10/16/2019,LCH,LA,ASW,CE,Combined TRACON& Tower with Radar,0,19,20,2,41,0,4,0,0,4,0,23,20,2,45,0,0,0,45
10/17/2019,LCH,LA,ASW,CE,Combined TRACON& Tower with Radar,0,11,9,2,22,0,21,29,1,51,0,32,38,3,73,11,0,11,84
10/18/2019,LCH,LA,ASW,CE,Combined TRACON& Tower with Radar,0,13,14,0,27,0,16,32,1,49,0,29,46,1,76,16,0,16,92
10/19/2019,LCH,LA,ASW,CE,Combined TRACON& Tower with Radar,0,10,5,2,17,0,4,31,1,36,0,14,36,3,53,71,0,71,124
10/20/2019,LCH,LA,ASW,CE,Combined TRACON& Tower with Radar,0,12,15,4,31,0,7,14,2,23,0,19,29,6,54,10,0,10,64
10/21/2019,LCH,LA,ASW,CE,Combined TRACON& Tower with Radar,0,12,11,1,24,0,2,0,0,2,0,14,11,1,26,0,0,0,26
10/22/2019,LCH,LA,ASW,CE,Combined TRACON& Tower with Radar,0,14,14,0,28,0,10,23,0,33,0,24,37,0,61,38,0,38,99
10/23/2019,LCH,LA,ASW,CE,Combined TRACON& Tower with Radar,0,19,11,0,30,0,18,32,0,50,0,37,43,0,80,35,0,35,115
10/24/2019,LCH,LA,ASW,CE,Combined TRACON& Tower with Radar,0,12,20,0,32,0,15,19,0,34,0,27,39,0,66,0,0,0,66
10/25/2019,LCH,LA,ASW,CE,Combined TRACON& Tower with Radar,0,14,4,2,20,0,0,0,0,0,0,14,4,2,20,0,0,0,20
10/26/2019,LCH,LA,ASW,CE,Combined TRACON& Tower with Radar,0,14,15,2,31,0,2,36,0,38,0,16,51,2,69,0,0,0,69
10/27/2019,LCH,LA,ASW,CE,Combined TRACON& Tower with Radar,0,15,8,0,23,0,10,73,0,83,0,25,81,0,106,0,0,0,106
10/28/2019,LCH,LA,ASW,CE,Combined TRACON& Tower with Radar,0,23,9,2,34,0,10,29,0,39,0,33,38,2,73,0,0,0,73
10/29/2019,LCH,LA,ASW,CE,Combined TRACON& Tower with Radar,2,27,12,0,41,0,4,60,0,64,2,31,72,0,105,0,0,0,105
10/30/2019,LCH,LA,ASW,CE,Combined TRACON& Tower with Radar,0,14,3,0,17,0,3,18,0,21,0,17,21,0,38,0,0,0,38
10/31/2019,LCH,LA,ASW,CE,Combined TRACON& Tower with Radar,0,13,5,2,20,0,20,46,1,67,0,33,51,3,87,0,0,0,87
11/01/2019,LCH,LA,ASW,CE,Combined TRACON& Tower with Radar,0,16,18,0,34,0,20,18,0,38,0,36,36,0,72,40,0,40,112
11/02/2019,LCH,LA,ASW,CE,Combined TRACON& Tower with Radar,1,14,10,2,27,0,10,34,2,46,1,24,44,4,73,32,0,32,105
11/03/2019,LCH,LA,ASW,CE,Combined TRACON& Tower with Radar,0,17,12,2,31,0,7,36,1,44,0,24,48,3,75,36,0,36,111
11/04/2019,LCH,LA,ASW,CE,Combined TRACON& Tower with Radar,0,18,16,0,34,0,12,15,0,27,0,30,31,0,61,6,0,6,67
11/05/2019,LCH,LA,ASW,CE,Combined TRACON& Tower with Radar,0,12,25,4,41,0,10,27,0,37,0,22,52,4,78,80,0,80,158
11/06/2019,LCH,LA,ASW,CE,Combined TRACON& Tower with Radar,0,13,24,0,37,0,15,39,0,54,0,28,63,0,91,40,0,40,131
11/07/2019,LCH,LA,ASW,CE,Combined TRACON& Tower with Radar,0,16,28,1,45,0,1,2,0,3,0,17,30,1,48,12,0,12,60
11/08/2019,LCH,LA,ASW,CE,Combined TRACON& Tower with Radar,0,18,46,0,64,0,1,16,0,17,0,19,62,0,81,57,0,57,138
11/09/2019,LCH,LA,ASW,CE,Combined TRACON& Tower with Radar,0,15,35,5,55,0,7,52,0,59,0,22,87,5,114,14,0,14,128
11/10/2019,LCH,LA,ASW,CE,Combined TRACON& Tower with Radar,0,13,21,3,37,0,4,45,0,49,0,17,66,3,86,10,0,10,96
11/11/2019,LCH,LA,ASW,CE,Combined TRACON& Tower with Radar,0,16,13,0,29,0,11,25,0,36,0,27,38,0,65,16,0,16,81
11/12/2019,LCH,LA,ASW,CE,Combined TRACON& Tower with Radar,0,13,20,0,33,0,7,9,0,16,0,20,29,0,49,6,0,6,55
11/13/2019,LCH,LA,ASW,CE,Combined TRACON& Tower with Radar,0,16,18,0,34,0,20,42,0,62,0,36,60,0,96,14,0,14,110
11/14/2019,LCH,LA,ASW,CE,Combined TRACON& Tower with Radar,0,17,27,0,44,0,2,7,0,9,0,19,34,0,53,8,0,8,61
11/15/2019,LCH,LA,ASW,CE,Combined TRACON& Tower with Radar,0,18,16,3,37,0,26,42,1,69,0,44,58,4,106,66,0,66,172
11/16/2019,LCH,LA,ASW,CE,Combined TRACON& Tower with Radar,0,14,15,1,30,0,23,23,0,46,0,37,38,1,76,12,0,12,88
11/17/2019,LCH,LA,ASW,CE,Combined TRACON& Tower with Radar,0,16,18,8,42,0,15,31,1,47,0,31,49,9,89,6,8,14,103
11/18/2019,LCH,LA,ASW,CE,Combined TRACON& Tower with Radar,0,19,5,5,29,0,22,28,0,50,0,41,33,5,79,16,0,16,95
11/19/2019,LCH,LA,ASW,CE,Combined TRACON& Tower with Radar,0,22,14,3,39,0,21,23,0,44,0,43,37,3,83,20,0,20,103
11/20/2019,LCH,LA,ASW,CE,Combined TRACON& Tower with Radar,0,30,10,0,40,0,31,17,0,48,0,61,27,0,88,22,0,22,110
11/21/2019,LCH,LA,ASW,CE,Combined TRACON& Tower with Radar,0,24,16,2,42,0,17,37,0,54,0,41,53,2,96,45,0,45,141
11/22/2019,LCH,LA,ASW,CE,Combined TRACON& Tower with Radar,0,15,9,0,24,0,5,8,0,13,0,20,17,0,37,2,0,2,39
11/23/2019,LCH,LA,ASW,CE,Combined TRACON& Tower with Radar,0,19,16,2,37,0,10,21,0,31,0,29,37,2,68,35,0,35,103
11/24/2019,LCH,LA,ASW,CE,Combined TRACON& Tower with Radar,0,17,8,0,25,0,8,36,4,48,0,25,44,4,73,54,0,54,127
11/25/2019,LCH,LA,ASW,CE,Combined TRACON& Tower with Radar,0,26,14,0,40,0,16,18,0,34,0,42,32,0,74,0,0,0,74
11/26/2019,LCH,LA,ASW,CE,Combined TRACON& Tower with Radar,0,20,2,0,22,0,7,0,0,7,0,27,2,0,29,6,0,6,35
11/27/2019,LCH,LA,ASW,CE,Combined TRACON& Tower with Radar,0,20,10,0,30,0,7,14,0,21,0,27,24,0,51,16,0,16,67
11/28/2019,LCH,LA,ASW,CE,Combined TRACON& Tower with Radar,0,6,10,1,17,0,6,9,0,15,0,12,19,1,32,0,0,0,32
11/29/2019,LCH,LA,ASW,CE,Combined TRACON& Tower with Radar,0,14,19,0,33,0,3,10,0,13,0,17,29,0,46,22,0,22,68
11/30/2019,LCH,LA,ASW,CE,Combined TRACON& Tower with Radar,0,14,9,0,23,0,4,6,0,10,0,18,15,0,33,0,0,0,33
12/01/2019,LCH,LA,ASW,CE,Combined TRACON& Tower with Radar,0,12,18,0,30,0,2,32,0,34,0,14,50,0,64,74,0,74,138
12/02/2019,LCH,LA,ASW,CE,Combined TRACON& Tower with Radar,0,12,14,8,34,0,13,25,0,38,0,25,39,8,72,8,0,8,80
12/03/2019,LCH,LA,ASW,CE,Combined TRACON& Tower with Radar,0,15,11,0,26,0,16,20,0,36,0,31,31,0,62,40,0,40,102
12/04/2019,LCH,LA,ASW,CE,Combined TRACON& Tower with Radar,0,14,16,6,36,0,16,36,0,52,0,30,52,6,88,72,0,72,160
12/05/2019,LCH,LA,ASW,CE,Combined TRACON& Tower with Radar,0,11,22,2,35,0,16,24,0,40,0,27,46,2,75,16,0,16,91
12/06/2019,LCH,LA,ASW,CE,Combined TRACON& Tower with Radar,0,20,22,0,42,0,10,21,0,31,0,30,43,0,73,13,0,13,86
12/07/2019,LCH,LA,ASW,CE,Combined TRACON& Tower with Radar,0,15,28,1,44,0,8,27,1,36,0,23,55,2,80,42,0,42,122
12/08/2019,LCH,LA,ASW,CE,Combined TRACON& Tower with Radar,0,15,31,0,46,0,10,21,0,31,0,25,52,0,77,22,0,22,99
12/09/2019,LCH,LA,ASW,CE,Combined TRACON& Tower with Radar,0,18,26,4,48,0,8,11,0,19,0,26,37,4,67,0,0,0,67
12/10/2019,LCH,LA,ASW,CE,Combined TRACON& Tower with Radar,0,22,19,0,41,0,0,0,0,0,0,22,19,0,41,0,0,0,41
12/11/2019,LCH,LA,ASW,CE,Combined TRACON& Tower with Radar,0,18,13,4,35,0,3,21,0,24,0,21,34,4,59,20,0,20,79
12/12/2019,LCH,LA,ASW,CE,Combined TRACON& Tower with Radar,0,17,15,4,36,0,17,17,0,34,0,34,32,4,70,34,0,34,104
12/13/2019,LCH,LA,ASW,CE,Combined TRACON& Tower with Radar,0,14,15,6,35,0,11,20,0,31,0,25,35,6,66,49,0,49,115
12/14/2019,LCH,LA,ASW,CE,Combined TRACON& Tower with Radar,0,21,10,4,35,0,11,33,0,44,0,32,43,4,79,41,0,41,120
12/15/2019,LCH,LA,ASW,CE,Combined TRACON& Tower with Radar,0,17,4,0,21,0,12,17,0,29,0,29,21,0,50,2,0,2,52
12/16/2019,LCH,LA,ASW,CE,Combined TRACON& Tower with Radar,0,15,6,0,21,0,0,2,0,2,0,15,8,0,23,0,0,0,23
12/17/2019,LCH,LA,ASW,CE,Combined TRACON& Tower with Radar,0,14,20,14,48,0,9,6,0,15,0,23,26,14,63,1,0,1,64
12/18/2019,LCH,LA,ASW,CE,Combined TRACON& Tower with Radar,0,12,8,4,24,0,22,25,1,48,0,34,33,5,72,4,0,4,76
12/19/2019,LCH,LA,ASW,CE,Combined TRACON& Tower with Radar,0,8,13,22,43,0,21,21,1,43,0,29,34,23,86,2,0,2,88
12/20/2019,LCH,LA,ASW,CE,Combined TRACON& Tower with Radar,0,9,10,2,21,0,8,18,0,26,0,17,28,2,47,8,0,8,55
12/21/2019,LCH,LA,ASW,CE,Combined TRACON& Tower with Radar,0,6,13,0,19,0,9,15,0,24,0,15,28,0,43,0,0,0,43
12/22/2019,LCH,LA,ASW,CE,Combined TRACON& Tower with Radar,0,7,3,6,16,0,4,13,0,17,0,11,16,6,33,43,0,43,76
12/23/2019,LCH,LA,ASW,CE,Combined TRACON& Tower with Radar,0,10,17,8,35,0,16,24,0,40,0,26,41,8,75,22,0,22,97
12/24/2019,LCH,LA,ASW,CE,Combined TRACON& Tower with Radar,0,7,1,0,8,0,6,23,0,29,0,13,24,0,37,24,0,24,61
12/25/2019,LCH,LA,ASW,CE,Combined TRACON& Tower with Radar,0,7,4,0,11,0,2,6,0,8,0,9,10,0,19,0,0,0,19
12/26/2019,LCH,LA,ASW,CE,Combined TRACON& Tower with Radar,0,9,17,2,28,0,7,32,0,39,0,16,49,2,67,0,0,0,67
12/27/2019,LCH,LA,ASW,CE,Combined TRACON& Tower with Radar,0,11,24,0,35,0,0,0,0,0,0,11,24,0,35,0,0,0,35
12/28/2019,LCH,LA,ASW,CE,Combined TRACON& Tower with Radar,0,6,14,0,20,0,2,2,0,4,0,8,16,0,24,0,0,0,24
12/29/2019,LCH,LA,ASW,CE,Combined TRACON& Tower with Radar,0,19,8,0,27,0,2,8,0,10,0,21,16,0,37,6,0,6,43
12/30/2019,LCH,LA,ASW,CE,Combined TRACON& Tower with Radar,0,8,7,0,15,0,23,29,0,52,0,31,36,0,67,8,0,8,75
12/31/2019,LCH,LA,ASW,CE,Combined TRACON& Tower with Radar,0,10,5,0,15,0,16,24,1,41,0,26,29,1,56,43,0,43,99
01/01/2020,LCH,LA,ASW,CE,Combined TRACON& Tower with Radar,0,7,6,0,13,0,12,10,0,22,0,19,16,0,35,0,0,0,35
01/02/2020,LCH,LA,ASW,CE,Combined TRACON& Tower with Radar,0,10,2,0,12,0,0,0,0,0,0,10,2,0,12,0,0,0,12
01/03/2020,LCH,LA,ASW,CE,Combined TRACON& Tower with Radar,0,15,24,6,45,0,1,26,0,27,0,16,50,6,72,12,0,12,84
01/04/2020,LCH,LA,ASW,CE,Combined TRACON& Tower with Radar,0,9,25,2,36,0,9,45,0,54,0,18,70,2,90,61,0,61,151
01/05/2020,LCH,LA,ASW,CE,Combined TRACON& Tower with Radar,0,7,19,0,26,0,5,27,1,33,0,12,46,1,59,13,0,13,72
01/06/2020,LCH,LA,ASW,CE,Combined TRACON& Tower with Radar,0,10,25,0,35,0,10,19,0,29,0,20,44,0,64,16,0,16,80
01/07/2020,LCH,LA,ASW,CE,Combined TRACON& Tower with Radar,0,13,12,2,27,0,23,25,0,48,0,36,37,2,75,0,0,0,75
01/08/2020,LCH,LA,ASW,CE,Combined TRACON& Tower with Radar,0,10,13,3,26,0,13,34,0,47,0,23,47,3,73,59,0,59,132
01/09/2020,LCH,LA,ASW,CE,Combined TRACON& Tower with Radar,0,13,35,11,59,0,8,3,1,12,0,21,38,12,71,0,0,0,71
01/10/2020,LCH,LA,ASW,CE,Combined TRACON& Tower with Radar,0,9,14,0,23,0,1,1,0,2,0,10,15,0,25,0,0,0,25
01/11/2020,LCH,LA,ASW,CE,Combined TRACON& Tower with Radar,0,16,7,7,30,0,5,8,2,15,0,21,15,9,45,0,0,0,45
01/12/2020,LCH,LA,ASW,CE,Combined TRACON& Tower with Radar,0,16,23,2,41,0,11,23,0,34,0,27,46,2,75,27,0,27,102
01/13/2020,LCH,LA,ASW,CE,Combined TRACON& Tower with Radar,0,17,14,0,31,0,0,0,0,0,0,17,14,0,31,0,0,0,31
01/14/2020,LCH,LA,ASW,CE,Combined TRACON& Tower with Radar,0,15,10,0,25,0,0,0,0,0,0,15,10,0,25,4,0,4,29
01/15/2020,LCH,LA,ASW,CE,Combined TRACON& Tower with Radar,0,24,16,0,40,0,2,2,0,4,0,26,18,0,44,24,0,24,68
01/16/2020,LCH,LA,ASW,CE,Combined TRACON& Tower with Radar,0,23,23,0,46,0,3,3,0,6,0,26,26,0,52,0,0,0,52
01/17/2020,LCH,LA,ASW,CE,Combined TRACON& Tower with Radar,0,25,22,0,47,0,12,13,0,25,0,37,35,0,72,12,0,12,84
01/18/2020,LCH,LA,ASW,CE,Combined TRACON& Tower with Radar,0,11,12,1,24,0,2,0,0,2,0,13,12,1,26,6,0,6,32
01/19/2020,LCH,LA,ASW,CE,Combined TRACON& Tower with Radar,0,19,8,2,29,0,10,20,0,30,0,29,28,2,59,5,0,5,64
01/20/2020,LCH,LA,ASW,CE,Combined TRACON& Tower with Radar,0,19,10,12,41,0,30,19,0,49,0,49,29,12,90,48,0,48,138
01/21/2020,LCH,LA,ASW,CE,Combined TRACON& Tower with Radar,0,11,22,6,39,0,25,34,4,63,0,36,56,10,102,39,0,39,141
01/22/2020,LCH,LA,ASW,CE,Combined TRACON& Tower with Radar,0,18,16,1,35,0,8,20,0,28,0,26,36,1,63,6,0,6,69
01/23/2020,LCH,LA,ASW,CE,Combined TRACON& Tower with Radar,0,19,8,0,27,0,5,4,0,9,0,24,12,0,36,0,0,0,36
01/24/2020,LCH,LA,ASW,CE,Combined TRACON& Tower with Radar,0,10,10,6,26,0,13,24,0,37,0,23,34,6,63,43,0,43,106
01/25/2020,LCH,LA,ASW,CE,Combined TRACON& Tower with Radar,0,13,7,2,22,0,17,36,0,53,0,30,43,2,75,81,0,81,156
01/26/2020,LCH,LA,ASW,CE,Combined TRACON& Tower with Radar,0,12,6,3,21,0,0,2,1,3,0,12,8,4,24,0,0,0,24
01/27/2020,LCH,LA,ASW,CE,Combined TRACON& Tower with Radar,0,21,8,3,32,0,1,6,1,8,0,22,14,4,40,12,0,12,52
01/28/2020,LCH,LA,ASW,CE,Combined TRACON& Tower with Radar,0,13,13,0,26,0,1,4,0,5,0,14,17,0,31,16,0,16,47
01/29/2020,LCH,LA,ASW,CE,Combined TRACON& Tower with Radar,0,16,17,0,33,0,6,9,0,15,0,22,26,0,48,52,0,52,100
01/30/2020,LCH,LA,ASW,CE,Combined TRACON& Tower with Radar,0,12,19,0,31,0,3,9,0,12,0,15,28,0,43,0,0,0,43
01/31/2020,LCH,LA,ASW,CE,Combined TRACON& Tower with Radar,0,13,22,2,37,0,0,13,0,13,0,13,35,2,50,27,0,27,77
02/01/2020,LCH,LA,ASW,CE,Combined TRACON& Tower with Radar,0,10,5,2,17,0,4,36,0,40,0,14,41,2,57,18,0,18,75
02/02/2020,LCH,LA,ASW,CE,Combined TRACON& Tower with Radar,0,11,11,0,22,0,5,31,0,36,0,16,42,0,58,68,0,68,126
02/03/2020,LCH,LA,ASW,CE,Combined TRACON& Tower with Radar,0,10,21,0,31,0,22,10,0,32,0,32,31,0,63,2,0,2,65
02/04/2020,LCH,LA,ASW,CE,Combined TRACON& Tower with Radar,0,16,11,1,28,0,12,4,0,16,0,28,15,1,44,8,0,8,52
02/05/2020,LCH,LA,ASW,CE,Combined TRACON& Tower with Radar,0,20,0,8,28,0,0,0,0,0,0,20,0,8,28,2,0,2,30
02/06/2020,LCH,LA,ASW,CE,Combined TRACON& Tower with Radar,0,15,5,0,20,0,8,10,0,18,0,23,15,0,38,2,0,2,40
02/07/2020,LCH,LA,ASW,CE,Combined TRACON& Tower with Radar,0,15,19,7,41,0,22,39,3,64,0,37,58,10,105,79,0,79,184
02/08/2020,LCH,LA,ASW,CE,Combined TRACON& Tower with Radar,0,12,8,0,20,0,8,30,0,38,0,20,38,0,58,8,0,8,66
02/09/2020,LCH,LA,ASW,CE,Combined TRACON& Tower with Radar,0,11,21,8,40,0,8,15,1,24,0,19,36,9,64,25,0,25,89
02/10/2020,LCH,LA,ASW,CE,Combined TRACON& Tower with Radar,0,17,11,0,28,0,0,0,0,0,0,17,11,0,28,0,0,0,28
02/11/2020,LCH,LA,ASW,CE,Combined TRACON& Tower with Radar,0,14,12,0,26,0,0,0,0,0,0,14,12,0,26,0,0,0,26
02/12/2020,LCH,LA,ASW,CE,Combined TRACON& Tower with Radar,0,18,4,0,22,0,2,2,0,4,0,20,6,0,26,0,0,0,26
02/13/2020,LCH,LA,ASW,CE,Combined TRACON& Tower with Radar,2,12,19,3,36,0,20,20,1,41,2,32,39,4,77,27,0,27,104
02/14/2020,LCH,LA,ASW,CE,Combined TRACON& Tower with Radar,2,15,20,7,44,0,12,38,0,50,2,27,58,7,94,34,0,34,128
02/15/2020,LCH,LA,ASW,CE,Combined TRACON& Tower with Radar,2,10,12,0,24,0,10,25,0,35,2,20,37,0,59,28,0,28,87
02/16/2020,LCH,LA,ASW,CE,Combined TRACON& Tower with Radar,2,9,7,0,18,0,5,7,0,12,2,14,14,0,30,0,0,0,30
02/17/2020,LCH,LA,ASW,CE,Combined TRACON& Tower with Radar,2,16,6,0,24,0,0,0,0,0,2,16,6,0,24,0,0,0,24
02/18/2020,LCH,LA,ASW,CE,Combined TRACON& Tower with Radar,2,23,17,0,42,0,10,7,0,17,2,33,24,0,59,12,0,12,71
02/19/2020,LCH,LA,ASW,CE,Combined TRACON& Tower with Radar,2,21,7,0,30,0,0,6,0,6,2,21,13,0,36,0,0,0,36
02/20/2020,LCH,LA,ASW,CE,Combined TRACON& Tower with Radar,2,18,8,0,28,0,0,0,0,0,2,18,8,0,28,0,0,0,28
02/21/2020,LCH,LA,ASW,CE,Combined TRACON& Tower with Radar,2,19,11,19,51,0,22,23,0,45,2,41,34,19,96,32,0,32,128
02/22/2020,LCH,LA,ASW,CE,Combined TRACON& Tower with Radar,2,11,7,4,24,0,10,41,0,51,2,21,48,4,75,14,0,14,89
02/23/2020,LCH,LA,ASW,CE,Combined TRACON& Tower with Radar,0,11,10,4,25,0,6,9,0,15,0,17,19,4,40,10,0,10,50
02/24/2020,LCH,LA,ASW,CE,Combined TRACON& Tower with Radar,2,17,5,2,26,0,6,1,0,7,2,23,6,2,33,6,0,6,39
02/25/2020,LCH,LA,ASW,CE,Combined TRACON& Tower with Radar,2,13,8,5,28,0,9,24,0,33,2,22,32,5,61,32,0,32,93
02/26/2020,LCH,LA,ASW,CE,Combined TRACON& Tower with Radar,2,11,9,1,23,0,10,5,1,16,2,21,14,2,39,12,0,12,51
02/27/2020,LCH,LA,ASW,CE,Combined TRACON& Tower with Radar,2,13,13,0,28,0,15,23,0,38,2,28,36,0,66,15,0,15,81
02/28/2020,LCH,LA,ASW,CE,Combined TRACON& Tower with Radar,2,12,4,5,23,0,15,26,2,43,2,27,30,7,66,52,0,52,118
02/29/2020,LCH,LA,ASW,CE,Combined TRACON& Tower with Radar,2,8,10,0,20,0,6,42,0,48,2,14,52,0,68,22,0,22,90
03/01/2020,LCH,LA,ASW,CE,Combined TRACON& Tower with Radar,0,9,10,16,35,0,3,11,2,16,0,12,21,18,51,4,0,4,55
03/02/2020,LCH,LA,ASW,CE,Combined TRACON& Tower with Radar,2,12,14,0,28,0,12,4,0,16,2,24,18,0,44,0,0,0,44
03/03/2020,LCH,LA,ASW,CE,Combined TRACON& Tower with Radar,2,17,13,0,32,0,2,21,0,23,2,19,34,0,55,5,0,5,60
03/04/2020,LCH,LA,ASW,CE,Combined TRACON& Tower with Radar,2,19,7,0,28,0,0,0,0,0,2,19,7,0,28,0,0,0,28
03/05/2020,LCH,LA,ASW,CE,Combined TRACON& Tower with Radar,0,18,21,4,43,0,8,21,0,29,0,26,42,4,72,0,0,0,72
03/06/2020,LCH,LA,ASW,CE,Combined TRACON& Tower with Radar,0,14,13,17,44,0,14,40,0,54,0,28,53,17,98,60,0,60,158
03/07/2020,LCH,LA,ASW,CE,Combined TRACON& Tower with Radar,0,6,11,8,25,0,0,20,0,20,0,6,31,8,45,52,0,52,97
03/08/2020,LCH,LA,ASW,CE,Combined TRACON& Tower with Radar,0,17,19,6,42,0,7,23,1,31,0,24,42,7,73,59,0,59,132
03/09/2020,LCH,LA,ASW,CE,Combined TRACON& Tower with Radar,0,13,14,4,31,0,9,1,0,10,0,22,15,4,41,1,0,1,42
03/10/2020,LCH,LA,ASW,CE,Combined TRACON& Tower with Radar,2,16,12,2,32,0,3,2,2,7,2,19,14,4,39,0,0,0,39
03/11/2020,LCH,LA,ASW,CE,Combined TRACON& Tower with Radar,3,12,9,3,27,0,9,15,0,24,3,21,24,3,51,46,0,46,97
03/12/2020,LCH,LA,ASW,CE,Combined TRACON& Tower with Radar,0,18,15,0,33,0,2,8,0,10,0,20,23,0,43,11,0,11,54
03/13/2020,LCH,LA,ASW,CE,Combined TRACON& Tower with Radar,0,17,6,7,30,0,4,3,0,7,0,21,9,7,37,0,0,0,37
03/14/2020,LCH,LA,ASW,CE,Combined TRACON& Tower with Radar,0,10,10,3,23,0,1,2,0,3,0,11,12,3,26,32,10,42,68
03/15/2020,LCH,LA,ASW,CE,Combined TRACON& Tower with Radar,0,17,21,2,40,0,4,14,0,18,0,21,35,2,58,76,0,76,134
03/16/2020,LCH,LA,ASW,CE,Combined TRACON& Tower with Radar,0,15,3,0,18,0,3,15,0,18,0,18,18,0,36,2,0,2,38
03/17/2020,LCH,LA,ASW,CE,Combined TRACON& Tower with Radar,2,16,1,0,19,0,1,0,2,3,2,17,1,2,22,4,0,4,26
03/18/2020,LCH,LA,ASW,CE,Combined TRACON& Tower with Radar,2,11,7,0,20,0,6,7,2,15,2,17,14,2,35,0,0,0,35
03/19/2020,LCH,LA,ASW,CE,Combined TRACON& Tower with Radar,0,17,10,4,31,0,8,6,0,14,0,25,16,4,45,18,0,18,63
03/20/2020,LCH,LA,ASW,CE,Combined TRACON& Tower with Radar,0,12,11,0,23,0,0,3,0,3,0,12,14,0,26,20,0,20,46
03/21/2020,LCH,LA,ASW,CE,Combined TRACON& Tower with Radar,0,9,0,0,9,0,1,0,0,1,0,10,0,0,10,18,0,18,28
03/22/2020,LCH,LA,ASW,CE,Combined TRACON& Tower with Radar,0,7,14,6,27,0,0,3,0,3,0,7,17,6,30,46,0,46,76
03/23/2020,LCH,LA,ASW,CE,Combined TRACON& Tower with Radar,0,11,5,8,24,0,2,11,2,15,0,13,16,10,39,2,0,2,41
03/24/2020,LCH,LA,ASW,CE,Combined TRACON& Tower with Radar,1,10,9,11,31,0,2,8,0,10,1,12,17,11,41,10,0,10,51
03/25/2020,LCH,LA,ASW,CE,Combined TRACON& Tower with Radar,3,11,6,5,25,0,1,8,0,9,3,12,14,5,34,56,0,56,90
03/26/2020,LCH,LA,ASW,CE,Combined TRACON& Tower with Radar,0,6,12,0,18,0,8,38,0,46,0,14,50,0,64,6,0,6,70
03/27/2020,LCH,LA,ASW,CE,Combined TRACON& Tower with Radar,0,6,11,2,19,0,13,23,0,36,0,19,34,2,55,46,0,46,101
03/28/2020,LCH,LA,ASW,CE,Combined TRACON& Tower with Radar,0,6,5,0,11,0,13,2,0,15,0,19,7,0,26,2,0,2,28
03/29/2020,LCH,LA,ASW,CE,Combined TRACON& Tower with Radar,0,7,3,2,12,0,6,21,0,27,0,13,24,2,39,68,0,68,107
03/30/2020,LCH,LA,ASW,CE,Combined TRACON& Tower with Radar,0,4,2,2,8,0,5,10,0,15,0,9,12,2,23,82,0,82,105
03/31/2020,LCH,LA,ASW,CE,Combined TRACON& Tower with Radar,0,8,4,6,18,0,4,15,0,19,0,12,19,6,37,24,0,24,61
04/01/2020,LCH,LA,ASW,CE,Combined TRACON& Tower with Radar,0,6,0,12,18,0,5,29,0,34,0,11,29,12,52,17,0,17,69
04/02/2020,LCH,LA,ASW,CE,Combined TRACON& Tower with Radar,0,4,8,4,16,0,7,18,1,26,0,11,26,5,42,28,0,28,70
04/03/2020,LCH,LA,ASW,CE,Combined TRACON& Tower with Radar,0,6,7,8,21,0,10,15,0,25,0,16,22,8,46,14,0,14,60
04/04/2020,LCH,LA,ASW,CE,Combined TRACON& Tower with Radar,0,4,3,0,7,0,2,4,0,6,0,6,7,0,13,24,0,24,37
04/05/2020,LCH,LA,ASW,CE,Combined TRACON& Tower with Radar,0,8,7,0,15,0,4,13,0,17,0,12,20,0,32,16,0,16,48
04/06/2020,LCH,LA,ASW,CE,Combined TRACON& Tower with Radar,0,10,5,4,19,0,3,4,0,7,0,13,9,4,26,24,0,24,50
04/07/2020,LCH,LA,ASW,CE,Combined TRACON& Tower with Radar,0,10,7,7,24,0,2,6,0,8,0,12,13,7,32,24,0,24,56
04/08/2020,LCH,LA,ASW,CE,Combined TRACON& Tower with Radar,0,11,6,7,24,0,13,14,0,27,0,24,20,7,51,10,0,10,61
04/09/2020,LCH,LA,ASW,CE,Combined TRACON& Tower with Radar,0,15,4,2,21,0,13,6,0,19,0,28,10,2,40,2,0,2,42
04/10/2020,LCH,LA,ASW,CE,Combined TRACON& Tower with Radar,0,7,8,0,15,0,4,17,0,21,0,11,25,0,36,25,0,25,61
04/11/2020,LCH,LA,ASW,CE,Combined TRACON& Tower with Radar,0,9,1,0,10,0,5,8,0,13,0,14,9,0,23,0,0,0,23
04/12/2020,LCH,LA,ASW,CE,Combined TRACON& Tower with Radar,0,4,3,0,7,0,1,1,0,2,0,5,4,0,9,0,0,0,9
04/13/2020,LCH,LA,ASW,CE,Combined TRACON& Tower with Radar,0,12,2,0,14,0,10,25,0,35,0,22,27,0,49,12,0,12,61
04/14/2020,LCH,LA,ASW,CE,Combined TRACON& Tower with Radar,0,9,2,0,11,0,7,31,1,39,0,16,33,1,50,14,0,14,64
04/15/2020,LCH,LA,ASW,CE,Combined TRACON& Tower with Radar,0,8,8,6,22,0,9,29,1,39,0,17,37,7,61,14,0,14,75
04/16/2020,LCH,LA,ASW,CE,Combined TRACON& Tower with Radar,0,5,15,6,26,0,22,50,0,72,0,27,65,6,98,8,0,8,106
04/17/2020,LCH,LA,ASW,CE,Combined TRACON& Tower with Radar,0,8,8,2,18,0,6,39,0,45,0,14,47,2,63,0,0,0,63
04/18/2020,LCH,LA,ASW,CE,Combined TRACON& Tower with Radar,0,5,6,4,15,0,1,0,0,1,0,6,6,4,16,0,10,10,26
04/19/2020,LCH,LA,ASW,CE,Combined TRACON& Tower with Radar,0,5,3,0,8,0,0,2,0,2,0,5,5,0,10,10,0,10,20
04/20/2020,LCH,LA,ASW,CE,Combined TRACON& Tower with Radar,0,11,12,4,27,0,6,39,2,47,0,17,51,6,74,63,0,63,137
04/21/2020,LCH,LA,ASW,CE,Combined TRACON& Tower with Radar,0,8,8,5,21,0,11,24,0,35,0,19,32,5,56,4,0,4,60
04/22/2020,LCH,LA,ASW,CE,Combined TRACON& Tower with Radar,0,12,16,0,28,0,3,6,0,9,0,15,22,0,37,48,0,48,85
04/23/2020,LCH,LA,ASW,CE,Combined TRACON& Tower with Radar,0,12,12,0,24,0,5,13,0,18,0,17,25,0,42,23,0,23,65
04/24/2020,LCH,LA,ASW,CE,Combined TRACON& Tower with Radar,0,8,10,0,18,0,10,34,0,44,0,18,44,0,62,32,0,32,94
04/25/2020,LCH,LA,ASW,CE,Combined TRACON& Tower with Radar,0,9,11,2,22,0,10,36,0,46,0,19,47,2,68,20,0,20,88
04/26/2020,LCH,LA,ASW,CE,Combined TRACON& Tower with Radar,0,9,10,0,19,0,9,18,0,27,0,18,28,0,46,36,0,36,82
04/27/2020,LCH,LA,ASW,CE,Combined TRACON& Tower with Radar,0,11,14,0,25,0,14,29,0,43,0,25,43,0,68,12,0,12,80
04/28/2020,LCH,LA,ASW,CE,Combined TRACON& Tower with Radar,0,6,17,0,23,0,10,21,0,31,0,16,38,0,54,4,0,4,58
04/29/2020,LCH,LA,ASW,CE,Combined TRACON& Tower with Radar,0,6,2,3,11,0,4,14,0,18,0,10,16,3,29,11,0,11,40
04/30/2020,LCH,LA,ASW,CE,Combined TRACON& Tower with Radar,0,5,15,9,29,0,14,31,0,45,0,19,46,9,74,75,1,76,150
05/01/2020,LCH,LA,ASW,CE,Combined TRACON& Tower with Radar,0,7,9,6,22,0,15,25,0,40,0,22,34,6,62,27,11,38,100
05/02/2020,LCH,LA,ASW,CE,Combined TRACON& Tower with Radar,0,6,4,4,14,0,8,22,0,30,0,14,26,4,44,20,0,20,64
05/03/2020,LCH,LA,ASW,CE,Combined TRACON& Tower with Radar,0,7,7,0,14,0,10,23,0,33,0,17,30,0,47,16,0,16,63
05/04/2020,LCH,LA,ASW,CE,Combined TRACON& Tower with Radar,0,12,6,0,18,0,13,11,0,24,0,25,17,0,42,0,0,0,42
05/05/2020,LCH,LA,ASW,CE,Combined TRACON& Tower with Radar,0,12,6,0,18,0,10,11,0,21,0,22,17,0,39,10,0,10,49
05/06/2020,LCH,LA,ASW,CE,Combined TRACON& Tower with Radar,0,13,10,0,23,0,13,22,0,35,0,26,32,0,58,12,0,12,70
05/07/2020,LCH,LA,ASW,CE,Combined TRACON& Tower with Radar,0,6,17,6,29,0,11,28,0,39,0,17,45,6,68,84,0,84,152
05/08/2020,LCH,LA,ASW,CE,Combined TRACON& Tower with Radar,0,14,6,0,20,0,1,46,0,47,0,15,52,0,67,6,0,6,73
05/09/2020,LCH,LA,ASW,CE,Combined TRACON& Tower with Radar,0,7,10,0,17,0,3,16,0,19,0,10,26,0,36,10,0,10,46
05/10/2020,LCH,LA,ASW,CE,Combined TRACON& Tower with Radar,0,7,8,7,22,0,2,28,0,30,0,9,36,7,52,38,0,38,90
05/11/2020,LCH,LA,ASW,CE,Combined TRACON& Tower with Radar,0,10,17,2,29,0,11,83,0,94,0,21,100,2,123,88,0,88,211
05/12/2020,LCH,LA,ASW,CE,Combined TRACON& Tower with Radar,0,6,11,3,20,0,9,21,0,30,0,15,32,3,50,12,0,12,62
05/13/2020,LCH,LA,ASW,CE,Combined TRACON& Tower with Radar,0,12,9,4,25,0,2,7,0,9,0,14,16,4,34,14,0,14,48
05/14/2020,LCH,LA,ASW,CE,Combined TRACON& Tower with Radar,0,6,4,0,10,0,0,0,0,0,0,6,4,0,10,0,0,0,10
05/15/2020,LCH,LA,ASW,CE,Combined TRACON& Tower with Radar,0,13,13,0,26,0,3,6,0,9,0,16,19,0,35,2,0,2,37
05/16/2020,LCH,LA,ASW,CE,Combined TRACON& Tower with Radar,0,7,7,0,14,0,0,1,0,1,0,7,8,0,15,8,0,8,23
05/17/2020,LCH,LA,ASW,CE,Combined TRACON& Tower with Radar,0,7,8,0,15,0,2,8,1,11,0,9,16,1,26,16,0,16,42
05/18/2020,LCH,LA,ASW,CE,Combined TRACON& Tower with Radar,0,8,12,4,24,0,9,15,0,24,0,17,27,4,48,2,0,2,50
05/19/2020,LCH,LA,ASW,CE,Combined TRACON& Tower with Radar,0,8,10,2,20,0,13,21,0,34,0,21,31,2,54,50,0,50,104
05/20/2020,LCH,LA,ASW,CE,Combined TRACON& Tower with Radar,0,16,9,0,25,0,15,19,1,35,0,31,28,1,60,25,0,25,85
05/21/2020,LCH,LA,ASW,CE,Combined TRACON& Tower with Radar,0,7,13,4,24,0,15,42,0,57,0,22,55,4,81,24,0,24,105
05/22/2020,LCH,LA,ASW,CE,Combined TRACON& Tower with Radar,0,6,8,7,21,0,9,21,0,30,0,15,29,7,51,2,0,2,53
05/23/2020,LCH,LA,ASW,CE,Combined TRACON& Tower with Radar,0,8,12,0,20,0,4,23,0,27,0,12,35,0,47,12,0,12,59
05/24/2020,LCH,LA,ASW,CE,Combined TRACON& Tower with Radar,0,7,1,0,8,0,5,8,0,13,0,12,9,0,21,16,0,16,37
05/25/2020,LCH,LA,ASW,CE,Combined TRACON& Tower with Radar,0,7,8,0,15,0,2,8,0,10,0,9,16,0,25,5,0,5,30
05/26/2020,LCH,LA,ASW,CE,Combined TRACON& Tower with Radar,0,6,3,0,9,0,1,9,0,10,0,7,12,0,19,13,0,13,32
05/27/2020,LCH,LA,ASW,CE,Combined TRACON& Tower with Radar,0,11,6,0,17,0,17,14,0,31,0,28,20,0,48,8,0,8,56
05/28/2020,LCH,LA,ASW,CE,Combined TRACON& Tower with Radar,0,8,10,0,18,0,12,8,0,20,0,20,18,0,38,32,0,32,70
05/29/2020,LCH,LA,ASW,CE,Combined TRACON& Tower with Radar,0,10,14,2,26,0,11,23,0,34,0,21,37,2,60,0,0,0,60
05/30/2020,LCH,LA,ASW,CE,Combined TRACON& Tower with Radar,0,6,13,10,29,0,11,19,2,32,0,17,32,12,61,36,0,36,97
05/31/2020,LCH,LA,ASW,CE,Combined TRACON& Tower with Radar,0,7,23,2,32,0,14,15,0,29,0,21,38,2,61,22,0,22,83
06/01/2020,LCH,LA,ASW,CE,Combined TRACON& Tower with Radar,0,8,19,0,27,0,12,25,0,37,0,20,44,0,64,40,0,40,104
06/02/2020,LCH,LA,ASW,CE,Combined TRACON& Tower with Radar,0,11,12,3,26,0,8,45,0,53,0,19,57,3,79,7,0,7,86
06/03/2020,LCH,LA,ASW,CE,Combined TRACON& Tower with Radar,0,7,14,5,26,0,7,10,0,17,0,14,24,5,43,6,0,6,49
06/04/2020,LCH,LA,ASW,CE,Combined TRACON& Tower with Radar,0,11,21,0,32,0,5,28,0,33,0,16,49,0,65,73,0,73,138
06/05/2020,LCH,LA,ASW,CE,Combined TRACON& Tower with Radar,0,18,14,8,40,0,14,33,0,47,0,32,47,8,87,12,0,12,99
06/06/2020,LCH,LA,ASW,CE,Combined TRACON& Tower with Radar,0,11,16,2,29,0,20,16,0,36,0,31,32,2,65,33,0,33,98
06/07/2020,LCH,LA,ASW,CE,Combined TRACON& Tower with Radar,0,8,7,0,15,0,9,2,1,12,0,17,9,1,27,0,0,0,27
06/08/2020,LCH,LA,ASW,CE,Combined TRACON& Tower with Radar,0,14,5,0,19,0,15,2,0,17,0,29,7,0,36,18,0,18,54
06/09/2020,LCH,LA,ASW,CE,Combined TRACON& Tower with Radar,0,13,14,11,38,0,16,17,0,33,0,29,31,11,71,107,0,107,178
06/10/2020,LCH,LA,ASW,CE,Combined TRACON& Tower with Radar,0,12,15,0,27,0,6,24,0,30,0,18,39,0,57,47,0,47,104
06/11/2020,LCH,LA,ASW,CE,Combined TRACON& Tower with Radar,0,14,8,2,24,0,7,32,0,39,0,21,40,2,63,40,0,40,103
06/12/2020,LCH,LA,ASW,CE,Combined TRACON& Tower with Radar,0,10,18,4,32,0,12,30,0,42,0,22,48,4,74,11,0,11,85
06/13/2020,LCH,LA,ASW,CE,Combined TRACON& Tower with Radar,0,6,10,0,16,0,6,28,0,34,0,12,38,0,50,16,0,16,66
06/14/2020,LCH,LA,ASW,CE,Combined TRACON& Tower with Radar,0,4,8,8,20,0,4,30,0,34,0,8,38,8,54,16,0,16,70
06/15/2020,LCH,LA,ASW,CE,Combined TRACON& Tower with Radar,0,8,8,0,16,0,13,12,0,25,0,21,20,0,41,19,0,19,60
06/16/2020,LCH,LA,ASW,CE,Combined TRACON& Tower with Radar,0,4,4,0,8,0,13,26,0,39,0,17,30,0,47,46,0,46,93
06/17/2020,LCH,LA,ASW,CE,Combined TRACON& Tower with Radar,0,8,13,6,27,0,16,16,0,32,0,24,29,6,59,24,2,26,85
06/18/2020,LCH,LA,ASW,CE,Combined TRACON& Tower with Radar,0,8,9,2,19,0,10,12,0,22,0,18,21,2,41,37,0,37,78
06/19/2020,LCH,LA,ASW,CE,Combined TRACON& Tower with Radar,0,10,13,5,28,0,14,17,0,31,0,24,30,5,59,11,0,11,70
06/20/2020,LCH,LA,ASW,CE,Combined TRACON& Tower with Radar,0,6,6,0,12,0,5,23,0,28,0,11,29,0,40,93,0,93,133
06/21/2020,LCH,LA,ASW,CE,Combined TRACON& Tower with Radar,0,4,8,0,12,0,5,8,0,13,0,9,16,0,25,6,0,6,31
06/22/2020,LCH,LA,ASW,CE,Combined TRACON& Tower with Radar,0,10,19,0,29,0,6,3,0,9,0,16,22,0,38,27,0,27,65
06/23/2020,LCH,LA,ASW,CE,Combined TRACON& Tower with Radar,0,4,6,0,10,0,4,5,0,9,0,8,11,0,19,55,0,55,74
06/24/2020,LCH,LA,ASW,CE,Combined TRACON& Tower with Radar,0,14,3,1,18,0,3,11,0,14,0,17,14,1,32,58,0,58,90
06/25/2020,LCH,LA,ASW,CE,Combined TRACON& Tower with Radar,0,6,3,0,9,0,3,9,0,12,0,9,12,0,21,1,0,1,22
06/26/2020,LCH,LA,ASW,CE,Combined TRACON& Tower with Radar,0,8,18,1,27,0,5,5,0,10,0,13,23,1,37,16,0,16,53
06/27/2020,LCH,LA,ASW,CE,Combined TRACON& Tower with Radar,0,6,9,4,19,0,2,16,0,18,0,8,25,4,37,85,0,85,122
06/28/2020,LCH,LA,ASW,CE,Combined TRACON& Tower with Radar,0,9,7,4,20,0,13,8,0,21,0,22,15,4,41,18,0,18,59
06/29/2020,LCH,LA,ASW,CE,Combined TRACON& Tower with Radar,0,7,11,2,20,0,7,11,0,18,0,14,22,2,38,64,0,64,102
06/30/2020,LCH,LA,ASW,CE,Combined TRACON& Tower with Radar,0,7,5,2,14,0,11,21,0,32,0,18,26,2,46,48,0,48,94
07/01/2020,LCH,LA,ASW,CE,Combined TRACON& Tower with Radar,0,7,24,4,35,0,14,43,0,57,0,21,67,4,92,104,0,104,196
07/02/2020,LCH,LA,ASW,CE,Combined TRACON& Tower with Radar,0,14,16,4,34,0,12,26,0,38,0,26,42,4,72,31,0,31,103
07/03/2020,LCH,LA,ASW,CE,Combined TRACON& Tower with Radar,0,12,7,2,21,0,7,10,0,17,0,19,17,2,38,41,0,41,79
07/04/2020,LCH,LA,ASW,CE,Combined TRACON& Tower with Radar,0,5,16,0,21,0,1,26,0,27,0,6,42,0,48,51,0,51,99
07/05/2020,LCH,LA,ASW,CE,Combined TRACON& Tower with Radar,0,6,26,0,32,0,8,13,0,21,0,14,39,0,53,1,0,1,54
07/06/2020,LCH,LA,ASW,CE,Combined TRACON& Tower with Radar,0,16,16,1,33,0,2,19,0,21,0,18,35,1,54,4,0,4,58
07/07/2020,LCH,LA,ASW,CE,Combined TRACON& Tower with Radar,0,14,7,0,21,0,5,10,0,15,0,19,17,0,36,36,0,36,72
07/08/2020,LCH,LA,ASW,CE,Combined TRACON& Tower with Radar,0,10,13,12,35,0,10,17,1,28,0,20,30,13,63,50,0,50,113
07/09/2020,LCH,LA,ASW,CE,Combined TRACON& Tower with Radar,0,14,12,1,27,0,11,18,0,29,0,25,30,1,56,4,0,4,60
07/10/2020,LCH,LA,ASW,CE,Combined TRACON& Tower with Radar,0,15,12,0,27,0,11,21,0,32,0,26,33,0,59,12,0,12,71
07/11/2020,LCH,LA,ASW,CE,Combined TRACON& Tower with Radar,0,5,7,0,12,0,5,34,0,39,0,10,41,0,51,62,0,62,113
07/12/2020,LCH,LA,ASW,CE,Combined TRACON& Tower with Radar,0,13,4,4,21,0,5,13,0,18,0,18,17,4,39,6,0,6,45
07/13/2020,LCH,LA,ASW,CE,Combined TRACON& Tower with Radar,0,16,14,3,33,0,5,24,0,29,0,21,38,3,62,29,0,29,91
07/14/2020,LCH,LA,ASW,CE,Combined TRACON& Tower with Radar,0,10,10,3,23,0,13,16,2,31,0,23,26,5,54,14,0,14,68
07/15/2020,LCH,LA,ASW,CE,Combined TRACON& Tower with Radar,0,17,13,2,32,0,17,25,0,42,0,34,38,2,74,26,0,26,100
07/16/2020,LCH,LA,ASW,CE,Combined TRACON& Tower with Radar,0,12,13,0,25,0,10,25,0,35,0,22,38,0,60,8,0,8,68
07/17/2020,LCH,LA,ASW,CE,Combined TRACON& Tower with Radar,0,10,14,4,28,0,13,12,0,25,0,23,26,4,53,41,0,41,94
07/18/2020,LCH,LA,ASW,CE,Combined TRACON& Tower with Radar,0,11,13,8,32,0,10,32,0,42,0,21,45,8,74,29,0,29,103
07/19/2020,LCH,LA,ASW,CE,Combined TRACON& Tower with Radar,0,10,10,0,20,0,6,8,0,14,0,16,18,0,34,25,0,25,59
07/20/2020,LCH,LA,ASW,CE,Combined TRACON& Tower with Radar,0,9,12,0,21,0,2,7,0,9,0,11,19,0,30,6,0,6,36
07/21/2020,LCH,LA,ASW,CE,Combined TRACON& Tower with Radar,0,12,1,0,13,0,9,8,0,17,0,21,9,0,30,10,0,10,40
07/22/2020,LCH,LA,ASW,CE,Combined TRACON& Tower with Radar,0,10,7,0,17,0,18,15,0,33,0,28,22,0,50,59,0,59,109
07/23/2020,LCH,LA,ASW,CE,Combined TRACON& Tower with Radar,0,13,12,0,25,0,3,21,0,24,0,16,33,0,49,35,0,35,84
07/24/2020,LCH,LA,ASW,CE,Combined TRACON& Tower with Radar,0,15,2,0,17,0,2,1,0,3,0,17,3,0,20,5,0,5,25
07/25/2020,LCH,LA,ASW,CE,Combined TRACON& Tower with Radar,0,9,0,0,9,0,2,3,0,5,0,11,3,0,14,24,0,24,38
07/26/2020,LCH,LA,ASW,CE,Combined TRACON& Tower with Radar,0,14,5,0,19,0,3,4,0,7,0,17,9,0,26,0,0,0,26
07/27/2020,LCH,LA,ASW,CE,Combined TRACON& Tower with Radar,0,10,5,0,15,0,5,10,0,15,0,15,15,0,30,25,0,25,55
07/28/2020,LCH,LA,ASW,CE,Combined TRACON& Tower with Radar,0,10,7,0,17,0,3,9,0,12,0,13,16,0,29,6,0,6,35
07/29/2020,LCH,LA,ASW,CE,Combined TRACON& Tower with Radar,0,14,6,2,22,0,11,10,0,21,0,25,16,2,43,22,0,22,65
07/30/2020,LCH,LA,ASW,CE,Combined TRACON& Tower with Radar,0,10,11,18,39,0,14,22,0,36,0,24,33,18,75,52,26,78,153
07/31/2020,LCH,LA,ASW,CE,Combined TRACON& Tower with Radar,0,12,15,0,27,0,17,16,0,33,0,29,31,0,60,9,0,9,69
08/01/2020,LCH,LA,ASW,CE,Combined TRACON& Tower with Radar,0,10,4,0,14,0,6,7,1,14,0,16,11,1,28,7,0,7,35
08/02/2020,LCH,LA,ASW,CE,Combined TRACON& Tower with Radar,0,12,13,18,43,0,3,22,0,25,0,15,35,18,68,32,0,32,100
08/03/2020,LCH,LA,ASW,CE,Combined TRACON& Tower with Radar,0,10,11,3,24,0,8,21,0,29,0,18,32,3,53,49,0,49,102
08/04/2020,LCH,LA,ASW,CE,Combined TRACON& Tower with Radar,0,10,18,0,28,0,14,23,0,37,0,24,41,0,65,25,0,25,90
08/05/2020,LCH,LA,ASW,CE,Combined TRACON& Tower with Radar,0,10,5,0,15,0,17,30,0,47,0,27,35,0,62,10,0,10,72
08/06/2020,LCH,LA,ASW,CE,Combined TRACON& Tower with Radar,0,12,10,4,26,0,8,27,0,35,0,20,37,4,61,24,0,24,85
08/07/2020,LCH,LA,ASW,CE,Combined TRACON& Tower with Radar,0,15,18,7,40,0,12,20,0,32,0,27,38,7,72,26,0,26,98
08/08/2020,LCH,LA,ASW,CE,Combined TRACON& Tower with Radar,0,9,8,2,19,0,12,26,0,38,0,21,34,2,57,13,0,13,70
08/09/2020,LCH,LA,ASW,CE,Combined TRACON& Tower with Radar,0,13,13,0,26,0,9,8,0,17,0,22,21,0,43,17,0,17,60
08/10/2020,LCH,LA,ASW,CE,Combined TRACON& Tower with Radar,0,13,7,8,28,0,17,18,0,35,0,30,25,8,63,7,0,7,70
08/11/2020,LCH,LA,ASW,CE,Combined TRACON& Tower with Radar,0,13,11,0,24,0,15,29,1,45,0,28,40,1,69,34,0,34,103
08/12/2020,LCH,LA,ASW,CE,Combined TRACON& Tower with Radar,0,15,5,0,20,0,13,18,0,31,0,28,23,0,51,74,0,74,125
08/13/2020,LCH,LA,ASW,CE,Combined TRACON& Tower with Radar,0,11,8,2,21,0,15,11,2,28,0,26,19,4,49,17,4,21,70
08/14/2020,LCH,LA,ASW,CE,Combined TRACON& Tower with Radar,0,12,10,8,30,0,13,35,1,49,0,25,45,9,79,58,0,58,137
08/15/2020,LCH,LA,ASW,CE,Combined TRACON& Tower with Radar,0,12,11,0,23,0,15,25,0,40,0,27,36,0,63,66,0,66,129
08/16/2020,LCH,LA,ASW,CE,Combined TRACON& Tower with Radar,0,14,13,0,27,0,9,25,1,35,0,23,38,1,62,48,0,48,110
08/17/2020,LCH,LA,ASW,CE,Combined TRACON& Tower with Radar,0,11,12,0,23,0,2,10,0,12,0,13,22,0,35,3,0,3,38
08/18/2020,LCH,LA,ASW,CE,Combined TRACON& Tower with Radar,0,11,16,2,29,0,14,8,0,22,0,25,24,2,51,28,0,28,79
08/19/2020,LCH,LA,ASW,CE,Combined TRACON& Tower with Radar,0,14,10,6,30,0,14,16,0,30,0,28,26,6,60,20,0,20,80
08/20/2020,LCH,LA,ASW,CE,Combined TRACON& Tower with Radar,0,10,14,2,26,0,12,24,0,36,0,22,38,2,62,48,0,48,110
08/21/2020,LCH,LA,ASW,CE,Combined TRACON& Tower with Radar,0,12,10,6,28,0,15,28,1,44,0,27,38,7,72,42,0,42,114
08/22/2020,LCH,LA,ASW,CE,Combined TRACON& Tower with Radar,0,11,4,0,15,0,13,21,1,35,0,24,25,1,50,50,0,50,100
08/23/2020,LCH,LA,ASW,CE,Combined TRACON& Tower with Radar,0,14,16,0,30,0,13,23,0,36,0,27,39,0,66,8,0,8,74
08/24/2020,LCH,LA,ASW,CE,Combined TRACON& Tower with Radar,0,11,6,3,20,0,2,5,0,7,0,13,11,3,27,1,0,1,28
08/25/2020,LCH,LA,ASW,CE,Combined TRACON& Tower with Radar,0,16,6,1,23,0,7,4,0,11,0,23,10,1,34,0,0,0,34
08/26/2020,LCH,LA,ASW,CE,Combined TRACON& Tower with Radar,0,10,6,0,16,0,7,3,0,10,0,17,9,0,26,0,0,0,26
08/27/2020,LCH,LA,ASW,CE,Combined TRACON& Tower with Radar,0,0,0,0,0,0,0,5,0,5,0,0,5,0,5,0,0,0,5
08/28/2020,LCH,LA,ASW,CE,Combined TRACON& Tower with Radar,0,0,0,0,0,0,0,0,0,0,0,0,0,0,0,0,0,0,0
08/29/2020,LCH,LA,ASW,CE,Combined TRACON& Tower with Radar,0,0,0,0,0,0,0,0,0,0,0,0,0,0,0,0,0,0,0
08/30/2020,LCH,LA,ASW,CE,Combined TRACON& Tower with Radar,0,0,0,0,0,0,0,0,0,0,0,0,0,0,0,0,0,0,0
08/31/2020,LCH,LA,ASW,CE,Combined TRACON& Tower with Radar,0,0,0,0,0,0,2,0,0,2,0,2,0,0,2,0,0,0,2
09/01/2020,LCH,LA,ASW,CE,Combined TRACON& Tower with Radar,0,0,0,0,0,0,0,1,0,1,0,0,1,0,1,0,0,0,1
09/02/2020,LCH,LA,ASW,CE,Combined TRACON& Tower with Radar,0,0,5,0,5,0,2,2,0,4,0,2,7,0,9,0,0,0,9
09/03/2020,LCH,LA,ASW,CE,Combined TRACON& Tower with Radar,0,2,11,0,13,0,4,2,0,6,0,6,13,0,19,13,0,13,32
09/04/2020,LCH,LA,ASW,CE,Combined TRACON& Tower with Radar,0,7,7,0,14,0,2,5,0,7,0,9,12,0,21,11,0,11,32
09/05/2020,LCH,LA,ASW,CE,Combined TRACON& Tower with Radar,0,5,11,0,16,0,3,3,0,6,0,8,14,0,22,43,0,43,65
09/06/2020,LCH,LA,ASW,CE,Combined TRACON& Tower with Radar,0,6,1,0,7,0,0,9,0,9,0,6,10,0,16,25,0,25,41
09/07/2020,LCH,LA,ASW,CE,Combined TRACON& Tower with Radar,0,5,5,0,10,0,5,10,1,16,0,10,15,1,26,0,0,0,26
09/08/2020,LCH,LA,ASW,CE,Combined TRACON& Tower with Radar,0,6,3,0,9,0,2,10,0,12,0,8,13,0,21,0,0,0,21
09/09/2020,LCH,LA,ASW,CE,Combined TRACON& Tower with Radar,0,7,9,0,16,0,4,3,0,7,0,11,12,0,23,0,0,0,23
09/10/2020,LCH,LA,ASW,CE,Combined TRACON& Tower with Radar,0,6,18,0,24,0,2,3,0,5,0,8,21,0,29,0,0,0,29
09/11/2020,LCH,LA,ASW,CE,Combined TRACON& Tower with Radar,0,13,19,0,32,0,1,3,0,4,0,14,22,0,36,15,0,15,51
09/12/2020,LCH,LA,ASW,CE,Combined TRACON& Tower with Radar,0,8,4,0,12,0,1,2,0,3,0,9,6,0,15,4,1,5,20
09/13/2020,LCH,LA,ASW,CE,Combined TRACON& Tower with Radar,0,20,7,0,27,0,3,4,0,7,0,23,11,0,34,15,0,15,49
09/14/2020,LCH,LA,ASW,CE,Combined TRACON& Tower with Radar,0,9,11,0,20,0,0,2,0,2,0,9,13,0,22,8,0,8,30
09/15/2020,LCH,LA,ASW,CE,Combined TRACON& Tower with Radar,0,6,0,0,6,0,4,1,0,5,0,10,1,0,11,37,0,37,48
09/16/2020,LCH,LA,ASW,CE,Combined TRACON& Tower with Radar,0,9,12,0,21,0,2,6,0,8,0,11,18,0,29,3,0,3,32
09/17/2020,LCH,LA,ASW,CE,Combined TRACON& Tower with Radar,0,5,3,0,8,0,8,4,0,12,0,13,7,0,20,2,0,2,22
09/18/2020,LCH,LA,ASW,CE,Combined TRACON& Tower with Radar,0,3,1,0,4,0,1,4,0,5,0,4,5,0,9,0,0,0,9
09/19/2020,LCH,LA,ASW,CE,Combined TRACON& Tower with Radar,0,4,5,0,9,0,2,4,0,6,0,6,9,0,15,1,0,1,16
09/20/2020,LCH,LA,ASW,CE,Combined TRACON& Tower with Radar,0,6,3,0,9,0,0,0,0,0,0,6,3,0,9,0,0,0,9
09/21/2020,LCH,LA,ASW,CE,Combined TRACON& Tower with Radar,0,11,6,0,17,0,0,0,0,0,0,11,6,0,17,0,0,0,17
09/22/2020,LCH,LA,ASW,CE,Combined TRACON& Tower with Radar,0,6,10,0,16,0,0,0,0,0,0,6,10,0,16,0,0,0,16
09/23/2020,LCH,LA,ASW,CE,Combined TRACON& Tower with Radar,0,7,1,0,8,0,0,2,0,2,0,7,3,0,10,0,0,0,10
09/24/2020,LCH,LA,ASW,CE,Combined TRACON& Tower with Radar,0,9,1,0,10,0,3,2,0,5,0,12,3,0,15,0,0,0,15
09/25/2020,LCH,LA,ASW,CE,Combined TRACON& Tower with Radar,0,12,5,2,19,0,1,6,0,7,0,13,11,2,26,16,0,16,42
09/26/2020,LCH,LA,ASW,CE,Combined TRACON& Tower with Radar,0,6,10,2,18,0,3,17,0,20,0,9,27,2,38,28,0,28,66
09/27/2020,LCH,LA,ASW,CE,Combined TRACON& Tower with Radar,0,10,4,0,14,0,4,12,0,16,0,14,16,0,30,20,0,20,50
09/28/2020,LCH,LA,ASW,CE,Combined TRACON& Tower with Radar,0,8,2,0,10,0,1,4,0,5,0,9,6,0,15,0,0,0,15
09/29/2020,LCH,LA,ASW,CE,Combined TRACON& Tower with Radar,0,6,10,2,18,0,2,28,0,30,0,8,38,2,48,8,0,8,56
09/30/2020,LCH,LA,ASW,CE,Combined TRACON& Tower with Radar,0,6,4,0,10,0,7,11,0,18,0,13,15,0,28,6,0,6,34
10/01/2020,LCH,LA,ASW,CE,Combined TRACON& Tower with Radar,0,6,8,0,14,0,4,25,0,29,0,10,33,0,43,0,0,0,43
10/02/2020,LCH,LA,ASW,CE,Combined TRACON& Tower with Radar,0,9,13,0,22,0,8,15,0,23,0,17,28,0,45,0,0,0,45
10/03/2020,LCH,LA,ASW,CE,Combined TRACON& Tower with Radar,0,6,2,4,12,0,0,9,0,9,0,6,11,4,21,0,0,0,21
10/04/2020,LCH,LA,ASW,CE,Combined TRACON& Tower with Radar,0,6,6,0,12,0,3,17,0,20,0,9,23,0,32,32,0,32,64
10/05/2020,LCH,LA,ASW,CE,Combined TRACON& Tower with Radar,0,6,2,0,8,0,1,23,0,24,0,7,25,0,32,32,0,32,64
10/06/2020,LCH,LA,ASW,CE,Combined TRACON& Tower with Radar,0,6,4,0,10,0,0,20,0,20,0,6,24,0,30,14,0,14,44
10/07/2020,LCH,LA,ASW,CE,Combined TRACON& Tower with Radar,0,2,7,0,9,0,17,16,0,33,0,19,23,0,42,14,0,14,56
10/08/2020,LCH,LA,ASW,CE,Combined TRACON& Tower with Radar,0,4,5,0,9,0,1,3,0,4,0,5,8,0,13,0,0,0,13
10/10/2020,LCH,LA,ASW,CE,Combined TRACON& Tower with Radar,0,0,1,0,1,0,1,2,0,3,0,1,3,0,4,0,0,0,4
10/11/2020,LCH,LA,ASW,CE,Combined TRACON& Tower with Radar,0,2,1,0,3,0,1,2,0,3,0,3,3,0,6,0,0,0,6
10/12/2020,LCH,LA,ASW,CE,Combined TRACON& Tower with Radar,0,4,4,0,8,0,4,4,0,8,0,8,8,0,16,0,0,0,16
10/13/2020,LCH,LA,ASW,CE,Combined TRACON& Tower with Radar,0,1,0,0,1,0,4,12,0,16,0,5,12,0,17,0,0,0,17
10/14/2020,LCH,LA,ASW,CE,Combined TRACON& Tower with Radar,0,8,3,0,11,0,0,15,0,15,0,8,18,0,26,0,0,0,26
10/15/2020,LCH,LA,ASW,CE,Combined TRACON& Tower with Radar,0,5,7,0,12,0,0,14,0,14,0,5,21,0,26,2,0,2,28
10/16/2020,LCH,LA,ASW,CE,Combined TRACON& Tower with Radar,0,4,10,1,15,0,4,4,0,8,0,8,14,1,23,11,0,11,34
10/17/2020,LCH,LA,ASW,CE,Combined TRACON& Tower with Radar,0,2,11,0,13,0,4,17,0,21,0,6,28,0,34,12,0,12,46
10/18/2020,LCH,LA,ASW,CE,Combined TRACON& Tower with Radar,0,4,12,0,16,0,0,11,0,11,0,4,23,0,27,26,0,26,53
10/19/2020,LCH,LA,ASW,CE,Combined TRACON& Tower with Radar,0,4,10,0,14,0,0,10,0,10,0,4,20,0,24,4,0,4,28
10/20/2020,LCH,LA,ASW,CE,Combined TRACON& Tower with Radar,0,2,9,0,11,0,2,10,0,12,0,4,19,0,23,0,0,0,23
10/21/2020,LCH,LA,ASW,CE,Combined TRACON& Tower with Radar,0,4,13,1,18,0,2,24,0,26,0,6,37,1,44,1,0,1,45
10/22/2020,LCH,LA,ASW,CE,Combined TRACON& Tower with Radar,0,5,8,1,14,0,5,13,0,18,0,10,21,1,32,8,0,8,40
10/23/2020,LCH,LA,ASW,CE,Combined TRACON& Tower with Radar,0,8,2,0,10,0,0,3,0,3,0,8,5,0,13,20,0,20,33
10/24/2020,LCH,LA,ASW,CE,Combined TRACON& Tower with Radar,0,2,5,0,7,0,0,4,0,4,0,2,9,0,11,0,0,0,11
10/25/2020,LCH,LA,ASW,CE,Combined TRACON& Tower with Radar,0,5,5,0,10,0,0,8,0,8,0,5,13,0,18,26,0,26,44
10/26/2020,LCH,LA,ASW,CE,Combined TRACON& Tower with Radar,0,5,10,0,15,0,15,13,0,28,0,20,23,0,43,5,0,5,48
10/27/2020,LCH,LA,ASW,CE,Combined TRACON& Tower with Radar,0,10,6,2,18,0,9,8,0,17,0,19,14,2,35,3,0,3,38
10/28/2020,LCH,LA,ASW,CE,Combined TRACON& Tower with Radar,0,4,3,0,7,0,0,0,0,0,0,4,3,0,7,0,0,0,7
10/29/2020,LCH,LA,ASW,CE,Combined TRACON& Tower with Radar,0,5,5,8,18,0,22,8,3,33,0,27,13,11,51,0,11,11,62
10/30/2020,LCH,LA,ASW,CE,Combined TRACON& Tower with Radar,0,5,7,0,12,0,6,22,0,28,0,11,29,0,40,12,0,12,52
10/31/2020,LCH,LA,ASW,CE,Combined TRACON& Tower with Radar,0,2,12,0,14,0,10,25,0,35,0,12,37,0,49,6,0,6,55
11/01/2020,LCH,LA,ASW,CE,Combined TRACON& Tower with Radar,0,5,7,0,12,0,3,17,0,20,0,8,24,0,32,4,0,4,36
11/02/2020,LCH,LA,ASW,CE,Combined TRACON& Tower with Radar,0,5,3,0,8,0,2,18,0,20,0,7,21,0,28,10,0,10,38
11/03/2020,LCH,LA,ASW,CE,Combined TRACON& Tower with Radar,0,4,14,5,23,0,6,17,0,23,0,10,31,5,46,42,0,42,88
11/04/2020,LCH,LA,ASW,CE,Combined TRACON& Tower with Radar,0,2,9,0,11,0,6,24,0,30,0,8,33,0,41,37,0,37,78
11/05/2020,LCH,LA,ASW,CE,Combined TRACON& Tower with Radar,0,8,19,0,27,0,9,19,0,28,0,17,38,0,55,21,0,21,76
11/06/2020,LCH,LA,ASW,CE,Combined TRACON& Tower with Radar,0,4,13,0,17,0,5,11,0,16,0,9,24,0,33,12,0,12,45
11/07/2020,LCH,LA,ASW,CE,Combined TRACON& Tower with Radar,0,4,7,0,11,0,2,16,0,18,0,6,23,0,29,8,0,8,37
11/08/2020,LCH,LA,ASW,CE,Combined TRACON& Tower with Radar,0,5,21,0,26,0,1,8,0,9,0,6,29,0,35,44,0,44,79
11/09/2020,LCH,LA,ASW,CE,Combined TRACON& Tower with Radar,0,4,9,2,15,0,7,5,0,12,0,11,14,2,27,21,0,21,48
11/10/2020,LCH,LA,ASW,CE,Combined TRACON& Tower with Radar,0,4,13,0,17,0,10,10,0,20,0,14,23,0,37,24,0,24,61
11/11/2020,LCH,LA,ASW,CE,Combined TRACON& Tower with Radar,0,4,6,0,10,0,8,15,0,23,0,12,21,0,33,21,0,21,54
11/12/2020,LCH,LA,ASW,CE,Combined TRACON& Tower with Radar,0,6,9,4,19,0,22,15,0,37,0,28,24,4,56,30,0,30,86
11/13/2020,LCH,LA,ASW,CE,Combined TRACON& Tower with Radar,0,4,17,0,21,0,13,23,2,38,0,17,40,2,59,4,0,4,63
11/14/2020,LCH,LA,ASW,CE,Combined TRACON& Tower with Radar,0,4,10,2,16,0,8,6,0,14,0,12,16,2,30,0,0,0,30
11/15/2020,LCH,LA,ASW,CE,Combined TRACON& Tower with Radar,0,5,13,0,18,0,4,16,0,20,0,9,29,0,38,30,0,30,68
11/16/2020,LCH,LA,ASW,CE,Combined TRACON& Tower with Radar,0,4,18,0,22,0,26,14,0,40,0,30,32,0,62,16,0,16,78
11/17/2020,LCH,LA,ASW,CE,Combined TRACON& Tower with Radar,0,4,4,0,8,0,14,8,0,22,0,18,12,0,30,15,0,15,45
11/18/2020,LCH,LA,ASW,CE,Combined TRACON& Tower with Radar,0,2,10,0,12,0,9,16,0,25,0,11,26,0,37,10,0,10,47
11/19/2020,LCH,LA,ASW,CE,Combined TRACON& Tower with Radar,0,6,14,0,20,0,11,19,0,30,0,17,33,0,50,14,0,14,64
11/20/2020,LCH,LA,ASW,CE,Combined TRACON& Tower with Radar,0,7,12,2,21,0,15,11,1,27,0,22,23,3,48,6,0,6,54
11/21/2020,LCH,LA,ASW,CE,Combined TRACON& Tower with Radar,0,5,5,0,10,0,9,13,0,22,0,14,18,0,32,0,0,0,32
11/22/2020,LCH,LA,ASW,CE,Combined TRACON& Tower with Radar,0,5,8,0,13,0,7,13,0,20,0,12,21,0,33,0,0,0,33
11/23/2020,LCH,LA,ASW,CE,Combined TRACON& Tower with Radar,0,4,7,2,13,0,10,21,0,31,0,14,28,2,44,10,0,10,54
11/24/2020,LCH,LA,ASW,CE,Combined TRACON& Tower with Radar,0,6,17,0,23,0,12,4,0,16,0,18,21,0,39,0,0,0,39
11/25/2020,LCH,LA,ASW,CE,Combined TRACON& Tower with Radar,0,8,8,0,16,0,0,10,0,10,0,8,18,0,26,1,0,1,27
11/26/2020,LCH,LA,ASW,CE,Combined TRACON& Tower with Radar,0,3,5,0,8,0,6,2,0,8,0,9,7,0,16,6,0,6,22
11/27/2020,LCH,LA,ASW,CE,Combined TRACON& Tower with Radar,0,10,4,0,14,0,0,0,0,0,0,10,4,0,14,0,0,0,14
11/28/2020,LCH,LA,ASW,CE,Combined TRACON& Tower with Radar,0,6,7,0,13,0,0,0,0,0,0,6,7,0,13,0,0,0,13
11/29/2020,LCH,LA,ASW,CE,Combined TRACON& Tower with Radar,0,11,8,2,21,0,1,0,0,1,0,12,8,2,22,0,0,0,22
11/30/2020,LCH,LA,ASW,CE,Combined TRACON& Tower with Radar,0,5,7,1,13,0,4,10,2,16,0,9,17,3,29,20,0,20,49
12/01/2020,LCH,LA,ASW,CE,Combined TRACON& Tower with Radar,0,4,20,0,24,0,14,10,0,24,0,18,30,0,48,9,0,9,57
12/02/2020,LCH,LA,ASW,CE,Combined TRACON& Tower with Radar,0,5,3,2,10,0,3,6,0,9,0,8,9,2,19,0,0,0,19
12/03/2020,LCH,LA,ASW,CE,Combined TRACON& Tower with Radar,0,8,18,0,26,0,1,2,0,3,0,9,20,0,29,0,0,0,29
12/04/2020,LCH,LA,ASW,CE,Combined TRACON& Tower with Radar,0,10,12,2,24,0,22,18,0,40,0,32,30,2,64,24,0,24,88
12/05/2020,LCH,LA,ASW,CE,Combined TRACON& Tower with Radar,0,8,10,0,18,0,5,10,0,15,0,13,20,0,33,24,0,24,57
12/06/2020,LCH,LA,ASW,CE,Combined TRACON& Tower with Radar,0,8,9,0,17,0,5,16,0,21,0,13,25,0,38,20,0,20,58
12/07/2020,LCH,LA,ASW,CE,Combined TRACON& Tower with Radar,0,4,3,0,7,0,22,3,1,26,0,26,6,1,33,1,0,1,34
12/08/2020,LCH,LA,ASW,CE,Combined TRACON& Tower with Radar,0,6,12,2,20,0,21,8,0,29,0,27,20,2,49,44,0,44,93
12/09/2020,LCH,LA,ASW,CE,Combined TRACON& Tower with Radar,0,2,8,2,12,0,11,14,1,26,0,13,22,3,38,17,0,17,55
12/10/2020,LCH,LA,ASW,CE,Combined TRACON& Tower with Radar,0,10,7,0,17,0,8,17,1,26,0,18,24,1,43,10,0,10,53
12/11/2020,LCH,LA,ASW,CE,Combined TRACON& Tower with Radar,0,8,7,0,15,0,15,3,1,19,0,23,10,1,34,28,0,28,62
12/12/2020,LCH,LA,ASW,CE,Combined TRACON& Tower with Radar,0,9,16,0,25,0,5,5,0,10,0,14,21,0,35,26,0,26,61
12/13/2020,LCH,LA,ASW,CE,Combined TRACON& Tower with Radar,0,9,3,0,12,0,1,0,0,1,0,10,3,0,13,0,0,0,13
12/14/2020,LCH,LA,ASW,CE,Combined TRACON& Tower with Radar,0,12,11,14,37,0,2,1,1,4,0,14,12,15,41,0,0,0,41
12/15/2020,LCH,LA,ASW,CE,Combined TRACON& Tower with Radar,0,12,9,0,21,0,1,0,0,1,0,13,9,0,22,0,0,0,22
12/16/2020,LCH,LA,ASW,CE,Combined TRACON& Tower with Radar,0,10,18,0,28,0,11,12,0,23,0,21,30,0,51,8,0,8,59
12/17/2020,LCH,LA,ASW,CE,Combined TRACON& Tower with Radar,0,9,13,2,24,0,25,24,0,49,0,34,37,2,73,18,0,18,91
12/18/2020,LCH,LA,ASW,CE,Combined TRACON& Tower with Radar,0,6,8,0,14,0,12,7,0,19,0,18,15,0,33,6,0,6,39
12/19/2020,LCH,LA,ASW,CE,Combined TRACON& Tower with Radar,0,5,3,0,8,0,7,0,0,7,0,12,3,0,15,0,0,0,15
12/20/2020,LCH,LA,ASW,CE,Combined TRACON& Tower with Radar,0,4,16,0,20,0,8,1,0,9,0,12,17,0,29,13,0,13,42
12/21/2020,LCH,LA,ASW,CE,Combined TRACON& Tower with Radar,0,4,4,0,8,0,16,15,1,32,0,20,19,1,40,0,0,0,40
12/22/2020,LCH,LA,ASW,CE,Combined TRACON& Tower with Radar,0,7,6,0,13,0,13,16,0,29,0,20,22,0,42,31,0,31,73
12/23/2020,LCH,LA,ASW,CE,Combined TRACON& Tower with Radar,0,4,7,0,11,0,8,3,0,11,0,12,10,0,22,0,0,0,22
12/24/2020,LCH,LA,ASW,CE,Combined TRACON& Tower with Radar,0,2,5,0,7,0,0,14,0,14,0,2,19,0,21,0,0,0,21
12/25/2020,LCH,LA,ASW,CE,Combined TRACON& Tower with Radar,0,2,7,0,9,0,0,9,0,9,0,2,16,0,18,10,0,10,28
12/26/2020,LCH,LA,ASW,CE,Combined TRACON& Tower with Radar,0,5,2,0,7,0,8,16,0,24,0,13,18,0,31,30,0,30,61
12/27/2020,LCH,LA,ASW,CE,Combined TRACON& Tower with Radar,0,4,6,0,10,0,5,11,0,16,0,9,17,0,26,19,0,19,45
12/28/2020,LCH,LA,ASW,CE,Combined TRACON& Tower with Radar,0,4,6,0,10,0,2,8,0,10,0,6,14,0,20,0,0,0,20
12/29/2020,LCH,LA,ASW,CE,Combined TRACON& Tower with Radar,0,6,14,0,20,0,8,16,0,24,0,14,30,0,44,52,0,52,96
12/30/2020,LCH,LA,ASW,CE,Combined TRACON& Tower with Radar,0,13,9,1,23,0,6,1,0,7,0,19,10,1,30,90,0,90,120
12/31/2020,LCH,LA,ASW,CE,Combined TRACON& Tower with Radar,0,9,0,0,9,0,0,0,0,0,0,9,0,0,9,0,0,0,9
01/01/2021,LCH,LA,ASW,CE,Combined TRACON& Tower with Radar,0,3,9,2,14,0,9,13,0,22,0,12,22,2,36,22,0,22,58
01/02/2021,LCH,LA,ASW,CE,Combined TRACON& Tower with Radar,0,2,6,0,8,0,4,16,0,20,0,6,22,0,28,0,0,0,28
01/03/2021,LCH,LA,ASW,CE,Combined TRACON& Tower with Radar,0,5,8,0,13,0,20,21,0,41,0,25,29,0,54,47,0,47,101
01/04/2021,LCH,LA,ASW,CE,Combined TRACON& Tower with Radar,0,6,4,0,10,0,9,11,0,20,0,15,15,0,30,36,0,36,66
01/05/2021,LCH,LA,ASW,CE,Combined TRACON& Tower with Radar,0,14,13,0,27,0,13,9,1,23,0,27,22,1,50,24,0,24,74
01/06/2021,LCH,LA,ASW,CE,Combined TRACON& Tower with Radar,2,7,4,2,15,0,14,16,0,30,2,21,20,2,45,6,0,6,51
01/07/2021,LCH,LA,ASW,CE,Combined TRACON& Tower with Radar,0,9,9,0,18,0,4,6,0,10,0,13,15,0,28,14,0,14,42
01/08/2021,LCH,LA,ASW,CE,Combined TRACON& Tower with Radar,0,13,28,5,46,0,15,15,0,30,0,28,43,5,76,43,0,43,119
01/09/2021,LCH,LA,ASW,CE,Combined TRACON& Tower with Radar,0,11,11,9,31,0,8,26,0,34,0,19,37,9,65,2,0,2,67
01/10/2021,LCH,LA,ASW,CE,Combined TRACON& Tower with Radar,0,11,6,2,19,0,8,6,0,14,0,19,12,2,33,0,0,0,33
01/11/2021,LCH,LA,ASW,CE,Combined TRACON& Tower with Radar,0,10,7,1,18,0,9,0,0,9,0,19,7,1,27,44,0,44,71
01/12/2021,LCH,LA,ASW,CE,Combined TRACON& Tower with Radar,0,12,11,11,34,0,9,13,0,22,0,21,24,11,56,56,2,58,114
01/13/2021,LCH,LA,ASW,CE,Combined TRACON& Tower with Radar,0,11,10,3,24,0,13,19,1,33,0,24,29,4,57,26,0,26,83
01/14/2021,LCH,LA,ASW,CE,Combined TRACON& Tower with Radar,0,9,16,6,31,0,11,12,0,23,0,20,28,6,54,0,0,0,54
01/15/2021,LCH,LA,ASW,CE,Combined TRACON& Tower with Radar,0,12,12,0,24,0,9,21,0,30,0,21,33,0,54,22,0,22,76
01/16/2021,LCH,LA,ASW,CE,Combined TRACON& Tower with Radar,0,10,4,2,16,0,12,27,0,39,0,22,31,2,55,48,14,62,117
01/17/2021,LCH,LA,ASW,CE,Combined TRACON& Tower with Radar,0,10,7,0,17,0,5,16,0,21,0,15,23,0,38,0,0,0,38
01/18/2021,LCH,LA,ASW,CE,Combined TRACON& Tower with Radar,0,11,6,0,17,0,9,16,0,25,0,20,22,0,42,14,0,14,56
01/19/2021,LCH,LA,ASW,CE,Combined TRACON& Tower with Radar,0,22,12,5,39,0,29,8,0,37,0,51,20,5,76,74,0,74,150
01/20/2021,LCH,LA,ASW,CE,Combined TRACON& Tower with Radar,0,21,7,2,30,0,12,6,0,18,0,33,13,2,48,0,0,0,48
01/21/2021,LCH,LA,ASW,CE,Combined TRACON& Tower with Radar,0,15,18,0,33,0,9,0,0,9,0,24,18,0,42,10,0,10,52
01/22/2021,LCH,LA,ASW,CE,Combined TRACON& Tower with Radar,0,16,9,0,25,0,0,0,0,0,0,16,9,0,25,0,0,0,25
01/23/2021,LCH,LA,ASW,CE,Combined TRACON& Tower with Radar,0,10,22,0,32,0,0,0,0,0,0,10,22,0,32,0,0,0,32
01/24/2021,LCH,LA,ASW,CE,Combined TRACON& Tower with Radar,0,14,22,0,36,0,1,2,0,3,0,15,24,0,39,0,0,0,39
01/25/2021,LCH,LA,ASW,CE,Combined TRACON& Tower with Radar,0,10,18,0,28,0,0,0,0,0,0,10,18,0,28,2,0,2,30
01/26/2021,LCH,LA,ASW,CE,Combined TRACON& Tower with Radar,0,11,12,2,25,0,20,20,0,40,0,31,32,2,65,28,0,28,93
01/27/2021,LCH,LA,ASW,CE,Combined TRACON& Tower with Radar,0,13,14,10,37,0,10,22,0,32,0,23,36,10,69,19,0,19,88
01/28/2021,LCH,LA,ASW,CE,Combined TRACON& Tower with Radar,0,15,21,0,36,0,16,36,0,52,0,31,57,0,88,32,0,32,120
01/29/2021,LCH,LA,ASW,CE,Combined TRACON& Tower with Radar,0,16,20,10,46,0,13,30,9,52,0,29,50,19,98,44,0,44,142
01/30/2021,LCH,LA,ASW,CE,Combined TRACON& Tower with Radar,0,9,8,1,18,0,10,12,0,22,0,19,20,1,40,20,0,20,60
01/31/2021,LCH,LA,ASW,CE,Combined TRACON& Tower with Radar,0,18,13,2,33,0,9,20,4,33,0,27,33,6,66,21,1,22,88
02/01/2021,LCH,LA,ASW,CE,Combined TRACON& Tower with Radar,0,10,13,8,31,0,5,21,0,26,0,15,34,8,57,12,0,12,69
02/02/2021,LCH,LA,ASW,CE,Combined TRACON& Tower with Radar,0,11,6,0,17,0,15,26,1,42,0,26,32,1,59,52,0,52,111
02/03/2021,LCH,LA,ASW,CE,Combined TRACON& Tower with Radar,0,9,1,6,16,0,19,16,0,35,0,28,17,6,51,33,0,33,84
02/04/2021,LCH,LA,ASW,CE,Combined TRACON& Tower with Radar,0,10,9,4,23,0,9,11,0,20,0,19,20,4,43,36,0,36,79
02/05/2021,LCH,LA,ASW,CE,Combined TRACON& Tower with Radar,0,23,5,0,28,0,5,2,0,7,0,28,7,0,35,0,0,0,35
02/06/2021,LCH,LA,ASW,CE,Combined TRACON& Tower with Radar,0,18,10,2,30,0,1,8,0,9,0,19,18,2,39,1,0,1,40
02/07/2021,LCH,LA,ASW,CE,Combined TRACON& Tower with Radar,0,14,5,8,27,0,9,16,3,28,0,23,21,11,55,4,0,4,59
02/08/2021,LCH,LA,ASW,CE,Combined TRACON& Tower with Radar,0,11,8,0,19,0,5,15,0,20,0,16,23,0,39,12,0,12,51
02/09/2021,LCH,LA,ASW,CE,Combined TRACON& Tower with Radar,0,12,12,1,25,0,4,7,0,11,0,16,19,1,36,45,0,45,81
02/10/2021,LCH,LA,ASW,CE,Combined TRACON& Tower with Radar,0,15,4,4,23,0,7,0,0,7,0,22,4,4,30,2,0,2,32
02/11/2021,LCH,LA,ASW,CE,Combined TRACON& Tower with Radar,0,14,6,0,20,0,0,0,0,0,0,14,6,0,20,0,0,0,20
02/12/2021,LCH,LA,ASW,CE,Combined TRACON& Tower with Radar,0,11,1,0,12,0,0,0,0,0,0,11,1,0,12,0,0,0,12
02/13/2021,LCH,LA,ASW,CE,Combined TRACON& Tower with Radar,0,9,5,0,14,0,4,3,0,7,0,13,8,0,21,0,0,0,21
02/14/2021,LCH,LA,ASW,CE,Combined TRACON& Tower with Radar,0,4,0,0,4,0,1,2,0,3,0,5,2,0,7,5,0,5,12
02/15/2021,LCH,LA,ASW,CE,Combined TRACON& Tower with Radar,0,0,0,0,0,0,2,0,0,2,0,2,0,0,2,0,0,0,2
02/16/2021,LCH,LA,ASW,CE,Combined TRACON& Tower with Radar,0,0,0,0,0,0,1,0,0,1,0,1,0,0,1,1,0,1,2
02/17/2021,LCH,LA,ASW,CE,Combined TRACON& Tower with Radar,0,1,0,0,1,0,0,2,0,2,0,1,2,0,3,0,0,0,3
02/18/2021,LCH,LA,ASW,CE,Combined TRACON& Tower with Radar,0,3,4,0,7,0,2,0,0,2,0,5,4,0,9,20,0,20,29
02/19/2021,LCH,LA,ASW,CE,Combined TRACON& Tower with Radar,0,6,9,0,15,0,13,10,1,24,0,19,19,1,39,61,0,61,100
02/20/2021,LCH,LA,ASW,CE,Combined TRACON& Tower with Radar,0,11,12,0,23,0,15,23,0,38,0,26,35,0,61,18,0,18,79
02/21/2021,LCH,LA,ASW,CE,Combined TRACON& Tower with Radar,0,9,8,0,17,0,4,9,0,13,0,13,17,0,30,6,0,6,36
02/22/2021,LCH,LA,ASW,CE,Combined TRACON& Tower with Radar,0,11,17,0,28,0,4,19,0,23,0,15,36,0,51,44,0,44,95
02/23/2021,LCH,LA,ASW,CE,Combined TRACON& Tower with Radar,0,10,8,0,18,0,6,24,0,30,0,16,32,0,48,74,0,74,122
02/24/2021,LCH,LA,ASW,CE,Combined TRACON& Tower with Radar,0,13,7,4,24,0,4,4,0,8,0,17,11,4,32,38,0,38,70
02/25/2021,LCH,LA,ASW,CE,Combined TRACON& Tower with Radar,0,12,5,0,17,0,4,4,1,9,0,16,9,1,26,0,0,0,26
02/26/2021,LCH,LA,ASW,CE,Combined TRACON& Tower with Radar,0,14,6,0,20,0,4,8,0,12,0,18,14,0,32,0,0,0,32
02/27/2021,LCH,LA,ASW,CE,Combined TRACON& Tower with Radar,0,10,13,0,23,0,6,3,0,9,0,16,16,0,32,22,0,22,54
02/28/2021,LCH,LA,ASW,CE,Combined TRACON& Tower with Radar,0,11,4,2,17,0,0,0,0,0,0,11,4,2,17,18,0,18,35
03/01/2021,LCH,LA,ASW,CE,Combined TRACON& Tower with Radar,0,13,4,0,17,0,0,0,0,0,0,13,4,0,17,0,0,0,17
03/02/2021,LCH,LA,ASW,CE,Combined TRACON& Tower with Radar,0,16,2,4,22,0,0,2,0,2,0,16,4,4,24,0,0,0,24
03/03/2021,LCH,LA,ASW,CE,Combined TRACON& Tower with Radar,0,11,16,0,27,0,20,32,0,52,0,31,48,0,79,42,0,42,121
03/04/2021,LCH,LA,ASW,CE,Combined TRACON& Tower with Radar,0,9,23,6,38,0,16,19,0,35,0,25,42,6,73,63,0,63,136
03/05/2021,LCH,LA,ASW,CE,Combined TRACON& Tower with Radar,0,13,13,3,29,0,11,9,0,20,0,24,22,3,49,10,0,10,59
03/06/2021,LCH,LA,ASW,CE,Combined TRACON& Tower with Radar,0,11,4,3,18,0,9,24,0,33,0,20,28,3,51,6,0,6,57
03/07/2021,LCH,LA,ASW,CE,Combined TRACON& Tower with Radar,0,10,6,0,16,0,10,27,2,39,0,20,33,2,55,66,0,66,121
03/08/2021,LCH,LA,ASW,CE,Combined TRACON& Tower with Radar,0,10,15,0,25,0,13,15,0,28,0,23,30,0,53,55,0,55,108
03/09/2021,LCH,LA,ASW,CE,Combined TRACON& Tower with Radar,0,8,5,0,13,0,14,1,2,17,0,22,6,2,30,24,0,24,54
03/10/2021,LCH,LA,ASW,CE,Combined TRACON& Tower with Radar,0,8,6,1,15,0,10,3,0,13,0,18,9,1,28,2,0,2,30
03/11/2021,LCH,LA,ASW,CE,Combined TRACON& Tower with Radar,0,13,4,4,21,0,11,2,0,13,0,24,6,4,34,15,0,15,49
03/12/2021,LCH,LA,ASW,CE,Combined TRACON& Tower with Radar,0,16,13,5,34,0,5,13,0,18,0,21,26,5,52,12,0,12,64
03/13/2021,LCH,LA,ASW,CE,Combined TRACON& Tower with Radar,0,11,10,0,21,0,3,6,1,10,0,14,16,1,31,0,0,0,31
03/14/2021,LCH,LA,ASW,CE,Combined TRACON& Tower with Radar,0,8,13,0,21,0,5,3,1,9,0,13,16,1,30,2,0,2,32
03/15/2021,LCH,LA,ASW,CE,Combined TRACON& Tower with Radar,0,19,11,0,30,0,3,2,1,6,0,22,13,1,36,6,0,6,42
03/16/2021,LCH,LA,ASW,CE,Combined TRACON& Tower with Radar,0,15,7,0,22,0,8,2,0,10,0,23,9,0,32,1,0,1,33
03/17/2021,LCH,LA,ASW,CE,Combined TRACON& Tower with Radar,0,11,6,0,17,0,2,0,0,2,0,13,6,0,19,0,0,0,19
03/18/2021,LCH,LA,ASW,CE,Combined TRACON& Tower with Radar,0,11,16,4,31,0,11,11,0,22,0,22,27,4,53,1,0,1,54
03/19/2021,LCH,LA,ASW,CE,Combined TRACON& Tower with Radar,0,11,10,12,33,0,18,15,0,33,0,29,25,12,66,0,0,0,66
03/20/2021,LCH,LA,ASW,CE,Combined TRACON& Tower with Radar,0,10,4,0,14,0,1,11,0,12,0,11,15,0,26,0,2,2,28
03/21/2021,LCH,LA,ASW,CE,Combined TRACON& Tower with Radar,0,10,9,0,19,0,2,29,0,31,0,12,38,0,50,84,0,84,134
03/22/2021,LCH,LA,ASW,CE,Combined TRACON& Tower with Radar,0,13,11,0,24,0,13,5,0,18,0,26,16,0,42,0,0,0,42
03/23/2021,LCH,LA,ASW,CE,Combined TRACON& Tower with Radar,0,9,5,0,14,0,1,5,0,6,0,10,10,0,20,8,0,8,28
03/24/2021,LCH,LA,ASW,CE,Combined TRACON& Tower with Radar,0,20,14,0,34,0,1,4,0,5,0,21,18,0,39,8,0,8,47
03/25/2021,LCH,LA,ASW,CE,Combined TRACON& Tower with Radar,0,23,8,2,33,0,2,11,0,13,0,25,19,2,46,34,0,34,80
03/26/2021,LCH,LA,ASW,CE,Combined TRACON& Tower with Radar,0,13,12,1,26,0,11,17,0,28,0,24,29,1,54,40,0,40,94
03/27/2021,LCH,LA,ASW,CE,Combined TRACON& Tower with Radar,0,19,14,0,33,0,0,2,0,2,0,19,16,0,35,0,0,0,35
03/28/2021,LCH,LA,ASW,CE,Combined TRACON& Tower with Radar,0,8,1,0,9,0,0,1,0,1,0,8,2,0,10,0,0,0,10
03/29/2021,LCH,LA,ASW,CE,Combined TRACON& Tower with Radar,0,12,9,0,21,0,6,24,0,30,0,18,33,0,51,90,0,90,141
03/30/2021,LCH,LA,ASW,CE,Combined TRACON& Tower with Radar,0,14,9,6,29,0,1,5,0,6,0,15,14,6,35,28,0,28,63
03/31/2021,LCH,LA,ASW,CE,Combined TRACON& Tower with Radar,0,17,17,0,34,0,0,4,0,4,0,17,21,0,38,1,0,1,39
04/01/2021,LCH,LA,ASW,CE,Combined TRACON& Tower with Radar,0,12,16,0,28,0,2,19,0,21,0,14,35,0,49,7,0,7,56
04/02/2021,LCH,LA,ASW,CE,Combined TRACON& Tower with Radar,0,16,10,0,26,0,14,26,0,40,0,30,36,0,66,26,0,26,92
04/03/2021,LCH,LA,ASW,CE,Combined TRACON& Tower with Radar,0,10,5,2,17,0,6,15,0,21,0,16,20,2,38,22,0,22,60
04/04/2021,LCH,LA,ASW,CE,Combined TRACON& Tower with Radar,0,10,4,0,14,0,4,6,0,10,0,14,10,0,24,0,0,0,24
04/05/2021,LCH,LA,ASW,CE,Combined TRACON& Tower with Radar,0,11,8,0,19,0,15,11,0,26,0,26,19,0,45,11,0,11,56
04/06/2021,LCH,LA,ASW,CE,Combined TRACON& Tower with Radar,0,17,2,2,21,0,1,8,0,9,0,18,10,2,30,4,0,4,34
04/07/2021,LCH,LA,ASW,CE,Combined TRACON& Tower with Radar,0,20,11,0,31,0,0,3,1,4,0,20,14,1,35,10,0,10,45
04/08/2021,LCH,LA,ASW,CE,Combined TRACON& Tower with Radar,0,11,19,2,32,0,4,33,2,39,0,15,52,4,71,6,0,6,77
04/09/2021,LCH,LA,ASW,CE,Combined TRACON& Tower with Radar,0,15,12,0,27,0,8,14,0,22,0,23,26,0,49,31,3,34,83
04/10/2021,LCH,LA,ASW,CE,Combined TRACON& Tower with Radar,0,12,2,3,17,0,0,15,0,15,0,12,17,3,32,15,4,19,51
04/11/2021,LCH,LA,ASW,CE,Combined TRACON& Tower with Radar,0,12,12,1,25,0,4,25,1,30,0,16,37,2,55,24,0,24,79
04/12/2021,LCH,LA,ASW,CE,Combined TRACON& Tower with Radar,0,15,12,0,27,0,14,16,0,30,0,29,28,0,57,19,0,19,76
04/13/2021,LCH,LA,ASW,CE,Combined TRACON& Tower with Radar,0,20,6,0,26,0,0,3,0,3,0,20,9,0,29,0,0,0,29
04/14/2021,LCH,LA,ASW,CE,Combined TRACON& Tower with Radar,0,14,5,0,19,0,2,0,0,2,0,16,5,0,21,0,0,0,21
04/15/2021,LCH,LA,ASW,CE,Combined TRACON& Tower with Radar,0,19,26,2,47,0,4,0,0,4,0,23,26,2,51,0,0,0,51
04/16/2021,LCH,LA,ASW,CE,Combined TRACON& Tower with Radar,0,15,11,0,26,0,0,5,0,5,0,15,16,0,31,0,0,0,31
04/17/2021,LCH,LA,ASW,CE,Combined TRACON& Tower with Radar,0,11,17,0,28,0,1,3,0,4,0,12,20,0,32,0,0,0,32
04/18/2021,LCH,LA,ASW,CE,Combined TRACON& Tower with Radar,0,11,11,0,22,0,3,17,1,21,0,14,28,1,43,20,0,20,63
04/19/2021,LCH,LA,ASW,CE,Combined TRACON& Tower with Radar,0,10,10,0,20,0,19,11,1,31,0,29,21,1,51,38,0,38,89
04/20/2021,LCH,LA,ASW,CE,Combined TRACON& Tower with Radar,0,18,16,4,38,0,30,28,1,59,0,48,44,5,97,8,14,22,119
04/21/2021,LCH,LA,ASW,CE,Combined TRACON& Tower with Radar,0,16,8,0,24,0,22,23,0,45,0,38,31,0,69,24,0,24,93
04/22/2021,LCH,LA,ASW,CE,Combined TRACON& Tower with Radar,0,13,12,0,25,0,18,13,0,31,0,31,25,0,56,19,0,19,75
04/23/2021,LCH,LA,ASW,CE,Combined TRACON& Tower with Radar,0,12,6,0,18,0,8,0,0,8,0,20,6,0,26,10,0,10,36
04/24/2021,LCH,LA,ASW,CE,Combined TRACON& Tower with Radar,0,10,4,0,14,0,4,10,0,14,0,14,14,0,28,31,0,31,59
04/25/2021,LCH,LA,ASW,CE,Combined TRACON& Tower with Radar,0,13,8,0,21,0,9,22,0,31,0,22,30,0,52,38,0,38,90
04/26/2021,LCH,LA,ASW,CE,Combined TRACON& Tower with Radar,0,12,15,8,35,0,14,16,0,30,0,26,31,8,65,2,0,2,67
04/27/2021,LCH,LA,ASW,CE,Combined TRACON& Tower with Radar,0,20,11,0,31,0,6,0,0,6,0,26,11,0,37,31,0,31,68
04/28/2021,LCH,LA,ASW,CE,Combined TRACON& Tower with Radar,0,17,7,1,25,0,12,1,0,13,0,29,8,1,38,12,0,12,50
04/29/2021,LCH,LA,ASW,CE,Combined TRACON& Tower with Radar,0,10,20,2,32,0,8,9,0,17,0,18,29,2,49,14,0,14,63
04/30/2021,LCH,LA,ASW,CE,Combined TRACON& Tower with Radar,0,11,5,0,16,0,2,9,0,11,0,13,14,0,27,46,0,46,73
05/01/2021,LCH,LA,ASW,CE,Combined TRACON& Tower with Radar,0,12,13,1,26,0,7,19,0,26,0,19,32,1,52,12,0,12,64
05/02/2021,LCH,LA,ASW,CE,Combined TRACON& Tower with Radar,0,17,6,0,23,0,7,3,0,10,0,24,9,0,33,16,0,16,49
05/03/2021,LCH,LA,ASW,CE,Combined TRACON& Tower with Radar,0,15,14,0,29,0,3,20,0,23,0,18,34,0,52,0,0,0,52
05/04/2021,LCH,LA,ASW,CE,Combined TRACON& Tower with Radar,0,16,7,0,23,0,7,4,0,11,0,23,11,0,34,10,0,10,44
05/05/2021,LCH,LA,ASW,CE,Combined TRACON& Tower with Radar,0,16,9,0,25,0,15,32,0,47,0,31,41,0,72,30,0,30,102
05/06/2021,LCH,LA,ASW,CE,Combined TRACON& Tower with Radar,0,17,10,0,27,0,19,13,0,32,0,36,23,0,59,28,0,28,87
05/07/2021,LCH,LA,ASW,CE,Combined TRACON& Tower with Radar,0,9,20,7,36,0,12,19,0,31,0,21,39,7,67,14,2,16,83
05/08/2021,LCH,LA,ASW,CE,Combined TRACON& Tower with Radar,0,11,7,2,20,0,6,40,0,46,0,17,47,2,66,10,0,10,76
05/09/2021,LCH,LA,ASW,CE,Combined TRACON& Tower with Radar,0,10,14,0,24,0,3,4,0,7,0,13,18,0,31,12,0,12,43
05/10/2021,LCH,LA,ASW,CE,Combined TRACON& Tower with Radar,0,17,13,0,30,0,1,11,3,15,0,18,24,3,45,50,0,50,95
05/11/2021,LCH,LA,ASW,CE,Combined TRACON& Tower with Radar,0,12,13,4,29,0,4,5,0,9,0,16,18,4,38,10,0,10,48
05/12/2021,LCH,LA,ASW,CE,Combined TRACON& Tower with Radar,0,16,5,0,21,0,0,2,0,2,0,16,7,0,23,22,0,22,45
05/13/2021,LCH,LA,ASW,CE,Combined TRACON& Tower with Radar,0,15,10,10,35,0,16,23,0,39,0,31,33,10,74,0,0,0,74
05/14/2021,LCH,LA,ASW,CE,Combined TRACON& Tower with Radar,0,14,9,3,26,0,17,18,2,37,0,31,27,5,63,54,0,54,117
05/15/2021,LCH,LA,ASW,CE,Combined TRACON& Tower with Radar,0,11,15,0,26,0,4,38,0,42,0,15,53,0,68,60,0,60,128
05/16/2021,LCH,LA,ASW,CE,Combined TRACON& Tower with Radar,0,7,7,0,14,0,9,5,1,15,0,16,12,1,29,0,0,0,29
05/17/2021,LCH,LA,ASW,CE,Combined TRACON& Tower with Radar,0,3,3,0,6,0,0,0,0,0,0,3,3,0,6,0,0,0,6
05/18/2021,LCH,LA,ASW,CE,Combined TRACON& Tower with Radar,0,6,10,4,20,0,2,0,0,2,0,8,10,4,22,4,0,4,26
05/19/2021,LCH,LA,ASW,CE,Combined TRACON& Tower with Radar,0,8,7,0,15,0,2,1,0,3,0,10,8,0,18,6,0,6,24
05/20/2021,LCH,LA,ASW,CE,Combined TRACON& Tower with Radar,0,20,5,2,27,0,4,1,0,5,0,24,6,2,32,0,0,0,32
05/21/2021,LCH,LA,ASW,CE,Combined TRACON& Tower with Radar,0,20,9,0,29,0,1,1,0,2,0,21,10,0,31,0,0,0,31
05/22/2021,LCH,LA,ASW,CE,Combined TRACON& Tower with Radar,0,13,9,2,24,0,0,6,0,6,0,13,15,2,30,26,0,26,56
05/23/2021,LCH,LA,ASW,CE,Combined TRACON& Tower with Radar,0,11,7,0,18,0,7,7,0,14,0,18,14,0,32,0,0,0,32
05/24/2021,LCH,LA,ASW,CE,Combined TRACON& Tower with Radar,2,16,14,2,34,0,7,14,0,21,2,23,28,2,55,24,0,24,79
05/25/2021,LCH,LA,ASW,CE,Combined TRACON& Tower with Radar,0,7,17,0,24,0,19,22,0,41,0,26,39,0,65,54,4,58,123
05/26/2021,LCH,LA,ASW,CE,Combined TRACON& Tower with Radar,0,7,17,2,26,0,11,18,1,30,0,18,35,3,56,24,0,24,80
05/27/2021,LCH,LA,ASW,CE,Combined TRACON& Tower with Radar,0,9,15,1,25,0,13,23,0,36,0,22,38,1,61,40,0,40,101
05/28/2021,LCH,LA,ASW,CE,Combined TRACON& Tower with Radar,0,9,9,1,19,0,1,20,0,21,0,10,29,1,40,30,0,30,70
05/29/2021,LCH,LA,ASW,CE,Combined TRACON& Tower with Radar,0,8,0,0,8,0,0,4,0,4,0,8,4,0,12,26,0,26,38
05/30/2021,LCH,LA,ASW,CE,Combined TRACON& Tower with Radar,0,8,13,0,21,0,3,11,0,14,0,11,24,0,35,17,0,17,52
05/31/2021,LCH,LA,ASW,CE,Combined TRACON& Tower with Radar,0,11,12,0,23,0,6,19,0,25,0,17,31,0,48,42,0,42,90
06/01/2021,LCH,LA,ASW,CE,Combined TRACON& Tower with Radar,0,8,18,0,26,0,8,23,0,31,0,16,41,0,57,12,0,12,69
06/02/2021,LCH,LA,ASW,CE,Combined TRACON& Tower with Radar,0,11,8,0,19,0,9,8,0,17,0,20,16,0,36,21,0,21,57
06/03/2021,LCH,LA,ASW,CE,Combined TRACON& Tower with Radar,0,10,21,2,33,0,16,24,1,41,0,26,45,3,74,40,0,40,114
06/04/2021,LCH,LA,ASW,CE,Combined TRACON& Tower with Radar,0,19,7,1,27,0,1,4,7,12,0,20,11,8,39,0,0,0,39
06/05/2021,LCH,LA,ASW,CE,Combined TRACON& Tower with Radar,0,11,10,0,21,0,9,8,0,17,0,20,18,0,38,2,0,2,40
06/06/2021,LCH,LA,ASW,CE,Combined TRACON& Tower with Radar,0,13,15,4,32,0,11,9,4,24,0,24,24,8,56,8,0,8,64
06/07/2021,LCH,LA,ASW,CE,Combined TRACON& Tower with Radar,0,11,9,1,21,0,14,13,0,27,0,25,22,1,48,18,0,18,66
06/08/2021,LCH,LA,ASW,CE,Combined TRACON& Tower with Radar,0,10,18,0,28,0,21,9,4,34,0,31,27,4,62,12,0,12,74
06/09/2021,LCH,LA,ASW,CE,Combined TRACON& Tower with Radar,0,8,8,4,20,0,14,7,2,23,0,22,15,6,43,21,0,21,64
06/10/2021,LCH,LA,ASW,CE,Combined TRACON& Tower with Radar,0,13,8,0,21,0,6,9,2,17,0,19,17,2,38,1,0,1,39
06/11/2021,LCH,LA,ASW,CE,Combined TRACON& Tower with Radar,0,15,12,9,36,0,15,19,2,36,0,30,31,11,72,6,0,6,78
06/12/2021,LCH,LA,ASW,CE,Combined TRACON& Tower with Radar,0,10,5,0,15,0,5,16,0,21,0,15,21,0,36,32,0,32,68
06/13/2021,LCH,LA,ASW,CE,Combined TRACON& Tower with Radar,0,10,10,8,28,0,10,13,2,25,0,20,23,10,53,0,0,0,53
06/14/2021,LCH,LA,ASW,CE,Combined TRACON& Tower with Radar,0,11,6,1,18,0,15,19,1,35,0,26,25,2,53,30,0,30,83
06/15/2021,LCH,LA,ASW,CE,Combined TRACON& Tower with Radar,0,9,10,0,19,0,15,11,0,26,0,24,21,0,45,0,0,0,45
06/16/2021,LCH,LA,ASW,CE,Combined TRACON& Tower with Radar,0,10,11,0,21,0,30,19,0,49,0,40,30,0,70,18,0,18,88
06/17/2021,LCH,LA,ASW,CE,Combined TRACON& Tower with Radar,0,12,13,2,27,0,14,27,3,44,0,26,40,5,71,0,0,0,71
06/18/2021,LCH,LA,ASW,CE,Combined TRACON& Tower with Radar,0,10,10,4,24,0,7,17,0,24,0,17,27,4,48,0,0,0,48
06/19/2021,LCH,LA,ASW,CE,Combined TRACON& Tower with Radar,0,11,5,0,16,0,15,13,0,28,0,26,18,0,44,12,0,12,56
06/20/2021,LCH,LA,ASW,CE,Combined TRACON& Tower with Radar,0,9,3,0,12,0,8,1,0,9,0,17,4,0,21,20,0,20,41
06/21/2021,LCH,LA,ASW,CE,Combined TRACON& Tower with Radar,0,12,13,0,25,0,4,2,0,6,0,16,15,0,31,19,0,19,50
06/22/2021,LCH,LA,ASW,CE,Combined TRACON& Tower with Radar,0,18,8,0,26,0,13,5,0,18,0,31,13,0,44,24,0,24,68
06/23/2021,LCH,LA,ASW,CE,Combined TRACON& Tower with Radar,0,11,3,0,14,0,10,10,0,20,0,21,13,0,34,31,0,31,65
06/24/2021,LCH,LA,ASW,CE,Combined TRACON& Tower with Radar,0,9,12,0,21,0,3,6,0,9,0,12,18,0,30,0,0,0,30
06/25/2021,LCH,LA,ASW,CE,Combined TRACON& Tower with Radar,0,11,18,0,29,0,6,5,0,11,0,17,23,0,40,2,0,2,42
06/26/2021,LCH,LA,ASW,CE,Combined TRACON& Tower with Radar,0,9,2,0,11,0,0,15,0,15,0,9,17,0,26,12,0,12,38
06/27/2021,LCH,LA,ASW,CE,Combined TRACON& Tower with Radar,0,12,7,0,19,0,6,10,0,16,0,18,17,0,35,22,0,22,57
06/28/2021,LCH,LA,ASW,CE,Combined TRACON& Tower with Radar,0,11,15,0,26,0,2,6,0,8,0,13,21,0,34,22,0,22,56
06/29/2021,LCH,LA,ASW,CE,Combined TRACON& Tower with Radar,0,8,5,0,13,0,20,9,0,29,0,28,14,0,42,8,0,8,50
06/30/2021,LCH,LA,ASW,CE,Combined TRACON& Tower with Radar,2,12,17,2,33,0,21,13,0,34,2,33,30,2,67,6,0,6,73
07/01/2021,LCH,LA,ASW,CE,Combined TRACON& Tower with Radar,0,11,10,0,21,0,21,16,0,37,0,32,26,0,58,8,0,8,66
07/02/2021,LCH,LA,ASW,CE,Combined TRACON& Tower with Radar,0,9,6,3,18,0,23,5,0,28,0,32,11,3,46,16,0,16,62
07/03/2021,LCH,LA,ASW,CE,Combined TRACON& Tower with Radar,0,11,10,0,21,0,8,4,0,12,0,19,14,0,33,5,0,5,38
07/04/2021,LCH,LA,ASW,CE,Combined TRACON& Tower with Radar,0,9,5,0,14,0,8,12,0,20,0,17,17,0,34,3,0,3,37
07/05/2021,LCH,LA,ASW,CE,Combined TRACON& Tower with Radar,0,9,5,2,16,0,10,8,0,18,0,19,13,2,34,48,0,48,82
07/06/2021,LCH,LA,ASW,CE,Combined TRACON& Tower with Radar,0,9,7,0,16,0,4,9,0,13,0,13,16,0,29,35,0,35,64
07/07/2021,LCH,LA,ASW,CE,Combined TRACON& Tower with Radar,0,13,4,0,17,0,7,8,0,15,0,20,12,0,32,8,0,8,40
07/08/2021,LCH,LA,ASW,CE,Combined TRACON& Tower with Radar,0,11,13,0,24,0,6,8,0,14,0,17,21,0,38,0,0,0,38
07/09/2021,LCH,LA,ASW,CE,Combined TRACON& Tower with Radar,0,18,20,0,38,0,6,9,0,15,0,24,29,0,53,39,0,39,92
07/10/2021,LCH,LA,ASW,CE,Combined TRACON& Tower with Radar,0,7,17,0,24,0,4,10,0,14,0,11,27,0,38,0,0,0,38
07/11/2021,LCH,LA,ASW,CE,Combined TRACON& Tower with Radar,0,11,7,0,18,0,5,8,0,13,0,16,15,0,31,8,0,8,39
07/12/2021,LCH,LA,ASW,CE,Combined TRACON& Tower with Radar,0,14,9,0,23,0,11,13,0,24,0,25,22,0,47,32,0,32,79
07/13/2021,LCH,LA,ASW,CE,Combined TRACON& Tower with Radar,0,11,7,1,19,0,14,16,0,30,0,25,23,1,49,6,0,6,55
07/14/2021,LCH,LA,ASW,CE,Combined TRACON& Tower with Radar,0,10,8,2,20,0,14,15,0,29,0,24,23,2,49,36,0,36,85
07/15/2021,LCH,LA,ASW,CE,Combined TRACON& Tower with Radar,0,12,7,2,21,0,14,17,1,32,0,26,24,3,53,6,0,6,59
07/16/2021,LCH,LA,ASW,CE,Combined TRACON& Tower with Radar,0,10,12,0,22,0,7,1,0,8,0,17,13,0,30,26,0,26,56
07/17/2021,LCH,LA,ASW,CE,Combined TRACON& Tower with Radar,0,8,10,0,18,0,9,9,0,18,0,17,19,0,36,5,0,5,41
07/18/2021,LCH,LA,ASW,CE,Combined TRACON& Tower with Radar,0,9,10,0,19,0,7,16,0,23,0,16,26,0,42,1,0,1,43
07/19/2021,LCH,LA,ASW,CE,Combined TRACON& Tower with Radar,0,8,6,0,14,0,18,4,0,22,0,26,10,0,36,4,0,4,40
07/20/2021,LCH,LA,ASW,CE,Combined TRACON& Tower with Radar,0,12,4,0,16,0,1,6,0,7,0,13,10,0,23,10,0,10,33
07/21/2021,LCH,LA,ASW,CE,Combined TRACON& Tower with Radar,0,12,5,0,17,0,12,9,0,21,0,24,14,0,38,12,0,12,50
07/22/2021,LCH,LA,ASW,CE,Combined TRACON& Tower with Radar,0,11,10,0,21,0,11,22,1,34,0,22,32,1,55,20,0,20,75
07/23/2021,LCH,LA,ASW,CE,Combined TRACON& Tower with Radar,0,11,13,8,32,0,14,27,2,43,0,25,40,10,75,20,0,20,95
07/24/2021,LCH,LA,ASW,CE,Combined TRACON& Tower with Radar,0,10,12,4,26,0,15,12,0,27,0,25,24,4,53,16,0,16,69
07/25/2021,LCH,LA,ASW,CE,Combined TRACON& Tower with Radar,0,10,13,0,23,0,11,19,0,30,0,21,32,0,53,12,2,14,67
07/26/2021,LCH,LA,ASW,CE,Combined TRACON& Tower with Radar,0,13,2,7,22,0,14,10,1,25,0,27,12,8,47,7,0,7,54
07/27/2021,LCH,LA,ASW,CE,Combined TRACON& Tower with Radar,0,9,5,4,18,0,15,10,0,25,0,24,15,4,43,10,0,10,53
07/28/2021,LCH,LA,ASW,CE,Combined TRACON& Tower with Radar,0,8,17,2,27,0,14,7,0,21,0,22,24,2,48,0,0,0,48
07/29/2021,LCH,LA,ASW,CE,Combined TRACON& Tower with Radar,0,9,7,3,19,0,15,8,0,23,0,24,15,3,42,16,0,16,58
07/30/2021,LCH,LA,ASW,CE,Combined TRACON& Tower with Radar,0,10,5,0,15,0,17,15,1,33,0,27,20,1,48,5,0,5,53
07/31/2021,LCH,LA,ASW,CE,Combined TRACON& Tower with Radar,0,8,9,0,17,0,9,12,1,22,0,17,21,1,39,13,0,13,52
08/01/2021,LCH,LA,ASW,CE,Combined TRACON& Tower with Radar,0,9,11,0,20,0,8,14,0,22,0,17,25,0,42,8,0,8,50
08/02/2021,LCH,LA,ASW,CE,Combined TRACON& Tower with Radar,0,10,0,0,10,0,3,7,0,10,0,13,7,0,20,29,0,29,49
08/03/2021,LCH,LA,ASW,CE,Combined TRACON& Tower with Radar,0,12,5,0,17,0,4,3,0,7,0,16,8,0,24,0,0,0,24
08/04/2021,LCH,LA,ASW,CE,Combined TRACON& Tower with Radar,0,8,8,0,16,0,10,19,0,29,0,18,27,0,45,0,0,0,45
08/05/2021,LCH,LA,ASW,CE,Combined TRACON& Tower with Radar,0,10,20,0,30,0,18,20,0,38,0,28,40,0,68,5,0,5,73
08/06/2021,LCH,LA,ASW,CE,Combined TRACON& Tower with Radar,0,9,12,1,22,0,18,18,0,36,0,27,30,1,58,8,0,8,66
08/07/2021,LCH,LA,ASW,CE,Combined TRACON& Tower with Radar,0,11,6,1,18,0,8,12,0,20,0,19,18,1,38,5,0,5,43
08/08/2021,LCH,LA,ASW,CE,Combined TRACON& Tower with Radar,0,10,2,0,12,0,5,11,0,16,0,15,13,0,28,0,0,0,28
08/09/2021,LCH,LA,ASW,CE,Combined TRACON& Tower with Radar,0,9,6,1,16,0,12,11,0,23,0,21,17,1,39,14,0,14,53
08/10/2021,LCH,LA,ASW,CE,Combined TRACON& Tower with Radar,0,10,17,1,28,0,13,14,1,28,0,23,31,2,56,24,0,24,80
08/11/2021,LCH,LA,ASW,CE,Combined TRACON& Tower with Radar,0,12,5,1,18,0,15,16,0,31,0,27,21,1,49,12,0,12,61
08/12/2021,LCH,LA,ASW,CE,Combined TRACON& Tower with Radar,0,8,7,0,15,0,10,5,0,15,0,18,12,0,30,41,0,41,71
08/13/2021,LCH,LA,ASW,CE,Combined TRACON& Tower with Radar,0,10,10,0,20,0,11,12,0,23,0,21,22,0,43,40,0,40,83
08/14/2021,LCH,LA,ASW,CE,Combined TRACON& Tower with Radar,0,8,12,0,20,0,12,13,2,27,0,20,25,2,47,30,0,30,77
08/15/2021,LCH,LA,ASW,CE,Combined TRACON& Tower with Radar,0,9,10,0,19,0,9,19,0,28,0,18,29,0,47,8,0,8,55
08/16/2021,LCH,LA,ASW,CE,Combined TRACON& Tower with Radar,0,10,6,2,18,0,19,8,0,27,0,29,14,2,45,36,0,36,81
08/17/2021,LCH,LA,ASW,CE,Combined TRACON& Tower with Radar,0,11,12,0,23,0,12,9,0,21,0,23,21,0,44,46,0,46,90
08/18/2021,LCH,LA,ASW,CE,Combined TRACON& Tower with Radar,0,16,2,0,18,0,19,7,0,26,0,35,9,0,44,26,0,26,70
08/19/2021,LCH,LA,ASW,CE,Combined TRACON& Tower with Radar,0,12,16,6,34,0,17,10,0,27,0,29,26,6,61,4,0,4,65
08/20/2021,LCH,LA,ASW,CE,Combined TRACON& Tower with Radar,0,9,12,0,21,0,19,23,0,42,0,28,35,0,63,22,0,22,85
08/21/2021,LCH,LA,ASW,CE,Combined TRACON& Tower with Radar,0,9,4,0,13,0,14,17,0,31,0,23,21,0,44,2,0,2,46
08/22/2021,LCH,LA,ASW,CE,Combined TRACON& Tower with Radar,0,9,4,2,15,0,4,13,0,17,0,13,17,2,32,37,0,37,69
08/23/2021,LCH,LA,ASW,CE,Combined TRACON& Tower with Radar,0,9,7,0,16,0,9,22,0,31,0,18,29,0,47,8,0,8,55
08/24/2021,LCH,LA,ASW,CE,Combined TRACON& Tower with Radar,0,12,5,0,17,0,11,11,2,24,0,23,16,2,41,10,0,10,51
08/25/2021,LCH,LA,ASW,CE,Combined TRACON& Tower with Radar,0,10,12,0,22,0,16,19,0,35,0,26,31,0,57,12,0,12,69
08/26/2021,LCH,LA,ASW,CE,Combined TRACON& Tower with Radar,0,19,10,0,29,0,19,4,2,25,0,38,14,2,54,22,0,22,76
08/27/2021,LCH,LA,ASW,CE,Combined TRACON& Tower with Radar,0,13,8,0,21,0,38,13,0,51,0,51,21,0,72,5,0,5,77
08/28/2021,LCH,LA,ASW,CE,Combined TRACON& Tower with Radar,0,20,6,0,26,0,28,5,0,33,0,48,11,0,59,1,0,1,60
08/29/2021,LCH,LA,ASW,CE,Combined TRACON& Tower with Radar,0,2,1,0,3,0,1,0,0,1,0,3,1,0,4,0,0,0,4
08/30/2021,LCH,LA,ASW,CE,Combined TRACON& Tower with Radar,0,1,6,0,7,0,17,14,1,32,0,18,20,1,39,16,0,16,55
08/31/2021,LCH,LA,ASW,CE,Combined TRACON& Tower with Radar,0,13,6,0,19,0,37,13,2,52,0,50,19,2,71,14,0,14,85
09/01/2021,LCH,LA,ASW,CE,Combined TRACON& Tower with Radar,0,15,6,0,21,0,35,24,3,62,0,50,30,3,83,3,0,3,86
09/02/2021,LCH,LA,ASW,CE,Combined TRACON& Tower with Radar,0,13,5,0,18,0,46,30,0,76,0,59,35,0,94,64,0,64,158
09/03/2021,LCH,LA,ASW,CE,Combined TRACON& Tower with Radar,0,18,5,0,23,0,27,31,0,58,0,45,36,0,81,19,0,19,100
09/04/2021,LCH,LA,ASW,CE,Combined TRACON& Tower with Radar,0,9,7,1,17,0,38,21,0,59,0,47,28,1,76,3,0,3,79
09/05/2021,LCH,LA,ASW,CE,Combined TRACON& Tower with Radar,0,14,9,0,23,0,13,13,1,27,0,27,22,1,50,25,0,25,75
09/06/2021,LCH,LA,ASW,CE,Combined TRACON& Tower with Radar,0,21,13,0,34,0,15,9,0,24,0,36,22,0,58,37,0,37,95
09/07/2021,LCH,LA,ASW,CE,Combined TRACON& Tower with Radar,0,19,4,0,23,0,37,10,0,47,0,56,14,0,70,28,0,28,98
09/08/2021,LCH,LA,ASW,CE,Combined TRACON& Tower with Radar,0,20,9,0,29,0,39,31,0,70,0,59,40,0,99,4,0,4,103
09/09/2021,LCH,LA,ASW,CE,Combined TRACON& Tower with Radar,0,17,6,2,25,0,32,21,1,54,0,49,27,3,79,32,0,32,111
09/10/2021,LCH,LA,ASW,CE,Combined TRACON& Tower with Radar,0,20,10,7,37,0,47,29,0,76,0,67,39,7,113,18,0,18,131
09/11/2021,LCH,LA,ASW,CE,Combined TRACON& Tower with Radar,0,13,6,2,21,0,23,23,0,46,0,36,29,2,67,0,0,0,67
09/12/2021,LCH,LA,ASW,CE,Combined TRACON& Tower with Radar,0,21,12,0,33,0,29,8,0,37,0,50,20,0,70,0,0,0,70
09/13/2021,LCH,LA,ASW,CE,Combined TRACON& Tower with Radar,0,24,7,0,31,0,13,1,0,14,0,37,8,0,45,0,0,0,45
09/14/2021,LCH,LA,ASW,CE,Combined TRACON& Tower with Radar,0,4,0,0,4,0,0,0,0,0,0,4,0,0,4,0,0,0,4
09/15/2021,LCH,LA,ASW,CE,Combined TRACON& Tower with Radar,0,38,10,1,49,0,4,0,0,4,0,42,10,1,53,0,0,0,53
09/16/2021,LCH,LA,ASW,CE,Combined TRACON& Tower with Radar,0,54,6,2,62,0,4,1,0,5,0,58,7,2,67,14,0,14,81
09/17/2021,LCH,LA,ASW,CE,Combined TRACON& Tower with Radar,0,37,14,2,53,0,13,4,0,17,0,50,18,2,70,32,0,32,102
09/18/2021,LCH,LA,ASW,CE,Combined TRACON& Tower with Radar,2,17,23,0,42,0,28,8,0,36,2,45,31,0,78,20,0,20,98
09/19/2021,LCH,LA,ASW,CE,Combined TRACON& Tower with Radar,0,23,9,0,32,0,25,6,0,31,0,48,15,0,63,66,0,66,129
09/20/2021,LCH,LA,ASW,CE,Combined TRACON& Tower with Radar,0,17,14,0,31,0,31,11,1,43,0,48,25,1,74,40,0,40,114
09/21/2021,LCH,LA,ASW,CE,Combined TRACON& Tower with Radar,0,20,12,0,32,0,43,15,0,58,0,63,27,0,90,22,0,22,112
09/22/2021,LCH,LA,ASW,CE,Combined TRACON& Tower with Radar,0,21,7,0,28,0,36,21,0,57,0,57,28,0,85,25,0,25,110
09/23/2021,LCH,LA,ASW,CE,Combined TRACON& Tower with Radar,0,16,5,11,32,0,35,26,2,63,0,51,31,13,95,25,0,25,120
09/24/2021,LCH,LA,ASW,CE,Combined TRACON& Tower with Radar,0,21,6,2,29,0,54,26,0,80,0,75,32,2,109,26,0,26,135
09/25/2021,LCH,LA,ASW,CE,Combined TRACON& Tower with Radar,0,17,8,0,25,0,27,24,0,51,0,44,32,0,76,12,0,12,88
09/26/2021,LCH,LA,ASW,CE,Combined TRACON& Tower with Radar,0,15,7,0,22,0,26,22,0,48,0,41,29,0,70,76,0,76,146
09/27/2021,LCH,LA,ASW,CE,Combined TRACON& Tower with Radar,0,20,11,4,35,0,29,24,0,53,0,49,35,4,88,28,0,28,116
09/28/2021,LCH,LA,ASW,CE,Combined TRACON& Tower with Radar,0,26,5,0,31,0,0,1,0,1,0,26,6,0,32,0,0,0,32
09/29/2021,LCH,LA,ASW,CE,Combined TRACON& Tower with Radar,0,27,6,0,33,0,15,4,0,19,0,42,10,0,52,10,0,10,62
09/30/2021,LCH,LA,ASW,CE,Combined TRACON& Tower with Radar,0,42,12,0,54,0,5,9,0,14,0,47,21,0,68,2,0,2,70
10/01/2021,LCH,LA,ASW,CE,Combined TRACON& Tower with Radar,0,35,6,0,41,0,13,4,0,17,0,48,10,0,58,4,0,4,62
10/02/2021,LCH,LA,ASW,CE,Combined TRACON& Tower with Radar,0,19,6,0,25,0,6,3,0,9,0,25,9,0,34,0,0,0,34
10/03/2021,LCH,LA,ASW,CE,Combined TRACON& Tower with Radar,0,27,11,5,43,0,5,6,0,11,0,32,17,5,54,0,0,0,54
10/04/2021,LCH,LA,ASW,CE,Combined TRACON& Tower with Radar,0,22,5,8,35,0,24,12,0,36,0,46,17,8,71,20,0,20,91
10/05/2021,LCH,LA,ASW,CE,Combined TRACON& Tower with Radar,2,19,2,0,23,0,39,21,0,60,2,58,23,0,83,6,0,6,89
10/06/2021,LCH,LA,ASW,CE,Combined TRACON& Tower with Radar,2,21,14,0,37,0,44,23,0,67,2,65,37,0,104,36,0,36,140
10/07/2021,LCH,LA,ASW,CE,Combined TRACON& Tower with Radar,2,17,13,0,32,0,33,21,0,54,2,50,34,0,86,37,0,37,123
10/08/2021,LCH,LA,ASW,CE,Combined TRACON& Tower with Radar,2,13,3,0,18,0,28,15,0,43,2,41,18,0,61,26,0,26,87
10/09/2021,LCH,LA,ASW,CE,Combined TRACON& Tower with Radar,0,15,9,1,25,0,11,19,0,30,0,26,28,1,55,56,0,56,111
10/10/2021,LCH,LA,ASW,CE,Combined TRACON& Tower with Radar,0,13,6,0,19,0,12,11,0,23,0,25,17,0,42,11,0,11,53
10/11/2021,LCH,LA,ASW,CE,Combined TRACON& Tower with Radar,2,19,7,0,28,0,20,16,0,36,2,39,23,0,64,16,0,16,80
10/12/2021,LCH,LA,ASW,CE,Combined TRACON& Tower with Radar,2,21,13,4,40,0,35,11,0,46,2,56,24,4,86,71,0,71,157
10/13/2021,LCH,LA,ASW,CE,Combined TRACON& Tower with Radar,2,14,13,2,31,0,30,6,0,36,2,44,19,2,67,10,0,10,77
10/14/2021,LCH,LA,ASW,CE,Combined TRACON& Tower with Radar,2,18,22,6,48,0,27,13,0,40,2,45,35,6,88,8,0,8,96
10/15/2021,LCH,LA,ASW,CE,Combined TRACON& Tower with Radar,4,22,6,4,36,0,20,9,0,29,4,42,15,4,65,23,0,23,88
10/16/2021,LCH,LA,ASW,CE,Combined TRACON& Tower with Radar,0,17,4,0,21,0,13,10,0,23,0,30,14,0,44,6,0,6,50
10/17/2021,LCH,LA,ASW,CE,Combined TRACON& Tower with Radar,0,18,13,2,33,0,19,17,3,39,0,37,30,5,72,19,0,19,91
10/18/2021,LCH,LA,ASW,CE,Combined TRACON& Tower with Radar,2,12,11,0,25,0,42,15,0,57,2,54,26,0,82,60,0,60,142
10/19/2021,LCH,LA,ASW,CE,Combined TRACON& Tower with Radar,2,16,14,0,32,0,45,17,0,62,2,61,31,0,94,30,0,30,124
10/20/2021,LCH,LA,ASW,CE,Combined TRACON& Tower with Radar,2,30,15,0,47,0,14,26,0,40,2,44,41,0,87,6,0,6,93
10/21/2021,LCH,LA,ASW,CE,Combined TRACON& Tower with Radar,2,26,8,0,36,0,19,14,0,33,2,45,22,0,69,0,0,0,69
10/22/2021,LCH,LA,ASW,CE,Combined TRACON& Tower with Radar,2,19,11,0,32,0,24,22,0,46,2,43,33,0,78,32,0,32,110
10/23/2021,LCH,LA,ASW,CE,Combined TRACON& Tower with Radar,0,20,8,0,28,0,6,10,0,16,0,26,18,0,44,12,0,12,56
10/24/2021,LCH,LA,ASW,CE,Combined TRACON& Tower with Radar,0,21,4,4,29,0,6,12,0,18,0,27,16,4,47,54,0,54,101
10/25/2021,LCH,LA,ASW,CE,Combined TRACON& Tower with Radar,2,22,5,2,31,0,13,13,0,26,2,35,18,2,57,2,0,2,59
10/26/2021,LCH,LA,ASW,CE,Combined TRACON& Tower with Radar,2,30,24,4,60,0,20,16,0,36,2,50,40,4,96,28,0,28,124
10/27/2021,LCH,LA,ASW,CE,Combined TRACON& Tower with Radar,2,24,4,0,30,0,2,3,0,5,2,26,7,0,35,0,0,0,35
10/28/2021,LCH,LA,ASW,CE,Combined TRACON& Tower with Radar,2,19,11,1,33,0,41,11,2,54,2,60,22,3,87,9,0,9,96
10/29/2021,LCH,LA,ASW,CE,Combined TRACON& Tower with Radar,2,13,7,8,30,0,19,8,0,27,2,32,15,8,57,9,0,9,66
10/30/2021,LCH,LA,ASW,CE,Combined TRACON& Tower with Radar,0,11,4,4,19,0,13,16,0,29,0,24,20,4,48,2,0,2,50
10/31/2021,LCH,LA,ASW,CE,Combined TRACON& Tower with Radar,0,12,9,0,21,0,16,22,0,38,0,28,31,0,59,16,0,16,75
11/01/2021,LCH,LA,ASW,CE,Combined TRACON& Tower with Radar,0,10,5,2,17,0,28,30,1,59,0,38,35,3,76,14,0,14,90
11/02/2021,LCH,LA,ASW,CE,Combined TRACON& Tower with Radar,0,19,10,0,29,0,29,9,2,40,0,48,19,2,69,12,0,12,81
11/03/2021,LCH,LA,ASW,CE,Combined TRACON& Tower with Radar,0,15,13,0,28,0,27,7,0,34,0,42,20,0,62,59,0,59,121
11/04/2021,LCH,LA,ASW,CE,Combined TRACON& Tower with Radar,0,33,18,2,53,0,7,8,0,15,0,40,26,2,68,11,0,11,79
11/05/2021,LCH,LA,ASW,CE,Combined TRACON& Tower with Radar,0,23,11,20,54,0,31,30,1,62,0,54,41,21,116,60,0,60,176
11/06/2021,LCH,LA,ASW,CE,Combined TRACON& Tower with Radar,0,14,11,4,29,0,8,19,0,27,0,22,30,4,56,36,0,36,92
11/07/2021,LCH,LA,ASW,CE,Combined TRACON& Tower with Radar,0,13,10,0,23,0,22,14,0,36,0,35,24,0,59,26,0,26,85
11/08/2021,LCH,LA,ASW,CE,Combined TRACON& Tower with Radar,0,14,7,0,21,0,26,26,0,52,0,40,33,0,73,4,0,4,77
11/09/2021,LCH,LA,ASW,CE,Combined TRACON& Tower with Radar,0,16,11,4,31,0,48,12,0,60,0,64,23,4,91,0,0,0,91
11/10/2021,LCH,LA,ASW,CE,Combined TRACON& Tower with Radar,0,28,6,2,36,0,44,8,0,52,0,72,14,2,88,39,0,39,127
11/11/2021,LCH,LA,ASW,CE,Combined TRACON& Tower with Radar,0,19,8,0,27,0,19,7,0,26,0,38,15,0,53,0,0,0,53
11/12/2021,LCH,LA,ASW,CE,Combined TRACON& Tower with Radar,0,22,9,0,31,0,24,8,0,32,0,46,17,0,63,5,0,5,68
11/13/2021,LCH,LA,ASW,CE,Combined TRACON& Tower with Radar,0,9,6,2,17,0,17,26,1,44,0,26,32,3,61,26,0,26,87
11/14/2021,LCH,LA,ASW,CE,Combined TRACON& Tower with Radar,0,15,8,0,23,0,26,13,0,39,0,41,21,0,62,18,0,18,80
11/15/2021,LCH,LA,ASW,CE,Combined TRACON& Tower with Radar,0,18,14,0,32,0,23,12,0,35,0,41,26,0,67,20,0,20,87
11/16/2021,LCH,LA,ASW,CE,Combined TRACON& Tower with Radar,0,20,14,2,36,0,45,15,0,60,0,65,29,2,96,5,0,5,101
11/17/2021,LCH,LA,ASW,CE,Combined TRACON& Tower with Radar,0,21,11,2,34,0,29,23,2,54,0,50,34,4,88,29,0,29,117
11/18/2021,LCH,LA,ASW,CE,Combined TRACON& Tower with Radar,0,39,24,2,65,0,4,1,1,6,0,43,25,3,71,0,0,0,71
11/19/2021,LCH,LA,ASW,CE,Combined TRACON& Tower with Radar,0,22,18,2,42,0,37,21,0,58,0,59,39,2,100,35,0,35,135
11/20/2021,LCH,LA,ASW,CE,Combined TRACON& Tower with Radar,0,13,18,10,41,0,17,26,0,43,0,30,44,10,84,28,0,28,112
11/21/2021,LCH,LA,ASW,CE,Combined TRACON& Tower with Radar,0,22,17,0,39,0,6,13,0,19,0,28,30,0,58,26,0,26,84
11/22/2021,LCH,LA,ASW,CE,Combined TRACON& Tower with Radar,2,23,17,6,48,0,27,16,0,43,2,50,33,6,91,10,0,10,101
11/23/2021,LCH,LA,ASW,CE,Combined TRACON& Tower with Radar,0,11,18,2,31,0,44,26,0,70,0,55,44,2,101,16,0,16,117
11/24/2021,LCH,LA,ASW,CE,Combined TRACON& Tower with Radar,0,15,16,2,33,0,40,14,0,54,0,55,30,2,87,4,0,4,91
11/25/2021,LCH,LA,ASW,CE,Combined TRACON& Tower with Radar,0,19,1,0,20,0,8,0,0,8,0,27,1,0,28,0,0,0,28
11/26/2021,LCH,LA,ASW,CE,Combined TRACON& Tower with Radar,0,15,7,3,25,0,28,25,0,53,0,43,32,3,78,8,1,9,87
11/27/2021,LCH,LA,ASW,CE,Combined TRACON& Tower with Radar,0,9,22,0,31,0,8,9,0,17,0,17,31,0,48,12,0,12,60
11/28/2021,LCH,LA,ASW,CE,Combined TRACON& Tower with Radar,0,13,22,2,37,0,5,10,0,15,0,18,32,2,52,30,0,30,82
11/29/2021,LCH,LA,ASW,CE,Combined TRACON& Tower with Radar,0,16,10,4,30,0,31,6,1,38,0,47,16,5,68,52,0,52,120
11/30/2021,LCH,LA,ASW,CE,Combined TRACON& Tower with Radar,0,13,7,2,22,0,38,8,0,46,0,51,15,2,68,34,0,34,102
12/01/2021,LCH,LA,ASW,CE,Combined TRACON& Tower with Radar,0,17,24,3,44,0,35,31,1,67,0,52,55,4,111,40,0,40,151
12/02/2021,LCH,LA,ASW,CE,Combined TRACON& Tower with Radar,0,16,9,2,27,0,32,11,0,43,0,48,20,2,70,2,0,2,72
12/03/2021,LCH,LA,ASW,CE,Combined TRACON& Tower with Radar,0,14,40,8,62,0,32,21,0,53,0,46,61,8,115,8,0,8,123
12/04/2021,LCH,LA,ASW,CE,Combined TRACON& Tower with Radar,0,13,19,12,44,0,9,20,0,29,0,22,39,12,73,44,1,45,118
12/05/2021,LCH,LA,ASW,CE,Combined TRACON& Tower with Radar,0,22,16,2,40,0,20,6,0,26,0,42,22,2,66,64,0,64,130
12/06/2021,LCH,LA,ASW,CE,Combined TRACON& Tower with Radar,0,27,6,0,33,0,9,1,0,10,0,36,7,0,43,0,0,0,43
12/07/2021,LCH,LA,ASW,CE,Combined TRACON& Tower with Radar,0,37,29,2,68,0,0,0,0,0,0,37,29,2,68,14,0,14,82
12/08/2021,LCH,LA,ASW,CE,Combined TRACON& Tower with Radar,0,49,21,0,70,0,17,4,0,21,0,66,25,0,91,44,0,44,135
12/09/2021,LCH,LA,ASW,CE,Combined TRACON& Tower with Radar,0,44,24,0,68,0,3,3,0,6,0,47,27,0,74,2,0,2,76
12/10/2021,LCH,LA,ASW,CE,Combined TRACON& Tower with Radar,0,38,20,24,82,0,6,3,0,9,0,44,23,24,91,0,0,0,91
12/11/2021,LCH,LA,ASW,CE,Combined TRACON& Tower with Radar,0,11,9,1,21,0,7,10,0,17,0,18,19,1,38,0,0,0,38
12/12/2021,LCH,LA,ASW,CE,Combined TRACON& Tower with Radar,0,12,12,7,31,0,22,32,0,54,0,34,44,7,85,0,0,0,85
12/13/2021,LCH,LA,ASW,CE,Combined TRACON& Tower with Radar,0,24,12,0,36,0,22,19,0,41,0,46,31,0,77,0,0,0,77
12/14/2021,LCH,LA,ASW,CE,Combined TRACON& Tower with Radar,0,31,8,4,43,0,20,2,0,22,0,51,10,4,65,4,0,4,69
12/15/2021,LCH,LA,ASW,CE,Combined TRACON& Tower with Radar,0,32,13,8,53,0,16,36,0,52,0,48,49,8,105,28,0,28,133
12/16/2021,LCH,LA,ASW,CE,Combined TRACON& Tower with Radar,0,27,11,6,44,0,23,8,0,31,0,50,19,6,75,16,0,16,91
12/17/2021,LCH,LA,ASW,CE,Combined TRACON& Tower with Radar,0,37,16,0,53,0,14,7,0,21,0,51,23,0,74,14,0,14,88
12/18/2021,LCH,LA,ASW,CE,Combined TRACON& Tower with Radar,0,22,2,0,24,0,0,0,0,0,0,22,2,0,24,0,0,0,24
12/19/2021,LCH,LA,ASW,CE,Combined TRACON& Tower with Radar,0,23,20,0,43,0,14,29,0,43,0,37,49,0,86,0,0,0,86
12/20/2021,LCH,LA,ASW,CE,Combined TRACON& Tower with Radar,0,31,4,0,35,0,7,8,0,15,0,38,12,0,50,18,0,18,68
12/21/2021,LCH,LA,ASW,CE,Combined TRACON& Tower with Radar,0,24,12,0,36,0,34,23,0,57,0,58,35,0,93,48,0,48,141
12/22/2021,LCH,LA,ASW,CE,Combined TRACON& Tower with Radar,0,15,12,1,28,0,33,25,0,58,0,48,37,1,86,14,0,14,100
12/23/2021,LCH,LA,ASW,CE,Combined TRACON& Tower with Radar,0,14,10,0,24,0,29,12,0,41,0,43,22,0,65,6,0,6,71
12/24/2021,LCH,LA,ASW,CE,Combined TRACON& Tower with Radar,0,10,9,0,19,0,9,7,0,16,0,19,16,0,35,0,0,0,35
12/25/2021,LCH,LA,ASW,CE,Combined TRACON& Tower with Radar,0,7,3,0,10,0,11,3,0,14,0,18,6,0,24,0,0,0,24
12/26/2021,LCH,LA,ASW,CE,Combined TRACON& Tower with Radar,0,9,19,2,30,0,4,10,0,14,0,13,29,2,44,18,0,18,62
12/27/2021,LCH,LA,ASW,CE,Combined TRACON& Tower with Radar,0,10,9,2,21,0,28,20,1,49,0,38,29,3,70,41,0,41,111
12/28/2021,LCH,LA,ASW,CE,Combined TRACON& Tower with Radar,0,20,17,11,48,0,28,8,1,37,0,48,25,12,85,31,0,31,116
12/29/2021,LCH,LA,ASW,CE,Combined TRACON& Tower with Radar,0,36,8,0,44,0,7,3,0,10,0,43,11,0,54,0,0,0,54
12/30/2021,LCH,LA,ASW,CE,Combined TRACON& Tower with Radar,0,35,22,0,57,0,7,5,0,12,0,42,27,0,69,6,0,6,75
12/31/2021,LCH,LA,ASW,CE,Combined TRACON& Tower with Radar,0,25,14,0,39,0,8,2,0,10,0,33,16,0,49,0,0,0,49
01/01/2022,LCH,LA,ASW,CE,Combined TRACON& Tower with Radar,0,12,4,0,16,0,4,2,0,6,0,16,6,0,22,0,0,0,22
01/02/2022,LCH,LA,ASW,CE,Combined TRACON& Tower with Radar,0,21,19,0,40,0,8,6,0,14,0,29,25,0,54,0,0,0,54
01/03/2022,LCH,LA,ASW,CE,Combined TRACON& Tower with Radar,0,9,5,2,16,0,29,23,1,53,0,38,28,3,69,6,0,6,75
01/04/2022,LCH,LA,ASW,CE,Combined TRACON& Tower with Radar,0,7,6,2,15,0,36,20,0,56,0,43,26,2,71,21,0,21,92
01/05/2022,LCH,LA,ASW,CE,Combined TRACON& Tower with Radar,0,10,9,6,25,0,36,15,0,51,0,46,24,6,76,92,0,92,168
01/06/2022,LCH,LA,ASW,CE,Combined TRACON& Tower with Radar,0,41,13,4,58,0,14,7,0,21,0,55,20,4,79,0,0,0,79
01/07/2022,LCH,LA,ASW,CE,Combined TRACON& Tower with Radar,0,22,15,0,37,0,22,11,0,33,0,44,26,0,70,72,0,72,142
01/08/2022,LCH,LA,ASW,CE,Combined TRACON& Tower with Radar,0,16,2,0,18,0,0,0,0,0,0,16,2,0,18,18,0,18,36
01/09/2022,LCH,LA,ASW,CE,Combined TRACON& Tower with Radar,0,12,3,0,15,0,9,1,0,10,0,21,4,0,25,0,0,0,25
01/10/2022,LCH,LA,ASW,CE,Combined TRACON& Tower with Radar,0,24,7,2,33,0,8,19,0,27,0,32,26,2,60,4,0,4,64
01/11/2022,LCH,LA,ASW,CE,Combined TRACON& Tower with Radar,0,17,11,0,28,0,34,17,0,51,0,51,28,0,79,34,0,34,113
01/12/2022,LCH,LA,ASW,CE,Combined TRACON& Tower with Radar,0,12,14,0,26,0,28,26,0,54,0,40,40,0,80,38,0,38,118
01/13/2022,LCH,LA,ASW,CE,Combined TRACON& Tower with Radar,0,12,15,2,29,0,31,17,0,48,0,43,32,2,77,50,0,50,127
01/14/2022,LCH,LA,ASW,CE,Combined TRACON& Tower with Radar,0,20,23,6,49,0,31,20,0,51,0,51,43,6,100,14,0,14,114
01/15/2022,LCH,LA,ASW,CE,Combined TRACON& Tower with Radar,0,9,6,0,15,0,7,5,0,12,0,16,11,0,27,20,0,20,47
01/16/2022,LCH,LA,ASW,CE,Combined TRACON& Tower with Radar,0,12,15,0,27,0,8,27,0,35,0,20,42,0,62,0,0,0,62
01/17/2022,LCH,LA,ASW,CE,Combined TRACON& Tower with Radar,0,10,17,1,28,0,16,32,0,48,0,26,49,1,76,30,0,30,106
01/18/2022,LCH,LA,ASW,CE,Combined TRACON& Tower with Radar,0,7,10,2,19,0,32,9,1,42,0,39,19,3,61,36,0,36,97
01/19/2022,LCH,LA,ASW,CE,Combined TRACON& Tower with Radar,0,20,17,0,37,0,9,8,0,17,0,29,25,0,54,26,0,26,80
01/20/2022,LCH,LA,ASW,CE,Combined TRACON& Tower with Radar,0,23,10,0,33,0,1,0,0,1,0,24,10,0,34,0,0,0,34
01/21/2022,LCH,LA,ASW,CE,Combined TRACON& Tower with Radar,0,12,20,0,32,0,2,21,0,23,0,14,41,0,55,40,0,40,95
01/22/2022,LCH,LA,ASW,CE,Combined TRACON& Tower with Radar,0,6,11,8,25,0,10,22,0,32,0,16,33,8,57,66,0,66,123
01/23/2022,LCH,LA,ASW,CE,Combined TRACON& Tower with Radar,0,13,21,0,34,0,12,20,0,32,0,25,41,0,66,80,0,80,146
01/24/2022,LCH,LA,ASW,CE,Combined TRACON& Tower with Radar,0,16,5,0,21,0,5,4,1,10,0,21,9,1,31,4,0,4,35
01/25/2022,LCH,LA,ASW,CE,Combined TRACON& Tower with Radar,0,31,8,0,39,0,4,8,0,12,0,35,16,0,51,10,0,10,61
01/26/2022,LCH,LA,ASW,CE,Combined TRACON& Tower with Radar,0,9,5,0,14,0,17,17,0,34,0,26,22,0,48,62,0,62,110
01/27/2022,LCH,LA,ASW,CE,Combined TRACON& Tower with Radar,0,10,23,1,34,0,27,26,2,55,0,37,49,3,89,98,0,98,187
01/28/2022,LCH,LA,ASW,CE,Combined TRACON& Tower with Radar,0,12,13,0,25,0,16,18,1,35,0,28,31,1,60,32,0,32,92
01/29/2022,LCH,LA,ASW,CE,Combined TRACON& Tower with Radar,0,6,15,0,21,0,16,23,0,39,0,22,38,0,60,20,0,20,80
01/30/2022,LCH,LA,ASW,CE,Combined TRACON& Tower with Radar,0,11,14,0,25,0,10,28,0,38,0,21,42,0,63,32,0,32,95
01/31/2022,LCH,LA,ASW,CE,Combined TRACON& Tower with Radar,0,12,8,2,22,0,16,18,0,34,0,28,26,2,56,36,0,36,92
02/01/2022,LCH,LA,ASW,CE,Combined TRACON& Tower with Radar,0,16,10,1,27,0,1,4,0,5,0,17,14,1,32,48,0,48,80
02/02/2022,LCH,LA,ASW,CE,Combined TRACON& Tower with Radar,0,12,1,10,23,0,4,1,0,5,0,16,2,10,28,49,0,49,77
02/03/2022,LCH,LA,ASW,CE,Combined TRACON& Tower with Radar,0,5,2,0,7,0,0,0,0,0,0,5,2,0,7,0,0,0,7
02/04/2022,LCH,LA,ASW,CE,Combined TRACON& Tower with Radar,0,9,9,0,18,0,1,2,0,3,0,10,11,0,21,29,0,29,50
02/05/2022,LCH,LA,ASW,CE,Combined TRACON& Tower with Radar,0,8,13,5,26,0,5,18,1,24,0,13,31,6,50,35,0,35,85
02/06/2022,LCH,LA,ASW,CE,Combined TRACON& Tower with Radar,0,7,12,2,21,0,9,37,0,46,0,16,49,2,67,53,0,53,120
02/07/2022,LCH,LA,ASW,CE,Combined TRACON& Tower with Radar,0,14,15,0,29,0,11,18,0,29,0,25,33,0,58,44,0,44,102
02/08/2022,LCH,LA,ASW,CE,Combined TRACON& Tower with Radar,0,13,9,2,24,0,2,17,0,19,0,15,26,2,43,14,0,14,57
02/09/2022,LCH,LA,ASW,CE,Combined TRACON& Tower with Radar,0,15,9,0,24,0,12,26,0,38,0,27,35,0,62,40,0,40,102
02/10/2022,LCH,LA,ASW,CE,Combined TRACON& Tower with Radar,0,11,22,6,39,0,15,18,0,33,0,26,40,6,72,34,0,34,106
02/11/2022,LCH,LA,ASW,CE,Combined TRACON& Tower with Radar,0,11,22,2,35,0,8,16,0,24,0,19,38,2,59,46,0,46,105
02/12/2022,LCH,LA,ASW,CE,Combined TRACON& Tower with Radar,0,6,4,0,10,0,2,21,0,23,0,8,25,0,33,76,0,76,109
02/13/2022,LCH,LA,ASW,CE,Combined TRACON& Tower with Radar,0,9,8,4,21,0,9,23,0,32,0,18,31,4,53,27,0,27,80
02/14/2022,LCH,LA,ASW,CE,Combined TRACON& Tower with Radar,0,7,12,0,19,0,15,21,0,36,0,22,33,0,55,34,0,34,89
02/15/2022,LCH,LA,ASW,CE,Combined TRACON& Tower with Radar,0,9,16,0,25,0,22,15,0,37,0,31,31,0,62,27,0,27,89
02/16/2022,LCH,LA,ASW,CE,Combined TRACON& Tower with Radar,0,10,3,8,21,0,21,3,0,24,0,31,6,8,45,22,0,22,67
02/17/2022,LCH,LA,ASW,CE,Combined TRACON& Tower with Radar,0,11,7,0,18,0,1,1,0,2,0,12,8,0,20,33,0,33,53
02/18/2022,LCH,LA,ASW,CE,Combined TRACON& Tower with Radar,0,9,17,4,30,0,9,17,0,26,0,18,34,4,56,10,0,10,66
02/19/2022,LCH,LA,ASW,CE,Combined TRACON& Tower with Radar,0,9,14,2,25,0,6,35,0,41,0,15,49,2,66,82,0,82,148
02/20/2022,LCH,LA,ASW,CE,Combined TRACON& Tower with Radar,0,11,9,0,20,0,7,16,0,23,0,18,25,0,43,90,0,90,133
02/21/2022,LCH,LA,ASW,CE,Combined TRACON& Tower with Radar,0,14,15,16,45,0,5,0,0,5,0,19,15,16,50,18,0,18,68
02/22/2022,LCH,LA,ASW,CE,Combined TRACON& Tower with Radar,0,16,5,0,21,0,3,4,0,7,0,19,9,0,28,10,0,10,38
02/23/2022,LCH,LA,ASW,CE,Combined TRACON& Tower with Radar,0,7,7,2,16,0,0,0,0,0,0,7,7,2,16,0,0,0,16
02/24/2022,LCH,LA,ASW,CE,Combined TRACON& Tower with Radar,0,13,2,0,15,0,0,6,0,6,0,13,8,0,21,38,0,38,59
02/25/2022,LCH,LA,ASW,CE,Combined TRACON& Tower with Radar,0,11,11,4,26,0,5,1,0,6,0,16,12,4,32,22,0,22,54
02/26/2022,LCH,LA,ASW,CE,Combined TRACON& Tower with Radar,0,23,10,0,33,0,1,0,0,1,0,24,10,0,34,0,0,0,34
02/27/2022,LCH,LA,ASW,CE,Combined TRACON& Tower with Radar,0,12,9,0,21,0,2,9,0,11,0,14,18,0,32,4,0,4,36
02/28/2022,LCH,LA,ASW,CE,Combined TRACON& Tower with Radar,0,9,11,0,20,0,22,27,0,49,0,31,38,0,69,46,0,46,115
03/01/2022,LCH,LA,ASW,CE,Combined TRACON& Tower with Radar,0,10,17,0,27,0,12,19,0,31,0,22,36,0,58,17,0,17,75
03/02/2022,LCH,LA,ASW,CE,Combined TRACON& Tower with Radar,0,11,23,2,36,0,14,26,0,40,0,25,49,2,76,46,0,46,122
03/03/2022,LCH,LA,ASW,CE,Combined TRACON& Tower with Radar,0,9,29,0,38,0,24,26,0,50,0,33,55,0,88,38,0,38,126
03/04/2022,LCH,LA,ASW,CE,Combined TRACON& Tower with Radar,0,10,9,13,32,0,15,14,1,30,0,25,23,14,62,10,0,10,72
03/05/2022,LCH,LA,ASW,CE,Combined TRACON& Tower with Radar,0,9,17,0,26,0,9,21,0,30,0,18,38,0,56,36,0,36,92
03/06/2022,LCH,LA,ASW,CE,Combined TRACON& Tower with Radar,0,8,5,2,15,0,0,7,0,7,0,8,12,2,22,10,0,10,32
03/07/2022,LCH,LA,ASW,CE,Combined TRACON& Tower with Radar,0,11,20,6,37,0,2,8,0,10,0,13,28,6,47,29,0,29,76
03/08/2022,LCH,LA,ASW,CE,Combined TRACON& Tower with Radar,0,12,4,0,16,0,1,1,0,2,0,13,5,0,18,4,0,4,22
03/09/2022,LCH,LA,ASW,CE,Combined TRACON& Tower with Radar,0,9,10,0,19,0,13,22,0,35,0,22,32,0,54,59,0,59,113
03/10/2022,LCH,LA,ASW,CE,Combined TRACON& Tower with Radar,0,12,13,0,25,0,24,10,0,34,0,36,23,0,59,40,0,40,99
03/11/2022,LCH,LA,ASW,CE,Combined TRACON& Tower with Radar,0,9,4,6,19,0,2,4,0,6,0,11,8,6,25,0,0,0,25
03/12/2022,LCH,LA,ASW,CE,Combined TRACON& Tower with Radar,0,6,4,2,12,0,3,21,0,24,0,9,25,2,36,46,0,46,82
03/13/2022,LCH,LA,ASW,CE,Combined TRACON& Tower with Radar,0,7,16,0,23,0,14,15,0,29,0,21,31,0,52,22,0,22,74
03/14/2022,LCH,LA,ASW,CE,Combined TRACON& Tower with Radar,0,15,15,3,33,0,10,4,1,15,0,25,19,4,48,20,0,20,68
03/15/2022,LCH,LA,ASW,CE,Combined TRACON& Tower with Radar,0,9,11,0,20,0,13,22,0,35,0,22,33,0,55,60,0,60,115
03/16/2022,LCH,LA,ASW,CE,Combined TRACON& Tower with Radar,0,11,28,0,39,0,26,30,0,56,0,37,58,0,95,42,0,42,137
03/17/2022,LCH,LA,ASW,CE,Combined TRACON& Tower with Radar,0,11,25,0,36,0,5,15,0,20,0,16,40,0,56,12,0,12,68
03/18/2022,LCH,LA,ASW,CE,Combined TRACON& Tower with Radar,0,10,21,0,31,0,5,21,0,26,0,15,42,0,57,40,0,40,97
03/19/2022,LCH,LA,ASW,CE,Combined TRACON& Tower with Radar,0,8,7,0,15,0,13,34,0,47,0,21,41,0,62,16,0,16,78
03/20/2022,LCH,LA,ASW,CE,Combined TRACON& Tower with Radar,0,10,20,18,48,0,17,35,4,56,0,27,55,22,104,28,0,28,132
03/21/2022,LCH,LA,ASW,CE,Combined TRACON& Tower with Radar,0,12,20,0,32,0,10,2,0,12,0,22,22,0,44,0,0,0,44
03/22/2022,LCH,LA,ASW,CE,Combined TRACON& Tower with Radar,0,9,6,0,15,0,5,12,0,17,0,14,18,0,32,28,0,28,60
03/23/2022,LCH,LA,ASW,CE,Combined TRACON& Tower with Radar,0,13,24,4,41,0,9,36,2,47,0,22,60,6,88,28,0,28,116
03/24/2022,LCH,LA,ASW,CE,Combined TRACON& Tower with Radar,0,11,20,4,35,0,22,27,3,52,0,33,47,7,87,61,0,61,148
03/25/2022,LCH,LA,ASW,CE,Combined TRACON& Tower with Radar,0,14,12,0,26,0,5,21,2,28,0,19,33,2,54,8,0,8,62
03/26/2022,LCH,LA,ASW,CE,Combined TRACON& Tower with Radar,0,10,19,4,33,0,7,24,0,31,0,17,43,4,64,55,0,55,119
03/27/2022,LCH,LA,ASW,CE,Combined TRACON& Tower with Radar,0,9,23,8,40,0,2,33,0,35,0,11,56,8,75,9,0,9,84
03/28/2022,LCH,LA,ASW,CE,Combined TRACON& Tower with Radar,0,10,18,4,32,0,11,20,0,31,0,21,38,4,63,8,0,8,71
03/29/2022,LCH,LA,ASW,CE,Combined TRACON& Tower with Radar,0,14,11,5,30,0,8,4,0,12,0,22,15,5,42,0,0,0,42
03/30/2022,LCH,LA,ASW,CE,Combined TRACON& Tower with Radar,0,14,6,0,20,0,1,1,0,2,0,15,7,0,22,0,0,0,22
03/31/2022,LCH,LA,ASW,CE,Combined TRACON& Tower with Radar,0,10,9,2,21,0,17,24,0,41,0,27,33,2,62,0,0,0,62
04/01/2022,LCH,LA,ASW,CE,Combined TRACON& Tower with Radar,0,9,22,4,35,0,7,28,0,35,0,16,50,4,70,40,0,40,110
04/02/2022,LCH,LA,ASW,CE,Combined TRACON& Tower with Radar,0,9,11,8,28,0,8,16,0,24,0,17,27,8,52,54,0,54,106
04/03/2022,LCH,LA,ASW,CE,Combined TRACON& Tower with Radar,0,10,10,15,35,0,5,13,0,18,0,15,23,15,53,28,0,28,81
04/04/2022,LCH,LA,ASW,CE,Combined TRACON& Tower with Radar,0,10,15,4,29,0,11,9,0,20,0,21,24,4,49,0,0,0,49
04/05/2022,LCH,LA,ASW,CE,Combined TRACON& Tower with Radar,0,12,9,0,21,0,5,2,0,7,0,17,11,0,28,26,0,26,54
04/06/2022,LCH,LA,ASW,CE,Combined TRACON& Tower with Radar,0,19,8,4,31,0,11,8,0,19,0,30,16,4,50,6,0,6,56
04/07/2022,LCH,LA,ASW,CE,Combined TRACON& Tower with Radar,0,8,8,2,18,0,12,20,0,32,0,20,28,2,50,18,0,18,68
04/08/2022,LCH,LA,ASW,CE,Combined TRACON& Tower with Radar,0,10,8,6,24,0,13,24,0,37,0,23,32,6,61,46,0,46,107
04/09/2022,LCH,LA,ASW,CE,Combined TRACON& Tower with Radar,0,13,13,0,26,0,6,28,0,34,0,19,41,0,60,42,0,42,102
04/10/2022,LCH,LA,ASW,CE,Combined TRACON& Tower with Radar,0,11,10,9,30,0,2,10,0,12,0,13,20,9,42,12,0,12,54
04/11/2022,LCH,LA,ASW,CE,Combined TRACON& Tower with Radar,0,11,8,0,19,0,9,7,0,16,0,20,15,0,35,20,0,20,55
04/12/2022,LCH,LA,ASW,CE,Combined TRACON& Tower with Radar,0,12,7,3,22,0,4,2,0,6,0,16,9,3,28,26,0,26,54
04/13/2022,LCH,LA,ASW,CE,Combined TRACON& Tower with Radar,0,7,12,0,19,0,5,0,0,5,0,12,12,0,24,0,0,0,24
04/14/2022,LCH,LA,ASW,CE,Combined TRACON& Tower with Radar,0,10,8,2,20,0,4,22,0,26,0,14,30,2,46,27,0,27,73
04/15/2022,LCH,LA,ASW,CE,Combined TRACON& Tower with Radar,0,11,7,2,20,0,3,3,0,6,0,14,10,2,26,0,0,0,26
04/16/2022,LCH,LA,ASW,CE,Combined TRACON& Tower with Radar,0,11,5,0,16,0,1,9,0,10,0,12,14,0,26,11,0,11,37
04/17/2022,LCH,LA,ASW,CE,Combined TRACON& Tower with Radar,0,10,12,0,22,0,3,1,0,4,0,13,13,0,26,10,0,10,36
04/18/2022,LCH,LA,ASW,CE,Combined TRACON& Tower with Radar,0,11,9,0,20,0,15,19,0,34,0,26,28,0,54,38,0,38,92
04/19/2022,LCH,LA,ASW,CE,Combined TRACON& Tower with Radar,0,11,9,0,20,0,20,33,1,54,0,31,42,1,74,35,0,35,109
04/20/2022,LCH,LA,ASW,CE,Combined TRACON& Tower with Radar,0,13,10,2,25,0,17,12,0,29,0,30,22,2,54,31,0,31,85
04/21/2022,LCH,LA,ASW,CE,Combined TRACON& Tower with Radar,0,11,19,2,32,0,11,17,0,28,0,22,36,2,60,0,0,0,60
04/22/2022,LCH,LA,ASW,CE,Combined TRACON& Tower with Radar,0,9,16,2,27,0,9,12,0,21,0,18,28,2,48,36,0,36,84
04/23/2022,LCH,LA,ASW,CE,Combined TRACON& Tower with Radar,0,8,5,8,21,0,1,12,0,13,0,9,17,8,34,28,0,28,62
04/24/2022,LCH,LA,ASW,CE,Combined TRACON& Tower with Radar,0,7,9,8,24,0,3,1,0,4,0,10,10,8,28,36,0,36,64
04/25/2022,LCH,LA,ASW,CE,Combined TRACON& Tower with Radar,0,7,7,0,14,0,17,2,0,19,0,24,9,0,33,0,0,0,33
04/26/2022,LCH,LA,ASW,CE,Combined TRACON& Tower with Radar,0,12,24,0,36,0,22,19,0,41,0,34,43,0,77,10,0,10,87
04/27/2022,LCH,LA,ASW,CE,Combined TRACON& Tower with Radar,0,9,32,0,41,0,11,41,0,52,0,20,73,0,93,40,0,40,133
04/28/2022,LCH,LA,ASW,CE,Combined TRACON& Tower with Radar,0,10,22,2,34,0,11,39,0,50,0,21,61,2,84,12,0,12,96
04/29/2022,LCH,LA,ASW,CE,Combined TRACON& Tower with Radar,0,11,20,14,45,0,11,26,0,37,0,22,46,14,82,62,0,62,144
04/30/2022,LCH,LA,ASW,CE,Combined TRACON& Tower with Radar,0,9,9,0,18,0,8,16,0,24,0,17,25,0,42,50,0,50,92
05/01/2022,LCH,LA,ASW,CE,Combined TRACON& Tower with Radar,0,10,6,21,37,0,8,11,0,19,0,18,17,21,56,0,0,0,56
05/02/2022,LCH,LA,ASW,CE,Combined TRACON& Tower with Radar,0,8,14,10,32,0,13,12,0,25,0,21,26,10,57,0,0,0,57
05/03/2022,LCH,LA,ASW,CE,Combined TRACON& Tower with Radar,0,13,7,0,20,0,21,10,0,31,0,34,17,0,51,14,0,14,65
05/04/2022,LCH,LA,ASW,CE,Combined TRACON& Tower with Radar,0,10,21,7,38,0,13,16,0,29,0,23,37,7,67,52,0,52,119
05/05/2022,LCH,LA,ASW,CE,Combined TRACON& Tower with Radar,2,6,18,0,26,0,8,4,0,12,2,14,22,0,38,19,0,19,57
05/06/2022,LCH,LA,ASW,CE,Combined TRACON& Tower with Radar,2,7,13,4,26,0,13,24,0,37,2,20,37,4,63,48,0,48,111
05/07/2022,LCH,LA,ASW,CE,Combined TRACON& Tower with Radar,3,5,7,0,15,0,2,13,0,15,3,7,20,0,30,18,0,18,48
05/08/2022,LCH,LA,ASW,CE,Combined TRACON& Tower with Radar,3,5,14,2,24,0,5,11,0,16,3,10,25,2,40,12,0,12,52
05/09/2022,LCH,LA,ASW,CE,Combined TRACON& Tower with Radar,2,7,14,0,23,0,21,26,0,47,2,28,40,0,70,28,0,28,98
05/10/2022,LCH,LA,ASW,CE,Combined TRACON& Tower with Radar,3,10,17,6,36,0,20,35,0,55,3,30,52,6,91,66,0,66,157
05/11/2022,LCH,LA,ASW,CE,Combined TRACON& Tower with Radar,3,8,15,2,28,0,13,44,0,57,3,21,59,2,85,50,0,50,135
05/12/2022,LCH,LA,ASW,CE,Combined TRACON& Tower with Radar,3,6,6,0,15,0,13,23,0,36,3,19,29,0,51,20,0,20,71
05/13/2022,LCH,LA,ASW,CE,Combined TRACON& Tower with Radar,3,6,21,10,40,0,12,18,0,30,3,18,39,10,70,28,0,28,98
05/14/2022,LCH,LA,ASW,CE,Combined TRACON& Tower with Radar,3,6,10,0,19,0,10,23,0,33,3,16,33,0,52,22,0,22,74
05/15/2022,LCH,LA,ASW,CE,Combined TRACON& Tower with Radar,2,7,6,1,16,0,6,19,1,26,2,13,25,2,42,42,0,42,84
05/16/2022,LCH,LA,ASW,CE,Combined TRACON& Tower with Radar,3,5,14,4,26,0,25,16,0,41,3,30,30,4,67,30,0,30,97
05/17/2022,LCH,LA,ASW,CE,Combined TRACON& Tower with Radar,3,8,23,4,38,0,19,15,0,34,3,27,38,4,72,17,0,17,89
05/18/2022,LCH,LA,ASW,CE,Combined TRACON& Tower with Radar,3,6,18,2,29,0,22,12,2,36,3,28,30,4,65,10,0,10,75
05/19/2022,LCH,LA,ASW,CE,Combined TRACON& Tower with Radar,3,7,17,0,27,0,16,19,0,35,3,23,36,0,62,30,0,30,92
05/20/2022,LCH,LA,ASW,CE,Combined TRACON& Tower with Radar,3,5,8,2,18,0,28,13,0,41,3,33,21,2,59,20,0,20,79
05/21/2022,LCH,LA,ASW,CE,Combined TRACON& Tower with Radar,3,9,13,0,25,0,2,5,0,7,3,11,18,0,32,19,0,19,51
05/22/2022,LCH,LA,ASW,CE,Combined TRACON& Tower with Radar,3,6,11,4,24,0,2,4,0,6,3,8,15,4,30,0,0,0,30
05/23/2022,LCH,LA,ASW,CE,Combined TRACON& Tower with Radar,3,12,14,6,35,0,7,8,0,15,3,19,22,6,50,34,0,34,84
05/24/2022,LCH,LA,ASW,CE,Combined TRACON& Tower with Radar,4,11,4,0,19,0,2,0,0,2,4,13,4,0,21,0,0,0,21
05/25/2022,LCH,LA,ASW,CE,Combined TRACON& Tower with Radar,3,6,5,0,14,0,12,4,0,16,3,18,9,0,30,21,0,21,51
05/26/2022,LCH,LA,ASW,CE,Combined TRACON& Tower with Radar,3,8,9,0,20,0,19,20,0,39,3,27,29,0,59,8,0,8,67
05/27/2022,LCH,LA,ASW,CE,Combined TRACON& Tower with Radar,3,5,12,8,28,0,9,27,0,36,3,14,39,8,64,42,0,42,106
05/28/2022,LCH,LA,ASW,CE,Combined TRACON& Tower with Radar,3,5,9,0,17,0,5,25,0,30,3,10,34,0,47,21,0,21,68
05/29/2022,LCH,LA,ASW,CE,Combined TRACON& Tower with Radar,7,6,21,0,34,0,7,15,0,22,7,13,36,0,56,0,0,0,56
05/30/2022,LCH,LA,ASW,CE,Combined TRACON& Tower with Radar,3,5,3,2,13,0,11,13,0,24,3,16,16,2,37,0,0,0,37
05/31/2022,LCH,LA,ASW,CE,Combined TRACON& Tower with Radar,3,5,23,0,31,0,31,28,0,59,3,36,51,0,90,24,0,24,114
06/01/2022,LCH,LA,ASW,CE,Combined TRACON& Tower with Radar,1,5,11,0,17,0,27,14,0,41,1,32,25,0,58,4,0,4,62
06/02/2022,LCH,LA,ASW,CE,Combined TRACON& Tower with Radar,3,9,9,0,21,0,18,9,0,27,3,27,18,0,48,8,0,8,56
06/03/2022,LCH,LA,ASW,CE,Combined TRACON& Tower with Radar,1,10,10,4,25,0,16,11,0,27,1,26,21,4,52,32,0,32,84
06/04/2022,LCH,LA,ASW,CE,Combined TRACON& Tower with Radar,0,9,8,0,17,0,9,7,0,16,0,18,15,0,33,24,0,24,57
06/05/2022,LCH,LA,ASW,CE,Combined TRACON& Tower with Radar,0,9,9,8,26,0,14,28,0,42,0,23,37,8,68,78,0,78,146
06/06/2022,LCH,LA,ASW,CE,Combined TRACON& Tower with Radar,0,10,10,0,20,0,15,18,0,33,0,25,28,0,53,37,0,37,90
06/07/2022,LCH,LA,ASW,CE,Combined TRACON& Tower with Radar,0,24,20,4,48,0,0,26,0,26,0,24,46,4,74,58,0,58,132
06/08/2022,LCH,LA,ASW,CE,Combined TRACON& Tower with Radar,0,12,11,0,23,0,14,23,0,37,0,26,34,0,60,15,0,15,75
06/09/2022,LCH,LA,ASW,CE,Combined TRACON& Tower with Radar,0,10,10,8,28,0,14,20,0,34,0,24,30,8,62,38,0,38,100
06/10/2022,LCH,LA,ASW,CE,Combined TRACON& Tower with Radar,0,12,21,0,33,0,8,19,0,27,0,20,40,0,60,46,0,46,106
06/11/2022,LCH,LA,ASW,CE,Combined TRACON& Tower with Radar,0,10,9,0,19,0,2,21,0,23,0,12,30,0,42,2,0,2,44
06/12/2022,LCH,LA,ASW,CE,Combined TRACON& Tower with Radar,0,11,11,0,22,0,7,11,0,18,0,18,22,0,40,0,0,0,40
06/13/2022,LCH,LA,ASW,CE,Combined TRACON& Tower with Radar,0,10,13,0,23,0,16,12,0,28,0,26,25,0,51,40,0,40,91
06/14/2022,LCH,LA,ASW,CE,Combined TRACON& Tower with Radar,0,15,21,6,42,0,18,24,0,42,0,33,45,6,84,42,0,42,126
06/15/2022,LCH,LA,ASW,CE,Combined TRACON& Tower with Radar,0,10,23,0,33,0,21,31,0,52,0,31,54,0,85,10,0,10,95
06/16/2022,LCH,LA,ASW,CE,Combined TRACON& Tower with Radar,0,9,16,0,25,0,18,12,0,30,0,27,28,0,55,47,0,47,102
06/17/2022,LCH,LA,ASW,CE,Combined TRACON& Tower with Radar,0,9,13,3,25,0,6,12,2,20,0,15,25,5,45,27,0,27,72
06/18/2022,LCH,LA,ASW,CE,Combined TRACON& Tower with Radar,0,8,9,0,17,0,1,15,0,16,0,9,24,0,33,26,0,26,59
06/19/2022,LCH,LA,ASW,CE,Combined TRACON& Tower with Radar,0,9,7,0,16,0,4,19,0,23,0,13,26,0,39,38,0,38,77
06/20/2022,LCH,LA,ASW,CE,Combined TRACON& Tower with Radar,0,10,3,6,19,0,6,22,2,30,0,16,25,8,49,8,0,8,57
06/21/2022,LCH,LA,ASW,CE,Combined TRACON& Tower with Radar,0,9,1,0,10,0,20,7,0,27,0,29,8,0,37,8,0,8,45
06/22/2022,LCH,LA,ASW,CE,Combined TRACON& Tower with Radar,0,9,10,0,19,0,13,11,0,24,0,22,21,0,43,31,0,31,74
06/23/2022,LCH,LA,ASW,CE,Combined TRACON& Tower with Radar,0,15,11,6,32,0,10,16,0,26,0,25,27,6,58,20,4,24,82
06/24/2022,LCH,LA,ASW,CE,Combined TRACON& Tower with Radar,0,9,7,2,18,0,19,9,1,29,0,28,16,3,47,0,0,0,47
06/25/2022,LCH,LA,ASW,CE,Combined TRACON& Tower with Radar,0,10,10,0,20,0,5,18,0,23,0,15,28,0,43,0,0,0,43
06/26/2022,LCH,LA,ASW,CE,Combined TRACON& Tower with Radar,0,14,5,0,19,0,3,7,0,10,0,17,12,0,29,0,0,0,29
06/27/2022,LCH,LA,ASW,CE,Combined TRACON& Tower with Radar,0,9,15,2,26,0,10,11,0,21,0,19,26,2,47,14,0,14,61
06/28/2022,LCH,LA,ASW,CE,Combined TRACON& Tower with Radar,0,11,11,0,22,0,13,8,0,21,0,24,19,0,43,1,0,1,44
06/29/2022,LCH,LA,ASW,CE,Combined TRACON& Tower with Radar,0,9,14,0,23,0,9,15,0,24,0,18,29,0,47,26,0,26,73
06/30/2022,LCH,LA,ASW,CE,Combined TRACON& Tower with Radar,0,9,6,0,15,0,11,7,0,18,0,20,13,0,33,0,0,0,33
07/01/2022,LCH,LA,ASW,CE,Combined TRACON& Tower with Radar,0,9,3,0,12,0,0,0,0,0,0,9,3,0,12,0,0,0,12
07/02/2022,LCH,LA,ASW,CE,Combined TRACON& Tower with Radar,0,9,5,0,14,0,12,7,0,19,0,21,12,0,33,8,0,8,41
07/03/2022,LCH,LA,ASW,CE,Combined TRACON& Tower with Radar,0,9,10,0,19,0,9,19,0,28,0,18,29,0,47,14,0,14,61
07/04/2022,LCH,LA,ASW,CE,Combined TRACON& Tower with Radar,0,10,6,0,16,0,9,17,0,26,0,19,23,0,42,30,0,30,72
07/05/2022,LCH,LA,ASW,CE,Combined TRACON& Tower with Radar,0,10,7,0,17,0,18,14,0,32,0,28,21,0,49,0,0,0,49
07/06/2022,LCH,LA,ASW,CE,Combined TRACON& Tower with Radar,0,10,15,0,25,0,10,11,0,21,0,20,26,0,46,0,0,0,46
07/07/2022,LCH,LA,ASW,CE,Combined TRACON& Tower with Radar,0,9,17,6,32,0,14,21,0,35,0,23,38,6,67,40,0,40,107
07/08/2022,LCH,LA,ASW,CE,Combined TRACON& Tower with Radar,0,12,13,0,25,0,13,38,0,51,0,25,51,0,76,16,0,16,92
07/09/2022,LCH,LA,ASW,CE,Combined TRACON& Tower with Radar,0,9,4,0,13,0,7,37,0,44,0,16,41,0,57,2,0,2,59
07/10/2022,LCH,LA,ASW,CE,Combined TRACON& Tower with Radar,0,8,0,0,8,0,8,10,0,18,0,16,10,0,26,0,0,0,26
07/11/2022,LCH,LA,ASW,CE,Combined TRACON& Tower with Radar,0,10,9,0,19,0,15,24,1,40,0,25,33,1,59,24,0,24,83
07/12/2022,LCH,LA,ASW,CE,Combined TRACON& Tower with Radar,0,11,10,0,21,0,15,17,0,32,0,26,27,0,53,24,0,24,77
07/13/2022,LCH,LA,ASW,CE,Combined TRACON& Tower with Radar,0,8,23,2,33,0,14,18,0,32,0,22,41,2,65,12,0,12,77
07/14/2022,LCH,LA,ASW,CE,Combined TRACON& Tower with Radar,0,11,8,0,19,0,6,5,0,11,0,17,13,0,30,30,0,30,60
07/15/2022,LCH,LA,ASW,CE,Combined TRACON& Tower with Radar,0,10,23,0,33,0,9,31,0,40,0,19,54,0,73,12,0,12,85
07/16/2022,LCH,LA,ASW,CE,Combined TRACON& Tower with Radar,0,9,6,0,15,0,6,17,0,23,0,15,23,0,38,28,0,28,66
07/17/2022,LCH,LA,ASW,CE,Combined TRACON& Tower with Radar,0,9,8,0,17,0,4,20,0,24,0,13,28,0,41,20,0,20,61
07/18/2022,LCH,LA,ASW,CE,Combined TRACON& Tower with Radar,0,11,9,0,20,0,19,16,0,35,0,30,25,0,55,10,0,10,65
07/19/2022,LCH,LA,ASW,CE,Combined TRACON& Tower with Radar,0,12,9,2,23,0,16,8,0,24,0,28,17,2,47,4,0,4,51
07/20/2022,LCH,LA,ASW,CE,Combined TRACON& Tower with Radar,0,12,21,2,35,0,20,10,2,32,0,32,31,4,67,18,0,18,85
07/21/2022,LCH,LA,ASW,CE,Combined TRACON& Tower with Radar,0,14,21,2,37,0,13,12,0,25,0,27,33,2,62,55,0,55,117
07/22/2022,LCH,LA,ASW,CE,Combined TRACON& Tower with Radar,0,10,6,1,17,0,8,8,1,17,0,18,14,2,34,3,0,3,37
07/23/2022,LCH,LA,ASW,CE,Combined TRACON& Tower with Radar,0,9,4,0,13,0,3,6,0,9,0,12,10,0,22,10,0,10,32
07/24/2022,LCH,LA,ASW,CE,Combined TRACON& Tower with Radar,0,9,6,2,17,0,4,11,2,17,0,13,17,4,34,0,0,0,34
07/25/2022,LCH,LA,ASW,CE,Combined TRACON& Tower with Radar,0,11,9,0,20,0,12,8,0,20,0,23,17,0,40,6,0,6,46
07/26/2022,LCH,LA,ASW,CE,Combined TRACON& Tower with Radar,0,11,11,0,22,0,16,3,0,19,0,27,14,0,41,0,0,0,41
07/27/2022,LCH,LA,ASW,CE,Combined TRACON& Tower with Radar,0,9,6,0,15,0,19,8,0,27,0,28,14,0,42,16,0,16,58
07/28/2022,LCH,LA,ASW,CE,Combined TRACON& Tower with Radar,0,10,8,2,20,0,11,6,0,17,0,21,14,2,37,0,0,0,37
07/29/2022,LCH,LA,ASW,CE,Combined TRACON& Tower with Radar,0,11,4,0,15,0,13,6,0,19,0,24,10,0,34,0,0,0,34
07/30/2022,LCH,LA,ASW,CE,Combined TRACON& Tower with Radar,0,11,11,0,22,0,8,9,0,17,0,19,20,0,39,0,0,0,39
07/31/2022,LCH,LA,ASW,CE,Combined TRACON& Tower with Radar,0,9,4,0,13,0,2,14,0,16,0,11,18,0,29,0,0,0,29
08/01/2022,LCH,LA,ASW,CE,Combined TRACON& Tower with Radar,0,10,9,0,19,0,16,10,0,26,0,26,19,0,45,4,0,4,49
08/02/2022,LCH,LA,ASW,CE,Combined TRACON& Tower with Radar,0,11,14,0,25,0,19,10,0,29,0,30,24,0,54,0,0,0,54
08/03/2022,LCH,LA,ASW,CE,Combined TRACON& Tower with Radar,0,9,5,0,14,0,11,19,0,30,0,20,24,0,44,0,0,0,44
08/04/2022,LCH,LA,ASW,CE,Combined TRACON& Tower with Radar,0,9,9,0,18,0,6,12,0,18,0,15,21,0,36,0,0,0,36
08/05/2022,LCH,LA,ASW,CE,Combined TRACON& Tower with Radar,0,9,7,0,16,0,11,16,0,27,0,20,23,0,43,20,0,20,63
08/06/2022,LCH,LA,ASW,CE,Combined TRACON& Tower with Radar,0,9,11,2,22,0,5,23,0,28,0,14,34,2,50,0,0,0,50
08/07/2022,LCH,LA,ASW,CE,Combined TRACON& Tower with Radar,0,11,21,0,32,0,1,14,0,15,0,12,35,0,47,0,0,0,47
08/08/2022,LCH,LA,ASW,CE,Combined TRACON& Tower with Radar,0,10,13,0,23,0,11,15,0,26,0,21,28,0,49,0,0,0,49
08/09/2022,LCH,LA,ASW,CE,Combined TRACON& Tower with Radar,0,9,8,0,17,0,16,14,0,30,0,25,22,0,47,0,0,0,47
08/10/2022,LCH,LA,ASW,CE,Combined TRACON& Tower with Radar,0,8,7,0,15,0,10,12,0,22,0,18,19,0,37,10,0,10,47
08/11/2022,LCH,LA,ASW,CE,Combined TRACON& Tower with Radar,0,16,13,0,29,0,5,5,0,10,0,21,18,0,39,0,0,0,39
08/12/2022,LCH,LA,ASW,CE,Combined TRACON& Tower with Radar,0,13,21,0,34,0,11,6,0,17,0,24,27,0,51,9,0,9,60
08/13/2022,LCH,LA,ASW,CE,Combined TRACON& Tower with Radar,0,15,7,0,22,0,7,7,0,14,0,22,14,0,36,0,0,0,36
08/14/2022,LCH,LA,ASW,CE,Combined TRACON& Tower with Radar,0,9,13,0,22,0,5,18,2,25,0,14,31,2,47,15,0,15,62
08/15/2022,LCH,LA,ASW,CE,Combined TRACON& Tower with Radar,0,11,13,0,24,0,20,24,0,44,0,31,37,0,68,18,0,18,86
08/16/2022,LCH,LA,ASW,CE,Combined TRACON& Tower with Radar,4,11,11,0,26,0,23,28,0,51,4,34,39,0,77,24,0,24,101
08/17/2022,LCH,LA,ASW,CE,Combined TRACON& Tower with Radar,4,7,7,1,19,0,16,19,0,35,4,23,26,1,54,41,0,41,95
08/18/2022,LCH,LA,ASW,CE,Combined TRACON& Tower with Radar,10,6,10,0,26,0,13,15,0,28,10,19,25,0,54,2,0,2,56
08/19/2022,LCH,LA,ASW,CE,Combined TRACON& Tower with Radar,5,6,22,0,33,0,6,23,0,29,5,12,45,0,62,22,0,22,84
08/20/2022,LCH,LA,ASW,CE,Combined TRACON& Tower with Radar,5,4,7,0,16,0,2,7,0,9,5,6,14,0,25,8,0,8,33
08/21/2022,LCH,LA,ASW,CE,Combined TRACON& Tower with Radar,3,4,4,0,11,0,2,14,0,16,3,6,18,0,27,10,0,10,37
08/22/2022,LCH,LA,ASW,CE,Combined TRACON& Tower with Radar,5,4,10,0,19,0,8,6,0,14,5,12,16,0,33,31,0,31,64
08/23/2022,LCH,LA,ASW,CE,Combined TRACON& Tower with Radar,5,10,9,0,24,0,4,5,0,9,5,14,14,0,33,7,0,7,40
08/24/2022,LCH,LA,ASW,CE,Combined TRACON& Tower with Radar,5,15,4,0,24,0,2,3,0,5,5,17,7,0,29,2,0,2,31
08/25/2022,LCH,LA,ASW,CE,Combined TRACON& Tower with Radar,7,8,8,0,23,0,13,4,0,17,7,21,12,0,40,28,0,28,68
08/26/2022,LCH,LA,ASW,CE,Combined TRACON& Tower with Radar,5,9,13,0,27,0,10,10,0,20,5,19,23,0,47,2,0,2,49
08/27/2022,LCH,LA,ASW,CE,Combined TRACON& Tower with Radar,7,6,7,0,20,0,19,11,1,31,7,25,18,1,51,34,0,34,85
08/28/2022,LCH,LA,ASW,CE,Combined TRACON& Tower with Radar,5,5,10,5,25,0,8,16,1,25,5,13,26,6,50,10,0,10,60
08/29/2022,LCH,LA,ASW,CE,Combined TRACON& Tower with Radar,5,11,7,0,23,0,17,11,0,28,5,28,18,0,51,4,0,4,55
08/30/2022,LCH,LA,ASW,CE,Combined TRACON& Tower with Radar,7,14,4,0,25,0,15,17,2,34,7,29,21,2,59,32,0,32,91
08/31/2022,LCH,LA,ASW,CE,Combined TRACON& Tower with Radar,5,5,23,0,33,0,17,30,0,47,5,22,53,0,80,58,0,58,138
09/01/2022,LCH,LA,ASW,CE,Combined TRACON& Tower with Radar,5,6,9,0,20,0,18,18,0,36,5,24,27,0,56,9,0,9,65
09/02/2022,LCH,LA,ASW,CE,Combined TRACON& Tower with Radar,7,5,8,0,20,0,13,22,1,36,7,18,30,1,56,25,0,25,81
09/03/2022,LCH,LA,ASW,CE,Combined TRACON& Tower with Radar,4,3,4,0,11,0,1,4,0,5,4,4,8,0,16,0,0,0,16
09/04/2022,LCH,LA,ASW,CE,Combined TRACON& Tower with Radar,3,4,6,0,13,0,0,5,0,5,3,4,11,0,18,0,0,0,18
09/05/2022,LCH,LA,ASW,CE,Combined TRACON& Tower with Radar,5,4,9,0,18,0,8,21,0,29,5,12,30,0,47,14,0,14,61
09/06/2022,LCH,LA,ASW,CE,Combined TRACON& Tower with Radar,5,4,11,0,20,0,7,8,0,15,5,11,19,0,35,26,0,26,61
09/07/2022,LCH,LA,ASW,CE,Combined TRACON& Tower with Radar,3,9,14,0,26,0,17,7,0,24,3,26,21,0,50,1,0,1,51
09/08/2022,LCH,LA,ASW,CE,Combined TRACON& Tower with Radar,3,8,13,0,24,0,27,16,0,43,3,35,29,0,67,10,0,10,77
09/09/2022,LCH,LA,ASW,CE,Combined TRACON& Tower with Radar,3,6,23,9,41,0,19,13,1,33,3,25,36,10,74,0,0,0,74
09/10/2022,LCH,LA,ASW,CE,Combined TRACON& Tower with Radar,3,7,10,0,20,0,4,26,0,30,3,11,36,0,50,20,0,20,70
09/11/2022,LCH,LA,ASW,CE,Combined TRACON& Tower with Radar,3,6,4,8,21,0,5,21,0,26,3,11,25,8,47,31,0,31,78
09/12/2022,LCH,LA,ASW,CE,Combined TRACON& Tower with Radar,3,7,20,0,30,0,14,24,0,38,3,21,44,0,68,14,0,14,82
09/13/2022,LCH,LA,ASW,CE,Combined TRACON& Tower with Radar,3,7,15,0,25,0,22,22,0,44,3,29,37,0,69,6,0,6,75
09/14/2022,LCH,LA,ASW,CE,Combined TRACON& Tower with Radar,3,11,13,0,27,0,17,37,0,54,3,28,50,0,81,34,0,34,115
09/15/2022,LCH,LA,ASW,CE,Combined TRACON& Tower with Radar,3,11,18,0,32,0,4,15,0,19,3,15,33,0,51,0,0,0,51
09/16/2022,LCH,LA,ASW,CE,Combined TRACON& Tower with Radar,3,8,12,0,23,0,11,17,0,28,3,19,29,0,51,5,0,5,56
09/17/2022,LCH,LA,ASW,CE,Combined TRACON& Tower with Radar,3,8,9,0,20,0,7,19,2,28,3,15,28,2,48,0,0,0,48
09/18/2022,LCH,LA,ASW,CE,Combined TRACON& Tower with Radar,3,6,14,0,23,0,9,10,0,19,3,15,24,0,42,40,8,48,90
09/19/2022,LCH,LA,ASW,CE,Combined TRACON& Tower with Radar,3,10,13,0,26,0,12,16,0,28,3,22,29,0,54,24,0,24,78
09/20/2022,LCH,LA,ASW,CE,Combined TRACON& Tower with Radar,3,6,17,0,26,0,16,26,0,42,3,22,43,0,68,6,0,6,74
09/21/2022,LCH,LA,ASW,CE,Combined TRACON& Tower with Radar,3,13,11,2,29,0,25,19,1,45,3,38,30,3,74,12,0,12,86
09/22/2022,LCH,LA,ASW,CE,Combined TRACON& Tower with Radar,3,6,26,0,35,0,12,8,0,20,3,18,34,0,55,16,0,16,71
09/23/2022,LCH,LA,ASW,CE,Combined TRACON& Tower with Radar,3,6,12,0,21,0,23,19,1,43,3,29,31,1,64,20,0,20,84
09/24/2022,LCH,LA,ASW,CE,Combined TRACON& Tower with Radar,3,7,12,6,28,0,10,21,0,31,3,17,33,6,59,19,0,19,78
09/25/2022,LCH,LA,ASW,CE,Combined TRACON& Tower with Radar,3,7,9,0,19,0,5,14,0,19,3,12,23,0,38,26,0,26,64
09/26/2022,LCH,LA,ASW,CE,Combined TRACON& Tower with Radar,3,6,12,6,27,0,16,17,0,33,3,22,29,6,60,20,0,20,80
09/27/2022,LCH,LA,ASW,CE,Combined TRACON& Tower with Radar,3,6,3,0,12,0,16,20,0,36,3,22,23,0,48,51,0,51,99
09/28/2022,LCH,LA,ASW,CE,Combined TRACON& Tower with Radar,3,6,8,0,17,0,11,20,0,31,3,17,28,0,48,22,0,22,70
09/29/2022,LCH,LA,ASW,CE,Combined TRACON& Tower with Radar,3,8,18,0,29,0,9,14,0,23,3,17,32,0,52,7,0,7,59
09/30/2022,LCH,LA,ASW,CE,Combined TRACON& Tower with Radar,3,6,10,4,23,0,16,31,0,47,3,22,41,4,70,40,0,40,110
10/01/2022,LCH,LA,ASW,CE,Combined TRACON& Tower with Radar,3,6,9,4,22,0,6,29,0,35,3,12,38,4,57,88,0,88,145
10/02/2022,LCH,LA,ASW,CE,Combined TRACON& Tower with Radar,3,6,8,0,17,0,1,18,0,19,3,7,26,0,36,14,0,14,50
10/03/2022,LCH,LA,ASW,CE,Combined TRACON& Tower with Radar,3,8,11,0,22,0,15,19,0,34,3,23,30,0,56,12,0,12,68
10/04/2022,LCH,LA,ASW,CE,Combined TRACON& Tower with Radar,3,9,19,0,31,0,17,26,0,43,3,26,45,0,74,23,0,23,97
10/05/2022,LCH,LA,ASW,CE,Combined TRACON& Tower with Radar,3,7,19,2,31,0,21,23,0,44,3,28,42,2,75,34,0,34,109
10/06/2022,LCH,LA,ASW,CE,Combined TRACON& Tower with Radar,5,4,8,0,17,0,22,20,0,42,5,26,28,0,59,6,0,6,65
10/07/2022,LCH,LA,ASW,CE,Combined TRACON& Tower with Radar,5,6,21,6,38,0,13,29,0,42,5,19,50,6,80,0,0,0,80
10/08/2022,LCH,LA,ASW,CE,Combined TRACON& Tower with Radar,5,5,9,0,19,0,8,8,0,16,5,13,17,0,35,4,0,4,39
10/09/2022,LCH,LA,ASW,CE,Combined TRACON& Tower with Radar,5,9,13,0,27,0,5,15,0,20,5,14,28,0,47,26,0,26,73
10/10/2022,LCH,LA,ASW,CE,Combined TRACON& Tower with Radar,5,9,5,0,19,0,7,18,0,25,5,16,23,0,44,4,0,4,48
10/11/2022,LCH,LA,ASW,CE,Combined TRACON& Tower with Radar,5,5,8,0,18,0,20,8,0,28,5,25,16,0,46,17,0,17,63
10/12/2022,LCH,LA,ASW,CE,Combined TRACON& Tower with Radar,7,13,24,0,44,0,7,7,0,14,7,20,31,0,58,0,0,0,58
10/13/2022,LCH,LA,ASW,CE,Combined TRACON& Tower with Radar,5,9,11,0,25,0,3,15,0,18,5,12,26,0,43,6,0,6,49
10/14/2022,LCH,LA,ASW,CE,Combined TRACON& Tower with Radar,5,5,16,0,26,0,11,32,0,43,5,16,48,0,69,28,0,28,97
10/15/2022,LCH,LA,ASW,CE,Combined TRACON& Tower with Radar,5,6,12,0,23,0,2,23,0,25,5,8,35,0,48,18,0,18,66
10/16/2022,LCH,LA,ASW,CE,Combined TRACON& Tower with Radar,5,6,12,4,27,0,11,19,0,30,5,17,31,4,57,79,0,79,136
10/17/2022,LCH,LA,ASW,CE,Combined TRACON& Tower with Radar,5,7,20,0,32,0,10,11,0,21,5,17,31,0,53,0,0,0,53
10/18/2022,LCH,LA,ASW,CE,Combined TRACON& Tower with Radar,5,6,14,0,25,0,14,20,0,34,5,20,34,0,59,10,0,10,69
10/19/2022,LCH,LA,ASW,CE,Combined TRACON& Tower with Radar,5,6,11,0,22,0,13,17,0,30,5,19,28,0,52,3,0,3,55
10/20/2022,LCH,LA,ASW,CE,Combined TRACON& Tower with Radar,5,6,20,0,31,0,16,19,0,35,5,22,39,0,66,0,0,0,66
10/21/2022,LCH,LA,ASW,CE,Combined TRACON& Tower with Radar,5,4,15,0,24,0,12,19,0,31,5,16,34,0,55,16,0,16,71
10/22/2022,LCH,LA,ASW,CE,Combined TRACON& Tower with Radar,6,4,12,0,22,0,11,25,0,36,6,15,37,0,58,12,0,12,70
10/23/2022,LCH,LA,ASW,CE,Combined TRACON& Tower with Radar,5,5,17,0,27,0,6,15,0,21,5,11,32,0,48,54,0,54,102
10/24/2022,LCH,LA,ASW,CE,Combined TRACON& Tower with Radar,5,4,17,0,26,0,13,14,2,29,5,17,31,2,55,19,0,19,74
10/25/2022,LCH,LA,ASW,CE,Combined TRACON& Tower with Radar,6,4,17,0,27,0,8,20,0,28,6,12,37,0,55,6,0,6,61
10/26/2022,LCH,LA,ASW,CE,Combined TRACON& Tower with Radar,5,4,33,0,42,0,14,40,0,54,5,18,73,0,96,18,0,18,114
10/27/2022,LCH,LA,ASW,CE,Combined TRACON& Tower with Radar,5,8,26,0,39,0,14,29,0,43,5,22,55,0,82,10,0,10,92
10/28/2022,LCH,LA,ASW,CE,Combined TRACON& Tower with Radar,5,13,31,0,49,0,1,0,0,1,5,14,31,0,50,0,0,0,50
10/29/2022,LCH,LA,ASW,CE,Combined TRACON& Tower with Radar,4,8,32,0,44,0,2,8,0,10,4,10,40,0,54,0,0,0,54
10/30/2022,LCH,LA,ASW,CE,Combined TRACON& Tower with Radar,5,6,24,0,35,0,4,18,0,22,5,10,42,0,57,18,0,18,75
10/31/2022,LCH,LA,ASW,CE,Combined TRACON& Tower with Radar,4,6,4,0,14,0,17,16,0,33,4,23,20,0,47,44,0,44,91
11/01/2022,LCH,LA,ASW,CE,Combined TRACON& Tower with Radar,5,6,9,0,20,0,7,0,0,7,5,13,9,0,27,0,0,0,27
11/02/2022,LCH,LA,ASW,CE,Combined TRACON& Tower with Radar,7,8,21,0,36,0,10,23,0,33,7,18,44,0,69,55,0,55,124
11/03/2022,LCH,LA,ASW,CE,Combined TRACON& Tower with Radar,5,8,24,0,37,0,18,33,0,51,5,26,57,0,88,54,0,54,142
11/04/2022,LCH,LA,ASW,CE,Combined TRACON& Tower with Radar,4,8,13,0,25,0,0,0,0,0,4,8,13,0,25,0,0,0,25
11/05/2022,LCH,LA,ASW,CE,Combined TRACON& Tower with Radar,5,4,6,0,15,0,4,28,0,32,5,8,34,0,47,31,0,31,78
11/06/2022,LCH,LA,ASW,CE,Combined TRACON& Tower with Radar,4,6,13,0,23,0,4,9,0,13,4,10,22,0,36,6,0,6,42
11/07/2022,LCH,LA,ASW,CE,Combined TRACON& Tower with Radar,5,8,18,0,31,0,6,13,0,19,5,14,31,0,50,2,0,2,52
11/08/2022,LCH,LA,ASW,CE,Combined TRACON& Tower with Radar,5,6,15,0,26,0,21,11,0,32,5,27,26,0,58,41,0,41,99
11/09/2022,LCH,LA,ASW,CE,Combined TRACON& Tower with Radar,5,6,23,0,34,0,13,13,0,26,5,19,36,0,60,17,0,17,77
11/10/2022,LCH,LA,ASW,CE,Combined TRACON& Tower with Radar,5,9,25,0,39,0,13,32,1,46,5,22,57,1,85,28,0,28,113
11/11/2022,LCH,LA,ASW,CE,Combined TRACON& Tower with Radar,5,14,16,0,35,0,7,21,0,28,5,21,37,0,63,10,0,10,73
11/12/2022,LCH,LA,ASW,CE,Combined TRACON& Tower with Radar,5,5,14,0,24,0,2,14,0,16,5,7,28,0,40,26,0,26,66
11/13/2022,LCH,LA,ASW,CE,Combined TRACON& Tower with Radar,5,10,18,0,33,0,4,26,0,30,5,14,44,0,63,26,0,26,89
11/14/2022,LCH,LA,ASW,CE,Combined TRACON& Tower with Radar,5,4,15,2,26,0,11,7,0,18,5,15,22,2,44,14,0,14,58
11/15/2022,LCH,LA,ASW,CE,Combined TRACON& Tower with Radar,5,10,28,2,45,0,3,5,0,8,5,13,33,2,53,10,0,10,63
11/16/2022,LCH,LA,ASW,CE,Combined TRACON& Tower with Radar,5,9,22,0,36,0,12,26,0,38,5,21,48,0,74,24,0,24,98
11/17/2022,LCH,LA,ASW,CE,Combined TRACON& Tower with Radar,5,9,19,0,33,0,13,23,0,36,5,22,42,0,69,50,0,50,119
11/18/2022,LCH,LA,ASW,CE,Combined TRACON& Tower with Radar,5,11,17,6,39,0,13,24,0,37,5,24,41,6,76,32,0,32,108
11/19/2022,LCH,LA,ASW,CE,Combined TRACON& Tower with Radar,5,4,3,0,12,0,0,3,0,3,5,4,6,0,15,36,0,36,51
11/20/2022,LCH,LA,ASW,CE,Combined TRACON& Tower with Radar,5,7,12,0,24,0,6,22,0,28,5,13,34,0,52,46,0,46,98
11/21/2022,LCH,LA,ASW,CE,Combined TRACON& Tower with Radar,5,8,13,0,26,0,7,12,0,19,5,15,25,0,45,10,0,10,55
11/22/2022,LCH,LA,ASW,CE,Combined TRACON& Tower with Radar,5,6,3,0,14,0,10,4,0,14,5,16,7,0,28,96,0,96,124
11/23/2022,LCH,LA,ASW,CE,Combined TRACON& Tower with Radar,5,7,14,0,26,0,15,19,0,34,5,22,33,0,60,14,0,14,74
11/24/2022,LCH,LA,ASW,CE,Combined TRACON& Tower with Radar,4,12,0,0,16,0,0,2,0,2,4,12,2,0,18,0,0,0,18
11/25/2022,LCH,LA,ASW,CE,Combined TRACON& Tower with Radar,8,14,11,0,33,0,0,0,0,0,8,14,11,0,33,0,0,0,33
11/26/2022,LCH,LA,ASW,CE,Combined TRACON& Tower with Radar,5,6,7,0,18,0,1,3,0,4,5,7,10,0,22,26,0,26,48
11/27/2022,LCH,LA,ASW,CE,Combined TRACON& Tower with Radar,3,4,18,0,25,0,5,23,0,28,3,9,41,0,53,0,0,0,53
11/28/2022,LCH,LA,ASW,CE,Combined TRACON& Tower with Radar,7,6,19,0,32,0,12,27,0,39,7,18,46,0,71,8,0,8,79
11/29/2022,LCH,LA,ASW,CE,Combined TRACON& Tower with Radar,6,18,10,0,34,0,0,2,0,2,6,18,12,0,36,0,0,0,36
11/30/2022,LCH,LA,ASW,CE,Combined TRACON& Tower with Radar,5,6,12,2,25,0,4,17,0,21,5,10,29,2,46,22,0,22,68
12/01/2022,LCH,LA,ASW,CE,Combined TRACON& Tower with Radar,5,3,12,2,22,0,10,26,0,36,5,13,38,2,58,34,0,34,92
12/02/2022,LCH,LA,ASW,CE,Combined TRACON& Tower with Radar,5,6,7,0,18,0,7,8,0,15,5,13,15,0,33,36,0,36,69
12/03/2022,LCH,LA,ASW,CE,Combined TRACON& Tower with Radar,5,2,10,0,17,0,4,9,0,13,5,6,19,0,30,68,0,68,98
12/04/2022,LCH,LA,ASW,CE,Combined TRACON& Tower with Radar,5,3,17,0,25,0,0,2,0,2,5,3,19,0,27,0,0,0,27
12/05/2022,LCH,LA,ASW,CE,Combined TRACON& Tower with Radar,5,7,8,0,20,0,2,3,0,5,5,9,11,0,25,0,0,0,25
12/06/2022,LCH,LA,ASW,CE,Combined TRACON& Tower with Radar,5,3,19,0,27,0,16,12,0,28,5,19,31,0,55,19,0,19,74
12/07/2022,LCH,LA,ASW,CE,Combined TRACON& Tower with Radar,5,7,10,0,22,0,4,3,0,7,5,11,13,0,29,29,0,29,58
12/08/2022,LCH,LA,ASW,CE,Combined TRACON& Tower with Radar,4,7,16,0,27,0,1,5,0,6,4,8,21,0,33,10,0,10,43
12/09/2022,LCH,LA,ASW,CE,Combined TRACON& Tower with Radar,4,5,13,0,22,0,2,8,0,10,4,7,21,0,32,0,0,0,32
12/10/2022,LCH,LA,ASW,CE,Combined TRACON& Tower with Radar,3,2,9,0,14,0,0,12,0,12,3,2,21,0,26,13,0,13,39
12/11/2022,LCH,LA,ASW,CE,Combined TRACON& Tower with Radar,7,4,12,0,23,0,1,5,0,6,7,5,17,0,29,2,0,2,31
12/12/2022,LCH,LA,ASW,CE,Combined TRACON& Tower with Radar,5,7,12,0,24,0,0,0,0,0,5,7,12,0,24,0,0,0,24
12/13/2022,LCH,LA,ASW,CE,Combined TRACON& Tower with Radar,5,5,3,0,13,0,8,1,0,9,5,13,4,0,22,0,0,0,22
12/14/2022,LCH,LA,ASW,CE,Combined TRACON& Tower with Radar,5,6,4,0,15,0,4,11,0,15,5,10,15,0,30,6,0,6,36
12/15/2022,LCH,LA,ASW,CE,Combined TRACON& Tower with Radar,5,5,9,0,19,0,18,37,0,55,5,23,46,0,74,48,0,48,122
12/16/2022,LCH,LA,ASW,CE,Combined TRACON& Tower with Radar,5,9,10,4,28,0,14,27,0,41,5,23,37,4,69,20,0,20,89
12/17/2022,LCH,LA,ASW,CE,Combined TRACON& Tower with Radar,5,5,7,0,17,0,4,25,0,29,5,9,32,0,46,32,0,32,78
12/18/2022,LCH,LA,ASW,CE,Combined TRACON& Tower with Radar,5,6,12,0,23,0,2,16,0,18,5,8,28,0,41,18,0,18,59
12/19/2022,LCH,LA,ASW,CE,Combined TRACON& Tower with Radar,5,4,4,0,13,0,8,1,0,9,5,12,5,0,22,0,0,0,22
12/20/2022,LCH,LA,ASW,CE,Combined TRACON& Tower with Radar,5,19,19,2,45,0,1,2,0,3,5,20,21,2,48,0,0,0,48
12/21/2022,LCH,LA,ASW,CE,Combined TRACON& Tower with Radar,5,9,14,0,28,0,0,0,0,0,5,9,14,0,28,0,0,0,28
12/22/2022,LCH,LA,ASW,CE,Combined TRACON& Tower with Radar,5,6,3,0,14,0,1,4,0,5,5,7,7,0,19,0,0,0,19
12/23/2022,LCH,LA,ASW,CE,Combined TRACON& Tower with Radar,5,6,8,0,19,0,1,8,0,9,5,7,16,0,28,12,0,12,40
12/24/2022,LCH,LA,ASW,CE,Combined TRACON& Tower with Radar,4,6,0,0,10,0,2,6,1,9,4,8,6,1,19,34,0,34,53
12/25/2022,LCH,LA,ASW,CE,Combined TRACON& Tower with Radar,4,4,0,0,8,0,1,5,0,6,4,5,5,0,14,0,0,0,14
12/26/2022,LCH,LA,ASW,CE,Combined TRACON& Tower with Radar,5,5,18,0,28,0,2,23,0,25,5,7,41,0,53,2,0,2,55
12/27/2022,LCH,LA,ASW,CE,Combined TRACON& Tower with Radar,5,4,9,2,20,0,16,18,0,34,5,20,27,2,54,18,0,18,72
12/28/2022,LCH,LA,ASW,CE,Combined TRACON& Tower with Radar,5,2,23,0,30,0,8,25,0,33,5,10,48,0,63,0,0,0,63
12/29/2022,LCH,LA,ASW,CE,Combined TRACON& Tower with Radar,5,3,11,0,19,0,11,1,0,12,5,14,12,0,31,0,0,0,31
12/30/2022,LCH,LA,ASW,CE,Combined TRACON& Tower with Radar,5,10,20,0,35,0,0,4,0,4,5,10,24,0,39,0,0,0,39
12/31/2022,LCH,LA,ASW,CE,Combined TRACON& Tower with Radar,6,5,12,0,23,0,1,6,0,7,6,6,18,0,30,29,0,29,59
01/01/2023,LCH,LA,ASW,CE,Combined TRACON& Tower with Radar,5,3,5,0,13,0,0,0,0,0,5,3,5,0,13,0,0,0,13
01/02/2023,LCH,LA,ASW,CE,Combined TRACON& Tower with Radar,2,7,16,0,25,0,3,0,0,3,2,10,16,0,28,0,0,0,28
01/03/2023,LCH,LA,ASW,CE,Combined TRACON& Tower with Radar,5,10,6,0,21,0,0,4,0,4,5,10,10,0,25,16,0,16,41
01/04/2023,LCH,LA,ASW,CE,Combined TRACON& Tower with Radar,5,4,16,2,27,0,20,26,0,46,5,24,42,2,73,0,0,0,73
01/05/2023,LCH,LA,ASW,CE,Combined TRACON& Tower with Radar,5,4,25,2,36,0,13,40,0,53,5,17,65,2,89,6,0,6,95
01/06/2023,LCH,LA,ASW,CE,Combined TRACON& Tower with Radar,5,4,13,8,30,0,15,39,0,54,5,19,52,8,84,18,0,18,102
01/07/2023,LCH,LA,ASW,CE,Combined TRACON& Tower with Radar,5,4,13,0,22,0,8,28,0,36,5,12,41,0,58,20,0,20,78
01/08/2023,LCH,LA,ASW,CE,Combined TRACON& Tower with Radar,5,6,21,0,32,0,0,3,0,3,5,6,24,0,35,0,0,0,35
01/09/2023,LCH,LA,ASW,CE,Combined TRACON& Tower with Radar,5,8,14,0,27,0,14,13,0,27,5,22,27,0,54,0,0,0,54
01/10/2023,LCH,LA,ASW,CE,Combined TRACON& Tower with Radar,5,9,16,0,30,0,16,10,0,26,5,25,26,0,56,22,0,22,78
01/11/2023,LCH,LA,ASW,CE,Combined TRACON& Tower with Radar,5,9,12,5,31,0,4,6,0,10,5,13,18,5,41,0,0,0,41
01/12/2023,LCH,LA,ASW,CE,Combined TRACON& Tower with Radar,5,7,15,5,32,0,8,12,1,21,5,15,27,6,53,10,0,10,63
01/13/2023,LCH,LA,ASW,CE,Combined TRACON& Tower with Radar,5,6,10,0,21,0,11,28,0,39,5,17,38,0,60,0,0,0,60
01/14/2023,LCH,LA,ASW,CE,Combined TRACON& Tower with Radar,4,6,20,0,30,0,8,34,0,42,4,14,54,0,72,15,0,15,87
01/15/2023,LCH,LA,ASW,CE,Combined TRACON& Tower with Radar,3,4,28,0,35,0,1,14,0,15,3,5,42,0,50,22,0,22,72
01/16/2023,LCH,LA,ASW,CE,Combined TRACON& Tower with Radar,5,4,10,0,19,0,12,9,0,21,5,16,19,0,40,0,0,0,40
01/17/2023,LCH,LA,ASW,CE,Combined TRACON& Tower with Radar,5,18,21,0,44,0,1,0,0,1,5,19,21,0,45,0,0,0,45
01/18/2023,LCH,LA,ASW,CE,Combined TRACON& Tower with Radar,5,10,18,0,33,0,5,3,1,9,5,15,21,1,42,0,0,0,42
01/19/2023,LCH,LA,ASW,CE,Combined TRACON& Tower with Radar,5,4,14,0,23,0,13,26,0,39,5,17,40,0,62,0,0,0,62
01/20/2023,LCH,LA,ASW,CE,Combined TRACON& Tower with Radar,5,4,30,2,41,0,18,17,0,35,5,22,47,2,76,20,0,20,96
01/21/2023,LCH,LA,ASW,CE,Combined TRACON& Tower with Radar,5,5,3,0,13,0,0,0,0,0,5,5,3,0,13,0,0,0,13
01/22/2023,LCH,LA,ASW,CE,Combined TRACON& Tower with Radar,5,9,26,3,43,0,2,33,0,35,5,11,59,3,78,6,0,6,84
01/23/2023,LCH,LA,ASW,CE,Combined TRACON& Tower with Radar,5,5,24,0,34,0,12,30,0,42,5,17,54,0,76,16,0,16,92
01/24/2023,LCH,LA,ASW,CE,Combined TRACON& Tower with Radar,5,3,2,0,10,0,2,2,0,4,5,5,4,0,14,0,0,0,14
01/25/2023,LCH,LA,ASW,CE,Combined TRACON& Tower with Radar,5,4,32,0,41,0,7,6,0,13,5,11,38,0,54,28,0,28,82
01/26/2023,LCH,LA,ASW,CE,Combined TRACON& Tower with Radar,5,4,13,2,24,0,24,29,0,53,5,28,42,2,77,0,0,0,77
01/27/2023,LCH,LA,ASW,CE,Combined TRACON& Tower with Radar,5,7,13,1,26,0,13,25,1,39,5,20,38,2,65,0,0,0,65
01/28/2023,LCH,LA,ASW,CE,Combined TRACON& Tower with Radar,5,9,4,0,18,0,3,12,0,15,5,12,16,0,33,0,0,0,33
01/29/2023,LCH,LA,ASW,CE,Combined TRACON& Tower with Radar,7,5,6,0,18,0,0,1,0,1,7,5,7,0,19,0,0,0,19
01/30/2023,LCH,LA,ASW,CE,Combined TRACON& Tower with Radar,3,6,8,0,17,0,0,1,0,1,3,6,9,0,18,0,0,0,18
01/31/2023,LCH,LA,ASW,CE,Combined TRACON& Tower with Radar,2,6,15,0,23,0,0,0,0,0,2,6,15,0,23,0,0,0,23
02/01/2023,LCH,LA,ASW,CE,Combined TRACON& Tower with Radar,0,6,10,0,16,0,0,0,0,0,0,6,10,0,16,0,0,0,16
02/02/2023,LCH,LA,ASW,CE,Combined TRACON& Tower with Radar,2,5,5,0,12,0,0,0,0,0,2,5,5,0,12,36,0,36,48
02/03/2023,LCH,LA,ASW,CE,Combined TRACON& Tower with Radar,5,5,9,4,23,0,14,32,0,46,5,19,41,4,69,0,0,0,69
02/04/2023,LCH,LA,ASW,CE,Combined TRACON& Tower with Radar,5,9,8,0,22,0,19,36,0,55,5,28,44,0,77,70,0,70,147
02/05/2023,LCH,LA,ASW,CE,Combined TRACON& Tower with Radar,5,9,18,0,32,0,16,27,0,43,5,25,45,0,75,33,0,33,108
02/06/2023,LCH,LA,ASW,CE,Combined TRACON& Tower with Radar,5,5,3,0,13,0,11,20,0,31,5,16,23,0,44,20,0,20,64
02/07/2023,LCH,LA,ASW,CE,Combined TRACON& Tower with Radar,5,8,15,2,30,0,18,11,0,29,5,26,26,2,59,16,0,16,75
02/08/2023,LCH,LA,ASW,CE,Combined TRACON& Tower with Radar,5,10,8,0,23,0,1,0,0,1,5,11,8,0,24,0,0,0,24
02/09/2023,LCH,LA,ASW,CE,Combined TRACON& Tower with Radar,5,9,18,0,32,0,10,33,0,43,5,19,51,0,75,36,0,36,111
02/10/2023,LCH,LA,ASW,CE,Combined TRACON& Tower with Radar,5,5,20,1,31,0,15,33,0,48,5,20,53,1,79,53,0,53,132
02/11/2023,LCH,LA,ASW,CE,Combined TRACON& Tower with Radar,5,11,4,0,20,0,1,0,0,1,5,12,4,0,21,22,0,22,43
02/12/2023,LCH,LA,ASW,CE,Combined TRACON& Tower with Radar,5,5,10,0,20,0,4,29,0,33,5,9,39,0,53,46,0,46,99
02/13/2023,LCH,LA,ASW,CE,Combined TRACON& Tower with Radar,5,7,25,4,41,0,12,29,0,41,5,19,54,4,82,52,0,52,134
02/14/2023,LCH,LA,ASW,CE,Combined TRACON& Tower with Radar,5,12,13,2,32,0,6,4,0,10,5,18,17,2,42,0,0,0,42
02/15/2023,LCH,LA,ASW,CE,Combined TRACON& Tower with Radar,5,11,15,2,33,0,2,2,0,4,5,13,17,2,37,0,0,0,37
02/16/2023,LCH,LA,ASW,CE,Combined TRACON& Tower with Radar,5,11,8,0,24,0,1,0,0,1,5,12,8,0,25,30,0,30,55
02/17/2023,LCH,LA,ASW,CE,Combined TRACON& Tower with Radar,5,4,11,0,20,0,14,21,0,35,5,18,32,0,55,0,0,0,55
02/18/2023,LCH,LA,ASW,CE,Combined TRACON& Tower with Radar,5,6,8,0,19,0,5,20,0,25,5,11,28,0,44,27,0,27,71
02/19/2023,LCH,LA,ASW,CE,Combined TRACON& Tower with Radar,5,4,6,0,15,0,5,14,0,19,5,9,20,0,34,8,0,8,42
02/20/2023,LCH,LA,ASW,CE,Combined TRACON& Tower with Radar,5,4,4,0,13,0,5,2,0,7,5,9,6,0,20,60,0,60,80
02/21/2023,LCH,LA,ASW,CE,Combined TRACON& Tower with Radar,5,11,0,0,16,0,5,0,0,5,5,16,0,0,21,1,0,1,22
02/22/2023,LCH,LA,ASW,CE,Combined TRACON& Tower with Radar,5,16,8,0,29,0,1,0,0,1,5,17,8,0,30,0,0,0,30
02/23/2023,LCH,LA,ASW,CE,Combined TRACON& Tower with Radar,5,13,14,0,32,0,6,4,0,10,5,19,18,0,42,0,0,0,42
02/24/2023,LCH,LA,ASW,CE,Combined TRACON& Tower with Radar,5,10,16,0,31,0,1,2,0,3,5,11,18,0,34,0,0,0,34
02/25/2023,LCH,LA,ASW,CE,Combined TRACON& Tower with Radar,5,6,12,0,23,0,1,6,0,7,5,7,18,0,30,44,0,44,74
02/26/2023,LCH,LA,ASW,CE,Combined TRACON& Tower with Radar,5,13,19,0,37,0,11,6,0,17,5,24,25,0,54,35,0,35,89
02/27/2023,LCH,LA,ASW,CE,Combined TRACON& Tower with Radar,5,11,20,0,36,0,3,3,0,6,5,14,23,0,42,1,2,3,45
02/28/2023,LCH,LA,ASW,CE,Combined TRACON& Tower with Radar,5,12,7,12,36,0,5,3,1,9,5,17,10,13,45,32,0,32,77
03/01/2023,LCH,LA,ASW,CE,Combined TRACON& Tower with Radar,5,12,8,0,25,16,8,5,1,30,21,20,13,1,55,0,0,0,55
03/02/2023,LCH,LA,ASW,CE,Combined TRACON& Tower with Radar,4,15,12,0,31,0,2,1,0,3,4,17,13,0,34,2,0,2,36
03/03/2023,LCH,LA,ASW,CE,Combined TRACON& Tower with Radar,5,5,9,1,20,0,8,27,0,35,5,13,36,1,55,10,0,10,65
03/04/2023,LCH,LA,ASW,CE,Combined TRACON& Tower with Radar,5,6,14,0,25,0,4,33,0,37,5,10,47,0,62,28,0,28,90
03/05/2023,LCH,LA,ASW,CE,Combined TRACON& Tower with Radar,5,4,12,0,21,0,6,45,0,51,5,10,57,0,72,16,0,16,88
03/06/2023,LCH,LA,ASW,CE,Combined TRACON& Tower with Radar,7,7,12,0,26,0,3,26,0,29,7,10,38,0,55,20,0,20,75
03/07/2023,LCH,LA,ASW,CE,Combined TRACON& Tower with Radar,5,11,31,2,49,0,3,23,0,26,5,14,54,2,75,13,0,13,88
03/08/2023,LCH,LA,ASW,CE,Combined TRACON& Tower with Radar,5,8,29,0,42,0,12,41,0,53,5,20,70,0,95,26,0,26,121
03/09/2023,LCH,LA,ASW,CE,Combined TRACON& Tower with Radar,3,11,14,1,29,0,16,29,1,46,3,27,43,2,75,18,0,18,93
03/10/2023,LCH,LA,ASW,CE,Combined TRACON& Tower with Radar,5,7,29,0,41,0,0,31,0,31,5,7,60,0,72,10,0,10,82
03/11/2023,LCH,LA,ASW,CE,Combined TRACON& Tower with Radar,5,8,22,0,35,0,4,38,0,42,5,12,60,0,77,28,0,28,105
03/12/2023,LCH,LA,ASW,CE,Combined TRACON& Tower with Radar,5,4,21,0,30,0,5,19,0,24,5,9,40,0,54,15,0,15,69
03/13/2023,LCH,LA,ASW,CE,Combined TRACON& Tower with Radar,5,7,12,0,24,0,10,24,0,34,5,17,36,0,58,0,0,0,58
03/14/2023,LCH,LA,ASW,CE,Combined TRACON& Tower with Radar,5,5,9,2,21,0,25,9,0,34,5,30,18,2,55,0,0,0,55
03/15/2023,LCH,LA,ASW,CE,Combined TRACON& Tower with Radar,5,6,17,2,30,0,20,104,0,124,5,26,121,2,154,81,0,81,235
03/16/2023,LCH,LA,ASW,CE,Combined TRACON& Tower with Radar,4,5,17,0,26,0,6,40,0,46,4,11,57,0,72,28,0,28,100
03/17/2023,LCH,LA,ASW,CE,Combined TRACON& Tower with Radar,3,6,6,0,15,0,4,3,0,7,3,10,9,0,22,0,0,0,22
03/18/2023,LCH,LA,ASW,CE,Combined TRACON& Tower with Radar,5,6,4,0,15,0,0,8,0,8,5,6,12,0,23,0,0,0,23
03/19/2023,LCH,LA,ASW,CE,Combined TRACON& Tower with Radar,5,5,7,0,17,0,6,24,0,30,5,11,31,0,47,0,0,0,47
03/20/2023,LCH,LA,ASW,CE,Combined TRACON& Tower with Radar,5,7,19,0,31,0,13,24,0,37,5,20,43,0,68,0,0,0,68
03/21/2023,LCH,LA,ASW,CE,Combined TRACON& Tower with Radar,5,6,17,0,28,0,19,15,0,34,5,25,32,0,62,0,0,0,62
03/22/2023,LCH,LA,ASW,CE,Combined TRACON& Tower with Radar,5,10,17,0,32,0,13,10,0,23,5,23,27,0,55,0,0,0,55
03/23/2023,LCH,LA,ASW,CE,Combined TRACON& Tower with Radar,5,14,9,0,28,0,5,1,0,6,5,19,10,0,34,0,0,0,34
03/24/2023,LCH,LA,ASW,CE,Combined TRACON& Tower with Radar,7,11,15,0,33,0,0,0,0,0,7,11,15,0,33,0,0,0,33
03/25/2023,LCH,LA,ASW,CE,Combined TRACON& Tower with Radar,5,6,11,0,22,0,7,29,0,36,5,13,40,0,58,0,0,0,58
03/26/2023,LCH,LA,ASW,CE,Combined TRACON& Tower with Radar,5,4,6,0,15,0,3,2,0,5,5,7,8,0,20,0,0,0,20
03/27/2023,LCH,LA,ASW,CE,Combined TRACON& Tower with Radar,5,12,10,0,27,0,1,12,0,13,5,13,22,0,40,0,0,0,40
03/28/2023,LCH,LA,ASW,CE,Combined TRACON& Tower with Radar,5,7,12,0,24,0,5,12,0,17,5,12,24,0,41,10,0,10,51
03/29/2023,LCH,LA,ASW,CE,Combined TRACON& Tower with Radar,5,4,14,1,24,0,19,27,1,47,5,23,41,2,71,6,0,6,77
03/30/2023,LCH,LA,ASW,CE,Combined TRACON& Tower with Radar,5,7,22,0,34,0,8,10,0,18,5,15,32,0,52,0,0,0,52
03/31/2023,LCH,LA,ASW,CE,Combined TRACON& Tower with Radar,5,7,9,0,21,0,2,3,0,5,5,9,12,0,26,0,0,0,26
04/01/2023,LCH,LA,ASW,CE,Combined TRACON& Tower with Radar,5,5,7,0,17,0,10,31,0,41,5,15,38,0,58,36,0,36,94
04/02/2023,LCH,LA,ASW,CE,Combined TRACON& Tower with Radar,5,6,15,2,28,0,0,8,0,8,5,6,23,2,36,18,0,18,54
04/03/2023,LCH,LA,ASW,CE,Combined TRACON& Tower with Radar,4,11,11,0,26,0,12,6,0,18,4,23,17,0,44,0,0,0,44
04/04/2023,LCH,LA,ASW,CE,Combined TRACON& Tower with Radar,5,14,12,2,33,0,7,7,0,14,5,21,19,2,47,0,0,0,47
04/05/2023,LCH,LA,ASW,CE,Combined TRACON& Tower with Radar,5,18,7,0,30,0,2,1,0,3,5,20,8,0,33,0,0,0,33
04/06/2023,LCH,LA,ASW,CE,Combined TRACON& Tower with Radar,5,10,4,0,19,0,0,0,0,0,5,10,4,0,19,0,0,0,19
04/07/2023,LCH,LA,ASW,CE,Combined TRACON& Tower with Radar,4,10,2,0,16,0,0,0,0,0,4,10,2,0,16,0,0,0,16
04/08/2023,LCH,LA,ASW,CE,Combined TRACON& Tower with Radar,5,8,8,0,21,0,0,0,0,0,5,8,8,0,21,0,0,0,21
04/09/2023,LCH,LA,ASW,CE,Combined TRACON& Tower with Radar,3,8,7,0,18,0,0,1,0,1,3,8,8,0,19,0,0,0,19
04/10/2023,LCH,LA,ASW,CE,Combined TRACON& Tower with Radar,5,8,17,2,32,0,13,21,0,34,5,21,38,2,66,27,0,27,93
04/11/2023,LCH,LA,ASW,CE,Combined TRACON& Tower with Radar,5,6,16,0,27,0,12,22,0,34,5,18,38,0,61,16,0,16,77
04/12/2023,LCH,LA,ASW,CE,Combined TRACON& Tower with Radar,5,8,8,4,25,0,13,28,2,43,5,21,36,6,68,0,0,0,68
04/13/2023,LCH,LA,ASW,CE,Combined TRACON& Tower with Radar,5,6,17,0,28,0,18,12,0,30,5,24,29,0,58,0,0,0,58
04/14/2023,LCH,LA,ASW,CE,Combined TRACON& Tower with Radar,5,5,15,2,27,0,7,12,0,19,5,12,27,2,46,32,0,32,78
04/15/2023,LCH,LA,ASW,CE,Combined TRACON& Tower with Radar,5,4,8,0,17,0,0,0,0,0,5,4,8,0,17,1,0,1,18
04/16/2023,LCH,LA,ASW,CE,Combined TRACON& Tower with Radar,3,6,14,0,23,0,7,29,0,36,3,13,43,0,59,0,0,0,59
04/17/2023,LCH,LA,ASW,CE,Combined TRACON& Tower with Radar,8,4,14,0,26,0,20,22,0,42,8,24,36,0,68,0,0,0,68
04/18/2023,LCH,LA,ASW,CE,Combined TRACON& Tower with Radar,5,9,8,0,22,0,14,13,0,27,5,23,21,0,49,1,0,1,50
04/19/2023,LCH,LA,ASW,CE,Combined TRACON& Tower with Radar,5,8,11,0,24,0,19,18,0,37,5,27,29,0,61,0,0,0,61
04/20/2023,LCH,LA,ASW,CE,Combined TRACON& Tower with Radar,2,6,12,0,20,0,16,10,0,26,2,22,22,0,46,6,0,6,52
04/21/2023,LCH,LA,ASW,CE,Combined TRACON& Tower with Radar,5,9,16,0,30,0,8,8,0,16,5,17,24,0,46,28,0,28,74
04/22/2023,LCH,LA,ASW,CE,Combined TRACON& Tower with Radar,5,7,7,0,19,0,16,36,0,52,5,23,43,0,71,6,0,6,77
04/23/2023,LCH,LA,ASW,CE,Combined TRACON& Tower with Radar,5,4,8,0,17,0,4,16,0,20,5,8,24,0,37,30,0,30,67
04/24/2023,LCH,LA,ASW,CE,Combined TRACON& Tower with Radar,5,10,12,0,27,0,14,21,0,35,5,24,33,0,62,52,0,52,114
04/25/2023,LCH,LA,ASW,CE,Combined TRACON& Tower with Radar,5,5,12,0,22,0,16,19,0,35,5,21,31,0,57,20,0,20,77
04/26/2023,LCH,LA,ASW,CE,Combined TRACON& Tower with Radar,3,6,22,0,31,0,22,9,0,31,3,28,31,0,62,10,0,10,72
04/27/2023,LCH,LA,ASW,CE,Combined TRACON& Tower with Radar,5,4,7,0,16,0,12,4,0,16,5,16,11,0,32,54,0,54,86
04/28/2023,LCH,LA,ASW,CE,Combined TRACON& Tower with Radar,5,7,11,2,25,0,28,30,2,60,5,35,41,4,85,14,0,14,99
04/29/2023,LCH,LA,ASW,CE,Combined TRACON& Tower with Radar,5,4,2,0,11,0,5,4,0,9,5,9,6,0,20,0,0,0,20
04/30/2023,LCH,LA,ASW,CE,Combined TRACON& Tower with Radar,5,8,7,0,20,0,7,14,2,23,5,15,21,2,43,1,0,1,44
05/01/2023,LCH,LA,ASW,CE,Combined TRACON& Tower with Radar,5,4,9,2,20,0,27,31,0,58,5,31,40,2,78,25,0,25,103
05/02/2023,LCH,LA,ASW,CE,Combined TRACON& Tower with Radar,5,11,17,0,33,0,21,30,0,51,5,32,47,0,84,20,0,20,104
05/03/2023,LCH,LA,ASW,CE,Combined TRACON& Tower with Radar,5,4,12,0,21,0,11,28,0,39,5,15,40,0,60,0,0,0,60
05/04/2023,LCH,LA,ASW,CE,Combined TRACON& Tower with Radar,5,4,11,2,22,0,11,17,0,28,5,15,28,2,50,12,0,12,62
05/05/2023,LCH,LA,ASW,CE,Combined TRACON& Tower with Radar,5,8,18,6,37,0,8,6,0,14,5,16,24,6,51,13,0,13,64
05/06/2023,LCH,LA,ASW,CE,Combined TRACON& Tower with Radar,5,8,19,0,32,0,4,6,0,10,5,12,25,0,42,0,0,0,42
05/07/2023,LCH,LA,ASW,CE,Combined TRACON& Tower with Radar,5,5,28,0,38,0,2,0,0,2,5,7,28,0,40,27,0,27,67
05/08/2023,LCH,LA,ASW,CE,Combined TRACON& Tower with Radar,5,13,11,0,29,0,1,4,0,5,5,14,15,0,34,10,0,10,44
05/09/2023,LCH,LA,ASW,CE,Combined TRACON& Tower with Radar,5,8,9,0,22,0,1,0,0,1,5,9,9,0,23,0,0,0,23
05/10/2023,LCH,LA,ASW,CE,Combined TRACON& Tower with Radar,5,13,7,0,25,0,0,0,0,0,5,13,7,0,25,0,0,0,25
05/11/2023,LCH,LA,ASW,CE,Combined TRACON& Tower with Radar,5,12,14,0,31,0,4,3,1,8,5,16,17,1,39,12,0,12,51
05/12/2023,LCH,LA,ASW,CE,Combined TRACON& Tower with Radar,5,11,16,2,34,0,7,14,0,21,5,18,30,2,55,19,0,19,74
05/13/2023,LCH,LA,ASW,CE,Combined TRACON& Tower with Radar,5,5,7,0,17,0,6,10,0,16,5,11,17,0,33,12,0,12,45
05/14/2023,LCH,LA,ASW,CE,Combined TRACON& Tower with Radar,7,2,18,0,27,0,3,10,0,13,7,5,28,0,40,0,0,0,40
05/15/2023,LCH,LA,ASW,CE,Combined TRACON& Tower with Radar,5,7,17,0,29,0,13,8,0,21,5,20,25,0,50,28,0,28,78
05/16/2023,LCH,LA,ASW,CE,Combined TRACON& Tower with Radar,6,7,20,0,33,0,16,30,0,46,6,23,50,0,79,26,0,26,105
05/17/2023,LCH,LA,ASW,CE,Combined TRACON& Tower with Radar,5,5,11,0,21,0,19,24,0,43,5,24,35,0,64,48,0,48,112
05/18/2023,LCH,LA,ASW,CE,Combined TRACON& Tower with Radar,5,8,12,6,31,0,22,21,0,43,5,30,33,6,74,14,0,14,88
05/19/2023,LCH,LA,ASW,CE,Combined TRACON& Tower with Radar,3,7,17,4,31,0,21,23,4,48,3,28,40,8,79,25,0,25,104
05/20/2023,LCH,LA,ASW,CE,Combined TRACON& Tower with Radar,5,4,8,0,17,0,8,13,5,26,5,12,21,5,43,8,0,8,51
05/21/2023,LCH,LA,ASW,CE,Combined TRACON& Tower with Radar,5,7,11,2,25,0,6,21,1,28,5,13,32,3,53,20,0,20,73
05/22/2023,LCH,LA,ASW,CE,Combined TRACON& Tower with Radar,5,6,13,0,24,0,18,28,0,46,5,24,41,0,70,0,0,0,70
05/23/2023,LCH,LA,ASW,CE,Combined TRACON& Tower with Radar,5,11,13,12,41,0,22,37,0,59,5,33,50,12,100,12,0,12,112
05/24/2023,LCH,LA,ASW,CE,Combined TRACON& Tower with Radar,5,9,18,0,32,0,28,22,0,50,5,37,40,0,82,50,0,50,132
05/25/2023,LCH,LA,ASW,CE,Combined TRACON& Tower with Radar,5,6,10,0,21,0,25,17,0,42,5,31,27,0,63,8,0,8,71
05/26/2023,LCH,LA,ASW,CE,Combined TRACON& Tower with Radar,5,10,11,0,26,0,15,15,0,30,5,25,26,0,56,6,0,6,62
05/27/2023,LCH,LA,ASW,CE,Combined TRACON& Tower with Radar,5,4,6,0,15,0,13,19,0,32,5,17,25,0,47,16,0,16,63
05/28/2023,LCH,LA,ASW,CE,Combined TRACON& Tower with Radar,5,4,4,0,13,0,13,16,0,29,5,17,20,0,42,26,0,26,68
05/29/2023,LCH,LA,ASW,CE,Combined TRACON& Tower with Radar,5,9,5,0,19,0,8,23,1,32,5,17,28,1,51,8,0,8,59
05/30/2023,LCH,LA,ASW,CE,Combined TRACON& Tower with Radar,5,4,10,0,19,0,18,20,0,38,5,22,30,0,57,6,0,6,63
05/31/2023,LCH,LA,ASW,CE,Combined TRACON& Tower with Radar,5,6,10,5,26,0,20,17,0,37,5,26,27,5,63,50,0,50,113
06/01/2023,LCH,LA,ASW,CE,Combined TRACON& Tower with Radar,5,5,24,0,34,0,11,29,0,40,5,16,53,0,74,30,0,30,104
06/02/2023,LCH,LA,ASW,CE,Combined TRACON& Tower with Radar,5,6,15,0,26,0,18,14,0,32,5,24,29,0,58,8,0,8,66
06/03/2023,LCH,LA,ASW,CE,Combined TRACON& Tower with Radar,5,7,12,0,24,0,6,16,0,22,5,13,28,0,46,8,0,8,54
06/04/2023,LCH,LA,ASW,CE,Combined TRACON& Tower with Radar,5,6,13,0,24,0,5,8,0,13,5,11,21,0,37,2,0,2,39
06/05/2023,LCH,LA,ASW,CE,Combined TRACON& Tower with Radar,5,8,21,0,34,0,9,28,0,37,5,17,49,0,71,10,0,10,81
06/06/2023,LCH,LA,ASW,CE,Combined TRACON& Tower with Radar,3,7,12,0,22,0,11,33,0,44,3,18,45,0,66,18,0,18,84
06/07/2023,LCH,LA,ASW,CE,Combined TRACON& Tower with Radar,3,8,13,0,24,0,19,21,0,40,3,27,34,0,64,0,0,0,64
06/08/2023,LCH,LA,ASW,CE,Combined TRACON& Tower with Radar,5,7,14,0,26,0,13,17,0,30,5,20,31,0,56,6,0,6,62
06/09/2023,LCH,LA,ASW,CE,Combined TRACON& Tower with Radar,5,8,16,5,34,0,13,18,0,31,5,21,34,5,65,54,0,54,119
06/10/2023,LCH,LA,ASW,CE,Combined TRACON& Tower with Radar,3,7,4,4,18,0,5,6,0,11,3,12,10,4,29,0,0,0,29
06/11/2023,LCH,LA,ASW,CE,Combined TRACON& Tower with Radar,5,9,15,0,29,0,11,14,0,25,5,20,29,0,54,10,0,10,64
06/12/2023,LCH,LA,ASW,CE,Combined TRACON& Tower with Radar,5,9,9,0,23,0,21,4,0,25,5,30,13,0,48,24,0,24,72
06/13/2023,LCH,LA,ASW,CE,Combined TRACON& Tower with Radar,3,6,12,0,21,0,20,25,0,45,3,26,37,0,66,32,0,32,98
06/14/2023,LCH,LA,ASW,CE,Combined TRACON& Tower with Radar,3,7,16,0,26,0,21,12,0,33,3,28,28,0,59,20,0,20,79
06/15/2023,LCH,LA,ASW,CE,Combined TRACON& Tower with Radar,5,10,10,2,27,0,12,15,4,31,5,22,25,6,58,14,0,14,72
06/16/2023,LCH,LA,ASW,CE,Combined TRACON& Tower with Radar,3,8,16,4,31,0,10,29,0,39,3,18,45,4,70,18,0,18,88
06/17/2023,LCH,LA,ASW,CE,Combined TRACON& Tower with Radar,5,7,11,0,23,0,13,26,0,39,5,20,37,0,62,10,0,10,72
06/18/2023,LCH,LA,ASW,CE,Combined TRACON& Tower with Radar,5,7,10,0,22,0,3,13,0,16,5,10,23,0,38,26,0,26,64
06/19/2023,LCH,LA,ASW,CE,Combined TRACON& Tower with Radar,5,6,20,2,33,0,11,22,0,33,5,17,42,2,66,2,0,2,68
06/20/2023,LCH,LA,ASW,CE,Combined TRACON& Tower with Radar,3,6,20,0,29,0,17,9,0,26,3,23,29,0,55,24,0,24,79
06/21/2023,LCH,LA,ASW,CE,Combined TRACON& Tower with Radar,3,6,10,0,19,0,21,10,0,31,3,27,20,0,50,39,0,39,89
06/22/2023,LCH,LA,ASW,CE,Combined TRACON& Tower with Radar,5,8,8,0,21,0,17,10,0,27,5,25,18,0,48,0,0,0,48
06/23/2023,LCH,LA,ASW,CE,Combined TRACON& Tower with Radar,5,6,10,0,21,0,7,13,0,20,5,13,23,0,41,0,0,0,41
06/24/2023,LCH,LA,ASW,CE,Combined TRACON& Tower with Radar,5,8,12,6,31,0,6,10,0,16,5,14,22,6,47,0,0,0,47
06/25/2023,LCH,LA,ASW,CE,Combined TRACON& Tower with Radar,5,6,12,0,23,0,11,25,0,36,5,17,37,0,59,46,0,46,105
06/26/2023,LCH,LA,ASW,CE,Combined TRACON& Tower with Radar,5,11,10,0,26,0,18,22,1,41,5,29,32,1,67,56,0,56,123
06/27/2023,LCH,LA,ASW,CE,Combined TRACON& Tower with Radar,3,12,14,2,31,0,16,25,0,41,3,28,39,2,72,36,0,36,108
06/28/2023,LCH,LA,ASW,CE,Combined TRACON& Tower with Radar,3,8,23,0,34,0,22,19,0,41,3,30,42,0,75,28,0,28,103
06/29/2023,LCH,LA,ASW,CE,Combined TRACON& Tower with Radar,5,7,20,0,32,0,16,37,0,53,5,23,57,0,85,8,0,8,93
06/30/2023,LCH,LA,ASW,CE,Combined TRACON& Tower with Radar,5,8,19,0,32,0,13,24,0,37,5,21,43,0,69,32,0,32,101
07/01/2023,LCH,LA,ASW,CE,Combined TRACON& Tower with Radar,5,6,9,0,20,0,12,19,0,31,5,18,28,0,51,23,0,23,74
07/02/2023,LCH,LA,ASW,CE,Combined TRACON& Tower with Radar,5,6,14,0,25,0,0,12,0,12,5,6,26,0,37,6,0,6,43
07/03/2023,LCH,LA,ASW,CE,Combined TRACON& Tower with Radar,5,7,15,0,27,0,21,36,0,57,5,28,51,0,84,44,0,44,128
07/04/2023,LCH,LA,ASW,CE,Combined TRACON& Tower with Radar,3,4,0,0,7,0,8,19,0,27,3,12,19,0,34,12,0,12,46
07/05/2023,LCH,LA,ASW,CE,Combined TRACON& Tower with Radar,3,6,18,0,27,0,15,22,0,37,3,21,40,0,64,14,0,14,78
07/06/2023,LCH,LA,ASW,CE,Combined TRACON& Tower with Radar,7,8,9,0,24,0,10,14,0,24,7,18,23,0,48,18,0,18,66
07/07/2023,LCH,LA,ASW,CE,Combined TRACON& Tower with Radar,6,10,7,0,23,0,13,26,1,40,6,23,33,1,63,34,0,34,97
07/08/2023,LCH,LA,ASW,CE,Combined TRACON& Tower with Radar,5,10,6,0,21,0,2,6,0,8,5,12,12,0,29,0,0,0,29
07/09/2023,LCH,LA,ASW,CE,Combined TRACON& Tower with Radar,5,8,9,0,22,0,4,24,0,28,5,12,33,0,50,0,0,0,50
07/10/2023,LCH,LA,ASW,CE,Combined TRACON& Tower with Radar,5,9,8,0,22,0,16,11,0,27,5,25,19,0,49,0,0,0,49
07/11/2023,LCH,LA,ASW,CE,Combined TRACON& Tower with Radar,3,8,7,0,18,0,14,21,0,35,3,22,28,0,53,0,0,0,53
07/12/2023,LCH,LA,ASW,CE,Combined TRACON& Tower with Radar,3,7,29,0,39,0,13,17,0,30,3,20,46,0,69,0,0,0,69
07/13/2023,LCH,LA,ASW,CE,Combined TRACON& Tower with Radar,5,6,15,0,26,0,18,11,0,29,5,24,26,0,55,0,0,0,55
07/14/2023,LCH,LA,ASW,CE,Combined TRACON& Tower with Radar,5,10,4,4,23,0,12,9,0,21,5,22,13,4,44,0,0,0,44
07/15/2023,LCH,LA,ASW,CE,Combined TRACON& Tower with Radar,7,9,7,1,24,0,8,30,1,39,7,17,37,2,63,0,0,0,63
07/16/2023,LCH,LA,ASW,CE,Combined TRACON& Tower with Radar,6,6,7,0,19,0,5,11,0,16,6,11,18,0,35,0,0,0,35
07/17/2023,LCH,LA,ASW,CE,Combined TRACON& Tower with Radar,5,7,15,0,27,0,14,20,0,34,5,21,35,0,61,0,0,0,61
07/18/2023,LCH,LA,ASW,CE,Combined TRACON& Tower with Radar,3,6,13,0,22,0,20,28,0,48,3,26,41,0,70,0,0,0,70
07/19/2023,LCH,LA,ASW,CE,Combined TRACON& Tower with Radar,3,6,9,2,20,0,17,20,0,37,3,23,29,2,57,0,0,0,57
07/20/2023,LCH,LA,ASW,CE,Combined TRACON& Tower with Radar,5,6,9,4,24,0,19,23,0,42,5,25,32,4,66,0,0,0,66
07/21/2023,LCH,LA,ASW,CE,Combined TRACON& Tower with Radar,5,6,13,0,24,0,15,40,0,55,5,21,53,0,79,0,0,0,79
07/22/2023,LCH,LA,ASW,CE,Combined TRACON& Tower with Radar,5,8,3,0,16,0,3,15,0,18,5,11,18,0,34,0,0,0,34
07/23/2023,LCH,LA,ASW,CE,Combined TRACON& Tower with Radar,5,7,4,0,16,0,2,19,0,21,5,9,23,0,37,0,0,0,37
07/24/2023,LCH,LA,ASW,CE,Combined TRACON& Tower with Radar,5,8,16,0,29,0,6,11,0,17,5,14,27,0,46,0,0,0,46
07/25/2023,LCH,LA,ASW,CE,Combined TRACON& Tower with Radar,3,6,19,0,28,0,20,16,0,36,3,26,35,0,64,0,0,0,64
07/26/2023,LCH,LA,ASW,CE,Combined TRACON& Tower with Radar,3,10,24,0,37,0,22,9,0,31,3,32,33,0,68,0,0,0,68
07/27/2023,LCH,LA,ASW,CE,Combined TRACON& Tower with Radar,5,8,35,2,50,0,14,16,0,30,5,22,51,2,80,0,0,0,80
07/28/2023,LCH,LA,ASW,CE,Combined TRACON& Tower with Radar,5,8,20,6,39,0,10,13,0,23,5,18,33,6,62,0,0,0,62
07/29/2023,LCH,LA,ASW,CE,Combined TRACON& Tower with Radar,4,9,16,0,29,0,15,19,0,34,4,24,35,0,63,0,0,0,63
07/30/2023,LCH,LA,ASW,CE,Combined TRACON& Tower with Radar,5,8,13,0,26,0,8,6,0,14,5,16,19,0,40,0,0,0,40
07/31/2023,LCH,LA,ASW,CE,Combined TRACON& Tower with Radar,5,10,10,0,25,0,13,5,0,18,5,23,15,0,43,0,0,0,43
08/01/2023,LCH,LA,ASW,CE,Combined TRACON& Tower with Radar,3,7,15,0,25,0,16,18,0,34,3,23,33,0,59,0,0,0,59
08/02/2023,LCH,LA,ASW,CE,Combined TRACON& Tower with Radar,3,7,9,0,19,0,13,10,0,23,3,20,19,0,42,0,0,0,42
08/03/2023,LCH,LA,ASW,CE,Combined TRACON& Tower with Radar,5,8,12,0,25,0,21,8,0,29,5,29,20,0,54,0,0,0,54
08/04/2023,LCH,LA,ASW,CE,Combined TRACON& Tower with Radar,5,6,14,0,25,0,12,6,0,18,5,18,20,0,43,0,0,0,43
08/05/2023,LCH,LA,ASW,CE,Combined TRACON& Tower with Radar,5,4,5,0,14,0,6,8,0,14,5,10,13,0,28,0,0,0,28
08/06/2023,LCH,LA,ASW,CE,Combined TRACON& Tower with Radar,5,5,10,0,20,0,6,4,0,10,5,11,14,0,30,0,0,0,30
08/07/2023,LCH,LA,ASW,CE,Combined TRACON& Tower with Radar,5,4,12,0,21,0,11,2,0,13,5,15,14,0,34,0,0,0,34
08/08/2023,LCH,LA,ASW,CE,Combined TRACON& Tower with Radar,5,6,17,0,28,0,13,7,0,20,5,19,24,0,48,0,0,0,48
08/09/2023,LCH,LA,ASW,CE,Combined TRACON& Tower with Radar,5,4,17,0,26,0,20,20,0,40,5,24,37,0,66,0,0,0,66
08/10/2023,LCH,LA,ASW,CE,Combined TRACON& Tower with Radar,7,5,11,0,23,0,16,6,0,22,7,21,17,0,45,0,0,0,45
08/11/2023,LCH,LA,ASW,CE,Combined TRACON& Tower with Radar,5,5,17,0,27,0,16,10,1,27,5,21,27,1,54,0,0,0,54
08/12/2023,LCH,LA,ASW,CE,Combined TRACON& Tower with Radar,5,5,21,0,31,0,3,11,0,14,5,8,32,0,45,0,0,0,45
08/13/2023,LCH,LA,ASW,CE,Combined TRACON& Tower with Radar,5,4,15,0,24,0,4,11,0,15,5,8,26,0,39,0,0,0,39
08/14/2023,LCH,LA,ASW,CE,Combined TRACON& Tower with Radar,4,4,17,4,29,0,15,12,0,27,4,19,29,4,56,0,0,0,56
08/15/2023,LCH,LA,ASW,CE,Combined TRACON& Tower with Radar,5,10,16,0,31,0,11,20,1,32,5,21,36,1,63,0,0,0,63
08/16/2023,LCH,LA,ASW,CE,Combined TRACON& Tower with Radar,5,5,27,0,37,0,22,16,0,38,5,27,43,0,75,0,0,0,75
08/17/2023,LCH,LA,ASW,CE,Combined TRACON& Tower with Radar,5,5,14,0,24,0,14,13,0,27,5,19,27,0,51,0,0,0,51
08/18/2023,LCH,LA,ASW,CE,Combined TRACON& Tower with Radar,5,8,15,2,30,0,7,25,0,32,5,15,40,2,62,0,0,0,62
08/19/2023,LCH,LA,ASW,CE,Combined TRACON& Tower with Radar,5,7,19,0,31,0,3,16,0,19,5,10,35,0,50,0,0,0,50
08/20/2023,LCH,LA,ASW,CE,Combined TRACON& Tower with Radar,5,10,14,0,29,0,10,13,0,23,5,20,27,0,52,0,0,0,52
08/21/2023,LCH,LA,ASW,CE,Combined TRACON& Tower with Radar,5,5,17,0,27,0,8,8,0,16,5,13,25,0,43,0,0,0,43
08/22/2023,LCH,LA,ASW,CE,Combined TRACON& Tower with Radar,5,4,19,0,28,0,10,12,0,22,5,14,31,0,50,0,0,0,50
08/23/2023,LCH,LA,ASW,CE,Combined TRACON& Tower with Radar,5,4,11,4,24,0,14,14,0,28,5,18,25,4,52,0,0,0,52
08/24/2023,LCH,LA,ASW,CE,Combined TRACON& Tower with Radar,5,5,21,0,31,0,9,11,0,20,5,14,32,0,51,0,0,0,51
08/25/2023,LCH,LA,ASW,CE,Combined TRACON& Tower with Radar,5,9,29,4,47,0,11,29,0,40,5,20,58,4,87,0,0,0,87
08/26/2023,LCH,LA,ASW,CE,Combined TRACON& Tower with Radar,5,6,25,0,36,0,2,15,0,17,5,8,40,0,53,0,0,0,53
08/27/2023,LCH,LA,ASW,CE,Combined TRACON& Tower with Radar,5,5,25,0,35,0,1,9,0,10,5,6,34,0,45,0,0,0,45
08/28/2023,LCH,LA,ASW,CE,Combined TRACON& Tower with Radar,5,9,11,0,25,0,18,12,0,30,5,27,23,0,55,0,0,0,55
08/29/2023,LCH,LA,ASW,CE,Combined TRACON& Tower with Radar,5,4,16,0,25,0,11,19,0,30,5,15,35,0,55,0,0,0,55
08/30/2023,LCH,LA,ASW,CE,Combined TRACON& Tower with Radar,5,9,17,0,31,0,11,14,0,25,5,20,31,0,56,0,0,0,56
08/31/2023,LCH,LA,ASW,CE,Combined TRACON& Tower with Radar,5,6,23,2,36,0,14,15,0,29,5,20,38,2,65,0,0,0,65
