01/01/2000,LEB,NH,ANE,EN,Federal Contract Tower,0,3,4,0,7,0,3,25,0,28,0,6,29,0,35,36,0,36,71
01/02/2000,LEB,NH,ANE,EN,Federal Contract Tower,0,6,8,0,14,0,1,1,0,2,0,7,9,0,16,0,0,0,16
01/03/2000,LEB,NH,ANE,EN,Federal Contract Tower,0,8,9,0,17,0,5,7,0,12,0,13,16,0,29,32,0,32,61
01/04/2000,LEB,NH,ANE,EN,Federal Contract Tower,0,7,3,0,10,0,6,0,0,6,0,13,3,0,16,0,0,0,16
01/05/2000,LEB,NH,ANE,EN,Federal Contract Tower,0,8,8,0,16,0,2,46,0,48,0,10,54,0,64,38,0,38,102
01/06/2000,LEB,NH,ANE,EN,Federal Contract Tower,0,10,9,0,19,0,0,44,0,44,0,10,53,0,63,68,0,68,131
01/07/2000,LEB,NH,ANE,EN,Federal Contract Tower,0,8,9,0,17,0,0,18,0,18,0,8,27,0,35,26,6,32,67
01/08/2000,LEB,NH,ANE,EN,Federal Contract Tower,0,8,7,0,15,0,0,52,0,52,0,8,59,0,67,154,0,154,221
01/09/2000,LEB,NH,ANE,EN,Federal Contract Tower,0,5,8,0,13,0,0,64,0,64,0,5,72,0,77,52,0,52,129
01/10/2000,LEB,NH,ANE,EN,Federal Contract Tower,0,8,6,0,14,0,3,0,0,3,0,11,6,0,17,12,0,12,29
01/11/2000,LEB,NH,ANE,EN,Federal Contract Tower,0,8,6,0,14,0,1,6,0,7,0,9,12,0,21,6,0,6,27
01/12/2000,LEB,NH,ANE,EN,Federal Contract Tower,0,7,7,0,14,0,0,31,0,31,0,7,38,0,45,42,0,42,87
01/13/2000,LEB,NH,ANE,EN,Federal Contract Tower,0,8,5,0,13,0,1,0,0,1,0,9,5,0,14,0,0,0,14
01/14/2000,LEB,NH,ANE,EN,Federal Contract Tower,0,11,8,0,19,0,0,15,0,15,0,11,23,0,34,12,0,12,46
01/15/2000,LEB,NH,ANE,EN,Federal Contract Tower,0,7,5,0,12,0,5,32,0,37,0,12,37,0,49,32,0,32,81
01/16/2000,LEB,NH,ANE,EN,Federal Contract Tower,0,5,4,0,9,0,0,1,0,1,0,5,5,0,10,0,0,0,10
01/17/2000,LEB,NH,ANE,EN,Federal Contract Tower,0,11,9,0,20,0,0,3,0,3,0,11,12,0,23,0,0,0,23
01/18/2000,LEB,NH,ANE,EN,Federal Contract Tower,0,7,5,0,12,0,1,44,0,45,0,8,49,0,57,158,0,158,215
01/19/2000,LEB,NH,ANE,EN,Federal Contract Tower,0,10,11,0,21,0,0,75,2,77,0,10,86,2,98,190,0,190,288
01/20/2000,LEB,NH,ANE,EN,Federal Contract Tower,0,7,5,0,12,0,0,0,0,0,0,7,5,0,12,0,0,0,12
01/21/2000,LEB,NH,ANE,EN,Federal Contract Tower,0,7,7,0,14,0,0,2,0,2,0,7,9,0,16,0,0,0,16
01/22/2000,LEB,NH,ANE,EN,Federal Contract Tower,0,5,3,0,8,0,3,1,0,4,0,8,4,0,12,2,0,2,14
01/23/2000,LEB,NH,ANE,EN,Federal Contract Tower,0,5,4,0,9,0,0,9,0,9,0,5,13,0,18,28,0,28,46
01/24/2000,LEB,NH,ANE,EN,Federal Contract Tower,0,9,7,0,16,0,0,19,0,19,0,9,26,0,35,46,0,46,81
01/25/2000,LEB,NH,ANE,EN,Federal Contract Tower,0,0,0,0,0,0,0,4,0,4,0,0,4,0,4,14,0,14,18
01/26/2000,LEB,NH,ANE,EN,Federal Contract Tower,0,6,4,0,10,0,0,3,0,3,0,6,7,0,13,22,0,22,35
01/27/2000,LEB,NH,ANE,EN,Federal Contract Tower,0,18,14,0,32,0,0,13,0,13,0,18,27,0,45,18,0,18,63
01/28/2000,LEB,NH,ANE,EN,Federal Contract Tower,0,14,11,0,25,0,0,24,0,24,0,14,35,0,49,16,0,16,65
01/29/2000,LEB,NH,ANE,EN,Federal Contract Tower,0,7,5,0,12,0,0,61,0,61,0,7,66,0,73,50,0,50,123
01/30/2000,LEB,NH,ANE,EN,Federal Contract Tower,0,7,8,0,15,0,0,59,0,59,0,7,67,0,74,72,0,72,146
01/31/2000,LEB,NH,ANE,EN,Federal Contract Tower,0,6,7,0,13,0,0,6,0,6,0,6,13,0,19,0,0,0,19
02/01/2000,LEB,NH,ANE,EN,Federal Contract Tower,0,9,9,0,18,0,2,10,0,12,0,11,19,0,30,26,0,26,56
02/02/2000,LEB,NH,ANE,EN,Federal Contract Tower,0,9,9,0,18,0,0,20,2,22,0,9,29,2,40,26,0,26,66
02/03/2000,LEB,NH,ANE,EN,Federal Contract Tower,0,14,13,0,27,0,0,45,1,46,0,14,58,1,73,60,4,64,137
02/04/2000,LEB,NH,ANE,EN,Federal Contract Tower,0,13,16,0,29,0,0,50,0,50,0,13,66,0,79,78,0,78,157
02/05/2000,LEB,NH,ANE,EN,Federal Contract Tower,0,6,6,0,12,0,3,51,2,56,0,9,57,2,68,152,0,152,220
02/06/2000,LEB,NH,ANE,EN,Federal Contract Tower,0,9,9,0,18,0,0,14,2,16,0,9,23,2,34,0,0,0,34
02/07/2000,LEB,NH,ANE,EN,Federal Contract Tower,0,7,9,0,16,0,0,12,0,12,0,7,21,0,28,0,0,0,28
02/08/2000,LEB,NH,ANE,EN,Federal Contract Tower,0,5,6,0,11,0,4,23,0,27,0,9,29,0,38,32,2,34,72
02/09/2000,LEB,NH,ANE,EN,Federal Contract Tower,0,7,8,0,15,0,4,14,0,18,0,11,22,0,33,56,0,56,89
02/10/2000,LEB,NH,ANE,EN,Federal Contract Tower,0,11,14,0,25,0,0,16,0,16,0,11,30,0,41,46,0,46,87
02/11/2000,LEB,NH,ANE,EN,Federal Contract Tower,0,7,14,0,21,0,0,5,0,5,0,7,19,0,26,0,0,0,26
02/12/2000,LEB,NH,ANE,EN,Federal Contract Tower,0,8,10,0,18,0,1,49,0,50,0,9,59,0,68,54,0,54,122
02/13/2000,LEB,NH,ANE,EN,Federal Contract Tower,0,6,9,0,15,0,0,53,0,53,0,6,62,0,68,64,0,64,132
02/14/2000,LEB,NH,ANE,EN,Federal Contract Tower,0,6,6,0,12,0,3,0,0,3,0,9,6,0,15,0,0,0,15
02/15/2000,LEB,NH,ANE,EN,Federal Contract Tower,0,9,11,0,20,0,0,11,0,11,0,9,22,0,31,34,0,34,65
02/16/2000,LEB,NH,ANE,EN,Federal Contract Tower,0,9,9,0,18,0,1,0,0,1,0,10,9,0,19,6,0,6,25
02/17/2000,LEB,NH,ANE,EN,Federal Contract Tower,0,9,11,0,20,0,0,35,0,35,0,9,46,0,55,68,0,68,123
02/18/2000,LEB,NH,ANE,EN,Federal Contract Tower,0,3,5,0,8,0,0,1,0,1,0,3,6,0,9,14,0,14,23
02/19/2000,LEB,NH,ANE,EN,Federal Contract Tower,0,8,8,0,16,0,1,0,0,1,0,9,8,0,17,0,0,0,17
02/20/2000,LEB,NH,ANE,EN,Federal Contract Tower,0,5,8,0,13,0,0,7,0,7,0,5,15,0,20,60,0,60,80
02/21/2000,LEB,NH,ANE,EN,Federal Contract Tower,0,9,12,0,21,0,0,56,0,56,0,9,68,0,77,150,0,150,227
02/22/2000,LEB,NH,ANE,EN,Federal Contract Tower,0,5,6,0,11,0,4,41,0,45,0,9,47,0,56,170,0,170,226
02/23/2000,LEB,NH,ANE,EN,Federal Contract Tower,0,7,8,0,15,0,3,34,0,37,0,10,42,0,52,116,0,116,168
02/24/2000,LEB,NH,ANE,EN,Federal Contract Tower,0,4,12,0,16,0,0,14,0,14,0,4,26,0,30,16,0,16,46
02/25/2000,LEB,NH,ANE,EN,Federal Contract Tower,0,9,12,0,21,0,0,0,0,0,0,9,12,0,21,0,0,0,21
02/26/2000,LEB,NH,ANE,EN,Federal Contract Tower,0,6,7,0,13,0,1,0,0,1,0,7,7,0,14,0,0,0,14
02/27/2000,LEB,NH,ANE,EN,Federal Contract Tower,0,10,12,0,22,0,1,26,0,27,0,11,38,0,49,38,0,38,87
02/28/2000,LEB,NH,ANE,EN,Federal Contract Tower,0,7,8,0,15,0,3,20,0,23,0,10,28,0,38,44,0,44,82
02/29/2000,LEB,NH,ANE,EN,Federal Contract Tower,0,8,9,0,17,0,0,48,0,48,0,8,57,0,65,122,0,122,187
03/01/2000,LEB,NH,ANE,EN,Federal Contract Tower,0,7,7,0,14,0,2,62,0,64,0,9,69,0,78,110,0,110,188
03/02/2000,LEB,NH,ANE,EN,Federal Contract Tower,0,10,12,0,22,0,0,20,0,20,0,10,32,0,42,54,2,56,98
03/03/2000,LEB,NH,ANE,EN,Federal Contract Tower,0,11,15,0,26,0,0,27,1,28,0,11,42,1,54,80,0,80,134
03/04/2000,LEB,NH,ANE,EN,Federal Contract Tower,0,6,8,0,14,0,4,101,0,105,0,10,109,0,119,162,0,162,281
03/05/2000,LEB,NH,ANE,EN,Federal Contract Tower,0,7,11,0,18,0,0,42,0,42,0,7,53,0,60,76,0,76,136
03/06/2000,LEB,NH,ANE,EN,Federal Contract Tower,0,8,9,1,18,0,3,41,1,45,0,11,50,2,63,56,0,56,119
03/07/2000,LEB,NH,ANE,EN,Federal Contract Tower,0,8,9,0,17,0,2,52,0,54,0,10,61,0,71,188,0,188,259
03/08/2000,LEB,NH,ANE,EN,Federal Contract Tower,0,5,6,0,11,0,4,81,0,85,0,9,87,0,96,310,0,310,406
03/09/2000,LEB,NH,ANE,EN,Federal Contract Tower,0,8,8,0,16,0,1,24,0,25,0,9,32,0,41,100,0,100,141
03/10/2000,LEB,NH,ANE,EN,Federal Contract Tower,0,9,10,0,19,0,0,30,0,30,0,9,40,0,49,32,0,32,81
03/11/2000,LEB,NH,ANE,EN,Federal Contract Tower,0,5,3,0,8,0,1,0,0,1,0,6,3,0,9,4,0,4,13
03/12/2000,LEB,NH,ANE,EN,Federal Contract Tower,0,8,6,0,14,0,2,0,0,2,0,10,6,0,16,0,0,0,16
03/13/2000,LEB,NH,ANE,EN,Federal Contract Tower,0,9,9,0,18,0,0,50,0,50,0,9,59,0,68,232,0,232,300
03/14/2000,LEB,NH,ANE,EN,Federal Contract Tower,0,10,13,0,23,0,0,41,0,41,0,10,54,0,64,124,0,124,188
03/15/2000,LEB,NH,ANE,EN,Federal Contract Tower,0,10,10,0,20,0,2,45,4,51,0,12,55,4,71,36,4,40,111
03/16/2000,LEB,NH,ANE,EN,Federal Contract Tower,0,10,10,0,20,0,0,28,0,28,0,10,38,0,48,44,0,44,92
03/17/2000,LEB,NH,ANE,EN,Federal Contract Tower,0,10,9,0,19,0,1,1,0,2,0,11,10,0,21,0,0,0,21
03/18/2000,LEB,NH,ANE,EN,Federal Contract Tower,0,5,4,0,9,0,3,62,0,65,0,8,66,0,74,62,0,62,136
03/19/2000,LEB,NH,ANE,EN,Federal Contract Tower,0,5,6,0,11,0,0,80,0,80,0,5,86,0,91,64,0,64,155
03/20/2000,LEB,NH,ANE,EN,Federal Contract Tower,0,10,9,0,19,0,0,40,0,40,0,10,49,0,59,44,0,44,103
03/21/2000,LEB,NH,ANE,EN,Federal Contract Tower,0,7,7,0,14,0,0,27,0,27,0,7,34,0,41,52,0,52,93
03/22/2000,LEB,NH,ANE,EN,Federal Contract Tower,0,12,14,0,26,0,0,35,0,35,0,12,49,0,61,58,0,58,119
03/23/2000,LEB,NH,ANE,EN,Federal Contract Tower,0,10,12,0,22,0,0,70,0,70,0,10,82,0,92,142,2,144,236
03/24/2000,LEB,NH,ANE,EN,Federal Contract Tower,0,9,9,0,18,0,0,76,5,81,0,9,85,5,99,88,0,88,187
03/25/2000,LEB,NH,ANE,EN,Federal Contract Tower,0,7,5,0,12,0,0,55,0,55,0,7,60,0,67,20,0,20,87
03/26/2000,LEB,NH,ANE,EN,Federal Contract Tower,0,4,6,0,10,0,0,32,0,32,0,4,38,0,42,0,0,0,42
03/27/2000,LEB,NH,ANE,EN,Federal Contract Tower,0,10,9,0,19,0,0,41,0,41,0,10,50,0,60,36,0,36,96
03/28/2000,LEB,NH,ANE,EN,Federal Contract Tower,0,9,11,0,20,0,0,2,1,3,0,9,13,1,23,0,0,0,23
03/29/2000,LEB,NH,ANE,EN,Federal Contract Tower,0,9,8,0,17,0,3,10,0,13,0,12,18,0,30,0,0,0,30
03/30/2000,LEB,NH,ANE,EN,Federal Contract Tower,0,9,9,0,18,0,0,26,0,26,0,9,35,0,44,56,0,56,100
03/31/2000,LEB,NH,ANE,EN,Federal Contract Tower,0,9,9,0,18,0,0,55,2,57,0,9,64,2,75,118,2,120,195
04/01/2000,LEB,NH,ANE,EN,Federal Contract Tower,0,9,8,0,17,0,1,78,0,79,0,10,86,0,96,158,0,158,254
04/02/2000,LEB,NH,ANE,EN,Federal Contract Tower,0,5,4,0,9,0,0,30,0,30,0,5,34,0,39,46,0,46,85
04/03/2000,LEB,NH,ANE,EN,Federal Contract Tower,0,10,8,0,18,0,0,1,0,1,0,10,9,0,19,0,0,0,19
04/04/2000,LEB,NH,ANE,EN,Federal Contract Tower,0,10,8,0,18,0,0,2,0,2,0,10,10,0,20,6,0,6,26
04/05/2000,LEB,NH,ANE,EN,Federal Contract Tower,0,14,11,0,25,0,0,43,0,43,0,14,54,0,68,52,4,56,124
04/06/2000,LEB,NH,ANE,EN,Federal Contract Tower,0,8,6,0,14,0,0,34,3,37,0,8,40,3,51,48,4,52,103
04/07/2000,LEB,NH,ANE,EN,Federal Contract Tower,0,10,8,0,18,0,1,64,0,65,0,11,72,0,83,120,0,120,203
04/08/2000,LEB,NH,ANE,EN,Federal Contract Tower,0,6,4,0,10,0,2,6,0,8,0,8,10,0,18,10,0,10,28
04/09/2000,LEB,NH,ANE,EN,Federal Contract Tower,0,4,4,0,8,0,0,3,0,3,0,4,7,0,11,0,0,0,11
04/10/2000,LEB,NH,ANE,EN,Federal Contract Tower,0,10,10,0,20,0,1,56,0,57,0,11,66,0,77,88,0,88,165
04/11/2000,LEB,NH,ANE,EN,Federal Contract Tower,0,13,14,0,27,0,1,59,4,64,0,14,73,4,91,110,10,120,211
04/12/2000,LEB,NH,ANE,EN,Federal Contract Tower,0,10,13,0,23,0,0,16,0,16,0,10,29,0,39,22,0,22,61
04/13/2000,LEB,NH,ANE,EN,Federal Contract Tower,0,6,7,0,13,0,3,73,2,78,0,9,80,2,91,182,0,182,273
04/14/2000,LEB,NH,ANE,EN,Federal Contract Tower,0,8,11,0,19,0,0,62,0,62,0,8,73,0,81,86,0,86,167
04/15/2000,LEB,NH,ANE,EN,Federal Contract Tower,0,6,7,0,13,0,4,55,0,59,0,10,62,0,72,48,0,48,120
04/16/2000,LEB,NH,ANE,EN,Federal Contract Tower,0,3,7,0,10,0,0,26,0,26,0,3,33,0,36,70,0,70,106
04/17/2000,LEB,NH,ANE,EN,Federal Contract Tower,0,7,8,0,15,0,2,42,0,44,0,9,50,0,59,162,0,162,221
04/18/2000,LEB,NH,ANE,EN,Federal Contract Tower,0,6,7,0,13,0,3,29,0,32,0,9,36,0,45,82,0,82,127
04/19/2000,LEB,NH,ANE,EN,Federal Contract Tower,0,9,12,0,21,0,0,32,0,32,0,9,44,0,53,102,0,102,155
04/20/2000,LEB,NH,ANE,EN,Federal Contract Tower,0,10,15,0,25,0,0,39,2,41,0,10,54,2,66,58,2,60,126
04/21/2000,LEB,NH,ANE,EN,Federal Contract Tower,0,5,9,0,14,0,0,3,0,3,0,5,12,0,17,0,0,0,17
04/22/2000,LEB,NH,ANE,EN,Federal Contract Tower,0,6,6,0,12,0,2,0,0,2,0,8,6,0,14,0,0,0,14
04/23/2000,LEB,NH,ANE,EN,Federal Contract Tower,0,5,8,0,13,0,0,1,0,1,0,5,9,0,14,0,0,0,14
04/24/2000,LEB,NH,ANE,EN,Federal Contract Tower,0,8,10,0,18,0,1,22,0,23,0,9,32,0,41,80,0,80,121
04/25/2000,LEB,NH,ANE,EN,Federal Contract Tower,0,9,11,0,20,0,0,71,0,71,0,9,82,0,91,92,0,92,183
04/26/2000,LEB,NH,ANE,EN,Federal Contract Tower,0,8,14,0,22,0,0,6,0,6,0,8,20,0,28,8,0,8,36
04/27/2000,LEB,NH,ANE,EN,Federal Contract Tower,0,9,13,0,22,0,0,22,0,22,0,9,35,0,44,0,0,0,44
04/28/2000,LEB,NH,ANE,EN,Federal Contract Tower,0,12,14,0,26,0,0,45,1,46,0,12,59,1,72,100,2,102,174
04/29/2000,LEB,NH,ANE,EN,Federal Contract Tower,0,6,8,0,14,0,3,65,0,68,0,9,73,0,82,78,0,78,160
04/30/2000,LEB,NH,ANE,EN,Federal Contract Tower,0,4,5,0,9,0,2,36,0,38,0,6,41,0,47,14,0,14,61
05/01/2000,LEB,NH,ANE,EN,Federal Contract Tower,0,9,13,0,22,0,0,60,0,60,0,9,73,0,82,58,0,58,140
05/02/2000,LEB,NH,ANE,EN,Federal Contract Tower,0,9,10,0,19,0,2,38,0,40,0,11,48,0,59,20,0,20,79
05/03/2000,LEB,NH,ANE,EN,Federal Contract Tower,0,8,8,0,16,0,1,75,0,76,0,9,83,0,92,190,0,190,282
05/04/2000,LEB,NH,ANE,EN,Federal Contract Tower,0,7,9,0,16,0,2,66,0,68,0,9,75,0,84,70,10,80,164
05/05/2000,LEB,NH,ANE,EN,Federal Contract Tower,0,12,17,0,29,0,1,70,0,71,0,13,87,0,100,136,0,136,236
05/06/2000,LEB,NH,ANE,EN,Federal Contract Tower,0,9,14,0,23,0,0,42,0,42,0,9,56,0,65,74,0,74,139
05/07/2000,LEB,NH,ANE,EN,Federal Contract Tower,0,7,9,0,16,0,0,63,0,63,0,7,72,0,79,66,0,66,145
05/08/2000,LEB,NH,ANE,EN,Federal Contract Tower,0,6,8,0,14,0,4,25,0,29,0,10,33,0,43,200,0,200,243
05/09/2000,LEB,NH,ANE,EN,Federal Contract Tower,0,7,8,0,15,0,2,13,0,15,0,9,21,0,30,34,0,34,64
05/10/2000,LEB,NH,ANE,EN,Federal Contract Tower,0,4,7,0,11,0,0,0,0,0,0,4,7,0,11,0,0,0,11
05/11/2000,LEB,NH,ANE,EN,Federal Contract Tower,0,11,15,0,26,0,0,34,2,36,0,11,49,2,62,62,0,62,124
05/12/2000,LEB,NH,ANE,EN,Federal Contract Tower,0,11,19,0,30,0,0,66,0,66,0,11,85,0,96,76,0,76,172
05/13/2000,LEB,NH,ANE,EN,Federal Contract Tower,0,8,14,0,22,0,0,22,0,22,0,8,36,0,44,20,0,20,64
05/14/2000,LEB,NH,ANE,EN,Federal Contract Tower,0,4,7,0,11,0,0,56,0,56,0,4,63,0,67,72,0,72,139
05/15/2000,LEB,NH,ANE,EN,Federal Contract Tower,0,7,12,0,19,0,1,69,0,70,0,8,81,0,89,88,0,88,177
05/16/2000,LEB,NH,ANE,EN,Federal Contract Tower,0,7,10,0,17,0,1,47,0,48,0,8,57,0,65,44,0,44,109
05/17/2000,LEB,NH,ANE,EN,Federal Contract Tower,0,8,13,0,21,0,0,61,0,61,0,8,74,0,82,88,0,88,170
05/18/2000,LEB,NH,ANE,EN,Federal Contract Tower,0,6,10,0,16,0,2,0,0,2,0,8,10,0,18,0,0,0,18
05/19/2000,LEB,NH,ANE,EN,Federal Contract Tower,0,10,20,0,30,0,0,49,0,49,0,10,69,0,79,110,0,110,189
05/20/2000,LEB,NH,ANE,EN,Federal Contract Tower,0,9,13,0,22,0,0,28,0,28,0,9,41,0,50,42,0,42,92
05/21/2000,LEB,NH,ANE,EN,Federal Contract Tower,0,10,22,0,32,0,0,22,0,22,0,10,44,0,54,84,0,84,138
05/22/2000,LEB,NH,ANE,EN,Federal Contract Tower,0,9,16,0,25,0,0,5,0,5,0,9,21,0,30,10,0,10,40
05/23/2000,LEB,NH,ANE,EN,Federal Contract Tower,0,7,11,0,18,0,2,11,0,13,0,9,22,0,31,32,0,32,63
05/24/2000,LEB,NH,ANE,EN,Federal Contract Tower,0,7,12,0,19,0,0,10,0,10,0,7,22,0,29,20,0,20,49
05/25/2000,LEB,NH,ANE,EN,Federal Contract Tower,0,7,12,0,19,0,1,37,0,38,0,8,49,0,57,98,0,98,155
05/26/2000,LEB,NH,ANE,EN,Federal Contract Tower,0,10,16,0,26,0,3,49,0,52,0,13,65,0,78,88,0,88,166
05/27/2000,LEB,NH,ANE,EN,Federal Contract Tower,0,7,12,0,19,0,0,55,0,55,0,7,67,0,74,88,0,88,162
05/28/2000,LEB,NH,ANE,EN,Federal Contract Tower,0,4,8,0,12,0,1,58,0,59,0,5,66,0,71,100,0,100,171
05/29/2000,LEB,NH,ANE,EN,Federal Contract Tower,0,7,12,0,19,0,0,48,0,48,0,7,60,0,67,88,0,88,155
05/30/2000,LEB,NH,ANE,EN,Federal Contract Tower,0,7,10,0,17,0,2,58,0,60,0,9,68,0,77,58,2,60,137
05/31/2000,LEB,NH,ANE,EN,Federal Contract Tower,0,8,13,0,21,0,0,48,0,48,0,8,61,0,69,66,0,66,135
06/01/2000,LEB,NH,ANE,EN,Federal Contract Tower,0,6,7,0,13,0,2,51,2,55,0,8,58,2,68,94,0,94,162
06/02/2000,LEB,NH,ANE,EN,Federal Contract Tower,0,7,7,0,14,0,0,47,0,47,0,7,54,0,61,178,0,178,239
06/03/2000,LEB,NH,ANE,EN,Federal Contract Tower,0,7,6,0,13,0,1,51,0,52,0,8,57,0,65,14,0,14,79
06/04/2000,LEB,NH,ANE,EN,Federal Contract Tower,0,5,7,0,12,0,0,93,0,93,0,5,100,0,105,114,0,114,219
06/05/2000,LEB,NH,ANE,EN,Federal Contract Tower,0,9,10,0,19,0,0,27,0,27,0,9,37,0,46,6,0,6,52
06/06/2000,LEB,NH,ANE,EN,Federal Contract Tower,0,6,8,0,14,0,0,3,0,3,0,6,11,0,17,0,0,0,17
06/07/2000,LEB,NH,ANE,EN,Federal Contract Tower,0,9,12,0,21,0,0,42,0,42,0,9,54,0,63,120,0,120,183
06/08/2000,LEB,NH,ANE,EN,Federal Contract Tower,0,10,13,0,23,0,0,60,0,60,0,10,73,0,83,158,0,158,241
06/09/2000,LEB,NH,ANE,EN,Federal Contract Tower,0,12,19,0,31,0,1,51,0,52,0,13,70,0,83,154,0,154,237
06/10/2000,LEB,NH,ANE,EN,Federal Contract Tower,0,8,14,0,22,0,3,55,0,58,0,11,69,0,80,106,0,106,186
06/11/2000,LEB,NH,ANE,EN,Federal Contract Tower,0,4,17,0,21,0,0,58,0,58,0,4,75,0,79,118,0,118,197
06/12/2000,LEB,NH,ANE,EN,Federal Contract Tower,0,8,18,0,26,0,0,27,0,27,0,8,45,0,53,48,0,48,101
06/13/2000,LEB,NH,ANE,EN,Federal Contract Tower,0,7,12,0,19,0,0,41,0,41,0,7,53,0,60,152,0,152,212
06/14/2000,LEB,NH,ANE,EN,Federal Contract Tower,0,9,15,0,24,0,0,31,0,31,0,9,46,0,55,66,0,66,121
06/15/2000,LEB,NH,ANE,EN,Federal Contract Tower,0,10,16,0,26,0,0,47,0,47,0,10,63,0,73,98,0,98,171
06/16/2000,LEB,NH,ANE,EN,Federal Contract Tower,0,9,14,0,23,0,0,52,0,52,0,9,66,0,75,170,0,170,245
06/17/2000,LEB,NH,ANE,EN,Federal Contract Tower,0,8,14,0,22,0,2,45,0,47,0,10,59,0,69,98,0,98,167
06/18/2000,LEB,NH,ANE,EN,Federal Contract Tower,0,7,14,0,21,0,0,74,0,74,0,7,88,0,95,96,0,96,191
06/19/2000,LEB,NH,ANE,EN,Federal Contract Tower,0,8,14,0,22,0,0,41,0,41,0,8,55,0,63,66,0,66,129
06/20/2000,LEB,NH,ANE,EN,Federal Contract Tower,0,7,11,0,18,0,6,72,0,78,0,13,83,0,96,120,8,128,224
06/21/2000,LEB,NH,ANE,EN,Federal Contract Tower,0,6,11,0,17,0,1,42,0,43,0,7,53,0,60,94,0,94,154
06/22/2000,LEB,NH,ANE,EN,Federal Contract Tower,0,9,15,0,24,0,5,31,0,36,0,14,46,0,60,60,0,60,120
06/23/2000,LEB,NH,ANE,EN,Federal Contract Tower,0,8,12,0,20,0,3,55,0,58,0,11,67,0,78,52,0,52,130
06/24/2000,LEB,NH,ANE,EN,Federal Contract Tower,0,7,11,0,18,0,3,91,0,94,0,10,102,0,112,92,0,92,204
06/25/2000,LEB,NH,ANE,EN,Federal Contract Tower,0,9,15,0,24,0,0,46,0,46,0,9,61,0,70,78,0,78,148
06/26/2000,LEB,NH,ANE,EN,Federal Contract Tower,0,7,11,0,18,0,0,34,0,34,0,7,45,0,52,68,0,68,120
06/27/2000,LEB,NH,ANE,EN,Federal Contract Tower,0,10,18,0,28,0,0,48,0,48,0,10,66,0,76,140,0,140,216
06/28/2000,LEB,NH,ANE,EN,Federal Contract Tower,0,7,21,0,28,0,0,85,0,85,0,7,106,0,113,138,0,138,251
06/29/2000,LEB,NH,ANE,EN,Federal Contract Tower,0,11,18,0,29,0,1,75,0,76,0,12,93,0,105,98,0,98,203
06/30/2000,LEB,NH,ANE,EN,Federal Contract Tower,0,10,17,0,27,0,5,76,0,81,0,15,93,0,108,172,0,172,280
07/01/2000,LEB,NH,ANE,EN,Federal Contract Tower,0,10,14,0,24,0,0,92,0,92,0,10,106,0,116,64,0,64,180
07/02/2000,LEB,NH,ANE,EN,Federal Contract Tower,0,7,6,0,13,0,0,68,0,68,0,7,74,0,81,112,0,112,193
07/03/2000,LEB,NH,ANE,EN,Federal Contract Tower,0,4,2,0,6,0,0,42,0,42,0,4,44,0,48,80,0,80,128
07/04/2000,LEB,NH,ANE,EN,Federal Contract Tower,0,7,12,0,19,0,0,32,0,32,0,7,44,0,51,0,0,0,51
07/05/2000,LEB,NH,ANE,EN,Federal Contract Tower,0,10,11,0,21,0,2,75,0,77,0,12,86,0,98,116,0,116,214
07/06/2000,LEB,NH,ANE,EN,Federal Contract Tower,0,9,11,0,20,0,1,87,0,88,0,10,98,0,108,108,0,108,216
07/07/2000,LEB,NH,ANE,EN,Federal Contract Tower,0,12,22,0,34,0,0,86,0,86,0,12,108,0,120,78,0,78,198
07/08/2000,LEB,NH,ANE,EN,Federal Contract Tower,0,6,6,0,12,0,2,57,0,59,0,8,63,0,71,64,0,64,135
07/09/2000,LEB,NH,ANE,EN,Federal Contract Tower,0,6,12,0,18,0,0,54,0,54,0,6,66,0,72,50,0,50,122
07/10/2000,LEB,NH,ANE,EN,Federal Contract Tower,0,9,11,0,20,0,1,47,0,48,0,10,58,0,68,58,0,58,126
07/11/2000,LEB,NH,ANE,EN,Federal Contract Tower,0,8,9,0,17,0,4,66,0,70,0,12,75,0,87,44,4,48,135
07/12/2000,LEB,NH,ANE,EN,Federal Contract Tower,0,11,14,0,25,0,0,71,0,71,0,11,85,0,96,100,0,100,196
07/13/2000,LEB,NH,ANE,EN,Federal Contract Tower,0,7,9,0,16,0,6,68,0,74,0,13,77,0,90,160,0,160,250
07/14/2000,LEB,NH,ANE,EN,Federal Contract Tower,0,12,16,0,28,0,0,64,0,64,0,12,80,0,92,102,0,102,194
07/15/2000,LEB,NH,ANE,EN,Federal Contract Tower,0,8,9,0,17,0,2,30,0,32,0,10,39,0,49,36,0,36,85
07/16/2000,LEB,NH,ANE,EN,Federal Contract Tower,0,9,15,0,24,0,0,24,0,24,0,9,39,0,48,62,0,62,110
07/17/2000,LEB,NH,ANE,EN,Federal Contract Tower,0,7,11,0,18,0,0,15,0,15,0,7,26,0,33,76,0,76,109
07/18/2000,LEB,NH,ANE,EN,Federal Contract Tower,0,10,14,0,24,0,4,26,0,30,0,14,40,0,54,80,0,80,134
07/19/2000,LEB,NH,ANE,EN,Federal Contract Tower,0,10,15,0,25,0,3,62,0,65,0,13,77,0,90,136,0,136,226
07/20/2000,LEB,NH,ANE,EN,Federal Contract Tower,0,14,20,0,34,0,1,96,0,97,0,15,116,0,131,130,0,130,261
07/21/2000,LEB,NH,ANE,EN,Federal Contract Tower,0,11,18,0,29,0,0,52,0,52,0,11,70,0,81,32,0,32,113
07/22/2000,LEB,NH,ANE,EN,Federal Contract Tower,0,10,14,0,24,0,0,46,0,46,0,10,60,0,70,168,0,168,238
07/23/2000,LEB,NH,ANE,EN,Federal Contract Tower,0,12,24,0,36,0,0,74,0,74,0,12,98,0,110,64,0,64,174
07/24/2000,LEB,NH,ANE,EN,Federal Contract Tower,0,9,15,0,24,0,0,58,0,58,0,9,73,0,82,140,0,140,222
07/25/2000,LEB,NH,ANE,EN,Federal Contract Tower,0,7,11,0,18,0,5,63,4,72,0,12,74,4,90,76,2,78,168
07/26/2000,LEB,NH,ANE,EN,Federal Contract Tower,0,8,12,0,20,0,1,58,0,59,0,9,70,0,79,86,0,86,165
07/27/2000,LEB,NH,ANE,EN,Federal Contract Tower,0,13,13,0,26,0,5,0,0,5,0,18,13,0,31,0,0,0,31
07/28/2000,LEB,NH,ANE,EN,Federal Contract Tower,0,13,22,0,35,0,0,54,0,54,0,13,76,0,89,104,0,104,193
07/29/2000,LEB,NH,ANE,EN,Federal Contract Tower,0,11,16,0,27,0,0,29,0,29,0,11,45,0,56,108,0,108,164
07/30/2000,LEB,NH,ANE,EN,Federal Contract Tower,0,9,20,0,29,0,0,5,0,5,0,9,25,0,34,0,0,0,34
07/31/2000,LEB,NH,ANE,EN,Federal Contract Tower,0,10,9,0,19,0,6,0,0,6,0,16,9,0,25,0,0,0,25
08/01/2000,LEB,NH,ANE,EN,Federal Contract Tower,0,10,14,0,24,0,0,0,0,0,0,10,14,0,24,0,0,0,24
08/02/2000,LEB,NH,ANE,EN,Federal Contract Tower,0,11,14,0,25,0,1,4,0,5,0,12,18,0,30,0,0,0,30
08/03/2000,LEB,NH,ANE,EN,Federal Contract Tower,0,12,23,0,35,0,0,34,2,36,0,12,57,2,71,26,0,26,97
08/04/2000,LEB,NH,ANE,EN,Federal Contract Tower,0,15,22,0,37,0,1,83,0,84,0,16,105,0,121,106,0,106,227
08/05/2000,LEB,NH,ANE,EN,Federal Contract Tower,0,9,11,0,20,0,4,72,0,76,0,13,83,0,96,102,0,102,198
08/06/2000,LEB,NH,ANE,EN,Federal Contract Tower,0,11,14,0,25,0,3,69,0,72,0,14,83,0,97,82,0,82,179
08/07/2000,LEB,NH,ANE,EN,Federal Contract Tower,0,8,11,0,19,0,2,11,0,13,0,10,22,0,32,0,0,0,32
08/08/2000,LEB,NH,ANE,EN,Federal Contract Tower,0,8,10,0,18,0,4,59,4,67,0,12,69,4,85,58,0,58,143
08/09/2000,LEB,NH,ANE,EN,Federal Contract Tower,0,8,13,0,21,0,0,31,0,31,0,8,44,0,52,26,0,26,78
08/10/2000,LEB,NH,ANE,EN,Federal Contract Tower,0,11,16,0,27,0,0,66,0,66,0,11,82,0,93,146,0,146,239
08/11/2000,LEB,NH,ANE,EN,Federal Contract Tower,0,10,22,0,32,0,0,31,0,31,0,10,53,0,63,36,0,36,99
08/12/2000,LEB,NH,ANE,EN,Federal Contract Tower,0,12,18,0,30,0,1,30,0,31,0,13,48,0,61,12,0,12,73
08/13/2000,LEB,NH,ANE,EN,Federal Contract Tower,0,10,14,0,24,0,2,48,0,50,0,12,62,0,74,86,0,86,160
08/14/2000,LEB,NH,ANE,EN,Federal Contract Tower,0,7,17,0,24,0,0,7,0,7,0,7,24,0,31,12,0,12,43
08/15/2000,LEB,NH,ANE,EN,Federal Contract Tower,0,13,24,1,38,0,0,50,0,50,0,13,74,1,88,146,0,146,234
08/16/2000,LEB,NH,ANE,EN,Federal Contract Tower,0,12,26,0,38,0,0,33,1,34,0,12,59,1,72,42,0,42,114
08/17/2000,LEB,NH,ANE,EN,Federal Contract Tower,0,9,18,0,27,0,0,73,0,73,0,9,91,0,100,120,0,120,220
08/18/2000,LEB,NH,ANE,EN,Federal Contract Tower,0,11,18,0,29,0,0,76,0,76,0,11,94,0,105,108,0,108,213
08/19/2000,LEB,NH,ANE,EN,Federal Contract Tower,0,7,12,0,19,0,3,77,0,80,0,10,89,0,99,88,0,88,187
08/20/2000,LEB,NH,ANE,EN,Federal Contract Tower,0,5,12,0,17,0,0,57,0,57,0,5,69,0,74,80,0,80,154
08/21/2000,LEB,NH,ANE,EN,Federal Contract Tower,0,8,14,0,22,0,3,75,2,80,0,11,89,2,102,144,4,148,250
08/22/2000,LEB,NH,ANE,EN,Federal Contract Tower,0,10,16,0,26,0,1,64,0,65,0,11,80,0,91,70,0,70,161
08/23/2000,LEB,NH,ANE,EN,Federal Contract Tower,0,9,16,0,25,0,0,29,0,29,0,9,45,0,54,76,0,76,130
08/24/2000,LEB,NH,ANE,EN,Federal Contract Tower,0,10,17,0,27,0,1,47,0,48,0,11,64,0,75,126,0,126,201
08/25/2000,LEB,NH,ANE,EN,Federal Contract Tower,0,10,17,0,27,0,3,82,0,85,0,13,99,0,112,238,0,238,350
08/26/2000,LEB,NH,ANE,EN,Federal Contract Tower,0,10,20,0,30,0,0,63,0,63,0,10,83,0,93,202,4,206,299
08/27/2000,LEB,NH,ANE,EN,Federal Contract Tower,0,4,8,0,12,0,1,56,0,57,0,5,64,0,69,188,0,188,257
08/28/2000,LEB,NH,ANE,EN,Federal Contract Tower,0,10,17,0,27,0,5,53,0,58,0,15,70,0,85,82,0,82,167
08/29/2000,LEB,NH,ANE,EN,Federal Contract Tower,0,9,15,0,24,0,2,33,0,35,0,11,48,0,59,80,0,80,139
08/30/2000,LEB,NH,ANE,EN,Federal Contract Tower,0,7,11,0,18,0,2,51,0,53,0,9,62,0,71,64,0,64,135
08/31/2000,LEB,NH,ANE,EN,Federal Contract Tower,0,9,14,0,23,0,0,49,0,49,0,9,63,0,72,60,0,60,132
09/01/2000,LEB,NH,ANE,EN,Federal Contract Tower,0,10,17,0,27,0,0,72,4,76,0,10,89,4,103,50,0,50,153
09/02/2000,LEB,NH,ANE,EN,Federal Contract Tower,0,10,14,0,24,0,0,14,0,14,0,10,28,0,38,14,0,14,52
09/03/2000,LEB,NH,ANE,EN,Federal Contract Tower,0,9,10,0,19,0,0,25,0,25,0,9,35,0,44,112,0,112,156
09/04/2000,LEB,NH,ANE,EN,Federal Contract Tower,0,9,19,0,28,0,0,50,0,50,0,9,69,0,78,106,0,106,184
09/05/2000,LEB,NH,ANE,EN,Federal Contract Tower,0,7,8,0,15,0,2,81,0,83,0,9,89,0,98,130,0,130,228
09/06/2000,LEB,NH,ANE,EN,Federal Contract Tower,0,15,17,0,32,0,0,57,0,57,0,15,74,0,89,40,0,40,129
09/07/2000,LEB,NH,ANE,EN,Federal Contract Tower,0,16,18,0,34,0,2,113,0,115,0,18,131,0,149,160,0,160,309
09/08/2000,LEB,NH,ANE,EN,Federal Contract Tower,0,10,10,0,20,0,2,69,0,71,0,12,79,0,91,140,0,140,231
09/09/2000,LEB,NH,ANE,EN,Federal Contract Tower,0,5,5,0,10,0,1,62,2,65,0,6,67,2,75,106,0,106,181
09/10/2000,LEB,NH,ANE,EN,Federal Contract Tower,0,7,15,0,22,0,0,94,0,94,0,7,109,0,116,40,0,40,156
09/11/2000,LEB,NH,ANE,EN,Federal Contract Tower,0,18,23,0,41,0,0,17,0,17,0,18,40,0,58,70,0,70,128
09/12/2000,LEB,NH,ANE,EN,Federal Contract Tower,0,12,19,0,31,0,0,22,2,24,0,12,41,2,55,38,4,42,97
09/13/2000,LEB,NH,ANE,EN,Federal Contract Tower,0,17,18,0,35,0,2,72,0,74,0,19,90,0,109,216,0,216,325
09/14/2000,LEB,NH,ANE,EN,Federal Contract Tower,0,14,16,0,30,0,3,49,0,52,0,17,65,0,82,102,0,102,184
09/15/2000,LEB,NH,ANE,EN,Federal Contract Tower,0,15,18,0,33,0,1,8,0,9,0,16,26,0,42,6,0,6,48
09/16/2000,LEB,NH,ANE,EN,Federal Contract Tower,0,9,11,1,21,0,2,45,0,47,0,11,56,1,68,66,0,66,134
09/17/2000,LEB,NH,ANE,EN,Federal Contract Tower,0,8,10,0,18,0,4,59,0,63,0,12,69,0,81,26,0,26,107
09/18/2000,LEB,NH,ANE,EN,Federal Contract Tower,0,9,10,0,19,0,5,57,0,62,0,14,67,0,81,154,2,156,237
09/19/2000,LEB,NH,ANE,EN,Federal Contract Tower,0,10,12,0,22,0,0,40,2,42,0,10,52,2,64,60,0,60,124
09/20/2000,LEB,NH,ANE,EN,Federal Contract Tower,0,17,22,0,39,0,5,46,0,51,0,22,68,0,90,58,0,58,148
09/21/2000,LEB,NH,ANE,EN,Federal Contract Tower,0,10,12,0,22,0,13,42,0,55,0,23,54,0,77,46,0,46,123
09/22/2000,LEB,NH,ANE,EN,Federal Contract Tower,0,12,16,0,28,0,0,111,0,111,0,12,127,0,139,104,4,108,247
09/23/2000,LEB,NH,ANE,EN,Federal Contract Tower,0,15,25,0,40,0,0,32,2,34,0,15,57,2,74,28,0,28,102
09/24/2000,LEB,NH,ANE,EN,Federal Contract Tower,0,8,18,0,26,0,0,25,0,25,0,8,43,0,51,4,0,4,55
09/25/2000,LEB,NH,ANE,EN,Federal Contract Tower,0,16,20,0,36,0,5,90,0,95,0,21,110,0,131,114,4,118,249
09/26/2000,LEB,NH,ANE,EN,Federal Contract Tower,0,9,11,0,20,0,3,62,2,67,0,12,73,2,87,120,0,120,207
09/27/2000,LEB,NH,ANE,EN,Federal Contract Tower,0,11,14,0,25,0,3,47,2,52,0,14,61,2,77,46,0,46,123
09/28/2000,LEB,NH,ANE,EN,Federal Contract Tower,0,12,16,0,28,0,0,62,4,66,0,12,78,4,94,92,4,96,190
09/29/2000,LEB,NH,ANE,EN,Federal Contract Tower,0,15,19,0,34,0,0,132,4,136,0,15,151,4,170,148,0,148,318
09/30/2000,LEB,NH,ANE,EN,Federal Contract Tower,0,9,11,0,20,0,3,87,0,90,0,12,98,0,110,128,0,128,238
10/01/2000,LEB,NH,ANE,EN,Federal Contract Tower,0,12,16,0,28,0,1,64,0,65,0,13,80,0,93,40,0,40,133
10/02/2000,LEB,NH,ANE,EN,Federal Contract Tower,0,13,16,0,29,0,4,45,0,49,0,17,61,0,78,40,0,40,118
10/03/2000,LEB,NH,ANE,EN,Federal Contract Tower,0,10,18,0,28,0,0,56,0,56,0,10,74,0,84,32,0,32,116
10/04/2000,LEB,NH,ANE,EN,Federal Contract Tower,0,10,12,0,22,0,2,53,0,55,0,12,65,0,77,62,0,62,139
10/05/2000,LEB,NH,ANE,EN,Federal Contract Tower,0,12,32,0,44,0,0,24,0,24,0,12,56,0,68,8,0,8,76
10/06/2000,LEB,NH,ANE,EN,Federal Contract Tower,0,16,33,0,49,0,0,13,0,13,0,16,46,0,62,0,0,0,62
10/07/2000,LEB,NH,ANE,EN,Federal Contract Tower,0,19,26,0,45,0,1,51,0,52,0,20,77,0,97,54,0,54,151
10/08/2000,LEB,NH,ANE,EN,Federal Contract Tower,0,10,18,0,28,0,0,42,0,42,0,10,60,0,70,20,0,20,90
10/09/2000,LEB,NH,ANE,EN,Federal Contract Tower,0,13,16,0,29,0,1,31,0,32,0,14,47,0,61,28,0,28,89
10/10/2000,LEB,NH,ANE,EN,Federal Contract Tower,0,13,18,0,31,0,2,28,0,30,0,15,46,0,61,32,0,32,93
10/11/2000,LEB,NH,ANE,EN,Federal Contract Tower,0,11,14,0,25,0,4,54,0,58,0,15,68,0,83,60,6,66,149
10/12/2000,LEB,NH,ANE,EN,Federal Contract Tower,0,8,10,0,18,0,5,85,2,92,0,13,95,2,110,142,0,142,252
10/13/2000,LEB,NH,ANE,EN,Federal Contract Tower,0,17,22,0,39,0,4,109,0,113,0,21,131,0,152,102,0,102,254
10/14/2000,LEB,NH,ANE,EN,Federal Contract Tower,0,15,32,0,47,0,0,81,0,81,0,15,113,0,128,34,0,34,162
10/15/2000,LEB,NH,ANE,EN,Federal Contract Tower,0,15,23,0,38,0,0,66,0,66,0,15,89,0,104,24,2,26,130
10/16/2000,LEB,NH,ANE,EN,Federal Contract Tower,0,14,20,0,34,0,0,8,0,8,0,14,28,0,42,0,0,0,42
10/17/2000,LEB,NH,ANE,EN,Federal Contract Tower,0,15,21,0,36,0,3,10,0,13,0,18,31,0,49,10,0,10,59
10/18/2000,LEB,NH,ANE,EN,Federal Contract Tower,0,7,14,0,21,0,0,2,0,2,0,7,16,0,23,108,0,108,131
10/19/2000,LEB,NH,ANE,EN,Federal Contract Tower,0,14,21,0,35,0,1,32,0,33,0,15,53,0,68,52,0,52,120
10/20/2000,LEB,NH,ANE,EN,Federal Contract Tower,0,14,23,0,37,0,0,73,0,73,0,14,96,0,110,122,0,122,232
10/21/2000,LEB,NH,ANE,EN,Federal Contract Tower,0,7,10,0,17,0,2,104,3,109,0,9,114,3,126,64,2,66,192
10/22/2000,LEB,NH,ANE,EN,Federal Contract Tower,0,5,9,0,14,0,3,56,0,59,0,8,65,0,73,64,0,64,137
10/23/2000,LEB,NH,ANE,EN,Federal Contract Tower,0,9,14,0,23,0,10,55,0,65,0,19,69,0,88,44,0,44,132
10/24/2000,LEB,NH,ANE,EN,Federal Contract Tower,0,12,18,0,30,0,4,45,0,49,0,16,63,0,79,82,0,82,161
10/25/2000,LEB,NH,ANE,EN,Federal Contract Tower,0,15,21,0,36,0,0,59,0,59,0,15,80,0,95,84,0,84,179
10/26/2000,LEB,NH,ANE,EN,Federal Contract Tower,0,13,19,0,32,0,0,63,0,63,0,13,82,0,95,80,6,86,181
10/27/2000,LEB,NH,ANE,EN,Federal Contract Tower,0,13,20,0,33,0,0,49,0,49,0,13,69,0,82,14,0,14,96
10/28/2000,LEB,NH,ANE,EN,Federal Contract Tower,0,10,14,0,24,0,0,5,0,5,0,10,19,0,29,0,0,0,29
10/29/2000,LEB,NH,ANE,EN,Federal Contract Tower,0,6,12,0,18,0,0,3,0,3,0,6,15,0,21,0,0,0,21
10/30/2000,LEB,NH,ANE,EN,Federal Contract Tower,0,8,13,0,21,0,5,9,0,14,0,13,22,0,35,20,0,20,55
10/31/2000,LEB,NH,ANE,EN,Federal Contract Tower,0,7,10,0,17,0,2,26,0,28,0,9,36,0,45,90,4,94,139
11/01/2000,LEB,NH,ANE,EN,Federal Contract Tower,0,12,12,0,24,0,1,45,0,46,0,13,57,0,70,46,0,46,116
11/02/2000,LEB,NH,ANE,EN,Federal Contract Tower,0,7,9,0,16,0,2,61,0,63,0,9,70,0,79,62,0,62,141
11/03/2000,LEB,NH,ANE,EN,Federal Contract Tower,0,13,17,0,30,0,0,91,0,91,0,13,108,0,121,94,0,94,215
11/04/2000,LEB,NH,ANE,EN,Federal Contract Tower,0,8,8,0,16,0,2,92,2,96,0,10,100,2,112,82,24,106,218
11/05/2000,LEB,NH,ANE,EN,Federal Contract Tower,0,10,10,0,20,0,0,1,0,1,0,10,11,0,21,2,0,2,23
11/06/2000,LEB,NH,ANE,EN,Federal Contract Tower,0,13,14,0,27,0,0,16,0,16,0,13,30,0,43,20,0,20,63
11/07/2000,LEB,NH,ANE,EN,Federal Contract Tower,0,14,15,0,29,0,0,31,0,31,0,14,46,0,60,106,0,106,166
11/08/2000,LEB,NH,ANE,EN,Federal Contract Tower,0,11,14,0,25,0,0,22,0,22,0,11,36,0,47,20,0,20,67
11/09/2000,LEB,NH,ANE,EN,Federal Contract Tower,0,14,14,0,28,0,1,18,0,19,0,15,32,0,47,44,0,44,91
11/10/2000,LEB,NH,ANE,EN,Federal Contract Tower,0,16,18,0,34,0,0,1,0,1,0,16,19,0,35,0,0,0,35
11/11/2000,LEB,NH,ANE,EN,Federal Contract Tower,0,14,9,0,23,0,6,0,0,6,0,20,9,0,29,0,0,0,29
11/12/2000,LEB,NH,ANE,EN,Federal Contract Tower,0,15,16,0,31,0,3,12,1,16,0,18,28,1,47,42,0,42,89
11/13/2000,LEB,NH,ANE,EN,Federal Contract Tower,0,17,11,0,28,0,1,0,0,1,0,18,11,0,29,28,0,28,57
11/14/2000,LEB,NH,ANE,EN,Federal Contract Tower,0,11,9,0,20,0,1,0,0,1,0,12,9,0,21,0,0,0,21
11/15/2000,LEB,NH,ANE,EN,Federal Contract Tower,0,11,9,0,20,0,4,2,0,6,0,15,11,0,26,22,0,22,48
11/16/2000,LEB,NH,ANE,EN,Federal Contract Tower,0,11,10,0,21,0,0,36,0,36,0,11,46,0,57,74,0,74,131
11/17/2000,LEB,NH,ANE,EN,Federal Contract Tower,0,10,9,0,19,0,0,16,0,16,0,10,25,0,35,28,0,28,63
11/18/2000,LEB,NH,ANE,EN,Federal Contract Tower,0,9,7,0,16,0,1,51,0,52,0,10,58,0,68,28,0,28,96
11/19/2000,LEB,NH,ANE,EN,Federal Contract Tower,0,8,8,0,16,0,0,54,0,54,0,8,62,0,70,72,0,72,142
11/20/2000,LEB,NH,ANE,EN,Federal Contract Tower,0,12,11,0,23,0,0,67,0,67,0,12,78,0,90,80,2,82,172
11/21/2000,LEB,NH,ANE,EN,Federal Contract Tower,0,13,14,0,27,0,0,38,0,38,0,13,52,0,65,42,0,42,107
11/22/2000,LEB,NH,ANE,EN,Federal Contract Tower,0,13,16,0,29,0,0,39,0,39,0,13,55,0,68,90,0,90,158
11/23/2000,LEB,NH,ANE,EN,Federal Contract Tower,0,8,7,0,15,0,2,21,0,23,0,10,28,0,38,26,0,26,64
11/24/2000,LEB,NH,ANE,EN,Federal Contract Tower,0,11,9,0,20,0,3,68,0,71,0,14,77,0,91,64,0,64,155
11/25/2000,LEB,NH,ANE,EN,Federal Contract Tower,0,7,9,0,16,0,0,63,0,63,0,7,72,0,79,44,0,44,123
11/26/2000,LEB,NH,ANE,EN,Federal Contract Tower,0,10,7,0,17,0,2,0,0,2,0,12,7,0,19,0,0,0,19
11/27/2000,LEB,NH,ANE,EN,Federal Contract Tower,0,13,17,0,30,0,0,5,0,5,0,13,22,0,35,26,0,26,61
11/28/2000,LEB,NH,ANE,EN,Federal Contract Tower,0,11,9,0,20,0,2,13,0,15,0,13,22,0,35,98,0,98,133
11/29/2000,LEB,NH,ANE,EN,Federal Contract Tower,0,13,13,0,26,0,0,21,0,21,0,13,34,0,47,62,0,62,109
11/30/2000,LEB,NH,ANE,EN,Federal Contract Tower,0,12,10,0,22,0,2,0,0,2,0,14,10,0,24,10,0,10,34
12/01/2000,LEB,NH,ANE,EN,Federal Contract Tower,0,13,10,0,23,0,1,23,0,24,0,14,33,0,47,46,0,46,93
12/02/2000,LEB,NH,ANE,EN,Federal Contract Tower,0,4,5,0,9,0,2,45,0,47,0,6,50,0,56,24,0,24,80
12/03/2000,LEB,NH,ANE,EN,Federal Contract Tower,0,10,10,0,20,0,0,96,0,96,0,10,106,0,116,94,0,94,210
12/04/2000,LEB,NH,ANE,EN,Federal Contract Tower,0,10,8,0,18,0,4,57,0,61,0,14,65,0,79,78,0,78,157
12/05/2000,LEB,NH,ANE,EN,Federal Contract Tower,0,12,9,0,21,0,0,23,0,23,0,12,32,0,44,36,0,36,80
12/06/2000,LEB,NH,ANE,EN,Federal Contract Tower,0,15,12,0,27,0,0,45,0,45,0,15,57,0,72,58,0,58,130
12/07/2000,LEB,NH,ANE,EN,Federal Contract Tower,0,13,13,0,26,0,0,16,0,16,0,13,29,0,42,22,0,22,64
12/08/2000,LEB,NH,ANE,EN,Federal Contract Tower,0,9,10,0,19,0,0,27,0,27,0,9,37,0,46,30,0,30,76
12/09/2000,LEB,NH,ANE,EN,Federal Contract Tower,0,11,9,0,20,0,0,47,0,47,0,11,56,0,67,58,0,58,125
12/10/2000,LEB,NH,ANE,EN,Federal Contract Tower,0,6,4,0,10,0,0,29,0,29,0,6,33,0,39,54,0,54,93
12/11/2000,LEB,NH,ANE,EN,Federal Contract Tower,0,13,9,0,22,0,2,5,0,7,0,15,14,0,29,24,0,24,53
12/12/2000,LEB,NH,ANE,EN,Federal Contract Tower,0,9,6,0,15,0,2,1,0,3,0,11,7,0,18,0,0,0,18
12/13/2000,LEB,NH,ANE,EN,Federal Contract Tower,0,12,9,0,21,0,1,53,0,54,0,13,62,0,75,76,0,76,151
12/14/2000,LEB,NH,ANE,EN,Federal Contract Tower,0,9,7,0,16,0,0,1,0,1,0,9,8,0,17,0,0,0,17
12/15/2000,LEB,NH,ANE,EN,Federal Contract Tower,0,11,9,0,20,0,0,54,0,54,0,11,63,0,74,106,0,106,180
12/16/2000,LEB,NH,ANE,EN,Federal Contract Tower,0,11,7,0,18,0,0,2,0,2,0,11,9,0,20,4,0,4,24
12/17/2000,LEB,NH,ANE,EN,Federal Contract Tower,0,1,0,0,1,0,0,0,0,0,0,1,0,0,1,0,0,0,1
12/18/2000,LEB,NH,ANE,EN,Federal Contract Tower,0,13,11,0,24,0,0,15,0,15,0,13,26,0,39,18,0,18,57
12/19/2000,LEB,NH,ANE,EN,Federal Contract Tower,0,11,7,0,18,0,1,6,0,7,0,12,13,0,25,40,4,44,69
12/20/2000,LEB,NH,ANE,EN,Federal Contract Tower,0,11,7,0,18,0,2,9,0,11,0,13,16,0,29,0,0,0,29
12/21/2000,LEB,NH,ANE,EN,Federal Contract Tower,0,11,7,0,18,0,0,63,2,65,0,11,70,2,83,92,0,92,175
12/22/2000,LEB,NH,ANE,EN,Federal Contract Tower,0,14,8,0,22,0,2,24,0,26,0,16,32,0,48,46,0,46,94
12/23/2000,LEB,NH,ANE,EN,Federal Contract Tower,0,11,7,0,18,0,2,17,0,19,0,13,24,0,37,18,0,18,55
12/24/2000,LEB,NH,ANE,EN,Federal Contract Tower,0,7,3,0,10,0,1,24,0,25,0,8,27,0,35,22,0,22,57
12/25/2000,LEB,NH,ANE,EN,Federal Contract Tower,0,8,4,0,12,0,1,0,0,1,0,9,4,0,13,0,0,0,13
12/26/2000,LEB,NH,ANE,EN,Federal Contract Tower,0,8,5,0,13,0,3,7,0,10,0,11,12,0,23,4,0,4,27
12/27/2000,LEB,NH,ANE,EN,Federal Contract Tower,0,13,8,0,21,0,1,23,0,24,0,14,31,0,45,42,0,42,87
12/28/2000,LEB,NH,ANE,EN,Federal Contract Tower,0,11,6,0,17,0,1,7,0,8,0,12,13,0,25,0,0,0,25
12/29/2000,LEB,NH,ANE,EN,Federal Contract Tower,0,18,11,0,29,0,0,28,0,28,0,18,39,0,57,34,0,34,91
12/30/2000,LEB,NH,ANE,EN,Federal Contract Tower,0,3,1,0,4,0,0,0,0,0,0,3,1,0,4,0,0,0,4
12/31/2000,LEB,NH,ANE,EN,Federal Contract Tower,0,8,4,0,12,0,1,0,0,1,0,9,4,0,13,0,0,0,13
01/01/2001,LEB,NH,ANE,EN,Federal Contract Tower,0,12,11,0,23,0,2,18,0,20,0,14,29,0,43,28,0,28,71
01/02/2001,LEB,NH,ANE,EN,Federal Contract Tower,0,10,11,0,21,0,5,18,4,27,0,15,29,4,48,68,0,68,116
01/03/2001,LEB,NH,ANE,EN,Federal Contract Tower,0,15,15,0,30,0,4,36,0,40,0,19,51,0,70,56,0,56,126
01/04/2001,LEB,NH,ANE,EN,Federal Contract Tower,0,15,14,0,29,0,0,22,0,22,0,15,36,0,51,10,0,10,61
01/05/2001,LEB,NH,ANE,EN,Federal Contract Tower,0,10,10,0,20,0,6,20,0,26,0,16,30,0,46,72,0,72,118
01/06/2001,LEB,NH,ANE,EN,Federal Contract Tower,0,7,5,0,12,0,4,15,0,19,0,11,20,0,31,34,0,34,65
01/07/2001,LEB,NH,ANE,EN,Federal Contract Tower,0,6,5,0,11,0,1,13,0,14,0,7,18,0,25,14,0,14,39
01/08/2001,LEB,NH,ANE,EN,Federal Contract Tower,0,13,11,0,24,0,0,25,0,25,0,13,36,0,49,254,0,254,303
01/09/2001,LEB,NH,ANE,EN,Federal Contract Tower,0,12,10,1,23,0,1,30,1,32,0,13,40,2,55,202,0,202,257
01/10/2001,LEB,NH,ANE,EN,Federal Contract Tower,0,12,10,0,22,0,3,67,0,70,0,15,77,0,92,240,0,240,332
01/11/2001,LEB,NH,ANE,EN,Federal Contract Tower,0,14,12,0,26,0,1,47,0,48,0,15,59,0,74,244,0,244,318
01/12/2001,LEB,NH,ANE,EN,Federal Contract Tower,0,15,15,1,31,0,0,82,1,83,0,15,97,2,114,240,4,244,358
01/13/2001,LEB,NH,ANE,EN,Federal Contract Tower,0,8,6,0,14,0,4,77,0,81,0,12,83,0,95,58,0,58,153
01/14/2001,LEB,NH,ANE,EN,Federal Contract Tower,0,9,7,0,16,0,1,18,0,19,0,10,25,0,35,26,0,26,61
01/15/2001,LEB,NH,ANE,EN,Federal Contract Tower,0,14,10,0,24,0,1,15,0,16,0,15,25,0,40,216,0,216,256
01/16/2001,LEB,NH,ANE,EN,Federal Contract Tower,0,10,10,0,20,0,0,31,0,31,0,10,41,0,51,196,0,196,247
01/17/2001,LEB,NH,ANE,EN,Federal Contract Tower,0,14,13,0,27,0,0,32,2,34,0,14,45,2,61,312,2,314,375
01/18/2001,LEB,NH,ANE,EN,Federal Contract Tower,0,13,12,0,25,0,0,46,0,46,0,13,58,0,71,292,0,292,363
01/19/2001,LEB,NH,ANE,EN,Federal Contract Tower,0,11,33,0,44,0,0,35,0,35,0,11,68,0,79,16,0,16,95
01/20/2001,LEB,NH,ANE,EN,Federal Contract Tower,0,9,6,0,15,0,0,22,0,22,0,9,28,0,37,78,0,78,115
01/21/2001,LEB,NH,ANE,EN,Federal Contract Tower,0,10,9,0,19,0,0,44,0,44,0,10,53,0,63,40,0,40,103
01/22/2001,LEB,NH,ANE,EN,Federal Contract Tower,0,10,9,0,19,0,0,51,0,51,0,10,60,0,70,122,0,122,192
01/23/2001,LEB,NH,ANE,EN,Federal Contract Tower,0,12,9,0,21,0,3,57,0,60,0,15,66,0,81,130,0,130,211
01/24/2001,LEB,NH,ANE,EN,Federal Contract Tower,0,13,10,0,23,0,5,30,2,37,0,18,40,2,60,70,0,70,130
01/25/2001,LEB,NH,ANE,EN,Federal Contract Tower,0,10,8,0,18,0,3,13,0,16,0,13,21,0,34,4,0,4,38
01/26/2001,LEB,NH,ANE,EN,Federal Contract Tower,0,15,12,0,27,0,4,51,0,55,0,19,63,0,82,60,0,60,142
01/27/2001,LEB,NH,ANE,EN,Federal Contract Tower,0,9,4,0,13,0,4,0,2,6,0,13,4,2,19,0,0,0,19
01/28/2001,LEB,NH,ANE,EN,Federal Contract Tower,0,12,10,0,22,0,0,67,5,72,0,12,77,5,94,56,4,60,154
01/29/2001,LEB,NH,ANE,EN,Federal Contract Tower,0,18,16,0,34,0,0,38,0,38,0,18,54,0,72,78,0,78,150
01/30/2001,LEB,NH,ANE,EN,Federal Contract Tower,0,5,3,0,8,0,2,1,0,3,0,7,4,0,11,0,0,0,11
01/31/2001,LEB,NH,ANE,EN,Federal Contract Tower,0,2,2,0,4,0,0,1,0,1,0,2,3,0,5,0,0,0,5
02/01/2001,LEB,NH,ANE,EN,Federal Contract Tower,0,11,9,0,20,0,3,12,0,15,0,14,21,0,35,26,0,26,61
02/02/2001,LEB,NH,ANE,EN,Federal Contract Tower,0,16,15,0,31,0,1,18,0,19,0,17,33,0,50,28,0,28,78
02/03/2001,LEB,NH,ANE,EN,Federal Contract Tower,0,10,9,0,19,0,5,58,0,63,0,15,67,0,82,82,0,82,164
02/04/2001,LEB,NH,ANE,EN,Federal Contract Tower,0,11,9,0,20,0,2,23,0,25,0,13,32,0,45,24,0,24,69
02/05/2001,LEB,NH,ANE,EN,Federal Contract Tower,0,7,6,0,13,0,0,6,0,6,0,7,12,0,19,12,0,12,31
02/06/2001,LEB,NH,ANE,EN,Federal Contract Tower,0,10,9,0,19,0,0,1,0,1,0,10,10,0,20,0,0,0,20
02/07/2001,LEB,NH,ANE,EN,Federal Contract Tower,0,12,10,0,22,0,3,21,0,24,0,15,31,0,46,16,0,16,62
02/08/2001,LEB,NH,ANE,EN,Federal Contract Tower,0,14,12,0,26,0,1,19,0,20,0,15,31,0,46,46,0,46,92
02/09/2001,LEB,NH,ANE,EN,Federal Contract Tower,0,13,12,0,25,0,0,2,0,2,0,13,14,0,27,2,0,2,29
02/10/2001,LEB,NH,ANE,EN,Federal Contract Tower,0,6,5,0,11,0,3,0,0,3,0,9,5,0,14,0,0,0,14
02/11/2001,LEB,NH,ANE,EN,Federal Contract Tower,0,10,12,0,22,0,0,19,0,19,0,10,31,0,41,0,0,0,41
02/12/2001,LEB,NH,ANE,EN,Federal Contract Tower,0,9,7,1,17,0,2,43,1,46,0,11,50,2,63,16,0,16,79
02/13/2001,LEB,NH,ANE,EN,Federal Contract Tower,0,9,5,0,14,0,4,65,4,73,0,13,70,4,87,52,0,52,139
02/14/2001,LEB,NH,ANE,EN,Federal Contract Tower,0,15,11,0,26,0,2,5,0,7,0,17,16,0,33,28,0,28,61
02/15/2001,LEB,NH,ANE,EN,Federal Contract Tower,0,16,11,0,27,0,0,46,0,46,0,16,57,0,73,62,0,62,135
02/16/2001,LEB,NH,ANE,EN,Federal Contract Tower,0,17,14,0,31,0,0,47,0,47,0,17,61,0,78,56,0,56,134
02/17/2001,LEB,NH,ANE,EN,Federal Contract Tower,0,10,7,0,17,0,0,24,0,24,0,10,31,0,41,12,0,12,53
02/18/2001,LEB,NH,ANE,EN,Federal Contract Tower,0,12,8,0,20,0,0,32,0,32,0,12,40,0,52,28,2,30,82
02/19/2001,LEB,NH,ANE,EN,Federal Contract Tower,0,17,13,0,30,0,0,42,0,42,0,17,55,0,72,36,0,36,108
02/20/2001,LEB,NH,ANE,EN,Federal Contract Tower,0,13,11,0,24,0,0,44,0,44,0,13,55,0,68,84,0,84,152
02/21/2001,LEB,NH,ANE,EN,Federal Contract Tower,0,14,12,0,26,0,0,14,0,14,0,14,26,0,40,2,0,2,42
02/22/2001,LEB,NH,ANE,EN,Federal Contract Tower,0,15,10,0,25,0,0,70,0,70,0,15,80,0,95,40,0,40,135
02/23/2001,LEB,NH,ANE,EN,Federal Contract Tower,0,11,8,0,19,0,0,36,0,36,0,11,44,0,55,22,0,22,77
02/24/2001,LEB,NH,ANE,EN,Federal Contract Tower,0,11,11,0,22,0,0,63,0,63,0,11,74,0,85,84,0,84,169
02/25/2001,LEB,NH,ANE,EN,Federal Contract Tower,0,9,6,0,15,0,0,0,0,0,0,9,6,0,15,0,0,0,15
02/26/2001,LEB,NH,ANE,EN,Federal Contract Tower,0,11,8,0,19,0,0,14,0,14,0,11,22,0,33,10,0,10,43
02/27/2001,LEB,NH,ANE,EN,Federal Contract Tower,0,14,10,0,24,0,2,47,0,49,0,16,57,0,73,84,0,84,157
02/28/2001,LEB,NH,ANE,EN,Federal Contract Tower,0,12,8,0,20,0,4,51,0,55,0,16,59,0,75,96,0,96,171
03/01/2001,LEB,NH,ANE,EN,Federal Contract Tower,0,9,0,0,9,0,4,56,0,60,0,13,56,0,69,106,0,106,175
03/02/2001,LEB,NH,ANE,EN,Federal Contract Tower,0,16,0,0,16,0,2,50,0,52,0,18,50,0,68,92,0,92,160
03/03/2001,LEB,NH,ANE,EN,Federal Contract Tower,0,10,0,0,10,0,2,29,0,31,0,12,29,0,41,60,0,60,101
03/04/2001,LEB,NH,ANE,EN,Federal Contract Tower,0,6,0,0,6,0,3,50,0,53,0,9,50,0,59,70,0,70,129
03/05/2001,LEB,NH,ANE,EN,Federal Contract Tower,0,2,0,0,2,0,0,1,0,1,0,2,1,0,3,0,0,0,3
03/06/2001,LEB,NH,ANE,EN,Federal Contract Tower,0,0,0,0,0,0,0,1,0,1,0,0,1,0,1,0,0,0,1
03/07/2001,LEB,NH,ANE,EN,Federal Contract Tower,0,8,0,0,8,0,5,51,0,56,0,13,51,0,64,64,0,64,128
03/08/2001,LEB,NH,ANE,EN,Federal Contract Tower,0,11,0,0,11,0,3,59,0,62,0,14,59,0,73,46,8,54,127
03/09/2001,LEB,NH,ANE,EN,Federal Contract Tower,0,9,0,0,9,0,1,10,0,11,0,10,10,0,20,0,0,0,20
03/10/2001,LEB,NH,ANE,EN,Federal Contract Tower,0,5,0,0,5,0,4,16,0,20,0,9,16,0,25,36,0,36,61
03/11/2001,LEB,NH,ANE,EN,Federal Contract Tower,0,6,0,0,6,0,0,27,0,27,0,6,27,0,33,38,0,38,71
03/12/2001,LEB,NH,ANE,EN,Federal Contract Tower,0,9,1,0,10,0,7,77,0,84,0,16,78,0,94,62,0,62,156
03/13/2001,LEB,NH,ANE,EN,Federal Contract Tower,0,8,0,0,8,0,3,12,0,15,0,11,12,0,23,0,0,0,23
03/14/2001,LEB,NH,ANE,EN,Federal Contract Tower,0,9,0,0,9,0,5,13,0,18,0,14,13,0,27,44,0,44,71
03/15/2001,LEB,NH,ANE,EN,Federal Contract Tower,0,9,0,0,9,0,4,50,0,54,0,13,50,0,63,64,0,64,127
03/16/2001,LEB,NH,ANE,EN,Federal Contract Tower,0,9,0,0,9,0,3,57,0,60,0,12,57,0,69,70,0,70,139
03/17/2001,LEB,NH,ANE,EN,Federal Contract Tower,0,10,0,0,10,0,0,80,0,80,0,10,80,0,90,76,0,76,166
03/18/2001,LEB,NH,ANE,EN,Federal Contract Tower,0,6,0,0,6,0,3,58,0,61,0,9,58,0,67,40,8,48,115
03/19/2001,LEB,NH,ANE,EN,Federal Contract Tower,0,8,0,0,8,0,4,48,0,52,0,12,48,0,60,34,0,34,94
03/20/2001,LEB,NH,ANE,EN,Federal Contract Tower,0,8,0,0,8,0,7,60,0,67,0,15,60,0,75,46,0,46,121
03/21/2001,LEB,NH,ANE,EN,Federal Contract Tower,0,7,0,0,7,0,6,30,0,36,0,13,30,0,43,44,0,44,87
03/22/2001,LEB,NH,ANE,EN,Federal Contract Tower,0,1,0,0,1,0,0,9,0,9,0,1,9,0,10,0,0,0,10
03/23/2001,LEB,NH,ANE,EN,Federal Contract Tower,0,9,0,0,9,0,5,10,0,15,0,14,10,0,24,0,0,0,24
03/24/2001,LEB,NH,ANE,EN,Federal Contract Tower,0,7,0,0,7,0,7,34,1,42,0,14,34,1,49,36,0,36,85
03/25/2001,LEB,NH,ANE,EN,Federal Contract Tower,0,5,0,0,5,0,5,9,0,14,0,10,9,0,19,0,0,0,19
03/26/2001,LEB,NH,ANE,EN,Federal Contract Tower,0,12,0,0,12,0,3,37,0,40,0,15,37,0,52,56,0,56,108
03/27/2001,LEB,NH,ANE,EN,Federal Contract Tower,0,9,0,0,9,0,3,44,0,47,0,12,44,0,56,82,0,82,138
03/28/2001,LEB,NH,ANE,EN,Federal Contract Tower,0,11,0,0,11,0,6,58,0,64,0,17,58,0,75,68,0,68,143
03/29/2001,LEB,NH,ANE,EN,Federal Contract Tower,0,11,0,0,11,0,4,62,0,66,0,15,62,0,77,72,0,72,149
03/30/2001,LEB,NH,ANE,EN,Federal Contract Tower,0,3,0,0,3,0,0,3,0,3,0,3,3,0,6,0,0,0,6
03/31/2001,LEB,NH,ANE,EN,Federal Contract Tower,0,0,0,0,0,0,14,5,0,19,0,14,5,0,19,0,0,0,19
04/01/2001,LEB,NH,ANE,EN,Federal Contract Tower,0,0,5,0,5,0,0,13,0,13,0,0,18,0,18,0,0,0,18
04/02/2001,LEB,NH,ANE,EN,Federal Contract Tower,0,11,9,0,20,0,1,36,0,37,0,12,45,0,57,64,0,64,121
04/03/2001,LEB,NH,ANE,EN,Federal Contract Tower,0,15,13,0,28,0,0,50,2,52,0,15,63,2,80,22,4,26,106
04/04/2001,LEB,NH,ANE,EN,Federal Contract Tower,0,9,8,0,17,0,3,80,0,83,0,12,88,0,100,76,0,76,176
04/05/2001,LEB,NH,ANE,EN,Federal Contract Tower,0,10,9,0,19,0,5,56,0,61,0,15,65,0,80,64,0,64,144
04/06/2001,LEB,NH,ANE,EN,Federal Contract Tower,0,11,9,0,20,0,0,43,0,43,0,11,52,0,63,34,0,34,97
04/07/2001,LEB,NH,ANE,EN,Federal Contract Tower,0,10,9,0,19,0,0,40,1,41,0,10,49,1,60,70,2,72,132
04/08/2001,LEB,NH,ANE,EN,Federal Contract Tower,0,7,7,0,14,0,1,1,0,2,0,8,8,0,16,22,0,22,38
04/09/2001,LEB,NH,ANE,EN,Federal Contract Tower,0,12,8,0,20,0,0,27,0,27,0,12,35,0,47,44,0,44,91
04/10/2001,LEB,NH,ANE,EN,Federal Contract Tower,0,15,8,0,23,0,0,60,0,60,0,15,68,0,83,58,0,58,141
04/11/2001,LEB,NH,ANE,EN,Federal Contract Tower,0,10,5,0,15,0,2,78,52,132,0,12,83,52,147,0,0,0,147
04/12/2001,LEB,NH,ANE,EN,Federal Contract Tower,0,12,7,0,19,0,0,1,0,1,0,12,8,0,20,0,0,0,20
04/13/2001,LEB,NH,ANE,EN,Federal Contract Tower,0,14,10,0,24,0,0,29,0,29,0,14,39,0,53,14,0,14,67
04/14/2001,LEB,NH,ANE,EN,Federal Contract Tower,0,10,5,0,15,0,0,48,0,48,0,10,53,0,63,64,2,66,129
04/15/2001,LEB,NH,ANE,EN,Federal Contract Tower,0,10,5,0,15,0,0,60,0,60,0,10,65,0,75,80,0,80,155
04/16/2001,LEB,NH,ANE,EN,Federal Contract Tower,0,13,8,0,21,0,0,62,1,63,0,13,70,1,84,54,0,54,138
04/17/2001,LEB,NH,ANE,EN,Federal Contract Tower,0,15,9,0,24,0,0,67,0,67,0,15,76,0,91,82,0,82,173
04/18/2001,LEB,NH,ANE,EN,Federal Contract Tower,0,12,6,0,18,0,4,27,0,31,0,16,33,0,49,84,0,84,133
04/19/2001,LEB,NH,ANE,EN,Federal Contract Tower,0,14,7,0,21,0,0,64,0,64,0,14,71,0,85,144,0,144,229
04/20/2001,LEB,NH,ANE,EN,Federal Contract Tower,0,15,9,0,24,0,0,79,0,79,0,15,88,0,103,84,0,84,187
04/21/2001,LEB,NH,ANE,EN,Federal Contract Tower,0,16,10,0,26,0,0,49,2,51,0,16,59,2,77,40,0,40,117
04/22/2001,LEB,NH,ANE,EN,Federal Contract Tower,0,10,6,0,16,0,0,29,0,29,0,10,35,0,45,22,0,22,67
04/23/2001,LEB,NH,ANE,EN,Federal Contract Tower,0,9,5,0,14,0,0,68,0,68,0,9,73,0,82,128,0,128,210
04/24/2001,LEB,NH,ANE,EN,Federal Contract Tower,0,12,8,0,20,0,0,33,0,33,0,12,41,0,53,28,2,30,83
04/25/2001,LEB,NH,ANE,EN,Federal Contract Tower,0,12,7,0,19,0,1,45,0,46,0,13,52,0,65,46,0,46,111
04/26/2001,LEB,NH,ANE,EN,Federal Contract Tower,0,11,6,0,17,0,1,71,0,72,0,12,77,0,89,70,0,70,159
04/27/2001,LEB,NH,ANE,EN,Federal Contract Tower,0,18,11,0,29,2,0,62,0,64,2,18,73,0,93,60,0,60,153
04/28/2001,LEB,NH,ANE,EN,Federal Contract Tower,0,15,8,0,23,0,2,49,0,51,0,17,57,0,74,70,0,70,144
04/29/2001,LEB,NH,ANE,EN,Federal Contract Tower,0,13,7,0,20,0,0,85,0,85,0,13,92,0,105,56,0,56,161
04/30/2001,LEB,NH,ANE,EN,Federal Contract Tower,0,11,6,0,17,0,1,39,0,40,0,12,45,0,57,30,0,30,87
05/01/2001,LEB,NH,ANE,EN,Federal Contract Tower,0,11,10,0,21,0,2,72,0,74,0,13,82,0,95,68,0,68,163
05/02/2001,LEB,NH,ANE,EN,Federal Contract Tower,0,11,12,0,23,0,3,58,0,61,0,14,70,0,84,172,0,172,256
05/03/2001,LEB,NH,ANE,EN,Federal Contract Tower,0,10,12,0,22,0,5,52,0,57,0,15,64,0,79,96,4,100,179
05/04/2001,LEB,NH,ANE,EN,Federal Contract Tower,0,14,14,0,28,0,2,55,0,57,0,16,69,0,85,38,0,38,123
05/05/2001,LEB,NH,ANE,EN,Federal Contract Tower,0,12,13,0,25,0,1,33,0,34,0,13,46,0,59,8,0,8,67
05/06/2001,LEB,NH,ANE,EN,Federal Contract Tower,0,9,9,0,18,0,2,73,0,75,0,11,82,0,93,58,0,58,151
05/07/2001,LEB,NH,ANE,EN,Federal Contract Tower,0,11,10,0,21,0,2,67,0,69,0,13,77,0,90,74,0,74,164
05/08/2001,LEB,NH,ANE,EN,Federal Contract Tower,0,9,8,0,17,0,6,78,0,84,0,15,86,0,101,128,0,128,229
05/09/2001,LEB,NH,ANE,EN,Federal Contract Tower,0,14,13,0,27,0,3,61,0,64,0,17,74,0,91,66,0,66,157
05/10/2001,LEB,NH,ANE,EN,Federal Contract Tower,0,11,11,0,22,0,4,69,0,73,0,15,80,0,95,86,0,86,181
05/11/2001,LEB,NH,ANE,EN,Federal Contract Tower,0,9,8,0,17,0,4,62,0,66,0,13,70,0,83,28,0,28,111
05/12/2001,LEB,NH,ANE,EN,Federal Contract Tower,0,11,10,0,21,0,5,28,0,33,0,16,38,0,54,38,0,38,92
05/13/2001,LEB,NH,ANE,EN,Federal Contract Tower,0,11,11,0,22,0,0,42,0,42,0,11,53,0,64,58,0,58,122
05/14/2001,LEB,NH,ANE,EN,Federal Contract Tower,0,11,8,0,19,0,0,50,1,51,0,11,58,1,70,34,0,34,104
05/15/2001,LEB,NH,ANE,EN,Federal Contract Tower,0,10,7,0,17,0,2,43,0,45,0,12,50,0,62,130,4,134,196
05/16/2001,LEB,NH,ANE,EN,Federal Contract Tower,0,15,15,0,30,0,0,56,4,60,0,15,71,4,90,62,0,62,152
05/17/2001,LEB,NH,ANE,EN,Federal Contract Tower,0,13,13,0,26,0,0,49,0,49,0,13,62,0,75,96,0,96,171
05/18/2001,LEB,NH,ANE,EN,Federal Contract Tower,0,14,18,0,32,0,0,22,0,22,0,14,40,0,54,56,0,56,110
05/19/2001,LEB,NH,ANE,EN,Federal Contract Tower,0,14,10,0,24,0,0,59,0,59,0,14,69,0,83,68,0,68,151
05/20/2001,LEB,NH,ANE,EN,Federal Contract Tower,0,10,11,0,21,0,0,92,0,92,0,10,103,0,113,58,0,58,171
05/21/2001,LEB,NH,ANE,EN,Federal Contract Tower,0,12,9,0,21,0,1,88,0,89,0,13,97,0,110,96,0,96,206
05/22/2001,LEB,NH,ANE,EN,Federal Contract Tower,0,12,9,0,21,0,0,9,0,9,0,12,18,0,30,36,0,36,66
05/23/2001,LEB,NH,ANE,EN,Federal Contract Tower,0,13,11,0,24,0,0,27,4,31,0,13,38,4,55,4,0,4,59
05/24/2001,LEB,NH,ANE,EN,Federal Contract Tower,0,16,18,0,34,0,0,54,0,54,0,16,72,0,88,48,0,48,136
05/25/2001,LEB,NH,ANE,EN,Federal Contract Tower,0,17,17,0,34,0,0,86,0,86,0,17,103,0,120,50,0,50,170
05/26/2001,LEB,NH,ANE,EN,Federal Contract Tower,0,12,9,0,21,0,0,35,0,35,0,12,44,0,56,30,0,30,86
05/27/2001,LEB,NH,ANE,EN,Federal Contract Tower,0,7,5,0,12,0,3,4,0,7,0,10,9,0,19,44,0,44,63
05/28/2001,LEB,NH,ANE,EN,Federal Contract Tower,0,12,10,0,22,0,0,2,0,2,0,12,12,0,24,0,0,0,24
05/29/2001,LEB,NH,ANE,EN,Federal Contract Tower,0,12,10,0,22,0,0,50,0,50,0,12,60,0,72,84,0,84,156
05/30/2001,LEB,NH,ANE,EN,Federal Contract Tower,0,14,14,0,28,0,0,46,0,46,0,14,60,0,74,24,4,28,102
05/31/2001,LEB,NH,ANE,EN,Federal Contract Tower,0,17,14,0,31,0,0,43,0,43,0,17,57,0,74,28,0,28,102
06/01/2001,LEB,NH,ANE,EN,Federal Contract Tower,0,15,16,0,31,0,2,73,1,76,0,17,89,1,107,64,0,64,171
06/02/2001,LEB,NH,ANE,EN,Federal Contract Tower,0,9,4,0,13,0,6,0,0,6,0,15,4,0,19,0,0,0,19
06/03/2001,LEB,NH,ANE,EN,Federal Contract Tower,0,6,6,0,12,0,0,2,0,2,0,6,8,0,14,0,0,0,14
06/04/2001,LEB,NH,ANE,EN,Federal Contract Tower,0,18,18,0,36,0,0,49,0,49,0,18,67,0,85,58,0,58,143
06/05/2001,LEB,NH,ANE,EN,Federal Contract Tower,0,12,13,0,25,0,1,53,1,55,0,13,66,1,80,86,0,86,166
06/06/2001,LEB,NH,ANE,EN,Federal Contract Tower,0,10,10,0,20,0,1,74,2,77,0,11,84,2,97,92,8,100,197
06/07/2001,LEB,NH,ANE,EN,Federal Contract Tower,0,15,16,0,31,0,4,91,2,97,0,19,107,2,128,88,0,88,216
06/08/2001,LEB,NH,ANE,EN,Federal Contract Tower,0,13,13,0,26,0,7,84,0,91,0,20,97,0,117,194,0,194,311
06/09/2001,LEB,NH,ANE,EN,Federal Contract Tower,0,12,13,0,25,0,5,71,1,77,0,17,84,1,102,72,0,72,174
06/10/2001,LEB,NH,ANE,EN,Federal Contract Tower,0,13,15,0,28,0,0,97,0,97,0,13,112,0,125,84,0,84,209
06/11/2001,LEB,NH,ANE,EN,Federal Contract Tower,0,9,10,0,19,0,4,18,0,22,0,13,28,0,41,16,0,16,57
06/12/2001,LEB,NH,ANE,EN,Federal Contract Tower,0,11,11,0,22,0,1,35,0,36,0,12,46,0,58,100,0,100,158
06/13/2001,LEB,NH,ANE,EN,Federal Contract Tower,0,17,18,0,35,0,0,48,0,48,0,17,66,0,83,174,0,174,257
06/14/2001,LEB,NH,ANE,EN,Federal Contract Tower,0,14,14,0,28,0,1,54,0,55,0,15,68,0,83,122,0,122,205
06/15/2001,LEB,NH,ANE,EN,Federal Contract Tower,0,11,15,0,26,0,0,45,0,45,0,11,60,0,71,86,0,86,157
06/16/2001,LEB,NH,ANE,EN,Federal Contract Tower,0,6,7,0,13,0,0,52,0,52,0,6,59,0,65,14,0,14,79
06/17/2001,LEB,NH,ANE,EN,Federal Contract Tower,0,6,7,0,13,0,0,11,0,11,0,6,18,0,24,14,0,14,38
06/18/2001,LEB,NH,ANE,EN,Federal Contract Tower,0,14,13,0,27,0,1,83,0,84,0,15,96,0,111,134,0,134,245
06/19/2001,LEB,NH,ANE,EN,Federal Contract Tower,0,13,12,0,25,0,3,70,0,73,0,16,82,0,98,82,0,82,180
06/20/2001,LEB,NH,ANE,EN,Federal Contract Tower,0,14,13,0,27,0,0,75,0,75,0,14,88,0,102,130,0,130,232
06/21/2001,LEB,NH,ANE,EN,Federal Contract Tower,0,18,18,0,36,0,0,40,0,40,0,18,58,0,76,174,0,174,250
06/22/2001,LEB,NH,ANE,EN,Federal Contract Tower,0,13,11,0,24,0,2,14,0,16,0,15,25,0,40,0,0,0,40
06/23/2001,LEB,NH,ANE,EN,Federal Contract Tower,0,9,12,0,21,0,0,19,0,19,0,9,31,0,40,78,0,78,118
06/24/2001,LEB,NH,ANE,EN,Federal Contract Tower,0,21,28,0,49,0,0,82,0,82,0,21,110,0,131,118,0,118,249
06/25/2001,LEB,NH,ANE,EN,Federal Contract Tower,0,14,13,0,27,0,0,111,0,111,0,14,124,0,138,188,0,188,326
06/26/2001,LEB,NH,ANE,EN,Federal Contract Tower,0,16,15,0,31,0,1,86,2,89,0,17,101,2,120,100,0,100,220
06/27/2001,LEB,NH,ANE,EN,Federal Contract Tower,0,17,15,0,32,0,1,91,0,92,0,18,106,0,124,120,4,124,248
06/28/2001,LEB,NH,ANE,EN,Federal Contract Tower,0,14,12,0,26,0,1,69,0,70,0,15,81,0,96,94,0,94,190
06/29/2001,LEB,NH,ANE,EN,Federal Contract Tower,0,14,12,0,26,0,1,73,0,74,0,15,85,0,100,58,0,58,158
06/30/2001,LEB,NH,ANE,EN,Federal Contract Tower,0,9,7,0,16,0,2,37,0,39,0,11,44,0,55,22,0,22,77
07/01/2001,LEB,NH,ANE,EN,Federal Contract Tower,0,9,10,0,19,0,0,14,0,14,0,9,24,0,33,18,0,18,51
07/02/2001,LEB,NH,ANE,EN,Federal Contract Tower,0,14,15,0,29,0,0,66,0,66,0,14,81,0,95,46,0,46,141
07/03/2001,LEB,NH,ANE,EN,Federal Contract Tower,0,14,13,0,27,0,0,80,0,80,0,14,93,0,107,142,0,142,249
07/04/2001,LEB,NH,ANE,EN,Federal Contract Tower,0,8,7,0,15,0,5,35,0,40,0,13,42,0,55,30,0,30,85
07/05/2001,LEB,NH,ANE,EN,Federal Contract Tower,0,14,14,0,28,0,0,58,0,58,0,14,72,0,86,118,0,118,204
07/06/2001,LEB,NH,ANE,EN,Federal Contract Tower,0,9,9,0,18,0,4,59,0,63,0,13,68,0,81,48,0,48,129
07/07/2001,LEB,NH,ANE,EN,Federal Contract Tower,0,4,5,0,9,0,5,101,0,106,0,9,106,0,115,34,0,34,149
07/08/2001,LEB,NH,ANE,EN,Federal Contract Tower,0,21,19,0,40,0,0,7,0,7,0,21,26,0,47,20,0,20,67
07/09/2001,LEB,NH,ANE,EN,Federal Contract Tower,0,16,16,0,32,0,0,57,0,57,0,16,73,0,89,82,0,82,171
07/10/2001,LEB,NH,ANE,EN,Federal Contract Tower,0,17,16,0,33,0,7,40,0,47,0,24,56,0,80,68,0,68,148
07/11/2001,LEB,NH,ANE,EN,Federal Contract Tower,0,10,10,0,20,0,0,39,0,39,0,10,49,0,59,68,0,68,127
07/12/2001,LEB,NH,ANE,EN,Federal Contract Tower,0,14,10,0,24,0,1,57,0,58,0,15,67,0,82,56,0,56,138
07/13/2001,LEB,NH,ANE,EN,Federal Contract Tower,0,20,18,0,38,0,0,100,0,100,0,20,118,0,138,180,0,180,318
07/14/2001,LEB,NH,ANE,EN,Federal Contract Tower,0,7,5,0,12,0,2,55,0,57,0,9,60,0,69,30,0,30,99
07/15/2001,LEB,NH,ANE,EN,Federal Contract Tower,0,11,9,0,20,0,1,74,0,75,0,12,83,0,95,52,0,52,147
07/16/2001,LEB,NH,ANE,EN,Federal Contract Tower,0,16,13,0,29,0,0,84,0,84,0,16,97,0,113,78,0,78,191
07/17/2001,LEB,NH,ANE,EN,Federal Contract Tower,0,13,12,0,25,0,0,47,0,47,0,13,59,0,72,90,0,90,162
07/18/2001,LEB,NH,ANE,EN,Federal Contract Tower,0,17,13,0,30,0,1,80,0,81,0,18,93,0,111,84,0,84,195
07/19/2001,LEB,NH,ANE,EN,Federal Contract Tower,0,12,10,0,22,0,1,74,0,75,0,13,84,0,97,88,0,88,185
07/20/2001,LEB,NH,ANE,EN,Federal Contract Tower,0,21,17,0,38,0,3,93,0,96,0,24,110,0,134,66,0,66,200
07/21/2001,LEB,NH,ANE,EN,Federal Contract Tower,0,12,10,0,22,0,3,80,0,83,0,15,90,0,105,58,0,58,163
07/22/2001,LEB,NH,ANE,EN,Federal Contract Tower,0,14,15,0,29,0,0,88,0,88,0,14,103,0,117,86,0,86,203
07/23/2001,LEB,NH,ANE,EN,Federal Contract Tower,0,15,13,0,28,0,0,81,0,81,0,15,94,0,109,102,0,102,211
07/24/2001,LEB,NH,ANE,EN,Federal Contract Tower,0,16,14,0,30,0,0,52,0,52,0,16,66,0,82,58,0,58,140
07/25/2001,LEB,NH,ANE,EN,Federal Contract Tower,0,10,8,0,18,0,2,70,0,72,0,12,78,0,90,124,0,124,214
07/26/2001,LEB,NH,ANE,EN,Federal Contract Tower,0,12,10,0,22,0,2,39,0,41,0,14,49,0,63,126,0,126,189
07/27/2001,LEB,NH,ANE,EN,Federal Contract Tower,0,24,20,0,44,0,0,103,0,103,0,24,123,0,147,92,0,92,239
07/28/2001,LEB,NH,ANE,EN,Federal Contract Tower,0,10,9,0,19,0,0,120,0,120,0,10,129,0,139,80,0,80,219
07/29/2001,LEB,NH,ANE,EN,Federal Contract Tower,0,11,12,0,23,0,0,85,0,85,0,11,97,0,108,66,0,66,174
07/30/2001,LEB,NH,ANE,EN,Federal Contract Tower,0,21,17,0,38,0,1,41,0,42,0,22,58,0,80,30,0,30,110
07/31/2001,LEB,NH,ANE,EN,Federal Contract Tower,0,13,10,0,23,0,3,46,0,49,0,16,56,0,72,34,0,34,106
08/01/2001,LEB,NH,ANE,EN,Federal Contract Tower,0,15,16,0,31,0,5,65,0,70,0,20,81,0,101,56,0,56,157
08/02/2001,LEB,NH,ANE,EN,Federal Contract Tower,0,17,20,0,37,0,5,68,0,73,0,22,88,0,110,80,0,80,190
08/03/2001,LEB,NH,ANE,EN,Federal Contract Tower,0,14,17,0,31,0,2,18,2,22,0,16,35,2,53,66,0,66,119
08/04/2001,LEB,NH,ANE,EN,Federal Contract Tower,0,12,15,0,27,0,5,51,0,56,0,17,66,0,83,79,0,79,162
08/05/2001,LEB,NH,ANE,EN,Federal Contract Tower,0,12,15,0,27,0,0,63,0,63,0,12,78,0,90,58,0,58,148
08/06/2001,LEB,NH,ANE,EN,Federal Contract Tower,0,10,12,0,22,0,2,67,0,69,0,12,79,0,91,70,0,70,161
08/07/2001,LEB,NH,ANE,EN,Federal Contract Tower,0,10,10,0,20,0,5,57,0,62,0,15,67,0,82,82,0,82,164
08/08/2001,LEB,NH,ANE,EN,Federal Contract Tower,0,11,12,0,23,0,5,75,0,80,0,16,87,0,103,42,0,42,145
08/09/2001,LEB,NH,ANE,EN,Federal Contract Tower,0,12,15,0,27,0,0,81,0,81,0,12,96,0,108,50,0,50,158
08/10/2001,LEB,NH,ANE,EN,Federal Contract Tower,0,8,14,0,22,0,0,56,0,56,0,8,70,0,78,70,0,70,148
08/11/2001,LEB,NH,ANE,EN,Federal Contract Tower,0,11,17,0,28,0,0,104,0,104,0,11,121,0,132,134,0,134,266
08/12/2001,LEB,NH,ANE,EN,Federal Contract Tower,0,10,12,0,22,0,0,52,0,52,0,10,64,0,74,76,0,76,150
08/13/2001,LEB,NH,ANE,EN,Federal Contract Tower,0,11,16,1,28,0,0,54,1,55,0,11,70,2,83,80,0,80,163
08/14/2001,LEB,NH,ANE,EN,Federal Contract Tower,0,12,14,0,26,0,0,83,0,83,0,12,97,0,109,76,0,76,185
08/15/2001,LEB,NH,ANE,EN,Federal Contract Tower,0,17,16,1,34,0,2,119,1,122,0,19,135,2,156,148,2,150,306
08/16/2001,LEB,NH,ANE,EN,Federal Contract Tower,0,12,12,0,24,0,2,87,0,89,0,14,99,0,113,76,2,78,191
08/17/2001,LEB,NH,ANE,EN,Federal Contract Tower,0,19,20,0,39,0,0,14,0,14,0,19,34,0,53,0,0,0,53
08/18/2001,LEB,NH,ANE,EN,Federal Contract Tower,0,9,9,0,18,0,0,46,0,46,0,9,55,0,64,36,0,36,100
08/19/2001,LEB,NH,ANE,EN,Federal Contract Tower,0,5,9,0,14,0,0,52,0,52,0,5,61,0,66,14,0,14,80
08/20/2001,LEB,NH,ANE,EN,Federal Contract Tower,0,14,13,0,27,0,0,5,0,5,0,14,18,0,32,12,0,12,44
08/21/2001,LEB,NH,ANE,EN,Federal Contract Tower,0,14,13,0,27,0,5,24,0,29,0,19,37,0,56,60,0,60,116
08/22/2001,LEB,NH,ANE,EN,Federal Contract Tower,0,16,15,0,31,0,7,75,2,84,0,23,90,2,115,90,0,90,205
08/23/2001,LEB,NH,ANE,EN,Federal Contract Tower,0,15,14,0,29,0,2,66,4,72,0,17,80,4,101,76,0,76,177
08/24/2001,LEB,NH,ANE,EN,Federal Contract Tower,0,16,14,0,30,0,2,81,0,83,0,18,95,0,113,42,0,42,155
08/25/2001,LEB,NH,ANE,EN,Federal Contract Tower,0,12,10,0,22,0,2,58,0,60,0,14,68,0,82,32,0,32,114
08/26/2001,LEB,NH,ANE,EN,Federal Contract Tower,0,12,11,0,23,0,0,75,0,75,0,12,86,0,98,68,0,68,166
08/27/2001,LEB,NH,ANE,EN,Federal Contract Tower,0,11,14,0,25,0,0,38,0,38,0,11,52,0,63,84,0,84,147
08/28/2001,LEB,NH,ANE,EN,Federal Contract Tower,0,15,14,0,29,0,0,41,0,41,0,15,55,0,70,44,0,44,114
08/29/2001,LEB,NH,ANE,EN,Federal Contract Tower,0,16,14,0,30,0,1,80,0,81,0,17,94,0,111,74,0,74,185
08/30/2001,LEB,NH,ANE,EN,Federal Contract Tower,0,12,11,0,23,0,3,70,2,75,0,15,81,2,98,92,0,92,190
08/31/2001,LEB,NH,ANE,EN,Federal Contract Tower,0,13,18,0,31,0,0,38,0,38,0,13,56,0,69,68,0,68,137
09/01/2001,LEB,NH,ANE,EN,Federal Contract Tower,0,10,13,0,23,0,0,28,1,29,0,10,41,1,52,2,0,2,54
09/02/2001,LEB,NH,ANE,EN,Federal Contract Tower,0,8,11,0,19,0,0,56,0,56,0,8,67,0,75,16,0,16,91
09/03/2001,LEB,NH,ANE,EN,Federal Contract Tower,0,11,12,0,23,0,0,91,2,93,0,11,103,2,116,80,0,80,196
09/04/2001,LEB,NH,ANE,EN,Federal Contract Tower,0,10,11,0,21,0,1,51,0,52,0,11,62,0,73,98,8,106,179
09/05/2001,LEB,NH,ANE,EN,Federal Contract Tower,0,13,15,0,28,0,4,75,0,79,0,17,90,0,107,80,20,100,207
09/06/2001,LEB,NH,ANE,EN,Federal Contract Tower,0,10,13,0,23,0,2,94,0,96,0,12,107,0,119,78,0,78,197
09/07/2001,LEB,NH,ANE,EN,Federal Contract Tower,0,6,8,0,14,0,6,52,0,58,0,12,60,0,72,58,0,58,130
09/08/2001,LEB,NH,ANE,EN,Federal Contract Tower,0,10,12,1,23,0,1,86,2,89,0,11,98,3,112,62,10,72,184
09/09/2001,LEB,NH,ANE,EN,Federal Contract Tower,0,12,14,0,26,0,1,63,0,64,0,13,77,0,90,56,2,58,148
09/10/2001,LEB,NH,ANE,EN,Federal Contract Tower,0,17,21,0,38,0,3,39,0,42,0,20,60,0,80,44,0,44,124
09/11/2001,LEB,NH,ANE,EN,Federal Contract Tower,0,1,1,0,2,0,1,1,0,2,0,2,2,0,4,0,0,0,4
09/12/2001,LEB,NH,ANE,EN,Federal Contract Tower,0,1,0,0,1,0,3,0,0,3,0,4,0,0,4,56,0,56,60
09/13/2001,LEB,NH,ANE,EN,Federal Contract Tower,0,1,0,0,1,0,2,0,0,2,0,3,0,0,3,0,0,0,3
09/14/2001,LEB,NH,ANE,EN,Federal Contract Tower,0,6,1,0,7,0,7,0,0,7,0,13,1,0,14,4,0,4,18
09/15/2001,LEB,NH,ANE,EN,Federal Contract Tower,0,15,16,0,31,0,4,0,0,4,0,19,16,0,35,30,0,30,65
09/16/2001,LEB,NH,ANE,EN,Federal Contract Tower,0,13,17,0,30,0,3,0,0,3,0,16,17,0,33,26,0,26,59
09/17/2001,LEB,NH,ANE,EN,Federal Contract Tower,0,15,22,0,37,0,0,3,0,3,0,15,25,0,40,0,0,0,40
09/18/2001,LEB,NH,ANE,EN,Federal Contract Tower,0,7,18,0,25,0,0,3,4,7,0,7,21,4,32,0,0,0,32
09/19/2001,LEB,NH,ANE,EN,Federal Contract Tower,0,13,11,0,24,0,6,0,0,6,0,19,11,0,30,0,0,0,30
09/20/2001,LEB,NH,ANE,EN,Federal Contract Tower,0,7,15,0,22,0,0,9,0,9,0,7,24,0,31,8,0,8,39
09/21/2001,LEB,NH,ANE,EN,Federal Contract Tower,0,4,16,0,20,0,0,23,0,23,0,4,39,0,43,50,0,50,93
09/22/2001,LEB,NH,ANE,EN,Federal Contract Tower,0,1,12,0,13,0,0,24,0,24,0,1,36,0,37,30,0,30,67
09/23/2001,LEB,NH,ANE,EN,Federal Contract Tower,0,14,20,0,34,0,0,66,3,69,0,14,86,3,103,90,0,90,193
09/24/2001,LEB,NH,ANE,EN,Federal Contract Tower,0,9,11,0,20,0,0,40,0,40,0,9,51,0,60,50,0,50,110
09/25/2001,LEB,NH,ANE,EN,Federal Contract Tower,0,6,6,0,12,0,3,0,0,3,0,9,6,0,15,0,0,0,15
09/26/2001,LEB,NH,ANE,EN,Federal Contract Tower,0,12,22,0,34,0,0,71,0,71,0,12,93,0,105,92,4,96,201
09/27/2001,LEB,NH,ANE,EN,Federal Contract Tower,0,11,16,0,27,0,0,54,1,55,0,11,70,1,82,90,0,90,172
09/28/2001,LEB,NH,ANE,EN,Federal Contract Tower,0,20,26,0,46,0,5,1,0,6,0,25,27,0,52,2,4,6,58
09/29/2001,LEB,NH,ANE,EN,Federal Contract Tower,0,6,14,0,20,0,0,71,0,71,0,6,85,0,91,50,0,50,141
09/30/2001,LEB,NH,ANE,EN,Federal Contract Tower,0,6,11,0,17,0,0,53,0,53,0,6,64,0,70,38,0,38,108
10/01/2001,LEB,NH,ANE,EN,Federal Contract Tower,0,15,15,0,30,0,0,42,0,42,0,15,57,0,72,50,0,50,122
10/02/2001,LEB,NH,ANE,EN,Federal Contract Tower,0,16,15,0,31,0,0,42,0,42,0,16,57,0,73,28,0,28,101
10/03/2001,LEB,NH,ANE,EN,Federal Contract Tower,0,12,16,0,28,0,0,64,1,65,0,12,80,1,93,56,0,56,149
10/04/2001,LEB,NH,ANE,EN,Federal Contract Tower,0,20,22,0,42,0,0,91,0,91,0,20,113,0,133,74,4,78,211
10/05/2001,LEB,NH,ANE,EN,Federal Contract Tower,0,19,20,0,39,0,5,50,0,55,0,24,70,0,94,26,0,26,120
10/06/2001,LEB,NH,ANE,EN,Federal Contract Tower,0,7,8,0,15,0,0,5,0,5,0,7,13,0,20,0,0,0,20
10/07/2001,LEB,NH,ANE,EN,Federal Contract Tower,0,13,15,0,28,0,0,26,0,26,0,13,41,0,54,20,0,20,74
10/08/2001,LEB,NH,ANE,EN,Federal Contract Tower,0,16,19,0,35,0,0,55,0,55,0,16,74,0,90,52,0,52,142
10/09/2001,LEB,NH,ANE,EN,Federal Contract Tower,0,14,14,0,28,0,1,96,0,97,0,15,110,0,125,88,0,88,213
10/10/2001,LEB,NH,ANE,EN,Federal Contract Tower,0,14,15,0,29,0,0,108,0,108,0,14,123,0,137,108,0,108,245
10/11/2001,LEB,NH,ANE,EN,Federal Contract Tower,0,18,20,0,38,0,0,101,0,101,0,18,121,0,139,78,0,78,217
10/12/2001,LEB,NH,ANE,EN,Federal Contract Tower,0,18,20,0,38,0,3,59,0,62,0,21,79,0,100,40,0,40,140
10/13/2001,LEB,NH,ANE,EN,Federal Contract Tower,0,10,15,0,25,0,0,76,0,76,0,10,91,0,101,32,0,32,133
10/14/2001,LEB,NH,ANE,EN,Federal Contract Tower,0,11,17,0,28,0,0,8,0,8,0,11,25,0,36,20,0,20,56
10/15/2001,LEB,NH,ANE,EN,Federal Contract Tower,0,11,16,0,27,0,0,36,0,36,0,11,52,0,63,88,0,88,151
10/16/2001,LEB,NH,ANE,EN,Federal Contract Tower,0,12,12,0,24,0,0,69,0,69,0,12,81,0,93,52,10,62,155
10/17/2001,LEB,NH,ANE,EN,Federal Contract Tower,0,14,16,0,30,0,3,13,0,16,0,17,29,0,46,14,0,14,60
10/18/2001,LEB,NH,ANE,EN,Federal Contract Tower,0,20,22,0,42,0,1,69,4,74,0,21,91,4,116,48,2,50,166
10/19/2001,LEB,NH,ANE,EN,Federal Contract Tower,0,14,16,0,30,0,8,92,2,102,0,22,108,2,132,68,2,70,202
10/20/2001,LEB,NH,ANE,EN,Federal Contract Tower,0,12,17,0,29,0,0,82,2,84,0,12,99,2,113,48,0,48,161
10/21/2001,LEB,NH,ANE,EN,Federal Contract Tower,0,16,18,0,34,0,4,72,0,76,0,20,90,0,110,70,0,70,180
10/22/2001,LEB,NH,ANE,EN,Federal Contract Tower,0,18,20,0,38,0,2,74,0,76,0,20,94,0,114,78,0,78,192
10/23/2001,LEB,NH,ANE,EN,Federal Contract Tower,0,14,16,0,30,0,7,35,0,42,0,21,51,0,72,70,2,72,144
10/24/2001,LEB,NH,ANE,EN,Federal Contract Tower,0,17,20,0,37,0,1,59,0,60,0,18,79,0,97,44,0,44,141
10/25/2001,LEB,NH,ANE,EN,Federal Contract Tower,0,17,20,0,37,0,9,14,0,23,0,26,34,0,60,34,0,34,94
10/26/2001,LEB,NH,ANE,EN,Federal Contract Tower,0,14,17,0,31,0,0,39,0,39,0,14,56,0,70,8,0,8,78
10/27/2001,LEB,NH,ANE,EN,Federal Contract Tower,0,11,13,0,24,0,7,14,0,21,0,18,27,0,45,32,0,32,77
10/28/2001,LEB,NH,ANE,EN,Federal Contract Tower,0,8,9,0,17,0,6,90,2,98,0,14,99,2,115,86,0,86,201
10/29/2001,LEB,NH,ANE,EN,Federal Contract Tower,0,13,15,0,28,0,0,63,0,63,0,13,78,0,91,98,0,98,189
10/30/2001,LEB,NH,ANE,EN,Federal Contract Tower,0,14,15,0,29,0,0,50,2,52,0,14,65,2,81,78,4,82,163
10/31/2001,LEB,NH,ANE,EN,Federal Contract Tower,0,13,14,0,27,0,1,49,2,52,0,14,63,2,79,120,0,120,199
11/01/2001,LEB,NH,ANE,EN,Federal Contract Tower,0,12,13,0,25,0,0,26,2,28,0,12,39,2,53,20,0,20,73
11/02/2001,LEB,NH,ANE,EN,Federal Contract Tower,0,18,20,0,38,0,4,28,2,34,0,22,48,2,72,16,0,16,88
11/03/2001,LEB,NH,ANE,EN,Federal Contract Tower,0,14,16,0,30,0,0,51,5,56,0,14,67,5,86,64,0,64,150
11/04/2001,LEB,NH,ANE,EN,Federal Contract Tower,0,13,16,0,29,0,0,63,0,63,0,13,79,0,92,84,0,84,176
11/05/2001,LEB,NH,ANE,EN,Federal Contract Tower,0,12,12,0,24,0,5,0,0,5,0,17,12,0,29,0,0,0,29
11/06/2001,LEB,NH,ANE,EN,Federal Contract Tower,0,14,14,0,28,0,1,49,0,50,0,15,63,0,78,52,8,60,138
11/07/2001,LEB,NH,ANE,EN,Federal Contract Tower,0,10,13,0,23,0,0,31,0,31,0,10,44,0,54,30,0,30,84
11/08/2001,LEB,NH,ANE,EN,Federal Contract Tower,0,12,11,0,23,0,0,76,0,76,0,12,87,0,99,76,0,76,175
11/09/2001,LEB,NH,ANE,EN,Federal Contract Tower,0,12,13,1,26,0,0,35,0,35,0,12,48,1,61,52,8,60,121
11/10/2001,LEB,NH,ANE,EN,Federal Contract Tower,0,8,11,1,20,0,0,50,14,64,0,8,61,15,84,66,6,72,156
11/11/2001,LEB,NH,ANE,EN,Federal Contract Tower,0,10,11,0,21,0,0,40,0,40,0,10,51,0,61,52,0,52,113
11/12/2001,LEB,NH,ANE,EN,Federal Contract Tower,0,10,9,0,19,0,4,24,0,28,0,14,33,0,47,26,0,26,73
11/13/2001,LEB,NH,ANE,EN,Federal Contract Tower,0,10,10,1,21,0,3,66,1,70,0,13,76,2,91,60,0,60,151
11/14/2001,LEB,NH,ANE,EN,Federal Contract Tower,0,13,12,0,25,0,4,26,0,30,0,17,38,0,55,38,0,38,93
11/15/2001,LEB,NH,ANE,EN,Federal Contract Tower,0,14,13,0,27,0,0,34,0,34,0,14,47,0,61,66,0,66,127
11/16/2001,LEB,NH,ANE,EN,Federal Contract Tower,0,16,15,0,31,0,6,64,1,71,0,22,79,1,102,106,0,106,208
11/17/2001,LEB,NH,ANE,EN,Federal Contract Tower,0,6,9,0,15,0,0,113,0,113,0,6,122,0,128,132,0,132,260
11/18/2001,LEB,NH,ANE,EN,Federal Contract Tower,0,10,17,0,27,0,0,81,2,83,0,10,98,2,110,96,0,96,206
11/19/2001,LEB,NH,ANE,EN,Federal Contract Tower,0,13,11,0,24,0,12,70,0,82,0,25,81,0,106,32,0,32,138
11/20/2001,LEB,NH,ANE,EN,Federal Contract Tower,0,19,17,0,36,0,9,20,4,33,0,28,37,4,69,44,0,44,113
11/21/2001,LEB,NH,ANE,EN,Federal Contract Tower,0,25,25,0,50,0,0,79,0,79,0,25,104,0,129,120,0,120,249
11/22/2001,LEB,NH,ANE,EN,Federal Contract Tower,0,9,7,0,16,0,4,15,0,19,0,13,22,0,35,6,0,6,41
11/23/2001,LEB,NH,ANE,EN,Federal Contract Tower,0,7,7,0,14,0,0,54,0,54,0,7,61,0,68,36,0,36,104
11/24/2001,LEB,NH,ANE,EN,Federal Contract Tower,0,9,8,0,17,0,2,8,0,10,0,11,16,0,27,40,0,40,67
11/25/2001,LEB,NH,ANE,EN,Federal Contract Tower,0,22,23,0,45,0,0,2,0,2,0,22,25,0,47,0,0,0,47
11/26/2001,LEB,NH,ANE,EN,Federal Contract Tower,0,13,15,0,28,0,0,17,0,17,0,13,32,0,45,22,0,22,67
11/27/2001,LEB,NH,ANE,EN,Federal Contract Tower,0,14,15,0,29,0,0,15,0,15,0,14,30,0,44,172,0,172,216
11/28/2001,LEB,NH,ANE,EN,Federal Contract Tower,0,17,15,0,32,0,5,46,0,51,0,22,61,0,83,266,0,266,349
11/29/2001,LEB,NH,ANE,EN,Federal Contract Tower,0,8,6,0,14,0,0,12,0,12,0,8,18,0,26,244,0,244,270
11/30/2001,LEB,NH,ANE,EN,Federal Contract Tower,0,14,13,0,27,0,3,11,0,14,0,17,24,0,41,290,0,290,331
12/01/2001,LEB,NH,ANE,EN,Federal Contract Tower,0,7,8,0,15,0,0,65,0,65,0,7,73,0,80,124,0,124,204
12/02/2001,LEB,NH,ANE,EN,Federal Contract Tower,0,11,11,0,22,0,2,81,2,85,0,13,92,2,107,70,0,70,177
12/03/2001,LEB,NH,ANE,EN,Federal Contract Tower,0,11,12,0,23,0,0,55,0,55,0,11,67,0,78,182,0,182,260
12/04/2001,LEB,NH,ANE,EN,Federal Contract Tower,0,17,18,0,35,0,0,83,0,83,0,17,101,0,118,230,0,230,348
12/05/2001,LEB,NH,ANE,EN,Federal Contract Tower,0,10,10,0,20,0,4,55,0,59,0,14,65,0,79,386,0,386,465
12/06/2001,LEB,NH,ANE,EN,Federal Contract Tower,0,10,12,0,22,0,0,63,2,65,0,10,75,2,87,282,10,292,379
12/07/2001,LEB,NH,ANE,EN,Federal Contract Tower,0,18,14,0,32,0,0,68,0,68,0,18,82,0,100,294,0,294,394
12/08/2001,LEB,NH,ANE,EN,Federal Contract Tower,0,5,5,0,10,0,3,58,2,63,0,8,63,2,73,70,0,70,143
12/09/2001,LEB,NH,ANE,EN,Federal Contract Tower,0,8,7,0,15,0,2,28,0,30,0,10,35,0,45,30,0,30,75
12/10/2001,LEB,NH,ANE,EN,Federal Contract Tower,0,12,11,0,23,0,0,44,0,44,0,12,55,0,67,62,0,62,129
12/11/2001,LEB,NH,ANE,EN,Federal Contract Tower,0,12,10,0,22,0,2,49,0,51,0,14,59,0,73,70,0,70,143
12/12/2001,LEB,NH,ANE,EN,Federal Contract Tower,0,10,7,0,17,0,1,39,0,40,0,11,46,0,57,84,0,84,141
12/13/2001,LEB,NH,ANE,EN,Federal Contract Tower,0,17,13,0,30,0,0,1,0,1,0,17,14,0,31,0,0,0,31
12/14/2001,LEB,NH,ANE,EN,Federal Contract Tower,0,12,10,0,22,0,0,17,0,17,0,12,27,0,39,64,0,64,103
12/15/2001,LEB,NH,ANE,EN,Federal Contract Tower,0,7,5,0,12,0,0,13,0,13,0,7,18,0,25,32,0,32,57
12/16/2001,LEB,NH,ANE,EN,Federal Contract Tower,0,6,4,0,10,0,0,104,0,104,0,6,108,0,114,180,0,180,294
12/17/2001,LEB,NH,ANE,EN,Federal Contract Tower,0,6,6,0,12,0,0,7,0,7,0,6,13,0,19,36,0,36,55
12/18/2001,LEB,NH,ANE,EN,Federal Contract Tower,0,12,9,0,21,0,4,2,0,6,0,16,11,0,27,6,0,6,33
12/19/2001,LEB,NH,ANE,EN,Federal Contract Tower,0,13,10,0,23,0,0,80,0,80,0,13,90,0,103,174,0,174,277
12/20/2001,LEB,NH,ANE,EN,Federal Contract Tower,0,11,9,0,20,0,0,32,0,32,0,11,41,0,52,74,0,74,126
12/21/2001,LEB,NH,ANE,EN,Federal Contract Tower,0,12,11,0,23,0,0,18,0,18,0,12,29,0,41,48,0,48,89
12/22/2001,LEB,NH,ANE,EN,Federal Contract Tower,0,9,7,0,16,0,0,64,0,64,0,9,71,0,80,82,0,82,162
12/23/2001,LEB,NH,ANE,EN,Federal Contract Tower,0,7,4,0,11,0,2,58,0,60,0,9,62,0,71,70,0,70,141
12/24/2001,LEB,NH,ANE,EN,Federal Contract Tower,0,7,0,0,7,0,4,0,0,4,0,11,0,0,11,0,0,0,11
12/25/2001,LEB,NH,ANE,EN,Federal Contract Tower,0,4,2,0,6,0,2,2,0,4,0,6,4,0,10,2,0,2,12
12/26/2001,LEB,NH,ANE,EN,Federal Contract Tower,0,13,11,0,24,0,0,71,0,71,0,13,82,0,95,90,0,90,185
12/27/2001,LEB,NH,ANE,EN,Federal Contract Tower,0,7,5,0,12,0,3,73,0,76,0,10,78,0,88,260,0,260,348
12/28/2001,LEB,NH,ANE,EN,Federal Contract Tower,0,10,7,0,17,0,2,73,0,75,0,12,80,0,92,120,0,120,212
12/29/2001,LEB,NH,ANE,EN,Federal Contract Tower,0,6,5,0,11,0,0,76,0,76,0,6,81,0,87,104,0,104,191
12/30/2001,LEB,NH,ANE,EN,Federal Contract Tower,0,10,7,0,17,0,0,36,0,36,0,10,43,0,53,74,0,74,127
12/31/2001,LEB,NH,ANE,EN,Federal Contract Tower,0,8,5,0,13,0,2,30,2,34,0,10,35,2,47,26,0,26,73
01/01/2002,LEB,NH,ANE,EN,Federal Contract Tower,0,7,5,0,12,0,1,29,0,30,0,8,34,0,42,0,0,0,42
01/02/2002,LEB,NH,ANE,EN,Federal Contract Tower,0,13,10,0,23,0,1,85,0,86,0,14,95,0,109,198,0,198,307
01/03/2002,LEB,NH,ANE,EN,Federal Contract Tower,0,10,8,0,18,0,3,67,0,70,0,13,75,0,88,86,0,86,174
01/04/2002,LEB,NH,ANE,EN,Federal Contract Tower,0,15,11,0,26,0,2,74,0,76,0,17,85,0,102,156,0,156,258
01/05/2002,LEB,NH,ANE,EN,Federal Contract Tower,0,9,7,0,16,0,4,51,0,55,0,13,58,0,71,60,0,60,131
01/06/2002,LEB,NH,ANE,EN,Federal Contract Tower,0,8,7,1,16,0,0,20,3,23,0,8,27,4,39,30,0,30,69
01/07/2002,LEB,NH,ANE,EN,Federal Contract Tower,0,6,1,0,7,0,5,0,0,5,0,11,1,0,12,0,0,0,12
01/08/2002,LEB,NH,ANE,EN,Federal Contract Tower,0,10,6,0,16,0,0,46,0,46,0,10,52,0,62,84,0,84,146
01/09/2002,LEB,NH,ANE,EN,Federal Contract Tower,0,10,6,0,16,0,1,22,0,23,0,11,28,0,39,64,0,64,103
01/10/2002,LEB,NH,ANE,EN,Federal Contract Tower,0,17,10,0,27,0,4,30,0,34,0,21,40,0,61,82,0,82,143
01/11/2002,LEB,NH,ANE,EN,Federal Contract Tower,0,17,9,0,26,0,1,43,0,44,0,18,52,0,70,114,0,114,184
01/12/2002,LEB,NH,ANE,EN,Federal Contract Tower,0,11,6,0,17,0,4,65,2,71,0,15,71,2,88,76,0,76,164
01/13/2002,LEB,NH,ANE,EN,Federal Contract Tower,0,7,2,0,9,0,1,0,0,1,0,8,2,0,10,0,0,0,10
01/14/2002,LEB,NH,ANE,EN,Federal Contract Tower,0,20,11,0,31,0,1,49,0,50,0,21,60,0,81,94,0,94,175
01/15/2002,LEB,NH,ANE,EN,Federal Contract Tower,0,8,2,0,10,0,2,0,0,2,0,10,2,0,12,0,0,0,12
01/16/2002,LEB,NH,ANE,EN,Federal Contract Tower,0,14,8,0,22,0,1,48,0,49,0,15,56,0,71,50,0,50,121
01/17/2002,LEB,NH,ANE,EN,Federal Contract Tower,0,12,5,0,17,0,3,0,0,3,0,15,5,0,20,0,0,0,20
01/18/2002,LEB,NH,ANE,EN,Federal Contract Tower,0,20,12,0,32,0,0,36,0,36,0,20,48,0,68,84,0,84,152
01/19/2002,LEB,NH,ANE,EN,Federal Contract Tower,0,13,7,0,20,0,0,52,2,54,0,13,59,2,74,62,0,62,136
01/20/2002,LEB,NH,ANE,EN,Federal Contract Tower,0,14,8,0,22,0,0,53,4,57,0,14,61,4,79,100,2,102,181
01/21/2002,LEB,NH,ANE,EN,Federal Contract Tower,0,17,10,0,27,0,4,50,0,54,0,21,60,0,81,50,2,52,133
01/22/2002,LEB,NH,ANE,EN,Federal Contract Tower,0,12,7,0,19,0,6,56,0,62,0,18,63,0,81,172,0,172,253
01/23/2002,LEB,NH,ANE,EN,Federal Contract Tower,0,13,7,0,20,0,0,34,0,34,0,13,41,0,54,62,0,62,116
01/24/2002,LEB,NH,ANE,EN,Federal Contract Tower,0,11,8,0,19,0,0,4,0,4,0,11,12,0,23,0,0,0,23
01/25/2002,LEB,NH,ANE,EN,Federal Contract Tower,0,13,10,0,23,0,0,49,0,49,0,13,59,0,72,96,4,100,172
01/26/2002,LEB,NH,ANE,EN,Federal Contract Tower,0,7,4,0,11,0,2,62,0,64,0,9,66,0,75,126,10,136,211
01/27/2002,LEB,NH,ANE,EN,Federal Contract Tower,0,13,10,0,23,0,0,91,0,91,0,13,101,0,114,158,4,162,276
01/28/2002,LEB,NH,ANE,EN,Federal Contract Tower,0,14,8,0,22,0,0,72,0,72,0,14,80,0,94,74,0,74,168
01/29/2002,LEB,NH,ANE,EN,Federal Contract Tower,0,13,7,0,20,0,0,39,0,39,0,13,46,0,59,48,0,48,107
01/30/2002,LEB,NH,ANE,EN,Federal Contract Tower,0,15,9,0,24,0,0,8,0,8,0,15,17,0,32,26,0,26,58
01/31/2002,LEB,NH,ANE,EN,Federal Contract Tower,0,9,4,0,13,0,0,12,0,12,0,9,16,0,25,72,0,72,97
02/01/2002,LEB,NH,ANE,EN,Federal Contract Tower,0,7,4,0,11,0,2,0,0,2,0,9,4,0,13,0,0,0,13
02/02/2002,LEB,NH,ANE,EN,Federal Contract Tower,0,6,7,0,13,0,5,42,4,51,0,11,49,4,64,66,20,86,150
02/03/2002,LEB,NH,ANE,EN,Federal Contract Tower,0,9,9,0,18,0,5,36,0,41,0,14,45,0,59,44,0,44,103
02/04/2002,LEB,NH,ANE,EN,Federal Contract Tower,0,15,14,0,29,0,0,34,0,34,0,15,48,0,63,66,0,66,129
02/05/2002,LEB,NH,ANE,EN,Federal Contract Tower,0,10,9,0,19,0,1,66,0,67,0,11,75,0,86,160,0,160,246
02/06/2002,LEB,NH,ANE,EN,Federal Contract Tower,0,10,8,0,18,0,2,91,0,93,0,12,99,0,111,118,0,118,229
02/07/2002,LEB,NH,ANE,EN,Federal Contract Tower,0,13,10,0,23,0,3,59,0,62,0,16,69,0,85,130,0,130,215
02/08/2002,LEB,NH,ANE,EN,Federal Contract Tower,0,13,10,0,23,0,2,51,0,53,0,15,61,0,76,96,0,96,172
02/09/2002,LEB,NH,ANE,EN,Federal Contract Tower,0,8,6,0,14,0,2,84,5,91,0,10,90,5,105,86,2,88,193
02/10/2002,LEB,NH,ANE,EN,Federal Contract Tower,0,8,5,0,13,0,0,3,0,3,0,8,8,0,16,16,0,16,32
02/11/2002,LEB,NH,ANE,EN,Federal Contract Tower,0,9,5,0,14,0,0,17,0,17,0,9,22,0,31,34,0,34,65
02/12/2002,LEB,NH,ANE,EN,Federal Contract Tower,0,11,8,0,19,0,0,54,2,56,0,11,62,2,75,64,14,78,153
02/13/2002,LEB,NH,ANE,EN,Federal Contract Tower,0,12,8,0,20,0,0,50,0,50,0,12,58,0,70,88,0,88,158
02/14/2002,LEB,NH,ANE,EN,Federal Contract Tower,0,14,9,0,23,0,1,73,0,74,0,15,82,0,97,112,0,112,209
02/15/2002,LEB,NH,ANE,EN,Federal Contract Tower,0,15,10,0,25,0,3,37,0,40,0,18,47,0,65,48,4,52,117
02/16/2002,LEB,NH,ANE,EN,Federal Contract Tower,0,6,6,0,12,0,0,48,0,48,0,6,54,0,60,76,0,76,136
02/17/2002,LEB,NH,ANE,EN,Federal Contract Tower,0,2,5,0,7,0,0,6,0,6,0,2,11,0,13,0,0,0,13
02/18/2002,LEB,NH,ANE,EN,Federal Contract Tower,0,12,7,0,19,0,0,79,2,81,0,12,86,2,100,102,0,102,202
02/19/2002,LEB,NH,ANE,EN,Federal Contract Tower,0,16,11,0,27,0,0,126,3,129,0,16,137,3,156,182,0,182,338
02/20/2002,LEB,NH,ANE,EN,Federal Contract Tower,0,8,4,0,12,0,4,72,0,76,0,12,76,0,88,66,0,66,154
02/21/2002,LEB,NH,ANE,EN,Federal Contract Tower,0,3,2,0,5,0,0,2,0,2,0,3,4,0,7,0,0,0,7
02/22/2002,LEB,NH,ANE,EN,Federal Contract Tower,0,14,12,0,26,0,0,28,0,28,0,14,40,0,54,82,0,82,136
02/23/2002,LEB,NH,ANE,EN,Federal Contract Tower,0,7,4,0,11,0,3,66,1,70,0,10,70,1,81,80,0,80,161
02/24/2002,LEB,NH,ANE,EN,Federal Contract Tower,0,16,10,0,26,0,7,101,8,116,0,23,111,8,142,114,4,118,260
02/25/2002,LEB,NH,ANE,EN,Federal Contract Tower,0,13,9,0,22,0,5,66,2,73,0,18,75,2,95,72,0,72,167
02/26/2002,LEB,NH,ANE,EN,Federal Contract Tower,0,18,12,0,30,0,0,45,2,47,0,18,57,2,77,68,0,68,145
02/27/2002,LEB,NH,ANE,EN,Federal Contract Tower,0,13,6,0,19,0,2,0,0,2,0,15,6,0,21,0,0,0,21
02/28/2002,LEB,NH,ANE,EN,Federal Contract Tower,0,12,7,0,19,0,5,30,0,35,0,17,37,0,54,16,0,16,70
03/01/2002,LEB,NH,ANE,EN,Federal Contract Tower,0,13,9,1,23,0,6,59,2,67,0,19,68,3,90,56,0,56,146
03/02/2002,LEB,NH,ANE,EN,Federal Contract Tower,0,10,8,1,19,0,1,79,3,83,0,11,87,4,102,82,0,82,184
03/03/2002,LEB,NH,ANE,EN,Federal Contract Tower,0,11,10,0,21,0,7,6,0,13,0,18,16,0,34,6,0,6,40
03/04/2002,LEB,NH,ANE,EN,Federal Contract Tower,0,12,9,0,21,0,3,25,0,28,0,15,34,0,49,14,0,14,63
03/05/2002,LEB,NH,ANE,EN,Federal Contract Tower,0,8,6,0,14,0,2,38,0,40,0,10,44,0,54,44,0,44,98
03/06/2002,LEB,NH,ANE,EN,Federal Contract Tower,0,15,10,0,25,0,0,20,0,20,0,15,30,0,45,20,0,20,65
03/07/2002,LEB,NH,ANE,EN,Federal Contract Tower,0,11,9,0,20,0,0,14,0,14,0,11,23,0,34,32,0,32,66
03/08/2002,LEB,NH,ANE,EN,Federal Contract Tower,0,10,7,0,17,0,4,14,0,18,0,14,21,0,35,18,0,18,53
03/09/2002,LEB,NH,ANE,EN,Federal Contract Tower,0,6,8,1,15,0,0,27,5,32,0,6,35,6,47,48,6,54,101
03/10/2002,LEB,NH,ANE,EN,Federal Contract Tower,0,6,4,0,10,0,2,12,0,14,0,8,16,0,24,4,0,4,28
03/11/2002,LEB,NH,ANE,EN,Federal Contract Tower,0,14,10,1,25,0,1,27,1,29,0,15,37,2,54,16,0,16,70
03/12/2002,LEB,NH,ANE,EN,Federal Contract Tower,0,15,10,0,25,0,1,29,0,30,0,16,39,0,55,104,4,108,163
03/13/2002,LEB,NH,ANE,EN,Federal Contract Tower,0,12,8,1,21,0,2,25,1,28,0,14,33,2,49,66,0,66,115
03/14/2002,LEB,NH,ANE,EN,Federal Contract Tower,0,8,7,1,16,0,0,56,1,57,0,8,63,2,73,88,0,88,161
03/15/2002,LEB,NH,ANE,EN,Federal Contract Tower,0,17,9,0,26,0,1,47,0,48,0,18,56,0,74,112,0,112,186
03/16/2002,LEB,NH,ANE,EN,Federal Contract Tower,0,8,5,0,13,0,0,18,0,18,0,8,23,0,31,32,0,32,63
03/17/2002,LEB,NH,ANE,EN,Federal Contract Tower,0,9,6,1,16,0,0,63,2,65,0,9,69,3,81,74,4,78,159
03/18/2002,LEB,NH,ANE,EN,Federal Contract Tower,0,10,4,0,14,0,2,0,0,2,0,12,4,0,16,0,0,0,16
03/19/2002,LEB,NH,ANE,EN,Federal Contract Tower,0,12,7,0,19,0,0,32,0,32,0,12,39,0,51,88,0,88,139
03/20/2002,LEB,NH,ANE,EN,Federal Contract Tower,0,8,6,0,14,0,0,6,0,6,0,8,12,0,20,22,0,22,42
03/21/2002,LEB,NH,ANE,EN,Federal Contract Tower,0,15,10,0,25,0,0,58,0,58,0,15,68,0,83,84,0,84,167
03/22/2002,LEB,NH,ANE,EN,Federal Contract Tower,0,11,7,0,18,0,3,44,0,47,0,14,51,0,65,24,22,46,111
03/23/2002,LEB,NH,ANE,EN,Federal Contract Tower,0,8,4,0,12,0,1,2,0,3,0,9,6,0,15,0,0,0,15
03/24/2002,LEB,NH,ANE,EN,Federal Contract Tower,0,6,3,0,9,0,3,44,0,47,0,9,47,0,56,78,0,78,134
03/25/2002,LEB,NH,ANE,EN,Federal Contract Tower,0,18,12,1,31,0,0,97,0,97,0,18,109,1,128,82,2,84,212
03/26/2002,LEB,NH,ANE,EN,Federal Contract Tower,0,9,6,0,15,0,4,11,1,16,0,13,17,1,31,34,0,34,65
03/27/2002,LEB,NH,ANE,EN,Federal Contract Tower,0,11,7,0,18,0,2,36,1,39,0,13,43,1,57,134,0,134,191
03/28/2002,LEB,NH,ANE,EN,Federal Contract Tower,0,12,9,0,21,0,0,88,1,89,0,12,97,1,110,128,2,130,240
03/29/2002,LEB,NH,ANE,EN,Federal Contract Tower,0,9,5,0,14,0,3,62,6,71,0,12,67,6,85,126,10,136,221
03/30/2002,LEB,NH,ANE,EN,Federal Contract Tower,0,6,4,0,10,0,0,63,0,63,0,6,67,0,73,60,0,60,133
03/31/2002,LEB,NH,ANE,EN,Federal Contract Tower,0,5,3,0,8,0,0,81,0,81,0,5,84,0,89,58,0,58,147
04/01/2002,LEB,NH,ANE,EN,Federal Contract Tower,0,4,8,0,12,0,0,17,0,17,0,4,25,0,29,4,0,4,33
04/02/2002,LEB,NH,ANE,EN,Federal Contract Tower,0,10,11,0,21,0,0,92,2,94,0,10,103,2,115,82,0,82,197
04/03/2002,LEB,NH,ANE,EN,Federal Contract Tower,0,8,10,0,18,0,9,13,0,22,0,17,23,0,40,36,2,38,78
04/04/2002,LEB,NH,ANE,EN,Federal Contract Tower,0,12,12,0,24,0,5,42,0,47,0,17,54,0,71,32,2,34,105
04/05/2002,LEB,NH,ANE,EN,Federal Contract Tower,0,11,11,0,22,0,2,43,0,45,0,13,54,0,67,38,0,38,105
04/06/2002,LEB,NH,ANE,EN,Federal Contract Tower,0,9,8,0,17,0,2,84,1,87,0,11,92,1,104,68,2,70,174
04/07/2002,LEB,NH,ANE,EN,Federal Contract Tower,0,9,9,0,18,0,4,95,0,99,0,13,104,0,117,114,4,118,235
04/08/2002,LEB,NH,ANE,EN,Federal Contract Tower,0,13,12,0,25,0,0,53,0,53,0,13,65,0,78,70,0,70,148
04/09/2002,LEB,NH,ANE,EN,Federal Contract Tower,0,13,12,0,25,0,5,17,0,22,0,18,29,0,47,18,0,18,65
04/10/2002,LEB,NH,ANE,EN,Federal Contract Tower,0,11,8,1,20,0,7,58,0,65,0,18,66,1,85,48,0,48,133
04/11/2002,LEB,NH,ANE,EN,Federal Contract Tower,0,14,10,0,24,0,2,69,2,73,0,16,79,2,97,124,0,124,221
04/12/2002,LEB,NH,ANE,EN,Federal Contract Tower,0,10,7,0,17,0,3,57,0,60,0,13,64,0,77,78,0,78,155
04/13/2002,LEB,NH,ANE,EN,Federal Contract Tower,0,8,6,0,14,0,0,24,0,24,0,8,30,0,38,64,0,64,102
04/14/2002,LEB,NH,ANE,EN,Federal Contract Tower,0,10,8,0,18,0,0,64,0,64,0,10,72,0,82,84,0,84,166
04/15/2002,LEB,NH,ANE,EN,Federal Contract Tower,0,15,11,0,26,0,0,52,2,54,0,15,63,2,80,108,0,108,188
04/16/2002,LEB,NH,ANE,EN,Federal Contract Tower,0,12,9,0,21,0,1,77,1,79,0,13,86,1,100,116,0,116,216
04/17/2002,LEB,NH,ANE,EN,Federal Contract Tower,0,13,9,0,22,0,2,52,0,54,0,15,61,0,76,48,0,48,124
04/18/2002,LEB,NH,ANE,EN,Federal Contract Tower,0,14,11,0,25,0,0,78,1,79,0,14,89,1,104,108,0,108,212
04/19/2002,LEB,NH,ANE,EN,Federal Contract Tower,0,12,9,0,21,0,0,46,0,46,0,12,55,0,67,104,0,104,171
04/20/2002,LEB,NH,ANE,EN,Federal Contract Tower,0,9,6,0,15,0,1,106,1,108,0,10,112,1,123,128,22,150,273
04/21/2002,LEB,NH,ANE,EN,Federal Contract Tower,0,8,6,0,14,0,4,100,2,106,0,12,106,2,120,86,2,88,208
04/22/2002,LEB,NH,ANE,EN,Federal Contract Tower,0,14,10,0,24,0,6,8,0,14,0,20,18,0,38,0,0,0,38
04/23/2002,LEB,NH,ANE,EN,Federal Contract Tower,0,19,14,0,33,0,1,18,0,19,0,20,32,0,52,56,0,56,108
04/24/2002,LEB,NH,ANE,EN,Federal Contract Tower,0,14,10,0,24,0,3,108,5,116,0,17,118,5,140,128,20,148,288
04/25/2002,LEB,NH,ANE,EN,Federal Contract Tower,0,10,8,0,18,0,4,31,0,35,0,14,39,0,53,54,4,58,111
04/26/2002,LEB,NH,ANE,EN,Federal Contract Tower,0,17,13,0,30,0,0,81,0,81,0,17,94,0,111,96,0,96,207
04/27/2002,LEB,NH,ANE,EN,Federal Contract Tower,0,9,7,0,16,0,5,54,6,65,0,14,61,6,81,70,16,86,167
04/28/2002,LEB,NH,ANE,EN,Federal Contract Tower,0,10,6,0,16,0,2,0,0,2,0,12,6,0,18,0,0,0,18
04/29/2002,LEB,NH,ANE,EN,Federal Contract Tower,0,15,15,0,30,0,0,4,0,4,0,15,19,0,34,0,0,0,34
04/30/2002,LEB,NH,ANE,EN,Federal Contract Tower,0,20,16,0,36,0,0,78,0,78,0,20,94,0,114,106,0,106,220
05/01/2002,LEB,NH,ANE,EN,Federal Contract Tower,0,8,10,0,18,0,0,91,0,91,0,8,101,0,109,162,0,162,271
05/02/2002,LEB,NH,ANE,EN,Federal Contract Tower,0,17,9,0,26,0,7,0,0,7,0,24,9,0,33,0,0,0,33
05/03/2002,LEB,NH,ANE,EN,Federal Contract Tower,0,22,19,0,41,0,9,30,0,39,0,31,49,0,80,42,0,42,122
05/04/2002,LEB,NH,ANE,EN,Federal Contract Tower,0,19,17,0,36,0,10,66,3,79,0,29,83,3,115,66,0,66,181
05/05/2002,LEB,NH,ANE,EN,Federal Contract Tower,0,17,14,0,31,0,16,86,0,102,0,33,100,0,133,114,0,114,247
05/06/2002,LEB,NH,ANE,EN,Federal Contract Tower,0,17,15,0,32,0,1,78,0,79,0,18,93,0,111,108,0,108,219
05/07/2002,LEB,NH,ANE,EN,Federal Contract Tower,0,11,8,0,19,0,7,55,0,62,0,18,63,0,81,138,0,138,219
05/08/2002,LEB,NH,ANE,EN,Federal Contract Tower,0,12,11,0,23,0,6,85,0,91,0,18,96,0,114,132,0,132,246
05/09/2002,LEB,NH,ANE,EN,Federal Contract Tower,0,10,9,0,19,0,2,43,0,45,0,12,52,0,64,72,0,72,136
05/10/2002,LEB,NH,ANE,EN,Federal Contract Tower,0,17,15,0,32,0,1,74,0,75,0,18,89,0,107,112,0,112,219
05/11/2002,LEB,NH,ANE,EN,Federal Contract Tower,0,7,5,1,13,0,7,61,5,73,0,14,66,6,86,48,0,48,134
05/12/2002,LEB,NH,ANE,EN,Federal Contract Tower,0,9,12,0,21,0,0,27,0,27,0,9,39,0,48,26,0,26,74
05/13/2002,LEB,NH,ANE,EN,Federal Contract Tower,0,12,14,0,26,0,0,1,0,1,0,12,15,0,27,0,0,0,27
05/14/2002,LEB,NH,ANE,EN,Federal Contract Tower,0,19,20,0,39,0,8,8,0,16,0,27,28,0,55,40,0,40,95
05/15/2002,LEB,NH,ANE,EN,Federal Contract Tower,0,10,11,0,21,0,8,23,0,31,0,18,34,0,52,56,0,56,108
05/16/2002,LEB,NH,ANE,EN,Federal Contract Tower,0,12,14,0,26,0,7,55,1,63,0,19,69,1,89,72,4,76,165
05/17/2002,LEB,NH,ANE,EN,Federal Contract Tower,0,14,15,0,29,0,3,32,0,35,0,17,47,0,64,4,0,4,68
05/18/2002,LEB,NH,ANE,EN,Federal Contract Tower,0,4,5,0,9,0,2,8,0,10,0,6,13,0,19,12,0,12,31
05/19/2002,LEB,NH,ANE,EN,Federal Contract Tower,0,8,10,0,18,0,4,89,0,93,0,12,99,0,111,96,0,96,207
05/20/2002,LEB,NH,ANE,EN,Federal Contract Tower,0,9,10,0,19,0,8,81,2,91,0,17,91,2,110,96,0,96,206
05/21/2002,LEB,NH,ANE,EN,Federal Contract Tower,0,8,9,0,17,0,10,45,0,55,0,18,54,0,72,70,0,70,142
05/22/2002,LEB,NH,ANE,EN,Federal Contract Tower,0,8,10,0,18,0,6,62,0,68,0,14,72,0,86,52,0,52,138
05/23/2002,LEB,NH,ANE,EN,Federal Contract Tower,0,10,11,0,21,0,5,62,0,67,0,15,73,0,88,44,0,44,132
05/24/2002,LEB,NH,ANE,EN,Federal Contract Tower,0,21,23,0,44,0,8,87,0,95,0,29,110,0,139,70,0,70,209
05/25/2002,LEB,NH,ANE,EN,Federal Contract Tower,0,9,11,0,20,0,7,109,12,128,0,16,120,12,148,92,8,100,248
05/26/2002,LEB,NH,ANE,EN,Federal Contract Tower,0,9,11,0,20,0,9,65,0,74,0,18,76,0,94,86,0,86,180
05/27/2002,LEB,NH,ANE,EN,Federal Contract Tower,0,13,14,0,27,0,2,74,4,80,0,15,88,4,107,110,12,122,229
05/28/2002,LEB,NH,ANE,EN,Federal Contract Tower,0,12,14,0,26,0,4,34,0,38,0,16,48,0,64,40,0,40,104
05/29/2002,LEB,NH,ANE,EN,Federal Contract Tower,0,9,11,0,20,0,9,13,2,24,0,18,24,2,44,32,0,32,76
05/30/2002,LEB,NH,ANE,EN,Federal Contract Tower,0,16,17,0,33,0,8,55,2,65,0,24,72,2,98,106,4,110,208
05/31/2002,LEB,NH,ANE,EN,Federal Contract Tower,0,13,15,0,28,0,5,38,0,43,0,18,53,0,71,84,0,84,155
06/01/2002,LEB,NH,ANE,EN,Federal Contract Tower,0,11,10,0,21,0,2,74,0,76,0,13,84,0,97,62,0,62,159
06/02/2002,LEB,NH,ANE,EN,Federal Contract Tower,0,12,10,0,22,0,6,48,0,54,0,18,58,0,76,44,4,48,124
06/03/2002,LEB,NH,ANE,EN,Federal Contract Tower,0,14,17,0,31,0,0,61,4,65,0,14,78,4,96,48,0,48,144
06/04/2002,LEB,NH,ANE,EN,Federal Contract Tower,0,7,7,0,14,0,11,59,0,70,0,18,66,0,84,92,0,92,176
06/05/2002,LEB,NH,ANE,EN,Federal Contract Tower,0,12,12,0,24,0,5,51,0,56,0,17,63,0,80,74,0,74,154
06/06/2002,LEB,NH,ANE,EN,Federal Contract Tower,0,19,21,0,40,0,5,57,0,62,0,24,78,0,102,114,0,114,216
06/07/2002,LEB,NH,ANE,EN,Federal Contract Tower,0,20,22,0,42,0,6,110,0,116,0,26,132,0,158,128,8,136,294
06/08/2002,LEB,NH,ANE,EN,Federal Contract Tower,0,13,15,0,28,0,6,71,0,77,0,19,86,0,105,62,6,68,173
06/09/2002,LEB,NH,ANE,EN,Federal Contract Tower,0,15,17,0,32,0,12,93,0,105,0,27,110,0,137,54,2,56,193
06/10/2002,LEB,NH,ANE,EN,Federal Contract Tower,0,13,14,1,28,0,12,73,1,86,0,25,87,2,114,88,0,88,202
06/11/2002,LEB,NH,ANE,EN,Federal Contract Tower,0,7,7,0,14,0,13,16,0,29,0,20,23,0,43,86,0,86,129
06/12/2002,LEB,NH,ANE,EN,Federal Contract Tower,0,16,18,0,34,0,6,0,0,6,0,22,18,0,40,10,0,10,50
06/13/2002,LEB,NH,ANE,EN,Federal Contract Tower,0,23,25,0,48,0,4,92,0,96,0,27,117,0,144,162,0,162,306
06/14/2002,LEB,NH,ANE,EN,Federal Contract Tower,0,20,22,0,42,0,9,58,0,67,0,29,80,0,109,122,0,122,231
06/15/2002,LEB,NH,ANE,EN,Federal Contract Tower,0,9,10,0,19,0,0,6,0,6,0,9,16,0,25,4,0,4,29
06/16/2002,LEB,NH,ANE,EN,Federal Contract Tower,0,11,13,0,24,0,0,13,0,13,0,11,26,0,37,18,0,18,55
06/17/2002,LEB,NH,ANE,EN,Federal Contract Tower,0,11,13,0,24,0,7,26,0,33,0,18,39,0,57,28,0,28,85
06/18/2002,LEB,NH,ANE,EN,Federal Contract Tower,0,16,19,0,35,0,3,62,4,69,0,19,81,4,104,118,8,126,230
06/19/2002,LEB,NH,ANE,EN,Federal Contract Tower,0,13,15,0,28,0,7,81,4,92,0,20,96,4,120,136,6,142,262
06/20/2002,LEB,NH,ANE,EN,Federal Contract Tower,0,12,14,0,26,0,3,107,3,113,0,15,121,3,139,154,0,154,293
06/21/2002,LEB,NH,ANE,EN,Federal Contract Tower,0,19,21,0,40,0,4,78,1,83,0,23,99,1,123,56,4,60,183
06/22/2002,LEB,NH,ANE,EN,Federal Contract Tower,0,8,11,0,19,0,0,1,0,1,0,8,12,0,20,0,0,0,20
06/23/2002,LEB,NH,ANE,EN,Federal Contract Tower,0,10,11,0,21,0,4,34,0,38,0,14,45,0,59,50,0,50,109
06/24/2002,LEB,NH,ANE,EN,Federal Contract Tower,0,15,17,0,32,0,15,78,0,93,0,30,95,0,125,96,0,96,221
06/25/2002,LEB,NH,ANE,EN,Federal Contract Tower,0,13,15,0,28,0,13,124,1,138,0,26,139,1,166,126,8,134,300
06/26/2002,LEB,NH,ANE,EN,Federal Contract Tower,0,17,19,0,36,0,5,77,0,82,0,22,96,0,118,94,0,94,212
06/27/2002,LEB,NH,ANE,EN,Federal Contract Tower,0,9,11,0,20,0,8,35,0,43,0,17,46,0,63,66,4,70,133
06/28/2002,LEB,NH,ANE,EN,Federal Contract Tower,0,14,17,0,31,0,11,37,0,48,0,25,54,0,79,50,0,50,129
06/29/2002,LEB,NH,ANE,EN,Federal Contract Tower,0,11,13,0,24,0,21,89,2,112,0,32,102,2,136,88,6,94,230
06/30/2002,LEB,NH,ANE,EN,Federal Contract Tower,0,12,13,0,25,0,6,80,2,88,0,18,93,2,113,64,0,64,177
07/01/2002,LEB,NH,ANE,EN,Federal Contract Tower,0,15,16,0,31,0,10,59,4,73,0,25,75,4,104,122,12,134,238
07/02/2002,LEB,NH,ANE,EN,Federal Contract Tower,0,13,13,0,26,0,7,45,2,54,0,20,58,2,80,62,4,66,146
07/03/2002,LEB,NH,ANE,EN,Federal Contract Tower,0,14,15,0,29,0,8,83,6,97,0,22,98,6,126,122,4,126,252
07/04/2002,LEB,NH,ANE,EN,Federal Contract Tower,0,8,8,0,16,0,12,36,4,52,0,20,44,4,68,34,6,40,108
07/05/2002,LEB,NH,ANE,EN,Federal Contract Tower,0,10,10,0,20,0,3,34,0,37,0,13,44,0,57,22,0,22,79
07/06/2002,LEB,NH,ANE,EN,Federal Contract Tower,0,15,19,1,35,0,0,75,2,77,0,15,94,3,112,66,0,66,178
07/07/2002,LEB,NH,ANE,EN,Federal Contract Tower,0,15,21,1,37,0,0,43,3,46,0,15,64,4,83,54,2,56,139
07/08/2002,LEB,NH,ANE,EN,Federal Contract Tower,0,11,13,1,25,0,9,51,1,61,0,20,64,2,86,78,4,82,168
07/09/2002,LEB,NH,ANE,EN,Federal Contract Tower,0,8,9,0,17,0,7,38,0,45,0,15,47,0,62,52,2,54,116
07/10/2002,LEB,NH,ANE,EN,Federal Contract Tower,0,7,8,0,15,0,26,62,0,88,0,33,70,0,103,88,2,90,193
07/11/2002,LEB,NH,ANE,EN,Federal Contract Tower,0,8,10,1,19,0,13,59,3,75,0,21,69,4,94,68,8,76,170
07/12/2002,LEB,NH,ANE,EN,Federal Contract Tower,0,14,17,0,31,0,5,106,0,111,0,19,123,0,142,48,0,48,190
07/13/2002,LEB,NH,ANE,EN,Federal Contract Tower,0,4,5,1,10,0,16,93,1,110,0,20,98,2,120,106,2,108,228
07/14/2002,LEB,NH,ANE,EN,Federal Contract Tower,0,11,13,1,25,0,10,85,1,96,0,21,98,2,121,132,6,138,259
07/15/2002,LEB,NH,ANE,EN,Federal Contract Tower,0,16,18,1,35,0,8,38,1,47,0,24,56,2,82,58,4,62,144
07/16/2002,LEB,NH,ANE,EN,Federal Contract Tower,0,13,16,0,29,0,11,79,0,90,0,24,95,0,119,114,0,114,233
07/17/2002,LEB,NH,ANE,EN,Federal Contract Tower,0,13,15,0,28,0,10,85,0,95,0,23,100,0,123,82,0,82,205
07/18/2002,LEB,NH,ANE,EN,Federal Contract Tower,0,15,19,0,34,0,9,60,2,71,0,24,79,2,105,70,4,74,179
07/19/2002,LEB,NH,ANE,EN,Federal Contract Tower,0,24,29,0,53,0,3,53,0,56,0,27,82,0,109,32,0,32,141
07/20/2002,LEB,NH,ANE,EN,Federal Contract Tower,0,13,15,0,28,0,13,52,0,65,0,26,67,0,93,20,0,20,113
07/21/2002,LEB,NH,ANE,EN,Federal Contract Tower,0,17,20,0,37,0,16,62,0,78,0,33,82,0,115,72,0,72,187
07/22/2002,LEB,NH,ANE,EN,Federal Contract Tower,0,18,21,0,39,0,17,61,0,78,0,35,82,0,117,50,0,50,167
07/23/2002,LEB,NH,ANE,EN,Federal Contract Tower,0,17,20,0,37,0,4,50,4,58,0,21,70,4,95,64,10,74,169
07/24/2002,LEB,NH,ANE,EN,Federal Contract Tower,0,13,16,0,29,0,7,93,2,102,0,20,109,2,131,166,6,172,303
07/25/2002,LEB,NH,ANE,EN,Federal Contract Tower,0,14,17,0,31,0,15,72,2,89,0,29,89,2,120,126,2,128,248
07/26/2002,LEB,NH,ANE,EN,Federal Contract Tower,0,21,25,0,46,0,8,115,4,127,0,29,140,4,173,160,4,164,337
07/27/2002,LEB,NH,ANE,EN,Federal Contract Tower,0,11,14,0,25,0,11,37,3,51,0,22,51,3,76,80,6,86,162
07/28/2002,LEB,NH,ANE,EN,Federal Contract Tower,0,14,17,0,31,0,1,26,0,27,0,15,43,0,58,76,0,76,134
07/29/2002,LEB,NH,ANE,EN,Federal Contract Tower,0,11,14,0,25,0,4,73,0,77,0,15,87,0,102,54,0,54,156
07/30/2002,LEB,NH,ANE,EN,Federal Contract Tower,0,11,14,0,25,0,17,67,2,86,0,28,81,2,111,140,6,146,257
07/31/2002,LEB,NH,ANE,EN,Federal Contract Tower,0,14,17,0,31,0,6,102,2,110,0,20,119,2,141,146,4,150,291
08/01/2002,LEB,NH,ANE,EN,Federal Contract Tower,0,13,15,0,28,0,16,102,0,118,0,29,117,0,146,134,0,134,280
08/02/2002,LEB,NH,ANE,EN,Federal Contract Tower,0,18,19,0,37,0,3,56,2,61,0,21,75,2,98,72,2,74,172
08/03/2002,LEB,NH,ANE,EN,Federal Contract Tower,0,11,11,0,22,0,5,69,0,74,0,16,80,0,96,70,0,70,166
08/04/2002,LEB,NH,ANE,EN,Federal Contract Tower,0,11,13,0,24,0,14,72,0,86,0,25,85,0,110,90,0,90,200
08/05/2002,LEB,NH,ANE,EN,Federal Contract Tower,0,15,17,0,32,0,2,73,1,76,0,17,90,1,108,88,2,90,198
08/06/2002,LEB,NH,ANE,EN,Federal Contract Tower,0,19,22,0,41,0,7,62,6,75,0,26,84,6,116,76,14,90,206
08/07/2002,LEB,NH,ANE,EN,Federal Contract Tower,0,18,20,0,38,0,9,98,0,107,0,27,118,0,145,111,0,111,256
08/08/2002,LEB,NH,ANE,EN,Federal Contract Tower,0,12,14,0,26,0,13,74,0,87,0,25,88,0,113,100,0,100,213
08/09/2002,LEB,NH,ANE,EN,Federal Contract Tower,0,16,18,0,34,0,9,96,0,105,0,25,114,0,139,90,4,94,233
08/10/2002,LEB,NH,ANE,EN,Federal Contract Tower,0,5,6,0,11,0,6,100,0,106,0,11,106,0,117,72,0,72,189
08/11/2002,LEB,NH,ANE,EN,Federal Contract Tower,0,9,10,1,20,0,8,119,0,127,0,17,129,1,147,78,0,78,225
08/12/2002,LEB,NH,ANE,EN,Federal Contract Tower,0,13,15,1,29,0,9,97,6,112,0,22,112,7,141,82,14,96,237
08/13/2002,LEB,NH,ANE,EN,Federal Contract Tower,0,14,17,0,31,0,6,59,0,65,0,20,76,0,96,44,0,44,140
08/14/2002,LEB,NH,ANE,EN,Federal Contract Tower,0,20,24,1,45,0,12,42,3,57,0,32,66,4,102,108,4,112,214
08/15/2002,LEB,NH,ANE,EN,Federal Contract Tower,0,16,20,1,37,0,6,32,1,39,0,22,52,2,76,64,6,70,146
08/16/2002,LEB,NH,ANE,EN,Federal Contract Tower,0,15,18,1,34,0,13,41,1,55,0,28,59,2,89,64,2,66,155
08/17/2002,LEB,NH,ANE,EN,Federal Contract Tower,0,11,14,0,25,0,10,88,2,100,0,21,102,2,125,94,0,94,219
08/18/2002,LEB,NH,ANE,EN,Federal Contract Tower,0,10,12,0,22,0,11,75,2,88,0,21,87,2,110,102,4,106,216
08/19/2002,LEB,NH,ANE,EN,Federal Contract Tower,0,14,18,0,32,0,6,90,2,98,0,20,108,2,130,92,14,106,236
08/20/2002,LEB,NH,ANE,EN,Federal Contract Tower,0,15,18,0,33,0,18,61,0,79,0,33,79,0,112,66,2,68,180
08/21/2002,LEB,NH,ANE,EN,Federal Contract Tower,0,9,12,0,21,0,14,73,3,90,0,23,85,3,111,64,2,66,177
08/22/2002,LEB,NH,ANE,EN,Federal Contract Tower,0,12,15,0,27,0,2,39,4,45,0,14,54,4,72,32,0,32,104
08/23/2002,LEB,NH,ANE,EN,Federal Contract Tower,0,17,22,0,39,0,5,94,0,99,0,22,116,0,138,166,0,166,304
08/24/2002,LEB,NH,ANE,EN,Federal Contract Tower,0,11,15,0,26,0,4,64,2,70,0,15,79,2,96,0,0,0,96
08/25/2002,LEB,NH,ANE,EN,Federal Contract Tower,0,8,11,0,19,0,7,75,2,84,0,15,86,2,103,106,2,108,211
08/26/2002,LEB,NH,ANE,EN,Federal Contract Tower,0,10,12,0,22,0,14,62,0,76,0,24,74,0,98,122,0,122,220
08/27/2002,LEB,NH,ANE,EN,Federal Contract Tower,0,12,16,0,28,0,8,70,2,80,0,20,86,2,108,88,0,88,196
08/28/2002,LEB,NH,ANE,EN,Federal Contract Tower,0,8,10,0,18,0,4,70,2,76,0,12,80,2,94,76,0,76,170
08/29/2002,LEB,NH,ANE,EN,Federal Contract Tower,0,17,21,0,38,0,6,24,2,32,0,23,45,2,70,58,0,58,128
08/30/2002,LEB,NH,ANE,EN,Federal Contract Tower,0,16,20,0,36,0,8,81,4,93,0,24,101,4,129,118,18,136,265
08/31/2002,LEB,NH,ANE,EN,Federal Contract Tower,0,9,12,0,21,0,7,59,4,70,0,16,71,4,91,98,16,114,205
09/01/2002,LEB,NH,ANE,EN,Federal Contract Tower,0,8,9,0,17,0,11,46,0,57,0,19,55,0,74,78,0,78,152
09/02/2002,LEB,NH,ANE,EN,Federal Contract Tower,0,13,14,0,27,0,5,61,0,66,0,18,75,0,93,98,0,98,191
09/03/2002,LEB,NH,ANE,EN,Federal Contract Tower,0,15,17,0,32,0,0,55,0,55,0,15,72,0,87,62,0,62,149
09/04/2002,LEB,NH,ANE,EN,Federal Contract Tower,0,9,9,0,18,0,4,51,0,55,0,13,60,0,73,74,0,74,147
09/05/2002,LEB,NH,ANE,EN,Federal Contract Tower,0,14,16,0,30,0,12,75,0,87,0,26,91,0,117,118,0,118,235
09/06/2002,LEB,NH,ANE,EN,Federal Contract Tower,0,12,13,0,25,0,4,109,4,117,0,16,122,4,142,142,16,158,300
09/07/2002,LEB,NH,ANE,EN,Federal Contract Tower,0,9,10,1,20,0,7,99,5,111,0,16,109,6,131,132,8,140,271
09/08/2002,LEB,NH,ANE,EN,Federal Contract Tower,0,8,10,1,19,0,13,81,0,94,0,21,91,1,113,134,2,136,249
09/09/2002,LEB,NH,ANE,EN,Federal Contract Tower,0,8,10,1,19,0,16,76,3,95,0,24,86,4,114,94,12,106,220
09/10/2002,LEB,NH,ANE,EN,Federal Contract Tower,0,11,14,0,25,0,13,60,0,73,0,24,74,0,98,66,6,72,170
09/11/2002,LEB,NH,ANE,EN,Federal Contract Tower,0,10,14,0,24,0,5,17,2,24,0,15,31,2,48,14,2,16,64
09/12/2002,LEB,NH,ANE,EN,Federal Contract Tower,0,16,22,0,38,0,17,83,2,102,0,33,105,2,140,132,2,134,274
09/13/2002,LEB,NH,ANE,EN,Federal Contract Tower,0,11,16,0,27,0,24,78,0,102,0,35,94,0,129,88,2,90,219
09/14/2002,LEB,NH,ANE,EN,Federal Contract Tower,0,10,14,0,24,0,13,75,1,89,0,23,89,1,113,66,0,66,179
09/15/2002,LEB,NH,ANE,EN,Federal Contract Tower,0,11,16,0,27,0,7,0,0,7,0,18,16,0,34,0,0,0,34
09/16/2002,LEB,NH,ANE,EN,Federal Contract Tower,0,18,26,0,44,0,5,46,0,51,0,23,72,0,95,78,0,78,173
09/17/2002,LEB,NH,ANE,EN,Federal Contract Tower,0,18,26,0,44,0,8,101,4,113,0,26,127,4,157,114,10,124,281
09/18/2002,LEB,NH,ANE,EN,Federal Contract Tower,0,13,19,0,32,0,15,96,0,111,0,28,115,0,143,146,0,146,289
09/19/2002,LEB,NH,ANE,EN,Federal Contract Tower,0,15,22,0,37,0,6,75,3,84,0,21,97,3,121,108,0,108,229
09/20/2002,LEB,NH,ANE,EN,Federal Contract Tower,0,14,20,0,34,0,11,82,0,93,0,25,102,0,127,114,0,114,241
09/21/2002,LEB,NH,ANE,EN,Federal Contract Tower,0,9,13,0,22,0,10,49,0,59,0,19,62,0,81,86,0,86,167
09/22/2002,LEB,NH,ANE,EN,Federal Contract Tower,0,7,12,0,19,0,0,22,0,22,0,7,34,0,41,50,0,50,91
09/23/2002,LEB,NH,ANE,EN,Federal Contract Tower,0,10,14,0,24,0,9,52,2,63,0,19,66,2,87,122,2,124,211
09/24/2002,LEB,NH,ANE,EN,Federal Contract Tower,0,18,24,0,42,0,6,74,6,86,0,24,98,6,128,160,10,170,298
09/25/2002,LEB,NH,ANE,EN,Federal Contract Tower,0,9,14,0,23,0,7,41,0,48,0,16,55,0,71,74,0,74,145
09/26/2002,LEB,NH,ANE,EN,Federal Contract Tower,0,15,22,0,37,0,8,50,0,58,0,23,72,0,95,114,0,114,209
09/27/2002,LEB,NH,ANE,EN,Federal Contract Tower,0,15,14,0,29,0,10,0,0,10,0,25,14,0,39,0,0,0,39
09/28/2002,LEB,NH,ANE,EN,Federal Contract Tower,0,6,10,0,16,0,11,58,0,69,0,17,68,0,85,106,0,106,191
09/29/2002,LEB,NH,ANE,EN,Federal Contract Tower,0,11,15,0,26,0,14,89,2,105,0,25,104,2,131,86,4,90,221
09/30/2002,LEB,NH,ANE,EN,Federal Contract Tower,0,18,26,0,44,0,4,93,1,98,0,22,119,1,142,136,2,138,280
10/01/2002,LEB,NH,ANE,EN,Federal Contract Tower,0,18,19,0,37,0,8,76,2,86,0,26,95,2,123,98,2,100,223
10/02/2002,LEB,NH,ANE,EN,Federal Contract Tower,0,12,13,0,25,0,3,37,0,40,0,15,50,0,65,56,0,56,121
10/03/2002,LEB,NH,ANE,EN,Federal Contract Tower,0,16,17,0,33,0,4,67,0,71,0,20,84,0,104,64,0,64,168
10/04/2002,LEB,NH,ANE,EN,Federal Contract Tower,0,29,32,0,61,0,5,4,0,9,0,34,36,0,70,0,0,0,70
10/05/2002,LEB,NH,ANE,EN,Federal Contract Tower,0,8,9,0,17,0,14,66,0,80,0,22,75,0,97,64,0,64,161
10/06/2002,LEB,NH,ANE,EN,Federal Contract Tower,0,15,16,0,31,0,10,144,4,158,0,25,160,4,189,140,0,140,329
10/07/2002,LEB,NH,ANE,EN,Federal Contract Tower,0,18,19,0,37,0,2,43,1,46,0,20,62,1,83,60,2,62,145
10/08/2002,LEB,NH,ANE,EN,Federal Contract Tower,0,13,14,0,27,0,9,96,1,106,0,22,110,1,133,114,0,114,247
10/09/2002,LEB,NH,ANE,EN,Federal Contract Tower,0,13,13,0,26,0,3,60,2,65,0,16,73,2,91,102,6,108,199
10/10/2002,LEB,NH,ANE,EN,Federal Contract Tower,0,15,17,0,32,0,0,24,0,24,0,15,41,0,56,6,0,6,62
10/11/2002,LEB,NH,ANE,EN,Federal Contract Tower,0,16,21,0,37,0,0,36,0,36,0,16,57,0,73,72,0,72,145
10/12/2002,LEB,NH,ANE,EN,Federal Contract Tower,0,12,13,0,25,0,10,37,0,47,0,22,50,0,72,74,0,74,146
10/13/2002,LEB,NH,ANE,EN,Federal Contract Tower,0,9,10,0,19,0,5,16,0,21,0,14,26,0,40,14,0,14,54
10/14/2002,LEB,NH,ANE,EN,Federal Contract Tower,0,22,25,0,47,0,4,102,0,106,0,26,127,0,153,122,0,122,275
10/15/2002,LEB,NH,ANE,EN,Federal Contract Tower,0,13,16,0,29,0,6,86,0,92,0,19,102,0,121,74,0,74,195
10/16/2002,LEB,NH,ANE,EN,Federal Contract Tower,0,6,9,0,15,0,4,5,0,9,0,10,14,0,24,0,0,0,24
10/17/2002,LEB,NH,ANE,EN,Federal Contract Tower,0,18,22,0,40,0,9,83,0,92,0,27,105,0,132,66,0,66,198
10/18/2002,LEB,NH,ANE,EN,Federal Contract Tower,0,11,13,0,24,0,13,83,3,99,0,24,96,3,123,108,4,112,235
10/19/2002,LEB,NH,ANE,EN,Federal Contract Tower,0,7,9,0,16,0,8,26,4,38,0,15,35,4,54,36,4,40,94
10/20/2002,LEB,NH,ANE,EN,Federal Contract Tower,0,13,17,0,30,0,10,67,2,79,0,23,84,2,109,102,8,110,219
10/21/2002,LEB,NH,ANE,EN,Federal Contract Tower,0,11,14,0,25,0,3,85,3,91,0,14,99,3,116,106,0,106,222
10/22/2002,LEB,NH,ANE,EN,Federal Contract Tower,0,18,21,0,39,0,9,92,0,101,0,27,113,0,140,150,0,150,290
10/23/2002,LEB,NH,ANE,EN,Federal Contract Tower,0,15,19,0,34,0,6,60,0,66,0,21,79,0,100,96,10,106,206
10/24/2002,LEB,NH,ANE,EN,Federal Contract Tower,0,15,18,0,33,0,14,97,0,111,0,29,115,0,144,104,0,104,248
10/25/2002,LEB,NH,ANE,EN,Federal Contract Tower,0,17,21,0,38,0,8,83,2,93,0,25,104,2,131,114,6,120,251
10/26/2002,LEB,NH,ANE,EN,Federal Contract Tower,0,12,14,0,26,0,0,0,0,0,0,12,14,0,26,0,0,0,26
10/27/2002,LEB,NH,ANE,EN,Federal Contract Tower,0,11,13,0,24,0,13,51,0,64,0,24,64,0,88,62,0,62,150
10/28/2002,LEB,NH,ANE,EN,Federal Contract Tower,0,13,17,0,30,0,12,89,0,101,0,25,106,0,131,112,0,112,243
10/29/2002,LEB,NH,ANE,EN,Federal Contract Tower,0,11,14,0,25,0,6,86,1,93,0,17,100,1,118,110,2,112,230
10/30/2002,LEB,NH,ANE,EN,Federal Contract Tower,0,10,12,0,22,0,11,80,0,91,0,21,92,0,113,124,0,124,237
10/31/2002,LEB,NH,ANE,EN,Federal Contract Tower,0,12,14,0,26,0,12,41,0,53,0,24,55,0,79,90,2,92,171
11/01/2002,LEB,NH,ANE,EN,Federal Contract Tower,0,12,12,0,24,0,2,22,0,24,0,14,34,0,48,52,0,52,100
11/02/2002,LEB,NH,ANE,EN,Federal Contract Tower,0,6,5,1,12,0,6,33,2,41,0,12,38,3,53,72,4,76,129
11/03/2002,LEB,NH,ANE,EN,Federal Contract Tower,0,8,6,0,14,0,9,77,0,86,0,17,83,0,100,64,0,64,164
11/04/2002,LEB,NH,ANE,EN,Federal Contract Tower,0,13,12,0,25,0,5,26,0,31,0,18,38,0,56,34,0,34,90
11/05/2002,LEB,NH,ANE,EN,Federal Contract Tower,0,17,16,1,34,0,6,43,4,53,0,23,59,5,87,54,0,54,141
11/06/2002,LEB,NH,ANE,EN,Federal Contract Tower,0,9,8,0,17,0,4,0,0,4,0,13,8,0,21,0,0,0,21
11/07/2002,LEB,NH,ANE,EN,Federal Contract Tower,0,22,21,1,44,0,4,69,5,78,0,26,90,6,122,94,8,102,224
11/08/2002,LEB,NH,ANE,EN,Federal Contract Tower,0,15,13,0,28,0,7,58,0,65,0,22,71,0,93,114,0,114,207
11/09/2002,LEB,NH,ANE,EN,Federal Contract Tower,0,10,10,1,21,0,15,109,2,126,0,25,119,3,147,104,2,106,253
11/10/2002,LEB,NH,ANE,EN,Federal Contract Tower,0,10,10,0,20,0,7,31,0,38,0,17,41,0,58,60,0,60,118
11/11/2002,LEB,NH,ANE,EN,Federal Contract Tower,0,9,9,0,18,0,5,23,0,28,0,14,32,0,46,50,0,50,96
11/12/2002,LEB,NH,ANE,EN,Federal Contract Tower,0,12,17,0,29,0,0,6,0,6,0,12,23,0,35,12,0,12,47
11/13/2002,LEB,NH,ANE,EN,Federal Contract Tower,0,17,19,0,36,0,0,6,0,6,0,17,25,0,42,4,0,4,46
11/14/2002,LEB,NH,ANE,EN,Federal Contract Tower,0,22,24,0,46,0,2,111,0,113,0,24,135,0,159,120,0,120,279
11/15/2002,LEB,NH,ANE,EN,Federal Contract Tower,0,21,22,0,43,0,8,47,0,55,0,29,69,0,98,174,0,174,272
11/16/2002,LEB,NH,ANE,EN,Federal Contract Tower,0,4,6,0,10,0,5,12,0,17,0,9,18,0,27,0,0,0,27
11/17/2002,LEB,NH,ANE,EN,Federal Contract Tower,0,4,1,0,5,0,4,0,0,4,0,8,1,0,9,2,0,2,11
11/18/2002,LEB,NH,ANE,EN,Federal Contract Tower,0,9,10,0,19,0,6,14,0,20,0,15,24,0,39,22,0,22,61
11/19/2002,LEB,NH,ANE,EN,Federal Contract Tower,0,13,15,0,28,0,4,49,1,54,0,17,64,1,82,98,2,100,182
11/20/2002,LEB,NH,ANE,EN,Federal Contract Tower,0,5,12,0,17,0,0,5,0,5,0,5,17,0,22,0,0,0,22
11/21/2002,LEB,NH,ANE,EN,Federal Contract Tower,0,2,4,0,6,0,0,0,0,0,0,2,4,0,6,0,0,0,6
11/22/2002,LEB,NH,ANE,EN,Federal Contract Tower,0,7,6,0,13,0,3,0,0,3,0,10,6,0,16,8,0,8,24
11/23/2002,LEB,NH,ANE,EN,Federal Contract Tower,0,9,11,0,20,0,9,29,0,38,0,18,40,0,58,70,0,70,128
11/24/2002,LEB,NH,ANE,EN,Federal Contract Tower,0,6,7,0,13,0,12,38,0,50,0,18,45,0,63,66,0,66,129
11/25/2002,LEB,NH,ANE,EN,Federal Contract Tower,0,15,17,0,32,0,3,32,0,35,0,18,49,0,67,88,2,90,157
11/26/2002,LEB,NH,ANE,EN,Federal Contract Tower,0,16,18,0,34,0,8,82,2,92,0,24,100,2,126,84,4,88,214
11/27/2002,LEB,NH,ANE,EN,Federal Contract Tower,0,13,15,0,28,0,2,27,0,29,0,15,42,0,57,36,0,36,93
11/28/2002,LEB,NH,ANE,EN,Federal Contract Tower,0,6,8,0,14,0,6,29,0,35,0,12,37,0,49,28,0,28,77
11/29/2002,LEB,NH,ANE,EN,Federal Contract Tower,0,4,6,0,10,0,6,11,0,17,0,10,17,0,27,12,0,12,39
11/30/2002,LEB,NH,ANE,EN,Federal Contract Tower,0,12,13,0,25,0,1,54,0,55,0,13,67,0,80,128,0,128,208
12/01/2002,LEB,NH,ANE,EN,Federal Contract Tower,0,17,16,0,33,0,0,41,0,41,0,17,57,0,74,58,0,58,132
12/02/2002,LEB,NH,ANE,EN,Federal Contract Tower,0,11,10,0,21,0,7,45,0,52,0,18,55,0,73,52,0,52,125
12/03/2002,LEB,NH,ANE,EN,Federal Contract Tower,0,11,11,0,22,0,12,74,0,86,0,23,85,0,108,158,0,158,266
12/04/2002,LEB,NH,ANE,EN,Federal Contract Tower,0,13,13,0,26,0,8,111,0,119,0,21,124,0,145,180,0,180,325
12/05/2002,LEB,NH,ANE,EN,Federal Contract Tower,0,5,5,0,10,0,5,69,0,74,0,10,74,0,84,192,0,192,276
12/06/2002,LEB,NH,ANE,EN,Federal Contract Tower,0,8,8,0,16,0,4,39,0,43,0,12,47,0,59,108,0,108,167
12/07/2002,LEB,NH,ANE,EN,Federal Contract Tower,0,6,6,0,12,0,7,78,0,85,0,13,84,0,97,100,0,100,197
12/08/2002,LEB,NH,ANE,EN,Federal Contract Tower,0,11,11,0,22,0,0,11,0,11,0,11,22,0,33,14,0,14,47
12/09/2002,LEB,NH,ANE,EN,Federal Contract Tower,0,11,12,1,24,0,2,73,2,77,0,13,85,3,101,126,6,132,233
12/10/2002,LEB,NH,ANE,EN,Federal Contract Tower,0,18,19,0,37,0,4,141,0,145,0,22,160,0,182,146,0,146,328
12/11/2002,LEB,NH,ANE,EN,Federal Contract Tower,0,10,10,0,20,0,2,64,0,66,0,12,74,0,86,140,2,142,228
12/12/2002,LEB,NH,ANE,EN,Federal Contract Tower,0,8,8,0,16,0,3,14,0,17,0,11,22,0,33,8,0,8,41
12/13/2002,LEB,NH,ANE,EN,Federal Contract Tower,0,2,2,0,4,0,0,2,0,2,0,2,4,0,6,12,0,12,18
12/14/2002,LEB,NH,ANE,EN,Federal Contract Tower,0,4,0,0,4,0,5,0,0,5,0,9,0,0,9,0,0,0,9
12/15/2002,LEB,NH,ANE,EN,Federal Contract Tower,0,10,10,0,20,0,2,34,0,36,0,12,44,0,56,152,0,152,208
12/16/2002,LEB,NH,ANE,EN,Federal Contract Tower,0,10,11,0,21,0,2,45,1,48,0,12,56,1,69,76,2,78,147
12/17/2002,LEB,NH,ANE,EN,Federal Contract Tower,0,13,15,0,28,0,6,82,1,89,0,19,97,1,117,130,2,132,249
12/18/2002,LEB,NH,ANE,EN,Federal Contract Tower,0,11,13,0,24,0,10,87,1,98,0,21,100,1,122,126,2,128,250
12/19/2002,LEB,NH,ANE,EN,Federal Contract Tower,0,8,9,0,17,0,10,39,5,54,0,18,48,5,71,54,4,58,129
12/20/2002,LEB,NH,ANE,EN,Federal Contract Tower,0,7,7,0,14,0,2,0,0,2,0,9,7,0,16,18,0,18,34
12/21/2002,LEB,NH,ANE,EN,Federal Contract Tower,0,12,14,0,26,0,9,68,0,77,0,21,82,0,103,106,0,106,209
12/22/2002,LEB,NH,ANE,EN,Federal Contract Tower,0,8,9,0,17,0,8,86,0,94,0,16,95,0,111,122,0,122,233
12/23/2002,LEB,NH,ANE,EN,Federal Contract Tower,0,6,8,0,14,0,12,42,0,54,0,18,50,0,68,108,0,108,176
12/24/2002,LEB,NH,ANE,EN,Federal Contract Tower,0,9,10,0,19,0,10,59,2,71,0,19,69,2,90,122,2,124,214
12/25/2002,LEB,NH,ANE,EN,Federal Contract Tower,0,1,0,0,1,0,2,0,0,2,0,3,0,0,3,0,0,0,3
12/26/2002,LEB,NH,ANE,EN,Federal Contract Tower,0,9,10,0,19,0,11,15,0,26,0,20,25,0,45,28,0,28,73
12/27/2002,LEB,NH,ANE,EN,Federal Contract Tower,0,7,8,0,15,0,16,60,7,83,0,23,68,7,98,166,8,174,272
12/28/2002,LEB,NH,ANE,EN,Federal Contract Tower,0,8,10,0,18,0,12,91,0,103,0,20,101,0,121,232,0,232,353
12/29/2002,LEB,NH,ANE,EN,Federal Contract Tower,0,11,12,0,23,0,22,75,0,97,0,33,87,0,120,154,0,154,274
12/30/2002,LEB,NH,ANE,EN,Federal Contract Tower,0,8,9,0,17,0,12,67,4,83,0,20,76,4,100,94,16,110,210
12/31/2002,LEB,NH,ANE,EN,Federal Contract Tower,0,1,0,0,1,0,3,0,0,3,0,4,0,0,4,0,0,0,4
01/01/2003,LEB,NH,ANE,EN,Federal Contract Tower,0,7,5,0,12,0,3,18,0,21,0,10,23,0,33,18,0,18,51
01/02/2003,LEB,NH,ANE,EN,Federal Contract Tower,0,5,2,0,7,0,6,20,0,26,0,11,22,0,33,16,0,16,49
01/03/2003,LEB,NH,ANE,EN,Federal Contract Tower,0,10,7,0,17,0,4,1,0,5,0,14,8,0,22,24,0,24,46
01/04/2003,LEB,NH,ANE,EN,Federal Contract Tower,0,4,1,0,5,0,0,1,0,1,0,4,2,0,6,0,0,0,6
01/05/2003,LEB,NH,ANE,EN,Federal Contract Tower,0,9,6,0,15,0,6,21,0,27,0,15,27,0,42,16,0,16,58
01/06/2003,LEB,NH,ANE,EN,Federal Contract Tower,0,10,10,0,20,0,7,13,0,20,0,17,23,0,40,24,0,24,64
01/07/2003,LEB,NH,ANE,EN,Federal Contract Tower,0,10,11,0,21,0,6,55,0,61,0,16,66,0,82,64,0,64,146
01/08/2003,LEB,NH,ANE,EN,Federal Contract Tower,0,7,8,0,15,0,9,25,0,34,0,16,33,0,49,32,0,32,81
01/09/2003,LEB,NH,ANE,EN,Federal Contract Tower,0,10,11,0,21,0,20,53,0,73,0,30,64,0,94,102,0,102,196
01/10/2003,LEB,NH,ANE,EN,Federal Contract Tower,0,14,15,0,29,0,5,56,0,61,0,19,71,0,90,142,0,142,232
01/11/2003,LEB,NH,ANE,EN,Federal Contract Tower,0,8,8,0,16,0,3,5,1,9,0,11,13,1,25,58,0,58,83
01/12/2003,LEB,NH,ANE,EN,Federal Contract Tower,0,14,15,0,29,0,14,7,0,21,0,28,22,0,50,22,0,22,72
01/13/2003,LEB,NH,ANE,EN,Federal Contract Tower,0,9,10,0,19,0,2,23,0,25,0,11,33,0,44,228,2,230,274
01/14/2003,LEB,NH,ANE,EN,Federal Contract Tower,0,13,14,0,27,0,5,89,3,97,0,18,103,3,124,312,8,320,444
01/15/2003,LEB,NH,ANE,EN,Federal Contract Tower,0,13,13,0,26,0,8,104,0,112,0,21,117,0,138,486,2,488,626
01/16/2003,LEB,NH,ANE,EN,Federal Contract Tower,0,15,16,0,31,0,10,102,2,114,0,25,118,2,145,542,4,546,691
01/17/2003,LEB,NH,ANE,EN,Federal Contract Tower,0,21,22,0,43,0,3,90,0,93,0,24,112,0,136,306,0,306,442
01/18/2003,LEB,NH,ANE,EN,Federal Contract Tower,0,9,9,0,18,0,7,62,0,69,0,16,71,0,87,62,0,62,149
01/19/2003,LEB,NH,ANE,EN,Federal Contract Tower,0,7,7,0,14,0,10,34,2,46,0,17,41,2,60,50,18,68,128
01/20/2003,LEB,NH,ANE,EN,Federal Contract Tower,0,15,16,0,31,0,6,56,4,66,0,21,72,4,97,256,2,258,355
01/21/2003,LEB,NH,ANE,EN,Federal Contract Tower,0,8,9,0,17,0,14,63,0,77,0,22,72,0,94,338,0,338,432
01/22/2003,LEB,NH,ANE,EN,Federal Contract Tower,0,11,11,0,22,0,14,69,0,83,0,25,80,0,105,176,0,176,281
01/23/2003,LEB,NH,ANE,EN,Federal Contract Tower,0,14,14,0,28,0,4,46,8,58,0,18,60,8,86,72,16,88,174
01/24/2003,LEB,NH,ANE,EN,Federal Contract Tower,0,22,23,0,45,0,7,65,0,72,0,29,88,0,117,114,0,114,231
01/25/2003,LEB,NH,ANE,EN,Federal Contract Tower,0,10,10,0,20,0,6,58,7,71,0,16,68,7,91,86,8,94,185
01/26/2003,LEB,NH,ANE,EN,Federal Contract Tower,0,10,11,0,21,0,6,9,0,15,0,16,20,0,36,32,0,32,68
01/27/2003,LEB,NH,ANE,EN,Federal Contract Tower,0,8,8,0,16,0,11,65,0,76,0,19,73,0,92,74,0,74,166
01/28/2003,LEB,NH,ANE,EN,Federal Contract Tower,0,9,10,0,19,0,12,65,0,77,0,21,75,0,96,110,0,110,206
01/29/2003,LEB,NH,ANE,EN,Federal Contract Tower,0,14,14,0,28,0,3,34,0,37,0,17,48,0,65,78,0,78,143
01/30/2003,LEB,NH,ANE,EN,Federal Contract Tower,0,10,11,0,21,0,11,38,0,49,0,21,49,0,70,56,2,58,128
01/31/2003,LEB,NH,ANE,EN,Federal Contract Tower,0,13,14,0,27,0,4,30,0,34,0,17,44,0,61,50,0,50,111
02/01/2003,LEB,NH,ANE,EN,Federal Contract Tower,0,5,5,0,10,0,7,20,0,27,0,12,25,0,37,44,0,44,81
02/02/2003,LEB,NH,ANE,EN,Federal Contract Tower,0,8,3,0,11,0,11,0,0,11,0,19,3,0,22,0,0,0,22
02/03/2003,LEB,NH,ANE,EN,Federal Contract Tower,0,13,14,0,27,0,3,91,0,94,0,16,105,0,121,170,0,170,291
02/04/2003,LEB,NH,ANE,EN,Federal Contract Tower,0,6,6,0,12,0,3,0,0,3,0,9,6,0,15,0,0,0,15
02/05/2003,LEB,NH,ANE,EN,Federal Contract Tower,0,10,10,0,20,0,10,20,0,30,0,20,30,0,50,16,0,16,66
02/06/2003,LEB,NH,ANE,EN,Federal Contract Tower,0,11,12,1,24,0,23,53,4,80,0,34,65,5,104,52,0,52,156
02/07/2003,LEB,NH,ANE,EN,Federal Contract Tower,0,5,4,0,9,0,2,0,0,2,0,7,4,0,11,0,0,0,11
02/08/2003,LEB,NH,ANE,EN,Federal Contract Tower,0,4,3,0,7,0,7,79,6,92,0,11,82,6,99,78,0,78,177
02/09/2003,LEB,NH,ANE,EN,Federal Contract Tower,0,7,6,0,13,0,14,63,0,77,0,21,69,0,90,82,0,82,172
02/10/2003,LEB,NH,ANE,EN,Federal Contract Tower,0,13,10,0,23,0,5,33,2,40,0,18,43,2,63,74,8,82,145
02/11/2003,LEB,NH,ANE,EN,Federal Contract Tower,0,13,10,0,23,0,11,54,0,65,0,24,64,0,88,68,0,68,156
02/12/2003,LEB,NH,ANE,EN,Federal Contract Tower,0,9,10,0,19,0,0,13,0,13,0,9,23,0,32,54,0,54,86
02/13/2003,LEB,NH,ANE,EN,Federal Contract Tower,0,14,11,0,25,0,8,45,0,53,0,22,56,0,78,86,0,86,164
02/14/2003,LEB,NH,ANE,EN,Federal Contract Tower,0,19,16,0,35,0,3,65,0,68,0,22,81,0,103,98,0,98,201
02/15/2003,LEB,NH,ANE,EN,Federal Contract Tower,0,10,8,0,18,0,11,51,0,62,0,21,59,0,80,62,0,62,142
02/16/2003,LEB,NH,ANE,EN,Federal Contract Tower,0,14,11,0,25,0,0,54,0,54,0,14,65,0,79,124,0,124,203
02/17/2003,LEB,NH,ANE,EN,Federal Contract Tower,0,4,2,0,6,0,6,61,2,69,0,10,63,2,75,140,6,146,221
02/18/2003,LEB,NH,ANE,EN,Federal Contract Tower,0,7,4,0,11,0,2,0,0,2,0,9,4,0,13,0,0,0,13
02/19/2003,LEB,NH,ANE,EN,Federal Contract Tower,0,14,12,0,26,0,9,48,0,57,0,23,60,0,83,60,0,60,143
02/20/2003,LEB,NH,ANE,EN,Federal Contract Tower,0,15,14,0,29,0,0,142,5,147,0,15,156,5,176,194,6,200,376
02/21/2003,LEB,NH,ANE,EN,Federal Contract Tower,0,18,15,0,33,0,11,112,1,124,0,29,127,1,157,154,8,162,319
02/22/2003,LEB,NH,ANE,EN,Federal Contract Tower,0,7,6,0,13,0,3,8,0,11,0,10,14,0,24,20,0,20,44
02/23/2003,LEB,NH,ANE,EN,Federal Contract Tower,0,5,5,0,10,0,0,1,0,1,0,5,6,0,11,0,0,0,11
02/24/2003,LEB,NH,ANE,EN,Federal Contract Tower,0,16,14,0,30,0,5,58,0,63,0,21,72,0,93,80,0,80,173
02/25/2003,LEB,NH,ANE,EN,Federal Contract Tower,0,11,8,0,19,0,6,55,0,61,0,17,63,0,80,66,0,66,146
02/26/2003,LEB,NH,ANE,EN,Federal Contract Tower,0,12,10,0,22,0,11,73,0,84,0,23,83,0,106,156,0,156,262
02/27/2003,LEB,NH,ANE,EN,Federal Contract Tower,0,15,12,0,27,0,14,107,0,121,0,29,119,0,148,154,0,154,302
02/28/2003,LEB,NH,ANE,EN,Federal Contract Tower,0,13,10,0,23,0,9,66,1,76,0,22,76,1,99,118,0,118,217
03/01/2003,LEB,NH,ANE,EN,Federal Contract Tower,0,8,7,0,15,0,7,77,0,84,0,15,84,0,99,90,0,90,189
03/02/2003,LEB,NH,ANE,EN,Federal Contract Tower,0,4,0,0,4,0,7,0,0,7,0,11,0,0,11,0,0,0,11
03/03/2003,LEB,NH,ANE,EN,Federal Contract Tower,0,8,8,0,16,0,5,46,0,51,0,13,54,0,67,84,0,84,151
03/04/2003,LEB,NH,ANE,EN,Federal Contract Tower,0,5,7,0,12,0,21,59,0,80,0,26,66,0,92,110,0,110,202
03/05/2003,LEB,NH,ANE,EN,Federal Contract Tower,0,4,6,0,10,0,4,24,0,28,0,8,30,0,38,56,0,56,94
03/06/2003,LEB,NH,ANE,EN,Federal Contract Tower,0,7,8,0,15,0,12,52,0,64,0,19,60,0,79,120,0,120,199
03/07/2003,LEB,NH,ANE,EN,Federal Contract Tower,0,13,12,1,26,0,12,52,0,64,0,25,64,1,90,100,0,100,190
03/08/2003,LEB,NH,ANE,EN,Federal Contract Tower,0,3,3,1,7,0,8,80,1,89,0,11,83,2,96,74,6,80,176
03/09/2003,LEB,NH,ANE,EN,Federal Contract Tower,0,12,10,0,22,0,4,15,0,19,0,16,25,0,41,10,0,10,51
03/10/2003,LEB,NH,ANE,EN,Federal Contract Tower,0,15,11,1,27,0,3,45,10,58,0,18,56,11,85,168,28,196,281
03/11/2003,LEB,NH,ANE,EN,Federal Contract Tower,0,12,8,1,21,0,8,71,0,79,0,20,79,1,100,120,8,128,228
03/12/2003,LEB,NH,ANE,EN,Federal Contract Tower,0,12,8,0,20,0,5,40,0,45,0,17,48,0,65,104,0,104,169
03/13/2003,LEB,NH,ANE,EN,Federal Contract Tower,0,13,9,0,22,0,6,15,0,21,0,19,24,0,43,36,0,36,79
03/14/2003,LEB,NH,ANE,EN,Federal Contract Tower,0,17,13,0,30,0,13,84,0,97,0,30,97,0,127,102,0,102,229
03/15/2003,LEB,NH,ANE,EN,Federal Contract Tower,0,15,12,0,27,0,3,57,0,60,0,18,69,0,87,140,0,140,227
03/16/2003,LEB,NH,ANE,EN,Federal Contract Tower,0,10,7,0,17,0,16,68,0,84,0,26,75,0,101,88,0,88,189
03/17/2003,LEB,NH,ANE,EN,Federal Contract Tower,0,14,12,0,26,0,7,77,4,88,0,21,89,4,114,208,8,216,330
03/18/2003,LEB,NH,ANE,EN,Federal Contract Tower,0,13,11,0,24,0,2,42,0,44,0,15,53,0,68,86,0,86,154
03/19/2003,LEB,NH,ANE,EN,Federal Contract Tower,0,9,7,0,16,0,11,70,7,88,0,20,77,7,104,136,48,184,288
03/20/2003,LEB,NH,ANE,EN,Federal Contract Tower,0,15,12,0,27,0,2,50,4,56,0,17,62,4,83,110,14,124,207
03/21/2003,LEB,NH,ANE,EN,Federal Contract Tower,0,12,9,0,21,0,7,85,0,92,0,19,94,0,113,98,0,98,211
03/22/2003,LEB,NH,ANE,EN,Federal Contract Tower,0,6,4,0,10,0,6,16,0,22,0,12,20,0,32,28,0,28,60
03/23/2003,LEB,NH,ANE,EN,Federal Contract Tower,0,12,10,0,22,0,6,51,2,59,0,18,61,2,81,34,0,34,115
03/24/2003,LEB,NH,ANE,EN,Federal Contract Tower,0,12,9,0,21,0,10,74,3,87,0,22,83,3,108,182,20,202,310
03/25/2003,LEB,NH,ANE,EN,Federal Contract Tower,0,9,7,0,16,0,7,39,2,48,0,16,46,2,64,60,0,60,124
03/26/2003,LEB,NH,ANE,EN,Federal Contract Tower,0,8,10,0,18,0,0,4,0,4,0,8,14,0,22,0,0,0,22
03/27/2003,LEB,NH,ANE,EN,Federal Contract Tower,0,14,11,0,25,0,4,74,1,79,0,18,85,1,104,170,0,170,274
03/28/2003,LEB,NH,ANE,EN,Federal Contract Tower,0,24,19,0,43,0,5,76,0,81,0,29,95,0,124,116,0,116,240
03/29/2003,LEB,NH,ANE,EN,Federal Contract Tower,0,5,3,0,8,0,1,2,0,3,0,6,5,0,11,0,0,0,11
03/30/2003,LEB,NH,ANE,EN,Federal Contract Tower,0,4,1,0,5,0,2,0,0,2,0,6,1,0,7,0,0,0,7
03/31/2003,LEB,NH,ANE,EN,Federal Contract Tower,0,11,9,0,20,0,7,41,0,48,0,18,50,0,68,122,0,122,190
04/01/2003,LEB,NH,ANE,EN,Federal Contract Tower,0,13,11,0,24,0,4,57,0,61,0,17,68,0,85,272,0,272,357
04/02/2003,LEB,NH,ANE,EN,Federal Contract Tower,0,11,11,0,22,0,3,45,0,48,0,14,56,0,70,224,0,224,294
04/03/2003,LEB,NH,ANE,EN,Federal Contract Tower,0,5,6,0,11,0,4,3,0,7,0,9,9,0,18,46,0,46,64
04/04/2003,LEB,NH,ANE,EN,Federal Contract Tower,0,9,8,0,17,0,6,2,0,8,0,15,10,0,25,4,0,4,29
04/05/2003,LEB,NH,ANE,EN,Federal Contract Tower,0,2,1,0,3,0,5,0,0,5,0,7,1,0,8,0,0,0,8
04/06/2003,LEB,NH,ANE,EN,Federal Contract Tower,0,8,6,0,14,0,22,32,0,54,0,30,38,0,68,61,0,61,129
04/07/2003,LEB,NH,ANE,EN,Federal Contract Tower,0,6,4,0,10,0,29,39,0,68,0,35,43,0,78,60,0,60,138
04/08/2003,LEB,NH,ANE,EN,Federal Contract Tower,0,7,5,1,13,0,24,11,1,36,0,31,16,2,49,8,0,8,57
04/09/2003,LEB,NH,ANE,EN,Federal Contract Tower,0,7,6,0,13,0,0,33,0,33,0,7,39,0,46,44,0,44,90
04/10/2003,LEB,NH,ANE,EN,Federal Contract Tower,0,13,10,1,24,0,2,95,2,99,0,15,105,3,123,206,4,210,333
04/11/2003,LEB,NH,ANE,EN,Federal Contract Tower,0,11,9,0,20,0,1,47,0,48,0,12,56,0,68,64,0,64,132
04/12/2003,LEB,NH,ANE,EN,Federal Contract Tower,0,9,7,1,17,0,7,48,1,56,0,16,55,2,73,58,0,58,131
04/13/2003,LEB,NH,ANE,EN,Federal Contract Tower,0,11,9,0,20,0,10,90,0,100,0,21,99,0,120,84,0,84,204
04/14/2003,LEB,NH,ANE,EN,Federal Contract Tower,0,12,9,1,22,0,11,97,1,109,0,23,106,2,131,138,14,152,283
04/15/2003,LEB,NH,ANE,EN,Federal Contract Tower,0,13,9,0,22,0,10,27,2,39,0,23,36,2,61,40,4,44,105
04/16/2003,LEB,NH,ANE,EN,Federal Contract Tower,0,16,11,0,27,0,13,26,0,39,0,29,37,0,66,86,0,86,152
04/17/2003,LEB,NH,ANE,EN,Federal Contract Tower,0,13,9,0,22,0,0,79,5,84,0,13,88,5,106,150,12,162,268
04/18/2003,LEB,NH,ANE,EN,Federal Contract Tower,0,17,12,0,29,0,5,65,0,70,0,22,77,0,99,72,0,72,171
04/19/2003,LEB,NH,ANE,EN,Federal Contract Tower,0,8,5,0,13,0,7,68,4,79,0,15,73,4,92,64,6,70,162
04/20/2003,LEB,NH,ANE,EN,Federal Contract Tower,0,10,7,0,17,0,9,99,0,108,0,19,106,0,125,56,0,56,181
04/21/2003,LEB,NH,ANE,EN,Federal Contract Tower,0,14,10,0,24,0,13,33,0,46,0,27,43,0,70,266,0,266,336
04/22/2003,LEB,NH,ANE,EN,Federal Contract Tower,0,13,13,0,26,0,0,5,0,5,0,13,18,0,31,0,0,0,31
04/23/2003,LEB,NH,ANE,EN,Federal Contract Tower,0,14,9,0,23,0,0,0,0,0,0,14,9,0,23,0,0,0,23
04/24/2003,LEB,NH,ANE,EN,Federal Contract Tower,0,17,9,0,26,0,6,0,0,6,0,23,9,0,32,0,0,0,32
04/25/2003,LEB,NH,ANE,EN,Federal Contract Tower,0,15,10,0,25,0,3,65,0,68,0,18,75,0,93,182,4,186,279
04/26/2003,LEB,NH,ANE,EN,Federal Contract Tower,0,9,5,0,14,0,2,0,3,5,0,11,5,3,19,4,0,4,23
04/27/2003,LEB,NH,ANE,EN,Federal Contract Tower,0,13,9,0,22,0,8,33,3,44,0,21,42,3,66,58,0,58,124
04/28/2003,LEB,NH,ANE,EN,Federal Contract Tower,0,12,9,0,21,0,12,59,0,71,0,24,68,0,92,80,0,80,172
04/29/2003,LEB,NH,ANE,EN,Federal Contract Tower,0,15,10,0,25,0,11,73,2,86,0,26,83,2,111,130,0,130,241
04/30/2003,LEB,NH,ANE,EN,Federal Contract Tower,0,11,8,0,19,0,10,86,2,98,0,21,94,2,117,64,0,64,181
05/01/2003,LEB,NH,ANE,EN,Federal Contract Tower,0,13,15,0,28,0,5,13,0,18,0,18,28,0,46,30,0,30,76
05/02/2003,LEB,NH,ANE,EN,Federal Contract Tower,0,16,13,0,29,0,4,0,0,4,0,20,13,0,33,0,0,0,33
05/03/2003,LEB,NH,ANE,EN,Federal Contract Tower,0,15,17,0,32,0,14,52,3,69,0,29,69,3,101,58,2,60,161
05/04/2003,LEB,NH,ANE,EN,Federal Contract Tower,0,12,13,0,25,0,12,61,3,76,0,24,74,3,101,16,0,16,117
05/05/2003,LEB,NH,ANE,EN,Federal Contract Tower,0,11,13,0,24,0,5,78,2,85,0,16,91,2,109,112,0,112,221
05/06/2003,LEB,NH,ANE,EN,Federal Contract Tower,0,12,14,0,26,0,0,7,0,7,0,12,21,0,33,8,0,8,41
05/07/2003,LEB,NH,ANE,EN,Federal Contract Tower,0,11,12,0,23,0,3,56,1,60,0,14,68,1,83,78,0,78,161
05/08/2003,LEB,NH,ANE,EN,Federal Contract Tower,0,19,21,0,40,0,5,41,0,46,0,24,62,0,86,64,0,64,150
05/09/2003,LEB,NH,ANE,EN,Federal Contract Tower,0,14,15,0,29,0,1,58,0,59,0,15,73,0,88,62,0,62,150
05/10/2003,LEB,NH,ANE,EN,Federal Contract Tower,0,6,7,0,13,0,4,82,0,86,0,10,89,0,99,114,0,114,213
05/11/2003,LEB,NH,ANE,EN,Federal Contract Tower,0,11,12,0,23,0,9,54,0,63,0,20,66,0,86,70,0,70,156
05/12/2003,LEB,NH,ANE,EN,Federal Contract Tower,0,15,20,0,35,0,0,33,0,33,0,15,53,0,68,188,0,188,256
05/13/2003,LEB,NH,ANE,EN,Federal Contract Tower,0,12,13,0,25,0,7,25,0,32,0,19,38,0,57,34,0,34,91
05/14/2003,LEB,NH,ANE,EN,Federal Contract Tower,0,14,17,0,31,0,0,42,0,42,0,14,59,0,73,32,0,32,105
05/15/2003,LEB,NH,ANE,EN,Federal Contract Tower,0,16,17,0,33,0,0,21,0,21,0,16,38,0,54,0,0,0,54
05/16/2003,LEB,NH,ANE,EN,Federal Contract Tower,0,10,12,0,22,0,4,49,0,53,0,14,61,0,75,36,0,36,111
05/17/2003,LEB,NH,ANE,EN,Federal Contract Tower,0,5,6,0,11,0,7,85,2,94,0,12,91,2,105,80,0,80,185
05/18/2003,LEB,NH,ANE,EN,Federal Contract Tower,0,11,15,0,26,0,13,91,0,104,0,24,106,0,130,152,0,152,282
05/19/2003,LEB,NH,ANE,EN,Federal Contract Tower,0,10,13,0,23,0,7,80,4,91,0,17,93,4,114,106,24,130,244
05/20/2003,LEB,NH,ANE,EN,Federal Contract Tower,0,10,13,0,23,0,11,95,0,106,0,21,108,0,129,138,0,138,267
05/21/2003,LEB,NH,ANE,EN,Federal Contract Tower,0,15,18,0,33,0,6,18,0,24,0,21,36,0,57,28,0,28,85
05/22/2003,LEB,NH,ANE,EN,Federal Contract Tower,0,15,18,0,33,0,3,73,3,79,0,18,91,3,112,154,0,154,266
05/23/2003,LEB,NH,ANE,EN,Federal Contract Tower,0,10,16,0,26,0,0,43,0,43,0,10,59,0,69,70,0,70,139
05/24/2003,LEB,NH,ANE,EN,Federal Contract Tower,0,6,9,0,15,0,0,5,0,5,0,6,14,0,20,20,0,20,40
05/25/2003,LEB,NH,ANE,EN,Federal Contract Tower,0,5,8,0,13,0,4,0,0,4,0,9,8,0,17,18,0,18,35
05/26/2003,LEB,NH,ANE,EN,Federal Contract Tower,0,10,13,0,23,0,0,0,0,0,0,10,13,0,23,0,0,0,23
05/27/2003,LEB,NH,ANE,EN,Federal Contract Tower,0,14,18,0,32,0,9,15,0,24,0,23,33,0,56,16,0,16,72
05/28/2003,LEB,NH,ANE,EN,Federal Contract Tower,0,12,16,0,28,0,2,6,0,8,0,14,22,0,36,12,0,12,48
05/29/2003,LEB,NH,ANE,EN,Federal Contract Tower,0,14,18,0,32,0,8,46,0,54,0,22,64,0,86,76,0,76,162
05/30/2003,LEB,NH,ANE,EN,Federal Contract Tower,0,13,16,0,29,0,3,62,0,65,0,16,78,0,94,122,0,122,216
05/31/2003,LEB,NH,ANE,EN,Federal Contract Tower,0,10,12,0,22,0,12,52,0,64,0,22,64,0,86,144,0,144,230
06/01/2003,LEB,NH,ANE,EN,Federal Contract Tower,0,18,18,0,36,0,0,0,1,1,0,18,18,1,37,0,0,0,37
06/02/2003,LEB,NH,ANE,EN,Federal Contract Tower,0,11,11,0,22,0,7,53,0,60,0,18,64,0,82,64,0,64,146
06/03/2003,LEB,NH,ANE,EN,Federal Contract Tower,0,8,8,0,16,0,10,83,0,93,0,18,91,0,109,136,0,136,245
06/04/2003,LEB,NH,ANE,EN,Federal Contract Tower,0,15,16,0,31,0,10,90,0,100,0,25,106,0,131,110,0,110,241
06/05/2003,LEB,NH,ANE,EN,Federal Contract Tower,0,15,15,0,30,0,1,10,0,11,0,16,25,0,41,28,0,28,69
06/06/2003,LEB,NH,ANE,EN,Federal Contract Tower,0,20,20,0,40,0,10,92,3,105,0,30,112,3,145,70,0,70,215
06/07/2003,LEB,NH,ANE,EN,Federal Contract Tower,0,18,19,0,37,0,13,29,0,42,0,31,48,0,79,32,0,32,111
06/08/2003,LEB,NH,ANE,EN,Federal Contract Tower,0,22,23,0,45,0,16,36,0,52,0,38,59,0,97,114,0,114,211
06/09/2003,LEB,NH,ANE,EN,Federal Contract Tower,0,14,15,0,29,0,5,20,2,27,0,19,35,2,56,12,0,12,68
06/10/2003,LEB,NH,ANE,EN,Federal Contract Tower,0,11,12,0,23,0,15,118,0,133,0,26,130,0,156,90,0,90,246
06/11/2003,LEB,NH,ANE,EN,Federal Contract Tower,0,12,12,0,24,0,9,63,0,72,0,21,75,0,96,78,0,78,174
06/12/2003,LEB,NH,ANE,EN,Federal Contract Tower,0,14,15,0,29,0,13,74,0,87,0,27,89,0,116,106,0,106,222
06/13/2003,LEB,NH,ANE,EN,Federal Contract Tower,0,14,17,0,31,0,0,22,0,22,0,14,39,0,53,58,0,58,111
06/14/2003,LEB,NH,ANE,EN,Federal Contract Tower,0,6,11,0,17,0,0,4,0,4,0,6,15,0,21,0,0,0,21
06/15/2003,LEB,NH,ANE,EN,Federal Contract Tower,0,8,9,0,17,0,12,150,0,162,0,20,159,0,179,108,0,108,287
06/16/2003,LEB,NH,ANE,EN,Federal Contract Tower,0,15,17,0,32,0,5,76,0,81,0,20,93,0,113,78,0,78,191
06/17/2003,LEB,NH,ANE,EN,Federal Contract Tower,0,12,13,0,25,0,5,116,0,121,0,17,129,0,146,142,0,142,288
06/18/2003,LEB,NH,ANE,EN,Federal Contract Tower,0,17,19,0,36,0,6,84,0,90,0,23,103,0,126,70,2,72,198
06/19/2003,LEB,NH,ANE,EN,Federal Contract Tower,0,14,16,0,30,0,7,42,0,49,0,21,58,0,79,108,0,108,187
06/20/2003,LEB,NH,ANE,EN,Federal Contract Tower,0,14,17,0,31,0,12,46,0,58,0,26,63,0,89,98,0,98,187
06/21/2003,LEB,NH,ANE,EN,Federal Contract Tower,0,9,14,0,23,0,0,51,1,52,0,9,65,1,75,44,6,50,125
06/22/2003,LEB,NH,ANE,EN,Federal Contract Tower,0,10,13,0,23,0,6,34,0,40,0,16,47,0,63,44,0,44,107
06/23/2003,LEB,NH,ANE,EN,Federal Contract Tower,0,10,13,0,23,0,6,34,0,40,0,16,47,0,63,44,0,44,107
06/24/2003,LEB,NH,ANE,EN,Federal Contract Tower,0,9,10,0,19,0,4,53,0,57,0,13,63,0,76,60,0,60,136
06/25/2003,LEB,NH,ANE,EN,Federal Contract Tower,0,14,16,0,30,0,5,81,2,88,0,19,97,2,118,54,0,54,172
06/26/2003,LEB,NH,ANE,EN,Federal Contract Tower,0,14,17,0,31,0,3,76,0,79,0,17,93,0,110,114,0,114,224
06/27/2003,LEB,NH,ANE,EN,Federal Contract Tower,0,18,21,0,39,0,2,67,0,69,0,20,88,0,108,86,0,86,194
06/28/2003,LEB,NH,ANE,EN,Federal Contract Tower,0,10,17,0,27,0,10,83,0,93,0,20,100,0,120,66,0,66,186
06/29/2003,LEB,NH,ANE,EN,Federal Contract Tower,0,8,9,0,17,0,11,28,0,39,0,19,37,0,56,0,0,0,56
06/30/2003,LEB,NH,ANE,EN,Federal Contract Tower,0,13,15,0,28,0,20,49,0,69,0,33,64,0,97,106,0,106,203
07/01/2003,LEB,NH,ANE,EN,Federal Contract Tower,0,11,15,0,26,0,9,86,0,95,0,20,101,0,121,94,0,94,215
07/02/2003,LEB,NH,ANE,EN,Federal Contract Tower,0,13,18,0,31,0,13,67,0,80,0,26,85,0,111,164,0,164,275
07/03/2003,LEB,NH,ANE,EN,Federal Contract Tower,0,14,20,0,34,0,12,58,0,70,0,26,78,0,104,132,0,132,236
07/04/2003,LEB,NH,ANE,EN,Federal Contract Tower,0,3,6,0,9,0,5,61,0,66,0,8,67,0,75,60,0,60,135
07/05/2003,LEB,NH,ANE,EN,Federal Contract Tower,0,0,0,0,0,0,0,0,0,0,0,0,0,0,0,0,0,0,0
07/06/2003,LEB,NH,ANE,EN,Federal Contract Tower,0,10,15,0,25,0,15,85,0,100,0,25,100,0,125,92,0,92,217
07/07/2003,LEB,NH,ANE,EN,Federal Contract Tower,0,13,18,0,31,0,9,78,0,87,0,22,96,0,118,158,0,158,276
07/08/2003,LEB,NH,ANE,EN,Federal Contract Tower,0,8,13,0,21,0,8,89,0,97,0,16,102,0,118,142,0,142,260
07/09/2003,LEB,NH,ANE,EN,Federal Contract Tower,0,11,16,0,27,0,2,95,0,97,0,13,111,0,124,192,0,192,316
07/10/2003,LEB,NH,ANE,EN,Federal Contract Tower,0,13,17,0,30,0,7,91,0,98,0,20,108,0,128,92,0,92,220
07/11/2003,LEB,NH,ANE,EN,Federal Contract Tower,0,13,16,0,29,0,0,0,0,0,0,13,16,0,29,0,0,0,29
07/12/2003,LEB,NH,ANE,EN,Federal Contract Tower,0,11,13,0,24,0,15,59,2,76,0,26,72,2,100,130,0,130,230
07/13/2003,LEB,NH,ANE,EN,Federal Contract Tower,0,12,14,0,26,0,9,76,0,85,0,21,90,0,111,100,0,100,211
07/14/2003,LEB,NH,ANE,EN,Federal Contract Tower,0,14,16,0,30,0,15,106,0,121,0,29,122,0,151,248,0,248,399
07/15/2003,LEB,NH,ANE,EN,Federal Contract Tower,0,10,12,0,22,0,19,97,0,116,0,29,109,0,138,126,0,126,264
07/16/2003,LEB,NH,ANE,EN,Federal Contract Tower,0,11,13,0,24,0,8,2,0,10,0,19,15,0,34,36,0,36,70
07/17/2003,LEB,NH,ANE,EN,Federal Contract Tower,0,14,18,0,32,0,14,76,0,90,0,28,94,0,122,68,0,68,190
07/18/2003,LEB,NH,ANE,EN,Federal Contract Tower,0,20,23,0,43,0,9,74,5,88,0,29,97,5,131,92,16,108,239
07/19/2003,LEB,NH,ANE,EN,Federal Contract Tower,0,5,13,0,18,0,16,80,0,96,0,21,93,0,114,84,0,84,198
07/20/2003,LEB,NH,ANE,EN,Federal Contract Tower,0,22,16,0,38,0,6,109,2,117,0,28,125,2,155,106,12,118,273
07/21/2003,LEB,NH,ANE,EN,Federal Contract Tower,0,15,11,0,26,0,5,50,0,55,0,20,61,0,81,110,0,110,191
07/22/2003,LEB,NH,ANE,EN,Federal Contract Tower,0,13,13,0,26,0,6,13,0,19,0,19,26,0,45,44,0,44,89
07/23/2003,LEB,NH,ANE,EN,Federal Contract Tower,0,13,15,0,28,0,6,13,0,19,0,19,28,0,47,18,0,18,65
07/24/2003,LEB,NH,ANE,EN,Federal Contract Tower,0,22,5,0,27,0,2,19,0,21,0,24,24,0,48,44,0,44,92
07/25/2003,LEB,NH,ANE,EN,Federal Contract Tower,0,27,22,0,49,0,9,81,0,90,0,36,103,0,139,98,0,98,237
07/26/2003,LEB,NH,ANE,EN,Federal Contract Tower,0,8,12,0,20,0,11,72,0,83,0,19,84,0,103,34,0,34,137
07/27/2003,LEB,NH,ANE,EN,Federal Contract Tower,0,29,21,0,50,0,12,17,0,29,0,41,38,0,79,26,0,26,105
07/28/2003,LEB,NH,ANE,EN,Federal Contract Tower,0,10,12,0,22,0,9,56,0,65,0,19,68,0,87,26,0,26,113
07/29/2003,LEB,NH,ANE,EN,Federal Contract Tower,0,10,14,0,24,0,11,74,0,85,0,21,88,0,109,96,2,98,207
07/30/2003,LEB,NH,ANE,EN,Federal Contract Tower,0,11,19,0,30,0,16,83,0,99,0,27,102,0,129,88,0,88,217
07/31/2003,LEB,NH,ANE,EN,Federal Contract Tower,0,14,18,0,32,0,12,69,0,81,0,26,87,0,113,72,0,72,185
08/01/2003,LEB,NH,ANE,EN,Federal Contract Tower,0,17,16,0,33,0,0,1,0,1,0,17,17,0,34,2,0,2,36
08/02/2003,LEB,NH,ANE,EN,Federal Contract Tower,0,7,14,0,21,0,7,28,0,35,0,14,42,0,56,30,0,30,86
08/03/2003,LEB,NH,ANE,EN,Federal Contract Tower,0,15,16,0,31,0,3,19,0,22,0,18,35,0,53,56,0,56,109
08/04/2003,LEB,NH,ANE,EN,Federal Contract Tower,0,18,21,0,39,0,7,41,0,48,0,25,62,0,87,68,0,68,155
08/05/2003,LEB,NH,ANE,EN,Federal Contract Tower,0,17,18,0,35,0,4,44,2,50,0,21,62,2,85,64,0,64,149
08/06/2003,LEB,NH,ANE,EN,Federal Contract Tower,0,13,10,0,23,0,2,21,0,23,0,15,31,0,46,58,0,58,104
08/07/2003,LEB,NH,ANE,EN,Federal Contract Tower,0,11,25,0,36,0,0,27,0,27,0,11,52,0,63,38,0,38,101
08/08/2003,LEB,NH,ANE,EN,Federal Contract Tower,0,15,22,0,37,0,6,51,0,57,0,21,73,0,94,66,0,66,160
08/09/2003,LEB,NH,ANE,EN,Federal Contract Tower,0,10,20,0,30,0,0,9,0,9,0,10,29,0,39,16,0,16,55
08/10/2003,LEB,NH,ANE,EN,Federal Contract Tower,0,18,6,0,24,0,10,19,0,29,0,28,25,0,53,30,0,30,83
08/11/2003,LEB,NH,ANE,EN,Federal Contract Tower,0,11,24,0,35,0,8,45,0,53,0,19,69,0,88,72,0,72,160
08/12/2003,LEB,NH,ANE,EN,Federal Contract Tower,0,11,10,0,21,0,2,27,0,29,0,13,37,0,50,120,0,120,170
08/13/2003,LEB,NH,ANE,EN,Federal Contract Tower,0,11,16,0,27,0,17,52,2,71,0,28,68,2,98,96,4,100,198
08/14/2003,LEB,NH,ANE,EN,Federal Contract Tower,0,17,24,0,41,0,5,101,4,110,0,22,125,4,151,182,0,182,333
08/15/2003,LEB,NH,ANE,EN,Federal Contract Tower,0,12,15,0,27,0,6,87,1,94,0,18,102,1,121,78,0,78,199
08/16/2003,LEB,NH,ANE,EN,Federal Contract Tower,0,10,2,0,12,0,5,54,0,59,0,15,56,0,71,70,0,70,141
08/17/2003,LEB,NH,ANE,EN,Federal Contract Tower,0,8,20,0,28,0,8,59,0,67,0,16,79,0,95,96,0,96,191
08/18/2003,LEB,NH,ANE,EN,Federal Contract Tower,0,27,12,0,39,0,6,62,0,68,0,33,74,0,107,64,0,64,171
08/19/2003,LEB,NH,ANE,EN,Federal Contract Tower,0,17,19,0,36,0,9,65,0,74,0,26,84,0,110,64,0,64,174
08/20/2003,LEB,NH,ANE,EN,Federal Contract Tower,0,14,13,0,27,0,19,82,0,101,0,33,95,0,128,110,0,110,238
08/21/2003,LEB,NH,ANE,EN,Federal Contract Tower,0,6,15,0,21,0,4,43,0,47,0,10,58,0,68,32,0,32,100
08/22/2003,LEB,NH,ANE,EN,Federal Contract Tower,0,17,21,0,38,0,10,43,0,53,0,27,64,0,91,64,0,64,155
08/23/2003,LEB,NH,ANE,EN,Federal Contract Tower,0,8,8,0,16,0,18,82,3,103,0,26,90,3,119,80,0,80,199
08/24/2003,LEB,NH,ANE,EN,Federal Contract Tower,0,8,9,0,17,0,7,68,0,75,0,15,77,0,92,78,0,78,170
08/25/2003,LEB,NH,ANE,EN,Federal Contract Tower,0,14,22,0,36,0,5,61,0,66,0,19,83,0,102,88,0,88,190
08/26/2003,LEB,NH,ANE,EN,Federal Contract Tower,0,9,20,0,29,0,1,67,0,68,0,10,87,0,97,84,0,84,181
08/27/2003,LEB,NH,ANE,EN,Federal Contract Tower,0,8,14,0,22,0,7,43,0,50,0,15,57,0,72,92,0,92,164
08/28/2003,LEB,NH,ANE,EN,Federal Contract Tower,0,11,16,0,27,0,3,50,0,53,0,14,66,0,80,26,0,26,106
08/29/2003,LEB,NH,ANE,EN,Federal Contract Tower,0,11,19,0,30,0,4,42,0,46,0,15,61,0,76,66,0,66,142
08/30/2003,LEB,NH,ANE,EN,Federal Contract Tower,0,4,12,0,16,0,10,66,6,82,0,14,78,6,98,52,0,52,150
08/31/2003,LEB,NH,ANE,EN,Federal Contract Tower,0,7,2,0,9,0,4,41,0,45,0,11,43,0,54,34,0,34,88
09/01/2003,LEB,NH,ANE,EN,Federal Contract Tower,0,10,11,0,21,0,5,15,0,20,0,15,26,0,41,26,0,26,67
09/02/2003,LEB,NH,ANE,EN,Federal Contract Tower,0,6,23,0,29,0,4,55,0,59,0,10,78,0,88,34,0,34,122
09/03/2003,LEB,NH,ANE,EN,Federal Contract Tower,0,9,21,0,30,0,6,60,2,68,0,15,81,2,98,38,4,42,140
09/04/2003,LEB,NH,ANE,EN,Federal Contract Tower,0,6,13,0,19,0,0,0,0,0,0,6,13,0,19,0,0,0,19
09/05/2003,LEB,NH,ANE,EN,Federal Contract Tower,0,8,18,0,26,0,6,55,2,63,0,14,73,2,89,76,0,76,165
09/06/2003,LEB,NH,ANE,EN,Federal Contract Tower,0,8,12,0,20,0,4,80,0,84,0,12,92,0,104,22,0,22,126
09/07/2003,LEB,NH,ANE,EN,Federal Contract Tower,0,4,18,0,22,0,9,71,2,82,0,13,89,2,104,116,0,116,220
09/08/2003,LEB,NH,ANE,EN,Federal Contract Tower,0,12,14,0,26,0,8,92,0,100,0,20,106,0,126,114,0,114,240
09/09/2003,LEB,NH,ANE,EN,Federal Contract Tower,0,11,11,0,22,0,9,89,1,99,0,20,100,1,121,98,2,100,221
09/10/2003,LEB,NH,ANE,EN,Federal Contract Tower,0,12,14,0,26,0,12,97,2,111,0,24,111,2,137,126,0,126,263
09/11/2003,LEB,NH,ANE,EN,Federal Contract Tower,0,9,18,0,27,0,5,99,2,106,0,14,117,2,133,100,0,100,233
09/12/2003,LEB,NH,ANE,EN,Federal Contract Tower,0,17,15,0,32,0,7,108,0,115,0,24,123,0,147,88,0,88,235
09/13/2003,LEB,NH,ANE,EN,Federal Contract Tower,0,3,13,0,16,0,14,50,9,73,0,17,63,9,89,64,0,64,153
09/14/2003,LEB,NH,ANE,EN,Federal Contract Tower,0,9,16,0,25,0,0,1,0,1,0,9,17,0,26,0,0,0,26
09/15/2003,LEB,NH,ANE,EN,Federal Contract Tower,0,11,17,0,28,0,7,53,0,60,0,18,70,0,88,72,0,72,160
09/16/2003,LEB,NH,ANE,EN,Federal Contract Tower,0,12,12,0,24,0,2,45,0,47,0,14,57,0,71,52,0,52,123
09/17/2003,LEB,NH,ANE,EN,Federal Contract Tower,0,16,14,0,30,0,3,91,4,98,0,19,105,4,128,150,4,154,282
09/18/2003,LEB,NH,ANE,EN,Federal Contract Tower,0,10,16,2,28,0,8,55,4,67,0,18,71,6,95,44,0,44,139
09/19/2003,LEB,NH,ANE,EN,Federal Contract Tower,0,5,2,0,7,0,0,0,0,0,0,5,2,0,7,0,0,0,7
09/20/2003,LEB,NH,ANE,EN,Federal Contract Tower,0,7,9,0,16,0,8,29,0,37,0,15,38,0,53,56,0,56,109
09/21/2003,LEB,NH,ANE,EN,Federal Contract Tower,0,9,9,0,18,0,6,68,2,76,0,15,77,2,94,78,0,78,172
09/22/2003,LEB,NH,ANE,EN,Federal Contract Tower,0,11,23,0,34,0,4,82,0,86,0,15,105,0,120,134,0,134,254
09/23/2003,LEB,NH,ANE,EN,Federal Contract Tower,0,11,7,0,18,0,2,1,0,3,0,13,8,0,21,12,0,12,33
09/24/2003,LEB,NH,ANE,EN,Federal Contract Tower,0,11,11,0,22,0,9,71,0,80,0,20,82,0,102,74,0,74,176
09/25/2003,LEB,NH,ANE,EN,Federal Contract Tower,0,15,20,0,35,0,5,48,0,53,0,20,68,0,88,80,0,80,168
09/26/2003,LEB,NH,ANE,EN,Federal Contract Tower,0,13,9,0,22,0,4,78,0,82,0,17,87,0,104,58,0,58,162
09/27/2003,LEB,NH,ANE,EN,Federal Contract Tower,0,9,11,0,20,0,1,40,0,41,0,10,51,0,61,68,0,68,129
09/28/2003,LEB,NH,ANE,EN,Federal Contract Tower,0,10,8,0,18,0,0,7,0,7,0,10,15,0,25,22,0,22,47
09/29/2003,LEB,NH,ANE,EN,Federal Contract Tower,0,9,11,0,20,0,7,45,0,52,0,16,56,0,72,146,0,146,218
09/30/2003,LEB,NH,ANE,EN,Federal Contract Tower,0,19,17,0,36,0,14,68,0,82,0,33,85,0,118,146,0,146,264
10/01/2003,LEB,NH,ANE,EN,Federal Contract Tower,0,9,9,0,18,0,5,20,5,30,0,14,29,5,48,46,4,50,98
10/02/2003,LEB,NH,ANE,EN,Federal Contract Tower,0,12,12,0,24,0,2,59,0,61,0,14,71,0,85,0,0,0,85
10/03/2003,LEB,NH,ANE,EN,Federal Contract Tower,0,15,14,0,29,0,18,111,0,129,0,33,125,0,158,94,0,94,252
10/04/2003,LEB,NH,ANE,EN,Federal Contract Tower,0,12,11,0,23,0,5,21,0,26,0,17,32,0,49,30,4,34,83
10/05/2003,LEB,NH,ANE,EN,Federal Contract Tower,0,17,17,0,34,0,3,66,2,71,0,20,83,2,105,98,0,98,203
10/06/2003,LEB,NH,ANE,EN,Federal Contract Tower,0,17,17,0,34,0,0,52,6,58,0,17,69,6,92,114,18,132,224
10/07/2003,LEB,NH,ANE,EN,Federal Contract Tower,0,16,18,1,35,0,4,48,0,52,0,20,66,1,87,54,0,54,141
10/08/2003,LEB,NH,ANE,EN,Federal Contract Tower,0,16,17,1,34,0,15,78,6,99,0,31,95,7,133,116,0,116,249
10/09/2003,LEB,NH,ANE,EN,Federal Contract Tower,0,11,14,0,25,0,15,97,0,112,0,26,111,0,137,126,0,126,263
10/10/2003,LEB,NH,ANE,EN,Federal Contract Tower,0,18,21,0,39,0,2,78,0,80,0,20,99,0,119,84,4,88,207
10/11/2003,LEB,NH,ANE,EN,Federal Contract Tower,0,9,14,0,23,0,0,86,0,86,0,9,100,0,109,74,0,74,183
10/12/2003,LEB,NH,ANE,EN,Federal Contract Tower,0,9,12,0,21,0,1,16,0,17,0,10,28,0,38,34,0,34,72
10/13/2003,LEB,NH,ANE,EN,Federal Contract Tower,0,15,19,0,34,0,13,52,0,65,0,28,71,0,99,54,0,54,153
10/14/2003,LEB,NH,ANE,EN,Federal Contract Tower,0,10,14,0,24,0,16,45,0,61,0,26,59,0,85,126,0,126,211
10/15/2003,LEB,NH,ANE,EN,Federal Contract Tower,0,9,7,0,16,0,4,0,0,4,0,13,7,0,20,0,0,0,20
10/16/2003,LEB,NH,ANE,EN,Federal Contract Tower,0,14,18,0,32,0,22,52,0,74,0,36,70,0,106,112,0,112,218
10/17/2003,LEB,NH,ANE,EN,Federal Contract Tower,0,14,19,0,33,0,10,88,2,100,0,24,107,2,133,106,10,116,249
10/18/2003,LEB,NH,ANE,EN,Federal Contract Tower,0,16,21,0,37,0,11,62,0,73,0,27,83,0,110,82,0,82,192
10/19/2003,LEB,NH,ANE,EN,Federal Contract Tower,0,9,12,0,21,0,9,46,0,55,0,18,58,0,76,26,0,26,102
10/20/2003,LEB,NH,ANE,EN,Federal Contract Tower,0,19,24,0,43,0,1,56,2,59,0,20,80,2,102,74,10,84,186
10/21/2003,LEB,NH,ANE,EN,Federal Contract Tower,0,9,13,0,22,0,2,7,0,9,0,11,20,0,31,48,0,48,79
10/22/2003,LEB,NH,ANE,EN,Federal Contract Tower,0,9,9,0,18,0,3,0,0,3,0,12,9,0,21,0,0,0,21
10/23/2003,LEB,NH,ANE,EN,Federal Contract Tower,0,8,11,0,19,0,6,16,0,22,0,14,27,0,41,98,0,98,139
10/24/2003,LEB,NH,ANE,EN,Federal Contract Tower,0,19,24,0,43,0,7,52,0,59,0,26,76,0,102,50,0,50,152
10/25/2003,LEB,NH,ANE,EN,Federal Contract Tower,0,10,13,0,23,0,6,57,8,71,0,16,70,8,94,50,0,50,144
10/26/2003,LEB,NH,ANE,EN,Federal Contract Tower,0,14,18,0,32,0,6,0,0,6,0,20,18,0,38,0,0,0,38
10/27/2003,LEB,NH,ANE,EN,Federal Contract Tower,0,12,20,0,32,0,0,3,0,3,0,12,23,0,35,0,0,0,35
10/28/2003,LEB,NH,ANE,EN,Federal Contract Tower,0,10,14,0,24,0,17,121,2,140,0,27,135,2,164,174,0,174,338
10/29/2003,LEB,NH,ANE,EN,Federal Contract Tower,0,7,7,0,14,0,2,0,0,2,0,9,7,0,16,0,0,0,16
10/30/2003,LEB,NH,ANE,EN,Federal Contract Tower,0,13,17,0,30,0,4,80,0,84,0,17,97,0,114,178,0,178,292
10/31/2003,LEB,NH,ANE,EN,Federal Contract Tower,0,4,7,0,11,0,6,70,0,76,0,10,77,0,87,192,0,192,279
11/01/2003,LEB,NH,ANE,EN,Federal Contract Tower,0,11,11,0,22,0,5,67,2,74,0,16,78,2,96,130,0,130,226
11/02/2003,LEB,NH,ANE,EN,Federal Contract Tower,0,12,15,0,27,0,0,1,0,1,0,12,16,0,28,14,0,14,42
11/03/2003,LEB,NH,ANE,EN,Federal Contract Tower,0,10,12,0,22,0,0,9,0,9,0,10,21,0,31,0,0,0,31
11/04/2003,LEB,NH,ANE,EN,Federal Contract Tower,0,10,7,0,17,0,5,7,0,12,0,15,14,0,29,24,0,24,53
11/05/2003,LEB,NH,ANE,EN,Federal Contract Tower,0,9,6,0,15,0,0,0,2,2,0,9,6,2,17,0,0,0,17
11/06/2003,LEB,NH,ANE,EN,Federal Contract Tower,0,14,15,0,29,0,5,47,0,52,0,19,62,0,81,124,0,124,205
11/07/2003,LEB,NH,ANE,EN,Federal Contract Tower,0,5,4,0,9,0,10,53,0,63,0,15,57,0,72,52,0,52,124
11/08/2003,LEB,NH,ANE,EN,Federal Contract Tower,0,8,7,0,15,0,13,20,2,35,0,21,27,2,50,52,0,52,102
11/09/2003,LEB,NH,ANE,EN,Federal Contract Tower,0,10,11,0,21,0,4,76,0,80,0,14,87,0,101,182,0,182,283
11/10/2003,LEB,NH,ANE,EN,Federal Contract Tower,0,10,9,0,19,0,1,68,0,69,0,11,77,0,88,146,0,146,234
11/11/2003,LEB,NH,ANE,EN,Federal Contract Tower,0,7,7,0,14,0,6,55,0,61,0,13,62,0,75,84,0,84,159
11/12/2003,LEB,NH,ANE,EN,Federal Contract Tower,0,6,7,1,14,0,5,23,1,29,0,11,30,2,43,102,0,102,145
11/13/2003,LEB,NH,ANE,EN,Federal Contract Tower,0,5,5,0,10,0,7,0,0,7,0,12,5,0,17,34,0,34,51
11/14/2003,LEB,NH,ANE,EN,Federal Contract Tower,0,4,6,0,10,0,7,19,0,26,0,11,25,0,36,52,0,52,88
11/15/2003,LEB,NH,ANE,EN,Federal Contract Tower,0,11,13,0,24,0,2,36,0,38,0,13,49,0,62,62,0,62,124
11/16/2003,LEB,NH,ANE,EN,Federal Contract Tower,0,6,8,0,14,0,13,81,4,98,0,19,89,4,112,110,0,110,222
11/17/2003,LEB,NH,ANE,EN,Federal Contract Tower,0,13,16,0,29,0,5,37,5,47,0,18,53,5,76,150,0,150,226
11/18/2003,LEB,NH,ANE,EN,Federal Contract Tower,0,5,7,0,12,0,13,38,0,51,0,18,45,0,63,74,0,74,137
11/19/2003,LEB,NH,ANE,EN,Federal Contract Tower,0,9,10,0,19,0,0,0,0,0,0,9,10,0,19,32,0,32,51
11/20/2003,LEB,NH,ANE,EN,Federal Contract Tower,0,17,19,0,36,0,0,20,0,20,0,17,39,0,56,64,0,64,120
11/21/2003,LEB,NH,ANE,EN,Federal Contract Tower,0,6,8,0,14,0,18,98,0,116,0,24,106,0,130,202,0,202,332
11/22/2003,LEB,NH,ANE,EN,Federal Contract Tower,0,4,5,0,9,0,12,82,0,94,0,16,87,0,103,128,0,128,231
11/23/2003,LEB,NH,ANE,EN,Federal Contract Tower,0,9,12,0,21,0,7,140,4,151,0,16,152,4,172,142,0,142,314
11/24/2003,LEB,NH,ANE,EN,Federal Contract Tower,0,12,19,0,31,0,0,16,0,16,0,12,35,0,47,116,0,116,163
11/25/2003,LEB,NH,ANE,EN,Federal Contract Tower,0,13,16,0,29,0,9,74,0,83,0,22,90,0,112,148,0,148,260
11/26/2003,LEB,NH,ANE,EN,Federal Contract Tower,0,2,3,0,5,0,15,107,0,122,0,17,110,0,127,220,0,220,347
11/27/2003,LEB,NH,ANE,EN,Federal Contract Tower,0,2,4,0,6,0,1,23,0,24,0,3,27,0,30,66,0,66,96
11/28/2003,LEB,NH,ANE,EN,Federal Contract Tower,0,5,1,0,6,0,0,0,0,0,0,5,1,0,6,0,0,0,6
11/29/2003,LEB,NH,ANE,EN,Federal Contract Tower,0,7,9,0,16,0,0,0,0,0,0,7,9,0,16,0,0,0,16
11/30/2003,LEB,NH,ANE,EN,Federal Contract Tower,0,4,6,0,10,0,16,48,0,64,0,20,54,0,74,70,0,70,144
12/01/2003,LEB,NH,ANE,EN,Federal Contract Tower,0,8,9,0,17,0,3,30,0,33,0,11,39,0,50,94,0,94,144
12/02/2003,LEB,NH,ANE,EN,Federal Contract Tower,0,5,8,0,13,0,3,19,0,22,0,8,27,0,35,284,0,284,319
12/03/2003,LEB,NH,ANE,EN,Federal Contract Tower,0,5,7,0,12,0,11,57,0,68,0,16,64,0,80,152,0,152,232
12/04/2003,LEB,NH,ANE,EN,Federal Contract Tower,0,6,9,0,15,0,2,41,0,43,0,8,50,0,58,270,0,270,328
12/05/2003,LEB,NH,ANE,EN,Federal Contract Tower,0,10,12,0,22,0,2,33,0,35,0,12,45,0,57,136,0,136,193
12/06/2003,LEB,NH,ANE,EN,Federal Contract Tower,0,0,0,0,0,0,0,0,0,0,0,0,0,0,0,0,0,0,0
12/07/2003,LEB,NH,ANE,EN,Federal Contract Tower,0,3,4,0,7,0,1,0,0,1,0,4,4,0,8,0,0,0,8
12/08/2003,LEB,NH,ANE,EN,Federal Contract Tower,0,13,15,0,28,0,9,64,0,73,0,22,79,0,101,312,16,328,429
12/09/2003,LEB,NH,ANE,EN,Federal Contract Tower,0,9,12,0,21,0,9,66,0,75,0,18,78,0,96,230,0,230,326
12/10/2003,LEB,NH,ANE,EN,Federal Contract Tower,0,9,11,0,20,0,3,23,0,26,0,12,34,0,46,192,0,192,238
12/11/2003,LEB,NH,ANE,EN,Federal Contract Tower,0,6,7,0,13,0,0,7,0,7,0,6,14,0,20,98,0,98,118
12/12/2003,LEB,NH,ANE,EN,Federal Contract Tower,0,8,9,0,17,0,8,22,0,30,0,16,31,0,47,32,0,32,79
12/13/2003,LEB,NH,ANE,EN,Federal Contract Tower,0,5,3,0,8,0,4,65,0,69,0,9,68,0,77,76,2,78,155
12/14/2003,LEB,NH,ANE,EN,Federal Contract Tower,0,5,3,0,8,0,7,18,0,25,0,12,21,0,33,68,0,68,101
12/15/2003,LEB,NH,ANE,EN,Federal Contract Tower,0,4,5,0,9,0,0,3,0,3,0,4,8,0,12,0,0,0,12
12/16/2003,LEB,NH,ANE,EN,Federal Contract Tower,0,12,11,0,23,0,9,77,0,86,0,21,88,0,109,258,0,258,367
12/17/2003,LEB,NH,ANE,EN,Federal Contract Tower,0,2,4,0,6,0,0,5,0,5,0,2,9,0,11,40,0,40,51
12/18/2003,LEB,NH,ANE,EN,Federal Contract Tower,0,7,8,0,15,0,0,10,3,13,0,7,18,3,28,70,0,70,98
12/19/2003,LEB,NH,ANE,EN,Federal Contract Tower,0,14,13,0,27,0,14,78,0,92,0,28,91,0,119,120,0,120,239
12/20/2003,LEB,NH,ANE,EN,Federal Contract Tower,0,14,13,0,27,0,0,45,0,45,0,14,58,0,72,58,0,58,130
12/21/2003,LEB,NH,ANE,EN,Federal Contract Tower,0,6,4,0,10,0,5,27,0,32,0,11,31,0,42,48,0,48,90
12/22/2003,LEB,NH,ANE,EN,Federal Contract Tower,0,12,10,0,22,0,3,23,0,26,0,15,33,0,48,34,0,34,82
12/23/2003,LEB,NH,ANE,EN,Federal Contract Tower,0,11,9,0,20,0,9,40,0,49,0,20,49,0,69,72,0,72,141
12/24/2003,LEB,NH,ANE,EN,Federal Contract Tower,0,4,0,0,4,0,3,0,0,3,0,7,0,0,7,0,0,0,7
12/25/2003,LEB,NH,ANE,EN,Federal Contract Tower,0,5,3,0,8,0,0,0,0,0,0,5,3,0,8,0,0,0,8
12/26/2003,LEB,NH,ANE,EN,Federal Contract Tower,0,9,8,0,17,0,2,28,0,30,0,11,36,0,47,64,0,64,111
12/27/2003,LEB,NH,ANE,EN,Federal Contract Tower,0,6,4,0,10,0,10,72,1,83,0,16,76,1,93,112,6,118,211
12/28/2003,LEB,NH,ANE,EN,Federal Contract Tower,0,7,6,0,13,0,22,106,0,128,0,29,112,0,141,126,0,126,267
12/29/2003,LEB,NH,ANE,EN,Federal Contract Tower,0,9,8,0,17,0,7,76,0,83,0,16,84,0,100,90,0,90,190
12/30/2003,LEB,NH,ANE,EN,Federal Contract Tower,0,9,7,0,16,0,0,10,0,10,0,9,17,0,26,20,0,20,46
12/31/2003,LEB,NH,ANE,EN,Federal Contract Tower,0,12,10,0,22,0,6,56,0,62,0,18,66,0,84,90,0,90,174
01/01/2004,LEB,NH,ANE,EN,Federal Contract Tower,0,4,4,0,8,0,12,26,0,38,0,16,30,0,46,64,0,64,110
01/02/2004,LEB,NH,ANE,EN,Federal Contract Tower,0,8,9,0,17,0,0,3,0,3,0,8,12,0,20,0,0,0,20
01/03/2004,LEB,NH,ANE,EN,Federal Contract Tower,0,2,5,0,7,0,0,6,0,6,0,2,11,0,13,0,0,0,13
01/04/2004,LEB,NH,ANE,EN,Federal Contract Tower,0,12,11,0,23,0,0,10,0,10,0,12,21,0,33,16,0,16,49
01/05/2004,LEB,NH,ANE,EN,Federal Contract Tower,0,6,2,0,8,0,4,0,0,4,0,10,2,0,12,0,0,0,12
01/06/2004,LEB,NH,ANE,EN,Federal Contract Tower,0,7,7,0,14,0,8,44,0,52,0,15,51,0,66,162,0,162,228
01/07/2004,LEB,NH,ANE,EN,Federal Contract Tower,0,7,7,0,14,0,3,39,2,44,0,10,46,2,58,54,2,56,114
01/08/2004,LEB,NH,ANE,EN,Federal Contract Tower,0,11,11,0,22,0,1,54,0,55,0,12,65,0,77,152,0,152,229
01/09/2004,LEB,NH,ANE,EN,Federal Contract Tower,0,10,9,0,19,0,1,35,0,36,0,11,44,0,55,42,0,42,97
01/10/2004,LEB,NH,ANE,EN,Federal Contract Tower,0,5,4,0,9,0,4,21,0,25,0,9,25,0,34,16,0,16,50
01/11/2004,LEB,NH,ANE,EN,Federal Contract Tower,0,13,13,0,26,0,5,21,0,26,0,18,34,0,52,46,0,46,98
01/12/2004,LEB,NH,ANE,EN,Federal Contract Tower,0,8,8,0,16,0,4,34,0,38,0,12,42,0,54,106,0,106,160
01/13/2004,LEB,NH,ANE,EN,Federal Contract Tower,0,7,6,0,13,0,3,0,0,3,0,10,6,0,16,0,0,0,16
01/14/2004,LEB,NH,ANE,EN,Federal Contract Tower,0,8,8,0,16,0,6,41,0,47,0,14,49,0,63,20,0,20,83
01/15/2004,LEB,NH,ANE,EN,Federal Contract Tower,0,6,5,0,11,0,7,27,0,34,0,13,32,0,45,24,0,24,69
01/16/2004,LEB,NH,ANE,EN,Federal Contract Tower,0,12,12,0,24,0,3,2,0,5,0,15,14,0,29,0,0,0,29
01/17/2004,LEB,NH,ANE,EN,Federal Contract Tower,0,2,2,0,4,0,4,24,0,28,0,6,26,0,32,40,0,40,72
01/18/2004,LEB,NH,ANE,EN,Federal Contract Tower,0,7,9,0,16,0,11,8,0,19,0,18,17,0,35,44,0,44,79
01/19/2004,LEB,NH,ANE,EN,Federal Contract Tower,0,13,15,0,28,0,10,26,0,36,0,23,41,0,64,46,0,46,110
01/20/2004,LEB,NH,ANE,EN,Federal Contract Tower,0,7,9,0,16,0,13,38,0,51,0,20,47,0,67,128,0,128,195
01/21/2004,LEB,NH,ANE,EN,Federal Contract Tower,0,5,6,0,11,0,13,71,0,84,0,18,77,0,95,98,0,98,193
01/22/2004,LEB,NH,ANE,EN,Federal Contract Tower,0,9,10,0,19,0,9,26,0,35,0,18,36,0,54,50,0,50,104
01/23/2004,LEB,NH,ANE,EN,Federal Contract Tower,0,12,13,0,25,0,13,49,0,62,0,25,62,0,87,82,0,82,169
01/24/2004,LEB,NH,ANE,EN,Federal Contract Tower,0,4,6,0,10,0,4,34,0,38,0,8,40,0,48,42,0,42,90
01/25/2004,LEB,NH,ANE,EN,Federal Contract Tower,0,12,14,0,26,0,12,63,0,75,0,24,77,0,101,220,0,220,321
01/26/2004,LEB,NH,ANE,EN,Federal Contract Tower,0,10,12,0,22,0,13,37,0,50,0,23,49,0,72,88,0,88,160
01/27/2004,LEB,NH,ANE,EN,Federal Contract Tower,0,4,6,0,10,0,9,23,0,32,0,13,29,0,42,104,0,104,146
01/28/2004,LEB,NH,ANE,EN,Federal Contract Tower,0,6,8,0,14,0,0,4,0,4,0,6,12,0,18,32,0,32,50
01/29/2004,LEB,NH,ANE,EN,Federal Contract Tower,0,10,11,0,21,0,10,16,2,28,0,20,27,2,49,112,0,112,161
01/30/2004,LEB,NH,ANE,EN,Federal Contract Tower,0,9,11,0,20,0,11,37,0,48,0,20,48,0,68,92,0,92,160
01/31/2004,LEB,NH,ANE,EN,Federal Contract Tower,0,6,7,0,13,0,10,36,0,46,0,16,43,0,59,74,0,74,133
02/01/2004,LEB,NH,ANE,EN,Federal Contract Tower,0,11,11,0,22,0,3,32,2,37,0,14,43,2,59,104,2,106,165
02/02/2004,LEB,NH,ANE,EN,Federal Contract Tower,0,12,10,0,22,0,0,62,0,62,0,12,72,0,84,98,2,100,184
02/03/2004,LEB,NH,ANE,EN,Federal Contract Tower,0,9,6,0,15,0,4,7,2,13,0,13,13,2,28,26,0,26,54
02/04/2004,LEB,NH,ANE,EN,Federal Contract Tower,0,9,6,0,15,0,1,20,2,23,0,10,26,2,38,0,0,0,38
02/05/2004,LEB,NH,ANE,EN,Federal Contract Tower,0,16,14,0,30,0,4,65,0,69,0,20,79,0,99,84,0,84,183
02/06/2004,LEB,NH,ANE,EN,Federal Contract Tower,0,1,0,0,1,0,1,0,0,1,0,2,0,0,2,0,0,0,2
02/07/2004,LEB,NH,ANE,EN,Federal Contract Tower,0,6,0,0,6,0,4,0,0,4,0,10,0,0,10,0,0,0,10
02/08/2004,LEB,NH,ANE,EN,Federal Contract Tower,0,18,16,0,34,0,2,38,2,42,0,20,54,2,76,18,0,18,94
02/09/2004,LEB,NH,ANE,EN,Federal Contract Tower,0,13,11,0,24,0,7,31,0,38,0,20,42,0,62,36,0,36,98
02/10/2004,LEB,NH,ANE,EN,Federal Contract Tower,0,8,6,1,15,0,10,60,1,71,0,18,66,2,86,88,0,88,174
02/11/2004,LEB,NH,ANE,EN,Federal Contract Tower,0,9,8,1,18,0,10,42,3,55,0,19,50,4,73,84,12,96,169
02/12/2004,LEB,NH,ANE,EN,Federal Contract Tower,0,14,15,0,29,0,18,58,0,76,0,32,73,0,105,130,0,130,235
02/13/2004,LEB,NH,ANE,EN,Federal Contract Tower,0,12,19,0,31,0,0,49,4,53,0,12,68,4,84,84,12,96,180
02/14/2004,LEB,NH,ANE,EN,Federal Contract Tower,0,5,6,0,11,0,3,13,0,16,0,8,19,0,27,14,0,14,41
02/15/2004,LEB,NH,ANE,EN,Federal Contract Tower,0,9,10,0,19,0,8,40,0,48,0,17,50,0,67,76,0,76,143
02/16/2004,LEB,NH,ANE,EN,Federal Contract Tower,0,14,15,0,29,0,10,70,0,80,0,24,85,0,109,148,0,148,257
02/17/2004,LEB,NH,ANE,EN,Federal Contract Tower,0,8,10,0,18,0,16,56,0,72,0,24,66,0,90,126,0,126,216
02/18/2004,LEB,NH,ANE,EN,Federal Contract Tower,0,5,7,0,12,0,19,52,0,71,0,24,59,0,83,110,0,110,193
02/19/2004,LEB,NH,ANE,EN,Federal Contract Tower,0,11,13,0,24,0,12,50,0,62,0,23,63,0,86,90,0,90,176
02/20/2004,LEB,NH,ANE,EN,Federal Contract Tower,0,11,13,0,24,0,15,58,6,79,0,26,71,6,103,100,4,104,207
02/21/2004,LEB,NH,ANE,EN,Federal Contract Tower,0,4,2,0,6,0,3,0,0,3,0,7,2,0,9,0,0,0,9
02/22/2004,LEB,NH,ANE,EN,Federal Contract Tower,0,9,10,0,19,0,8,34,0,42,0,17,44,0,61,92,0,92,153
02/23/2004,LEB,NH,ANE,EN,Federal Contract Tower,0,7,8,0,15,0,11,82,0,93,0,18,90,0,108,106,0,106,214
02/24/2004,LEB,NH,ANE,EN,Federal Contract Tower,0,9,11,0,20,0,8,76,0,84,0,17,87,0,104,80,0,80,184
02/25/2004,LEB,NH,ANE,EN,Federal Contract Tower,0,4,5,0,9,0,8,79,6,93,0,12,84,6,102,74,14,88,190
02/26/2004,LEB,NH,ANE,EN,Federal Contract Tower,0,9,11,0,20,0,13,79,0,92,0,22,90,0,112,94,0,94,206
02/27/2004,LEB,NH,ANE,EN,Federal Contract Tower,0,10,11,0,21,0,14,52,2,68,0,24,63,2,89,86,0,86,175
02/28/2004,LEB,NH,ANE,EN,Federal Contract Tower,0,6,7,0,13,0,14,80,2,96,0,20,87,2,109,140,4,144,253
02/29/2004,LEB,NH,ANE,EN,Federal Contract Tower,0,5,7,0,12,0,9,87,2,98,0,14,94,2,110,148,2,150,260
03/01/2004,LEB,NH,ANE,EN,Federal Contract Tower,0,9,10,0,19,0,5,87,0,92,0,14,97,0,111,128,0,128,239
03/02/2004,LEB,NH,ANE,EN,Federal Contract Tower,0,10,13,0,23,0,10,56,2,68,0,20,69,2,91,96,0,96,187
03/03/2004,LEB,NH,ANE,EN,Federal Contract Tower,0,11,14,0,25,0,16,58,0,74,0,27,72,0,99,110,0,110,209
03/04/2004,LEB,NH,ANE,EN,Federal Contract Tower,0,6,9,0,15,0,12,44,0,56,0,18,53,0,71,120,0,120,191
03/05/2004,LEB,NH,ANE,EN,Federal Contract Tower,0,8,12,0,20,0,0,4,0,4,0,8,16,0,24,0,0,0,24
03/06/2004,LEB,NH,ANE,EN,Federal Contract Tower,0,5,8,0,13,0,1,4,0,5,0,6,12,0,18,26,0,26,44
03/07/2004,LEB,NH,ANE,EN,Federal Contract Tower,0,5,8,0,13,0,6,62,0,68,0,11,70,0,81,188,0,188,269
03/08/2004,LEB,NH,ANE,EN,Federal Contract Tower,0,5,6,0,11,0,2,19,0,21,0,7,25,0,32,66,0,66,98
03/09/2004,LEB,NH,ANE,EN,Federal Contract Tower,0,8,10,0,18,0,2,18,0,20,0,10,28,0,38,68,0,68,106
03/10/2004,LEB,NH,ANE,EN,Federal Contract Tower,0,5,4,1,10,0,8,33,1,42,0,13,37,2,52,132,14,146,198
03/11/2004,LEB,NH,ANE,EN,Federal Contract Tower,0,0,0,0,0,0,18,113,0,131,0,18,113,0,131,176,0,176,307
03/12/2004,LEB,NH,ANE,EN,Federal Contract Tower,0,6,5,0,11,0,4,24,0,28,0,10,29,0,39,98,0,98,137
03/13/2004,LEB,NH,ANE,EN,Federal Contract Tower,0,8,7,0,15,0,9,20,1,30,0,17,27,1,45,58,0,58,103
03/14/2004,LEB,NH,ANE,EN,Federal Contract Tower,0,11,9,0,20,0,12,83,0,95,0,23,92,0,115,126,0,126,241
03/15/2004,LEB,NH,ANE,EN,Federal Contract Tower,0,6,5,0,11,0,9,15,0,24,0,15,20,0,35,50,0,50,85
03/16/2004,LEB,NH,ANE,EN,Federal Contract Tower,0,5,3,0,8,0,5,23,0,28,0,10,26,0,36,62,0,62,98
03/17/2004,LEB,NH,ANE,EN,Federal Contract Tower,0,3,2,0,5,0,0,3,0,3,0,3,5,0,8,0,0,0,8
03/18/2004,LEB,NH,ANE,EN,Federal Contract Tower,0,6,4,0,10,0,5,32,0,37,0,11,36,0,47,92,0,92,139
03/19/2004,LEB,NH,ANE,EN,Federal Contract Tower,0,12,11,0,23,0,1,43,0,44,0,13,54,0,67,104,0,104,171
03/20/2004,LEB,NH,ANE,EN,Federal Contract Tower,0,5,4,0,9,0,10,66,8,84,0,15,70,8,93,84,0,84,177
03/21/2004,LEB,NH,ANE,EN,Federal Contract Tower,0,5,4,0,9,0,8,24,0,32,0,13,28,0,41,30,0,30,71
03/22/2004,LEB,NH,ANE,EN,Federal Contract Tower,0,7,5,0,12,0,7,37,0,44,0,14,42,0,56,58,0,58,114
03/23/2004,LEB,NH,ANE,EN,Federal Contract Tower,0,5,3,0,8,0,9,44,0,53,0,14,47,0,61,82,0,82,143
03/24/2004,LEB,NH,ANE,EN,Federal Contract Tower,0,13,12,0,25,0,2,76,1,79,0,15,88,1,104,138,0,138,242
03/25/2004,LEB,NH,ANE,EN,Federal Contract Tower,0,10,8,0,18,0,4,35,0,39,0,14,43,0,57,184,0,184,241
03/26/2004,LEB,NH,ANE,EN,Federal Contract Tower,0,9,8,0,17,0,1,29,2,32,0,10,37,2,49,140,12,152,201
03/27/2004,LEB,NH,ANE,EN,Federal Contract Tower,0,4,3,0,7,0,11,19,2,32,0,15,22,2,39,86,14,100,139
03/28/2004,LEB,NH,ANE,EN,Federal Contract Tower,0,10,9,0,19,0,7,71,2,80,0,17,80,2,99,122,4,126,225
03/29/2004,LEB,NH,ANE,EN,Federal Contract Tower,0,10,8,0,18,0,4,86,2,92,0,14,94,2,110,138,8,146,256
03/30/2004,LEB,NH,ANE,EN,Federal Contract Tower,0,19,17,0,36,0,3,84,0,87,0,22,101,0,123,178,16,194,317
03/31/2004,LEB,NH,ANE,EN,Federal Contract Tower,0,9,7,0,16,0,1,0,0,1,0,10,7,0,17,20,0,20,37
04/01/2004,LEB,NH,ANE,EN,Federal Contract Tower,0,6,5,0,11,0,4,0,0,4,0,10,5,0,15,0,0,0,15
04/02/2004,LEB,NH,ANE,EN,Federal Contract Tower,0,11,8,0,19,0,0,6,0,6,0,11,14,0,25,48,0,48,73
04/03/2004,LEB,NH,ANE,EN,Federal Contract Tower,0,9,6,0,15,0,6,14,0,20,0,15,20,0,35,26,0,26,61
04/04/2004,LEB,NH,ANE,EN,Federal Contract Tower,0,6,3,0,9,0,2,8,0,10,0,8,11,0,19,0,0,0,19
04/05/2004,LEB,NH,ANE,EN,Federal Contract Tower,0,9,7,0,16,0,1,18,0,19,0,10,25,0,35,36,0,36,71
04/06/2004,LEB,NH,ANE,EN,Federal Contract Tower,0,11,10,0,21,0,8,43,0,51,0,19,53,0,72,56,0,56,128
04/07/2004,LEB,NH,ANE,EN,Federal Contract Tower,0,13,12,0,25,0,4,103,2,109,0,17,115,2,134,172,0,172,306
04/08/2004,LEB,NH,ANE,EN,Federal Contract Tower,0,12,11,0,23,0,2,99,6,107,0,14,110,6,130,242,0,242,372
04/09/2004,LEB,NH,ANE,EN,Federal Contract Tower,0,12,13,0,25,0,7,72,2,81,0,19,85,2,106,260,4,264,370
04/10/2004,LEB,NH,ANE,EN,Federal Contract Tower,0,4,6,0,10,0,16,39,0,55,0,20,45,0,65,150,0,150,215
04/11/2004,LEB,NH,ANE,EN,Federal Contract Tower,0,5,6,0,11,0,11,66,0,77,0,16,72,0,88,154,0,154,242
04/12/2004,LEB,NH,ANE,EN,Federal Contract Tower,0,7,8,0,15,0,8,66,3,77,0,15,74,3,92,102,2,104,196
04/13/2004,LEB,NH,ANE,EN,Federal Contract Tower,0,6,4,0,10,0,6,0,0,6,0,12,4,0,16,12,0,12,28
04/14/2004,LEB,NH,ANE,EN,Federal Contract Tower,0,10,12,0,22,0,0,0,0,0,0,10,12,0,22,0,0,0,22
04/15/2004,LEB,NH,ANE,EN,Federal Contract Tower,0,13,15,0,28,0,14,46,0,60,0,27,61,0,88,192,0,192,280
04/16/2004,LEB,NH,ANE,EN,Federal Contract Tower,0,12,14,0,26,0,15,88,0,103,0,27,102,0,129,328,0,328,457
04/17/2004,LEB,NH,ANE,EN,Federal Contract Tower,0,5,6,0,11,0,9,45,0,54,0,14,51,0,65,66,0,66,131
04/18/2004,LEB,NH,ANE,EN,Federal Contract Tower,0,10,11,0,21,0,14,85,0,99,0,24,96,0,120,154,0,154,274
04/19/2004,LEB,NH,ANE,EN,Federal Contract Tower,0,5,7,0,12,0,4,54,0,58,0,9,61,0,70,122,0,122,192
04/20/2004,LEB,NH,ANE,EN,Federal Contract Tower,0,8,10,0,18,0,7,55,0,62,0,15,65,0,80,278,0,278,358
04/21/2004,LEB,NH,ANE,EN,Federal Contract Tower,0,8,10,0,18,0,9,29,4,42,0,17,39,4,60,154,0,154,214
04/22/2004,LEB,NH,ANE,EN,Federal Contract Tower,0,13,16,0,29,0,6,26,0,32,0,19,42,0,61,190,0,190,251
04/23/2004,LEB,NH,ANE,EN,Federal Contract Tower,0,11,12,0,23,0,1,39,3,43,0,12,51,3,66,214,2,216,282
04/24/2004,LEB,NH,ANE,EN,Federal Contract Tower,0,5,12,0,17,0,0,44,2,46,0,5,56,2,63,30,0,30,93
04/25/2004,LEB,NH,ANE,EN,Federal Contract Tower,0,10,12,0,22,0,0,98,2,100,0,10,110,2,122,146,0,146,268
04/26/2004,LEB,NH,ANE,EN,Federal Contract Tower,0,8,4,0,12,0,5,0,0,5,0,13,4,0,17,0,0,0,17
04/27/2004,LEB,NH,ANE,EN,Federal Contract Tower,0,10,12,0,22,0,8,25,0,33,0,18,37,0,55,74,0,74,129
04/28/2004,LEB,NH,ANE,EN,Federal Contract Tower,0,11,13,0,24,0,22,58,1,81,0,33,71,1,105,126,0,126,231
04/29/2004,LEB,NH,ANE,EN,Federal Contract Tower,0,8,10,0,18,0,13,102,0,115,0,21,112,0,133,174,4,178,311
04/30/2004,LEB,NH,ANE,EN,Federal Contract Tower,0,15,17,0,32,0,17,91,0,108,0,32,108,0,140,144,0,144,284
05/01/2004,LEB,NH,ANE,EN,Federal Contract Tower,0,15,15,0,30,0,8,69,1,78,0,23,84,1,108,94,0,94,202
05/02/2004,LEB,NH,ANE,EN,Federal Contract Tower,0,14,14,0,28,0,8,27,0,35,0,22,41,0,63,20,0,20,83
05/03/2004,LEB,NH,ANE,EN,Federal Contract Tower,0,9,9,0,18,0,5,8,2,15,0,14,17,2,33,10,42,52,85
05/04/2004,LEB,NH,ANE,EN,Federal Contract Tower,0,7,7,0,14,0,8,39,0,47,0,15,46,0,61,82,0,82,143
05/05/2004,LEB,NH,ANE,EN,Federal Contract Tower,0,13,14,0,27,0,10,36,0,46,0,23,50,0,73,96,0,96,169
05/06/2004,LEB,NH,ANE,EN,Federal Contract Tower,0,9,9,0,18,0,8,90,2,100,0,17,99,2,118,84,0,84,202
05/07/2004,LEB,NH,ANE,EN,Federal Contract Tower,0,14,15,0,29,0,18,82,0,100,0,32,97,0,129,134,0,134,263
05/08/2004,LEB,NH,ANE,EN,Federal Contract Tower,0,13,13,0,26,0,3,63,0,66,0,16,76,0,92,96,0,96,188
05/09/2004,LEB,NH,ANE,EN,Federal Contract Tower,0,11,10,0,21,0,5,42,5,52,0,16,52,5,73,52,0,52,125
05/10/2004,LEB,NH,ANE,EN,Federal Contract Tower,0,12,14,1,27,0,9,77,1,87,0,21,91,2,114,228,0,228,342
05/11/2004,LEB,NH,ANE,EN,Federal Contract Tower,0,7,7,0,14,0,9,103,0,112,0,16,110,0,126,156,0,156,282
05/12/2004,LEB,NH,ANE,EN,Federal Contract Tower,0,13,14,1,28,0,8,63,1,72,0,21,77,2,100,140,0,140,240
05/13/2004,LEB,NH,ANE,EN,Federal Contract Tower,0,11,11,0,22,0,4,87,0,91,0,15,98,0,113,216,0,216,329
05/14/2004,LEB,NH,ANE,EN,Federal Contract Tower,0,9,9,0,18,0,17,73,0,90,0,26,82,0,108,148,0,148,256
05/15/2004,LEB,NH,ANE,EN,Federal Contract Tower,0,9,10,1,20,0,9,54,3,66,0,18,64,4,86,72,0,72,158
05/16/2004,LEB,NH,ANE,EN,Federal Contract Tower,0,9,11,0,20,0,1,75,0,76,0,10,86,0,96,108,0,108,204
05/17/2004,LEB,NH,ANE,EN,Federal Contract Tower,0,7,9,0,16,0,7,63,0,70,0,14,72,0,86,66,0,66,152
05/18/2004,LEB,NH,ANE,EN,Federal Contract Tower,0,7,12,0,19,0,0,12,1,13,0,7,24,1,32,6,12,18,50
05/19/2004,LEB,NH,ANE,EN,Federal Contract Tower,0,11,13,0,24,0,5,78,0,83,0,16,91,0,107,96,0,96,203
05/20/2004,LEB,NH,ANE,EN,Federal Contract Tower,0,8,9,0,17,0,19,51,0,70,0,27,60,0,87,110,0,110,197
05/21/2004,LEB,NH,ANE,EN,Federal Contract Tower,0,19,22,0,41,0,8,106,4,118,0,27,128,4,159,230,0,230,389
05/22/2004,LEB,NH,ANE,EN,Federal Contract Tower,0,4,11,0,15,0,0,7,5,12,0,4,18,5,27,0,0,0,27
05/23/2004,LEB,NH,ANE,EN,Federal Contract Tower,0,16,18,0,34,0,2,17,0,19,0,18,35,0,53,42,0,42,95
05/24/2004,LEB,NH,ANE,EN,Federal Contract Tower,0,7,2,0,9,0,7,0,0,7,0,14,2,0,16,4,0,4,20
05/25/2004,LEB,NH,ANE,EN,Federal Contract Tower,0,6,8,0,14,0,3,9,0,12,0,9,17,0,26,32,0,32,58
05/26/2004,LEB,NH,ANE,EN,Federal Contract Tower,0,6,5,0,11,0,2,0,0,2,0,8,5,0,13,0,0,0,13
05/27/2004,LEB,NH,ANE,EN,Federal Contract Tower,0,15,18,0,33,0,12,73,0,85,0,27,91,0,118,194,0,194,312
05/28/2004,LEB,NH,ANE,EN,Federal Contract Tower,0,10,17,0,27,0,0,24,0,24,0,10,41,0,51,4,0,4,55
05/29/2004,LEB,NH,ANE,EN,Federal Contract Tower,0,10,11,0,21,0,3,32,0,35,0,13,43,0,56,14,0,14,70
05/30/2004,LEB,NH,ANE,EN,Federal Contract Tower,0,3,4,0,7,0,23,56,0,79,0,26,60,0,86,52,0,52,138
05/31/2004,LEB,NH,ANE,EN,Federal Contract Tower,0,6,7,0,13,0,7,80,0,87,0,13,87,0,100,94,0,94,194
06/01/2004,LEB,NH,ANE,EN,Federal Contract Tower,0,7,7,0,14,0,2,5,0,7,0,9,12,0,21,50,0,50,71
06/02/2004,LEB,NH,ANE,EN,Federal Contract Tower,0,11,11,0,22,0,11,63,0,74,0,22,74,0,96,162,0,162,258
06/03/2004,LEB,NH,ANE,EN,Federal Contract Tower,0,11,10,0,21,0,0,31,0,31,0,11,41,0,52,146,0,146,198
06/04/2004,LEB,NH,ANE,EN,Federal Contract Tower,0,11,11,0,22,0,4,101,0,105,0,15,112,0,127,222,0,222,349
06/05/2004,LEB,NH,ANE,EN,Federal Contract Tower,0,6,6,1,13,0,17,85,1,103,0,23,91,2,116,92,0,92,208
06/06/2004,LEB,NH,ANE,EN,Federal Contract Tower,0,10,10,0,20,0,8,34,0,42,0,18,44,0,62,10,0,10,72
06/07/2004,LEB,NH,ANE,EN,Federal Contract Tower,0,13,15,0,28,0,3,102,0,105,0,16,117,0,133,134,0,134,267
06/08/2004,LEB,NH,ANE,EN,Federal Contract Tower,0,9,13,0,22,0,0,44,0,44,0,9,57,0,66,82,0,82,148
06/09/2004,LEB,NH,ANE,EN,Federal Contract Tower,0,8,11,0,19,0,6,57,0,63,0,14,68,0,82,204,0,204,286
06/10/2004,LEB,NH,ANE,EN,Federal Contract Tower,0,14,18,0,32,0,14,47,0,61,0,28,65,0,93,118,0,118,211
06/11/2004,LEB,NH,ANE,EN,Federal Contract Tower,0,19,25,0,44,0,5,94,0,99,0,24,119,0,143,188,0,188,331
06/12/2004,LEB,NH,ANE,EN,Federal Contract Tower,0,12,16,0,28,0,10,61,0,71,0,22,77,0,99,60,0,60,159
06/13/2004,LEB,NH,ANE,EN,Federal Contract Tower,0,15,19,0,34,0,16,66,0,82,0,31,85,0,116,76,0,76,192
06/14/2004,LEB,NH,ANE,EN,Federal Contract Tower,0,15,19,0,34,0,13,62,3,78,0,28,81,3,112,152,0,152,264
06/15/2004,LEB,NH,ANE,EN,Federal Contract Tower,0,10,13,0,23,0,14,66,1,81,0,24,79,1,104,134,0,134,238
06/16/2004,LEB,NH,ANE,EN,Federal Contract Tower,0,17,22,0,39,0,13,93,2,108,0,30,115,2,147,172,0,172,319
06/17/2004,LEB,NH,ANE,EN,Federal Contract Tower,0,10,13,0,23,0,8,36,2,46,0,18,49,2,69,98,8,106,175
06/18/2004,LEB,NH,ANE,EN,Federal Contract Tower,0,13,18,0,31,0,11,85,0,96,0,24,103,0,127,126,0,126,253
06/19/2004,LEB,NH,ANE,EN,Federal Contract Tower,0,8,10,0,18,0,11,179,0,190,0,19,189,0,208,122,0,122,330
06/20/2004,LEB,NH,ANE,EN,Federal Contract Tower,0,10,13,0,23,0,13,63,0,76,0,23,76,0,99,38,0,38,137
06/21/2004,LEB,NH,ANE,EN,Federal Contract Tower,0,12,15,0,27,0,13,60,2,75,0,25,75,2,102,176,0,176,278
06/22/2004,LEB,NH,ANE,EN,Federal Contract Tower,0,11,14,0,25,0,3,9,0,12,0,14,23,0,37,0,0,0,37
06/23/2004,LEB,NH,ANE,EN,Federal Contract Tower,0,8,10,0,18,0,10,76,0,86,0,18,86,0,104,110,0,110,214
06/24/2004,LEB,NH,ANE,EN,Federal Contract Tower,0,8,11,0,19,0,8,59,0,67,0,16,70,0,86,78,0,78,164
06/25/2004,LEB,NH,ANE,EN,Federal Contract Tower,0,10,14,0,24,0,8,20,0,28,0,18,34,0,52,58,0,58,110
06/26/2004,LEB,NH,ANE,EN,Federal Contract Tower,0,4,10,0,14,0,0,20,0,20,0,4,30,0,34,10,0,10,44
06/27/2004,LEB,NH,ANE,EN,Federal Contract Tower,0,11,14,0,25,0,5,33,0,38,0,16,47,0,63,34,0,34,97
06/28/2004,LEB,NH,ANE,EN,Federal Contract Tower,0,6,8,0,14,0,12,65,0,77,0,18,73,0,91,116,0,116,207
06/29/2004,LEB,NH,ANE,EN,Federal Contract Tower,0,9,13,0,22,0,4,83,0,87,0,13,96,0,109,104,0,104,213
06/30/2004,LEB,NH,ANE,EN,Federal Contract Tower,0,10,13,0,23,0,9,91,0,100,0,19,104,0,123,158,0,158,281
07/01/2004,LEB,NH,ANE,EN,Federal Contract Tower,0,12,12,0,24,0,1,76,0,77,0,13,88,0,101,162,0,162,263
07/02/2004,LEB,NH,ANE,EN,Federal Contract Tower,0,13,11,0,24,0,10,86,4,100,0,23,97,4,124,164,4,168,292
07/03/2004,LEB,NH,ANE,EN,Federal Contract Tower,0,8,5,0,13,0,0,68,0,68,0,8,73,0,81,122,0,122,203
07/04/2004,LEB,NH,ANE,EN,Federal Contract Tower,0,7,6,0,13,0,11,73,0,84,0,18,79,0,97,120,0,120,217
07/05/2004,LEB,NH,ANE,EN,Federal Contract Tower,0,16,16,0,32,0,12,24,0,36,0,28,40,0,68,44,0,44,112
07/06/2004,LEB,NH,ANE,EN,Federal Contract Tower,0,13,13,0,26,0,6,79,0,85,0,19,92,0,111,140,0,140,251
07/07/2004,LEB,NH,ANE,EN,Federal Contract Tower,0,12,13,0,25,0,7,93,0,100,0,19,106,0,125,194,0,194,319
07/08/2004,LEB,NH,ANE,EN,Federal Contract Tower,0,10,11,0,21,0,2,4,0,6,0,12,15,0,27,52,0,52,79
07/09/2004,LEB,NH,ANE,EN,Federal Contract Tower,0,13,14,0,27,0,7,54,0,61,0,20,68,0,88,86,0,86,174
07/10/2004,LEB,NH,ANE,EN,Federal Contract Tower,0,11,12,0,23,0,6,121,31,158,0,17,133,31,181,174,0,174,355
07/11/2004,LEB,NH,ANE,EN,Federal Contract Tower,0,9,10,0,19,0,4,83,0,87,0,13,93,0,106,72,0,72,178
07/12/2004,LEB,NH,ANE,EN,Federal Contract Tower,0,13,14,0,27,0,12,64,0,76,0,25,78,0,103,106,0,106,209
07/13/2004,LEB,NH,ANE,EN,Federal Contract Tower,0,7,9,0,16,0,4,33,0,37,0,11,42,0,53,96,0,96,149
07/14/2004,LEB,NH,ANE,EN,Federal Contract Tower,0,9,14,0,23,0,0,11,0,11,0,9,25,0,34,8,0,8,42
07/15/2004,LEB,NH,ANE,EN,Federal Contract Tower,0,9,11,0,20,0,11,5,2,18,0,20,16,2,38,12,4,16,54
07/16/2004,LEB,NH,ANE,EN,Federal Contract Tower,0,13,15,0,28,0,11,90,0,101,0,24,105,0,129,116,0,116,245
07/17/2004,LEB,NH,ANE,EN,Federal Contract Tower,0,3,4,0,7,0,16,62,0,78,0,19,66,0,85,90,0,90,175
07/18/2004,LEB,NH,ANE,EN,Federal Contract Tower,0,16,20,0,36,0,4,44,0,48,0,20,64,0,84,44,0,44,128
07/19/2004,LEB,NH,ANE,EN,Federal Contract Tower,0,13,16,0,29,0,5,46,0,51,0,18,62,0,80,122,0,122,202
07/20/2004,LEB,NH,ANE,EN,Federal Contract Tower,0,11,14,0,25,0,11,32,0,43,0,22,46,0,68,100,0,100,168
07/21/2004,LEB,NH,ANE,EN,Federal Contract Tower,0,12,15,0,27,0,12,79,0,91,0,24,94,0,118,100,0,100,218
07/22/2004,LEB,NH,ANE,EN,Federal Contract Tower,0,16,20,0,36,0,9,69,6,84,0,25,89,6,120,144,20,164,284
07/23/2004,LEB,NH,ANE,EN,Federal Contract Tower,0,16,19,0,35,0,0,0,0,0,0,16,19,0,35,0,0,0,35
07/24/2004,LEB,NH,ANE,EN,Federal Contract Tower,0,16,20,0,36,0,12,68,2,82,0,28,88,2,118,70,10,80,198
07/25/2004,LEB,NH,ANE,EN,Federal Contract Tower,0,16,19,0,35,0,10,91,2,103,0,26,110,2,138,116,10,126,264
07/26/2004,LEB,NH,ANE,EN,Federal Contract Tower,0,12,15,0,27,0,17,71,0,88,0,29,86,0,115,176,0,176,291
07/27/2004,LEB,NH,ANE,EN,Federal Contract Tower,0,14,16,0,30,0,3,10,0,13,0,17,26,0,43,52,0,52,95
07/28/2004,LEB,NH,ANE,EN,Federal Contract Tower,0,10,13,0,23,0,0,42,0,42,0,10,55,0,65,136,0,136,201
07/29/2004,LEB,NH,ANE,EN,Federal Contract Tower,0,13,15,0,28,0,5,62,7,74,0,18,77,7,102,170,2,172,274
07/30/2004,LEB,NH,ANE,EN,Federal Contract Tower,0,20,24,0,44,0,0,72,0,72,0,20,96,0,116,82,0,82,198
07/31/2004,LEB,NH,ANE,EN,Federal Contract Tower,0,7,8,0,15,0,6,10,0,16,0,13,18,0,31,0,0,0,31
08/01/2004,LEB,NH,ANE,EN,Federal Contract Tower,0,17,17,0,34,0,6,14,0,20,0,23,31,0,54,62,0,62,116
08/02/2004,LEB,NH,ANE,EN,Federal Contract Tower,0,8,11,0,19,0,17,77,6,100,0,25,88,6,119,216,0,216,335
08/03/2004,LEB,NH,ANE,EN,Federal Contract Tower,0,16,18,0,34,0,5,88,8,101,0,21,106,8,135,122,4,126,261
08/04/2004,LEB,NH,ANE,EN,Federal Contract Tower,0,7,9,0,16,0,20,91,5,116,0,27,100,5,132,90,18,108,240
08/05/2004,LEB,NH,ANE,EN,Federal Contract Tower,0,11,14,0,25,0,6,69,0,75,0,17,83,0,100,132,0,132,232
08/06/2004,LEB,NH,ANE,EN,Federal Contract Tower,0,13,14,0,27,0,1,66,0,67,0,14,80,0,94,70,0,70,164
08/07/2004,LEB,NH,ANE,EN,Federal Contract Tower,0,7,7,0,14,0,7,60,0,67,0,14,67,0,81,56,0,56,137
08/08/2004,LEB,NH,ANE,EN,Federal Contract Tower,0,17,18,0,35,0,6,61,0,67,0,23,79,0,102,80,0,80,182
08/09/2004,LEB,NH,ANE,EN,Federal Contract Tower,0,12,13,0,25,0,16,100,0,116,0,28,113,0,141,150,0,150,291
08/10/2004,LEB,NH,ANE,EN,Federal Contract Tower,0,11,11,0,22,0,11,52,2,65,0,22,63,2,87,76,4,80,167
08/11/2004,LEB,NH,ANE,EN,Federal Contract Tower,0,14,15,0,29,0,0,43,0,43,0,14,58,0,72,38,0,38,110
08/12/2004,LEB,NH,ANE,EN,Federal Contract Tower,0,22,22,0,44,0,2,30,0,32,0,24,52,0,76,80,0,80,156
08/13/2004,LEB,NH,ANE,EN,Federal Contract Tower,0,15,16,0,31,0,1,22,0,23,0,16,38,0,54,0,0,0,54
08/14/2004,LEB,NH,ANE,EN,Federal Contract Tower,0,15,16,0,31,0,5,65,0,70,0,20,81,0,101,100,0,100,201
08/15/2004,LEB,NH,ANE,EN,Federal Contract Tower,0,11,11,0,22,0,6,19,0,25,0,17,30,0,47,20,0,20,67
08/16/2004,LEB,NH,ANE,EN,Federal Contract Tower,0,14,13,0,27,0,7,0,0,7,0,21,13,0,34,0,0,0,34
08/17/2004,LEB,NH,ANE,EN,Federal Contract Tower,0,9,8,1,18,0,13,81,1,95,0,22,89,2,113,222,0,222,335
08/18/2004,LEB,NH,ANE,EN,Federal Contract Tower,0,13,12,0,25,0,4,50,0,54,0,17,62,0,79,178,0,178,257
08/19/2004,LEB,NH,ANE,EN,Federal Contract Tower,0,13,11,0,24,0,5,24,0,29,0,18,35,0,53,36,0,36,89
08/20/2004,LEB,NH,ANE,EN,Federal Contract Tower,0,15,13,0,28,0,2,49,0,51,0,17,62,0,79,110,0,110,189
08/21/2004,LEB,NH,ANE,EN,Federal Contract Tower,0,13,11,0,24,0,6,0,0,6,0,19,11,0,30,2,0,2,32
08/22/2004,LEB,NH,ANE,EN,Federal Contract Tower,0,16,14,0,30,0,12,60,0,72,0,28,74,0,102,58,0,58,160
08/23/2004,LEB,NH,ANE,EN,Federal Contract Tower,0,9,7,0,16,0,7,48,2,57,0,16,55,2,73,82,22,104,177
08/24/2004,LEB,NH,ANE,EN,Federal Contract Tower,0,17,15,0,32,0,12,75,2,89,0,29,90,2,121,128,0,128,249
08/25/2004,LEB,NH,ANE,EN,Federal Contract Tower,0,15,13,0,28,0,9,76,0,85,0,24,89,0,113,146,0,146,259
08/26/2004,LEB,NH,ANE,EN,Federal Contract Tower,0,12,11,0,23,0,11,79,0,90,0,23,90,0,113,90,0,90,203
08/27/2004,LEB,NH,ANE,EN,Federal Contract Tower,0,15,13,0,28,0,3,82,0,85,0,18,95,0,113,138,0,138,251
08/28/2004,LEB,NH,ANE,EN,Federal Contract Tower,0,9,8,0,17,0,9,68,0,77,0,18,76,0,94,96,0,96,190
08/29/2004,LEB,NH,ANE,EN,Federal Contract Tower,0,9,7,0,16,0,3,19,0,22,0,12,26,0,38,22,0,22,60
08/30/2004,LEB,NH,ANE,EN,Federal Contract Tower,0,5,4,0,9,0,3,11,2,16,0,8,15,2,25,0,0,0,25
08/31/2004,LEB,NH,ANE,EN,Federal Contract Tower,0,10,9,0,19,0,10,66,1,77,0,20,75,1,96,122,0,122,218
09/01/2004,LEB,NH,ANE,EN,Federal Contract Tower,0,11,11,0,22,0,8,87,3,98,0,19,98,3,120,196,10,206,326
09/02/2004,LEB,NH,ANE,EN,Federal Contract Tower,0,16,16,0,32,0,3,101,6,110,0,19,117,6,142,196,0,196,338
09/03/2004,LEB,NH,ANE,EN,Federal Contract Tower,0,15,16,0,31,0,12,103,0,115,0,27,119,0,146,122,0,122,268
09/04/2004,LEB,NH,ANE,EN,Federal Contract Tower,0,7,6,0,13,0,4,65,2,71,0,11,71,2,84,60,4,64,148
09/05/2004,LEB,NH,ANE,EN,Federal Contract Tower,0,12,12,0,24,0,8,30,0,38,0,20,42,0,62,60,0,60,122
09/06/2004,LEB,NH,ANE,EN,Federal Contract Tower,0,7,8,0,15,0,9,76,5,90,0,16,84,5,105,108,10,118,223
09/07/2004,LEB,NH,ANE,EN,Federal Contract Tower,0,15,17,0,32,0,2,17,1,20,0,17,34,1,52,10,0,10,62
09/08/2004,LEB,NH,ANE,EN,Federal Contract Tower,0,8,9,0,17,0,5,30,0,35,0,13,39,0,52,98,0,98,150
09/09/2004,LEB,NH,ANE,EN,Federal Contract Tower,0,7,4,0,11,0,3,0,0,3,0,10,4,0,14,0,0,0,14
09/10/2004,LEB,NH,ANE,EN,Federal Contract Tower,0,14,15,0,29,0,14,66,0,80,0,28,81,0,109,68,0,68,177
09/11/2004,LEB,NH,ANE,EN,Federal Contract Tower,0,8,9,0,17,0,7,72,1,80,0,15,81,1,97,106,0,106,203
09/12/2004,LEB,NH,ANE,EN,Federal Contract Tower,0,9,10,0,19,0,9,48,0,57,0,18,58,0,76,50,0,50,126
09/13/2004,LEB,NH,ANE,EN,Federal Contract Tower,0,12,14,0,26,0,8,73,0,81,0,20,87,0,107,124,0,124,231
09/14/2004,LEB,NH,ANE,EN,Federal Contract Tower,0,11,13,0,24,0,13,92,4,109,0,24,105,4,133,96,8,104,237
09/15/2004,LEB,NH,ANE,EN,Federal Contract Tower,0,17,20,0,37,0,12,88,2,102,0,29,108,2,139,128,8,136,275
09/16/2004,LEB,NH,ANE,EN,Federal Contract Tower,0,10,13,0,23,0,8,77,0,85,0,18,90,0,108,72,0,72,180
09/17/2004,LEB,NH,ANE,EN,Federal Contract Tower,0,11,13,0,24,0,8,25,0,33,0,19,38,0,57,26,0,26,83
09/18/2004,LEB,NH,ANE,EN,Federal Contract Tower,0,5,7,0,12,0,6,38,0,44,0,11,45,0,56,26,0,26,82
09/19/2004,LEB,NH,ANE,EN,Federal Contract Tower,0,12,14,0,26,0,3,52,2,57,0,15,66,2,83,86,6,92,175
09/20/2004,LEB,NH,ANE,EN,Federal Contract Tower,0,5,7,0,12,0,11,63,0,74,0,16,70,0,86,94,0,94,180
09/21/2004,LEB,NH,ANE,EN,Federal Contract Tower,0,8,10,0,18,0,17,91,2,110,0,25,101,2,128,136,0,136,264
09/22/2004,LEB,NH,ANE,EN,Federal Contract Tower,0,11,14,0,25,0,7,102,0,109,0,18,116,0,134,138,4,142,276
09/23/2004,LEB,NH,ANE,EN,Federal Contract Tower,0,11,13,0,24,0,13,81,8,102,0,24,94,8,126,128,0,128,254
09/24/2004,LEB,NH,ANE,EN,Federal Contract Tower,0,12,15,0,27,0,5,74,4,83,0,17,89,4,110,90,0,90,200
09/25/2004,LEB,NH,ANE,EN,Federal Contract Tower,0,3,4,0,7,0,11,59,0,70,0,14,63,0,77,74,0,74,151
09/26/2004,LEB,NH,ANE,EN,Federal Contract Tower,0,17,20,0,37,0,14,91,0,105,0,31,111,0,142,118,0,118,260
09/27/2004,LEB,NH,ANE,EN,Federal Contract Tower,0,11,13,0,24,0,10,90,2,102,0,21,103,2,126,214,0,214,340
09/28/2004,LEB,NH,ANE,EN,Federal Contract Tower,0,0,0,0,0,0,10,22,0,32,0,10,22,0,32,50,0,50,82
09/29/2004,LEB,NH,ANE,EN,Federal Contract Tower,0,13,17,0,30,0,14,56,2,72,0,27,73,2,102,156,0,156,258
09/30/2004,LEB,NH,ANE,EN,Federal Contract Tower,0,15,18,0,33,0,1,57,3,61,0,16,75,3,94,98,0,98,192
10/01/2004,LEB,NH,ANE,EN,Federal Contract Tower,0,13,22,0,35,0,10,114,4,128,0,23,136,4,163,214,8,222,385
10/02/2004,LEB,NH,ANE,EN,Federal Contract Tower,0,12,16,0,28,0,4,18,0,22,0,16,34,0,50,66,0,66,116
10/03/2004,LEB,NH,ANE,EN,Federal Contract Tower,0,15,11,1,27,0,8,157,1,166,0,23,168,2,193,72,4,76,269
10/04/2004,LEB,NH,ANE,EN,Federal Contract Tower,0,15,28,0,43,0,11,125,0,136,0,26,153,0,179,100,0,100,279
10/05/2004,LEB,NH,ANE,EN,Federal Contract Tower,0,11,14,0,25,0,4,52,0,56,0,15,66,0,81,56,0,56,137
10/06/2004,LEB,NH,ANE,EN,Federal Contract Tower,0,9,13,2,24,0,9,72,0,81,0,18,85,2,105,90,0,90,195
10/07/2004,LEB,NH,ANE,EN,Federal Contract Tower,0,12,15,0,27,0,7,98,4,109,0,19,113,4,136,112,0,112,248
10/08/2004,LEB,NH,ANE,EN,Federal Contract Tower,0,18,25,0,43,0,9,113,0,122,0,27,138,0,165,148,0,148,313
10/09/2004,LEB,NH,ANE,EN,Federal Contract Tower,0,11,26,3,40,0,8,61,0,69,0,19,87,3,109,94,0,94,203
10/10/2004,LEB,NH,ANE,EN,Federal Contract Tower,0,14,29,0,43,0,7,54,0,61,0,21,83,0,104,78,0,78,182
10/11/2004,LEB,NH,ANE,EN,Federal Contract Tower,0,21,19,0,40,0,7,55,2,64,0,28,74,2,104,54,0,54,158
10/12/2004,LEB,NH,ANE,EN,Federal Contract Tower,0,12,9,0,21,0,14,28,0,42,0,26,37,0,63,24,0,24,87
10/13/2004,LEB,NH,ANE,EN,Federal Contract Tower,0,11,17,1,29,0,11,97,1,109,0,22,114,2,138,132,0,132,270
10/14/2004,LEB,NH,ANE,EN,Federal Contract Tower,0,15,17,0,32,0,7,51,0,58,0,22,68,0,90,56,0,56,146
10/15/2004,LEB,NH,ANE,EN,Federal Contract Tower,0,20,16,0,36,0,4,8,0,12,0,24,24,0,48,36,0,36,84
10/16/2004,LEB,NH,ANE,EN,Federal Contract Tower,0,6,17,0,23,0,32,46,0,78,0,38,63,0,101,122,0,122,223
10/17/2004,LEB,NH,ANE,EN,Federal Contract Tower,0,12,11,0,23,0,15,54,0,69,0,27,65,0,92,92,0,92,184
10/18/2004,LEB,NH,ANE,EN,Federal Contract Tower,0,13,28,0,41,0,18,73,0,91,0,31,101,0,132,72,0,72,204
10/19/2004,LEB,NH,ANE,EN,Federal Contract Tower,0,9,9,0,18,0,8,53,2,63,0,17,62,2,81,60,0,60,141
10/20/2004,LEB,NH,ANE,EN,Federal Contract Tower,0,9,17,0,26,0,14,47,0,61,0,23,64,0,87,36,0,36,123
10/21/2004,LEB,NH,ANE,EN,Federal Contract Tower,0,13,15,0,28,0,10,76,5,91,0,23,91,5,119,110,0,110,229
10/22/2004,LEB,NH,ANE,EN,Federal Contract Tower,0,14,19,0,33,0,10,66,0,76,0,24,85,0,109,116,0,116,225
10/23/2004,LEB,NH,ANE,EN,Federal Contract Tower,0,6,16,0,22,0,6,61,0,67,0,12,77,0,89,60,0,60,149
10/24/2004,LEB,NH,ANE,EN,Federal Contract Tower,0,12,13,0,25,0,4,30,0,34,0,16,43,0,59,18,0,18,77
10/25/2004,LEB,NH,ANE,EN,Federal Contract Tower,0,6,14,0,20,0,10,64,0,74,0,16,78,0,94,82,0,82,176
10/26/2004,LEB,NH,ANE,EN,Federal Contract Tower,0,12,12,0,24,0,10,85,6,101,0,22,97,6,125,142,0,142,267
10/27/2004,LEB,NH,ANE,EN,Federal Contract Tower,0,10,10,0,20,0,12,86,0,98,0,22,96,0,118,104,0,104,222
10/28/2004,LEB,NH,ANE,EN,Federal Contract Tower,0,6,14,0,20,0,10,64,0,74,0,16,78,0,94,96,0,96,190
10/29/2004,LEB,NH,ANE,EN,Federal Contract Tower,0,14,20,0,34,0,14,87,0,101,0,28,107,0,135,134,0,134,269
10/30/2004,LEB,NH,ANE,EN,Federal Contract Tower,0,9,6,0,15,0,0,0,0,0,0,9,6,0,15,0,0,0,15
10/31/2004,LEB,NH,ANE,EN,Federal Contract Tower,0,14,11,0,25,0,0,9,0,9,0,14,20,0,34,18,0,18,52
11/01/2004,LEB,NH,ANE,EN,Federal Contract Tower,0,8,8,0,16,0,2,44,0,46,0,10,52,0,62,98,0,98,160
11/02/2004,LEB,NH,ANE,EN,Federal Contract Tower,0,12,7,0,19,0,8,7,0,15,0,20,14,0,34,42,0,42,76
11/03/2004,LEB,NH,ANE,EN,Federal Contract Tower,0,12,13,0,25,0,5,15,0,20,0,17,28,0,45,66,0,66,111
11/04/2004,LEB,NH,ANE,EN,Federal Contract Tower,0,15,18,0,33,0,6,49,0,55,0,21,67,0,88,110,0,110,198
11/05/2004,LEB,NH,ANE,EN,Federal Contract Tower,0,11,5,0,16,0,0,2,0,2,0,11,7,0,18,0,0,0,18
11/06/2004,LEB,NH,ANE,EN,Federal Contract Tower,0,13,9,0,22,0,10,36,2,48,0,23,45,2,70,34,6,40,110
11/07/2004,LEB,NH,ANE,EN,Federal Contract Tower,0,8,14,0,22,0,8,30,0,38,0,16,44,0,60,30,0,30,90
11/08/2004,LEB,NH,ANE,EN,Federal Contract Tower,0,15,7,0,22,0,7,46,0,53,0,22,53,0,75,170,0,170,245
11/09/2004,LEB,NH,ANE,EN,Federal Contract Tower,0,22,7,0,29,0,7,46,0,53,0,29,53,0,82,126,0,126,208
11/10/2004,LEB,NH,ANE,EN,Federal Contract Tower,0,15,8,0,23,0,8,48,0,56,0,23,56,0,79,96,0,96,175
11/11/2004,LEB,NH,ANE,EN,Federal Contract Tower,0,12,12,0,24,0,7,50,0,57,0,19,62,0,81,98,0,98,179
11/12/2004,LEB,NH,ANE,EN,Federal Contract Tower,0,13,2,0,15,0,12,38,2,52,0,25,40,2,67,48,0,48,115
11/13/2004,LEB,NH,ANE,EN,Federal Contract Tower,0,8,7,0,15,0,4,32,0,36,0,12,39,0,51,12,0,12,63
11/14/2004,LEB,NH,ANE,EN,Federal Contract Tower,0,8,5,0,13,0,20,105,0,125,0,28,110,0,138,126,0,126,264
11/15/2004,LEB,NH,ANE,EN,Federal Contract Tower,0,11,7,0,18,0,8,75,0,83,0,19,82,0,101,106,0,106,207
11/16/2004,LEB,NH,ANE,EN,Federal Contract Tower,0,12,7,0,19,0,7,47,0,54,0,19,54,0,73,94,0,94,167
11/17/2004,LEB,NH,ANE,EN,Federal Contract Tower,0,15,9,0,24,0,7,74,0,81,0,22,83,0,105,86,0,86,191
11/18/2004,LEB,NH,ANE,EN,Federal Contract Tower,0,15,12,0,27,0,4,69,0,73,0,19,81,0,100,96,0,96,196
11/19/2004,LEB,NH,ANE,EN,Federal Contract Tower,0,18,11,0,29,0,5,64,0,69,0,23,75,0,98,104,0,104,202
11/20/2004,LEB,NH,ANE,EN,Federal Contract Tower,0,14,7,0,21,0,7,70,0,77,0,21,77,0,98,114,0,114,212
11/21/2004,LEB,NH,ANE,EN,Federal Contract Tower,0,11,3,0,14,0,0,2,0,2,0,11,5,0,16,12,0,12,28
11/22/2004,LEB,NH,ANE,EN,Federal Contract Tower,0,10,11,0,21,0,10,8,0,18,0,20,19,0,39,8,4,12,51
11/23/2004,LEB,NH,ANE,EN,Federal Contract Tower,0,7,19,0,26,0,8,60,0,68,0,15,79,0,94,120,0,120,214
11/24/2004,LEB,NH,ANE,EN,Federal Contract Tower,0,9,16,0,25,0,6,17,0,23,0,15,33,0,48,22,0,22,70
11/25/2004,LEB,NH,ANE,EN,Federal Contract Tower,0,7,0,0,7,0,0,0,0,0,0,7,0,0,7,0,0,0,7
11/26/2004,LEB,NH,ANE,EN,Federal Contract Tower,0,10,5,0,15,0,13,27,0,40,0,23,32,0,55,18,0,18,73
11/27/2004,LEB,NH,ANE,EN,Federal Contract Tower,0,6,9,0,15,0,15,61,2,78,0,21,70,2,93,84,0,84,177
11/28/2004,LEB,NH,ANE,EN,Federal Contract Tower,0,11,12,0,23,0,0,0,0,0,0,11,12,0,23,0,0,0,23
11/29/2004,LEB,NH,ANE,EN,Federal Contract Tower,0,12,7,0,19,0,4,52,0,56,0,16,59,0,75,86,0,86,161
11/30/2004,LEB,NH,ANE,EN,Federal Contract Tower,0,12,3,0,15,0,4,55,0,59,0,16,58,0,74,86,0,86,160
12/01/2004,LEB,NH,ANE,EN,Federal Contract Tower,0,14,4,0,18,0,0,4,0,4,0,14,8,0,22,36,0,36,58
12/02/2004,LEB,NH,ANE,EN,Federal Contract Tower,0,12,4,0,16,0,2,46,0,48,0,14,50,0,64,308,0,308,372
12/03/2004,LEB,NH,ANE,EN,Federal Contract Tower,0,13,12,0,25,0,2,29,0,31,0,15,41,0,56,70,0,70,126
12/04/2004,LEB,NH,ANE,EN,Federal Contract Tower,0,6,12,0,18,0,12,82,4,98,0,18,94,4,116,46,0,46,162
12/05/2004,LEB,NH,ANE,EN,Federal Contract Tower,0,4,3,0,7,0,13,16,0,29,0,17,19,0,36,6,0,6,42
12/06/2004,LEB,NH,ANE,EN,Federal Contract Tower,0,11,7,0,18,0,3,32,0,35,0,14,39,0,53,114,0,114,167
12/07/2004,LEB,NH,ANE,EN,Federal Contract Tower,0,6,6,0,12,0,0,2,0,2,0,6,8,0,14,4,0,4,18
12/08/2004,LEB,NH,ANE,EN,Federal Contract Tower,0,8,12,0,20,0,6,40,0,46,0,14,52,0,66,66,0,66,132
12/09/2004,LEB,NH,ANE,EN,Federal Contract Tower,0,11,13,0,24,0,13,81,2,96,0,24,94,2,120,132,0,132,252
12/10/2004,LEB,NH,ANE,EN,Federal Contract Tower,0,6,9,0,15,0,0,0,0,0,0,6,9,0,15,0,0,0,15
12/11/2004,LEB,NH,ANE,EN,Federal Contract Tower,0,6,2,0,8,0,0,0,0,0,0,6,2,0,8,0,0,0,8
12/12/2004,LEB,NH,ANE,EN,Federal Contract Tower,0,8,11,0,19,0,5,10,0,15,0,13,21,0,34,8,0,8,42
12/13/2004,LEB,NH,ANE,EN,Federal Contract Tower,0,9,5,0,14,0,9,60,0,69,0,18,65,0,83,86,0,86,169
12/14/2004,LEB,NH,ANE,EN,Federal Contract Tower,0,10,6,0,16,0,9,51,0,60,0,19,57,0,76,166,0,166,242
12/15/2004,LEB,NH,ANE,EN,Federal Contract Tower,0,10,14,0,24,0,9,75,6,90,0,19,89,6,114,180,0,180,294
12/16/2004,LEB,NH,ANE,EN,Federal Contract Tower,0,16,12,0,28,0,7,61,0,68,0,23,73,0,96,114,0,114,210
12/17/2004,LEB,NH,ANE,EN,Federal Contract Tower,0,10,11,0,21,0,9,20,0,29,0,19,31,0,50,32,0,32,82
12/18/2004,LEB,NH,ANE,EN,Federal Contract Tower,0,9,14,0,23,0,4,68,5,77,0,13,82,5,100,54,0,54,154
12/19/2004,LEB,NH,ANE,EN,Federal Contract Tower,0,7,6,0,13,0,2,21,0,23,0,9,27,0,36,70,0,70,106
12/20/2004,LEB,NH,ANE,EN,Federal Contract Tower,0,13,4,0,17,0,3,44,0,47,0,16,48,0,64,68,0,68,132
12/21/2004,LEB,NH,ANE,EN,Federal Contract Tower,0,13,8,0,21,0,16,76,4,96,0,29,84,4,117,94,0,94,211
12/22/2004,LEB,NH,ANE,EN,Federal Contract Tower,0,8,11,0,19,0,9,49,4,62,0,17,60,4,81,64,0,64,145
12/23/2004,LEB,NH,ANE,EN,Federal Contract Tower,0,8,8,0,16,0,0,5,0,5,0,8,13,0,21,24,0,24,45
12/24/2004,LEB,NH,ANE,EN,Federal Contract Tower,0,8,4,0,12,0,0,19,4,23,0,8,23,4,35,2,10,12,47
12/25/2004,LEB,NH,ANE,EN,Federal Contract Tower,0,2,5,0,7,0,5,17,0,22,0,7,22,0,29,18,0,18,47
12/26/2004,LEB,NH,ANE,EN,Federal Contract Tower,0,4,9,0,13,0,0,0,0,0,0,4,9,0,13,0,0,0,13
12/27/2004,LEB,NH,ANE,EN,Federal Contract Tower,0,10,4,0,14,0,11,62,0,73,0,21,66,0,87,78,0,78,165
12/28/2004,LEB,NH,ANE,EN,Federal Contract Tower,0,10,6,0,16,0,9,62,22,93,0,19,68,22,109,112,0,112,221
12/29/2004,LEB,NH,ANE,EN,Federal Contract Tower,0,7,10,0,17,0,11,43,3,57,0,18,53,3,74,92,0,92,166
12/30/2004,LEB,NH,ANE,EN,Federal Contract Tower,0,11,9,0,20,0,11,87,9,107,0,22,96,9,127,130,0,130,257
12/31/2004,LEB,NH,ANE,EN,Federal Contract Tower,0,7,3,0,10,0,5,16,0,21,0,12,19,0,31,22,0,22,53
01/01/2005,LEB,NH,ANE,EN,Federal Contract Tower,0,9,6,0,15,0,10,28,0,38,0,19,34,0,53,22,0,22,75
01/02/2005,LEB,NH,ANE,EN,Federal Contract Tower,0,10,9,0,19,0,2,29,0,31,0,12,38,0,50,32,0,32,82
01/03/2005,LEB,NH,ANE,EN,Federal Contract Tower,0,9,5,0,14,0,7,39,0,46,0,16,44,0,60,60,0,60,120
01/04/2005,LEB,NH,ANE,EN,Federal Contract Tower,0,9,2,0,11,0,0,2,0,2,0,9,4,0,13,30,0,30,43
01/05/2005,LEB,NH,ANE,EN,Federal Contract Tower,0,9,5,0,14,0,7,45,0,52,0,16,50,0,66,186,0,186,252
01/06/2005,LEB,NH,ANE,EN,Federal Contract Tower,0,4,1,0,5,0,0,1,0,1,0,4,2,0,6,32,0,32,38
01/07/2005,LEB,NH,ANE,EN,Federal Contract Tower,0,14,8,0,22,0,2,20,0,22,0,16,28,0,44,126,0,126,170
01/08/2005,LEB,NH,ANE,EN,Federal Contract Tower,0,5,1,0,6,0,4,15,3,22,0,9,16,3,28,22,0,22,50
01/09/2005,LEB,NH,ANE,EN,Federal Contract Tower,0,4,11,0,15,0,11,51,0,62,0,15,62,0,77,62,0,62,139
01/10/2005,LEB,NH,ANE,EN,Federal Contract Tower,0,10,5,0,15,0,8,33,0,41,0,18,38,0,56,28,0,28,84
01/11/2005,LEB,NH,ANE,EN,Federal Contract Tower,0,12,12,0,24,0,5,62,3,70,0,17,74,3,94,120,0,120,214
01/12/2005,LEB,NH,ANE,EN,Federal Contract Tower,0,8,4,0,12,0,0,0,0,0,0,8,4,0,12,0,0,0,12
01/13/2005,LEB,NH,ANE,EN,Federal Contract Tower,0,6,3,0,9,0,0,0,0,0,0,6,3,0,9,12,0,12,21
01/14/2005,LEB,NH,ANE,EN,Federal Contract Tower,0,12,12,0,24,0,0,0,0,0,0,12,12,0,24,68,0,68,92
01/15/2005,LEB,NH,ANE,EN,Federal Contract Tower,0,14,16,0,30,0,5,26,4,35,0,19,42,4,65,134,6,140,205
01/16/2005,LEB,NH,ANE,EN,Federal Contract Tower,0,7,12,0,19,0,11,37,0,48,0,18,49,0,67,90,0,90,157
01/17/2005,LEB,NH,ANE,EN,Federal Contract Tower,0,17,12,0,29,0,9,4,1,14,0,26,16,1,43,124,0,124,167
01/18/2005,LEB,NH,ANE,EN,Federal Contract Tower,0,10,10,0,20,0,9,30,0,39,0,19,40,0,59,52,0,52,111
01/19/2005,LEB,NH,ANE,EN,Federal Contract Tower,0,10,3,0,13,0,9,18,0,27,0,19,21,0,40,36,0,36,76
01/20/2005,LEB,NH,ANE,EN,Federal Contract Tower,0,15,10,0,25,0,2,31,0,33,0,17,41,0,58,72,4,76,134
01/21/2005,LEB,NH,ANE,EN,Federal Contract Tower,0,19,6,0,25,0,9,52,0,61,0,28,58,0,86,96,0,96,182
01/22/2005,LEB,NH,ANE,EN,Federal Contract Tower,0,9,1,0,10,0,12,23,0,35,0,21,24,0,45,50,0,50,95
01/23/2005,LEB,NH,ANE,EN,Federal Contract Tower,0,0,2,0,2,0,7,0,0,7,0,7,2,0,9,0,0,0,9
01/24/2005,LEB,NH,ANE,EN,Federal Contract Tower,0,20,8,0,28,0,6,21,0,27,0,26,29,0,55,62,0,62,117
01/25/2005,LEB,NH,ANE,EN,Federal Contract Tower,0,8,12,0,20,0,10,52,0,62,0,18,64,0,82,58,0,58,140
01/26/2005,LEB,NH,ANE,EN,Federal Contract Tower,0,9,4,0,13,0,0,0,0,0,0,9,4,0,13,0,0,0,13
01/27/2005,LEB,NH,ANE,EN,Federal Contract Tower,0,12,14,0,26,0,16,53,0,69,0,28,67,0,95,128,0,128,223
01/28/2005,LEB,NH,ANE,EN,Federal Contract Tower,0,15,9,0,24,0,11,60,4,75,0,26,69,4,99,140,0,140,239
01/29/2005,LEB,NH,ANE,EN,Federal Contract Tower,0,13,3,0,16,0,10,78,0,88,0,23,81,0,104,102,0,102,206
01/30/2005,LEB,NH,ANE,EN,Federal Contract Tower,0,4,4,2,10,0,11,96,3,110,0,15,100,5,120,96,6,102,222
01/31/2005,LEB,NH,ANE,EN,Federal Contract Tower,0,14,7,0,21,0,8,74,0,82,0,22,81,0,103,120,0,120,223
02/01/2005,LEB,NH,ANE,EN,Federal Contract Tower,0,9,7,0,16,0,3,23,1,27,0,12,30,1,43,70,2,72,115
02/02/2005,LEB,NH,ANE,EN,Federal Contract Tower,0,10,11,0,21,0,10,83,2,95,0,20,94,2,116,104,0,104,220
02/03/2005,LEB,NH,ANE,EN,Federal Contract Tower,0,21,9,0,30,0,15,55,0,70,0,36,64,0,100,168,0,168,268
02/04/2005,LEB,NH,ANE,EN,Federal Contract Tower,0,10,17,0,27,0,13,86,0,99,0,23,103,0,126,102,0,102,228
02/05/2005,LEB,NH,ANE,EN,Federal Contract Tower,0,7,5,0,12,0,4,41,0,45,0,11,46,0,57,80,0,80,137
02/06/2005,LEB,NH,ANE,EN,Federal Contract Tower,0,11,11,0,22,0,7,41,3,51,0,18,52,3,73,36,0,36,109
02/07/2005,LEB,NH,ANE,EN,Federal Contract Tower,0,9,17,0,26,0,10,50,0,60,0,19,67,0,86,26,0,26,112
02/08/2005,LEB,NH,ANE,EN,Federal Contract Tower,0,9,3,0,12,0,6,47,0,53,0,15,50,0,65,58,0,58,123
02/09/2005,LEB,NH,ANE,EN,Federal Contract Tower,0,14,12,0,26,0,0,3,0,3,0,14,15,0,29,24,0,24,53
02/10/2005,LEB,NH,ANE,EN,Federal Contract Tower,0,1,0,0,1,0,0,0,0,0,0,1,0,0,1,0,0,0,1
02/11/2005,LEB,NH,ANE,EN,Federal Contract Tower,0,8,13,0,21,0,11,23,0,34,0,19,36,0,55,66,0,66,121
02/12/2005,LEB,NH,ANE,EN,Federal Contract Tower,0,4,3,0,7,0,5,18,0,23,0,9,21,0,30,36,0,36,66
02/13/2005,LEB,NH,ANE,EN,Federal Contract Tower,0,17,6,0,23,0,1,15,2,18,0,18,21,2,41,60,8,68,109
02/14/2005,LEB,NH,ANE,EN,Federal Contract Tower,0,9,10,0,19,0,9,43,2,54,0,18,53,2,73,68,0,68,141
02/15/2005,LEB,NH,ANE,EN,Federal Contract Tower,0,11,8,0,19,0,6,64,0,70,0,17,72,0,89,128,0,128,217
02/16/2005,LEB,NH,ANE,EN,Federal Contract Tower,0,13,9,0,22,0,4,30,0,34,0,17,39,0,56,100,0,100,156
02/17/2005,LEB,NH,ANE,EN,Federal Contract Tower,0,11,11,0,22,0,7,68,0,75,0,18,79,0,97,122,0,122,219
02/18/2005,LEB,NH,ANE,EN,Federal Contract Tower,0,18,12,0,30,0,8,44,0,52,0,26,56,0,82,60,2,62,144
02/19/2005,LEB,NH,ANE,EN,Federal Contract Tower,0,7,8,0,15,0,18,66,57,141,0,25,74,57,156,60,24,84,240
02/20/2005,LEB,NH,ANE,EN,Federal Contract Tower,0,9,8,0,17,0,1,34,0,35,0,10,42,0,52,25,0,25,77
02/21/2005,LEB,NH,ANE,EN,Federal Contract Tower,0,7,3,0,10,0,0,0,0,0,0,7,3,0,10,0,0,0,10
02/22/2005,LEB,NH,ANE,EN,Federal Contract Tower,0,15,14,0,29,0,3,16,0,19,0,18,30,0,48,0,0,0,48
02/23/2005,LEB,NH,ANE,EN,Federal Contract Tower,0,11,12,0,23,0,7,63,0,70,0,18,75,0,93,122,0,122,215
02/24/2005,LEB,NH,ANE,EN,Federal Contract Tower,0,8,12,0,20,0,4,44,0,48,0,12,56,0,68,134,0,134,202
02/25/2005,LEB,NH,ANE,EN,Federal Contract Tower,0,11,11,1,23,0,15,18,0,33,0,26,29,1,56,72,2,74,130
02/26/2005,LEB,NH,ANE,EN,Federal Contract Tower,0,3,9,0,12,0,5,28,0,33,0,8,37,0,45,60,0,60,105
02/27/2005,LEB,NH,ANE,EN,Federal Contract Tower,0,6,16,0,22,0,12,42,0,54,0,18,58,0,76,56,0,56,132
02/28/2005,LEB,NH,ANE,EN,Federal Contract Tower,0,8,6,0,14,0,9,63,0,72,0,17,69,0,86,74,0,74,160
03/01/2005,LEB,NH,ANE,EN,Federal Contract Tower,0,5,1,0,6,0,2,1,0,3,0,7,2,0,9,0,0,0,9
03/02/2005,LEB,NH,ANE,EN,Federal Contract Tower,0,6,3,0,9,0,3,13,0,16,0,9,16,0,25,0,0,0,25
03/03/2005,LEB,NH,ANE,EN,Federal Contract Tower,0,10,11,0,21,0,8,29,0,37,0,18,40,0,58,18,0,18,76
03/04/2005,LEB,NH,ANE,EN,Federal Contract Tower,0,17,4,0,21,0,5,55,0,60,0,22,59,0,81,96,0,96,177
03/05/2005,LEB,NH,ANE,EN,Federal Contract Tower,0,8,5,0,13,0,9,59,0,68,0,17,64,0,81,60,0,60,141
03/06/2005,LEB,NH,ANE,EN,Federal Contract Tower,0,12,10,0,22,0,6,9,0,15,0,18,19,0,37,44,0,44,81
03/07/2005,LEB,NH,ANE,EN,Federal Contract Tower,0,10,5,0,15,0,8,35,0,43,0,18,40,0,58,90,2,92,150
03/08/2005,LEB,NH,ANE,EN,Federal Contract Tower,0,1,2,0,3,0,0,0,0,0,0,1,2,0,3,0,0,0,3
03/09/2005,LEB,NH,ANE,EN,Federal Contract Tower,0,9,4,0,13,0,5,4,0,9,0,14,8,0,22,0,0,0,22
03/10/2005,LEB,NH,ANE,EN,Federal Contract Tower,0,10,22,0,32,0,13,70,0,83,0,23,92,0,115,140,0,140,255
03/11/2005,LEB,NH,ANE,EN,Federal Contract Tower,0,11,4,0,15,0,3,21,0,24,0,14,25,0,39,78,0,78,117
03/12/2005,LEB,NH,ANE,EN,Federal Contract Tower,0,1,1,0,2,0,0,0,0,0,0,1,1,0,2,0,0,0,2
03/13/2005,LEB,NH,ANE,EN,Federal Contract Tower,0,9,5,0,14,0,5,4,0,9,0,14,9,0,23,0,0,0,23
03/14/2005,LEB,NH,ANE,EN,Federal Contract Tower,0,14,8,0,22,0,8,11,0,19,0,22,19,0,41,12,0,12,53
03/15/2005,LEB,NH,ANE,EN,Federal Contract Tower,0,10,3,0,13,0,19,58,0,77,0,29,61,0,90,96,12,108,198
03/16/2005,LEB,NH,ANE,EN,Federal Contract Tower,0,11,7,0,18,0,6,38,0,44,0,17,45,0,62,142,0,142,204
03/17/2005,LEB,NH,ANE,EN,Federal Contract Tower,0,10,6,0,16,0,16,87,0,103,0,26,93,0,119,120,0,120,239
03/18/2005,LEB,NH,ANE,EN,Federal Contract Tower,0,14,7,0,21,0,17,98,0,115,0,31,105,0,136,154,0,154,290
03/19/2005,LEB,NH,ANE,EN,Federal Contract Tower,0,4,10,0,14,0,10,100,0,110,0,14,110,0,124,64,0,64,188
03/20/2005,LEB,NH,ANE,EN,Federal Contract Tower,0,8,9,0,17,0,17,22,0,39,0,25,31,0,56,84,0,84,140
03/21/2005,LEB,NH,ANE,EN,Federal Contract Tower,0,8,6,0,14,0,3,56,0,59,0,11,62,0,73,116,0,116,189
03/22/2005,LEB,NH,ANE,EN,Federal Contract Tower,0,10,7,0,17,0,11,73,2,86,0,21,80,2,103,162,0,162,265
03/23/2005,LEB,NH,ANE,EN,Federal Contract Tower,0,10,2,0,12,0,20,54,3,77,0,30,56,3,89,150,4,154,243
03/24/2005,LEB,NH,ANE,EN,Federal Contract Tower,0,12,4,0,16,0,8,63,2,73,0,20,67,2,89,98,6,104,193
03/25/2005,LEB,NH,ANE,EN,Federal Contract Tower,0,8,5,0,13,0,13,18,0,31,0,21,23,0,44,62,0,62,106
03/26/2005,LEB,NH,ANE,EN,Federal Contract Tower,0,5,3,0,8,0,10,141,1,152,0,15,144,1,160,106,0,106,266
03/27/2005,LEB,NH,ANE,EN,Federal Contract Tower,0,7,6,0,13,0,8,61,0,69,0,15,67,0,82,60,0,60,142
03/28/2005,LEB,NH,ANE,EN,Federal Contract Tower,0,11,4,0,15,0,0,2,0,2,0,11,6,0,17,0,0,0,17
03/29/2005,LEB,NH,ANE,EN,Federal Contract Tower,0,10,7,0,17,0,4,1,0,5,0,14,8,0,22,0,0,0,22
03/30/2005,LEB,NH,ANE,EN,Federal Contract Tower,0,12,11,0,23,0,21,56,0,77,0,33,67,0,100,144,0,144,244
03/31/2005,LEB,NH,ANE,EN,Federal Contract Tower,0,9,6,0,15,0,23,88,0,111,0,32,94,0,126,178,4,182,308
04/01/2005,LEB,NH,ANE,EN,Federal Contract Tower,0,9,16,0,25,0,6,14,0,20,0,15,30,0,45,68,0,68,113
04/02/2005,LEB,NH,ANE,EN,Federal Contract Tower,0,5,4,0,9,0,0,0,0,0,0,5,4,0,9,0,0,0,9
04/03/2005,LEB,NH,ANE,EN,Federal Contract Tower,0,4,1,0,5,0,6,0,0,6,0,10,1,0,11,38,0,38,49
04/04/2005,LEB,NH,ANE,EN,Federal Contract Tower,0,11,5,0,16,0,2,12,0,14,0,13,17,0,30,6,0,6,36
04/05/2005,LEB,NH,ANE,EN,Federal Contract Tower,0,8,10,0,18,0,22,66,6,94,0,30,76,6,112,132,14,146,258
04/06/2005,LEB,NH,ANE,EN,Federal Contract Tower,0,15,6,0,21,0,8,73,2,83,0,23,79,2,104,212,16,228,332
04/07/2005,LEB,NH,ANE,EN,Federal Contract Tower,0,10,8,0,18,0,12,91,0,103,0,22,99,0,121,198,0,198,319
04/08/2005,LEB,NH,ANE,EN,Federal Contract Tower,0,12,13,0,25,0,10,72,1,83,0,22,85,1,108,248,0,248,356
04/09/2005,LEB,NH,ANE,EN,Federal Contract Tower,0,6,4,0,10,0,7,90,0,97,0,13,94,0,107,184,0,184,291
04/10/2005,LEB,NH,ANE,EN,Federal Contract Tower,0,5,7,0,12,0,21,80,5,106,0,26,87,5,118,180,0,180,298
04/11/2005,LEB,NH,ANE,EN,Federal Contract Tower,0,11,10,0,21,0,14,64,0,78,0,25,74,0,99,114,0,114,213
04/12/2005,LEB,NH,ANE,EN,Federal Contract Tower,0,9,11,0,20,0,11,33,0,44,0,20,44,0,64,62,0,62,126
04/13/2005,LEB,NH,ANE,EN,Federal Contract Tower,0,10,3,0,13,0,12,61,2,75,0,22,64,2,88,110,0,110,198
04/14/2005,LEB,NH,ANE,EN,Federal Contract Tower,0,10,11,0,21,0,8,85,2,95,0,18,96,2,116,116,2,118,234
04/15/2005,LEB,NH,ANE,EN,Federal Contract Tower,0,8,10,0,18,0,9,117,9,135,0,17,127,9,153,198,12,210,363
04/16/2005,LEB,NH,ANE,EN,Federal Contract Tower,0,6,4,0,10,0,12,76,3,91,0,18,80,3,101,128,0,128,229
04/17/2005,LEB,NH,ANE,EN,Federal Contract Tower,0,9,4,0,13,0,8,87,0,95,0,17,91,0,108,56,0,56,164
04/18/2005,LEB,NH,ANE,EN,Federal Contract Tower,0,17,4,0,21,0,7,54,0,61,0,24,58,0,82,72,0,72,154
04/19/2005,LEB,NH,ANE,EN,Federal Contract Tower,0,11,5,0,16,0,11,79,0,90,0,22,84,0,106,108,0,108,214
04/20/2005,LEB,NH,ANE,EN,Federal Contract Tower,0,20,9,0,29,0,11,92,2,105,0,31,101,2,134,150,0,150,284
04/21/2005,LEB,NH,ANE,EN,Federal Contract Tower,0,8,3,0,11,0,9,85,6,100,0,17,88,6,111,188,0,188,299
04/22/2005,LEB,NH,ANE,EN,Federal Contract Tower,0,10,9,0,19,0,8,76,0,84,0,18,85,0,103,188,0,188,291
04/23/2005,LEB,NH,ANE,EN,Federal Contract Tower,0,5,5,0,10,0,0,6,0,6,0,5,11,0,16,18,0,18,34
04/24/2005,LEB,NH,ANE,EN,Federal Contract Tower,0,9,8,0,17,0,1,1,0,2,0,10,9,0,19,0,0,0,19
04/25/2005,LEB,NH,ANE,EN,Federal Contract Tower,0,8,6,0,14,0,7,19,1,27,0,15,25,1,41,62,2,64,105
04/26/2005,LEB,NH,ANE,EN,Federal Contract Tower,0,11,14,0,25,0,15,87,2,104,0,26,101,2,129,222,0,222,351
04/27/2005,LEB,NH,ANE,EN,Federal Contract Tower,0,8,12,0,20,0,2,10,0,12,0,10,22,0,32,100,0,100,132
04/28/2005,LEB,NH,ANE,EN,Federal Contract Tower,0,7,6,0,13,0,8,22,1,31,0,15,28,1,44,84,0,84,128
04/29/2005,LEB,NH,ANE,EN,Federal Contract Tower,0,14,13,0,27,0,19,98,2,119,0,33,111,2,146,266,0,266,412
04/30/2005,LEB,NH,ANE,EN,Federal Contract Tower,0,6,6,0,12,0,16,19,0,35,0,22,25,0,47,86,0,86,133
05/01/2005,LEB,NH,ANE,EN,Federal Contract Tower,0,11,9,0,20,0,12,65,2,79,0,23,74,2,99,136,0,136,235
05/02/2005,LEB,NH,ANE,EN,Federal Contract Tower,0,8,12,0,20,0,14,84,1,99,0,22,96,1,119,144,0,144,263
05/03/2005,LEB,NH,ANE,EN,Federal Contract Tower,0,10,20,0,30,0,15,82,0,97,0,25,102,0,127,174,0,174,301
05/04/2005,LEB,NH,ANE,EN,Federal Contract Tower,0,11,13,0,24,0,12,79,0,91,0,23,92,0,115,90,8,98,213
05/05/2005,LEB,NH,ANE,EN,Federal Contract Tower,0,9,26,0,35,0,14,95,0,109,0,23,121,0,144,194,0,194,338
05/06/2005,LEB,NH,ANE,EN,Federal Contract Tower,0,19,16,0,35,0,15,101,0,116,0,34,117,0,151,200,0,200,351
05/07/2005,LEB,NH,ANE,EN,Federal Contract Tower,0,6,3,0,9,0,2,36,0,38,0,8,39,0,47,60,0,60,107
05/08/2005,LEB,NH,ANE,EN,Federal Contract Tower,0,5,12,0,17,0,7,24,0,31,0,12,36,0,48,26,0,26,74
05/09/2005,LEB,NH,ANE,EN,Federal Contract Tower,0,10,20,0,30,0,17,82,1,100,0,27,102,1,130,164,0,164,294
05/10/2005,LEB,NH,ANE,EN,Federal Contract Tower,0,8,10,0,18,0,7,85,3,95,0,15,95,3,113,138,0,138,251
05/11/2005,LEB,NH,ANE,EN,Federal Contract Tower,0,14,7,0,21,0,10,52,2,64,0,24,59,2,85,74,0,74,159
05/12/2005,LEB,NH,ANE,EN,Federal Contract Tower,0,11,12,0,23,0,15,59,0,74,0,26,71,0,97,62,0,62,159
05/13/2005,LEB,NH,ANE,EN,Federal Contract Tower,0,8,11,0,19,0,20,93,2,115,0,28,104,2,134,86,10,96,230
05/14/2005,LEB,NH,ANE,EN,Federal Contract Tower,0,5,6,0,11,0,4,55,0,59,0,9,61,0,70,56,2,58,128
05/15/2005,LEB,NH,ANE,EN,Federal Contract Tower,0,10,12,0,22,0,0,0,0,0,0,10,12,0,22,0,0,0,22
05/16/2005,LEB,NH,ANE,EN,Federal Contract Tower,0,12,11,0,23,0,8,35,2,45,0,20,46,2,68,64,0,64,132
05/17/2005,LEB,NH,ANE,EN,Federal Contract Tower,0,9,5,0,14,0,6,114,0,120,0,15,119,0,134,166,0,166,300
05/18/2005,LEB,NH,ANE,EN,Federal Contract Tower,0,9,13,0,22,0,14,79,2,95,0,23,92,2,117,86,2,88,205
05/19/2005,LEB,NH,ANE,EN,Federal Contract Tower,0,9,16,0,25,0,11,80,0,91,0,20,96,0,116,98,0,98,214
05/20/2005,LEB,NH,ANE,EN,Federal Contract Tower,0,10,8,0,18,0,7,89,2,98,0,17,97,2,116,232,8,240,356
05/21/2005,LEB,NH,ANE,EN,Federal Contract Tower,0,12,10,0,22,0,15,93,2,110,0,27,103,2,132,122,6,128,260
05/22/2005,LEB,NH,ANE,EN,Federal Contract Tower,0,5,1,0,6,0,3,4,0,7,0,8,5,0,13,0,0,0,13
05/23/2005,LEB,NH,ANE,EN,Federal Contract Tower,0,13,12,1,26,0,3,14,0,17,0,16,26,1,43,0,0,0,43
05/24/2005,LEB,NH,ANE,EN,Federal Contract Tower,0,12,17,0,29,0,6,32,0,38,0,18,49,0,67,30,0,30,97
05/25/2005,LEB,NH,ANE,EN,Federal Contract Tower,0,11,14,0,25,0,0,2,0,2,0,11,16,0,27,22,0,22,49
05/26/2005,LEB,NH,ANE,EN,Federal Contract Tower,0,7,7,0,14,0,0,13,0,13,0,7,20,0,27,60,0,60,87
05/27/2005,LEB,NH,ANE,EN,Federal Contract Tower,0,7,16,0,23,0,20,27,0,47,0,27,43,0,70,52,0,52,122
05/28/2005,LEB,NH,ANE,EN,Federal Contract Tower,0,4,14,0,18,0,9,51,0,60,0,13,65,0,78,32,0,32,110
05/29/2005,LEB,NH,ANE,EN,Federal Contract Tower,0,8,7,0,15,0,18,36,0,54,0,26,43,0,69,6,0,6,75
05/30/2005,LEB,NH,ANE,EN,Federal Contract Tower,0,8,15,0,23,0,13,70,16,99,0,21,85,16,122,72,8,80,202
05/31/2005,LEB,NH,ANE,EN,Federal Contract Tower,0,10,6,0,16,0,7,54,0,61,0,17,60,0,77,74,0,74,151
06/01/2005,LEB,NH,ANE,EN,Federal Contract Tower,0,13,11,0,24,0,6,56,0,62,0,19,67,0,86,106,0,106,192
06/02/2005,LEB,NH,ANE,EN,Federal Contract Tower,0,7,16,0,23,0,13,110,2,125,0,20,126,2,148,128,0,128,276
06/03/2005,LEB,NH,ANE,EN,Federal Contract Tower,0,12,8,0,20,0,8,75,0,83,0,20,83,0,103,134,0,134,237
06/04/2005,LEB,NH,ANE,EN,Federal Contract Tower,0,4,5,0,9,0,26,104,8,138,0,30,109,8,147,88,0,88,235
06/05/2005,LEB,NH,ANE,EN,Federal Contract Tower,0,11,8,0,19,0,15,66,0,81,0,26,74,0,100,62,0,62,162
06/06/2005,LEB,NH,ANE,EN,Federal Contract Tower,0,4,14,0,18,0,4,46,0,50,0,8,60,0,68,82,0,82,150
06/07/2005,LEB,NH,ANE,EN,Federal Contract Tower,0,11,10,0,21,0,21,91,0,112,0,32,101,0,133,158,0,158,291
06/08/2005,LEB,NH,ANE,EN,Federal Contract Tower,0,7,12,0,19,0,13,123,2,138,0,20,135,2,157,166,6,172,329
06/09/2005,LEB,NH,ANE,EN,Federal Contract Tower,0,12,21,0,33,0,9,53,2,64,0,21,74,2,97,130,6,136,233
06/10/2005,LEB,NH,ANE,EN,Federal Contract Tower,0,14,20,0,34,0,6,52,0,58,0,20,72,0,92,82,0,82,174
06/11/2005,LEB,NH,ANE,EN,Federal Contract Tower,0,9,15,2,26,0,4,22,0,26,0,13,37,2,52,12,0,12,64
06/12/2005,LEB,NH,ANE,EN,Federal Contract Tower,0,10,28,0,38,0,12,50,0,62,0,22,78,0,100,48,0,48,148
06/13/2005,LEB,NH,ANE,EN,Federal Contract Tower,0,10,12,0,22,0,9,60,0,69,0,19,72,0,91,72,0,72,163
06/14/2005,LEB,NH,ANE,EN,Federal Contract Tower,0,11,20,0,31,0,6,37,0,43,0,17,57,0,74,44,0,44,118
06/15/2005,LEB,NH,ANE,EN,Federal Contract Tower,0,8,10,0,18,0,0,0,0,0,0,8,10,0,18,0,0,0,18
06/16/2005,LEB,NH,ANE,EN,Federal Contract Tower,0,12,21,0,33,0,0,0,0,0,0,12,21,0,33,0,0,0,33
06/17/2005,LEB,NH,ANE,EN,Federal Contract Tower,0,8,28,0,36,0,0,4,0,4,0,8,32,0,40,0,0,0,40
06/18/2005,LEB,NH,ANE,EN,Federal Contract Tower,0,8,14,1,23,0,4,44,0,48,0,12,58,1,71,44,0,44,115
06/19/2005,LEB,NH,ANE,EN,Federal Contract Tower,0,11,13,0,24,0,9,85,0,94,0,20,98,0,118,60,0,60,178
06/20/2005,LEB,NH,ANE,EN,Federal Contract Tower,0,10,6,0,16,0,11,115,2,128,0,21,121,2,144,102,6,108,252
06/21/2005,LEB,NH,ANE,EN,Federal Contract Tower,0,8,6,0,14,0,33,123,6,162,0,41,129,6,176,176,12,188,364
06/22/2005,LEB,NH,ANE,EN,Federal Contract Tower,0,7,8,0,15,0,15,89,0,104,0,22,97,0,119,126,0,126,245
06/23/2005,LEB,NH,ANE,EN,Federal Contract Tower,0,14,9,0,23,0,16,129,2,147,0,30,138,2,170,206,6,212,382
06/24/2005,LEB,NH,ANE,EN,Federal Contract Tower,0,9,14,0,23,0,10,130,2,142,0,19,144,2,165,150,0,150,315
06/25/2005,LEB,NH,ANE,EN,Federal Contract Tower,0,6,8,0,14,0,17,89,0,106,0,23,97,0,120,60,0,60,180
06/26/2005,LEB,NH,ANE,EN,Federal Contract Tower,0,6,14,0,20,0,14,85,1,100,0,20,99,1,120,80,0,80,200
06/27/2005,LEB,NH,ANE,EN,Federal Contract Tower,0,10,11,0,21,0,10,63,1,74,0,20,74,1,95,58,0,58,153
06/28/2005,LEB,NH,ANE,EN,Federal Contract Tower,0,8,11,0,19,0,6,38,0,44,0,14,49,0,63,56,0,56,119
06/29/2005,LEB,NH,ANE,EN,Federal Contract Tower,0,13,12,0,25,0,0,0,0,0,0,13,12,0,25,0,0,0,25
06/30/2005,LEB,NH,ANE,EN,Federal Contract Tower,0,14,14,0,28,0,15,89,0,104,0,29,103,0,132,138,0,138,270
07/01/2005,LEB,NH,ANE,EN,Federal Contract Tower,0,9,15,0,24,0,8,53,0,61,0,17,68,0,85,68,0,68,153
07/02/2005,LEB,NH,ANE,EN,Federal Contract Tower,0,8,11,0,19,0,22,89,0,111,0,30,100,0,130,132,0,132,262
07/03/2005,LEB,NH,ANE,EN,Federal Contract Tower,0,9,5,0,14,0,12,136,0,148,0,21,141,0,162,114,0,114,276
07/04/2005,LEB,NH,ANE,EN,Federal Contract Tower,0,12,7,0,19,0,8,121,6,135,0,20,128,6,154,104,0,104,258
07/05/2005,LEB,NH,ANE,EN,Federal Contract Tower,0,11,19,1,31,0,8,74,1,83,0,19,93,2,114,94,6,100,214
07/06/2005,LEB,NH,ANE,EN,Federal Contract Tower,0,18,9,0,27,0,4,51,6,61,0,22,60,6,88,54,12,66,154
07/07/2005,LEB,NH,ANE,EN,Federal Contract Tower,0,17,14,0,31,0,17,73,2,92,0,34,87,2,123,138,0,138,261
07/08/2005,LEB,NH,ANE,EN,Federal Contract Tower,0,15,19,0,34,0,7,55,0,62,0,22,74,0,96,160,0,160,256
07/09/2005,LEB,NH,ANE,EN,Federal Contract Tower,0,4,12,0,16,0,0,28,0,28,0,4,40,0,44,62,0,62,106
07/10/2005,LEB,NH,ANE,EN,Federal Contract Tower,0,13,19,0,32,0,19,103,0,122,0,32,122,0,154,118,0,118,272
07/11/2005,LEB,NH,ANE,EN,Federal Contract Tower,0,13,14,2,29,0,18,94,0,112,0,31,108,2,141,134,0,134,275
07/12/2005,LEB,NH,ANE,EN,Federal Contract Tower,0,7,9,0,16,0,18,112,4,134,0,25,121,4,150,204,0,204,354
07/13/2005,LEB,NH,ANE,EN,Federal Contract Tower,0,7,7,0,14,0,27,79,0,106,0,34,86,0,120,172,0,172,292
07/14/2005,LEB,NH,ANE,EN,Federal Contract Tower,0,12,10,0,22,0,15,66,0,81,0,27,76,0,103,176,0,176,279
07/15/2005,LEB,NH,ANE,EN,Federal Contract Tower,0,13,21,0,34,0,11,121,10,142,0,24,142,10,176,214,16,230,406
07/16/2005,LEB,NH,ANE,EN,Federal Contract Tower,0,10,12,0,22,0,10,46,0,56,0,20,58,0,78,82,0,82,160
07/17/2005,LEB,NH,ANE,EN,Federal Contract Tower,0,22,17,0,39,0,11,55,0,66,0,33,72,0,105,56,0,56,161
07/18/2005,LEB,NH,ANE,EN,Federal Contract Tower,0,16,19,2,37,0,6,47,0,53,0,22,66,2,90,80,0,80,170
07/19/2005,LEB,NH,ANE,EN,Federal Contract Tower,0,11,14,0,25,0,5,53,0,58,0,16,67,0,83,120,0,120,203
07/20/2005,LEB,NH,ANE,EN,Federal Contract Tower,0,11,12,0,23,0,16,99,4,119,0,27,111,4,142,241,0,241,383
07/21/2005,LEB,NH,ANE,EN,Federal Contract Tower,0,10,12,0,22,0,21,68,0,89,0,31,80,0,111,153,0,153,264
07/22/2005,LEB,NH,ANE,EN,Federal Contract Tower,0,18,16,0,34,0,6,86,0,92,0,24,102,0,126,214,0,214,340
07/23/2005,LEB,NH,ANE,EN,Federal Contract Tower,0,9,12,0,21,0,10,106,0,116,0,19,118,0,137,116,0,116,253
07/24/2005,LEB,NH,ANE,EN,Federal Contract Tower,0,13,10,0,23,0,24,100,0,124,0,37,110,0,147,150,0,150,297
07/25/2005,LEB,NH,ANE,EN,Federal Contract Tower,0,8,7,0,15,0,11,83,0,94,0,19,90,0,109,212,0,212,321
07/26/2005,LEB,NH,ANE,EN,Federal Contract Tower,0,11,9,0,20,0,16,88,4,108,0,27,97,4,128,308,8,316,444
07/27/2005,LEB,NH,ANE,EN,Federal Contract Tower,0,9,17,0,26,0,6,59,0,65,0,15,76,0,91,176,0,176,267
07/28/2005,LEB,NH,ANE,EN,Federal Contract Tower,0,11,14,0,25,0,16,110,4,130,0,27,124,4,155,199,4,203,358
07/29/2005,LEB,NH,ANE,EN,Federal Contract Tower,0,24,13,0,37,0,16,146,2,164,0,40,159,2,201,300,4,304,505
07/30/2005,LEB,NH,ANE,EN,Federal Contract Tower,0,7,15,0,22,0,24,58,0,82,0,31,73,0,104,130,0,130,234
07/31/2005,LEB,NH,ANE,EN,Federal Contract Tower,0,7,19,0,26,0,13,48,0,61,0,20,67,0,87,107,0,107,194
08/01/2005,LEB,NH,ANE,EN,Federal Contract Tower,0,11,20,0,31,0,6,47,0,53,0,17,67,0,84,30,0,30,114
08/02/2005,LEB,NH,ANE,EN,Federal Contract Tower,0,8,20,0,28,0,9,65,2,76,0,17,85,2,104,102,0,102,206
08/03/2005,LEB,NH,ANE,EN,Federal Contract Tower,0,12,25,0,37,0,15,86,6,107,0,27,111,6,144,206,6,212,356
08/04/2005,LEB,NH,ANE,EN,Federal Contract Tower,0,11,13,0,24,0,8,66,2,76,0,19,79,2,100,164,0,164,264
08/05/2005,LEB,NH,ANE,EN,Federal Contract Tower,0,11,20,0,31,0,10,50,2,62,0,21,70,2,93,58,6,64,157
08/06/2005,LEB,NH,ANE,EN,Federal Contract Tower,0,13,23,0,36,0,28,77,0,105,0,41,100,0,141,97,0,97,238
08/07/2005,LEB,NH,ANE,EN,Federal Contract Tower,0,18,10,0,28,0,23,124,0,147,0,41,134,0,175,198,0,198,373
08/08/2005,LEB,NH,ANE,EN,Federal Contract Tower,0,9,16,0,25,0,26,61,2,89,0,35,77,2,114,122,10,132,246
08/09/2005,LEB,NH,ANE,EN,Federal Contract Tower,0,12,14,0,26,0,10,55,0,65,0,22,69,0,91,56,0,56,147
08/10/2005,LEB,NH,ANE,EN,Federal Contract Tower,0,10,14,0,24,0,18,79,2,99,0,28,93,2,123,202,0,202,325
08/11/2005,LEB,NH,ANE,EN,Federal Contract Tower,0,16,7,0,23,0,18,82,2,102,0,34,89,2,125,112,0,112,237
08/12/2005,LEB,NH,ANE,EN,Federal Contract Tower,0,12,24,0,36,0,12,85,0,97,0,24,109,0,133,86,0,86,219
08/13/2005,LEB,NH,ANE,EN,Federal Contract Tower,0,12,11,0,23,0,21,90,0,111,0,33,101,0,134,84,2,86,220
08/14/2005,LEB,NH,ANE,EN,Federal Contract Tower,0,8,13,0,21,0,4,30,1,35,0,12,43,1,56,8,2,10,66
08/15/2005,LEB,NH,ANE,EN,Federal Contract Tower,0,6,19,0,25,0,4,24,0,28,0,10,43,0,53,6,0,6,59
08/16/2005,LEB,NH,ANE,EN,Federal Contract Tower,0,10,15,1,26,0,8,45,1,54,0,18,60,2,80,100,0,100,180
08/17/2005,LEB,NH,ANE,EN,Federal Contract Tower,0,13,15,0,28,0,10,63,2,75,0,23,78,2,103,64,0,64,167
08/18/2005,LEB,NH,ANE,EN,Federal Contract Tower,0,10,11,0,21,0,22,50,2,74,0,32,61,2,95,71,10,81,176
08/19/2005,LEB,NH,ANE,EN,Federal Contract Tower,0,9,19,0,28,0,22,106,4,132,0,31,125,4,160,132,0,132,292
08/20/2005,LEB,NH,ANE,EN,Federal Contract Tower,0,16,8,0,24,0,1,0,0,1,0,17,8,0,25,0,0,0,25
08/21/2005,LEB,NH,ANE,EN,Federal Contract Tower,0,18,10,0,28,0,16,56,0,72,0,34,66,0,100,45,0,45,145
08/22/2005,LEB,NH,ANE,EN,Federal Contract Tower,0,7,10,0,17,0,16,59,0,75,0,23,69,0,92,74,0,74,166
08/23/2005,LEB,NH,ANE,EN,Federal Contract Tower,0,11,13,0,24,0,14,70,0,84,0,25,83,0,108,176,0,176,284
08/24/2005,LEB,NH,ANE,EN,Federal Contract Tower,0,10,19,0,29,0,12,33,2,47,0,22,52,2,76,73,2,75,151
08/25/2005,LEB,NH,ANE,EN,Federal Contract Tower,0,12,13,0,25,0,23,109,2,134,0,35,122,2,159,298,0,298,457
08/26/2005,LEB,NH,ANE,EN,Federal Contract Tower,0,12,11,0,23,0,6,115,2,123,0,18,126,2,146,154,0,154,300
08/27/2005,LEB,NH,ANE,EN,Federal Contract Tower,0,6,10,1,17,0,11,89,3,103,0,17,99,4,120,71,0,71,191
08/28/2005,LEB,NH,ANE,EN,Federal Contract Tower,0,12,21,0,33,0,0,9,0,9,0,12,30,0,42,16,0,16,58
08/29/2005,LEB,NH,ANE,EN,Federal Contract Tower,0,8,7,0,15,0,0,20,0,20,0,8,27,0,35,39,0,39,74
08/30/2005,LEB,NH,ANE,EN,Federal Contract Tower,0,7,6,0,13,0,1,3,0,4,0,8,9,0,17,0,0,0,17
08/31/2005,LEB,NH,ANE,EN,Federal Contract Tower,0,9,7,0,16,0,1,12,0,13,0,10,19,0,29,0,0,0,29
09/01/2005,LEB,NH,ANE,EN,Federal Contract Tower,0,11,4,0,15,0,17,53,0,70,0,28,57,0,85,136,0,136,221
09/02/2005,LEB,NH,ANE,EN,Federal Contract Tower,0,11,19,0,30,0,20,63,0,83,0,31,82,0,113,58,0,58,171
09/03/2005,LEB,NH,ANE,EN,Federal Contract Tower,0,6,5,0,11,0,21,102,2,125,0,27,107,2,136,113,0,113,249
09/04/2005,LEB,NH,ANE,EN,Federal Contract Tower,0,11,10,0,21,0,16,76,0,92,0,27,86,0,113,104,0,104,217
09/05/2005,LEB,NH,ANE,EN,Federal Contract Tower,0,19,9,0,28,0,5,106,1,112,0,24,115,1,140,73,0,73,213
09/06/2005,LEB,NH,ANE,EN,Federal Contract Tower,0,6,11,0,17,0,13,46,0,59,0,19,57,0,76,78,0,78,154
09/07/2005,LEB,NH,ANE,EN,Federal Contract Tower,0,13,10,0,23,0,11,46,1,58,0,24,56,1,81,112,0,112,193
09/08/2005,LEB,NH,ANE,EN,Federal Contract Tower,0,11,5,0,16,0,11,55,0,66,0,22,60,0,82,80,0,80,162
09/09/2005,LEB,NH,ANE,EN,Federal Contract Tower,0,8,21,0,29,0,12,82,4,98,0,20,103,4,127,96,6,102,229
09/10/2005,LEB,NH,ANE,EN,Federal Contract Tower,0,6,12,0,18,0,12,84,0,96,0,18,96,0,114,64,0,64,178
09/11/2005,LEB,NH,ANE,EN,Federal Contract Tower,0,11,10,0,21,0,6,51,0,57,0,17,61,0,78,42,0,42,120
09/12/2005,LEB,NH,ANE,EN,Federal Contract Tower,0,11,14,0,25,0,11,77,4,92,0,22,91,4,117,90,0,90,207
09/13/2005,LEB,NH,ANE,EN,Federal Contract Tower,0,12,11,0,23,0,6,45,0,51,0,18,56,0,74,188,0,188,262
09/14/2005,LEB,NH,ANE,EN,Federal Contract Tower,0,12,20,0,32,0,13,48,0,61,0,25,68,0,93,108,0,108,201
09/15/2005,LEB,NH,ANE,EN,Federal Contract Tower,0,13,15,0,28,0,2,28,0,30,0,15,43,0,58,20,0,20,78
09/16/2005,LEB,NH,ANE,EN,Federal Contract Tower,0,23,14,0,37,0,0,0,0,0,0,23,14,0,37,0,0,0,37
09/17/2005,LEB,NH,ANE,EN,Federal Contract Tower,0,7,10,4,21,0,6,3,0,9,0,13,13,4,30,20,0,20,50
09/18/2005,LEB,NH,ANE,EN,Federal Contract Tower,0,17,19,0,36,0,7,52,2,61,0,24,71,2,97,90,0,90,187
09/19/2005,LEB,NH,ANE,EN,Federal Contract Tower,0,14,23,0,37,0,4,56,2,62,0,18,79,2,99,104,0,104,203
09/20/2005,LEB,NH,ANE,EN,Federal Contract Tower,0,18,20,0,38,0,6,26,0,32,0,24,46,0,70,28,0,28,98
09/21/2005,LEB,NH,ANE,EN,Federal Contract Tower,0,20,17,0,37,0,7,82,2,91,0,27,99,2,128,110,4,114,242
09/22/2005,LEB,NH,ANE,EN,Federal Contract Tower,0,15,15,0,30,0,11,80,2,93,0,26,95,2,123,88,18,106,229
09/23/2005,LEB,NH,ANE,EN,Federal Contract Tower,0,14,14,0,28,0,13,75,0,88,0,27,89,0,116,58,0,58,174
09/24/2005,LEB,NH,ANE,EN,Federal Contract Tower,0,9,12,0,21,0,24,72,0,96,0,33,84,0,117,132,0,132,249
09/25/2005,LEB,NH,ANE,EN,Federal Contract Tower,0,9,12,0,21,0,3,24,0,27,0,12,36,0,48,24,0,24,72
09/26/2005,LEB,NH,ANE,EN,Federal Contract Tower,0,19,11,0,30,0,0,0,0,0,0,19,11,0,30,0,0,0,30
09/27/2005,LEB,NH,ANE,EN,Federal Contract Tower,0,10,10,0,20,0,6,61,6,73,0,16,71,6,93,202,0,202,295
09/28/2005,LEB,NH,ANE,EN,Federal Contract Tower,0,14,17,0,31,0,10,94,2,106,0,24,111,2,137,178,6,184,321
09/29/2005,LEB,NH,ANE,EN,Federal Contract Tower,0,12,11,0,23,0,4,13,0,17,0,16,24,0,40,34,0,34,74
09/30/2005,LEB,NH,ANE,EN,Federal Contract Tower,0,14,18,0,32,0,15,90,4,109,0,29,108,4,141,164,0,164,305
10/01/2005,LEB,NH,ANE,EN,Federal Contract Tower,0,7,16,0,23,0,15,80,0,95,0,22,96,0,118,78,0,78,196
10/02/2005,LEB,NH,ANE,EN,Federal Contract Tower,0,9,18,0,27,0,12,144,1,157,0,21,162,1,184,122,0,122,306
10/03/2005,LEB,NH,ANE,EN,Federal Contract Tower,0,19,18,0,37,0,12,62,0,74,0,31,80,0,111,96,0,96,207
10/04/2005,LEB,NH,ANE,EN,Federal Contract Tower,0,12,8,0,20,0,10,64,0,74,0,22,72,0,94,142,0,142,236
10/05/2005,LEB,NH,ANE,EN,Federal Contract Tower,0,12,14,0,26,0,10,33,2,45,0,22,47,2,71,146,0,146,217
10/06/2005,LEB,NH,ANE,EN,Federal Contract Tower,0,22,24,0,46,0,14,60,0,74,0,36,84,0,120,146,0,146,266
10/07/2005,LEB,NH,ANE,EN,Federal Contract Tower,0,26,19,0,45,0,9,64,2,75,0,35,83,2,120,94,0,94,214
10/08/2005,LEB,NH,ANE,EN,Federal Contract Tower,0,6,11,0,17,0,0,0,0,0,0,6,11,0,17,0,0,0,17
10/09/2005,LEB,NH,ANE,EN,Federal Contract Tower,0,14,17,0,31,0,0,0,0,0,0,14,17,0,31,0,0,0,31
10/10/2005,LEB,NH,ANE,EN,Federal Contract Tower,0,23,17,0,40,0,0,0,0,0,0,23,17,0,40,0,0,0,40
10/11/2005,LEB,NH,ANE,EN,Federal Contract Tower,0,18,12,0,30,0,0,2,0,2,0,18,14,0,32,24,0,24,56
10/12/2005,LEB,NH,ANE,EN,Federal Contract Tower,0,12,14,0,26,0,10,82,0,92,0,22,96,0,118,204,0,204,322
10/13/2005,LEB,NH,ANE,EN,Federal Contract Tower,0,19,9,0,28,0,0,0,0,0,0,19,9,0,28,0,0,0,28
10/14/2005,LEB,NH,ANE,EN,Federal Contract Tower,0,20,16,0,36,0,0,0,0,0,0,20,16,0,36,0,0,0,36
10/15/2005,LEB,NH,ANE,EN,Federal Contract Tower,0,11,11,0,22,0,0,0,0,0,0,11,11,0,22,0,0,0,22
10/16/2005,LEB,NH,ANE,EN,Federal Contract Tower,0,14,8,0,22,0,2,0,0,2,0,16,8,0,24,10,0,10,34
10/17/2005,LEB,NH,ANE,EN,Federal Contract Tower,0,13,16,0,29,0,8,46,0,54,0,21,62,0,83,66,0,66,149
10/18/2005,LEB,NH,ANE,EN,Federal Contract Tower,0,19,16,0,35,0,4,38,0,42,0,23,54,0,77,108,0,108,185
10/19/2005,LEB,NH,ANE,EN,Federal Contract Tower,0,10,6,0,16,0,11,67,0,78,0,21,73,0,94,138,0,138,232
10/20/2005,LEB,NH,ANE,EN,Federal Contract Tower,0,10,20,0,30,0,4,41,0,45,0,14,61,0,75,218,0,218,293
10/21/2005,LEB,NH,ANE,EN,Federal Contract Tower,0,14,22,0,36,0,15,84,0,99,0,29,106,0,135,120,0,120,255
10/22/2005,LEB,NH,ANE,EN,Federal Contract Tower,0,6,11,0,17,0,0,13,0,13,0,6,24,0,30,52,0,52,82
10/23/2005,LEB,NH,ANE,EN,Federal Contract Tower,0,8,14,0,22,0,0,0,0,0,0,8,14,0,22,0,0,0,22
10/24/2005,LEB,NH,ANE,EN,Federal Contract Tower,0,17,10,0,27,0,0,11,0,11,0,17,21,0,38,46,0,46,84
10/25/2005,LEB,NH,ANE,EN,Federal Contract Tower,0,10,4,0,14,0,0,0,0,0,0,10,4,0,14,0,0,0,14
10/26/2005,LEB,NH,ANE,EN,Federal Contract Tower,0,14,10,0,24,0,5,6,0,11,0,19,16,0,35,28,0,28,63
10/27/2005,LEB,NH,ANE,EN,Federal Contract Tower,0,11,7,0,18,0,12,31,0,43,0,23,38,0,61,176,0,176,237
10/28/2005,LEB,NH,ANE,EN,Federal Contract Tower,0,16,12,0,28,0,11,72,8,91,0,27,84,8,119,172,20,192,311
10/29/2005,LEB,NH,ANE,EN,Federal Contract Tower,0,8,12,0,20,0,5,29,0,34,0,13,41,0,54,72,0,72,126
10/30/2005,LEB,NH,ANE,EN,Federal Contract Tower,0,13,12,0,25,0,16,98,5,119,0,29,110,5,144,102,4,106,250
10/31/2005,LEB,NH,ANE,EN,Federal Contract Tower,0,13,13,0,26,0,13,84,4,101,0,26,97,4,127,124,0,124,251
11/01/2005,LEB,NH,ANE,EN,Federal Contract Tower,0,8,17,0,25,0,17,73,0,90,0,25,90,0,115,130,4,134,249
11/02/2005,LEB,NH,ANE,EN,Federal Contract Tower,0,8,8,0,16,0,5,66,1,72,0,13,74,1,88,70,10,80,168
11/03/2005,LEB,NH,ANE,EN,Federal Contract Tower,0,7,8,0,15,0,15,44,0,59,0,22,52,0,74,164,0,164,238
11/04/2005,LEB,NH,ANE,EN,Federal Contract Tower,0,17,10,0,27,0,9,56,0,65,0,26,66,0,92,60,0,60,152
11/05/2005,LEB,NH,ANE,EN,Federal Contract Tower,0,8,12,0,20,0,9,63,0,72,0,17,75,0,92,112,0,112,204
11/06/2005,LEB,NH,ANE,EN,Federal Contract Tower,0,12,10,0,22,0,0,12,0,12,0,12,22,0,34,14,0,14,48
11/07/2005,LEB,NH,ANE,EN,Federal Contract Tower,0,15,9,0,24,0,11,54,0,65,0,26,63,0,89,76,0,76,165
11/08/2005,LEB,NH,ANE,EN,Federal Contract Tower,0,12,14,0,26,0,11,64,0,75,0,23,78,0,101,184,0,184,285
11/09/2005,LEB,NH,ANE,EN,Federal Contract Tower,0,16,10,0,26,0,7,26,6,39,0,23,36,6,65,58,6,64,129
11/10/2005,LEB,NH,ANE,EN,Federal Contract Tower,0,17,11,0,28,0,8,20,0,28,0,25,31,0,56,68,0,68,124
11/11/2005,LEB,NH,ANE,EN,Federal Contract Tower,0,17,2,0,19,0,8,60,0,68,0,25,62,0,87,100,0,100,187
11/12/2005,LEB,NH,ANE,EN,Federal Contract Tower,0,9,14,0,23,0,3,115,2,120,0,12,129,2,143,108,0,108,251
11/13/2005,LEB,NH,ANE,EN,Federal Contract Tower,0,10,13,0,23,0,10,98,4,112,0,20,111,4,135,170,0,170,305
11/14/2005,LEB,NH,ANE,EN,Federal Contract Tower,0,15,5,0,20,0,17,56,0,73,0,32,61,0,93,96,0,96,189
11/15/2005,LEB,NH,ANE,EN,Federal Contract Tower,0,11,3,0,14,0,0,0,0,0,0,11,3,0,14,0,0,0,14
11/16/2005,LEB,NH,ANE,EN,Federal Contract Tower,0,7,4,0,11,0,3,0,0,3,0,10,4,0,14,0,0,0,14
11/17/2005,LEB,NH,ANE,EN,Federal Contract Tower,0,20,15,0,35,0,5,66,0,71,0,25,81,0,106,98,0,98,204
11/18/2005,LEB,NH,ANE,EN,Federal Contract Tower,0,10,13,0,23,0,12,68,0,80,0,22,81,0,103,102,0,102,205
11/19/2005,LEB,NH,ANE,EN,Federal Contract Tower,0,9,4,0,13,0,23,75,1,99,0,32,79,1,112,74,0,74,186
11/20/2005,LEB,NH,ANE,EN,Federal Contract Tower,0,10,8,0,18,0,13,47,1,61,0,23,55,1,79,158,0,158,237
11/21/2005,LEB,NH,ANE,EN,Federal Contract Tower,0,11,16,0,27,0,13,92,0,105,0,24,108,0,132,124,0,124,256
11/22/2005,LEB,NH,ANE,EN,Federal Contract Tower,0,14,14,0,28,0,0,0,0,0,0,14,14,0,28,0,0,0,28
11/23/2005,LEB,NH,ANE,EN,Federal Contract Tower,0,17,17,0,34,0,9,15,0,24,0,26,32,0,58,0,0,0,58
11/24/2005,LEB,NH,ANE,EN,Federal Contract Tower,0,6,3,0,9,0,0,0,0,0,0,6,3,0,9,0,0,0,9
11/25/2005,LEB,NH,ANE,EN,Federal Contract Tower,0,16,6,0,22,0,7,36,5,48,0,23,42,5,70,30,26,56,126
11/26/2005,LEB,NH,ANE,EN,Federal Contract Tower,0,14,6,0,20,0,0,2,2,4,0,14,8,2,24,38,4,42,66
11/27/2005,LEB,NH,ANE,EN,Federal Contract Tower,2,10,19,0,31,0,12,59,2,73,2,22,78,2,104,94,12,106,210
11/28/2005,LEB,NH,ANE,EN,Federal Contract Tower,0,3,5,0,8,0,0,0,0,0,0,3,5,0,8,0,0,0,8
11/29/2005,LEB,NH,ANE,EN,Federal Contract Tower,0,7,6,0,13,0,2,21,0,23,0,9,27,0,36,116,0,116,152
11/30/2005,LEB,NH,ANE,EN,Federal Contract Tower,0,6,5,0,11,0,3,9,1,13,0,9,14,1,24,22,0,22,46
12/01/2005,LEB,NH,ANE,EN,Federal Contract Tower,0,9,6,0,15,0,11,62,0,73,0,20,68,0,88,206,0,206,294
12/02/2005,LEB,NH,ANE,EN,Federal Contract Tower,0,9,6,0,15,0,0,8,0,8,0,9,14,0,23,26,0,26,49
12/03/2005,LEB,NH,ANE,EN,Federal Contract Tower,0,8,4,0,12,0,10,17,0,27,0,18,21,0,39,74,0,74,113
12/04/2005,LEB,NH,ANE,EN,Federal Contract Tower,0,5,4,0,9,0,0,2,0,2,0,5,6,0,11,0,0,0,11
12/05/2005,LEB,NH,ANE,EN,Federal Contract Tower,0,10,14,0,24,0,17,65,2,84,0,27,79,2,108,112,0,112,220
12/06/2005,LEB,NH,ANE,EN,Federal Contract Tower,0,10,7,0,17,0,10,61,0,71,0,20,68,0,88,120,0,120,208
12/07/2005,LEB,NH,ANE,EN,Federal Contract Tower,0,11,8,0,19,0,8,23,0,31,0,19,31,0,50,58,0,58,108
12/08/2005,LEB,NH,ANE,EN,Federal Contract Tower,0,10,17,0,27,0,8,90,0,98,0,18,107,0,125,204,0,204,329
12/09/2005,LEB,NH,ANE,EN,Federal Contract Tower,0,6,9,0,15,0,0,0,0,0,0,6,9,0,15,0,0,0,15
12/10/2005,LEB,NH,ANE,EN,Federal Contract Tower,0,8,5,0,13,0,2,11,2,15,0,10,16,2,28,0,0,0,28
12/11/2005,LEB,NH,ANE,EN,Federal Contract Tower,0,7,6,0,13,0,9,60,0,69,0,16,66,0,82,64,0,64,146
12/12/2005,LEB,NH,ANE,EN,Federal Contract Tower,0,9,4,0,13,0,2,35,0,37,0,11,39,0,50,208,0,208,258
12/13/2005,LEB,NH,ANE,EN,Federal Contract Tower,0,8,16,0,24,0,3,52,0,55,0,11,68,0,79,182,0,182,261
12/14/2005,LEB,NH,ANE,EN,Federal Contract Tower,0,10,17,1,28,0,6,57,1,64,0,16,74,2,92,134,6,140,232
12/15/2005,LEB,NH,ANE,EN,Federal Contract Tower,0,10,8,0,18,0,11,55,2,68,0,21,63,2,86,88,10,98,184
12/16/2005,LEB,NH,ANE,EN,Federal Contract Tower,0,8,10,0,18,0,0,0,0,0,0,8,10,0,18,0,0,0,18
12/17/2005,LEB,NH,ANE,EN,Federal Contract Tower,0,7,10,0,17,0,12,50,2,64,0,19,60,2,81,46,4,50,131
12/18/2005,LEB,NH,ANE,EN,Federal Contract Tower,0,3,10,0,13,0,7,62,0,69,0,10,72,0,82,134,0,134,216
12/19/2005,LEB,NH,ANE,EN,Federal Contract Tower,0,16,18,0,34,0,4,41,0,45,0,20,59,0,79,134,0,134,213
12/20/2005,LEB,NH,ANE,EN,Federal Contract Tower,0,11,11,0,22,0,4,41,2,47,0,15,52,2,69,100,8,108,177
12/21/2005,LEB,NH,ANE,EN,Federal Contract Tower,0,8,8,0,16,0,9,28,0,37,0,17,36,0,53,22,0,22,75
12/22/2005,LEB,NH,ANE,EN,Federal Contract Tower,0,12,9,0,21,0,11,10,0,21,0,23,19,0,42,0,0,0,42
12/23/2005,LEB,NH,ANE,EN,Federal Contract Tower,0,15,14,0,29,0,6,38,0,44,0,21,52,0,73,76,0,76,149
12/24/2005,LEB,NH,ANE,EN,Federal Contract Tower,0,2,3,0,5,0,2,22,0,24,0,4,25,0,29,102,0,102,131
12/25/2005,LEB,NH,ANE,EN,Federal Contract Tower,0,1,1,0,2,0,0,0,0,0,0,1,1,0,2,0,0,0,2
12/26/2005,LEB,NH,ANE,EN,Federal Contract Tower,0,6,3,0,9,0,0,0,0,0,0,6,3,0,9,0,0,0,9
12/27/2005,LEB,NH,ANE,EN,Federal Contract Tower,0,10,13,0,23,0,7,65,2,74,0,17,78,2,97,134,0,134,231
12/28/2005,LEB,NH,ANE,EN,Federal Contract Tower,0,9,13,0,22,0,14,65,4,83,0,23,78,4,105,170,0,170,275
12/29/2005,LEB,NH,ANE,EN,Federal Contract Tower,0,1,2,0,3,0,0,0,0,0,0,1,2,0,3,0,0,0,3
12/30/2005,LEB,NH,ANE,EN,Federal Contract Tower,0,8,12,0,20,0,14,42,0,56,0,22,54,0,76,50,0,50,126
12/31/2005,LEB,NH,ANE,EN,Federal Contract Tower,0,4,1,0,5,0,10,36,5,51,0,14,37,5,56,76,0,76,132
01/01/2006,LEB,NH,ANE,EN,Federal Contract Tower,0,4,4,0,8,0,2,6,0,8,0,6,10,0,16,0,0,0,16
01/02/2006,LEB,NH,ANE,EN,Federal Contract Tower,0,9,7,0,16,0,12,40,0,52,0,21,47,0,68,56,0,56,124
01/03/2006,LEB,NH,ANE,EN,Federal Contract Tower,0,10,6,0,16,0,10,69,2,81,0,20,75,2,97,100,0,100,197
01/04/2006,LEB,NH,ANE,EN,Federal Contract Tower,0,10,9,0,19,0,15,67,3,85,0,25,76,3,104,150,0,150,254
01/05/2006,LEB,NH,ANE,EN,Federal Contract Tower,0,4,5,0,9,0,2,4,0,6,0,6,9,0,15,62,0,62,77
01/06/2006,LEB,NH,ANE,EN,Federal Contract Tower,0,11,9,0,20,0,0,7,0,7,0,11,16,0,27,86,0,86,113
01/07/2006,LEB,NH,ANE,EN,Federal Contract Tower,0,6,5,0,11,0,9,61,5,75,0,15,66,5,86,68,0,68,154
01/08/2006,LEB,NH,ANE,EN,Federal Contract Tower,0,10,7,0,17,0,15,17,0,32,0,25,24,0,49,52,0,52,101
01/09/2006,LEB,NH,ANE,EN,Federal Contract Tower,0,9,6,0,15,0,0,2,0,2,0,9,8,0,17,6,0,6,23
01/10/2006,LEB,NH,ANE,EN,Federal Contract Tower,0,13,10,0,23,0,12,88,1,101,0,25,98,1,124,154,0,154,278
01/11/2006,LEB,NH,ANE,EN,Federal Contract Tower,0,10,5,0,15,0,4,52,0,56,0,14,57,0,71,136,0,136,207
01/12/2006,LEB,NH,ANE,EN,Federal Contract Tower,0,7,10,0,17,0,16,54,1,71,0,23,64,1,88,142,0,142,230
01/13/2006,LEB,NH,ANE,EN,Federal Contract Tower,0,11,12,0,23,0,9,61,0,70,0,20,73,0,93,122,0,122,215
01/14/2006,LEB,NH,ANE,EN,Federal Contract Tower,0,3,1,0,4,0,0,0,0,0,0,3,1,0,4,0,0,0,4
01/15/2006,LEB,NH,ANE,EN,Federal Contract Tower,0,1,2,0,3,0,0,2,0,2,0,1,4,0,5,0,0,0,5
01/16/2006,LEB,NH,ANE,EN,Federal Contract Tower,0,12,14,0,26,0,5,44,0,49,0,17,58,0,75,84,0,84,159
01/17/2006,LEB,NH,ANE,EN,Federal Contract Tower,0,14,12,0,26,0,15,80,3,98,0,29,92,3,124,226,0,226,350
01/18/2006,LEB,NH,ANE,EN,Federal Contract Tower,0,9,5,0,14,0,0,0,0,0,0,9,5,0,14,0,0,0,14
01/19/2006,LEB,NH,ANE,EN,Federal Contract Tower,0,12,10,0,22,0,14,27,0,41,0,26,37,0,63,94,0,94,157
01/20/2006,LEB,NH,ANE,EN,Federal Contract Tower,0,20,8,0,28,0,9,75,2,86,0,29,83,2,114,188,6,194,308
01/21/2006,LEB,NH,ANE,EN,Federal Contract Tower,0,6,1,0,7,0,4,57,0,61,0,10,58,0,68,64,0,64,132
01/22/2006,LEB,NH,ANE,EN,Federal Contract Tower,0,9,6,0,15,0,9,89,3,101,0,18,95,3,116,104,0,104,220
01/23/2006,LEB,NH,ANE,EN,Federal Contract Tower,0,4,2,0,6,0,0,0,0,0,0,4,2,0,6,0,0,0,6
01/24/2006,LEB,NH,ANE,EN,Federal Contract Tower,0,10,9,0,19,0,8,60,0,68,0,18,69,0,87,116,0,116,203
01/25/2006,LEB,NH,ANE,EN,Federal Contract Tower,0,12,4,0,16,0,0,9,0,9,0,12,13,0,25,32,0,32,57
01/26/2006,LEB,NH,ANE,EN,Federal Contract Tower,0,11,9,0,20,0,19,34,0,53,0,30,43,0,73,50,0,50,123
01/27/2006,LEB,NH,ANE,EN,Federal Contract Tower,0,13,14,0,27,0,26,82,2,110,0,39,96,2,137,242,0,242,379
01/28/2006,LEB,NH,ANE,EN,Federal Contract Tower,0,5,8,0,13,0,7,88,0,95,0,12,96,0,108,144,0,144,252
01/29/2006,LEB,NH,ANE,EN,Federal Contract Tower,0,8,9,0,17,0,2,32,0,34,0,10,41,0,51,52,0,52,103
01/30/2006,LEB,NH,ANE,EN,Federal Contract Tower,2,10,6,0,18,0,0,6,0,6,2,10,12,0,24,38,0,38,62
01/31/2006,LEB,NH,ANE,EN,Federal Contract Tower,0,8,10,0,18,0,2,0,0,2,0,10,10,0,20,0,0,0,20
02/01/2006,LEB,NH,ANE,EN,Federal Contract Tower,0,13,6,0,19,0,19,29,0,48,0,32,35,0,67,62,0,62,129
02/02/2006,LEB,NH,ANE,EN,Federal Contract Tower,0,11,11,0,22,0,8,25,0,33,0,19,36,0,55,66,0,66,121
02/03/2006,LEB,NH,ANE,EN,Federal Contract Tower,0,10,10,0,20,0,0,1,0,1,0,10,11,0,21,0,0,0,21
02/04/2006,LEB,NH,ANE,EN,Federal Contract Tower,0,8,15,0,23,0,6,52,4,62,0,14,67,4,85,60,0,60,145
02/05/2006,LEB,NH,ANE,EN,Federal Contract Tower,0,8,6,0,14,0,0,17,0,17,0,8,23,0,31,24,0,24,55
02/06/2006,LEB,NH,ANE,EN,Federal Contract Tower,0,9,7,0,16,0,10,49,0,59,0,19,56,0,75,82,0,82,157
02/07/2006,LEB,NH,ANE,EN,Federal Contract Tower,0,17,12,0,29,0,5,60,3,68,0,22,72,3,97,98,4,102,199
02/08/2006,LEB,NH,ANE,EN,Federal Contract Tower,0,10,13,0,23,0,16,57,2,75,0,26,70,2,98,120,4,124,222
02/09/2006,LEB,NH,ANE,EN,Federal Contract Tower,0,12,15,0,27,0,14,45,0,59,0,26,60,0,86,114,0,114,200
02/10/2006,LEB,NH,ANE,EN,Federal Contract Tower,0,12,15,0,27,0,10,35,4,49,0,22,50,4,76,96,8,104,180
02/11/2006,LEB,NH,ANE,EN,Federal Contract Tower,0,4,7,0,11,0,25,87,2,114,0,29,94,2,125,148,0,148,273
02/12/2006,LEB,NH,ANE,EN,Federal Contract Tower,0,0,1,0,1,0,2,0,0,2,0,2,1,0,3,0,0,0,3
02/13/2006,LEB,NH,ANE,EN,Federal Contract Tower,0,20,17,0,37,0,13,71,0,84,0,33,88,0,121,64,0,64,185
02/14/2006,LEB,NH,ANE,EN,Federal Contract Tower,0,13,7,0,20,0,10,63,0,73,0,23,70,0,93,122,0,122,215
02/15/2006,LEB,NH,ANE,EN,Federal Contract Tower,0,17,4,0,21,0,19,75,4,98,0,36,79,4,119,106,6,112,231
02/16/2006,LEB,NH,ANE,EN,Federal Contract Tower,0,15,13,0,28,0,18,76,6,100,0,33,89,6,128,118,10,128,256
02/17/2006,LEB,NH,ANE,EN,Federal Contract Tower,0,12,8,0,20,0,4,0,0,4,0,16,8,0,24,0,0,0,24
02/18/2006,LEB,NH,ANE,EN,Federal Contract Tower,0,7,7,0,14,0,23,17,0,40,0,30,24,0,54,30,0,30,84
02/19/2006,LEB,NH,ANE,EN,Federal Contract Tower,0,11,6,0,17,0,14,45,0,59,0,25,51,0,76,28,0,28,104
02/20/2006,LEB,NH,ANE,EN,Federal Contract Tower,0,12,4,0,16,0,12,77,0,89,0,24,81,0,105,116,0,116,221
02/21/2006,LEB,NH,ANE,EN,Federal Contract Tower,0,9,4,0,13,0,8,38,4,50,0,17,42,4,63,68,10,78,141
02/22/2006,LEB,NH,ANE,EN,Federal Contract Tower,0,10,13,0,23,0,19,47,0,66,0,29,60,0,89,108,0,108,197
02/23/2006,LEB,NH,ANE,EN,Federal Contract Tower,0,9,6,0,15,0,0,0,0,0,0,9,6,0,15,0,0,0,15
02/24/2006,LEB,NH,ANE,EN,Federal Contract Tower,0,11,9,0,20,0,10,53,0,63,0,21,62,0,83,122,0,122,205
02/25/2006,LEB,NH,ANE,EN,Federal Contract Tower,0,10,4,0,14,0,1,16,0,17,0,11,20,0,31,42,0,42,73
02/26/2006,LEB,NH,ANE,EN,Federal Contract Tower,0,6,6,0,12,0,2,8,0,10,0,8,14,0,22,0,0,0,22
02/27/2006,LEB,NH,ANE,EN,Federal Contract Tower,0,12,2,0,14,0,10,37,0,47,0,22,39,0,61,64,0,64,125
02/28/2006,LEB,NH,ANE,EN,Federal Contract Tower,0,19,6,0,25,0,0,41,0,41,0,19,47,0,66,104,8,112,178
03/01/2006,LEB,NH,ANE,EN,Federal Contract Tower,0,12,10,0,22,0,19,54,0,73,0,31,64,0,95,166,0,166,261
03/02/2006,LEB,NH,ANE,EN,Federal Contract Tower,0,9,2,0,11,0,13,39,2,54,0,22,41,2,65,156,6,162,227
03/03/2006,LEB,NH,ANE,EN,Federal Contract Tower,0,17,12,0,29,0,4,19,0,23,0,21,31,0,52,34,0,34,86
03/04/2006,LEB,NH,ANE,EN,Federal Contract Tower,0,8,5,0,13,0,4,6,0,10,0,12,11,0,23,4,0,4,27
03/05/2006,LEB,NH,ANE,EN,Federal Contract Tower,0,11,9,0,20,0,17,27,0,44,0,28,36,0,64,52,0,52,116
03/06/2006,LEB,NH,ANE,EN,Federal Contract Tower,0,12,3,0,15,0,21,86,0,107,0,33,89,0,122,158,0,158,280
03/07/2006,LEB,NH,ANE,EN,Federal Contract Tower,0,10,5,0,15,0,18,99,0,117,0,28,104,0,132,136,0,136,268
03/08/2006,LEB,NH,ANE,EN,Federal Contract Tower,0,12,10,0,22,0,6,84,4,94,0,18,94,4,116,140,4,144,260
03/09/2006,LEB,NH,ANE,EN,Federal Contract Tower,0,8,7,0,15,0,1,22,0,23,0,9,29,0,38,50,0,50,88
03/10/2006,LEB,NH,ANE,EN,Federal Contract Tower,0,11,14,0,25,0,0,5,0,5,0,11,19,0,30,26,0,26,56
03/11/2006,LEB,NH,ANE,EN,Federal Contract Tower,0,8,0,0,8,27,53,0,0,80,27,61,0,0,88,50,0,50,138
03/12/2006,LEB,NH,ANE,EN,Federal Contract Tower,0,6,13,0,19,0,11,30,0,41,0,17,43,0,60,42,0,42,102
03/13/2006,LEB,NH,ANE,EN,Federal Contract Tower,0,6,3,0,9,0,0,0,0,0,0,6,3,0,9,0,0,0,9
03/14/2006,LEB,NH,ANE,EN,Federal Contract Tower,0,15,3,0,18,0,13,28,0,41,0,28,31,0,59,30,0,30,89
03/15/2006,LEB,NH,ANE,EN,Federal Contract Tower,0,8,9,0,17,0,0,1,0,1,0,8,10,0,18,0,0,0,18
03/16/2006,LEB,NH,ANE,EN,Federal Contract Tower,0,10,5,0,15,0,11,17,2,30,0,21,22,2,45,30,0,30,75
03/17/2006,LEB,NH,ANE,EN,Federal Contract Tower,0,11,1,0,12,0,10,51,0,61,0,21,52,0,73,76,0,76,149
03/18/2006,LEB,NH,ANE,EN,Federal Contract Tower,0,9,5,0,14,0,10,54,0,64,0,19,59,0,78,106,0,106,184
03/19/2006,LEB,NH,ANE,EN,Federal Contract Tower,0,9,2,0,11,0,8,20,0,28,0,17,22,0,39,34,0,34,73
03/20/2006,LEB,NH,ANE,EN,Federal Contract Tower,0,14,4,0,18,0,1,19,0,20,0,15,23,0,38,42,0,42,80
03/21/2006,LEB,NH,ANE,EN,Federal Contract Tower,0,10,3,0,13,0,10,80,0,90,0,20,83,0,103,78,0,78,181
03/22/2006,LEB,NH,ANE,EN,Federal Contract Tower,0,12,10,0,22,0,17,51,1,69,0,29,61,1,91,172,0,172,263
03/23/2006,LEB,NH,ANE,EN,Federal Contract Tower,0,16,12,0,28,0,10,69,0,79,0,26,81,0,107,68,0,68,175
03/24/2006,LEB,NH,ANE,EN,Federal Contract Tower,0,13,9,0,22,0,15,48,6,69,0,28,57,6,91,72,4,76,167
03/25/2006,LEB,NH,ANE,EN,Federal Contract Tower,0,10,2,0,12,0,11,50,1,62,0,21,52,1,74,64,0,64,138
03/26/2006,LEB,NH,ANE,EN,Federal Contract Tower,0,8,6,0,14,0,3,6,0,9,0,11,12,0,23,30,0,30,53
03/27/2006,LEB,NH,ANE,EN,Federal Contract Tower,0,9,14,0,23,0,19,95,0,114,0,28,109,0,137,94,0,94,231
03/28/2006,LEB,NH,ANE,EN,Federal Contract Tower,0,12,6,0,18,0,3,86,0,89,0,15,92,0,107,228,0,228,335
03/29/2006,LEB,NH,ANE,EN,Federal Contract Tower,0,13,6,0,19,0,14,110,3,127,0,27,116,3,146,236,34,270,416
03/30/2006,LEB,NH,ANE,EN,Federal Contract Tower,0,11,8,0,19,0,16,75,0,91,0,27,83,0,110,100,0,100,210
03/31/2006,LEB,NH,ANE,EN,Federal Contract Tower,0,13,8,0,21,0,15,82,0,97,0,28,90,0,118,86,0,86,204
04/01/2006,LEB,NH,ANE,EN,Federal Contract Tower,0,5,3,0,8,0,11,15,3,29,0,16,18,3,37,56,0,56,93
04/02/2006,LEB,NH,ANE,EN,Federal Contract Tower,0,5,13,0,18,0,19,54,0,73,0,24,67,0,91,58,0,58,149
04/03/2006,LEB,NH,ANE,EN,Federal Contract Tower,0,8,9,3,20,0,12,87,1,100,0,20,96,4,120,76,8,84,204
04/04/2006,LEB,NH,ANE,EN,Federal Contract Tower,0,10,1,0,11,0,0,0,0,0,0,10,1,0,11,0,0,0,11
04/05/2006,LEB,NH,ANE,EN,Federal Contract Tower,0,9,7,0,16,0,2,27,0,29,0,11,34,0,45,52,0,52,97
04/06/2006,LEB,NH,ANE,EN,Federal Contract Tower,0,9,8,0,17,0,8,13,0,21,0,17,21,0,38,36,0,36,74
04/07/2006,LEB,NH,ANE,EN,Federal Contract Tower,0,9,8,0,17,0,12,7,0,19,0,21,15,0,36,6,0,6,42
04/08/2006,LEB,NH,ANE,EN,Federal Contract Tower,0,12,7,0,19,0,5,37,0,42,0,17,44,0,61,52,0,52,113
04/09/2006,LEB,NH,ANE,EN,Federal Contract Tower,0,5,7,0,12,0,7,99,2,108,0,12,106,2,120,146,0,146,266
04/10/2006,LEB,NH,ANE,EN,Federal Contract Tower,0,10,8,0,18,0,3,56,0,59,0,13,64,0,77,34,0,34,111
04/11/2006,LEB,NH,ANE,EN,Federal Contract Tower,0,14,8,0,22,0,14,90,2,106,0,28,98,2,128,134,0,134,262
04/12/2006,LEB,NH,ANE,EN,Federal Contract Tower,0,9,8,0,17,0,8,36,0,44,0,17,44,0,61,114,0,114,175
04/13/2006,LEB,NH,ANE,EN,Federal Contract Tower,0,14,3,0,17,0,7,49,0,56,0,21,52,0,73,66,0,66,139
04/14/2006,LEB,NH,ANE,EN,Federal Contract Tower,0,9,12,0,21,0,16,78,8,102,0,25,90,8,123,150,16,166,289
04/15/2006,LEB,NH,ANE,EN,Federal Contract Tower,0,7,10,0,17,0,6,29,0,35,0,13,39,0,52,92,0,92,144
04/16/2006,LEB,NH,ANE,EN,Federal Contract Tower,0,15,6,0,21,0,6,6,0,12,0,21,12,0,33,0,0,0,33
04/17/2006,LEB,NH,ANE,EN,Federal Contract Tower,0,12,10,0,22,0,11,60,0,71,0,23,70,0,93,54,0,54,147
04/18/2006,LEB,NH,ANE,EN,Federal Contract Tower,0,12,13,0,25,0,13,63,0,76,0,25,76,0,101,172,0,172,273
04/19/2006,LEB,NH,ANE,EN,Federal Contract Tower,0,13,11,0,24,0,7,36,2,45,0,20,47,2,69,44,2,46,115
04/20/2006,LEB,NH,ANE,EN,Federal Contract Tower,0,15,8,0,23,0,15,73,0,88,0,30,81,0,111,204,0,204,315
04/21/2006,LEB,NH,ANE,EN,Federal Contract Tower,0,15,10,0,25,0,22,56,2,80,0,37,66,2,105,94,4,98,203
04/22/2006,LEB,NH,ANE,EN,Federal Contract Tower,0,8,12,0,20,0,12,43,0,55,0,20,55,0,75,88,0,88,163
04/23/2006,LEB,NH,ANE,EN,Federal Contract Tower,0,10,9,0,19,0,0,1,0,1,0,10,10,0,20,4,0,4,24
04/24/2006,LEB,NH,ANE,EN,Federal Contract Tower,0,10,13,0,23,0,3,13,0,16,0,13,26,0,39,0,0,0,39
04/25/2006,LEB,NH,ANE,EN,Federal Contract Tower,0,9,8,0,17,0,7,73,0,80,0,16,81,0,97,100,0,100,197
04/26/2006,LEB,NH,ANE,EN,Federal Contract Tower,0,12,7,0,19,0,13,82,2,97,0,25,89,2,116,188,0,188,304
04/27/2006,LEB,NH,ANE,EN,Federal Contract Tower,0,11,9,0,20,0,17,87,0,104,0,28,96,0,124,186,0,186,310
04/28/2006,LEB,NH,ANE,EN,Federal Contract Tower,0,11,16,0,27,0,13,96,6,115,0,24,112,6,142,118,8,126,268
04/29/2006,LEB,NH,ANE,EN,Federal Contract Tower,0,8,8,0,16,0,22,82,1,105,0,30,90,1,121,92,0,92,213
04/30/2006,LEB,NH,ANE,EN,Federal Contract Tower,0,7,24,0,31,0,8,93,2,103,0,15,117,2,134,64,0,64,198
05/01/2006,LEB,NH,ANE,EN,Federal Contract Tower,0,12,8,0,20,0,10,94,2,106,0,22,102,2,126,216,0,216,342
05/02/2006,LEB,NH,ANE,EN,Federal Contract Tower,0,12,11,0,23,0,0,3,0,3,0,12,14,0,26,52,0,52,78
05/03/2006,LEB,NH,ANE,EN,Federal Contract Tower,0,12,8,0,20,0,0,0,0,0,0,12,8,0,20,0,0,0,20
05/04/2006,LEB,NH,ANE,EN,Federal Contract Tower,0,11,6,0,17,0,15,66,0,81,0,26,72,0,98,168,0,168,266
05/05/2006,LEB,NH,ANE,EN,Federal Contract Tower,0,13,15,0,28,0,4,71,1,76,0,17,86,1,104,166,0,166,270
05/06/2006,LEB,NH,ANE,EN,Federal Contract Tower,0,11,14,0,25,0,4,28,0,32,0,15,42,0,57,44,0,44,101
05/07/2006,LEB,NH,ANE,EN,Federal Contract Tower,0,4,11,0,15,0,9,81,0,90,0,13,92,0,105,84,0,84,189
05/08/2006,LEB,NH,ANE,EN,Federal Contract Tower,0,11,8,0,19,0,10,102,0,112,0,21,110,0,131,152,0,152,283
05/09/2006,LEB,NH,ANE,EN,Federal Contract Tower,0,13,11,0,24,0,5,53,0,58,0,18,64,0,82,104,0,104,186
05/10/2006,LEB,NH,ANE,EN,Federal Contract Tower,0,11,6,0,17,0,12,37,0,49,0,23,43,0,66,118,0,118,184
05/11/2006,LEB,NH,ANE,EN,Federal Contract Tower,0,13,13,0,26,0,15,18,0,33,0,28,31,0,59,64,0,64,123
05/12/2006,LEB,NH,ANE,EN,Federal Contract Tower,0,14,16,0,30,0,5,3,0,8,0,19,19,0,38,44,0,44,82
05/13/2006,LEB,NH,ANE,EN,Federal Contract Tower,0,12,13,0,25,0,3,0,0,3,0,15,13,0,28,12,0,12,40
05/14/2006,LEB,NH,ANE,EN,Federal Contract Tower,0,9,9,0,18,0,2,2,0,4,0,11,11,0,22,56,0,56,78
05/15/2006,LEB,NH,ANE,EN,Federal Contract Tower,0,12,11,0,23,0,7,21,0,28,0,19,32,0,51,68,0,68,119
05/16/2006,LEB,NH,ANE,EN,Federal Contract Tower,0,8,12,0,20,0,0,1,0,1,0,8,13,0,21,0,0,0,21
05/17/2006,LEB,NH,ANE,EN,Federal Contract Tower,0,10,14,0,24,0,29,29,0,58,0,39,43,0,82,132,0,132,214
05/18/2006,LEB,NH,ANE,EN,Federal Contract Tower,0,9,11,0,20,0,10,49,0,59,0,19,60,0,79,84,0,84,163
05/19/2006,LEB,NH,ANE,EN,Federal Contract Tower,0,15,15,0,30,0,0,0,0,0,0,15,15,0,30,0,0,0,30
05/20/2006,LEB,NH,ANE,EN,Federal Contract Tower,0,10,16,0,26,0,5,24,0,29,0,15,40,0,55,52,0,52,107
05/21/2006,LEB,NH,ANE,EN,Federal Contract Tower,0,10,18,0,28,0,4,22,0,26,0,14,40,0,54,14,0,14,68
05/22/2006,LEB,NH,ANE,EN,Federal Contract Tower,0,7,10,0,17,0,15,56,0,71,0,22,66,0,88,74,0,74,162
05/23/2006,LEB,NH,ANE,EN,Federal Contract Tower,0,12,12,0,24,0,20,55,0,75,0,32,67,0,99,138,0,138,237
05/24/2006,LEB,NH,ANE,EN,Federal Contract Tower,0,12,11,0,23,0,16,96,0,112,0,28,107,0,135,218,0,218,353
05/25/2006,LEB,NH,ANE,EN,Federal Contract Tower,0,12,5,0,17,0,11,97,0,108,0,23,102,0,125,178,0,178,303
05/26/2006,LEB,NH,ANE,EN,Federal Contract Tower,0,10,18,0,28,0,11,56,0,67,0,21,74,0,95,144,0,144,239
05/27/2006,LEB,NH,ANE,EN,Federal Contract Tower,0,7,13,0,20,0,13,22,0,35,0,20,35,0,55,48,0,48,103
05/28/2006,LEB,NH,ANE,EN,Federal Contract Tower,0,6,13,0,19,0,10,91,0,101,0,16,104,0,120,76,0,76,196
05/29/2006,LEB,NH,ANE,EN,Federal Contract Tower,0,14,11,0,25,0,10,135,2,147,0,24,146,2,172,98,0,98,270
05/30/2006,LEB,NH,ANE,EN,Federal Contract Tower,0,10,11,0,21,0,1,54,0,55,0,11,65,0,76,136,0,136,212
05/31/2006,LEB,NH,ANE,EN,Federal Contract Tower,0,14,13,0,27,0,14,41,0,55,0,28,54,0,82,150,0,150,232
06/01/2006,LEB,NH,ANE,EN,Federal Contract Tower,0,11,13,0,24,0,15,39,0,54,0,26,52,0,78,184,0,184,262
06/02/2006,LEB,NH,ANE,EN,Federal Contract Tower,0,11,14,0,25,0,6,11,0,17,0,17,25,0,42,136,0,136,178
06/03/2006,LEB,NH,ANE,EN,Federal Contract Tower,0,7,11,0,18,0,0,0,0,0,0,7,11,0,18,0,0,0,18
06/04/2006,LEB,NH,ANE,EN,Federal Contract Tower,0,14,11,0,25,0,5,8,0,13,0,19,19,0,38,44,0,44,82
06/05/2006,LEB,NH,ANE,EN,Federal Contract Tower,0,12,7,0,19,0,11,76,0,87,0,23,83,0,106,114,2,116,222
06/06/2006,LEB,NH,ANE,EN,Federal Contract Tower,0,8,0,0,8,25,76,0,0,101,25,84,0,0,109,192,2,194,303
06/07/2006,LEB,NH,ANE,EN,Federal Contract Tower,0,7,8,0,15,0,0,31,0,31,0,7,39,0,46,202,0,202,248
06/08/2006,LEB,NH,ANE,EN,Federal Contract Tower,0,10,15,0,25,0,1,16,0,17,0,11,31,0,42,170,0,170,212
06/09/2006,LEB,NH,ANE,EN,Federal Contract Tower,0,8,28,0,36,0,16,29,0,45,0,24,57,0,81,214,0,214,295
06/10/2006,LEB,NH,ANE,EN,Federal Contract Tower,0,18,18,0,36,0,7,4,0,11,0,25,22,0,47,56,0,56,103
06/11/2006,LEB,NH,ANE,EN,Federal Contract Tower,0,11,31,0,42,0,23,39,0,62,0,34,70,0,104,44,0,44,148
06/12/2006,LEB,NH,ANE,EN,Federal Contract Tower,0,11,11,0,22,0,12,76,1,89,0,23,87,1,111,104,0,104,215
06/13/2006,LEB,NH,ANE,EN,Federal Contract Tower,0,10,8,0,18,0,9,91,1,101,0,19,99,1,119,150,0,150,269
06/14/2006,LEB,NH,ANE,EN,Federal Contract Tower,0,8,7,0,15,0,13,79,4,96,0,21,86,4,111,208,12,220,331
06/15/2006,LEB,NH,ANE,EN,Federal Contract Tower,0,10,10,0,20,0,24,79,2,105,0,34,89,2,125,270,6,276,401
06/16/2006,LEB,NH,ANE,EN,Federal Contract Tower,0,12,22,0,34,0,21,108,0,129,0,33,130,0,163,264,0,264,427
06/17/2006,LEB,NH,ANE,EN,Federal Contract Tower,0,11,19,1,31,0,21,100,0,121,0,32,119,1,152,234,0,234,386
06/18/2006,LEB,NH,ANE,EN,Federal Contract Tower,0,11,11,0,22,0,13,121,0,134,0,24,132,0,156,144,0,144,300
06/19/2006,LEB,NH,ANE,EN,Federal Contract Tower,0,7,12,0,19,0,13,14,0,27,0,20,26,0,46,56,0,56,102
06/20/2006,LEB,NH,ANE,EN,Federal Contract Tower,0,9,8,0,17,0,8,27,0,35,0,17,35,0,52,118,0,118,170
06/21/2006,LEB,NH,ANE,EN,Federal Contract Tower,0,13,10,0,23,0,24,98,0,122,0,37,108,0,145,206,0,206,351
06/22/2006,LEB,NH,ANE,EN,Federal Contract Tower,0,8,11,0,19,0,12,36,0,48,0,20,47,0,67,146,0,146,213
06/23/2006,LEB,NH,ANE,EN,Federal Contract Tower,0,18,10,0,28,0,5,61,1,67,0,23,71,1,95,116,0,116,211
06/24/2006,LEB,NH,ANE,EN,Federal Contract Tower,0,6,4,0,10,0,13,28,0,41,0,19,32,0,51,118,0,118,169
06/25/2006,LEB,NH,ANE,EN,Federal Contract Tower,0,16,13,0,29,0,14,31,0,45,0,30,44,0,74,100,0,100,174
06/26/2006,LEB,NH,ANE,EN,Federal Contract Tower,0,8,4,0,12,0,0,4,0,4,0,8,8,0,16,0,0,0,16
06/27/2006,LEB,NH,ANE,EN,Federal Contract Tower,0,7,7,0,14,0,14,62,0,76,0,21,69,0,90,106,0,106,196
06/28/2006,LEB,NH,ANE,EN,Federal Contract Tower,0,17,7,0,24,0,0,0,0,0,0,17,7,0,24,0,0,0,24
06/29/2006,LEB,NH,ANE,EN,Federal Contract Tower,0,12,3,0,15,0,0,21,0,21,0,12,24,0,36,140,0,140,176
06/30/2006,LEB,NH,ANE,EN,Federal Contract Tower,0,14,17,0,31,0,19,31,0,50,0,33,48,0,81,176,0,176,257
07/01/2006,LEB,NH,ANE,EN,Federal Contract Tower,0,11,16,0,27,0,25,86,0,111,0,36,102,0,138,76,0,76,214
07/02/2006,LEB,NH,ANE,EN,Federal Contract Tower,0,6,9,0,15,0,3,31,0,34,0,9,40,0,49,48,0,48,97
07/03/2006,LEB,NH,ANE,EN,Federal Contract Tower,0,10,2,0,12,0,15,74,0,89,0,25,76,0,101,136,0,136,237
07/04/2006,LEB,NH,ANE,EN,Federal Contract Tower,0,15,5,0,20,0,4,68,0,72,0,19,73,0,92,58,8,66,158
07/05/2006,LEB,NH,ANE,EN,Federal Contract Tower,0,10,9,0,19,0,3,76,1,80,0,13,85,1,99,78,0,78,177
07/06/2006,LEB,NH,ANE,EN,Federal Contract Tower,0,7,13,0,20,0,14,107,2,123,0,21,120,2,143,176,0,176,319
07/07/2006,LEB,NH,ANE,EN,Federal Contract Tower,0,13,18,0,31,0,11,107,4,122,0,24,125,4,153,260,8,268,421
07/08/2006,LEB,NH,ANE,EN,Federal Contract Tower,0,8,5,0,13,0,7,112,0,119,0,15,117,0,132,66,0,66,198
07/09/2006,LEB,NH,ANE,EN,Federal Contract Tower,0,16,10,0,26,0,11,83,0,94,0,27,93,0,120,118,0,118,238
07/10/2006,LEB,NH,ANE,EN,Federal Contract Tower,0,8,10,0,18,0,27,68,0,95,0,35,78,0,113,134,0,134,247
07/11/2006,LEB,NH,ANE,EN,Federal Contract Tower,0,9,11,0,20,0,6,70,2,78,0,15,81,2,98,122,0,122,220
07/12/2006,LEB,NH,ANE,EN,Federal Contract Tower,0,5,12,0,17,0,3,41,0,44,0,8,53,0,61,66,4,70,131
07/13/2006,LEB,NH,ANE,EN,Federal Contract Tower,0,5,17,0,22,0,9,86,0,95,0,14,103,0,117,134,0,134,251
07/14/2006,LEB,NH,ANE,EN,Federal Contract Tower,0,16,14,0,30,0,10,87,4,101,0,26,101,4,131,210,2,212,343
07/15/2006,LEB,NH,ANE,EN,Federal Contract Tower,0,7,6,0,13,0,14,59,0,73,0,21,65,0,86,118,0,118,204
07/16/2006,LEB,NH,ANE,EN,Federal Contract Tower,0,11,25,0,36,0,9,80,0,89,0,20,105,0,125,76,0,76,201
07/17/2006,LEB,NH,ANE,EN,Federal Contract Tower,0,6,21,0,27,0,10,54,0,64,0,16,75,0,91,56,0,56,147
07/18/2006,LEB,NH,ANE,EN,Federal Contract Tower,0,16,6,0,22,0,14,75,0,89,0,30,81,0,111,144,0,144,255
07/19/2006,LEB,NH,ANE,EN,Federal Contract Tower,0,6,15,0,21,0,6,81,0,87,0,12,96,0,108,180,0,180,288
07/20/2006,LEB,NH,ANE,EN,Federal Contract Tower,0,26,11,0,37,0,18,104,0,122,0,44,115,0,159,196,0,196,355
07/21/2006,LEB,NH,ANE,EN,Federal Contract Tower,0,34,15,0,49,0,0,13,0,13,0,34,28,0,62,26,0,26,88
07/22/2006,LEB,NH,ANE,EN,Federal Contract Tower,0,10,14,0,24,0,2,0,0,2,0,12,14,0,26,0,0,0,26
07/23/2006,LEB,NH,ANE,EN,Federal Contract Tower,0,25,25,0,50,0,5,56,0,61,0,30,81,0,111,80,0,80,191
07/24/2006,LEB,NH,ANE,EN,Federal Contract Tower,0,6,25,0,31,0,15,103,0,118,0,21,128,0,149,156,0,156,305
07/25/2006,LEB,NH,ANE,EN,Federal Contract Tower,0,10,9,0,19,0,19,86,10,115,0,29,95,10,134,96,22,118,252
07/26/2006,LEB,NH,ANE,EN,Federal Contract Tower,0,10,24,0,34,0,6,59,0,65,0,16,83,0,99,92,0,92,191
07/27/2006,LEB,NH,ANE,EN,Federal Contract Tower,0,16,15,0,31,0,10,20,0,30,0,26,35,0,61,64,0,64,125
07/28/2006,LEB,NH,ANE,EN,Federal Contract Tower,0,14,35,1,50,0,10,21,4,35,0,24,56,5,85,120,8,128,213
07/29/2006,LEB,NH,ANE,EN,Federal Contract Tower,0,14,23,1,38,0,8,57,0,65,0,22,80,1,103,122,0,122,225
07/30/2006,LEB,NH,ANE,EN,Federal Contract Tower,0,19,17,0,36,0,36,68,0,104,0,55,85,0,140,62,0,62,202
07/31/2006,LEB,NH,ANE,EN,Federal Contract Tower,0,7,12,0,19,0,13,56,0,69,0,20,68,0,88,62,0,62,150
08/01/2006,LEB,NH,ANE,EN,Federal Contract Tower,0,10,11,0,21,0,8,53,0,61,0,18,64,0,82,104,0,104,186
08/02/2006,LEB,NH,ANE,EN,Federal Contract Tower,0,14,17,0,31,0,5,11,2,18,0,19,28,2,49,38,20,58,107
08/03/2006,LEB,NH,ANE,EN,Federal Contract Tower,0,14,14,0,28,0,11,29,0,40,0,25,43,0,68,132,0,132,200
08/04/2006,LEB,NH,ANE,EN,Federal Contract Tower,0,18,27,0,45,0,10,50,0,60,0,28,77,0,105,66,0,66,171
08/05/2006,LEB,NH,ANE,EN,Federal Contract Tower,0,10,17,0,27,0,8,85,0,93,0,18,102,0,120,52,0,52,172
08/06/2006,LEB,NH,ANE,EN,Federal Contract Tower,0,11,16,0,27,0,12,84,0,96,0,23,100,0,123,68,0,68,191
08/07/2006,LEB,NH,ANE,EN,Federal Contract Tower,0,10,18,0,28,0,7,38,2,47,0,17,56,2,75,40,0,40,115
08/08/2006,LEB,NH,ANE,EN,Federal Contract Tower,0,7,12,0,19,0,12,55,0,67,0,19,67,0,86,90,0,90,176
08/09/2006,LEB,NH,ANE,EN,Federal Contract Tower,0,12,13,0,25,0,12,41,2,55,0,24,54,2,80,142,12,154,234
08/10/2006,LEB,NH,ANE,EN,Federal Contract Tower,0,8,23,0,31,0,8,64,2,74,0,16,87,2,105,96,0,96,201
08/11/2006,LEB,NH,ANE,EN,Federal Contract Tower,0,11,11,0,22,0,6,56,0,62,0,17,67,0,84,122,0,122,206
08/12/2006,LEB,NH,ANE,EN,Federal Contract Tower,0,12,4,0,16,0,19,145,14,178,0,31,149,14,194,476,26,502,696
08/13/2006,LEB,NH,ANE,EN,Federal Contract Tower,0,11,15,0,26,0,5,47,0,52,0,16,62,0,78,32,0,32,110
08/14/2006,LEB,NH,ANE,EN,Federal Contract Tower,0,10,23,0,33,0,13,51,2,66,0,23,74,2,99,107,12,119,218
08/15/2006,LEB,NH,ANE,EN,Federal Contract Tower,0,6,11,4,21,0,17,56,2,75,0,23,67,6,96,94,8,102,198
08/16/2006,LEB,NH,ANE,EN,Federal Contract Tower,0,12,16,0,28,0,6,88,14,108,0,18,104,14,136,80,0,80,216
08/17/2006,LEB,NH,ANE,EN,Federal Contract Tower,0,9,12,1,22,0,5,73,4,82,0,14,85,5,104,110,4,114,218
08/18/2006,LEB,NH,ANE,EN,Federal Contract Tower,0,7,23,2,32,0,4,55,0,59,0,11,78,2,91,136,0,136,227
08/19/2006,LEB,NH,ANE,EN,Federal Contract Tower,0,7,8,0,15,0,0,59,0,59,0,7,67,0,74,62,0,62,136
08/20/2006,LEB,NH,ANE,EN,Federal Contract Tower,0,13,17,0,30,0,1,0,0,1,0,14,17,0,31,0,0,0,31
08/21/2006,LEB,NH,ANE,EN,Federal Contract Tower,0,14,24,0,38,0,7,65,2,74,0,21,89,2,112,96,6,102,214
08/22/2006,LEB,NH,ANE,EN,Federal Contract Tower,0,8,16,0,24,0,9,86,4,99,0,17,102,4,123,198,4,202,325
08/23/2006,LEB,NH,ANE,EN,Federal Contract Tower,0,7,15,0,22,0,13,56,1,70,0,20,71,1,92,144,4,148,240
08/24/2006,LEB,NH,ANE,EN,Federal Contract Tower,0,14,18,0,32,0,7,51,4,62,0,21,69,4,94,100,0,100,194
08/25/2006,LEB,NH,ANE,EN,Federal Contract Tower,0,10,26,0,36,0,22,32,0,54,0,32,58,0,90,161,0,161,251
08/26/2006,LEB,NH,ANE,EN,Federal Contract Tower,0,7,17,1,25,0,17,29,0,46,0,24,46,1,71,32,0,32,103
08/27/2006,LEB,NH,ANE,EN,Federal Contract Tower,0,9,10,0,19,0,0,5,0,5,0,9,15,0,24,8,0,8,32
08/28/2006,LEB,NH,ANE,EN,Federal Contract Tower,0,12,10,0,22,0,5,14,0,19,0,17,24,0,41,26,0,26,67
08/29/2006,LEB,NH,ANE,EN,Federal Contract Tower,0,6,9,0,15,0,3,22,0,25,0,9,31,0,40,100,0,100,140
08/30/2006,LEB,NH,ANE,EN,Federal Contract Tower,0,14,22,0,36,0,13,56,4,73,0,27,78,4,109,146,8,154,263
08/31/2006,LEB,NH,ANE,EN,Federal Contract Tower,0,17,15,0,32,0,15,89,0,104,0,32,104,0,136,146,0,146,282
09/01/2006,LEB,NH,ANE,EN,Federal Contract Tower,0,18,16,0,34,0,25,76,0,101,0,43,92,0,135,182,0,182,317
09/02/2006,LEB,NH,ANE,EN,Federal Contract Tower,0,11,7,0,18,0,12,15,0,27,0,23,22,0,45,56,0,56,101
09/03/2006,LEB,NH,ANE,EN,Federal Contract Tower,0,10,9,0,19,0,5,1,0,6,0,15,10,0,25,4,0,4,29
09/04/2006,LEB,NH,ANE,EN,Federal Contract Tower,0,21,20,0,41,0,20,57,2,79,0,41,77,2,120,88,0,88,208
09/05/2006,LEB,NH,ANE,EN,Federal Contract Tower,0,11,16,0,27,0,2,58,0,60,0,13,74,0,87,140,0,140,227
09/06/2006,LEB,NH,ANE,EN,Federal Contract Tower,0,12,17,0,29,0,12,38,0,50,0,24,55,0,79,216,0,216,295
09/07/2006,LEB,NH,ANE,EN,Federal Contract Tower,0,8,13,0,21,0,7,63,4,74,0,15,76,4,95,170,8,178,273
09/08/2006,LEB,NH,ANE,EN,Federal Contract Tower,0,10,29,0,39,0,9,58,0,67,0,19,87,0,106,142,0,142,248
09/09/2006,LEB,NH,ANE,EN,Federal Contract Tower,0,6,22,0,28,0,8,33,0,41,0,14,55,0,69,12,0,12,81
09/10/2006,LEB,NH,ANE,EN,Federal Contract Tower,0,15,20,0,35,0,6,97,2,105,0,21,117,2,140,40,0,40,180
09/11/2006,LEB,NH,ANE,EN,Federal Contract Tower,0,12,9,0,21,0,3,102,0,105,0,15,111,0,126,132,0,132,258
09/12/2006,LEB,NH,ANE,EN,Federal Contract Tower,0,11,23,0,34,0,14,119,0,133,0,25,142,0,167,142,0,142,309
09/13/2006,LEB,NH,ANE,EN,Federal Contract Tower,0,12,15,0,27,0,13,46,2,61,0,25,61,2,88,76,0,76,164
09/14/2006,LEB,NH,ANE,EN,Federal Contract Tower,0,6,17,0,23,0,1,7,0,8,0,7,24,0,31,0,0,0,31
09/15/2006,LEB,NH,ANE,EN,Federal Contract Tower,0,16,23,0,39,0,5,40,0,45,0,21,63,0,84,122,0,122,206
09/16/2006,LEB,NH,ANE,EN,Federal Contract Tower,0,16,12,0,28,0,6,23,0,29,0,22,35,0,57,40,0,40,97
09/17/2006,LEB,NH,ANE,EN,Federal Contract Tower,0,9,7,0,16,0,4,92,0,96,0,13,99,0,112,82,0,82,194
09/18/2006,LEB,NH,ANE,EN,Federal Contract Tower,0,8,12,0,20,0,17,84,0,101,0,25,96,0,121,98,0,98,219
09/19/2006,LEB,NH,ANE,EN,Federal Contract Tower,0,18,12,2,32,0,1,18,0,19,0,19,30,2,51,32,4,36,87
09/20/2006,LEB,NH,ANE,EN,Federal Contract Tower,0,11,16,0,27,0,4,53,2,59,0,15,69,2,86,88,0,88,174
09/21/2006,LEB,NH,ANE,EN,Federal Contract Tower,0,24,15,0,39,0,3,94,2,99,0,27,109,2,138,186,6,192,330
09/22/2006,LEB,NH,ANE,EN,Federal Contract Tower,0,15,27,0,42,0,11,80,0,91,0,26,107,0,133,144,0,144,277
09/23/2006,LEB,NH,ANE,EN,Federal Contract Tower,0,12,13,0,25,0,0,0,0,0,0,12,13,0,25,2,0,2,27
09/24/2006,LEB,NH,ANE,EN,Federal Contract Tower,0,8,15,0,23,0,4,31,1,36,0,12,46,1,59,42,2,44,103
09/25/2006,LEB,NH,ANE,EN,Federal Contract Tower,0,13,21,0,34,0,13,95,4,112,0,26,116,4,146,152,0,152,298
09/26/2006,LEB,NH,ANE,EN,Federal Contract Tower,0,14,14,0,28,0,16,69,0,85,0,30,83,0,113,142,0,142,255
09/27/2006,LEB,NH,ANE,EN,Federal Contract Tower,0,14,12,0,26,0,5,101,0,106,0,19,113,0,132,96,0,96,228
09/28/2006,LEB,NH,ANE,EN,Federal Contract Tower,0,10,38,0,48,0,4,36,0,40,0,14,74,0,88,68,0,68,156
09/29/2006,LEB,NH,ANE,EN,Federal Contract Tower,0,14,17,0,31,0,1,5,0,6,0,15,22,0,37,2,0,2,39
09/30/2006,LEB,NH,ANE,EN,Federal Contract Tower,0,9,19,0,28,0,12,59,0,71,0,21,78,0,99,84,0,84,183
10/01/2006,LEB,NH,ANE,EN,Federal Contract Tower,0,16,11,0,27,0,0,0,0,0,0,16,11,0,27,0,0,0,27
10/02/2006,LEB,NH,ANE,EN,Federal Contract Tower,0,16,27,0,43,0,6,67,0,73,0,22,94,0,116,108,0,108,224
10/03/2006,LEB,NH,ANE,EN,Federal Contract Tower,0,17,9,0,26,0,11,60,3,74,0,28,69,3,100,124,18,142,242
10/04/2006,LEB,NH,ANE,EN,Federal Contract Tower,0,8,14,0,22,0,5,37,2,44,0,13,51,2,66,84,4,88,154
10/05/2006,LEB,NH,ANE,EN,Federal Contract Tower,0,22,19,0,41,0,13,57,4,74,0,35,76,4,115,184,0,184,299
10/06/2006,LEB,NH,ANE,EN,Federal Contract Tower,0,19,23,0,42,0,6,87,6,99,0,25,110,6,141,150,12,162,303
10/07/2006,LEB,NH,ANE,EN,Federal Contract Tower,0,15,20,0,35,0,14,77,0,91,0,29,97,0,126,90,0,90,216
10/08/2006,LEB,NH,ANE,EN,Federal Contract Tower,0,20,24,0,44,0,9,145,0,154,0,29,169,0,198,34,0,34,232
10/09/2006,LEB,NH,ANE,EN,Federal Contract Tower,0,36,10,0,46,0,12,115,0,127,0,48,125,0,173,88,0,88,261
10/10/2006,LEB,NH,ANE,EN,Federal Contract Tower,0,11,12,0,23,0,12,92,0,104,0,23,104,0,127,146,0,146,273
10/11/2006,LEB,NH,ANE,EN,Federal Contract Tower,0,17,18,0,35,0,6,45,0,51,0,23,63,0,86,100,0,100,186
10/12/2006,LEB,NH,ANE,EN,Federal Contract Tower,0,23,19,0,42,0,2,29,0,31,0,25,48,0,73,74,0,74,147
10/13/2006,LEB,NH,ANE,EN,Federal Contract Tower,0,20,38,0,58,0,12,76,2,90,0,32,114,2,148,176,0,176,324
10/14/2006,LEB,NH,ANE,EN,Federal Contract Tower,0,14,14,0,28,0,0,65,0,65,0,14,79,0,93,66,0,66,159
10/15/2006,LEB,NH,ANE,EN,Federal Contract Tower,0,13,20,0,33,0,4,91,0,95,0,17,111,0,128,32,0,32,160
10/16/2006,LEB,NH,ANE,EN,Federal Contract Tower,0,13,25,0,38,0,2,81,0,83,0,15,106,0,121,102,0,102,223
10/17/2006,LEB,NH,ANE,EN,Federal Contract Tower,0,12,19,0,31,0,3,32,0,35,0,15,51,0,66,44,0,44,110
10/18/2006,LEB,NH,ANE,EN,Federal Contract Tower,0,14,20,0,34,0,5,23,0,28,0,19,43,0,62,68,0,68,130
10/19/2006,LEB,NH,ANE,EN,Federal Contract Tower,0,23,22,0,45,0,0,53,0,53,0,23,75,0,98,110,0,110,208
10/20/2006,LEB,NH,ANE,EN,Federal Contract Tower,0,7,12,0,19,0,0,0,0,0,0,7,12,0,19,0,0,0,19
10/21/2006,LEB,NH,ANE,EN,Federal Contract Tower,0,13,18,0,31,0,16,18,0,34,0,29,36,0,65,24,0,24,89
10/22/2006,LEB,NH,ANE,EN,Federal Contract Tower,0,11,12,0,23,0,9,33,0,42,0,20,45,0,65,50,0,50,115
10/23/2006,LEB,NH,ANE,EN,Federal Contract Tower,0,15,15,0,30,0,3,25,0,28,0,18,40,0,58,58,0,58,116
10/24/2006,LEB,NH,ANE,EN,Federal Contract Tower,0,11,17,0,28,0,6,37,0,43,0,17,54,0,71,40,0,40,111
10/25/2006,LEB,NH,ANE,EN,Federal Contract Tower,0,10,13,0,23,0,5,29,0,34,0,15,42,0,57,100,0,100,157
10/26/2006,LEB,NH,ANE,EN,Federal Contract Tower,0,14,6,0,20,0,10,40,0,50,0,24,46,0,70,40,0,40,110
10/27/2006,LEB,NH,ANE,EN,Federal Contract Tower,0,15,16,1,32,0,6,82,1,89,0,21,98,2,121,170,6,176,297
10/28/2006,LEB,NH,ANE,EN,Federal Contract Tower,0,9,1,0,10,0,0,0,0,0,0,9,1,0,10,0,0,0,10
10/29/2006,LEB,NH,ANE,EN,Federal Contract Tower,0,15,8,0,23,0,0,1,0,1,0,15,9,0,24,0,0,0,24
10/30/2006,LEB,NH,ANE,EN,Federal Contract Tower,0,15,6,0,21,0,14,38,0,52,0,29,44,0,73,82,0,82,155
10/31/2006,LEB,NH,ANE,EN,Federal Contract Tower,0,10,12,0,22,0,14,80,2,96,0,24,92,2,118,198,0,198,316
11/01/2006,LEB,NH,ANE,EN,Federal Contract Tower,0,11,9,0,20,0,11,72,0,83,0,22,81,0,103,84,0,84,187
11/02/2006,LEB,NH,ANE,EN,Federal Contract Tower,0,13,18,1,32,0,14,42,1,57,0,27,60,2,89,96,4,100,189
11/03/2006,LEB,NH,ANE,EN,Federal Contract Tower,0,11,15,0,26,0,11,64,0,75,0,22,79,0,101,146,0,146,247
11/04/2006,LEB,NH,ANE,EN,Federal Contract Tower,0,13,5,0,18,0,3,42,0,45,0,16,47,0,63,96,0,96,159
11/05/2006,LEB,NH,ANE,EN,Federal Contract Tower,0,13,12,0,25,0,7,82,0,89,0,20,94,0,114,66,0,66,180
11/06/2006,LEB,NH,ANE,EN,Federal Contract Tower,0,14,16,0,30,0,17,92,0,109,0,31,108,0,139,180,0,180,319
11/07/2006,LEB,NH,ANE,EN,Federal Contract Tower,0,13,12,2,27,0,13,58,0,71,0,26,70,2,98,182,0,182,280
11/08/2006,LEB,NH,ANE,EN,Federal Contract Tower,0,13,8,0,21,0,0,0,0,0,0,13,8,0,21,0,0,0,21
11/09/2006,LEB,NH,ANE,EN,Federal Contract Tower,0,18,10,2,30,0,3,28,6,37,0,21,38,8,67,56,8,64,131
11/10/2006,LEB,NH,ANE,EN,Federal Contract Tower,0,16,11,0,27,0,6,74,0,80,0,22,85,0,107,152,0,152,259
11/11/2006,LEB,NH,ANE,EN,Federal Contract Tower,0,13,8,0,21,0,11,62,2,75,0,24,70,2,96,78,2,80,176
11/12/2006,LEB,NH,ANE,EN,Federal Contract Tower,0,15,7,0,22,0,0,6,0,6,0,15,13,0,28,0,0,0,28
11/13/2006,LEB,NH,ANE,EN,Federal Contract Tower,0,12,10,0,22,0,0,1,0,1,0,12,11,0,23,0,0,0,23
11/14/2006,LEB,NH,ANE,EN,Federal Contract Tower,0,19,7,0,26,0,1,1,0,2,0,20,8,0,28,0,0,0,28
11/15/2006,LEB,NH,ANE,EN,Federal Contract Tower,0,17,11,0,28,0,6,40,0,46,0,23,51,0,74,138,0,138,212
11/16/2006,LEB,NH,ANE,EN,Federal Contract Tower,0,7,10,0,17,0,0,1,0,1,0,7,11,0,18,0,0,0,18
11/17/2006,LEB,NH,ANE,EN,Federal Contract Tower,0,10,15,0,25,0,5,36,0,41,0,15,51,0,66,60,0,60,126
11/18/2006,LEB,NH,ANE,EN,Federal Contract Tower,0,11,7,0,18,0,9,93,0,102,0,20,100,0,120,42,0,42,162
11/19/2006,LEB,NH,ANE,EN,Federal Contract Tower,0,11,15,0,26,0,0,25,0,25,0,11,40,0,51,76,0,76,127
11/20/2006,LEB,NH,ANE,EN,Federal Contract Tower,0,11,20,0,31,0,9,49,0,58,0,20,69,0,89,76,0,76,165
11/21/2006,LEB,NH,ANE,EN,Federal Contract Tower,0,15,6,0,21,0,13,66,0,79,0,28,72,0,100,128,0,128,228
11/22/2006,LEB,NH,ANE,EN,Federal Contract Tower,0,15,12,0,27,0,9,50,0,59,0,24,62,0,86,126,0,126,212
11/23/2006,LEB,NH,ANE,EN,Federal Contract Tower,0,12,1,0,13,0,0,0,0,0,0,12,1,0,13,0,0,0,13
11/24/2006,LEB,NH,ANE,EN,Federal Contract Tower,0,6,2,0,8,0,21,91,3,115,0,27,93,3,123,132,0,132,255
11/25/2006,LEB,NH,ANE,EN,Federal Contract Tower,0,7,10,0,17,0,12,50,0,62,0,19,60,0,79,58,0,58,137
11/26/2006,LEB,NH,ANE,EN,Federal Contract Tower,0,17,23,0,40,0,13,80,0,93,0,30,103,0,133,74,0,74,207
11/27/2006,LEB,NH,ANE,EN,Federal Contract Tower,0,10,12,0,22,0,16,71,0,87,0,26,83,0,109,112,0,112,221
11/28/2006,LEB,NH,ANE,EN,Federal Contract Tower,0,7,11,0,18,0,0,0,0,0,0,7,11,0,18,0,0,0,18
11/29/2006,LEB,NH,ANE,EN,Federal Contract Tower,0,11,11,0,22,0,0,0,0,0,0,11,11,0,22,0,0,0,22
11/30/2006,LEB,NH,ANE,EN,Federal Contract Tower,0,14,5,0,19,0,0,17,0,17,0,14,22,0,36,80,0,80,116
12/01/2006,LEB,NH,ANE,EN,Federal Contract Tower,0,7,5,0,12,0,0,0,0,0,0,7,5,0,12,0,0,0,12
12/02/2006,LEB,NH,ANE,EN,Federal Contract Tower,0,11,3,0,14,0,7,12,0,19,0,18,15,0,33,2,0,2,35
12/03/2006,LEB,NH,ANE,EN,Federal Contract Tower,0,15,6,0,21,0,12,79,0,91,0,27,85,0,112,56,0,56,168
12/04/2006,LEB,NH,ANE,EN,Federal Contract Tower,0,8,11,0,19,0,7,40,0,47,0,15,51,0,66,66,0,66,132
12/05/2006,LEB,NH,ANE,EN,Federal Contract Tower,0,12,5,1,18,0,8,55,2,65,0,20,60,3,83,102,2,104,187
12/06/2006,LEB,NH,ANE,EN,Federal Contract Tower,0,9,8,0,17,0,17,45,0,62,0,26,53,0,79,92,0,92,171
12/07/2006,LEB,NH,ANE,EN,Federal Contract Tower,0,10,9,0,19,0,4,41,0,45,0,14,50,0,64,106,4,110,174
12/08/2006,LEB,NH,ANE,EN,Federal Contract Tower,0,11,7,0,18,0,5,20,0,25,0,16,27,0,43,10,0,10,53
12/09/2006,LEB,NH,ANE,EN,Federal Contract Tower,0,6,5,0,11,0,9,27,0,36,0,15,32,0,47,34,0,34,81
12/10/2006,LEB,NH,ANE,EN,Federal Contract Tower,0,8,9,0,17,0,6,107,0,113,0,14,116,0,130,46,0,46,176
12/11/2006,LEB,NH,ANE,EN,Federal Contract Tower,0,10,10,0,20,0,5,26,0,31,0,15,36,0,51,40,0,40,91
12/12/2006,LEB,NH,ANE,EN,Federal Contract Tower,0,11,9,0,20,0,23,82,0,105,0,34,91,0,125,198,0,198,323
12/13/2006,LEB,NH,ANE,EN,Federal Contract Tower,0,8,6,0,14,0,0,0,0,0,0,8,6,0,14,0,0,0,14
12/14/2006,LEB,NH,ANE,EN,Federal Contract Tower,0,17,12,0,29,0,6,69,0,75,0,23,81,0,104,144,0,144,248
12/15/2006,LEB,NH,ANE,EN,Federal Contract Tower,0,10,9,0,19,0,4,25,0,29,0,14,34,0,48,44,0,44,92
12/16/2006,LEB,NH,ANE,EN,Federal Contract Tower,0,8,4,0,12,0,22,16,0,38,0,30,20,0,50,38,0,38,88
12/17/2006,LEB,NH,ANE,EN,Federal Contract Tower,0,12,8,0,20,0,16,48,0,64,0,28,56,0,84,58,0,58,142
12/18/2006,LEB,NH,ANE,EN,Federal Contract Tower,0,14,12,0,26,0,13,54,0,67,0,27,66,0,93,66,0,66,159
12/19/2006,LEB,NH,ANE,EN,Federal Contract Tower,0,13,16,0,29,0,21,46,2,69,0,34,62,2,98,68,2,70,168
12/20/2006,LEB,NH,ANE,EN,Federal Contract Tower,0,12,10,0,22,0,19,62,0,81,0,31,72,0,103,82,0,82,185
12/21/2006,LEB,NH,ANE,EN,Federal Contract Tower,0,13,13,0,26,0,9,73,0,82,0,22,86,0,108,114,0,114,222
12/22/2006,LEB,NH,ANE,EN,Federal Contract Tower,0,18,13,0,31,0,5,53,0,58,0,23,66,0,89,78,0,78,167
12/23/2006,LEB,NH,ANE,EN,Federal Contract Tower,0,5,2,0,7,0,0,0,0,0,0,5,2,0,7,4,0,4,11
12/24/2006,LEB,NH,ANE,EN,Federal Contract Tower,0,5,5,0,10,0,13,50,0,63,0,18,55,0,73,22,0,22,95
12/25/2006,LEB,NH,ANE,EN,Federal Contract Tower,0,11,2,0,13,0,10,7,0,17,0,21,9,0,30,12,0,12,42
12/26/2006,LEB,NH,ANE,EN,Federal Contract Tower,0,4,7,0,11,0,0,0,0,0,0,4,7,0,11,0,0,0,11
12/27/2006,LEB,NH,ANE,EN,Federal Contract Tower,0,13,0,0,13,21,40,0,0,61,21,53,0,0,74,126,4,130,204
12/28/2006,LEB,NH,ANE,EN,Federal Contract Tower,0,11,12,0,23,0,1,39,0,40,0,12,51,0,63,126,0,126,189
12/29/2006,LEB,NH,ANE,EN,Federal Contract Tower,0,10,16,0,26,0,22,62,2,86,0,32,78,2,112,154,8,162,274
12/30/2006,LEB,NH,ANE,EN,Federal Contract Tower,0,3,4,0,7,0,0,0,0,0,0,3,4,0,7,4,0,4,11
12/31/2006,LEB,NH,ANE,EN,Federal Contract Tower,0,4,4,0,8,0,4,55,2,61,0,8,59,2,69,42,8,50,119
01/01/2007,LEB,NH,ANE,EN,Federal Contract Tower,0,5,4,0,9,0,0,0,0,0,0,5,4,0,9,0,0,0,9
01/02/2007,LEB,NH,ANE,EN,Federal Contract Tower,0,11,7,0,18,0,13,41,0,54,0,24,48,0,72,56,0,56,128
01/03/2007,LEB,NH,ANE,EN,Federal Contract Tower,0,8,10,0,18,0,27,85,0,112,0,35,95,0,130,102,0,102,232
01/04/2007,LEB,NH,ANE,EN,Federal Contract Tower,0,12,11,0,23,0,10,59,2,71,0,22,70,2,94,98,0,98,192
01/05/2007,LEB,NH,ANE,EN,Federal Contract Tower,0,8,13,1,22,0,8,38,1,47,0,16,51,2,69,80,6,86,155
01/06/2007,LEB,NH,ANE,EN,Federal Contract Tower,0,4,5,0,9,0,2,6,0,8,0,6,11,0,17,10,0,10,27
01/07/2007,LEB,NH,ANE,EN,Federal Contract Tower,0,6,9,0,15,0,15,77,0,92,0,21,86,0,107,58,0,58,165
01/08/2007,LEB,NH,ANE,EN,Federal Contract Tower,0,10,2,0,12,0,4,4,0,8,0,14,6,0,20,28,0,28,48
01/09/2007,LEB,NH,ANE,EN,Federal Contract Tower,0,11,9,0,20,0,1,37,0,38,0,12,46,0,58,68,0,68,126
01/10/2007,LEB,NH,ANE,EN,Federal Contract Tower,0,6,14,0,20,0,3,37,0,40,0,9,51,0,60,36,0,36,96
01/11/2007,LEB,NH,ANE,EN,Federal Contract Tower,0,12,15,0,27,0,19,76,0,95,0,31,91,0,122,122,0,122,244
01/12/2007,LEB,NH,ANE,EN,Federal Contract Tower,0,11,11,0,22,0,6,56,0,62,0,17,67,0,84,150,0,150,234
01/13/2007,LEB,NH,ANE,EN,Federal Contract Tower,0,9,5,0,14,0,2,14,0,16,0,11,19,0,30,92,0,92,122
01/14/2007,LEB,NH,ANE,EN,Federal Contract Tower,0,6,4,0,10,0,0,0,0,0,0,6,4,0,10,0,0,0,10
01/15/2007,LEB,NH,ANE,EN,Federal Contract Tower,0,2,2,0,4,0,0,2,0,2,0,2,4,0,6,22,0,22,28
01/16/2007,LEB,NH,ANE,EN,Federal Contract Tower,0,9,8,0,17,0,13,17,0,30,0,22,25,0,47,64,0,64,111
01/17/2007,LEB,NH,ANE,EN,Federal Contract Tower,0,9,7,0,16,0,22,63,0,85,0,31,70,0,101,92,0,92,193
01/18/2007,LEB,NH,ANE,EN,Federal Contract Tower,0,11,3,0,14,0,8,53,0,61,0,19,56,0,75,44,0,44,119
01/19/2007,LEB,NH,ANE,EN,Federal Contract Tower,0,8,4,0,12,0,4,14,0,18,0,12,18,0,30,74,0,74,104
01/20/2007,LEB,NH,ANE,EN,Federal Contract Tower,0,8,1,0,9,0,8,1,0,9,0,16,2,0,18,4,0,4,22
01/21/2007,LEB,NH,ANE,EN,Federal Contract Tower,0,8,7,0,15,0,19,60,0,79,0,27,67,0,94,52,0,52,146
01/22/2007,LEB,NH,ANE,EN,Federal Contract Tower,0,14,11,0,25,0,6,45,0,51,0,20,56,0,76,54,0,54,130
01/23/2007,LEB,NH,ANE,EN,Federal Contract Tower,0,10,8,0,18,0,7,75,0,82,0,17,83,0,100,98,0,98,198
01/24/2007,LEB,NH,ANE,EN,Federal Contract Tower,0,11,5,1,17,0,6,37,1,44,0,17,42,2,61,42,2,44,105
01/25/2007,LEB,NH,ANE,EN,Federal Contract Tower,0,13,13,0,26,0,5,44,0,49,0,18,57,0,75,66,0,66,141
01/26/2007,LEB,NH,ANE,EN,Federal Contract Tower,0,15,10,0,25,0,2,22,0,24,0,17,32,0,49,20,0,20,69
01/27/2007,LEB,NH,ANE,EN,Federal Contract Tower,0,8,4,0,12,0,0,0,0,0,0,8,4,0,12,4,0,4,16
01/28/2007,LEB,NH,ANE,EN,Federal Contract Tower,0,17,11,0,28,0,13,58,0,71,0,30,69,0,99,88,2,90,189
01/29/2007,LEB,NH,ANE,EN,Federal Contract Tower,0,8,8,0,16,0,20,46,0,66,0,28,54,0,82,88,0,88,170
01/30/2007,LEB,NH,ANE,EN,Federal Contract Tower,0,8,12,1,21,0,14,88,4,106,0,22,100,5,127,116,30,146,273
01/31/2007,LEB,NH,ANE,EN,Federal Contract Tower,0,10,6,0,16,0,8,38,1,47,0,18,44,1,63,60,0,60,123
02/01/2007,LEB,NH,ANE,EN,Federal Contract Tower,0,12,12,0,24,0,2,42,0,44,0,14,54,0,68,116,0,116,184
02/02/2007,LEB,NH,ANE,EN,Federal Contract Tower,0,14,11,0,25,0,10,59,3,72,0,24,70,3,97,89,4,93,190
02/03/2007,LEB,NH,ANE,EN,Federal Contract Tower,0,6,5,0,11,0,6,37,0,43,0,12,42,0,54,104,0,104,158
02/04/2007,LEB,NH,ANE,EN,Federal Contract Tower,0,13,3,0,16,0,6,17,0,23,0,19,20,0,39,28,0,28,67
02/05/2007,LEB,NH,ANE,EN,Federal Contract Tower,0,14,8,0,22,0,7,35,0,42,0,21,43,0,64,112,0,112,176
02/06/2007,LEB,NH,ANE,EN,Federal Contract Tower,0,11,15,0,26,0,11,73,0,84,0,22,88,0,110,136,0,136,246
02/07/2007,LEB,NH,ANE,EN,Federal Contract Tower,0,7,10,0,17,0,6,20,2,28,0,13,30,2,45,36,6,42,87
02/08/2007,LEB,NH,ANE,EN,Federal Contract Tower,0,10,12,0,22,0,0,11,0,11,0,10,23,0,33,78,0,78,111
02/09/2007,LEB,NH,ANE,EN,Federal Contract Tower,0,10,22,0,32,0,4,29,0,33,0,14,51,0,65,98,0,98,163
02/10/2007,LEB,NH,ANE,EN,Federal Contract Tower,0,4,4,0,8,0,5,29,0,34,0,9,33,0,42,82,0,82,124
02/11/2007,LEB,NH,ANE,EN,Federal Contract Tower,0,13,10,0,23,0,13,75,0,88,0,26,85,0,111,72,0,72,183
02/12/2007,LEB,NH,ANE,EN,Federal Contract Tower,0,16,11,0,27,0,0,46,0,46,0,16,57,0,73,44,0,44,117
02/13/2007,LEB,NH,ANE,EN,Federal Contract Tower,0,10,9,0,19,0,5,43,0,48,0,15,52,0,67,94,0,94,161
02/14/2007,LEB,NH,ANE,EN,Federal Contract Tower,0,0,0,0,0,0,0,0,0,0,0,0,0,0,0,0,0,0,0
02/15/2007,LEB,NH,ANE,EN,Federal Contract Tower,0,8,8,0,16,0,0,19,0,19,0,8,27,0,35,54,0,54,89
02/16/2007,LEB,NH,ANE,EN,Federal Contract Tower,0,12,15,0,27,0,6,25,0,31,0,18,40,0,58,34,0,34,92
02/17/2007,LEB,NH,ANE,EN,Federal Contract Tower,0,7,14,0,21,0,9,37,0,46,0,16,51,0,67,62,0,62,129
02/18/2007,LEB,NH,ANE,EN,Federal Contract Tower,0,6,9,0,15,0,1,8,0,9,0,7,17,0,24,32,0,32,56
02/19/2007,LEB,NH,ANE,EN,Federal Contract Tower,0,11,11,0,22,0,12,69,0,81,0,23,80,0,103,68,0,68,171
02/20/2007,LEB,NH,ANE,EN,Federal Contract Tower,0,12,9,1,22,0,12,49,0,61,0,24,58,1,83,88,6,94,177
02/21/2007,LEB,NH,ANE,EN,Federal Contract Tower,0,14,6,2,22,0,12,47,1,60,0,26,53,3,82,94,2,96,178
02/22/2007,LEB,NH,ANE,EN,Federal Contract Tower,0,9,6,0,15,0,5,38,0,43,0,14,44,0,58,72,0,72,130
02/23/2007,LEB,NH,ANE,EN,Federal Contract Tower,0,12,10,0,22,0,10,8,4,22,0,22,18,4,44,22,0,22,66
02/24/2007,LEB,NH,ANE,EN,Federal Contract Tower,0,6,9,0,15,0,7,20,0,27,0,13,29,0,42,38,0,38,80
02/25/2007,LEB,NH,ANE,EN,Federal Contract Tower,0,9,3,0,12,0,17,71,1,89,0,26,74,1,101,106,0,106,207
02/26/2007,LEB,NH,ANE,EN,Federal Contract Tower,0,10,13,0,23,0,5,64,0,69,0,15,77,0,92,54,0,54,146
02/27/2007,LEB,NH,ANE,EN,Federal Contract Tower,0,10,14,0,24,0,10,59,0,69,0,20,73,0,93,78,0,78,171
02/28/2007,LEB,NH,ANE,EN,Federal Contract Tower,0,14,4,0,18,0,5,44,2,51,0,19,48,2,69,98,0,98,167
03/01/2007,LEB,NH,ANE,EN,Federal Contract Tower,0,13,5,0,18,0,7,59,0,66,0,20,64,0,84,140,0,140,224
03/02/2007,LEB,NH,ANE,EN,Federal Contract Tower,0,5,3,0,8,0,0,0,0,0,0,5,3,0,8,0,0,0,8
03/03/2007,LEB,NH,ANE,EN,Federal Contract Tower,0,5,13,0,18,0,0,0,0,0,0,5,13,0,18,0,0,0,18
03/04/2007,LEB,NH,ANE,EN,Federal Contract Tower,0,13,14,0,27,0,14,29,0,43,0,27,43,0,70,36,0,36,106
03/05/2007,LEB,NH,ANE,EN,Federal Contract Tower,0,7,4,0,11,0,4,16,0,20,0,11,20,0,31,24,0,24,55
03/06/2007,LEB,NH,ANE,EN,Federal Contract Tower,0,12,5,0,17,0,4,26,0,30,0,16,31,0,47,18,0,18,65
03/07/2007,LEB,NH,ANE,EN,Federal Contract Tower,0,5,9,0,14,0,4,22,2,28,0,9,31,2,42,68,0,68,110
03/08/2007,LEB,NH,ANE,EN,Federal Contract Tower,0,8,4,0,12,0,12,14,0,26,0,20,18,0,38,80,0,80,118
03/09/2007,LEB,NH,ANE,EN,Federal Contract Tower,0,11,11,0,22,0,11,52,4,67,0,22,63,4,89,84,8,92,181
03/10/2007,LEB,NH,ANE,EN,Federal Contract Tower,0,7,5,0,12,0,7,29,0,36,0,14,34,0,48,68,0,68,116
03/11/2007,LEB,NH,ANE,EN,Federal Contract Tower,0,11,11,0,22,0,8,59,0,67,0,19,70,0,89,72,0,72,161
03/12/2007,LEB,NH,ANE,EN,Federal Contract Tower,0,8,6,0,14,0,10,74,2,86,0,18,80,2,100,142,12,154,254
03/13/2007,LEB,NH,ANE,EN,Federal Contract Tower,0,9,11,0,20,0,6,17,2,25,0,15,28,2,45,52,2,54,99
03/14/2007,LEB,NH,ANE,EN,Federal Contract Tower,0,8,11,0,19,0,1,19,0,20,0,9,30,0,39,52,0,52,91
03/15/2007,LEB,NH,ANE,EN,Federal Contract Tower,0,8,5,0,13,0,6,11,0,17,0,14,16,0,30,34,0,34,64
03/16/2007,LEB,NH,ANE,EN,Federal Contract Tower,0,2,5,0,7,0,2,11,0,13,0,4,16,0,20,78,0,78,98
03/17/2007,LEB,NH,ANE,EN,Federal Contract Tower,0,4,1,0,5,0,0,1,0,1,0,4,2,0,6,4,0,4,10
03/18/2007,LEB,NH,ANE,EN,Federal Contract Tower,0,11,5,0,16,0,6,13,0,19,0,17,18,0,35,28,0,28,63
03/19/2007,LEB,NH,ANE,EN,Federal Contract Tower,0,10,10,0,20,0,6,53,2,61,0,16,63,2,81,158,0,158,239
03/20/2007,LEB,NH,ANE,EN,Federal Contract Tower,0,11,3,0,14,0,9,26,0,35,0,20,29,0,49,20,0,20,69
03/21/2007,LEB,NH,ANE,EN,Federal Contract Tower,0,8,8,0,16,0,17,66,6,89,0,25,74,6,105,160,8,168,273
03/22/2007,LEB,NH,ANE,EN,Federal Contract Tower,0,10,10,0,20,0,5,67,0,72,0,15,77,0,92,148,0,148,240
03/23/2007,LEB,NH,ANE,EN,Federal Contract Tower,0,19,11,0,30,0,9,61,0,70,0,28,72,0,100,152,0,152,252
03/24/2007,LEB,NH,ANE,EN,Federal Contract Tower,0,7,3,0,10,0,16,60,0,76,0,23,63,0,86,100,0,100,186
03/25/2007,LEB,NH,ANE,EN,Federal Contract Tower,0,12,9,0,21,0,6,54,0,60,0,18,63,0,81,148,0,148,229
03/26/2007,LEB,NH,ANE,EN,Federal Contract Tower,0,12,11,0,23,0,0,22,0,22,0,12,33,0,45,118,0,118,163
03/27/2007,LEB,NH,ANE,EN,Federal Contract Tower,0,11,15,0,26,0,8,56,0,64,0,19,71,0,90,176,0,176,266
03/28/2007,LEB,NH,ANE,EN,Federal Contract Tower,0,7,5,3,15,0,9,54,0,63,0,16,59,3,78,86,6,92,170
03/29/2007,LEB,NH,ANE,EN,Federal Contract Tower,0,12,12,0,24,0,9,49,3,61,0,21,61,3,85,160,6,166,251
03/30/2007,LEB,NH,ANE,EN,Federal Contract Tower,0,10,6,1,17,0,12,59,1,72,0,22,65,2,89,224,8,232,321
03/31/2007,LEB,NH,ANE,EN,Federal Contract Tower,0,4,7,0,11,0,22,51,0,73,0,26,58,0,84,262,0,262,346
04/01/2007,LEB,NH,ANE,EN,Federal Contract Tower,0,7,9,0,16,0,1,68,0,69,0,8,77,0,85,138,0,138,223
04/02/2007,LEB,NH,ANE,EN,Federal Contract Tower,0,11,3,0,14,0,1,19,0,20,0,12,22,0,34,66,0,66,100
04/03/2007,LEB,NH,ANE,EN,Federal Contract Tower,0,11,9,0,20,0,3,44,0,47,0,14,53,0,67,284,0,284,351
04/04/2007,LEB,NH,ANE,EN,Federal Contract Tower,0,5,12,0,17,0,0,5,0,5,0,5,17,0,22,40,0,40,62
04/05/2007,LEB,NH,ANE,EN,Federal Contract Tower,0,7,7,0,14,0,0,0,0,0,0,7,7,0,14,0,0,0,14
04/06/2007,LEB,NH,ANE,EN,Federal Contract Tower,0,14,12,0,26,0,4,27,0,31,0,18,39,0,57,106,0,106,163
04/07/2007,LEB,NH,ANE,EN,Federal Contract Tower,0,8,9,0,17,0,7,36,0,43,0,15,45,0,60,108,0,108,168
04/08/2007,LEB,NH,ANE,EN,Federal Contract Tower,0,11,5,0,16,0,5,41,0,46,0,16,46,0,62,40,0,40,102
04/09/2007,LEB,NH,ANE,EN,Federal Contract Tower,0,9,12,0,21,0,7,29,0,36,0,16,41,0,57,54,0,54,111
04/10/2007,LEB,NH,ANE,EN,Federal Contract Tower,0,15,10,0,25,0,7,62,0,69,0,22,72,0,94,122,0,122,216
04/11/2007,LEB,NH,ANE,EN,Federal Contract Tower,0,8,5,0,13,0,8,94,0,102,0,16,99,0,115,168,0,168,283
04/12/2007,LEB,NH,ANE,EN,Federal Contract Tower,0,5,2,0,7,0,0,0,0,0,0,5,2,0,7,0,0,0,7
04/13/2007,LEB,NH,ANE,EN,Federal Contract Tower,0,12,0,0,12,0,0,14,0,14,0,12,14,0,26,64,0,64,90
04/14/2007,LEB,NH,ANE,EN,Federal Contract Tower,0,8,7,0,15,0,2,6,0,8,0,10,13,0,23,34,0,34,57
04/15/2007,LEB,NH,ANE,EN,Federal Contract Tower,0,2,3,0,5,0,0,0,0,0,0,2,3,0,5,0,0,0,5
04/16/2007,LEB,NH,ANE,EN,Federal Contract Tower,0,5,5,0,10,0,0,0,0,0,0,5,5,0,10,18,0,18,28
04/17/2007,LEB,NH,ANE,EN,Federal Contract Tower,0,17,4,0,21,0,2,2,0,4,0,19,6,0,25,28,0,28,53
04/18/2007,LEB,NH,ANE,EN,Federal Contract Tower,0,11,6,0,17,0,0,9,0,9,0,11,15,0,26,56,0,56,82
04/19/2007,LEB,NH,ANE,EN,Federal Contract Tower,0,15,15,0,30,0,6,63,0,69,0,21,78,0,99,164,0,164,263
04/20/2007,LEB,NH,ANE,EN,Federal Contract Tower,0,14,18,0,32,0,2,69,0,71,0,16,87,0,103,178,8,186,289
04/21/2007,LEB,NH,ANE,EN,Federal Contract Tower,0,17,16,0,33,0,20,68,0,88,0,37,84,0,121,128,0,128,249
04/22/2007,LEB,NH,ANE,EN,Federal Contract Tower,0,14,9,0,23,0,13,77,0,90,0,27,86,0,113,108,0,108,221
04/23/2007,LEB,NH,ANE,EN,Federal Contract Tower,0,10,3,0,13,0,20,68,0,88,0,30,71,0,101,154,0,154,255
04/24/2007,LEB,NH,ANE,EN,Federal Contract Tower,0,12,6,0,18,0,11,77,0,88,0,23,83,0,106,280,0,280,386
04/25/2007,LEB,NH,ANE,EN,Federal Contract Tower,0,11,10,0,21,0,9,63,0,72,0,20,73,0,93,116,0,116,209
04/26/2007,LEB,NH,ANE,EN,Federal Contract Tower,0,12,6,0,18,0,6,82,0,88,0,18,88,0,106,244,0,244,350
04/27/2007,LEB,NH,ANE,EN,Federal Contract Tower,0,12,14,0,26,0,0,3,0,3,0,12,17,0,29,66,0,66,95
04/28/2007,LEB,NH,ANE,EN,Federal Contract Tower,0,9,13,0,22,0,1,19,0,20,0,10,32,0,42,96,0,96,138
04/29/2007,LEB,NH,ANE,EN,Federal Contract Tower,0,8,24,0,32,0,1,3,0,4,0,9,27,0,36,0,0,0,36
04/30/2007,LEB,NH,ANE,EN,Federal Contract Tower,0,8,8,0,16,0,5,31,0,36,0,13,39,0,52,142,0,142,194
05/01/2007,LEB,NH,ANE,EN,Federal Contract Tower,0,8,10,0,18,0,18,93,2,113,0,26,103,2,131,242,6,248,379
05/02/2007,LEB,NH,ANE,EN,Federal Contract Tower,0,14,3,0,17,0,11,54,2,67,0,25,57,2,84,102,8,110,194
05/03/2007,LEB,NH,ANE,EN,Federal Contract Tower,0,12,12,0,24,0,6,83,0,89,0,18,95,0,113,194,0,194,307
05/04/2007,LEB,NH,ANE,EN,Federal Contract Tower,0,19,5,0,24,0,3,52,0,55,0,22,57,0,79,130,0,130,209
05/05/2007,LEB,NH,ANE,EN,Federal Contract Tower,0,14,13,0,27,0,4,76,0,80,0,18,89,0,107,92,0,92,199
05/06/2007,LEB,NH,ANE,EN,Federal Contract Tower,0,13,2,0,15,0,4,68,0,72,0,17,70,0,87,52,0,52,139
05/07/2007,LEB,NH,ANE,EN,Federal Contract Tower,0,10,8,0,18,0,10,59,2,71,0,20,67,2,89,108,8,116,205
05/08/2007,LEB,NH,ANE,EN,Federal Contract Tower,0,7,15,0,22,0,9,73,2,84,0,16,88,2,106,136,6,142,248
05/09/2007,LEB,NH,ANE,EN,Federal Contract Tower,0,14,16,0,30,0,9,83,2,94,0,23,99,2,124,122,0,122,246
05/10/2007,LEB,NH,ANE,EN,Federal Contract Tower,0,15,7,0,22,0,6,68,4,78,0,21,75,4,100,148,12,160,260
05/11/2007,LEB,NH,ANE,EN,Federal Contract Tower,0,12,12,0,24,0,12,47,0,59,0,24,59,0,83,74,0,74,157
05/12/2007,LEB,NH,ANE,EN,Federal Contract Tower,0,9,10,0,19,0,3,71,0,74,0,12,81,0,93,92,0,92,185
05/13/2007,LEB,NH,ANE,EN,Federal Contract Tower,0,11,9,0,20,0,13,78,0,91,0,24,87,0,111,120,0,120,231
05/14/2007,LEB,NH,ANE,EN,Federal Contract Tower,0,10,17,0,27,0,3,82,0,85,0,13,99,0,112,150,0,150,262
05/15/2007,LEB,NH,ANE,EN,Federal Contract Tower,0,9,11,0,20,0,3,52,0,55,0,12,63,0,75,84,0,84,159
05/16/2007,LEB,NH,ANE,EN,Federal Contract Tower,0,9,8,0,17,0,0,14,0,14,0,9,22,0,31,136,0,136,167
05/17/2007,LEB,NH,ANE,EN,Federal Contract Tower,0,16,14,0,30,0,2,40,0,42,0,18,54,0,72,108,0,108,180
05/18/2007,LEB,NH,ANE,EN,Federal Contract Tower,0,17,14,0,31,0,2,28,0,30,0,19,42,0,61,58,0,58,119
05/19/2007,LEB,NH,ANE,EN,Federal Contract Tower,0,7,9,0,16,0,0,0,0,0,0,7,9,0,16,0,0,0,16
05/20/2007,LEB,NH,ANE,EN,Federal Contract Tower,0,13,15,0,28,0,1,15,0,16,0,14,30,0,44,22,0,22,66
05/21/2007,LEB,NH,ANE,EN,Federal Contract Tower,0,14,11,0,25,0,2,53,0,55,0,16,64,0,80,58,0,58,138
05/22/2007,LEB,NH,ANE,EN,Federal Contract Tower,0,8,10,0,18,0,10,125,0,135,0,18,135,0,153,238,0,238,391
05/23/2007,LEB,NH,ANE,EN,Federal Contract Tower,0,13,9,0,22,0,3,91,0,94,0,16,100,0,116,168,6,174,290
05/24/2007,LEB,NH,ANE,EN,Federal Contract Tower,0,14,10,0,24,0,1,77,0,78,0,15,87,0,102,148,0,148,250
05/25/2007,LEB,NH,ANE,EN,Federal Contract Tower,0,18,13,0,31,0,0,33,0,33,0,18,46,0,64,126,2,128,192
05/26/2007,LEB,NH,ANE,EN,Federal Contract Tower,0,5,10,0,15,0,0,24,0,24,0,5,34,0,39,40,0,40,79
05/27/2007,LEB,NH,ANE,EN,Federal Contract Tower,0,9,6,0,15,0,3,43,0,46,0,12,49,0,61,48,0,48,109
05/28/2007,LEB,NH,ANE,EN,Federal Contract Tower,0,18,8,0,26,0,10,51,4,65,0,28,59,4,91,62,12,74,165
05/29/2007,LEB,NH,ANE,EN,Federal Contract Tower,0,12,13,0,25,0,8,80,0,88,0,20,93,0,113,166,0,166,279
05/30/2007,LEB,NH,ANE,EN,Federal Contract Tower,0,6,10,0,16,0,5,58,0,63,0,11,68,0,79,66,0,66,145
05/31/2007,LEB,NH,ANE,EN,Federal Contract Tower,0,14,12,0,26,0,2,24,0,26,0,16,36,0,52,36,0,36,88
06/01/2007,LEB,NH,ANE,EN,Federal Contract Tower,0,16,12,0,28,0,5,31,0,36,0,21,43,0,64,134,0,134,198
06/02/2007,LEB,NH,ANE,EN,Federal Contract Tower,0,6,14,0,20,0,8,30,0,38,0,14,44,0,58,98,0,98,156
06/03/2007,LEB,NH,ANE,EN,Federal Contract Tower,0,17,9,0,26,0,0,0,0,0,0,17,9,0,26,0,0,0,26
06/04/2007,LEB,NH,ANE,EN,Federal Contract Tower,0,7,5,0,12,0,0,0,0,0,0,7,5,0,12,0,0,0,12
06/05/2007,LEB,NH,ANE,EN,Federal Contract Tower,0,8,5,0,13,0,1,24,0,25,0,9,29,0,38,36,0,36,74
06/06/2007,LEB,NH,ANE,EN,Federal Contract Tower,0,9,8,2,19,0,9,58,0,67,0,18,66,2,86,117,0,117,203
06/07/2007,LEB,NH,ANE,EN,Federal Contract Tower,0,10,13,0,23,0,9,94,13,116,0,19,107,13,139,174,38,212,351
06/08/2007,LEB,NH,ANE,EN,Federal Contract Tower,0,10,18,0,28,0,7,48,0,55,0,17,66,0,83,97,0,97,180
06/09/2007,LEB,NH,ANE,EN,Federal Contract Tower,0,14,24,0,38,0,8,23,0,31,0,22,47,0,69,94,0,94,163
06/10/2007,LEB,NH,ANE,EN,Federal Contract Tower,0,19,14,0,33,0,11,17,2,30,0,30,31,2,63,30,0,30,93
06/11/2007,LEB,NH,ANE,EN,Federal Contract Tower,0,11,14,0,25,0,13,28,0,41,0,24,42,0,66,100,0,100,166
06/12/2007,LEB,NH,ANE,EN,Federal Contract Tower,0,5,10,0,15,0,6,71,0,77,0,11,81,0,92,131,0,131,223
06/13/2007,LEB,NH,ANE,EN,Federal Contract Tower,0,10,14,0,24,0,1,0,0,1,0,11,14,0,25,152,0,152,177
06/14/2007,LEB,NH,ANE,EN,Federal Contract Tower,0,16,17,0,33,0,5,65,2,72,0,21,82,2,105,140,4,144,249
06/15/2007,LEB,NH,ANE,EN,Federal Contract Tower,0,14,14,0,28,0,8,84,4,96,0,22,98,4,124,122,6,128,252
06/16/2007,LEB,NH,ANE,EN,Federal Contract Tower,0,8,11,0,19,0,7,53,4,64,0,15,64,4,83,88,0,88,171
06/17/2007,LEB,NH,ANE,EN,Federal Contract Tower,0,18,11,0,29,0,7,60,4,71,0,25,71,4,100,74,0,74,174
06/18/2007,LEB,NH,ANE,EN,Federal Contract Tower,0,14,16,0,30,0,10,68,0,78,0,24,84,0,108,134,0,134,242
06/19/2007,LEB,NH,ANE,EN,Federal Contract Tower,0,17,13,0,30,0,18,66,0,84,0,35,79,0,114,174,0,174,288
06/20/2007,LEB,NH,ANE,EN,Federal Contract Tower,0,19,19,0,38,0,8,40,0,48,0,27,59,0,86,144,0,144,230
06/21/2007,LEB,NH,ANE,EN,Federal Contract Tower,0,12,15,0,27,0,8,64,2,74,0,20,79,2,101,146,0,146,247
06/22/2007,LEB,NH,ANE,EN,Federal Contract Tower,0,8,19,0,27,0,19,55,0,74,0,27,74,0,101,206,0,206,307
06/23/2007,LEB,NH,ANE,EN,Federal Contract Tower,0,17,18,0,35,0,17,20,0,37,0,34,38,0,72,30,0,30,102
06/24/2007,LEB,NH,ANE,EN,Federal Contract Tower,0,10,25,0,35,0,8,73,2,83,0,18,98,2,118,88,8,96,214
06/25/2007,LEB,NH,ANE,EN,Federal Contract Tower,0,8,12,2,22,0,4,70,2,76,0,12,82,4,98,170,0,170,268
06/26/2007,LEB,NH,ANE,EN,Federal Contract Tower,0,11,18,0,29,0,14,87,0,101,0,25,105,0,130,258,0,258,388
06/27/2007,LEB,NH,ANE,EN,Federal Contract Tower,0,15,16,0,31,0,10,63,0,73,0,25,79,0,104,143,0,143,247
06/28/2007,LEB,NH,ANE,EN,Federal Contract Tower,0,11,16,2,29,0,10,57,0,67,0,21,73,2,96,193,4,197,293
06/29/2007,LEB,NH,ANE,EN,Federal Contract Tower,0,16,14,1,31,0,3,38,1,42,0,19,52,2,73,114,4,118,191
06/30/2007,LEB,NH,ANE,EN,Federal Contract Tower,0,7,11,0,18,0,6,44,0,50,0,13,55,0,68,81,0,81,149
07/01/2007,LEB,NH,ANE,EN,Federal Contract Tower,0,11,15,0,26,0,12,60,0,72,0,23,75,0,98,70,0,70,168
07/02/2007,LEB,NH,ANE,EN,Federal Contract Tower,0,6,8,0,14,0,23,45,0,68,0,29,53,0,82,234,0,234,316
07/03/2007,LEB,NH,ANE,EN,Federal Contract Tower,0,11,7,0,18,0,7,60,0,67,0,18,67,0,85,204,0,204,289
07/04/2007,LEB,NH,ANE,EN,Federal Contract Tower,0,4,10,0,14,0,11,58,0,69,0,15,68,0,83,88,0,88,171
07/05/2007,LEB,NH,ANE,EN,Federal Contract Tower,0,9,14,0,23,0,1,46,0,47,0,10,60,0,70,150,0,150,220
07/06/2007,LEB,NH,ANE,EN,Federal Contract Tower,0,12,12,0,24,0,0,12,0,12,0,12,24,0,36,60,0,60,96
07/07/2007,LEB,NH,ANE,EN,Federal Contract Tower,0,4,16,0,20,0,11,43,0,54,0,15,59,0,74,74,0,74,148
07/08/2007,LEB,NH,ANE,EN,Federal Contract Tower,0,20,15,0,35,0,10,64,0,74,0,30,79,0,109,74,0,74,183
07/09/2007,LEB,NH,ANE,EN,Federal Contract Tower,0,5,6,0,11,0,10,48,0,58,0,15,54,0,69,148,0,148,217
07/10/2007,LEB,NH,ANE,EN,Federal Contract Tower,0,2,7,0,9,0,6,36,0,42,0,8,43,0,51,120,0,120,171
07/11/2007,LEB,NH,ANE,EN,Federal Contract Tower,0,8,13,0,21,0,6,21,0,27,0,14,34,0,48,70,0,70,118
07/12/2007,LEB,NH,ANE,EN,Federal Contract Tower,0,9,18,0,27,0,9,55,0,64,0,18,73,0,91,122,0,122,213
07/13/2007,LEB,NH,ANE,EN,Federal Contract Tower,0,16,18,0,34,0,4,44,0,48,0,20,62,0,82,74,0,74,156
07/14/2007,LEB,NH,ANE,EN,Federal Contract Tower,0,10,17,1,28,0,18,66,2,86,0,28,83,3,114,72,0,72,186
07/15/2007,LEB,NH,ANE,EN,Federal Contract Tower,0,15,23,0,38,0,5,9,0,14,0,20,32,0,52,34,0,34,86
07/16/2007,LEB,NH,ANE,EN,Federal Contract Tower,0,9,16,0,25,0,16,78,0,94,0,25,94,0,119,142,0,142,261
07/17/2007,LEB,NH,ANE,EN,Federal Contract Tower,0,10,13,0,23,0,15,76,0,91,0,25,89,0,114,148,0,148,262
07/18/2007,LEB,NH,ANE,EN,Federal Contract Tower,0,10,24,0,34,0,4,2,0,6,0,14,26,0,40,8,0,8,48
07/19/2007,LEB,NH,ANE,EN,Federal Contract Tower,0,15,22,0,37,0,1,1,0,2,0,16,23,0,39,0,0,0,39
07/20/2007,LEB,NH,ANE,EN,Federal Contract Tower,0,25,17,0,42,0,3,41,0,44,0,28,58,0,86,84,0,84,170
07/21/2007,LEB,NH,ANE,EN,Federal Contract Tower,0,6,10,0,16,0,10,44,0,54,0,16,54,0,70,90,1,91,161
07/22/2007,LEB,NH,ANE,EN,Federal Contract Tower,0,27,26,0,53,0,13,113,0,126,0,40,139,0,179,118,0,118,297
07/23/2007,LEB,NH,ANE,EN,Federal Contract Tower,0,10,19,0,29,0,23,53,0,76,0,33,72,0,105,178,0,178,283
07/24/2007,LEB,NH,ANE,EN,Federal Contract Tower,0,11,17,0,28,0,19,58,0,77,0,30,75,0,105,144,3,147,252
07/25/2007,LEB,NH,ANE,EN,Federal Contract Tower,0,8,16,0,24,0,17,72,3,92,0,25,88,3,116,166,0,166,282
07/26/2007,LEB,NH,ANE,EN,Federal Contract Tower,0,17,12,0,29,0,9,70,0,79,0,26,82,0,108,130,0,130,238
07/27/2007,LEB,NH,ANE,EN,Federal Contract Tower,0,13,28,0,41,0,6,58,0,64,0,19,86,0,105,104,0,104,209
07/28/2007,LEB,NH,ANE,EN,Federal Contract Tower,0,12,11,0,23,0,11,29,0,40,0,23,40,0,63,68,0,68,131
07/29/2007,LEB,NH,ANE,EN,Federal Contract Tower,0,10,12,0,22,0,4,78,0,82,0,14,90,0,104,54,0,54,158
07/30/2007,LEB,NH,ANE,EN,Federal Contract Tower,0,10,21,0,31,0,19,74,0,93,0,29,95,0,124,136,0,136,260
07/31/2007,LEB,NH,ANE,EN,Federal Contract Tower,0,10,11,0,21,0,25,87,0,112,0,35,98,0,133,204,4,208,341
08/01/2007,LEB,NH,ANE,EN,Federal Contract Tower,0,13,17,0,30,0,10,110,0,120,0,23,127,0,150,210,0,210,360
08/02/2007,LEB,NH,ANE,EN,Federal Contract Tower,0,8,13,0,21,0,11,143,0,154,0,19,156,0,175,190,0,190,365
08/03/2007,LEB,NH,ANE,EN,Federal Contract Tower,0,14,17,0,31,0,17,81,0,98,0,31,98,0,129,152,0,152,281
08/04/2007,LEB,NH,ANE,EN,Federal Contract Tower,0,12,21,0,33,0,27,94,0,121,0,39,115,0,154,164,0,164,318
08/05/2007,LEB,NH,ANE,EN,Federal Contract Tower,0,14,20,0,34,0,18,110,2,130,0,32,130,2,164,122,5,127,291
08/06/2007,LEB,NH,ANE,EN,Federal Contract Tower,0,8,14,0,22,0,7,9,0,16,0,15,23,0,38,15,0,15,53
08/07/2007,LEB,NH,ANE,EN,Federal Contract Tower,0,12,16,0,28,0,21,65,2,88,0,33,81,2,116,154,8,162,278
08/08/2007,LEB,NH,ANE,EN,Federal Contract Tower,0,12,18,0,30,0,9,43,0,52,0,21,61,0,82,106,0,106,188
08/09/2007,LEB,NH,ANE,EN,Federal Contract Tower,0,12,15,0,27,0,7,125,8,140,0,19,140,8,167,306,18,324,491
08/10/2007,LEB,NH,ANE,EN,Federal Contract Tower,0,19,22,0,41,0,16,101,0,117,0,35,123,0,158,224,0,224,382
08/11/2007,LEB,NH,ANE,EN,Federal Contract Tower,0,16,6,1,23,0,31,88,5,124,0,47,94,6,147,138,18,156,303
08/12/2007,LEB,NH,ANE,EN,Federal Contract Tower,0,24,9,0,33,0,10,76,0,86,0,34,85,0,119,88,0,88,207
08/13/2007,LEB,NH,ANE,EN,Federal Contract Tower,0,13,8,0,21,0,18,89,0,107,0,31,97,0,128,180,0,180,308
08/14/2007,LEB,NH,ANE,EN,Federal Contract Tower,0,15,17,0,32,0,4,101,2,107,0,19,118,2,139,86,0,86,225
08/15/2007,LEB,NH,ANE,EN,Federal Contract Tower,0,12,10,1,23,0,5,60,6,71,0,17,70,7,94,84,6,90,184
08/16/2007,LEB,NH,ANE,EN,Federal Contract Tower,0,16,9,0,25,0,32,78,0,110,0,48,87,0,135,128,0,128,263
08/17/2007,LEB,NH,ANE,EN,Federal Contract Tower,0,10,16,0,26,0,23,57,8,88,0,33,73,8,114,124,6,130,244
08/18/2007,LEB,NH,ANE,EN,Federal Contract Tower,0,12,15,0,27,0,33,176,6,215,0,45,191,6,242,196,10,206,448
08/19/2007,LEB,NH,ANE,EN,Federal Contract Tower,0,11,20,0,31,0,30,108,3,141,0,41,128,3,172,70,1,71,243
08/20/2007,LEB,NH,ANE,EN,Federal Contract Tower,0,14,7,0,21,0,13,70,0,83,0,27,77,0,104,64,0,64,168
08/21/2007,LEB,NH,ANE,EN,Federal Contract Tower,0,12,18,0,30,0,5,56,0,61,0,17,74,0,91,64,0,64,155
08/22/2007,LEB,NH,ANE,EN,Federal Contract Tower,0,10,10,0,20,0,3,55,4,62,0,13,65,4,82,98,2,100,182
08/23/2007,LEB,NH,ANE,EN,Federal Contract Tower,0,7,17,1,25,0,24,49,1,74,0,31,66,2,99,58,0,58,157
08/24/2007,LEB,NH,ANE,EN,Federal Contract Tower,0,11,18,0,29,0,35,90,1,126,0,46,108,1,155,144,0,144,299
08/25/2007,LEB,NH,ANE,EN,Federal Contract Tower,0,11,5,0,16,0,18,41,0,59,0,29,46,0,75,74,0,74,149
08/26/2007,LEB,NH,ANE,EN,Federal Contract Tower,0,10,15,0,25,0,31,95,0,126,0,41,110,0,151,94,0,94,245
08/27/2007,LEB,NH,ANE,EN,Federal Contract Tower,0,9,17,0,26,0,15,99,0,114,0,24,116,0,140,68,0,68,208
08/28/2007,LEB,NH,ANE,EN,Federal Contract Tower,0,13,12,0,25,0,10,76,2,88,0,23,88,2,113,98,0,98,211
08/29/2007,LEB,NH,ANE,EN,Federal Contract Tower,0,10,10,0,20,0,20,105,2,127,0,30,115,2,147,116,2,118,265
08/30/2007,LEB,NH,ANE,EN,Federal Contract Tower,0,9,14,0,23,0,23,55,0,78,0,32,69,0,101,150,0,150,251
08/31/2007,LEB,NH,ANE,EN,Federal Contract Tower,0,15,13,0,28,0,15,56,0,71,0,30,69,0,99,118,0,118,217
09/01/2007,LEB,NH,ANE,EN,Federal Contract Tower,0,7,9,0,16,0,37,69,0,106,0,44,78,0,122,70,0,70,192
09/02/2007,LEB,NH,ANE,EN,Federal Contract Tower,0,7,5,1,13,0,25,70,1,96,0,32,75,2,109,68,0,68,177
09/03/2007,LEB,NH,ANE,EN,Federal Contract Tower,0,9,7,0,16,0,23,33,0,56,0,32,40,0,72,78,0,78,150
09/04/2007,LEB,NH,ANE,EN,Federal Contract Tower,0,8,16,0,24,0,18,53,0,71,0,26,69,0,95,62,0,62,157
09/05/2007,LEB,NH,ANE,EN,Federal Contract Tower,0,9,26,0,35,0,8,57,2,67,0,17,83,2,102,88,0,88,190
09/06/2007,LEB,NH,ANE,EN,Federal Contract Tower,0,13,9,0,22,0,27,64,0,91,0,40,73,0,113,118,2,120,233
09/07/2007,LEB,NH,ANE,EN,Federal Contract Tower,0,16,8,0,24,0,24,80,0,104,0,40,88,0,128,114,0,114,242
09/08/2007,LEB,NH,ANE,EN,Federal Contract Tower,0,11,13,0,24,0,31,52,0,83,0,42,65,0,107,78,0,78,185
09/09/2007,LEB,NH,ANE,EN,Federal Contract Tower,0,9,25,0,34,0,0,0,0,0,0,9,25,0,34,10,0,10,44
09/10/2007,LEB,NH,ANE,EN,Federal Contract Tower,0,8,7,0,15,0,3,14,0,17,0,11,21,0,32,0,0,0,32
09/11/2007,LEB,NH,ANE,EN,Federal Contract Tower,0,11,14,0,25,0,10,0,0,10,0,21,14,0,35,0,0,0,35
09/12/2007,LEB,NH,ANE,EN,Federal Contract Tower,0,15,18,0,33,0,8,35,0,43,0,23,53,0,76,30,0,30,106
09/13/2007,LEB,NH,ANE,EN,Federal Contract Tower,0,10,17,0,27,0,23,83,0,106,0,33,100,0,133,126,0,126,259
09/14/2007,LEB,NH,ANE,EN,Federal Contract Tower,0,11,14,0,25,0,19,55,0,74,0,30,69,0,99,54,0,54,153
09/15/2007,LEB,NH,ANE,EN,Federal Contract Tower,0,9,11,0,20,0,26,40,0,66,0,35,51,0,86,52,0,52,138
09/16/2007,LEB,NH,ANE,EN,Federal Contract Tower,0,13,12,0,25,0,23,113,4,140,0,36,125,4,165,118,0,118,283
09/17/2007,LEB,NH,ANE,EN,Federal Contract Tower,0,11,16,2,29,0,20,80,0,100,0,31,96,2,129,82,0,82,211
09/18/2007,LEB,NH,ANE,EN,Federal Contract Tower,0,8,23,0,31,0,3,64,0,67,0,11,87,0,98,50,0,50,148
09/19/2007,LEB,NH,ANE,EN,Federal Contract Tower,0,11,8,0,19,0,10,46,4,60,0,21,54,4,79,34,0,34,113
09/20/2007,LEB,NH,ANE,EN,Federal Contract Tower,0,7,13,0,20,0,14,71,0,85,0,21,84,0,105,80,0,80,185
09/21/2007,LEB,NH,ANE,EN,Federal Contract Tower,0,12,19,1,32,0,17,64,5,86,0,29,83,6,118,68,0,68,186
09/22/2007,LEB,NH,ANE,EN,Federal Contract Tower,0,9,10,0,19,0,27,51,4,82,0,36,61,4,101,70,0,70,171
09/23/2007,LEB,NH,ANE,EN,Federal Contract Tower,0,8,17,0,25,0,21,98,0,119,0,29,115,0,144,108,0,108,252
09/24/2007,LEB,NH,ANE,EN,Federal Contract Tower,0,10,13,0,23,0,18,95,0,113,0,28,108,0,136,76,0,76,212
09/25/2007,LEB,NH,ANE,EN,Federal Contract Tower,0,9,14,0,23,0,10,101,1,112,0,19,115,1,135,114,0,114,249
09/26/2007,LEB,NH,ANE,EN,Federal Contract Tower,0,17,10,0,27,0,6,63,0,69,0,23,73,0,96,164,0,164,260
09/27/2007,LEB,NH,ANE,EN,Federal Contract Tower,0,21,21,0,42,0,8,14,0,22,0,29,35,0,64,22,0,22,86
09/28/2007,LEB,NH,ANE,EN,Federal Contract Tower,0,21,20,0,41,0,10,47,2,59,0,31,67,2,100,76,0,76,176
09/29/2007,LEB,NH,ANE,EN,Federal Contract Tower,0,13,10,0,23,0,29,34,0,63,0,42,44,0,86,84,0,84,170
09/30/2007,LEB,NH,ANE,EN,Federal Contract Tower,0,15,20,0,35,0,14,90,4,108,0,29,110,4,143,104,2,106,249
10/01/2007,LEB,NH,ANE,EN,Federal Contract Tower,0,19,24,0,43,0,7,79,0,86,0,26,103,0,129,130,0,130,259
10/02/2007,LEB,NH,ANE,EN,Federal Contract Tower,0,13,11,2,26,0,4,50,2,56,0,17,61,4,82,32,10,42,124
10/03/2007,LEB,NH,ANE,EN,Federal Contract Tower,0,22,17,0,39,0,10,37,2,49,0,32,54,2,88,76,0,76,164
10/04/2007,LEB,NH,ANE,EN,Federal Contract Tower,0,23,23,3,49,0,25,91,1,117,0,48,114,4,166,89,0,89,255
10/05/2007,LEB,NH,ANE,EN,Federal Contract Tower,0,10,13,0,23,0,13,100,0,113,0,23,113,0,136,96,0,96,232
10/06/2007,LEB,NH,ANE,EN,Federal Contract Tower,0,12,16,0,28,0,16,23,2,41,0,28,39,2,69,48,0,48,117
10/07/2007,LEB,NH,ANE,EN,Federal Contract Tower,0,9,16,0,25,0,16,82,0,98,0,25,98,0,123,66,0,66,189
10/08/2007,LEB,NH,ANE,EN,Federal Contract Tower,0,22,26,0,48,0,0,1,0,1,0,22,27,0,49,12,0,12,61
10/09/2007,LEB,NH,ANE,EN,Federal Contract Tower,0,11,13,0,24,0,3,51,2,56,0,14,64,2,80,88,10,98,178
10/10/2007,LEB,NH,ANE,EN,Federal Contract Tower,0,22,19,0,41,0,2,6,0,8,0,24,25,0,49,6,0,6,55
10/11/2007,LEB,NH,ANE,EN,Federal Contract Tower,0,19,20,0,39,0,9,32,0,41,0,28,52,0,80,50,0,50,130
10/12/2007,LEB,NH,ANE,EN,Federal Contract Tower,0,17,19,0,36,0,0,0,0,0,0,17,19,0,36,0,0,0,36
10/13/2007,LEB,NH,ANE,EN,Federal Contract Tower,0,9,21,0,30,0,23,38,2,63,0,32,59,2,93,54,0,54,147
10/14/2007,LEB,NH,ANE,EN,Federal Contract Tower,0,9,16,0,25,0,20,59,0,79,0,29,75,0,104,82,0,82,186
10/15/2007,LEB,NH,ANE,EN,Federal Contract Tower,0,12,19,2,33,0,12,90,0,102,0,24,109,2,135,154,0,154,289
10/16/2007,LEB,NH,ANE,EN,Federal Contract Tower,0,11,15,0,26,0,11,80,0,91,0,22,95,0,117,102,0,102,219
10/17/2007,LEB,NH,ANE,EN,Federal Contract Tower,0,12,15,0,27,0,5,52,0,57,0,17,67,0,84,84,0,84,168
10/18/2007,LEB,NH,ANE,EN,Federal Contract Tower,0,18,31,0,49,0,12,45,2,59,0,30,76,2,108,86,0,86,194
10/19/2007,LEB,NH,ANE,EN,Federal Contract Tower,0,13,25,0,38,0,6,21,0,27,0,19,46,0,65,22,0,22,87
10/20/2007,LEB,NH,ANE,EN,Federal Contract Tower,0,5,31,0,36,0,21,32,0,53,0,26,63,0,89,50,0,50,139
10/21/2007,LEB,NH,ANE,EN,Federal Contract Tower,0,16,17,0,33,0,19,143,0,162,0,35,160,0,195,110,0,110,305
10/22/2007,LEB,NH,ANE,EN,Federal Contract Tower,0,12,8,0,20,0,16,115,0,131,0,28,123,0,151,146,0,146,297
10/23/2007,LEB,NH,ANE,EN,Federal Contract Tower,0,13,7,0,20,0,4,34,0,38,0,17,41,0,58,44,0,44,102
10/24/2007,LEB,NH,ANE,EN,Federal Contract Tower,0,10,11,0,21,0,21,36,2,59,0,31,47,2,80,46,0,46,126
10/25/2007,LEB,NH,ANE,EN,Federal Contract Tower,0,13,20,0,33,0,28,75,10,113,0,41,95,10,146,94,2,96,242
10/26/2007,LEB,NH,ANE,EN,Federal Contract Tower,0,14,18,1,33,0,11,72,2,85,0,25,90,3,118,50,0,50,168
10/27/2007,LEB,NH,ANE,EN,Federal Contract Tower,0,8,2,0,10,0,0,0,0,0,0,8,2,0,10,0,0,0,10
10/28/2007,LEB,NH,ANE,EN,Federal Contract Tower,0,2,9,0,11,0,15,34,0,49,0,17,43,0,60,46,0,46,106
10/29/2007,LEB,NH,ANE,EN,Federal Contract Tower,0,14,10,0,24,0,17,89,0,106,0,31,99,0,130,112,0,112,242
10/30/2007,LEB,NH,ANE,EN,Federal Contract Tower,0,15,9,0,24,0,9,64,0,73,0,24,73,0,97,116,0,116,213
10/31/2007,LEB,NH,ANE,EN,Federal Contract Tower,0,13,14,0,27,0,3,45,0,48,0,16,59,0,75,62,0,62,137
11/01/2007,LEB,NH,ANE,EN,Federal Contract Tower,0,16,22,0,38,0,19,42,4,65,0,35,64,4,103,100,0,100,203
11/02/2007,LEB,NH,ANE,EN,Federal Contract Tower,0,17,15,1,33,0,11,63,1,75,0,28,78,2,108,92,0,92,200
11/03/2007,LEB,NH,ANE,EN,Federal Contract Tower,0,8,8,0,16,0,7,19,1,27,0,15,27,1,43,22,0,22,65
11/04/2007,LEB,NH,ANE,EN,Federal Contract Tower,0,16,10,0,26,0,15,57,2,74,0,31,67,2,100,68,0,68,168
11/05/2007,LEB,NH,ANE,EN,Federal Contract Tower,0,11,13,0,24,0,4,60,0,64,0,15,73,0,88,80,0,80,168
11/06/2007,LEB,NH,ANE,EN,Federal Contract Tower,0,13,15,0,28,0,6,41,0,47,0,19,56,0,75,42,0,42,117
11/07/2007,LEB,NH,ANE,EN,Federal Contract Tower,0,13,6,0,19,0,15,43,0,58,0,28,49,0,77,54,0,54,131
11/08/2007,LEB,NH,ANE,EN,Federal Contract Tower,0,16,9,5,30,0,35,20,0,55,0,51,29,5,85,78,0,78,163
11/09/2007,LEB,NH,ANE,EN,Federal Contract Tower,0,18,13,0,31,0,11,41,2,54,0,29,54,2,85,148,0,148,233
11/10/2007,LEB,NH,ANE,EN,Federal Contract Tower,0,18,7,0,25,0,33,33,0,66,0,51,40,0,91,84,0,84,175
11/11/2007,LEB,NH,ANE,EN,Federal Contract Tower,0,7,9,0,16,0,8,69,0,77,0,15,78,0,93,76,0,76,169
11/12/2007,LEB,NH,ANE,EN,Federal Contract Tower,0,14,16,0,30,0,16,60,0,76,0,30,76,0,106,70,0,70,176
11/13/2007,LEB,NH,ANE,EN,Federal Contract Tower,0,14,8,0,22,0,1,45,0,46,0,15,53,0,68,80,0,80,148
11/14/2007,LEB,NH,ANE,EN,Federal Contract Tower,0,11,12,0,23,0,13,55,0,68,0,24,67,0,91,128,0,128,219
11/15/2007,LEB,NH,ANE,EN,Federal Contract Tower,0,14,8,0,22,0,0,11,0,11,0,14,19,0,33,56,0,56,89
11/16/2007,LEB,NH,ANE,EN,Federal Contract Tower,0,15,21,0,36,0,4,20,0,24,0,19,41,0,60,64,0,64,124
11/17/2007,LEB,NH,ANE,EN,Federal Contract Tower,0,12,12,0,24,0,10,33,2,45,0,22,45,2,69,34,0,34,103
11/18/2007,LEB,NH,ANE,EN,Federal Contract Tower,0,6,11,0,17,0,27,73,0,100,0,33,84,0,117,90,0,90,207
11/19/2007,LEB,NH,ANE,EN,Federal Contract Tower,0,13,11,0,24,0,14,71,0,85,0,27,82,0,109,78,0,78,187
11/20/2007,LEB,NH,ANE,EN,Federal Contract Tower,0,16,9,0,25,0,0,0,0,0,0,16,9,0,25,0,0,0,25
11/21/2007,LEB,NH,ANE,EN,Federal Contract Tower,0,10,16,0,26,0,0,9,0,9,0,10,25,0,35,46,0,46,81
11/22/2007,LEB,NH,ANE,EN,Federal Contract Tower,0,5,1,0,6,0,3,0,0,3,0,8,1,0,9,0,0,0,9
11/23/2007,LEB,NH,ANE,EN,Federal Contract Tower,0,11,0,0,11,0,18,45,0,63,0,29,45,0,74,28,0,28,102
11/24/2007,LEB,NH,ANE,EN,Federal Contract Tower,0,9,18,0,27,0,20,46,0,66,0,29,64,0,93,34,0,34,127
11/25/2007,LEB,NH,ANE,EN,Federal Contract Tower,0,21,30,0,51,0,13,83,2,98,0,34,113,2,149,96,0,96,245
11/26/2007,LEB,NH,ANE,EN,Federal Contract Tower,0,8,9,0,17,0,0,2,0,2,0,8,11,0,19,4,0,4,23
11/27/2007,LEB,NH,ANE,EN,Federal Contract Tower,0,14,2,2,18,0,4,37,0,41,0,18,39,2,59,96,0,96,155
11/28/2007,LEB,NH,ANE,EN,Federal Contract Tower,0,7,8,0,15,0,8,72,0,80,0,15,80,0,95,76,0,76,171
11/29/2007,LEB,NH,ANE,EN,Federal Contract Tower,0,14,11,0,25,0,18,33,2,53,0,32,44,2,78,184,0,184,262
11/30/2007,LEB,NH,ANE,EN,Federal Contract Tower,0,13,11,0,24,0,19,44,0,63,0,32,55,0,87,126,0,126,213
12/01/2007,LEB,NH,ANE,EN,Federal Contract Tower,0,4,3,0,7,0,18,11,2,31,0,22,14,2,38,0,4,4,42
12/02/2007,LEB,NH,ANE,EN,Federal Contract Tower,0,11,9,2,22,0,11,34,0,45,0,22,43,2,67,52,0,52,119
12/03/2007,LEB,NH,ANE,EN,Federal Contract Tower,0,4,5,0,9,0,0,1,0,1,0,4,6,0,10,30,0,30,40
12/04/2007,LEB,NH,ANE,EN,Federal Contract Tower,0,8,8,0,16,0,1,11,0,12,0,9,19,0,28,36,0,36,64
12/05/2007,LEB,NH,ANE,EN,Federal Contract Tower,0,12,4,0,16,0,11,31,0,42,0,23,35,0,58,40,0,40,98
12/06/2007,LEB,NH,ANE,EN,Federal Contract Tower,0,12,9,0,21,0,20,50,2,72,0,32,59,2,93,140,0,140,233
12/07/2007,LEB,NH,ANE,EN,Federal Contract Tower,0,12,8,0,20,0,6,27,0,33,0,18,35,0,53,114,0,114,167
12/08/2007,LEB,NH,ANE,EN,Federal Contract Tower,0,6,4,0,10,0,16,8,2,26,0,22,12,2,36,22,0,22,58
12/09/2007,LEB,NH,ANE,EN,Federal Contract Tower,0,10,3,0,13,0,8,65,0,73,0,18,68,0,86,106,0,106,192
12/10/2007,LEB,NH,ANE,EN,Federal Contract Tower,0,14,22,0,36,0,6,49,0,55,0,20,71,0,91,116,0,116,207
12/11/2007,LEB,NH,ANE,EN,Federal Contract Tower,0,9,2,1,12,0,2,27,0,29,0,11,29,1,41,92,0,92,133
12/12/2007,LEB,NH,ANE,EN,Federal Contract Tower,0,7,7,0,14,0,8,17,0,25,0,15,24,0,39,24,0,24,63
12/13/2007,LEB,NH,ANE,EN,Federal Contract Tower,0,6,9,0,15,0,0,5,0,5,0,6,14,0,20,6,0,6,26
12/14/2007,LEB,NH,ANE,EN,Federal Contract Tower,0,10,5,0,15,0,0,3,0,3,0,10,8,0,18,0,0,0,18
12/15/2007,LEB,NH,ANE,EN,Federal Contract Tower,0,9,6,1,16,0,11,30,2,43,0,20,36,3,59,40,0,40,99
12/16/2007,LEB,NH,ANE,EN,Federal Contract Tower,0,0,0,0,0,0,0,0,0,0,0,0,0,0,0,0,0,0,0
12/17/2007,LEB,NH,ANE,EN,Federal Contract Tower,0,14,8,0,22,0,4,38,0,42,0,18,46,0,64,22,0,22,86
12/18/2007,LEB,NH,ANE,EN,Federal Contract Tower,0,11,13,0,24,0,10,47,0,57,0,21,60,0,81,56,0,56,137
12/19/2007,LEB,NH,ANE,EN,Federal Contract Tower,0,14,14,0,28,0,3,33,0,36,0,17,47,0,64,42,0,42,106
12/20/2007,LEB,NH,ANE,EN,Federal Contract Tower,0,8,6,0,14,0,0,0,0,0,0,8,6,0,14,0,0,0,14
12/21/2007,LEB,NH,ANE,EN,Federal Contract Tower,0,11,13,0,24,0,1,43,0,44,0,12,56,0,68,36,0,36,104
12/22/2007,LEB,NH,ANE,EN,Federal Contract Tower,0,7,9,0,16,0,5,4,2,11,0,12,13,2,27,0,0,0,27
12/23/2007,LEB,NH,ANE,EN,Federal Contract Tower,0,8,4,0,12,0,8,11,0,19,0,16,15,0,31,26,0,26,57
12/24/2007,LEB,NH,ANE,EN,Federal Contract Tower,0,8,8,0,16,0,13,13,0,26,0,21,21,0,42,0,0,0,42
12/25/2007,LEB,NH,ANE,EN,Federal Contract Tower,0,4,3,0,7,0,8,6,0,14,0,12,9,0,21,12,0,12,33
12/26/2007,LEB,NH,ANE,EN,Federal Contract Tower,0,11,10,0,21,0,15,57,0,72,0,26,67,0,93,98,0,98,191
12/27/2007,LEB,NH,ANE,EN,Federal Contract Tower,0,4,2,0,6,0,0,0,0,0,0,4,2,0,6,0,0,0,6
12/28/2007,LEB,NH,ANE,EN,Federal Contract Tower,0,12,8,0,20,0,1,22,0,23,0,13,30,0,43,60,0,60,103
12/29/2007,LEB,NH,ANE,EN,Federal Contract Tower,0,4,5,0,9,0,18,12,0,30,0,22,17,0,39,38,0,38,77
12/30/2007,LEB,NH,ANE,EN,Federal Contract Tower,0,11,13,2,26,0,13,59,4,76,0,24,72,6,102,60,18,78,180
12/31/2007,LEB,NH,ANE,EN,Federal Contract Tower,0,5,7,0,12,0,5,0,0,5,0,10,7,0,17,0,0,0,17
01/01/2008,LEB,NH,ANE,EN,Federal Contract Tower,0,3,4,0,7,0,3,0,0,3,0,6,4,0,10,0,0,0,10
01/02/2008,LEB,NH,ANE,EN,Federal Contract Tower,0,10,13,0,23,0,14,1,0,15,0,24,14,0,38,0,0,0,38
01/03/2008,LEB,NH,ANE,EN,Federal Contract Tower,0,12,4,0,16,0,8,37,0,45,0,20,41,0,61,50,0,50,111
01/04/2008,LEB,NH,ANE,EN,Federal Contract Tower,0,5,10,0,15,0,18,42,0,60,0,23,52,0,75,86,0,86,161
01/05/2008,LEB,NH,ANE,EN,Federal Contract Tower,0,8,5,0,13,0,17,32,2,51,0,25,37,2,64,102,0,102,166
01/06/2008,LEB,NH,ANE,EN,Federal Contract Tower,0,10,12,2,24,0,7,58,2,67,0,17,70,4,91,80,0,80,171
01/07/2008,LEB,NH,ANE,EN,Federal Contract Tower,0,10,8,0,18,0,2,48,0,50,0,12,56,0,68,90,0,90,158
01/08/2008,LEB,NH,ANE,EN,Federal Contract Tower,0,12,15,0,27,0,5,38,7,50,0,17,53,7,77,106,10,116,193
01/09/2008,LEB,NH,ANE,EN,Federal Contract Tower,0,7,3,0,10,0,8,36,0,44,0,15,39,0,54,52,0,52,106
01/10/2008,LEB,NH,ANE,EN,Federal Contract Tower,0,8,10,0,18,0,26,71,10,107,0,34,81,10,125,122,22,144,269
01/11/2008,LEB,NH,ANE,EN,Federal Contract Tower,0,8,3,0,11,0,1,0,0,1,0,9,3,0,12,0,0,0,12
01/12/2008,LEB,NH,ANE,EN,Federal Contract Tower,0,7,8,0,15,0,32,39,4,75,0,39,47,4,90,58,0,58,148
01/13/2008,LEB,NH,ANE,EN,Federal Contract Tower,0,7,7,1,15,0,12,61,3,76,0,19,68,4,91,56,2,58,149
01/14/2008,LEB,NH,ANE,EN,Federal Contract Tower,0,4,3,0,7,0,0,0,0,0,0,4,3,0,7,0,0,0,7
01/15/2008,LEB,NH,ANE,EN,Federal Contract Tower,0,11,5,0,16,0,5,18,0,23,0,16,23,0,39,64,0,64,103
01/16/2008,LEB,NH,ANE,EN,Federal Contract Tower,0,5,6,1,12,0,19,68,2,89,0,24,74,3,101,148,2,150,251
01/17/2008,LEB,NH,ANE,EN,Federal Contract Tower,0,10,11,0,21,0,22,34,2,58,0,32,45,2,79,64,0,64,143
01/18/2008,LEB,NH,ANE,EN,Federal Contract Tower,0,21,10,0,31,0,5,42,0,47,0,26,52,0,78,52,0,52,130
01/19/2008,LEB,NH,ANE,EN,Federal Contract Tower,0,5,10,0,15,0,26,37,0,63,0,31,47,0,78,36,0,36,114
01/20/2008,LEB,NH,ANE,EN,Federal Contract Tower,0,14,9,0,23,0,12,55,0,67,0,26,64,0,90,72,0,72,162
01/21/2008,LEB,NH,ANE,EN,Federal Contract Tower,0,12,7,0,19,0,8,69,0,77,0,20,76,0,96,68,0,68,164
01/22/2008,LEB,NH,ANE,EN,Federal Contract Tower,0,7,14,0,21,0,5,54,0,59,0,12,68,0,80,38,0,38,118
01/23/2008,LEB,NH,ANE,EN,Federal Contract Tower,0,8,11,0,19,0,2,50,0,52,0,10,61,0,71,40,0,40,111
01/24/2008,LEB,NH,ANE,EN,Federal Contract Tower,0,11,11,0,22,0,7,34,0,41,0,18,45,0,63,154,0,154,217
01/25/2008,LEB,NH,ANE,EN,Federal Contract Tower,0,11,9,0,20,0,16,35,0,51,0,27,44,0,71,54,0,54,125
01/26/2008,LEB,NH,ANE,EN,Federal Contract Tower,0,5,1,1,7,0,19,67,0,86,0,24,68,1,93,134,0,134,227
01/27/2008,LEB,NH,ANE,EN,Federal Contract Tower,0,16,6,0,22,0,0,0,0,0,0,16,6,0,22,0,0,0,22
01/28/2008,LEB,NH,ANE,EN,Federal Contract Tower,0,8,11,0,19,0,12,62,0,74,0,20,73,0,93,100,0,100,193
01/29/2008,LEB,NH,ANE,EN,Federal Contract Tower,0,9,12,0,21,0,6,47,0,53,0,15,59,0,74,48,0,48,122
01/30/2008,LEB,NH,ANE,EN,Federal Contract Tower,0,6,9,0,15,0,0,37,0,37,0,6,46,0,52,60,0,60,112
01/31/2008,LEB,NH,ANE,EN,Federal Contract Tower,0,9,15,1,25,0,26,72,0,98,0,35,87,1,123,148,0,148,271
02/01/2008,LEB,NH,ANE,EN,Federal Contract Tower,0,5,2,0,7,0,0,0,0,0,0,5,2,0,7,0,0,0,7
02/02/2008,LEB,NH,ANE,EN,Federal Contract Tower,0,15,10,0,25,0,16,11,2,29,0,31,21,2,54,8,10,18,72
02/03/2008,LEB,NH,ANE,EN,Federal Contract Tower,0,9,9,0,18,0,17,55,0,72,0,26,64,0,90,98,0,98,188
02/04/2008,LEB,NH,ANE,EN,Federal Contract Tower,0,4,8,0,12,0,15,47,2,64,0,19,55,2,76,54,0,54,130
02/05/2008,LEB,NH,ANE,EN,Federal Contract Tower,0,11,6,0,17,0,0,0,0,0,0,11,6,0,17,0,0,0,17
02/06/2008,LEB,NH,ANE,EN,Federal Contract Tower,0,5,5,0,10,0,0,0,0,0,0,5,5,0,10,0,0,0,10
02/07/2008,LEB,NH,ANE,EN,Federal Contract Tower,0,6,7,0,13,0,14,15,0,29,0,20,22,0,42,60,0,60,102
02/08/2008,LEB,NH,ANE,EN,Federal Contract Tower,0,10,10,0,20,0,11,13,0,24,0,21,23,0,44,28,0,28,72
02/09/2008,LEB,NH,ANE,EN,Federal Contract Tower,0,7,2,1,10,0,12,10,0,22,0,19,12,1,32,12,0,12,44
02/10/2008,LEB,NH,ANE,EN,Federal Contract Tower,0,7,11,1,19,0,0,0,0,0,0,7,11,1,19,0,0,0,19
02/11/2008,LEB,NH,ANE,EN,Federal Contract Tower,0,6,2,0,8,0,5,30,0,35,0,11,32,0,43,40,0,40,83
02/12/2008,LEB,NH,ANE,EN,Federal Contract Tower,0,5,5,0,10,0,6,35,0,41,0,11,40,0,51,28,0,28,79
02/13/2008,LEB,NH,ANE,EN,Federal Contract Tower,0,4,5,0,9,0,0,2,0,2,0,4,7,0,11,38,0,38,49
02/14/2008,LEB,NH,ANE,EN,Federal Contract Tower,0,8,20,0,28,0,28,54,2,84,0,36,74,2,112,264,0,264,376
02/15/2008,LEB,NH,ANE,EN,Federal Contract Tower,0,11,12,0,23,0,17,38,3,58,0,28,50,3,81,182,0,182,263
02/16/2008,LEB,NH,ANE,EN,Federal Contract Tower,0,7,9,1,17,0,20,40,40,100,0,27,49,41,117,52,0,52,169
02/17/2008,LEB,NH,ANE,EN,Federal Contract Tower,0,12,4,0,16,0,15,42,0,57,0,27,46,0,73,34,0,34,107
02/18/2008,LEB,NH,ANE,EN,Federal Contract Tower,0,6,13,0,19,0,4,21,0,25,0,10,34,0,44,134,0,134,178
02/19/2008,LEB,NH,ANE,EN,Federal Contract Tower,0,10,11,0,21,0,24,48,0,72,0,34,59,0,93,123,0,123,216
02/20/2008,LEB,NH,ANE,EN,Federal Contract Tower,0,10,13,0,23,0,3,42,0,45,0,13,55,0,68,126,0,126,194
02/21/2008,LEB,NH,ANE,EN,Federal Contract Tower,0,9,8,0,17,0,5,55,2,62,0,14,63,2,79,250,0,250,329
02/22/2008,LEB,NH,ANE,EN,Federal Contract Tower,0,4,11,0,15,0,0,0,0,0,0,4,11,0,15,0,0,0,15
02/23/2008,LEB,NH,ANE,EN,Federal Contract Tower,0,3,12,0,15,0,28,28,0,56,0,31,40,0,71,44,0,44,115
02/24/2008,LEB,NH,ANE,EN,Federal Contract Tower,0,9,9,0,18,0,22,80,4,106,0,31,89,4,124,62,0,62,186
02/25/2008,LEB,NH,ANE,EN,Federal Contract Tower,0,11,9,0,20,0,13,76,0,89,0,24,85,0,109,110,0,110,219
02/26/2008,LEB,NH,ANE,EN,Federal Contract Tower,0,4,8,0,12,0,0,0,0,0,0,4,8,0,12,0,0,0,12
02/27/2008,LEB,NH,ANE,EN,Federal Contract Tower,0,9,2,0,11,0,3,3,0,6,0,12,5,0,17,0,0,0,17
02/28/2008,LEB,NH,ANE,EN,Federal Contract Tower,0,16,13,0,29,0,29,81,4,114,0,45,94,4,143,95,0,95,238
02/29/2008,LEB,NH,ANE,EN,Federal Contract Tower,0,9,16,0,25,0,12,54,2,68,0,21,70,2,93,62,0,62,155
03/01/2008,LEB,NH,ANE,EN,Federal Contract Tower,0,5,0,0,5,0,12,0,0,12,0,17,0,0,17,0,0,0,17
03/02/2008,LEB,NH,ANE,EN,Federal Contract Tower,0,11,7,0,18,0,11,47,0,58,0,22,54,0,76,46,0,46,122
03/03/2008,LEB,NH,ANE,EN,Federal Contract Tower,0,12,8,0,20,0,16,70,0,86,0,28,78,0,106,204,0,204,310
03/04/2008,LEB,NH,ANE,EN,Federal Contract Tower,0,7,2,0,9,0,4,39,0,43,0,11,41,0,52,182,0,182,234
03/05/2008,LEB,NH,ANE,EN,Federal Contract Tower,0,6,7,0,13,0,3,17,0,20,0,9,24,0,33,220,0,220,253
03/06/2008,LEB,NH,ANE,EN,Federal Contract Tower,0,12,12,0,24,0,10,111,4,125,0,22,123,4,149,268,0,268,417
03/07/2008,LEB,NH,ANE,EN,Federal Contract Tower,0,10,13,0,23,0,7,44,0,51,0,17,57,0,74,122,0,122,196
03/08/2008,LEB,NH,ANE,EN,Federal Contract Tower,0,3,6,0,9,0,0,0,0,0,0,3,6,0,9,0,0,0,9
03/09/2008,LEB,NH,ANE,EN,Federal Contract Tower,0,7,13,0,20,0,4,16,0,20,0,11,29,0,40,0,0,0,40
03/10/2008,LEB,NH,ANE,EN,Federal Contract Tower,0,5,9,0,14,0,18,70,0,88,0,23,79,0,102,38,0,38,140
03/11/2008,LEB,NH,ANE,EN,Federal Contract Tower,0,6,6,0,12,0,15,55,2,72,0,21,61,2,84,156,0,156,240
03/12/2008,LEB,NH,ANE,EN,Federal Contract Tower,0,7,14,0,21,0,3,32,0,35,0,10,46,0,56,164,0,164,220
03/13/2008,LEB,NH,ANE,EN,Federal Contract Tower,0,5,4,0,9,0,14,37,4,55,0,19,41,4,64,149,0,149,213
03/14/2008,LEB,NH,ANE,EN,Federal Contract Tower,0,6,7,0,13,0,12,27,0,39,0,18,34,0,52,78,0,78,130
03/15/2008,LEB,NH,ANE,EN,Federal Contract Tower,0,8,0,0,8,0,8,3,2,13,0,16,3,2,21,8,0,8,29
03/16/2008,LEB,NH,ANE,EN,Federal Contract Tower,0,9,5,0,14,0,13,23,0,36,0,22,28,0,50,24,0,24,74
03/17/2008,LEB,NH,ANE,EN,Federal Contract Tower,0,12,9,0,21,0,12,63,0,75,0,24,72,0,96,79,0,79,175
03/18/2008,LEB,NH,ANE,EN,Federal Contract Tower,0,7,7,0,14,0,9,54,0,63,0,16,61,0,77,82,0,82,159
03/19/2008,LEB,NH,ANE,EN,Federal Contract Tower,0,11,0,0,11,0,0,5,0,5,0,11,5,0,16,46,0,46,62
03/20/2008,LEB,NH,ANE,EN,Federal Contract Tower,0,9,3,0,12,0,5,24,0,29,0,14,27,0,41,204,0,204,245
03/21/2008,LEB,NH,ANE,EN,Federal Contract Tower,0,8,7,0,15,0,8,32,0,40,0,16,39,0,55,80,0,80,135
03/22/2008,LEB,NH,ANE,EN,Federal Contract Tower,0,6,8,1,15,0,26,28,2,56,0,32,36,3,71,36,0,36,107
03/23/2008,LEB,NH,ANE,EN,Federal Contract Tower,0,10,5,0,15,0,20,83,0,103,0,30,88,0,118,80,0,80,198
03/24/2008,LEB,NH,ANE,EN,Federal Contract Tower,0,10,8,1,19,0,15,85,0,100,0,25,93,1,119,184,2,186,305
03/25/2008,LEB,NH,ANE,EN,Federal Contract Tower,0,10,10,0,20,0,8,56,0,64,0,18,66,0,84,104,0,104,188
03/26/2008,LEB,NH,ANE,EN,Federal Contract Tower,0,10,17,0,27,0,17,32,0,49,0,27,49,0,76,200,0,200,276
03/27/2008,LEB,NH,ANE,EN,Federal Contract Tower,0,5,15,0,20,0,24,52,0,76,0,29,67,0,96,146,0,146,242
03/28/2008,LEB,NH,ANE,EN,Federal Contract Tower,0,3,5,0,8,0,0,0,0,0,0,3,5,0,8,0,0,0,8
03/29/2008,LEB,NH,ANE,EN,Federal Contract Tower,0,4,2,0,6,0,8,45,4,57,0,12,47,4,63,60,0,60,123
03/30/2008,LEB,NH,ANE,EN,Federal Contract Tower,0,11,0,0,11,0,15,120,2,137,0,26,120,2,148,115,0,115,263
03/31/2008,LEB,NH,ANE,EN,Federal Contract Tower,0,10,6,0,16,0,0,0,0,0,0,10,6,0,16,0,0,0,16
04/01/2008,LEB,NH,ANE,EN,Federal Contract Tower,0,6,8,0,14,0,0,0,0,0,0,6,8,0,14,0,0,0,14
04/02/2008,LEB,NH,ANE,EN,Federal Contract Tower,0,7,8,0,15,0,10,14,0,24,0,17,22,0,39,130,0,130,169
04/03/2008,LEB,NH,ANE,EN,Federal Contract Tower,0,8,12,0,20,0,12,65,7,84,0,20,77,7,104,116,4,120,224
04/04/2008,LEB,NH,ANE,EN,Federal Contract Tower,0,15,5,0,20,0,0,1,0,1,0,15,6,0,21,6,0,6,27
04/05/2008,LEB,NH,ANE,EN,Federal Contract Tower,0,9,7,0,16,0,26,16,7,49,0,35,23,7,65,12,0,12,77
04/06/2008,LEB,NH,ANE,EN,Federal Contract Tower,0,10,3,0,13,0,9,13,0,22,0,19,16,0,35,56,0,56,91
04/07/2008,LEB,NH,ANE,EN,Federal Contract Tower,0,9,14,0,23,0,12,73,0,85,0,21,87,0,108,52,0,52,160
04/08/2008,LEB,NH,ANE,EN,Federal Contract Tower,0,10,17,0,27,0,14,68,1,83,0,24,85,1,110,92,0,92,202
04/09/2008,LEB,NH,ANE,EN,Federal Contract Tower,0,8,17,0,25,0,9,79,0,88,0,17,96,0,113,64,0,64,177
04/10/2008,LEB,NH,ANE,EN,Federal Contract Tower,0,7,18,2,27,0,16,50,0,66,0,23,68,2,93,92,0,92,185
04/11/2008,LEB,NH,ANE,EN,Federal Contract Tower,0,11,13,0,24,0,3,7,0,10,0,14,20,0,34,8,0,8,42
04/12/2008,LEB,NH,ANE,EN,Federal Contract Tower,0,7,4,0,11,0,18,31,0,49,0,25,35,0,60,62,0,62,122
04/13/2008,LEB,NH,ANE,EN,Federal Contract Tower,0,13,7,0,20,0,14,53,2,69,0,27,60,2,89,70,0,70,159
04/14/2008,LEB,NH,ANE,EN,Federal Contract Tower,0,11,4,0,15,0,9,48,2,59,0,20,52,2,74,64,0,64,138
04/15/2008,LEB,NH,ANE,EN,Federal Contract Tower,0,8,6,1,15,0,6,93,2,101,0,14,99,3,116,78,4,82,198
04/16/2008,LEB,NH,ANE,EN,Federal Contract Tower,0,5,10,0,15,0,17,78,0,95,0,22,88,0,110,86,10,96,206
04/17/2008,LEB,NH,ANE,EN,Federal Contract Tower,0,11,13,4,28,0,22,77,2,101,0,33,90,6,129,118,0,118,247
04/18/2008,LEB,NH,ANE,EN,Federal Contract Tower,0,15,5,4,24,0,16,82,2,100,0,31,87,6,124,256,0,256,380
04/19/2008,LEB,NH,ANE,EN,Federal Contract Tower,0,12,8,0,20,0,21,86,0,107,0,33,94,0,127,80,0,80,207
04/20/2008,LEB,NH,ANE,EN,Federal Contract Tower,0,8,8,2,18,0,13,93,2,108,0,21,101,4,126,112,0,112,238
04/21/2008,LEB,NH,ANE,EN,Federal Contract Tower,0,10,7,0,17,0,24,51,1,76,0,34,58,1,93,58,0,58,151
04/22/2008,LEB,NH,ANE,EN,Federal Contract Tower,0,10,7,0,17,0,10,79,0,89,0,20,86,0,106,170,2,172,278
04/23/2008,LEB,NH,ANE,EN,Federal Contract Tower,0,11,12,0,23,0,18,55,0,73,0,29,67,0,96,86,0,86,182
04/24/2008,LEB,NH,ANE,EN,Federal Contract Tower,0,7,8,0,15,0,18,37,0,55,0,25,45,0,70,94,4,98,168
04/25/2008,LEB,NH,ANE,EN,Federal Contract Tower,0,13,9,0,22,0,33,75,0,108,0,46,84,0,130,142,0,142,272
04/26/2008,LEB,NH,ANE,EN,Federal Contract Tower,0,7,14,0,21,0,15,62,0,77,0,22,76,0,98,118,0,118,216
04/27/2008,LEB,NH,ANE,EN,Federal Contract Tower,0,12,9,0,21,0,18,75,0,93,0,30,84,0,114,78,0,78,192
04/28/2008,LEB,NH,ANE,EN,Federal Contract Tower,0,5,3,0,8,0,0,0,0,0,0,5,3,0,8,0,0,0,8
04/29/2008,LEB,NH,ANE,EN,Federal Contract Tower,0,7,3,0,10,0,0,0,0,0,0,7,3,0,10,0,0,0,10
04/30/2008,LEB,NH,ANE,EN,Federal Contract Tower,0,6,7,0,13,0,13,33,0,46,0,19,40,0,59,54,0,54,113
05/01/2008,LEB,NH,ANE,EN,Federal Contract Tower,0,10,10,0,20,0,25,50,0,75,0,35,60,0,95,110,0,110,205
05/02/2008,LEB,NH,ANE,EN,Federal Contract Tower,0,13,17,0,30,0,11,65,0,76,0,24,82,0,106,114,0,114,220
05/03/2008,LEB,NH,ANE,EN,Federal Contract Tower,0,10,8,0,18,0,4,10,0,14,0,14,18,0,32,6,0,6,38
05/04/2008,LEB,NH,ANE,EN,Federal Contract Tower,0,15,10,0,25,0,7,8,0,15,0,22,18,0,40,12,0,12,52
05/05/2008,LEB,NH,ANE,EN,Federal Contract Tower,0,12,13,0,25,0,11,87,0,98,0,23,100,0,123,144,0,144,267
05/06/2008,LEB,NH,ANE,EN,Federal Contract Tower,0,9,4,0,13,0,15,87,0,102,0,24,91,0,115,142,0,142,257
05/07/2008,LEB,NH,ANE,EN,Federal Contract Tower,0,12,15,0,27,0,18,78,0,96,0,30,93,0,123,108,0,108,231
05/08/2008,LEB,NH,ANE,EN,Federal Contract Tower,0,8,18,0,26,0,22,42,0,64,0,30,60,0,90,88,0,88,178
05/09/2008,LEB,NH,ANE,EN,Federal Contract Tower,0,13,15,0,28,0,11,61,0,72,0,24,76,0,100,150,0,150,250
05/10/2008,LEB,NH,ANE,EN,Federal Contract Tower,0,8,6,0,14,0,24,52,0,76,0,32,58,0,90,72,0,72,162
05/11/2008,LEB,NH,ANE,EN,Federal Contract Tower,0,7,3,0,10,0,13,103,2,118,0,20,106,2,128,90,0,90,218
05/12/2008,LEB,NH,ANE,EN,Federal Contract Tower,0,6,12,0,18,0,20,87,0,107,0,26,99,0,125,78,0,78,203
05/13/2008,LEB,NH,ANE,EN,Federal Contract Tower,0,9,7,1,17,0,16,72,0,88,0,25,79,1,105,54,0,54,159
05/14/2008,LEB,NH,ANE,EN,Federal Contract Tower,0,8,11,1,20,0,19,103,1,123,0,27,114,2,143,98,2,100,243
05/15/2008,LEB,NH,ANE,EN,Federal Contract Tower,0,12,9,0,21,0,21,21,2,44,0,33,30,2,65,57,0,57,122
05/16/2008,LEB,NH,ANE,EN,Federal Contract Tower,0,8,12,0,20,0,13,42,2,57,0,21,54,2,77,110,0,110,187
05/17/2008,LEB,NH,ANE,EN,Federal Contract Tower,0,11,8,0,19,0,24,34,1,59,0,35,42,1,78,18,0,18,96
05/18/2008,LEB,NH,ANE,EN,Federal Contract Tower,0,8,12,1,21,0,4,42,0,46,0,12,54,1,67,98,0,98,165
05/19/2008,LEB,NH,ANE,EN,Federal Contract Tower,0,7,7,2,16,0,8,13,0,21,0,15,20,2,37,0,0,0,37
05/20/2008,LEB,NH,ANE,EN,Federal Contract Tower,0,13,10,0,23,0,10,83,0,93,0,23,93,0,116,103,2,105,221
05/21/2008,LEB,NH,ANE,EN,Federal Contract Tower,0,11,14,0,25,0,19,59,0,78,0,30,73,0,103,142,0,142,245
05/22/2008,LEB,NH,ANE,EN,Federal Contract Tower,0,12,16,0,28,0,0,50,0,50,0,12,66,0,78,72,0,72,150
05/23/2008,LEB,NH,ANE,EN,Federal Contract Tower,0,18,18,0,36,0,21,52,2,75,0,39,70,2,111,56,0,56,167
05/24/2008,LEB,NH,ANE,EN,Federal Contract Tower,0,10,9,0,19,0,12,50,0,62,0,22,59,0,81,42,0,42,123
05/25/2008,LEB,NH,ANE,EN,Federal Contract Tower,0,8,8,0,16,0,13,66,0,79,0,21,74,0,95,56,0,56,151
05/26/2008,LEB,NH,ANE,EN,Federal Contract Tower,0,15,11,0,26,0,14,26,0,40,0,29,37,0,66,38,0,38,104
05/27/2008,LEB,NH,ANE,EN,Federal Contract Tower,0,7,11,0,18,0,13,63,0,76,0,20,74,0,94,208,0,208,302
05/28/2008,LEB,NH,ANE,EN,Federal Contract Tower,0,7,8,2,17,0,14,78,4,96,0,21,86,6,113,152,0,152,265
05/29/2008,LEB,NH,ANE,EN,Federal Contract Tower,0,7,6,0,13,0,13,42,6,61,0,20,48,6,74,14,0,14,88
05/30/2008,LEB,NH,ANE,EN,Federal Contract Tower,0,9,13,0,22,0,13,73,0,86,0,22,86,0,108,186,0,186,294
05/31/2008,LEB,NH,ANE,EN,Federal Contract Tower,0,11,6,0,17,0,5,12,0,17,0,16,18,0,34,22,0,22,56
06/01/2008,LEB,NH,ANE,EN,Federal Contract Tower,0,7,9,0,16,0,11,33,0,44,0,18,42,0,60,36,0,36,96
06/02/2008,LEB,NH,ANE,EN,Federal Contract Tower,0,11,13,0,24,0,9,66,0,75,0,20,79,0,99,96,0,96,195
06/03/2008,LEB,NH,ANE,EN,Federal Contract Tower,0,7,10,0,17,0,16,67,0,83,0,23,77,0,100,230,0,230,330
06/04/2008,LEB,NH,ANE,EN,Federal Contract Tower,0,7,19,0,26,0,0,8,0,8,0,7,27,0,34,0,0,0,34
06/05/2008,LEB,NH,ANE,EN,Federal Contract Tower,0,7,10,0,17,0,16,46,0,62,0,23,56,0,79,110,0,110,189
06/06/2008,LEB,NH,ANE,EN,Federal Contract Tower,0,17,21,0,38,0,0,0,0,0,0,17,21,0,38,0,0,0,38
06/07/2008,LEB,NH,ANE,EN,Federal Contract Tower,0,12,14,0,26,0,6,52,0,58,0,18,66,0,84,36,0,36,120
06/08/2008,LEB,NH,ANE,EN,Federal Contract Tower,0,20,22,0,42,0,11,41,4,56,0,31,63,4,98,62,0,62,160
06/09/2008,LEB,NH,ANE,EN,Federal Contract Tower,0,7,17,0,24,0,8,46,1,55,0,15,63,1,79,126,0,126,205
06/10/2008,LEB,NH,ANE,EN,Federal Contract Tower,0,10,14,0,24,0,5,49,0,54,0,15,63,0,78,54,0,54,132
06/11/2008,LEB,NH,ANE,EN,Federal Contract Tower,0,8,5,0,13,0,21,72,0,93,0,29,77,0,106,108,0,108,214
06/12/2008,LEB,NH,ANE,EN,Federal Contract Tower,0,13,9,0,22,0,28,77,0,105,0,41,86,0,127,126,0,126,253
06/13/2008,LEB,NH,ANE,EN,Federal Contract Tower,0,15,5,0,20,0,12,91,2,105,0,27,96,2,125,132,0,132,257
06/14/2008,LEB,NH,ANE,EN,Federal Contract Tower,0,8,5,0,13,0,12,56,0,68,0,20,61,0,81,124,0,124,205
06/15/2008,LEB,NH,ANE,EN,Federal Contract Tower,0,18,15,0,33,0,9,53,0,62,0,27,68,0,95,42,0,42,137
06/16/2008,LEB,NH,ANE,EN,Federal Contract Tower,0,9,11,0,20,0,4,47,0,51,0,13,58,0,71,108,0,108,179
06/17/2008,LEB,NH,ANE,EN,Federal Contract Tower,0,8,2,0,10,0,7,33,0,40,0,15,35,0,50,110,0,110,160
06/18/2008,LEB,NH,ANE,EN,Federal Contract Tower,0,7,7,0,14,0,12,38,0,50,0,19,45,0,64,76,0,76,140
06/19/2008,LEB,NH,ANE,EN,Federal Contract Tower,0,14,10,0,24,0,19,52,0,71,0,33,62,0,95,108,0,108,203
06/20/2008,LEB,NH,ANE,EN,Federal Contract Tower,0,8,17,0,25,0,7,28,0,35,0,15,45,0,60,56,0,56,116
06/21/2008,LEB,NH,ANE,EN,Federal Contract Tower,0,8,7,1,16,0,19,30,1,50,0,27,37,2,66,58,0,58,124
06/22/2008,LEB,NH,ANE,EN,Federal Contract Tower,0,17,24,1,42,0,11,40,0,51,0,28,64,1,93,48,0,48,141
06/23/2008,LEB,NH,ANE,EN,Federal Contract Tower,0,3,11,0,14,0,0,3,0,3,0,3,14,0,17,12,0,12,29
06/24/2008,LEB,NH,ANE,EN,Federal Contract Tower,0,2,12,1,15,0,11,10,0,21,0,13,22,1,36,10,0,10,46
06/25/2008,LEB,NH,ANE,EN,Federal Contract Tower,0,15,21,0,36,0,24,65,0,89,0,39,86,0,125,106,0,106,231
06/26/2008,LEB,NH,ANE,EN,Federal Contract Tower,0,6,14,0,20,0,8,30,0,38,0,14,44,0,58,28,0,28,86
06/27/2008,LEB,NH,ANE,EN,Federal Contract Tower,0,9,25,0,34,0,6,30,0,36,0,15,55,0,70,178,0,178,248
06/28/2008,LEB,NH,ANE,EN,Federal Contract Tower,0,5,2,0,7,0,6,24,0,30,0,11,26,0,37,46,0,46,83
06/29/2008,LEB,NH,ANE,EN,Federal Contract Tower,0,18,7,0,25,0,3,9,0,12,0,21,16,0,37,52,0,52,89
06/30/2008,LEB,NH,ANE,EN,Federal Contract Tower,0,11,12,0,23,0,17,32,2,51,0,28,44,2,74,80,2,82,156
07/01/2008,LEB,NH,ANE,EN,Federal Contract Tower,0,13,12,0,25,0,11,49,0,60,0,24,61,0,85,48,0,48,133
07/02/2008,LEB,NH,ANE,EN,Federal Contract Tower,0,6,19,0,25,0,16,72,0,88,0,22,91,0,113,82,0,82,195
07/03/2008,LEB,NH,ANE,EN,Federal Contract Tower,0,11,20,0,31,0,6,44,0,50,0,17,64,0,81,78,0,78,159
07/04/2008,LEB,NH,ANE,EN,Federal Contract Tower,0,13,14,1,28,0,22,33,2,57,0,35,47,3,85,46,0,46,131
07/05/2008,LEB,NH,ANE,EN,Federal Contract Tower,0,9,15,0,24,0,17,59,2,78,0,26,74,2,102,50,0,50,152
07/06/2008,LEB,NH,ANE,EN,Federal Contract Tower,0,10,10,0,20,0,12,41,0,53,0,22,51,0,73,114,0,114,187
07/07/2008,LEB,NH,ANE,EN,Federal Contract Tower,0,12,13,0,25,0,13,51,0,64,0,25,64,0,89,94,0,94,183
07/08/2008,LEB,NH,ANE,EN,Federal Contract Tower,0,9,8,0,17,0,3,25,0,28,0,12,33,0,45,82,0,82,127
07/09/2008,LEB,NH,ANE,EN,Federal Contract Tower,0,7,11,0,18,0,8,31,0,39,0,15,42,0,57,0,0,0,57
07/10/2008,LEB,NH,ANE,EN,Federal Contract Tower,0,14,11,0,25,0,33,83,2,118,0,47,94,2,143,90,0,90,233
07/11/2008,LEB,NH,ANE,EN,Federal Contract Tower,0,9,22,0,31,0,14,53,4,71,0,23,75,4,102,100,0,100,202
07/12/2008,LEB,NH,ANE,EN,Federal Contract Tower,0,6,4,0,10,0,19,54,0,73,0,25,58,0,83,86,0,86,169
07/13/2008,LEB,NH,ANE,EN,Federal Contract Tower,0,10,10,0,20,0,13,53,4,70,0,23,63,4,90,58,0,58,148
07/14/2008,LEB,NH,ANE,EN,Federal Contract Tower,0,11,15,0,26,0,11,20,0,31,0,22,35,0,57,64,0,64,121
07/15/2008,LEB,NH,ANE,EN,Federal Contract Tower,0,8,12,0,20,0,17,97,0,114,0,25,109,0,134,190,0,190,324
07/16/2008,LEB,NH,ANE,EN,Federal Contract Tower,0,13,23,0,36,0,67,76,2,145,0,80,99,2,181,106,0,106,287
07/17/2008,LEB,NH,ANE,EN,Federal Contract Tower,0,13,15,1,29,0,51,88,5,144,0,64,103,6,173,154,6,160,333
07/18/2008,LEB,NH,ANE,EN,Federal Contract Tower,0,17,35,0,52,0,14,35,0,49,0,31,70,0,101,68,0,68,169
07/19/2008,LEB,NH,ANE,EN,Federal Contract Tower,0,11,11,0,22,0,16,67,6,89,0,27,78,6,111,142,0,142,253
07/20/2008,LEB,NH,ANE,EN,Federal Contract Tower,0,22,32,0,54,0,0,0,0,0,0,22,32,0,54,0,0,0,54
07/21/2008,LEB,NH,ANE,EN,Federal Contract Tower,0,16,17,0,33,0,21,16,0,37,0,37,33,0,70,6,0,6,76
07/22/2008,LEB,NH,ANE,EN,Federal Contract Tower,0,17,20,0,37,0,13,31,0,44,0,30,51,0,81,26,0,26,107
07/23/2008,LEB,NH,ANE,EN,Federal Contract Tower,0,9,16,0,25,0,2,2,0,4,0,11,18,0,29,0,0,0,29
07/24/2008,LEB,NH,ANE,EN,Federal Contract Tower,0,13,14,0,27,0,0,3,0,3,0,13,17,0,30,0,0,0,30
07/25/2008,LEB,NH,ANE,EN,Federal Contract Tower,0,10,30,0,40,0,21,103,4,128,0,31,133,4,168,132,0,132,300
07/26/2008,LEB,NH,ANE,EN,Federal Contract Tower,0,10,13,0,23,0,28,60,0,88,0,38,73,0,111,106,0,106,217
07/27/2008,LEB,NH,ANE,EN,Federal Contract Tower,0,10,19,0,29,0,1,26,0,27,0,11,45,0,56,74,0,74,130
07/28/2008,LEB,NH,ANE,EN,Federal Contract Tower,0,17,13,0,30,0,3,22,0,25,0,20,35,0,55,20,0,20,75
07/29/2008,LEB,NH,ANE,EN,Federal Contract Tower,0,14,13,0,27,0,13,64,0,77,0,27,77,0,104,94,0,94,198
07/30/2008,LEB,NH,ANE,EN,Federal Contract Tower,0,8,18,0,26,0,26,55,0,81,0,34,73,0,107,72,0,72,179
07/31/2008,LEB,NH,ANE,EN,Federal Contract Tower,0,7,25,0,32,0,1,39,0,40,0,8,64,0,72,84,0,84,156
08/01/2008,LEB,NH,ANE,EN,Federal Contract Tower,0,11,23,0,34,0,4,35,0,39,0,15,58,0,73,88,0,88,161
08/02/2008,LEB,NH,ANE,EN,Federal Contract Tower,0,4,5,0,9,0,0,4,0,4,0,4,9,0,13,8,0,8,21
08/03/2008,LEB,NH,ANE,EN,Federal Contract Tower,0,10,22,0,32,0,6,21,0,27,0,16,43,0,59,48,0,48,107
08/04/2008,LEB,NH,ANE,EN,Federal Contract Tower,0,11,26,0,37,0,13,28,0,41,0,24,54,0,78,46,0,46,124
08/05/2008,LEB,NH,ANE,EN,Federal Contract Tower,0,8,16,2,26,0,8,65,0,73,0,16,81,2,99,176,0,176,275
08/06/2008,LEB,NH,ANE,EN,Federal Contract Tower,0,7,12,0,19,0,0,1,0,1,0,7,13,0,20,0,0,0,20
08/07/2008,LEB,NH,ANE,EN,Federal Contract Tower,0,11,16,0,27,0,5,25,0,30,0,16,41,0,57,34,0,34,91
08/08/2008,LEB,NH,ANE,EN,Federal Contract Tower,0,10,21,0,31,0,0,14,0,14,0,10,35,0,45,34,0,34,79
08/09/2008,LEB,NH,ANE,EN,Federal Contract Tower,0,9,14,0,23,0,4,40,0,44,0,13,54,0,67,72,0,72,139
08/10/2008,LEB,NH,ANE,EN,Federal Contract Tower,0,12,8,0,20,0,6,35,0,41,0,18,43,0,61,70,0,70,131
08/11/2008,LEB,NH,ANE,EN,Federal Contract Tower,0,9,17,0,26,0,0,0,0,0,0,9,17,0,26,4,0,4,30
08/12/2008,LEB,NH,ANE,EN,Federal Contract Tower,0,15,10,0,25,0,5,28,1,34,0,20,38,1,59,42,0,42,101
08/13/2008,LEB,NH,ANE,EN,Federal Contract Tower,0,12,15,0,27,0,14,79,0,93,0,26,94,0,120,86,0,86,206
08/14/2008,LEB,NH,ANE,EN,Federal Contract Tower,0,14,14,0,28,0,14,49,0,63,0,28,63,0,91,58,0,58,149
08/15/2008,LEB,NH,ANE,EN,Federal Contract Tower,0,10,16,0,26,0,10,52,2,64,0,20,68,2,90,30,0,30,120
08/16/2008,LEB,NH,ANE,EN,Federal Contract Tower,0,16,11,0,27,0,4,18,0,22,0,20,29,0,49,24,0,24,73
08/17/2008,LEB,NH,ANE,EN,Federal Contract Tower,0,16,11,0,27,0,20,64,0,84,0,36,75,0,111,70,0,70,181
08/18/2008,LEB,NH,ANE,EN,Federal Contract Tower,0,9,14,0,23,0,5,66,0,71,0,14,80,0,94,176,0,176,270
08/19/2008,LEB,NH,ANE,EN,Federal Contract Tower,0,10,11,0,21,0,9,46,0,55,0,19,57,0,76,84,0,84,160
08/20/2008,LEB,NH,ANE,EN,Federal Contract Tower,0,26,10,0,36,0,0,84,2,86,0,26,94,2,122,56,0,56,178
08/21/2008,LEB,NH,ANE,EN,Federal Contract Tower,0,13,14,2,29,0,18,73,2,93,0,31,87,4,122,66,0,66,188
08/22/2008,LEB,NH,ANE,EN,Federal Contract Tower,0,16,16,0,32,0,11,80,4,95,0,27,96,4,127,62,0,62,189
08/23/2008,LEB,NH,ANE,EN,Federal Contract Tower,0,7,6,0,13,0,29,57,4,90,0,36,63,4,103,90,0,90,193
08/24/2008,LEB,NH,ANE,EN,Federal Contract Tower,0,16,11,0,27,0,20,42,0,62,0,36,53,0,89,72,0,72,161
08/25/2008,LEB,NH,ANE,EN,Federal Contract Tower,0,14,14,0,28,0,16,24,0,40,0,30,38,0,68,124,0,124,192
08/26/2008,LEB,NH,ANE,EN,Federal Contract Tower,0,14,16,2,32,0,7,51,2,60,0,21,67,4,92,28,2,30,122
08/27/2008,LEB,NH,ANE,EN,Federal Contract Tower,0,7,15,2,24,0,16,99,6,121,0,23,114,8,145,92,2,94,239
08/28/2008,LEB,NH,ANE,EN,Federal Contract Tower,0,8,19,0,27,0,16,51,0,67,0,24,70,0,94,36,0,36,130
08/29/2008,LEB,NH,ANE,EN,Federal Contract Tower,0,19,32,0,51,0,2,58,2,62,0,21,90,2,113,70,0,70,183
08/30/2008,LEB,NH,ANE,EN,Federal Contract Tower,0,14,4,0,18,0,28,31,2,61,0,42,35,2,79,58,0,58,137
08/31/2008,LEB,NH,ANE,EN,Federal Contract Tower,0,7,11,0,18,0,12,32,0,44,0,19,43,0,62,74,0,74,136
09/01/2008,LEB,NH,ANE,EN,Federal Contract Tower,0,10,5,0,15,0,12,48,0,60,0,22,53,0,75,106,0,106,181
09/02/2008,LEB,NH,ANE,EN,Federal Contract Tower,0,13,13,1,27,0,1,46,5,52,0,14,59,6,79,52,0,52,131
09/03/2008,LEB,NH,ANE,EN,Federal Contract Tower,0,10,14,0,24,0,4,47,0,51,0,14,61,0,75,90,0,90,165
09/04/2008,LEB,NH,ANE,EN,Federal Contract Tower,0,21,6,0,27,0,16,57,2,75,0,37,63,2,102,142,0,142,244
09/05/2008,LEB,NH,ANE,EN,Federal Contract Tower,0,10,22,0,32,0,0,21,0,21,0,10,43,0,53,18,0,18,71
09/06/2008,LEB,NH,ANE,EN,Federal Contract Tower,0,8,12,0,20,0,0,2,2,4,0,8,14,2,24,0,0,0,24
09/07/2008,LEB,NH,ANE,EN,Federal Contract Tower,0,18,23,0,41,0,12,32,3,47,0,30,55,3,88,78,0,78,166
09/08/2008,LEB,NH,ANE,EN,Federal Contract Tower,0,10,13,0,23,0,6,28,0,34,0,16,41,0,57,60,0,60,117
09/09/2008,LEB,NH,ANE,EN,Federal Contract Tower,0,20,15,0,35,0,3,2,0,5,0,23,17,0,40,12,0,12,52
09/10/2008,LEB,NH,ANE,EN,Federal Contract Tower,0,11,6,0,17,0,9,59,4,72,0,20,65,4,89,90,0,90,179
09/11/2008,LEB,NH,ANE,EN,Federal Contract Tower,0,8,18,0,26,0,20,88,8,116,0,28,106,8,142,138,0,138,280
09/12/2008,LEB,NH,ANE,EN,Federal Contract Tower,0,10,15,0,25,0,6,10,0,16,0,16,25,0,41,42,0,42,83
09/13/2008,LEB,NH,ANE,EN,Federal Contract Tower,0,9,21,0,30,0,17,26,0,43,0,26,47,0,73,46,0,46,119
09/14/2008,LEB,NH,ANE,EN,Federal Contract Tower,0,9,13,0,22,0,0,2,0,2,0,9,15,0,24,0,0,0,24
09/15/2008,LEB,NH,ANE,EN,Federal Contract Tower,0,9,10,0,19,0,4,25,0,29,0,13,35,0,48,74,0,74,122
09/16/2008,LEB,NH,ANE,EN,Federal Contract Tower,0,12,21,0,33,0,4,46,0,50,0,16,67,0,83,30,0,30,113
09/17/2008,LEB,NH,ANE,EN,Federal Contract Tower,0,14,16,0,30,0,9,45,0,54,0,23,61,0,84,44,0,44,128
09/18/2008,LEB,NH,ANE,EN,Federal Contract Tower,0,8,5,0,13,0,42,44,4,90,0,50,49,4,103,56,0,56,159
09/19/2008,LEB,NH,ANE,EN,Federal Contract Tower,0,11,12,0,23,0,2,61,0,63,0,13,73,0,86,60,0,60,146
09/20/2008,LEB,NH,ANE,EN,Federal Contract Tower,0,12,11,0,23,0,22,54,4,80,0,34,65,4,103,78,0,78,181
09/21/2008,LEB,NH,ANE,EN,Federal Contract Tower,0,15,20,0,35,0,2,58,0,60,0,17,78,0,95,98,0,98,193
09/22/2008,LEB,NH,ANE,EN,Federal Contract Tower,0,11,9,0,20,0,9,29,0,38,0,20,38,0,58,50,0,50,108
09/23/2008,LEB,NH,ANE,EN,Federal Contract Tower,0,10,6,0,16,0,4,59,0,63,0,14,65,0,79,50,0,50,129
09/24/2008,LEB,NH,ANE,EN,Federal Contract Tower,2,7,10,0,19,0,17,71,0,88,2,24,81,0,107,118,0,118,225
09/25/2008,LEB,NH,ANE,EN,Federal Contract Tower,0,10,12,0,22,0,26,47,0,73,0,36,59,0,95,74,0,74,169
09/26/2008,LEB,NH,ANE,EN,Federal Contract Tower,0,11,10,0,21,0,0,0,0,0,0,11,10,0,21,0,0,0,21
09/27/2008,LEB,NH,ANE,EN,Federal Contract Tower,0,7,6,0,13,0,0,0,0,0,0,7,6,0,13,0,0,0,13
09/28/2008,LEB,NH,ANE,EN,Federal Contract Tower,0,6,10,0,16,0,6,6,0,12,0,12,16,0,28,14,0,14,42
09/29/2008,LEB,NH,ANE,EN,Federal Contract Tower,0,12,27,2,41,0,12,41,1,54,0,24,68,3,95,80,2,82,177
09/30/2008,LEB,NH,ANE,EN,Federal Contract Tower,0,25,9,0,34,0,5,0,0,5,0,30,9,0,39,8,0,8,47
10/01/2008,LEB,NH,ANE,EN,Federal Contract Tower,0,14,21,0,35,0,12,15,0,27,0,26,36,0,62,12,0,12,74
10/02/2008,LEB,NH,ANE,EN,Federal Contract Tower,0,23,16,0,39,0,25,41,4,70,0,48,57,4,109,64,0,64,173
10/03/2008,LEB,NH,ANE,EN,Federal Contract Tower,0,10,18,0,28,0,0,26,0,26,0,10,44,0,54,50,0,50,104
10/04/2008,LEB,NH,ANE,EN,Federal Contract Tower,0,6,7,0,13,0,0,37,0,37,0,6,44,0,50,52,0,52,102
10/05/2008,LEB,NH,ANE,EN,Federal Contract Tower,0,13,17,0,30,0,16,37,4,57,0,29,54,4,87,76,0,76,163
10/06/2008,LEB,NH,ANE,EN,Federal Contract Tower,0,12,18,0,30,0,10,68,0,78,0,22,86,0,108,124,0,124,232
10/07/2008,LEB,NH,ANE,EN,Federal Contract Tower,0,9,21,0,30,0,14,56,0,70,0,23,77,0,100,68,0,68,168
10/08/2008,LEB,NH,ANE,EN,Federal Contract Tower,0,14,17,0,31,0,5,68,0,73,0,19,85,0,104,78,0,78,182
10/09/2008,LEB,NH,ANE,EN,Federal Contract Tower,0,14,24,0,38,0,12,93,4,109,0,26,117,4,147,142,0,142,289
10/10/2008,LEB,NH,ANE,EN,Federal Contract Tower,0,24,14,0,38,0,8,59,0,67,0,32,73,0,105,94,0,94,199
10/11/2008,LEB,NH,ANE,EN,Federal Contract Tower,0,9,28,2,39,0,3,85,0,88,0,12,113,2,127,48,0,48,175
10/12/2008,LEB,NH,ANE,EN,Federal Contract Tower,0,20,12,0,32,0,18,73,4,95,0,38,85,4,127,12,0,12,139
10/13/2008,LEB,NH,ANE,EN,Federal Contract Tower,0,13,21,0,34,0,14,70,0,84,0,27,91,0,118,106,0,106,224
10/14/2008,LEB,NH,ANE,EN,Federal Contract Tower,0,6,22,0,28,0,4,24,0,28,0,10,46,0,56,4,0,4,60
10/15/2008,LEB,NH,ANE,EN,Federal Contract Tower,0,13,9,0,22,0,12,91,4,107,0,25,100,4,129,90,0,90,219
10/16/2008,LEB,NH,ANE,EN,Federal Contract Tower,0,9,19,0,28,0,0,4,0,4,0,9,23,0,32,22,0,22,54
10/17/2008,LEB,NH,ANE,EN,Federal Contract Tower,0,17,19,0,36,0,5,36,0,41,0,22,55,0,77,12,0,12,89
10/18/2008,LEB,NH,ANE,EN,Federal Contract Tower,0,11,8,0,19,0,14,75,10,99,0,25,83,10,118,54,0,54,172
10/19/2008,LEB,NH,ANE,EN,Federal Contract Tower,0,15,14,0,29,0,17,59,0,76,0,32,73,0,105,82,0,82,187
10/20/2008,LEB,NH,ANE,EN,Federal Contract Tower,0,13,14,0,27,0,8,52,0,60,0,21,66,0,87,106,0,106,193
10/21/2008,LEB,NH,ANE,EN,Federal Contract Tower,0,10,13,0,23,0,0,1,0,1,0,10,14,0,24,4,0,4,28
10/22/2008,LEB,NH,ANE,EN,Federal Contract Tower,0,11,3,0,14,0,1,8,0,9,0,12,11,0,23,52,0,52,75
10/23/2008,LEB,NH,ANE,EN,Federal Contract Tower,0,14,5,0,19,0,15,63,0,78,0,29,68,0,97,90,0,90,187
10/24/2008,LEB,NH,ANE,EN,Federal Contract Tower,0,11,17,0,28,0,4,57,0,61,0,15,74,0,89,40,0,40,129
10/25/2008,LEB,NH,ANE,EN,Federal Contract Tower,0,9,7,2,18,0,2,5,0,7,0,11,12,2,25,2,0,2,27
10/26/2008,LEB,NH,ANE,EN,Federal Contract Tower,0,10,16,0,26,0,13,52,0,65,0,23,68,0,91,92,0,92,183
10/27/2008,LEB,NH,ANE,EN,Federal Contract Tower,0,7,11,0,18,0,1,40,0,41,0,8,51,0,59,74,0,74,133
10/28/2008,LEB,NH,ANE,EN,Federal Contract Tower,0,9,6,0,15,0,0,0,0,0,0,9,6,0,15,0,0,0,15
10/29/2008,LEB,NH,ANE,EN,Federal Contract Tower,0,7,8,0,15,0,6,13,0,19,0,13,21,0,34,10,0,10,44
10/30/2008,LEB,NH,ANE,EN,Federal Contract Tower,0,14,11,0,25,0,10,47,0,57,0,24,58,0,82,22,0,22,104
10/31/2008,LEB,NH,ANE,EN,Federal Contract Tower,0,12,14,0,26,0,1,44,0,45,0,13,58,0,71,46,0,46,117
11/01/2008,LEB,NH,ANE,EN,Federal Contract Tower,0,10,5,0,15,0,0,41,4,45,0,10,46,4,60,56,0,56,116
11/02/2008,LEB,NH,ANE,EN,Federal Contract Tower,0,12,19,0,31,0,10,42,0,52,0,22,61,0,83,68,0,68,151
11/03/2008,LEB,NH,ANE,EN,Federal Contract Tower,0,16,10,0,26,0,7,35,0,42,0,23,45,0,68,62,0,62,130
11/04/2008,LEB,NH,ANE,EN,Federal Contract Tower,0,10,16,0,26,0,11,33,0,44,0,21,49,0,70,4,0,4,74
11/05/2008,LEB,NH,ANE,EN,Federal Contract Tower,0,11,8,0,19,0,15,31,0,46,0,26,39,0,65,78,0,78,143
11/06/2008,LEB,NH,ANE,EN,Federal Contract Tower,0,15,10,0,25,0,0,10,0,10,0,15,20,0,35,22,0,22,57
11/07/2008,LEB,NH,ANE,EN,Federal Contract Tower,0,15,15,0,30,0,0,8,0,8,0,15,23,0,38,32,0,32,70
11/08/2008,LEB,NH,ANE,EN,Federal Contract Tower,0,20,11,0,31,0,0,0,0,0,0,20,11,0,31,0,0,0,31
11/09/2008,LEB,NH,ANE,EN,Federal Contract Tower,0,13,11,0,24,0,13,13,0,26,0,26,24,0,50,48,0,48,98
11/10/2008,LEB,NH,ANE,EN,Federal Contract Tower,0,13,5,0,18,0,2,31,0,33,0,15,36,0,51,56,0,56,107
11/11/2008,LEB,NH,ANE,EN,Federal Contract Tower,0,21,8,0,29,0,0,10,0,10,0,21,18,0,39,20,0,20,59
11/12/2008,LEB,NH,ANE,EN,Federal Contract Tower,0,16,6,0,22,0,14,62,2,78,0,30,68,2,100,96,0,96,196
11/13/2008,LEB,NH,ANE,EN,Federal Contract Tower,0,17,10,0,27,0,2,6,0,8,0,19,16,0,35,0,0,0,35
11/14/2008,LEB,NH,ANE,EN,Federal Contract Tower,0,14,15,0,29,0,0,0,0,0,0,14,15,0,29,18,0,18,47
11/15/2008,LEB,NH,ANE,EN,Federal Contract Tower,0,14,15,0,29,0,0,0,0,0,0,14,15,0,29,0,0,0,29
11/16/2008,LEB,NH,ANE,EN,Federal Contract Tower,0,11,7,0,18,0,7,3,0,10,0,18,10,0,28,4,0,4,32
11/17/2008,LEB,NH,ANE,EN,Federal Contract Tower,0,13,5,0,18,0,10,11,0,21,0,23,16,0,39,26,0,26,65
11/18/2008,LEB,NH,ANE,EN,Federal Contract Tower,0,15,12,0,27,0,5,22,0,27,0,20,34,0,54,12,0,12,66
11/19/2008,LEB,NH,ANE,EN,Federal Contract Tower,0,14,7,0,21,0,5,31,0,36,0,19,38,0,57,16,0,16,73
11/20/2008,LEB,NH,ANE,EN,Federal Contract Tower,0,14,12,0,26,0,31,14,0,45,0,45,26,0,71,34,0,34,105
11/21/2008,LEB,NH,ANE,EN,Federal Contract Tower,0,16,11,0,27,0,4,34,0,38,0,20,45,0,65,10,0,10,75
11/22/2008,LEB,NH,ANE,EN,Federal Contract Tower,0,16,5,0,21,0,0,2,0,2,0,16,7,0,23,18,0,18,41
11/23/2008,LEB,NH,ANE,EN,Federal Contract Tower,0,9,4,0,13,0,11,29,0,40,0,20,33,0,53,44,0,44,97
11/24/2008,LEB,NH,ANE,EN,Federal Contract Tower,0,11,9,0,20,0,28,52,0,80,0,39,61,0,100,104,0,104,204
11/25/2008,LEB,NH,ANE,EN,Federal Contract Tower,0,10,4,0,14,0,0,2,0,2,0,10,6,0,16,2,0,2,18
11/26/2008,LEB,NH,ANE,EN,Federal Contract Tower,0,22,17,0,39,0,1,2,0,3,0,23,19,0,42,0,0,0,42
11/27/2008,LEB,NH,ANE,EN,Federal Contract Tower,0,15,3,0,18,0,11,28,2,41,0,26,31,2,59,40,0,40,99
11/28/2008,LEB,NH,ANE,EN,Federal Contract Tower,0,11,7,0,18,0,1,9,0,10,0,12,16,0,28,0,0,0,28
11/29/2008,LEB,NH,ANE,EN,Federal Contract Tower,0,15,8,0,23,0,20,59,4,83,0,35,67,4,106,122,0,122,228
11/30/2008,LEB,NH,ANE,EN,Federal Contract Tower,0,19,26,0,45,0,5,30,0,35,0,24,56,0,80,54,0,54,134
12/01/2008,LEB,NH,ANE,EN,Federal Contract Tower,0,17,6,0,23,0,3,20,0,23,0,20,26,0,46,22,0,22,68
12/02/2008,LEB,NH,ANE,EN,Federal Contract Tower,0,13,11,0,24,0,5,19,0,24,0,18,30,0,48,22,0,22,70
12/03/2008,LEB,NH,ANE,EN,Federal Contract Tower,0,12,12,0,24,0,17,60,0,77,0,29,72,0,101,96,0,96,197
12/04/2008,LEB,NH,ANE,EN,Federal Contract Tower,0,12,0,0,12,0,32,18,0,50,0,44,18,0,62,42,0,42,104
12/05/2008,LEB,NH,ANE,EN,Federal Contract Tower,0,15,16,0,31,0,18,42,0,60,0,33,58,0,91,46,0,46,137
12/06/2008,LEB,NH,ANE,EN,Federal Contract Tower,0,1,0,0,1,0,18,52,4,74,0,19,52,4,75,56,0,56,131
12/07/2008,LEB,NH,ANE,EN,Federal Contract Tower,0,11,4,0,15,0,1,2,0,3,0,12,6,0,18,12,0,12,30
12/08/2008,LEB,NH,ANE,EN,Federal Contract Tower,0,8,10,0,18,0,13,40,0,53,0,21,50,0,71,86,0,86,157
12/09/2008,LEB,NH,ANE,EN,Federal Contract Tower,0,12,6,0,18,0,0,0,0,0,0,12,6,0,18,0,0,0,18
12/10/2008,LEB,NH,ANE,EN,Federal Contract Tower,0,14,4,0,18,0,10,23,2,35,0,24,27,2,53,14,0,14,67
12/11/2008,LEB,NH,ANE,EN,Federal Contract Tower,0,10,11,0,21,0,0,0,0,0,0,10,11,0,21,0,0,0,21
12/12/2008,LEB,NH,ANE,EN,Federal Contract Tower,0,16,10,0,26,0,0,0,0,0,0,16,10,0,26,8,0,8,34
12/13/2008,LEB,NH,ANE,EN,Federal Contract Tower,0,13,10,0,23,0,17,34,0,51,0,30,44,0,74,40,0,40,114
12/14/2008,LEB,NH,ANE,EN,Federal Contract Tower,0,8,16,0,24,0,17,21,0,38,0,25,37,0,62,40,0,40,102
12/15/2008,LEB,NH,ANE,EN,Federal Contract Tower,0,14,17,0,31,0,5,25,0,30,0,19,42,0,61,68,0,68,129
12/16/2008,LEB,NH,ANE,EN,Federal Contract Tower,0,12,7,0,19,0,9,57,2,68,0,21,64,2,87,146,0,146,233
12/17/2008,LEB,NH,ANE,EN,Federal Contract Tower,0,1,4,0,5,0,2,4,0,6,0,3,8,0,11,38,0,38,49
12/18/2008,LEB,NH,ANE,EN,Federal Contract Tower,0,10,12,0,22,0,22,51,0,73,0,32,63,0,95,40,0,40,135
12/19/2008,LEB,NH,ANE,EN,Federal Contract Tower,0,2,9,0,11,0,0,27,0,27,0,2,36,0,38,28,0,28,66
12/20/2008,LEB,NH,ANE,EN,Federal Contract Tower,0,6,7,0,13,0,8,0,0,8,0,14,7,0,21,0,0,0,21
12/21/2008,LEB,NH,ANE,EN,Federal Contract Tower,0,1,1,0,2,0,0,0,0,0,0,1,1,0,2,0,0,0,2
12/22/2008,LEB,NH,ANE,EN,Federal Contract Tower,0,8,4,2,14,0,3,8,0,11,0,11,12,2,25,0,0,0,25
12/23/2008,LEB,NH,ANE,EN,Federal Contract Tower,0,17,14,0,31,0,11,47,0,58,0,28,61,0,89,134,0,134,223
12/24/2008,LEB,NH,ANE,EN,Federal Contract Tower,0,11,3,0,14,0,0,2,0,2,0,11,5,0,16,26,0,26,42
12/25/2008,LEB,NH,ANE,EN,Federal Contract Tower,0,11,1,0,12,0,3,3,0,6,0,14,4,0,18,0,0,0,18
12/26/2008,LEB,NH,ANE,EN,Federal Contract Tower,0,12,9,0,21,0,6,52,0,58,0,18,61,0,79,48,0,48,127
12/27/2008,LEB,NH,ANE,EN,Federal Contract Tower,0,19,5,0,24,0,0,0,0,0,0,19,5,0,24,0,0,0,24
12/28/2008,LEB,NH,ANE,EN,Federal Contract Tower,0,11,10,0,21,0,7,0,0,7,0,18,10,0,28,0,0,0,28
12/29/2008,LEB,NH,ANE,EN,Federal Contract Tower,0,14,11,0,25,0,19,34,0,53,0,33,45,0,78,92,0,92,170
12/30/2008,LEB,NH,ANE,EN,Federal Contract Tower,0,11,5,0,16,0,5,18,0,23,0,16,23,0,39,18,0,18,57
12/31/2008,LEB,NH,ANE,EN,Federal Contract Tower,0,5,3,0,8,0,0,0,0,0,0,5,3,0,8,0,0,0,8
01/01/2009,LEB,NH,ANE,EN,Federal Contract Tower,0,8,2,0,10,0,34,21,0,55,0,42,23,0,65,40,0,40,105
01/02/2009,LEB,NH,ANE,EN,Federal Contract Tower,0,14,13,0,27,0,16,33,0,49,0,30,46,0,76,22,0,22,98
01/03/2009,LEB,NH,ANE,EN,Federal Contract Tower,0,10,13,0,23,0,17,16,4,37,0,27,29,4,60,12,0,12,72
01/04/2009,LEB,NH,ANE,EN,Federal Contract Tower,0,10,8,0,18,0,12,37,0,49,0,22,45,0,67,78,0,78,145
01/05/2009,LEB,NH,ANE,EN,Federal Contract Tower,0,13,1,0,14,0,8,9,0,17,0,21,10,0,31,36,0,36,67
01/06/2009,LEB,NH,ANE,EN,Federal Contract Tower,0,8,14,0,22,0,15,48,0,63,0,23,62,0,85,108,0,108,193
01/07/2009,LEB,NH,ANE,EN,Federal Contract Tower,0,0,2,0,2,0,0,0,0,0,0,0,2,0,2,0,0,0,2
01/08/2009,LEB,NH,ANE,EN,Federal Contract Tower,0,16,8,0,24,0,0,0,0,0,0,16,8,0,24,0,0,0,24
01/09/2009,LEB,NH,ANE,EN,Federal Contract Tower,0,13,10,0,23,0,12,57,0,69,0,25,67,0,92,130,0,130,222
01/10/2009,LEB,NH,ANE,EN,Federal Contract Tower,0,8,7,0,15,0,36,48,4,88,0,44,55,4,103,52,0,52,155
01/11/2009,LEB,NH,ANE,EN,Federal Contract Tower,0,9,7,0,16,0,6,7,0,13,0,15,14,0,29,68,0,68,97
01/12/2009,LEB,NH,ANE,EN,Federal Contract Tower,0,9,5,0,14,0,14,8,0,22,0,23,13,0,36,34,0,34,70
01/13/2009,LEB,NH,ANE,EN,Federal Contract Tower,0,11,6,0,17,0,0,12,0,12,0,11,18,0,29,100,0,100,129
01/14/2009,LEB,NH,ANE,EN,Federal Contract Tower,0,13,6,0,19,0,14,24,0,38,0,27,30,0,57,62,0,62,119
01/15/2009,LEB,NH,ANE,EN,Federal Contract Tower,0,11,7,0,18,0,23,32,4,59,0,34,39,4,77,48,0,48,125
01/16/2009,LEB,NH,ANE,EN,Federal Contract Tower,0,14,9,0,23,0,16,42,4,62,0,30,51,4,85,52,0,52,137
01/17/2009,LEB,NH,ANE,EN,Federal Contract Tower,0,9,12,0,21,0,15,34,0,49,0,24,46,0,70,68,0,68,138
01/18/2009,LEB,NH,ANE,EN,Federal Contract Tower,0,6,5,0,11,0,0,0,0,0,0,6,5,0,11,0,0,0,11
01/19/2009,LEB,NH,ANE,EN,Federal Contract Tower,0,22,8,0,30,0,2,8,0,10,0,24,16,0,40,28,0,28,68
01/20/2009,LEB,NH,ANE,EN,Federal Contract Tower,0,18,9,0,27,0,3,15,0,18,0,21,24,0,45,52,0,52,97
01/21/2009,LEB,NH,ANE,EN,Federal Contract Tower,0,12,9,1,22,0,20,22,0,42,0,32,31,1,64,24,0,24,88
01/22/2009,LEB,NH,ANE,EN,Federal Contract Tower,0,18,6,0,24,0,13,32,0,45,0,31,38,0,69,82,0,82,151
01/23/2009,LEB,NH,ANE,EN,Federal Contract Tower,0,25,11,0,36,0,10,34,0,44,0,35,45,0,80,68,0,68,148
01/24/2009,LEB,NH,ANE,EN,Federal Contract Tower,0,11,2,0,13,0,17,18,6,41,0,28,20,6,54,44,0,44,98
01/25/2009,LEB,NH,ANE,EN,Federal Contract Tower,0,9,4,0,13,0,19,28,0,47,0,28,32,0,60,72,0,72,132
01/26/2009,LEB,NH,ANE,EN,Federal Contract Tower,0,11,2,0,13,0,22,31,0,53,0,33,33,0,66,48,0,48,114
01/27/2009,LEB,NH,ANE,EN,Federal Contract Tower,0,8,10,2,20,0,7,17,2,26,0,15,27,4,46,44,4,48,94
01/28/2009,LEB,NH,ANE,EN,Federal Contract Tower,0,2,0,0,2,0,0,0,0,0,0,2,0,0,2,0,0,0,2
01/29/2009,LEB,NH,ANE,EN,Federal Contract Tower,0,8,13,0,21,0,32,45,4,81,0,40,58,4,102,58,0,58,160
01/30/2009,LEB,NH,ANE,EN,Federal Contract Tower,0,9,17,0,26,0,11,30,0,41,0,20,47,0,67,82,0,82,149
01/31/2009,LEB,NH,ANE,EN,Federal Contract Tower,0,11,4,0,15,0,21,30,4,55,0,32,34,4,70,70,0,70,140
02/01/2009,LEB,NH,ANE,EN,Federal Contract Tower,0,13,5,0,18,0,22,29,0,51,0,35,34,0,69,96,0,96,165
02/02/2009,LEB,NH,ANE,EN,Federal Contract Tower,0,15,11,0,26,0,10,31,0,41,0,25,42,0,67,82,0,82,149
02/03/2009,LEB,NH,ANE,EN,Federal Contract Tower,0,15,0,0,15,0,6,17,0,23,0,21,17,0,38,34,0,34,72
02/04/2009,LEB,NH,ANE,EN,Federal Contract Tower,0,5,2,0,7,0,10,14,0,24,0,15,16,0,31,58,0,58,89
02/05/2009,LEB,NH,ANE,EN,Federal Contract Tower,0,6,9,1,16,0,26,44,4,74,0,32,53,5,90,94,0,94,184
02/06/2009,LEB,NH,ANE,EN,Federal Contract Tower,0,12,8,0,20,0,14,59,2,75,0,26,67,2,95,124,0,124,219
02/07/2009,LEB,NH,ANE,EN,Federal Contract Tower,0,11,4,0,15,0,21,40,6,67,0,32,44,6,82,80,2,82,164
02/08/2009,LEB,NH,ANE,EN,Federal Contract Tower,0,14,7,0,21,0,13,16,0,29,0,27,23,0,50,58,0,58,108
02/09/2009,LEB,NH,ANE,EN,Federal Contract Tower,0,10,1,0,11,0,16,31,5,52,0,26,32,5,63,98,6,104,167
02/10/2009,LEB,NH,ANE,EN,Federal Contract Tower,0,13,2,0,15,0,6,10,4,20,0,19,12,4,35,30,0,30,65
02/11/2009,LEB,NH,ANE,EN,Federal Contract Tower,0,10,15,0,25,0,15,35,0,50,0,25,50,0,75,28,0,28,103
02/12/2009,LEB,NH,ANE,EN,Federal Contract Tower,0,14,7,0,21,0,9,27,0,36,0,23,34,0,57,32,0,32,89
02/13/2009,LEB,NH,ANE,EN,Federal Contract Tower,0,19,4,0,23,0,13,16,0,29,0,32,20,0,52,28,0,28,80
02/14/2009,LEB,NH,ANE,EN,Federal Contract Tower,0,6,10,0,16,0,23,45,3,71,0,29,55,3,87,56,0,56,143
02/15/2009,LEB,NH,ANE,EN,Federal Contract Tower,0,8,10,0,18,0,21,63,6,90,0,29,73,6,108,116,0,116,224
02/16/2009,LEB,NH,ANE,EN,Federal Contract Tower,0,15,11,0,26,0,23,42,0,65,0,38,53,0,91,128,0,128,219
02/17/2009,LEB,NH,ANE,EN,Federal Contract Tower,0,10,13,0,23,0,13,67,0,80,0,23,80,0,103,160,0,160,263
02/18/2009,LEB,NH,ANE,EN,Federal Contract Tower,0,6,4,0,10,0,12,27,0,39,0,18,31,0,49,104,0,104,153
02/19/2009,LEB,NH,ANE,EN,Federal Contract Tower,0,16,6,0,22,0,15,31,0,46,0,31,37,0,68,138,0,138,206
02/20/2009,LEB,NH,ANE,EN,Federal Contract Tower,0,12,5,0,17,0,11,39,0,50,0,23,44,0,67,40,0,40,107
02/21/2009,LEB,NH,ANE,EN,Federal Contract Tower,0,8,3,0,11,0,14,30,4,48,0,22,33,4,59,58,0,58,117
02/22/2009,LEB,NH,ANE,EN,Federal Contract Tower,0,9,1,0,10,0,0,0,0,0,0,9,1,0,10,0,0,0,10
02/23/2009,LEB,NH,ANE,EN,Federal Contract Tower,0,10,10,0,20,0,4,2,0,6,0,14,12,0,26,0,0,0,26
02/24/2009,LEB,NH,ANE,EN,Federal Contract Tower,0,9,5,1,15,0,12,23,1,36,0,21,28,2,51,18,6,24,75
02/25/2009,LEB,NH,ANE,EN,Federal Contract Tower,0,7,7,0,14,0,19,66,8,93,0,26,73,8,107,128,2,130,237
02/26/2009,LEB,NH,ANE,EN,Federal Contract Tower,0,14,7,0,21,0,10,49,0,59,0,24,56,0,80,82,0,82,162
02/27/2009,LEB,NH,ANE,EN,Federal Contract Tower,0,15,10,0,25,0,6,8,0,14,0,21,18,0,39,0,0,0,39
02/28/2009,LEB,NH,ANE,EN,Federal Contract Tower,0,12,1,0,13,0,17,51,18,86,0,29,52,18,99,106,0,106,205
03/01/2009,LEB,NH,ANE,EN,Federal Contract Tower,0,13,8,0,21,0,12,24,4,40,0,25,32,4,61,42,0,42,103
03/02/2009,LEB,NH,ANE,EN,Federal Contract Tower,0,2,3,0,5,0,0,0,0,0,0,2,3,0,5,0,0,0,5
03/03/2009,LEB,NH,ANE,EN,Federal Contract Tower,0,14,5,0,19,0,6,6,6,18,0,20,11,6,37,8,12,20,57
03/04/2009,LEB,NH,ANE,EN,Federal Contract Tower,0,8,11,0,19,0,22,46,1,69,0,30,57,1,88,76,6,82,170
03/05/2009,LEB,NH,ANE,EN,Federal Contract Tower,0,4,16,0,20,0,32,51,4,87,0,36,67,4,107,62,0,62,169
03/06/2009,LEB,NH,ANE,EN,Federal Contract Tower,0,17,11,0,28,0,17,28,0,45,0,34,39,0,73,78,0,78,151
03/07/2009,LEB,NH,ANE,EN,Federal Contract Tower,0,5,7,0,12,0,10,43,0,53,0,15,50,0,65,98,0,98,163
03/08/2009,LEB,NH,ANE,EN,Federal Contract Tower,0,12,7,0,19,0,24,32,0,56,0,36,39,0,75,50,0,50,125
03/09/2009,LEB,NH,ANE,EN,Federal Contract Tower,0,10,8,0,18,0,0,0,0,0,0,10,8,0,18,0,0,0,18
03/10/2009,LEB,NH,ANE,EN,Federal Contract Tower,0,9,5,1,15,0,5,28,6,39,0,14,33,7,54,80,8,88,142
03/11/2009,LEB,NH,ANE,EN,Federal Contract Tower,0,11,8,0,19,0,4,14,0,18,0,15,22,0,37,10,0,10,47
03/12/2009,LEB,NH,ANE,EN,Federal Contract Tower,0,11,8,2,21,0,19,51,4,74,0,30,59,6,95,112,8,120,215
03/13/2009,LEB,NH,ANE,EN,Federal Contract Tower,0,5,12,0,17,0,22,46,2,70,0,27,58,2,87,106,0,106,193
03/14/2009,LEB,NH,ANE,EN,Federal Contract Tower,0,10,3,0,13,0,8,46,0,54,0,18,49,0,67,74,0,74,141
03/15/2009,LEB,NH,ANE,EN,Federal Contract Tower,0,8,11,0,19,0,20,60,2,82,0,28,71,2,101,104,0,104,205
03/16/2009,LEB,NH,ANE,EN,Federal Contract Tower,0,7,13,0,20,0,28,77,0,105,0,35,90,0,125,126,0,126,251
03/17/2009,LEB,NH,ANE,EN,Federal Contract Tower,0,4,5,2,11,0,11,42,4,57,0,15,47,6,68,78,0,78,146
03/18/2009,LEB,NH,ANE,EN,Federal Contract Tower,0,7,9,0,16,0,8,13,0,21,0,15,22,0,37,26,0,26,63
03/19/2009,LEB,NH,ANE,EN,Federal Contract Tower,0,12,21,0,33,0,21,46,0,67,0,33,67,0,100,170,0,170,270
03/20/2009,LEB,NH,ANE,EN,Federal Contract Tower,0,4,7,0,11,0,24,88,0,112,0,28,95,0,123,94,0,94,217
03/21/2009,LEB,NH,ANE,EN,Federal Contract Tower,0,2,8,0,10,0,21,63,4,88,0,23,71,4,98,112,12,124,222
03/22/2009,LEB,NH,ANE,EN,Federal Contract Tower,0,10,2,0,12,0,9,25,0,34,0,19,27,0,46,84,0,84,130
03/23/2009,LEB,NH,ANE,EN,Federal Contract Tower,0,7,5,0,12,0,7,51,3,61,0,14,56,3,73,30,0,30,103
03/24/2009,LEB,NH,ANE,EN,Federal Contract Tower,0,6,0,0,6,0,8,31,0,39,0,14,31,0,45,58,0,58,103
03/25/2009,LEB,NH,ANE,EN,Federal Contract Tower,0,5,15,0,20,0,14,67,4,85,0,19,82,4,105,94,0,94,199
03/26/2009,LEB,NH,ANE,EN,Federal Contract Tower,0,9,7,0,16,0,23,21,0,44,0,32,28,0,60,40,0,40,100
03/27/2009,LEB,NH,ANE,EN,Federal Contract Tower,0,10,7,0,17,0,4,17,0,21,0,14,24,0,38,22,0,22,60
03/28/2009,LEB,NH,ANE,EN,Federal Contract Tower,0,11,7,0,18,0,14,39,7,60,0,25,46,7,78,74,0,74,152
03/29/2009,LEB,NH,ANE,EN,Federal Contract Tower,0,14,9,0,23,0,0,0,0,0,0,14,9,0,23,0,0,0,23
03/30/2009,LEB,NH,ANE,EN,Federal Contract Tower,0,10,2,2,14,0,6,0,0,6,0,16,2,2,20,0,0,0,20
03/31/2009,LEB,NH,ANE,EN,Federal Contract Tower,0,8,5,0,13,0,7,13,0,20,0,15,18,0,33,28,0,28,61
04/01/2009,LEB,NH,ANE,EN,Federal Contract Tower,0,13,3,0,16,0,14,31,4,49,0,27,34,4,65,88,0,88,153
04/02/2009,LEB,NH,ANE,EN,Federal Contract Tower,0,15,9,0,24,0,25,34,6,65,0,40,43,6,89,96,0,96,185
04/03/2009,LEB,NH,ANE,EN,Federal Contract Tower,0,12,1,0,13,0,0,0,0,0,0,12,1,0,13,0,0,0,13
04/04/2009,LEB,NH,ANE,EN,Federal Contract Tower,0,11,11,0,22,0,4,19,0,23,0,15,30,0,45,28,0,28,73
04/05/2009,LEB,NH,ANE,EN,Federal Contract Tower,0,13,16,0,29,0,13,27,0,40,0,26,43,0,69,30,0,30,99
04/06/2009,LEB,NH,ANE,EN,Federal Contract Tower,0,11,7,1,19,0,2,14,0,16,0,13,21,1,35,30,0,30,65
04/07/2009,LEB,NH,ANE,EN,Federal Contract Tower,0,13,7,0,20,0,7,6,0,13,0,20,13,0,33,38,0,38,71
04/08/2009,LEB,NH,ANE,EN,Federal Contract Tower,0,10,14,0,24,0,25,54,4,83,0,35,68,4,107,100,0,100,207
04/09/2009,LEB,NH,ANE,EN,Federal Contract Tower,0,8,12,0,20,0,36,49,8,93,0,44,61,8,113,78,0,78,191
04/10/2009,LEB,NH,ANE,EN,Federal Contract Tower,0,10,14,1,25,0,22,91,0,113,0,32,105,1,138,114,0,114,252
04/11/2009,LEB,NH,ANE,EN,Federal Contract Tower,0,12,7,0,19,0,28,39,0,67,0,40,46,0,86,86,0,86,172
04/12/2009,LEB,NH,ANE,EN,Federal Contract Tower,0,25,5,0,30,0,12,3,0,15,0,37,8,0,45,0,0,0,45
04/13/2009,LEB,NH,ANE,EN,Federal Contract Tower,0,13,16,0,29,0,25,45,1,71,0,38,61,1,100,84,0,84,184
04/14/2009,LEB,NH,ANE,EN,Federal Contract Tower,0,5,3,0,8,0,18,56,2,76,0,23,59,2,84,124,0,124,208
04/15/2009,LEB,NH,ANE,EN,Federal Contract Tower,0,5,8,0,13,0,20,56,14,90,0,25,64,14,103,166,0,166,269
04/16/2009,LEB,NH,ANE,EN,Federal Contract Tower,0,3,3,0,6,0,30,67,4,101,0,33,70,4,107,104,0,104,211
04/17/2009,LEB,NH,ANE,EN,Federal Contract Tower,0,4,11,0,15,0,28,48,4,80,0,32,59,4,95,28,0,28,123
04/18/2009,LEB,NH,ANE,EN,Federal Contract Tower,0,8,9,1,18,0,22,27,1,50,0,30,36,2,68,20,0,20,88
04/19/2009,LEB,NH,ANE,EN,Federal Contract Tower,0,6,6,0,12,0,20,42,4,66,0,26,48,4,78,54,0,54,132
04/20/2009,LEB,NH,ANE,EN,Federal Contract Tower,0,2,3,0,5,0,8,9,0,17,0,10,12,0,22,28,0,28,50
04/21/2009,LEB,NH,ANE,EN,Federal Contract Tower,0,14,7,0,21,0,0,0,0,0,0,14,7,0,21,0,0,0,21
04/22/2009,LEB,NH,ANE,EN,Federal Contract Tower,0,13,4,0,17,0,3,16,0,19,0,16,20,0,36,22,0,22,58
04/23/2009,LEB,NH,ANE,EN,Federal Contract Tower,0,15,7,4,26,0,31,29,0,60,0,46,36,4,86,8,0,8,94
04/24/2009,LEB,NH,ANE,EN,Federal Contract Tower,0,4,7,0,11,0,32,95,2,129,0,36,102,2,140,166,0,166,306
04/25/2009,LEB,NH,ANE,EN,Federal Contract Tower,0,4,9,0,13,0,24,70,4,98,0,28,79,4,111,94,0,94,205
04/26/2009,LEB,NH,ANE,EN,Federal Contract Tower,0,10,5,0,15,0,14,40,0,54,0,24,45,0,69,48,0,48,117
04/27/2009,LEB,NH,ANE,EN,Federal Contract Tower,0,3,6,0,9,0,20,44,0,64,0,23,50,0,73,64,0,64,137
04/28/2009,LEB,NH,ANE,EN,Federal Contract Tower,0,5,4,0,9,0,17,20,0,37,0,22,24,0,46,52,0,52,98
04/29/2009,LEB,NH,ANE,EN,Federal Contract Tower,0,2,9,0,11,0,28,65,16,109,0,30,74,16,120,180,18,198,318
04/30/2009,LEB,NH,ANE,EN,Federal Contract Tower,0,5,8,0,13,0,20,35,0,55,0,25,43,0,68,48,0,48,116
05/01/2009,LEB,NH,ANE,EN,Federal Contract Tower,0,12,16,0,28,0,9,27,2,38,0,21,43,2,66,44,0,44,110
05/02/2009,LEB,NH,ANE,EN,Federal Contract Tower,0,15,11,0,26,0,31,39,4,74,0,46,50,4,100,52,0,52,152
05/03/2009,LEB,NH,ANE,EN,Federal Contract Tower,0,16,17,0,33,0,17,38,0,55,0,33,55,0,88,66,0,66,154
05/04/2009,LEB,NH,ANE,EN,Federal Contract Tower,0,4,15,0,19,0,15,38,0,53,0,19,53,0,72,52,0,52,124
05/05/2009,LEB,NH,ANE,EN,Federal Contract Tower,0,12,6,0,18,0,7,5,0,12,0,19,11,0,30,0,0,0,30
05/06/2009,LEB,NH,ANE,EN,Federal Contract Tower,0,9,8,0,17,0,22,21,0,43,0,31,29,0,60,40,0,40,100
05/07/2009,LEB,NH,ANE,EN,Federal Contract Tower,0,16,16,0,32,0,16,13,4,33,0,32,29,4,65,0,0,0,65
05/08/2009,LEB,NH,ANE,EN,Federal Contract Tower,0,7,9,0,16,0,14,35,0,49,0,21,44,0,65,76,0,76,141
05/09/2009,LEB,NH,ANE,EN,Federal Contract Tower,0,8,12,0,20,0,8,9,4,21,0,16,21,4,41,22,0,22,63
05/10/2009,LEB,NH,ANE,EN,Federal Contract Tower,0,9,5,0,14,0,25,17,0,42,0,34,22,0,56,48,0,48,104
05/11/2009,LEB,NH,ANE,EN,Federal Contract Tower,0,7,4,1,12,0,23,42,2,67,0,30,46,3,79,50,0,50,129
05/12/2009,LEB,NH,ANE,EN,Federal Contract Tower,0,1,8,0,9,0,19,12,0,31,0,20,20,0,40,18,0,18,58
05/13/2009,LEB,NH,ANE,EN,Federal Contract Tower,0,3,4,0,7,0,36,64,4,104,0,39,68,4,111,104,0,104,215
05/14/2009,LEB,NH,ANE,EN,Federal Contract Tower,0,11,11,0,22,0,9,18,0,27,0,20,29,0,49,66,0,66,115
05/15/2009,LEB,NH,ANE,EN,Federal Contract Tower,0,9,17,0,26,0,17,69,0,86,0,26,86,0,112,108,0,108,220
05/16/2009,LEB,NH,ANE,EN,Federal Contract Tower,0,8,6,1,15,0,18,38,4,60,0,26,44,5,75,80,0,80,155
05/17/2009,LEB,NH,ANE,EN,Federal Contract Tower,0,11,7,0,18,0,25,17,0,42,0,36,24,0,60,0,0,0,60
05/18/2009,LEB,NH,ANE,EN,Federal Contract Tower,0,6,8,0,14,0,26,39,0,65,0,32,47,0,79,66,0,66,145
05/19/2009,LEB,NH,ANE,EN,Federal Contract Tower,0,3,13,0,16,0,11,48,0,59,0,14,61,0,75,94,0,94,169
05/20/2009,LEB,NH,ANE,EN,Federal Contract Tower,0,3,14,0,17,0,21,65,0,86,0,24,79,0,103,180,0,180,283
05/21/2009,LEB,NH,ANE,EN,Federal Contract Tower,0,7,5,0,12,0,25,50,0,75,0,32,55,0,87,42,0,42,129
05/22/2009,LEB,NH,ANE,EN,Federal Contract Tower,0,9,8,0,17,0,19,51,2,72,0,28,59,2,89,60,0,60,149
05/23/2009,LEB,NH,ANE,EN,Federal Contract Tower,0,6,8,0,14,0,28,37,0,65,0,34,45,0,79,16,0,16,95
05/24/2009,LEB,NH,ANE,EN,Federal Contract Tower,0,5,11,0,16,0,29,55,0,84,0,34,66,0,100,64,0,64,164
05/25/2009,LEB,NH,ANE,EN,Federal Contract Tower,0,7,4,1,12,0,19,46,0,65,0,26,50,1,77,62,0,62,139
05/26/2009,LEB,NH,ANE,EN,Federal Contract Tower,0,5,5,0,10,0,16,61,0,77,0,21,66,0,87,168,0,168,255
05/27/2009,LEB,NH,ANE,EN,Federal Contract Tower,0,10,13,0,23,0,0,0,0,0,0,10,13,0,23,0,0,0,23
05/28/2009,LEB,NH,ANE,EN,Federal Contract Tower,0,18,8,0,26,0,4,0,0,4,0,22,8,0,30,0,0,0,30
05/29/2009,LEB,NH,ANE,EN,Federal Contract Tower,0,11,8,0,19,0,5,18,0,23,0,16,26,0,42,78,0,78,120
05/30/2009,LEB,NH,ANE,EN,Federal Contract Tower,0,8,4,0,12,0,19,43,6,68,0,27,47,6,80,98,0,98,178
05/31/2009,LEB,NH,ANE,EN,Federal Contract Tower,0,6,7,0,13,0,25,25,0,50,0,31,32,0,63,28,0,28,91
06/01/2009,LEB,NH,ANE,EN,Federal Contract Tower,0,4,3,0,7,0,27,38,0,65,0,31,41,0,72,86,0,86,158
06/02/2009,LEB,NH,ANE,EN,Federal Contract Tower,0,10,10,0,20,0,19,34,0,53,0,29,44,0,73,98,0,98,171
06/03/2009,LEB,NH,ANE,EN,Federal Contract Tower,0,7,4,0,11,0,31,75,0,106,0,38,79,0,117,122,0,122,239
06/04/2009,LEB,NH,ANE,EN,Federal Contract Tower,0,4,8,0,12,0,32,45,7,84,0,36,53,7,96,62,0,62,158
06/05/2009,LEB,NH,ANE,EN,Federal Contract Tower,0,6,12,0,18,22,36,0,0,58,22,42,12,0,76,42,0,42,118
06/06/2009,LEB,NH,ANE,EN,Federal Contract Tower,0,9,3,0,12,0,36,70,3,109,0,45,73,3,121,84,0,84,205
06/07/2009,LEB,NH,ANE,EN,Federal Contract Tower,0,8,8,0,16,0,34,62,2,98,0,42,70,2,114,48,0,48,162
06/08/2009,LEB,NH,ANE,EN,Federal Contract Tower,0,6,9,0,15,0,24,53,0,77,0,30,62,0,92,96,0,96,188
06/09/2009,LEB,NH,ANE,EN,Federal Contract Tower,0,17,10,0,27,0,0,0,0,0,0,17,10,0,27,0,0,0,27
06/10/2009,LEB,NH,ANE,EN,Federal Contract Tower,0,11,19,2,32,0,2,21,0,23,0,13,40,2,55,34,0,34,89
06/11/2009,LEB,NH,ANE,EN,Federal Contract Tower,0,17,11,0,28,0,16,29,0,45,0,33,40,0,73,48,0,48,121
06/12/2009,LEB,NH,ANE,EN,Federal Contract Tower,0,16,20,1,37,0,7,12,0,19,0,23,32,1,56,16,0,16,72
06/13/2009,LEB,NH,ANE,EN,Federal Contract Tower,0,14,13,0,27,0,32,44,6,82,0,46,57,6,109,70,0,70,179
06/14/2009,LEB,NH,ANE,EN,Federal Contract Tower,0,16,19,1,36,0,8,36,0,44,0,24,55,1,80,50,0,50,130
06/15/2009,LEB,NH,ANE,EN,Federal Contract Tower,0,20,19,0,39,0,5,0,0,5,0,25,19,0,44,2,0,2,46
06/16/2009,LEB,NH,ANE,EN,Federal Contract Tower,0,11,16,0,27,0,14,30,0,44,0,25,46,0,71,78,0,78,149
06/17/2009,LEB,NH,ANE,EN,Federal Contract Tower,0,5,21,0,26,0,13,56,4,73,0,18,77,4,99,68,0,68,167
06/18/2009,LEB,NH,ANE,EN,Federal Contract Tower,0,14,16,0,30,0,0,0,0,0,0,14,16,0,30,0,0,0,30
06/19/2009,LEB,NH,ANE,EN,Federal Contract Tower,0,14,8,0,22,0,7,9,0,16,0,21,17,0,38,10,0,10,48
06/20/2009,LEB,NH,ANE,EN,Federal Contract Tower,0,10,5,0,15,0,27,52,4,83,0,37,57,4,98,72,0,72,170
06/21/2009,LEB,NH,ANE,EN,Federal Contract Tower,0,18,6,0,24,0,7,6,0,13,0,25,12,0,37,0,0,0,37
06/22/2009,LEB,NH,ANE,EN,Federal Contract Tower,0,15,16,0,31,0,14,16,0,30,0,29,32,0,61,24,0,24,85
06/23/2009,LEB,NH,ANE,EN,Federal Contract Tower,0,12,5,0,17,0,0,18,0,18,0,12,23,0,35,34,0,34,69
06/24/2009,LEB,NH,ANE,EN,Federal Contract Tower,0,11,13,0,24,0,18,24,0,42,0,29,37,0,66,78,0,78,144
06/25/2009,LEB,NH,ANE,EN,Federal Contract Tower,0,12,18,1,31,0,10,60,4,74,0,22,78,5,105,56,8,64,169
06/26/2009,LEB,NH,ANE,EN,Federal Contract Tower,0,11,17,0,28,0,29,55,4,88,0,40,72,4,116,62,0,62,178
06/27/2009,LEB,NH,ANE,EN,Federal Contract Tower,0,22,11,0,33,0,26,54,0,80,0,48,65,0,113,104,0,104,217
06/28/2009,LEB,NH,ANE,EN,Federal Contract Tower,0,14,19,0,33,0,12,5,0,17,0,26,24,0,50,34,0,34,84
06/29/2009,LEB,NH,ANE,EN,Federal Contract Tower,0,13,11,0,24,0,1,2,0,3,0,14,13,0,27,0,0,0,27
06/30/2009,LEB,NH,ANE,EN,Federal Contract Tower,0,12,18,0,30,0,4,2,0,6,0,16,20,0,36,0,0,0,36
07/01/2009,LEB,NH,ANE,EN,Federal Contract Tower,0,7,18,0,25,0,0,2,0,2,0,7,20,0,27,0,0,0,27
07/02/2009,LEB,NH,ANE,EN,Federal Contract Tower,0,13,10,0,23,0,0,0,0,0,0,13,10,0,23,0,0,0,23
07/03/2009,LEB,NH,ANE,EN,Federal Contract Tower,0,15,10,2,27,0,11,18,0,29,0,26,28,2,56,0,0,0,56
07/04/2009,LEB,NH,ANE,EN,Federal Contract Tower,0,11,0,0,11,0,21,17,0,38,0,32,17,0,49,30,0,30,79
07/05/2009,LEB,NH,ANE,EN,Federal Contract Tower,0,12,7,0,19,0,32,63,4,99,0,44,70,4,118,42,0,42,160
07/06/2009,LEB,NH,ANE,EN,Federal Contract Tower,0,9,14,0,23,0,20,48,0,68,0,29,62,0,91,84,0,84,175
07/07/2009,LEB,NH,ANE,EN,Federal Contract Tower,0,14,4,0,18,0,1,0,0,1,0,15,4,0,19,0,0,0,19
07/08/2009,LEB,NH,ANE,EN,Federal Contract Tower,0,14,9,0,23,0,0,4,0,4,0,14,13,0,27,10,0,10,37
07/09/2009,LEB,NH,ANE,EN,Federal Contract Tower,0,13,19,3,35,0,45,72,2,119,0,58,91,5,154,114,2,116,270
07/10/2009,LEB,NH,ANE,EN,Federal Contract Tower,0,16,12,0,28,0,14,74,0,88,0,30,86,0,116,134,0,134,250
07/11/2009,LEB,NH,ANE,EN,Federal Contract Tower,0,6,2,0,8,0,20,42,4,66,0,26,44,4,74,36,0,36,110
07/12/2009,LEB,NH,ANE,EN,Federal Contract Tower,0,10,19,2,31,0,38,97,0,135,0,48,116,2,166,20,0,20,186
07/13/2009,LEB,NH,ANE,EN,Federal Contract Tower,0,10,13,0,23,0,23,45,0,68,0,33,58,0,91,54,0,54,145
07/14/2009,LEB,NH,ANE,EN,Federal Contract Tower,0,8,18,0,26,0,15,60,0,75,0,23,78,0,101,88,0,88,189
07/15/2009,LEB,NH,ANE,EN,Federal Contract Tower,0,6,13,0,19,0,49,92,4,145,0,55,105,4,164,172,0,172,336
07/16/2009,LEB,NH,ANE,EN,Federal Contract Tower,0,9,14,0,23,0,22,49,4,75,0,31,63,4,98,54,0,54,152
07/17/2009,LEB,NH,ANE,EN,Federal Contract Tower,0,11,20,0,31,0,15,47,2,64,0,26,67,2,95,78,0,78,173
07/18/2009,LEB,NH,ANE,EN,Federal Contract Tower,0,12,13,0,25,0,25,52,0,77,0,37,65,0,102,46,0,46,148
07/19/2009,LEB,NH,ANE,EN,Federal Contract Tower,0,15,24,0,39,0,18,53,0,71,0,33,77,0,110,60,0,60,170
07/20/2009,LEB,NH,ANE,EN,Federal Contract Tower,0,15,23,0,38,0,17,39,0,56,0,32,62,0,94,32,0,32,126
07/21/2009,LEB,NH,ANE,EN,Federal Contract Tower,0,20,10,0,30,0,12,13,0,25,0,32,23,0,55,6,0,6,61
07/22/2009,LEB,NH,ANE,EN,Federal Contract Tower,0,9,14,0,23,0,12,30,0,42,0,21,44,0,65,10,0,10,75
07/23/2009,LEB,NH,ANE,EN,Federal Contract Tower,0,14,18,0,32,0,14,25,0,39,0,28,43,0,71,38,0,38,109
07/24/2009,LEB,NH,ANE,EN,Federal Contract Tower,0,20,36,0,56,0,8,10,0,18,0,28,46,0,74,4,0,4,78
07/25/2009,LEB,NH,ANE,EN,Federal Contract Tower,0,10,19,0,29,0,22,51,4,77,0,32,70,4,106,56,0,56,162
07/26/2009,LEB,NH,ANE,EN,Federal Contract Tower,0,18,15,0,33,0,26,12,0,38,0,44,27,0,71,14,0,14,85
07/27/2009,LEB,NH,ANE,EN,Federal Contract Tower,0,9,20,0,29,0,16,62,0,78,0,25,82,0,107,38,0,38,145
07/28/2009,LEB,NH,ANE,EN,Federal Contract Tower,0,5,15,0,20,0,13,54,0,67,0,18,69,0,87,42,0,42,129
07/29/2009,LEB,NH,ANE,EN,Federal Contract Tower,0,8,18,0,26,0,9,49,0,58,0,17,67,0,84,96,0,96,180
07/30/2009,LEB,NH,ANE,EN,Federal Contract Tower,0,13,7,1,21,0,8,45,1,54,0,21,52,2,75,44,0,44,119
07/31/2009,LEB,NH,ANE,EN,Federal Contract Tower,0,9,9,0,18,0,5,0,0,5,0,14,9,0,23,0,0,0,23
08/01/2009,LEB,NH,ANE,EN,Federal Contract Tower,0,5,14,0,19,0,11,34,0,45,0,16,48,0,64,8,0,8,72
08/02/2009,LEB,NH,ANE,EN,Federal Contract Tower,0,11,11,0,22,0,8,13,0,21,0,19,24,0,43,0,0,0,43
08/03/2009,LEB,NH,ANE,EN,Federal Contract Tower,0,7,14,0,21,0,26,47,0,73,0,33,61,0,94,108,0,108,202
08/04/2009,LEB,NH,ANE,EN,Federal Contract Tower,0,10,26,0,36,0,14,64,0,78,0,24,90,0,114,96,0,96,210
08/05/2009,LEB,NH,ANE,EN,Federal Contract Tower,0,13,21,0,34,0,12,52,2,66,0,25,73,2,100,88,8,96,196
08/06/2009,LEB,NH,ANE,EN,Federal Contract Tower,0,7,19,0,26,0,17,65,0,82,0,24,84,0,108,88,0,88,196
08/07/2009,LEB,NH,ANE,EN,Federal Contract Tower,0,9,18,0,27,0,18,57,0,75,0,27,75,0,102,58,0,58,160
08/08/2009,LEB,NH,ANE,EN,Federal Contract Tower,0,6,15,0,21,0,27,80,0,107,0,33,95,0,128,104,0,104,232
08/09/2009,LEB,NH,ANE,EN,Federal Contract Tower,0,15,18,0,33,0,15,19,0,34,0,30,37,0,67,50,0,50,117
08/10/2009,LEB,NH,ANE,EN,Federal Contract Tower,0,16,12,0,28,0,22,25,0,47,0,38,37,0,75,50,0,50,125
08/11/2009,LEB,NH,ANE,EN,Federal Contract Tower,0,12,19,0,31,0,5,34,0,39,0,17,53,0,70,114,0,114,184
08/12/2009,LEB,NH,ANE,EN,Federal Contract Tower,0,21,19,0,40,0,9,40,0,49,0,30,59,0,89,86,0,86,175
08/13/2009,LEB,NH,ANE,EN,Federal Contract Tower,0,16,33,0,49,0,11,36,0,47,0,27,69,0,96,162,0,162,258
08/14/2009,LEB,NH,ANE,EN,Federal Contract Tower,0,12,21,0,33,0,14,81,2,97,0,26,102,2,130,100,0,100,230
08/15/2009,LEB,NH,ANE,EN,Federal Contract Tower,0,4,11,0,15,0,39,61,0,100,0,43,72,0,115,36,0,36,151
08/16/2009,LEB,NH,ANE,EN,Federal Contract Tower,0,12,21,0,33,0,20,46,0,66,0,32,67,0,99,42,0,42,141
08/17/2009,LEB,NH,ANE,EN,Federal Contract Tower,0,10,8,0,18,0,18,19,0,37,0,28,27,0,55,28,0,28,83
08/18/2009,LEB,NH,ANE,EN,Federal Contract Tower,0,11,9,0,20,0,14,37,6,57,0,25,46,6,77,64,0,64,141
08/19/2009,LEB,NH,ANE,EN,Federal Contract Tower,0,10,13,0,23,0,12,39,0,51,0,22,52,0,74,78,0,78,152
08/20/2009,LEB,NH,ANE,EN,Federal Contract Tower,0,12,15,0,27,0,12,48,0,60,0,24,63,0,87,84,0,84,171
08/21/2009,LEB,NH,ANE,EN,Federal Contract Tower,0,13,18,0,31,0,7,5,0,12,0,20,23,0,43,0,0,0,43
08/22/2009,LEB,NH,ANE,EN,Federal Contract Tower,0,21,2,0,23,0,1,3,0,4,0,22,5,0,27,22,0,22,49
08/23/2009,LEB,NH,ANE,EN,Federal Contract Tower,0,20,13,0,33,0,9,0,0,9,0,29,13,0,42,0,0,0,42
08/24/2009,LEB,NH,ANE,EN,Federal Contract Tower,0,15,9,0,24,0,7,11,0,18,0,22,20,0,42,94,0,94,136
08/25/2009,LEB,NH,ANE,EN,Federal Contract Tower,0,18,19,0,37,0,8,43,0,51,0,26,62,0,88,70,0,70,158
08/26/2009,LEB,NH,ANE,EN,Federal Contract Tower,0,6,15,0,21,0,21,39,0,60,0,27,54,0,81,124,0,124,205
08/27/2009,LEB,NH,ANE,EN,Federal Contract Tower,0,8,13,0,21,0,26,70,0,96,0,34,83,0,117,86,0,86,203
08/28/2009,LEB,NH,ANE,EN,Federal Contract Tower,0,6,24,0,30,0,19,71,0,90,0,25,95,0,120,92,0,92,212
08/29/2009,LEB,NH,ANE,EN,Federal Contract Tower,0,10,8,0,18,0,0,0,0,0,0,10,8,0,18,0,0,0,18
08/30/2009,LEB,NH,ANE,EN,Federal Contract Tower,0,17,14,0,31,0,22,22,0,44,0,39,36,0,75,26,0,26,101
08/31/2009,LEB,NH,ANE,EN,Federal Contract Tower,0,12,8,0,20,0,29,25,0,54,0,41,33,0,74,96,0,96,170
09/01/2009,LEB,NH,ANE,EN,Federal Contract Tower,0,6,18,0,24,0,17,52,0,69,0,23,70,0,93,140,0,140,233
09/02/2009,LEB,NH,ANE,EN,Federal Contract Tower,0,2,14,1,17,0,16,45,0,61,0,18,59,1,78,52,0,52,130
09/03/2009,LEB,NH,ANE,EN,Federal Contract Tower,0,4,19,0,23,0,10,33,3,46,0,14,52,3,69,74,2,76,145
09/04/2009,LEB,NH,ANE,EN,Federal Contract Tower,0,7,19,0,26,0,20,79,0,99,0,27,98,0,125,130,0,130,255
09/05/2009,LEB,NH,ANE,EN,Federal Contract Tower,0,11,11,0,22,0,24,41,0,65,0,35,52,0,87,58,0,58,145
09/06/2009,LEB,NH,ANE,EN,Federal Contract Tower,0,4,3,0,7,0,20,35,1,56,0,24,38,1,63,54,0,54,117
09/07/2009,LEB,NH,ANE,EN,Federal Contract Tower,0,15,16,0,31,0,21,34,2,57,0,36,50,2,88,88,0,88,176
09/08/2009,LEB,NH,ANE,EN,Federal Contract Tower,0,12,8,0,20,0,10,24,0,34,0,22,32,0,54,30,0,30,84
09/09/2009,LEB,NH,ANE,EN,Federal Contract Tower,0,8,12,1,21,0,15,38,3,56,0,23,50,4,77,46,8,54,131
09/10/2009,LEB,NH,ANE,EN,Federal Contract Tower,0,11,12,0,23,0,10,34,1,45,0,21,46,1,68,42,0,42,110
09/11/2009,LEB,NH,ANE,EN,Federal Contract Tower,0,14,9,0,23,0,5,23,0,28,0,19,32,0,51,18,0,18,69
09/12/2009,LEB,NH,ANE,EN,Federal Contract Tower,0,21,10,0,31,0,4,27,2,33,0,25,37,2,64,54,22,76,140
09/13/2009,LEB,NH,ANE,EN,Federal Contract Tower,0,8,10,0,18,0,13,33,2,48,0,21,43,2,66,82,14,96,162
09/14/2009,LEB,NH,ANE,EN,Federal Contract Tower,0,5,11,0,16,0,16,36,3,55,0,21,47,3,71,70,0,70,141
09/15/2009,LEB,NH,ANE,EN,Federal Contract Tower,0,8,22,0,30,0,12,38,0,50,0,20,60,0,80,160,0,160,240
09/16/2009,LEB,NH,ANE,EN,Federal Contract Tower,0,13,21,0,34,0,14,48,0,62,0,27,69,0,96,96,0,96,192
09/17/2009,LEB,NH,ANE,EN,Federal Contract Tower,0,9,10,0,19,0,6,28,0,34,0,15,38,0,53,52,0,52,105
09/18/2009,LEB,NH,ANE,EN,Federal Contract Tower,0,16,24,0,40,0,12,11,0,23,0,28,35,0,63,0,0,0,63
09/19/2009,LEB,NH,ANE,EN,Federal Contract Tower,0,5,13,0,18,0,15,27,0,42,0,20,40,0,60,16,2,18,78
09/20/2009,LEB,NH,ANE,EN,Federal Contract Tower,0,17,13,0,30,0,25,53,0,78,0,42,66,0,108,22,0,22,130
09/21/2009,LEB,NH,ANE,EN,Federal Contract Tower,0,10,17,0,27,0,25,51,0,76,0,35,68,0,103,20,0,20,123
09/22/2009,LEB,NH,ANE,EN,Federal Contract Tower,0,20,15,0,35,0,7,7,0,14,0,27,22,0,49,8,0,8,57
09/23/2009,LEB,NH,ANE,EN,Federal Contract Tower,0,14,9,0,23,0,20,53,0,73,0,34,62,0,96,128,0,128,224
09/24/2009,LEB,NH,ANE,EN,Federal Contract Tower,0,10,14,0,24,0,16,34,0,50,0,26,48,0,74,72,0,72,146
09/25/2009,LEB,NH,ANE,EN,Federal Contract Tower,0,17,10,2,29,0,30,47,0,77,0,47,57,2,106,115,0,115,221
09/26/2009,LEB,NH,ANE,EN,Federal Contract Tower,0,14,5,0,19,0,28,61,2,91,0,42,66,2,110,38,0,38,148
09/27/2009,LEB,NH,ANE,EN,Federal Contract Tower,0,19,6,0,25,0,0,0,0,0,0,19,6,0,25,0,0,0,25
09/28/2009,LEB,NH,ANE,EN,Federal Contract Tower,0,21,11,0,32,0,17,23,0,40,0,38,34,0,72,64,0,64,136
09/29/2009,LEB,NH,ANE,EN,Federal Contract Tower,0,11,12,0,23,0,6,8,0,14,0,17,20,0,37,2,0,2,39
09/30/2009,LEB,NH,ANE,EN,Federal Contract Tower,0,14,13,2,29,0,13,33,0,46,0,27,46,2,75,62,0,62,137
10/01/2009,LEB,NH,ANE,EN,Federal Contract Tower,0,15,8,0,23,0,12,28,0,40,0,27,36,0,63,82,0,82,145
10/02/2009,LEB,NH,ANE,EN,Federal Contract Tower,0,13,13,2,28,0,11,30,1,42,0,24,43,3,70,86,0,86,156
10/03/2009,LEB,NH,ANE,EN,Federal Contract Tower,0,15,15,0,30,0,0,0,0,0,0,15,15,0,30,0,0,0,30
10/04/2009,LEB,NH,ANE,EN,Federal Contract Tower,0,19,19,0,38,0,7,35,0,42,0,26,54,0,80,42,0,42,122
10/05/2009,LEB,NH,ANE,EN,Federal Contract Tower,0,17,10,0,27,0,18,28,0,46,0,35,38,0,73,40,0,40,113
10/06/2009,LEB,NH,ANE,EN,Federal Contract Tower,0,17,8,4,29,0,10,53,2,65,0,27,61,6,94,58,2,60,154
10/07/2009,LEB,NH,ANE,EN,Federal Contract Tower,0,22,11,0,33,0,5,7,0,12,0,27,18,0,45,0,0,0,45
10/08/2009,LEB,NH,ANE,EN,Federal Contract Tower,0,10,11,0,21,0,6,28,0,34,0,16,39,0,55,42,0,42,97
10/09/2009,LEB,NH,ANE,EN,Federal Contract Tower,0,24,20,0,44,0,7,13,0,20,0,31,33,0,64,18,0,18,82
10/10/2009,LEB,NH,ANE,EN,Federal Contract Tower,0,18,13,0,31,0,22,19,0,41,0,40,32,0,72,22,0,22,94
10/11/2009,LEB,NH,ANE,EN,Federal Contract Tower,0,14,10,0,24,0,17,43,0,60,0,31,53,0,84,42,0,42,126
10/12/2009,LEB,NH,ANE,EN,Federal Contract Tower,0,15,11,0,26,0,7,56,0,63,0,22,67,0,89,32,0,32,121
10/13/2009,LEB,NH,ANE,EN,Federal Contract Tower,0,12,13,0,25,0,2,6,0,8,0,14,19,0,33,0,0,0,33
10/14/2009,LEB,NH,ANE,EN,Federal Contract Tower,0,12,6,2,20,0,10,22,0,32,0,22,28,2,52,8,0,8,60
10/15/2009,LEB,NH,ANE,EN,Federal Contract Tower,0,10,15,0,25,0,13,37,4,54,0,23,52,4,79,34,0,34,113
10/16/2009,LEB,NH,ANE,EN,Federal Contract Tower,0,15,17,0,32,0,5,40,0,45,0,20,57,0,77,86,0,86,163
10/17/2009,LEB,NH,ANE,EN,Federal Contract Tower,0,14,15,0,29,0,19,57,2,78,0,33,72,2,107,24,0,24,131
10/18/2009,LEB,NH,ANE,EN,Federal Contract Tower,0,9,13,0,22,0,8,4,0,12,0,17,17,0,34,10,0,10,44
10/19/2009,LEB,NH,ANE,EN,Federal Contract Tower,0,11,16,0,27,0,4,32,4,40,0,15,48,4,67,32,0,32,99
10/20/2009,LEB,NH,ANE,EN,Federal Contract Tower,0,8,9,0,17,0,16,47,0,63,0,24,56,0,80,76,0,76,156
10/21/2009,LEB,NH,ANE,EN,Federal Contract Tower,0,11,11,0,22,0,11,29,0,40,0,22,40,0,62,18,0,18,80
10/22/2009,LEB,NH,ANE,EN,Federal Contract Tower,0,25,9,0,34,0,13,30,0,43,0,38,39,0,77,26,0,26,103
10/23/2009,LEB,NH,ANE,EN,Federal Contract Tower,0,18,19,0,37,0,12,39,0,51,0,30,58,0,88,28,0,28,116
10/24/2009,LEB,NH,ANE,EN,Federal Contract Tower,0,11,9,0,20,0,0,0,0,0,0,11,9,0,20,0,0,0,20
10/25/2009,LEB,NH,ANE,EN,Federal Contract Tower,0,18,8,0,26,0,18,28,0,46,0,36,36,0,72,18,0,18,90
10/26/2009,LEB,NH,ANE,EN,Federal Contract Tower,0,9,7,0,16,0,12,37,0,49,0,21,44,0,65,80,0,80,145
10/27/2009,LEB,NH,ANE,EN,Federal Contract Tower,0,21,10,2,33,0,0,4,0,4,0,21,14,2,37,10,0,10,47
10/28/2009,LEB,NH,ANE,EN,Federal Contract Tower,0,15,13,0,28,0,0,0,0,0,0,15,13,0,28,0,0,0,28
10/29/2009,LEB,NH,ANE,EN,Federal Contract Tower,0,12,13,0,25,0,4,33,0,37,0,16,46,0,62,44,0,44,106
10/30/2009,LEB,NH,ANE,EN,Federal Contract Tower,0,19,15,0,34,0,4,9,0,13,0,23,24,0,47,8,0,8,55
10/31/2009,LEB,NH,ANE,EN,Federal Contract Tower,0,12,2,0,14,0,5,0,0,5,0,17,2,0,19,0,0,0,19
11/01/2009,LEB,NH,ANE,EN,Federal Contract Tower,0,8,7,0,15,0,13,38,0,51,0,21,45,0,66,26,0,26,92
11/02/2009,LEB,NH,ANE,EN,Federal Contract Tower,0,14,7,0,21,0,6,34,0,40,0,20,41,0,61,32,0,32,93
11/03/2009,LEB,NH,ANE,EN,Federal Contract Tower,0,12,8,2,22,0,10,26,0,36,0,22,34,2,58,122,0,122,180
11/04/2009,LEB,NH,ANE,EN,Federal Contract Tower,0,7,8,0,15,0,18,31,0,49,0,25,39,0,64,90,0,90,154
11/05/2009,LEB,NH,ANE,EN,Federal Contract Tower,0,13,10,0,23,0,7,16,0,23,0,20,26,0,46,34,0,34,80
11/06/2009,LEB,NH,ANE,EN,Federal Contract Tower,0,18,18,0,36,0,4,23,0,27,0,22,41,0,63,58,0,58,121
11/07/2009,LEB,NH,ANE,EN,Federal Contract Tower,0,16,8,0,24,0,8,46,2,56,0,24,54,2,80,60,6,66,146
11/08/2009,LEB,NH,ANE,EN,Federal Contract Tower,0,12,4,0,16,0,11,45,0,56,0,23,49,0,72,68,0,68,140
11/09/2009,LEB,NH,ANE,EN,Federal Contract Tower,0,9,7,0,16,0,15,28,0,43,0,24,35,0,59,48,0,48,107
11/10/2009,LEB,NH,ANE,EN,Federal Contract Tower,0,9,8,0,17,0,9,40,0,49,0,18,48,0,66,26,0,26,92
11/11/2009,LEB,NH,ANE,EN,Federal Contract Tower,0,9,7,0,16,0,10,36,0,46,0,19,43,0,62,56,0,56,118
11/12/2009,LEB,NH,ANE,EN,Federal Contract Tower,0,10,9,2,21,0,16,31,0,47,0,26,40,2,68,58,0,58,126
11/13/2009,LEB,NH,ANE,EN,Federal Contract Tower,0,15,14,0,29,0,33,36,0,69,0,48,50,0,98,42,0,42,140
11/14/2009,LEB,NH,ANE,EN,Federal Contract Tower,0,14,9,0,23,0,0,0,0,0,0,14,9,0,23,0,0,0,23
11/15/2009,LEB,NH,ANE,EN,Federal Contract Tower,0,15,7,0,22,0,0,3,0,3,0,15,10,0,25,8,0,8,33
11/16/2009,LEB,NH,ANE,EN,Federal Contract Tower,0,5,6,0,11,0,26,41,0,67,0,31,47,0,78,92,0,92,170
11/17/2009,LEB,NH,ANE,EN,Federal Contract Tower,0,5,5,4,14,0,19,43,4,66,0,24,48,8,80,58,0,58,138
11/18/2009,LEB,NH,ANE,EN,Federal Contract Tower,0,8,13,0,21,0,10,35,0,45,0,18,48,0,66,72,0,72,138
11/19/2009,LEB,NH,ANE,EN,Federal Contract Tower,0,6,8,0,14,0,12,20,0,32,0,18,28,0,46,46,0,46,92
11/20/2009,LEB,NH,ANE,EN,Federal Contract Tower,0,13,7,0,20,0,15,30,0,45,0,28,37,0,65,36,0,36,101
11/21/2009,LEB,NH,ANE,EN,Federal Contract Tower,0,10,5,0,15,0,20,31,0,51,0,30,36,0,66,68,0,68,134
11/22/2009,LEB,NH,ANE,EN,Federal Contract Tower,0,13,4,0,17,0,8,36,0,44,0,21,40,0,61,54,0,54,115
11/23/2009,LEB,NH,ANE,EN,Federal Contract Tower,0,16,7,0,23,0,2,20,0,22,0,18,27,0,45,56,0,56,101
11/24/2009,LEB,NH,ANE,EN,Federal Contract Tower,0,18,14,0,32,0,8,23,0,31,0,26,37,0,63,38,0,38,101
11/25/2009,LEB,NH,ANE,EN,Federal Contract Tower,0,15,10,0,25,0,0,0,0,0,0,15,10,0,25,2,0,2,27
11/26/2009,LEB,NH,ANE,EN,Federal Contract Tower,0,19,1,0,20,0,1,4,0,5,0,20,5,0,25,12,0,12,37
11/27/2009,LEB,NH,ANE,EN,Federal Contract Tower,0,19,0,0,19,0,4,0,0,4,0,23,0,0,23,2,0,2,25
11/28/2009,LEB,NH,ANE,EN,Federal Contract Tower,0,18,7,0,25,0,16,4,0,20,0,34,11,0,45,0,0,0,45
11/29/2009,LEB,NH,ANE,EN,Federal Contract Tower,0,15,11,0,26,0,14,62,0,76,0,29,73,0,102,56,0,56,158
11/30/2009,LEB,NH,ANE,EN,Federal Contract Tower,0,10,7,0,17,0,1,0,0,1,0,11,7,0,18,0,0,0,18
12/01/2009,LEB,NH,ANE,EN,Federal Contract Tower,0,14,6,2,22,0,4,11,0,15,0,18,17,2,37,32,0,32,69
12/02/2009,LEB,NH,ANE,EN,Federal Contract Tower,0,11,5,2,18,0,13,31,2,46,0,24,36,4,64,52,4,56,120
12/03/2009,LEB,NH,ANE,EN,Federal Contract Tower,0,19,7,2,28,0,5,8,0,13,0,24,15,2,41,24,2,26,67
12/04/2009,LEB,NH,ANE,EN,Federal Contract Tower,0,5,18,2,25,0,21,33,3,57,0,26,51,5,82,26,0,26,108
12/05/2009,LEB,NH,ANE,EN,Federal Contract Tower,0,6,4,0,10,0,4,11,0,15,0,10,15,0,25,14,0,14,39
12/06/2009,LEB,NH,ANE,EN,Federal Contract Tower,0,8,6,0,14,0,15,15,0,30,0,23,21,0,44,26,0,26,70
12/07/2009,LEB,NH,ANE,EN,Federal Contract Tower,0,12,13,0,25,0,13,2,0,15,0,25,15,0,40,6,0,6,46
12/08/2009,LEB,NH,ANE,EN,Federal Contract Tower,0,13,3,2,18,0,2,7,1,10,0,15,10,3,28,30,0,30,58
12/09/2009,LEB,NH,ANE,EN,Federal Contract Tower,0,1,3,0,4,0,0,0,0,0,0,1,3,0,4,0,0,0,4
12/10/2009,LEB,NH,ANE,EN,Federal Contract Tower,0,15,14,0,29,0,3,3,0,6,0,18,17,0,35,0,0,0,35
12/11/2009,LEB,NH,ANE,EN,Federal Contract Tower,0,15,11,0,26,0,7,9,0,16,0,22,20,0,42,36,0,36,78
12/12/2009,LEB,NH,ANE,EN,Federal Contract Tower,0,8,6,0,14,0,20,12,0,32,0,28,18,0,46,18,0,18,64
12/13/2009,LEB,NH,ANE,EN,Federal Contract Tower,0,4,7,0,11,0,10,23,0,33,0,14,30,0,44,42,0,42,86
12/14/2009,LEB,NH,ANE,EN,Federal Contract Tower,0,13,15,0,28,0,6,2,0,8,0,19,17,0,36,16,0,16,52
12/15/2009,LEB,NH,ANE,EN,Federal Contract Tower,0,16,13,0,29,0,0,0,0,0,0,16,13,0,29,0,0,0,29
12/16/2009,LEB,NH,ANE,EN,Federal Contract Tower,0,12,6,0,18,0,7,2,0,9,0,19,8,0,27,8,0,8,35
12/17/2009,LEB,NH,ANE,EN,Federal Contract Tower,0,6,5,1,12,0,8,21,0,29,0,14,26,1,41,12,0,12,53
12/18/2009,LEB,NH,ANE,EN,Federal Contract Tower,0,10,16,0,26,0,15,26,0,41,0,25,42,0,67,20,0,20,87
12/19/2009,LEB,NH,ANE,EN,Federal Contract Tower,0,7,2,0,9,0,21,28,0,49,0,28,30,0,58,24,0,24,82
12/20/2009,LEB,NH,ANE,EN,Federal Contract Tower,0,6,7,0,13,0,4,3,0,7,0,10,10,0,20,2,0,2,22
12/21/2009,LEB,NH,ANE,EN,Federal Contract Tower,0,9,5,0,14,0,16,25,0,41,0,25,30,0,55,38,0,38,93
12/22/2009,LEB,NH,ANE,EN,Federal Contract Tower,0,8,6,0,14,0,11,16,4,31,0,19,22,4,45,48,0,48,93
12/23/2009,LEB,NH,ANE,EN,Federal Contract Tower,0,13,11,0,24,0,4,7,0,11,0,17,18,0,35,8,0,8,43
12/24/2009,LEB,NH,ANE,EN,Federal Contract Tower,0,15,2,0,17,0,2,2,0,4,0,17,4,0,21,8,0,8,29
12/25/2009,LEB,NH,ANE,EN,Federal Contract Tower,0,16,3,0,19,0,0,0,0,0,0,16,3,0,19,0,0,0,19
12/26/2009,LEB,NH,ANE,EN,Federal Contract Tower,0,7,4,0,11,0,0,0,0,0,0,7,4,0,11,0,0,0,11
12/27/2009,LEB,NH,ANE,EN,Federal Contract Tower,0,16,10,0,26,0,0,3,0,3,0,16,13,0,29,0,0,0,29
12/28/2009,LEB,NH,ANE,EN,Federal Contract Tower,0,10,3,0,13,0,0,0,0,0,0,10,3,0,13,0,0,0,13
12/29/2009,LEB,NH,ANE,EN,Federal Contract Tower,0,20,3,0,23,0,3,4,0,7,0,23,7,0,30,20,0,20,50
12/30/2009,LEB,NH,ANE,EN,Federal Contract Tower,0,8,13,0,21,0,18,33,0,51,0,26,46,0,72,36,0,36,108
12/31/2009,LEB,NH,ANE,EN,Federal Contract Tower,0,13,8,0,21,0,4,0,0,4,0,17,8,0,25,0,0,0,25
01/01/2010,LEB,NH,ANE,EN,Federal Contract Tower,0,13,7,0,20,0,1,2,0,3,0,14,9,0,23,0,0,0,23
01/02/2010,LEB,NH,ANE,EN,Federal Contract Tower,0,10,1,0,11,0,0,0,0,0,0,10,1,0,11,0,0,0,11
01/03/2010,LEB,NH,ANE,EN,Federal Contract Tower,0,16,6,0,22,0,0,0,0,0,0,16,6,0,22,0,0,0,22
01/04/2010,LEB,NH,ANE,EN,Federal Contract Tower,0,20,3,0,23,0,1,9,0,10,0,21,12,0,33,0,0,0,33
01/05/2010,LEB,NH,ANE,EN,Federal Contract Tower,0,14,4,0,18,0,0,2,0,2,0,14,6,0,20,20,0,20,40
01/06/2010,LEB,NH,ANE,EN,Federal Contract Tower,0,11,11,0,22,0,1,5,0,6,0,12,16,0,28,34,0,34,62
01/07/2010,LEB,NH,ANE,EN,Federal Contract Tower,0,7,2,0,9,0,12,19,0,31,0,19,21,0,40,76,0,76,116
01/08/2010,LEB,NH,ANE,EN,Federal Contract Tower,0,14,14,0,28,0,0,0,0,0,0,14,14,0,28,0,0,0,28
01/09/2010,LEB,NH,ANE,EN,Federal Contract Tower,0,9,4,0,13,0,18,31,2,51,0,27,35,2,64,30,0,30,94
01/10/2010,LEB,NH,ANE,EN,Federal Contract Tower,0,7,8,0,15,0,10,39,0,49,0,17,47,0,64,42,0,42,106
01/11/2010,LEB,NH,ANE,EN,Federal Contract Tower,0,10,3,0,13,0,20,24,0,44,0,30,27,0,57,54,0,54,111
01/12/2010,LEB,NH,ANE,EN,Federal Contract Tower,0,11,6,0,17,0,17,9,0,26,0,28,15,0,43,44,0,44,87
01/13/2010,LEB,NH,ANE,EN,Federal Contract Tower,0,10,8,0,18,0,15,27,0,42,0,25,35,0,60,46,0,46,106
01/14/2010,LEB,NH,ANE,EN,Federal Contract Tower,0,14,13,0,27,0,10,18,0,28,0,24,31,0,55,18,0,18,73
01/15/2010,LEB,NH,ANE,EN,Federal Contract Tower,0,23,11,0,34,0,9,24,0,33,0,32,35,0,67,56,0,56,123
01/16/2010,LEB,NH,ANE,EN,Federal Contract Tower,0,8,12,0,20,0,21,31,2,54,0,29,43,2,74,64,0,64,138
01/17/2010,LEB,NH,ANE,EN,Federal Contract Tower,0,12,5,0,17,0,9,7,0,16,0,21,12,0,33,24,0,24,57
01/18/2010,LEB,NH,ANE,EN,Federal Contract Tower,0,16,10,0,26,0,4,2,0,6,0,20,12,0,32,0,0,0,32
01/19/2010,LEB,NH,ANE,EN,Federal Contract Tower,0,11,8,0,19,0,0,0,0,0,0,11,8,0,19,0,0,0,19
01/20/2010,LEB,NH,ANE,EN,Federal Contract Tower,0,17,16,0,33,0,1,4,0,5,0,18,20,0,38,0,0,0,38
01/21/2010,LEB,NH,ANE,EN,Federal Contract Tower,0,4,14,0,18,0,11,21,0,32,0,15,35,0,50,16,0,16,66
01/22/2010,LEB,NH,ANE,EN,Federal Contract Tower,0,9,10,1,20,0,14,48,0,62,0,23,58,1,82,114,0,114,196
01/23/2010,LEB,NH,ANE,EN,Federal Contract Tower,0,7,10,0,17,0,24,53,1,78,0,31,63,1,95,94,0,94,189
01/24/2010,LEB,NH,ANE,EN,Federal Contract Tower,0,14,9,1,24,0,7,25,0,32,0,21,34,1,56,0,2,2,58
01/25/2010,LEB,NH,ANE,EN,Federal Contract Tower,0,10,3,0,13,0,0,0,0,0,0,10,3,0,13,0,0,0,13
01/26/2010,LEB,NH,ANE,EN,Federal Contract Tower,0,15,8,0,23,0,9,30,0,39,0,24,38,0,62,66,0,66,128
01/27/2010,LEB,NH,ANE,EN,Federal Contract Tower,0,14,7,0,21,0,7,13,2,22,0,21,20,2,43,62,0,62,105
01/28/2010,LEB,NH,ANE,EN,Federal Contract Tower,0,8,7,0,15,0,6,45,0,51,0,14,52,0,66,78,0,78,144
01/29/2010,LEB,NH,ANE,EN,Federal Contract Tower,0,8,6,0,14,0,15,14,0,29,0,23,20,0,43,38,0,38,81
01/30/2010,LEB,NH,ANE,EN,Federal Contract Tower,0,5,7,1,13,0,20,46,3,69,0,25,53,4,82,40,12,52,134
01/31/2010,LEB,NH,ANE,EN,Federal Contract Tower,0,7,9,1,17,0,12,29,3,44,0,19,38,4,61,56,0,56,117
02/01/2010,LEB,NH,ANE,EN,Federal Contract Tower,0,11,8,0,19,0,13,28,0,41,0,24,36,0,60,34,0,34,94
02/02/2010,LEB,NH,ANE,EN,Federal Contract Tower,0,14,8,0,22,0,13,30,0,43,0,27,38,0,65,110,0,110,175
02/03/2010,LEB,NH,ANE,EN,Federal Contract Tower,0,17,7,0,24,0,1,6,0,7,0,18,13,0,31,0,0,0,31
02/04/2010,LEB,NH,ANE,EN,Federal Contract Tower,0,13,3,0,16,0,15,37,0,52,0,28,40,0,68,96,0,96,164
02/05/2010,LEB,NH,ANE,EN,Federal Contract Tower,0,25,6,0,31,0,9,53,0,62,0,34,59,0,93,140,0,140,233
02/06/2010,LEB,NH,ANE,EN,Federal Contract Tower,0,8,8,0,16,0,11,18,4,33,0,19,26,4,49,10,0,10,59
02/07/2010,LEB,NH,ANE,EN,Federal Contract Tower,0,22,8,0,30,0,13,4,0,17,0,35,12,0,47,0,0,0,47
02/08/2010,LEB,NH,ANE,EN,Federal Contract Tower,0,9,11,0,20,0,23,23,0,46,0,32,34,0,66,54,0,54,120
02/09/2010,LEB,NH,ANE,EN,Federal Contract Tower,0,18,8,0,26,0,10,32,0,42,0,28,40,0,68,118,0,118,186
02/10/2010,LEB,NH,ANE,EN,Federal Contract Tower,0,5,2,0,7,0,2,0,0,2,0,7,2,0,9,0,0,0,9
02/11/2010,LEB,NH,ANE,EN,Federal Contract Tower,0,15,8,0,23,0,12,10,0,22,0,27,18,0,45,32,0,32,77
02/12/2010,LEB,NH,ANE,EN,Federal Contract Tower,0,11,10,0,21,0,14,31,0,45,0,25,41,0,66,10,0,10,76
02/13/2010,LEB,NH,ANE,EN,Federal Contract Tower,0,9,1,0,10,0,23,25,0,48,0,32,26,0,58,12,0,12,70
02/14/2010,LEB,NH,ANE,EN,Federal Contract Tower,0,14,10,0,24,0,10,17,1,28,0,24,27,1,52,28,0,28,80
02/15/2010,LEB,NH,ANE,EN,Federal Contract Tower,0,15,12,0,27,0,8,41,0,49,0,23,53,0,76,128,0,128,204
02/16/2010,LEB,NH,ANE,EN,Federal Contract Tower,0,8,3,0,11,0,1,4,0,5,0,9,7,0,16,20,0,20,36
02/17/2010,LEB,NH,ANE,EN,Federal Contract Tower,0,22,11,0,33,0,4,9,0,13,0,26,20,0,46,22,0,22,68
02/18/2010,LEB,NH,ANE,EN,Federal Contract Tower,0,11,9,0,20,0,3,19,0,22,0,14,28,0,42,164,0,164,206
02/19/2010,LEB,NH,ANE,EN,Federal Contract Tower,0,13,9,0,22,0,7,14,0,21,0,20,23,0,43,134,0,134,177
02/20/2010,LEB,NH,ANE,EN,Federal Contract Tower,0,9,6,0,15,0,16,17,0,33,0,25,23,0,48,32,0,32,80
02/21/2010,LEB,NH,ANE,EN,Federal Contract Tower,0,14,6,0,20,0,14,14,0,28,0,28,20,0,48,4,0,4,52
02/22/2010,LEB,NH,ANE,EN,Federal Contract Tower,0,9,10,0,19,0,20,34,0,54,0,29,44,0,73,52,0,52,125
02/23/2010,LEB,NH,ANE,EN,Federal Contract Tower,0,13,8,0,21,0,0,0,0,0,0,13,8,0,21,0,0,0,21
02/24/2010,LEB,NH,ANE,EN,Federal Contract Tower,0,2,4,0,6,0,0,0,0,0,0,2,4,0,6,0,0,0,6
02/25/2010,LEB,NH,ANE,EN,Federal Contract Tower,0,8,5,0,13,0,0,0,0,0,0,8,5,0,13,0,0,0,13
02/26/2010,LEB,NH,ANE,EN,Federal Contract Tower,0,13,4,0,17,0,0,0,0,0,0,13,4,0,17,0,0,0,17
02/27/2010,LEB,NH,ANE,EN,Federal Contract Tower,0,10,3,0,13,0,1,7,0,8,0,11,10,0,21,12,0,12,33
02/28/2010,LEB,NH,ANE,EN,Federal Contract Tower,0,16,7,0,23,0,14,23,0,37,0,30,30,0,60,68,0,68,128
03/01/2010,LEB,NH,ANE,EN,Federal Contract Tower,0,16,9,0,25,0,5,7,0,12,0,21,16,0,37,126,0,126,163
03/02/2010,LEB,NH,ANE,EN,Federal Contract Tower,0,15,7,0,22,0,17,12,0,29,0,32,19,0,51,56,0,56,107
03/03/2010,LEB,NH,ANE,EN,Federal Contract Tower,0,16,2,0,18,0,3,5,0,8,0,19,7,0,26,32,0,32,58
03/04/2010,LEB,NH,ANE,EN,Federal Contract Tower,0,9,4,0,13,0,9,8,0,17,0,18,12,0,30,56,0,56,86
03/05/2010,LEB,NH,ANE,EN,Federal Contract Tower,0,13,8,0,21,0,19,41,0,60,0,32,49,0,81,93,0,93,174
03/06/2010,LEB,NH,ANE,EN,Federal Contract Tower,0,9,4,4,17,0,22,36,8,66,0,31,40,12,83,60,0,60,143
03/07/2010,LEB,NH,ANE,EN,Federal Contract Tower,0,7,7,0,14,0,18,55,0,73,0,25,62,0,87,94,0,94,181
03/08/2010,LEB,NH,ANE,EN,Federal Contract Tower,0,2,4,0,6,0,26,29,0,55,0,28,33,0,61,104,0,104,165
03/09/2010,LEB,NH,ANE,EN,Federal Contract Tower,0,9,13,0,22,0,8,22,2,32,0,17,35,2,54,72,84,156,210
03/10/2010,LEB,NH,ANE,EN,Federal Contract Tower,0,3,13,1,17,0,10,37,1,48,0,13,50,2,65,54,16,70,135
03/11/2010,LEB,NH,ANE,EN,Federal Contract Tower,0,10,13,0,23,0,5,15,0,20,0,15,28,0,43,30,0,30,73
03/12/2010,LEB,NH,ANE,EN,Federal Contract Tower,0,17,17,0,34,0,5,11,0,16,0,22,28,0,50,32,0,32,82
03/13/2010,LEB,NH,ANE,EN,Federal Contract Tower,0,3,3,0,6,0,11,6,0,17,0,14,9,0,23,30,0,30,53
03/14/2010,LEB,NH,ANE,EN,Federal Contract Tower,0,3,5,0,8,0,0,1,0,1,0,3,6,0,9,0,0,0,9
03/15/2010,LEB,NH,ANE,EN,Federal Contract Tower,0,8,15,0,23,0,0,1,0,1,0,8,16,0,24,0,0,0,24
03/16/2010,LEB,NH,ANE,EN,Federal Contract Tower,0,5,43,2,50,0,16,38,2,56,0,21,81,4,106,108,0,108,214
03/17/2010,LEB,NH,ANE,EN,Federal Contract Tower,0,1,7,0,8,0,13,38,0,51,0,14,45,0,59,130,6,136,195
03/18/2010,LEB,NH,ANE,EN,Federal Contract Tower,0,8,6,0,14,0,12,41,4,57,0,20,47,4,71,66,0,66,137
03/19/2010,LEB,NH,ANE,EN,Federal Contract Tower,0,9,4,0,13,0,19,39,0,58,0,28,43,0,71,46,0,46,117
03/20/2010,LEB,NH,ANE,EN,Federal Contract Tower,0,7,3,0,10,0,18,36,0,54,0,25,39,0,64,6,0,6,70
03/21/2010,LEB,NH,ANE,EN,Federal Contract Tower,0,7,2,0,9,0,21,30,0,51,0,28,32,0,60,60,0,60,120
03/22/2010,LEB,NH,ANE,EN,Federal Contract Tower,0,9,6,0,15,0,10,10,0,20,0,19,16,0,35,20,0,20,55
03/23/2010,LEB,NH,ANE,EN,Federal Contract Tower,0,18,11,0,29,0,0,0,0,0,0,18,11,0,29,0,0,0,29
03/24/2010,LEB,NH,ANE,EN,Federal Contract Tower,0,18,4,0,22,0,3,21,0,24,0,21,25,0,46,8,0,8,54
03/25/2010,LEB,NH,ANE,EN,Federal Contract Tower,0,5,6,1,12,0,18,55,2,75,0,23,61,3,87,56,0,56,143
03/26/2010,LEB,NH,ANE,EN,Federal Contract Tower,0,6,8,0,14,0,18,22,0,40,0,24,30,0,54,4,0,4,58
03/27/2010,LEB,NH,ANE,EN,Federal Contract Tower,0,2,2,0,4,0,20,34,8,62,0,22,36,8,66,24,0,24,90
03/28/2010,LEB,NH,ANE,EN,Federal Contract Tower,0,12,8,0,20,0,4,12,0,16,0,16,20,0,36,0,0,0,36
03/29/2010,LEB,NH,ANE,EN,Federal Contract Tower,0,12,8,0,20,0,0,0,0,0,0,12,8,0,20,0,0,0,20
03/30/2010,LEB,NH,ANE,EN,Federal Contract Tower,0,16,3,0,19,0,0,0,0,0,0,16,3,0,19,0,0,0,19
03/31/2010,LEB,NH,ANE,EN,Federal Contract Tower,0,15,12,0,27,0,10,0,0,10,0,25,12,0,37,0,0,0,37
04/01/2010,LEB,NH,ANE,EN,Federal Contract Tower,0,14,11,0,25,0,13,31,0,44,0,27,42,0,69,66,0,66,135
04/02/2010,LEB,NH,ANE,EN,Federal Contract Tower,0,4,12,0,16,0,17,58,0,75,0,21,70,0,91,116,0,116,207
04/03/2010,LEB,NH,ANE,EN,Federal Contract Tower,0,4,0,0,4,0,22,76,0,98,0,26,76,0,102,76,0,76,178
04/04/2010,LEB,NH,ANE,EN,Federal Contract Tower,0,7,10,0,17,0,18,41,0,59,0,25,51,0,76,2,0,2,78
04/05/2010,LEB,NH,ANE,EN,Federal Contract Tower,0,1,2,0,3,0,14,17,0,31,0,15,19,0,34,16,0,16,50
04/06/2010,LEB,NH,ANE,EN,Federal Contract Tower,0,7,14,0,21,0,9,37,0,46,0,16,51,0,67,62,0,62,129
04/07/2010,LEB,NH,ANE,EN,Federal Contract Tower,0,5,10,0,15,0,25,23,0,48,0,30,33,0,63,62,0,62,125
04/08/2010,LEB,NH,ANE,EN,Federal Contract Tower,0,15,13,0,28,0,5,8,0,13,0,20,21,0,41,0,0,0,41
04/09/2010,LEB,NH,ANE,EN,Federal Contract Tower,0,16,14,2,32,0,0,0,0,0,0,16,14,2,32,10,0,10,42
04/10/2010,LEB,NH,ANE,EN,Federal Contract Tower,0,5,3,0,8,0,20,29,0,49,0,25,32,0,57,54,0,54,111
04/11/2010,LEB,NH,ANE,EN,Federal Contract Tower,0,7,10,0,17,0,16,30,0,46,0,23,40,0,63,40,0,40,103
04/12/2010,LEB,NH,ANE,EN,Federal Contract Tower,0,7,6,0,13,0,15,33,0,48,0,22,39,0,61,74,0,74,135
04/13/2010,LEB,NH,ANE,EN,Federal Contract Tower,0,3,5,0,8,0,15,44,0,59,0,18,49,0,67,62,0,62,129
04/14/2010,LEB,NH,ANE,EN,Federal Contract Tower,0,3,10,0,13,0,27,40,0,67,0,30,50,0,80,44,0,44,124
04/15/2010,LEB,NH,ANE,EN,Federal Contract Tower,0,1,9,1,11,0,24,26,0,50,0,25,35,1,61,32,0,32,93
04/16/2010,LEB,NH,ANE,EN,Federal Contract Tower,0,16,3,0,19,0,0,0,0,0,0,16,3,0,19,0,0,0,19
04/17/2010,LEB,NH,ANE,EN,Federal Contract Tower,0,14,6,0,20,0,0,0,0,0,0,14,6,0,20,0,0,0,20
04/18/2010,LEB,NH,ANE,EN,Federal Contract Tower,0,15,5,0,20,0,10,2,0,12,0,25,7,0,32,6,0,6,38
04/19/2010,LEB,NH,ANE,EN,Federal Contract Tower,0,9,9,0,18,0,19,18,0,37,0,28,27,0,55,56,0,56,111
04/20/2010,LEB,NH,ANE,EN,Federal Contract Tower,0,6,17,0,23,0,20,47,0,67,0,26,64,0,90,120,0,120,210
04/21/2010,LEB,NH,ANE,EN,Federal Contract Tower,0,9,8,0,17,0,28,27,0,55,0,37,35,0,72,38,0,38,110
04/22/2010,LEB,NH,ANE,EN,Federal Contract Tower,0,10,11,0,21,0,12,25,0,37,0,22,36,0,58,26,0,26,84
04/23/2010,LEB,NH,ANE,EN,Federal Contract Tower,0,11,6,0,17,0,20,32,0,52,0,31,38,0,69,34,0,34,103
04/24/2010,LEB,NH,ANE,EN,Federal Contract Tower,0,4,5,0,9,0,21,88,0,109,0,25,93,0,118,110,0,110,228
04/25/2010,LEB,NH,ANE,EN,Federal Contract Tower,0,7,6,0,13,0,21,38,0,59,0,28,44,0,72,28,0,28,100
04/26/2010,LEB,NH,ANE,EN,Federal Contract Tower,0,11,5,0,16,0,9,14,0,23,0,20,19,0,39,12,0,12,51
04/27/2010,LEB,NH,ANE,EN,Federal Contract Tower,0,13,13,0,26,0,4,0,0,4,0,17,13,0,30,0,0,0,30
04/28/2010,LEB,NH,ANE,EN,Federal Contract Tower,0,13,4,0,17,0,2,5,0,7,0,15,9,0,24,0,0,0,24
04/29/2010,LEB,NH,ANE,EN,Federal Contract Tower,0,4,5,0,9,0,18,8,0,26,0,22,13,0,35,10,0,10,45
04/30/2010,LEB,NH,ANE,EN,Federal Contract Tower,0,5,7,0,12,0,14,43,4,61,0,19,50,4,73,0,0,0,73
05/01/2010,LEB,NH,ANE,EN,Federal Contract Tower,0,4,10,0,14,0,26,81,0,107,0,30,91,0,121,100,0,100,221
05/02/2010,LEB,NH,ANE,EN,Federal Contract Tower,0,7,17,0,24,0,30,37,0,67,0,37,54,0,91,10,0,10,101
05/03/2010,LEB,NH,ANE,EN,Federal Contract Tower,0,10,10,0,20,0,15,6,0,21,0,25,16,0,41,56,0,56,97
05/04/2010,LEB,NH,ANE,EN,Federal Contract Tower,0,2,4,0,6,0,12,34,0,46,0,14,38,0,52,40,0,40,92
05/05/2010,LEB,NH,ANE,EN,Federal Contract Tower,0,5,8,0,13,0,20,53,0,73,0,25,61,0,86,132,0,132,218
05/06/2010,LEB,NH,ANE,EN,Federal Contract Tower,0,15,15,0,30,0,15,26,0,41,0,30,41,0,71,74,0,74,145
05/07/2010,LEB,NH,ANE,EN,Federal Contract Tower,0,8,13,0,21,0,22,58,2,82,0,30,71,2,103,48,0,48,151
05/08/2010,LEB,NH,ANE,EN,Federal Contract Tower,0,22,5,0,27,0,2,0,0,2,0,24,5,0,29,0,0,0,29
05/09/2010,LEB,NH,ANE,EN,Federal Contract Tower,0,14,6,0,20,0,13,2,0,15,0,27,8,0,35,2,0,2,37
05/10/2010,LEB,NH,ANE,EN,Federal Contract Tower,0,9,7,0,16,0,21,22,0,43,0,30,29,0,59,42,0,42,101
05/11/2010,LEB,NH,ANE,EN,Federal Contract Tower,0,10,5,0,15,0,16,62,0,78,0,26,67,0,93,114,0,114,207
05/12/2010,LEB,NH,ANE,EN,Federal Contract Tower,0,8,3,0,11,0,18,33,0,51,0,26,36,0,62,88,0,88,150
05/13/2010,LEB,NH,ANE,EN,Federal Contract Tower,0,15,13,0,28,0,15,63,0,78,0,30,76,0,106,130,0,130,236
05/14/2010,LEB,NH,ANE,EN,Federal Contract Tower,0,20,18,0,38,0,0,15,0,15,0,20,33,0,53,18,0,18,71
05/15/2010,LEB,NH,ANE,EN,Federal Contract Tower,0,8,11,0,19,0,15,12,0,27,0,23,23,0,46,14,0,14,60
05/16/2010,LEB,NH,ANE,EN,Federal Contract Tower,0,8,12,0,20,0,16,59,0,75,0,24,71,0,95,88,0,88,183
05/17/2010,LEB,NH,ANE,EN,Federal Contract Tower,0,9,6,0,15,0,15,66,0,81,0,24,72,0,96,64,0,64,160
05/18/2010,LEB,NH,ANE,EN,Federal Contract Tower,0,2,3,0,5,0,29,35,0,64,0,31,38,0,69,58,0,58,127
05/19/2010,LEB,NH,ANE,EN,Federal Contract Tower,0,19,10,0,29,0,0,0,0,0,0,19,10,0,29,0,0,0,29
05/20/2010,LEB,NH,ANE,EN,Federal Contract Tower,0,8,17,1,26,0,18,42,0,60,0,26,59,1,86,46,2,48,134
05/21/2010,LEB,NH,ANE,EN,Federal Contract Tower,0,13,10,1,24,0,13,54,0,67,0,26,64,1,91,46,0,46,137
05/22/2010,LEB,NH,ANE,EN,Federal Contract Tower,0,9,7,0,16,0,17,47,0,64,0,26,54,0,80,36,0,36,116
05/23/2010,LEB,NH,ANE,EN,Federal Contract Tower,0,20,8,0,28,0,21,58,0,79,0,41,66,0,107,90,0,90,197
05/24/2010,LEB,NH,ANE,EN,Federal Contract Tower,0,6,16,0,22,0,12,44,0,56,0,18,60,0,78,80,0,80,158
05/25/2010,LEB,NH,ANE,EN,Federal Contract Tower,0,5,10,0,15,0,20,71,0,91,0,25,81,0,106,72,0,72,178
05/26/2010,LEB,NH,ANE,EN,Federal Contract Tower,0,4,4,0,8,0,19,45,0,64,0,23,49,0,72,28,0,28,100
05/27/2010,LEB,NH,ANE,EN,Federal Contract Tower,0,14,13,0,27,0,13,56,0,69,0,27,69,0,96,130,0,130,226
05/28/2010,LEB,NH,ANE,EN,Federal Contract Tower,0,6,15,0,21,0,23,73,0,96,0,29,88,0,117,182,0,182,299
05/29/2010,LEB,NH,ANE,EN,Federal Contract Tower,0,11,6,0,17,0,17,38,0,55,0,28,44,0,72,44,0,44,116
05/30/2010,LEB,NH,ANE,EN,Federal Contract Tower,0,5,7,0,12,0,25,28,0,53,0,30,35,0,65,34,0,34,99
05/31/2010,LEB,NH,ANE,EN,Federal Contract Tower,0,6,16,3,25,0,16,31,2,49,0,22,47,5,74,4,4,8,82
06/01/2010,LEB,NH,ANE,EN,Federal Contract Tower,0,14,5,0,19,0,3,6,0,9,0,17,11,0,28,28,0,28,56
06/02/2010,LEB,NH,ANE,EN,Federal Contract Tower,0,9,6,0,15,0,12,92,2,106,0,21,98,2,121,112,0,112,233
06/03/2010,LEB,NH,ANE,EN,Federal Contract Tower,0,14,10,2,26,0,0,6,0,6,0,14,16,2,32,0,0,0,32
06/04/2010,LEB,NH,ANE,EN,Federal Contract Tower,0,10,12,1,23,0,12,51,0,63,0,22,63,1,86,52,2,54,140
06/05/2010,LEB,NH,ANE,EN,Federal Contract Tower,0,14,3,0,17,0,8,11,0,19,0,22,14,0,36,16,0,16,52
06/06/2010,LEB,NH,ANE,EN,Federal Contract Tower,0,19,8,0,27,0,4,0,0,4,0,23,8,0,31,0,0,0,31
06/07/2010,LEB,NH,ANE,EN,Federal Contract Tower,0,5,5,0,10,0,13,32,0,45,0,18,37,0,55,42,0,42,97
06/08/2010,LEB,NH,ANE,EN,Federal Contract Tower,0,16,6,0,22,0,16,38,4,58,0,32,44,4,80,66,0,66,146
06/09/2010,LEB,NH,ANE,EN,Federal Contract Tower,0,12,12,0,24,0,14,55,0,69,0,26,67,0,93,68,0,68,161
06/10/2010,LEB,NH,ANE,EN,Federal Contract Tower,0,15,18,2,35,0,0,2,0,2,0,15,20,2,37,16,4,20,57
06/11/2010,LEB,NH,ANE,EN,Federal Contract Tower,0,22,27,0,49,0,3,60,0,63,0,25,87,0,112,142,0,142,254
06/12/2010,LEB,NH,ANE,EN,Federal Contract Tower,0,16,9,0,25,0,0,1,0,1,0,16,10,0,26,0,0,0,26
06/13/2010,LEB,NH,ANE,EN,Federal Contract Tower,0,21,29,0,50,0,0,2,0,2,0,21,31,0,52,22,0,22,74
06/14/2010,LEB,NH,ANE,EN,Federal Contract Tower,0,13,13,0,26,0,5,0,0,5,0,18,13,0,31,0,0,0,31
06/15/2010,LEB,NH,ANE,EN,Federal Contract Tower,0,8,9,0,17,0,7,48,0,55,0,15,57,0,72,94,0,94,166
06/16/2010,LEB,NH,ANE,EN,Federal Contract Tower,0,15,5,0,20,0,27,27,0,54,0,42,32,0,74,74,0,74,148
06/17/2010,LEB,NH,ANE,EN,Federal Contract Tower,0,16,15,2,33,0,7,13,0,20,0,23,28,2,53,36,0,36,89
06/18/2010,LEB,NH,ANE,EN,Federal Contract Tower,0,6,19,0,25,0,12,68,0,80,0,18,87,0,105,108,0,108,213
06/19/2010,LEB,NH,ANE,EN,Federal Contract Tower,0,1,4,0,5,0,14,60,0,74,0,15,64,0,79,12,0,12,91
06/20/2010,LEB,NH,ANE,EN,Federal Contract Tower,0,11,17,0,28,0,15,52,0,67,0,26,69,0,95,50,0,50,145
06/21/2010,LEB,NH,ANE,EN,Federal Contract Tower,0,6,12,0,18,0,14,42,0,56,0,20,54,0,74,44,0,44,118
06/22/2010,LEB,NH,ANE,EN,Federal Contract Tower,0,10,11,0,21,0,13,45,0,58,0,23,56,0,79,98,0,98,177
06/23/2010,LEB,NH,ANE,EN,Federal Contract Tower,0,20,20,0,40,0,5,20,0,25,0,25,40,0,65,20,2,22,87
06/24/2010,LEB,NH,ANE,EN,Federal Contract Tower,0,10,8,0,18,0,11,5,0,16,0,21,13,0,34,12,0,12,46
06/25/2010,LEB,NH,ANE,EN,Federal Contract Tower,0,4,11,0,15,0,12,95,4,111,0,16,106,4,126,128,0,128,254
06/26/2010,LEB,NH,ANE,EN,Federal Contract Tower,0,7,6,0,13,0,11,36,0,47,0,18,42,0,60,36,0,36,96
06/27/2010,LEB,NH,ANE,EN,Federal Contract Tower,0,14,15,0,29,0,12,42,0,54,0,26,57,0,83,36,0,36,119
06/28/2010,LEB,NH,ANE,EN,Federal Contract Tower,0,10,12,0,22,0,12,26,0,38,0,22,38,0,60,42,0,42,102
06/29/2010,LEB,NH,ANE,EN,Federal Contract Tower,0,3,6,0,9,0,21,31,0,52,0,24,37,0,61,20,0,20,81
06/30/2010,LEB,NH,ANE,EN,Federal Contract Tower,0,6,7,0,13,0,30,44,0,74,0,36,51,0,87,126,0,126,213
07/01/2010,LEB,NH,ANE,EN,Federal Contract Tower,0,11,11,0,22,0,12,40,0,52,0,23,51,0,74,60,0,60,134
07/02/2010,LEB,NH,ANE,EN,Federal Contract Tower,0,5,19,0,24,0,18,82,0,100,0,23,101,0,124,202,0,202,326
07/03/2010,LEB,NH,ANE,EN,Federal Contract Tower,0,5,3,0,8,0,15,41,0,56,0,20,44,0,64,20,0,20,84
07/04/2010,LEB,NH,ANE,EN,Federal Contract Tower,0,7,8,0,15,0,17,40,0,57,0,24,48,0,72,44,0,44,116
07/05/2010,LEB,NH,ANE,EN,Federal Contract Tower,0,7,19,0,26,0,26,41,0,67,0,33,60,0,93,46,0,46,139
07/06/2010,LEB,NH,ANE,EN,Federal Contract Tower,0,6,7,0,13,0,10,28,0,38,0,16,35,0,51,86,0,86,137
07/07/2010,LEB,NH,ANE,EN,Federal Contract Tower,0,6,9,0,15,0,28,46,2,76,0,34,55,2,91,44,6,50,141
07/08/2010,LEB,NH,ANE,EN,Federal Contract Tower,0,20,9,0,29,0,7,22,0,29,0,27,31,0,58,8,0,8,66
07/09/2010,LEB,NH,ANE,EN,Federal Contract Tower,0,20,12,0,32,0,17,37,0,54,0,37,49,0,86,2,0,2,88
07/10/2010,LEB,NH,ANE,EN,Federal Contract Tower,0,15,15,0,30,0,4,0,0,4,0,19,15,0,34,0,0,0,34
07/11/2010,LEB,NH,ANE,EN,Federal Contract Tower,0,13,18,0,31,0,18,33,0,51,0,31,51,0,82,34,0,34,116
07/12/2010,LEB,NH,ANE,EN,Federal Contract Tower,0,17,5,0,22,0,11,39,3,53,0,28,44,3,75,50,0,50,125
07/13/2010,LEB,NH,ANE,EN,Federal Contract Tower,0,11,7,0,18,0,6,24,0,30,0,17,31,0,48,16,0,16,64
07/14/2010,LEB,NH,ANE,EN,Federal Contract Tower,0,20,15,0,35,0,10,26,0,36,0,30,41,0,71,28,0,28,99
07/15/2010,LEB,NH,ANE,EN,Federal Contract Tower,0,16,15,0,31,0,16,34,0,50,0,32,49,0,81,60,0,60,141
07/16/2010,LEB,NH,ANE,EN,Federal Contract Tower,0,25,18,0,43,0,10,22,0,32,0,35,40,0,75,16,0,16,91
07/17/2010,LEB,NH,ANE,EN,Federal Contract Tower,0,6,19,0,25,0,12,51,0,63,0,18,70,0,88,48,0,48,136
07/18/2010,LEB,NH,ANE,EN,Federal Contract Tower,0,10,20,0,30,0,18,63,0,81,0,28,83,0,111,92,0,92,203
07/19/2010,LEB,NH,ANE,EN,Federal Contract Tower,0,9,11,0,20,0,15,22,0,37,0,24,33,0,57,56,0,56,113
07/20/2010,LEB,NH,ANE,EN,Federal Contract Tower,0,13,15,0,28,0,10,33,0,43,0,23,48,0,71,40,0,40,111
07/21/2010,LEB,NH,ANE,EN,Federal Contract Tower,0,9,8,0,17,0,18,20,0,38,0,27,28,0,55,32,0,32,87
07/22/2010,LEB,NH,ANE,EN,Federal Contract Tower,0,18,10,0,28,0,22,40,0,62,0,40,50,0,90,52,0,52,142
07/23/2010,LEB,NH,ANE,EN,Federal Contract Tower,0,20,35,0,55,0,11,33,2,46,0,31,68,2,101,40,0,40,141
07/24/2010,LEB,NH,ANE,EN,Federal Contract Tower,0,16,9,0,25,0,4,25,0,29,0,20,34,0,54,10,0,10,64
07/25/2010,LEB,NH,ANE,EN,Federal Contract Tower,0,13,19,0,32,0,12,39,0,51,0,25,58,0,83,60,0,60,143
07/26/2010,LEB,NH,ANE,EN,Federal Contract Tower,0,9,17,0,26,0,15,40,0,55,0,24,57,0,81,64,0,64,145
07/27/2010,LEB,NH,ANE,EN,Federal Contract Tower,0,13,10,0,23,0,10,83,0,93,0,23,93,0,116,60,0,60,176
07/28/2010,LEB,NH,ANE,EN,Federal Contract Tower,0,8,10,1,19,0,29,28,5,62,0,37,38,6,81,18,8,26,107
07/29/2010,LEB,NH,ANE,EN,Federal Contract Tower,0,10,24,0,34,0,15,46,0,61,0,25,70,0,95,52,0,52,147
07/30/2010,LEB,NH,ANE,EN,Federal Contract Tower,0,15,15,0,30,0,13,74,4,91,0,28,89,4,121,66,0,66,187
07/31/2010,LEB,NH,ANE,EN,Federal Contract Tower,0,9,12,0,21,0,26,77,0,103,0,35,89,0,124,60,0,60,184
08/01/2010,LEB,NH,ANE,EN,Federal Contract Tower,0,11,13,0,24,0,11,53,0,64,0,22,66,0,88,62,0,62,150
08/02/2010,LEB,NH,ANE,EN,Federal Contract Tower,0,14,6,0,20,0,20,47,0,67,0,34,53,0,87,52,0,52,139
08/03/2010,LEB,NH,ANE,EN,Federal Contract Tower,0,14,27,0,41,0,9,20,0,29,0,23,47,0,70,28,0,28,98
08/04/2010,LEB,NH,ANE,EN,Federal Contract Tower,0,15,21,0,36,0,27,21,0,48,0,42,42,0,84,44,0,44,128
08/05/2010,LEB,NH,ANE,EN,Federal Contract Tower,0,23,18,0,41,0,3,25,0,28,0,26,43,0,69,84,0,84,153
08/06/2010,LEB,NH,ANE,EN,Federal Contract Tower,0,14,25,0,39,0,20,66,0,86,0,34,91,0,125,72,0,72,197
08/07/2010,LEB,NH,ANE,EN,Federal Contract Tower,0,6,3,0,9,0,13,42,0,55,0,19,45,0,64,24,0,24,88
08/08/2010,LEB,NH,ANE,EN,Federal Contract Tower,0,11,6,0,17,0,29,52,0,81,0,40,58,0,98,4,0,4,102
08/09/2010,LEB,NH,ANE,EN,Federal Contract Tower,0,9,10,1,20,0,7,37,0,44,0,16,47,1,64,36,2,38,102
08/10/2010,LEB,NH,ANE,EN,Federal Contract Tower,0,11,16,0,27,0,8,29,0,37,0,19,45,0,64,38,0,38,102
08/11/2010,LEB,NH,ANE,EN,Federal Contract Tower,0,13,11,0,24,0,27,58,0,85,0,40,69,0,109,68,0,68,177
08/12/2010,LEB,NH,ANE,EN,Federal Contract Tower,0,13,9,0,22,0,15,30,0,45,0,28,39,0,67,44,0,44,111
08/13/2010,LEB,NH,ANE,EN,Federal Contract Tower,0,21,20,0,41,0,6,56,0,62,0,27,76,0,103,56,0,56,159
08/14/2010,LEB,NH,ANE,EN,Federal Contract Tower,0,6,12,0,18,0,21,163,1,185,0,27,175,1,203,134,0,134,337
08/15/2010,LEB,NH,ANE,EN,Federal Contract Tower,0,17,14,0,31,0,13,33,0,46,0,30,47,0,77,56,0,56,133
08/16/2010,LEB,NH,ANE,EN,Federal Contract Tower,0,11,6,0,17,0,8,7,0,15,0,19,13,0,32,18,0,18,50
08/17/2010,LEB,NH,ANE,EN,Federal Contract Tower,0,8,10,0,18,0,9,57,0,66,0,17,67,0,84,44,0,44,128
08/18/2010,LEB,NH,ANE,EN,Federal Contract Tower,0,6,11,0,17,0,24,73,0,97,0,30,84,0,114,100,2,102,216
08/19/2010,LEB,NH,ANE,EN,Federal Contract Tower,0,15,9,0,24,0,10,67,0,77,0,25,76,0,101,54,0,54,155
08/20/2010,LEB,NH,ANE,EN,Federal Contract Tower,0,10,9,0,19,0,13,52,0,65,0,23,61,0,84,46,0,46,130
08/21/2010,LEB,NH,ANE,EN,Federal Contract Tower,0,12,6,0,18,0,9,46,0,55,0,21,52,0,73,48,0,48,121
08/22/2010,LEB,NH,ANE,EN,Federal Contract Tower,0,15,17,0,32,0,0,0,0,0,0,15,17,0,32,0,0,0,32
08/23/2010,LEB,NH,ANE,EN,Federal Contract Tower,0,10,15,0,25,0,2,2,0,4,0,12,17,0,29,0,0,0,29
08/24/2010,LEB,NH,ANE,EN,Federal Contract Tower,0,15,18,0,33,0,5,14,0,19,0,20,32,0,52,116,0,116,168
08/25/2010,LEB,NH,ANE,EN,Federal Contract Tower,0,14,18,0,32,0,7,4,0,11,0,21,22,0,43,0,0,0,43
08/26/2010,LEB,NH,ANE,EN,Federal Contract Tower,0,14,14,0,28,0,9,28,0,37,0,23,42,0,65,38,0,38,103
08/27/2010,LEB,NH,ANE,EN,Federal Contract Tower,0,10,4,0,14,0,13,59,0,72,0,23,63,0,86,50,0,50,136
08/28/2010,LEB,NH,ANE,EN,Federal Contract Tower,0,8,5,2,15,0,9,74,0,83,0,17,79,2,98,62,0,62,160
08/29/2010,LEB,NH,ANE,EN,Federal Contract Tower,0,14,24,0,38,0,28,62,0,90,0,42,86,0,128,38,0,38,166
08/30/2010,LEB,NH,ANE,EN,Federal Contract Tower,0,8,4,0,12,0,14,45,0,59,0,22,49,0,71,106,0,106,177
08/31/2010,LEB,NH,ANE,EN,Federal Contract Tower,0,10,14,0,24,0,17,45,4,66,0,27,59,4,90,8,0,8,98
09/01/2010,LEB,NH,ANE,EN,Federal Contract Tower,0,10,10,0,20,0,23,55,0,78,0,33,65,0,98,94,0,94,192
09/02/2010,LEB,NH,ANE,EN,Federal Contract Tower,0,12,14,0,26,0,8,50,2,60,0,20,64,2,86,96,0,96,182
09/03/2010,LEB,NH,ANE,EN,Federal Contract Tower,0,11,11,0,22,0,9,11,0,20,0,20,22,0,42,10,0,10,52
09/04/2010,LEB,NH,ANE,EN,Federal Contract Tower,0,12,9,0,21,0,11,16,0,27,0,23,25,0,48,10,0,10,58
09/05/2010,LEB,NH,ANE,EN,Federal Contract Tower,0,9,6,0,15,0,18,15,0,33,0,27,21,0,48,10,0,10,58
09/06/2010,LEB,NH,ANE,EN,Federal Contract Tower,0,3,6,0,9,0,20,41,0,61,0,23,47,0,70,52,0,52,122
09/07/2010,LEB,NH,ANE,EN,Federal Contract Tower,0,7,9,2,18,0,24,44,0,68,0,31,53,2,86,54,4,58,144
09/08/2010,LEB,NH,ANE,EN,Federal Contract Tower,0,12,16,0,28,0,31,17,0,48,0,43,33,0,76,42,0,42,118
09/09/2010,LEB,NH,ANE,EN,Federal Contract Tower,0,14,15,0,29,0,8,7,0,15,0,22,22,0,44,0,0,0,44
09/10/2010,LEB,NH,ANE,EN,Federal Contract Tower,0,14,19,0,33,0,7,22,0,29,0,21,41,0,62,50,0,50,112
09/11/2010,LEB,NH,ANE,EN,Federal Contract Tower,0,12,15,0,27,0,20,74,0,94,0,32,89,0,121,64,0,64,185
09/12/2010,LEB,NH,ANE,EN,Federal Contract Tower,0,17,22,0,39,0,7,55,0,62,0,24,77,0,101,34,0,34,135
09/13/2010,LEB,NH,ANE,EN,Federal Contract Tower,0,14,13,0,27,0,4,16,0,20,0,18,29,0,47,24,0,24,71
09/14/2010,LEB,NH,ANE,EN,Federal Contract Tower,0,18,4,0,22,0,11,50,0,61,0,29,54,0,83,96,0,96,179
09/15/2010,LEB,NH,ANE,EN,Federal Contract Tower,0,17,11,0,28,0,13,64,0,77,0,30,75,0,105,64,0,64,169
09/16/2010,LEB,NH,ANE,EN,Federal Contract Tower,0,12,13,0,25,0,6,42,0,48,0,18,55,0,73,30,0,30,103
09/17/2010,LEB,NH,ANE,EN,Federal Contract Tower,0,16,22,0,38,0,2,32,0,34,0,18,54,0,72,42,0,42,114
09/18/2010,LEB,NH,ANE,EN,Federal Contract Tower,0,13,8,0,21,0,3,48,0,51,0,16,56,0,72,42,0,42,114
09/19/2010,LEB,NH,ANE,EN,Federal Contract Tower,0,18,14,0,32,0,7,41,0,48,0,25,55,0,80,42,0,42,122
09/20/2010,LEB,NH,ANE,EN,Federal Contract Tower,0,17,9,2,28,0,11,60,0,71,0,28,69,2,99,82,2,84,183
09/21/2010,LEB,NH,ANE,EN,Federal Contract Tower,0,11,9,0,20,0,21,64,0,85,0,32,73,0,105,56,0,56,161
09/22/2010,LEB,NH,ANE,EN,Federal Contract Tower,0,10,11,3,24,0,29,46,0,75,0,39,57,3,99,44,0,44,143
09/23/2010,LEB,NH,ANE,EN,Federal Contract Tower,0,9,10,0,19,0,13,75,2,90,0,22,85,2,109,58,2,60,169
09/24/2010,LEB,NH,ANE,EN,Federal Contract Tower,0,9,18,0,27,0,12,41,0,53,0,21,59,0,80,10,0,10,90
09/25/2010,LEB,NH,ANE,EN,Federal Contract Tower,0,9,7,0,16,0,19,32,0,51,0,28,39,0,67,18,0,18,85
09/26/2010,LEB,NH,ANE,EN,Federal Contract Tower,0,12,18,0,30,0,5,37,0,42,0,17,55,0,72,38,0,38,110
09/27/2010,LEB,NH,ANE,EN,Federal Contract Tower,0,15,11,0,26,0,0,1,0,1,0,15,12,0,27,0,0,0,27
09/28/2010,LEB,NH,ANE,EN,Federal Contract Tower,0,11,11,0,22,0,4,3,0,7,0,15,14,0,29,6,0,6,35
09/29/2010,LEB,NH,ANE,EN,Federal Contract Tower,0,11,14,0,25,0,22,56,0,78,0,33,70,0,103,82,0,82,185
09/30/2010,LEB,NH,ANE,EN,Federal Contract Tower,0,12,8,0,20,0,0,0,0,0,0,12,8,0,20,2,0,2,22
10/01/2010,LEB,NH,ANE,EN,Federal Contract Tower,0,11,15,0,26,0,0,0,0,0,0,11,15,0,26,0,0,0,26
10/02/2010,LEB,NH,ANE,EN,Federal Contract Tower,0,12,16,0,28,0,18,78,0,96,0,30,94,0,124,76,0,76,200
10/03/2010,LEB,NH,ANE,EN,Federal Contract Tower,0,20,19,0,39,0,15,48,0,63,0,35,67,0,102,40,0,40,142
10/04/2010,LEB,NH,ANE,EN,Federal Contract Tower,0,22,13,1,36,0,2,28,1,31,0,24,41,2,67,36,0,36,103
10/05/2010,LEB,NH,ANE,EN,Federal Contract Tower,0,19,13,0,32,0,12,16,0,28,0,31,29,0,60,16,0,16,76
10/06/2010,LEB,NH,ANE,EN,Federal Contract Tower,0,17,13,0,30,0,3,0,0,3,0,20,13,0,33,0,0,0,33
10/07/2010,LEB,NH,ANE,EN,Federal Contract Tower,0,18,9,0,27,0,9,12,0,21,0,27,21,0,48,16,0,16,64
10/08/2010,LEB,NH,ANE,EN,Federal Contract Tower,0,18,11,0,29,0,11,67,0,78,0,29,78,0,107,26,0,26,133
10/09/2010,LEB,NH,ANE,EN,Federal Contract Tower,0,13,9,0,22,0,12,90,0,102,0,25,99,0,124,24,0,24,148
10/10/2010,LEB,NH,ANE,EN,Federal Contract Tower,0,13,12,0,25,0,23,70,0,93,0,36,82,0,118,38,0,38,156
10/11/2010,LEB,NH,ANE,EN,Federal Contract Tower,0,18,20,0,38,0,19,77,0,96,0,37,97,0,134,74,0,74,208
10/12/2010,LEB,NH,ANE,EN,Federal Contract Tower,0,16,11,0,27,0,10,41,0,51,0,26,52,0,78,58,0,58,136
10/13/2010,LEB,NH,ANE,EN,Federal Contract Tower,0,8,15,5,28,0,17,68,0,85,0,25,83,5,113,76,4,80,193
10/14/2010,LEB,NH,ANE,EN,Federal Contract Tower,0,15,19,0,34,0,9,28,0,37,0,24,47,0,71,42,0,42,113
10/15/2010,LEB,NH,ANE,EN,Federal Contract Tower,0,25,11,0,36,0,0,0,0,0,0,25,11,0,36,0,0,0,36
10/16/2010,LEB,NH,ANE,EN,Federal Contract Tower,0,20,8,0,28,0,0,2,0,2,0,20,10,0,30,0,0,0,30
10/17/2010,LEB,NH,ANE,EN,Federal Contract Tower,0,8,20,1,29,0,23,31,2,56,0,31,51,3,85,22,0,22,107
10/18/2010,LEB,NH,ANE,EN,Federal Contract Tower,0,5,6,0,11,0,15,33,3,51,0,20,39,3,62,28,2,30,92
10/19/2010,LEB,NH,ANE,EN,Federal Contract Tower,0,8,5,0,13,0,9,24,0,33,0,17,29,0,46,24,0,24,70
10/20/2010,LEB,NH,ANE,EN,Federal Contract Tower,0,15,2,2,19,0,14,49,0,63,0,29,51,2,82,116,0,116,198
10/21/2010,LEB,NH,ANE,EN,Federal Contract Tower,0,16,19,0,35,0,0,3,0,3,0,16,22,0,38,0,0,0,38
10/22/2010,LEB,NH,ANE,EN,Federal Contract Tower,0,23,13,0,36,0,6,22,0,28,0,29,35,0,64,10,0,10,74
10/23/2010,LEB,NH,ANE,EN,Federal Contract Tower,0,9,14,0,23,0,10,30,0,40,0,19,44,0,63,26,0,26,89
10/24/2010,LEB,NH,ANE,EN,Federal Contract Tower,0,19,23,0,42,0,4,2,0,6,0,23,25,0,48,14,0,14,62
10/25/2010,LEB,NH,ANE,EN,Federal Contract Tower,0,14,8,0,22,0,0,5,0,5,0,14,13,0,27,10,0,10,37
10/26/2010,LEB,NH,ANE,EN,Federal Contract Tower,0,18,12,0,30,0,11,21,0,32,0,29,33,0,62,70,0,70,132
10/27/2010,LEB,NH,ANE,EN,Federal Contract Tower,0,11,11,0,22,0,2,4,0,6,0,13,15,0,28,12,0,12,40
10/28/2010,LEB,NH,ANE,EN,Federal Contract Tower,0,12,11,0,23,0,9,59,0,68,0,21,70,0,91,132,0,132,223
10/29/2010,LEB,NH,ANE,EN,Federal Contract Tower,0,13,13,0,26,0,1,25,1,27,0,14,38,1,53,78,0,78,131
10/30/2010,LEB,NH,ANE,EN,Federal Contract Tower,0,15,9,0,24,0,6,25,0,31,0,21,34,0,55,28,0,28,83
10/31/2010,LEB,NH,ANE,EN,Federal Contract Tower,0,20,7,0,27,0,3,16,0,19,0,23,23,0,46,18,0,18,64
11/01/2010,LEB,NH,ANE,EN,Federal Contract Tower,0,18,7,0,25,0,3,23,0,26,0,21,30,0,51,14,0,14,65
11/02/2010,LEB,NH,ANE,EN,Federal Contract Tower,0,10,8,0,18,0,12,55,0,67,0,22,63,0,85,58,0,58,143
11/03/2010,LEB,NH,ANE,EN,Federal Contract Tower,0,6,13,0,19,0,9,61,0,70,0,15,74,0,89,74,0,74,163
11/04/2010,LEB,NH,ANE,EN,Federal Contract Tower,0,11,9,0,20,0,0,0,0,0,0,11,9,0,20,0,0,0,20
11/05/2010,LEB,NH,ANE,EN,Federal Contract Tower,0,16,15,0,31,0,1,1,0,2,0,17,16,0,33,0,0,0,33
11/06/2010,LEB,NH,ANE,EN,Federal Contract Tower,0,11,16,0,27,0,3,0,0,3,0,14,16,0,30,0,0,0,30
11/07/2010,LEB,NH,ANE,EN,Federal Contract Tower,0,14,14,0,28,0,6,22,0,28,0,20,36,0,56,18,0,18,74
11/08/2010,LEB,NH,ANE,EN,Federal Contract Tower,0,12,12,0,24,0,0,2,0,2,0,12,14,0,26,10,0,10,36
11/09/2010,LEB,NH,ANE,EN,Federal Contract Tower,0,17,8,1,26,0,0,13,0,13,0,17,21,1,39,28,2,30,69
11/10/2010,LEB,NH,ANE,EN,Federal Contract Tower,0,15,12,0,27,0,18,44,0,62,0,33,56,0,89,88,0,88,177
11/11/2010,LEB,NH,ANE,EN,Federal Contract Tower,0,15,10,0,25,0,26,63,0,89,0,41,73,0,114,120,0,120,234
11/12/2010,LEB,NH,ANE,EN,Federal Contract Tower,0,13,11,0,24,0,21,79,0,100,0,34,90,0,124,148,0,148,272
11/13/2010,LEB,NH,ANE,EN,Federal Contract Tower,0,9,8,1,18,0,19,63,0,82,0,28,71,1,100,86,0,86,186
11/14/2010,LEB,NH,ANE,EN,Federal Contract Tower,0,16,13,0,29,0,8,64,0,72,0,24,77,0,101,74,0,74,175
11/15/2010,LEB,NH,ANE,EN,Federal Contract Tower,0,14,5,0,19,0,0,0,0,0,0,14,5,0,19,0,0,0,19
11/16/2010,LEB,NH,ANE,EN,Federal Contract Tower,0,18,10,0,28,0,4,10,0,14,0,22,20,0,42,46,0,46,88
11/17/2010,LEB,NH,ANE,EN,Federal Contract Tower,0,16,6,2,24,0,8,2,0,10,0,24,8,2,34,42,0,42,76
11/18/2010,LEB,NH,ANE,EN,Federal Contract Tower,0,11,10,0,21,0,11,19,0,30,0,22,29,0,51,72,0,72,123
11/19/2010,LEB,NH,ANE,EN,Federal Contract Tower,0,22,19,0,41,0,7,26,0,33,0,29,45,0,74,28,0,28,102
11/20/2010,LEB,NH,ANE,EN,Federal Contract Tower,0,13,6,0,19,0,7,10,0,17,0,20,16,0,36,0,0,0,36
11/21/2010,LEB,NH,ANE,EN,Federal Contract Tower,0,7,11,0,18,0,13,54,0,67,0,20,65,0,85,76,0,76,161
11/22/2010,LEB,NH,ANE,EN,Federal Contract Tower,0,17,7,0,24,0,0,0,0,0,0,17,7,0,24,0,0,0,24
11/23/2010,LEB,NH,ANE,EN,Federal Contract Tower,0,27,5,0,32,0,0,4,0,4,0,27,9,0,36,2,0,2,38
11/24/2010,LEB,NH,ANE,EN,Federal Contract Tower,0,18,10,0,28,0,20,34,2,56,0,38,44,2,84,26,6,32,116
11/25/2010,LEB,NH,ANE,EN,Federal Contract Tower,0,13,2,0,15,0,11,17,0,28,0,24,19,0,43,12,0,12,55
11/26/2010,LEB,NH,ANE,EN,Federal Contract Tower,0,11,3,0,14,0,5,6,0,11,0,16,9,0,25,14,0,14,39
11/27/2010,LEB,NH,ANE,EN,Federal Contract Tower,0,22,11,0,33,0,0,2,0,2,0,22,13,0,35,0,0,0,35
11/28/2010,LEB,NH,ANE,EN,Federal Contract Tower,0,19,9,0,28,0,20,57,0,77,0,39,66,0,105,64,0,64,169
11/29/2010,LEB,NH,ANE,EN,Federal Contract Tower,0,7,8,0,15,0,13,36,0,49,0,20,44,0,64,30,0,30,94
11/30/2010,LEB,NH,ANE,EN,Federal Contract Tower,0,12,5,0,17,0,8,21,0,29,0,20,26,0,46,52,0,52,98
12/01/2010,LEB,NH,ANE,EN,Federal Contract Tower,0,11,3,0,14,0,0,0,0,0,0,11,3,0,14,0,0,0,14
12/02/2010,LEB,NH,ANE,EN,Federal Contract Tower,0,17,7,1,25,0,4,49,1,54,0,21,56,2,79,46,0,46,125
12/03/2010,LEB,NH,ANE,EN,Federal Contract Tower,0,13,17,1,31,0,5,31,1,37,0,18,48,2,68,76,0,76,144
12/04/2010,LEB,NH,ANE,EN,Federal Contract Tower,0,11,0,0,11,0,9,7,0,16,0,20,7,0,27,24,0,24,51
12/05/2010,LEB,NH,ANE,EN,Federal Contract Tower,0,13,11,0,24,0,9,15,0,24,0,22,26,0,48,44,0,44,92
12/06/2010,LEB,NH,ANE,EN,Federal Contract Tower,0,17,7,0,24,0,0,2,0,2,0,17,9,0,26,12,0,12,38
12/07/2010,LEB,NH,ANE,EN,Federal Contract Tower,0,14,13,1,28,0,11,35,0,46,0,25,48,1,74,52,2,54,128
12/08/2010,LEB,NH,ANE,EN,Federal Contract Tower,0,16,10,0,26,0,12,36,0,48,0,28,46,0,74,56,0,56,130
12/09/2010,LEB,NH,ANE,EN,Federal Contract Tower,0,15,16,0,31,0,1,26,0,27,0,16,42,0,58,94,0,94,152
12/10/2010,LEB,NH,ANE,EN,Federal Contract Tower,0,10,13,0,23,0,11,32,0,43,0,21,45,0,66,56,0,56,122
12/11/2010,LEB,NH,ANE,EN,Federal Contract Tower,0,13,3,0,16,0,9,17,0,26,0,22,20,0,42,8,0,8,50
12/12/2010,LEB,NH,ANE,EN,Federal Contract Tower,0,11,8,0,19,0,0,0,0,0,0,11,8,0,19,0,0,0,19
12/13/2010,LEB,NH,ANE,EN,Federal Contract Tower,0,12,5,0,17,0,0,1,0,1,0,12,6,0,18,0,0,0,18
12/14/2010,LEB,NH,ANE,EN,Federal Contract Tower,0,18,9,0,27,0,3,1,0,4,0,21,10,0,31,0,0,0,31
12/15/2010,LEB,NH,ANE,EN,Federal Contract Tower,0,14,13,0,27,0,7,8,0,15,0,21,21,0,42,26,0,26,68
12/16/2010,LEB,NH,ANE,EN,Federal Contract Tower,0,18,11,0,29,0,7,13,0,20,0,25,24,0,49,18,0,18,67
12/17/2010,LEB,NH,ANE,EN,Federal Contract Tower,0,9,19,1,29,0,8,30,0,38,0,17,49,1,67,82,2,84,151
12/18/2010,LEB,NH,ANE,EN,Federal Contract Tower,0,8,10,0,18,0,14,31,0,45,0,22,41,0,63,10,0,10,73
12/19/2010,LEB,NH,ANE,EN,Federal Contract Tower,0,10,6,0,16,0,6,18,0,24,0,16,24,0,40,28,0,28,68
12/20/2010,LEB,NH,ANE,EN,Federal Contract Tower,0,12,11,0,23,0,2,7,0,9,0,14,18,0,32,18,0,18,50
12/21/2010,LEB,NH,ANE,EN,Federal Contract Tower,0,14,14,1,29,0,4,7,0,11,0,18,21,1,40,6,2,8,48
12/22/2010,LEB,NH,ANE,EN,Federal Contract Tower,0,15,8,0,23,0,7,6,0,13,0,22,14,0,36,4,0,4,40
12/23/2010,LEB,NH,ANE,EN,Federal Contract Tower,0,18,9,0,27,0,0,1,0,1,0,18,10,0,28,0,0,0,28
12/24/2010,LEB,NH,ANE,EN,Federal Contract Tower,0,14,4,0,18,0,4,45,0,49,0,18,49,0,67,24,0,24,91
12/25/2010,LEB,NH,ANE,EN,Federal Contract Tower,0,8,2,0,10,0,1,4,0,5,0,9,6,0,15,26,0,26,41
12/26/2010,LEB,NH,ANE,EN,Federal Contract Tower,0,9,12,0,21,0,2,2,0,4,0,11,14,0,25,6,0,6,31
12/27/2010,LEB,NH,ANE,EN,Federal Contract Tower,0,0,0,0,0,0,0,0,0,0,0,0,0,0,0,0,0,0,0
12/28/2010,LEB,NH,ANE,EN,Federal Contract Tower,0,12,14,0,26,0,12,18,0,30,0,24,32,0,56,46,0,46,102
12/29/2010,LEB,NH,ANE,EN,Federal Contract Tower,0,16,12,0,28,0,3,2,0,5,0,19,14,0,33,0,0,0,33
12/30/2010,LEB,NH,ANE,EN,Federal Contract Tower,0,9,12,1,22,0,35,25,0,60,0,44,37,1,82,10,2,12,94
12/31/2010,LEB,NH,ANE,EN,Federal Contract Tower,0,10,8,0,18,0,11,27,0,38,0,21,35,0,56,40,0,40,96
01/01/2011,LEB,NH,ANE,EN,Federal Contract Tower,0,13,4,0,17,0,14,13,0,27,0,27,17,0,44,26,0,26,70
01/02/2011,LEB,NH,ANE,EN,Federal Contract Tower,0,19,16,0,35,0,12,21,0,33,0,31,37,0,68,24,0,24,92
01/03/2011,LEB,NH,ANE,EN,Federal Contract Tower,0,12,7,0,19,0,18,2,0,20,0,30,9,0,39,0,0,0,39
01/04/2011,LEB,NH,ANE,EN,Federal Contract Tower,0,12,4,0,16,0,3,19,0,22,0,15,23,0,38,20,0,20,58
01/05/2011,LEB,NH,ANE,EN,Federal Contract Tower,0,15,3,0,18,0,9,17,0,26,0,24,20,0,44,32,0,32,76
01/06/2011,LEB,NH,ANE,EN,Federal Contract Tower,0,7,8,0,15,0,9,23,0,32,0,16,31,0,47,18,0,18,65
01/07/2011,LEB,NH,ANE,EN,Federal Contract Tower,0,15,9,2,26,0,0,7,0,7,0,15,16,2,33,3,0,3,36
01/08/2011,LEB,NH,ANE,EN,Federal Contract Tower,0,10,3,0,13,0,0,0,0,0,0,10,3,0,13,0,0,0,13
01/09/2011,LEB,NH,ANE,EN,Federal Contract Tower,0,13,7,0,20,0,3,8,0,11,0,16,15,0,31,4,0,4,35
01/10/2011,LEB,NH,ANE,EN,Federal Contract Tower,0,10,1,0,11,0,8,9,4,21,0,18,10,4,32,22,4,26,58
01/11/2011,LEB,NH,ANE,EN,Federal Contract Tower,0,15,11,1,27,0,21,32,2,55,0,36,43,3,82,136,4,140,222
01/12/2011,LEB,NH,ANE,EN,Federal Contract Tower,0,0,0,0,0,0,0,0,0,0,0,0,0,0,0,0,0,0,0
01/13/2011,LEB,NH,ANE,EN,Federal Contract Tower,0,16,10,0,26,0,7,27,0,34,0,23,37,0,60,140,0,140,200
01/14/2011,LEB,NH,ANE,EN,Federal Contract Tower,0,30,20,0,50,0,11,22,0,33,0,41,42,0,83,92,0,92,175
01/15/2011,LEB,NH,ANE,EN,Federal Contract Tower,0,3,9,0,12,0,9,7,0,16,0,12,16,0,28,6,0,6,34
01/16/2011,LEB,NH,ANE,EN,Federal Contract Tower,0,15,8,0,23,0,14,17,0,31,0,29,25,0,54,32,0,32,86
01/17/2011,LEB,NH,ANE,EN,Federal Contract Tower,0,15,15,0,30,0,14,25,0,39,0,29,40,0,69,14,0,14,83
01/18/2011,LEB,NH,ANE,EN,Federal Contract Tower,0,2,1,0,3,0,0,0,0,0,0,2,1,0,3,0,0,0,3
01/19/2011,LEB,NH,ANE,EN,Federal Contract Tower,0,12,10,0,22,0,0,0,0,0,0,12,10,0,22,0,0,0,22
01/20/2011,LEB,NH,ANE,EN,Federal Contract Tower,0,23,15,0,38,0,9,25,0,34,0,32,40,0,72,12,0,12,84
01/21/2011,LEB,NH,ANE,EN,Federal Contract Tower,0,13,6,0,19,0,0,5,0,5,0,13,11,0,24,32,0,32,56
01/22/2011,LEB,NH,ANE,EN,Federal Contract Tower,0,7,4,0,11,0,17,21,0,38,0,24,25,0,49,12,0,12,61
01/23/2011,LEB,NH,ANE,EN,Federal Contract Tower,0,15,1,0,16,0,18,11,0,29,0,33,12,0,45,0,0,0,45
01/24/2011,LEB,NH,ANE,EN,Federal Contract Tower,0,13,6,0,19,0,17,11,0,28,0,30,17,0,47,18,0,18,65
01/25/2011,LEB,NH,ANE,EN,Federal Contract Tower,0,24,4,0,28,0,10,9,0,19,0,34,13,0,47,66,0,66,113
01/26/2011,LEB,NH,ANE,EN,Federal Contract Tower,0,9,4,0,13,0,6,15,0,21,0,15,19,0,34,72,0,72,106
01/27/2011,LEB,NH,ANE,EN,Federal Contract Tower,0,12,8,0,20,0,9,8,0,17,0,21,16,0,37,0,0,0,37
01/28/2011,LEB,NH,ANE,EN,Federal Contract Tower,0,16,16,0,32,0,7,16,0,23,0,23,32,0,55,42,0,42,97
01/29/2011,LEB,NH,ANE,EN,Federal Contract Tower,0,14,4,0,18,0,1,12,0,13,0,15,16,0,31,22,0,22,53
01/30/2011,LEB,NH,ANE,EN,Federal Contract Tower,0,18,7,0,25,0,1,8,0,9,0,19,15,0,34,10,0,10,44
01/31/2011,LEB,NH,ANE,EN,Federal Contract Tower,0,7,4,1,12,0,9,9,1,19,0,16,13,2,31,4,4,8,39
02/01/2011,LEB,NH,ANE,EN,Federal Contract Tower,0,4,3,0,7,0,0,0,0,0,0,4,3,0,7,0,0,0,7
02/02/2011,LEB,NH,ANE,EN,Federal Contract Tower,0,0,1,0,1,0,0,0,0,0,0,0,1,0,1,0,0,0,1
02/03/2011,LEB,NH,ANE,EN,Federal Contract Tower,0,22,13,1,36,0,6,8,1,15,0,28,21,2,51,14,0,14,65
02/04/2011,LEB,NH,ANE,EN,Federal Contract Tower,0,18,13,0,31,0,14,36,0,50,0,32,49,0,81,6,0,6,87
02/05/2011,LEB,NH,ANE,EN,Federal Contract Tower,0,6,5,2,13,0,4,3,1,8,0,10,8,3,21,12,0,12,33
02/06/2011,LEB,NH,ANE,EN,Federal Contract Tower,0,17,8,0,25,0,2,1,0,3,0,19,9,0,28,0,0,0,28
02/07/2011,LEB,NH,ANE,EN,Federal Contract Tower,0,11,13,0,24,0,0,2,0,2,0,11,15,0,26,4,0,4,30
02/08/2011,LEB,NH,ANE,EN,Federal Contract Tower,0,12,8,0,20,0,0,0,0,0,0,12,8,0,20,0,0,0,20
02/09/2011,LEB,NH,ANE,EN,Federal Contract Tower,0,7,4,0,11,0,21,25,0,46,0,28,29,0,57,12,0,12,69
02/10/2011,LEB,NH,ANE,EN,Federal Contract Tower,0,14,6,0,20,0,14,37,0,51,0,28,43,0,71,40,0,40,111
02/11/2011,LEB,NH,ANE,EN,Federal Contract Tower,0,5,11,0,16,0,13,36,0,49,0,18,47,0,65,36,0,36,101
02/12/2011,LEB,NH,ANE,EN,Federal Contract Tower,0,8,8,0,16,0,7,13,0,20,0,15,21,0,36,4,0,4,40
02/13/2011,LEB,NH,ANE,EN,Federal Contract Tower,0,11,13,0,24,0,3,7,0,10,0,14,20,0,34,10,0,10,44
02/14/2011,LEB,NH,ANE,EN,Federal Contract Tower,0,9,2,0,11,0,1,0,0,1,0,10,2,0,12,0,0,0,12
02/15/2011,LEB,NH,ANE,EN,Federal Contract Tower,0,5,2,0,7,0,16,9,0,25,0,21,11,0,32,0,0,0,32
02/16/2011,LEB,NH,ANE,EN,Federal Contract Tower,0,6,10,0,16,0,11,26,0,37,0,17,36,0,53,64,0,64,117
02/17/2011,LEB,NH,ANE,EN,Federal Contract Tower,0,10,16,0,26,0,9,31,0,40,0,19,47,0,66,80,0,80,146
02/18/2011,LEB,NH,ANE,EN,Federal Contract Tower,0,24,14,0,38,0,6,11,0,17,0,30,25,0,55,12,0,12,67
02/19/2011,LEB,NH,ANE,EN,Federal Contract Tower,0,7,3,0,10,0,0,0,0,0,0,7,3,0,10,0,0,0,10
02/20/2011,LEB,NH,ANE,EN,Federal Contract Tower,0,14,5,0,19,0,24,18,0,42,0,38,23,0,61,32,0,32,93
02/21/2011,LEB,NH,ANE,EN,Federal Contract Tower,0,15,9,0,24,0,7,9,0,16,0,22,18,0,40,66,0,66,106
02/22/2011,LEB,NH,ANE,EN,Federal Contract Tower,0,11,6,1,18,0,20,28,2,50,0,31,34,3,68,84,2,86,154
02/23/2011,LEB,NH,ANE,EN,Federal Contract Tower,0,8,12,0,20,0,17,44,0,61,0,25,56,0,81,182,0,182,263
02/24/2011,LEB,NH,ANE,EN,Federal Contract Tower,0,8,7,0,15,0,13,34,0,47,0,21,41,0,62,130,0,130,192
02/25/2011,LEB,NH,ANE,EN,Federal Contract Tower,0,0,0,0,0,0,0,0,0,0,0,0,0,0,0,0,0,0,0
02/26/2011,LEB,NH,ANE,EN,Federal Contract Tower,0,17,13,0,30,0,10,12,0,22,0,27,25,0,52,0,0,0,52
02/27/2011,LEB,NH,ANE,EN,Federal Contract Tower,0,10,7,0,17,0,6,0,0,6,0,16,7,0,23,0,0,0,23
02/28/2011,LEB,NH,ANE,EN,Federal Contract Tower,0,3,6,0,9,0,0,0,0,0,0,3,6,0,9,0,0,0,9
03/01/2011,LEB,NH,ANE,EN,Federal Contract Tower,0,13,6,0,19,0,10,35,0,45,0,23,41,0,64,74,0,74,138
03/02/2011,LEB,NH,ANE,EN,Federal Contract Tower,0,7,5,0,12,0,4,0,0,4,0,11,5,0,16,0,0,0,16
03/03/2011,LEB,NH,ANE,EN,Federal Contract Tower,0,6,10,0,16,0,10,39,0,49,0,16,49,0,65,72,0,72,137
03/04/2011,LEB,NH,ANE,EN,Federal Contract Tower,0,6,3,0,9,0,13,27,0,40,0,19,30,0,49,10,0,10,59
03/05/2011,LEB,NH,ANE,EN,Federal Contract Tower,0,14,3,0,17,0,0,0,0,0,0,14,3,0,17,0,0,0,17
03/06/2011,LEB,NH,ANE,EN,Federal Contract Tower,0,14,3,0,17,0,0,0,0,0,0,14,3,0,17,0,0,0,17
03/07/2011,LEB,NH,ANE,EN,Federal Contract Tower,0,0,6,0,6,0,2,0,0,2,0,2,6,0,8,0,0,0,8
03/08/2011,LEB,NH,ANE,EN,Federal Contract Tower,0,10,6,0,16,0,18,38,0,56,0,28,44,0,72,62,0,62,134
03/09/2011,LEB,NH,ANE,EN,Federal Contract Tower,0,12,6,0,18,0,6,23,0,29,0,18,29,0,47,30,0,30,77
03/10/2011,LEB,NH,ANE,EN,Federal Contract Tower,0,8,2,0,10,0,0,0,0,0,0,8,2,0,10,0,0,0,10
03/11/2011,LEB,NH,ANE,EN,Federal Contract Tower,0,18,16,0,34,0,0,0,0,0,0,18,16,0,34,0,0,0,34
03/12/2011,LEB,NH,ANE,EN,Federal Contract Tower,0,20,3,0,23,0,3,0,0,3,0,23,3,0,26,0,0,0,26
03/13/2011,LEB,NH,ANE,EN,Federal Contract Tower,0,20,15,0,35,0,18,10,0,28,0,38,25,0,63,8,0,8,71
03/14/2011,LEB,NH,ANE,EN,Federal Contract Tower,0,15,7,0,22,0,9,10,0,19,0,24,17,0,41,40,0,40,81
03/15/2011,LEB,NH,ANE,EN,Federal Contract Tower,0,13,11,0,24,0,14,34,2,50,0,27,45,2,74,32,0,32,106
03/16/2011,LEB,NH,ANE,EN,Federal Contract Tower,0,14,7,0,21,0,0,0,0,0,0,14,7,0,21,0,0,0,21
03/17/2011,LEB,NH,ANE,EN,Federal Contract Tower,0,13,5,0,18,0,8,58,0,66,0,21,63,0,84,108,0,108,192
03/18/2011,LEB,NH,ANE,EN,Federal Contract Tower,0,9,5,0,14,0,2,4,0,6,0,11,9,0,20,0,0,0,20
03/19/2011,LEB,NH,ANE,EN,Federal Contract Tower,0,11,7,0,18,0,0,22,0,22,0,11,29,0,40,8,0,8,48
03/20/2011,LEB,NH,ANE,EN,Federal Contract Tower,0,8,5,0,13,0,13,49,0,62,0,21,54,0,75,34,0,34,109
03/21/2011,LEB,NH,ANE,EN,Federal Contract Tower,0,4,4,0,8,0,1,5,0,6,0,5,9,0,14,44,0,44,58
03/22/2011,LEB,NH,ANE,EN,Federal Contract Tower,0,11,10,0,21,0,8,8,2,18,0,19,18,2,39,0,0,0,39
03/23/2011,LEB,NH,ANE,EN,Federal Contract Tower,0,9,4,0,13,0,12,27,0,39,0,21,31,0,52,52,0,52,104
03/24/2011,LEB,NH,ANE,EN,Federal Contract Tower,0,10,6,2,18,0,8,24,0,32,0,18,30,2,50,38,4,42,92
03/25/2011,LEB,NH,ANE,EN,Federal Contract Tower,0,10,8,0,18,0,8,23,0,31,0,18,31,0,49,22,0,22,71
03/26/2011,LEB,NH,ANE,EN,Federal Contract Tower,0,9,1,0,10,0,23,9,1,33,0,32,10,1,43,0,0,0,43
03/27/2011,LEB,NH,ANE,EN,Federal Contract Tower,0,8,9,0,17,0,14,24,0,38,0,22,33,0,55,30,0,30,85
03/28/2011,LEB,NH,ANE,EN,Federal Contract Tower,0,12,14,0,26,0,11,34,0,45,0,23,48,0,71,34,0,34,105
03/29/2011,LEB,NH,ANE,EN,Federal Contract Tower,0,13,6,0,19,0,9,27,0,36,0,22,33,0,55,12,0,12,67
03/30/2011,LEB,NH,ANE,EN,Federal Contract Tower,0,14,12,0,26,0,18,39,0,57,0,32,51,0,83,54,0,54,137
03/31/2011,LEB,NH,ANE,EN,Federal Contract Tower,0,10,10,0,20,0,5,24,0,29,0,15,34,0,49,12,0,12,61
04/01/2011,LEB,NH,ANE,EN,Federal Contract Tower,0,5,6,0,11,0,0,0,0,0,0,5,6,0,11,8,0,8,19
04/02/2011,LEB,NH,ANE,EN,Federal Contract Tower,0,11,12,0,23,0,5,10,0,15,0,16,22,0,38,0,0,0,38
04/03/2011,LEB,NH,ANE,EN,Federal Contract Tower,0,10,5,0,15,0,5,12,0,17,0,15,17,0,32,14,0,14,46
04/04/2011,LEB,NH,ANE,EN,Federal Contract Tower,0,13,3,0,16,0,0,0,0,0,0,13,3,0,16,2,0,2,18
04/05/2011,LEB,NH,ANE,EN,Federal Contract Tower,0,7,7,0,14,0,0,0,0,0,0,7,7,0,14,0,0,0,14
04/06/2011,LEB,NH,ANE,EN,Federal Contract Tower,0,13,7,0,20,0,4,31,0,35,0,17,38,0,55,58,0,58,113
04/07/2011,LEB,NH,ANE,EN,Federal Contract Tower,0,10,11,1,22,0,17,48,1,66,0,27,59,2,88,108,0,108,196
04/08/2011,LEB,NH,ANE,EN,Federal Contract Tower,0,8,10,0,18,0,8,66,0,74,0,16,76,0,92,122,0,122,214
04/09/2011,LEB,NH,ANE,EN,Federal Contract Tower,0,4,4,0,8,0,18,66,0,84,0,22,70,0,92,30,0,30,122
04/10/2011,LEB,NH,ANE,EN,Federal Contract Tower,0,6,7,0,13,0,16,30,0,46,0,22,37,0,59,28,0,28,87
04/11/2011,LEB,NH,ANE,EN,Federal Contract Tower,0,13,6,0,19,0,1,6,0,7,0,14,12,0,26,74,0,74,100
04/12/2011,LEB,NH,ANE,EN,Federal Contract Tower,0,15,4,0,19,0,14,21,0,35,0,29,25,0,54,12,0,12,66
04/13/2011,LEB,NH,ANE,EN,Federal Contract Tower,0,9,11,0,20,0,0,0,0,0,0,9,11,0,20,0,0,0,20
04/14/2011,LEB,NH,ANE,EN,Federal Contract Tower,0,15,11,0,26,0,6,55,0,61,0,21,66,0,87,42,0,42,129
04/15/2011,LEB,NH,ANE,EN,Federal Contract Tower,0,16,13,0,29,0,18,83,0,101,0,34,96,0,130,100,0,100,230
04/16/2011,LEB,NH,ANE,EN,Federal Contract Tower,0,13,7,0,20,0,11,22,2,35,0,24,29,2,55,0,16,16,71
04/17/2011,LEB,NH,ANE,EN,Federal Contract Tower,0,16,8,0,24,0,8,9,0,17,0,24,17,0,41,18,0,18,59
04/18/2011,LEB,NH,ANE,EN,Federal Contract Tower,0,15,11,0,26,0,11,1,0,12,0,26,12,0,38,0,0,0,38
04/19/2011,LEB,NH,ANE,EN,Federal Contract Tower,0,9,3,0,12,0,10,22,0,32,0,19,25,0,44,70,0,70,114
04/20/2011,LEB,NH,ANE,EN,Federal Contract Tower,0,12,3,0,15,0,1,3,0,4,0,13,6,0,19,20,0,20,39
04/21/2011,LEB,NH,ANE,EN,Federal Contract Tower,0,10,13,0,23,0,6,33,0,39,0,16,46,0,62,38,0,38,100
04/22/2011,LEB,NH,ANE,EN,Federal Contract Tower,0,6,11,0,17,0,18,94,1,113,0,24,105,1,130,120,0,120,250
04/23/2011,LEB,NH,ANE,EN,Federal Contract Tower,0,7,4,0,11,0,0,2,0,2,0,7,6,0,13,8,0,8,21
04/24/2011,LEB,NH,ANE,EN,Federal Contract Tower,0,9,7,0,16,0,17,28,0,45,0,26,35,0,61,24,0,24,85
04/25/2011,LEB,NH,ANE,EN,Federal Contract Tower,0,15,10,0,25,0,2,8,0,10,0,17,18,0,35,2,0,2,37
04/26/2011,LEB,NH,ANE,EN,Federal Contract Tower,0,10,10,2,22,0,2,13,0,15,0,12,23,2,37,18,2,20,57
04/27/2011,LEB,NH,ANE,EN,Federal Contract Tower,0,14,18,0,32,0,18,38,0,56,0,32,56,0,88,54,0,54,142
04/28/2011,LEB,NH,ANE,EN,Federal Contract Tower,0,12,7,0,19,0,0,5,0,5,0,12,12,0,24,12,0,12,36
04/29/2011,LEB,NH,ANE,EN,Federal Contract Tower,0,12,14,3,29,0,7,65,0,72,0,19,79,3,101,72,0,72,173
04/30/2011,LEB,NH,ANE,EN,Federal Contract Tower,0,17,8,0,25,0,7,47,0,54,0,24,55,0,79,26,0,26,105
05/01/2011,LEB,NH,ANE,EN,Federal Contract Tower,0,18,12,0,30,0,20,75,0,95,0,38,87,0,125,56,0,56,181
05/02/2011,LEB,NH,ANE,EN,Federal Contract Tower,0,6,3,0,9,0,6,12,0,18,0,12,15,0,27,36,0,36,63
05/03/2011,LEB,NH,ANE,EN,Federal Contract Tower,0,15,13,0,28,0,8,1,0,9,0,23,14,0,37,0,0,0,37
05/04/2011,LEB,NH,ANE,EN,Federal Contract Tower,0,15,7,0,22,0,0,0,0,0,0,15,7,0,22,0,0,0,22
05/05/2011,LEB,NH,ANE,EN,Federal Contract Tower,0,13,9,0,22,0,6,1,0,7,0,19,10,0,29,0,0,0,29
05/06/2011,LEB,NH,ANE,EN,Federal Contract Tower,0,6,6,0,12,0,15,25,2,42,0,21,31,2,54,12,12,24,78
05/07/2011,LEB,NH,ANE,EN,Federal Contract Tower,0,10,11,0,21,0,13,36,0,49,0,23,47,0,70,58,0,58,128
05/08/2011,LEB,NH,ANE,EN,Federal Contract Tower,0,13,6,0,19,0,11,37,0,48,0,24,43,0,67,42,6,48,115
05/09/2011,LEB,NH,ANE,EN,Federal Contract Tower,0,6,4,0,10,0,18,27,0,45,0,24,31,0,55,66,0,66,121
05/10/2011,LEB,NH,ANE,EN,Federal Contract Tower,0,9,10,0,19,0,18,29,0,47,0,27,39,0,66,32,0,32,98
05/11/2011,LEB,NH,ANE,EN,Federal Contract Tower,0,15,7,0,22,0,27,34,6,67,0,42,41,6,89,42,2,44,133
05/12/2011,LEB,NH,ANE,EN,Federal Contract Tower,0,12,15,2,29,0,15,73,2,90,0,27,88,4,119,110,0,110,229
05/13/2011,LEB,NH,ANE,EN,Federal Contract Tower,0,15,15,0,30,0,12,81,3,96,0,27,96,3,126,71,0,71,197
05/14/2011,LEB,NH,ANE,EN,Federal Contract Tower,0,17,10,0,27,0,6,4,0,10,0,23,14,0,37,0,0,0,37
05/15/2011,LEB,NH,ANE,EN,Federal Contract Tower,0,25,7,0,32,0,0,0,0,0,0,25,7,0,32,0,0,0,32
05/16/2011,LEB,NH,ANE,EN,Federal Contract Tower,0,23,4,0,27,0,0,0,0,0,0,23,4,0,27,0,0,0,27
05/17/2011,LEB,NH,ANE,EN,Federal Contract Tower,0,15,6,0,21,0,0,1,0,1,0,15,7,0,22,18,0,18,40
05/18/2011,LEB,NH,ANE,EN,Federal Contract Tower,0,13,22,0,35,0,0,0,0,0,0,13,22,0,35,0,0,0,35
05/19/2011,LEB,NH,ANE,EN,Federal Contract Tower,0,17,11,0,28,0,0,6,0,6,0,17,17,0,34,4,0,4,38
05/20/2011,LEB,NH,ANE,EN,Federal Contract Tower,0,14,7,0,21,0,2,4,0,6,0,16,11,0,27,14,0,14,41
05/21/2011,LEB,NH,ANE,EN,Federal Contract Tower,0,15,4,0,19,0,0,1,0,1,0,15,5,0,20,0,0,0,20
05/22/2011,LEB,NH,ANE,EN,Federal Contract Tower,0,15,8,0,23,0,13,20,0,33,0,28,28,0,56,20,0,20,76
05/23/2011,LEB,NH,ANE,EN,Federal Contract Tower,0,11,14,0,25,0,8,0,0,8,0,19,14,0,33,4,0,4,37
05/24/2011,LEB,NH,ANE,EN,Federal Contract Tower,0,13,4,0,17,0,4,29,2,35,0,17,33,2,52,36,20,56,108
05/25/2011,LEB,NH,ANE,EN,Federal Contract Tower,0,12,13,0,25,0,5,43,1,49,0,17,56,1,74,36,0,36,110
05/26/2011,LEB,NH,ANE,EN,Federal Contract Tower,0,13,14,0,27,0,10,52,0,62,0,23,66,0,89,64,0,64,153
05/27/2011,LEB,NH,ANE,EN,Federal Contract Tower,0,21,14,0,35,0,10,37,0,47,0,31,51,0,82,30,0,30,112
05/28/2011,LEB,NH,ANE,EN,Federal Contract Tower,0,16,7,0,23,0,1,8,0,9,0,17,15,0,32,4,0,4,36
05/29/2011,LEB,NH,ANE,EN,Federal Contract Tower,0,19,3,0,22,0,16,23,0,39,0,35,26,0,61,50,0,50,111
05/30/2011,LEB,NH,ANE,EN,Federal Contract Tower,0,12,5,0,17,0,23,29,0,52,0,35,34,0,69,36,0,36,105
05/31/2011,LEB,NH,ANE,EN,Federal Contract Tower,0,9,4,1,14,0,12,58,2,72,0,21,62,3,86,48,2,50,136
06/01/2011,LEB,NH,ANE,EN,Federal Contract Tower,0,6,3,0,9,0,9,17,1,27,0,15,20,1,36,26,4,30,66
06/02/2011,LEB,NH,ANE,EN,Federal Contract Tower,0,13,7,0,20,0,19,33,0,52,0,32,40,0,72,30,0,30,102
06/03/2011,LEB,NH,ANE,EN,Federal Contract Tower,0,15,8,0,23,0,7,46,0,53,0,22,54,0,76,38,0,38,114
06/04/2011,LEB,NH,ANE,EN,Federal Contract Tower,0,11,5,1,17,0,10,100,1,111,0,21,105,2,128,32,18,50,178
06/05/2011,LEB,NH,ANE,EN,Federal Contract Tower,0,9,9,0,18,0,16,36,0,52,0,25,45,0,70,16,0,16,86
06/06/2011,LEB,NH,ANE,EN,Federal Contract Tower,0,21,5,0,26,0,23,16,0,39,0,44,21,0,65,102,0,102,167
06/07/2011,LEB,NH,ANE,EN,Federal Contract Tower,0,8,11,1,20,0,29,59,0,88,0,37,70,1,108,72,2,74,182
06/08/2011,LEB,NH,ANE,EN,Federal Contract Tower,0,8,13,1,22,0,32,52,0,84,0,40,65,1,106,44,2,46,152
06/09/2011,LEB,NH,ANE,EN,Federal Contract Tower,0,7,12,0,19,0,5,37,0,42,0,12,49,0,61,46,0,46,107
06/10/2011,LEB,NH,ANE,EN,Federal Contract Tower,0,25,26,0,51,0,10,71,0,81,0,35,97,0,132,42,0,42,174
06/11/2011,LEB,NH,ANE,EN,Federal Contract Tower,0,15,4,0,19,0,0,0,0,0,0,15,4,0,19,0,0,0,19
06/12/2011,LEB,NH,ANE,EN,Federal Contract Tower,0,21,24,0,45,0,0,1,0,1,0,21,25,0,46,0,0,0,46
06/13/2011,LEB,NH,ANE,EN,Federal Contract Tower,0,15,11,0,26,0,5,4,0,9,0,20,15,0,35,32,0,32,67
06/14/2011,LEB,NH,ANE,EN,Federal Contract Tower,0,13,14,0,27,0,4,21,0,25,0,17,35,0,52,48,0,48,100
06/15/2011,LEB,NH,ANE,EN,Federal Contract Tower,0,9,6,0,15,0,17,45,0,62,0,26,51,0,77,56,0,56,133
06/16/2011,LEB,NH,ANE,EN,Federal Contract Tower,0,11,13,0,24,0,12,84,0,96,0,23,97,0,120,162,0,162,282
06/17/2011,LEB,NH,ANE,EN,Federal Contract Tower,0,6,15,0,21,0,7,19,0,26,0,13,34,0,47,12,0,12,59
06/18/2011,LEB,NH,ANE,EN,Federal Contract Tower,0,16,2,0,18,0,9,32,0,41,0,25,34,0,59,0,0,0,59
06/19/2011,LEB,NH,ANE,EN,Federal Contract Tower,0,12,22,0,34,0,20,77,0,97,0,32,99,0,131,50,0,50,181
06/20/2011,LEB,NH,ANE,EN,Federal Contract Tower,0,5,5,0,10,0,7,59,0,66,0,12,64,0,76,40,0,40,116
06/21/2011,LEB,NH,ANE,EN,Federal Contract Tower,0,6,3,0,9,0,18,25,1,44,0,24,28,1,53,78,0,78,131
06/22/2011,LEB,NH,ANE,EN,Federal Contract Tower,0,12,8,0,20,0,22,18,0,40,0,34,26,0,60,0,0,0,60
06/23/2011,LEB,NH,ANE,EN,Federal Contract Tower,0,16,9,0,25,0,4,13,0,17,0,20,22,0,42,50,0,50,92
06/24/2011,LEB,NH,ANE,EN,Federal Contract Tower,0,19,14,0,33,0,2,11,0,13,0,21,25,0,46,60,0,60,106
06/25/2011,LEB,NH,ANE,EN,Federal Contract Tower,0,13,4,0,17,0,5,34,0,39,0,18,38,0,56,56,0,56,112
06/26/2011,LEB,NH,ANE,EN,Federal Contract Tower,0,20,15,0,35,0,8,19,0,27,0,28,34,0,62,66,0,66,128
06/27/2011,LEB,NH,ANE,EN,Federal Contract Tower,0,9,8,4,21,0,11,75,1,87,0,20,83,5,108,132,12,144,252
06/28/2011,LEB,NH,ANE,EN,Federal Contract Tower,0,12,13,0,25,0,12,44,2,58,0,24,57,2,83,112,4,116,199
06/29/2011,LEB,NH,ANE,EN,Federal Contract Tower,0,9,21,0,30,0,27,30,0,57,0,36,51,0,87,50,0,50,137
06/30/2011,LEB,NH,ANE,EN,Federal Contract Tower,0,15,15,2,32,0,6,50,2,58,0,21,65,4,90,40,4,44,134
07/01/2011,LEB,NH,ANE,EN,Federal Contract Tower,0,26,15,0,41,0,12,50,0,62,0,38,65,0,103,8,0,8,111
07/02/2011,LEB,NH,ANE,EN,Federal Contract Tower,0,17,5,0,22,0,6,33,0,39,0,23,38,0,61,12,0,12,73
07/03/2011,LEB,NH,ANE,EN,Federal Contract Tower,0,19,1,0,20,0,4,14,0,18,0,23,15,0,38,14,0,14,52
07/04/2011,LEB,NH,ANE,EN,Federal Contract Tower,0,19,3,0,22,0,20,43,0,63,0,39,46,0,85,22,0,22,107
07/05/2011,LEB,NH,ANE,EN,Federal Contract Tower,0,12,9,0,21,0,14,13,2,29,0,26,22,2,50,16,0,16,66
07/06/2011,LEB,NH,ANE,EN,Federal Contract Tower,0,9,11,0,20,0,16,50,0,66,0,25,61,0,86,42,0,42,128
07/07/2011,LEB,NH,ANE,EN,Federal Contract Tower,0,5,3,0,8,0,11,64,0,75,0,16,67,0,83,106,0,106,189
07/08/2011,LEB,NH,ANE,EN,Federal Contract Tower,0,12,5,0,17,0,5,22,3,30,0,17,27,3,47,26,0,26,73
07/09/2011,LEB,NH,ANE,EN,Federal Contract Tower,0,11,9,2,22,0,8,36,0,44,0,19,45,2,66,0,0,0,66
07/10/2011,LEB,NH,ANE,EN,Federal Contract Tower,0,14,8,0,22,0,21,43,0,64,0,35,51,0,86,18,0,18,104
07/11/2011,LEB,NH,ANE,EN,Federal Contract Tower,0,7,6,0,13,0,22,27,4,53,0,29,33,4,66,78,0,78,144
07/12/2011,LEB,NH,ANE,EN,Federal Contract Tower,0,17,9,0,26,0,8,20,0,28,0,25,29,0,54,24,2,26,80
07/13/2011,LEB,NH,ANE,EN,Federal Contract Tower,0,7,19,0,26,0,24,41,0,65,0,31,60,0,91,54,0,54,145
07/14/2011,LEB,NH,ANE,EN,Federal Contract Tower,0,7,15,0,22,0,13,90,3,106,0,20,105,3,128,98,8,106,234
07/15/2011,LEB,NH,ANE,EN,Federal Contract Tower,0,15,15,0,30,0,15,64,1,80,0,30,79,1,110,24,0,24,134
07/16/2011,LEB,NH,ANE,EN,Federal Contract Tower,0,10,15,0,25,0,11,108,1,120,0,21,123,1,145,6,0,6,151
07/17/2011,LEB,NH,ANE,EN,Federal Contract Tower,0,16,13,0,29,0,16,68,0,84,0,32,81,0,113,34,0,34,147
07/18/2011,LEB,NH,ANE,EN,Federal Contract Tower,0,17,15,0,32,0,20,15,0,35,0,37,30,0,67,20,0,20,87
07/19/2011,LEB,NH,ANE,EN,Federal Contract Tower,0,13,17,1,31,0,23,53,2,78,0,36,70,3,109,72,2,74,183
07/20/2011,LEB,NH,ANE,EN,Federal Contract Tower,0,6,18,1,25,0,24,42,1,67,0,30,60,2,92,48,0,48,140
07/21/2011,LEB,NH,ANE,EN,Federal Contract Tower,0,15,12,0,27,0,20,32,2,54,0,35,44,2,81,24,0,24,105
07/22/2011,LEB,NH,ANE,EN,Federal Contract Tower,0,20,16,1,37,0,11,66,2,79,0,31,82,3,116,26,0,26,142
07/23/2011,LEB,NH,ANE,EN,Federal Contract Tower,0,12,3,0,15,0,10,34,0,44,0,22,37,0,59,22,0,22,81
07/24/2011,LEB,NH,ANE,EN,Federal Contract Tower,0,18,17,0,35,0,23,73,0,96,0,41,90,0,131,40,0,40,171
07/25/2011,LEB,NH,ANE,EN,Federal Contract Tower,0,14,8,2,24,0,0,30,0,30,0,14,38,2,54,44,8,52,106
07/26/2011,LEB,NH,ANE,EN,Federal Contract Tower,0,16,21,0,37,0,7,27,0,34,0,23,48,0,71,22,0,22,93
07/27/2011,LEB,NH,ANE,EN,Federal Contract Tower,0,16,14,1,31,0,14,60,2,76,0,30,74,3,107,82,6,88,195
07/28/2011,LEB,NH,ANE,EN,Federal Contract Tower,0,17,19,0,36,0,20,52,0,72,0,37,71,0,108,52,0,52,160
07/29/2011,LEB,NH,ANE,EN,Federal Contract Tower,0,13,33,0,46,0,5,1,0,6,0,18,34,0,52,0,0,0,52
07/30/2011,LEB,NH,ANE,EN,Federal Contract Tower,0,9,7,0,16,0,6,54,1,61,0,15,61,1,77,28,0,28,105
07/31/2011,LEB,NH,ANE,EN,Federal Contract Tower,0,6,14,0,20,0,10,72,2,84,0,16,86,2,104,86,6,92,196
08/01/2011,LEB,NH,ANE,EN,Federal Contract Tower,0,12,6,0,18,0,18,26,0,44,0,30,32,0,62,46,0,46,108
08/02/2011,LEB,NH,ANE,EN,Federal Contract Tower,0,6,20,0,26,0,26,65,0,91,0,32,85,0,117,58,0,58,175
08/03/2011,LEB,NH,ANE,EN,Federal Contract Tower,0,16,13,1,30,0,23,55,1,79,0,39,68,2,109,46,0,46,155
08/04/2011,LEB,NH,ANE,EN,Federal Contract Tower,0,15,26,0,41,0,7,61,2,70,0,22,87,2,111,40,0,40,151
08/05/2011,LEB,NH,ANE,EN,Federal Contract Tower,0,17,15,0,32,0,6,63,2,71,0,23,78,2,103,44,0,44,147
08/06/2011,LEB,NH,ANE,EN,Federal Contract Tower,0,12,10,1,23,0,8,41,1,50,0,20,51,2,73,36,0,36,109
08/07/2011,LEB,NH,ANE,EN,Federal Contract Tower,0,12,28,0,40,0,10,32,0,42,0,22,60,0,82,60,0,60,142
08/08/2011,LEB,NH,ANE,EN,Federal Contract Tower,0,10,9,0,19,0,28,30,0,58,0,38,39,0,77,52,0,52,129
08/09/2011,LEB,NH,ANE,EN,Federal Contract Tower,0,13,8,0,21,0,10,14,0,24,0,23,22,0,45,20,0,20,65
08/10/2011,LEB,NH,ANE,EN,Federal Contract Tower,0,12,12,5,29,0,7,35,0,42,0,19,47,5,71,48,2,50,121
08/11/2011,LEB,NH,ANE,EN,Federal Contract Tower,0,22,8,5,35,0,12,88,0,100,0,34,96,5,135,90,0,90,225
08/12/2011,LEB,NH,ANE,EN,Federal Contract Tower,0,14,16,0,30,0,8,93,0,101,0,22,109,0,131,112,0,112,243
08/13/2011,LEB,NH,ANE,EN,Federal Contract Tower,0,7,7,0,14,0,20,83,0,103,0,27,90,0,117,50,0,50,167
08/14/2011,LEB,NH,ANE,EN,Federal Contract Tower,0,24,13,0,37,0,10,22,0,32,0,34,35,0,69,24,0,24,93
08/15/2011,LEB,NH,ANE,EN,Federal Contract Tower,0,14,7,0,21,0,0,0,0,0,0,14,7,0,21,0,0,0,21
08/16/2011,LEB,NH,ANE,EN,Federal Contract Tower,0,12,4,0,16,0,4,2,0,6,0,16,6,0,22,0,0,0,22
08/17/2011,LEB,NH,ANE,EN,Federal Contract Tower,0,3,13,1,17,0,13,52,4,69,0,16,65,5,86,38,0,38,124
08/18/2011,LEB,NH,ANE,EN,Federal Contract Tower,0,11,9,0,20,0,21,52,0,73,0,32,61,0,93,70,0,70,163
08/19/2011,LEB,NH,ANE,EN,Federal Contract Tower,0,18,12,0,30,0,3,5,0,8,0,21,17,0,38,0,0,0,38
08/20/2011,LEB,NH,ANE,EN,Federal Contract Tower,0,14,11,0,25,0,9,80,1,90,0,23,91,1,115,86,0,86,201
08/21/2011,LEB,NH,ANE,EN,Federal Contract Tower,0,16,10,2,28,0,13,22,0,35,0,29,32,2,63,0,0,0,63
08/22/2011,LEB,NH,ANE,EN,Federal Contract Tower,0,7,15,0,22,0,15,40,4,59,0,22,55,4,81,82,4,86,167
08/23/2011,LEB,NH,ANE,EN,Federal Contract Tower,0,8,10,0,18,0,19,37,0,56,0,27,47,0,74,112,0,112,186
08/24/2011,LEB,NH,ANE,EN,Federal Contract Tower,0,7,4,0,11,0,17,38,0,55,0,24,42,0,66,82,0,82,148
08/25/2011,LEB,NH,ANE,EN,Federal Contract Tower,0,12,7,0,19,0,13,13,2,28,0,25,20,2,47,78,0,78,125
08/26/2011,LEB,NH,ANE,EN,Federal Contract Tower,0,13,9,0,22,0,7,36,0,43,0,20,45,0,65,72,0,72,137
08/27/2011,LEB,NH,ANE,EN,Federal Contract Tower,0,8,6,0,14,0,8,20,2,30,0,16,26,2,44,22,0,22,66
08/28/2011,LEB,NH,ANE,EN,Federal Contract Tower,0,0,1,0,1,0,0,0,0,0,0,0,1,0,1,0,0,0,1
08/29/2011,LEB,NH,ANE,EN,Federal Contract Tower,0,7,3,0,10,0,19,62,5,86,0,26,65,5,96,56,0,56,152
08/30/2011,LEB,NH,ANE,EN,Federal Contract Tower,0,4,10,0,14,0,29,96,0,125,0,33,106,0,139,70,0,70,209
08/31/2011,LEB,NH,ANE,EN,Federal Contract Tower,0,7,8,0,15,0,24,75,3,102,0,31,83,3,117,100,0,100,217
09/01/2011,LEB,NH,ANE,EN,Federal Contract Tower,0,9,9,6,24,0,24,74,0,98,0,33,83,6,122,96,0,96,218
09/02/2011,LEB,NH,ANE,EN,Federal Contract Tower,0,14,6,0,20,0,13,87,0,100,0,27,93,0,120,54,0,54,174
09/03/2011,LEB,NH,ANE,EN,Federal Contract Tower,0,8,5,0,13,0,7,47,1,55,0,15,52,1,68,32,0,32,100
09/04/2011,LEB,NH,ANE,EN,Federal Contract Tower,0,14,12,0,26,0,38,0,0,38,0,52,12,0,64,14,0,14,78
09/05/2011,LEB,NH,ANE,EN,Federal Contract Tower,0,11,23,0,34,0,1,6,0,7,0,12,29,0,41,14,0,14,55
09/06/2011,LEB,NH,ANE,EN,Federal Contract Tower,0,15,14,0,29,0,6,3,0,9,0,21,17,0,38,0,0,0,38
09/07/2011,LEB,NH,ANE,EN,Federal Contract Tower,0,20,19,0,39,0,0,2,0,2,0,20,21,0,41,34,0,34,75
09/08/2011,LEB,NH,ANE,EN,Federal Contract Tower,0,22,8,5,35,0,0,5,0,5,0,22,13,5,40,0,0,0,40
09/09/2011,LEB,NH,ANE,EN,Federal Contract Tower,0,19,20,0,39,0,13,56,0,69,0,32,76,0,108,54,0,54,162
09/10/2011,LEB,NH,ANE,EN,Federal Contract Tower,0,10,18,0,28,0,11,95,2,108,0,21,113,2,136,56,0,56,192
09/11/2011,LEB,NH,ANE,EN,Federal Contract Tower,0,13,18,0,31,0,12,40,1,53,0,25,58,1,84,28,0,28,112
09/12/2011,LEB,NH,ANE,EN,Federal Contract Tower,0,12,12,0,24,0,22,40,0,62,0,34,52,0,86,54,0,54,140
09/13/2011,LEB,NH,ANE,EN,Federal Contract Tower,0,14,19,0,33,0,6,39,3,48,0,20,58,3,81,24,0,24,105
09/14/2011,LEB,NH,ANE,EN,Federal Contract Tower,0,10,18,0,28,0,20,37,0,57,0,30,55,0,85,32,0,32,117
09/15/2011,LEB,NH,ANE,EN,Federal Contract Tower,0,18,6,0,24,0,1,5,0,6,0,19,11,0,30,26,0,26,56
09/16/2011,LEB,NH,ANE,EN,Federal Contract Tower,0,14,8,0,22,0,11,40,0,51,0,25,48,0,73,50,0,50,123
09/17/2011,LEB,NH,ANE,EN,Federal Contract Tower,0,12,5,2,19,0,17,57,0,74,0,29,62,2,93,62,0,62,155
09/18/2011,LEB,NH,ANE,EN,Federal Contract Tower,0,16,8,1,25,0,13,33,3,49,0,29,41,4,74,38,0,38,112
09/19/2011,LEB,NH,ANE,EN,Federal Contract Tower,0,17,8,0,25,0,17,88,4,109,0,34,96,4,134,102,0,102,236
09/20/2011,LEB,NH,ANE,EN,Federal Contract Tower,0,18,22,0,40,0,3,3,0,6,0,21,25,0,46,14,0,14,60
09/21/2011,LEB,NH,ANE,EN,Federal Contract Tower,0,13,19,0,32,0,21,74,0,95,0,34,93,0,127,82,0,82,209
09/22/2011,LEB,NH,ANE,EN,Federal Contract Tower,0,21,14,0,35,0,0,0,0,0,0,21,14,0,35,0,0,0,35
09/23/2011,LEB,NH,ANE,EN,Federal Contract Tower,0,15,17,0,32,0,6,14,0,20,0,21,31,0,52,24,0,24,76
09/24/2011,LEB,NH,ANE,EN,Federal Contract Tower,0,16,16,0,32,0,1,5,0,6,0,17,21,0,38,0,0,0,38
09/25/2011,LEB,NH,ANE,EN,Federal Contract Tower,0,14,14,0,28,0,12,27,0,39,0,26,41,0,67,28,0,28,95
09/26/2011,LEB,NH,ANE,EN,Federal Contract Tower,0,13,7,0,20,0,5,50,0,55,0,18,57,0,75,50,0,50,125
09/27/2011,LEB,NH,ANE,EN,Federal Contract Tower,0,12,17,0,29,0,10,32,0,42,0,22,49,0,71,82,0,82,153
09/28/2011,LEB,NH,ANE,EN,Federal Contract Tower,0,12,8,0,20,0,15,24,0,39,0,27,32,0,59,108,0,108,167
09/29/2011,LEB,NH,ANE,EN,Federal Contract Tower,0,12,10,6,28,0,0,9,0,9,0,12,19,6,37,44,0,44,81
09/30/2011,LEB,NH,ANE,EN,Federal Contract Tower,0,14,12,0,26,0,8,45,0,53,0,22,57,0,79,76,0,76,155
10/01/2011,LEB,NH,ANE,EN,Federal Contract Tower,0,15,5,0,20,0,0,0,0,0,0,15,5,0,20,0,0,0,20
10/02/2011,LEB,NH,ANE,EN,Federal Contract Tower,0,19,12,0,31,0,0,0,0,0,0,19,12,0,31,2,0,2,33
10/03/2011,LEB,NH,ANE,EN,Federal Contract Tower,0,17,12,0,29,0,3,2,0,5,0,20,14,0,34,0,0,0,34
10/04/2011,LEB,NH,ANE,EN,Federal Contract Tower,0,11,9,0,20,0,4,1,0,5,0,15,10,0,25,0,0,0,25
10/05/2011,LEB,NH,ANE,EN,Federal Contract Tower,0,12,5,0,17,0,14,22,0,36,0,26,27,0,53,2,0,2,55
10/06/2011,LEB,NH,ANE,EN,Federal Contract Tower,0,14,8,0,22,0,10,54,3,67,0,24,62,3,89,58,0,58,147
10/07/2011,LEB,NH,ANE,EN,Federal Contract Tower,0,28,17,0,45,0,10,99,0,109,0,38,116,0,154,98,0,98,252
10/08/2011,LEB,NH,ANE,EN,Federal Contract Tower,0,13,7,0,20,0,16,75,0,91,0,29,82,0,111,32,0,32,143
10/09/2011,LEB,NH,ANE,EN,Federal Contract Tower,0,12,15,0,27,0,20,75,2,97,0,32,90,2,124,62,0,62,186
10/10/2011,LEB,NH,ANE,EN,Federal Contract Tower,0,23,14,0,37,0,14,72,1,87,0,37,86,1,124,56,0,56,180
10/11/2011,LEB,NH,ANE,EN,Federal Contract Tower,0,21,12,0,33,0,15,74,0,89,0,36,86,0,122,104,0,104,226
10/12/2011,LEB,NH,ANE,EN,Federal Contract Tower,0,17,14,0,31,0,15,26,0,41,0,32,40,0,72,34,0,34,106
10/13/2011,LEB,NH,ANE,EN,Federal Contract Tower,0,25,19,0,44,0,0,2,0,2,0,25,21,0,46,0,0,0,46
10/14/2011,LEB,NH,ANE,EN,Federal Contract Tower,0,17,10,0,27,0,0,0,0,0,0,17,10,0,27,0,0,0,27
10/15/2011,LEB,NH,ANE,EN,Federal Contract Tower,0,23,12,0,35,0,12,17,0,29,0,35,29,0,64,0,0,0,64
10/16/2011,LEB,NH,ANE,EN,Federal Contract Tower,0,22,14,0,36,0,5,15,0,20,0,27,29,0,56,4,0,4,60
10/17/2011,LEB,NH,ANE,EN,Federal Contract Tower,0,7,10,1,18,0,10,9,0,19,0,17,19,1,37,4,2,6,43
10/18/2011,LEB,NH,ANE,EN,Federal Contract Tower,0,10,7,0,17,0,9,37,0,46,0,19,44,0,63,4,0,4,67
10/19/2011,LEB,NH,ANE,EN,Federal Contract Tower,0,13,4,0,17,0,4,18,2,24,0,17,22,2,41,50,0,50,91
10/20/2011,LEB,NH,ANE,EN,Federal Contract Tower,0,23,15,0,38,0,8,4,0,12,0,31,19,0,50,18,0,18,68
10/21/2011,LEB,NH,ANE,EN,Federal Contract Tower,0,23,8,0,31,0,3,30,0,33,0,26,38,0,64,42,0,42,106
10/22/2011,LEB,NH,ANE,EN,Federal Contract Tower,0,13,12,1,26,0,12,29,5,46,0,25,41,6,72,42,0,42,114
10/23/2011,LEB,NH,ANE,EN,Federal Contract Tower,0,16,20,0,36,0,15,41,2,58,0,31,61,2,94,24,4,28,122
10/24/2011,LEB,NH,ANE,EN,Federal Contract Tower,0,11,9,0,20,0,9,47,0,56,0,20,56,0,76,98,0,98,174
10/25/2011,LEB,NH,ANE,EN,Federal Contract Tower,0,11,4,1,16,0,13,20,4,37,0,24,24,5,53,90,0,90,143
10/26/2011,LEB,NH,ANE,EN,Federal Contract Tower,0,21,6,0,27,0,8,27,0,35,0,29,33,0,62,96,0,96,158
10/27/2011,LEB,NH,ANE,EN,Federal Contract Tower,0,15,17,2,34,0,0,0,0,0,0,15,17,2,34,0,0,0,34
10/28/2011,LEB,NH,ANE,EN,Federal Contract Tower,0,19,12,0,31,0,9,24,0,33,0,28,36,0,64,20,0,20,84
10/29/2011,LEB,NH,ANE,EN,Federal Contract Tower,0,14,7,0,21,0,6,6,0,12,0,20,13,0,33,0,0,0,33
10/30/2011,LEB,NH,ANE,EN,Federal Contract Tower,0,11,10,0,21,0,17,1,0,18,0,28,11,0,39,0,0,0,39
10/31/2011,LEB,NH,ANE,EN,Federal Contract Tower,0,12,4,0,16,0,5,16,0,21,0,17,20,0,37,40,0,40,77
11/01/2011,LEB,NH,ANE,EN,Federal Contract Tower,0,9,9,0,18,0,16,28,0,44,0,25,37,0,62,50,0,50,112
11/02/2011,LEB,NH,ANE,EN,Federal Contract Tower,0,7,5,0,12,0,15,44,0,59,0,22,49,0,71,44,0,44,115
11/03/2011,LEB,NH,ANE,EN,Federal Contract Tower,0,9,15,0,24,0,8,28,0,36,0,17,43,0,60,12,0,12,72
11/04/2011,LEB,NH,ANE,EN,Federal Contract Tower,0,24,15,0,39,0,5,22,0,27,0,29,37,0,66,32,0,32,98
11/05/2011,LEB,NH,ANE,EN,Federal Contract Tower,0,14,14,0,28,0,11,57,0,68,0,25,71,0,96,12,0,12,108
11/06/2011,LEB,NH,ANE,EN,Federal Contract Tower,0,18,11,1,30,0,18,41,2,61,0,36,52,3,91,40,0,40,131
11/07/2011,LEB,NH,ANE,EN,Federal Contract Tower,0,7,4,2,13,0,10,41,1,52,0,17,45,3,65,56,2,58,123
11/08/2011,LEB,NH,ANE,EN,Federal Contract Tower,0,10,7,0,17,0,11,31,0,42,0,21,38,0,59,40,2,42,101
11/09/2011,LEB,NH,ANE,EN,Federal Contract Tower,0,3,6,0,9,0,20,43,0,63,0,23,49,0,72,36,0,36,108
11/10/2011,LEB,NH,ANE,EN,Federal Contract Tower,0,13,10,0,23,0,3,11,0,14,0,16,21,0,37,12,0,12,49
11/11/2011,LEB,NH,ANE,EN,Federal Contract Tower,0,21,11,0,32,0,7,3,0,10,0,28,14,0,42,6,0,6,48
11/12/2011,LEB,NH,ANE,EN,Federal Contract Tower,0,7,3,0,10,0,9,13,0,22,0,16,16,0,32,10,0,10,42
11/13/2011,LEB,NH,ANE,EN,Federal Contract Tower,0,9,8,0,17,0,12,32,0,44,0,21,40,0,61,14,0,14,75
11/14/2011,LEB,NH,ANE,EN,Federal Contract Tower,0,10,1,0,11,0,12,21,0,33,0,22,22,0,44,8,0,8,52
11/15/2011,LEB,NH,ANE,EN,Federal Contract Tower,0,13,8,0,21,0,10,10,0,20,0,23,18,0,41,6,0,6,47
11/16/2011,LEB,NH,ANE,EN,Federal Contract Tower,0,15,14,4,33,0,7,2,0,9,0,22,16,4,42,4,0,4,46
11/17/2011,LEB,NH,ANE,EN,Federal Contract Tower,0,20,6,0,26,0,9,11,4,24,0,29,17,4,50,28,0,28,78
11/18/2011,LEB,NH,ANE,EN,Federal Contract Tower,0,17,18,0,35,0,8,43,0,51,0,25,61,0,86,52,0,52,138
11/19/2011,LEB,NH,ANE,EN,Federal Contract Tower,0,22,4,0,26,0,11,28,0,39,0,33,32,0,65,48,0,48,113
11/20/2011,LEB,NH,ANE,EN,Federal Contract Tower,0,16,4,0,20,0,4,10,0,14,0,20,14,0,34,20,0,20,54
11/21/2011,LEB,NH,ANE,EN,Federal Contract Tower,0,15,6,0,21,0,2,16,0,18,0,17,22,0,39,18,0,18,57
11/22/2011,LEB,NH,ANE,EN,Federal Contract Tower,0,22,14,0,36,0,13,22,0,35,0,35,36,0,71,36,0,36,107
11/23/2011,LEB,NH,ANE,EN,Federal Contract Tower,0,15,12,0,27,0,0,0,0,0,0,15,12,0,27,0,0,0,27
11/24/2011,LEB,NH,ANE,EN,Federal Contract Tower,0,15,4,0,19,0,0,0,0,0,0,15,4,0,19,0,0,0,19
11/25/2011,LEB,NH,ANE,EN,Federal Contract Tower,0,5,9,0,14,0,6,16,0,22,0,11,25,0,36,30,0,30,66
11/26/2011,LEB,NH,ANE,EN,Federal Contract Tower,0,9,25,0,34,0,13,60,2,75,0,22,85,2,109,66,0,66,175
11/27/2011,LEB,NH,ANE,EN,Federal Contract Tower,0,21,10,0,31,0,6,22,0,28,0,27,32,0,59,0,0,0,59
11/28/2011,LEB,NH,ANE,EN,Federal Contract Tower,0,16,9,0,25,0,0,0,0,0,0,16,9,0,25,0,0,0,25
11/29/2011,LEB,NH,ANE,EN,Federal Contract Tower,0,14,6,0,20,0,2,0,0,2,0,16,6,0,22,2,0,2,24
11/30/2011,LEB,NH,ANE,EN,Federal Contract Tower,0,14,5,0,19,0,14,32,0,46,0,28,37,0,65,58,0,58,123
12/01/2011,LEB,NH,ANE,EN,Federal Contract Tower,0,7,11,0,18,0,19,41,0,60,0,26,52,0,78,38,0,38,116
12/02/2011,LEB,NH,ANE,EN,Federal Contract Tower,0,9,10,0,19,0,11,19,0,30,0,20,29,0,49,10,0,10,59
12/03/2011,LEB,NH,ANE,EN,Federal Contract Tower,0,11,4,0,15,0,14,50,6,70,0,25,54,6,85,24,2,26,111
12/04/2011,LEB,NH,ANE,EN,Federal Contract Tower,0,13,7,0,20,0,12,23,1,36,0,25,30,1,56,17,0,17,73
12/05/2011,LEB,NH,ANE,EN,Federal Contract Tower,0,10,1,0,11,0,7,28,0,35,0,17,29,0,46,36,0,36,82
12/06/2011,LEB,NH,ANE,EN,Federal Contract Tower,0,21,9,0,30,0,0,0,0,0,0,21,9,0,30,0,0,0,30
12/07/2011,LEB,NH,ANE,EN,Federal Contract Tower,0,14,3,0,17,0,0,0,0,0,0,14,3,0,17,0,0,0,17
12/08/2011,LEB,NH,ANE,EN,Federal Contract Tower,0,8,5,0,13,0,8,30,0,38,0,16,35,0,51,62,0,62,113
12/09/2011,LEB,NH,ANE,EN,Federal Contract Tower,0,5,6,0,11,0,13,35,2,50,0,18,41,2,61,108,6,114,175
12/10/2011,LEB,NH,ANE,EN,Federal Contract Tower,0,9,1,0,10,0,16,10,0,26,0,25,11,0,36,0,0,0,36
12/11/2011,LEB,NH,ANE,EN,Federal Contract Tower,0,6,7,0,13,0,13,56,2,71,0,19,63,2,84,54,0,54,138
12/12/2011,LEB,NH,ANE,EN,Federal Contract Tower,0,5,3,0,8,0,15,36,0,51,0,20,39,0,59,68,0,68,127
12/13/2011,LEB,NH,ANE,EN,Federal Contract Tower,0,12,9,0,21,0,8,45,0,53,0,20,54,0,74,72,0,72,146
12/14/2011,LEB,NH,ANE,EN,Federal Contract Tower,0,14,9,0,23,0,5,13,0,18,0,19,22,0,41,12,0,12,53
12/15/2011,LEB,NH,ANE,EN,Federal Contract Tower,0,12,15,0,27,0,0,7,0,7,0,12,22,0,34,44,0,44,78
12/16/2011,LEB,NH,ANE,EN,Federal Contract Tower,0,20,9,0,29,0,2,7,0,9,0,22,16,0,38,42,0,42,80
12/17/2011,LEB,NH,ANE,EN,Federal Contract Tower,0,15,1,0,16,0,4,33,0,37,0,19,34,0,53,22,0,22,75
12/18/2011,LEB,NH,ANE,EN,Federal Contract Tower,0,7,6,0,13,0,18,23,3,44,0,25,29,3,57,4,0,4,61
12/19/2011,LEB,NH,ANE,EN,Federal Contract Tower,0,11,6,0,17,0,10,18,0,28,0,21,24,0,45,22,0,22,67
12/20/2011,LEB,NH,ANE,EN,Federal Contract Tower,0,11,6,1,18,0,18,20,0,38,0,29,26,1,56,34,2,36,92
12/21/2011,LEB,NH,ANE,EN,Federal Contract Tower,0,7,6,0,13,0,0,0,0,0,0,7,6,0,13,0,0,0,13
12/22/2011,LEB,NH,ANE,EN,Federal Contract Tower,0,18,9,0,27,0,7,43,1,51,0,25,52,1,78,28,0,28,106
12/23/2011,LEB,NH,ANE,EN,Federal Contract Tower,0,12,4,0,16,0,0,0,0,0,0,12,4,0,16,0,0,0,16
12/24/2011,LEB,NH,ANE,EN,Federal Contract Tower,0,5,0,0,5,0,12,10,0,22,0,17,10,0,27,12,0,12,39
12/25/2011,LEB,NH,ANE,EN,Federal Contract Tower,0,10,3,0,13,0,14,2,0,16,0,24,5,0,29,0,0,0,29
12/26/2011,LEB,NH,ANE,EN,Federal Contract Tower,0,12,12,0,24,0,13,10,0,23,0,25,22,0,47,20,0,20,67
12/27/2011,LEB,NH,ANE,EN,Federal Contract Tower,0,10,8,0,18,0,5,8,0,13,0,15,16,0,31,18,0,18,49
12/28/2011,LEB,NH,ANE,EN,Federal Contract Tower,0,13,9,0,22,0,7,1,0,8,0,20,10,0,30,0,0,0,30
12/29/2011,LEB,NH,ANE,EN,Federal Contract Tower,0,7,6,0,13,0,28,37,0,65,0,35,43,0,78,46,0,46,124
12/30/2011,LEB,NH,ANE,EN,Federal Contract Tower,0,16,9,2,27,0,4,0,0,4,0,20,9,2,31,0,0,0,31
12/31/2011,LEB,NH,ANE,EN,Federal Contract Tower,0,5,2,0,7,0,0,0,0,0,0,5,2,0,7,0,0,0,7
01/01/2012,LEB,NH,ANE,EN,Federal Contract Tower,0,14,7,0,21,0,8,1,0,9,0,22,8,0,30,0,0,0,30
01/02/2012,LEB,NH,ANE,EN,Federal Contract Tower,0,16,9,0,25,0,14,11,0,25,0,30,20,0,50,0,0,0,50
01/03/2012,LEB,NH,ANE,EN,Federal Contract Tower,0,4,8,0,12,0,18,15,0,33,0,22,23,0,45,12,0,12,57
01/04/2012,LEB,NH,ANE,EN,Federal Contract Tower,0,8,4,0,12,0,15,40,0,55,0,23,44,0,67,70,0,70,137
01/05/2012,LEB,NH,ANE,EN,Federal Contract Tower,0,9,7,0,16,0,9,18,0,27,0,18,25,0,43,26,0,26,69
01/06/2012,LEB,NH,ANE,EN,Federal Contract Tower,0,12,11,0,23,0,4,11,0,15,0,16,22,0,38,40,0,40,78
01/07/2012,LEB,NH,ANE,EN,Federal Contract Tower,0,7,9,0,16,0,12,31,0,43,0,19,40,0,59,36,0,36,95
01/08/2012,LEB,NH,ANE,EN,Federal Contract Tower,0,13,5,0,18,0,5,15,0,20,0,18,20,0,38,24,0,24,62
01/09/2012,LEB,NH,ANE,EN,Federal Contract Tower,0,5,10,0,15,0,18,21,0,39,0,23,31,0,54,24,0,24,78
01/10/2012,LEB,NH,ANE,EN,Federal Contract Tower,0,11,6,0,17,0,13,61,0,74,0,24,67,0,91,82,0,82,173
01/11/2012,LEB,NH,ANE,EN,Federal Contract Tower,0,5,10,2,17,0,13,47,2,62,0,18,57,4,79,74,0,74,153
01/12/2012,LEB,NH,ANE,EN,Federal Contract Tower,0,11,2,0,13,0,0,0,0,0,0,11,2,0,13,0,0,0,13
01/13/2012,LEB,NH,ANE,EN,Federal Contract Tower,0,15,10,0,25,0,0,0,0,0,0,15,10,0,25,0,0,0,25
01/14/2012,LEB,NH,ANE,EN,Federal Contract Tower,0,16,2,0,18,0,11,15,0,26,0,27,17,0,44,16,0,16,60
01/15/2012,LEB,NH,ANE,EN,Federal Contract Tower,0,10,11,0,21,0,16,19,0,35,0,26,30,0,56,10,0,10,66
01/16/2012,LEB,NH,ANE,EN,Federal Contract Tower,0,10,21,1,32,0,14,9,0,23,0,24,30,1,55,4,0,4,59
01/17/2012,LEB,NH,ANE,EN,Federal Contract Tower,0,13,3,0,16,0,1,6,0,7,0,14,9,0,23,30,0,30,53
01/18/2012,LEB,NH,ANE,EN,Federal Contract Tower,0,11,14,0,25,0,16,16,0,32,0,27,30,0,57,14,0,14,71
01/19/2012,LEB,NH,ANE,EN,Federal Contract Tower,0,13,5,0,18,0,9,29,2,40,0,22,34,2,58,94,0,94,152
01/20/2012,LEB,NH,ANE,EN,Federal Contract Tower,0,9,7,0,16,0,5,24,0,29,0,14,31,0,45,34,0,34,79
01/21/2012,LEB,NH,ANE,EN,Federal Contract Tower,0,12,2,0,14,0,1,0,0,1,0,13,2,0,15,0,0,0,15
01/22/2012,LEB,NH,ANE,EN,Federal Contract Tower,0,15,3,0,18,0,11,24,0,35,0,26,27,0,53,28,0,28,81
01/23/2012,LEB,NH,ANE,EN,Federal Contract Tower,0,11,9,0,20,0,11,16,0,27,0,22,25,0,47,16,0,16,63
01/24/2012,LEB,NH,ANE,EN,Federal Contract Tower,0,19,16,0,35,0,17,14,0,31,0,36,30,0,66,128,0,128,194
01/25/2012,LEB,NH,ANE,EN,Federal Contract Tower,0,9,9,0,18,0,15,30,0,45,0,24,39,0,63,88,0,88,151
01/26/2012,LEB,NH,ANE,EN,Federal Contract Tower,0,9,11,0,20,0,14,46,0,60,0,23,57,0,80,76,0,76,156
01/27/2012,LEB,NH,ANE,EN,Federal Contract Tower,0,15,8,0,23,0,0,0,0,0,0,15,8,0,23,0,0,0,23
01/28/2012,LEB,NH,ANE,EN,Federal Contract Tower,0,15,4,0,19,0,9,41,0,50,0,24,45,0,69,44,0,44,113
01/29/2012,LEB,NH,ANE,EN,Federal Contract Tower,0,16,4,0,20,0,9,11,0,20,0,25,15,0,40,2,0,2,42
01/30/2012,LEB,NH,ANE,EN,Federal Contract Tower,0,15,2,0,17,0,3,4,0,7,0,18,6,0,24,14,0,14,38
01/31/2012,LEB,NH,ANE,EN,Federal Contract Tower,0,14,6,0,20,0,7,0,0,7,0,21,6,0,27,0,0,0,27
02/01/2012,LEB,NH,ANE,EN,Federal Contract Tower,0,13,2,0,15,0,17,1,0,18,0,30,3,0,33,0,0,0,33
02/02/2012,LEB,NH,ANE,EN,Federal Contract Tower,0,19,10,2,31,0,8,14,0,22,0,27,24,2,53,92,0,92,145
02/03/2012,LEB,NH,ANE,EN,Federal Contract Tower,0,11,11,0,22,0,8,0,0,8,0,19,11,0,30,42,0,42,72
02/04/2012,LEB,NH,ANE,EN,Federal Contract Tower,0,10,8,0,18,0,10,61,1,72,0,20,69,1,90,46,0,46,136
02/05/2012,LEB,NH,ANE,EN,Federal Contract Tower,0,6,6,0,12,0,28,27,0,55,0,34,33,0,67,6,0,6,73
02/06/2012,LEB,NH,ANE,EN,Federal Contract Tower,0,9,8,0,17,0,13,35,0,48,0,22,43,0,65,20,0,20,85
02/07/2012,LEB,NH,ANE,EN,Federal Contract Tower,0,13,11,0,24,0,4,38,0,42,0,17,49,0,66,40,0,40,106
02/08/2012,LEB,NH,ANE,EN,Federal Contract Tower,0,12,10,0,22,0,13,40,0,53,0,25,50,0,75,44,0,44,119
02/09/2012,LEB,NH,ANE,EN,Federal Contract Tower,0,8,4,0,12,0,14,29,0,43,0,22,33,0,55,30,0,30,85
02/10/2012,LEB,NH,ANE,EN,Federal Contract Tower,0,12,13,0,25,0,12,61,0,73,0,24,74,0,98,36,0,36,134
02/11/2012,LEB,NH,ANE,EN,Federal Contract Tower,0,14,6,0,20,0,12,3,0,15,0,26,9,0,35,0,0,0,35
02/12/2012,LEB,NH,ANE,EN,Federal Contract Tower,0,11,8,1,20,0,15,3,1,19,0,26,11,2,39,2,0,2,41
02/13/2012,LEB,NH,ANE,EN,Federal Contract Tower,0,8,4,0,12,0,3,19,0,22,0,11,23,0,34,26,0,26,60
02/14/2012,LEB,NH,ANE,EN,Federal Contract Tower,0,9,6,0,15,0,13,13,0,26,0,22,19,0,41,52,0,52,93
02/15/2012,LEB,NH,ANE,EN,Federal Contract Tower,0,12,3,0,15,0,9,16,0,25,0,21,19,0,40,70,0,70,110
02/16/2012,LEB,NH,ANE,EN,Federal Contract Tower,0,13,14,0,27,0,17,34,0,51,0,30,48,0,78,44,0,44,122
02/17/2012,LEB,NH,ANE,EN,Federal Contract Tower,0,19,13,0,32,0,9,18,0,27,0,28,31,0,59,52,0,52,111
02/18/2012,LEB,NH,ANE,EN,Federal Contract Tower,0,9,6,0,15,0,11,11,1,23,0,20,17,1,38,0,0,0,38
02/19/2012,LEB,NH,ANE,EN,Federal Contract Tower,0,11,5,0,16,0,17,12,0,29,0,28,17,0,45,0,0,0,45
02/20/2012,LEB,NH,ANE,EN,Federal Contract Tower,0,9,8,0,17,0,22,40,0,62,0,31,48,0,79,42,0,42,121
02/21/2012,LEB,NH,ANE,EN,Federal Contract Tower,0,10,7,0,17,0,19,26,0,45,0,29,33,0,62,34,0,34,96
02/22/2012,LEB,NH,ANE,EN,Federal Contract Tower,0,9,6,0,15,0,11,21,2,34,0,20,27,2,49,24,0,24,73
02/23/2012,LEB,NH,ANE,EN,Federal Contract Tower,0,11,6,2,19,0,3,4,0,7,0,14,10,2,26,20,0,20,46
02/24/2012,LEB,NH,ANE,EN,Federal Contract Tower,0,16,3,0,19,0,1,1,0,2,0,17,4,0,21,0,0,0,21
02/25/2012,LEB,NH,ANE,EN,Federal Contract Tower,0,3,6,0,9,0,0,0,0,0,0,3,6,0,9,0,0,0,9
02/26/2012,LEB,NH,ANE,EN,Federal Contract Tower,0,3,4,0,7,0,15,8,2,25,0,18,12,2,32,12,0,12,44
02/27/2012,LEB,NH,ANE,EN,Federal Contract Tower,0,7,8,0,15,0,12,15,0,27,0,19,23,0,42,12,0,12,54
02/28/2012,LEB,NH,ANE,EN,Federal Contract Tower,0,6,9,0,15,0,9,36,0,45,0,15,45,0,60,86,0,86,146
02/29/2012,LEB,NH,ANE,EN,Federal Contract Tower,0,14,3,2,19,0,1,7,0,8,0,15,10,2,27,70,0,70,97
03/01/2012,LEB,NH,ANE,EN,Federal Contract Tower,0,4,4,0,8,0,0,0,0,0,0,4,4,0,8,0,0,0,8
03/02/2012,LEB,NH,ANE,EN,Federal Contract Tower,0,18,13,0,31,0,2,12,0,14,0,20,25,0,45,64,0,64,109
03/03/2012,LEB,NH,ANE,EN,Federal Contract Tower,0,18,5,0,23,0,0,1,0,1,0,18,6,0,24,0,0,0,24
03/04/2012,LEB,NH,ANE,EN,Federal Contract Tower,0,5,7,0,12,0,9,21,0,30,0,14,28,0,42,12,0,12,54
03/05/2012,LEB,NH,ANE,EN,Federal Contract Tower,0,12,6,0,18,0,8,19,0,27,0,20,25,0,45,16,0,16,61
03/06/2012,LEB,NH,ANE,EN,Federal Contract Tower,0,5,4,0,9,0,18,27,8,53,0,23,31,8,62,42,2,44,106
03/07/2012,LEB,NH,ANE,EN,Federal Contract Tower,0,2,12,0,14,0,18,44,0,62,0,20,56,0,76,38,0,38,114
03/08/2012,LEB,NH,ANE,EN,Federal Contract Tower,0,12,7,1,20,0,12,11,1,24,0,24,18,2,44,0,0,0,44
03/09/2012,LEB,NH,ANE,EN,Federal Contract Tower,0,10,14,0,24,0,7,32,0,39,0,17,46,0,63,32,0,32,95
03/10/2012,LEB,NH,ANE,EN,Federal Contract Tower,0,8,6,0,14,0,16,53,1,70,0,24,59,1,84,28,0,28,112
03/11/2012,LEB,NH,ANE,EN,Federal Contract Tower,0,2,6,0,8,0,12,25,0,37,0,14,31,0,45,24,0,24,69
03/12/2012,LEB,NH,ANE,EN,Federal Contract Tower,0,4,7,1,12,0,21,59,2,82,0,25,66,3,94,48,10,58,152
03/13/2012,LEB,NH,ANE,EN,Federal Contract Tower,0,12,14,6,32,0,7,30,2,39,0,19,44,8,71,60,2,62,133
03/14/2012,LEB,NH,ANE,EN,Federal Contract Tower,0,10,9,0,19,0,12,32,0,44,0,22,41,0,63,62,0,62,125
03/15/2012,LEB,NH,ANE,EN,Federal Contract Tower,0,11,9,2,22,0,9,4,0,13,0,20,13,2,35,14,0,14,49
03/16/2012,LEB,NH,ANE,EN,Federal Contract Tower,0,14,8,0,22,0,0,0,0,0,0,14,8,0,22,12,0,12,34
03/17/2012,LEB,NH,ANE,EN,Federal Contract Tower,0,7,9,0,16,0,4,48,0,52,0,11,57,0,68,38,0,38,106
03/18/2012,LEB,NH,ANE,EN,Federal Contract Tower,0,6,3,0,9,0,13,38,2,53,0,19,41,2,62,82,0,82,144
03/19/2012,LEB,NH,ANE,EN,Federal Contract Tower,0,9,4,0,13,0,17,33,0,50,0,26,37,0,63,124,0,124,187
03/20/2012,LEB,NH,ANE,EN,Federal Contract Tower,0,7,5,0,12,0,20,24,0,44,0,27,29,0,56,20,0,20,76
03/21/2012,LEB,NH,ANE,EN,Federal Contract Tower,0,7,5,0,12,0,17,41,0,58,0,24,46,0,70,42,0,42,112
03/22/2012,LEB,NH,ANE,EN,Federal Contract Tower,0,5,0,0,5,0,21,44,2,67,0,26,44,2,72,74,0,74,146
03/23/2012,LEB,NH,ANE,EN,Federal Contract Tower,0,6,1,0,7,0,14,62,0,76,0,20,63,0,83,94,0,94,177
03/24/2012,LEB,NH,ANE,EN,Federal Contract Tower,0,1,6,0,7,0,17,35,0,52,0,18,41,0,59,2,0,2,61
03/25/2012,LEB,NH,ANE,EN,Federal Contract Tower,0,16,14,0,30,0,0,0,0,0,0,16,14,0,30,0,0,0,30
03/26/2012,LEB,NH,ANE,EN,Federal Contract Tower,0,15,6,0,21,0,7,6,0,13,0,22,12,0,34,0,0,0,34
03/27/2012,LEB,NH,ANE,EN,Federal Contract Tower,0,6,9,0,15,0,19,40,2,61,0,25,49,2,76,66,0,66,142
03/28/2012,LEB,NH,ANE,EN,Federal Contract Tower,0,12,5,0,17,0,12,36,0,48,0,24,41,0,65,72,0,72,137
03/29/2012,LEB,NH,ANE,EN,Federal Contract Tower,0,16,4,0,20,0,9,3,0,12,0,25,7,0,32,0,0,0,32
03/30/2012,LEB,NH,ANE,EN,Federal Contract Tower,0,14,1,0,15,0,9,48,0,57,0,23,49,0,72,24,0,24,96
03/31/2012,LEB,NH,ANE,EN,Federal Contract Tower,0,10,6,0,16,0,10,33,0,43,0,20,39,0,59,10,0,10,69
04/01/2012,LEB,NH,ANE,EN,Federal Contract Tower,0,10,0,0,10,0,12,26,0,38,0,22,26,0,48,28,0,28,76
04/02/2012,LEB,NH,ANE,EN,Federal Contract Tower,0,10,7,0,17,0,11,24,0,35,0,21,31,0,52,12,0,12,64
04/03/2012,LEB,NH,ANE,EN,Federal Contract Tower,0,3,3,1,7,15,39,2,0,56,15,42,5,1,63,46,2,48,111
04/04/2012,LEB,NH,ANE,EN,Federal Contract Tower,0,10,6,0,16,0,13,18,0,31,0,23,24,0,47,4,0,4,51
04/05/2012,LEB,NH,ANE,EN,Federal Contract Tower,0,14,6,0,20,0,20,45,0,65,0,34,51,0,85,56,0,56,141
04/06/2012,LEB,NH,ANE,EN,Federal Contract Tower,0,7,5,0,12,0,17,39,0,56,0,24,44,0,68,40,0,40,108
04/07/2012,LEB,NH,ANE,EN,Federal Contract Tower,0,6,5,0,11,0,12,46,2,60,0,18,51,2,71,2,0,2,73
04/08/2012,LEB,NH,ANE,EN,Federal Contract Tower,0,15,3,0,18,0,7,14,0,21,0,22,17,0,39,0,0,0,39
04/09/2012,LEB,NH,ANE,EN,Federal Contract Tower,0,20,3,2,25,0,12,13,0,25,0,32,16,2,50,32,0,32,82
04/10/2012,LEB,NH,ANE,EN,Federal Contract Tower,0,16,11,2,29,0,11,45,0,56,0,27,56,2,85,30,0,30,115
04/11/2012,LEB,NH,ANE,EN,Federal Contract Tower,0,12,8,2,22,0,13,39,0,52,0,25,47,2,74,74,6,80,154
04/12/2012,LEB,NH,ANE,EN,Federal Contract Tower,0,9,7,0,16,0,20,17,0,37,0,29,24,0,53,32,0,32,85
04/13/2012,LEB,NH,ANE,EN,Federal Contract Tower,0,4,13,0,17,0,21,74,0,95,0,25,87,0,112,126,0,126,238
04/14/2012,LEB,NH,ANE,EN,Federal Contract Tower,0,7,9,0,16,0,9,59,1,69,0,16,68,1,85,16,4,20,105
04/15/2012,LEB,NH,ANE,EN,Federal Contract Tower,0,14,12,0,26,0,20,12,1,33,0,34,24,1,59,4,0,4,63
04/16/2012,LEB,NH,ANE,EN,Federal Contract Tower,0,4,4,0,8,0,15,30,0,45,0,19,34,0,53,44,0,44,97
04/17/2012,LEB,NH,ANE,EN,Federal Contract Tower,0,9,10,0,19,0,24,42,0,66,0,33,52,0,85,60,0,60,145
04/18/2012,LEB,NH,ANE,EN,Federal Contract Tower,0,7,15,0,22,0,19,72,0,91,0,26,87,0,113,80,0,80,193
04/19/2012,LEB,NH,ANE,EN,Federal Contract Tower,0,2,7,3,12,0,18,41,0,59,0,20,48,3,71,112,0,112,183
04/20/2012,LEB,NH,ANE,EN,Federal Contract Tower,0,6,13,0,19,0,16,80,0,96,0,22,93,0,115,106,0,106,221
04/21/2012,LEB,NH,ANE,EN,Federal Contract Tower,0,16,3,0,19,0,3,20,1,24,0,19,23,1,43,6,0,6,49
04/22/2012,LEB,NH,ANE,EN,Federal Contract Tower,0,18,12,0,30,0,4,0,0,4,0,22,12,0,34,2,0,2,36
04/23/2012,LEB,NH,ANE,EN,Federal Contract Tower,0,15,3,0,18,0,8,0,0,8,0,23,3,0,26,0,0,0,26
04/24/2012,LEB,NH,ANE,EN,Federal Contract Tower,0,16,1,0,17,0,10,5,0,15,0,26,6,0,32,0,0,0,32
04/25/2012,LEB,NH,ANE,EN,Federal Contract Tower,0,13,5,0,18,0,15,43,0,58,0,28,48,0,76,88,0,88,164
04/26/2012,LEB,NH,ANE,EN,Federal Contract Tower,0,7,0,0,7,0,16,2,0,18,0,23,2,0,25,6,0,6,31
04/27/2012,LEB,NH,ANE,EN,Federal Contract Tower,0,17,14,0,31,0,11,5,0,16,0,28,19,0,47,6,0,6,53
04/28/2012,LEB,NH,ANE,EN,Federal Contract Tower,0,8,5,0,13,0,11,17,0,28,0,19,22,0,41,0,0,0,41
04/29/2012,LEB,NH,ANE,EN,Federal Contract Tower,0,10,4,0,14,0,14,10,0,24,0,24,14,0,38,0,0,0,38
04/30/2012,LEB,NH,ANE,EN,Federal Contract Tower,0,3,5,0,8,0,11,39,2,52,0,14,44,2,60,86,6,92,152
05/01/2012,LEB,NH,ANE,EN,Federal Contract Tower,0,18,8,0,26,0,0,0,0,0,0,18,8,0,26,0,0,0,26
05/02/2012,LEB,NH,ANE,EN,Federal Contract Tower,0,23,10,0,33,0,2,18,0,20,0,25,28,0,53,44,0,44,97
05/03/2012,LEB,NH,ANE,EN,Federal Contract Tower,0,20,17,0,37,0,0,0,0,0,0,20,17,0,37,0,0,0,37
05/04/2012,LEB,NH,ANE,EN,Federal Contract Tower,0,26,8,0,34,0,0,0,0,0,0,26,8,0,34,2,0,2,36
05/05/2012,LEB,NH,ANE,EN,Federal Contract Tower,0,17,10,0,27,0,21,18,0,39,0,38,28,0,66,0,0,0,66
05/06/2012,LEB,NH,ANE,EN,Federal Contract Tower,0,21,7,0,28,0,14,52,0,66,0,35,59,0,94,64,0,64,158
05/07/2012,LEB,NH,ANE,EN,Federal Contract Tower,0,8,4,0,12,0,17,53,0,70,0,25,57,0,82,88,0,88,170
05/08/2012,LEB,NH,ANE,EN,Federal Contract Tower,0,22,9,1,32,0,0,0,0,0,0,22,9,1,32,0,0,0,32
05/09/2012,LEB,NH,ANE,EN,Federal Contract Tower,0,14,6,0,20,0,1,3,0,4,0,15,9,0,24,2,0,2,26
05/10/2012,LEB,NH,ANE,EN,Federal Contract Tower,0,27,17,0,44,0,3,0,0,3,0,30,17,0,47,6,0,6,53
05/11/2012,LEB,NH,ANE,EN,Federal Contract Tower,0,15,5,0,20,0,10,47,0,57,0,25,52,0,77,76,0,76,153
05/12/2012,LEB,NH,ANE,EN,Federal Contract Tower,0,11,10,0,21,0,28,31,2,61,0,39,41,2,82,12,0,12,94
05/13/2012,LEB,NH,ANE,EN,Federal Contract Tower,0,12,8,0,20,0,20,38,0,58,0,32,46,0,78,28,0,28,106
05/14/2012,LEB,NH,ANE,EN,Federal Contract Tower,0,16,12,0,28,0,6,5,0,11,0,22,17,0,39,18,0,18,57
05/15/2012,LEB,NH,ANE,EN,Federal Contract Tower,0,14,11,0,25,0,2,2,0,4,0,16,13,0,29,18,0,18,47
05/16/2012,LEB,NH,ANE,EN,Federal Contract Tower,0,12,13,0,25,0,6,12,0,18,0,18,25,0,43,20,0,20,63
05/17/2012,LEB,NH,ANE,EN,Federal Contract Tower,0,3,9,1,13,0,21,39,2,62,0,24,48,3,75,68,2,70,145
05/18/2012,LEB,NH,ANE,EN,Federal Contract Tower,0,4,9,0,13,0,17,66,0,83,0,21,75,0,96,48,0,48,144
05/19/2012,LEB,NH,ANE,EN,Federal Contract Tower,0,10,15,0,25,0,20,70,2,92,0,30,85,2,117,14,0,14,131
05/20/2012,LEB,NH,ANE,EN,Federal Contract Tower,0,6,6,0,12,0,11,61,1,73,0,17,67,1,85,0,0,0,85
05/21/2012,LEB,NH,ANE,EN,Federal Contract Tower,0,12,8,0,20,0,10,9,0,19,0,22,17,0,39,8,0,8,47
05/22/2012,LEB,NH,ANE,EN,Federal Contract Tower,0,19,11,0,30,0,1,0,0,1,0,20,11,0,31,0,0,0,31
05/23/2012,LEB,NH,ANE,EN,Federal Contract Tower,0,12,10,0,22,0,11,40,0,51,0,23,50,0,73,68,0,68,141
05/24/2012,LEB,NH,ANE,EN,Federal Contract Tower,0,16,13,0,29,0,11,37,0,48,0,27,50,0,77,82,0,82,159
05/25/2012,LEB,NH,ANE,EN,Federal Contract Tower,0,15,19,0,34,0,1,13,0,14,0,16,32,0,48,30,0,30,78
05/26/2012,LEB,NH,ANE,EN,Federal Contract Tower,0,6,6,0,12,0,29,36,4,69,0,35,42,4,81,22,0,22,103
05/27/2012,LEB,NH,ANE,EN,Federal Contract Tower,0,7,2,0,9,0,30,35,0,65,0,37,37,0,74,6,0,6,80
05/28/2012,LEB,NH,ANE,EN,Federal Contract Tower,0,14,6,0,20,0,18,29,0,47,0,32,35,0,67,16,0,16,83
05/29/2012,LEB,NH,ANE,EN,Federal Contract Tower,0,4,2,0,6,0,2,11,0,13,0,6,13,0,19,44,0,44,63
05/30/2012,LEB,NH,ANE,EN,Federal Contract Tower,0,10,5,0,15,0,7,48,0,55,0,17,53,0,70,70,0,70,140
05/31/2012,LEB,NH,ANE,EN,Federal Contract Tower,0,15,10,1,26,0,9,53,2,64,0,24,63,3,90,60,0,60,150
06/01/2012,LEB,NH,ANE,EN,Federal Contract Tower,0,8,10,0,18,0,10,88,0,98,0,18,98,0,116,116,0,116,232
06/02/2012,LEB,NH,ANE,EN,Federal Contract Tower,0,10,3,0,13,0,0,0,0,0,0,10,3,0,13,0,0,0,13
06/03/2012,LEB,NH,ANE,EN,Federal Contract Tower,0,19,7,0,26,0,2,18,0,20,0,21,25,0,46,6,0,6,52
06/04/2012,LEB,NH,ANE,EN,Federal Contract Tower,0,12,4,0,16,0,3,2,0,5,0,15,6,0,21,6,0,6,27
06/05/2012,LEB,NH,ANE,EN,Federal Contract Tower,0,12,12,1,25,0,5,24,0,29,0,17,36,1,54,60,2,62,116
06/06/2012,LEB,NH,ANE,EN,Federal Contract Tower,0,12,8,0,20,0,8,22,0,30,0,20,30,0,50,120,0,120,170
06/07/2012,LEB,NH,ANE,EN,Federal Contract Tower,0,18,11,0,29,0,12,9,0,21,0,30,20,0,50,8,0,8,58
06/08/2012,LEB,NH,ANE,EN,Federal Contract Tower,0,16,15,0,31,0,8,56,0,64,0,24,71,0,95,118,0,118,213
06/09/2012,LEB,NH,ANE,EN,Federal Contract Tower,0,17,19,0,36,0,21,118,3,142,0,38,137,3,178,22,0,22,200
06/10/2012,LEB,NH,ANE,EN,Federal Contract Tower,0,30,18,0,48,0,13,43,0,56,0,43,61,0,104,16,0,16,120
06/11/2012,LEB,NH,ANE,EN,Federal Contract Tower,0,17,11,0,28,0,3,52,2,57,0,20,63,2,85,52,8,60,145
06/12/2012,LEB,NH,ANE,EN,Federal Contract Tower,0,15,10,0,25,0,11,53,0,64,0,26,63,0,89,96,0,96,185
06/13/2012,LEB,NH,ANE,EN,Federal Contract Tower,0,24,13,0,37,0,17,31,0,48,0,41,44,0,85,116,0,116,201
06/14/2012,LEB,NH,ANE,EN,Federal Contract Tower,0,21,10,0,31,0,15,51,0,66,0,36,61,0,97,116,0,116,213
06/15/2012,LEB,NH,ANE,EN,Federal Contract Tower,0,13,18,0,31,0,14,73,0,87,0,27,91,0,118,102,0,102,220
06/16/2012,LEB,NH,ANE,EN,Federal Contract Tower,0,11,8,0,19,0,11,54,0,65,0,22,62,0,84,24,0,24,108
06/17/2012,LEB,NH,ANE,EN,Federal Contract Tower,0,27,9,0,36,0,22,67,0,89,0,49,76,0,125,44,0,44,169
06/18/2012,LEB,NH,ANE,EN,Federal Contract Tower,0,15,10,1,26,0,4,35,0,39,0,19,45,1,65,76,2,78,143
06/19/2012,LEB,NH,ANE,EN,Federal Contract Tower,0,14,6,4,24,0,10,59,2,71,0,24,65,6,95,56,0,56,151
06/20/2012,LEB,NH,ANE,EN,Federal Contract Tower,0,5,9,0,14,0,17,48,0,65,0,22,57,0,79,48,0,48,127
06/21/2012,LEB,NH,ANE,EN,Federal Contract Tower,0,9,5,0,14,0,11,68,0,79,0,20,73,0,93,44,0,44,137
06/22/2012,LEB,NH,ANE,EN,Federal Contract Tower,0,10,12,1,23,0,8,37,0,45,0,18,49,1,68,84,2,86,154
06/23/2012,LEB,NH,ANE,EN,Federal Contract Tower,0,7,6,0,13,0,7,24,1,32,0,14,30,1,45,8,0,8,53
06/24/2012,LEB,NH,ANE,EN,Federal Contract Tower,0,9,1,0,10,0,8,33,0,41,0,17,34,0,51,18,0,18,69
06/25/2012,LEB,NH,ANE,EN,Federal Contract Tower,0,17,8,0,25,0,2,2,0,4,0,19,10,0,29,0,0,0,29
06/26/2012,LEB,NH,ANE,EN,Federal Contract Tower,0,16,11,0,27,0,3,4,0,7,0,19,15,0,34,20,0,20,54
06/27/2012,LEB,NH,ANE,EN,Federal Contract Tower,0,14,5,0,19,0,17,15,0,32,0,31,20,0,51,20,0,20,71
06/28/2012,LEB,NH,ANE,EN,Federal Contract Tower,0,8,10,0,18,0,25,77,0,102,0,33,87,0,120,48,0,48,168
06/29/2012,LEB,NH,ANE,EN,Federal Contract Tower,0,8,11,0,19,0,13,35,0,48,0,21,46,0,67,34,0,34,101
06/30/2012,LEB,NH,ANE,EN,Federal Contract Tower,0,6,4,0,10,0,16,37,0,53,0,22,41,0,63,16,0,16,79
07/01/2012,LEB,NH,ANE,EN,Federal Contract Tower,0,5,12,0,17,0,23,66,0,89,0,28,78,0,106,42,0,42,148
07/02/2012,LEB,NH,ANE,EN,Federal Contract Tower,0,7,5,0,12,0,12,54,1,67,0,19,59,1,79,24,0,24,103
07/03/2012,LEB,NH,ANE,EN,Federal Contract Tower,0,8,8,0,16,0,15,63,3,81,0,23,71,3,97,44,2,46,143
07/04/2012,LEB,NH,ANE,EN,Federal Contract Tower,0,9,8,0,17,0,19,37,2,58,0,28,45,2,75,34,4,38,113
07/05/2012,LEB,NH,ANE,EN,Federal Contract Tower,0,6,13,0,19,0,11,47,0,58,0,17,60,0,77,56,2,58,135
07/06/2012,LEB,NH,ANE,EN,Federal Contract Tower,0,12,13,0,25,0,11,69,0,80,0,23,82,0,105,74,0,74,179
07/07/2012,LEB,NH,ANE,EN,Federal Contract Tower,0,8,7,1,16,0,28,44,1,73,0,36,51,2,89,20,0,20,109
07/08/2012,LEB,NH,ANE,EN,Federal Contract Tower,0,12,11,0,23,0,17,29,0,46,0,29,40,0,69,18,0,18,87
07/09/2012,LEB,NH,ANE,EN,Federal Contract Tower,0,8,3,0,11,0,17,14,0,31,0,25,17,0,42,50,0,50,92
07/10/2012,LEB,NH,ANE,EN,Federal Contract Tower,0,8,7,0,15,0,16,79,0,95,0,24,86,0,110,66,0,66,176
07/11/2012,LEB,NH,ANE,EN,Federal Contract Tower,0,8,12,2,22,0,17,65,0,82,0,25,77,2,104,98,0,98,202
07/12/2012,LEB,NH,ANE,EN,Federal Contract Tower,0,5,10,0,15,0,14,61,0,75,0,19,71,0,90,110,0,110,200
07/13/2012,LEB,NH,ANE,EN,Federal Contract Tower,0,12,8,0,20,0,22,51,0,73,0,34,59,0,93,48,0,48,141
07/14/2012,LEB,NH,ANE,EN,Federal Contract Tower,0,7,10,0,17,0,22,48,0,70,0,29,58,0,87,4,0,4,91
07/15/2012,LEB,NH,ANE,EN,Federal Contract Tower,0,15,12,0,27,0,4,31,2,37,0,19,43,2,64,12,0,12,76
07/16/2012,LEB,NH,ANE,EN,Federal Contract Tower,0,19,11,0,30,0,9,42,0,51,0,28,53,0,81,100,0,100,181
07/17/2012,LEB,NH,ANE,EN,Federal Contract Tower,0,10,14,0,24,0,10,22,0,32,0,20,36,0,56,68,0,68,124
07/18/2012,LEB,NH,ANE,EN,Federal Contract Tower,0,8,11,4,23,0,13,23,3,39,0,21,34,7,62,60,4,64,126
07/19/2012,LEB,NH,ANE,EN,Federal Contract Tower,0,7,5,0,12,0,28,38,0,66,0,35,43,0,78,36,0,36,114
07/20/2012,LEB,NH,ANE,EN,Federal Contract Tower,0,8,20,0,28,0,14,47,1,62,0,22,67,1,90,42,0,42,132
07/21/2012,LEB,NH,ANE,EN,Federal Contract Tower,0,12,5,0,17,0,12,38,4,54,0,24,43,4,71,8,0,8,79
07/22/2012,LEB,NH,ANE,EN,Federal Contract Tower,0,13,20,0,33,0,18,38,2,58,0,31,58,2,91,2,0,2,93
07/23/2012,LEB,NH,ANE,EN,Federal Contract Tower,0,15,5,0,20,0,3,33,0,36,0,18,38,0,56,14,0,14,70
07/24/2012,LEB,NH,ANE,EN,Federal Contract Tower,0,13,4,1,18,0,21,10,0,31,0,34,14,1,49,50,2,52,101
07/25/2012,LEB,NH,ANE,EN,Federal Contract Tower,0,6,7,1,14,0,17,44,1,62,0,23,51,2,76,44,2,46,122
07/26/2012,LEB,NH,ANE,EN,Federal Contract Tower,0,16,8,0,24,0,1,14,0,15,0,17,22,0,39,8,0,8,47
07/27/2012,LEB,NH,ANE,EN,Federal Contract Tower,0,18,25,0,43,0,0,26,0,26,0,18,51,0,69,8,0,8,77
07/28/2012,LEB,NH,ANE,EN,Federal Contract Tower,0,9,6,0,15,0,1,12,0,13,0,10,18,0,28,8,0,8,36
07/29/2012,LEB,NH,ANE,EN,Federal Contract Tower,0,17,13,1,31,0,5,16,0,21,0,22,29,1,52,20,0,20,72
07/30/2012,LEB,NH,ANE,EN,Federal Contract Tower,0,8,7,0,15,0,10,51,2,63,0,18,58,2,78,138,0,138,216
07/31/2012,LEB,NH,ANE,EN,Federal Contract Tower,0,17,10,0,27,0,10,51,0,61,0,27,61,0,88,194,0,194,282
08/01/2012,LEB,NH,ANE,EN,Federal Contract Tower,0,20,6,0,26,0,14,39,0,53,0,34,45,0,79,54,0,54,133
08/02/2012,LEB,NH,ANE,EN,Federal Contract Tower,0,11,9,0,20,0,6,45,0,51,0,17,54,0,71,64,0,64,135
08/03/2012,LEB,NH,ANE,EN,Federal Contract Tower,0,9,13,0,22,0,14,44,0,58,0,23,57,0,80,14,0,14,94
08/04/2012,LEB,NH,ANE,EN,Federal Contract Tower,0,9,9,0,18,0,8,28,0,36,0,17,37,0,54,0,0,0,54
08/05/2012,LEB,NH,ANE,EN,Federal Contract Tower,0,7,7,2,16,0,4,2,0,6,0,11,9,2,22,2,0,2,24
08/06/2012,LEB,NH,ANE,EN,Federal Contract Tower,0,7,10,0,17,0,13,28,0,41,0,20,38,0,58,30,0,30,88
08/07/2012,LEB,NH,ANE,EN,Federal Contract Tower,0,12,11,0,23,0,14,52,0,66,0,26,63,0,89,78,0,78,167
08/08/2012,LEB,NH,ANE,EN,Federal Contract Tower,0,6,7,0,13,0,20,62,0,82,0,26,69,0,95,72,0,72,167
08/09/2012,LEB,NH,ANE,EN,Federal Contract Tower,0,15,17,0,32,0,7,32,0,39,0,22,49,0,71,64,0,64,135
08/10/2012,LEB,NH,ANE,EN,Federal Contract Tower,0,29,20,0,49,0,3,11,0,14,0,32,31,0,63,16,0,16,79
08/11/2012,LEB,NH,ANE,EN,Federal Contract Tower,0,13,12,0,25,0,0,9,0,9,0,13,21,0,34,0,0,0,34
08/12/2012,LEB,NH,ANE,EN,Federal Contract Tower,0,13,18,0,31,0,14,26,0,40,0,27,44,0,71,0,0,0,71
08/13/2012,LEB,NH,ANE,EN,Federal Contract Tower,0,8,10,0,18,0,13,22,0,35,0,21,32,0,53,4,0,4,57
08/14/2012,LEB,NH,ANE,EN,Federal Contract Tower,0,14,6,1,21,0,22,49,2,73,0,36,55,3,94,78,4,82,176
08/15/2012,LEB,NH,ANE,EN,Federal Contract Tower,0,15,3,0,18,0,10,33,0,43,0,25,36,0,61,42,0,42,103
08/16/2012,LEB,NH,ANE,EN,Federal Contract Tower,0,16,8,1,25,0,9,58,1,68,0,25,66,2,93,28,0,28,121
08/17/2012,LEB,NH,ANE,EN,Federal Contract Tower,0,20,19,0,39,0,8,49,0,57,0,28,68,0,96,42,0,42,138
08/18/2012,LEB,NH,ANE,EN,Federal Contract Tower,0,13,5,1,19,0,4,36,0,40,0,17,41,1,59,44,0,44,103
08/19/2012,LEB,NH,ANE,EN,Federal Contract Tower,0,11,13,0,24,0,28,61,0,89,0,39,74,0,113,4,0,4,117
08/20/2012,LEB,NH,ANE,EN,Federal Contract Tower,0,11,10,0,21,0,7,50,0,57,0,18,60,0,78,12,0,12,90
08/21/2012,LEB,NH,ANE,EN,Federal Contract Tower,0,6,8,0,14,0,14,40,0,54,0,20,48,0,68,42,0,42,110
08/22/2012,LEB,NH,ANE,EN,Federal Contract Tower,0,4,4,0,8,0,21,68,0,89,0,25,72,0,97,74,0,74,171
08/23/2012,LEB,NH,ANE,EN,Federal Contract Tower,0,7,9,0,16,0,15,74,2,91,0,22,83,2,107,66,0,66,173
08/24/2012,LEB,NH,ANE,EN,Federal Contract Tower,0,13,10,0,23,0,5,54,0,59,0,18,64,0,82,40,0,40,122
08/25/2012,LEB,NH,ANE,EN,Federal Contract Tower,0,13,8,0,21,0,28,99,0,127,0,41,107,0,148,34,0,34,182
08/26/2012,LEB,NH,ANE,EN,Federal Contract Tower,0,8,6,0,14,0,11,62,1,74,0,19,68,1,88,54,4,58,146
08/27/2012,LEB,NH,ANE,EN,Federal Contract Tower,0,15,14,0,29,0,10,30,0,40,0,25,44,0,69,38,0,38,107
08/28/2012,LEB,NH,ANE,EN,Federal Contract Tower,0,10,8,1,19,0,11,21,5,37,0,21,29,6,56,36,6,42,98
08/29/2012,LEB,NH,ANE,EN,Federal Contract Tower,0,14,14,1,29,0,27,43,1,71,0,41,57,2,100,74,0,74,174
08/30/2012,LEB,NH,ANE,EN,Federal Contract Tower,0,13,4,0,17,0,20,41,0,61,0,33,45,0,78,72,0,72,150
08/31/2012,LEB,NH,ANE,EN,Federal Contract Tower,0,14,10,0,24,0,18,59,6,83,0,32,69,6,107,56,6,62,169
09/01/2012,LEB,NH,ANE,EN,Federal Contract Tower,0,14,11,0,25,0,11,42,2,55,0,25,53,2,80,36,8,44,124
09/02/2012,LEB,NH,ANE,EN,Federal Contract Tower,0,22,4,0,26,0,8,53,2,63,0,30,57,2,89,38,0,38,127
09/03/2012,LEB,NH,ANE,EN,Federal Contract Tower,0,15,7,0,22,0,20,49,2,71,0,35,56,2,93,74,0,74,167
09/04/2012,LEB,NH,ANE,EN,Federal Contract Tower,0,16,10,0,26,0,0,0,0,0,0,16,10,0,26,0,0,0,26
09/05/2012,LEB,NH,ANE,EN,Federal Contract Tower,0,12,7,0,19,0,17,48,0,65,0,29,55,0,84,168,0,168,252
09/06/2012,LEB,NH,ANE,EN,Federal Contract Tower,0,12,4,0,16,0,5,32,0,37,0,17,36,0,53,58,0,58,111
09/07/2012,LEB,NH,ANE,EN,Federal Contract Tower,0,8,14,0,22,0,5,73,2,80,0,13,87,2,102,16,0,16,118
09/08/2012,LEB,NH,ANE,EN,Federal Contract Tower,0,16,8,0,24,0,10,34,0,44,0,26,42,0,68,16,1,17,85
09/09/2012,LEB,NH,ANE,EN,Federal Contract Tower,0,13,10,0,23,0,7,33,0,40,0,20,43,0,63,12,0,12,75
09/10/2012,LEB,NH,ANE,EN,Federal Contract Tower,0,12,6,0,18,0,15,19,0,34,0,27,25,0,52,14,0,14,66
09/11/2012,LEB,NH,ANE,EN,Federal Contract Tower,0,9,6,1,16,0,5,38,0,43,0,14,44,1,59,48,0,48,107
09/12/2012,LEB,NH,ANE,EN,Federal Contract Tower,0,5,10,1,16,0,25,77,1,103,0,30,87,2,119,38,8,46,165
09/13/2012,LEB,NH,ANE,EN,Federal Contract Tower,0,11,8,0,19,0,14,33,0,47,0,25,41,0,66,2,0,2,68
09/14/2012,LEB,NH,ANE,EN,Federal Contract Tower,0,19,14,0,33,0,9,38,0,47,0,28,52,0,80,30,0,30,110
09/15/2012,LEB,NH,ANE,EN,Federal Contract Tower,0,12,8,0,20,0,19,20,0,39,0,31,28,0,59,2,0,2,61
09/16/2012,LEB,NH,ANE,EN,Federal Contract Tower,0,15,14,0,29,0,29,29,2,60,0,44,43,2,89,10,0,10,99
09/17/2012,LEB,NH,ANE,EN,Federal Contract Tower,0,5,7,0,12,0,11,20,2,33,0,16,27,2,45,60,8,68,113
09/18/2012,LEB,NH,ANE,EN,Federal Contract Tower,0,9,7,0,16,0,0,1,0,1,0,9,8,0,17,0,0,0,17
09/19/2012,LEB,NH,ANE,EN,Federal Contract Tower,0,9,13,0,22,0,18,34,0,52,0,27,47,0,74,50,0,50,124
09/20/2012,LEB,NH,ANE,EN,Federal Contract Tower,0,12,16,0,28,0,13,53,0,66,0,25,69,0,94,30,0,30,124
09/21/2012,LEB,NH,ANE,EN,Federal Contract Tower,0,20,20,0,40,0,7,74,0,81,0,27,94,0,121,88,0,88,209
09/22/2012,LEB,NH,ANE,EN,Federal Contract Tower,0,15,4,0,19,0,14,51,0,65,0,29,55,0,84,12,0,12,96
09/23/2012,LEB,NH,ANE,EN,Federal Contract Tower,0,11,4,0,15,0,8,23,0,31,0,19,27,0,46,22,0,22,68
09/24/2012,LEB,NH,ANE,EN,Federal Contract Tower,0,12,11,0,23,0,5,40,2,47,0,17,51,2,70,26,2,28,98
09/25/2012,LEB,NH,ANE,EN,Federal Contract Tower,0,3,9,0,12,0,15,29,2,46,0,18,38,2,58,12,0,12,70
09/26/2012,LEB,NH,ANE,EN,Federal Contract Tower,0,15,2,0,17,0,7,6,0,13,0,22,8,0,30,26,0,26,56
09/27/2012,LEB,NH,ANE,EN,Federal Contract Tower,0,8,11,2,21,0,24,53,0,77,0,32,64,2,98,46,0,46,144
09/28/2012,LEB,NH,ANE,EN,Federal Contract Tower,0,11,9,0,20,0,0,1,0,1,0,11,10,0,21,12,0,12,33
09/29/2012,LEB,NH,ANE,EN,Federal Contract Tower,0,24,8,0,32,0,0,0,0,0,0,24,8,0,32,0,0,0,32
09/30/2012,LEB,NH,ANE,EN,Federal Contract Tower,0,22,15,0,37,0,0,2,0,2,0,22,17,0,39,0,0,0,39
10/01/2012,LEB,NH,ANE,EN,Federal Contract Tower,0,21,4,1,26,0,2,2,0,4,0,23,6,1,30,0,2,2,32
10/02/2012,LEB,NH,ANE,EN,Federal Contract Tower,0,10,2,0,12,0,5,18,0,23,0,15,20,0,35,18,0,18,53
10/03/2012,LEB,NH,ANE,EN,Federal Contract Tower,0,29,7,0,36,0,0,0,0,0,0,29,7,0,36,0,0,0,36
10/04/2012,LEB,NH,ANE,EN,Federal Contract Tower,0,33,13,0,46,0,0,0,0,0,0,33,13,0,46,0,0,0,46
10/05/2012,LEB,NH,ANE,EN,Federal Contract Tower,0,17,18,0,35,0,10,79,0,89,0,27,97,0,124,52,0,52,176
10/06/2012,LEB,NH,ANE,EN,Federal Contract Tower,0,25,9,0,34,0,10,12,0,22,0,35,21,0,56,0,0,0,56
10/07/2012,LEB,NH,ANE,EN,Federal Contract Tower,0,17,9,0,26,0,14,13,0,27,0,31,22,0,53,0,0,0,53
10/08/2012,LEB,NH,ANE,EN,Federal Contract Tower,0,31,13,0,44,0,11,23,0,34,0,42,36,0,78,32,0,32,110
10/09/2012,LEB,NH,ANE,EN,Federal Contract Tower,0,20,14,4,38,0,7,33,0,40,0,27,47,4,78,72,0,72,150
10/10/2012,LEB,NH,ANE,EN,Federal Contract Tower,0,20,7,0,27,0,0,11,0,11,0,20,18,0,38,40,0,40,78
10/11/2012,LEB,NH,ANE,EN,Federal Contract Tower,0,18,10,0,28,0,14,49,0,63,0,32,59,0,91,52,0,52,143
10/12/2012,LEB,NH,ANE,EN,Federal Contract Tower,0,15,9,0,24,0,5,20,0,25,0,20,29,0,49,34,0,34,83
10/13/2012,LEB,NH,ANE,EN,Federal Contract Tower,0,17,15,0,32,0,20,74,0,94,0,37,89,0,126,10,0,10,136
10/14/2012,LEB,NH,ANE,EN,Federal Contract Tower,0,20,13,0,33,0,0,0,0,0,0,20,13,0,33,0,0,0,33
10/15/2012,LEB,NH,ANE,EN,Federal Contract Tower,0,19,11,0,30,0,1,7,0,8,0,20,18,0,38,4,0,4,42
10/16/2012,LEB,NH,ANE,EN,Federal Contract Tower,0,15,12,0,27,0,7,30,0,37,0,22,42,0,64,22,0,22,86
10/17/2012,LEB,NH,ANE,EN,Federal Contract Tower,0,13,9,0,22,0,20,62,0,82,0,33,71,0,104,100,0,100,204
10/18/2012,LEB,NH,ANE,EN,Federal Contract Tower,0,16,13,0,29,0,11,77,0,88,0,27,90,0,117,96,0,96,213
10/19/2012,LEB,NH,ANE,EN,Federal Contract Tower,0,24,20,0,44,0,0,0,0,0,0,24,20,0,44,0,0,0,44
10/20/2012,LEB,NH,ANE,EN,Federal Contract Tower,0,12,12,1,25,0,26,24,0,50,0,38,36,1,75,22,0,22,97
10/21/2012,LEB,NH,ANE,EN,Federal Contract Tower,0,32,13,0,45,0,10,19,0,29,0,42,32,0,74,12,0,12,86
10/22/2012,LEB,NH,ANE,EN,Federal Contract Tower,0,7,8,0,15,0,9,36,2,47,0,16,44,2,62,18,8,26,88
10/23/2012,LEB,NH,ANE,EN,Federal Contract Tower,0,13,8,0,21,0,11,20,0,31,0,24,28,0,52,10,0,10,62
10/24/2012,LEB,NH,ANE,EN,Federal Contract Tower,0,5,18,4,27,0,18,49,0,67,0,23,67,4,94,44,0,44,138
10/25/2012,LEB,NH,ANE,EN,Federal Contract Tower,0,16,13,0,29,0,12,46,2,60,0,28,59,2,89,46,0,46,135
10/26/2012,LEB,NH,ANE,EN,Federal Contract Tower,0,34,15,0,49,0,11,96,0,107,0,45,111,0,156,44,0,44,200
10/27/2012,LEB,NH,ANE,EN,Federal Contract Tower,0,24,10,0,34,0,0,9,0,9,0,24,19,0,43,38,0,38,81
10/28/2012,LEB,NH,ANE,EN,Federal Contract Tower,0,26,5,0,31,0,9,5,0,14,0,35,10,0,45,0,0,0,45
10/29/2012,LEB,NH,ANE,EN,Federal Contract Tower,0,0,1,0,1,0,0,0,0,0,0,0,1,0,1,0,0,0,1
10/30/2012,LEB,NH,ANE,EN,Federal Contract Tower,0,1,1,0,2,0,2,0,0,2,0,3,1,0,4,0,0,0,4
10/31/2012,LEB,NH,ANE,EN,Federal Contract Tower,0,13,0,0,13,0,12,2,0,14,0,25,2,0,27,0,0,0,27
11/01/2012,LEB,NH,ANE,EN,Federal Contract Tower,0,12,9,0,21,0,18,2,0,20,0,30,11,0,41,0,0,0,41
11/02/2012,LEB,NH,ANE,EN,Federal Contract Tower,0,11,7,0,18,0,3,17,0,20,0,14,24,0,38,10,0,10,48
11/03/2012,LEB,NH,ANE,EN,Federal Contract Tower,0,15,7,0,22,0,6,4,0,10,0,21,11,0,32,0,0,0,32
11/04/2012,LEB,NH,ANE,EN,Federal Contract Tower,0,11,10,0,21,0,0,3,1,4,0,11,13,1,25,0,0,0,25
11/05/2012,LEB,NH,ANE,EN,Federal Contract Tower,0,12,4,0,16,0,3,16,0,19,0,15,20,0,35,58,0,58,93
11/06/2012,LEB,NH,ANE,EN,Federal Contract Tower,0,13,1,0,14,0,11,40,0,51,0,24,41,0,65,64,0,64,129
11/07/2012,LEB,NH,ANE,EN,Federal Contract Tower,0,3,5,0,8,0,7,8,0,15,0,10,13,0,23,0,0,0,23
11/08/2012,LEB,NH,ANE,EN,Federal Contract Tower,0,13,9,0,22,0,0,0,0,0,0,13,9,0,22,0,0,0,22
11/09/2012,LEB,NH,ANE,EN,Federal Contract Tower,0,13,16,0,29,0,12,46,0,58,0,25,62,0,87,60,0,60,147
11/10/2012,LEB,NH,ANE,EN,Federal Contract Tower,0,13,20,0,33,0,10,76,0,86,0,23,96,0,119,40,0,40,159
11/11/2012,LEB,NH,ANE,EN,Federal Contract Tower,0,15,6,0,21,0,20,36,0,56,0,35,42,0,77,40,0,40,117
11/12/2012,LEB,NH,ANE,EN,Federal Contract Tower,0,10,7,0,17,0,13,43,0,56,0,23,50,0,73,56,0,56,129
11/13/2012,LEB,NH,ANE,EN,Federal Contract Tower,0,15,7,0,22,0,3,0,0,3,0,18,7,0,25,0,0,0,25
11/14/2012,LEB,NH,ANE,EN,Federal Contract Tower,0,9,4,0,13,0,15,35,0,50,0,24,39,0,63,28,0,28,91
11/15/2012,LEB,NH,ANE,EN,Federal Contract Tower,0,19,1,0,20,0,16,29,0,45,0,35,30,0,65,24,0,24,89
11/16/2012,LEB,NH,ANE,EN,Federal Contract Tower,0,21,10,0,31,0,3,37,0,40,0,24,47,0,71,6,0,6,77
11/17/2012,LEB,NH,ANE,EN,Federal Contract Tower,0,14,10,0,24,0,10,44,0,54,0,24,54,0,78,38,0,38,116
11/18/2012,LEB,NH,ANE,EN,Federal Contract Tower,0,9,6,0,15,0,10,46,0,56,0,19,52,0,71,50,0,50,121
11/19/2012,LEB,NH,ANE,EN,Federal Contract Tower,0,15,9,0,24,0,3,22,0,25,0,18,31,0,49,30,0,30,79
11/20/2012,LEB,NH,ANE,EN,Federal Contract Tower,0,9,15,0,24,0,23,23,1,47,0,32,38,1,71,14,0,14,85
11/21/2012,LEB,NH,ANE,EN,Federal Contract Tower,0,8,9,0,17,0,14,20,0,34,0,22,29,0,51,14,0,14,65
11/22/2012,LEB,NH,ANE,EN,Federal Contract Tower,0,6,3,0,9,0,12,13,0,25,0,18,16,0,34,10,0,10,44
11/23/2012,LEB,NH,ANE,EN,Federal Contract Tower,0,13,6,0,19,0,4,31,0,35,0,17,37,0,54,10,0,10,64
11/24/2012,LEB,NH,ANE,EN,Federal Contract Tower,0,16,9,0,25,0,5,4,0,9,0,21,13,0,34,0,0,0,34
11/25/2012,LEB,NH,ANE,EN,Federal Contract Tower,0,21,14,0,35,0,3,6,0,9,0,24,20,0,44,0,0,0,44
11/26/2012,LEB,NH,ANE,EN,Federal Contract Tower,0,8,1,0,9,0,14,9,0,23,0,22,10,0,32,0,0,0,32
11/27/2012,LEB,NH,ANE,EN,Federal Contract Tower,0,12,4,0,16,0,8,12,0,20,0,20,16,0,36,25,2,27,63
11/28/2012,LEB,NH,ANE,EN,Federal Contract Tower,0,11,2,1,14,0,17,46,0,63,0,28,48,1,77,80,0,80,157
11/29/2012,LEB,NH,ANE,EN,Federal Contract Tower,0,10,10,0,20,0,7,12,0,19,0,17,22,0,39,12,0,12,51
11/30/2012,LEB,NH,ANE,EN,Federal Contract Tower,0,11,12,0,23,0,10,31,2,43,0,21,43,2,66,48,0,48,114
12/01/2012,LEB,NH,ANE,EN,Federal Contract Tower,0,9,4,0,13,0,0,0,0,0,0,9,4,0,13,0,0,0,13
12/02/2012,LEB,NH,ANE,EN,Federal Contract Tower,0,14,8,0,22,0,0,0,0,0,0,14,8,0,22,0,0,0,22
12/03/2012,LEB,NH,ANE,EN,Federal Contract Tower,0,14,5,0,19,0,2,22,2,26,0,16,27,2,45,36,2,38,83
12/04/2012,LEB,NH,ANE,EN,Federal Contract Tower,0,14,11,0,25,0,2,2,0,4,0,16,13,0,29,10,0,10,39
12/05/2012,LEB,NH,ANE,EN,Federal Contract Tower,0,10,10,0,20,0,14,13,0,27,0,24,23,0,47,18,0,18,65
12/06/2012,LEB,NH,ANE,EN,Federal Contract Tower,0,6,1,0,7,0,15,40,1,56,0,21,41,1,63,80,0,80,143
12/07/2012,LEB,NH,ANE,EN,Federal Contract Tower,0,19,12,0,31,0,2,18,2,22,0,21,30,2,53,38,0,38,91
12/08/2012,LEB,NH,ANE,EN,Federal Contract Tower,0,10,2,0,12,0,0,0,0,0,0,10,2,0,12,0,0,0,12
12/09/2012,LEB,NH,ANE,EN,Federal Contract Tower,0,14,23,0,37,0,7,33,0,40,0,21,56,0,77,30,0,30,107
12/10/2012,LEB,NH,ANE,EN,Federal Contract Tower,0,13,8,0,21,0,0,0,0,0,0,13,8,0,21,0,0,0,21
12/11/2012,LEB,NH,ANE,EN,Federal Contract Tower,0,16,10,0,26,0,2,1,0,3,0,18,11,0,29,0,0,0,29
12/12/2012,LEB,NH,ANE,EN,Federal Contract Tower,0,10,13,0,23,0,31,51,0,82,0,41,64,0,105,38,0,38,143
12/13/2012,LEB,NH,ANE,EN,Federal Contract Tower,0,6,7,0,13,0,9,40,0,49,0,15,47,0,62,52,0,52,114
12/14/2012,LEB,NH,ANE,EN,Federal Contract Tower,0,13,10,0,23,0,8,20,0,28,0,21,30,0,51,28,0,28,79
12/15/2012,LEB,NH,ANE,EN,Federal Contract Tower,0,10,5,0,15,0,8,38,0,46,0,18,43,0,61,26,0,26,87
12/16/2012,LEB,NH,ANE,EN,Federal Contract Tower,0,10,3,0,13,0,0,0,0,0,0,10,3,0,13,0,0,0,13
12/17/2012,LEB,NH,ANE,EN,Federal Contract Tower,0,7,2,0,9,0,0,0,0,0,0,7,2,0,9,0,0,0,9
12/18/2012,LEB,NH,ANE,EN,Federal Contract Tower,0,10,4,0,14,0,0,0,0,0,0,10,4,0,14,0,0,0,14
12/19/2012,LEB,NH,ANE,EN,Federal Contract Tower,0,12,4,0,16,0,9,18,0,27,0,21,22,0,43,34,0,34,77
12/20/2012,LEB,NH,ANE,EN,Federal Contract Tower,0,22,7,0,29,0,2,27,0,29,0,24,34,0,58,34,0,34,92
12/21/2012,LEB,NH,ANE,EN,Federal Contract Tower,0,12,4,0,16,0,0,0,0,0,0,12,4,0,16,0,0,0,16
12/22/2012,LEB,NH,ANE,EN,Federal Contract Tower,0,13,12,0,25,0,0,0,0,0,0,13,12,0,25,0,0,0,25
12/23/2012,LEB,NH,ANE,EN,Federal Contract Tower,0,19,4,0,23,0,15,36,0,51,0,34,40,0,74,0,0,0,74
12/24/2012,LEB,NH,ANE,EN,Federal Contract Tower,0,12,10,0,22,0,10,47,0,57,0,22,57,0,79,48,0,48,127
12/25/2012,LEB,NH,ANE,EN,Federal Contract Tower,0,10,5,0,15,0,6,2,0,8,0,16,7,0,23,0,0,0,23
12/26/2012,LEB,NH,ANE,EN,Federal Contract Tower,0,7,12,1,20,0,16,27,0,43,0,23,39,1,63,26,2,28,91
12/27/2012,LEB,NH,ANE,EN,Federal Contract Tower,0,0,2,0,2,0,0,0,0,0,0,0,2,0,2,0,0,0,2
12/28/2012,LEB,NH,ANE,EN,Federal Contract Tower,0,25,6,0,31,0,3,6,0,9,0,28,12,0,40,30,0,30,70
12/29/2012,LEB,NH,ANE,EN,Federal Contract Tower,0,3,5,0,8,0,1,2,0,3,0,4,7,0,11,6,0,6,17
12/30/2012,LEB,NH,ANE,EN,Federal Contract Tower,0,15,4,0,19,0,3,0,0,3,0,18,4,0,22,0,0,0,22
12/31/2012,LEB,NH,ANE,EN,Federal Contract Tower,0,22,4,0,26,0,18,14,0,32,0,40,18,0,58,12,0,12,70
01/01/2013,LEB,NH,ANE,EN,Federal Contract Tower,0,12,7,0,19,0,6,3,0,9,0,18,10,0,28,0,0,0,28
01/02/2013,LEB,NH,ANE,EN,Federal Contract Tower,0,14,7,0,21,0,7,7,0,14,0,21,14,0,35,0,0,0,35
01/03/2013,LEB,NH,ANE,EN,Federal Contract Tower,11,5,0,0,16,0,14,29,0,43,11,19,29,0,59,32,0,32,91
01/04/2013,LEB,NH,ANE,EN,Federal Contract Tower,0,20,6,0,26,0,1,8,0,9,0,21,14,0,35,21,0,21,56
01/05/2013,LEB,NH,ANE,EN,Federal Contract Tower,0,7,9,2,18,0,23,12,0,35,0,30,21,2,53,0,0,0,53
01/06/2013,LEB,NH,ANE,EN,Federal Contract Tower,0,13,9,0,22,0,2,8,0,10,0,15,17,0,32,18,0,18,50
01/07/2013,LEB,NH,ANE,EN,Federal Contract Tower,0,17,7,1,25,0,13,32,1,46,0,30,39,2,71,24,0,24,95
01/08/2013,LEB,NH,ANE,EN,Federal Contract Tower,0,4,8,0,12,0,18,21,0,39,0,22,29,0,51,102,0,102,153
01/09/2013,LEB,NH,ANE,EN,Federal Contract Tower,0,9,8,0,17,0,10,51,0,61,0,19,59,0,78,82,0,82,160
01/10/2013,LEB,NH,ANE,EN,Federal Contract Tower,0,16,7,0,23,0,8,24,0,32,0,24,31,0,55,96,0,96,151
01/11/2013,LEB,NH,ANE,EN,Federal Contract Tower,0,20,14,2,36,0,6,12,0,18,0,26,26,2,54,28,0,28,82
01/12/2013,LEB,NH,ANE,EN,Federal Contract Tower,0,8,2,0,10,0,0,0,0,0,0,8,2,0,10,0,0,0,10
01/13/2013,LEB,NH,ANE,EN,Federal Contract Tower,0,17,2,0,19,0,0,0,0,0,0,17,2,0,19,0,0,0,19
01/14/2013,LEB,NH,ANE,EN,Federal Contract Tower,0,15,4,0,19,0,14,1,4,19,0,29,5,4,38,0,0,0,38
01/15/2013,LEB,NH,ANE,EN,Federal Contract Tower,0,13,4,0,17,0,8,26,4,38,0,21,30,4,55,56,8,64,119
01/16/2013,LEB,NH,ANE,EN,Federal Contract Tower,0,6,2,0,8,0,0,0,0,0,0,6,2,0,8,0,0,0,8
01/17/2013,LEB,NH,ANE,EN,Federal Contract Tower,0,19,6,0,25,0,1,4,0,5,0,20,10,0,30,46,4,50,80
01/18/2013,LEB,NH,ANE,EN,Federal Contract Tower,0,14,15,0,29,0,9,36,0,45,0,23,51,0,74,28,0,28,102
01/19/2013,LEB,NH,ANE,EN,Federal Contract Tower,0,16,8,0,24,0,8,28,0,36,0,24,36,0,60,12,0,12,72
01/20/2013,LEB,NH,ANE,EN,Federal Contract Tower,0,19,9,0,28,0,2,2,0,4,0,21,11,0,32,0,0,0,32
01/21/2013,LEB,NH,ANE,EN,Federal Contract Tower,0,23,13,0,36,0,4,12,0,16,0,27,25,0,52,4,0,4,56
01/22/2013,LEB,NH,ANE,EN,Federal Contract Tower,0,11,9,2,22,0,1,23,1,25,0,12,32,3,47,80,6,86,133
01/23/2013,LEB,NH,ANE,EN,Federal Contract Tower,0,8,5,1,14,0,21,38,2,61,0,29,43,3,75,100,10,110,185
01/24/2013,LEB,NH,ANE,EN,Federal Contract Tower,0,8,8,0,16,0,10,34,0,44,0,18,42,0,60,52,0,52,112
01/25/2013,LEB,NH,ANE,EN,Federal Contract Tower,0,14,5,0,19,0,12,17,0,29,0,26,22,0,48,42,0,42,90
01/26/2013,LEB,NH,ANE,EN,Federal Contract Tower,0,4,1,0,5,0,16,9,0,25,0,20,10,0,30,4,0,4,34
01/27/2013,LEB,NH,ANE,EN,Federal Contract Tower,0,13,5,1,19,0,19,37,2,58,0,32,42,3,77,46,8,54,131
01/28/2013,LEB,NH,ANE,EN,Federal Contract Tower,0,14,5,0,19,0,9,13,1,23,0,23,18,1,42,11,1,12,54
01/29/2013,LEB,NH,ANE,EN,Federal Contract Tower,0,10,3,0,13,0,0,0,0,0,0,10,3,0,13,0,0,0,13
01/30/2013,LEB,NH,ANE,EN,Federal Contract Tower,0,4,2,0,6,0,0,1,0,1,0,4,3,0,7,0,0,0,7
01/31/2013,LEB,NH,ANE,EN,Federal Contract Tower,0,5,3,0,8,0,0,2,0,2,0,5,5,0,10,0,0,0,10
02/01/2013,LEB,NH,ANE,EN,Federal Contract Tower,0,17,10,0,27,0,6,13,0,19,0,23,23,0,46,22,0,22,68
02/02/2013,LEB,NH,ANE,EN,Federal Contract Tower,0,17,6,0,23,0,9,19,0,28,0,26,25,0,51,14,0,14,65
02/03/2013,LEB,NH,ANE,EN,Federal Contract Tower,0,18,5,0,23,0,10,27,0,37,0,28,32,0,60,4,0,4,64
02/04/2013,LEB,NH,ANE,EN,Federal Contract Tower,0,13,3,2,18,0,11,4,0,15,0,24,7,2,33,0,4,4,37
02/05/2013,LEB,NH,ANE,EN,Federal Contract Tower,0,28,10,0,38,0,13,15,0,28,0,41,25,0,66,48,0,48,114
02/06/2013,LEB,NH,ANE,EN,Federal Contract Tower,0,17,8,0,25,0,9,6,0,15,0,26,14,0,40,0,0,0,40
02/07/2013,LEB,NH,ANE,EN,Federal Contract Tower,0,12,5,0,17,0,15,40,0,55,0,27,45,0,72,66,0,66,138
02/08/2013,LEB,NH,ANE,EN,Federal Contract Tower,0,3,3,0,6,0,0,0,0,0,0,3,3,0,6,0,0,0,6
02/09/2013,LEB,NH,ANE,EN,Federal Contract Tower,0,2,1,0,3,0,6,1,0,7,0,8,2,0,10,0,0,0,10
02/10/2013,LEB,NH,ANE,EN,Federal Contract Tower,0,8,4,0,12,0,10,36,0,46,0,18,40,0,58,34,0,34,92
02/11/2013,LEB,NH,ANE,EN,Federal Contract Tower,0,4,2,0,6,0,0,0,0,0,0,4,2,0,6,2,0,2,8
02/12/2013,LEB,NH,ANE,EN,Federal Contract Tower,0,12,12,0,24,0,2,2,0,4,0,14,14,0,28,12,0,12,40
02/13/2013,LEB,NH,ANE,EN,Federal Contract Tower,0,18,15,0,33,0,10,56,0,66,0,28,71,0,99,100,0,100,199
02/14/2013,LEB,NH,ANE,EN,Federal Contract Tower,0,14,10,0,24,0,8,49,2,59,0,22,59,2,83,46,2,48,131
02/15/2013,LEB,NH,ANE,EN,Federal Contract Tower,0,11,13,0,24,0,12,19,0,31,0,23,32,0,55,8,0,8,63
02/16/2013,LEB,NH,ANE,EN,Federal Contract Tower,0,14,7,0,21,0,13,13,0,26,0,27,20,0,47,22,0,22,69
02/17/2013,LEB,NH,ANE,EN,Federal Contract Tower,0,10,6,0,16,0,4,12,0,16,0,14,18,0,32,20,0,20,52
02/18/2013,LEB,NH,ANE,EN,Federal Contract Tower,0,19,8,0,27,0,8,12,0,20,0,27,20,0,47,4,0,4,51
02/19/2013,LEB,NH,ANE,EN,Federal Contract Tower,0,14,7,1,22,0,9,15,0,24,0,23,22,1,46,42,2,44,90
02/20/2013,LEB,NH,ANE,EN,Federal Contract Tower,0,14,5,0,19,0,4,25,0,29,0,18,30,0,48,28,0,28,76
02/21/2013,LEB,NH,ANE,EN,Federal Contract Tower,0,19,2,0,21,0,0,10,0,10,0,19,12,0,31,6,0,6,37
02/22/2013,LEB,NH,ANE,EN,Federal Contract Tower,0,11,17,0,28,0,15,47,0,62,0,26,64,0,90,68,0,68,158
02/23/2013,LEB,NH,ANE,EN,Federal Contract Tower,0,15,2,0,17,0,1,0,0,1,0,16,2,0,18,0,0,0,18
02/24/2013,LEB,NH,ANE,EN,Federal Contract Tower,0,23,7,0,30,0,0,0,0,0,0,23,7,0,30,0,0,0,30
02/25/2013,LEB,NH,ANE,EN,Federal Contract Tower,0,14,3,0,17,0,4,11,0,15,0,18,14,0,32,52,0,52,84
02/26/2013,LEB,NH,ANE,EN,Federal Contract Tower,0,16,12,0,28,0,3,67,0,70,0,19,79,0,98,94,0,94,192
02/27/2013,LEB,NH,ANE,EN,Federal Contract Tower,0,4,7,0,11,0,0,0,0,0,0,4,7,0,11,0,0,0,11
02/28/2013,LEB,NH,ANE,EN,Federal Contract Tower,0,18,8,0,26,0,4,9,0,13,0,22,17,0,39,22,0,22,61
03/01/2013,LEB,NH,ANE,EN,Federal Contract Tower,0,19,14,0,33,0,3,2,0,5,0,22,16,0,38,0,0,0,38
03/02/2013,LEB,NH,ANE,EN,Federal Contract Tower,0,24,4,0,28,0,0,2,0,2,0,24,6,0,30,0,0,0,30
03/03/2013,LEB,NH,ANE,EN,Federal Contract Tower,0,21,12,0,33,0,2,2,0,4,0,23,14,0,37,0,0,0,37
03/04/2013,LEB,NH,ANE,EN,Federal Contract Tower,0,18,8,0,26,0,0,0,0,0,0,18,8,0,26,0,0,0,26
03/05/2013,LEB,NH,ANE,EN,Federal Contract Tower,0,13,3,0,16,0,8,12,2,22,0,21,15,2,38,22,0,22,60
03/06/2013,LEB,NH,ANE,EN,Federal Contract Tower,0,8,3,0,11,0,0,0,0,0,0,8,3,0,11,0,0,0,11
03/07/2013,LEB,NH,ANE,EN,Federal Contract Tower,0,1,2,0,3,0,7,14,0,21,0,8,16,0,24,12,0,12,36
03/08/2013,LEB,NH,ANE,EN,Federal Contract Tower,0,6,6,0,12,0,4,13,0,17,0,10,19,0,29,6,0,6,35
03/09/2013,LEB,NH,ANE,EN,Federal Contract Tower,0,7,8,0,15,0,17,38,0,55,0,24,46,0,70,52,0,52,122
03/10/2013,LEB,NH,ANE,EN,Federal Contract Tower,0,10,9,1,20,0,14,59,0,73,0,24,68,1,93,14,2,16,109
03/11/2013,LEB,NH,ANE,EN,Federal Contract Tower,0,14,12,0,26,0,10,11,0,21,0,24,23,0,47,42,0,42,89
03/12/2013,LEB,NH,ANE,EN,Federal Contract Tower,0,13,12,0,25,0,0,0,0,0,0,13,12,0,25,0,0,0,25
03/13/2013,LEB,NH,ANE,EN,Federal Contract Tower,0,15,7,0,22,0,11,17,0,28,0,26,24,0,50,22,0,22,72
03/14/2013,LEB,NH,ANE,EN,Federal Contract Tower,0,16,16,0,32,0,8,43,0,51,0,24,59,0,83,128,0,128,211
03/15/2013,LEB,NH,ANE,EN,Federal Contract Tower,0,10,16,0,26,0,12,33,0,45,0,22,49,0,71,98,0,98,169
03/16/2013,LEB,NH,ANE,EN,Federal Contract Tower,0,9,2,0,11,0,10,12,0,22,0,19,14,0,33,34,0,34,67
03/17/2013,LEB,NH,ANE,EN,Federal Contract Tower,0,10,7,0,17,0,13,27,0,40,0,23,34,0,57,12,0,12,69
03/18/2013,LEB,NH,ANE,EN,Federal Contract Tower,0,13,8,1,22,0,9,17,0,26,0,22,25,1,48,0,0,0,48
03/19/2013,LEB,NH,ANE,EN,Federal Contract Tower,0,1,1,0,2,0,0,0,0,0,0,1,1,0,2,0,0,0,2
03/20/2013,LEB,NH,ANE,EN,Federal Contract Tower,0,15,4,0,19,0,0,9,0,9,0,15,13,0,28,24,0,24,52
03/21/2013,LEB,NH,ANE,EN,Federal Contract Tower,0,15,5,0,20,0,10,14,2,26,0,25,19,2,46,8,0,8,54
03/22/2013,LEB,NH,ANE,EN,Federal Contract Tower,0,11,3,2,16,0,8,49,0,57,0,19,52,2,73,90,0,90,163
03/23/2013,LEB,NH,ANE,EN,Federal Contract Tower,0,14,6,0,20,0,5,4,0,9,0,19,10,0,29,6,0,6,35
03/24/2013,LEB,NH,ANE,EN,Federal Contract Tower,0,17,11,0,28,0,9,49,0,58,0,26,60,0,86,54,0,54,140
03/25/2013,LEB,NH,ANE,EN,Federal Contract Tower,0,14,14,0,28,0,10,43,0,53,0,24,57,0,81,70,0,70,151
03/26/2013,LEB,NH,ANE,EN,Federal Contract Tower,0,9,5,0,14,0,7,18,0,25,0,16,23,0,39,64,0,64,103
03/27/2013,LEB,NH,ANE,EN,Federal Contract Tower,0,11,11,2,24,0,26,26,0,52,0,37,37,2,76,32,0,32,108
03/28/2013,LEB,NH,ANE,EN,Federal Contract Tower,0,16,7,0,23,0,3,23,0,26,0,19,30,0,49,80,0,80,129
03/29/2013,LEB,NH,ANE,EN,Federal Contract Tower,0,12,12,0,24,0,11,31,0,42,0,23,43,0,66,52,0,52,118
03/30/2013,LEB,NH,ANE,EN,Federal Contract Tower,0,7,4,0,11,0,22,44,0,66,0,29,48,0,77,18,0,18,95
03/31/2013,LEB,NH,ANE,EN,Federal Contract Tower,0,10,3,0,13,0,20,21,0,41,0,30,24,0,54,6,0,6,60
04/01/2013,LEB,NH,ANE,EN,Federal Contract Tower,0,17,3,0,20,0,10,12,0,22,0,27,15,0,42,26,0,26,68
04/02/2013,LEB,NH,ANE,EN,Federal Contract Tower,0,12,2,0,14,0,2,5,0,7,0,14,7,0,21,8,0,8,29
04/03/2013,LEB,NH,ANE,EN,Federal Contract Tower,0,8,6,0,14,0,25,48,0,73,0,33,54,0,87,16,0,16,103
04/04/2013,LEB,NH,ANE,EN,Federal Contract Tower,0,7,8,4,19,0,22,74,0,96,0,29,82,4,115,142,0,142,257
04/05/2013,LEB,NH,ANE,EN,Federal Contract Tower,0,12,7,0,19,0,10,50,0,60,0,22,57,0,79,42,0,42,121
04/06/2013,LEB,NH,ANE,EN,Federal Contract Tower,0,15,6,0,21,0,10,15,0,25,0,25,21,0,46,0,0,0,46
04/07/2013,LEB,NH,ANE,EN,Federal Contract Tower,0,12,5,0,17,0,15,4,0,19,0,27,9,0,36,0,0,0,36
04/08/2013,LEB,NH,ANE,EN,Federal Contract Tower,0,13,10,0,23,0,11,21,1,33,0,24,31,1,56,42,1,43,99
04/09/2013,LEB,NH,ANE,EN,Federal Contract Tower,0,10,12,1,23,0,9,30,0,39,0,19,42,1,62,38,0,38,100
04/10/2013,LEB,NH,ANE,EN,Federal Contract Tower,0,16,7,0,23,0,3,14,0,17,0,19,21,0,40,38,0,38,78
04/11/2013,LEB,NH,ANE,EN,Federal Contract Tower,0,13,10,0,23,0,4,37,0,41,0,17,47,0,64,54,0,54,118
04/12/2013,LEB,NH,ANE,EN,Federal Contract Tower,0,0,7,0,7,0,0,0,0,0,0,0,7,0,7,0,0,0,7
04/13/2013,LEB,NH,ANE,EN,Federal Contract Tower,0,14,10,0,24,0,7,8,2,17,0,21,18,2,41,16,10,26,67
04/14/2013,LEB,NH,ANE,EN,Federal Contract Tower,0,7,3,0,10,0,7,9,0,16,0,14,12,0,26,36,0,36,62
04/15/2013,LEB,NH,ANE,EN,Federal Contract Tower,0,12,8,0,20,0,17,40,2,59,0,29,48,2,79,70,0,70,149
04/16/2013,LEB,NH,ANE,EN,Federal Contract Tower,0,15,7,0,22,0,2,1,0,3,0,17,8,0,25,0,0,0,25
04/17/2013,LEB,NH,ANE,EN,Federal Contract Tower,0,11,7,0,18,0,25,62,2,89,0,36,69,2,107,94,8,102,209
04/18/2013,LEB,NH,ANE,EN,Federal Contract Tower,0,8,7,0,15,0,8,44,0,52,0,16,51,0,67,68,0,68,135
04/19/2013,LEB,NH,ANE,EN,Federal Contract Tower,0,11,13,0,24,0,7,36,0,43,0,18,49,0,67,62,0,62,129
04/20/2013,LEB,NH,ANE,EN,Federal Contract Tower,0,14,6,1,21,0,20,9,0,29,0,34,15,1,50,2,0,2,52
04/21/2013,LEB,NH,ANE,EN,Federal Contract Tower,0,9,8,0,17,0,14,39,0,53,0,23,47,0,70,60,0,60,130
04/22/2013,LEB,NH,ANE,EN,Federal Contract Tower,0,14,10,2,26,0,8,18,0,26,0,22,28,2,52,72,4,76,128
04/23/2013,LEB,NH,ANE,EN,Federal Contract Tower,0,16,11,0,27,0,1,14,0,15,0,17,25,0,42,42,0,42,84
04/24/2013,LEB,NH,ANE,EN,Federal Contract Tower,0,12,12,0,24,0,22,39,0,61,0,34,51,0,85,114,0,114,199
04/25/2013,LEB,NH,ANE,EN,Federal Contract Tower,0,16,9,0,25,0,12,47,0,59,0,28,56,0,84,58,0,58,142
04/26/2013,LEB,NH,ANE,EN,Federal Contract Tower,0,13,11,1,25,0,11,42,2,55,0,24,53,3,80,12,0,12,92
04/27/2013,LEB,NH,ANE,EN,Federal Contract Tower,0,10,6,0,16,0,20,51,0,71,0,30,57,0,87,28,0,28,115
04/28/2013,LEB,NH,ANE,EN,Federal Contract Tower,0,6,13,0,19,0,17,55,4,76,0,23,68,4,95,24,6,30,125
04/29/2013,LEB,NH,ANE,EN,Federal Contract Tower,0,5,13,0,18,0,15,8,0,23,0,20,21,0,41,30,0,30,71
04/30/2013,LEB,NH,ANE,EN,Federal Contract Tower,0,11,3,0,14,0,19,49,0,68,0,30,52,0,82,78,0,78,160
05/01/2013,LEB,NH,ANE,EN,Federal Contract Tower,0,5,7,1,13,0,18,67,1,86,0,23,74,2,99,136,0,136,235
05/02/2013,LEB,NH,ANE,EN,Federal Contract Tower,0,21,10,0,31,0,11,84,2,97,0,32,94,2,128,100,0,100,228
05/03/2013,LEB,NH,ANE,EN,Federal Contract Tower,0,23,12,0,35,0,15,64,0,79,0,38,76,0,114,28,0,28,142
05/04/2013,LEB,NH,ANE,EN,Federal Contract Tower,0,20,9,0,29,0,28,62,0,90,0,48,71,0,119,92,0,92,211
05/05/2013,LEB,NH,ANE,EN,Federal Contract Tower,0,14,6,0,20,0,28,35,0,63,0,42,41,0,83,48,0,48,131
05/06/2013,LEB,NH,ANE,EN,Federal Contract Tower,0,15,9,0,24,0,7,17,2,26,0,22,26,2,50,28,6,34,84
05/07/2013,LEB,NH,ANE,EN,Federal Contract Tower,0,16,12,3,31,0,14,73,0,87,0,30,85,3,118,104,6,110,228
05/08/2013,LEB,NH,ANE,EN,Federal Contract Tower,0,17,18,0,35,0,19,28,0,47,0,36,46,0,82,52,0,52,134
05/09/2013,LEB,NH,ANE,EN,Federal Contract Tower,0,21,18,0,39,0,7,34,0,41,0,28,52,0,80,46,0,46,126
05/10/2013,LEB,NH,ANE,EN,Federal Contract Tower,0,27,9,0,36,0,7,16,0,23,0,34,25,0,59,6,0,6,65
05/11/2013,LEB,NH,ANE,EN,Federal Contract Tower,0,16,9,0,25,0,3,0,0,3,0,19,9,0,28,0,0,0,28
05/12/2013,LEB,NH,ANE,EN,Federal Contract Tower,0,21,15,0,36,0,5,27,0,32,0,26,42,0,68,26,0,26,94
05/13/2013,LEB,NH,ANE,EN,Federal Contract Tower,0,14,9,0,23,0,11,16,1,28,0,25,25,1,51,32,1,33,84
05/14/2013,LEB,NH,ANE,EN,Federal Contract Tower,0,13,8,0,21,0,14,38,0,52,0,27,46,0,73,60,0,60,133
05/15/2013,LEB,NH,ANE,EN,Federal Contract Tower,0,16,5,0,21,0,12,42,0,54,0,28,47,0,75,56,0,56,131
05/16/2013,LEB,NH,ANE,EN,Federal Contract Tower,0,14,8,0,22,0,11,23,0,34,0,25,31,0,56,8,0,8,64
05/17/2013,LEB,NH,ANE,EN,Federal Contract Tower,0,15,10,0,25,0,14,19,0,33,0,29,29,0,58,12,0,12,70
05/18/2013,LEB,NH,ANE,EN,Federal Contract Tower,0,19,8,0,27,0,11,41,0,52,0,30,49,0,79,106,0,106,185
05/19/2013,LEB,NH,ANE,EN,Federal Contract Tower,0,14,14,0,28,0,11,16,0,27,0,25,30,0,55,22,0,22,77
05/20/2013,LEB,NH,ANE,EN,Federal Contract Tower,0,18,12,1,31,0,5,6,1,12,0,23,18,2,43,0,0,0,43
05/21/2013,LEB,NH,ANE,EN,Federal Contract Tower,0,10,4,0,14,0,5,4,0,9,0,15,8,0,23,6,2,8,31
05/22/2013,LEB,NH,ANE,EN,Federal Contract Tower,0,13,3,0,16,0,7,15,0,22,0,20,18,0,38,22,0,22,60
05/23/2013,LEB,NH,ANE,EN,Federal Contract Tower,0,17,6,0,23,0,4,20,0,24,0,21,26,0,47,46,0,46,93
05/24/2013,LEB,NH,ANE,EN,Federal Contract Tower,0,18,6,0,24,0,0,4,0,4,0,18,10,0,28,8,0,8,36
05/25/2013,LEB,NH,ANE,EN,Federal Contract Tower,0,15,7,0,22,0,0,0,0,0,0,15,7,0,22,0,0,0,22
05/26/2013,LEB,NH,ANE,EN,Federal Contract Tower,0,15,5,0,20,0,2,3,0,5,0,17,8,0,25,0,0,0,25
05/27/2013,LEB,NH,ANE,EN,Federal Contract Tower,0,14,6,0,20,0,14,18,0,32,0,28,24,0,52,10,0,10,62
05/28/2013,LEB,NH,ANE,EN,Federal Contract Tower,0,11,7,0,18,0,11,44,0,55,0,22,51,0,73,16,0,16,89
05/29/2013,LEB,NH,ANE,EN,Federal Contract Tower,0,19,9,0,28,0,0,0,0,0,0,19,9,0,28,0,0,0,28
05/30/2013,LEB,NH,ANE,EN,Federal Contract Tower,0,15,6,0,21,0,12,55,0,67,0,27,61,0,88,54,0,54,142
05/31/2013,LEB,NH,ANE,EN,Federal Contract Tower,0,15,6,0,21,0,5,37,12,54,0,20,43,12,75,22,0,22,97
06/01/2013,LEB,NH,ANE,EN,Federal Contract Tower,0,14,6,0,20,0,11,19,0,30,0,25,25,0,50,14,0,14,64
06/02/2013,LEB,NH,ANE,EN,Federal Contract Tower,0,11,6,0,17,0,2,11,0,13,0,13,17,0,30,0,0,0,30
06/03/2013,LEB,NH,ANE,EN,Federal Contract Tower,0,17,5,0,22,0,17,8,0,25,0,34,13,0,47,30,0,30,77
06/04/2013,LEB,NH,ANE,EN,Federal Contract Tower,0,7,5,0,12,0,20,35,4,59,0,27,40,4,71,28,4,32,103
06/05/2013,LEB,NH,ANE,EN,Federal Contract Tower,0,8,12,0,20,0,36,78,4,118,0,44,90,4,138,86,0,86,224
06/06/2013,LEB,NH,ANE,EN,Federal Contract Tower,0,14,11,2,27,0,11,45,0,56,0,25,56,2,83,68,0,68,151
06/07/2013,LEB,NH,ANE,EN,Federal Contract Tower,0,34,16,0,50,0,0,0,0,0,0,34,16,0,50,0,0,0,50
06/08/2013,LEB,NH,ANE,EN,Federal Contract Tower,0,17,20,3,40,0,2,10,1,13,0,19,30,4,53,14,0,14,67
06/09/2013,LEB,NH,ANE,EN,Federal Contract Tower,0,33,22,0,55,0,16,28,0,44,0,49,50,0,99,46,0,46,145
06/10/2013,LEB,NH,ANE,EN,Federal Contract Tower,0,18,7,0,25,0,3,14,0,17,0,21,21,0,42,10,0,10,52
06/11/2013,LEB,NH,ANE,EN,Federal Contract Tower,0,18,9,1,28,0,0,12,0,12,0,18,21,1,40,0,0,0,40
06/12/2013,LEB,NH,ANE,EN,Federal Contract Tower,0,16,7,0,23,0,10,20,0,30,0,26,27,0,53,52,0,52,105
06/13/2013,LEB,NH,ANE,EN,Federal Contract Tower,0,17,14,0,31,0,3,17,0,20,0,20,31,0,51,18,0,18,69
06/14/2013,LEB,NH,ANE,EN,Federal Contract Tower,0,23,10,0,33,0,4,23,0,27,0,27,33,0,60,16,0,16,76
06/15/2013,LEB,NH,ANE,EN,Federal Contract Tower,0,7,7,0,14,0,16,63,0,79,0,23,70,0,93,22,0,22,115
06/16/2013,LEB,NH,ANE,EN,Federal Contract Tower,0,10,9,0,19,0,9,28,0,37,0,19,37,0,56,0,0,0,56
06/17/2013,LEB,NH,ANE,EN,Federal Contract Tower,0,16,7,0,23,0,7,11,1,19,0,23,18,1,42,15,1,16,58
06/18/2013,LEB,NH,ANE,EN,Federal Contract Tower,0,11,11,0,22,0,8,7,0,15,0,19,18,0,37,20,0,20,57
06/19/2013,LEB,NH,ANE,EN,Federal Contract Tower,0,10,15,0,25,0,37,68,0,105,0,47,83,0,130,90,0,90,220
06/20/2013,LEB,NH,ANE,EN,Federal Contract Tower,0,10,8,0,18,0,7,72,2,81,0,17,80,2,99,74,2,76,175
06/21/2013,LEB,NH,ANE,EN,Federal Contract Tower,0,16,16,0,32,0,7,50,0,57,0,23,66,0,89,52,0,52,141
06/22/2013,LEB,NH,ANE,EN,Federal Contract Tower,0,17,5,0,22,0,6,35,0,41,0,23,40,0,63,10,0,10,73
06/23/2013,LEB,NH,ANE,EN,Federal Contract Tower,0,17,11,0,28,0,10,24,1,35,0,27,35,1,63,25,0,25,88
06/24/2013,LEB,NH,ANE,EN,Federal Contract Tower,0,7,4,0,11,0,3,16,0,19,0,10,20,0,30,6,0,6,36
06/25/2013,LEB,NH,ANE,EN,Federal Contract Tower,0,9,4,0,13,0,3,26,0,29,0,12,30,0,42,14,0,14,56
06/26/2013,LEB,NH,ANE,EN,Federal Contract Tower,0,14,16,0,30,0,2,6,0,8,0,16,22,0,38,26,0,26,64
06/27/2013,LEB,NH,ANE,EN,Federal Contract Tower,0,14,10,0,24,0,5,15,0,20,0,19,25,0,44,8,0,8,52
06/28/2013,LEB,NH,ANE,EN,Federal Contract Tower,0,20,11,0,31,0,4,8,0,12,0,24,19,0,43,38,0,38,81
06/29/2013,LEB,NH,ANE,EN,Federal Contract Tower,0,12,12,0,24,0,15,11,0,26,0,27,23,0,50,0,0,0,50
06/30/2013,LEB,NH,ANE,EN,Federal Contract Tower,0,13,7,0,20,0,18,35,4,57,0,31,42,4,77,28,0,28,105
07/01/2013,LEB,NH,ANE,EN,Federal Contract Tower,0,16,6,0,22,0,0,0,0,0,0,16,6,0,22,10,0,10,32
07/02/2013,LEB,NH,ANE,EN,Federal Contract Tower,0,19,3,0,22,0,2,18,1,21,0,21,21,1,43,14,0,14,57
07/03/2013,LEB,NH,ANE,EN,Federal Contract Tower,0,18,8,0,26,0,11,27,4,42,0,29,35,4,68,22,16,38,106
07/04/2013,LEB,NH,ANE,EN,Federal Contract Tower,0,12,4,0,16,0,7,19,0,26,0,19,23,0,42,28,0,28,70
07/05/2013,LEB,NH,ANE,EN,Federal Contract Tower,0,13,12,0,25,0,7,22,0,29,0,20,34,0,54,6,0,6,60
07/06/2013,LEB,NH,ANE,EN,Federal Contract Tower,0,10,2,0,12,0,8,40,4,52,0,18,42,4,64,16,0,16,80
07/07/2013,LEB,NH,ANE,EN,Federal Contract Tower,0,15,10,0,25,0,14,47,0,61,0,29,57,0,86,82,0,82,168
07/08/2013,LEB,NH,ANE,EN,Federal Contract Tower,0,19,6,0,25,0,2,6,0,8,0,21,12,0,33,0,0,0,33
07/09/2013,LEB,NH,ANE,EN,Federal Contract Tower,0,16,4,0,20,0,0,3,0,3,0,16,7,0,23,0,0,0,23
07/10/2013,LEB,NH,ANE,EN,Federal Contract Tower,0,15,12,0,27,0,2,3,0,5,0,17,15,0,32,0,0,0,32
07/11/2013,LEB,NH,ANE,EN,Federal Contract Tower,0,15,16,0,31,0,6,11,1,18,0,21,27,1,49,20,0,20,69
07/12/2013,LEB,NH,ANE,EN,Federal Contract Tower,0,14,10,0,24,0,6,36,2,44,0,20,46,2,68,12,0,12,80
07/13/2013,LEB,NH,ANE,EN,Federal Contract Tower,0,10,16,0,26,0,1,22,0,23,0,11,38,0,49,0,0,0,49
07/14/2013,LEB,NH,ANE,EN,Federal Contract Tower,0,14,14,0,28,0,6,67,0,73,0,20,81,0,101,10,0,10,111
07/15/2013,LEB,NH,ANE,EN,Federal Contract Tower,0,6,11,0,17,0,2,16,3,21,0,8,27,3,38,32,0,32,70
07/16/2013,LEB,NH,ANE,EN,Federal Contract Tower,0,9,11,0,20,0,16,42,5,63,0,25,53,5,83,52,4,56,139
07/17/2013,LEB,NH,ANE,EN,Federal Contract Tower,0,19,11,0,30,0,27,66,2,95,0,46,77,2,125,70,0,70,195
07/18/2013,LEB,NH,ANE,EN,Federal Contract Tower,0,22,9,0,31,0,7,45,0,52,0,29,54,0,83,30,0,30,113
07/19/2013,LEB,NH,ANE,EN,Federal Contract Tower,0,24,9,0,33,0,4,24,4,32,0,28,33,4,65,38,0,38,103
07/20/2013,LEB,NH,ANE,EN,Federal Contract Tower,0,24,7,0,31,0,13,75,2,90,0,37,82,2,121,30,0,30,151
07/21/2013,LEB,NH,ANE,EN,Federal Contract Tower,0,19,9,0,28,0,3,41,0,44,0,22,50,0,72,76,0,76,148
07/22/2013,LEB,NH,ANE,EN,Federal Contract Tower,0,14,21,0,35,0,12,46,0,58,0,26,67,0,93,42,0,42,135
07/23/2013,LEB,NH,ANE,EN,Federal Contract Tower,0,14,11,0,25,0,2,3,0,5,0,16,14,0,30,14,0,14,44
07/24/2013,LEB,NH,ANE,EN,Federal Contract Tower,0,10,7,1,18,0,24,35,13,72,0,34,42,14,90,42,0,42,132
07/25/2013,LEB,NH,ANE,EN,Federal Contract Tower,0,14,15,1,30,0,20,47,1,68,0,34,62,2,98,50,0,50,148
07/26/2013,LEB,NH,ANE,EN,Federal Contract Tower,0,19,21,0,40,0,6,18,0,24,0,25,39,0,64,28,0,28,92
07/27/2013,LEB,NH,ANE,EN,Federal Contract Tower,0,10,19,0,29,0,23,77,3,103,0,33,96,3,132,58,0,58,190
07/28/2013,LEB,NH,ANE,EN,Federal Contract Tower,0,21,22,0,43,0,13,18,0,31,0,34,40,0,74,10,0,10,84
07/29/2013,LEB,NH,ANE,EN,Federal Contract Tower,0,13,9,0,22,0,7,16,1,24,0,20,25,1,46,18,0,18,64
07/30/2013,LEB,NH,ANE,EN,Federal Contract Tower,0,12,20,0,32,0,14,40,0,54,0,26,60,0,86,56,0,56,142
07/31/2013,LEB,NH,ANE,EN,Federal Contract Tower,0,15,19,0,34,0,7,69,0,76,0,22,88,0,110,140,0,140,250
08/01/2013,LEB,NH,ANE,EN,Federal Contract Tower,0,15,19,0,34,0,8,21,0,29,0,23,40,0,63,48,0,48,111
08/02/2013,LEB,NH,ANE,EN,Federal Contract Tower,0,16,17,0,33,0,3,52,0,55,0,19,69,0,88,16,0,16,104
08/03/2013,LEB,NH,ANE,EN,Federal Contract Tower,0,15,5,0,20,0,16,29,1,46,0,31,34,1,66,58,0,58,124
08/04/2013,LEB,NH,ANE,EN,Federal Contract Tower,0,15,17,0,32,0,14,40,0,54,0,29,57,0,86,14,0,14,100
08/05/2013,LEB,NH,ANE,EN,Federal Contract Tower,0,13,10,0,23,0,8,18,1,27,0,21,28,1,50,24,1,25,75
08/06/2013,LEB,NH,ANE,EN,Federal Contract Tower,0,13,6,0,19,0,13,31,0,44,0,26,37,0,63,94,0,94,157
08/07/2013,LEB,NH,ANE,EN,Federal Contract Tower,0,7,5,0,12,0,21,34,0,55,0,28,39,0,67,44,0,44,111
08/08/2013,LEB,NH,ANE,EN,Federal Contract Tower,0,18,19,0,37,0,10,63,0,73,0,28,82,0,110,20,0,20,130
08/09/2013,LEB,NH,ANE,EN,Federal Contract Tower,0,23,18,0,41,0,0,0,0,0,0,23,18,0,41,0,0,0,41
08/10/2013,LEB,NH,ANE,EN,Federal Contract Tower,0,9,6,0,15,0,23,38,2,63,0,32,44,2,78,8,0,8,86
08/11/2013,LEB,NH,ANE,EN,Federal Contract Tower,0,15,11,0,26,0,11,31,0,42,0,26,42,0,68,19,0,19,87
08/12/2013,LEB,NH,ANE,EN,Federal Contract Tower,0,7,11,0,18,0,30,18,4,52,0,37,29,4,70,32,0,32,102
08/13/2013,LEB,NH,ANE,EN,Federal Contract Tower,0,13,0,0,13,0,2,0,0,2,0,15,0,0,15,0,0,0,15
08/14/2013,LEB,NH,ANE,EN,Federal Contract Tower,0,13,5,0,18,0,14,26,2,42,0,27,31,2,60,26,0,26,86
08/15/2013,LEB,NH,ANE,EN,Federal Contract Tower,0,13,11,0,24,0,11,67,0,78,0,24,78,0,102,66,0,66,168
08/16/2013,LEB,NH,ANE,EN,Federal Contract Tower,0,13,16,0,29,0,5,39,0,44,0,18,55,0,73,2,0,2,75
08/17/2013,LEB,NH,ANE,EN,Federal Contract Tower,0,18,5,0,23,0,20,49,0,69,0,38,54,0,92,32,0,32,124
08/18/2013,LEB,NH,ANE,EN,Federal Contract Tower,0,12,6,0,18,0,18,34,0,52,0,30,40,0,70,0,0,0,70
08/19/2013,LEB,NH,ANE,EN,Federal Contract Tower,0,10,9,0,19,0,7,38,4,49,0,17,47,4,68,58,4,62,130
08/20/2013,LEB,NH,ANE,EN,Federal Contract Tower,0,11,17,0,28,0,11,40,0,51,0,22,57,0,79,20,0,20,99
08/21/2013,LEB,NH,ANE,EN,Federal Contract Tower,0,9,6,0,15,0,19,43,2,64,0,28,49,2,79,66,0,66,145
08/22/2013,LEB,NH,ANE,EN,Federal Contract Tower,0,12,9,0,21,0,9,25,0,34,0,21,34,0,55,50,0,50,105
08/23/2013,LEB,NH,ANE,EN,Federal Contract Tower,0,17,15,0,32,0,10,32,0,42,0,27,47,0,74,22,0,22,96
08/24/2013,LEB,NH,ANE,EN,Federal Contract Tower,0,9,7,0,16,0,18,31,0,49,0,27,38,0,65,32,0,32,97
08/25/2013,LEB,NH,ANE,EN,Federal Contract Tower,0,14,6,0,20,0,5,38,0,43,0,19,44,0,63,32,0,32,95
08/26/2013,LEB,NH,ANE,EN,Federal Contract Tower,0,11,12,0,23,0,10,26,2,38,0,21,38,2,61,35,1,36,97
08/27/2013,LEB,NH,ANE,EN,Federal Contract Tower,0,15,14,0,29,0,9,15,2,26,0,24,29,2,55,0,0,0,55
08/28/2013,LEB,NH,ANE,EN,Federal Contract Tower,0,15,12,0,27,0,6,30,0,36,0,21,42,0,63,36,0,36,99
08/29/2013,LEB,NH,ANE,EN,Federal Contract Tower,0,16,3,0,19,0,2,35,0,37,0,18,38,0,56,46,0,46,102
08/30/2013,LEB,NH,ANE,EN,Federal Contract Tower,0,17,12,0,29,0,6,38,0,44,0,23,50,0,73,14,0,14,87
08/31/2013,LEB,NH,ANE,EN,Federal Contract Tower,0,15,14,0,29,0,0,10,2,12,0,15,24,2,41,2,0,2,43
09/01/2013,LEB,NH,ANE,EN,Federal Contract Tower,0,17,6,0,23,0,7,5,0,12,0,24,11,0,35,10,0,10,45
09/02/2013,LEB,NH,ANE,EN,Federal Contract Tower,0,17,12,0,29,0,4,2,0,6,0,21,14,0,35,0,0,0,35
09/03/2013,LEB,NH,ANE,EN,Federal Contract Tower,0,16,2,0,18,0,7,21,0,28,0,23,23,0,46,46,0,46,92
09/04/2013,LEB,NH,ANE,EN,Federal Contract Tower,0,6,14,0,20,0,27,58,6,91,0,33,72,6,111,80,0,80,191
09/05/2013,LEB,NH,ANE,EN,Federal Contract Tower,0,13,3,0,16,0,14,44,2,60,0,27,47,2,76,14,6,20,96
09/06/2013,LEB,NH,ANE,EN,Federal Contract Tower,0,12,4,0,16,1,9,41,3,54,1,21,45,3,70,42,0,42,112
09/07/2013,LEB,NH,ANE,EN,Federal Contract Tower,0,11,5,1,17,0,22,45,4,71,0,33,50,5,88,22,0,22,110
09/08/2013,LEB,NH,ANE,EN,Federal Contract Tower,0,6,4,0,10,0,24,3,0,27,0,30,7,0,37,0,0,0,37
09/09/2013,LEB,NH,ANE,EN,Federal Contract Tower,0,10,12,0,22,0,11,26,1,38,0,21,38,1,60,38,0,38,98
09/10/2013,LEB,NH,ANE,EN,Federal Contract Tower,0,29,12,0,41,0,2,2,0,4,0,31,14,0,45,6,0,6,51
09/11/2013,LEB,NH,ANE,EN,Federal Contract Tower,0,9,3,0,12,0,11,16,2,29,0,20,19,2,41,18,0,18,59
09/12/2013,LEB,NH,ANE,EN,Federal Contract Tower,0,10,8,0,18,0,4,15,0,19,0,14,23,0,37,64,0,64,101
09/13/2013,LEB,NH,ANE,EN,Federal Contract Tower,0,21,4,0,25,0,0,1,0,1,0,21,5,0,26,0,0,0,26
09/14/2013,LEB,NH,ANE,EN,Federal Contract Tower,0,15,9,1,25,0,2,14,1,17,0,17,23,2,42,44,0,44,86
09/15/2013,LEB,NH,ANE,EN,Federal Contract Tower,0,8,3,0,11,0,14,58,3,75,0,22,61,3,86,40,0,40,126
09/16/2013,LEB,NH,ANE,EN,Federal Contract Tower,0,16,12,0,28,0,4,48,0,52,0,20,60,0,80,56,0,56,136
09/17/2013,LEB,NH,ANE,EN,Federal Contract Tower,0,9,8,0,17,0,11,35,0,46,0,20,43,0,63,32,0,32,95
09/18/2013,LEB,NH,ANE,EN,Federal Contract Tower,0,14,6,0,20,0,8,69,0,77,0,22,75,0,97,72,0,72,169
09/19/2013,LEB,NH,ANE,EN,Federal Contract Tower,0,19,9,1,29,0,13,43,1,57,0,32,52,2,86,26,0,26,112
09/20/2013,LEB,NH,ANE,EN,Federal Contract Tower,0,14,11,0,25,0,8,45,0,53,0,22,56,0,78,6,0,6,84
09/21/2013,LEB,NH,ANE,EN,Federal Contract Tower,0,18,9,0,27,0,7,8,1,16,0,25,17,1,43,0,0,0,43
09/22/2013,LEB,NH,ANE,EN,Federal Contract Tower,0,22,12,0,34,0,8,28,0,36,0,30,40,0,70,0,0,0,70
09/23/2013,LEB,NH,ANE,EN,Federal Contract Tower,0,15,10,0,25,0,8,24,2,34,0,23,34,2,59,31,1,32,91
09/24/2013,LEB,NH,ANE,EN,Federal Contract Tower,0,15,5,0,20,0,14,24,0,38,0,29,29,0,58,14,0,14,72
09/25/2013,LEB,NH,ANE,EN,Federal Contract Tower,0,13,10,0,23,0,12,50,0,62,0,25,60,0,85,54,0,54,139
09/26/2013,LEB,NH,ANE,EN,Federal Contract Tower,0,23,18,0,41,0,10,60,2,72,0,33,78,2,113,94,0,94,207
09/27/2013,LEB,NH,ANE,EN,Federal Contract Tower,0,25,11,0,36,0,4,32,1,37,0,29,43,1,73,42,0,42,115
09/28/2013,LEB,NH,ANE,EN,Federal Contract Tower,0,15,6,0,21,0,7,35,0,42,0,22,41,0,63,14,0,14,77
09/29/2013,LEB,NH,ANE,EN,Federal Contract Tower,0,14,15,0,29,0,16,44,2,62,0,30,59,2,91,40,0,40,131
09/30/2013,LEB,NH,ANE,EN,Federal Contract Tower,0,11,5,0,16,0,10,30,6,46,0,21,35,6,62,52,0,52,114
10/01/2013,LEB,NH,ANE,EN,Federal Contract Tower,0,17,9,0,26,0,12,48,0,60,0,29,57,0,86,48,0,48,134
10/02/2013,LEB,NH,ANE,EN,Federal Contract Tower,0,13,4,0,17,0,20,42,0,62,0,33,46,0,79,38,0,38,117
10/03/2013,LEB,NH,ANE,EN,Federal Contract Tower,0,18,2,0,20,0,11,45,0,56,0,29,47,0,76,58,0,58,134
10/04/2013,LEB,NH,ANE,EN,Federal Contract Tower,0,20,19,0,39,0,4,25,0,29,0,24,44,0,68,50,0,50,118
10/05/2013,LEB,NH,ANE,EN,Federal Contract Tower,0,22,14,0,36,0,12,16,10,38,0,34,30,10,74,14,0,14,88
10/06/2013,LEB,NH,ANE,EN,Federal Contract Tower,0,30,19,0,49,0,0,2,0,2,0,30,21,0,51,2,0,2,53
10/07/2013,LEB,NH,ANE,EN,Federal Contract Tower,0,20,6,0,26,0,5,0,0,5,0,25,6,0,31,0,0,0,31
10/08/2013,LEB,NH,ANE,EN,Federal Contract Tower,0,12,5,0,17,0,14,16,0,30,0,26,21,0,47,8,0,8,55
10/09/2013,LEB,NH,ANE,EN,Federal Contract Tower,0,19,11,0,30,0,26,55,0,81,0,45,66,0,111,66,0,66,177
10/10/2013,LEB,NH,ANE,EN,Federal Contract Tower,0,22,13,0,35,0,8,33,0,41,0,30,46,0,76,50,0,50,126
10/11/2013,LEB,NH,ANE,EN,Federal Contract Tower,0,25,11,0,36,0,11,31,0,42,0,36,42,0,78,58,0,58,136
10/12/2013,LEB,NH,ANE,EN,Federal Contract Tower,0,34,22,0,56,0,1,28,0,29,0,35,50,0,85,22,0,22,107
10/13/2013,LEB,NH,ANE,EN,Federal Contract Tower,0,18,11,1,30,0,14,33,0,47,0,32,44,1,77,46,0,46,123
10/14/2013,LEB,NH,ANE,EN,Federal Contract Tower,0,26,16,0,42,0,11,25,0,36,0,37,41,0,78,10,0,10,88
10/15/2013,LEB,NH,ANE,EN,Federal Contract Tower,0,17,16,0,33,0,4,8,0,12,0,21,24,0,45,4,0,4,49
10/16/2013,LEB,NH,ANE,EN,Federal Contract Tower,0,18,17,0,35,0,15,24,0,39,0,33,41,0,74,16,0,16,90
10/17/2013,LEB,NH,ANE,EN,Federal Contract Tower,0,27,19,0,46,0,9,52,0,61,0,36,71,0,107,40,0,40,147
10/18/2013,LEB,NH,ANE,EN,Federal Contract Tower,0,23,8,0,31,0,9,14,0,23,0,32,22,0,54,0,0,0,54
10/19/2013,LEB,NH,ANE,EN,Federal Contract Tower,0,19,9,0,28,0,10,35,0,45,0,29,44,0,73,32,0,32,105
10/20/2013,LEB,NH,ANE,EN,Federal Contract Tower,0,28,12,0,40,0,14,30,0,44,0,42,42,0,84,4,0,4,88
10/21/2013,LEB,NH,ANE,EN,Federal Contract Tower,0,16,6,0,22,0,11,25,0,36,0,27,31,0,58,6,0,6,64
10/22/2013,LEB,NH,ANE,EN,Federal Contract Tower,0,22,8,0,30,0,9,18,0,27,0,31,26,0,57,10,0,10,67
10/23/2013,LEB,NH,ANE,EN,Federal Contract Tower,0,10,6,0,16,0,16,22,0,38,0,26,28,0,54,66,0,66,120
10/24/2013,LEB,NH,ANE,EN,Federal Contract Tower,0,16,6,0,22,0,3,34,0,37,0,19,40,0,59,42,0,42,101
10/25/2013,LEB,NH,ANE,EN,Federal Contract Tower,0,16,14,0,30,0,8,21,0,29,0,24,35,0,59,10,0,10,69
10/26/2013,LEB,NH,ANE,EN,Federal Contract Tower,0,11,3,0,14,0,20,14,0,34,0,31,17,0,48,2,0,2,50
10/27/2013,LEB,NH,ANE,EN,Federal Contract Tower,0,27,12,1,40,0,0,4,2,6,0,27,16,3,46,0,0,0,46
10/28/2013,LEB,NH,ANE,EN,Federal Contract Tower,0,21,8,0,29,0,10,13,0,23,0,31,21,0,52,62,0,62,114
10/29/2013,LEB,NH,ANE,EN,Federal Contract Tower,0,11,3,5,19,0,11,28,1,40,0,22,31,6,59,62,0,62,121
10/30/2013,LEB,NH,ANE,EN,Federal Contract Tower,0,16,14,0,30,0,18,30,0,48,0,34,44,0,78,64,0,64,142
10/31/2013,LEB,NH,ANE,EN,Federal Contract Tower,0,25,10,0,35,0,0,0,0,0,0,25,10,0,35,0,0,0,35
11/01/2013,LEB,NH,ANE,EN,Federal Contract Tower,0,12,10,0,22,0,0,4,0,4,0,12,14,0,26,26,0,26,52
11/02/2013,LEB,NH,ANE,EN,Federal Contract Tower,0,13,11,0,24,0,19,29,2,50,0,32,40,2,74,24,0,24,98
11/03/2013,LEB,NH,ANE,EN,Federal Contract Tower,0,18,8,0,26,0,9,8,0,17,0,27,16,0,43,0,0,0,43
11/04/2013,LEB,NH,ANE,EN,Federal Contract Tower,0,7,5,0,12,0,15,36,0,51,0,22,41,0,63,20,0,20,83
11/05/2013,LEB,NH,ANE,EN,Federal Contract Tower,0,15,7,0,22,0,11,53,0,64,0,26,60,0,86,50,0,50,136
11/06/2013,LEB,NH,ANE,EN,Federal Contract Tower,0,9,9,0,18,0,22,37,2,61,0,31,46,2,79,30,0,30,109
11/07/2013,LEB,NH,ANE,EN,Federal Contract Tower,0,24,11,0,35,0,3,0,0,3,0,27,11,0,38,0,0,0,38
11/08/2013,LEB,NH,ANE,EN,Federal Contract Tower,0,25,11,0,36,0,6,22,0,28,0,31,33,0,64,16,0,16,80
11/09/2013,LEB,NH,ANE,EN,Federal Contract Tower,0,15,16,0,31,0,11,42,2,55,0,26,58,2,86,10,0,10,96
11/10/2013,LEB,NH,ANE,EN,Federal Contract Tower,0,27,9,0,36,0,0,0,0,0,0,27,9,0,36,0,0,0,36
11/11/2013,LEB,NH,ANE,EN,Federal Contract Tower,0,15,16,0,31,0,14,33,0,47,0,29,49,0,78,10,0,10,88
11/12/2013,LEB,NH,ANE,EN,Federal Contract Tower,0,12,5,1,18,0,11,23,0,34,0,23,28,1,52,54,2,56,108
11/13/2013,LEB,NH,ANE,EN,Federal Contract Tower,0,9,3,0,12,0,21,42,2,65,0,30,45,2,77,32,0,32,109
11/14/2013,LEB,NH,ANE,EN,Federal Contract Tower,0,18,7,0,25,0,18,36,0,54,0,36,43,0,79,62,0,62,141
11/15/2013,LEB,NH,ANE,EN,Federal Contract Tower,0,22,11,0,33,0,16,72,0,88,0,38,83,0,121,60,0,60,181
11/16/2013,LEB,NH,ANE,EN,Federal Contract Tower,0,7,3,0,10,0,26,51,1,78,0,33,54,1,88,2,0,2,90
11/17/2013,LEB,NH,ANE,EN,Federal Contract Tower,0,19,9,0,28,0,0,0,0,0,0,19,9,0,28,0,0,0,28
11/18/2013,LEB,NH,ANE,EN,Federal Contract Tower,0,10,6,0,16,0,6,1,0,7,0,16,7,0,23,0,0,0,23
11/19/2013,LEB,NH,ANE,EN,Federal Contract Tower,0,18,5,0,23,0,10,23,0,33,0,28,28,0,56,24,0,24,80
11/20/2013,LEB,NH,ANE,EN,Federal Contract Tower,0,10,11,0,21,0,19,64,1,84,0,29,75,1,105,98,0,98,203
11/21/2013,LEB,NH,ANE,EN,Federal Contract Tower,0,7,5,0,12,0,14,38,2,54,0,21,43,2,66,34,6,40,106
11/22/2013,LEB,NH,ANE,EN,Federal Contract Tower,0,9,3,0,12,0,0,0,0,0,0,9,3,0,12,0,0,0,12
11/23/2013,LEB,NH,ANE,EN,Federal Contract Tower,0,26,8,0,34,0,10,13,0,23,0,36,21,0,57,12,0,12,69
11/24/2013,LEB,NH,ANE,EN,Federal Contract Tower,0,7,2,2,11,0,1,0,0,1,0,8,2,2,12,0,0,0,12
11/25/2013,LEB,NH,ANE,EN,Federal Contract Tower,0,8,1,0,9,0,11,26,0,37,0,19,27,0,46,16,0,16,62
11/26/2013,LEB,NH,ANE,EN,Federal Contract Tower,0,15,6,0,21,0,4,4,0,8,0,19,10,0,29,0,0,0,29
11/27/2013,LEB,NH,ANE,EN,Federal Contract Tower,0,8,9,0,17,0,0,0,0,0,0,8,9,0,17,0,0,0,17
11/28/2013,LEB,NH,ANE,EN,Federal Contract Tower,0,5,1,0,6,0,15,10,0,25,0,20,11,0,31,2,0,2,33
11/29/2013,LEB,NH,ANE,EN,Federal Contract Tower,0,17,3,0,20,0,7,29,2,38,0,24,32,2,58,0,0,0,58
11/30/2013,LEB,NH,ANE,EN,Federal Contract Tower,0,12,5,0,17,0,11,1,0,12,0,23,6,0,29,0,0,0,29
12/01/2013,LEB,NH,ANE,EN,Federal Contract Tower,0,18,7,0,25,0,6,26,0,32,0,24,33,0,57,40,0,40,97
12/02/2013,LEB,NH,ANE,EN,Federal Contract Tower,0,14,9,0,23,0,0,11,0,11,0,14,20,0,34,66,0,66,100
12/03/2013,LEB,NH,ANE,EN,Federal Contract Tower,0,15,11,0,26,0,0,7,0,7,0,15,18,0,33,60,0,60,93
12/04/2013,LEB,NH,ANE,EN,Federal Contract Tower,0,7,5,0,12,0,17,27,0,44,0,24,32,0,56,116,0,116,172
12/05/2013,LEB,NH,ANE,EN,Federal Contract Tower,0,12,7,0,19,0,0,0,0,0,0,12,7,0,19,0,0,0,19
12/06/2013,LEB,NH,ANE,EN,Federal Contract Tower,0,15,9,0,24,0,0,4,0,4,0,15,13,0,28,36,0,36,64
12/07/2013,LEB,NH,ANE,EN,Federal Contract Tower,0,11,6,0,17,0,3,2,0,5,0,14,8,0,22,0,0,0,22
12/08/2013,LEB,NH,ANE,EN,Federal Contract Tower,0,4,5,0,9,0,12,14,0,26,0,16,19,0,35,12,0,12,47
12/09/2013,LEB,NH,ANE,EN,Federal Contract Tower,0,1,7,0,8,0,0,0,0,0,0,1,7,0,8,0,0,0,8
12/10/2013,LEB,NH,ANE,EN,Federal Contract Tower,0,9,7,0,16,0,1,12,0,13,0,10,19,0,29,104,0,104,133
12/11/2013,LEB,NH,ANE,EN,Federal Contract Tower,0,18,7,0,25,0,27,20,0,47,0,45,27,0,72,24,0,24,96
12/12/2013,LEB,NH,ANE,EN,Federal Contract Tower,0,10,7,0,17,0,14,33,0,47,0,24,40,0,64,126,0,126,190
12/13/2013,LEB,NH,ANE,EN,Federal Contract Tower,0,15,8,0,23,0,0,2,0,2,0,15,10,0,25,10,0,10,35
12/14/2013,LEB,NH,ANE,EN,Federal Contract Tower,0,5,1,0,6,0,2,2,0,4,0,7,3,0,10,0,0,0,10
12/15/2013,LEB,NH,ANE,EN,Federal Contract Tower,0,9,4,0,13,0,8,1,0,9,0,17,5,0,22,0,0,0,22
12/16/2013,LEB,NH,ANE,EN,Federal Contract Tower,0,10,3,0,13,0,9,5,0,14,0,19,8,0,27,6,0,6,33
12/17/2013,LEB,NH,ANE,EN,Federal Contract Tower,0,6,6,0,12,0,1,0,0,1,0,7,6,0,13,0,0,0,13
12/18/2013,LEB,NH,ANE,EN,Federal Contract Tower,0,11,3,0,14,0,23,31,0,54,0,34,34,0,68,46,0,46,114
12/19/2013,LEB,NH,ANE,EN,Federal Contract Tower,0,15,3,0,18,0,10,26,0,36,0,25,29,0,54,52,0,52,106
12/20/2013,LEB,NH,ANE,EN,Federal Contract Tower,0,14,5,0,19,0,5,9,0,14,0,19,14,0,33,0,0,0,33
12/21/2013,LEB,NH,ANE,EN,Federal Contract Tower,0,18,3,0,21,0,3,0,0,3,0,21,3,0,24,0,0,0,24
12/22/2013,LEB,NH,ANE,EN,Federal Contract Tower,0,3,9,0,12,0,0,0,0,0,0,3,9,0,12,0,0,0,12
12/23/2013,LEB,NH,ANE,EN,Federal Contract Tower,0,11,8,0,19,0,0,0,0,0,0,11,8,0,19,0,0,0,19
12/24/2013,LEB,NH,ANE,EN,Federal Contract Tower,0,7,4,0,11,0,10,12,0,22,0,17,16,0,33,40,0,40,73
12/25/2013,LEB,NH,ANE,EN,Federal Contract Tower,0,3,6,0,9,0,12,12,0,24,0,15,18,0,33,18,0,18,51
12/26/2013,LEB,NH,ANE,EN,Federal Contract Tower,0,15,10,0,25,0,0,0,0,0,0,15,10,0,25,0,0,0,25
12/27/2013,LEB,NH,ANE,EN,Federal Contract Tower,0,10,13,0,23,0,5,10,0,15,0,15,23,0,38,20,0,20,58
12/28/2013,LEB,NH,ANE,EN,Federal Contract Tower,0,15,3,1,19,0,13,10,0,23,0,28,13,1,42,0,0,0,42
12/29/2013,LEB,NH,ANE,EN,Federal Contract Tower,0,13,3,0,16,0,7,2,0,9,0,20,5,0,25,0,0,0,25
12/30/2013,LEB,NH,ANE,EN,Federal Contract Tower,0,10,8,0,18,0,15,21,0,36,0,25,29,0,54,102,0,102,156
12/31/2013,LEB,NH,ANE,EN,Federal Contract Tower,0,7,1,0,8,0,15,8,0,23,0,22,9,0,31,44,0,44,75
01/01/2014,LEB,NH,ANE,EN,Federal Contract Tower,0,7,3,0,10,0,23,4,0,27,0,30,7,0,37,0,0,0,37
01/02/2014,LEB,NH,ANE,EN,Federal Contract Tower,0,0,0,0,0,0,0,0,0,0,0,0,0,0,0,0,0,0,0
01/03/2014,LEB,NH,ANE,EN,Federal Contract Tower,0,3,7,0,10,0,5,5,0,10,0,8,12,0,20,18,0,18,38
01/04/2014,LEB,NH,ANE,EN,Federal Contract Tower,0,12,7,0,19,0,10,4,0,14,0,22,11,0,33,6,0,6,39
01/05/2014,LEB,NH,ANE,EN,Federal Contract Tower,0,6,3,0,9,0,17,6,0,23,0,23,9,0,32,0,0,0,32
01/06/2014,LEB,NH,ANE,EN,Federal Contract Tower,0,5,3,0,8,0,4,0,0,4,0,9,3,0,12,0,0,0,12
01/07/2014,LEB,NH,ANE,EN,Federal Contract Tower,0,6,4,0,10,0,13,1,0,14,0,19,5,0,24,0,0,0,24
01/08/2014,LEB,NH,ANE,EN,Federal Contract Tower,0,5,3,0,8,0,22,24,0,46,0,27,27,0,54,82,0,82,136
01/09/2014,LEB,NH,ANE,EN,Federal Contract Tower,0,6,4,0,10,0,26,24,0,50,0,32,28,0,60,22,0,22,82
01/10/2014,LEB,NH,ANE,EN,Federal Contract Tower,0,15,5,0,20,0,1,16,0,17,0,16,21,0,37,24,0,24,61
01/11/2014,LEB,NH,ANE,EN,Federal Contract Tower,0,0,1,0,1,0,0,0,0,0,0,0,1,0,1,0,0,0,1
01/12/2014,LEB,NH,ANE,EN,Federal Contract Tower,0,20,5,0,25,0,4,3,0,7,0,24,8,0,32,0,0,0,32
01/13/2014,LEB,NH,ANE,EN,Federal Contract Tower,0,12,3,1,16,0,14,26,0,40,0,26,29,1,56,54,2,56,112
01/14/2014,LEB,NH,ANE,EN,Federal Contract Tower,0,7,3,0,10,0,1,2,0,3,0,8,5,0,13,2,0,2,15
01/15/2014,LEB,NH,ANE,EN,Federal Contract Tower,0,11,9,1,21,0,20,44,3,67,0,31,53,4,88,40,4,44,132
01/16/2014,LEB,NH,ANE,EN,Federal Contract Tower,0,14,7,0,21,0,0,0,0,0,0,14,7,0,21,0,0,0,21
01/17/2014,LEB,NH,ANE,EN,Federal Contract Tower,0,15,7,0,22,0,5,23,0,28,0,20,30,0,50,42,0,42,92
01/18/2014,LEB,NH,ANE,EN,Federal Contract Tower,0,14,3,0,17,0,0,4,1,5,0,14,7,1,22,0,0,0,22
01/19/2014,LEB,NH,ANE,EN,Federal Contract Tower,0,13,2,0,15,0,3,1,0,4,0,16,3,0,19,0,0,0,19
01/20/2014,LEB,NH,ANE,EN,Federal Contract Tower,0,21,6,0,27,0,6,0,0,6,0,27,6,0,33,0,0,0,33
01/21/2014,LEB,NH,ANE,EN,Federal Contract Tower,0,6,6,0,12,0,5,39,0,44,0,11,45,0,56,14,0,14,70
01/22/2014,LEB,NH,ANE,EN,Federal Contract Tower,0,7,6,0,13,0,10,8,0,18,0,17,14,0,31,32,0,32,63
01/23/2014,LEB,NH,ANE,EN,Federal Contract Tower,0,13,5,0,18,0,9,12,0,21,0,22,17,0,39,12,0,12,51
01/24/2014,LEB,NH,ANE,EN,Federal Contract Tower,0,19,11,0,30,0,12,32,2,46,0,31,43,2,76,18,0,18,94
01/25/2014,LEB,NH,ANE,EN,Federal Contract Tower,0,15,3,0,18,0,1,1,0,2,0,16,4,0,20,0,0,0,20
01/26/2014,LEB,NH,ANE,EN,Federal Contract Tower,0,12,9,0,21,0,7,27,0,34,0,19,36,0,55,12,0,12,67
01/27/2014,LEB,NH,ANE,EN,Federal Contract Tower,0,10,6,0,16,0,4,6,0,10,0,14,12,0,26,0,0,0,26
01/28/2014,LEB,NH,ANE,EN,Federal Contract Tower,0,9,10,0,19,0,15,19,0,34,0,24,29,0,53,12,0,12,65
01/29/2014,LEB,NH,ANE,EN,Federal Contract Tower,0,7,2,0,9,0,21,13,0,34,0,28,15,0,43,0,0,0,43
01/30/2014,LEB,NH,ANE,EN,Federal Contract Tower,0,2,3,0,5,0,15,32,0,47,0,17,35,0,52,10,0,10,62
01/31/2014,LEB,NH,ANE,EN,Federal Contract Tower,0,14,10,4,28,0,6,10,0,16,0,20,20,4,44,14,8,22,66
02/01/2014,LEB,NH,ANE,EN,Federal Contract Tower,0,10,2,0,12,0,14,10,2,26,0,24,12,2,38,10,0,10,48
02/02/2014,LEB,NH,ANE,EN,Federal Contract Tower,0,17,4,0,21,0,5,0,0,5,0,22,4,0,26,0,0,0,26
02/03/2014,LEB,NH,ANE,EN,Federal Contract Tower,0,8,3,0,11,0,13,4,0,17,0,21,7,0,28,56,0,56,84
02/04/2014,LEB,NH,ANE,EN,Federal Contract Tower,0,4,4,0,8,0,17,19,0,36,0,21,23,0,44,24,0,24,68
02/05/2014,LEB,NH,ANE,EN,Federal Contract Tower,0,0,0,0,0,0,0,0,0,0,0,0,0,0,0,0,0,0,0
02/06/2014,LEB,NH,ANE,EN,Federal Contract Tower,0,12,5,0,17,0,12,33,0,45,0,24,38,0,62,22,0,22,84
02/07/2014,LEB,NH,ANE,EN,Federal Contract Tower,0,20,13,0,33,0,19,24,0,43,0,39,37,0,76,44,0,44,120
02/08/2014,LEB,NH,ANE,EN,Federal Contract Tower,0,8,7,0,15,0,24,29,0,53,0,32,36,0,68,12,0,12,80
02/09/2014,LEB,NH,ANE,EN,Federal Contract Tower,0,19,8,0,27,0,2,17,0,19,0,21,25,0,46,0,0,0,46
02/10/2014,LEB,NH,ANE,EN,Federal Contract Tower,0,13,5,0,18,0,14,2,0,16,0,27,7,0,34,0,0,0,34
02/11/2014,LEB,NH,ANE,EN,Federal Contract Tower,0,10,8,0,18,0,10,21,0,31,0,20,29,0,49,12,0,12,61
02/12/2014,LEB,NH,ANE,EN,Federal Contract Tower,0,8,5,0,13,0,30,43,0,73,0,38,48,0,86,30,0,30,116
02/13/2014,LEB,NH,ANE,EN,Federal Contract Tower,0,2,1,0,3,0,0,0,0,0,0,2,1,0,3,0,0,0,3
02/14/2014,LEB,NH,ANE,EN,Federal Contract Tower,0,16,14,0,30,0,0,2,0,2,0,16,16,0,32,0,0,0,32
02/15/2014,LEB,NH,ANE,EN,Federal Contract Tower,0,12,1,0,13,0,2,0,0,2,0,14,1,0,15,0,0,0,15
02/16/2014,LEB,NH,ANE,EN,Federal Contract Tower,0,7,8,0,15,0,14,14,0,28,0,21,22,0,43,0,0,0,43
02/17/2014,LEB,NH,ANE,EN,Federal Contract Tower,0,16,12,0,28,0,23,26,0,49,0,39,38,0,77,8,0,8,85
02/18/2014,LEB,NH,ANE,EN,Federal Contract Tower,0,12,6,0,18,0,2,0,0,2,0,14,6,0,20,0,0,0,20
02/19/2014,LEB,NH,ANE,EN,Federal Contract Tower,0,7,2,0,9,0,8,0,1,9,0,15,2,1,18,0,0,0,18
02/20/2014,LEB,NH,ANE,EN,Federal Contract Tower,0,8,2,0,10,0,18,29,0,47,0,26,31,0,57,8,0,8,65
02/21/2014,LEB,NH,ANE,EN,Federal Contract Tower,0,15,8,0,23,0,0,4,0,4,0,15,12,0,27,18,0,18,45
02/22/2014,LEB,NH,ANE,EN,Federal Contract Tower,0,14,6,0,20,0,13,11,0,24,0,27,17,0,44,10,0,10,54
02/23/2014,LEB,NH,ANE,EN,Federal Contract Tower,0,19,12,0,31,0,9,25,0,34,0,28,37,0,65,10,0,10,75
02/24/2014,LEB,NH,ANE,EN,Federal Contract Tower,0,13,5,0,18,0,7,4,0,11,0,20,9,0,29,0,2,2,31
02/25/2014,LEB,NH,ANE,EN,Federal Contract Tower,0,8,6,0,14,0,10,6,0,16,0,18,12,0,30,0,0,0,30
02/26/2014,LEB,NH,ANE,EN,Federal Contract Tower,0,20,10,0,30,0,1,0,0,1,0,21,10,0,31,0,0,0,31
02/27/2014,LEB,NH,ANE,EN,Federal Contract Tower,0,11,3,0,14,0,9,2,0,11,0,20,5,0,25,0,0,0,25
02/28/2014,LEB,NH,ANE,EN,Federal Contract Tower,0,8,3,0,11,0,19,35,0,54,0,27,38,0,65,12,0,12,77
03/01/2014,LEB,NH,ANE,EN,Federal Contract Tower,0,5,4,0,9,0,12,15,0,27,0,17,19,0,36,18,0,18,54
03/02/2014,LEB,NH,ANE,EN,Federal Contract Tower,0,15,5,0,20,0,10,0,0,10,0,25,5,0,30,0,0,0,30
03/03/2014,LEB,NH,ANE,EN,Federal Contract Tower,0,13,2,1,16,0,14,5,0,19,0,27,7,1,35,20,2,22,57
03/04/2014,LEB,NH,ANE,EN,Federal Contract Tower,0,11,4,2,17,0,6,31,0,37,0,17,35,2,54,38,0,38,92
03/05/2014,LEB,NH,ANE,EN,Federal Contract Tower,0,12,2,0,14,0,0,0,0,0,0,12,2,0,14,0,0,0,14
03/06/2014,LEB,NH,ANE,EN,Federal Contract Tower,0,10,5,0,15,0,12,41,2,55,0,22,46,2,70,14,0,14,84
03/07/2014,LEB,NH,ANE,EN,Federal Contract Tower,0,14,9,0,23,0,9,36,0,45,0,23,45,0,68,78,0,78,146
03/08/2014,LEB,NH,ANE,EN,Federal Contract Tower,0,11,7,0,18,0,12,23,0,35,0,23,30,0,53,48,0,48,101
03/09/2014,LEB,NH,ANE,EN,Federal Contract Tower,0,9,6,0,15,0,11,41,0,52,0,20,47,0,67,24,0,24,91
03/10/2014,LEB,NH,ANE,EN,Federal Contract Tower,0,17,6,0,23,0,3,5,0,8,0,20,11,0,31,26,0,26,57
03/11/2014,LEB,NH,ANE,EN,Federal Contract Tower,0,14,9,0,23,0,12,27,4,43,0,26,36,4,66,48,6,54,120
03/12/2014,LEB,NH,ANE,EN,Federal Contract Tower,0,2,0,0,2,0,0,0,0,0,0,2,0,0,2,0,0,0,2
03/13/2014,LEB,NH,ANE,EN,Federal Contract Tower,0,7,7,0,14,0,2,10,0,12,0,9,17,0,26,12,0,12,38
03/14/2014,LEB,NH,ANE,EN,Federal Contract Tower,0,15,2,0,17,0,6,15,0,21,0,21,17,0,38,4,0,4,42
03/15/2014,LEB,NH,ANE,EN,Federal Contract Tower,0,10,3,0,13,0,3,5,0,8,0,13,8,0,21,0,0,0,21
03/16/2014,LEB,NH,ANE,EN,Federal Contract Tower,0,8,2,0,10,0,9,6,0,15,0,17,8,0,25,0,0,0,25
03/17/2014,LEB,NH,ANE,EN,Federal Contract Tower,0,2,5,0,7,0,15,12,0,27,0,17,17,0,34,66,0,66,100
03/18/2014,LEB,NH,ANE,EN,Federal Contract Tower,0,1,3,0,4,0,15,32,0,47,0,16,35,0,51,86,0,86,137
03/19/2014,LEB,NH,ANE,EN,Federal Contract Tower,0,9,1,0,10,0,9,13,0,22,0,18,14,0,32,34,0,34,66
03/20/2014,LEB,NH,ANE,EN,Federal Contract Tower,0,12,7,0,19,0,2,2,0,4,0,14,9,0,23,10,0,10,33
03/21/2014,LEB,NH,ANE,EN,Federal Contract Tower,0,13,6,0,19,0,5,5,0,10,0,18,11,0,29,4,0,4,33
03/22/2014,LEB,NH,ANE,EN,Federal Contract Tower,0,15,2,1,18,0,2,3,1,6,0,17,5,2,24,20,0,20,44
03/23/2014,LEB,NH,ANE,EN,Federal Contract Tower,0,12,3,0,15,0,3,9,0,12,0,15,12,0,27,24,0,24,51
03/24/2014,LEB,NH,ANE,EN,Federal Contract Tower,0,7,2,1,10,0,16,15,2,33,0,23,17,3,43,50,4,54,97
03/25/2014,LEB,NH,ANE,EN,Federal Contract Tower,0,7,6,0,13,0,9,15,0,24,0,16,21,0,37,16,0,16,53
03/26/2014,LEB,NH,ANE,EN,Federal Contract Tower,0,9,3,0,12,0,7,1,0,8,0,16,4,0,20,0,0,0,20
03/27/2014,LEB,NH,ANE,EN,Federal Contract Tower,0,12,10,1,23,0,16,38,1,55,0,28,48,2,78,22,0,22,100
03/28/2014,LEB,NH,ANE,EN,Federal Contract Tower,0,15,9,0,24,0,0,0,0,0,0,15,9,0,24,0,0,0,24
03/29/2014,LEB,NH,ANE,EN,Federal Contract Tower,0,12,5,0,17,0,9,25,0,34,0,21,30,0,51,6,0,6,57
03/30/2014,LEB,NH,ANE,EN,Federal Contract Tower,0,18,6,0,24,0,0,0,0,0,0,18,6,0,24,2,0,2,26
03/31/2014,LEB,NH,ANE,EN,Federal Contract Tower,0,20,5,0,25,0,10,3,0,13,0,30,8,0,38,0,0,0,38
04/01/2014,LEB,NH,ANE,EN,Federal Contract Tower,0,9,4,1,14,0,14,26,1,41,0,23,30,2,55,42,0,42,97
04/02/2014,LEB,NH,ANE,EN,Federal Contract Tower,0,10,4,0,14,0,17,27,0,44,0,27,31,0,58,24,0,24,82
04/03/2014,LEB,NH,ANE,EN,Federal Contract Tower,0,10,9,0,19,0,13,52,2,67,0,23,61,2,86,24,0,24,110
04/04/2014,LEB,NH,ANE,EN,Federal Contract Tower,0,23,5,0,28,0,7,18,0,25,0,30,23,0,53,26,0,26,79
04/05/2014,LEB,NH,ANE,EN,Federal Contract Tower,0,10,1,0,11,0,8,2,2,12,0,18,3,2,23,0,0,0,23
04/06/2014,LEB,NH,ANE,EN,Federal Contract Tower,0,12,7,0,19,0,11,21,1,33,0,23,28,1,52,26,0,26,78
04/07/2014,LEB,NH,ANE,EN,Federal Contract Tower,0,10,4,0,14,0,5,24,0,29,0,15,28,0,43,94,0,94,137
04/08/2014,LEB,NH,ANE,EN,Federal Contract Tower,0,18,8,0,26,0,0,6,0,6,0,18,14,0,32,42,0,42,74
04/09/2014,LEB,NH,ANE,EN,Federal Contract Tower,0,19,6,0,25,0,7,28,0,35,0,26,34,0,60,98,0,98,158
04/10/2014,LEB,NH,ANE,EN,Federal Contract Tower,0,9,10,0,19,0,19,21,0,40,0,28,31,0,59,50,0,50,109
04/11/2014,LEB,NH,ANE,EN,Federal Contract Tower,0,11,5,0,16,0,12,41,0,53,0,23,46,0,69,38,0,38,107
04/12/2014,LEB,NH,ANE,EN,Federal Contract Tower,0,13,4,2,19,0,12,27,0,39,0,25,31,2,58,58,0,58,116
04/13/2014,LEB,NH,ANE,EN,Federal Contract Tower,0,16,6,0,22,0,6,20,0,26,0,22,26,0,48,50,0,50,98
04/14/2014,LEB,NH,ANE,EN,Federal Contract Tower,0,24,1,0,25,0,9,12,0,21,0,33,13,0,46,20,0,20,66
04/15/2014,LEB,NH,ANE,EN,Federal Contract Tower,0,13,6,0,19,0,0,0,0,0,0,13,6,0,19,18,0,18,37
04/16/2014,LEB,NH,ANE,EN,Federal Contract Tower,0,12,7,0,19,0,13,19,0,32,0,25,26,0,51,66,0,66,117
04/17/2014,LEB,NH,ANE,EN,Federal Contract Tower,0,8,8,0,16,0,13,30,2,45,0,21,38,2,61,104,8,112,173
04/18/2014,LEB,NH,ANE,EN,Federal Contract Tower,0,21,12,0,33,0,14,35,0,49,0,35,47,0,82,88,0,88,170
04/19/2014,LEB,NH,ANE,EN,Federal Contract Tower,0,10,4,0,14,0,13,14,0,27,0,23,18,0,41,22,0,22,63
04/20/2014,LEB,NH,ANE,EN,Federal Contract Tower,0,10,8,0,18,0,16,34,0,50,0,26,42,0,68,10,0,10,78
04/21/2014,LEB,NH,ANE,EN,Federal Contract Tower,0,9,6,0,15,0,10,41,1,52,0,19,47,1,67,70,0,70,137
04/22/2014,LEB,NH,ANE,EN,Federal Contract Tower,0,11,4,0,15,0,10,22,0,32,0,21,26,0,47,28,0,28,75
04/23/2014,LEB,NH,ANE,EN,Federal Contract Tower,0,16,7,0,23,0,13,20,0,33,0,29,27,0,56,14,0,14,70
04/24/2014,LEB,NH,ANE,EN,Federal Contract Tower,0,10,8,1,19,0,14,10,0,24,0,24,18,1,43,8,2,10,53
04/25/2014,LEB,NH,ANE,EN,Federal Contract Tower,0,14,13,2,29,0,20,49,3,72,0,34,62,5,101,68,16,84,185
04/26/2014,LEB,NH,ANE,EN,Federal Contract Tower,0,17,9,0,26,0,0,0,0,0,0,17,9,0,26,0,0,0,26
04/27/2014,LEB,NH,ANE,EN,Federal Contract Tower,0,18,10,0,28,0,4,3,2,9,0,22,13,2,37,0,10,10,47
04/28/2014,LEB,NH,ANE,EN,Federal Contract Tower,0,12,3,0,15,0,1,20,4,25,0,13,23,4,40,62,12,74,114
04/29/2014,LEB,NH,ANE,EN,Federal Contract Tower,0,14,7,0,21,0,3,35,0,38,0,17,42,0,59,76,0,76,135
04/30/2014,LEB,NH,ANE,EN,Federal Contract Tower,0,16,4,0,20,0,0,0,0,0,0,16,4,0,20,0,0,0,20
05/01/2014,LEB,NH,ANE,EN,Federal Contract Tower,0,11,12,0,23,0,4,3,0,7,0,15,15,0,30,0,0,0,30
05/02/2014,LEB,NH,ANE,EN,Federal Contract Tower,0,20,13,0,33,0,18,49,0,67,0,38,62,0,100,64,0,64,164
05/03/2014,LEB,NH,ANE,EN,Federal Contract Tower,0,23,7,0,30,0,5,33,2,40,0,28,40,2,70,34,0,34,104
05/04/2014,LEB,NH,ANE,EN,Federal Contract Tower,0,20,15,0,35,0,2,5,0,7,0,22,20,0,42,0,0,0,42
05/05/2014,LEB,NH,ANE,EN,Federal Contract Tower,0,17,8,2,27,0,7,7,0,14,0,24,15,2,41,0,0,0,41
05/06/2014,LEB,NH,ANE,EN,Federal Contract Tower,0,6,5,3,14,0,17,12,0,29,0,23,17,3,43,14,2,16,59
05/07/2014,LEB,NH,ANE,EN,Federal Contract Tower,0,6,6,4,16,0,20,53,0,73,0,26,59,4,89,60,0,60,149
05/08/2014,LEB,NH,ANE,EN,Federal Contract Tower,0,6,8,0,14,0,26,32,2,60,0,32,40,2,74,18,0,18,92
05/09/2014,LEB,NH,ANE,EN,Federal Contract Tower,0,16,13,0,29,0,2,1,0,3,0,18,14,0,32,0,0,0,32
05/10/2014,LEB,NH,ANE,EN,Federal Contract Tower,0,21,6,0,27,0,7,11,0,18,0,28,17,0,45,0,0,0,45
05/11/2014,LEB,NH,ANE,EN,Federal Contract Tower,0,24,2,0,26,0,23,29,1,53,0,47,31,1,79,22,8,30,109
05/12/2014,LEB,NH,ANE,EN,Federal Contract Tower,0,7,9,0,16,0,30,40,1,71,0,37,49,1,87,64,0,64,151
05/13/2014,LEB,NH,ANE,EN,Federal Contract Tower,0,12,9,0,21,0,12,15,0,27,0,24,24,0,48,42,6,48,96
05/14/2014,LEB,NH,ANE,EN,Federal Contract Tower,0,13,9,0,22,0,8,25,6,39,0,21,34,6,61,12,0,12,73
05/15/2014,LEB,NH,ANE,EN,Federal Contract Tower,0,23,7,0,30,0,1,29,0,30,0,24,36,0,60,58,0,58,118
05/16/2014,LEB,NH,ANE,EN,Federal Contract Tower,0,21,13,0,34,0,0,0,0,0,0,21,13,0,34,0,0,0,34
05/17/2014,LEB,NH,ANE,EN,Federal Contract Tower,0,11,4,0,15,0,16,17,0,33,0,27,21,0,48,20,0,20,68
05/18/2014,LEB,NH,ANE,EN,Federal Contract Tower,0,9,5,1,15,0,27,28,6,61,0,36,33,7,76,6,4,10,86
05/19/2014,LEB,NH,ANE,EN,Federal Contract Tower,0,6,5,2,13,0,21,13,5,39,0,27,18,7,52,76,2,78,130
05/20/2014,LEB,NH,ANE,EN,Federal Contract Tower,0,7,6,2,15,0,18,25,0,43,0,25,31,2,58,98,0,98,156
05/21/2014,LEB,NH,ANE,EN,Federal Contract Tower,0,12,9,0,21,0,28,50,5,83,0,40,59,5,104,96,6,102,206
05/22/2014,LEB,NH,ANE,EN,Federal Contract Tower,0,11,18,0,29,0,6,4,0,10,0,17,22,0,39,83,0,83,122
05/23/2014,LEB,NH,ANE,EN,Federal Contract Tower,0,14,13,2,29,0,0,0,0,0,0,14,13,2,29,0,0,0,29
05/24/2014,LEB,NH,ANE,EN,Federal Contract Tower,0,17,3,0,20,0,0,6,0,6,0,17,9,0,26,24,0,24,50
05/25/2014,LEB,NH,ANE,EN,Federal Contract Tower,0,19,1,0,20,0,4,29,1,34,0,23,30,1,54,30,0,30,84
05/26/2014,LEB,NH,ANE,EN,Federal Contract Tower,0,12,9,0,21,0,9,15,0,24,0,21,24,0,45,18,0,18,63
05/27/2014,LEB,NH,ANE,EN,Federal Contract Tower,0,13,9,0,22,0,5,21,0,26,0,18,30,0,48,70,0,70,118
05/28/2014,LEB,NH,ANE,EN,Federal Contract Tower,0,15,15,0,30,0,3,18,0,21,0,18,33,0,51,88,0,88,139
05/29/2014,LEB,NH,ANE,EN,Federal Contract Tower,0,9,16,0,25,0,23,72,2,97,0,32,88,2,122,102,0,102,224
05/30/2014,LEB,NH,ANE,EN,Federal Contract Tower,0,22,5,0,27,0,6,15,0,21,0,28,20,0,48,0,0,0,48
05/31/2014,LEB,NH,ANE,EN,Federal Contract Tower,0,15,11,0,26,0,13,28,0,41,0,28,39,0,67,58,0,58,125
06/01/2014,LEB,NH,ANE,EN,Federal Contract Tower,0,12,21,0,33,0,13,46,0,59,0,25,67,0,92,38,0,38,130
06/02/2014,LEB,NH,ANE,EN,Federal Contract Tower,0,6,2,2,10,0,21,44,2,67,0,27,46,4,77,52,0,52,129
06/03/2014,LEB,NH,ANE,EN,Federal Contract Tower,0,7,5,0,12,0,13,24,0,37,0,20,29,0,49,22,0,22,71
06/04/2014,LEB,NH,ANE,EN,Federal Contract Tower,0,15,9,0,24,0,13,23,0,36,0,28,32,0,60,36,0,36,96
06/05/2014,LEB,NH,ANE,EN,Federal Contract Tower,0,25,18,0,43,0,10,41,0,51,0,35,59,0,94,64,0,64,158
06/06/2014,LEB,NH,ANE,EN,Federal Contract Tower,0,35,15,0,50,0,12,38,0,50,0,47,53,0,100,34,0,34,134
06/07/2014,LEB,NH,ANE,EN,Federal Contract Tower,0,13,15,0,28,0,34,38,9,81,0,47,53,9,109,14,0,14,123
06/08/2014,LEB,NH,ANE,EN,Federal Contract Tower,0,28,13,0,41,0,19,63,0,82,0,47,76,0,123,24,0,24,147
06/09/2014,LEB,NH,ANE,EN,Federal Contract Tower,0,16,17,0,33,0,17,18,0,35,0,33,35,0,68,0,0,0,68
06/10/2014,LEB,NH,ANE,EN,Federal Contract Tower,0,15,8,0,23,0,12,37,0,49,0,27,45,0,72,54,0,54,126
06/11/2014,LEB,NH,ANE,EN,Federal Contract Tower,0,21,16,0,37,0,10,27,0,37,0,31,43,0,74,16,0,16,90
06/12/2014,LEB,NH,ANE,EN,Federal Contract Tower,0,26,15,0,41,0,0,1,0,1,0,26,16,0,42,0,0,0,42
06/13/2014,LEB,NH,ANE,EN,Federal Contract Tower,0,21,17,0,38,0,0,0,0,0,0,21,17,0,38,0,0,0,38
06/14/2014,LEB,NH,ANE,EN,Federal Contract Tower,0,17,10,0,27,0,2,24,0,26,0,19,34,0,53,18,0,18,71
06/15/2014,LEB,NH,ANE,EN,Federal Contract Tower,0,16,13,0,29,0,18,25,0,43,0,34,38,0,72,8,0,8,80
06/16/2014,LEB,NH,ANE,EN,Federal Contract Tower,0,9,14,0,23,0,17,48,0,65,0,26,62,0,88,72,0,72,160
06/17/2014,LEB,NH,ANE,EN,Federal Contract Tower,0,11,10,0,21,0,14,34,0,48,0,25,44,0,69,76,0,76,145
06/18/2014,LEB,NH,ANE,EN,Federal Contract Tower,0,10,7,0,17,0,19,26,0,45,0,29,33,0,62,108,0,108,170
06/19/2014,LEB,NH,ANE,EN,Federal Contract Tower,0,6,8,0,14,0,13,33,0,46,0,19,41,0,60,72,0,72,132
06/20/2014,LEB,NH,ANE,EN,Federal Contract Tower,0,6,6,0,12,0,34,26,0,60,0,40,32,0,72,6,0,6,78
06/21/2014,LEB,NH,ANE,EN,Federal Contract Tower,0,5,6,0,11,0,13,45,0,58,0,18,51,0,69,18,0,18,87
06/22/2014,LEB,NH,ANE,EN,Federal Contract Tower,0,7,7,0,14,0,19,37,0,56,0,26,44,0,70,66,0,66,136
06/23/2014,LEB,NH,ANE,EN,Federal Contract Tower,0,8,13,1,22,0,14,51,1,66,0,22,64,2,88,24,0,24,112
06/24/2014,LEB,NH,ANE,EN,Federal Contract Tower,0,13,5,0,18,0,11,41,0,52,0,24,46,0,70,100,0,100,170
06/25/2014,LEB,NH,ANE,EN,Federal Contract Tower,0,23,3,0,26,0,3,18,0,21,0,26,21,0,47,68,0,68,115
06/26/2014,LEB,NH,ANE,EN,Federal Contract Tower,0,16,8,0,24,0,2,29,0,31,0,18,37,0,55,94,0,94,149
06/27/2014,LEB,NH,ANE,EN,Federal Contract Tower,0,12,9,0,21,0,12,44,1,57,0,24,53,1,78,50,0,50,128
06/28/2014,LEB,NH,ANE,EN,Federal Contract Tower,0,5,1,0,6,0,20,59,0,79,0,25,60,0,85,24,0,24,109
06/29/2014,LEB,NH,ANE,EN,Federal Contract Tower,0,7,5,0,12,0,11,34,0,45,0,18,39,0,57,32,0,32,89
06/30/2014,LEB,NH,ANE,EN,Federal Contract Tower,0,8,6,0,14,0,11,33,0,44,0,19,39,0,58,38,0,38,96
07/01/2014,LEB,NH,ANE,EN,Federal Contract Tower,0,12,4,0,16,0,8,36,3,47,0,20,40,3,63,58,0,58,121
07/02/2014,LEB,NH,ANE,EN,Federal Contract Tower,0,6,8,0,14,0,7,25,0,32,0,13,33,0,46,90,0,90,136
07/03/2014,LEB,NH,ANE,EN,Federal Contract Tower,0,13,15,0,28,0,5,33,0,38,0,18,48,0,66,34,0,34,100
07/04/2014,LEB,NH,ANE,EN,Federal Contract Tower,0,19,5,0,24,0,2,1,0,3,0,21,6,0,27,0,0,0,27
07/05/2014,LEB,NH,ANE,EN,Federal Contract Tower,0,7,3,0,10,0,18,16,0,34,0,25,19,0,44,14,0,14,58
07/06/2014,LEB,NH,ANE,EN,Federal Contract Tower,0,7,7,0,14,0,22,43,2,67,0,29,50,2,81,4,0,4,85
07/07/2014,LEB,NH,ANE,EN,Federal Contract Tower,0,8,8,0,16,0,8,9,0,17,0,16,17,0,33,0,0,0,33
07/08/2014,LEB,NH,ANE,EN,Federal Contract Tower,0,5,10,0,15,0,23,13,0,36,0,28,23,0,51,4,0,4,55
07/09/2014,LEB,NH,ANE,EN,Federal Contract Tower,0,6,8,1,15,0,18,36,2,56,0,24,44,3,71,22,0,22,93
07/10/2014,LEB,NH,ANE,EN,Federal Contract Tower,0,3,15,1,19,0,20,64,2,86,0,23,79,3,105,64,4,68,173
07/11/2014,LEB,NH,ANE,EN,Federal Contract Tower,0,12,10,0,22,0,16,57,0,73,0,28,67,0,95,46,0,46,141
07/12/2014,LEB,NH,ANE,EN,Federal Contract Tower,0,7,9,0,16,0,26,30,0,56,0,33,39,0,72,38,0,38,110
07/13/2014,LEB,NH,ANE,EN,Federal Contract Tower,0,11,5,0,16,0,9,22,0,31,0,20,27,0,47,0,0,0,47
07/14/2014,LEB,NH,ANE,EN,Federal Contract Tower,0,8,13,0,21,0,16,10,0,26,0,24,23,0,47,46,0,46,93
07/15/2014,LEB,NH,ANE,EN,Federal Contract Tower,0,5,7,6,18,0,14,12,0,26,0,19,19,6,44,14,0,14,58
07/16/2014,LEB,NH,ANE,EN,Federal Contract Tower,0,15,10,0,25,0,16,43,0,59,0,31,53,0,84,46,0,46,130
07/17/2014,LEB,NH,ANE,EN,Federal Contract Tower,0,11,10,0,21,0,9,57,1,67,0,20,67,1,88,86,4,90,178
07/18/2014,LEB,NH,ANE,EN,Federal Contract Tower,0,17,5,0,22,0,14,47,0,61,0,31,52,0,83,62,0,62,145
07/19/2014,LEB,NH,ANE,EN,Federal Contract Tower,0,19,4,2,25,0,12,29,0,41,0,31,33,2,66,0,0,0,66
07/20/2014,LEB,NH,ANE,EN,Federal Contract Tower,0,15,4,0,19,0,24,28,0,52,0,39,32,0,71,26,0,26,97
07/21/2014,LEB,NH,ANE,EN,Federal Contract Tower,0,12,11,0,23,0,18,32,0,50,0,30,43,0,73,38,0,38,111
07/22/2014,LEB,NH,ANE,EN,Federal Contract Tower,0,11,7,3,21,0,16,41,3,60,0,27,48,6,81,60,2,62,143
07/23/2014,LEB,NH,ANE,EN,Federal Contract Tower,0,13,4,0,17,0,9,29,2,40,0,22,33,2,57,8,8,16,73
07/24/2014,LEB,NH,ANE,EN,Federal Contract Tower,0,14,15,0,29,0,5,51,0,56,0,19,66,0,85,34,0,34,119
07/25/2014,LEB,NH,ANE,EN,Federal Contract Tower,0,27,15,1,43,0,19,39,1,59,0,46,54,2,102,20,0,20,122
07/26/2014,LEB,NH,ANE,EN,Federal Contract Tower,0,14,12,0,26,0,16,50,3,69,0,30,62,3,95,0,0,0,95
07/27/2014,LEB,NH,ANE,EN,Federal Contract Tower,0,30,17,0,47,0,11,5,0,16,0,41,22,0,63,0,0,0,63
07/28/2014,LEB,NH,ANE,EN,Federal Contract Tower,0,11,7,0,18,0,1,1,0,2,0,12,8,0,20,34,0,34,54
07/29/2014,LEB,NH,ANE,EN,Federal Contract Tower,0,9,13,2,24,0,21,44,4,69,0,30,57,6,93,106,4,110,203
07/30/2014,LEB,NH,ANE,EN,Federal Contract Tower,0,12,8,0,20,0,20,51,4,75,0,32,59,4,95,120,8,128,223
07/31/2014,LEB,NH,ANE,EN,Federal Contract Tower,0,11,7,0,18,0,12,15,0,27,0,23,22,0,45,26,0,26,71
08/01/2014,LEB,NH,ANE,EN,Federal Contract Tower,0,14,9,2,25,0,6,20,0,26,0,20,29,2,51,6,0,6,57
08/02/2014,LEB,NH,ANE,EN,Federal Contract Tower,0,12,14,0,26,0,17,18,2,37,0,29,32,2,63,26,0,26,89
08/03/2014,LEB,NH,ANE,EN,Federal Contract Tower,0,7,15,0,22,0,14,19,2,35,0,21,34,2,57,8,0,8,65
08/04/2014,LEB,NH,ANE,EN,Federal Contract Tower,0,9,18,0,27,0,22,20,0,42,0,31,38,0,69,2,0,2,71
08/05/2014,LEB,NH,ANE,EN,Federal Contract Tower,0,11,14,0,25,0,8,34,0,42,0,19,48,0,67,28,0,28,95
08/06/2014,LEB,NH,ANE,EN,Federal Contract Tower,0,16,24,0,40,0,11,52,1,64,0,27,76,1,104,28,0,28,132
08/07/2014,LEB,NH,ANE,EN,Federal Contract Tower,0,11,28,0,39,0,9,26,0,35,0,20,54,0,74,24,0,24,98
08/08/2014,LEB,NH,ANE,EN,Federal Contract Tower,0,12,29,0,41,0,13,42,0,55,0,25,71,0,96,52,0,52,148
08/09/2014,LEB,NH,ANE,EN,Federal Contract Tower,0,7,7,0,14,0,19,41,3,63,0,26,48,3,77,28,0,28,105
08/10/2014,LEB,NH,ANE,EN,Federal Contract Tower,0,6,7,0,13,0,20,40,1,61,0,26,47,1,74,16,0,16,90
08/11/2014,LEB,NH,ANE,EN,Federal Contract Tower,0,9,4,3,16,0,11,16,0,27,0,20,20,3,43,2,4,6,49
08/12/2014,LEB,NH,ANE,EN,Federal Contract Tower,0,14,19,1,34,0,21,14,0,35,0,35,33,1,69,8,4,12,81
08/13/2014,LEB,NH,ANE,EN,Federal Contract Tower,0,16,8,0,24,0,0,0,0,0,0,16,8,0,24,0,0,0,24
08/14/2014,LEB,NH,ANE,EN,Federal Contract Tower,0,9,12,0,21,0,12,32,0,44,0,21,44,0,65,0,0,0,65
08/15/2014,LEB,NH,ANE,EN,Federal Contract Tower,0,19,13,0,32,0,7,22,0,29,0,26,35,0,61,44,0,44,105
08/16/2014,LEB,NH,ANE,EN,Federal Contract Tower,0,5,11,0,16,0,16,44,2,62,0,21,55,2,78,16,0,16,94
08/17/2014,LEB,NH,ANE,EN,Federal Contract Tower,0,13,11,0,24,0,13,8,0,21,0,26,19,0,45,6,0,6,51
08/18/2014,LEB,NH,ANE,EN,Federal Contract Tower,0,12,4,0,16,0,13,22,0,35,0,25,26,0,51,32,0,32,83
08/19/2014,LEB,NH,ANE,EN,Federal Contract Tower,0,6,7,0,13,0,13,60,2,75,0,19,67,2,88,92,0,92,180
08/20/2014,LEB,NH,ANE,EN,Federal Contract Tower,0,9,7,0,16,0,21,31,0,52,0,30,38,0,68,72,0,72,140
08/21/2014,LEB,NH,ANE,EN,Federal Contract Tower,0,16,17,0,33,0,3,12,0,15,0,19,29,0,48,84,0,84,132
08/22/2014,LEB,NH,ANE,EN,Federal Contract Tower,0,21,6,0,27,0,0,2,0,2,0,21,8,0,29,22,0,22,51
08/23/2014,LEB,NH,ANE,EN,Federal Contract Tower,0,19,12,0,31,0,9,31,0,40,0,28,43,0,71,20,0,20,91
08/24/2014,LEB,NH,ANE,EN,Federal Contract Tower,0,11,8,0,19,0,17,30,0,47,0,28,38,0,66,4,0,4,70
08/25/2014,LEB,NH,ANE,EN,Federal Contract Tower,0,6,14,0,20,0,20,21,2,43,0,26,35,2,63,34,0,34,97
08/26/2014,LEB,NH,ANE,EN,Federal Contract Tower,0,6,7,0,13,0,15,16,0,31,0,21,23,0,44,32,0,32,76
08/27/2014,LEB,NH,ANE,EN,Federal Contract Tower,0,6,7,4,17,0,9,43,4,56,0,15,50,8,73,30,4,34,107
08/28/2014,LEB,NH,ANE,EN,Federal Contract Tower,0,8,9,0,17,0,11,17,0,28,0,19,26,0,45,2,0,2,47
08/29/2014,LEB,NH,ANE,EN,Federal Contract Tower,0,14,14,0,28,0,16,40,2,58,0,30,54,2,86,38,0,38,124
08/30/2014,LEB,NH,ANE,EN,Federal Contract Tower,0,3,10,0,13,0,17,51,0,68,0,20,61,0,81,16,8,24,105
08/31/2014,LEB,NH,ANE,EN,Federal Contract Tower,0,18,2,0,20,0,9,4,0,13,0,27,6,0,33,0,0,0,33
09/01/2014,LEB,NH,ANE,EN,Federal Contract Tower,0,18,16,1,35,0,19,25,2,46,0,37,41,3,81,6,0,6,87
09/02/2014,LEB,NH,ANE,EN,Federal Contract Tower,0,13,12,0,25,0,12,14,2,28,0,25,26,2,53,34,0,34,87
09/03/2014,LEB,NH,ANE,EN,Federal Contract Tower,0,9,13,1,23,0,24,53,7,84,0,33,66,8,107,44,2,46,153
09/04/2014,LEB,NH,ANE,EN,Federal Contract Tower,0,6,6,0,12,0,16,43,0,59,0,22,49,0,71,24,0,24,95
09/05/2014,LEB,NH,ANE,EN,Federal Contract Tower,0,15,9,0,24,0,13,50,0,63,0,28,59,0,87,28,0,28,115
09/06/2014,LEB,NH,ANE,EN,Federal Contract Tower,0,9,7,0,16,0,9,15,1,25,0,18,22,1,41,14,0,14,55
09/07/2014,LEB,NH,ANE,EN,Federal Contract Tower,0,5,10,0,15,0,19,42,0,61,0,24,52,0,76,6,0,6,82
09/08/2014,LEB,NH,ANE,EN,Federal Contract Tower,0,7,17,0,24,0,13,24,2,39,0,20,41,2,63,6,0,6,69
09/09/2014,LEB,NH,ANE,EN,Federal Contract Tower,0,7,12,4,23,0,10,48,4,62,0,17,60,8,85,48,0,48,133
09/10/2014,LEB,NH,ANE,EN,Federal Contract Tower,0,15,15,0,30,0,25,36,0,61,0,40,51,0,91,60,0,60,151
09/11/2014,LEB,NH,ANE,EN,Federal Contract Tower,0,27,16,0,43,0,0,1,0,1,0,27,17,0,44,0,0,0,44
09/12/2014,LEB,NH,ANE,EN,Federal Contract Tower,0,13,11,0,24,0,10,17,1,28,0,23,28,1,52,22,0,22,74
09/13/2014,LEB,NH,ANE,EN,Federal Contract Tower,0,16,8,0,24,0,10,3,0,13,0,26,11,0,37,0,0,0,37
09/14/2014,LEB,NH,ANE,EN,Federal Contract Tower,0,17,20,0,37,0,21,29,0,50,0,38,49,0,87,18,0,18,105
09/15/2014,LEB,NH,ANE,EN,Federal Contract Tower,0,14,4,1,19,0,18,18,1,37,0,32,22,2,56,66,0,66,122
09/16/2014,LEB,NH,ANE,EN,Federal Contract Tower,0,19,9,0,28,0,7,19,0,26,0,26,28,0,54,130,0,130,184
09/17/2014,LEB,NH,ANE,EN,Federal Contract Tower,0,8,5,0,13,0,18,56,3,77,0,26,61,3,90,98,0,98,188
09/18/2014,LEB,NH,ANE,EN,Federal Contract Tower,0,15,11,1,27,0,16,33,0,49,0,31,44,1,76,46,6,52,128
09/19/2014,LEB,NH,ANE,EN,Federal Contract Tower,0,14,16,0,30,0,18,62,3,83,0,32,78,3,113,124,0,124,237
09/20/2014,LEB,NH,ANE,EN,Federal Contract Tower,0,14,19,0,33,0,21,37,0,58,0,35,56,0,91,40,0,40,131
09/21/2014,LEB,NH,ANE,EN,Federal Contract Tower,0,16,10,0,26,0,9,10,0,19,0,25,20,0,45,0,0,0,45
09/22/2014,LEB,NH,ANE,EN,Federal Contract Tower,0,14,10,0,24,0,15,13,2,30,0,29,23,2,54,4,0,4,58
09/23/2014,LEB,NH,ANE,EN,Federal Contract Tower,0,8,5,0,13,0,15,18,6,39,0,23,23,6,52,52,0,52,104
09/24/2014,LEB,NH,ANE,EN,Federal Contract Tower,0,15,14,0,29,0,8,39,0,47,0,23,53,0,76,38,0,38,114
09/25/2014,LEB,NH,ANE,EN,Federal Contract Tower,0,18,8,0,26,0,6,33,0,39,0,24,41,0,65,38,0,38,103
09/26/2014,LEB,NH,ANE,EN,Federal Contract Tower,0,14,13,0,27,0,12,37,1,50,0,26,50,1,77,54,0,54,131
09/27/2014,LEB,NH,ANE,EN,Federal Contract Tower,0,8,10,0,18,0,30,146,0,176,0,38,156,0,194,8,0,8,202
09/28/2014,LEB,NH,ANE,EN,Federal Contract Tower,0,18,10,1,29,0,24,60,2,86,0,42,70,3,115,44,10,54,169
09/29/2014,LEB,NH,ANE,EN,Federal Contract Tower,0,4,14,0,18,0,17,15,0,32,0,21,29,0,50,42,0,42,92
09/30/2014,LEB,NH,ANE,EN,Federal Contract Tower,0,18,6,1,25,0,2,13,0,15,0,20,19,1,40,8,2,10,50
10/01/2014,LEB,NH,ANE,EN,Federal Contract Tower,0,15,22,1,38,0,6,1,0,7,0,21,23,1,45,0,0,0,45
10/02/2014,LEB,NH,ANE,EN,Federal Contract Tower,0,17,24,0,41,0,10,31,2,43,0,27,55,2,84,36,0,36,120
10/03/2014,LEB,NH,ANE,EN,Federal Contract Tower,0,17,21,0,38,0,15,39,0,54,0,32,60,0,92,24,0,24,116
10/04/2014,LEB,NH,ANE,EN,Federal Contract Tower,0,26,12,0,38,0,0,0,0,0,0,26,12,0,38,0,0,0,38
10/05/2014,LEB,NH,ANE,EN,Federal Contract Tower,0,18,11,0,29,0,21,42,2,65,0,39,53,2,94,0,2,2,96
10/06/2014,LEB,NH,ANE,EN,Federal Contract Tower,0,6,10,0,16,0,18,34,0,52,0,24,44,0,68,8,0,8,76
10/07/2014,LEB,NH,ANE,EN,Federal Contract Tower,0,22,15,0,37,0,13,4,0,17,0,35,19,0,54,6,0,6,60
10/08/2014,LEB,NH,ANE,EN,Federal Contract Tower,0,18,13,2,33,0,13,17,0,30,0,31,30,2,63,10,0,10,73
10/09/2014,LEB,NH,ANE,EN,Federal Contract Tower,0,17,20,0,37,0,3,47,1,51,0,20,67,1,88,8,0,8,96
10/10/2014,LEB,NH,ANE,EN,Federal Contract Tower,0,19,15,0,34,0,14,36,2,52,0,33,51,2,86,22,0,22,108
10/11/2014,LEB,NH,ANE,EN,Federal Contract Tower,0,18,11,0,29,0,10,25,0,35,0,28,36,0,64,12,0,12,76
10/12/2014,LEB,NH,ANE,EN,Federal Contract Tower,0,15,2,0,17,0,31,50,0,81,0,46,52,0,98,78,2,80,178
10/13/2014,LEB,NH,ANE,EN,Federal Contract Tower,0,21,23,0,44,0,3,20,0,23,0,24,43,0,67,52,0,52,119
10/14/2014,LEB,NH,ANE,EN,Federal Contract Tower,0,15,9,0,24,0,12,20,0,32,0,27,29,0,56,52,0,52,108
10/15/2014,LEB,NH,ANE,EN,Federal Contract Tower,0,25,8,0,33,0,4,23,0,27,0,29,31,0,60,42,0,42,102
10/16/2014,LEB,NH,ANE,EN,Federal Contract Tower,0,27,15,0,42,0,0,4,0,4,0,27,19,0,46,0,0,0,46
10/17/2014,LEB,NH,ANE,EN,Federal Contract Tower,0,34,15,0,49,0,8,58,0,66,0,42,73,0,115,68,0,68,183
10/18/2014,LEB,NH,ANE,EN,Federal Contract Tower,0,26,20,0,46,0,10,1,0,11,0,36,21,0,57,0,0,0,57
10/19/2014,LEB,NH,ANE,EN,Federal Contract Tower,0,27,15,0,42,0,5,16,0,21,0,32,31,0,63,18,0,18,81
10/20/2014,LEB,NH,ANE,EN,Federal Contract Tower,0,7,8,0,15,0,12,45,0,57,0,19,53,0,72,98,0,98,170
10/21/2014,LEB,NH,ANE,EN,Federal Contract Tower,0,16,9,0,25,0,1,1,0,2,0,17,10,0,27,0,0,0,27
10/22/2014,LEB,NH,ANE,EN,Federal Contract Tower,0,15,4,0,19,0,2,2,0,4,0,17,6,0,23,8,0,8,31
10/23/2014,LEB,NH,ANE,EN,Federal Contract Tower,0,19,17,0,36,0,0,0,0,0,0,19,17,0,36,0,0,0,36
10/24/2014,LEB,NH,ANE,EN,Federal Contract Tower,0,25,20,0,45,0,2,4,0,6,0,27,24,0,51,0,0,0,51
10/25/2014,LEB,NH,ANE,EN,Federal Contract Tower,0,8,8,0,16,0,18,50,0,68,0,26,58,0,84,40,10,50,134
10/26/2014,LEB,NH,ANE,EN,Federal Contract Tower,0,18,14,0,32,0,4,6,0,10,0,22,20,0,42,0,0,0,42
10/27/2014,LEB,NH,ANE,EN,Federal Contract Tower,0,7,12,1,20,0,18,34,2,54,0,25,46,3,74,4,0,4,78
10/28/2014,LEB,NH,ANE,EN,Federal Contract Tower,0,13,5,0,18,0,12,6,0,18,0,25,11,0,36,0,8,8,44
10/29/2014,LEB,NH,ANE,EN,Federal Contract Tower,0,17,11,0,28,0,3,1,0,4,0,20,12,0,32,0,0,0,32
10/30/2014,LEB,NH,ANE,EN,Federal Contract Tower,0,8,12,0,20,0,9,19,0,28,0,17,31,0,48,26,0,26,74
10/31/2014,LEB,NH,ANE,EN,Federal Contract Tower,0,12,9,0,21,0,5,37,0,42,0,17,46,0,63,36,0,36,99
11/01/2014,LEB,NH,ANE,EN,Federal Contract Tower,0,15,13,0,28,0,0,2,0,2,0,15,15,0,30,0,0,0,30
11/02/2014,LEB,NH,ANE,EN,Federal Contract Tower,0,7,18,0,25,0,8,5,0,13,0,15,23,0,38,0,0,0,38
11/03/2014,LEB,NH,ANE,EN,Federal Contract Tower,0,10,8,0,18,0,13,38,2,53,0,23,46,2,71,66,4,70,141
11/04/2014,LEB,NH,ANE,EN,Federal Contract Tower,0,16,4,0,20,0,18,45,1,64,0,34,49,1,84,156,2,158,242
11/05/2014,LEB,NH,ANE,EN,Federal Contract Tower,0,3,5,0,8,0,13,32,0,45,0,16,37,0,53,68,0,68,121
11/06/2014,LEB,NH,ANE,EN,Federal Contract Tower,0,21,12,0,33,0,8,25,0,33,0,29,37,0,66,76,0,76,142
11/07/2014,LEB,NH,ANE,EN,Federal Contract Tower,0,23,9,2,34,0,0,4,0,4,0,23,13,2,38,34,0,34,72
11/08/2014,LEB,NH,ANE,EN,Federal Contract Tower,0,11,5,0,16,0,16,43,3,62,0,27,48,3,78,22,0,22,100
11/09/2014,LEB,NH,ANE,EN,Federal Contract Tower,0,15,6,0,21,0,9,28,0,37,0,24,34,0,58,36,0,36,94
11/10/2014,LEB,NH,ANE,EN,Federal Contract Tower,0,18,10,1,29,0,10,32,0,42,0,28,42,1,71,10,2,12,83
11/11/2014,LEB,NH,ANE,EN,Federal Contract Tower,0,11,8,2,21,0,11,10,1,22,0,22,18,3,43,2,2,4,47
11/12/2014,LEB,NH,ANE,EN,Federal Contract Tower,0,13,4,1,18,0,16,20,1,37,0,29,24,2,55,10,0,10,65
11/13/2014,LEB,NH,ANE,EN,Federal Contract Tower,0,15,13,0,28,0,21,32,0,53,0,36,45,0,81,4,0,4,85
11/14/2014,LEB,NH,ANE,EN,Federal Contract Tower,0,32,14,0,46,0,6,5,0,11,0,38,19,0,57,0,0,0,57
11/15/2014,LEB,NH,ANE,EN,Federal Contract Tower,0,11,5,0,16,0,17,35,2,54,0,28,40,2,70,26,0,26,96
11/16/2014,LEB,NH,ANE,EN,Federal Contract Tower,0,17,5,0,22,0,4,13,0,17,0,21,18,0,39,8,0,8,47
11/17/2014,LEB,NH,ANE,EN,Federal Contract Tower,0,12,6,0,18,0,0,0,0,0,0,12,6,0,18,0,0,0,18
11/18/2014,LEB,NH,ANE,EN,Federal Contract Tower,0,11,6,0,17,0,9,4,0,13,0,20,10,0,30,4,0,4,34
11/19/2014,LEB,NH,ANE,EN,Federal Contract Tower,0,9,12,0,21,0,15,39,0,54,0,24,51,0,75,38,0,38,113
11/20/2014,LEB,NH,ANE,EN,Federal Contract Tower,0,17,6,0,23,0,15,8,2,25,0,32,14,2,48,2,0,2,50
11/21/2014,LEB,NH,ANE,EN,Federal Contract Tower,0,14,3,0,17,0,4,7,2,13,0,18,10,2,30,0,0,0,30
11/22/2014,LEB,NH,ANE,EN,Federal Contract Tower,0,12,8,0,20,0,9,31,0,40,0,21,39,0,60,38,0,38,98
11/23/2014,LEB,NH,ANE,EN,Federal Contract Tower,0,17,3,0,20,0,6,0,0,6,0,23,3,0,26,10,0,10,36
11/24/2014,LEB,NH,ANE,EN,Federal Contract Tower,0,21,8,0,29,0,8,0,0,8,0,29,8,0,37,0,0,0,37
11/25/2014,LEB,NH,ANE,EN,Federal Contract Tower,0,13,16,0,29,0,22,20,2,44,0,35,36,2,73,14,0,14,87
11/26/2014,LEB,NH,ANE,EN,Federal Contract Tower,0,7,14,0,21,0,2,0,0,2,0,9,14,0,23,0,0,0,23
11/27/2014,LEB,NH,ANE,EN,Federal Contract Tower,0,13,7,0,20,0,6,1,0,7,0,19,8,0,27,0,0,0,27
11/28/2014,LEB,NH,ANE,EN,Federal Contract Tower,0,13,9,0,22,0,6,3,0,9,0,19,12,0,31,6,0,6,37
11/29/2014,LEB,NH,ANE,EN,Federal Contract Tower,0,12,10,1,23,0,23,33,6,62,0,35,43,7,85,8,0,8,93
11/30/2014,LEB,NH,ANE,EN,Federal Contract Tower,0,15,15,0,30,0,1,5,0,6,0,16,20,0,36,0,0,0,36
12/01/2014,LEB,NH,ANE,EN,Federal Contract Tower,0,11,13,0,24,0,2,8,2,12,0,13,21,2,36,12,6,18,54
12/02/2014,LEB,NH,ANE,EN,Federal Contract Tower,0,13,3,0,16,0,5,12,0,17,0,18,15,0,33,30,0,30,63
12/03/2014,LEB,NH,ANE,EN,Federal Contract Tower,0,16,6,0,22,0,0,0,0,0,0,16,6,0,22,0,0,0,22
12/04/2014,LEB,NH,ANE,EN,Federal Contract Tower,0,15,8,2,25,0,5,9,0,14,0,20,17,2,39,2,0,2,41
12/05/2014,LEB,NH,ANE,EN,Federal Contract Tower,0,16,7,0,23,0,2,27,0,29,0,18,34,0,52,0,0,0,52
12/06/2014,LEB,NH,ANE,EN,Federal Contract Tower,0,1,0,0,1,0,0,0,0,0,0,1,0,0,1,0,0,0,1
12/07/2014,LEB,NH,ANE,EN,Federal Contract Tower,0,8,0,0,8,0,10,10,0,20,0,18,10,0,28,8,0,8,36
12/09/2014,LEB,NH,ANE,EN,Federal Contract Tower,0,1,0,0,1,0,0,0,0,0,0,1,0,0,1,0,0,0,1
12/10/2014,LEB,NH,ANE,EN,Federal Contract Tower,0,12,3,0,15,0,0,0,0,0,0,12,3,0,15,0,0,0,15
12/11/2014,LEB,NH,ANE,EN,Federal Contract Tower,0,13,8,0,21,0,0,0,0,0,0,13,8,0,21,0,0,0,21
12/12/2014,LEB,NH,ANE,EN,Federal Contract Tower,0,14,15,0,29,0,3,12,0,15,0,17,27,0,44,12,0,12,56
12/13/2014,LEB,NH,ANE,EN,Federal Contract Tower,0,16,5,0,21,0,13,5,1,19,0,29,10,1,40,50,0,50,90
12/14/2014,LEB,NH,ANE,EN,Federal Contract Tower,0,17,8,0,25,0,0,10,0,10,0,17,18,0,35,20,0,20,55
12/15/2014,LEB,NH,ANE,EN,Federal Contract Tower,0,19,13,0,32,0,9,9,0,18,0,28,22,0,50,94,0,94,144
12/16/2014,LEB,NH,ANE,EN,Federal Contract Tower,0,18,7,0,25,0,2,7,0,9,0,20,14,0,34,60,0,60,94
12/17/2014,LEB,NH,ANE,EN,Federal Contract Tower,0,14,6,0,20,0,0,0,0,0,0,14,6,0,20,0,0,0,20
12/18/2014,LEB,NH,ANE,EN,Federal Contract Tower,0,19,10,0,29,0,0,7,0,7,0,19,17,0,36,4,0,4,40
12/19/2014,LEB,NH,ANE,EN,Federal Contract Tower,0,15,5,0,20,0,0,4,0,4,0,15,9,0,24,10,0,10,34
12/20/2014,LEB,NH,ANE,EN,Federal Contract Tower,0,15,8,0,23,0,8,34,0,42,0,23,42,0,65,12,0,12,77
12/21/2014,LEB,NH,ANE,EN,Federal Contract Tower,0,15,3,0,18,0,1,0,0,1,0,16,3,0,19,0,0,0,19
12/22/2014,LEB,NH,ANE,EN,Federal Contract Tower,0,14,5,0,19,0,6,9,0,15,0,20,14,0,34,34,0,34,68
12/23/2014,LEB,NH,ANE,EN,Federal Contract Tower,0,13,6,0,19,0,0,0,0,0,0,13,6,0,19,0,0,0,19
12/24/2014,LEB,NH,ANE,EN,Federal Contract Tower,0,8,1,0,9,0,0,0,0,0,0,8,1,0,9,0,0,0,9
12/25/2014,LEB,NH,ANE,EN,Federal Contract Tower,0,7,2,0,9,0,5,2,0,7,0,12,4,0,16,0,0,0,16
12/26/2014,LEB,NH,ANE,EN,Federal Contract Tower,0,13,9,0,22,0,10,8,0,18,0,23,17,0,40,10,0,10,50
12/27/2014,LEB,NH,ANE,EN,Federal Contract Tower,0,12,16,0,28,0,8,34,0,42,0,20,50,0,70,60,0,60,130
12/28/2014,LEB,NH,ANE,EN,Federal Contract Tower,0,19,4,0,23,0,7,17,0,24,0,26,21,0,47,18,0,18,65
12/29/2014,LEB,NH,ANE,EN,Federal Contract Tower,0,8,5,0,13,0,11,12,0,23,0,19,17,0,36,0,0,0,36
12/30/2014,LEB,NH,ANE,EN,Federal Contract Tower,0,7,3,0,10,0,15,20,0,35,0,22,23,0,45,38,0,38,83
12/31/2014,LEB,NH,ANE,EN,Federal Contract Tower,0,15,3,0,18,0,7,19,4,30,0,22,22,4,48,22,12,34,82
01/01/2015,LEB,NH,ANE,EN,Federal Contract Tower,0,10,1,0,11,0,12,17,0,29,0,22,18,0,40,0,0,0,40
01/02/2015,LEB,NH,ANE,EN,Federal Contract Tower,0,15,3,0,18,0,1,8,0,9,0,16,11,0,27,20,0,20,47
01/03/2015,LEB,NH,ANE,EN,Federal Contract Tower,0,16,8,0,24,0,0,20,0,20,0,16,28,0,44,26,0,26,70
01/04/2015,LEB,NH,ANE,EN,Federal Contract Tower,0,14,7,0,21,0,0,0,0,0,0,14,7,0,21,0,0,0,21
01/05/2015,LEB,NH,ANE,EN,Federal Contract Tower,0,12,9,0,21,0,8,3,0,11,0,20,12,0,32,16,0,16,48
01/06/2015,LEB,NH,ANE,EN,Federal Contract Tower,0,13,2,0,15,0,7,2,3,12,0,20,4,3,27,12,0,12,39
01/07/2015,LEB,NH,ANE,EN,Federal Contract Tower,0,16,11,0,27,0,6,17,0,23,0,22,28,0,50,46,0,46,96
01/08/2015,LEB,NH,ANE,EN,Federal Contract Tower,0,6,9,0,15,0,15,18,0,33,0,21,27,0,48,44,0,44,92
01/09/2015,LEB,NH,ANE,EN,Federal Contract Tower,0,12,6,0,18,0,2,4,0,6,0,14,10,0,24,0,0,0,24
01/10/2015,LEB,NH,ANE,EN,Federal Contract Tower,0,6,3,0,9,0,20,28,2,50,0,26,31,2,59,48,0,48,107
01/11/2015,LEB,NH,ANE,EN,Federal Contract Tower,0,8,4,2,14,0,18,13,2,33,0,26,17,4,47,0,0,0,47
01/12/2015,LEB,NH,ANE,EN,Federal Contract Tower,0,10,1,0,11,0,0,0,0,0,0,10,1,0,11,0,0,0,11
01/13/2015,LEB,NH,ANE,EN,Federal Contract Tower,0,8,6,1,15,0,13,11,0,24,0,21,17,1,39,10,2,12,51
01/14/2015,LEB,NH,ANE,EN,Federal Contract Tower,0,16,6,0,22,0,13,22,1,36,0,29,28,1,58,14,0,14,72
01/15/2015,LEB,NH,ANE,EN,Federal Contract Tower,0,17,7,0,24,0,8,9,0,17,0,25,16,0,41,20,0,20,61
01/16/2015,LEB,NH,ANE,EN,Federal Contract Tower,0,15,12,0,27,0,0,1,0,1,0,15,13,0,28,6,0,6,34
01/17/2015,LEB,NH,ANE,EN,Federal Contract Tower,0,16,13,0,29,0,8,19,2,29,0,24,32,2,58,24,0,24,82
01/18/2015,LEB,NH,ANE,EN,Federal Contract Tower,0,12,4,0,16,0,0,0,0,0,0,12,4,0,16,0,0,0,16
01/19/2015,LEB,NH,ANE,EN,Federal Contract Tower,0,22,8,0,30,0,0,2,0,2,0,22,10,0,32,18,0,18,50
01/20/2015,LEB,NH,ANE,EN,Federal Contract Tower,0,15,4,0,19,0,14,17,0,31,0,29,21,0,50,18,2,20,70
01/21/2015,LEB,NH,ANE,EN,Federal Contract Tower,0,9,5,2,16,0,10,27,0,37,0,19,32,2,53,42,0,42,95
01/22/2015,LEB,NH,ANE,EN,Federal Contract Tower,0,14,8,0,22,0,17,22,4,43,0,31,30,4,65,40,0,40,105
01/23/2015,LEB,NH,ANE,EN,Federal Contract Tower,0,17,7,0,24,0,8,18,0,26,0,25,25,0,50,14,0,14,64
01/24/2015,LEB,NH,ANE,EN,Federal Contract Tower,0,9,1,0,10,0,4,0,0,4,0,13,1,0,14,0,0,0,14
01/25/2015,LEB,NH,ANE,EN,Federal Contract Tower,0,17,3,0,20,0,17,13,0,30,0,34,16,0,50,2,0,2,52
01/26/2015,LEB,NH,ANE,EN,Federal Contract Tower,0,5,10,0,15,0,19,17,0,36,0,24,27,0,51,12,0,12,63
01/27/2015,LEB,NH,ANE,EN,Federal Contract Tower,0,0,0,0,0,0,0,0,0,0,0,0,0,0,0,0,0,0,0
01/28/2015,LEB,NH,ANE,EN,Federal Contract Tower,0,9,8,0,17,0,13,8,0,21,0,22,16,0,38,0,0,0,38
01/29/2015,LEB,NH,ANE,EN,Federal Contract Tower,0,8,4,0,12,0,14,26,0,40,0,22,30,0,52,30,0,30,82
01/30/2015,LEB,NH,ANE,EN,Federal Contract Tower,0,15,11,0,26,0,0,0,0,0,0,15,11,0,26,0,0,0,26
01/31/2015,LEB,NH,ANE,EN,Federal Contract Tower,0,17,3,0,20,0,7,4,0,11,0,24,7,0,31,0,0,0,31
02/01/2015,LEB,NH,ANE,EN,Federal Contract Tower,0,11,10,0,21,0,18,41,0,59,0,29,51,0,80,26,0,26,106
02/02/2015,LEB,NH,ANE,EN,Federal Contract Tower,0,1,3,0,4,0,0,0,0,0,0,1,3,0,4,0,0,0,4
02/03/2015,LEB,NH,ANE,EN,Federal Contract Tower,0,8,13,0,21,0,7,24,0,31,0,15,37,0,52,48,0,48,100
02/04/2015,LEB,NH,ANE,EN,Federal Contract Tower,0,10,15,0,25,0,3,15,0,18,0,13,30,0,43,8,0,8,51
02/05/2015,LEB,NH,ANE,EN,Federal Contract Tower,0,13,5,0,18,0,10,4,0,14,0,23,9,0,32,0,0,0,32
02/06/2015,LEB,NH,ANE,EN,Federal Contract Tower,0,20,8,0,28,0,9,24,0,33,0,29,32,0,61,48,0,48,109
02/07/2015,LEB,NH,ANE,EN,Federal Contract Tower,0,17,7,2,26,0,0,20,6,26,0,17,27,8,52,58,2,60,112
02/08/2015,LEB,NH,ANE,EN,Federal Contract Tower,0,7,7,0,14,0,0,0,0,0,0,7,7,0,14,0,0,0,14
02/09/2015,LEB,NH,ANE,EN,Federal Contract Tower,0,0,1,0,1,0,0,0,0,0,0,0,1,0,1,0,0,0,1
02/10/2015,LEB,NH,ANE,EN,Federal Contract Tower,0,12,9,0,21,0,3,10,0,13,0,15,19,0,34,42,0,42,76
02/11/2015,LEB,NH,ANE,EN,Federal Contract Tower,0,8,10,0,18,0,27,22,0,49,0,35,32,0,67,4,0,4,71
02/12/2015,LEB,NH,ANE,EN,Federal Contract Tower,0,11,2,0,13,0,5,0,0,5,0,16,2,0,18,0,0,0,18
02/13/2015,LEB,NH,ANE,EN,Federal Contract Tower,0,11,12,0,23,0,10,11,0,21,0,21,23,0,44,22,0,22,66
02/14/2015,LEB,NH,ANE,EN,Federal Contract Tower,0,11,4,0,15,0,0,0,0,0,0,11,4,0,15,0,0,0,15
02/15/2015,LEB,NH,ANE,EN,Federal Contract Tower,0,4,3,0,7,0,6,1,0,7,0,10,4,0,14,0,0,0,14
02/16/2015,LEB,NH,ANE,EN,Federal Contract Tower,0,11,4,0,15,0,12,19,2,33,0,23,23,2,48,20,0,20,68
02/17/2015,LEB,NH,ANE,EN,Federal Contract Tower,0,10,11,0,21,0,6,16,0,22,0,16,27,0,43,44,0,44,87
02/18/2015,LEB,NH,ANE,EN,Federal Contract Tower,0,5,6,1,12,0,22,22,1,45,0,27,28,2,57,46,8,54,111
02/19/2015,LEB,NH,ANE,EN,Federal Contract Tower,0,10,4,0,14,0,0,10,0,10,0,10,14,0,24,12,0,12,36
02/20/2015,LEB,NH,ANE,EN,Federal Contract Tower,0,5,8,2,15,0,15,12,0,27,0,20,20,2,42,22,12,34,76
02/21/2015,LEB,NH,ANE,EN,Federal Contract Tower,0,9,4,0,13,0,14,13,0,27,0,23,17,0,40,10,0,10,50
02/22/2015,LEB,NH,ANE,EN,Federal Contract Tower,0,19,6,2,27,0,13,14,2,29,0,32,20,4,56,58,0,58,114
02/23/2015,LEB,NH,ANE,EN,Federal Contract Tower,0,12,3,2,17,0,4,12,2,18,0,16,15,4,35,26,0,26,61
02/24/2015,LEB,NH,ANE,EN,Federal Contract Tower,0,12,6,2,20,0,12,36,0,48,0,24,42,2,68,26,0,26,94
02/25/2015,LEB,NH,ANE,EN,Federal Contract Tower,0,11,6,0,17,0,20,17,0,37,0,31,23,0,54,6,0,6,60
02/26/2015,LEB,NH,ANE,EN,Federal Contract Tower,0,9,7,0,16,0,3,20,0,23,0,12,27,0,39,32,0,32,71
02/27/2015,LEB,NH,ANE,EN,Federal Contract Tower,0,10,5,3,18,0,11,20,0,31,0,21,25,3,49,34,2,36,85
02/28/2015,LEB,NH,ANE,EN,Federal Contract Tower,0,7,0,0,7,0,18,39,0,57,0,25,39,0,64,10,0,10,74
03/01/2015,LEB,NH,ANE,EN,Federal Contract Tower,0,19,4,0,23,0,1,0,0,1,0,20,4,0,24,0,0,0,24
03/02/2015,LEB,NH,ANE,EN,Federal Contract Tower,0,12,9,0,21,0,4,4,0,8,0,16,13,0,29,0,0,0,29
03/03/2015,LEB,NH,ANE,EN,Federal Contract Tower,0,10,5,0,15,0,8,13,0,21,0,18,18,0,36,14,0,14,50
03/04/2015,LEB,NH,ANE,EN,Federal Contract Tower,0,14,3,0,17,0,12,0,0,12,0,26,3,0,29,0,0,0,29
03/05/2015,LEB,NH,ANE,EN,Federal Contract Tower,0,14,6,0,20,0,18,11,0,29,0,32,17,0,49,16,0,16,65
03/06/2015,LEB,NH,ANE,EN,Federal Contract Tower,0,12,5,0,17,0,7,28,4,39,0,19,33,4,56,18,0,18,74
03/07/2015,LEB,NH,ANE,EN,Federal Contract Tower,0,22,7,0,29,0,17,21,1,39,0,39,28,1,68,24,0,24,92
03/08/2015,LEB,NH,ANE,EN,Federal Contract Tower,0,20,9,0,29,0,0,14,0,14,0,20,23,0,43,50,0,50,93
03/09/2015,LEB,NH,ANE,EN,Federal Contract Tower,0,11,12,0,23,0,22,10,0,32,0,33,22,0,55,2,0,2,57
03/10/2015,LEB,NH,ANE,EN,Federal Contract Tower,0,8,11,0,19,0,17,12,0,29,0,25,23,0,48,6,0,6,54
03/11/2015,LEB,NH,ANE,EN,Federal Contract Tower,0,10,3,0,13,0,10,15,0,25,0,20,18,0,38,8,0,8,46
03/12/2015,LEB,NH,ANE,EN,Federal Contract Tower,0,11,6,0,17,0,8,6,2,16,0,19,12,2,33,0,10,10,43
03/13/2015,LEB,NH,ANE,EN,Federal Contract Tower,0,9,11,0,20,0,8,25,0,33,0,17,36,0,53,62,0,62,115
03/14/2015,LEB,NH,ANE,EN,Federal Contract Tower,0,10,3,0,13,0,0,0,0,0,0,10,3,0,13,0,0,0,13
03/15/2015,LEB,NH,ANE,EN,Federal Contract Tower,0,10,7,0,17,0,0,0,0,0,0,10,7,0,17,0,0,0,17
03/16/2015,LEB,NH,ANE,EN,Federal Contract Tower,0,2,12,0,14,0,18,29,0,47,0,20,41,0,61,62,0,62,123
03/17/2015,LEB,NH,ANE,EN,Federal Contract Tower,0,12,8,0,20,0,1,18,0,19,0,13,26,0,39,16,0,16,55
03/18/2015,LEB,NH,ANE,EN,Federal Contract Tower,0,8,4,0,12,0,19,10,2,31,0,27,14,2,43,12,0,12,55
03/19/2015,LEB,NH,ANE,EN,Federal Contract Tower,0,10,8,0,18,0,8,7,0,15,0,18,15,0,33,2,0,2,35
03/20/2015,LEB,NH,ANE,EN,Federal Contract Tower,0,8,7,0,15,0,9,17,0,26,0,17,24,0,41,6,0,6,47
03/21/2015,LEB,NH,ANE,EN,Federal Contract Tower,0,11,0,0,11,0,10,19,0,29,0,21,19,0,40,64,0,64,104
03/22/2015,LEB,NH,ANE,EN,Federal Contract Tower,0,11,0,0,11,0,8,0,0,8,0,19,0,0,19,0,0,0,19
03/23/2015,LEB,NH,ANE,EN,Federal Contract Tower,0,2,6,0,8,0,9,7,2,18,0,11,13,2,26,0,0,0,26
03/24/2015,LEB,NH,ANE,EN,Federal Contract Tower,0,2,5,0,7,0,15,42,0,57,0,17,47,0,64,22,0,22,86
03/25/2015,LEB,NH,ANE,EN,Federal Contract Tower,0,4,3,0,7,0,7,22,0,29,0,11,25,0,36,24,0,24,60
03/26/2015,LEB,NH,ANE,EN,Federal Contract Tower,0,8,5,0,13,0,0,1,0,1,0,8,6,0,14,0,0,0,14
03/27/2015,LEB,NH,ANE,EN,Federal Contract Tower,0,14,9,0,23,0,4,16,0,20,0,18,25,0,43,14,0,14,57
03/28/2015,LEB,NH,ANE,EN,Federal Contract Tower,0,14,4,0,18,0,4,1,0,5,0,18,5,0,23,0,0,0,23
03/29/2015,LEB,NH,ANE,EN,Federal Contract Tower,0,7,8,0,15,0,17,36,0,53,0,24,44,0,68,26,0,26,94
03/30/2015,LEB,NH,ANE,EN,Federal Contract Tower,0,17,6,0,23,0,5,0,0,5,0,22,6,0,28,2,0,2,30
03/31/2015,LEB,NH,ANE,EN,Federal Contract Tower,0,9,5,1,15,0,15,15,6,36,0,24,20,7,51,4,16,20,71
04/01/2015,LEB,NH,ANE,EN,Federal Contract Tower,0,6,11,0,17,0,26,39,2,67,0,32,50,2,84,24,0,24,108
04/02/2015,LEB,NH,ANE,EN,Federal Contract Tower,0,12,9,1,22,0,10,34,4,48,0,22,43,5,70,24,0,24,94
04/03/2015,LEB,NH,ANE,EN,Federal Contract Tower,0,15,4,0,19,0,12,25,0,37,0,27,29,0,56,22,0,22,78
04/04/2015,LEB,NH,ANE,EN,Federal Contract Tower,0,15,7,0,22,0,7,35,0,42,0,22,42,0,64,12,0,12,76
04/05/2015,LEB,NH,ANE,EN,Federal Contract Tower,0,15,6,0,21,0,8,6,0,14,0,23,12,0,35,0,0,0,35
04/06/2015,LEB,NH,ANE,EN,Federal Contract Tower,0,12,10,1,23,0,12,25,0,37,0,24,35,1,60,26,0,26,86
04/07/2015,LEB,NH,ANE,EN,Federal Contract Tower,0,11,5,0,16,0,3,9,0,12,0,14,14,0,28,32,0,32,60
04/08/2015,LEB,NH,ANE,EN,Federal Contract Tower,0,6,8,0,14,0,7,19,0,26,0,13,27,0,40,20,0,20,60
04/09/2015,LEB,NH,ANE,EN,Federal Contract Tower,0,16,8,0,24,0,2,5,0,7,0,18,13,0,31,0,0,0,31
04/10/2015,LEB,NH,ANE,EN,Federal Contract Tower,0,24,9,0,33,0,0,0,0,0,0,24,9,0,33,0,0,0,33
04/11/2015,LEB,NH,ANE,EN,Federal Contract Tower,0,15,5,0,20,0,13,9,6,28,0,28,14,6,48,6,0,6,54
04/12/2015,LEB,NH,ANE,EN,Federal Contract Tower,0,3,5,0,8,0,22,43,2,67,0,25,48,2,75,18,0,18,93
04/13/2015,LEB,NH,ANE,EN,Federal Contract Tower,0,1,1,1,3,0,21,18,2,41,0,22,19,3,44,8,4,12,56
04/14/2015,LEB,NH,ANE,EN,Federal Contract Tower,0,6,7,0,13,0,14,4,0,18,0,20,11,0,31,2,0,2,33
04/15/2015,LEB,NH,ANE,EN,Federal Contract Tower,0,4,7,0,11,0,15,23,2,40,0,19,30,2,51,20,0,20,71
04/16/2015,LEB,NH,ANE,EN,Federal Contract Tower,0,9,7,1,17,0,19,52,1,72,0,28,59,2,89,34,0,34,123
04/17/2015,LEB,NH,ANE,EN,Federal Contract Tower,0,17,7,0,24,0,6,7,0,13,0,23,14,0,37,2,0,2,39
04/18/2015,LEB,NH,ANE,EN,Federal Contract Tower,0,12,11,0,23,0,18,15,0,33,0,30,26,0,56,0,0,0,56
04/19/2015,LEB,NH,ANE,EN,Federal Contract Tower,0,9,6,0,15,0,16,28,3,47,0,25,34,3,62,10,0,10,72
04/20/2015,LEB,NH,ANE,EN,Federal Contract Tower,0,8,6,0,14,0,0,8,0,8,0,8,14,0,22,24,0,24,46
04/21/2015,LEB,NH,ANE,EN,Federal Contract Tower,0,11,6,3,20,0,5,4,0,9,0,16,10,3,29,2,14,16,45
04/22/2015,LEB,NH,ANE,EN,Federal Contract Tower,0,11,6,0,17,0,5,30,0,35,0,16,36,0,52,32,0,32,84
04/23/2015,LEB,NH,ANE,EN,Federal Contract Tower,0,20,14,0,34,0,9,17,2,28,0,29,31,2,62,22,0,22,84
04/24/2015,LEB,NH,ANE,EN,Federal Contract Tower,0,32,8,0,40,0,4,15,0,19,0,36,23,0,59,46,0,46,105
04/25/2015,LEB,NH,ANE,EN,Federal Contract Tower,0,8,11,0,19,0,13,30,0,43,0,21,41,0,62,88,0,88,150
04/26/2015,LEB,NH,ANE,EN,Federal Contract Tower,0,15,12,0,27,0,9,24,1,34,0,24,36,1,61,42,0,42,103
04/27/2015,LEB,NH,ANE,EN,Federal Contract Tower,0,14,6,1,21,0,8,28,0,36,0,22,34,1,57,46,0,46,103
04/28/2015,LEB,NH,ANE,EN,Federal Contract Tower,0,4,8,1,13,0,12,24,0,36,0,16,32,1,49,52,0,52,101
04/29/2015,LEB,NH,ANE,EN,Federal Contract Tower,0,3,16,0,19,0,22,56,4,82,0,25,72,4,101,92,0,92,193
04/30/2015,LEB,NH,ANE,EN,Federal Contract Tower,0,16,11,2,29,0,7,19,0,26,0,23,30,2,55,52,0,52,107
05/01/2015,LEB,NH,ANE,EN,Federal Contract Tower,0,23,10,0,33,0,15,30,1,46,0,38,40,1,79,26,0,26,105
05/02/2015,LEB,NH,ANE,EN,Federal Contract Tower,0,4,9,0,13,0,21,47,2,70,0,25,56,2,83,96,0,96,179
05/03/2015,LEB,NH,ANE,EN,Federal Contract Tower,0,15,10,0,25,0,21,64,0,85,0,36,74,0,110,42,0,42,152
05/04/2015,LEB,NH,ANE,EN,Federal Contract Tower,0,4,12,0,16,0,19,29,0,48,0,23,41,0,64,12,0,12,76
05/05/2015,LEB,NH,ANE,EN,Federal Contract Tower,0,9,12,0,21,0,13,31,0,44,0,22,43,0,65,44,0,44,109
05/06/2015,LEB,NH,ANE,EN,Federal Contract Tower,0,5,9,0,14,0,26,53,2,81,0,31,62,2,95,72,0,72,167
05/08/2015,LEB,NH,ANE,EN,Federal Contract Tower,0,23,13,0,36,0,20,22,0,42,0,43,35,0,78,12,0,12,90
05/09/2015,LEB,NH,ANE,EN,Federal Contract Tower,0,19,7,0,26,0,18,23,0,41,0,37,30,0,67,52,0,52,119
05/10/2015,LEB,NH,ANE,EN,Federal Contract Tower,0,20,10,0,30,0,17,32,0,49,0,37,42,0,79,26,0,26,105
05/11/2015,LEB,NH,ANE,EN,Federal Contract Tower,0,14,6,0,20,0,0,1,0,1,0,14,7,0,21,0,0,0,21
05/12/2015,LEB,NH,ANE,EN,Federal Contract Tower,0,14,7,0,21,0,6,8,0,14,0,20,15,0,35,0,0,0,35
05/13/2015,LEB,NH,ANE,EN,Federal Contract Tower,0,16,13,1,30,0,13,39,0,52,0,29,52,1,82,28,2,30,112
05/14/2015,LEB,NH,ANE,EN,Federal Contract Tower,0,9,15,0,24,0,21,57,0,78,0,30,72,0,102,28,0,28,130
05/15/2015,LEB,NH,ANE,EN,Federal Contract Tower,0,16,15,0,31,0,25,41,3,69,0,41,56,3,100,4,0,4,104
05/16/2015,LEB,NH,ANE,EN,Federal Contract Tower,0,9,18,0,27,0,19,19,0,38,0,28,37,0,65,2,0,2,67
05/17/2015,LEB,NH,ANE,EN,Federal Contract Tower,0,12,22,0,34,0,14,49,8,71,0,26,71,8,105,8,0,8,113
05/18/2015,LEB,NH,ANE,EN,Federal Contract Tower,0,8,9,0,17,0,18,19,0,37,0,26,28,0,54,20,0,20,74
05/19/2015,LEB,NH,ANE,EN,Federal Contract Tower,0,15,7,1,23,0,8,10,0,18,0,23,17,1,41,28,2,30,71
05/20/2015,LEB,NH,ANE,EN,Federal Contract Tower,0,14,10,1,25,0,22,47,1,70,0,36,57,2,95,88,0,88,183
05/21/2015,LEB,NH,ANE,EN,Federal Contract Tower,0,7,6,0,13,0,21,47,1,69,0,28,53,1,82,84,0,84,166
05/22/2015,LEB,NH,ANE,EN,Federal Contract Tower,0,10,5,0,15,0,16,35,2,53,0,26,40,2,68,8,0,8,76
05/23/2015,LEB,NH,ANE,EN,Federal Contract Tower,0,4,1,0,5,0,11,39,1,51,0,15,40,1,56,22,0,22,78
05/24/2015,LEB,NH,ANE,EN,Federal Contract Tower,0,6,5,0,11,0,16,31,0,47,0,22,36,0,58,2,0,2,60
05/25/2015,LEB,NH,ANE,EN,Federal Contract Tower,0,7,2,0,9,0,20,19,2,41,0,27,21,2,50,20,0,20,70
05/26/2015,LEB,NH,ANE,EN,Federal Contract Tower,0,9,4,1,14,0,18,30,3,51,0,27,34,4,65,4,0,4,69
05/27/2015,LEB,NH,ANE,EN,Federal Contract Tower,0,2,1,0,3,0,8,10,0,18,0,10,11,0,21,4,0,4,25
05/28/2015,LEB,NH,ANE,EN,Federal Contract Tower,0,7,11,0,18,0,8,19,0,27,0,15,30,0,45,14,0,14,59
05/29/2015,LEB,NH,ANE,EN,Federal Contract Tower,0,14,21,0,35,0,7,67,2,76,0,21,88,2,111,76,6,82,193
05/30/2015,LEB,NH,ANE,EN,Federal Contract Tower,0,12,14,0,26,0,10,42,1,53,0,22,56,1,79,24,0,24,103
05/31/2015,LEB,NH,ANE,EN,Federal Contract Tower,0,16,16,0,32,0,0,0,0,0,0,16,16,0,32,0,0,0,32
06/01/2015,LEB,NH,ANE,EN,Federal Contract Tower,0,18,13,0,31,0,0,0,0,0,0,18,13,0,31,2,0,2,33
06/02/2015,LEB,NH,ANE,EN,Federal Contract Tower,0,9,10,1,20,0,3,0,0,3,0,12,10,1,23,0,2,2,25
06/03/2015,LEB,NH,ANE,EN,Federal Contract Tower,0,10,28,0,38,0,29,63,0,92,0,39,91,0,130,52,0,52,182
06/04/2015,LEB,NH,ANE,EN,Federal Contract Tower,0,17,19,3,39,0,10,37,0,47,0,27,56,3,86,72,2,74,160
06/05/2015,LEB,NH,ANE,EN,Federal Contract Tower,0,19,10,1,30,1,5,30,0,36,1,24,40,1,66,0,0,0,66
06/06/2015,LEB,NH,ANE,EN,Federal Contract Tower,0,16,9,0,25,0,14,38,1,53,0,30,47,1,78,50,0,50,128
06/07/2015,LEB,NH,ANE,EN,Federal Contract Tower,0,9,10,0,19,0,24,48,0,72,0,33,58,0,91,30,0,30,121
06/08/2015,LEB,NH,ANE,EN,Federal Contract Tower,0,15,6,0,21,0,11,7,0,18,0,26,13,0,39,0,0,0,39
06/09/2015,LEB,NH,ANE,EN,Federal Contract Tower,0,14,7,0,21,0,1,1,0,2,0,15,8,0,23,0,0,0,23
06/10/2015,LEB,NH,ANE,EN,Federal Contract Tower,0,11,11,4,26,0,16,52,0,68,0,27,63,4,94,54,0,54,148
06/11/2015,LEB,NH,ANE,EN,Federal Contract Tower,0,13,12,0,25,0,18,37,0,55,0,31,49,0,80,32,0,32,112
06/12/2015,LEB,NH,ANE,EN,Federal Contract Tower,0,24,25,0,49,0,15,45,0,60,0,39,70,0,109,52,0,52,161
06/13/2015,LEB,NH,ANE,EN,Federal Contract Tower,0,9,5,0,14,0,30,43,0,73,0,39,48,0,87,14,0,14,101
06/14/2015,LEB,NH,ANE,EN,Federal Contract Tower,0,26,24,0,50,0,31,46,0,77,0,57,70,0,127,10,0,10,137
06/15/2015,LEB,NH,ANE,EN,Federal Contract Tower,0,22,14,0,36,0,0,2,0,2,0,22,16,0,38,6,0,6,44
06/16/2015,LEB,NH,ANE,EN,Federal Contract Tower,0,14,10,1,25,0,2,2,0,4,0,16,12,1,29,2,2,4,33
06/17/2015,LEB,NH,ANE,EN,Federal Contract Tower,0,5,3,0,8,0,17,75,2,94,0,22,78,2,102,56,0,56,158
06/18/2015,LEB,NH,ANE,EN,Federal Contract Tower,0,19,11,0,30,0,14,49,0,63,0,33,60,0,93,42,4,46,139
06/19/2015,LEB,NH,ANE,EN,Federal Contract Tower,0,13,14,0,27,0,11,43,0,54,0,24,57,0,81,16,0,16,97
06/20/2015,LEB,NH,ANE,EN,Federal Contract Tower,0,12,8,0,20,0,3,45,0,48,0,15,53,0,68,44,0,44,112
06/21/2015,LEB,NH,ANE,EN,Federal Contract Tower,0,21,13,0,34,0,4,14,0,18,0,25,27,0,52,12,0,12,64
06/23/2015,LEB,NH,ANE,EN,Federal Contract Tower,0,15,12,0,27,0,8,2,0,10,0,23,14,0,37,0,0,0,37
06/24/2015,LEB,NH,ANE,EN,Federal Contract Tower,0,13,12,0,25,0,27,63,2,92,0,40,75,2,117,38,0,38,155
06/25/2015,LEB,NH,ANE,EN,Federal Contract Tower,0,12,16,0,28,0,13,59,0,72,0,25,75,0,100,50,0,50,150
06/26/2015,LEB,NH,ANE,EN,Federal Contract Tower,0,12,20,0,32,0,12,34,0,46,0,24,54,0,78,12,6,18,96
06/27/2015,LEB,NH,ANE,EN,Federal Contract Tower,0,10,12,0,22,0,10,21,0,31,0,20,33,0,53,20,0,20,73
06/28/2015,LEB,NH,ANE,EN,Federal Contract Tower,0,15,6,0,21,0,0,0,0,0,0,15,6,0,21,2,0,2,23
06/29/2015,LEB,NH,ANE,EN,Federal Contract Tower,0,16,11,0,27,0,6,1,0,7,0,22,12,0,34,6,0,6,40
06/30/2015,LEB,NH,ANE,EN,Federal Contract Tower,0,12,10,0,22,0,10,30,0,40,0,22,40,0,62,36,0,36,98
07/01/2015,LEB,NH,ANE,EN,Federal Contract Tower,0,18,6,0,24,0,4,2,0,6,0,22,8,0,30,0,0,0,30
07/02/2015,LEB,NH,ANE,EN,Federal Contract Tower,0,9,14,0,23,0,26,59,0,85,0,35,73,0,108,64,0,64,172
07/03/2015,LEB,NH,ANE,EN,Federal Contract Tower,0,4,6,0,10,0,21,61,0,82,0,25,67,0,92,22,0,22,114
07/04/2015,LEB,NH,ANE,EN,Federal Contract Tower,0,8,5,0,13,0,12,17,0,29,0,20,22,0,42,8,0,8,50
07/05/2015,LEB,NH,ANE,EN,Federal Contract Tower,0,8,7,0,15,0,10,42,0,52,0,18,49,0,67,2,0,2,69
07/06/2015,LEB,NH,ANE,EN,Federal Contract Tower,0,7,11,0,18,0,26,41,0,67,0,33,52,0,85,30,0,30,115
07/07/2015,LEB,NH,ANE,EN,Federal Contract Tower,0,14,11,0,25,0,11,14,0,25,0,25,25,0,50,28,0,28,78
07/08/2015,LEB,NH,ANE,EN,Federal Contract Tower,0,15,12,0,27,0,12,25,2,39,0,27,37,2,66,8,0,8,74
07/09/2015,LEB,NH,ANE,EN,Federal Contract Tower,0,10,18,0,28,0,21,34,0,55,0,31,52,0,83,104,0,104,187
07/10/2015,LEB,NH,ANE,EN,Federal Contract Tower,0,9,20,0,29,0,12,35,2,49,0,21,55,2,78,42,0,42,120
07/11/2015,LEB,NH,ANE,EN,Federal Contract Tower,0,4,4,0,8,0,19,49,0,68,0,23,53,0,76,6,0,6,82
07/12/2015,LEB,NH,ANE,EN,Federal Contract Tower,0,8,1,0,9,0,28,46,0,74,0,36,47,0,83,42,0,42,125
07/13/2015,LEB,NH,ANE,EN,Federal Contract Tower,0,25,12,0,37,0,17,30,2,49,0,42,42,2,86,26,0,26,112
07/14/2015,LEB,NH,ANE,EN,Federal Contract Tower,0,14,7,0,21,0,4,12,0,16,0,18,19,0,37,10,0,10,47
07/15/2015,LEB,NH,ANE,EN,Federal Contract Tower,0,11,13,0,24,0,14,10,0,24,0,25,23,0,48,14,0,14,62
07/16/2015,LEB,NH,ANE,EN,Federal Contract Tower,0,8,11,0,19,0,22,57,0,79,0,30,68,0,98,22,0,22,120
07/17/2015,LEB,NH,ANE,EN,Federal Contract Tower,0,11,12,0,23,0,13,47,0,60,0,24,59,0,83,10,0,10,93
07/18/2015,LEB,NH,ANE,EN,Federal Contract Tower,0,17,14,0,31,0,4,15,0,19,0,21,29,0,50,24,0,24,74
07/19/2015,LEB,NH,ANE,EN,Federal Contract Tower,0,15,15,0,30,0,7,14,0,21,0,22,29,0,51,6,0,6,57
07/20/2015,LEB,NH,ANE,EN,Federal Contract Tower,0,8,9,0,17,0,11,12,0,23,0,19,21,0,40,12,0,12,52
07/21/2015,LEB,NH,ANE,EN,Federal Contract Tower,0,15,8,0,23,0,10,15,0,25,0,25,23,0,48,8,0,8,56
07/22/2015,LEB,NH,ANE,EN,Federal Contract Tower,0,15,8,0,23,0,24,42,4,70,0,39,50,4,93,42,0,42,135
07/23/2015,LEB,NH,ANE,EN,Federal Contract Tower,0,4,14,2,20,0,16,37,5,58,0,20,51,7,78,62,0,62,140
07/24/2015,LEB,NH,ANE,EN,Federal Contract Tower,0,25,16,0,41,0,21,35,0,56,0,46,51,0,97,52,0,52,149
07/25/2015,LEB,NH,ANE,EN,Federal Contract Tower,0,20,12,1,33,0,17,55,5,77,0,37,67,6,110,40,8,48,158
07/26/2015,LEB,NH,ANE,EN,Federal Contract Tower,0,30,26,0,56,0,21,9,0,30,0,51,35,0,86,24,0,24,110
07/27/2015,LEB,NH,ANE,EN,Federal Contract Tower,0,16,16,0,32,0,14,60,0,74,0,30,76,0,106,44,0,44,150
07/28/2015,LEB,NH,ANE,EN,Federal Contract Tower,0,10,13,0,23,0,20,28,2,50,0,30,41,2,73,98,0,98,171
07/29/2015,LEB,NH,ANE,EN,Federal Contract Tower,0,2,12,0,14,0,17,41,2,60,0,19,53,2,74,44,0,44,118
07/30/2015,LEB,NH,ANE,EN,Federal Contract Tower,0,10,7,0,17,0,18,19,0,37,0,28,26,0,54,44,0,44,98
07/31/2015,LEB,NH,ANE,EN,Federal Contract Tower,0,5,15,1,21,0,17,45,3,65,0,22,60,4,86,114,0,114,200
08/01/2015,LEB,NH,ANE,EN,Federal Contract Tower,0,13,16,0,29,0,16,49,0,65,0,29,65,0,94,26,0,26,120
08/02/2015,LEB,NH,ANE,EN,Federal Contract Tower,0,9,14,0,23,0,16,50,0,66,0,25,64,0,89,20,0,20,109
08/03/2015,LEB,NH,ANE,EN,Federal Contract Tower,0,9,8,0,17,0,17,51,2,70,0,26,59,2,87,24,0,24,111
08/04/2015,LEB,NH,ANE,EN,Federal Contract Tower,0,11,13,0,24,0,6,5,4,15,0,17,18,4,39,0,0,0,39
08/05/2015,LEB,NH,ANE,EN,Federal Contract Tower,0,12,16,0,28,0,23,36,0,59,0,35,52,0,87,26,0,26,113
08/06/2015,LEB,NH,ANE,EN,Federal Contract Tower,0,14,19,1,34,0,19,47,2,68,0,33,66,3,102,66,0,66,168
08/07/2015,LEB,NH,ANE,EN,Federal Contract Tower,0,13,15,2,30,0,20,45,0,65,0,33,60,2,95,52,0,52,147
08/08/2015,LEB,NH,ANE,EN,Federal Contract Tower,0,13,18,0,31,0,25,57,2,84,0,38,75,2,115,60,0,60,175
08/09/2015,LEB,NH,ANE,EN,Federal Contract Tower,0,19,16,0,35,0,14,55,0,69,0,33,71,0,104,18,0,18,122
08/10/2015,LEB,NH,ANE,EN,Federal Contract Tower,0,13,9,0,22,0,17,41,0,58,0,30,50,0,80,46,0,46,126
08/11/2015,LEB,NH,ANE,EN,Federal Contract Tower,0,17,8,0,25,0,1,2,0,3,0,18,10,0,28,2,0,2,30
08/12/2015,LEB,NH,ANE,EN,Federal Contract Tower,0,20,12,0,32,0,31,29,0,60,0,51,41,0,92,4,0,4,96
08/13/2015,LEB,NH,ANE,EN,Federal Contract Tower,0,7,12,0,19,0,17,34,5,56,0,24,46,5,75,50,0,50,125
08/14/2015,LEB,NH,ANE,EN,Federal Contract Tower,0,14,7,0,21,0,13,55,2,70,0,27,62,2,91,82,0,82,173
08/15/2015,LEB,NH,ANE,EN,Federal Contract Tower,1,18,13,0,32,0,19,32,0,51,1,37,45,0,83,12,0,12,95
08/16/2015,LEB,NH,ANE,EN,Federal Contract Tower,0,10,10,0,20,0,16,37,0,53,0,26,47,0,73,0,0,0,73
08/17/2015,LEB,NH,ANE,EN,Federal Contract Tower,0,8,6,0,14,0,10,37,0,47,0,18,43,0,61,20,0,20,81
08/18/2015,LEB,NH,ANE,EN,Federal Contract Tower,0,8,8,2,18,0,11,16,2,29,0,19,24,4,47,22,6,28,75
08/19/2015,LEB,NH,ANE,EN,Federal Contract Tower,0,16,7,0,23,0,10,27,1,38,0,26,34,1,61,32,0,32,93
08/20/2015,LEB,NH,ANE,EN,Federal Contract Tower,0,7,26,0,33,0,17,28,0,45,0,24,54,0,78,32,0,32,110
08/21/2015,LEB,NH,ANE,EN,Federal Contract Tower,0,16,21,0,37,0,2,18,0,20,0,18,39,0,57,10,0,10,67
08/22/2015,LEB,NH,ANE,EN,Federal Contract Tower,0,5,8,0,13,0,14,43,0,57,0,19,51,0,70,32,0,32,102
08/23/2015,LEB,NH,ANE,EN,Federal Contract Tower,0,19,19,0,38,0,5,50,0,55,0,24,69,0,93,36,0,36,129
08/24/2015,LEB,NH,ANE,EN,Federal Contract Tower,0,16,6,0,22,0,12,20,0,32,0,28,26,0,54,32,0,32,86
08/25/2015,LEB,NH,ANE,EN,Federal Contract Tower,0,13,11,0,24,0,1,8,0,9,0,14,19,0,33,30,0,30,63
08/26/2015,LEB,NH,ANE,EN,Federal Contract Tower,0,12,13,2,27,0,22,56,0,78,0,34,69,2,105,72,0,72,177
08/27/2015,LEB,NH,ANE,EN,Federal Contract Tower,0,9,13,2,24,0,17,73,2,92,0,26,86,4,116,90,0,90,206
08/28/2015,LEB,NH,ANE,EN,Federal Contract Tower,0,8,8,0,16,0,15,68,0,83,0,23,76,0,99,70,0,70,169
08/29/2015,LEB,NH,ANE,EN,Federal Contract Tower,0,8,1,0,9,0,15,51,0,66,0,23,52,0,75,52,0,52,127
08/30/2015,LEB,NH,ANE,EN,Federal Contract Tower,0,7,5,0,12,0,23,46,0,69,0,30,51,0,81,6,0,6,87
08/31/2015,LEB,NH,ANE,EN,Federal Contract Tower,0,13,5,0,18,0,19,39,2,60,0,32,44,2,78,16,0,16,94
09/01/2015,LEB,NH,ANE,EN,Federal Contract Tower,0,7,5,1,13,0,20,20,1,41,0,27,25,2,54,0,0,0,54
09/02/2015,LEB,NH,ANE,EN,Federal Contract Tower,0,10,3,2,15,0,19,35,0,54,0,29,38,2,69,30,0,30,99
09/03/2015,LEB,NH,ANE,EN,Federal Contract Tower,0,16,11,0,27,0,13,23,0,36,0,29,34,0,63,10,0,10,73
09/04/2015,LEB,NH,ANE,EN,Federal Contract Tower,0,16,17,0,33,0,19,36,2,57,0,35,53,2,90,66,0,66,156
09/05/2015,LEB,NH,ANE,EN,Federal Contract Tower,0,9,7,0,16,0,14,43,1,58,0,23,50,1,74,10,0,10,84
09/06/2015,LEB,NH,ANE,EN,Federal Contract Tower,0,9,4,0,13,0,30,29,0,59,0,39,33,0,72,8,0,8,80
09/07/2015,LEB,NH,ANE,EN,Federal Contract Tower,0,17,19,0,36,0,24,51,2,77,0,41,70,2,113,48,0,48,161
09/08/2015,LEB,NH,ANE,EN,Federal Contract Tower,0,11,17,0,28,0,14,26,0,40,0,25,43,0,68,10,0,10,78
09/09/2015,LEB,NH,ANE,EN,Federal Contract Tower,0,8,10,0,18,0,12,39,0,51,0,20,49,0,69,66,0,66,135
09/10/2015,LEB,NH,ANE,EN,Federal Contract Tower,0,15,24,0,39,0,12,28,2,42,0,27,52,2,81,22,14,36,117
09/11/2015,LEB,NH,ANE,EN,Federal Contract Tower,0,22,18,0,40,0,6,22,0,28,0,28,40,0,68,12,0,12,80
09/12/2015,LEB,NH,ANE,EN,Federal Contract Tower,0,13,13,0,26,0,15,53,1,69,0,28,66,1,95,40,0,40,135
09/13/2015,LEB,NH,ANE,EN,Federal Contract Tower,0,27,7,1,35,0,0,1,0,1,0,27,8,1,36,0,0,0,36
09/14/2015,LEB,NH,ANE,EN,Federal Contract Tower,0,25,9,0,34,0,5,3,0,8,0,30,12,0,42,6,0,6,48
09/15/2015,LEB,NH,ANE,EN,Federal Contract Tower,0,7,12,0,19,0,13,14,0,27,0,20,26,0,46,4,0,4,50
09/16/2015,LEB,NH,ANE,EN,Federal Contract Tower,0,5,5,0,10,0,23,42,0,65,0,28,47,0,75,10,0,10,85
09/17/2015,LEB,NH,ANE,EN,Federal Contract Tower,0,12,10,0,22,0,15,43,2,60,0,27,53,2,82,26,4,30,112
09/18/2015,LEB,NH,ANE,EN,Federal Contract Tower,0,9,6,0,15,0,18,38,3,59,0,27,44,3,74,8,0,8,82
09/19/2015,LEB,NH,ANE,EN,Federal Contract Tower,0,11,10,0,21,0,19,16,0,35,0,30,26,0,56,12,0,12,68
09/20/2015,LEB,NH,ANE,EN,Federal Contract Tower,0,18,9,0,27,0,10,13,0,23,0,28,22,0,50,20,0,20,70
09/21/2015,LEB,NH,ANE,EN,Federal Contract Tower,0,7,11,0,18,0,6,40,0,46,0,13,51,0,64,84,0,84,148
09/22/2015,LEB,NH,ANE,EN,Federal Contract Tower,0,8,4,1,13,0,10,18,6,34,0,18,22,7,47,54,0,54,101
09/23/2015,LEB,NH,ANE,EN,Federal Contract Tower,0,7,4,0,11,0,18,36,10,64,0,25,40,10,75,76,0,76,151
09/24/2015,LEB,NH,ANE,EN,Federal Contract Tower,0,12,4,0,16,0,10,33,2,45,0,22,37,2,61,32,2,34,95
09/25/2015,LEB,NH,ANE,EN,Federal Contract Tower,0,19,18,0,37,0,31,57,0,88,0,50,75,0,125,46,0,46,171
09/26/2015,LEB,NH,ANE,EN,Federal Contract Tower,0,12,4,3,19,0,16,190,8,214,0,28,194,11,233,30,4,34,267
09/27/2015,LEB,NH,ANE,EN,Federal Contract Tower,0,20,7,0,27,0,13,31,0,44,0,33,38,0,71,4,0,4,75
09/28/2015,LEB,NH,ANE,EN,Federal Contract Tower,0,17,17,2,36,0,18,51,2,71,0,35,68,4,107,22,0,22,129
09/29/2015,LEB,NH,ANE,EN,Federal Contract Tower,0,20,9,0,29,0,0,1,0,1,0,20,10,0,30,2,0,2,32
09/30/2015,LEB,NH,ANE,EN,Federal Contract Tower,0,13,5,0,18,0,0,2,0,2,0,13,7,0,20,0,0,0,20
10/01/2015,LEB,NH,ANE,EN,Federal Contract Tower,0,24,13,0,37,0,8,33,0,41,0,32,46,0,78,18,0,18,96
10/02/2015,LEB,NH,ANE,EN,Federal Contract Tower,0,18,9,0,27,0,8,32,0,40,0,26,41,0,67,24,0,24,91
10/03/2015,LEB,NH,ANE,EN,Federal Contract Tower,0,20,3,0,23,0,15,28,0,43,0,35,31,0,66,62,0,62,128
10/04/2015,LEB,NH,ANE,EN,Federal Contract Tower,0,20,6,0,26,0,10,20,0,30,0,30,26,0,56,2,0,2,58
10/05/2015,LEB,NH,ANE,EN,Federal Contract Tower,0,13,11,0,24,0,14,62,2,78,0,27,73,2,102,28,4,32,134
10/06/2015,LEB,NH,ANE,EN,Federal Contract Tower,0,18,17,0,35,0,11,31,2,44,0,29,48,2,79,50,0,50,129
10/07/2015,LEB,NH,ANE,EN,Federal Contract Tower,0,14,11,0,25,0,22,29,4,55,0,36,40,4,80,22,0,22,102
10/08/2015,LEB,NH,ANE,EN,Federal Contract Tower,0,13,9,0,22,0,17,54,7,78,0,30,63,7,100,44,10,54,154
10/09/2015,LEB,NH,ANE,EN,Federal Contract Tower,0,26,13,0,39,0,0,0,0,0,0,26,13,0,39,0,0,0,39
10/10/2015,LEB,NH,ANE,EN,Federal Contract Tower,0,23,17,0,40,0,20,47,1,68,0,43,64,1,108,22,0,22,130
10/11/2015,LEB,NH,ANE,EN,Federal Contract Tower,0,9,13,0,22,0,13,45,0,58,0,22,58,0,80,24,2,26,106
10/12/2015,LEB,NH,ANE,EN,Federal Contract Tower,0,19,7,0,26,0,8,58,0,66,0,27,65,0,92,50,0,50,142
10/13/2015,LEB,NH,ANE,EN,Federal Contract Tower,0,13,7,0,20,0,7,11,0,18,0,20,18,0,38,22,0,22,60
10/14/2015,LEB,NH,ANE,EN,Federal Contract Tower,0,14,10,3,27,0,25,20,2,47,0,39,30,5,74,0,8,8,82
10/15/2015,LEB,NH,ANE,EN,Federal Contract Tower,0,19,17,0,36,0,19,59,0,78,0,38,76,0,114,56,0,56,170
10/16/2015,LEB,NH,ANE,EN,Federal Contract Tower,0,23,14,0,37,0,5,51,1,57,0,28,65,1,94,24,0,24,118
10/17/2015,LEB,NH,ANE,EN,Federal Contract Tower,0,23,15,0,38,0,4,13,0,17,0,27,28,0,55,4,0,4,59
10/18/2015,LEB,NH,ANE,EN,Federal Contract Tower,0,23,11,0,34,0,13,21,0,34,0,36,32,0,68,10,0,10,78
10/19/2015,LEB,NH,ANE,EN,Federal Contract Tower,0,7,13,0,20,0,14,46,2,62,0,21,59,2,82,26,0,26,108
10/20/2015,LEB,NH,ANE,EN,Federal Contract Tower,0,10,6,2,18,0,12,42,2,56,0,22,48,4,74,38,4,42,116
10/21/2015,LEB,NH,ANE,EN,Federal Contract Tower,0,12,5,2,19,0,24,32,2,58,0,36,37,4,77,0,0,0,77
10/22/2015,LEB,NH,ANE,EN,Federal Contract Tower,0,19,20,2,41,0,7,15,0,22,0,26,35,2,63,14,0,14,77
10/23/2015,LEB,NH,ANE,EN,Federal Contract Tower,0,23,15,0,38,0,12,27,0,39,0,35,42,0,77,0,0,0,77
10/24/2015,LEB,NH,ANE,EN,Federal Contract Tower,0,21,13,0,34,0,9,36,0,45,0,30,49,0,79,2,0,2,81
10/25/2015,LEB,NH,ANE,EN,Federal Contract Tower,0,32,17,0,49,0,6,5,0,11,0,38,22,0,60,8,0,8,68
10/26/2015,LEB,NH,ANE,EN,Federal Contract Tower,0,10,11,0,21,0,14,46,0,60,0,24,57,0,81,34,0,34,115
10/27/2015,LEB,NH,ANE,EN,Federal Contract Tower,0,7,4,0,11,0,18,23,0,41,0,25,27,0,52,32,0,32,84
10/28/2015,LEB,NH,ANE,EN,Federal Contract Tower,0,21,19,6,46,0,0,14,0,14,0,21,33,6,60,8,0,8,68
10/29/2015,LEB,NH,ANE,EN,Federal Contract Tower,0,11,7,1,19,0,11,14,2,27,0,22,21,3,46,14,0,14,60
10/30/2015,LEB,NH,ANE,EN,Federal Contract Tower,0,17,12,0,29,0,13,22,0,35,0,30,34,0,64,2,0,2,66
10/31/2015,LEB,NH,ANE,EN,Federal Contract Tower,0,6,10,0,16,0,20,64,2,86,0,26,74,2,102,22,0,22,124
11/01/2015,LEB,NH,ANE,EN,Federal Contract Tower,0,15,9,0,24,0,18,2,0,20,0,33,11,0,44,0,0,0,44
11/02/2015,LEB,NH,ANE,EN,Federal Contract Tower,0,12,2,0,14,0,17,42,1,60,0,29,44,1,74,48,6,54,128
11/03/2015,LEB,NH,ANE,EN,Federal Contract Tower,0,2,9,1,12,0,15,9,2,26,0,17,18,3,38,0,0,0,38
11/04/2015,LEB,NH,ANE,EN,Federal Contract Tower,0,8,5,0,13,0,26,45,4,75,0,34,50,4,88,50,6,56,144
11/05/2015,LEB,NH,ANE,EN,Federal Contract Tower,0,10,9,1,20,0,17,29,2,48,0,27,38,3,68,30,0,30,98
11/06/2015,LEB,NH,ANE,EN,Federal Contract Tower,0,20,17,0,37,0,4,23,0,27,0,24,40,0,64,18,0,18,82
11/07/2015,LEB,NH,ANE,EN,Federal Contract Tower,0,19,8,0,27,0,9,43,0,52,0,28,51,0,79,82,0,82,161
11/08/2015,LEB,NH,ANE,EN,Federal Contract Tower,0,20,7,0,27,0,13,40,0,53,0,33,47,0,80,6,0,6,86
11/09/2015,LEB,NH,ANE,EN,Federal Contract Tower,0,5,4,0,9,0,17,64,0,81,0,22,68,0,90,56,0,56,146
11/10/2015,LEB,NH,ANE,EN,Federal Contract Tower,0,14,11,0,25,0,12,30,0,42,0,26,41,0,67,32,0,32,99
11/11/2015,LEB,NH,ANE,EN,Federal Contract Tower,0,15,5,0,20,0,0,1,0,1,0,15,6,0,21,0,0,0,21
11/12/2015,LEB,NH,ANE,EN,Federal Contract Tower,0,16,18,0,34,0,0,0,0,0,0,16,18,0,34,0,0,0,34
11/13/2015,LEB,NH,ANE,EN,Federal Contract Tower,0,26,5,0,31,0,11,8,2,21,0,37,13,2,52,4,0,4,56
11/14/2015,LEB,NH,ANE,EN,Federal Contract Tower,0,15,6,0,21,0,6,4,1,11,0,21,10,1,32,0,0,0,32
11/15/2015,LEB,NH,ANE,EN,Federal Contract Tower,0,3,2,0,5,0,16,32,0,48,0,19,34,0,53,20,0,20,73
11/16/2015,LEB,NH,ANE,EN,Federal Contract Tower,0,6,8,0,14,0,18,38,1,57,0,24,46,1,71,22,0,22,93
11/17/2015,LEB,NH,ANE,EN,Federal Contract Tower,0,6,4,1,11,0,11,28,11,50,0,17,32,12,61,10,0,10,71
11/18/2015,LEB,NH,ANE,EN,Federal Contract Tower,0,8,10,0,18,0,24,39,0,63,0,32,49,0,81,32,0,32,113
11/19/2015,LEB,NH,ANE,EN,Federal Contract Tower,0,24,7,1,32,0,0,0,0,0,0,24,7,1,32,0,0,0,32
11/20/2015,LEB,NH,ANE,EN,Federal Contract Tower,0,9,10,0,19,0,14,28,4,46,0,23,38,4,65,10,6,16,81
11/21/2015,LEB,NH,ANE,EN,Federal Contract Tower,0,10,7,0,17,0,21,56,3,80,0,31,63,3,97,56,0,56,153
11/22/2015,LEB,NH,ANE,EN,Federal Contract Tower,0,18,4,0,22,0,10,21,0,31,0,28,25,0,53,10,0,10,63
11/23/2015,LEB,NH,ANE,EN,Federal Contract Tower,0,7,5,0,12,0,14,33,6,53,0,21,38,6,65,22,0,22,87
11/24/2015,LEB,NH,ANE,EN,Federal Contract Tower,0,11,11,2,24,0,15,28,4,47,0,26,39,6,71,6,4,10,81
11/25/2015,LEB,NH,ANE,EN,Federal Contract Tower,0,8,10,1,19,0,15,37,2,54,0,23,47,3,73,14,0,14,87
11/26/2015,LEB,NH,ANE,EN,Federal Contract Tower,0,9,2,0,11,0,16,6,0,22,0,25,8,0,33,0,0,0,33
11/27/2015,LEB,NH,ANE,EN,Federal Contract Tower,0,6,7,0,13,0,12,16,2,30,0,18,23,2,43,28,0,28,71
11/28/2015,LEB,NH,ANE,EN,Federal Contract Tower,0,15,6,0,21,0,4,0,0,4,0,19,6,0,25,0,0,0,25
11/29/2015,LEB,NH,ANE,EN,Federal Contract Tower,0,8,13,0,21,0,12,33,2,47,0,20,46,2,68,18,0,18,86
11/30/2015,LEB,NH,ANE,EN,Federal Contract Tower,0,11,4,0,15,0,10,6,0,16,0,21,10,0,31,2,0,2,33
12/01/2015,LEB,NH,ANE,EN,Federal Contract Tower,0,10,7,0,17,0,0,0,0,0,0,10,7,0,17,0,0,0,17
12/02/2015,LEB,NH,ANE,EN,Federal Contract Tower,0,11,5,0,16,0,0,0,0,0,0,11,5,0,16,0,0,0,16
12/03/2015,LEB,NH,ANE,EN,Federal Contract Tower,0,9,13,0,22,0,8,0,0,8,0,17,13,0,30,0,0,0,30
12/04/2015,LEB,NH,ANE,EN,Federal Contract Tower,0,19,6,0,25,0,12,11,2,25,0,31,17,2,50,12,0,12,62
12/05/2015,LEB,NH,ANE,EN,Federal Contract Tower,0,2,11,0,13,0,25,42,2,69,0,27,53,2,82,20,0,20,102
12/06/2015,LEB,NH,ANE,EN,Federal Contract Tower,0,1,0,0,1,0,0,0,0,0,0,1,0,0,1,0,0,0,1
12/07/2015,LEB,NH,ANE,EN,Federal Contract Tower,0,9,5,0,14,0,14,26,0,40,0,23,31,0,54,26,0,26,80
12/08/2015,LEB,NH,ANE,EN,Federal Contract Tower,0,14,5,0,19,0,5,35,0,40,0,19,40,0,59,56,0,56,115
12/09/2015,LEB,NH,ANE,EN,Federal Contract Tower,0,14,12,1,27,0,4,18,3,25,0,18,30,4,52,18,16,34,86
12/10/2015,LEB,NH,ANE,EN,Federal Contract Tower,0,11,5,0,16,0,9,4,0,13,0,20,9,0,29,8,0,8,37
12/11/2015,LEB,NH,ANE,EN,Federal Contract Tower,0,12,10,0,22,0,1,2,0,3,0,13,12,0,25,0,0,0,25
12/12/2015,LEB,NH,ANE,EN,Federal Contract Tower,0,5,5,0,10,0,20,47,2,69,0,25,52,2,79,12,0,12,91
12/13/2015,LEB,NH,ANE,EN,Federal Contract Tower,0,11,4,0,15,0,6,19,0,25,0,17,23,0,40,18,0,18,58
12/14/2015,LEB,NH,ANE,EN,Federal Contract Tower,0,10,11,0,21,0,2,0,0,2,0,12,11,0,23,2,0,2,25
12/15/2015,LEB,NH,ANE,EN,Federal Contract Tower,0,12,11,0,23,0,11,3,0,14,0,23,14,0,37,0,0,0,37
12/16/2015,LEB,NH,ANE,EN,Federal Contract Tower,0,10,9,0,19,0,9,37,0,46,0,19,46,0,65,42,0,42,107
12/17/2015,LEB,NH,ANE,EN,Federal Contract Tower,0,12,11,0,23,0,0,0,0,0,0,12,11,0,23,0,0,0,23
12/18/2015,LEB,NH,ANE,EN,Federal Contract Tower,0,20,21,0,41,0,1,17,0,18,0,21,38,0,59,22,0,22,81
12/19/2015,LEB,NH,ANE,EN,Federal Contract Tower,0,12,14,0,26,0,3,2,0,5,0,15,16,0,31,2,0,2,33
12/20/2015,LEB,NH,ANE,EN,Federal Contract Tower,0,7,8,1,16,0,18,38,1,57,0,25,46,2,73,54,0,54,127
12/21/2015,LEB,NH,ANE,EN,Federal Contract Tower,0,8,9,1,18,0,17,34,1,52,0,25,43,2,70,34,0,34,104
12/22/2015,LEB,NH,ANE,EN,Federal Contract Tower,0,18,7,0,25,0,0,0,0,0,0,18,7,0,25,2,0,2,27
12/23/2015,LEB,NH,ANE,EN,Federal Contract Tower,0,5,6,0,11,0,0,3,0,3,0,5,9,0,14,0,0,0,14
12/24/2015,LEB,NH,ANE,EN,Federal Contract Tower,0,14,3,0,17,0,12,18,0,30,0,26,21,0,47,10,0,10,57
12/25/2015,LEB,NH,ANE,EN,Federal Contract Tower,0,9,2,0,11,0,2,22,0,24,0,11,24,0,35,22,0,22,57
12/26/2015,LEB,NH,ANE,EN,Federal Contract Tower,0,9,8,0,17,0,11,35,2,48,0,20,43,2,65,22,0,22,87
12/27/2015,LEB,NH,ANE,EN,Federal Contract Tower,0,15,9,0,24,0,4,0,0,4,0,19,9,0,28,0,0,0,28
12/28/2015,LEB,NH,ANE,EN,Federal Contract Tower,0,8,6,1,15,0,12,16,1,29,0,20,22,2,44,14,0,14,58
12/29/2015,LEB,NH,ANE,EN,Federal Contract Tower,0,2,0,0,2,0,0,0,0,0,0,2,0,0,2,0,0,0,2
12/30/2015,LEB,NH,ANE,EN,Federal Contract Tower,0,12,5,0,17,0,0,0,0,0,0,12,5,0,17,0,0,0,17
12/31/2015,LEB,NH,ANE,EN,Federal Contract Tower,0,12,10,2,24,0,9,5,0,14,0,21,15,2,38,20,0,20,58
01/01/2016,LEB,NH,ANE,EN,Federal Contract Tower,0,15,3,0,18,0,3,8,0,11,0,18,11,0,29,14,0,14,43
01/02/2016,LEB,NH,ANE,EN,Federal Contract Tower,0,12,15,0,27,0,10,21,5,36,0,22,36,5,63,32,0,32,95
01/03/2016,LEB,NH,ANE,EN,Federal Contract Tower,0,17,14,0,31,0,7,9,0,16,0,24,23,0,47,10,0,10,57
01/04/2016,LEB,NH,ANE,EN,Federal Contract Tower,0,11,7,0,18,0,6,30,1,37,0,17,37,1,55,30,0,30,85
01/05/2016,LEB,NH,ANE,EN,Federal Contract Tower,0,4,5,0,9,0,25,48,0,73,0,29,53,0,82,30,0,30,112
01/06/2016,LEB,NH,ANE,EN,Federal Contract Tower,0,6,3,0,9,0,15,41,1,57,0,21,44,1,66,56,0,56,122
01/07/2016,LEB,NH,ANE,EN,Federal Contract Tower,0,7,9,0,16,0,14,49,7,70,0,21,58,7,86,34,2,36,122
01/08/2016,LEB,NH,ANE,EN,Federal Contract Tower,0,26,7,0,33,0,5,34,0,39,0,31,41,0,72,30,0,30,102
01/09/2016,LEB,NH,ANE,EN,Federal Contract Tower,0,12,4,0,16,0,1,4,0,5,0,13,8,0,21,12,0,12,33
01/10/2016,LEB,NH,ANE,EN,Federal Contract Tower,0,3,10,0,13,0,0,0,0,0,0,3,10,0,13,0,0,0,13
01/11/2016,LEB,NH,ANE,EN,Federal Contract Tower,0,6,11,0,17,0,18,14,2,34,0,24,25,2,51,22,0,22,73
01/12/2016,LEB,NH,ANE,EN,Federal Contract Tower,0,14,5,1,20,0,10,3,0,13,0,24,8,1,33,10,0,10,43
01/13/2016,LEB,NH,ANE,EN,Federal Contract Tower,0,8,2,0,10,0,8,25,0,33,0,16,27,0,43,14,0,14,57
01/14/2016,LEB,NH,ANE,EN,Federal Contract Tower,0,13,11,0,24,0,11,27,2,40,0,24,38,2,64,52,0,52,116
01/15/2016,LEB,NH,ANE,EN,Federal Contract Tower,0,20,14,0,34,0,5,11,0,16,0,25,25,0,50,22,0,22,72
01/16/2016,LEB,NH,ANE,EN,Federal Contract Tower,0,13,2,0,15,0,0,0,0,0,0,13,2,0,15,0,0,0,15
01/17/2016,LEB,NH,ANE,EN,Federal Contract Tower,0,9,6,1,16,0,15,29,4,48,0,24,35,5,64,26,0,26,90
01/18/2016,LEB,NH,ANE,EN,Federal Contract Tower,0,24,5,0,29,0,4,21,0,25,0,28,26,0,54,4,0,4,58
01/19/2016,LEB,NH,ANE,EN,Federal Contract Tower,0,14,8,4,26,0,2,16,0,18,0,16,24,4,44,6,0,6,50
01/20/2016,LEB,NH,ANE,EN,Federal Contract Tower,0,10,14,0,24,0,11,26,3,40,0,21,40,3,64,36,0,36,100
01/21/2016,LEB,NH,ANE,EN,Federal Contract Tower,0,11,7,0,18,0,21,40,0,61,0,32,47,0,79,66,0,66,145
01/22/2016,LEB,NH,ANE,EN,Federal Contract Tower,0,13,12,0,25,0,20,40,4,64,0,33,52,4,89,30,0,30,119
01/23/2016,LEB,NH,ANE,EN,Federal Contract Tower,0,5,4,0,9,0,11,35,2,48,0,16,39,2,57,34,0,34,91
01/24/2016,LEB,NH,ANE,EN,Federal Contract Tower,0,13,4,0,17,0,23,32,0,55,0,36,36,0,72,32,0,32,104
01/25/2016,LEB,NH,ANE,EN,Federal Contract Tower,0,8,15,0,23,0,21,34,1,56,0,29,49,1,79,40,10,50,129
01/26/2016,LEB,NH,ANE,EN,Federal Contract Tower,0,9,3,0,12,0,18,32,4,54,0,27,35,4,66,24,0,24,90
01/27/2016,LEB,NH,ANE,EN,Federal Contract Tower,0,15,10,2,27,0,8,28,3,39,0,23,38,5,66,26,0,26,92
01/28/2016,LEB,NH,ANE,EN,Federal Contract Tower,0,5,10,0,15,0,9,34,3,46,0,14,44,3,61,44,2,46,107
01/29/2016,LEB,NH,ANE,EN,Federal Contract Tower,0,26,8,0,34,0,3,9,0,12,0,29,17,0,46,14,0,14,60
01/30/2016,LEB,NH,ANE,EN,Federal Contract Tower,0,9,4,0,13,0,19,38,0,57,0,28,42,0,70,50,0,50,120
01/31/2016,LEB,NH,ANE,EN,Federal Contract Tower,0,6,12,1,19,0,25,43,1,69,0,31,55,2,88,94,0,94,182
02/01/2016,LEB,NH,ANE,EN,Federal Contract Tower,0,13,11,0,24,0,20,39,0,59,0,33,50,0,83,12,0,12,95
02/02/2016,LEB,NH,ANE,EN,Federal Contract Tower,0,7,7,6,20,0,22,50,3,75,0,29,57,9,95,14,34,48,143
02/03/2016,LEB,NH,ANE,EN,Federal Contract Tower,0,17,6,0,23,0,0,0,0,0,0,17,6,0,23,0,0,0,23
02/04/2016,LEB,NH,ANE,EN,Federal Contract Tower,0,5,8,4,17,0,16,26,0,42,0,21,34,4,59,0,4,4,63
02/05/2016,LEB,NH,ANE,EN,Federal Contract Tower,0,14,4,0,18,0,13,10,2,25,0,27,14,2,43,2,0,2,45
02/06/2016,LEB,NH,ANE,EN,Federal Contract Tower,0,9,15,1,25,0,19,38,2,59,0,28,53,3,84,38,0,38,122
02/07/2016,LEB,NH,ANE,EN,Federal Contract Tower,0,6,9,0,15,0,21,39,0,60,0,27,48,0,75,6,0,6,81
02/08/2016,LEB,NH,ANE,EN,Federal Contract Tower,0,6,15,0,21,0,7,16,0,23,0,13,31,0,44,0,0,0,44
02/09/2016,LEB,NH,ANE,EN,Federal Contract Tower,0,13,9,0,22,0,10,31,0,41,0,23,40,0,63,22,0,22,85
02/10/2016,LEB,NH,ANE,EN,Federal Contract Tower,0,12,6,0,18,0,0,2,0,2,0,12,8,0,20,0,0,0,20
02/11/2016,LEB,NH,ANE,EN,Federal Contract Tower,0,14,7,0,21,0,5,4,0,9,0,19,11,0,30,6,0,6,36
02/12/2016,LEB,NH,ANE,EN,Federal Contract Tower,0,12,10,0,22,0,16,33,0,49,0,28,43,0,71,26,0,26,97
02/13/2016,LEB,NH,ANE,EN,Federal Contract Tower,0,10,6,0,16,0,0,19,0,19,0,10,25,0,35,18,0,18,53
02/14/2016,LEB,NH,ANE,EN,Federal Contract Tower,0,8,2,1,11,0,31,33,1,65,0,39,35,2,76,8,0,8,84
02/15/2016,LEB,NH,ANE,EN,Federal Contract Tower,0,7,12,0,19,0,2,26,0,28,0,9,38,0,47,26,0,26,73
02/16/2016,LEB,NH,ANE,EN,Federal Contract Tower,0,6,1,0,7,0,0,0,0,0,0,6,1,0,7,0,0,0,7
02/17/2016,LEB,NH,ANE,EN,Federal Contract Tower,0,13,10,0,23,0,6,20,0,26,0,19,30,0,49,36,0,36,85
02/18/2016,LEB,NH,ANE,EN,Federal Contract Tower,0,11,9,2,22,0,30,29,1,60,0,41,38,3,82,16,2,18,100
02/19/2016,LEB,NH,ANE,EN,Federal Contract Tower,0,13,10,0,23,0,22,58,4,84,0,35,68,4,107,54,4,58,165
02/20/2016,LEB,NH,ANE,EN,Federal Contract Tower,0,9,4,0,13,0,12,39,0,51,0,21,43,0,64,26,0,26,90
02/21/2016,LEB,NH,ANE,EN,Federal Contract Tower,0,21,6,0,27,0,8,52,0,60,0,29,58,0,87,70,0,70,157
02/22/2016,LEB,NH,ANE,EN,Federal Contract Tower,0,3,6,0,9,0,16,22,2,40,0,19,28,2,49,38,0,38,87
02/23/2016,LEB,NH,ANE,EN,Federal Contract Tower,0,10,8,1,19,0,13,45,4,62,0,23,53,5,81,60,14,74,155
02/24/2016,LEB,NH,ANE,EN,Federal Contract Tower,0,7,3,0,10,0,0,0,0,0,0,7,3,0,10,0,0,0,10
02/25/2016,LEB,NH,ANE,EN,Federal Contract Tower,0,15,7,0,22,0,1,2,0,3,0,16,9,0,25,14,0,14,39
02/26/2016,LEB,NH,ANE,EN,Federal Contract Tower,0,7,5,2,14,0,10,47,0,57,0,17,52,2,71,14,0,14,85
02/27/2016,LEB,NH,ANE,EN,Federal Contract Tower,0,5,5,0,10,0,27,50,5,82,0,32,55,5,92,30,2,32,124
02/28/2016,LEB,NH,ANE,EN,Federal Contract Tower,0,11,2,0,13,0,15,51,0,66,0,26,53,0,79,26,0,26,105
03/01/2016,LEB,NH,ANE,EN,Federal Contract Tower,0,9,4,0,13,0,13,20,2,35,0,22,24,2,48,8,8,16,64
03/02/2016,LEB,NH,ANE,EN,Federal Contract Tower,0,11,0,0,11,0,2,11,2,15,0,13,11,2,26,12,0,12,38
03/03/2016,LEB,NH,ANE,EN,Federal Contract Tower,0,6,7,0,13,0,28,23,3,54,0,34,30,3,67,20,0,20,87
03/04/2016,LEB,NH,ANE,EN,Federal Contract Tower,0,18,13,1,32,0,9,27,1,37,0,27,40,2,69,0,0,0,69
03/05/2016,LEB,NH,ANE,EN,Federal Contract Tower,0,11,10,0,21,0,30,60,5,95,0,41,70,5,116,52,8,60,176
03/06/2016,LEB,NH,ANE,EN,Federal Contract Tower,0,12,9,0,21,0,28,45,0,73,0,40,54,0,94,36,0,36,130
03/07/2016,LEB,NH,ANE,EN,Federal Contract Tower,0,6,11,0,17,0,7,33,0,40,0,13,44,0,57,90,0,90,147
03/08/2016,LEB,NH,ANE,EN,Federal Contract Tower,0,11,8,3,22,0,12,39,3,54,0,23,47,6,76,80,2,82,158
03/09/2016,LEB,NH,ANE,EN,Federal Contract Tower,0,6,3,1,10,0,19,23,3,45,0,25,26,4,55,48,0,48,103
03/10/2016,LEB,NH,ANE,EN,Federal Contract Tower,0,16,4,0,20,0,7,2,2,11,0,23,6,2,31,0,0,0,31
03/11/2016,LEB,NH,ANE,EN,Federal Contract Tower,0,10,9,3,22,0,23,44,1,68,0,33,53,4,90,22,0,22,112
03/12/2016,LEB,NH,ANE,EN,Federal Contract Tower,0,7,4,0,11,0,24,52,1,77,0,31,56,1,88,34,0,34,122
03/13/2016,LEB,NH,ANE,EN,Federal Contract Tower,0,3,4,0,7,0,31,65,0,96,0,34,69,0,103,70,0,70,173
03/14/2016,LEB,NH,ANE,EN,Federal Contract Tower,0,14,6,0,20,0,2,20,0,22,0,16,26,0,42,18,0,18,60
03/15/2016,LEB,NH,ANE,EN,Federal Contract Tower,0,19,8,0,27,0,0,8,0,8,0,19,16,0,35,84,0,84,119
03/16/2016,LEB,NH,ANE,EN,Federal Contract Tower,0,12,10,0,22,0,9,22,0,31,0,21,32,0,53,58,0,58,111
03/17/2016,LEB,NH,ANE,EN,Federal Contract Tower,0,9,3,0,12,0,8,10,2,20,0,17,13,2,32,6,0,6,38
03/18/2016,LEB,NH,ANE,EN,Federal Contract Tower,0,15,5,0,20,0,8,45,0,53,0,23,50,0,73,34,0,34,107
03/19/2016,LEB,NH,ANE,EN,Federal Contract Tower,0,2,3,1,6,0,31,75,1,107,0,33,78,2,113,74,0,74,187
03/20/2016,LEB,NH,ANE,EN,Federal Contract Tower,0,1,5,2,8,0,29,58,0,87,0,30,63,2,95,70,0,70,165
03/21/2016,LEB,NH,ANE,EN,Federal Contract Tower,0,10,5,0,15,0,7,16,0,23,0,17,21,0,38,8,0,8,46
03/22/2016,LEB,NH,ANE,EN,Federal Contract Tower,0,5,11,0,16,0,15,30,2,47,0,20,41,2,63,28,0,28,91
03/23/2016,LEB,NH,ANE,EN,Federal Contract Tower,0,8,8,0,16,0,19,5,2,26,0,27,13,2,42,6,0,6,48
03/24/2016,LEB,NH,ANE,EN,Federal Contract Tower,0,11,4,1,16,0,10,6,0,16,0,21,10,1,32,6,2,8,40
03/25/2016,LEB,NH,ANE,EN,Federal Contract Tower,0,14,13,0,27,0,4,0,0,4,0,18,13,0,31,0,0,0,31
03/26/2016,LEB,NH,ANE,EN,Federal Contract Tower,0,10,10,0,20,0,16,100,0,116,0,26,110,0,136,124,0,124,260
03/27/2016,LEB,NH,ANE,EN,Federal Contract Tower,0,15,11,0,26,0,13,53,0,66,0,28,64,0,92,50,0,50,142
03/28/2016,LEB,NH,ANE,EN,Federal Contract Tower,0,20,5,0,25,0,0,0,0,0,0,20,5,0,25,0,0,0,25
03/29/2016,LEB,NH,ANE,EN,Federal Contract Tower,0,12,3,0,15,0,9,31,0,40,0,21,34,0,55,14,0,14,69
03/30/2016,LEB,NH,ANE,EN,Federal Contract Tower,0,7,14,0,21,0,18,53,0,71,0,25,67,0,92,60,0,60,152
03/31/2016,LEB,NH,ANE,EN,Federal Contract Tower,0,6,9,0,15,0,29,23,0,52,0,35,32,0,67,22,0,22,89
04/01/2016,LEB,NH,ANE,EN,Federal Contract Tower,0,15,7,0,22,0,10,29,0,39,0,25,36,0,61,26,0,26,87
04/02/2016,LEB,NH,ANE,EN,Federal Contract Tower,0,15,8,0,23,0,14,44,0,58,0,29,52,0,81,68,0,68,149
04/03/2016,LEB,NH,ANE,EN,Federal Contract Tower,0,12,3,0,15,0,11,4,0,15,0,23,7,0,30,0,0,0,30
04/04/2016,LEB,NH,ANE,EN,Federal Contract Tower,0,8,4,0,12,0,0,0,0,0,0,8,4,0,12,0,0,0,12
04/05/2016,LEB,NH,ANE,EN,Federal Contract Tower,0,9,2,0,11,0,17,68,0,85,0,26,70,0,96,92,0,92,188
04/06/2016,LEB,NH,ANE,EN,Federal Contract Tower,0,14,8,0,22,0,13,41,0,54,0,27,49,0,76,30,0,30,106
04/07/2016,LEB,NH,ANE,EN,Federal Contract Tower,0,13,5,0,18,0,4,0,0,4,0,17,5,0,22,0,0,0,22
04/08/2016,LEB,NH,ANE,EN,Federal Contract Tower,0,16,6,0,22,0,20,49,0,69,0,36,55,0,91,52,0,52,143
04/09/2016,LEB,NH,ANE,EN,Federal Contract Tower,0,16,3,0,19,0,21,45,2,68,0,37,48,2,87,34,0,34,121
04/10/2016,LEB,NH,ANE,EN,Federal Contract Tower,0,6,7,0,13,0,21,67,0,88,0,27,74,0,101,74,0,74,175
04/11/2016,LEB,NH,ANE,EN,Federal Contract Tower,0,18,7,0,25,0,0,4,0,4,0,18,11,0,29,10,0,10,39
04/12/2016,LEB,NH,ANE,EN,Federal Contract Tower,0,11,4,0,15,0,3,12,0,15,0,14,16,0,30,32,0,32,62
04/13/2016,LEB,NH,ANE,EN,Federal Contract Tower,0,3,9,0,12,0,23,58,0,81,0,26,67,0,93,54,0,54,147
04/14/2016,LEB,NH,ANE,EN,Federal Contract Tower,0,3,6,0,9,0,22,33,4,59,0,25,39,4,68,26,0,26,94
04/15/2016,LEB,NH,ANE,EN,Federal Contract Tower,0,5,6,0,11,0,28,100,2,130,0,33,106,2,141,50,0,50,191
04/16/2016,LEB,NH,ANE,EN,Federal Contract Tower,0,6,4,0,10,0,29,80,3,112,0,35,84,3,122,68,0,68,190
04/17/2016,LEB,NH,ANE,EN,Federal Contract Tower,0,7,18,0,25,0,28,72,2,102,0,35,90,2,127,42,2,44,171
04/18/2016,LEB,NH,ANE,EN,Federal Contract Tower,0,5,6,0,11,0,23,41,0,64,0,28,47,0,75,70,0,70,145
04/19/2016,LEB,NH,ANE,EN,Federal Contract Tower,0,11,6,0,17,0,8,8,4,20,0,19,14,4,37,0,0,0,37
04/21/2016,LEB,NH,ANE,EN,Federal Contract Tower,0,2,10,0,12,0,25,39,2,66,0,27,49,2,78,64,0,64,142
04/22/2016,LEB,NH,ANE,EN,Federal Contract Tower,0,10,13,0,23,0,19,60,0,79,0,29,73,0,102,34,0,34,136
04/23/2016,LEB,NH,ANE,EN,Federal Contract Tower,0,16,9,1,26,0,23,59,3,85,0,39,68,4,111,30,0,30,141
04/24/2016,LEB,NH,ANE,EN,Federal Contract Tower,0,6,8,0,14,0,26,58,2,86,0,32,66,2,100,48,8,56,156
04/25/2016,LEB,NH,ANE,EN,Federal Contract Tower,0,2,9,0,11,0,38,49,0,87,0,40,58,0,98,64,0,64,162
04/26/2016,LEB,NH,ANE,EN,Federal Contract Tower,0,14,3,0,17,0,0,0,0,0,0,14,3,0,17,2,0,2,19
04/27/2016,LEB,NH,ANE,EN,Federal Contract Tower,0,2,3,2,7,0,12,33,8,53,0,14,36,10,60,56,14,70,130
04/28/2016,LEB,NH,ANE,EN,Federal Contract Tower,0,8,11,0,19,0,27,44,3,74,0,35,55,3,93,42,12,54,147
04/29/2016,LEB,NH,ANE,EN,Federal Contract Tower,0,22,9,0,31,0,15,67,0,82,0,37,76,0,113,76,0,76,189
04/30/2016,LEB,NH,ANE,EN,Federal Contract Tower,0,5,7,0,12,0,31,111,8,150,0,36,118,8,162,90,6,96,258
05/01/2016,LEB,NH,ANE,EN,Federal Contract Tower,0,15,11,0,26,0,11,20,0,31,0,26,31,0,57,48,0,48,105
05/02/2016,LEB,NH,ANE,EN,Federal Contract Tower,0,15,4,0,19,0,0,0,0,0,0,15,4,0,19,0,0,0,19
05/03/2016,LEB,NH,ANE,EN,Federal Contract Tower,0,15,18,0,33,0,11,14,0,25,0,26,32,0,58,32,0,32,90
05/04/2016,LEB,NH,ANE,EN,Federal Contract Tower,0,15,7,0,22,0,1,6,0,7,0,16,13,0,29,42,0,42,71
05/05/2016,LEB,NH,ANE,EN,Federal Contract Tower,0,17,8,0,25,0,16,9,2,27,0,33,17,2,52,0,0,0,52
05/06/2016,LEB,NH,ANE,EN,Federal Contract Tower,0,19,14,2,35,0,16,95,3,114,0,35,109,5,149,112,0,112,261
05/07/2016,LEB,NH,ANE,EN,Federal Contract Tower,0,21,9,0,30,0,4,44,0,48,0,25,53,0,78,68,0,68,146
05/08/2016,LEB,NH,ANE,EN,Federal Contract Tower,0,19,10,0,29,0,6,2,0,8,0,25,12,0,37,4,0,4,41
05/09/2016,LEB,NH,ANE,EN,Federal Contract Tower,0,12,9,0,21,0,9,49,0,58,0,21,58,0,79,62,0,62,141
05/10/2016,LEB,NH,ANE,EN,Federal Contract Tower,0,12,6,0,18,0,22,60,2,84,0,34,66,2,102,40,0,40,142
05/11/2016,LEB,NH,ANE,EN,Federal Contract Tower,0,7,5,0,12,0,25,48,2,75,0,32,53,2,87,38,10,48,135
05/12/2016,LEB,NH,ANE,EN,Federal Contract Tower,0,9,7,0,16,0,20,73,1,94,0,29,80,1,110,92,0,92,202
05/13/2016,LEB,NH,ANE,EN,Federal Contract Tower,0,20,17,0,37,0,8,25,4,37,0,28,42,4,74,40,0,40,114
05/14/2016,LEB,NH,ANE,EN,Federal Contract Tower,0,9,2,0,11,0,25,81,1,107,0,34,83,1,118,82,0,82,200
05/15/2016,LEB,NH,ANE,EN,Federal Contract Tower,0,18,7,0,25,0,16,36,0,52,0,34,43,0,77,40,0,40,117
05/16/2016,LEB,NH,ANE,EN,Federal Contract Tower,0,16,6,0,22,0,13,5,0,18,0,29,11,0,40,12,0,12,52
05/17/2016,LEB,NH,ANE,EN,Federal Contract Tower,0,8,12,1,21,0,23,37,0,60,0,31,49,1,81,70,2,72,153
05/18/2016,LEB,NH,ANE,EN,Federal Contract Tower,0,20,4,0,24,0,20,38,0,58,0,40,42,0,82,38,0,38,120
05/19/2016,LEB,NH,ANE,EN,Federal Contract Tower,0,13,9,0,22,0,11,31,0,42,0,24,40,0,64,2,0,2,66
05/20/2016,LEB,NH,ANE,EN,Federal Contract Tower,0,22,13,0,35,0,27,78,1,106,0,49,91,1,141,50,0,50,191
05/21/2016,LEB,NH,ANE,EN,Federal Contract Tower,0,5,7,0,12,0,26,80,0,106,0,31,87,0,118,82,0,82,200
05/22/2016,LEB,NH,ANE,EN,Federal Contract Tower,0,17,9,0,26,0,15,63,3,81,0,32,72,3,107,72,0,72,179
05/23/2016,LEB,NH,ANE,EN,Federal Contract Tower,0,17,6,2,25,0,11,57,2,70,0,28,63,4,95,92,2,94,189
05/24/2016,LEB,NH,ANE,EN,Federal Contract Tower,0,14,14,0,28,0,2,6,0,8,0,16,20,0,36,38,0,38,74
05/25/2016,LEB,NH,ANE,EN,Federal Contract Tower,0,15,10,0,25,0,13,62,1,76,0,28,72,1,101,34,0,34,135
05/26/2016,LEB,NH,ANE,EN,Federal Contract Tower,0,13,7,0,20,0,19,59,2,80,0,32,66,2,100,42,0,42,142
05/27/2016,LEB,NH,ANE,EN,Federal Contract Tower,0,16,4,0,20,0,17,90,0,107,0,33,94,0,127,62,0,62,189
05/28/2016,LEB,NH,ANE,EN,Federal Contract Tower,0,18,10,0,28,0,26,72,3,101,0,44,82,3,129,62,0,62,191
05/29/2016,LEB,NH,ANE,EN,Federal Contract Tower,0,17,5,0,22,0,8,14,4,26,0,25,19,4,48,34,0,34,82
05/30/2016,LEB,NH,ANE,EN,Federal Contract Tower,0,14,4,0,18,0,24,18,0,42,0,38,22,0,60,16,0,16,76
05/31/2016,LEB,NH,ANE,EN,Federal Contract Tower,0,6,8,1,15,0,16,33,4,53,0,22,41,5,68,38,4,42,110
06/01/2016,LEB,NH,ANE,EN,Federal Contract Tower,0,14,3,0,17,0,27,38,2,67,0,41,41,2,84,42,0,42,126
06/02/2016,LEB,NH,ANE,EN,Federal Contract Tower,0,16,3,0,19,0,18,26,0,44,0,34,29,0,63,36,0,36,99
06/03/2016,LEB,NH,ANE,EN,Federal Contract Tower,0,19,12,0,31,0,14,47,0,61,0,33,59,0,92,54,0,54,146
06/04/2016,LEB,NH,ANE,EN,Federal Contract Tower,0,15,14,0,29,0,27,75,7,109,0,42,89,7,138,54,6,60,198
06/05/2016,LEB,NH,ANE,EN,Federal Contract Tower,0,10,20,1,31,0,0,0,0,0,0,10,20,1,31,0,0,0,31
06/06/2016,LEB,NH,ANE,EN,Federal Contract Tower,0,13,11,0,24,0,23,51,0,74,0,36,62,0,98,44,0,44,142
06/07/2016,LEB,NH,ANE,EN,Federal Contract Tower,0,14,7,0,21,0,26,19,0,45,0,40,26,0,66,22,0,22,88
06/08/2016,LEB,NH,ANE,EN,Federal Contract Tower,0,15,10,0,25,0,19,16,0,35,0,34,26,0,60,12,0,12,72
06/09/2016,LEB,NH,ANE,EN,Federal Contract Tower,0,22,19,0,41,0,33,9,0,42,0,55,28,0,83,4,0,4,87
06/10/2016,LEB,NH,ANE,EN,Federal Contract Tower,0,29,23,0,52,0,19,79,0,98,0,48,102,0,150,46,0,46,196
06/11/2016,LEB,NH,ANE,EN,Federal Contract Tower,0,26,15,0,41,0,4,34,0,38,0,30,49,0,79,32,0,32,111
06/12/2016,LEB,NH,ANE,EN,Federal Contract Tower,0,48,20,0,68,0,17,21,0,38,0,65,41,0,106,24,0,24,130
06/13/2016,LEB,NH,ANE,EN,Federal Contract Tower,0,20,12,0,32,0,16,41,0,57,0,36,53,0,89,26,0,26,115
06/14/2016,LEB,NH,ANE,EN,Federal Contract Tower,0,11,8,1,20,0,15,19,0,34,0,26,27,1,54,20,0,20,74
06/15/2016,LEB,NH,ANE,EN,Federal Contract Tower,0,11,2,0,13,0,29,21,2,52,0,40,23,2,65,20,0,20,85
06/16/2016,LEB,NH,ANE,EN,Federal Contract Tower,0,16,10,0,26,0,13,45,4,62,0,29,55,4,88,66,0,66,154
06/17/2016,LEB,NH,ANE,EN,Federal Contract Tower,0,11,17,0,28,0,36,81,2,119,0,47,98,2,147,86,0,86,233
06/18/2016,LEB,NH,ANE,EN,Federal Contract Tower,0,13,3,0,16,0,28,98,2,128,0,41,101,2,144,40,0,40,184
06/19/2016,LEB,NH,ANE,EN,Federal Contract Tower,0,12,11,0,23,0,23,100,0,123,0,35,111,0,146,20,0,20,166
06/20/2016,LEB,NH,ANE,EN,Federal Contract Tower,0,11,4,0,15,0,15,38,0,53,0,26,42,0,68,56,0,56,124
06/21/2016,LEB,NH,ANE,EN,Federal Contract Tower,0,12,9,0,21,0,27,33,2,62,0,39,42,2,83,34,0,34,117
06/22/2016,LEB,NH,ANE,EN,Federal Contract Tower,0,11,4,0,15,0,25,31,0,56,0,36,35,0,71,56,0,56,127
06/23/2016,LEB,NH,ANE,EN,Federal Contract Tower,0,15,12,0,27,0,17,32,2,51,0,32,44,2,78,46,0,46,124
06/24/2016,LEB,NH,ANE,EN,Federal Contract Tower,0,16,13,0,29,0,22,90,2,114,0,38,103,2,143,84,0,84,227
06/25/2016,LEB,NH,ANE,EN,Federal Contract Tower,0,11,9,0,20,0,34,93,0,127,0,45,102,0,147,42,0,42,189
06/26/2016,LEB,NH,ANE,EN,Federal Contract Tower,0,13,9,0,22,0,29,69,3,101,0,42,78,3,123,40,0,40,163
06/27/2016,LEB,NH,ANE,EN,Federal Contract Tower,0,15,17,0,32,0,10,49,1,60,0,25,66,1,92,82,0,82,174
06/28/2016,LEB,NH,ANE,EN,Federal Contract Tower,0,14,7,0,21,0,5,13,2,20,0,19,20,2,41,98,0,98,139
06/29/2016,LEB,NH,ANE,EN,Federal Contract Tower,0,10,16,0,26,0,16,31,0,47,0,26,47,0,73,98,0,98,171
06/30/2016,LEB,NH,ANE,EN,Federal Contract Tower,0,13,8,0,21,0,25,48,2,75,0,38,56,2,96,122,0,122,218
07/01/2016,LEB,NH,ANE,EN,Federal Contract Tower,0,13,5,0,18,0,10,56,0,66,0,23,61,0,84,84,0,84,168
07/02/2016,LEB,NH,ANE,EN,Federal Contract Tower,0,16,8,0,24,0,12,54,0,66,0,28,62,0,90,38,0,38,128
07/03/2016,LEB,NH,ANE,EN,Federal Contract Tower,0,10,14,0,24,0,27,64,0,91,0,37,78,0,115,20,0,20,135
07/04/2016,LEB,NH,ANE,EN,Federal Contract Tower,0,12,4,0,16,0,20,70,0,90,0,32,74,0,106,38,0,38,144
07/05/2016,LEB,NH,ANE,EN,Federal Contract Tower,0,13,12,1,26,0,14,30,0,44,0,27,42,1,70,38,0,38,108
07/06/2016,LEB,NH,ANE,EN,Federal Contract Tower,0,14,8,0,22,0,21,53,2,76,0,35,61,2,98,46,2,48,146
07/07/2016,LEB,NH,ANE,EN,Federal Contract Tower,0,17,6,0,23,0,8,27,3,38,0,25,33,3,61,48,0,48,109
07/08/2016,LEB,NH,ANE,EN,Federal Contract Tower,0,21,12,0,33,0,11,59,0,70,0,32,71,0,103,42,0,42,145
07/09/2016,LEB,NH,ANE,EN,Federal Contract Tower,0,14,5,0,19,0,0,0,0,0,0,14,5,0,19,0,0,0,19
07/10/2016,LEB,NH,ANE,EN,Federal Contract Tower,0,34,17,1,52,0,2,1,0,3,0,36,18,1,55,0,0,0,55
07/11/2016,LEB,NH,ANE,EN,Federal Contract Tower,0,14,6,0,20,0,20,57,0,77,0,34,63,0,97,84,0,84,181
07/12/2016,LEB,NH,ANE,EN,Federal Contract Tower,0,7,11,0,18,0,25,42,0,67,0,32,53,0,85,106,0,106,191
07/13/2016,LEB,NH,ANE,EN,Federal Contract Tower,0,5,9,0,14,0,24,45,0,69,0,29,54,0,83,40,0,40,123
07/14/2016,LEB,NH,ANE,EN,Federal Contract Tower,0,15,9,0,24,0,7,15,0,22,0,22,24,0,46,10,0,10,56
07/15/2016,LEB,NH,ANE,EN,Federal Contract Tower,0,18,12,1,31,0,18,75,5,98,0,36,87,6,129,52,12,64,193
07/16/2016,LEB,NH,ANE,EN,Federal Contract Tower,0,18,8,2,28,0,17,91,0,108,0,35,99,2,136,84,0,84,220
07/17/2016,LEB,NH,ANE,EN,Federal Contract Tower,0,19,8,0,27,0,8,43,1,52,0,27,51,1,79,24,0,24,103
07/18/2016,LEB,NH,ANE,EN,Federal Contract Tower,0,14,3,0,17,0,15,36,4,55,0,29,39,4,72,46,0,46,118
07/19/2016,LEB,NH,ANE,EN,Federal Contract Tower,0,14,7,0,21,0,11,42,4,57,0,25,49,4,78,78,4,82,160
07/20/2016,LEB,NH,ANE,EN,Federal Contract Tower,0,22,5,0,27,0,16,61,7,84,0,38,66,7,111,60,10,70,181
07/21/2016,LEB,NH,ANE,EN,Federal Contract Tower,0,8,15,0,23,0,26,40,3,69,0,34,55,3,92,64,0,64,156
07/22/2016,LEB,NH,ANE,EN,Federal Contract Tower,0,24,7,0,31,0,34,68,5,107,0,58,75,5,138,56,0,56,194
07/23/2016,LEB,NH,ANE,EN,Federal Contract Tower,0,19,8,1,28,0,12,64,1,77,0,31,72,2,105,58,0,58,163
07/24/2016,LEB,NH,ANE,EN,Federal Contract Tower,0,31,12,0,43,0,36,69,0,105,0,67,81,0,148,46,0,46,194
07/25/2016,LEB,NH,ANE,EN,Federal Contract Tower,0,8,15,0,23,0,23,48,1,72,0,31,63,1,95,114,0,114,209
07/26/2016,LEB,NH,ANE,EN,Federal Contract Tower,0,8,8,0,16,0,15,31,1,47,0,23,39,1,63,44,0,44,107
07/27/2016,LEB,NH,ANE,EN,Federal Contract Tower,0,6,12,0,18,0,20,46,0,66,0,26,58,0,84,12,0,12,96
07/28/2016,LEB,NH,ANE,EN,Federal Contract Tower,0,7,9,0,16,0,21,28,1,50,0,28,37,1,66,24,0,24,90
07/29/2016,LEB,NH,ANE,EN,Federal Contract Tower,0,33,13,0,46,0,24,64,6,94,0,57,77,6,140,46,0,46,186
07/30/2016,LEB,NH,ANE,EN,Federal Contract Tower,0,9,10,0,19,0,20,75,0,95,0,29,85,0,114,46,0,46,160
07/31/2016,LEB,NH,ANE,EN,Federal Contract Tower,0,32,8,0,40,0,3,1,0,4,0,35,9,0,44,0,0,0,44
08/01/2016,LEB,NH,ANE,EN,Federal Contract Tower,0,15,21,0,36,0,0,0,0,0,0,15,21,0,36,0,0,0,36
08/02/2016,LEB,NH,ANE,EN,Federal Contract Tower,0,14,23,0,37,0,16,16,3,35,0,30,39,3,72,34,0,34,106
08/03/2016,LEB,NH,ANE,EN,Federal Contract Tower,0,11,22,1,34,0,20,45,0,65,0,31,67,1,99,30,2,32,131
08/04/2016,LEB,NH,ANE,EN,Federal Contract Tower,0,11,13,0,24,0,19,29,0,48,0,30,42,0,72,0,0,0,72
08/05/2016,LEB,NH,ANE,EN,Federal Contract Tower,0,21,15,0,36,0,21,78,0,99,0,42,93,0,135,76,0,76,211
08/06/2016,LEB,NH,ANE,EN,Federal Contract Tower,0,14,6,0,20,0,20,59,2,81,0,34,65,2,101,18,0,18,119
08/07/2016,LEB,NH,ANE,EN,Federal Contract Tower,0,18,11,0,29,0,18,42,0,60,0,36,53,0,89,20,0,20,109
08/08/2016,LEB,NH,ANE,EN,Federal Contract Tower,0,10,11,0,21,0,17,57,3,77,0,27,68,3,98,44,2,46,144
08/09/2016,LEB,NH,ANE,EN,Federal Contract Tower,0,11,5,0,16,0,15,40,2,57,0,26,45,2,73,44,0,44,117
08/10/2016,LEB,NH,ANE,EN,Federal Contract Tower,0,20,15,0,35,0,10,5,0,15,0,30,20,0,50,24,0,24,74
08/11/2016,LEB,NH,ANE,EN,Federal Contract Tower,0,14,9,0,23,0,19,55,0,74,0,33,64,0,97,60,0,60,157
08/12/2016,LEB,NH,ANE,EN,Federal Contract Tower,0,28,12,0,40,0,18,40,2,60,0,46,52,2,100,72,0,72,172
08/13/2016,LEB,NH,ANE,EN,Federal Contract Tower,0,19,14,0,33,0,2,6,0,8,0,21,20,0,41,4,0,4,45
08/14/2016,LEB,NH,ANE,EN,Federal Contract Tower,0,14,12,0,26,0,22,10,0,32,0,36,22,0,58,16,0,16,74
08/15/2016,LEB,NH,ANE,EN,Federal Contract Tower,0,24,8,1,33,0,12,43,0,55,0,36,51,1,88,54,2,56,144
08/16/2016,LEB,NH,ANE,EN,Federal Contract Tower,0,15,10,0,25,0,1,1,0,2,0,16,11,0,27,0,0,0,27
08/17/2016,LEB,NH,ANE,EN,Federal Contract Tower,0,10,11,0,21,0,22,16,0,38,0,32,27,0,59,44,0,44,103
08/18/2016,LEB,NH,ANE,EN,Federal Contract Tower,0,10,16,0,26,0,22,66,0,88,0,32,82,0,114,90,0,90,204
08/19/2016,LEB,NH,ANE,EN,Federal Contract Tower,0,15,14,0,29,0,17,69,0,86,0,32,83,0,115,80,0,80,195
08/20/2016,LEB,NH,ANE,EN,Federal Contract Tower,0,19,10,0,29,0,12,50,0,62,0,31,60,0,91,36,0,36,127
08/21/2016,LEB,NH,ANE,EN,Federal Contract Tower,0,26,12,0,38,0,19,27,0,46,0,45,39,0,84,22,0,22,106
08/22/2016,LEB,NH,ANE,EN,Federal Contract Tower,0,17,8,0,25,0,25,39,2,66,0,42,47,2,91,70,0,70,161
08/23/2016,LEB,NH,ANE,EN,Federal Contract Tower,0,9,5,0,14,0,16,64,6,86,0,25,69,6,100,66,6,72,172
08/24/2016,LEB,NH,ANE,EN,Federal Contract Tower,0,14,15,0,29,0,33,61,9,103,0,47,76,9,132,138,0,138,270
08/25/2016,LEB,NH,ANE,EN,Federal Contract Tower,0,14,9,0,23,0,6,31,0,37,0,20,40,0,60,72,0,72,132
08/26/2016,LEB,NH,ANE,EN,Federal Contract Tower,0,20,15,0,35,0,17,51,2,70,0,37,66,2,105,46,0,46,151
08/27/2016,LEB,NH,ANE,EN,Federal Contract Tower,0,8,9,0,17,0,23,48,7,78,0,31,57,7,95,22,0,22,117
08/28/2016,LEB,NH,ANE,EN,Federal Contract Tower,0,23,9,0,32,0,17,51,0,68,0,40,60,0,100,20,0,20,120
08/29/2016,LEB,NH,ANE,EN,Federal Contract Tower,0,22,7,0,29,0,20,41,4,65,0,42,48,4,94,60,6,66,160
08/30/2016,LEB,NH,ANE,EN,Federal Contract Tower,0,13,6,0,19,0,28,30,4,62,0,41,36,4,81,10,4,14,95
08/31/2016,LEB,NH,ANE,EN,Federal Contract Tower,0,6,2,2,10,0,24,18,0,42,0,30,20,2,52,32,0,32,84
09/01/2016,LEB,NH,ANE,EN,Federal Contract Tower,0,14,8,0,22,0,17,44,0,61,0,31,52,0,83,152,0,152,235
09/02/2016,LEB,NH,ANE,EN,Federal Contract Tower,0,17,13,0,30,0,20,61,2,83,0,37,74,2,113,70,0,70,183
09/03/2016,LEB,NH,ANE,EN,Federal Contract Tower,0,17,14,0,31,0,23,52,0,75,0,40,66,0,106,46,0,46,152
09/04/2016,LEB,NH,ANE,EN,Federal Contract Tower,0,15,3,0,18,0,17,54,0,71,0,32,57,0,89,6,0,6,95
09/05/2016,LEB,NH,ANE,EN,Federal Contract Tower,0,26,5,0,31,0,25,65,0,90,0,51,70,0,121,50,0,50,171
09/06/2016,LEB,NH,ANE,EN,Federal Contract Tower,0,25,11,1,37,0,17,16,2,35,0,42,27,3,72,0,2,2,74
09/07/2016,LEB,NH,ANE,EN,Federal Contract Tower,0,22,18,1,41,0,11,30,1,42,0,33,48,2,83,10,0,10,93
09/08/2016,LEB,NH,ANE,EN,Federal Contract Tower,0,21,8,0,29,0,14,10,2,26,0,35,18,2,55,0,0,0,55
09/09/2016,LEB,NH,ANE,EN,Federal Contract Tower,0,24,23,0,47,0,37,68,0,105,0,61,91,0,152,58,0,58,210
09/10/2016,LEB,NH,ANE,EN,Federal Contract Tower,0,13,13,0,26,0,18,35,2,55,0,31,48,2,81,28,0,28,109
09/11/2016,LEB,NH,ANE,EN,Federal Contract Tower,0,25,12,0,37,0,6,10,0,16,0,31,22,0,53,0,0,0,53
09/12/2016,LEB,NH,ANE,EN,Federal Contract Tower,0,8,14,0,22,0,16,30,0,46,0,24,44,0,68,14,0,14,82
09/13/2016,LEB,NH,ANE,EN,Federal Contract Tower,0,7,8,0,15,0,10,38,2,50,0,17,46,2,65,36,8,44,109
09/14/2016,LEB,NH,ANE,EN,Federal Contract Tower,0,11,6,0,17,0,5,9,1,15,0,16,15,1,32,18,0,18,50
09/15/2016,LEB,NH,ANE,EN,Federal Contract Tower,0,12,6,0,18,0,14,37,0,51,0,26,43,0,69,20,0,20,89
09/16/2016,LEB,NH,ANE,EN,Federal Contract Tower,0,23,10,0,33,0,29,75,2,106,0,52,85,2,139,6,0,6,145
09/17/2016,LEB,NH,ANE,EN,Federal Contract Tower,0,10,9,0,19,0,21,47,0,68,0,31,56,0,87,20,0,20,107
09/18/2016,LEB,NH,ANE,EN,Federal Contract Tower,0,21,14,0,35,0,5,1,0,6,0,26,15,0,41,0,0,0,41
09/19/2016,LEB,NH,ANE,EN,Federal Contract Tower,0,13,9,1,23,0,3,7,0,10,0,16,16,1,33,48,0,48,81
09/20/2016,LEB,NH,ANE,EN,Federal Contract Tower,0,14,5,0,19,0,24,23,2,49,0,38,28,2,68,4,0,4,72
09/21/2016,LEB,NH,ANE,EN,Federal Contract Tower,0,12,5,0,17,0,19,50,2,71,0,31,55,2,88,38,0,38,126
09/22/2016,LEB,NH,ANE,EN,Federal Contract Tower,0,17,10,1,28,0,25,62,5,92,0,42,72,6,120,14,10,24,144
09/23/2016,LEB,NH,ANE,EN,Federal Contract Tower,0,16,10,0,26,0,5,0,0,5,0,21,10,0,31,0,0,0,31
09/24/2016,LEB,NH,ANE,EN,Federal Contract Tower,0,11,10,0,21,0,21,106,0,127,0,32,116,0,148,22,0,22,170
09/25/2016,LEB,NH,ANE,EN,Federal Contract Tower,0,25,5,0,30,0,17,49,1,67,0,42,54,1,97,48,0,48,145
09/26/2016,LEB,NH,ANE,EN,Federal Contract Tower,0,23,3,0,26,0,9,38,0,47,0,32,41,0,73,34,0,34,107
09/27/2016,LEB,NH,ANE,EN,Federal Contract Tower,0,22,7,0,29,0,9,24,0,33,0,31,31,0,62,44,0,44,106
09/28/2016,LEB,NH,ANE,EN,Federal Contract Tower,0,23,9,0,32,0,4,51,0,55,0,27,60,0,87,26,0,26,113
09/29/2016,LEB,NH,ANE,EN,Federal Contract Tower,0,20,3,0,23,0,9,73,6,88,0,29,76,6,111,64,0,64,175
09/30/2016,LEB,NH,ANE,EN,Federal Contract Tower,0,25,24,0,49,0,13,67,0,80,0,38,91,0,129,52,0,52,181
10/01/2016,LEB,NH,ANE,EN,Federal Contract Tower,0,20,12,0,32,0,6,16,0,22,0,26,28,0,54,40,0,40,94
10/02/2016,LEB,NH,ANE,EN,Federal Contract Tower,0,24,12,0,36,0,0,6,0,6,0,24,18,0,42,0,0,0,42
10/03/2016,LEB,NH,ANE,EN,Federal Contract Tower,0,32,8,0,40,0,13,43,0,56,0,45,51,0,96,38,0,38,134
10/04/2016,LEB,NH,ANE,EN,Federal Contract Tower,0,13,17,0,30,0,6,20,0,26,0,19,37,0,56,42,0,42,98
10/05/2016,LEB,NH,ANE,EN,Federal Contract Tower,0,11,17,0,28,0,6,49,0,55,0,17,66,0,83,34,0,34,117
10/06/2016,LEB,NH,ANE,EN,Federal Contract Tower,0,17,9,0,26,0,10,69,3,82,0,27,78,3,108,64,0,64,172
10/07/2016,LEB,NH,ANE,EN,Federal Contract Tower,0,19,13,1,33,0,17,76,3,96,0,36,89,4,129,48,0,48,177
10/08/2016,LEB,NH,ANE,EN,Federal Contract Tower,0,18,7,0,25,0,17,48,0,65,0,35,55,0,90,30,0,30,120
10/09/2016,LEB,NH,ANE,EN,Federal Contract Tower,0,21,14,0,35,0,10,20,0,30,0,31,34,0,65,10,0,10,75
10/10/2016,LEB,NH,ANE,EN,Federal Contract Tower,0,24,15,0,39,0,8,58,0,66,0,32,73,0,105,38,0,38,143
10/11/2016,LEB,NH,ANE,EN,Federal Contract Tower,0,10,11,1,22,0,21,44,2,67,0,31,55,3,89,64,8,72,161
10/12/2016,LEB,NH,ANE,EN,Federal Contract Tower,0,12,8,0,20,0,15,43,0,58,0,27,51,0,78,76,0,76,154
10/13/2016,LEB,NH,ANE,EN,Federal Contract Tower,0,35,11,0,46,0,14,34,2,50,0,49,45,2,96,28,8,36,132
10/14/2016,LEB,NH,ANE,EN,Federal Contract Tower,0,22,14,0,36,0,23,77,0,100,0,45,91,0,136,40,0,40,176
10/15/2016,LEB,NH,ANE,EN,Federal Contract Tower,0,22,13,0,35,0,23,80,4,107,0,45,93,4,142,24,0,24,166
10/16/2016,LEB,NH,ANE,EN,Federal Contract Tower,0,26,17,0,43,0,10,61,1,72,0,36,78,1,115,40,0,40,155
10/17/2016,LEB,NH,ANE,EN,Federal Contract Tower,0,15,7,0,22,0,8,7,0,15,0,23,14,0,37,14,0,14,51
10/18/2016,LEB,NH,ANE,EN,Federal Contract Tower,0,12,10,0,22,0,3,21,0,24,0,15,31,0,46,24,0,24,70
10/19/2016,LEB,NH,ANE,EN,Federal Contract Tower,0,15,13,2,30,0,20,44,6,70,0,35,57,8,100,16,4,20,120
10/20/2016,LEB,NH,ANE,EN,Federal Contract Tower,0,21,13,0,34,0,7,22,2,31,0,28,35,2,65,46,0,46,111
10/21/2016,LEB,NH,ANE,EN,Federal Contract Tower,0,30,17,0,47,0,0,5,0,5,0,30,22,0,52,30,0,30,82
10/22/2016,LEB,NH,ANE,EN,Federal Contract Tower,0,24,15,0,39,0,0,0,0,0,0,24,15,0,39,0,0,0,39
10/23/2016,LEB,NH,ANE,EN,Federal Contract Tower,0,22,6,0,28,0,10,6,0,16,0,32,12,0,44,0,0,0,44
10/24/2016,LEB,NH,ANE,EN,Federal Contract Tower,0,22,13,0,35,0,12,43,1,56,0,34,56,1,91,26,0,26,117
10/25/2016,LEB,NH,ANE,EN,Federal Contract Tower,0,19,7,0,26,0,9,21,0,30,0,28,28,0,56,34,0,34,90
10/26/2016,LEB,NH,ANE,EN,Federal Contract Tower,0,15,14,0,29,0,8,20,0,28,0,23,34,0,57,10,0,10,67
10/27/2016,LEB,NH,ANE,EN,Federal Contract Tower,0,25,8,0,33,0,3,13,0,16,0,28,21,0,49,20,0,20,69
10/28/2016,LEB,NH,ANE,EN,Federal Contract Tower,0,29,10,0,39,0,0,0,0,0,0,29,10,0,39,0,0,0,39
10/29/2016,LEB,NH,ANE,EN,Federal Contract Tower,0,28,14,0,42,0,1,1,0,2,0,29,15,0,44,4,0,4,48
10/30/2016,LEB,NH,ANE,EN,Federal Contract Tower,0,28,17,2,47,0,3,0,0,3,0,31,17,2,50,0,0,0,50
10/31/2016,LEB,NH,ANE,EN,Federal Contract Tower,0,19,8,2,29,0,7,24,10,41,0,26,32,12,70,10,0,10,80
11/01/2016,LEB,NH,ANE,EN,Federal Contract Tower,0,15,10,0,25,0,6,28,0,34,0,21,38,0,59,34,0,34,93
11/02/2016,LEB,NH,ANE,EN,Federal Contract Tower,0,12,13,0,25,0,11,43,2,56,0,23,56,2,81,22,0,22,103
11/03/2016,LEB,NH,ANE,EN,Federal Contract Tower,0,16,7,0,23,0,6,0,0,6,0,22,7,0,29,2,0,2,31
11/04/2016,LEB,NH,ANE,EN,Federal Contract Tower,0,17,13,0,30,0,19,35,0,54,0,36,48,0,84,40,0,40,124
11/05/2016,LEB,NH,ANE,EN,Federal Contract Tower,0,25,5,2,32,0,6,25,2,33,0,31,30,4,65,44,0,44,109
11/06/2016,LEB,NH,ANE,EN,Federal Contract Tower,0,18,6,2,26,0,13,34,0,47,0,31,40,2,73,60,0,60,133
11/07/2016,LEB,NH,ANE,EN,Federal Contract Tower,0,11,7,2,20,0,21,53,0,74,0,32,60,2,94,20,0,20,114
11/08/2016,LEB,NH,ANE,EN,Federal Contract Tower,0,9,11,0,20,0,14,47,0,61,0,23,58,0,81,58,0,58,139
11/09/2016,LEB,NH,ANE,EN,Federal Contract Tower,0,21,8,0,29,0,9,8,0,17,0,30,16,0,46,18,0,18,64
11/10/2016,LEB,NH,ANE,EN,Federal Contract Tower,0,13,7,0,20,0,20,39,0,59,0,33,46,0,79,50,0,50,129
11/11/2016,LEB,NH,ANE,EN,Federal Contract Tower,0,28,3,0,31,0,2,11,0,13,0,30,14,0,44,0,0,0,44
11/12/2016,LEB,NH,ANE,EN,Federal Contract Tower,0,19,3,1,23,0,16,43,2,61,0,35,46,3,84,28,0,28,112
11/13/2016,LEB,NH,ANE,EN,Federal Contract Tower,0,21,7,0,28,0,14,70,0,84,0,35,77,0,112,42,0,42,154
11/14/2016,LEB,NH,ANE,EN,Federal Contract Tower,0,12,6,0,18,0,9,52,0,61,0,21,58,0,79,28,0,28,107
11/15/2016,LEB,NH,ANE,EN,Federal Contract Tower,0,13,7,0,20,0,4,23,0,27,0,17,30,0,47,6,0,6,53
11/16/2016,LEB,NH,ANE,EN,Federal Contract Tower,0,18,15,2,35,0,0,4,2,6,0,18,19,4,41,24,0,24,65
11/17/2016,LEB,NH,ANE,EN,Federal Contract Tower,0,29,11,0,40,0,7,6,2,15,0,36,17,2,55,34,0,34,89
11/18/2016,LEB,NH,ANE,EN,Federal Contract Tower,0,30,7,1,38,0,16,66,0,82,0,46,73,1,120,70,0,70,190
11/19/2016,LEB,NH,ANE,EN,Federal Contract Tower,0,21,15,2,38,0,9,56,8,73,0,30,71,10,111,14,0,14,125
11/20/2016,LEB,NH,ANE,EN,Federal Contract Tower,0,10,1,0,11,0,0,0,0,0,0,10,1,0,11,0,0,0,11
11/22/2016,LEB,NH,ANE,EN,Federal Contract Tower,0,22,15,0,37,0,8,2,0,10,0,30,17,0,47,0,0,0,47
11/23/2016,LEB,NH,ANE,EN,Federal Contract Tower,0,19,10,0,29,0,7,25,0,32,0,26,35,0,61,54,0,54,115
11/24/2016,LEB,NH,ANE,EN,Federal Contract Tower,0,15,2,0,17,0,0,0,0,0,0,15,2,0,17,0,0,0,17
11/25/2016,LEB,NH,ANE,EN,Federal Contract Tower,0,19,1,0,20,0,0,0,0,0,0,19,1,0,20,0,0,0,20
11/26/2016,LEB,NH,ANE,EN,Federal Contract Tower,0,10,2,0,12,0,0,0,0,0,0,10,2,0,12,0,0,0,12
11/27/2016,LEB,NH,ANE,EN,Federal Contract Tower,0,21,12,0,33,0,5,21,0,26,0,26,33,0,59,20,0,20,79
11/28/2016,LEB,NH,ANE,EN,Federal Contract Tower,0,15,6,2,23,0,13,23,1,37,0,28,29,3,60,20,4,24,84
11/29/2016,LEB,NH,ANE,EN,Federal Contract Tower,0,15,7,0,22,0,0,0,0,0,0,15,7,0,22,0,0,0,22
11/30/2016,LEB,NH,ANE,EN,Federal Contract Tower,0,7,3,0,10,0,0,0,0,0,0,7,3,0,10,0,0,0,10
12/01/2016,LEB,NH,ANE,EN,Federal Contract Tower,0,18,10,1,29,0,12,15,0,27,0,30,25,1,56,2,2,4,60
12/02/2016,LEB,NH,ANE,EN,Federal Contract Tower,0,18,10,0,28,0,9,31,0,40,0,27,41,0,68,24,0,24,92
12/03/2016,LEB,NH,ANE,EN,Federal Contract Tower,0,14,1,0,15,0,2,8,0,10,0,16,9,0,25,0,0,0,25
12/04/2016,LEB,NH,ANE,EN,Federal Contract Tower,0,18,9,1,28,0,19,29,2,50,0,37,38,3,78,16,12,28,106
12/05/2016,LEB,NH,ANE,EN,Federal Contract Tower,0,0,5,0,5,0,0,0,0,0,0,0,5,0,5,0,0,0,5
12/06/2016,LEB,NH,ANE,EN,Federal Contract Tower,0,16,16,0,32,0,5,22,3,30,0,21,38,3,62,22,0,22,84
12/07/2016,LEB,NH,ANE,EN,Federal Contract Tower,0,12,13,0,25,0,0,0,0,0,0,12,13,0,25,0,0,0,25
12/08/2016,LEB,NH,ANE,EN,Federal Contract Tower,0,16,5,0,21,0,4,6,0,10,0,20,11,0,31,2,0,2,33
12/09/2016,LEB,NH,ANE,EN,Federal Contract Tower,0,15,7,0,22,0,28,50,0,78,0,43,57,0,100,0,0,0,100
12/10/2016,LEB,NH,ANE,EN,Federal Contract Tower,0,9,3,0,12,0,4,32,0,36,0,13,35,0,48,38,0,38,86
12/11/2016,LEB,NH,ANE,EN,Federal Contract Tower,0,11,7,0,18,0,11,34,0,45,0,22,41,0,63,38,0,38,101
12/12/2016,LEB,NH,ANE,EN,Federal Contract Tower,0,9,6,0,15,0,3,0,0,3,0,12,6,0,18,0,0,0,18
12/13/2016,LEB,NH,ANE,EN,Federal Contract Tower,0,15,2,0,17,0,11,20,2,33,0,26,22,2,50,14,2,16,66
12/14/2016,LEB,NH,ANE,EN,Federal Contract Tower,0,13,9,0,22,0,12,25,0,37,0,25,34,0,59,28,0,28,87
12/15/2016,LEB,NH,ANE,EN,Federal Contract Tower,0,13,5,0,18,0,13,4,0,17,0,26,9,0,35,20,0,20,55
12/16/2016,LEB,NH,ANE,EN,Federal Contract Tower,0,11,8,1,20,0,18,28,0,46,0,29,36,1,66,56,0,56,122
12/17/2016,LEB,NH,ANE,EN,Federal Contract Tower,0,4,0,0,4,0,0,0,0,0,0,4,0,0,4,0,0,0,4
12/18/2016,LEB,NH,ANE,EN,Federal Contract Tower,0,9,5,0,14,0,4,0,0,4,0,13,5,0,18,0,0,0,18
12/19/2016,LEB,NH,ANE,EN,Federal Contract Tower,0,5,5,0,10,0,10,37,0,47,0,15,42,0,57,14,0,14,71
12/20/2016,LEB,NH,ANE,EN,Federal Contract Tower,0,10,5,0,15,0,16,37,1,54,0,26,42,1,69,12,0,12,81
12/21/2016,LEB,NH,ANE,EN,Federal Contract Tower,0,10,7,3,20,0,14,22,0,36,0,24,29,3,56,34,0,34,90
12/22/2016,LEB,NH,ANE,EN,Federal Contract Tower,0,13,4,0,17,0,4,6,0,10,0,17,10,0,27,10,0,10,37
12/23/2016,LEB,NH,ANE,EN,Federal Contract Tower,0,12,11,0,23,0,18,32,2,52,0,30,43,2,75,22,4,26,101
12/24/2016,LEB,NH,ANE,EN,Federal Contract Tower,0,11,1,0,12,0,2,0,0,2,0,13,1,0,14,0,0,0,14
12/25/2016,LEB,NH,ANE,EN,Federal Contract Tower,0,8,1,0,9,0,19,8,0,27,0,27,9,0,36,0,0,0,36
12/26/2016,LEB,NH,ANE,EN,Federal Contract Tower,0,6,9,0,15,0,8,24,0,32,0,14,33,0,47,12,0,12,59
12/27/2016,LEB,NH,ANE,EN,Federal Contract Tower,0,18,10,0,28,0,7,30,0,37,0,25,40,0,65,96,0,96,161
12/28/2016,LEB,NH,ANE,EN,Federal Contract Tower,0,17,12,0,29,0,12,22,5,39,0,29,34,5,68,28,6,34,102
12/29/2016,LEB,NH,ANE,EN,Federal Contract Tower,0,4,2,0,6,0,0,0,0,0,0,4,2,0,6,0,0,0,6
12/30/2016,LEB,NH,ANE,EN,Federal Contract Tower,0,15,7,0,22,0,9,7,0,16,0,24,14,0,38,12,0,12,50
12/31/2016,LEB,NH,ANE,EN,Federal Contract Tower,0,8,4,0,12,0,11,17,2,30,0,19,21,2,42,14,0,14,56
01/01/2017,LEB,NH,ANE,EN,Federal Contract Tower,0,10,6,0,16,0,20,17,0,37,0,30,23,0,53,24,0,24,77
01/02/2017,LEB,NH,ANE,EN,Federal Contract Tower,0,7,13,0,20,0,17,34,0,51,0,24,47,0,71,30,0,30,101
01/03/2017,LEB,NH,ANE,EN,Federal Contract Tower,0,20,1,0,21,0,0,0,0,0,0,20,1,0,21,0,0,0,21
01/04/2017,LEB,NH,ANE,EN,Federal Contract Tower,0,14,4,0,18,0,4,17,0,21,0,18,21,0,39,8,0,8,47
01/05/2017,LEB,NH,ANE,EN,Federal Contract Tower,0,13,5,0,18,0,12,25,0,37,0,25,30,0,55,74,0,74,129
01/06/2017,LEB,NH,ANE,EN,Federal Contract Tower,0,15,5,0,20,0,17,23,1,41,0,32,28,1,61,42,0,42,103
01/07/2017,LEB,NH,ANE,EN,Federal Contract Tower,0,2,5,0,7,0,13,22,2,37,0,15,27,2,44,50,0,50,94
01/08/2017,LEB,NH,ANE,EN,Federal Contract Tower,0,7,4,0,11,0,8,16,0,24,0,15,20,0,35,10,0,10,45
01/09/2017,LEB,NH,ANE,EN,Federal Contract Tower,0,7,6,0,13,0,23,22,0,45,0,30,28,0,58,18,0,18,76
01/10/2017,LEB,NH,ANE,EN,Federal Contract Tower,0,8,3,0,11,0,8,12,0,20,0,16,15,0,31,2,0,2,33
01/11/2017,LEB,NH,ANE,EN,Federal Contract Tower,0,9,1,0,10,0,17,19,0,36,0,26,20,0,46,22,0,22,68
01/12/2017,LEB,NH,ANE,EN,Federal Contract Tower,0,13,6,0,19,0,0,0,0,0,0,13,6,0,19,0,0,0,19
01/13/2017,LEB,NH,ANE,EN,Federal Contract Tower,0,17,7,1,25,0,11,38,4,53,0,28,45,5,78,26,0,26,104
01/14/2017,LEB,NH,ANE,EN,Federal Contract Tower,0,8,5,1,14,0,13,54,8,75,0,21,59,9,89,22,0,22,111
01/15/2017,LEB,NH,ANE,EN,Federal Contract Tower,0,13,8,1,22,0,28,36,4,68,0,41,44,5,90,14,0,14,104
01/16/2017,LEB,NH,ANE,EN,Federal Contract Tower,0,10,8,0,18,0,32,56,0,88,0,42,64,0,106,72,0,72,178
01/17/2017,LEB,NH,ANE,EN,Federal Contract Tower,0,17,6,0,23,0,4,15,2,21,0,21,21,2,44,50,8,58,102
01/18/2017,LEB,NH,ANE,EN,Federal Contract Tower,0,15,0,0,15,0,0,0,0,0,0,15,0,0,15,0,0,0,15
01/19/2017,LEB,NH,ANE,EN,Federal Contract Tower,0,19,4,0,23,0,2,2,0,4,0,21,6,0,27,0,0,0,27
01/20/2017,LEB,NH,ANE,EN,Federal Contract Tower,0,21,8,0,29,0,13,20,0,33,0,34,28,0,62,38,0,38,100
01/21/2017,LEB,NH,ANE,EN,Federal Contract Tower,0,16,2,0,18,0,6,1,0,7,0,22,3,0,25,10,0,10,35
01/22/2017,LEB,NH,ANE,EN,Federal Contract Tower,0,25,10,0,35,0,1,4,0,5,0,26,14,0,40,34,0,34,74
01/23/2017,LEB,NH,ANE,EN,Federal Contract Tower,0,17,8,0,25,0,15,26,0,41,0,32,34,0,66,22,0,22,88
01/24/2017,LEB,NH,ANE,EN,Federal Contract Tower,0,9,2,0,11,0,0,0,0,0,0,9,2,0,11,0,0,0,11
01/25/2017,LEB,NH,ANE,EN,Federal Contract Tower,0,13,4,0,17,0,5,26,7,38,0,18,30,7,55,38,0,38,93
01/26/2017,LEB,NH,ANE,EN,Federal Contract Tower,0,19,1,0,20,0,13,13,0,26,0,32,14,0,46,0,0,0,46
01/27/2017,LEB,NH,ANE,EN,Federal Contract Tower,0,19,5,0,24,0,9,4,0,13,0,28,9,0,37,0,0,0,37
01/28/2017,LEB,NH,ANE,EN,Federal Contract Tower,0,15,3,0,18,0,11,21,2,34,0,26,24,2,52,14,14,28,80
01/29/2017,LEB,NH,ANE,EN,Federal Contract Tower,0,13,3,0,16,0,15,43,0,58,0,28,46,0,74,58,0,58,132
01/30/2017,LEB,NH,ANE,EN,Federal Contract Tower,0,12,5,0,17,0,10,27,0,37,0,22,32,0,54,44,0,44,98
01/31/2017,LEB,NH,ANE,EN,Federal Contract Tower,0,15,10,1,26,0,16,19,4,39,0,31,29,5,65,44,4,48,113
02/01/2017,LEB,NH,ANE,EN,Federal Contract Tower,0,14,4,1,19,0,2,0,1,3,0,16,4,2,22,0,0,0,22
02/02/2017,LEB,NH,ANE,EN,Federal Contract Tower,0,21,7,0,28,0,6,10,4,20,0,27,17,4,48,42,2,44,92
02/03/2017,LEB,NH,ANE,EN,Federal Contract Tower,0,22,13,0,35,0,15,29,0,44,0,37,42,0,79,40,0,40,119
02/04/2017,LEB,NH,ANE,EN,Federal Contract Tower,0,26,12,0,38,0,14,39,2,55,0,40,51,2,93,0,0,0,93
02/05/2017,LEB,NH,ANE,EN,Federal Contract Tower,0,15,14,0,29,0,25,3,0,28,0,40,17,0,57,2,0,2,59
02/06/2017,LEB,NH,ANE,EN,Federal Contract Tower,0,16,10,0,26,0,8,27,0,35,0,24,37,0,61,18,0,18,79
02/07/2017,LEB,NH,ANE,EN,Federal Contract Tower,0,11,2,0,13,0,0,0,0,0,0,11,2,0,13,0,0,0,13
02/08/2017,LEB,NH,ANE,EN,Federal Contract Tower,0,17,7,0,24,0,7,10,0,17,0,24,17,0,41,0,0,0,41
02/09/2017,LEB,NH,ANE,EN,Federal Contract Tower,0,0,0,0,0,0,10,0,0,10,0,10,0,0,10,0,0,0,10
02/10/2017,LEB,NH,ANE,EN,Federal Contract Tower,0,11,6,0,17,0,21,25,1,47,0,32,31,1,64,0,8,8,72
02/11/2017,LEB,NH,ANE,EN,Federal Contract Tower,0,5,2,0,7,0,0,0,0,0,0,5,2,0,7,0,0,0,7
02/12/2017,LEB,NH,ANE,EN,Federal Contract Tower,0,2,1,0,3,0,0,0,0,0,0,2,1,0,3,0,0,0,3
02/13/2017,LEB,NH,ANE,EN,Federal Contract Tower,0,1,0,0,1,0,0,0,0,0,0,1,0,0,1,0,0,0,1
02/14/2017,LEB,NH,ANE,EN,Federal Contract Tower,0,17,6,0,23,0,9,14,0,23,0,26,20,0,46,4,0,4,50
02/15/2017,LEB,NH,ANE,EN,Federal Contract Tower,0,10,2,0,12,0,0,0,0,0,0,10,2,0,12,0,0,0,12
02/16/2017,LEB,NH,ANE,EN,Federal Contract Tower,0,20,1,0,21,0,4,0,0,4,0,24,1,0,25,0,0,0,25
02/17/2017,LEB,NH,ANE,EN,Federal Contract Tower,0,26,10,0,36,0,9,22,0,31,0,35,32,0,67,34,0,34,101
02/18/2017,LEB,NH,ANE,EN,Federal Contract Tower,0,17,5,0,22,0,24,50,4,78,0,41,55,4,100,40,0,40,140
02/19/2017,LEB,NH,ANE,EN,Federal Contract Tower,0,17,9,0,26,0,34,47,0,81,0,51,56,0,107,12,0,12,119
02/20/2017,LEB,NH,ANE,EN,Federal Contract Tower,0,18,10,0,28,0,25,43,0,68,0,43,53,0,96,26,0,26,122
02/21/2017,LEB,NH,ANE,EN,Federal Contract Tower,0,6,6,0,12,0,18,32,0,50,0,24,38,0,62,12,0,12,74
02/22/2017,LEB,NH,ANE,EN,Federal Contract Tower,0,24,3,0,27,0,15,23,0,38,0,39,26,0,65,14,0,14,79
02/23/2017,LEB,NH,ANE,EN,Federal Contract Tower,0,12,4,0,16,0,29,28,0,57,0,41,32,0,73,36,0,36,109
02/24/2017,LEB,NH,ANE,EN,Federal Contract Tower,0,19,7,0,26,0,1,6,0,7,0,20,13,0,33,22,0,22,55
02/25/2017,LEB,NH,ANE,EN,Federal Contract Tower,0,19,9,0,28,0,4,14,0,18,0,23,23,0,46,20,0,20,66
02/26/2017,LEB,NH,ANE,EN,Federal Contract Tower,0,21,7,0,28,0,23,8,0,31,0,44,15,0,59,6,0,6,65
02/27/2017,LEB,NH,ANE,EN,Federal Contract Tower,0,15,3,0,18,0,16,34,0,50,0,31,37,0,68,24,0,24,92
02/28/2017,LEB,NH,ANE,EN,Federal Contract Tower,0,14,4,0,18,0,6,17,0,23,0,20,21,0,41,18,0,18,59
03/01/2017,LEB,NH,ANE,EN,Federal Contract Tower,0,9,2,0,11,0,4,7,0,11,0,13,9,0,22,14,0,14,36
03/02/2017,LEB,NH,ANE,EN,Federal Contract Tower,0,12,4,0,16,0,9,1,0,10,0,21,5,0,26,0,0,0,26
03/03/2017,LEB,NH,ANE,EN,Federal Contract Tower,0,12,9,2,23,0,8,44,4,56,0,20,53,6,79,24,20,44,123
03/04/2017,LEB,NH,ANE,EN,Federal Contract Tower,0,21,9,0,30,0,8,6,0,14,0,29,15,0,44,2,0,2,46
03/05/2017,LEB,NH,ANE,EN,Federal Contract Tower,0,8,3,0,11,0,18,29,0,47,0,26,32,0,58,16,0,16,74
03/06/2017,LEB,NH,ANE,EN,Federal Contract Tower,0,9,8,0,17,0,27,50,0,77,0,36,58,0,94,68,0,68,162
03/07/2017,LEB,NH,ANE,EN,Federal Contract Tower,0,16,2,0,18,0,0,0,0,0,0,16,2,0,18,0,0,0,18
03/08/2017,LEB,NH,ANE,EN,Federal Contract Tower,0,10,6,0,16,0,5,15,2,22,0,15,21,2,38,18,0,18,56
03/09/2017,LEB,NH,ANE,EN,Federal Contract Tower,0,10,3,0,13,0,8,2,1,11,0,18,5,1,24,0,0,0,24
03/10/2017,LEB,NH,ANE,EN,Federal Contract Tower,0,6,7,0,13,0,3,15,0,18,0,9,22,0,31,74,0,74,105
03/11/2017,LEB,NH,ANE,EN,Federal Contract Tower,0,13,2,0,15,0,5,0,0,5,0,18,2,0,20,0,0,0,20
03/12/2017,LEB,NH,ANE,EN,Federal Contract Tower,0,11,3,0,14,0,30,14,0,44,0,41,17,0,58,30,0,30,88
03/13/2017,LEB,NH,ANE,EN,Federal Contract Tower,0,10,12,0,22,0,16,56,0,72,0,26,68,0,94,56,0,56,150
03/14/2017,LEB,NH,ANE,EN,Federal Contract Tower,0,0,0,0,0,0,1,0,0,1,0,1,0,0,1,0,0,0,1
03/15/2017,LEB,NH,ANE,EN,Federal Contract Tower,0,12,3,0,15,0,11,0,0,11,0,23,3,0,26,0,0,0,26
03/16/2017,LEB,NH,ANE,EN,Federal Contract Tower,0,11,3,0,14,0,12,13,0,25,0,23,16,0,39,14,0,14,53
03/17/2017,LEB,NH,ANE,EN,Federal Contract Tower,0,6,8,0,14,0,22,56,2,80,0,28,64,2,94,42,0,42,136
03/18/2017,LEB,NH,ANE,EN,Federal Contract Tower,0,7,7,3,17,0,25,50,6,81,0,32,57,9,98,34,4,38,136
03/19/2017,LEB,NH,ANE,EN,Federal Contract Tower,0,7,3,0,10,0,37,41,2,80,0,44,44,2,90,32,8,40,130
03/20/2017,LEB,NH,ANE,EN,Federal Contract Tower,0,8,9,0,17,0,23,58,4,85,0,31,67,4,102,104,6,110,212
03/21/2017,LEB,NH,ANE,EN,Federal Contract Tower,0,13,2,0,15,0,14,6,0,20,0,27,8,0,35,0,0,0,35
03/22/2017,LEB,NH,ANE,EN,Federal Contract Tower,0,12,1,0,13,0,20,11,0,31,0,32,12,0,44,0,0,0,44
03/23/2017,LEB,NH,ANE,EN,Federal Contract Tower,0,4,12,0,16,0,29,23,2,54,0,33,35,2,70,46,2,48,118
03/24/2017,LEB,NH,ANE,EN,Federal Contract Tower,0,13,4,0,17,0,1,3,0,4,0,14,7,0,21,0,0,0,21
03/25/2017,LEB,NH,ANE,EN,Federal Contract Tower,0,18,1,0,19,0,0,0,0,0,0,18,1,0,19,0,0,0,19
03/26/2017,LEB,NH,ANE,EN,Federal Contract Tower,0,10,11,0,21,0,15,34,0,49,0,25,45,0,70,24,0,24,94
03/27/2017,LEB,NH,ANE,EN,Federal Contract Tower,0,15,3,0,18,0,0,0,0,0,0,15,3,0,18,0,0,0,18
03/28/2017,LEB,NH,ANE,EN,Federal Contract Tower,0,16,2,0,18,0,0,11,0,11,0,16,13,0,29,16,0,16,45
03/29/2017,LEB,NH,ANE,EN,Federal Contract Tower,0,18,6,0,24,0,6,12,0,18,0,24,18,0,42,20,0,20,62
03/30/2017,LEB,NH,ANE,EN,Federal Contract Tower,0,11,2,1,14,0,20,30,5,55,0,31,32,6,69,46,16,62,131
03/31/2017,LEB,NH,ANE,EN,Federal Contract Tower,0,4,1,0,5,0,0,0,0,0,0,4,1,0,5,0,0,0,5
04/01/2017,LEB,NH,ANE,EN,Federal Contract Tower,0,9,0,0,9,0,0,0,0,0,0,9,0,0,9,0,0,0,9
04/02/2017,LEB,NH,ANE,EN,Federal Contract Tower,0,9,4,0,13,0,16,30,0,46,0,25,34,0,59,58,0,58,117
04/03/2017,LEB,NH,ANE,EN,Federal Contract Tower,0,8,11,1,20,0,20,69,2,91,0,28,80,3,111,90,0,90,201
04/04/2017,LEB,NH,ANE,EN,Federal Contract Tower,0,8,6,0,14,0,0,0,0,0,0,8,6,0,14,0,0,0,14
04/05/2017,LEB,NH,ANE,EN,Federal Contract Tower,0,14,7,0,21,0,4,9,0,13,0,18,16,0,34,12,0,12,46
04/06/2017,LEB,NH,ANE,EN,Federal Contract Tower,0,12,5,0,17,0,0,0,0,0,0,12,5,0,17,0,0,0,17
04/07/2017,LEB,NH,ANE,EN,Federal Contract Tower,0,22,9,0,31,0,2,16,0,18,0,24,25,0,49,24,0,24,73
04/08/2017,LEB,NH,ANE,EN,Federal Contract Tower,0,13,5,0,18,0,11,31,0,42,0,24,36,0,60,50,0,50,110
04/09/2017,LEB,NH,ANE,EN,Federal Contract Tower,0,11,7,0,18,0,18,56,0,74,0,29,63,0,92,30,0,30,122
04/10/2017,LEB,NH,ANE,EN,Federal Contract Tower,0,11,8,0,19,0,25,67,1,93,0,36,75,1,112,74,0,74,186
04/11/2017,LEB,NH,ANE,EN,Federal Contract Tower,0,8,4,0,12,0,16,30,0,46,0,24,34,0,58,96,0,96,154
04/12/2017,LEB,NH,ANE,EN,Federal Contract Tower,0,12,16,0,28,0,7,3,4,14,0,19,19,4,42,0,0,0,42
04/13/2017,LEB,NH,ANE,EN,Federal Contract Tower,0,15,7,0,22,0,14,15,2,31,0,29,22,2,53,6,0,6,59
04/14/2017,LEB,NH,ANE,EN,Federal Contract Tower,0,12,12,0,24,0,21,96,2,119,0,33,108,2,143,112,2,114,257
04/15/2017,LEB,NH,ANE,EN,Federal Contract Tower,0,23,4,0,27,0,15,72,0,87,0,38,76,0,114,62,0,62,176
04/16/2017,LEB,NH,ANE,EN,Federal Contract Tower,0,10,6,0,16,0,17,31,2,50,0,27,37,2,66,32,0,32,98
04/18/2017,LEB,NH,ANE,EN,Federal Contract Tower,0,15,14,0,29,0,9,33,0,42,0,24,47,0,71,52,0,52,123
04/19/2017,LEB,NH,ANE,EN,Federal Contract Tower,0,15,10,0,25,0,3,6,0,9,0,18,16,0,34,6,0,6,40
04/20/2017,LEB,NH,ANE,EN,Federal Contract Tower,0,14,14,0,28,0,9,14,0,23,0,23,28,0,51,40,0,40,91
04/21/2017,LEB,NH,ANE,EN,Federal Contract Tower,0,10,8,2,20,0,0,2,0,2,0,10,10,2,22,0,0,0,22
04/22/2017,LEB,NH,ANE,EN,Federal Contract Tower,0,15,11,0,26,0,0,0,0,0,0,15,11,0,26,0,0,0,26
04/23/2017,LEB,NH,ANE,EN,Federal Contract Tower,0,9,10,1,20,0,19,62,0,81,0,28,72,1,101,22,2,24,125
04/24/2017,LEB,NH,ANE,EN,Federal Contract Tower,0,7,8,0,15,0,17,58,0,75,0,24,66,0,90,59,0,59,149
04/25/2017,LEB,NH,ANE,EN,Federal Contract Tower,0,20,6,0,26,0,1,8,0,9,0,21,14,0,35,14,0,14,49
04/26/2017,LEB,NH,ANE,EN,Federal Contract Tower,0,15,11,0,26,0,4,2,0,6,0,19,13,0,32,2,0,2,34
04/27/2017,LEB,NH,ANE,EN,Federal Contract Tower,0,20,4,0,24,0,8,4,0,12,0,28,8,0,36,4,0,4,40
04/28/2017,LEB,NH,ANE,EN,Federal Contract Tower,0,16,12,0,28,0,31,48,0,79,0,47,60,0,107,82,0,82,189
04/29/2017,LEB,NH,ANE,EN,Federal Contract Tower,0,11,10,0,21,0,17,55,0,72,0,28,65,0,93,56,0,56,149
04/30/2017,LEB,NH,ANE,EN,Federal Contract Tower,0,14,20,0,34,0,16,37,0,53,0,30,57,0,87,48,0,48,135
05/01/2017,LEB,NH,ANE,EN,Federal Contract Tower,0,19,9,0,28,0,3,6,0,9,0,22,15,0,37,12,0,12,49
05/02/2017,LEB,NH,ANE,EN,Federal Contract Tower,0,15,9,0,24,0,2,7,3,12,0,17,16,3,36,4,2,6,42
05/03/2017,LEB,NH,ANE,EN,Federal Contract Tower,0,12,12,0,24,0,17,10,2,29,0,29,22,2,53,6,0,6,59
05/04/2017,LEB,NH,ANE,EN,Federal Contract Tower,0,6,16,0,22,0,15,49,7,71,0,21,65,7,93,68,0,68,161
05/05/2017,LEB,NH,ANE,EN,Federal Contract Tower,0,23,6,0,29,0,1,0,0,1,0,24,6,0,30,0,0,0,30
05/06/2017,LEB,NH,ANE,EN,Federal Contract Tower,0,9,6,2,17,0,11,4,0,15,0,20,10,2,32,0,0,0,32
05/07/2017,LEB,NH,ANE,EN,Federal Contract Tower,0,29,4,2,35,0,13,11,0,24,0,42,15,2,59,26,0,26,85
05/08/2017,LEB,NH,ANE,EN,Federal Contract Tower,0,15,7,0,22,0,8,15,0,23,0,23,22,0,45,90,0,90,135
05/09/2017,LEB,NH,ANE,EN,Federal Contract Tower,0,12,13,0,25,0,14,31,0,45,0,26,44,0,70,52,0,52,122
05/10/2017,LEB,NH,ANE,EN,Federal Contract Tower,0,10,14,0,24,0,13,25,0,38,0,23,39,0,62,38,0,38,100
05/11/2017,LEB,NH,ANE,EN,Federal Contract Tower,0,19,11,0,30,0,18,34,0,52,0,37,45,0,82,14,0,14,96
05/12/2017,LEB,NH,ANE,EN,Federal Contract Tower,0,15,24,2,41,0,21,57,0,78,0,36,81,2,119,76,0,76,195
05/13/2017,LEB,NH,ANE,EN,Federal Contract Tower,0,17,14,0,31,0,22,52,2,76,0,39,66,2,107,50,0,50,157
05/14/2017,LEB,NH,ANE,EN,Federal Contract Tower,0,23,8,0,31,0,0,0,0,0,0,23,8,0,31,0,0,0,31
05/15/2017,LEB,NH,ANE,EN,Federal Contract Tower,0,19,3,1,23,0,8,2,0,10,0,27,5,1,33,0,0,0,33
05/16/2017,LEB,NH,ANE,EN,Federal Contract Tower,0,8,21,1,30,0,22,38,0,60,0,30,59,1,90,32,0,32,122
05/17/2017,LEB,NH,ANE,EN,Federal Contract Tower,0,12,10,0,22,0,11,42,0,53,0,23,52,0,75,32,0,32,107
05/18/2017,LEB,NH,ANE,EN,Federal Contract Tower,0,11,7,0,18,0,17,30,0,47,0,28,37,0,65,24,0,24,89
05/19/2017,LEB,NH,ANE,EN,Federal Contract Tower,0,12,12,0,24,0,16,67,1,84,0,28,79,1,108,48,0,48,156
05/20/2017,LEB,NH,ANE,EN,Federal Contract Tower,0,11,7,0,18,0,24,87,1,112,0,35,94,1,130,54,0,54,184
05/21/2017,LEB,NH,ANE,EN,Federal Contract Tower,0,13,7,0,20,0,16,58,3,77,0,29,65,3,97,78,0,78,175
05/22/2017,LEB,NH,ANE,EN,Federal Contract Tower,0,21,10,1,32,0,3,3,0,6,0,24,13,1,38,12,0,12,50
05/23/2017,LEB,NH,ANE,EN,Federal Contract Tower,0,7,13,0,20,0,12,41,0,53,0,19,54,0,73,34,0,34,107
05/24/2017,LEB,NH,ANE,EN,Federal Contract Tower,0,7,11,0,18,0,11,32,0,43,0,18,43,0,61,28,0,28,89
05/25/2017,LEB,NH,ANE,EN,Federal Contract Tower,0,22,5,0,27,0,9,2,0,11,0,31,7,0,38,6,0,6,44
05/26/2017,LEB,NH,ANE,EN,Federal Contract Tower,0,28,6,0,34,0,0,1,0,1,0,28,7,0,35,0,0,0,35
05/27/2017,LEB,NH,ANE,EN,Federal Contract Tower,0,13,6,0,19,0,26,52,4,82,0,39,58,4,101,32,0,32,133
05/28/2017,LEB,NH,ANE,EN,Federal Contract Tower,0,11,3,0,14,0,21,34,0,55,0,32,37,0,69,32,0,32,101
05/29/2017,LEB,NH,ANE,EN,Federal Contract Tower,0,16,8,0,24,0,0,1,0,1,0,16,9,0,25,2,0,2,27
05/30/2017,LEB,NH,ANE,EN,Federal Contract Tower,0,18,4,0,22,0,0,0,0,0,0,18,4,0,22,0,0,0,22
05/31/2017,LEB,NH,ANE,EN,Federal Contract Tower,0,7,5,3,15,0,10,7,2,19,0,17,12,5,34,2,14,16,50
06/01/2017,LEB,NH,ANE,EN,Federal Contract Tower,0,15,7,0,22,0,15,27,0,42,0,30,34,0,64,26,0,26,90
06/02/2017,LEB,NH,ANE,EN,Federal Contract Tower,0,19,8,0,27,0,14,51,2,67,0,33,59,2,94,58,0,58,152
06/03/2017,LEB,NH,ANE,EN,Federal Contract Tower,0,24,11,0,35,0,14,33,0,47,0,38,44,0,82,38,0,38,120
06/04/2017,LEB,NH,ANE,EN,Federal Contract Tower,0,16,12,0,28,0,23,34,0,57,0,39,46,0,85,12,0,12,97
06/05/2017,LEB,NH,ANE,EN,Federal Contract Tower,0,14,11,0,25,0,4,0,0,4,0,18,11,0,29,0,0,0,29
06/06/2017,LEB,NH,ANE,EN,Federal Contract Tower,0,14,6,0,20,0,2,0,0,2,0,16,6,0,22,0,0,0,22
06/07/2017,LEB,NH,ANE,EN,Federal Contract Tower,0,14,12,0,26,0,14,55,0,69,0,28,67,0,95,22,0,22,117
06/08/2017,LEB,NH,ANE,EN,Federal Contract Tower,0,24,18,0,42,0,16,76,0,92,0,40,94,0,134,74,0,74,208
06/09/2017,LEB,NH,ANE,EN,Federal Contract Tower,0,31,16,0,47,0,20,80,0,100,0,51,96,0,147,112,0,112,259
06/10/2017,LEB,NH,ANE,EN,Federal Contract Tower,0,18,16,0,34,0,24,83,0,107,0,42,99,0,141,38,0,38,179
06/11/2017,LEB,NH,ANE,EN,Federal Contract Tower,0,39,24,0,63,0,26,53,0,79,0,65,77,0,142,12,0,12,154
06/12/2017,LEB,NH,ANE,EN,Federal Contract Tower,0,18,9,0,27,0,30,49,2,81,0,48,58,2,108,49,0,49,157
06/13/2017,LEB,NH,ANE,EN,Federal Contract Tower,0,24,10,0,34,0,17,31,1,49,0,41,41,1,83,56,0,56,139
06/14/2017,LEB,NH,ANE,EN,Federal Contract Tower,0,11,12,0,23,0,23,52,2,77,0,34,64,2,100,82,12,94,194
06/15/2017,LEB,NH,ANE,EN,Federal Contract Tower,0,19,15,0,34,0,25,47,0,72,0,44,62,0,106,48,0,48,154
06/16/2017,LEB,NH,ANE,EN,Federal Contract Tower,0,23,6,0,29,0,0,1,0,1,0,23,7,0,30,0,0,0,30
06/17/2017,LEB,NH,ANE,EN,Federal Contract Tower,0,17,21,0,38,0,6,26,0,32,0,23,47,0,70,16,0,16,86
06/18/2017,LEB,NH,ANE,EN,Federal Contract Tower,0,29,11,0,40,0,12,6,1,19,0,41,17,1,59,6,0,6,65
06/19/2017,LEB,NH,ANE,EN,Federal Contract Tower,0,14,6,0,20,0,0,1,0,1,0,14,7,0,21,0,0,0,21
06/20/2017,LEB,NH,ANE,EN,Federal Contract Tower,0,19,15,0,34,0,11,12,0,23,0,30,27,0,57,0,0,0,57
06/21/2017,LEB,NH,ANE,EN,Federal Contract Tower,0,23,7,0,30,0,21,34,0,55,0,44,41,0,85,62,0,62,147
06/22/2017,LEB,NH,ANE,EN,Federal Contract Tower,0,13,11,0,24,0,29,51,0,80,0,42,62,0,104,42,0,42,146
06/23/2017,LEB,NH,ANE,EN,Federal Contract Tower,0,17,7,0,24,0,20,36,2,58,0,37,43,2,82,66,0,66,148
06/24/2017,LEB,NH,ANE,EN,Federal Contract Tower,0,18,5,0,23,0,13,45,3,61,0,31,50,3,84,22,0,22,106
06/25/2017,LEB,NH,ANE,EN,Federal Contract Tower,0,17,8,0,25,0,17,37,0,54,0,34,45,0,79,26,0,26,105
06/26/2017,LEB,NH,ANE,EN,Federal Contract Tower,0,13,12,0,25,0,30,50,1,81,0,43,62,1,106,22,0,22,128
06/27/2017,LEB,NH,ANE,EN,Federal Contract Tower,0,9,4,0,13,0,13,23,0,36,0,22,27,0,49,64,0,64,113
06/28/2017,LEB,NH,ANE,EN,Federal Contract Tower,0,16,16,0,32,0,24,47,0,71,0,40,63,0,103,78,0,78,181
06/29/2017,LEB,NH,ANE,EN,Federal Contract Tower,0,15,4,0,19,0,6,12,0,18,0,21,16,0,37,22,0,22,59
06/30/2017,LEB,NH,ANE,EN,Federal Contract Tower,0,25,16,0,41,0,12,29,0,41,0,37,45,0,82,42,0,42,124
07/01/2017,LEB,NH,ANE,EN,Federal Contract Tower,0,13,9,0,22,0,1,0,0,1,0,14,9,0,23,0,0,0,23
07/02/2017,LEB,NH,ANE,EN,Federal Contract Tower,0,14,10,0,24,0,24,52,0,76,0,38,62,0,100,16,0,16,116
07/03/2017,LEB,NH,ANE,EN,Federal Contract Tower,0,9,8,1,18,0,32,40,2,74,0,41,48,3,92,12,2,14,106
07/04/2017,LEB,NH,ANE,EN,Federal Contract Tower,0,17,8,0,25,0,23,26,0,49,0,40,34,0,74,42,0,42,116
07/05/2017,LEB,NH,ANE,EN,Federal Contract Tower,0,13,11,2,26,0,19,59,0,78,0,32,70,2,104,42,0,42,146
07/06/2017,LEB,NH,ANE,EN,Federal Contract Tower,0,14,3,2,19,0,10,34,4,48,0,24,37,6,67,40,0,40,107
07/07/2017,LEB,NH,ANE,EN,Federal Contract Tower,0,19,18,0,37,0,29,44,0,73,0,48,62,0,110,32,0,32,142
07/08/2017,LEB,NH,ANE,EN,Federal Contract Tower,0,21,5,0,26,0,4,10,0,14,0,25,15,0,40,0,0,0,40
07/09/2017,LEB,NH,ANE,EN,Federal Contract Tower,0,16,11,0,27,0,22,42,0,64,0,38,53,0,91,22,0,22,113
07/10/2017,LEB,NH,ANE,EN,Federal Contract Tower,0,12,17,0,29,0,30,77,0,107,0,42,94,0,136,48,0,48,184
07/11/2017,LEB,NH,ANE,EN,Federal Contract Tower,0,20,8,0,28,0,3,11,0,14,0,23,19,0,42,4,0,4,46
07/12/2017,LEB,NH,ANE,EN,Federal Contract Tower,0,12,7,0,19,0,27,37,2,66,0,39,44,2,85,50,0,50,135
07/13/2017,LEB,NH,ANE,EN,Federal Contract Tower,0,19,12,2,33,0,0,0,0,0,0,19,12,2,33,0,0,0,33
07/14/2017,LEB,NH,ANE,EN,Federal Contract Tower,0,28,11,0,39,0,2,0,0,2,0,30,11,0,41,0,0,0,41
07/15/2017,LEB,NH,ANE,EN,Federal Contract Tower,0,16,5,4,25,0,12,30,2,44,0,28,35,6,69,22,0,22,91
07/16/2017,LEB,NH,ANE,EN,Federal Contract Tower,0,25,11,0,36,0,22,48,6,76,0,47,59,6,112,14,8,22,134
07/17/2017,LEB,NH,ANE,EN,Federal Contract Tower,0,19,3,0,22,0,8,39,1,48,0,27,42,1,70,42,0,42,112
07/18/2017,LEB,NH,ANE,EN,Federal Contract Tower,0,16,8,0,24,0,25,24,0,49,0,41,32,0,73,30,0,30,103
07/19/2017,LEB,NH,ANE,EN,Federal Contract Tower,0,16,15,0,31,0,7,32,2,41,0,23,47,2,72,14,0,14,86
07/20/2017,LEB,NH,ANE,EN,Federal Contract Tower,0,13,14,0,27,0,11,41,4,56,0,24,55,4,83,58,0,58,141
07/21/2017,LEB,NH,ANE,EN,Federal Contract Tower,0,14,8,0,22,0,14,49,1,64,0,28,57,1,86,34,0,34,120
07/22/2017,LEB,NH,ANE,EN,Federal Contract Tower,0,15,10,2,27,0,20,36,0,56,0,35,46,2,83,0,0,0,83
07/23/2017,LEB,NH,ANE,EN,Federal Contract Tower,0,28,15,0,43,0,17,58,2,77,0,45,73,2,120,30,0,30,150
07/24/2017,LEB,NH,ANE,EN,Federal Contract Tower,0,23,6,0,29,0,6,2,0,8,0,29,8,0,37,6,0,6,43
07/25/2017,LEB,NH,ANE,EN,Federal Contract Tower,0,19,14,0,33,0,12,17,0,29,0,31,31,0,62,54,0,54,116
07/26/2017,LEB,NH,ANE,EN,Federal Contract Tower,0,10,15,0,25,0,13,56,2,71,0,23,71,2,96,58,0,58,154
07/27/2017,LEB,NH,ANE,EN,Federal Contract Tower,0,18,15,0,33,0,15,8,0,23,0,33,23,0,56,16,0,16,72
07/28/2017,LEB,NH,ANE,EN,Federal Contract Tower,0,31,12,1,44,0,22,61,4,87,0,53,73,5,131,38,0,38,169
07/29/2017,LEB,NH,ANE,EN,Federal Contract Tower,0,21,14,0,35,0,32,63,1,96,0,53,77,1,131,38,0,38,169
07/30/2017,LEB,NH,ANE,EN,Federal Contract Tower,0,17,26,2,45,0,33,99,4,136,0,50,125,6,181,12,10,22,203
07/31/2017,LEB,NH,ANE,EN,Federal Contract Tower,0,13,13,1,27,0,16,60,6,82,0,29,73,7,109,44,0,44,153
08/01/2017,LEB,NH,ANE,EN,Federal Contract Tower,0,20,14,1,35,0,15,41,1,57,0,35,55,2,92,28,2,30,122
08/02/2017,LEB,NH,ANE,EN,Federal Contract Tower,0,13,14,0,27,0,14,30,0,44,0,27,44,0,71,42,0,42,113
08/03/2017,LEB,NH,ANE,EN,Federal Contract Tower,0,12,22,0,34,0,12,31,4,47,0,24,53,4,81,14,8,22,103
08/04/2017,LEB,NH,ANE,EN,Federal Contract Tower,0,17,18,0,35,0,14,38,0,52,0,31,56,0,87,30,0,30,117
08/05/2017,LEB,NH,ANE,EN,Federal Contract Tower,0,24,4,0,28,0,1,3,0,4,0,25,7,0,32,0,0,0,32
08/06/2017,LEB,NH,ANE,EN,Federal Contract Tower,0,13,19,0,32,0,20,55,2,77,0,33,74,2,109,20,2,22,131
08/07/2017,LEB,NH,ANE,EN,Federal Contract Tower,0,15,13,0,28,0,10,52,0,62,0,25,65,0,90,32,0,32,122
08/08/2017,LEB,NH,ANE,EN,Federal Contract Tower,0,13,16,0,29,0,16,13,0,29,0,29,29,0,58,2,4,6,64
08/09/2017,LEB,NH,ANE,EN,Federal Contract Tower,0,14,11,0,25,0,19,37,0,56,0,33,48,0,81,40,0,40,121
08/10/2017,LEB,NH,ANE,EN,Federal Contract Tower,0,14,18,0,32,0,17,49,0,66,0,31,67,0,98,48,2,50,148
08/11/2017,LEB,NH,ANE,EN,Federal Contract Tower,0,24,11,2,37,0,21,35,4,60,0,45,46,6,97,16,0,16,113
08/12/2017,LEB,NH,ANE,EN,Federal Contract Tower,0,18,8,0,26,0,15,14,0,29,0,33,22,0,55,14,0,14,69
08/13/2017,LEB,NH,ANE,EN,Federal Contract Tower,0,12,13,0,25,0,18,66,0,84,0,30,79,0,109,32,0,32,141
08/14/2017,LEB,NH,ANE,EN,Federal Contract Tower,0,12,17,0,29,0,21,47,3,71,0,33,64,3,100,22,0,22,122
08/15/2017,LEB,NH,ANE,EN,Federal Contract Tower,0,15,8,0,23,0,14,26,0,40,0,29,34,0,63,28,0,28,91
08/16/2017,LEB,NH,ANE,EN,Federal Contract Tower,0,19,10,0,29,0,15,46,2,63,0,34,56,2,92,32,0,32,124
08/17/2017,LEB,NH,ANE,EN,Federal Contract Tower,0,13,11,0,24,0,22,55,2,79,0,35,66,2,103,38,8,46,149
08/18/2017,LEB,NH,ANE,EN,Federal Contract Tower,0,29,9,0,38,0,0,0,0,0,0,29,9,0,38,0,0,0,38
08/19/2017,LEB,NH,ANE,EN,Federal Contract Tower,0,12,4,0,16,0,14,30,0,44,0,26,34,0,60,20,0,20,80
08/20/2017,LEB,NH,ANE,EN,Federal Contract Tower,0,13,14,0,27,0,13,50,0,63,0,26,64,0,90,10,0,10,100
08/21/2017,LEB,NH,ANE,EN,Federal Contract Tower,0,11,11,0,22,0,14,41,2,57,0,25,52,2,79,36,0,36,115
08/22/2017,LEB,NH,ANE,EN,Federal Contract Tower,0,9,6,0,15,0,12,13,0,25,0,21,19,0,40,22,0,22,62
08/23/2017,LEB,NH,ANE,EN,Federal Contract Tower,0,13,20,2,35,0,20,18,0,38,0,33,38,2,73,16,0,16,89
08/24/2017,LEB,NH,ANE,EN,Federal Contract Tower,0,10,11,0,21,0,12,48,0,60,0,22,59,0,81,36,0,36,117
08/25/2017,LEB,NH,ANE,EN,Federal Contract Tower,0,17,18,0,35,0,18,54,4,76,0,35,72,4,111,84,0,84,195
08/26/2017,LEB,NH,ANE,EN,Federal Contract Tower,0,13,15,0,28,0,16,33,2,51,0,29,48,2,79,6,0,6,85
08/27/2017,LEB,NH,ANE,EN,Federal Contract Tower,0,13,11,0,24,0,14,54,0,68,0,27,65,0,92,44,0,44,136
08/28/2017,LEB,NH,ANE,EN,Federal Contract Tower,0,16,11,0,27,0,14,40,0,54,0,30,51,0,81,26,0,26,107
08/29/2017,LEB,NH,ANE,EN,Federal Contract Tower,0,13,7,0,20,0,15,11,0,26,0,28,18,0,46,2,0,2,48
08/30/2017,LEB,NH,ANE,EN,Federal Contract Tower,0,13,19,0,32,0,21,15,0,36,0,34,34,0,68,14,0,14,82
08/31/2017,LEB,NH,ANE,EN,Federal Contract Tower,0,11,10,0,21,0,13,15,0,28,0,24,25,0,49,4,0,4,53
09/01/2017,LEB,NH,ANE,EN,Federal Contract Tower,0,17,15,0,32,0,21,40,0,61,0,38,55,0,93,18,0,18,111
09/02/2017,LEB,NH,ANE,EN,Federal Contract Tower,0,8,1,0,9,0,18,46,0,64,0,26,47,0,73,24,0,24,97
09/03/2017,LEB,NH,ANE,EN,Federal Contract Tower,0,25,4,0,29,0,0,0,0,0,0,25,4,0,29,0,0,0,29
09/04/2017,LEB,NH,ANE,EN,Federal Contract Tower,0,25,14,0,39,0,22,54,0,76,0,47,68,0,115,54,0,54,169
09/05/2017,LEB,NH,ANE,EN,Federal Contract Tower,0,22,11,0,33,0,3,2,0,5,0,25,13,0,38,0,0,0,38
09/06/2017,LEB,NH,ANE,EN,Federal Contract Tower,0,20,10,0,30,0,2,0,0,2,0,22,10,0,32,0,0,0,32
09/07/2017,LEB,NH,ANE,EN,Federal Contract Tower,0,20,8,0,28,0,6,15,0,21,0,26,23,0,49,42,0,42,91
09/08/2017,LEB,NH,ANE,EN,Federal Contract Tower,0,18,22,0,40,0,16,28,4,48,0,34,50,4,88,50,0,50,138
09/09/2017,LEB,NH,ANE,EN,Federal Contract Tower,0,21,17,0,38,0,7,28,2,37,0,28,45,2,75,56,0,56,131
09/10/2017,LEB,NH,ANE,EN,Federal Contract Tower,0,14,17,0,31,0,28,55,0,83,0,42,72,0,114,24,0,24,138
09/11/2017,LEB,NH,ANE,EN,Federal Contract Tower,0,12,8,1,21,0,26,45,0,71,0,38,53,1,92,30,0,30,122
09/12/2017,LEB,NH,ANE,EN,Federal Contract Tower,0,11,10,1,22,0,11,23,0,34,0,22,33,1,56,22,16,38,94
09/13/2017,LEB,NH,ANE,EN,Federal Contract Tower,0,9,7,0,16,0,25,36,0,61,0,34,43,0,77,38,0,38,115
09/14/2017,LEB,NH,ANE,EN,Federal Contract Tower,0,14,12,1,27,0,16,3,4,23,0,30,15,5,50,2,0,2,52
09/15/2017,LEB,NH,ANE,EN,Federal Contract Tower,0,33,18,0,51,0,16,68,0,84,0,49,86,0,135,74,0,74,209
09/16/2017,LEB,NH,ANE,EN,Federal Contract Tower,0,29,7,0,36,0,14,46,0,60,0,43,53,0,96,44,0,44,140
09/17/2017,LEB,NH,ANE,EN,Federal Contract Tower,0,15,14,0,29,0,15,30,0,45,0,30,44,0,74,2,0,2,76
09/18/2017,LEB,NH,ANE,EN,Federal Contract Tower,0,14,13,0,27,0,18,4,0,22,0,32,17,0,49,0,0,0,49
09/19/2017,LEB,NH,ANE,EN,Federal Contract Tower,0,15,11,0,26,0,3,6,0,9,0,18,17,0,35,36,0,36,71
09/20/2017,LEB,NH,ANE,EN,Federal Contract Tower,0,12,14,0,26,0,4,13,0,17,0,16,27,0,43,54,0,54,97
09/21/2017,LEB,NH,ANE,EN,Federal Contract Tower,0,9,16,0,25,0,23,31,0,54,0,32,47,0,79,8,0,8,87
09/22/2017,LEB,NH,ANE,EN,Federal Contract Tower,0,19,18,0,37,0,21,46,2,69,0,40,64,2,106,18,0,18,124
09/23/2017,LEB,NH,ANE,EN,Federal Contract Tower,0,17,6,0,23,0,24,85,0,109,0,41,91,0,132,40,0,40,172
09/24/2017,LEB,NH,ANE,EN,Federal Contract Tower,0,20,9,0,29,0,26,47,0,73,0,46,56,0,102,52,0,52,154
09/25/2017,LEB,NH,ANE,EN,Federal Contract Tower,0,10,8,0,18,0,7,49,0,56,0,17,57,0,74,22,0,22,96
09/26/2017,LEB,NH,ANE,EN,Federal Contract Tower,0,8,8,0,16,0,8,10,0,18,0,16,18,0,34,10,0,10,44
09/27/2017,LEB,NH,ANE,EN,Federal Contract Tower,0,9,3,0,12,0,23,21,0,44,0,32,24,0,56,32,0,32,88
09/28/2017,LEB,NH,ANE,EN,Federal Contract Tower,0,14,9,0,23,0,9,11,0,20,0,23,20,0,43,8,0,8,51
09/29/2017,LEB,NH,ANE,EN,Federal Contract Tower,0,15,9,0,24,0,15,50,0,65,0,30,59,0,89,40,0,40,129
09/30/2017,LEB,NH,ANE,EN,Federal Contract Tower,0,15,10,0,25,0,7,5,0,12,0,22,15,0,37,12,0,12,49
10/01/2017,LEB,NH,ANE,EN,Federal Contract Tower,0,16,13,0,29,0,17,46,0,63,0,33,59,0,92,46,0,46,138
10/02/2017,LEB,NH,ANE,EN,Federal Contract Tower,0,19,16,0,35,0,8,73,0,81,0,27,89,0,116,34,0,34,150
10/03/2017,LEB,NH,ANE,EN,Federal Contract Tower,0,17,11,0,28,0,6,43,0,49,0,23,54,0,77,26,0,26,103
10/04/2017,LEB,NH,ANE,EN,Federal Contract Tower,0,10,11,0,21,0,21,30,0,51,0,31,41,0,72,24,0,24,96
10/05/2017,LEB,NH,ANE,EN,Federal Contract Tower,0,19,16,0,35,0,9,36,0,45,0,28,52,0,80,0,0,0,80
10/06/2017,LEB,NH,ANE,EN,Federal Contract Tower,0,32,11,0,43,0,21,49,0,70,0,53,60,0,113,34,0,34,147
10/07/2017,LEB,NH,ANE,EN,Federal Contract Tower,0,25,18,0,43,0,7,12,0,19,0,32,30,0,62,0,0,0,62
10/08/2017,LEB,NH,ANE,EN,Federal Contract Tower,0,25,10,0,35,0,17,4,0,21,0,42,14,0,56,0,0,0,56
10/09/2017,LEB,NH,ANE,EN,Federal Contract Tower,0,21,11,0,32,0,0,0,0,0,0,21,11,0,32,2,0,2,34
10/10/2017,LEB,NH,ANE,EN,Federal Contract Tower,0,17,11,0,28,0,16,20,0,36,0,33,31,0,64,4,0,4,68
10/11/2017,LEB,NH,ANE,EN,Federal Contract Tower,0,16,11,0,27,0,21,21,2,44,0,37,32,2,71,52,4,56,127
10/12/2017,LEB,NH,ANE,EN,Federal Contract Tower,0,19,5,0,24,0,16,46,0,62,0,35,51,0,86,26,0,26,112
10/13/2017,LEB,NH,ANE,EN,Federal Contract Tower,0,28,14,0,42,0,22,42,3,67,0,50,56,3,109,52,0,52,161
10/14/2017,LEB,NH,ANE,EN,Federal Contract Tower,0,20,12,1,33,0,21,54,6,81,0,41,66,7,114,72,0,72,186
10/15/2017,LEB,NH,ANE,EN,Federal Contract Tower,0,31,10,0,41,0,18,27,0,45,0,49,37,0,86,24,6,30,116
10/16/2017,LEB,NH,ANE,EN,Federal Contract Tower,0,26,8,0,34,0,23,30,0,53,0,49,38,0,87,30,0,30,117
10/17/2017,LEB,NH,ANE,EN,Federal Contract Tower,0,10,4,0,14,0,9,28,0,37,0,19,32,0,51,8,10,18,69
10/18/2017,LEB,NH,ANE,EN,Federal Contract Tower,0,17,17,0,34,0,11,55,0,66,0,28,72,0,100,32,0,32,132
10/19/2017,LEB,NH,ANE,EN,Federal Contract Tower,0,27,14,0,41,0,16,44,0,60,0,43,58,0,101,28,0,28,129
10/20/2017,LEB,NH,ANE,EN,Federal Contract Tower,0,19,10,1,30,0,25,52,4,81,0,44,62,5,111,16,0,16,127
10/21/2017,LEB,NH,ANE,EN,Federal Contract Tower,0,8,4,0,12,0,12,64,0,76,0,20,68,0,88,26,0,26,114
10/22/2017,LEB,NH,ANE,EN,Federal Contract Tower,0,24,16,0,40,0,17,51,2,70,0,41,67,2,110,30,0,30,140
10/23/2017,LEB,NH,ANE,EN,Federal Contract Tower,0,26,7,0,33,0,6,35,4,45,0,32,42,4,78,20,0,20,98
10/24/2017,LEB,NH,ANE,EN,Federal Contract Tower,0,18,2,0,20,0,7,0,0,7,0,25,2,0,27,26,0,26,53
10/25/2017,LEB,NH,ANE,EN,Federal Contract Tower,0,17,15,1,33,0,4,5,0,9,0,21,20,1,42,28,0,28,70
10/26/2017,LEB,NH,ANE,EN,Federal Contract Tower,0,18,6,0,24,0,0,0,0,0,0,18,6,0,24,0,0,0,24
10/27/2017,LEB,NH,ANE,EN,Federal Contract Tower,0,15,15,0,30,0,22,71,2,95,0,37,86,2,125,58,6,64,189
10/28/2017,LEB,NH,ANE,EN,Federal Contract Tower,0,22,5,1,28,0,17,53,1,71,0,39,58,2,99,26,0,26,125
10/29/2017,LEB,NH,ANE,EN,Federal Contract Tower,0,18,8,0,26,0,3,3,0,6,0,21,11,0,32,0,0,0,32
10/30/2017,LEB,NH,ANE,EN,Federal Contract Tower,0,10,4,0,14,0,12,0,0,12,0,22,4,0,26,12,0,12,38
10/31/2017,LEB,NH,ANE,EN,Federal Contract Tower,0,12,8,1,21,0,7,26,2,35,0,19,34,3,56,32,2,34,90
11/01/2017,LEB,NH,ANE,EN,Federal Contract Tower,0,11,4,0,15,0,12,30,1,43,0,23,34,1,58,12,0,12,70
11/02/2017,LEB,NH,ANE,EN,Federal Contract Tower,0,19,11,0,30,0,5,7,0,12,0,24,18,0,42,18,0,18,60
11/03/2017,LEB,NH,ANE,EN,Federal Contract Tower,0,20,3,0,23,0,5,6,0,11,0,25,9,0,34,0,0,0,34
11/04/2017,LEB,NH,ANE,EN,Federal Contract Tower,0,16,7,2,25,0,18,32,1,51,0,34,39,3,76,12,0,12,88
11/05/2017,LEB,NH,ANE,EN,Federal Contract Tower,0,24,5,0,29,0,5,5,0,10,0,29,10,0,39,0,0,0,39
11/06/2017,LEB,NH,ANE,EN,Federal Contract Tower,0,24,11,0,35,0,9,0,0,9,0,33,11,0,44,16,0,16,60
11/07/2017,LEB,NH,ANE,EN,Federal Contract Tower,0,17,10,0,27,0,7,18,0,25,0,24,28,0,52,18,0,18,70
11/08/2017,LEB,NH,ANE,EN,Federal Contract Tower,0,11,12,0,23,0,15,36,0,51,0,26,48,0,74,96,0,96,170
11/09/2017,LEB,NH,ANE,EN,Federal Contract Tower,0,16,5,0,21,0,20,16,4,40,0,36,21,4,61,22,0,22,83
11/10/2017,LEB,NH,ANE,EN,Federal Contract Tower,0,20,5,0,25,0,5,10,0,15,0,25,15,0,40,0,2,2,42
11/11/2017,LEB,NH,ANE,EN,Federal Contract Tower,0,12,2,0,14,0,14,51,0,65,0,26,53,0,79,70,0,70,149
11/12/2017,LEB,NH,ANE,EN,Federal Contract Tower,0,16,11,0,27,0,16,47,1,64,0,32,58,1,91,72,4,76,167
11/13/2017,LEB,NH,ANE,EN,Federal Contract Tower,0,16,10,0,26,0,1,5,0,6,0,17,15,0,32,10,0,10,42
11/14/2017,LEB,NH,ANE,EN,Federal Contract Tower,0,20,6,0,26,0,3,4,2,9,0,23,10,2,35,4,0,4,39
11/15/2017,LEB,NH,ANE,EN,Federal Contract Tower,0,16,8,0,24,0,17,14,0,31,0,33,22,0,55,8,0,8,63
11/16/2017,LEB,NH,ANE,EN,Federal Contract Tower,0,21,6,0,27,0,0,0,0,0,0,21,6,0,27,2,0,2,29
11/17/2017,LEB,NH,ANE,EN,Federal Contract Tower,0,29,3,0,32,0,13,23,0,36,0,42,26,0,68,0,0,0,68
11/18/2017,LEB,NH,ANE,EN,Federal Contract Tower,0,19,9,0,28,0,11,50,0,61,0,30,59,0,89,50,0,50,139
11/19/2017,LEB,NH,ANE,EN,Federal Contract Tower,0,23,5,0,28,0,8,0,0,8,0,31,5,0,36,0,0,0,36
11/20/2017,LEB,NH,ANE,EN,Federal Contract Tower,0,16,7,0,23,0,3,13,0,16,0,19,20,0,39,40,0,40,79
11/21/2017,LEB,NH,ANE,EN,Federal Contract Tower,0,17,10,0,27,0,13,33,0,46,0,30,43,0,73,50,0,50,123
11/22/2017,LEB,NH,ANE,EN,Federal Contract Tower,0,21,10,0,31,0,5,4,0,9,0,26,14,0,40,18,0,18,58
11/23/2017,LEB,NH,ANE,EN,Federal Contract Tower,0,8,3,0,11,0,17,7,0,24,0,25,10,0,35,2,0,2,37
11/24/2017,LEB,NH,ANE,EN,Federal Contract Tower,0,20,6,0,26,0,23,40,2,65,0,43,46,2,91,18,0,18,109
11/25/2017,LEB,NH,ANE,EN,Federal Contract Tower,0,14,7,0,21,0,17,33,1,51,0,31,40,1,72,40,0,40,112
11/26/2017,LEB,NH,ANE,EN,Federal Contract Tower,0,21,6,0,27,0,3,4,0,7,0,24,10,0,34,0,0,0,34
11/27/2017,LEB,NH,ANE,EN,Federal Contract Tower,0,14,8,0,22,0,2,12,0,14,0,16,20,0,36,18,0,18,54
11/28/2017,LEB,NH,ANE,EN,Federal Contract Tower,0,16,6,1,23,0,11,22,1,34,0,27,28,2,57,6,0,6,63
11/29/2017,LEB,NH,ANE,EN,Federal Contract Tower,0,16,10,0,26,0,6,5,0,11,0,22,15,0,37,6,0,6,43
11/30/2017,LEB,NH,ANE,EN,Federal Contract Tower,0,14,5,0,19,0,7,28,0,35,0,21,33,0,54,36,0,36,90
12/01/2017,LEB,NH,ANE,EN,Federal Contract Tower,0,19,11,0,30,0,6,33,0,39,0,25,44,0,69,46,0,46,115
12/02/2017,LEB,NH,ANE,EN,Federal Contract Tower,0,19,2,0,21,0,8,49,0,57,0,27,51,0,78,60,0,60,138
12/03/2017,LEB,NH,ANE,EN,Federal Contract Tower,0,14,7,0,21,0,14,48,3,65,0,28,55,3,86,68,0,68,154
12/04/2017,LEB,NH,ANE,EN,Federal Contract Tower,0,12,8,0,20,0,15,68,0,83,0,27,76,0,103,64,0,64,167
12/05/2017,LEB,NH,ANE,EN,Federal Contract Tower,0,11,8,0,19,0,0,0,0,0,0,11,8,0,19,0,0,0,19
12/06/2017,LEB,NH,ANE,EN,Federal Contract Tower,0,8,7,0,15,0,10,19,0,29,0,18,26,0,44,20,0,20,64
12/07/2017,LEB,NH,ANE,EN,Federal Contract Tower,0,10,9,0,19,0,1,12,0,13,0,11,21,0,32,46,0,46,78
12/08/2017,LEB,NH,ANE,EN,Federal Contract Tower,0,8,10,0,18,0,16,45,1,62,0,24,55,1,80,24,2,26,106
12/09/2017,LEB,NH,ANE,EN,Federal Contract Tower,0,8,0,0,8,0,11,26,1,38,0,19,26,1,46,70,0,70,116
12/10/2017,LEB,NH,ANE,EN,Federal Contract Tower,0,15,4,1,20,0,10,24,0,34,0,25,28,1,54,6,0,6,60
12/11/2017,LEB,NH,ANE,EN,Federal Contract Tower,0,14,12,1,27,0,2,18,0,20,0,16,30,1,47,28,0,28,75
12/12/2017,LEB,NH,ANE,EN,Federal Contract Tower,0,3,2,0,5,0,0,0,0,0,0,3,2,0,5,0,0,0,5
12/13/2017,LEB,NH,ANE,EN,Federal Contract Tower,0,18,5,0,23,0,8,1,0,9,0,26,6,0,32,0,0,0,32
12/14/2017,LEB,NH,ANE,EN,Federal Contract Tower,0,14,9,0,23,0,16,26,0,42,0,30,35,0,65,34,0,34,99
12/15/2017,LEB,NH,ANE,EN,Federal Contract Tower,0,9,11,0,20,0,17,38,0,55,0,26,49,0,75,96,0,96,171
12/16/2017,LEB,NH,ANE,EN,Federal Contract Tower,0,11,6,1,18,0,13,29,3,45,0,24,35,4,63,20,0,20,83
12/17/2017,LEB,NH,ANE,EN,Federal Contract Tower,0,12,7,0,19,0,15,32,0,47,0,27,39,0,66,94,0,94,160
12/18/2017,LEB,NH,ANE,EN,Federal Contract Tower,0,11,1,0,12,0,0,8,0,8,0,11,9,0,20,0,0,0,20
12/19/2017,LEB,NH,ANE,EN,Federal Contract Tower,0,19,11,0,30,0,2,1,0,3,0,21,12,0,33,0,0,0,33
12/20/2017,LEB,NH,ANE,EN,Federal Contract Tower,0,16,10,0,26,0,5,26,0,31,0,21,36,0,57,0,0,0,57
12/21/2017,LEB,NH,ANE,EN,Federal Contract Tower,0,10,3,0,13,0,14,32,0,46,0,24,35,0,59,18,0,18,77
12/22/2017,LEB,NH,ANE,EN,Federal Contract Tower,0,3,1,0,4,0,0,0,0,0,0,3,1,0,4,0,0,0,4
12/23/2017,LEB,NH,ANE,EN,Federal Contract Tower,0,0,0,0,0,0,0,0,0,0,0,0,0,0,0,0,0,0,0
12/24/2017,LEB,NH,ANE,EN,Federal Contract Tower,0,13,1,0,14,0,12,4,0,16,0,25,5,0,30,0,0,0,30
12/25/2017,LEB,NH,ANE,EN,Federal Contract Tower,0,1,0,0,1,0,0,0,0,0,0,1,0,0,1,0,0,0,1
12/26/2017,LEB,NH,ANE,EN,Federal Contract Tower,0,15,8,0,23,0,0,1,0,1,0,15,9,0,24,0,0,0,24
12/27/2017,LEB,NH,ANE,EN,Federal Contract Tower,0,20,9,0,29,0,15,9,0,24,0,35,18,0,53,16,0,16,69
12/28/2017,LEB,NH,ANE,EN,Federal Contract Tower,0,10,4,2,16,0,18,16,0,34,0,28,20,2,50,52,0,52,102
12/29/2017,LEB,NH,ANE,EN,Federal Contract Tower,0,11,12,0,23,0,1,0,0,1,0,12,12,0,24,0,0,0,24
12/30/2017,LEB,NH,ANE,EN,Federal Contract Tower,0,14,2,0,16,0,8,25,0,33,0,22,27,0,49,32,0,32,81
12/31/2017,LEB,NH,ANE,EN,Federal Contract Tower,0,13,4,0,17,0,7,6,1,14,0,20,10,1,31,0,0,0,31
01/01/2018,LEB,NH,ANE,EN,Federal Contract Tower,0,10,6,0,16,0,7,15,0,22,0,17,21,0,38,12,0,12,50
01/02/2018,LEB,NH,ANE,EN,Federal Contract Tower,0,18,7,2,27,0,13,23,1,37,0,31,30,3,64,40,0,40,104
01/03/2018,LEB,NH,ANE,EN,Federal Contract Tower,0,16,9,0,25,0,11,16,0,27,0,27,25,0,52,0,0,0,52
01/04/2018,LEB,NH,ANE,EN,Federal Contract Tower,0,1,2,0,3,0,0,0,0,0,0,1,2,0,3,0,0,0,3
01/05/2018,LEB,NH,ANE,EN,Federal Contract Tower,0,8,5,0,13,0,1,0,0,1,0,9,5,0,14,0,0,0,14
01/06/2018,LEB,NH,ANE,EN,Federal Contract Tower,0,12,3,0,15,0,12,20,0,32,0,24,23,0,47,28,0,28,75
01/07/2018,LEB,NH,ANE,EN,Federal Contract Tower,0,8,4,0,12,0,12,18,0,30,0,20,22,0,42,18,0,18,60
01/08/2018,LEB,NH,ANE,EN,Federal Contract Tower,0,18,2,0,20,0,5,8,0,13,0,23,10,0,33,6,0,6,39
01/09/2018,LEB,NH,ANE,EN,Federal Contract Tower,0,14,9,0,23,0,11,10,4,25,0,25,19,4,48,6,0,6,54
01/10/2018,LEB,NH,ANE,EN,Federal Contract Tower,0,9,13,0,22,0,11,50,0,61,0,20,63,0,83,46,0,46,129
01/11/2018,LEB,NH,ANE,EN,Federal Contract Tower,0,19,4,0,23,0,10,10,0,20,0,29,14,0,43,14,0,14,57
01/12/2018,LEB,NH,ANE,EN,Federal Contract Tower,0,7,5,0,12,0,0,0,0,0,0,7,5,0,12,0,0,0,12
01/13/2018,LEB,NH,ANE,EN,Federal Contract Tower,0,0,0,0,0,0,5,2,0,7,0,5,2,0,7,0,0,0,7
01/14/2018,LEB,NH,ANE,EN,Federal Contract Tower,0,12,2,0,14,0,27,15,3,45,0,39,17,3,59,6,0,6,65
01/15/2018,LEB,NH,ANE,EN,Federal Contract Tower,0,29,9,0,38,0,18,43,2,63,0,47,52,2,101,32,0,32,133
01/16/2018,LEB,NH,ANE,EN,Federal Contract Tower,0,15,5,0,20,0,1,3,0,4,0,16,8,0,24,18,0,18,42
01/17/2018,LEB,NH,ANE,EN,Federal Contract Tower,0,9,10,0,19,0,0,0,0,0,0,9,10,0,19,0,0,0,19
01/18/2018,LEB,NH,ANE,EN,Federal Contract Tower,0,13,8,0,21,0,4,16,1,21,0,17,24,1,42,26,0,26,68
01/19/2018,LEB,NH,ANE,EN,Federal Contract Tower,0,21,11,0,32,0,9,19,0,28,0,30,30,0,60,6,0,6,66
01/20/2018,LEB,NH,ANE,EN,Federal Contract Tower,0,10,5,0,15,0,19,45,0,64,0,29,50,0,79,44,0,44,123
01/21/2018,LEB,NH,ANE,EN,Federal Contract Tower,0,24,7,0,31,0,16,42,0,58,0,40,49,0,89,76,0,76,165
01/22/2018,LEB,NH,ANE,EN,Federal Contract Tower,0,10,3,0,13,0,0,0,0,0,0,10,3,0,13,0,0,0,13
01/23/2018,LEB,NH,ANE,EN,Federal Contract Tower,0,7,1,0,8,0,0,0,0,0,0,7,1,0,8,0,0,0,8
01/24/2018,LEB,NH,ANE,EN,Federal Contract Tower,0,15,5,0,20,0,11,14,0,25,0,26,19,0,45,102,0,102,147
01/25/2018,LEB,NH,ANE,EN,Federal Contract Tower,0,10,6,4,20,0,14,30,0,44,0,24,36,4,64,60,0,60,124
01/26/2018,LEB,NH,ANE,EN,Federal Contract Tower,0,15,5,0,20,0,19,54,0,73,0,34,59,0,93,50,0,50,143
01/27/2018,LEB,NH,ANE,EN,Federal Contract Tower,0,14,7,0,21,0,15,41,5,61,0,29,48,5,82,36,10,46,128
01/28/2018,LEB,NH,ANE,EN,Federal Contract Tower,0,23,3,0,26,0,19,51,1,71,0,42,54,1,97,46,22,68,165
01/29/2018,LEB,NH,ANE,EN,Federal Contract Tower,0,11,2,0,13,0,20,26,2,48,0,31,28,2,61,28,28,56,117
01/30/2018,LEB,NH,ANE,EN,Federal Contract Tower,0,16,7,2,25,0,12,29,2,43,0,28,36,4,68,24,0,24,92
01/31/2018,LEB,NH,ANE,EN,Federal Contract Tower,0,8,15,7,30,0,9,25,1,35,0,17,40,8,65,12,0,12,77
02/01/2018,LEB,NH,ANE,EN,Federal Contract Tower,0,13,5,0,18,0,1,2,0,3,0,14,7,0,21,0,0,0,21
02/02/2018,LEB,NH,ANE,EN,Federal Contract Tower,0,24,4,1,29,0,9,17,2,28,0,33,21,3,57,12,0,12,69
02/03/2018,LEB,NH,ANE,EN,Federal Contract Tower,0,13,8,0,21,0,20,44,3,67,0,33,52,3,88,94,0,94,182
02/04/2018,LEB,NH,ANE,EN,Federal Contract Tower,0,8,7,0,15,0,1,0,0,1,0,9,7,0,16,0,0,0,16
02/05/2018,LEB,NH,ANE,EN,Federal Contract Tower,0,12,11,0,23,0,20,19,0,39,0,32,30,0,62,0,0,0,62
02/06/2018,LEB,NH,ANE,EN,Federal Contract Tower,0,15,12,0,27,0,9,12,4,25,0,24,24,4,52,4,0,4,56
02/07/2018,LEB,NH,ANE,EN,Federal Contract Tower,0,2,0,0,2,0,2,0,0,2,0,4,0,0,4,0,0,0,4
02/08/2018,LEB,NH,ANE,EN,Federal Contract Tower,0,16,3,0,19,0,5,13,0,18,0,21,16,0,37,8,2,10,47
02/09/2018,LEB,NH,ANE,EN,Federal Contract Tower,0,18,4,1,23,0,11,23,0,34,0,29,27,1,57,40,0,40,97
02/10/2018,LEB,NH,ANE,EN,Federal Contract Tower,0,13,0,0,13,0,2,0,0,2,0,15,0,0,15,0,0,0,15
02/11/2018,LEB,NH,ANE,EN,Federal Contract Tower,0,16,1,0,17,0,0,0,0,0,0,16,1,0,17,0,0,0,17
02/12/2018,LEB,NH,ANE,EN,Federal Contract Tower,0,16,8,1,25,0,12,38,0,50,0,28,46,1,75,72,0,72,147
02/13/2018,LEB,NH,ANE,EN,Federal Contract Tower,0,10,2,2,14,0,18,40,1,59,0,28,42,3,73,126,0,126,199
02/14/2018,LEB,NH,ANE,EN,Federal Contract Tower,0,11,6,0,17,0,7,29,0,36,0,18,35,0,53,18,0,18,71
02/15/2018,LEB,NH,ANE,EN,Federal Contract Tower,0,12,12,0,24,0,3,12,0,15,0,15,24,0,39,36,0,36,75
02/16/2018,LEB,NH,ANE,EN,Federal Contract Tower,0,19,14,0,33,0,0,7,0,7,0,19,21,0,40,10,0,10,50
02/17/2018,LEB,NH,ANE,EN,Federal Contract Tower,0,16,3,0,19,0,18,50,8,76,0,34,53,8,95,50,0,50,145
02/18/2018,LEB,NH,ANE,EN,Federal Contract Tower,0,16,6,0,22,0,13,5,0,18,0,29,11,0,40,0,0,0,40
02/19/2018,LEB,NH,ANE,EN,Federal Contract Tower,0,18,11,0,29,0,19,40,1,60,0,37,51,1,89,50,0,50,139
02/20/2018,LEB,NH,ANE,EN,Federal Contract Tower,0,17,15,0,32,0,7,52,0,59,0,24,67,0,91,22,0,22,113
02/21/2018,LEB,NH,ANE,EN,Federal Contract Tower,0,12,7,0,19,0,4,6,2,12,0,16,13,2,31,0,0,0,31
02/22/2018,LEB,NH,ANE,EN,Federal Contract Tower,0,10,6,0,16,0,2,4,0,6,0,12,10,0,22,6,0,6,28
02/23/2018,LEB,NH,ANE,EN,Federal Contract Tower,0,17,11,1,29,0,9,20,1,30,0,26,31,2,59,26,0,26,85
02/24/2018,LEB,NH,ANE,EN,Federal Contract Tower,0,15,14,0,29,0,8,31,2,41,0,23,45,2,70,22,0,22,92
02/25/2018,LEB,NH,ANE,EN,Federal Contract Tower,0,13,5,0,18,0,0,0,0,0,0,13,5,0,18,0,0,0,18
02/26/2018,LEB,NH,ANE,EN,Federal Contract Tower,0,12,3,0,15,0,15,20,0,35,0,27,23,0,50,30,0,30,80
02/27/2018,LEB,NH,ANE,EN,Federal Contract Tower,0,11,10,1,22,0,12,33,3,48,0,23,43,4,70,110,8,118,188
02/28/2018,LEB,NH,ANE,EN,Federal Contract Tower,0,5,7,0,12,0,16,27,0,43,0,21,34,0,55,16,0,16,71
03/01/2018,LEB,NH,ANE,EN,Federal Contract Tower,0,10,16,0,26,0,8,26,0,34,0,18,42,0,60,10,0,10,70
03/02/2018,LEB,NH,ANE,EN,Federal Contract Tower,0,2,1,0,3,0,0,0,0,0,0,2,1,0,3,0,0,0,3
03/03/2018,LEB,NH,ANE,EN,Federal Contract Tower,0,21,2,0,23,0,12,22,0,34,0,33,24,0,57,22,0,22,79
03/04/2018,LEB,NH,ANE,EN,Federal Contract Tower,0,17,8,0,25,0,14,28,0,42,0,31,36,0,67,78,0,78,145
03/05/2018,LEB,NH,ANE,EN,Federal Contract Tower,0,16,2,0,18,0,15,25,2,42,0,31,27,2,60,44,0,44,104
03/06/2018,LEB,NH,ANE,EN,Federal Contract Tower,0,15,8,1,24,0,10,52,2,64,0,25,60,3,88,42,0,42,130
03/07/2018,LEB,NH,ANE,EN,Federal Contract Tower,0,10,3,0,13,0,0,0,0,0,0,10,3,0,13,0,0,0,13
03/08/2018,LEB,NH,ANE,EN,Federal Contract Tower,0,4,3,0,7,0,0,0,0,0,0,4,3,0,7,0,0,0,7
03/09/2018,LEB,NH,ANE,EN,Federal Contract Tower,0,14,8,0,22,0,0,2,0,2,0,14,10,0,24,0,0,0,24
03/10/2018,LEB,NH,ANE,EN,Federal Contract Tower,0,11,2,0,13,0,7,19,2,28,0,18,21,2,41,30,0,30,71
03/11/2018,LEB,NH,ANE,EN,Federal Contract Tower,0,17,10,0,27,0,15,41,4,60,0,32,51,4,87,72,0,72,159
03/12/2018,LEB,NH,ANE,EN,Federal Contract Tower,0,10,7,0,17,0,23,33,4,60,0,33,40,4,77,72,18,90,167
03/13/2018,LEB,NH,ANE,EN,Federal Contract Tower,0,0,1,0,1,0,0,0,0,0,0,0,1,0,1,0,0,0,1
03/14/2018,LEB,NH,ANE,EN,Federal Contract Tower,0,13,3,0,16,0,2,0,0,2,0,15,3,0,18,0,0,0,18
03/15/2018,LEB,NH,ANE,EN,Federal Contract Tower,0,15,2,0,17,0,4,5,4,13,0,19,7,4,30,2,0,2,32
03/16/2018,LEB,NH,ANE,EN,Federal Contract Tower,0,10,9,0,19,0,6,5,4,15,0,16,14,4,34,0,6,6,40
03/17/2018,LEB,NH,ANE,EN,Federal Contract Tower,0,12,1,0,13,0,7,21,4,32,0,19,22,4,45,34,8,42,87
03/18/2018,LEB,NH,ANE,EN,Federal Contract Tower,0,9,7,0,16,0,26,40,2,68,0,35,47,2,84,24,0,24,108
03/19/2018,LEB,NH,ANE,EN,Federal Contract Tower,0,11,10,1,22,0,23,34,5,62,0,34,44,6,84,20,0,20,104
03/20/2018,LEB,NH,ANE,EN,Federal Contract Tower,0,7,4,1,12,0,7,44,1,52,0,14,48,2,64,50,0,50,114
03/21/2018,LEB,NH,ANE,EN,Federal Contract Tower,0,8,6,1,15,0,7,20,2,29,0,15,26,3,44,32,0,32,76
03/22/2018,LEB,NH,ANE,EN,Federal Contract Tower,0,13,4,0,17,0,5,19,2,26,0,18,23,2,43,14,0,14,57
03/23/2018,LEB,NH,ANE,EN,Federal Contract Tower,0,11,7,0,18,0,13,44,2,59,0,24,51,2,77,22,0,22,99
03/24/2018,LEB,NH,ANE,EN,Federal Contract Tower,0,9,4,0,13,0,16,48,0,64,0,25,52,0,77,58,0,58,135
03/25/2018,LEB,NH,ANE,EN,Federal Contract Tower,0,22,8,0,30,0,11,46,0,57,0,33,54,0,87,54,0,54,141
03/26/2018,LEB,NH,ANE,EN,Federal Contract Tower,0,10,10,0,20,0,11,64,0,75,0,21,74,0,95,38,0,38,133
03/27/2018,LEB,NH,ANE,EN,Federal Contract Tower,0,7,15,0,22,0,11,39,2,52,0,18,54,2,74,30,0,30,104
03/28/2018,LEB,NH,ANE,EN,Federal Contract Tower,0,12,8,0,20,0,10,14,0,24,0,22,22,0,44,14,0,14,58
03/29/2018,LEB,NH,ANE,EN,Federal Contract Tower,0,15,16,2,33,0,3,4,0,7,0,18,20,2,40,4,0,4,44
03/30/2018,LEB,NH,ANE,EN,Federal Contract Tower,0,15,9,0,24,0,5,8,0,13,0,20,17,0,37,30,0,30,67
03/31/2018,LEB,NH,ANE,EN,Federal Contract Tower,0,5,10,0,15,0,17,57,0,74,0,22,67,0,89,26,0,26,115
04/01/2018,LEB,NH,ANE,EN,Federal Contract Tower,0,14,9,0,23,0,6,22,0,28,0,20,31,0,51,22,0,22,73
04/02/2018,LEB,NH,ANE,EN,Federal Contract Tower,0,19,9,0,28,0,17,57,1,75,0,36,66,1,103,38,0,38,141
04/03/2018,LEB,NH,ANE,EN,Federal Contract Tower,0,15,5,0,20,0,12,10,2,24,0,27,15,2,44,24,0,24,68
04/04/2018,LEB,NH,ANE,EN,Federal Contract Tower,0,10,5,0,15,0,0,0,0,0,0,10,5,0,15,0,0,0,15
04/05/2018,LEB,NH,ANE,EN,Federal Contract Tower,0,4,7,1,12,0,9,8,4,21,0,13,15,5,33,0,4,4,37
04/06/2018,LEB,NH,ANE,EN,Federal Contract Tower,0,10,6,0,16,2,8,0,0,10,2,18,6,0,26,10,0,10,36
04/07/2018,LEB,NH,ANE,EN,Federal Contract Tower,0,17,10,0,27,0,16,45,0,61,0,33,55,0,88,28,0,28,116
04/08/2018,LEB,NH,ANE,EN,Federal Contract Tower,0,18,7,0,25,0,16,61,0,77,0,34,68,0,102,134,0,134,236
04/09/2018,LEB,NH,ANE,EN,Federal Contract Tower,0,15,6,0,21,0,14,60,2,76,0,29,66,2,97,32,0,32,129
04/10/2018,LEB,NH,ANE,EN,Federal Contract Tower,0,17,9,0,26,0,10,30,0,40,0,27,39,0,66,26,0,26,92
04/11/2018,LEB,NH,ANE,EN,Federal Contract Tower,0,11,13,0,24,0,5,15,0,20,0,16,28,0,44,16,0,16,60
04/12/2018,LEB,NH,ANE,EN,Federal Contract Tower,0,18,6,0,24,0,3,16,2,21,0,21,22,2,45,18,0,18,63
04/13/2018,LEB,NH,ANE,EN,Federal Contract Tower,0,26,20,0,46,0,11,36,0,47,0,37,56,0,93,22,0,22,115
04/14/2018,LEB,NH,ANE,EN,Federal Contract Tower,0,13,4,0,17,0,2,5,0,7,0,15,9,0,24,20,0,20,44
04/15/2018,LEB,NH,ANE,EN,Federal Contract Tower,0,2,2,0,4,0,0,0,0,0,0,2,2,0,4,0,0,0,4
04/16/2018,LEB,NH,ANE,EN,Federal Contract Tower,0,1,1,0,2,0,0,0,0,0,0,1,1,0,2,0,0,0,2
04/17/2018,LEB,NH,ANE,EN,Federal Contract Tower,0,13,6,0,19,0,0,1,0,1,0,13,7,0,20,0,0,0,20
04/18/2018,LEB,NH,ANE,EN,Federal Contract Tower,0,13,9,0,22,0,3,13,2,18,0,16,22,2,40,28,0,28,68
04/19/2018,LEB,NH,ANE,EN,Federal Contract Tower,0,9,6,16,31,0,1,2,0,3,0,10,8,16,34,0,0,0,34
04/20/2018,LEB,NH,ANE,EN,Federal Contract Tower,0,21,8,1,30,0,0,0,0,0,0,21,8,1,30,2,0,2,32
04/21/2018,LEB,NH,ANE,EN,Federal Contract Tower,0,14,4,0,18,0,16,38,0,54,0,30,42,0,72,26,0,26,98
04/22/2018,LEB,NH,ANE,EN,Federal Contract Tower,0,11,10,0,21,0,27,67,3,97,0,38,77,3,118,26,2,28,146
04/23/2018,LEB,NH,ANE,EN,Federal Contract Tower,0,14,16,0,30,0,17,78,0,95,0,31,94,0,125,84,0,84,209
04/24/2018,LEB,NH,ANE,EN,Federal Contract Tower,0,12,4,2,18,0,9,56,2,67,0,21,60,4,85,74,0,74,159
04/25/2018,LEB,NH,ANE,EN,Federal Contract Tower,0,17,10,0,27,0,0,0,0,0,0,17,10,0,27,0,0,0,27
04/26/2018,LEB,NH,ANE,EN,Federal Contract Tower,0,25,9,0,34,0,1,5,0,6,0,26,14,0,40,0,0,0,40
04/27/2018,LEB,NH,ANE,EN,Federal Contract Tower,0,12,16,0,28,0,7,18,0,25,0,19,34,0,53,38,0,38,91
04/28/2018,LEB,NH,ANE,EN,Federal Contract Tower,0,14,13,0,27,0,12,37,0,49,0,26,50,0,76,20,0,20,96
04/29/2018,LEB,NH,ANE,EN,Federal Contract Tower,0,27,12,0,39,0,0,0,0,0,0,27,12,0,39,2,0,2,41
04/30/2018,LEB,NH,ANE,EN,Federal Contract Tower,0,18,14,0,32,0,6,58,0,64,0,24,72,0,96,44,0,44,140
05/01/2018,LEB,NH,ANE,EN,Federal Contract Tower,0,15,7,0,22,0,11,37,6,54,0,26,44,6,76,38,0,38,114
05/02/2018,LEB,NH,ANE,EN,Federal Contract Tower,0,6,4,0,10,0,7,45,2,54,0,13,49,2,64,20,0,20,84
05/03/2018,LEB,NH,ANE,EN,Federal Contract Tower,0,13,16,0,29,0,6,13,0,19,0,19,29,0,48,18,0,18,66
05/04/2018,LEB,NH,ANE,EN,Federal Contract Tower,0,26,15,1,42,0,6,29,0,35,0,32,44,1,77,18,0,18,95
05/05/2018,LEB,NH,ANE,EN,Federal Contract Tower,0,17,11,0,28,0,22,28,0,50,0,39,39,0,78,64,0,64,142
05/06/2018,LEB,NH,ANE,EN,Federal Contract Tower,0,19,20,0,39,0,8,22,1,31,0,27,42,1,70,18,0,18,88
05/07/2018,LEB,NH,ANE,EN,Federal Contract Tower,0,13,10,0,23,0,16,65,0,81,0,29,75,0,104,62,0,62,166
05/08/2018,LEB,NH,ANE,EN,Federal Contract Tower,0,10,9,0,19,0,13,67,4,84,0,23,76,4,103,72,4,76,179
05/09/2018,LEB,NH,ANE,EN,Federal Contract Tower,0,13,12,0,25,0,8,49,2,59,0,21,61,2,84,64,0,64,148
05/10/2018,LEB,NH,ANE,EN,Federal Contract Tower,0,13,9,0,22,0,3,14,5,22,0,16,23,5,44,16,0,16,60
05/11/2018,LEB,NH,ANE,EN,Federal Contract Tower,0,10,8,1,19,0,19,54,4,77,0,29,62,5,96,20,0,20,116
05/12/2018,LEB,NH,ANE,EN,Federal Contract Tower,0,11,9,0,20,0,18,51,0,69,0,29,60,0,89,40,0,40,129
05/13/2018,LEB,NH,ANE,EN,Federal Contract Tower,0,22,13,0,35,0,16,66,2,84,0,38,79,2,119,56,0,56,175
05/14/2018,LEB,NH,ANE,EN,Federal Contract Tower,0,17,4,0,21,0,22,55,3,80,0,39,59,3,101,62,0,62,163
05/15/2018,LEB,NH,ANE,EN,Federal Contract Tower,0,14,10,0,24,0,10,12,0,22,0,24,22,0,46,0,0,0,46
05/16/2018,LEB,NH,ANE,EN,Federal Contract Tower,0,13,15,3,31,0,10,48,2,60,0,23,63,5,91,38,0,38,129
05/17/2018,LEB,NH,ANE,EN,Federal Contract Tower,0,8,8,0,16,0,8,31,2,41,0,16,39,2,57,36,8,44,101
05/18/2018,LEB,NH,ANE,EN,Federal Contract Tower,0,14,6,2,22,0,20,50,2,72,0,34,56,4,94,24,14,38,132
05/19/2018,LEB,NH,ANE,EN,Federal Contract Tower,0,16,4,0,20,0,5,26,0,31,0,21,30,0,51,44,0,44,95
05/20/2018,LEB,NH,ANE,EN,Federal Contract Tower,0,19,6,0,25,0,0,4,0,4,0,19,10,0,29,8,0,8,37
05/21/2018,LEB,NH,ANE,EN,Federal Contract Tower,0,10,7,0,17,0,17,52,0,69,0,27,59,0,86,70,0,70,156
05/22/2018,LEB,NH,ANE,EN,Federal Contract Tower,0,13,12,0,25,0,4,27,0,31,0,17,39,0,56,30,0,30,86
05/23/2018,LEB,NH,ANE,EN,Federal Contract Tower,0,15,13,1,29,0,8,23,2,33,0,23,36,3,62,8,2,10,72
05/24/2018,LEB,NH,ANE,EN,Federal Contract Tower,0,16,1,0,17,0,4,39,0,43,0,20,40,0,60,42,0,42,102
05/25/2018,LEB,NH,ANE,EN,Federal Contract Tower,0,19,13,0,32,0,17,45,0,62,0,36,58,0,94,14,0,14,108
05/26/2018,LEB,NH,ANE,EN,Federal Contract Tower,0,12,9,0,21,0,12,41,0,53,0,24,50,0,74,36,0,36,110
05/27/2018,LEB,NH,ANE,EN,Federal Contract Tower,0,15,14,2,31,0,8,25,0,33,0,23,39,2,64,16,0,16,80
05/28/2018,LEB,NH,ANE,EN,Federal Contract Tower,0,17,11,0,28,0,8,48,0,56,0,25,59,0,84,76,0,76,160
05/29/2018,LEB,NH,ANE,EN,Federal Contract Tower,0,10,3,2,15,0,16,24,0,40,0,26,27,2,55,6,0,6,61
05/30/2018,LEB,NH,ANE,EN,Federal Contract Tower,0,17,14,1,32,0,10,42,1,53,0,27,56,2,85,60,0,60,145
05/31/2018,LEB,NH,ANE,EN,Federal Contract Tower,0,18,4,0,22,0,9,32,2,43,0,27,36,2,65,30,0,30,95
06/01/2018,LEB,NH,ANE,EN,Federal Contract Tower,0,23,6,0,29,0,6,22,0,28,0,29,28,0,57,24,0,24,81
06/02/2018,LEB,NH,ANE,EN,Federal Contract Tower,0,22,10,0,32,0,17,40,0,57,0,39,50,0,89,22,0,22,111
06/03/2018,LEB,NH,ANE,EN,Federal Contract Tower,0,15,8,0,23,0,20,52,0,72,0,35,60,0,95,58,0,58,153
06/04/2018,LEB,NH,ANE,EN,Federal Contract Tower,0,15,9,0,24,0,0,0,0,0,0,15,9,0,24,0,0,0,24
06/05/2018,LEB,NH,ANE,EN,Federal Contract Tower,0,22,10,0,32,0,1,2,0,3,0,23,12,0,35,6,0,6,41
06/06/2018,LEB,NH,ANE,EN,Federal Contract Tower,0,11,12,0,23,0,4,16,0,20,0,15,28,0,43,42,0,42,85
06/07/2018,LEB,NH,ANE,EN,Federal Contract Tower,0,19,12,0,31,0,7,18,2,27,0,26,30,2,58,6,0,6,64
06/08/2018,LEB,NH,ANE,EN,Federal Contract Tower,0,30,14,0,44,0,24,80,2,106,0,54,94,2,150,56,0,56,206
06/09/2018,LEB,NH,ANE,EN,Federal Contract Tower,0,15,7,0,22,0,19,45,0,64,0,34,52,0,86,34,0,34,120
06/10/2018,LEB,NH,ANE,EN,Federal Contract Tower,0,41,12,0,53,0,29,70,0,99,0,70,82,0,152,16,0,16,168
06/11/2018,LEB,NH,ANE,EN,Federal Contract Tower,0,10,11,0,21,0,18,53,2,73,0,28,64,2,94,30,0,30,124
06/12/2018,LEB,NH,ANE,EN,Federal Contract Tower,0,7,9,0,16,0,20,32,2,54,0,27,41,2,70,48,0,48,118
06/13/2018,LEB,NH,ANE,EN,Federal Contract Tower,0,13,5,0,18,0,0,5,0,5,0,13,10,0,23,16,0,16,39
06/14/2018,LEB,NH,ANE,EN,Federal Contract Tower,0,28,14,0,42,0,2,10,0,12,0,30,24,0,54,8,0,8,62
06/15/2018,LEB,NH,ANE,EN,Federal Contract Tower,0,23,13,2,38,0,17,46,0,63,0,40,59,2,101,44,0,44,145
06/16/2018,LEB,NH,ANE,EN,Federal Contract Tower,0,15,10,0,25,0,18,78,0,96,0,33,88,0,121,36,0,36,157
06/17/2018,LEB,NH,ANE,EN,Federal Contract Tower,0,31,10,0,41,0,23,64,0,87,0,54,74,0,128,30,0,30,158
06/18/2018,LEB,NH,ANE,EN,Federal Contract Tower,0,12,6,0,18,0,14,19,0,33,0,26,25,0,51,8,0,8,59
06/19/2018,LEB,NH,ANE,EN,Federal Contract Tower,0,17,10,1,28,0,17,17,1,35,0,34,27,2,63,14,0,14,77
06/20/2018,LEB,NH,ANE,EN,Federal Contract Tower,0,12,6,0,18,0,8,30,0,38,0,20,36,0,56,62,0,62,118
06/21/2018,LEB,NH,ANE,EN,Federal Contract Tower,0,11,15,0,26,0,8,35,2,45,0,19,50,2,71,42,0,42,113
06/22/2018,LEB,NH,ANE,EN,Federal Contract Tower,0,10,10,1,21,0,16,60,1,77,0,26,70,2,98,20,0,20,118
06/23/2018,LEB,NH,ANE,EN,Federal Contract Tower,0,16,7,0,23,0,1,4,0,5,0,17,11,0,28,6,0,6,34
06/24/2018,LEB,NH,ANE,EN,Federal Contract Tower,0,23,8,0,31,0,10,0,0,10,0,33,8,0,41,0,0,0,41
06/25/2018,LEB,NH,ANE,EN,Federal Contract Tower,0,12,5,0,17,0,15,33,0,48,0,27,38,0,65,60,0,60,125
06/26/2018,LEB,NH,ANE,EN,Federal Contract Tower,0,9,11,0,20,0,15,46,2,63,0,24,57,2,83,76,0,76,159
06/27/2018,LEB,NH,ANE,EN,Federal Contract Tower,0,7,21,1,29,0,6,34,1,41,0,13,55,2,70,0,0,0,70
06/28/2018,LEB,NH,ANE,EN,Federal Contract Tower,0,14,6,0,20,0,0,4,0,4,0,14,10,0,24,6,0,6,30
06/29/2018,LEB,NH,ANE,EN,Federal Contract Tower,0,14,13,1,28,0,15,48,0,63,0,29,61,1,91,48,0,48,139
06/30/2018,LEB,NH,ANE,EN,Federal Contract Tower,0,8,6,0,14,0,17,39,2,58,0,25,45,2,72,36,0,36,108
07/01/2018,LEB,NH,ANE,EN,Federal Contract Tower,0,15,7,0,22,0,22,21,0,43,0,37,28,0,65,2,0,2,67
07/02/2018,LEB,NH,ANE,EN,Federal Contract Tower,0,12,10,0,22,0,14,3,0,17,0,26,13,0,39,0,0,0,39
07/03/2018,LEB,NH,ANE,EN,Federal Contract Tower,0,11,12,0,23,0,12,19,0,31,0,23,31,0,54,0,0,0,54
07/04/2018,LEB,NH,ANE,EN,Federal Contract Tower,0,13,4,0,17,0,7,21,0,28,0,20,25,0,45,16,0,16,61
07/05/2018,LEB,NH,ANE,EN,Federal Contract Tower,0,14,8,0,22,0,5,33,0,38,0,19,41,0,60,44,0,44,104
07/06/2018,LEB,NH,ANE,EN,Federal Contract Tower,0,18,6,0,24,0,13,25,0,38,0,31,31,0,62,20,0,20,82
07/07/2018,LEB,NH,ANE,EN,Federal Contract Tower,0,12,9,0,21,0,19,42,2,63,0,31,51,2,84,28,0,28,112
07/08/2018,LEB,NH,ANE,EN,Federal Contract Tower,0,10,9,0,19,0,23,39,2,64,0,33,48,2,83,0,0,0,83
07/09/2018,LEB,NH,ANE,EN,Federal Contract Tower,0,9,8,0,17,0,16,53,0,69,0,25,61,0,86,22,0,22,108
07/10/2018,LEB,NH,ANE,EN,Federal Contract Tower,0,14,3,0,17,0,10,45,4,59,0,24,48,4,76,36,4,40,116
07/11/2018,LEB,NH,ANE,EN,Federal Contract Tower,0,9,8,0,17,0,24,37,2,63,0,33,45,2,80,40,0,40,120
07/12/2018,LEB,NH,ANE,EN,Federal Contract Tower,0,12,10,0,22,0,0,0,0,0,0,12,10,0,22,52,0,52,74
07/13/2018,LEB,NH,ANE,EN,Federal Contract Tower,0,23,15,0,38,0,29,64,0,93,0,52,79,0,131,26,0,26,157
07/14/2018,LEB,NH,ANE,EN,Federal Contract Tower,0,15,13,0,28,0,8,20,0,28,0,23,33,0,56,16,0,16,72
07/15/2018,LEB,NH,ANE,EN,Federal Contract Tower,0,17,14,1,32,0,20,25,0,45,0,37,39,1,77,0,0,0,77
07/16/2018,LEB,NH,ANE,EN,Federal Contract Tower,0,15,10,0,25,0,21,38,1,60,0,36,48,1,85,40,0,40,125
07/17/2018,LEB,NH,ANE,EN,Federal Contract Tower,0,12,3,0,15,0,2,2,0,4,0,14,5,0,19,2,0,2,21
07/18/2018,LEB,NH,ANE,EN,Federal Contract Tower,0,7,18,0,25,0,9,32,2,43,0,16,50,2,68,14,0,14,82
07/19/2018,LEB,NH,ANE,EN,Federal Contract Tower,0,16,9,0,25,0,6,44,2,52,0,22,53,2,77,28,0,28,105
07/20/2018,LEB,NH,ANE,EN,Federal Contract Tower,0,37,24,0,61,0,16,47,0,63,0,53,71,0,124,60,0,60,184
07/21/2018,LEB,NH,ANE,EN,Federal Contract Tower,0,22,9,0,31,0,22,39,0,61,0,44,48,0,92,34,0,34,126
07/22/2018,LEB,NH,ANE,EN,Federal Contract Tower,0,25,22,0,47,0,4,0,0,4,0,29,22,0,51,0,0,0,51
07/23/2018,LEB,NH,ANE,EN,Federal Contract Tower,0,20,17,0,37,0,1,2,0,3,0,21,19,0,40,0,0,0,40
07/24/2018,LEB,NH,ANE,EN,Federal Contract Tower,0,14,11,0,25,0,19,16,0,35,0,33,27,0,60,12,0,12,72
07/25/2018,LEB,NH,ANE,EN,Federal Contract Tower,0,18,10,1,29,0,2,11,4,17,0,20,21,5,46,14,12,26,72
07/26/2018,LEB,NH,ANE,EN,Federal Contract Tower,0,26,14,2,42,0,2,16,1,19,0,28,30,3,61,8,0,8,69
07/27/2018,LEB,NH,ANE,EN,Federal Contract Tower,0,37,12,0,49,0,5,6,0,11,0,42,18,0,60,4,0,4,64
07/28/2018,LEB,NH,ANE,EN,Federal Contract Tower,0,23,9,1,33,0,6,24,0,30,0,29,33,1,63,52,0,52,115
07/29/2018,LEB,NH,ANE,EN,Federal Contract Tower,0,33,24,0,57,0,30,54,0,84,0,63,78,0,141,60,0,60,201
07/30/2018,LEB,NH,ANE,EN,Federal Contract Tower,0,10,11,0,21,0,16,41,2,59,0,26,52,2,80,28,0,28,108
07/31/2018,LEB,NH,ANE,EN,Federal Contract Tower,0,12,3,0,15,0,19,60,2,81,0,31,63,2,96,18,0,18,114
08/01/2018,LEB,NH,ANE,EN,Federal Contract Tower,0,12,20,0,32,0,6,10,0,16,0,18,30,0,48,8,0,8,56
08/02/2018,LEB,NH,ANE,EN,Federal Contract Tower,0,15,19,0,34,0,8,42,2,52,0,23,61,2,86,60,0,60,146
08/03/2018,LEB,NH,ANE,EN,Federal Contract Tower,0,28,14,0,42,0,3,15,0,18,0,31,29,0,60,16,0,16,76
08/04/2018,LEB,NH,ANE,EN,Federal Contract Tower,0,17,3,0,20,0,9,24,0,33,0,26,27,0,53,48,0,48,101
08/05/2018,LEB,NH,ANE,EN,Federal Contract Tower,0,24,13,1,38,0,21,80,1,102,0,45,93,2,140,26,0,26,166
08/06/2018,LEB,NH,ANE,EN,Federal Contract Tower,0,17,19,0,36,0,18,95,0,113,0,35,114,0,149,60,0,60,209
08/07/2018,LEB,NH,ANE,EN,Federal Contract Tower,0,11,11,0,22,0,12,27,0,39,0,23,38,0,61,34,0,34,95
08/08/2018,LEB,NH,ANE,EN,Federal Contract Tower,0,14,13,0,27,0,4,9,0,13,0,18,22,0,40,36,0,36,76
08/09/2018,LEB,NH,ANE,EN,Federal Contract Tower,0,13,21,1,35,0,6,30,1,37,0,19,51,2,72,70,0,70,142
08/10/2018,LEB,NH,ANE,EN,Federal Contract Tower,0,26,11,0,37,0,18,71,0,89,0,44,82,0,126,80,0,80,206
08/11/2018,LEB,NH,ANE,EN,Federal Contract Tower,0,23,14,0,37,0,5,23,0,28,0,28,37,0,65,34,0,34,99
08/12/2018,LEB,NH,ANE,EN,Federal Contract Tower,0,31,20,0,51,0,0,1,0,1,0,31,21,0,52,0,0,0,52
08/13/2018,LEB,NH,ANE,EN,Federal Contract Tower,0,13,7,1,21,0,1,7,0,8,0,14,14,1,29,14,0,14,43
08/14/2018,LEB,NH,ANE,EN,Federal Contract Tower,0,11,8,0,19,0,2,3,0,5,0,13,11,0,24,2,0,2,26
08/15/2018,LEB,NH,ANE,EN,Federal Contract Tower,0,10,7,0,17,0,7,31,0,38,0,17,38,0,55,62,0,62,117
08/16/2018,LEB,NH,ANE,EN,Federal Contract Tower,0,16,15,0,31,0,4,54,4,62,0,20,69,4,93,56,6,62,155
08/17/2018,LEB,NH,ANE,EN,Federal Contract Tower,0,15,12,0,27,0,4,23,0,27,0,19,35,0,54,28,0,28,82
08/18/2018,LEB,NH,ANE,EN,Federal Contract Tower,0,19,12,0,31,0,5,4,0,9,0,24,16,0,40,32,0,32,72
08/19/2018,LEB,NH,ANE,EN,Federal Contract Tower,0,15,17,0,32,0,26,42,0,68,0,41,59,0,100,48,0,48,148
08/20/2018,LEB,NH,ANE,EN,Federal Contract Tower,0,15,14,0,29,0,15,85,4,104,0,30,99,4,133,98,0,98,231
08/21/2018,LEB,NH,ANE,EN,Federal Contract Tower,0,13,19,0,32,0,4,36,0,40,0,17,55,0,72,58,0,58,130
08/22/2018,LEB,NH,ANE,EN,Federal Contract Tower,0,18,13,0,31,0,5,3,0,8,0,23,16,0,39,6,0,6,45
08/23/2018,LEB,NH,ANE,EN,Federal Contract Tower,0,15,4,3,22,0,12,33,3,48,0,27,37,6,70,26,10,36,106
08/24/2018,LEB,NH,ANE,EN,Federal Contract Tower,0,15,11,0,26,0,10,53,4,67,0,25,64,4,93,48,0,48,141
08/25/2018,LEB,NH,ANE,EN,Federal Contract Tower,0,16,6,0,22,0,7,25,0,32,0,23,31,0,54,64,0,64,118
08/26/2018,LEB,NH,ANE,EN,Federal Contract Tower,0,20,2,0,22,0,20,64,2,86,0,40,66,2,108,58,0,58,166
08/27/2018,LEB,NH,ANE,EN,Federal Contract Tower,0,19,9,0,28,0,10,43,2,55,0,29,52,2,83,48,0,48,131
08/28/2018,LEB,NH,ANE,EN,Federal Contract Tower,0,12,9,0,21,0,13,27,0,40,0,25,36,0,61,72,0,72,133
08/29/2018,LEB,NH,ANE,EN,Federal Contract Tower,0,10,7,0,17,0,8,52,0,60,0,18,59,0,77,42,0,42,119
08/30/2018,LEB,NH,ANE,EN,Federal Contract Tower,0,11,22,0,33,0,4,28,0,32,0,15,50,0,65,16,0,16,81
08/31/2018,LEB,NH,ANE,EN,Federal Contract Tower,0,26,10,0,36,0,10,46,0,56,0,36,56,0,92,18,0,18,110
09/01/2018,LEB,NH,ANE,EN,Federal Contract Tower,17,8,0,0,25,0,4,12,0,16,17,12,12,0,41,12,0,12,53
09/02/2018,LEB,NH,ANE,EN,Federal Contract Tower,0,13,6,0,19,0,7,28,1,36,0,20,34,1,55,20,0,20,75
09/03/2018,LEB,NH,ANE,EN,Federal Contract Tower,0,24,7,0,31,0,14,57,4,75,0,38,64,4,106,74,0,74,180
09/04/2018,LEB,NH,ANE,EN,Federal Contract Tower,0,15,16,0,31,0,8,21,2,31,0,23,37,2,62,0,0,0,62
09/05/2018,LEB,NH,ANE,EN,Federal Contract Tower,0,20,13,0,33,0,17,27,0,44,0,37,40,0,77,36,0,36,113
09/06/2018,LEB,NH,ANE,EN,Federal Contract Tower,0,12,11,0,23,0,6,16,0,22,0,18,27,0,45,4,0,4,49
09/07/2018,LEB,NH,ANE,EN,Federal Contract Tower,0,19,8,0,27,0,20,59,2,81,0,39,67,2,108,94,0,94,202
09/08/2018,LEB,NH,ANE,EN,Federal Contract Tower,0,12,5,0,17,0,13,38,1,52,0,25,43,1,69,44,0,44,113
09/09/2018,LEB,NH,ANE,EN,Federal Contract Tower,0,21,10,0,31,0,23,37,0,60,0,44,47,0,91,26,0,26,117
09/10/2018,LEB,NH,ANE,EN,Federal Contract Tower,0,23,9,0,32,0,0,0,0,0,0,23,9,0,32,0,0,0,32
09/11/2018,LEB,NH,ANE,EN,Federal Contract Tower,0,28,13,0,41,0,0,0,0,0,0,28,13,0,41,0,0,0,41
09/12/2018,LEB,NH,ANE,EN,Federal Contract Tower,0,14,8,0,22,0,0,0,0,0,0,14,8,0,22,0,0,0,22
09/13/2018,LEB,NH,ANE,EN,Federal Contract Tower,0,20,17,0,37,0,2,15,0,17,0,22,32,0,54,54,0,54,108
09/14/2018,LEB,NH,ANE,EN,Federal Contract Tower,0,21,16,0,37,0,13,42,0,55,0,34,58,0,92,14,0,14,106
09/15/2018,LEB,NH,ANE,EN,Federal Contract Tower,0,20,15,2,37,0,10,41,0,51,0,30,56,2,88,62,0,62,150
09/16/2018,LEB,NH,ANE,EN,Federal Contract Tower,0,22,13,0,35,0,20,58,0,78,0,42,71,0,113,108,0,108,221
09/17/2018,LEB,NH,ANE,EN,Federal Contract Tower,0,12,9,0,21,0,27,34,0,61,0,39,43,0,82,14,0,14,96
09/18/2018,LEB,NH,ANE,EN,Federal Contract Tower,0,16,4,0,20,0,5,7,0,12,0,21,11,0,32,0,0,0,32
09/19/2018,LEB,NH,ANE,EN,Federal Contract Tower,0,21,9,2,32,0,9,14,0,23,0,30,23,2,55,20,0,20,75
09/20/2018,LEB,NH,ANE,EN,Federal Contract Tower,0,23,19,1,43,0,1,21,0,22,0,24,40,1,65,76,0,76,141
09/21/2018,LEB,NH,ANE,EN,Federal Contract Tower,0,26,14,2,42,0,0,0,0,0,0,26,14,2,42,0,0,0,42
09/22/2018,LEB,NH,ANE,EN,Federal Contract Tower,0,18,4,0,22,0,15,38,0,53,0,33,42,0,75,48,0,48,123
09/23/2018,LEB,NH,ANE,EN,Federal Contract Tower,0,23,8,0,31,0,23,53,0,76,0,46,61,0,107,82,0,82,189
09/25/2018,LEB,NH,ANE,EN,Federal Contract Tower,0,15,0,0,15,0,0,0,0,0,0,15,0,0,15,0,0,0,15
09/26/2018,LEB,NH,ANE,EN,Federal Contract Tower,0,24,8,0,32,0,2,6,0,8,0,26,14,0,40,16,0,16,56
09/27/2018,LEB,NH,ANE,EN,Federal Contract Tower,0,18,6,2,26,0,10,31,4,45,0,28,37,6,71,10,0,10,81
09/28/2018,LEB,NH,ANE,EN,Federal Contract Tower,0,26,18,1,45,0,5,18,1,24,0,31,36,2,69,2,2,4,73
09/29/2018,LEB,NH,ANE,EN,Federal Contract Tower,0,22,16,0,38,0,18,38,0,56,0,40,54,0,94,20,0,20,114
09/30/2018,LEB,NH,ANE,EN,Federal Contract Tower,0,20,17,0,37,0,10,30,0,40,0,30,47,0,77,16,0,16,93
10/01/2018,LEB,NH,ANE,EN,Federal Contract Tower,0,19,4,0,23,0,0,0,0,0,0,19,4,0,23,0,0,0,23
10/02/2018,LEB,NH,ANE,EN,Federal Contract Tower,0,20,11,0,31,0,0,4,0,4,0,20,15,0,35,0,0,0,35
10/03/2018,LEB,NH,ANE,EN,Federal Contract Tower,0,23,5,0,28,0,0,3,0,3,0,23,8,0,31,0,0,0,31
10/04/2018,LEB,NH,ANE,EN,Federal Contract Tower,0,29,7,0,36,0,0,14,0,14,0,29,21,0,50,16,0,16,66
10/05/2018,LEB,NH,ANE,EN,Federal Contract Tower,0,26,29,0,55,0,18,63,1,82,0,44,92,1,137,50,2,52,189
10/06/2018,LEB,NH,ANE,EN,Federal Contract Tower,0,25,14,0,39,0,2,35,0,37,0,27,49,0,76,50,0,50,126
10/07/2018,LEB,NH,ANE,EN,Federal Contract Tower,0,34,29,0,63,0,2,8,0,10,0,36,37,0,73,0,0,0,73
10/08/2018,LEB,NH,ANE,EN,Federal Contract Tower,0,32,10,0,42,0,0,1,0,1,0,32,11,0,43,0,0,0,43
10/09/2018,LEB,NH,ANE,EN,Federal Contract Tower,0,19,15,0,34,0,7,25,0,32,0,26,40,0,66,64,0,64,130
10/10/2018,LEB,NH,ANE,EN,Federal Contract Tower,0,17,12,0,29,0,3,30,3,36,0,20,42,3,65,24,0,24,89
10/11/2018,LEB,NH,ANE,EN,Federal Contract Tower,0,25,16,0,41,0,0,1,0,1,0,25,17,0,42,0,0,0,42
10/12/2018,LEB,NH,ANE,EN,Federal Contract Tower,0,34,19,0,53,0,15,34,0,49,0,49,53,0,102,60,0,60,162
10/13/2018,LEB,NH,ANE,EN,Federal Contract Tower,0,37,9,0,46,0,8,14,0,22,0,45,23,0,68,48,0,48,116
10/14/2018,LEB,NH,ANE,EN,Federal Contract Tower,0,29,13,2,44,0,18,49,1,68,0,47,62,3,112,6,0,6,118
10/15/2018,LEB,NH,ANE,EN,Federal Contract Tower,0,21,16,0,37,0,0,0,0,0,0,21,16,0,37,0,0,0,37
10/16/2018,LEB,NH,ANE,EN,Federal Contract Tower,0,16,6,0,22,0,11,41,0,52,0,27,47,0,74,26,0,26,100
10/17/2018,LEB,NH,ANE,EN,Federal Contract Tower,0,16,14,0,30,0,7,4,2,13,0,23,18,2,43,2,0,2,45
10/18/2018,LEB,NH,ANE,EN,Federal Contract Tower,0,14,14,1,29,0,14,25,0,39,0,28,39,1,68,2,0,2,70
10/19/2018,LEB,NH,ANE,EN,Federal Contract Tower,0,22,23,0,45,0,15,66,0,81,0,37,89,0,126,68,0,68,194
10/20/2018,LEB,NH,ANE,EN,Federal Contract Tower,0,17,14,0,31,0,9,36,0,45,0,26,50,0,76,82,0,82,158
10/21/2018,LEB,NH,ANE,EN,Federal Contract Tower,0,24,14,0,38,0,16,18,1,35,0,40,32,1,73,50,0,50,123
10/22/2018,LEB,NH,ANE,EN,Federal Contract Tower,0,11,19,0,30,0,7,33,10,50,0,18,52,10,80,22,0,22,102
10/23/2018,LEB,NH,ANE,EN,Federal Contract Tower,0,14,8,2,24,0,3,5,0,8,0,17,13,2,32,0,0,0,32
10/24/2018,LEB,NH,ANE,EN,Federal Contract Tower,0,23,4,0,27,0,0,2,0,2,0,23,6,0,29,0,0,0,29
10/25/2018,LEB,NH,ANE,EN,Federal Contract Tower,0,30,16,0,46,0,4,8,2,14,0,34,24,2,60,8,8,16,76
10/26/2018,LEB,NH,ANE,EN,Federal Contract Tower,0,35,23,0,58,0,8,62,0,70,0,43,85,0,128,76,0,76,204
10/27/2018,LEB,NH,ANE,EN,Federal Contract Tower,0,16,5,0,21,0,0,0,0,0,0,16,5,0,21,0,0,0,21
10/28/2018,LEB,NH,ANE,EN,Federal Contract Tower,0,35,8,0,43,0,0,0,0,0,0,35,8,0,43,0,0,0,43
10/29/2018,LEB,NH,ANE,EN,Federal Contract Tower,0,19,10,0,29,0,4,0,0,4,0,23,10,0,33,0,0,0,33
10/30/2018,LEB,NH,ANE,EN,Federal Contract Tower,0,20,8,0,28,0,7,14,0,21,0,27,22,0,49,16,0,16,65
10/31/2018,LEB,NH,ANE,EN,Federal Contract Tower,0,10,15,0,25,0,7,12,0,19,0,17,27,0,44,2,10,12,56
11/01/2018,LEB,NH,ANE,EN,Federal Contract Tower,0,15,7,0,22,0,0,0,0,0,0,15,7,0,22,0,0,0,22
11/02/2018,LEB,NH,ANE,EN,Federal Contract Tower,0,19,11,0,30,0,3,2,0,5,0,22,13,0,35,18,0,18,53
11/03/2018,LEB,NH,ANE,EN,Federal Contract Tower,0,11,6,0,17,0,0,2,0,2,0,11,8,0,19,0,0,0,19
11/04/2018,LEB,NH,ANE,EN,Federal Contract Tower,0,17,13,0,30,0,11,49,5,65,0,28,62,5,95,112,0,112,207
11/05/2018,LEB,NH,ANE,EN,Federal Contract Tower,0,19,11,0,30,0,0,1,0,1,0,19,12,0,31,0,0,0,31
11/06/2018,LEB,NH,ANE,EN,Federal Contract Tower,0,19,7,0,26,0,0,1,0,1,0,19,8,0,27,0,0,0,27
11/07/2018,LEB,NH,ANE,EN,Federal Contract Tower,0,12,6,0,18,0,9,10,2,21,0,21,16,2,39,20,0,20,59
11/08/2018,LEB,NH,ANE,EN,Federal Contract Tower,0,29,12,0,41,0,9,31,0,40,0,38,43,0,81,66,0,66,147
11/09/2018,LEB,NH,ANE,EN,Federal Contract Tower,0,37,7,0,44,0,1,7,2,10,0,38,14,2,54,26,2,28,82
11/10/2018,LEB,NH,ANE,EN,Federal Contract Tower,0,23,5,0,28,0,2,0,0,2,0,25,5,0,30,4,0,4,34
11/11/2018,LEB,NH,ANE,EN,Federal Contract Tower,0,22,11,0,33,0,19,48,0,67,0,41,59,0,100,112,0,112,212
11/12/2018,LEB,NH,ANE,EN,Federal Contract Tower,0,16,10,0,26,0,20,57,1,78,0,36,67,1,104,48,0,48,152
11/13/2018,LEB,NH,ANE,EN,Federal Contract Tower,0,18,4,0,22,0,0,0,0,0,0,18,4,0,22,0,0,0,22
11/14/2018,LEB,NH,ANE,EN,Federal Contract Tower,0,12,7,0,19,0,6,3,0,9,0,18,10,0,28,0,0,0,28
11/15/2018,LEB,NH,ANE,EN,Federal Contract Tower,0,14,7,0,21,0,10,34,0,44,0,24,41,0,65,26,2,28,93
11/16/2018,LEB,NH,ANE,EN,Federal Contract Tower,0,12,7,0,19,0,0,0,0,0,0,12,7,0,19,0,0,0,19
11/17/2018,LEB,NH,ANE,EN,Federal Contract Tower,0,18,7,0,25,0,8,15,8,31,0,26,22,8,56,70,0,70,126
11/18/2018,LEB,NH,ANE,EN,Federal Contract Tower,0,13,18,2,33,0,10,49,0,59,0,23,67,2,92,92,0,92,184
11/19/2018,LEB,NH,ANE,EN,Federal Contract Tower,0,19,8,0,27,0,5,35,0,40,0,24,43,0,67,42,0,42,109
11/20/2018,LEB,NH,ANE,EN,Federal Contract Tower,0,7,8,0,15,0,0,0,0,0,0,7,8,0,15,0,0,0,15
11/21/2018,LEB,NH,ANE,EN,Federal Contract Tower,0,14,12,0,26,0,1,4,0,5,0,15,16,0,31,0,0,0,31
11/22/2018,LEB,NH,ANE,EN,Federal Contract Tower,0,13,4,0,17,0,2,0,0,2,0,15,4,0,19,0,0,0,19
11/23/2018,LEB,NH,ANE,EN,Federal Contract Tower,0,14,8,0,22,0,7,36,0,43,0,21,44,0,65,18,0,18,83
11/24/2018,LEB,NH,ANE,EN,Federal Contract Tower,0,12,11,0,23,0,8,41,0,49,0,20,52,0,72,30,0,30,102
11/25/2018,LEB,NH,ANE,EN,Federal Contract Tower,0,11,9,0,20,0,0,0,0,0,0,11,9,0,20,0,0,0,20
11/26/2018,LEB,NH,ANE,EN,Federal Contract Tower,0,15,4,0,19,0,0,0,0,0,0,15,4,0,19,0,0,0,19
11/27/2018,LEB,NH,ANE,EN,Federal Contract Tower,0,12,6,0,18,0,0,2,0,2,0,12,8,0,20,0,0,0,20
11/28/2018,LEB,NH,ANE,EN,Federal Contract Tower,0,15,6,0,21,0,0,0,0,0,0,15,6,0,21,0,0,0,21
11/29/2018,LEB,NH,ANE,EN,Federal Contract Tower,0,21,5,0,26,0,0,5,0,5,0,21,10,0,31,38,0,38,69
11/30/2018,LEB,NH,ANE,EN,Federal Contract Tower,0,17,8,0,25,0,0,1,0,1,0,17,9,0,26,0,0,0,26
12/01/2018,LEB,NH,ANE,EN,Federal Contract Tower,0,12,3,0,15,0,8,17,0,25,0,20,20,0,40,70,0,70,110
12/02/2018,LEB,NH,ANE,EN,Federal Contract Tower,0,2,4,0,6,0,0,0,0,0,0,2,4,0,6,0,0,0,6
12/03/2018,LEB,NH,ANE,EN,Federal Contract Tower,0,11,5,0,16,0,2,6,0,8,0,13,11,0,24,36,0,36,60
12/04/2018,LEB,NH,ANE,EN,Federal Contract Tower,0,17,8,0,25,0,26,13,1,40,0,43,21,1,65,32,0,32,97
12/05/2018,LEB,NH,ANE,EN,Federal Contract Tower,0,11,7,0,18,0,7,26,0,33,0,18,33,0,51,24,0,24,75
12/06/2018,LEB,NH,ANE,EN,Federal Contract Tower,0,10,8,0,18,0,9,12,0,21,0,19,20,0,39,22,0,22,61
12/07/2018,LEB,NH,ANE,EN,Federal Contract Tower,0,15,7,1,23,0,7,36,0,43,0,22,43,1,66,36,2,38,104
12/08/2018,LEB,NH,ANE,EN,Federal Contract Tower,0,10,4,2,16,0,18,34,3,55,0,28,38,5,71,64,2,66,137
12/09/2018,LEB,NH,ANE,EN,Federal Contract Tower,0,23,7,0,30,0,20,29,2,51,0,43,36,2,81,84,4,88,169
12/10/2018,LEB,NH,ANE,EN,Federal Contract Tower,0,11,8,1,20,0,15,45,0,60,0,26,53,1,80,38,0,38,118
12/11/2018,LEB,NH,ANE,EN,Federal Contract Tower,0,7,6,0,13,0,11,30,0,41,0,18,36,0,54,18,0,18,72
12/12/2018,LEB,NH,ANE,EN,Federal Contract Tower,0,9,6,3,18,0,5,24,0,29,0,14,30,3,47,8,2,10,57
12/13/2018,LEB,NH,ANE,EN,Federal Contract Tower,0,18,14,0,32,0,5,22,2,29,0,23,36,2,61,24,10,34,95
12/14/2018,LEB,NH,ANE,EN,Federal Contract Tower,0,12,6,0,18,0,0,0,0,0,0,12,6,0,18,0,0,0,18
12/15/2018,LEB,NH,ANE,EN,Federal Contract Tower,0,11,6,0,17,0,9,46,0,55,0,20,52,0,72,46,0,46,118
12/16/2018,LEB,NH,ANE,EN,Federal Contract Tower,0,14,4,2,20,0,2,18,1,21,0,16,22,3,41,86,0,86,127
12/17/2018,LEB,NH,ANE,EN,Federal Contract Tower,0,13,9,0,22,0,0,0,0,0,0,13,9,0,22,0,0,0,22
12/18/2018,LEB,NH,ANE,EN,Federal Contract Tower,0,9,5,0,14,0,9,7,0,16,0,18,12,0,30,0,0,0,30
12/19/2018,LEB,NH,ANE,EN,Federal Contract Tower,0,6,13,0,19,0,13,32,0,45,0,19,45,0,64,30,0,30,94
12/20/2018,LEB,NH,ANE,EN,Federal Contract Tower,0,12,9,0,21,0,11,29,0,40,0,23,38,0,61,22,0,22,83
12/21/2018,LEB,NH,ANE,EN,Federal Contract Tower,0,5,2,0,7,0,0,0,0,0,0,5,2,0,7,0,0,0,7
12/22/2018,LEB,NH,ANE,EN,Federal Contract Tower,0,18,8,0,26,0,0,0,0,0,0,18,8,0,26,0,0,0,26
12/23/2018,LEB,NH,ANE,EN,Federal Contract Tower,0,14,11,0,25,0,11,42,0,53,0,25,53,0,78,84,0,84,162
12/24/2018,LEB,NH,ANE,EN,Federal Contract Tower,0,14,2,0,16,0,6,8,0,14,0,20,10,0,30,6,0,6,36
12/25/2018,LEB,NH,ANE,EN,Federal Contract Tower,0,8,8,0,16,0,7,9,0,16,0,15,17,0,32,0,0,0,32
12/26/2018,LEB,NH,ANE,EN,Federal Contract Tower,0,10,7,0,17,0,12,10,2,24,0,22,17,2,41,8,14,22,63
12/27/2018,LEB,NH,ANE,EN,Federal Contract Tower,0,9,9,0,18,0,7,24,6,37,0,16,33,6,55,12,18,30,85
12/28/2018,LEB,NH,ANE,EN,Federal Contract Tower,0,5,2,0,7,0,0,0,0,0,0,5,2,0,7,0,0,0,7
12/29/2018,LEB,NH,ANE,EN,Federal Contract Tower,0,15,2,0,17,0,7,13,0,20,0,22,15,0,37,56,0,56,93
12/30/2018,LEB,NH,ANE,EN,Federal Contract Tower,0,18,11,0,29,0,13,50,0,63,0,31,61,0,92,20,0,20,112
12/31/2018,LEB,NH,ANE,EN,Federal Contract Tower,0,10,7,0,17,0,14,40,2,56,0,24,47,2,73,24,0,24,97
01/01/2019,LEB,NH,ANE,EN,Federal Contract Tower,0,17,3,0,20,0,4,0,0,4,0,21,3,0,24,0,0,0,24
01/02/2019,LEB,NH,ANE,EN,Federal Contract Tower,0,13,12,0,25,0,10,30,0,40,0,23,42,0,65,42,0,42,107
01/03/2019,LEB,NH,ANE,EN,Federal Contract Tower,0,14,9,0,23,0,0,4,0,4,0,14,13,0,27,0,0,0,27
01/04/2019,LEB,NH,ANE,EN,Federal Contract Tower,0,20,14,0,34,0,13,59,0,72,0,33,73,0,106,52,0,52,158
01/05/2019,LEB,NH,ANE,EN,Federal Contract Tower,0,19,8,2,29,0,7,17,0,24,0,26,25,2,53,44,2,46,99
01/06/2019,LEB,NH,ANE,EN,Federal Contract Tower,0,14,7,0,21,0,6,4,0,10,0,20,11,0,31,0,0,0,31
01/07/2019,LEB,NH,ANE,EN,Federal Contract Tower,0,20,7,0,27,0,16,26,0,42,0,36,33,0,69,34,0,34,103
01/08/2019,LEB,NH,ANE,EN,Federal Contract Tower,0,11,1,0,12,0,0,0,0,0,0,11,1,0,12,0,0,0,12
01/09/2019,LEB,NH,ANE,EN,Federal Contract Tower,0,0,0,0,0,0,0,0,0,0,0,0,0,0,0,0,0,0,0
01/10/2019,LEB,NH,ANE,EN,Federal Contract Tower,0,9,10,0,19,0,6,2,0,8,0,15,12,0,27,2,0,2,29
01/11/2019,LEB,NH,ANE,EN,Federal Contract Tower,0,24,10,1,35,0,8,25,3,36,0,32,35,4,71,10,8,18,89
01/12/2019,LEB,NH,ANE,EN,Federal Contract Tower,0,18,8,2,28,0,11,39,1,51,0,29,47,3,79,20,0,20,99
01/13/2019,LEB,NH,ANE,EN,Federal Contract Tower,0,13,4,0,17,0,18,33,1,52,0,31,37,1,69,72,0,72,141
01/14/2019,LEB,NH,ANE,EN,Federal Contract Tower,0,14,7,0,21,0,6,36,0,42,0,20,43,0,63,42,0,42,105
01/15/2019,LEB,NH,ANE,EN,Federal Contract Tower,0,12,2,0,14,0,2,1,0,3,0,14,3,0,17,0,0,0,17
01/16/2019,LEB,NH,ANE,EN,Federal Contract Tower,0,17,6,0,23,0,2,2,0,4,0,19,8,0,27,0,0,0,27
01/17/2019,LEB,NH,ANE,EN,Federal Contract Tower,0,14,5,2,21,0,5,25,0,30,0,19,30,2,51,12,0,12,63
01/18/2019,LEB,NH,ANE,EN,Federal Contract Tower,0,19,9,0,28,0,0,0,0,0,0,19,9,0,28,0,0,0,28
01/19/2019,LEB,NH,ANE,EN,Federal Contract Tower,0,10,7,0,17,0,4,0,0,4,0,14,7,0,21,6,0,6,27
01/20/2019,LEB,NH,ANE,EN,Federal Contract Tower,0,0,0,0,0,0,0,0,0,0,0,0,0,0,0,0,0,0,0
01/21/2019,LEB,NH,ANE,EN,Federal Contract Tower,0,14,2,0,16,0,0,1,0,1,0,14,3,0,17,0,0,0,17
01/22/2019,LEB,NH,ANE,EN,Federal Contract Tower,0,7,6,0,13,0,14,25,0,39,0,21,31,0,52,32,0,32,84
01/23/2019,LEB,NH,ANE,EN,Federal Contract Tower,0,8,5,0,13,0,5,7,0,12,0,13,12,0,25,26,0,26,51
01/24/2019,LEB,NH,ANE,EN,Federal Contract Tower,0,2,3,0,5,0,0,0,0,0,0,2,3,0,5,0,0,0,5
01/25/2019,LEB,NH,ANE,EN,Federal Contract Tower,0,17,16,0,33,0,5,16,3,24,0,22,32,3,57,6,4,10,67
01/26/2019,LEB,NH,ANE,EN,Federal Contract Tower,0,22,2,0,24,0,8,34,0,42,0,30,36,0,66,76,0,76,142
01/27/2019,LEB,NH,ANE,EN,Federal Contract Tower,0,21,7,0,28,0,2,0,0,2,0,23,7,0,30,0,0,0,30
01/28/2019,LEB,NH,ANE,EN,Federal Contract Tower,0,14,4,0,18,0,24,48,0,72,0,38,52,0,90,34,0,34,124
01/29/2019,LEB,NH,ANE,EN,Federal Contract Tower,0,9,6,0,15,0,3,0,0,3,0,12,6,0,18,0,0,0,18
01/30/2019,LEB,NH,ANE,EN,Federal Contract Tower,0,9,0,0,9,0,3,5,1,9,0,12,5,1,18,0,0,0,18
01/31/2019,LEB,NH,ANE,EN,Federal Contract Tower,0,9,0,1,10,0,13,21,0,34,0,22,21,1,44,0,0,0,44
02/01/2019,LEB,NH,ANE,EN,Federal Contract Tower,0,16,9,0,25,0,21,49,3,73,0,37,58,3,98,12,0,12,110
02/02/2019,LEB,NH,ANE,EN,Federal Contract Tower,0,13,4,1,18,0,11,26,0,37,0,24,30,1,55,2,2,4,59
02/03/2019,LEB,NH,ANE,EN,Federal Contract Tower,0,21,7,0,28,0,1,4,0,5,0,22,11,0,33,22,0,22,55
02/04/2019,LEB,NH,ANE,EN,Federal Contract Tower,0,17,7,0,24,0,9,28,0,37,0,26,35,0,61,18,0,18,79
02/05/2019,LEB,NH,ANE,EN,Federal Contract Tower,0,16,3,0,19,0,7,24,0,31,0,23,27,0,50,36,0,36,86
02/06/2019,LEB,NH,ANE,EN,Federal Contract Tower,0,3,17,0,20,0,7,30,0,37,0,10,47,0,57,8,0,8,65
02/07/2019,LEB,NH,ANE,EN,Federal Contract Tower,0,17,6,0,23,0,0,0,0,0,0,17,6,0,23,0,0,0,23
02/08/2019,LEB,NH,ANE,EN,Federal Contract Tower,0,19,18,0,37,0,2,6,0,8,0,21,24,0,45,0,0,0,45
02/09/2019,LEB,NH,ANE,EN,Federal Contract Tower,0,9,3,0,12,0,11,9,0,20,0,20,12,0,32,6,0,6,38
02/10/2019,LEB,NH,ANE,EN,Federal Contract Tower,0,25,18,2,45,0,21,52,3,76,0,46,70,5,121,20,4,24,145
02/11/2019,LEB,NH,ANE,EN,Federal Contract Tower,0,29,12,2,43,0,20,43,0,63,0,49,55,2,106,32,0,32,138
02/12/2019,LEB,NH,ANE,EN,Federal Contract Tower,0,7,4,2,13,0,3,13,0,16,0,10,17,2,29,10,0,10,39
02/13/2019,LEB,NH,ANE,EN,Federal Contract Tower,0,12,3,0,15,0,0,1,0,1,0,12,4,0,16,0,0,0,16
02/14/2019,LEB,NH,ANE,EN,Federal Contract Tower,0,11,7,4,22,0,8,13,0,21,0,19,20,4,43,12,2,14,57
02/15/2019,LEB,NH,ANE,EN,Federal Contract Tower,0,14,15,1,30,0,0,0,0,0,0,14,15,1,30,0,0,0,30
02/16/2019,LEB,NH,ANE,EN,Federal Contract Tower,0,23,6,2,31,0,4,23,4,31,0,27,29,6,62,4,0,4,66
02/17/2019,LEB,NH,ANE,EN,Federal Contract Tower,0,15,16,1,32,0,18,46,3,67,0,33,62,4,99,12,4,16,115
02/18/2019,LEB,NH,ANE,EN,Federal Contract Tower,0,23,4,0,27,0,1,0,0,1,0,24,4,0,28,0,0,0,28
02/19/2019,LEB,NH,ANE,EN,Federal Contract Tower,0,10,9,0,19,0,11,25,2,38,0,21,34,2,57,0,8,8,65
02/20/2019,LEB,NH,ANE,EN,Federal Contract Tower,0,6,7,0,13,0,11,35,0,46,0,17,42,0,59,26,0,26,85
02/21/2019,LEB,NH,ANE,EN,Federal Contract Tower,0,24,6,0,30,0,0,2,0,2,0,24,8,0,32,0,0,0,32
02/22/2019,LEB,NH,ANE,EN,Federal Contract Tower,0,17,17,0,34,0,15,54,0,69,0,32,71,0,103,64,0,64,167
02/23/2019,LEB,NH,ANE,EN,Federal Contract Tower,0,21,10,1,32,0,19,44,1,64,0,40,54,2,96,32,0,32,128
02/24/2019,LEB,NH,ANE,EN,Federal Contract Tower,0,17,7,0,24,0,0,0,0,0,0,17,7,0,24,0,0,0,24
02/25/2019,LEB,NH,ANE,EN,Federal Contract Tower,0,0,0,0,0,0,0,0,0,0,0,0,0,0,0,0,0,0,0
02/26/2019,LEB,NH,ANE,EN,Federal Contract Tower,0,7,5,2,14,0,17,14,0,31,0,24,19,2,45,74,0,74,119
02/27/2019,LEB,NH,ANE,EN,Federal Contract Tower,0,14,14,0,28,0,4,8,0,12,0,18,22,0,40,2,0,2,42
02/28/2019,LEB,NH,ANE,EN,Federal Contract Tower,0,21,10,0,31,0,3,21,0,24,0,24,31,0,55,18,2,20,75
03/01/2019,LEB,NH,ANE,EN,Federal Contract Tower,0,27,17,0,44,0,13,38,4,55,0,40,55,4,99,26,8,34,133
03/02/2019,LEB,NH,ANE,EN,Federal Contract Tower,0,14,15,0,29,0,5,27,0,32,0,19,42,0,61,24,0,24,85
03/03/2019,LEB,NH,ANE,EN,Federal Contract Tower,0,20,11,2,33,0,14,32,3,49,0,34,43,5,82,0,0,0,82
03/04/2019,LEB,NH,ANE,EN,Federal Contract Tower,0,8,7,0,15,0,3,7,0,10,0,11,14,0,25,0,0,0,25
03/05/2019,LEB,NH,ANE,EN,Federal Contract Tower,0,4,6,0,10,0,11,12,0,23,0,15,18,0,33,54,0,54,87
03/06/2019,LEB,NH,ANE,EN,Federal Contract Tower,0,13,5,0,18,0,6,2,0,8,0,19,7,0,26,0,0,0,26
03/07/2019,LEB,NH,ANE,EN,Federal Contract Tower,0,10,7,0,17,0,5,9,2,16,0,15,16,2,33,2,0,2,35
03/08/2019,LEB,NH,ANE,EN,Federal Contract Tower,0,13,13,0,26,0,17,44,0,61,0,30,57,0,87,80,0,80,167
03/09/2019,LEB,NH,ANE,EN,Federal Contract Tower,0,9,9,1,19,0,12,36,5,53,0,21,45,6,72,40,0,40,112
03/10/2019,LEB,NH,ANE,EN,Federal Contract Tower,0,7,0,0,7,0,0,0,0,0,0,7,0,0,7,0,0,0,7
03/11/2019,LEB,NH,ANE,EN,Federal Contract Tower,0,17,8,0,25,0,9,5,0,14,0,26,13,0,39,0,0,0,39
03/12/2019,LEB,NH,ANE,EN,Federal Contract Tower,0,12,1,0,13,0,14,7,8,29,0,26,8,8,42,0,4,4,46
03/13/2019,LEB,NH,ANE,EN,Federal Contract Tower,0,3,5,2,10,0,9,17,2,28,0,12,22,4,38,18,0,18,56
03/14/2019,LEB,NH,ANE,EN,Federal Contract Tower,0,9,9,0,18,0,2,9,0,11,0,11,18,0,29,0,0,0,29
03/15/2019,LEB,NH,ANE,EN,Federal Contract Tower,0,15,4,0,19,0,7,16,0,23,0,22,20,0,42,28,0,28,70
03/16/2019,LEB,NH,ANE,EN,Federal Contract Tower,0,12,4,0,16,0,8,12,0,20,0,20,16,0,36,0,0,0,36
03/17/2019,LEB,NH,ANE,EN,Federal Contract Tower,0,12,11,0,23,0,16,26,0,42,0,28,37,0,65,54,0,54,119
03/18/2019,LEB,NH,ANE,EN,Federal Contract Tower,0,9,2,0,11,0,15,31,0,46,0,24,33,0,57,58,0,58,115
03/19/2019,LEB,NH,ANE,EN,Federal Contract Tower,0,7,18,0,25,0,15,23,0,38,0,22,41,0,63,6,0,6,69
03/20/2019,LEB,NH,ANE,EN,Federal Contract Tower,0,6,9,4,19,0,10,38,5,53,0,16,47,9,72,40,0,40,112
03/21/2019,LEB,NH,ANE,EN,Federal Contract Tower,0,18,6,0,24,0,9,12,0,21,0,27,18,0,45,18,0,18,63
03/22/2019,LEB,NH,ANE,EN,Federal Contract Tower,0,14,1,0,15,0,0,0,0,0,0,14,1,0,15,0,0,0,15
03/23/2019,LEB,NH,ANE,EN,Federal Contract Tower,0,15,4,0,19,0,2,0,0,2,0,17,4,0,21,0,0,0,21
03/24/2019,LEB,NH,ANE,EN,Federal Contract Tower,0,29,6,0,35,0,22,47,0,69,0,51,53,0,104,58,0,58,162
03/25/2019,LEB,NH,ANE,EN,Federal Contract Tower,0,14,6,0,20,0,16,47,0,63,0,30,53,0,83,58,0,58,141
03/26/2019,LEB,NH,ANE,EN,Federal Contract Tower,0,6,2,0,8,0,11,26,11,48,0,17,28,11,56,56,0,56,112
03/27/2019,LEB,NH,ANE,EN,Federal Contract Tower,0,7,12,2,21,0,14,53,2,69,0,21,65,4,90,50,4,54,144
03/28/2019,LEB,NH,ANE,EN,Federal Contract Tower,0,6,3,0,9,0,8,12,0,20,0,14,15,0,29,2,0,2,31
03/29/2019,LEB,NH,ANE,EN,Federal Contract Tower,0,15,6,0,21,0,8,51,0,59,0,23,57,0,80,70,0,70,150
03/30/2019,LEB,NH,ANE,EN,Federal Contract Tower,0,12,8,0,20,0,8,0,0,8,0,20,8,0,28,0,0,0,28
03/31/2019,LEB,NH,ANE,EN,Federal Contract Tower,0,17,8,0,25,0,6,0,0,6,0,23,8,0,31,0,0,0,31
04/01/2019,LEB,NH,ANE,EN,Federal Contract Tower,0,14,3,0,17,0,10,18,0,28,0,24,21,0,45,14,0,14,59
04/02/2019,LEB,NH,ANE,EN,Federal Contract Tower,0,20,7,0,27,0,16,17,2,35,0,36,24,2,62,48,0,48,110
04/03/2019,LEB,NH,ANE,EN,Federal Contract Tower,0,9,3,0,12,0,4,8,0,12,0,13,11,0,24,4,0,4,28
04/04/2019,LEB,NH,ANE,EN,Federal Contract Tower,0,11,3,0,14,0,10,5,0,15,0,21,8,0,29,0,0,0,29
04/05/2019,LEB,NH,ANE,EN,Federal Contract Tower,0,15,11,0,26,0,10,43,0,53,0,25,54,0,79,70,0,70,149
04/06/2019,LEB,NH,ANE,EN,Federal Contract Tower,0,17,5,1,23,0,9,13,1,23,0,26,18,2,46,10,0,10,56
04/07/2019,LEB,NH,ANE,EN,Federal Contract Tower,0,15,7,0,22,0,21,55,0,76,0,36,62,0,98,64,0,64,162
04/08/2019,LEB,NH,ANE,EN,Federal Contract Tower,0,16,6,0,22,0,0,0,0,0,0,16,6,0,22,0,0,0,22
04/09/2019,LEB,NH,ANE,EN,Federal Contract Tower,0,12,11,0,23,0,0,0,0,0,0,12,11,0,23,0,0,0,23
04/10/2019,LEB,NH,ANE,EN,Federal Contract Tower,0,13,6,0,19,0,4,19,0,23,0,17,25,0,42,38,0,38,80
04/11/2019,LEB,NH,ANE,EN,Federal Contract Tower,0,5,8,3,16,0,12,50,4,66,0,17,58,7,82,68,6,74,156
04/12/2019,LEB,NH,ANE,EN,Federal Contract Tower,0,15,13,0,28,0,9,30,0,39,0,24,43,0,67,28,0,28,95
04/13/2019,LEB,NH,ANE,EN,Federal Contract Tower,0,9,8,0,17,0,6,17,0,23,0,15,25,0,40,6,0,6,46
04/14/2019,LEB,NH,ANE,EN,Federal Contract Tower,0,18,7,0,25,0,16,27,0,43,0,34,34,0,68,26,0,26,94
04/15/2019,LEB,NH,ANE,EN,Federal Contract Tower,0,15,5,0,20,0,0,0,0,0,0,15,5,0,20,0,0,0,20
04/16/2019,LEB,NH,ANE,EN,Federal Contract Tower,0,8,8,0,16,0,6,4,2,12,0,14,12,2,28,30,0,30,58
04/17/2019,LEB,NH,ANE,EN,Federal Contract Tower,0,5,6,1,12,0,11,30,0,41,0,16,36,1,53,18,6,24,77
04/18/2019,LEB,NH,ANE,EN,Federal Contract Tower,0,19,5,0,24,0,2,1,0,3,0,21,6,0,27,0,0,0,27
04/19/2019,LEB,NH,ANE,EN,Federal Contract Tower,0,17,9,0,26,0,12,13,0,25,0,29,22,0,51,22,0,22,73
04/20/2019,LEB,NH,ANE,EN,Federal Contract Tower,0,15,4,0,19,0,0,0,0,0,0,15,4,0,19,0,0,0,19
04/21/2019,LEB,NH,ANE,EN,Federal Contract Tower,0,19,5,0,24,0,5,26,0,31,0,24,31,0,55,36,0,36,91
04/22/2019,LEB,NH,ANE,EN,Federal Contract Tower,0,19,9,0,28,0,7,43,0,50,0,26,52,0,78,62,0,62,140
04/23/2019,LEB,NH,ANE,EN,Federal Contract Tower,0,18,8,0,26,0,4,19,0,23,0,22,27,0,49,58,0,58,107
04/24/2019,LEB,NH,ANE,EN,Federal Contract Tower,0,15,10,0,25,0,4,11,0,15,0,19,21,0,40,0,0,0,40
04/25/2019,LEB,NH,ANE,EN,Federal Contract Tower,0,11,9,1,21,0,7,30,0,37,0,18,39,1,58,28,0,28,86
04/26/2019,LEB,NH,ANE,EN,Federal Contract Tower,0,19,4,0,23,0,0,0,0,0,0,19,4,0,23,0,0,0,23
04/27/2019,LEB,NH,ANE,EN,Federal Contract Tower,0,21,4,0,25,0,1,1,0,2,0,22,5,0,27,0,0,0,27
04/28/2019,LEB,NH,ANE,EN,Federal Contract Tower,0,16,15,0,31,0,24,37,1,62,0,40,52,1,93,78,0,78,171
04/29/2019,LEB,NH,ANE,EN,Federal Contract Tower,0,11,10,0,21,0,13,47,2,62,0,24,57,2,83,50,10,60,143
04/30/2019,LEB,NH,ANE,EN,Federal Contract Tower,0,20,7,0,27,0,3,4,6,13,0,23,11,6,40,2,0,2,42
05/01/2019,LEB,NH,ANE,EN,Federal Contract Tower,0,11,10,0,21,0,12,24,2,38,0,23,34,2,59,42,0,42,101
05/02/2019,LEB,NH,ANE,EN,Federal Contract Tower,0,19,12,0,31,0,0,0,0,0,0,19,12,0,31,0,0,0,31
05/03/2019,LEB,NH,ANE,EN,Federal Contract Tower,0,31,15,0,46,0,0,0,0,0,0,31,15,0,46,0,0,0,46
05/04/2019,LEB,NH,ANE,EN,Federal Contract Tower,0,30,5,1,36,0,11,14,0,25,0,41,19,1,61,56,0,56,117
05/05/2019,LEB,NH,ANE,EN,Federal Contract Tower,0,24,20,0,44,0,6,14,0,20,0,30,34,0,64,12,0,12,76
05/06/2019,LEB,NH,ANE,EN,Federal Contract Tower,0,13,10,0,23,0,20,66,0,86,0,33,76,0,109,86,0,86,195
05/07/2019,LEB,NH,ANE,EN,Federal Contract Tower,0,12,13,0,25,0,5,23,0,28,0,17,36,0,53,46,0,46,99
05/08/2019,LEB,NH,ANE,EN,Federal Contract Tower,0,9,13,0,22,0,9,54,10,73,0,18,67,10,95,70,0,70,165
05/09/2019,LEB,NH,ANE,EN,Federal Contract Tower,0,6,9,0,15,0,6,35,0,41,0,12,44,0,56,56,0,56,112
05/10/2019,LEB,NH,ANE,EN,Federal Contract Tower,0,18,7,0,25,0,1,6,0,7,0,19,13,0,32,26,0,26,58
05/11/2019,LEB,NH,ANE,EN,Federal Contract Tower,0,11,8,1,20,0,12,46,3,61,0,23,54,4,81,16,14,30,111
05/12/2019,LEB,NH,ANE,EN,Federal Contract Tower,0,20,10,0,30,0,15,60,4,79,0,35,70,4,109,58,0,58,167
05/13/2019,LEB,NH,ANE,EN,Federal Contract Tower,0,17,11,0,28,0,4,17,0,21,0,21,28,0,49,6,0,6,55
05/14/2019,LEB,NH,ANE,EN,Federal Contract Tower,0,10,11,0,21,0,0,13,0,13,0,10,24,0,34,36,0,36,70
05/15/2019,LEB,NH,ANE,EN,Federal Contract Tower,0,14,11,0,25,0,1,23,0,24,0,15,34,0,49,14,0,14,63
05/16/2019,LEB,NH,ANE,EN,Federal Contract Tower,0,13,14,0,27,0,6,41,0,47,0,19,55,0,74,54,0,54,128
05/17/2019,LEB,NH,ANE,EN,Federal Contract Tower,0,13,7,0,20,0,5,14,0,19,0,18,21,0,39,24,0,24,63
05/18/2019,LEB,NH,ANE,EN,Federal Contract Tower,0,9,5,1,15,0,14,43,3,60,0,23,48,4,75,56,0,56,131
05/19/2019,LEB,NH,ANE,EN,Federal Contract Tower,0,22,13,1,36,0,7,12,2,21,0,29,25,3,57,6,0,6,63
05/20/2019,LEB,NH,ANE,EN,Federal Contract Tower,0,9,12,0,21,0,9,19,0,28,0,18,31,0,49,20,0,20,69
05/21/2019,LEB,NH,ANE,EN,Federal Contract Tower,0,20,9,0,29,0,4,9,2,15,0,24,18,2,44,0,0,0,44
05/22/2019,LEB,NH,ANE,EN,Federal Contract Tower,0,10,5,0,15,0,8,49,0,57,0,18,54,0,72,32,0,32,104
05/23/2019,LEB,NH,ANE,EN,Federal Contract Tower,0,21,8,0,29,0,5,21,0,26,0,26,29,0,55,36,0,36,91
05/24/2019,LEB,NH,ANE,EN,Federal Contract Tower,0,36,12,0,48,0,10,13,0,23,0,46,25,0,71,0,0,0,71
05/25/2019,LEB,NH,ANE,EN,Federal Contract Tower,0,11,19,0,30,0,16,50,2,68,0,27,69,2,98,30,0,30,128
05/26/2019,LEB,NH,ANE,EN,Federal Contract Tower,0,14,4,0,18,0,21,28,3,52,0,35,32,3,70,50,0,50,120
05/27/2019,LEB,NH,ANE,EN,Federal Contract Tower,0,14,9,0,23,0,17,36,2,55,0,31,45,2,78,22,0,22,100
05/28/2019,LEB,NH,ANE,EN,Federal Contract Tower,0,26,17,0,43,0,6,6,0,12,0,32,23,0,55,0,0,0,55
05/29/2019,LEB,NH,ANE,EN,Federal Contract Tower,0,14,8,0,22,0,0,4,0,4,0,14,12,0,26,10,0,10,36
05/30/2019,LEB,NH,ANE,EN,Federal Contract Tower,0,17,5,1,23,0,7,30,1,38,0,24,35,2,61,58,2,60,121
05/31/2019,LEB,NH,ANE,EN,Federal Contract Tower,0,23,9,2,34,0,24,67,0,91,0,47,76,2,125,32,4,36,161
06/01/2019,LEB,NH,ANE,EN,Federal Contract Tower,0,22,8,1,31,0,15,42,2,59,0,37,50,3,90,0,0,0,90
06/02/2019,LEB,NH,ANE,EN,Federal Contract Tower,0,23,6,0,29,0,3,0,0,3,0,26,6,0,32,0,0,0,32
06/03/2019,LEB,NH,ANE,EN,Federal Contract Tower,0,15,6,0,21,0,15,13,0,28,0,30,19,0,49,46,0,46,95
06/04/2019,LEB,NH,ANE,EN,Federal Contract Tower,0,11,5,0,16,0,17,25,0,42,0,28,30,0,58,38,0,38,96
06/05/2019,LEB,NH,ANE,EN,Federal Contract Tower,0,15,11,0,26,0,5,43,0,48,0,20,54,0,74,36,0,36,110
06/06/2019,LEB,NH,ANE,EN,Federal Contract Tower,0,19,16,0,35,0,4,20,0,24,0,23,36,0,59,18,0,18,77
06/07/2019,LEB,NH,ANE,EN,Federal Contract Tower,0,27,19,0,46,0,21,85,3,109,0,48,104,3,155,50,14,64,219
06/08/2019,LEB,NH,ANE,EN,Federal Contract Tower,0,10,5,0,15,0,22,41,0,63,0,32,46,0,78,16,0,16,94
06/09/2019,LEB,NH,ANE,EN,Federal Contract Tower,0,35,18,0,53,0,29,61,0,90,0,64,79,0,143,44,0,44,187
06/10/2019,LEB,NH,ANE,EN,Federal Contract Tower,0,16,15,0,31,0,22,78,0,100,0,38,93,0,131,26,0,26,157
06/11/2019,LEB,NH,ANE,EN,Federal Contract Tower,0,11,7,0,18,0,6,12,0,18,0,17,19,0,36,24,0,24,60
06/12/2019,LEB,NH,ANE,EN,Federal Contract Tower,0,12,14,1,27,0,9,42,1,52,0,21,56,2,79,22,0,22,101
06/13/2019,LEB,NH,ANE,EN,Federal Contract Tower,0,33,7,0,40,0,3,0,0,3,0,36,7,0,43,0,0,0,43
06/14/2019,LEB,NH,ANE,EN,Federal Contract Tower,0,24,8,0,32,0,9,8,0,17,0,33,16,0,49,0,0,0,49
06/15/2019,LEB,NH,ANE,EN,Federal Contract Tower,0,13,5,0,18,0,20,37,2,59,0,33,42,2,77,14,0,14,91
06/16/2019,LEB,NH,ANE,EN,Federal Contract Tower,0,21,15,0,36,0,2,2,0,4,0,23,17,0,40,0,0,0,40
06/17/2019,LEB,NH,ANE,EN,Federal Contract Tower,0,17,9,0,26,0,23,65,12,100,0,40,74,12,126,50,0,50,176
06/18/2019,LEB,NH,ANE,EN,Federal Contract Tower,0,19,16,0,35,0,4,41,4,49,0,23,57,4,84,40,0,40,124
06/19/2019,LEB,NH,ANE,EN,Federal Contract Tower,0,18,13,1,32,0,2,30,6,38,0,20,43,7,70,18,0,18,88
06/20/2019,LEB,NH,ANE,EN,Federal Contract Tower,0,9,5,0,14,0,0,0,0,0,0,9,5,0,14,0,0,0,14
06/21/2019,LEB,NH,ANE,EN,Federal Contract Tower,0,16,18,0,34,0,15,5,0,20,0,31,23,0,54,0,0,0,54
06/22/2019,LEB,NH,ANE,EN,Federal Contract Tower,0,6,7,0,13,0,15,29,0,44,0,21,36,0,57,6,0,6,63
06/23/2019,LEB,NH,ANE,EN,Federal Contract Tower,0,12,8,2,22,0,16,40,2,58,0,28,48,4,80,30,0,30,110
06/24/2019,LEB,NH,ANE,EN,Federal Contract Tower,0,8,12,0,20,0,19,59,4,82,0,27,71,4,102,42,0,42,144
06/25/2019,LEB,NH,ANE,EN,Federal Contract Tower,0,15,6,0,21,0,0,0,0,0,0,15,6,0,21,0,0,0,21
06/26/2019,LEB,NH,ANE,EN,Federal Contract Tower,0,13,10,0,23,0,6,24,4,34,0,19,34,4,57,42,6,48,105
06/27/2019,LEB,NH,ANE,EN,Federal Contract Tower,0,12,8,0,20,0,9,39,2,50,0,21,47,2,70,22,0,22,92
06/28/2019,LEB,NH,ANE,EN,Federal Contract Tower,0,12,20,0,32,0,25,59,2,86,0,37,79,2,118,94,0,94,212
06/29/2019,LEB,NH,ANE,EN,Federal Contract Tower,0,17,8,0,25,0,7,12,0,19,0,24,20,0,44,0,0,0,44
06/30/2019,LEB,NH,ANE,EN,Federal Contract Tower,0,19,2,0,21,0,3,2,0,5,0,22,4,0,26,0,0,0,26
07/01/2019,LEB,NH,ANE,EN,Federal Contract Tower,0,13,6,0,19,0,14,58,6,78,0,27,64,6,97,48,0,48,145
07/02/2019,LEB,NH,ANE,EN,Federal Contract Tower,0,7,14,1,22,0,13,86,7,106,0,20,100,8,128,74,12,86,214
07/03/2019,LEB,NH,ANE,EN,Federal Contract Tower,0,10,17,0,27,0,8,63,4,75,0,18,80,4,102,70,0,70,172
07/04/2019,LEB,NH,ANE,EN,Federal Contract Tower,0,7,12,0,19,0,8,27,0,35,0,15,39,0,54,16,0,16,70
07/05/2019,LEB,NH,ANE,EN,Federal Contract Tower,0,7,8,0,15,0,12,34,0,46,0,19,42,0,61,20,0,20,81
07/06/2019,LEB,NH,ANE,EN,Federal Contract Tower,0,12,3,0,15,0,6,8,0,14,0,18,11,0,29,22,0,22,51
07/07/2019,LEB,NH,ANE,EN,Federal Contract Tower,0,18,20,0,38,0,19,45,0,64,0,37,65,0,102,24,0,24,126
07/08/2019,LEB,NH,ANE,EN,Federal Contract Tower,0,19,13,0,32,0,10,54,2,66,0,29,67,2,98,86,0,86,184
07/09/2019,LEB,NH,ANE,EN,Federal Contract Tower,0,4,9,0,13,0,15,45,2,62,0,19,54,2,75,50,10,60,135
07/10/2019,LEB,NH,ANE,EN,Federal Contract Tower,0,9,8,0,17,0,13,29,0,42,0,22,37,0,59,40,0,40,99
07/11/2019,LEB,NH,ANE,EN,Federal Contract Tower,0,19,7,0,26,0,6,23,0,29,0,25,30,0,55,80,0,80,135
07/12/2019,LEB,NH,ANE,EN,Federal Contract Tower,0,16,20,0,36,0,7,33,0,40,0,23,53,0,76,42,0,42,118
07/13/2019,LEB,NH,ANE,EN,Federal Contract Tower,0,8,5,0,13,0,11,51,0,62,0,19,56,0,75,26,0,26,101
07/14/2019,LEB,NH,ANE,EN,Federal Contract Tower,0,16,15,1,32,0,26,35,0,61,0,42,50,1,93,34,0,34,127
07/15/2019,LEB,NH,ANE,EN,Federal Contract Tower,0,10,10,0,20,0,27,52,0,79,0,37,62,0,99,34,0,34,133
07/16/2019,LEB,NH,ANE,EN,Federal Contract Tower,0,8,10,0,18,0,12,29,0,41,0,20,39,0,59,2,6,8,67
07/17/2019,LEB,NH,ANE,EN,Federal Contract Tower,0,14,9,0,23,0,1,1,0,2,0,15,10,0,25,0,0,0,25
07/18/2019,LEB,NH,ANE,EN,Federal Contract Tower,0,7,7,2,16,0,9,27,2,38,0,16,34,4,54,22,0,22,76
07/19/2019,LEB,NH,ANE,EN,Federal Contract Tower,0,16,10,0,26,0,12,34,4,50,0,28,44,4,76,14,0,14,90
07/20/2019,LEB,NH,ANE,EN,Federal Contract Tower,0,16,4,0,20,0,5,36,0,41,0,21,40,0,61,10,0,10,71
07/21/2019,LEB,NH,ANE,EN,Federal Contract Tower,0,20,16,0,36,0,16,21,0,37,0,36,37,0,73,0,0,0,73
07/22/2019,LEB,NH,ANE,EN,Federal Contract Tower,0,14,21,0,35,0,5,13,0,18,0,19,34,0,53,18,0,18,71
07/23/2019,LEB,NH,ANE,EN,Federal Contract Tower,0,18,7,0,25,0,12,39,2,53,0,30,46,2,78,62,0,62,140
07/24/2019,LEB,NH,ANE,EN,Federal Contract Tower,0,16,13,0,29,0,9,54,0,63,0,25,67,0,92,50,0,50,142
07/25/2019,LEB,NH,ANE,EN,Federal Contract Tower,0,16,13,1,30,0,10,31,10,51,0,26,44,11,81,44,6,50,131
07/26/2019,LEB,NH,ANE,EN,Federal Contract Tower,0,18,14,0,32,0,13,67,1,81,0,31,81,1,113,24,0,24,137
07/27/2019,LEB,NH,ANE,EN,Federal Contract Tower,0,29,17,0,46,0,16,64,1,81,0,45,81,1,127,34,0,34,161
07/28/2019,LEB,NH,ANE,EN,Federal Contract Tower,0,21,10,0,31,0,13,32,2,47,0,34,42,2,78,44,16,60,138
07/29/2019,LEB,NH,ANE,EN,Federal Contract Tower,0,13,10,0,23,0,25,52,0,77,0,38,62,0,100,68,0,68,168
07/30/2019,LEB,NH,ANE,EN,Federal Contract Tower,0,8,16,0,24,0,8,34,0,42,0,16,50,0,66,44,0,44,110
07/31/2019,LEB,NH,ANE,EN,Federal Contract Tower,0,11,10,0,21,0,4,24,0,28,0,15,34,0,49,22,0,22,71
08/01/2019,LEB,NH,ANE,EN,Federal Contract Tower,0,12,18,0,30,0,13,60,0,73,0,25,78,0,103,94,0,94,197
08/02/2019,LEB,NH,ANE,EN,Federal Contract Tower,0,18,21,0,39,0,17,59,2,78,0,35,80,2,117,56,0,56,173
08/03/2019,LEB,NH,ANE,EN,Federal Contract Tower,0,13,6,0,19,0,10,35,2,47,0,23,41,2,66,36,0,36,102
08/04/2019,LEB,NH,ANE,EN,Federal Contract Tower,0,22,17,0,39,0,15,53,0,68,0,37,70,0,107,8,0,8,115
08/05/2019,LEB,NH,ANE,EN,Federal Contract Tower,0,11,13,0,24,0,22,79,2,103,0,33,92,2,127,70,10,80,207
08/06/2019,LEB,NH,ANE,EN,Federal Contract Tower,0,10,14,0,24,0,6,21,0,27,0,16,35,0,51,24,0,24,75
08/07/2019,LEB,NH,ANE,EN,Federal Contract Tower,0,10,14,0,24,0,5,18,0,23,0,15,32,0,47,24,0,24,71
08/08/2019,LEB,NH,ANE,EN,Federal Contract Tower,0,13,12,2,27,0,5,12,0,17,0,18,24,2,44,24,0,24,68
08/09/2019,LEB,NH,ANE,EN,Federal Contract Tower,0,11,15,0,26,0,18,67,4,89,0,29,82,4,115,40,0,40,155
08/10/2019,LEB,NH,ANE,EN,Federal Contract Tower,0,10,17,0,27,0,12,23,0,35,0,22,40,0,62,6,0,6,68
08/11/2019,LEB,NH,ANE,EN,Federal Contract Tower,0,18,8,0,26,0,20,56,0,76,0,38,64,0,102,0,0,0,102
08/12/2019,LEB,NH,ANE,EN,Federal Contract Tower,0,13,8,0,21,0,16,53,3,72,0,29,61,3,93,90,0,90,183
08/13/2019,LEB,NH,ANE,EN,Federal Contract Tower,0,11,12,0,23,0,12,12,0,24,0,23,24,0,47,52,0,52,99
08/14/2019,LEB,NH,ANE,EN,Federal Contract Tower,0,14,9,1,24,0,10,44,9,63,0,24,53,10,87,32,0,32,119
08/15/2019,LEB,NH,ANE,EN,Federal Contract Tower,0,8,10,0,18,0,10,26,0,36,0,18,36,0,54,30,0,30,84
08/16/2019,LEB,NH,ANE,EN,Federal Contract Tower,0,15,12,0,27,0,14,33,0,47,0,29,45,0,74,26,0,26,100
08/17/2019,LEB,NH,ANE,EN,Federal Contract Tower,0,16,11,0,27,0,3,15,0,18,0,19,26,0,45,70,0,70,115
08/18/2019,LEB,NH,ANE,EN,Federal Contract Tower,0,18,19,0,37,0,17,52,0,69,0,35,71,0,106,10,0,10,116
08/19/2019,LEB,NH,ANE,EN,Federal Contract Tower,0,11,32,0,43,0,15,58,0,73,0,26,90,0,116,18,0,18,134
08/20/2019,LEB,NH,ANE,EN,Federal Contract Tower,0,18,12,0,30,0,15,65,5,85,0,33,77,5,115,80,0,80,195
08/21/2019,LEB,NH,ANE,EN,Federal Contract Tower,0,16,14,0,30,0,0,1,0,1,0,16,15,0,31,16,0,16,47
08/22/2019,LEB,NH,ANE,EN,Federal Contract Tower,0,15,9,0,24,0,11,36,0,47,0,26,45,0,71,34,0,34,105
08/23/2019,LEB,NH,ANE,EN,Federal Contract Tower,0,20,20,0,40,0,10,59,0,69,0,30,79,0,109,68,0,68,177
08/24/2019,LEB,NH,ANE,EN,Federal Contract Tower,0,9,9,0,18,0,13,32,0,45,0,22,41,0,63,2,0,2,65
08/25/2019,LEB,NH,ANE,EN,Federal Contract Tower,0,16,6,1,23,0,18,38,4,60,0,34,44,5,83,44,0,44,127
08/26/2019,LEB,NH,ANE,EN,Federal Contract Tower,0,15,11,1,27,0,10,43,4,57,0,25,54,5,84,28,0,28,112
08/27/2019,LEB,NH,ANE,EN,Federal Contract Tower,0,8,11,0,19,0,8,37,0,45,0,16,48,0,64,52,0,52,116
08/28/2019,LEB,NH,ANE,EN,Federal Contract Tower,0,28,4,0,32,0,10,48,1,59,0,38,52,1,91,56,0,56,147
08/29/2019,LEB,NH,ANE,EN,Federal Contract Tower,0,9,16,0,25,0,7,25,0,32,0,16,41,0,57,48,0,48,105
08/30/2019,LEB,NH,ANE,EN,Federal Contract Tower,0,20,11,0,31,0,15,22,2,39,0,35,33,2,70,10,0,10,80
08/31/2019,LEB,NH,ANE,EN,Federal Contract Tower,0,13,11,0,24,0,25,28,0,53,0,38,39,0,77,10,0,10,87
09/01/2019,LEB,NH,ANE,EN,Federal Contract Tower,0,9,3,2,14,0,20,32,3,55,0,29,35,5,69,0,0,0,69
09/02/2019,LEB,NH,ANE,EN,Federal Contract Tower,0,21,11,0,32,0,0,0,0,0,0,21,11,0,32,0,0,0,32
09/03/2019,LEB,NH,ANE,EN,Federal Contract Tower,0,13,10,1,24,0,7,16,1,24,0,20,26,2,48,102,0,102,150
09/04/2019,LEB,NH,ANE,EN,Federal Contract Tower,0,10,7,0,17,0,6,27,0,33,0,16,34,0,50,106,0,106,156
09/05/2019,LEB,NH,ANE,EN,Federal Contract Tower,0,6,9,0,15,0,22,53,0,75,0,28,62,0,90,76,0,76,166
09/06/2019,LEB,NH,ANE,EN,Federal Contract Tower,0,10,10,0,20,0,19,55,0,74,0,29,65,0,94,28,0,28,122
09/07/2019,LEB,NH,ANE,EN,Federal Contract Tower,0,9,5,0,14,0,16,35,0,51,0,25,40,0,65,36,0,36,101
09/08/2019,LEB,NH,ANE,EN,Federal Contract Tower,0,8,14,1,23,0,28,30,5,63,0,36,44,6,86,20,14,34,120
09/09/2019,LEB,NH,ANE,EN,Federal Contract Tower,0,15,7,0,22,0,16,32,0,48,0,31,39,0,70,38,0,38,108
09/10/2019,LEB,NH,ANE,EN,Federal Contract Tower,0,30,12,0,42,0,3,23,2,28,0,33,35,2,70,62,0,62,132
09/11/2019,LEB,NH,ANE,EN,Federal Contract Tower,0,17,6,0,23,0,6,19,0,25,0,23,25,0,48,48,0,48,96
09/12/2019,LEB,NH,ANE,EN,Federal Contract Tower,0,23,11,0,34,0,4,20,0,24,0,27,31,0,58,8,0,8,66
09/13/2019,LEB,NH,ANE,EN,Federal Contract Tower,0,15,8,0,23,0,14,47,0,61,0,29,55,0,84,24,0,24,108
09/14/2019,LEB,NH,ANE,EN,Federal Contract Tower,0,13,21,0,34,0,0,1,0,1,0,13,22,0,35,0,0,0,35
09/15/2019,LEB,NH,ANE,EN,Federal Contract Tower,0,20,7,0,27,0,19,28,3,50,0,39,35,3,77,38,0,38,115
09/16/2019,LEB,NH,ANE,EN,Federal Contract Tower,0,15,5,0,20,0,19,21,0,40,0,34,26,0,60,16,0,16,76
09/17/2019,LEB,NH,ANE,EN,Federal Contract Tower,0,11,9,0,20,0,17,23,0,40,0,28,32,0,60,10,0,10,70
09/18/2019,LEB,NH,ANE,EN,Federal Contract Tower,0,12,11,0,23,0,7,28,0,35,0,19,39,0,58,0,0,0,58
09/19/2019,LEB,NH,ANE,EN,Federal Contract Tower,0,15,9,0,24,0,10,26,0,36,0,25,35,0,60,56,0,56,116
09/20/2019,LEB,NH,ANE,EN,Federal Contract Tower,0,15,14,0,29,0,14,41,2,57,0,29,55,2,86,10,14,24,110
09/21/2019,LEB,NH,ANE,EN,Federal Contract Tower,0,12,10,0,22,0,22,49,0,71,0,34,59,0,93,30,0,30,123
09/22/2019,LEB,NH,ANE,EN,Federal Contract Tower,0,10,15,0,25,0,30,32,0,62,0,40,47,0,87,0,0,0,87
09/23/2019,LEB,NH,ANE,EN,Federal Contract Tower,0,17,6,0,23,0,17,33,0,50,0,34,39,0,73,18,0,18,91
09/24/2019,LEB,NH,ANE,EN,Federal Contract Tower,0,11,3,0,14,0,7,20,2,29,0,18,23,2,43,16,0,16,59
09/25/2019,LEB,NH,ANE,EN,Federal Contract Tower,0,11,12,0,23,0,4,25,0,29,0,15,37,0,52,8,0,8,60
09/26/2019,LEB,NH,ANE,EN,Federal Contract Tower,0,10,15,0,25,0,7,5,0,12,0,17,20,0,37,0,0,0,37
09/27/2019,LEB,NH,ANE,EN,Federal Contract Tower,0,29,22,0,51,0,13,49,0,62,0,42,71,0,113,40,0,40,153
09/28/2019,LEB,NH,ANE,EN,Federal Contract Tower,0,13,4,0,17,0,16,26,0,42,0,29,30,0,59,38,0,38,97
09/29/2019,LEB,NH,ANE,EN,Federal Contract Tower,0,24,15,0,39,0,21,37,0,58,0,45,52,0,97,2,0,2,99
09/30/2019,LEB,NH,ANE,EN,Federal Contract Tower,0,25,12,0,37,0,19,58,0,77,0,44,70,0,114,80,0,80,194
10/01/2019,LEB,NH,ANE,EN,Federal Contract Tower,0,15,19,0,34,0,1,6,0,7,0,16,25,0,41,26,0,26,67
10/02/2019,LEB,NH,ANE,EN,Federal Contract Tower,0,19,12,0,31,0,2,8,0,10,0,21,20,0,41,52,0,52,93
10/03/2019,LEB,NH,ANE,EN,Federal Contract Tower,0,20,16,1,37,0,0,18,1,19,0,20,34,2,56,68,0,68,124
10/04/2019,LEB,NH,ANE,EN,Federal Contract Tower,0,28,19,0,47,0,10,22,2,34,0,38,41,2,81,0,0,0,81
10/05/2019,LEB,NH,ANE,EN,Federal Contract Tower,0,16,11,1,28,0,11,80,2,93,0,27,91,3,121,4,8,12,133
10/06/2019,LEB,NH,ANE,EN,Federal Contract Tower,0,34,16,0,50,0,3,10,0,13,0,37,26,0,63,0,0,0,63
10/07/2019,LEB,NH,ANE,EN,Federal Contract Tower,0,20,14,0,34,0,0,0,0,0,0,20,14,0,34,0,0,0,34
10/08/2019,LEB,NH,ANE,EN,Federal Contract Tower,0,15,6,2,23,0,13,38,2,53,0,28,44,4,76,102,10,112,188
10/09/2019,LEB,NH,ANE,EN,Federal Contract Tower,0,21,15,0,36,0,7,39,2,48,0,28,54,2,84,44,0,44,128
10/10/2019,LEB,NH,ANE,EN,Federal Contract Tower,0,20,16,2,38,0,13,76,0,89,0,33,92,2,127,70,0,70,197
10/11/2019,LEB,NH,ANE,EN,Federal Contract Tower,0,40,17,0,57,0,18,56,0,74,0,58,73,0,131,56,0,56,187
10/12/2019,LEB,NH,ANE,EN,Federal Contract Tower,0,36,16,0,52,0,19,28,0,47,0,55,44,0,99,40,0,40,139
10/13/2019,LEB,NH,ANE,EN,Federal Contract Tower,0,25,23,0,48,0,21,71,0,92,0,46,94,0,140,6,0,6,146
10/14/2019,LEB,NH,ANE,EN,Federal Contract Tower,0,28,10,0,38,0,14,44,0,58,0,42,54,0,96,42,0,42,138
10/15/2019,LEB,NH,ANE,EN,Federal Contract Tower,0,9,16,0,25,0,15,38,0,53,0,24,54,0,78,0,0,0,78
10/16/2019,LEB,NH,ANE,EN,Federal Contract Tower,0,14,13,0,27,0,6,32,0,38,0,20,45,0,65,36,0,36,101
10/17/2019,LEB,NH,ANE,EN,Federal Contract Tower,0,10,4,0,14,0,6,0,0,6,0,16,4,0,20,0,0,0,20
10/18/2019,LEB,NH,ANE,EN,Federal Contract Tower,0,29,14,0,43,0,8,30,0,38,0,37,44,0,81,38,0,38,119
10/19/2019,LEB,NH,ANE,EN,Federal Contract Tower,0,24,15,0,39,0,15,44,0,59,0,39,59,0,98,4,0,4,102
10/20/2019,LEB,NH,ANE,EN,Federal Contract Tower,0,29,21,0,50,0,21,55,0,76,0,50,76,0,126,22,0,22,148
10/21/2019,LEB,NH,ANE,EN,Federal Contract Tower,0,15,14,0,29,0,15,41,0,56,0,30,55,0,85,24,0,24,109
10/22/2019,LEB,NH,ANE,EN,Federal Contract Tower,0,23,9,0,32,0,8,4,0,12,0,31,13,0,44,0,0,0,44
10/23/2019,LEB,NH,ANE,EN,Federal Contract Tower,0,20,8,0,28,0,5,29,0,34,0,25,37,0,62,60,0,60,122
10/24/2019,LEB,NH,ANE,EN,Federal Contract Tower,0,21,15,1,37,0,7,40,1,48,0,28,55,2,85,12,0,12,97
10/25/2019,LEB,NH,ANE,EN,Federal Contract Tower,0,22,19,0,41,0,15,45,0,60,0,37,64,0,101,56,0,56,157
10/26/2019,LEB,NH,ANE,EN,Federal Contract Tower,0,18,22,0,40,0,19,71,0,90,0,37,93,0,130,98,0,98,228
10/27/2019,LEB,NH,ANE,EN,Federal Contract Tower,0,30,13,0,43,0,0,0,0,0,0,30,13,0,43,0,0,0,43
10/28/2019,LEB,NH,ANE,EN,Federal Contract Tower,0,23,15,1,39,0,2,9,0,11,0,25,24,1,50,0,0,0,50
10/29/2019,LEB,NH,ANE,EN,Federal Contract Tower,0,19,19,0,38,0,1,5,0,6,0,20,24,0,44,2,0,2,46
10/30/2019,LEB,NH,ANE,EN,Federal Contract Tower,0,18,17,0,35,0,2,5,0,7,0,20,22,0,42,0,0,0,42
10/31/2019,LEB,NH,ANE,EN,Federal Contract Tower,0,17,19,1,37,0,0,0,0,0,0,17,19,1,37,0,0,0,37
11/01/2019,LEB,NH,ANE,EN,Federal Contract Tower,0,24,6,0,30,0,6,12,0,18,0,30,18,0,48,0,0,0,48
11/02/2019,LEB,NH,ANE,EN,Federal Contract Tower,0,14,6,0,20,0,35,58,2,95,0,49,64,2,115,38,0,38,153
11/03/2019,LEB,NH,ANE,EN,Federal Contract Tower,0,27,9,0,36,0,21,36,0,57,0,48,45,0,93,14,0,14,107
11/04/2019,LEB,NH,ANE,EN,Federal Contract Tower,0,10,5,0,15,0,12,40,0,52,0,22,45,0,67,36,0,36,103
11/05/2019,LEB,NH,ANE,EN,Federal Contract Tower,0,20,4,0,24,0,1,16,0,17,0,21,20,0,41,36,0,36,77
11/06/2019,LEB,NH,ANE,EN,Federal Contract Tower,0,13,7,0,20,0,10,22,0,32,0,23,29,0,52,2,0,2,54
11/07/2019,LEB,NH,ANE,EN,Federal Contract Tower,0,14,5,0,19,0,6,9,0,15,0,20,14,0,34,44,0,44,78
11/08/2019,LEB,NH,ANE,EN,Federal Contract Tower,0,19,11,0,30,0,4,10,0,14,0,23,21,0,44,4,0,4,48
11/09/2019,LEB,NH,ANE,EN,Federal Contract Tower,0,19,10,0,29,0,14,45,2,61,0,33,55,2,90,4,0,4,94
11/10/2019,LEB,NH,ANE,EN,Federal Contract Tower,0,11,11,0,22,0,22,34,0,56,0,33,45,0,78,58,0,58,136
11/11/2019,LEB,NH,ANE,EN,Federal Contract Tower,0,16,15,0,31,0,0,0,0,0,0,16,15,0,31,0,0,0,31
11/12/2019,LEB,NH,ANE,EN,Federal Contract Tower,0,3,6,0,9,0,0,11,0,11,0,3,17,0,20,6,0,6,26
11/13/2019,LEB,NH,ANE,EN,Federal Contract Tower,0,10,6,0,16,0,11,23,0,34,0,21,29,0,50,20,0,20,70
11/14/2019,LEB,NH,ANE,EN,Federal Contract Tower,0,9,10,0,19,0,5,23,0,28,0,14,33,0,47,58,0,58,105
11/15/2019,LEB,NH,ANE,EN,Federal Contract Tower,0,18,17,0,35,0,9,27,0,36,0,27,44,0,71,12,0,12,83
11/16/2019,LEB,NH,ANE,EN,Federal Contract Tower,0,13,1,0,14,0,14,35,2,51,0,27,36,2,65,6,0,6,71
11/17/2019,LEB,NH,ANE,EN,Federal Contract Tower,0,16,9,0,25,0,16,53,0,69,0,32,62,0,94,40,0,40,134
11/18/2019,LEB,NH,ANE,EN,Federal Contract Tower,0,10,4,0,14,0,5,3,0,8,0,15,7,0,22,0,0,0,22
11/19/2019,LEB,NH,ANE,EN,Federal Contract Tower,0,14,6,0,20,0,0,0,0,0,0,14,6,0,20,0,0,0,20
11/20/2019,LEB,NH,ANE,EN,Federal Contract Tower,0,13,2,0,15,0,0,0,0,0,0,13,2,0,15,0,0,0,15
11/21/2019,LEB,NH,ANE,EN,Federal Contract Tower,0,14,12,1,27,0,8,39,1,48,0,22,51,2,75,60,0,60,135
11/22/2019,LEB,NH,ANE,EN,Federal Contract Tower,0,15,15,0,30,0,0,1,0,1,0,15,16,0,31,0,0,0,31
11/23/2019,LEB,NH,ANE,EN,Federal Contract Tower,0,12,12,1,25,0,15,67,1,83,0,27,79,2,108,56,0,56,164
11/24/2019,LEB,NH,ANE,EN,Federal Contract Tower,0,0,0,0,0,0,0,0,0,0,0,0,0,0,0,0,0,0,0
11/25/2019,LEB,NH,ANE,EN,Federal Contract Tower,0,19,17,0,36,0,7,42,0,49,0,26,59,0,85,22,0,22,107
11/26/2019,LEB,NH,ANE,EN,Federal Contract Tower,0,13,7,1,21,0,21,31,1,53,0,34,38,2,74,34,0,34,108
11/27/2019,LEB,NH,ANE,EN,Federal Contract Tower,0,14,8,0,22,0,2,4,0,6,0,16,12,0,28,0,0,0,28
11/28/2019,LEB,NH,ANE,EN,Federal Contract Tower,0,9,1,0,10,0,0,0,0,0,0,9,1,0,10,0,0,0,10
11/29/2019,LEB,NH,ANE,EN,Federal Contract Tower,0,22,6,0,28,0,6,5,0,11,0,28,11,0,39,12,0,12,51
11/30/2019,LEB,NH,ANE,EN,Federal Contract Tower,0,8,5,0,13,0,21,41,0,62,0,29,46,0,75,32,0,32,107
12/01/2019,LEB,NH,ANE,EN,Federal Contract Tower,0,16,3,0,19,0,12,35,0,47,0,28,38,0,66,42,0,42,108
12/02/2019,LEB,NH,ANE,EN,Federal Contract Tower,0,16,4,2,22,0,0,0,0,0,0,16,4,2,22,0,0,0,22
12/03/2019,LEB,NH,ANE,EN,Federal Contract Tower,0,12,8,0,20,0,3,1,0,4,0,15,9,0,24,0,0,0,24
12/04/2019,LEB,NH,ANE,EN,Federal Contract Tower,0,12,7,0,19,0,6,10,2,18,0,18,17,2,37,12,0,12,49
12/05/2019,LEB,NH,ANE,EN,Federal Contract Tower,0,14,10,0,24,0,4,9,0,13,0,18,19,0,37,16,0,16,53
12/06/2019,LEB,NH,ANE,EN,Federal Contract Tower,0,6,11,0,17,0,2,6,2,10,0,8,17,2,27,20,8,28,55
12/07/2019,LEB,NH,ANE,EN,Federal Contract Tower,0,5,10,1,16,0,13,20,2,35,0,18,30,3,51,20,0,20,71
12/08/2019,LEB,NH,ANE,EN,Federal Contract Tower,0,12,13,0,25,0,20,33,0,53,0,32,46,0,78,16,0,16,94
12/09/2019,LEB,NH,ANE,EN,Federal Contract Tower,0,12,5,0,17,0,1,1,0,2,0,13,6,0,19,0,0,0,19
12/10/2019,LEB,NH,ANE,EN,Federal Contract Tower,0,16,3,0,19,0,0,0,0,0,0,16,3,0,19,0,0,0,19
12/11/2019,LEB,NH,ANE,EN,Federal Contract Tower,0,11,6,0,17,0,9,32,2,43,0,20,38,2,60,40,0,40,100
12/12/2019,LEB,NH,ANE,EN,Federal Contract Tower,0,11,8,4,23,0,7,37,1,45,0,18,45,5,68,58,0,58,126
12/13/2019,LEB,NH,ANE,EN,Federal Contract Tower,0,17,4,0,21,0,0,5,0,5,0,17,9,0,26,20,0,20,46
12/14/2019,LEB,NH,ANE,EN,Federal Contract Tower,0,11,1,0,12,0,0,0,0,0,0,11,1,0,12,0,0,0,12
12/15/2019,LEB,NH,ANE,EN,Federal Contract Tower,0,14,4,0,18,0,4,1,0,5,0,18,5,0,23,0,0,0,23
12/16/2019,LEB,NH,ANE,EN,Federal Contract Tower,0,12,16,0,28,0,23,64,4,91,0,35,80,4,119,20,12,32,151
12/17/2019,LEB,NH,ANE,EN,Federal Contract Tower,0,1,1,0,2,0,0,0,0,0,0,1,1,0,2,0,0,0,2
12/18/2019,LEB,NH,ANE,EN,Federal Contract Tower,0,10,12,0,22,0,4,11,0,15,0,14,23,0,37,16,0,16,53
12/19/2019,LEB,NH,ANE,EN,Federal Contract Tower,0,13,19,0,32,0,12,16,0,28,0,25,35,0,60,44,0,44,104
12/20/2019,LEB,NH,ANE,EN,Federal Contract Tower,0,10,4,0,14,0,14,49,0,63,0,24,53,0,77,14,0,14,91
12/21/2019,LEB,NH,ANE,EN,Federal Contract Tower,0,13,11,0,24,0,13,35,0,48,0,26,46,0,72,10,0,10,82
12/22/2019,LEB,NH,ANE,EN,Federal Contract Tower,0,5,6,0,11,0,27,40,0,67,0,32,46,0,78,46,0,46,124
12/23/2019,LEB,NH,ANE,EN,Federal Contract Tower,0,4,10,0,14,0,30,59,4,93,0,34,69,4,107,46,6,52,159
12/24/2019,LEB,NH,ANE,EN,Federal Contract Tower,0,12,0,0,12,0,13,27,0,40,0,25,27,0,52,14,0,14,66
12/25/2019,LEB,NH,ANE,EN,Federal Contract Tower,0,11,2,0,13,0,6,29,0,35,0,17,31,0,48,14,0,14,62
12/26/2019,LEB,NH,ANE,EN,Federal Contract Tower,0,16,9,0,25,0,15,38,0,53,0,31,47,0,78,18,0,18,96
12/27/2019,LEB,NH,ANE,EN,Federal Contract Tower,0,21,7,0,28,0,0,0,0,0,0,21,7,0,28,0,0,0,28
12/28/2019,LEB,NH,ANE,EN,Federal Contract Tower,0,9,5,0,14,0,18,38,0,56,0,27,43,0,70,0,0,0,70
12/29/2019,LEB,NH,ANE,EN,Federal Contract Tower,0,11,5,1,17,0,13,27,2,42,0,24,32,3,59,28,0,28,87
12/30/2019,LEB,NH,ANE,EN,Federal Contract Tower,0,0,0,0,0,0,0,0,0,0,0,0,0,0,0,0,0,0,0
12/31/2019,LEB,NH,ANE,EN,Federal Contract Tower,0,10,1,0,11,0,0,0,0,0,0,10,1,0,11,0,0,0,11
01/01/2020,LEB,NH,ANE,EN,Federal Contract Tower,0,11,1,0,12,0,5,3,0,8,0,16,4,0,20,2,0,2,22
01/02/2020,LEB,NH,ANE,EN,Federal Contract Tower,0,9,17,0,26,0,9,29,0,38,0,18,46,0,64,14,0,14,78
01/03/2020,LEB,NH,ANE,EN,Federal Contract Tower,0,15,6,0,21,0,12,59,0,71,0,27,65,0,92,50,0,50,142
01/04/2020,LEB,NH,ANE,EN,Federal Contract Tower,0,4,3,0,7,0,0,0,0,0,0,4,3,0,7,0,0,0,7
01/05/2020,LEB,NH,ANE,EN,Federal Contract Tower,0,27,6,0,33,0,13,3,3,19,0,40,9,3,52,0,6,6,58
01/06/2020,LEB,NH,ANE,EN,Federal Contract Tower,0,21,7,0,28,0,0,0,0,0,0,21,7,0,28,0,0,0,28
01/07/2020,LEB,NH,ANE,EN,Federal Contract Tower,0,21,9,1,31,0,11,33,1,45,0,32,42,2,76,52,0,52,128
01/08/2020,LEB,NH,ANE,EN,Federal Contract Tower,0,8,2,0,10,0,1,6,0,7,0,9,8,0,17,28,0,28,45
01/09/2020,LEB,NH,ANE,EN,Federal Contract Tower,0,9,9,0,18,0,13,26,0,39,0,22,35,0,57,94,0,94,151
01/10/2020,LEB,NH,ANE,EN,Federal Contract Tower,0,17,9,0,26,0,0,12,0,12,0,17,21,0,38,14,0,14,52
01/11/2020,LEB,NH,ANE,EN,Federal Contract Tower,0,11,0,0,11,0,6,1,0,7,0,17,1,0,18,0,0,0,18
01/12/2020,LEB,NH,ANE,EN,Federal Contract Tower,0,11,4,0,15,0,15,8,0,23,0,26,12,0,38,30,0,30,68
01/13/2020,LEB,NH,ANE,EN,Federal Contract Tower,0,14,3,0,17,0,4,0,0,4,0,18,3,0,21,0,0,0,21
01/14/2020,LEB,NH,ANE,EN,Federal Contract Tower,0,16,7,0,23,0,0,1,0,1,0,16,8,0,24,0,0,0,24
01/15/2020,LEB,NH,ANE,EN,Federal Contract Tower,0,15,9,0,24,0,0,24,0,24,0,15,33,0,48,70,0,70,118
01/16/2020,LEB,NH,ANE,EN,Federal Contract Tower,0,5,8,0,13,0,0,0,0,0,0,5,8,0,13,0,0,0,13
01/17/2020,LEB,NH,ANE,EN,Federal Contract Tower,0,14,9,0,23,0,12,18,0,30,0,26,27,0,53,20,0,20,73
01/18/2020,LEB,NH,ANE,EN,Federal Contract Tower,0,7,9,0,16,7,22,0,0,29,7,29,9,0,45,28,0,28,73
01/19/2020,LEB,NH,ANE,EN,Federal Contract Tower,0,16,4,0,20,0,15,11,0,26,0,31,15,0,46,0,0,0,46
01/20/2020,LEB,NH,ANE,EN,Federal Contract Tower,0,25,6,2,33,0,21,47,0,68,0,46,53,2,101,30,0,30,131
01/21/2020,LEB,NH,ANE,EN,Federal Contract Tower,0,9,9,1,19,0,8,36,1,45,0,17,45,2,64,18,2,20,84
01/22/2020,LEB,NH,ANE,EN,Federal Contract Tower,0,12,12,0,24,0,11,26,0,37,0,23,38,0,61,22,0,22,83
01/23/2020,LEB,NH,ANE,EN,Federal Contract Tower,0,13,10,0,23,0,8,27,0,35,0,21,37,0,58,14,2,16,74
01/24/2020,LEB,NH,ANE,EN,Federal Contract Tower,0,13,20,2,35,0,9,34,0,43,0,22,54,2,78,54,0,54,132
01/25/2020,LEB,NH,ANE,EN,Federal Contract Tower,0,12,2,0,14,0,0,0,0,0,0,12,2,0,14,0,0,0,14
01/26/2020,LEB,NH,ANE,EN,Federal Contract Tower,0,19,14,0,33,0,11,23,6,40,0,30,37,6,73,38,10,48,121
01/27/2020,LEB,NH,ANE,EN,Federal Contract Tower,0,16,7,0,23,0,7,23,5,35,0,23,30,5,58,66,0,66,124
01/28/2020,LEB,NH,ANE,EN,Federal Contract Tower,0,18,3,0,21,0,3,1,0,4,0,21,4,0,25,0,0,0,25
01/29/2020,LEB,NH,ANE,EN,Federal Contract Tower,0,10,14,0,24,0,8,31,0,39,0,18,45,0,63,40,0,40,103
01/30/2020,LEB,NH,ANE,EN,Federal Contract Tower,0,6,12,0,18,0,12,35,0,47,0,18,47,0,65,54,0,54,119
01/31/2020,LEB,NH,ANE,EN,Federal Contract Tower,0,12,11,0,23,0,12,19,3,34,0,24,30,3,57,24,6,30,87
02/01/2020,LEB,NH,ANE,EN,Federal Contract Tower,0,19,6,0,25,0,10,22,0,32,0,29,28,0,57,34,0,34,91
02/02/2020,LEB,NH,ANE,EN,Federal Contract Tower,0,17,5,0,22,0,15,25,1,41,0,32,30,1,63,48,4,52,115
02/03/2020,LEB,NH,ANE,EN,Federal Contract Tower,0,17,12,0,29,0,17,39,0,56,0,34,51,0,85,24,0,24,109
02/04/2020,LEB,NH,ANE,EN,Federal Contract Tower,0,13,5,0,18,0,9,27,0,36,0,22,32,0,54,32,0,32,86
02/05/2020,LEB,NH,ANE,EN,Federal Contract Tower,0,10,4,1,15,0,8,10,2,20,0,18,14,3,35,12,2,14,49
02/06/2020,LEB,NH,ANE,EN,Federal Contract Tower,0,0,0,0,0,0,0,0,0,0,0,0,0,0,0,0,0,0,0
02/07/2020,LEB,NH,ANE,EN,Federal Contract Tower,0,0,1,0,1,0,0,0,0,0,0,0,1,0,1,0,0,0,1
02/08/2020,LEB,NH,ANE,EN,Federal Contract Tower,0,11,5,0,16,0,7,2,2,11,0,18,7,2,27,0,0,0,27
02/09/2020,LEB,NH,ANE,EN,Federal Contract Tower,0,18,10,0,28,0,7,13,0,20,0,25,23,0,48,0,0,0,48
02/10/2020,LEB,NH,ANE,EN,Federal Contract Tower,0,19,6,0,25,0,0,0,0,0,0,19,6,0,25,0,0,0,25
02/11/2020,LEB,NH,ANE,EN,Federal Contract Tower,0,3,1,0,4,0,0,0,0,0,0,3,1,0,4,0,0,0,4
02/12/2020,LEB,NH,ANE,EN,Federal Contract Tower,0,9,7,0,16,0,8,31,2,41,0,17,38,2,57,40,0,40,97
02/13/2020,LEB,NH,ANE,EN,Federal Contract Tower,0,12,5,0,17,0,0,0,0,0,0,12,5,0,17,0,0,0,17
02/14/2020,LEB,NH,ANE,EN,Federal Contract Tower,0,8,15,0,23,0,17,34,0,51,0,25,49,0,74,0,0,0,74
02/15/2020,LEB,NH,ANE,EN,Federal Contract Tower,0,16,10,0,26,0,10,68,1,79,0,26,78,1,105,72,2,74,179
02/16/2020,LEB,NH,ANE,EN,Federal Contract Tower,0,13,13,0,26,0,12,36,1,49,0,25,49,1,75,26,0,26,101
02/17/2020,LEB,NH,ANE,EN,Federal Contract Tower,0,16,11,0,27,0,17,75,0,92,0,33,86,0,119,42,0,42,161
02/18/2020,LEB,NH,ANE,EN,Federal Contract Tower,0,6,2,0,8,0,0,0,0,0,0,6,2,0,8,0,0,0,8
02/19/2020,LEB,NH,ANE,EN,Federal Contract Tower,0,7,5,0,12,0,4,4,0,8,0,11,9,0,20,0,0,0,20
02/20/2020,LEB,NH,ANE,EN,Federal Contract Tower,0,17,9,0,26,0,11,25,2,38,0,28,34,2,64,46,0,46,110
02/21/2020,LEB,NH,ANE,EN,Federal Contract Tower,0,15,7,0,22,0,17,43,0,60,0,32,50,0,82,12,0,12,94
02/22/2020,LEB,NH,ANE,EN,Federal Contract Tower,0,14,9,0,23,0,11,43,0,54,0,25,52,0,77,38,0,38,115
02/23/2020,LEB,NH,ANE,EN,Federal Contract Tower,0,15,10,0,25,0,23,43,0,66,0,38,53,0,91,28,0,28,119
02/24/2020,LEB,NH,ANE,EN,Federal Contract Tower,0,18,9,0,27,0,11,64,2,77,0,29,73,2,104,30,8,38,142
02/25/2020,LEB,NH,ANE,EN,Federal Contract Tower,0,12,10,0,22,0,9,19,0,28,0,21,29,0,50,14,0,14,64
02/26/2020,LEB,NH,ANE,EN,Federal Contract Tower,0,15,7,0,22,0,3,0,0,3,0,18,7,0,25,18,0,18,43
02/27/2020,LEB,NH,ANE,EN,Federal Contract Tower,0,9,3,0,12,0,0,0,0,0,0,9,3,0,12,0,0,0,12
02/28/2020,LEB,NH,ANE,EN,Federal Contract Tower,0,17,16,2,35,0,2,3,0,5,0,19,19,2,40,6,0,6,46
02/29/2020,LEB,NH,ANE,EN,Federal Contract Tower,0,15,9,1,25,0,3,4,1,8,0,18,13,2,33,4,0,4,37
03/01/2020,LEB,NH,ANE,EN,Federal Contract Tower,0,19,16,0,35,0,20,39,0,59,0,39,55,0,94,26,0,26,120
03/02/2020,LEB,NH,ANE,EN,Federal Contract Tower,0,15,4,0,19,0,15,29,1,45,0,30,33,1,64,22,0,22,86
03/03/2020,LEB,NH,ANE,EN,Federal Contract Tower,0,10,16,0,26,0,13,30,0,43,0,23,46,0,69,14,0,14,83
03/04/2020,LEB,NH,ANE,EN,Federal Contract Tower,0,8,5,0,13,0,2,2,0,4,0,10,7,0,17,0,0,0,17
03/05/2020,LEB,NH,ANE,EN,Federal Contract Tower,0,8,9,2,19,0,19,26,4,49,0,27,35,6,68,20,0,20,88
03/06/2020,LEB,NH,ANE,EN,Federal Contract Tower,0,16,5,0,21,0,10,32,1,43,0,26,37,1,64,34,0,34,98
03/07/2020,LEB,NH,ANE,EN,Federal Contract Tower,0,11,6,1,18,0,16,45,3,64,0,27,51,4,82,12,0,12,94
03/08/2020,LEB,NH,ANE,EN,Federal Contract Tower,0,14,6,0,20,0,17,49,0,66,0,31,55,0,86,44,0,44,130
03/09/2020,LEB,NH,ANE,EN,Federal Contract Tower,0,10,9,0,19,0,19,18,0,37,0,29,27,0,56,16,0,16,72
03/10/2020,LEB,NH,ANE,EN,Federal Contract Tower,0,11,7,0,18,0,11,7,0,18,0,22,14,0,36,0,0,0,36
03/11/2020,LEB,NH,ANE,EN,Federal Contract Tower,0,4,7,0,11,0,14,26,4,44,0,18,33,4,55,2,0,2,57
03/12/2020,LEB,NH,ANE,EN,Federal Contract Tower,0,18,16,3,37,0,4,18,1,23,0,22,34,4,60,0,0,0,60
03/13/2020,LEB,NH,ANE,EN,Federal Contract Tower,0,23,13,0,36,0,3,1,0,4,0,26,14,0,40,0,0,0,40
03/14/2020,LEB,NH,ANE,EN,Federal Contract Tower,0,14,5,0,19,0,12,0,0,12,0,26,5,0,31,0,0,0,31
03/15/2020,LEB,NH,ANE,EN,Federal Contract Tower,0,9,5,0,14,0,19,47,0,66,0,28,52,0,80,10,0,10,90
03/16/2020,LEB,NH,ANE,EN,Federal Contract Tower,0,20,11,0,31,0,20,50,0,70,0,40,61,0,101,30,0,30,131
03/17/2020,LEB,NH,ANE,EN,Federal Contract Tower,0,15,2,0,17,0,0,0,0,0,0,15,2,0,17,0,0,0,17
03/18/2020,LEB,NH,ANE,EN,Federal Contract Tower,0,8,10,0,18,0,14,59,4,77,0,22,69,4,95,46,2,48,143
03/19/2020,LEB,NH,ANE,EN,Federal Contract Tower,0,13,1,0,14,0,0,2,0,2,0,13,3,0,16,4,0,4,20
03/20/2020,LEB,NH,ANE,EN,Federal Contract Tower,0,16,1,0,17,0,1,3,0,4,0,17,4,0,21,0,0,0,21
03/21/2020,LEB,NH,ANE,EN,Federal Contract Tower,0,8,4,0,12,0,9,16,0,25,0,17,20,0,37,12,0,12,49
03/22/2020,LEB,NH,ANE,EN,Federal Contract Tower,0,9,5,1,15,0,13,47,2,62,0,22,52,3,77,50,0,50,127
03/23/2020,LEB,NH,ANE,EN,Federal Contract Tower,0,15,3,0,18,0,1,0,0,1,0,16,3,0,19,0,0,0,19
03/24/2020,LEB,NH,ANE,EN,Federal Contract Tower,0,15,3,0,18,0,0,2,0,2,0,15,5,0,20,4,0,4,24
03/25/2020,LEB,NH,ANE,EN,Federal Contract Tower,0,8,4,0,12,0,4,0,0,4,0,12,4,0,16,2,0,2,18
03/26/2020,LEB,NH,ANE,EN,Federal Contract Tower,0,2,3,0,5,0,12,20,0,32,0,14,23,0,37,36,2,38,75
03/27/2020,LEB,NH,ANE,EN,Federal Contract Tower,0,6,2,0,8,0,15,22,0,37,0,21,24,0,45,16,0,16,61
03/28/2020,LEB,NH,ANE,EN,Federal Contract Tower,0,9,4,0,13,0,11,39,2,52,0,20,43,2,65,42,0,42,107
03/29/2020,LEB,NH,ANE,EN,Federal Contract Tower,0,8,0,0,8,0,0,0,0,0,0,8,0,0,8,0,0,0,8
03/30/2020,LEB,NH,ANE,EN,Federal Contract Tower,0,16,0,0,16,0,0,0,0,0,0,16,0,0,16,0,0,0,16
03/31/2020,LEB,NH,ANE,EN,Federal Contract Tower,0,9,5,0,14,0,3,4,0,7,0,12,9,0,21,12,0,12,33
04/01/2020,LEB,NH,ANE,EN,Federal Contract Tower,0,5,5,0,10,0,7,18,0,25,0,12,23,0,35,10,0,10,45
04/02/2020,LEB,NH,ANE,EN,Federal Contract Tower,0,13,0,0,13,0,0,2,0,2,0,13,2,0,15,0,0,0,15
04/03/2020,LEB,NH,ANE,EN,Federal Contract Tower,0,9,3,0,12,0,0,0,0,0,0,9,3,0,12,0,0,0,12
04/04/2020,LEB,NH,ANE,EN,Federal Contract Tower,0,12,1,0,13,0,6,3,0,9,0,18,4,0,22,16,0,16,38
04/05/2020,LEB,NH,ANE,EN,Federal Contract Tower,0,12,9,1,22,0,2,29,0,31,0,14,38,1,53,0,0,0,53
04/06/2020,LEB,NH,ANE,EN,Federal Contract Tower,0,6,0,0,6,0,14,30,0,44,0,20,30,0,50,14,0,14,64
04/07/2020,LEB,NH,ANE,EN,Federal Contract Tower,0,6,0,0,6,0,8,16,0,24,0,14,16,0,30,10,0,10,40
04/08/2020,LEB,NH,ANE,EN,Federal Contract Tower,0,7,1,0,8,0,6,17,6,29,0,13,18,6,37,8,2,10,47
04/09/2020,LEB,NH,ANE,EN,Federal Contract Tower,0,10,0,0,10,0,0,2,0,2,0,10,2,0,12,0,0,0,12
04/10/2020,LEB,NH,ANE,EN,Federal Contract Tower,0,11,3,0,14,0,1,2,0,3,0,12,5,0,17,12,0,12,29
04/11/2020,LEB,NH,ANE,EN,Federal Contract Tower,0,13,2,0,15,0,0,9,0,9,0,13,11,0,24,2,0,2,26
04/12/2020,LEB,NH,ANE,EN,Federal Contract Tower,0,10,2,0,12,0,6,26,0,32,0,16,28,0,44,14,0,14,58
04/13/2020,LEB,NH,ANE,EN,Federal Contract Tower,0,4,0,0,4,0,0,0,0,0,0,4,0,0,4,0,0,0,4
04/14/2020,LEB,NH,ANE,EN,Federal Contract Tower,0,7,1,0,8,0,10,7,0,17,0,17,8,0,25,18,0,18,43
04/15/2020,LEB,NH,ANE,EN,Federal Contract Tower,0,5,2,0,7,0,8,5,0,13,0,13,7,0,20,6,0,6,26
04/16/2020,LEB,NH,ANE,EN,Federal Contract Tower,0,11,0,0,11,0,2,2,0,4,0,13,2,0,15,0,0,0,15
04/17/2020,LEB,NH,ANE,EN,Federal Contract Tower,0,12,3,0,15,0,2,2,0,4,0,14,5,0,19,2,0,2,21
04/18/2020,LEB,NH,ANE,EN,Federal Contract Tower,0,12,1,0,13,0,2,0,0,2,0,14,1,0,15,0,0,0,15
04/19/2020,LEB,NH,ANE,EN,Federal Contract Tower,0,10,3,2,15,0,12,34,0,46,0,22,37,2,61,4,0,4,65
04/20/2020,LEB,NH,ANE,EN,Federal Contract Tower,0,9,2,0,11,0,17,28,0,45,0,26,30,0,56,14,0,14,70
04/21/2020,LEB,NH,ANE,EN,Federal Contract Tower,0,6,0,0,6,0,2,0,0,2,0,8,0,0,8,0,0,0,8
04/22/2020,LEB,NH,ANE,EN,Federal Contract Tower,0,13,0,0,13,0,0,0,0,0,0,13,0,0,13,0,4,4,17
04/23/2020,LEB,NH,ANE,EN,Federal Contract Tower,0,4,7,1,12,0,19,8,2,29,0,23,15,3,41,14,2,16,57
04/24/2020,LEB,NH,ANE,EN,Federal Contract Tower,0,11,4,0,15,0,9,15,0,24,0,20,19,0,39,0,0,0,39
04/25/2020,LEB,NH,ANE,EN,Federal Contract Tower,0,5,12,0,17,0,15,48,2,65,0,20,60,2,82,18,0,18,100
04/26/2020,LEB,NH,ANE,EN,Federal Contract Tower,0,14,1,0,15,0,6,13,0,19,0,20,14,0,34,20,0,20,54
04/27/2020,LEB,NH,ANE,EN,Federal Contract Tower,0,12,4,0,16,0,0,0,0,0,0,12,4,0,16,0,0,0,16
04/28/2020,LEB,NH,ANE,EN,Federal Contract Tower,0,11,4,0,15,0,9,18,0,27,0,20,22,0,42,38,0,38,80
04/29/2020,LEB,NH,ANE,EN,Federal Contract Tower,0,5,3,0,8,0,9,21,0,30,0,14,24,0,38,14,0,14,52
04/30/2020,LEB,NH,ANE,EN,Federal Contract Tower,0,13,7,0,20,0,0,2,0,2,0,13,9,0,22,8,0,8,30
05/01/2020,LEB,NH,ANE,EN,Federal Contract Tower,0,12,4,0,16,0,1,1,0,2,0,13,5,0,18,2,0,2,20
05/02/2020,LEB,NH,ANE,EN,Federal Contract Tower,0,12,5,1,18,0,8,14,1,23,0,20,19,2,41,10,0,10,51
05/03/2020,LEB,NH,ANE,EN,Federal Contract Tower,0,9,3,0,12,0,27,20,0,47,0,36,23,0,59,10,0,10,69
05/04/2020,LEB,NH,ANE,EN,Federal Contract Tower,0,8,4,0,12,0,15,18,0,33,0,23,22,0,45,12,0,12,57
05/05/2020,LEB,NH,ANE,EN,Federal Contract Tower,0,13,5,4,22,0,7,8,1,16,0,20,13,5,38,6,2,8,46
05/06/2020,LEB,NH,ANE,EN,Federal Contract Tower,0,6,2,0,8,0,17,24,0,41,0,23,26,0,49,16,0,16,65
05/07/2020,LEB,NH,ANE,EN,Federal Contract Tower,0,7,3,0,10,0,7,14,0,21,0,14,17,0,31,26,0,26,57
05/08/2020,LEB,NH,ANE,EN,Federal Contract Tower,0,12,8,0,20,0,6,21,0,27,0,18,29,0,47,26,0,26,73
05/09/2020,LEB,NH,ANE,EN,Federal Contract Tower,0,11,0,0,11,0,1,0,0,1,0,12,0,0,12,0,0,0,12
05/10/2020,LEB,NH,ANE,EN,Federal Contract Tower,0,11,2,0,13,0,2,0,0,2,0,13,2,0,15,0,0,0,15
05/11/2020,LEB,NH,ANE,EN,Federal Contract Tower,0,14,1,0,15,0,3,2,0,5,0,17,3,0,20,20,0,20,40
05/12/2020,LEB,NH,ANE,EN,Federal Contract Tower,0,5,0,2,7,0,17,4,2,23,0,22,4,4,30,6,2,8,38
05/13/2020,LEB,NH,ANE,EN,Federal Contract Tower,0,3,2,0,5,0,14,29,2,45,0,17,31,2,50,16,0,16,66
05/14/2020,LEB,NH,ANE,EN,Federal Contract Tower,0,3,8,0,11,0,13,47,0,60,0,16,55,0,71,24,0,24,95
05/15/2020,LEB,NH,ANE,EN,Federal Contract Tower,0,9,11,0,20,0,5,17,0,22,0,14,28,0,42,26,0,26,68
05/16/2020,LEB,NH,ANE,EN,Federal Contract Tower,0,10,6,0,16,0,10,15,0,25,0,20,21,0,41,20,0,20,61
05/17/2020,LEB,NH,ANE,EN,Federal Contract Tower,0,9,14,0,23,0,5,27,0,32,0,14,41,0,55,20,0,20,75
05/18/2020,LEB,NH,ANE,EN,Federal Contract Tower,0,7,2,0,9,0,20,16,0,36,0,27,18,0,45,16,0,16,61
05/19/2020,LEB,NH,ANE,EN,Federal Contract Tower,0,6,5,0,11,0,9,14,0,23,0,15,19,0,34,4,0,4,38
05/20/2020,LEB,NH,ANE,EN,Federal Contract Tower,0,9,14,0,23,0,10,38,2,50,0,19,52,2,73,28,0,28,101
05/21/2020,LEB,NH,ANE,EN,Federal Contract Tower,0,7,7,2,16,0,9,32,0,41,0,16,39,2,57,16,0,16,73
05/22/2020,LEB,NH,ANE,EN,Federal Contract Tower,0,5,2,1,8,0,11,30,1,42,0,16,32,2,50,42,2,44,94
05/23/2020,LEB,NH,ANE,EN,Federal Contract Tower,0,7,4,0,11,0,4,5,0,9,0,11,9,0,20,2,0,2,22
05/24/2020,LEB,NH,ANE,EN,Federal Contract Tower,0,7,8,0,15,0,20,25,0,45,0,27,33,0,60,22,0,22,82
05/25/2020,LEB,NH,ANE,EN,Federal Contract Tower,0,8,6,0,14,0,2,0,0,2,0,10,6,0,16,0,0,0,16
05/26/2020,LEB,NH,ANE,EN,Federal Contract Tower,0,5,4,0,9,0,5,17,0,22,0,10,21,0,31,18,0,18,49
05/27/2020,LEB,NH,ANE,EN,Federal Contract Tower,0,5,7,0,12,0,6,17,2,25,0,11,24,2,37,10,0,10,47
05/28/2020,LEB,NH,ANE,EN,Federal Contract Tower,0,11,8,0,19,0,1,13,0,14,0,12,21,0,33,6,0,6,39
05/29/2020,LEB,NH,ANE,EN,Federal Contract Tower,0,13,2,0,15,0,6,22,0,28,0,19,24,0,43,18,0,18,61
05/30/2020,LEB,NH,ANE,EN,Federal Contract Tower,0,9,3,0,12,0,6,22,3,31,0,15,25,3,43,0,6,6,49
05/31/2020,LEB,NH,ANE,EN,Federal Contract Tower,0,7,2,0,9,0,13,18,0,31,0,20,20,0,40,18,0,18,58
06/01/2020,LEB,NH,ANE,EN,Federal Contract Tower,0,10,8,0,18,0,10,31,0,41,0,20,39,0,59,46,0,46,105
06/03/2020,LEB,NH,ANE,EN,Federal Contract Tower,0,8,8,2,18,0,5,17,0,22,0,13,25,2,40,28,0,28,68
06/04/2020,LEB,NH,ANE,EN,Federal Contract Tower,0,3,6,1,10,0,7,40,0,47,0,10,46,1,57,22,2,24,81
06/05/2020,LEB,NH,ANE,EN,Federal Contract Tower,0,9,11,0,20,0,9,44,0,53,0,18,55,0,73,112,0,112,185
06/06/2020,LEB,NH,ANE,EN,Federal Contract Tower,0,11,5,0,16,0,2,7,0,9,0,13,12,0,25,8,0,8,33
06/07/2020,LEB,NH,ANE,EN,Federal Contract Tower,0,8,10,0,18,0,9,20,0,29,0,17,30,0,47,22,0,22,69
06/08/2020,LEB,NH,ANE,EN,Federal Contract Tower,0,9,13,0,22,0,27,45,0,72,0,36,58,0,94,52,0,52,146
06/09/2020,LEB,NH,ANE,EN,Federal Contract Tower,0,6,6,0,12,0,14,31,0,45,0,20,37,0,57,74,0,74,131
06/10/2020,LEB,NH,ANE,EN,Federal Contract Tower,0,8,4,0,12,0,7,11,0,18,0,15,15,0,30,16,0,16,46
06/11/2020,LEB,NH,ANE,EN,Federal Contract Tower,0,11,6,0,17,0,3,0,0,3,0,14,6,0,20,0,0,0,20
06/12/2020,LEB,NH,ANE,EN,Federal Contract Tower,0,8,5,0,13,0,7,41,6,54,0,15,46,6,67,4,2,6,73
06/13/2020,LEB,NH,ANE,EN,Federal Contract Tower,0,9,7,0,16,0,10,32,0,42,0,19,39,0,58,74,2,76,134
06/14/2020,LEB,NH,ANE,EN,Federal Contract Tower,0,10,6,0,16,0,25,31,0,56,0,35,37,0,72,14,0,14,86
06/15/2020,LEB,NH,ANE,EN,Federal Contract Tower,0,11,7,0,18,0,12,57,2,71,0,23,64,2,89,28,0,28,117
06/16/2020,LEB,NH,ANE,EN,Federal Contract Tower,0,7,11,0,18,0,16,30,0,46,0,23,41,0,64,20,0,20,84
06/17/2020,LEB,NH,ANE,EN,Federal Contract Tower,0,1,14,0,15,0,12,46,0,58,0,13,60,0,73,68,0,68,141
06/18/2020,LEB,NH,ANE,EN,Federal Contract Tower,0,7,10,0,17,0,15,37,0,52,0,22,47,0,69,70,0,70,139
06/19/2020,LEB,NH,ANE,EN,Federal Contract Tower,0,11,4,0,15,0,18,37,4,59,0,29,41,4,74,24,0,24,98
06/20/2020,LEB,NH,ANE,EN,Federal Contract Tower,0,9,5,0,14,0,8,25,0,33,0,17,30,0,47,54,0,54,101
06/21/2020,LEB,NH,ANE,EN,Federal Contract Tower,0,9,9,0,18,0,15,28,0,43,0,24,37,0,61,36,0,36,97
06/22/2020,LEB,NH,ANE,EN,Federal Contract Tower,0,9,9,0,18,0,5,38,0,43,0,14,47,0,61,48,0,48,109
06/23/2020,LEB,NH,ANE,EN,Federal Contract Tower,0,12,2,0,14,0,5,9,0,14,0,17,11,0,28,6,0,6,34
06/24/2020,LEB,NH,ANE,EN,Federal Contract Tower,0,13,5,2,20,0,8,20,0,28,0,21,25,2,48,10,2,12,60
06/25/2020,LEB,NH,ANE,EN,Federal Contract Tower,0,10,4,0,14,0,11,31,0,42,0,21,35,0,56,18,0,18,74
06/26/2020,LEB,NH,ANE,EN,Federal Contract Tower,0,7,9,0,16,0,12,45,1,58,0,19,54,1,74,16,0,16,90
06/27/2020,LEB,NH,ANE,EN,Federal Contract Tower,0,12,13,1,26,0,11,30,1,42,0,23,43,2,68,4,0,4,72
06/28/2020,LEB,NH,ANE,EN,Federal Contract Tower,0,9,7,0,16,0,6,22,0,28,0,15,29,0,44,24,0,24,68
06/29/2020,LEB,NH,ANE,EN,Federal Contract Tower,0,25,6,0,31,0,1,0,0,1,0,26,6,0,32,0,0,0,32
06/30/2020,LEB,NH,ANE,EN,Federal Contract Tower,0,14,8,0,22,0,0,7,0,7,0,14,15,0,29,8,0,8,37
07/01/2020,LEB,NH,ANE,EN,Federal Contract Tower,0,11,3,0,14,0,3,15,0,18,0,14,18,0,32,6,0,6,38
07/02/2020,LEB,NH,ANE,EN,Federal Contract Tower,0,13,13,0,26,0,12,44,0,56,0,25,57,0,82,62,0,62,144
07/03/2020,LEB,NH,ANE,EN,Federal Contract Tower,0,12,24,0,36,0,1,24,0,25,0,13,48,0,61,22,0,22,83
07/04/2020,LEB,NH,ANE,EN,Federal Contract Tower,0,10,7,0,17,0,17,25,0,42,0,27,32,0,59,4,0,4,63
07/05/2020,LEB,NH,ANE,EN,Federal Contract Tower,0,11,5,0,16,0,13,34,0,47,0,24,39,0,63,34,0,34,97
07/06/2020,LEB,NH,ANE,EN,Federal Contract Tower,0,14,6,0,20,0,18,37,0,55,0,32,43,0,75,6,0,6,81
07/07/2020,LEB,NH,ANE,EN,Federal Contract Tower,0,12,11,0,23,0,9,28,0,37,0,21,39,0,60,42,0,42,102
07/08/2020,LEB,NH,ANE,EN,Federal Contract Tower,0,8,4,0,12,0,5,7,0,12,0,13,11,0,24,16,0,16,40
07/09/2020,LEB,NH,ANE,EN,Federal Contract Tower,0,9,5,1,15,0,8,30,0,38,0,17,35,1,53,116,2,118,171
07/10/2020,LEB,NH,ANE,EN,Federal Contract Tower,0,11,10,0,21,0,6,16,0,22,0,17,26,0,43,32,0,32,75
07/11/2020,LEB,NH,ANE,EN,Federal Contract Tower,0,16,8,0,24,0,8,0,0,8,0,24,8,0,32,0,0,0,32
07/12/2020,LEB,NH,ANE,EN,Federal Contract Tower,0,18,3,0,21,0,7,20,3,30,0,25,23,3,51,18,0,18,69
07/13/2020,LEB,NH,ANE,EN,Federal Contract Tower,0,10,3,0,13,0,22,30,0,52,0,32,33,0,65,38,0,38,103
07/14/2020,LEB,NH,ANE,EN,Federal Contract Tower,0,8,6,0,14,0,5,1,0,6,0,13,7,0,20,0,0,0,20
07/15/2020,LEB,NH,ANE,EN,Federal Contract Tower,0,9,6,0,15,0,13,37,4,54,0,22,43,4,69,24,0,24,93
07/16/2020,LEB,NH,ANE,EN,Federal Contract Tower,0,20,7,0,27,0,0,16,0,16,0,20,23,0,43,36,0,36,79
07/17/2020,LEB,NH,ANE,EN,Federal Contract Tower,0,24,11,0,35,0,3,12,0,15,0,27,23,0,50,0,0,0,50
07/18/2020,LEB,NH,ANE,EN,Federal Contract Tower,0,9,11,0,20,0,12,54,2,68,0,21,65,2,88,8,0,8,96
07/19/2020,LEB,NH,ANE,EN,Federal Contract Tower,0,11,9,0,20,0,14,43,1,58,0,25,52,1,78,18,0,18,96
07/20/2020,LEB,NH,ANE,EN,Federal Contract Tower,0,16,11,0,27,0,13,34,2,49,0,29,45,2,76,14,0,14,90
07/21/2020,LEB,NH,ANE,EN,Federal Contract Tower,0,14,7,1,22,0,9,64,0,73,0,23,71,1,95,34,0,34,129
07/22/2020,LEB,NH,ANE,EN,Federal Contract Tower,0,16,11,2,29,0,1,13,0,14,0,17,24,2,43,24,0,24,67
07/23/2020,LEB,NH,ANE,EN,Federal Contract Tower,0,20,11,0,31,0,0,1,0,1,0,20,12,0,32,0,0,0,32
07/24/2020,LEB,NH,ANE,EN,Federal Contract Tower,0,12,24,0,36,0,12,58,3,73,0,24,82,3,109,12,0,12,121
07/25/2020,LEB,NH,ANE,EN,Federal Contract Tower,0,19,9,0,28,0,18,67,0,85,0,37,76,0,113,66,0,66,179
07/26/2020,LEB,NH,ANE,EN,Federal Contract Tower,0,9,13,0,22,0,18,39,0,57,0,27,52,0,79,32,0,32,111
07/27/2020,LEB,NH,ANE,EN,Federal Contract Tower,0,20,2,0,22,0,9,23,0,32,0,29,25,0,54,16,0,16,70
07/28/2020,LEB,NH,ANE,EN,Federal Contract Tower,0,13,6,0,19,0,0,9,6,15,0,13,15,6,34,50,0,50,84
07/29/2020,LEB,NH,ANE,EN,Federal Contract Tower,0,17,10,0,27,0,7,56,2,65,0,24,66,2,92,50,8,58,150
07/30/2020,LEB,NH,ANE,EN,Federal Contract Tower,0,17,12,0,29,0,12,11,2,25,0,29,23,2,54,10,0,10,64
07/31/2020,LEB,NH,ANE,EN,Federal Contract Tower,0,16,13,0,29,0,13,48,2,63,0,29,61,2,92,56,0,56,148
08/01/2020,LEB,NH,ANE,EN,Federal Contract Tower,0,11,10,0,21,0,18,64,0,82,0,29,74,0,103,34,0,34,137
08/02/2020,LEB,NH,ANE,EN,Federal Contract Tower,0,12,15,0,27,0,14,35,0,49,0,26,50,0,76,24,0,24,100
08/03/2020,LEB,NH,ANE,EN,Federal Contract Tower,0,11,8,0,19,0,16,38,0,54,0,27,46,0,73,34,0,34,107
08/04/2020,LEB,NH,ANE,EN,Federal Contract Tower,0,8,3,0,11,0,0,0,0,0,0,8,3,0,11,0,0,0,11
08/05/2020,LEB,NH,ANE,EN,Federal Contract Tower,0,12,7,0,19,0,13,40,0,53,0,25,47,0,72,38,0,38,110
08/06/2020,LEB,NH,ANE,EN,Federal Contract Tower,0,7,6,0,13,0,17,36,1,54,0,24,42,1,67,50,0,50,117
08/07/2020,LEB,NH,ANE,EN,Federal Contract Tower,0,11,11,0,22,0,16,54,0,70,0,27,65,0,92,36,0,36,128
08/08/2020,LEB,NH,ANE,EN,Federal Contract Tower,0,16,9,0,25,0,10,49,0,59,0,26,58,0,84,12,0,12,96
08/09/2020,LEB,NH,ANE,EN,Federal Contract Tower,0,13,11,0,24,0,26,48,0,74,0,39,59,0,98,26,0,26,124
08/10/2020,LEB,NH,ANE,EN,Federal Contract Tower,0,14,12,1,27,0,15,59,12,86,0,29,71,13,113,36,16,52,165
08/11/2020,LEB,NH,ANE,EN,Federal Contract Tower,0,6,2,1,9,0,12,28,9,49,0,18,30,10,58,22,6,28,86
08/12/2020,LEB,NH,ANE,EN,Federal Contract Tower,0,9,6,2,17,0,8,42,0,50,0,17,48,2,67,22,0,22,89
08/13/2020,LEB,NH,ANE,EN,Federal Contract Tower,0,13,9,0,22,0,9,42,0,51,0,22,51,0,73,66,0,66,139
08/14/2020,LEB,NH,ANE,EN,Federal Contract Tower,0,12,10,0,22,0,19,42,0,61,0,31,52,0,83,22,0,22,105
08/15/2020,LEB,NH,ANE,EN,Federal Contract Tower,0,10,9,0,19,0,11,48,0,59,0,21,57,0,78,22,0,22,100
08/16/2020,LEB,NH,ANE,EN,Federal Contract Tower,0,24,10,0,34,0,11,13,0,24,0,35,23,0,58,34,0,34,92
08/17/2020,LEB,NH,ANE,EN,Federal Contract Tower,0,10,9,0,19,0,10,27,0,37,0,20,36,0,56,32,0,32,88
08/18/2020,LEB,NH,ANE,EN,Federal Contract Tower,0,16,8,0,24,0,6,20,2,28,0,22,28,2,52,0,0,0,52
08/19/2020,LEB,NH,ANE,EN,Federal Contract Tower,0,6,16,0,22,0,9,39,2,50,0,15,55,2,72,22,0,22,94
08/20/2020,LEB,NH,ANE,EN,Federal Contract Tower,0,6,16,0,22,0,8,48,0,56,0,14,64,0,78,32,4,36,114
08/21/2020,LEB,NH,ANE,EN,Federal Contract Tower,0,5,7,1,13,0,9,18,5,32,0,14,25,6,45,2,18,20,65
08/22/2020,LEB,NH,ANE,EN,Federal Contract Tower,0,17,5,0,22,0,13,28,0,41,0,30,33,0,63,6,0,6,69
08/23/2020,LEB,NH,ANE,EN,Federal Contract Tower,0,14,7,0,21,0,13,26,2,41,0,27,33,2,62,4,0,4,66
08/24/2020,LEB,NH,ANE,EN,Federal Contract Tower,0,9,4,0,13,0,14,15,0,29,0,23,19,0,42,4,0,4,46
08/25/2020,LEB,NH,ANE,EN,Federal Contract Tower,0,5,8,0,13,0,5,14,0,19,0,10,22,0,32,20,0,20,52
08/26/2020,LEB,NH,ANE,EN,Federal Contract Tower,0,8,11,0,19,0,20,33,0,53,0,28,44,0,72,26,0,26,98
08/27/2020,LEB,NH,ANE,EN,Federal Contract Tower,0,8,20,0,28,0,5,2,0,7,0,13,22,0,35,12,0,12,47
08/28/2020,LEB,NH,ANE,EN,Federal Contract Tower,0,11,10,0,21,0,16,39,0,55,0,27,49,0,76,16,0,16,92
08/29/2020,LEB,NH,ANE,EN,Federal Contract Tower,0,12,10,0,22,0,0,0,0,0,0,12,10,0,22,0,0,0,22
08/30/2020,LEB,NH,ANE,EN,Federal Contract Tower,0,9,6,0,15,0,17,30,0,47,0,26,36,0,62,0,0,0,62
08/31/2020,LEB,NH,ANE,EN,Federal Contract Tower,0,10,6,0,16,0,15,76,3,94,0,25,82,3,110,40,0,40,150
09/01/2020,LEB,NH,ANE,EN,Federal Contract Tower,0,10,13,0,23,0,12,28,0,40,0,22,41,0,63,40,0,40,103
09/02/2020,LEB,NH,ANE,EN,Federal Contract Tower,0,18,8,0,26,0,0,0,0,0,0,18,8,0,26,0,0,0,26
09/03/2020,LEB,NH,ANE,EN,Federal Contract Tower,0,13,17,0,30,0,6,33,0,39,0,19,50,0,69,18,0,18,87
09/04/2020,LEB,NH,ANE,EN,Federal Contract Tower,0,6,21,0,27,0,18,50,0,68,0,24,71,0,95,52,0,52,147
09/05/2020,LEB,NH,ANE,EN,Federal Contract Tower,0,12,4,0,16,0,19,58,0,77,0,31,62,0,93,0,0,0,93
09/06/2020,LEB,NH,ANE,EN,Federal Contract Tower,0,8,7,0,15,0,27,48,2,77,0,35,55,2,92,12,0,12,104
09/07/2020,LEB,NH,ANE,EN,Federal Contract Tower,0,15,11,0,26,0,10,33,0,43,0,25,44,0,69,0,0,0,69
09/08/2020,LEB,NH,ANE,EN,Federal Contract Tower,0,19,14,0,33,0,8,53,6,67,0,27,67,6,100,62,12,74,174
09/09/2020,LEB,NH,ANE,EN,Federal Contract Tower,0,13,12,0,25,0,9,55,0,64,0,22,67,0,89,26,0,26,115
09/10/2020,LEB,NH,ANE,EN,Federal Contract Tower,0,17,17,0,34,0,4,5,0,9,0,21,22,0,43,76,0,76,119
09/11/2020,LEB,NH,ANE,EN,Federal Contract Tower,0,17,13,0,30,0,14,39,0,53,0,31,52,0,83,16,0,16,99
09/12/2020,LEB,NH,ANE,EN,Federal Contract Tower,0,19,7,0,26,0,11,65,3,79,0,30,72,3,105,16,0,16,121
09/13/2020,LEB,NH,ANE,EN,Federal Contract Tower,0,18,19,0,37,0,22,18,0,40,0,40,37,0,77,16,0,16,93
09/14/2020,LEB,NH,ANE,EN,Federal Contract Tower,0,14,8,0,22,0,22,41,0,63,0,36,49,0,85,26,0,26,111
09/15/2020,LEB,NH,ANE,EN,Federal Contract Tower,0,20,9,0,29,0,26,37,2,65,0,46,46,2,94,28,0,28,122
09/16/2020,LEB,NH,ANE,EN,Federal Contract Tower,0,12,11,0,23,0,10,30,0,40,0,22,41,0,63,14,0,14,77
09/17/2020,LEB,NH,ANE,EN,Federal Contract Tower,0,17,15,0,32,0,5,27,0,32,0,22,42,0,64,32,0,32,96
09/18/2020,LEB,NH,ANE,EN,Federal Contract Tower,0,14,15,0,29,0,18,57,0,75,0,32,72,0,104,18,0,18,122
09/19/2020,LEB,NH,ANE,EN,Federal Contract Tower,0,5,14,0,19,0,18,63,0,81,0,23,77,0,100,66,0,66,166
09/20/2020,LEB,NH,ANE,EN,Federal Contract Tower,0,10,10,0,20,0,32,48,0,80,0,42,58,0,100,18,0,18,118
09/21/2020,LEB,NH,ANE,EN,Federal Contract Tower,0,13,19,0,32,0,22,51,2,75,0,35,70,2,107,48,0,48,155
09/22/2020,LEB,NH,ANE,EN,Federal Contract Tower,0,7,7,1,15,0,12,30,0,42,0,19,37,1,57,26,2,28,85
09/23/2020,LEB,NH,ANE,EN,Federal Contract Tower,0,8,3,1,12,0,9,32,3,44,0,17,35,4,56,34,0,34,90
09/24/2020,LEB,NH,ANE,EN,Federal Contract Tower,0,12,13,0,25,0,14,39,0,53,0,26,52,0,78,70,0,70,148
09/25/2020,LEB,NH,ANE,EN,Federal Contract Tower,0,13,11,1,25,0,14,71,1,86,0,27,82,2,111,58,0,58,169
09/26/2020,LEB,NH,ANE,EN,Federal Contract Tower,0,15,2,0,17,0,17,38,0,55,0,32,40,0,72,4,0,4,76
09/27/2020,LEB,NH,ANE,EN,Federal Contract Tower,0,23,16,0,39,0,21,23,0,44,0,44,39,0,83,2,0,2,85
09/28/2020,LEB,NH,ANE,EN,Federal Contract Tower,0,20,5,0,25,0,8,40,0,48,0,28,45,0,73,80,0,80,153
09/29/2020,LEB,NH,ANE,EN,Federal Contract Tower,0,12,8,0,20,0,6,9,0,15,0,18,17,0,35,98,0,98,133
09/30/2020,LEB,NH,ANE,EN,Federal Contract Tower,0,10,5,0,15,0,2,6,0,8,0,12,11,0,23,42,0,42,65
10/01/2020,LEB,NH,ANE,EN,Federal Contract Tower,0,16,18,0,34,0,13,53,4,70,0,29,71,4,104,96,2,98,202
10/02/2020,LEB,NH,ANE,EN,Federal Contract Tower,0,19,12,0,31,0,3,4,0,7,0,22,16,0,38,6,0,6,44
10/03/2020,LEB,NH,ANE,EN,Federal Contract Tower,0,10,7,0,17,0,14,49,0,63,0,24,56,0,80,14,0,14,94
10/04/2020,LEB,NH,ANE,EN,Federal Contract Tower,0,21,20,2,43,0,11,48,1,60,0,32,68,3,103,32,0,32,135
10/05/2020,LEB,NH,ANE,EN,Federal Contract Tower,0,21,21,0,42,0,22,65,0,87,0,43,86,0,129,42,0,42,171
10/06/2020,LEB,NH,ANE,EN,Federal Contract Tower,0,15,8,2,25,0,8,41,2,51,0,23,49,4,76,24,0,24,100
10/07/2020,LEB,NH,ANE,EN,Federal Contract Tower,0,6,4,0,10,0,5,16,0,21,0,11,20,0,31,16,0,16,47
10/08/2020,LEB,NH,ANE,EN,Federal Contract Tower,0,6,15,2,23,0,8,12,0,20,0,14,27,2,43,20,10,30,73
10/09/2020,LEB,NH,ANE,EN,Federal Contract Tower,0,15,7,0,22,0,18,61,0,79,0,33,68,0,101,30,0,30,131
10/10/2020,LEB,NH,ANE,EN,Federal Contract Tower,0,8,5,0,13,0,9,12,0,21,0,17,17,0,34,0,0,0,34
10/11/2020,LEB,NH,ANE,EN,Federal Contract Tower,0,16,14,0,30,0,10,47,0,57,0,26,61,0,87,26,0,26,113
10/12/2020,LEB,NH,ANE,EN,Federal Contract Tower,0,20,15,1,36,0,8,52,0,60,0,28,67,1,96,40,0,40,136
10/13/2020,LEB,NH,ANE,EN,Federal Contract Tower,0,17,8,0,25,0,0,0,0,0,0,17,8,0,25,0,0,0,25
10/14/2020,LEB,NH,ANE,EN,Federal Contract Tower,0,12,11,0,23,0,5,28,3,36,0,17,39,3,59,26,0,26,85
10/15/2020,LEB,NH,ANE,EN,Federal Contract Tower,0,15,12,1,28,0,12,53,3,68,0,27,65,4,96,24,0,24,120
10/16/2020,LEB,NH,ANE,EN,Federal Contract Tower,0,20,17,0,37,0,0,0,0,0,0,20,17,0,37,0,0,0,37
10/17/2020,LEB,NH,ANE,EN,Federal Contract Tower,0,15,8,2,25,0,10,33,0,43,0,25,41,2,68,14,0,14,82
10/18/2020,LEB,NH,ANE,EN,Federal Contract Tower,0,15,10,0,25,0,9,70,0,79,0,24,80,0,104,60,0,60,164
10/19/2020,LEB,NH,ANE,EN,Federal Contract Tower,0,16,11,0,27,0,9,61,0,70,0,25,72,0,97,44,0,44,141
10/20/2020,LEB,NH,ANE,EN,Federal Contract Tower,0,20,6,0,26,0,0,0,0,0,0,20,6,0,26,0,0,0,26
10/21/2020,LEB,NH,ANE,EN,Federal Contract Tower,0,13,9,0,22,0,1,10,0,11,0,14,19,0,33,14,0,14,47
10/22/2020,LEB,NH,ANE,EN,Federal Contract Tower,0,21,12,0,33,0,8,75,2,85,0,29,87,2,118,50,0,50,168
10/23/2020,LEB,NH,ANE,EN,Federal Contract Tower,0,21,11,0,32,0,0,1,0,1,0,21,12,0,33,0,0,0,33
10/24/2020,LEB,NH,ANE,EN,Federal Contract Tower,0,19,15,0,34,0,6,24,0,30,0,25,39,0,64,22,0,22,86
10/25/2020,LEB,NH,ANE,EN,Federal Contract Tower,0,24,11,1,36,0,13,54,0,67,0,37,65,1,103,58,2,60,163
10/26/2020,LEB,NH,ANE,EN,Federal Contract Tower,0,15,6,0,21,0,0,0,0,0,0,15,6,0,21,0,0,0,21
10/27/2020,LEB,NH,ANE,EN,Federal Contract Tower,0,13,6,0,19,0,12,18,2,32,0,25,24,2,51,48,0,48,99
10/28/2020,LEB,NH,ANE,EN,Federal Contract Tower,0,13,7,0,20,0,0,4,0,4,0,13,11,0,24,4,0,4,28
10/29/2020,LEB,NH,ANE,EN,Federal Contract Tower,0,13,5,0,18,0,0,0,0,0,0,13,5,0,18,0,0,0,18
10/30/2020,LEB,NH,ANE,EN,Federal Contract Tower,0,14,1,0,15,0,8,22,0,30,0,22,23,0,45,18,0,18,63
10/31/2020,LEB,NH,ANE,EN,Federal Contract Tower,0,8,15,0,23,0,13,60,0,73,0,21,75,0,96,54,0,54,150
11/01/2020,LEB,NH,ANE,EN,Federal Contract Tower,0,18,0,0,18,0,1,5,0,6,0,19,5,0,24,6,0,6,30
11/02/2020,LEB,NH,ANE,EN,Federal Contract Tower,0,17,2,0,19,0,6,0,0,6,0,23,2,0,25,0,0,0,25
11/03/2020,LEB,NH,ANE,EN,Federal Contract Tower,0,14,3,0,17,0,3,8,2,13,0,17,11,2,30,6,0,6,36
11/04/2020,LEB,NH,ANE,EN,Federal Contract Tower,0,14,8,0,22,0,8,34,2,44,0,22,42,2,66,24,0,24,90
11/05/2020,LEB,NH,ANE,EN,Federal Contract Tower,0,7,3,0,10,0,7,35,0,42,0,14,38,0,52,26,0,26,78
11/06/2020,LEB,NH,ANE,EN,Federal Contract Tower,0,19,13,2,34,0,12,41,3,56,0,31,54,5,90,32,0,32,122
11/07/2020,LEB,NH,ANE,EN,Federal Contract Tower,0,9,10,0,19,0,9,50,4,63,0,18,60,4,82,16,12,28,110
11/08/2020,LEB,NH,ANE,EN,Federal Contract Tower,0,8,8,1,17,0,19,51,2,72,0,27,59,3,89,26,0,26,115
11/09/2020,LEB,NH,ANE,EN,Federal Contract Tower,0,14,9,0,23,0,21,45,0,66,0,35,54,0,89,46,0,46,135
11/10/2020,LEB,NH,ANE,EN,Federal Contract Tower,0,16,9,0,25,0,17,47,4,68,0,33,56,4,93,54,0,54,147
11/11/2020,LEB,NH,ANE,EN,Federal Contract Tower,0,18,3,0,21,0,1,11,0,12,0,19,14,0,33,26,0,26,59
11/12/2020,LEB,NH,ANE,EN,Federal Contract Tower,0,14,7,0,21,0,7,21,0,28,0,21,28,0,49,54,0,54,103
11/13/2020,LEB,NH,ANE,EN,Federal Contract Tower,0,15,7,0,22,0,0,4,0,4,0,15,11,0,26,4,0,4,30
11/14/2020,LEB,NH,ANE,EN,Federal Contract Tower,0,13,3,0,16,0,10,43,0,53,0,23,46,0,69,16,0,16,85
11/15/2020,LEB,NH,ANE,EN,Federal Contract Tower,0,7,8,0,15,0,13,30,0,43,0,20,38,0,58,54,0,54,112
11/16/2020,LEB,NH,ANE,EN,Federal Contract Tower,0,15,8,2,25,0,13,26,0,39,0,28,34,2,64,18,0,18,82
11/17/2020,LEB,NH,ANE,EN,Federal Contract Tower,0,15,0,0,15,0,3,14,0,17,0,18,14,0,32,46,0,46,78
11/18/2020,LEB,NH,ANE,EN,Federal Contract Tower,11,0,4,0,15,2,0,2,0,4,13,0,6,0,19,12,0,12,31
11/19/2020,LEB,NH,ANE,EN,Federal Contract Tower,0,12,14,0,26,0,10,30,0,40,0,22,44,0,66,30,0,30,96
11/20/2020,LEB,NH,ANE,EN,Federal Contract Tower,0,9,6,0,15,0,17,43,0,60,0,26,49,0,75,40,0,40,115
11/21/2020,LEB,NH,ANE,EN,Federal Contract Tower,0,11,14,0,25,0,14,52,0,66,0,25,66,0,91,62,0,62,153
11/22/2020,LEB,NH,ANE,EN,Federal Contract Tower,0,10,13,0,23,0,7,51,0,58,0,17,64,0,81,66,0,66,147
11/23/2020,LEB,NH,ANE,EN,Federal Contract Tower,0,16,6,0,22,0,0,1,0,1,0,16,7,0,23,0,0,0,23
11/24/2020,LEB,NH,ANE,EN,Federal Contract Tower,0,13,7,0,20,0,23,7,0,30,0,36,14,0,50,32,0,32,82
11/25/2020,LEB,NH,ANE,EN,Federal Contract Tower,0,14,5,0,19,0,5,3,0,8,0,19,8,0,27,0,0,0,27
11/26/2020,LEB,NH,ANE,EN,Federal Contract Tower,0,11,0,0,11,0,0,0,0,0,0,11,0,0,11,0,0,0,11
11/27/2020,LEB,NH,ANE,EN,Federal Contract Tower,0,14,4,0,18,0,0,1,0,1,0,14,5,0,19,0,0,0,19
11/28/2020,LEB,NH,ANE,EN,Federal Contract Tower,0,16,1,0,17,0,10,18,0,28,0,26,19,0,45,0,0,0,45
11/29/2020,LEB,NH,ANE,EN,Federal Contract Tower,0,10,15,0,25,0,13,88,4,105,0,23,103,4,130,18,6,24,154
11/30/2020,LEB,NH,ANE,EN,Federal Contract Tower,0,9,1,0,10,0,1,1,0,2,0,10,2,0,12,0,0,0,12
12/01/2020,LEB,NH,ANE,EN,Federal Contract Tower,0,14,8,0,22,0,10,1,0,11,0,24,9,0,33,0,0,0,33
12/02/2020,LEB,NH,ANE,EN,Federal Contract Tower,0,9,2,0,11,0,6,6,0,12,0,15,8,0,23,0,0,0,23
12/03/2020,LEB,NH,ANE,EN,Federal Contract Tower,0,10,14,0,24,0,7,57,0,64,0,17,71,0,88,50,0,50,138
12/04/2020,LEB,NH,ANE,EN,Federal Contract Tower,0,11,7,0,18,0,7,39,0,46,0,18,46,0,64,14,0,14,78
12/05/2020,LEB,NH,ANE,EN,Federal Contract Tower,0,4,1,0,5,0,0,0,0,0,0,4,1,0,5,0,0,0,5
12/06/2020,LEB,NH,ANE,EN,Federal Contract Tower,0,12,0,0,12,0,8,0,0,8,0,20,0,0,20,0,0,0,20
12/07/2020,LEB,NH,ANE,EN,Federal Contract Tower,0,12,7,0,19,0,6,11,0,17,0,18,18,0,36,6,0,6,42
12/08/2020,LEB,NH,ANE,EN,Federal Contract Tower,0,13,4,0,17,0,0,2,0,2,0,13,6,0,19,4,0,4,23
12/09/2020,LEB,NH,ANE,EN,Federal Contract Tower,0,15,6,0,21,0,6,7,0,13,0,21,13,0,34,0,0,0,34
12/10/2020,LEB,NH,ANE,EN,Federal Contract Tower,0,7,5,0,12,0,4,8,0,12,0,11,13,0,24,34,0,34,58
12/11/2020,LEB,NH,ANE,EN,Federal Contract Tower,0,7,7,0,14,0,14,40,0,54,0,21,47,0,68,44,0,44,112
12/12/2020,LEB,NH,ANE,EN,Federal Contract Tower,0,7,4,0,11,0,1,6,0,7,0,8,10,0,18,10,0,10,28
12/13/2020,LEB,NH,ANE,EN,Federal Contract Tower,0,11,4,0,15,0,5,2,0,7,0,16,6,0,22,0,0,0,22
12/14/2020,LEB,NH,ANE,EN,Federal Contract Tower,0,14,3,1,18,0,8,0,1,9,0,22,3,2,27,0,0,0,27
12/15/2020,LEB,NH,ANE,EN,Federal Contract Tower,0,10,4,0,14,0,16,16,4,36,0,26,20,4,50,0,4,4,54
12/16/2020,LEB,NH,ANE,EN,Federal Contract Tower,0,8,2,0,10,0,10,8,0,18,0,18,10,0,28,8,6,14,42
12/17/2020,LEB,NH,ANE,EN,Federal Contract Tower,0,0,0,0,0,0,0,0,0,0,0,0,0,0,0,0,0,0,0
12/18/2020,LEB,NH,ANE,EN,Federal Contract Tower,0,6,2,0,8,0,1,3,0,4,0,7,5,0,12,0,0,0,12
12/19/2020,LEB,NH,ANE,EN,Federal Contract Tower,0,9,12,0,21,0,12,24,0,36,0,21,36,0,57,12,0,12,69
12/20/2020,LEB,NH,ANE,EN,Federal Contract Tower,0,15,5,0,20,0,4,8,0,12,0,19,13,0,32,2,0,2,34
12/21/2020,LEB,NH,ANE,EN,Federal Contract Tower,0,16,2,1,19,0,0,1,0,1,0,16,3,1,20,0,0,0,20
12/22/2020,LEB,NH,ANE,EN,Federal Contract Tower,0,6,12,0,18,0,7,7,0,14,0,13,19,0,32,20,0,20,52
12/23/2020,LEB,NH,ANE,EN,Federal Contract Tower,0,11,12,0,23,0,15,33,0,48,0,26,45,0,71,32,0,32,103
12/24/2020,LEB,NH,ANE,EN,Federal Contract Tower,0,8,0,0,8,0,1,0,0,1,0,9,0,0,9,2,0,2,11
12/25/2020,LEB,NH,ANE,EN,Federal Contract Tower,0,0,2,0,2,0,0,0,0,0,0,0,2,0,2,0,0,0,2
12/26/2020,LEB,NH,ANE,EN,Federal Contract Tower,0,13,8,0,21,0,1,6,0,7,0,14,14,0,28,6,0,6,34
12/27/2020,LEB,NH,ANE,EN,Federal Contract Tower,0,17,9,0,26,0,11,21,2,34,0,28,30,2,60,12,0,12,72
12/28/2020,LEB,NH,ANE,EN,Federal Contract Tower,0,11,2,0,13,0,7,0,0,7,0,18,2,0,20,0,0,0,20
12/29/2020,LEB,NH,ANE,EN,Federal Contract Tower,0,13,1,2,16,0,10,32,2,44,0,23,33,4,60,2,18,20,80
12/30/2020,LEB,NH,ANE,EN,Federal Contract Tower,0,12,7,0,19,0,10,31,2,43,0,22,38,2,62,22,4,26,88
12/31/2020,LEB,NH,ANE,EN,Federal Contract Tower,0,11,5,0,16,0,5,21,1,27,0,16,26,1,43,6,0,6,49
01/01/2021,LEB,NH,ANE,EN,Federal Contract Tower,0,5,8,0,13,0,16,48,0,64,0,21,56,0,77,30,0,30,107
01/02/2021,LEB,NH,ANE,EN,Federal Contract Tower,0,9,4,0,13,0,0,0,0,0,0,9,4,0,13,0,0,0,13
01/03/2021,LEB,NH,ANE,EN,Federal Contract Tower,0,19,5,0,24,0,2,0,0,2,0,21,5,0,26,0,0,0,26
01/04/2021,LEB,NH,ANE,EN,Federal Contract Tower,0,21,2,0,23,0,5,18,0,23,0,26,20,0,46,10,0,10,56
01/05/2021,LEB,NH,ANE,EN,Federal Contract Tower,0,21,1,0,22,0,0,0,0,0,0,21,1,0,22,0,0,0,22
01/06/2021,LEB,NH,ANE,EN,Federal Contract Tower,0,14,10,0,24,0,2,2,0,4,0,16,12,0,28,14,0,14,42
01/07/2021,LEB,NH,ANE,EN,Federal Contract Tower,0,14,8,0,22,0,4,3,1,8,0,18,11,1,30,8,0,8,38
01/08/2021,LEB,NH,ANE,EN,Federal Contract Tower,0,11,8,2,21,0,15,25,2,42,0,26,33,4,63,22,2,24,87
01/09/2021,LEB,NH,ANE,EN,Federal Contract Tower,0,11,10,2,23,0,13,28,0,41,0,24,38,2,64,6,0,6,70
01/10/2021,LEB,NH,ANE,EN,Federal Contract Tower,0,13,6,0,19,0,19,31,0,50,0,32,37,0,69,20,0,20,89
01/11/2021,LEB,NH,ANE,EN,Federal Contract Tower,0,15,8,0,23,0,9,23,0,32,0,24,31,0,55,0,0,0,55
01/12/2021,LEB,NH,ANE,EN,Federal Contract Tower,0,7,5,0,12,0,12,17,0,29,0,19,22,0,41,18,0,18,59
01/13/2021,LEB,NH,ANE,EN,Federal Contract Tower,0,17,4,0,21,0,10,29,0,39,0,27,33,0,60,70,0,70,130
01/14/2021,LEB,NH,ANE,EN,Federal Contract Tower,0,13,1,0,14,0,2,15,0,17,0,15,16,0,31,40,0,40,71
01/15/2021,LEB,NH,ANE,EN,Federal Contract Tower,0,15,7,0,22,0,4,1,0,5,0,19,8,0,27,4,0,4,31
01/16/2021,LEB,NH,ANE,EN,Federal Contract Tower,0,15,3,0,18,0,0,0,0,0,0,15,3,0,18,0,0,0,18
01/17/2021,LEB,NH,ANE,EN,Federal Contract Tower,0,14,2,0,16,0,6,0,0,6,0,20,2,0,22,0,0,0,22
01/18/2021,LEB,NH,ANE,EN,Federal Contract Tower,0,14,3,0,17,0,9,2,0,11,0,23,5,0,28,6,0,6,34
01/19/2021,LEB,NH,ANE,EN,Federal Contract Tower,0,7,14,0,21,0,7,12,0,19,0,14,26,0,40,10,0,10,50
01/20/2021,LEB,NH,ANE,EN,Federal Contract Tower,0,11,9,0,20,0,3,20,0,23,0,14,29,0,43,12,0,12,55
01/21/2021,LEB,NH,ANE,EN,Federal Contract Tower,0,16,14,0,30,0,2,0,0,2,0,18,14,0,32,0,0,0,32
01/22/2021,LEB,NH,ANE,EN,Federal Contract Tower,0,10,10,0,20,0,2,0,0,2,0,12,10,0,22,2,0,2,24
01/23/2021,LEB,NH,ANE,EN,Federal Contract Tower,0,10,10,0,20,0,6,12,2,20,0,16,22,2,40,4,0,4,44
01/24/2021,LEB,NH,ANE,EN,Federal Contract Tower,0,10,9,0,19,0,11,31,2,44,0,21,40,2,63,20,0,20,83
01/25/2021,LEB,NH,ANE,EN,Federal Contract Tower,0,21,1,0,22,0,23,37,2,62,0,44,38,2,84,18,2,20,104
01/26/2021,LEB,NH,ANE,EN,Federal Contract Tower,0,9,2,0,11,0,4,6,0,10,0,13,8,0,21,14,0,14,35
01/27/2021,LEB,NH,ANE,EN,Federal Contract Tower,0,10,0,0,10,0,1,2,0,3,0,11,2,0,13,0,0,0,13
01/28/2021,LEB,NH,ANE,EN,Federal Contract Tower,0,13,7,0,20,0,0,3,0,3,0,13,10,0,23,18,0,18,41
01/29/2021,LEB,NH,ANE,EN,Federal Contract Tower,0,18,1,0,19,0,16,17,0,33,0,34,18,0,52,4,0,4,56
01/30/2021,LEB,NH,ANE,EN,Federal Contract Tower,0,10,11,0,21,0,21,15,9,45,0,31,26,9,66,6,0,6,72
01/31/2021,LEB,NH,ANE,EN,Federal Contract Tower,0,7,10,0,17,0,16,52,2,70,0,23,62,2,87,18,0,18,105
02/01/2021,LEB,NH,ANE,EN,Federal Contract Tower,0,6,5,0,11,0,0,1,0,1,0,6,6,0,12,0,0,0,12
02/02/2021,LEB,NH,ANE,EN,Federal Contract Tower,0,0,0,0,0,0,0,0,0,0,0,0,0,0,0,0,0,0,0
02/03/2021,LEB,NH,ANE,EN,Federal Contract Tower,0,18,1,0,19,0,0,0,0,0,0,18,1,0,19,0,0,0,19
02/04/2021,LEB,NH,ANE,EN,Federal Contract Tower,0,10,7,0,17,0,6,12,0,18,0,16,19,0,35,20,10,30,65
02/05/2021,LEB,NH,ANE,EN,Federal Contract Tower,0,9,1,0,10,0,1,2,0,3,0,10,3,0,13,4,0,4,17
02/06/2021,LEB,NH,ANE,EN,Federal Contract Tower,0,11,6,1,18,0,9,8,1,18,0,20,14,2,36,6,0,6,42
02/07/2021,LEB,NH,ANE,EN,Federal Contract Tower,0,6,6,0,12,0,2,0,0,2,0,8,6,0,14,0,0,0,14
02/08/2021,LEB,NH,ANE,EN,Federal Contract Tower,0,15,11,0,26,0,21,20,0,41,0,36,31,0,67,32,0,32,99
02/09/2021,LEB,NH,ANE,EN,Federal Contract Tower,0,10,1,0,11,0,0,0,0,0,0,10,1,0,11,0,0,0,11
02/10/2021,LEB,NH,ANE,EN,Federal Contract Tower,0,15,6,0,21,0,6,9,0,15,0,21,15,0,36,2,0,2,38
02/11/2021,LEB,NH,ANE,EN,Federal Contract Tower,0,8,5,0,13,0,7,11,0,18,0,15,16,0,31,16,0,16,47
02/12/2021,LEB,NH,ANE,EN,Federal Contract Tower,0,11,7,0,18,0,15,37,0,52,0,26,44,0,70,0,0,0,70
02/13/2021,LEB,NH,ANE,EN,Federal Contract Tower,0,6,14,0,20,0,13,29,0,42,0,19,43,0,62,10,2,12,74
02/14/2021,LEB,NH,ANE,EN,Federal Contract Tower,0,18,3,0,21,0,1,1,0,2,0,19,4,0,23,2,0,2,25
02/15/2021,LEB,NH,ANE,EN,Federal Contract Tower,0,11,3,0,14,0,2,6,0,8,0,13,9,0,22,18,0,18,40
02/16/2021,LEB,NH,ANE,EN,Federal Contract Tower,0,8,0,0,8,0,0,0,0,0,0,8,0,0,8,0,0,0,8
02/17/2021,LEB,NH,ANE,EN,Federal Contract Tower,0,8,8,2,18,0,13,27,2,42,0,21,35,4,60,20,0,20,80
02/18/2021,LEB,NH,ANE,EN,Federal Contract Tower,0,7,4,0,11,0,5,9,0,14,0,12,13,0,25,0,2,2,27
02/19/2021,LEB,NH,ANE,EN,Federal Contract Tower,0,15,2,0,17,0,0,0,0,0,0,15,2,0,17,0,0,0,17
02/20/2021,LEB,NH,ANE,EN,Federal Contract Tower,0,15,5,0,20,0,5,8,0,13,0,20,13,0,33,0,0,0,33
02/21/2021,LEB,NH,ANE,EN,Federal Contract Tower,0,7,7,0,14,0,23,41,0,64,0,30,48,0,78,38,0,38,116
02/22/2021,LEB,NH,ANE,EN,Federal Contract Tower,0,8,1,0,9,0,4,3,0,7,0,12,4,0,16,10,0,10,26
02/23/2021,LEB,NH,ANE,EN,Federal Contract Tower,10,4,0,0,14,0,4,2,0,6,10,8,2,0,20,32,0,32,52
02/24/2021,LEB,NH,ANE,EN,Federal Contract Tower,0,12,7,0,19,0,10,14,2,26,0,22,21,2,45,32,0,32,77
02/25/2021,LEB,NH,ANE,EN,Federal Contract Tower,0,8,9,0,17,0,4,5,0,9,0,12,14,0,26,2,0,2,28
02/26/2021,LEB,NH,ANE,EN,Federal Contract Tower,0,6,9,0,15,0,16,54,2,72,0,22,63,2,87,50,6,56,143
02/27/2021,LEB,NH,ANE,EN,Federal Contract Tower,0,10,6,0,16,0,0,0,0,0,0,10,6,0,16,0,0,0,16
02/28/2021,LEB,NH,ANE,EN,Federal Contract Tower,0,16,3,2,21,0,8,29,6,43,0,24,32,8,64,30,2,32,96
03/01/2021,LEB,NH,ANE,EN,Federal Contract Tower,0,13,1,0,14,0,0,0,0,0,0,13,1,0,14,0,0,0,14
03/02/2021,LEB,NH,ANE,EN,Federal Contract Tower,0,2,3,0,5,0,4,1,0,5,0,6,4,0,10,0,0,0,10
03/03/2021,LEB,NH,ANE,EN,Federal Contract Tower,0,5,4,0,9,0,8,32,0,40,0,13,36,0,49,64,0,64,113
03/04/2021,LEB,NH,ANE,EN,Federal Contract Tower,0,11,6,0,17,0,5,12,0,17,0,16,18,0,34,18,0,18,52
03/05/2021,LEB,NH,ANE,EN,Federal Contract Tower,0,9,2,0,11,0,17,16,0,33,0,26,18,0,44,4,0,4,48
03/06/2021,LEB,NH,ANE,EN,Federal Contract Tower,0,21,14,1,36,0,13,49,4,66,0,34,63,5,102,10,10,20,122
03/07/2021,LEB,NH,ANE,EN,Federal Contract Tower,0,5,6,4,15,0,21,52,6,79,0,26,58,10,94,22,4,26,120
03/08/2021,LEB,NH,ANE,EN,Federal Contract Tower,0,6,7,0,13,0,24,23,0,47,0,30,30,0,60,14,0,14,74
03/09/2021,LEB,NH,ANE,EN,Federal Contract Tower,0,6,6,0,12,0,18,26,0,44,0,24,32,0,56,18,0,18,74
03/10/2021,LEB,NH,ANE,EN,Federal Contract Tower,0,6,8,1,15,0,13,28,2,43,0,19,36,3,58,54,10,64,122
03/11/2021,LEB,NH,ANE,EN,Federal Contract Tower,0,7,3,2,12,0,6,17,0,23,0,13,20,2,35,2,0,2,37
03/12/2021,LEB,NH,ANE,EN,Federal Contract Tower,0,9,8,0,17,0,15,20,0,35,0,24,28,0,52,2,0,2,54
03/13/2021,LEB,NH,ANE,EN,Federal Contract Tower,0,5,6,0,11,0,14,30,0,44,0,19,36,0,55,2,0,2,57
03/14/2021,LEB,NH,ANE,EN,Federal Contract Tower,0,17,7,0,24,0,4,6,0,10,0,21,13,0,34,8,0,8,42
03/15/2021,LEB,NH,ANE,EN,Federal Contract Tower,0,9,3,0,12,0,6,6,6,18,0,15,9,6,30,0,0,0,30
03/16/2021,LEB,NH,ANE,EN,Federal Contract Tower,0,5,3,0,8,0,10,39,0,49,0,15,42,0,57,106,0,106,163
03/17/2021,LEB,NH,ANE,EN,Federal Contract Tower,0,8,9,0,17,0,11,49,3,63,0,19,58,3,80,118,0,118,198
03/18/2021,LEB,NH,ANE,EN,Federal Contract Tower,0,11,3,0,14,0,6,0,0,6,0,17,3,0,20,0,0,0,20
03/19/2021,LEB,NH,ANE,EN,Federal Contract Tower,0,5,5,0,10,0,17,49,0,66,0,22,54,0,76,34,0,34,110
03/20/2021,LEB,NH,ANE,EN,Federal Contract Tower,0,4,18,0,22,0,14,50,0,64,0,18,68,0,86,24,0,24,110
03/21/2021,LEB,NH,ANE,EN,Federal Contract Tower,0,8,14,1,23,0,17,57,3,77,0,25,71,4,100,18,0,18,118
03/22/2021,LEB,NH,ANE,EN,Federal Contract Tower,0,24,8,0,32,0,28,42,0,70,0,52,50,0,102,36,0,36,138
03/23/2021,LEB,NH,ANE,EN,Federal Contract Tower,0,5,2,0,7,0,15,29,0,44,0,20,31,0,51,16,0,16,67
03/24/2021,LEB,NH,ANE,EN,Federal Contract Tower,0,10,13,0,23,0,12,24,0,36,0,22,37,0,59,30,0,30,89
03/25/2021,LEB,NH,ANE,EN,Federal Contract Tower,0,11,11,1,23,0,8,9,3,20,0,19,20,4,43,2,4,6,49
03/26/2021,LEB,NH,ANE,EN,Federal Contract Tower,0,16,9,0,25,0,0,8,0,8,0,16,17,0,33,16,0,16,49
03/27/2021,LEB,NH,ANE,EN,Federal Contract Tower,0,13,9,0,22,0,18,58,2,78,0,31,67,2,100,70,0,70,170
03/28/2021,LEB,NH,ANE,EN,Federal Contract Tower,0,16,5,0,21,0,0,0,0,0,0,16,5,0,21,0,0,0,21
03/29/2021,LEB,NH,ANE,EN,Federal Contract Tower,0,9,1,0,10,0,9,2,0,11,0,18,3,0,21,8,0,8,29
03/30/2021,LEB,NH,ANE,EN,Federal Contract Tower,0,8,9,1,18,0,26,30,2,58,0,34,39,3,76,28,4,32,108
03/31/2021,LEB,NH,ANE,EN,Federal Contract Tower,0,13,3,0,16,0,2,4,0,6,0,15,7,0,22,2,0,2,24
04/01/2021,LEB,NH,ANE,EN,Federal Contract Tower,0,15,4,0,19,0,0,2,0,2,0,15,6,0,21,28,0,28,49
04/02/2021,LEB,NH,ANE,EN,Federal Contract Tower,0,14,8,0,22,0,7,21,4,32,0,21,29,4,54,10,0,10,64
04/03/2021,LEB,NH,ANE,EN,Federal Contract Tower,0,6,10,0,16,0,13,39,0,52,0,19,49,0,68,42,0,42,110
04/04/2021,LEB,NH,ANE,EN,Federal Contract Tower,0,10,5,0,15,0,17,51,0,68,0,27,56,0,83,12,0,12,95
04/05/2021,LEB,NH,ANE,EN,Federal Contract Tower,0,21,2,0,23,0,30,32,0,62,0,51,34,0,85,14,0,14,99
04/06/2021,LEB,NH,ANE,EN,Federal Contract Tower,0,12,5,0,17,0,7,40,2,49,0,19,45,2,66,24,0,24,90
04/07/2021,LEB,NH,ANE,EN,Federal Contract Tower,0,10,9,1,20,0,11,22,0,33,0,21,31,1,53,24,0,24,77
04/08/2021,LEB,NH,ANE,EN,Federal Contract Tower,0,11,10,1,22,0,13,56,3,72,0,24,66,4,94,60,2,62,156
04/09/2021,LEB,NH,ANE,EN,Federal Contract Tower,0,9,9,0,18,0,15,49,0,64,0,24,58,0,82,12,2,14,96
04/10/2021,LEB,NH,ANE,EN,Federal Contract Tower,0,6,9,0,15,0,14,58,1,73,0,20,67,1,88,66,0,66,154
04/11/2021,LEB,NH,ANE,EN,Federal Contract Tower,0,13,7,0,20,0,21,23,0,44,0,34,30,0,64,6,0,6,70
04/12/2021,LEB,NH,ANE,EN,Federal Contract Tower,0,14,7,0,21,0,16,15,0,31,0,30,22,0,52,20,0,20,72
04/13/2021,LEB,NH,ANE,EN,Federal Contract Tower,0,16,7,0,23,0,11,33,2,46,0,27,40,2,69,94,0,94,163
04/14/2021,LEB,NH,ANE,EN,Federal Contract Tower,0,7,9,0,16,0,13,19,2,34,0,20,28,2,50,8,0,8,58
04/15/2021,LEB,NH,ANE,EN,Federal Contract Tower,0,19,2,0,21,0,0,0,0,0,0,19,2,0,21,0,0,0,21
04/16/2021,LEB,NH,ANE,EN,Federal Contract Tower,0,8,4,0,12,0,0,0,0,0,0,8,4,0,12,0,0,0,12
04/17/2021,LEB,NH,ANE,EN,Federal Contract Tower,0,18,5,0,23,0,3,2,0,5,0,21,7,0,28,16,0,16,44
04/18/2021,LEB,NH,ANE,EN,Federal Contract Tower,0,11,7,0,18,0,7,27,3,37,0,18,34,3,55,50,0,50,105
04/19/2021,LEB,NH,ANE,EN,Federal Contract Tower,0,13,6,0,19,0,23,50,0,73,0,36,56,0,92,74,0,74,166
04/20/2021,LEB,NH,ANE,EN,Federal Contract Tower,0,8,12,0,20,0,17,28,4,49,0,25,40,4,69,64,0,64,133
04/21/2021,LEB,NH,ANE,EN,Federal Contract Tower,0,14,3,0,17,0,0,0,0,0,0,14,3,0,17,0,0,0,17
04/22/2021,LEB,NH,ANE,EN,Federal Contract Tower,0,14,10,0,24,0,6,0,0,6,0,20,10,0,30,0,0,0,30
04/23/2021,LEB,NH,ANE,EN,Federal Contract Tower,0,14,6,0,20,0,4,12,0,16,0,18,18,0,36,6,0,6,42
04/24/2021,LEB,NH,ANE,EN,Federal Contract Tower,0,11,12,0,23,0,8,29,6,43,0,19,41,6,66,48,0,48,114
04/25/2021,LEB,NH,ANE,EN,Federal Contract Tower,0,18,7,0,25,0,9,11,0,20,0,27,18,0,45,20,0,20,65
04/26/2021,LEB,NH,ANE,EN,Federal Contract Tower,0,11,8,0,19,0,16,15,0,31,0,27,23,0,50,8,0,8,58
04/27/2021,LEB,NH,ANE,EN,Federal Contract Tower,0,6,13,1,20,0,9,48,0,57,0,15,61,1,77,36,2,38,115
04/28/2021,LEB,NH,ANE,EN,Federal Contract Tower,0,13,12,4,29,0,5,6,0,11,0,18,18,4,40,2,0,2,42
04/29/2021,LEB,NH,ANE,EN,Federal Contract Tower,0,13,4,0,17,0,0,0,0,0,0,13,4,0,17,0,0,0,17
04/30/2021,LEB,NH,ANE,EN,Federal Contract Tower,0,15,9,0,24,0,0,0,0,0,0,15,9,0,24,0,0,0,24
05/01/2021,LEB,NH,ANE,EN,Federal Contract Tower,0,7,5,0,12,0,7,10,0,17,0,14,15,0,29,60,0,60,89
05/02/2021,LEB,NH,ANE,EN,Federal Contract Tower,0,15,7,0,22,0,16,23,2,41,0,31,30,2,63,18,0,18,81
05/03/2021,LEB,NH,ANE,EN,Federal Contract Tower,0,12,10,0,22,0,17,27,0,44,0,29,37,0,66,38,0,38,104
05/04/2021,LEB,NH,ANE,EN,Federal Contract Tower,0,10,11,0,21,0,9,6,1,16,0,19,17,1,37,34,0,34,71
05/05/2021,LEB,NH,ANE,EN,Federal Contract Tower,0,16,5,0,21,0,0,0,0,0,0,16,5,0,21,0,0,0,21
05/06/2021,LEB,NH,ANE,EN,Federal Contract Tower,0,11,6,2,19,0,7,18,8,33,0,18,24,10,52,64,0,64,116
05/07/2021,LEB,NH,ANE,EN,Federal Contract Tower,0,10,8,0,18,0,8,21,0,29,0,18,29,0,47,32,0,32,79
05/08/2021,LEB,NH,ANE,EN,Federal Contract Tower,0,20,10,0,30,0,11,53,0,64,0,31,63,0,94,14,0,14,108
05/09/2021,LEB,NH,ANE,EN,Federal Contract Tower,0,12,17,0,29,0,16,45,0,61,0,28,62,0,90,68,0,68,158
05/10/2021,LEB,NH,ANE,EN,Federal Contract Tower,0,10,4,0,14,0,13,24,0,37,0,23,28,0,51,16,0,16,67
05/11/2021,LEB,NH,ANE,EN,Federal Contract Tower,0,5,0,0,5,0,11,31,2,44,0,16,31,2,49,12,0,12,61
05/12/2021,LEB,NH,ANE,EN,Federal Contract Tower,0,6,12,0,18,0,8,20,0,28,0,14,32,0,46,6,0,6,52
05/13/2021,LEB,NH,ANE,EN,Federal Contract Tower,0,8,9,0,17,0,14,38,0,52,0,22,47,0,69,18,0,18,87
05/14/2021,LEB,NH,ANE,EN,Federal Contract Tower,0,7,15,0,22,0,16,57,1,74,0,23,72,1,96,80,12,92,188
05/15/2021,LEB,NH,ANE,EN,Federal Contract Tower,0,9,9,0,18,0,16,62,8,86,0,25,71,8,104,36,4,40,144
05/16/2021,LEB,NH,ANE,EN,Federal Contract Tower,0,12,14,0,26,0,10,49,2,61,0,22,63,2,87,20,0,20,107
05/17/2021,LEB,NH,ANE,EN,Federal Contract Tower,0,21,7,1,29,0,13,65,1,79,0,34,72,2,108,64,0,64,172
05/18/2021,LEB,NH,ANE,EN,Federal Contract Tower,0,22,4,0,26,0,8,46,0,54,0,30,50,0,80,60,0,60,140
05/19/2021,LEB,NH,ANE,EN,Federal Contract Tower,0,9,16,0,25,0,11,54,0,65,0,20,70,0,90,66,0,66,156
05/20/2021,LEB,NH,ANE,EN,Federal Contract Tower,0,17,7,0,24,0,11,44,4,59,0,28,51,4,83,20,0,20,103
05/21/2021,LEB,NH,ANE,EN,Federal Contract Tower,0,14,14,0,28,0,19,68,0,87,0,33,82,0,115,48,0,48,163
05/22/2021,LEB,NH,ANE,EN,Federal Contract Tower,0,8,6,0,14,0,19,44,0,63,0,27,50,0,77,70,0,70,147
05/23/2021,LEB,NH,ANE,EN,Federal Contract Tower,0,31,10,0,41,0,7,25,2,34,0,38,35,2,75,18,0,18,93
05/24/2021,LEB,NH,ANE,EN,Federal Contract Tower,0,11,14,0,25,0,14,42,2,58,0,25,56,2,83,24,4,28,111
05/25/2021,LEB,NH,ANE,EN,Federal Contract Tower,0,15,3,0,18,0,16,14,0,30,0,31,17,0,48,16,0,16,64
05/26/2021,LEB,NH,ANE,EN,Federal Contract Tower,0,6,9,0,15,0,8,30,0,38,0,14,39,0,53,80,0,80,133
05/27/2021,LEB,NH,ANE,EN,Federal Contract Tower,0,19,9,0,28,0,10,33,0,43,0,29,42,0,71,66,0,66,137
05/28/2021,LEB,NH,ANE,EN,Federal Contract Tower,0,12,15,0,27,0,13,42,0,55,0,25,57,0,82,66,0,66,148
05/29/2021,LEB,NH,ANE,EN,Federal Contract Tower,0,25,7,0,32,0,16,21,11,48,0,41,28,11,80,0,0,0,80
05/30/2021,LEB,NH,ANE,EN,Federal Contract Tower,0,13,8,0,21,0,3,10,0,13,0,16,18,0,34,18,0,18,52
05/31/2021,LEB,NH,ANE,EN,Federal Contract Tower,0,21,10,0,31,0,8,1,0,9,0,29,11,0,40,0,0,0,40
06/01/2021,LEB,NH,ANE,EN,Federal Contract Tower,0,14,9,0,23,0,11,22,0,33,0,25,31,0,56,4,0,4,60
06/02/2021,LEB,NH,ANE,EN,Federal Contract Tower,0,10,20,0,30,0,11,48,0,59,0,21,68,0,89,52,0,52,141
06/03/2021,LEB,NH,ANE,EN,Federal Contract Tower,0,12,5,0,17,0,4,25,0,29,0,16,30,0,46,82,0,82,128
06/04/2021,LEB,NH,ANE,EN,Federal Contract Tower,0,19,13,0,32,0,19,59,0,78,0,38,72,0,110,72,0,72,182
06/05/2021,LEB,NH,ANE,EN,Federal Contract Tower,0,13,14,0,27,0,10,33,0,43,0,23,47,0,70,44,0,44,114
06/06/2021,LEB,NH,ANE,EN,Federal Contract Tower,0,14,7,0,21,0,14,48,0,62,0,28,55,0,83,38,0,38,121
06/07/2021,LEB,NH,ANE,EN,Federal Contract Tower,0,12,10,0,22,0,18,41,2,61,0,30,51,2,83,18,2,20,103
06/08/2021,LEB,NH,ANE,EN,Federal Contract Tower,0,4,6,0,10,0,14,24,0,38,0,18,30,0,48,22,0,22,70
06/09/2021,LEB,NH,ANE,EN,Federal Contract Tower,0,11,13,0,24,0,8,33,0,41,0,19,46,0,65,48,0,48,113
06/10/2021,LEB,NH,ANE,EN,Federal Contract Tower,0,10,17,0,27,0,11,53,0,64,0,21,70,0,91,128,0,128,219
06/11/2021,LEB,NH,ANE,EN,Federal Contract Tower,0,23,14,1,38,0,15,58,4,77,0,38,72,5,115,20,0,20,135
06/12/2021,LEB,NH,ANE,EN,Federal Contract Tower,0,24,10,0,34,0,13,76,10,99,0,37,86,10,133,66,0,66,199
06/13/2021,LEB,NH,ANE,EN,Federal Contract Tower,0,15,12,0,27,0,16,77,0,93,0,31,89,0,120,82,0,82,202
06/14/2021,LEB,NH,ANE,EN,Federal Contract Tower,0,22,11,0,33,0,1,0,0,1,0,23,11,0,34,0,0,0,34
06/15/2021,LEB,NH,ANE,EN,Federal Contract Tower,0,11,11,0,22,0,6,10,4,20,0,17,21,4,42,8,6,14,56
06/16/2021,LEB,NH,ANE,EN,Federal Contract Tower,0,8,15,0,23,0,13,32,0,45,0,21,47,0,68,22,0,22,90
06/17/2021,LEB,NH,ANE,EN,Federal Contract Tower,0,8,10,0,18,0,9,51,0,60,0,17,61,0,78,132,0,132,210
06/18/2021,LEB,NH,ANE,EN,Federal Contract Tower,0,10,8,0,18,0,16,38,2,56,0,26,46,2,74,28,0,28,102
06/19/2021,LEB,NH,ANE,EN,Federal Contract Tower,0,9,3,0,12,0,14,16,0,30,0,23,19,0,42,0,0,0,42
06/20/2021,LEB,NH,ANE,EN,Federal Contract Tower,0,3,13,0,16,0,13,56,0,69,0,16,69,0,85,28,0,28,113
06/21/2021,LEB,NH,ANE,EN,Federal Contract Tower,0,22,4,0,26,0,9,1,0,10,0,31,5,0,36,0,0,0,36
06/22/2021,LEB,NH,ANE,EN,Federal Contract Tower,0,15,4,0,19,0,2,10,0,12,0,17,14,0,31,82,0,82,113
06/23/2021,LEB,NH,ANE,EN,Federal Contract Tower,0,17,9,0,26,0,13,48,0,61,0,30,57,0,87,42,0,42,129
06/24/2021,LEB,NH,ANE,EN,Federal Contract Tower,0,16,14,0,30,0,10,47,0,57,0,26,61,0,87,94,0,94,181
06/25/2021,LEB,NH,ANE,EN,Federal Contract Tower,0,20,10,0,30,0,6,20,0,26,0,26,30,0,56,54,0,54,110
06/26/2021,LEB,NH,ANE,EN,Federal Contract Tower,0,28,16,0,44,0,18,40,0,58,0,46,56,0,102,42,0,42,144
06/27/2021,LEB,NH,ANE,EN,Federal Contract Tower,0,13,21,0,34,0,22,25,0,47,0,35,46,0,81,20,0,20,101
06/28/2021,LEB,NH,ANE,EN,Federal Contract Tower,0,12,2,0,14,0,8,20,0,28,0,20,22,0,42,16,0,16,58
06/29/2021,LEB,NH,ANE,EN,Federal Contract Tower,0,15,9,0,24,0,16,29,4,49,0,31,38,4,73,94,4,98,171
06/30/2021,LEB,NH,ANE,EN,Federal Contract Tower,0,17,8,0,25,0,4,20,0,24,0,21,28,0,49,66,0,66,115
07/01/2021,LEB,NH,ANE,EN,Federal Contract Tower,0,15,11,0,26,0,3,13,0,16,0,18,24,0,42,44,0,44,86
07/02/2021,LEB,NH,ANE,EN,Federal Contract Tower,0,19,12,0,31,0,0,0,0,0,0,19,12,0,31,0,0,0,31
07/03/2021,LEB,NH,ANE,EN,Federal Contract Tower,0,15,12,0,27,0,0,0,0,0,0,15,12,0,27,0,0,0,27
07/04/2021,LEB,NH,ANE,EN,Federal Contract Tower,0,18,11,0,29,0,7,5,0,12,0,25,16,0,41,24,0,24,65
07/05/2021,LEB,NH,ANE,EN,Federal Contract Tower,0,9,11,0,20,0,7,35,0,42,0,16,46,0,62,66,0,66,128
07/06/2021,LEB,NH,ANE,EN,Federal Contract Tower,0,10,9,3,22,0,11,17,1,29,0,21,26,4,51,34,0,34,85
07/07/2021,LEB,NH,ANE,EN,Federal Contract Tower,0,8,14,0,22,0,13,37,0,50,0,21,51,0,72,74,0,74,146
07/08/2021,LEB,NH,ANE,EN,Federal Contract Tower,0,13,5,0,18,0,2,5,0,7,0,15,10,0,25,34,0,34,59
07/09/2021,LEB,NH,ANE,EN,Federal Contract Tower,0,2,10,0,12,0,2,0,0,2,0,4,10,0,14,0,0,0,14
07/10/2021,LEB,NH,ANE,EN,Federal Contract Tower,0,12,6,0,18,0,17,44,0,61,0,29,50,0,79,24,0,24,103
07/11/2021,LEB,NH,ANE,EN,Federal Contract Tower,0,11,18,0,29,0,7,36,0,43,0,18,54,0,72,6,0,6,78
07/12/2021,LEB,NH,ANE,EN,Federal Contract Tower,0,20,9,0,29,0,7,7,2,16,0,27,16,2,45,20,0,20,65
07/13/2021,LEB,NH,ANE,EN,Federal Contract Tower,0,20,12,0,32,0,0,1,0,1,0,20,13,0,33,0,0,0,33
07/14/2021,LEB,NH,ANE,EN,Federal Contract Tower,0,18,16,0,34,0,2,6,0,8,0,20,22,0,42,4,0,4,46
07/15/2021,LEB,NH,ANE,EN,Federal Contract Tower,0,32,14,0,46,0,11,59,0,70,0,43,73,0,116,76,0,76,192
07/16/2021,LEB,NH,ANE,EN,Federal Contract Tower,0,11,12,0,23,0,16,38,0,54,0,27,50,0,77,58,0,58,135
07/17/2021,LEB,NH,ANE,EN,Federal Contract Tower,0,22,18,0,40,0,1,2,0,3,0,23,20,0,43,28,0,28,71
07/18/2021,LEB,NH,ANE,EN,Federal Contract Tower,0,32,17,0,49,0,0,0,0,0,0,32,17,0,49,0,0,0,49
07/19/2021,LEB,NH,ANE,EN,Federal Contract Tower,0,27,26,2,55,0,2,9,0,11,0,29,35,2,66,58,0,58,124
07/20/2021,LEB,NH,ANE,EN,Federal Contract Tower,0,13,14,0,27,0,5,19,0,24,0,18,33,0,51,76,0,76,127
07/21/2021,LEB,NH,ANE,EN,Federal Contract Tower,0,15,10,3,28,8,18,0,0,26,8,33,10,3,54,50,0,50,104
07/22/2021,LEB,NH,ANE,EN,Federal Contract Tower,0,14,21,0,35,0,9,65,0,74,0,23,86,0,109,120,0,120,229
07/23/2021,LEB,NH,ANE,EN,Federal Contract Tower,0,45,15,0,60,0,27,39,2,68,0,72,54,2,128,30,0,30,158
07/24/2021,LEB,NH,ANE,EN,Federal Contract Tower,0,15,7,1,23,0,21,48,1,70,0,36,55,2,93,20,0,20,113
07/25/2021,LEB,NH,ANE,EN,Federal Contract Tower,0,28,8,0,36,0,4,4,0,8,0,32,12,0,44,0,0,0,44
07/26/2021,LEB,NH,ANE,EN,Federal Contract Tower,0,16,12,0,28,0,8,60,0,68,0,24,72,0,96,86,0,86,182
07/27/2021,LEB,NH,ANE,EN,Federal Contract Tower,0,23,12,0,35,0,3,36,0,39,0,26,48,0,74,34,0,34,108
07/28/2021,LEB,NH,ANE,EN,Federal Contract Tower,0,12,20,0,32,0,8,67,0,75,0,20,87,0,107,78,0,78,185
07/29/2021,LEB,NH,ANE,EN,Federal Contract Tower,0,18,11,0,29,0,6,20,0,26,0,24,31,0,55,18,0,18,73
07/30/2021,LEB,NH,ANE,EN,Federal Contract Tower,0,23,19,0,42,0,10,5,0,15,0,33,24,0,57,0,0,0,57
07/31/2021,LEB,NH,ANE,EN,Federal Contract Tower,0,18,9,0,27,0,20,34,0,54,0,38,43,0,81,30,0,30,111
08/01/2021,LEB,NH,ANE,EN,Federal Contract Tower,0,17,12,0,29,0,10,23,0,33,0,27,35,0,62,14,0,14,76
08/02/2021,LEB,NH,ANE,EN,Federal Contract Tower,0,11,14,0,25,0,15,33,0,48,0,26,47,0,73,66,0,66,139
08/03/2021,LEB,NH,ANE,EN,Federal Contract Tower,0,16,13,0,29,0,5,61,0,66,0,21,74,0,95,74,0,74,169
08/04/2021,LEB,NH,ANE,EN,Federal Contract Tower,0,16,17,0,33,0,10,40,0,50,0,26,57,0,83,52,0,52,135
08/05/2021,LEB,NH,ANE,EN,Federal Contract Tower,0,23,19,0,42,0,6,55,0,61,0,29,74,0,103,60,0,60,163
08/06/2021,LEB,NH,ANE,EN,Federal Contract Tower,0,22,16,0,38,0,7,38,1,46,0,29,54,1,84,60,0,60,144
08/07/2021,LEB,NH,ANE,EN,Federal Contract Tower,0,9,10,0,19,0,10,54,0,64,0,19,64,0,83,36,0,36,119
08/08/2021,LEB,NH,ANE,EN,Federal Contract Tower,0,5,14,0,19,0,9,21,0,30,0,14,35,0,49,40,0,40,89
08/09/2021,LEB,NH,ANE,EN,Federal Contract Tower,0,21,11,0,32,0,8,28,0,36,0,29,39,0,68,48,0,48,116
08/10/2021,LEB,NH,ANE,EN,Federal Contract Tower,0,23,14,0,37,0,3,24,0,27,0,26,38,0,64,78,0,78,142
08/11/2021,LEB,NH,ANE,EN,Federal Contract Tower,0,12,8,0,20,0,5,30,0,35,0,17,38,0,55,22,0,22,77
08/12/2021,LEB,NH,ANE,EN,Federal Contract Tower,0,16,10,0,26,0,8,28,0,36,0,24,38,0,62,70,0,70,132
08/13/2021,LEB,NH,ANE,EN,Federal Contract Tower,0,14,9,0,23,0,18,24,0,42,0,32,33,0,65,46,0,46,111
08/14/2021,LEB,NH,ANE,EN,Federal Contract Tower,0,20,7,0,27,0,11,31,0,42,0,31,38,0,69,48,0,48,117
08/15/2021,LEB,NH,ANE,EN,Federal Contract Tower,0,8,21,0,29,0,21,40,0,61,0,29,61,0,90,10,0,10,100
08/16/2021,LEB,NH,ANE,EN,Federal Contract Tower,0,12,18,0,30,0,6,58,0,64,0,18,76,0,94,58,0,58,152
08/17/2021,LEB,NH,ANE,EN,Federal Contract Tower,0,8,10,0,18,0,8,28,2,38,0,16,38,2,56,62,0,62,118
08/18/2021,LEB,NH,ANE,EN,Federal Contract Tower,0,17,12,0,29,0,10,30,4,44,0,27,42,4,73,62,0,62,135
08/19/2021,LEB,NH,ANE,EN,Federal Contract Tower,0,17,7,0,24,0,0,0,0,0,0,17,7,0,24,0,0,0,24
08/20/2021,LEB,NH,ANE,EN,Federal Contract Tower,0,7,11,1,19,0,17,29,0,46,0,24,40,1,65,38,0,38,103
08/21/2021,LEB,NH,ANE,EN,Federal Contract Tower,0,10,12,1,23,0,7,17,1,25,0,17,29,2,48,48,0,48,96
08/22/2021,LEB,NH,ANE,EN,Federal Contract Tower,0,5,3,0,8,0,0,0,0,0,0,5,3,0,8,0,0,0,8
08/23/2021,LEB,NH,ANE,EN,Federal Contract Tower,0,8,8,0,16,0,4,0,0,4,0,12,8,0,20,0,0,0,20
08/24/2021,LEB,NH,ANE,EN,Federal Contract Tower,0,10,10,0,20,0,6,39,2,47,0,16,49,2,67,32,0,32,99
08/25/2021,LEB,NH,ANE,EN,Federal Contract Tower,0,13,19,0,32,0,9,49,0,58,0,22,68,0,90,84,0,84,174
08/27/2021,LEB,NH,ANE,EN,Federal Contract Tower,0,23,16,1,40,0,17,45,2,64,0,40,61,3,104,86,4,90,194
08/28/2021,LEB,NH,ANE,EN,Federal Contract Tower,0,13,8,0,21,0,9,15,0,24,0,22,23,0,45,14,0,14,59
08/29/2021,LEB,NH,ANE,EN,Federal Contract Tower,0,25,24,0,49,0,0,4,0,4,0,25,28,0,53,6,0,6,59
08/30/2021,LEB,NH,ANE,EN,Federal Contract Tower,0,14,8,0,22,0,6,3,0,9,0,20,11,0,31,2,0,2,33
08/31/2021,LEB,NH,ANE,EN,Federal Contract Tower,0,9,18,0,27,0,9,47,0,56,0,18,65,0,83,26,0,26,109
09/01/2021,LEB,NH,ANE,EN,Federal Contract Tower,0,18,21,0,39,0,8,32,0,40,0,26,53,0,79,76,0,76,155
09/02/2021,LEB,NH,ANE,EN,Federal Contract Tower,0,23,17,1,41,0,17,34,1,52,0,40,51,2,93,42,0,42,135
09/03/2021,LEB,NH,ANE,EN,Federal Contract Tower,0,16,23,0,39,0,15,34,0,49,0,31,57,0,88,18,0,18,106
09/04/2021,LEB,NH,ANE,EN,Federal Contract Tower,0,14,8,0,22,0,16,48,0,64,0,30,56,0,86,4,0,4,90
09/05/2021,LEB,NH,ANE,EN,Federal Contract Tower,0,14,7,0,21,0,5,15,0,20,0,19,22,0,41,6,0,6,47
09/06/2021,LEB,NH,ANE,EN,Federal Contract Tower,0,14,21,0,35,0,7,22,0,29,0,21,43,0,64,22,0,22,86
09/07/2021,LEB,NH,ANE,EN,Federal Contract Tower,0,6,12,0,18,0,11,43,0,54,0,17,55,0,72,62,0,62,134
09/08/2021,LEB,NH,ANE,EN,Federal Contract Tower,0,12,3,0,15,0,9,12,0,21,0,21,15,0,36,8,0,8,44
09/09/2021,LEB,NH,ANE,EN,Federal Contract Tower,0,24,12,0,36,0,3,17,0,20,0,27,29,0,56,42,0,42,98
09/10/2021,LEB,NH,ANE,EN,Federal Contract Tower,0,20,8,0,28,0,13,25,0,38,0,33,33,0,66,60,0,60,126
09/11/2021,LEB,NH,ANE,EN,Federal Contract Tower,0,9,13,0,22,0,36,52,0,88,0,45,65,0,110,14,0,14,124
09/12/2021,LEB,NH,ANE,EN,Federal Contract Tower,0,22,16,0,38,0,12,20,0,32,0,34,36,0,70,12,0,12,82
09/13/2021,LEB,NH,ANE,EN,Federal Contract Tower,0,9,17,0,26,0,12,27,0,39,0,21,44,0,65,34,0,34,99
09/14/2021,LEB,NH,ANE,EN,Federal Contract Tower,0,13,7,1,21,0,13,34,0,47,0,26,41,1,68,48,0,48,116
09/15/2021,LEB,NH,ANE,EN,Federal Contract Tower,0,13,14,0,27,0,2,2,0,4,0,15,16,0,31,0,0,0,31
09/16/2021,LEB,NH,ANE,EN,Federal Contract Tower,0,16,16,0,32,0,5,13,0,18,0,21,29,0,50,12,0,12,62
09/17/2021,LEB,NH,ANE,EN,Federal Contract Tower,0,29,7,0,36,0,2,3,0,5,0,31,10,0,41,34,0,34,75
09/18/2021,LEB,NH,ANE,EN,Federal Contract Tower,0,24,4,0,28,0,3,7,0,10,0,27,11,0,38,30,0,30,68
09/19/2021,LEB,NH,ANE,EN,Federal Contract Tower,0,20,11,0,31,0,18,44,0,62,0,38,55,0,93,8,0,8,101
09/20/2021,LEB,NH,ANE,EN,Federal Contract Tower,0,8,14,0,22,0,24,36,0,60,0,32,50,0,82,16,0,16,98
09/21/2021,LEB,NH,ANE,EN,Federal Contract Tower,0,10,15,0,25,0,9,31,0,40,0,19,46,0,65,86,0,86,151
09/22/2021,LEB,NH,ANE,EN,Federal Contract Tower,0,25,10,2,37,0,0,6,0,6,0,25,16,2,43,12,0,12,55
09/23/2021,LEB,NH,ANE,EN,Federal Contract Tower,0,29,15,0,44,0,12,11,0,23,0,41,26,0,67,6,0,6,73
09/24/2021,LEB,NH,ANE,EN,Federal Contract Tower,0,22,16,0,38,0,3,8,0,11,0,25,24,0,49,0,0,0,49
09/25/2021,LEB,NH,ANE,EN,Federal Contract Tower,0,24,13,0,37,0,5,33,0,38,0,29,46,0,75,22,0,22,97
09/26/2021,LEB,NH,ANE,EN,Federal Contract Tower,0,17,14,1,32,0,28,10,4,42,0,45,24,5,74,0,12,12,86
09/27/2021,LEB,NH,ANE,EN,Federal Contract Tower,0,14,15,0,29,0,6,22,0,28,0,20,37,0,57,36,0,36,93
09/28/2021,LEB,NH,ANE,EN,Federal Contract Tower,0,20,10,0,30,0,5,10,0,15,0,25,20,0,45,36,0,36,81
09/29/2021,LEB,NH,ANE,EN,Federal Contract Tower,0,15,13,0,28,0,9,26,0,35,0,24,39,0,63,22,0,22,85
09/30/2021,LEB,NH,ANE,EN,Federal Contract Tower,0,36,16,0,52,0,3,4,0,7,0,39,20,0,59,2,2,4,63
10/01/2021,LEB,NH,ANE,EN,Federal Contract Tower,0,17,17,0,34,0,7,31,0,38,0,24,48,0,72,20,0,20,92
10/02/2021,LEB,NH,ANE,EN,Federal Contract Tower,0,8,15,2,25,0,11,14,0,25,0,19,29,2,50,56,0,56,106
10/03/2021,LEB,NH,ANE,EN,Federal Contract Tower,0,32,14,0,46,0,2,16,0,18,0,34,30,0,64,10,0,10,74
10/04/2021,LEB,NH,ANE,EN,Federal Contract Tower,0,32,8,0,40,0,0,0,0,0,0,32,8,0,40,0,0,0,40
10/05/2021,LEB,NH,ANE,EN,Federal Contract Tower,0,15,11,0,26,0,8,8,0,16,0,23,19,0,42,16,0,16,58
10/06/2021,LEB,NH,ANE,EN,Federal Contract Tower,0,12,17,2,31,0,7,36,0,43,0,19,53,2,74,50,2,52,126
10/07/2021,LEB,NH,ANE,EN,Federal Contract Tower,0,25,23,0,48,0,17,45,2,64,0,42,68,2,112,30,0,30,142
10/08/2021,LEB,NH,ANE,EN,Federal Contract Tower,0,29,19,0,48,0,5,38,0,43,0,34,57,0,91,12,4,16,107
10/09/2021,LEB,NH,ANE,EN,Federal Contract Tower,0,32,17,0,49,0,0,15,0,15,0,32,32,0,64,18,0,18,82
10/10/2021,LEB,NH,ANE,EN,Federal Contract Tower,0,42,22,0,64,0,3,5,0,8,0,45,27,0,72,10,0,10,82
10/11/2021,LEB,NH,ANE,EN,Federal Contract Tower,0,24,7,0,31,0,4,13,0,17,0,28,20,0,48,4,0,4,52
10/12/2021,LEB,NH,ANE,EN,Federal Contract Tower,0,15,23,0,38,0,7,16,0,23,0,22,39,0,61,18,0,18,79
10/13/2021,LEB,NH,ANE,EN,Federal Contract Tower,0,11,5,2,18,0,4,27,0,31,0,15,32,2,49,24,6,30,79
10/14/2021,LEB,NH,ANE,EN,Federal Contract Tower,0,18,26,0,44,0,6,17,2,25,0,24,43,2,69,42,0,42,111
10/15/2021,LEB,NH,ANE,EN,Federal Contract Tower,0,25,21,0,46,0,4,20,0,24,0,29,41,0,70,74,0,74,144
10/16/2021,LEB,NH,ANE,EN,Federal Contract Tower,0,25,13,0,38,0,2,1,0,3,0,27,14,0,41,0,0,0,41
10/17/2021,LEB,NH,ANE,EN,Federal Contract Tower,0,23,18,0,41,0,6,26,0,32,0,29,44,0,73,48,0,48,121
10/18/2021,LEB,NH,ANE,EN,Federal Contract Tower,0,20,12,0,32,0,5,9,2,16,0,25,21,2,48,36,0,36,84
10/19/2021,LEB,NH,ANE,EN,Federal Contract Tower,0,19,19,0,38,0,6,31,0,37,0,25,50,0,75,12,0,12,87
10/20/2021,LEB,NH,ANE,EN,Federal Contract Tower,0,23,11,1,35,0,9,30,1,40,0,32,41,2,75,0,0,0,75
10/21/2021,LEB,NH,ANE,EN,Federal Contract Tower,0,21,14,0,35,0,9,35,0,44,0,30,49,0,79,38,0,38,117
10/22/2021,LEB,NH,ANE,EN,Federal Contract Tower,0,45,15,0,60,0,5,17,0,22,0,50,32,0,82,32,0,32,114
10/23/2021,LEB,NH,ANE,EN,Federal Contract Tower,0,22,12,0,34,0,7,38,0,45,0,29,50,0,79,38,0,38,117
10/24/2021,LEB,NH,ANE,EN,Federal Contract Tower,0,36,26,0,62,0,12,53,0,65,0,48,79,0,127,28,0,28,155
10/25/2021,LEB,NH,ANE,EN,Federal Contract Tower,0,16,8,0,24,0,1,2,0,3,0,17,10,0,27,0,0,0,27
10/26/2021,LEB,NH,ANE,EN,Federal Contract Tower,0,10,6,0,16,0,0,4,0,4,0,10,10,0,20,0,0,0,20
10/27/2021,LEB,NH,ANE,EN,Federal Contract Tower,0,10,12,0,22,0,0,3,0,3,0,10,15,0,25,6,0,6,31
10/28/2021,LEB,NH,ANE,EN,Federal Contract Tower,0,20,14,0,34,0,5,54,1,60,0,25,68,1,94,96,0,96,190
10/29/2021,LEB,NH,ANE,EN,Federal Contract Tower,0,20,3,0,23,0,2,31,0,33,0,22,34,0,56,46,0,46,102
10/30/2021,LEB,NH,ANE,EN,Federal Contract Tower,0,16,11,0,27,0,0,0,0,0,0,16,11,0,27,0,0,0,27
10/31/2021,LEB,NH,ANE,EN,Federal Contract Tower,0,18,10,0,28,0,2,8,0,10,0,20,18,0,38,6,0,6,44
11/01/2021,LEB,NH,ANE,EN,Federal Contract Tower,0,11,5,0,16,0,6,10,3,19,0,17,15,3,35,32,0,32,67
11/02/2021,LEB,NH,ANE,EN,Federal Contract Tower,0,11,4,0,15,0,8,22,4,34,0,19,26,4,49,20,0,20,69
11/03/2021,LEB,NH,ANE,EN,Federal Contract Tower,0,16,9,0,25,0,9,11,0,20,0,25,20,0,45,36,0,36,81
11/04/2021,LEB,NH,ANE,EN,Federal Contract Tower,0,18,8,0,26,0,5,11,0,16,0,23,19,0,42,14,0,14,56
11/05/2021,LEB,NH,ANE,EN,Federal Contract Tower,0,17,19,0,36,0,8,39,0,47,0,25,58,0,83,58,0,58,141
11/06/2021,LEB,NH,ANE,EN,Federal Contract Tower,0,19,20,1,40,0,14,60,1,75,0,33,80,2,115,42,0,42,157
11/07/2021,LEB,NH,ANE,EN,Federal Contract Tower,0,12,12,0,24,0,6,26,0,32,0,18,38,0,56,6,0,6,62
11/08/2021,LEB,NH,ANE,EN,Federal Contract Tower,0,15,6,2,23,0,5,29,2,36,0,20,35,4,59,20,0,20,79
11/09/2021,LEB,NH,ANE,EN,Federal Contract Tower,0,21,8,0,29,0,3,22,0,25,0,24,30,0,54,14,0,14,68
11/10/2021,LEB,NH,ANE,EN,Federal Contract Tower,0,17,16,0,33,0,4,31,0,35,0,21,47,0,68,10,0,10,78
11/11/2021,LEB,NH,ANE,EN,Federal Contract Tower,0,15,12,0,27,0,6,24,0,30,0,21,36,0,57,22,0,22,79
11/12/2021,LEB,NH,ANE,EN,Federal Contract Tower,0,12,7,0,19,0,0,0,0,0,0,12,7,0,19,0,0,0,19
11/13/2021,LEB,NH,ANE,EN,Federal Contract Tower,0,11,6,0,17,0,4,8,0,12,0,15,14,0,29,0,0,0,29
11/14/2021,LEB,NH,ANE,EN,Federal Contract Tower,0,22,10,0,32,0,7,23,0,30,0,29,33,0,62,82,0,82,144
11/15/2021,LEB,NH,ANE,EN,Federal Contract Tower,0,16,9,0,25,0,3,8,0,11,0,19,17,0,36,38,0,38,74
11/16/2021,LEB,NH,ANE,EN,Federal Contract Tower,0,14,11,0,25,0,5,11,1,17,0,19,22,1,42,10,8,18,60
11/17/2021,LEB,NH,ANE,EN,Federal Contract Tower,0,13,7,0,20,0,8,9,0,17,0,21,16,0,37,14,0,14,51
11/18/2021,LEB,NH,ANE,EN,Federal Contract Tower,0,22,6,0,28,0,5,14,0,19,0,27,20,0,47,16,0,16,63
11/19/2021,LEB,NH,ANE,EN,Federal Contract Tower,0,18,6,0,24,0,5,10,6,21,0,23,16,6,45,6,14,20,65
11/20/2021,LEB,NH,ANE,EN,Federal Contract Tower,0,9,12,0,21,0,13,35,0,48,0,22,47,0,69,4,0,4,73
11/21/2021,LEB,NH,ANE,EN,Federal Contract Tower,0,15,3,0,18,0,5,20,0,25,0,20,23,0,43,12,0,12,55
11/22/2021,LEB,NH,ANE,EN,Federal Contract Tower,0,22,6,2,30,0,3,10,0,13,0,25,16,2,43,0,4,4,47
11/23/2021,LEB,NH,ANE,EN,Federal Contract Tower,0,18,11,0,29,0,7,23,0,30,0,25,34,0,59,44,0,44,103
11/24/2021,LEB,NH,ANE,EN,Federal Contract Tower,0,7,11,0,18,0,6,44,2,52,0,13,55,2,70,14,0,14,84
11/25/2021,LEB,NH,ANE,EN,Federal Contract Tower,0,7,2,0,9,0,7,4,0,11,0,14,6,0,20,0,0,0,20
11/26/2021,LEB,NH,ANE,EN,Federal Contract Tower,0,11,2,0,13,0,0,0,0,0,0,11,2,0,13,0,0,0,13
11/27/2021,LEB,NH,ANE,EN,Federal Contract Tower,0,13,4,0,17,0,1,1,0,2,0,14,5,0,19,2,0,2,21
11/28/2021,LEB,NH,ANE,EN,Federal Contract Tower,0,9,14,0,23,0,6,37,0,43,0,15,51,0,66,34,0,34,100
11/29/2021,LEB,NH,ANE,EN,Federal Contract Tower,0,15,8,0,23,0,4,14,0,18,0,19,22,0,41,12,0,12,53
11/30/2021,LEB,NH,ANE,EN,Federal Contract Tower,0,11,7,2,20,0,5,10,0,15,0,16,17,2,35,52,0,52,87
12/01/2021,LEB,NH,ANE,EN,Federal Contract Tower,0,12,6,0,18,0,5,9,0,14,0,17,15,0,32,0,0,0,32
12/02/2021,LEB,NH,ANE,EN,Federal Contract Tower,0,15,3,0,18,0,0,0,0,0,0,15,3,0,18,0,0,0,18
12/03/2021,LEB,NH,ANE,EN,Federal Contract Tower,0,14,4,0,18,0,3,9,0,12,0,17,13,0,30,6,2,8,38
12/04/2021,LEB,NH,ANE,EN,Federal Contract Tower,0,11,5,0,16,0,3,16,2,21,0,14,21,2,37,34,0,34,71
12/05/2021,LEB,NH,ANE,EN,Federal Contract Tower,0,17,4,0,21,0,7,29,0,36,0,24,33,0,57,28,0,28,85
12/06/2021,LEB,NH,ANE,EN,Federal Contract Tower,0,12,2,0,14,0,0,0,0,0,0,12,2,0,14,0,0,0,14
12/07/2021,LEB,NH,ANE,EN,Federal Contract Tower,0,9,7,0,16,0,14,9,0,23,0,23,16,0,39,8,6,14,53
12/08/2021,LEB,NH,ANE,EN,Federal Contract Tower,0,17,1,0,18,0,0,1,0,1,0,17,2,0,19,0,0,0,19
12/09/2021,LEB,NH,ANE,EN,Federal Contract Tower,0,14,9,0,23,0,2,26,0,28,0,16,35,0,51,34,0,34,85
12/10/2021,LEB,NH,ANE,EN,Federal Contract Tower,0,17,11,0,28,0,4,23,0,27,0,21,34,0,55,44,0,44,99
12/11/2021,LEB,NH,ANE,EN,Federal Contract Tower,0,15,2,0,17,0,0,0,0,0,0,15,2,0,17,0,0,0,17
12/12/2021,LEB,NH,ANE,EN,Federal Contract Tower,0,18,12,0,30,0,7,13,0,20,0,25,25,0,50,18,0,18,68
12/13/2021,LEB,NH,ANE,EN,Federal Contract Tower,0,14,5,0,19,0,9,8,0,17,0,23,13,0,36,0,0,0,36
12/14/2021,LEB,NH,ANE,EN,Federal Contract Tower,0,8,12,0,20,0,9,29,3,41,0,17,41,3,61,18,0,18,79
12/15/2021,LEB,NH,ANE,EN,Federal Contract Tower,0,13,28,0,41,0,7,20,2,29,0,20,48,2,70,22,0,22,92
12/16/2021,LEB,NH,ANE,EN,Federal Contract Tower,0,10,13,0,23,0,4,9,0,13,0,14,22,0,36,0,0,0,36
12/17/2021,LEB,NH,ANE,EN,Federal Contract Tower,0,9,13,0,22,0,7,26,0,33,0,16,39,0,55,14,0,14,69
12/18/2021,LEB,NH,ANE,EN,Federal Contract Tower,0,3,4,0,7,0,1,3,0,4,0,4,7,0,11,0,0,0,11
12/20/2021,LEB,NH,ANE,EN,Federal Contract Tower,0,12,11,0,23,0,6,15,0,21,0,18,26,0,44,6,0,6,50
12/22/2021,LEB,NH,ANE,EN,Federal Contract Tower,0,20,12,0,32,0,0,1,0,1,0,20,13,0,33,6,0,6,39
12/23/2021,LEB,NH,ANE,EN,Federal Contract Tower,0,14,19,0,33,0,13,21,2,36,0,27,40,2,69,4,0,4,73
12/24/2021,LEB,NH,ANE,EN,Federal Contract Tower,0,17,1,0,18,0,0,25,0,25,0,17,26,0,43,9,0,9,52
12/25/2021,LEB,NH,ANE,EN,Federal Contract Tower,0,0,0,0,0,0,0,0,0,0,0,0,0,0,0,0,0,0,0
12/26/2021,LEB,NH,ANE,EN,Federal Contract Tower,0,0,0,0,0,0,0,0,0,0,0,0,0,0,0,0,0,0,0
12/27/2021,LEB,NH,ANE,EN,Federal Contract Tower,0,0,0,0,0,0,0,0,0,0,0,0,0,0,0,0,0,0,0
12/29/2021,LEB,NH,ANE,EN,Federal Contract Tower,0,8,11,0,19,0,0,0,0,0,0,8,11,0,19,0,0,0,19
12/30/2021,LEB,NH,ANE,EN,Federal Contract Tower,0,10,3,0,13,0,0,0,0,0,0,10,3,0,13,0,0,0,13
12/31/2021,LEB,NH,ANE,EN,Federal Contract Tower,0,11,1,0,12,0,0,0,0,0,0,11,1,0,12,0,0,0,12
01/01/2022,LEB,NH,ANE,EN,Federal Contract Tower,0,8,0,0,8,0,0,0,0,0,0,8,0,0,8,0,0,0,8
01/02/2022,LEB,NH,ANE,EN,Federal Contract Tower,0,18,5,0,23,0,0,0,0,0,0,18,5,0,23,0,0,0,23
01/03/2022,LEB,NH,ANE,EN,Federal Contract Tower,0,15,13,0,28,0,3,10,0,13,0,18,23,0,41,8,0,8,49
01/04/2022,LEB,NH,ANE,EN,Federal Contract Tower,0,11,18,0,29,0,6,33,0,39,0,17,51,0,68,34,0,34,102
01/05/2022,LEB,NH,ANE,EN,Federal Contract Tower,0,14,2,0,16,0,2,5,0,7,0,16,7,0,23,0,0,0,23
01/06/2022,LEB,NH,ANE,EN,Federal Contract Tower,0,14,0,0,14,0,0,3,0,3,0,14,3,0,17,4,0,4,21
01/07/2022,LEB,NH,ANE,EN,Federal Contract Tower,0,3,1,0,4,0,0,0,0,0,0,3,1,0,4,0,0,0,4
01/08/2022,LEB,NH,ANE,EN,Federal Contract Tower,0,17,8,1,26,0,6,29,2,37,0,23,37,3,63,32,0,32,95
01/09/2022,LEB,NH,ANE,EN,Federal Contract Tower,0,7,5,0,12,0,0,0,0,0,0,7,5,0,12,0,0,0,12
01/10/2022,LEB,NH,ANE,EN,Federal Contract Tower,0,16,3,0,19,0,5,6,0,11,0,21,9,0,30,0,0,0,30
01/11/2022,LEB,NH,ANE,EN,Federal Contract Tower,0,7,4,0,11,0,7,13,0,20,0,14,17,0,31,2,0,2,33
01/12/2022,LEB,NH,ANE,EN,Federal Contract Tower,0,9,9,0,18,0,7,17,0,24,0,16,26,0,42,4,0,4,46
01/13/2022,LEB,NH,ANE,EN,Federal Contract Tower,0,14,6,0,20,0,0,12,0,12,0,14,18,0,32,4,0,4,36
01/14/2022,LEB,NH,ANE,EN,Federal Contract Tower,0,15,3,0,18,0,1,0,0,1,0,16,3,0,19,0,0,0,19
01/15/2022,LEB,NH,ANE,EN,Federal Contract Tower,0,16,6,0,22,0,4,4,0,8,0,20,10,0,30,0,0,0,30
01/16/2022,LEB,NH,ANE,EN,Federal Contract Tower,0,13,7,0,20,0,2,22,0,24,0,15,29,0,44,36,0,36,80
01/17/2022,LEB,NH,ANE,EN,Federal Contract Tower,0,6,2,0,8,0,0,0,0,0,0,6,2,0,8,0,0,0,8
01/18/2022,LEB,NH,ANE,EN,Federal Contract Tower,0,15,7,0,22,0,1,2,0,3,0,16,9,0,25,0,0,0,25
01/19/2022,LEB,NH,ANE,EN,Federal Contract Tower,0,17,8,0,25,0,6,5,0,11,0,23,13,0,36,10,0,10,46
01/20/2022,LEB,NH,ANE,EN,Federal Contract Tower,0,14,12,0,26,0,7,7,0,14,0,21,19,0,40,0,0,0,40
01/21/2022,LEB,NH,ANE,EN,Federal Contract Tower,0,14,6,2,22,0,8,12,0,20,0,22,18,2,42,24,0,24,66
01/22/2022,LEB,NH,ANE,EN,Federal Contract Tower,0,13,16,0,29,0,2,17,0,19,0,15,33,0,48,14,0,14,62
01/23/2022,LEB,NH,ANE,EN,Federal Contract Tower,0,14,3,0,17,0,9,11,0,20,0,23,14,0,37,28,0,28,65
01/24/2022,LEB,NH,ANE,EN,Federal Contract Tower,0,19,10,0,29,0,3,12,0,15,0,22,22,0,44,34,0,34,78
01/25/2022,LEB,NH,ANE,EN,Federal Contract Tower,0,13,5,0,18,0,1,2,0,3,0,14,7,0,21,10,0,10,31
01/26/2022,LEB,NH,ANE,EN,Federal Contract Tower,0,8,4,0,12,0,4,9,2,15,0,12,13,2,27,2,0,2,29
01/27/2022,LEB,NH,ANE,EN,Federal Contract Tower,0,8,5,0,13,0,5,10,0,15,0,13,15,0,28,16,0,16,44
01/28/2022,LEB,NH,ANE,EN,Federal Contract Tower,0,19,9,0,28,0,1,12,0,13,0,20,21,0,41,32,0,32,73
01/29/2022,LEB,NH,ANE,EN,Federal Contract Tower,0,4,0,0,4,0,0,0,0,0,0,4,0,0,4,0,0,0,4
01/30/2022,LEB,NH,ANE,EN,Federal Contract Tower,0,10,6,0,16,0,3,16,0,19,0,13,22,0,35,0,0,0,35
01/31/2022,LEB,NH,ANE,EN,Federal Contract Tower,0,18,4,1,23,0,8,16,1,25,0,26,20,2,48,16,0,16,64
02/01/2022,LEB,NH,ANE,EN,Federal Contract Tower,0,9,5,0,14,0,9,16,0,25,0,18,21,0,39,16,0,16,55
02/02/2022,LEB,NH,ANE,EN,Federal Contract Tower,0,19,8,0,27,0,3,5,0,8,0,22,13,0,35,8,0,8,43
02/03/2022,LEB,NH,ANE,EN,Federal Contract Tower,0,12,6,0,18,0,0,0,0,0,0,12,6,0,18,0,0,0,18
02/04/2022,LEB,NH,ANE,EN,Federal Contract Tower,0,0,2,0,2,0,0,0,0,0,0,0,2,0,2,0,0,0,2
02/05/2022,LEB,NH,ANE,EN,Federal Contract Tower,0,12,2,0,14,0,3,3,0,6,0,15,5,0,20,0,0,0,20
02/06/2022,LEB,NH,ANE,EN,Federal Contract Tower,0,8,5,0,13,0,6,32,0,38,0,14,37,0,51,44,0,44,95
02/07/2022,LEB,NH,ANE,EN,Federal Contract Tower,0,15,5,0,20,0,0,2,0,2,0,15,7,0,22,22,0,22,44
02/08/2022,LEB,NH,ANE,EN,Federal Contract Tower,0,13,2,0,15,0,3,1,0,4,0,16,3,0,19,14,0,14,33
02/09/2022,LEB,NH,ANE,EN,Federal Contract Tower,0,16,7,0,23,0,8,43,0,51,0,24,50,0,74,60,0,60,134
02/10/2022,LEB,NH,ANE,EN,Federal Contract Tower,0,18,2,0,20,0,0,0,0,0,0,18,2,0,20,0,0,0,20
02/11/2022,LEB,NH,ANE,EN,Federal Contract Tower,0,17,19,1,37,0,6,20,2,28,0,23,39,3,65,0,0,0,65
02/12/2022,LEB,NH,ANE,EN,Federal Contract Tower,0,14,2,0,16,0,7,18,0,25,0,21,20,0,41,0,0,0,41
02/13/2022,LEB,NH,ANE,EN,Federal Contract Tower,0,16,12,0,28,0,8,19,0,27,0,24,31,0,55,20,0,20,75
02/14/2022,LEB,NH,ANE,EN,Federal Contract Tower,0,17,6,0,23,0,4,25,0,29,0,21,31,0,52,16,0,16,68
02/15/2022,LEB,NH,ANE,EN,Federal Contract Tower,0,16,5,0,21,0,4,7,0,11,0,20,12,0,32,30,0,30,62
02/16/2022,LEB,NH,ANE,EN,Federal Contract Tower,0,13,3,0,16,0,9,7,2,18,0,22,10,2,34,0,2,2,36
02/17/2022,LEB,NH,ANE,EN,Federal Contract Tower,0,15,2,0,17,0,3,2,0,5,0,18,4,0,22,2,0,2,24
02/18/2022,LEB,NH,ANE,EN,Federal Contract Tower,0,16,10,0,26,0,2,8,0,10,0,18,18,0,36,0,0,0,36
02/19/2022,LEB,NH,ANE,EN,Federal Contract Tower,0,16,6,0,22,0,0,0,0,0,0,16,6,0,22,0,0,0,22
02/20/2022,LEB,NH,ANE,EN,Federal Contract Tower,0,24,5,0,29,0,6,28,0,34,0,30,33,0,63,14,0,14,77
02/21/2022,LEB,NH,ANE,EN,Federal Contract Tower,0,18,12,0,30,0,13,33,2,48,0,31,45,2,78,22,0,22,100
02/22/2022,LEB,NH,ANE,EN,Federal Contract Tower,0,16,7,0,23,0,2,3,0,5,0,18,10,0,28,0,0,0,28
02/23/2022,LEB,NH,ANE,EN,Federal Contract Tower,0,12,5,0,17,0,2,4,0,6,0,14,9,0,23,28,0,28,51
02/24/2022,LEB,NH,ANE,EN,Federal Contract Tower,0,19,15,0,34,0,7,23,0,30,0,26,38,0,64,24,0,24,88
02/25/2022,LEB,NH,ANE,EN,Federal Contract Tower,0,0,0,0,0,0,0,0,0,0,0,0,0,0,0,0,0,0,0
02/26/2022,LEB,NH,ANE,EN,Federal Contract Tower,0,16,7,2,25,0,4,15,0,19,0,20,22,2,44,0,2,2,46
02/27/2022,LEB,NH,ANE,EN,Federal Contract Tower,0,23,8,0,31,0,3,6,0,9,0,26,14,0,40,36,0,36,76
02/28/2022,LEB,NH,ANE,EN,Federal Contract Tower,0,17,9,0,26,0,6,8,0,14,0,23,17,0,40,6,0,6,46
03/01/2022,LEB,NH,ANE,EN,Federal Contract Tower,0,12,6,0,18,0,2,5,0,7,0,14,11,0,25,36,0,36,61
03/02/2022,LEB,NH,ANE,EN,Federal Contract Tower,0,13,12,0,25,0,7,22,2,31,0,20,34,2,56,18,0,18,74
03/03/2022,LEB,NH,ANE,EN,Federal Contract Tower,0,24,15,0,39,0,7,8,0,15,0,31,23,0,54,42,0,42,96
03/04/2022,LEB,NH,ANE,EN,Federal Contract Tower,0,16,10,2,28,0,10,42,1,53,0,26,52,3,81,64,16,80,161
03/05/2022,LEB,NH,ANE,EN,Federal Contract Tower,0,21,16,1,38,0,9,26,2,37,0,30,42,3,75,28,0,28,103
03/06/2022,LEB,NH,ANE,EN,Federal Contract Tower,0,19,10,0,29,0,1,1,0,2,0,20,11,0,31,0,0,0,31
03/07/2022,LEB,NH,ANE,EN,Federal Contract Tower,0,14,5,0,19,0,3,3,0,6,0,17,8,0,25,0,0,0,25
03/08/2022,LEB,NH,ANE,EN,Federal Contract Tower,0,12,2,0,14,0,5,12,0,17,0,17,14,0,31,20,0,20,51
03/09/2022,LEB,NH,ANE,EN,Federal Contract Tower,0,10,4,0,14,0,0,13,8,21,0,10,17,8,35,14,0,14,49
03/10/2022,LEB,NH,ANE,EN,Federal Contract Tower,0,20,23,0,43,0,4,22,0,26,0,24,45,0,69,18,0,18,87
03/11/2022,LEB,NH,ANE,EN,Federal Contract Tower,0,11,2,0,13,0,7,24,0,31,0,18,26,0,44,30,0,30,74
03/12/2022,LEB,NH,ANE,EN,Federal Contract Tower,0,1,0,0,1,0,0,0,0,0,0,1,0,0,1,0,0,0,1
03/13/2022,LEB,NH,ANE,EN,Federal Contract Tower,0,13,6,0,19,0,6,3,0,9,0,19,9,0,28,0,0,0,28
03/14/2022,LEB,NH,ANE,EN,Federal Contract Tower,0,14,11,0,25,0,5,21,0,26,0,19,32,0,51,12,0,12,63
03/15/2022,LEB,NH,ANE,EN,Federal Contract Tower,0,10,5,0,15,0,2,11,0,13,0,12,16,0,28,6,0,6,34
03/16/2022,LEB,NH,ANE,EN,Federal Contract Tower,0,5,4,0,9,0,5,26,2,33,0,10,30,2,42,6,2,8,50
03/17/2022,LEB,NH,ANE,EN,Federal Contract Tower,0,14,13,0,27,0,1,3,0,4,0,15,16,0,31,6,0,6,37
03/18/2022,LEB,NH,ANE,EN,Federal Contract Tower,0,13,7,0,20,0,8,35,0,43,0,21,42,0,63,54,0,54,117
03/19/2022,LEB,NH,ANE,EN,Federal Contract Tower,0,12,10,0,22,0,0,0,0,0,0,12,10,0,22,0,0,0,22
03/20/2022,LEB,NH,ANE,EN,Federal Contract Tower,0,16,2,0,18,0,2,0,2,4,0,18,2,2,22,0,0,0,22
03/21/2022,LEB,NH,ANE,EN,Federal Contract Tower,0,13,1,0,14,0,6,16,0,22,0,19,17,0,36,12,0,12,48
03/22/2022,LEB,NH,ANE,EN,Federal Contract Tower,0,4,5,1,10,0,7,10,1,18,0,11,15,2,28,44,0,44,72
03/23/2022,LEB,NH,ANE,EN,Federal Contract Tower,0,9,13,0,22,0,12,37,0,49,0,21,50,0,71,74,0,74,145
03/24/2022,LEB,NH,ANE,EN,Federal Contract Tower,0,12,0,0,12,0,0,0,0,0,0,12,0,0,12,0,0,0,12
03/25/2022,LEB,NH,ANE,EN,Federal Contract Tower,0,14,4,0,18,0,2,9,0,11,0,16,13,0,29,12,0,12,41
03/26/2022,LEB,NH,ANE,EN,Federal Contract Tower,0,11,10,1,22,0,2,33,0,35,0,13,43,1,57,110,0,110,167
03/27/2022,LEB,NH,ANE,EN,Federal Contract Tower,0,14,12,0,26,0,1,8,0,9,0,15,20,0,35,6,0,6,41
03/28/2022,LEB,NH,ANE,EN,Federal Contract Tower,0,17,6,0,23,0,0,2,0,2,0,17,8,0,25,0,0,0,25
03/29/2022,LEB,NH,ANE,EN,Federal Contract Tower,0,9,5,0,14,0,5,20,0,25,0,14,25,0,39,20,0,20,59
03/30/2022,LEB,NH,ANE,EN,Federal Contract Tower,0,7,9,0,16,0,10,34,0,44,0,17,43,0,60,78,0,78,138
03/31/2022,LEB,NH,ANE,EN,Federal Contract Tower,0,20,7,0,27,0,1,2,0,3,0,21,9,0,30,0,0,0,30
04/01/2022,LEB,NH,ANE,EN,Federal Contract Tower,0,17,9,0,26,0,0,4,0,4,0,17,13,0,30,34,0,34,64
04/02/2022,LEB,NH,ANE,EN,Federal Contract Tower,0,7,6,0,13,0,5,25,0,30,0,12,31,0,43,36,0,36,79
04/03/2022,LEB,NH,ANE,EN,Federal Contract Tower,0,23,3,0,26,0,6,13,0,19,0,29,16,0,45,44,0,44,89
04/04/2022,LEB,NH,ANE,EN,Federal Contract Tower,0,14,2,0,16,0,16,17,0,33,0,30,19,0,49,64,0,64,113
04/05/2022,LEB,NH,ANE,EN,Federal Contract Tower,0,14,14,0,28,0,11,34,2,47,0,25,48,2,75,134,0,134,209
04/06/2022,LEB,NH,ANE,EN,Federal Contract Tower,0,20,11,1,32,0,4,24,1,29,0,24,35,2,61,20,0,20,81
04/07/2022,LEB,NH,ANE,EN,Federal Contract Tower,0,38,7,0,45,0,1,8,0,9,0,39,15,0,54,20,0,20,74
04/08/2022,LEB,NH,ANE,EN,Federal Contract Tower,0,13,14,0,27,0,2,3,0,5,0,15,17,0,32,4,0,4,36
04/09/2022,LEB,NH,ANE,EN,Federal Contract Tower,0,24,10,0,34,0,0,0,0,0,0,24,10,0,34,0,0,0,34
04/10/2022,LEB,NH,ANE,EN,Federal Contract Tower,0,17,6,0,23,0,2,11,0,13,0,19,17,0,36,2,0,2,38
04/11/2022,LEB,NH,ANE,EN,Federal Contract Tower,0,7,3,0,10,0,13,42,0,55,0,20,45,0,65,34,0,34,99
04/12/2022,LEB,NH,ANE,EN,Federal Contract Tower,0,10,14,0,24,0,6,21,0,27,0,16,35,0,51,110,0,110,161
04/13/2022,LEB,NH,ANE,EN,Federal Contract Tower,0,13,8,0,21,0,7,18,4,29,0,20,26,4,50,56,0,56,106
04/14/2022,LEB,NH,ANE,EN,Federal Contract Tower,0,18,9,0,27,0,4,15,0,19,0,22,24,0,46,36,0,36,82
04/15/2022,LEB,NH,ANE,EN,Federal Contract Tower,0,31,14,1,46,0,10,58,6,74,0,41,72,7,120,72,0,72,192
04/16/2022,LEB,NH,ANE,EN,Federal Contract Tower,0,18,15,0,33,0,2,7,0,9,0,20,22,0,42,0,0,0,42
04/17/2022,LEB,NH,ANE,EN,Federal Contract Tower,0,20,7,0,27,0,1,1,0,2,0,21,8,0,29,2,0,2,31
04/18/2022,LEB,NH,ANE,EN,Federal Contract Tower,0,17,9,0,26,0,6,37,0,43,0,23,46,0,69,16,0,16,85
04/19/2022,LEB,NH,ANE,EN,Federal Contract Tower,0,21,5,0,26,0,1,2,0,3,0,22,7,0,29,0,0,0,29
04/20/2022,LEB,NH,ANE,EN,Federal Contract Tower,0,15,5,0,20,0,7,12,0,19,0,22,17,0,39,8,0,8,47
04/21/2022,LEB,NH,ANE,EN,Federal Contract Tower,0,29,9,0,38,0,4,25,2,31,0,33,34,2,69,12,0,12,81
04/22/2022,LEB,NH,ANE,EN,Federal Contract Tower,0,22,10,0,32,0,4,5,0,9,0,26,15,0,41,4,0,4,45
04/23/2022,LEB,NH,ANE,EN,Federal Contract Tower,0,21,8,1,30,0,4,41,1,46,0,25,49,2,76,12,0,12,88
04/24/2022,LEB,NH,ANE,EN,Federal Contract Tower,0,11,11,0,22,0,10,41,3,54,0,21,52,3,76,20,0,20,96
04/25/2022,LEB,NH,ANE,EN,Federal Contract Tower,0,12,4,0,16,0,6,24,0,30,0,18,28,0,46,0,0,0,46
04/26/2022,LEB,NH,ANE,EN,Federal Contract Tower,0,19,8,0,27,0,0,21,0,21,0,19,29,0,48,36,0,36,84
04/27/2022,LEB,NH,ANE,EN,Federal Contract Tower,0,19,10,0,29,0,2,5,0,7,0,21,15,0,36,18,0,18,54
04/28/2022,LEB,NH,ANE,EN,Federal Contract Tower,0,21,5,0,26,0,2,7,1,10,0,23,12,1,36,2,2,4,40
04/29/2022,LEB,NH,ANE,EN,Federal Contract Tower,0,21,8,0,29,0,13,18,0,31,0,34,26,0,60,4,0,4,64
04/30/2022,LEB,NH,ANE,EN,Federal Contract Tower,0,15,21,0,36,0,17,15,0,32,0,32,36,0,68,14,0,14,82
05/01/2022,LEB,NH,ANE,EN,Federal Contract Tower,0,14,19,0,33,0,8,81,0,89,0,22,100,0,122,52,0,52,174
05/02/2022,LEB,NH,ANE,EN,Federal Contract Tower,0,14,10,0,24,0,11,10,0,21,0,25,20,0,45,6,4,10,55
05/03/2022,LEB,NH,ANE,EN,Federal Contract Tower,0,14,3,0,17,0,1,4,0,5,0,15,7,0,22,0,0,0,22
05/04/2022,LEB,NH,ANE,EN,Federal Contract Tower,0,25,9,0,34,0,0,0,0,0,0,25,9,0,34,0,0,0,34
05/05/2022,LEB,NH,ANE,EN,Federal Contract Tower,0,18,15,0,33,0,14,35,4,53,0,32,50,4,86,42,0,42,128
05/06/2022,LEB,NH,ANE,EN,Federal Contract Tower,0,13,12,0,25,0,11,36,0,47,0,24,48,0,72,32,0,32,104
05/07/2022,LEB,NH,ANE,EN,Federal Contract Tower,0,13,8,1,22,0,10,15,5,30,0,23,23,6,52,0,0,0,52
05/08/2022,LEB,NH,ANE,EN,Federal Contract Tower,0,17,15,0,32,0,9,50,0,59,0,26,65,0,91,22,0,22,113
05/09/2022,LEB,NH,ANE,EN,Federal Contract Tower,0,27,4,0,31,0,7,45,0,52,0,34,49,0,83,46,0,46,129
05/10/2022,LEB,NH,ANE,EN,Federal Contract Tower,0,21,4,0,25,0,9,41,0,50,0,30,45,0,75,28,0,28,103
05/11/2022,LEB,NH,ANE,EN,Federal Contract Tower,0,14,9,0,23,0,8,50,0,58,0,22,59,0,81,48,0,48,129
05/12/2022,LEB,NH,ANE,EN,Federal Contract Tower,0,22,5,0,27,0,3,31,1,35,0,25,36,1,62,6,0,6,68
05/13/2022,LEB,NH,ANE,EN,Federal Contract Tower,0,20,19,0,39,0,10,31,3,44,0,30,50,3,83,34,0,34,117
05/14/2022,LEB,NH,ANE,EN,Federal Contract Tower,0,18,15,0,33,0,13,32,0,45,0,31,47,0,78,22,0,22,100
05/15/2022,LEB,NH,ANE,EN,Federal Contract Tower,0,18,13,0,31,0,1,0,0,1,0,19,13,0,32,0,0,0,32
05/16/2022,LEB,NH,ANE,EN,Federal Contract Tower,0,13,12,0,25,0,3,9,0,12,0,16,21,0,37,0,0,0,37
05/17/2022,LEB,NH,ANE,EN,Federal Contract Tower,0,12,10,0,22,0,7,15,0,22,0,19,25,0,44,10,0,10,54
05/18/2022,LEB,NH,ANE,EN,Federal Contract Tower,0,4,5,0,9,0,11,24,0,35,0,15,29,0,44,2,0,2,46
05/19/2022,LEB,NH,ANE,EN,Federal Contract Tower,0,22,12,0,34,0,0,7,0,7,0,22,19,0,41,36,0,36,77
05/20/2022,LEB,NH,ANE,EN,Federal Contract Tower,0,15,12,0,27,0,4,61,0,65,0,19,73,0,92,54,0,54,146
05/21/2022,LEB,NH,ANE,EN,Federal Contract Tower,0,20,9,0,29,0,6,26,0,32,0,26,35,0,61,10,0,10,71
05/22/2022,LEB,NH,ANE,EN,Federal Contract Tower,0,19,9,0,28,0,12,18,0,30,0,31,27,0,58,30,0,30,88
05/23/2022,LEB,NH,ANE,EN,Federal Contract Tower,0,9,7,1,17,0,8,41,0,49,0,17,48,1,66,48,0,48,114
05/24/2022,LEB,NH,ANE,EN,Federal Contract Tower,0,15,24,0,39,0,23,26,0,49,0,38,50,0,88,0,0,0,88
05/25/2022,LEB,NH,ANE,EN,Federal Contract Tower,0,12,10,0,22,0,4,29,0,33,0,16,39,0,55,32,0,32,87
05/26/2022,LEB,NH,ANE,EN,Federal Contract Tower,0,17,12,0,29,0,8,10,0,18,0,25,22,0,47,8,0,8,55
05/27/2022,LEB,NH,ANE,EN,Federal Contract Tower,0,15,13,0,28,0,2,13,0,15,0,17,26,0,43,14,0,14,57
05/28/2022,LEB,NH,ANE,EN,Federal Contract Tower,0,9,15,0,24,0,7,0,0,7,0,16,15,0,31,0,0,0,31
05/29/2022,LEB,NH,ANE,EN,Federal Contract Tower,0,10,14,1,25,0,19,38,0,57,0,29,52,1,82,46,0,46,128
05/30/2022,LEB,NH,ANE,EN,Federal Contract Tower,0,11,10,0,21,0,15,48,0,63,0,26,58,0,84,4,0,4,88
05/31/2022,LEB,NH,ANE,EN,Federal Contract Tower,0,15,16,0,31,0,10,17,0,27,0,25,33,0,58,42,0,42,100
06/01/2022,LEB,NH,ANE,EN,Federal Contract Tower,0,13,15,0,28,0,0,0,0,0,0,13,15,0,28,0,0,0,28
06/02/2022,LEB,NH,ANE,EN,Federal Contract Tower,0,13,12,2,27,0,1,10,0,11,0,14,22,2,38,30,0,30,68
06/03/2022,LEB,NH,ANE,EN,Federal Contract Tower,0,26,10,0,36,0,2,0,0,2,0,28,10,0,38,0,0,0,38
06/04/2022,LEB,NH,ANE,EN,Federal Contract Tower,0,26,13,0,39,0,11,30,0,41,0,37,43,0,80,0,0,0,80
06/05/2022,LEB,NH,ANE,EN,Federal Contract Tower,0,18,15,0,33,0,7,72,0,79,0,25,87,0,112,20,0,20,132
06/06/2022,LEB,NH,ANE,EN,Federal Contract Tower,0,16,8,0,24,0,8,35,0,43,0,24,43,0,67,30,0,30,97
06/07/2022,LEB,NH,ANE,EN,Federal Contract Tower,0,9,5,0,14,0,10,14,0,24,0,19,19,0,38,10,0,10,48
06/08/2022,LEB,NH,ANE,EN,Federal Contract Tower,0,16,11,0,27,0,4,0,0,4,0,20,11,0,31,14,0,14,45
06/09/2022,LEB,NH,ANE,EN,Federal Contract Tower,0,27,19,0,46,0,3,1,0,4,0,30,20,0,50,0,0,0,50
06/10/2022,LEB,NH,ANE,EN,Federal Contract Tower,0,33,20,0,53,0,7,56,0,63,0,40,76,0,116,28,0,28,144
06/11/2022,LEB,NH,ANE,EN,Federal Contract Tower,0,25,15,0,40,0,11,50,0,61,0,36,65,0,101,6,0,6,107
06/12/2022,LEB,NH,ANE,EN,Federal Contract Tower,0,69,14,0,83,0,16,44,0,60,0,85,58,0,143,28,0,28,171
06/13/2022,LEB,NH,ANE,EN,Federal Contract Tower,0,18,17,1,36,0,10,39,0,49,0,28,56,1,85,56,0,56,141
06/14/2022,LEB,NH,ANE,EN,Federal Contract Tower,0,18,16,0,34,0,8,39,0,47,0,26,55,0,81,62,0,62,143
06/15/2022,LEB,NH,ANE,EN,Federal Contract Tower,0,17,9,0,26,0,6,45,4,55,0,23,54,4,81,52,0,52,133
06/16/2022,LEB,NH,ANE,EN,Federal Contract Tower,0,19,13,2,34,0,5,13,0,18,0,24,26,2,52,14,0,14,66
06/17/2022,LEB,NH,ANE,EN,Federal Contract Tower,0,24,11,0,35,0,6,19,0,25,0,30,30,0,60,8,0,8,68
06/18/2022,LEB,NH,ANE,EN,Federal Contract Tower,0,16,12,0,28,0,2,2,0,4,0,18,14,0,32,0,0,0,32
06/19/2022,LEB,NH,ANE,EN,Federal Contract Tower,0,20,15,0,35,0,6,18,0,24,0,26,33,0,59,0,0,0,59
06/20/2022,LEB,NH,ANE,EN,Federal Contract Tower,0,17,8,1,26,0,12,32,0,44,0,29,40,1,70,30,0,30,100
06/21/2022,LEB,NH,ANE,EN,Federal Contract Tower,0,8,9,2,19,0,7,19,1,27,0,15,28,3,46,40,0,40,86
06/22/2022,LEB,NH,ANE,EN,Federal Contract Tower,0,30,12,0,42,0,4,28,0,32,0,34,40,0,74,34,0,34,108
06/23/2022,LEB,NH,ANE,EN,Federal Contract Tower,0,25,9,0,34,0,4,10,0,14,0,29,19,0,48,32,0,32,80
06/24/2022,LEB,NH,ANE,EN,Federal Contract Tower,0,20,20,0,40,0,8,16,0,24,0,28,36,0,64,18,0,18,82
06/25/2022,LEB,NH,ANE,EN,Federal Contract Tower,0,22,15,0,37,0,8,45,0,53,0,30,60,0,90,48,0,48,138
06/26/2022,LEB,NH,ANE,EN,Federal Contract Tower,0,27,11,0,38,0,11,54,2,67,0,38,65,2,105,4,0,4,109
06/27/2022,LEB,NH,ANE,EN,Federal Contract Tower,0,17,14,0,31,0,4,28,0,32,0,21,42,0,63,38,0,38,101
06/28/2022,LEB,NH,ANE,EN,Federal Contract Tower,0,8,6,0,14,0,8,36,0,44,0,16,42,0,58,30,0,30,88
06/29/2022,LEB,NH,ANE,EN,Federal Contract Tower,0,14,11,0,25,0,10,31,0,41,0,24,42,0,66,18,0,18,84
06/30/2022,LEB,NH,ANE,EN,Federal Contract Tower,0,12,7,0,19,0,7,36,0,43,0,19,43,0,62,32,0,32,94
07/01/2022,LEB,NH,ANE,EN,Federal Contract Tower,0,10,16,0,26,0,12,36,0,48,0,22,52,0,74,32,0,32,106
07/02/2022,LEB,NH,ANE,EN,Federal Contract Tower,0,19,8,0,27,0,9,19,0,28,0,28,27,0,55,40,0,40,95
07/03/2022,LEB,NH,ANE,EN,Federal Contract Tower,0,9,8,0,17,0,12,28,0,40,0,21,36,0,57,2,0,2,59
07/04/2022,LEB,NH,ANE,EN,Federal Contract Tower,0,9,8,0,17,0,12,44,0,56,0,21,52,0,73,24,0,24,97
07/05/2022,LEB,NH,ANE,EN,Federal Contract Tower,0,15,20,0,35,0,6,26,0,32,0,21,46,0,67,44,0,44,111
07/06/2022,LEB,NH,ANE,EN,Federal Contract Tower,0,16,15,1,32,0,7,16,0,23,0,23,31,1,55,44,0,44,99
07/07/2022,LEB,NH,ANE,EN,Federal Contract Tower,0,11,15,2,28,0,9,21,0,30,0,20,36,2,58,32,0,32,90
07/08/2022,LEB,NH,ANE,EN,Federal Contract Tower,0,9,12,0,21,0,13,31,0,44,0,22,43,0,65,12,0,12,77
07/09/2022,LEB,NH,ANE,EN,Federal Contract Tower,0,16,10,0,26,0,13,69,0,82,0,29,79,0,108,22,0,22,130
07/10/2022,LEB,NH,ANE,EN,Federal Contract Tower,0,13,17,0,30,0,10,52,0,62,0,23,69,0,92,16,0,16,108
07/11/2022,LEB,NH,ANE,EN,Federal Contract Tower,0,22,9,0,31,0,14,61,0,75,0,36,70,0,106,34,0,34,140
07/12/2022,LEB,NH,ANE,EN,Federal Contract Tower,0,6,6,0,12,0,3,5,0,8,0,9,11,0,20,0,0,0,20
07/13/2022,LEB,NH,ANE,EN,Federal Contract Tower,0,12,6,1,19,0,9,25,1,35,0,21,31,2,54,6,0,6,60
07/14/2022,LEB,NH,ANE,EN,Federal Contract Tower,0,12,16,0,28,0,4,17,0,21,0,16,33,0,49,22,0,22,71
07/15/2022,LEB,NH,ANE,EN,Federal Contract Tower,0,16,12,0,28,0,6,40,0,46,0,22,52,0,74,22,0,22,96
07/16/2022,LEB,NH,ANE,EN,Federal Contract Tower,0,25,10,0,35,0,11,53,0,64,0,36,63,0,99,8,0,8,107
07/17/2022,LEB,NH,ANE,EN,Federal Contract Tower,0,23,18,0,41,0,15,24,0,39,0,38,42,0,80,22,0,22,102
07/18/2022,LEB,NH,ANE,EN,Federal Contract Tower,0,10,13,0,23,0,1,1,0,2,0,11,14,0,25,0,0,0,25
07/19/2022,LEB,NH,ANE,EN,Federal Contract Tower,0,14,13,0,27,0,11,52,2,65,0,25,65,2,92,10,6,16,108
07/20/2022,LEB,NH,ANE,EN,Federal Contract Tower,0,26,12,0,38,0,11,43,2,56,0,37,55,2,94,32,0,32,126
07/21/2022,LEB,NH,ANE,EN,Federal Contract Tower,0,41,5,0,46,0,7,17,0,24,0,48,22,0,70,0,0,0,70
07/22/2022,LEB,NH,ANE,EN,Federal Contract Tower,0,21,9,0,30,0,11,17,2,30,0,32,26,2,60,0,0,0,60
07/23/2022,LEB,NH,ANE,EN,Federal Contract Tower,0,21,18,1,40,0,8,37,1,46,0,29,55,2,86,14,0,14,100
07/24/2022,LEB,NH,ANE,EN,Federal Contract Tower,0,21,21,0,42,0,8,25,0,33,0,29,46,0,75,0,0,0,75
07/25/2022,LEB,NH,ANE,EN,Federal Contract Tower,0,13,19,0,32,0,5,36,0,41,0,18,55,0,73,46,0,46,119
07/26/2022,LEB,NH,ANE,EN,Federal Contract Tower,0,20,18,0,38,0,4,25,1,30,0,24,43,1,68,18,0,18,86
07/27/2022,LEB,NH,ANE,EN,Federal Contract Tower,0,14,8,0,22,0,13,42,0,55,0,27,50,0,77,22,0,22,99
07/28/2022,LEB,NH,ANE,EN,Federal Contract Tower,0,18,8,0,26,0,4,9,2,15,0,22,17,2,41,0,6,6,47
07/29/2022,LEB,NH,ANE,EN,Federal Contract Tower,0,21,16,0,37,0,4,25,0,29,0,25,41,0,66,10,0,10,76
07/30/2022,LEB,NH,ANE,EN,Federal Contract Tower,0,18,20,0,38,0,5,15,0,20,0,23,35,0,58,0,0,0,58
07/31/2022,LEB,NH,ANE,EN,Federal Contract Tower,0,19,11,0,30,0,21,34,0,55,0,40,45,0,85,14,0,14,99
08/01/2022,LEB,NH,ANE,EN,Federal Contract Tower,0,24,5,0,29,0,3,36,4,43,0,27,41,4,72,32,0,32,104
08/02/2022,LEB,NH,ANE,EN,Federal Contract Tower,0,12,14,0,26,0,9,41,0,50,0,21,55,0,76,22,0,22,98
08/03/2022,LEB,NH,ANE,EN,Federal Contract Tower,0,14,26,4,44,0,7,37,0,44,0,21,63,4,88,32,6,38,126
08/04/2022,LEB,NH,ANE,EN,Federal Contract Tower,0,21,13,0,34,0,8,46,0,54,0,29,59,0,88,30,0,30,118
08/05/2022,LEB,NH,ANE,EN,Federal Contract Tower,0,21,8,6,35,0,3,11,0,14,0,24,19,6,49,18,6,24,73
08/06/2022,LEB,NH,ANE,EN,Federal Contract Tower,0,19,11,0,30,0,13,18,0,31,0,32,29,0,61,0,0,0,61
08/07/2022,LEB,NH,ANE,EN,Federal Contract Tower,0,38,18,0,56,0,14,27,0,41,0,52,45,0,97,12,0,12,109
08/08/2022,LEB,NH,ANE,EN,Federal Contract Tower,0,17,12,0,29,0,13,22,0,35,0,30,34,0,64,24,0,24,88
08/09/2022,LEB,NH,ANE,EN,Federal Contract Tower,0,13,20,0,33,0,6,5,2,13,0,19,25,2,46,8,0,8,54
08/10/2022,LEB,NH,ANE,EN,Federal Contract Tower,0,20,8,0,28,0,5,18,2,25,0,25,26,2,53,20,2,22,75
08/11/2022,LEB,NH,ANE,EN,Federal Contract Tower,0,19,10,0,29,0,8,15,1,24,0,27,25,1,53,10,0,10,63
08/12/2022,LEB,NH,ANE,EN,Federal Contract Tower,0,14,13,0,27,0,4,41,0,45,0,18,54,0,72,34,0,34,106
08/13/2022,LEB,NH,ANE,EN,Federal Contract Tower,0,11,15,0,26,0,18,40,0,58,0,29,55,0,84,16,0,16,100
08/14/2022,LEB,NH,ANE,EN,Federal Contract Tower,0,15,13,0,28,0,20,61,0,81,0,35,74,0,109,10,0,10,119
08/15/2022,LEB,NH,ANE,EN,Federal Contract Tower,0,11,6,0,17,0,13,53,0,66,0,24,59,0,83,36,0,36,119
08/16/2022,LEB,NH,ANE,EN,Federal Contract Tower,0,16,8,0,24,0,7,28,0,35,0,23,36,0,59,2,0,2,61
08/17/2022,LEB,NH,ANE,EN,Federal Contract Tower,0,14,14,0,28,0,3,6,0,9,0,17,20,0,37,0,0,0,37
08/18/2022,LEB,NH,ANE,EN,Federal Contract Tower,0,19,21,0,40,0,2,4,0,6,0,21,25,0,46,0,0,0,46
08/19/2022,LEB,NH,ANE,EN,Federal Contract Tower,0,24,10,0,34,0,8,37,2,47,0,32,47,2,81,24,0,24,105
08/20/2022,LEB,NH,ANE,EN,Federal Contract Tower,0,19,8,0,27,0,4,43,0,47,0,23,51,0,74,38,0,38,112
08/21/2022,LEB,NH,ANE,EN,Federal Contract Tower,0,23,14,0,37,0,9,57,0,66,0,32,71,0,103,46,0,46,149
08/22/2022,LEB,NH,ANE,EN,Federal Contract Tower,0,20,5,0,25,0,7,29,0,36,0,27,34,0,61,60,0,60,121
08/23/2022,LEB,NH,ANE,EN,Federal Contract Tower,0,19,5,0,24,0,0,2,0,2,0,19,7,0,26,0,0,0,26
08/24/2022,LEB,NH,ANE,EN,Federal Contract Tower,0,11,12,0,23,0,8,6,0,14,0,19,18,0,37,0,0,0,37
08/25/2022,LEB,NH,ANE,EN,Federal Contract Tower,0,23,10,0,33,0,4,41,0,45,0,27,51,0,78,14,0,14,92
08/26/2022,LEB,NH,ANE,EN,Federal Contract Tower,0,26,8,2,36,0,1,13,0,14,0,27,21,2,50,2,2,4,54
08/27/2022,LEB,NH,ANE,EN,Federal Contract Tower,0,17,9,0,26,0,17,43,0,60,0,34,52,0,86,28,0,28,114
08/28/2022,LEB,NH,ANE,EN,Federal Contract Tower,0,27,22,0,49,0,15,16,0,31,0,42,38,0,80,24,0,24,104
08/29/2022,LEB,NH,ANE,EN,Federal Contract Tower,0,9,12,0,21,0,5,24,0,29,0,14,36,0,50,12,0,12,62
08/30/2022,LEB,NH,ANE,EN,Federal Contract Tower,0,15,15,0,30,0,6,14,0,20,0,21,29,0,50,0,0,0,50
08/31/2022,LEB,NH,ANE,EN,Federal Contract Tower,0,20,7,0,27,0,6,7,0,13,0,26,14,0,40,12,0,12,52
09/01/2022,LEB,NH,ANE,EN,Federal Contract Tower,0,13,12,0,25,0,6,12,0,18,0,19,24,0,43,16,0,16,59
09/02/2022,LEB,NH,ANE,EN,Federal Contract Tower,0,18,9,0,27,0,8,29,0,37,0,26,38,0,64,4,0,4,68
09/03/2022,LEB,NH,ANE,EN,Federal Contract Tower,0,21,10,0,31,0,9,61,0,70,0,30,71,0,101,0,0,0,101
09/04/2022,LEB,NH,ANE,EN,Federal Contract Tower,0,18,8,0,26,0,10,39,0,49,0,28,47,0,75,24,0,24,99
09/05/2022,LEB,NH,ANE,EN,Federal Contract Tower,0,30,16,0,46,0,0,0,0,0,0,30,16,0,46,0,0,0,46
09/06/2022,LEB,NH,ANE,EN,Federal Contract Tower,0,13,7,0,20,0,0,0,0,0,0,13,7,0,20,0,0,0,20
09/07/2022,LEB,NH,ANE,EN,Federal Contract Tower,0,13,14,0,27,0,8,25,0,33,0,21,39,0,60,38,0,38,98
09/08/2022,LEB,NH,ANE,EN,Federal Contract Tower,0,19,11,0,30,0,0,0,0,0,0,19,11,0,30,16,0,16,46
09/09/2022,LEB,NH,ANE,EN,Federal Contract Tower,0,12,21,0,33,0,8,47,2,57,0,20,68,2,90,44,0,44,134
09/10/2022,LEB,NH,ANE,EN,Federal Contract Tower,0,17,20,0,37,0,8,38,0,46,0,25,58,0,83,14,0,14,97
09/11/2022,LEB,NH,ANE,EN,Federal Contract Tower,0,21,14,0,35,0,6,52,0,58,0,27,66,0,93,28,0,28,121
09/12/2022,LEB,NH,ANE,EN,Federal Contract Tower,0,22,18,0,40,0,4,49,0,53,0,26,67,0,93,52,0,52,145
09/13/2022,LEB,NH,ANE,EN,Federal Contract Tower,0,15,8,0,23,0,0,0,0,0,0,15,8,0,23,0,0,0,23
09/14/2022,LEB,NH,ANE,EN,Federal Contract Tower,0,16,12,1,29,0,9,21,2,32,0,25,33,3,61,48,0,48,109
09/15/2022,LEB,NH,ANE,EN,Federal Contract Tower,0,15,3,0,18,0,11,19,0,30,0,26,22,0,48,16,0,16,64
09/16/2022,LEB,NH,ANE,EN,Federal Contract Tower,0,16,10,0,26,0,14,12,0,26,0,30,22,0,52,4,0,4,56
09/17/2022,LEB,NH,ANE,EN,Federal Contract Tower,0,11,14,0,25,0,11,38,0,49,0,22,52,0,74,0,0,0,74
09/18/2022,LEB,NH,ANE,EN,Federal Contract Tower,0,30,20,0,50,0,13,39,0,52,0,43,59,0,102,34,0,34,136
09/19/2022,LEB,NH,ANE,EN,Federal Contract Tower,0,16,7,0,23,0,0,0,0,0,0,16,7,0,23,0,0,0,23
09/20/2022,LEB,NH,ANE,EN,Federal Contract Tower,0,19,3,0,22,0,0,2,0,2,0,19,5,0,24,4,0,4,28
09/21/2022,LEB,NH,ANE,EN,Federal Contract Tower,0,20,9,1,30,0,2,12,2,16,0,22,21,3,46,0,0,0,46
09/22/2022,LEB,NH,ANE,EN,Federal Contract Tower,0,12,5,2,19,0,0,2,0,2,0,12,7,2,21,0,2,2,23
09/23/2022,LEB,NH,ANE,EN,Federal Contract Tower,0,29,13,0,42,0,2,11,0,13,0,31,24,0,55,0,0,0,55
09/24/2022,LEB,NH,ANE,EN,Federal Contract Tower,0,26,14,0,40,0,19,21,0,40,0,45,35,0,80,8,0,8,88
09/25/2022,LEB,NH,ANE,EN,Federal Contract Tower,0,22,18,0,40,0,9,15,0,24,0,31,33,0,64,20,0,20,84
09/26/2022,LEB,NH,ANE,EN,Federal Contract Tower,0,31,10,0,41,0,13,25,0,38,0,44,35,0,79,0,0,0,79
09/27/2022,LEB,NH,ANE,EN,Federal Contract Tower,0,21,18,0,39,0,7,30,0,37,0,28,48,0,76,34,0,34,110
09/28/2022,LEB,NH,ANE,EN,Federal Contract Tower,0,18,21,0,39,0,3,15,2,20,0,21,36,2,59,62,0,62,121
09/29/2022,LEB,NH,ANE,EN,Federal Contract Tower,0,23,21,1,45,0,5,21,1,27,0,28,42,2,72,62,0,62,134
09/30/2022,LEB,NH,ANE,EN,Federal Contract Tower,0,19,22,0,41,0,8,37,0,45,0,27,59,0,86,24,0,24,110
10/01/2022,LEB,NH,ANE,EN,Federal Contract Tower,0,22,3,0,25,0,14,29,0,43,0,36,32,0,68,24,0,24,92
10/02/2022,LEB,NH,ANE,EN,Federal Contract Tower,0,31,17,0,48,0,6,26,0,32,0,37,43,0,80,16,0,16,96
10/03/2022,LEB,NH,ANE,EN,Federal Contract Tower,0,13,14,0,27,0,6,41,0,47,0,19,55,0,74,40,0,40,114
10/04/2022,LEB,NH,ANE,EN,Federal Contract Tower,0,17,5,0,22,0,2,27,1,30,0,19,32,1,52,28,2,30,82
10/05/2022,LEB,NH,ANE,EN,Federal Contract Tower,0,17,12,0,29,0,2,23,0,25,0,19,35,0,54,44,0,44,98
10/06/2022,LEB,NH,ANE,EN,Federal Contract Tower,0,29,11,0,40,0,5,60,0,65,0,34,71,0,105,84,0,84,189
10/07/2022,LEB,NH,ANE,EN,Federal Contract Tower,0,18,18,0,36,0,7,27,0,34,0,25,45,0,70,20,0,20,90
10/08/2022,LEB,NH,ANE,EN,Federal Contract Tower,0,16,12,0,28,0,20,34,0,54,0,36,46,0,82,14,0,14,96
10/09/2022,LEB,NH,ANE,EN,Federal Contract Tower,0,33,16,0,49,0,3,19,0,22,0,36,35,0,71,8,0,8,79
10/10/2022,LEB,NH,ANE,EN,Federal Contract Tower,0,24,13,0,37,0,2,10,0,12,0,26,23,0,49,0,0,0,49
10/11/2022,LEB,NH,ANE,EN,Federal Contract Tower,0,15,19,0,34,0,11,40,6,57,0,26,59,6,91,26,0,26,117
10/12/2022,LEB,NH,ANE,EN,Federal Contract Tower,0,19,16,0,35,0,13,59,0,72,0,32,75,0,107,30,0,30,137
10/13/2022,LEB,NH,ANE,EN,Federal Contract Tower,0,19,18,0,37,0,6,0,0,6,0,25,18,0,43,24,0,24,67
10/14/2022,LEB,NH,ANE,EN,Federal Contract Tower,0,23,18,0,41,0,2,6,0,8,0,25,24,0,49,18,0,18,67
10/15/2022,LEB,NH,ANE,EN,Federal Contract Tower,0,35,13,0,48,0,7,33,0,40,0,42,46,0,88,10,4,14,102
10/16/2022,LEB,NH,ANE,EN,Federal Contract Tower,0,33,25,0,58,0,11,42,4,57,0,44,67,4,115,42,0,42,157
10/17/2022,LEB,NH,ANE,EN,Federal Contract Tower,0,28,6,0,34,0,1,5,0,6,0,29,11,0,40,0,0,0,40
10/18/2022,LEB,NH,ANE,EN,Federal Contract Tower,0,20,16,0,36,0,3,7,2,12,0,23,23,2,48,24,2,26,74
10/19/2022,LEB,NH,ANE,EN,Federal Contract Tower,0,17,10,0,27,0,10,19,0,29,0,27,29,0,56,18,0,18,74
10/20/2022,LEB,NH,ANE,EN,Federal Contract Tower,0,18,16,0,34,0,9,34,0,43,0,27,50,0,77,24,0,24,101
10/21/2022,LEB,NH,ANE,EN,Federal Contract Tower,0,19,16,0,35,0,8,47,0,55,0,27,63,0,90,32,0,32,122
10/22/2022,LEB,NH,ANE,EN,Federal Contract Tower,0,15,9,0,24,0,16,37,0,53,0,31,46,0,77,22,0,22,99
10/23/2022,LEB,NH,ANE,EN,Federal Contract Tower,0,28,10,0,38,0,6,14,0,20,0,34,24,0,58,48,0,48,106
10/24/2022,LEB,NH,ANE,EN,Federal Contract Tower,0,21,8,0,29,0,0,0,0,0,0,21,8,0,29,0,0,0,29
10/25/2022,LEB,NH,ANE,EN,Federal Contract Tower,0,19,12,0,31,0,1,2,0,3,0,20,14,0,34,0,0,0,34
10/26/2022,LEB,NH,ANE,EN,Federal Contract Tower,0,28,5,0,33,0,1,0,0,1,0,29,5,0,34,0,0,0,34
10/27/2022,LEB,NH,ANE,EN,Federal Contract Tower,0,23,14,0,37,0,10,16,0,26,0,33,30,0,63,0,0,0,63
10/28/2022,LEB,NH,ANE,EN,Federal Contract Tower,0,31,16,0,47,0,13,66,0,79,0,44,82,0,126,34,0,34,160
10/29/2022,LEB,NH,ANE,EN,Federal Contract Tower,0,24,15,0,39,0,11,27,0,38,0,35,42,0,77,18,0,18,95
10/30/2022,LEB,NH,ANE,EN,Federal Contract Tower,0,37,12,0,49,0,15,68,0,83,0,52,80,0,132,64,0,64,196
10/31/2022,LEB,NH,ANE,EN,Federal Contract Tower,0,25,8,0,33,0,12,52,0,64,0,37,60,0,97,32,0,32,129
11/01/2022,LEB,NH,ANE,EN,Federal Contract Tower,0,21,10,0,31,0,5,16,0,21,0,26,26,0,52,8,0,8,60
11/02/2022,LEB,NH,ANE,EN,Federal Contract Tower,0,20,8,0,28,0,11,29,0,40,0,31,37,0,68,18,0,18,86
11/03/2022,LEB,NH,ANE,EN,Federal Contract Tower,0,26,8,0,34,0,7,49,4,60,0,33,57,4,94,18,0,18,112
11/04/2022,LEB,NH,ANE,EN,Federal Contract Tower,0,18,9,0,27,0,13,18,0,31,0,31,27,0,58,14,0,14,72
11/05/2022,LEB,NH,ANE,EN,Federal Contract Tower,0,23,3,0,26,0,7,17,0,24,0,30,20,0,50,44,0,44,94
11/06/2022,LEB,NH,ANE,EN,Federal Contract Tower,0,29,9,0,38,0,16,3,0,19,0,45,12,0,57,0,0,0,57
11/07/2022,LEB,NH,ANE,EN,Federal Contract Tower,0,23,1,0,24,0,0,0,0,0,0,23,1,0,24,22,0,22,46
11/08/2022,LEB,NH,ANE,EN,Federal Contract Tower,0,10,5,0,15,0,8,6,0,14,0,18,11,0,29,0,0,0,29
11/09/2022,LEB,NH,ANE,EN,Federal Contract Tower,0,8,9,2,19,0,11,34,0,45,0,19,43,2,64,68,2,70,134
11/10/2022,LEB,NH,ANE,EN,Federal Contract Tower,0,24,17,0,41,0,9,34,0,43,0,33,51,0,84,28,0,28,112
11/11/2022,LEB,NH,ANE,EN,Federal Contract Tower,0,25,8,0,33,0,1,1,0,2,0,26,9,0,35,0,0,0,35
11/12/2022,LEB,NH,ANE,EN,Federal Contract Tower,0,31,4,0,35,0,4,0,0,4,0,35,4,0,39,0,0,0,39
11/13/2022,LEB,NH,ANE,EN,Federal Contract Tower,0,24,5,0,29,0,0,0,0,0,0,24,5,0,29,0,0,0,29
11/14/2022,LEB,NH,ANE,EN,Federal Contract Tower,0,15,14,0,29,0,3,44,0,47,0,18,58,0,76,34,0,34,110
11/15/2022,LEB,NH,ANE,EN,Federal Contract Tower,0,14,13,0,27,0,13,37,0,50,0,27,50,0,77,18,0,18,95
11/16/2022,LEB,NH,ANE,EN,Federal Contract Tower,0,6,4,0,10,0,0,0,0,0,0,6,4,0,10,0,0,0,10
11/17/2022,LEB,NH,ANE,EN,Federal Contract Tower,0,27,8,0,35,0,6,33,0,39,0,33,41,0,74,78,0,78,152
11/18/2022,LEB,NH,ANE,EN,Federal Contract Tower,0,21,8,0,29,0,1,20,0,21,0,22,28,0,50,32,0,32,82
11/19/2022,LEB,NH,ANE,EN,Federal Contract Tower,0,21,7,0,28,0,22,35,0,57,0,43,42,0,85,8,0,8,93
11/20/2022,LEB,NH,ANE,EN,Federal Contract Tower,0,13,0,0,13,0,7,1,0,8,0,20,1,0,21,0,0,0,21
11/21/2022,LEB,NH,ANE,EN,Federal Contract Tower,0,15,1,0,16,0,5,27,0,32,0,20,28,0,48,22,0,22,70
11/22/2022,LEB,NH,ANE,EN,Federal Contract Tower,0,13,9,0,22,0,6,44,0,50,0,19,53,0,72,40,0,40,112
11/23/2022,LEB,NH,ANE,EN,Federal Contract Tower,0,9,7,0,16,0,7,6,0,13,0,16,13,0,29,8,0,8,37
11/24/2022,LEB,NH,ANE,EN,Federal Contract Tower,0,12,2,0,14,0,10,12,0,22,0,22,14,0,36,8,0,8,44
11/25/2022,LEB,NH,ANE,EN,Federal Contract Tower,0,22,1,0,23,0,1,4,0,5,0,23,5,0,28,0,0,0,28
11/26/2022,LEB,NH,ANE,EN,Federal Contract Tower,0,26,7,0,33,0,13,31,0,44,0,39,38,0,77,6,0,6,83
11/27/2022,LEB,NH,ANE,EN,Federal Contract Tower,0,15,10,0,25,0,4,25,0,29,0,19,35,0,54,6,0,6,60
11/28/2022,LEB,NH,ANE,EN,Federal Contract Tower,0,18,10,0,28,0,2,9,2,13,0,20,19,2,41,0,0,0,41
11/29/2022,LEB,NH,ANE,EN,Federal Contract Tower,0,8,6,0,14,0,9,12,8,29,0,17,18,8,43,0,4,4,47
11/30/2022,LEB,NH,ANE,EN,Federal Contract Tower,0,10,6,0,16,0,0,0,0,0,0,10,6,0,16,0,0,0,16
12/01/2022,LEB,NH,ANE,EN,Federal Contract Tower,0,15,2,0,17,0,1,4,2,7,0,16,6,2,24,0,6,6,30
12/02/2022,LEB,NH,ANE,EN,Federal Contract Tower,0,9,13,0,22,0,0,0,0,0,0,9,13,0,22,48,0,48,70
12/03/2022,LEB,NH,ANE,EN,Federal Contract Tower,0,6,2,0,8,0,0,0,0,0,0,6,2,0,8,0,0,0,8
12/04/2022,LEB,NH,ANE,EN,Federal Contract Tower,0,10,5,0,15,0,9,21,0,30,0,19,26,0,45,56,0,56,101
12/05/2022,LEB,NH,ANE,EN,Federal Contract Tower,0,9,4,0,13,0,10,49,0,59,0,19,53,0,72,46,0,46,118
12/06/2022,LEB,NH,ANE,EN,Federal Contract Tower,0,17,6,0,23,0,0,0,0,0,0,17,6,0,23,0,0,0,23
12/07/2022,LEB,NH,ANE,EN,Federal Contract Tower,0,15,7,0,22,0,0,0,0,0,0,15,7,0,22,0,0,0,22
12/08/2022,LEB,NH,ANE,EN,Federal Contract Tower,0,12,7,0,19,0,1,5,0,6,0,13,12,0,25,38,0,38,63
12/09/2022,LEB,NH,ANE,EN,Federal Contract Tower,0,9,9,1,19,0,6,74,1,81,0,15,83,2,100,88,6,94,194
12/10/2022,LEB,NH,ANE,EN,Federal Contract Tower,0,17,8,0,25,0,11,41,0,52,0,28,49,0,77,4,0,4,81
12/11/2022,LEB,NH,ANE,EN,Federal Contract Tower,0,15,11,0,26,0,4,7,0,11,0,19,18,0,37,6,0,6,43
12/12/2022,LEB,NH,ANE,EN,Federal Contract Tower,0,13,8,1,22,0,7,16,1,24,0,20,24,2,46,32,0,32,78
12/13/2022,LEB,NH,ANE,EN,Federal Contract Tower,0,13,9,0,22,0,8,44,0,52,0,21,53,0,74,64,0,64,138
12/14/2022,LEB,NH,ANE,EN,Federal Contract Tower,0,19,7,0,26,0,7,16,0,23,0,26,23,0,49,18,0,18,67
12/15/2022,LEB,NH,ANE,EN,Federal Contract Tower,0,18,4,0,22,0,12,13,0,25,0,30,17,0,47,0,0,0,47
12/16/2022,LEB,NH,ANE,EN,Federal Contract Tower,0,0,0,0,0,0,0,0,0,0,0,0,0,0,0,0,0,0,0
12/17/2022,LEB,NH,ANE,EN,Federal Contract Tower,0,15,0,0,15,0,2,0,0,2,0,17,0,0,17,0,0,0,17
12/18/2022,LEB,NH,ANE,EN,Federal Contract Tower,0,14,2,0,16,0,0,7,0,7,0,14,9,0,23,6,0,6,29
12/19/2022,LEB,NH,ANE,EN,Federal Contract Tower,0,12,2,0,14,0,1,8,2,11,0,13,10,2,25,30,0,30,55
12/20/2022,LEB,NH,ANE,EN,Federal Contract Tower,0,14,16,0,30,0,9,41,4,54,0,23,57,4,84,38,0,38,122
12/21/2022,LEB,NH,ANE,EN,Federal Contract Tower,0,16,5,0,21,0,9,44,0,53,0,25,49,0,74,34,0,34,108
12/22/2022,LEB,NH,ANE,EN,Federal Contract Tower,0,18,7,0,25,0,9,34,0,43,0,27,41,0,68,48,0,48,116
12/23/2022,LEB,NH,ANE,EN,Federal Contract Tower,0,3,3,0,6,0,0,0,0,0,0,3,3,0,6,0,0,0,6
12/24/2022,LEB,NH,ANE,EN,Federal Contract Tower,0,8,2,0,10,0,6,6,0,12,0,14,8,0,22,6,0,6,28
12/25/2022,LEB,NH,ANE,EN,Federal Contract Tower,0,6,0,0,6,0,7,1,0,8,0,13,1,0,14,0,0,0,14
12/26/2022,LEB,NH,ANE,EN,Federal Contract Tower,0,19,4,0,23,0,3,34,0,37,0,22,38,0,60,26,0,26,86
12/27/2022,LEB,NH,ANE,EN,Federal Contract Tower,0,17,11,0,28,0,4,27,0,31,0,21,38,0,59,48,0,48,107
12/28/2022,LEB,NH,ANE,EN,Federal Contract Tower,0,19,7,0,26,0,5,26,0,31,0,24,33,0,57,50,0,50,107
12/29/2022,LEB,NH,ANE,EN,Federal Contract Tower,0,11,7,0,18,0,11,31,0,42,0,22,38,0,60,40,0,40,100
12/30/2022,LEB,NH,ANE,EN,Federal Contract Tower,0,15,5,0,20,0,6,17,0,23,0,21,22,0,43,52,0,52,95
12/31/2022,LEB,NH,ANE,EN,Federal Contract Tower,0,14,3,0,17,0,0,25,0,25,0,14,28,0,42,60,0,60,102
01/01/2023,LEB,NH,ANE,EN,Federal Contract Tower,0,15,3,0,18,0,5,0,0,5,0,20,3,0,23,0,0,0,23
01/02/2023,LEB,NH,ANE,EN,Federal Contract Tower,0,20,10,0,30,0,12,34,0,46,0,32,44,0,76,38,0,38,114
01/03/2023,LEB,NH,ANE,EN,Federal Contract Tower,0,6,4,0,10,0,0,5,0,5,0,6,9,0,15,20,0,20,35
01/04/2023,LEB,NH,ANE,EN,Federal Contract Tower,0,16,5,0,21,0,0,0,0,0,0,16,5,0,21,0,0,0,21
01/05/2023,LEB,NH,ANE,EN,Federal Contract Tower,0,15,5,0,20,0,0,4,0,4,0,15,9,0,24,0,0,0,24
01/06/2023,LEB,NH,ANE,EN,Federal Contract Tower,0,14,2,0,16,0,0,0,0,0,0,14,2,0,16,0,0,0,16
01/07/2023,LEB,NH,ANE,EN,Federal Contract Tower,0,29,9,0,38,0,0,5,1,6,0,29,14,1,44,12,2,14,58
01/08/2023,LEB,NH,ANE,EN,Federal Contract Tower,0,15,8,2,25,0,5,51,0,56,0,20,59,2,81,54,2,56,137
01/09/2023,LEB,NH,ANE,EN,Federal Contract Tower,0,18,6,0,24,0,4,33,0,37,0,22,39,0,61,30,0,30,91
01/10/2023,LEB,NH,ANE,EN,Federal Contract Tower,0,11,7,0,18,0,5,29,0,34,0,16,36,0,52,36,0,36,88
01/11/2023,LEB,NH,ANE,EN,Federal Contract Tower,0,11,4,0,15,0,9,27,0,36,0,20,31,0,51,90,0,90,141
01/12/2023,LEB,NH,ANE,EN,Federal Contract Tower,0,20,3,0,23,0,0,0,0,0,0,20,3,0,23,0,0,0,23
01/13/2023,LEB,NH,ANE,EN,Federal Contract Tower,0,33,9,0,42,0,0,0,0,0,0,33,9,0,42,0,0,0,42
01/14/2023,LEB,NH,ANE,EN,Federal Contract Tower,0,23,7,0,30,0,3,17,0,20,0,26,24,0,50,102,0,102,152
01/15/2023,LEB,NH,ANE,EN,Federal Contract Tower,0,20,11,0,31,0,11,16,0,27,0,31,27,0,58,34,0,34,92
01/16/2023,LEB,NH,ANE,EN,Federal Contract Tower,0,13,4,0,17,0,0,5,0,5,0,13,9,0,22,16,0,16,38
01/17/2023,LEB,NH,ANE,EN,Federal Contract Tower,0,10,2,0,12,0,4,20,0,24,0,14,22,0,36,30,0,30,66
01/18/2023,LEB,NH,ANE,EN,Federal Contract Tower,0,18,1,0,19,0,0,3,0,3,0,18,4,0,22,6,0,6,28
01/19/2023,LEB,NH,ANE,EN,Federal Contract Tower,0,12,9,0,21,0,0,11,0,11,0,12,20,0,32,50,0,50,82
01/20/2023,LEB,NH,ANE,EN,Federal Contract Tower,0,16,3,0,19,0,0,0,0,0,0,16,3,0,19,0,0,0,19
01/21/2023,LEB,NH,ANE,EN,Federal Contract Tower,0,18,5,0,23,0,0,0,0,0,0,18,5,0,23,0,0,0,23
01/22/2023,LEB,NH,ANE,EN,Federal Contract Tower,0,19,10,0,29,0,2,12,0,14,0,21,22,0,43,42,0,42,85
01/23/2023,LEB,NH,ANE,EN,Federal Contract Tower,0,0,2,0,2,0,0,0,0,0,0,0,2,0,2,0,0,0,2
01/24/2023,LEB,NH,ANE,EN,Federal Contract Tower,0,20,10,4,34,0,4,22,2,28,0,24,32,6,62,10,0,10,72
01/25/2023,LEB,NH,ANE,EN,Federal Contract Tower,0,13,10,0,23,0,3,5,0,8,0,16,15,0,31,2,0,2,33
01/26/2023,LEB,NH,ANE,EN,Federal Contract Tower,0,14,5,0,19,0,0,0,4,4,0,14,5,4,23,0,0,0,23
01/27/2023,LEB,NH,ANE,EN,Federal Contract Tower,0,16,5,0,21,0,13,27,0,40,0,29,32,0,61,34,0,34,95
01/28/2023,LEB,NH,ANE,EN,Federal Contract Tower,0,18,3,0,21,0,2,8,1,11,0,20,11,1,32,12,0,12,44
01/29/2023,LEB,NH,ANE,EN,Federal Contract Tower,0,17,4,0,21,0,2,12,0,14,0,19,16,0,35,42,0,42,77
01/30/2023,LEB,NH,ANE,EN,Federal Contract Tower,0,13,4,0,17,0,0,7,0,7,0,13,11,0,24,32,0,32,56
01/31/2023,LEB,NH,ANE,EN,Federal Contract Tower,0,15,11,0,26,0,9,20,2,31,0,24,31,2,57,52,6,58,115
02/01/2023,LEB,NH,ANE,EN,Federal Contract Tower,0,10,30,0,40,0,14,50,0,64,0,24,80,0,104,38,0,38,142
02/02/2023,LEB,NH,ANE,EN,Federal Contract Tower,0,28,15,0,43,0,6,28,0,34,0,34,43,0,77,20,0,20,97
02/03/2023,LEB,NH,ANE,EN,Federal Contract Tower,0,8,4,0,12,0,2,0,0,2,0,10,4,0,14,0,0,0,14
02/04/2023,LEB,NH,ANE,EN,Federal Contract Tower,0,14,2,0,16,0,8,0,0,8,0,22,2,0,24,0,0,0,24
02/05/2023,LEB,NH,ANE,EN,Federal Contract Tower,0,15,10,1,26,0,9,36,5,50,0,24,46,6,76,32,0,32,108
02/06/2023,LEB,NH,ANE,EN,Federal Contract Tower,0,15,11,2,28,0,4,33,0,37,0,19,44,2,65,36,2,38,103
02/07/2023,LEB,NH,ANE,EN,Federal Contract Tower,0,10,11,0,21,0,5,26,0,31,0,15,37,0,52,18,0,18,70
02/08/2023,LEB,NH,ANE,EN,Federal Contract Tower,0,11,10,0,21,0,7,28,4,39,0,18,38,4,60,7,13,20,80
02/09/2023,LEB,NH,ANE,EN,Federal Contract Tower,0,21,7,0,28,0,2,3,0,5,0,23,10,0,33,0,0,0,33
02/10/2023,LEB,NH,ANE,EN,Federal Contract Tower,0,21,10,0,31,0,8,6,0,14,0,29,16,0,45,4,0,4,49
02/11/2023,LEB,NH,ANE,EN,Federal Contract Tower,0,23,5,0,28,0,22,28,0,50,0,45,33,0,78,14,0,14,92
02/12/2023,LEB,NH,ANE,EN,Federal Contract Tower,0,18,5,0,23,0,12,37,0,49,0,30,42,0,72,22,0,22,94
02/13/2023,LEB,NH,ANE,EN,Federal Contract Tower,0,18,9,0,27,0,7,21,0,28,0,25,30,0,55,24,0,24,79
02/14/2023,LEB,NH,ANE,EN,Federal Contract Tower,0,19,3,0,22,0,11,15,0,26,0,30,18,0,48,30,0,30,78
02/15/2023,LEB,NH,ANE,EN,Federal Contract Tower,0,11,3,0,14,0,14,9,0,23,0,25,12,0,37,2,0,2,39
02/16/2023,LEB,NH,ANE,EN,Federal Contract Tower,0,21,7,0,28,0,6,11,1,18,0,27,18,1,46,16,4,20,66
02/17/2023,LEB,NH,ANE,EN,Federal Contract Tower,0,23,14,0,37,0,0,0,0,0,0,23,14,0,37,0,0,0,37
02/18/2023,LEB,NH,ANE,EN,Federal Contract Tower,0,15,10,0,25,0,23,47,0,70,0,38,57,0,95,70,0,70,165
02/19/2023,LEB,NH,ANE,EN,Federal Contract Tower,0,18,4,4,26,0,3,25,0,28,0,21,29,4,54,46,0,46,100
02/20/2023,LEB,NH,ANE,EN,Federal Contract Tower,0,13,7,0,20,0,4,21,0,25,0,17,28,0,45,0,0,0,45
02/21/2023,LEB,NH,ANE,EN,Federal Contract Tower,0,17,2,0,19,0,0,8,0,8,0,17,10,0,27,5,0,5,32
02/22/2023,LEB,NH,ANE,EN,Federal Contract Tower,0,11,12,0,23,0,0,0,0,0,0,11,12,0,23,2,0,2,25
02/23/2023,LEB,NH,ANE,EN,Federal Contract Tower,0,6,0,0,6,0,0,0,0,0,0,6,0,0,6,0,0,0,6
02/24/2023,LEB,NH,ANE,EN,Federal Contract Tower,0,29,13,0,42,0,6,4,0,10,0,35,17,0,52,0,0,0,52
02/25/2023,LEB,NH,ANE,EN,Federal Contract Tower,0,27,7,0,34,0,0,4,2,6,0,27,11,2,40,0,0,0,40
02/26/2023,LEB,NH,ANE,EN,Federal Contract Tower,0,29,10,0,39,0,0,0,0,0,0,29,10,0,39,0,0,0,39
02/27/2023,LEB,NH,ANE,EN,Federal Contract Tower,0,23,8,2,33,0,2,30,0,32,0,25,38,2,65,14,0,14,79
02/28/2023,LEB,NH,ANE,EN,Federal Contract Tower,0,13,0,0,13,0,0,0,0,0,0,13,0,0,13,0,0,0,13
03/01/2023,LEB,NH,ANE,EN,Federal Contract Tower,0,18,10,0,28,0,6,41,0,47,0,24,51,0,75,60,0,60,135
03/02/2023,LEB,NH,ANE,EN,Federal Contract Tower,0,16,8,0,24,0,0,0,0,0,0,16,8,0,24,0,0,0,24
03/03/2023,LEB,NH,ANE,EN,Federal Contract Tower,0,19,7,0,26,0,9,17,0,26,0,28,24,0,52,34,0,34,86
03/04/2023,LEB,NH,ANE,EN,Federal Contract Tower,0,13,0,0,13,0,0,0,0,0,0,13,0,0,13,0,0,0,13
03/05/2023,LEB,NH,ANE,EN,Federal Contract Tower,0,23,3,0,26,0,0,3,0,3,0,23,6,0,29,0,0,0,29
03/06/2023,LEB,NH,ANE,EN,Federal Contract Tower,0,15,2,0,17,0,9,2,0,11,0,24,4,0,28,0,0,0,28
03/07/2023,LEB,NH,ANE,EN,Federal Contract Tower,0,12,4,0,16,0,1,2,0,3,0,13,6,0,19,0,0,0,19
03/08/2023,LEB,NH,ANE,EN,Federal Contract Tower,0,15,6,0,21,0,5,18,0,23,0,20,24,0,44,22,0,22,66
03/09/2023,LEB,NH,ANE,EN,Federal Contract Tower,0,13,3,0,16,0,7,23,0,30,0,20,26,0,46,32,0,32,78
03/10/2023,LEB,NH,ANE,EN,Federal Contract Tower,0,13,12,0,25,0,10,26,0,36,0,23,38,0,61,44,0,44,105
03/11/2023,LEB,NH,ANE,EN,Federal Contract Tower,0,14,4,1,19,0,1,24,1,26,0,15,28,2,45,54,2,56,101
03/12/2023,LEB,NH,ANE,EN,Federal Contract Tower,0,18,16,0,34,0,11,39,2,52,0,29,55,2,86,30,10,40,126
03/13/2023,LEB,NH,ANE,EN,Federal Contract Tower,0,30,6,0,36,0,0,1,0,1,0,30,7,0,37,0,0,0,37
03/14/2023,LEB,NH,ANE,EN,Federal Contract Tower,0,0,0,0,0,0,0,0,0,0,0,0,0,0,0,0,0,0,0
03/15/2023,LEB,NH,ANE,EN,Federal Contract Tower,0,19,12,0,31,0,0,0,0,0,0,19,12,0,31,0,0,0,31
03/16/2023,LEB,NH,ANE,EN,Federal Contract Tower,0,13,9,0,22,0,6,11,4,21,0,19,20,4,43,18,14,32,75
03/17/2023,LEB,NH,ANE,EN,Federal Contract Tower,0,15,5,0,20,0,2,0,0,2,0,17,5,0,22,0,0,0,22
03/18/2023,LEB,NH,ANE,EN,Federal Contract Tower,0,18,9,0,27,0,6,33,0,39,0,24,42,0,66,28,0,28,94
03/19/2023,LEB,NH,ANE,EN,Federal Contract Tower,0,8,8,0,16,0,2,0,0,2,0,10,8,0,18,0,0,0,18
03/20/2023,LEB,NH,ANE,EN,Federal Contract Tower,0,10,8,0,18,0,6,13,0,19,0,16,21,0,37,6,0,6,43
03/21/2023,LEB,NH,ANE,EN,Federal Contract Tower,0,11,7,0,18,0,12,42,0,54,0,23,49,0,72,14,0,14,86
03/22/2023,LEB,NH,ANE,EN,Federal Contract Tower,0,16,9,2,27,0,15,29,0,44,0,31,38,2,71,42,0,42,113
03/23/2023,LEB,NH,ANE,EN,Federal Contract Tower,0,13,7,0,20,0,0,0,0,0,0,13,7,0,20,0,0,0,20
03/24/2023,LEB,NH,ANE,EN,Federal Contract Tower,0,15,8,0,23,0,10,18,0,28,0,25,26,0,51,30,0,30,81
03/25/2023,LEB,NH,ANE,EN,Federal Contract Tower,0,13,2,0,15,0,1,10,0,11,0,14,12,0,26,20,0,20,46
03/26/2023,LEB,NH,ANE,EN,Federal Contract Tower,0,19,2,0,21,0,5,8,0,13,0,24,10,0,34,10,0,10,44
03/27/2023,LEB,NH,ANE,EN,Federal Contract Tower,0,6,41,0,47,0,11,47,0,58,0,17,88,0,105,94,0,94,199
03/28/2023,LEB,NH,ANE,EN,Federal Contract Tower,0,13,5,0,18,0,5,7,0,12,0,18,12,0,30,6,0,6,36
03/29/2023,LEB,NH,ANE,EN,Federal Contract Tower,0,6,4,0,10,0,9,40,0,49,0,15,44,0,59,20,0,20,79
03/30/2023,LEB,NH,ANE,EN,Federal Contract Tower,0,11,1,0,12,0,9,1,2,12,0,20,2,2,24,2,4,6,30
03/31/2023,LEB,NH,ANE,EN,Federal Contract Tower,0,14,5,0,19,0,7,16,1,24,0,21,21,1,43,12,4,16,59
04/01/2023,LEB,NH,ANE,EN,Federal Contract Tower,0,22,5,0,27,0,0,4,0,4,0,22,9,0,31,22,0,22,53
04/02/2023,LEB,NH,ANE,EN,Federal Contract Tower,0,18,3,0,21,0,1,6,0,7,0,19,9,0,28,0,0,0,28
04/03/2023,LEB,NH,ANE,EN,Federal Contract Tower,0,15,9,0,24,0,3,18,0,21,0,18,27,0,45,42,0,42,87
04/04/2023,LEB,NH,ANE,EN,Federal Contract Tower,0,18,4,0,22,0,3,31,2,36,0,21,35,2,58,42,0,42,100
04/05/2023,LEB,NH,ANE,EN,Federal Contract Tower,0,16,4,0,20,0,0,0,0,0,0,16,4,0,20,0,0,0,20
04/06/2023,LEB,NH,ANE,EN,Federal Contract Tower,0,26,0,0,26,0,1,6,0,7,0,27,6,0,33,24,0,24,57
04/07/2023,LEB,NH,ANE,EN,Federal Contract Tower,0,14,5,0,19,0,6,16,0,22,0,20,21,0,41,12,0,12,53
04/08/2023,LEB,NH,ANE,EN,Federal Contract Tower,0,24,7,0,31,0,4,35,1,40,0,28,42,1,71,14,0,14,85
04/09/2023,LEB,NH,ANE,EN,Federal Contract Tower,0,11,4,0,15,0,23,22,0,45,0,34,26,0,60,24,0,24,84
04/10/2023,LEB,NH,ANE,EN,Federal Contract Tower,0,14,12,0,26,0,11,42,2,55,0,25,54,2,81,62,0,62,143
04/11/2023,LEB,NH,ANE,EN,Federal Contract Tower,0,15,5,2,22,0,8,15,4,27,0,23,20,6,49,12,6,18,67
04/12/2023,LEB,NH,ANE,EN,Federal Contract Tower,0,8,7,0,15,0,6,8,0,14,0,14,15,0,29,0,0,0,29
04/13/2023,LEB,NH,ANE,EN,Federal Contract Tower,0,8,6,0,14,0,8,34,3,45,0,16,40,3,59,0,0,0,59
04/14/2023,LEB,NH,ANE,EN,Federal Contract Tower,0,18,10,0,28,0,9,44,2,55,0,27,54,2,83,60,0,60,143
04/15/2023,LEB,NH,ANE,EN,Federal Contract Tower,0,21,7,0,28,0,16,25,0,41,0,37,32,0,69,26,0,26,95
04/16/2023,LEB,NH,ANE,EN,Federal Contract Tower,0,31,14,0,45,0,0,12,0,12,0,31,26,0,57,24,0,24,81
04/17/2023,LEB,NH,ANE,EN,Federal Contract Tower,0,20,8,0,28,0,0,0,0,0,0,20,8,0,28,0,0,0,28
04/18/2023,LEB,NH,ANE,EN,Federal Contract Tower,0,24,12,0,36,0,2,4,0,6,0,26,16,0,42,10,0,10,52
04/19/2023,LEB,NH,ANE,EN,Federal Contract Tower,0,11,6,0,17,0,5,7,0,12,0,16,13,0,29,6,0,6,35
04/20/2023,LEB,NH,ANE,EN,Federal Contract Tower,0,18,8,1,27,0,15,35,11,61,0,33,43,12,88,58,12,70,158
04/21/2023,LEB,NH,ANE,EN,Federal Contract Tower,0,23,13,0,36,0,10,50,0,60,0,33,63,0,96,144,0,144,240
04/22/2023,LEB,NH,ANE,EN,Federal Contract Tower,0,27,7,0,34,0,1,9,0,10,0,28,16,0,44,46,0,46,90
04/23/2023,LEB,NH,ANE,EN,Federal Contract Tower,0,8,13,0,21,0,0,0,0,0,0,8,13,0,21,0,0,0,21
04/24/2023,LEB,NH,ANE,EN,Federal Contract Tower,0,16,12,0,28,0,0,0,0,0,0,16,12,0,28,0,0,0,28
04/25/2023,LEB,NH,ANE,EN,Federal Contract Tower,0,19,10,0,29,0,2,8,0,10,0,21,18,0,39,22,0,22,61
04/26/2023,LEB,NH,ANE,EN,Federal Contract Tower,0,17,9,0,26,0,3,28,0,31,0,20,37,0,57,84,0,84,141
04/27/2023,LEB,NH,ANE,EN,Federal Contract Tower,0,23,10,1,34,0,4,66,1,71,0,27,76,2,105,148,2,150,255
04/28/2023,LEB,NH,ANE,EN,Federal Contract Tower,0,28,9,0,37,0,11,67,4,82,0,39,76,4,119,76,0,76,195
04/29/2023,LEB,NH,ANE,EN,Federal Contract Tower,0,14,7,0,21,0,4,25,0,29,0,18,32,0,50,48,0,48,98
04/30/2023,LEB,NH,ANE,EN,Federal Contract Tower,0,20,4,0,24,0,0,0,0,0,0,20,4,0,24,0,0,0,24
05/01/2023,LEB,NH,ANE,EN,Federal Contract Tower,0,12,6,0,18,0,1,3,0,4,0,13,9,0,22,0,0,0,22
05/02/2023,LEB,NH,ANE,EN,Federal Contract Tower,0,14,5,0,19,0,0,2,0,2,0,14,7,0,21,0,0,0,21
05/03/2023,LEB,NH,ANE,EN,Federal Contract Tower,0,16,5,0,21,0,1,0,0,1,0,17,5,0,22,0,0,0,22
05/04/2023,LEB,NH,ANE,EN,Federal Contract Tower,0,20,7,0,27,0,5,0,0,5,0,25,7,0,32,0,0,0,32
05/05/2023,LEB,NH,ANE,EN,Federal Contract Tower,0,17,6,0,23,0,5,43,0,48,0,22,49,0,71,154,0,154,225
05/06/2023,LEB,NH,ANE,EN,Federal Contract Tower,0,14,8,0,22,0,11,40,0,51,0,25,48,0,73,30,0,30,103
05/07/2023,LEB,NH,ANE,EN,Federal Contract Tower,0,15,12,0,27,0,7,42,0,49,0,22,54,0,76,26,0,26,102
05/08/2023,LEB,NH,ANE,EN,Federal Contract Tower,0,11,11,0,22,0,6,48,0,54,0,17,59,0,76,80,0,80,156
05/09/2023,LEB,NH,ANE,EN,Federal Contract Tower,0,10,7,0,17,0,10,57,2,69,0,20,64,2,86,48,0,48,134
05/10/2023,LEB,NH,ANE,EN,Federal Contract Tower,0,14,10,3,27,0,15,40,1,56,0,29,50,4,83,20,0,20,103
05/11/2023,LEB,NH,ANE,EN,Federal Contract Tower,0,14,10,0,24,0,14,28,2,44,0,28,38,2,68,18,0,18,86
05/12/2023,LEB,NH,ANE,EN,Federal Contract Tower,0,19,7,0,26,0,17,17,0,34,0,36,24,0,60,26,0,26,86
05/13/2023,LEB,NH,ANE,EN,Federal Contract Tower,0,8,9,0,17,0,9,16,0,25,0,17,25,0,42,10,0,10,52
05/14/2023,LEB,NH,ANE,EN,Federal Contract Tower,0,11,7,0,18,0,8,39,0,47,0,19,46,0,65,20,0,20,85
05/15/2023,LEB,NH,ANE,EN,Federal Contract Tower,0,12,9,0,21,0,2,0,0,2,0,14,9,0,23,20,0,20,43
05/16/2023,LEB,NH,ANE,EN,Federal Contract Tower,0,21,8,0,29,0,7,15,0,22,0,28,23,0,51,12,0,12,63
05/17/2023,LEB,NH,ANE,EN,Federal Contract Tower,0,22,14,0,36,0,6,6,0,12,0,28,20,0,48,50,0,50,98
05/18/2023,LEB,NH,ANE,EN,Federal Contract Tower,0,14,13,0,27,0,10,30,0,40,0,24,43,0,67,44,0,44,111
05/19/2023,LEB,NH,ANE,EN,Federal Contract Tower,0,12,11,0,23,0,12,25,0,37,0,24,36,0,60,4,0,4,64
05/20/2023,LEB,NH,ANE,EN,Federal Contract Tower,0,20,5,2,27,0,0,8,0,8,0,20,13,2,35,0,0,0,35
05/21/2023,LEB,NH,ANE,EN,Federal Contract Tower,0,20,13,0,33,0,5,21,0,26,0,25,34,0,59,6,0,6,65
05/22/2023,LEB,NH,ANE,EN,Federal Contract Tower,0,12,10,0,22,0,4,45,2,51,0,16,55,2,73,52,2,54,127
05/23/2023,LEB,NH,ANE,EN,Federal Contract Tower,0,17,19,0,36,0,4,43,4,51,0,21,62,4,87,98,8,106,193
05/24/2023,LEB,NH,ANE,EN,Federal Contract Tower,0,20,11,0,31,0,1,7,0,8,0,21,18,0,39,0,0,0,39
05/25/2023,LEB,NH,ANE,EN,Federal Contract Tower,0,25,16,0,41,0,10,14,0,24,0,35,30,0,65,28,0,28,93
05/26/2023,LEB,NH,ANE,EN,Federal Contract Tower,0,13,8,0,21,0,13,29,0,42,0,26,37,0,63,16,0,16,79
05/27/2023,LEB,NH,ANE,EN,Federal Contract Tower,0,15,11,0,26,0,7,45,0,52,0,22,56,0,78,16,0,16,94
05/28/2023,LEB,NH,ANE,EN,Federal Contract Tower,0,12,8,0,20,0,8,32,0,40,0,20,40,0,60,52,0,52,112
05/29/2023,LEB,NH,ANE,EN,Federal Contract Tower,0,13,10,0,23,0,9,40,0,49,0,22,50,0,72,24,0,24,96
05/30/2023,LEB,NH,ANE,EN,Federal Contract Tower,0,15,5,1,21,0,8,45,3,56,0,23,50,4,77,68,4,72,149
05/31/2023,LEB,NH,ANE,EN,Federal Contract Tower,0,14,12,0,26,0,7,27,2,36,0,21,39,2,62,78,2,80,142
06/01/2023,LEB,NH,ANE,EN,Federal Contract Tower,0,18,10,1,29,0,14,24,0,38,0,32,34,1,67,24,0,24,91
06/02/2023,LEB,NH,ANE,EN,Federal Contract Tower,0,14,17,0,31,0,9,31,1,41,0,23,48,1,72,36,0,36,108
06/03/2023,LEB,NH,ANE,EN,Federal Contract Tower,0,20,8,0,28,0,0,2,0,2,0,20,10,0,30,0,0,0,30
06/04/2023,LEB,NH,ANE,EN,Federal Contract Tower,0,13,7,0,20,0,2,13,0,15,0,15,20,0,35,24,0,24,59
06/05/2023,LEB,NH,ANE,EN,Federal Contract Tower,0,18,10,0,28,0,1,32,4,37,0,19,42,4,65,58,0,58,123
06/06/2023,LEB,NH,ANE,EN,Federal Contract Tower,0,23,14,0,37,0,5,50,0,55,0,28,64,0,92,56,0,56,148
06/07/2023,LEB,NH,ANE,EN,Federal Contract Tower,0,19,4,0,23,0,4,22,4,30,0,23,26,4,53,60,8,68,121
06/08/2023,LEB,NH,ANE,EN,Federal Contract Tower,0,27,13,0,40,0,3,11,0,14,0,30,24,0,54,6,0,6,60
06/09/2023,LEB,NH,ANE,EN,Federal Contract Tower,0,24,14,0,38,0,7,31,0,38,0,31,45,0,76,22,0,22,98
06/10/2023,LEB,NH,ANE,EN,Federal Contract Tower,0,19,12,0,31,0,5,22,0,27,0,24,34,0,58,52,0,52,110
06/11/2023,LEB,NH,ANE,EN,Federal Contract Tower,0,35,19,0,54,0,9,63,4,76,0,44,82,4,130,62,4,66,196
06/12/2023,LEB,NH,ANE,EN,Federal Contract Tower,0,17,14,0,31,0,8,47,6,61,0,25,61,6,92,86,0,86,178
06/13/2023,LEB,NH,ANE,EN,Federal Contract Tower,0,20,10,0,30,0,1,1,0,2,0,21,11,0,32,0,0,0,32
06/14/2023,LEB,NH,ANE,EN,Federal Contract Tower,0,17,11,0,28,0,3,18,0,21,0,20,29,0,49,58,0,58,107
06/15/2023,LEB,NH,ANE,EN,Federal Contract Tower,0,31,15,0,46,0,6,6,0,12,0,37,21,0,58,36,0,36,94
06/16/2023,LEB,NH,ANE,EN,Federal Contract Tower,0,18,16,0,34,0,6,32,0,38,0,24,48,0,72,16,0,16,88
06/17/2023,LEB,NH,ANE,EN,Federal Contract Tower,0,24,8,0,32,0,0,0,0,0,0,24,8,0,32,0,0,0,32
06/18/2023,LEB,NH,ANE,EN,Federal Contract Tower,0,38,23,0,61,0,3,2,0,5,0,41,25,0,66,0,0,0,66
06/19/2023,LEB,NH,ANE,EN,Federal Contract Tower,0,19,17,0,36,0,2,14,2,18,0,21,31,2,54,32,6,38,92
06/20/2023,LEB,NH,ANE,EN,Federal Contract Tower,0,15,13,0,28,0,0,0,0,0,0,15,13,0,28,22,0,22,50
06/21/2023,LEB,NH,ANE,EN,Federal Contract Tower,0,23,9,0,32,0,11,38,2,51,0,34,47,2,83,54,0,54,137
06/22/2023,LEB,NH,ANE,EN,Federal Contract Tower,0,17,9,1,27,0,6,42,2,50,0,23,51,3,77,110,0,110,187
06/23/2023,LEB,NH,ANE,EN,Federal Contract Tower,0,28,17,0,45,0,36,3,0,39,0,64,20,0,84,46,0,46,130
06/24/2023,LEB,NH,ANE,EN,Federal Contract Tower,0,22,7,0,29,0,0,3,0,3,0,22,10,0,32,8,0,8,40
06/25/2023,LEB,NH,ANE,EN,Federal Contract Tower,0,21,8,0,29,0,5,44,0,49,0,26,52,0,78,32,0,32,110
06/26/2023,LEB,NH,ANE,EN,Federal Contract Tower,0,23,0,0,23,0,1,3,0,4,0,24,3,0,27,2,0,2,29
06/27/2023,LEB,NH,ANE,EN,Federal Contract Tower,0,25,8,0,33,0,0,1,0,1,0,25,9,0,34,0,0,0,34
06/28/2023,LEB,NH,ANE,EN,Federal Contract Tower,0,13,7,0,20,0,0,0,0,0,0,13,7,0,20,0,0,0,20
06/29/2023,LEB,NH,ANE,EN,Federal Contract Tower,0,23,11,0,34,0,1,13,0,14,0,24,24,0,48,14,0,14,62
06/30/2023,LEB,NH,ANE,EN,Federal Contract Tower,0,43,17,0,60,0,12,33,2,47,0,55,50,2,107,48,0,48,155
07/01/2023,LEB,NH,ANE,EN,Federal Contract Tower,0,23,18,2,43,0,6,20,0,26,0,29,38,2,69,26,0,26,95
07/02/2023,LEB,NH,ANE,EN,Federal Contract Tower,0,28,8,0,36,0,0,0,0,0,0,28,8,0,36,0,0,0,36
07/03/2023,LEB,NH,ANE,EN,Federal Contract Tower,0,14,6,0,20,0,4,3,0,7,0,18,9,0,27,2,0,2,29
07/04/2023,LEB,NH,ANE,EN,Federal Contract Tower,0,17,9,0,26,0,9,2,0,11,0,26,11,0,37,0,0,0,37
07/05/2023,LEB,NH,ANE,EN,Federal Contract Tower,0,12,11,0,23,0,8,43,0,51,0,20,54,0,74,80,0,80,154
07/06/2023,LEB,NH,ANE,EN,Federal Contract Tower,0,18,14,0,32,0,11,41,0,52,0,29,55,0,84,60,0,60,144
07/07/2023,LEB,NH,ANE,EN,Federal Contract Tower,0,13,11,0,24,0,6,32,0,38,0,19,43,0,62,30,0,30,92
07/08/2023,LEB,NH,ANE,EN,Federal Contract Tower,0,11,15,0,26,0,5,20,0,25,0,16,35,0,51,56,0,56,107
07/09/2023,LEB,NH,ANE,EN,Federal Contract Tower,0,12,8,0,20,0,0,14,0,14,0,12,22,0,34,18,0,18,52
07/10/2023,LEB,NH,ANE,EN,Federal Contract Tower,0,10,5,0,15,0,0,0,0,0,0,10,5,0,15,0,0,0,15
07/11/2023,LEB,NH,ANE,EN,Federal Contract Tower,0,13,7,0,20,0,16,61,8,85,0,29,68,8,105,54,0,54,159
07/12/2023,LEB,NH,ANE,EN,Federal Contract Tower,0,13,15,5,33,0,20,44,6,70,0,33,59,11,103,122,4,126,229
07/13/2023,LEB,NH,ANE,EN,Federal Contract Tower,0,14,10,0,24,0,2,17,0,19,0,16,27,0,43,52,0,52,95
07/14/2023,LEB,NH,ANE,EN,Federal Contract Tower,0,25,8,0,33,0,4,16,0,20,0,29,24,0,53,44,0,44,97
07/15/2023,LEB,NH,ANE,EN,Federal Contract Tower,0,28,16,0,44,0,10,29,0,39,0,38,45,0,83,10,0,10,93
07/16/2023,LEB,NH,ANE,EN,Federal Contract Tower,0,17,12,0,29,0,1,1,0,2,0,18,13,0,31,0,0,0,31
07/17/2023,LEB,NH,ANE,EN,Federal Contract Tower,0,21,15,0,36,0,7,44,0,51,0,28,59,0,87,140,0,140,227
07/18/2023,LEB,NH,ANE,EN,Federal Contract Tower,0,13,14,0,27,0,1,15,0,16,0,14,29,0,43,10,0,10,53
07/19/2023,LEB,NH,ANE,EN,Federal Contract Tower,0,21,20,0,41,0,7,37,6,50,0,28,57,6,91,48,2,50,141
07/20/2023,LEB,NH,ANE,EN,Federal Contract Tower,0,24,16,2,42,0,17,46,6,69,0,41,62,8,111,130,10,140,251
07/21/2023,LEB,NH,ANE,EN,Federal Contract Tower,0,27,6,0,33,0,0,0,0,0,0,27,6,0,33,0,0,0,33
07/22/2023,LEB,NH,ANE,EN,Federal Contract Tower,0,23,7,0,30,0,9,13,0,22,0,32,20,0,52,8,0,8,60
07/23/2023,LEB,NH,ANE,EN,Federal Contract Tower,0,28,12,0,40,0,7,51,0,58,0,35,63,0,98,14,0,14,112
07/24/2023,LEB,NH,ANE,EN,Federal Contract Tower,0,25,9,0,34,0,9,33,0,42,0,34,42,0,76,22,0,22,98
07/25/2023,LEB,NH,ANE,EN,Federal Contract Tower,0,19,8,1,28,0,3,36,0,39,0,22,44,1,67,82,0,82,149
07/26/2023,LEB,NH,ANE,EN,Federal Contract Tower,0,22,9,0,31,0,14,40,0,54,0,36,49,0,85,22,0,22,107
07/27/2023,LEB,NH,ANE,EN,Federal Contract Tower,0,26,16,0,42,0,2,13,0,15,0,28,29,0,57,0,0,0,57
07/28/2023,LEB,NH,ANE,EN,Federal Contract Tower,0,13,11,0,24,0,18,64,0,82,0,31,75,0,106,34,0,34,140
07/29/2023,LEB,NH,ANE,EN,Federal Contract Tower,0,13,12,0,25,0,5,30,0,35,0,18,42,0,60,56,0,56,116
07/30/2023,LEB,NH,ANE,EN,Federal Contract Tower,0,19,28,0,47,0,8,64,2,74,0,27,92,2,121,34,4,38,159
07/31/2023,LEB,NH,ANE,EN,Federal Contract Tower,0,13,7,0,20,0,6,29,0,35,0,19,36,0,55,10,0,10,65
08/01/2023,LEB,NH,ANE,EN,Federal Contract Tower,0,11,11,0,22,0,6,49,4,59,0,17,60,4,81,50,10,60,141
08/02/2023,LEB,NH,ANE,EN,Federal Contract Tower,0,19,14,0,33,0,11,70,2,83,0,30,84,2,116,50,4,54,170
08/03/2023,LEB,NH,ANE,EN,Federal Contract Tower,0,27,22,3,52,0,7,43,14,64,0,34,65,17,116,52,2,54,170
08/04/2023,LEB,NH,ANE,EN,Federal Contract Tower,0,18,16,0,34,0,0,0,0,0,0,18,16,0,34,0,0,0,34
08/05/2023,LEB,NH,ANE,EN,Federal Contract Tower,0,19,21,0,40,0,9,44,0,53,0,28,65,0,93,44,0,44,137
08/06/2023,LEB,NH,ANE,EN,Federal Contract Tower,0,15,10,0,25,0,7,40,0,47,0,22,50,0,72,32,0,32,104
08/07/2023,LEB,NH,ANE,EN,Federal Contract Tower,0,16,10,0,26,0,0,0,0,0,0,16,10,0,26,0,0,0,26
08/08/2023,LEB,NH,ANE,EN,Federal Contract Tower,0,23,4,0,27,0,0,13,0,13,0,23,17,0,40,40,0,40,80
08/09/2023,LEB,NH,ANE,EN,Federal Contract Tower,0,27,3,0,30,0,10,0,0,10,0,37,3,0,40,48,0,48,88
08/10/2023,LEB,NH,ANE,EN,Federal Contract Tower,0,31,10,0,41,0,14,29,0,43,0,45,39,0,84,58,0,58,142
08/11/2023,LEB,NH,ANE,EN,Federal Contract Tower,0,35,15,2,52,0,12,34,0,46,0,47,49,2,98,16,0,16,114
08/12/2023,LEB,NH,ANE,EN,Federal Contract Tower,0,18,7,0,25,0,13,42,0,55,0,31,49,0,80,16,0,16,96
08/13/2023,LEB,NH,ANE,EN,Federal Contract Tower,0,30,20,0,50,0,1,20,1,22,0,31,40,1,72,10,0,10,82
08/14/2023,LEB,NH,ANE,EN,Federal Contract Tower,0,12,13,0,25,0,13,53,2,68,0,25,66,2,93,44,0,44,137
08/16/2023,LEB,NH,ANE,EN,Federal Contract Tower,0,15,23,0,38,0,0,3,0,3,0,15,26,0,41,0,0,0,41
08/17/2023,LEB,NH,ANE,EN,Federal Contract Tower,0,24,14,0,38,0,1,0,0,1,0,25,14,0,39,42,0,42,81
08/18/2023,LEB,NH,ANE,EN,Federal Contract Tower,0,19,8,0,27,0,5,7,0,12,0,24,15,0,39,16,0,16,55
08/19/2023,LEB,NH,ANE,EN,Federal Contract Tower,0,19,11,0,30,0,2,21,0,23,0,21,32,0,53,16,0,16,69
08/20/2023,LEB,NH,ANE,EN,Federal Contract Tower,0,18,22,2,42,0,3,49,0,52,0,21,71,2,94,94,0,94,188
08/21/2023,LEB,NH,ANE,EN,Federal Contract Tower,0,12,8,0,20,0,2,23,0,25,0,14,31,0,45,16,0,16,61
08/22/2023,LEB,NH,ANE,EN,Federal Contract Tower,0,17,4,0,21,0,9,55,2,66,0,26,59,2,87,62,14,76,163
08/23/2023,LEB,NH,ANE,EN,Federal Contract Tower,0,15,10,5,30,0,5,72,0,77,0,20,82,5,107,120,0,120,227
08/24/2023,LEB,NH,ANE,EN,Federal Contract Tower,0,23,19,1,43,0,15,50,0,65,0,38,69,1,108,50,0,50,158
08/25/2023,LEB,NH,ANE,EN,Federal Contract Tower,0,27,15,0,42,0,0,0,0,0,0,27,15,0,42,0,0,0,42
08/26/2023,LEB,NH,ANE,EN,Federal Contract Tower,0,15,5,0,20,0,10,37,0,47,0,25,42,0,67,22,0,22,89
08/27/2023,LEB,NH,ANE,EN,Federal Contract Tower,0,21,13,0,34,0,0,14,0,14,0,21,27,0,48,20,0,20,68
08/28/2023,LEB,NH,ANE,EN,Federal Contract Tower,0,21,8,0,29,0,3,32,0,35,0,24,40,0,64,48,0,48,112
08/29/2023,LEB,NH,ANE,EN,Federal Contract Tower,0,22,9,3,34,0,3,47,2,52,0,25,56,5,86,90,0,90,176
08/30/2023,LEB,NH,ANE,EN,Federal Contract Tower,0,32,7,0,39,0,9,0,0,9,0,41,7,0,48,0,0,0,48
08/31/2023,LEB,NH,ANE,EN,Federal Contract Tower,0,19,6,0,25,0,21,65,2,88,0,40,71,2,113,46,0,46,159
